1.000000e+00 1.197625e-11 1.704638e-10 5.551115e-17 1.197625e-11 1.000000e+00 3.562503e-10 0.000000e+00 1.704638e-10 3.562503e-10 1.000000e+00 2.220446e-16 0.000000e+00 0.000000e+00 0.000000e+00 1.000000e+00
3.531063e-01 -1.479884e-01 9.238048e-01 8.311275e-01 1.748150e-01 9.804569e-01 9.024417e-02 -2.319190e-02 -9.191059e-01 1.296292e-01 3.720761e-01 3.227196e-01
9.994953e-01 -2.036305e-02 -2.438359e-02 1.569304e+00 2.019638e-02 9.997711e-01 -7.062120e-03 -4.167080e-02 2.452182e-02 6.566096e-03 9.996777e-01 5.810334e-01
5.002616e-01 -1.321504e-01 8.557305e-01 2.477398e+00 1.712824e-01 9.838590e-01 5.180525e-02 -4.712303e-02 -8.487642e-01 1.206554e-01 5.148219e-01 5.800351e-01
9.848644e-01 1.930644e-02 -1.722478e-01 3.451328e+00 -1.266099e-02 9.991355e-01 3.959635e-02 -4.916542e-02 1.728634e-01 -3.681621e-02 9.842575e-01 5.196739e-01
5.375075e-01 -1.457863e-01 8.305613e-01 4.531726e+00 1.933700e-01 9.800054e-01 4.687623e-02 -4.974685e-02 -8.207885e-01 1.354093e-01 5.549510e-01 4.328655e-01
9.290424e-01 9.225441e-02 -3.582867e-01 5.568551e+00 -6.983843e-02 9.947320e-01 7.503921e-02 -4.625507e-02 3.633220e-01 -4.469242e-02 9.305911e-01 2.704812e-01
8.088723e-01 -1.975769e-01 5.537951e-01 6.468517e+00 2.324983e-01 9.725687e-01 7.395700e-03 -3.029134e-02 -5.400650e-01 1.227742e-01 8.326201e-01 -8.414475e-02
9.270952e-01 1.151157e-01 -3.567112e-01 7.286430e+00 -8.055972e-02 9.906266e-01 1.103138e-01 -1.548808e-02 3.660665e-01 -7.353485e-02 9.276788e-01 -4.135064e-01
5.569143e-01 -2.026460e-01 8.054694e-01 8.100868e+00 2.843962e-01 9.576825e-01 4.430484e-02 -1.380626e-02 -7.803622e-01 2.043985e-01 5.909789e-01 -5.048329e-01
9.335287e-01 1.853003e-01 -3.069007e-01 8.625250e+00 -1.607342e-01 9.815339e-01 1.037094e-01 -2.709370e-02 3.204508e-01 -4.748628e-02 9.460742e-01 -2.945764e-01
6.901880e-01 -3.122734e-01 6.527831e-01 8.764343e+00 2.706893e-01 9.480170e-01 1.673052e-01 -6.928537e-02 -6.710945e-01 6.122940e-02 7.388391e-01 6.768572e-01
9.681196e-01 1.753256e-01 -1.789002e-01 8.834579e+00 -1.801725e-01 9.835726e-01 -1.108477e-02 -1.089864e-01 1.740179e-01 4.296429e-02 9.838048e-01 1.667068e+00
5.391996e-01 -3.079648e-01 7.838505e-01 9.075434e+00 2.177185e-01 9.500754e-01 2.235069e-01 -1.387584e-01 -8.135493e-01 5.014395e-02 5.793299e-01 2.273249e+00
9.949323e-01 6.962730e-02 7.253835e-02 9.489179e+00 -5.662747e-02 9.841644e-01 -1.679693e-01 -1.706276e-01 -8.308491e-02 1.630104e-01 9.831198e-01 2.830813e+00
7.217366e-01 -2.170059e-01 6.572707e-01 9.906468e+00 7.440576e-02 9.684043e-01 2.380269e-01 -1.896621e-01 -6.881570e-01 -1.228880e-01 7.150793e-01 3.186734e+00
8.451776e-01 -3.628541e-02 -5.332525e-01 1.049899e+01 -4.136420e-02 9.902602e-01 -1.329428e-01 -1.790151e-01 5.328826e-01 1.344179e-01 8.354448e-01 2.969202e+00
3.450974e-01 -1.439996e-01 9.274545e-01 1.101149e+01 1.973962e-02 9.890553e-01 1.462190e-01 -1.932723e-01 -9.383593e-01 -3.215219e-02 3.441629e-01 3.196734e+00
9.821058e-01 -1.486753e-01 -1.156022e-01 1.144605e+01 1.419305e-01 9.877676e-01 -6.458190e-02 -2.214194e-01 1.237899e-01 4.701877e-02 9.911939e-01 3.692106e+00
5.668602e-01 -1.858569e-02 8.236044e-01 1.174984e+01 9.860650e-03 9.998269e-01 1.577561e-02 -2.614303e-01 -8.237550e-01 -8.212943e-04 5.669453e-01 4.481707e+00
9.700048e-01 -7.503371e-02 -2.312155e-01 1.194959e+01 9.960479e-02 9.903383e-01 9.648305e-02 -3.026617e-01 2.217421e-01 -1.166192e-01 9.681066e-01 5.367992e+00
5.757815e-01 -4.276402e-02 8.164844e-01 1.215724e+01 1.310904e-01 9.905402e-01 -4.056408e-02 -3.374358e-01 -8.070260e-01 1.303893e-01 5.759407e-01 6.080311e+00
9.933827e-01 -1.744731e-02 -1.135186e-01 1.229961e+01 3.177024e-02 9.915701e-01 1.256162e-01 -3.666551e-01 1.103699e-01 -1.283915e-01 9.855628e-01 6.681217e+00
4.707262e-01 -9.748847e-02 8.768768e-01 1.267681e+01 2.458478e-01 9.690052e-01 -2.424535e-02 -3.917548e-01 -8.473345e-01 2.269912e-01 4.801034e-01 7.133602e+00
9.951394e-01 8.052970e-02 5.667854e-02 1.322748e+01 -8.516830e-02 9.927479e-01 8.484059e-02 -4.170375e-01 -4.943532e-02 -8.925544e-02 9.947812e-01 7.545379e+00
4.744119e-01 -2.277214e-01 8.503389e-01 1.383883e+01 2.756700e-01 9.558075e-01 1.021672e-01 -4.404053e-01 -8.360260e-01 1.859436e-01 5.162224e-01 7.914380e+00
9.862982e-01 1.026064e-01 1.291809e-01 1.452546e+01 -9.486606e-02 9.933837e-01 -6.472519e-02 -4.653141e-01 -1.349674e-01 5.158346e-02 9.895064e-01 8.292100e+00
5.698895e-01 -2.547750e-01 7.812270e-01 1.498389e+01 1.705859e-01 9.666894e-01 1.908193e-01 -4.949993e-01 -8.038199e-01 2.452044e-02 5.943672e-01 8.779507e+00
9.764618e-01 -3.942068e-02 2.120575e-01 1.533336e+01 7.303462e-02 9.855081e-01 -1.531006e-01 -5.218994e-01 -2.029490e-01 1.649844e-01 9.651901e-01 9.218627e+00
5.378857e-01 -1.027634e-01 8.367310e-01 1.578803e+01 2.684462e-02 9.941270e-01 1.048372e-01 -5.499017e-01 -8.425903e-01 -3.392868e-02 5.374853e-01 9.657878e+00
9.738038e-01 -1.674132e-01 1.538800e-01 1.623554e+01 1.745593e-01 9.840571e-01 -3.406795e-02 -5.756192e-01 -1.457233e-01 6.003669e-02 9.875021e-01 1.006416e+01
5.591175e-01 1.198451e-02 8.290018e-01 1.675925e+01 7.156046e-02 9.954665e-01 -6.265473e-02 -5.949195e-01 -8.259944e-01 9.435511e-02 5.557251e-01 1.033586e+01
9.739539e-01 -1.478253e-01 1.719345e-01 1.717460e+01 1.286892e-01 9.846844e-01 1.176257e-01 -6.154740e-01 -1.866893e-01 -9.243587e-02 9.780607e-01 1.064596e+01
5.656474e-01 -5.189514e-02 8.230127e-01 1.756818e+01 2.404665e-01 9.650245e-01 -1.044202e-01 -6.375262e-01 -7.888086e-01 2.569720e-01 5.583426e-01 1.099182e+01
9.984408e-01 2.096808e-02 5.173260e-02 1.775627e+01 -2.855415e-02 9.881873e-01 1.505674e-01 -6.564632e-01 -4.796439e-02 -1.518099e-01 9.872453e-01 1.132119e+01
8.046808e-01 -1.977921e-01 5.597920e-01 1.761816e+01 3.024103e-01 9.479424e-01 -9.976608e-02 -6.615274e-01 -5.109176e-01 2.495667e-01 8.226054e-01 1.154969e+01
9.894285e-01 1.209751e-01 -7.997612e-02 1.745713e+01 -1.108965e-01 9.865247e-01 1.202954e-01 -6.576199e-01 9.345117e-02 -1.101546e-01 9.895114e-01 1.165830e+01
7.819718e-01 -2.527693e-01 5.697611e-01 1.721459e+01 3.342231e-01 9.416030e-01 -4.097269e-02 -6.503713e-01 -5.261322e-01 2.224668e-01 8.207883e-01 1.175814e+01
9.802571e-01 9.742054e-02 1.720620e-01 1.693102e+01 -9.438853e-02 9.952027e-01 -2.573586e-02 -6.475116e-01 -1.737437e-01 8.987082e-03 9.847499e-01 1.194009e+01
4.357115e-01 -2.785902e-01 8.558873e-01 1.717864e+01 2.881007e-01 9.440340e-01 1.606167e-01 -6.594953e-01 -8.527329e-01 1.765992e-01 4.915885e-01 1.214077e+01
9.761548e-01 3.112056e-02 2.148334e-01 1.779878e+01 3.971170e-04 9.894125e-01 -1.451298e-01 -6.752780e-01 -2.170753e-01 1.417544e-01 9.658074e-01 1.234074e+01
5.289986e-01 -1.936388e-01 8.262351e-01 1.832866e+01 1.158912e-01 9.809816e-01 1.557060e-01 -6.932223e-01 -8.406721e-01 1.338512e-02 5.413790e-01 1.260668e+01
9.911619e-01 -1.322103e-01 -1.088435e-02 1.844500e+01 1.300690e-01 9.846741e-01 -1.161850e-01 -7.060684e-01 2.607839e-02 1.137425e-01 9.931679e-01 1.287850e+01
6.093120e-01 -5.398043e-02 7.910910e-01 1.812873e+01 1.170948e-01 9.928672e-01 -2.243973e-02 -6.934795e-01 -7.842370e-01 1.063054e-01 6.112867e-01 1.291487e+01
9.814839e-01 -1.797907e-01 -6.606506e-02 1.771702e+01 1.815696e-01 9.831333e-01 2.193885e-02 -6.764199e-01 6.100637e-02 -3.352804e-02 9.975741e-01 1.294387e+01
8.177332e-01 3.363469e-02 5.746139e-01 1.757188e+01 2.593062e-02 9.951251e-01 -9.515096e-02 -6.945433e-01 -5.750130e-01 9.270819e-02 8.128747e-01 1.354320e+01
9.644992e-01 -1.199396e-01 -2.352783e-01 1.732134e+01 1.469905e-01 9.839714e-01 1.009660e-01 -7.048293e-01 2.193973e-01 -1.319653e-01 9.666695e-01 1.412451e+01
3.993942e-01 2.803171e-02 9.163506e-01 1.727040e+01 2.833561e-01 9.468176e-01 -1.524653e-01 -7.198541e-01 -8.718908e-01 3.205474e-01 3.702105e-01 1.448367e+01
9.998069e-01 1.908957e-02 4.660205e-03 1.733078e+01 -1.964412e-02 9.768696e-01 2.129315e-01 -7.363942e-01 -4.876425e-04 -2.129819e-01 9.770560e-01 1.480662e+01
5.521014e-01 -2.105185e-01 8.067627e-01 1.706801e+01 4.631256e-01 8.820343e-01 -8.677618e-02 -7.283198e-01 -6.933244e-01 4.215417e-01 5.844689e-01 1.487120e+01
9.792998e-01 1.808621e-01 9.088947e-02 1.681813e+01 -1.882389e-01 9.788244e-01 8.042901e-02 -7.277727e-01 -7.441828e-02 -9.587304e-02 9.926078e-01 1.506188e+01
6.661303e-01 -3.785695e-01 6.426162e-01 1.655142e+01 4.466441e-01 8.925055e-01 6.279352e-02 -7.236110e-01 -5.973102e-01 2.451921e-01 7.636107e-01 1.523106e+01
9.637850e-01 2.351878e-01 -1.257188e-01 1.623802e+01 -2.413922e-01 9.697442e-01 -3.641552e-02 -7.101009e-01 1.133506e-01 6.544427e-02 9.913973e-01 1.527780e+01
4.897441e-01 -3.855026e-01 7.820092e-01 1.602255e+01 3.525024e-01 9.079099e-01 2.268076e-01 -7.130842e-01 -7.974288e-01 1.645825e-01 5.805341e-01 1.552865e+01
9.615488e-01 1.200036e-01 -2.470282e-01 1.576149e+01 -1.603289e-01 9.755765e-01 -1.501502e-01 -7.079974e-01 2.229764e-01 1.839825e-01 9.573045e-01 1.566608e+01
5.659782e-01 -2.900542e-01 7.717106e-01 1.549237e+01 2.169518e-01 9.554729e-01 2.000088e-01 -6.991935e-01 -7.953619e-01 5.422336e-02 6.037046e-01 1.574502e+01
9.907408e-01 -2.923292e-02 -1.325823e-01 1.535094e+01 7.076539e-03 9.863358e-01 -1.645956e-01 -6.997712e-01 1.355823e-01 1.621333e-01 9.774100e-01 1.589435e+01
5.693151e-01 -1.509426e-01 8.081439e-01 1.522139e+01 1.074761e-01 9.882294e-01 1.088645e-01 -7.022361e-01 -8.150639e-01 2.487795e-02 5.788367e-01 1.610473e+01
8.725838e-01 -8.147304e-02 -4.816220e-01 1.482454e+01 4.573624e-02 9.952876e-01 -8.550358e-02 -6.828000e-01 4.863186e-01 5.258147e-02 8.721980e-01 1.612218e+01
3.118355e-01 -4.571214e-02 9.490358e-01 1.485433e+01 1.538816e-01 9.880848e-01 -2.969634e-03 -6.790052e-01 -9.375922e-01 1.469652e-01 3.151542e-01 1.617521e+01
9.643887e-01 -1.696162e-02 -2.639446e-01 1.541361e+01 4.261761e-02 9.948667e-01 9.178208e-02 -6.929963e-01 2.610329e-01 -9.976229e-02 9.601611e-01 1.638909e+01
1.802569e-01 -4.751512e-02 9.824713e-01 1.591788e+01 2.918792e-01 9.564273e-01 -7.296382e-03 -7.055484e-01 -9.393157e-01 2.880782e-01 1.862713e-01 1.656332e+01
8.791232e-01 6.284327e-02 -4.724332e-01 1.621594e+01 1.432314e-02 9.873370e-01 1.579891e-01 -6.951557e-01 4.763793e-01 -1.456586e-01 8.670907e-01 1.640353e+01
4.247932e-01 -9.629014e-02 9.001550e-01 1.614080e+01 3.991343e-01 9.123897e-01 -9.075704e-02 -6.780402e-01 -8.125531e-01 3.978357e-01 4.260096e-01 1.625761e+01
8.188461e-01 2.051392e-01 -5.361053e-01 1.596729e+01 -5.692139e-02 9.583758e-01 2.797782e-01 -6.634749e-01 5.711838e-01 -1.985795e-01 7.964391e-01 1.622775e+01
2.215993e-01 -1.201744e-01 9.677044e-01 1.592976e+01 5.277228e-01 8.492774e-01 -1.537826e-02 -6.565967e-01 -8.200014e-01 5.140875e-01 2.516180e-01 1.623725e+01
9.242765e-01 2.976660e-01 -2.389727e-01 1.594076e+01 -2.526385e-01 9.463222e-01 2.016138e-01 -6.646680e-01 2.861587e-01 -1.259732e-01 9.498652e-01 1.647514e+01
2.808413e-01 -3.567248e-01 8.909970e-01 1.606373e+01 5.117947e-01 8.410128e-01 1.753957e-01 -6.701067e-01 -8.119078e-01 4.067492e-01 4.187610e-01 1.662941e+01
8.870813e-01 2.968877e-01 -3.534749e-01 1.593482e+01 -3.072388e-01 9.512235e-01 2.789667e-02 -6.712762e-01 3.445158e-01 8.385460e-02 9.350279e-01 1.680797e+01
2.007217e-01 -4.085036e-01 8.904132e-01 1.648429e+01 3.095574e-01 8.887892e-01 3.379764e-01 -6.781395e-01 -9.294542e-01 2.077947e-01 3.048546e-01 1.691884e+01
9.150955e-01 1.351195e-01 -3.799249e-01 1.712562e+01 -2.145185e-01 9.609249e-01 -1.749431e-01 -6.823561e-01 3.414411e-01 2.415906e-01 9.083237e-01 1.693698e+01
1.613181e-01 -2.911217e-01 9.429871e-01 1.740189e+01 9.744439e-02 9.555313e-01 2.783245e-01 -6.902259e-01 -9.820800e-01 4.699002e-02 1.825127e-01 1.707312e+01
2.490659e-01 1.470726e-01 -9.572543e-01 1.762326e+01 -1.921707e-01 9.762541e-01 9.999131e-02 -7.006913e-01 9.492295e-01 1.590518e-01 2.714146e-01 1.744926e+01
2.671135e-01 -2.648981e-01 9.265416e-01 1.784714e+01 2.149797e-01 9.536267e-01 2.106651e-01 -7.034175e-01 -9.393796e-01 1.429161e-01 3.116743e-01 1.771974e+01
9.256683e-01 5.843168e-02 -3.737967e-01 1.828108e+01 -9.319927e-02 9.927725e-01 -7.560861e-02 -7.165323e-01 3.666771e-01 1.048261e-01 9.244238e-01 1.794121e+01
7.037194e-01 -1.939783e-01 6.834848e-01 1.849984e+01 1.043209e-01 9.797914e-01 1.706631e-01 -7.365550e-01 -7.027775e-01 -4.879717e-02 7.097342e-01 1.852674e+01
8.344139e-01 -1.187324e-01 5.381971e-01 1.931350e+01 2.104280e-01 9.711733e-01 -1.119931e-01 -7.610372e-01 -5.093855e-01 2.067003e-01 8.353451e-01 1.887077e+01
4.759993e-01 4.306659e-01 -7.667800e-01 1.920592e+01 -1.561454e-02 8.758914e-01 4.822557e-01 -8.137150e-01 8.793070e-01 -2.175804e-01 4.236483e-01 2.063093e+01
9.894950e-01 6.168739e-02 -1.307450e-01 1.871619e+01 -9.370589e-02 9.623569e-01 -2.551244e-01 -8.531199e-01 1.100854e-01 2.646959e-01 9.580278e-01 2.294604e+01
7.402468e-01 9.529637e-02 -6.655474e-01 1.848404e+01 2.103931e-01 9.073545e-01 3.639266e-01 -8.856070e-01 6.385683e-01 -4.094220e-01 6.516165e-01 2.454307e+01
8.281585e-01 1.461872e-01 5.410941e-01 1.829618e+01 8.652334e-02 9.204721e-01 -3.811099e-01 -9.132250e-01 -5.537754e-01 3.624366e-01 7.496482e-01 2.579767e+01
8.305837e-01 -1.069796e-01 5.465218e-01 1.930603e+01 -1.053428e-01 9.334757e-01 3.428206e-01 -9.256357e-01 -5.468396e-01 -3.423133e-01 7.640602e-01 2.591213e+01
8.112569e-01 -3.008131e-01 5.013719e-01 2.018396e+01 4.438490e-01 8.750313e-01 -1.931793e-01 -9.322433e-01 -3.806052e-01 3.792515e-01 8.433908e-01 2.591504e+01
7.677024e-01 2.484743e-01 5.906721e-01 2.061401e+01 -2.705838e-01 9.612538e-01 -5.268403e-02 -9.504736e-01 -5.808764e-01 -1.193807e-01 8.051899e-01 2.619848e+01
7.806682e-01 -4.697337e-01 4.121982e-01 2.092326e+01 4.131462e-01 8.827980e-01 2.235573e-01 -9.712625e-01 -4.689002e-01 -4.225936e-03 8.832411e-01 2.656256e+01
8.851706e-01 2.092801e-01 4.155417e-01 2.131915e+01 -5.024798e-02 9.309022e-01 -3.617959e-01 -9.819251e-01 -4.625453e-01 2.993709e-01 8.345231e-01 2.673327e+01
7.812000e-01 -2.647100e-01 5.653805e-01 2.177733e+01 4.608452e-02 9.276327e-01 3.706397e-01 -9.916590e-01 -6.225775e-01 -2.634884e-01 7.368657e-01 2.687518e+01
9.334897e-01 -1.824220e-01 3.087382e-01 2.198653e+01 2.820547e-01 9.051713e-01 -3.179780e-01 -1.009356e+00 -2.214548e-01 3.839102e-01 8.964211e-01 2.722522e+01
7.136281e-01 1.000469e-01 6.933437e-01 2.217458e+01 -2.073182e-01 9.755751e-01 7.261164e-02 -1.025126e+00 -6.691443e-01 -1.955605e-01 7.169394e-01 2.754057e+01
8.729807e-01 -4.234606e-01 2.420452e-01 2.282570e+01 4.308889e-01 9.020825e-01 2.412267e-02 -1.027866e+00 -2.285597e-01 8.323595e-02 9.699651e-01 2.752459e+01
6.888855e-01 2.684163e-01 6.733420e-01 2.359697e+01 -9.741971e-02 9.547698e-01 -2.809341e-01 -1.036358e+00 -7.182940e-01 1.279347e-01 6.838761e-01 2.759019e+01
9.258254e-01 -2.801633e-01 2.536846e-01 2.415721e+01 1.783096e-01 9.155913e-01 3.604141e-01 -1.058937e+00 -3.332462e-01 -2.884461e-01 8.976335e-01 2.796300e+01
8.802651e-01 -3.074067e-04 4.744821e-01 2.456406e+01 1.915373e-01 9.151319e-01 -3.547494e-01 -1.073370e+00 -4.341047e-01 4.031545e-01 8.056175e-01 2.823389e+01
9.685666e-01 -1.687617e-02 2.481814e-01 2.486085e+01 -6.345613e-02 9.479258e-01 3.121058e-01 -1.073979e+00 -2.405247e-01 -3.180438e-01 9.170583e-01 2.825301e+01
7.798760e-01 -2.680473e-01 5.656360e-01 2.519407e+01 4.453945e-01 8.725751e-01 -2.005902e-01 -1.072436e+00 -4.397923e-01 4.083667e-01 7.998871e-01 2.822835e+01
9.660909e-01 2.527369e-01 5.284254e-02 2.566168e+01 -2.582005e-01 9.463471e-01 1.943185e-01 -1.063333e+00 -8.959125e-04 -2.013734e-01 9.795141e-01 2.803302e+01
5.059504e-01 -4.197318e-01 7.535512e-01 2.564054e+01 5.357895e-01 8.375711e-01 1.067907e-01 -1.072926e+00 -6.759762e-01 3.497140e-01 6.486573e-01 2.829529e+01
9.451375e-01 2.839972e-01 1.614333e-01 2.570681e+01 -2.579675e-01 9.520399e-01 -1.645384e-01 -1.085088e+00 -2.004194e-01 1.138668e-01 9.730706e-01 2.855054e+01
5.889641e-01 -4.361830e-01 6.803424e-01 2.601587e+01 2.665983e-01 8.995798e-01 3.459501e-01 -1.096004e+00 -7.629198e-01 -2.237405e-02 6.461058e-01 2.874325e+01
9.788719e-01 8.012075e-02 1.881235e-01 2.672607e+01 -1.185756e-02 9.407289e-01 -3.389522e-01 -1.112649e+00 -2.041303e-01 3.295601e-01 9.218031e-01 2.895388e+01
6.303940e-01 -1.740304e-01 7.565163e-01 2.743568e+01 -9.966898e-02 9.483349e-01 3.012094e-01 -1.133688e+00 -7.698503e-01 -2.652818e-01 5.804792e-01 2.926633e+01
9.542361e-01 -2.189634e-01 -2.036873e-01 2.790638e+01 1.632213e-01 9.520446e-01 -2.587854e-01 -1.148301e+00 2.505839e-01 2.136963e-01 9.442148e-01 2.954626e+01
3.865974e-01 5.210636e-02 9.207754e-01 2.856310e+01 -1.531232e-01 9.881717e-01 8.370125e-03 -1.162949e+00 -9.094480e-01 -1.442280e-01 3.900033e-01 2.975721e+01
9.339672e-01 -3.560914e-01 -3.006915e-02 2.904300e+01 3.572315e-01 9.325684e-01 5.197899e-02 -1.182705e+00 9.532270e-03 -5.928832e-02 9.981954e-01 3.006430e+01
7.987459e-01 1.966174e-01 5.686357e-01 2.911786e+01 -1.167265e-01 9.777808e-01 -1.741253e-01 -1.212278e+00 -5.902372e-01 7.270701e-02 8.039489e-01 3.079037e+01
1.265747e-01 1.480989e-01 -9.808392e-01 2.884412e+01 1.488502e-01 9.747605e-01 1.663898e-01 -1.256075e+00 9.807255e-01 -1.670589e-01 1.013355e-01 3.261578e+01
2.479741e-01 7.732216e-02 9.656760e-01 2.861223e+01 1.586736e-01 9.801064e-01 -1.192231e-01 -1.304157e+00 -9.556838e-01 1.827915e-01 2.307720e-01 3.445662e+01
7.717757e-01 1.320071e-01 -6.220422e-01 2.880087e+01 7.348225e-02 9.531481e-01 2.934434e-01 -1.331673e+00 6.316349e-01 -2.721815e-01 7.259163e-01 3.508727e+01
9.573996e-01 7.302545e-02 -2.793801e-01 2.870520e+01 -1.109182e-01 9.862750e-01 -1.223060e-01 -1.318640e+00 2.666141e-01 1.480840e-01 9.523592e-01 3.560425e+01
9.496598e-01 -1.673405e-01 2.648459e-01 2.862760e+01 1.238496e-01 9.770584e-01 1.732574e-01 -1.336809e+00 -2.877629e-01 -1.317345e-01 9.485982e-01 3.646998e+01
5.685235e-01 -6.779038e-02 8.198692e-01 2.931974e+01 2.737846e-01 9.553810e-01 -1.108559e-01 -1.359709e+00 -7.757725e-01 2.874918e-01 5.617165e-01 3.678859e+01
9.622179e-01 4.205600e-02 2.690130e-01 2.998476e+01 -7.255943e-02 9.918777e-01 1.044692e-01 -1.373768e+00 -2.624345e-01 -1.200416e-01 9.574540e-01 3.694176e+01
5.098655e-01 -2.448279e-01 8.246796e-01 3.065268e+01 3.215672e-01 9.433936e-01 8.125956e-02 -1.396624e+00 -7.978920e-01 2.237584e-01 5.597325e-01 3.726853e+01
9.866251e-01 1.447541e-01 7.494758e-02 3.154031e+01 -1.421998e-01 9.890931e-01 -3.839267e-02 -1.408417e+00 -7.968764e-02 2.722164e-02 9.964481e-01 3.738413e+01
8.134923e-01 -3.025114e-01 4.967062e-01 3.178216e+01 2.685515e-01 9.529554e-01 1.405566e-01 -1.422097e+00 -5.158589e-01 1.904950e-02 8.564618e-01 3.768093e+01
9.554690e-01 1.749935e-01 -2.376054e-01 3.218661e+01 -1.884581e-01 9.814572e-01 -3.500468e-02 -1.418392e+00 2.270739e-01 7.822456e-02 9.707308e-01 3.767455e+01
9.300018e-01 -3.035864e-01 -2.072004e-01 3.213244e+01 3.058290e-01 9.518340e-01 -2.192237e-02 -1.368895e+00 2.038757e-01 -4.298006e-02 9.780529e-01 3.728963e+01
8.048466e-01 2.378494e-01 -5.437367e-01 3.185997e+01 -2.131479e-01 9.708982e-01 1.092002e-01 -1.302958e+00 5.538862e-01 2.800691e-02 8.321212e-01 3.682727e+01
6.484529e-01 -3.086128e-01 6.958929e-01 3.272878e+01 3.714017e-01 9.262171e-01 6.467369e-02 -1.274538e+00 -6.645071e-01 2.165180e-01 7.152275e-01 3.625193e+01
9.741683e-01 1.756384e-01 1.419408e-01 3.369507e+01 -1.686872e-01 9.838600e-01 -5.969955e-02 -1.276153e+00 -1.501354e-01 3.421380e-02 9.880733e-01 3.618503e+01
9.527901e-01 -2.876924e-01 9.707770e-02 3.489328e+01 2.799815e-01 9.561722e-01 8.570396e-02 -1.253627e+00 -1.174794e-01 -5.447793e-02 9.915799e-01 3.573304e+01
9.649280e-01 2.024512e-01 1.671149e-01 3.591987e+01 -1.859060e-01 9.764482e-01 -1.094890e-01 -1.238486e+00 -1.853453e-01 7.458137e-02 9.798391e-01 3.537877e+01
8.211230e-01 -3.581381e-01 4.444031e-01 3.679971e+01 2.815674e-01 9.314683e-01 2.304053e-01 -1.234116e+00 -4.964643e-01 -6.406162e-02 8.656901e-01 3.524804e+01
9.824320e-01 1.616756e-01 -9.321103e-02 3.774421e+01 -1.762893e-01 9.678752e-01 -1.792753e-01 -1.222183e+00 6.123220e-02 1.925579e-01 9.793733e-01 3.495689e+01
4.977272e-01 -3.078721e-01 8.108529e-01 3.852932e+01 1.240730e-01 9.505386e-01 2.847494e-01 -1.223991e+00 -8.584134e-01 -4.112253e-02 5.113075e-01 3.490305e+01
9.957664e-01 -7.399804e-02 -5.453089e-02 3.932476e+01 6.009641e-02 9.729800e-01 -2.229310e-01 -1.229246e+00 6.955393e-02 2.187101e-01 9.733078e-01 3.491275e+01
7.890697e-01 -1.057002e-01 6.051417e-01 4.024924e+01 -7.270945e-03 9.834096e-01 1.812532e-01 -1.221324e+00 -6.142607e-01 -1.474213e-01 7.752102e-01 3.470089e+01
9.835066e-01 -1.717755e-01 -5.663791e-02 4.118923e+01 1.626113e-01 9.768555e-01 -1.389636e-01 -1.215836e+00 7.919760e-02 1.274617e-01 9.886765e-01 3.452012e+01
7.439589e-01 1.860922e-02 6.679662e-01 4.218665e+01 -5.413787e-02 9.980047e-01 3.249306e-02 -1.209756e+00 -6.660287e-01 -6.033578e-02 7.434819e-01 3.431915e+01
8.877153e-01 -2.428327e-01 -3.911441e-01 4.188887e+01 2.351503e-01 9.695601e-01 -6.824689e-02 -1.188305e+00 3.958103e-01 -3.139385e-02 9.177955e-01 3.438214e+01
8.189808e-01 1.386423e-01 5.568203e-01 4.133513e+01 -3.018749e-02 9.794389e-01 -1.994695e-01 -1.166014e+00 -5.730263e-01 1.465527e-01 8.063269e-01 3.466174e+01
9.238297e-01 -2.238352e-01 3.105423e-01 4.179644e+01 1.458023e-01 9.558305e-01 2.552053e-01 -1.182212e+00 -3.539498e-01 -1.904885e-01 9.156603e-01 3.491853e+01
8.982950e-01 -2.054834e-02 4.389121e-01 4.216214e+01 1.474896e-01 9.550512e-01 -2.571460e-01 -1.194358e+00 -4.138996e-01 2.957279e-01 8.609484e-01 3.512391e+01
8.942276e-01 -2.000268e-02 4.471653e-01 4.277240e+01 -8.909698e-02 9.710563e-01 2.216109e-01 -1.206488e+00 -4.386555e-01 -2.380117e-01 8.665632e-01 3.528125e+01
9.302440e-01 -3.298721e-01 -1.607189e-01 4.120786e+01 2.898927e-01 9.291964e-01 -2.292514e-01 -1.112044e+00 2.249631e-01 1.666685e-01 9.600069e-01 3.546091e+01
9.363140e-01 1.223412e-01 -3.291636e-01 3.933544e+01 -1.491513e-01 9.871488e-01 -5.736829e-02 -1.000206e+00 3.179149e-01 1.028099e-01 9.425286e-01 3.579145e+01
5.883795e-01 -2.546163e-01 7.674504e-01 3.939920e+01 1.861503e-01 9.662871e-01 1.778687e-01 -1.013616e+00 -7.868657e-01 3.820677e-02 6.159404e-01 3.606966e+01
9.514558e-01 4.026869e-02 -3.051399e-01 3.927731e+01 -6.396596e-02 9.956285e-01 -6.806100e-02 -1.030550e+00 3.010652e-01 8.427560e-02 9.498723e-01 3.660805e+01
6.074133e-01 -1.520122e-01 7.797060e-01 3.920457e+01 1.236766e-01 9.876481e-01 9.620514e-02 -1.051050e+00 -7.846994e-01 3.799508e-02 6.187109e-01 3.717814e+01
6.692002e-01 4.629882e-02 -7.416384e-01 3.899622e+01 -2.661203e-02 9.989101e-01 3.834697e-02 -1.040514e+00 7.426054e-01 -5.925300e-03 6.697030e-01 3.742863e+01
9.929383e-01 -1.127463e-01 -3.690239e-02 3.729635e+01 1.058310e-01 9.824046e-01 -1.538860e-01 -9.080234e-01 5.360315e-02 1.488939e-01 9.873993e-01 3.737942e+01
7.641743e-01 -7.961713e-02 -6.400771e-01 3.585286e+01 1.639378e-02 9.944294e-01 -1.041217e-01 -8.183274e-01 6.448014e-01 6.907384e-02 7.612227e-01 3.772855e+01
9.051982e-01 -5.419689e-02 4.215197e-01 3.583873e+01 -5.689138e-02 9.674555e-01 2.465627e-01 -8.510517e-01 -4.211645e-01 -2.471690e-01 8.726557e-01 3.878220e+01
5.658210e-01 9.208493e-02 -8.193699e-01 3.561439e+01 -1.887409e-01 9.818234e-01 -1.999393e-02 -8.898024e-01 8.026353e-01 1.659616e-01 5.729165e-01 4.037805e+01
8.860082e-01 -2.499121e-01 3.905552e-01 3.536796e+01 1.482532e-01 9.507875e-01 2.720736e-01 -9.261337e-01 -4.393295e-01 -1.831584e-01 8.794559e-01 4.185952e+01
8.301148e-01 1.753561e-01 -5.293011e-01 3.520393e+01 -2.494234e-01 9.657722e-01 -7.121846e-02 -9.617129e-01 4.986957e-01 1.911396e-01 8.454397e-01 4.311030e+01
5.514842e-01 -3.546868e-01 7.550248e-01 3.519389e+01 1.688211e-01 9.338302e-01 3.153738e-01 -9.986154e-01 -8.169238e-01 -4.645953e-02 5.748712e-01 4.405263e+01
9.087997e-01 8.801312e-02 -4.078441e-01 3.518917e+01 -1.666218e-01 9.727268e-01 -1.613683e-01 -1.030544e+00 3.825184e-01 2.146071e-01 8.986787e-01 4.482168e+01
4.645886e-01 -2.751874e-01 8.416824e-01 3.520724e+01 8.377234e-02 9.598835e-01 2.675929e-01 -1.056033e+00 -8.815552e-01 -5.381089e-02 4.690040e-01 4.539557e+01
9.539453e-01 -4.115834e-02 -2.971438e-01 3.543212e+01 -1.710575e-02 9.814678e-01 -1.908623e-01 -1.074240e+00 2.994926e-01 1.871550e-01 9.355625e-01 4.571233e+01
5.265345e-01 -1.430135e-01 8.380385e-01 3.552182e+01 1.208377e-02 9.869087e-01 1.608264e-01 -1.092531e+00 -8.500679e-01 -7.455397e-02 5.213696e-01 4.606415e+01
8.664844e-01 -3.151009e-02 -4.982086e-01 3.563739e+01 6.511998e-03 9.986344e-01 -5.183475e-02 -1.124795e+00 4.991616e-01 4.166967e-02 8.655064e-01 4.675323e+01
3.518411e-01 -1.128084e-01 9.292374e-01 3.566311e+01 9.467073e-02 9.919099e-01 8.457123e-02 -1.160636e+00 -9.312601e-01 5.821595e-02 3.596743e-01 4.758207e+01
8.281919e-01 1.011747e-02 -5.603532e-01 3.568729e+01 1.403622e-02 9.991490e-01 3.878544e-02 -1.188257e+00 5.602688e-01 -3.998703e-02 8.273451e-01 4.819095e+01
4.594985e-01 -8.493908e-02 8.841078e-01 3.583573e+01 1.233790e-01 9.918700e-01 3.116821e-02 -1.210097e+00 -8.795674e-01 9.475860e-02 4.662424e-01 4.865356e+01
5.321806e-01 1.783570e-01 -8.276307e-01 3.581553e+01 -5.682134e-02 9.828782e-01 1.752763e-01 -1.224474e+00 8.447219e-01 -4.625155e-02 5.332032e-01 4.911338e+01
4.881269e-01 -8.573114e-02 8.685519e-01 3.565226e+01 2.353656e-01 9.712247e-01 -3.641011e-02 -1.236457e+00 -8.404375e-01 2.222000e-01 4.942590e-01 4.965865e+01
9.152320e-01 1.094674e-01 -3.877722e-01 3.565834e+01 -4.683115e-02 9.847651e-01 1.674651e-01 -1.255194e+00 4.001964e-01 -1.351096e-01 9.064150e-01 5.007898e+01
4.838813e-01 -1.547220e-01 8.613478e-01 3.574215e+01 3.077166e-01 9.514761e-01 -1.955067e-03 -1.275299e+00 -8.192493e-01 2.659970e-01 5.080120e-01 5.049389e+01
9.556909e-01 1.851897e-01 -2.288223e-01 3.595732e+01 -1.598677e-01 9.792177e-01 1.247996e-01 -1.295977e+00 2.471784e-01 -8.268852e-02 9.654354e-01 5.088694e+01
5.769108e-01 -2.823176e-01 7.664664e-01 3.634659e+01 3.070540e-01 9.445003e-01 1.167778e-01 -1.321290e+00 -7.568961e-01 1.679762e-01 6.315792e-01 5.135495e+01
9.433049e-01 2.330240e-01 -2.363805e-01 3.649180e+01 -2.256294e-01 9.724696e-01 5.825958e-02 -1.357944e+00 2.434487e-01 -1.622150e-03 9.699124e-01 5.212328e+01
4.349741e-01 -3.509604e-01 8.292312e-01 3.681571e+01 2.791974e-01 9.280951e-01 2.463498e-01 -1.387647e+00 -8.560644e-01 1.243634e-01 5.016846e-01 5.272665e+01
9.089039e-01 2.004456e-01 -3.656710e-01 3.713425e+01 -2.332632e-01 9.712581e-01 -4.739081e-02 -1.420681e+00 3.456616e-01 1.283713e-01 9.295369e-01 5.335543e+01
2.667776e-01 -3.492517e-01 8.982499e-01 3.718916e+01 1.972774e-01 9.320825e-01 3.038155e-01 -1.454722e+00 -9.433511e-01 9.615321e-02 3.175582e-01 5.409520e+01
9.764347e-01 -6.117436e-03 -2.157261e-01 3.728542e+01 -3.725787e-02 9.798109e-01 -1.964241e-01 -1.481289e+00 2.125724e-01 1.998328e-01 9.564935e-01 5.460165e+01
1.599202e-01 -1.402090e-01 9.771218e-01 3.747867e+01 5.091144e-02 9.897155e-01 1.336837e-01 -1.504881e+00 -9.858162e-01 2.836796e-02 1.654137e-01 5.502071e+01
9.102034e-01 -8.709739e-02 -4.048998e-01 3.815947e+01 7.851955e-02 9.961964e-01 -3.778057e-02 -1.516137e+00 4.066503e-01 2.595448e-03 9.135802e-01 5.514703e+01
1.269216e-01 -7.420486e-03 9.918850e-01 3.896056e+01 1.332099e-01 9.910410e-01 -9.631370e-03 -1.527922e+00 -9.829273e-01 1.333513e-01 1.267730e-01 5.525689e+01
9.108609e-01 2.587147e-02 -4.119018e-01 3.951205e+01 3.156295e-02 9.907437e-01 1.320253e-01 -1.554648e+00 4.115048e-01 -1.332575e-01 9.016131e-01 5.569234e+01
5.327414e-02 -4.833490e-02 9.974094e-01 3.999017e+01 2.909999e-01 9.562273e-01 3.079615e-02 -1.581274e+00 -9.552387e-01 2.886054e-01 6.500764e-02 5.614868e+01
8.772035e-01 1.811636e-01 -4.446276e-01 4.075461e+01 -1.110741e-01 9.775301e-01 1.791574e-01 -1.595286e+00 4.670937e-01 -1.077708e-01 8.776155e-01 5.632990e+01
5.585175e-02 -1.922579e-01 9.797538e-01 4.135626e+01 3.457756e-01 9.242860e-01 1.616621e-01 -1.615039e+00 -9.366535e-01 3.297459e-01 1.181011e-01 5.667439e+01
8.974979e-01 2.193106e-01 -3.826229e-01 4.193689e+01 -2.168454e-01 9.749166e-01 5.015723e-02 -1.637324e+00 3.840254e-01 3.795400e-02 9.225421e-01 5.705135e+01
-4.306678e-02 -2.892153e-01 9.562948e-01 4.253598e+01 2.317185e-01 9.281905e-01 2.911511e-01 -1.662026e+00 -9.718291e-01 2.341302e-01 2.704237e-02 5.744856e+01
8.872436e-01 9.096070e-02 -4.522443e-01 4.306025e+01 -1.465914e-01 9.851446e-01 -8.944904e-02 -1.682851e+00 4.373896e-01 1.456582e-01 8.873973e-01 5.778075e+01
1.622644e-01 -2.423345e-01 9.565272e-01 4.387678e+01 1.414015e-01 9.650799e-01 2.205141e-01 -1.683471e+00 -9.765633e-01 9.947278e-02 1.908646e-01 5.771849e+01
7.059845e-01 4.618919e-02 -7.067195e-01 4.454299e+01 -9.831060e-02 9.946017e-01 -3.320400e-02 -1.680854e+00 7.013707e-01 9.291953e-02 7.067143e-01 5.761109e+01
-3.220339e-02 -1.309114e-01 9.908709e-01 4.474131e+01 1.519446e-01 9.792209e-01 1.343105e-01 -1.697480e+00 -9.878642e-01 1.548828e-01 -1.164294e-02 5.794004e+01
4.697982e-01 8.406116e-02 -8.787624e-01 4.497223e+01 -1.413585e-02 9.960446e-01 8.772299e-02 -1.697003e+00 8.826607e-01 -2.879005e-02 4.691282e-01 5.797643e+01
-1.820524e-01 -1.681344e-02 9.831451e-01 4.540080e+01 2.547478e-01 9.649089e-01 6.367411e-02 -1.702054e+00 -9.497160e-01 2.620461e-01 -1.713808e-01 5.805248e+01
6.028000e-01 1.760405e-01 -7.782300e-01 4.588413e+01 -1.578321e-02 9.777971e-01 2.089585e-01 -1.708434e+00 7.977362e-01 -1.136772e-01 5.921946e-01 5.812663e+01
1.076960e-01 -7.479543e-02 9.913663e-01 4.663078e+01 3.784385e-01 9.251817e-01 2.869075e-02 -1.700704e+00 -9.193399e-01 3.720813e-01 1.279438e-01 5.792637e+01
5.291560e-01 2.957733e-01 -7.953063e-01 4.726769e+01 -1.901277e-02 9.411790e-01 3.373730e-01 -1.687586e+00 8.483115e-01 -1.634020e-01 5.036540e-01 5.772212e+01
7.371835e-02 -6.168899e-02 9.953693e-01 4.768755e+01 4.903162e-01 8.713651e-01 1.769025e-02 -1.684272e+00 -8.684214e-01 4.867416e-01 9.448270e-02 5.782633e+01
6.477121e-01 4.209309e-01 -6.350482e-01 4.844201e+01 -1.948473e-01 8.973214e-01 3.960415e-01 -1.683543e+00 7.365485e-01 -1.327834e-01 6.632231e-01 5.776238e+01
-2.923240e-01 -2.019505e-01 9.347527e-01 4.889828e+01 4.966850e-01 8.032155e-01 3.288599e-01 -1.703271e+00 -8.172213e-01 5.604113e-01 -1.344934e-01 5.808049e+01
7.536610e-01 3.759471e-01 -5.391278e-01 4.913885e+01 -3.956836e-01 9.144860e-01 8.455700e-02 -1.730426e+00 5.248138e-01 1.495967e-01 8.379685e-01 5.856897e+01
-1.113108e-01 -4.298200e-01 8.960272e-01 4.967194e+01 2.566695e-01 8.586053e-01 4.437542e-01 -1.741418e+00 -9.600681e-01 2.793775e-01 1.474962e-02 5.870717e+01
4.746996e-01 2.143594e-01 -8.536453e-01 5.045087e+01 -3.679481e-01 9.294011e-01 2.877197e-02 -1.736142e+00 7.995464e-01 3.004391e-01 5.200595e-01 5.854367e+01
-2.787852e-01 -3.709703e-01 8.858103e-01 5.122648e+01 8.169886e-02 9.098742e-01 4.067606e-01 -1.737807e+00 -9.568720e-01 1.857685e-01 -2.233517e-01 5.848904e+01
6.118123e-01 1.549441e-02 -7.908512e-01 5.192404e+01 -1.935418e-01 9.723504e-01 -1.306760e-01 -1.745175e+00 7.669598e-01 2.330119e-01 5.978948e-01 5.856002e+01
-2.825190e-01 -1.936432e-01 9.395133e-01 5.227258e+01 8.980242e-03 9.788361e-01 2.044485e-01 -1.762138e+00 -9.592197e-01 6.619764e-02 -2.748008e-01 5.888220e+01
6.792228e-01 -1.252834e-01 -7.231600e-01 5.234596e+01 9.017063e-02 9.921029e-01 -8.718419e-02 -1.781756e+00 7.283719e-01 -5.990302e-03 6.851558e-01 5.930903e+01
-1.894511e-01 9.192082e-02 9.775781e-01 5.249744e+01 1.494914e-01 9.867020e-01 -6.380786e-02 -1.799387e+00 -9.704435e-01 1.340510e-01 -2.006731e-01 5.966247e+01
7.359513e-01 2.401911e-02 -6.766083e-01 5.262581e+01 1.500781e-01 9.687203e-01 1.976298e-01 -1.819551e+00 6.601911e-01 -2.469900e-01 7.093262e-01 6.007190e+01
-7.583699e-02 1.261875e-01 9.891034e-01 5.296472e+01 4.081249e-01 9.089908e-01 -8.467495e-02 -1.832133e+00 -9.097707e-01 3.972562e-01 -1.204354e-01 6.028126e+01
4.189741e-01 3.609961e-01 -8.331522e-01 5.370726e+01 8.958929e-02 8.966578e-01 4.335649e-01 -1.824620e+00 9.035676e-01 -2.562940e-01 3.433351e-01 6.009563e+01
7.687908e-01 -1.727091e-02 6.392671e-01 5.443082e+01 2.932111e-01 8.978898e-01 -3.283613e-01 -1.797313e+00 -5.683204e-01 4.398814e-01 6.953534e-01 5.966012e+01
9.844147e-01 1.628001e-01 -6.651208e-02 5.520236e+01 -1.236714e-01 9.097368e-01 3.963387e-01 -1.794382e+00 1.250325e-01 -3.819360e-01 9.156920e-01 5.952590e+01
5.014159e-01 -2.511424e-01 8.279550e-01 5.564531e+01 5.663203e-01 8.187356e-01 -9.462204e-02 -1.802406e+00 -6.541127e-01 5.163327e-01 5.527541e-01 5.962924e+01
9.272484e-01 3.585771e-01 1.078555e-01 5.576204e+01 -3.679566e-01 9.259558e-01 8.493443e-02 -1.818670e+00 -6.941387e-02 -1.184415e-01 9.905318e-01 5.994831e+01
3.896264e-01 -5.055689e-01 7.697996e-01 5.635477e+01 4.514471e-01 8.333899e-01 3.188366e-01 -1.832138e+00 -8.027371e-01 2.232966e-01 5.529483e-01 6.012835e+01
9.011525e-01 3.300001e-01 -2.811123e-01 5.655447e+01 -3.778166e-01 9.158297e-01 -1.360539e-01 -1.860122e+00 2.125532e-01 2.288142e-01 9.499817e-01 6.069452e+01
2.986356e-01 -4.756914e-01 8.273660e-01 5.696945e+01 1.402118e-01 8.793878e-01 4.549920e-01 -1.883198e+00 -9.440113e-01 -1.987037e-02 3.293141e-01 6.112121e+01
8.352231e-01 3.886323e-02 -5.485363e-01 5.799941e+01 -2.245240e-01 9.346693e-01 -2.756487e-01 -1.875899e+00 5.019875e-01 3.533877e-01 7.893831e-01 6.090597e+01
2.107132e-01 -3.009555e-01 9.300676e-01 5.837702e+01 -9.122364e-02 9.412236e-01 3.252327e-01 -1.895027e+00 -9.732822e-01 -1.533750e-01 1.708740e-01 6.122599e+01
9.209246e-01 -2.604220e-01 -2.899625e-01 5.854231e+01 1.828324e-01 9.457154e-01 -2.686907e-01 -1.927970e+00 3.441949e-01 1.944294e-01 9.185462e-01 6.190027e+01
1.206191e-01 9.396973e-02 9.882412e-01 5.922109e+01 -1.036648e-01 9.912590e-01 -8.160395e-02 -1.945836e+00 -9.872713e-01 -9.260283e-02 1.293061e-01 6.216596e+01
7.839282e-01 -1.756117e-01 -5.954973e-01 6.014458e+01 2.626120e-01 9.629240e-01 6.174378e-02 -1.951017e+00 5.625758e-01 -2.047874e-01 8.009810e-01 6.219268e+01
3.315902e-01 1.721296e-01 9.275879e-01 6.102789e+01 1.122385e-01 9.690343e-01 -2.199432e-01 -1.949607e+00 -9.367232e-01 1.770421e-01 3.020027e-01 6.211404e+01
9.161366e-01 2.675951e-02 -3.999720e-01 6.180087e+01 1.047794e-01 9.470972e-01 3.033616e-01 -1.962403e+00 3.869302e-01 -3.198295e-01 8.648665e-01 6.228898e+01
2.035672e-01 6.304458e-03 9.790407e-01 6.270670e+01 4.123097e-01 9.064305e-01 -9.156646e-02 -1.977113e+00 -8.880096e-01 4.223079e-01 1.819202e-01 6.249249e+01
7.505207e-01 3.271255e-01 -5.742017e-01 6.372032e+01 -9.250859e-02 9.123386e-01 3.988488e-01 -1.973004e+00 6.543400e-01 -2.462257e-01 7.149909e-01 6.234067e+01
2.299744e-01 -1.914431e-01 9.541810e-01 6.467283e+01 5.443786e-01 8.380261e-01 3.693346e-02 -1.972440e+00 -8.066992e-01 5.109420e-01 2.969421e-01 6.226722e+01
8.735015e-01 4.376209e-01 -2.132674e-01 6.549563e+01 -4.034415e-01 8.959076e-01 1.859691e-01 -1.991534e+00 2.724519e-01 -7.640337e-02 9.591311e-01 6.256364e+01
-1.315215e-02 -4.777611e-01 8.783914e-01 6.614818e+01 3.913274e-01 8.059389e-01 4.442132e-01 -2.014917e+00 -9.201575e-01 3.495810e-01 1.763612e-01 6.292822e+01
8.071224e-01 3.074734e-01 -5.039976e-01 6.656207e+01 -4.241181e-01 8.958349e-01 -1.326787e-01 -2.043771e+00 4.107034e-01 3.208424e-01 8.534535e-01 6.346357e+01
4.656404e-01 -5.261896e-01 7.115501e-01 6.706793e+01 2.282713e-01 8.482409e-01 4.778908e-01 -2.052776e+00 -8.550270e-01 -6.009881e-02 5.150892e-01 6.364164e+01
8.558402e-01 1.697334e-01 -4.885981e-01 6.750536e+01 -3.338839e-01 9.027476e-01 -2.712348e-01 -2.066369e+00 3.950432e-01 3.952686e-01 8.292789e-01 6.389258e+01
3.993585e-01 -4.494471e-01 7.990682e-01 6.819766e+01 3.787494e-02 8.789330e-01 4.754391e-01 -2.069173e+00 -9.160122e-01 -1.596060e-01 3.680322e-01 6.392374e+01
8.032838e-01 -5.835878e-02 -5.927305e-01 6.941659e+01 -1.624499e-01 9.359870e-01 -3.123113e-01 -2.058078e+00 5.730142e-01 3.471637e-01 7.423828e-01 6.363634e+01
1.133050e-01 -2.331683e-01 9.658129e-01 7.063660e+01 -1.571791e-01 9.556254e-01 2.491484e-01 -2.054968e+00 -9.810488e-01 -1.800353e-01 7.162792e-02 6.347792e+01
7.571086e-01 -2.588761e-01 -5.998081e-01 7.171726e+01 1.222656e-01 9.580622e-01 -2.591679e-01 -2.051794e+00 6.417458e-01 1.228824e-01 7.570088e-01 6.333088e+01
2.926397e-01 7.118536e-02 9.535694e-01 7.272822e+01 -1.563592e-01 9.873652e-01 -2.572339e-02 -2.040579e+00 -9.433524e-01 -1.415717e-01 3.000727e-01 6.304360e+01
8.646218e-01 -2.599681e-01 -4.299368e-01 7.365318e+01 2.906363e-01 9.568152e-01 5.928805e-03 -2.041527e+00 4.098288e-01 -1.300814e-01 9.028395e-01 6.295549e+01
2.119868e-01 1.905352e-01 9.585186e-01 7.461014e+01 1.276226e-01 9.670133e-01 -2.204489e-01 -2.048247e+00 -9.689035e-01 1.690609e-01 1.806774e-01 6.298642e+01
8.563508e-01 4.493833e-02 -5.144355e-01 7.538385e+01 1.324903e-01 9.437394e-01 3.029890e-01 -2.061016e+00 4.991088e-01 -3.276226e-01 8.022181e-01 6.315668e+01
1.517465e-02 5.466010e-02 9.983897e-01 7.642709e+01 4.591610e-01 8.866165e-01 -5.551956e-02 -2.069520e+00 -8.882235e-01 4.592641e-01 -1.164369e-02 6.320729e+01
7.487114e-01 3.877223e-01 -5.376827e-01 7.776496e+01 -1.682887e-01 8.957114e-01 4.115580e-01 -2.067592e+00 6.411787e-01 -2.176522e-01 7.358787e-01 6.305254e+01
1.155259e-01 -2.358036e-01 9.649096e-01 7.910593e+01 5.627338e-01 8.160238e-01 1.320446e-01 -2.058598e+00 -8.185258e-01 5.277327e-01 2.269665e-01 6.279215e+01
2.022566e-01 5.666852e-01 -7.987241e-01 8.010140e+01 -1.324107e-01 8.239148e-01 5.510280e-01 -2.033315e+00 9.703400e-01 -5.689485e-03 2.416774e-01 6.229022e+01
4.413023e-01 -2.432784e-01 8.637522e-01 8.068376e+01 6.044930e-01 7.919785e-01 -8.578026e-02 -2.028958e+00 -6.632047e-01 5.599872e-01 4.965621e-01 6.233339e+01
8.013398e-01 5.504652e-01 -2.341850e-01 8.124739e+01 -4.502645e-01 8.127586e-01 3.697099e-01 -2.044310e+00 3.938483e-01 -1.908181e-01 8.991507e-01 6.261913e+01
3.882618e-01 -5.609628e-01 7.311453e-01 8.223673e+01 6.968239e-01 6.979051e-01 1.654236e-01 -2.035035e+00 -6.030666e-01 4.452518e-01 6.618622e-01 6.237595e+01
7.511472e-01 6.176540e-01 -2.329838e-01 8.339803e+01 -6.193337e-01 7.815259e-01 7.512054e-02 -2.028065e+00 2.284814e-01 8.786816e-02 9.695749e-01 6.213277e+01
1.991451e-01 -7.035911e-01 6.821296e-01 8.442646e+01 4.366630e-01 6.868605e-01 5.809888e-01 -2.031857e+00 -8.773065e-01 1.821596e-01 4.440171e-01 6.209148e+01
6.306046e-01 3.845231e-01 -6.741512e-01 8.560748e+01 -6.008895e-01 7.916531e-01 -1.105313e-01 -2.018166e+00 4.911920e-01 4.747920e-01 7.302760e-01 6.176328e+01
2.554792e-01 -6.821574e-01 6.851217e-01 8.688851e+01 2.240647e-01 7.311208e-01 6.444046e-01 -2.005307e+00 -9.404921e-01 -1.112035e-02 3.396335e-01 6.144129e+01
7.218849e-01 1.619390e-01 -6.727986e-01 8.811886e+01 -4.724126e-01 8.257646e-01 -3.081220e-01 -1.994765e+00 5.056763e-01 5.402672e-01 6.726090e-01 6.115505e+01
6.618801e-03 -5.525651e-01 8.334434e-01 8.913740e+01 -1.896794e-01 8.176367e-01 5.435917e-01 -2.007089e+00 -9.818238e-01 -1.616850e-01 -9.939843e-02 6.127972e+01
7.033153e-01 -2.464575e-01 -6.667881e-01 9.022897e+01 -1.161402e-01 8.855386e-01 -4.498143e-01 -2.011576e+00 7.013266e-01 3.938021e-01 5.941892e-01 6.126018e+01
2.461400e-01 -1.916481e-01 9.500980e-01 9.129880e+01 -3.054133e-01 9.149818e-01 2.636875e-01 -2.003427e+00 -9.198575e-01 -3.550766e-01 1.666817e-01 6.102128e+01
7.587381e-01 -3.801530e-01 -5.289614e-01 9.229392e+01 2.221518e-01 9.143717e-01 -3.384862e-01 -2.003830e+00 6.123439e-01 1.393126e-01 7.782203e-01 6.093550e+01
3.534277e-01 1.455503e-01 9.240693e-01 9.315506e+01 -2.922606e-01 9.555542e-01 -3.872894e-02 -2.001063e+00 -8.886353e-01 -2.563812e-01 3.802579e-01 6.082325e+01
5.817431e-01 -3.134784e-01 -7.505374e-01 9.403339e+01 2.997039e-01 9.404359e-01 -1.604926e-01 -1.990853e+00 7.561432e-01 -1.315736e-01 6.410428e-01 6.057979e+01
2.701170e-01 2.244657e-01 9.362969e-01 9.500845e+01 -1.188604e-01 9.727808e-01 -1.989216e-01 -1.981193e+00 -9.554627e-01 -5.755653e-02 2.894447e-01 6.032856e+01
6.596795e-01 -1.742114e-01 -7.310769e-01 9.603462e+01 3.432122e-01 9.352355e-01 8.683262e-02 -1.973353e+00 6.686018e-01 -3.081962e-01 6.767472e-01 6.010275e+01
2.504374e-01 2.807529e-01 9.265306e-01 9.703191e+01 1.185000e-01 9.409429e-01 -3.171501e-01 -1.966572e+00 -9.608532e-01 1.892201e-01 2.023781e-01 5.991367e+01
