1.000000e+00 1.197625e-11 1.704638e-10 5.551115e-17 1.197625e-11 1.000000e+00 3.562503e-10 0.000000e+00 1.704638e-10 3.562503e-10 1.000000e+00 2.220446e-16 0.000000e+00 0.000000e+00 0.000000e+00 1.000000e+00
6.825309e-01 -1.866156e-01 7.066302e-01 9.875990e-01 2.250723e-01 9.735327e-01 3.970614e-02 1.247443e-02 -6.953374e-01 1.319422e-01 7.064681e-01 -3.115812e-01
9.567281e-01 5.610315e-02 -2.855238e-01 2.131317e+00 -4.588509e-02 9.980483e-01 4.235761e-02 3.617661e-02 2.873430e-01 -2.742343e-02 9.574351e-01 -8.206840e-01
5.144277e-01 -1.774373e-01 8.389756e-01 3.290423e+00 2.681474e-01 9.625816e-01 3.916139e-02 5.593937e-02 -8.145312e-01 2.048234e-01 5.427580e-01 -1.292118e+00
9.753647e-01 2.151618e-02 2.195467e-01 4.005465e+00 -1.798209e-02 9.996748e-01 -1.808312e-02 4.298586e-02 -2.198644e-01 1.368973e-02 9.754344e-01 -1.131778e+00
6.271352e-01 -2.114880e-01 7.496495e-01 5.047534e+00 2.103182e-01 9.726625e-01 9.845739e-02 4.006313e-02 -7.499785e-01 9.591884e-02 6.544706e-01 -1.171764e+00
9.767224e-01 -1.519850e-03 2.145020e-01 5.758177e+00 1.892583e-02 9.966858e-01 -7.911567e-02 2.668705e-02 -2.136708e-01 8.133367e-02 9.735141e-01 -1.001605e+00
4.677543e-01 -1.714288e-01 8.670744e-01 6.085243e+00 1.467173e-01 9.824600e-01 1.150931e-01 -4.964411e-03 -8.715962e-01 7.337955e-02 4.847014e-01 -4.230459e-01
9.577724e-01 -1.297654e-01 2.565792e-01 6.310521e+00 1.503405e-01 9.866766e-01 -6.218556e-02 -3.424225e-02 -2.450912e-01 9.813387e-02 9.645206e-01 1.326949e-01
4.815863e-01 -4.164493e-02 8.754087e-01 6.855597e+00 1.371577e-01 9.901434e-01 -2.835110e-02 -5.037501e-02 -8.655995e-01 1.337225e-01 4.825514e-01 3.621618e-01
9.877956e-01 -1.091969e-01 -1.110669e-01 7.656641e+00 1.200427e-01 9.881007e-01 9.615955e-02 -4.412439e-02 9.924501e-02 -1.083188e-01 9.891499e-01 1.896522e-01
8.193425e-01 -3.633031e-02 5.721521e-01 8.893127e+00 1.363894e-01 9.816896e-01 -1.329795e-01 -1.978939e-02 -5.568445e-01 1.869913e-01 8.092950e-01 -3.553728e-01
7.945118e-01 -9.212260e-02 6.002203e-01 9.745815e+00 3.990301e-02 9.942098e-01 9.977299e-02 -2.948561e-02 -6.059363e-01 -5.532022e-02 7.935874e-01 -2.808765e-01
5.567181e-01 -2.240004e-01 7.999305e-01 1.031385e+01 3.374289e-01 9.409151e-01 2.864323e-02 -5.403768e-02 -7.590828e-01 2.539735e-01 5.994087e-01 9.367955e-02
8.665211e-01 6.433440e-02 4.949770e-01 1.134314e+01 -2.225189e-02 9.956520e-01 -9.045458e-02 -6.501189e-02 -4.986442e-01 6.736663e-02 8.641850e-01 1.562927e-01
4.992105e-01 -2.654561e-01 8.248163e-01 1.187857e+01 2.212750e-01 9.594088e-01 1.748488e-01 -8.482963e-02 -8.377507e-01 9.522486e-02 5.376858e-01 4.401144e-01
8.572332e-01 -1.030322e-01 5.045152e-01 1.220373e+01 2.017946e-01 9.686260e-01 -1.450608e-01 -1.099255e-01 -4.737406e-01 2.261594e-01 8.511297e-01 8.596992e-01
5.809678e-01 -4.071618e-02 8.129075e-01 1.286850e+01 3.776297e-02 9.990209e-01 2.304966e-02 -1.267272e-01 -8.130501e-01 1.730669e-02 5.819365e-01 1.074331e+00
8.394296e-01 -2.416989e-01 4.867644e-01 1.349416e+01 2.427283e-01 9.681036e-01 6.211685e-02 -1.482268e-01 -4.862519e-01 6.600875e-02 8.713219e-01 1.377746e+00
6.422111e-01 3.165782e-03 7.665213e-01 1.396258e+01 1.478378e-01 9.807050e-01 -1.279127e-01 -1.742439e-01 -7.521362e-01 1.954677e-01 6.293517e-01 1.788488e+00
8.216481e-01 -1.106279e-01 5.591563e-01 1.466381e+01 4.632344e-02 9.906997e-01 1.279383e-01 -1.993572e-01 -5.681096e-01 -7.921818e-02 8.191312e-01 2.156474e+00
6.015667e-01 -1.853221e-01 7.770285e-01 1.527469e+01 3.064781e-01 9.518224e-01 -1.026127e-02 -2.295566e-01 -7.376915e-01 2.443150e-01 6.293818e-01 2.615069e+00
8.223370e-01 2.596661e-02 5.684080e-01 1.568046e+01 6.642687e-03 9.984520e-01 -5.522256e-02 -2.600592e-01 -5.689620e-01 4.918731e-02 8.208915e-01 3.101487e+00
5.915741e-01 -2.436650e-01 7.685489e-01 1.609557e+01 2.175744e-01 9.661198e-01 1.388307e-01 -2.893349e-01 -7.763385e-01 8.508795e-02 6.245467e-01 3.569109e+00
8.044753e-01 -6.458541e-02 5.904644e-01 1.669108e+01 1.743459e-01 9.759604e-01 -1.307855e-01 -3.144710e-01 -5.678231e-01 2.081588e-01 7.963962e-01 3.923999e+00
6.370258e-01 -7.918057e-02 7.667650e-01 1.720567e+01 5.206266e-02 9.968585e-01 5.968787e-02 -3.397364e-01 -7.690823e-01 1.897112e-03 6.391469e-01 4.290185e+00
8.493589e-01 -2.312638e-01 4.744538e-01 1.757647e+01 2.560179e-01 9.665870e-01 1.282641e-02 -3.599449e-01 -4.615672e-01 1.105744e-01 8.801869e-01 4.600568e+00
6.450112e-01 2.442001e-02 7.637828e-01 1.812411e+01 1.083570e-01 9.864676e-01 -1.230468e-01 -3.765386e-01 -7.564518e-01 1.621278e-01 6.336366e-01 4.815386e+00
8.797122e-01 -1.510278e-01 4.508848e-01 1.892362e+01 9.847099e-02 9.855269e-01 1.379861e-01 -3.850178e-01 -4.651988e-01 -7.698895e-02 8.818519e-01 4.842955e+00
6.459942e-01 -1.277784e-01 7.525717e-01 1.966895e+01 2.896628e-01 9.531847e-01 -8.680120e-02 -3.947379e-01 -7.062485e-01 2.740651e-01 6.527644e-01 4.888960e+00
8.090345e-01 9.813707e-03 5.876792e-01 2.012369e+01 -1.285892e-02 9.999168e-01 1.004667e-03 -4.154269e-01 -5.876204e-01 -8.369731e-03 8.090934e-01 5.168251e+00
6.525474e-01 -2.710838e-01 7.075984e-01 2.054070e+01 2.825824e-01 9.535123e-01 1.046968e-01 -4.353854e-01 -7.030854e-01 1.316352e-01 6.988155e-01 5.444906e+00
8.722973e-01 -2.093860e-03 4.889713e-01 2.072938e+01 8.532871e-02 9.852991e-01 -1.480024e-01 -4.572896e-01 -4.814731e-01 1.708254e-01 8.596524e-01 5.805458e+00
5.683310e-01 -1.540104e-01 8.082578e-01 2.115307e+01 1.063556e-01 9.878355e-01 1.134436e-01 -4.769006e-01 -8.158973e-01 2.148926e-02 5.777974e-01 6.083869e+00
8.695351e-01 -1.702187e-01 4.636100e-01 2.188382e+01 2.208314e-01 9.736627e-01 -5.669637e-02 -4.916909e-01 -4.417490e-01 1.516791e-01 8.842236e-01 6.231079e+00
5.748938e-01 -2.480020e-03 8.182243e-01 2.264487e+01 8.994317e-02 9.941269e-01 -6.018194e-02 -5.056048e-01 -8.132695e-01 1.081919e-01 5.717405e-01 6.352366e+00
8.960117e-01 -1.908249e-01 4.009351e-01 2.318386e+01 1.639320e-01 9.813182e-01 1.007021e-01 -5.197703e-01 -4.126614e-01 -2.450422e-02 9.105548e-01 6.518819e+00
6.914264e-01 -8.025740e-02 7.179752e-01 2.339641e+01 2.391003e-01 9.632256e-01 -1.225868e-01 -5.323189e-01 -6.817336e-01 2.564278e-01 6.851891e-01 6.735286e+00
9.261178e-01 -5.425848e-02 3.733120e-01 2.346802e+01 2.471335e-02 9.962028e-01 8.348237e-02 -5.383441e-01 -3.764241e-01 -6.808871e-02 9.239420e-01 6.899345e+00
7.000268e-01 -2.395492e-01 6.727397e-01 2.328536e+01 3.467542e-01 9.375682e-01 -2.696969e-02 -5.424534e-01 -6.242787e-01 2.521548e-01 7.393876e-01 7.131290e+00
9.796716e-01 5.995800e-02 1.914382e-01 2.297944e+01 -5.606058e-02 9.980962e-01 -2.571529e-02 -5.347983e-01 -1.926155e-01 1.446040e-02 9.811677e-01 7.233710e+00
7.916125e-01 -2.802251e-01 5.429765e-01 2.257232e+01 3.083073e-01 9.504025e-01 4.100869e-02 -5.174309e-01 -5.275379e-01 1.349406e-01 8.387460e-01 7.271869e+00
9.821837e-01 3.376858e-02 1.848645e-01 2.223957e+01 -1.292791e-02 9.935337e-01 -1.127996e-01 -5.039431e-01 -1.874782e-01 1.084000e-01 9.762691e-01 7.318251e+00
5.410685e-01 -2.367880e-01 8.069550e-01 2.208032e+01 2.410253e-01 9.629522e-01 1.209539e-01 -4.953420e-01 -8.056995e-01 1.290522e-01 5.780950e-01 7.329830e+00
9.425542e-01 -8.895419e-02 3.219919e-01 2.216532e+01 1.357041e-01 9.827369e-01 -1.257483e-01 -4.925905e-01 -3.052475e-01 1.622202e-01 9.383542e-01 7.347807e+00
5.277453e-01 -9.687602e-02 8.438601e-01 2.232335e+01 1.371213e-01 9.901608e-01 2.791660e-02 -4.941286e-01 -8.382617e-01 1.009784e-01 5.358365e-01 7.409424e+00
9.718922e-01 -1.336517e-01 1.938110e-01 2.292600e+01 1.349829e-01 9.908274e-01 6.381962e-03 -4.976008e-01 -1.928862e-01 1.995860e-02 9.810181e-01 7.397035e+00
6.213134e-01 -4.849353e-02 7.820601e-01 2.383848e+01 1.538598e-01 9.862028e-01 -6.108313e-02 -4.940980e-01 -7.683077e-01 1.582794e-01 6.202023e-01 7.224360e+00
9.668960e-01 -9.452855e-02 2.370159e-01 2.474193e+01 7.901307e-02 9.941121e-01 7.414929e-02 -4.902483e-01 -2.426296e-01 -5.296730e-02 9.686719e-01 7.030555e+00
5.647081e-01 -1.131430e-01 8.174983e-01 2.552877e+01 2.606872e-01 9.642972e-01 -4.661625e-02 -4.934425e-01 -7.830370e-01 2.394359e-01 5.740414e-01 6.982501e+00
9.775873e-01 2.081609e-02 2.094987e-01 2.646286e+01 -3.112210e-02 9.984557e-01 4.601759e-02 -4.904884e-01 -2.082173e-01 -5.150625e-02 9.767255e-01 6.805309e+00
6.023666e-01 -2.129156e-01 7.692993e-01 2.751304e+01 2.767767e-01 9.596897e-01 4.889103e-02 -4.863236e-01 -7.486983e-01 1.834738e-01 6.370151e-01 6.599666e+00
9.839569e-01 7.595422e-02 1.614304e-01 2.859816e+01 -7.031106e-02 9.967069e-01 -4.039538e-02 -4.836642e-01 -1.639670e-01 2.839697e-02 9.860570e-01 6.431265e+00
6.853029e-01 -2.269464e-01 6.919937e-01 2.994587e+01 1.946267e-01 9.727163e-01 1.262674e-01 -4.732058e-01 -7.017695e-01 4.814905e-02 7.107751e-01 6.101263e+00
9.820256e-01 2.500950e-02 -1.870837e-01 3.109736e+01 -4.038863e-02 9.960680e-01 -7.884972e-02 -4.524646e-01 1.843761e-01 8.498850e-02 9.791743e-01 5.618703e+00
8.484498e-01 -1.417992e-01 5.099274e-01 3.239886e+01 9.567248e-02 9.886614e-01 1.157383e-01 -4.279865e-01 -5.205571e-01 -4.941209e-02 8.523959e-01 5.085098e+00
9.678721e-01 -1.032842e-01 2.292509e-01 3.348388e+01 1.325189e-01 9.843700e-01 -1.159929e-01 -4.115658e-01 -2.136875e-01 1.426464e-01 9.664314e-01 4.666591e+00
8.985882e-01 -3.185183e-02 4.376354e-01 3.472651e+01 7.952109e-03 9.983802e-01 5.633587e-02 -3.882375e-01 -4.387209e-01 -4.714263e-02 8.973860e-01 4.128942e+00
8.458845e-01 -1.860310e-01 4.998719e-01 3.610940e+01 2.156764e-01 9.764636e-01 -1.570029e-03 -3.754426e-01 -4.878146e-01 1.091386e-01 8.660979e-01 3.751558e+00
9.483725e-01 2.632401e-02 3.160642e-01 3.750504e+01 -1.392852e-02 9.990450e-01 -4.141387e-02 -3.543831e-01 -3.168525e-01 3.487347e-02 9.478335e-01 3.222125e+00
8.258974e-01 -2.063896e-01 5.246874e-01 3.888228e+01 2.062061e-01 9.766915e-01 5.960478e-02 -3.285174e-01 -5.247595e-01 5.896630e-02 8.492058e-01 2.603539e+00
9.265008e-01 8.952947e-03 3.761864e-01 4.028620e+01 3.113054e-02 9.944663e-01 -1.003382e-01 -3.108631e-01 -3.750030e-01 1.046743e-01 9.210950e-01 2.125424e+00
7.526363e-01 -1.744005e-01 6.349198e-01 4.129854e+01 1.381291e-01 9.846472e-01 1.067253e-01 -3.057802e-01 -6.437849e-01 7.375548e-03 7.651709e-01 1.901270e+00
9.224399e-01 -9.410746e-02 3.744976e-01 4.222152e+01 1.407786e-01 9.850565e-01 -9.922253e-02 -3.023040e-01 -3.595638e-01 1.442481e-01 9.219037e-01 1.742031e+00
8.486751e-01 -4.368248e-02 5.271075e-01 4.355561e+01 1.583573e-02 9.982355e-01 5.722933e-02 -2.900452e-01 -5.286773e-01 -4.022197e-02 8.478694e-01 1.382910e+00
9.660492e-01 -1.593128e-01 2.033923e-01 4.489479e+01 1.710867e-01 9.843788e-01 -4.156524e-02 -2.687004e-01 -1.935932e-01 7.495179e-02 9.782146e-01 8.587307e-01
8.526019e-01 6.172311e-03 5.225246e-01 4.622914e+01 1.920073e-02 9.988850e-01 -4.312908e-02 -2.443539e-01 -5.222082e-01 4.680479e-02 8.515327e-01 2.840347e-01
9.853800e-01 -1.541413e-01 7.257213e-02 4.753365e+01 1.506341e-01 9.872432e-01 5.157804e-02 -2.201428e-01 -7.959664e-02 -3.989213e-02 9.960286e-01 -2.735726e-01
9.362974e-01 9.956504e-03 3.510669e-01 4.870136e+01 3.136176e-02 9.932345e-01 -1.118108e-01 -1.916403e-01 -3.498050e-01 1.156983e-01 9.296507e-01 -8.965484e-01
8.457281e-01 -1.647096e-01 5.075576e-01 4.984785e+01 1.304092e-01 9.861253e-01 1.027147e-01 -1.741045e-01 -5.174335e-01 -2.067848e-02 8.554735e-01 -1.330736e+00
8.645807e-01 -7.951775e-02 4.961623e-01 5.124725e+01 1.448012e-01 9.849407e-01 -9.446927e-02 -1.633117e-01 -4.811785e-01 1.535212e-01 8.630750e-01 -1.680702e+00
8.727905e-01 -5.384465e-02 4.851159e-01 5.244367e+01 2.671311e-02 9.976764e-01 6.267491e-02 -1.581315e-01 -4.873634e-01 -4.174311e-02 8.722009e-01 -1.917021e+00
8.032843e-01 -1.798913e-01 5.677794e-01 5.344301e+01 2.244987e-01 9.744339e-01 -8.883960e-03 -1.586332e-01 -5.516653e-01 1.346021e-01 8.231328e-01 -2.026078e+00
9.555288e-01 2.429239e-02 2.938957e-01 5.474930e+01 -1.887673e-02 9.995960e-01 -2.125014e-02 -1.420098e-01 -2.942931e-01 1.475733e-02 9.556013e-01 -2.451214e+00
8.937929e-01 -1.792896e-01 4.110834e-01 5.619452e+01 1.739622e-01 9.834471e-01 5.068483e-02 -1.204931e-01 -4.133660e-01 2.621123e-02 9.101876e-01 -2.968737e+00
8.317304e-01 -8.752915e-03 5.551108e-01 5.755866e+01 6.886128e-02 9.937811e-01 -8.750602e-02 -1.149442e-01 -5.508927e-01 1.110071e-01 8.271606e-01 -3.222043e+00
8.328519e-01 -1.343053e-01 5.369542e-01 5.876951e+01 9.807746e-02 9.905723e-01 9.564157e-02 -1.133470e-01 -5.447371e-01 -2.699216e-02 8.381723e-01 -3.406096e+00
7.410011e-01 -1.360113e-01 6.575852e-01 5.994229e+01 2.293546e-01 9.716443e-01 -5.747915e-02 -1.131907e-01 -6.311210e-01 1.934123e-01 7.511843e-01 -3.557285e+00
9.064554e-01 4.339766e-03 4.222793e-01 6.124913e+01 -1.134551e-02 9.998365e-01 1.407868e-02 -1.055984e-01 -4.221492e-01 -1.755267e-02 9.063564e-01 -3.846797e+00
8.018354e-01 -1.984933e-01 5.636137e-01 6.273325e+01 2.081377e-01 9.769239e-01 4.794182e-02 -9.336086e-02 -5.601238e-01 7.886782e-02 8.246461e-01 -4.222272e+00
9.146164e-01 1.215907e-02 4.041397e-01 6.420609e+01 2.653936e-02 9.955867e-01 -9.001527e-02 -7.975084e-02 -4.034506e-01 9.305505e-02 9.102573e-01 -4.640082e+00
7.041210e-01 -1.820852e-01 6.863371e-01 6.538107e+01 1.579484e-01 9.825104e-01 9.861895e-02 -7.142849e-02 -6.922904e-01 3.896617e-02 7.205662e-01 -4.946775e+00
8.494271e-01 -1.024170e-01 5.176720e-01 6.639456e+01 1.747906e-01 9.802151e-01 -9.287960e-02 -7.095417e-02 -4.979174e-01 1.693787e-01 8.505228e-01 -5.096448e+00
7.735158e-01 -6.097353e-02 6.308372e-01 6.745418e+01 6.492859e-02 9.977481e-01 1.682357e-02 -6.291094e-02 -6.304424e-01 2.794607e-02 7.757328e-01 -5.380606e+00
8.965068e-01 -1.733399e-01 4.077117e-01 6.861090e+01 1.848051e-01 9.827086e-01 1.143859e-02 -5.387416e-02 -4.026446e-01 6.509242e-02 9.130391e-01 -5.672188e+00
8.463069e-01 -2.109536e-02 5.322778e-01 6.972010e+01 7.602906e-02 9.937694e-01 -8.149879e-02 -4.001388e-02 -5.272421e-01 1.094416e-01 8.426377e-01 -6.052791e+00
9.740144e-01 -1.331749e-01 1.831950e-01 7.081082e+01 1.236843e-01 9.903613e-01 6.234296e-02 -1.617560e-02 -1.897317e-01 -3.806459e-02 9.810978e-01 -6.590366e+00
7.236193e-01 -5.065617e-02 6.883379e-01 7.184663e+01 1.584723e-01 9.828533e-01 -9.426479e-02 -6.992813e-03 -6.717601e-01 1.772943e-01 7.192393e-01 -6.873608e+00
9.563086e-01 -6.022410e-02 2.860891e-01 7.296044e+01 3.316203e-02 9.945826e-01 9.851725e-02 -8.391938e-05 -2.904724e-01 -8.472559e-02 9.531250e-01 -7.117708e+00
7.699543e-01 -1.656915e-01 6.162115e-01 7.408583e+01 2.514551e-01 9.663415e-01 -5.435526e-02 1.145146e-02 -5.864646e-01 1.968006e-01 7.857028e-01 -7.444282e+00
9.402197e-01 2.375692e-02 3.397390e-01 7.515641e+01 -2.916582e-02 9.995160e-01 1.082257e-02 2.070947e-02 -3.393175e-01 -2.008436e-02 9.404575e-01 -7.722412e+00
8.131466e-01 -2.122916e-01 5.419639e-01 7.626731e+01 2.256739e-01 9.732692e-01 4.264282e-02 3.079348e-02 -5.365295e-01 8.763224e-02 8.393192e-01 -8.020314e+00
8.397046e-01 2.708360e-03 5.430367e-01 7.711884e+01 6.482724e-02 9.923366e-01 -1.051924e-01 2.775283e-02 -5.391601e-01 1.235341e-01 8.330941e-01 -8.072935e+00
9.300804e-01 -1.377996e-01 3.405316e-01 7.814066e+01 1.031984e-01 9.876599e-01 1.178050e-01 3.527874e-02 -3.525629e-01 -7.442579e-02 9.328238e-01 -8.305460e+00
9.682397e-01 -6.546094e-02 2.413022e-01 7.928331e+01 9.936722e-02 9.863724e-01 -1.311320e-01 5.774777e-02 -2.294298e-01 1.509447e-01 9.615496e-01 -8.817406e+00
7.524460e-01 -8.313098e-02 6.533868e-01 8.015382e+01 5.728848e-02 9.965038e-01 6.081215e-02 6.765453e-02 -6.561578e-01 -8.326320e-03 7.545778e-01 -9.107787e+00
8.313875e-01 -2.195212e-01 5.104951e-01 8.051120e+01 2.702625e-01 9.624277e-01 -2.628743e-02 7.120560e-02 -4.855440e-01 1.598227e-01 8.594787e-01 -9.184579e+00
7.233419e-01 3.321120e-02 6.896909e-01 8.119282e+01 5.235831e-02 9.933287e-01 -1.027454e-01 6.665835e-02 -6.885021e-01 1.104311e-01 7.167774e-01 -9.201661e+00
8.105199e-01 -2.172896e-01 5.439142e-01 8.178085e+01 1.728564e-01 9.760175e-01 1.323277e-01 5.634182e-02 -5.596232e-01 -1.323519e-02 8.286415e-01 -9.100422e+00
8.543383e-01 -7.315367e-02 5.145430e-01 8.243185e+01 1.758271e-01 9.723483e-01 -1.536995e-01 5.666564e-02 -4.890714e-01 2.217820e-01 8.435769e-01 -9.185438e+00
7.999373e-01 -2.613214e-02 5.995143e-01 8.342885e+01 -3.147411e-02 9.958491e-01 8.540411e-02 5.177509e-02 -5.992576e-01 -8.718711e-02 7.957944e-01 -9.227961e+00
7.577636e-01 -2.452052e-01 6.047055e-01 8.439552e+01 2.867434e-01 9.575694e-01 2.896841e-02 3.919882e-02 -5.861507e-01 1.514441e-01 7.959221e-01 -9.140522e+00
9.204791e-01 6.380069e-02 3.855487e-01 8.519915e+01 -2.701448e-02 9.946113e-01 -1.000927e-01 4.006283e-02 -3.898571e-01 8.171787e-02 9.172424e-01 -9.266441e+00
9.180367e-01 -1.988484e-01 3.430274e-01 8.620495e+01 1.594015e-01 9.772513e-01 1.398969e-01 5.022535e-02 -3.630423e-01 -7.375138e-02 9.288493e-01 -9.536231e+00
9.094871e-01 9.671659e-03 4.156197e-01 8.750761e+01 5.497823e-02 9.881508e-01 -1.433018e-01 5.664054e-02 -4.120809e-01 1.531812e-01 8.981786e-01 -9.785298e+00
9.025941e-01 -1.093410e-01 4.163753e-01 8.856205e+01 5.334048e-02 9.881588e-01 1.438642e-01 6.068939e-02 -4.271752e-01 -1.076413e-01 8.977386e-01 -9.976498e+00
8.530324e-01 -1.398380e-01 5.027734e-01 8.920218e+01 2.233354e-01 9.685680e-01 -1.095319e-01 5.651503e-02 -4.716536e-01 2.057214e-01 8.574507e-01 -9.982230e+00
9.354603e-01 4.160896e-02 3.509739e-01 8.993277e+01 -6.756255e-02 9.957853e-01 6.202310e-02 5.753900e-02 -3.469140e-01 -8.173284e-02 9.343289e-01 -1.008194e+01
8.365417e-01 -2.340917e-01 4.953777e-01 9.102764e+01 2.514729e-01 9.673203e-01 3.244811e-02 6.153368e-02 -4.867847e-01 9.742987e-02 8.680715e-01 -1.026030e+01
9.849623e-01 1.037490e-01 1.381502e-01 9.246690e+01 -1.005957e-01 9.944860e-01 -2.963435e-02 7.976790e-02 -1.404630e-01 1.529140e-02 9.899678e-01 -1.071692e+01
6.431241e-01 -2.581591e-01 7.209336e-01 9.341426e+01 2.422040e-01 9.617032e-01 1.283131e-01 8.304746e-02 -7.264493e-01 9.209176e-02 6.810217e-01 -1.090210e+01
9.929511e-01 3.565647e-02 1.130345e-01 9.412100e+01 -2.176482e-02 9.923124e-01 -1.218297e-01 8.281833e-02 -1.165096e-01 1.185107e-01 9.860937e-01 -1.098656e+01
8.315147e-01 -1.823684e-01 5.247142e-01 9.534346e+01 1.137591e-01 9.804597e-01 1.604921e-01 9.756235e-02 -5.437298e-01 -7.376050e-02 8.360127e-01 -1.136119e+01
9.860153e-01 -2.903701e-02 1.641058e-01 9.666609e+01 5.078097e-02 9.902257e-01 -1.299017e-01 1.073022e-01 -1.587299e-01 1.364185e-01 9.778522e-01 -1.166492e+01
5.549574e-01 -9.626784e-02 8.262898e-01 9.780398e+01 3.357068e-02 9.950640e-01 9.338415e-02 9.973591e-02 -8.312011e-01 -2.408512e-02 5.554499e-01 -1.167961e+01
9.236911e-01 -1.878389e-01 3.339330e-01 9.873177e+01 2.071169e-01 9.780517e-01 -2.274676e-02 8.405240e-02 -3.223310e-01 9.017415e-02 9.423223e-01 -1.154757e+01
5.729653e-01 2.522557e-02 8.191913e-01 9.961530e+01 7.629986e-02 9.935436e-01 -8.396070e-02 6.999521e-02 -8.160202e-01 1.106108e-01 5.673414e-01 -1.143372e+01
9.030349e-01 -1.553428e-01 4.004954e-01 1.005348e+02 1.091594e-01 9.847028e-01 1.358112e-01 5.170935e-02 -4.154662e-01 -7.892439e-02 9.061781e-01 -1.124650e+01
5.319292e-01 -8.505698e-02 8.425062e-01 1.014109e+02 2.691025e-01 9.603449e-01 -7.294838e-02 2.846061e-02 -8.028917e-01 2.655239e-01 5.337246e-01 -1.096137e+01
9.720492e-01 4.284361e-02 2.308348e-01 1.023820e+02 -6.332292e-02 9.946145e-01 8.205053e-02 2.301734e-02 -2.260763e-01 -9.437429e-02 9.695272e-01 -1.100572e+01
6.821721e-01 -2.300707e-01 6.940524e-01 1.030824e+02 2.974920e-01 9.544231e-01 2.398094e-02 1.911677e-02 -6.679369e-01 1.901159e-01 7.195250e-01 -1.103620e+01
8.412521e-01 6.054191e-02 5.372425e-01 1.037407e+02 -5.135602e-03 9.945603e-01 -1.040354e-01 1.682409e-03 -5.406186e-01 8.476095e-02 8.369869e-01 -1.082099e+01
6.586648e-01 -2.311893e-01 7.160392e-01 1.045160e+02 1.646057e-01 9.728499e-01 1.626901e-01 -1.508317e-02 -7.342109e-01 1.070587e-02 6.788371e-01 -1.063680e+01
9.393333e-01 -5.605496e-02 3.383943e-01 1.054929e+02 1.092734e-01 9.840580e-01 -1.403179e-01 -2.183381e-02 -3.251341e-01 1.687827e-01 9.304838e-01 -1.064704e+01
8.113002e-01 -9.017664e-02 5.776332e-01 1.058090e+02 3.896101e-02 9.941756e-01 1.004830e-01 -3.692647e-02 -5.833301e-01 -5.901675e-02 8.100883e-01 -1.042441e+01
8.014262e-01 -1.982939e-01 5.642655e-01 1.060892e+02 2.724248e-01 9.609163e-01 -4.924025e-02 -5.585341e-02 -5.324479e-01 1.931824e-01 8.241237e-01 -1.010437e+01
7.230598e-01 3.203485e-02 6.900422e-01 1.067553e+02 2.600389e-02 9.969538e-01 -7.353121e-02 -6.997522e-02 -6.902958e-01 7.111125e-02 7.200242e-01 -9.951249e+00
8.704117e-01 -1.988802e-01 4.503667e-01 1.077731e+02 1.493891e-01 9.783380e-01 1.433098e-01 -8.072219e-02 -4.691123e-01 -5.745869e-02 8.812673e-01 -9.888090e+00
7.742744e-01 -3.281558e-02 6.319986e-01 1.089899e+02 1.458064e-01 9.810379e-01 -1.276915e-01 -9.110709e-02 -6.158243e-01 1.910177e-01 7.643773e-01 -9.849210e+00
8.413555e-01 -5.521386e-02 5.376545e-01 1.101584e+02 -8.631491e-03 9.932688e-01 1.155098e-01 -1.032228e-01 -5.404132e-01 -1.018256e-01 8.352156e-01 -9.782029e+00
7.530253e-01 -1.920376e-01 6.293445e-01 1.114364e+02 2.491421e-01 9.684635e-01 -2.588197e-03 -1.154886e-01 -6.090001e-01 1.587452e-01 7.771221e-01 -9.737990e+00
7.558744e-01 4.725492e-02 6.530090e-01 1.125547e+02 9.720190e-04 9.973098e-01 -7.329535e-02 -1.353035e-01 -6.547159e-01 5.603682e-02 7.537951e-01 -9.546423e+00
7.191544e-01 -2.201797e-01 6.590431e-01 1.134424e+02 1.635024e-01 9.754578e-01 1.474752e-01 -1.580471e-01 -6.753399e-01 1.697711e-03 7.375047e-01 -9.279333e+00
7.491928e-01 -6.758678e-02 6.588947e-01 1.144869e+02 1.949122e-01 9.732294e-01 -1.217939e-01 -1.766678e-01 -6.330240e-01 2.196737e-01 7.423100e-01 -9.108352e+00
6.950214e-01 -3.162552e-02 7.182931e-01 1.156017e+02 -3.534481e-03 9.988698e-01 4.739891e-02 -1.954117e-01 -7.189803e-01 -3.548205e-02 6.941241e-01 -8.945669e+00
7.203232e-01 -2.410777e-01 6.503968e-01 1.166389e+02 2.540894e-01 9.641915e-01 7.598216e-02 -2.181092e-01 -6.454247e-01 1.105273e-01 7.557848e-01 -8.697054e+00
6.605211e-01 2.020347e-02 7.505356e-01 1.176127e+02 1.147305e-01 9.851818e-01 -1.274903e-01 -2.461329e-01 -7.419897e-01 1.703194e-01 6.484154e-01 -8.342188e+00
7.174947e-01 -1.277904e-01 6.847415e-01 1.186975e+02 4.352904e-02 9.893319e-01 1.390237e-01 -2.766627e-01 -6.952026e-01 -6.994261e-02 7.154030e-01 -7.944394e+00
7.051996e-01 -1.860727e-01 6.841568e-01 1.198146e+02 2.730017e-01 9.618095e-01 -1.981150e-02 -3.012026e-01 -6.543422e-01 2.007470e-01 7.290658e-01 -7.653256e+00
7.010536e-01 4.232962e-02 7.118511e-01 1.208781e+02 1.505554e-02 9.971356e-01 -7.412099e-02 -3.250998e-01 -7.129496e-01 6.268009e-02 6.984082e-01 -7.383595e+00
6.705270e-01 -2.357578e-01 7.034286e-01 1.218776e+02 1.755137e-01 9.716582e-01 1.583520e-01 -3.484371e-01 -7.208248e-01 1.728209e-02 6.929018e-01 -7.123884e+00
7.612954e-01 -8.161105e-02 6.432487e-01 1.228612e+02 2.120354e-01 9.688395e-01 -1.280275e-01 -3.670527e-01 -6.127563e-01 2.338583e-01 7.548775e-01 -6.942057e+00
6.844840e-01 -2.682218e-02 7.285343e-01 1.239319e+02 -5.392836e-03 9.991093e-01 4.185061e-02 -3.843515e-01 -7.290079e-01 -3.257494e-02 6.837297e-01 -6.788209e+00
7.153548e-01 -2.607857e-01 6.482733e-01 1.248111e+02 2.735701e-01 9.582130e-01 8.358905e-02 -4.076618e-01 -6.429828e-01 1.175524e-01 7.568055e-01 -6.499073e+00
6.915379e-01 2.660589e-02 7.218500e-01 1.255905e+02 1.154440e-01 9.824056e-01 -1.468057e-01 -4.344245e-01 -7.130554e-01 1.848549e-01 6.762993e-01 -6.127602e+00
7.096744e-01 -1.397188e-01 6.905367e-01 1.262725e+02 5.284542e-02 9.879338e-01 1.455823e-01 -4.671382e-01 -7.025451e-01 -6.682431e-02 7.084948e-01 -5.626130e+00
7.328376e-01 -1.916401e-01 6.528576e-01 1.270337e+02 2.807372e-01 9.591975e-01 -3.356640e-02 -4.966035e-01 -6.197868e-01 2.078801e-01 7.567366e-01 -5.187579e+00
7.465784e-01 4.548032e-02 6.637411e-01 1.277865e+02 -1.632552e-03 9.977829e-01 -6.653297e-02 -5.214626e-01 -6.652954e-01 4.858849e-02 7.449974e-01 -4.837370e+00
6.627560e-01 -2.670613e-01 6.995947e-01 1.283164e+02 2.254693e-01 9.620569e-01 1.536562e-01 -5.449620e-01 -7.140855e-01 5.590054e-02 6.978231e-01 -4.481397e+00
8.013033e-01 -5.077033e-02 5.961002e-01 1.288057e+02 1.820747e-01 9.698224e-01 -1.621520e-01 -5.679875e-01 -5.698788e-01 2.384677e-01 7.863659e-01 -4.126611e+00
7.269609e-01 -7.576023e-02 6.824868e-01 1.292336e+02 2.950639e-02 9.964236e-01 7.917997e-02 -5.861244e-01 -6.860446e-01 -3.742302e-02 7.265964e-01 -3.838620e+00
8.431672e-01 -2.343446e-01 4.838923e-01 1.297786e+02 2.752134e-01 9.612810e-01 -1.401115e-02 -5.975168e-01 -4.618730e-01 1.449874e-01 8.750154e-01 -3.690909e+00
7.307325e-01 5.025743e-02 6.808114e-01 1.306006e+02 3.063433e-02 9.938677e-01 -1.062478e-01 -6.050711e-01 -6.819762e-01 9.849494e-02 7.247118e-01 -3.657795e+00
8.774060e-01 -2.169134e-01 4.279104e-01 1.314736e+02 1.639196e-01 9.738142e-01 1.575315e-01 -6.100131e-01 -4.508760e-01 -6.807618e-02 8.899868e-01 -3.676633e+00
8.677977e-01 -3.823265e-02 4.954447e-01 1.324193e+02 1.294205e-01 9.800158e-01 -1.510607e-01 -6.157385e-01 -4.797682e-01 1.952108e-01 8.554035e-01 -3.669438e+00
6.328682e-01 -8.786583e-02 7.692577e-01 1.331627e+02 3.054510e-02 9.955998e-01 8.858952e-02 -6.369492e-01 -7.736568e-01 -3.256844e-02 6.327673e-01 -3.369845e+00
8.979171e-01 -2.197897e-01 3.813626e-01 1.339970e+02 2.449506e-01 9.693673e-01 -1.806251e-02 -6.463941e-01 -3.657105e-01 1.096336e-01 9.242491e-01 -3.306194e+00
6.450593e-01 3.418091e-02 7.633677e-01 1.346888e+02 7.215272e-02 9.918110e-01 -1.053801e-01 -6.583412e-01 -7.607184e-01 1.230555e-01 6.373106e-01 -3.188015e+00
8.994695e-01 -1.666228e-01 4.039697e-01 1.355748e+02 1.120200e-01 9.814791e-01 1.554034e-01 -6.728963e-01 -4.223816e-01 -9.452790e-02 9.014756e-01 -3.040050e+00
6.596908e-01 -8.251361e-02 7.469937e-01 1.363120e+02 2.490514e-01 9.617925e-01 -1.137037e-01 -6.915860e-01 -7.090709e-01 2.610491e-01 6.550358e-01 -2.797272e+00
7.955871e-01 1.833218e-03 6.058365e-01 1.369855e+02 -3.655951e-02 9.983183e-01 4.498926e-02 -7.185960e-01 -6.047352e-01 -5.794196e-02 7.943161e-01 -2.406477e+00
8.989100e-01 -2.637905e-01 3.498218e-01 1.381605e+02 2.663096e-01 9.629790e-01 4.183937e-02 -7.136085e-01 -3.479079e-01 5.555108e-02 9.358815e-01 -2.601193e+00
8.960056e-01 1.118283e-01 4.297305e-01 1.393424e+02 -7.813240e-02 9.923742e-01 -9.533520e-02 -7.115869e-01 -4.371147e-01 5.184500e-02 8.979103e-01 -2.769168e+00
6.277740e-01 -2.687464e-01 7.305307e-01 1.403903e+02 1.691672e-01 9.631810e-01 2.089613e-01 -7.280873e-01 -7.597909e-01 -7.598675e-03 6.501231e-01 -2.600222e+00
8.659109e-01 -7.213913e-02 4.949689e-01 1.411286e+02 1.825475e-01 9.668695e-01 -1.784369e-01 -7.493388e-01 -4.656981e-01 2.448658e-01 8.503917e-01 -2.333234e+00
6.398380e-01 -3.766011e-02 7.675865e-01 1.419652e+02 -2.199341e-02 9.974922e-01 6.727306e-02 -7.659688e-01 -7.681950e-01 -5.992571e-02 6.374052e-01 -2.149456e+00
9.177907e-01 -2.201302e-01 3.304587e-01 1.428841e+02 2.249636e-01 9.740699e-01 2.406569e-02 -7.822607e-01 -3.271874e-01 5.225389e-02 9.435136e-01 -1.971792e+00
5.292849e-01 3.958157e-02 8.475204e-01 1.437648e+02 9.749059e-02 9.894576e-01 -1.070943e-01 -8.069032e-01 -8.428245e-01 1.393086e-01 5.198462e-01 -1.631951e+00
9.152751e-01 -1.200707e-01 3.845186e-01 1.446428e+02 6.179834e-02 9.850978e-01 1.605096e-01 -8.342275e-01 -3.980609e-01 -1.231478e-01 9.090556e-01 -1.245680e+00
4.823162e-01 -1.309634e-01 8.661522e-01 1.455296e+02 3.079132e-01 9.510121e-01 -2.766688e-02 -8.649864e-01 -8.200979e-01 2.800439e-01 4.990139e-01 -8.063282e-01
9.501334e-01 1.182310e-01 2.885620e-01 1.461153e+02 -1.375514e-01 9.893528e-01 4.754602e-02 -9.079162e-01 -2.798682e-01 -8.486715e-02 9.562800e-01 -9.015105e-02
5.102433e-01 -3.144964e-01 8.004647e-01 1.466180e+02 2.944706e-01 9.383688e-01 1.809723e-01 -9.468993e-01 -8.080463e-01 1.433734e-01 5.714064e-01 5.925673e-01
9.761708e-01 1.198529e-01 1.809029e-01 1.477241e+02 -9.689133e-02 9.866561e-01 -1.308501e-01 -9.687235e-01 -1.941717e-01 1.102041e-01 9.747576e-01 8.461098e-01
5.891373e-01 -2.567728e-01 7.661494e-01 1.487303e+02 1.168524e-01 9.652727e-01 2.336537e-01 -9.854172e-01 -7.995391e-01 -4.812771e-02 5.986827e-01 1.017312e+00
9.654337e-01 -5.607975e-02 2.545444e-01 1.496713e+02 1.004859e-01 9.811686e-01 -1.649566e-01 -1.010149e+00 -2.405002e-01 1.848328e-01 9.528885e-01 1.346666e+00
6.445261e-01 -6.323474e-02 7.619629e-01 1.506423e+02 -2.568691e-02 9.942207e-01 1.042376e-01 -1.025400e+00 -7.641507e-01 -8.675631e-02 6.391768e-01 1.501985e+00
9.698424e-01 -1.648538e-01 -1.795240e-01 1.517234e+02 1.540028e-01 9.853784e-01 -7.288697e-02 -1.014855e+00 1.889148e-01 4.304169e-02 9.810498e-01 1.205412e+00
7.976659e-01 2.317432e-02 6.026542e-01 1.528173e+02 -1.372112e-02 9.997002e-01 -2.028111e-02 -9.946911e-01 -6.029435e-01 7.908460e-03 7.977447e-01 7.589008e-01
9.653215e-01 -1.111087e-01 -2.362397e-01 1.529075e+02 1.351398e-01 9.869071e-01 8.804340e-02 -1.020311e+00 2.233642e-01 -1.169156e-01 9.676979e-01 1.434695e+00
4.172725e-01 4.429005e-03 9.087706e-01 1.528723e+02 2.253257e-01 9.682590e-01 -1.081798e-01 -1.059989e+00 -8.804045e-01 2.499098e-01 4.030299e-01 2.488257e+00
9.936537e-01 3.340995e-02 1.074065e-01 1.534982e+02 -5.205845e-02 9.830442e-01 1.758238e-01 -1.089240e+00 -9.971104e-02 -1.802994e-01 9.785448e-01 2.997056e+00
4.485252e-01 -2.157586e-01 8.673370e-01 1.539776e+02 3.874014e-01 9.214585e-01 2.888537e-02 -1.111048e+00 -8.054473e-01 3.230518e-01 4.968825e-01 3.379124e+00
9.765211e-01 2.113303e-01 -4.178609e-02 1.544780e+02 -2.091470e-01 9.765457e-01 5.114758e-02 -1.128542e+00 5.161506e-02 -4.120725e-02 9.978165e-01 3.679196e+00
4.742210e-01 -3.443037e-01 8.102897e-01 1.550978e+02 3.138047e-01 9.260136e-01 2.098226e-01 -1.145284e+00 -8.225820e-01 1.547704e-01 5.471791e-01 3.955682e+00
9.926741e-01 1.186370e-01 -2.287625e-02 1.556894e+02 -1.207765e-01 9.795700e-01 -1.607967e-01 -1.156904e+00 3.332449e-03 1.623816e-01 9.867224e-01 4.120748e+00
4.231110e-01 -2.716626e-01 8.643937e-01 1.560295e+02 1.490552e-01 9.618668e-01 2.293357e-01 -1.170198e+00 -8.937335e-01 3.180795e-02 4.474691e-01 4.348545e+00
9.938146e-01 -1.008903e-01 -4.640855e-02 1.562604e+02 9.106561e-02 9.795542e-01 -1.793896e-01 -1.183168e+00 6.355837e-02 1.740538e-01 9.826829e-01 4.581595e+00
6.022423e-01 -5.794527e-02 7.962076e-01 1.567290e+02 1.558849e-02 9.980257e-01 6.084194e-02 -1.184595e+00 -7.981612e-01 -2.422991e-02 6.019565e-01 4.562045e+00
9.748881e-01 -2.149531e-01 5.820912e-02 1.571316e+02 2.166976e-01 9.759068e-01 -2.545586e-02 -1.189518e+00 -5.133487e-02 3.743040e-02 9.979798e-01 4.616177e+00
3.887876e-01 5.823696e-02 9.194850e-01 1.574907e+02 1.473431e-01 9.812250e-01 -1.244487e-01 -1.207100e+00 -9.094692e-01 1.838638e-01 3.729073e-01 4.911604e+00
9.976294e-01 -6.784325e-02 -1.152671e-02 1.583844e+02 6.878024e-02 9.776703e-01 1.985699e-01 -1.213984e+00 -2.202309e-03 -1.988920e-01 9.800189e-01 4.936267e+00
5.812556e-01 -6.618445e-02 8.110250e-01 1.596542e+02 2.737136e-01 9.545114e-01 -1.182748e-01 -1.212782e+00 -7.663046e-01 2.907365e-01 5.729307e-01 4.775795e+00
9.948138e-01 9.055733e-02 4.631265e-02 1.606921e+02 -9.715105e-02 9.808149e-01 1.690083e-01 -1.212478e+00 -3.011920e-02 -1.726311e-01 9.845259e-01 4.658608e+00
6.239982e-01 -2.378550e-01 7.443462e-01 1.618172e+02 3.443418e-01 9.387762e-01 1.131727e-02 -1.209698e+00 -7.014663e-01 2.492475e-01 6.676981e-01 4.487883e+00
9.750811e-01 1.602253e-01 1.534428e-01 1.629994e+02 -1.616446e-01 9.868436e-01 -3.263273e-03 -1.207466e+00 -1.519470e-01 -2.162124e-02 9.881521e-01 4.314145e+00
5.137024e-01 -3.186581e-01 7.965970e-01 1.641253e+02 2.655931e-01 9.419247e-01 2.055193e-01 -1.213517e+00 -8.158248e-01 1.059949e-01 5.685024e-01 4.285249e+00
9.931846e-01 5.929213e-02 1.003438e-01 1.652864e+02 -4.177953e-02 9.848327e-01 -1.684015e-01 -1.213713e+00 -1.088067e-01 1.630614e-01 9.805978e-01 4.157768e+00
7.952897e-01 -2.045099e-01 5.706926e-01 1.665463e+02 1.115259e-01 9.746694e-01 1.938594e-01 -1.197053e+00 -5.958828e-01 -9.052733e-02 7.979527e-01 3.741820e+00
9.922798e-01 -7.397248e-02 9.954321e-02 1.675690e+02 8.906148e-02 9.835961e-01 -1.568652e-01 -1.191949e+00 -8.630661e-02 1.645196e-01 9.825907e-01 3.543049e+00
7.030335e-01 -7.682683e-02 7.069947e-01 1.684918e+02 -6.348274e-03 9.934300e-01 1.142655e-01 -1.196034e+00 -7.111284e-01 -8.482070e-02 6.979268e-01 3.519556e+00
9.796979e-01 -1.803664e-01 8.752119e-02 1.695907e+02 1.858565e-01 9.807919e-01 -5.920065e-02 -1.194275e+00 -7.516226e-02 7.426513e-02 9.944020e-01 3.373362e+00
6.814583e-01 2.710059e-02 7.313550e-01 1.706627e+02 6.495973e-03 9.990508e-01 -4.307293e-02 -1.191769e+00 -7.318281e-01 3.410327e-02 6.806355e-01 3.220118e+00
9.744658e-01 -1.769946e-01 1.381641e-01 1.717069e+02 1.645900e-01 9.816156e-01 9.664844e-02 -1.192094e+00 -1.527303e-01 -7.144018e-02 9.856824e-01 3.106139e+00
5.809289e-01 -1.864731e-04 8.139543e-01 1.725851e+02 1.679869e-01 9.784986e-01 -1.196701e-01 -1.205530e+00 -7.964308e-01 2.062535e-01 5.684695e-01 3.251771e+00
9.977801e-01 -6.586290e-02 9.848792e-03 1.732299e+02 6.331017e-02 9.840061e-01 1.665046e-01 -1.206547e+00 -2.065775e-02 -1.655114e-01 9.859915e-01 3.215675e+00
7.775828e-01 -9.922069e-02 6.209028e-01 1.742026e+02 2.288791e-01 9.643918e-01 -1.325245e-01 -1.197777e+00 -5.856444e-01 2.451604e-01 7.726040e-01 2.985224e+00
9.970298e-01 6.352176e-02 4.354897e-02 1.752846e+02 -7.010960e-02 9.826284e-01 1.718314e-01 -1.189295e+00 -3.187742e-02 -1.743742e-01 9.841633e-01 2.746959e+00
6.784024e-01 -2.237483e-01 6.997906e-01 1.763537e+02 3.336222e-01 9.424480e-01 -2.209084e-02 -1.185202e+00 -6.545735e-01 2.484521e-01 7.140063e-01 2.573588e+00
9.644309e-01 1.631397e-01 -2.079869e-01 1.771925e+02 -1.399467e-01 9.826360e-01 1.218250e-01 -1.172655e+00 2.242499e-01 -8.838467e-02 9.705154e-01 2.287499e+00
5.957678e-01 -2.745248e-01 7.547827e-01 1.782177e+02 3.380595e-01 9.381800e-01 7.439057e-02 -1.166100e+00 -7.285441e-01 2.108420e-01 6.517432e-01 2.082660e+00
7.285955e-01 2.209761e-01 -6.483195e-01 1.787541e+02 -1.330658e-01 9.741607e-01 1.824950e-01 -1.145372e+00 6.718944e-01 -4.669592e-02 7.391735e-01 1.736358e+00
4.944000e-02 -1.760159e-01 9.831450e-01 1.794694e+02 3.733384e-01 9.162513e-01 1.452654e-01 -1.141758e+00 -9.263769e-01 3.598638e-01 1.110129e-01 1.621630e+00
4.714273e-01 3.121165e-01 -8.248270e-01 1.803532e+02 -1.460036e-01 9.499943e-01 2.760322e-01 -1.125438e+00 8.697352e-01 -9.701391e-03 4.934234e-01 1.283693e+00
1.103925e-01 -1.892497e-01 9.757039e-01 1.815655e+02 4.406164e-01 8.892794e-01 1.226346e-01 -1.104534e+00 -8.908820e-01 4.163732e-01 1.815563e-01 8.425296e-01
3.099740e-01 4.279574e-01 -8.489809e-01 1.829453e+02 -1.766609e-01 9.033391e-01 3.908573e-01 -1.074062e+00 9.341879e-01 2.882608e-02 3.556150e-01 2.123989e-01
-2.995208e-01 -1.389944e-01 9.439110e-01 1.839837e+02 4.843878e-01 8.301914e-01 2.759541e-01 -1.056294e+00 -8.219829e-01 5.398729e-01 -1.813324e-01 -1.889365e-01
1.203990e-01 4.621466e-01 -8.785924e-01 1.846807e+02 -1.692596e-01 8.816281e-01 4.405487e-01 -1.035904e+00 9.781898e-01 9.566858e-02 1.843699e-01 -5.901885e-01
-2.509125e-01 -1.092915e-01 9.618203e-01 1.853621e+02 5.736056e-01 7.835878e-01 2.386770e-01 -1.012229e+00 -7.797560e-01 6.115926e-01 -1.339218e-01 -1.032313e+00
-3.257497e-01 6.071271e-01 -7.247647e-01 1.858454e+02 9.954970e-02 7.843409e-01 6.122902e-01 -9.743982e-01 9.402005e-01 1.273032e-01 -3.159381e-01 -1.534456e+00
-5.848782e-01 3.013595e-01 7.530604e-01 1.857112e+02 7.050044e-01 6.479845e-01 2.882444e-01 -9.488048e-01 -4.011062e-01 6.994988e-01 -5.914518e-01 -1.674699e+00
-3.899113e-01 7.616451e-01 -5.175576e-01 1.861758e+02 2.992437e-01 6.363384e-01 7.110040e-01 -9.213213e-01 8.708745e-01 1.223526e-01 -4.760330e-01 -2.021038e+00
-7.921276e-01 4.490087e-01 4.134308e-01 1.871409e+02 6.068563e-01 5.069606e-01 6.121408e-01 -9.099236e-01 6.526339e-02 7.357868e-01 -6.740612e-01 -2.301042e+00
-5.481594e-01 7.354037e-01 -3.983751e-01 1.879671e+02 3.079193e-02 4.937340e-01 8.690676e-01 -8.980402e-01 8.358069e-01 4.641208e-01 -2.932894e-01 -2.569517e+00
-9.353934e-01 1.875810e-01 2.997542e-01 1.888740e+02 3.518924e-01 4.103718e-01 8.412887e-01 -8.886779e-01 3.479916e-02 8.924171e-01 -4.498674e-01 -2.819731e+00
-7.427848e-01 4.955299e-01 -4.502453e-01 1.898872e+02 -2.357443e-01 4.358463e-01 8.685981e-01 -8.728054e-01 6.266541e-01 7.513243e-01 -2.069216e-01 -3.181922e+00
-8.885019e-01 -8.561013e-02 4.508163e-01 1.908162e+02 3.890485e-01 3.804096e-01 8.390053e-01 -8.458241e-01 -2.433222e-01 9.208471e-01 -3.046881e-01 -3.723178e+00
-6.859689e-01 5.042073e-01 -5.246158e-01 1.918632e+02 -3.285158e-01 4.287160e-01 8.415937e-01 -8.221679e-01 6.492489e-01 7.496516e-01 -1.284458e-01 -4.220955e+00
-9.691960e-01 -9.728179e-02 -2.262638e-01 1.926064e+02 -2.453820e-01 4.602483e-01 8.532052e-01 -8.202275e-01 2.113622e-02 8.824442e-01 -4.699420e-01 -4.336631e+00
-6.033133e-01 -7.859865e-02 -7.936216e-01 1.931986e+02 -6.584149e-01 6.106071e-01 4.400555e-01 -8.209494e-01 4.500033e-01 7.880236e-01 -4.201379e-01 -4.366456e+00
-8.602992e-01 -5.085409e-01 3.565713e-02 1.942229e+02 -3.769575e-01 6.816682e-01 6.270817e-01 -8.011019e-01 -3.432030e-01 5.260367e-01 -7.781369e-01 -4.814230e+00
-4.115161e-01 -2.852157e-01 -8.656249e-01 1.951299e+02 -5.380806e-01 8.426106e-01 -2.183044e-02 -7.790448e-01 7.356112e-01 4.567924e-01 -5.002169e-01 -5.311817e+00
-9.376220e-01 -3.159828e-01 1.449821e-01 1.958821e+02 -3.058836e-01 9.479997e-01 8.793124e-02 -7.631914e-01 -1.652277e-01 3.809865e-02 -9.855193e-01 -5.666955e+00
-5.618635e-01 -1.567147e-01 -8.122499e-01 1.967205e+02 -6.366154e-03 9.826814e-01 -1.851939e-01 -7.494296e-01 8.272055e-01 -9.888276e-02 -5.531304e-01 -5.996099e+00
-9.555412e-01 2.070764e-01 2.099058e-01 1.975808e+02 1.730009e-01 9.702109e-01 -1.695919e-01 -7.340251e-01 -2.387714e-01 -1.257381e-01 -9.629009e-01 -6.363951e+00
-5.482274e-01 3.059230e-01 -7.783687e-01 1.985140e+02 4.482804e-01 8.931950e-01 3.531653e-02 -7.120035e-01 7.060392e-01 -3.295660e-01 -6.268133e-01 -6.846676e+00
-7.422074e-01 6.701555e-01 4.444918e-03 1.994053e+02 6.695331e-01 7.411963e-01 4.851267e-02 -6.901569e-01 2.921648e-02 3.898249e-02 -9.988127e-01 -7.354745e+00
-2.871404e-01 7.771475e-01 -5.599929e-01 2.001146e+02 5.753429e-01 6.073349e-01 5.478365e-01 -6.670566e-01 7.658530e-01 -1.648820e-01 -6.215168e-01 -7.838489e+00
-5.867383e-01 7.480321e-01 3.101390e-01 2.008964e+02 7.805507e-01 4.204732e-01 4.625396e-01 -6.443801e-01 2.155893e-01 5.134689e-01 -8.305847e-01 -8.326169e+00
-4.246645e-01 8.895636e-01 -1.683347e-01 2.018622e+02 3.852929e-01 3.458298e-01 8.555414e-01 -6.225511e-01 8.192737e-01 2.984599e-01 -4.896042e-01 -8.804473e+00
-6.221052e-01 5.148658e-01 5.898291e-01 2.028416e+02 7.603511e-01 2.176705e-01 6.119523e-01 -5.957890e-01 1.866849e-01 8.291760e-01 -5.268927e-01 -9.365184e+00
-4.263063e-01 8.698148e-01 -2.483648e-01 2.034165e+02 -9.188862e-02 2.315031e-01 9.684848e-01 -5.873224e-01 8.998997e-01 4.356930e-01 -1.876516e-02 -9.563848e+00
-9.540053e-01 1.904431e-01 2.315283e-01 2.038175e+02 2.594981e-01 1.378669e-01 9.558522e-01 -5.742122e-01 1.501154e-01 9.719692e-01 -1.809454e-01 -9.779647e+00
-8.160940e-01 4.498920e-01 -3.627503e-01 2.044889e+02 -2.886594e-01 2.264562e-01 9.302652e-01 -5.513222e-01 5.006659e-01 8.638951e-01 -5.494399e-02 -1.021578e+01
-9.402602e-01 -1.241191e-01 3.170256e-01 2.053302e+02 2.886481e-01 2.031553e-01 9.356336e-01 -5.214740e-01 -1.805355e-01 9.712478e-01 -1.551921e-01 -1.079185e+01
-6.503349e-01 4.199902e-01 -6.329872e-01 2.060969e+02 -5.509378e-01 3.129186e-01 7.736598e-01 -5.046699e-01 5.230030e-01 8.518745e-01 2.788660e-02 -1.115914e+01
-9.436494e-01 -3.286318e-01 -3.907526e-02 2.064191e+02 -1.677102e-01 3.730701e-01 9.125196e-01 -4.882693e-01 -2.853051e-01 8.676519e-01 -4.071623e-01 -1.142252e+01
-2.893963e-01 -6.534850e-02 -9.549761e-01 2.069217e+02 -7.714273e-01 6.065754e-01 1.922660e-01 -4.754101e-01 5.667007e-01 7.923357e-01 -2.259523e-01 -1.167108e+01
-8.316732e-01 -5.194173e-01 1.962789e-01 2.068811e+02 -3.694864e-01 7.815517e-01 5.026497e-01 -4.502395e-01 -4.144871e-01 3.455179e-01 -8.419132e-01 -1.196464e+01
-7.138011e-01 -2.344779e-01 -6.599304e-01 2.072308e+02 -4.128876e-01 9.020101e-01 1.261015e-01 -4.218861e-01 5.656958e-01 3.624885e-01 -7.406688e-01 -1.237440e+01
