9.999103e-01 1.492009e-03 -1.331020e-02 2.576753e-01 -1.488543e-03 9.999989e-01 2.703150e-04 1.098659e-03 1.331059e-02 -2.504786e-04 9.999114e-01 -3.030684e-01
9.999998e-01 4.091776e-04 4.856627e-04 4.732310e-01 -4.091634e-04 9.999999e-01 -2.922288e-05 2.306136e-03 -4.856743e-04 2.902487e-05 9.999999e-01 -5.959341e-01
9.999133e-01 3.195164e-03 -1.277583e-02 7.206939e-01 -3.194311e-03 9.999949e-01 8.722603e-05 8.050808e-03 1.277604e-02 -4.640922e-05 9.999184e-01 -1.129216e+00
9.999998e-01 -4.493509e-04 3.441668e-04 1.014826e+00 4.493722e-04 9.999999e-01 -6.170500e-05 1.311379e-02 -3.441387e-04 6.186037e-05 9.999999e-01 -1.676882e+00
9.998726e-01 3.468058e-03 -1.558320e-02 1.404531e+00 -3.465709e-03 9.999940e-01 1.777323e-04 1.498199e-02 1.558372e-02 -1.237036e-04 9.998786e-01 -2.207173e+00
9.999877e-01 -6.813338e-04 4.910286e-03 1.704087e+00 6.815592e-04 9.999998e-01 -4.420930e-05 2.227157e-02 -4.910254e-03 4.755612e-05 9.999879e-01 -2.860409e+00
9.998673e-01 6.955793e-03 -1.473232e-02 1.945903e+00 -6.968269e-03 9.999754e-01 -7.956590e-04 3.356531e-02 1.472642e-02 8.982115e-04 9.998912e-01 -3.762197e+00
9.999308e-01 1.763720e-03 1.162705e-02 2.133498e+00 -1.759379e-03 9.999984e-01 -3.835664e-04 5.580175e-02 -1.162771e-02 3.630842e-04 9.999323e-01 -5.121744e+00
9.998559e-01 6.054721e-03 -1.586052e-02 2.329542e+00 -6.067897e-03 9.999813e-01 -7.827414e-04 7.736097e-02 1.585548e-02 8.788679e-04 9.998739e-01 -6.418806e+00
9.998468e-01 3.421692e-03 1.716855e-02 2.379553e+00 -3.407548e-03 9.999938e-01 -8.530226e-04 1.062788e-01 -1.717136e-02 7.943899e-04 9.998522e-01 -7.928585e+00
9.998903e-01 1.440931e-02 3.439811e-03 2.035620e+00 -1.439424e-02 9.998869e-01 -4.364194e-03 1.685263e-01 -3.502307e-03 4.314201e-03 9.999846e-01 -1.061204e+01
9.995713e-01 1.293342e-02 2.626789e-02 1.514712e+00 -1.287672e-02 9.999144e-01 -2.326324e-03 2.611031e-01 -2.629573e-02 1.987083e-03 9.996522e-01 -1.456531e+01
9.997921e-01 -3.851076e-04 -2.038498e-02 1.528796e+00 3.770133e-04 9.999998e-01 -4.009122e-04 3.026256e-01 2.038513e-02 3.931427e-04 9.997921e-01 -1.661690e+01
9.999589e-01 3.308540e-03 8.445011e-03 1.891605e+00 -3.309812e-03 9.999945e-01 1.366701e-04 3.067611e-01 -8.444512e-03 -1.646151e-04 9.999643e-01 -1.726376e+01
9.997881e-01 1.467424e-03 -2.053414e-02 2.333489e+00 -1.489654e-03 9.999983e-01 -1.067350e-03 3.132070e-01 2.053254e-02 1.097712e-03 9.997886e-01 -1.814841e+01
9.999058e-01 5.240333e-03 1.268783e-02 2.775921e+00 -5.241248e-03 9.999863e-01 3.882806e-05 3.231782e-01 -1.268746e-02 -1.053238e-04 9.999195e-01 -1.926310e+01
9.996857e-01 2.602627e-03 -2.493435e-02 3.383301e+00 -2.641703e-03 9.999953e-01 -1.534348e-03 3.242328e-01 2.493024e-02 1.599734e-03 9.996879e-01 -2.025535e+01
9.996675e-01 9.782390e-03 2.385669e-02 3.797425e+00 -9.766096e-03 9.999520e-01 -7.994326e-04 3.506116e-01 -2.386337e-02 5.661808e-04 9.997151e-01 -2.222129e+01
9.997595e-01 1.954905e-03 -2.184160e-02 4.155306e+00 -1.987116e-03 9.999970e-01 -1.453158e-03 3.768922e-01 2.183869e-02 1.496209e-03 9.997604e-01 -2.414240e+01
9.997244e-01 9.237125e-03 2.158106e-02 4.499129e+00 -9.224127e-03 9.999572e-01 -7.017209e-04 3.949118e-01 -2.158662e-02 5.024618e-04 9.997669e-01 -2.571986e+01
9.998229e-01 3.136535e-03 -1.855792e-02 4.746894e+00 -3.176354e-03 9.999927e-01 -2.116575e-03 4.210127e-01 1.855115e-02 2.175146e-03 9.998255e-01 -2.755337e+01
9.995668e-01 1.079812e-02 2.737757e-02 4.866262e+00 -1.078573e-02 9.999417e-01 -6.000336e-04 4.614064e-01 -2.738245e-02 3.044873e-04 9.996250e-01 -2.980340e+01
9.998145e-01 3.534117e-03 -1.893386e-02 4.981197e+00 -3.597046e-03 9.999881e-01 -3.290600e-03 4.991758e-01 1.892200e-02 3.358095e-03 9.998153e-01 -3.200125e+01
9.994819e-01 1.036975e-02 3.047050e-02 4.973283e+00 -1.040297e-02 9.999455e-01 9.319696e-04 5.410833e-01 -3.045917e-02 -1.248470e-03 9.995352e-01 -3.407971e+01
9.997205e-01 4.500471e-03 -2.320951e-02 5.028189e+00 -4.618360e-03 9.999767e-01 -5.028246e-03 5.754797e-01 2.318634e-02 5.134030e-03 9.997180e-01 -3.613030e+01
9.997102e-01 8.463016e-03 2.253574e-02 5.526064e+00 -8.500731e-03 9.999626e-01 1.578306e-03 5.794985e-01 -2.252154e-02 -1.769419e-03 9.997448e-01 -3.749832e+01
9.997463e-01 5.383228e-03 -2.187077e-02 6.033308e+00 -5.513219e-03 9.999675e-01 -5.887674e-03 5.805714e-01 2.183836e-02 6.006758e-03 9.997435e-01 -3.873264e+01
9.997668e-01 9.337182e-03 1.947455e-02 6.697460e+00 -9.386825e-03 9.999529e-01 2.459245e-03 5.915610e-01 -1.945067e-02 -2.641475e-03 9.998073e-01 -4.070108e+01
9.998975e-01 5.776148e-03 -1.310104e-02 7.148516e+00 -5.865797e-03 9.999596e-01 -6.814891e-03 6.201355e-01 1.306115e-02 6.891040e-03 9.998910e-01 -4.310375e+01
9.995825e-01 1.155648e-02 2.648293e-02 7.316553e+00 -1.160253e-02 9.999314e-01 1.585852e-03 6.530044e-01 -2.646279e-02 -1.892458e-03 9.996480e-01 -4.544212e+01
9.998453e-01 4.484614e-03 -1.700947e-02 7.478468e+00 -4.580400e-03 9.999738e-01 -5.596522e-03 6.857206e-01 1.698393e-02 5.673566e-03 9.998397e-01 -4.768257e+01
9.997377e-01 8.816172e-03 2.113593e-02 7.729628e+00 -8.860790e-03 9.999587e-01 2.018308e-03 7.101489e-01 -2.111726e-02 -2.205059e-03 9.997746e-01 -4.955980e+01
9.999270e-01 6.442716e-03 -1.022578e-02 7.815185e+00 -6.511884e-03 9.999560e-01 -6.745296e-03 7.420902e-01 1.018188e-02 6.811392e-03 9.999250e-01 -5.165565e+01
9.998675e-01 6.134378e-03 1.507983e-02 7.970612e+00 -6.158054e-03 9.999799e-01 1.524096e-03 7.468149e-01 -1.507018e-02 -1.616756e-03 9.998851e-01 -5.263601e+01
9.999304e-01 5.024185e-03 -1.067916e-02 8.174988e+00 -5.091031e-03 9.999676e-01 -6.241517e-03 7.307420e-01 1.064746e-02 6.295449e-03 9.999235e-01 -5.267882e+01
9.998915e-01 4.327261e-03 1.407919e-02 8.170932e+00 -4.382993e-03 9.999827e-01 3.930028e-03 7.385681e-01 -1.406194e-02 -3.991310e-03 9.998932e-01 -5.346992e+01
9.999584e-01 8.150755e-03 -4.101276e-03 8.059976e+00 -8.185976e-03 9.999291e-01 -8.645639e-03 7.579770e-01 4.030516e-03 8.678851e-03 9.999542e-01 -5.471540e+01
9.999869e-01 2.264177e-03 4.596295e-03 8.218636e+00 -2.279480e-03 9.999919e-01 3.327047e-03 7.385826e-01 -4.588725e-03 -3.337480e-03 9.999839e-01 -5.438510e+01
9.999681e-01 7.743645e-03 -1.936335e-03 8.323576e+00 -7.761798e-03 9.999243e-01 -9.550071e-03 7.024347e-01 1.862236e-03 9.564795e-03 9.999525e-01 -5.319176e+01
9.999255e-01 6.758320e-03 1.015972e-02 8.383212e+00 -6.799715e-03 9.999687e-01 4.045417e-03 7.146277e-01 -1.013206e-02 -4.114199e-03 9.999402e-01 -5.448583e+01
9.996941e-01 4.788470e-03 -2.426516e-02 9.415304e+00 -4.977641e-03 9.999576e-01 -7.741572e-03 7.118400e-01 2.422706e-02 7.859987e-03 9.996756e-01 -5.600981e+01
9.998865e-01 4.674877e-03 1.432545e-02 9.999256e+00 -4.709371e-03 9.999861e-01 2.375158e-03 6.612135e-01 -1.431414e-02 -2.442351e-03 9.998946e-01 -5.497216e+01
9.994554e-01 8.071536e-03 -3.199716e-02 1.104683e+01 -8.272301e-03 9.999469e-01 -6.147043e-03 6.443120e-01 3.194584e-02 6.408385e-03 9.994691e-01 -5.612722e+01
9.997446e-01 -2.828514e-03 2.242374e-02 1.148886e+01 2.781415e-03 9.999939e-01 2.131279e-03 6.065899e-01 -2.242963e-02 -2.068364e-03 9.997463e-01 -5.552649e+01
9.994156e-01 9.019556e-03 -3.296988e-02 1.180280e+01 -9.259489e-03 9.999317e-01 -7.131916e-03 5.232593e-01 3.290330e-02 7.433032e-03 9.994309e-01 -5.263362e+01
9.999031e-01 -3.348036e-03 1.350861e-02 1.228450e+01 3.301781e-03 9.999886e-01 3.444968e-03 4.369500e-01 -1.351999e-02 -3.400031e-03 9.999028e-01 -4.991028e+01
9.995727e-01 8.478185e-03 -2.797481e-02 1.264203e+01 -8.682809e-03 9.999364e-01 -7.201238e-03 3.630089e-01 2.791197e-02 7.441060e-03 9.995827e-01 -4.747038e+01
9.998751e-01 -4.032651e-03 1.528356e-02 1.295687e+01 3.976084e-03 9.999851e-01 3.729706e-03 2.942586e-01 -1.529837e-02 -3.668471e-03 9.998762e-01 -4.521183e+01
9.988508e-01 7.168758e-03 -4.738804e-02 1.363770e+01 -7.385877e-03 9.999630e-01 -4.408206e-03 2.362769e-01 4.735469e-02 4.753142e-03 9.988668e-01 -4.388667e+01
9.999325e-01 -4.406917e-03 1.074971e-02 1.465103e+01 4.341921e-03 9.999722e-01 6.062130e-03 2.108427e-01 -1.077613e-02 -6.015046e-03 9.999238e-01 -4.411002e+01
9.996176e-01 5.749261e-03 -2.704773e-02 1.505130e+01 -5.950745e-03 9.999551e-01 -7.374624e-03 1.749353e-01 2.700412e-02 7.532757e-03 9.996069e-01 -4.319939e+01
9.998343e-01 -3.334447e-03 1.789355e-02 1.521948e+01 3.214038e-03 9.999720e-01 6.753718e-03 1.478342e-01 -1.791557e-02 -6.695088e-03 9.998171e-01 -4.236086e+01
9.998151e-01 9.464636e-03 -1.673912e-02 1.517944e+01 -9.597532e-03 9.999229e-01 -7.876827e-03 1.681074e-01 1.666328e-02 8.036024e-03 9.998289e-01 -4.334967e+01
9.998656e-01 -3.863141e-03 1.593355e-02 1.515490e+01 3.751929e-03 9.999684e-01 7.003768e-03 1.843104e-01 -1.596011e-02 -6.943045e-03 9.998485e-01 -4.418527e+01
9.997902e-01 8.704798e-03 -1.853874e-02 1.520194e+01 -8.849313e-03 9.999310e-01 -7.727560e-03 1.979763e-01 1.847019e-02 7.889994e-03 9.997983e-01 -4.498396e+01
9.999328e-01 -6.599368e-03 9.531222e-03 1.533048e+01 6.531793e-03 9.999534e-01 7.103761e-03 1.919924e-01 -9.577658e-03 -7.041027e-03 9.999293e-01 -4.499924e+01
9.997728e-01 7.993222e-03 -1.975858e-02 1.544305e+01 -8.135290e-03 9.999416e-01 -7.120293e-03 1.749541e-01 1.970051e-02 7.279416e-03 9.997794e-01 -4.457548e+01
9.999076e-01 -7.056818e-03 1.162005e-02 1.547542e+01 6.982611e-03 9.999550e-01 6.414349e-03 1.625971e-01 -1.166480e-02 -6.332617e-03 9.999119e-01 -4.417543e+01
9.997595e-01 8.822483e-03 -2.007741e-02 1.554852e+01 -8.946152e-03 9.999415e-01 -6.078147e-03 1.536915e-01 2.002261e-02 6.256300e-03 9.997800e-01 -4.403033e+01
9.998762e-01 -5.891118e-03 1.458975e-02 1.562239e+01 5.800115e-03 9.999635e-01 6.271945e-03 1.571286e-01 -1.462617e-02 -6.186546e-03 9.998739e-01 -4.438046e+01
9.998105e-01 1.108689e-02 -1.599914e-02 1.566052e+01 -1.119819e-02 9.999136e-01 -6.883877e-03 1.732320e-01 1.592143e-02 7.061734e-03 9.998483e-01 -4.519572e+01
9.998529e-01 -4.098352e-03 1.665771e-02 1.570034e+01 4.001462e-03 9.999749e-01 5.845712e-03 1.957201e-01 -1.668125e-02 -5.778196e-03 9.998442e-01 -4.632453e+01
9.998013e-01 1.106475e-02 -1.658247e-02 1.573853e+01 -1.118191e-02 9.999131e-01 -6.989178e-03 2.174069e-01 1.650369e-02 7.173212e-03 9.998381e-01 -4.745841e+01
9.998860e-01 -5.266823e-03 1.414878e-02 1.581965e+01 5.177527e-03 9.999665e-01 6.340515e-03 2.337692e-01 -1.418170e-02 -6.266536e-03 9.998798e-01 -4.840112e+01
9.997760e-01 9.813574e-03 -1.875127e-02 1.590493e+01 -9.938496e-03 9.999290e-01 -6.580531e-03 2.455042e-01 1.868536e-02 6.765416e-03 9.998025e-01 -4.910224e+01
9.998796e-01 -4.802359e-03 1.475335e-02 1.598477e+01 4.712332e-03 9.999701e-01 6.130862e-03 2.588651e-01 -1.478236e-02 -6.060600e-03 9.998724e-01 -4.989103e+01
9.998447e-01 1.252045e-02 -1.240519e-02 1.598966e+01 -1.261179e-02 9.998937e-01 -7.312631e-03 2.842598e-01 1.231231e-02 7.467946e-03 9.998963e-01 -5.114653e+01
9.998616e-01 -3.349498e-03 1.629427e-02 1.593358e+01 3.253585e-03 9.999772e-01 5.909242e-03 3.148189e-01 -1.631369e-02 -5.855409e-03 9.998498e-01 -5.252916e+01
9.998300e-01 1.104445e-02 -1.476701e-02 1.595964e+01 -1.115541e-02 9.999100e-01 -7.453311e-03 3.383874e-01 1.468336e-02 7.616774e-03 9.998632e-01 -5.378362e+01
9.999003e-01 -3.561623e-03 1.366100e-02 1.605685e+01 3.471685e-03 9.999722e-01 6.601622e-03 3.591115e-01 -1.368413e-02 -6.553536e-03 9.998849e-01 -5.495554e+01
9.998638e-01 1.272674e-02 -1.050684e-02 1.610674e+01 -1.281643e-02 9.998816e-01 -8.513796e-03 3.848253e-01 1.039724e-02 8.647296e-03 9.999086e-01 -5.640427e+01
9.998193e-01 2.279459e-04 1.901065e-02 1.606921e+01 -3.392582e-04 9.999828e-01 5.852246e-03 4.256314e-01 -1.900898e-02 -5.857637e-03 9.998022e-01 -5.842886e+01
9.998394e-01 1.003477e-02 -1.484685e-02 1.606404e+01 -1.015499e-02 9.999161e-01 -8.043894e-03 4.577943e-01 1.476489e-02 8.193371e-03 9.998574e-01 -6.006413e+01
9.997513e-01 1.520744e-03 2.225091e-02 1.607200e+01 -1.640484e-03 9.999843e-01 5.364068e-03 4.907518e-01 -2.224240e-02 -5.399235e-03 9.997380e-01 -6.187444e+01
9.997982e-01 8.794008e-03 -1.806195e-02 1.611162e+01 -8.927480e-03 9.999333e-01 -7.322386e-03 5.244214e-01 1.799635e-02 7.482155e-03 9.998101e-01 -6.358837e+01
9.997868e-01 -1.105940e-03 2.062079e-02 1.610078e+01 9.819768e-04 9.999814e-01 6.020742e-03 5.499428e-01 -2.062707e-02 -5.999208e-03 9.997692e-01 -6.483779e+01
9.997861e-01 9.482564e-03 -1.838043e-02 1.610713e+01 -9.622765e-03 9.999252e-01 -7.554344e-03 5.765323e-01 1.830742e-02 7.729598e-03 9.998025e-01 -6.615983e+01
9.999254e-01 -1.674359e-03 1.209610e-02 1.647301e+01 1.593224e-03 9.999762e-01 6.714079e-03 5.924182e-01 -1.210705e-02 -6.694306e-03 9.999043e-01 -6.743356e+01
9.998432e-01 1.128330e-02 -1.365023e-02 1.675046e+01 -1.139958e-02 9.998991e-01 -8.470871e-03 6.209285e-01 1.355328e-02 8.625148e-03 9.998709e-01 -6.919567e+01
9.998431e-01 1.544527e-04 1.771191e-02 1.681630e+01 -2.725339e-04 9.999778e-01 6.664550e-03 6.567382e-01 -1.771049e-02 -6.668331e-03 9.998209e-01 -7.101506e+01
9.998133e-01 8.357604e-03 -1.741888e-02 1.694943e+01 -8.501613e-03 9.999302e-01 -8.209817e-03 6.812629e-01 1.734905e-02 8.356372e-03 9.998146e-01 -7.242003e+01
9.998414e-01 1.639771e-04 1.781054e-02 1.707181e+01 -2.844821e-04 9.999771e-01 6.763622e-03 7.060419e-01 -1.780902e-02 -6.767615e-03 9.998185e-01 -7.384245e+01
9.997780e-01 7.415646e-03 -1.972099e-02 1.722371e+01 -7.574365e-03 9.999394e-01 -7.985760e-03 7.269414e-01 1.966057e-02 8.133361e-03 9.997736e-01 -7.510026e+01
9.997606e-01 1.905714e-03 2.179745e-02 1.731878e+01 -2.044329e-03 9.999778e-01 6.338687e-03 7.550400e-01 -2.178489e-02 -6.381730e-03 9.997423e-01 -7.663389e+01
9.997667e-01 7.130290e-03 -2.038943e-02 1.739409e+01 -7.290494e-03 9.999431e-01 -7.793680e-03 7.839478e-01 2.033269e-02 7.940510e-03 9.997617e-01 -7.810802e+01
9.997911e-01 9.713181e-04 2.041466e-02 1.744475e+01 -1.110539e-03 9.999762e-01 6.809438e-03 8.088141e-01 -2.040756e-02 -6.830686e-03 9.997684e-01 -7.936338e+01
9.997755e-01 7.386738e-03 -1.986089e-02 1.751269e+01 -7.547411e-03 9.999393e-01 -8.027188e-03 8.349159e-01 1.980039e-02 8.175283e-03 9.997705e-01 -8.067741e+01
9.998434e-01 -8.752098e-04 1.767700e-02 1.763021e+01 7.507581e-04 9.999749e-01 7.045738e-03 8.533427e-01 -1.768272e-02 -7.031363e-03 9.998189e-01 -8.176793e+01
9.997799e-01 7.661854e-03 -1.952824e-02 1.775893e+01 -7.823773e-03 9.999355e-01 -8.228645e-03 8.718167e-01 1.946393e-02 8.379618e-03 9.997754e-01 -8.289326e+01
9.998967e-01 -1.936121e-03 1.424558e-02 1.795013e+01 1.825634e-03 9.999682e-01 7.764814e-03 8.858286e-01 -1.426016e-02 -7.738003e-03 9.998684e-01 -8.384681e+01
9.997654e-01 6.470553e-03 -2.067191e-02 1.814170e+01 -6.641465e-03 9.999442e-01 -8.209876e-03 8.976543e-01 2.061764e-02 8.345241e-03 9.997526e-01 -8.468573e+01
9.998580e-01 -1.649427e-03 1.677239e-02 1.824693e+01 1.519873e-03 9.999689e-01 7.734092e-03 9.109373e-01 -1.678463e-02 -7.707501e-03 9.998294e-01 -8.549414e+01
9.996344e-01 2.249195e-03 -2.694324e-02 1.841764e+01 -2.485784e-03 9.999586e-01 -8.750761e-03 8.966436e-01 2.692244e-02 8.814537e-03 9.995987e-01 -8.514650e+01
9.998577e-01 -9.729069e-04 1.684135e-02 1.855319e+01 8.288260e-04 9.999630e-01 8.560060e-03 8.824651e-01 -1.684905e-02 -8.544882e-03 9.998215e-01 -8.482494e+01
9.997019e-01 6.159825e-03 -2.362435e-02 1.876827e+01 -6.374466e-03 9.999390e-01 -9.021060e-03 8.966397e-01 2.356734e-02 9.168963e-03 9.996802e-01 -8.575623e+01
9.998869e-01 -5.372375e-04 1.502800e-02 1.907654e+01 4.055238e-04 9.999615e-01 8.766232e-03 9.097469e-01 -1.503213e-02 -8.759146e-03 9.998486e-01 -8.672849e+01
9.995657e-01 4.645805e-03 -2.910168e-02 1.954594e+01 -4.898856e-03 9.999508e-01 -8.630184e-03 9.186489e-01 2.906015e-02 8.769000e-03 9.995392e-01 -8.763793e+01
9.997131e-01 4.140639e-04 2.394887e-02 1.973191e+01 -6.096011e-04 9.999665e-01 8.158056e-03 9.329460e-01 -2.394469e-02 -8.170314e-03 9.996799e-01 -8.857003e+01
9.994392e-01 5.097204e-03 -3.309404e-02 2.001817e+01 -5.373282e-03 9.999515e-01 -8.258657e-03 9.459893e-01 3.305033e-02 8.431848e-03 9.994181e-01 -8.947435e+01
9.998361e-01 -5.393336e-04 1.809560e-02 2.053887e+01 3.849674e-04 9.999635e-01 8.532999e-03 9.526412e-01 -1.809954e-02 -8.524634e-03 9.997998e-01 -9.033385e+01
9.991545e-01 6.318899e-03 -4.062351e-02 2.129818e+01 -6.643426e-03 9.999471e-01 -7.858619e-03 9.578018e-01 4.057170e-02 8.121854e-03 9.991436e-01 -9.136896e+01
9.996606e-01 -1.556557e-03 2.600552e-02 2.186599e+01 1.347557e-03 9.999667e-01 8.052332e-03 9.686867e-01 -2.601718e-02 -8.014554e-03 9.996294e-01 -9.243510e+01
9.979063e-01 7.879196e-03 -6.419427e-02 2.331780e+01 -8.288192e-03 9.999470e-01 -6.107406e-03 9.832105e-01 6.414275e-02 6.626673e-03 9.979187e-01 -9.431790e+01
9.995888e-01 -7.261628e-04 2.866673e-02 2.463585e+01 5.058940e-04 9.999703e-01 7.690285e-03 9.918018e-01 -2.867147e-02 -7.672620e-03 9.995594e-01 -9.595044e+01
9.989150e-01 5.878057e-03 -4.619797e-02 2.531927e+01 -6.218503e-03 9.999545e-01 -7.229019e-03 1.009884e+00 4.615338e-02 7.508457e-03 9.989061e-01 -9.739321e+01
9.992535e-01 1.997975e-03 3.858036e-02 2.568843e+01 -2.254577e-03 9.999756e-01 6.608753e-03 1.026553e+00 -3.856621e-02 -6.690801e-03 9.992336e-01 -9.868098e+01
9.988363e-01 3.069767e-03 -4.813174e-02 2.602165e+01 -3.399136e-03 9.999714e-01 -6.762718e-03 1.043106e+00 4.810960e-02 6.918453e-03 9.988181e-01 -9.976593e+01
9.990530e-01 2.138499e-03 4.345767e-02 2.617435e+01 -2.407593e-03 9.999782e-01 6.140696e-03 1.056245e+00 -4.344360e-02 -6.239509e-03 9.990364e-01 -1.006393e+02
9.989953e-01 4.539189e-03 -4.458516e-02 2.626401e+01 -4.870430e-03 9.999613e-01 -7.323595e-03 1.075595e+00 4.455019e-02 7.533385e-03 9.989787e-01 -1.017311e+02
9.991321e-01 1.848498e-03 4.161180e-02 2.642689e+01 -2.116027e-03 9.999774e-01 6.386045e-03 1.092510e+00 -4.159905e-02 -6.468554e-03 9.991134e-01 -1.028236e+02
9.989542e-01 4.666833e-03 -4.548432e-02 2.666322e+01 -5.020726e-03 9.999580e-01 -7.669432e-03 1.108871e+00 4.544662e-02 7.889774e-03 9.989356e-01 -1.040098e+02
9.991403e-01 1.571213e-03 4.142786e-02 2.690310e+01 -1.854451e-03 9.999752e-01 6.799354e-03 1.125427e+00 -4.141615e-02 -6.870333e-03 9.991184e-01 -1.051774e+02
9.989349e-01 4.270609e-03 -4.594480e-02 2.712117e+01 -4.634065e-03 9.999588e-01 -7.807092e-03 1.142061e+00 4.590957e-02 8.011687e-03 9.989135e-01 -1.062913e+02
9.991287e-01 2.058897e-03 4.168373e-02 2.735329e+01 -2.352877e-03 9.999727e-01 7.004786e-03 1.157149e+00 -4.166817e-02 -7.096759e-03 9.991063e-01 -1.073961e+02
9.990623e-01 4.961376e-03 -4.301050e-02 2.753095e+01 -5.331869e-03 9.999496e-01 -8.503587e-03 1.177477e+00 4.296615e-02 8.724939e-03 9.990384e-01 -1.086848e+02
9.991139e-01 2.754730e-03 4.199759e-02 2.770769e+01 -3.058569e-03 9.999696e-01 7.172137e-03 1.198918e+00 -4.197656e-02 -7.294233e-03 9.990920e-01 -1.100433e+02
9.989765e-01 3.836368e-03 -4.507014e-02 2.794135e+01 -4.224879e-03 9.999547e-01 -8.528029e-03 1.215969e+00 4.503539e-02 8.709715e-03 9.989474e-01 -1.112646e+02
9.991343e-01 2.817765e-03 4.150580e-02 2.815306e+01 -3.139380e-03 9.999655e-01 7.685528e-03 1.234610e+00 -4.148271e-02 -7.809177e-03 9.991087e-01 -1.124765e+02
9.990030e-01 3.603822e-03 -4.449640e-02 2.836497e+01 -3.997494e-03 9.999536e-01 -8.761460e-03 1.252232e+00 4.446276e-02 8.930598e-03 9.989711e-01 -1.136286e+02
9.991949e-01 2.729476e-03 4.002583e-02 2.856694e+01 -3.059523e-03 9.999618e-01 8.186903e-03 1.268086e+00 -4.000196e-02 -8.302771e-03 9.991651e-01 -1.146721e+02
9.987750e-01 2.692373e-03 -4.940843e-02 2.894319e+01 -3.119804e-03 9.999584e-01 -8.575890e-03 1.281853e+00 4.938328e-02 8.719529e-03 9.987418e-01 -1.157195e+02
9.990863e-01 2.630670e-03 4.265658e-02 2.926320e+01 -2.974125e-03 9.999637e-01 7.990165e-03 1.295339e+00 -4.263401e-02 -8.109730e-03 9.990578e-01 -1.167692e+02
9.988234e-01 2.979910e-03 -4.840463e-02 2.952925e+01 -3.422946e-03 9.999530e-01 -9.072440e-03 1.308276e+00 4.837532e-02 9.227451e-03 9.987866e-01 -1.178047e+02
9.992385e-01 6.910369e-04 3.901247e-02 2.985345e+01 -1.040369e-03 9.999595e-01 8.934785e-03 1.316976e+00 -3.900471e-02 -8.968567e-03 9.991988e-01 -1.186235e+02
9.989404e-01 2.603530e-03 -4.594825e-02 3.003327e+01 -3.032010e-03 9.999525e-01 -9.258041e-03 1.325847e+00 4.592196e-02 9.387546e-03 9.989009e-01 -1.192552e+02
9.989842e-01 3.367114e-04 4.506150e-02 2.995249e+01 -7.221855e-04 9.999633e-01 8.538397e-03 1.340118e+00 -4.505697e-02 -8.562265e-03 9.989477e-01 -1.196756e+02
9.987415e-01 2.379965e-03 -5.009764e-02 2.999771e+01 -2.829727e-03 9.999563e-01 -8.908684e-03 1.348724e+00 5.007425e-02 9.039234e-03 9.987046e-01 -1.201774e+02
9.989626e-01 5.683861e-04 4.553391e-02 3.005817e+01 -9.535491e-04 9.999639e-01 8.437549e-03 1.356727e+00 -4.552747e-02 -8.472214e-03 9.989272e-01 -1.207126e+02
9.987963e-01 2.598899e-03 -4.898090e-02 3.005633e+01 -3.041989e-03 9.999551e-01 -8.973816e-03 1.367320e+00 4.895538e-02 9.112013e-03 9.987594e-01 -1.212458e+02
9.991795e-01 -9.481620e-04 4.049012e-02 3.015946e+01 5.766365e-04 9.999576e-01 9.186406e-03 1.371324e+00 -4.049711e-02 -9.155520e-03 9.991377e-01 -1.215419e+02
9.989047e-01 3.677167e-03 -4.664642e-02 3.022419e+01 -4.115710e-03 9.999482e-01 -9.308871e-03 1.379326e+00 4.660978e-02 9.490657e-03 9.988681e-01 -1.219844e+02
9.990707e-01 -4.225760e-04 4.309957e-02 3.022835e+01 3.457227e-05 9.999595e-01 9.002849e-03 1.390865e+00 -4.310163e-02 -8.992992e-03 9.990302e-01 -1.225199e+02
9.989995e-01 3.927927e-03 -4.454908e-02 3.017395e+01 -4.352200e-03 9.999461e-01 -9.430733e-03 1.407009e+00 4.450963e-02 9.615183e-03 9.989627e-01 -1.230275e+02
9.991651e-01 -1.772921e-03 4.081565e-02 3.010333e+01 1.390131e-03 9.999548e-01 9.405008e-03 1.417245e+00 -4.083048e-02 -9.340416e-03 9.991224e-01 -1.232738e+02
9.990543e-01 5.843953e-03 -4.308471e-02 3.009286e+01 -6.285576e-03 9.999290e-01 -1.012177e-02 1.431300e+00 4.302250e-02 1.038301e-02 9.990201e-01 -1.239384e+02
9.985200e-01 3.683961e-04 5.438469e-02 2.953151e+01 -8.568135e-04 9.999595e-01 8.957749e-03 1.472505e+00 -5.437918e-02 -8.991089e-03 9.984799e-01 -1.245849e+02
9.989432e-01 3.840682e-03 -4.580103e-02 2.901772e+01 -4.302721e-03 9.999408e-01 -9.993628e-03 1.506000e+00 4.575993e-02 1.018014e-02 9.989006e-01 -1.250253e+02
9.988772e-01 2.854130e-03 4.728794e-02 2.899561e+01 -3.267778e-03 9.999571e-01 8.672455e-03 1.527294e+00 -4.726115e-02 -8.817244e-03 9.988437e-01 -1.261264e+02
9.990248e-01 4.284776e-03 -4.394398e-02 2.896072e+01 -4.745842e-03 9.999347e-01 -1.039317e-02 1.552732e+00 4.389658e-02 1.059159e-02 9.989799e-01 -1.273730e+02
9.989456e-01 2.680150e-03 4.583030e-02 2.893942e+01 -3.102929e-03 9.999533e-01 9.156218e-03 1.576036e+00 -4.580362e-02 -9.288771e-03 9.989073e-01 -1.285333e+02
9.989409e-01 3.415726e-03 -4.588580e-02 2.898343e+01 -3.902336e-03 9.999371e-01 -1.051942e-02 1.594883e+00 4.584698e-02 1.068734e-02 9.988913e-01 -1.295821e+02
9.990376e-01 2.190724e-03 4.380747e-02 2.908074e+01 -2.617394e-03 9.999497e-01 9.684682e-03 1.610985e+00 -4.378405e-02 -9.790022e-03 9.989930e-01 -1.305661e+02
9.990885e-01 3.717668e-03 -4.252365e-02 2.903568e+01 -4.182980e-03 9.999323e-01 -1.085867e-02 1.633879e+00 4.248040e-02 1.102665e-02 9.990365e-01 -1.315777e+02
9.990530e-01 2.119974e-03 4.345795e-02 2.896359e+01 -2.556861e-03 9.999467e-01 9.999996e-03 1.656730e+00 -4.343443e-02 -1.010164e-02 9.990052e-01 -1.324973e+02
9.988995e-01 4.079558e-03 -4.672310e-02 2.913881e+01 -4.605824e-03 9.999271e-01 -1.116140e-02 1.672713e+00 4.667416e-02 1.136432e-02 9.988455e-01 -1.335515e+02
9.990540e-01 1.613432e-03 4.345654e-02 2.928125e+01 -2.078477e-03 9.999410e-01 1.065833e-02 1.688757e+00 -4.343678e-02 -1.073857e-02 9.989985e-01 -1.345636e+02
9.987252e-01 7.826249e-04 -5.047226e-02 2.939548e+01 -1.327680e-03 9.999412e-01 -1.076647e-02 1.692839e+00 5.046087e-02 1.081976e-02 9.986674e-01 -1.349661e+02
9.988554e-01 3.282384e-03 4.771906e-02 2.946033e+01 -3.763827e-03 9.999429e-01 1.000276e-02 1.705048e+00 -4.768350e-02 -1.017092e-02 9.988107e-01 -1.356867e+02
9.992340e-01 7.868030e-03 -3.833539e-02 2.939359e+01 -8.389003e-03 9.998744e-01 -1.344801e-02 1.740852e+00 3.822477e-02 1.375931e-02 9.991744e-01 -1.375203e+02
9.987626e-01 4.422744e-03 4.953528e-02 2.922585e+01 -4.982664e-03 9.999250e-01 1.118568e-02 1.786682e+00 -4.948209e-02 -1.141866e-02 9.987097e-01 -1.395265e+02
9.988923e-01 2.391735e-03 -4.699353e-02 2.917150e+01 -2.995135e-03 9.999139e-01 -1.277384e-02 1.810742e+00 4.695893e-02 1.290045e-02 9.988135e-01 -1.406213e+02
9.990983e-01 1.511867e-03 4.243080e-02 2.923518e+01 -2.051571e-03 9.999175e-01 1.267899e-02 1.821185e+00 -4.240813e-02 -1.275461e-02 9.990190e-01 -1.412556e+02
9.985894e-01 -3.633643e-04 -5.309582e-02 2.938458e+01 -2.920759e-04 9.999239e-01 -1.233619e-02 1.815890e+00 5.309626e-02 1.233430e-02 9.985132e-01 -1.412972e+02
9.982568e-01 4.335662e-03 5.885993e-02 2.903232e+01 -5.039242e-03 9.999176e-01 1.181030e-02 1.841224e+00 -5.880387e-02 -1.208633e-02 9.981964e-01 -1.418100e+02
9.980970e-01 -9.489659e-04 -6.165647e-02 2.889648e+01 1.725608e-04 9.999206e-01 -1.259654e-02 1.852038e+00 6.166353e-02 1.256193e-02 9.980179e-01 -1.421226e+02
9.983234e-01 5.024363e-03 5.766400e-02 2.903780e+01 -5.718720e-03 9.999130e-01 1.188274e-02 1.857534e+00 -5.759928e-02 -1.219258e-02 9.982653e-01 -1.427806e+02
9.979462e-01 -6.991344e-04 -6.405396e-02 2.917444e+01 -9.635028e-05 9.999229e-01 -1.241504e-02 1.866219e+00 6.405770e-02 1.239572e-02 9.978692e-01 -1.434565e+02
9.985543e-01 8.832287e-04 5.374520e-02 2.929547e+01 -1.565472e-03 9.999187e-01 1.265326e-02 1.855900e+00 -5.372965e-02 -1.271910e-02 9.984745e-01 -1.432853e+02
9.980011e-01 -5.012274e-04 -6.319517e-02 2.937167e+01 -3.050211e-04 9.999187e-01 -1.274778e-02 1.848777e+00 6.319643e-02 1.274157e-02 9.979198e-01 -1.431568e+02
9.985085e-01 1.189029e-03 5.458428e-02 2.944056e+01 -1.908365e-03 9.999120e-01 1.312822e-02 1.848159e+00 -5.456387e-02 -1.321281e-02 9.984229e-01 -1.431813e+02
9.982404e-01 1.350268e-03 -5.928128e-02 2.948532e+01 -2.140148e-03 9.999098e-01 -1.326281e-02 1.856179e+00 5.925802e-02 1.336635e-02 9.981532e-01 -1.436158e+02
9.989565e-01 -6.076110e-04 4.566868e-02 2.978631e+01 -2.626331e-06 9.999107e-01 1.336103e-02 1.839989e+00 -4.567273e-02 -1.334720e-02 9.988673e-01 -1.434461e+02
9.985408e-01 1.103401e-03 -5.399115e-02 2.986792e+01 -1.884001e-03 9.998944e-01 -1.440916e-02 1.817933e+00 5.396955e-02 1.448985e-02 9.984374e-01 -1.427845e+02
9.985649e-01 -7.875470e-04 5.354846e-02 2.965471e+01 1.179651e-04 9.999218e-01 1.250624e-02 1.820403e+00 -5.355413e-02 -1.248197e-02 9.984869e-01 -1.421433e+02
9.981933e-01 1.064909e-03 -6.007573e-02 2.958571e+01 -1.856804e-03 9.999121e-01 -1.312732e-02 1.819017e+00 6.005647e-02 1.321515e-02 9.981075e-01 -1.417312e+02
9.986020e-01 -1.394367e-03 5.284124e-02 2.959665e+01 7.463601e-04 9.999243e-01 1.228103e-02 1.808558e+00 -5.285436e-02 -1.222442e-02 9.985274e-01 -1.413908e+02
9.984117e-01 1.758950e-03 -5.631155e-02 2.948019e+01 -2.513467e-03 9.999080e-01 -1.333096e-02 1.806997e+00 5.628292e-02 1.345132e-02 9.983242e-01 -1.409862e+02
9.985760e-01 5.814442e-04 5.334423e-02 2.935575e+01 -1.300414e-03 9.999088e-01 1.344422e-02 1.819854e+00 -5.333155e-02 -1.349445e-02 9.984857e-01 -1.412847e+02
9.980500e-01 7.377574e-04 -6.241579e-02 2.947312e+01 -1.568051e-03 9.999109e-01 -1.325468e-02 1.813784e+00 6.240045e-02 1.332671e-02 9.979622e-01 -1.413421e+02
9.986328e-01 -3.348404e-04 5.227213e-02 2.960346e+01 -3.846709e-04 9.999053e-01 1.375406e-02 1.807237e+00 -5.227179e-02 -1.375536e-02 9.985382e-01 -1.413303e+02
9.979591e-01 1.359672e-03 -6.384129e-02 2.978935e+01 -2.215848e-03 9.999085e-01 -1.334211e-02 1.801398e+00 6.381731e-02 1.345635e-02 9.978709e-01 -1.413771e+02
9.985555e-01 -1.017639e-03 5.372113e-02 2.994400e+01 2.911098e-04 9.999084e-01 1.353018e-02 1.788047e+00 -5.372998e-02 -1.349499e-02 9.984643e-01 -1.411479e+02
9.978738e-01 1.477837e-03 -6.515831e-02 3.012637e+01 -2.339310e-03 9.999108e-01 -1.314691e-02 1.774249e+00 6.513307e-02 1.327138e-02 9.977883e-01 -1.409555e+02
9.985874e-01 -1.303182e-03 5.311846e-02 3.030202e+01 5.762614e-04 9.999060e-01 1.369792e-02 1.760440e+00 -5.313132e-02 -1.364796e-02 9.984943e-01 -1.407384e+02
9.979060e-01 1.648499e-03 -6.465946e-02 3.048282e+01 -2.508440e-03 9.999095e-01 -1.322062e-02 1.747658e+00 6.463181e-02 1.335513e-02 9.978198e-01 -1.405675e+02
9.986367e-01 -1.519954e-03 5.217736e-02 3.066526e+01 8.001394e-04 9.999043e-01 1.381365e-02 1.736573e+00 -5.219337e-02 -1.375306e-02 9.985423e-01 -1.404292e+02
9.978371e-01 1.943890e-03 -6.570677e-02 3.088498e+01 -2.819756e-03 9.999084e-01 -1.323981e-02 1.724965e+00 6.567502e-02 1.339645e-02 9.977511e-01 -1.403070e+02
9.986166e-01 -1.662664e-03 5.255585e-02 3.110789e+01 9.287417e-04 9.999018e-01 1.398597e-02 1.711996e+00 -5.257394e-02 -1.391781e-02 9.985200e-01 -1.401568e+02
9.978812e-01 2.268646e-03 -6.502242e-02 3.134450e+01 -3.143896e-03 9.999058e-01 -1.336157e-02 1.701521e+00 6.498598e-02 1.353768e-02 9.977943e-01 -1.401110e+02
9.984852e-01 2.840699e-04 5.501941e-02 3.156525e+01 -1.040243e-03 9.999054e-01 1.371561e-02 1.704034e+00 -5.501031e-02 -1.375207e-02 9.983911e-01 -1.405496e+02
9.981814e-01 4.124436e-03 -6.014018e-02 3.167516e+01 -4.978820e-03 9.998887e-01 -1.406362e-02 1.717658e+00 6.007548e-02 1.433747e-02 9.980909e-01 -1.413088e+02
9.985423e-01 7.228262e-04 5.396967e-02 3.183080e+01 -1.479184e-03 9.999012e-01 1.397587e-02 1.732016e+00 -5.395424e-02 -1.403533e-02 9.984448e-01 -1.421628e+02
9.988622e-01 1.447859e-02 -4.543863e-02 3.174553e+01 -1.529752e-02 9.997258e-01 -1.772720e-02 1.785721e+00 4.516951e-02 1.840213e-02 9.988098e-01 -1.445555e+02
9.985830e-01 -2.661347e-04 5.321487e-02 3.168323e+01 -5.658520e-04 9.998779e-01 1.561880e-02 1.835186e+00 -5.321253e-02 -1.562678e-02 9.984609e-01 -1.467991e+02
9.988323e-01 1.545609e-02 -4.577377e-02 3.177975e+01 -1.634112e-02 9.996855e-01 -1.902415e-02 1.882594e+00 4.546533e-02 1.974993e-02 9.987707e-01 -1.492613e+02
9.987301e-01 -5.345654e-03 5.009532e-02 3.179377e+01 4.437540e-03 9.998241e-01 1.822145e-02 1.921040e+00 -5.018391e-02 -1.797601e-02 9.985782e-01 -1.510991e+02
9.976691e-01 1.235272e-02 -6.711033e-02 3.227056e+01 -1.362166e-02 9.997364e-01 -1.848368e-02 1.929988e+00 6.686431e-02 1.935475e-02 9.975743e-01 -1.521666e+02
9.978559e-01 -9.046201e-04 6.544368e-02 3.251050e+01 -2.395695e-04 9.998473e-01 1.747362e-02 1.971967e+00 -6.544950e-02 -1.745183e-02 9.977033e-01 -1.544373e+02
9.984665e-01 1.339431e-02 -5.371476e-02 3.225783e+01 -1.451864e-02 9.996825e-01 -2.059613e-02 2.020554e+00 5.342183e-02 2.134441e-02 9.983439e-01 -1.564649e+02
9.974701e-01 3.054055e-03 7.102226e-02 3.178477e+01 -4.329608e-03 9.998320e-01 1.781291e-02 2.086017e+00 -7.095592e-02 -1.807534e-02 9.973157e-01 -1.588786e+02
9.960395e-01 1.797704e-02 -8.707518e-02 3.285840e+01 -1.981068e-02 9.995989e-01 -2.023991e-02 2.132470e+00 8.667640e-02 2.188477e-02 9.959961e-01 -1.621084e+02
9.987499e-01 -1.365491e-02 4.808440e-02 3.453199e+01 1.251345e-02 9.996346e-01 2.396017e-02 2.157343e+00 -4.839400e-02 -2.332851e-02 9.985559e-01 -1.645188e+02
9.990204e-01 1.770711e-02 -4.055438e-02 3.398461e+01 -1.870452e-02 9.995285e-01 -2.434847e-02 2.204613e+00 4.010412e-02 2.508316e-02 9.988806e-01 -1.642344e+02
9.977622e-01 -1.668053e-02 6.474788e-02 3.299940e+01 1.524246e-02 9.996275e-01 2.264104e-02 2.265525e+00 -6.510142e-02 -2.160346e-02 9.976448e-01 -1.632185e+02
9.986119e-01 1.676987e-02 -4.993061e-02 3.225444e+01 -1.800348e-02 9.995411e-01 -2.436026e-02 2.311100e+00 4.949918e-02 2.522537e-02 9.984556e-01 -1.625232e+02
9.980339e-01 -1.620530e-02 6.054470e-02 3.163874e+01 1.485441e-02 9.996320e-01 2.269617e-02 2.344614e+00 -6.089022e-02 -2.175220e-02 9.979074e-01 -1.618405e+02
9.989985e-01 1.727889e-02 -4.127245e-02 3.071235e+01 -1.831029e-02 9.995261e-01 -2.474400e-02 2.405846e+00 4.082535e-02 2.547493e-02 9.988415e-01 -1.609040e+02
9.974035e-01 -1.577715e-02 7.026677e-02 2.955178e+01 1.426044e-02 9.996555e-01 2.203455e-02 2.479387e+00 -7.059020e-02 -2.097530e-02 9.972848e-01 -1.596686e+02
9.993010e-01 1.737405e-02 -3.310189e-02 2.809208e+01 -1.825015e-02 9.994861e-01 -2.635106e-02 2.574437e+00 3.262706e-02 2.693675e-02 9.991045e-01 -1.580853e+02
9.979518e-01 -1.604864e-02 6.192419e-02 2.695641e+01 1.456417e-02 9.995974e-01 2.434968e-02 2.646255e+00 -6.229004e-02 -2.339793e-02 9.977838e-01 -1.569445e+02
9.995558e-01 1.738538e-02 -2.420534e-02 2.541513e+01 -1.810588e-02 9.993897e-01 -2.987222e-02 2.746056e+00 2.367123e-02 3.029721e-02 9.992606e-01 -1.555027e+02
9.971853e-01 -1.517136e-02 7.342525e-02 2.359840e+01 1.335713e-02 9.995948e-01 2.513677e-02 2.872566e+00 -7.377686e-02 -2.408526e-02 9.969839e-01 -1.538258e+02
9.989141e-01 1.520212e-02 -4.404001e-02 2.241166e+01 -1.646766e-02 9.994576e-01 -2.851726e-02 2.950423e+00 4.358260e-02 2.921153e-02 9.986227e-01 -1.525853e+02
9.968950e-01 -1.393037e-02 7.750030e-02 2.109460e+01 1.201300e-02 9.996115e-01 2.515160e-02 3.035978e+00 -7.782056e-02 -2.414250e-02 9.966750e-01 -1.512848e+02
9.988251e-01 1.452447e-02 -4.623282e-02 1.976808e+01 -1.582747e-02 9.994842e-01 -2.794311e-02 3.127449e+00 4.580311e-02 2.864203e-02 9.985398e-01 -1.504742e+02
9.986930e-01 -1.318112e-02 4.938128e-02 1.933021e+01 1.178456e-02 9.995253e-01 2.846631e-02 3.157121e+00 -4.973305e-02 -2.784716e-02 9.983743e-01 -1.504643e+02
9.987208e-01 1.488917e-02 -4.832357e-02 1.898413e+01 -1.625671e-02 9.994749e-01 -2.803104e-02 3.180406e+00 4.788084e-02 2.878076e-02 9.984383e-01 -1.505450e+02
9.982707e-01 -1.335622e-02 5.724743e-02 1.834866e+01 1.176236e-02 9.995362e-01 2.808869e-02 3.219511e+00 -5.759604e-02 -2.736675e-02 9.979648e-01 -1.503498e+02
9.988853e-01 1.482699e-02 -4.481525e-02 1.766042e+01 -1.610963e-02 9.994669e-01 -2.839634e-02 3.263085e+00 4.437033e-02 2.908665e-02 9.985916e-01 -1.502391e+02
9.983299e-01 -1.374727e-02 5.611093e-02 1.698030e+01 1.221378e-02 9.995449e-01 2.758170e-02 3.303255e+00 -5.646457e-02 -2.685031e-02 9.980435e-01 -1.499190e+02
9.988475e-01 1.524935e-02 -4.550934e-02 1.629683e+01 -1.654373e-02 9.994653e-01 -2.820214e-02 3.341966e+00 4.505494e-02 2.892253e-02 9.985657e-01 -1.499367e+02
9.988955e-01 -1.561809e-02 4.431511e-02 1.609501e+01 1.445858e-02 9.995478e-01 2.636610e-02 3.342368e+00 -4.470686e-02 -2.569625e-02 9.986696e-01 -1.491744e+02
9.987628e-01 1.584271e-02 -4.713585e-02 1.600508e+01 -1.721253e-02 9.994370e-01 -2.879851e-02 3.326742e+00 4.665307e-02 2.957421e-02 9.984733e-01 -1.480281e+02
9.985381e-01 -1.642317e-02 5.149649e-02 1.564353e+01 1.504189e-02 9.995196e-01 2.709653e-02 3.343840e+00 -5.191677e-02 -2.628231e-02 9.983055e-01 -1.472165e+02
9.984148e-01 1.674881e-02 -5.373356e-02 1.544911e+01 -1.821539e-02 9.994716e-01 -2.692076e-02 3.357493e+00 5.325427e-02 2.785687e-02 9.981924e-01 -1.470847e+02
9.986761e-01 -1.761767e-02 4.832951e-02 1.538999e+01 1.630733e-02 9.994922e-01 2.737421e-02 3.357504e+00 -4.878724e-02 -2.654985e-02 9.984563e-01 -1.467422e+02
9.987300e-01 1.703486e-02 -4.741524e-02 1.510497e+01 -1.836222e-02 9.994476e-01 -2.770081e-02 3.373730e+00 4.691717e-02 2.853627e-02 9.984911e-01 -1.462063e+02
9.990659e-01 -1.705031e-02 3.970587e-02 1.513698e+01 1.593010e-02 9.994708e-01 2.836033e-02 3.369819e+00 -4.016841e-02 -2.770132e-02 9.988089e-01 -1.460938e+02
9.987229e-01 1.883842e-02 -4.688004e-02 1.526385e+01 -2.015606e-02 9.994104e-01 -2.779450e-02 3.373817e+00 4.632880e-02 2.870391e-02 9.985138e-01 -1.465433e+02
9.991509e-01 -1.920470e-02 3.644971e-02 1.541562e+01 1.818195e-02 9.994373e-01 2.818619e-02 3.366591e+00 -3.697051e-02 -2.749953e-02 9.989379e-01 -1.464842e+02
9.986743e-01 1.916281e-02 -4.777541e-02 1.554161e+01 -2.048991e-02 9.994133e-01 -2.744474e-02 3.353659e+00 4.722147e-02 2.838726e-02 9.984810e-01 -1.461680e+02
9.991001e-01 -1.937034e-02 3.773318e-02 1.563520e+01 1.832029e-02 9.994406e-01 2.797801e-02 3.340359e+00 -3.825402e-02 -2.726155e-02 9.988961e-01 -1.458114e+02
9.986964e-01 1.921053e-02 -4.729184e-02 1.569966e+01 -2.051580e-02 9.994175e-01 -2.727145e-02 3.330424e+00 4.674039e-02 2.820612e-02 9.985088e-01 -1.454883e+02
9.991238e-01 -1.966409e-02 3.694639e-02 1.579684e+01 1.863506e-02 9.994344e-01 2.799294e-02 3.322483e+00 -3.747595e-02 -2.727992e-02 9.989251e-01 -1.452357e+02
9.986354e-01 1.993550e-02 -4.826920e-02 1.599603e+01 -2.127013e-02 9.994011e-01 -2.729578e-02 3.314717e+00 4.769614e-02 2.828522e-02 9.984613e-01 -1.452130e+02
9.990744e-01 -1.962034e-02 3.828095e-02 1.619112e+01 1.855552e-02 9.994364e-01 2.797567e-02 3.310328e+00 -3.880827e-02 -2.723946e-02 9.988753e-01 -1.453837e+02
9.986144e-01 1.972621e-02 -4.878785e-02 1.638236e+01 -2.107068e-02 9.994080e-01 -2.719850e-02 3.303626e+00 4.822244e-02 2.818881e-02 9.984388e-01 -1.454483e+02
9.992544e-01 -1.867900e-02 3.378851e-02 1.670132e+01 1.772557e-02 9.994423e-01 2.830040e-02 3.297384e+00 -3.429829e-02 -2.768038e-02 9.990282e-01 -1.456279e+02
9.988982e-01 1.898182e-02 -4.291833e-02 1.676558e+01 -2.017524e-02 9.994169e-01 -2.754673e-02 3.294130e+00 4.237041e-02 2.838226e-02 9.986988e-01 -1.456067e+02
9.989567e-01 -1.751722e-02 4.217333e-02 1.653328e+01 1.632890e-02 9.994644e-01 2.835848e-02 3.314456e+00 -4.264751e-02 -2.764025e-02 9.987078e-01 -1.457174e+02
9.987866e-01 1.908513e-02 -4.539925e-02 1.640800e+01 -2.035858e-02 9.994074e-01 -2.775512e-02 3.328912e+00 4.484264e-02 2.864571e-02 9.985833e-01 -1.459366e+02
9.991652e-01 -1.891957e-02 3.620627e-02 1.646874e+01 1.789210e-02 9.994338e-01 2.849487e-02 3.331871e+00 -3.672488e-02 -2.782327e-02 9.989380e-01 -1.460604e+02
9.988683e-01 2.100637e-02 -4.267223e-02 1.654961e+01 -2.220731e-02 9.993649e-01 -2.786703e-02 3.338286e+00 4.205974e-02 2.878312e-02 9.987004e-01 -1.464825e+02
9.992204e-01 -1.997080e-02 3.405537e-02 1.667591e+01 1.899710e-02 9.994081e-01 2.867955e-02 3.343699e+00 -3.460797e-02 -2.801023e-02 9.990084e-01 -1.468796e+02
9.989180e-01 2.163236e-02 -4.116966e-02 1.676433e+01 -2.279388e-02 9.993492e-01 -2.795563e-02 3.348597e+00 4.053812e-02 2.886380e-02 9.987610e-01 -1.472804e+02
9.996340e-01 -1.691710e-02 2.111319e-02 1.737095e+01 1.630762e-02 9.994547e-01 2.871315e-02 3.351897e+00 -2.158742e-02 -2.835834e-02 9.993647e-01 -1.481603e+02
9.985920e-01 1.938528e-02 -4.937907e-02 1.836543e+01 -2.072931e-02 9.994244e-01 -2.685358e-02 3.353287e+00 4.883009e-02 2.783936e-02 9.984190e-01 -1.491880e+02
9.992893e-01 -1.899653e-02 3.255940e-02 1.882543e+01 1.808688e-02 9.994440e-01 2.800837e-02 3.354953e+00 -3.307336e-02 -2.739956e-02 9.990773e-01 -1.497653e+02
9.989977e-01 2.057997e-02 -3.974931e-02 1.892389e+01 -2.167926e-02 9.993887e-01 -2.742529e-02 3.357917e+00 3.916060e-02 2.825954e-02 9.988332e-01 -1.501373e+02
9.993975e-01 -2.036168e-02 2.810675e-02 1.914075e+01 1.957881e-02 9.994203e-01 2.785330e-02 3.345703e+00 -2.865759e-02 -2.728622e-02 9.992168e-01 -1.500280e+02
9.989048e-01 2.047158e-02 -4.207224e-02 1.938678e+01 -2.160594e-02 9.994103e-01 -2.668675e-02 3.333366e+00 4.150111e-02 2.756653e-02 9.987581e-01 -1.499408e+02
9.991557e-01 -2.119547e-02 3.519382e-02 1.934520e+01 2.023954e-02 9.994224e-01 2.729972e-02 3.336535e+00 -3.575212e-02 -2.656436e-02 9.990076e-01 -1.496731e+02
9.988785e-01 2.132590e-02 -4.227260e-02 1.931904e+01 -2.245722e-02 9.993973e-01 -2.647088e-02 3.344698e+00 4.168261e-02 2.739052e-02 9.987554e-01 -1.496165e+02
9.981722e-01 -2.004947e-02 5.701172e-02 1.852176e+01 1.859888e-02 9.994925e-01 2.586160e-02 3.394215e+00 -5.750130e-02 -2.475397e-02 9.980385e-01 -1.492420e+02
9.989121e-01 2.028815e-02 -4.198924e-02 1.774603e+01 -2.143398e-02 9.994051e-01 -2.702082e-02 3.442432e+00 4.141605e-02 2.789142e-02 9.987526e-01 -1.489423e+02
9.987999e-01 -2.008072e-02 4.467187e-02 1.734641e+01 1.887530e-02 9.994506e-01 2.724411e-02 3.467927e+00 -4.519441e-02 -2.636822e-02 9.986302e-01 -1.486858e+02
9.985429e-01 1.945144e-02 -5.033627e-02 1.728922e+01 -2.086754e-02 9.993967e-01 -2.776196e-02 3.458329e+00 4.976590e-02 2.877190e-02 9.983464e-01 -1.481026e+02
9.990165e-01 -1.963153e-02 3.975736e-02 1.737924e+01 1.853192e-02 9.994406e-01 2.784035e-02 3.439180e+00 -4.028167e-02 -2.707619e-02 9.988214e-01 -1.474904e+02
9.987277e-01 2.394589e-02 -4.438009e-02 1.748319e+01 -2.524386e-02 9.992629e-01 -2.892058e-02 3.451762e+00 4.365484e-02 3.000411e-02 9.985960e-01 -1.483205e+02
