1.000000e+00 1.197625e-11 1.704638e-10 1.665335e-16 1.197625e-11 1.000000e+00 3.562503e-10 -1.110223e-16 1.704638e-10 3.562503e-10 1.000000e+00 2.220446e-16 0.000000e+00 0.000000e+00 0.000000e+00 1.000000e+00
8.582185e-01 -1.024270e-01 -5.029609e-01 5.104373e-01 1.143562e-01 9.934139e-01 -7.177020e-03 4.822681e-02 5.003834e-01 -5.135727e-02 8.642794e-01 -6.852142e-01
9.005076e-01 2.925478e-02 4.338551e-01 1.266170e+00 -8.521274e-03 9.987300e-01 -4.965748e-02 8.042259e-02 -4.347568e-01 4.101994e-02 8.996132e-01 -1.241315e+00
9.706560e-01 -2.002427e-01 1.331536e-01 2.085097e+00 1.979314e-01 9.797409e-01 3.051135e-02 1.024009e-01 -1.365657e-01 -3.260754e-03 9.906257e-01 -1.730146e+00
8.229818e-01 2.480594e-02 5.675259e-01 2.675334e+00 6.172078e-02 9.892272e-01 -1.327407e-01 1.161701e-01 -5.647048e-01 1.442713e-01 8.125849e-01 -2.035145e+00
9.496357e-01 -1.223148e-01 2.884982e-01 3.435660e+00 8.221247e-02 9.856720e-01 1.472813e-01 1.148756e-01 -3.023793e-01 -1.161455e-01 9.460851e-01 -2.100121e+00
8.191407e-01 -9.558278e-02 5.655726e-01 4.087881e+00 2.077755e-01 9.684996e-01 -1.372512e-01 1.131661e-01 -5.346380e-01 2.299402e-01 8.131972e-01 -2.137106e+00
9.665283e-01 2.622917e-02 2.552157e-01 4.885658e+00 -5.637913e-02 9.921586e-01 1.115469e-01 1.161724e-01 -2.502886e-01 -1.222021e-01 9.604282e-01 -2.267997e+00
7.734779e-01 -2.176871e-01 5.952683e-01 5.596836e+00 2.892570e-01 9.569005e-01 -2.591936e-02 1.146453e-01 -5.639702e-01 1.922336e-01 8.031089e-01 -2.327010e+00
9.234279e-01 8.777135e-02 3.736003e-01 6.207986e+00 -7.468341e-02 9.959832e-01 -4.939515e-02 1.084674e-01 -3.764351e-01 1.771111e-02 9.262737e-01 -2.295325e+00
9.254169e-01 -2.160228e-01 3.113481e-01 7.092098e+00 1.943732e-01 9.758822e-01 9.936329e-02 1.112219e-01 -3.253038e-01 -3.143474e-02 9.450869e-01 -2.413940e+00
8.378274e-01 8.960295e-03 5.458616e-01 7.708513e+00 1.101764e-01 9.765172e-01 -1.851361e-01 1.174758e-01 -5.347021e-01 2.152532e-01 8.171657e-01 -2.609436e+00
9.808826e-01 -1.158082e-01 1.563896e-01 8.672561e+00 9.357014e-02 9.853234e-01 1.427668e-01 1.442315e-01 -1.706279e-01 -1.254041e-01 9.773228e-01 -3.150134e+00
8.834812e-01 -6.150957e-02 4.644111e-01 9.430240e+00 1.544260e-01 9.741715e-01 -1.647497e-01 1.538545e-01 -4.422823e-01 2.172704e-01 8.701609e-01 -3.413630e+00
7.998506e-01 -1.119117e-01 5.896734e-01 9.307497e+00 7.009336e-02 9.931573e-01 9.341045e-02 1.442770e-01 -5.960922e-01 -3.338222e-02 8.022218e-01 -3.138344e+00
9.141193e-01 -2.137879e-01 3.445006e-01 9.033078e+00 2.577469e-01 9.623114e-01 -8.673692e-02 1.457411e-01 -3.129735e-01 1.680818e-01 9.347706e-01 -2.961529e+00
8.129897e-01 8.975674e-03 5.822089e-01 8.719068e+00 3.712676e-02 9.970476e-01 -6.721444e-02 1.559641e-01 -5.810932e-01 7.626018e-02 8.102561e-01 -2.914800e+00
8.998521e-01 -2.493841e-01 3.578740e-01 8.456114e+00 2.384388e-01 9.682432e-01 7.517943e-02 1.625876e-01 -3.652577e-01 1.768070e-02 9.307385e-01 -2.838471e+00
7.373105e-01 -9.090620e-03 6.754929e-01 8.367648e+00 1.729291e-01 9.691340e-01 -1.757123e-01 1.614866e-01 -6.530458e-01 2.463670e-01 7.161247e-01 -2.741663e+00
9.200552e-01 -1.243014e-01 3.715476e-01 8.255560e+00 7.387289e-02 9.863652e-01 1.470591e-01 1.636691e-01 -3.847613e-01 -1.078552e-01 9.166930e-01 -2.673845e+00
8.525233e-01 -1.554536e-01 4.990373e-01 8.332966e+00 2.620120e-01 9.532310e-01 -1.506664e-01 1.650574e-01 -4.522762e-01 2.592004e-01 8.533823e-01 -2.636979e+00
9.898632e-01 5.932780e-02 1.290387e-01 8.686137e+00 -7.319081e-02 9.917234e-01 1.054887e-01 1.757674e-01 -1.217123e-01 -1.138639e-01 9.860127e-01 -2.800593e+00
7.050404e-01 -2.665579e-01 6.571642e-01 8.667621e+00 3.642638e-01 9.312038e-01 -1.308799e-02 1.780662e-01 -6.084651e-01 2.486087e-01 7.536338e-01 -2.769287e+00
9.740939e-01 9.460061e-02 2.054067e-01 8.509766e+00 -8.643236e-02 9.950813e-01 -4.840185e-02 1.806067e-01 -2.089752e-01 2.939417e-02 9.774791e-01 -2.677822e+00
7.211048e-01 -3.014406e-01 6.238120e-01 8.277186e+00 3.055205e-01 9.464686e-01 1.041847e-01 1.882254e-01 -6.218239e-01 1.154592e-01 7.745993e-01 -2.620686e+00
9.493348e-01 1.947365e-02 3.136625e-01 8.115918e+00 3.384792e-02 9.859366e-01 -1.636562e-01 1.865620e-01 -3.124383e-01 1.659813e-01 9.353248e-01 -2.468188e+00
8.070768e-01 -2.064483e-01 5.531782e-01 7.839503e+00 1.588768e-01 9.782594e-01 1.332920e-01 1.932620e-01 -5.686697e-01 -1.968972e-02 8.223303e-01 -2.374690e+00
9.560107e-01 -1.171170e-01 2.689369e-01 7.477166e+00 1.660993e-01 9.718250e-01 -1.672342e-01 2.033388e-01 -2.417736e-01 2.045479e-01 9.485282e-01 -2.272744e+00
9.877113e-01 1.108553e-03 1.562853e-01 7.079708e+00 -1.956211e-02 9.929877e-01 1.165876e-01 2.218471e-01 -1.550601e-01 -1.182122e-01 9.808069e-01 -2.236768e+00
9.799393e-01 -1.646995e-01 1.122183e-01 6.827351e+00 1.813173e-01 9.704885e-01 -1.589845e-01 2.326993e-01 -8.272193e-02 1.761423e-01 9.808828e-01 -2.157017e+00
8.660502e-01 -6.044299e-03 4.999206e-01 7.010594e+00 -2.207741e-02 9.984892e-01 5.031861e-02 2.389228e-01 -4.994694e-01 -5.461539e-02 8.646083e-01 -2.239404e+00
9.684807e-01 -2.315660e-01 9.177369e-02 7.299506e+00 2.364824e-01 9.705098e-01 -4.676278e-02 2.467429e-01 -7.823860e-02 6.699171e-02 9.946813e-01 -2.373801e+00
6.710447e-01 5.565921e-02 7.393247e-01 7.540120e+00 4.329674e-02 9.925346e-01 -1.140199e-01 2.432229e-01 -7.401516e-01 1.085228e-01 6.636252e-01 -2.321263e+00
9.635455e-01 -2.535727e-01 8.532811e-02 7.438901e+00 2.415797e-01 9.616580e-01 1.298194e-01 2.503217e-01 -1.149751e-01 -1.044733e-01 9.878593e-01 -2.320999e+00
8.976458e-01 3.866612e-02 4.390182e-01 7.145522e+00 7.750227e-02 9.667708e-01 -2.436138e-01 2.681187e-01 -4.338495e-01 2.527038e-01 8.648210e-01 -2.358461e+00
9.835735e-01 -1.325952e-01 -1.224817e-01 6.703223e+00 1.540279e-01 9.703116e-01 1.864695e-01 3.016079e-01 9.412044e-02 -2.022721e-01 9.747961e-01 -2.489948e+00
9.975229e-01 2.955705e-02 6.383101e-02 5.994083e+00 -1.178574e-02 9.648364e-01 -2.625867e-01 3.527314e-01 -6.934777e-02 2.611839e-01 9.627948e-01 -2.617724e+00
9.805196e-01 -1.883158e-01 -5.584415e-02 5.563280e+00 1.948278e-01 9.685726e-01 1.546261e-01 3.956936e-01 2.497058e-02 -1.624939e-01 9.863935e-01 -2.844056e+00
9.859417e-01 6.357283e-02 1.545232e-01 4.980292e+00 -2.168599e-02 9.656566e-01 -2.589151e-01 4.374710e-01 -1.656763e-01 2.519243e-01 9.534598e-01 -2.980388e+00
9.700454e-01 -2.241324e-01 -9.368343e-02 4.417101e+00 2.361242e-01 9.605609e-01 1.468611e-01 4.881797e-01 5.707231e-02 -1.645829e-01 9.847107e-01 -3.269867e+00
9.754065e-01 1.620255e-01 -1.494316e-01 3.796240e+00 -1.812481e-01 9.753990e-01 -1.254829e-01 5.359315e-01 1.254240e-01 1.494810e-01 9.807774e-01 -3.382000e+00
9.578072e-01 -2.851133e-01 -3.627337e-02 2.874590e+00 2.849585e-01 9.584930e-01 -9.479094e-03 5.929160e-01 3.747039e-02 -1.257261e-03 9.992969e-01 -3.324513e+00
8.894719e-01 1.186203e-01 4.413264e-01 2.297556e+00 -3.309415e-02 9.799087e-01 -1.966816e-01 6.241633e-01 -4.557900e-01 1.603374e-01 8.755269e-01 -3.338507e+00
9.390929e-01 -2.590393e-01 2.258390e-01 1.968195e+00 2.203203e-01 9.581368e-01 1.828466e-01 6.375910e-01 -2.637491e-01 -1.219531e-01 9.568510e-01 -3.309332e+00
9.963458e-01 6.264226e-02 -5.806073e-02 1.447524e+00 -7.516135e-02 9.659301e-01 -2.476484e-01 6.661063e-01 4.056935e-02 2.511074e-01 9.671087e-01 -3.275132e+00
9.613398e-01 -5.528455e-02 -2.697579e-01 1.172210e+00 1.324646e-01 9.516879e-01 2.770257e-01 6.786922e-01 2.414101e-01 -3.020492e-01 9.222187e-01 -3.041878e+00
9.363054e-01 5.074082e-02 3.475019e-01 9.887507e-01 7.813148e-02 9.346107e-01 -3.469847e-01 6.864280e-01 -3.423852e-01 3.520345e-01 8.711166e-01 -2.911444e+00
9.905500e-01 -6.782239e-02 -1.192095e-01 1.683515e+00 1.060649e-01 9.298578e-01 3.522992e-01 7.037676e-01 8.695415e-02 -3.616139e-01 9.282642e-01 -3.258718e+00
9.914403e-01 -2.372408e-02 1.283877e-01 2.021569e+00 7.114897e-02 9.226858e-01 -3.789310e-01 7.257828e-01 -1.094717e-01 3.848221e-01 9.164758e-01 -3.580111e+00
8.204436e-01 9.857954e-02 -5.631646e-01 1.336427e+00 1.640786e-01 9.029888e-01 3.971014e-01 7.484583e-01 5.476774e-01 -4.182026e-01 7.246766e-01 -2.884116e+00
9.588823e-01 9.765720e-02 2.664729e-01 4.743757e-01 7.329586e-02 8.218651e-01 -5.649474e-01 7.797539e-01 -2.741759e-01 5.612494e-01 7.809140e-01 -2.183911e+00
8.265175e-01 -1.710133e-01 5.363052e-01 6.910763e-01 -1.166553e-01 8.800161e-01 4.603947e-01 7.856457e-01 -5.506908e-01 -4.430871e-01 7.073991e-01 -2.211658e+00
8.172162e-01 -3.496783e-01 4.581297e-01 1.347647e+00 5.201302e-01 7.898634e-01 -3.249313e-01 7.837628e-01 -2.482385e-01 5.038262e-01 8.273674e-01 -2.253498e+00
7.820255e-01 3.500152e-01 5.156797e-01 2.110486e+00 -4.418900e-01 8.948731e-01 6.273268e-02 7.861593e-01 -4.395105e-01 -2.769322e-01 8.544818e-01 -2.383777e+00
6.075392e-01 -6.066607e-01 5.126976e-01 2.822029e+00 5.614230e-01 7.845893e-01 2.631044e-01 7.724607e-01 -5.618722e-01 1.279940e-01 8.172620e-01 -2.244975e+00
7.399659e-01 3.228227e-01 5.901152e-01 3.394881e+00 2.165846e-02 8.654166e-01 -5.005847e-01 7.505313e-01 -6.722956e-01 3.831966e-01 6.333870e-01 -1.967973e+00
7.299458e-01 -2.194451e-01 6.473198e-01 3.976167e+00 -1.518980e-01 8.712949e-01 4.666608e-01 7.161357e-01 -6.664129e-01 -4.389637e-01 6.026647e-01 -1.449627e+00
7.187910e-01 -3.753092e-01 5.852200e-01 4.580010e+00 5.743048e-01 7.949349e-01 -1.955825e-01 6.829250e-01 -3.918079e-01 4.766776e-01 7.869339e-01 -9.632288e-01
7.036043e-01 3.809084e-01 5.998748e-01 4.958666e+00 -3.840442e-01 9.141180e-01 -1.299940e-01 6.546914e-01 -5.978721e-01 -1.389141e-01 7.894630e-01 -5.380126e-01
6.670393e-01 -5.895606e-01 4.554963e-01 5.359076e+00 4.369609e-01 8.047762e-01 4.017468e-01 6.276830e-01 -6.034267e-01 -6.894684e-02 7.944322e-01 -1.398920e-01
8.184533e-01 2.214434e-01 5.301859e-01 5.902794e+00 1.042467e-01 8.502022e-01 -5.160317e-01 6.037995e-01 -5.650370e-01 4.776180e-01 6.727661e-01 1.989342e-01
7.025019e-01 -1.178948e-01 7.018489e-01 6.546013e+00 -2.323570e-01 8.941463e-01 3.827696e-01 5.810895e-01 -6.726822e-01 -4.319759e-01 6.007458e-01 4.991354e-01
6.930929e-01 -4.566312e-01 5.577725e-01 7.272186e+00 6.031709e-01 7.910795e-01 -1.018729e-01 5.595370e-01 -3.947240e-01 4.070395e-01 8.237183e-01 7.585472e-01
6.325249e-01 4.138352e-01 6.547157e-01 7.850282e+00 -2.951903e-01 9.103001e-01 -2.902007e-01 5.332096e-01 -7.160830e-01 -9.706553e-03 6.979476e-01 1.118904e+00
6.929502e-01 -5.451225e-01 4.718702e-01 8.204241e+00 3.049950e-01 8.146693e-01 4.932463e-01 5.089217e-01 -6.532978e-01 -1.978770e-01 7.307849e-01 1.476004e+00
7.854985e-01 3.763300e-02 6.177182e-01 8.582811e+00 3.397001e-01 8.081156e-01 -4.811996e-01 4.834305e-01 -5.172967e-01 5.878205e-01 6.219897e-01 1.847619e+00
6.164382e-01 9.514758e-02 7.816335e-01 9.023065e+00 -3.595724e-01 9.171401e-01 1.719354e-01 4.517191e-01 -7.005082e-01 -3.870413e-01 5.995726e-01 2.331991e+00
5.906083e-01 -5.878130e-01 5.528632e-01 9.620317e+00 5.980754e-01 7.788041e-01 1.891297e-01 4.203333e-01 -5.417450e-01 2.189523e-01 8.115246e-01 2.785885e+00
6.683381e-01 3.836080e-01 6.373140e-01 1.040711e+01 -3.565053e-02 8.723027e-01 -4.876649e-01 3.930173e-01 -7.430029e-01 3.032044e-01 5.966689e-01 3.135587e+00
8.129867e-01 -2.768981e-01 5.122306e-01 1.103504e+01 -2.902842e-02 8.593273e-01 5.106016e-01 3.699371e-01 -5.815583e-01 -4.299816e-01 6.905837e-01 3.432366e+00
6.936245e-01 -2.504228e-01 6.754062e-01 1.163828e+01 5.548201e-01 7.837224e-01 -2.792022e-01 3.470780e-01 -4.594123e-01 5.683904e-01 6.825486e-01 3.731828e+00
6.383671e-01 3.540559e-01 6.834705e-01 1.233270e+01 -4.036215e-01 9.100390e-01 -9.443858e-02 3.193089e-01 -6.554214e-01 -2.155769e-01 7.238435e-01 4.112646e+00
6.007384e-01 -6.213861e-01 5.029838e-01 1.291636e+01 4.639282e-01 7.833579e-01 4.136678e-01 2.940691e-01 -6.510637e-01 -1.515777e-02 7.588717e-01 4.450905e+00
7.750552e-01 2.124600e-01 5.951052e-01 1.347730e+01 1.833329e-01 8.256644e-01 -5.335422e-01 2.691652e-01 -6.047136e-01 5.226270e-01 6.009846e-01 4.792826e+00
6.923886e-01 -4.849557e-02 7.198932e-01 1.419363e+01 -3.030180e-01 8.859420e-01 3.511222e-01 2.436873e-01 -6.548115e-01 -4.612536e-01 5.987212e-01 5.117806e+00
6.382649e-01 -5.119897e-01 5.748778e-01 1.499100e+01 6.347382e-01 7.725470e-01 -1.669059e-02 2.198288e-01 -4.355747e-01 3.755499e-01 8.180690e-01 5.402763e+00
6.531462e-01 4.454444e-01 6.123555e-01 1.565871e+01 -2.666561e-01 8.921767e-01 -3.645754e-01 1.950465e-01 -7.087274e-01 7.483269e-02 7.015023e-01 5.722606e+00
7.301425e-01 -5.055865e-01 4.596457e-01 1.606856e+01 2.294830e-01 8.150596e-01 5.319920e-01 1.696414e-01 -6.436066e-01 -2.829491e-01 7.111331e-01 6.098995e+00
8.219224e-01 -1.439409e-02 5.694175e-01 1.647923e+01 3.501169e-01 8.012978e-01 -4.851186e-01 1.441453e-01 -4.492901e-01 5.980926e-01 6.636442e-01 6.511043e+00
7.436610e-01 1.646262e-01 6.479711e-01 1.735630e+01 -4.124571e-01 8.757531e-01 2.508698e-01 1.259952e-01 -5.261630e-01 -4.538223e-01 7.191647e-01 6.737164e+00
7.981090e-01 -5.745551e-01 1.814069e-01 1.847624e+01 6.003388e-01 7.838842e-01 -1.584893e-01 1.349831e-01 -5.114118e-02 2.353973e-01 9.705528e-01 6.476060e+00
8.738361e-01 4.862086e-01 3.424645e-03 1.986102e+01 -4.796279e-01 8.608102e-01 1.701847e-01 1.787921e-01 7.979731e-02 -1.503561e-01 9.854062e-01 5.626023e+00
5.854055e-01 -5.840307e-01 5.623242e-01 2.100168e+01 6.223659e-01 7.682254e-01 1.499683e-01 1.995162e-01 -5.195779e-01 2.621791e-01 8.132041e-01 5.132791e+00
8.009030e-01 4.333676e-01 4.132152e-01 2.183130e+01 -2.702728e-01 8.774135e-01 -3.963560e-01 1.888709e-01 -5.343285e-01 2.057619e-01 8.198506e-01 5.211119e+00
8.571577e-01 -4.388764e-01 2.695702e-01 2.272260e+01 2.617995e-01 8.219779e-01 5.057800e-01 1.865967e-01 -4.435557e-01 -3.629599e-01 8.194623e-01 5.168146e+00
9.669609e-01 1.436797e-01 2.105774e-01 2.375427e+01 -9.367829e-03 8.455062e-01 -5.338834e-01 1.901544e-01 -2.547527e-01 5.142717e-01 8.189174e-01 4.998089e+00
5.266946e-01 -1.743786e-01 8.319765e-01 2.457517e+01 -2.889070e-01 8.837507e-01 3.681269e-01 1.696257e-01 -7.994533e-01 -4.342543e-01 4.150875e-01 5.253496e+00
7.622203e-01 -5.070960e-01 4.023354e-01 2.538166e+01 5.969171e-01 7.910658e-01 -1.338088e-01 1.440693e-01 -2.504199e-01 3.421527e-01 9.056608e-01 5.591665e+00
5.637360e-01 4.235084e-01 7.091137e-01 2.614567e+01 -2.730626e-01 9.058250e-01 -3.239104e-01 1.282749e-01 -7.795117e-01 -1.103246e-02 6.262905e-01 5.787599e+00
8.995956e-01 -4.318276e-01 6.521224e-02 2.672992e+01 3.699093e-01 8.327994e-01 4.118401e-01 1.093843e-01 -2.321527e-01 -3.463670e-01 9.089197e-01 6.084711e+00
7.683866e-01 2.254373e-01 5.989659e-01 2.782756e+01 1.411809e-01 8.531389e-01 -5.022170e-01 1.063749e-01 -6.242195e-01 4.704594e-01 6.237130e-01 6.027833e+00
9.992866e-01 2.634413e-02 -2.706034e-02 2.910918e+01 -6.968250e-03 8.328387e-01 5.534719e-01 1.163592e-01 3.711763e-02 -5.528885e-01 8.324281e-01 5.741924e+00
8.709378e-01 -1.126569e-01 4.783051e-01 3.043444e+01 3.560277e-01 8.155556e-01 -4.561943e-01 1.336769e-01 -3.386910e-01 5.676068e-01 7.504072e-01 5.328349e+00
6.972531e-01 2.062152e-01 6.865226e-01 3.154712e+01 -4.373561e-01 8.811914e-01 1.795029e-01 1.204490e-01 -5.679417e-01 -4.254138e-01 7.046030e-01 5.417217e+00
6.013163e-01 -6.101669e-01 5.158634e-01 3.230878e+01 6.081087e-01 7.682778e-01 1.998825e-01 8.730536e-02 -5.182881e-01 1.935083e-01 8.330258e-01 5.916713e+00
7.818702e-01 4.607106e-01 4.200294e-01 3.322099e+01 -2.824280e-01 8.623757e-01 -4.201696e-01 6.270982e-02 -5.557997e-01 2.098901e-01 8.043835e-01 6.257699e+00
7.587304e-01 -4.323830e-01 4.872095e-01 3.429889e+01 9.411673e-02 8.128536e-01 5.748140e-01 4.274758e-02 -6.445698e-01 -3.902743e-01 6.574312e-01 6.492148e+00
8.806312e-01 -9.461649e-02 4.642589e-01 3.551283e+01 3.331491e-01 8.203831e-01 -4.647401e-01 2.754631e-02 -3.368981e-01 5.639321e-01 7.539763e-01 6.629784e+00
7.994812e-01 1.831956e-01 5.720744e-01 3.671142e+01 -4.120762e-01 8.601982e-01 3.004201e-01 1.671195e-02 -4.370617e-01 -4.759185e-01 7.632029e-01 6.696855e+00
8.035025e-01 -5.622828e-01 1.955039e-01 3.799621e+01 5.897189e-01 7.966891e-01 -1.323557e-01 1.941543e-02 -8.133450e-02 2.216405e-01 9.717305e-01 6.560919e+00
7.526213e-01 4.736031e-01 4.574509e-01 3.936830e+01 -4.716545e-01 8.725379e-01 -1.273566e-01 2.746329e-02 -4.594597e-01 -1.199075e-01 8.800676e-01 6.292084e+00
6.899863e-01 -6.261896e-01 3.630503e-01 4.047663e+01 4.906076e-01 7.733710e-01 4.014991e-01 2.234338e-02 -5.321872e-01 -9.891364e-02 8.408287e-01 6.262345e+00
8.525055e-01 3.456865e-01 3.920908e-01 4.162238e+01 -9.326225e-02 8.386532e-01 -5.366219e-01 1.010781e-02 -5.143312e-01 4.209058e-01 7.471959e-01 6.355456e+00
9.187515e-01 -2.464784e-01 3.084545e-01 4.283196e+01 1.641718e-02 8.043928e-01 5.938710e-01 9.148585e-03 -3.944949e-01 -5.405559e-01 7.430835e-01 6.267288e+00
9.352630e-01 -1.196474e-01 3.331181e-01 4.403342e+01 2.845270e-01 8.139491e-01 -5.064892e-01 9.688791e-03 -2.105410e-01 5.684817e-01 7.952994e-01 6.177084e+00
7.232071e-01 1.326649e-01 6.777696e-01 4.514968e+01 -4.234123e-01 8.604787e-01 2.833698e-01 1.341659e-03 -5.456130e-01 -4.919110e-01 6.784762e-01 6.230671e+00
8.143854e-01 -5.370192e-01 -2.199701e-01 4.654795e+01 4.592355e-01 8.281057e-01 -3.214711e-01 1.888002e-02 3.547946e-01 1.607833e-01 9.210155e-01 5.841301e+00
6.123682e-01 3.397991e-01 7.138219e-01 4.804618e+01 -4.457924e-01 8.940942e-01 -4.318072e-02 3.154685e-02 -6.528969e-01 -2.917739e-01 6.989948e-01 5.498861e+00
7.619260e-01 -5.793313e-01 2.895582e-01 4.930502e+01 5.134088e-01 8.128018e-01 2.752538e-01 1.382659e-02 -3.948166e-01 -6.106126e-02 9.167286e-01 5.689492e+00
7.245014e-01 3.426365e-01 5.980786e-01 5.041284e+01 -1.035179e-02 8.730053e-01 -4.876008e-01 1.587893e-04 -6.891956e-01 3.470763e-01 6.360405e-01 5.824290e+00
9.479422e-01 -1.703931e-01 2.690200e-01 5.149517e+01 1.160494e-03 8.466425e-01 5.321608e-01 -1.005520e-02 -3.184403e-01 -5.041455e-01 8.027659e-01 5.890528e+00
6.271342e-01 -1.803921e-01 7.577344e-01 5.251736e+01 5.569296e-01 7.839556e-01 -2.743048e-01 -2.374480e-02 -5.445477e-01 5.940306e-01 5.921110e-01 6.027233e+00
8.704823e-01 4.181571e-01 2.596251e-01 5.365025e+01 -4.770199e-01 8.467155e-01 2.356371e-01 -3.002873e-02 -1.212952e-01 -3.289643e-01 9.365201e-01 6.031002e+00
4.637859e-01 -6.005584e-01 6.513312e-01 5.481615e+01 6.068848e-01 7.509612e-01 2.602845e-01 -3.940925e-02 -6.454405e-01 2.745667e-01 7.127550e-01 6.085955e+00
8.527377e-01 4.701433e-01 2.276043e-01 5.604780e+01 -3.656726e-01 8.484716e-01 -3.825957e-01 -5.368132e-02 -3.729905e-01 2.430251e-01 8.954423e-01 6.215802e+00
5.473910e-01 -5.097550e-01 6.637115e-01 5.720208e+01 3.658743e-02 8.069000e-01 5.895539e-01 -7.408067e-02 -8.360768e-01 -2.984330e-01 4.603404e-01 6.454727e+00
9.836110e-01 -1.434512e-01 1.092302e-01 5.824383e+01 1.796240e-01 8.321750e-01 -5.246140e-01 -8.635463e-02 -1.564216e-02 5.356365e-01 8.443038e-01 6.575997e+00
8.636694e-01 1.773272e-02 5.037467e-01 5.932913e+01 -2.661968e-01 8.646983e-01 4.259532e-01 -7.700196e-02 -4.280356e-01 -5.019785e-01 7.515338e-01 6.326449e+00
8.975293e-01 -3.859630e-01 -2.132457e-01 6.039784e+01 2.604187e-01 8.542128e-01 -4.500029e-01 -5.851556e-02 3.558417e-01 3.483576e-01 8.671930e-01 5.916410e+00
6.695281e-01 1.108661e-01 7.344664e-01 6.149865e+01 -3.563978e-01 9.154919e-01 1.866953e-01 -4.764462e-02 -6.516999e-01 -3.867599e-01 6.524600e-01 5.641161e+00
7.527333e-01 -4.595556e-01 -4.713823e-01 6.266663e+01 3.520816e-01 8.860481e-01 -3.015914e-01 -2.841562e-02 5.562654e-01 6.105285e-02 8.287589e-01 5.206887e+00
6.042004e-01 2.343120e-01 7.616034e-01 6.379436e+01 -3.260392e-01 9.448138e-01 -3.202223e-02 -1.113732e-02 -7.270766e-01 -2.289647e-01 6.472517e-01 4.809435e+00
7.665762e-01 -4.218879e-01 -4.841193e-01 6.489926e+01 4.371419e-01 8.950925e-01 -8.784225e-02 3.687044e-03 4.703912e-01 -1.442911e-01 8.705816e-01 4.464176e+00
5.142968e-01 3.349535e-01 7.894967e-01 6.604449e+01 -1.856288e-01 9.422294e-01 -2.788292e-01 1.471664e-02 -8.372818e-01 -3.152358e-03 5.467625e-01 4.179426e+00
6.958382e-01 -2.744403e-01 -6.636955e-01 6.710888e+01 4.580830e-01 8.813298e-01 1.158350e-01 3.493151e-02 5.531448e-01 -3.846301e-01 7.389794e-01 3.754712e+00
7.530243e-01 3.372693e-01 5.649813e-01 6.824859e+01 -1.403195e-01 9.212038e-01 -3.628966e-01 6.527926e-02 -6.428568e-01 1.939921e-01 7.410143e-01 3.141173e+00
5.524249e-01 -2.174526e-01 -8.046994e-01 6.939840e+01 5.042287e-01 8.558969e-01 1.148646e-01 1.069978e-01 6.637622e-01 -4.692066e-01 5.824646e-01 2.350429e+00
3.970215e-01 4.087506e-01 8.217645e-01 7.072459e+01 9.938794e-02 8.709422e-01 -4.812294e-01 1.326681e-01 -9.124122e-01 2.727319e-01 3.051579e-01 1.796220e+00
6.891384e-01 -9.296542e-05 -7.246297e-01 7.207914e+01 4.385754e-01 7.960960e-01 4.169925e-01 1.580204e-01 5.768360e-01 -6.051704e-01 5.486611e-01 1.241213e+00
8.051513e-01 3.003534e-01 5.113895e-01 7.325996e+01 8.836922e-02 7.918926e-01 -6.042325e-01 1.987501e-01 -5.864489e-01 5.316897e-01 6.110514e-01 4.558542e-01
9.513827e-01 -6.079804e-02 -3.019514e-01 7.443333e+01 2.453517e-01 7.422452e-01 6.235981e-01 2.213510e-01 1.862084e-01 -6.673647e-01 7.210761e-01 -3.377197e-02
9.956937e-01 8.077394e-02 4.549346e-02 7.549662e+01 -3.172642e-02 7.580101e-01 -6.514708e-01 2.595622e-01 -8.710636e-02 6.472220e-01 7.573085e-01 -7.631808e-01
9.798227e-01 -1.768837e-01 9.305677e-02 7.659796e+01 6.778310e-02 7.320794e-01 6.778386e-01 2.824830e-01 -1.880235e-01 -6.578540e-01 7.292978e-01 -1.256874e+00
9.747387e-01 -1.098364e-01 1.944745e-01 7.756601e+01 2.111027e-01 7.374196e-01 -6.415979e-01 2.953824e-01 -7.293852e-02 6.664445e-01 7.419783e-01 -1.549491e+00
8.642756e-01 5.557100e-02 4.999395e-01 7.862255e+01 -3.576150e-01 7.668310e-01 5.329932e-01 3.008186e-01 -3.537501e-01 -6.394389e-01 6.826263e-01 -1.733912e+00
7.164137e-01 -5.190841e-01 4.661579e-01 7.940353e+01 6.745043e-01 6.860911e-01 -2.726224e-01 2.896658e-01 -1.783129e-01 5.097359e-01 8.416495e-01 -1.582036e+00
7.275556e-01 5.451995e-01 4.164377e-01 8.017021e+01 -6.133029e-01 7.889006e-01 3.867038e-02 2.814675e-01 -3.074449e-01 -2.835373e-01 9.083415e-01 -1.474537e+00
5.676337e-01 -7.268346e-01 3.866568e-01 8.094151e+01 6.424394e-01 6.847567e-01 3.440638e-01 2.656358e-01 -5.148433e-01 5.310128e-02 8.556381e-01 -1.256496e+00
7.856375e-01 4.910888e-01 3.763050e-01 8.188276e+01 -2.058344e-01 7.810546e-01 -5.895642e-01 2.465444e-01 -5.834432e-01 3.857273e-01 7.147087e-01 -1.013485e+00
7.794140e-01 -3.908978e-01 4.896047e-01 8.276327e+01 -3.519253e-02 7.529298e-01 6.571592e-01 2.295889e-01 -6.255201e-01 -5.294295e-01 5.730873e-01 -8.067300e-01
8.874580e-01 -2.099916e-01 4.102705e-01 8.365410e+01 4.183897e-01 7.404237e-01 -5.260445e-01 2.115775e-01 -1.933091e-01 6.384953e-01 7.449532e-01 -5.659422e-01
6.951474e-01 2.744531e-01 6.644138e-01 8.439356e+01 -5.185087e-01 8.315982e-01 1.989803e-01 1.986704e-01 -4.979145e-01 -4.828250e-01 7.203896e-01 -4.077411e-01
7.462783e-01 -6.655095e-01 1.287532e-02 8.520465e+01 6.579147e-01 7.345484e-01 -1.660929e-01 2.040857e-01 1.010789e-01 1.324224e-01 9.860260e-01 -5.668567e-01
7.908753e-01 5.847903e-01 1.803790e-01 8.617749e+01 -6.031540e-01 7.947151e-01 6.806750e-02 2.264248e-01 -1.035447e-01 -1.626292e-01 9.812391e-01 -1.006875e+00
6.626306e-01 -6.894056e-01 2.926440e-01 8.702020e+01 6.772636e-01 7.183884e-01 1.588463e-01 2.379591e-01 -3.197416e-01 9.294067e-02 9.429355e-01 -1.304617e+00
6.727328e-01 5.157067e-01 5.305442e-01 8.771444e+01 -1.946746e-01 8.151711e-01 -5.455253e-01 2.229429e-01 -7.138154e-01 2.637093e-01 6.487873e-01 -1.108853e+00
8.628192e-01 -3.880982e-01 3.239178e-01 8.842726e+01 1.068159e-01 7.662724e-01 6.335747e-01 2.044533e-01 -4.940985e-01 -5.120609e-01 7.026097e-01 -8.569060e-01
7.986058e-01 -8.792909e-02 5.953968e-01 8.909479e+01 4.596622e-01 7.277030e-01 -5.090767e-01 1.871806e-01 -3.885094e-01 6.802329e-01 6.215655e-01 -6.164700e-01
8.583872e-01 2.968580e-01 4.183858e-01 8.963707e+01 -4.608138e-01 8.045859e-01 3.745561e-01 1.746021e-01 -2.254374e-01 -5.143121e-01 8.274425e-01 -4.517146e-01
6.453444e-01 -5.884295e-01 4.871154e-01 9.009053e+01 7.014300e-01 7.090109e-01 -7.279785e-02 1.607084e-01 -3.025337e-01 3.886570e-01 8.702983e-01 -2.438697e-01
7.253656e-01 5.855634e-01 3.618843e-01 9.090793e+01 -5.620725e-01 8.073284e-01 -1.797092e-01 1.521667e-01 -3.973906e-01 -7.305032e-02 9.147373e-01 -1.838898e-01
6.174551e-01 -6.995464e-01 3.596999e-01 9.171989e+01 5.083155e-01 7.038235e-01 4.962336e-01 1.440554e-01 -6.003037e-01 -1.235609e-01 7.901697e-01 -1.384526e-01
9.212047e-01 3.530330e-01 1.635531e-01 9.243628e+01 -1.950411e-01 7.827385e-01 -5.909987e-01 1.340214e-01 -3.366613e-01 5.125312e-01 7.899183e-01 -4.449998e-02
7.356348e-01 -3.394029e-01 5.862142e-01 9.321517e+01 -1.383179e-01 7.719168e-01 6.204939e-01 1.165116e-01 -6.631060e-01 -5.375408e-01 5.209033e-01 1.852747e-01
7.997858e-01 -3.686474e-01 4.737528e-01 9.378927e+01 5.746204e-01 6.984663e-01 -4.265632e-01 9.614072e-02 -1.736489e-01 6.133872e-01 7.704558e-01 4.833993e-01
5.332122e-01 3.983846e-01 7.463072e-01 9.451562e+01 -5.130413e-01 8.537196e-01 -8.917093e-02 8.039277e-02 -6.726614e-01 -3.353394e-01 6.596015e-01 7.121245e-01
6.529751e-01 -7.217425e-01 2.295893e-01 9.499335e+01 6.437220e-01 6.885913e-01 3.338622e-01 6.228354e-02 -3.990557e-01 -7.021207e-02 9.142345e-01 1.019939e+00
7.647753e-01 4.725563e-01 4.379603e-01 9.562123e+01 -1.157739e-01 7.694769e-01 -6.280937e-01 4.343676e-02 -6.338100e-01 4.296462e-01 6.431866e-01 1.331754e+00
9.368697e-01 -2.637548e-01 2.295833e-01 9.659572e+01 3.478887e-02 7.236023e-01 6.893398e-01 3.248503e-02 -3.479437e-01 -6.378347e-01 6.870969e-01 1.442566e+00
8.839704e-01 -1.220676e-01 4.513267e-01 9.758495e+01 3.936451e-01 7.151624e-01 -5.775693e-01 2.691010e-02 -2.522694e-01 6.882168e-01 6.802337e-01 1.470632e+00
8.719777e-01 2.478994e-01 4.221383e-01 9.864892e+01 -4.482522e-01 7.509402e-01 4.849318e-01 2.532361e-02 -1.967863e-01 -6.120741e-01 7.659245e-01 1.415822e+00
6.480519e-01 -5.711357e-01 5.038182e-01 9.966804e+01 7.193900e-01 6.762182e-01 -1.587671e-01 1.437574e-02 -2.500134e-01 4.653311e-01 8.490938e-01 1.518554e+00
5.881123e-01 5.786282e-01 5.650782e-01 1.005960e+02 -5.085958e-01 8.078356e-01 -2.978791e-01 -3.982357e-03 -6.288515e-01 -1.122101e-01 7.693859e-01 1.734064e+00
6.549395e-01 -6.717686e-01 3.460944e-01 1.014822e+02 4.016323e-01 6.973856e-01 5.935863e-01 -2.726004e-02 -6.401139e-01 -2.497604e-01 7.265493e-01 2.043392e+00
8.804529e-01 1.998509e-01 4.299562e-01 1.022462e+02 1.560899e-01 7.340994e-01 -6.608585e-01 -4.665920e-02 -4.477038e-01 6.489666e-01 6.151452e-01 2.322841e+00
7.160073e-01 -8.386686e-02 6.930367e-01 1.028388e+02 -3.533140e-01 8.126850e-01 4.633705e-01 -6.304821e-02 -6.020820e-01 -5.766363e-01 5.522571e-01 2.598316e+00
7.756433e-01 -5.430996e-01 3.215903e-01 1.032867e+02 6.265155e-01 7.242621e-01 -2.879631e-01 -8.672163e-02 -7.652297e-02 4.248380e-01 9.020293e-01 2.995277e+00
5.438176e-01 4.695779e-01 6.955278e-01 1.034610e+02 -4.224639e-01 8.693033e-01 -2.565854e-01 -1.052883e-01 -7.251115e-01 -1.542997e-01 6.711222e-01 3.366373e+00
7.387357e-01 -4.961689e-01 -4.561644e-01 1.033227e+02 5.936044e-01 7.995178e-01 9.167943e-02 -1.192481e-01 3.192231e-01 -3.385081e-01 8.851604e-01 3.932202e+00
6.329181e-01 5.277849e-01 5.664431e-01 1.030815e+02 -2.012197e-01 8.186263e-01 -5.379234e-01 -1.243062e-01 -7.476131e-01 2.264819e-01 6.243242e-01 4.444417e+00
9.094331e-01 -4.056531e-01 -9.152599e-02 1.034532e+02 3.838910e-01 7.343397e-01 5.597973e-01 -1.302085e-01 -1.598723e-01 -5.442342e-01 8.235593e-01 4.630733e+00
9.359889e-01 2.747161e-01 2.201269e-01 1.036676e+02 -8.049495e-02 7.757601e-01 -6.258729e-01 -1.439721e-01 -3.427030e-01 5.680910e-01 7.482161e-01 4.966063e+00
9.368342e-01 -2.306001e-01 2.629929e-01 1.039203e+02 1.630341e-03 7.547651e-01 6.559931e-01 -1.583025e-01 -3.497699e-01 -6.141280e-01 7.074657e-01 5.261173e+00
9.843668e-01 -1.141775e-01 1.341102e-01 1.039250e+02 1.731774e-01 7.662720e-01 -6.187380e-01 -1.833063e-01 -3.211897e-02 6.322900e-01 7.740657e-01 5.877862e+00
9.464443e-01 6.037505e-02 3.171720e-01 1.040260e+02 -2.485307e-01 7.633056e-01 5.963196e-01 -1.983456e-01 -2.060963e-01 -6.432103e-01 7.374312e-01 6.298002e+00
9.384177e-01 -3.444359e-01 2.713352e-02 1.041536e+02 3.000443e-01 7.734926e-01 -5.582855e-01 -2.161821e-01 1.713060e-01 5.320462e-01 8.292051e-01 6.770781e+00
7.912480e-01 1.915552e-01 5.807178e-01 1.040999e+02 -4.495269e-01 8.260194e-01 3.400257e-01 -2.363759e-01 -4.145505e-01 -5.300929e-01 7.396954e-01 7.343315e+00
7.839247e-01 -5.838021e-01 2.112749e-01 1.042719e+02 6.202783e-01 7.511277e-01 -2.259691e-01 -2.562628e-01 -2.677319e-02 3.081921e-01 9.509473e-01 7.742037e+00
6.411548e-01 5.100688e-01 5.733675e-01 1.046439e+02 -5.203678e-01 8.381064e-01 -1.636920e-01 -2.759525e-01 -5.640372e-01 -1.934100e-01 8.027793e-01 8.097021e+00
7.740045e-01 -6.107857e-01 -1.669067e-01 1.048190e+02 6.326008e-01 7.572198e-01 1.625870e-01 -3.025825e-01 2.707924e-02 -2.314283e-01 9.724750e-01 8.660333e+00
7.061561e-01 5.337367e-01 4.652619e-01 1.049449e+02 -3.244565e-01 8.279693e-01 -4.573783e-01 -3.325755e-01 -6.293421e-01 1.720232e-01 7.578499e-01 9.348903e+00
9.090746e-01 -4.133326e-01 5.233979e-02 1.055462e+02 3.136917e-01 7.617139e-01 5.669122e-01 -3.553128e-01 -2.741912e-01 -4.989469e-01 8.221138e-01 9.761541e+00
9.495639e-01 2.125072e-01 2.305842e-01 1.061658e+02 -4.880175e-02 8.265341e-01 -5.607671e-01 -3.773394e-01 -3.097527e-01 5.212313e-01 7.952177e-01 1.015523e+01
9.717079e-01 -1.423590e-01 1.884613e-01 1.064212e+02 -1.252150e-02 7.657638e-01 6.430000e-01 -4.100802e-01 -2.358537e-01 -6.271680e-01 7.423162e-01 1.084816e+01
9.216513e-01 -1.416007e-01 3.612590e-01 1.065908e+02 3.244428e-01 7.919022e-01 -5.173275e-01 -4.453289e-01 -2.128279e-01 5.940034e-01 7.757991e-01 1.160641e+01
8.542502e-01 1.986323e-01 4.804184e-01 1.068872e+02 -4.190054e-01 8.100876e-01 4.101130e-01 -4.741214e-01 -3.077193e-01 -5.516370e-01 7.752454e-01 1.220921e+01
7.522006e-01 -5.571578e-01 3.518088e-01 1.071237e+02 6.356179e-01 7.542839e-01 -1.644558e-01 -5.144186e-01 -1.737359e-01 3.473197e-01 9.215123e-01 1.302216e+01
7.875265e-01 5.256464e-01 3.217107e-01 1.072403e+02 -5.606014e-01 8.278519e-01 1.967959e-02 -5.389186e-01 -2.559843e-01 -1.958497e-01 9.466335e-01 1.362811e+01
6.347269e-01 -6.495424e-01 -4.185886e-01 1.084764e+02 5.849387e-01 7.578413e-01 -2.890040e-01 -5.015601e-01 5.049441e-01 -6.141004e-02 8.609648e-01 1.304504e+01
8.197917e-01 4.975966e-01 2.834417e-01 1.099020e+02 -5.525879e-01 8.172622e-01 1.634904e-01 -4.507171e-01 -1.502940e-01 -2.906545e-01 9.449506e-01 1.217392e+01
5.421093e-01 -5.326057e-01 -6.499606e-01 1.106914e+02 2.651780e-01 8.423863e-01 -4.691120e-01 -4.213822e-01 7.973695e-01 8.195475e-02 5.979007e-01 1.172668e+01
9.412397e-01 1.756574e-01 2.884653e-01 1.112033e+02 -3.084061e-01 7.951766e-01 5.220918e-01 -4.053822e-01 -1.376715e-01 -5.803780e-01 8.026257e-01 1.174704e+01
1.938931e-01 -1.659000e-01 -9.668933e-01 1.117955e+02 -4.446046e-01 8.637073e-01 -2.373528e-01 -3.601557e-01 8.744897e-01 4.759063e-01 9.370696e-02 1.139402e+01
3.096880e-01 -5.065080e-01 8.047005e-01 1.124012e+02 -6.013114e-02 8.341797e-01 5.482047e-01 -3.468870e-01 -9.489350e-01 -2.181600e-01 2.278786e-01 1.129304e+01
9.655721e-01 -2.153613e-01 -1.459111e-01 1.130044e+02 1.180356e-01 8.625539e-01 -4.920044e-01 -3.691226e-01 2.318149e-01 4.578430e-01 8.582783e-01 1.163349e+01
1.647328e-01 1.717036e-02 9.861888e-01 1.138040e+02 -3.689654e-01 9.283303e-01 4.546891e-02 -3.951733e-01 -9.147282e-01 -3.713598e-01 1.592617e-01 1.203543e+01
8.151446e-01 -4.694930e-01 -3.392868e-01 1.146217e+02 4.611512e-01 8.804293e-01 -1.103800e-01 -4.142235e-01 3.505407e-01 -6.648679e-02 9.341845e-01 1.231193e+01
3.310042e-01 3.704569e-01 8.678698e-01 1.153095e+02 -1.235639e-01 9.288117e-01 -3.493433e-01 -4.247229e-01 -9.355042e-01 8.396709e-03 3.532157e-01 1.246918e+01
8.485216e-01 -1.922280e-01 -4.930106e-01 1.159627e+02 3.743046e-01 8.766052e-01 3.024226e-01 -4.359460e-01 3.740415e-01 -4.411482e-01 8.157703e-01 1.266084e+01
3.141579e-01 2.875363e-01 9.047805e-01 1.166035e+02 3.120833e-01 8.687891e-01 -3.844599e-01 -4.523907e-01 -8.966096e-01 4.031480e-01 1.832017e-01 1.294564e+01
2.080411e-01 4.560394e-01 -8.653016e-01 1.163551e+02 3.563424e-01 7.885235e-01 5.012492e-01 -4.859110e-01 9.109001e-01 -4.126241e-01 1.539110e-03 1.430288e+01
7.243697e-01 3.046412e-01 6.184515e-01 1.157712e+02 6.615396e-02 8.622170e-01 -5.022007e-01 -5.123367e-01 -6.862304e-01 4.046920e-01 6.044106e-01 1.617598e+01
6.195242e-01 1.024772e-01 -7.782597e-01 1.155972e+02 3.666546e-01 8.388660e-01 4.023285e-01 -5.417350e-01 6.940851e-01 -5.346048e-01 4.821240e-01 1.739116e+01
7.091528e-01 1.978404e-01 6.767285e-01 1.163350e+02 1.613183e-01 8.888331e-01 -4.288964e-01 -5.384115e-01 -6.863518e-01 4.133218e-01 5.984032e-01 1.755593e+01
6.377627e-01 1.890352e-01 -7.466756e-01 1.165674e+02 3.227008e-01 8.146534e-01 4.818755e-01 -5.518973e-01 6.993732e-01 -5.482751e-01 4.585538e-01 1.818889e+01
6.220006e-01 2.153959e-01 7.528080e-01 1.166532e+02 2.504322e-01 8.561976e-01 -4.518954e-01 -5.784468e-01 -7.418888e-01 4.696066e-01 4.786133e-01 1.914833e+01
7.922727e-01 2.252492e-01 -5.670686e-01 1.171616e+02 2.002716e-01 7.818815e-01 5.903835e-01 -5.903763e-01 5.763638e-01 -5.813125e-01 5.743523e-01 1.952654e+01
6.902383e-01 1.384277e-01 7.102175e-01 1.169100e+02 3.860059e-01 7.597562e-01 -5.232304e-01 -6.011271e-01 -6.120217e-01 6.353018e-01 4.709789e-01 2.035693e+01
6.229793e-01 3.686977e-01 -6.898977e-01 1.162038e+02 2.635725e-01 7.314414e-01 6.289062e-01 -5.886117e-01 7.364960e-01 -5.736336e-01 3.584942e-01 2.117844e+01
5.329109e-01 3.009720e-01 7.908362e-01 1.158120e+02 4.862404e-01 6.559676e-01 -5.773013e-01 -5.989462e-01 -6.925144e-01 6.921866e-01 2.032276e-01 2.214877e+01
9.183981e-01 3.952486e-01 1.798358e-02 1.167449e+02 -2.906171e-01 6.430382e-01 7.085504e-01 -6.168287e-01 2.684894e-01 -6.559577e-01 7.054310e-01 2.242363e+01
3.580904e-01 -3.863138e-01 8.500194e-01 1.176624e+02 8.125687e-01 5.773608e-01 -7.991657e-02 -6.343529e-01 -4.598950e-01 7.193165e-01 5.206538e-01 2.269515e+01
6.287180e-01 7.280071e-01 -2.733485e-01 1.175067e+02 -5.348157e-01 6.599859e-01 5.276274e-01 -6.335514e-01 5.645227e-01 -1.855378e-01 8.042946e-01 2.305110e+01
5.466975e-01 -5.243755e-01 6.528033e-01 1.171813e+02 7.874782e-01 5.869751e-01 -1.879847e-01 -6.251078e-01 -2.846047e-01 6.168392e-01 7.338321e-01 2.344917e+01
6.335044e-01 7.400004e-01 -2.259902e-01 1.173016e+02 -4.918768e-01 6.106271e-01 6.206382e-01 -6.201615e-01 5.972683e-01 -2.820177e-01 7.508239e-01 2.356635e+01
4.222491e-01 -5.556284e-01 7.162281e-01 1.175472e+02 8.421397e-01 5.328118e-01 -8.314022e-02 -6.266345e-01 -3.354198e-01 6.382700e-01 6.928961e-01 2.380419e+01
2.182313e-01 9.084068e-01 -3.566122e-01 1.172991e+02 -2.118142e-01 4.007993e-01 8.913443e-01 -6.188928e-01 9.526331e-01 -1.189837e-01 2.798804e-01 2.425598e+01
8.554652e-01 -1.794164e-01 4.857870e-01 1.167544e+02 5.128084e-01 4.242003e-01 -7.463790e-01 -5.870174e-01 -7.215835e-02 8.876169e-01 4.548949e-01 2.460266e+01
9.019239e-01 4.315178e-01 -1.804420e-02 1.173579e+02 -1.644524e-01 3.817572e-01 9.095146e-01 -5.813909e-01 3.993603e-01 -8.173456e-01 4.152801e-01 2.452394e+01
8.342426e-01 -2.922390e-01 4.675850e-01 1.181992e+02 5.495862e-01 3.720140e-01 -7.480378e-01 -5.703830e-01 4.465766e-02 8.810233e-01 4.709604e-01 2.429441e+01
8.589756e-01 4.665090e-01 -2.110219e-01 1.188236e+02 5.069543e-02 3.326245e-01 9.416958e-01 -5.410600e-01 5.095006e-01 -8.195915e-01 2.620664e-01 2.382511e+01
8.817534e-01 -4.549322e-02 4.695117e-01 1.194916e+02 4.568400e-01 3.303073e-01 -8.259505e-01 -5.241284e-01 -1.175080e-01 9.427765e-01 3.120327e-01 2.357957e+01
8.768512e-01 3.573698e-01 3.215880e-01 1.202054e+02 -4.378195e-01 3.172406e-01 8.412327e-01 -5.294894e-01 1.986104e-01 -8.784334e-01 4.346363e-01 2.367886e+01
8.187121e-01 -5.220887e-01 2.390271e-01 1.208777e+02 4.597785e-01 3.466983e-01 -8.175598e-01 -5.236469e-01 3.439684e-01 7.792456e-01 5.238912e-01 2.362213e+01
8.173455e-01 3.518318e-01 4.562462e-01 1.210667e+02 -5.715041e-01 3.947604e-01 7.194076e-01 -5.196537e-01 7.300257e-02 -8.487512e-01 5.237290e-01 2.369446e+01
7.306222e-01 -6.264229e-01 -2.716347e-01 1.214042e+02 4.436891e-02 4.405532e-01 -8.966294e-01 -4.963111e-01 6.813388e-01 6.430453e-01 3.496717e-01 2.342898e+01
9.917244e-01 -4.307419e-02 -1.209435e-01 1.223364e+02 1.283699e-01 3.471364e-01 9.289874e-01 -4.453915e-01 1.968510e-03 -9.368249e-01 3.497930e-01 2.265910e+01
2.032550e-01 3.212142e-01 -9.249372e-01 1.215036e+02 -9.384757e-01 3.332797e-01 -9.048802e-02 -3.829834e-01 2.791968e-01 8.864232e-01 3.691925e-01 2.311436e+01
4.016108e-01 -9.040102e-01 -1.465410e-01 1.200997e+02 9.086872e-01 4.132711e-01 -5.911485e-02 -3.085757e-01 1.140016e-01 -1.094188e-01 9.874367e-01 2.392197e+01
5.219227e-01 8.518976e-01 4.321067e-02 1.192908e+02 -8.341066e-01 5.203124e-01 -1.831423e-01 -2.752377e-01 -1.785016e-01 5.954385e-02 9.821363e-01 2.435006e+01
3.905989e-01 -9.015812e-01 -1.859675e-01 1.193368e+02 9.203929e-01 3.863360e-01 6.017805e-02 -2.503878e-01 1.759054e-02 -1.946686e-01 9.807113e-01 2.430741e+01
2.838880e-01 9.284728e-01 -2.394700e-01 1.200510e+02 -6.169986e-01 3.680577e-01 6.955906e-01 -1.955318e-01 7.339757e-01 -4.971716e-02 6.773536e-01 2.360697e+01
7.376533e-01 -6.736740e-01 -4.506635e-02 1.210115e+02 3.438453e-01 4.322664e-01 -8.336163e-01 -1.336893e-01 5.810663e-01 5.994239e-01 5.505024e-01 2.274750e+01
9.443170e-01 2.903846e-01 -1.547325e-01 1.222066e+02 4.692787e-02 3.465921e-01 9.368413e-01 -8.246529e-02 3.256734e-01 -8.919365e-01 3.136657e-01 2.192085e+01
9.980986e-01 -6.163596e-02 -5.320469e-04 1.233575e+02 2.431261e-02 4.016075e-01 -9.154891e-01 -4.638568e-02 5.664073e-02 9.137354e-01 4.023424e-01 2.125027e+01
9.376027e-01 -4.924465e-02 -3.442036e-01 1.246445e+02 3.414240e-01 3.177467e-01 8.845715e-01 -6.410034e-03 6.580916e-02 -9.468960e-01 3.147335e-01 2.051477e+01
9.665003e-01 2.315421e-01 1.107496e-01 1.257878e+02 1.849259e-02 3.675527e-01 -9.298188e-01 1.698086e-02 -2.559985e-01 9.007182e-01 3.509580e-01 2.003177e+01
8.166926e-01 -3.219267e-02 -5.761743e-01 1.268402e+02 5.659713e-01 2.395858e-01 7.888442e-01 4.554501e-02 1.126481e-01 -9.703413e-01 2.138881e-01 1.955553e+01
8.472084e-01 4.610418e-01 2.639665e-01 1.276805e+02 1.411521e-01 2.836645e-01 -9.484780e-01 5.746995e-02 -5.121659e-01 8.408180e-01 1.752459e-01 1.933554e+01
9.449258e-01 1.841148e-02 -3.267664e-01 1.284440e+02 3.173124e-01 1.930455e-01 9.284645e-01 7.115674e-02 8.017517e-02 -9.810171e-01 1.765715e-01 1.907217e+01
9.297926e-01 1.919315e-01 -3.140827e-01 1.296469e+02 -3.588298e-01 2.825041e-01 -8.896250e-01 1.145591e-01 -8.201738e-02 9.398690e-01 3.315410e-01 1.829420e+01
8.035774e-01 -4.239388e-01 -4.177790e-01 1.310053e+02 5.327029e-01 1.991561e-01 8.225354e-01 1.591023e-01 -2.655014e-01 -8.835229e-01 3.858708e-01 1.745352e+01
8.506278e-01 4.420882e-01 -2.845879e-01 1.320555e+02 -4.282095e-01 2.684546e-01 -8.628840e-01 1.884325e-01 -3.050719e-01 8.558564e-01 4.176613e-01 1.686113e+01
8.570398e-01 -5.133160e-01 -4.460332e-02 1.329698e+02 1.876388e-01 2.303147e-01 9.548544e-01 2.036846e-01 -4.798692e-01 -8.267175e-01 2.937069e-01 1.652038e+01
9.936936e-01 8.000828e-02 -7.855988e-02 1.338732e+02 -9.806677e-02 2.804047e-01 -9.548592e-01 2.151160e-01 -5.436808e-02 9.565416e-01 2.864826e-01 1.625868e+01
9.747853e-01 -1.834589e-01 -1.270292e-01 1.350114e+02 1.642961e-01 2.048536e-01 9.649051e-01 2.428489e-01 -1.509981e-01 -9.614457e-01 2.298298e-01 1.572136e+01
9.045890e-01 1.065202e-01 -4.127617e-01 1.363252e+02 -4.253924e-01 2.881878e-01 -8.578981e-01 2.777034e-01 2.756940e-02 9.516308e-01 3.060044e-01 1.505090e+01
6.474165e-01 -4.583790e-01 -6.088847e-01 1.376666e+02 7.354998e-01 1.664041e-01 6.567722e-01 3.292614e-01 -1.997297e-01 -8.730397e-01 4.448705e-01 1.422188e+01
-4.412516e-02 8.056323e-01 -5.907703e-01 1.391766e+02 -9.057650e-01 2.172202e-01 3.638752e-01 4.100933e-01 4.214768e-01 5.511551e-01 7.201287e-01 1.308321e+01
2.616832e-01 -9.381377e-01 2.267586e-01 1.402655e+02 9.517054e-01 2.117299e-01 -2.223226e-01 4.548922e-01 1.605577e-01 2.739855e-01 9.482369e-01 1.243037e+01
