9.999476e-01 1.817605e-03 -1.007421e-02 -2.835173e-02 -1.833400e-03 9.999971e-01 -1.558832e-03 1.853526e-03 1.007135e-02 1.577220e-03 9.999480e-01 -5.942760e-02
9.999999e-01 3.172584e-05 -3.234740e-04 -5.335866e-02 -3.176428e-05 1.000000e+00 -1.189277e-04 1.818559e-03 3.234705e-04 1.189386e-04 9.999999e-01 -4.665927e-02
9.999552e-01 1.410405e-03 -9.364338e-03 -1.369912e-01 -1.423233e-03 9.999981e-01 -1.363324e-03 2.070933e-03 9.362396e-03 1.376590e-03 9.999552e-01 5.981535e-02
9.999994e-01 1.093562e-04 -1.055592e-03 -1.676343e-01 -1.093029e-04 1.000000e+00 5.043796e-05 5.575283e-04 1.055598e-03 -5.032184e-05 9.999994e-01 1.159341e-01
9.999578e-01 8.669448e-04 -9.142600e-03 -1.574231e-01 -8.782586e-04 9.999989e-01 -1.233539e-03 -6.926381e-03 9.141520e-03 1.241516e-03 9.999574e-01 4.072226e-01
9.999988e-01 -6.213398e-04 -1.449171e-03 -1.364550e-01 6.219083e-04 9.999997e-01 3.917953e-04 -1.901499e-02 1.448928e-03 -3.926953e-04 9.999989e-01 8.735261e-01
9.999577e-01 1.370455e-03 -9.100138e-03 -8.277804e-02 -1.380958e-03 9.999984e-01 -1.147946e-03 -3.007228e-02 9.098550e-03 1.160463e-03 9.999579e-01 1.268894e+00
9.999982e-01 -1.224361e-03 -1.472828e-03 -4.656942e-02 1.224840e-03 9.999992e-01 3.241977e-04 -4.562601e-02 1.472430e-03 -3.260004e-04 9.999989e-01 1.858759e+00
9.999622e-01 1.525408e-03 -8.562072e-03 -1.692778e-02 -1.535273e-03 9.999982e-01 -1.145638e-03 -6.176488e-02 8.560309e-03 1.158739e-03 9.999627e-01 2.557158e+00
9.999978e-01 7.284114e-04 -1.942816e-03 8.147389e-03 -7.295305e-04 9.999996e-01 -5.754043e-04 -6.024451e-02 1.942396e-03 5.768211e-04 9.999979e-01 2.386360e+00
9.999516e-01 2.047889e-03 -9.628101e-03 8.995940e-02 -2.056242e-03 9.999975e-01 -8.576991e-04 -5.331677e-02 9.626321e-03 8.774546e-04 9.999533e-01 1.848284e+00
9.999995e-01 -2.433494e-04 -9.207542e-04 5.809657e-02 2.427627e-04 9.999998e-01 -6.373462e-04 -5.165050e-02 9.209094e-04 6.371231e-04 9.999994e-01 1.778759e+00
9.999477e-01 2.857781e-03 -9.817585e-03 2.168233e-02 -2.872770e-03 9.999947e-01 -1.513030e-03 -4.685087e-02 9.813209e-03 1.541154e-03 9.999507e-01 1.567379e+00
9.999986e-01 3.780810e-04 -1.625229e-03 5.246556e-02 -3.789606e-04 9.999998e-01 -5.409789e-04 -3.816779e-02 1.625025e-03 5.415948e-04 9.999985e-01 1.001516e+00
9.999591e-01 1.519190e-03 -8.912555e-03 -1.853252e-02 -1.529369e-03 9.999982e-01 -1.135320e-03 -3.626473e-02 8.910813e-03 1.148903e-03 9.999596e-01 9.591550e-01
9.999993e-01 2.284151e-04 -1.162271e-03 -7.557897e-02 -2.292201e-04 9.999997e-01 -6.926027e-04 -3.739472e-02 1.162113e-03 6.928693e-04 9.999991e-01 1.098096e+00
9.999455e-01 4.081324e-03 -9.610918e-03 -9.685671e-02 -4.104347e-03 9.999888e-01 -2.376936e-03 -2.236511e-02 9.601109e-03 2.416252e-03 9.999510e-01 3.273360e-01
9.999976e-01 4.455590e-04 -2.153965e-03 -3.633945e-02 -4.459218e-04 9.999999e-01 -1.680095e-04 -5.104101e-03 2.153890e-03 1.689703e-04 9.999977e-01 -6.531723e-01
9.999505e-01 2.771910e-03 -9.559547e-03 5.181259e-03 -2.788819e-03 9.999946e-01 -1.755907e-03 3.954405e-03 9.554627e-03 1.782479e-03 9.999528e-01 -1.252257e+00
9.999976e-01 4.456621e-04 -2.143361e-03 6.162119e-02 -4.460946e-04 9.999999e-01 -2.013713e-04 1.197647e-02 2.143271e-03 2.023276e-04 9.999977e-01 -1.818606e+00
9.999445e-01 4.185161e-03 -9.666329e-03 1.139794e-01 -4.210856e-03 9.999877e-01 -2.639375e-03 2.897140e-02 9.655163e-03 2.679932e-03 9.999498e-01 -2.785407e+00
9.999976e-01 6.091935e-04 -2.082710e-03 1.640843e-01 -6.094974e-04 9.999998e-01 -1.453282e-04 4.761382e-02 2.082622e-03 1.465980e-04 9.999978e-01 -3.817319e+00
9.999477e-01 3.909981e-03 -9.445174e-03 1.883038e-01 -3.934121e-03 9.999890e-01 -2.538581e-03 6.456578e-02 9.435145e-03 2.575606e-03 9.999522e-01 -4.748941e+00
9.999970e-01 5.286166e-04 -2.380966e-03 2.630753e-01 -5.284717e-04 9.999999e-01 6.143101e-05 8.053120e-02 2.380999e-03 -6.017185e-05 9.999972e-01 -5.699390e+00
9.999458e-01 3.156795e-03 -9.926120e-03 3.737427e-01 -3.178698e-03 9.999925e-01 -2.191640e-03 9.054163e-02 9.919127e-03 2.223073e-03 9.999483e-01 -6.427908e+00
9.999972e-01 -3.733561e-04 -2.357975e-03 4.905861e-01 3.745395e-04 9.999998e-01 5.014177e-04 9.381782e-02 2.357788e-03 -5.022987e-04 9.999971e-01 -6.853243e+00
9.999409e-01 5.062352e-03 -9.618223e-03 6.043192e-01 -5.092593e-03 9.999822e-01 -3.122284e-03 1.089957e-01 9.602245e-03 3.171081e-03 9.999489e-01 -7.830571e+00
9.999965e-01 -4.604098e-04 -2.616926e-03 7.577596e-01 4.623925e-04 9.999996e-01 7.570195e-04 1.244138e-01 2.616577e-03 -7.582262e-04 9.999963e-01 -8.856761e+00
9.999524e-01 5.115411e-03 -8.303968e-03 7.699001e-01 -5.145251e-03 9.999804e-01 -3.576084e-03 1.443010e-01 8.285511e-03 3.618639e-03 9.999591e-01 -9.834373e+00
9.999985e-01 -4.786724e-04 -1.663033e-03 6.979589e-01 4.791280e-04 9.999998e-01 2.735149e-04 1.671195e-01 1.662902e-03 -2.743106e-04 9.999986e-01 -1.073968e+01
9.999560e-01 4.493615e-03 -8.239699e-03 5.926196e-01 -4.518825e-03 9.999852e-01 -3.043440e-03 1.897367e-01 8.225901e-03 3.080539e-03 9.999614e-01 -1.150498e+01
9.999976e-01 -3.769338e-04 -2.142284e-03 5.824392e-01 3.777220e-04 9.999999e-01 3.674415e-04 2.071319e-01 2.142146e-03 -3.682491e-04 9.999976e-01 -1.229575e+01
9.999394e-01 6.436687e-03 -8.926231e-03 6.159061e-01 -6.474898e-03 9.999700e-01 -4.258420e-03 2.309717e-01 8.898552e-03 4.315958e-03 9.999511e-01 -1.356366e+01
9.999976e-01 -4.053869e-05 -2.213080e-03 6.609925e-01 4.052860e-05 1.000000e+00 -4.678582e-06 2.576965e-01 2.213081e-03 4.589584e-06 9.999976e-01 -1.496185e+01
9.999438e-01 6.541551e-03 -8.339173e-03 6.716156e-01 -6.578428e-03 9.999687e-01 -4.402418e-03 2.848696e-01 8.310113e-03 4.457029e-03 9.999555e-01 -1.634398e+01
9.999976e-01 -3.398696e-04 -2.172001e-03 6.770743e-01 3.403554e-04 9.999999e-01 2.232127e-04 3.114317e-01 2.171925e-03 -2.239507e-04 9.999976e-01 -1.767432e+01
9.999439e-01 5.897409e-03 -8.804178e-03 7.181797e-01 -5.930971e-03 9.999752e-01 -3.790848e-03 3.341107e-01 8.781603e-03 3.842852e-03 9.999541e-01 -1.886792e+01
9.999952e-01 -1.673813e-03 -2.589283e-03 8.347945e-01 1.677264e-03 9.999977e-01 1.331420e-03 3.487825e-01 2.587048e-03 -1.335756e-03 9.999958e-01 -1.977780e+01
9.999427e-01 5.073744e-03 -9.422330e-03 9.854091e-01 -5.102133e-03 9.999825e-01 -2.991339e-03 3.600622e-01 9.406988e-03 3.039241e-03 9.999511e-01 -2.052934e+01
9.999970e-01 -1.268195e-03 -2.102442e-03 1.077085e+00 1.269851e-03 9.999989e-01 7.862776e-04 3.744574e-01 2.101443e-03 -7.889443e-04 9.999975e-01 -2.134776e+01
9.999458e-01 5.487549e-03 -8.850098e-03 1.155735e+00 -5.516491e-03 9.999795e-01 -3.249136e-03 3.901099e-01 8.832086e-03 3.297780e-03 9.999556e-01 -2.223930e+01
9.999948e-01 -1.321538e-03 -2.948793e-03 1.290880e+00 1.324157e-03 9.999987e-01 8.865037e-04 4.051442e-01 2.947618e-03 -8.904031e-04 9.999953e-01 -2.316083e+01
9.999493e-01 5.927136e-03 -8.140056e-03 1.369111e+00 -5.957663e-03 9.999753e-01 -3.731092e-03 4.226359e-01 8.117740e-03 3.779398e-03 9.999599e-01 -2.413545e+01
9.999965e-01 -8.078048e-04 -2.518380e-03 1.385801e+00 8.086746e-04 9.999996e-01 3.443112e-04 4.436499e-01 2.518101e-03 -3.463458e-04 9.999968e-01 -2.522067e+01
9.999473e-01 6.656258e-03 -7.811995e-03 1.345584e+00 -6.689729e-03 9.999685e-01 -4.266298e-03 4.688344e-01 7.783352e-03 4.318333e-03 9.999604e-01 -2.643920e+01
9.999958e-01 -7.046003e-04 -2.819684e-03 1.375314e+00 7.056632e-04 9.999997e-01 3.758952e-04 4.930850e-01 2.819419e-03 -3.778827e-04 9.999960e-01 -2.770480e+01
9.999411e-01 7.042645e-03 -8.254580e-03 1.392172e+00 -7.080456e-03 9.999645e-01 -4.560380e-03 5.192233e-01 8.222170e-03 4.618557e-03 9.999555e-01 -2.906665e+01
9.999970e-01 -7.771934e-04 -2.316795e-03 1.390417e+00 7.780246e-04 9.999996e-01 3.577679e-04 5.459436e-01 2.316516e-03 -3.595687e-04 9.999973e-01 -3.040632e+01
9.999441e-01 6.614597e-03 -8.252729e-03 1.387214e+00 -6.649146e-03 9.999692e-01 -4.165948e-03 5.700616e-01 8.224918e-03 4.220588e-03 9.999573e-01 -3.163365e+01
9.999966e-01 -8.777241e-04 -2.470595e-03 1.415295e+00 8.788422e-04 9.999995e-01 4.514069e-04 5.929622e-01 2.470198e-03 -4.535759e-04 9.999968e-01 -3.283250e+01
9.999424e-01 6.606185e-03 -8.458653e-03 1.464829e+00 -6.640654e-03 9.999697e-01 -4.053358e-03 6.162956e-01 8.431620e-03 4.109295e-03 9.999560e-01 -3.405610e+01
9.999981e-01 -3.341044e-04 -1.929453e-03 1.449433e+00 3.337846e-04 9.999999e-01 -1.661873e-04 6.429535e-01 1.929509e-03 1.655437e-04 9.999981e-01 -3.536945e+01
9.999411e-01 7.395450e-03 -7.940408e-03 1.378922e+00 -7.432528e-03 9.999616e-01 -4.650082e-03 6.735162e-01 7.905713e-03 4.708825e-03 9.999577e-01 -3.682779e+01
9.999956e-01 4.055327e-04 -2.949170e-03 1.338000e+00 -4.074719e-04 9.999997e-01 -6.570375e-04 7.076086e-01 2.948902e-03 6.582369e-04 9.999954e-01 -3.849883e+01
9.999412e-01 7.191486e-03 -8.112372e-03 1.350034e+00 -7.226654e-03 9.999646e-01 -4.314102e-03 7.388844e-01 8.081060e-03 4.372473e-03 9.999578e-01 -4.012461e+01
9.999980e-01 1.235348e-03 -1.596103e-03 1.253947e+00 -1.238058e-03 9.999978e-01 -1.698415e-03 7.773697e-01 1.594002e-03 1.700388e-03 9.999973e-01 -4.189680e+01
9.999383e-01 7.929328e-03 -7.773296e-03 1.116415e+00 -7.967966e-03 9.999560e-01 -4.952249e-03 8.201588e-01 7.733686e-03 5.013881e-03 9.999575e-01 -4.382285e+01
9.999935e-01 -9.465199e-04 -3.470614e-03 1.162766e+00 9.480397e-04 9.999995e-01 4.362116e-04 8.493860e-01 3.470199e-03 -4.394984e-04 9.999939e-01 -4.535842e+01
9.999347e-01 8.755592e-03 -7.349142e-03 1.183284e+00 -8.797634e-03 9.999450e-01 -5.707922e-03 8.801901e-01 7.298762e-03 5.772203e-03 9.999567e-01 -4.697951e+01
9.999960e-01 -5.459253e-04 -2.765349e-03 1.118930e+00 5.459518e-04 9.999999e-01 8.725756e-06 9.164046e-01 2.765344e-03 -1.023480e-05 9.999962e-01 -4.872183e+01
9.999340e-01 9.833841e-03 -5.938001e-03 9.305539e-01 -9.874193e-03 9.999281e-01 -6.804917e-03 9.590239e-01 5.870656e-03 6.863101e-03 9.999592e-01 -5.059095e+01
9.999913e-01 -1.819336e-03 -3.759958e-03 8.425835e-01 1.824438e-03 9.999974e-01 1.353941e-03 9.934148e-01 3.757485e-03 -1.360788e-03 9.999920e-01 -5.221911e+01
9.999353e-01 8.974487e-03 -6.990480e-03 8.601475e-01 -9.017764e-03 9.999402e-01 -6.184105e-03 1.022027e+00 6.934562e-03 6.246743e-03 9.999564e-01 -5.373184e+01
9.999951e-01 -2.063556e-04 -3.122716e-03 8.292869e-01 2.070708e-04 1.000000e+00 2.286135e-04 1.058198e+00 3.122669e-03 -2.292583e-04 9.999951e-01 -5.553745e+01
9.999374e-01 6.791043e-03 -8.889849e-03 9.884463e-01 -6.829327e-03 9.999675e-01 -4.283278e-03 1.083819e+00 8.860472e-03 4.343721e-03 9.999513e-01 -5.706448e+01
9.999974e-01 1.759265e-04 -2.254788e-03 1.069109e+00 -1.772014e-04 9.999998e-01 -5.653699e-04 1.111400e+00 2.254689e-03 5.657687e-04 9.999973e-01 -5.858913e+01
9.999479e-01 6.929040e-03 -7.502238e-03 9.911719e-01 -6.962002e-03 9.999662e-01 -4.376386e-03 1.142897e+00 7.471660e-03 4.428387e-03 9.999623e-01 -6.006673e+01
9.999966e-01 1.539007e-03 -2.082845e-03 8.942656e-01 -1.542506e-03 9.999974e-01 -1.679514e-03 1.180714e+00 2.080255e-03 1.682722e-03 9.999964e-01 -6.183744e+01
9.999381e-01 6.803150e-03 -8.805664e-03 8.756741e-01 -6.838578e-03 9.999686e-01 -3.999469e-03 1.216905e+00 8.778178e-03 4.059439e-03 9.999532e-01 -6.362583e+01
9.999980e-01 1.136193e-03 -1.637612e-03 8.241602e-01 -1.138774e-03 9.999981e-01 -1.575652e-03 1.250726e+00 1.635818e-03 1.577514e-03 9.999974e-01 -6.528719e+01
9.999453e-01 7.115011e-03 -7.668260e-03 6.868372e-01 -7.148491e-03 9.999650e-01 -4.347436e-03 1.289406e+00 7.637059e-03 4.402014e-03 9.999611e-01 -6.700563e+01
9.999976e-01 7.470446e-04 -2.037952e-03 5.921141e-01 -7.494175e-04 9.999990e-01 -1.164025e-03 1.324864e+00 2.037081e-03 1.165550e-03 9.999972e-01 -6.864417e+01
9.999454e-01 7.005365e-03 -7.750390e-03 4.989275e-01 -7.038596e-03 9.999661e-01 -4.268667e-03 1.360053e+00 7.720224e-03 4.322986e-03 9.999609e-01 -7.026886e+01
9.999971e-01 1.485257e-03 -1.880959e-03 3.528478e-01 -1.488676e-03 9.999972e-01 -1.817917e-03 1.398755e+00 1.878254e-03 1.820712e-03 9.999966e-01 -7.201714e+01
9.999359e-01 6.022562e-03 -9.589688e-03 3.397919e-01 -6.053205e-03 9.999767e-01 -3.169528e-03 1.430255e+00 9.570375e-03 3.227373e-03 9.999490e-01 -7.363344e+01
9.999981e-01 1.732475e-03 -9.340218e-04 2.653478e-01 -1.734473e-03 9.999962e-01 -2.143009e-03 1.463101e+00 9.303056e-04 2.144625e-03 9.999973e-01 -7.521477e+01
9.999459e-01 6.856853e-03 -7.820856e-03 7.188404e-02 -6.890002e-03 9.999674e-01 -4.219383e-03 1.504551e+00 7.791669e-03 4.273040e-03 9.999605e-01 -7.697553e+01
9.999982e-01 1.414860e-03 -1.298170e-03 -9.490452e-02 -1.417145e-03 9.999974e-01 -1.761341e-03 1.543685e+00 1.295674e-03 1.763178e-03 9.999976e-01 -7.868322e+01
9.999368e-01 7.488002e-03 -8.384039e-03 -1.828477e-01 -7.526237e-03 9.999614e-01 -4.538211e-03 1.582439e+00 8.349733e-03 4.601024e-03 9.999546e-01 -8.053522e+01
9.999965e-01 1.474989e-03 -2.177948e-03 -2.392185e-01 -1.478721e-03 9.999974e-01 -1.713035e-03 1.622436e+00 2.175416e-03 1.716251e-03 9.999962e-01 -8.245550e+01
9.999503e-01 7.386004e-03 -6.699909e-03 -4.241423e-01 -7.417023e-03 9.999618e-01 -4.616865e-03 1.662940e+00 6.665553e-03 4.666328e-03 9.999669e-01 -8.421258e+01
9.999964e-01 1.509880e-06 -2.679474e-03 -5.409367e-01 -2.961577e-06 9.999999e-01 -5.419086e-04 1.696265e+00 2.679473e-03 5.419152e-04 9.999963e-01 -8.572166e+01
9.999531e-01 6.684660e-03 -7.002170e-03 -6.408371e-01 -6.713335e-03 9.999691e-01 -4.079730e-03 1.726491e+00 6.974682e-03 4.126546e-03 9.999672e-01 -8.709695e+01
9.999972e-01 1.092942e-03 -2.114925e-03 -7.821664e-01 -1.096208e-03 9.999982e-01 -1.543931e-03 1.762390e+00 2.113234e-03 1.546246e-03 9.999966e-01 -8.868827e+01
9.999458e-01 6.709542e-03 -7.957431e-03 -8.629245e-01 -6.739725e-03 9.999702e-01 -3.772321e-03 1.797102e+00 7.931883e-03 3.825747e-03 9.999612e-01 -9.032236e+01
9.999974e-01 1.576439e-03 -1.667791e-03 -9.423744e-01 -1.580031e-03 9.999964e-01 -2.155300e-03 1.834689e+00 1.664388e-03 2.157930e-03 9.999963e-01 -9.205038e+01
9.999481e-01 6.815688e-03 -7.570006e-03 -1.083551e+00 -6.845883e-03 9.999687e-01 -3.970090e-03 1.874556e+00 7.542710e-03 4.021707e-03 9.999635e-01 -9.380997e+01
9.999968e-01 1.135176e-03 -2.248027e-03 -1.179462e+00 -1.138909e-03 9.999980e-01 -1.660130e-03 1.910852e+00 2.246137e-03 1.662685e-03 9.999961e-01 -9.548069e+01
9.999528e-01 6.835937e-03 -6.899668e-03 -1.311547e+00 -6.864331e-03 9.999680e-01 -4.099892e-03 1.948717e+00 6.871421e-03 4.147060e-03 9.999678e-01 -9.713177e+01
9.999956e-01 1.111364e-03 -2.748189e-03 -1.453735e+00 -1.115734e-03 9.999981e-01 -1.589167e-03 1.986634e+00 2.746418e-03 1.592227e-03 9.999950e-01 -9.880332e+01
9.999454e-01 7.601149e-03 -7.173826e-03 -1.561722e+00 -7.634223e-03 9.999603e-01 -4.594225e-03 2.026304e+00 7.138620e-03 4.648740e-03 9.999637e-01 -1.006272e+02
9.999928e-01 2.628932e-03 -2.722742e-03 -1.698701e+00 -2.636718e-03 9.999924e-01 -2.860169e-03 2.072595e+00 2.715203e-03 2.867329e-03 9.999922e-01 -1.027733e+02
9.999277e-01 9.393909e-03 -7.501890e-03 -1.862501e+00 -9.438993e-03 9.999375e-01 -5.996991e-03 2.130538e+00 7.445085e-03 6.067367e-03 9.999539e-01 -1.053817e+02
9.999942e-01 1.725008e-03 -2.952960e-03 -2.002578e+00 -1.730752e-03 9.999966e-01 -1.943932e-03 2.182763e+00 2.949597e-03 1.949032e-03 9.999938e-01 -1.077786e+02
9.999541e-01 7.001768e-03 -6.544902e-03 -2.085990e+00 -7.030163e-03 9.999659e-01 -4.325616e-03 2.221589e+00 6.514392e-03 4.371428e-03 9.999692e-01 -1.095930e+02
9.999940e-01 -1.116324e-04 -3.462215e-03 -2.145915e+00 1.100365e-04 9.999999e-01 -4.612336e-04 2.253883e+00 3.462266e-03 4.608504e-04 9.999939e-01 -1.110666e+02
9.999541e-01 6.645620e-03 -6.901792e-03 -2.187024e+00 -6.673772e-03 9.999695e-01 -4.063952e-03 2.282829e+00 6.874574e-03 4.109826e-03 9.999679e-01 -1.124168e+02
9.999949e-01 1.804180e-03 -2.637495e-03 -2.307365e+00 -1.809459e-03 9.999964e-01 -2.000574e-03 2.322624e+00 2.633876e-03 2.005336e-03 9.999945e-01 -1.141907e+02
9.999490e-01 6.814346e-03 -7.456532e-03 -2.411881e+00 -6.844020e-03 9.999687e-01 -3.961386e-03 2.361508e+00 7.429304e-03 4.012216e-03 9.999644e-01 -1.160049e+02
9.999940e-01 1.483340e-03 -3.145627e-03 -2.452454e+00 -1.488584e-03 9.999975e-01 -1.665559e-03 2.396673e+00 3.143148e-03 1.670232e-03 9.999937e-01 -1.177394e+02
9.999533e-01 7.120288e-03 -6.527860e-03 -2.538180e+00 -7.149310e-03 9.999646e-01 -4.433321e-03 2.435393e+00 6.496063e-03 4.479784e-03 9.999689e-01 -1.195423e+02
9.999952e-01 1.620439e-03 -2.655147e-03 -2.678751e+00 -1.625521e-03 9.999968e-01 -1.912981e-03 2.476755e+00 2.652038e-03 1.917288e-03 9.999946e-01 -1.213769e+02
9.999521e-01 7.247917e-03 -6.572535e-03 -2.815927e+00 -7.277592e-03 9.999634e-01 -4.502400e-03 2.517471e+00 6.539662e-03 4.550016e-03 9.999683e-01 -1.232154e+02
9.999934e-01 2.250131e-03 -2.865095e-03 -2.919732e+00 -2.256570e-03 9.999949e-01 -2.246234e-03 2.560704e+00 2.860026e-03 2.252684e-03 9.999934e-01 -1.252006e+02
9.999492e-01 6.787438e-03 -7.450500e-03 -2.971876e+00 -6.818030e-03 9.999684e-01 -4.088224e-03 2.601178e+00 7.422516e-03 4.138813e-03 9.999639e-01 -1.271429e+02
9.999944e-01 2.063536e-03 -2.645933e-03 -3.054606e+00 -2.069354e-03 9.999954e-01 -2.198236e-03 2.642548e+00 2.641385e-03 2.203700e-03 9.999941e-01 -1.290550e+02
9.999511e-01 6.441219e-03 -7.497684e-03 -3.133901e+00 -6.469715e-03 9.999719e-01 -3.782488e-03 2.681193e+00 7.473110e-03 3.830810e-03 9.999647e-01 -1.308667e+02
9.999930e-01 6.708191e-04 -3.692722e-03 -3.127200e+00 -6.741555e-04 9.999994e-01 -9.024289e-04 2.711637e+00 3.692114e-03 9.049125e-04 9.999928e-01 -1.324050e+02
9.999565e-01 5.477743e-03 -7.548638e-03 -3.095231e+00 -5.500508e-03 9.999804e-01 -2.998266e-03 2.736114e+00 7.532067e-03 3.039656e-03 9.999670e-01 -1.336985e+02
9.999955e-01 1.994547e-03 -2.221214e-03 -3.187924e+00 -1.999501e-03 9.999955e-01 -2.230698e-03 2.769225e+00 2.216754e-03 2.235130e-03 9.999950e-01 -1.352253e+02
9.999500e-01 6.269944e-03 -7.795674e-03 -3.272686e+00 -6.298379e-03 9.999736e-01 -3.628235e-03 2.807187e+00 7.772719e-03 3.677153e-03 9.999630e-01 -1.369821e+02
9.999941e-01 -1.464998e-06 -3.442112e-03 -3.251606e+00 3.493041e-08 9.999999e-01 -4.155709e-04 2.833302e+00 3.442112e-03 4.155688e-04 9.999940e-01 -1.383362e+02
9.999498e-01 6.487967e-03 -7.638226e-03 -3.238746e+00 -6.517753e-03 9.999712e-01 -3.881104e-03 2.859189e+00 7.612826e-03 3.930693e-03 9.999633e-01 -1.396910e+02
9.999927e-01 -9.616891e-04 -3.706096e-03 -3.099715e+00 9.644396e-04 9.999993e-01 7.403569e-04 2.878629e+00 3.705381e-03 -7.439253e-04 9.999929e-01 -1.408956e+02
9.999482e-01 5.637227e-03 -8.471466e-03 -2.909330e+00 -5.664412e-03 9.999789e-01 -3.188394e-03 2.892348e+00 8.453313e-03 3.236214e-03 9.999590e-01 -1.418855e+02
9.999923e-01 -1.471947e-03 -3.630459e-03 -2.749053e+00 1.475850e-03 9.999983e-01 1.072519e-03 2.904293e+00 3.628874e-03 -1.077869e-03 9.999928e-01 -1.427574e+02
9.999443e-01 4.363176e-03 -9.613867e-03 -2.494566e+00 -4.384899e-03 9.999879e-01 -2.239562e-03 2.904891e+00 9.603979e-03 2.281593e-03 9.999513e-01 -1.433014e+02
9.999910e-01 -1.471315e-03 -3.984687e-03 -2.213076e+00 1.475248e-03 9.999984e-01 9.842802e-04 2.902622e+00 3.983232e-03 -9.901492e-04 9.999916e-01 -1.437886e+02
9.999446e-01 6.384047e-03 -8.368577e-03 -2.045561e+00 -6.414149e-03 9.999730e-01 -3.575092e-03 2.917409e+00 8.345528e-03 3.628571e-03 9.999586e-01 -1.448286e+02
9.999897e-01 -2.075852e-03 -4.048103e-03 -1.839687e+00 2.081551e-03 9.999968e-01 1.404039e-03 2.930240e+00 4.045176e-03 -1.412450e-03 9.999908e-01 -1.457953e+02
9.999425e-01 4.525313e-03 -9.725686e-03 -1.547250e+00 -4.548408e-03 9.999869e-01 -2.353808e-03 2.925346e+00 9.714907e-03 2.397908e-03 9.999499e-01 -1.461530e+02
9.999871e-01 -3.234450e-03 -3.925289e-03 -1.271808e+00 3.242083e-03 9.999929e-01 1.939757e-03 2.913489e+00 3.918987e-03 -1.952458e-03 9.999904e-01 -1.460837e+02
9.999447e-01 4.152088e-03 -9.666575e-03 -1.068268e+00 -4.172367e-03 9.999891e-01 -2.078631e-03 2.896284e+00 9.657840e-03 2.118848e-03 9.999511e-01 -1.456753e+02
9.999906e-01 -1.474425e-03 -4.079156e-03 -8.091712e-01 1.477601e-03 9.999986e-01 7.754746e-04 2.889947e+00 4.078007e-03 -7.814942e-04 9.999914e-01 -1.459214e+02
9.999463e-01 4.912873e-03 -9.124313e-03 -5.042673e-01 -4.935269e-03 9.999849e-01 -2.433663e-03 2.894726e+00 9.112218e-03 2.478563e-03 9.999554e-01 -1.466786e+02
9.999930e-01 -1.235172e-03 -3.536895e-03 -2.174822e-01 1.237032e-03 9.999991e-01 5.234353e-04 2.900936e+00 3.536245e-03 -5.278065e-04 9.999936e-01 -1.475026e+02
9.999411e-01 3.180559e-03 -1.038163e-02 1.144471e-01 -3.192349e-03 9.999943e-01 -1.119263e-03 2.893411e+00 1.037801e-02 1.152338e-03 9.999455e-01 -1.478012e+02
9.999924e-01 -2.203303e-03 -3.221630e-03 3.560172e-01 2.206324e-03 9.999971e-01 9.344080e-04 2.876945e+00 3.219562e-03 -9.415084e-04 9.999944e-01 -1.474931e+02
9.999445e-01 3.345937e-03 -9.989576e-03 5.336068e-01 -3.362987e-03 9.999929e-01 -1.690460e-03 2.857889e+00 9.983849e-03 1.723961e-03 9.999487e-01 -1.469900e+02
9.999906e-01 -1.807929e-03 -3.936182e-03 8.248045e-01 1.812959e-03 9.999975e-01 1.274715e-03 2.843471e+00 3.933868e-03 -1.281839e-03 9.999914e-01 -1.469046e+02
9.999412e-01 3.788967e-03 -1.015907e-02 1.113057e+00 -3.808919e-03 9.999909e-01 -1.945232e-03 2.832033e+00 1.015160e-02 1.983813e-03 9.999465e-01 -1.469388e+02
9.999938e-01 -9.436360e-04 -3.381882e-03 1.361317e+00 9.464690e-04 9.999992e-01 8.360643e-04 2.833038e+00 3.381090e-03 -8.392596e-04 9.999939e-01 -1.474515e+02
9.999422e-01 2.306154e-03 -1.049779e-02 1.641820e+00 -2.317404e-03 9.999968e-01 -1.059648e-03 2.822348e+00 1.049531e-02 1.083914e-03 9.999443e-01 -1.474751e+02
9.999925e-01 -6.289449e-04 -3.819576e-03 1.936488e+00 6.308502e-04 9.999997e-01 4.975129e-04 2.807410e+00 3.819262e-03 -4.999184e-04 9.999926e-01 -1.473679e+02
9.999450e-01 2.068689e-03 -1.028138e-02 2.230353e+00 -2.077155e-03 9.999975e-01 -8.127638e-04 2.794587e+00 1.027967e-02 8.340748e-04 9.999468e-01 -1.473702e+02
9.999935e-01 -7.257973e-04 -3.539634e-03 2.510399e+00 7.277857e-04 9.999996e-01 5.603901e-04 2.783035e+00 3.539225e-03 -5.629621e-04 9.999936e-01 -1.473874e+02
9.999462e-01 2.079732e-03 -1.016090e-02 2.780972e+00 -2.088700e-03 9.999974e-01 -8.720711e-04 2.769921e+00 1.015906e-02 8.932469e-04 9.999480e-01 -1.473053e+02
9.999974e-01 -7.282631e-04 -2.150487e-03 3.017202e+00 7.278268e-04 9.999997e-01 -2.038382e-04 2.755895e+00 2.150635e-03 2.022729e-04 9.999977e-01 -1.471190e+02
9.999270e-01 2.177080e-03 -1.188815e-02 3.359862e+00 -2.179140e-03 9.999976e-01 -1.602624e-04 2.744112e+00 1.188777e-02 1.861562e-04 9.999293e-01 -1.472194e+02
9.999980e-01 -5.306469e-04 -1.946333e-03 3.770295e+00 5.308687e-04 9.999999e-01 1.132595e-04 2.728127e+00 1.946272e-03 -1.142921e-04 9.999981e-01 -1.472815e+02
9.999054e-01 2.426395e-03 -1.353916e-02 4.245064e+00 -2.431392e-03 9.999970e-01 -3.525543e-04 2.718794e+00 1.353827e-02 3.854396e-04 9.999083e-01 -1.476471e+02
1.000000e+00 -1.817188e-05 -7.682358e-05 4.474117e+00 1.809956e-05 9.999996e-01 -9.469108e-04 2.713827e+00 7.684051e-05 9.469098e-04 9.999995e-01 -1.479274e+02
9.998966e-01 1.774871e-03 -1.426944e-02 4.796429e+00 -1.766796e-03 9.999983e-01 5.785144e-04 2.703877e+00 1.427044e-02 -5.532437e-04 9.998980e-01 -1.481222e+02
9.999992e-01 -8.957462e-04 8.478202e-04 5.045742e+00 8.963347e-04 9.999994e-01 -6.935209e-04 2.687093e+00 -8.471987e-04 6.942806e-04 9.999994e-01 -1.478552e+02
9.999241e-01 1.044289e-03 -1.227962e-02 5.145287e+00 -1.041761e-03 9.999994e-01 2.122940e-04 2.665262e+00 1.227984e-02 -1.994858e-04 9.999246e-01 -1.470683e+02
9.999999e-01 -5.151260e-04 -1.343934e-04 5.264940e+00 5.150498e-04 9.999997e-01 -5.694179e-04 2.645645e+00 1.346864e-04 5.693489e-04 9.999998e-01 -1.464321e+02
9.999130e-01 2.149975e-03 -1.301606e-02 5.480812e+00 -2.152484e-03 9.999977e-01 -1.787559e-04 2.634768e+00 1.301564e-02 2.067569e-04 9.999153e-01 -1.463727e+02
9.999997e-01 -1.393652e-04 -7.128558e-04 5.719242e+00 1.387945e-04 9.999997e-01 -8.010962e-04 2.627691e+00 7.129670e-04 8.009974e-04 9.999994e-01 -1.465706e+02
9.999174e-01 1.268193e-03 -1.279219e-02 5.925433e+00 -1.263850e-03 9.999991e-01 3.476034e-04 2.614129e+00 1.279262e-02 -3.314076e-04 9.999181e-01 -1.463853e+02
9.999988e-01 1.320407e-03 8.237700e-04 6.015192e+00 -1.318864e-03 9.999974e-01 -1.870236e-03 2.616144e+00 -8.262375e-04 1.869148e-03 9.999979e-01 -1.466963e+02
9.999324e-01 3.074649e-03 -1.121743e-02 6.009257e+00 -3.085104e-03 9.999948e-01 -9.147909e-04 2.632151e+00 1.121456e-02 9.493356e-04 9.999367e-01 -1.475461e+02
9.999978e-01 2.077541e-03 -5.460020e-05 6.100843e+00 -2.077650e-03 9.999957e-01 -2.089264e-03 2.650465e+00 5.025916e-05 2.089373e-03 9.999978e-01 -1.486309e+02
9.999215e-01 1.072762e-04 -1.252949e-02 6.299477e+00 -9.066112e-05 9.999991e-01 1.326674e-03 2.651430e+00 1.252962e-02 -1.325434e-03 9.999206e-01 -1.490470e+02
9.999997e-01 6.446788e-04 -4.699062e-04 6.485435e+00 -6.453308e-04 9.999988e-01 -1.389725e-03 2.636265e+00 4.690095e-04 1.390028e-03 9.999989e-01 -1.487194e+02
9.999215e-01 1.135605e-04 -1.253261e-02 6.684639e+00 -9.785562e-05 9.999992e-01 1.253764e-03 2.620408e+00 1.253274e-02 -1.252440e-03 9.999207e-01 -1.484222e+02
9.999991e-01 1.104309e-03 -7.499707e-04 6.908265e+00 -1.105584e-03 9.999979e-01 -1.703191e-03 2.606204e+00 7.480881e-04 1.704019e-03 9.999983e-01 -1.482429e+02
9.999096e-01 -9.976342e-05 -1.344199e-02 7.241790e+00 1.239252e-04 9.999984e-01 1.796698e-03 2.589813e+00 1.344179e-02 -1.798202e-03 9.999080e-01 -1.481450e+02
9.999985e-01 1.542327e-03 -7.885888e-04 7.563801e+00 -1.543907e-03 9.999968e-01 -2.008373e-03 2.576837e+00 7.854884e-04 2.009588e-03 9.999977e-01 -1.480161e+02
9.999225e-01 3.930284e-04 -1.244074e-02 7.820878e+00 -3.755257e-04 9.999989e-01 1.409226e-03 2.573850e+00 1.244128e-02 -1.404445e-03 9.999216e-01 -1.481637e+02
9.999964e-01 2.211794e-03 -1.534001e-03 8.161662e+00 -2.215417e-03 9.999948e-01 -2.364391e-03 2.570566e+00 1.528763e-03 2.367781e-03 9.999960e-01 -1.486358e+02
9.999291e-01 4.747789e-04 -1.189841e-02 8.480435e+00 -4.594462e-04 9.999991e-01 1.291368e-03 2.568496e+00 1.189901e-02 -1.285810e-03 9.999284e-01 -1.491580e+02
9.999964e-01 1.251824e-03 -2.366816e-03 8.868061e+00 -1.255646e-03 9.999979e-01 -1.614359e-03 2.557392e+00 2.364790e-03 1.617325e-03 9.999959e-01 -1.493727e+02
9.999241e-01 4.419467e-04 -1.231163e-02 9.282244e+00 -4.281385e-04 9.999993e-01 1.124206e-03 2.542941e+00 1.231212e-02 -1.118850e-03 9.999236e-01 -1.494918e+02
9.999965e-01 1.855140e-03 -1.881553e-03 9.629668e+00 -1.858539e-03 9.999966e-01 -1.807001e-03 2.536789e+00 1.878194e-03 1.810492e-03 9.999966e-01 -1.498766e+02
9.999265e-01 1.487531e-03 -1.202842e-02 9.945280e+00 -1.481670e-03 9.999988e-01 4.961956e-04 2.539811e+00 1.202914e-02 -4.783373e-04 9.999275e-01 -1.505863e+02
9.999933e-01 3.593813e-03 -6.392015e-04 1.023966e+01 -3.595805e-03 9.999886e-01 -3.144258e-03 2.552177e+00 6.278941e-04 3.146536e-03 9.999949e-01 -1.516775e+02
9.999233e-01 2.418029e-03 -1.214472e-02 1.056058e+01 -2.418718e-03 9.999971e-01 -4.197494e-05 2.567905e+00 1.214458e-02 7.134609e-05 9.999262e-01 -1.529845e+02
9.999966e-01 2.527557e-03 -6.248372e-04 1.085968e+01 -2.529361e-03 9.999926e-01 -2.904535e-03 2.583396e+00 6.174909e-04 2.906106e-03 9.999956e-01 -1.542017e+02
9.999248e-01 3.904502e-04 -1.225780e-02 1.109482e+01 -3.692714e-04 9.999984e-01 1.730039e-03 2.586857e+00 1.225846e-02 -1.725382e-03 9.999234e-01 -1.548213e+02
9.999828e-01 5.333033e-03 -2.444689e-03 1.177783e+01 -5.342183e-03 9.999787e-01 -3.751907e-03 2.590926e+00 2.424627e-03 3.764903e-03 9.999900e-01 -1.559844e+02
9.999082e-01 -1.988874e-05 -1.354998e-02 1.251585e+01 3.466282e-05 9.999994e-01 1.090140e-03 2.606869e+00 1.354995e-02 -1.090510e-03 9.999076e-01 -1.574771e+02
9.999958e-01 2.757252e-03 9.361716e-04 1.274335e+01 -2.755248e-03 9.999939e-01 -2.134635e-03 2.611097e+00 -9.420519e-04 2.132047e-03 9.999973e-01 -1.580841e+02
9.999151e-01 9.709944e-04 -1.299724e-02 1.290438e+01 -9.674300e-04 9.999995e-01 2.805634e-04 2.621004e+00 1.299751e-02 -2.679659e-04 9.999155e-01 -1.588743e+02
9.999902e-01 4.268231e-03 1.164667e-03 1.302500e+01 -4.264215e-03 9.999850e-01 -3.428869e-03 2.640513e+00 -1.179285e-03 3.423869e-03 9.999934e-01 -1.600368e+02
9.999183e-01 1.230035e-03 -1.272345e-02 1.308554e+01 -1.229741e-03 9.999992e-01 3.102688e-05 2.661896e+00 1.272347e-02 -1.537804e-05 9.999191e-01 -1.612352e+02
9.999927e-01 3.754230e-03 -7.721011e-04 1.368334e+01 -3.755652e-03 9.999912e-01 -1.848360e-03 2.673036e+00 7.651548e-04 1.851246e-03 9.999980e-01 -1.625227e+02
9.999190e-01 1.209546e-03 -1.266677e-02 1.410282e+01 -1.230785e-03 9.999978e-01 -1.669060e-03 2.689579e+00 1.266472e-02 1.684515e-03 9.999184e-01 -1.638636e+02
9.999388e-01 1.989777e-03 1.087830e-02 1.333296e+01 -1.969701e-03 9.999963e-01 -1.855934e-03 2.741462e+00 -1.088196e-02 1.834394e-03 9.999391e-01 -1.640896e+02
9.999106e-01 6.897019e-04 -1.335697e-02 1.253269e+01 -7.159855e-04 9.999978e-01 -1.963070e-03 2.796063e+00 1.335559e-02 1.972458e-03 9.999089e-01 -1.638288e+02
9.999965e-01 2.091077e-03 1.608721e-03 1.259655e+01 -2.092091e-03 9.999976e-01 6.292252e-04 2.809879e+00 -1.607402e-03 -6.325884e-04 9.999985e-01 -1.643928e+02
9.999092e-01 -6.142355e-04 -1.346197e-02 1.264969e+01 5.907038e-04 9.999983e-01 -1.751880e-03 2.802433e+00 1.346303e-02 1.743769e-03 9.999078e-01 -1.640779e+02
9.999806e-01 6.170238e-03 8.608472e-04 1.275418e+01 -6.169074e-03 9.999801e-01 -1.347268e-03 2.822732e+00 -8.691433e-04 1.341932e-03 9.999987e-01 -1.652736e+02
9.999120e-01 -4.961939e-04 -1.325943e-02 1.287325e+01 4.698362e-04 9.999979e-01 -1.990852e-03 2.844600e+00 1.326039e-02 1.984447e-03 9.999101e-01 -1.665679e+02
9.999839e-01 5.589283e-03 9.560685e-04 1.295853e+01 -5.588374e-03 9.999839e-01 -9.501840e-04 2.862445e+00 -9.613643e-04 9.448260e-04 9.999991e-01 -1.676659e+02
9.999110e-01 1.445900e-03 -1.325928e-02 1.312170e+01 -1.491344e-03 9.999930e-01 -3.418012e-03 2.888212e+00 1.325424e-02 3.437482e-03 9.999063e-01 -1.692303e+02
9.999900e-01 4.470115e-03 3.342068e-04 1.328655e+01 -4.470104e-03 9.999900e-01 -3.324095e-05 2.909928e+00 -3.343524e-04 3.174687e-05 9.999999e-01 -1.706053e+02
9.999174e-01 1.772111e-03 -1.273214e-02 1.338465e+01 -1.822262e-03 9.999906e-01 -3.928423e-03 2.932363e+00 1.272506e-02 3.951300e-03 9.999112e-01 -1.719737e+02
9.999875e-01 4.782671e-03 1.429807e-03 1.341344e+01 -4.782204e-03 9.999885e-01 -3.298816e-04 2.958783e+00 -1.431369e-03 3.230400e-04 9.999989e-01 -1.733895e+02
9.999247e-01 7.194173e-04 -1.225191e-02 1.341705e+01 -7.588643e-04 9.999945e-01 -3.215286e-03 2.981326e+00 1.224953e-02 3.224341e-03 9.999198e-01 -1.745541e+02
9.999918e-01 3.854442e-03 1.220735e-03 1.344608e+01 -3.855226e-03 9.999924e-01 6.408249e-04 2.998825e+00 -1.218256e-03 -6.455257e-04 9.999990e-01 -1.755174e+02
9.999188e-01 -5.537135e-04 -1.272835e-02 1.353400e+01 5.243391e-04 9.999972e-01 -2.310981e-03 3.008798e+00 1.272959e-02 2.304119e-03 9.999163e-01 -1.761922e+02
9.999938e-01 3.454477e-03 7.023278e-04 1.366182e+01 -3.455283e-03 9.999934e-01 1.150755e-03 3.015876e+00 -6.983482e-04 -1.153175e-03 9.999991e-01 -1.767955e+02
9.999222e-01 1.703768e-03 -1.235838e-02 1.376609e+01 -1.757864e-03 9.999889e-01 -4.367641e-03 3.034225e+00 1.235080e-02 4.389025e-03 9.999141e-01 -1.779120e+02
9.999938e-01 3.498695e-03 3.813860e-04 1.385414e+01 -3.499201e-03 9.999930e-01 1.335123e-03 3.054313e+00 -3.767124e-04 -1.336449e-03 9.999990e-01 -1.790773e+02
9.999283e-01 6.203429e-04 -1.195706e-02 1.391301e+01 -6.649056e-04 9.999928e-01 -3.723249e-03 3.068805e+00 1.195466e-02 3.730933e-03 9.999216e-01 -1.799327e+02
9.999892e-01 4.607105e-03 5.353483e-04 1.393757e+01 -4.607409e-03 9.999892e-01 5.684974e-04 3.088035e+00 -5.327237e-04 -5.709577e-04 9.999997e-01 -1.810101e+02
9.999271e-01 1.618822e-03 -1.196752e-02 1.396430e+01 -1.673914e-03 9.999880e-01 -4.594790e-03 3.113246e+00 1.195994e-02 4.614488e-03 9.999178e-01 -1.823624e+02
9.999965e-01 2.645588e-03 2.808059e-04 1.404879e+01 -2.646180e-03 9.999942e-01 2.133005e-03 3.128552e+00 -2.751615e-04 -2.133740e-03 9.999977e-01 -1.832863e+02
9.999321e-01 1.714419e-03 -1.152203e-02 1.407078e+01 -1.770044e-03 9.999868e-01 -4.819255e-03 3.144644e+00 1.151362e-02 4.839322e-03 9.999220e-01 -1.841689e+02
9.999935e-01 3.460350e-03 9.884621e-04 1.404381e+01 -3.461810e-03 9.999929e-01 1.480055e-03 3.166810e+00 -9.833339e-04 -1.483467e-03 9.999984e-01 -1.852433e+02
9.999234e-01 2.103947e-03 -1.219670e-02 1.403402e+01 -2.164075e-03 9.999856e-01 -4.918737e-03 3.189474e+00 1.218617e-02 4.944755e-03 9.999135e-01 -1.864115e+02
9.999931e-01 3.597667e-03 8.873919e-04 1.403447e+01 -3.598922e-03 9.999925e-01 1.417904e-03 3.212467e+00 -8.822844e-04 -1.421088e-03 9.999986e-01 -1.876250e+02
9.999224e-01 2.714578e-03 -1.215834e-02 1.404592e+01 -2.781947e-03 9.999809e-01 -5.527452e-03 3.237706e+00 1.214311e-02 5.560847e-03 9.999108e-01 -1.889803e+02
9.999964e-01 2.565445e-03 8.268106e-04 1.411386e+01 -2.567267e-03 9.999943e-01 2.210127e-03 3.257228e+00 -8.211362e-04 -2.212242e-03 9.999972e-01 -1.901336e+02
9.999095e-01 2.659451e-03 -1.318638e-02 1.425759e+01 -2.731020e-03 9.999816e-01 -5.412414e-03 3.274737e+00 1.317175e-02 5.447936e-03 9.998984e-01 -1.913464e+02
9.999999e-01 -3.715449e-04 -2.522691e-04 1.447936e+01 3.726458e-04 9.999904e-01 4.376165e-03 3.269047e+00 2.506404e-04 -4.376258e-03 9.999904e-01 -1.916383e+02
9.998986e-01 4.210185e-03 -1.360202e-02 1.455067e+01 -4.303502e-03 9.999674e-01 -6.838564e-03 3.269922e+00 1.357278e-02 6.896406e-03 9.998841e-01 -1.920700e+02
9.999986e-01 1.190582e-03 1.214765e-03 1.468537e+01 -1.194700e-03 9.999935e-01 3.395477e-03 3.288335e+00 -1.210715e-03 -3.396923e-03 9.999935e-01 -1.933235e+02
9.998965e-01 4.800820e-03 -1.356216e-02 1.483821e+01 -4.901443e-03 9.999606e-01 -7.395862e-03 3.310255e+00 1.352612e-02 7.461571e-03 9.998807e-01 -1.947258e+02
9.999997e-01 7.374397e-04 1.320871e-04 1.506089e+01 -7.379803e-04 9.999911e-01 4.143300e-03 3.327446e+00 -1.290308e-04 -4.143397e-03 9.999914e-01 -1.960032e+02
9.999209e-01 3.951147e-03 -1.194482e-02 1.518973e+01 -4.034834e-03 9.999674e-01 -6.990181e-03 3.342621e+00 1.191682e-02 7.037823e-03 9.999042e-01 -1.970441e+02
9.999992e-01 1.121267e-03 -5.575715e-04 1.530645e+01 -1.119087e-03 9.999918e-01 3.893192e-03 3.360391e+00 5.619319e-04 -3.892565e-03 9.999923e-01 -1.981754e+02
9.999226e-01 3.899647e-03 -1.181705e-02 1.544884e+01 -3.982642e-03 9.999675e-01 -7.007876e-03 3.377776e+00 1.178934e-02 7.054397e-03 9.999056e-01 -1.993054e+02
9.999996e-01 8.655768e-04 -3.284427e-04 1.558670e+01 -8.641880e-04 9.999908e-01 4.204331e-03 3.394216e+00 3.320786e-04 -4.204046e-03 9.999911e-01 -2.003578e+02
9.999237e-01 4.215793e-03 -1.161536e-02 1.570994e+01 -4.300505e-03 9.999643e-01 -7.277748e-03 3.412778e+00 1.158426e-02 7.327144e-03 9.999061e-01 -2.014884e+02
9.999976e-01 2.151416e-03 -2.915689e-04 1.579582e+01 -2.150491e-03 9.999928e-01 3.133466e-03 3.437564e+00 2.983078e-04 -3.132832e-03 9.999950e-01 -2.028903e+02
9.999040e-01 4.222379e-03 -1.319749e-02 1.600644e+01 -4.317915e-03 9.999646e-01 -7.218834e-03 3.458918e+00 1.316654e-02 7.275126e-03 9.998869e-01 -2.043436e+02
9.999960e-01 2.601625e-03 1.075812e-03 1.615200e+01 -2.604675e-03 9.999926e-01 2.843994e-03 3.485996e+00 -1.068405e-03 -2.846785e-03 9.999954e-01 -2.059346e+02
9.998979e-01 3.449946e-03 -1.386843e-02 1.629741e+01 -3.544055e-03 9.999708e-01 -6.766927e-03 3.508177e+00 1.384468e-02 6.815387e-03 9.998809e-01 -2.073409e+02
9.999940e-01 2.831032e-03 2.013690e-03 1.641625e+01 -2.836522e-03 9.999923e-01 2.728812e-03 3.532095e+00 -2.005949e-03 -2.734508e-03 9.999942e-01 -2.087503e+02
9.998974e-01 5.949380e-04 -1.431001e-02 1.658738e+01 -6.567859e-04 9.999905e-01 -4.317665e-03 3.542217e+00 1.430731e-02 4.326620e-03 9.998883e-01 -2.095324e+02
9.999798e-01 5.901335e-03 2.373696e-03 1.667642e+01 -5.901530e-03 9.999826e-01 7.510078e-05 3.565684e+00 -2.373212e-03 -8.910768e-05 9.999972e-01 -2.109371e+02
9.999038e-01 1.865539e-04 -1.386774e-02 1.672849e+01 -2.416787e-04 9.999921e-01 -3.973447e-03 3.589364e+00 1.386689e-02 3.976416e-03 9.998959e-01 -2.122554e+02
9.999894e-01 4.298051e-03 1.631569e-03 1.689492e+01 -4.300635e-03 9.999895e-01 1.583326e-03 3.603149e+00 -1.624747e-03 -1.590326e-03 9.999974e-01 -2.132647e+02
9.999116e-01 1.532162e-03 -1.320744e-02 1.698316e+01 -1.601718e-03 9.999849e-01 -5.257375e-03 3.624986e+00 1.319919e-02 5.278064e-03 9.998990e-01 -2.145234e+02
9.999871e-01 4.899054e-03 1.348866e-03 1.707682e+01 -4.900772e-03 9.999872e-01 1.273431e-03 3.648394e+00 -1.342611e-03 -1.280025e-03 9.999983e-01 -2.159133e+02
9.999027e-01 5.434181e-05 -1.394594e-02 1.736803e+01 -1.154683e-04 9.999904e-01 -4.382308e-03 3.664707e+00 1.394557e-02 4.383492e-03 9.998931e-01 -2.171138e+02
9.999794e-01 6.184714e-03 1.699889e-03 1.751438e+01 -6.185613e-03 9.999807e-01 5.245897e-04 3.688148e+00 -1.696612e-03 -5.350938e-04 9.999984e-01 -2.185160e+02
9.998993e-01 2.056781e-03 -1.404054e-02 1.756329e+01 -2.145461e-03 9.999778e-01 -6.303825e-03 3.722136e+00 1.402726e-02 6.333314e-03 9.998816e-01 -2.203330e+02
9.999674e-01 7.806190e-03 2.059983e-03 1.761399e+01 -7.805416e-03 9.999695e-01 -3.835250e-04 3.763437e+00 -2.062915e-03 3.674334e-04 9.999978e-01 -2.225193e+02
9.998987e-01 1.428660e-03 -1.416259e-02 1.769259e+01 -1.517366e-03 9.999793e-01 -6.254643e-03 3.802831e+00 1.415336e-02 6.275499e-03 9.998801e-01 -2.246034e+02
9.999567e-01 9.107906e-03 1.912261e-03 1.771662e+01 -9.105405e-03 9.999577e-01 -1.312386e-03 3.848220e+00 -1.924134e-03 1.294917e-03 9.999973e-01 -2.269395e+02
9.999084e-01 2.900790e-03 -1.321690e-02 1.768113e+01 -3.000216e-03 9.999673e-01 -7.508973e-03 3.900605e+00 1.319469e-02 7.547939e-03 9.998845e-01 -2.295457e+02
9.999639e-01 8.332751e-03 1.635176e-03 1.766375e+01 -8.332096e-03 9.999652e-01 -4.068128e-04 3.952082e+00 -1.638509e-03 3.931737e-04 9.999986e-01 -2.320354e+02
9.999088e-01 1.793794e-03 -1.338295e-02 1.763692e+01 -1.887700e-03 9.999737e-01 -7.007550e-03 3.996659e+00 1.337002e-02 7.032174e-03 9.998859e-01 -2.342571e+02
9.999497e-01 9.799916e-03 2.111649e-03 1.752717e+01 -9.796885e-03 9.999510e-01 -1.440804e-03 4.045943e+00 -2.125666e-03 1.420044e-03 9.999967e-01 -2.367224e+02
9.999126e-01 9.752432e-04 -1.318805e-02 1.745751e+01 -1.059741e-03 9.999789e-01 -6.401681e-03 4.093454e+00 1.318152e-02 6.415098e-03 9.998925e-01 -2.390645e+02
9.999710e-01 7.613716e-03 3.270793e-04 1.748101e+01 -7.613951e-03 9.999708e-01 7.251561e-04 4.128241e+00 -3.215489e-04 -7.276254e-04 9.999997e-01 -2.409801e+02
9.999204e-01 2.573038e-03 -1.235055e-02 1.751578e+01 -2.672186e-03 9.999643e-01 -8.017980e-03 4.171890e+00 1.232948e-02 8.050345e-03 9.998916e-01 -2.432543e+02
9.999777e-01 6.659025e-03 4.778290e-04 1.752638e+01 -6.659807e-03 9.999765e-01 1.655534e-03 4.211721e+00 -4.667938e-04 -1.658679e-03 9.999985e-01 -2.452979e+02
9.999301e-01 1.932836e-03 -1.166724e-02 1.747865e+01 -2.024135e-03 9.999674e-01 -7.818515e-03 4.249724e+00 1.165175e-02 7.841584e-03 9.999014e-01 -2.471788e+02
9.999735e-01 7.261544e-03 -5.449227e-04 1.742926e+01 -7.260814e-03 9.999728e-01 1.328756e-03 4.289306e+00 5.545564e-04 -1.324764e-03 9.999990e-01 -2.491884e+02
9.999419e-01 1.469132e-03 -1.067864e-02 1.742756e+01 -1.549281e-03 9.999707e-01 -7.501136e-03 4.326042e+00 1.066730e-02 7.517244e-03 9.999148e-01 -2.510794e+02
9.999855e-01 5.330516e-03 -7.478841e-04 1.749209e+01 -5.328213e-03 9.999812e-01 3.048050e-03 4.353581e+00 7.641174e-04 -3.044021e-03 9.999951e-01 -2.525806e+02
9.999433e-01 1.336109e-03 -1.056105e-02 1.752820e+01 -1.415216e-03 9.999710e-01 -7.486504e-03 4.381121e+00 1.055075e-02 7.501026e-03 9.999162e-01 -2.540211e+02
9.999867e-01 5.143314e-03 -3.796415e-04 1.752051e+01 -5.142057e-03 9.999815e-01 3.239275e-03 4.408300e+00 3.962949e-04 -3.237280e-03 9.999947e-01 -2.554004e+02
9.999394e-01 2.238240e-03 -1.077934e-02 1.752334e+01 -2.327776e-03 9.999628e-01 -8.300881e-03 4.439608e+00 1.076036e-02 8.325470e-03 9.999074e-01 -2.569936e+02
9.999897e-01 4.438243e-03 -9.956910e-04 1.761261e+01 -4.434254e-03 9.999823e-01 3.972690e-03 4.466644e+00 1.013305e-03 -3.968234e-03 9.999916e-01 -2.584889e+02
9.999429e-01 2.538233e-03 -1.037862e-02 1.766964e+01 -2.627314e-03 9.999598e-01 -8.578581e-03 4.494653e+00 1.035643e-02 8.605359e-03 9.999093e-01 -2.600016e+02
