1.000000e+00 1.197625e-11 1.704638e-10 5.551115e-17 1.197625e-11 1.000000e+00 3.562503e-10 0.000000e+00 1.704638e-10 3.562503e-10 1.000000e+00 2.220446e-16 0.000000e+00 0.000000e+00 0.000000e+00 1.000000e+00
9.767700e-01 7.917279e-02 -1.991282e-01 4.444087e-03 -4.226629e-02 9.821700e-01 1.831820e-01 -2.620394e-02 2.100807e-01 -1.705103e-01 9.627005e-01 1.272361e+00
9.998852e-01 1.292347e-03 -1.509921e-02 1.117627e-02 -9.659579e-04 9.997661e-01 2.160361e-02 -5.353292e-02 1.512360e-02 -2.158654e-02 9.996526e-01 2.623155e+00
9.752610e-01 8.968982e-02 -2.020441e-01 8.043066e-03 -5.030876e-02 9.800611e-01 1.922220e-01 -8.383063e-02 2.152559e-01 -1.773020e-01 9.603275e-01 4.168619e+00
9.991562e-01 -1.763919e-02 3.709183e-02 3.279878e-02 1.697050e-02 9.996891e-01 1.826629e-02 -1.139816e-01 -3.740250e-02 -1.762141e-02 9.991449e-01 5.635784e+00
9.718291e-01 9.853596e-02 -2.141003e-01 6.437593e-02 -5.862802e-02 9.809252e-01 1.853337e-01 -1.419411e-01 2.282784e-01 -1.675604e-01 9.590686e-01 6.967547e+00
9.993177e-01 -2.784822e-02 2.426219e-02 1.030678e-01 2.809780e-02 9.995551e-01 -1.000733e-02 -1.653545e-01 -2.397270e-02 1.068222e-02 9.996555e-01 8.014614e+00
9.585256e-01 1.214840e-01 -2.578185e-01 1.371100e-01 -6.904409e-02 9.766380e-01 2.034973e-01 -1.893036e-01 2.765170e-01 -1.772565e-01 9.445202e-01 9.119386e+00
9.994654e-01 -2.851550e-02 1.599503e-02 1.715336e-01 2.864088e-02 9.995604e-01 -7.665097e-03 -2.151941e-01 -1.576943e-02 8.119111e-03 9.998427e-01 1.033883e+01
9.562180e-01 1.164481e-01 -2.684900e-01 1.921317e-01 -6.602563e-02 9.796147e-01 1.897254e-01 -2.377134e-01 2.851099e-01 -1.636916e-01 9.444138e-01 1.138012e+01
9.998573e-01 -1.676921e-02 -2.064541e-03 2.190639e-01 1.675727e-02 9.998435e-01 -5.673628e-03 -2.613458e-01 2.159361e-03 5.638222e-03 9.999818e-01 1.248173e+01
9.670708e-01 1.061780e-01 -2.313013e-01 2.468260e-01 -6.133733e-02 9.792647e-01 1.930762e-01 -2.855448e-01 2.470056e-01 -1.725310e-01 9.535310e-01 1.360714e+01
9.991585e-01 -2.860054e-02 2.939855e-02 2.821380e-01 2.851786e-02 9.995881e-01 3.227934e-03 -3.119875e-01 -2.947876e-02 -2.386834e-03 9.995626e-01 1.484401e+01
9.841586e-01 9.521575e-02 -1.495521e-01 3.067634e-01 -6.478075e-02 9.783449e-01 1.965824e-01 -3.401964e-01 1.650313e-01 -1.837802e-01 9.690147e-01 1.619130e+01
9.982861e-01 -3.970091e-02 4.299722e-02 3.402685e-01 3.957607e-02 9.992095e-01 3.751268e-03 -3.688529e-01 -4.311216e-02 -2.043178e-03 9.990681e-01 1.753825e+01
9.668111e-01 1.249904e-01 -2.228311e-01 3.719156e-01 -7.941216e-02 9.759754e-01 2.028934e-01 -3.958254e-01 2.428374e-01 -1.784641e-01 9.535096e-01 1.880945e+01
9.992504e-01 -3.361308e-02 -1.920542e-02 3.910058e-01 3.332198e-02 9.993278e-01 -1.528102e-02 -4.216489e-01 1.970615e-02 1.462960e-02 9.996988e-01 2.004872e+01
9.876035e-01 9.188484e-02 -1.272658e-01 4.005573e-01 -6.499460e-02 9.773737e-01 2.012868e-01 -4.474413e-01 1.428815e-01 -1.905200e-01 9.712296e-01 2.128223e+01
9.946847e-01 -5.697971e-02 8.576471e-02 4.206021e-01 5.879122e-02 9.980943e-01 -1.874437e-02 -4.744639e-01 -8.453322e-02 2.368696e-02 9.961391e-01 2.254343e+01
9.814855e-01 1.146446e-01 -1.534368e-01 4.515704e-01 -8.267885e-02 9.761944e-01 2.005212e-01 -5.000768e-01 1.727728e-01 -1.841227e-01 9.675993e-01 2.370534e+01
9.970729e-01 -6.409088e-02 4.168982e-02 4.894341e-01 6.547883e-02 9.973139e-01 -3.282410e-02 -5.237441e-01 -3.947412e-02 3.545782e-02 9.985913e-01 2.475239e+01
9.958994e-01 8.491434e-02 -3.120900e-02 5.038024e-01 -7.653445e-02 9.747377e-01 2.098305e-01 -5.501558e-01 4.823821e-02 -2.065815e-01 9.772396e-01 2.597726e+01
9.979614e-01 -6.376722e-02 2.603192e-03 4.767044e-01 6.381623e-02 9.966043e-01 -5.203288e-02 -5.746946e-01 7.236395e-04 5.209293e-02 9.986420e-01 2.716913e+01
9.973701e-01 6.390643e-02 3.418945e-02 4.591773e-01 -6.933707e-02 9.786726e-01 1.933709e-01 -5.980951e-01 -2.110264e-02 -1.952330e-01 9.805298e-01 2.826174e+01
9.840762e-01 1.641658e-03 -1.777393e-01 4.772919e-01 -7.605850e-03 9.994304e-01 -3.287968e-02 -6.222644e-01 1.775841e-01 3.370797e-02 9.835282e-01 2.936201e+01
9.930734e-01 5.226279e-02 -1.052321e-01 4.838718e-01 -3.089759e-02 9.802644e-01 1.952615e-01 -6.443864e-01 1.133602e-01 -1.906575e-01 9.750893e-01 3.039151e+01
9.991443e-01 -2.061472e-02 3.585571e-02 5.205833e-01 2.270235e-02 9.980101e-01 -5.882515e-02 -6.639812e-01 -3.457170e-02 5.958882e-02 9.976242e-01 3.118916e+01
9.912924e-01 6.512688e-02 -1.144456e-01 5.708068e-01 -4.307403e-02 9.816901e-01 1.855508e-01 -6.821106e-01 1.244344e-01 -1.790054e-01 9.759473e-01 3.188065e+01
9.997943e-01 -1.991145e-02 3.868314e-03 6.100669e-01 2.003497e-02 9.991842e-01 -3.506601e-02 -7.026206e-01 -3.166943e-03 3.513630e-02 9.993775e-01 3.273006e+01
9.924385e-01 5.310936e-02 -1.106585e-01 6.195019e-01 -3.453820e-02 9.859485e-01 1.634402e-01 -7.216067e-01 1.177838e-01 -1.583824e-01 9.803275e-01 3.354075e+01
9.989815e-01 -2.737907e-02 3.586704e-02 6.173606e-01 2.951639e-02 9.977327e-01 -6.048265e-02 -7.368791e-01 -3.412976e-02 6.147971e-02 9.975246e-01 3.413612e+01
9.602332e-01 7.616329e-02 -2.686101e-01 5.294987e-01 -3.988713e-02 9.896266e-01 1.380152e-01 -7.429959e-01 2.763354e-01 -1.218127e-01 9.533103e-01 3.439531e+01
9.995822e-01 4.643695e-05 -2.890396e-02 1.751464e-01 -2.266367e-03 9.970458e-01 -7.677568e-02 -7.360057e-01 2.881500e-02 7.680911e-02 9.966293e-01 3.449502e+01
9.235294e-01 6.879605e-02 -3.773069e-01 -7.911730e-02 -2.032422e-02 9.911769e-01 1.309784e-01 -7.324307e-01 3.829887e-01 -1.132939e-01 9.167792e-01 3.460744e+01
9.990433e-01 3.152158e-02 3.031401e-02 -2.024438e-01 -2.967592e-02 9.977859e-01 -5.951928e-02 -7.349705e-01 -3.212303e-02 5.856274e-02 9.977668e-01 3.478874e+01
9.642148e-01 3.441715e-02 -2.628789e-01 -2.177495e-01 7.512676e-04 9.911794e-01 1.325247e-01 -7.455421e-01 2.651213e-01 -1.279798e-01 9.556840e-01 3.516169e+01
9.731277e-01 9.520786e-02 -2.096615e-01 -3.230782e-01 -9.713053e-02 9.952710e-01 1.131401e-03 -7.547440e-01 2.087777e-01 1.926354e-02 9.777734e-01 3.569025e+01
9.175184e-01 7.554856e-03 -3.976217e-01 -5.548841e-01 1.473402e-02 9.984874e-01 5.297036e-02 -7.535351e-01 3.974204e-01 -5.445984e-02 9.160192e-01 3.595226e+01
9.754630e-01 1.282838e-01 -1.789281e-01 -7.042205e-01 -1.148755e-01 9.898704e-01 8.342744e-02 -7.592440e-01 1.878180e-01 -6.082592e-02 9.803186e-01 3.640663e+01
8.867679e-01 4.442407e-02 -4.600752e-01 -7.927010e-01 -3.480071e-02 9.989623e-01 2.938175e-02 -7.693965e-01 4.609031e-01 -1.004385e-02 8.873936e-01 3.701527e+01
9.747666e-01 9.774679e-02 -2.006880e-01 -8.330936e-01 -6.931927e-02 9.871324e-01 1.440989e-01 -7.806305e-01 2.121908e-01 -1.265513e-01 9.689994e-01 3.760347e+01
8.360511e-01 1.238196e-01 -5.344973e-01 -9.180083e-01 -1.189878e-01 9.919349e-01 4.366932e-02 -7.927707e-01 5.355936e-01 2.708887e-02 8.440413e-01 3.835286e+01
9.853531e-01 8.679949e-03 -1.703057e-01 -1.011010e+00 1.369291e-02 9.914515e-01 1.297555e-01 -8.058493e-01 1.699761e-01 -1.301870e-01 9.768109e-01 3.916568e+01
8.327877e-01 1.935270e-01 -5.186636e-01 -1.147318e+00 -1.778486e-01 9.807688e-01 8.038952e-02 -8.176859e-01 5.242466e-01 2.529617e-02 8.511907e-01 3.998644e+01
9.839428e-01 -6.365754e-02 -1.667460e-01 -1.263901e+00 7.357960e-02 9.958257e-01 5.401215e-02 -8.278110e-01 1.626117e-01 -6.541397e-02 9.845194e-01 4.064527e+01
8.964890e-01 2.161576e-01 -3.867601e-01 -1.354556e+00 -1.764427e-01 9.748878e-01 1.358737e-01 -8.398017e-01 4.064178e-01 -5.356824e-02 9.121157e-01 4.134231e+01
9.919427e-01 -9.861361e-02 -7.952947e-02 -1.420425e+00 9.749810e-02 9.950765e-01 -1.779905e-02 -8.514489e-01 8.089314e-02 9.901665e-03 9.966736e-01 4.194302e+01
9.293905e-01 1.741657e-01 -3.254222e-01 -1.531536e+00 -1.385469e-01 9.818152e-01 1.297831e-01 -8.560091e-01 3.421082e-01 -7.553296e-02 9.366198e-01 4.219561e+01
9.633169e-01 -1.533307e-01 2.202506e-01 -1.802656e+00 1.769338e-01 9.799456e-01 -9.165723e-02 -8.499206e-01 -2.017797e-01 1.272647e-01 9.711275e-01 4.209144e+01
9.557515e-01 1.484760e-01 -2.539567e-01 -2.120667e+00 -1.187010e-01 9.845301e-01 1.288820e-01 -8.418463e-01 2.691639e-01 -9.303427e-02 9.585903e-01 4.196970e+01
9.716048e-01 -1.354080e-01 1.940327e-01 -2.341225e+00 1.566495e-01 9.827193e-01 -9.860883e-02 -8.382571e-01 -1.773272e-01 1.262039e-01 9.760264e-01 4.187842e+01
9.800836e-01 1.185458e-01 -1.593205e-01 -2.614640e+00 -1.002752e-01 9.879116e-01 1.182185e-01 -8.320768e-01 1.714089e-01 -9.988807e-02 9.801231e-01 4.175150e+01
9.078242e-01 -1.705694e-01 3.830944e-01 -2.918968e+00 2.262674e-01 9.683869e-01 -1.050232e-01 -8.242592e-01 -3.530698e-01 1.820244e-01 9.177194e-01 4.157038e+01
9.670799e-01 1.528145e-01 -2.034802e-01 -3.209611e+00 -1.280934e-01 9.832528e-01 1.296379e-01 -8.172926e-01 2.198830e-01 -9.930573e-02 9.704586e-01 4.139974e+01
9.653415e-01 -1.623481e-01 2.043499e-01 -3.500688e+00 1.902272e-01 9.737469e-01 -1.250221e-01 -8.086027e-01 -1.786880e-01 1.595619e-01 9.708814e-01 4.115157e+01
9.645474e-01 1.649448e-01 -2.060136e-01 -3.745244e+00 -1.337889e-01 9.784892e-01 1.570332e-01 -8.035981e-01 2.274839e-01 -1.239037e-01 9.658669e-01 4.104484e+01
9.918887e-01 -9.138213e-02 -8.835266e-02 -3.807505e+00 8.170435e-02 9.908358e-01 -1.075583e-01 -8.112550e-01 9.737189e-02 9.946709e-02 9.902651e-01 4.134745e+01
9.648021e-01 1.403757e-01 -2.223772e-01 -3.941458e+00 -9.577728e-02 9.751041e-01 1.999970e-01 -8.143452e-01 2.449157e-01 -1.716588e-01 9.542272e-01 4.154647e+01
9.662492e-01 -4.655441e-03 -2.575672e-01 -4.192517e+00 -2.254741e-02 9.944712e-01 -1.025601e-01 -8.187810e-01 2.566206e-01 1.049061e-01 9.608021e-01 4.216511e+01
9.990549e-01 4.356688e-03 -4.324840e-02 -4.376829e+00 9.375252e-04 9.925732e-01 1.216454e-01 -8.195056e-01 4.345717e-02 -1.215710e-01 9.916310e-01 4.230856e+01
9.790801e-01 -6.809891e-02 1.917410e-01 -4.640262e+00 9.714017e-02 9.844464e-01 -1.463865e-01 -8.099709e-01 -1.787900e-01 1.619498e-01 9.704671e-01 4.193295e+01
9.973909e-01 2.432690e-02 -6.796720e-02 -4.973142e+00 -1.607828e-02 9.927193e-01 1.193730e-01 -7.988480e-01 7.037633e-02 -1.179688e-01 9.905203e-01 4.159573e+01
9.479309e-01 2.809172e-01 -1.500419e-01 -4.990113e+00 -2.064359e-01 9.007316e-01 3.821868e-01 -8.736269e-01 2.425103e-01 -3.313127e-01 9.118227e-01 4.579288e+01
9.475944e-01 -2.987704e-01 1.131420e-01 -5.163853e+00 3.055041e-01 9.510116e-01 -4.737276e-02 -9.324943e-01 -9.344577e-02 7.945551e-02 9.924488e-01 4.945068e+01
9.523948e-01 2.897453e-01 -9.482559e-02 -5.361818e+00 -2.825628e-01 9.557135e-01 8.227932e-02 -9.349165e-01 1.144661e-01 -5.156821e-02 9.920878e-01 4.965617e+01
9.098826e-01 -3.375020e-01 2.412594e-01 -5.615056e+00 3.577879e-01 9.327406e-01 -4.452928e-02 -9.261864e-01 -2.100037e-01 1.268361e-01 9.694385e-01 4.929062e+01
9.425031e-01 2.957527e-01 -1.556224e-01 -5.881191e+00 -2.871740e-01 9.548975e-01 7.551054e-02 -9.162232e-01 1.709359e-01 -2.647820e-02 9.849263e-01 4.889847e+01
9.389966e-01 -3.097404e-01 1.494868e-01 -6.071263e+00 3.197675e-01 9.462854e-01 -4.788229e-02 -9.116803e-01 -1.266261e-01 9.276233e-02 9.876037e-01 4.867464e+01
9.024863e-01 3.201366e-01 -2.881511e-01 -6.284177e+00 -2.885042e-01 9.460531e-01 1.474752e-01 -9.031984e-01 3.198184e-01 -4.996156e-02 9.461607e-01 4.825500e+01
8.936288e-01 -3.187731e-01 3.159291e-01 -6.565355e+00 3.577698e-01 9.309821e-01 -7.261541e-02 -8.931852e-01 -2.709765e-01 1.779211e-01 9.459999e-01 4.789818e+01
9.429856e-01 3.025439e-01 -1.387276e-01 -6.820538e+00 -2.869141e-01 9.501680e-01 1.219058e-01 -8.902962e-01 1.686964e-01 -7.515250e-02 9.827989e-01 4.791528e+01
8.780165e-01 -3.404340e-01 3.364399e-01 -7.021833e+00 3.754262e-01 9.258585e-01 -4.291015e-02 -8.861830e-01 -2.968877e-01 1.639842e-01 9.407268e-01 4.772516e+01
9.438659e-01 2.972369e-01 -1.441093e-01 -7.243373e+00 -2.883736e-01 9.542197e-01 7.940665e-02 -8.769498e-01 1.611145e-01 -3.339189e-02 9.863707e-01 4.728654e+01
8.261739e-01 -3.669293e-01 4.275506e-01 -7.485103e+00 3.950691e-01 9.183191e-01 2.470438e-02 -8.671384e-01 -4.016927e-01 1.485019e-01 9.036538e-01 4.685529e+01
9.359820e-01 2.949936e-01 -1.921364e-01 -7.802041e+00 -2.969501e-01 9.546998e-01 1.920673e-02 -8.578166e-01 1.890985e-01 3.907779e-02 9.811803e-01 4.661024e+01
9.551529e-01 -2.835069e-01 8.547916e-02 -7.816131e+00 2.820318e-01 9.589630e-01 2.912018e-02 -8.644854e-01 -9.022713e-02 -3.706384e-03 9.959143e-01 4.674091e+01
9.137840e-01 3.390043e-01 -2.237741e-01 -7.757739e+00 -3.145426e-01 9.391189e-01 1.382705e-01 -8.759380e-01 2.570248e-01 -5.596288e-02 9.647831e-01 4.708301e+01
8.854674e-01 -3.419891e-01 3.146283e-01 -7.800594e+00 3.546954e-01 9.348110e-01 1.787474e-02 -8.878544e-01 -3.002310e-01 9.576973e-02 9.490466e-01 4.756839e+01
9.053644e-01 3.499819e-01 -2.404744e-01 -7.841886e+00 -3.305180e-01 9.363472e-01 1.183712e-01 -8.975290e-01 2.665953e-01 -2.768799e-02 9.634108e-01 4.791665e+01
8.922886e-01 -3.509005e-01 2.840598e-01 -7.900409e+00 3.623737e-01 9.319430e-01 1.294568e-02 -9.059710e-01 -2.692702e-01 9.138451e-02 9.587192e-01 4.821810e+01
9.316595e-01 3.451554e-01 -1.134826e-01 -7.920867e+00 -3.376856e-01 9.378421e-01 8.012890e-02 -9.174641e-01 1.340857e-01 -3.633142e-02 9.903035e-01 4.860738e+01
8.335842e-01 -4.023499e-01 3.784863e-01 -7.968025e+00 4.037512e-01 9.113966e-01 7.963229e-02 -9.251003e-01 -3.769912e-01 8.643408e-02 9.221750e-01 4.877756e+01
9.226682e-01 3.357466e-01 -1.896252e-01 -8.114883e+00 -3.452608e-01 9.383229e-01 -1.857611e-02 -9.235171e-01 1.716928e-01 8.260975e-02 9.816808e-01 4.859771e+01
8.620835e-01 -3.969882e-01 3.149800e-01 -8.240453e+00 3.808169e-01 9.175718e-01 1.141951e-01 -9.199866e-01 -3.343508e-01 2.150401e-02 9.422033e-01 4.831135e+01
9.239026e-01 3.252241e-01 -2.015771e-01 -8.320578e+00 -3.408529e-01 9.389208e-01 -4.740216e-02 -9.172971e-01 1.738486e-01 1.125031e-01 9.783249e-01 4.798320e+01
8.862095e-01 -3.817336e-01 2.625112e-01 -8.459878e+00 3.583969e-01 9.239510e-01 1.336645e-01 -9.123755e-01 -2.935717e-01 -2.437152e-02 9.556263e-01 4.761779e+01
8.982611e-01 3.186803e-01 -3.026053e-01 -8.611175e+00 -3.431998e-01 9.387796e-01 -3.011348e-02 -9.052310e-01 2.744831e-01 1.309038e-01 9.526401e-01 4.715277e+01
8.374807e-01 -3.915242e-01 3.812280e-01 -8.785560e+00 3.598808e-01 9.201340e-01 1.543997e-01 -8.974987e-01 -4.112321e-01 7.889870e-03 9.114965e-01 4.670208e+01
9.385947e-01 2.712961e-01 -2.131627e-01 -8.936465e+00 -2.981065e-01 9.487221e-01 -1.051617e-01 -8.910662e-01 1.737022e-01 1.622494e-01 9.713407e-01 4.629219e+01
8.962384e-01 -3.517957e-01 2.701786e-01 -9.064987e+00 3.119240e-01 9.329006e-01 1.799998e-01 -8.842744e-01 -3.153729e-01 -7.704753e-02 9.458349e-01 4.580584e+01
9.305121e-01 2.594680e-01 -2.585025e-01 -9.185884e+00 -2.951737e-01 9.491061e-01 -1.098638e-01 -8.779013e-01 2.168402e-01 1.785327e-01 9.597429e-01 4.532778e+01
8.505955e-01 -3.530587e-01 3.896625e-01 -9.260345e+00 2.882390e-01 9.328692e-01 2.160403e-01 -8.740435e-01 -4.397791e-01 -7.144691e-02 8.952596e-01 4.492924e+01
9.329304e-01 2.292558e-01 -2.776376e-01 -9.391003e+00 -2.765243e-01 9.500512e-01 -1.446965e-01 -8.731356e-01 2.305974e-01 2.117653e-01 9.497264e-01 4.478364e+01
9.079410e-01 -3.096401e-01 2.824290e-01 -9.501975e+00 2.556148e-01 9.431783e-01 2.123106e-01 -8.709499e-01 -3.321208e-01 -1.205725e-01 9.354988e-01 4.452353e+01
9.385303e-01 2.098255e-01 -2.741062e-01 -9.625581e+00 -2.569463e-01 9.549002e-01 -1.488093e-01 -8.660642e-01 2.305201e-01 2.100926e-01 9.501166e-01 4.414495e+01
9.017121e-01 -2.973865e-01 3.138099e-01 -9.800469e+00 2.353205e-01 9.465066e-01 2.207929e-01 -8.616251e-01 -3.626839e-01 -1.252457e-01 9.234576e-01 4.389268e+01
9.337977e-01 1.876448e-01 -3.046493e-01 -9.977304e+00 -2.436124e-01 9.570429e-01 -1.572319e-01 -8.561432e-01 2.620587e-01 2.210392e-01 9.393971e-01 4.358685e+01
8.471897e-01 -2.954476e-01 4.415658e-01 -1.016464e+01 2.127026e-01 9.502182e-01 2.276904e-01 -8.519664e-01 -4.868545e-01 -9.897474e-02 8.678575e-01 4.337487e+01
9.520807e-01 1.340118e-01 -2.749240e-01 -1.029311e+01 -1.883431e-01 9.651315e-01 -1.817914e-01 -8.493420e-01 2.409756e-01 2.248601e-01 9.441232e-01 4.312728e+01
8.609131e-01 -2.524728e-01 4.416855e-01 -1.039792e+01 1.647390e-01 9.597424e-01 2.274987e-01 -8.413987e-01 -4.813416e-01 -1.230938e-01 8.678469e-01 4.253508e+01
9.875192e-01 5.939166e-02 -1.458711e-01 -1.050073e+01 -9.038169e-02 9.721931e-01 -2.160365e-01 -8.362627e-01 1.289841e-01 2.265243e-01 9.654273e-01 4.212210e+01
6.605724e-01 -1.957681e-01 7.247889e-01 -1.059622e+01 4.908140e-02 9.745996e-01 2.185101e-01 -8.401267e-01 -7.491562e-01 -1.087681e-01 6.534022e-01 4.217207e+01
8.658539e-01 -5.221579e-02 -4.975647e-01 -1.076121e+01 -4.822967e-02 9.811948e-01 -1.868977e-01 -8.353994e-01 4.979669e-01 1.858235e-01 8.470529e-01 4.184873e+01
7.308527e-01 -9.876843e-02 6.753511e-01 -1.089718e+01 -1.132828e-02 9.875827e-01 1.566908e-01 -8.299692e-01 -6.824412e-01 -1.221684e-01 7.206586e-01 4.146587e+01
7.716147e-01 2.022439e-02 -6.357686e-01 -1.098497e+01 -7.811027e-02 9.949426e-01 -6.315022e-02 -8.384970e-01 6.312761e-01 9.838769e-02 7.692921e-01 4.181131e+01
8.329627e-01 -1.096587e-01 5.423542e-01 -1.113026e+01 3.112282e-02 9.878989e-01 1.519442e-01 -8.453547e-01 -5.524531e-01 -1.096842e-01 8.262959e-01 4.225384e+01
5.185887e-01 1.134979e-01 -8.474574e-01 -1.141777e+01 -1.871714e-01 9.821801e-01 1.700430e-02 -8.444008e-01 8.342857e-01 1.498015e-01 5.305910e-01 4.267032e+01
7.294253e-01 -2.096963e-01 6.511268e-01 -1.161271e+01 1.247904e-01 9.766741e-01 1.747427e-01 -8.503853e-01 -6.725816e-01 -4.620732e-02 7.385789e-01 4.320918e+01
6.840194e-01 1.666696e-01 -7.101681e-01 -1.169355e+01 -2.164391e-01 9.760786e-01 2.060657e-02 -8.608029e-01 6.966144e-01 1.396128e-01 7.037305e-01 4.369057e+01
4.441750e-01 -2.530430e-01 8.594637e-01 -1.170707e+01 1.774049e-01 9.651334e-01 1.924706e-01 -8.697057e-01 -8.782005e-01 6.698248e-02 4.735792e-01 4.389184e+01
6.210168e-01 1.558367e-01 -7.681491e-01 -1.182977e+01 -2.045219e-01 9.783014e-01 3.312346e-02 -8.723665e-01 7.566432e-01 1.365331e-01 6.394136e-01 4.397516e+01
9.525431e-01 -1.715447e-01 2.514639e-01 -1.208012e+01 1.435098e-01 9.815934e-01 1.260136e-01 -8.707416e-01 -2.684522e-01 -8.394584e-02 9.596283e-01 4.428487e+01
9.119029e-01 1.660721e-01 -3.753041e-01 -1.219447e+01 -1.919420e-01 9.808733e-01 -3.233860e-02 -8.764515e-01 3.627553e-01 1.015263e-01 9.263374e-01 4.458271e+01
4.726329e-01 -2.710835e-01 8.385296e-01 -1.217111e+01 1.955361e-01 9.600535e-01 2.001574e-01 -8.866106e-01 -8.592926e-01 6.936183e-02 5.067595e-01 4.479686e+01
8.082376e-01 1.787229e-01 -5.610794e-01 -1.196355e+01 -2.291629e-01 9.731801e-01 -2.011922e-02 -8.992155e-01 5.424355e-01 1.448397e-01 8.275175e-01 4.502791e+01
2.449757e-01 -3.140015e-01 9.172731e-01 -1.129059e+01 6.899946e-03 9.466423e-01 3.222124e-01 -9.241372e-01 -9.695047e-01 -7.260508e-02 2.340710e-01 4.558400e+01
1.615489e-01 8.538190e-02 -9.831642e-01 -1.126516e+01 -3.405954e-01 9.398598e-01 2.565616e-02 -9.360605e-01 9.262271e-01 3.307165e-01 1.809140e-01 4.598911e+01
-4.394420e-01 -4.115110e-01 7.984670e-01 -1.066010e+01 -1.556232e-01 9.103289e-01 3.835136e-01 -9.563814e-01 -8.846876e-01 4.427203e-02 -4.640774e-01 4.635850e+01
-4.285074e-01 -7.830747e-02 -9.001385e-01 -1.062828e+01 -4.185145e-01 9.001236e-01 1.209260e-01 -9.694229e-01 8.007665e-01 4.285387e-01 -4.184825e-01 4.678768e+01
-5.515040e-01 -4.522012e-01 7.009689e-01 -1.064058e+01 -1.240668e-01 8.754362e-01 4.671391e-01 -9.816821e-01 -8.248944e-01 1.706621e-01 -5.389097e-01 4.722676e+01
-7.655263e-01 -1.110668e-01 -6.337457e-01 -1.082937e+01 -4.124536e-01 8.406917e-01 3.508839e-01 -9.873621e-01 4.938132e-01 5.300015e-01 -6.893815e-01 4.774153e+01
-8.017656e-01 -4.238760e-01 4.213087e-01 -1.088563e+01 -1.357558e-01 8.156990e-01 5.623215e-01 -9.978112e-01 -5.820157e-01 3.936550e-01 -7.115430e-01 4.815178e+01
-9.319318e-01 -1.280433e-01 -3.392758e-01 -1.105858e+01 -3.170354e-01 7.418737e-01 5.908569e-01 -1.010276e+00 1.760445e-01 6.582008e-01 -7.319700e-01 4.897711e+01
-5.057431e-01 -4.729789e-01 7.214672e-01 -1.138682e+01 3.114883e-01 6.797698e-01 6.639940e-01 -1.013415e+00 -8.044867e-01 5.605390e-01 -1.964615e-01 4.975998e+01
-9.701467e-01 2.388792e-01 -4.185805e-02 -1.172703e+01 9.339160e-02 5.272735e-01 8.445476e-01 -1.019136e+00 2.238155e-01 8.154259e-01 -5.338420e-01 5.072968e+01
-6.445676e-01 -6.195074e-02 7.620333e-01 -1.196223e+01 6.394172e-01 5.027362e-01 5.817233e-01 -1.027906e+00 -4.191399e-01 8.622171e-01 -2.844351e-01 5.156850e+01
-7.475742e-01 6.281809e-01 -2.156884e-01 -1.212868e+01 1.295488e-01 4.564197e-01 8.802830e-01 -1.038940e+00 6.514214e-01 6.301347e-01 -4.225877e-01 5.228460e+01
-7.817371e-01 7.497290e-02 6.190849e-01 -1.216710e+01 5.948727e-01 3.875355e-01 7.042320e-01 -1.055697e+00 -1.871191e-01 9.188010e-01 -3.475502e-01 5.302688e+01
-8.152255e-01 5.790930e-01 7.668469e-03 -1.224226e+01 2.094604e-01 2.824741e-01 9.361275e-01 -1.072089e+00 5.399387e-01 7.647612e-01 -3.515771e-01 5.384769e+01
-8.411078e-01 1.553047e-01 5.180909e-01 -1.222289e+01 5.407884e-01 2.250915e-01 8.104824e-01 -1.089337e+00 9.253879e-03 9.618806e-01 -2.733132e-01 5.449764e+01
-8.070789e-01 5.647064e-01 -1.724248e-01 -1.207347e+01 -9.972768e-02 1.574542e-01 9.824778e-01 -1.103937e+00 5.819605e-01 8.101326e-01 -7.076111e-02 5.486517e+01
-8.359961e-01 -1.510927e-01 5.275239e-01 -1.205053e+01 5.206141e-01 8.541106e-02 8.495092e-01 -1.120204e+00 -1.734110e-01 9.848228e-01 7.257678e-03 5.543626e+01
-8.534288e-01 5.174065e-01 -6.284809e-02 -1.207369e+01 -8.594626e-02 -2.077107e-02 9.960832e-01 -1.135629e+00 5.140745e-01 8.554877e-01 6.219577e-02 5.606211e+01
-5.215874e-01 -2.497962e-01 8.158115e-01 -1.216176e+01 8.473253e-01 -3.966279e-02 5.295911e-01 -1.148680e+00 -9.993251e-02 9.674858e-01 2.323463e-01 5.677612e+01
-5.682971e-01 8.162303e-01 1.039542e-01 -1.218811e+01 -3.655900e-02 -1.512614e-01 9.878175e-01 -1.165958e+00 8.220109e-01 5.575733e-01 1.158020e-01 5.754570e+01
-3.663086e-01 -1.810071e-01 9.127182e-01 -1.221880e+01 9.264074e-01 -1.627680e-01 3.395231e-01 -1.181596e+00 8.710525e-02 9.699191e-01 2.273096e-01 5.823669e+01
-3.605988e-01 8.693697e-01 3.378830e-01 -1.231760e+01 1.816868e-01 -2.898450e-01 9.396700e-01 -1.196406e+00 9.148543e-01 4.002328e-01 -5.343524e-02 5.904242e+01
-2.600269e-01 6.179418e-02 9.636221e-01 -1.235349e+01 9.150148e-01 -3.030022e-01 2.663411e-01 -1.213004e+00 3.084379e-01 9.509843e-01 2.224613e-02 5.978351e+01
-1.123924e-01 8.342185e-01 5.398587e-01 -1.253510e+01 6.082871e-01 -3.718416e-01 7.012279e-01 -1.227520e+00 7.857193e-01 4.072018e-01 -4.656522e-01 6.079567e+01
1.953615e-03 5.156950e-01 8.567700e-01 -1.254753e+01 9.031848e-01 -3.686776e-01 2.198498e-01 -1.246388e+00 4.292474e-01 7.733922e-01 -4.664882e-01 6.162665e+01
-6.890595e-03 8.374734e-01 5.464347e-01 -1.252197e+01 5.250080e-01 -4.620461e-01 7.147587e-01 -1.266581e+00 8.510694e-01 2.918077e-01 -4.364965e-01 6.243373e+01
-1.167679e-01 4.302259e-01 8.951374e-01 -1.251461e+01 7.866615e-01 -5.101056e-01 3.477873e-01 -1.285510e+00 6.062417e-01 7.447805e-01 -2.788782e-01 6.321208e+01
-1.789524e-01 7.060140e-01 6.852154e-01 -1.254144e+01 3.445063e-01 -6.073995e-01 7.158081e-01 -1.307178e+00 9.215701e-01 3.641566e-01 -1.345307e-01 6.423398e+01
-1.889702e-01 2.113622e-01 9.589662e-01 -1.260684e+01 7.112748e-01 -6.438372e-01 2.820669e-01 -1.329708e+00 6.770365e-01 7.353908e-01 -2.867057e-02 6.540857e+01
-1.888501e-01 5.950874e-01 7.811572e-01 -1.266101e+01 2.370996e-01 -7.443055e-01 6.243341e-01 -1.355334e+00 9.529530e-01 3.031176e-01 -5.327791e-04 6.674215e+01
-2.296309e-01 7.716177e-02 9.702143e-01 -1.267818e+01 5.935871e-01 -7.788927e-01 2.024364e-01 -1.382107e+00 7.713132e-01 6.223923e-01 1.330556e-01 6.805649e+01
-2.492089e-01 4.424555e-01 8.614685e-01 -1.265922e+01 8.775149e-02 -8.755579e-01 4.750770e-01 -1.409878e+00 9.644660e-01 1.939886e-01 1.793707e-01 6.936245e+01
-1.024643e-01 -7.683389e-02 9.917649e-01 -1.271967e+01 4.855158e-01 -8.740516e-01 -1.755329e-02 -1.433090e+00 8.682024e-01 4.797190e-01 1.268632e-01 7.057982e+01
8.901748e-02 3.843955e-01 9.188667e-01 -1.283427e+01 7.267323e-02 -9.225768e-01 3.789072e-01 -1.450822e+00 9.933753e-01 3.304766e-02 -1.100607e-01 7.159849e+01
1.982782e-01 -2.757143e-02 9.797579e-01 -1.292941e+01 4.006123e-01 -9.100157e-01 -1.066826e-01 -1.468252e+00 8.945365e-01 4.136559e-01 -1.693908e-01 7.254864e+01
3.086498e-01 3.154484e-01 8.973448e-01 -1.302837e+01 5.189171e-02 -9.475852e-01 3.152611e-01 -1.485561e+00 9.497592e-01 -5.074050e-02 -3.088411e-01 7.350517e+01
4.744012e-01 -2.800879e-02 8.798630e-01 -1.311538e+01 3.255686e-01 -9.230449e-01 -2.049223e-01 -1.501873e+00 8.178927e-01 3.836712e-01 -4.287749e-01 7.438335e+01
4.200558e-01 2.392198e-01 8.754010e-01 -1.312552e+01 -6.059749e-02 -9.550844e-01 2.900721e-01 -1.519208e+00 9.054728e-01 -1.748936e-01 -3.866926e-01 7.512390e+01
3.011696e-01 -1.397939e-01 9.432680e-01 -1.312086e+01 2.441642e-01 -9.449137e-01 -2.179953e-01 -1.534031e+00 9.217813e-01 2.959659e-01 -2.504466e-01 7.567337e+01
4.593885e-01 1.481411e-01 8.757948e-01 -1.315755e+01 -5.328679e-02 -9.796216e-01 1.936545e-01 -1.550088e+00 8.866356e-01 -1.356309e-01 -4.421329e-01 7.642294e+01
6.682224e-01 -1.246064e-01 7.334521e-01 -1.320722e+01 1.458392e-01 -9.448057e-01 -2.933823e-01 -1.569442e+00 7.295270e-01 3.030107e-01 -6.131678e-01 7.740383e+01
7.861422e-01 9.362345e-02 6.109133e-01 -1.321906e+01 -4.136667e-02 -9.782726e-01 2.031538e-01 -1.586298e+00 6.166597e-01 -1.849792e-01 -7.651885e-01 7.815737e+01
8.943451e-01 -6.678695e-02 4.423645e-01 -1.323108e+01 8.568620e-02 -9.449167e-01 -3.158959e-01 -1.602079e+00 4.390954e-01 3.204245e-01 -8.393589e-01 7.884547e+01
9.327034e-01 5.605012e-02 3.562622e-01 -1.324397e+01 -1.308060e-02 -9.819414e-01 1.887325e-01 -1.622515e+00 3.604071e-01 -1.806915e-01 -9.151269e-01 7.977671e+01
9.645327e-01 -3.166063e-02 2.620576e-01 -1.329137e+01 5.319013e-02 -9.491041e-01 -3.104388e-01 -1.642172e+00 2.585486e-01 3.133673e-01 -9.137579e-01 8.074420e+01
9.696105e-01 3.701113e-02 2.418381e-01 -1.330969e+01 -5.561432e-03 -9.849012e-01 1.730279e-01 -1.665201e+00 2.445906e-01 -1.691146e-01 -9.547647e-01 8.183778e+01
9.943703e-01 2.921290e-03 1.059208e-01 -1.331359e+01 3.880916e-02 -9.402001e-01 -3.384045e-01 -1.689113e+00 9.859817e-02 3.406101e-01 -9.350204e-01 8.298920e+01
9.959015e-01 8.021812e-02 -4.177564e-02 -1.334580e+01 8.625687e-02 -9.813206e-01 1.719580e-01 -1.714132e+00 -2.720116e-02 -1.748566e-01 -9.842181e-01 8.426487e+01
9.936033e-01 1.059565e-01 -3.905980e-02 -1.334843e+01 8.775184e-02 -9.421476e-01 -3.235082e-01 -1.738012e+00 -7.107790e-02 3.180112e-01 -9.454188e-01 8.537384e+01
9.895127e-01 4.191519e-02 1.382309e-01 -1.334249e+01 7.876482e-03 -9.712058e-01 2.381117e-01 -1.756505e+00 1.442312e-01 -2.345258e-01 -9.613506e-01 8.610879e+01
9.739955e-01 -1.596739e-02 2.260039e-01 -1.335371e+01 6.210240e-02 -9.404945e-01 -3.340858e-01 -1.774730e+00 2.178899e-01 3.394335e-01 -9.150458e-01 8.688322e+01
9.595431e-01 2.249613e-02 2.806618e-01 -1.336008e+01 -3.936987e-02 -9.762906e-01 2.128535e-01 -1.795986e+00 2.787958e-01 -2.152917e-01 -9.359072e-01 8.784257e+01
9.210937e-01 -8.872436e-02 3.790969e-01 -1.337125e+01 3.965111e-02 -9.472491e-01 -3.180360e-01 -1.815289e+00 3.873168e-01 3.079725e-01 -8.689871e-01 8.868785e+01
8.934827e-01 -2.000165e-02 4.486519e-01 -1.335679e+01 -1.167362e-01 -9.750117e-01 1.890105e-01 -1.834123e+00 4.336603e-01 -2.212515e-01 -8.734910e-01 8.946629e+01
9.251006e-01 -1.158248e-01 3.616263e-01 -1.322262e+01 1.138316e-02 -9.434573e-01 -3.312986e-01 -1.851651e+00 3.795516e-01 3.106010e-01 -8.714744e-01 9.007580e+01
9.948741e-01 9.021466e-02 -4.568245e-02 -1.327547e+01 9.604413e-02 -9.843531e-01 1.477314e-01 -1.869272e+00 -3.164013e-02 -1.513616e-01 -9.879719e-01 9.098650e+01
9.114472e-01 1.965952e-01 -3.614061e-01 -1.336148e+01 9.173132e-02 -9.534373e-01 -2.873026e-01 -1.887971e+00 -4.010603e-01 2.287089e-01 -8.870416e-01 9.199871e+01
8.678292e-01 1.934836e-01 -4.576423e-01 -1.327285e+01 2.446521e-01 -9.680695e-01 5.465109e-02 -1.910723e+00 -4.324555e-01 -1.593910e-01 -8.874552e-01 9.289324e+01
7.801236e-01 3.384600e-01 -5.261673e-01 -1.322006e+01 1.808269e-01 -9.271147e-01 -3.282680e-01 -1.929468e+00 -5.989231e-01 1.609444e-01 -7.844667e-01 9.363850e+01
6.038560e-01 2.929241e-01 -7.413187e-01 -1.320441e+01 3.938293e-01 -9.182224e-01 -4.202419e-02 -1.945934e+00 -6.930054e-01 -2.665765e-01 -6.698362e-01 9.431292e+01
6.805088e-01 4.378752e-01 -5.875143e-01 -1.317823e+01 3.068812e-01 -8.984124e-01 -3.141322e-01 -1.960992e+00 -6.653808e-01 3.347265e-02 -7.457533e-01 9.484228e+01
7.482196e-01 3.606372e-01 -5.568736e-01 -1.316956e+01 4.235397e-01 -9.057090e-01 -1.747556e-02 -1.978603e+00 -5.106678e-01 -2.227825e-01 -8.304134e-01 9.555418e+01
6.224339e-01 5.710784e-01 -5.352060e-01 -1.315433e+01 3.578387e-01 -8.158058e-01 -4.543263e-01 -2.004647e+00 -6.960801e-01 9.127065e-02 -7.121391e-01 9.680071e+01
4.012479e-02 6.307503e-01 -7.749478e-01 -1.329686e+01 5.752159e-01 -6.487479e-01 -4.982497e-01 -2.041901e+00 -8.170170e-01 -4.257701e-01 -3.888485e-01 9.914393e+01
-4.769177e-01 6.829613e-01 -5.532751e-01 -1.347670e+01 3.013333e-01 -4.642798e-01 -8.328520e-01 -2.070324e+00 -8.256802e-01 -5.639221e-01 1.562420e-02 1.010321e+02
-6.167713e-01 3.857022e-01 -6.861683e-01 -1.354117e+01 5.963538e-01 -3.400025e-01 -7.271592e-01 -2.092684e+00 -5.137658e-01 -8.576900e-01 -2.031118e-02 1.022089e+02
-7.171804e-01 6.241776e-01 -3.099266e-01 -1.359808e+01 2.358906e-01 -2.010459e-01 -9.507556e-01 -2.114708e+00 -6.557498e-01 -7.549721e-01 -3.051499e-03 1.033440e+02
-7.922759e-01 2.732140e-01 -5.455758e-01 -1.362352e+01 5.488244e-01 -7.162771e-02 -8.328633e-01 -2.135488e+00 -2.666282e-01 -9.592829e-01 -9.319758e-02 1.043935e+02
-8.545687e-01 5.189078e-01 -2.114302e-02 -1.372301e+01 8.061531e-02 9.232414e-02 -9.924603e-01 -2.158943e+00 -5.130433e-01 -8.498300e-01 -1.207292e-01 1.057221e+02
-9.184154e-01 9.709238e-02 -3.835182e-01 -1.384659e+01 3.955276e-01 2.046928e-01 -8.953540e-01 -2.179636e+00 -8.428662e-03 -9.739989e-01 -2.263957e-01 1.069366e+02
-9.292466e-01 3.627078e-01 7.031244e-02 -1.389932e+01 5.420126e-02 3.220849e-01 -9.451579e-01 -2.201015e+00 -3.654627e-01 -8.744738e-01 -3.189555e-01 1.080595e+02
-9.789100e-01 5.164077e-02 -1.976574e-01 -1.387810e+01 1.983890e-01 4.711999e-01 -8.594256e-01 -2.222709e+00 4.875477e-02 -8.805134e-01 -4.715073e-01 1.090462e+02
-9.714029e-01 2.097866e-01 -1.112023e-01 -1.400216e+01 2.077886e-01 5.244816e-01 -8.256772e-01 -2.241030e+00 -1.148925e-01 -8.251718e-01 -5.530743e-01 1.101246e+02
-9.108293e-01 2.437574e-01 -3.331250e-01 -1.429063e+01 4.127084e-01 5.224076e-01 -7.461649e-01 -2.253893e+00 -7.856168e-03 -8.171124e-01 -5.764249e-01 1.112764e+02
-9.135408e-01 3.550787e-01 1.983994e-01 -1.438946e+01 7.154782e-02 6.204467e-01 -7.809781e-01 -2.273654e+00 -4.004049e-01 -6.992603e-01 -5.922085e-01 1.124109e+02
-9.722666e-01 7.606463e-02 -2.211602e-01 -1.441096e+01 2.047916e-01 7.335921e-01 -6.479992e-01 -2.294795e+00 1.129515e-01 -6.753198e-01 -7.288245e-01 1.134386e+02
-9.767182e-01 1.763120e-01 1.222112e-01 -1.438358e+01 8.079009e-02 8.300452e-01 -5.518133e-01 -2.318902e+00 -1.987321e-01 -5.290927e-01 -8.249645e-01 1.145106e+02
-9.892631e-01 8.232471e-02 -1.207522e-01 -1.437682e+01 1.261618e-01 8.981137e-01 -4.212778e-01 -2.339062e+00 7.376764e-02 -4.319889e-01 -8.988570e-01 1.154113e+02
-9.869592e-01 9.388700e-02 1.307547e-01 -1.434475e+01 4.895186e-02 9.488752e-01 -3.118325e-01 -2.359258e+00 -1.533469e-01 -3.013652e-01 -9.410971e-01 1.162891e+02
-9.978827e-01 3.215901e-02 -5.653184e-02 -1.430007e+01 4.062480e-02 9.869784e-01 -1.556385e-01 -2.380500e+00 5.079052e-02 -1.576056e-01 -9.861951e-01 1.172034e+02
-9.754336e-01 -2.392836e-02 2.189904e-01 -1.429941e+01 -2.477314e-02 9.996925e-01 -1.112161e-03 -2.402816e+00 -2.188964e-01 -6.509919e-03 -9.757264e-01 1.182606e+02
-9.924597e-01 -3.138561e-02 -1.184848e-01 -1.427808e+01 -4.765619e-02 9.894110e-01 1.370941e-01 -2.423879e+00 1.129274e-01 1.417069e-01 -9.834463e-01 1.191978e+02
-9.620311e-01 -1.182708e-01 2.459841e-01 -1.420294e+01 -4.000668e-02 9.526086e-01 3.015564e-01 -2.445048e+00 -2.699919e-01 2.802657e-01 -9.211707e-01 1.201001e+02
-9.928807e-01 -6.071909e-02 -1.024749e-01 -1.414278e+01 -1.025583e-01 8.733247e-01 4.762203e-01 -2.470592e+00 6.057819e-02 4.833396e-01 -8.733345e-01 1.212644e+02
-9.819711e-01 -1.551174e-01 1.080342e-01 -1.409565e+01 -4.889311e-02 7.604873e-01 6.475095e-01 -2.499602e+00 -1.825986e-01 6.305534e-01 -7.543607e-01 1.226131e+02
-9.885504e-01 -4.090308e-02 -1.452412e-01 -1.407904e+01 -1.384376e-01 6.287709e-01 7.651681e-01 -2.525743e+00 6.002569e-02 7.765141e-01 -6.272343e-01 1.238249e+02
-9.653170e-01 -1.997833e-01 1.680766e-01 -1.416117e+01 4.207939e-02 5.163004e-01 8.553731e-01 -2.547746e+00 -2.576673e-01 8.327788e-01 -4.899868e-01 1.250377e+02
-9.992090e-01 9.505081e-04 -3.975503e-02 -1.418943e+01 -3.676086e-02 3.591882e-01 9.325409e-01 -2.572748e+00 1.516593e-02 9.332647e-01 -3.588691e-01 1.263204e+02
-9.661589e-01 -1.307826e-01 2.223352e-01 -1.418213e+01 1.994068e-01 1.680829e-01 9.653937e-01 -2.601320e+00 -1.636274e-01 9.770589e-01 -1.363159e-01 1.277403e+02
-9.868568e-01 1.439656e-01 7.339986e-02 -1.417984e+01 6.663025e-02 -5.129956e-02 9.964581e-01 -2.632978e+00 1.472211e-01 9.882521e-01 4.103286e-02 1.293238e+02
-9.978838e-01 5.949031e-02 -2.624375e-02 -1.436528e+01 -3.598435e-02 -1.690968e-01 9.849423e-01 -2.659498e+00 5.415679e-02 9.838024e-01 1.708797e-01 1.310085e+02
-9.407032e-01 7.843110e-03 -3.391401e-01 -1.464807e+01 -3.322608e-01 -2.229186e-01 9.164661e-01 -2.684966e+00 -6.841268e-02 9.748055e-01 2.123062e-01 1.328267e+02
-9.205450e-01 -3.349921e-01 -2.009410e-01 -1.479068e+01 -8.435641e-02 -3.317852e-01 9.395758e-01 -2.709990e+00 -3.814197e-01 8.818724e-01 2.771644e-01 1.343690e+02
-9.570737e-01 -7.640113e-02 -2.795941e-01 -1.492837e+01 -2.137450e-01 -4.654774e-01 8.588619e-01 -2.733435e+00 -1.957628e-01 8.817560e-01 4.291658e-01 1.357451e+02
-9.646599e-01 -2.522003e-01 -7.632979e-02 -1.507760e+01 8.830927e-02 -5.823623e-01 8.081186e-01 -2.757102e+00 -2.482593e-01 7.728190e-01 5.840532e-01 1.372174e+02
-9.884969e-01 8.243051e-02 -1.268036e-01 -1.575579e+01 -1.494500e-01 -6.610343e-01 7.353219e-01 -2.768316e+00 -2.320858e-02 7.458142e-01 6.657496e-01 1.390840e+02
-8.797859e-01 -2.549530e-02 -4.746859e-01 -1.647377e+01 -3.991019e-01 -5.028697e-01 7.667071e-01 -2.768351e+00 -2.582526e-01 8.639861e-01 4.322425e-01 1.404820e+02
-7.707842e-01 -3.312085e-01 -5.442358e-01 -1.678762e+01 -3.125623e-01 -5.477837e-01 7.760398e-01 -2.785155e+00 -5.551545e-01 7.682668e-01 3.186998e-01 1.418026e+02
-6.673409e-01 -3.120725e-01 -6.762152e-01 -1.720899e+01 -5.248150e-01 -4.471723e-01 7.242970e-01 -2.792461e+00 -5.284178e-01 8.382409e-01 1.346360e-01 1.429610e+02
-7.666799e-01 -5.171495e-01 -3.804711e-01 -1.718838e+01 3.723900e-03 -5.961789e-01 8.028430e-01 -2.813887e+00 -6.420187e-01 6.141068e-01 4.590042e-01 1.440048e+02
-3.921899e-01 8.344766e-02 -9.160914e-01 -1.731070e+01 -7.580876e-01 -5.934115e-01 2.704921e-01 -2.837802e+00 -5.210472e-01 8.005619e-01 2.959906e-01 1.454253e+02
7.241672e-02 -7.709566e-01 -6.327572e-01 -1.800585e+01 -7.821847e-01 -4.375292e-01 4.435710e-01 -2.844008e+00 -6.188238e-01 4.628111e-01 -6.347149e-01 1.469318e+02
2.965667e-01 -9.308835e-01 -2.133168e-01 -1.940114e+01 -8.426414e-01 -1.499399e-01 -5.171783e-01 -2.817441e+00 4.494481e-01 3.331275e-01 -8.288682e-01 1.481183e+02
-7.131440e-01 -6.052318e-01 3.537233e-01 -2.141229e+01 -5.021045e-01 8.887524e-02 -8.602280e-01 -2.765772e+00 4.892001e-01 -7.910725e-01 -3.672704e-01 1.491715e+02
-7.660950e-01 -1.760335e-01 -6.181510e-01 -2.375136e+01 6.427268e-01 -2.085859e-01 -7.371527e-01 -2.701936e+00 8.259602e-04 -9.620312e-01 2.729381e-01 1.502493e+02
5.572361e-02 6.678348e-01 -7.422207e-01 -2.544820e+01 7.159435e-01 -5.448694e-01 -4.365114e-01 -2.672327e+00 -6.959309e-01 -5.070641e-01 -5.084941e-01 1.518785e+02
8.134819e-01 4.928960e-01 -3.087081e-01 -2.677763e+01 5.766311e-01 -7.527138e-01 3.176767e-01 -2.657374e+00 -7.578723e-02 -4.364349e-01 -8.965383e-01 1.535540e+02
7.405464e-01 4.280424e-01 5.180452e-01 -2.775544e+01 4.234074e-01 -8.958342e-01 1.349346e-01 -2.652713e+00 5.218403e-01 1.194188e-01 -8.446430e-01 1.551599e+02
6.510831e-01 3.992884e-01 6.454917e-01 -2.811785e+01 3.677512e-01 -9.099058e-01 1.919128e-01 -2.664718e+00 6.639652e-01 1.124292e-01 -7.392631e-01 1.563922e+02
7.107637e-01 3.441172e-01 6.135130e-01 -2.830165e+01 4.397820e-01 -8.980861e-01 -5.760576e-03 -2.680540e+00 5.490052e-01 2.739064e-01 -7.896636e-01 1.574409e+02
7.106860e-01 4.068478e-01 5.739341e-01 -2.853687e+01 3.381603e-01 -9.129444e-01 2.284297e-01 -2.692121e+00 6.169060e-01 3.173998e-02 -7.863966e-01 1.583355e+02
6.862831e-01 3.111634e-01 6.574138e-01 -2.884099e+01 3.932939e-01 -9.190876e-01 2.445255e-02 -2.702731e+00 6.118296e-01 2.417754e-01 -7.531329e-01 1.593318e+02
6.399845e-01 3.633022e-01 6.770755e-01 -2.898442e+01 3.089474e-01 -9.284644e-01 2.061685e-01 -2.719384e+00 7.035420e-01 7.723603e-02 -7.064441e-01 1.603788e+02
6.936008e-01 2.740213e-01 6.662059e-01 -2.907331e+01 3.973438e-01 -9.169425e-01 -3.652956e-02 -2.736186e+00 6.008626e-01 2.900497e-01 -7.448727e-01 1.613360e+02
7.738586e-01 3.581154e-01 5.223947e-01 -2.905420e+01 3.413746e-01 -9.305790e-01 1.322351e-01 -2.751454e+00 5.334850e-01 7.600102e-02 -8.423880e-01 1.619522e+02
8.054338e-01 3.034028e-01 5.091396e-01 -2.902137e+01 3.813904e-01 -9.228710e-01 -5.339017e-02 -2.767653e+00 4.536714e-01 2.371832e-01 -8.590264e-01 1.625961e+02
7.489248e-01 3.357246e-01 5.713148e-01 -2.898702e+01 2.597263e-01 -9.418942e-01 2.130202e-01 -2.780870e+00 6.096342e-01 -1.115064e-02 -7.926045e-01 1.630695e+02
6.697461e-01 2.017737e-01 7.146520e-01 -2.890234e+01 3.319523e-01 -9.422189e-01 -4.506919e-02 -2.794675e+00 6.642649e-01 2.674153e-01 -6.980267e-01 1.635293e+02
4.168729e-01 2.883205e-01 8.620257e-01 -2.892863e+01 1.245299e-02 -9.500824e-01 3.117505e-01 -2.804486e+00 9.088795e-01 -1.192255e-01 -3.996541e-01 1.638709e+02
4.223368e-01 -4.337696e-02 9.054005e-01 -2.885086e+01 2.746556e-01 -9.457732e-01 -1.734282e-01 -2.814510e+00 8.638263e-01 3.219184e-01 -3.875211e-01 1.641287e+02
6.192638e-01 1.967514e-01 7.601323e-01 -2.883568e+01 7.924688e-02 -9.788140e-01 1.887939e-01 -2.830929e+00 7.811736e-01 -5.667511e-02 -6.217360e-01 1.648346e+02
8.441348e-01 4.849639e-02 5.339331e-01 -2.884189e+01 2.190651e-01 -9.401700e-01 -2.609421e-01 -2.846790e+00 4.893331e-01 3.372364e-01 -8.042541e-01 1.655565e+02
9.551211e-01 2.639919e-01 1.343577e-01 -2.884147e+01 2.456208e-01 -9.593595e-01 1.389239e-01 -2.862250e+00 1.655721e-01 -9.968807e-02 -9.811463e-01 1.662616e+02
9.334112e-01 3.120768e-01 -1.770639e-01 -2.886110e+01 2.491347e-01 -9.188239e-01 -3.060956e-01 -2.874324e+00 -2.582159e-01 2.416003e-01 -9.353897e-01 1.667729e+02
7.501106e-01 3.590274e-01 -5.553678e-01 -2.887763e+01 4.310183e-01 -9.023424e-01 -1.178096e-03 -2.885732e+00 -5.015549e-01 -2.384900e-01 -8.316040e-01 1.672439e+02
4.271059e-01 5.748605e-01 -6.979370e-01 -2.888930e+01 2.810224e-01 -8.180492e-01 -5.018186e-01 -2.899553e+00 -8.594224e-01 1.819377e-02 -5.109423e-01 1.678815e+02
-6.410392e-02 4.261087e-01 -9.023980e-01 -2.893011e+01 5.704731e-01 -7.262951e-01 -3.834785e-01 -2.912941e+00 -8.188108e-01 -5.393763e-01 -1.965252e-01 1.685551e+02
-5.073962e-01 6.243831e-01 -5.938812e-01 -2.898543e+01 1.380841e-01 -6.213671e-01 -7.712560e-01 -2.924918e+00 -8.505774e-01 -4.733379e-01 2.290619e-01 1.691602e+02
-8.744337e-01 1.405636e-01 -4.643355e-01 -2.898538e+01 3.412218e-01 -5.021687e-01 -7.946032e-01 -2.934525e+00 -3.448671e-01 -8.532693e-01 3.911498e-01 1.695456e+02
-9.571059e-01 2.769599e-01 8.509678e-02 -2.895728e+01 -1.971331e-01 -4.072376e-01 -8.917937e-01 -2.946234e+00 -2.123365e-01 -8.703164e-01 4.443675e-01 1.700026e+02
-9.637168e-01 -2.641150e-01 3.864197e-02 -2.898207e+01 3.887963e-02 -2.821152e-01 -9.585924e-01 -2.962190e+00 2.640801e-01 -9.223092e-01 2.821479e-01 1.707653e+02
-8.103812e-01 -1.078143e-01 5.758979e-01 -2.895890e+01 -5.512479e-01 -1.927314e-01 -8.117760e-01 -2.978885e+00 1.985147e-01 -9.753106e-01 9.675353e-02 1.715030e+02
