9.999244e-01 1.163438e-03 -1.224112e-02 1.025302e-01 -1.183437e-03 9.999980e-01 -1.626671e-03 -2.155683e-02 1.223921e-02 1.641034e-03 9.999238e-01 8.962891e-01
9.999958e-01 2.872560e-03 -3.754476e-04 1.113211e-01 -2.873421e-03 9.999932e-01 -2.313357e-03 -2.451559e-02 3.688002e-04 2.314427e-03 9.999973e-01 9.316436e-01
9.999184e-01 3.538910e-03 -1.227307e-02 1.570045e-01 -3.556110e-03 9.999927e-01 -1.379964e-03 -1.821136e-03 1.226810e-02 1.423495e-03 9.999237e-01 -4.135261e-01
9.999991e-01 6.058973e-04 -1.184177e-03 2.979944e-01 -6.066180e-04 9.999996e-01 -6.084058e-04 7.803654e-03 1.183808e-03 6.091243e-04 9.999991e-01 -1.255612e+00
9.999199e-01 3.981637e-03 -1.201034e-02 3.661815e-01 -4.004552e-03 9.999902e-01 -1.884488e-03 2.035717e-02 1.200272e-02 1.932432e-03 9.999261e-01 -2.127891e+00
9.999984e-01 -1.523129e-03 -9.723111e-04 4.823306e-01 1.523994e-03 9.999984e-01 8.898580e-04 1.877561e-02 9.709545e-04 -8.913376e-04 9.999991e-01 -2.357845e+00
9.999176e-01 4.047812e-03 -1.218400e-02 6.107030e-01 -4.074695e-03 9.999893e-01 -2.182383e-03 1.422636e-02 1.217503e-02 2.231848e-03 9.999234e-01 -2.456360e+00
9.999958e-01 -2.856592e-03 -3.991360e-04 7.183556e-01 2.857000e-03 9.999954e-01 1.024739e-03 -1.047763e-03 3.962072e-04 -1.025874e-03 9.999994e-01 -1.918596e+00
9.999170e-01 4.601149e-03 -1.203173e-02 7.609320e-01 -4.627780e-03 9.999869e-01 -2.186503e-03 -7.821981e-03 1.202152e-02 2.242001e-03 9.999252e-01 -1.650990e+00
9.999919e-01 -3.920752e-03 9.459188e-04 7.939269e-01 3.919761e-03 9.999918e-01 1.047842e-03 -2.306413e-02 -9.500190e-04 -1.044125e-03 9.999990e-01 -9.121806e-01
9.999251e-01 4.475751e-03 -1.138942e-02 8.144124e-01 -4.510825e-03 9.999852e-01 -3.055650e-03 -4.912088e-02 1.137557e-02 3.106796e-03 9.999305e-01 4.310866e-01
9.999976e-01 -2.092125e-03 -6.128979e-04 8.346785e-01 2.092623e-03 9.999975e-01 8.125216e-04 -5.548603e-02 6.111967e-04 -8.138015e-04 9.999995e-01 6.766704e-01
9.999059e-01 4.777607e-03 -1.285597e-02 9.630110e-01 -4.812598e-03 9.999848e-01 -2.692266e-03 -6.511727e-02 1.284291e-02 2.753883e-03 9.999137e-01 8.123514e-01
9.999968e-01 -2.113389e-03 -1.363029e-03 1.121418e+00 2.114443e-03 9.999975e-01 7.722637e-04 -7.463796e-02 1.361394e-03 -7.751426e-04 9.999988e-01 9.356733e-01
9.999532e-01 2.294933e-03 -9.403646e-03 1.168253e+00 -2.317040e-03 9.999946e-01 -2.340654e-03 -1.010338e-01 9.398224e-03 2.362333e-03 9.999530e-01 2.169400e+00
9.999975e-01 -2.187062e-03 4.553403e-04 1.180175e+00 2.187492e-03 9.999972e-01 -9.445723e-04 -1.393133e-01 -4.532729e-04 9.455667e-04 9.999995e-01 4.249127e+00
9.999363e-01 2.888033e-03 -1.091579e-02 1.209147e+00 -2.898991e-03 9.999953e-01 -9.881376e-04 -1.636497e-01 1.091288e-02 1.019719e-03 9.999399e-01 5.538924e+00
9.999979e-01 -1.584195e-03 -1.302771e-03 1.313018e+00 1.584244e-03 9.999987e-01 3.663899e-05 -1.756089e-01 1.302712e-03 -3.870211e-05 9.999992e-01 5.992653e+00
9.999108e-01 4.475169e-03 -1.258449e-02 1.453009e+00 -4.496324e-03 9.999885e-01 -1.653265e-03 -1.784940e-01 1.257695e-02 1.709701e-03 9.999194e-01 5.797998e+00
9.999957e-01 -2.925975e-03 -9.287322e-05 1.556457e+00 2.926053e-03 9.999954e-01 8.453276e-04 -1.879968e-01 9.039970e-05 -8.455951e-04 9.999996e-01 5.995676e+00
9.999482e-01 3.251251e-03 -9.642211e-03 1.580332e+00 -3.277450e-03 9.999910e-01 -2.702562e-03 -2.143074e-01 9.633337e-03 2.734023e-03 9.999499e-01 7.356076e+00
9.999922e-01 -3.696143e-03 1.372305e-03 1.609075e+00 3.697229e-03 9.999929e-01 -7.902512e-04 -2.552977e-01 -1.369374e-03 7.953195e-04 9.999987e-01 9.504276e+00
9.999521e-01 3.300420e-03 -9.209131e-03 1.622994e+00 -3.333561e-03 9.999880e-01 -3.585689e-03 -3.065541e-01 9.197186e-03 3.616216e-03 9.999512e-01 1.234061e+01
9.999953e-01 -3.041275e-03 -4.306213e-04 1.654425e+00 3.041370e-03 9.999954e-01 2.196247e-04 -3.499043e-01 4.299516e-04 -2.209326e-04 9.999999e-01 1.465060e+01
9.999556e-01 2.873866e-03 -8.974024e-03 1.685457e+00 -2.906475e-03 9.999892e-01 -3.622798e-03 -3.918807e-01 8.963515e-03 3.648720e-03 9.999532e-01 1.677646e+01
9.999965e-01 -2.639672e-03 -3.618432e-04 1.716583e+00 2.639856e-03 9.999964e-01 5.068558e-04 -4.329276e-01 3.605042e-04 -5.078085e-04 9.999998e-01 1.895398e+01
9.999421e-01 3.217751e-03 -1.026624e-02 1.755923e+00 -3.247768e-03 9.999905e-01 -2.908475e-03 -4.663165e-01 1.025678e-02 2.941648e-03 9.999431e-01 2.068880e+01
9.999950e-01 7.399448e-04 -3.068678e-03 1.826798e+00 -7.390339e-04 9.999997e-01 2.979302e-04 -4.633143e-01 3.068897e-03 -2.956602e-04 9.999952e-01 2.022673e+01
9.999540e-01 1.289437e-03 -9.499685e-03 1.928317e+00 -1.304477e-03 9.999979e-01 -1.577143e-03 -4.733540e-01 9.497632e-03 1.589462e-03 9.999536e-01 2.039847e+01
9.999976e-01 -8.519488e-04 -2.018761e-03 2.024187e+00 8.507433e-04 9.999995e-01 -5.980172e-04 -5.100596e-01 2.019270e-03 5.962990e-04 9.999978e-01 2.202774e+01
9.999605e-01 1.098319e-03 -8.821639e-03 2.093285e+00 -1.106253e-03 9.999990e-01 -8.945830e-04 -5.396987e-01 8.820647e-03 9.043060e-04 9.999607e-01 2.330742e+01
9.999979e-01 -6.456634e-04 -1.965877e-03 2.162050e+00 6.437288e-04 9.999993e-01 -9.846430e-04 -5.710530e-01 1.966512e-03 9.833761e-04 9.999976e-01 2.475526e+01
9.999436e-01 1.567040e-03 -1.050888e-02 2.271418e+00 -1.567942e-03 9.999988e-01 -7.751675e-05 -5.907847e-01 1.050875e-02 9.398899e-05 9.999448e-01 2.546687e+01
9.999977e-01 2.063790e-04 -2.112198e-03 2.338470e+00 -2.090686e-04 9.999992e-01 -1.273300e-03 -5.998905e-01 2.111933e-03 1.273740e-03 9.999970e-01 2.574888e+01
9.999344e-01 2.677911e-03 -1.114012e-02 2.418521e+00 -2.685763e-03 9.999962e-01 -6.899179e-04 -6.015943e-01 1.113823e-02 7.197916e-04 9.999377e-01 2.553263e+01
9.999986e-01 8.727201e-04 -1.400496e-03 2.511531e+00 -8.741003e-04 9.999991e-01 -9.853406e-04 -5.926802e-01 1.399635e-03 9.865642e-04 9.999985e-01 2.482201e+01
9.999315e-01 3.339871e-03 -1.122157e-02 2.558322e+00 -3.353028e-03 9.999937e-01 -1.153845e-03 -5.811621e-01 1.121764e-02 1.191392e-03 9.999364e-01 2.399937e+01
9.999988e-01 3.591545e-04 -1.527131e-03 2.620379e+00 -3.602101e-04 9.999997e-01 -6.911295e-04 -5.726020e-01 1.526883e-03 6.916795e-04 9.999986e-01 2.332247e+01
9.999301e-01 4.051029e-03 -1.110769e-02 2.685316e+00 -4.069825e-03 9.999903e-01 -1.670132e-03 -5.583413e-01 1.110081e-02 1.715221e-03 9.999369e-01 2.238989e+01
9.999995e-01 -2.036844e-05 -1.009164e-03 2.757663e+00 2.003088e-05 9.999999e-01 -3.347094e-04 -5.450459e-01 1.009171e-03 3.346897e-04 9.999994e-01 2.152093e+01
9.999358e-01 2.563064e-03 -1.104038e-02 2.843682e+00 -2.573298e-03 9.999963e-01 -9.128549e-04 -5.432215e-01 1.103800e-02 9.412057e-04 9.999386e-01 2.119340e+01
9.999988e-01 1.221375e-03 -9.118932e-04 2.930950e+00 -1.222388e-03 9.999986e-01 -1.111382e-03 -5.321965e-01 9.105348e-04 1.112496e-03 9.999990e-01 2.040398e+01
9.999340e-01 2.861682e-03 -1.112747e-02 3.044865e+00 -2.873140e-03 9.999954e-01 -1.013808e-03 -5.190237e-01 1.112452e-02 1.045711e-03 9.999376e-01 1.949886e+01
9.999986e-01 1.348234e-03 -1.005551e-03 3.171937e+00 -1.349411e-03 9.999984e-01 -1.170470e-03 -5.060615e-01 1.003971e-03 1.171826e-03 9.999988e-01 1.857322e+01
9.999333e-01 2.382494e-03 -1.130106e-02 3.305838e+00 -2.390646e-03 9.999969e-01 -7.078509e-04 -4.952285e-01 1.129933e-02 7.348198e-04 9.999359e-01 1.774140e+01
9.999989e-01 9.213038e-04 -1.195161e-03 3.435348e+00 -9.222920e-04 9.999992e-01 -8.267542e-04 -4.884835e-01 1.194399e-03 8.278563e-04 9.999989e-01 1.707824e+01
9.999249e-01 3.883317e-03 -1.162710e-02 3.530014e+00 -3.904820e-03 9.999907e-01 -1.827180e-03 -4.722340e-01 1.161989e-02 1.872444e-03 9.999307e-01 1.601815e+01
9.999996e-01 1.260081e-04 -9.082011e-04 3.657820e+00 -1.261099e-04 1.000000e+00 -1.123757e-04 -4.601373e-01 9.081872e-04 1.124909e-04 9.999996e-01 1.513764e+01
9.999310e-01 1.378896e-03 -1.166999e-02 3.790004e+00 -1.384313e-03 9.999989e-01 -4.560857e-04 -4.649890e-01 1.166935e-02 4.722085e-04 9.999318e-01 1.510272e+01
1.000000e+00 1.873461e-04 1.627772e-04 3.887425e+00 -1.872697e-04 9.999999e-01 -4.679784e-04 -4.707351e-01 -1.628646e-04 4.679486e-04 9.999999e-01 1.519363e+01
9.999142e-01 1.755672e-03 -1.297822e-02 4.095692e+00 -1.758156e-03 9.999984e-01 -1.799687e-04 -4.775022e-01 1.297789e-02 2.027703e-04 9.999158e-01 1.496668e+01
9.999996e-01 6.664901e-04 6.584202e-04 4.280880e+00 -6.658658e-04 9.999993e-01 -9.475717e-04 -4.805038e-01 -6.590511e-04 9.471336e-04 9.999993e-01 1.472790e+01
9.999133e-01 1.684132e-03 -1.305968e-02 4.441428e+00 -1.687034e-03 9.999986e-01 -2.111944e-04 -4.790984e-01 1.305930e-02 2.332075e-04 9.999147e-01 1.434978e+01
9.999982e-01 1.787162e-03 6.286660e-04 4.600197e+00 -1.786164e-03 9.999972e-01 -1.583787e-03 -4.713493e-01 -6.314945e-04 1.582662e-03 9.999985e-01 1.362525e+01
9.999151e-01 1.791608e-03 -1.290308e-02 4.740331e+00 -1.793037e-03 9.999984e-01 -9.917495e-05 -4.608509e-01 1.290288e-02 1.223016e-04 9.999167e-01 1.282222e+01
9.999977e-01 2.116347e-03 2.421899e-04 4.885023e+00 -2.115895e-03 9.999960e-01 -1.851477e-03 -4.498798e-01 -2.461071e-04 1.850961e-03 9.999983e-01 1.194220e+01
9.999147e-01 2.131998e-04 -1.305969e-02 5.042149e+00 -1.996122e-04 9.999994e-01 1.041736e-03 -4.506389e-01 1.305991e-02 -1.039041e-03 9.999142e-01 1.155005e+01
9.999976e-01 1.980939e-03 8.937099e-04 5.110766e+00 -1.978999e-03 9.999957e-01 -2.166400e-03 -4.516818e-01 -8.979973e-04 2.164627e-03 9.999973e-01 1.144081e+01
9.999308e-01 8.002871e-04 -1.173831e-02 5.108905e+00 -7.933009e-04 9.999995e-01 5.998318e-04 -4.424701e-01 1.173878e-02 -5.904789e-04 9.999309e-01 1.132189e+01
9.999982e-01 1.852820e-03 -3.481755e-04 5.219157e+00 -1.853310e-03 9.999973e-01 -1.411299e-03 -4.354634e-01 3.455599e-04 1.411942e-03 9.999989e-01 1.111120e+01
9.999100e-01 1.941152e-03 -1.327191e-02 5.360138e+00 -1.945330e-03 9.999981e-01 -3.018417e-04 -4.238288e-01 1.327130e-02 3.276322e-04 9.999119e-01 1.069145e+01
9.999995e-01 5.721534e-04 8.708292e-04 5.476874e+00 -5.717032e-04 9.999997e-01 -5.167891e-04 -4.204487e-01 -8.711244e-04 5.162916e-04 9.999995e-01 1.022193e+01
9.999062e-01 1.969478e-03 -1.355269e-02 5.634878e+00 -1.977700e-03 9.999979e-01 -5.933050e-04 -4.213420e-01 1.355149e-02 6.200519e-04 9.999080e-01 9.879998e+00
9.999974e-01 1.988736e-03 1.151669e-03 5.771847e+00 -1.987057e-03 9.999970e-01 -1.457034e-03 -4.096402e-01 -1.154563e-03 1.454742e-03 9.999983e-01 9.009833e+00
9.999053e-01 5.366671e-04 -1.375170e-02 5.899801e+00 -5.291289e-04 9.999997e-01 5.518147e-04 -4.060738e-01 1.375199e-02 -5.444867e-04 9.999053e-01 8.549221e+00
9.999981e-01 8.029984e-04 1.782667e-03 5.991108e+00 -8.009000e-04 9.999990e-01 -1.177322e-03 -4.118110e-01 -1.783610e-03 1.175893e-03 9.999977e-01 8.698188e+00
9.999105e-01 -5.814936e-06 -1.337970e-02 6.071584e+00 1.860096e-05 9.999995e-01 9.555282e-04 -4.242167e-01 1.337969e-02 -9.556922e-04 9.999100e-01 9.160056e+00
9.999985e-01 9.654121e-04 1.421770e-03 6.155571e+00 -9.631865e-04 9.999983e-01 -1.565002e-03 -4.386298e-01 -1.423278e-03 1.563631e-03 9.999978e-01 9.668061e+00
9.999059e-01 1.009110e-03 -1.367790e-02 6.235103e+00 -1.000616e-03 9.999993e-01 6.278419e-04 -4.403702e-01 1.367852e-02 -6.140971e-04 9.999063e-01 9.706299e+00
9.999972e-01 1.912310e-03 1.422110e-03 6.324685e+00 -1.909579e-03 9.999963e-01 -1.919528e-03 -4.343927e-01 -1.425776e-03 1.916808e-03 9.999971e-01 9.165647e+00
9.999020e-01 2.084458e-04 -1.400098e-02 6.417294e+00 -1.927027e-04 9.999993e-01 1.125786e-03 -4.344805e-01 1.400120e-02 -1.122978e-03 9.999013e-01 9.052157e+00
9.999976e-01 6.930709e-04 2.098050e-03 6.510705e+00 -6.899473e-04 9.999987e-01 -1.489037e-03 -4.446730e-01 -2.099079e-03 1.487587e-03 9.999967e-01 9.335116e+00
9.999029e-01 1.182038e-03 -1.388455e-02 6.569316e+00 -1.173222e-03 9.999991e-01 6.431335e-04 -4.453630e-01 1.388530e-02 -6.267820e-04 9.999034e-01 9.306678e+00
9.999960e-01 -4.851442e-04 2.773972e-03 6.598182e+00 4.890771e-04 9.999989e-01 -1.417136e-03 -4.566260e-01 -2.773281e-03 1.418488e-03 9.999951e-01 9.861923e+00
9.999137e-01 8.613104e-04 -1.310938e-02 6.615769e+00 -8.558179e-04 9.999995e-01 4.245992e-04 -4.739828e-01 1.310974e-02 -4.133439e-04 9.999140e-01 1.070990e+01
9.999891e-01 -1.003506e-03 4.551693e-03 6.613387e+00 1.014268e-03 9.999967e-01 -2.362534e-03 -4.974296e-01 -4.549307e-03 2.367126e-03 9.999869e-01 1.198179e+01
9.999026e-01 1.338531e-03 -1.389203e-02 6.629348e+00 -1.330354e-03 9.999989e-01 5.978652e-04 -5.229833e-01 1.389282e-02 -5.793263e-04 9.999033e-01 1.337144e+01
9.999910e-01 -1.175581e-03 4.072291e-03 6.640910e+00 1.184530e-03 9.999969e-01 -2.195576e-03 -5.461494e-01 -4.069697e-03 2.200381e-03 9.999893e-01 1.454653e+01
9.998999e-01 2.071202e-03 -1.399567e-02 6.690939e+00 -2.057895e-03 9.999974e-01 9.651189e-04 -5.625961e-01 1.399764e-02 -9.362213e-04 9.999016e-01 1.530812e+01
9.999972e-01 8.067137e-04 2.226149e-03 6.749081e+00 -8.016424e-04 9.999971e-01 -2.277848e-03 -5.582326e-01 -2.227980e-03 2.276058e-03 9.999949e-01 1.485270e+01
9.998910e-01 9.420026e-04 -1.473636e-02 6.797866e+00 -9.195436e-04 9.999984e-01 1.530776e-03 -5.615968e-01 1.473778e-02 -1.517059e-03 9.998902e-01 1.491952e+01
9.999957e-01 7.837230e-04 2.840614e-03 6.842084e+00 -7.749200e-04 9.999949e-01 -3.098604e-03 -5.693562e-01 -2.843028e-03 3.096389e-03 9.999912e-01 1.515581e+01
9.998891e-01 1.330345e-03 -1.483390e-02 6.925145e+00 -1.296794e-03 9.999966e-01 2.271217e-03 -5.680696e-01 1.483687e-02 -2.251729e-03 9.998874e-01 1.489499e+01
9.999954e-01 9.394372e-04 2.885580e-03 7.000397e+00 -9.302634e-04 9.999945e-01 -3.178758e-03 -5.664488e-01 -2.888550e-03 3.176060e-03 9.999908e-01 1.461604e+01
9.998845e-01 7.049619e-04 -1.518455e-02 7.075869e+00 -6.658369e-04 9.999964e-01 2.581560e-03 -5.701028e-01 1.518632e-02 -2.571152e-03 9.998814e-01 1.460699e+01
9.999754e-01 -1.292628e-03 6.895527e-03 7.102010e+00 1.327862e-03 9.999861e-01 -5.107476e-03 -6.019234e-01 -6.888829e-03 5.116507e-03 9.999632e-01 1.621461e+01
9.999014e-01 6.545436e-04 -1.402891e-02 7.093479e+00 -6.514090e-04 9.999998e-01 2.280357e-04 -6.558480e-01 1.402906e-02 -2.188752e-04 9.999016e-01 1.919626e+01
9.999810e-01 -1.009901e-03 6.088638e-03 7.113690e+00 1.038396e-03 9.999885e-01 -4.678596e-03 -7.118988e-01 -6.083843e-03 4.684830e-03 9.999705e-01 2.215811e+01
9.998935e-01 7.352600e-04 -1.457365e-02 7.138583e+00 -7.187201e-04 9.999991e-01 1.140148e-03 -7.604885e-01 1.457447e-02 -1.129553e-03 9.998931e-01 2.466498e+01
9.999740e-01 -1.177072e-03 7.111478e-03 7.149598e+00 1.215982e-03 9.999843e-01 -5.469462e-03 -8.115360e-01 -7.104929e-03 5.477968e-03 9.999598e-01 2.739752e+01
9.998617e-01 1.189815e-03 -1.658605e-02 7.166436e+00 -1.149554e-03 9.999964e-01 2.436743e-03 -8.533433e-01 1.658889e-02 -2.417340e-03 9.998595e-01 2.956376e+01
9.999726e-01 -1.063503e-03 7.328366e-03 7.156951e+00 1.103854e-03 9.999842e-01 -5.504344e-03 -8.907287e-01 -7.322397e-03 5.512283e-03 9.999580e-01 3.159886e+01
9.998307e-01 1.437035e-03 -1.834260e-02 7.206093e+00 -1.376838e-03 9.999936e-01 3.294042e-03 -9.265621e-01 1.834722e-02 -3.268230e-03 9.998263e-01 3.329306e+01
9.999765e-01 2.331960e-04 6.847781e-03 7.316923e+00 -2.024895e-04 9.999899e-01 -4.484441e-03 -9.365249e-01 -6.848757e-03 4.482950e-03 9.999665e-01 3.348859e+01
9.998126e-01 3.865104e-03 -1.896981e-02 7.518220e+00 -3.825816e-03 9.999905e-01 2.106951e-03 -9.247049e-01 1.897777e-02 -2.033982e-03 9.998178e-01 3.251661e+01
9.999752e-01 5.161757e-04 7.021297e-03 7.663375e+00 -4.839098e-04 9.999893e-01 -4.596302e-03 -9.107748e-01 -7.023594e-03 4.592791e-03 9.999648e-01 3.153826e+01
9.998190e-01 4.093792e-03 -1.858050e-02 7.754688e+00 -4.059566e-03 9.999900e-01 1.879398e-03 -8.955297e-01 1.858800e-02 -1.803630e-03 9.998256e-01 3.053649e+01
9.999789e-01 -1.072412e-03 6.412775e-03 7.883720e+00 1.091433e-03 9.999950e-01 -2.963248e-03 -8.890691e-01 -6.409565e-03 2.970185e-03 9.999750e-01 2.987952e+01
9.998041e-01 3.259441e-03 -1.952070e-02 8.034507e+00 -3.223367e-03 9.999930e-01 1.879182e-03 -8.957225e-01 1.952669e-02 -1.815893e-03 9.998077e-01 2.974784e+01
9.999752e-01 -5.087243e-05 7.037825e-03 8.199135e+00 7.439595e-05 9.999944e-01 -3.342158e-03 -8.899191e-01 -7.037615e-03 3.342599e-03 9.999696e-01 2.903757e+01
9.998018e-01 4.824037e-03 -1.931673e-02 8.399446e+00 -4.817484e-03 9.999883e-01 3.857833e-04 -8.743907e-01 1.931836e-02 -2.926493e-04 9.998133e-01 2.789761e+01
9.999724e-01 -6.507767e-04 7.396360e-03 8.552034e+00 6.709825e-04 9.999960e-01 -2.729648e-03 -8.607895e-01 -7.394554e-03 2.734536e-03 9.999689e-01 2.692538e+01
9.998073e-01 4.501857e-03 -1.910681e-02 8.678979e+00 -4.490229e-03 9.999897e-01 6.514648e-04 -8.496730e-01 1.910955e-02 -5.655459e-04 9.998172e-01 2.606358e+01
9.999732e-01 -7.711154e-04 7.285437e-03 8.865911e+00 7.906127e-04 9.999961e-01 -2.673636e-03 -8.395527e-01 -7.283347e-03 2.679325e-03 9.999699e-01 2.518867e+01
9.998051e-01 5.102717e-03 -1.907308e-02 9.058435e+00 -5.101727e-03 9.999870e-01 1.006240e-04 -8.266225e-01 1.907334e-02 -3.299343e-06 9.998181e-01 2.417395e+01
9.999749e-01 -1.895194e-03 6.824139e-03 9.227900e+00 1.905568e-03 9.999970e-01 -1.513972e-03 -8.175157e-01 -6.821250e-03 1.526938e-03 9.999756e-01 2.339320e+01
9.998093e-01 6.451447e-03 -1.842965e-02 9.305548e+00 -6.473119e-03 9.999784e-01 -1.116500e-03 -8.031872e-01 1.842205e-02 1.235584e-03 9.998295e-01 2.243194e+01
9.999766e-01 -1.087456e-03 6.760528e-03 9.429406e+00 1.102884e-03 9.999968e-01 -2.278638e-03 -7.840761e-01 -6.758029e-03 2.286042e-03 9.999746e-01 2.120949e+01
9.998113e-01 7.100107e-03 -1.808067e-02 9.498501e+00 -7.126921e-03 9.999736e-01 -1.418985e-03 -7.620527e-01 1.807012e-02 1.547576e-03 9.998355e-01 1.990085e+01
9.999751e-01 -5.950256e-04 7.032436e-03 9.505179e+00 6.146400e-04 9.999959e-01 -2.787245e-03 -7.361890e-01 -7.030749e-03 2.791499e-03 9.999714e-01 1.851481e+01
9.998172e-01 6.762422e-03 -1.788384e-02 9.496733e+00 -6.785453e-03 9.999762e-01 -1.227416e-03 -7.109696e-01 1.787511e-02 1.348541e-03 9.998393e-01 1.718982e+01
9.999750e-01 -5.313256e-04 7.056051e-03 9.517627e+00 5.507523e-04 9.999961e-01 -2.751464e-03 -6.867173e-01 -7.054561e-03 2.755282e-03 9.999713e-01 1.586830e+01
9.998150e-01 6.737148e-03 -1.801348e-02 9.584111e+00 -6.760150e-03 9.999764e-01 -1.216347e-03 -6.630249e-01 1.800486e-02 1.337895e-03 9.998370e-01 1.453300e+01
9.999770e-01 -1.369555e-06 6.786393e-03 9.620730e+00 2.174314e-05 9.999955e-01 -3.001979e-03 -6.356588e-01 -6.786359e-03 3.002058e-03 9.999725e-01 1.306082e+01
9.998134e-01 6.860956e-03 -1.805542e-02 9.716955e+00 -6.886736e-03 9.999754e-01 -1.366017e-03 -6.092496e-01 1.804560e-02 1.490105e-03 9.998361e-01 1.154274e+01
9.999815e-01 -2.634817e-04 6.081022e-03 9.813395e+00 2.799135e-04 9.999963e-01 -2.701368e-03 -5.833602e-01 -6.080288e-03 2.703020e-03 9.999779e-01 1.006342e+01
9.998165e-01 6.793652e-03 -1.791375e-02 9.895867e+00 -6.820228e-03 9.999757e-01 -1.422837e-03 -5.581645e-01 1.790365e-02 1.544752e-03 9.998385e-01 8.620462e+00
9.999798e-01 -2.244423e-04 6.353669e-03 1.001182e+01 2.411622e-04 9.999965e-01 -2.630817e-03 -5.331965e-01 -6.353056e-03 2.632297e-03 9.999764e-01 7.164627e+00
9.998136e-01 6.851988e-03 -1.804976e-02 1.010691e+01 -6.883210e-03 9.999749e-01 -1.668205e-03 -5.069478e-01 1.803787e-02 1.792133e-03 9.998357e-01 5.681771e+00
9.999770e-01 2.957536e-04 6.781148e-03 1.016430e+01 -2.762882e-04 9.999958e-01 -2.871199e-03 -4.784043e-01 -6.781969e-03 2.869260e-03 9.999729e-01 4.128480e+00
9.998134e-01 6.776688e-03 -1.808973e-02 1.022990e+01 -6.809908e-03 9.999752e-01 -1.775397e-03 -4.491013e-01 1.807725e-02 1.898255e-03 9.998348e-01 2.558202e+00
9.999791e-01 4.928940e-04 6.453570e-03 1.033007e+01 -4.738197e-04 9.999955e-01 -2.956734e-03 -4.195373e-01 -6.454999e-03 2.953615e-03 9.999748e-01 9.221227e-01
9.998148e-01 6.660267e-03 -1.805531e-02 1.043681e+01 -6.694644e-03 9.999759e-01 -1.844215e-03 -3.906869e-01 1.804259e-02 1.964747e-03 9.998353e-01 -7.006496e-01
9.999830e-01 -1.455502e-03 5.641108e-03 1.066558e+01 1.462013e-03 9.999983e-01 -1.150225e-03 -3.713617e-01 -5.639424e-03 1.158453e-03 9.999834e-01 -1.989309e+00
9.998246e-01 6.232985e-03 -1.765936e-02 1.082808e+01 -6.263787e-03 9.999790e-01 -1.689426e-03 -3.564083e-01 1.764846e-02 1.799743e-03 9.998426e-01 -3.053824e+00
9.999842e-01 3.113777e-05 5.614031e-03 1.098501e+01 -1.876625e-05 9.999976e-01 -2.203627e-03 -3.326103e-01 -5.614086e-03 2.203487e-03 9.999818e-01 -4.496725e+00
9.998203e-01 6.298513e-03 -1.788133e-02 1.120745e+01 -6.332917e-03 9.999782e-01 -1.868034e-03 -3.097227e-01 1.786917e-02 1.980939e-03 9.998384e-01 -5.994401e+00
9.999835e-01 -1.917549e-05 5.741718e-03 1.141502e+01 3.165342e-05 9.999976e-01 -2.173033e-03 -2.868614e-01 -5.741663e-03 2.173179e-03 9.999812e-01 -7.476762e+00
9.998206e-01 6.560243e-03 -1.776876e-02 1.156801e+01 -6.596348e-03 9.999763e-01 -1.974061e-03 -2.619024e-01 1.775539e-02 2.090916e-03 9.998402e-01 -8.979065e+00
9.999845e-01 2.237738e-04 5.557072e-03 1.170511e+01 -2.111739e-04 9.999974e-01 -2.267760e-03 -2.354632e-01 -5.557565e-03 2.266552e-03 9.999820e-01 -1.053195e+01
9.998271e-01 5.964415e-03 -1.761505e-02 1.186407e+01 -5.993487e-03 9.999808e-01 -1.598031e-03 -2.129712e-01 1.760518e-02 1.703330e-03 9.998436e-01 -1.193604e+01
9.999854e-01 1.103898e-04 5.410743e-03 1.199028e+01 -9.846381e-05 9.999976e-01 -2.204255e-03 -1.899593e-01 -5.410973e-03 2.203690e-03 9.999829e-01 -1.333729e+01
9.998314e-01 6.815621e-03 -1.704981e-02 1.205632e+01 -6.855626e-03 9.999739e-01 -2.288979e-03 -1.635653e-01 1.703377e-02 2.405480e-03 9.998520e-01 -1.483750e+01
9.999837e-01 2.089417e-04 5.708132e-03 1.215333e+01 -1.969734e-04 9.999978e-01 -2.097105e-03 -1.361734e-01 -5.708558e-03 2.095946e-03 9.999815e-01 -1.638650e+01
9.998298e-01 6.693594e-03 -1.719309e-02 1.224112e+01 -6.736159e-03 9.999744e-01 -2.418963e-03 -1.084857e-01 1.717645e-02 2.534366e-03 9.998493e-01 -1.792576e+01
9.999824e-01 5.804268e-04 5.904447e-03 1.232085e+01 -5.671766e-04 9.999973e-01 -2.245434e-03 -7.921414e-02 -5.905734e-03 2.242046e-03 9.999800e-01 -1.953322e+01
9.998272e-01 6.433712e-03 -1.743793e-02 1.239940e+01 -6.476559e-03 9.999761e-01 -2.401738e-03 -5.039002e-02 1.742206e-02 2.514260e-03 9.998451e-01 -2.110486e+01
9.999817e-01 4.687632e-04 6.024705e-03 1.245653e+01 -4.563988e-04 9.999978e-01 -2.053397e-03 -2.209455e-02 -6.025655e-03 2.050611e-03 9.999797e-01 -2.263161e+01
9.998228e-01 7.657114e-03 -1.719590e-02 1.250573e+01 -7.717433e-03 9.999643e-01 -3.444085e-03 1.076012e-02 1.716891e-02 3.576182e-03 9.998462e-01 -2.440533e+01
9.999907e-01 4.291122e-03 -5.258481e-04 1.339530e+01 -4.292157e-03 9.999888e-01 -1.984239e-03 4.405664e-02 5.173274e-04 1.986478e-03 9.999979e-01 -2.708940e+01
9.998019e-01 6.375048e-03 -1.885374e-02 1.463253e+01 -6.474064e-03 9.999655e-01 -5.195433e-03 7.587454e-02 1.881997e-02 5.316464e-03 9.998088e-01 -2.976337e+01
9.999609e-01 1.201728e-03 8.765686e-03 1.460494e+01 -1.200982e-03 9.999993e-01 -9.031059e-05 1.089552e-01 -8.765789e-03 7.978000e-05 9.999616e-01 -3.138931e+01
9.998347e-01 3.222636e-03 -1.789464e-02 1.444020e+01 -3.275689e-03 9.999903e-01 -2.936215e-03 1.354648e-01 1.788501e-02 2.994346e-03 9.998356e-01 -3.224985e+01
9.999659e-01 3.384654e-03 7.533731e-03 1.448107e+01 -3.373703e-03 9.999932e-01 -1.465682e-03 1.640784e-01 -7.538642e-03 1.440216e-03 9.999705e-01 -3.355512e+01
9.998239e-01 5.983334e-03 -1.778918e-02 1.448820e+01 -6.076652e-03 9.999680e-01 -5.196304e-03 2.047812e-01 1.775752e-02 5.303487e-03 9.998283e-01 -3.558440e+01
9.999732e-01 2.505607e-03 6.884236e-03 1.449587e+01 -2.501992e-03 9.999967e-01 -5.336186e-04 2.411501e-01 -6.885551e-03 5.163803e-04 9.999762e-01 -3.744061e+01
9.998157e-01 6.573791e-03 -1.803637e-02 1.452465e+01 -6.680620e-03 9.999605e-01 -5.869121e-03 2.801874e-01 1.799707e-02 5.988533e-03 9.998201e-01 -3.944967e+01
9.999800e-01 8.929299e-04 6.253339e-03 1.462288e+01 -8.986386e-04 9.999992e-01 9.102321e-04 3.114624e-01 -6.252521e-03 -9.158331e-04 9.999800e-01 -4.116131e+01
9.998168e-01 6.375034e-03 -1.805020e-02 1.485182e+01 -6.480671e-03 9.999622e-01 -5.799952e-03 3.380600e-01 1.801254e-02 5.915866e-03 9.998203e-01 -4.282163e+01
9.999839e-01 1.483235e-03 5.471699e-03 1.511370e+01 -1.487198e-03 9.999986e-01 7.204076e-04 3.657567e-01 -5.470623e-03 -7.285332e-04 9.999848e-01 -4.464217e+01
9.998223e-01 4.635641e-03 -1.827137e-02 1.546904e+01 -4.723026e-03 9.999776e-01 -4.742314e-03 3.858055e-01 1.824897e-02 4.827767e-03 9.998218e-01 -4.612636e+01
9.999763e-01 1.237395e-03 6.767433e-03 1.556024e+01 -1.244241e-03 9.999987e-01 1.007576e-03 4.078498e-01 -6.766178e-03 -1.015972e-03 9.999766e-01 -4.744208e+01
9.998171e-01 5.797360e-03 -1.822668e-02 1.568173e+01 -5.901322e-03 9.999666e-01 -5.655215e-03 4.345691e-01 1.819329e-02 5.761742e-03 9.998179e-01 -4.901466e+01
9.999746e-01 1.346329e-03 6.995603e-03 1.575320e+01 -1.353251e-03 9.999986e-01 9.850265e-04 4.631567e-01 -6.994268e-03 -9.944681e-04 9.999750e-01 -5.061367e+01
9.998148e-01 3.452641e-03 -1.893461e-02 1.594786e+01 -3.522285e-03 9.999871e-01 -3.646006e-03 4.797117e-01 1.892178e-02 3.712023e-03 9.998141e-01 -5.174401e+01
9.999789e-01 1.345166e-03 6.351771e-03 1.608704e+01 -1.350209e-03 9.999988e-01 7.898073e-04 4.945386e-01 -6.350701e-03 -7.983666e-04 9.999795e-01 -5.279015e+01
9.998284e-01 4.937256e-03 -1.785417e-02 1.620205e+01 -5.025194e-03 9.999754e-01 -4.883844e-03 5.179538e-01 1.782962e-02 4.972727e-03 9.998287e-01 -5.419457e+01
9.999772e-01 1.753328e-03 6.519461e-03 1.624158e+01 -1.756997e-03 9.999983e-01 5.572796e-04 5.445674e-01 -6.518473e-03 -5.687213e-04 9.999786e-01 -5.564716e+01
9.998299e-01 5.720790e-03 -1.753462e-02 1.620046e+01 -5.820837e-03 9.999670e-01 -5.659943e-03 5.761320e-01 1.750167e-02 5.761046e-03 9.998302e-01 -5.725040e+01
9.999762e-01 2.241691e-03 6.530839e-03 1.615186e+01 -2.243784e-03 9.999974e-01 3.132819e-04 6.102410e-01 -6.530120e-03 -3.279279e-04 9.999786e-01 -5.895206e+01
9.998257e-01 6.913108e-03 -1.734272e-02 1.612763e+01 -7.031980e-03 9.999521e-01 -6.802677e-03 6.500648e-01 1.729486e-02 6.923445e-03 9.998265e-01 -6.094000e+01
9.999802e-01 2.441779e-03 5.804054e-03 1.613411e+01 -2.443166e-03 9.999970e-01 2.319966e-04 6.920570e-01 -5.803470e-03 -2.461720e-04 9.999831e-01 -6.304372e+01
9.998461e-01 6.407552e-03 -1.633375e-02 1.608643e+01 -6.513166e-03 9.999582e-01 -6.420984e-03 7.306036e-01 1.629192e-02 6.526380e-03 9.998460e-01 -6.494370e+01
9.999906e-01 8.290756e-04 4.258763e-03 1.613541e+01 -8.361310e-04 9.999983e-01 1.655274e-03 7.617067e-01 -4.257384e-03 -1.658819e-03 9.999896e-01 -6.659956e+01
9.998590e-01 6.220184e-03 -1.559541e-02 1.614846e+01 -6.320976e-03 9.999594e-01 -6.421969e-03 7.885681e-01 1.555483e-02 6.519641e-03 9.998578e-01 -6.807175e+01
9.999869e-01 2.154843e-03 4.644459e-03 1.616083e+01 -2.158656e-03 9.999973e-01 8.162128e-04 8.243951e-01 -4.642688e-03 -8.262277e-04 9.999889e-01 -6.991263e+01
9.998590e-01 4.441278e-03 -1.619578e-02 1.625791e+01 -4.523451e-03 9.999771e-01 -5.040587e-03 8.494234e-01 1.617303e-02 5.113137e-03 9.998561e-01 -7.134806e+01
9.999821e-01 2.473324e-03 5.447604e-03 1.627146e+01 -2.476110e-03 9.999968e-01 5.049634e-04 8.777746e-01 -5.446338e-03 -5.184430e-04 9.999850e-01 -7.282780e+01
9.998628e-01 5.538340e-03 -1.560965e-02 1.619015e+01 -5.633547e-03 9.999658e-01 -6.061841e-03 9.139230e-01 1.557554e-02 6.148947e-03 9.998598e-01 -7.453966e+01
9.999819e-01 2.070556e-03 5.641219e-03 1.612481e+01 -2.075731e-03 9.999974e-01 9.117786e-04 9.479076e-01 -5.639317e-03 -9.234715e-04 9.999837e-01 -7.614755e+01
9.998601e-01 5.379555e-03 -1.583485e-02 1.616073e+01 -5.469992e-03 9.999689e-01 -5.673487e-03 9.790818e-01 1.580384e-02 5.759310e-03 9.998585e-01 -7.775202e+01
9.999878e-01 2.460484e-03 4.287139e-03 1.628342e+01 -2.462246e-03 9.999969e-01 4.060219e-04 1.012891e+00 -4.286127e-03 -4.165727e-04 9.999907e-01 -7.954693e+01
9.997918e-01 7.006931e-03 -1.916603e-02 1.667206e+01 -7.129434e-03 9.999545e-01 -6.330790e-03 1.044102e+00 1.912080e-02 6.466114e-03 9.997963e-01 -8.186558e+01
9.999837e-01 1.025956e-03 5.615249e-03 1.701053e+01 -1.033591e-03 9.999985e-01 1.357151e-03 1.075305e+00 -5.613849e-03 -1.362932e-03 9.999833e-01 -8.381581e+01
9.998415e-01 4.241415e-03 -1.729061e-02 1.706608e+01 -4.319216e-03 9.999807e-01 -4.464752e-03 1.095667e+00 1.727134e-02 4.538726e-03 9.998405e-01 -8.495891e+01
9.999803e-01 2.004339e-03 5.940299e-03 1.712084e+01 -2.007775e-03 9.999978e-01 5.725001e-04 1.119742e+00 -5.939139e-03 -5.844155e-04 9.999822e-01 -8.629948e+01
9.998312e-01 4.250291e-03 -1.787278e-02 1.729107e+01 -4.331788e-03 9.999804e-01 -4.523575e-03 1.143170e+00 1.785321e-02 4.600232e-03 9.998300e-01 -8.775367e+01
9.999808e-01 1.698155e-03 5.963992e-03 1.747093e+01 -1.703002e-03 9.999982e-01 8.079305e-04 1.164755e+00 -5.962610e-03 -8.180715e-04 9.999819e-01 -8.911513e+01
9.998295e-01 3.919949e-03 -1.804699e-02 1.766627e+01 -3.998922e-03 9.999826e-01 -4.341937e-03 1.185326e+00 1.802966e-02 4.413365e-03 9.998277e-01 -9.043386e+01
9.999735e-01 2.279074e-03 6.909738e-03 1.772649e+01 -2.281631e-03 9.999973e-01 3.622660e-04 1.210761e+00 -6.908894e-03 -3.780217e-04 9.999761e-01 -9.180159e+01
9.998358e-01 2.963183e-03 -1.787933e-02 1.779645e+01 -3.029652e-03 9.999886e-01 -3.691678e-03 1.230982e+00 1.786818e-02 3.745240e-03 9.998333e-01 -9.295916e+01
9.999664e-01 3.762465e-03 7.288015e-03 1.780646e+01 -3.757959e-03 9.999927e-01 -6.317881e-04 1.258456e+00 -7.290340e-03 6.043789e-04 9.999732e-01 -9.438719e+01
9.998256e-01 2.583761e-03 -1.849752e-02 1.787235e+01 -2.649346e-03 9.999903e-01 -3.521959e-03 1.285125e+00 1.848824e-02 3.570351e-03 9.998227e-01 -9.580033e+01
9.999686e-01 3.386685e-03 7.165573e-03 1.795005e+01 -3.385549e-03 9.999943e-01 -1.706626e-04 1.308513e+00 -7.166110e-03 1.463979e-04 9.999743e-01 -9.710579e+01
9.998150e-01 -1.073635e-03 -1.920238e-02 1.818393e+01 1.064271e-03 9.999993e-01 -4.978346e-04 1.311779e+00 1.920290e-02 4.773059e-04 9.998155e-01 -9.769660e+01
9.999422e-01 -3.666107e-04 1.074406e-02 1.834565e+01 3.811149e-04 9.999990e-01 -1.347915e-03 1.276149e+00 -1.074356e-02 1.351932e-03 9.999414e-01 -9.605688e+01
9.997309e-01 1.858288e-03 -2.312374e-02 1.856270e+01 -1.872269e-03 9.999981e-01 -5.829517e-04 1.238610e+00 2.312261e-02 6.260886e-04 9.997324e-01 -9.479332e+01
9.999199e-01 5.368170e-03 1.146312e-02 1.868497e+01 -5.322670e-03 9.999779e-01 -3.995988e-03 1.266613e+00 -1.148431e-02 3.934654e-03 9.999263e-01 -9.637726e+01
9.997414e-01 2.404221e-03 -2.261379e-02 1.871515e+01 -2.437839e-03 9.999960e-01 -1.459157e-03 1.300416e+00 2.261019e-02 1.513908e-03 9.997432e-01 -9.809957e+01
9.999140e-01 5.472645e-03 1.191707e-02 1.873872e+01 -5.428528e-03 9.999783e-01 -3.731163e-03 1.332491e+00 -1.193723e-02 3.666150e-03 9.999220e-01 -9.977390e+01
9.997283e-01 1.943979e-03 -2.322922e-02 1.882876e+01 -1.973174e-03 9.999973e-01 -1.233950e-03 1.362370e+00 2.322676e-02 1.279450e-03 9.997294e-01 -1.013913e+02
9.999132e-01 4.890967e-03 1.223045e-02 1.892722e+01 -4.854048e-03 9.999836e-01 -3.046420e-03 1.388738e+00 -1.224514e-02 2.986789e-03 9.999206e-01 -1.028661e+02
9.997093e-01 1.991835e-03 -2.402600e-02 1.905796e+01 -2.033084e-03 9.999965e-01 -1.692523e-03 1.417556e+00 2.402255e-02 1.740878e-03 9.997099e-01 -1.044427e+02
9.999322e-01 2.096709e-03 1.145286e-02 1.922079e+01 -2.094455e-03 9.999978e-01 -2.088275e-04 1.431878e+00 -1.145328e-02 1.848259e-04 9.999344e-01 -1.054048e+02
9.997248e-01 2.202454e-03 -2.335727e-02 1.933284e+01 -2.261270e-03 9.999943e-01 -2.491960e-03 1.445572e+00 2.335165e-02 2.544091e-03 9.997241e-01 -1.063114e+02
9.999266e-01 4.629471e-03 1.119303e-02 1.945862e+01 -4.609532e-03 9.999877e-01 -1.806497e-03 1.472470e+00 -1.120126e-02 1.754770e-03 9.999357e-01 -1.078490e+02
9.997368e-01 1.687998e-03 -2.288007e-02 1.971390e+01 -1.740370e-03 9.999959e-01 -2.269260e-03 1.493494e+00 2.287614e-02 2.308482e-03 9.997356e-01 -1.093167e+02
9.998904e-01 -3.011208e-03 1.449769e-02 1.985089e+01 2.990800e-03 9.999945e-01 1.429174e-03 1.472158e+00 -1.450192e-02 -1.385657e-03 9.998939e-01 -1.084730e+02
9.996671e-01 3.616509e-03 -2.554692e-02 1.995587e+01 -3.683937e-03 9.999899e-01 -2.592766e-03 1.442259e+00 2.553729e-02 2.686016e-03 9.996703e-01 -1.072921e+02
9.999116e-01 7.548634e-04 1.327553e-02 2.022179e+01 -7.525359e-04 9.999997e-01 -1.802877e-04 1.454223e+00 -1.327567e-02 1.702815e-04 9.999119e-01 -1.083305e+02
9.996740e-01 6.256160e-03 -2.475381e-02 2.027141e+01 -6.367629e-03 9.999699e-01 -4.426852e-03 1.483827e+00 2.472538e-02 4.583032e-03 9.996838e-01 -1.098933e+02
9.999076e-01 2.010016e-03 1.344435e-02 2.049416e+01 -2.002331e-03 9.999978e-01 -5.850302e-04 1.513186e+00 -1.344550e-02 5.580561e-04 9.999094e-01 -1.117005e+02
9.996662e-01 5.196689e-03 -2.530728e-02 2.078788e+01 -5.310759e-03 9.999760e-01 -4.442276e-03 1.541386e+00 2.528359e-02 4.575195e-03 9.996698e-01 -1.134682e+02
9.998924e-01 2.760502e-03 1.440569e-02 2.085827e+01 -2.748219e-03 9.999958e-01 -8.723046e-04 1.574645e+00 -1.440804e-02 8.326208e-04 9.998959e-01 -1.152170e+02
9.996472e-01 5.769907e-03 -2.592759e-02 2.096772e+01 -5.903560e-03 9.999697e-01 -5.081245e-03 1.610752e+00 2.589748e-02 5.232518e-03 9.996509e-01 -1.171482e+02
9.998922e-01 2.603856e-03 1.444806e-02 2.102407e+01 -2.596138e-03 9.999965e-01 -5.528645e-04 1.647504e+00 -1.444944e-02 5.152958e-04 9.998955e-01 -1.190332e+02
9.996524e-01 4.261880e-03 -2.601660e-02 2.110080e+01 -4.366559e-03 9.999826e-01 -3.968048e-03 1.675036e+00 2.599923e-02 4.080271e-03 9.996536e-01 -1.205618e+02
9.998878e-01 3.777074e-03 1.449508e-02 2.115178e+01 -3.758286e-03 9.999921e-01 -1.323181e-03 1.708439e+00 -1.449997e-02 1.268556e-03 9.998941e-01 -1.223290e+02
9.996506e-01 3.779444e-03 -2.615946e-02 2.123876e+01 -3.880369e-03 9.999852e-01 -3.808357e-03 1.740653e+00 2.614468e-02 3.908535e-03 9.996505e-01 -1.240429e+02
9.999105e-01 2.484062e-03 1.314487e-02 2.179340e+01 -2.497327e-03 9.999964e-01 9.928088e-04 1.758246e+00 -1.314236e-02 -1.025547e-03 9.999131e-01 -1.256393e+02
9.996143e-01 1.930665e-03 -2.770340e-02 2.254539e+01 -2.017843e-03 9.999931e-01 -3.119244e-03 1.770214e+00 2.769718e-02 3.173943e-03 9.996113e-01 -1.268528e+02
9.998186e-01 -2.773458e-03 1.884300e-02 2.279246e+01 2.711917e-03 9.999909e-01 3.290773e-03 1.758646e+00 -1.885195e-02 -3.239076e-03 9.998170e-01 -1.262467e+02
9.994689e-01 6.449061e-03 -3.194403e-02 2.318290e+01 -6.623810e-03 9.999637e-01 -5.367649e-03 1.758376e+00 3.190825e-02 5.576389e-03 9.994752e-01 -1.264437e+02
9.997741e-01 1.118704e-03 2.122317e-02 2.349617e+01 -1.136000e-03 9.999990e-01 8.029353e-04 1.802345e+00 -2.122225e-02 -8.268635e-04 9.997744e-01 -1.283073e+02
9.994647e-01 6.721405e-03 -3.201807e-02 2.361681e+01 -6.930049e-03 9.999554e-01 -6.409905e-03 1.839717e+00 3.197356e-02 6.628361e-03 9.994667e-01 -1.301428e+02
9.997930e-01 3.883255e-04 2.034354e-02 2.371521e+01 -4.243585e-04 9.999983e-01 1.766955e-03 1.868908e+00 -2.034282e-02 -1.775222e-03 9.997915e-01 -1.317469e+02
9.994588e-01 7.764549e-03 -3.196617e-02 2.378845e+01 -8.003263e-03 9.999410e-01 -7.346525e-03 1.903201e+00 3.190724e-02 7.598383e-03 9.994620e-01 -1.335741e+02
9.997784e-01 7.747620e-05 2.105201e-02 2.387037e+01 -1.227117e-04 9.999977e-01 2.147482e-03 1.936061e+00 -2.105179e-02 -2.149589e-03 9.997761e-01 -1.353142e+02
9.995328e-01 -9.904207e-04 -3.054689e-02 2.403995e+01 9.055920e-04 9.999957e-01 -2.790699e-03 1.915452e+00 3.054952e-02 2.761732e-03 9.995294e-01 -1.344346e+02
9.998322e-01 2.835184e-03 1.809747e-02 2.424911e+01 -2.855313e-03 9.999953e-01 1.086519e-03 1.887337e+00 -1.809430e-02 -1.138010e-03 9.998356e-01 -1.335432e+02
9.995580e-01 6.065187e-03 -2.910267e-02 2.433126e+01 -6.280719e-03 9.999535e-01 -7.320196e-03 1.923911e+00 2.905691e-02 7.499746e-03 9.995496e-01 -1.355236e+02
9.998342e-01 2.747021e-03 1.800170e-02 2.447562e+01 -2.775940e-03 9.999949e-01 1.581665e-03 1.959511e+00 -1.799726e-02 -1.631374e-03 9.998367e-01 -1.374737e+02
9.995597e-01 3.425792e-03 -2.947259e-02 2.464705e+01 -3.589787e-03 9.999784e-01 -5.513212e-03 1.983759e+00 2.945307e-02 5.616585e-03 9.995504e-01 -1.388985e+02
9.998416e-01 2.337028e-03 1.764174e-02 2.484664e+01 -2.371199e-03 9.999954e-01 1.916292e-03 2.005523e+00 -1.763718e-02 -1.957821e-03 9.998425e-01 -1.402381e+02
9.995706e-01 4.727381e-03 -2.891687e-02 2.492887e+01 -4.924673e-03 9.999651e-01 -6.755322e-03 2.034284e+00 2.888392e-02 6.894828e-03 9.995590e-01 -1.418213e+02
9.998360e-01 3.065842e-03 1.784660e-02 2.497526e+01 -3.095694e-03 9.999939e-01 1.645321e-03 2.067035e+00 -1.784145e-02 -1.700299e-03 9.998394e-01 -1.435412e+02
9.995729e-01 3.777065e-03 -2.898013e-02 2.500721e+01 -3.965039e-03 9.999715e-01 -6.431587e-03 2.096816e+00 2.895501e-02 6.543747e-03 9.995593e-01 -1.450859e+02
9.998290e-01 3.230527e-03 1.820552e-02 2.501937e+01 -3.266789e-03 9.999927e-01 1.962445e-03 2.125264e+00 -1.819905e-02 -2.021583e-03 9.998323e-01 -1.465911e+02
9.995579e-01 3.259616e-03 -2.955252e-02 2.509760e+01 -3.446743e-03 9.999743e-01 -6.283282e-03 2.151463e+00 2.953128e-02 6.382364e-03 9.995435e-01 -1.480402e+02
9.998243e-01 3.091460e-03 1.848859e-02 2.518269e+01 -3.134894e-03 9.999924e-01 2.320713e-03 2.176535e+00 -1.848128e-02 -2.378265e-03 9.998264e-01 -1.494449e+02
9.995347e-01 1.971876e-03 -3.043816e-02 2.535962e+01 -2.143670e-03 9.999820e-01 -5.612410e-03 2.195857e+00 3.042655e-02 5.675048e-03 9.995209e-01 -1.506567e+02
9.998179e-01 4.288215e-03 1.859264e-02 2.546469e+01 -4.318519e-03 9.999894e-01 1.590083e-03 2.220270e+00 -1.858562e-02 -1.670087e-03 9.998259e-01 -1.520585e+02
9.994567e-01 3.575887e-03 -3.276355e-02 2.582367e+01 -3.786171e-03 9.999726e-01 -6.358419e-03 2.249845e+00 3.273991e-02 6.479013e-03 9.994429e-01 -1.539356e+02
9.997635e-01 3.639774e-03 2.144118e-02 2.600269e+01 -3.676971e-03 9.999918e-01 1.695706e-03 2.279316e+00 -2.143483e-02 -1.774144e-03 9.997687e-01 -1.555767e+02
9.994522e-01 3.309447e-03 -3.292909e-02 2.608636e+01 -3.528121e-03 9.999721e-01 -6.584867e-03 2.309168e+00 3.290638e-02 6.697438e-03 9.994360e-01 -1.571736e+02
9.997562e-01 3.667070e-03 2.177547e-02 2.614296e+01 -3.708173e-03 9.999914e-01 1.847523e-03 2.338642e+00 -2.176851e-02 -1.927820e-03 9.997612e-01 -1.587213e+02
9.994137e-01 5.412277e-03 -3.380728e-02 2.620410e+01 -5.678334e-03 9.999536e-01 -7.778752e-03 2.372641e+00 3.376361e-02 7.966161e-03 9.993981e-01 -1.606527e+02
9.997364e-01 4.703311e-03 2.247093e-02 2.626964e+01 -4.714370e-03 9.999888e-01 4.391711e-04 2.414824e+00 -2.246861e-02 -5.449918e-04 9.997474e-01 -1.628929e+02
9.994312e-01 4.227740e-03 -3.345668e-02 2.634132e+01 -4.466774e-03 9.999650e-01 -7.073070e-03 2.453067e+00 3.342561e-02 7.218490e-03 9.994151e-01 -1.649066e+02
9.998125e-01 2.484250e-03 1.920311e-02 2.677510e+01 -2.548440e-03 9.999912e-01 3.318960e-03 2.474788e+00 -1.919470e-02 -3.367276e-03 9.998101e-01 -1.666005e+02
9.993236e-01 2.124647e-03 -3.671329e-02 2.764523e+01 -2.325949e-03 9.999825e-01 -5.441224e-03 2.485928e+00 3.670109e-02 5.522937e-03 9.993110e-01 -1.680568e+02
9.997431e-01 2.795201e-03 2.249161e-02 2.811851e+01 -2.859143e-03 9.999920e-01 2.811287e-03 2.502251e+00 -2.248357e-02 -2.874872e-03 9.997431e-01 -1.694419e+02
9.994059e-01 4.079743e-03 -3.422390e-02 2.824533e+01 -4.341812e-03 9.999618e-01 -7.586667e-03 2.532092e+00 3.419164e-02 7.730753e-03 9.993854e-01 -1.710633e+02
9.997235e-01 2.064367e-03 2.342416e-02 2.828870e+01 -2.153126e-03 9.999906e-01 3.764648e-03 2.556627e+00 -2.341617e-02 -3.814042e-03 9.997185e-01 -1.724024e+02
9.993974e-01 3.906687e-03 -3.448931e-02 2.844080e+01 -4.178868e-03 9.999607e-01 -7.823194e-03 2.579893e+00 3.445739e-02 7.962606e-03 9.993744e-01 -1.737888e+02
9.997429e-01 2.091029e-03 2.257617e-02 2.866198e+01 -2.179516e-03 9.999900e-01 3.895587e-03 2.601775e+00 -2.256779e-02 -3.943791e-03 9.997375e-01 -1.752327e+02
9.993817e-01 3.585595e-03 -3.497624e-02 2.896583e+01 -3.862823e-03 9.999616e-01 -7.861839e-03 2.623042e+00 3.494671e-02 7.992085e-03 9.993572e-01 -1.767139e+02
9.997420e-01 1.714940e-03 2.264724e-02 2.928050e+01 -1.815623e-03 9.999886e-01 4.425945e-03 2.641457e+00 -2.263939e-02 -4.465922e-03 9.997337e-01 -1.780812e+02
9.993874e-01 3.529759e-03 -3.481945e-02 2.964971e+01 -3.808475e-03 9.999612e-01 -7.941514e-03 2.658839e+00 3.479007e-02 8.069258e-03 9.993621e-01 -1.794520e+02
