9.999136e-01 1.071939e-03 -1.310372e-02 1.860192e-01 -1.079533e-03 9.999993e-01 -5.724863e-04 -1.459555e-02 1.310310e-02 5.865821e-04 9.999140e-01 2.966430e-01
9.999999e-01 4.310868e-04 -5.376164e-05 3.984885e-01 -4.310878e-04 9.999999e-01 -1.830529e-05 -1.774611e-02 5.375409e-05 1.832917e-05 1.000000e+00 1.431698e-01
9.999197e-01 5.666814e-04 -1.265886e-02 5.919583e-01 -5.717372e-04 9.999998e-01 -3.957651e-04 -2.643178e-02 1.265864e-02 4.029701e-04 9.999198e-01 2.289653e-01
9.999965e-01 -1.131181e-03 2.370885e-03 6.558926e-01 1.135114e-03 9.999980e-01 -1.657925e-03 -6.070218e-02 -2.369004e-03 1.660612e-03 9.999958e-01 1.590613e+00
9.998917e-01 2.069539e-03 -1.457315e-02 7.891911e-01 -2.047269e-03 9.999967e-01 1.542945e-03 -6.700295e-02 1.457630e-02 -1.512944e-03 9.998926e-01 1.668593e+00
9.999995e-01 -8.799722e-04 5.425919e-04 1.073887e+00 8.808510e-04 9.999983e-01 -1.621407e-03 -8.091327e-02 -5.411639e-04 1.621885e-03 9.999985e-01 1.769794e+00
9.998862e-01 2.903018e-03 -1.480547e-02 1.438535e+00 -2.885192e-03 9.999951e-01 1.225229e-03 -8.243511e-02 1.480895e-02 -1.182374e-03 9.998896e-01 1.315658e+00
9.999970e-01 -1.156974e-03 2.136969e-03 1.606754e+00 1.160809e-03 9.999977e-01 -1.794371e-03 -8.247973e-02 -2.134888e-03 1.796848e-03 9.999961e-01 1.036979e+00
9.998977e-01 1.921300e-03 -1.417046e-02 1.729289e+00 -1.896232e-03 9.999966e-01 1.782255e-03 -9.175061e-02 1.417384e-02 -1.755203e-03 9.998980e-01 1.273619e+00
9.999810e-01 -2.745714e-03 5.523505e-03 1.783211e+00 2.768806e-03 9.999874e-01 -4.177331e-03 -1.294718e-01 -5.511965e-03 4.192546e-03 9.999760e-01 3.024169e+00
9.998569e-01 3.303374e-03 -1.659106e-02 1.877412e+00 -3.266845e-03 9.999922e-01 2.228368e-03 -1.708796e-01 1.659829e-02 -2.173849e-03 9.998599e-01 4.806136e+00
9.999912e-01 -2.233190e-03 3.563888e-03 2.017940e+00 2.242461e-03 9.999941e-01 -2.599489e-03 -1.861768e-01 -3.558062e-03 2.607459e-03 9.999903e-01 5.234095e+00
9.998594e-01 4.069921e-03 -1.626522e-02 2.223674e+00 -4.040054e-03 9.999901e-01 1.868702e-03 -1.885793e-01 1.627267e-02 -1.802727e-03 9.998660e-01 4.992948e+00
9.999882e-01 -2.303849e-03 4.270990e-03 2.356534e+00 2.314979e-03 9.999939e-01 -2.602717e-03 -1.881394e-01 -4.264967e-03 2.612574e-03 9.999875e-01 4.837058e+00
9.998510e-01 4.089632e-03 -1.676858e-02 2.498707e+00 -4.053591e-03 9.999894e-01 2.182732e-03 -1.845461e-01 1.677733e-02 -2.114435e-03 9.998570e-01 4.595801e+00
9.999864e-01 -2.135561e-03 4.756941e-03 2.682236e+00 2.148537e-03 9.999940e-01 -2.724212e-03 -1.805138e-01 -4.751095e-03 2.734396e-03 9.999850e-01 4.201206e+00
9.998619e-01 2.615392e-03 -1.640909e-02 2.772809e+00 -2.568715e-03 9.999926e-01 2.865020e-03 -1.879374e-01 1.641646e-02 -2.822474e-03 9.998613e-01 4.512727e+00
9.999678e-01 -2.643963e-03 7.573112e-03 2.736137e+00 2.673836e-03 9.999887e-01 -3.937137e-03 -1.977983e-01 -7.562617e-03 3.957260e-03 9.999636e-01 5.265000e+00
9.998954e-01 2.530868e-03 -1.424082e-02 2.614294e+00 -2.502590e-03 9.999949e-01 2.003224e-03 -2.060645e-01 1.424581e-02 -1.967376e-03 9.998966e-01 6.388341e+00
9.999796e-01 -2.171148e-03 6.011252e-03 2.485197e+00 2.189530e-03 9.999929e-01 -3.052927e-03 -2.029703e-01 -6.004581e-03 3.066028e-03 9.999773e-01 7.159085e+00
9.998752e-01 3.537631e-03 -1.539759e-02 2.468935e+00 -3.507680e-03 9.999919e-01 1.971769e-03 -2.030045e-01 1.540444e-02 -1.917513e-03 9.998795e-01 7.304066e+00
9.999931e-01 4.754663e-05 3.703562e-03 2.591409e+00 -3.320722e-05 9.999925e-01 -3.871722e-03 -1.937485e-01 -3.703718e-03 3.871574e-03 9.999856e-01 6.607572e+00
9.998655e-01 3.938039e-03 -1.591966e-02 2.752620e+00 -3.905756e-03 9.999903e-01 2.058456e-03 -1.815032e-01 1.592761e-02 -1.996002e-03 9.998712e-01 5.731191e+00
9.999922e-01 -4.661968e-04 3.927026e-03 2.884937e+00 4.804627e-04 9.999933e-01 -3.632570e-03 -1.720782e-01 -3.925305e-03 3.634429e-03 9.999857e-01 5.015970e+00
9.998856e-01 2.824905e-03 -1.486117e-02 2.980307e+00 -2.784712e-03 9.999924e-01 2.724553e-03 -1.646748e-01 1.486876e-02 -2.682857e-03 9.998859e-01 4.578247e+00
9.999916e-01 1.790468e-04 4.094825e-03 3.050241e+00 -1.609217e-04 9.999902e-01 -4.426214e-03 -1.554488e-01 -4.095577e-03 4.425518e-03 9.999818e-01 4.098320e+00
9.998647e-01 5.392229e-03 -1.554237e-02 3.146709e+00 -5.375549e-03 9.999849e-01 1.114795e-03 -1.359082e-01 1.554814e-02 -1.031096e-03 9.998786e-01 2.923437e+00
9.999950e-01 -1.580972e-03 2.755610e-03 3.342907e+00 1.588360e-03 9.999951e-01 -2.680888e-03 -1.227993e-01 -2.751358e-03 2.685252e-03 9.999926e-01 2.051897e+00
9.998529e-01 3.049006e-03 -1.687913e-02 3.633864e+00 -3.007004e-03 9.999923e-01 2.513239e-03 -1.262409e-01 1.688666e-02 -2.462114e-03 9.998544e-01 1.854061e+00
9.999922e-01 -1.159999e-03 3.764637e-03 3.824437e+00 1.170791e-03 9.999952e-01 -2.865863e-03 -1.279382e-01 -3.761295e-03 2.870249e-03 9.999888e-01 1.664120e+00
9.998882e-01 3.112721e-03 -1.462323e-02 3.866803e+00 -3.085228e-03 9.999934e-01 1.902258e-03 -1.200365e-01 1.462905e-02 -1.856930e-03 9.998913e-01 1.391031e+00
9.999742e-01 -2.530492e-03 6.716243e-03 3.744699e+00 2.549358e-03 9.999928e-01 -2.801885e-03 -1.142541e-01 -6.709104e-03 2.818936e-03 9.999735e-01 1.565236e+00
9.998639e-01 3.406168e-03 -1.614324e-02 3.672897e+00 -3.375161e-03 9.999924e-01 1.947591e-03 -1.089552e-01 1.614975e-02 -1.892841e-03 9.998678e-01 1.710948e+00
9.999863e-01 -4.843807e-04 5.216240e-03 3.715956e+00 5.037384e-04 9.999930e-01 -3.710336e-03 -9.694307e-02 -5.214406e-03 3.712914e-03 9.999795e-01 1.171335e+00
9.998564e-01 4.151227e-03 -1.642916e-02 3.778059e+00 -4.124124e-03 9.999901e-01 1.683263e-03 -8.423278e-02 1.643598e-02 -1.615267e-03 9.998636e-01 4.119253e-01
9.999793e-01 -2.119853e-03 6.077851e-03 3.765095e+00 2.134574e-03 9.999948e-01 -2.416443e-03 -7.616146e-02 -6.072697e-03 2.429367e-03 9.999786e-01 4.224353e-02
9.998592e-01 4.959603e-03 -1.602986e-02 3.724315e+00 -4.951076e-03 9.999876e-01 5.715920e-04 -6.652591e-02 1.603250e-02 -4.921472e-04 9.998714e-01 -4.216649e-01
9.999900e-01 -1.244417e-03 4.295197e-03 3.834141e+00 1.254706e-03 9.999963e-01 -2.393455e-03 -5.390356e-02 -4.292203e-03 2.398821e-03 9.999879e-01 -1.236198e+00
9.998658e-01 5.411205e-03 -1.546423e-02 3.893561e+00 -5.413226e-03 9.999853e-01 -8.880031e-05 -3.771422e-02 1.546353e-02 1.724991e-04 9.998804e-01 -2.114686e+00
9.999856e-01 3.262989e-03 4.249656e-03 3.919361e+00 -3.239988e-03 9.999801e-01 -5.408051e-03 -4.218534e-03 -4.267218e-03 5.394205e-03 9.999763e-01 -3.918183e+00
9.998581e-01 6.019293e-03 -1.573053e-02 4.023940e+00 -6.034803e-03 9.999813e-01 -9.386521e-04 3.608014e-02 1.572459e-02 1.033449e-03 9.998758e-01 -6.012999e+00
9.999867e-01 1.573969e-03 4.916158e-03 4.048179e+00 -1.553982e-03 9.999905e-01 -4.066613e-03 6.804207e-02 -4.922511e-03 4.058920e-03 9.999796e-01 -7.655014e+00
9.998592e-01 4.238294e-03 -1.623805e-02 4.108065e+00 -4.231789e-03 9.999910e-01 4.349086e-04 9.186592e-02 1.623974e-02 -3.661321e-04 9.998681e-01 -8.935079e+00
9.999854e-01 1.055352e-04 5.394939e-03 4.139800e+00 -8.952514e-05 9.999956e-01 -2.967726e-03 1.083537e-01 -5.395229e-03 2.967201e-03 9.999810e-01 -9.834183e+00
9.998571e-01 2.986930e-03 -1.663888e-02 4.195538e+00 -2.967592e-03 9.999949e-01 1.186765e-03 1.194509e-01 1.664234e-02 -1.137218e-03 9.998609e-01 -1.044306e+01
9.999846e-01 4.695976e-04 5.538289e-03 4.204570e+00 -4.510441e-04 9.999943e-01 -3.350777e-03 1.328587e-01 -5.539831e-03 3.348228e-03 9.999790e-01 -1.106434e+01
9.999124e-01 3.020260e-03 -1.288919e-02 4.085832e+00 -3.009971e-03 9.999951e-01 8.176446e-04 1.529161e-01 1.289160e-02 -7.787775e-04 9.999166e-01 -1.150935e+01
9.999921e-01 6.560934e-05 3.977922e-03 3.905259e+00 -5.055897e-05 9.999928e-01 -3.783400e-03 1.788919e-01 -3.978142e-03 3.783169e-03 9.999849e-01 -1.184830e+01
9.999025e-01 3.446490e-03 -1.353340e-02 3.829070e+00 -3.431336e-03 9.999935e-01 1.142785e-03 1.954555e-01 1.353725e-02 -1.096237e-03 9.999078e-01 -1.246335e+01
9.999926e-01 1.339252e-03 3.619086e-03 3.743610e+00 -1.323576e-03 9.999897e-01 -4.330375e-03 2.162821e-01 -3.624848e-03 4.325553e-03 9.999841e-01 -1.339229e+01
9.999048e-01 4.077766e-03 -1.317946e-02 3.652386e+00 -4.071456e-03 9.999916e-01 5.056129e-04 2.408346e-01 1.318141e-02 -4.519058e-04 9.999130e-01 -1.446228e+01
9.999931e-01 1.407372e-03 3.434680e-03 3.539379e+00 -1.392791e-03 9.999900e-01 -4.243858e-03 2.675379e-01 -3.440618e-03 4.239046e-03 9.999851e-01 -1.556745e+01
9.999036e-01 3.372382e-03 -1.346704e-02 3.500261e+00 -3.357715e-03 9.999937e-01 1.111574e-03 2.879713e-01 1.347071e-02 -1.066249e-03 9.999087e-01 -1.653237e+01
9.999948e-01 9.700966e-04 3.081037e-03 3.496362e+00 -9.586464e-04 9.999926e-01 -3.715563e-03 3.053133e-01 -3.084618e-03 3.712591e-03 9.999884e-01 -1.740700e+01
9.999037e-01 4.108996e-03 -1.325752e-02 3.464833e+00 -4.104285e-03 9.999915e-01 3.825542e-04 3.265488e-01 1.325898e-02 -3.281054e-04 9.999120e-01 -1.845167e+01
9.999958e-01 7.818143e-04 2.799599e-03 3.452782e+00 -7.722350e-04 9.999939e-01 -3.421015e-03 3.463637e-01 -2.802256e-03 3.418839e-03 9.999902e-01 -1.944951e+01
9.999120e-01 3.189989e-03 -1.287618e-02 3.366715e+00 -3.178319e-03 9.999945e-01 9.267165e-04 3.643895e-01 1.287907e-02 -8.857110e-04 9.999167e-01 -2.023312e+01
9.999936e-01 6.586948e-04 3.517071e-03 3.225674e+00 -6.453834e-04 9.999926e-01 -3.784515e-03 3.827177e-01 -3.519538e-03 3.782222e-03 9.999867e-01 -2.088511e+01
9.999397e-01 3.025239e-03 -1.055521e-02 3.097181e+00 -3.011130e-03 9.999946e-01 1.352301e-03 4.044214e-01 1.055924e-02 -1.320437e-03 9.999434e-01 -2.143619e+01
9.999982e-01 6.672482e-04 1.748325e-03 3.230219e+00 -6.601381e-04 9.999915e-01 -4.064060e-03 4.196654e-01 -1.751022e-03 4.062899e-03 9.999902e-01 -2.176709e+01
9.999062e-01 1.961149e-03 -1.355870e-02 3.422793e+00 -1.929057e-03 9.999953e-01 2.379575e-03 4.282473e-01 1.356331e-02 -2.353197e-03 9.999052e-01 -2.211992e+01
9.999879e-01 2.945722e-03 3.948409e-03 3.325651e+00 -2.923156e-03 9.999794e-01 -5.708860e-03 4.518782e-01 -3.965145e-03 5.697249e-03 9.999759e-01 -2.308818e+01
9.999159e-01 -7.956990e-04 -1.294805e-02 3.138929e+00 8.553953e-04 9.999890e-01 4.605584e-03 4.662371e-01 1.294425e-02 -4.616273e-03 9.999056e-01 -2.342938e+01
9.999919e-01 1.984000e-03 3.510906e-03 3.088060e+00 -1.964099e-03 9.999820e-01 -5.662385e-03 4.676003e-01 -3.522077e-03 5.655444e-03 9.999778e-01 -2.330937e+01
9.999531e-01 -2.671804e-04 -9.683989e-03 2.792066e+00 3.015487e-04 9.999937e-01 3.547726e-03 4.819938e-01 9.682980e-03 -3.550480e-03 9.999468e-01 -2.329818e+01
9.999703e-01 2.283953e-03 7.358240e-03 2.147977e+00 -2.231326e-03 9.999719e-01 -7.152462e-03 5.204812e-01 -7.374369e-03 7.135832e-03 9.999473e-01 -2.302935e+01
9.999378e-01 -1.113740e-04 -1.115006e-02 1.571184e+00 1.529014e-04 9.999931e-01 3.723646e-03 5.552284e-01 1.114957e-02 -3.725120e-03 9.999309e-01 -2.298609e+01
9.999786e-01 1.487073e-03 6.368004e-03 1.218927e+00 -1.449516e-03 9.999816e-01 -5.898267e-03 5.730290e-01 -6.376658e-03 5.888911e-03 9.999623e-01 -2.272411e+01
9.999373e-01 -1.401203e-03 -1.111333e-02 9.492785e-01 1.441539e-03 9.999924e-01 3.622357e-03 5.823958e-01 1.110817e-02 -3.638151e-03 9.999317e-01 -2.203449e+01
9.999889e-01 2.393958e-03 4.060948e-03 7.264746e-01 -2.372993e-03 9.999839e-01 -5.159500e-03 5.909391e-01 -4.073234e-03 5.149807e-03 9.999784e-01 -2.166107e+01
9.998981e-01 -4.390125e-04 -1.427092e-02 7.055627e-01 4.923299e-04 9.999929e-01 3.732813e-03 5.988661e-01 1.426918e-02 -3.739460e-03 9.998912e-01 -2.194449e+01
9.999943e-01 2.084895e-03 2.671623e-03 8.099017e-01 -2.073272e-03 9.999884e-01 -4.345914e-03 6.028701e-01 -2.680652e-03 4.340351e-03 9.999870e-01 -2.221955e+01
9.998666e-01 -5.847533e-04 -1.632093e-02 1.060148e+00 6.387434e-04 9.999943e-01 3.303031e-03 5.936621e-01 1.631890e-02 -3.313016e-03 9.998613e-01 -2.225632e+01
9.999818e-01 3.289832e-03 5.055365e-03 1.081651e+00 -3.265208e-03 9.999828e-01 -4.871472e-03 6.046875e-01 -5.071304e-03 4.854877e-03 9.999754e-01 -2.273595e+01
9.999074e-01 2.497085e-04 -1.360493e-02 8.932445e-01 -2.223695e-04 9.999980e-01 2.010994e-03 6.223714e-01 1.360540e-02 -2.007783e-03 9.999054e-01 -2.327058e+01
9.999889e-01 4.095286e-03 2.345731e-03 9.511781e-01 -4.084527e-03 9.999812e-01 -4.572932e-03 6.383071e-01 -2.364415e-03 4.563300e-03 9.999868e-01 -2.416223e+01
9.999064e-01 -1.978136e-03 -1.353965e-02 1.008255e+00 2.028115e-03 9.999912e-01 3.678540e-03 6.446554e-01 1.353225e-02 -3.705657e-03 9.999016e-01 -2.456130e+01
9.999905e-01 3.110760e-03 3.054404e-03 1.074922e+00 -3.097464e-03 9.999858e-01 -4.347965e-03 6.391368e-01 -3.067886e-03 4.338463e-03 9.999859e-01 -2.440973e+01
9.999172e-01 -2.958349e-03 -1.252256e-02 1.099617e+00 3.003306e-03 9.999891e-01 3.572855e-03 6.245520e-01 1.251185e-02 -3.610169e-03 9.999152e-01 -2.373188e+01
9.999885e-01 2.975165e-03 3.773052e-03 1.073275e+00 -2.955914e-03 9.999826e-01 -5.097482e-03 6.085558e-01 -3.788152e-03 5.086270e-03 9.999799e-01 -2.280934e+01
9.999263e-01 -2.920367e-03 -1.178638e-02 9.898191e-01 2.966959e-03 9.999878e-01 3.937529e-03 6.027977e-01 1.177473e-02 -3.972209e-03 9.999228e-01 -2.217388e+01
9.999828e-01 2.710679e-03 5.203218e-03 8.550776e-01 -2.681529e-03 9.999807e-01 -5.601053e-03 6.017375e-01 -5.218300e-03 5.587005e-03 9.999708e-01 -2.164026e+01
9.999281e-01 -2.146565e-03 -1.180156e-02 6.515936e-01 2.197013e-03 9.999885e-01 4.263456e-03 6.098373e-01 1.179227e-02 -4.289078e-03 9.999213e-01 -2.123869e+01
9.999837e-01 3.503900e-03 4.501500e-03 4.289570e-01 -3.477072e-03 9.999762e-01 -5.953827e-03 6.216255e-01 -4.522254e-03 5.938079e-03 9.999721e-01 -2.120385e+01
9.999165e-01 -1.083483e-03 -1.288016e-02 2.202487e-01 1.134895e-03 9.999914e-01 3.984898e-03 6.377920e-01 1.287573e-02 -3.999183e-03 9.999091e-01 -2.153291e+01
9.999869e-01 4.391115e-03 2.631697e-03 1.871948e-01 -4.375412e-03 9.999728e-01 -5.943226e-03 6.514969e-01 -2.657723e-03 5.931634e-03 9.999789e-01 -2.215337e+01
9.999339e-01 -5.888483e-04 -1.148629e-02 4.627182e-02 6.247662e-04 9.999949e-01 3.123722e-03 6.748364e-01 1.148439e-02 -3.130692e-03 9.999292e-01 -2.287109e+01
9.999918e-01 3.453810e-03 2.101532e-03 -8.573296e-02 -3.443279e-03 9.999816e-01 -4.993840e-03 6.933547e-01 -2.118741e-03 4.986563e-03 9.999853e-01 -2.337447e+01
9.999220e-01 -6.608058e-04 -1.246902e-02 -7.780851e-02 6.989827e-04 9.999951e-01 3.057663e-03 7.050604e-01 1.246694e-02 -3.066141e-03 9.999176e-01 -2.383282e+01
9.999970e-01 1.880081e-03 1.562904e-03 -5.974818e-03 -1.873954e-03 9.999906e-01 -3.911940e-03 7.015797e-01 -1.570244e-03 3.909000e-03 9.999911e-01 -2.375520e+01
9.999408e-01 -1.809711e-03 -1.072939e-02 -2.328904e-02 1.843958e-03 9.999932e-01 3.182943e-03 6.941319e-01 1.072356e-02 -3.202540e-03 9.999374e-01 -2.332571e+01
9.999963e-01 2.474172e-03 1.103835e-03 3.096230e-03 -2.469571e-03 9.999883e-01 -4.149584e-03 6.840388e-01 -1.114089e-03 4.146843e-03 9.999908e-01 -2.282584e+01
9.999112e-01 -1.092303e-03 -1.328347e-02 8.982600e-02 1.138360e-03 9.999934e-01 3.460202e-03 6.789754e-01 1.327960e-02 -3.475016e-03 9.999058e-01 -2.282071e+01
9.999941e-01 1.628594e-03 3.010520e-03 1.179637e-01 -1.617013e-03 9.999913e-01 -3.844989e-03 6.716188e-01 -3.016755e-03 3.840099e-03 9.999881e-01 -2.253154e+01
9.999099e-01 -1.117865e-03 -1.337504e-02 1.473528e-01 1.162991e-03 9.999937e-01 3.366611e-03 6.667938e-01 1.337119e-02 -3.381863e-03 9.999049e-01 -2.234165e+01
9.999913e-01 3.531524e-03 2.220604e-03 1.988958e-01 -3.520997e-03 9.999826e-01 -4.726691e-03 6.722296e-01 -2.237257e-03 4.718831e-03 9.999864e-01 -2.269768e+01
9.999124e-01 -2.496242e-03 -1.300023e-02 2.481959e-01 2.548477e-03 9.999887e-01 4.003046e-03 6.697995e-01 1.299009e-02 -4.035827e-03 9.999075e-01 -2.267947e+01
9.999901e-01 2.513802e-03 3.671673e-03 2.360013e-01 -2.495855e-03 9.999850e-01 -4.884353e-03 6.596314e-01 -3.683896e-03 4.875141e-03 9.999813e-01 -2.218395e+01
9.999056e-01 -2.397014e-03 -1.352780e-02 2.224620e-01 2.448894e-03 9.999897e-01 3.819823e-03 6.473165e-01 1.351850e-02 -3.852592e-03 9.999012e-01 -2.147253e+01
9.999913e-01 2.870536e-03 3.040819e-03 2.623587e-01 -2.857927e-03 9.999873e-01 -4.142967e-03 6.347469e-01 -3.052673e-03 4.134241e-03 9.999868e-01 -2.097967e+01
9.999045e-01 -6.912239e-04 -1.380243e-02 3.208904e-01 7.309617e-04 9.999956e-01 2.874230e-03 6.384204e-01 1.380038e-02 -2.884045e-03 9.999006e-01 -2.127278e+01
9.999923e-01 3.013999e-03 2.523877e-03 3.941200e-01 -3.004377e-03 9.999882e-01 -3.807622e-03 6.452627e-01 -2.535324e-03 3.800010e-03 9.999896e-01 -2.173546e+01
9.999056e-01 -8.461204e-04 -1.371293e-02 4.757873e-01 8.800613e-04 9.999966e-01 2.469289e-03 6.499409e-01 1.371079e-02 -2.481125e-03 9.999029e-01 -2.208963e+01
9.999795e-01 6.395477e-03 1.240240e-04 6.705209e-01 -6.394743e-03 9.999660e-01 -5.212456e-03 6.664872e-01 -1.573558e-04 5.211557e-03 9.999864e-01 -2.327752e+01
9.999243e-01 -5.011626e-04 -1.229057e-02 9.076364e-01 5.220479e-04 9.999984e-01 1.696185e-03 6.874538e-01 1.228970e-02 -1.702474e-03 9.999230e-01 -2.462267e+01
9.999922e-01 3.937952e-03 3.025816e-04 1.073583e+00 -3.936927e-03 9.999868e-01 -3.314797e-03 6.979911e-01 -3.156311e-04 3.313580e-03 9.999945e-01 -2.540690e+01
9.999311e-01 2.087933e-03 -1.155331e-02 1.102855e+00 -2.095831e-03 9.999976e-01 -6.714859e-04 7.206654e-01 1.155188e-02 6.956528e-04 9.999330e-01 -2.665115e+01
9.999964e-01 2.674551e-03 -1.440577e-04 1.205761e+00 -2.674855e-03 9.999941e-01 -2.158578e-03 7.395736e-01 1.382836e-04 2.158956e-03 9.999977e-01 -2.773153e+01
9.999344e-01 -2.247549e-03 -1.123035e-02 1.303978e+00 2.269449e-03 9.999955e-01 1.937725e-03 7.292537e-01 1.122595e-02 -1.963085e-03 9.999351e-01 -2.743493e+01
9.999869e-01 5.119320e-03 -9.323637e-05 1.409400e+00 -5.119634e-03 9.999798e-01 -3.758751e-03 7.286142e-01 7.399227e-05 3.759179e-03 9.999929e-01 -2.766601e+01
9.999301e-01 1.128600e-03 -1.176702e-02 1.530137e+00 -1.130870e-03 9.999993e-01 -1.862265e-04 7.535728e-01 1.176680e-02 1.995199e-04 9.999307e-01 -2.907357e+01
9.999933e-01 3.560504e-03 8.026520e-04 1.596951e+00 -3.558328e-03 9.999900e-01 -2.694888e-03 7.728391e-01 -8.122392e-04 2.692014e-03 9.999960e-01 -3.007514e+01
9.999199e-01 -1.564446e-03 -1.256040e-02 1.713534e+00 1.585246e-03 9.999974e-01 1.646244e-03 7.748815e-01 1.255779e-02 -1.666024e-03 9.999198e-01 -3.038541e+01
9.999044e-01 1.313821e-03 1.376654e-02 1.062789e+00 -1.229394e-03 9.999804e-01 -6.139383e-03 8.052815e-01 -1.377434e-02 6.121872e-03 9.998864e-01 -2.944208e+01
9.998679e-01 8.358027e-04 -1.623078e-02 3.132825e-01 -7.901620e-04 9.999957e-01 2.818218e-03 8.556937e-01 1.623306e-02 -2.805021e-03 9.998643e-01 -2.864524e+01
9.999862e-01 1.736916e-03 4.965572e-03 3.880127e-01 -1.715837e-03 9.999895e-01 -4.246129e-03 8.652994e-01 -4.972895e-03 4.237551e-03 9.999787e-01 -2.911812e+01
9.998338e-01 9.508218e-04 -1.820481e-02 5.754726e-01 -8.901423e-04 9.999940e-01 3.340993e-03 8.689840e-01 1.820788e-02 -3.324233e-03 9.998287e-01 -2.962119e+01
9.999746e-01 4.205407e-03 5.757254e-03 7.127364e-01 -4.168357e-03 9.999706e-01 -6.432197e-03 8.862690e-01 -5.784135e-03 6.408036e-03 9.999627e-01 -3.067439e+01
9.998284e-01 -1.567634e-03 -1.846103e-02 8.494190e-01 1.665887e-03 9.999845e-01 5.308032e-03 8.940901e-01 1.845242e-02 -5.337875e-03 9.998155e-01 -3.126736e+01
9.999701e-01 5.206439e-03 5.721367e-03 1.029975e+00 -5.165236e-03 9.999608e-01 -7.192822e-03 9.003714e-01 -5.758591e-03 7.163055e-03 9.999578e-01 -3.192649e+01
9.998382e-01 7.202512e-04 -1.797386e-02 1.135386e+00 -6.563570e-04 9.999934e-01 3.560512e-03 9.222586e-01 1.797631e-02 -3.548139e-03 9.998321e-01 -3.320280e+01
9.999418e-01 7.532682e-03 7.723149e-03 1.113103e+00 -7.461994e-03 9.999304e-01 -9.141048e-03 9.572968e-01 -7.791468e-03 9.082887e-03 9.999284e-01 -3.491996e+01
9.998572e-01 -7.540381e-04 -1.688157e-02 1.004039e+00 8.189465e-04 9.999923e-01 3.838377e-03 9.961183e-01 1.687855e-02 -3.851654e-03 9.998501e-01 -3.638602e+01
9.999594e-01 4.385072e-03 7.870062e-03 7.555562e-01 -4.331194e-03 9.999672e-01 -6.849894e-03 1.028496e+00 -7.899841e-03 6.815529e-03 9.999456e-01 -3.703171e+01
9.998055e-01 -2.000619e-03 -1.962213e-02 8.483801e-01 2.106225e-03 9.999834e-01 5.362866e-03 1.039569e+00 1.961108e-02 -5.403152e-03 9.997931e-01 -3.747476e+01
9.999664e-01 3.992194e-03 7.162523e-03 1.004236e+00 -3.948219e-03 9.999733e-01 -6.143128e-03 1.046438e+00 -7.186857e-03 6.114643e-03 9.999555e-01 -3.790382e+01
9.998039e-01 -1.878996e-03 -1.971243e-02 1.182886e+00 1.982541e-03 9.999843e-01 5.234589e-03 1.053112e+00 1.970229e-02 -5.272643e-03 9.997920e-01 -3.835562e+01
9.999609e-01 4.504370e-03 7.608159e-03 1.347603e+00 -4.454539e-03 9.999686e-01 -6.553894e-03 1.063113e+00 -7.637441e-03 6.519747e-03 9.999496e-01 -3.891923e+01
9.997573e-01 -1.407393e-03 -2.198565e-02 1.646823e+00 1.533701e-03 9.999824e-01 5.729224e-03 1.070556e+00 2.197720e-02 -5.761553e-03 9.997419e-01 -3.967261e+01
9.999617e-01 4.077186e-03 7.748826e-03 1.987498e+00 -4.025553e-03 9.999697e-01 -6.667149e-03 1.074390e+00 -7.775774e-03 6.635700e-03 9.999478e-01 -4.027075e+01
9.997876e-01 -2.030196e-03 -2.050911e-02 2.182759e+00 2.155677e-03 9.999791e-01 6.098046e-03 1.076370e+00 2.049630e-02 -6.140962e-03 9.997711e-01 -4.067280e+01
9.999642e-01 3.528135e-03 7.687713e-03 2.405971e+00 -3.478298e-03 9.999729e-01 -6.486320e-03 1.074926e+00 -7.710389e-03 6.459348e-03 9.999494e-01 -4.089590e+01
9.997908e-01 -2.554090e-03 -2.029196e-02 2.608803e+00 2.679976e-03 9.999773e-01 6.178959e-03 1.066185e+00 2.027572e-02 -6.232049e-03 9.997750e-01 -4.082906e+01
9.999890e-01 3.580816e-03 3.018560e-03 3.041112e+00 -3.562873e-03 9.999761e-01 -5.928604e-03 1.037388e+00 -3.039717e-03 5.917785e-03 9.999779e-01 -4.029683e+01
9.998015e-01 -2.033129e-03 -1.982077e-02 3.422926e+00 2.128179e-03 9.999863e-01 4.775569e-03 1.010581e+00 1.981079e-02 -4.816803e-03 9.997921e-01 -3.983619e+01
9.999689e-01 3.041854e-03 7.281076e-03 3.589303e+00 -3.004572e-03 9.999823e-01 -5.125778e-03 9.998877e-01 -7.296540e-03 5.103742e-03 9.999604e-01 -3.966330e+01
9.998141e-01 -2.494557e-03 -1.911793e-02 3.693487e+00 2.586843e-03 9.999851e-01 4.803992e-03 9.877215e-01 1.910567e-02 -4.852555e-03 9.998057e-01 -3.934949e+01
9.999627e-01 2.689005e-03 8.202551e-03 3.766619e+00 -2.642323e-03 9.999803e-01 -5.696564e-03 9.661242e-01 -8.217708e-03 5.674678e-03 9.999501e-01 -3.860523e+01
9.997685e-01 -1.923021e-03 -2.142862e-02 3.886877e+00 2.034920e-03 9.999844e-01 5.201396e-03 9.438990e-01 2.141828e-02 -5.243798e-03 9.997569e-01 -3.792630e+01
9.999809e-01 4.187513e-03 4.550963e-03 4.310820e+00 -4.163240e-03 9.999771e-01 -5.329994e-03 9.282866e-01 -4.573179e-03 5.310946e-03 9.999754e-01 -3.809057e+01
9.998060e-01 -3.548370e-03 -1.937296e-02 4.559009e+00 3.648030e-03 9.999803e-01 5.111415e-03 9.044247e-01 1.935444e-02 -5.181097e-03 9.997993e-01 -3.756338e+01
9.999543e-01 4.013570e-03 8.673249e-03 4.595759e+00 -3.966138e-03 9.999771e-01 -5.479027e-03 8.913538e-01 -8.695041e-03 5.444378e-03 9.999474e-01 -3.707218e+01
9.998146e-01 -3.805334e-03 -1.887603e-02 4.622272e+00 3.901597e-03 9.999796e-01 5.065610e-03 8.803214e-01 1.885637e-02 -5.138318e-03 9.998090e-01 -3.665242e+01
9.999526e-01 4.303814e-03 8.738758e-03 4.638954e+00 -4.257076e-03 9.999766e-01 -5.359840e-03 8.715401e-01 -8.761622e-03 5.322384e-03 9.999475e-01 -3.627496e+01
9.998292e-01 -3.636553e-03 -1.812039e-02 4.602085e+00 3.722990e-03 9.999818e-01 4.738770e-03 8.728965e-01 1.810283e-02 -4.805423e-03 9.998246e-01 -3.610447e+01
9.999478e-01 3.684455e-03 9.533009e-03 4.577852e+00 -3.632723e-03 9.999786e-01 -5.438170e-03 8.646990e-01 -9.552842e-03 5.403255e-03 9.999398e-01 -3.551511e+01
9.998792e-01 -4.067585e-03 -1.500101e-02 4.407771e+00 4.112129e-03 9.999872e-01 2.939802e-03 8.586903e-01 1.498886e-02 -3.001133e-03 9.998832e-01 -3.428738e+01
9.999785e-01 4.552071e-03 4.724728e-03 4.381007e+00 -4.531448e-03 9.999802e-01 -4.366210e-03 8.466568e-01 -4.744510e-03 4.344706e-03 9.999793e-01 -3.337668e+01
9.998625e-01 -4.519298e-03 -1.595756e-02 4.436458e+00 4.579040e-03 9.999826e-01 3.709308e-03 8.324527e-01 1.594052e-02 -3.781868e-03 9.998658e-01 -3.288796e+01
9.999657e-01 4.750017e-03 6.787687e-03 4.428407e+00 -4.718828e-03 9.999783e-01 -4.603554e-03 8.207095e-01 -6.809407e-03 4.571366e-03 9.999664e-01 -3.218081e+01
9.999609e-01 -5.669931e-03 -6.781266e-03 3.944306e+00 5.678473e-03 9.999831e-01 1.241010e-03 8.410780e-01 6.774115e-03 -1.279469e-03 9.999762e-01 -3.105771e+01
9.999759e-01 5.967929e-03 3.545555e-03 3.387850e+00 -5.951702e-03 9.999718e-01 -4.569368e-03 8.732956e-01 -3.572725e-03 4.548156e-03 9.999833e-01 -2.978078e+01
9.999240e-01 -6.454905e-03 -1.050700e-02 3.256879e+00 6.481672e-03 9.999758e-01 2.515478e-03 8.684286e-01 1.049051e-02 -2.583390e-03 9.999416e-01 -2.889706e+01
9.999656e-01 6.314554e-03 5.378367e-03 2.985390e+00 -6.287594e-03 9.999677e-01 -5.014777e-03 8.753203e-01 -5.409859e-03 4.980788e-03 9.999730e-01 -2.788619e+01
9.999066e-01 -6.304394e-03 -1.212537e-02 2.799040e+00 6.342783e-03 9.999750e-01 3.130206e-03 8.817520e-01 1.210533e-02 -3.206823e-03 9.999216e-01 -2.700475e+01
9.999678e-01 5.941081e-03 5.397422e-03 2.665165e+00 -5.913176e-03 9.999691e-01 -5.171448e-03 8.774521e-01 -5.427980e-03 5.139366e-03 9.999721e-01 -2.598811e+01
9.999020e-01 -6.184128e-03 -1.255957e-02 2.527974e+00 6.221680e-03 9.999763e-01 2.953086e-03 8.720339e-01 1.254101e-02 -3.030938e-03 9.999168e-01 -2.489535e+01
9.999769e-01 6.461764e-03 2.085444e-03 2.563404e+00 -6.454016e-03 9.999723e-01 -3.700807e-03 8.559574e-01 -2.109300e-03 3.687263e-03 9.999910e-01 -2.420686e+01
9.998825e-01 -5.886674e-03 -1.415346e-02 2.685393e+00 5.934048e-03 9.999769e-01 3.307533e-03 8.414750e-01 1.413366e-02 -3.391132e-03 9.998944e-01 -2.382732e+01
9.999650e-01 6.079198e-03 5.751581e-03 2.649981e+00 -6.056465e-03 9.999738e-01 -3.961616e-03 8.415348e-01 -5.775514e-03 3.926643e-03 9.999756e-01 -2.348932e+01
9.999077e-01 -5.313143e-03 -1.250348e-02 2.429983e+00 5.346247e-03 9.999823e-01 2.615689e-03 8.565613e-01 1.248936e-02 -2.682295e-03 9.999184e-01 -2.314878e+01
9.999683e-01 7.628411e-03 2.276113e-03 2.369007e+00 -7.618425e-03 9.999615e-01 -4.364297e-03 8.718612e-01 -2.309318e-03 4.346819e-03 9.999879e-01 -2.340604e+01
9.999212e-01 -7.953747e-03 -9.717001e-03 2.306321e+00 7.983733e-03 9.999635e-01 3.051029e-03 8.676209e-01 9.692380e-03 -3.128367e-03 9.999481e-01 -2.284667e+01
9.999615e-01 7.734289e-03 4.141578e-03 2.021972e+00 -7.710537e-03 9.999539e-01 -5.720525e-03 8.738064e-01 -4.185631e-03 5.688371e-03 9.999751e-01 -2.170711e+01
9.999213e-01 -7.589686e-03 -9.992750e-03 1.717769e+00 7.626452e-03 9.999643e-01 3.646304e-03 8.894806e-01 9.964719e-03 -3.722227e-03 9.999434e-01 -2.085225e+01
9.999676e-01 7.887453e-03 1.601775e-03 1.618483e+00 -7.880264e-03 9.999591e-01 -4.445392e-03 8.897994e-01 -1.636772e-03 4.432626e-03 9.999888e-01 -2.034463e+01
9.999444e-01 -7.642125e-03 -7.265049e-03 1.356504e+00 7.664427e-03 9.999660e-01 3.046981e-03 9.075474e-01 7.241517e-03 -3.102494e-03 9.999690e-01 -1.981540e+01
9.999679e-01 7.872702e-03 1.481500e-03 1.086968e+00 -7.865582e-03 9.999578e-01 -4.751694e-03 9.229082e-01 -1.518846e-03 4.739889e-03 9.999876e-01 -1.920931e+01
9.999527e-01 -7.693085e-03 -5.944576e-03 7.374330e-01 7.709559e-03 9.999665e-01 2.753330e-03 9.454098e-01 5.923195e-03 -2.799030e-03 9.999785e-01 -1.857766e+01
9.999660e-01 8.215669e-03 7.104088e-04 4.097786e-01 -8.212305e-03 9.999556e-01 -4.614945e-03 9.646635e-01 -7.482923e-04 4.608954e-03 9.999891e-01 -1.793187e+01
9.999482e-01 -7.632210e-03 -6.736724e-03 1.711119e-01 7.652333e-03 9.999663e-01 2.966389e-03 9.757381e-01 6.713857e-03 -3.017788e-03 9.999729e-01 -1.745282e+01
9.999530e-01 8.924246e-03 3.786433e-03 -4.008118e-01 -8.901882e-03 9.999431e-01 -5.882334e-03 1.015048e+00 -3.838713e-03 5.848352e-03 9.999755e-01 -1.718370e+01
9.999161e-01 -6.822620e-03 -1.101346e-02 -7.820099e-01 6.858928e-03 9.999712e-01 3.262374e-03 1.049671e+00 1.099089e-02 -3.337641e-03 9.999340e-01 -1.725758e+01
9.999602e-01 8.724566e-03 -1.844929e-03 -5.503056e-01 -8.731158e-03 9.999554e-01 -3.596017e-03 1.054475e+00 1.813473e-03 3.611982e-03 9.999918e-01 -1.770861e+01
9.999320e-01 -7.257907e-03 -9.127603e-03 -4.467883e-01 7.284286e-03 9.999694e-01 2.860185e-03 1.060753e+00 9.106565e-03 -2.926479e-03 9.999543e-01 -1.792311e+01
9.999661e-01 8.174829e-03 -9.675485e-04 -4.429061e-01 -8.178057e-03 9.999608e-01 -3.380490e-03 1.068750e+00 9.398755e-04 3.388289e-03 9.999938e-01 -1.783333e+01
9.999212e-01 -6.903692e-03 -1.048408e-02 -3.035153e-01 6.934189e-03 9.999718e-01 2.875410e-03 1.071180e+00 1.046394e-02 -2.947882e-03 9.999409e-01 -1.798430e+01
9.999658e-01 8.268863e-03 -3.449451e-04 -2.138092e-01 -8.270027e-03 9.999596e-01 -3.524160e-03 1.073962e+00 3.157902e-04 3.526892e-03 9.999937e-01 -1.809355e+01
9.999219e-01 -3.887324e-03 -1.187778e-02 -9.145960e-02 3.899522e-03 9.999919e-01 1.004037e-03 1.086711e+00 1.187379e-02 -1.050276e-03 9.999290e-01 -1.893927e+01
9.999650e-01 8.308973e-03 -9.899961e-04 1.852110e-01 -8.312041e-03 9.999605e-01 -3.136595e-03 1.100601e+00 9.638949e-04 3.144714e-03 9.999946e-01 -1.999951e+01
9.999108e-01 -5.446330e-03 -1.219737e-02 4.724513e-01 5.470978e-03 9.999831e-01 1.988335e-03 1.106716e+00 1.218634e-02 -2.054890e-03 9.999236e-01 -2.070559e+01
9.999686e-01 7.915853e-03 -4.228646e-04 6.638090e-01 -7.917071e-03 9.999643e-01 -2.962647e-03 1.110634e+00 3.993974e-04 2.965902e-03 9.999955e-01 -2.118178e+01
9.999154e-01 -5.343668e-03 -1.186242e-02 8.874547e-01 5.368933e-03 9.999834e-01 2.099103e-03 1.113835e+00 1.185101e-02 -2.162614e-03 9.999274e-01 -2.171266e+01
9.999764e-01 6.816963e-03 -8.998803e-04 1.114203e+00 -6.819350e-03 9.999732e-01 -2.677798e-03 1.110095e+00 8.816014e-04 2.683872e-03 9.999960e-01 -2.189025e+01
9.999413e-01 -4.438461e-03 -9.883581e-03 1.165377e+00 4.451795e-03 9.999892e-01 1.327554e-03 1.117979e+00 9.877582e-03 -1.371477e-03 9.999503e-01 -2.226983e+01
9.999819e-01 5.944954e-03 -8.749310e-04 1.232404e+00 -5.946573e-03 9.999806e-01 -1.860766e-03 1.121459e+00 8.638516e-04 1.865935e-03 9.999979e-01 -2.250484e+01
9.999383e-01 -4.308413e-03 -1.024274e-02 1.320310e+00 4.317314e-03 9.999903e-01 8.471393e-04 1.120943e+00 1.023899e-02 -8.913084e-04 9.999472e-01 -2.258027e+01
9.999688e-01 7.657340e-03 -1.963471e-03 1.492847e+00 -7.661918e-03 9.999679e-01 -2.335098e-03 1.129085e+00 1.945527e-03 2.350069e-03 9.999953e-01 -2.326715e+01
9.999346e-01 -4.465376e-03 -1.052966e-02 1.724739e+00 4.476336e-03 9.999895e-01 1.017507e-03 1.135972e+00 1.052500e-02 -1.064575e-03 9.999440e-01 -2.396638e+01
9.999610e-01 8.756774e-03 -1.162209e-03 1.855993e+00 -8.760592e-03 9.999561e-01 -3.322591e-03 1.149263e+00 1.133063e-03 3.332643e-03 9.999938e-01 -2.483652e+01
9.999478e-01 -3.622696e-03 -9.549353e-03 1.899053e+00 3.624649e-03 9.999934e-01 1.873029e-04 1.168456e+00 9.548612e-03 -2.219065e-04 9.999544e-01 -2.589973e+01
9.999775e-01 6.163226e-03 -2.663132e-03 2.076098e+00 -6.166059e-03 9.999804e-01 -1.057256e-03 1.174631e+00 2.656564e-03 1.073653e-03 9.999959e-01 -2.647244e+01
9.999534e-01 -3.476861e-03 -9.004428e-03 2.211497e+00 3.476547e-03 9.999940e-01 -5.041921e-05 1.179681e+00 9.004550e-03 1.911223e-05 9.999595e-01 -2.699706e+01
9.999722e-01 6.988150e-03 -2.592986e-03 2.318421e+00 -6.992314e-03 9.999743e-01 -1.600410e-03 1.189232e+00 2.581735e-03 1.618497e-03 9.999954e-01 -2.770918e+01
9.999597e-01 -1.967738e-03 -8.764095e-03 2.407794e+00 1.954803e-03 9.999970e-01 -1.484212e-03 1.208523e+00 8.766989e-03 1.467019e-03 9.999605e-01 -2.881043e+01
9.999846e-01 4.603973e-03 -3.105996e-03 2.521341e+00 -4.602334e-03 9.999893e-01 5.346166e-04 1.216836e+00 3.108424e-03 -5.203132e-04 9.999950e-01 -2.939668e+01
9.999615e-01 -4.773095e-04 -8.764454e-03 2.597339e+00 4.509512e-04 9.999954e-01 -3.009070e-03 1.229611e+00 8.765850e-03 3.005001e-03 9.999571e-01 -3.023103e+01
9.999849e-01 4.816376e-03 -2.650209e-03 2.687157e+00 -4.814879e-03 9.999882e-01 5.708184e-04 1.245349e+00 2.652926e-03 -5.580491e-04 9.999963e-01 -3.117481e+01
9.999585e-01 -1.594223e-03 -8.969467e-03 2.791414e+00 1.574039e-03 9.999962e-01 -2.256819e-03 1.255671e+00 8.973031e-03 2.242607e-03 9.999572e-01 -3.183287e+01
9.999834e-01 5.373019e-03 -2.068316e-03 2.887099e+00 -5.372584e-03 9.999855e-01 2.157493e-04 1.268828e+00 2.069446e-03 -2.046333e-04 9.999978e-01 -3.262831e+01
9.999543e-01 -1.575513e-03 -9.432626e-03 2.984114e+00 1.553914e-03 9.999962e-01 -2.296550e-03 1.282258e+00 9.436208e-03 2.281788e-03 9.999529e-01 -3.343527e+01
9.999780e-01 5.590498e-03 -3.562795e-03 3.165762e+00 -5.587915e-03 9.999841e-01 7.345638e-04 1.292592e+00 3.566845e-03 -7.146388e-04 9.999934e-01 -3.425832e+01
9.999598e-01 7.249381e-04 -8.939282e-03 3.377382e+00 -7.636893e-04 9.999903e-01 -4.332212e-03 1.314934e+00 8.936055e-03 4.338864e-03 9.999507e-01 -3.562454e+01
9.999761e-01 6.424876e-03 -2.539576e-03 3.482615e+00 -6.425786e-03 9.999793e-01 -3.506733e-04 1.344553e+00 2.537271e-03 3.669840e-04 9.999967e-01 -3.721024e+01
9.999623e-01 -1.177165e-03 -8.601565e-03 3.565227e+00 1.152140e-03 9.999951e-01 -2.913618e-03 1.365596e+00 8.604953e-03 2.903598e-03 9.999588e-01 -3.835892e+01
9.999946e-01 2.557515e-03 -2.049193e-03 3.566234e+00 -2.552684e-03 9.999940e-01 2.356386e-03 1.368073e+00 2.055206e-03 -2.351142e-03 9.999951e-01 -3.847783e+01
9.999626e-01 -9.447186e-05 -8.644761e-03 3.537663e+00 5.868653e-05 9.999914e-01 -4.139629e-03 1.373373e+00 8.645079e-03 4.138967e-03 9.999541e-01 -3.872086e+01
9.999868e-01 3.784422e-03 -3.481917e-03 3.719202e+00 -3.775774e-03 9.999898e-01 2.486709e-03 1.384200e+00 3.491292e-03 -2.473529e-03 9.999908e-01 -3.953377e+01
9.999509e-01 -2.250741e-03 -9.651441e-03 3.976329e+00 2.224912e-03 9.999939e-01 -2.686013e-03 1.382825e+00 9.657428e-03 2.664407e-03 9.999498e-01 -3.987565e+01
9.999950e-01 2.606614e-03 -1.797526e-03 4.072650e+00 -2.602117e-03 9.999935e-01 2.499402e-03 1.370549e+00 1.804029e-03 -2.494712e-03 9.999953e-01 -3.954040e+01
9.999536e-01 -1.665799e-03 -9.492776e-03 4.166852e+00 1.637526e-03 9.999942e-01 -2.985255e-03 1.363438e+00 9.497694e-03 2.969572e-03 9.999505e-01 -3.939039e+01
9.999931e-01 2.874324e-03 -2.359150e-03 4.318959e+00 -2.867798e-03 9.999921e-01 2.764649e-03 1.362167e+00 2.367077e-03 -2.757864e-03 9.999934e-01 -3.957687e+01
9.999710e-01 -2.705054e-03 -7.114431e-03 4.328932e+00 2.683558e-03 9.999918e-01 -3.029306e-03 1.357292e+00 7.122568e-03 3.010126e-03 9.999701e-01 -3.919905e+01
9.999928e-01 3.068534e-03 -2.225620e-03 4.263377e+00 -3.062497e-03 9.999916e-01 2.710701e-03 1.359567e+00 2.233918e-03 -2.703865e-03 9.999938e-01 -3.876565e+01
9.999660e-01 -2.983364e-03 -7.686132e-03 4.297297e+00 2.959682e-03 9.999908e-01 -3.090472e-03 1.350763e+00 7.695282e-03 3.067618e-03 9.999657e-01 -3.838076e+01
9.999905e-01 3.238325e-03 -2.915142e-03 4.346059e+00 -3.230267e-03 9.999910e-01 2.764345e-03 1.337983e+00 2.924067e-03 -2.754902e-03 9.999919e-01 -3.792198e+01
9.999674e-01 -2.951357e-03 -7.521498e-03 4.386156e+00 2.928324e-03 9.999910e-01 -3.071486e-03 1.327432e+00 7.530496e-03 3.049360e-03 9.999670e-01 -3.744500e+01
9.999818e-01 4.043651e-03 -4.467286e-03 4.615883e+00 -4.028492e-03 9.999861e-01 3.396934e-03 1.324715e+00 4.480960e-03 -3.378875e-03 9.999843e-01 -3.757950e+01
9.999728e-01 -1.563063e-03 -7.206606e-03 4.752510e+00 1.530990e-03 9.999889e-01 -4.453680e-03 1.331799e+00 7.213487e-03 4.442525e-03 9.999641e-01 -3.803703e+01
9.999689e-01 5.866247e-03 -5.277611e-03 4.980643e+00 -5.853249e-03 9.999798e-01 2.474746e-03 1.343244e+00 5.292022e-03 -2.443778e-03 9.999830e-01 -3.900163e+01
9.999749e-01 8.393340e-04 -7.031941e-03 5.137527e+00 -8.870387e-04 9.999766e-01 -6.783541e-03 1.368447e+00 7.026083e-03 6.789608e-03 9.999523e-01 -4.048588e+01
9.999696e-01 7.055405e-03 -3.329626e-03 5.075948e+00 -7.051283e-03 9.999744e-01 1.247979e-03 1.403636e+00 3.338345e-03 -1.224463e-03 9.999937e-01 -4.217822e+01
9.999785e-01 1.577434e-04 -6.561452e-03 5.012149e+00 -1.991340e-04 9.999801e-01 -6.307872e-03 1.436539e+00 6.560327e-03 6.309043e-03 9.999586e-01 -4.371100e+01
9.999722e-01 6.244524e-03 -4.067783e-03 4.999607e+00 -6.236163e-03 9.999784e-01 2.064721e-03 1.464187e+00 4.080589e-03 -2.039296e-03 9.999896e-01 -4.509599e+01
9.999793e-01 -2.047289e-04 -6.428806e-03 5.006306e+00 1.655994e-04 9.999815e-01 -6.086441e-03 1.490202e+00 6.429933e-03 6.085250e-03 9.999608e-01 -4.639071e+01
9.999828e-01 4.274852e-03 -4.015994e-03 5.019120e+00 -4.260483e-03 9.999845e-01 3.579448e-03 1.506539e+00 4.031233e-03 -3.562276e-03 9.999855e-01 -4.723837e+01
9.999781e-01 -4.959322e-04 -6.604565e-03 5.051368e+00 4.577651e-04 9.999832e-01 -5.779076e-03 1.520446e+00 6.607321e-03 5.775926e-03 9.999615e-01 -4.800727e+01
9.999799e-01 3.709521e-03 -5.145733e-03 5.155928e+00 -3.687537e-03 9.999841e-01 4.275152e-03 1.530251e+00 5.161510e-03 -4.256091e-03 9.999776e-01 -4.870028e+01
9.999807e-01 -1.016713e-04 -6.209794e-03 5.266002e+00 6.361020e-05 9.999812e-01 -6.128997e-03 1.540882e+00 6.210300e-03 6.128483e-03 9.999619e-01 -4.943090e+01
9.999753e-01 4.769847e-03 -5.168720e-03 5.364967e+00 -4.751666e-03 9.999825e-01 3.523857e-03 1.556711e+00 5.185438e-03 -3.499209e-03 9.999804e-01 -5.042673e+01
9.999777e-01 -3.157375e-04 -6.677824e-03 5.518634e+00 2.754190e-04 9.999817e-01 -6.037638e-03 1.572985e+00 6.679608e-03 6.035664e-03 9.999595e-01 -5.143701e+01
9.999803e-01 4.035972e-03 -4.801572e-03 5.627639e+00 -4.016164e-03 9.999834e-01 4.127717e-03 1.585284e+00 4.818152e-03 -4.108352e-03 9.999800e-01 -5.224251e+01
9.999774e-01 -5.163510e-04 -6.701552e-03 5.737440e+00 4.765853e-04 9.999823e-01 -5.933961e-03 1.596450e+00 6.704498e-03 5.930633e-03 9.999599e-01 -5.298813e+01
9.999732e-01 5.048860e-03 -5.308915e-03 5.910630e+00 -5.028824e-03 9.999802e-01 3.780596e-03 1.608431e+00 5.327897e-03 -3.753797e-03 9.999788e-01 -5.394519e+01
9.999708e-01 -2.126807e-03 -7.333706e-03 6.155348e+00 2.089923e-03 9.999851e-01 -5.033276e-03 1.612959e+00 7.344302e-03 5.017802e-03 9.999604e-01 -5.458401e+01
9.999776e-01 3.851062e-03 -5.467504e-03 6.346696e+00 -3.826864e-03 9.999829e-01 4.429333e-03 1.607367e+00 5.484467e-03 -4.408311e-03 9.999752e-01 -5.475482e+01
9.999713e-01 -1.874223e-03 -7.341113e-03 6.582549e+00 1.838095e-03 9.999862e-01 -4.925005e-03 1.606107e+00 7.350243e-03 4.911370e-03 9.999609e-01 -5.513444e+01
9.999740e-01 3.835791e-03 -6.113534e-03 6.834263e+00 -3.807930e-03 9.999823e-01 4.562348e-03 1.607089e+00 6.130926e-03 -4.538949e-03 9.999709e-01 -5.556518e+01
9.999768e-01 7.372972e-04 -6.776683e-03 7.032467e+00 -7.832872e-04 9.999767e-01 -6.786275e-03 1.620892e+00 6.771521e-03 6.791426e-03 9.999540e-01 -5.655626e+01
9.999795e-01 1.458304e-03 -6.229905e-03 7.268910e+00 -1.419823e-03 9.999799e-01 6.176741e-03 1.621308e+00 6.238787e-03 -6.167769e-03 9.999615e-01 -5.700961e+01
9.999726e-01 -2.943759e-04 -7.399005e-03 7.482717e+00 2.443270e-04 9.999771e-01 -6.764185e-03 1.605416e+00 7.400827e-03 6.762192e-03 9.999497e-01 -5.676360e+01
9.999799e-01 4.110892e-03 -4.831771e-03 7.647306e+00 -4.087096e-03 9.999795e-01 4.924311e-03 1.616337e+00 4.851915e-03 -4.904464e-03 9.999762e-01 -5.756609e+01
9.999786e-01 -4.859685e-04 -6.523456e-03 7.783529e+00 4.418429e-04 9.999770e-01 -6.763789e-03 1.626629e+00 6.526594e-03 6.760761e-03 9.999558e-01 -5.831879e+01
9.999801e-01 3.224118e-03 -5.416935e-03 7.928925e+00 -3.192973e-03 9.999784e-01 5.748346e-03 1.632535e+00 5.435351e-03 -5.730936e-03 9.999688e-01 -5.888357e+01
9.999679e-01 -1.316504e-03 -7.908954e-03 8.245360e+00 1.272278e-03 9.999835e-01 -5.594186e-03 1.631805e+00 7.916189e-03 5.583944e-03 9.999531e-01 -5.933954e+01
9.999765e-01 3.961148e-03 -5.591987e-03 8.525720e+00 -3.934650e-03 9.999810e-01 4.741520e-03 1.636070e+00 5.610662e-03 -4.719406e-03 9.999731e-01 -5.995404e+01
9.999822e-01 1.650643e-03 -5.738470e-03 8.597854e+00 -1.697628e-03 9.999650e-01 -8.192367e-03 1.657238e+00 5.724747e-03 8.201963e-03 9.999500e-01 -6.113899e+01
9.999663e-01 5.207719e-03 -6.351846e-03 8.772311e+00 -5.179702e-03 9.999768e-01 4.419380e-03 1.682097e+00 6.374713e-03 -4.386330e-03 9.999701e-01 -6.264303e+01
9.999473e-01 1.257020e-03 -1.018964e-02 9.332048e+00 -1.319969e-03 9.999801e-01 -6.173318e-03 1.694745e+00 1.018168e-02 6.186443e-03 9.999290e-01 -6.415910e+01
