1.000000e+00 1.197625e-11 1.704638e-10 5.551115e-17 1.197625e-11 1.000000e+00 3.562503e-10 0.000000e+00 1.704638e-10 3.562503e-10 1.000000e+00 2.220446e-16 0.000000e+00 0.000000e+00 0.000000e+00 1.000000e+00
9.479764e-01 8.925469e-02 -3.055721e-01 7.090952e-02 -4.357777e-02 9.872383e-01 1.531715e-01 -1.687866e-02 3.153437e-01 -1.318869e-01 9.397682e-01 6.851133e-01
9.821149e-01 -4.318253e-02 1.832636e-01 8.023486e-02 4.716318e-02 9.987354e-01 -1.741613e-02 -3.480849e-02 -1.822798e-01 2.574793e-02 9.829095e-01 1.449537e+00
9.457373e-01 1.170928e-01 -3.031009e-01 9.976433e-02 -6.528292e-02 9.822645e-01 1.757684e-01 -5.480247e-02 3.183065e-01 -1.464435e-01 9.366084e-01 2.320263e+00
9.566057e-01 -9.582971e-02 2.751767e-01 1.136182e-01 1.007668e-01 9.949027e-01 -3.826245e-03 -7.736841e-02 -2.734073e-01 3.138889e-02 9.613861e-01 3.328726e+00
9.787941e-01 1.132793e-01 -1.706751e-01 1.547128e-01 -9.308261e-02 9.881513e-01 1.220353e-01 -9.543628e-02 1.824769e-01 -1.035605e-01 9.777410e-01 4.016833e+00
9.826291e-01 -9.700601e-02 1.582081e-01 2.354531e-01 9.475491e-02 9.952635e-01 2.172840e-02 -1.132683e-01 -1.595665e-01 -6.359965e-03 9.871667e-01 4.653050e+00
9.743247e-01 1.390348e-01 -1.770897e-01 2.860314e-01 -1.146981e-01 9.833458e-01 1.409798e-01 -1.341699e-01 1.937415e-01 -1.170483e-01 9.740451e-01 5.497325e+00
9.936078e-01 -4.222625e-02 -1.046925e-01 2.681449e-01 5.105420e-02 9.952301e-01 8.312933e-02 -1.631851e-01 1.006829e-01 -8.794294e-02 9.910242e-01 7.004581e+00
9.688772e-01 1.443844e-01 -2.010723e-01 2.235778e-01 -1.149901e-01 9.818321e-01 1.509405e-01 -1.952122e-01 2.192127e-01 -1.231215e-01 9.678775e-01 8.743805e+00
9.966643e-01 -8.130483e-02 7.061327e-03 2.248724e-01 8.087461e-02 9.955648e-01 4.806311e-02 -2.246870e-01 -1.093777e-02 -4.733170e-02 9.988193e-01 1.021198e+01
9.375751e-01 2.272328e-01 -2.632834e-01 2.205726e-01 -1.590854e-01 9.534050e-01 2.563412e-01 -2.611118e-01 3.092648e-01 -1.984546e-01 9.300382e-01 1.214725e+01
9.823232e-01 -1.449944e-01 1.183964e-01 2.525183e-01 1.423683e-01 9.893471e-01 3.039019e-02 -3.042099e-01 -1.215415e-01 -1.299710e-02 9.925013e-01 1.435414e+01
9.730173e-01 2.098069e-01 -9.601211e-02 2.453826e-01 -1.919396e-01 9.669519e-01 1.678188e-01 -3.362082e-01 1.280486e-01 -1.448621e-01 9.811312e-01 1.596034e+01
9.643052e-01 -2.100351e-01 1.612474e-01 2.564748e-01 2.113781e-01 9.773631e-01 8.977334e-03 -3.623077e-01 -1.594828e-01 2.542727e-02 9.868732e-01 1.715082e+01
9.690745e-01 2.273157e-01 -9.603189e-02 2.786982e-01 -2.136376e-01 9.676033e-01 1.345466e-01 -3.811077e-01 1.235053e-01 -1.098696e-01 9.862429e-01 1.790710e+01
9.761313e-01 -2.134493e-01 4.008848e-02 2.857327e-01 2.146048e-01 9.763247e-01 -2.710645e-02 -3.959905e-01 -3.335352e-02 3.506264e-02 9.988284e-01 1.849432e+01
9.633640e-01 2.506636e-01 -9.538082e-02 2.898531e-01 -2.336191e-01 9.589717e-01 1.606098e-01 -4.118775e-01 1.317265e-01 -1.324429e-01 9.823986e-01 1.914394e+01
9.665844e-01 -2.368810e-01 9.798952e-02 3.424801e-01 2.352770e-01 9.715312e-01 2.778089e-02 -4.364767e-01 -1.017806e-01 -3.797901e-03 9.947996e-01 2.018865e+01
9.570690e-01 2.178386e-01 1.912205e-01 4.456696e-01 -2.409445e-01 9.646174e-01 1.070472e-01 -4.666155e-01 -1.611356e-01 -1.485251e-01 9.756924e-01 2.141795e+01
9.417527e-01 -2.839282e-01 1.802406e-01 5.547319e-01 2.646996e-01 9.563871e-01 1.235223e-01 -4.992616e-01 -2.074513e-01 -6.861782e-02 9.758358e-01 2.274461e+01
7.972376e-01 3.880570e-01 -4.624111e-01 4.630267e-01 -3.495992e-01 9.212738e-01 1.703963e-01 -5.140087e-01 4.921308e-01 2.581222e-02 8.701385e-01 2.354000e+01
9.529236e-01 -2.974986e-01 5.857596e-02 4.022911e-01 2.970198e-01 9.547214e-01 1.692099e-02 -5.334397e-01 -6.095769e-02 1.273806e-03 9.981395e-01 2.457519e+01
8.238730e-01 4.093971e-01 -3.919532e-01 2.936118e-01 -3.197679e-01 9.067283e-01 2.749405e-01 -5.491680e-01 4.679549e-01 -1.011820e-01 8.779410e-01 2.547981e+01
9.394953e-01 -1.799632e-01 -2.914820e-01 6.592008e-02 1.273810e-01 9.734041e-01 -1.904167e-01 -5.543964e-01 3.179978e-01 1.417663e-01 9.374325e-01 2.613450e+01
9.460717e-01 2.574588e-01 -1.966296e-01 -5.579551e-02 -1.836340e-01 9.262257e-01 3.292181e-01 -5.643914e-01 2.668835e-01 -2.753561e-01 9.235541e-01 2.677161e+01
9.444181e-01 -2.040019e-01 2.577941e-01 2.861554e-02 2.447332e-01 9.598635e-01 -1.369950e-01 -5.859338e-01 -2.194999e-01 1.924713e-01 9.564385e-01 2.755896e+01
7.561957e-01 3.915057e-01 -5.243008e-01 1.359382e-02 -1.822550e-01 8.955714e-01 4.058755e-01 -6.000797e-01 6.284514e-01 -2.113648e-01 7.485811e-01 2.817654e+01
9.003065e-01 2.307481e-02 -4.346443e-01 -3.596289e-01 -1.322685e-01 9.658728e-01 -2.226989e-01 -5.971698e-01 4.146724e-01 2.579870e-01 8.726337e-01 2.880679e+01
8.263043e-01 8.520996e-02 -5.567409e-01 -6.598996e-01 9.721739e-02 9.520747e-01 2.900045e-01 -6.011013e-01 5.547702e-01 -2.937569e-01 7.784195e-01 2.959535e+01
9.784220e-01 2.056862e-01 -1.958573e-02 -7.510818e-01 -2.065475e-01 9.712403e-01 -1.184498e-01 -6.128107e-01 -5.341042e-03 1.199393e-01 9.927669e-01 3.029498e+01
5.649369e-01 2.708420e-02 -8.246895e-01 -9.650453e-01 8.027596e-02 9.929159e-01 8.760047e-02 -6.210716e-01 8.212199e-01 -1.156915e-01 5.587606e-01 3.113089e+01
9.264862e-01 8.796301e-02 3.659043e-01 -1.031230e+00 -1.211689e-01 9.902482e-01 6.875059e-02 -6.336210e-01 -3.562885e-01 -1.080327e-01 9.281096e-01 3.181445e+01
5.527740e-01 6.513342e-02 -8.307819e-01 -1.110236e+00 -8.987595e-02 9.957854e-01 1.826933e-02 -6.450985e-01 8.284704e-01 6.456850e-02 5.562982e-01 3.247279e+01
9.445356e-01 -6.469912e-02 3.219728e-01 -1.193740e+00 5.891044e-03 9.835821e-01 1.803649e-01 -6.566145e-01 -3.283562e-01 -1.684643e-01 9.294095e-01 3.312973e+01
5.631057e-01 1.869600e-01 -8.049583e-01 -1.316964e+00 -2.334034e-01 9.703945e-01 6.210776e-02 -6.694150e-01 7.927388e-01 1.529068e-01 5.900718e-01 3.393206e+01
9.420244e-01 -2.081866e-01 2.631509e-01 -1.428325e+00 1.616320e-01 9.688082e-01 1.878451e-01 -6.847515e-01 -2.940495e-01 -1.344210e-01 9.462906e-01 3.486560e+01
5.311452e-01 3.466584e-01 -7.731188e-01 -1.560858e+00 -3.278539e-01 9.254797e-01 1.897345e-01 -6.977529e-01 7.812788e-01 1.526934e-01 6.052174e-01 3.571355e+01
9.133895e-01 -2.997819e-01 2.754096e-01 -1.685393e+00 2.927307e-01 9.538172e-01 6.739069e-02 -7.097043e-01 -2.828929e-01 1.906689e-02 9.589620e-01 3.647976e+01
7.052338e-01 4.160949e-01 -5.740300e-01 -1.731951e+00 -3.258173e-01 9.093102e-01 2.588400e-01 -7.244651e-01 6.296733e-01 4.486244e-03 7.768471e-01 3.720806e+01
9.563274e-01 -2.745385e-01 1.003321e-01 -1.861246e+00 2.832182e-01 9.552112e-01 -8.578515e-02 -7.313134e-01 -7.228704e-02 1.104546e-01 9.912489e-01 3.768720e+01
5.901486e-01 4.621071e-01 -6.619530e-01 -2.083919e+00 -2.149616e-01 8.803115e-01 4.228984e-01 -7.309982e-01 7.781492e-01 -1.072784e-01 6.188499e-01 3.801579e+01
9.565673e-01 -1.583219e-01 2.447716e-01 -2.242667e+00 2.208175e-01 9.417010e-01 -2.538483e-01 -7.355986e-01 -1.903119e-01 2.968728e-01 9.357606e-01 3.844987e+01
7.440030e-01 3.612828e-01 -5.620803e-01 -2.310978e+00 -7.140924e-02 8.793904e-01 4.707156e-01 -7.488446e-01 6.643495e-01 -3.100761e-01 6.800681e-01 3.915554e+01
9.932039e-01 -4.782583e-03 1.162894e-01 -2.407491e+00 4.187545e-02 9.469282e-01 -3.187058e-01 -7.600743e-01 -1.085934e-01 3.214095e-01 9.406930e-01 3.982502e+01
7.467847e-01 2.160020e-01 -6.290117e-01 -2.498930e+00 9.379211e-02 9.021311e-01 4.211443e-01 -7.727252e-01 6.584190e-01 -3.735005e-01 6.534385e-01 4.057227e+01
9.600333e-01 1.200124e-01 2.528500e-01 -2.606842e+00 -4.429080e-02 9.571633e-01 -2.861412e-01 -7.880381e-01 -2.763592e-01 2.635061e-01 9.242240e-01 4.147774e+01
6.747561e-01 1.067546e-01 -7.302791e-01 -2.724572e+00 1.658099e-01 9.422618e-01 2.909463e-01 -7.994702e-01 7.191740e-01 -3.174053e-01 6.180960e-01 4.216589e+01
9.427925e-01 2.291401e-01 2.421511e-01 -2.821286e+00 -1.807019e-01 9.616332e-01 -2.064179e-01 -8.057189e-01 -2.801592e-01 1.508521e-01 9.480266e-01 4.254770e+01
5.629264e-01 -3.470613e-03 -8.264997e-01 -2.883799e+00 1.817831e-01 9.760244e-01 1.197134e-01 -8.126017e-01 8.062684e-01 -2.176336e-01 5.500608e-01 4.291847e+01
9.393301e-01 2.551127e-01 2.292958e-01 -3.037191e+00 -2.597261e-01 9.656268e-01 -1.035808e-02 -8.152335e-01 -2.240566e-01 -4.982444e-02 9.733017e-01 4.324623e+01
6.360090e-01 -9.390333e-02 -7.659469e-01 -3.136042e+00 8.211283e-02 9.951686e-01 -5.382245e-02 -8.235638e-01 7.673005e-01 -2.866251e-02 6.406469e-01 4.377109e+01
9.280594e-01 9.791114e-02 3.593315e-01 -3.201762e+00 -1.717540e-01 9.686181e-01 1.796653e-01 -8.382119e-01 -3.304637e-01 -2.284567e-01 9.157518e-01 4.456353e+01
-3.431239e-02 1.131722e-01 -9.929827e-01 -3.676910e+00 -2.733272e-01 9.546257e-01 1.182454e-01 -8.330148e-01 9.613090e-01 2.754664e-01 -1.822443e-03 4.533774e+01
9.278582e-01 -2.037856e-01 3.123310e-01 -4.213587e+00 1.732999e-01 9.771893e-01 1.227525e-01 -8.213186e-01 -3.302217e-01 -5.976999e-02 9.420091e-01 4.586529e+01
6.001699e-01 3.046688e-01 -7.395763e-01 -4.327371e+00 -2.740260e-01 9.469817e-01 1.677361e-01 -8.258664e-01 7.514691e-01 1.019930e-01 6.518371e-01 4.616209e+01
9.099376e-01 -2.487711e-01 3.318533e-01 -4.440266e+00 2.420828e-01 9.682684e-01 6.206629e-02 -8.347206e-01 -3.367633e-01 2.385953e-02 9.412870e-01 4.670485e+01
5.597362e-01 3.791488e-01 -7.368457e-01 -4.594514e+00 -2.697750e-01 9.241246e-01 2.705829e-01 -8.405456e-01 7.835284e-01 4.732754e-02 6.195509e-01 4.717388e+01
9.072499e-01 -2.489322e-01 3.390138e-01 -4.782953e+00 2.796836e-01 9.590723e-01 -4.424277e-02 -8.459176e-01 -3.141253e-01 1.349559e-01 9.397405e-01 4.770103e+01
5.581375e-01 4.299941e-01 -7.096391e-01 -4.958828e+00 -2.157056e-01 9.010331e-01 3.763118e-01 -8.548780e-01 8.012201e-01 -5.696059e-02 5.956524e-01 4.838369e+01
8.687332e-01 -2.027850e-01 4.518637e-01 -5.098493e+00 2.910554e-01 9.472063e-01 -1.344881e-01 -8.661841e-01 -4.007360e-01 2.483516e-01 8.818912e-01 4.911569e+01
6.677960e-01 4.102329e-01 -6.210938e-01 -5.190683e+00 -1.588193e-01 8.937312e-01 4.195485e-01 -8.825579e-01 7.272035e-01 -1.815311e-01 6.619830e-01 5.003499e+01
8.654466e-01 -1.847583e-01 4.656893e-01 -5.255735e+00 2.952530e-01 9.390408e-01 -1.761477e-01 -9.003897e-01 -4.047565e-01 2.899426e-01 8.672401e-01 5.097295e+01
5.763777e-01 4.097435e-01 -7.070354e-01 -5.366534e+00 -9.389442e-02 8.926861e-01 4.407894e-01 -9.091336e-01 8.117713e-01 -1.876745e-01 5.529970e-01 5.147762e+01
8.651228e-01 -9.200781e-02 4.930488e-01 -5.459010e+00 2.398375e-01 9.392445e-01 -2.455560e-01 -9.177136e-01 -4.405003e-01 3.306876e-01 8.346288e-01 5.193497e+01
6.324981e-01 3.641768e-01 -6.836091e-01 -5.507716e+00 -2.117663e-02 8.903757e-01 4.547335e-01 -9.312303e-01 7.742724e-01 -2.731416e-01 5.708730e-01 5.258860e+01
9.106607e-01 -1.131517e-02 4.130001e-01 -5.546511e+00 1.316884e-01 9.554366e-01 -2.641950e-01 -9.460556e-01 -3.916060e-01 2.949793e-01 8.715687e-01 5.333457e+01
5.754740e-01 3.029816e-01 -7.596261e-01 -5.574469e+00 6.226089e-02 9.099161e-01 4.100930e-01 -9.600137e-01 8.154467e-01 -2.832928e-01 5.047691e-01 5.402039e+01
8.682644e-01 5.119098e-02 4.934535e-01 -5.603444e+00 8.237591e-02 9.659774e-01 -2.451566e-01 -9.736581e-01 -4.892148e-01 2.535095e-01 8.345069e-01 5.467996e+01
6.416238e-01 2.349345e-01 -7.301539e-01 -5.606590e+00 6.576781e-02 9.315796e-01 3.575388e-01 -9.908648e-01 7.641946e-01 -2.774261e-01 5.822726e-01 5.548417e+01
8.660584e-01 3.504879e-02 4.987128e-01 -5.593930e+00 7.082875e-02 9.788760e-01 -1.917943e-01 -1.008723e+00 -4.949001e-01 2.014282e-01 8.452813e-01 5.629208e+01
4.006851e-01 3.644667e-01 -8.406042e-01 -5.573264e+00 5.184152e-02 9.069855e-01 4.179590e-01 -1.038495e+00 9.147480e-01 -2.110482e-01 3.445211e-01 5.788805e+01
9.432992e-01 -1.759980e-02 3.314769e-01 -5.568086e+00 3.617984e-02 9.980955e-01 -4.996467e-02 -1.083876e+00 -3.299662e-01 5.912441e-02 9.421394e-01 6.047960e+01
5.153752e-01 3.153252e-01 -7.968428e-01 -5.566154e+00 -3.735972e-02 9.372264e-01 3.467143e-01 -1.117516e+00 8.561499e-01 -1.489182e-01 4.948037e-01 6.234349e+01
8.870520e-01 -7.899814e-02 4.548604e-01 -5.542536e+00 1.278311e-01 9.887580e-01 -7.756849e-02 -1.141563e+00 -4.436191e-01 1.269526e-01 8.871782e-01 6.356805e+01
5.354000e-01 2.931441e-01 -7.920943e-01 -5.575990e+00 -7.546163e-02 9.506873e-01 3.008307e-01 -1.154130e+00 8.412208e-01 -1.012920e-01 5.311192e-01 6.417561e+01
9.300724e-01 -1.980584e-02 3.668420e-01 -5.773299e+00 8.685878e-02 9.820905e-01 -1.671941e-01 -1.156309e+00 -3.569607e-01 1.873661e-01 9.151355e-01 6.457316e+01
2.838241e-01 4.583671e-01 -8.422253e-01 -5.862737e+00 3.041028e-02 8.736014e-01 4.856911e-01 -1.192015e+00 9.583940e-01 -1.634631e-01 2.340100e-01 6.678445e+01
9.967050e-01 5.141719e-02 6.273217e-02 -6.078839e+00 -4.270937e-02 9.901934e-01 -1.330149e-01 -1.232381e+00 -6.895623e-02 1.298973e-01 9.891267e-01 6.957483e+01
3.449690e-01 3.130829e-01 -8.848590e-01 -6.352695e+00 7.481178e-02 9.305587e-01 3.584184e-01 -1.269331e+00 9.356279e-01 -1.898411e-01 2.975916e-01 7.229269e+01
8.970208e-01 1.811954e-02 4.416167e-01 -6.556415e+00 4.040846e-02 9.916129e-01 -1.227644e-01 -1.300480e+00 -4.401373e-01 1.279672e-01 8.887652e-01 7.439212e+01
8.353210e-01 1.365098e-01 -5.325447e-01 -6.596618e+00 1.080390e-02 9.644182e-01 2.641605e-01 -1.323034e+00 5.496563e-01 -2.264124e-01 8.041240e-01 7.553483e+01
9.957160e-01 9.001331e-02 -2.115031e-02 -6.767730e+00 -9.157131e-02 9.916725e-01 -9.055611e-02 -1.331201e+00 1.282293e-02 9.210492e-02 9.956667e-01 7.618232e+01
8.882965e-01 4.360144e-02 -4.571960e-01 -6.826551e+00 5.022419e-02 9.802908e-01 1.910692e-01 -1.346641e+00 4.565159e-01 -1.926884e-01 8.685991e-01 7.699557e+01
9.903791e-01 8.377930e-02 1.101374e-01 -6.881559e+00 -8.011334e-02 9.960874e-01 -3.730718e-02 -1.365175e+00 -1.128321e-01 2.812478e-02 9.932159e-01 7.796252e+01
8.462766e-01 5.369357e-02 -5.300311e-01 -6.944008e+00 3.039142e-02 9.884221e-01 1.486544e-01 -1.382753e+00 5.318762e-01 -1.419111e-01 8.348467e-01 7.890653e+01
9.941383e-01 8.836087e-02 6.230010e-02 -7.062916e+00 -8.920000e-02 9.959550e-01 1.081356e-02 -1.397747e+00 -6.109260e-02 -1.630735e-02 9.979989e-01 7.982432e+01
9.288991e-01 3.575522e-03 -3.703157e-01 -7.193357e+00 3.361551e-02 9.950113e-01 9.392824e-02 -1.416886e+00 3.688041e-01 -9.969821e-02 9.241449e-01 8.097811e+01
9.875041e-01 4.928495e-02 1.496884e-01 -7.274075e+00 -5.146670e-02 9.986170e-01 1.073422e-02 -1.433435e+00 -1.489523e-01 -1.830406e-02 9.886750e-01 8.186722e+01
9.604006e-01 -4.908902e-03 -2.785797e-01 -7.297832e+00 2.513239e-02 9.972952e-01 6.907014e-02 -1.447489e+00 2.774872e-01 -7.333638e-02 9.579262e-01 8.247172e+01
9.978170e-01 6.442960e-02 1.449256e-02 -7.313062e+00 -6.481192e-02 9.975138e-01 2.767131e-02 -1.458361e+00 -1.267367e-02 -2.855020e-02 9.995120e-01 8.289328e+01
9.357222e-01 3.773401e-02 -3.507137e-01 -7.320949e+00 -8.225757e-03 9.963256e-01 8.524999e-02 -1.471925e+00 3.526418e-01 -7.688542e-02 9.325944e-01 8.348024e+01
9.989658e-01 4.043095e-02 2.080078e-02 -7.339374e+00 -4.152957e-02 9.975992e-01 5.541776e-02 -1.488029e+00 -1.851025e-02 -5.622429e-02 9.982466e-01 8.423730e+01
9.180429e-01 6.577852e-02 -3.909866e-01 -7.361407e+00 -4.169572e-02 9.966908e-01 6.977832e-02 -1.501772e+00 3.942826e-01 -4.775702e-02 9.177475e-01 8.487265e+01
9.918234e-01 5.843100e-02 -1.134554e-01 -7.373627e+00 -5.051582e-02 9.961656e-01 7.143046e-02 -1.513232e+00 1.171941e-01 -6.511511e-02 9.909720e-01 8.539164e+01
9.219215e-01 8.400604e-02 -3.781584e-01 -7.388657e+00 -5.726098e-02 9.950317e-01 8.144351e-02 -1.527553e+00 3.831214e-01 -5.343080e-02 9.221514e-01 8.607899e+01
9.966969e-01 2.598385e-02 -7.694271e-02 -7.391949e+00 -2.105710e-02 9.977172e-01 6.416452e-02 -1.540700e+00 7.843431e-02 -6.233239e-02 9.949687e-01 8.667173e+01
9.246539e-01 1.132235e-01 -3.635870e-01 -7.379048e+00 -8.460110e-02 9.919937e-01 9.376093e-02 -1.554989e+00 3.712920e-01 -5.593655e-02 9.268297e-01 8.730923e+01
9.996765e-01 -2.079756e-02 -1.464347e-02 -7.363814e+00 2.166031e-02 9.978747e-01 6.145692e-02 -1.572658e+00 1.333420e-02 -6.175422e-02 9.980023e-01 8.810471e+01
9.591630e-01 1.248081e-01 -2.538291e-01 -7.314316e+00 -9.382484e-02 9.869658e-01 1.307496e-01 -1.595521e+00 2.668392e-01 -1.015947e-01 9.583712e-01 8.911996e+01
9.787714e-01 2.799811e-02 -2.030335e-01 -7.310487e+00 -3.356947e-03 9.926825e-01 1.207069e-01 -1.627457e+00 2.049274e-01 -1.174629e-01 9.717033e-01 9.080423e+01
9.528988e-01 1.160544e-01 -2.802058e-01 -7.331817e+00 -8.538537e-02 9.891772e-01 1.193220e-01 -1.658924e+00 2.910211e-01 -8.977635e-02 9.524951e-01 9.249194e+01
9.990745e-01 -4.088649e-02 -1.335841e-02 -7.347127e+00 4.145416e-02 9.981077e-01 4.541516e-02 -1.679905e+00 1.147627e-02 -4.592689e-02 9.988789e-01 9.351718e+01
9.541497e-01 1.143578e-01 -2.766238e-01 -7.376397e+00 -9.004491e-02 9.909956e-01 9.909403e-02 -1.697807e+00 2.854651e-01 -6.964197e-02 9.558555e-01 9.438745e+01
9.832040e-01 1.557450e-02 -1.818443e-01 -7.465663e+00 -3.218095e-03 9.976768e-01 6.804871e-02 -1.716443e+00 1.824817e-01 -6.632057e-02 9.809699e-01 9.549243e+01
7.114565e-01 2.701219e-01 -6.487402e-01 -7.734271e+00 -1.392887e-01 9.590608e-01 2.465786e-01 -1.745063e+00 6.887876e-01 -8.506776e-02 7.199550e-01 9.766556e+01
9.960148e-01 -4.353015e-02 -7.784409e-02 -7.989358e+00 3.921406e-02 9.976525e-01 -5.614018e-02 -1.765671e+00 8.010515e-02 5.286387e-02 9.953836e-01 9.928167e+01
7.556759e-01 2.606437e-01 -6.008484e-01 -8.188126e+00 -8.561697e-02 9.488420e-01 3.039219e-01 -1.783410e+00 6.493255e-01 -1.782236e-01 7.393326e-01 1.006027e+02
9.703262e-01 5.824270e-02 -2.346804e-01 -8.370758e+00 -7.482646e-02 9.952433e-01 -6.238450e-02 -1.808031e+00 2.299306e-01 7.809361e-02 9.700687e-01 1.023152e+02
8.851841e-01 1.107461e-01 -4.518676e-01 -8.380264e+00 -4.029188e-03 9.730437e-01 2.305858e-01 -1.826993e+00 4.652234e-01 -2.022902e-01 8.617690e-01 1.033564e+02
9.835407e-01 1.089353e-01 -1.441557e-01 -8.409216e+00 -1.158875e-01 9.924274e-01 -4.071703e-02 -1.838750e+00 1.386286e-01 5.675270e-02 9.887170e-01 1.039781e+02
9.520567e-01 -1.893463e-02 -3.053352e-01 -8.503939e+00 5.777127e-02 9.912523e-01 1.186647e-01 -1.849737e+00 3.004173e-01 -1.306152e-01 9.448223e-01 1.045934e+02
9.883350e-01 1.328105e-01 -7.453372e-02 -8.520702e+00 -1.314129e-01 9.910521e-01 2.337408e-02 -1.865250e+00 7.697113e-02 -1.330673e-02 9.969445e-01 1.053052e+02
9.600328e-01 -1.827773e-02 -2.792900e-01 -8.473097e+00 6.003056e-02 9.880899e-01 1.416852e-01 -1.889048e+00 2.733739e-01 -1.527884e-01 9.496960e-01 1.064095e+02
9.340721e-01 2.069049e-01 -2.910321e-01 -8.630666e+00 -1.728054e-01 9.751490e-01 1.386459e-01 -1.916577e+00 3.124861e-01 -7.921332e-02 9.466138e-01 1.081918e+02
6.858291e-01 7.311183e-02 -7.240809e-01 -9.047076e+00 -8.629872e-02 9.960912e-01 1.883750e-02 -1.924652e+00 7.226278e-01 4.956795e-02 6.894578e-01 1.095141e+02
8.697304e-01 1.042680e-01 -4.823869e-01 -9.610076e+00 -2.660801e-02 9.859125e-01 1.651317e-01 -1.914874e+00 4.928093e-01 -1.307847e-01 8.602525e-01 1.102995e+02
9.301257e-01 1.010436e-01 -3.530671e-01 -9.948182e+00 -1.231909e-01 9.915453e-01 -4.076774e-02 -1.915759e+00 3.459626e-01 8.141378e-02 9.347094e-01 1.110230e+02
9.906494e-01 -8.854592e-02 1.037947e-01 -9.937656e+00 7.281714e-02 9.865133e-01 1.465919e-01 -1.928561e+00 -1.153750e-01 -1.376631e-01 9.837365e-01 1.115368e+02
9.049420e-01 1.936433e-01 -3.789226e-01 -9.740789e+00 -1.993306e-01 9.796239e-01 2.458269e-02 -1.942380e+00 3.759619e-01 5.328497e-02 9.251018e-01 1.119731e+02
9.929751e-01 -1.167297e-01 -1.935757e-02 -9.544782e+00 1.181526e-01 9.869786e-01 1.091478e-01 -1.953708e+00 6.364721e-03 -1.106682e-01 9.938370e-01 1.122902e+02
9.149285e-01 2.015351e-01 -3.496990e-01 -9.442013e+00 -2.035819e-01 9.785570e-01 3.131459e-02 -1.961730e+00 3.485114e-01 4.254178e-02 9.363386e-01 1.125012e+02
9.884846e-01 -1.510202e-01 -9.541665e-03 -9.386523e+00 1.512947e-01 9.851629e-01 8.101808e-02 -1.971930e+00 -2.835270e-03 -8.152873e-02 9.966670e-01 1.128474e+02
9.185178e-01 2.441113e-01 -3.110222e-01 -9.396584e+00 -2.236016e-01 9.694785e-01 1.005672e-01 -1.984780e+00 3.260789e-01 -2.282767e-02 9.450669e-01 1.134074e+02
9.829302e-01 -1.839765e-01 -9.170463e-04 -9.468496e+00 1.839584e-01 9.827353e-01 1.976513e-02 -1.997721e+00 -2.735105e-03 -1.959644e-02 9.998042e-01 1.140753e+02
9.253901e-01 2.614232e-01 -2.744287e-01 -9.523021e+00 -2.279774e-01 9.623536e-01 1.479930e-01 -2.012958e+00 3.027862e-01 -7.438770e-02 9.501510e-01 1.148317e+02
9.806963e-01 -1.953549e-01 -8.439245e-03 -9.521633e+00 1.955272e-01 9.801673e-01 3.226673e-02 -2.036072e+00 1.968408e-03 -3.329397e-02 9.994437e-01 1.159438e+02
9.481954e-01 2.559187e-01 -1.882315e-01 -9.516679e+00 -2.298626e-01 9.616620e-01 1.495637e-01 -2.056340e+00 2.192912e-01 -9.854822e-02 9.706697e-01 1.168729e+02
9.778874e-01 -1.771136e-01 -1.112074e-01 -9.570630e+00 1.743681e-01 9.840925e-01 -3.402480e-02 -2.071636e+00 1.154647e-01 1.388139e-02 9.932146e-01 1.176202e+02
9.048745e-01 2.754106e-01 -3.245784e-01 -9.732060e+00 -2.180437e-01 9.547519e-01 2.022518e-01 -2.080217e+00 3.655941e-01 -1.122402e-01 9.239822e-01 1.182679e+02
9.817554e-01 -1.344157e-01 -1.344943e-01 -9.835763e+00 1.210289e-01 9.872671e-01 -1.032265e-01 -2.090882e+00 1.466570e-01 8.506552e-02 9.855230e-01 1.189050e+02
9.544489e-01 2.151062e-01 -2.067765e-01 -9.842189e+00 -1.562467e-01 9.507191e-01 2.678064e-01 -2.107289e+00 2.541932e-01 -2.232994e-01 9.410224e-01 1.196410e+02
9.776182e-01 -5.768643e-02 -2.023238e-01 -9.867463e+00 2.787843e-02 9.887146e-01 -1.471945e-01 -2.121563e+00 2.085316e-01 1.382596e-01 9.681936e-01 1.203100e+02
9.626193e-01 1.561672e-01 -2.213050e-01 -9.818608e+00 -8.858575e-02 9.536378e-01 2.876240e-01 -2.135817e+00 2.559623e-01 -2.572679e-01 9.318243e-01 1.208817e+02
9.246647e-01 1.238523e-02 -3.805808e-01 -9.760443e+00 -9.122688e-02 9.775689e-01 -1.898332e-01 -2.138694e+00 3.696928e-01 2.102513e-01 9.050534e-01 1.207803e+02
9.885456e-01 -4.016968e-02 -1.454788e-01 -9.797975e+00 7.642388e-02 9.644412e-01 2.530072e-01 -2.138486e+00 1.301425e-01 -2.612272e-01 9.564639e-01 1.207530e+02
9.180772e-01 2.035200e-01 -3.401675e-01 -9.807208e+00 -2.356718e-01 9.702430e-01 -5.556396e-02 -2.151603e+00 3.187367e-01 1.311799e-01 9.387219e-01 1.213332e+02
9.743637e-01 -1.270755e-01 -1.856533e-01 -9.799609e+00 1.559614e-01 9.762606e-01 1.503037e-01 -2.162369e+00 1.621461e-01 -1.754052e-01 9.710518e-01 1.217513e+02
7.371230e-01 4.018329e-01 -5.433047e-01 -9.772096e+00 -3.361280e-01 9.155019e-01 2.210750e-01 -2.178117e+00 5.862317e-01 1.966042e-02 8.099048e-01 1.225713e+02
9.013456e-01 -1.414393e-01 -4.093545e-01 -9.808487e+00 1.198525e-01 9.897177e-01 -7.806546e-02 -2.192324e+00 4.161869e-01 2.130179e-02 9.090295e-01 1.234340e+02
8.979382e-01 2.679210e-01 -3.491781e-01 -9.996680e+00 -1.677563e-01 9.418224e-01 2.912532e-01 -2.193760e+00 4.068966e-01 -2.029506e-01 8.906437e-01 1.237388e+02
8.623229e-01 5.622946e-02 -5.032271e-01 -1.031869e+01 -1.313619e-01 9.846323e-01 -1.150792e-01 -2.201165e+00 4.890228e-01 1.653403e-01 8.564574e-01 1.247295e+02
7.750798e-01 1.169449e-01 -6.209470e-01 -1.064457e+01 8.134145e-02 9.560798e-01 2.815938e-01 -2.220035e+00 6.266058e-01 -2.687664e-01 7.315257e-01 1.264579e+02
9.857731e-01 1.616375e-01 4.609504e-02 -1.074781e+01 -1.603211e-01 9.865787e-01 -3.097768e-02 -2.250406e+00 -5.048354e-02 2.314696e-02 9.984566e-01 1.282810e+02
5.342981e-01 1.733473e-01 -8.273308e-01 -1.096327e+01 5.445345e-02 9.696553e-01 2.383346e-01 -2.290543e+00 8.435404e-01 -1.723927e-01 5.086456e-01 1.309735e+02
9.852151e-01 9.108411e-02 1.451033e-01 -1.115081e+01 -9.348305e-02 9.955728e-01 9.786517e-03 -2.323830e+00 -1.435695e-01 -2.320653e-02 9.893681e-01 1.331736e+02
9.434326e-01 3.210823e-02 -3.300060e-01 -1.110826e+01 2.993089e-02 9.829892e-01 1.812083e-01 -2.356184e+00 3.302106e-01 -1.808352e-01 9.264230e-01 1.347455e+02
9.560207e-01 1.639944e-02 2.928405e-01 -1.111446e+01 -2.274082e-04 9.984768e-01 -5.517355e-02 -2.378433e+00 -2.932992e-01 5.268046e-02 9.545681e-01 1.357822e+02
9.398795e-01 4.217548e-02 -3.388921e-01 -1.115815e+01 5.305428e-03 9.904218e-01 1.379731e-01 -2.392466e+00 3.414652e-01 -1.314760e-01 9.306533e-01 1.364077e+02
9.145626e-01 1.706765e-01 -3.666671e-01 -1.137019e+01 -1.454980e-01 9.847416e-01 9.546865e-02 -2.408592e+00 3.773666e-01 -3.396272e-02 9.254410e-01 1.376218e+02
6.254687e-01 1.275263e-01 -7.697571e-01 -1.178610e+01 -8.961444e-02 9.917655e-01 9.149007e-02 -2.415553e+00 7.750859e-01 1.175718e-02 6.317464e-01 1.389228e+02
9.590899e-01 -2.478234e-02 2.820150e-01 -1.193477e+01 3.824634e-03 9.972045e-01 7.462331e-02 -2.427769e+00 -2.830759e-01 -7.049185e-02 9.565035e-01 1.397605e+02
5.286759e-01 2.535727e-01 -8.100634e-01 -1.213581e+01 -1.470663e-01 9.672667e-01 2.068010e-01 -2.449941e+00 8.359864e-01 9.802320e-03 5.486626e-01 1.413021e+02
9.481837e-01 -1.122713e-01 2.972252e-01 -1.230887e+01 1.064971e-01 9.936754e-01 3.560400e-02 -2.465630e+00 -2.993426e-01 -2.105512e-03 9.541434e-01 1.423852e+02
6.349403e-01 2.715089e-01 -7.232798e-01 -1.242344e+01 -1.853489e-01 9.624028e-01 1.985614e-01 -2.478558e+00 7.499977e-01 7.984490e-03 6.613922e-01 1.431638e+02
9.928702e-01 -6.627578e-02 -9.907741e-02 -1.269218e+01 6.763671e-02 9.976554e-01 1.043709e-02 -2.487299e+00 9.815339e-02 -1.706395e-02 9.950250e-01 1.441348e+02
5.557778e-01 2.921068e-01 -7.783217e-01 -1.302779e+01 -1.621823e-01 9.563444e-01 2.431095e-01 -2.489301e+00 8.153576e-01 -8.884879e-03 5.788895e-01 1.449121e+02
9.899386e-01 -7.998858e-02 1.167189e-01 -1.325355e+01 8.395701e-02 9.960332e-01 -2.948114e-02 -2.500575e+00 -1.138978e-01 3.898389e-02 9.927273e-01 1.459077e+02
2.781440e-01 3.788232e-01 -8.826828e-01 -1.359048e+01 -7.873886e-02 9.248444e-01 3.721063e-01 -2.513527e+00 9.573067e-01 -3.399771e-02 2.870681e-01 1.473444e+02
9.956473e-01 1.392828e-02 9.215501e-02 -1.399542e+01 -1.413658e-03 9.909135e-01 -1.344932e-01 -2.522639e+00 -9.319090e-02 1.337775e-01 9.866200e-01 1.487046e+02
4.514957e-01 2.227388e-01 -8.640249e-01 -1.442575e+01 1.034118e-02 9.669698e-01 2.546810e-01 -2.526767e+00 8.922133e-01 -1.239224e-01 4.342794e-01 1.497948e+02
9.630466e-01 8.258018e-02 2.563627e-01 -1.493258e+01 -5.244586e-02 9.911136e-01 -1.222430e-01 -2.520394e+00 -2.641794e-01 1.042805e-01 9.588195e-01 1.504606e+02
4.444655e-01 4.645366e-02 -8.945907e-01 -1.560441e+01 6.856703e-02 9.939605e-01 8.568028e-02 -2.499864e+00 8.931680e-01 -9.942135e-02 4.385959e-01 1.506956e+02
8.320651e-01 1.208760e-01 5.413471e-01 -1.589908e+01 -1.177498e-01 9.922145e-01 -4.056447e-02 -2.500852e+00 -5.420357e-01 -2.999122e-02 8.398201e-01 1.512088e+02
7.783126e-01 -1.488879e-02 -6.277004e-01 -1.587382e+01 9.563566e-02 9.908651e-01 9.507984e-02 -2.521691e+00 6.205508e-01 -1.340324e-01 7.726267e-01 1.520870e+02
9.293154e-01 1.043881e-01 3.542259e-01 -1.587488e+01 -1.161636e-01 9.931566e-01 1.207950e-02 -2.536059e+00 -3.505408e-01 -5.237381e-02 9.350819e-01 1.526943e+02
6.522064e-01 2.291639e-02 -7.576950e-01 -1.599456e+01 -3.095220e-03 9.996151e-01 2.756894e-02 -2.542387e+00 7.580352e-01 -1.563541e-02 6.520263e-01 1.531089e+02
8.408747e-01 -5.103859e-03 5.412058e-01 -1.604748e+01 -4.403250e-02 9.959956e-01 7.780632e-02 -2.555387e+00 -5.394358e-01 -8.925601e-02 8.372828e-01 1.537285e+02
8.338499e-01 1.895576e-02 -5.516657e-01 -1.602158e+01 -1.096424e-02 9.997818e-01 1.778087e-02 -2.571724e+00 5.518823e-01 -8.777982e-03 8.338758e-01 1.543408e+02
9.164470e-01 -1.521996e-02 3.998665e-01 -1.601022e+01 -2.280194e-02 9.956665e-01 9.015701e-02 -2.584989e+00 -3.995059e-01 -9.174186e-02 9.121285e-01 1.548289e+02
8.360380e-01 4.949315e-02 -5.464347e-01 -1.601613e+01 -6.127789e-02 9.981151e-01 -3.350406e-03 -2.597671e+00 5.452389e-01 3.628543e-02 8.374950e-01 1.553099e+02
9.230753e-01 -7.384118e-02 3.774646e-01 -1.601209e+01 2.787112e-02 9.916596e-01 1.258348e-01 -2.609094e+00 -3.836082e-01 -1.056346e-01 9.174345e-01 1.557221e+02
8.197796e-01 1.082848e-01 -5.623484e-01 -1.605648e+01 -1.206637e-01 9.925766e-01 1.522792e-02 -2.622023e+00 5.598229e-01 5.537148e-02 8.267602e-01 1.563275e+02
9.142884e-01 -1.408115e-01 3.798010e-01 -1.603594e+01 8.192069e-02 9.825359e-01 1.670697e-01 -2.639703e+00 -3.966934e-01 -1.216363e-01 9.098565e-01 1.570834e+02
7.722424e-01 2.013472e-01 -6.025786e-01 -1.601465e+01 -2.146411e-01 9.753691e-01 5.083634e-02 -2.654768e+00 5.979723e-01 9.008019e-02 7.964387e-01 1.576924e+02
9.539088e-01 -1.877564e-01 2.341058e-01 -1.603335e+01 1.664477e-01 9.801335e-01 1.078589e-01 -2.663721e+00 -2.497061e-01 -6.392115e-02 9.662096e-01 1.580351e+02
7.489650e-01 2.898721e-01 -5.958402e-01 -1.610276e+01 -2.811930e-01 9.532899e-01 1.103121e-01 -2.669828e+00 5.999849e-01 8.492619e-02 7.954909e-01 1.583296e+02
9.577208e-01 -2.350450e-01 1.659056e-01 -1.630705e+01 2.305661e-01 9.719670e-01 4.603809e-02 -2.672331e+00 -1.720758e-01 -5.839425e-03 9.850664e-01 1.587381e+02
9.067328e-01 2.468020e-01 -3.419422e-01 -1.655279e+01 -2.395385e-01 9.687726e-01 6.403882e-02 -2.674891e+00 3.470691e-01 2.384223e-02 9.375364e-01 1.592153e+02
9.724180e-01 -2.252255e-01 6.063585e-02 -1.680630e+01 2.256557e-01 9.742071e-01 -2.533351e-04 -2.673862e+00 -5.901482e-02 1.392917e-02 9.981599e-01 1.595318e+02
8.772818e-01 2.813777e-01 -3.888486e-01 -1.702978e+01 -2.402423e-01 9.587742e-01 1.517749e-01 -2.672395e+00 4.155241e-01 -3.973148e-02 9.087140e-01 1.597282e+02
9.498723e-01 -2.233143e-01 2.187999e-01 -1.713769e+01 2.380704e-01 9.702855e-01 -4.322578e-02 -2.678991e+00 -2.026455e-01 9.314875e-02 9.748118e-01 1.600909e+02
9.108543e-01 2.820929e-01 -3.012773e-01 -1.711843e+01 -2.267631e-01 9.519646e-01 2.057716e-01 -2.691267e+00 3.448520e-01 -1.191094e-01 9.310693e-01 1.604990e+02
9.344132e-01 -2.447054e-01 2.588266e-01 -1.713229e+01 2.783741e-01 9.550356e-01 -1.020533e-01 -2.696869e+00 -2.222157e-01 1.674106e-01 9.605175e-01 1.605754e+02
8.307532e-01 3.130243e-01 -4.602879e-01 -1.732584e+01 -2.027978e-01 9.402728e-01 2.734231e-01 -2.692939e+00 5.183842e-01 -1.338018e-01 8.446152e-01 1.605522e+02
9.756161e-01 -1.586237e-01 1.516961e-01 -1.742061e+01 1.855769e-01 9.652042e-01 -1.842340e-01 -2.696105e+00 -1.171938e-01 2.078929e-01 9.711056e-01 1.607407e+02
9.161308e-01 2.547933e-01 -3.094910e-01 -1.745035e+01 -1.428243e-01 9.288229e-01 3.418906e-01 -2.709370e+00 3.745738e-01 -2.690137e-01 8.873140e-01 1.613280e+02
9.448932e-01 -1.565362e-01 2.875295e-01 -1.750239e+01 2.254528e-01 9.479628e-01 -2.248057e-01 -2.721134e+00 -2.373770e-01 2.772417e-01 9.310151e-01 1.618398e+02
8.955913e-01 2.793685e-01 -3.462218e-01 -1.755309e+01 -1.376398e-01 9.140567e-01 3.815175e-01 -2.734215e+00 4.230503e-01 -2.940299e-01 8.570734e-01 1.624352e+02
9.469857e-01 -1.466599e-01 2.858478e-01 -1.758086e+01 2.221039e-01 9.417237e-01 -2.526385e-01 -2.747578e+00 -2.321377e-01 3.027330e-01 9.243726e-01 1.630050e+02
8.872427e-01 2.867412e-01 -3.613584e-01 -1.759328e+01 -1.172104e-01 8.977634e-01 4.245969e-01 -2.761466e+00 4.461638e-01 -3.343655e-01 8.301431e-01 1.635830e+02
9.568980e-01 -1.243563e-01 2.624534e-01 -1.764747e+01 1.966554e-01 9.424336e-01 -2.704543e-01 -2.778333e+00 -2.137123e-01 3.104101e-01 9.262681e-01 1.644338e+02
8.575208e-01 2.968227e-01 -4.201838e-01 -1.770587e+01 -7.597089e-02 8.808733e-01 4.672159e-01 -2.797563e+00 5.088090e-01 -3.687256e-01 7.779170e-01 1.654480e+02
9.843461e-01 -5.413473e-02 1.677266e-01 -1.778365e+01 1.071652e-01 9.393661e-01 -3.257405e-01 -2.813528e+00 -1.399228e-01 3.386158e-01 9.304628e-01 1.663273e+02
9.036864e-01 1.874314e-01 -3.849941e-01 -1.785043e+01 7.330325e-04 8.984307e-01 4.391147e-01 -2.827428e+00 4.281944e-01 -3.971042e-01 8.117622e-01 1.670437e+02
9.623459e-01 -5.928670e-03 2.717631e-01 -1.791668e+01 9.726658e-02 9.410772e-01 -3.239026e-01 -2.842931e+00 -2.538298e-01 3.381398e-01 9.062185e-01 1.678301e+02
8.932846e-01 1.722519e-01 -4.151769e-01 -1.797848e+01 2.881749e-02 8.998123e-01 4.353244e-01 -2.859607e+00 4.485668e-01 -4.008329e-01 7.988246e-01 1.686625e+02
9.943793e-01 9.167733e-02 5.296222e-02 -1.794950e+01 -7.423548e-02 9.603804e-01 -2.686233e-01 -2.879639e+00 -7.549055e-02 2.631818e-01 9.617882e-01 1.695971e+02
6.947523e-01 2.007950e-01 -6.906523e-01 -1.792987e+01 1.510141e-01 8.981136e-01 4.130214e-01 -2.907000e+00 7.032169e-01 -3.912458e-01 5.936436e-01 1.711242e+02
9.433718e-01 1.293684e-01 3.054725e-01 -1.795415e+01 -5.680835e-02 9.702237e-01 -2.354544e-01 -2.935734e+00 -3.268370e-01 2.047677e-01 9.226309e-01 1.726642e+02
6.891033e-01 1.456558e-01 -7.098739e-01 -1.803316e+01 1.438770e-01 9.325902e-01 3.310212e-01 -2.959125e+00 7.102366e-01 -3.302423e-01 6.216945e-01 1.740127e+02
9.721959e-01 1.839159e-01 1.449483e-01 -1.817196e+01 -1.665467e-01 9.781921e-01 -1.241064e-01 -2.984994e+00 -1.646124e-01 9.651505e-02 9.816250e-01 1.756391e+02
8.298365e-01 -5.421421e-02 -5.553668e-01 -1.825570e+01 1.572803e-01 9.776410e-01 1.395742e-01 -3.000698e+00 5.353824e-01 -2.031720e-01 8.198090e-01 1.765018e+02
9.573872e-01 2.074415e-01 2.009421e-01 -1.828716e+01 -2.244033e-01 9.722979e-01 6.542108e-02 -3.027110e+00 -1.818046e-01 -1.077254e-01 9.774162e-01 1.779223e+02
7.752058e-01 -4.869891e-02 -6.298289e-01 -1.828735e+01 8.150003e-02 9.964017e-01 2.326922e-02 -3.057812e+00 6.264293e-01 -6.936951e-02 7.763853e-01 1.794992e+02
9.231156e-01 6.463313e-02 3.790517e-01 -1.825970e+01 -1.194412e-01 9.852067e-01 1.228884e-01 -3.078831e+00 -3.655016e-01 -1.587146e-01 9.171795e-01 1.804621e+02
7.837756e-01 2.961295e-03 -6.210370e-01 -1.829647e+01 -2.322429e-02 9.994289e-01 -2.454447e-02 -3.097326e+00 6.206097e-01 3.366050e-02 7.833968e-01 1.813944e+02
8.756394e-01 -3.464926e-02 4.817210e-01 -1.841360e+01 -1.720357e-02 9.945525e-01 1.028077e-01 -3.106925e+00 -4.826590e-01 -9.830981e-02 8.702732e-01 1.819388e+02
8.157843e-01 3.663485e-02 -5.771948e-01 -1.849758e+01 -6.520118e-02 9.974552e-01 -2.884379e-02 -3.117974e+00 5.746692e-01 6.116409e-02 8.160970e-01 1.824822e+02
8.858355e-01 -9.773381e-02 4.535897e-01 -1.852433e+01 2.557158e-02 9.863624e-01 1.625891e-01 -3.133083e+00 -4.632943e-01 -1.324282e-01 8.762541e-01 1.831523e+02
7.398768e-01 1.480256e-01 -6.562550e-01 -1.850541e+01 -1.744329e-01 9.843422e-01 2.536969e-02 -3.149565e+00 6.497349e-01 9.570203e-02 7.541125e-01 1.838514e+02
9.253983e-01 -1.769067e-01 3.351746e-01 -1.848137e+01 1.117319e-01 9.724143e-01 2.047592e-01 -3.168524e+00 -3.621519e-01 -1.520341e-01 9.196367e-01 1.847163e+02
7.074964e-01 2.766986e-01 -6.502974e-01 -1.848287e+01 -2.787355e-01 9.548262e-01 1.030216e-01 -3.188776e+00 6.494270e-01 1.083736e-01 7.526618e-01 1.857020e+02
9.201937e-01 -2.693152e-01 2.841001e-01 -1.850616e+01 2.408558e-01 9.616183e-01 1.314483e-01 -3.204241e+00 -3.085969e-01 -5.253073e-02 9.497413e-01 1.864450e+02
7.695694e-01 3.565961e-01 -5.297190e-01 -1.850671e+01 -3.240054e-01 9.328881e-01 1.572902e-01 -3.219381e+00 5.502576e-01 5.058609e-02 8.334612e-01 1.871157e+02
8.572218e-01 -3.553634e-01 3.726763e-01 -1.845805e+01 3.258739e-01 9.347282e-01 1.417370e-01 -3.240540e+00 -3.987192e-01 -5.451641e-05 9.170731e-01 1.880070e+02
7.860630e-01 4.199821e-01 -4.535636e-01 -1.841134e+01 -3.767778e-01 9.072189e-01 1.870622e-01 -3.261297e+00 4.900443e-01 2.385003e-02 8.713712e-01 1.888689e+02
8.438563e-01 -4.092525e-01 3.470144e-01 -1.835794e+01 3.956369e-01 9.114502e-01 1.128270e-01 -3.281587e+00 -3.624610e-01 4.208193e-02 9.310484e-01 1.896927e+02
8.484086e-01 4.258196e-01 -3.144526e-01 -1.824807e+01 -4.074063e-01 9.045536e-01 1.257093e-01 -3.296305e+00 3.379688e-01 2.145709e-02 9.409127e-01 1.901189e+02
9.048679e-01 -4.019495e-01 1.401807e-01 -1.820248e+01 3.906854e-01 9.149106e-01 1.015059e-01 -3.315889e+00 -1.690531e-01 -3.708286e-02 9.849091e-01 1.909490e+02
8.633979e-01 4.556600e-01 -2.166056e-01 -1.817000e+01 -4.355304e-01 8.898568e-01 1.358976e-01 -3.337264e+00 2.546710e-01 -2.299540e-02 9.667543e-01 1.919068e+02
8.951327e-01 -4.277124e-01 1.256960e-01 -1.811180e+01 4.215588e-01 9.038254e-01 7.340163e-02 -3.357226e+00 -1.450020e-01 -1.271594e-02 9.893496e-01 1.927120e+02
8.522628e-01 4.789710e-01 -2.103211e-01 -1.806720e+01 -4.483660e-01 8.759537e-01 1.779695e-01 -3.377532e+00 2.694738e-01 -5.737600e-02 9.612970e-01 1.935714e+02
8.643861e-01 -4.388474e-01 2.454581e-01 -1.772734e+01 4.452948e-01 8.948223e-01 3.171172e-02 -3.390226e+00 -2.335580e-01 8.189004e-02 9.688884e-01 1.938784e+02
7.890108e-01 5.334752e-01 -3.047394e-01 -1.726424e+01 -4.785838e-01 8.447104e-01 2.396286e-01 -3.401728e+00 3.852524e-01 -4.322626e-02 9.217983e-01 1.940554e+02
8.654290e-01 -4.736525e-01 1.633582e-01 -1.721709e+01 4.834798e-01 8.750194e-01 -2.425553e-02 -3.418779e+00 -1.314529e-01 9.997184e-02 9.862686e-01 1.947448e+02
8.440104e-01 5.205190e-01 -1.292530e-01 -1.724916e+01 -4.767955e-01 8.385649e-01 2.635809e-01 -3.439554e+00 2.455859e-01 -1.608378e-01 9.559387e-01 1.957606e+02
8.761528e-01 -4.728410e-01 9.368922e-02 -1.729772e+01 4.818561e-01 8.643995e-01 -1.436250e-01 -3.454514e+00 -1.307316e-02 1.709821e-01 9.851874e-01 1.964689e+02
8.694063e-01 4.938417e-01 1.590701e-02 -1.729168e+01 -4.791169e-01 8.347416e-01 2.713915e-01 -3.471172e+00 1.207462e-01 -2.435708e-01 9.623376e-01 1.971396e+02
8.955557e-01 -4.053502e-01 -1.834972e-01 -1.726441e+01 3.718813e-01 9.083091e-01 -1.915173e-01 -3.494421e+00 2.443038e-01 1.032752e-01 9.641835e-01 1.982249e+02
9.135650e-01 3.854861e-01 1.296127e-01 -1.723776e+01 -4.063463e-01 8.783417e-01 2.517905e-01 -3.506952e+00 -1.678254e-02 -2.826947e-01 9.590631e-01 1.986767e+02
9.049927e-01 -3.500395e-01 -2.417861e-01 -1.722576e+01 2.927505e-01 9.247773e-01 -2.430723e-01 -3.521298e+00 3.086832e-01 1.491956e-01 9.393909e-01 1.992566e+02
9.391878e-01 3.112047e-01 1.451820e-01 -1.719900e+01 -3.427057e-01 8.763397e-01 3.384990e-01 -3.538736e+00 -2.188624e-02 -3.676688e-01 9.296992e-01 2.000018e+02
9.360173e-01 -2.950321e-01 -1.919052e-01 -1.715826e+01 2.300099e-01 9.254850e-01 -3.009534e-01 -3.554147e+00 2.663963e-01 2.375575e-01 9.341303e-01 2.005754e+02
9.597666e-01 2.528302e-01 1.221678e-01 -1.713472e+01 -2.807990e-01 8.642515e-01 4.173982e-01 -3.572601e+00 -5.277716e-05 -4.349094e-01 9.004742e-01 2.013599e+02
9.533340e-01 -2.402770e-01 -1.828150e-01 -1.711995e+01 1.634928e-01 9.198947e-01 -3.564601e-01 -3.590132e+00 2.538197e-01 3.099366e-01 9.162504e-01 2.020947e+02
9.656880e-01 1.529424e-01 2.098937e-01 -1.711267e+01 -2.299172e-01 8.792995e-01 4.170976e-01 -3.605666e+00 -1.207676e-01 -4.510443e-01 8.842931e-01 2.027083e+02
9.675404e-01 -2.111398e-01 -1.388723e-01 -1.708739e+01 1.496132e-01 9.214365e-01 -3.585675e-01 -3.622347e+00 2.036699e-01 3.261514e-01 9.231164e-01 2.033401e+02
9.677797e-01 1.323854e-01 2.141882e-01 -1.704658e+01 -2.141468e-01 8.801896e-01 4.235652e-01 -3.638243e+00 -1.324523e-01 -4.557855e-01 8.801795e-01 2.039136e+02
9.572691e-01 -2.002196e-01 -2.086817e-01 -1.706649e+01 1.018020e-01 9.086946e-01 -4.048585e-01 -3.648578e+00 2.706886e-01 3.663143e-01 8.902480e-01 2.042637e+02
9.807263e-01 1.137984e-01 1.588263e-01 -1.704713e+01 -1.715431e-01 8.906394e-01 4.211109e-01 -3.654930e+00 -9.353525e-02 -4.402401e-01 8.929949e-01 2.043439e+02
9.786570e-01 -1.598451e-01 -1.291513e-01 -1.691209e+01 1.036052e-01 9.265369e-01 -3.616565e-01 -3.667420e+00 1.774724e-01 3.405569e-01 9.233225e-01 2.046130e+02
9.595799e-01 4.780964e-02 2.773457e-01 -1.676828e+01 -1.481680e-01 9.236564e-01 3.534193e-01 -3.673820e+00 -2.392753e-01 -3.802278e-01 8.934059e-01 2.045902e+02
9.145459e-01 -1.156504e-01 -3.875962e-01 -1.684380e+01 -1.832858e-02 9.454195e-01 -3.253399e-01 -3.679369e+00 4.040667e-01 3.046423e-01 8.625098e-01 2.048107e+02
9.888644e-01 1.014104e-02 1.484734e-01 -1.701703e+01 -6.298932e-02 9.324233e-01 3.558358e-01 -3.678163e+00 -1.348315e-01 -3.612256e-01 9.226790e-01 2.048164e+02
9.554636e-01 -3.708790e-02 -2.927692e-01 -1.707462e+01 -6.008631e-02 9.468414e-01 -3.160396e-01 -3.681554e+00 2.889273e-01 3.195557e-01 9.024440e-01 2.048269e+02
9.947141e-01 -4.758437e-02 9.099194e-02 -1.709981e+01 8.871491e-03 9.226560e-01 3.855221e-01 -3.689285e+00 -1.022991e-01 -3.826770e-01 9.182011e-01 2.050564e+02
9.553821e-01 4.612198e-02 -2.917495e-01 -1.705143e+01 -1.412722e-01 9.387837e-01 -3.142091e-01 -3.696472e+00 2.593978e-01 3.414058e-01 9.034129e-01 2.051763e+02
