1.000000e+00 1.197625e-11 1.704638e-10 1.665335e-16 1.197625e-11 1.000000e+00 3.562503e-10 -1.110223e-16 1.704638e-10 3.562503e-10 1.000000e+00 2.220446e-16 0.000000e+00 0.000000e+00 0.000000e+00 1.000000e+00
6.933684e-01 1.404160e-01 -7.067699e-01 -5.992351e-03 -9.361305e-02 9.900710e-01 1.048622e-01 -3.461791e-04 7.144766e-01 -6.545252e-03 6.996287e-01 1.569637e-01
9.353960e-01 -8.144958e-02 3.440935e-01 -4.227271e-02 6.744683e-02 9.963411e-01 5.249174e-02 -1.211237e-02 -3.471099e-01 -2.589255e-02 9.374670e-01 6.998481e-01
7.901508e-01 1.740961e-01 -5.876669e-01 -2.211292e-02 -1.240411e-01 9.843919e-01 1.248456e-01 -2.633927e-02 6.002296e-01 -2.575204e-02 7.994131e-01 1.283003e+00
9.281350e-01 -1.301750e-01 3.487403e-01 3.372429e-03 1.272081e-01 9.913757e-01 3.150209e-02 -3.861871e-02 -3.498334e-01 1.512441e-02 9.366898e-01 1.730260e+00
7.691583e-01 2.131572e-01 -6.024612e-01 5.534258e-03 -1.559241e-01 9.768374e-01 1.465482e-01 -4.864150e-02 6.197444e-01 -1.878052e-02 7.845790e-01 2.079488e+00
8.867107e-01 -1.711731e-01 4.294693e-01 1.523532e-02 1.787662e-01 9.836239e-01 2.294936e-02 -6.048418e-02 -4.263646e-01 5.642514e-02 9.027898e-01 2.503367e+00
6.845758e-01 2.543242e-01 -6.831363e-01 -5.835354e-03 -1.810521e-01 9.671180e-01 1.786139e-01 -6.744018e-02 7.060993e-01 1.408564e-03 7.081115e-01 2.672505e+00
8.233151e-01 -2.015817e-01 5.305819e-01 -1.046703e-02 2.240642e-01 9.743150e-01 2.248221e-02 -7.779873e-02 -5.214859e-01 1.003744e-01 8.473355e-01 3.019832e+00
6.076499e-01 3.275687e-01 -7.235056e-01 -5.536892e-02 -2.063091e-01 9.448121e-01 2.544930e-01 -8.907427e-02 7.669407e-01 -5.376833e-03 6.416954e-01 3.520810e+00
6.149990e-01 -2.353190e-01 7.525963e-01 -5.070906e-02 3.309951e-01 9.433151e-01 2.447304e-02 -9.750962e-02 -7.156944e-01 2.340548e-01 6.580272e-01 3.726976e+00
3.902072e-01 4.410881e-01 -8.081953e-01 -9.075439e-02 -2.020871e-01 8.974049e-01 3.922057e-01 -1.099512e-01 8.982757e-01 1.028439e-02 4.393121e-01 4.296705e+00
6.410819e-01 -2.363567e-01 7.301709e-01 -1.085738e-01 3.850945e-01 9.220251e-01 -3.964868e-02 -1.217802e-01 -6.638647e-01 3.066028e-01 6.821132e-01 4.799163e+00
-1.080870e-01 5.522665e-01 -8.266311e-01 -2.696821e-01 -2.829795e-02 8.294564e-01 5.578542e-01 -1.296163e-01 9.937386e-01 8.368877e-02 -7.402547e-02 5.476056e+00
6.425840e-01 -7.119154e-02 7.629007e-01 -4.272800e-01 3.641478e-01 9.044168e-01 -2.223209e-01 -1.376043e-01 -6.741529e-01 4.206685e-01 6.070881e-01 6.114505e+00
3.710918e-01 4.634518e-01 -8.046759e-01 -3.852814e-01 3.047514e-02 8.600059e-01 5.093732e-01 -1.482731e-01 9.280960e-01 -2.135469e-01 3.050174e-01 6.483358e+00
6.048878e-01 -2.220330e-02 7.960011e-01 -1.905259e-01 3.507960e-01 9.048205e-01 -2.413341e-01 -1.594658e-01 -7.148797e-01 4.252140e-01 5.551037e-01 6.827804e+00
2.699588e-01 5.015353e-01 -8.219395e-01 -1.800163e-01 8.042641e-02 8.389051e-01 5.383028e-01 -1.743632e-01 9.595071e-01 -2.114252e-01 1.861331e-01 7.485386e+00
-1.411657e-01 3.853211e-02 9.892358e-01 4.419162e-01 5.722520e-01 8.185657e-01 4.977710e-02 -1.856285e-01 -8.078365e-01 5.731190e-01 -1.376035e-01 7.665956e+00
2.124166e-01 6.091660e-01 -7.640655e-01 1.445338e+00 -1.673608e-01 7.930352e-01 5.857350e-01 -1.940288e-01 9.627407e-01 3.454792e-03 2.704043e-01 7.675061e+00
-2.858360e-01 -2.024752e-01 9.366438e-01 3.205967e+00 5.353105e-01 7.769628e-01 3.313177e-01 -1.976714e-01 -7.948210e-01 5.960978e-01 -1.136969e-01 7.316781e+00
2.176448e-01 5.768538e-01 -7.873185e-01 4.687712e+00 -5.060028e-01 7.564743e-01 4.143764e-01 -2.115638e-01 8.346208e-01 3.081985e-01 4.565323e-01 7.230982e+00
-2.822853e-03 -5.748733e-01 8.182376e-01 5.339645e+00 4.763804e-01 7.186556e-01 5.065529e-01 -2.270448e-01 -8.792348e-01 3.912223e-01 2.718297e-01 7.668686e+00
4.338493e-01 5.110793e-01 -7.420059e-01 6.500395e+00 -6.718962e-01 7.322083e-01 1.114746e-01 -2.358444e-01 6.002752e-01 4.501877e-01 6.610602e-01 7.689139e+00
2.625556e-01 -7.270304e-01 6.344220e-01 7.020407e+00 3.772106e-01 6.825027e-01 6.260209e-01 -2.534892e-01 -8.881310e-01 7.494537e-02 4.534385e-01 7.981421e+00
3.228875e-01 3.964692e-01 -8.593927e-01 6.512937e+00 -7.032581e-01 7.081833e-01 6.248557e-02 -2.566999e-01 6.333812e-01 5.841991e-01 5.074837e-01 9.033557e+00
-6.178757e-02 -6.728969e-01 7.371513e-01 5.678573e+00 2.257965e-01 7.099908e-01 6.670300e-01 -2.507938e-01 -9.722131e-01 2.076604e-01 1.080692e-01 1.025786e+01
5.558568e-01 7.744213e-02 -8.276629e-01 3.972574e+00 -4.846619e-01 8.391074e-01 -2.469850e-01 -2.186249e-01 6.753711e-01 5.384250e-01 5.039568e-01 1.184774e+01
-5.445677e-01 -2.083045e-01 8.124379e-01 2.244164e+00 -5.095420e-02 9.750950e-01 2.158549e-01 -1.867525e-01 -8.371677e-01 7.615047e-02 -5.416192e-01 1.340720e+01
4.035046e-01 -1.524603e-01 -9.021862e-01 1.056465e+00 1.010596e-01 9.874132e-01 -1.216637e-01 -1.742224e-01 9.093795e-01 -4.208266e-02 4.138333e-01 1.486280e+01
4.926289e-02 2.019002e-01 9.781664e-01 -8.161223e-02 4.996873e-02 9.776309e-01 -2.043062e-01 -1.612219e-01 -9.975351e-01 5.894244e-02 3.807223e-02 1.639474e+01
5.973713e-01 -1.053149e-01 -7.950197e-01 -1.131139e+00 3.263551e-01 9.374661e-01 1.210360e-01 -1.478761e-01 7.325571e-01 -3.317621e-01 5.943854e-01 1.761120e+01
4.568728e-01 3.292726e-01 8.263455e-01 -1.973717e+00 6.215850e-02 9.148781e-01 -3.989165e-01 -1.433913e-01 -8.873576e-01 2.336185e-01 3.975158e-01 1.897104e+01
6.282347e-01 -7.122378e-02 -7.747570e-01 -3.020583e+00 3.794190e-01 8.974087e-01 2.251639e-01 -1.243209e-01 6.792366e-01 -4.354133e-01 5.908070e-01 1.992215e+01
1.487637e-02 4.686428e-01 8.832625e-01 -4.379393e+00 5.878244e-01 7.104875e-01 -3.868720e-01 -8.564687e-02 -8.088518e-01 5.249585e-01 -2.649102e-01 2.029687e+01
7.887473e-01 2.817956e-01 -5.463231e-01 -5.858636e+00 1.877785e-01 7.358076e-01 6.506354e-01 -3.388040e-02 5.853349e-01 -6.157747e-01 5.274511e-01 2.015294e+01
-8.121243e-02 2.760216e-01 9.577143e-01 -7.628630e+00 9.451067e-01 3.264640e-01 -1.394642e-02 3.025391e-02 -3.165088e-01 9.040096e-01 -2.873828e-01 1.985941e+01
7.382803e-01 6.472699e-01 -1.896943e-01 -9.852999e+00 -4.663431e-01 6.930304e-01 5.497572e-01 1.102604e-01 4.873052e-01 -3.174123e-01 8.135005e-01 1.964383e+01
6.195671e-01 -5.164999e-01 5.910706e-01 -1.146508e+01 7.742387e-01 5.260586e-01 -3.518761e-01 1.668028e-01 -1.291938e-01 6.756406e-01 7.258228e-01 1.961202e+01
1.731036e-01 8.536130e-01 -4.913044e-01 -1.338365e+01 2.360873e-01 4.483290e-01 8.621275e-01 2.134003e-01 9.561893e-01 -2.652281e-01 -1.239198e-01 2.130049e+01
9.258708e-01 3.265157e-01 1.901335e-01 -1.602697e+01 -2.052347e-03 5.075500e-01 -8.616199e-01 2.710556e-01 -3.778346e-01 7.973585e-01 4.705959e-01 2.426326e+01
3.169682e-01 -1.028420e-01 -9.428439e-01 -1.857174e+01 7.575455e-01 6.255927e-01 1.864366e-01 3.235447e-01 5.706628e-01 -7.733416e-01 2.762005e-01 2.721508e+01
5.629672e-01 8.145219e-01 1.400789e-01 -2.021305e+01 -7.159218e-01 5.652881e-01 -4.097626e-01 3.492671e-01 -4.129455e-01 1.303974e-01 9.013726e-01 2.955919e+01
3.952887e-01 -8.087443e-01 -4.355221e-01 -2.171616e+01 8.307278e-01 5.170788e-01 -2.062057e-01 3.841527e-01 3.919670e-01 -2.802896e-01 8.762418e-01 3.085748e+01
2.611484e-01 8.460573e-01 4.647457e-01 -2.345427e+01 -3.862019e-03 4.823647e-01 -8.759620e-01 4.443338e-01 -9.652910e-01 2.269612e-01 1.292362e-01 3.075189e+01
1.503196e-01 -1.355929e-01 -9.792949e-01 -2.418345e+01 9.207127e-01 3.800246e-01 8.870928e-02 4.669970e-01 3.601279e-01 -9.149841e-01 1.819672e-01 3.074330e+01
2.481827e-01 8.950796e-01 3.704562e-01 -2.428105e+01 -6.378224e-01 4.388166e-01 -6.329476e-01 4.547829e-01 -7.291008e-01 -7.919863e-02 6.798085e-01 3.147031e+01
-1.317673e-01 -5.307142e-01 -8.372454e-01 -2.452711e+01 6.785557e-01 5.674217e-01 -4.664705e-01 4.474844e-01 7.226337e-01 -6.295832e-01 2.853515e-01 3.226606e+01
3.659790e-01 6.329446e-01 6.822319e-01 -2.474833e+01 -8.769066e-01 4.800059e-01 2.508282e-02 4.404350e-01 -3.115993e-01 -6.074335e-01 7.307054e-01 3.299481e+01
1.552403e-01 -7.399318e-01 -6.545238e-01 -2.521206e+01 -3.986754e-02 6.573238e-01 -7.525530e-01 4.232761e-01 9.870719e-01 1.429208e-01 7.254390e-02 3.492383e+01
4.314259e-01 2.976682e-02 9.016572e-01 -2.594097e+01 -6.763697e-01 6.720536e-01 3.014433e-01 4.215582e-01 -5.969889e-01 -7.399040e-01 3.100747e-01 3.652421e+01
5.502040e-01 -8.061581e-01 -2.176803e-01 -2.639863e+01 5.872128e-01 5.588775e-01 -5.855228e-01 4.264110e-01 5.936806e-01 1.943323e-01 7.808830e-01 3.687669e+01
4.929496e-01 5.552920e-01 6.698145e-01 -2.648951e+01 -8.087258e-01 5.763569e-01 1.173678e-01 4.138141e-01 -3.208788e-01 -5.995527e-01 7.331939e-01 3.753330e+01
4.262123e-01 -7.117881e-01 -5.583017e-01 -2.643997e+01 3.344017e-01 6.974177e-01 -6.338644e-01 3.966512e-01 8.405466e-01 8.346372e-02 5.352712e-01 3.823872e+01
7.606577e-01 2.835390e-01 5.839568e-01 -2.642692e+01 -6.298494e-01 5.401049e-01 5.581902e-01 3.754854e-01 -1.571293e-01 -7.923966e-01 5.894218e-01 3.927897e+01
5.892379e-01 -4.620310e-01 -6.628167e-01 -2.645607e+01 -2.403503e-01 6.829832e-01 -6.897577e-01 3.536633e-01 7.713821e-01 5.657396e-01 2.913904e-01 4.042253e+01
8.445309e-01 -2.588509e-01 4.687898e-01 -2.640213e+01 -2.793564e-01 5.338999e-01 7.980669e-01 3.323313e-01 -4.568672e-01 -8.049516e-01 3.785833e-01 4.131823e+01
6.109320e-01 -1.003811e-01 -7.852934e-01 -2.637334e+01 -5.845393e-01 6.117798e-01 -5.329534e-01 3.132193e-01 5.339251e-01 7.846331e-01 3.150791e-01 4.212403e+01
7.371506e-01 -2.507385e-01 -6.274865e-01 -2.676559e+01 6.674020e-01 4.154877e-01 6.180166e-01 2.575575e-01 1.057524e-01 -8.743570e-01 4.736204e-01 4.612852e+01
1.219415e-01 8.791806e-01 -4.606210e-01 -2.734979e+01 -8.788437e-01 3.113165e-01 3.615465e-01 2.201279e-01 4.612636e-01 3.607263e-01 8.106247e-01 4.964248e+01
4.499056e-01 -8.588750e-01 2.447829e-01 -2.758623e+01 8.898275e-01 4.077452e-01 -2.048192e-01 2.212565e-01 7.610510e-02 3.099638e-01 9.476974e-01 4.991215e+01
4.519596e-01 8.388809e-01 3.033338e-01 -2.759176e+01 -8.428484e-01 5.129491e-01 -1.627573e-01 2.151152e-01 -2.921287e-01 -1.821047e-01 9.388816e-01 4.997359e+01
4.180336e-01 -9.083206e-01 -1.420103e-02 -2.768327e+01 8.719306e-01 3.968011e-01 2.868552e-01 2.148097e-01 -2.549215e-01 -1.322974e-01 9.578687e-01 4.987269e+01
1.260712e-01 9.671852e-01 -2.205876e-01 -2.790723e+01 -8.739645e-01 2.134928e-01 4.365855e-01 1.935089e-01 4.693529e-01 1.377449e-01 8.722008e-01 5.132221e+01
4.846631e-01 -8.707145e-01 -8.341428e-02 -2.825369e+01 6.660284e-01 4.291762e-01 -6.100934e-01 1.523949e-01 5.670166e-01 2.401335e-01 7.879264e-01 5.430032e+01
6.914478e-01 6.820367e-01 2.381721e-01 -2.845504e+01 -5.254174e-01 2.485012e-01 8.137467e-01 1.361884e-01 4.958191e-01 -6.878031e-01 5.301795e-01 5.545641e+01
8.548531e-01 -4.780310e-01 2.017736e-01 -2.839871e+01 4.870935e-01 6.053411e-01 -6.295253e-01 8.042214e-02 1.787907e-01 6.364342e-01 7.503235e-01 5.831798e+01
8.622411e-01 3.886895e-01 3.247470e-01 -2.838761e+01 -4.690093e-01 3.706359e-01 8.016603e-01 2.776326e-02 1.912341e-01 -8.435339e-01 5.018766e-01 6.113876e+01
8.994064e-01 -4.244770e-01 -1.043428e-01 -2.843107e+01 1.206653e-01 4.705372e-01 -8.740908e-01 1.588325e-02 4.201286e-01 7.735722e-01 4.744238e-01 6.164220e+01
9.068261e-01 9.715072e-02 4.101563e-01 -2.841756e+01 -4.100834e-01 4.283356e-01 8.052082e-01 5.776654e-03 -9.745797e-02 -8.983821e-01 4.282657e-01 6.188407e+01
9.032341e-01 -3.770766e-01 -2.048938e-01 -2.839097e+01 1.853223e-03 4.808656e-01 -8.767923e-01 -4.666320e-03 4.291442e-01 7.915690e-01 4.350330e-01 6.214199e+01
8.238702e-01 -5.338064e-02 5.642592e-01 -2.837334e+01 -4.802463e-01 4.629646e-01 7.450015e-01 -1.603754e-02 -3.010007e-01 -8.847679e-01 3.557869e-01 6.243286e+01
7.798197e-01 -4.495428e-01 -4.356518e-01 -2.853557e+01 -1.806931e-01 5.046622e-01 -8.441955e-01 -1.965592e-02 5.993590e-01 7.370396e-01 3.123163e-01 6.269098e+01
9.415686e-01 -1.511098e-01 3.010224e-01 -2.858974e+01 -2.168632e-01 4.118499e-01 8.850706e-01 -2.949808e-02 -2.577189e-01 -8.986353e-01 3.550148e-01 6.310559e+01
8.684918e-01 -1.339949e-01 -4.772499e-01 -2.855675e+01 -3.642885e-01 4.804110e-01 -7.978090e-01 -4.290928e-02 3.361784e-01 8.667472e-01 3.684202e-01 6.353836e+01
9.055940e-01 -3.600932e-01 2.241258e-01 -2.844692e+01 -6.598845e-02 4.023676e-01 9.130968e-01 -5.510781e-02 -4.189809e-01 -8.416847e-01 3.406197e-01 6.382597e+01
7.378837e-01 5.908935e-02 -6.723363e-01 -2.845955e+01 -6.209123e-01 4.499185e-01 -6.419044e-01 -6.654327e-02 2.645669e-01 8.911126e-01 3.686769e-01 6.425967e+01
8.059722e-01 -5.918963e-01 -8.221070e-03 -2.859577e+01 3.162746e-01 4.188415e-01 8.512005e-01 -7.115913e-02 -5.003791e-01 -6.886440e-01 5.247763e-01 6.456899e+01
8.455017e-01 2.848802e-01 -4.516305e-01 -2.875670e+01 -5.339217e-01 4.393556e-01 -7.224225e-01 -6.879599e-02 -7.377481e-03 8.519448e-01 5.235796e-01 6.441427e+01
8.012278e-01 -5.687069e-01 1.860279e-01 -2.862438e+01 9.082124e-02 4.228812e-01 9.016224e-01 -7.410588e-02 -5.914266e-01 -7.055097e-01 3.904748e-01 6.432420e+01
9.270272e-01 9.260316e-02 -3.633804e-01 -2.841723e+01 -3.632320e-01 4.625421e-01 -8.087752e-01 -8.418911e-02 9.318356e-02 8.817480e-01 4.624255e-01 6.444836e+01
8.996504e-01 -3.771625e-01 2.199489e-01 -2.827074e+01 -3.884774e-02 4.326181e-01 9.007399e-01 -9.121073e-02 -4.348792e-01 -8.188956e-01 3.745531e-01 6.444581e+01
9.367825e-01 -1.865833e-02 -3.494143e-01 -2.817304e+01 -2.978555e-01 4.815265e-01 -8.242660e-01 -1.004744e-01 1.836316e-01 8.762329e-01 4.455281e-01 6.457953e+01
9.371826e-01 -3.019361e-01 1.747095e-01 -2.813795e+01 -1.779994e-02 4.587875e-01 8.883677e-01 -1.033546e-01 -3.483848e-01 -8.356726e-01 4.245932e-01 6.439819e+01
8.778727e-01 2.872745e-03 -4.788854e-01 -2.822941e+01 -4.240281e-01 4.694235e-01 -7.744946e-01 -9.979750e-02 2.225751e-01 8.829685e-01 4.133122e-01 6.404454e+01
9.012145e-01 -4.269191e-01 7.451538e-02 -2.829699e+01 1.412418e-01 4.518973e-01 8.808176e-01 -9.621617e-02 -4.097112e-01 -7.832809e-01 4.675552e-01 6.371153e+01
7.643367e-01 2.341442e-01 -6.008044e-01 -2.822958e+01 -6.283710e-01 4.795588e-01 -6.125139e-01 -1.053787e-01 1.447044e-01 8.456949e-01 5.136738e-01 6.396138e+01
7.982837e-01 -5.728555e-01 -1.859565e-01 -2.818924e+01 4.816200e-01 4.217737e-01 7.682117e-01 -1.154920e-01 -3.616427e-01 -7.028112e-01 6.125937e-01 6.428621e+01
6.563871e-01 5.495201e-01 -5.168981e-01 -2.820746e+01 -7.526017e-01 4.293583e-01 -4.992416e-01 -1.238828e-01 -5.240875e-02 7.167141e-01 6.953950e-01 6.457261e+01
6.505579e-01 -7.264300e-01 -2.215263e-01 -2.823786e+01 6.657704e-01 4.051587e-01 6.265750e-01 -1.310414e-01 -3.654096e-01 -5.551089e-01 7.472148e-01 6.477572e+01
2.849682e-01 7.199742e-01 -6.327956e-01 -2.798533e+01 -9.152662e-01 4.004945e-01 4.349571e-02 -1.268357e-01 2.847469e-01 5.667816e-01 7.730963e-01 6.427901e+01
4.509713e-01 -8.909390e-01 -5.340966e-02 -2.745019e+01 8.923529e-01 4.488492e-01 4.733682e-02 -1.235660e-01 -1.820134e-02 -6.900781e-02 9.974501e-01 6.366356e+01
4.458795e-01 8.915757e-01 7.927330e-02 -2.735524e+01 -8.811973e-01 4.527776e-01 -1.359552e-01 -1.338354e-01 -1.571075e-01 -9.235788e-03 9.875383e-01 6.387340e+01
4.563094e-01 -8.831274e-01 -1.089392e-01 -2.722326e+01 8.810959e-01 4.313331e-01 1.939636e-01 -1.461141e-01 -1.243055e-01 -1.844933e-01 9.749412e-01 6.417714e+01
4.134516e-01 9.081357e-01 -6.593400e-02 -2.715241e+01 -9.098935e-01 4.093809e-01 -6.708986e-02 -1.605959e-01 -3.393458e-02 8.773133e-02 9.955660e-01 6.468040e+01
4.117355e-01 -9.052974e-01 -1.044530e-01 -2.715031e+01 9.087156e-01 3.992287e-01 1.218704e-01 -1.755318e-01 -6.862835e-02 -1.450965e-01 9.870345e-01 6.526650e+01
4.069866e-01 9.119030e-01 -5.286508e-02 -2.676011e+01 -9.131355e-01 4.046918e-01 -4.907263e-02 -1.806064e-01 -2.335541e-02 6.824489e-02 9.973952e-01 6.515677e+01
4.027886e-01 -8.458439e-01 -3.497277e-01 -2.643908e+01 7.724372e-01 5.191100e-01 -3.658765e-01 -1.826570e-01 4.910216e-01 -1.227718e-01 8.624528e-01 6.497753e+01
5.625065e-01 8.087997e-01 1.715501e-01 -2.642216e+01 -7.215642e-01 3.789330e-01 5.794436e-01 -1.813619e-01 4.036478e-01 -4.497252e-01 7.967532e-01 6.494223e+01
6.494094e-01 -7.309779e-01 2.096157e-01 -2.610907e+01 6.728932e-01 4.239766e-01 -6.061836e-01 -1.849500e-01 3.542347e-01 5.347103e-01 7.672045e-01 6.479387e+01
6.499193e-01 6.695010e-01 3.596850e-01 -2.601777e+01 -6.956011e-01 3.333491e-01 6.364098e-01 -1.982412e-01 3.061763e-01 -6.638123e-01 6.823557e-01 6.515482e+01
6.898731e-01 -7.124734e-01 1.282841e-01 -2.593071e+01 5.524589e-01 4.036204e-01 -7.293008e-01 -2.086694e-01 4.678294e-01 5.739967e-01 6.720592e-01 6.533367e+01
8.022724e-01 5.636987e-01 1.964757e-01 -2.559635e+01 -4.338377e-01 3.244851e-01 8.405321e-01 -2.100177e-01 4.100534e-01 -7.595744e-01 5.048792e-01 6.506050e+01
8.677513e-01 -4.251250e-01 -2.574419e-01 -2.506281e+01 -7.632489e-02 3.978583e-01 -9.142665e-01 -2.054494e-01 4.911029e-01 8.130052e-01 3.127945e-01 6.446346e+01
5.834769e-01 4.465923e-04 -8.121296e-01 -2.420075e+01 7.669544e-01 3.285698e-01 5.512013e-01 -1.849208e-01 2.670874e-01 -9.444796e-01 1.913704e-01 6.294898e+01
4.304222e-01 8.500758e-01 -3.034927e-01 -2.334926e+01 -8.899171e-01 3.434268e-01 -3.001760e-01 -1.731336e-01 -1.509448e-01 3.992857e-01 9.043155e-01 6.170647e+01
2.803270e-01 -8.558212e-01 -4.347263e-01 -2.285766e+01 9.213373e-01 3.669733e-01 -1.283285e-01 -1.706243e-01 2.693592e-01 -3.645556e-01 8.913725e-01 6.120360e+01
3.354082e-01 9.262433e-01 1.719731e-01 -2.236972e+01 -9.319139e-01 2.994800e-01 2.045683e-01 -1.697825e-01 1.379775e-01 -2.288780e-01 9.636270e-01 6.073855e+01
3.945996e-01 -9.087456e-01 -1.359142e-01 -2.208348e+01 6.770208e-01 3.875536e-01 -6.256557e-01 -1.707460e-01 6.212359e-01 1.548668e-01 7.681681e-01 6.050885e+01
4.076270e-01 6.028811e-01 6.858386e-01 -2.198757e+01 -9.116588e-01 3.115698e-01 2.679599e-01 -1.899350e-01 -5.213862e-02 -7.344785e-01 6.766262e-01 6.123010e+01
4.209900e-01 -8.776201e-01 -2.292386e-01 -2.196455e+01 5.208635e-01 4.408023e-01 -7.310229e-01 -2.119058e-01 7.426093e-01 1.883513e-01 6.426937e-01 6.220809e+01
4.927836e-01 4.553498e-01 7.414991e-01 -2.190634e+01 -8.591365e-01 3.897707e-01 3.316071e-01 -2.272433e-01 -1.380173e-01 -8.004595e-01 5.832803e-01 6.278426e+01
2.995648e-01 -8.188547e-01 -4.896303e-01 -2.150311e+01 -1.350239e-01 4.716464e-01 -8.713887e-01 -2.259815e-01 9.444731e-01 3.271492e-01 3.072372e-02 6.238479e+01
8.604884e-01 -1.482547e-01 4.874221e-01 -2.098674e+01 -4.107590e-01 3.640923e-01 8.358910e-01 -2.225898e-01 -3.013914e-01 -9.194875e-01 2.524003e-01 6.177246e+01
5.076482e-01 -3.316156e-01 -7.951883e-01 -2.050471e+01 -6.813335e-01 4.103889e-01 -6.061069e-01 -2.202387e-01 5.273310e-01 8.494775e-01 -1.760767e-02 6.127337e+01
7.468466e-01 -6.562770e-01 1.073343e-01 -2.005971e+01 1.524036e-01 3.260276e-01 9.329947e-01 -2.203347e-01 -6.472969e-01 -6.804458e-01 3.435115e-01 6.090422e+01
5.503745e-01 2.329427e-01 -8.017641e-01 -1.968124e+01 -8.191911e-01 3.361701e-01 -4.646672e-01 -2.249748e-01 1.612883e-01 9.125390e-01 3.758440e-01 6.081486e+01
5.787429e-01 -8.152634e-01 2.005589e-02 -1.966145e+01 2.976565e-01 2.340703e-01 9.255332e-01 -2.421795e-01 -7.592478e-01 -5.296760e-01 3.781350e-01 6.150837e+01
4.648889e-01 4.140032e-01 -7.826108e-01 -1.966222e+01 -8.840072e-01 2.660583e-01 -3.843752e-01 -2.596118e-01 4.908758e-02 8.705253e-01 4.896693e-01 6.227414e+01
4.648984e-01 -8.846648e-01 -3.518175e-02 -1.966517e+01 3.664167e-01 1.560766e-01 9.172671e-01 -2.795844e-01 -8.059828e-01 -4.393272e-01 3.967158e-01 6.317157e+01
5.896982e-01 4.454754e-01 -6.736525e-01 -1.965853e+01 -8.022352e-01 2.269065e-01 -5.522067e-01 -3.006765e-01 -9.313838e-02 8.660630e-01 4.911823e-01 6.409823e+01
5.977351e-01 -7.834432e-01 -1.700869e-01 -1.959966e+01 4.094334e-01 1.159155e-01 9.049464e-01 -3.201189e-01 -6.892583e-01 -6.105575e-01 3.900545e-01 6.486623e+01
4.047072e-01 4.976151e-01 -7.671970e-01 -1.946687e+01 -9.097562e-01 1.342375e-01 -3.928408e-01 -3.307036e-01 -9.249688e-02 8.569478e-01 5.070353e-01 6.519776e+01
4.011874e-01 -8.903916e-01 -2.150618e-01 -1.935300e+01 5.570231e-01 5.076013e-02 8.289443e-01 -3.440270e-01 -7.271685e-01 -4.523564e-01 5.163330e-01 6.567502e+01
1.732252e-01 6.501159e-01 -7.398259e-01 -1.926941e+01 -9.789398e-01 3.126169e-02 -2.017412e-01 -3.565873e-01 -1.080269e-01 7.591917e-01 6.418396e-01 6.616476e+01
1.837935e-01 -9.568067e-01 -2.252574e-01 -1.924489e+01 6.650645e-01 -4.770139e-02 7.452609e-01 -3.744113e-01 -7.238157e-01 -2.867848e-01 6.275710e-01 6.689911e+01
-1.725900e-01 7.581565e-01 -6.288175e-01 -1.930612e+01 -9.847713e-01 -1.192481e-01 1.265120e-01 -3.865350e-01 2.093061e-02 6.410762e-01 7.671918e-01 6.755826e+01
-9.580860e-02 -9.928885e-01 -7.066238e-02 -1.933010e+01 9.288128e-01 -1.147018e-01 3.523497e-01 -4.046319e-01 -3.579491e-01 -3.187399e-02 9.331969e-01 6.845709e+01
-1.995640e-01 9.635927e-01 -1.779421e-01 -1.928422e+01 -9.742210e-01 -1.756151e-01 1.416078e-01 -4.261826e-01 1.052029e-01 2.016148e-01 9.737987e-01 6.939448e+01
-1.059661e-01 -9.939074e-01 -3.032082e-02 -1.927623e+01 9.886984e-01 -1.020607e-01 -1.098137e-01 -4.503992e-01 1.060500e-01 -4.161468e-02 9.934896e-01 7.057775e+01
-1.012753e-01 9.393846e-01 3.275666e-01 -1.937871e+01 -8.688912e-01 -2.438812e-01 4.307551e-01 -4.709300e-01 4.845320e-01 -2.409949e-01 8.409222e-01 7.179299e+01
3.462726e-01 -9.208101e-01 1.794546e-01 -1.960062e+01 4.741894e-01 6.741320e-03 -8.803971e-01 -4.912850e-01 8.094688e-01 3.899529e-01 4.389727e-01 7.330081e+01
8.056680e-01 4.804144e-01 3.465560e-01 -1.981043e+01 -2.774423e-01 -2.108715e-01 9.373148e-01 -5.054931e-01 5.233783e-01 -8.513138e-01 -3.660512e-02 7.445165e+01
9.704838e-01 -2.362495e-01 4.844975e-02 -1.988771e+01 4.934762e-02 -2.114476e-03 -9.987794e-01 -5.267028e-01 2.360636e-01 9.716901e-01 9.606287e-03 7.568253e+01
9.789042e-01 1.345683e-01 -1.537464e-01 -2.002459e+01 1.686283e-01 -1.071950e-01 9.798335e-01 -5.419681e-01 1.153737e-01 -9.850891e-01 -1.276256e-01 7.665045e+01
9.744196e-01 2.166740e-01 -5.965652e-02 -2.004069e+01 -7.272887e-02 5.286064e-02 -9.959499e-01 -5.626037e-01 -2.126430e-01 9.748118e-01 6.726690e-02 7.764255e+01
6.952321e-01 1.258080e-01 -7.076897e-01 -2.016253e+01 7.165189e-01 -4.317786e-02 6.962301e-01 -5.822168e-01 5.703479e-02 -9.911145e-01 -1.201625e-01 7.886958e+01
5.582820e-01 8.021406e-01 -2.118767e-01 -2.027950e+01 -4.367876e-01 6.705069e-02 -8.970623e-01 -5.987401e-01 -7.053636e-01 5.933589e-01 3.877982e-01 7.989547e+01
3.522268e-01 -3.179806e-01 -8.802412e-01 -2.027097e+01 9.344454e-01 6.680285e-02 3.497845e-01 -6.124676e-01 -5.242205e-02 -9.457408e-01 3.206652e-01 8.045696e+01
3.204273e-01 9.469270e-01 -2.560623e-02 -2.021894e+01 -4.388849e-01 1.244490e-01 -8.898834e-01 -6.229896e-01 -8.394679e-01 2.963811e-01 4.554689e-01 8.076487e+01
2.105115e-01 -3.460941e-01 -9.142777e-01 -2.016881e+01 9.750449e-01 1.417917e-01 1.708288e-01 -6.349059e-01 7.051421e-02 -9.274233e-01 3.673061e-01 8.114468e+01
2.055190e-01 9.677507e-01 1.456724e-01 -2.015396e+01 -4.629724e-01 2.272823e-01 -8.567376e-01 -6.492208e-01 -8.622172e-01 1.086336e-01 4.947527e-01 8.169164e+01
1.623692e-01 -3.754803e-01 -9.124970e-01 -2.014274e+01 9.695711e-01 2.324228e-01 7.688607e-02 -6.635455e-01 1.832159e-01 -8.972147e-01 4.017931e-01 8.221704e+01
1.585055e-01 9.558520e-01 2.474329e-01 -2.009971e+01 -4.777717e-01 2.935599e-01 -8.279836e-01 -6.765379e-01 -8.640661e-01 1.302349e-02 5.032099e-01 8.267374e+01
-2.465714e-01 -3.644129e-01 -8.980010e-01 -2.001249e+01 8.159404e-01 4.219175e-01 -3.952555e-01 -6.885001e-01 5.229185e-01 -8.301740e-01 1.933064e-01 8.316563e+01
-1.012558e-01 7.113853e-01 6.954697e-01 -1.999102e+01 -6.383213e-01 4.897417e-01 -5.938846e-01 -7.061932e-01 -7.630814e-01 -5.040674e-01 4.045032e-01 8.396037e+01
-7.738165e-02 -5.185999e-01 -8.515082e-01 -1.999071e+01 7.129745e-01 5.682127e-01 -4.108548e-01 -7.300820e-01 6.969070e-01 -6.388963e-01 3.257793e-01 8.505408e+01
-6.679838e-03 6.311288e-01 7.756493e-01 -2.000378e+01 -5.911685e-01 6.231125e-01 -5.121041e-01 -7.472148e-01 -8.065204e-01 -4.619602e-01 3.689412e-01 8.579254e+01
-1.726184e-01 -5.497032e-01 -8.173306e-01 -2.012147e+01 4.840278e-01 6.753480e-01 -5.564370e-01 -7.506882e-01 8.578578e-01 -4.916620e-01 1.494942e-01 8.598617e+01
-6.932094e-02 4.173050e-01 9.061187e-01 -2.022561e+01 -6.232208e-01 6.911297e-01 -3.659720e-01 -7.607039e-01 -7.789676e-01 -5.900816e-01 2.121634e-01 8.652042e+01
-9.184491e-02 -5.392092e-01 -8.371487e-01 -2.023844e+01 3.847784e-01 7.561840e-01 -5.292744e-01 -7.785193e-01 9.184280e-01 -3.707279e-01 1.380244e-01 8.731043e+01
-4.542860e-02 2.858734e-01 9.571900e-01 -2.022584e+01 -5.648374e-01 7.829579e-01 -2.606448e-01 -7.932848e-01 -8.239508e-01 -5.524974e-01 1.259033e-01 8.786140e+01
-1.744174e-01 -4.964030e-01 -8.503897e-01 -2.027235e+01 1.665132e-01 8.363203e-01 -5.223425e-01 -8.051848e-01 9.704906e-01 -2.327067e-01 -6.321115e-02 8.838539e+01
7.109306e-01 8.810744e-02 6.977211e-01 -2.091182e+01 -5.273647e-01 7.231481e-01 4.460306e-01 -7.904334e-01 -4.652571e-01 -6.850503e-01 5.605728e-01 8.890681e+01
-4.426017e-01 -4.004172e-01 -8.023527e-01 -2.240829e+01 -7.619579e-01 6.396898e-01 1.010791e-01 -7.382835e-01 4.727831e-01 6.560968e-01 -5.882288e-01 8.948044e+01
6.616759e-01 -7.406948e-01 1.164306e-01 -2.405765e+01 6.609048e-01 6.494980e-01 3.759751e-01 -6.789593e-01 -3.541042e-01 -1.718241e-01 9.192860e-01 9.010318e+01
-6.473040e-01 7.190051e-01 -2.530400e-01 -2.589719e+01 1.013557e-01 4.102166e-01 9.063384e-01 -6.127185e-01 7.554631e-01 5.610294e-01 -3.384102e-01 9.088374e+01
8.549792e-01 1.339333e-01 5.010713e-01 -2.767717e+01 3.278329e-01 6.090772e-01 -7.221846e-01 -5.478972e-01 -4.019157e-01 7.817204e-01 4.768406e-01 9.147713e+01
-3.774874e-01 4.231363e-01 -8.236862e-01 -2.908342e+01 6.965495e-01 7.158659e-01 4.852594e-02 -5.000948e-01 6.101819e-01 -5.554203e-01 -5.649657e-01 9.206402e+01
3.702205e-01 6.981079e-01 6.128476e-01 -3.041469e+01 -4.982701e-01 7.060255e-01 -5.032444e-01 -4.543827e-01 -7.840049e-01 -1.190522e-01 6.092314e-01 9.251268e+01
-6.138475e-01 -5.086879e-01 -6.036786e-01 -3.168839e+01 -7.202361e-02 7.976060e-01 -5.988634e-01 -4.105624e-01 7.861322e-01 -3.241317e-01 -5.262460e-01 9.292709e+01
8.826930e-01 -8.914312e-02 4.614180e-01 -3.301530e+01 -3.232986e-01 5.974031e-01 7.338852e-01 -3.640168e-01 -3.410733e-01 -7.969712e-01 4.985037e-01 9.346012e+01
-4.028430e-01 -1.747345e-01 -8.984349e-01 -3.429632e+01 -8.521309e-01 4.298652e-01 2.984776e-01 -3.181342e-01 3.340515e-01 8.858238e-01 -3.220649e-01 9.385087e+01
4.890902e-01 -8.620352e-01 1.329893e-01 -3.567436e+01 8.454636e-01 5.060207e-01 1.706878e-01 -2.697310e-01 -2.144342e-01 2.895591e-02 9.763091e-01 9.441412e+01
-4.214392e-01 8.775878e-01 -2.285358e-01 -3.772682e+01 1.878170e-01 3.310110e-01 9.247467e-01 -1.947581e-01 8.871943e-01 3.468016e-01 -3.043269e-01 9.504207e+01
9.309646e-01 2.804931e-01 2.337274e-01 -3.977351e+01 5.734159e-02 5.198872e-01 -8.523082e-01 -1.175376e-01 -3.605784e-01 8.068711e-01 4.679127e-01 9.548437e+01
-4.138444e-01 1.771885e-01 -8.929373e-01 -4.154081e+01 7.273943e-01 6.541544e-01 -2.073151e-01 -5.075196e-02 5.473850e-01 -7.353137e-01 -3.996041e-01 9.569804e+01
4.868127e-01 7.140568e-01 5.031265e-01 -4.369932e+01 -8.224177e-01 5.687686e-01 -1.146764e-02 3.315142e-02 -2.943511e-01 -4.081975e-01 8.641367e-01 9.573004e+01
-2.801077e-01 -7.696820e-01 -5.736980e-01 -4.528556e+01 -6.688530e-01 5.851633e-01 -4.584970e-01 9.173165e-02 6.886039e-01 2.552911e-01 -6.787128e-01 9.622389e+01
7.778215e-01 -6.268399e-01 -4.544674e-02 -4.655882e+01 3.654903e-01 3.923247e-01 8.440961e-01 1.334156e-01 -5.112833e-01 -6.731664e-01 5.342625e-01 9.697357e+01
-6.011921e-01 3.943468e-01 -6.950242e-01 -4.836236e+01 -6.821621e-01 1.997340e-01 7.033926e-01 1.997691e-01 4.162006e-01 8.969933e-01 1.489299e-01 9.739546e+01
5.966428e-01 -7.253310e-01 3.433836e-01 -5.019947e+01 7.752768e-01 4.104491e-01 -4.800806e-01 2.664266e-01 2.072758e-01 5.526540e-01 8.072238e-01 9.796061e+01
-7.651904e-02 8.892534e-01 -4.509693e-01 -5.227937e+01 6.940594e-01 3.722283e-01 6.162204e-01 3.447700e-01 7.158396e-01 -2.658469e-01 -6.456772e-01 9.841541e+01
5.964524e-01 7.692389e-01 2.291639e-01 -5.413446e+01 -2.083112e-01 4.240806e-01 -8.813411e-01 4.157007e-01 -7.751458e-01 4.779406e-01 4.131850e-01 9.853402e+01
-4.885310e-01 -1.898638e-01 -8.516392e-01 -5.528274e+01 6.638921e-01 5.524764e-01 -5.040011e-01 4.566283e-01 5.662021e-01 -8.116167e-01 -1.438527e-01 9.875700e+01
3.351413e-01 5.949564e-01 7.305527e-01 -5.640748e+01 -8.847397e-01 4.653067e-01 2.693261e-02 4.939035e-01 -3.239073e-01 -6.553752e-01 6.823250e-01 9.917528e+01
-1.052522e-01 -8.485656e-01 -5.185156e-01 -5.762779e+01 -4.926021e-01 4.974348e-01 -7.140741e-01 5.376140e-01 8.638664e-01 1.802641e-01 -4.703613e-01 9.938518e+01
8.500608e-01 -4.353324e-01 2.964495e-01 -5.874181e+01 -1.324746e-01 3.680373e-01 9.203255e-01 5.744998e-01 -5.097519e-01 -8.216047e-01 2.551836e-01 9.982126e+01
-2.847736e-01 -1.764054e-02 -9.584325e-01 -6.001794e+01 -9.362187e-01 2.198848e-01 2.741262e-01 6.180317e-01 2.059090e-01 9.753663e-01 -7.913278e-02 1.002497e+02
2.573824e-01 -9.432929e-01 2.096493e-01 -6.167502e+01 9.236100e-01 3.039308e-01 2.336034e-01 6.786478e-01 -2.840753e-01 1.335088e-01 9.494612e-01 1.005334e+02
-4.047877e-01 9.000981e-01 -1.611531e-01 -6.325695e+01 2.087292e-02 1.852865e-01 9.824628e-01 7.383725e-01 9.141724e-01 3.943252e-01 -9.378938e-02 1.006904e+02
8.387058e-01 4.799186e-02 5.424660e-01 -6.425466e+01 4.818176e-01 3.988731e-01 -7.802256e-01 7.731395e-01 -2.538196e-01 9.157494e-01 3.114138e-01 1.009857e+02
-1.024879e-01 6.179125e-01 -7.795386e-01 -6.528139e+01 8.437922e-01 4.690182e-01 2.608385e-01 8.091619e-01 5.267932e-01 -6.310358e-01 -5.694584e-01 1.011819e+02
3.831759e-01 8.626506e-01 3.301668e-01 -6.664335e+01 -5.485662e-01 5.001145e-01 -6.700453e-01 8.608830e-01 -7.431362e-01 7.562680e-02 6.648528e-01 1.011614e+02
-5.673591e-01 -5.727599e-01 -5.916500e-01 -6.803266e+01 1.714952e-01 6.205460e-01 -7.651876e-01 9.154362e-01 8.054148e-01 -5.356013e-01 -2.538468e-01 1.010034e+02
3.374867e-01 1.451209e-01 9.300767e-01 -6.853583e+01 -8.375212e-01 4.973386e-01 2.263018e-01 9.316461e-01 -4.297220e-01 -8.553328e-01 2.893870e-01 1.011434e+02
1.764948e-01 -7.457155e-01 -6.424624e-01 -6.857893e+01 -2.882616e-01 5.849320e-01 -7.581292e-01 9.203394e-01 9.411455e-01 3.190031e-01 -1.117236e-01 1.017196e+02
6.363742e-01 -3.099592e-01 7.063662e-01 -6.851599e+01 -5.652113e-01 4.358004e-01 7.004386e-01 9.086738e-01 -5.249420e-01 -8.449872e-01 1.021397e-01 1.021712e+02
6.442221e-01 -4.664183e-01 -6.061615e-01 -6.775615e+01 -3.725711e-01 5.007740e-01 -7.812913e-01 8.985879e-01 6.679585e-01 7.291634e-01 1.488357e-01 1.022920e+02
4.621756e-01 -3.801064e-01 8.011946e-01 -6.700395e+01 -6.215392e-01 5.055774e-01 5.983982e-01 8.942066e-01 -6.325209e-01 -7.745389e-01 -2.585512e-03 1.020882e+02
6.593098e-02 -5.346061e-01 -8.425256e-01 -6.693466e+01 -7.753910e-01 5.039921e-01 -3.804745e-01 8.934423e-01 6.280302e-01 6.783718e-01 -3.813001e-01 1.020474e+02
6.017848e-01 -7.478380e-01 2.803451e-01 -6.704927e+01 9.791429e-02 4.174553e-01 9.034068e-01 8.978268e-01 -7.926335e-01 -5.162067e-01 3.244423e-01 1.020859e+02
-4.786461e-01 2.338159e-01 -8.463026e-01 -6.754513e+01 -8.252088e-01 2.094134e-01 5.245727e-01 9.136210e-01 2.998805e-01 9.494610e-01 9.271205e-02 1.022421e+02
3.555668e-01 -8.664790e-01 3.504089e-01 -6.853131e+01 9.318661e-01 3.575696e-01 -6.139713e-02 9.473867e-01 -7.209626e-02 3.483650e-01 9.345823e-01 1.025638e+02
-6.835495e-02 9.764240e-01 -2.047529e-01 -6.902043e+01 -1.399976e-01 1.938144e-01 9.709978e-01 9.537366e-01 9.877896e-01 9.503742e-02 1.234488e-01 1.032357e+02
4.043938e-01 -2.790459e-01 8.709759e-01 -6.896651e+01 8.925817e-01 3.280497e-01 -3.093238e-01 9.343391e-01 -1.994079e-01 9.025058e-01 3.817326e-01 1.041353e+02
1.960303e-01 9.640416e-01 -1.794320e-01 -6.886670e+01 1.473230e-01 1.519515e-01 9.773468e-01 9.154771e-01 9.694679e-01 -2.180240e-01 -1.122384e-01 1.049866e+02
9.682473e-01 1.746499e-01 1.788706e-01 -6.938027e+01 9.029850e-02 4.228645e-01 -9.016828e-01 9.232716e-01 -2.331168e-01 8.892036e-01 3.936668e-01 1.056987e+02
1.974648e-02 2.444199e-01 -9.694684e-01 -7.002198e+01 8.260212e-01 5.423195e-01 1.535529e-01 9.421893e-01 5.632930e-01 -8.038336e-01 -1.911871e-01 1.060883e+02
4.296337e-01 7.872785e-01 4.422754e-01 -7.038869e+01 -6.762114e-01 6.050984e-01 -4.202310e-01 9.393632e-01 -5.984589e-01 -1.185263e-01 7.923373e-01 1.070435e+02
-6.162274e-01 -6.260063e-01 -4.778910e-01 -7.132958e+01 -3.619650e-01 7.640272e-01 -5.340822e-01 9.649616e-01 6.994606e-01 -1.561363e-01 -6.974069e-01 1.079659e+02
7.741358e-01 -4.941411e-01 3.956492e-01 -7.206833e+01 -1.459465e-01 4.688558e-01 8.711337e-01 9.645668e-01 -6.159654e-01 -7.321194e-01 2.908399e-01 1.098257e+02
-8.358941e-01 -2.199361e-02 -5.484500e-01 -7.324236e+01 -5.417398e-01 1.938204e-01 8.178946e-01 9.913103e-01 8.831236e-02 9.807905e-01 -1.739282e-01 1.112864e+02
3.942628e-01 -6.971233e-01 5.988121e-01 -7.461835e+01 9.155734e-01 3.541589e-01 -1.905174e-01 1.040003e+00 -7.926050e-02 6.233703e-01 7.778992e-01 1.118995e+02
-2.870493e-01 9.563968e-01 -5.392418e-02 -7.610311e+01 7.984323e-01 2.699813e-01 5.381599e-01 1.089251e+00 5.292529e-01 1.114236e-01 -8.411160e-01 1.128517e+02
5.435623e-01 8.069114e-01 2.311579e-01 -7.774658e+01 -4.045651e-01 4.931543e-01 -7.701466e-01 1.141831e+00 -7.354366e-01 3.251043e-01 5.945083e-01 1.141169e+02
-8.669797e-01 -3.790791e-01 -3.234891e-01 -7.916181e+01 -7.320674e-02 7.389663e-01 -6.697534e-01 1.187617e+00 4.929370e-01 -5.569810e-01 -6.684199e-01 1.151512e+02
8.597184e-01 -1.676325e-01 4.824766e-01 -8.094189e+01 -3.468082e-01 5.018974e-01 7.923529e-01 1.251465e+00 -3.749778e-01 -8.485272e-01 3.733541e-01 1.160152e+02
-7.619737e-01 -2.160153e-01 -6.105190e-01 -8.284843e+01 -6.475357e-01 2.400511e-01 7.232379e-01 1.318683e+00 -9.674623e-03 9.464211e-01 -3.227903e-01 1.171312e+02
4.703165e-01 -7.819603e-01 4.090728e-01 -8.476367e+01 8.809930e-01 3.889668e-01 -2.693626e-01 1.385263e+00 5.151511e-02 4.870759e-01 8.718390e-01 1.183095e+02
-2.306075e-01 9.457900e-01 -2.286952e-01 -8.633944e+01 6.785171e-01 3.247628e-01 6.588958e-01 1.443451e+00 6.974487e-01 -3.227307e-03 -7.166274e-01 1.188372e+02
6.444495e-01 7.047356e-01 2.967030e-01 -8.767467e+01 -2.249086e-01 5.455641e-01 -8.073264e-01 1.492799e+00 -7.308221e-01 4.535500e-01 5.100896e-01 1.191791e+02
-8.882859e-01 -2.003078e-01 -4.133098e-01 -8.955272e+01 1.133963e-01 7.763809e-01 -6.199791e-01 1.565825e+00 4.450725e-01 -5.975864e-01 -6.669340e-01 1.194216e+02
7.596174e-01 5.550981e-02 6.479969e-01 -9.123667e+01 -5.566149e-01 5.708357e-01 6.035946e-01 1.629873e+00 -3.363944e-01 -8.191857e-01 4.645143e-01 1.199051e+02
-5.022888e-01 -3.752342e-01 -7.790413e-01 -9.258126e+01 -8.423857e-01 4.156939e-01 3.429066e-01 1.678826e+00 1.951724e-01 8.284914e-01 -5.248903e-01 1.203645e+02
3.394435e-01 -8.651086e-01 3.692766e-01 -9.348644e+01 7.328758e-01 4.893340e-01 4.727001e-01 1.709446e+00 -5.896365e-01 1.101789e-01 8.001184e-01 1.207120e+02
-6.331607e-01 7.565925e-01 -1.633256e-01 -9.428059e+01 1.078745e-02 2.196146e-01 9.755271e-01 1.738186e+00 7.739452e-01 6.159036e-01 -1.472130e-01 1.207667e+02
8.898798e-01 1.080114e-02 4.560671e-01 -9.562212e+01 3.946316e-01 4.833187e-01 -7.814531e-01 1.790439e+00 -2.288663e-01 8.753779e-01 4.258331e-01 1.209137e+02
1.196775e-02 5.291515e-01 -8.484430e-01 -9.610824e+01 7.352574e-01 5.704003e-01 3.661148e-01 1.804074e+00 6.776824e-01 -6.282055e-01 -3.822361e-01 1.211927e+02
5.778595e-01 7.211642e-01 3.821002e-01 -9.654975e+01 -5.038868e-01 6.835496e-01 -5.280701e-01 1.817260e+00 -6.420097e-01 1.126150e-01 7.583808e-01 1.213522e+02
-5.812669e-01 -4.700258e-01 -6.642323e-01 -9.770497e+01 -1.000099e-02 8.203630e-01 -5.717557e-01 1.861988e+00 8.136515e-01 -3.256997e-01 -4.815506e-01 1.214085e+02
7.464226e-01 -5.782980e-03 6.654471e-01 -9.864107e+01 -4.874449e-01 6.760120e-01 5.526348e-01 1.895713e+00 -4.530461e-01 -7.368679e-01 5.017717e-01 1.215544e+02
-1.207531e-01 -3.680482e-01 -9.219323e-01 -9.965071e+01 -7.828939e-01 6.063128e-01 -1.395064e-01 1.935741e+00 6.103244e-01 7.049293e-01 -3.613568e-01 1.213573e+02
6.671335e-01 -7.288381e-01 1.540388e-01 -1.008607e+02 5.166894e-01 6.016798e-01 6.091087e-01 1.981925e+00 -5.366237e-01 -3.267666e-01 7.779837e-01 1.213426e+02
-5.280403e-01 5.595724e-01 -6.387897e-01 -1.020565e+02 -4.997262e-01 4.034374e-01 7.664933e-01 2.027510e+00 6.866201e-01 7.239593e-01 6.660180e-02 1.214013e+02
7.603095e-01 -5.106344e-01 4.014748e-01 -1.033386e+02 6.495442e-01 6.021316e-01 -4.642520e-01 2.076585e+00 -4.677676e-03 6.137508e-01 7.894860e-01 1.214835e+02
-2.768152e-01 7.740679e-01 -5.693788e-01 -1.051908e+02 6.318106e-01 5.930599e-01 4.990946e-01 2.151015e+00 7.240088e-01 -2.215826e-01 -6.532323e-01 1.213689e+02
6.981422e-01 7.031594e-01 1.347754e-01 -1.072297e+02 -6.004657e-01 6.775754e-01 -4.246558e-01 2.233458e+00 -3.899212e-01 2.155421e-01 8.952670e-01 1.214120e+02
-6.664992e-01 -5.119178e-01 -5.419584e-01 -1.096232e+02 -2.663838e-01 8.425078e-01 -4.682097e-01 2.326267e+00 6.962891e-01 -1.676924e-01 -6.978974e-01 1.219991e+02
9.365132e-01 -2.147246e-01 2.771939e-01 -1.120001e+02 -4.885094e-02 7.029406e-01 7.095690e-01 2.417452e+00 -3.472127e-01 -6.780618e-01 6.478236e-01 1.224573e+02
-4.795093e-01 -1.507533e-02 -8.774073e-01 -1.141666e+02 -7.417043e-01 5.413154e-01 3.960459e-01 2.500953e+00 4.689836e-01 8.406844e-01 -2.707472e-01 1.227348e+02
4.589396e-01 -7.297041e-01 5.068593e-01 -1.156430e+02 7.268578e-01 6.364387e-01 2.581153e-01 2.554763e+00 -5.109327e-01 2.499553e-01 8.224780e-01 1.230005e+02
-3.133353e-01 7.268121e-01 -6.111998e-01 -1.167039e+02 -2.140233e-01 5.730050e-01 7.911127e-01 2.591916e+00 9.252108e-01 3.786945e-01 -2.398797e-02 1.231350e+02
3.926913e-01 -1.842798e-01 9.010186e-01 -1.171532e+02 7.469075e-01 6.355244e-01 -1.955451e-01 2.605983e+00 -5.365843e-01 7.497664e-01 3.872049e-01 1.232293e+02
-4.434440e-02 8.305205e-01 -5.552201e-01 -1.174886e+02 2.444925e-01 5.478883e-01 8.000261e-01 2.614264e+00 9.686367e-01 -1.002705e-01 -2.273518e-01 1.233505e+02
8.683705e-01 3.060543e-01 3.902095e-01 -1.184858e+02 9.843067e-02 6.648216e-01 -7.404888e-01 2.648243e+00 -4.860495e-01 6.814272e-01 5.471863e-01 1.236229e+02
-2.136464e-01 2.297626e-01 -9.495074e-01 -1.193623e+02 6.573711e-01 7.527884e-01 3.424691e-02 2.675720e+00 7.226469e-01 -6.168620e-01 -3.118698e-01 1.240333e+02
4.192248e-01 6.404255e-01 6.435105e-01 -1.198621e+02 -4.937586e-01 7.556437e-01 -4.303545e-01 2.687035e+00 -7.618747e-01 -1.373236e-01 6.330002e-01 1.244399e+02
-1.308936e-01 -4.066107e-01 -9.041762e-01 -1.201443e+02 3.263021e-01 8.435385e-01 -4.265791e-01 2.688401e+00 9.361591e-01 -3.508711e-01 2.226417e-02 1.248524e+02
3.460998e-01 2.327366e-01 9.088722e-01 -1.202990e+02 -5.883283e-01 8.084431e-01 1.701672e-02 2.681678e+00 -7.308110e-01 -5.406047e-01 4.167275e-01 1.253878e+02
-1.667936e-01 -4.944867e-01 -8.530315e-01 -1.204606e+02 -2.823963e-01 8.528652e-01 -4.391733e-01 2.678012e+00 9.446863e-01 1.676417e-01 -2.818937e-01 1.257827e+02
7.075099e-01 -3.367663e-01 6.213036e-01 -1.207461e+02 -2.392430e-01 7.131101e-01 6.589665e-01 2.679564e+00 -6.649756e-01 -6.148679e-01 4.239634e-01 1.262214e+02
-4.463073e-01 -1.102356e-01 -8.880641e-01 -1.213875e+02 -7.564422e-01 5.766953e-01 3.085738e-01 2.696996e+00 4.781266e-01 8.094879e-01 -3.407702e-01 1.266851e+02
4.479319e-01 -7.949571e-01 4.091457e-01 -1.221436e+02 6.830769e-01 5.995478e-01 4.170712e-01 2.721478e+00 -5.768561e-01 9.265848e-02 8.115734e-01 1.269764e+02
-4.968918e-01 7.258610e-01 -4.756306e-01 -1.229660e+02 -2.164873e-01 4.270717e-01 8.779197e-01 2.748279e+00 8.403760e-01 5.391991e-01 -5.506871e-02 1.272648e+02
6.908006e-01 -1.910748e-01 6.973413e-01 -1.238710e+02 6.504171e-01 5.855010e-01 -4.838865e-01 2.779061e+00 -3.158355e-01 7.878318e-01 5.287428e-01 1.275505e+02
7.481332e-02 7.510439e-01 -6.560000e-01 -1.246819e+02 4.888243e-01 5.457630e-01 6.805832e-01 2.806504e+00 8.691684e-01 -3.715854e-01 -3.262982e-01 1.276055e+02
7.658978e-01 5.865383e-01 2.633882e-01 -1.257332e+02 -1.991374e-01 6.059008e-01 -7.702133e-01 2.840544e+00 -6.113468e-01 5.374542e-01 5.808598e-01 1.279940e+02
