9.999290e-01 3.219228e-03 -1.147160e-02 8.364643e-02 -3.237929e-03 9.999935e-01 -1.612044e-03 8.943587e-03 1.146634e-02 1.649073e-03 9.999329e-01 -6.591023e-01
9.999999e-01 5.111262e-04 1.599127e-04 1.632291e-01 -5.110710e-04 9.999998e-01 -3.446294e-04 2.033499e-02 -1.600885e-04 3.445484e-04 9.999999e-01 -1.417845e+00
9.999282e-01 3.745485e-03 -1.138673e-02 2.355347e-01 -3.768512e-03 9.999909e-01 -2.001533e-03 3.464404e-02 1.137912e-02 2.044300e-03 9.999332e-01 -2.302613e+00
9.999999e-01 -4.558829e-04 -1.707265e-04 3.793466e-01 4.559714e-04 9.999998e-01 5.179752e-04 4.349329e-02 1.704907e-04 -5.180523e-04 9.999999e-01 -2.994413e+00
9.999264e-01 3.946884e-03 -1.147474e-02 5.005868e-01 -3.972744e-03 9.999896e-01 -2.231738e-03 5.350278e-02 1.146581e-02 2.277159e-03 9.999317e-01 -3.736933e+00
1.000000e+00 -1.016861e-04 -1.435339e-04 6.241835e-01 1.017132e-04 1.000000e+00 1.885433e-04 6.517976e-02 1.435150e-04 -1.885572e-04 1.000000e+00 -4.553620e+00
9.999252e-01 4.283586e-03 -1.145843e-02 7.148434e-01 -4.311912e-03 9.999877e-01 -2.448494e-03 7.880657e-02 1.144780e-02 2.497718e-03 9.999314e-01 -5.437882e+00
9.999997e-01 -4.900049e-04 -6.507492e-04 8.767584e-01 4.903910e-04 9.999997e-01 5.931083e-04 9.062232e-02 6.504588e-04 -5.934265e-04 9.999996e-01 -6.275818e+00
9.999016e-01 4.065957e-03 -1.342923e-02 1.196948e+00 -4.088915e-03 9.999902e-01 -1.682579e-03 9.974137e-02 1.342226e-02 1.737323e-03 9.999084e-01 -7.130547e+00
9.999997e-01 -7.139948e-04 2.520157e-04 1.517474e+00 7.138835e-04 9.999996e-01 4.416469e-04 1.086775e-01 -2.523306e-04 -4.414661e-04 9.999999e-01 -7.986906e+00
9.998594e-01 7.964214e-03 -1.475978e-02 1.669730e+00 -8.024919e-03 9.999596e-01 -4.058190e-03 1.335422e-01 1.472687e-02 4.176064e-03 9.998828e-01 -9.539216e+00
9.999979e-01 4.227464e-04 2.023851e-03 1.741719e+00 -4.198333e-04 9.999989e-01 -1.439531e-03 1.672578e-01 -2.024457e-03 1.438679e-03 9.999969e-01 -1.141105e+01
9.998920e-01 5.732604e-03 -1.353186e-02 1.861282e+00 -5.764307e-03 9.999807e-01 -2.304987e-03 1.911215e-01 1.351838e-02 2.382739e-03 9.999058e-01 -1.276997e+01
9.999918e-01 -4.039087e-03 3.234000e-04 2.120998e+00 4.038404e-03 9.999897e-01 2.085935e-03 1.885786e-01 -3.318217e-04 -2.084611e-03 9.999978e-01 -1.308467e+01
9.998816e-01 4.879072e-03 -1.459615e-02 2.458344e+00 -4.905625e-03 9.999864e-01 -1.783938e-03 1.745133e-01 1.458725e-02 1.855329e-03 9.998919e-01 -1.291015e+01
9.999943e-01 -3.187997e-03 -1.074981e-03 2.983041e+00 3.189687e-03 9.999937e-01 1.573907e-03 1.502519e-01 1.069957e-03 -1.577327e-03 9.999982e-01 -1.267926e+01
9.998383e-01 4.647812e-03 -1.737401e-02 3.729763e+00 -4.673437e-03 9.999881e-01 -1.434582e-03 1.215240e-01 1.736713e-02 1.515546e-03 9.998480e-01 -1.261906e+01
9.999994e-01 -1.080466e-03 -2.108522e-04 4.277063e+00 1.080412e-03 9.999994e-01 -2.564375e-04 1.108061e-01 2.111295e-04 2.562102e-04 9.999999e-01 -1.317043e+01
9.998779e-01 4.609453e-03 -1.492906e-02 4.587913e+00 -4.634807e-03 9.999879e-01 -1.664123e-03 1.020974e-01 1.492120e-02 1.733112e-03 9.998872e-01 -1.346183e+01
9.999946e-01 -3.215494e-03 -6.814647e-04 4.886187e+00 3.215710e-03 9.999948e-01 3.148641e-04 6.805053e-02 6.804490e-04 -3.170531e-04 9.999997e-01 -1.253693e+01
9.998788e-01 5.658624e-03 -1.450734e-02 5.164836e+00 -5.687263e-03 9.999820e-01 -1.933551e-03 4.099564e-02 1.449614e-02 2.015823e-03 9.998929e-01 -1.187817e+01
9.999964e-01 -1.553665e-03 -2.181809e-03 5.487601e+00 1.552816e-03 9.999987e-01 -3.909657e-04 2.508933e-02 2.182414e-03 3.875771e-04 9.999975e-01 -1.184485e+01
9.998845e-01 6.828353e-03 -1.358102e-02 5.712742e+00 -6.869593e-03 9.999719e-01 -2.992267e-03 2.389163e-02 1.356021e-02 3.085217e-03 9.999033e-01 -1.247284e+01
9.999848e-01 -5.478481e-03 -5.625028e-04 5.949919e+00 5.479453e-03 9.999835e-01 1.741426e-03 5.659228e-04 5.529535e-04 -1.744481e-03 9.999983e-01 -1.187580e+01
9.998626e-01 6.992405e-03 -1.502781e-02 6.182236e+00 -7.040905e-03 9.999702e-01 -3.176858e-03 -3.686871e-02 1.500515e-02 3.282230e-03 9.998820e-01 -1.061301e+01
9.999853e-01 -5.351942e-03 -8.363840e-04 6.521512e+00 5.353752e-03 9.999833e-01 2.175979e-03 -7.583078e-02 8.247246e-04 -2.180424e-03 9.999973e-01 -9.511604e+00
9.998698e-01 6.702625e-03 -1.467624e-02 6.753977e+00 -6.770953e-03 9.999664e-01 -4.610982e-03 -1.273872e-01 1.464484e-02 4.709753e-03 9.998817e-01 -7.578140e+00
9.999894e-01 -3.277855e-03 -3.230385e-03 7.029331e+00 3.282137e-03 9.999937e-01 1.321049e-03 -1.623535e-01 3.226035e-03 -1.331636e-03 9.999939e-01 -6.745992e+00
9.999291e-01 4.241188e-03 -1.112393e-02 7.199487e+00 -4.278818e-03 9.999852e-01 -3.361137e-03 -2.068552e-01 1.110951e-02 3.408495e-03 9.999325e-01 -5.174077e+00
9.999924e-01 -3.895396e-03 1.632480e-04 7.252930e+00 3.895448e-03 9.999924e-01 -3.175136e-04 -2.539838e-01 -1.620096e-04 3.181478e-04 9.999999e-01 -2.893262e+00
9.998463e-01 7.503770e-03 -1.584222e-02 7.291315e+00 -7.569688e-03 9.999629e-01 -4.105063e-03 -2.828397e-01 1.581083e-02 4.224352e-03 9.998661e-01 -1.726221e+00
9.999962e-01 -2.748545e-03 -1.705850e-05 7.260520e+00 2.748547e-03 9.999962e-01 1.101528e-04 -2.946100e-01 1.675594e-05 -1.101986e-04 1.000000e+00 -1.320620e+00
9.998848e-01 4.129827e-03 -1.460684e-02 7.309815e+00 -4.176918e-03 9.999862e-01 -3.194847e-03 -3.325469e-01 1.459345e-02 3.255490e-03 9.998882e-01 3.092452e-01
9.999895e-01 -3.343398e-03 3.128533e-03 7.333186e+00 3.345686e-03 9.999941e-01 -7.265872e-04 -3.792104e-01 -3.126085e-03 7.370474e-04 9.999948e-01 2.652544e+00
9.998429e-01 4.460195e-03 -1.715608e-02 7.406232e+00 -4.487907e-03 9.999887e-01 -1.577092e-03 -4.141841e-01 1.714885e-02 1.653839e-03 9.998516e-01 4.162750e+00
9.999620e-01 -4.522865e-03 7.458588e-03 7.455084e+00 4.543954e-03 9.999857e-01 -2.813056e-03 -4.654129e-01 -7.445758e-03 2.846841e-03 9.999682e-01 6.727318e+00
9.997437e-01 5.742554e-03 -2.189654e-02 7.589127e+00 -5.750704e-03 9.999834e-01 -3.092506e-04 -5.101238e-01 2.189440e-02 4.350911e-04 9.997602e-01 8.565391e+00
9.999222e-01 -5.418235e-03 1.123834e-02 7.579836e+00 5.473133e-03 9.999732e-01 -4.859897e-03 -5.655890e-01 -1.121171e-02 4.921028e-03 9.999250e-01 1.154903e+01
9.997821e-01 4.933088e-03 -2.028556e-02 7.626705e+00 -4.965769e-03 9.999865e-01 -1.560966e-03 -6.358523e-01 2.027759e-02 1.661358e-03 9.997930e-01 1.517222e+01
9.999696e-01 -4.205749e-03 6.562569e-03 7.762236e+00 4.224046e-03 9.999872e-01 -2.776693e-03 -6.997590e-01 -6.550806e-03 2.804330e-03 9.999746e-01 1.783795e+01
9.998024e-01 2.673183e-03 -1.969799e-02 8.038474e+00 -2.713242e-03 9.999943e-01 -2.007172e-03 -7.871498e-01 1.969251e-02 2.060220e-03 9.998040e-01 2.112426e+01
9.999634e-01 -4.086996e-03 7.521528e-03 8.359487e+00 4.122545e-03 9.999804e-01 -4.716867e-03 -9.020950e-01 -7.502103e-03 4.747703e-03 9.999606e-01 2.593368e+01
9.996700e-01 6.379241e-03 -2.488339e-02 8.722006e+00 -6.351411e-03 9.999791e-01 1.197322e-03 -9.720959e-01 2.489050e-02 -1.038883e-03 9.996896e-01 2.823183e+01
9.999205e-01 -7.394328e-03 1.021800e-02 8.994706e+00 7.444248e-03 9.999605e-01 -4.856172e-03 -1.053548e+00 -1.018169e-02 4.931851e-03 9.999360e-01 3.123077e+01
9.997542e-01 6.683775e-03 -2.114001e-02 9.135961e+00 -6.666861e-03 9.999774e-01 8.704844e-04 -1.131678e+00 2.114535e-02 -7.293336e-04 9.997761e-01 3.480328e+01
9.999438e-01 -6.674197e-03 8.242718e-03 9.326358e+00 6.700576e-03 9.999725e-01 -3.176739e-03 -1.199402e+00 -8.221289e-03 3.231792e-03 9.999610e-01 3.760226e+01
9.997809e-01 6.408771e-03 -1.992615e-02 9.496759e+00 -6.381352e-03 9.999786e-01 1.439339e-03 -1.251354e+00 1.993495e-02 -1.311869e-03 9.998004e-01 3.972286e+01
9.999560e-01 -6.198841e-03 7.047740e-03 9.644798e+00 6.218321e-03 9.999769e-01 -2.745447e-03 -1.296260e+00 -7.030558e-03 2.789151e-03 9.999714e-01 4.144155e+01
9.997857e-01 6.191539e-03 -1.975563e-02 9.827894e+00 -6.153081e-03 9.999791e-01 2.006934e-03 -1.334269e+00 1.976764e-02 -1.884947e-03 9.998028e-01 4.279382e+01
9.999704e-01 -5.431425e-03 5.442468e-03 1.019450e+01 5.441676e-03 9.999834e-01 -1.870393e-03 -1.355283e+00 -5.432219e-03 1.899954e-03 9.999834e-01 4.301153e+01
9.998700e-01 4.973865e-03 -1.534055e-02 1.030332e+01 -4.956479e-03 9.999870e-01 1.171123e-03 -1.383492e+00 1.534617e-02 -1.094937e-03 9.998816e-01 4.410331e+01
9.999878e-01 -3.427504e-03 3.549707e-03 1.047160e+01 3.436310e-03 9.999910e-01 -2.477380e-03 -1.404497e+00 -3.541184e-03 2.489549e-03 9.999906e-01 4.473957e+01
9.998518e-01 7.301139e-03 -1.559189e-02 1.066875e+01 -7.291055e-03 9.999732e-01 7.035415e-04 -1.392866e+00 1.559661e-02 -5.897566e-04 9.998782e-01 4.386295e+01
9.999894e-01 -3.381014e-03 3.132621e-03 1.085938e+01 3.389432e-03 9.999906e-01 -2.685804e-03 -1.379730e+00 -3.123511e-03 2.696394e-03 9.999915e-01 4.297004e+01
9.998669e-01 7.260476e-03 -1.460740e-02 1.095323e+01 -7.253182e-03 9.999735e-01 5.522547e-04 -1.366628e+00 1.461102e-02 -4.462317e-04 9.998932e-01 4.214868e+01
9.999753e-01 -6.596315e-03 2.411158e-03 1.113406e+01 6.598007e-03 9.999780e-01 -6.945053e-04 -1.377122e+00 -2.406524e-03 7.103976e-04 9.999969e-01 4.231591e+01
9.998725e-01 7.113972e-03 -1.429291e-02 1.122020e+01 -7.110258e-03 9.999747e-01 3.106702e-04 -1.396615e+00 1.429476e-02 -2.090050e-04 9.998978e-01 4.294948e+01
9.999674e-01 -6.955457e-03 4.101844e-03 1.123707e+01 6.958695e-03 9.999755e-01 -7.756578e-04 -1.408764e+00 -4.096348e-03 8.041766e-04 9.999913e-01 4.347258e+01
9.998608e-01 7.486814e-03 -1.491101e-02 1.128607e+01 -7.483396e-03 9.999720e-01 2.850426e-04 -1.421626e+00 1.491273e-02 -1.734185e-04 9.998888e-01 4.396946e+01
9.999878e-01 -4.518099e-03 1.984487e-03 1.151570e+01 4.521375e-03 9.999884e-01 -1.649110e-03 -1.419249e+00 -1.977013e-03 1.658063e-03 9.999967e-01 4.344815e+01
9.998662e-01 8.211901e-03 -1.415082e-02 1.175134e+01 -8.212136e-03 9.999663e-01 4.154405e-05 -1.409943e+00 1.415068e-02 7.466932e-05 9.998999e-01 4.270481e+01
9.999923e-01 -3.877680e-03 5.440366e-04 1.204654e+01 3.878856e-03 9.999901e-01 -2.178206e-03 -1.394986e+00 -5.355847e-04 2.180300e-03 9.999975e-01 4.167610e+01
9.998771e-01 8.119204e-03 -1.341321e-02 1.236739e+01 -8.116569e-03 9.999670e-01 2.509531e-04 -1.381846e+00 1.341480e-02 -1.420536e-04 9.999100e-01 4.065539e+01
9.999916e-01 -4.008473e-03 -8.764901e-04 1.277269e+01 4.006720e-03 9.999900e-01 -1.992829e-03 -1.368909e+00 8.844696e-04 1.989301e-03 9.999976e-01 3.958841e+01
9.998950e-01 7.887406e-03 -1.215495e-02 1.308553e+01 -7.886445e-03 9.999689e-01 1.270210e-04 -1.356561e+00 1.215557e-02 -3.114895e-05 9.999261e-01 3.863167e+01
9.999904e-01 -4.212715e-03 -1.230742e-03 1.334458e+01 4.210501e-03 9.999895e-01 -1.796597e-03 -1.344162e+00 1.238298e-03 1.791399e-03 9.999976e-01 3.773666e+01
9.998878e-01 1.025797e-02 -1.091153e-02 1.350026e+01 -1.028074e-02 9.999451e-01 -2.032266e-03 -1.320620e+00 1.089008e-02 2.144216e-03 9.999384e-01 3.637840e+01
9.999896e-01 -4.537968e-03 -5.538234e-04 1.369158e+01 4.537192e-03 9.999887e-01 -1.395521e-03 -1.300007e+00 5.601501e-04 1.392995e-03 9.999989e-01 3.511073e+01
9.998774e-01 9.284379e-03 -1.261210e-02 1.398634e+01 -9.299470e-03 9.999561e-01 -1.138434e-03 -1.282816e+00 1.260098e-02 1.255579e-03 9.999198e-01 3.395925e+01
9.999911e-01 -4.191906e-03 -4.984363e-04 1.424548e+01 4.191031e-03 9.999897e-01 -1.743029e-03 -1.262989e+00 5.057379e-04 1.740925e-03 9.999984e-01 3.272228e+01
9.998657e-01 9.980480e-03 -1.299968e-02 1.456552e+01 -9.999621e-03 9.999490e-01 -1.408226e-03 -1.243378e+00 1.298496e-02 1.538028e-03 9.999145e-01 3.136747e+01
9.999953e-01 -2.801770e-03 -1.237488e-03 1.485745e+01 2.798130e-03 9.999918e-01 -2.933756e-03 -1.214145e+00 1.245698e-03 2.930280e-03 9.999949e-01 2.964026e+01
9.998952e-01 9.438802e-03 -1.097939e-02 1.505694e+01 -9.451025e-03 9.999548e-01 -1.061916e-03 -1.188713e+00 1.096887e-02 1.165570e-03 9.999392e-01 2.813403e+01
9.999946e-01 -2.292560e-03 -2.362109e-03 1.534260e+01 2.284307e-03 9.999913e-01 -3.490810e-03 -1.161897e+00 2.370091e-03 3.485396e-03 9.999911e-01 2.644330e+01
9.999093e-01 9.233837e-03 -9.808453e-03 1.550754e+01 -9.241749e-03 9.999570e-01 -7.615660e-04 -1.133779e+00 9.800999e-03 8.521436e-04 9.999516e-01 2.485643e+01
9.999932e-01 -3.132320e-03 -1.956828e-03 1.565789e+01 3.126429e-03 9.999906e-01 -3.006807e-03 -1.110944e+00 1.966228e-03 3.000670e-03 9.999936e-01 2.351195e+01
9.999196e-01 8.317810e-03 -9.568640e-03 1.580624e+01 -8.319285e-03 9.999654e-01 -1.143055e-04 -1.090532e+00 9.567358e-03 1.939000e-04 9.999542e-01 2.234464e+01
9.999867e-01 -4.130043e-03 -3.083384e-03 1.599221e+01 4.123344e-03 9.999891e-01 -2.175732e-03 -1.074667e+00 3.092336e-03 2.162990e-03 9.999929e-01 2.138594e+01
9.998886e-01 1.200574e-02 -8.872641e-03 1.610891e+01 -1.203245e-02 9.999232e-01 -2.963077e-03 -1.042068e+00 8.836385e-03 3.069505e-03 9.999562e-01 1.961740e+01
9.999808e-01 -5.346302e-03 -3.122644e-03 1.627839e+01 5.342555e-03 9.999850e-01 -1.207056e-03 -1.015286e+00 3.129050e-03 1.190350e-03 9.999944e-01 1.808947e+01
9.998927e-01 1.122170e-02 -9.412393e-03 1.647771e+01 -1.124437e-02 9.999340e-01 -2.359562e-03 -9.923889e-01 9.385294e-03 2.465145e-03 9.999529e-01 1.672204e+01
9.999875e-01 -4.606155e-03 -1.924691e-03 1.658967e+01 4.602376e-03 9.999875e-01 -1.963370e-03 -9.660696e-01 1.933711e-03 1.954488e-03 9.999962e-01 1.526265e+01
9.998992e-01 1.043593e-02 -9.621910e-03 1.671306e+01 -1.045173e-02 9.999441e-01 -1.593939e-03 -9.428727e-01 9.604738e-03 1.694343e-03 9.999524e-01 1.395295e+01
9.999900e-01 -3.616568e-03 -2.621962e-03 1.686365e+01 3.609602e-03 9.999900e-01 -2.656678e-03 -9.167288e-01 2.631544e-03 2.647188e-03 9.999930e-01 1.243893e+01
9.999040e-01 1.013154e-02 -9.456456e-03 1.703400e+01 -1.014423e-02 9.999477e-01 -1.295507e-03 -8.910915e-01 9.442836e-03 1.391310e-03 9.999544e-01 1.096255e+01
9.999856e-01 -4.659227e-03 -2.668333e-03 1.714641e+01 4.653717e-03 9.999870e-01 -2.067759e-03 -8.701800e-01 2.677932e-03 2.055312e-03 9.999943e-01 9.730074e+00
9.998969e-01 1.093734e-02 -9.301703e-03 1.730000e+01 -1.095454e-02 9.999384e-01 -1.800785e-03 -8.452957e-01 9.281434e-03 1.902494e-03 9.999551e-01 8.304182e+00
9.999797e-01 -5.607544e-03 -3.021028e-03 1.750364e+01 5.604009e-03 9.999836e-01 -1.177218e-03 -8.269369e-01 3.027579e-03 1.160265e-03 9.999947e-01 7.097735e+00
9.998967e-01 1.087029e-02 -9.398708e-03 1.770644e+01 -1.088766e-02 9.999391e-01 -1.798852e-03 -8.076141e-01 9.378582e-03 1.900996e-03 9.999542e-01 5.883637e+00
9.999731e-01 -6.868861e-03 -2.589678e-03 1.790667e+01 6.868179e-03 9.999764e-01 -2.725624e-04 -7.947480e-01 2.591489e-03 2.547693e-04 9.999966e-01 4.980763e+00
9.998955e-01 1.049320e-02 -9.940566e-03 1.810322e+01 -1.050827e-02 9.999437e-01 -1.464472e-03 -7.826755e-01 9.924639e-03 1.568777e-03 9.999495e-01 4.150899e+00
9.999758e-01 -6.726273e-03 -1.794256e-03 1.825967e+01 6.725531e-03 9.999773e-01 -4.194969e-04 -7.693248e-01 1.797037e-03 4.074200e-04 9.999983e-01 3.301346e+00
9.999371e-01 7.209662e-03 -8.594859e-03 1.833193e+01 -7.209200e-03 9.999740e-01 8.479187e-05 -7.724994e-01 8.595247e-03 -2.282503e-05 9.999631e-01 3.361867e+00
9.999774e-01 -6.368073e-03 -2.160308e-03 1.845197e+01 6.366088e-03 9.999793e-01 -9.248839e-04 -7.867066e-01 2.166153e-03 9.111108e-04 9.999972e-01 3.786040e+00
9.998985e-01 8.858562e-03 -1.115778e-02 1.876600e+01 -8.858874e-03 9.999608e-01 2.152697e-05 -7.810560e-01 1.115753e-02 7.732003e-05 9.999378e-01 3.123475e+00
9.999867e-01 -3.792302e-03 -3.486652e-03 1.918449e+01 3.784834e-03 9.999905e-01 -2.146291e-03 -7.672018e-01 3.494758e-03 2.133067e-03 9.999916e-01 1.912802e+00
9.999148e-01 8.039462e-03 -1.027977e-02 1.961405e+01 -8.034654e-03 9.999676e-01 5.089434e-04 -7.561505e-01 1.028353e-02 -4.263062e-04 9.999470e-01 8.320778e-01
9.999877e-01 -3.785880e-03 -3.206560e-03 1.995827e+01 3.776706e-03 9.999888e-01 -2.862290e-03 -7.420428e-01 3.217360e-03 2.850145e-03 9.999908e-01 -2.314773e-01
9.999065e-01 8.666914e-03 -1.058077e-02 2.022182e+01 -8.662557e-03 9.999624e-01 4.575990e-04 -7.239968e-01 1.058433e-02 -3.659003e-04 9.999439e-01 -1.411652e+00
9.999843e-01 -3.819000e-03 -4.100467e-03 2.063061e+01 3.807894e-03 9.999891e-01 -2.713182e-03 -7.139397e-01 4.110784e-03 2.697525e-03 9.999879e-01 -2.521829e+00
9.999135e-01 8.509748e-03 -1.003172e-02 2.103173e+01 -8.501212e-03 9.999635e-01 8.932943e-04 -7.052258e-01 1.003895e-02 -8.079358e-04 9.999493e-01 -3.563460e+00
9.999772e-01 -5.008255e-03 -4.538899e-03 2.155368e+01 4.998897e-03 9.999854e-01 -2.070920e-03 -6.980763e-01 4.549204e-03 2.048183e-03 9.999876e-01 -4.509848e+00
9.998880e-01 7.462387e-03 -1.297058e-02 2.219832e+01 -7.426833e-03 9.999685e-01 2.787188e-03 -6.978854e-01 1.299097e-02 -2.690546e-03 9.999120e-01 -5.112017e+00
9.999914e-01 -3.502441e-03 -2.239998e-03 2.269459e+01 3.493855e-03 9.999866e-01 -3.825596e-03 -6.868723e-01 2.253367e-03 3.817737e-03 9.999902e-01 -6.098927e+00
9.998872e-01 8.399920e-03 -1.245499e-02 2.313641e+01 -8.385558e-03 9.999641e-01 1.204889e-03 -6.711182e-01 1.246466e-02 -1.100312e-03 9.999217e-01 -7.335555e+00
9.999923e-01 -3.457056e-03 -1.831202e-03 2.362270e+01 3.451510e-03 9.999895e-01 -3.023142e-03 -6.579432e-01 1.841634e-03 3.016799e-03 9.999938e-01 -8.574942e+00
9.998849e-01 7.621453e-03 -1.312171e-02 2.409702e+01 -7.609268e-03 9.999706e-01 9.783255e-04 -6.437463e-01 1.312878e-02 -8.783668e-04 9.999134e-01 -9.751725e+00
9.999943e-01 -3.235161e-03 9.331874e-04 2.427764e+01 3.238138e-03 9.999896e-01 -3.205489e-03 -6.286199e-01 -9.228075e-04 3.208493e-03 9.999944e-01 -1.072933e+01
9.998885e-01 8.226137e-03 -1.246465e-02 2.442454e+01 -8.221907e-03 9.999661e-01 3.906265e-04 -6.109143e-01 1.246744e-02 -2.881002e-04 9.999222e-01 -1.182932e+01
9.999948e-01 -2.944789e-03 1.331102e-03 2.454372e+01 2.949450e-03 9.999895e-01 -3.512331e-03 -5.916759e-01 -1.320745e-03 3.516239e-03 9.999929e-01 -1.296748e+01
9.998877e-01 8.387987e-03 -1.241688e-02 2.466529e+01 -8.384592e-03 9.999648e-01 3.254327e-04 -5.721385e-01 1.241917e-02 -2.212861e-04 9.999229e-01 -1.413403e+01
9.999931e-01 -3.670370e-03 5.287007e-04 2.492892e+01 3.671830e-03 9.999894e-01 -2.785416e-03 -5.576835e-01 -5.184717e-04 2.787339e-03 9.999960e-01 -1.520833e+01
9.998678e-01 7.617867e-03 -1.436763e-02 2.533226e+01 -7.603060e-03 9.999705e-01 1.084945e-03 -5.474329e-01 1.437547e-02 -9.755642e-04 9.998962e-01 -1.621522e+01
9.999947e-01 -2.826528e-03 1.633430e-03 2.560524e+01 2.832344e-03 9.999896e-01 -3.568938e-03 -5.325352e-01 -1.623326e-03 3.573546e-03 9.999923e-01 -1.734795e+01
9.998762e-01 9.140204e-03 -1.280793e-02 2.571697e+01 -9.145654e-03 9.999581e-01 -3.669299e-04 -5.090156e-01 1.280404e-02 4.840208e-04 9.999179e-01 -1.870764e+01
9.999950e-01 -2.549467e-03 1.888077e-03 2.581871e+01 2.556623e-03 9.999895e-01 -3.797367e-03 -4.842432e-01 -1.878376e-03 3.802175e-03 9.999910e-01 -2.011593e+01
9.998834e-01 8.229381e-03 -1.286695e-02 2.593086e+01 -8.225403e-03 9.999661e-01 3.620275e-04 -4.635033e-01 1.286949e-02 -2.561498e-04 9.999172e-01 -2.134314e+01
9.999891e-01 -4.516406e-03 1.192153e-03 2.615346e+01 4.518659e-03 9.999880e-01 -1.894008e-03 -4.541458e-01 -1.183584e-03 1.899374e-03 9.999975e-01 -2.211380e+01
9.998855e-01 7.154907e-03 -1.333632e-02 2.641739e+01 -7.140837e-03 9.999739e-01 1.102337e-03 -4.462841e-01 1.334386e-02 -1.006978e-03 9.999105e-01 -2.273619e+01
9.999869e-01 -4.609973e-03 2.234381e-03 2.650135e+01 4.615050e-03 9.999868e-01 -2.272570e-03 -4.305703e-01 -2.223875e-03 2.282853e-03 9.999949e-01 -2.298908e+01
9.998587e-01 8.010700e-03 -1.477588e-02 2.682900e+01 -7.995382e-03 9.999674e-01 1.095507e-03 -4.233732e-01 1.478418e-02 -9.772142e-04 9.998902e-01 -2.376573e+01
9.999781e-01 -5.729989e-03 3.298039e-03 2.701500e+01 5.736281e-03 9.999817e-01 -1.901152e-03 -4.185964e-01 -3.287085e-03 1.920029e-03 9.999928e-01 -2.428920e+01
9.998403e-01 9.094604e-03 -1.538564e-02 2.721869e+01 -9.087735e-03 9.999586e-01 5.163205e-04 -4.108160e-01 1.538970e-02 -3.764178e-04 9.998815e-01 -2.501664e+01
9.999580e-01 -6.885969e-03 6.040490e-03 2.723024e+01 6.894529e-03 9.999753e-01 -1.397387e-03 -3.992631e-01 -6.030718e-03 1.438975e-03 9.999808e-01 -2.543328e+01
9.998667e-01 8.410339e-03 -1.399164e-02 2.703103e+01 -8.408617e-03 9.999646e-01 1.819271e-04 -3.808993e-01 1.399268e-02 -6.425291e-05 9.999021e-01 -2.538512e+01
9.999374e-01 -8.480251e-03 7.298738e-03 2.691354e+01 8.488034e-03 9.999634e-01 -1.035971e-03 -3.773763e-01 -7.289686e-03 1.097858e-03 9.999728e-01 -2.479243e+01
9.998497e-01 8.449769e-03 -1.514191e-02 2.682699e+01 -8.447764e-03 9.999643e-01 1.964127e-04 -3.781036e-01 1.514303e-02 -6.846831e-05 9.998853e-01 -2.411517e+01
9.999524e-01 -8.022263e-03 5.548073e-03 2.682457e+01 8.025112e-03 9.999677e-01 -4.912061e-04 -3.831711e-01 -5.543953e-03 5.357070e-04 9.999845e-01 -2.367595e+01
9.998490e-01 8.484181e-03 -1.516277e-02 2.682472e+01 -8.480952e-03 9.999640e-01 2.772675e-04 -3.862799e-01 1.516458e-02 -1.486313e-04 9.998850e-01 -2.340731e+01
9.999430e-01 -8.501191e-03 6.459459e-03 2.680677e+01 8.506436e-03 9.999635e-01 -7.848262e-04 -3.910442e-01 -6.452552e-03 8.397289e-04 9.999788e-01 -2.287827e+01
9.998509e-01 8.637996e-03 -1.495023e-02 2.673788e+01 -8.634488e-03 9.999627e-01 2.991778e-04 -3.903500e-01 1.495226e-02 -1.700461e-04 9.998882e-01 -2.235004e+01
9.999074e-01 -7.808623e-03 1.114848e-02 2.629848e+01 7.834832e-03 9.999666e-01 -2.309188e-03 -3.609465e-01 -1.113007e-02 2.396321e-03 9.999352e-01 -2.189861e+01
9.998505e-01 8.703372e-03 -1.494184e-02 2.583656e+01 -8.703460e-03 9.999621e-01 5.913963e-05 -3.289976e-01 1.494179e-02 7.091455e-05 9.998884e-01 -2.122567e+01
9.999240e-01 -8.477239e-03 8.955030e-03 2.556795e+01 8.495569e-03 9.999619e-01 -2.010787e-03 -3.166963e-01 -8.937643e-03 2.086713e-03 9.999579e-01 -2.056671e+01
9.997665e-01 8.261469e-03 -1.996496e-02 2.555914e+01 -8.229927e-03 9.999648e-01 1.661561e-03 -3.237772e-01 1.997798e-02 -1.496863e-03 9.997993e-01 -1.981349e+01
9.999492e-01 -6.296989e-03 7.870351e-03 2.550018e+01 6.326358e-03 9.999731e-01 -3.712207e-03 -3.247563e-01 -7.846764e-03 3.761810e-03 9.999621e-01 -1.951170e+01
9.998175e-01 1.097772e-02 -1.563204e-02 2.522424e+01 -1.098238e-02 9.999397e-01 -2.122646e-04 -2.952560e-01 1.562877e-02 3.839025e-04 9.998778e-01 -2.028521e+01
9.999799e-01 -4.385679e-03 4.570080e-03 2.526576e+01 4.403651e-03 9.999826e-01 -3.929795e-03 -2.691004e-01 -4.552765e-03 3.949842e-03 9.999818e-01 -2.168623e+01
9.998139e-01 1.151889e-02 -1.547814e-02 2.529092e+01 -1.153004e-02 9.999333e-01 -6.315506e-04 -2.389709e-01 1.546983e-02 8.098962e-04 9.998800e-01 -2.323405e+01
9.999703e-01 -6.171734e-03 4.607795e-03 2.533901e+01 6.183445e-03 9.999777e-01 -2.531588e-03 -2.170802e-01 -4.592068e-03 2.560005e-03 9.999862e-01 -2.438453e+01
9.998163e-01 1.098253e-02 -1.570944e-02 2.543364e+01 -1.098611e-02 9.999396e-01 -1.412912e-04 -1.988433e-01 1.570694e-02 3.138505e-04 9.998766e-01 -2.542663e+01
9.999745e-01 -5.638338e-03 4.389528e-03 2.555354e+01 5.651200e-03 9.999798e-01 -2.923229e-03 -1.798332e-01 -4.372958e-03 2.947961e-03 9.999861e-01 -2.659620e+01
9.998093e-01 1.110755e-02 -1.606275e-02 2.567205e+01 -1.111421e-02 9.999382e-01 -3.255721e-04 -1.582558e-01 1.605814e-02 5.040345e-04 9.998709e-01 -2.783841e+01
9.999690e-01 -5.566829e-03 5.565640e-03 2.571621e+01 5.584732e-03 9.999793e-01 -3.206297e-03 -1.346495e-01 -5.547676e-03 3.237281e-03 9.999794e-01 -2.903076e+01
9.997879e-01 1.183991e-02 -1.685039e-02 2.576833e+01 -1.185479e-02 9.999294e-01 -7.833813e-04 -1.101532e-01 1.683993e-02 9.829727e-04 9.998577e-01 -3.037618e+01
9.999622e-01 -7.132224e-03 4.964192e-03 2.588171e+01 7.140950e-03 9.999730e-01 -1.742143e-03 -9.254301e-02 -4.951633e-03 1.777527e-03 9.999862e-01 -3.141844e+01
9.998376e-01 8.676833e-03 -1.579752e-02 2.595884e+01 -8.655887e-03 9.999616e-01 1.393825e-03 -9.011613e-02 1.580901e-02 -1.256857e-03 9.998742e-01 -3.159610e+01
9.999712e-01 -7.072974e-03 2.742113e-03 2.615308e+01 7.078049e-03 9.999732e-01 -1.845517e-03 -1.022572e-01 -2.728986e-03 1.864873e-03 9.999945e-01 -3.142466e+01
9.997778e-01 1.178194e-02 -1.748193e-02 2.646530e+01 -1.178261e-02 9.999306e-01 6.502942e-05 -9.691730e-02 1.748149e-02 1.409675e-04 9.998472e-01 -3.224427e+01
9.999611e-01 -5.696331e-03 6.728557e-03 2.657281e+01 5.722197e-03 9.999763e-01 -3.831211e-03 -7.338894e-02 -6.706573e-03 3.869565e-03 9.999700e-01 -3.354765e+01
9.997791e-01 1.091133e-02 -1.796550e-02 2.665157e+01 -1.089734e-02 9.999402e-01 8.767396e-04 -5.427792e-02 1.797399e-02 -6.807702e-04 9.998382e-01 -3.465380e+01
9.999501e-01 -7.965535e-03 6.035345e-03 2.681502e+01 7.978016e-03 9.999661e-01 -2.046654e-03 -4.700121e-02 -6.018838e-03 2.094702e-03 9.999797e-01 -3.527611e+01
9.998155e-01 8.416593e-03 -1.726724e-02 2.691688e+01 -8.383652e-03 9.999629e-01 1.979262e-03 -5.615126e-02 1.728326e-02 -1.834135e-03 9.998490e-01 -3.501580e+01
9.999715e-01 -5.961227e-03 4.643177e-03 2.707714e+01 5.974605e-03 9.999780e-01 -2.872450e-03 -5.488615e-02 -4.625952e-03 2.900109e-03 9.999851e-01 -3.532203e+01
9.998386e-01 7.001556e-03 -1.654661e-02 2.728718e+01 -6.958419e-03 9.999722e-01 2.663228e-03 -5.746032e-02 1.656479e-02 -2.547660e-03 9.998595e-01 -3.541392e+01
9.999861e-01 -4.452366e-03 2.815494e-03 2.753519e+01 4.463216e-03 9.999826e-01 -3.858999e-03 -6.458971e-02 -2.798264e-03 3.871512e-03 9.999886e-01 -3.561287e+01
9.998488e-01 6.112497e-03 -1.627696e-02 2.776923e+01 -6.054421e-03 9.999751e-01 3.614907e-03 -6.808857e-02 1.629865e-02 -3.515813e-03 9.998610e-01 -3.589249e+01
9.999782e-01 -5.327299e-03 3.908406e-03 2.791720e+01 5.341936e-03 9.999787e-01 -3.744003e-03 -7.944087e-02 -3.888378e-03 3.764800e-03 9.999854e-01 -3.564003e+01
9.998622e-01 5.948217e-03 -1.549944e-02 2.803187e+01 -5.892410e-03 9.999760e-01 3.643802e-03 -8.818742e-02 1.552075e-02 -3.551972e-03 9.998732e-01 -3.542728e+01
9.999469e-01 -5.978650e-03 8.394509e-03 2.782522e+01 6.019364e-03 9.999702e-01 -4.833088e-03 -7.826896e-02 -8.365364e-03 4.883361e-03 9.999531e-01 -3.477500e+01
9.998512e-01 7.243739e-03 -1.565642e-02 2.756854e+01 -7.189752e-03 9.999680e-01 3.501787e-03 -5.685129e-02 1.568129e-02 -3.388701e-03 9.998713e-01 -3.437522e+01
9.999757e-01 -6.484945e-03 2.547314e-03 2.775894e+01 6.494445e-03 9.999719e-01 -3.738643e-03 -6.574762e-02 -2.522998e-03 3.755096e-03 9.999898e-01 -3.422602e+01
9.998517e-01 6.879261e-03 -1.578562e-02 2.795876e+01 -6.821944e-03 9.999700e-01 3.681980e-03 -8.105574e-02 1.581048e-02 -3.573745e-03 9.998686e-01 -3.388861e+01
9.999264e-01 -7.043180e-03 9.876240e-03 2.776076e+01 7.091594e-03 9.999630e-01 -4.875591e-03 -7.285776e-02 -9.841535e-03 4.945270e-03 9.999393e-01 -3.344438e+01
9.998397e-01 7.217081e-03 -1.638792e-02 2.749433e+01 -7.160925e-03 9.999683e-01 3.482835e-03 -5.645808e-02 1.641253e-02 -3.364924e-03 9.998596e-01 -3.284643e+01
9.999234e-01 -7.666675e-03 9.714985e-03 2.737715e+01 7.718624e-03 9.999561e-01 -5.321126e-03 -6.240443e-02 -9.673763e-03 5.395705e-03 9.999387e-01 -3.201223e+01
9.998900e-01 7.500160e-03 -1.279849e-02 2.700746e+01 -7.464125e-03 9.999680e-01 2.861045e-03 -4.678617e-02 1.281954e-02 -2.765201e-03 9.999140e-01 -3.099148e+01
9.999663e-01 -5.157933e-03 6.393240e-03 2.670627e+01 5.194688e-03 9.999700e-01 -5.745746e-03 -2.476838e-02 -6.363412e-03 5.778764e-03 9.999631e-01 -3.096354e+01
9.997677e-01 7.158687e-03 -2.032845e-02 2.704843e+01 -7.047123e-03 9.999597e-01 5.554416e-03 -2.811968e-02 2.036740e-02 -5.409869e-03 9.997779e-01 -3.136386e+01
9.999180e-01 -6.908664e-03 1.078518e-02 2.709018e+01 6.973670e-03 9.999577e-01 -6.001374e-03 -3.467285e-02 -1.074326e-02 6.076095e-03 9.999238e-01 -3.103470e+01
9.998157e-01 6.687240e-03 -1.799591e-02 2.695846e+01 -6.607997e-03 9.999682e-01 4.459293e-03 -3.540127e-02 1.802516e-02 -4.339554e-03 9.998281e-01 -3.029161e+01
9.999624e-01 -6.243175e-03 6.017593e-03 2.706414e+01 6.276571e-03 9.999649e-01 -5.546717e-03 -5.589046e-02 -5.982753e-03 5.584279e-03 9.999665e-01 -2.957017e+01
9.997604e-01 6.842770e-03 -2.079261e-02 2.736410e+01 -6.747065e-03 9.999663e-01 4.669507e-03 -8.302375e-02 2.082387e-02 -4.528100e-03 9.997729e-01 -2.901906e+01
9.999476e-01 -6.447022e-03 7.950131e-03 2.748932e+01 6.490305e-03 9.999642e-01 -5.430486e-03 -1.035569e-01 -7.914836e-03 5.481801e-03 9.999537e-01 -2.845729e+01
9.997624e-01 6.742860e-03 -2.072675e-02 2.766821e+01 -6.640858e-03 9.999655e-01 4.986204e-03 -1.207427e-01 2.075966e-02 -4.847376e-03 9.997727e-01 -2.809614e+01
9.999011e-01 -6.929837e-03 1.223885e-02 2.764684e+01 7.005402e-03 9.999566e-01 -6.142086e-03 -1.299345e-01 -1.219576e-02 6.227216e-03 9.999062e-01 -2.747427e+01
9.996923e-01 7.013651e-03 -2.379341e-02 2.770658e+01 -6.880737e-03 9.999603e-01 5.663473e-03 -1.363776e-01 2.383219e-02 -5.498015e-03 9.997009e-01 -2.703558e+01
9.998853e-01 -6.863887e-03 1.350350e-02 2.778067e+01 6.950996e-03 9.999553e-01 -6.414492e-03 -1.468478e-01 -1.345887e-02 6.507619e-03 9.998882e-01 -2.663413e+01
9.998289e-01 6.279602e-03 -1.739945e-02 2.746122e+01 -6.204342e-03 9.999712e-01 4.376082e-03 -1.336835e-01 1.742643e-02 -4.267382e-03 9.998390e-01 -2.573838e+01
9.999521e-01 -6.146815e-03 7.622121e-03 2.730176e+01 6.191172e-03 9.999640e-01 -5.809622e-03 -1.193806e-01 -7.586136e-03 5.856533e-03 9.999541e-01 -2.513121e+01
9.996876e-01 7.584458e-03 -2.381629e-02 2.775315e+01 -7.446096e-03 9.999549e-01 5.892864e-03 -1.267023e-01 2.385991e-02 -5.713685e-03 9.996990e-01 -2.534920e+01
9.999709e-01 -7.600271e-03 -6.483852e-04 2.862830e+01 7.597300e-03 9.999612e-01 -4.469070e-03 -1.546835e-01 6.823258e-04 4.464014e-03 9.999898e-01 -2.532810e+01
9.996919e-01 8.109725e-03 -2.345787e-02 2.939238e+01 -7.984608e-03 9.999534e-01 5.422502e-03 -1.709007e-01 2.350075e-02 -5.233530e-03 9.997101e-01 -2.535892e+01
9.999557e-01 -7.012157e-03 6.278688e-03 2.976741e+01 7.044571e-03 9.999619e-01 -5.155394e-03 -1.717313e-01 -6.242299e-03 5.199396e-03 9.999670e-01 -2.554714e+01
9.996752e-01 1.184917e-02 -2.256502e-02 3.018613e+01 -1.178008e-02 9.999255e-01 3.192465e-03 -1.577367e-01 2.260117e-02 -2.925611e-03 9.997403e-01 -2.667552e+01
9.999304e-01 -4.571997e-03 1.087369e-02 3.037381e+01 4.653431e-03 9.999612e-01 -7.475556e-03 -1.314479e-01 -1.083909e-02 7.525636e-03 9.999129e-01 -2.825221e+01
9.995404e-01 1.073348e-02 -2.834982e-02 3.092893e+01 -1.056990e-02 9.999266e-01 5.913707e-03 -1.168744e-01 2.841121e-02 -5.611335e-03 9.995806e-01 -2.974070e+01
9.999191e-01 -4.122572e-03 1.203110e-02 3.148756e+01 4.240659e-03 9.999429e-01 -9.806122e-03 -9.485667e-02 -1.198998e-02 9.856349e-03 9.998795e-01 -3.138474e+01
9.995754e-01 7.135631e-03 -2.825153e-02 3.187875e+01 -6.852313e-03 9.999254e-01 1.011257e-02 -9.949372e-02 2.832159e-02 -9.914689e-03 9.995497e-01 -3.189404e+01
9.999368e-01 -7.236384e-03 -8.609604e-03 3.368113e+01 7.186317e-03 9.999572e-01 -5.832113e-03 -1.471826e-01 8.651438e-03 5.769873e-03 9.999459e-01 -3.221969e+01
9.995298e-01 1.362662e-02 -2.746981e-02 3.655927e+01 -1.338042e-02 9.998688e-01 9.126559e-03 -1.592814e-01 2.759057e-02 -8.754709e-03 9.995810e-01 -3.456834e+01
9.999614e-01 -3.926860e-03 7.863877e-03 3.833782e+01 4.036960e-03 9.998934e-01 -1.403408e-02 -1.405865e-01 -7.807929e-03 1.406528e-02 9.998706e-01 -3.689413e+01
9.999364e-01 5.279459e-03 -9.970540e-03 3.767810e+01 -5.174095e-03 9.999308e-01 1.056399e-02 -7.289956e-02 1.002562e-02 -1.051173e-02 9.998945e-01 -3.611146e+01
9.999470e-01 -3.272839e-03 9.765755e-03 3.666867e+01 3.414910e-03 9.998881e-01 -1.456680e-02 9.658134e-04 -9.716987e-03 1.459938e-02 9.998462e-01 -3.501364e+01
9.999141e-01 5.071198e-03 -1.208313e-02 3.584840e+01 -4.934201e-03 9.999235e-01 1.134087e-02 5.736024e-02 1.213971e-02 -1.128028e-02 9.998627e-01 -3.409780e+01
9.999464e-01 -3.667300e-03 9.680311e-03 3.513920e+01 3.803590e-03 9.998934e-01 -1.409840e-02 1.052637e-01 -9.627576e-03 1.413446e-02 9.998538e-01 -3.333865e+01
9.998748e-01 4.967286e-03 -1.502557e-02 3.460504e+01 -4.786552e-03 9.999161e-01 1.204057e-02 1.456614e-01 1.508411e-02 -1.196714e-02 9.998146e-01 -3.256845e+01
9.999068e-01 -3.819121e-03 1.310406e-02 3.376867e+01 4.020917e-03 9.998732e-01 -1.540776e-02 2.085274e-01 -1.304355e-02 1.545901e-02 9.997954e-01 -3.133940e+01
9.999640e-01 5.557624e-03 -6.410557e-03 3.218207e+01 -5.497903e-03 9.999417e-01 9.296381e-03 3.202613e-01 6.461850e-03 -9.260802e-03 9.999362e-01 -2.949469e+01
9.999604e-01 -3.178605e-03 8.309337e-03 3.088899e+01 3.297491e-03 9.998918e-01 -1.433307e-02 4.137148e-01 -8.262879e-03 1.435990e-02 9.998627e-01 -2.811723e+01
9.999869e-01 4.794979e-03 -1.818224e-03 2.950832e+01 -4.778745e-03 9.999496e-01 8.830383e-03 5.119727e-01 1.860474e-03 -8.821578e-03 9.999594e-01 -2.673614e+01
9.999529e-01 -2.682542e-03 9.329892e-03 2.791303e+01 2.821211e-03 9.998853e-01 -1.488162e-02 6.304804e-01 -9.288901e-03 1.490724e-02 9.998457e-01 -2.501277e+01
9.999673e-01 3.983260e-03 -7.041917e-03 2.682837e+01 -3.905000e-03 9.999309e-01 1.109258e-02 7.120545e-01 7.085615e-03 -1.106472e-02 9.999137e-01 -2.364645e+01
9.998457e-01 -3.322266e-03 1.724881e-02 2.529549e+01 3.617505e-03 9.998470e-01 -1.711356e-02 8.216861e-01 -1.718932e-02 1.717332e-02 9.997048e-01 -2.191254e+01
9.998825e-01 6.043558e-03 -1.408475e-02 2.404406e+01 -5.871157e-03 9.999077e-01 1.224966e-02 9.171724e-01 1.415748e-02 -1.216553e-02 9.998258e-01 -2.080904e+01
9.999703e-01 -4.560326e-03 6.208058e-03 2.370293e+01 4.644120e-03 9.998974e-01 -1.355064e-02 9.450050e-01 -6.145627e-03 1.357907e-02 9.998889e-01 -2.064495e+01
9.998235e-01 5.294892e-03 -1.802761e-02 2.382372e+01 -5.045589e-03 9.998914e-01 1.384654e-02 9.442730e-01 1.809897e-02 -1.375314e-02 9.997416e-01 -2.059121e+01
9.998829e-01 -4.604701e-03 1.459078e-02 2.333465e+01 4.829941e-03 9.998691e-01 -1.543971e-02 9.837591e-01 -1.451777e-02 1.550837e-02 9.997743e-01 -1.987006e+01
9.997651e-01 6.525913e-03 -2.066699e-02 2.287051e+01 -6.251295e-03 9.998917e-01 1.332467e-02 1.021712e+00 2.075170e-02 -1.319234e-02 9.996976e-01 -1.941492e+01
9.998498e-01 -5.870300e-03 1.630543e-02 2.248599e+01 6.112090e-03 9.998715e-01 -1.481875e-02 1.047856e+00 -1.621635e-02 1.491618e-02 9.997572e-01 -1.886477e+01
9.998091e-01 7.361771e-03 -1.809832e-02 2.177166e+01 -7.140006e-03 9.998990e-01 1.228763e-02 1.098985e+00 1.818695e-02 -1.215607e-02 9.997607e-01 -1.811898e+01
9.999027e-01 -6.981843e-03 1.207524e-02 2.154065e+01 7.141271e-03 9.998872e-01 -1.321050e-02 1.112765e+00 -1.198164e-02 1.329545e-02 9.998398e-01 -1.762365e+01
9.998250e-01 9.934067e-03 -1.585260e-02 2.091210e+01 -9.784978e-03 9.999074e-01 9.454743e-03 1.154811e+00 1.594506e-02 -9.297971e-03 9.998296e-01 -1.754888e+01
9.999168e-01 -7.160232e-03 1.073083e-02 2.041486e+01 7.290763e-03 9.998993e-01 -1.217468e-02 1.191485e+00 -1.064258e-02 1.225190e-02 9.998683e-01 -1.759207e+01
9.997555e-01 7.526122e-03 -2.079198e-02 2.045901e+01 -7.279287e-03 9.999024e-01 1.192199e-02 1.186015e+00 2.087968e-02 -1.176772e-02 9.997127e-01 -1.708786e+01
9.999210e-01 -6.623194e-03 1.068431e-02 2.029454e+01 6.759147e-03 9.998960e-01 -1.273895e-02 1.196414e+00 -1.059883e-02 1.281017e-02 9.998618e-01 -1.638490e+01
9.997421e-01 7.329414e-03 -2.149271e-02 2.023934e+01 -7.058291e-03 9.998949e-01 1.266350e-02 1.195228e+00 2.158327e-02 -1.250853e-02 9.996888e-01 -1.590457e+01
9.999257e-01 -6.438737e-03 1.034999e-02 2.033357e+01 6.566942e-03 9.999015e-01 -1.240107e-02 1.189635e+00 -1.026913e-02 1.246812e-02 9.998695e-01 -1.575194e+01
9.997052e-01 7.606605e-03 -2.305912e-02 2.049002e+01 -7.319453e-03 9.998949e-01 1.251183e-02 1.178755e+00 2.315187e-02 -1.233936e-02 9.996558e-01 -1.554491e+01
9.999277e-01 -6.343795e-03 1.021441e-02 2.070688e+01 6.467419e-03 9.999057e-01 -1.211564e-02 1.172996e+00 -1.013659e-02 1.218082e-02 9.998744e-01 -1.563021e+01
9.997232e-01 7.173664e-03 -2.240659e-02 2.089511e+01 -6.896190e-03 9.998989e-01 1.243642e-02 1.163454e+00 2.249354e-02 -1.227846e-02 9.996716e-01 -1.552569e+01
9.999345e-01 -6.108321e-03 9.674549e-03 2.108667e+01 6.226664e-03 9.999056e-01 -1.224986e-02 1.151906e+00 -9.598810e-03 1.230930e-02 9.998782e-01 -1.537223e+01
9.997301e-01 6.994294e-03 -2.215215e-02 2.126137e+01 -6.717869e-03 9.998989e-01 1.252843e-02 1.142374e+00 2.223754e-02 -1.237624e-02 9.996761e-01 -1.520373e+01
9.999569e-01 -5.686889e-03 7.334520e-03 2.165231e+01 5.776011e-03 9.999090e-01 -1.218751e-02 1.129283e+00 -7.264544e-03 1.222935e-02 9.998988e-01 -1.511299e+01
9.997209e-01 6.745714e-03 -2.264192e-02 2.204931e+01 -6.451621e-03 9.998942e-01 1.303691e-02 1.121635e+00 2.272747e-02 -1.288720e-02 9.996586e-01 -1.526211e+01
9.999381e-01 -4.566942e-03 1.014727e-02 2.233222e+01 4.702842e-03 9.998990e-01 -1.340948e-02 1.118627e+00 -1.008501e-02 1.345637e-02 9.998586e-01 -1.558136e+01
9.997200e-01 6.308189e-03 -2.280528e-02 2.260927e+01 -6.004289e-03 9.998926e-01 1.336989e-02 1.117147e+00 2.288718e-02 -1.322922e-02 9.996505e-01 -1.596386e+01
9.999417e-01 -5.180567e-03 9.471632e-03 2.289936e+01 5.304586e-03 9.998999e-01 -1.311582e-02 1.107605e+00 -9.402737e-03 1.316530e-02 9.998691e-01 -1.602649e+01
9.997176e-01 6.159460e-03 -2.295098e-02 2.310175e+01 -5.854485e-03 9.998940e-01 1.333172e-02 1.097370e+00 2.303067e-02 -1.319359e-02 9.996477e-01 -1.594378e+01
9.999383e-01 -4.691361e-03 1.007391e-02 2.329605e+01 4.824605e-03 9.999007e-01 -1.324326e-02 1.095938e+00 -1.001078e-02 1.329104e-02 9.998616e-01 -1.609157e+01
9.997234e-01 6.286128e-03 -2.266324e-02 2.350683e+01 -5.984453e-03 9.998929e-01 1.335455e-02 1.095702e+00 2.274477e-02 -1.321523e-02 9.996540e-01 -1.635431e+01
9.999460e-01 -4.751313e-03 9.240730e-03 2.375856e+01 4.872173e-03 9.999023e-01 -1.310079e-02 1.093907e+00 -9.177582e-03 1.314510e-02 9.998715e-01 -1.662893e+01
9.996426e-01 8.117379e-03 -2.546964e-02 2.457372e+01 -7.760129e-03 9.998706e-01 1.409415e-02 1.091881e+00 2.558075e-02 -1.389146e-02 9.995762e-01 -1.738989e+01
9.999155e-01 -6.738717e-03 1.111344e-02 2.525520e+01 6.894843e-03 9.998772e-01 -1.407040e-02 1.093755e+00 -1.101726e-02 1.414584e-02 9.998392e-01 -1.799795e+01
9.996973e-01 8.125215e-03 -2.322112e-02 2.538011e+01 -7.800674e-03 9.998711e-01 1.403269e-02 1.095175e+00 2.333215e-02 -1.384731e-02 9.996319e-01 -1.817045e+01
9.999194e-01 -5.385627e-03 1.150002e-02 2.551794e+01 5.554830e-03 9.998760e-01 -1.473240e-02 1.099791e+00 -1.141925e-02 1.479509e-02 9.998253e-01 -1.863665e+01
9.996712e-01 7.723263e-03 -2.445274e-02 2.588918e+01 -7.366635e-03 9.998657e-01 1.464104e-02 1.098674e+00 2.456253e-02 -1.445609e-02 9.995938e-01 -1.909421e+01
9.999271e-01 -5.728870e-03 1.062604e-02 2.626000e+01 5.881885e-03 9.998787e-01 -1.442502e-02 1.096204e+00 -1.054212e-02 1.448647e-02 9.998395e-01 -1.951711e+01
9.997229e-01 9.148567e-03 -2.168765e-02 2.632346e+01 -8.870416e-03 9.998776e-01 1.288702e-02 1.106359e+00 2.180290e-02 -1.269107e-02 9.996817e-01 -2.019215e+01
9.999263e-01 -6.412281e-03 1.030861e-02 2.645610e+01 6.552544e-03 9.998856e-01 -1.363059e-02 1.110507e+00 -1.022002e-02 1.369714e-02 9.998540e-01 -2.068617e+01
9.997106e-01 9.129532e-03 -2.225570e-02 2.661324e+01 -8.846494e-03 9.998792e-01 1.278299e-02 1.113961e+00 2.236971e-02 -1.258241e-02 9.996706e-01 -2.116036e+01
9.999160e-01 -6.675919e-03 1.110862e-02 2.671917e+01 6.825882e-03 9.998853e-01 -1.351693e-02 1.119126e+00 -1.101711e-02 1.359162e-02 9.998469e-01 -2.160384e+01
9.997815e-01 7.646433e-03 -1.945266e-02 2.660014e+01 -7.394947e-03 9.998886e-01 1.296737e-02 1.129028e+00 1.954965e-02 -1.282068e-02 9.997267e-01 -2.158981e+01
9.998513e-01 -6.629576e-03 1.592063e-02 2.614457e+01 6.864367e-03 9.998678e-01 -1.473846e-02 1.160515e+00 -1.582081e-02 1.484555e-02 9.997646e-01 -2.129125e+01
9.997285e-01 7.514800e-03 -2.205610e-02 2.582412e+01 -7.215938e-03 9.998815e-01 1.359857e-02 1.186329e+00 2.215568e-02 -1.343572e-02 9.996642e-01 -2.099328e+01
9.999106e-01 -5.351734e-03 1.225540e-02 2.584744e+01 5.531179e-03 9.998773e-01 -1.465528e-02 1.191955e+00 -1.217547e-02 1.472176e-02 9.998175e-01 -2.118848e+01
9.997597e-01 5.051428e-03 -2.133258e-02 2.592679e+01 -4.755824e-03 9.998923e-01 1.388504e-02 1.173433e+00 2.140042e-02 -1.378025e-02 9.996760e-01 -2.047922e+01
9.999295e-01 -4.891808e-03 1.081693e-02 2.598430e+01 5.063767e-03 9.998603e-01 -1.592737e-02 1.139264e+00 -1.073750e-02 1.598102e-02 9.998146e-01 -1.896775e+01
9.997642e-01 5.161206e-03 -2.109498e-02 2.603214e+01 -4.853513e-03 9.998815e-01 1.461139e-02 1.112128e+00 2.116789e-02 -1.450556e-02 9.996707e-01 -1.768947e+01
