9.999976e-01 -1.115877e-04 2.174242e-03 1.111513e-01 1.163629e-04 9.999976e-01 -2.196299e-03 -3.751661e-02 -2.173992e-03 2.196546e-03 9.999952e-01 2.095050e+00
9.999916e-01 5.426499e-04 4.060307e-03 2.901123e-01 -5.392901e-04 9.999995e-01 -8.285214e-04 -7.960220e-02 -4.060755e-03 8.263255e-04 9.999914e-01 4.012145e+00
9.999984e-01 6.819317e-04 1.663747e-03 4.492495e-01 -6.793311e-04 9.999985e-01 -1.563222e-03 -8.516739e-02 -1.664810e-03 1.562088e-03 9.999974e-01 3.816891e+00
9.999933e-01 8.663932e-04 -3.566165e-03 4.751677e-01 -8.612855e-04 9.999986e-01 1.433541e-03 -8.259378e-02 3.567402e-03 -1.430459e-03 9.999926e-01 3.459742e+00
1.000000e+00 -5.217440e-05 -3.057525e-04 5.541385e-01 5.168036e-05 9.999987e-01 -1.615512e-03 -9.048165e-02 3.058361e-04 1.615495e-03 9.999986e-01 3.659809e+00
9.999937e-01 9.831364e-04 -3.418174e-03 5.969556e-01 -9.777162e-04 9.999983e-01 1.586997e-03 -9.662666e-02 3.419728e-03 -1.583645e-03 9.999929e-01 3.884466e+00
1.000000e+00 -8.299080e-06 3.020779e-04 6.835913e-01 8.924304e-06 9.999979e-01 -2.069883e-03 -1.071753e-01 -3.020604e-04 2.069885e-03 9.999978e-01 4.243195e+00
9.999980e-01 9.322620e-04 -1.765955e-03 7.526883e-01 -9.299503e-04 9.999987e-01 1.309348e-03 -1.205065e-01 1.767174e-03 -1.307703e-03 9.999976e-01 4.789235e+00
9.999992e-01 -6.930489e-04 -1.071533e-03 7.622338e-01 6.914584e-04 9.999987e-01 -1.483888e-03 -1.395087e-01 1.072560e-03 1.483145e-03 9.999983e-01 5.862118e+00
9.999992e-01 8.844677e-04 9.378048e-04 7.026735e-01 -8.853096e-04 9.999992e-01 8.977247e-04 -1.597526e-01 -9.370097e-04 -8.985535e-04 9.999992e-01 7.427919e+00
9.999984e-01 -7.292162e-04 1.663385e-03 6.841539e-01 7.331620e-04 9.999969e-01 -2.372817e-03 -1.889947e-01 -1.661650e-03 2.374032e-03 9.999958e-01 9.288552e+00
9.999980e-01 1.934519e-03 -5.361485e-04 6.614421e-01 -1.933353e-03 9.999958e-01 2.167344e-03 -2.006761e-01 5.403393e-04 -2.166302e-03 9.999975e-01 1.005742e+01
9.999954e-01 -2.017689e-03 2.272227e-03 6.697496e-01 2.026076e-03 9.999911e-01 -3.694664e-03 -2.384344e-01 -2.264753e-03 3.699250e-03 9.999906e-01 1.226817e+01
9.999981e-01 1.512650e-03 1.194598e-03 7.356259e-01 -1.515079e-03 9.999968e-01 2.034776e-03 -2.802105e-01 -1.191516e-03 -2.036582e-03 9.999972e-01 1.446103e+01
9.999953e-01 -1.212081e-03 -2.828372e-03 7.919264e-01 1.204564e-03 9.999957e-01 -2.658056e-03 -3.036440e-01 2.831582e-03 2.654636e-03 9.999925e-01 1.580318e+01
9.999585e-01 8.584456e-04 9.067310e-03 7.806871e-01 -8.598441e-04 9.999996e-01 1.503328e-04 -3.516489e-01 -9.067177e-03 -1.581223e-04 9.999589e-01 1.871971e+01
9.999886e-01 -1.596227e-03 -4.491338e-03 8.556671e-01 1.587254e-03 9.999967e-01 -2.000579e-03 -3.979220e-01 4.494517e-03 1.993427e-03 9.999879e-01 2.109051e+01
9.999962e-01 1.766756e-03 2.115663e-03 8.533774e-01 -1.770151e-03 9.999971e-01 1.603990e-03 -4.189656e-01 -2.112823e-03 -1.607728e-03 9.999965e-01 2.236950e+01
9.999878e-01 -9.967977e-04 -4.834309e-03 9.187542e-01 9.869878e-04 9.999975e-01 -2.031184e-03 -4.325885e-01 4.836321e-03 2.026387e-03 9.999863e-01 2.299221e+01
9.999950e-01 1.835638e-03 2.586388e-03 1.017570e+00 -1.839643e-03 9.999971e-01 1.547027e-03 -4.487019e-01 -2.583541e-03 -1.551776e-03 9.999955e-01 2.363975e+01
9.999897e-01 -1.785155e-03 -4.174312e-03 1.063289e+00 1.775731e-03 9.999959e-01 -2.260288e-03 -4.748244e-01 4.178329e-03 2.252851e-03 9.999887e-01 2.503695e+01
9.999943e-01 2.268816e-03 2.506396e-03 1.110315e+00 -2.273352e-03 9.999958e-01 1.808365e-03 -4.957640e-01 -2.502282e-03 -1.814051e-03 9.999952e-01 2.614014e+01
9.999899e-01 -2.766115e-03 3.536463e-03 1.207901e+00 2.785247e-03 9.999815e-01 -5.416695e-03 -5.462057e-01 -3.521415e-03 5.426490e-03 9.999791e-01 2.900782e+01
9.999842e-01 1.868748e-03 5.300419e-03 1.294778e+00 -1.881160e-03 9.999955e-01 2.337702e-03 -6.079721e-01 -5.296027e-03 -2.347635e-03 9.999832e-01 3.228115e+01
9.999957e-01 -2.278368e-03 -1.828306e-03 1.355719e+00 2.270650e-03 9.999885e-01 -4.212412e-03 -6.513761e-01 1.837882e-03 4.208242e-03 9.999895e-01 3.458427e+01
9.999921e-01 2.222251e-03 3.295455e-03 1.356951e+00 -2.231881e-03 9.999932e-01 2.921548e-03 -6.840043e-01 -3.288940e-03 -2.928879e-03 9.999903e-01 3.658190e+01
9.999976e-01 -1.969123e-03 -9.440627e-04 1.450626e+00 1.964660e-03 9.999870e-01 -4.705235e-03 -7.122134e-01 9.533153e-04 4.703368e-03 9.999885e-01 3.793512e+01
9.999927e-01 3.423736e-03 1.692736e-03 1.538638e+00 -3.429616e-03 9.999881e-01 3.483006e-03 -7.146694e-01 -1.680790e-03 -3.488785e-03 9.999925e-01 3.765743e+01
9.999983e-01 -1.687162e-03 -6.946670e-04 1.644439e+00 1.683763e-03 9.999868e-01 -4.864511e-03 -7.220230e-01 7.028647e-04 4.863333e-03 9.999879e-01 3.771862e+01
9.999899e-01 2.268026e-03 3.879189e-03 1.734683e+00 -2.280393e-03 9.999923e-01 3.186754e-03 -7.403138e-01 -3.871931e-03 -3.195567e-03 9.999874e-01 3.847734e+01
9.999788e-01 -1.368854e-03 -6.370784e-03 1.847736e+00 1.345624e-03 9.999924e-01 -3.649292e-03 -7.573747e-01 6.375731e-03 3.640641e-03 9.999730e-01 3.917192e+01
9.999827e-01 2.240338e-03 5.435554e-03 1.969486e+00 -2.256074e-03 9.999933e-01 2.890638e-03 -7.692710e-01 -5.429041e-03 -2.902851e-03 9.999810e-01 3.947977e+01
9.999554e-01 -1.504711e-03 -9.321870e-03 2.067543e+00 1.476358e-03 9.999943e-01 -3.047623e-03 -7.830751e-01 9.326402e-03 3.033724e-03 9.999519e-01 3.986288e+01
9.999745e-01 2.582150e-03 6.656415e-03 2.136561e+00 -2.598598e-03 9.999936e-01 2.463457e-03 -7.939158e-01 -6.650011e-03 -2.480691e-03 9.999748e-01 4.024396e+01
9.999511e-01 -1.635495e-03 -9.751030e-03 2.254455e+00 1.607783e-03 9.999946e-01 -2.849144e-03 -8.050024e-01 9.755637e-03 2.833326e-03 9.999484e-01 4.036462e+01
9.999865e-01 2.467439e-03 4.565927e-03 2.372499e+00 -2.479440e-03 9.999935e-01 2.624459e-03 -8.153182e-01 -4.559421e-03 -2.635744e-03 9.999861e-01 4.053148e+01
9.999736e-01 -1.015342e-03 -7.190272e-03 2.417302e+00 9.936832e-04 9.999950e-01 -3.015101e-03 -8.113017e-01 7.193297e-03 3.007876e-03 9.999696e-01 4.000744e+01
9.999835e-01 2.530001e-03 5.165128e-03 2.430396e+00 -2.544210e-03 9.999930e-01 2.746296e-03 -8.040159e-01 -5.158144e-03 -2.759391e-03 9.999829e-01 3.934026e+01
9.999652e-01 -1.091132e-03 -8.271656e-03 2.487157e+00 1.066872e-03 9.999951e-01 -2.936788e-03 -7.992934e-01 8.274820e-03 2.927861e-03 9.999615e-01 3.878145e+01
9.999939e-01 1.950387e-03 2.885286e-03 2.575946e+00 -1.959253e-03 9.999934e-01 3.073105e-03 -8.089028e-01 -2.879272e-03 -3.078738e-03 9.999911e-01 3.893164e+01
9.999542e-01 -1.715406e-03 -9.410450e-03 2.641187e+00 1.687581e-03 9.999942e-01 -2.963882e-03 -8.266554e-01 9.415479e-03 2.947865e-03 9.999513e-01 3.962008e+01
9.999952e-01 2.106049e-03 2.261267e-03 2.750851e+00 -2.113197e-03 9.999928e-01 3.163463e-03 -8.429467e-01 -2.254588e-03 -3.168225e-03 9.999924e-01 4.009707e+01
9.999554e-01 -1.405521e-03 -9.338523e-03 2.865131e+00 1.378636e-03 9.999949e-01 -2.884700e-03 -8.543916e-01 9.342530e-03 2.871696e-03 9.999522e-01 4.029025e+01
9.999920e-01 2.293349e-03 3.275666e-03 2.985193e+00 -2.302772e-03 9.999932e-01 2.875676e-03 -8.607002e-01 -3.269048e-03 -2.883195e-03 9.999905e-01 4.018873e+01
9.999528e-01 -1.415593e-03 -9.612871e-03 3.111551e+00 1.389578e-03 9.999954e-01 -2.712408e-03 -8.687894e-01 9.616666e-03 2.698921e-03 9.999501e-01 4.020251e+01
9.999931e-01 2.084066e-03 3.089799e-03 3.228270e+00 -2.092739e-03 9.999939e-01 2.806429e-03 -8.803066e-01 -3.083931e-03 -2.812875e-03 9.999913e-01 4.043666e+01
9.999861e-01 -5.623830e-04 -5.233192e-03 3.266121e+00 5.448630e-04 9.999942e-01 -3.348672e-03 -8.705877e-01 5.235045e-03 3.345773e-03 9.999807e-01 3.966359e+01
9.999927e-01 2.220001e-03 3.111736e-03 3.306066e+00 -2.229891e-03 9.999925e-01 3.178387e-03 -8.615902e-01 -3.104656e-03 -3.185302e-03 9.999901e-01 3.894043e+01
9.999621e-01 -2.202114e-03 -8.421594e-03 3.372272e+00 2.173051e-03 9.999917e-01 -3.458597e-03 -8.816762e-01 8.429139e-03 3.440164e-03 9.999586e-01 3.974731e+01
9.999937e-01 2.289904e-03 2.703089e-03 3.410021e+00 -2.299394e-03 9.999912e-01 3.513030e-03 -8.977638e-01 -2.695020e-03 -3.519223e-03 9.999902e-01 4.048089e+01
9.999511e-01 -1.956237e-03 -9.693934e-03 3.483500e+00 1.924323e-03 9.999927e-01 -3.300343e-03 -9.128854e-01 9.700320e-03 3.281526e-03 9.999476e-01 4.101696e+01
9.999934e-01 2.415365e-03 2.732228e-03 3.628320e+00 -2.425009e-03 9.999908e-01 3.531829e-03 -9.272773e-01 -2.723672e-03 -3.538431e-03 9.999900e-01 4.135140e+01
9.999674e-01 -2.471829e-03 -7.687624e-03 3.705660e+00 2.441506e-03 9.999892e-01 -3.951260e-03 -9.486285e-01 7.697307e-03 3.932361e-03 9.999626e-01 4.223681e+01
9.999960e-01 2.801712e-03 3.790301e-04 3.780645e+00 -2.803303e-03 9.999870e-01 4.265921e-03 -9.622950e-01 -3.670730e-04 -4.266966e-03 9.999908e-01 4.269080e+01
9.999667e-01 -2.295174e-03 -7.828140e-03 3.874794e+00 2.265090e-03 9.999900e-01 -3.849745e-03 -9.759027e-01 7.836897e-03 3.831885e-03 9.999619e-01 4.309174e+01
9.999935e-01 3.152948e-03 1.760034e-03 3.978599e+00 -3.159682e-03 9.999876e-01 3.836783e-03 -9.808075e-01 -1.747915e-03 -3.842319e-03 9.999911e-01 4.299015e+01
9.999682e-01 -2.254914e-03 -7.645279e-03 4.145455e+00 2.225437e-03 9.999901e-01 -3.861876e-03 -9.907556e-01 7.653911e-03 3.844738e-03 9.999633e-01 4.299981e+01
9.999903e-01 3.159162e-03 3.084562e-03 4.190015e+00 -3.170999e-03 9.999876e-01 3.840025e-03 -9.919009e-01 -3.072393e-03 -3.849768e-03 9.999879e-01 4.283201e+01
9.999738e-01 -1.763681e-03 -7.026924e-03 4.232661e+00 1.735785e-03 9.999906e-01 -3.973979e-03 -9.818710e-01 7.033867e-03 3.961677e-03 9.999674e-01 4.205755e+01
9.999863e-01 3.216199e-03 4.135717e-03 4.348138e+00 -3.230876e-03 9.999885e-01 3.546969e-03 -9.728682e-01 -4.124261e-03 -3.560281e-03 9.999852e-01 4.120192e+01
9.999695e-01 -1.766562e-03 -7.603453e-03 4.439311e+00 1.737424e-03 9.999911e-01 -3.837054e-03 -9.634225e-01 7.610164e-03 3.823726e-03 9.999637e-01 4.038917e+01
9.999971e-01 2.373046e-03 4.478677e-04 4.565840e+00 -2.374915e-03 9.999883e-01 4.220022e-03 -9.782234e-01 -4.378479e-04 -4.221072e-03 9.999910e-01 4.075544e+01
9.999727e-01 -2.096582e-03 -7.091176e-03 4.662543e+00 2.066985e-03 9.999891e-01 -4.178484e-03 -9.979766e-01 7.099859e-03 4.163712e-03 9.999661e-01 4.142064e+01
9.999952e-01 2.966771e-03 9.378218e-04 4.800321e+00 -2.970720e-03 9.999866e-01 4.238485e-03 -1.004713e+00 -9.252343e-04 -4.241250e-03 9.999906e-01 4.136482e+01
9.999636e-01 -2.198534e-03 -8.249732e-03 4.877762e+00 2.168580e-03 9.999910e-01 -3.638122e-03 -1.014998e+00 8.257656e-03 3.620099e-03 9.999594e-01 4.161485e+01
9.999951e-01 2.465621e-03 1.949435e-03 4.919275e+00 -2.473207e-03 9.999893e-01 3.898619e-03 -1.029944e+00 -1.939801e-03 -3.903421e-03 9.999905e-01 4.228085e+01
9.999655e-01 -1.666296e-03 -8.141660e-03 4.993012e+00 1.637188e-03 9.999922e-01 -3.580479e-03 -1.034530e+00 8.147563e-03 3.567025e-03 9.999604e-01 4.224674e+01
9.999919e-01 2.822697e-03 2.852319e-03 5.074078e+00 -2.833158e-03 9.999893e-01 3.670331e-03 -1.034944e+00 -2.841928e-03 -3.678382e-03 9.999892e-01 4.194858e+01
9.999685e-01 -1.783129e-03 -7.730009e-03 5.112667e+00 1.757088e-03 9.999928e-01 -3.374334e-03 -1.034347e+00 7.735970e-03 3.360645e-03 9.999644e-01 4.173986e+01
9.999965e-01 2.423427e-03 1.092654e-03 5.163548e+00 -2.427661e-03 9.999895e-01 3.891002e-03 -1.043962e+00 -1.083212e-03 -3.893640e-03 9.999918e-01 4.209331e+01
9.999667e-01 -1.826424e-03 -7.954973e-03 5.210728e+00 1.800330e-03 9.999930e-01 -3.286091e-03 -1.054321e+00 7.960918e-03 3.271659e-03 9.999630e-01 4.251465e+01
9.999971e-01 2.101772e-03 1.192814e-03 5.266612e+00 -2.106014e-03 9.999914e-01 3.565900e-03 -1.070705e+00 -1.185309e-03 -3.568401e-03 9.999929e-01 4.313525e+01
9.999692e-01 -1.747502e-03 -7.653155e-03 5.307477e+00 1.723023e-03 9.999934e-01 -3.203981e-03 -1.085066e+00 7.658703e-03 3.190695e-03 9.999656e-01 4.378462e+01
9.999960e-01 2.112900e-03 1.898716e-03 5.357059e+00 -2.119395e-03 9.999919e-01 3.425445e-03 -1.101560e+00 -1.891463e-03 -3.429454e-03 9.999923e-01 4.452205e+01
9.999740e-01 -1.593114e-03 -7.038845e-03 5.406836e+00 1.570663e-03 9.999937e-01 -3.193896e-03 -1.118541e+00 7.043888e-03 3.182756e-03 9.999701e-01 4.520373e+01
9.999915e-01 1.798099e-03 3.705084e-03 5.418970e+00 -1.808622e-03 9.999943e-01 2.838825e-03 -1.139890e+00 -3.699958e-03 -2.845502e-03 9.999891e-01 4.640355e+01
9.999818e-01 -1.739266e-03 -5.782879e-03 5.475429e+00 1.718231e-03 9.999919e-01 -3.640473e-03 -1.169357e+00 5.789164e-03 3.630469e-03 9.999767e-01 4.786564e+01
9.999911e-01 1.690502e-03 3.870818e-03 5.506030e+00 -1.701787e-03 9.999943e-01 2.913921e-03 -1.196336e+00 -3.865869e-03 -2.920481e-03 9.999883e-01 4.930486e+01
9.999601e-01 -1.701720e-03 -8.769803e-03 5.587511e+00 1.674802e-03 9.999939e-01 -3.075854e-03 -1.221307e+00 8.774983e-03 3.061043e-03 9.999568e-01 5.033291e+01
9.999931e-01 2.652996e-03 2.595435e-03 5.652935e+00 -2.661764e-03 9.999907e-01 3.380601e-03 -1.225574e+00 -2.586442e-03 -3.387486e-03 9.999909e-01 5.025215e+01
9.999628e-01 -1.607502e-03 -8.471902e-03 5.710004e+00 1.581594e-03 9.999941e-01 -3.063982e-03 -1.231208e+00 8.476776e-03 3.050468e-03 9.999594e-01 5.033582e+01
9.999788e-01 2.845694e-03 5.853874e-03 5.728500e+00 -2.863507e-03 9.999913e-01 3.036752e-03 -1.230128e+00 -5.845181e-03 -3.053450e-03 9.999783e-01 5.008524e+01
9.999128e-01 -1.912259e-03 -1.306979e-02 5.780143e+00 1.880692e-03 9.999953e-01 -2.427184e-03 -1.234305e+00 1.307437e-02 2.402391e-03 9.999116e-01 5.010121e+01
9.999748e-01 2.583976e-03 6.619596e-03 5.838617e+00 -2.604138e-03 9.999920e-01 3.039061e-03 -1.241797e+00 -6.611690e-03 -3.056222e-03 9.999735e-01 5.029120e+01
9.999263e-01 -1.798979e-03 -1.200863e-02 5.899289e+00 1.764179e-03 9.999942e-01 -2.907850e-03 -1.249213e+00 1.201379e-02 2.886450e-03 9.999237e-01 5.058172e+01
9.999030e-01 1.528267e-03 1.384701e-02 5.959857e+00 -1.540720e-03 9.999984e-01 8.887296e-04 -1.284630e+00 -1.384563e-02 -9.099771e-04 9.999037e-01 5.256428e+01
9.999906e-01 -2.977310e-03 -3.145304e-03 6.029385e+00 2.961657e-03 9.999833e-01 -4.969728e-03 -1.352141e+00 3.160047e-03 4.960365e-03 9.999827e-01 5.625368e+01
9.998862e-01 1.336211e-03 1.502907e-02 6.092688e+00 -1.344054e-03 9.999990e-01 5.117634e-04 -1.425095e+00 -1.502837e-02 -5.319043e-04 9.998869e-01 6.028782e+01
9.999790e-01 -2.543183e-03 -5.960702e-03 6.154786e+00 2.516748e-03 9.999870e-01 -4.438211e-03 -1.483356e+00 5.971912e-03 4.423116e-03 9.999724e-01 6.364828e+01
9.997368e-01 1.683548e-04 2.294133e-02 6.305964e+00 -1.094669e-04 9.999967e-01 -2.568118e-03 -1.574335e+00 -2.294168e-02 2.564932e-03 9.997335e-01 6.849437e+01
9.999642e-01 -2.124488e-03 -8.196046e-03 6.439861e+00 2.103435e-03 9.999945e-01 -2.576396e-03 -1.664368e+00 8.201474e-03 2.559063e-03 9.999631e-01 7.318205e+01
9.998401e-01 9.892372e-04 1.785613e-02 6.461947e+00 -9.709485e-04 9.999990e-01 -1.032862e-03 -1.726464e+00 -1.785713e-02 1.015360e-03 9.998400e-01 7.673218e+01
9.999282e-01 -2.214432e-03 -1.177989e-02 6.582387e+00 2.193919e-03 9.999961e-01 -1.753972e-03 -1.787265e+00 1.178373e-02 1.728001e-03 9.999291e-01 7.969223e+01
9.999697e-01 2.164033e-03 7.473543e-03 6.672148e+00 -2.174407e-03 9.999967e-01 1.380327e-03 -1.816041e+00 -7.470530e-03 -1.396535e-03 9.999711e-01 8.087591e+01
9.998861e-01 -1.600467e-03 -1.500485e-02 6.942160e+00 1.573788e-03 9.999972e-01 -1.789700e-03 -1.825257e+00 1.500767e-02 1.765881e-03 9.998858e-01 8.060277e+01
9.999611e-01 2.389458e-03 8.494322e-03 7.204530e+00 -2.402885e-03 9.999959e-01 1.570890e-03 -1.827483e+00 -8.490533e-03 -1.591239e-03 9.999627e-01 8.013435e+01
9.998857e-01 -1.667160e-03 -1.502785e-02 7.378953e+00 1.642181e-03 9.999972e-01 -1.674370e-03 -1.834763e+00 1.503060e-02 1.649499e-03 9.998857e-01 8.000589e+01
9.999346e-01 2.852043e-03 1.107488e-02 7.521708e+00 -2.866137e-03 9.999951e-01 1.256925e-03 -1.834419e+00 -1.107124e-02 -1.288584e-03 9.999379e-01 7.952467e+01
9.998551e-01 -1.974312e-03 -1.690774e-02 7.739083e+00 1.944826e-03 9.999966e-01 -1.760225e-03 -1.842450e+00 1.691116e-02 1.727087e-03 9.998555e-01 7.927658e+01
9.999050e-01 3.110928e-03 1.342627e-02 7.904483e+00 -3.124167e-03 9.999947e-01 9.652209e-04 -1.836658e+00 -1.342320e-02 -1.007074e-03 9.999094e-01 7.848359e+01
9.998328e-01 -2.085174e-03 -1.816926e-02 8.213967e+00 2.050205e-03 9.999960e-01 -1.943031e-03 -1.833597e+00 1.817323e-02 1.905455e-03 9.998330e-01 7.765457e+01
9.999253e-01 2.641878e-03 1.193766e-02 8.520208e+00 -2.660506e-03 9.999953e-01 1.544801e-03 -1.835093e+00 -1.193352e-02 -1.576445e-03 9.999276e-01 7.705378e+01
9.998023e-01 -2.289578e-03 -1.974979e-02 8.904664e+00 2.252691e-03 9.999957e-01 -1.889764e-03 -1.838902e+00 1.975403e-02 1.844900e-03 9.998032e-01 7.648926e+01
9.999131e-01 2.731008e-03 1.289751e-02 9.238532e+00 -2.751820e-03 9.999949e-01 1.596209e-03 -1.845143e+00 -1.289308e-02 -1.631561e-03 9.999155e-01 7.605752e+01
9.998186e-01 -2.008722e-03 -1.893973e-02 9.435096e+00 1.972643e-03 9.999962e-01 -1.923418e-03 -1.847920e+00 1.894352e-02 1.885707e-03 9.998188e-01 7.563273e+01
9.999083e-01 3.006830e-03 1.320701e-02 9.533388e+00 -3.035917e-03 9.999930e-01 2.182847e-03 -1.852533e+00 -1.320036e-02 -2.222741e-03 9.999104e-01 7.547488e+01
9.998059e-01 -2.326100e-03 -1.956202e-02 9.642261e+00 2.280093e-03 9.999946e-01 -2.373832e-03 -1.861359e+00 1.956743e-02 2.328767e-03 9.998058e-01 7.552764e+01
9.998731e-01 3.358305e-03 1.557167e-02 9.787181e+00 -3.387929e-03 9.999925e-01 1.876441e-03 -1.853730e+00 -1.556525e-02 -1.928957e-03 9.998770e-01 7.472193e+01
9.998538e-01 -1.905488e-03 -1.699230e-02 9.862196e+00 1.860198e-03 9.999947e-01 -2.680733e-03 -1.838973e+00 1.699731e-02 2.648731e-03 9.998520e-01 7.365799e+01
9.998707e-01 3.552903e-03 1.568262e-02 9.881265e+00 -3.585878e-03 9.999914e-01 2.075019e-03 -1.822410e+00 -1.567511e-02 -2.130986e-03 9.998749e-01 7.260970e+01
9.998521e-01 -1.888606e-03 -1.709474e-02 9.889999e+00 1.844502e-03 9.999949e-01 -2.595384e-03 -1.806257e+00 1.709955e-02 2.563468e-03 9.998505e-01 7.158659e+01
9.998656e-01 3.589419e-03 1.599480e-02 9.891296e+00 -3.622666e-03 9.999913e-01 2.050091e-03 -1.789275e+00 -1.598730e-02 -2.107759e-03 9.998700e-01 7.053218e+01
9.998569e-01 -2.015127e-03 -1.679548e-02 9.900736e+00 1.968373e-03 9.999941e-01 -2.799801e-03 -1.771709e+00 1.680103e-02 2.766340e-03 9.998550e-01 6.943033e+01
9.998120e-01 4.168583e-03 1.893510e-02 9.830226e+00 -4.204408e-03 9.999894e-01 1.852578e-03 -1.745837e+00 -1.892718e-02 -1.931840e-03 9.998190e-01 6.804829e+01
9.998634e-01 -2.047565e-03 -1.639792e-02 9.754679e+00 2.001058e-03 9.999939e-01 -2.852050e-03 -1.719977e+00 1.640366e-02 2.818847e-03 9.998615e-01 6.665614e+01
9.998139e-01 4.269138e-03 1.881550e-02 9.731425e+00 -4.300920e-03 9.999894e-01 1.648977e-03 -1.694014e+00 -1.880826e-02 -1.729593e-03 9.998216e-01 6.519004e+01
9.998468e-01 -2.218498e-03 -1.736167e-02 9.702624e+00 2.172034e-03 9.999940e-01 -2.694632e-03 -1.669957e+00 1.736755e-02 2.656508e-03 9.998456e-01 6.383377e+01
9.998339e-01 4.071747e-03 1.776576e-02 9.689089e+00 -4.104879e-03 9.999899e-01 1.828834e-03 -1.649511e+00 -1.775813e-02 -1.901456e-03 9.998405e-01 6.262649e+01
9.998771e-01 -1.904310e-03 -1.555962e-02 9.590251e+00 1.864752e-03 9.999950e-01 -2.556434e-03 -1.622056e+00 1.556441e-02 2.527104e-03 9.998757e-01 6.126524e+01
9.998174e-01 4.299012e-03 1.861916e-02 9.472761e+00 -4.329505e-03 9.999894e-01 1.597726e-03 -1.592197e+00 -1.861209e-02 -1.678045e-03 9.998254e-01 5.978172e+01
9.998846e-01 -1.883568e-03 -1.507427e-02 9.406630e+00 1.840371e-03 9.999942e-01 -2.879017e-03 -1.561039e+00 1.507960e-02 2.850942e-03 9.998822e-01 5.816438e+01
9.998303e-01 4.248319e-03 1.792790e-02 9.388535e+00 -4.274821e-03 9.999898e-01 1.440161e-03 -1.532345e+00 -1.792160e-02 -1.516555e-03 9.998382e-01 5.657547e+01
9.998737e-01 -2.083511e-03 -1.575489e-02 9.372873e+00 2.040606e-03 9.999942e-01 -2.738823e-03 -1.506441e+00 1.576050e-02 2.706327e-03 9.998721e-01 5.511392e+01
9.999378e-01 3.539147e-03 1.057761e-02 9.525625e+00 -3.565051e-03 9.999907e-01 2.431109e-03 -1.499026e+00 -1.056890e-02 -2.468667e-03 9.999411e-01 5.449893e+01
9.998642e-01 -2.512039e-03 -1.628514e-02 9.711422e+00 2.462867e-03 9.999923e-01 -3.038780e-03 -1.502218e+00 1.629265e-02 2.998259e-03 9.998628e-01 5.406576e+01
9.998677e-01 4.236875e-03 1.570701e-02 9.793717e+00 -4.268319e-03 9.999890e-01 1.968929e-03 -1.484973e+00 -1.569850e-02 -2.035710e-03 9.998747e-01 5.287024e+01
9.998565e-01 -2.598522e-03 -1.674226e-02 9.889043e+00 2.546706e-03 9.999919e-01 -3.115453e-03 -1.468997e+00 1.675022e-02 3.072367e-03 9.998550e-01 5.172157e+01
9.998247e-01 4.640745e-03 1.813917e-02 9.913543e+00 -4.675954e-03 9.999873e-01 1.899162e-03 -1.446588e+00 -1.813012e-02 -1.983646e-03 9.998337e-01 5.035055e+01
9.998670e-01 -2.499086e-03 -1.611740e-02 9.894281e+00 2.449125e-03 9.999921e-01 -3.118805e-03 -1.421708e+00 1.612507e-02 3.078916e-03 9.998652e-01 4.892397e+01
9.998436e-01 4.517670e-03 1.710020e-02 9.902140e+00 -4.553623e-03 9.999875e-01 2.064147e-03 -1.398941e+00 -1.709066e-02 -2.141691e-03 9.998517e-01 4.757899e+01
9.998625e-01 -2.506157e-03 -1.639403e-02 9.946079e+00 2.452609e-03 9.999916e-01 -3.285620e-03 -1.375893e+00 1.640213e-02 3.244960e-03 9.998602e-01 4.615785e+01
9.998364e-01 4.512833e-03 1.751470e-02 9.988552e+00 -4.548321e-03 9.999877e-01 1.986878e-03 -1.353804e+00 -1.750552e-02 -2.066215e-03 9.998446e-01 4.476316e+01
9.998844e-01 -2.353324e-03 -1.502086e-02 9.974726e+00 2.302757e-03 9.999916e-01 -3.382835e-03 -1.327299e+00 1.502869e-02 3.347854e-03 9.998815e-01 4.322854e+01
9.998127e-01 4.675220e-03 1.878316e-02 9.946181e+00 -4.711383e-03 9.999871e-01 1.881493e-03 -1.297912e+00 -1.877412e-02 -1.969634e-03 9.998218e-01 4.158261e+01
9.998878e-01 -2.363114e-03 -1.478934e-02 9.880836e+00 2.314974e-03 9.999920e-01 -3.271324e-03 -1.266941e+00 1.479695e-02 3.236719e-03 9.998853e-01 3.994135e+01
9.997988e-01 4.830563e-03 1.946921e-02 9.831738e+00 -4.862629e-03 9.999869e-01 1.600017e-03 -1.234524e+00 -1.946122e-02 -1.694366e-03 9.998092e-01 3.817374e+01
9.998804e-01 -2.378730e-03 -1.528149e-02 9.781078e+00 2.330104e-03 9.999922e-01 -3.199038e-03 -1.202721e+00 1.528898e-02 3.163047e-03 9.998781e-01 3.645910e+01
9.997969e-01 4.936496e-03 1.954079e-02 9.698178e+00 -4.971861e-03 9.999861e-01 1.761645e-03 -1.169769e+00 -1.953182e-02 -1.858440e-03 9.998075e-01 3.475863e+01
9.998942e-01 -2.259037e-03 -1.437248e-02 9.581615e+00 2.211742e-03 9.999921e-01 -3.305685e-03 -1.134049e+00 1.437983e-02 3.273546e-03 9.998912e-01 3.296310e+01
9.998945e-01 4.345183e-03 1.386122e-02 9.583918e+00 -4.385245e-03 9.999863e-01 2.861123e-03 -1.114439e+00 -1.384860e-02 -2.921605e-03 9.998998e-01 3.183598e+01
9.998690e-01 -2.914623e-03 -1.592136e-02 9.706812e+00 2.855304e-03 9.999889e-01 -3.747204e-03 -1.102949e+00 1.593211e-02 3.701253e-03 9.998662e-01 3.084881e+01
9.998949e-01 4.764573e-03 1.369166e-02 9.634183e+00 -4.820826e-03 9.999801e-01 4.078552e-03 -1.088572e+00 -1.367196e-02 -4.144128e-03 9.998979e-01 3.020973e+01
9.999563e-01 -3.347457e-03 -8.728547e-03 8.996283e+00 3.327621e-03 9.999919e-01 -2.286082e-03 -1.047419e+00 8.736128e-03 2.256936e-03 9.999593e-01 3.025034e+01
9.997876e-01 5.469885e-03 1.986797e-02 8.147086e+00 -5.563546e-03 9.999737e-01 4.661959e-03 -9.795620e-01 -1.984195e-02 -4.771505e-03 9.997917e-01 3.043865e+01
9.999133e-01 -2.576105e-03 -1.291613e-02 7.914682e+00 2.500973e-03 9.999799e-01 -5.829712e-03 -9.374463e-01 1.293089e-02 5.796902e-03 9.998996e-01 2.862268e+01
9.998184e-01 5.388619e-03 1.827860e-02 7.840111e+00 -5.465406e-03 9.999764e-01 4.153561e-03 -9.005567e-01 -1.825579e-02 -4.252706e-03 9.998243e-01 2.670802e+01
9.999164e-01 -2.592444e-03 -1.266690e-02 7.766889e+00 2.516889e-03 9.999790e-01 -5.977061e-03 -8.625283e-01 1.268213e-02 5.944680e-03 9.999019e-01 2.472406e+01
9.998439e-01 5.209409e-03 1.688491e-02 7.705325e+00 -5.284479e-03 9.999763e-01 4.404388e-03 -8.298887e-01 -1.686156e-02 -4.492927e-03 9.998477e-01 2.299264e+01
9.999043e-01 -3.008608e-03 -1.350049e-02 7.645118e+00 2.930857e-03 9.999790e-01 -5.775221e-03 -8.008638e-01 1.351758e-02 5.735100e-03 9.998922e-01 2.141049e+01
9.998540e-01 5.199243e-03 1.627513e-02 7.638445e+00 -5.270434e-03 9.999767e-01 4.334429e-03 -7.744623e-01 -1.625222e-02 -4.419572e-03 9.998582e-01 1.987786e+01
9.998797e-01 -3.314044e-03 -1.515410e-02 7.647806e+00 3.231055e-03 9.999797e-01 -5.497532e-03 -7.523415e-01 1.517201e-02 5.447906e-03 9.998701e-01 1.855706e+01
9.998796e-01 4.851147e-03 1.474042e-02 7.634657e+00 -4.922492e-03 9.999763e-01 4.807699e-03 -7.361004e-01 -1.471675e-02 -4.879679e-03 9.998798e-01 1.752894e+01
9.998573e-01 -3.341407e-03 -1.655666e-02 7.692105e+00 3.252945e-03 9.999803e-01 -5.367051e-03 -7.244071e-01 1.657427e-02 5.312427e-03 9.998485e-01 1.669584e+01
9.998682e-01 4.624423e-03 1.556143e-02 7.847943e+00 -4.693442e-03 9.999793e-01 4.401694e-03 -7.115914e-01 -1.554075e-02 -4.474150e-03 9.998692e-01 1.560862e+01
9.999091e-01 -2.776863e-03 -1.319201e-02 7.859134e+00 2.701194e-03 9.999798e-01 -5.750295e-03 -6.874600e-01 1.320771e-02 5.714138e-03 9.998964e-01 1.417172e+01
9.998628e-01 4.932564e-03 1.581148e-02 7.850614e+00 -5.002399e-03 9.999779e-01 4.380240e-03 -6.609238e-01 -1.578952e-02 -4.458734e-03 9.998654e-01 1.264264e+01
9.998500e-01 -3.290079e-03 -1.700240e-02 7.950848e+00 3.197342e-03 9.999799e-01 -5.478637e-03 -6.447986e-01 1.702008e-02 5.423452e-03 9.998404e-01 1.149223e+01
9.998712e-01 4.879233e-03 1.529162e-02 7.973318e+00 -4.955048e-03 9.999756e-01 4.923966e-03 -6.282122e-01 -1.526722e-02 -4.999102e-03 9.998710e-01 1.043789e+01
9.998865e-01 -3.022946e-03 -1.476145e-02 7.939643e+00 2.937511e-03 9.999788e-01 -5.805941e-03 -6.062791e-01 1.477868e-02 5.761919e-03 9.998742e-01 9.173642e+00
9.998577e-01 5.054667e-03 1.609367e-02 7.883189e+00 -5.135080e-03 9.999745e-01 4.959177e-03 -5.809819e-01 -1.606820e-02 -5.041113e-03 9.998582e-01 7.804684e+00
9.999280e-01 -2.456446e-03 -1.174754e-02 7.785999e+00 2.381198e-03 9.999766e-01 -6.415115e-03 -5.463220e-01 1.176303e-02 6.386679e-03 9.999104e-01 6.026330e+00
9.998506e-01 5.136865e-03 1.650124e-02 7.733634e+00 -5.214796e-03 9.999754e-01 4.683180e-03 -5.112863e-01 -1.647678e-02 -4.768530e-03 9.998529e-01 4.163967e+00
9.999275e-01 -2.589744e-03 -1.175764e-02 7.662128e+00 2.516366e-03 9.999773e-01 -6.251441e-03 -4.765846e-01 1.177356e-02 6.221401e-03 9.999113e-01 2.359850e+00
9.999288e-01 4.658127e-03 1.098883e-02 7.707617e+00 -4.716727e-03 9.999748e-01 5.312835e-03 -4.546315e-01 -1.096381e-02 -5.364287e-03 9.999255e-01 1.047417e+00
9.999443e-01 -2.602067e-03 -1.022423e-02 7.501373e+00 2.547203e-03 9.999823e-01 -5.375434e-03 -4.301473e-01 1.023803e-02 5.349091e-03 9.999333e-01 2.127708e-02
9.999710e-01 3.253339e-03 6.886544e-03 7.343318e+00 -3.295077e-03 9.999762e-01 6.058214e-03 -4.278368e-01 -6.866670e-03 -6.080729e-03 9.999579e-01 1.804116e-01
9.999229e-01 -2.622138e-03 -1.213416e-02 7.330397e+00 2.548800e-03 9.999784e-01 -6.055469e-03 -4.378485e-01 1.214978e-02 6.024074e-03 9.999080e-01 5.518846e-01
9.998327e-01 5.095594e-03 1.756528e-02 6.970057e+00 -5.198074e-03 9.999697e-01 5.793542e-03 -4.013465e-01 -1.753523e-02 -5.883878e-03 9.998289e-01 -7.571610e-01
9.999475e-01 -2.244753e-03 -9.998097e-03 6.538544e+00 2.182411e-03 9.999781e-01 -6.241889e-03 -3.582627e-01 1.001189e-02 6.219740e-03 9.999305e-01 -2.291985e+00
9.998318e-01 5.072154e-03 1.762455e-02 6.080691e+00 -5.178097e-03 9.999688e-01 5.970659e-03 -3.146147e-01 -1.759372e-02 -6.060916e-03 9.998268e-01 -3.740741e+00
9.999289e-01 -2.387542e-03 -1.167923e-02 5.814347e+00 2.307677e-03 9.999739e-01 -6.846941e-03 -2.750397e-01 1.169527e-02 6.819502e-03 9.999084e-01 -5.410955e+00
9.998483e-01 5.173644e-03 1.663041e-02 5.694941e+00 -5.265896e-03 9.999710e-01 5.508221e-03 -2.378022e-01 -1.660143e-02 -5.594959e-03 9.998465e-01 -7.207322e+00
9.999300e-01 -2.760225e-03 -1.150173e-02 5.669011e+00 2.674258e-03 9.999684e-01 -7.482970e-03 -2.034332e-01 1.152202e-02 7.451687e-03 9.999059e-01 -9.102777e+00
9.998837e-01 4.989985e-03 1.440927e-02 5.685841e+00 -5.077029e-03 9.999690e-01 6.010581e-03 -1.751137e-01 -1.437883e-02 -6.083038e-03 9.998781e-01 -1.070733e+01
9.999038e-01 -3.030829e-03 -1.353169e-02 5.660683e+00 2.938517e-03 9.999723e-01 -6.836624e-03 -1.506656e-01 1.355204e-02 6.796202e-03 9.998851e-01 -1.203446e+01
9.998762e-01 5.042642e-03 1.490350e-02 5.630176e+00 -5.130187e-03 9.999698e-01 5.841787e-03 -1.256609e-01 -1.487359e-02 -5.917521e-03 9.998719e-01 -1.342339e+01
9.999020e-01 -3.072722e-03 -1.365596e-02 5.649179e+00 2.976799e-03 9.999708e-01 -7.039032e-03 -1.015431e-01 1.367719e-02 6.997690e-03 9.998820e-01 -1.486557e+01
9.998799e-01 5.074148e-03 1.464057e-02 5.701342e+00 -5.159094e-03 9.999700e-01 5.770164e-03 -7.729072e-02 -1.461085e-02 -5.845002e-03 9.998762e-01 -1.634397e+01
9.999110e-01 -2.982932e-03 -1.300072e-02 5.709130e+00 2.891662e-03 9.999711e-01 -7.033532e-03 -5.208052e-02 1.302132e-02 6.995312e-03 9.998907e-01 -1.780457e+01
9.998961e-01 4.969602e-03 1.352825e-02 5.704683e+00 -5.053608e-03 9.999681e-01 6.182585e-03 -2.886795e-02 -1.349709e-02 -6.250309e-03 9.998894e-01 -1.910847e+01
9.998627e-01 -3.568139e-03 -1.618167e-02 5.761230e+00 3.460359e-03 9.999717e-01 -6.683729e-03 -1.613367e-02 1.620506e-02 6.626816e-03 9.998467e-01 -2.003070e+01
9.998447e-01 5.309916e-03 1.680611e-02 5.730431e+00 -5.410042e-03 9.999679e-01 5.917879e-03 5.587226e-03 -1.677415e-02 -6.007880e-03 9.998413e-01 -2.126535e+01
9.998778e-01 -2.982913e-03 -1.534883e-02 5.657794e+00 2.880281e-03 9.999734e-01 -6.704447e-03 3.459968e-02 1.536842e-02 6.659417e-03 9.998597e-01 -2.266266e+01
9.998940e-01 4.816944e-03 1.373856e-02 5.644253e+00 -4.903782e-03 9.999682e-01 6.294114e-03 5.408646e-02 -1.370780e-02 -6.360817e-03 9.998858e-01 -2.371269e+01
9.997466e-01 -4.307680e-03 -2.209645e-02 5.947458e+00 4.168337e-03 9.999712e-01 -6.348318e-03 4.401463e-02 2.212316e-02 6.254603e-03 9.997357e-01 -2.388876e+01
9.943679e-01 -3.706583e-03 1.059190e-01 5.783825e+00 5.762705e-03 9.998007e-01 -1.911277e-02 -7.956900e-02 -1.058270e-01 1.961550e-02 9.941911e-01 -1.300162e+01
9.989041e-01 -4.089748e-03 -4.662450e-02 5.937865e+00 3.912149e-03 9.999847e-01 -3.899755e-03 -2.947876e-01 4.663974e-02 3.713079e-03 9.989049e-01 -6.730503e-01
9.991064e-01 3.483653e-03 4.212115e-02 6.073664e+00 -3.601486e-03 9.999898e-01 2.721916e-03 -3.306787e-01 -4.211123e-02 -2.871182e-03 9.991088e-01 6.392018e-01
9.991879e-01 -1.310844e-03 -4.027109e-02 6.050978e+00 1.153654e-03 9.999916e-01 -3.926284e-03 -3.026654e-01 4.027590e-02 3.876636e-03 9.991811e-01 -8.919006e-01
9.991136e-01 3.588600e-03 4.194320e-02 6.001494e+00 -3.717464e-03 9.999886e-01 2.994750e-03 -2.743606e-01 -4.193198e-02 -3.148017e-03 9.991155e-01 -2.325362e+00
9.991478e-01 -1.573161e-03 -4.124440e-02 5.968396e+00 1.412743e-03 9.999913e-01 -3.918311e-03 -2.498753e-01 4.125021e-02 3.856703e-03 9.991414e-01 -3.620393e+00
9.991174e-01 3.520040e-03 4.185791e-02 5.884648e+00 -3.659666e-03 9.999880e-01 3.259558e-03 -2.255410e-01 -4.184593e-02 -3.409866e-03 9.991183e-01 -4.842740e+00
9.991298e-01 -1.724552e-03 -4.167444e-02 5.953728e+00 1.536918e-03 9.999885e-01 -4.534013e-03 -2.031706e-01 4.168178e-02 4.466017e-03 9.991210e-01 -6.229953e+00
9.994438e-01 2.648814e-03 3.324415e-02 6.508519e+00 -2.758908e-03 9.999909e-01 3.266238e-03 -2.052989e-01 -3.323520e-02 -3.356138e-03 9.994419e-01 -7.074800e+00
9.991648e-01 -2.237827e-03 -4.080042e-02 7.067112e+00 2.065881e-03 9.999888e-01 -4.255988e-03 -2.073400e-01 4.080948e-02 4.168144e-03 9.991583e-01 -7.842683e+00
9.991101e-01 4.263852e-03 4.196291e-02 7.034792e+00 -4.411157e-03 9.999844e-01 3.418404e-03 -1.819111e-01 -4.194768e-02 -3.600466e-03 9.991133e-01 -9.186674e+00
9.991058e-01 -2.494768e-03 -4.220570e-02 7.056829e+00 2.307863e-03 9.999873e-01 -4.476571e-03 -1.604142e-01 4.221633e-02 4.375163e-03 9.990989e-01 -1.048407e+01
9.980035e-01 1.327823e-04 6.315791e-02 6.954875e+00 3.369355e-05 9.999965e-01 -2.634793e-03 -2.015957e-01 -6.315804e-02 2.631662e-03 9.980001e-01 -6.994376e+00
9.988362e-01 -2.986425e-03 -4.813813e-02 6.999656e+00 2.754638e-03 9.999843e-01 -4.880665e-03 -2.732252e-01 4.815195e-02 4.742381e-03 9.988288e-01 -2.734756e+00
9.992603e-01 3.399750e-03 3.830475e-02 7.429189e+00 -3.565801e-03 9.999845e-01 4.267501e-03 -2.880871e-01 -3.828965e-02 -4.400931e-03 9.992570e-01 -2.921389e+00
9.992166e-01 -1.984942e-03 -3.952647e-02 7.609767e+00 1.775888e-03 9.999843e-01 -5.323374e-03 -2.700684e-01 3.953642e-02 5.249008e-03 9.992043e-01 -4.207502e+00
9.991576e-01 3.906476e-03 4.085073e-02 7.626191e+00 -4.078037e-03 9.999832e-01 4.117219e-03 -2.457356e-01 -4.083396e-02 -4.280341e-03 9.991568e-01 -5.624294e+00
9.992323e-01 -2.032010e-03 -3.912488e-02 7.658240e+00 1.821217e-03 9.999836e-01 -5.422602e-03 -2.200875e-01 3.913526e-02 5.347184e-03 9.992196e-01 -7.103793e+00
9.990821e-01 4.414845e-03 4.260919e-02 7.660590e+00 -4.585328e-03 9.999819e-01 3.904182e-03 -1.877453e-01 -4.259118e-02 -4.095975e-03 9.990842e-01 -8.874857e+00
9.992635e-01 -1.813701e-03 -3.833003e-02 7.652738e+00 1.593675e-03 9.999821e-01 -5.770073e-03 -1.524745e-01 3.833981e-02 5.704737e-03 9.992485e-01 -1.078599e+01
9.991632e-01 4.076814e-03 4.069752e-02 7.678747e+00 -4.254147e-03 9.999818e-01 4.271676e-03 -1.237166e-01 -4.067937e-02 -4.441234e-03 9.991624e-01 -1.242648e+01
9.992549e-01 -2.063937e-03 -3.854061e-02 7.669704e+00 1.848285e-03 9.999824e-01 -5.630247e-03 -9.671112e-02 3.855156e-02 5.554817e-03 9.992412e-01 -1.395471e+01
9.991195e-01 4.310221e-03 4.173279e-02 7.637072e+00 -4.489891e-03 9.999810e-01 4.212484e-03 -6.641033e-02 -4.171384e-02 -4.396150e-03 9.991199e-01 -1.560471e+01
9.992733e-01 -2.013429e-03 -3.806217e-02 7.595673e+00 1.794276e-03 9.999816e-01 -5.791051e-03 -3.454824e-02 3.807313e-02 5.718548e-03 9.992586e-01 -1.730947e+01
9.992642e-01 1.294554e-03 3.833276e-02 7.741250e+00 -1.434462e-03 9.999924e-01 3.622557e-03 -6.425783e-02 -3.832778e-02 -3.674877e-03 9.992585e-01 -1.593147e+01
9.992525e-01 -2.175039e-03 -3.859685e-02 7.774726e+00 1.996922e-03 9.999872e-01 -4.652765e-03 -9.535902e-02 3.860648e-02 4.572211e-03 9.992440e-01 -1.425319e+01
9.946320e-01 -4.089723e-03 1.033947e-01 7.235024e+00 5.395329e-03 9.999092e-01 -1.235088e-02 -1.706085e-01 -1.033347e-01 1.284243e-02 9.945637e-01 -5.992180e+00
9.995464e-01 -5.741107e-03 -2.956249e-02 6.872625e+00 5.448705e-03 9.999355e-01 -9.962056e-03 -3.528488e-01 2.961778e-02 9.796460e-03 9.995133e-01 6.760392e+00
9.983941e-01 2.584839e-03 5.659013e-02 6.609272e+00 -2.615780e-03 9.999965e-01 4.726925e-04 -4.080015e-01 -5.658871e-02 -6.199600e-04 9.983974e-01 1.187853e+01
9.991031e-01 -4.477289e-03 -4.210525e-02 6.430915e+00 4.238576e-03 9.999744e-01 -5.756998e-03 -4.223708e-01 4.212995e-02 5.573367e-03 9.990966e-01 1.432803e+01
9.992177e-01 3.625982e-03 3.937995e-02 6.540588e+00 -3.791780e-03 9.999843e-01 4.136350e-03 -4.617414e-01 -3.936433e-02 -4.282434e-03 9.992157e-01 1.591764e+01
9.994233e-01 -1.065452e-03 -3.393922e-02 6.466031e+00 8.587769e-04 9.999810e-01 -6.103569e-03 -4.245757e-01 3.394508e-02 6.070902e-03 9.994053e-01 1.398170e+01
9.992412e-01 3.768418e-03 3.876725e-02 6.415497e+00 -3.942472e-03 9.999825e-01 4.414263e-03 -3.899454e-01 -3.874993e-02 -4.563751e-03 9.992385e-01 1.219648e+01
9.998451e-01 -1.010736e-02 1.440820e-02 6.230947e+00 1.039361e-02 9.997473e-01 -1.993302e-02 -4.664459e-01 -1.420309e-02 2.007968e-02 9.996975e-01 1.928755e+01
9.998865e-01 6.212764e-03 1.372815e-02 6.384915e+00 -6.307176e-03 9.999567e-01 6.844712e-03 -5.991698e-01 -1.368503e-02 -6.930520e-03 9.998823e-01 2.647199e+01
9.999607e-01 -3.602716e-03 -8.104640e-03 6.261443e+00 3.536402e-03 9.999603e-01 -8.181762e-03 -5.624040e-01 8.133794e-03 8.152778e-03 9.999337e-01 2.469796e+01
9.999065e-01 6.080891e-03 1.225209e-02 6.149999e+00 -6.167012e-03 9.999565e-01 7.003628e-03 -5.282439e-01 -1.220897e-02 -7.078531e-03 9.999004e-01 2.305480e+01
9.999231e-01 -3.823499e-03 -1.179422e-02 6.176727e+00 3.729349e-03 9.999611e-01 -7.994433e-03 -5.025726e-01 1.182433e-02 7.949833e-03 9.998985e-01 2.162909e+01
9.999038e-01 6.016501e-03 1.249671e-02 6.193384e+00 -6.102736e-03 9.999578e-01 6.873927e-03 -4.775832e-01 -1.245483e-02 -6.949530e-03 9.998983e-01 2.022299e+01
9.999223e-01 -4.115307e-03 -1.177018e-02 6.288903e+00 4.019079e-03 9.999584e-01 -8.187538e-03 -4.561045e-01 1.180339e-02 8.139596e-03 9.998972e-01 1.883182e+01
9.998378e-01 6.653620e-03 1.673631e-02 6.205699e+00 -6.765910e-03 9.999549e-01 6.661707e-03 -4.220958e-01 -1.669123e-02 -6.773862e-03 9.998377e-01 1.708700e+01
9.999037e-01 -4.240345e-03 -1.321772e-02 6.063394e+00 4.138767e-03 9.999618e-01 -7.702885e-03 -3.902880e-01 1.324987e-02 7.647437e-03 9.998830e-01 1.557843e+01
9.998462e-01 6.424528e-03 1.631672e-02 5.980321e+00 -6.533006e-03 9.999569e-01 6.603716e-03 -3.617112e-01 -1.627359e-02 -6.709297e-03 9.998451e-01 1.409690e+01
9.999101e-01 -4.047671e-03 -1.278678e-02 5.883013e+00 3.949390e-03 9.999625e-01 -7.702083e-03 -3.306946e-01 1.281748e-02 7.650889e-03 9.998886e-01 1.256591e+01
9.998603e-01 6.239737e-03 1.550429e-02 5.809460e+00 -6.344781e-03 9.999572e-01 6.735202e-03 -3.020726e-01 -1.546160e-02 -6.832632e-03 9.998571e-01 1.111100e+01
9.998466e-01 -4.536781e-03 -1.691613e-02 5.853280e+00 4.410598e-03 9.999622e-01 -7.489222e-03 -2.831553e-01 1.694947e-02 7.413462e-03 9.998289e-01 9.947686e+00
9.998410e-01 6.394709e-03 1.664680e-02 5.708400e+00 -6.519877e-03 9.999508e-01 7.475625e-03 -2.627392e-01 -1.659817e-02 -7.582971e-03 9.998335e-01 9.111242e+00
9.998918e-01 -4.701570e-03 -1.394143e-02 5.399320e+00 4.606576e-03 9.999660e-01 -6.838056e-03 -2.324603e-01 1.397311e-02 6.773093e-03 9.998794e-01 8.511614e+00
9.998086e-01 6.743732e-03 1.836469e-02 5.071831e+00 -6.874320e-03 9.999515e-01 7.057001e-03 -1.962454e-01 -1.831621e-02 -7.181894e-03 9.998064e-01 7.576576e+00
9.997698e-01 -5.355671e-03 -2.077736e-02 5.268478e+00 5.186389e-03 9.999530e-01 -8.192765e-03 -1.873381e-01 2.082026e-02 8.083119e-03 9.997506e-01 6.610007e+00
9.997508e-01 7.253686e-03 2.111213e-02 5.140444e+00 -7.419592e-03 9.999421e-01 7.790619e-03 -1.639623e-01 -2.105440e-02 -7.945320e-03 9.997468e-01 5.620451e+00
9.998057e-01 -5.106337e-03 -1.903779e-02 4.962336e+00 4.941691e-03 9.999501e-01 -8.685432e-03 -1.375366e-01 1.908119e-02 8.589665e-03 9.997810e-01 4.451758e+00
9.996239e-01 8.063423e-03 2.621085e-02 4.840973e+00 -8.234184e-03 9.999455e-01 6.413503e-03 -9.822984e-02 -2.615771e-02 -6.626915e-03 9.996359e-01 2.489771e+00
9.998713e-01 -4.561028e-03 -1.538027e-02 4.649835e+00 4.423291e-03 9.999499e-01 -8.977588e-03 -4.666337e-02 1.542044e-02 8.908400e-03 9.998414e-01 4.325812e-02
9.996581e-01 7.851135e-03 2.493951e-02 4.504165e+00 -8.007313e-03 9.999489e-01 6.168578e-03 -1.432861e-04 -2.488980e-02 -6.366166e-03 9.996699e-01 -2.297704e+00
9.998623e-01 -4.272228e-03 -1.603581e-02 4.301009e+00 4.141619e-03 9.999581e-01 -8.169197e-03 5.039309e-02 1.607004e-02 8.101657e-03 9.998380e-01 -4.568136e+00
9.997700e-01 7.023683e-03 2.026212e-02 4.217459e+00 -7.161348e-03 9.999517e-01 6.729652e-03 8.655558e-02 -2.021387e-02 -6.873207e-03 9.997721e-01 -6.369973e+00
9.997849e-01 -4.887973e-03 -2.015700e-02 4.230394e+00 4.730521e-03 9.999580e-01 -7.851568e-03 1.112485e-01 2.019453e-02 7.754525e-03 9.997660e-01 -7.737006e+00
9.997805e-01 6.683838e-03 1.985529e-02 4.325988e+00 -6.817859e-03 9.999544e-01 6.689883e-03 1.300737e-01 -1.980967e-02 -6.823784e-03 9.997805e-01 -9.000596e+00
9.997797e-01 -5.121534e-03 -2.035411e-02 4.430269e+00 4.958478e-03 9.999553e-01 -8.053363e-03 1.482751e-01 2.039445e-02 7.950662e-03 9.997604e-01 -1.026077e+01
9.997983e-01 6.519241e-03 1.899663e-02 4.697300e+00 -6.638330e-03 9.999587e-01 6.212659e-03 1.637826e-01 -1.895534e-02 -6.337511e-03 9.998002e-01 -1.161396e+01
9.997826e-01 -5.188350e-03 -2.019317e-02 4.981158e+00 5.025843e-03 9.999546e-01 -8.090073e-03 1.789281e-01 2.023423e-02 7.986826e-03 9.997634e-01 -1.297243e+01
9.998203e-01 6.349425e-03 1.786088e-02 5.263937e+00 -6.467002e-03 9.999577e-01 6.532859e-03 1.910894e-01 -1.781864e-02 -6.647191e-03 9.998191e-01 -1.417457e+01
9.997550e-01 -5.614635e-03 -2.140973e-02 5.628307e+00 5.444041e-03 9.999530e-01 -8.018038e-03 2.017222e-01 2.145374e-02 7.899518e-03 9.997386e-01 -1.536265e+01
