1.000000e+00 1.197625e-11 1.704638e-10 5.551115e-17 1.197625e-11 1.000000e+00 3.562503e-10 0.000000e+00 1.704638e-10 3.562503e-10 1.000000e+00 2.220446e-16 0.000000e+00 0.000000e+00 0.000000e+00 1.000000e+00
9.756364e-01 -9.035252e-02 1.999249e-01 3.810064e-01 1.156904e-01 9.861431e-01 -1.189012e-01 2.928372e-02 -1.864116e-01 1.391337e-01 9.725701e-01 -1.619022e+00
9.845217e-01 -3.314899e-02 1.720995e-01 4.777607e-01 3.254980e-02 9.994502e-01 6.303264e-03 5.614955e-02 -1.722138e-01 -6.038952e-04 9.850594e-01 -2.977317e+00
9.873551e-01 -1.100649e-01 1.140862e-01 4.783177e-01 1.211804e-01 9.880203e-01 -9.555682e-02 7.826565e-02 -1.022021e-01 1.081735e-01 9.888646e-01 -4.092113e+00
9.990035e-01 4.455907e-02 -2.561820e-03 4.070786e-01 -4.436703e-02 9.976736e-01 5.175851e-02 9.711415e-02 4.862172e-03 -5.159327e-02 9.986563e-01 -5.020565e+00
9.949317e-01 -9.794134e-02 2.276946e-02 2.277422e-01 9.975759e-02 9.898497e-01 -1.012224e-01 1.157340e-01 -1.262449e-02 1.029808e-01 9.946032e-01 -5.792550e+00
9.984049e-01 1.608481e-02 5.411901e-02 8.933531e-02 -1.791350e-02 9.992790e-01 3.347649e-02 1.348890e-01 -5.354153e-02 -3.439255e-02 9.979732e-01 -6.613162e+00
9.918126e-01 -3.525806e-02 -1.227377e-01 7.194150e-02 2.866439e-02 9.980704e-01 -5.507944e-02 1.433719e-01 1.244429e-01 5.111028e-02 9.909095e-01 -7.164542e+00
9.737368e-01 6.773192e-02 -2.173686e-01 2.071769e-01 -4.752843e-02 9.941617e-01 9.686905e-02 1.421961e-01 2.226607e-01 -8.399376e-02 9.712710e-01 -7.305775e+00
9.892161e-01 -6.200601e-02 1.326906e-01 2.274596e-01 7.825012e-02 9.895715e-01 -1.209347e-01 1.538382e-01 -1.238081e-01 1.300137e-01 9.837520e-01 -8.012959e+00
9.861031e-01 3.789751e-02 -1.617546e-01 -5.110420e-03 -2.260380e-02 9.951859e-01 9.536297e-02 1.738068e-01 1.645899e-01 -9.038145e-02 9.822125e-01 -8.729915e+00
9.771407e-01 -6.303132e-02 2.030347e-01 -3.377177e-01 8.855757e-02 9.889136e-01 -1.191948e-01 1.904640e-01 -1.932707e-01 1.344503e-01 9.718897e-01 -9.108549e+00
9.949117e-01 -1.715532e-03 -1.007359e-01 -6.543920e-01 7.240563e-03 9.984872e-01 5.450672e-02 2.071777e-01 1.004900e-01 -5.495876e-02 9.934190e-01 -9.565477e+00
9.434092e-01 -8.278191e-02 3.211328e-01 -7.348540e-01 1.256094e-01 9.853926e-01 -1.149940e-01 2.281220e-01 -3.069225e-01 1.488237e-01 9.400266e-01 -1.058772e+01
9.803982e-01 2.412976e-02 -1.955432e-01 -8.031043e-01 -8.372426e-03 9.966780e-01 8.101171e-02 2.509149e-01 1.968484e-01 -7.778656e-02 9.773433e-01 -1.167168e+01
9.393512e-01 -7.751923e-02 3.340809e-01 -8.861331e-01 1.252674e-01 9.843673e-01 -1.238104e-01 2.690829e-01 -3.192606e-01 1.581508e-01 9.343773e-01 -1.256029e+01
9.568310e-01 5.363824e-02 -2.856525e-01 -9.762059e-01 -2.295787e-02 9.937006e-01 1.096912e-01 2.870755e-01 2.897367e-01 -9.839794e-02 9.520349e-01 -1.343245e+01
9.229276e-01 -8.921324e-02 3.744939e-01 -1.068504e+00 1.581948e-01 9.747399e-01 -1.576598e-01 3.135312e-01 -3.509688e-01 2.047515e-01 9.137274e-01 -1.463047e+01
9.791987e-01 4.965752e-02 -1.967333e-01 -1.138279e+00 -2.325932e-02 9.906695e-01 1.342868e-01 3.326194e-01 2.015660e-01 -1.269176e-01 9.712173e-01 -1.556110e+01
9.504974e-01 -7.684882e-02 3.010797e-01 -1.179291e+00 1.293999e-01 9.788147e-01 -1.586740e-01 3.475001e-01 -2.825074e-01 1.897789e-01 9.403050e-01 -1.635880e+01
9.957825e-01 5.073173e-02 -7.644262e-02 -1.185775e+00 -4.000061e-02 9.899153e-01 1.358956e-01 3.557416e-01 8.256594e-02 -1.322647e-01 9.877697e-01 -1.695129e+01
9.309666e-01 -1.270785e-01 3.422750e-01 -1.235017e+00 1.922494e-01 9.676033e-01 -1.636584e-01 3.723102e-01 -3.103889e-01 2.181627e-01 9.252371e-01 -1.782908e+01
9.956076e-01 5.226004e-02 7.768152e-02 -1.447482e+00 -6.020871e-02 9.927763e-01 1.037791e-01 3.904717e-01 -7.169688e-02 -1.080003e-01 9.915621e-01 -1.853767e+01
9.386598e-01 -1.974657e-01 2.827103e-01 -1.610824e+00 2.463421e-01 9.576595e-01 -1.490095e-01 4.133289e-01 -2.413159e-01 2.095126e-01 9.475606e-01 -1.950159e+01
9.935793e-01 1.126403e-01 1.060346e-02 -1.693913e+00 -1.131330e-01 9.900635e-01 8.351791e-02 4.381278e-01 -1.090612e-03 -8.418127e-02 9.964499e-01 -2.064101e+01
8.993238e-01 -2.547846e-01 3.553893e-01 -1.881536e+00 3.106177e-01 9.442559e-01 -1.090749e-01 4.627679e-01 -3.077878e-01 2.084839e-01 9.283324e-01 -2.162001e+01
9.544863e-01 1.971102e-01 -2.238380e-01 -1.939971e+00 -1.737854e-01 9.774805e-01 1.197100e-01 4.855425e-01 2.423933e-01 -7.536183e-02 9.672466e-01 -2.268612e+01
8.260878e-01 -2.639437e-01 4.979084e-01 -2.196906e+00 3.478160e-01 9.339733e-01 -8.196327e-02 5.105884e-01 -4.433994e-01 2.408893e-01 8.633477e-01 -2.358396e+01
9.696674e-01 1.451781e-01 -1.966428e-01 -2.482688e+00 -1.333725e-01 9.884417e-01 7.207549e-02 5.463302e-01 2.048337e-01 -4.366251e-02 9.778225e-01 -2.487677e+01
9.078871e-01 -2.393396e-01 3.441766e-01 -2.612010e+00 2.930432e-01 9.494246e-01 -1.127772e-01 5.803125e-01 -2.997777e-01 2.032476e-01 9.321072e-01 -2.629004e+01
9.683228e-01 1.921726e-01 -1.594388e-01 -2.617644e+00 -1.764197e-01 9.783931e-01 1.078103e-01 6.003332e-01 1.767120e-01 -7.626699e-02 9.813033e-01 -2.727483e+01
8.679188e-01 -2.587247e-01 4.240030e-01 -2.662855e+00 3.191689e-01 9.445681e-01 -7.695592e-02 6.203288e-01 -3.805893e-01 2.021201e-01 9.023853e-01 -2.825068e+01
9.131336e-01 2.418455e-01 -3.281733e-01 -2.702261e+00 -2.020008e-01 9.676664e-01 1.510544e-01 6.380449e-01 3.540942e-01 -7.164161e-02 9.324617e-01 -2.907939e+01
8.787415e-01 -2.490999e-01 4.071394e-01 -2.702536e+00 2.952212e-01 9.539274e-01 -5.354388e-02 6.422229e-01 -3.750437e-01 1.672474e-01 9.117952e-01 -2.932002e+01
9.784637e-01 1.955428e-01 -6.612017e-02 -2.689604e+00 -1.920021e-01 9.797790e-01 5.628718e-02 6.494487e-01 7.578971e-02 -4.237975e-02 9.962228e-01 -2.977673e+01
8.545657e-01 -2.889844e-01 4.315153e-01 -2.662704e+00 3.196802e-01 9.475244e-01 1.464710e-03 6.592270e-01 -4.092946e-01 1.366952e-01 9.021044e-01 -3.036658e+01
9.540526e-01 2.125355e-01 -2.112163e-01 -2.749610e+00 -2.086560e-01 9.771396e-01 4.075475e-02 6.702003e-01 2.150496e-01 5.189368e-03 9.765893e-01 -3.091808e+01
9.476903e-01 -2.711910e-01 1.683403e-01 -2.914333e+00 2.820684e-01 9.583845e-01 -4.400735e-02 6.925947e-01 -1.494003e-01 8.918881e-02 9.847461e-01 -3.181125e+01
9.394902e-01 2.367489e-01 -2.476048e-01 -2.979925e+00 -2.189069e-01 9.708444e-01 9.767742e-02 7.095966e-01 2.635107e-01 -3.756458e-02 9.639248e-01 -3.261171e+01
9.786519e-01 -2.051685e-01 -1.209975e-02 -2.954845e+00 2.035066e-01 9.755906e-01 -8.251079e-02 7.208173e-01 2.873302e-02 7.828696e-02 9.965167e-01 -3.324381e+01
9.459281e-01 2.175117e-01 -2.406422e-01 -2.916222e+00 -1.873936e-01 9.719765e-01 1.419342e-01 7.336097e-01 2.647709e-01 -8.916478e-02 9.601802e-01 -3.396996e+01
9.620778e-01 -2.091664e-01 -1.750875e-01 -2.634576e+00 1.809494e-01 9.696969e-01 -1.641502e-01 7.498148e-01 2.041165e-01 1.262433e-01 9.707724e-01 -3.477576e+01
9.456317e-01 2.067812e-01 -2.510424e-01 -2.444817e+00 -1.474512e-01 9.605555e-01 2.357782e-01 7.648601e-01 2.898946e-01 -1.859428e-01 9.388218e-01 -3.560151e+01
9.911899e-01 -1.259649e-01 -4.093084e-02 -2.504559e+00 1.129070e-01 9.651516e-01 -2.360814e-01 7.810192e-01 6.924244e-02 2.293801e-01 9.708709e-01 -3.634778e+01
9.756382e-01 7.437204e-02 -2.063952e-01 -2.681760e+00 -2.710415e-02 9.744403e-01 2.230055e-01 8.044174e-01 2.177052e-01 -2.119785e-01 9.527169e-01 -3.725614e+01
9.878335e-01 -7.950465e-02 1.336561e-01 -2.755841e+00 1.115363e-01 9.611110e-01 -2.526369e-01 8.245537e-01 -1.083725e-01 2.644707e-01 9.582853e-01 -3.814580e+01
9.931342e-01 3.627515e-02 -1.112137e-01 -2.762456e+00 -1.072915e-02 9.749440e-01 2.221916e-01 8.453727e-01 1.164872e-01 -2.194728e-01 9.686395e-01 -3.913314e+01
9.239439e-01 -1.044595e-01 3.679890e-01 -2.756122e+00 2.068733e-01 9.456268e-01 -2.509849e-01 8.632111e-01 -3.217625e-01 3.080231e-01 8.953160e-01 -4.001885e+01
9.921443e-01 9.311847e-02 -8.353853e-02 -2.706540e+00 -7.053484e-02 9.679089e-01 2.411995e-01 8.743127e-01 1.033178e-01 -2.334123e-01 9.668734e-01 -4.060422e+01
9.232442e-01 -1.712721e-01 3.439274e-01 -2.631156e+00 2.548022e-01 9.429182e-01 -2.144321e-01 8.804143e-01 -2.875692e-01 2.856066e-01 9.141842e-01 -4.101576e+01
9.857967e-01 1.423988e-01 8.903663e-02 -2.624904e+00 -1.563646e-01 9.716703e-01 1.772198e-01 8.887456e-01 -6.127837e-02 -1.886249e-01 9.801355e-01 -4.147743e+01
9.665986e-01 -2.404313e-01 8.876889e-02 -2.435564e+00 2.542362e-01 9.432982e-01 -2.134301e-01 9.049101e-01 -3.242028e-02 2.288695e-01 9.729171e-01 -4.238288e+01
9.762509e-01 2.127273e-01 -4.100272e-02 -2.281537e+00 -2.025951e-01 9.634913e-01 1.750419e-01 9.259813e-01 7.674195e-02 -1.625779e-01 9.837068e-01 -4.353283e+01
9.422360e-01 -2.972324e-01 1.544160e-01 -2.335355e+00 3.272754e-01 9.150969e-01 -2.355599e-01 9.633194e-01 -7.128960e-02 2.724895e-01 9.595141e-01 -4.516451e+01
9.568904e-01 2.411859e-01 -1.618337e-01 -2.362290e+00 -2.037269e-01 9.544741e-01 2.178866e-01 1.001870e+00 2.070172e-01 -1.755237e-01 9.624631e-01 -4.686348e+01
9.672176e-01 -2.467283e-01 6.012754e-02 -2.358444e+00 2.535779e-01 9.255435e-01 -2.811894e-01 1.036696e+00 1.372672e-02 2.872183e-01 9.577668e-01 -4.842401e+01
9.598134e-01 2.217593e-01 -1.719914e-01 -2.067488e+00 -1.695426e-01 9.465725e-01 2.743279e-01 1.068453e+00 2.236371e-01 -2.341437e-01 9.461306e-01 -5.002511e+01
9.708126e-01 -1.945472e-01 1.402651e-01 -1.669752e+00 2.340583e-01 8.961301e-01 -3.770511e-01 1.102553e+00 -5.234152e-02 3.988762e-01 9.155098e-01 -5.185171e+01
8.729503e-01 2.468506e-01 -4.207405e-01 -1.577475e+00 -3.907408e-02 8.951234e-01 4.441027e-01 1.125872e+00 4.862417e-01 -3.712396e-01 7.910437e-01 -5.300879e+01
9.995428e-01 2.017101e-03 -3.016807e-02 -1.432881e+00 -1.430668e-02 9.105579e-01 -4.131339e-01 1.147729e+00 2.663645e-02 4.133766e-01 9.101705e-01 -5.415679e+01
9.293122e-01 -1.426092e-02 -3.690197e-01 -1.358150e+00 1.574469e-01 9.191864e-01 3.609805e-01 1.179841e+00 3.340500e-01 -3.935646e-01 8.564564e-01 -5.565304e+01
9.780588e-01 1.258688e-01 1.660060e-01 -1.378279e+00 -4.031497e-02 8.961366e-01 -4.419433e-01 1.215585e+00 -2.043909e-01 4.255540e-01 8.815487e-01 -5.725383e+01
8.914707e-01 -3.858786e-02 -4.514322e-01 -1.409604e+00 2.311446e-01 8.956860e-01 3.798931e-01 1.235259e+00 3.896823e-01 -4.430097e-01 8.073971e-01 -5.816915e+01
9.603351e-01 2.747193e-01 4.780933e-02 -1.364828e+00 -2.397737e-01 9.010654e-01 -3.613719e-01 1.243881e+00 -1.423552e-01 3.355747e-01 9.311953e-01 -5.874235e+01
8.935366e-01 -2.700870e-01 -3.586716e-01 -1.330867e+00 3.622159e-01 9.056666e-01 2.203809e-01 1.275374e+00 2.653149e-01 -3.268350e-01 9.070760e-01 -6.025727e+01
9.417265e-01 3.345113e-01 3.540333e-02 -1.326590e+00 -3.068048e-01 8.973119e-01 -3.173361e-01 1.312322e+00 -1.379203e-01 2.879819e-01 9.476520e-01 -6.194867e+01
8.775616e-01 -3.712577e-01 -3.034029e-01 -1.359198e+00 4.292989e-01 8.902118e-01 1.523987e-01 1.350352e+00 2.135137e-01 -2.639898e-01 9.405962e-01 -6.363826e+01
9.194473e-01 3.928850e-01 -1.606303e-02 -1.387307e+00 -3.860564e-01 8.942004e-01 -2.266410e-01 1.386773e+00 -7.468030e-02 2.145857e-01 9.738459e-01 -6.526098e+01
8.487360e-01 -4.212739e-01 -3.196491e-01 -1.425047e+00 4.577903e-01 8.879034e-01 4.533893e-02 1.423468e+00 2.647174e-01 -1.848130e-01 9.464507e-01 -6.690522e+01
9.066536e-01 4.217634e-01 9.739665e-03 -1.458314e+00 -4.166449e-01 8.987975e-01 -1.362723e-01 1.464301e+00 -6.622863e-02 1.194938e-01 9.906235e-01 -6.870054e+01
8.622120e-01 -4.837857e-01 -1.501395e-01 -1.490415e+00 4.898505e-01 8.717975e-01 3.941518e-03 1.499292e+00 1.289844e-01 -7.694435e-02 9.886570e-01 -7.026833e+01
8.975560e-01 4.374316e-01 -5.519757e-02 -1.541190e+00 -4.403215e-01 8.957387e-01 -6.139383e-02 1.539322e+00 2.258700e-02 7.940908e-02 9.965862e-01 -7.204191e+01
8.540279e-01 -5.180266e-01 -4.779946e-02 -1.608510e+00 5.151025e-01 8.549029e-01 -6.172831e-02 1.584189e+00 7.284081e-02 2.809607e-02 9.969478e-01 -7.397475e+01
8.824217e-01 4.526011e-01 -1.283908e-01 -1.660317e+00 -4.499827e-01 8.916139e-01 5.040075e-02 1.628254e+00 1.372864e-01 1.329890e-02 9.904421e-01 -7.587286e+01
8.686669e-01 -4.941458e-01 -3.518242e-02 -1.680479e+00 4.832314e-01 8.608377e-01 -1.595178e-01 1.671016e+00 1.091114e-01 1.215666e-01 9.865679e-01 -7.773893e+01
8.686181e-01 4.523114e-01 -2.022795e-01 -1.732036e+00 -4.085101e-01 8.847820e-01 2.242329e-01 1.711091e+00 2.803963e-01 -1.121396e-01 9.533114e-01 -7.951197e+01
8.739257e-01 -4.641747e-01 1.442073e-01 -1.945973e+00 4.860221e-01 8.381973e-01 -2.474020e-01 1.753155e+00 -6.036436e-03 2.862989e-01 9.581213e-01 -8.119041e+01
9.269729e-01 3.618855e-01 -9.879352e-02 -2.185815e+00 -3.335937e-01 9.156879e-01 2.241224e-01 1.797358e+00 1.715707e-01 -1.747985e-01 9.695406e-01 -8.285027e+01
8.872691e-01 -4.370138e-01 1.475553e-01 -2.446029e+00 4.612436e-01 8.425783e-01 -2.780579e-01 1.843163e+00 -2.811776e-03 3.147711e-01 9.491634e-01 -8.457592e+01
9.360713e-01 3.404212e-01 -8.879160e-02 -2.636565e+00 -3.100349e-01 9.175002e-01 2.491420e-01 1.887295e+00 1.662795e-01 -2.056862e-01 9.643881e-01 -8.631403e+01
9.106269e-01 -3.993077e-01 1.063576e-01 -2.796019e+00 4.113734e-01 8.516280e-01 -3.248103e-01 1.933535e+00 3.912215e-02 3.395336e-01 9.397800e-01 -8.820480e+01
9.597552e-01 2.736078e-01 -6.331433e-02 -3.106852e+00 -2.475651e-01 9.307083e-01 2.692465e-01 1.986503e+00 1.325951e-01 -2.427363e-01 9.609878e-01 -9.015791e+01
9.373023e-01 -3.448532e-01 5.040410e-02 -3.255227e+00 3.377783e-01 8.632451e-01 -3.751183e-01 2.036300e+00 8.584964e-02 3.686246e-01 9.256056e-01 -9.218690e+01
9.665678e-01 2.493848e-01 -5.961528e-02 -3.370085e+00 -2.172795e-01 9.200630e-01 3.259963e-01 2.081110e+00 1.361483e-01 -3.021443e-01 9.434895e-01 -9.406502e+01
9.441460e-01 -3.190759e-01 8.233413e-02 -3.539764e+00 3.238971e-01 8.525906e-01 -4.100974e-01 2.126354e+00 6.065489e-02 4.138596e-01 9.083178e-01 -9.588013e+01
9.776996e-01 2.046424e-01 -4.716883e-02 -3.832230e+00 -1.749451e-01 9.179074e-01 3.561463e-01 2.176102e+00 1.161793e-01 -3.399522e-01 9.332389e-01 -9.775204e+01
9.498836e-01 -3.039691e-01 -7.296523e-02 -4.246909e+00 2.336558e-01 8.454388e-01 -4.802480e-01 2.234134e+00 2.076682e-01 4.391310e-01 8.740926e-01 -9.975268e+01
9.891606e-01 1.431602e-01 3.265547e-02 -4.411544e+00 -1.444018e-01 9.080553e-01 3.931713e-01 2.282781e+00 2.663351e-02 -3.936251e-01 9.188851e-01 -1.017109e+02
9.623335e-01 -2.174817e-01 -1.631436e-01 -4.480498e+00 1.107732e-01 8.616643e-01 -4.952413e-01 2.329940e+00 2.482810e-01 4.585154e-01 8.532996e-01 -1.037418e+02
9.982358e-01 5.928614e-02 -3.234409e-03 -4.531111e+00 -5.254028e-02 9.074000e-01 4.169708e-01 2.378026e+00 2.765549e-02 -4.160653e-01 9.089141e-01 -1.058204e+02
9.730254e-01 -1.483020e-01 -1.767147e-01 -4.637755e+00 3.779012e-02 8.581150e-01 -5.120650e-01 2.429672e+00 2.275818e-01 4.915742e-01 8.405720e-01 -1.079712e+02
9.990403e-01 -4.378988e-02 9.885176e-04 -4.858550e+00 3.896383e-02 8.987935e-01 4.366371e-01 2.481384e+00 -2.000876e-02 -4.361796e-01 8.996372e-01 -1.099937e+02
9.613522e-01 -8.798660e-02 -2.608836e-01 -5.349969e+00 -5.902634e-02 8.596609e-01 -5.074437e-01 2.539382e+00 2.689197e-01 5.032311e-01 8.212434e-01 -1.118930e+02
9.479581e-01 -2.274205e-01 2.228348e-01 -5.720436e+00 1.350027e-01 9.209384e-01 3.655772e-01 2.607503e+00 -2.883569e-01 -3.164686e-01 9.037134e-01 -1.142666e+02
7.753099e-01 3.577748e-02 -6.305668e-01 -5.566052e+00 -3.017917e-01 8.980251e-01 -3.201136e-01 2.660205e+00 5.548120e-01 4.384871e-01 7.070451e-01 -1.165877e+02
9.072479e-01 -3.073422e-01 2.871273e-01 -5.599706e+00 2.130402e-01 9.244135e-01 3.163439e-01 2.709965e+00 -3.626502e-01 -2.258327e-01 9.041485e-01 -1.187309e+02
8.133901e-01 8.353919e-02 -5.756890e-01 -5.897659e+00 -2.630048e-01 9.355246e-01 -2.358436e-01 2.764223e+00 5.188690e-01 3.432418e-01 7.829176e-01 -1.207678e+02
8.290239e-01 -3.230711e-01 4.564477e-01 -6.162672e+00 2.401231e-01 9.428103e-01 2.311917e-01 2.814258e+00 -5.050350e-01 -8.205980e-02 8.591891e-01 -1.226474e+02
7.187773e-01 1.370783e-01 -6.815928e-01 -6.218315e+00 -2.778934e-01 9.552949e-01 -1.009301e-01 2.860724e+00 6.372869e-01 2.619564e-01 7.247374e-01 -1.246633e+02
8.467033e-01 -2.823660e-01 4.509579e-01 -6.299085e+00 2.523945e-01 9.592848e-01 1.267662e-01 2.911902e+00 -4.683915e-01 6.485937e-03 8.834972e-01 -1.268529e+02
7.856794e-01 1.326555e-01 -6.042437e-01 -6.343612e+00 -2.050889e-01 9.773556e-01 -5.210233e-02 2.959599e+00 5.836493e-01 1.648594e-01 7.950943e-01 -1.289095e+02
7.761652e-01 -2.282265e-01 5.877757e-01 -6.405076e+00 2.319563e-01 9.701748e-01 7.040652e-02 3.000378e+00 -5.863138e-01 8.169117e-02 8.059545e-01 -1.306818e+02
7.287216e-01 1.168056e-01 -6.747750e-01 -6.506638e+00 -1.387598e-01 9.900919e-01 2.153458e-02 3.041722e+00 6.706046e-01 7.793893e-02 7.377093e-01 -1.324484e+02
8.112814e-01 -1.512879e-01 5.647429e-01 -6.591550e+00 1.997012e-01 9.795512e-01 -2.447063e-02 3.083936e+00 -5.494925e-01 1.326324e-01 8.249040e-01 -1.342596e+02
8.171223e-01 7.260676e-02 -5.718735e-01 -6.639111e+00 -5.691606e-02 9.973506e-01 4.530199e-02 3.123065e+00 5.736477e-01 -4.468483e-03 8.190900e-01 -1.359894e+02
8.959290e-01 -7.161492e-02 4.383862e-01 -6.696741e+00 1.172788e-01 9.900351e-01 -7.795004e-02 3.159556e+00 -4.284354e-01 1.212511e-01 8.954001e-01 -1.376087e+02
7.790374e-01 5.065681e-02 -6.249276e-01 -6.775252e+00 -5.007548e-03 9.972016e-01 7.459101e-02 3.198747e+00 6.269574e-01 -5.497983e-02 7.771111e-01 -1.393289e+02
8.973135e-01 -1.213099e-02 4.412271e-01 -6.838091e+00 8.258613e-02 9.865834e-01 -1.408287e-01 3.243303e+00 -4.335989e-01 1.628067e-01 8.862765e-01 -1.412676e+02
7.430814e-01 4.674806e-02 -6.675663e-01 -6.789839e+00 4.429753e-02 9.919330e-01 1.187712e-01 3.276809e+00 6.677333e-01 -1.178282e-01 7.350161e-01 -1.428116e+02
8.574420e-01 5.132862e-02 5.120142e-01 -6.740393e+00 4.508206e-02 9.836937e-01 -1.741102e-01 3.308391e+00 -5.126019e-01 1.723721e-01 8.411463e-01 -1.443348e+02
7.711128e-01 -4.311193e-02 -6.352373e-01 -6.795573e+00 1.308026e-01 9.871505e-01 9.178555e-02 3.347151e+00 6.231178e-01 -1.538677e-01 7.668435e-01 -1.460550e+02
8.921335e-01 1.164526e-01 4.365049e-01 -6.865402e+00 -3.438077e-02 9.809054e-01 -1.914223e-01 3.381826e+00 -4.504617e-01 1.557669e-01 8.791024e-01 -1.475848e+02
8.464009e-01 -1.298407e-01 -5.164755e-01 -6.929365e+00 1.989009e-01 9.767148e-01 8.041532e-02 3.415377e+00 4.940081e-01 -1.707910e-01 8.525177e-01 -1.490662e+02
9.155374e-01 1.814774e-01 3.589670e-01 -6.923720e+00 -1.198390e-01 9.749738e-01 -1.872557e-01 3.441068e+00 -3.839661e-01 1.284214e-01 9.143730e-01 -1.502763e+02
8.951892e-01 -1.811585e-01 -4.072075e-01 -6.923388e+00 2.318581e-01 9.695886e-01 7.835714e-02 3.464264e+00 3.806287e-01 -1.645588e-01 9.099683e-01 -1.514162e+02
9.240215e-01 1.962980e-01 3.281027e-01 -6.985867e+00 -1.390796e-01 9.719223e-01 -1.897997e-01 3.486082e+00 -3.561476e-01 1.297466e-01 9.253781e-01 -1.524257e+02
8.371304e-01 -1.449248e-01 -5.274557e-01 -6.992904e+00 2.220109e-01 9.712898e-01 8.548222e-02 3.501951e+00 4.999238e-01 -1.886607e-01 8.452712e-01 -1.532149e+02
8.754998e-01 2.229468e-01 4.287131e-01 -6.820793e+00 -1.558109e-01 9.700635e-01 -1.862788e-01 3.513026e+00 -4.574092e-01 9.628888e-02 8.840279e-01 -1.539317e+02
8.350036e-01 -1.768323e-01 -5.210560e-01 -6.768041e+00 2.477067e-01 9.663753e-01 6.899385e-02 3.525302e+00 4.913353e-01 -1.866792e-01 8.507294e-01 -1.546507e+02
8.332650e-01 2.243065e-01 5.053277e-01 -6.725537e+00 -1.155843e-01 9.644807e-01 -2.375230e-01 3.547233e+00 -5.406567e-01 1.395117e-01 8.295943e-01 -1.557744e+02
6.176256e-01 -1.420808e-01 -7.735319e-01 -6.802769e+00 2.653424e-01 9.635230e-01 3.488430e-02 3.581340e+00 7.403594e-01 -2.267963e-01 6.327965e-01 -1.572705e+02
8.530651e-01 2.704621e-01 4.462401e-01 -6.836288e+00 -2.261344e-01 9.623271e-01 -1.509629e-01 3.608494e+00 -4.702587e-01 2.787091e-02 8.820884e-01 -1.584547e+02
4.355185e-01 -1.468531e-01 -8.881204e-01 -6.902322e+00 1.847336e-01 9.801853e-01 -7.148614e-02 3.625562e+00 8.810205e-01 -1.329321e-01 4.540175e-01 -1.591061e+02
9.483634e-01 2.454686e-01 2.008779e-01 -7.157637e+00 -2.771122e-01 9.493397e-01 1.481994e-01 3.645276e+00 -1.543230e-01 -1.962126e-01 9.683414e-01 -1.594590e+02
5.196591e-01 -1.402798e-01 -8.427787e-01 -7.519905e+00 -8.061637e-02 9.739768e-01 -2.118258e-01 3.668648e+00 8.505618e-01 1.780190e-01 4.948271e-01 -1.599001e+02
9.998869e-01 -1.406884e-02 5.324715e-03 -7.645366e+00 1.157370e-02 9.456031e-01 3.251166e-01 3.690507e+00 -9.609081e-03 -3.250182e-01 9.456590e-01 -1.604794e+02
5.592252e-01 1.028641e-01 -8.226093e-01 -7.392653e+00 -2.933837e-01 9.526141e-01 -8.032709e-02 3.707774e+00 7.753664e-01 2.862611e-01 5.629045e-01 -1.613245e+02
9.593987e-01 -2.797473e-01 3.599395e-02 -7.174638e+00 2.677561e-01 9.434348e-01 1.955438e-01 3.721943e+00 -8.866079e-02 -1.779669e-01 9.800342e-01 -1.620396e+02
5.826614e-01 3.681173e-01 -7.245656e-01 -7.072978e+00 -3.622739e-01 9.157049e-01 1.739026e-01 3.733481e+00 7.275048e-01 1.611649e-01 6.669053e-01 -1.625515e+02
9.440402e-01 -3.273818e-01 -4.011644e-02 -6.890544e+00 3.227822e-01 9.420174e-01 -9.173246e-02 3.748032e+00 6.782192e-02 7.365025e-02 9.949753e-01 -1.632028e+02
6.051130e-01 4.026823e-01 -6.867934e-01 -6.622419e+00 -1.474440e-01 9.044139e-01 4.003695e-01 3.762663e+00 7.823672e-01 -1.410052e-01 6.066457e-01 -1.639029e+02
9.833392e-01 -1.116683e-01 1.434371e-01 -6.440783e+00 1.505053e-01 9.426495e-01 -2.979262e-01 3.775503e+00 -1.019420e-01 3.145506e-01 9.437509e-01 -1.645561e+02
8.190294e-01 2.197543e-01 -5.299989e-01 -6.344628e+00 2.115167e-04 9.236272e-01 3.832920e-01 3.783451e+00 5.737515e-01 -3.140395e-01 7.564314e-01 -1.650021e+02
9.530142e-01 6.542793e-03 3.028550e-01 -6.050324e+00 9.885759e-02 9.383136e-01 -3.313529e-01 3.788167e+00 -2.863409e-01 3.457235e-01 8.935794e-01 -1.654187e+02
9.664496e-01 9.305904e-02 -2.394060e-01 -5.597180e+00 -6.402864e-03 9.405003e-01 3.397326e-01 3.790874e+00 2.567766e-01 -3.268015e-01 9.095420e-01 -1.658770e+02
8.546435e-01 -5.429134e-02 5.163690e-01 -5.405469e+00 2.484192e-01 9.160573e-01 -3.148443e-01 3.796620e+00 -4.559303e-01 3.973556e-01 7.963894e-01 -1.664227e+02
9.802877e-01 1.619149e-01 -1.132235e-01 -5.071199e+00 -1.188453e-01 9.410314e-01 3.167581e-01 3.800994e+00 1.578347e-01 -2.970580e-01 9.417244e-01 -1.669703e+02
9.105479e-01 -1.888685e-01 3.677379e-01 -5.106961e+00 2.942680e-01 9.208919e-01 -2.556648e-01 3.803737e+00 -2.903597e-01 3.410086e-01 8.940942e-01 -1.672234e+02
6.358601e-01 3.797059e-01 -6.719414e-01 -5.349206e+00 -5.732512e-02 8.914412e-01 4.494956e-01 3.811936e+00 7.696725e-01 -2.472972e-01 5.885986e-01 -1.672330e+02
7.487187e-01 -6.133055e-02 6.600446e-01 -5.470932e+00 3.441385e-01 8.869794e-01 -3.079549e-01 3.827262e+00 -5.665590e-01 4.577183e-01 6.852042e-01 -1.678629e+02
9.056273e-01 2.094957e-01 -3.687150e-01 -5.481466e+00 -6.290707e-02 9.262039e-01 3.717380e-01 3.847817e+00 4.193827e-01 -3.134613e-01 8.519743e-01 -1.689233e+02
8.017053e-01 -1.130447e-01 5.869323e-01 -5.481648e+00 3.498236e-01 8.849493e-01 -3.073892e-01 3.864534e+00 -4.846566e-01 4.517584e-01 7.490142e-01 -1.698361e+02
8.773228e-01 2.617913e-01 -4.022065e-01 -5.492923e+00 -9.154643e-02 9.140092e-01 3.952295e-01 3.881094e+00 4.710881e-01 -3.099233e-01 8.258472e-01 -1.707024e+02
8.672727e-01 -1.216374e-01 4.827446e-01 -5.541447e+00 3.040939e-01 8.971991e-01 -3.202508e-01 3.895582e+00 -3.941635e-01 4.245445e-01 8.151056e-01 -1.714654e+02
8.218068e-01 2.821257e-01 -4.950137e-01 -5.568699e+00 -5.228141e-02 9.024755e-01 4.275565e-01 3.906389e+00 5.673625e-01 -3.254888e-01 7.564105e-01 -1.720605e+02
9.206565e-01 -4.071140e-02 3.882450e-01 -5.558741e+00 1.908184e-01 9.145659e-01 -3.565916e-01 3.912092e+00 -3.405583e-01 4.023827e-01 8.497695e-01 -1.724882e+02
8.802269e-01 1.912962e-01 -4.342883e-01 -5.560740e+00 3.528442e-03 9.124888e-01 4.090865e-01 3.916907e+00 4.745399e-01 -3.616213e-01 8.025222e-01 -1.728832e+02
9.725084e-01 1.458068e-02 2.324110e-01 -5.702455e+00 8.175395e-02 9.131327e-01 -3.993807e-01 3.934161e+00 -2.180454e-01 4.074016e-01 8.868372e-01 -1.735956e+02
8.448787e-01 7.114273e-02 -5.302063e-01 -5.955208e+00 1.458954e-01 9.229043e-01 3.563176e-01 3.957865e+00 5.146791e-01 -3.783998e-01 7.693627e-01 -1.743896e+02
9.461362e-01 1.283122e-01 2.972578e-01 -6.181083e+00 1.001003e-02 9.060859e-01 -4.229752e-01 3.983170e+00 -3.236140e-01 4.031678e-01 8.559963e-01 -1.753091e+02
8.384221e-01 -1.066867e-02 -5.449171e-01 -6.343769e+00 2.319841e-01 9.117038e-01 3.390864e-01 4.004546e+00 4.931854e-01 -4.107096e-01 7.668675e-01 -1.761604e+02
9.224487e-01 2.237004e-01 3.147167e-01 -6.448165e+00 -7.586982e-02 9.041964e-01 -4.203243e-01 4.021184e+00 -3.785924e-01 3.638501e-01 8.510469e-01 -1.768711e+02
8.429719e-01 -9.971934e-02 -5.286346e-01 -6.480060e+00 2.957777e-01 9.067234e-01 3.006130e-01 4.035844e+00 4.493484e-01 -4.097666e-01 7.938371e-01 -1.776266e+02
8.771710e-01 2.616808e-01 4.026092e-01 -6.486509e+00 -6.318129e-02 8.940667e-01 -4.434555e-01 4.058370e+00 -4.760033e-01 3.635490e-01 8.007828e-01 -1.787012e+02
8.236816e-01 -8.065395e-02 -5.612874e-01 -6.512732e+00 3.116711e-01 8.913048e-01 3.292975e-01 4.068821e+00 4.737190e-01 -4.461734e-01 7.592889e-01 -1.792948e+02
8.801538e-01 2.944704e-01 3.723122e-01 -6.575537e+00 -1.022831e-01 8.835538e-01 -4.570239e-01 4.084157e+00 -4.635379e-01 3.641701e-01 8.077826e-01 -1.800531e+02
8.256626e-01 -1.575214e-01 -5.417271e-01 -6.624408e+00 3.673544e-01 8.788792e-01 3.043387e-01 4.104319e+00 4.281728e-01 -4.502869e-01 7.835239e-01 -1.810113e+02
8.615734e-01 3.308864e-01 3.849747e-01 -6.651983e+00 -1.174250e-01 8.677103e-01 -4.830013e-01 4.126679e+00 -4.938651e-01 3.709354e-01 7.864504e-01 -1.820775e+02
8.924277e-01 -1.971361e-01 -4.058450e-01 -6.692673e+00 3.594987e-01 8.542240e-01 3.755824e-01 4.142436e+00 2.726417e-01 -4.810809e-01 8.332033e-01 -1.828984e+02
8.791047e-01 3.055357e-01 3.658180e-01 -6.773484e+00 -7.294524e-02 8.447159e-01 -5.302208e-01 4.159328e+00 -4.710136e-01 4.394349e-01 7.648811e-01 -1.837421e+02
9.247385e-01 -1.521193e-01 -3.488817e-01 -6.840976e+00 3.072176e-01 8.394338e-01 4.482948e-01 4.174113e+00 2.246688e-01 -5.217381e-01 8.229905e-01 -1.845211e+02
8.663973e-01 2.351998e-01 4.404960e-01 -6.968956e+00 7.155210e-02 8.145535e-01 -5.756587e-01 4.191804e+00 -4.942023e-01 5.302676e-01 6.888979e-01 -1.853283e+02
9.703879e-01 -4.918414e-02 -2.364917e-01 -7.121266e+00 1.718045e-01 8.287451e-01 5.326018e-01 4.204312e+00 1.697958e-01 -5.574607e-01 8.126543e-01 -1.858765e+02
9.162550e-01 8.953668e-02 3.904612e-01 -7.149281e+00 1.759236e-01 7.857480e-01 -5.930016e-01 4.221840e+00 -3.598995e-01 6.120320e-01 7.041940e-01 -1.868180e+02
9.993078e-01 3.644785e-02 -7.453935e-03 -7.180313e+00 -2.597524e-02 8.270217e-01 5.615696e-01 4.239181e+00 2.663257e-02 -5.609873e-01 8.273959e-01 -1.877585e+02
9.611821e-01 -1.267172e-01 2.450952e-01 -7.221453e+00 2.517908e-01 7.660882e-01 -5.913631e-01 4.262746e+00 -1.128286e-01 6.301204e-01 7.682565e-01 -1.889188e+02
9.882219e-01 1.499291e-01 3.063842e-02 -7.261845e+00 -1.419042e-01 8.228953e-01 5.501877e-01 4.288300e+00 5.727695e-02 -5.480552e-01 8.344788e-01 -1.901628e+02
9.527438e-01 -2.274327e-01 2.013792e-01 -7.290362e+00 3.029461e-01 7.603002e-01 -5.746019e-01 4.312822e+00 -2.242534e-02 6.084554e-01 7.932712e-01 -1.913751e+02
9.638097e-01 2.198111e-01 1.508442e-01 -7.266608e+00 -2.663680e-01 8.171678e-01 5.111604e-01 4.330912e+00 -1.090630e-02 -5.328414e-01 8.461449e-01 -1.923909e+02
9.157368e-01 -3.444572e-01 2.068220e-01 -7.254792e+00 4.013227e-01 7.596811e-01 -5.116881e-01 4.344959e+00 1.913589e-02 5.515740e-01 8.339065e-01 -1.932775e+02
9.223997e-01 2.951124e-01 2.491734e-01 -7.075135e+00 -3.761768e-01 8.327030e-01 4.063209e-01 4.348592e+00 -8.757714e-02 -4.685235e-01 8.790995e-01 -1.937268e+02
9.123891e-01 -4.040831e-01 -6.529229e-02 -6.835061e+00 3.262222e-01 8.141902e-01 -4.802846e-01 4.353409e+00 2.472352e-01 4.169067e-01 8.746791e-01 -1.942425e+02
9.464855e-01 2.935833e-01 1.340670e-01 -6.822839e+00 -3.225856e-01 8.474290e-01 4.216665e-01 4.375157e+00 1.018201e-02 -4.423493e-01 8.967850e-01 -1.953796e+02
9.271910e-01 -3.744498e-01 -1.020738e-02 -6.817071e+00 3.218241e-01 8.102351e-01 -4.898452e-01 4.396165e+00 1.916928e-01 4.508951e-01 8.717497e-01 -1.964835e+02
9.387242e-01 2.684383e-01 2.161890e-01 -6.793770e+00 -3.348179e-01 8.590992e-01 3.870989e-01 4.417060e+00 -8.181566e-02 -4.357631e-01 8.963352e-01 -1.975761e+02
8.944282e-01 -4.174551e-01 1.604042e-01 -6.675816e+00 4.451023e-01 7.961821e-01 -4.098511e-01 4.433341e+00 4.338348e-02 4.379786e-01 8.979380e-01 -1.985672e+02
9.174972e-01 3.822778e-01 1.098294e-01 -6.565269e+00 -3.957114e-01 8.494539e-01 3.490567e-01 4.451093e+00 4.014160e-02 -3.637193e-01 9.306433e-01 -1.995710e+02
8.945551e-01 -4.437862e-01 5.315069e-02 -6.491469e+00 4.256556e-01 8.096011e-01 -4.041822e-01 4.467120e+00 1.363397e-01 3.841872e-01 9.131329e-01 -2.005095e+02
8.841519e-01 4.593259e-01 -8.541093e-02 -6.557592e+00 -3.457736e-01 7.662744e-01 5.415386e-01 4.471595e+00 3.141909e-01 -4.492696e-01 8.363258e-01 -2.007361e+02
9.538549e-01 -2.984188e-01 -3.327360e-02 -6.651355e+00 2.296196e-01 7.963397e-01 -5.595695e-01 4.473785e+00 1.934831e-01 5.261078e-01 8.281153e-01 -2.008119e+02
9.602188e-01 1.758459e-01 2.169287e-01 -6.594752e+00 -2.616933e-01 8.377383e-01 4.792819e-01 4.490755e+00 -9.744971e-02 -5.169843e-01 8.504298e-01 -2.017544e+02
8.286753e-01 -4.330200e-01 3.546701e-01 -7.189823e+00 5.541501e-01 7.239377e-01 -4.108916e-01 4.534174e+00 -7.883480e-02 5.370362e-01 8.398674e-01 -2.027341e+02
8.574036e-01 2.164980e-01 4.668916e-01 -8.226886e+00 -2.485739e-01 9.685850e-01 7.349585e-03 4.609860e+00 -4.506330e-01 -1.223586e-01 8.842840e-01 -2.040107e+02
7.562766e-01 -6.538407e-01 2.319609e-02 -8.906115e+00 6.487670e-01 7.448834e-01 -1.557246e-01 4.681331e+00 8.454067e-02 1.328197e-01 9.875281e-01 -2.055990e+02
9.090514e-01 4.154797e-01 -3.165585e-02 -8.637113e+00 -4.147368e-01 9.095244e-01 2.754439e-02 4.730722e+00 4.023591e-02 -1.191042e-02 9.991192e-01 -2.073143e+02
7.614116e-01 -5.097613e-01 -4.004944e-01 -8.032321e+00 4.283128e-01 8.593259e-01 -2.794766e-01 4.768090e+00 4.866216e-01 4.125990e-02 8.726380e-01 -2.088361e+02
9.560882e-01 2.846315e-01 6.985827e-02 -7.310087e+00 -2.929186e-01 9.359068e-01 1.956454e-01 4.806729e+00 -9.693992e-03 -2.075170e-01 9.781834e-01 -2.104110e+02
7.687889e-01 -5.738904e-01 -2.821588e-01 -6.164272e+00 4.280871e-01 7.896091e-01 -4.396123e-01 4.869529e+00 4.750844e-01 2.171805e-01 8.527177e-01 -2.129331e+02
9.668014e-01 1.166190e-01 2.273657e-01 -6.044351e+00 -1.388394e-01 9.867232e-01 8.426724e-02 4.946884e+00 -2.145198e-01 -1.130370e-01 9.701566e-01 -2.152665e+02
7.507364e-01 -3.143387e-01 -5.810216e-01 -5.547490e+00 1.999536e-01 9.464027e-01 -2.536541e-01 4.982260e+00 6.296137e-01 7.425000e-02 7.733521e-01 -2.165757e+02
6.596732e-01 1.432567e-01 7.377729e-01 -4.897652e+00 -1.767609e-01 9.837018e-01 -3.296063e-02 4.999629e+00 -7.304703e-01 -1.086662e-01 6.742439e-01 -2.174952e+02
7.821334e-01 -3.156722e-01 -5.372322e-01 -4.495663e+00 2.846538e-01 9.479650e-01 -1.425992e-01 5.019632e+00 5.542919e-01 -4.139358e-02 8.312924e-01 -2.185256e+02
6.362562e-01 2.408466e-01 7.329194e-01 -4.120516e+00 -1.594904e-01 9.705610e-01 -1.804831e-01 5.035854e+00 -7.548118e-01 -2.060101e-03 6.559382e-01 -2.194440e+02
6.940427e-01 -3.641585e-01 -6.210421e-01 -3.832449e+00 4.220453e-01 9.046652e-01 -5.881094e-02 5.057714e+00 5.832516e-01 -2.212906e-01 7.815677e-01 -2.203384e+02
5.921489e-01 3.732872e-01 7.141543e-01 -3.620591e+00 -1.535456e-01 9.222658e-01 -3.547528e-01 5.075135e+00 -7.910648e-01 1.004112e-01 6.034353e-01 -2.211960e+02
7.456815e-01 -2.590528e-01 -6.138817e-01 -3.524547e+00 4.324255e-01 8.890922e-01 1.500775e-01 5.083232e+00 5.069194e-01 -3.773681e-01 7.750007e-01 -2.217060e+02
7.224444e-01 4.128883e-01 5.546145e-01 -3.482111e+00 -1.594640e-01 8.799996e-01 -4.474057e-01 5.097886e+00 -6.727892e-01 2.347847e-01 7.015916e-01 -2.225757e+02
6.578316e-01 -1.928059e-01 -7.280683e-01 -3.247785e+00 4.518891e-01 8.743906e-01 1.767406e-01 5.102799e+00 6.025395e-01 -4.452717e-01 6.623287e-01 -2.230727e+02
7.844150e-01 4.439177e-01 4.331630e-01 -3.030314e+00 -3.266336e-01 8.893548e-01 -3.199351e-01 5.095774e+00 -5.272604e-01 1.094763e-01 8.426217e-01 -2.229912e+02
7.782316e-01 -3.696936e-01 -5.076240e-01 -2.910616e+00 4.778090e-01 8.731324e-01 9.663568e-02 5.101999e+00 4.074974e-01 -3.177523e-01 8.561422e-01 -2.235418e+02
7.459170e-01 3.810682e-01 5.462553e-01 -2.602717e+00 -1.289770e-01 8.872736e-01 -4.428436e-01 5.119060e+00 -6.534316e-01 2.598702e-01 7.109815e-01 -2.244161e+02
8.603049e-01 -4.298411e-01 -2.740659e-01 -2.527754e+00 5.039575e-01 7.981368e-01 3.301582e-01 5.152829e+00 7.682651e-02 -4.221543e-01 9.032627e-01 -2.255205e+02
9.320812e-01 3.312857e-01 1.465416e-01 -2.456533e+00 -1.951481e-01 8.000182e-01 -5.673519e-01 5.180807e+00 -3.051915e-01 5.002207e-01 8.103317e-01 -2.265688e+02
9.076517e-01 -2.792714e-01 -3.133303e-01 -2.766161e+00 4.055562e-01 7.758595e-01 4.832869e-01 5.198614e+00 1.081321e-01 -5.657292e-01 8.174704e-01 -2.268578e+02
7.968833e-01 2.107931e-01 5.661654e-01 -3.380320e+00 2.882149e-01 6.909822e-01 -6.629297e-01 5.237182e+00 -5.309512e-01 6.914549e-01 4.898785e-01 -2.274882e+02
7.429569e-01 -1.941434e-01 6.405648e-01 -5.877423e+00 -1.371200e-01 8.925677e-01 4.295590e-01 5.363469e+00 -6.551436e-01 -4.069781e-01 6.365184e-01 -2.285345e+02
2.732955e-01 -5.496628e-01 7.894178e-01 -1.002041e+01 9.155529e-01 4.003811e-01 -3.818236e-02 5.559450e+00 -2.950806e-01 7.331888e-01 6.126677e-01 -2.293145e+02
8.693531e-01 4.546248e-01 1.937560e-01 -1.340886e+01 -3.561123e-01 8.481381e-01 -3.922318e-01 5.728203e+00 -3.426502e-01 2.719891e-01 8.992290e-01 -2.302169e+02
3.217558e-01 -6.138095e-01 7.209099e-01 -1.649425e+01 4.291918e-01 7.732331e-01 4.668030e-01 5.876673e+00 -8.439595e-01 1.592120e-01 5.122342e-01 -2.309433e+02
9.052295e-01 -1.998405e-01 -3.749977e-01 -1.821888e+01 -1.644952e-02 8.653654e-01 -5.008713e-01 5.979451e+00 4.246044e-01 4.595721e-01 7.800670e-01 -2.321832e+02
2.692130e-01 -1.647921e-01 9.488772e-01 -1.963116e+01 5.503680e-02 9.862744e-01 1.556720e-01 6.090098e+00 -9.615068e-01 1.031426e-02 2.745875e-01 -2.344036e+02
3.318585e-01 -3.464098e-01 -8.774225e-01 -1.995794e+01 2.877358e-01 9.229803e-01 -2.555688e-01 6.177059e+00 8.983752e-01 -1.676531e-01 4.059734e-01 -2.367204e+02
2.278876e-01 3.722308e-01 8.997286e-01 -2.059201e+01 1.406410e-02 9.226877e-01 -3.852916e-01 6.241752e+00 -9.735859e-01 1.004570e-01 2.050340e-01 -2.382223e+02
-3.975097e-02 -1.541209e-01 -9.872520e-01 -2.122468e+01 4.979022e-01 8.535762e-01 -1.533003e-01 6.289624e+00 8.663217e-01 -4.976488e-01 4.280667e-02 -2.392855e+02
3.559510e-01 6.039972e-01 7.130822e-01 -2.203629e+01 -1.566983e-02 7.668095e-01 -6.416835e-01 6.360949e+00 -9.343732e-01 2.172340e-01 2.824112e-01 -2.406167e+02
5.819249e-01 -4.897014e-01 -6.492734e-01 -2.327345e+01 8.033063e-01 4.705507e-01 3.650767e-01 6.453233e+00 1.267374e-01 -7.340126e-01 6.672054e-01 -2.422077e+02
8.963699e-01 3.389341e-01 2.857354e-01 -2.429176e+01 2.024520e-01 2.604343e-01 -9.440271e-01 6.567723e+00 -3.943782e-01 9.040452e-01 1.648276e-01 -2.446324e+02
7.461287e-01 -4.340241e-01 5.048911e-01 -2.565808e+01 -2.086145e-01 5.677361e-01 7.963389e-01 6.687029e+00 -6.322752e-01 -6.994989e-01 3.330605e-01 -2.468479e+02
2.267815e-01 -6.959547e-01 6.813349e-01 -2.824434e+01 9.439694e-01 -1.516025e-02 -3.296846e-01 6.839401e+00 2.397747e-01 7.179256e-01 6.535219e-01 -2.486762e+02
3.566289e-01 8.568286e-01 3.723716e-01 -3.224234e+01 -3.096571e-01 4.844589e-01 -8.181761e-01 7.035645e+00 -8.814354e-01 1.764777e-01 4.380951e-01 -2.498492e+02
3.631644e-01 -8.116987e-01 4.574460e-01 -3.627440e+01 -1.484148e-02 4.858647e-01 8.739080e-01 7.220038e+00 -9.316069e-01 -3.241614e-01 1.644019e-01 -2.502758e+02
7.029538e-01 -5.661392e-01 4.305140e-01 -4.002362e+01 6.334883e-01 2.231998e-01 -7.408606e-01 7.386305e+00 3.233396e-01 7.935164e-01 5.155417e-01 -2.504293e+02
1.743429e-01 6.307084e-01 7.561822e-01 -4.305189e+01 -4.594485e-01 7.313283e-01 -5.040496e-01 7.530858e+00 -8.709257e-01 -2.595494e-01 4.172799e-01 -2.510187e+02
3.400992e-01 -8.020838e-01 -4.909114e-01 -4.452947e+01 9.359173e-01 3.395515e-01 9.361367e-02 7.612457e+00 9.160370e-02 -4.912905e-01 8.661654e-01 -2.517607e+02
4.988711e-01 8.649107e-01 5.529155e-02 -4.591319e+01 -5.149833e-01 3.471408e-01 -7.837637e-01 7.670174e+00 -6.970796e-01 3.625228e-01 6.185930e-01 -2.517176e+02
6.058826e-01 -7.651407e-01 -2.178671e-01 -4.713182e+01 5.929950e-01 2.517903e-01 7.648258e-01 7.724211e+00 -5.303425e-01 -5.925887e-01 6.062800e-01 -2.519496e+02
9.328425e-01 1.611535e-01 3.222335e-01 -4.878973e+01 3.106380e-01 9.330560e-02 -9.459377e-01 7.802801e+00 -1.825073e-01 9.825088e-01 3.697904e-02 -2.524048e+02
9.338920e-01 5.015477e-02 3.540202e-01 -4.974957e+01 -3.513119e-01 3.129305e-01 8.824140e-01 7.845865e+00 -6.652646e-02 -9.484508e-01 3.098632e-01 -2.525250e+02
9.049645e-01 -4.243374e-01 -3.125774e-02 -4.996549e+01 8.141040e-02 2.447893e-01 -9.661524e-01 7.855310e+00 4.176262e-01 8.717889e-01 2.560711e-01 -2.527154e+02
8.965608e-01 1.832589e-02 4.425413e-01 -4.963667e+01 -4.220531e-01 3.384151e-01 8.410389e-01 7.874916e+00 -1.343499e-01 -9.408185e-01 3.111442e-01 -2.537690e+02
7.920464e-01 -5.241843e-01 -3.128791e-01 -4.835804e+01 -2.137290e-01 2.419778e-01 -9.464495e-01 7.935597e+00 5.718237e-01 8.165033e-01 7.962431e-02 -2.566142e+02
9.853609e-01 -1.681484e-01 2.810650e-02 -4.647397e+01 3.671106e-02 3.702798e-01 9.281946e-01 8.007654e+00 -1.664817e-01 -9.135748e-01 3.710322e-01 -2.602376e+02
8.835463e-01 -3.011489e-02 -4.673746e-01 -4.527697e+01 -4.449018e-01 2.577956e-01 -8.576735e-01 8.068703e+00 1.463159e-01 9.657300e-01 2.143762e-01 -2.632451e+02
8.518094e-01 -5.232968e-01 2.410678e-02 -4.419716e+01 2.033326e-01 3.726890e-01 9.054053e-01 8.132987e+00 -4.827801e-01 -7.663311e-01 4.238633e-01 -2.662341e+02
6.054992e-01 7.878835e-02 -7.919363e-01 -4.317637e+01 -7.663096e-01 3.262986e-01 -5.534427e-01 8.195265e+00 2.148029e-01 9.419775e-01 2.579498e-01 -2.691814e+02
5.910869e-01 -7.939156e-01 1.425283e-01 -4.243957e+01 3.625145e-01 4.193221e-01 8.323174e-01 8.253223e+00 -7.205550e-01 -4.403033e-01 5.356617e-01 -2.719005e+02
3.260024e-01 2.378280e-01 -9.149646e-01 -4.167054e+01 -8.703219e-01 4.534133e-01 -1.922398e-01 8.308324e+00 3.691371e-01 8.589844e-01 3.548007e-01 -2.744682e+02
3.508236e-01 -8.670160e-01 3.538446e-01 -4.136130e+01 5.205922e-01 4.946627e-01 6.959113e-01 8.351241e+00 -7.784000e-01 -5.993337e-02 6.249012e-01 -2.763933e+02
3.545622e-01 4.335061e-01 -8.284673e-01 -4.098858e+01 -8.238537e-01 5.638750e-01 -5.753291e-02 8.382864e+00 4.422112e-01 7.029349e-01 5.570744e-01 -2.779770e+02
1.986523e-01 -8.076131e-01 5.552461e-01 -4.068325e+01 4.218089e-01 5.818347e-01 6.953745e-01 8.417240e+00 -8.846550e-01 9.606998e-02 4.562412e-01 -2.795638e+02
7.612063e-02 3.520742e-01 -9.328716e-01 -4.024652e+01 -7.299210e-01 6.570499e-01 1.884164e-01 8.452435e+00 6.792798e-01 6.665802e-01 3.070014e-01 -2.812168e+02
2.798643e-01 -6.877972e-01 6.697843e-01 -3.978488e+01 5.254766e-01 6.936221e-01 4.927096e-01 8.476879e+00 -8.034615e-01 2.140641e-01 5.555414e-01 -2.825717e+02
2.575141e-01 4.605618e-01 -8.494523e-01 -3.952549e+01 -6.269900e-01 7.485474e-01 2.157785e-01 8.503213e+00 7.352347e-01 4.770321e-01 4.815292e-01 -2.839051e+02
3.804340e-01 -5.766461e-01 7.230140e-01 -3.889365e+01 5.509585e-01 7.692351e-01 3.236080e-01 8.533078e+00 -7.427750e-01 2.752393e-01 6.103513e-01 -2.855031e+02
2.328914e-01 5.023130e-01 -8.327324e-01 -3.850524e+01 -5.062192e-01 7.937417e-01 3.372184e-01 8.559311e+00 8.303636e-01 3.430099e-01 4.391361e-01 -2.868912e+02
3.562401e-01 -5.120171e-01 7.816211e-01 -3.705374e+01 7.427191e-01 6.627390e-01 9.563121e-02 8.607404e+00 -5.669756e-01 5.464573e-01 6.163791e-01 -2.890427e+02
2.613902e-01 6.607581e-01 -7.036149e-01 -3.584160e+01 -2.444958e-01 7.505101e-01 6.139677e-01 8.644626e+00 9.337542e-01 1.154570e-02 3.577286e-01 -2.907404e+02
2.223861e-01 -2.179531e-01 9.502846e-01 -3.526133e+01 8.513287e-01 5.184478e-01 -8.031950e-02 8.689295e+00 -4.751671e-01 8.268666e-01 3.008453e-01 -2.923589e+02
