1.000000e+00 1.197625e-11 1.704638e-10 5.551115e-17 1.197625e-11 1.000000e+00 3.562503e-10 0.000000e+00 1.704638e-10 3.562503e-10 1.000000e+00 2.220446e-16 0.000000e+00 0.000000e+00 0.000000e+00 1.000000e+00
9.937975e-01 -2.426280e-02 -1.085259e-01 -5.314612e-02 2.449343e-02 9.996997e-01 7.923987e-04 9.781476e-03 1.084741e-01 -3.445656e-03 9.940933e-01 -5.836379e-01
9.888505e-01 -3.879644e-02 1.437691e-01 -1.414456e-01 4.431632e-02 9.983905e-01 -3.539157e-02 2.675968e-02 -1.421646e-01 4.136829e-02 9.889782e-01 -1.398502e+00
9.971019e-01 -4.416915e-02 -6.194198e-02 4.591865e-01 4.439244e-02 9.990117e-01 2.232568e-03 3.767430e-02 6.178215e-02 -4.975854e-03 9.980773e-01 -2.102632e+00
9.777932e-01 2.769059e-02 2.077346e-01 8.498110e-01 -2.429634e-02 9.995266e-01 -1.887353e-02 3.547081e-02 -2.081589e-01 1.340722e-02 9.780031e-01 -2.418766e+00
9.848680e-01 -1.376669e-01 1.052748e-01 1.236342e+00 1.402410e-01 9.899642e-01 -1.741692e-02 3.869000e-02 -1.018205e-01 3.191721e-02 9.942906e-01 -2.871177e+00
9.926926e-01 1.047418e-01 5.992139e-02 2.440499e+00 -1.051674e-01 9.944465e-01 3.985599e-03 4.333024e-02 -5.917116e-02 -1.025825e-02 9.981951e-01 -3.388971e+00
9.922736e-01 -1.209077e-01 -2.782760e-02 3.556968e+00 1.207051e-01 9.926489e-01 -8.856245e-03 4.909620e-02 2.869382e-02 5.428885e-03 9.995735e-01 -3.951656e+00
9.907735e-01 1.226416e-01 5.767877e-02 3.938521e+00 -1.248964e-01 9.914703e-01 3.725027e-02 4.190040e-02 -5.261835e-02 -4.411045e-02 9.976400e-01 -4.012939e+00
9.919143e-01 -1.163396e-01 -5.070547e-02 3.936644e+00 1.189118e-01 9.915911e-01 5.105859e-02 2.686409e-02 4.433895e-02 -5.667523e-02 9.974076e-01 -3.410569e+00
9.206728e-01 5.789958e-02 3.860171e-01 4.140553e+00 -4.684241e-02 9.981793e-01 -3.799736e-02 1.265762e-02 -3.875144e-01 1.690117e-02 9.217087e-01 -2.983048e+00
9.983278e-01 -4.740722e-02 -3.307798e-02 4.650353e+00 5.124431e-02 9.905916e-01 1.268951e-01 -3.873224e-03 2.675102e-02 -1.283780e-01 9.913645e-01 -2.582276e+00
9.775341e-01 3.121022e-02 2.084536e-01 4.800007e+00 -2.998496e-02 9.995095e-01 -9.035973e-03 -2.575152e-02 -2.086334e-01 2.582497e-03 9.779905e-01 -1.806714e+00
9.969166e-01 -4.045428e-02 6.723653e-02 4.792174e+00 3.219515e-02 9.922910e-01 1.196750e-01 -4.744852e-02 -7.155956e-02 -1.171413e-01 9.905338e-01 -7.990156e-01
9.871216e-01 -8.445101e-03 1.597486e-01 4.778444e+00 2.229302e-02 9.961236e-01 -8.509340e-02 -5.890066e-02 -1.584107e-01 8.755882e-02 9.834833e-01 -4.474310e-01
9.984686e-01 -3.713152e-02 -4.100831e-02 4.817569e+00 3.969478e-02 9.971876e-01 6.357015e-02 -5.380737e-02 3.853252e-02 -6.510062e-02 9.971345e-01 -9.223069e-01
9.981982e-01 2.079434e-02 -5.628528e-02 4.926819e+00 -2.355953e-02 9.985249e-01 -4.891892e-02 -5.279920e-02 5.518501e-02 5.015683e-02 9.972156e-01 -1.238084e+00
9.897848e-01 -4.339723e-02 1.358042e-01 4.974513e+00 3.131791e-02 9.954626e-01 8.985235e-02 -5.807306e-02 -1.390873e-01 -8.468139e-02 9.866528e-01 -1.244962e+00
9.988442e-01 2.344525e-02 4.195898e-02 5.026454e+00 -2.474707e-02 9.992198e-01 3.078030e-02 -7.896867e-02 -4.120459e-02 -3.178309e-02 9.986451e-01 -4.380221e-01
9.769112e-01 -5.299326e-02 2.069693e-01 5.100281e+00 3.528543e-02 9.954658e-01 8.833312e-02 -1.010422e-01 -2.107120e-01 -7.899061e-02 9.743516e-01 3.866591e-01
9.684331e-01 -5.785067e-02 2.424679e-01 5.074770e+00 6.453936e-02 9.977202e-01 -1.972745e-02 -1.161169e-01 -2.407738e-01 3.475343e-02 9.699588e-01 1.056847e+00
9.795970e-01 7.034063e-03 2.008486e-01 5.127310e+00 -2.629495e-02 9.952822e-01 9.339166e-02 -1.363237e-01 -1.992441e-01 -9.676750e-02 9.751604e-01 1.863477e+00
9.879750e-01 -8.761825e-02 1.273911e-01 5.181773e+00 9.114421e-02 9.955923e-01 -2.210626e-02 -1.517337e-01 -1.248927e-01 3.345139e-02 9.916062e-01 2.354306e+00
9.922754e-01 7.233419e-02 1.007838e-01 5.372861e+00 -7.987551e-02 9.941345e-01 7.291434e-02 -1.635857e-01 -9.491842e-02 -8.040126e-02 9.922329e-01 2.571207e+00
9.908808e-01 -7.011870e-02 -1.150595e-01 5.500140e+00 6.813982e-02 9.974537e-01 -2.104762e-02 -1.727802e-01 1.162423e-01 1.301555e-02 9.931356e-01 2.718747e+00
9.515705e-01 4.268389e-02 3.044532e-01 5.729500e+00 -6.300046e-02 9.963719e-01 5.721851e-02 -1.837284e-01 -3.009063e-01 -7.362813e-02 9.508072e-01 2.876390e+00
9.927452e-01 -9.928052e-02 -6.782637e-02 5.922969e+00 9.769824e-02 9.948694e-01 -2.626837e-02 -1.915391e-01 7.008631e-02 1.945128e-02 9.973513e-01 2.866052e+00
9.934599e-01 5.983325e-02 9.724904e-02 6.096216e+00 -6.428756e-02 9.969902e-01 4.333151e-02 -1.927464e-01 -9.436367e-02 -4.930002e-02 9.943164e-01 2.660917e+00
9.400680e-01 -4.420496e-02 -3.381097e-01 6.224379e+00 4.561330e-02 9.989520e-01 -3.782889e-03 -1.933118e-01 3.379225e-01 -1.186613e-02 9.410991e-01 2.478268e+00
9.949989e-01 7.514074e-02 -6.581138e-02 6.267396e+00 -6.969956e-02 9.942414e-01 8.140011e-02 -1.927234e-01 7.154886e-02 -7.640599e-02 9.945064e-01 2.340974e+00
8.272050e-01 3.607222e-02 -5.607413e-01 6.278229e+00 -3.867104e-02 9.992258e-01 7.232245e-03 -1.905893e-01 5.605680e-01 1.570190e-02 8.279595e-01 2.286342e+00
9.997362e-01 2.144654e-02 -8.219892e-03 6.307334e+00 -2.040286e-02 9.936148e-01 1.109657e-01 -1.935198e-01 1.054724e-02 -1.107688e-01 9.937902e-01 2.454632e+00
8.659116e-01 6.095046e-02 -4.964697e-01 6.341888e+00 -7.529673e-02 9.971213e-01 -8.913556e-03 -1.951457e-01 4.944972e-01 4.510089e-02 8.680083e-01 2.443254e+00
9.990257e-01 -2.022339e-02 -3.922527e-02 6.332478e+00 2.480115e-02 9.924674e-01 1.199720e-01 -1.987689e-01 3.650357e-02 -1.208280e-01 9.920021e-01 2.597434e+00
8.864971e-01 1.427294e-01 -4.401718e-01 6.307816e+00 -1.396835e-01 9.894079e-01 3.950396e-02 -2.074836e-01 4.411478e-01 2.646460e-02 8.970442e-01 3.008359e+00
9.923178e-01 -6.734635e-02 -1.037780e-01 6.282380e+00 7.477166e-02 9.947828e-01 6.940061e-02 -2.136221e-01 9.856274e-02 -7.662712e-02 9.921762e-01 3.289858e+00
8.707049e-01 1.837203e-01 -4.562015e-01 6.231646e+00 -1.609544e-01 9.829713e-01 8.866259e-02 -2.172087e-01 4.647221e-01 -3.771325e-03 8.854485e-01 3.484317e+00
9.863848e-01 -7.269335e-02 -1.475151e-01 6.165658e+00 7.515427e-02 9.971094e-01 1.117046e-02 -2.208784e-01 1.462767e-01 -2.210476e-02 9.889967e-01 3.710289e+00
8.432023e-01 1.790617e-01 -5.068993e-01 6.100799e+00 -1.318154e-01 9.829796e-01 1.279682e-01 -2.192665e-01 5.211858e-01 -4.108596e-02 8.524537e-01 3.662095e+00
9.968583e-01 -7.643741e-02 2.075837e-02 6.061470e+00 7.800347e-02 9.929034e-01 -8.976768e-02 -2.095888e-01 -1.374945e-02 9.110488e-02 9.957464e-01 3.161996e+00
8.982587e-01 1.344671e-01 -4.183896e-01 5.962453e+00 -8.054921e-02 9.862867e-01 1.440500e-01 -1.986412e-01 4.320221e-01 -9.569326e-02 8.967718e-01 2.685056e+00
9.981776e-01 -1.719056e-02 -5.784480e-02 5.873000e+00 1.186463e-02 9.957631e-01 -9.118732e-02 -1.954331e-01 5.916728e-02 9.033483e-02 9.941523e-01 2.565877e+00
8.760350e-01 8.279270e-02 -4.750875e-01 5.812639e+00 -1.539433e-02 9.894516e-01 1.440438e-01 -1.857661e-01 4.820018e-01 -1.188737e-01 8.680687e-01 2.126246e+00
9.926300e-01 5.635838e-02 -1.072823e-01 5.655575e+00 -6.858352e-02 9.911215e-01 -1.139057e-01 -1.677193e-01 9.991022e-02 1.204240e-01 9.876821e-01 1.466053e+00
8.579079e-01 2.372234e-02 -5.132556e-01 5.532035e+00 4.121491e-02 9.925373e-01 1.147653e-01 -1.562983e-01 5.121478e-01 -1.196118e-01 8.505279e-01 1.058903e+00
9.938659e-01 8.808452e-02 6.687028e-02 5.510881e+00 -8.422691e-02 9.947296e-01 -5.847166e-02 -1.557986e-01 -7.166830e-02 5.248072e-02 9.960469e-01 9.565988e-01
8.928471e-01 -3.824444e-02 -4.487330e-01 5.492378e+00 6.175279e-02 9.973729e-01 3.786624e-02 -1.481958e-01 4.461060e-01 -6.151929e-02 8.928633e-01 4.720368e-01
9.976623e-01 6.833468e-02 4.871113e-04 5.583843e+00 -6.833511e-02 9.975738e-01 1.329711e-02 -1.408157e-01 4.227232e-04 -1.329931e-02 9.999115e-01 3.176858e-02
9.102794e-01 -2.230208e-02 -4.133933e-01 5.740914e+00 2.270404e-02 9.997345e-01 -3.940892e-03 -1.320176e-01 4.133715e-01 -5.798388e-03 9.105440e-01 -5.198969e-01
9.942113e-01 2.242014e-02 1.050768e-01 5.709556e+00 -2.278713e-02 9.997377e-01 2.293173e-03 -1.130638e-01 -1.049978e-01 -4.674297e-03 9.944615e-01 -1.453740e+00
9.086626e-01 -3.113790e-02 -4.163684e-01 5.665673e+00 2.499100e-02 9.994834e-01 -2.020670e-02 -9.058904e-02 4.167826e-01 7.955606e-03 9.089714e-01 -2.530878e+00
9.981966e-01 1.884557e-02 5.699534e-02 5.532671e+00 -1.903999e-02 9.998146e-01 2.870003e-03 -6.110170e-02 -5.693069e-02 -3.950017e-03 9.983703e-01 -3.766697e+00
8.383081e-01 -6.716495e-03 -5.451553e-01 5.174823e+00 -4.412842e-03 9.998078e-01 -1.910378e-02 -2.937596e-02 5.451789e-01 1.842053e-02 8.381174e-01 -4.698289e+00
9.768777e-01 9.627609e-02 -1.908951e-01 4.671098e+00 -7.781861e-02 9.917412e-01 1.019497e-01 -6.263487e-03 1.991338e-01 -8.473724e-02 9.763019e-01 -4.856122e+00
8.789159e-01 2.544671e-03 -4.769699e-01 4.380201e+00 -5.178451e-02 9.945839e-01 -9.011750e-02 9.909803e-03 4.741573e-01 1.039054e-01 8.742874e-01 -5.173326e+00
9.890674e-01 -4.907128e-02 1.390600e-01 4.332187e+00 3.516197e-02 9.942880e-01 1.007725e-01 2.950939e-02 -1.432107e-01 -9.478113e-02 9.851433e-01 -6.105964e+00
8.855522e-01 3.950220e-02 -4.628573e-01 4.250136e+00 -8.316273e-02 9.937625e-01 -7.429747e-02 4.898307e-02 4.570353e-01 1.042868e-01 8.833136e-01 -7.003597e+00
9.954749e-01 -7.067526e-02 6.351969e-02 4.112700e+00 6.566517e-02 9.948062e-01 7.777365e-02 7.288348e-02 -6.868645e-02 -7.325069e-02 9.949455e-01 -7.999707e+00
8.544491e-01 1.015500e-01 -5.095139e-01 3.931015e+00 -1.287187e-01 9.915133e-01 -1.824361e-02 9.083376e-02 5.033372e-01 8.117219e-02 8.602690e-01 -8.643270e+00
9.957684e-01 -8.706822e-02 -2.940073e-02 3.899510e+00 8.925450e-02 9.924781e-01 8.379104e-02 9.197228e-02 2.188404e-02 -8.606062e-02 9.960495e-01 -8.707505e+00
8.878482e-01 1.476656e-01 -4.357986e-01 4.240165e+00 -1.345324e-01 9.890274e-01 6.103950e-02 9.058387e-02 4.400302e-01 4.435228e-03 8.979720e-01 -8.745966e+00
9.943953e-01 -1.047008e-01 1.469049e-02 4.261064e+00 1.051229e-01 9.939530e-01 -3.172662e-02 1.034676e-01 -1.127985e-02 3.309310e-02 9.993886e-01 -9.326246e+00
9.385490e-01 9.339577e-02 -3.322695e-01 4.161192e+00 -8.340412e-02 9.955333e-01 4.424045e-02 1.253767e-01 3.349172e-01 -1.380918e-02 9.421464e-01 -1.028689e+01
9.970001e-01 -6.942172e-02 -3.422718e-02 4.031494e+00 6.806819e-02 9.969086e-01 -3.924143e-02 1.460423e-01 3.684558e-02 3.679393e-02 9.986434e-01 -1.115370e+01
9.442511e-01 6.823934e-02 -3.220765e-01 3.906911e+00 -5.561903e-02 9.972862e-01 4.823645e-02 1.680875e-01 3.244941e-01 -2.763374e-02 9.454840e-01 -1.210112e+01
9.966892e-01 -5.376768e-02 6.098967e-02 3.887612e+00 5.632716e-02 9.975680e-01 -4.105209e-02 1.767702e-01 -5.863407e-02 4.435154e-02 9.972938e-01 -1.259578e+01
9.477606e-01 5.151717e-02 -3.147949e-01 3.799970e+00 -3.822559e-02 9.981033e-01 4.825603e-02 1.912093e-01 3.166838e-01 -3.370194e-02 9.479323e-01 -1.327533e+01
9.986607e-01 -4.120322e-02 3.129169e-02 3.781081e+00 4.274250e-02 9.978227e-01 -5.022862e-02 2.074013e-01 -2.915398e-02 5.149884e-02 9.982474e-01 -1.410399e+01
9.340183e-01 5.369946e-02 -3.531659e-01 3.823957e+00 -2.969764e-02 9.968870e-01 7.303696e-02 2.174096e-01 3.559885e-01 -5.772967e-02 9.327055e-01 -1.467646e+01
9.953710e-01 2.384830e-02 -9.310144e-02 3.849761e+00 -2.510770e-02 9.996081e-01 -1.237912e-02 2.179713e-01 9.276973e-02 1.465937e-02 9.955797e-01 -1.482981e+01
9.694520e-01 8.455618e-03 -2.451353e-01 3.789619e+00 1.229900e-03 9.992255e-01 3.933092e-02 2.243916e-01 2.452780e-01 -3.843093e-02 9.686907e-01 -1.520456e+01
9.678948e-01 9.019744e-02 -2.346146e-01 3.826342e+00 -7.909610e-02 9.952745e-01 5.632432e-02 2.189496e-01 2.385863e-01 -3.595891e-02 9.704553e-01 -1.505961e+01
9.734673e-01 4.714017e-02 -2.239180e-01 3.974241e+00 -1.594544e-02 9.901460e-01 1.391281e-01 1.981782e-01 2.282701e-01 -1.318661e-01 9.646264e-01 -1.414185e+01
9.549922e-01 1.109548e-01 -2.750981e-01 4.086692e+00 -1.012671e-01 9.936410e-01 4.921868e-02 1.839723e-01 2.788098e-01 -1.914508e-02 9.601555e-01 -1.349906e+01
9.425525e-01 1.658781e-02 -3.336461e-01 4.103660e+00 9.912900e-03 9.969377e-01 7.756855e-02 1.755231e-01 3.339110e-01 -7.641983e-02 9.395017e-01 -1.307782e+01
9.713477e-01 9.549158e-02 -2.176352e-01 4.193786e+00 -9.330544e-02 9.954301e-01 2.032378e-02 1.751864e-01 2.185814e-01 5.650915e-04 9.758186e-01 -1.319851e+01
9.860975e-01 -9.826766e-02 -1.339966e-01 4.255489e+00 9.477752e-02 9.949777e-01 -3.219671e-02 1.918908e-01 1.364875e-01 1.904923e-02 9.904586e-01 -1.404663e+01
8.854478e-01 2.130136e-01 -4.130465e-01 4.331682e+00 -1.528695e-01 9.728104e-01 1.739849e-01 1.875590e-01 4.388771e-01 -9.091232e-02 8.939362e-01 -1.393393e+01
9.909249e-01 -3.406245e-02 -1.300290e-01 4.355127e+00 4.048484e-02 9.980708e-01 4.707178e-02 1.669751e-01 1.281748e-01 -5.190881e-02 9.903922e-01 -1.285607e+01
9.563086e-01 1.637701e-01 -2.421842e-01 4.359183e+00 -1.312813e-01 9.807143e-01 1.447918e-01 1.459656e-01 2.612260e-01 -1.066714e-01 9.593655e-01 -1.178362e+01
9.705196e-01 -1.346830e-01 1.998806e-01 4.373695e+00 1.352108e-01 9.907550e-01 1.107242e-02 1.271351e-01 -1.995240e-01 1.628001e-02 9.797577e-01 -1.097192e+01
9.905818e-01 7.885766e-02 -1.119336e-01 4.301188e+00 -8.202649e-02 9.963415e-01 -2.398556e-02 1.315457e-01 1.096326e-01 3.294117e-02 9.934262e-01 -1.129270e+01
9.901093e-01 -1.026988e-01 -9.558482e-02 4.059131e+00 1.025842e-01 9.947055e-01 -6.124528e-03 1.474637e-01 9.570773e-02 -3.741543e-03 9.954024e-01 -1.181553e+01
8.937123e-01 1.844115e-01 -4.089875e-01 3.853720e+00 -1.515301e-01 9.821194e-01 1.117144e-01 1.555015e-01 4.222760e-01 -3.786664e-02 9.056761e-01 -1.192061e+01
9.905564e-01 -7.996210e-02 -1.113736e-01 3.715362e+00 7.686669e-02 9.965334e-01 -3.182182e-02 1.561020e-01 1.135320e-01 2.296039e-02 9.932690e-01 -1.176693e+01
8.879092e-01 1.676142e-01 -4.283954e-01 3.543755e+00 -1.177736e-01 9.830473e-01 1.405255e-01 1.602723e-01 4.446870e-01 -7.432024e-02 8.925973e-01 -1.174102e+01
9.970070e-01 -7.728655e-02 -1.940979e-03 3.321107e+00 7.659963e-02 9.909206e-01 -1.104940e-01 1.715560e-01 1.046306e-02 1.100146e-01 9.938749e-01 -1.199783e+01
9.244012e-01 1.184559e-01 -3.625613e-01 3.103809e+00 -6.490539e-02 9.855414e-01 1.565103e-01 1.820740e-01 3.758588e-01 -1.211461e-01 9.187240e-01 -1.224164e+01
9.965034e-01 -5.441231e-02 6.340501e-02 2.937185e+00 6.375018e-02 9.856919e-01 -1.560366e-01 1.977409e-01 -5.400750e-02 1.595331e-01 9.857142e-01 -1.285244e+01
9.658056e-01 1.931048e-02 -2.585471e-01 2.838996e+00 1.546625e-02 9.911554e-01 1.318022e-01 2.218908e-01 2.588055e-01 -1.312941e-01 9.569648e-01 -1.391302e+01
9.999248e-01 6.664129e-03 -1.029135e-02 2.779638e+00 -8.006733e-03 9.906103e-01 -1.364814e-01 2.404762e-01 9.285183e-03 1.365535e-01 9.905892e-01 -1.478248e+01
9.282047e-01 4.286679e-02 -3.695922e-01 2.717871e+00 2.014581e-02 9.860935e-01 1.649659e-01 2.460008e-01 3.715240e-01 -1.605678e-01 9.144331e-01 -1.508595e+01
9.971083e-01 6.671317e-02 -3.639187e-02 2.701372e+00 -7.031762e-02 9.915590e-01 -1.089322e-01 2.527673e-01 2.881748e-02 1.111762e-01 9.933828e-01 -1.548697e+01
8.399827e-01 1.650003e-02 -5.423622e-01 2.670933e+00 5.907583e-02 9.908151e-01 1.216367e-01 2.616351e-01 5.393877e-01 -1.342132e-01 8.312928e-01 -1.591538e+01
9.909871e-01 1.255882e-01 -4.660690e-02 2.611569e+00 -1.288848e-01 9.887293e-01 -7.617823e-02 2.747350e-01 3.651452e-02 8.149856e-02 9.960044e-01 -1.650765e+01
8.996017e-01 -8.744441e-02 -4.278672e-01 2.570847e+00 1.101679e-01 9.935018e-01 2.858619e-02 2.904934e-01 4.225871e-01 -7.285344e-02 9.033895e-01 -1.726529e+01
9.897385e-01 1.414227e-01 2.042651e-02 2.508883e+00 -1.411647e-01 9.898931e-01 -1.356875e-02 3.056971e-01 -2.213900e-02 1.054602e-02 9.996993e-01 -1.800206e+01
8.755579e-01 -8.284773e-02 -4.759566e-01 2.458923e+00 8.630694e-02 9.961612e-01 -1.462943e-02 3.156504e-01 4.753415e-01 -2.826945e-02 8.793471e-01 -1.848306e+01
9.852663e-01 1.532636e-01 -7.589822e-02 2.358482e+00 -1.458624e-01 9.847330e-01 9.500066e-02 3.225693e-01 8.929962e-02 -8.253025e-02 9.925796e-01 -1.872853e+01
8.859589e-01 -9.250011e-02 -4.544453e-01 2.496244e+00 7.191628e-02 9.954558e-01 -6.241654e-02 3.267373e-01 4.581538e-01 2.261647e-02 8.885852e-01 -1.901415e+01
9.081467e-01 1.209108e-01 -4.008119e-01 2.704287e+00 -4.696133e-02 9.807650e-01 1.894586e-01 3.389468e-01 4.160099e-01 -1.532336e-01 8.963567e-01 -1.963938e+01
9.209683e-01 2.062886e-02 -3.890911e-01 2.806571e+00 -6.762028e-02 9.919065e-01 -1.074664e-01 3.470706e-01 3.837250e-01 1.252836e-01 9.149093e-01 -2.001480e+01
9.533876e-01 2.409328e-02 -3.007849e-01 2.781473e+00 3.702663e-02 9.799334e-01 1.958561e-01 3.485777e-01 2.994679e-01 -1.978638e-01 9.333643e-01 -2.011311e+01
9.592240e-01 1.131281e-01 -2.590198e-01 2.812763e+00 -1.445628e-01 9.838381e-01 -1.056610e-01 3.585221e-01 2.428803e-01 1.387972e-01 9.600752e-01 -2.066730e+01
9.885280e-01 -1.489242e-01 2.517859e-02 2.845829e+00 1.450908e-01 9.826359e-01 1.156519e-01 3.722108e-01 -4.196475e-02 -1.106719e-01 9.929706e-01 -2.142452e+01
9.668474e-01 1.821872e-01 -1.789245e-01 3.004978e+00 -1.863845e-01 9.824534e-01 -6.790121e-03 3.611815e-01 1.745479e-01 3.991376e-02 9.838394e-01 -2.115876e+01
9.861371e-01 -1.658740e-01 4.416764e-03 3.012734e+00 1.631234e-01 9.739746e-01 1.573668e-01 3.449633e-01 -3.040489e-02 -1.544648e-01 9.875303e-01 -2.038542e+01
8.265076e-01 3.084494e-01 -4.708972e-01 2.959195e+00 -3.121569e-01 9.472537e-01 7.258428e-02 3.365235e-01 4.684477e-01 8.700236e-02 8.791970e-01 -1.989180e+01
9.128164e-01 -3.050317e-01 2.715178e-01 3.542283e+00 2.701699e-01 9.496610e-01 1.585945e-01 3.216365e-01 -3.062262e-01 -7.141172e-02 9.492765e-01 -1.944681e+01
7.437622e-01 4.378558e-01 -5.050743e-01 3.932953e+00 -3.656810e-01 8.990282e-01 2.408852e-01 3.000936e-01 5.595490e-01 5.534769e-03 8.287788e-01 -1.869194e+01
9.400463e-01 -3.334672e-01 7.150156e-02 3.943240e+00 3.400593e-01 9.324355e-01 -1.221628e-01 2.944737e-01 -2.593329e-02 1.391535e-01 9.899312e-01 -1.854965e+01
8.972077e-01 3.483079e-01 -2.714774e-01 3.879772e+00 -2.858749e-01 9.266522e-01 2.441131e-01 3.038698e-01 3.365917e-01 -1.414116e-01 9.309720e-01 -1.900780e+01
9.286994e-01 -2.875400e-01 2.341755e-01 3.849971e+00 3.291718e-01 9.300077e-01 -1.634981e-01 3.041704e-01 -1.707727e-01 2.289245e-01 9.583477e-01 -1.915147e+01
8.651452e-01 3.622562e-01 -3.468345e-01 3.858035e+00 -2.398829e-01 9.062253e-01 3.481550e-01 2.989721e-01 4.404315e-01 -2.180050e-01 8.709156e-01 -1.905698e+01
9.761534e-01 -1.986644e-01 8.750466e-02 3.729608e+00 2.141068e-01 9.475994e-01 -2.370941e-01 2.943502e-01 -3.581721e-02 2.501755e-01 9.675378e-01 -1.870076e+01
8.660499e-01 2.699473e-01 -4.208159e-01 3.566513e+00 -1.056736e-01 9.215244e-01 3.736655e-01 2.959443e-01 4.886621e-01 -2.791438e-01 8.266124e-01 -1.855160e+01
9.373413e-01 -1.216052e-01 3.265019e-01 3.479682e+00 2.322423e-01 9.166353e-01 -3.253355e-01 3.111214e-01 -2.597207e-01 3.807780e-01 8.874420e-01 -1.922367e+01
9.959485e-01 5.194856e-02 7.340269e-02 3.909726e+00 -6.775132e-02 9.702005e-01 2.326387e-01 3.394172e-01 -5.913009e-02 -2.366693e-01 9.697893e-01 -2.054649e+01
9.864662e-01 -1.451815e-01 7.620181e-02 4.352845e+00 1.618243e-01 9.369056e-01 -3.098723e-01 3.558491e-01 -2.640618e-02 3.180099e-01 9.477196e-01 -2.163276e+01
9.528841e-01 1.488812e-01 -2.642846e-01 4.286775e+00 -5.612549e-02 9.427557e-01 3.287271e-01 3.758233e-01 2.980971e-01 -2.984057e-01 9.066929e-01 -2.261111e+01
9.986930e-01 -5.074301e-02 6.121979e-03 4.628389e+00 5.013137e-02 9.491615e-01 -3.107721e-01 3.896652e-01 9.958767e-03 3.106728e-01 9.504647e-01 -2.336823e+01
9.868651e-01 3.024938e-02 -1.586889e-01 5.375878e+00 1.793103e-02 9.557317e-01 2.936928e-01 4.048188e-01 1.605481e-01 -2.926806e-01 9.426359e-01 -2.428245e+01
9.559218e-01 4.973216e-02 -2.893789e-01 5.367655e+00 -1.320063e-01 9.531254e-01 -2.722615e-01 4.180482e-01 2.622742e-01 2.984606e-01 9.176783e-01 -2.482478e+01
9.281252e-01 -3.693161e-02 -3.704318e-01 5.208119e+00 1.464666e-01 9.510403e-01 2.721578e-01 4.280468e-01 3.422443e-01 -3.068523e-01 8.880937e-01 -2.510240e+01
9.663256e-01 1.187545e-01 2.282809e-01 5.140287e+00 -4.356208e-02 9.498316e-01 -3.097132e-01 4.450885e-01 -2.536083e-01 2.893394e-01 9.230198e-01 -2.594025e+01
9.453697e-01 -7.006438e-02 -3.183820e-01 5.105628e+00 1.644382e-01 9.457718e-01 2.801353e-01 4.504180e-01 2.814892e-01 -3.171856e-01 9.056253e-01 -2.631340e+01
9.805379e-01 1.962181e-01 6.626173e-03 5.132818e+00 -1.894285e-01 9.544004e-01 -2.307308e-01 4.471320e-01 -5.159759e-02 2.249851e-01 9.729951e-01 -2.634059e+01
9.697087e-01 -2.282282e-01 -8.704604e-02 5.214898e+00 2.423390e-01 9.435604e-01 2.257554e-01 4.496358e-01 3.060944e-02 -2.400116e-01 9.702873e-01 -2.666745e+01
9.688511e-01 1.779224e-01 1.722532e-01 5.285901e+00 -1.240836e-01 9.507305e-01 -2.841035e-01 4.542811e-01 -2.143148e-01 2.538802e-01 9.431935e-01 -2.711529e+01
8.486375e-01 -1.325850e-01 -5.120894e-01 5.283837e+00 2.680125e-01 9.423941e-01 2.001566e-01 4.745567e-01 4.560523e-01 -3.071068e-01 8.352854e-01 -2.802253e+01
9.277910e-01 2.988879e-01 -2.233157e-01 5.396772e+00 -3.195766e-01 9.455146e-01 -6.223249e-02 4.908554e-01 1.925477e-01 1.291052e-01 9.727575e-01 -2.874737e+01
9.172927e-01 -2.665050e-01 -2.958872e-01 5.422919e+00 2.865407e-01 9.577234e-01 2.569763e-02 5.001595e-01 2.765295e-01 -1.083560e-01 9.548772e-01 -2.927020e+01
9.471983e-01 3.089878e-01 -8.568537e-02 5.501614e+00 -3.036134e-01 9.502025e-01 7.024385e-02 5.043459e-01 1.031229e-01 -4.051962e-02 9.938430e-01 -2.962040e+01
9.313039e-01 -2.608105e-01 -2.542655e-01 5.588781e+00 2.471465e-01 9.652541e-01 -8.487163e-02 5.042672e-01 2.675662e-01 1.620046e-02 9.634033e-01 -2.978371e+01
9.530475e-01 1.844335e-01 -2.401767e-01 5.578457e+00 -1.440956e-01 9.737881e-01 1.759919e-01 5.269798e-01 2.663400e-01 -1.331203e-01 9.546423e-01 -3.059519e+01
8.671300e-01 -1.640269e-01 -4.702985e-01 5.572894e+00 6.105049e-02 9.721012e-01 -2.264775e-01 5.497364e-01 4.943261e-01 1.676735e-01 8.529521e-01 -3.126320e+01
9.951629e-01 9.298327e-02 3.170069e-02 5.670053e+00 -9.823377e-02 9.450773e-01 3.117356e-01 5.491558e-01 -9.734141e-04 -3.133417e-01 9.496399e-01 -3.135056e+01
8.839677e-01 -3.064049e-03 -4.675379e-01 5.870833e+00 -1.166249e-01 9.669246e-01 -2.268381e-01 5.459982e-01 4.527689e-01 2.550441e-01 8.543728e-01 -3.133220e+01
9.965601e-01 -3.487072e-02 -7.518032e-02 6.008305e+00 5.978861e-02 9.307070e-01 3.608460e-01 5.388378e-01 5.738789e-02 -3.640997e-01 9.295903e-01 -3.109911e+01
9.259456e-01 1.419792e-01 -3.499525e-01 6.059005e+00 -2.304152e-01 9.465738e-01 -2.256254e-01 5.318210e-01 2.992218e-01 2.895512e-01 9.091900e-01 -3.093228e+01
9.566651e-01 -2.259608e-01 -1.836670e-01 6.297030e+00 2.698535e-01 9.249620e-01 2.676272e-01 5.324230e-01 1.094118e-01 -3.055928e-01 9.458552e-01 -3.111654e+01
9.063687e-01 3.127814e-01 -2.840132e-01 6.436804e+00 -3.560619e-01 9.273585e-01 -1.150051e-01 5.291453e-01 2.274106e-01 2.053633e-01 9.518983e-01 -3.114558e+01
9.482539e-01 -3.171455e-01 1.527089e-02 6.510874e+00 3.051305e-01 9.235194e-01 2.323947e-01 5.162914e-01 -8.780589e-02 -2.157095e-01 9.725017e-01 -3.072420e+01
9.203892e-01 3.796600e-01 -9.349863e-02 6.762504e+00 -3.846315e-01 9.221178e-01 -4.192033e-02 4.953991e-01 7.030128e-02 7.454554e-02 9.947365e-01 -2.999751e+01
9.457114e-01 -3.211431e-01 -4.996994e-02 6.985019e+00 3.233874e-01 9.144754e-01 2.432187e-01 4.670799e-01 -3.241174e-02 -2.461744e-01 9.686835e-01 -2.887435e+01
9.126871e-01 3.918570e-01 -1.159754e-01 7.115136e+00 -3.982518e-01 9.165135e-01 -3.739660e-02 4.453419e-01 9.163892e-02 8.031882e-02 9.925478e-01 -2.798009e+01
9.309337e-01 -3.577063e-01 -7.354329e-02 7.119607e+00 3.650956e-01 9.161638e-01 1.653753e-01 4.282408e-01 8.221901e-03 -1.808038e-01 9.834848e-01 -2.722024e+01
9.121147e-01 4.058605e-01 5.765428e-02 7.121755e+00 -4.016756e-01 9.129439e-01 -7.204265e-02 4.079017e-01 -8.187439e-02 4.255284e-02 9.957338e-01 -2.628786e+01
9.123210e-01 -4.000174e-01 -8.750190e-02 7.055241e+00 4.086606e-01 9.029508e-01 1.329526e-01 3.967041e-01 2.582656e-02 -1.570540e-01 9.872523e-01 -2.572163e+01
8.217149e-01 4.886554e-01 -2.932585e-01 6.980279e+00 -4.818678e-01 8.704861e-01 1.002865e-01 3.939625e-01 3.042830e-01 5.890495e-02 9.507587e-01 -2.548302e+01
8.700990e-01 -3.955313e-01 -2.940793e-01 6.791924e+00 3.724010e-01 9.184289e-01 -1.334389e-01 3.958397e-01 3.228702e-01 6.589630e-03 9.464203e-01 -2.522649e+01
9.090951e-01 4.101564e-01 7.292319e-02 6.697029e+00 -4.159152e-01 8.836623e-01 2.148384e-01 3.903234e-01 2.367786e-02 -2.256384e-01 9.739233e-01 -2.488113e+01
8.983808e-01 -3.314533e-01 -2.881850e-01 6.565422e+00 2.725672e-01 9.352291e-01 -2.259506e-01 3.820591e-01 3.444110e-01 1.244399e-01 9.305352e-01 -2.429001e+01
9.385691e-01 3.145377e-01 1.419653e-01 6.540167e+00 -3.443263e-01 8.809522e-01 3.245960e-01 3.665484e-01 -2.296699e-02 -3.535381e-01 9.351381e-01 -2.353755e+01
9.376805e-01 -2.718823e-01 -2.164147e-01 6.583319e+00 2.089322e-01 9.387377e-01 -2.740782e-01 3.490361e-01 2.776736e-01 2.117818e-01 9.370410e-01 -2.283465e+01
9.238693e-01 3.262698e-01 -2.000338e-01 6.511483e+00 -1.986482e-01 8.555787e-01 4.780419e-01 3.393346e-01 3.271153e-01 -4.019118e-01 8.552558e-01 -2.225642e+01
9.630639e-01 -8.519273e-02 -2.554410e-01 6.425194e+00 -1.939726e-02 9.242190e-01 -3.813700e-01 3.323529e-01 2.685734e-01 3.722385e-01 8.884294e-01 -2.177796e+01
8.899364e-01 9.637076e-02 -4.457867e-01 6.339333e+00 1.364104e-01 8.764376e-01 4.617892e-01 3.333502e-01 4.352072e-01 -4.717730e-01 7.668278e-01 -2.167011e+01
7.700507e-01 2.925029e-01 -5.669779e-01 6.052491e+00 -4.460096e-01 8.822678e-01 -1.505952e-01 3.498665e-01 4.561769e-01 3.688435e-01 8.098501e-01 -2.170912e+01
9.034984e-01 -3.546503e-01 -2.406529e-01 5.833920e+00 3.982029e-01 9.022789e-01 1.653094e-01 3.541378e-01 1.585090e-01 -2.451855e-01 9.564303e-01 -2.146935e+01
8.999954e-01 4.122502e-01 1.416267e-01 5.844844e+00 -3.956971e-01 9.089522e-01 -1.312618e-01 3.401421e-01 -1.828446e-01 6.209371e-02 9.811790e-01 -2.092753e+01
8.462426e-01 -3.548035e-01 -3.974769e-01 5.705093e+00 4.091288e-01 9.106190e-01 5.819549e-02 3.364958e-01 3.413021e-01 -2.118667e-01 9.157649e-01 -2.056398e+01
8.060286e-01 4.930906e-01 -3.273829e-01 5.269420e+00 -4.574448e-01 8.699768e-01 1.840775e-01 3.589884e-01 3.755824e-01 1.387893e-03 9.267880e-01 -2.060416e+01
8.952994e-01 -4.373711e-01 8.453085e-02 4.971374e+00 4.442637e-01 8.905881e-01 -9.737925e-02 3.648534e-01 -3.269130e-02 1.247376e-01 9.916511e-01 -2.031856e+01
6.178630e-01 5.422459e-01 -5.693986e-01 4.830612e+00 -3.006391e-01 8.320572e-01 4.661511e-01 3.760350e-01 7.265407e-01 -1.168341e-01 6.771177e-01 -2.052017e+01
8.408906e-01 -3.053711e-01 4.468238e-01 4.804614e+00 4.488310e-01 8.548151e-01 -2.604650e-01 3.814390e-01 -3.024132e-01 4.195709e-01 8.558659e-01 -2.082374e+01
7.141876e-01 4.801321e-01 -5.093223e-01 4.764809e+00 -1.884728e-01 8.326873e-01 5.206820e-01 3.866446e-01 6.741024e-01 -2.758713e-01 6.851869e-01 -2.111924e+01
8.442943e-01 -2.064969e-01 4.944959e-01 4.703056e+00 4.102518e-01 8.427435e-01 -3.485355e-01 3.938044e-01 -3.447617e-01 4.971343e-01 7.962392e-01 -2.145497e+01
7.137538e-01 4.311206e-01 -5.519878e-01 4.622139e+00 -6.851561e-02 8.273056e-01 5.575581e-01 4.025894e-01 6.970374e-01 -3.601394e-01 6.200310e-01 -2.181897e+01
6.396495e-01 -1.042826e-01 7.615600e-01 4.547042e+00 5.098799e-01 7.989714e-01 -3.188529e-01 4.081544e-01 -5.752139e-01 5.922583e-01 5.642332e-01 -2.217432e+01
6.750869e-01 4.885756e-01 -5.527671e-01 4.530992e+00 -9.806738e-02 8.020541e-01 5.891452e-01 4.136130e-01 7.311911e-01 -3.435158e-01 5.893696e-01 -2.259963e+01
9.756928e-01 -8.266309e-02 2.029540e-01 4.624138e+00 1.746588e-01 8.526834e-01 -4.923671e-01 4.302034e-01 -1.323549e-01 5.158468e-01 8.463949e-01 -2.341192e+01
2.556153e-01 3.007954e-01 -9.187943e-01 4.841222e+00 4.338755e-01 8.135938e-01 3.870622e-01 4.529360e-01 8.639519e-01 -4.975814e-01 7.745929e-02 -2.438969e+01
8.544170e-01 4.030061e-01 3.279600e-01 5.107799e+00 -2.305297e-01 8.596950e-01 -4.558296e-01 4.686259e-01 -4.656476e-01 3.138640e-01 8.274428e-01 -2.518269e+01
2.598831e-01 -1.513476e-01 -9.537058e-01 5.335661e+00 5.062379e-01 8.623932e-01 1.092104e-03 4.837403e-01 8.223041e-01 -4.830858e-01 3.007393e-01 -2.594042e+01
7.513191e-01 4.760528e-01 4.570485e-01 5.557140e+00 -4.465365e-01 8.766625e-01 -1.790755e-01 4.959052e-01 -4.859267e-01 -6.954597e-02 8.712282e-01 -2.661026e+01
5.997373e-01 -4.275376e-01 -6.764073e-01 5.712535e+00 4.573251e-01 8.767795e-01 -1.486992e-01 4.987544e-01 6.566346e-01 -2.201576e-01 7.213610e-01 -2.691649e+01
8.463284e-01 4.549027e-01 2.771133e-01 5.599971e+00 -5.012682e-01 8.561437e-01 1.254917e-01 5.102105e-01 -1.801623e-01 -2.451152e-01 9.526070e-01 -2.717524e+01
3.269182e-01 -3.855772e-01 -8.628179e-01 5.182976e+00 -2.492463e-02 9.091486e-01 -4.157253e-01 5.414723e-01 9.447239e-01 1.574136e-01 2.876069e-01 -2.750979e+01
9.413698e-01 -4.011738e-03 3.373527e-01 4.991325e+00 -1.740697e-01 8.507822e-01 4.958522e-01 5.637529e-01 -2.890029e-01 -5.255032e-01 8.002023e-01 -2.783832e+01
6.947445e-01 -8.735491e-02 -7.139323e-01 5.135582e+00 -2.972546e-01 8.689913e-01 -3.955930e-01 5.743513e-01 6.549579e-01 4.870557e-01 5.777602e-01 -2.838926e+01
9.103209e-01 -2.912215e-01 2.941187e-01 5.242029e+00 1.034004e-01 8.480753e-01 5.196889e-01 5.854879e-01 -4.007794e-01 -4.426717e-01 8.021332e-01 -2.904794e+01
7.157020e-01 1.403610e-01 -6.841560e-01 5.406804e+00 -4.352891e-01 8.557062e-01 -2.798040e-01 5.889217e-01 5.461629e-01 4.980620e-01 6.735283e-01 -2.942622e+01
8.794559e-01 -4.523020e-01 1.482572e-01 5.454901e+00 3.449016e-01 8.202202e-01 4.563790e-01 5.967542e-01 -3.280246e-01 -3.502311e-01 8.773472e-01 -2.971867e+01
5.992519e-01 3.947052e-01 -6.964948e-01 5.554667e+00 -5.847433e-01 8.100209e-01 -4.406218e-02 6.076511e-01 5.467837e-01 4.336750e-01 7.162078e-01 -3.016082e+01
7.344675e-01 -5.796058e-01 3.530078e-01 5.634508e+00 4.660712e-01 8.088948e-01 3.584227e-01 6.090738e-01 -4.932901e-01 -9.872308e-02 8.642445e-01 -3.041547e+01
6.090840e-01 4.782563e-01 -6.326829e-01 5.617864e+00 -5.944480e-01 8.033717e-01 3.500768e-02 6.185155e-01 5.250222e-01 3.547745e-01 7.736193e-01 -3.096509e+01
6.660768e-01 -6.026041e-01 4.395565e-01 5.540476e+00 5.539103e-01 7.942929e-01 2.495638e-01 6.399777e-01 -4.995248e-01 7.724620e-02 8.628488e-01 -3.195575e+01
6.106772e-01 5.025834e-01 -6.119505e-01 5.477278e+00 -5.483602e-01 8.259049e-01 1.310809e-01 6.679067e-01 5.712920e-01 2.555212e-01 7.799580e-01 -3.322611e+01
6.841154e-01 -5.568469e-01 4.710709e-01 5.443492e+00 5.641215e-01 8.133537e-01 1.422064e-01 6.921165e-01 -4.623344e-01 1.684556e-01 8.705571e-01 -3.437613e+01
5.959788e-01 5.337351e-01 -5.999468e-01 5.403774e+00 -4.957846e-01 8.323001e-01 2.479398e-01 7.191771e-01 6.316699e-01 1.496775e-01 7.606509e-01 -3.564081e+01
8.861360e-01 -4.582240e-01 6.923630e-02 5.473975e+00 4.632262e-01 8.714360e-01 -1.613100e-01 7.426234e-01 1.358110e-02 1.750146e-01 9.844722e-01 -3.677862e+01
5.918907e-01 5.463098e-01 -5.926306e-01 5.583246e+00 -2.168601e-01 8.160821e-01 5.357067e-01 7.606673e-01 7.762970e-01 -1.885619e-01 6.015042e-01 -3.767805e+01
9.731360e-01 -1.792121e-01 1.445313e-01 5.636887e+00 2.256988e-01 8.665253e-01 -4.451898e-01 7.764255e-01 -4.545662e-02 4.658508e-01 8.836949e-01 -3.841216e+01
7.730828e-01 2.915009e-01 -5.633562e-01 5.673875e+00 7.484177e-02 8.400238e-01 5.373627e-01 7.948748e-01 6.298743e-01 -4.575884e-01 6.275915e-01 -3.927706e+01
9.941696e-01 9.403661e-02 5.276216e-02 5.781628e+00 -5.746852e-02 8.761252e-01 -4.786459e-01 8.059695e-01 -9.123650e-02 4.728231e-01 8.764213e-01 -3.990979e+01
9.293100e-01 -1.515641e-02 -3.689895e-01 5.784559e+00 2.009833e-01 8.589879e-01 4.708986e-01 8.063144e-01 3.098204e-01 -5.117715e-01 8.013122e-01 -4.004731e+01
9.618306e-01 2.546627e-01 -1.001438e-01 5.768279e+00 -2.729295e-01 8.663104e-01 -4.183488e-01 8.073136e-01 -1.978218e-02 4.297128e-01 9.027489e-01 -4.021700e+01
7.509560e-01 -1.552557e-01 -6.418416e-01 5.812786e+00 4.239718e-01 8.585380e-01 2.883754e-01 8.046163e-01 5.062735e-01 -4.886800e-01 7.105484e-01 -4.010960e+01
8.809912e-01 4.727119e-01 -1.994915e-02 5.855538e+00 -4.661485e-01 8.599965e-01 -2.076333e-01 8.087524e-01 -8.099452e-02 1.922223e-01 9.780033e-01 -4.033821e+01
6.775599e-01 -3.770809e-01 -6.314448e-01 5.921070e+00 4.572466e-01 8.884438e-01 -3.991367e-02 8.096748e-01 5.760539e-01 -2.616821e-01 7.743929e-01 -4.041061e+01
8.550481e-01 4.913393e-01 1.657662e-01 5.915437e+00 -5.119767e-01 8.506472e-01 1.194955e-01 8.029942e-01 -8.229567e-02 -1.870429e-01 9.788986e-01 -4.002866e+01
7.341332e-01 -4.433342e-01 -5.142988e-01 5.909222e+00 2.894046e-01 8.894845e-01 -3.536414e-01 8.097650e-01 6.142422e-01 1.107794e-01 7.813030e-01 -4.042667e+01
9.134155e-01 3.043441e-01 2.702717e-01 6.012293e+00 -3.854962e-01 8.599597e-01 3.344577e-01 8.090125e-01 -1.306325e-01 -4.096876e-01 9.028240e-01 -4.055776e+01
8.080052e-01 -2.642076e-01 -5.266136e-01 6.104207e+00 6.013145e-02 9.261279e-01 -3.723860e-01 7.965174e-01 5.860988e-01 2.692238e-01 7.642033e-01 -4.004738e+01
9.791600e-01 8.493857e-02 1.844753e-01 6.316797e+00 -1.627834e-01 8.713832e-01 4.628097e-01 7.908082e-01 -1.214383e-01 -4.831943e-01 8.670502e-01 -3.991715e+01
8.369493e-01 -9.550633e-02 -5.388825e-01 6.408769e+00 -1.600045e-01 8.989316e-01 -4.078242e-01 7.901815e-01 5.233683e-01 4.275518e-01 7.370788e-01 -4.004082e+01
9.885918e-01 -1.495455e-01 -1.795838e-02 6.570061e+00 1.398926e-01 8.674427e-01 4.774654e-01 8.015435e-01 -5.582491e-02 -4.745306e-01 8.784670e-01 -4.063221e+01
7.859928e-01 2.193878e-01 -5.780003e-01 6.728329e+00 -4.299069e-01 8.658283e-01 -2.559715e-01 8.148837e-01 4.442920e-01 4.496781e-01 7.748511e-01 -4.141328e+01
9.158205e-01 -4.012331e-01 1.687779e-02 6.792635e+00 3.704474e-01 8.602852e-01 3.502543e-01 8.313005e-01 -1.550533e-01 -3.145177e-01 9.365026e-01 -4.225272e+01
3.588272e-01 4.792928e-01 -8.009503e-01 7.005386e+00 -4.932695e-01 8.258575e-01 2.732117e-01 8.498417e-01 7.924192e-01 2.970486e-01 5.327607e-01 -4.308628e+01
8.752258e-01 -4.709658e-01 -1.103222e-01 7.283306e+00 4.405624e-01 8.703018e-01 -2.201809e-01 8.688420e-01 1.997113e-01 1.441042e-01 9.692004e-01 -4.390041e+01
7.182627e-01 5.232483e-01 -4.585956e-01 7.435948e+00 -2.484751e-01 8.085576e-01 5.333806e-01 8.754092e-01 6.498914e-01 -2.691578e-01 7.107709e-01 -4.419327e+01
9.722954e-01 -2.250154e-01 -6.332293e-02 7.613966e+00 1.721758e-01 8.726032e-01 -4.570767e-01 8.838554e-01 1.581051e-01 4.335109e-01 8.871703e-01 -4.462260e+01
7.225625e-01 2.433338e-01 -6.470642e-01 7.822001e+00 1.902183e-01 8.298899e-01 5.244995e-01 8.979788e-01 6.646205e-01 -5.020672e-01 5.533608e-01 -4.535463e+01
9.709150e-01 2.020505e-01 1.284510e-01 7.960786e+00 -1.143969e-01 8.627858e-01 -4.924571e-01 9.094685e-01 -2.103269e-01 4.634396e-01 8.608056e-01 -4.600133e+01
7.177980e-01 -6.008130e-02 -6.936543e-01 8.122053e+00 4.046898e-01 8.466987e-01 3.454382e-01 9.203516e-01 5.665618e-01 -5.286697e-01 6.320729e-01 -4.659863e+01
8.599077e-01 4.307856e-01 -2.738295e-01 8.472407e+00 -4.782988e-01 8.673719e-01 -1.374634e-01 9.393212e-01 1.782948e-01 2.491781e-01 9.519040e-01 -4.750923e+01
6.067770e-01 -4.089037e-01 -6.816300e-01 8.743593e+00 4.381319e-01 8.875569e-01 -1.424188e-01 9.556544e-01 6.632210e-01 -2.122274e-01 7.177028e-01 -4.834094e+01
8.898991e-01 4.470909e-01 9.049517e-02 8.902793e+00 -4.556408e-01 8.617847e-01 2.229767e-01 9.688808e-01 2.170348e-02 -2.396600e-01 9.706143e-01 -4.900023e+01
5.395351e-01 -3.619017e-01 -7.602164e-01 9.066909e+00 4.581026e-02 9.141899e-01 -4.026887e-01 9.896087e-01 8.407159e-01 1.824390e-01 5.098164e-01 -4.995057e+01
9.430429e-01 6.031853e-02 3.271570e-01 9.156534e+00 -2.033052e-01 8.829069e-01 4.232521e-01 1.011993e+00 -2.633192e-01 -4.656576e-01 8.448822e-01 -5.100007e+01
9.232731e-01 -2.826561e-01 -2.601391e-01 9.262735e+00 1.077402e-01 8.405472e-01 -5.309166e-01 1.040490e+00 3.687260e-01 4.621535e-01 8.065081e-01 -5.248472e+01
9.265628e-01 6.828675e-02 3.698895e-01 1.145746e+01 -2.127693e-01 9.060843e-01 3.657054e-01 1.079651e+00 -3.101783e-01 -4.175502e-01 8.540734e-01 -5.441849e+01
9.313330e-01 -2.401950e-01 -2.737247e-01 1.397551e+01 5.488955e-02 8.356432e-01 -5.465232e-01 1.108016e+00 3.600083e-01 4.939704e-01 7.914463e-01 -5.625458e+01
9.910107e-01 7.108557e-02 1.133339e-01 1.433751e+01 -1.195659e-01 8.506486e-01 5.119579e-01 1.120242e+00 -6.001454e-02 -5.209067e-01 8.515013e-01 -5.711292e+01
9.819539e-01 -1.588769e-01 -1.025897e-01 1.431867e+01 8.057456e-02 8.422187e-01 -5.330810e-01 1.132044e+00 1.710973e-01 5.151949e-01 8.398214e-01 -5.778014e+01
9.934681e-01 5.712125e-02 9.878429e-02 1.431943e+01 -1.003374e-01 8.495839e-01 5.178220e-01 1.143044e+00 -5.434690e-02 -5.243514e-01 8.497659e-01 -5.843885e+01
9.356652e-01 -8.798771e-02 -3.417439e-01 1.440053e+01 -1.038577e-01 8.568668e-01 -5.049682e-01 1.157548e+00 3.372600e-01 5.079739e-01 7.926022e-01 -5.924769e+01
9.949771e-01 -7.677889e-02 -6.423070e-02 1.452939e+01 9.920462e-02 8.420638e-01 5.301764e-01 1.169113e+00 1.337999e-02 -5.338854e-01 8.454510e-01 -5.998707e+01
9.368588e-01 1.161584e-01 -3.298526e-01 1.513829e+01 -2.754129e-01 8.263351e-01 -4.912413e-01 1.188612e+00 2.155070e-01 5.510694e-01 8.061509e-01 -6.103469e+01
8.885784e-01 -2.910822e-01 -3.545413e-01 1.602988e+01 4.152917e-01 8.387293e-01 3.522299e-01 1.207988e+00 1.948363e-01 -4.602220e-01 8.661608e-01 -6.215951e+01
8.157408e-01 4.585760e-01 -3.525267e-01 1.655252e+01 -5.286928e-01 8.383553e-01 -1.328316e-01 1.215625e+00 2.346292e-01 2.947345e-01 9.263265e-01 -6.269418e+01
8.633316e-01 -5.024786e-01 -4.662341e-02 1.682168e+01 5.021887e-01 8.463786e-01 1.773409e-01 1.219623e+00 -4.964893e-02 -1.765177e-01 9.830445e-01 -6.311856e+01
8.198634e-01 5.025560e-01 -2.743381e-01 1.694978e+01 -5.255153e-01 8.506977e-01 -1.212937e-02 1.229830e+00 2.272831e-01 1.541133e-01 9.615568e-01 -6.370175e+01
8.551410e-01 -5.004098e-01 -1.353659e-01 1.705390e+01 5.020885e-01 8.644849e-01 -2.393732e-02 1.239417e+00 1.290002e-01 -4.749588e-02 9.905065e-01 -6.432385e+01
8.546009e-01 5.112066e-01 -9.124257e-02 1.707914e+01 -5.012474e-01 8.579900e-01 1.122686e-01 1.250790e+00 1.356776e-01 -5.020971e-02 9.894799e-01 -6.495691e+01
7.654514e-01 -4.597216e-01 -4.502668e-01 1.724344e+01 3.609700e-01 8.860206e-01 -2.909780e-01 1.263755e+00 5.327145e-01 6.019671e-02 8.441514e-01 -6.566337e+01
9.220840e-01 3.847952e-01 4.115605e-02 1.742532e+01 -3.726425e-01 8.541734e-01 3.626643e-01 1.274551e+00 1.043971e-01 -3.497435e-01 9.310106e-01 -6.633946e+01
8.662381e-01 -3.250927e-01 -3.794025e-01 1.751101e+01 1.320280e-01 8.813123e-01 -4.537149e-01 1.289044e+00 4.818715e-01 3.429334e-01 8.063477e-01 -6.714964e+01
9.709419e-01 1.412219e-01 1.932053e-01 1.751544e+01 -2.143804e-01 8.720721e-01 4.399219e-01 1.305375e+00 -1.063623e-01 -4.685580e-01 8.770065e-01 -6.803774e+01
9.082058e-01 -2.249058e-01 -3.529583e-01 1.752826e+01 2.635964e-02 8.724053e-01 -4.880719e-01 1.323353e+00 4.176929e-01 4.339659e-01 7.982520e-01 -6.901449e+01
9.739760e-01 2.175053e-02 2.256052e-01 1.761197e+01 -1.239016e-01 8.845839e-01 4.496217e-01 1.344688e+00 -1.897872e-01 -4.658736e-01 8.642584e-01 -7.010969e+01
9.178637e-01 -1.375234e-01 -3.723084e-01 1.765295e+01 -5.765558e-02 8.819004e-01 -4.678969e-01 1.361393e+00 3.926857e-01 4.509312e-01 8.015354e-01 -7.097531e+01
9.753241e-01 -6.705365e-02 2.103488e-01 1.763493e+01 -3.769078e-02 8.882058e-01 4.578973e-01 1.382251e+00 -2.175367e-01 -4.545265e-01 8.637612e-01 -7.198110e+01
9.045171e-01 -5.764946e-02 -4.225225e-01 1.762073e+01 -1.500385e-01 8.844430e-01 -4.418700e-01 1.403761e+00 3.991706e-01 4.630736e-01 7.913442e-01 -7.301679e+01
9.413090e-01 -1.785749e-01 2.864409e-01 1.759850e+01 3.541312e-02 8.961605e-01 4.423147e-01 1.425198e+00 -3.356833e-01 -4.062111e-01 8.498878e-01 -7.404999e+01
8.545959e-01 -9.054502e-03 -5.192147e-01 1.753648e+01 -2.272823e-01 8.924743e-01 -3.896567e-01 1.451477e+00 4.669139e-01 4.510073e-01 7.606470e-01 -7.526338e+01
8.122016e-01 -2.463202e-01 5.288240e-01 1.845569e+01 4.554777e-02 9.304960e-01 3.634593e-01 1.486677e+00 -5.815960e-01 -2.711155e-01 7.669697e-01 -7.695336e+01
