1.000000e+00 1.197624e-11 1.704639e-10 3.214096e-14 1.197625e-11 1.000000e+00 3.562503e-10 -1.998401e-15 1.704639e-10 3.562503e-10 1.000000e+00 -4.041212e-14 0.000000e+00 0.000000e+00 0.000000e+00 1.000000e+00
-1.990699e-01 -2.571245e-02 9.796479e-01 -3.523324e+00 6.002751e-01 7.869721e-01 1.426346e-01 1.714617e-01 -7.746231e-01 6.164525e-01 -1.412279e-01 -1.061627e+00
9.879560e-01 -9.800338e-02 -1.197425e-01 -6.659656e+00 1.032633e-01 9.939076e-01 3.852644e-02 3.424064e-01 1.152373e-01 -5.042743e-02 9.920572e-01 -2.657736e+00
4.297086e-01 -4.212727e-02 9.019844e-01 -8.962122e+00 5.035081e-01 8.403749e-01 -2.006232e-01 4.534482e-01 -7.495533e-01 5.403660e-01 3.823277e-01 -3.022504e+00
4.203121e-02 4.659210e-01 -8.838275e-01 -1.059404e+01 1.681207e-01 8.686974e-01 4.659401e-01 5.093266e-01 9.848699e-01 -1.681738e-01 -4.181857e-02 -1.926339e+00
-6.760287e-01 5.312618e-01 5.106330e-01 -1.301826e+01 7.113925e-01 6.512012e-01 2.643062e-01 6.090360e-01 -1.921091e-01 5.419391e-01 -8.181663e-01 -1.668654e+00
1.878707e-01 6.233042e-01 -7.590760e-01 -1.544625e+01 1.954445e-01 7.336581e-01 6.508051e-01 7.166206e-01 9.625518e-01 -2.706244e-01 1.601152e-02 -1.734383e+00
-7.269381e-01 6.464798e-01 2.315704e-01 -1.927046e+01 6.060355e-01 4.453857e-01 6.590543e-01 8.795659e-01 3.229271e-01 6.194316e-01 -7.155575e-01 -1.613178e+00
3.965712e-01 6.269040e-01 -6.706137e-01 -2.459043e+01 -3.671028e-01 7.778584e-01 5.100704e-01 1.115372e+00 8.414077e-01 4.390491e-02 5.386144e-01 -1.677815e+00
-9.099026e-01 2.749083e-01 3.106488e-01 -2.880201e+01 4.147932e-01 6.117777e-01 6.735538e-01 1.311548e+00 -4.882452e-03 7.417233e-01 -6.706882e-01 -2.189302e+00
1.701818e-01 3.740269e-01 -9.116699e-01 -3.303079e+01 -1.620883e-01 9.231891e-01 3.484957e-01 1.497702e+00 9.719905e-01 8.846337e-02 2.177354e-01 -2.095491e+00
-8.368312e-01 3.857862e-01 3.884360e-01 -3.710801e+01 5.212080e-01 7.785038e-01 3.496771e-01 1.678565e+00 -1.674983e-01 4.950766e-01 -8.525511e-01 -2.144839e+00
-1.086792e-01 4.829700e-01 -8.688664e-01 -4.034919e+01 3.629986e-01 8.329668e-01 4.176103e-01 1.819546e+00 9.254301e-01 -2.700118e-01 -2.658436e-01 -1.861751e+00
-3.371331e-01 6.125932e-01 7.148922e-01 -4.324832e+01 7.527851e-01 6.314225e-01 -1.860650e-01 1.943111e+00 -5.653812e-01 4.754315e-01 -6.740244e-01 -1.643422e+00
2.161348e-01 5.366710e-01 -8.156409e-01 -4.640956e+01 5.386203e-01 6.312324e-01 5.580626e-01 2.075046e+00 8.143549e-01 -5.599374e-01 -1.526306e-01 -1.072696e+00
1.373365e-01 7.143133e-01 6.862180e-01 -4.934843e+01 8.246014e-01 3.013801e-01 -4.787511e-01 2.198328e+00 -5.487907e-01 6.316063e-01 -5.476333e-01 -6.094864e-01
5.685597e-01 5.156789e-01 -6.409486e-01 -5.246450e+01 5.212224e-01 3.769713e-01 7.656499e-01 2.322777e+00 6.364488e-01 -7.693945e-01 -5.445271e-02 3.712006e-01
4.638411e-01 5.959413e-01 6.555192e-01 -5.439435e+01 7.875076e-01 6.158226e-02 -6.132206e-01 2.390044e+00 -4.058118e-01 8.006632e-01 -4.407439e-01 1.455247e+00
7.625480e-01 6.179045e-01 -1.916102e-01 -5.671432e+01 1.532578e-01 1.152101e-01 9.814472e-01 2.482700e+00 6.285161e-01 -7.777664e-01 -6.845517e-03 1.953596e+00
9.666753e-01 2.556152e-01 1.413121e-02 -5.803488e+01 -1.820943e-02 1.237129e-01 -9.921510e-01 2.519375e+00 -2.553571e-01 9.588305e-01 1.242448e-01 3.402996e+00
7.919858e-01 -2.076803e-02 -6.101862e-01 -5.928460e+01 6.053847e-01 1.563094e-01 7.804337e-01 2.558386e+00 7.916975e-02 -9.874898e-01 1.363675e-01 4.368135e+00
8.040128e-01 4.476829e-01 3.913355e-01 -6.131797e+01 5.036593e-01 -1.629267e-01 -8.483998e-01 2.638659e+00 -3.160551e-01 8.792240e-01 -3.564748e-01 4.894294e+00
9.035942e-01 3.176917e-01 -2.873840e-01 -6.338786e+01 3.259894e-01 -7.468244e-02 9.424189e-01 2.725189e+00 2.779362e-01 -9.452484e-01 -1.710467e-01 5.149576e+00
7.614834e-01 2.387041e-01 6.026304e-01 -6.577360e+01 6.434924e-01 -3.900618e-01 -6.586116e-01 2.816436e+00 7.784983e-02 8.893099e-01 -4.506299e-01 6.032895e+00
8.562674e-01 5.164435e-01 9.604128e-03 -6.862874e+01 1.296455e-01 -2.328772e-01 9.638259e-01 2.929669e+00 4.999982e-01 -8.240475e-01 -2.663597e-01 6.923917e+00
8.042616e-01 1.126649e-01 5.834980e-01 -7.126648e+01 5.101769e-01 -6.344345e-01 -5.806999e-01 3.042495e+00 3.047668e-01 7.647218e-01 -5.677303e-01 7.346060e+00
7.290385e-01 4.215733e-01 5.392391e-01 -7.375867e+01 -3.880502e-01 -3.944096e-01 8.329814e-01 3.143590e+00 5.638438e-01 -8.165274e-01 -1.239482e-01 7.779413e+00
4.071983e-02 -2.660007e-01 9.631124e-01 -7.606598e+01 6.320788e-01 -7.396688e-01 -2.310120e-01 3.240489e+00 7.738335e-01 6.181697e-01 1.380142e-01 8.098019e+00
-2.060386e-01 8.176705e-01 5.375528e-01 -7.834770e+01 -7.708213e-01 -4.740284e-01 4.255956e-01 3.327383e+00 6.028122e-01 -3.266681e-01 7.279460e-01 8.859628e+00
-5.824391e-01 -5.555119e-01 5.934402e-01 -8.006496e+01 7.302281e-01 -6.782951e-01 8.174773e-02 3.399834e+00 3.571157e-01 4.809598e-01 8.007160e-01 9.039752e+00
-4.836029e-01 8.128141e-01 3.247484e-01 -8.133326e+01 -5.442305e-01 -5.698108e-01 6.157344e-01 3.446563e+00 6.855227e-01 1.210330e-01 7.179204e-01 9.582376e+00
-3.211902e-01 -4.692064e-01 8.226070e-01 -8.259309e+01 8.002429e-01 -5.989653e-01 -2.918546e-02 3.489266e+00 5.064070e-01 6.489113e-01 5.678609e-01 1.035675e+01
-1.128652e-01 7.716381e-01 6.259681e-01 -8.360394e+01 -9.774808e-02 -6.355604e-01 7.658383e-01 3.519836e+00 9.887906e-01 2.524928e-02 1.471588e-01 1.117929e+01
5.895190e-01 -1.219247e-01 7.984997e-01 -8.430852e+01 6.477963e-01 -5.191553e-01 -5.575282e-01 3.532555e+00 4.825218e-01 8.459386e-01 -2.270695e-01 1.228264e+01
7.061408e-01 6.738401e-01 2.174965e-01 -8.522648e+01 2.659151e-01 -5.370532e-01 8.005392e-01 3.554775e+00 6.562426e-01 -5.074578e-01 -5.584194e-01 1.331818e+01
9.323597e-01 3.410907e-01 1.198439e-01 -8.620245e+01 2.715799e-01 -4.419700e-01 -8.549309e-01 3.580188e+00 -2.386415e-01 8.296503e-01 -5.047084e-01 1.442390e+01
3.723292e-01 4.329609e-01 -8.209237e-01 -8.699338e+01 8.974788e-01 -3.932966e-01 1.996233e-01 3.598815e+00 -2.364375e-01 -8.110873e-01 -5.350091e-01 1.545246e+01
2.105576e-02 9.424727e-01 -3.336193e-01 -8.781663e+01 -2.197319e-01 -3.211718e-01 -9.211767e-01 3.622884e+00 -9.753330e-01 9.270287e-02 2.003288e-01 1.619413e+01
-6.645809e-01 -2.481847e-01 -7.047954e-01 -8.878186e+01 7.471584e-01 -2.089750e-01 -6.309388e-01 3.652475e+00 9.304754e-03 -9.459037e-01 3.243141e-01 1.706053e+01
-5.219096e-01 6.450232e-01 5.581715e-01 -8.963332e+01 -8.321001e-01 -2.410213e-01 -4.995179e-01 3.678541e+00 -1.876694e-01 -7.251577e-01 6.625152e-01 1.779917e+01
-6.418417e-01 -7.416545e-01 -1.949046e-01 -9.141121e+01 7.396957e-01 -5.317698e-01 -4.123968e-01 3.760276e+00 2.022115e-01 -4.088636e-01 8.899107e-01 1.741726e+01
-5.228264e-01 7.541800e-01 3.973223e-01 -9.162237e+01 -8.427948e-01 -5.272425e-01 -1.082236e-01 3.787537e+00 1.278651e-01 -3.914433e-01 9.112753e-01 1.661472e+01
-5.235400e-01 -7.852002e-01 3.307062e-01 -9.286199e+01 6.010316e-01 -6.154792e-01 -5.098494e-01 3.849602e+00 6.038766e-01 -6.816171e-02 7.941580e-01 1.613364e+01
-5.350367e-02 5.672909e-01 8.217776e-01 -9.309528e+01 -6.048406e-01 -6.732264e-01 4.253633e-01 3.860013e+00 7.945472e-01 -4.742860e-01 3.791407e-01 1.610980e+01
5.263507e-01 -6.601457e-01 5.358755e-01 -9.299547e+01 1.335737e-01 -5.582194e-01 -8.188707e-01 3.856947e+00 8.397101e-01 5.025920e-01 -2.056411e-01 1.623687e+01
9.534126e-01 1.660918e-01 2.518293e-01 -9.299088e+01 -8.395576e-02 -6.557168e-01 7.503245e-01 3.861115e+00 2.897514e-01 -7.365113e-01 -6.112243e-01 1.606750e+01
8.615321e-01 2.874362e-02 -5.068888e-01 -9.299509e+01 -3.921616e-01 -5.964143e-01 -7.003565e-01 3.863260e+00 -3.224465e-01 8.021619e-01 -5.025579e-01 1.601430e+01
3.985289e-01 -2.598202e-01 -8.795841e-01 -9.296139e+01 6.165370e-01 -6.341227e-01 4.666589e-01 3.869959e+00 -6.790116e-01 -7.282732e-01 -9.252747e-02 1.584798e+01
-1.870246e-01 6.693689e-01 -7.190042e-01 -9.290818e+01 -6.486475e-01 -6.338200e-01 -4.213415e-01 3.870067e+00 -7.377521e-01 3.875791e-01 5.527244e-01 1.586333e+01
-6.176878e-01 -6.113177e-01 -4.947247e-01 -9.277112e+01 7.820395e-01 -5.438080e-01 -3.044457e-01 3.863666e+00 -8.292219e-02 -5.749466e-01 8.139781e-01 1.617798e+01
-5.298732e-01 6.919965e-01 4.902807e-01 -9.253059e+01 -8.118267e-01 -5.810879e-01 -5.722119e-02 3.861511e+00 2.452993e-01 -4.283430e-01 8.696842e-01 1.623023e+01
-1.751532e-01 -8.706093e-01 4.597399e-01 -9.225183e+01 2.243335e-01 -4.899665e-01 -8.423819e-01 3.865722e+00 9.586427e-01 -4.441084e-02 2.811261e-01 1.593096e+01
5.432338e-01 1.588659e-01 8.244142e-01 -9.204625e+01 -6.210476e-01 -5.847326e-01 5.219077e-01 3.867038e+00 5.649752e-01 -7.955183e-01 -2.189832e-01 1.578434e+01
8.147967e-01 -5.756511e-01 -6.878984e-02 -9.175042e+01 -4.185442e-01 -5.019778e-01 -7.568613e-01 3.864765e+00 4.011571e-01 6.454797e-01 -6.499453e-01 1.584608e+01
9.013537e-01 -3.361612e-01 -2.730516e-01 -9.145118e+01 4.515703e-03 -6.231529e-01 7.820870e-01 3.860374e+00 -4.330602e-01 -7.061700e-01 -5.601632e-01 1.596290e+01
5.909944e-01 1.336537e-01 -7.955264e-01 -9.132559e+01 -6.039980e-01 -5.803752e-01 -5.462153e-01 3.850438e+00 -5.347075e-01 8.033065e-01 -2.622719e-01 1.630139e+01
2.322662e-01 -4.897906e-01 -8.403318e-01 -9.142517e+01 5.923983e-01 -6.139952e-01 5.216073e-01 3.851073e+00 -7.714381e-01 -6.189629e-01 1.475408e-01 1.643179e+01
-1.868246e-02 5.644177e-01 -8.252779e-01 -9.121144e+01 -7.026327e-01 -5.946430e-01 -3.907776e-01 3.874002e+00 -7.113075e-01 5.725665e-01 4.076877e-01 1.530309e+01
-3.555483e-01 -7.247427e-01 -5.901977e-01 -9.059931e+01 7.670164e-01 -5.870918e-01 2.588610e-01 3.904115e+00 -5.341079e-01 -3.606538e-01 7.646291e-01 1.366404e+01
-4.135206e-01 7.607661e-01 -5.002356e-01 -9.013737e+01 -8.272638e-01 -5.434197e-01 -1.425820e-01 3.944622e+00 -3.803094e-01 3.548662e-01 8.540695e-01 1.173062e+01
-5.776918e-01 -8.033697e-01 -1.444622e-01 -8.993141e+01 7.865332e-01 -5.951930e-01 1.646535e-01 4.000562e+00 -2.182605e-01 -1.850537e-02 9.757151e-01 9.423267e+00
-3.519678e-01 8.564589e-01 -3.776200e-01 -9.049113e+01 -9.343811e-01 -3.452986e-01 8.775506e-02 4.084111e+00 -5.523304e-02 3.837279e-01 9.217929e-01 7.018436e+00
-5.231542e-01 -7.846218e-01 3.326835e-01 -9.034233e+01 8.457440e-01 -5.260758e-01 8.922573e-02 4.174533e+00 1.050083e-01 3.280439e-01 9.388080e-01 3.674859e+00
-2.561564e-01 9.365520e-01 2.392786e-01 -8.994603e+01 -4.840587e-01 -3.385466e-01 8.068912e-01 4.246507e+00 8.367025e-01 9.086546e-02 5.400670e-01 8.409272e-01
-2.227199e-01 -2.786956e-01 9.341973e-01 -9.001757e+01 8.444315e-01 -5.340138e-01 4.200868e-02 4.318070e+00 4.871666e-01 7.982218e-01 3.542748e-01 -1.636686e+00
9.670903e-02 9.625162e-01 2.533966e-01 -9.026999e+01 -3.514352e-01 -2.051698e-01 9.134542e-01 4.389478e+00 9.312039e-01 -1.773918e-01 3.184204e-01 -3.912949e+00
3.294718e-01 -3.168922e-01 8.893974e-01 -8.991249e+01 8.710614e-01 -2.614231e-01 -4.158244e-01 4.415201e+00 3.642805e-01 9.117222e-01 1.899010e-01 -5.224671e+00
4.717591e-01 8.410812e-01 2.646239e-01 -9.001461e+01 -2.144194e-01 -1.816761e-01 9.596969e-01 4.461254e+00 8.552588e-01 -5.094862e-01 9.463680e-02 -6.839591e+00
5.533069e-01 -1.683321e-01 8.157915e-01 -9.056468e+01 6.732267e-01 -4.863640e-01 -5.569703e-01 4.532959e+00 4.905276e-01 8.573881e-01 -1.557829e-01 -8.779972e+00
7.108135e-01 6.527086e-01 2.621368e-01 -8.997100e+01 1.014154e-02 -3.821530e-01 9.240434e-01 4.588586e+00 7.033074e-01 -6.541640e-01 -2.782590e-01 -1.125099e+01
8.247159e-01 -8.276830e-03 5.654867e-01 -8.967969e+01 4.837393e-01 -5.076756e-01 -7.129248e-01 4.631234e+00 2.929845e-01 8.615086e-01 -4.146843e-01 -1.313665e+01
9.091055e-01 4.058903e-01 9.370303e-02 -8.989576e+01 1.163593e-01 -4.634203e-01 8.784658e-01 4.673541e+00 3.999846e-01 -7.877149e-01 -4.685270e-01 -1.458881e+01
9.715221e-01 1.426073e-02 2.365193e-01 -9.023748e+01 1.991377e-01 -5.900864e-01 -7.823952e-01 4.715747e+00 1.284093e-01 8.072142e-01 -5.761218e-01 -1.581845e+01
9.620252e-01 1.305336e-01 -2.397260e-01 -8.995306e+01 2.714415e-01 -5.500268e-01 7.898038e-01 4.752506e+00 -2.875978e-02 -8.248827e-01 -5.645718e-01 -1.747608e+01
9.635600e-01 2.029190e-01 -1.742873e-01 -8.999571e+01 -2.887775e-02 -5.688400e-01 -8.219411e-01 4.779161e+00 -2.659291e-01 7.970225e-01 -5.422516e-01 -1.854667e+01
9.449762e-01 -1.867904e-01 -2.685692e-01 -9.012013e+01 1.351311e-01 -5.247734e-01 8.404478e-01 4.821771e+00 -2.979255e-01 -8.304952e-01 -4.706572e-01 -2.005178e+01
8.874359e-01 9.017215e-03 -4.608429e-01 -8.963696e+01 -3.762529e-01 -5.633618e-01 -7.355659e-01 4.873132e+00 -2.662541e-01 8.261611e-01 -4.965548e-01 -2.223414e+01
7.456429e-01 -5.811711e-01 -3.259705e-01 -8.993494e+01 4.700095e-02 -4.421013e-01 8.957328e-01 4.931681e+00 -6.646860e-01 -6.832178e-01 -3.023341e-01 -2.402654e+01
6.376205e-01 -1.442003e-01 -7.567340e-01 -9.026919e+01 -7.337931e-01 -4.127103e-01 -5.396461e-01 4.986570e+00 -2.344948e-01 8.993756e-01 -3.689657e-01 -2.567957e+01
4.658092e-01 -7.971993e-01 -3.840507e-01 -9.055835e+01 1.761890e-01 -3.417654e-01 9.231218e-01 5.020029e+00 -8.671673e-01 -4.976642e-01 -1.873975e-02 -2.664974e+01
8.715551e-02 1.719073e-01 -9.812501e-01 -9.044922e+01 -9.261498e-01 -3.488409e-01 -1.433756e-01 5.039469e+00 -3.669475e-01 9.212806e-01 1.288085e-01 -2.762146e+01
-1.084847e-01 -9.344358e-01 -3.392060e-01 -9.020353e+01 5.235874e-01 -3.437644e-01 7.795398e-01 5.071478e+00 -8.450369e-01 -9.303584e-02 5.265520e-01 -2.908362e+01
-4.541378e-01 5.124235e-01 -7.288216e-01 -9.009772e+01 -8.901698e-01 -2.947940e-01 3.474106e-01 5.100398e+00 -3.683086e-02 8.065473e-01 5.900211e-01 -3.039083e+01
-4.349126e-01 -8.926882e-01 1.181477e-01 -8.991175e+01 7.672249e-01 -2.986661e-01 5.675954e-01 5.113150e+00 -4.713990e-01 3.375002e-01 8.147862e-01 -3.115109e+01
-6.566544e-01 7.523014e-01 -5.336223e-02 -9.000728e+01 -4.493742e-01 -3.334544e-01 8.287768e-01 5.136616e+00 6.056961e-01 5.681996e-01 5.570291e-01 -3.196472e+01
-3.035218e-01 -3.594505e-01 8.824227e-01 -9.070401e+01 8.896478e-01 -4.385224e-01 1.273770e-01 5.204078e+00 3.411764e-01 8.237072e-01 4.528854e-01 -3.359280e+01
4.759868e-02 9.972695e-01 -5.646134e-02 -9.301116e+01 -8.192121e-01 7.131685e-02 5.690391e-01 5.330422e+00 5.715120e-01 1.916830e-02 8.203698e-01 -3.480180e+01
-6.928474e-01 -4.424534e-01 5.693834e-01 -9.570825e+01 6.856566e-01 -1.597791e-01 7.101729e-01 5.466447e+00 -2.232429e-01 8.824430e-01 4.140736e-01 -3.571124e+01
-2.990669e-01 6.901182e-01 -6.590113e-01 -9.834141e+01 -6.614100e-01 3.478868e-01 6.644633e-01 5.604291e+00 6.878196e-01 6.345957e-01 3.524097e-01 -3.673066e+01
-3.377869e-01 -4.095178e-01 8.474640e-01 -1.004067e+02 8.072411e-01 3.369593e-01 4.845826e-01 5.703026e+00 -4.840061e-01 8.477934e-01 2.167592e-01 -3.698292e+01
-2.026713e-01 7.433443e-01 -6.374665e-01 -1.025439e+02 -3.692055e-01 5.449299e-01 7.528205e-01 5.790969e+00 9.069794e-01 3.879313e-01 1.640051e-01 -3.657537e+01
-1.479952e-01 -9.195375e-02 9.847040e-01 -1.047431e+02 8.623233e-01 4.755208e-01 1.740072e-01 5.883164e+00 -4.842478e-01 8.748854e-01 8.919074e-03 -3.612756e+01
-2.902607e-01 8.074952e-01 -5.135176e-01 -1.064050e+02 2.492973e-01 5.818982e-01 7.741094e-01 5.953200e+00 9.239045e-01 9.667497e-02 -3.702085e-01 -3.587750e+01
-3.617569e-01 4.771237e-01 8.009275e-01 -1.083439e+02 8.841949e-01 4.479224e-01 1.325328e-01 6.040734e+00 -2.955189e-01 7.561206e-01 -5.839094e-01 -3.605223e+01
4.526456e-02 7.791849e-01 -6.251576e-01 -1.099676e+02 3.719561e-01 5.676568e-01 7.344484e-01 6.121186e+00 9.271460e-01 -2.657757e-01 -2.641278e-01 -3.649453e+01
4.916201e-01 4.203169e-01 7.626555e-01 -1.106537e+02 5.457652e-01 5.337347e-01 -6.459625e-01 6.162519e+00 -6.785647e-01 7.337990e-01 3.300032e-02 -3.709818e+01
-1.468374e-01 5.936172e-01 -7.912379e-01 -1.113011e+02 7.642569e-01 5.759100e-01 2.902397e-01 6.187427e+00 6.279731e-01 -5.620909e-01 -5.382412e-01 -3.696228e+01
2.458008e-01 7.458944e-01 6.190505e-01 -1.119755e+02 6.898702e-02 6.235629e-01 -7.787234e-01 6.216515e+00 -9.668623e-01 2.341173e-01 1.018152e-01 -3.701264e+01
1.453216e-01 -1.303044e-01 -9.807662e-01 -1.132458e+02 8.490788e-01 5.252875e-01 5.601967e-02 6.287892e+00 5.078846e-01 -8.408887e-01 1.869743e-01 -3.780027e+01
4.022550e-01 8.718417e-01 2.794333e-01 -1.143083e+02 -1.591271e-01 3.671494e-01 -9.164496e-01 6.357692e+00 -9.015927e-01 3.241810e-01 2.864213e-01 -3.885587e+01
-9.239760e-02 -1.723731e-01 -9.806886e-01 -1.148445e+02 9.276095e-01 3.431096e-01 -1.477041e-01 6.395700e+00 3.619439e-01 -9.233436e-01 1.281924e-01 -3.955741e+01
7.859581e-02 9.368981e-01 3.406534e-01 -1.155146e+02 -5.030303e-01 3.322901e-01 -7.978370e-01 6.437916e+00 -8.606877e-01 -1.086523e-01 4.974047e-01 -4.025597e+01
2.066511e-01 -7.673453e-01 -6.070227e-01 -1.169101e+02 9.189775e-01 -6.071904e-02 3.896069e-01 6.527684e+00 -3.358208e-01 -6.383529e-01 6.926254e-01 -4.162409e+01
4.315526e-01 7.352793e-01 -5.226153e-01 -1.179925e+02 -7.821166e-01 1.628949e-02 -6.229192e-01 6.591535e+00 -4.495064e-01 6.775685e-01 5.821039e-01 -4.225608e+01
1.743966e-01 -7.810803e-01 -5.995827e-01 -1.179116e+02 9.605543e-01 9.972353e-04 2.780908e-01 6.611331e+00 -2.166133e-01 -6.244299e-01 7.504439e-01 -4.315738e+01
3.949920e-02 9.665368e-01 -2.534687e-01 -1.175536e+02 -9.824811e-01 -8.668713e-03 -1.861605e-01 6.629022e+00 -1.821282e-01 2.563814e-01 9.492618e-01 -4.418042e+01
-3.713221e-02 -9.796342e-01 -1.973272e-01 -1.172800e+02 9.808040e-01 2.099152e-03 -1.949849e-01 6.641551e+00 1.914281e-01 -2.007795e-01 9.607512e-01 -4.493496e+01
5.895118e-02 9.658510e-01 2.523027e-01 -1.171293e+02 -8.337362e-01 -9.136215e-02 5.445520e-01 6.646105e+00 5.490070e-01 -2.424559e-01 7.998790e-01 -4.520424e+01
4.787937e-01 -8.285509e-01 2.902757e-01 -1.173109e+02 5.367591e-01 1.462516e-02 -8.436088e-01 6.657546e+00 6.947275e-01 5.597227e-01 4.517347e-01 -4.544604e+01
6.748882e-01 5.499989e-01 4.919625e-01 -1.173963e+02 -5.964196e-01 1.398479e-02 8.025510e-01 6.677837e+00 4.345222e-01 -8.350483e-01 3.374683e-01 -4.633133e+01
7.808336e-01 -5.881968e-01 2.105313e-01 -1.174529e+02 2.670379e-01 9.582112e-03 -9.636384e-01 6.699114e+00 5.647917e-01 8.086610e-01 1.645529e-01 -4.729301e+01
9.171500e-01 2.793661e-01 2.842366e-01 -1.174974e+02 -3.014963e-01 1.992448e-02 9.532591e-01 6.721181e+00 2.606450e-01 -9.599779e-01 1.025016e-01 -4.827212e+01
9.556117e-01 -2.945580e-01 -6.465923e-03 -1.175551e+02 -4.196842e-03 8.334829e-03 -9.999565e-01 6.740228e+00 2.945990e-01 9.555973e-01 6.728648e-03 -4.914098e+01
9.995068e-01 -2.340756e-02 2.093189e-02 -1.175105e+02 -1.998937e-02 3.979973e-02 9.990077e-01 6.766446e+00 -2.421742e-02 -9.989335e-01 3.931220e-02 -5.036572e+01
9.435454e-01 -5.059764e-02 -3.273561e-01 -1.174917e+02 -3.273636e-01 8.375184e-03 -9.448613e-01 6.797223e+00 5.054942e-02 9.986840e-01 -8.661458e-03 -5.177593e+01
9.115944e-01 -3.577064e-01 -2.025878e-01 -1.174830e+02 2.336111e-01 4.526030e-02 9.712761e-01 6.828871e+00 -3.382625e-01 -9.327366e-01 1.248232e-01 -5.320494e+01
7.993178e-01 1.925221e-01 -5.692330e-01 -1.174568e+02 -5.836399e-01 2.326552e-02 -8.116793e-01 6.858263e+00 -1.430227e-01 9.810168e-01 1.309601e-01 -5.457580e+01
7.397177e-01 -6.255897e-01 -2.479016e-01 -1.174200e+02 3.628321e-01 6.053991e-02 9.298859e-01 6.889158e+00 -5.667192e-01 -7.777997e-01 2.717665e-01 -5.603726e+01
6.429137e-01 2.931982e-01 -7.075994e-01 -1.174283e+02 -7.504182e-01 5.608371e-02 -6.585796e-01 6.922004e+00 -1.534095e-01 9.544053e-01 2.560782e-01 -5.753625e+01
5.587942e-01 -7.927040e-01 -2.436584e-01 -1.174232e+02 5.005038e-01 8.809096e-02 8.612409e-01 6.957952e+00 -6.612451e-01 -6.032083e-01 4.459761e-01 -5.913978e+01
4.447330e-01 4.188949e-01 -7.916689e-01 -1.174043e+02 -8.893610e-01 1.018646e-01 -4.457136e-01 6.996121e+00 -1.060641e-01 9.023030e-01 4.178514e-01 -6.084695e+01
3.717553e-01 -9.242678e-01 -8.675827e-02 -1.174238e+02 5.236524e-01 1.316131e-01 8.417043e-01 7.031831e+00 -7.665417e-01 -3.583393e-01 5.329229e-01 -6.244703e+01
4.135038e-01 4.239577e-01 -8.057757e-01 -1.174445e+02 -9.103796e-01 1.779806e-01 -3.735397e-01 7.066096e+00 -1.495254e-02 8.880218e-01 4.595581e-01 -6.401466e+01
3.269834e-01 -9.403672e-01 9.376268e-02 -1.174007e+02 3.825317e-01 2.224291e-01 8.967691e-01 7.099366e+00 -8.641477e-01 -2.573614e-01 4.324509e-01 -6.560398e+01
1.256752e-01 3.332513e-01 -9.344246e-01 -1.174285e+02 -9.683771e-01 2.458329e-01 -4.256830e-02 7.133699e+00 2.155263e-01 9.102251e-01 3.536080e-01 -6.716164e+01
1.158514e-01 -9.628417e-01 2.439556e-01 -1.174637e+02 4.993327e-01 2.687738e-01 8.236671e-01 7.168191e+00 -8.586299e-01 2.639203e-02 5.119162e-01 -6.876775e+01
9.379561e-02 4.117614e-01 -9.064518e-01 -1.174721e+02 -9.344577e-01 3.505389e-01 6.254093e-02 7.208148e+00 3.434985e-01 8.411748e-01 4.176526e-01 -7.056764e+01
-1.065766e-02 -9.049747e-01 4.253318e-01 -1.174290e+02 3.845835e-01 3.889283e-01 8.371561e-01 7.238366e+00 -9.230287e-01 1.724977e-01 3.438933e-01 -7.201364e+01
1.237434e-01 3.048210e-01 -9.443366e-01 -1.173464e+02 -8.806367e-01 4.723398e-01 3.706951e-02 7.264141e+00 4.573474e-01 8.270304e-01 3.268855e-01 -7.334375e+01
9.631760e-02 -8.485992e-01 5.201945e-01 -1.173891e+02 4.049387e-01 5.108270e-01 7.583406e-01 7.302354e+00 -9.092566e-01 1.376054e-01 3.928323e-01 -7.505706e+01
4.287957e-02 3.261549e-01 -9.443433e-01 -1.174370e+02 -7.916424e-01 5.877086e-01 1.670354e-01 7.341555e+00 6.094781e-01 7.404198e-01 2.833987e-01 -7.680095e+01
5.541361e-02 -7.403706e-01 6.699110e-01 -1.174910e+02 4.519233e-01 6.168796e-01 6.443794e-01 7.383299e+00 -8.903340e-01 2.670410e-01 3.687743e-01 -7.865196e+01
-6.535233e-02 3.749001e-01 -9.247589e-01 -1.175293e+02 -6.436535e-01 6.923357e-01 3.261618e-01 7.428028e+00 7.625216e-01 6.165397e-01 1.960600e-01 -8.060654e+01
-3.068779e-02 -5.734755e-01 8.186477e-01 -1.175305e+02 4.884236e-01 7.059848e-01 5.128624e-01 7.467306e+00 -8.720669e-01 4.155855e-01 2.584338e-01 -8.237369e+01
-6.703425e-02 4.104141e-01 -9.094320e-01 -1.175140e+02 -4.815098e-01 7.850088e-01 3.897557e-01 7.509049e+00 8.738734e-01 4.640275e-01 1.449960e-01 -8.427953e+01
-1.284314e-01 -3.770223e-01 9.172565e-01 -1.175169e+02 4.830321e-01 7.840084e-01 3.898856e-01 7.551393e+00 -8.661324e-01 4.931379e-01 8.142257e-02 -8.617701e+01
-1.179584e-02 4.036362e-01 -9.148435e-01 -1.174800e+02 -3.314007e-01 8.616203e-01 3.844268e-01 7.586260e+00 9.434163e-01 3.077145e-01 1.236018e-01 -8.779750e+01
-4.611003e-02 -2.516511e-01 9.667190e-01 -1.174563e+02 4.658271e-01 8.506674e-01 2.436600e-01 7.619730e+00 -8.836736e-01 4.615590e-01 7.800162e-02 -8.936015e+01
-2.046070e-01 4.039638e-01 -8.915993e-01 -1.175105e+02 -1.088897e-01 8.958225e-01 4.308656e-01 7.665129e+00 9.727687e-01 1.852441e-01 -1.393041e-01 -9.135412e+01
-3.406010e-02 -1.127144e-02 9.993562e-01 -1.175503e+02 4.811773e-01 8.762292e-01 2.628223e-02 7.712545e+00 -8.759614e-01 4.817627e-01 -2.442090e-02 -9.345570e+01
-1.978860e-02 3.866279e-01 -9.220235e-01 -1.175514e+02 8.538646e-02 9.194883e-01 3.837322e-01 7.756714e+00 9.961514e-01 -7.113480e-02 -5.120817e-02 -9.545300e+01
-1.478748e-02 1.953049e-01 9.806311e-01 -1.176071e+02 4.949051e-01 8.536090e-01 -1.625440e-01 7.800351e+00 -8.688212e-01 4.829157e-01 -1.092801e-01 -9.735448e+01
-6.992964e-02 4.318492e-01 -8.992308e-01 -1.177682e+02 3.297919e-01 8.607586e-01 3.877266e-01 7.845030e+00 9.414601e-01 -2.694455e-01 -2.026129e-01 -9.918864e+01
7.848230e-02 4.290958e-01 8.998429e-01 -1.178945e+02 4.839384e-01 7.727436e-01 -4.106957e-01 7.894578e+00 -8.715757e-01 4.677009e-01 -1.470092e-01 -1.012323e+02
-2.167694e-01 4.263537e-01 -8.781990e-01 -1.176832e+02 6.318816e-01 7.469980e-01 2.066875e-01 7.939372e+00 7.441349e-01 -5.101142e-01 -4.313314e-01 -1.032407e+02
1.706209e-01 6.834243e-01 7.098026e-01 -1.173291e+02 2.085574e-01 6.789959e-01 -7.038951e-01 7.981544e+00 -9.630121e-01 2.681338e-01 -2.668227e-02 -1.051782e+02
-5.907037e-02 1.734963e-01 -9.830614e-01 -1.171045e+02 7.541260e-01 6.529959e-01 6.993039e-02 8.007334e+00 6.540677e-01 -7.372214e-01 -1.694108e-01 -1.064357e+02
3.965743e-01 7.406224e-01 5.424088e-01 -1.164311e+02 -4.404143e-01 6.719159e-01 -5.954530e-01 8.023950e+00 -8.054589e-01 -2.743205e-03 5.926453e-01 -1.075038e+02
3.102478e-01 -5.181298e-01 -7.970494e-01 -1.164220e+02 7.840297e-01 6.136099e-01 -9.370318e-02 8.055974e+00 5.376278e-01 -5.958392e-01 5.966003e-01 -1.089898e+02
4.450897e-01 7.929778e-01 4.160304e-01 -1.163106e+02 -6.039350e-01 6.088417e-01 -5.143680e-01 8.087387e+00 -6.611790e-01 -2.231538e-02 7.498962e-01 -1.104883e+02
2.256670e-01 -6.501379e-01 -7.255309e-01 -1.161673e+02 7.716851e-01 5.738590e-01 -2.742042e-01 8.116881e+00 5.946230e-01 -4.980025e-01 6.312028e-01 -1.119655e+02
5.337958e-01 7.666055e-01 3.569007e-01 -1.154673e+02 -8.112502e-01 5.833518e-01 -3.967143e-02 8.134486e+00 -2.386110e-01 -2.683593e-01 9.332996e-01 -1.129524e+02
2.605308e-01 -7.780112e-01 -5.716837e-01 -1.147613e+02 4.219142e-01 6.243466e-01 -6.574038e-01 8.142761e+00 8.683963e-01 -6.992749e-02 4.909155e-01 -1.135618e+02
3.516534e-01 4.410443e-01 8.257238e-01 -1.147202e+02 -7.406820e-01 6.704977e-01 -4.269693e-02 8.165889e+00 -5.724771e-01 -5.965842e-01 5.624564e-01 -1.146427e+02
2.345070e-01 -7.715282e-01 -5.913973e-01 -1.146836e+02 3.836611e-01 6.324325e-01 -6.729289e-01 8.184488e+00 8.932025e-01 -6.908960e-02 4.443152e-01 -1.156267e+02
4.830078e-01 3.923796e-01 7.827782e-01 -1.145556e+02 -7.570514e-01 6.363344e-01 1.481608e-01 8.200854e+00 -4.399734e-01 -6.641662e-01 6.044060e-01 -1.165540e+02
3.029595e-01 -7.731855e-01 -5.571353e-01 -1.144281e+02 1.625812e-01 6.179723e-01 -7.692058e-01 8.221553e+00 9.390330e-01 1.424585e-01 3.129260e-01 -1.176679e+02
5.421693e-01 1.891066e-01 8.187131e-01 -1.144393e+02 -6.951138e-01 6.483583e-01 3.105613e-01 8.252023e+00 -4.720903e-01 -7.374756e-01 4.829706e-01 -1.190680e+02
3.689217e-01 -7.229912e-01 -5.841065e-01 -1.144540e+02 -2.806203e-02 6.194855e-01 -7.845063e-01 8.284213e+00 9.290368e-01 3.058126e-01 2.082531e-01 -1.205473e+02
6.015823e-01 -1.330062e-02 7.987001e-01 -1.145407e+02 -5.952481e-01 6.593205e-01 4.593215e-01 8.319831e+00 -5.327086e-01 -7.517444e-01 3.887184e-01 -1.220899e+02
4.422819e-01 -6.521074e-01 -6.157456e-01 -1.145819e+02 -1.586148e-01 6.188512e-01 -7.693273e-01 8.354119e+00 8.827390e-01 4.379259e-01 1.702728e-01 -1.236192e+02
6.726391e-01 -1.307801e-01 7.283221e-01 -1.145425e+02 -4.805363e-01 6.712762e-01 5.643343e-01 8.390575e+00 -5.627090e-01 -7.295786e-01 3.886820e-01 -1.252821e+02
4.787957e-01 -5.737490e-01 -6.645049e-01 -1.145580e+02 -2.737737e-01 6.215822e-01 -7.339507e-01 8.435668e+00 8.341478e-01 5.333364e-01 1.405335e-01 -1.272705e+02
6.524958e-01 -2.584232e-01 7.123669e-01 -1.146601e+02 -3.906025e-01 6.908584e-01 6.083949e-01 8.478800e+00 -6.493680e-01 -6.752274e-01 3.498415e-01 -1.290825e+02
4.260963e-01 -4.467452e-01 -7.866770e-01 -1.147889e+02 -4.279420e-01 6.665942e-01 -6.103424e-01 8.513029e+00 7.970618e-01 5.967167e-01 9.285230e-02 -1.305613e+02
6.142225e-01 -4.063666e-01 6.764591e-01 -1.148550e+02 -2.343021e-01 7.246505e-01 6.480619e-01 8.554226e+00 -7.535471e-01 -5.565500e-01 3.498841e-01 -1.324119e+02
3.161450e-01 -2.804898e-01 -9.062989e-01 -1.148982e+02 -5.678050e-01 7.093660e-01 -4.176091e-01 8.588950e+00 7.600327e-01 6.466261e-01 6.499898e-02 -1.339760e+02
4.771039e-01 -5.435415e-01 6.906045e-01 -1.149647e+02 -8.833916e-02 7.521675e-01 6.530239e-01 8.622884e+00 -8.743958e-01 -3.725677e-01 3.108460e-01 -1.354976e+02
3.893198e-01 -2.037122e-01 -8.982936e-01 -1.150880e+02 -5.065223e-01 7.671939e-01 -3.935082e-01 8.664027e+00 7.693278e-01 6.082063e-01 1.954990e-01 -1.372415e+02
3.232075e-01 -4.654936e-01 8.239251e-01 -1.151709e+02 -1.303603e-01 8.404538e-01 5.259693e-01 8.701927e+00 -9.373063e-01 -2.774043e-01 2.109591e-01 -1.388880e+02
4.180114e-01 -2.642338e-01 -8.691645e-01 -1.149218e+02 -3.197602e-01 8.527394e-01 -4.130242e-01 8.735785e+00 8.503057e-01 4.505731e-01 2.719634e-01 -1.404861e+02
4.726578e-01 -2.536729e-01 8.439459e-01 -1.146363e+02 -1.739989e-01 9.119562e-01 3.715647e-01 8.771621e+00 -8.638976e-01 -3.224686e-01 3.869044e-01 -1.422171e+02
4.271237e-01 -2.681862e-01 -8.635054e-01 -1.145972e+02 -2.067433e-01 9.007352e-01 -3.820123e-01 8.805327e+00 8.802401e-01 3.416905e-01 3.292796e-01 -1.438292e+02
4.834657e-02 -1.530092e-01 9.870414e-01 -1.143021e+02 -2.673247e-01 9.501651e-01 1.603866e-01 8.821797e+00 -9.623929e-01 -2.716147e-01 5.034079e-03 -1.448470e+02
2.266083e-01 -3.331917e-01 -9.152224e-01 -1.141461e+02 -1.351921e-02 9.385004e-01 -3.450135e-01 8.836837e+00 9.738921e-01 9.055599e-02 2.081675e-01 -1.457981e+02
2.313192e-01 3.010612e-02 9.724120e-01 -1.141774e+02 -2.576264e-01 9.657347e-01 3.138527e-02 8.867500e+00 -9.381471e-01 -2.577790e-01 2.311491e-01 -1.472331e+02
1.810266e-01 -3.561936e-01 -9.167090e-01 -1.142201e+02 1.095629e-01 9.336111e-01 -3.411252e-01 8.905836e+00 9.773563e-01 -3.868456e-02 2.080341e-01 -1.489509e+02
1.779865e-01 1.812383e-01 9.671988e-01 -1.142432e+02 -2.634244e-01 9.557953e-01 -1.306254e-01 8.943251e+00 -9.481183e-01 -2.315342e-01 2.178612e-01 -1.506443e+02
1.711847e-01 -3.571480e-01 -9.182272e-01 -1.142489e+02 2.716977e-01 9.129583e-01 -3.044462e-01 8.977222e+00 9.470355e-01 -1.973637e-01 2.533208e-01 -1.522249e+02
3.000611e-01 3.232378e-01 8.974858e-01 -1.142744e+02 -3.107163e-01 9.226489e-01 -2.284171e-01 9.013650e+00 -9.018973e-01 -2.103243e-01 3.772862e-01 -1.538733e+02
1.487387e-01 -3.664426e-01 -9.184752e-01 -1.142060e+02 3.295668e-01 8.940760e-01 -3.033377e-01 9.040277e+00 9.323425e-01 -2.575809e-01 2.537510e-01 -1.551584e+02
1.250127e-01 3.892358e-01 9.126156e-01 -1.141487e+02 -2.746294e-01 8.974668e-01 -3.451552e-01 9.069564e+00 -9.533890e-01 -2.074823e-01 2.190904e-01 -1.566200e+02
7.314624e-02 -3.743453e-01 -9.243999e-01 -1.141387e+02 4.575523e-01 8.361771e-01 -3.024132e-01 9.109711e+00 8.861690e-01 -4.008410e-01 2.324458e-01 -1.584402e+02
1.083570e-01 5.326381e-01 8.393780e-01 -1.141251e+02 -2.939294e-01 8.237644e-01 -4.847863e-01 9.147751e+00 -9.496653e-01 -1.941879e-01 2.458186e-01 -1.601887e+02
-1.373067e-01 -3.678065e-01 -9.197093e-01 -1.140470e+02 5.017467e-01 7.747424e-01 -3.847394e-01 9.190788e+00 8.540475e-01 -5.142884e-01 7.816837e-02 -1.621638e+02
1.739071e-01 5.702859e-01 8.028265e-01 -1.137191e+02 -5.385806e-01 7.375977e-01 -4.072843e-01 9.230490e+00 -8.244315e-01 -3.615572e-01 4.354184e-01 -1.640840e+02
1.709728e-02 -6.256343e-01 -7.799291e-01 -1.135860e+02 5.581143e-01 6.531806e-01 -5.117260e-01 9.268491e+00 8.295879e-01 -4.265405e-01 3.603431e-01 -1.658433e+02
1.013811e-01 6.338414e-01 7.667901e-01 -1.134232e+02 -5.999468e-01 6.537892e-01 -4.611111e-01 9.303654e+00 -7.935904e-01 -4.132853e-01 4.465529e-01 -1.675173e+02
1.472572e-02 -6.825383e-01 -7.307014e-01 -1.133312e+02 6.620199e-01 5.543191e-01 -5.044404e-01 9.342265e+00 7.493416e-01 -4.763106e-01 4.600167e-01 -1.693005e+02
9.923060e-02 7.332459e-01 6.726840e-01 -1.133058e+02 -6.375120e-01 5.659042e-01 -5.228105e-01 9.384164e+00 -7.640234e-01 -3.769653e-01 5.236081e-01 -1.711686e+02
-2.596311e-02 -7.205330e-01 -6.929344e-01 -1.132266e+02 7.327990e-01 4.577605e-01 -5.034491e-01 9.428568e+00 6.799497e-01 -5.208527e-01 5.161209e-01 -1.731390e+02
1.270167e-01 8.029581e-01 5.823445e-01 -1.133009e+02 -6.848744e-01 4.956819e-01 -5.340848e-01 9.478862e+00 -7.175053e-01 -3.309951e-01 6.128853e-01 -1.751654e+02
-1.320231e-02 -7.736315e-01 -6.334982e-01 -1.133980e+02 8.446575e-01 3.304435e-01 -4.211423e-01 9.527514e+00 5.351443e-01 -5.406491e-01 6.490910e-01 -1.771392e+02
8.695379e-02 8.879932e-01 4.515608e-01 -1.134917e+02 -7.423951e-01 3.600155e-01 -5.650118e-01 9.570270e+00 -6.642955e-01 -2.861066e-01 6.905465e-01 -1.789424e+02
-4.600548e-02 -7.875666e-01 -6.145098e-01 -1.135519e+02 8.722725e-01 2.681379e-01 -4.089532e-01 9.605929e+00 4.868512e-01 -5.548341e-01 6.746369e-01 -1.805567e+02
3.009491e-02 9.114296e-01 4.103540e-01 -1.136182e+02 -7.345707e-01 2.985837e-01 -6.093059e-01 9.641519e+00 -6.778644e-01 -2.830971e-01 6.784953e-01 -1.821688e+02
-1.166938e-02 -7.979420e-01 -6.026213e-01 -1.136579e+02 9.518402e-01 1.757874e-01 -2.511951e-01 9.678791e+00 3.063724e-01 -5.765305e-01 7.574619e-01 -1.838457e+02
5.009295e-02 9.721221e-01 2.290618e-01 -1.136793e+02 -6.888737e-01 1.996925e-01 -6.968328e-01 9.708247e+00 -7.231485e-01 -1.228883e-01 6.796725e-01 -1.852550e+02
3.046221e-01 -7.567599e-01 -5.783768e-01 -1.136323e+02 9.248636e-01 8.986624e-02 3.695285e-01 9.715742e+00 -2.276678e-01 -6.474862e-01 7.272750e-01 -1.859005e+02
3.944840e-01 8.895375e-01 -2.304462e-01 -1.135409e+02 -6.801526e-01 1.140281e-01 -7.241478e-01 9.725280e+00 -6.178792e-01 4.424033e-01 6.500035e-01 -1.866903e+02
1.694199e-01 -6.975055e-01 -6.962636e-01 -1.135003e+02 9.855292e-01 1.160376e-01 1.235616e-01 9.754292e+00 -5.392087e-03 -7.071219e-01 7.070711e-01 -1.881240e+02
2.366128e-01 9.669002e-01 -9.549026e-02 -1.134815e+02 -7.232298e-01 1.096448e-01 -6.818480e-01 9.791232e+00 -6.488089e-01 2.303954e-01 7.252344e-01 -1.898467e+02
1.637727e-01 -8.082993e-01 -5.655358e-01 -1.135204e+02 9.710605e-01 3.106754e-02 2.368043e-01 9.834683e+00 -1.738390e-01 -5.879515e-01 7.899956e-01 -1.917754e+02
2.805419e-01 9.270272e-01 -2.488310e-01 -1.134481e+02 -7.418900e-01 4.493917e-02 -6.690139e-01 9.870254e+00 -6.090118e-01 3.722917e-01 7.003595e-01 -1.934825e+02
2.385788e-01 -8.417325e-01 -4.843207e-01 -1.134396e+02 8.918923e-01 -7.386137e-03 4.521875e-01 9.917384e+00 -3.841982e-01 -5.398443e-01 7.489726e-01 -1.956090e+02
1.057253e-01 8.541720e-01 -5.091289e-01 -1.131723e+02 -9.769552e-01 -6.246085e-03 -2.133530e-01 9.960403e+00 -1.854202e-01 5.199530e-01 8.338275e-01 -1.976778e+02
6.998371e-02 -9.930567e-01 -9.455564e-02 -1.125529e+02 9.516570e-01 3.804431e-02 3.047976e-01 9.990465e+00 -2.990840e-01 -1.113154e-01 9.477118e-01 -1.994321e+02
1.686240e-01 9.080289e-01 -3.834703e-01 -1.125594e+02 -9.817238e-01 1.198930e-01 -1.477974e-01 1.002802e+01 -8.822890e-02 4.013842e-01 9.116504e-01 -2.011404e+02
6.632718e-02 -9.973593e-01 2.958244e-02 -1.125350e+02 8.516895e-01 7.203580e-02 5.190722e-01 1.006254e+01 -5.198325e-01 -9.233537e-03 8.542183e-01 -2.027530e+02
2.305081e-01 7.897848e-01 -5.684241e-01 -1.124582e+02 -9.714943e-01 1.535522e-01 -1.806118e-01 1.009042e+01 -5.536167e-02 5.938533e-01 8.026664e-01 -2.041411e+02
1.556856e-01 -9.877281e-01 1.245742e-02 -1.122592e+02 7.941335e-01 1.326514e-01 5.930898e-01 1.011349e+01 -5.874640e-01 -8.244268e-02 8.050399e-01 -2.053243e+02
1.512495e-01 7.617097e-01 -6.300175e-01 -1.118517e+02 -9.841752e-01 1.755636e-01 -2.401134e-02 1.013298e+01 9.231844e-02 6.236793e-01 7.762097e-01 -2.063810e+02
9.896485e-02 -9.851168e-01 1.405376e-01 -1.114893e+02 7.779613e-01 1.646569e-01 6.063533e-01 1.015393e+01 -6.204693e-01 4.932516e-02 7.826780e-01 -2.075076e+02
2.568099e-01 7.191873e-01 -6.456147e-01 -1.111008e+02 -9.620434e-01 2.540346e-01 -9.969382e-02 1.017162e+01 9.230991e-02 6.467117e-01 7.571280e-01 -2.084568e+02
9.426974e-02 -9.784274e-01 1.838286e-01 -1.111136e+02 6.494491e-01 2.003893e-01 7.335258e-01 1.019536e+01 -7.545390e-01 5.023802e-02 6.543294e-01 -2.094054e+02
7.894805e-02 5.785622e-01 -8.118085e-01 -1.112379e+02 -9.438806e-01 3.053737e-01 1.258427e-01 1.023262e+01 3.207128e-01 7.563152e-01 5.702023e-01 -2.109156e+02
6.821043e-02 -9.183639e-01 3.898141e-01 -1.112917e+02 7.007550e-01 3.222159e-01 6.364898e-01 1.027807e+01 -7.101336e-01 2.297489e-01 6.655266e-01 -2.129212e+02
5.924212e-02 6.341530e-01 -7.709347e-01 -1.109760e+02 -8.991541e-01 3.693565e-01 2.347290e-01 1.031303e+01 4.336039e-01 6.792833e-01 5.920827e-01 -2.146563e+02
9.040700e-02 -8.533721e-01 5.134029e-01 -1.106244e+02 7.390584e-01 4.030338e-01 5.397744e-01 1.034968e+01 -6.675472e-01 3.306354e-01 6.671290e-01 -2.164581e+02
-9.085652e-02 6.998553e-01 -7.084826e-01 -1.106271e+02 -7.122882e-01 4.515265e-01 5.373727e-01 1.038962e+01 6.959818e-01 5.534676e-01 4.574745e-01 -2.182948e+02
-7.376925e-02 -6.337684e-01 7.699973e-01 -1.106913e+02 7.945834e-01 4.292311e-01 4.294157e-01 1.043486e+01 -6.026569e-01 6.435047e-01 4.719177e-01 -2.202651e+02
-2.458986e-02 7.287195e-01 -6.843707e-01 -1.107844e+02 -5.420395e-01 5.654957e-01 6.216170e-01 1.048425e+01 8.399932e-01 3.862414e-01 3.810893e-01 -2.223826e+02
5.756493e-02 -4.580792e-01 8.870455e-01 -1.108598e+02 8.183271e-01 5.306053e-01 2.209044e-01 1.053294e+01 -5.718627e-01 7.131770e-01 4.054029e-01 -2.244849e+02
1.615532e-01 7.557834e-01 -6.345802e-01 -1.111732e+02 -3.880463e-01 6.398798e-01 6.633053e-01 1.058456e+01 9.073702e-01 1.390874e-01 3.966535e-01 -2.264389e+02
6.557951e-02 -2.804315e-01 9.576312e-01 -1.114704e+02 8.493484e-01 5.194063e-01 9.393809e-02 1.063877e+01 -5.237428e-01 8.072021e-01 2.722465e-01 -2.284201e+02
-2.467239e-02 8.062906e-01 -5.910049e-01 -1.114770e+02 -6.441824e-02 5.886740e-01 8.057998e-01 1.068358e+01 9.976179e-01 5.795250e-02 3.741582e-02 -2.304044e+02
2.223077e-01 6.537077e-03 9.749546e-01 -1.114619e+02 8.196946e-01 5.401852e-01 -1.905275e-01 1.072712e+01 -5.279015e-01 8.415208e-01 1.147289e-01 -2.323473e+02
2.422710e-01 7.424754e-01 -6.245279e-01 -1.115110e+02 1.295290e-01 6.131897e-01 7.792436e-01 1.077149e+01 9.615233e-01 -2.696826e-01 5.238601e-02 -2.342908e+02
2.416872e-01 1.978926e-01 9.499609e-01 -1.115210e+02 8.075452e-01 5.017783e-01 -3.099828e-01 1.081057e+01 -5.380131e-01 8.420553e-01 -3.853380e-02 -2.360175e+02
4.068511e-01 7.199548e-01 -5.622609e-01 -1.115071e+02 1.282802e-01 5.643778e-01 8.154887e-01 1.084335e+01 9.044426e-01 -4.039094e-01 1.372618e-01 -2.375343e+02
3.215641e-01 1.773295e-01 9.301348e-01 -1.114799e+02 8.129118e-01 4.520250e-01 -3.672163e-01 1.087670e+01 -4.855624e-01 8.742012e-01 1.201784e-03 -2.390919e+02
4.634893e-01 7.443375e-01 -4.807695e-01 -1.114271e+02 8.845416e-02 5.009913e-01 8.609202e-01 1.089882e+01 8.816765e-01 -4.415534e-01 1.663643e-01 -2.402709e+02
5.536800e-01 1.138088e-01 8.249158e-01 -1.107761e+02 7.291334e-01 4.122569e-01 -5.462680e-01 1.093369e+01 -4.022474e-01 9.039313e-01 1.452766e-01 -2.420045e+02
3.625010e-01 6.467434e-01 -6.710559e-01 -1.090218e+02 3.850779e-01 5.517566e-01 7.397835e-01 1.097536e+01 8.487096e-01 -5.265811e-01 -4.903431e-02 -2.443245e+02
2.436259e-01 5.108375e-01 8.244340e-01 -1.052316e+02 8.182969e-01 3.480270e-01 -4.574575e-01 1.102690e+01 -5.206117e-01 7.860803e-01 -3.332284e-01 -2.470028e+02
5.673898e-01 6.284233e-01 -5.321212e-01 -9.989499e+01 1.783875e-01 5.370596e-01 8.244664e-01 1.109164e+01 8.038947e-01 -5.627176e-01 1.926193e-01 -2.504900e+02
6.350666e-01 3.281152e-01 6.993074e-01 -9.591032e+01 6.336978e-01 2.963882e-01 -7.145496e-01 1.115346e+01 -4.417211e-01 8.969361e-01 -1.969962e-02 -2.539828e+02
4.335052e-01 4.748833e-01 -7.658715e-01 -9.187984e+01 6.396138e-01 4.365361e-01 6.327167e-01 1.122165e+01 6.347971e-01 -7.641479e-01 -1.145012e-01 -2.575571e+02
5.639296e-01 7.428718e-01 3.607282e-01 -8.866561e+01 3.300780e-01 1.976419e-01 -9.230310e-01 1.127923e+01 -7.569887e-01 6.395930e-01 -1.337495e-01 -2.608353e+02
3.397995e-03 2.168493e-01 -9.761992e-01 -8.649090e+01 9.729716e-01 2.246899e-01 5.329857e-02 1.134069e+01 2.308999e-01 -9.499952e-01 -2.102247e-01 -2.639382e+02
9.478361e-02 9.946799e-01 4.034877e-02 -8.456151e+01 -2.112227e-01 5.970286e-02 -9.756129e-01 1.140332e+01 -9.728315e-01 8.394954e-02 2.157578e-01 -2.671763e+02
-3.238132e-01 -3.369034e-01 -8.841047e-01 -8.252057e+01 9.336761e-01 3.727454e-02 -3.561734e-01 1.145446e+01 1.529506e-01 -9.408011e-01 3.024887e-01 -2.699367e+02
-2.739216e-01 9.528877e-01 1.302765e-01 -8.091397e+01 -6.705953e-01 -9.213753e-02 -7.360792e-01 1.149558e+01 -6.893975e-01 -2.889908e-01 6.642405e-01 -2.722523e+02
-4.963207e-01 -7.416935e-01 -4.511723e-01 -7.988050e+01 7.597571e-01 -1.196407e-01 -6.391050e-01 1.153660e+01 4.200415e-01 -6.599825e-01 6.228871e-01 -2.744254e+02
-4.038174e-01 8.289197e-01 3.870707e-01 -7.950925e+01 -8.409748e-01 -1.697939e-01 -5.137426e-01 1.158001e+01 -3.601291e-01 -5.329749e-01 7.656663e-01 -2.765667e+02
-5.041502e-01 -8.379400e-01 -2.090196e-01 -7.947405e+01 7.071582e-01 -2.616103e-01 -6.568769e-01 1.162192e+01 4.957418e-01 -4.789745e-01 7.244470e-01 -2.784736e+02
-2.979033e-01 7.563757e-01 5.823653e-01 -7.938036e+01 -9.540268e-01 -2.569693e-01 -1.542716e-01 1.166957e+01 3.296275e-02 -6.015501e-01 7.981547e-01 -2.806615e+02
