9.999841e-01 1.380972e-03 -5.475790e-03 3.507714e-02 -1.378584e-03 9.999990e-01 4.397188e-04 6.678676e-03 5.476392e-03 -4.321637e-04 9.999849e-01 -5.528666e-01
9.999996e-01 -4.209322e-04 -7.781733e-04 4.589298e-02 4.210775e-04 9.999999e-01 1.865903e-04 3.924277e-03 7.780950e-04 -1.869172e-04 9.999997e-01 -6.004165e-01
9.999856e-01 1.394353e-03 -5.190413e-03 4.739054e-02 -1.392400e-03 9.999990e-01 3.797983e-04 3.949100e-03 5.190937e-03 -3.725664e-04 9.999865e-01 -7.511480e-01
9.999995e-01 -5.068801e-04 -8.916134e-04 5.145858e-02 5.070105e-04 9.999999e-01 1.459381e-04 7.602179e-04 8.915397e-04 -1.463894e-04 9.999996e-01 -7.627507e-01
9.999910e-01 1.712207e-03 -3.892754e-03 3.583377e-02 -1.711269e-03 9.999985e-01 2.443108e-04 4.887295e-03 3.893166e-03 -2.376478e-04 9.999924e-01 -1.161546e+00
9.999968e-01 -8.004307e-04 -2.415677e-03 2.285844e-02 8.015953e-04 9.999996e-01 4.811504e-04 6.438780e-04 2.415291e-03 -4.830845e-04 9.999970e-01 -1.106724e+00
9.999883e-01 1.319810e-03 -4.646331e-03 3.992833e-02 -1.319434e-03 9.999991e-01 8.391240e-05 -7.732351e-03 4.646437e-03 -7.778161e-05 9.999892e-01 -8.217193e-01
9.999958e-01 -6.735852e-04 -2.813601e-03 8.850619e-02 6.752854e-04 9.999996e-01 6.033552e-04 -1.622898e-02 2.813194e-03 -6.052520e-04 9.999959e-01 -6.117018e-01
9.999943e-01 1.220025e-03 -3.160184e-03 2.250287e-02 -1.219724e-03 9.999993e-01 9.713870e-05 -2.026137e-02 3.160300e-03 -9.328430e-05 9.999950e-01 -3.930756e-01
9.999994e-01 6.118232e-05 -1.093456e-03 -6.480403e-02 -6.066975e-05 9.999999e-01 4.687516e-04 -1.091435e-02 1.093485e-03 -4.686843e-04 9.999993e-01 -8.866680e-01
9.999906e-01 1.293281e-03 -4.141877e-03 -5.309980e-03 -1.294611e-03 9.999991e-01 -3.185060e-04 -2.593176e-03 4.141462e-03 3.238644e-04 9.999914e-01 -1.537466e+00
9.999994e-01 3.154164e-04 1.063126e-03 -8.158847e-02 -3.162242e-04 9.999997e-01 7.598421e-04 1.038287e-02 -1.062886e-03 -7.601771e-04 9.999991e-01 -2.189637e+00
9.999921e-01 1.158386e-03 -3.791136e-03 -1.679218e-01 -1.160658e-03 9.999991e-01 -5.971623e-04 2.296394e-02 3.790441e-03 6.015572e-04 9.999926e-01 -2.889815e+00
9.999998e-01 4.316139e-04 5.361234e-04 -1.706853e-01 -4.319467e-04 9.999997e-01 6.210453e-04 3.635411e-02 -5.358549e-04 -6.212760e-04 9.999997e-01 -3.702502e+00
9.999925e-01 1.004785e-03 -3.727309e-03 -2.737763e-01 -1.004844e-03 9.999995e-01 -1.383782e-05 4.714167e-02 3.727293e-03 1.758237e-05 9.999931e-01 -4.200906e+00
9.999999e-01 3.839079e-04 1.295826e-04 -3.788566e-01 -3.839842e-04 9.999998e-01 5.900818e-04 5.850840e-02 -1.293556e-04 -5.901307e-04 9.999998e-01 -4.762950e+00
9.999963e-01 1.329250e-03 -2.353994e-03 -3.727913e-01 -1.331523e-03 9.999986e-01 -9.642828e-04 7.449303e-02 2.352709e-03 9.674130e-04 9.999968e-01 -5.750429e+00
9.999999e-01 4.666437e-04 -2.692273e-04 -3.610263e-01 -4.664585e-04 9.999997e-01 6.873415e-04 9.062637e-02 2.695483e-04 -6.872151e-04 9.999997e-01 -6.717982e+00
9.999973e-01 1.223972e-03 -1.980066e-03 -4.009675e-01 -1.225405e-03 9.999990e-01 -7.222488e-04 1.074098e-01 1.979180e-03 7.246726e-04 9.999978e-01 -7.571000e+00
9.999993e-01 4.531826e-04 1.111302e-03 -5.175722e-01 -4.541265e-04 9.999995e-01 8.492889e-04 1.274891e-01 -1.110917e-03 -8.497923e-04 9.999990e-01 -8.412569e+00
9.999980e-01 1.530755e-03 -1.300851e-03 -5.920680e-01 -1.532285e-03 9.999981e-01 -1.175870e-03 1.506558e-01 1.299048e-03 1.177860e-03 9.999985e-01 -9.557211e+00
9.999996e-01 4.860648e-04 7.070065e-04 -6.279911e-01 -4.865284e-04 9.999997e-01 6.558676e-04 1.721808e-01 -7.066871e-04 -6.562106e-04 9.999995e-01 -1.071543e+01
9.999952e-01 1.222074e-03 -2.861643e-03 -6.324307e-01 -1.224717e-03 9.999988e-01 -9.217175e-04 1.883832e-01 2.860512e-03 9.252170e-04 9.999955e-01 -1.167750e+01
9.999990e-01 5.446335e-04 1.302789e-03 -6.234876e-01 -5.451558e-04 9.999998e-01 4.006239e-04 2.064103e-01 -1.302570e-03 -4.013330e-04 9.999991e-01 -1.275718e+01
9.999914e-01 1.094177e-03 -4.011578e-03 -6.246585e-01 -1.096125e-03 9.999993e-01 -4.832245e-04 2.215140e-01 4.011047e-03 4.876168e-04 9.999918e-01 -1.361868e+01
9.999996e-01 1.651441e-04 -8.782751e-04 -6.330958e-01 -1.643175e-04 9.999995e-01 9.410806e-04 2.310320e-01 8.784304e-04 -9.409352e-04 9.999992e-01 -1.416294e+01
9.999966e-01 1.459881e-03 -2.164771e-03 -6.112687e-01 -1.462340e-03 9.999983e-01 -1.134573e-03 2.460069e-01 2.163110e-03 1.137734e-03 9.999970e-01 -1.509384e+01
9.999988e-01 4.679433e-04 1.490892e-03 -6.235038e-01 -4.688448e-04 9.999997e-01 6.044347e-04 2.667823e-01 -1.490609e-03 -6.051323e-04 9.999987e-01 -1.624477e+01
9.999989e-01 1.492877e-03 -1.148683e-05 -7.668136e-01 -1.492885e-03 9.999986e-01 -7.268192e-04 2.907813e-01 1.040143e-05 7.268348e-04 9.999997e-01 -1.724731e+01
9.999943e-01 5.029143e-04 3.324491e-03 -1.130492e+00 -5.068000e-04 9.999992e-01 1.168095e-03 3.228632e-01 -3.323901e-03 -1.169773e-03 9.999938e-01 -1.805727e+01
9.999956e-01 1.446262e-03 -2.582948e-03 -1.366883e+00 -1.448250e-03 9.999987e-01 -7.677145e-04 3.491755e-01 2.581834e-03 7.714512e-04 9.999964e-01 -1.886680e+01
9.999999e-01 3.021822e-04 1.158944e-04 -1.406442e+00 -3.022828e-04 9.999996e-01 8.696847e-04 3.662765e-01 -1.156313e-04 -8.697190e-04 9.999996e-01 -1.970466e+01
9.999971e-01 1.572549e-03 -1.798335e-03 -1.379559e+00 -1.575058e-03 9.999978e-01 -1.394581e-03 3.857819e-01 1.796138e-03 1.397409e-03 9.999974e-01 -2.086377e+01
9.999999e-01 4.450060e-04 8.121137e-05 -1.329081e+00 -4.450618e-04 9.999997e-01 6.881586e-04 4.056318e-01 -8.090478e-05 -6.881939e-04 9.999998e-01 -2.204939e+01
9.999954e-01 1.272996e-03 -2.766759e-03 -1.286181e+00 -1.276042e-03 9.999986e-01 -1.099376e-03 4.224718e-01 2.765355e-03 1.102901e-03 9.999956e-01 -2.307286e+01
9.999998e-01 4.907906e-04 -3.756807e-04 -1.271640e+00 -4.904537e-04 9.999995e-01 8.962914e-04 4.389417e-01 3.761207e-04 -8.961063e-04 9.999995e-01 -2.400338e+01
9.999901e-01 1.103611e-03 -4.305021e-03 -1.236430e+00 -1.107130e-03 9.999991e-01 -8.151239e-04 4.515177e-01 4.304117e-03 8.198813e-04 9.999904e-01 -2.472107e+01
9.999937e-01 -2.952745e-06 -3.545624e-03 -1.128522e+00 7.343605e-06 9.999992e-01 1.238357e-03 4.550418e-01 3.545618e-03 -1.238375e-03 9.999929e-01 -2.514431e+01
9.999874e-01 9.559399e-04 -4.918993e-03 -1.015135e+00 -9.591208e-04 9.999993e-01 -6.443210e-04 4.565973e-01 4.918373e-03 6.490301e-04 9.999877e-01 -2.546897e+01
9.999975e-01 1.706383e-04 -2.233118e-03 -8.978601e-01 -1.684610e-04 9.999995e-01 9.751291e-04 4.619160e-01 2.233284e-03 -9.747498e-04 9.999970e-01 -2.598026e+01
9.999869e-01 9.296138e-04 -5.034916e-03 -7.681085e-01 -9.330639e-04 9.999993e-01 -6.829113e-04 4.669521e-01 5.034277e-03 6.875996e-04 9.999871e-01 -2.650716e+01
9.999991e-01 2.294353e-04 -1.358673e-03 -6.390593e-01 -2.282024e-04 9.999996e-01 9.074763e-04 4.736306e-01 1.358881e-03 -9.071647e-04 9.999987e-01 -2.711695e+01
9.999940e-01 1.201417e-03 -3.256354e-03 -5.594661e-01 -1.204502e-03 9.999988e-01 -9.454879e-04 4.853137e-01 3.255214e-03 9.494037e-04 9.999943e-01 -2.793154e+01
9.999998e-01 4.709920e-04 -4.797478e-04 -5.228968e-01 -4.706128e-04 9.999996e-01 7.899244e-04 4.996067e-01 4.801200e-04 -7.896978e-04 9.999996e-01 -2.881961e+01
9.999986e-01 1.459141e-03 -8.588312e-04 -6.278333e-01 -1.459753e-03 9.999987e-01 -7.118047e-04 5.205011e-01 8.577911e-04 7.130567e-04 9.999994e-01 -2.977200e+01
9.999998e-01 5.240569e-04 2.810371e-04 -7.868781e-01 -5.243056e-04 9.999995e-01 8.861220e-04 5.437927e-01 -2.805722e-04 -8.862685e-04 9.999996e-01 -3.068977e+01
9.999985e-01 1.661013e-03 4.073791e-04 -1.011636e+00 -1.660748e-03 9.999984e-01 -6.491810e-04 5.710951e-01 -4.084570e-04 6.485027e-04 9.999997e-01 -3.166868e+01
9.999964e-01 5.459358e-04 2.624322e-03 -1.514944e+00 -5.499021e-04 9.999987e-01 1.510904e-03 6.062348e-01 -2.623494e-03 -1.512341e-03 9.999954e-01 -3.238856e+01
9.999985e-01 1.564362e-03 -6.925090e-04 -1.968909e+00 -1.564823e-03 9.999986e-01 -6.648308e-04 6.382022e-01 6.914677e-04 6.659128e-04 9.999995e-01 -3.304371e+01
9.999988e-01 5.666724e-04 1.448111e-03 -2.313818e+00 -5.685144e-04 9.999990e-01 1.271963e-03 6.674520e-01 -1.447389e-03 -1.272784e-03 9.999981e-01 -3.380378e+01
9.999983e-01 1.482698e-03 -1.091375e-03 -2.697415e+00 -1.483154e-03 9.999988e-01 -4.172914e-04 6.968740e-01 1.090754e-03 4.189086e-04 9.999993e-01 -3.444888e+01
9.999979e-01 6.441615e-04 1.963560e-03 -3.002282e+00 -6.458305e-04 9.999994e-01 8.495105e-04 7.257218e-01 -1.963011e-03 -8.507761e-04 9.999977e-01 -3.532068e+01
9.999986e-01 1.654947e-03 -1.441481e-04 -3.287790e+00 -1.655044e-03 9.999984e-01 -6.783909e-04 7.565926e-01 1.430249e-04 6.786278e-04 9.999998e-01 -3.638432e+01
9.999986e-01 7.703983e-04 1.509834e-03 -3.463900e+00 -7.708340e-04 9.999997e-01 2.880723e-04 7.852301e-01 -1.509612e-03 -2.892350e-04 9.999988e-01 -3.766306e+01
9.999976e-01 1.335251e-03 -1.742132e-03 -3.452322e+00 -1.337057e-03 9.999986e-01 -1.036053e-03 8.095430e-01 1.740746e-03 1.038379e-03 9.999979e-01 -3.902189e+01
9.999934e-01 1.205901e-03 3.416159e-03 -3.517959e+00 -1.206231e-03 9.999993e-01 9.457910e-05 8.401580e-01 -3.416042e-03 -9.869844e-05 9.999942e-01 -4.056127e+01
9.999989e-01 1.458702e-03 3.314066e-04 -3.662618e+00 -1.458339e-03 9.999983e-01 -1.094804e-03 8.738365e-01 -3.330034e-04 1.094319e-03 9.999993e-01 -4.214796e+01
9.999993e-01 8.023434e-04 9.154967e-04 -3.801584e+00 -8.029785e-04 9.999994e-01 6.936473e-04 9.002217e-01 -9.149394e-04 -6.943812e-04 9.999993e-01 -4.337613e+01
9.999990e-01 1.389229e-03 2.480325e-04 -3.918045e+00 -1.388920e-03 9.999983e-01 -1.242756e-03 9.264597e-01 -2.497589e-04 1.242409e-03 9.999992e-01 -4.469164e+01
9.999975e-01 1.036642e-03 1.975116e-03 -3.949780e+00 -1.036769e-03 9.999995e-01 6.323074e-05 9.556748e-01 -1.975049e-03 -6.527760e-05 9.999980e-01 -4.626120e+01
9.999988e-01 1.412443e-03 6.687620e-04 -4.024464e+00 -1.411717e-03 9.999984e-01 -1.085369e-03 9.860229e-01 -6.702942e-04 1.084423e-03 9.999992e-01 -4.781190e+01
9.999235e-01 -3.016706e-03 1.199938e-02 -4.079316e+00 3.060981e-03 9.999886e-01 -3.673146e-03 9.580290e-01 -1.198816e-02 3.709596e-03 9.999213e-01 -4.537229e+01
9.999528e-01 1.788367e-03 -9.554888e-03 -3.969854e+00 -1.786527e-03 9.999984e-01 2.011424e-04 9.021575e-01 9.555232e-03 -1.840635e-04 9.999543e-01 -4.283665e+01
9.999275e-01 7.246819e-04 1.202294e-02 -4.035056e+00 -7.101910e-04 9.999990e-01 -1.209491e-03 9.320100e-01 -1.202381e-02 1.200865e-03 9.999270e-01 -4.436665e+01
9.999536e-01 1.810716e-03 -9.460642e-03 -4.116703e+00 -1.808789e-03 9.999983e-01 2.122577e-04 9.618793e-01 9.461010e-03 -1.951362e-04 9.999552e-01 -4.589514e+01
9.999404e-01 4.191010e-04 1.091061e-02 -4.174429e+00 -4.073757e-04 9.999993e-01 -1.076860e-03 9.876585e-01 -1.091105e-02 1.072352e-03 9.999399e-01 -4.726873e+01
9.999468e-01 1.703442e-03 -1.017007e-02 -4.228962e+00 -1.699815e-03 9.999985e-01 3.652006e-04 1.011708e+00 1.017068e-02 -3.478947e-04 9.999482e-01 -4.854547e+01
9.999404e-01 4.031262e-04 1.091449e-02 -4.283517e+00 -3.916982e-04 9.999994e-01 -1.049159e-03 1.036205e+00 -1.091490e-02 1.044822e-03 9.999399e-01 -4.984909e+01
9.999589e-01 2.092221e-03 -8.823532e-03 -4.358028e+00 -2.091419e-03 9.999978e-01 1.001023e-04 1.065632e+00 8.823722e-03 -8.164521e-05 9.999611e-01 -5.133811e+01
9.999192e-01 4.752097e-04 1.270670e-02 -4.498634e+00 -4.606557e-04 9.999992e-01 -1.148271e-03 1.098826e+00 -1.270723e-02 1.142326e-03 9.999186e-01 -5.295298e+01
9.999648e-01 2.261875e-03 -8.080826e-03 -4.703448e+00 -2.259498e-03 9.999974e-01 3.032707e-04 1.134763e+00 8.081491e-03 -2.850022e-04 9.999673e-01 -5.451913e+01
9.999342e-01 1.883028e-04 1.146652e-02 -4.901419e+00 -1.793446e-04 9.999997e-01 -7.822668e-04 1.167280e+00 -1.146666e-02 7.801596e-04 9.999340e-01 -5.591195e+01
9.999684e-01 2.404382e-03 -7.574642e-03 -5.137746e+00 -2.401745e-03 9.999971e-01 3.572356e-04 1.202130e+00 7.575479e-03 -3.390327e-04 9.999712e-01 -5.733819e+01
9.999370e-01 1.216354e-04 1.122363e-02 -5.358213e+00 -1.117668e-04 9.999996e-01 -8.798868e-04 1.235833e+00 -1.122373e-02 8.785777e-04 9.999366e-01 -5.877942e+01
9.999377e-01 1.863671e-03 -1.100284e-02 -5.455122e+00 -1.860159e-03 9.999982e-01 3.293902e-04 1.258505e+00 1.100343e-02 -3.089034e-04 9.999394e-01 -5.995514e+01
9.999167e-01 4.590373e-04 1.289624e-02 -5.659290e+00 -4.510313e-04 9.999997e-01 -6.237047e-04 1.287249e+00 -1.289652e-02 6.178369e-04 9.999166e-01 -6.121649e+01
9.999798e-01 2.368803e-03 -5.902331e-03 -6.075415e+00 -2.367521e-03 9.999972e-01 2.242538e-04 1.329429e+00 5.902845e-03 -2.102761e-04 9.999826e-01 -6.270797e+01
9.999369e-01 3.306153e-04 1.123144e-02 -6.439181e+00 -3.268783e-04 9.999999e-01 -3.345528e-04 1.366412e+00 -1.123154e-02 3.308611e-04 9.999369e-01 -6.400919e+01
9.999777e-01 2.206203e-03 -6.295754e-03 -6.712166e+00 -2.208390e-03 9.999975e-01 -3.404512e-04 1.401816e+00 6.294987e-03 3.543464e-04 9.999801e-01 -6.551413e+01
9.999260e-01 5.949742e-04 1.215413e-02 -6.875634e+00 -5.828609e-04 9.999993e-01 -1.000152e-03 1.439567e+00 -1.215471e-02 9.929946e-04 9.999256e-01 -6.729457e+01
9.999595e-01 1.983445e-03 -8.774339e-03 -7.084557e+00 -1.979051e-03 9.999979e-01 5.094361e-04 1.471453e+00 8.775331e-03 -4.920513e-04 9.999614e-01 -6.864921e+01
9.999410e-01 2.199603e-04 1.086497e-02 -7.327477e+00 -2.151967e-04 9.999999e-01 -4.396012e-04 1.499311e+00 -1.086506e-02 4.372379e-04 9.999409e-01 -6.970800e+01
9.999686e-01 1.986226e-03 -7.673170e-03 -7.652140e+00 -1.981858e-03 9.999979e-01 5.767686e-04 1.530678e+00 7.674299e-03 -5.615441e-04 9.999704e-01 -7.076201e+01
9.999212e-01 6.755667e-04 1.253444e-02 -7.977366e+00 -6.666833e-04 9.999995e-01 -7.128795e-04 1.568054e+00 -1.253492e-02 7.044675e-04 9.999212e-01 -7.212813e+01
9.999680e-01 1.930149e-03 -7.765119e-03 -8.224547e+00 -1.930209e-03 9.999981e-01 -1.281867e-07 1.603680e+00 7.765104e-03 1.511575e-05 9.999699e-01 -7.363703e+01
9.999195e-01 8.056010e-04 1.266043e-02 -8.389072e+00 -7.917286e-04 9.999991e-01 -1.100696e-03 1.640037e+00 -1.266131e-02 1.090585e-03 9.999192e-01 -7.530426e+01
9.999658e-01 1.775060e-03 -8.073984e-03 -8.599635e+00 -1.771894e-03 9.999984e-01 3.992588e-04 1.675760e+00 8.074679e-03 -3.849397e-04 9.999673e-01 -7.683233e+01
9.999338e-01 7.415822e-04 1.147858e-02 -8.776962e+00 -7.292479e-04 9.999992e-01 -1.078695e-03 1.708589e+00 -1.147937e-02 1.070254e-03 9.999335e-01 -7.829051e+01
9.999730e-01 1.640798e-03 -7.168613e-03 -9.000853e+00 -1.637155e-03 9.999985e-01 5.140333e-04 1.742420e+00 7.169446e-03 -5.022840e-04 9.999742e-01 -7.968051e+01
9.999300e-01 9.514670e-04 1.179308e-02 -9.265082e+00 -9.395245e-04 9.999990e-01 -1.018169e-03 1.778715e+00 -1.179404e-02 1.007019e-03 9.999299e-01 -8.113859e+01
9.999646e-01 1.564035e-03 -8.270351e-03 -9.454058e+00 -1.561008e-03 9.999987e-01 3.723474e-04 1.811503e+00 8.270923e-03 -3.594248e-04 9.999657e-01 -8.256820e+01
9.998778e-01 1.061520e-03 1.559550e-02 -9.666933e+00 -1.034404e-03 9.999979e-01 -1.746651e-03 1.853461e+00 -1.559732e-02 1.730307e-03 9.998769e-01 -8.450638e+01
9.999771e-01 2.512029e-03 -6.286894e-03 -9.856601e+00 -2.514883e-03 9.999967e-01 -4.461831e-04 1.904998e+00 6.285753e-03 4.619830e-04 9.999801e-01 -8.692734e+01
9.999577e-01 5.856615e-04 9.183510e-03 -9.913306e+00 -5.752019e-04 9.999992e-01 -1.141544e-03 1.939674e+00 -9.184171e-03 1.136214e-03 9.999572e-01 -8.868599e+01
9.999870e-01 2.172390e-03 -4.614130e-03 -1.018242e+01 -2.168757e-03 9.999973e-01 7.923140e-04 1.977665e+00 4.615839e-03 -7.822975e-04 9.999890e-01 -9.009962e+01
9.999536e-01 4.649646e-04 9.618204e-03 -1.049542e+01 -4.552708e-04 9.999994e-01 -1.010022e-03 2.016087e+00 -9.618668e-03 1.005597e-03 9.999532e-01 -9.150480e+01
9.999909e-01 2.433919e-03 -3.498193e-03 -1.081172e+01 -2.432290e-03 9.999969e-01 4.699388e-04 2.058319e+00 3.499326e-03 -4.614267e-04 9.999938e-01 -9.311098e+01
9.999669e-01 2.951521e-04 8.134159e-03 -1.103707e+01 -2.857806e-04 9.999993e-01 -1.153250e-03 2.095634e+00 -8.134493e-03 1.150888e-03 9.999663e-01 -9.465736e+01
9.999817e-01 2.168482e-03 -5.648262e-03 -1.118154e+01 -2.166240e-03 9.999976e-01 4.031595e-04 2.126052e+00 5.649123e-03 -3.909173e-04 9.999840e-01 -9.608067e+01
9.999579e-01 2.698032e-04 9.168515e-03 -1.133238e+01 -2.587028e-04 9.999992e-01 -1.211876e-03 2.157786e+00 -9.168834e-03 1.209454e-03 9.999572e-01 -9.755177e+01
9.999926e-01 2.460623e-03 -2.961256e-03 -1.165499e+01 -2.458121e-03 9.999966e-01 8.481859e-04 2.198357e+00 2.963333e-03 -8.409012e-04 9.999953e-01 -9.906754e+01
9.999557e-01 5.985605e-04 9.388566e-03 -1.201973e+01 -5.855421e-04 9.999989e-01 -1.389303e-03 2.242255e+00 -9.389386e-03 1.383745e-03 9.999550e-01 -1.006670e+02
9.999889e-01 2.201305e-03 -4.167375e-03 -1.223846e+01 -2.199412e-03 9.999975e-01 4.588271e-04 2.280879e+00 4.168374e-03 -4.496570e-04 9.999912e-01 -1.023335e+02
9.999332e-01 8.942819e-04 1.152563e-02 -1.248027e+01 -8.751170e-04 9.999982e-01 -1.667744e-03 2.324886e+00 -1.152710e-02 1.657547e-03 9.999322e-01 -1.042396e+02
9.999920e-01 2.451853e-03 -3.156392e-03 -1.285461e+01 -2.449480e-03 9.999967e-01 7.555090e-04 2.374143e+00 3.158234e-03 -7.477722e-04 9.999947e-01 -1.061174e+02
9.999612e-01 5.699822e-04 8.792563e-03 -1.305132e+01 -5.538890e-04 9.999982e-01 -1.832644e-03 2.414720e+00 -8.793592e-03 1.827704e-03 9.999597e-01 -1.078997e+02
9.999850e-01 2.043026e-03 -5.082485e-03 -1.316761e+01 -2.039136e-03 9.999976e-01 7.703834e-04 2.448852e+00 5.084047e-03 -7.600087e-04 9.999868e-01 -1.095278e+02
9.999853e-01 1.762976e-04 5.415307e-03 -1.317178e+01 -1.677796e-04 9.999987e-01 -1.573358e-03 2.473563e+00 -5.415578e-03 1.572428e-03 9.999841e-01 -1.108551e+02
9.999878e-01 2.016317e-03 -4.499796e-03 -1.324914e+01 -2.011349e-03 9.999974e-01 1.108312e-03 2.499171e+00 4.502019e-03 -1.099249e-03 9.999893e-01 -1.120826e+02
9.999542e-01 5.245448e-04 9.553463e-03 -1.352587e+01 -5.109810e-04 9.999989e-01 -1.422156e-03 2.535778e+00 -9.554198e-03 1.417210e-03 9.999534e-01 -1.134935e+02
9.999875e-01 2.155909e-03 -4.518421e-03 -1.379071e+01 -2.152095e-03 9.999973e-01 8.487514e-04 2.573379e+00 4.520238e-03 -8.390174e-04 9.999894e-01 -1.149952e+02
9.999860e-01 7.720888e-05 5.287065e-03 -1.389525e+01 -7.080906e-05 9.999993e-01 -1.210644e-03 2.598793e+00 -5.287154e-03 1.210253e-03 9.999853e-01 -1.161597e+02
9.999879e-01 1.895089e-03 -4.536941e-03 -1.396449e+01 -1.891429e-03 9.999979e-01 8.108136e-04 2.624716e+00 4.538468e-03 -8.022232e-04 9.999894e-01 -1.173645e+02
9.999875e-01 1.485900e-04 5.001615e-03 -1.402118e+01 -1.426209e-04 9.999993e-01 -1.193784e-03 2.650241e+00 -5.001788e-03 1.193056e-03 9.999868e-01 -1.185641e+02
9.999782e-01 1.661758e-03 -6.392058e-03 -1.400444e+01 -1.656799e-03 9.999983e-01 7.809256e-04 2.670158e+00 6.393345e-03 -7.703189e-04 9.999793e-01 -1.196538e+02
9.999908e-01 1.323543e-04 4.296618e-03 -1.403307e+01 -1.298714e-04 9.999998e-01 -5.781453e-04 2.688039e+00 -4.296694e-03 5.775827e-04 9.999906e-01 -1.204728e+02
9.999578e-01 1.356224e-03 -9.089657e-03 -1.393370e+01 -1.351415e-03 9.999989e-01 5.351782e-04 2.697281e+00 9.090373e-03 -5.228725e-04 9.999585e-01 -1.211782e+02
9.999978e-01 -1.816852e-04 2.107751e-03 -1.370163e+01 1.833401e-04 9.999997e-01 -7.850222e-04 2.698152e+00 -2.107608e-03 7.854076e-04 9.999975e-01 -1.217813e+02
9.999927e-01 2.024473e-03 -3.255813e-03 -1.369143e+01 -2.023293e-03 9.999979e-01 3.655020e-04 2.718112e+00 3.256546e-03 -3.589126e-04 9.999946e-01 -1.229032e+02
9.999921e-01 2.028861e-05 3.985181e-03 -1.377910e+01 -1.744420e-05 9.999997e-01 -7.137775e-04 2.742599e+00 -3.985194e-03 7.137030e-04 9.999918e-01 -1.240281e+02
9.999891e-01 1.911490e-03 -4.257790e-03 -1.382520e+01 -1.909914e-03 9.999981e-01 3.741826e-04 2.764225e+00 4.258497e-03 -3.660472e-04 9.999909e-01 -1.251064e+02
9.999983e-01 -7.752799e-04 -1.676651e-03 -1.367548e+01 7.745380e-04 9.999996e-01 -4.430998e-04 2.762807e+00 1.676994e-03 4.418012e-04 9.999985e-01 -1.254478e+02
9.999880e-01 1.504617e-03 -4.670096e-03 -1.365151e+01 -1.500312e-03 9.999984e-01 9.253398e-04 2.755254e+00 4.671480e-03 -9.183228e-04 9.999887e-01 -1.253006e+02
9.999983e-01 -4.038286e-05 1.830612e-03 -1.368743e+01 4.169634e-05 9.999997e-01 -7.174696e-04 2.765783e+00 -1.830582e-03 7.175454e-04 9.999981e-01 -1.259267e+02
9.999974e-01 2.065037e-03 -1.015573e-03 -1.385292e+01 -2.064182e-03 9.999975e-01 8.425726e-04 2.790441e+00 1.017310e-03 -8.404748e-04 9.999991e-01 -1.269051e+02
9.999997e-01 -2.968945e-04 -7.356727e-04 -1.389483e+01 2.962504e-04 9.999996e-01 -8.754409e-04 2.807809e+00 7.359325e-04 8.752234e-04 9.999993e-01 -1.277720e+02
9.999700e-01 1.249945e-03 -7.646157e-03 -1.372163e+01 -1.242095e-03 9.999987e-01 1.031270e-03 2.797823e+00 7.647436e-03 -1.021743e-03 9.999702e-01 -1.277184e+02
9.999996e-01 -9.085005e-04 -2.506857e-04 -1.360279e+01 9.082726e-04 9.999992e-01 -9.075729e-04 2.780094e+00 2.515103e-04 9.073455e-04 9.999996e-01 -1.272082e+02
9.999635e-01 1.197817e-03 -8.454374e-03 -1.348016e+01 -1.188404e-03 9.999987e-01 1.118375e-03 2.762269e+00 8.455702e-03 -1.108288e-03 9.999636e-01 -1.267272e+02
9.999993e-01 -7.626232e-04 -9.062643e-04 -1.328356e+01 7.617354e-04 9.999992e-01 -9.795693e-04 2.744613e+00 9.070109e-04 9.788790e-04 9.999991e-01 -1.263856e+02
9.999662e-01 1.136090e-03 -8.148328e-03 -1.309432e+01 -1.127061e-03 9.999987e-01 1.112547e-03 2.727326e+00 8.149581e-03 -1.103327e-03 9.999662e-01 -1.260798e+02
9.999976e-01 1.614148e-04 2.198994e-03 -1.298023e+01 -1.594484e-04 9.999996e-01 -8.943329e-04 2.733011e+00 -2.199137e-03 8.939809e-04 9.999972e-01 -1.266412e+02
9.999583e-01 1.009412e-03 -9.077599e-03 -1.280722e+01 -1.001184e-03 9.999991e-01 9.109007e-04 2.733271e+00 9.078510e-03 -9.017751e-04 9.999584e-01 -1.270983e+02
9.999991e-01 -3.523691e-05 1.371215e-03 -1.269756e+01 3.582237e-05 9.999999e-01 -4.269174e-04 2.729585e+00 -1.371200e-03 4.269669e-04 9.999990e-01 -1.272604e+02
9.999644e-01 9.183492e-04 -8.383422e-03 -1.264374e+01 -9.090996e-04 9.999990e-01 1.107062e-03 2.727762e+00 8.384430e-03 -1.099402e-03 9.999642e-01 -1.273762e+02
9.999994e-01 1.643557e-04 1.082345e-03 -1.255806e+01 -1.637717e-04 9.999998e-01 -5.395829e-04 2.727460e+00 -1.082434e-03 5.394061e-04 9.999993e-01 -1.276263e+02
9.999689e-01 8.097245e-04 -7.843662e-03 -1.247993e+01 -8.016934e-04 9.999992e-01 1.026992e-03 2.727315e+00 7.844486e-03 -1.020673e-03 9.999687e-01 -1.278912e+02
9.999999e-01 2.585373e-04 -2.377190e-04 -1.225937e+01 -2.587739e-04 9.999995e-01 -9.961676e-04 2.725235e+00 2.374616e-04 9.962298e-04 9.999995e-01 -1.283022e+02
9.999667e-01 2.027716e-04 -8.156538e-03 -1.220473e+01 -1.896564e-04 9.999987e-01 1.608681e-03 2.712719e+00 8.156853e-03 -1.607081e-03 9.999654e-01 -1.280121e+02
9.999997e-01 3.504149e-04 7.068058e-04 -1.219399e+01 -3.498282e-04 9.999996e-01 -8.299687e-04 2.707299e+00 -7.070961e-04 8.297219e-04 9.999994e-01 -1.279156e+02
9.999779e-01 7.393119e-04 -6.608501e-03 -1.222178e+01 -7.284160e-04 9.999984e-01 1.651028e-03 2.709284e+00 6.609711e-03 -1.646179e-03 9.999768e-01 -1.280198e+02
9.999977e-01 -3.851455e-05 2.130452e-03 -1.235827e+01 4.041402e-05 9.999996e-01 -8.915191e-04 2.707101e+00 -2.130416e-03 8.916039e-04 9.999973e-01 -1.277155e+02
9.999784e-01 9.055025e-04 -6.504288e-03 -1.251091e+01 -8.936117e-04 9.999979e-01 1.830835e-03 2.708045e+00 6.505933e-03 -1.824984e-03 9.999772e-01 -1.275565e+02
9.999951e-01 -1.946326e-04 3.140039e-03 -1.269624e+01 1.980240e-04 9.999994e-01 -1.079748e-03 2.709080e+00 -3.139827e-03 1.080366e-03 9.999945e-01 -1.272351e+02
9.999738e-01 6.774272e-04 -7.202429e-03 -1.279985e+01 -6.661600e-04 9.999986e-01 1.566646e-03 2.704757e+00 7.203480e-03 -1.561808e-03 9.999728e-01 -1.267847e+02
9.999984e-01 -3.559562e-04 1.774960e-03 -1.279813e+01 3.583415e-04 9.999990e-01 -1.343666e-03 2.693067e+00 -1.774480e-03 1.344301e-03 9.999975e-01 -1.262424e+02
9.999778e-01 7.636270e-04 -6.616039e-03 -1.286642e+01 -7.514901e-04 9.999980e-01 1.836761e-03 2.686084e+00 6.617429e-03 -1.831750e-03 9.999764e-01 -1.257539e+02
9.999921e-01 8.373606e-05 3.980217e-03 -1.312699e+01 -7.997364e-05 9.999995e-01 -9.454142e-04 2.692456e+00 -3.980294e-03 9.450892e-04 9.999916e-01 -1.255439e+02
9.999748e-01 8.441097e-04 -7.044554e-03 -1.339285e+01 -8.301471e-04 9.999977e-01 1.984740e-03 2.700482e+00 7.046212e-03 -1.978842e-03 9.999732e-01 -1.254082e+02
9.999829e-01 3.796002e-04 5.835129e-03 -1.377016e+01 -3.755392e-04 9.999997e-01 -6.970337e-04 2.717653e+00 -5.835392e-03 6.948312e-04 9.999827e-01 -1.254604e+02
9.999768e-01 1.131847e-03 -6.724159e-03 -1.404902e+01 -1.121857e-03 9.999983e-01 1.489274e-03 2.738698e+00 6.725833e-03 -1.481697e-03 9.999763e-01 -1.259740e+02
9.999944e-01 4.864375e-04 3.316290e-03 -1.408734e+01 -4.825692e-04 9.999992e-01 -1.167124e-03 2.754106e+00 -3.316855e-03 1.165518e-03 9.999938e-01 -1.266834e+02
9.999722e-01 1.180098e-03 -7.368879e-03 -1.420187e+01 -1.165802e-03 9.999974e-01 1.944027e-03 2.768271e+00 7.371154e-03 -1.935383e-03 9.999710e-01 -1.271435e+02
9.999891e-01 3.276121e-04 4.666203e-03 -1.444963e+01 -3.240426e-04 9.999997e-01 -7.656808e-04 2.784356e+00 -4.666452e-03 7.641611e-04 9.999888e-01 -1.274469e+02
9.999644e-01 9.736085e-04 -8.387485e-03 -1.468328e+01 -9.568001e-04 9.999975e-01 2.007777e-03 2.794955e+00 8.389419e-03 -1.999681e-03 9.999628e-01 -1.275663e+02
9.999956e-01 -1.290864e-04 2.977390e-03 -1.482575e+01 1.318476e-04 9.999996e-01 -9.271960e-04 2.797553e+00 -2.977269e-03 9.275852e-04 9.999951e-01 -1.275436e+02
9.999470e-01 1.135010e-03 -1.023595e-02 -1.472620e+01 -1.120786e-03 9.999984e-01 1.395250e-03 2.796424e+00 1.023752e-02 -1.383704e-03 9.999466e-01 -1.278064e+02
9.999917e-01 1.309823e-04 4.067804e-03 -1.463636e+01 -1.267140e-04 9.999994e-01 -1.049495e-03 2.802251e+00 -4.067939e-03 1.048971e-03 9.999912e-01 -1.283291e+02
9.999449e-01 1.102976e-03 -1.043636e-02 -1.454866e+01 -1.088881e-03 9.999985e-01 1.356194e-03 2.807952e+00 1.043784e-02 -1.344756e-03 9.999446e-01 -1.288654e+02
9.999904e-01 1.392847e-04 4.383874e-03 -1.447510e+01 -1.348410e-04 9.999995e-01 -1.013888e-03 2.813996e+00 -4.384013e-03 1.013287e-03 9.999899e-01 -1.293751e+02
9.999432e-01 9.684635e-04 -1.061016e-02 -1.441581e+01 -9.529118e-04 9.999985e-01 1.470707e-03 2.815763e+00 1.061157e-02 -1.460514e-03 9.999426e-01 -1.296929e+02
9.999850e-01 3.113975e-04 5.475837e-03 -1.439262e+01 -3.054767e-04 9.999994e-01 -1.082044e-03 2.823044e+00 -5.476170e-03 1.080356e-03 9.999844e-01 -1.302108e+02
9.999017e-01 5.047197e-04 -1.400996e-02 -1.418635e+01 -4.902325e-04 9.999993e-01 1.037483e-03 2.816036e+00 1.401048e-02 -1.030513e-03 9.999013e-01 -1.303285e+02
9.999808e-01 3.163128e-04 6.191456e-03 -1.404988e+01 -3.130669e-04 9.999998e-01 -5.252047e-04 2.811624e+00 -6.191620e-03 5.232571e-04 9.999807e-01 -1.303500e+02
9.999515e-01 1.259333e-03 -9.763700e-03 -1.402670e+01 -1.253811e-03 9.999991e-01 5.716986e-04 2.825656e+00 9.764410e-03 -5.594298e-04 9.999522e-01 -1.311725e+02
9.999867e-01 2.684927e-04 5.153293e-03 -1.393855e+01 -2.646924e-04 9.999997e-01 -7.381127e-04 2.837297e+00 -5.153490e-03 7.367396e-04 9.999864e-01 -1.320035e+02
9.999551e-01 1.234985e-03 -9.392024e-03 -1.386300e+01 -1.229262e-03 9.999991e-01 6.150401e-04 2.849810e+00 9.392774e-03 -6.034680e-04 9.999557e-01 -1.328756e+02
9.999826e-01 4.181567e-04 5.876668e-03 -1.381472e+01 -4.132106e-04 9.999996e-01 -8.428327e-04 2.864560e+00 -5.877018e-03 8.403905e-04 9.999824e-01 -1.338083e+02
9.999071e-01 5.720242e-04 -1.362084e-02 -1.364255e+01 -5.582838e-04 9.999993e-01 1.012567e-03 2.865429e+00 1.362141e-02 -1.004869e-03 9.999067e-01 -1.342678e+02
9.999527e-01 -4.848971e-04 9.714688e-03 -1.361808e+01 4.999138e-04 9.999987e-01 -1.543395e-03 2.849750e+00 -9.713926e-03 1.548179e-03 9.999516e-01 -1.334719e+02
9.999049e-01 6.947054e-04 -1.377519e-02 -1.369512e+01 -6.656252e-04 9.999975e-01 2.115542e-03 2.847054e+00 1.377662e-02 -2.106172e-03 9.999029e-01 -1.330220e+02
9.999960e-01 -1.144852e-04 2.811331e-03 -1.270251e+01 1.265042e-04 9.999909e-01 -4.275348e-03 2.841558e+00 -2.810815e-03 4.275687e-03 9.999869e-01 -1.340497e+02
9.999454e-01 -2.882039e-04 -1.044405e-02 -1.161443e+01 3.120217e-04 9.999974e-01 2.278971e-03 2.834971e+00 1.044337e-02 -2.282106e-03 9.999429e-01 -1.351258e+02
9.999742e-01 1.797301e-03 6.950796e-03 -1.158048e+01 -1.781037e-03 9.999957e-01 -2.345395e-03 2.849064e+00 -6.954981e-03 2.332956e-03 9.999731e-01 -1.359838e+02
9.999447e-01 -2.652350e-04 -1.051000e-02 -1.152685e+01 2.876183e-04 9.999977e-01 2.128270e-03 2.862251e+00 1.050941e-02 -2.131176e-03 9.999425e-01 -1.368599e+02
9.999689e-01 1.820067e-03 7.670737e-03 -1.147276e+01 -1.800674e-03 9.999952e-01 -2.534329e-03 2.876503e+00 -7.675312e-03 2.520438e-03 9.999674e-01 -1.378320e+02
9.999673e-01 1.765356e-05 -8.092389e-03 -1.143245e+01 -4.959178e-06 9.999988e-01 1.568713e-03 2.897972e+00 8.092407e-03 -1.568622e-03 9.999660e-01 -1.391319e+02
9.999574e-01 1.918750e-03 9.031587e-03 -1.174763e+01 -1.909647e-03 9.999977e-01 -1.016494e-03 2.925183e+00 -9.033516e-03 9.992044e-04 9.999587e-01 -1.395462e+02
9.999946e-01 -9.444872e-05 -3.287244e-03 -1.235026e+01 1.010775e-04 9.999980e-01 2.016427e-03 2.967494e+00 3.287046e-03 -2.016749e-03 9.999926e-01 -1.401535e+02
9.999940e-01 1.513837e-03 3.117259e-03 -1.251730e+01 -1.508715e-03 9.999975e-01 -1.644662e-03 2.977918e+00 -3.119741e-03 1.639950e-03 9.999938e-01 -1.403394e+02
9.999891e-01 -1.768542e-03 -4.311432e-03 -1.247466e+01 1.769474e-03 9.999984e-01 2.124598e-04 2.953654e+00 4.311050e-03 -2.200872e-04 9.999907e-01 -1.390600e+02
9.999972e-01 2.125193e-03 1.081614e-03 -1.234123e+01 -2.123715e-03 9.999968e-01 -1.365158e-03 2.923676e+00 -1.084511e-03 1.362858e-03 9.999985e-01 -1.378826e+02
9.999840e-01 -1.628217e-03 -5.423061e-03 -1.221158e+01 1.634854e-03 9.999979e-01 1.219598e-03 2.899651e+00 5.421064e-03 -1.228445e-03 9.999846e-01 -1.371608e+02
9.999981e-01 1.643594e-03 1.089369e-03 -1.217296e+01 -1.642119e-03 9.999977e-01 -1.353379e-03 2.878054e+00 -1.091590e-03 1.351588e-03 9.999985e-01 -1.361315e+02
9.999778e-01 -3.577595e-04 -6.653050e-03 -1.207004e+01 3.674099e-04 9.999989e-01 1.449378e-03 2.876975e+00 6.652523e-03 -1.451791e-03 9.999768e-01 -1.363855e+02
9.999948e-01 4.645983e-04 3.188741e-03 -1.194760e+01 -4.574299e-04 9.999974e-01 -2.248343e-03 2.851019e+00 -3.189777e-03 2.246874e-03 9.999924e-01 -1.352484e+02
9.999886e-01 2.842674e-04 -4.776070e-03 -1.186955e+01 -2.778332e-04 9.999991e-01 1.347807e-03 2.836762e+00 4.776448e-03 -1.346465e-03 9.999877e-01 -1.348190e+02
9.999953e-01 1.486588e-03 2.667631e-03 -1.188239e+01 -1.482070e-03 9.999975e-01 -1.694823e-03 2.854056e+00 -2.670144e-03 1.690862e-03 9.999950e-01 -1.357996e+02
9.999803e-01 1.717889e-04 -6.275400e-03 -1.194002e+01 -1.592274e-04 9.999980e-01 2.002179e-03 2.870139e+00 6.275731e-03 -2.001141e-03 9.999783e-01 -1.365709e+02
9.999993e-01 1.171568e-03 -1.094914e-04 -1.189388e+01 -1.171747e-03 9.999979e-01 -1.655759e-03 2.878696e+00 1.075516e-04 1.655887e-03 9.999986e-01 -1.371349e+02
9.999584e-01 -1.898932e-04 -9.115646e-03 -1.179412e+01 2.121915e-04 9.999970e-01 2.445268e-03 2.874889e+00 9.115154e-03 -2.447102e-03 9.999555e-01 -1.371949e+02
9.999984e-01 1.111793e-03 1.366722e-03 -1.168984e+01 -1.109233e-03 9.999976e-01 -1.872284e-03 2.873779e+00 -1.368800e-03 1.870766e-03 9.999973e-01 -1.374217e+02
9.999735e-01 5.968775e-05 -7.281286e-03 -1.157733e+01 -4.563734e-05 9.999981e-01 1.929829e-03 2.880341e+00 7.281388e-03 -1.929447e-03 9.999716e-01 -1.380602e+02
9.999991e-01 1.261307e-03 5.007645e-04 -1.145664e+01 -1.260453e-03 9.999978e-01 -1.701808e-03 2.886216e+00 -5.029097e-04 1.701176e-03 9.999984e-01 -1.386541e+02
9.999595e-01 -2.901542e-04 -8.996107e-03 -1.135739e+01 3.113443e-04 9.999972e-01 2.354181e-03 2.881876e+00 8.995398e-03 -2.356887e-03 9.999568e-01 -1.387232e+02
9.999976e-01 1.209240e-03 1.827120e-03 -1.129055e+01 -1.205897e-03 9.999976e-01 -1.829455e-03 2.880370e+00 -1.829328e-03 1.827248e-03 9.999967e-01 -1.389070e+02
9.999740e-01 7.227149e-05 -7.207213e-03 -1.120235e+01 -5.878522e-05 9.999982e-01 1.871432e-03 2.887162e+00 7.207336e-03 -1.870960e-03 9.999723e-01 -1.395585e+02
9.999994e-01 7.815643e-04 -8.284540e-04 -1.109207e+01 -7.826998e-04 9.999988e-01 -1.371387e-03 2.879175e+00 8.273813e-04 1.372036e-03 9.999987e-01 -1.395314e+02
9.999757e-01 3.063898e-05 -6.964726e-03 -1.099269e+01 -1.729186e-05 9.999982e-01 1.916463e-03 2.876583e+00 6.964771e-03 -1.916296e-03 9.999739e-01 -1.397062e+02
9.999987e-01 1.243312e-03 1.052270e-03 -1.090858e+01 -1.241497e-03 9.999977e-01 -1.724076e-03 2.884806e+00 -1.054411e-03 1.722768e-03 9.999980e-01 -1.403808e+02
9.999871e-01 4.053206e-04 -5.058137e-03 -1.084834e+01 -3.974142e-04 9.999987e-01 1.564046e-03 2.898008e+00 5.058765e-03 -1.562016e-03 9.999860e-01 -1.413142e+02
9.999960e-01 1.349898e-03 2.479974e-03 -1.077923e+01 -1.344559e-03 9.999968e-01 -2.153315e-03 2.914036e+00 -2.482872e-03 2.149973e-03 9.999946e-01 -1.423768e+02
9.999914e-01 6.970067e-04 -4.087470e-03 -1.070774e+01 -6.914830e-04 9.999988e-01 1.352684e-03 2.932127e+00 4.088408e-03 -1.349846e-03 9.999907e-01 -1.435809e+02
9.999975e-01 1.133890e-03 1.939196e-03 -1.057728e+01 -1.129967e-03 9.999973e-01 -2.022432e-03 2.945977e+00 -1.941484e-03 2.020237e-03 9.999961e-01 -1.446380e+02
9.999815e-01 -5.058695e-04 -6.069783e-03 -1.036454e+01 5.155333e-04 9.999986e-01 1.590667e-03 2.921619e+00 6.068969e-03 -1.593768e-03 9.999803e-01 -1.438537e+02
9.999302e-01 -2.688154e-04 1.181541e-02 -1.021002e+01 3.284866e-04 9.999872e-01 -5.048621e-03 2.860215e+00 -1.181390e-02 5.052151e-03 9.999175e-01 -1.408295e+02
9.999958e-01 -8.354354e-04 -2.768000e-03 -1.005232e+01 8.389957e-04 9.999988e-01 1.285396e-03 2.785976e+00 2.766923e-03 -1.287713e-03 9.999953e-01 -1.372029e+02
9.999805e-01 2.132753e-04 6.243346e-03 -9.844892e+00 -1.897977e-04 9.999929e-01 -3.760745e-03 2.728292e+00 -6.244104e-03 3.759488e-03 9.999734e-01 -1.347913e+02
9.999901e-01 6.641950e-04 -4.410604e-03 -9.590966e+00 -6.576185e-04 9.999987e-01 1.492382e-03 2.709584e+00 4.411589e-03 -1.489467e-03 9.999892e-01 -1.346645e+02
9.999831e-01 1.573620e-03 5.604312e-03 -9.483775e+00 -1.556018e-03 9.999938e-01 -3.143828e-03 2.724512e+00 -5.609225e-03 3.135055e-03 9.999794e-01 -1.358331e+02
9.999938e-01 1.894945e-04 -3.508746e-03 -9.367046e+00 -1.845586e-04 9.999990e-01 1.407065e-03 2.741712e+00 3.509009e-03 -1.406410e-03 9.999929e-01 -1.371308e+02
9.999895e-01 1.810247e-03 4.214918e-03 -9.214888e+00 -1.798259e-03 9.999943e-01 -2.846058e-03 2.755087e+00 -4.220046e-03 2.838450e-03 9.999871e-01 -1.382877e+02
9.999914e-01 -1.501589e-05 -4.148832e-03 -9.101616e+00 2.064072e-05 9.999991e-01 1.355759e-03 2.771158e+00 4.148807e-03 -1.355834e-03 9.999905e-01 -1.394972e+02
9.999985e-01 1.514121e-03 8.894412e-04 -8.973469e+00 -1.512322e-03 9.999968e-01 -2.019422e-03 2.783994e+00 -8.924958e-04 2.018075e-03 9.999976e-01 -1.404546e+02
9.999859e-01 -8.235882e-05 -5.312777e-03 -8.913447e+00 9.381316e-05 9.999977e-01 2.155815e-03 2.794720e+00 5.312587e-03 -2.156283e-03 9.999836e-01 -1.411902e+02
9.999983e-01 1.691494e-03 7.395426e-04 -8.829713e+00 -1.689797e-03 9.999960e-01 -2.288962e-03 2.806994e+00 -7.434112e-04 2.287710e-03 9.999971e-01 -1.420641e+02
9.999987e-01 6.665819e-04 -1.467031e-03 -8.757773e+00 -6.646111e-04 9.999989e-01 1.343543e-03 2.828619e+00 1.467924e-03 -1.342567e-03 9.999980e-01 -1.434838e+02
9.999984e-01 1.527720e-03 -9.736936e-04 -8.626972e+00 -1.529455e-03 9.999972e-01 -1.783267e-03 2.840267e+00 9.709668e-04 1.784754e-03 9.999979e-01 -1.444121e+02
9.999966e-01 -7.852142e-04 -2.505911e-03 -8.447152e+00 7.884617e-04 9.999989e-01 1.295258e-03 2.814250e+00 2.504890e-03 -1.297230e-03 9.999960e-01 -1.435232e+02
9.999989e-01 1.038008e-03 1.013237e-03 -8.264333e+00 -1.035823e-03 9.999971e-01 -2.154906e-03 2.783050e+00 -1.015471e-03 2.153855e-03 9.999972e-01 -1.423938e+02
9.999851e-01 -9.241447e-04 -5.389193e-03 -8.083477e+00 9.318009e-04 9.999986e-01 1.418358e-03 2.758273e+00 5.387874e-03 -1.423359e-03 9.999845e-01 -1.416243e+02
9.999946e-01 2.608600e-03 1.983369e-03 -7.991552e+00 -2.604848e-03 9.999948e-01 -1.891986e-03 2.770673e+00 -1.988294e-03 1.886810e-03 9.999962e-01 -1.425509e+02
9.999807e-01 -1.259056e-03 -6.076953e-03 -7.886799e+00 1.268491e-03 9.999980e-01 1.549097e-03 2.780145e+00 6.074990e-03 -1.556776e-03 9.999803e-01 -1.433319e+02
9.999943e-01 2.715575e-03 2.001204e-03 -7.781466e+00 -2.712000e-03 9.999947e-01 -1.786877e-03 2.791532e+00 -2.006046e-03 1.781440e-03 9.999964e-01 -1.442178e+02
9.999715e-01 -1.345996e-03 -7.430772e-03 -7.656184e+00 1.359089e-03 9.999975e-01 1.757185e-03 2.800778e+00 7.428389e-03 -1.767235e-03 9.999708e-01 -1.449981e+02
9.999874e-01 2.972697e-03 4.037184e-03 -7.541376e+00 -2.963231e-03 9.999929e-01 -2.348394e-03 2.814713e+00 -4.044136e-03 2.336402e-03 9.999891e-01 -1.460029e+02
9.999618e-01 -1.464404e-03 -8.620133e-03 -7.430334e+00 1.482941e-03 9.999966e-01 2.144402e-03 2.826116e+00 8.616963e-03 -2.157104e-03 9.999605e-01 -1.468771e+02
9.999882e-01 2.930664e-03 3.870870e-03 -7.315517e+00 -2.921942e-03 9.999932e-01 -2.256886e-03 2.836606e+00 -3.877457e-03 2.245550e-03 9.999900e-01 -1.477162e+02
9.999958e-01 -4.735344e-04 -2.845779e-03 -7.263415e+00 4.757055e-04 9.999996e-01 7.623265e-04 2.862467e+00 2.845417e-03 -7.636779e-04 9.999957e-01 -1.493444e+02
9.999597e-01 3.243436e-03 8.366074e-03 -7.248517e+00 -3.218275e-03 9.999903e-01 -3.019203e-03 2.898522e+00 -8.375785e-03 2.992158e-03 9.999604e-01 -1.513662e+02
9.999846e-01 -7.474998e-04 -5.498629e-03 -7.200326e+00 7.545060e-04 9.999989e-01 1.272233e-03 2.928099e+00 5.497672e-03 -1.276363e-03 9.999841e-01 -1.531367e+02
9.998932e-01 4.402476e-03 1.393720e-02 -7.234602e+00 -4.343173e-03 9.999814e-01 -4.282406e-03 2.973905e+00 -1.395580e-02 4.221417e-03 9.998937e-01 -1.556783e+02
9.999977e-01 -3.889654e-04 2.132060e-03 -7.324546e+00 3.892282e-04 9.999999e-01 -1.229113e-04 3.037707e+00 -2.132013e-03 1.237402e-04 9.999977e-01 -1.589871e+02
9.999510e-01 4.522896e-03 8.805257e-03 -7.389542e+00 -4.494942e-03 9.999848e-01 -3.191831e-03 3.092360e+00 -8.819560e-03 3.152097e-03 9.999561e-01 -1.618236e+02
9.999993e-01 -7.816021e-04 9.051736e-04 -7.430877e+00 7.816564e-04 9.999997e-01 -5.981706e-05 3.140684e+00 -9.051268e-04 6.052380e-05 9.999996e-01 -1.644687e+02
9.998812e-01 5.059896e-03 1.456003e-02 -7.538594e+00 -5.000914e-03 9.999792e-01 -4.084501e-03 3.200713e+00 -1.458039e-02 4.011203e-03 9.998857e-01 -1.676680e+02
9.999980e-01 -1.441177e-03 -1.419014e-03 -7.603847e+00 1.441626e-03 9.999989e-01 3.158207e-04 3.254383e+00 1.418557e-03 -3.178665e-04 9.999989e-01 -1.704781e+02
9.999331e-01 5.151318e-03 1.035692e-02 -7.649089e+00 -5.119755e-03 9.999822e-01 -3.071716e-03 3.299878e+00 -1.037256e-02 3.018486e-03 9.999416e-01 -1.730755e+02
9.999912e-01 -2.256473e-03 -3.531614e-03 -7.610648e+00 2.258659e-03 9.999973e-01 6.153106e-04 3.335202e+00 3.530215e-03 -6.232826e-04 9.999936e-01 -1.751061e+02
9.999870e-01 4.146900e-03 2.977893e-03 -7.566850e+00 -4.141714e-03 9.999899e-01 -1.745666e-03 3.355034e+00 -2.985102e-03 1.733311e-03 9.999940e-01 -1.763803e+02
9.999955e-01 -1.892671e-03 -2.310697e-03 -7.516853e+00 1.893956e-03 9.999981e-01 5.541877e-04 3.379660e+00 2.309643e-03 -5.585623e-04 9.999972e-01 -1.778445e+02
9.999328e-01 5.527005e-03 1.019539e-02 -7.653805e+00 -5.498528e-03 9.999809e-01 -2.819087e-03 3.424951e+00 -1.021077e-02 2.762839e-03 9.999441e-01 -1.802178e+02
9.999933e-01 -2.522893e-03 -2.649162e-03 -7.667674e+00 2.523595e-03 9.999968e-01 2.614873e-04 3.466900e+00 2.648493e-03 -2.681717e-04 9.999965e-01 -1.824050e+02
9.999902e-01 4.425822e-03 -5.718466e-05 -7.561214e+00 -4.425873e-03 9.999898e-01 -9.293639e-04 3.485566e+00 5.307106e-05 9.296086e-04 9.999996e-01 -1.836217e+02
9.999963e-01 -2.220177e-03 -1.594256e-03 -7.525350e+00 2.220677e-03 9.999975e-01 3.116799e-04 3.507440e+00 1.593560e-03 -3.152198e-04 9.999987e-01 -1.848645e+02
9.999910e-01 4.217339e-03 -4.369220e-04 -7.542648e+00 -4.217591e-03 9.999909e-01 -5.793371e-04 3.527976e+00 4.344750e-04 5.811754e-04 9.999997e-01 -1.859363e+02
9.999963e-01 -2.286523e-03 -1.461953e-03 -7.499039e+00 2.286532e-03 9.999974e-01 4.689174e-06 3.547217e+00 1.461938e-03 -8.032706e-06 9.999989e-01 -1.871254e+02
9.999912e-01 4.157640e-03 -5.398118e-04 -7.436210e+00 -4.157972e-03 9.999912e-01 -6.161376e-04 3.565381e+00 5.372455e-04 6.183775e-04 9.999997e-01 -1.882830e+02
