9.999505e-01 6.781899e-04 -9.926277e-03 1.781064e-01 -6.740155e-04 9.999997e-01 4.238851e-04 -9.843372e-03 9.926561e-03 -4.171744e-04 9.999506e-01 3.074430e-02
9.999985e-01 2.431319e-04 1.688110e-03 2.949657e-01 -2.434160e-04 1.000000e+00 1.681190e-04 -7.745780e-03 -1.688069e-03 -1.685289e-04 9.999986e-01 -2.915369e-01
9.999484e-01 5.149898e-04 -1.014248e-02 4.216024e-01 -5.117125e-04 9.999998e-01 3.257163e-04 -8.043472e-03 1.014265e-02 -3.205102e-04 9.999485e-01 -5.846297e-01
9.998705e-01 -1.462852e-03 1.602718e-02 3.728252e-01 1.516029e-03 9.999934e-01 -3.306260e-03 -3.210988e-02 -1.602224e-02 3.330130e-03 9.998661e-01 1.214060e+00
9.999969e-01 -1.102197e-03 2.227954e-03 3.662948e-01 1.113423e-03 9.999867e-01 -5.043812e-03 -1.046626e-01 -2.222365e-03 5.046276e-03 9.999848e-01 5.819044e+00
9.999865e-01 9.890657e-04 -5.102680e-03 3.803282e-01 -9.673899e-04 9.999905e-01 4.248637e-03 -1.232249e-01 5.106834e-03 -4.243642e-03 9.999780e-01 6.834061e+00
9.999986e-01 -7.252570e-04 -1.484390e-03 4.254946e-01 7.192002e-04 9.999914e-01 -4.076764e-03 -1.378551e-01 1.487334e-03 4.075691e-03 9.999906e-01 7.422301e+00
9.999949e-01 1.917095e-03 -2.552212e-03 3.027137e-01 -1.904209e-03 9.999855e-01 5.041940e-03 -1.268951e-01 2.561842e-03 -5.037054e-03 9.999840e-01 7.144932e+00
9.999989e-01 -1.199837e-03 -8.388998e-04 1.245841e-01 1.196199e-03 9.999899e-01 -4.324276e-03 -1.209073e-01 8.440794e-04 4.323267e-03 9.999903e-01 7.343242e+00
9.999853e-01 2.992242e-04 5.405833e-03 8.561056e-02 -3.085511e-04 9.999985e-01 1.724585e-03 -1.464475e-01 -5.405308e-03 -1.726227e-03 9.999839e-01 9.153796e+00
9.999797e-01 -7.747650e-04 -6.317097e-03 1.080763e-01 7.547482e-04 9.999947e-01 -3.170432e-03 -1.776860e-01 6.319520e-03 3.165599e-03 9.999750e-01 1.078834e+01
9.999979e-01 1.167626e-03 -1.685170e-03 1.695524e-01 -1.161437e-03 9.999926e-01 3.668752e-03 -1.898914e-01 1.689441e-03 -3.666786e-03 9.999919e-01 1.113687e+01
9.999873e-01 -5.337415e-04 -5.015553e-03 1.565047e-01 5.184639e-04 9.999952e-01 -3.046836e-03 -1.954233e-01 5.017155e-03 3.044196e-03 9.999828e-01 1.131099e+01
9.999988e-01 1.499156e-03 2.819979e-04 3.727133e-02 -1.500285e-03 9.999907e-01 4.047074e-03 -1.898912e-01 -2.759278e-04 -4.047491e-03 9.999918e-01 1.130210e+01
9.999785e-01 -5.013768e-04 -6.540342e-03 2.824605e-02 4.801734e-04 9.999946e-01 -3.243096e-03 -1.832188e-01 6.541933e-03 3.239885e-03 9.999734e-01 1.102733e+01
9.999975e-01 1.463856e-03 -1.712048e-03 1.737978e-01 -1.457538e-03 9.999921e-01 3.685635e-03 -1.810874e-01 1.717430e-03 -3.683129e-03 9.999917e-01 1.062367e+01
9.999779e-01 -6.238524e-04 -6.618606e-03 2.131123e-01 6.053323e-04 9.999959e-01 -2.799818e-03 -1.825508e-01 6.620325e-03 2.795749e-03 9.999742e-01 1.059134e+01
9.999995e-01 1.002150e-03 -2.772429e-04 2.181053e-01 -1.001230e-03 9.999941e-01 3.301000e-03 -1.892298e-01 2.805497e-04 -3.300719e-03 9.999945e-01 1.089162e+01
9.999839e-01 -6.968589e-04 -5.625777e-03 2.089070e-01 6.807111e-04 9.999956e-01 -2.871718e-03 -1.956266e-01 5.627753e-03 2.867841e-03 9.999801e-01 1.131091e+01
9.999987e-01 1.467619e-03 -6.837631e-04 1.713804e-01 -1.465082e-03 9.999921e-01 3.695577e-03 -1.905659e-01 6.891817e-04 -3.694570e-03 9.999929e-01 1.118056e+01
9.999907e-01 -2.325366e-04 -4.315234e-03 2.237546e-01 2.172834e-04 9.999937e-01 -3.534851e-03 -1.813122e-01 4.316028e-03 3.533879e-03 9.999844e-01 1.053094e+01
9.999978e-01 1.762944e-03 1.167291e-03 1.750245e-01 -1.767387e-03 9.999912e-01 3.816340e-03 -1.659384e-01 -1.160553e-03 -3.818394e-03 9.999920e-01 9.800972e+00
9.999915e-01 -1.541564e-04 -4.114461e-03 1.091667e-01 1.397058e-04 9.999938e-01 -3.512188e-03 -1.498109e-01 4.114976e-03 3.511582e-03 9.999854e-01 9.082070e+00
9.999987e-01 1.591839e-03 -3.096519e-04 1.546553e-01 -1.590743e-03 9.999926e-01 3.507623e-03 -1.378501e-01 3.152335e-04 -3.507125e-03 9.999938e-01 8.290458e+00
9.999699e-01 -2.323086e-04 -7.754838e-03 2.600121e-01 2.085642e-04 9.999953e-01 -3.062543e-03 -1.347267e-01 7.755512e-03 3.060833e-03 9.999652e-01 7.867546e+00
9.999985e-01 1.312640e-03 1.124465e-03 3.329286e-01 -1.316559e-03 9.999930e-01 3.491139e-03 -1.287328e-01 -1.119874e-03 -3.492613e-03 9.999933e-01 7.345096e+00
9.999986e-01 4.070337e-04 -1.602799e-03 3.044814e-01 -4.136044e-04 9.999915e-01 -4.101276e-03 -1.075098e-01 1.601116e-03 4.101933e-03 9.999903e-01 6.141881e+00
9.999956e-01 1.604053e-03 -2.485661e-03 3.593346e-01 -1.594834e-03 9.999919e-01 3.706277e-03 -9.067601e-02 2.491586e-03 -3.702296e-03 9.999900e-01 5.166308e+00
9.999777e-01 -6.577593e-04 -6.643141e-03 4.984201e-01 6.371417e-04 9.999950e-01 -3.105227e-03 -8.936684e-02 6.645149e-03 3.100924e-03 9.999731e-01 4.850685e+00
9.999965e-01 1.656289e-03 -2.076233e-03 6.280784e-01 -1.648602e-03 9.999918e-01 3.698344e-03 -8.773506e-02 2.082342e-03 -3.694907e-03 9.999910e-01 4.498095e+00
9.999889e-01 -5.273623e-04 -4.687883e-03 6.122925e-01 5.144370e-04 9.999961e-01 -2.757935e-03 -8.048434e-02 4.689319e-03 2.755492e-03 9.999852e-01 4.230530e+00
9.999956e-01 1.504845e-03 -2.570126e-03 5.543251e-01 -1.494550e-03 9.999909e-01 4.002696e-03 -7.454303e-02 2.576127e-03 -3.998836e-03 9.999887e-01 4.123073e+00
9.999922e-01 -4.648131e-04 -3.920501e-03 5.398989e-01 4.527878e-04 9.999952e-01 -3.067603e-03 -6.719097e-02 3.921907e-03 3.065803e-03 9.999876e-01 3.763108e+00
9.999970e-01 1.915435e-03 -1.501555e-03 5.323926e-01 -1.910145e-03 9.999920e-01 3.516701e-03 -5.535595e-02 1.508279e-03 -3.513821e-03 9.999927e-01 3.211791e+00
9.999972e-01 -5.250579e-04 -2.324787e-03 3.460550e-01 5.192622e-04 9.999968e-01 -2.492843e-03 -4.008123e-02 2.326088e-03 2.491628e-03 9.999942e-01 2.808416e+00
9.999966e-01 1.981927e-03 1.704012e-03 -4.572546e-02 -1.988268e-03 9.999911e-01 3.727802e-03 -1.615380e-02 -1.696608e-03 -3.731177e-03 9.999916e-01 2.512924e+00
9.999997e-01 -2.997543e-04 -6.984138e-04 -5.482061e-01 2.982058e-04 9.999975e-01 -2.216096e-03 1.355815e-02 6.990760e-04 2.215887e-03 9.999973e-01 2.175565e+00
9.999975e-01 1.695641e-03 -1.463261e-03 -7.533452e-01 -1.690849e-03 9.999932e-01 3.269790e-03 3.165696e-02 1.468796e-03 -3.267307e-03 9.999936e-01 1.711762e+00
9.999984e-01 5.951794e-05 -1.784364e-03 -7.914149e-01 -6.486359e-05 9.999955e-01 -2.995875e-03 4.977513e-02 1.784177e-03 2.995985e-03 9.999939e-01 8.634028e-01
9.999891e-01 2.213621e-03 4.104653e-03 -9.453022e-01 -2.223578e-03 9.999946e-01 2.422674e-03 8.024928e-02 -4.099268e-03 -2.431774e-03 9.999886e-01 -5.525561e-01
9.999978e-01 3.387152e-04 -2.081297e-03 -1.014869e+00 -3.458131e-04 9.999941e-01 -3.410856e-03 1.105727e-01 2.080129e-03 3.411567e-03 9.999920e-01 -2.058889e+00
9.999900e-01 2.020681e-03 3.991914e-03 -1.239663e+00 -2.033922e-03 9.999924e-01 3.315785e-03 1.416580e-01 -3.985183e-03 -3.323871e-03 9.999865e-01 -3.285269e+00
9.999926e-01 1.676271e-04 -3.853177e-03 -1.362548e+00 -1.817338e-04 9.999933e-01 -3.660995e-03 1.664754e-01 3.852537e-03 3.661667e-03 9.999859e-01 -4.398433e+00
9.999982e-01 1.438236e-03 1.273431e-03 -1.361374e+00 -1.442645e-03 9.999929e-01 3.468269e-03 1.828346e-01 -1.268434e-03 -3.470099e-03 9.999932e-01 -5.336291e+00
9.999888e-01 2.318281e-04 -4.728297e-03 -1.457482e+00 -2.460688e-04 9.999954e-01 -3.011424e-03 1.995853e-01 4.727577e-03 3.012554e-03 9.999843e-01 -6.022046e+00
9.999948e-01 1.427757e-03 2.881647e-03 -1.738554e+00 -1.439511e-03 9.999906e-01 4.081053e-03 2.215214e-01 -2.875793e-03 -4.085180e-03 9.999875e-01 -6.496067e+00
9.999995e-01 -9.072474e-04 4.297233e-04 -2.175401e+00 9.087211e-04 9.999937e-01 -3.441777e-03 2.365001e-01 -4.265984e-04 3.442165e-03 9.999940e-01 -5.996065e+00
9.999866e-01 1.443825e-03 4.970317e-03 -2.706991e+00 -1.465726e-03 9.999892e-01 4.405577e-03 2.641127e-01 -4.963902e-03 -4.412802e-03 9.999779e-01 -5.327003e+00
9.999547e-01 -2.588086e-04 -9.517677e-03 -2.882611e+00 2.281235e-04 9.999948e-01 -3.224945e-03 2.795658e-01 9.518461e-03 3.222627e-03 9.999495e-01 -5.544127e+00
9.999688e-01 1.949131e-03 7.661086e-03 -2.964333e+00 -1.973874e-03 9.999929e-01 3.223432e-03 2.984647e-01 -7.654748e-03 -3.238453e-03 9.999655e-01 -6.437437e+00
9.999888e-01 3.865066e-04 -4.720440e-03 -3.247561e+00 -4.014524e-04 9.999949e-01 -3.165649e-03 3.301500e-01 4.719192e-03 3.167508e-03 9.999838e-01 -7.584538e+00
9.999718e-01 1.924440e-03 7.265249e-03 -3.547897e+00 -1.948167e-03 9.999928e-01 3.260158e-03 3.618129e-01 -7.258923e-03 -3.274220e-03 9.999683e-01 -8.619917e+00
9.999798e-01 1.216442e-04 -6.355512e-03 -3.802201e+00 -1.394127e-04 9.999961e-01 -2.795384e-03 3.883901e-01 6.355147e-03 2.796213e-03 9.999759e-01 -9.483985e+00
9.999821e-01 1.747803e-03 5.725809e-03 -4.025667e+00 -1.766543e-03 9.999931e-01 3.269516e-03 4.114421e-01 -5.720055e-03 -3.279572e-03 9.999783e-01 -1.025791e+01
9.999523e-01 -1.809514e-04 -9.763773e-03 -4.046648e+00 1.507124e-04 9.999952e-01 -3.097696e-03 4.251936e-01 9.764287e-03 3.096076e-03 9.999475e-01 -1.100257e+01
9.999847e-01 1.666751e-03 5.283022e-03 -4.045441e+00 -1.684521e-03 9.999929e-01 3.360911e-03 4.374220e-01 -5.277383e-03 -3.369758e-03 9.999804e-01 -1.172449e+01
9.999516e-01 -2.736967e-04 -9.835682e-03 -4.137907e+00 2.477081e-04 9.999965e-01 -2.643385e-03 4.495618e-01 9.836370e-03 2.640820e-03 9.999481e-01 -1.218103e+01
9.999678e-01 1.605548e-03 7.857444e-03 -4.392783e+00 -1.635346e-03 9.999915e-01 3.787465e-03 4.686830e-01 -7.851296e-03 -3.800192e-03 9.999620e-01 -1.260123e+01
9.999495e-01 -1.105011e-03 -9.989481e-03 -4.572849e+00 1.073721e-03 9.999945e-01 -3.137034e-03 4.718004e-01 9.992892e-03 3.126149e-03 9.999452e-01 -1.222279e+01
9.999299e-01 6.712255e-04 1.182515e-02 -4.705031e+00 -7.028472e-04 9.999962e-01 2.670168e-03 4.611352e-01 -1.182331e-02 -2.678291e-03 9.999265e-01 -1.091281e+01
9.999364e-01 -3.725118e-04 -1.126912e-02 -4.999909e+00 3.489965e-04 9.999978e-01 -2.088586e-03 4.724886e-01 1.126987e-02 2.084520e-03 9.999343e-01 -1.032439e+01
9.999479e-01 2.113514e-03 9.983953e-03 -5.199036e+00 -2.141027e-03 9.999939e-01 2.745867e-03 4.946375e-01 -9.978089e-03 -2.767099e-03 9.999464e-01 -1.101512e+01
9.999069e-01 -8.898345e-04 -1.361805e-02 -5.391898e+00 8.673345e-04 9.999982e-01 -1.658034e-03 5.077062e-01 1.361950e-02 1.646067e-03 9.999059e-01 -1.123561e+01
9.999723e-01 1.511907e-03 7.281933e-03 -5.455659e+00 -1.532044e-03 9.999950e-01 2.760494e-03 5.094418e-01 -7.277722e-03 -2.771573e-03 9.999697e-01 -1.112971e+01
9.999015e-01 -1.311633e-03 -1.397162e-02 -5.323969e+00 1.274826e-03 9.999957e-01 -2.643012e-03 4.960734e-01 1.397503e-02 2.624940e-03 9.998989e-01 -1.075748e+01
9.999536e-01 1.412384e-03 9.531481e-03 -5.360163e+00 -1.443683e-03 9.999936e-01 3.277703e-03 4.927696e-01 -9.526790e-03 -3.291311e-03 9.999492e-01 -1.031832e+01
9.999513e-01 -2.361152e-04 -9.865639e-03 -5.725524e+00 2.167473e-04 9.999980e-01 -1.964180e-03 5.179561e-01 9.866083e-03 1.961946e-03 9.999494e-01 -1.054550e+01
9.999936e-01 1.898357e-04 3.571117e-03 -5.563863e+00 -1.977469e-04 9.999975e-01 2.215131e-03 5.051668e-01 -3.570687e-03 -2.215822e-03 9.999912e-01 -1.022551e+01
9.999376e-01 -2.709365e-04 -1.117143e-02 -5.446010e+00 2.482638e-04 9.999979e-01 -2.030858e-03 4.899449e-01 1.117196e-02 2.027957e-03 9.999355e-01 -9.712551e+00
9.999507e-01 1.172311e-03 9.864634e-03 -5.805747e+00 -1.206726e-03 9.999932e-01 3.483452e-03 5.092468e-01 -9.860483e-03 -3.495183e-03 9.999453e-01 -9.697398e+00
9.999118e-01 -1.992598e-04 -1.327865e-02 -6.073962e+00 1.685728e-04 9.999973e-01 -2.312078e-03 5.239557e-01 1.327907e-02 2.309635e-03 9.999092e-01 -9.766847e+00
9.999822e-01 7.969149e-04 5.920020e-03 -6.141066e+00 -8.178663e-04 9.999934e-01 3.537522e-03 5.245992e-01 -5.917161e-03 -3.542300e-03 9.999762e-01 -9.745541e+00
9.999164e-01 -2.480491e-04 -1.292407e-02 -6.193349e+00 2.161949e-04 9.999969e-01 -2.466049e-03 5.247775e-01 1.292464e-02 2.463048e-03 9.999134e-01 -9.716865e+00
9.999384e-01 1.304671e-03 1.102531e-02 -6.527074e+00 -1.348246e-03 9.999913e-01 3.945729e-03 5.433772e-01 -1.102006e-02 -3.960350e-03 9.999314e-01 -9.825673e+00
9.999181e-01 -2.282737e-04 -1.279660e-02 -6.868373e+00 1.950502e-04 9.999966e-01 -2.597452e-03 5.628953e-01 1.279715e-02 2.594743e-03 9.999147e-01 -9.933554e+00
9.999131e-01 2.193896e-03 1.299795e-02 -7.096765e+00 -2.233595e-03 9.999929e-01 3.040520e-03 5.892308e-01 -1.299119e-02 -3.069287e-03 9.999109e-01 -1.083772e+01
9.998537e-01 -1.458262e-03 -1.704501e-02 -7.233830e+00 1.419310e-03 9.999964e-01 -2.297121e-03 5.926396e-01 1.704829e-02 2.272592e-03 9.998521e-01 -1.074480e+01
9.999062e-01 1.649425e-03 1.359307e-02 -7.313815e+00 -1.682117e-03 9.999957e-01 2.393972e-03 5.900597e-01 -1.358906e-02 -2.416612e-03 9.999047e-01 -1.015959e+01
9.998377e-01 -1.528037e-03 -1.795327e-02 -7.342708e+00 1.482959e-03 9.999957e-01 -2.523909e-03 5.833918e-01 1.795705e-02 2.496875e-03 9.998356e-01 -9.588256e+00
9.999125e-01 1.448834e-03 1.315260e-02 -7.317864e+00 -1.482104e-03 9.999957e-01 2.520170e-03 5.673575e-01 -1.314889e-02 -2.539442e-03 9.999103e-01 -8.835358e+00
9.998300e-01 -1.218923e-03 -1.839635e-02 -7.349922e+00 1.177985e-03 9.999968e-01 -2.235995e-03 5.605368e-01 1.839902e-02 2.213944e-03 9.998283e-01 -8.347015e+00
9.998818e-01 1.654553e-03 1.528431e-02 -7.540771e+00 -1.702032e-03 9.999938e-01 3.093918e-03 5.649077e-01 -1.527910e-02 -3.119566e-03 9.998784e-01 -8.035127e+00
9.998295e-01 -9.311440e-04 -1.844240e-02 -7.781342e+00 8.966672e-04 9.999978e-01 -1.877603e-03 5.765125e-01 1.844411e-02 1.860745e-03 9.998282e-01 -7.900316e+00
9.998685e-01 1.670487e-03 1.613209e-02 -8.075584e+00 -1.722342e-03 9.999934e-01 3.201041e-03 5.915254e-01 -1.612664e-02 -3.228404e-03 9.998647e-01 -7.802074e+00
9.998399e-01 -7.569249e-04 -1.787551e-02 -8.419885e+00 7.240491e-04 9.999980e-01 -1.845546e-03 6.095684e-01 1.787687e-02 1.832307e-03 9.998385e-01 -7.754284e+00
9.998777e-01 1.906938e-03 1.552474e-02 -8.728080e+00 -1.955288e-03 9.999933e-01 3.099839e-03 6.275086e-01 -1.551872e-02 -3.129815e-03 9.998747e-01 -7.974581e+00
9.999296e-01 -4.241221e-04 -1.185880e-02 -9.348252e+00 4.063134e-04 9.999988e-01 -1.504088e-03 6.643875e-01 1.185942e-02 1.499163e-03 9.999286e-01 -8.182783e+00
9.998973e-01 1.902879e-03 1.420572e-02 -9.937064e+00 -1.948119e-03 9.999931e-01 3.171491e-03 6.988231e-01 -1.419959e-02 -3.198839e-03 9.998941e-01 -8.397680e+00
9.999027e-01 -1.037083e-03 -1.391001e-02 -1.033088e+01 1.009340e-03 9.999975e-01 -2.001321e-03 7.201492e-01 1.391205e-02 1.987086e-03 9.999012e-01 -8.222448e+00
9.999301e-01 1.652392e-03 1.170863e-02 -1.058628e+01 -1.687290e-03 9.999942e-01 2.971244e-03 7.304092e-01 -1.170366e-02 -2.990791e-03 9.999270e-01 -7.960514e+00
9.998770e-01 -9.662896e-04 -1.565403e-02 -1.077236e+01 9.350476e-04 9.999976e-01 -2.002970e-03 7.374284e-01 1.565592e-02 1.988086e-03 9.998755e-01 -7.804115e+00
9.999644e-01 1.511293e-03 8.295839e-03 -1.072690e+01 -1.533793e-03 9.999952e-01 2.706563e-03 7.319202e-01 -8.291708e-03 -2.719191e-03 9.999619e-01 -7.601161e+00
9.998798e-01 -1.161256e-03 -1.546042e-02 -1.069762e+01 1.127434e-03 9.999970e-01 -2.196133e-03 7.216035e-01 1.546292e-02 2.178438e-03 9.998781e-01 -7.236856e+00
9.999583e-01 2.093710e-03 8.884405e-03 -1.070526e+01 -2.120376e-03 9.999933e-01 2.993033e-03 7.258244e-01 -8.878078e-03 -3.011746e-03 9.999561e-01 -7.539084e+00
9.998633e-01 -8.920371e-04 -1.650770e-02 -1.063514e+01 8.498237e-04 9.999964e-01 -2.564026e-03 7.308213e-01 1.650992e-02 2.549646e-03 9.998605e-01 -7.976461e+00
9.999239e-01 2.044225e-03 1.216638e-02 -1.080041e+01 -2.088852e-03 9.999911e-01 3.656502e-03 7.443083e-01 -1.215879e-02 -3.681637e-03 9.999193e-01 -8.251194e+00
9.999224e-01 -4.955253e-04 -1.244428e-02 -1.120148e+01 4.671297e-04 9.999973e-01 -2.284616e-03 7.705284e-01 1.244538e-02 2.278625e-03 9.999200e-01 -8.650867e+00
9.999296e-01 1.496259e-03 1.176930e-02 -1.156460e+01 -1.537158e-03 9.999928e-01 3.466858e-03 7.907402e-01 -1.176403e-02 -3.484705e-03 9.999247e-01 -8.730587e+00
9.999102e-01 -1.375127e-03 -1.332748e-02 -1.168654e+01 1.322640e-03 9.999913e-01 -3.946252e-03 7.895421e-01 1.333279e-02 3.928269e-03 9.999034e-01 -8.069294e+00
9.999776e-01 1.576096e-03 6.511443e-03 -1.164906e+01 -1.603502e-03 9.999899e-01 4.205943e-03 7.752434e-01 -6.504748e-03 -4.216289e-03 9.999700e-01 -7.507457e+00
9.999035e-01 -1.103556e-03 -1.384992e-02 -1.165193e+01 1.055868e-03 9.999935e-01 -3.450048e-03 7.691351e-01 1.385363e-02 3.435091e-03 9.998981e-01 -7.303881e+00
9.999613e-01 2.142525e-03 8.528319e-03 -1.168557e+01 -2.178475e-03 9.999888e-01 4.208346e-03 7.783272e-01 -8.519207e-03 -4.226761e-03 9.999548e-01 -7.704124e+00
9.999003e-01 -1.046404e-03 -1.408167e-02 -1.168081e+01 9.954919e-04 9.999929e-01 -3.621976e-03 7.868743e-01 1.408536e-02 3.607595e-03 9.998943e-01 -8.188254e+00
9.999600e-01 2.151865e-03 8.686699e-03 -1.154500e+01 -2.181030e-03 9.999920e-01 3.349361e-03 7.950583e-01 -8.679422e-03 -3.368172e-03 9.999567e-01 -8.948708e+00
9.999117e-01 -2.347604e-04 -1.328331e-02 -1.159625e+01 1.961645e-04 9.999958e-01 -2.906811e-03 8.113305e-01 1.328393e-02 2.903948e-03 9.999075e-01 -9.728266e+00
9.999358e-01 1.641067e-03 1.121105e-02 -1.177472e+01 -1.679633e-03 9.999927e-01 3.431429e-03 8.305593e-01 -1.120533e-02 -3.450038e-03 9.999313e-01 -1.035230e+01
9.998956e-01 -2.223767e-05 -1.445082e-02 -1.173552e+01 -3.128577e-05 9.999931e-01 -3.703587e-03 8.475092e-01 1.445081e-02 3.703651e-03 9.998887e-01 -1.136824e+01
9.999461e-01 1.703918e-03 1.024471e-02 -1.177634e+01 -1.745200e-03 9.999904e-01 4.022025e-03 8.616323e-01 -1.023775e-02 -4.039686e-03 9.999394e-01 -1.206852e+01
9.998461e-01 -9.936572e-04 -1.751394e-02 -1.181371e+01 9.395919e-04 9.999948e-01 -3.094935e-03 8.600095e-01 1.751693e-02 3.078002e-03 9.998418e-01 -1.200674e+01
9.999236e-01 1.679063e-03 1.224733e-02 -1.196751e+01 -1.729962e-03 9.999899e-01 4.146521e-03 8.653344e-01 -1.224025e-02 -4.167391e-03 9.999164e-01 -1.205111e+01
9.999438e-01 -2.060006e-04 -1.059620e-02 -1.247264e+01 1.785279e-04 9.999966e-01 -2.593554e-03 8.960043e-01 1.059670e-02 2.591516e-03 9.999405e-01 -1.232714e+01
9.998390e-01 1.931172e-03 1.783876e-02 -1.330400e+01 -2.010849e-03 9.999881e-01 4.449646e-03 9.451629e-01 -1.782996e-02 -4.484800e-03 9.998310e-01 -1.259916e+01
9.998531e-01 -1.114488e-03 -1.710565e-02 -1.373040e+01 1.060685e-03 9.999945e-01 -3.154088e-03 9.669742e-01 1.710907e-02 3.135480e-03 9.998487e-01 -1.248291e+01
9.994592e-01 1.396087e-03 3.285222e-02 -1.455894e+01 -1.530288e-03 9.999906e-01 4.060216e-03 1.017301e+00 -3.284624e-02 -4.108293e-03 9.994520e-01 -1.147821e+01
9.998689e-01 -6.689502e-04 -1.617754e-02 -1.542640e+01 5.910189e-04 9.999882e-01 -4.821548e-03 1.083095e+00 1.618057e-02 4.811354e-03 9.998575e-01 -1.045481e+01
9.999700e-01 1.242804e-03 7.643809e-03 -1.537679e+01 -1.287462e-03 9.999821e-01 5.840135e-03 1.085522e+00 -7.636414e-03 -5.849800e-03 9.999537e-01 -1.055020e+01
9.998751e-01 -3.657469e-04 -1.580107e-02 -1.520849e+01 2.781560e-04 9.999846e-01 -5.545186e-03 1.088358e+00 1.580286e-02 5.540097e-03 9.998598e-01 -1.101791e+01
9.999264e-01 1.788118e-03 1.199674e-02 -1.517842e+01 -1.855417e-03 9.999826e-01 5.601026e-03 1.104547e+00 -1.198652e-02 -5.622872e-03 9.999123e-01 -1.196775e+01
9.998366e-01 -2.340011e-04 -1.807617e-02 -1.513073e+01 1.376045e-04 9.999858e-01 -5.333851e-03 1.114178e+00 1.807716e-02 5.330491e-03 9.998224e-01 -1.258826e+01
9.999404e-01 1.310350e-03 1.083506e-02 -1.504534e+01 -1.373049e-03 9.999823e-01 5.781200e-03 1.117369e+00 -1.082730e-02 -5.795732e-03 9.999246e-01 -1.302208e+01
9.999093e-01 2.517442e-04 -1.346218e-02 -1.511026e+01 -3.256983e-04 9.999849e-01 -5.491544e-03 1.135522e+00 1.346060e-02 5.495430e-03 9.998943e-01 -1.383628e+01
9.999172e-01 1.626625e-03 1.276792e-02 -1.520317e+01 -1.695292e-03 9.999841e-01 5.369117e-03 1.159387e+00 -1.275898e-02 -5.390317e-03 9.999041e-01 -1.493688e+01
9.999958e-01 9.507245e-04 -2.726087e-03 -1.605728e+01 -9.613764e-04 9.999919e-01 -3.908708e-03 1.217590e+00 2.722349e-03 3.911311e-03 9.999886e-01 -1.548477e+01
9.998101e-01 1.141359e-03 1.945228e-02 -1.730885e+01 -1.251845e-03 9.999831e-01 5.668670e-03 1.300337e+00 -1.944548e-02 -5.691944e-03 9.997947e-01 -1.560638e+01
9.998576e-01 -1.176738e-05 -1.687272e-02 -1.786407e+01 -6.096738e-05 9.999907e-01 -4.310261e-03 1.333344e+00 1.687262e-02 4.310675e-03 9.998484e-01 -1.573086e+01
9.998947e-01 1.001589e-03 1.447935e-02 -1.815123e+01 -1.083354e-03 9.999835e-01 5.640273e-03 1.352959e+00 -1.447346e-02 -5.655364e-03 9.998793e-01 -1.581381e+01
9.998404e-01 1.890433e-04 -1.786500e-02 -1.840549e+01 -2.686536e-04 9.999900e-01 -4.453914e-03 1.372613e+00 1.786398e-02 4.458002e-03 9.998305e-01 -1.600576e+01
9.998842e-01 4.133037e-04 1.521064e-02 -1.864257e+01 -4.953633e-04 9.999853e-01 5.391526e-03 1.385352e+00 -1.520819e-02 -5.398436e-03 9.998698e-01 -1.586491e+01
9.997622e-01 3.138280e-04 -2.180297e-02 -1.871456e+01 -4.092726e-04 9.999904e-01 -4.373270e-03 1.389077e+00 2.180138e-02 4.381153e-03 9.997527e-01 -1.600794e+01
9.999254e-01 6.346179e-04 1.219958e-02 -1.854948e+01 -6.941706e-04 9.999879e-01 4.877933e-03 1.386852e+00 -1.219634e-02 -4.886037e-03 9.999137e-01 -1.625057e+01
9.997733e-01 1.858654e-04 -2.129214e-02 -1.844291e+01 -2.763767e-04 9.999909e-01 -4.248056e-03 1.384779e+00 2.129116e-02 4.252976e-03 9.997643e-01 -1.644463e+01
9.999186e-01 8.339097e-04 1.273164e-02 -1.837142e+01 -8.971403e-04 9.999873e-01 4.961527e-03 1.384154e+00 -1.272734e-02 -4.972544e-03 9.999066e-01 -1.661862e+01
9.997561e-01 -4.018363e-04 -2.208109e-02 -1.830150e+01 3.073823e-04 9.999908e-01 -4.280817e-03 1.373799e+00 2.208261e-02 4.272985e-03 9.997470e-01 -1.635613e+01
9.999021e-01 7.384643e-04 1.397253e-02 -1.820044e+01 -7.980346e-04 9.999906e-01 4.258305e-03 1.353342e+00 -1.396925e-02 -4.269038e-03 9.998933e-01 -1.579042e+01
9.997495e-01 -5.144600e-04 -2.237726e-02 -1.810920e+01 4.256877e-04 9.999920e-01 -3.971653e-03 1.335005e+00 2.237912e-02 3.961131e-03 9.997417e-01 -1.531769e+01
9.999268e-01 1.150925e-03 1.204325e-02 -1.793661e+01 -1.205864e-03 9.999889e-01 4.555551e-03 1.327412e+00 -1.203788e-02 -4.569739e-03 9.999171e-01 -1.532328e+01
9.997703e-01 -4.416497e-04 -2.142788e-02 -1.788048e+01 3.637846e-04 9.999933e-01 -3.637576e-03 1.321902e+00 2.142935e-02 3.628944e-03 9.997638e-01 -1.527959e+01
9.998888e-01 5.575008e-04 1.490488e-02 -1.784016e+01 -6.128414e-04 9.999929e-01 3.708624e-03 1.307874e+00 -1.490271e-02 -3.717345e-03 9.998820e-01 -1.475703e+01
9.997254e-01 -1.809269e-04 -2.343395e-02 -1.777133e+01 1.022773e-04 9.999944e-01 -3.357372e-03 1.294488e+00 2.343442e-02 3.354052e-03 9.997197e-01 -1.440119e+01
9.998657e-01 1.445388e-03 1.632692e-02 -1.767080e+01 -1.505971e-03 9.999920e-01 3.698939e-03 1.296872e+00 -1.632145e-02 -3.723030e-03 9.998599e-01 -1.484469e+01
9.997628e-01 -1.206039e-03 -2.174681e-02 -1.765921e+01 1.130219e-03 9.999932e-01 -3.498440e-03 1.285130e+00 2.175088e-02 3.473031e-03 9.997574e-01 -1.435213e+01
9.998498e-01 1.226325e-03 1.728802e-02 -1.767900e+01 -1.289066e-03 9.999926e-01 3.618483e-03 1.273535e+00 -1.728345e-02 -3.640225e-03 9.998440e-01 -1.363446e+01
9.997597e-01 -1.227450e-03 -2.188801e-02 -1.769630e+01 1.148670e-03 9.999928e-01 -3.611443e-03 1.262754e+00 2.189229e-02 3.585432e-03 9.997539e-01 -1.297903e+01
9.998141e-01 1.634250e-03 1.921046e-02 -1.786864e+01 -1.717239e-03 9.999893e-01 4.304310e-03 1.269702e+00 -1.920322e-02 -4.336498e-03 9.998062e-01 -1.254276e+01
9.997433e-01 -1.018768e-03 -2.263457e-02 -1.807593e+01 9.448933e-04 9.999942e-01 -3.274230e-03 1.282759e+00 2.263777e-02 3.252001e-03 9.997384e-01 -1.238930e+01
9.998634e-01 1.666730e-03 1.644115e-02 -1.816603e+01 -1.734536e-03 9.999900e-01 4.110767e-03 1.285941e+00 -1.643414e-02 -4.138723e-03 9.998564e-01 -1.236052e+01
9.998044e-01 -1.210170e-03 -1.974133e-02 -1.831942e+01 1.139252e-03 9.999929e-01 -3.603223e-03 1.292325e+00 1.974555e-02 3.580027e-03 9.997986e-01 -1.213526e+01
9.998741e-01 2.186723e-03 1.571890e-02 -1.851679e+01 -2.261604e-03 9.999862e-01 4.747531e-03 1.303306e+00 -1.570830e-02 -4.782482e-03 9.998652e-01 -1.238673e+01
9.997746e-01 -5.260463e-04 -2.122506e-02 -1.852482e+01 4.276098e-04 9.999891e-01 -4.642011e-03 1.316589e+00 2.122727e-02 4.631888e-03 9.997639e-01 -1.298224e+01
9.998494e-01 1.221457e-03 1.730993e-02 -1.873104e+01 -1.319065e-03 9.999833e-01 5.628568e-03 1.327357e+00 -1.730276e-02 -5.650553e-03 9.998343e-01 -1.296588e+01
9.998717e-01 -6.379787e-04 -1.600776e-02 -1.910947e+01 5.644460e-04 9.999893e-01 -4.597654e-03 1.351897e+00 1.601052e-02 4.588027e-03 9.998613e-01 -1.277341e+01
9.998109e-01 1.491904e-03 1.938913e-02 -1.958347e+01 -1.592262e-03 9.999854e-01 5.161616e-03 1.382771e+00 -1.938115e-02 -5.191512e-03 9.997987e-01 -1.254106e+01
9.998255e-01 -1.076402e-03 -1.864800e-02 -1.986157e+01 9.814959e-04 9.999865e-01 -5.097763e-03 1.395427e+00 1.865324e-02 5.078570e-03 9.998131e-01 -1.212345e+01
9.997485e-01 1.571238e-03 2.236921e-02 -2.026216e+01 -1.683902e-03 9.999860e-01 5.018651e-03 1.419120e+00 -2.236101e-02 -5.055056e-03 9.997372e-01 -1.170105e+01
9.998815e-01 -7.906628e-04 -1.537267e-02 -2.084696e+01 7.156856e-04 9.999878e-01 -4.882182e-03 1.456846e+00 1.537634e-02 4.870600e-03 9.998699e-01 -1.137201e+01
9.997795e-01 1.436531e-03 2.094947e-02 -2.137110e+01 -1.547031e-03 9.999850e-01 5.259331e-03 1.489436e+00 -2.094160e-02 -5.290580e-03 9.997667e-01 -1.103475e+01
9.998396e-01 -7.884799e-04 -1.789403e-02 -2.179558e+01 7.007226e-04 9.999877e-01 -4.910006e-03 1.514761e+00 1.789768e-02 4.896679e-03 9.998278e-01 -1.072091e+01
9.999050e-01 1.048519e-03 1.374670e-02 -2.186392e+01 -1.117244e-03 9.999869e-01 4.992668e-03 1.511751e+00 -1.374129e-02 -5.007551e-03 9.998930e-01 -1.031479e+01
9.998705e-01 -4.721810e-04 -1.608620e-02 -2.206310e+01 3.998457e-04 9.999898e-01 -4.499637e-03 1.520065e+00 1.608817e-02 4.492621e-03 9.998605e-01 -1.007351e+01
9.998674e-01 1.216438e-03 1.623688e-02 -2.241944e+01 -1.303456e-03 9.999848e-01 5.349735e-03 1.540951e+00 -1.623013e-02 -5.370189e-03 9.998539e-01 -9.953769e+00
9.999189e-01 -1.382152e-04 -1.273759e-02 -2.297877e+01 8.465032e-05 9.999912e-01 -4.205688e-03 1.575764e+00 1.273806e-02 4.204268e-03 9.999100e-01 -1.001270e+01
9.998752e-01 1.261679e-03 1.574574e-02 -2.353247e+01 -1.347322e-03 9.999844e-01 5.429729e-03 1.609524e+00 -1.573864e-02 -5.450266e-03 9.998613e-01 -1.009175e+01
9.999406e-01 -7.030481e-04 -1.087354e-02 -2.403369e+01 6.537668e-04 9.999895e-01 -4.535102e-03 1.638946e+00 1.087662e-02 4.527724e-03 9.999306e-01 -9.738974e+00
9.996584e-01 1.391656e-03 2.609932e-02 -2.490366e+01 -1.527578e-03 9.999854e-01 5.188659e-03 1.700912e+00 -2.609172e-02 -5.226754e-03 9.996459e-01 -8.953872e+00
9.998676e-01 -5.124299e-04 -1.626169e-02 -2.564705e+01 4.351951e-04 9.999886e-01 -4.752666e-03 1.755145e+00 1.626394e-02 4.744959e-03 9.998565e-01 -8.478752e+00
9.998874e-01 1.368667e-03 1.494166e-02 -2.597395e+01 -1.456170e-03 9.999818e-01 5.846977e-03 1.774098e+00 -1.493339e-02 -5.868075e-03 9.998713e-01 -8.454503e+00
9.999132e-01 -6.491579e-04 -1.316162e-02 -2.639043e+01 5.862552e-04 9.999884e-01 -4.782539e-03 1.802706e+00 1.316457e-02 4.774406e-03 9.999019e-01 -8.315094e+00
9.998353e-01 1.404984e-03 1.809457e-02 -2.692079e+01 -1.505677e-03 9.999835e-01 5.552461e-03 1.841051e+00 -1.808647e-02 -5.578790e-03 9.998209e-01 -8.068596e+00
9.998801e-01 -7.542330e-04 -1.546449e-02 -2.734601e+01 6.826451e-04 9.999890e-01 -4.633923e-03 1.870338e+00 1.546782e-02 4.622810e-03 9.998697e-01 -7.871145e+00
9.997466e-01 1.587781e-03 2.245545e-02 -2.799194e+01 -1.720160e-03 9.999813e-01 5.877123e-03 1.912021e+00 -2.244569e-02 -5.914260e-03 9.997306e-01 -7.565467e+00
9.999824e-01 -9.682465e-04 -5.853784e-03 -2.895148e+01 9.435231e-04 9.999906e-01 -4.224751e-03 1.975527e+00 5.857820e-03 4.219153e-03 9.999739e-01 -6.743350e+00
9.995280e-01 1.845020e-03 3.066653e-02 -3.026574e+01 -2.011809e-03 9.999833e-01 5.408819e-03 2.074281e+00 -3.065604e-02 -5.467960e-03 9.995150e-01 -5.850984e+00
9.997766e-01 -5.881461e-04 -2.112950e-02 -3.105997e+01 4.980331e-04 9.999908e-01 -4.269798e-03 2.133184e+00 2.113182e-02 4.258320e-03 9.997676e-01 -5.720412e+00
9.999056e-01 1.446901e-03 1.366087e-02 -3.098049e+01 -1.513247e-03 9.999871e-01 4.847536e-03 2.139075e+00 -1.365367e-02 -4.867750e-03 9.998949e-01 -6.035832e+00
9.998090e-01 -6.318163e-04 -1.953436e-02 -3.105229e+01 5.532809e-04 9.999917e-01 -4.025512e-03 2.146969e+00 1.953674e-02 4.013935e-03 9.998011e-01 -6.084882e+00
9.997541e-01 1.570223e-03 2.211763e-02 -3.156636e+01 -1.691611e-03 9.999836e-01 5.470663e-03 2.177773e+00 -2.210867e-02 -5.506732e-03 9.997404e-01 -6.081090e+00
9.998021e-01 -5.084056e-04 -1.988575e-02 -3.207854e+01 4.217041e-04 9.999904e-01 -4.363922e-03 2.209937e+00 1.988778e-02 4.354672e-03 9.997927e-01 -6.109485e+00
9.997972e-01 1.543967e-03 2.007708e-02 -3.249079e+01 -1.655334e-03 9.999833e-01 5.531536e-03 2.233541e+00 -2.006821e-02 -5.563648e-03 9.997831e-01 -6.162513e+00
9.997934e-01 2.755368e-05 -2.032437e-02 -3.269253e+01 -1.356298e-04 9.999859e-01 -5.316199e-03 2.256759e+00 2.032393e-02 5.317857e-03 9.997793e-01 -7.067993e+00
9.998866e-01 1.631401e-03 1.497172e-02 -3.252532e+01 -1.704868e-03 9.999866e-01 4.895635e-03 2.269417e+00 -1.496354e-02 -4.920604e-03 9.998759e-01 -8.007942e+00
9.997213e-01 -7.499363e-04 -2.359530e-02 -3.234615e+01 6.414861e-04 9.999892e-01 -4.603489e-03 2.269047e+00 2.359850e-02 4.587069e-03 9.997110e-01 -8.361722e+00
9.998852e-01 1.813292e-03 1.504493e-02 -3.222280e+01 -1.891259e-03 9.999848e-01 5.169720e-03 2.271461e+00 -1.503533e-02 -5.197580e-03 9.998735e-01 -8.749475e+00
9.997265e-01 -9.761540e-04 -2.336484e-02 -3.210316e+01 8.676218e-04 9.999888e-01 -4.654789e-03 2.272464e+00 2.336912e-02 4.633244e-03 9.997162e-01 -9.068022e+00
9.998841e-01 1.798290e-03 1.511785e-02 -3.203964e+01 -1.878932e-03 9.999841e-01 5.321745e-03 2.273190e+00 -1.510804e-02 -5.349533e-03 9.998716e-01 -9.218824e+00
9.998144e-01 -6.839935e-04 -1.925303e-02 -3.220123e+01 6.021452e-04 9.999908e-01 -4.256658e-03 2.286759e+00 1.925576e-02 4.244274e-03 9.998056e-01 -9.498708e+00
9.998249e-01 1.784724e-03 1.862839e-02 -3.261182e+01 -1.891322e-03 9.999819e-01 5.706285e-03 2.309577e+00 -1.861787e-02 -5.740517e-03 9.998102e-01 -9.637795e+00
9.997840e-01 -6.785435e-04 -2.077292e-02 -3.294524e+01 5.878584e-04 9.999903e-01 -4.371330e-03 2.328593e+00 2.077569e-02 4.358174e-03 9.997747e-01 -9.827816e+00
9.998651e-01 1.947342e-03 1.630967e-02 -3.293564e+01 -2.024446e-03 9.999868e-01 4.712333e-03 2.340974e+00 -1.630028e-02 -4.744715e-03 9.998559e-01 -1.045232e+01
9.997298e-01 -9.156424e-04 -2.322653e-02 -3.278223e+01 8.104804e-04 9.999894e-01 -4.536670e-03 2.343976e+00 2.323044e-02 4.516618e-03 9.997199e-01 -1.093346e+01
9.998403e-01 2.117197e-03 1.774356e-02 -3.265203e+01 -2.196857e-03 9.999876e-01 4.471261e-03 2.352077e+00 -1.773387e-02 -4.509527e-03 9.998326e-01 -1.163370e+01
9.997724e-01 -6.488234e-04 -2.132502e-02 -3.262738e+01 5.517804e-04 9.999895e-01 -4.556229e-03 2.366280e+00 2.132775e-02 4.543425e-03 9.997622e-01 -1.246601e+01
9.998893e-01 1.946107e-03 1.475308e-02 -3.254744e+01 -2.016490e-03 9.999867e-01 4.757424e-03 2.373352e+00 -1.474363e-02 -4.786645e-03 9.998798e-01 -1.304580e+01
9.997213e-01 -1.080376e-03 -2.358145e-02 -3.244299e+01 9.847595e-04 9.999912e-01 -4.065967e-03 2.370382e+00 2.358564e-02 4.041611e-03 9.997137e-01 -1.318106e+01
9.998094e-01 2.323122e-03 1.938450e-02 -3.239861e+01 -2.401644e-03 9.999890e-01 4.028483e-03 2.381048e+00 -1.937493e-02 -4.074269e-03 9.998040e-01 -1.392945e+01
9.996586e-01 -1.138056e-03 -2.610503e-02 -3.232199e+01 1.040549e-03 9.999924e-01 -3.748460e-03 2.388369e+00 2.610909e-02 3.720016e-03 9.996522e-01 -1.451138e+01
9.998353e-01 2.066243e-03 1.803112e-02 -3.224677e+01 -2.145761e-03 9.999881e-01 4.391808e-03 2.391264e+00 -1.802183e-02 -4.429775e-03 9.998278e-01 -1.484561e+01
9.996906e-01 -1.140239e-03 -2.484693e-02 -3.218207e+01 1.039693e-03 9.999912e-01 -4.059183e-03 2.395397e+00 2.485134e-02 4.032093e-03 9.996830e-01 -1.531976e+01
9.998101e-01 2.444289e-03 1.933141e-02 -3.213838e+01 -2.525518e-03 9.999881e-01 4.178668e-03 2.404912e+00 -1.932097e-02 -4.226696e-03 9.998044e-01 -1.598937e+01
9.997041e-01 -1.224863e-03 -2.429333e-02 -3.216294e+01 1.135699e-03 9.999926e-01 -3.683745e-03 2.416316e+00 2.429767e-02 3.655064e-03 9.996981e-01 -1.650512e+01
9.998105e-01 2.379127e-03 1.932247e-02 -3.218746e+01 -2.462222e-03 9.999878e-01 4.277796e-03 2.428107e+00 -1.931206e-02 -4.324560e-03 9.998042e-01 -1.701277e+01
9.997124e-01 -1.278528e-03 -2.394788e-02 -3.234659e+01 1.203172e-03 9.999943e-01 -3.160818e-03 2.437247e+00 2.395178e-02 3.131095e-03 9.997082e-01 -1.714289e+01
9.998017e-01 2.687143e-03 1.972960e-02 -3.234094e+01 -2.753970e-03 9.999906e-01 3.360739e-03 2.449175e+00 -1.972038e-02 -3.414407e-03 9.997997e-01 -1.776336e+01
9.997160e-01 -1.180098e-03 -2.380001e-02 -3.236463e+01 1.105583e-03 9.999944e-01 -3.143768e-03 2.467038e+00 2.380358e-02 3.116561e-03 9.997118e-01 -1.840620e+01
9.997919e-01 2.714110e-03 2.021915e-02 -3.242466e+01 -2.783314e-03 9.999904e-01 3.395343e-03 2.486045e+00 -2.020974e-02 -3.450912e-03 9.997898e-01 -1.919801e+01
9.996468e-01 -1.456892e-03 -2.653485e-02 -3.242787e+01 1.380840e-03 9.999949e-01 -2.884203e-03 2.495620e+00 2.653892e-02 2.846543e-03 9.996437e-01 -1.963330e+01
9.997731e-01 2.120574e-03 2.119573e-02 -3.252265e+01 -2.195126e-03 9.999915e-01 3.494641e-03 2.499543e+00 -2.118814e-02 -3.540374e-03 9.997692e-01 -1.950820e+01
9.996943e-01 -1.456897e-03 -2.468079e-02 -3.269984e+01 1.383814e-03 9.999946e-01 -2.977918e-03 2.506141e+00 2.468500e-02 2.942853e-03 9.996909e-01 -1.936971e+01
9.998065e-01 2.525120e-03 1.951049e-02 -3.271451e+01 -2.595780e-03 9.999902e-01 3.597189e-03 2.516298e+00 -1.950121e-02 -3.647137e-03 9.998032e-01 -1.984718e+01
9.996403e-01 -1.391276e-03 -2.678406e-02 -3.263584e+01 1.304988e-03 9.999939e-01 -3.238814e-03 2.520461e+00 2.678840e-02 3.202695e-03 9.996360e-01 -2.019017e+01
9.998278e-01 2.045519e-03 1.844583e-02 -3.258419e+01 -2.120342e-03 9.999896e-01 4.037732e-03 2.516408e+00 -1.843738e-02 -4.076147e-03 9.998217e-01 -2.012850e+01
9.996797e-01 -1.337252e-03 -2.527111e-02 -3.262348e+01 1.255926e-03 9.999940e-01 -3.233721e-03 2.517972e+00 2.527528e-02 3.200946e-03 9.996754e-01 -2.012729e+01
9.998402e-01 2.088821e-03 1.775602e-02 -3.261022e+01 -2.160407e-03 9.999896e-01 4.013439e-03 2.516809e+00 -1.774745e-02 -4.051157e-03 9.998343e-01 -2.014285e+01
9.996752e-01 -1.504338e-03 -2.543994e-02 -3.261422e+01 1.424544e-03 9.999940e-01 -3.154405e-03 2.513407e+00 2.544453e-02 3.117140e-03 9.996714e-01 -2.005768e+01
9.996944e-01 2.340175e-03 2.461075e-02 -3.295745e+01 -2.437767e-03 9.999893e-01 3.936188e-03 2.533398e+00 -2.460127e-02 -3.994979e-03 9.996894e-01 -2.000784e+01
9.994340e-01 -1.685597e-03 -3.359958e-02 -3.290682e+01 1.582619e-03 9.999940e-01 -3.091196e-03 2.528600e+00 3.360459e-02 3.036271e-03 9.994306e-01 -1.997421e+01
9.996564e-01 2.136240e-03 2.612619e-02 -3.293624e+01 -2.242028e-03 9.999894e-01 4.020504e-03 2.524814e+00 -2.611732e-02 -4.077698e-03 9.996506e-01 -1.987239e+01
9.994113e-01 -1.737613e-03 -3.426437e-02 -3.285318e+01 1.619579e-03 9.999927e-01 -3.472244e-03 2.519174e+00 3.427015e-02 3.414705e-03 9.994068e-01 -1.986227e+01
9.995330e-01 2.276214e-03 3.047149e-02 -3.299402e+01 -2.403629e-03 9.999885e-01 4.145489e-03 2.526057e+00 -3.046171e-02 -4.216794e-03 9.995270e-01 -1.969483e+01
9.994329e-01 -1.309317e-03 -3.364850e-02 -3.321192e+01 1.205255e-03 9.999944e-01 -3.112704e-03 2.544570e+00 3.365239e-02 3.070383e-03 9.994289e-01 -1.981910e+01
9.996118e-01 2.140749e-03 2.777912e-02 -3.310993e+01 -2.233214e-03 9.999921e-01 3.297975e-03 2.551337e+00 -2.777184e-02 -3.358730e-03 9.996086e-01 -2.042207e+01
9.994739e-01 -8.332179e-04 -3.242331e-02 -3.301789e+01 7.197170e-04 9.999936e-01 -3.512100e-03 2.562869e+00 3.242603e-02 3.486916e-03 9.994681e-01 -2.127121e+01
9.995405e-01 2.463513e-03 3.021225e-02 -3.299448e+01 -2.558285e-03 9.999919e-01 3.098638e-03 2.580810e+00 -3.020437e-02 -3.174505e-03 9.995387e-01 -2.233668e+01
9.995516e-01 -4.045551e-04 -2.994164e-02 -3.307848e+01 3.017250e-04 9.999940e-01 -3.438781e-03 2.605774e+00 2.994285e-02 3.428204e-03 9.995457e-01 -2.349854e+01
9.995472e-01 2.396836e-03 2.999546e-02 -3.318632e+01 -2.494210e-03 9.999917e-01 3.209301e-03 2.631090e+00 -2.998752e-02 -3.282662e-03 9.995449e-01 -2.468918e+01
9.994051e-01 -7.327794e-04 -3.448131e-02 -3.311037e+01 6.125233e-04 9.999937e-01 -3.498003e-03 2.644132e+00 3.448366e-02 3.474800e-03 9.993992e-01 -2.552965e+01
9.995944e-01 1.821025e-03 2.841925e-02 -3.313439e+01 -1.942487e-03 9.999891e-01 4.246912e-03 2.652093e+00 -2.841121e-02 -4.300393e-03 9.995871e-01 -2.591804e+01
9.994075e-01 -7.719618e-04 -3.440982e-02 -3.317183e+01 6.515252e-04 9.999936e-01 -3.511131e-03 2.660173e+00 3.441231e-02 3.486631e-03 9.994016e-01 -2.623986e+01
9.996529e-01 1.501888e-03 2.630094e-02 -3.307913e+01 -1.612233e-03 9.999900e-01 4.174791e-03 2.661662e+00 -2.629441e-02 -4.215744e-03 9.996454e-01 -2.651644e+01
9.994677e-01 -4.473273e-04 -3.262199e-02 -3.299874e+01 3.205464e-04 9.999924e-01 -3.891481e-03 2.669065e+00 3.262348e-02 3.878952e-03 9.994602e-01 -2.712536e+01
9.995815e-01 1.889238e-03 2.886499e-02 -3.294138e+01 -1.997090e-03 9.999911e-01 3.708062e-03 2.683813e+00 -2.885773e-02 -3.764155e-03 9.995764e-01 -2.805865e+01
9.994027e-01 -4.738092e-04 -3.455589e-02 -3.284533e+01 3.429891e-04 9.999928e-01 -3.791576e-03 2.694453e+00 3.455744e-02 3.777458e-03 9.993956e-01 -2.881842e+01
9.996190e-01 1.479963e-03 2.756226e-02 -3.277289e+01 -1.596266e-03 9.999899e-01 4.198139e-03 2.700622e+00 -2.755577e-02 -4.240536e-03 9.996113e-01 -2.927050e+01
9.993740e-01 -6.201024e-04 -3.537387e-02 -3.272725e+01 4.998391e-04 9.999941e-01 -3.408514e-03 2.704389e+00 3.537577e-02 3.388698e-03 9.993683e-01 -2.958346e+01
9.994673e-01 1.877133e-03 3.258290e-02 -3.296487e+01 -2.031527e-03 9.999869e-01 4.706032e-03 2.721560e+00 -3.257364e-02 -4.769717e-03 9.994580e-01 -2.988344e+01
9.992042e-01 -8.683823e-04 -3.987679e-02 -3.292009e+01 7.037342e-04 9.999912e-01 -4.142767e-03 2.721390e+00 3.988003e-02 4.111407e-03 9.991960e-01 -3.007598e+01
9.995015e-01 1.022884e-03 3.155381e-02 -3.284509e+01 -1.169237e-03 9.999886e-01 4.620120e-03 2.708222e+00 -3.154872e-02 -4.654710e-03 9.994914e-01 -2.978940e+01
9.991152e-01 -6.337467e-04 -4.205313e-02 -3.260598e+01 4.557845e-04 9.999909e-01 -4.241290e-03 2.696084e+00 4.205544e-02 4.218369e-03 9.991064e-01 -2.975508e+01
9.995060e-01 1.046805e-03 3.141049e-02 -3.234956e+01 -1.196671e-03 9.999880e-01 4.752804e-03 2.686413e+00 -3.140514e-02 -4.788044e-03 9.994953e-01 -2.979727e+01
9.993148e-01 -1.391770e-04 -3.701111e-02 -3.221436e+01 -3.972147e-05 9.999883e-01 -4.832856e-03 2.695030e+00 3.701135e-02 4.831014e-03 9.993032e-01 -3.055059e+01
9.996092e-01 1.358302e-03 2.792093e-02 -3.205372e+01 -1.506455e-03 9.999849e-01 5.285800e-03 2.691886e+00 -2.791332e-02 -5.325795e-03 9.995962e-01 -3.081501e+01
9.992833e-01 -1.144570e-03 -3.783725e-02 -3.190090e+01 9.549412e-04 9.999869e-01 -5.029386e-03 2.673946e+00 3.784251e-02 4.989648e-03 9.992713e-01 -3.046840e+01
9.994826e-01 2.109794e-03 3.209397e-02 -3.186713e+01 -2.287057e-03 9.999823e-01 5.487553e-03 2.680592e+00 -3.208182e-02 -5.558114e-03 9.994698e-01 -3.093809e+01
9.993082e-01 -9.342818e-04 -3.717901e-02 -3.181077e+01 7.332921e-04 9.999850e-01 -5.419260e-03 2.689557e+00 3.718352e-02 5.388247e-03 9.992939e-01 -3.156441e+01
9.994886e-01 1.934566e-03 3.191994e-02 -3.181206e+01 -2.126704e-03 9.999798e-01 5.986556e-03 2.699160e+00 -3.190771e-02 -6.051378e-03 9.994725e-01 -3.204472e+01
9.991634e-01 -1.144424e-03 -4.088079e-02 -3.163076e+01 9.138226e-04 9.999836e-01 -5.659067e-03 2.697694e+00 4.088659e-02 5.616974e-03 9.991480e-01 -3.233448e+01
9.994763e-01 1.788365e-03 3.230942e-02 -3.146140e+01 -1.989367e-03 9.999789e-01 6.190101e-03 2.696798e+00 -3.229767e-02 -6.251134e-03 9.994587e-01 -3.261832e+01
9.993429e-01 -5.768871e-04 -3.624229e-02 -3.146326e+01 3.607259e-04 9.999821e-01 -5.970587e-03 2.711269e+00 3.624508e-02 5.953589e-03 9.993252e-01 -3.336986e+01
9.994579e-01 2.140314e-03 3.285321e-02 -3.143976e+01 -2.331256e-03 9.999806e-01 5.774799e-03 2.729244e+00 -3.284022e-02 -5.848257e-03 9.994435e-01 -3.432438e+01
