9.999885e-01 1.368477e-03 -4.603166e-03 1.807639e-01 -1.370630e-03 9.999990e-01 -4.645572e-04 6.013685e-03 4.602525e-03 4.708603e-04 9.999893e-01 -7.179012e-01
9.999970e-01 -2.459554e-04 -2.424974e-03 3.422281e-01 2.473823e-04 9.999998e-01 5.881066e-04 7.721402e-03 2.424829e-03 -5.887041e-04 9.999969e-01 -1.175053e+00
9.999793e-01 1.024397e-03 -6.357547e-03 6.194959e-01 -1.027018e-03 9.999994e-01 -4.090134e-04 7.157309e-03 6.357124e-03 4.155335e-04 9.999797e-01 -1.637040e+00
9.999977e-01 -2.110291e-04 -2.153380e-03 9.517418e-01 2.119632e-04 9.999999e-01 4.335774e-04 8.045135e-03 2.153288e-03 -4.340321e-04 9.999976e-01 -2.199328e+00
9.999839e-01 1.289239e-03 -5.527287e-03 1.231400e+00 -1.291676e-03 9.999991e-01 -4.372501e-04 1.175907e-02 5.526718e-03 4.443818e-04 9.999846e-01 -2.834593e+00
9.999982e-01 -2.392673e-04 -1.900129e-03 1.397210e+00 2.403814e-04 9.999998e-01 5.861110e-04 1.440715e-02 1.899989e-03 -5.865660e-04 9.999980e-01 -3.332112e+00
9.999907e-01 1.702970e-03 -3.950866e-03 1.562861e+00 -1.705919e-03 9.999983e-01 -7.430370e-04 2.332903e-02 3.949594e-03 7.497693e-04 9.999919e-01 -4.150457e+00
1.000000e+00 -5.625475e-05 6.602589e-05 1.759591e+00 5.624926e-05 1.000000e+00 8.386818e-05 3.745625e-02 -6.603027e-05 -8.386375e-05 1.000000e+00 -5.222595e+00
9.999959e-01 1.855014e-03 -2.161631e-03 1.835686e+00 -1.856427e-03 9.999981e-01 -6.517881e-04 5.505274e-02 2.160418e-03 6.557977e-04 9.999975e-01 -6.348045e+00
9.999993e-01 -3.717723e-05 -1.143523e-03 1.961137e+00 3.731492e-05 1.000000e+00 1.203514e-04 7.049233e-02 1.143519e-03 -1.203933e-04 9.999993e-01 -7.392764e+00
9.999719e-01 2.926535e-03 6.898770e-03 1.918969e+00 -2.909708e-03 9.999928e-01 -2.447884e-03 1.078903e-01 -6.905884e-03 2.427741e-03 9.999732e-01 -9.473892e+00
9.999473e-01 1.488504e-03 1.016099e-02 1.528470e+00 -1.481143e-03 9.999986e-01 -7.319051e-04 1.762873e-01 -1.016207e-02 7.168174e-04 9.999481e-01 -1.249865e+01
9.999890e-01 1.512153e-03 -4.432345e-03 1.430964e+00 -1.514935e-03 9.999987e-01 -6.244845e-04 2.156968e-01 4.431395e-03 6.311917e-04 9.999900e-01 -1.429093e+01
9.999996e-01 -9.076134e-05 -9.347040e-04 1.679803e+00 9.083619e-05 1.000000e+00 8.000218e-05 2.260870e-01 9.346970e-04 -8.008633e-05 9.999996e-01 -1.525673e+01
9.999948e-01 1.929088e-03 -2.572420e-03 2.015423e+00 -1.931984e-03 9.999975e-01 -1.123936e-03 2.268712e-01 2.570245e-03 1.128899e-03 9.999961e-01 -1.583809e+01
9.999986e-01 -1.087602e-03 1.241032e-03 2.494741e+00 1.088764e-03 9.999990e-01 -9.363133e-04 1.949450e-01 -1.240012e-03 9.376639e-04 9.999988e-01 -1.514759e+01
9.999957e-01 6.385630e-04 2.867668e-03 2.895177e+00 -6.320060e-04 9.999972e-01 -2.286877e-03 1.376917e-01 -2.869121e-03 2.285054e-03 9.999933e-01 -1.293560e+01
9.999991e-01 -1.026152e-03 9.168557e-04 3.219504e+00 1.026932e-03 9.999991e-01 -8.506181e-04 7.366977e-02 -9.159817e-04 8.515596e-04 9.999992e-01 -1.040948e+01
9.999904e-01 6.753718e-04 4.329852e-03 3.496431e+00 -6.665975e-04 9.999977e-01 -2.027610e-03 1.323796e-02 -4.331212e-03 2.024704e-03 9.999886e-01 -7.884379e+00
9.999982e-01 -1.101871e-03 1.574662e-03 3.601664e+00 1.102485e-03 9.999993e-01 -3.888891e-04 -4.083452e-02 -1.574232e-03 3.906251e-04 9.999987e-01 -5.086298e+00
9.999924e-01 6.351050e-04 3.851488e-03 3.783225e+00 -6.258003e-04 9.999969e-01 -2.416611e-03 -1.026303e-01 -3.853011e-03 2.414181e-03 9.999897e-01 -2.210142e+00
9.999990e-01 -8.069757e-04 1.142144e-03 4.022497e+00 8.074714e-04 9.999996e-01 -4.335429e-04 -1.610398e-01 -1.141794e-03 4.344654e-04 9.999993e-01 3.388712e-01
9.999864e-01 2.184057e-04 5.208288e-03 4.205572e+00 -2.064475e-04 9.999973e-01 -2.296432e-03 -2.253878e-01 -5.208776e-03 2.295325e-03 9.999838e-01 3.339766e+00
9.999978e-01 -9.681268e-05 -2.087907e-03 4.274061e+00 9.809806e-05 9.999998e-01 6.155219e-04 -2.634112e-01 2.087848e-03 -6.157246e-04 9.999976e-01 5.420611e+00
9.999874e-01 5.047313e-04 4.989580e-03 4.540629e+00 -4.896204e-04 9.999953e-01 -3.029260e-03 -3.075052e-01 -4.991086e-03 3.026779e-03 9.999830e-01 7.239774e+00
9.999976e-01 -1.366934e-03 1.701363e-03 4.955665e+00 1.368798e-03 9.999985e-01 -1.094867e-03 -3.816131e-01 -1.699864e-03 1.097194e-03 9.999980e-01 1.015807e+01
9.999620e-01 2.363841e-04 8.709878e-03 5.188666e+00 -2.076073e-04 9.999945e-01 -3.304683e-03 -4.649683e-01 -8.710612e-03 3.302748e-03 9.999566e-01 1.410132e+01
9.999971e-01 -8.225367e-04 -2.274392e-03 5.525863e+00 8.208962e-04 9.999994e-01 -7.221134e-04 -5.388978e-01 2.274985e-03 7.202450e-04 9.999972e-01 1.709145e+01
9.999771e-01 1.306030e-03 6.634179e-03 6.017065e+00 -1.287827e-03 9.999954e-01 -2.747345e-03 -5.920074e-01 -6.637737e-03 2.738738e-03 9.999742e-01 1.851904e+01
9.999925e-01 -2.146404e-03 3.210318e-03 6.169144e+00 2.149724e-03 9.999972e-01 -1.031057e-03 -6.555942e-01 -3.208096e-03 1.037951e-03 9.999943e-01 2.184781e+01
9.999500e-01 9.328583e-04 9.958252e-03 6.217422e+00 -9.021537e-04 9.999948e-01 -3.087387e-03 -7.238135e-01 -9.961081e-03 3.078248e-03 9.999456e-01 2.587031e+01
9.999928e-01 -2.192515e-03 3.112160e-03 6.287742e+00 2.196363e-03 9.999968e-01 -1.233472e-03 -7.954425e-01 -3.109446e-03 1.240299e-03 9.999944e-01 2.994395e+01
9.999689e-01 1.156550e-03 7.804038e-03 6.357250e+00 -1.137129e-03 9.999962e-01 -2.492622e-03 -8.616011e-01 -7.806892e-03 2.483669e-03 9.999664e-01 3.364168e+01
9.999750e-01 -2.363589e-03 6.660818e-03 6.432569e+00 2.382070e-03 9.999933e-01 -2.768151e-03 -9.361246e-01 -6.654231e-03 2.783949e-03 9.999740e-01 3.796954e+01
9.999400e-01 2.449516e-04 1.095111e-02 6.577388e+00 -2.078568e-04 9.999942e-01 -3.388317e-03 -1.029237e+00 -1.095188e-02 3.385837e-03 9.999343e-01 4.290875e+01
9.999958e-01 -1.640959e-03 -2.405154e-03 6.574648e+00 1.641551e-03 9.999986e-01 2.444758e-04 -1.081940e+00 2.404750e-03 -2.484222e-04 9.999971e-01 4.600728e+01
9.997007e-01 -7.415418e-04 2.445137e-02 6.569803e+00 9.110807e-04 9.999756e-01 -6.923307e-03 -1.157726e+00 -2.444564e-02 6.943512e-03 9.996770e-01 5.099263e+01
9.999872e-01 -2.348704e-03 4.484854e-03 6.579634e+00 2.357433e-03 9.999953e-01 -1.942183e-03 -1.250323e+00 -4.480271e-03 1.952732e-03 9.999881e-01 5.705781e+01
9.996091e-01 -1.129160e-03 2.793341e-02 6.605943e+00 1.349145e-03 9.999682e-01 -7.857715e-03 -1.364213e+00 -2.792365e-02 7.892329e-03 9.995789e-01 6.404983e+01
9.999957e-01 -1.028148e-03 -2.742695e-03 6.580148e+00 1.030642e-03 9.999991e-01 9.079048e-04 -1.458874e+00 2.741759e-03 -9.107270e-04 9.999958e-01 6.997252e+01
9.985100e-01 -4.670012e-03 5.436833e-02 6.507380e+00 5.583377e-03 9.998456e-01 -1.665982e-02 -1.600336e+00 -5.428214e-02 1.693856e-02 9.983820e-01 7.913609e+01
9.999214e-01 -7.835047e-04 -1.251042e-02 6.692024e+00 8.135078e-04 9.999968e-01 2.393344e-03 -1.786137e+00 1.250850e-02 -2.403332e-03 9.999189e-01 8.898057e+01
9.979900e-01 -6.105666e-03 6.307622e-02 6.811775e+00 7.326042e-03 9.997901e-01 -1.913451e-02 -2.000402e+00 -6.294615e-02 1.955815e-02 9.978253e-01 1.005511e+02
9.999693e-01 -1.410299e-03 -7.705302e-03 6.865986e+00 1.419553e-03 9.999983e-01 1.195578e-03 -2.203811e+00 7.703603e-03 -1.206478e-03 9.999696e-01 1.120838e+02
9.985854e-01 -5.045499e-03 5.293171e-02 6.890271e+00 5.898439e-03 9.998551e-01 -1.597015e-02 -2.382325e+00 -5.284346e-02 1.625977e-02 9.984704e-01 1.221084e+02
9.999911e-01 -2.067809e-03 3.688419e-03 6.695574e+00 2.073040e-03 9.999969e-01 -1.414970e-03 -2.538483e+00 -3.685481e-03 1.422605e-03 9.999922e-01 1.323107e+02
9.988504e-01 -4.512398e-03 4.772299e-02 6.576542e+00 5.228340e-03 9.998755e-01 -1.488785e-02 -2.698599e+00 -4.764987e-02 1.512025e-02 9.987497e-01 1.423551e+02
9.999426e-01 -1.394465e-04 -1.071147e-02 6.402047e+00 1.751029e-04 9.999944e-01 3.327952e-03 -2.813922e+00 1.071095e-02 -3.329636e-03 9.999371e-01 1.497919e+02
9.996952e-01 -2.200552e-03 2.458923e-02 6.489291e+00 2.451662e-03 9.999451e-01 -1.018674e-02 -2.899530e+00 -2.456546e-02 1.024392e-02 9.996457e-01 1.542956e+02
9.996809e-01 3.542683e-03 -2.500913e-02 6.282836e+00 -3.281217e-03 9.999396e-01 1.048815e-02 -2.893301e+00 2.504478e-02 -1.040275e-02 9.996322e-01 1.544380e+02
9.986269e-01 -6.396584e-03 5.199487e-02 6.203351e+00 7.371459e-03 9.998002e-01 -1.857935e-02 -2.957121e+00 -5.186563e-02 1.893711e-02 9.984745e-01 1.590398e+02
9.991768e-01 4.666468e-03 -4.029813e-02 6.370691e+00 -4.179887e-03 9.999174e-01 1.215036e-02 -3.046003e+00 4.035151e-02 -1.197192e-02 9.991138e-01 1.634530e+02
9.993597e-01 -2.857788e-03 3.566678e-02 6.369040e+00 3.273130e-03 9.999275e-01 -1.159209e-02 -3.035008e+00 -3.563107e-02 1.170141e-02 9.992965e-01 1.628282e+02
9.992289e-01 4.880927e-03 -3.895850e-02 6.306753e+00 -4.414667e-03 9.999177e-01 1.204519e-02 -3.018737e+00 3.901409e-02 -1.186391e-02 9.991682e-01 1.621646e+02
9.993593e-01 -2.840537e-03 3.567716e-02 6.202471e+00 3.248432e-03 9.999300e-01 -1.138017e-02 -3.001775e+00 -3.564234e-02 1.148878e-02 9.992986e-01 1.615552e+02
9.990232e-01 3.844410e-03 -4.402023e-02 6.257078e+00 -3.312502e-03 9.999207e-01 1.214982e-02 -3.009489e+00 4.406345e-02 -1.199214e-02 9.989568e-01 1.617327e+02
9.993246e-01 -3.049579e-03 3.661998e-02 6.328213e+00 3.478645e-03 9.999260e-01 -1.165873e-02 -3.026805e+00 -3.658171e-02 1.177825e-02 9.992613e-01 1.622208e+02
9.994312e-01 2.757730e-03 -3.361061e-02 6.279532e+00 -2.439030e-03 9.999517e-01 9.519423e-03 -3.047740e+00 3.363524e-02 -9.432031e-03 9.993897e-01 1.637201e+02
9.995154e-01 -2.720446e-03 3.100753e-02 6.343487e+00 3.062807e-03 9.999348e-01 -1.099908e-02 -3.077090e+00 -3.097559e-02 1.108872e-02 9.994586e-01 1.650585e+02
9.993349e-01 4.251161e-03 -3.621707e-02 6.397491e+00 -3.835157e-03 9.999260e-01 1.154817e-02 -3.066950e+00 3.626348e-02 -1.140159e-02 9.992772e-01 1.645500e+02
9.993814e-01 -2.216734e-03 3.509904e-02 6.330470e+00 2.613776e-03 9.999331e-01 -1.127020e-02 -3.043157e+00 -3.507171e-02 1.135497e-02 9.993203e-01 1.637260e+02
9.993104e-01 4.510852e-03 -3.685594e-02 6.333418e+00 -4.094549e-03 9.999271e-01 1.136309e-02 -3.018888e+00 3.690451e-02 -1.120435e-02 9.992560e-01 1.627502e+02
9.994422e-01 -2.403325e-03 3.331001e-02 6.439209e+00 2.785908e-03 9.999306e-01 -1.144385e-02 -3.003139e+00 -3.328020e-02 1.153027e-02 9.993795e-01 1.618296e+02
9.992510e-01 4.252214e-03 -3.846323e-02 6.645064e+00 -3.824327e-03 9.999301e-01 1.119132e-02 -2.992885e+00 3.850813e-02 -1.103584e-02 9.991973e-01 1.609544e+02
9.994790e-01 -2.462741e-03 3.218100e-02 6.818862e+00 2.825180e-03 9.999330e-01 -1.122191e-02 -2.984510e+00 -3.215121e-02 1.130698e-02 9.994191e-01 1.602530e+02
9.993017e-01 4.346010e-03 -3.711089e-02 6.937498e+00 -3.932165e-03 9.999294e-01 1.121730e-02 -2.970687e+00 3.715702e-02 -1.106354e-02 9.992482e-01 1.594455e+02
9.993493e-01 -1.976228e-03 3.601526e-02 6.923747e+00 2.386599e-03 9.999327e-01 -1.135493e-02 -2.946649e+00 -3.599040e-02 1.143350e-02 9.992867e-01 1.583052e+02
9.993227e-01 4.726739e-03 -3.649438e-02 6.868064e+00 -4.329357e-03 9.999306e-01 1.096022e-02 -2.918767e+00 3.654365e-02 -1.079480e-02 9.992738e-01 1.570785e+02
9.994540e-01 -2.586387e-03 3.294010e-02 7.022374e+00 2.962568e-03 9.999309e-01 -1.137648e-02 -2.902850e+00 -3.290840e-02 1.146785e-02 9.993926e-01 1.559979e+02
9.993460e-01 4.872635e-03 -3.583070e-02 7.124754e+00 -4.485668e-03 9.999308e-01 1.087234e-02 -2.883351e+00 3.588119e-02 -1.070450e-02 9.992987e-01 1.548492e+02
9.993462e-01 -2.252772e-03 3.608509e-02 7.211773e+00 2.684357e-03 9.999254e-01 -1.191623e-02 -2.855976e+00 -3.605556e-02 1.200531e-02 9.992777e-01 1.532731e+02
9.993802e-01 5.167925e-03 -3.482225e-02 7.304813e+00 -4.810940e-03 9.999351e-01 1.032764e-02 -2.824669e+00 3.487337e-02 -1.015371e-02 9.993402e-01 1.514732e+02
9.994280e-01 -2.411364e-03 3.373348e-02 7.362343e+00 2.786376e-03 9.999348e-01 -1.107430e-02 -2.800637e+00 -3.370457e-02 1.116196e-02 9.993695e-01 1.501057e+02
9.994703e-01 4.704454e-03 -3.220348e-02 7.366109e+00 -4.384517e-03 9.999404e-01 9.998301e-03 -2.773972e+00 3.224860e-02 -9.851807e-03 9.994313e-01 1.485845e+02
9.995036e-01 -1.874519e-03 3.144853e-02 7.449285e+00 2.219641e-03 9.999377e-01 -1.094286e-02 -2.748591e+00 -3.142606e-02 1.100723e-02 9.994455e-01 1.471399e+02
9.993676e-01 3.631999e-03 -3.537222e-02 7.600962e+00 -3.261204e-03 9.999392e-01 1.053474e-02 -2.735355e+00 3.540833e-02 -1.041272e-02 9.993187e-01 1.461574e+02
9.994861e-01 -1.542771e-03 3.201720e-02 7.752084e+00 1.897379e-03 9.999372e-01 -1.104812e-02 -2.719883e+00 -3.199815e-02 1.110319e-02 9.994263e-01 1.450682e+02
9.994268e-01 3.709365e-03 -3.364903e-02 7.837531e+00 -3.360222e-03 9.999400e-01 1.042664e-02 -2.698579e+00 3.368569e-02 -1.030760e-02 9.993793e-01 1.437981e+02
9.993949e-01 -8.709603e-04 3.477221e-02 7.837575e+00 1.269443e-03 9.999338e-01 -1.143938e-02 -2.668395e+00 -3.475994e-02 1.147659e-02 9.993298e-01 1.421684e+02
9.993214e-01 3.365512e-03 -3.667989e-02 7.971811e+00 -2.984003e-03 9.999409e-01 1.045085e-02 -2.647502e+00 3.671290e-02 -1.033431e-02 9.992724e-01 1.408324e+02
9.994246e-01 -1.215164e-03 3.389733e-02 8.183142e+00 1.594172e-03 9.999365e-01 -1.115624e-02 -2.631187e+00 -3.388162e-02 1.120386e-02 9.993631e-01 1.396326e+02
9.993566e-01 3.472677e-03 -3.569685e-02 8.350657e+00 -3.108252e-03 9.999425e-01 1.025934e-02 -2.611849e+00 3.573043e-02 -1.014178e-02 9.993100e-01 1.383214e+02
9.994258e-01 -1.048632e-03 3.386724e-02 8.476424e+00 1.421944e-03 9.999385e-01 -1.100060e-02 -2.591658e+00 -3.385362e-02 1.104244e-02 9.993658e-01 1.370463e+02
9.994110e-01 3.359106e-03 -3.415135e-02 8.560630e+00 -3.018418e-03 9.999452e-01 1.002250e-02 -2.568644e+00 3.418314e-02 -9.913509e-03 9.993664e-01 1.356417e+02
9.995059e-01 -9.897122e-04 3.141764e-02 8.711451e+00 1.332661e-03 9.999397e-01 -1.089675e-02 -2.549542e+00 -3.140496e-02 1.093323e-02 9.994469e-01 1.344021e+02
9.994260e-01 2.994201e-03 -3.374516e-02 8.822888e+00 -2.647051e-03 9.999432e-01 1.032740e-02 -2.531963e+00 3.377416e-02 -1.023214e-02 9.993771e-01 1.332633e+02
9.994979e-01 -6.486531e-04 3.167799e-02 8.902904e+00 9.946357e-04 9.999400e-01 -1.090732e-02 -2.512165e+00 -3.166902e-02 1.093335e-02 9.994386e-01 1.320854e+02
9.993987e-01 2.514240e-03 -3.458207e-02 9.041460e+00 -2.159816e-03 9.999448e-01 1.028232e-02 -2.496586e+00 3.460601e-02 -1.020145e-02 9.993490e-01 1.310051e+02
9.994640e-01 -3.066629e-04 3.273423e-02 9.183165e+00 6.686382e-04 9.999387e-01 -1.104763e-02 -2.476698e+00 -3.272883e-02 1.106360e-02 9.994030e-01 1.297094e+02
9.993045e-01 2.337150e-03 -3.721623e-02 9.340320e+00 -1.944469e-03 9.999421e-01 1.058403e-02 -2.463688e+00 3.723881e-02 -1.050431e-02 9.992512e-01 1.287553e+02
9.994312e-01 -5.887577e-04 3.371977e-02 9.463759e+00 9.324287e-04 9.999478e-01 -1.017715e-02 -2.448209e+00 -3.371202e-02 1.020280e-02 9.993795e-01 1.280815e+02
9.993133e-01 2.473042e-03 -3.697037e-02 9.608984e+00 -2.114523e-03 9.999504e-01 9.733428e-03 -2.434291e+00 3.699261e-02 -9.648569e-03 9.992690e-01 1.270648e+02
9.995261e-01 -1.012905e-03 3.076643e-02 9.661014e+00 1.295427e-03 9.999572e-01 -9.164259e-03 -2.432505e+00 -3.075583e-02 9.199771e-03 9.994846e-01 1.268944e+02
9.992684e-01 1.939205e-03 -3.819481e-02 9.717461e+00 -1.568662e-03 9.999514e-01 9.728983e-03 -2.438460e+00 3.821182e-02 -9.661950e-03 9.992229e-01 1.268612e+02
9.994029e-01 -1.098932e-04 3.455229e-02 9.861838e+00 4.580821e-04 9.999492e-01 -1.006940e-02 -2.424392e+00 -3.454943e-02 1.007921e-02 9.993522e-01 1.258484e+02
9.992721e-01 2.092400e-03 -3.808999e-02 1.003241e+01 -1.731773e-03 9.999534e-01 9.498306e-03 -2.409502e+00 3.810809e-02 -9.425428e-03 9.992292e-01 1.247527e+02
9.994527e-01 -2.358561e-04 3.307841e-02 1.031196e+01 5.680180e-04 9.999495e-01 -1.003261e-02 -2.399659e+00 -3.307437e-02 1.004591e-02 9.994024e-01 1.237838e+02
9.992120e-01 1.670240e-03 -3.965668e-02 1.068804e+01 -1.290994e-03 9.999532e-01 9.586897e-03 -2.395115e+00 3.967084e-02 -9.528145e-03 9.991674e-01 1.229267e+02
9.988827e-01 -2.340636e-03 4.720039e-02 1.075822e+01 2.989856e-03 9.999018e-01 -1.368865e-02 -2.426745e+00 -4.716372e-02 1.381448e-02 9.987916e-01 1.249851e+02
9.987908e-01 2.131540e-03 -4.911671e-02 1.092414e+01 -1.570308e-03 9.999331e-01 1.146226e-02 -2.475241e+00 4.913786e-02 -1.137127e-02 9.987273e-01 1.268733e+02
9.989962e-01 -1.716926e-05 4.479513e-02 1.112995e+01 5.507408e-04 9.999291e-01 -1.189906e-02 -2.462275e+00 -4.479175e-02 1.191178e-02 9.989253e-01 1.258366e+02
9.987728e-01 2.086389e-03 -4.948230e-02 1.134918e+01 -1.519673e-03 9.999329e-01 1.148776e-02 -2.450858e+00 4.950295e-02 -1.139847e-02 9.987089e-01 1.248845e+02
9.988729e-01 1.831515e-04 4.746417e-02 1.149492e+01 3.908640e-04 9.999269e-01 -1.208410e-02 -2.432917e+00 -4.746291e-02 1.208903e-02 9.987998e-01 1.236494e+02
9.988711e-01 2.591568e-03 -4.743130e-02 1.158685e+01 -2.071384e-03 9.999372e-01 1.101298e-02 -2.408039e+00 4.745687e-02 -1.090230e-02 9.988138e-01 1.221490e+02
9.990089e-01 -2.972142e-04 4.450914e-02 1.179107e+01 8.184695e-04 9.999313e-01 -1.169343e-02 -2.392733e+00 -4.450261e-02 1.171827e-02 9.989405e-01 1.209760e+02
9.989691e-01 2.799966e-03 -4.530906e-02 1.189351e+01 -2.307272e-03 9.999377e-01 1.092272e-02 -2.370901e+00 4.533682e-02 -1.080692e-02 9.989133e-01 1.196022e+02
9.990664e-01 -5.674831e-04 4.319725e-02 1.201688e+01 1.063835e-03 9.999337e-01 -1.146823e-02 -2.354216e+00 -4.318788e-02 1.150348e-02 9.990007e-01 1.184941e+02
9.988733e-01 2.534301e-03 -4.738800e-02 1.211411e+01 -1.995651e-03 9.999329e-01 1.141067e-02 -2.341513e+00 4.741374e-02 -1.130324e-02 9.988114e-01 1.176486e+02
9.989688e-01 -3.593637e-04 4.540006e-02 1.203328e+01 8.603278e-04 9.999390e-01 -1.101538e-02 -2.323354e+00 -4.539333e-02 1.104308e-02 9.989082e-01 1.169212e+02
9.987958e-01 2.411285e-03 -4.900176e-02 1.205643e+01 -1.872647e-03 9.999374e-01 1.103515e-02 -2.309925e+00 4.902529e-02 -1.093010e-02 9.987377e-01 1.161612e+02
9.990204e-01 -6.634476e-04 4.424737e-02 1.219895e+01 1.155817e-03 9.999377e-01 -1.110300e-02 -2.301909e+00 -4.423725e-02 1.114327e-02 9.989589e-01 1.154238e+02
9.988022e-01 2.404134e-03 -4.887194e-02 1.240082e+01 -1.881734e-03 9.999406e-01 1.073237e-02 -2.294154e+00 4.889484e-02 -1.062755e-02 9.987474e-01 1.146071e+02
9.990005e-01 -6.545709e-04 4.469347e-02 1.258593e+01 1.147573e-03 9.999388e-01 -1.100597e-02 -2.285476e+00 -4.468353e-02 1.104625e-02 9.989401e-01 1.137639e+02
9.987753e-01 2.462817e-03 -4.941497e-02 1.280636e+01 -1.945360e-03 9.999428e-01 1.051703e-02 -2.277293e+00 4.943805e-02 -1.040802e-02 9.987230e-01 1.129062e+02
9.989341e-01 -5.807736e-04 4.615569e-02 1.299642e+01 1.091128e-03 9.999385e-01 -1.103282e-02 -2.265793e+00 -4.614645e-02 1.107142e-02 9.988733e-01 1.119134e+02
9.987386e-01 2.474915e-03 -5.015088e-02 1.312678e+01 -1.940246e-03 9.999408e-01 1.070708e-02 -2.256158e+00 5.017441e-02 -1.059627e-02 9.986843e-01 1.110949e+02
9.990270e-01 -8.787931e-04 4.409383e-02 1.325574e+01 1.340876e-03 9.999445e-01 -1.045105e-02 -2.252496e+00 -4.408220e-02 1.050001e-02 9.989727e-01 1.105800e+02
9.987650e-01 2.466706e-03 -4.962155e-02 1.335534e+01 -1.934318e-03 9.999401e-01 1.077414e-02 -2.245591e+00 4.964515e-02 -1.066485e-02 9.987100e-01 1.099810e+02
9.990031e-01 -7.159459e-04 4.463582e-02 1.349391e+01 1.195896e-03 9.999418e-01 -1.072680e-02 -2.237356e+00 -4.462554e-02 1.076948e-02 9.989457e-01 1.092406e+02
9.988047e-01 2.600090e-03 -4.881011e-02 1.357853e+01 -2.079203e-03 9.999404e-01 1.071945e-02 -2.225918e+00 4.883508e-02 -1.060515e-02 9.987506e-01 1.084166e+02
9.990649e-01 -8.351183e-04 4.322873e-02 1.373430e+01 1.295262e-03 9.999428e-01 -1.061748e-02 -2.218720e+00 -4.321739e-02 1.066355e-02 9.990088e-01 1.077186e+02
9.987843e-01 2.387349e-03 -4.923574e-02 1.384363e+01 -1.845045e-03 9.999372e-01 1.105694e-02 -2.213688e+00 4.925904e-02 -1.095266e-02 9.987260e-01 1.072419e+02
9.990882e-01 -9.921092e-04 4.268256e-02 1.400200e+01 1.454553e-03 9.999406e-01 -1.080480e-02 -2.210888e+00 -4.266930e-02 1.085703e-02 9.990303e-01 1.067279e+02
9.987675e-01 2.274980e-03 -4.958079e-02 1.420323e+01 -1.730779e-03 9.999378e-01 1.101623e-02 -2.209640e+00 4.960277e-02 -1.091684e-02 9.987094e-01 1.062971e+02
9.990612e-01 -9.942527e-04 4.330930e-02 1.435090e+01 1.460381e-03 9.999413e-01 -1.073247e-02 -2.209045e+00 -4.329609e-02 1.078565e-02 9.990041e-01 1.060081e+02
9.988594e-01 2.427370e-03 -4.768646e-02 1.425662e+01 -1.880294e-03 9.999319e-01 1.151386e-02 -2.204304e+00 4.771116e-02 -1.141107e-02 9.987960e-01 1.060067e+02
9.991468e-01 -1.504470e-03 4.127264e-02 1.429603e+01 1.964426e-03 9.999364e-01 -1.110602e-02 -2.212112e+00 -4.125331e-02 1.117762e-02 9.990862e-01 1.063689e+02
9.987705e-01 2.459273e-03 -4.951219e-02 1.437316e+01 -1.879184e-03 9.999291e-01 1.175924e-02 -2.224857e+00 4.953759e-02 -1.165174e-02 9.987043e-01 1.067347e+02
9.991227e-01 -1.475485e-03 4.185372e-02 1.443973e+01 1.943868e-03 9.999359e-01 -1.115244e-02 -2.234881e+00 -4.183458e-02 1.122402e-02 9.990615e-01 1.070154e+02
9.990832e-01 2.522479e-03 -4.273693e-02 1.414293e+01 -1.991943e-03 9.999205e-01 1.245206e-02 -2.220845e+00 4.276494e-02 -1.235551e-02 9.990088e-01 1.073114e+02
9.990690e-01 -1.001631e-03 4.312890e-02 1.373725e+01 1.492799e-03 9.999344e-01 -1.135765e-02 -2.194862e+00 -4.311470e-02 1.141146e-02 9.990050e-01 1.074324e+02
9.989348e-01 2.704338e-03 -4.606388e-02 1.353626e+01 -2.135346e-03 9.999209e-01 1.239696e-02 -2.180034e+00 4.609376e-02 -1.228539e-02 9.988616e-01 1.073430e+02
9.989189e-01 -1.119770e-03 4.647447e-02 1.315846e+01 1.636626e-03 9.999372e-01 -1.108473e-02 -2.155280e+00 -4.645914e-02 1.114881e-02 9.988580e-01 1.073547e+02
9.988487e-01 2.434917e-03 -4.791080e-02 1.288894e+01 -1.872297e-03 9.999288e-01 1.178445e-02 -2.139030e+00 4.793609e-02 -1.168118e-02 9.987821e-01 1.075329e+02
9.990252e-01 -1.089528e-03 4.412981e-02 1.269590e+01 1.554025e-03 9.999437e-01 -1.049275e-02 -2.126750e+00 -4.411590e-02 1.055110e-02 9.989707e-01 1.074644e+02
9.988619e-01 3.268495e-03 -4.758408e-02 1.262551e+01 -2.755850e-03 9.999375e-01 1.083507e-02 -2.106240e+00 4.761652e-02 -1.069160e-02 9.988085e-01 1.067738e+02
9.989337e-01 -1.065219e-03 4.615465e-02 1.252890e+01 1.554500e-03 9.999430e-01 -1.056630e-02 -2.084950e+00 -4.614076e-02 1.062678e-02 9.988784e-01 1.058485e+02
9.989182e-01 3.594837e-03 -4.636339e-02 1.250695e+01 -3.137749e-03 9.999458e-01 9.927829e-03 -2.062777e+00 4.639656e-02 -9.771612e-03 9.988753e-01 1.046211e+02
9.989117e-01 -1.214972e-03 4.662505e-02 1.247737e+01 1.697639e-03 9.999454e-01 -1.031389e-02 -2.039997e+00 -4.660997e-02 1.038182e-02 9.988592e-01 1.034023e+02
9.990552e-01 4.041171e-03 -4.327084e-02 1.224730e+01 -3.597928e-03 9.999403e-01 1.031643e-02 -2.007676e+00 4.330995e-02 -1.015100e-02 9.990101e-01 1.022166e+02
9.987891e-01 -1.219176e-03 4.918249e-02 1.152580e+01 1.661799e-03 9.999585e-01 -8.959713e-03 -1.961721e+00 -4.916953e-02 9.030594e-03 9.987496e-01 1.015351e+02
9.986247e-01 3.177707e-03 -5.233141e-02 1.164652e+01 -2.739547e-03 9.999606e-01 8.442402e-03 -1.947102e+00 5.235618e-02 -8.287426e-03 9.985941e-01 1.004683e+02
9.988090e-01 -1.101820e-03 4.877801e-02 1.172880e+01 1.520949e-03 9.999622e-01 -8.556301e-03 -1.932603e+00 -4.876674e-02 8.620299e-03 9.987730e-01 9.950300e+01
9.986935e-01 3.247780e-03 -5.099692e-02 1.171795e+01 -2.824265e-03 9.999609e-01 8.374581e-03 -1.914238e+00 5.102213e-02 -8.219611e-03 9.986637e-01 9.849665e+01
9.986796e-01 -9.206185e-04 5.136324e-02 1.167572e+01 1.376346e-03 9.999600e-01 -8.837976e-03 -1.890881e+00 -5.135305e-02 8.896999e-03 9.986409e-01 9.726177e+01
9.984623e-01 3.100864e-03 -5.534862e-02 1.174900e+01 -2.628738e-03 9.999596e-01 8.600823e-03 -1.876259e+00 5.537305e-02 -8.442099e-03 9.984300e-01 9.630951e+01
9.987310e-01 -1.330697e-03 5.034530e-02 1.185456e+01 1.764292e-03 9.999617e-01 -8.568976e-03 -1.867363e+00 -5.033197e-02 8.646925e-03 9.986951e-01 9.556951e+01
9.985555e-01 3.023673e-03 -5.364484e-02 1.195479e+01 -2.583209e-03 9.999624e-01 8.278181e-03 -1.854931e+00 5.366785e-02 -8.127646e-03 9.985258e-01 9.463121e+01
9.982192e-01 5.343630e-04 5.965058e-02 1.191340e+01 8.856769e-05 9.999455e-01 -1.043986e-02 -1.816043e+00 -5.965291e-02 1.042655e-02 9.981647e-01 9.250874e+01
9.987284e-01 2.967505e-03 -5.032626e-02 1.185218e+01 -2.572310e-03 9.999654e-01 7.915626e-03 -1.770053e+00 5.034801e-02 -7.776106e-03 9.987015e-01 9.020357e+01
9.989020e-01 -9.380817e-04 4.683841e-02 1.190758e+01 1.318590e-03 9.999664e-01 -8.093611e-03 -1.755859e+00 -4.682925e-02 8.146484e-03 9.988697e-01 8.927069e+01
9.985859e-01 2.790394e-03 -5.308920e-02 1.196972e+01 -2.342139e-03 9.999611e-01 8.503782e-03 -1.749212e+00 5.311086e-02 -8.367414e-03 9.985536e-01 8.877933e+01
9.989246e-01 -1.468544e-03 4.633992e-02 1.192600e+01 1.814051e-03 9.999709e-01 -7.414745e-03 -1.748122e+00 -4.632768e-02 7.490834e-03 9.988982e-01 8.878752e+01
9.988435e-01 3.377584e-03 -4.796019e-02 1.170184e+01 -2.970390e-03 9.999590e-01 8.558990e-03 -1.727678e+00 4.798713e-02 -8.406631e-03 9.988126e-01 8.825289e+01
9.990346e-01 -1.266776e-03 4.391096e-02 1.156364e+01 1.613061e-03 9.999679e-01 -7.851542e-03 -1.711613e+00 -4.389961e-02 7.914793e-03 9.990046e-01 8.774283e+01
9.987244e-01 2.588496e-03 -5.042675e-02 1.167096e+01 -2.180497e-03 9.999645e-01 8.144248e-03 -1.707447e+00 5.044604e-02 -8.023903e-03 9.986946e-01 8.719894e+01
9.991209e-01 -6.954163e-04 4.191494e-02 1.175113e+01 1.014422e-03 9.999707e-01 -7.589995e-03 -1.705969e+00 -4.190843e-02 7.625841e-03 9.990924e-01 8.688898e+01
9.988322e-01 1.651461e-03 -4.828517e-02 1.167912e+01 -1.235793e-03 9.999619e-01 8.637202e-03 -1.707097e+00 4.829760e-02 -8.567445e-03 9.987962e-01 8.712525e+01
9.992189e-01 -8.017391e-04 3.950979e-02 1.174993e+01 1.113434e-03 9.999684e-01 -7.867681e-03 -1.715409e+00 -3.950224e-02 7.905526e-03 9.991882e-01 8.732614e+01
9.987388e-01 1.660258e-03 -5.018105e-02 1.195259e+01 -1.236147e-03 9.999633e-01 8.481471e-03 -1.726961e+00 5.019329e-02 -8.408741e-03 9.987041e-01 8.743213e+01
9.989863e-01 -2.339718e-04 4.501553e-02 1.185511e+01 5.671583e-04 9.999725e-01 -7.388958e-03 -1.716626e+00 -4.501257e-02 7.406998e-03 9.989590e-01 8.709748e+01
9.984998e-01 1.642538e-03 -5.473100e-02 1.201050e+01 -1.206072e-03 9.999672e-01 8.006822e-03 -1.723000e+00 5.474236e-02 -7.928800e-03 9.984690e-01 8.697964e+01
9.989759e-01 -8.345820e-04 4.523858e-02 1.214836e+01 1.179896e-03 9.999704e-01 -7.607006e-03 -1.738328e+00 -4.523089e-02 7.652592e-03 9.989472e-01 8.726562e+01
9.989521e-01 1.864644e-03 -4.573045e-02 1.182760e+01 -1.448376e-03 9.999572e-01 9.134092e-03 -1.721244e+00 4.574553e-02 -9.058285e-03 9.989121e-01 8.754336e+01
9.989233e-01 -7.560168e-04 4.638668e-02 1.146358e+01 1.141763e-03 9.999650e-01 -8.289952e-03 -1.695593e+00 -4.637879e-02 8.333988e-03 9.988892e-01 8.779224e+01
9.986902e-01 1.572266e-03 -5.114015e-02 1.138807e+01 -1.122009e-03 9.999604e-01 8.831894e-03 -1.698633e+00 5.115201e-02 -8.762946e-03 9.986524e-01 8.812699e+01
9.986038e-01 -4.310082e-04 5.282320e-02 1.098335e+01 8.493130e-04 9.999685e-01 -7.896768e-03 -1.675034e+00 -5.281813e-02 7.930605e-03 9.985727e-01 8.837206e+01
9.984934e-01 1.946927e-03 -5.483830e-02 1.069251e+01 -1.439629e-03 9.999558e-01 9.288783e-03 -1.655964e+00 5.485396e-02 -9.195841e-03 9.984520e-01 8.817774e+01
9.988840e-01 -2.789381e-04 4.723032e-02 1.079407e+01 6.962326e-04 9.999609e-01 -8.819089e-03 -1.655008e+00 -4.722601e-02 8.842130e-03 9.988451e-01 8.793021e+01
9.984101e-01 1.295239e-03 -5.635157e-02 1.093219e+01 -7.614793e-04 9.999547e-01 9.492407e-03 -1.662863e+00 5.636131e-02 -9.434404e-03 9.983659e-01 8.799908e+01
9.988507e-01 -3.356400e-04 4.792887e-02 1.100765e+01 7.612377e-04 9.999604e-01 -8.861801e-03 -1.671695e+00 -4.792400e-02 8.888100e-03 9.988114e-01 8.822605e+01
9.983713e-01 9.818060e-04 -5.704152e-02 1.115109e+01 -4.637206e-04 9.999585e-01 9.095130e-03 -1.688733e+00 5.704809e-02 -9.053865e-03 9.983304e-01 8.855774e+01
9.989071e-01 -1.771529e-04 4.673993e-02 1.138757e+01 5.994755e-04 9.999591e-01 -9.021721e-03 -1.706807e+00 -4.673642e-02 9.039879e-03 9.988664e-01 8.883114e+01
9.983464e-01 9.640615e-04 -5.747602e-02 1.161837e+01 -4.297544e-04 9.999566e-01 9.307811e-03 -1.722768e+00 5.748250e-02 -9.267718e-03 9.983035e-01 8.904184e+01
9.989011e-01 -1.298319e-04 4.686679e-02 1.185797e+01 5.531258e-04 9.999592e-01 -9.018996e-03 -1.738073e+00 -4.686371e-02 9.035008e-03 9.988604e-01 8.920892e+01
9.983919e-01 9.287107e-04 -5.668027e-02 1.202563e+01 -3.980749e-04 9.999560e-01 9.372486e-03 -1.752767e+00 5.668648e-02 -9.334851e-03 9.983484e-01 8.943855e+01
9.988222e-01 -4.548740e-05 4.851966e-02 1.207772e+01 4.675499e-04 9.999622e-01 -8.687479e-03 -1.764747e+00 -4.851743e-02 8.699931e-03 9.987844e-01 8.973371e+01
9.984086e-01 8.700987e-04 -5.638687e-02 1.212531e+01 -3.423766e-04 9.999561e-01 9.367940e-03 -1.774510e+00 5.639255e-02 -9.333726e-03 9.983650e-01 8.997564e+01
9.987586e-01 4.986235e-05 4.981129e-02 1.209880e+01 3.764599e-04 9.999634e-01 -8.549329e-03 -1.781476e+00 -4.980989e-02 8.557467e-03 9.987221e-01 9.027613e+01
9.985931e-01 1.150931e-03 -5.301340e-02 1.188169e+01 -6.285181e-04 9.999511e-01 9.869983e-03 -1.771168e+00 5.302216e-02 -9.822776e-03 9.985450e-01 9.035365e+01
9.991357e-01 -1.336880e-04 4.156628e-02 1.243042e+01 5.659715e-04 9.999459e-01 -1.038827e-02 -1.787116e+00 -4.156265e-02 1.040281e-02 9.990817e-01 9.019464e+01
9.988766e-01 3.700454e-04 -4.738667e-02 1.310464e+01 1.383700e-05 9.999672e-01 8.100480e-03 -1.812142e+00 4.738811e-02 -8.092035e-03 9.988438e-01 9.012322e+01
9.993497e-01 6.347909e-04 3.605154e-02 1.374115e+01 -3.134655e-04 9.999602e-01 -8.917898e-03 -1.829211e+00 -3.605577e-02 8.900797e-03 9.993101e-01 9.002217e+01
9.992144e-01 1.401538e-03 -3.960651e-02 1.383965e+01 -1.057351e-03 9.999615e-01 8.709771e-03 -1.811975e+00 3.961720e-02 -8.661050e-03 9.991774e-01 8.913941e+01
9.991822e-01 1.760354e-03 4.039590e-02 1.399024e+01 -1.337236e-03 9.999440e-01 -1.049892e-02 -1.781918e+00 -4.041212e-02 1.043631e-02 9.991286e-01 8.731969e+01
9.993564e-01 1.166883e-03 -3.585259e-02 1.401887e+01 -8.715624e-04 9.999656e-01 8.251611e-03 -1.745239e+00 3.586099e-02 -8.215051e-03 9.993230e-01 8.539304e+01
9.995653e-01 2.544769e-04 2.948244e-02 1.426825e+01 7.798220e-06 9.999604e-01 -8.895521e-03 -1.744766e+00 -2.948354e-02 8.891883e-03 9.995257e-01 8.489324e+01
9.997254e-01 3.084910e-03 -2.322750e-02 1.425138e+01 -2.929689e-03 9.999732e-01 6.713721e-03 -1.699975e+00 2.324759e-02 -6.643828e-03 9.997077e-01 8.275654e+01
9.997185e-01 -6.771137e-04 2.371629e-02 1.465777e+01 8.878415e-04 9.999602e-01 -8.875959e-03 -1.690903e+00 -2.370933e-02 8.894516e-03 9.996793e-01 8.134961e+01
9.995794e-01 -1.653486e-03 -2.895260e-02 1.605720e+01 1.755816e-03 9.999923e-01 3.509327e-03 -1.754575e+00 2.894657e-02 -3.558686e-03 9.995746e-01 8.178876e+01
9.998922e-01 1.810446e-03 1.456847e-02 1.722417e+01 -1.741915e-03 9.999874e-01 -4.715415e-03 -1.778156e+00 -1.457682e-02 4.689529e-03 9.998828e-01 8.131354e+01
9.998447e-01 -1.233652e-04 -1.762127e-02 1.737550e+01 1.916297e-04 9.999925e-01 3.872348e-03 -1.762168e+00 1.762066e-02 -3.875123e-03 9.998372e-01 8.017472e+01
9.995451e-01 1.164929e-03 3.013645e-02 1.656639e+01 -1.103025e-03 9.999972e-01 -2.070683e-03 -1.703493e+00 -3.013877e-02 2.036499e-03 9.995436e-01 8.080918e+01
9.999895e-01 1.390760e-04 4.571833e-03 1.484352e+01 -1.596924e-04 9.999898e-01 4.509361e-03 -1.571586e+00 -4.571159e-03 -4.510044e-03 9.999794e-01 8.228939e+01
9.997547e-01 9.607386e-04 2.212951e-02 1.346567e+01 -9.041914e-04 9.999963e-01 -2.565146e-03 -1.468014e+00 -2.213189e-02 2.544506e-03 9.997518e-01 8.363993e+01
9.999705e-01 3.002197e-04 7.677631e-03 1.196758e+01 -3.355502e-04 9.999894e-01 4.600864e-03 -1.355540e+00 -7.676168e-03 -4.603304e-03 9.999599e-01 8.508823e+01
9.996706e-01 8.909651e-04 2.565098e-02 1.034777e+01 -8.295678e-04 9.999968e-01 -2.404104e-03 -1.230103e+00 -2.565304e-02 2.382032e-03 9.996681e-01 8.671981e+01
9.998853e-01 4.342154e-04 1.514090e-02 8.436330e+00 -5.091859e-04 9.999876e-01 4.948016e-03 -1.083680e+00 -1.513856e-02 -4.955157e-03 9.998731e-01 8.871867e+01
9.993495e-01 8.669126e-04 3.605206e-02 6.122886e+00 -7.898975e-04 9.999974e-01 -2.150407e-03 -9.038165e-01 -3.605383e-02 2.120530e-03 9.993476e-01 9.112372e+01
9.999997e-01 5.593979e-04 5.889150e-04 4.335812e+00 -5.621643e-04 9.999888e-01 4.707660e-03 -7.646192e-01 -5.862747e-04 -4.707989e-03 9.999887e-01 9.278842e+01
9.994636e-01 5.890922e-04 3.274316e-02 2.693254e+00 -5.151756e-04 9.999973e-01 -2.265855e-03 -6.413349e-01 -3.274440e-02 2.247771e-03 9.994612e-01 9.423037e+01
9.999829e-01 8.136507e-04 5.788434e-03 8.746613e-01 -8.402227e-04 9.999891e-01 4.589566e-03 -4.978609e-01 -5.784637e-03 -4.594350e-03 9.999727e-01 9.611278e+01
9.996215e-01 3.202468e-04 2.750986e-02 -7.241801e-01 -2.546993e-04 9.999971e-01 -2.386156e-03 -3.712170e-01 -2.751054e-02 2.378246e-03 9.996187e-01 9.794895e+01
9.999949e-01 9.171994e-04 3.053445e-03 -2.249993e+00 -9.316285e-04 9.999884e-01 4.727398e-03 -2.546397e-01 -3.049073e-03 -4.730218e-03 9.999842e-01 9.938262e+01
9.997435e-01 5.472220e-04 2.263924e-02 -3.717388e+00 -4.881230e-04 9.999965e-01 -2.615903e-03 -1.429081e-01 -2.264059e-02 2.604180e-03 9.997403e-01 1.000178e+02
9.997612e-01 6.760066e-04 -2.184374e-02 -4.141459e+00 -5.920130e-04 9.999924e-01 3.851447e-03 -1.119397e-01 2.184618e-02 -3.837595e-03 9.997540e-01 1.001855e+02
9.999322e-01 -2.728130e-04 1.164550e-02 -3.922148e+00 3.136348e-04 9.999938e-01 -3.503669e-03 -1.245434e-01 -1.164448e-02 3.507083e-03 9.999261e-01 1.003381e+02
9.999593e-01 9.822980e-04 -8.972346e-03 -4.341330e+00 -9.357113e-04 9.999861e-01 5.194996e-03 -9.593929e-02 8.977324e-03 -5.186388e-03 9.999463e-01 1.007977e+02
9.998818e-01 1.859769e-04 1.537197e-02 -4.998101e+00 -1.331475e-04 9.999941e-01 -3.437676e-03 -4.349135e-02 -1.537251e-02 3.435223e-03 9.998759e-01 1.010793e+02
9.998599e-01 8.154255e-04 -1.671739e-02 -5.323576e+00 -7.324401e-04 9.999874e-01 4.969546e-03 -2.284728e-02 1.672124e-02 -4.956605e-03 9.998479e-01 1.011662e+02
9.998584e-01 2.680697e-04 1.682308e-02 -5.741489e+00 -2.097868e-04 9.999940e-01 -3.466121e-03 3.628380e-03 -1.682391e-02 3.462100e-03 9.998525e-01 1.011855e+02
9.998290e-01 2.227838e-04 -1.848923e-02 -5.956774e+00 -1.416756e-04 9.999904e-01 4.387985e-03 1.171742e-02 1.849003e-02 -4.384615e-03 9.998194e-01 1.016034e+02
9.998896e-01 -6.369162e-05 1.485584e-02 -5.993362e+00 1.284227e-04 9.999905e-01 -4.356357e-03 8.110413e-04 -1.485542e-02 4.357783e-03 9.998802e-01 1.023738e+02
9.997913e-01 8.487494e-04 -2.041300e-02 -6.134985e+00 -7.367706e-04 9.999846e-01 5.492564e-03 4.581647e-03 2.041734e-02 -5.476377e-03 9.997765e-01 1.025060e+02
9.999823e-01 -8.479751e-04 5.896952e-03 -4.363351e+00 9.040669e-04 9.999543e-01 -9.515812e-03 -1.065735e-02 -5.888614e-03 9.520974e-03 9.999373e-01 1.011615e+02
9.999901e-01 1.174024e-04 -4.445588e-03 -3.355917e+00 -8.695652e-05 9.999765e-01 6.848172e-03 -7.030554e-06 4.446288e-03 -6.847717e-03 9.999667e-01 1.003798e+02
9.999998e-01 6.992212e-04 -1.254978e-05 -3.520175e+00 -6.992808e-04 9.999838e-01 -5.657700e-03 9.236814e-03 8.593321e-06 5.657706e-03 9.999840e-01 1.005010e+02
9.999869e-01 4.671856e-04 -5.098724e-03 -3.563654e+00 -4.353097e-04 9.999804e-01 6.251095e-03 1.847195e-02 5.101545e-03 -6.248793e-03 9.999675e-01 1.000479e+02
9.999951e-01 5.989757e-04 -3.070030e-03 -3.448129e+00 -6.165056e-04 9.999835e-01 -5.712302e-03 1.927156e-02 3.066558e-03 5.714166e-03 9.999790e-01 9.969843e+01
9.999852e-01 -7.678446e-05 -5.446920e-03 -3.352783e+00 1.115751e-04 9.999796e-01 6.387227e-03 1.270531e-02 5.446319e-03 -6.387739e-03 9.999648e-01 9.983018e+01
9.999935e-01 4.415023e-04 -3.565907e-03 -3.252568e+00 -4.620047e-04 9.999834e-01 -5.750825e-03 7.739752e-04 3.563308e-03 5.752434e-03 9.999771e-01 1.001353e+02
9.999823e-01 -8.147352e-05 -5.948704e-03 -3.112381e+00 1.184930e-04 9.999806e-01 6.223045e-03 -1.347863e-02 5.948082e-03 -6.223639e-03 9.999629e-01 1.004224e+02
9.999997e-01 5.076826e-04 -5.411955e-04 -3.080065e+00 -5.107966e-04 9.999832e-01 -5.769652e-03 -1.553006e-02 5.382570e-04 5.769926e-03 9.999832e-01 1.007855e+02
9.999616e-01 -4.218446e-04 -8.755187e-03 -2.885354e+00 4.772481e-04 9.999799e-01 6.326961e-03 -2.229032e-02 8.752342e-03 -6.330896e-03 9.999417e-01 1.009580e+02
9.999989e-01 1.014741e-03 -1.057065e-03 -2.612204e+00 -1.021058e-03 9.999815e-01 -5.993096e-03 -3.121776e-02 1.050964e-03 5.994168e-03 9.999815e-01 1.008516e+02
9.999605e-01 -4.778218e-04 -8.878884e-03 -2.310060e+00 5.324101e-04 9.999810e-01 6.146773e-03 -3.762771e-02 8.875778e-03 -6.151257e-03 9.999417e-01 1.005627e+02
9.999990e-01 1.213852e-03 -7.017892e-04 -2.037366e+00 -1.217937e-03 9.999821e-01 -5.850809e-03 -4.180709e-02 6.946744e-04 5.851657e-03 9.999826e-01 1.002513e+02
9.999505e-01 -1.204617e-03 -9.876798e-03 -1.717943e+00 1.264654e-03 9.999807e-01 6.074618e-03 -5.500111e-02 9.869290e-03 -6.086808e-03 9.999328e-01 1.003181e+02
9.999980e-01 1.890117e-03 -6.691951e-04 -1.481493e+00 -1.893787e-03 9.999829e-01 -5.526955e-03 -6.360103e-02 6.587368e-04 5.528211e-03 9.999845e-01 1.003208e+02
9.999647e-01 -1.063129e-03 -8.328868e-03 -1.337679e+00 1.114201e-03 9.999806e-01 6.129758e-03 -6.509005e-02 8.322190e-03 -6.138822e-03 9.999465e-01 1.000813e+02
9.999971e-01 2.201569e-03 9.665850e-04 -1.257712e+00 -2.196098e-03 9.999818e-01 -5.625860e-03 -6.059550e-02 -9.789533e-04 5.623720e-03 9.999837e-01 9.964731e+01
9.999652e-01 -1.121040e-03 -8.261037e-03 -1.198926e+00 1.172628e-03 9.999798e-01 6.242521e-03 -5.583049e-02 8.253873e-03 -6.251990e-03 9.999464e-01 9.926350e+01
9.999975e-01 2.208913e-03 -2.730375e-04 -1.109958e+00 -2.210374e-03 9.999826e-01 -5.472121e-03 -5.419472e-02 2.609450e-04 5.472710e-03 9.999850e-01 9.901993e+01
9.999700e-01 -1.272504e-03 -7.637876e-03 -1.040050e+00 1.321039e-03 9.999789e-01 6.352863e-03 -5.059551e-02 7.629631e-03 -6.362762e-03 9.999507e-01 9.877511e+01
9.999968e-01 2.445171e-03 7.058803e-04 -1.006781e+00 -2.441163e-03 9.999812e-01 -5.623177e-03 -4.442415e-02 -7.196169e-04 5.621435e-03 9.999839e-01 9.841213e+01
9.999740e-01 -1.295575e-03 -7.086743e-03 -9.440862e-01 1.337547e-03 9.999816e-01 5.921077e-03 -3.800086e-02 7.078942e-03 -5.930401e-03 9.999574e-01 9.785495e+01
9.999858e-01 1.598830e-03 -5.089569e-03 -3.837631e-01 -1.628428e-03 9.999818e-01 -5.816569e-03 -4.812463e-02 5.080177e-03 5.824773e-03 9.999701e-01 9.747926e+01
9.999790e-01 -2.163317e-03 -6.112046e-03 2.091194e-01 2.194740e-03 9.999844e-01 5.139148e-03 -6.426159e-02 6.100833e-03 -5.152453e-03 9.999681e-01 9.727622e+01
9.999944e-01 3.241188e-03 -8.305051e-04 2.638060e-01 -3.244938e-03 9.999844e-01 -4.554974e-03 -5.999372e-02 8.157283e-04 4.557643e-03 9.999893e-01 9.687247e+01
9.999741e-01 -2.437697e-03 -6.769922e-03 3.771953e-01 2.470814e-03 9.999850e-01 4.887729e-03 -5.918177e-02 6.757906e-03 -4.904329e-03 9.999651e-01 9.648872e+01
9.999879e-01 2.229385e-03 -4.383604e-03 9.669616e-01 -2.253017e-03 9.999829e-01 -5.393541e-03 -7.637941e-02 4.371504e-03 5.403352e-03 9.999758e-01 9.627346e+01
9.999690e-01 -2.744428e-03 -7.378114e-03 1.501871e+00 2.780108e-03 9.999845e-01 4.830061e-03 -9.334864e-02 7.364744e-03 -4.850423e-03 9.999611e-01 9.623984e+01
9.999920e-01 2.843943e-03 -2.806362e-03 1.726371e+00 -2.856409e-03 9.999860e-01 -4.447935e-03 -1.050269e-01 2.793673e-03 4.455915e-03 9.999862e-01 9.634534e+01
9.999800e-01 -2.249545e-03 -5.911987e-03 1.799449e+00 2.281354e-03 9.999829e-01 5.379277e-03 -1.063829e-01 5.899785e-03 -5.392656e-03 9.999681e-01 9.642025e+01
9.999946e-01 3.258404e-03 -3.026620e-04 1.680730e+00 -3.259616e-03 9.999863e-01 -4.094576e-03 -9.802393e-02 2.893158e-04 4.095540e-03 9.999916e-01 9.629157e+01
9.999619e-01 -2.451166e-03 -8.377140e-03 1.825665e+00 2.490031e-03 9.999862e-01 4.632093e-03 -9.882386e-02 8.365670e-03 -4.652775e-03 9.999542e-01 9.599819e+01
9.999441e-01 1.765814e-03 1.042751e-02 1.989922e+00 -1.683620e-03 9.999675e-01 -7.885984e-03 -1.354388e-01 -1.044109e-02 7.867986e-03 9.999145e-01 9.776688e+01
9.999841e-01 -3.410707e-03 -4.483357e-03 2.201524e+00 3.427759e-03 9.999869e-01 3.801194e-03 -2.092497e-01 4.470334e-03 -3.816501e-03 9.999827e-01 1.009436e+02
9.997777e-01 1.373647e-03 2.103723e-02 2.416977e+00 -1.136205e-03 9.999356e-01 -1.129455e-02 -2.916825e-01 -2.105139e-02 1.126814e-02 9.997149e-01 1.053383e+02
