1.000000e+00 1.197625e-11 1.704638e-10 1.665335e-16 1.197625e-11 1.000000e+00 3.562503e-10 -1.110223e-16 1.704638e-10 3.562503e-10 1.000000e+00 2.220446e-16 0.000000e+00 0.000000e+00 0.000000e+00 1.000000e+00
9.836520e-01 -1.302241e-01 1.243804e-01 8.530478e-01 1.432172e-01 9.844270e-01 -1.019429e-01 3.373834e-02 -1.091680e-01 1.180898e-01 9.869839e-01 -1.746251e+00
9.612020e-01 9.854812e-02 -2.576413e-01 1.500650e+00 -8.608943e-02 9.945254e-01 5.922686e-02 5.795354e-02 2.620675e-01 -3.474879e-02 9.644237e-01 -3.089478e+00
9.905521e-01 -9.580458e-02 9.812254e-02 1.800346e+00 1.036706e-01 9.915113e-01 -7.847174e-02 7.345228e-02 -8.977166e-02 8.790277e-02 9.920757e-01 -3.989485e+00
9.570290e-01 3.587236e-02 -2.877651e-01 2.462228e+00 -2.361201e-02 9.986640e-01 4.596476e-02 1.042484e-01 2.890295e-01 -3.719489e-02 9.565974e-01 -5.527670e+00
9.968761e-01 -3.562962e-02 7.048788e-02 3.473908e+00 4.468546e-02 9.903239e-01 -1.313844e-01 1.406482e-01 -6.512466e-02 1.341237e-01 9.888223e-01 -7.470715e+00
9.495000e-01 -1.588241e-02 -3.133647e-01 4.567853e+00 3.036170e-02 9.986821e-01 4.137976e-02 1.842454e-01 3.122945e-01 -4.880437e-02 9.487309e-01 -9.692683e+00
9.986879e-01 2.148486e-02 -4.648453e-02 5.782726e+00 -2.809239e-02 9.888080e-01 -1.465246e-01 2.347265e-01 4.281622e-02 1.476382e-01 9.881142e-01 -1.226569e+01
9.673501e-01 -1.059110e-01 -2.302535e-01 7.207712e+00 1.102846e-01 9.938809e-01 6.170991e-03 2.948411e-01 2.281910e-01 -3.136292e-02 9.731111e-01 -1.518944e+01
9.811361e-01 6.278895e-02 -1.828374e-01 8.743648e+00 -8.785741e-02 9.872940e-01 -1.324068e-01 3.581824e-01 1.722006e-01 1.459727e-01 9.741863e-01 -1.832888e+01
8.860385e-01 -1.321527e-01 -4.443776e-01 1.022032e+01 1.298530e-01 9.908880e-01 -3.576644e-02 4.276506e-01 4.450550e-01 -2.601330e-02 8.951253e-01 -2.170418e+01
9.699414e-01 1.253914e-01 2.085443e-01 1.115600e+01 -8.717317e-02 9.791825e-01 -1.833097e-01 4.976259e-01 -2.271884e-01 1.596202e-01 9.606804e-01 -2.506125e+01
9.448418e-01 -2.854015e-01 -1.606861e-01 1.229420e+01 2.839440e-01 9.582913e-01 -3.245884e-02 5.698265e-01 1.632479e-01 -1.495739e-02 9.864717e-01 -2.838517e+01
9.011986e-01 2.388655e-01 3.616412e-01 1.379461e+01 -1.719006e-01 9.629746e-01 -2.076778e-01 6.006081e-01 -3.978583e-01 1.249926e-01 9.088925e-01 -3.013712e+01
9.224026e-01 -3.072720e-01 -2.340028e-01 1.473995e+01 3.307637e-01 9.412734e-01 6.782100e-02 6.359790e-01 1.994211e-01 -1.399579e-01 9.698675e-01 -3.192895e+01
9.207761e-01 2.878626e-01 -2.632612e-01 1.583806e+01 -3.300831e-01 9.345984e-01 -1.325554e-01 7.006152e-01 2.078858e-01 2.089520e-01 9.555745e-01 -3.504457e+01
8.105232e-01 -3.294229e-01 -4.842858e-01 1.720100e+01 3.105016e-01 9.427606e-01 -1.216187e-01 7.662227e-01 4.966296e-01 -5.179672e-02 8.664157e-01 -3.818241e+01
9.706246e-01 2.351410e-01 -5.095732e-02 1.908919e+01 -2.364154e-01 9.714350e-01 -2.053570e-02 8.340808e-01 4.467294e-02 3.197956e-02 9.984897e-01 -4.137990e+01
8.353642e-01 -4.964715e-01 2.359717e-01 2.137958e+01 5.331791e-01 8.362502e-01 -1.280846e-01 9.091617e-01 -1.337410e-01 2.328125e-01 9.632817e-01 -4.478098e+01
9.646465e-01 1.257129e-01 2.316319e-01 2.289706e+01 -8.052256e-02 9.774616e-01 -1.951534e-01 9.897577e-01 -2.509446e-01 1.696025e-01 9.530277e-01 -4.807187e+01
7.297099e-01 -4.877095e-01 4.792316e-01 2.513977e+01 5.049739e-01 8.569433e-01 1.031964e-01 1.082792e+00 -4.610042e-01 1.666960e-01 8.716006e-01 -5.209577e+01
7.194931e-01 -8.500022e-02 6.892784e-01 2.634047e+01 4.431900e-01 8.203241e-01 -3.614569e-01 1.220084e+00 -5.347077e-01 5.655470e-01 6.278887e-01 -5.697767e+01
8.116575e-01 -1.698828e-01 5.588846e-01 2.602803e+01 1.076682e-01 9.838915e-01 1.427065e-01 1.339585e+00 -5.741251e-01 -5.565473e-02 8.168739e-01 -6.043716e+01
6.562463e-01 -5.028080e-01 5.626056e-01 2.650033e+01 6.840570e-01 7.111278e-01 -1.623680e-01 1.453702e+00 -3.184445e-01 4.914076e-01 8.106242e-01 -6.395024e+01
9.431983e-01 1.634671e-01 2.892326e-01 2.634413e+01 -1.276818e-01 9.820735e-01 -1.386684e-01 1.553745e+00 -3.067154e-01 9.386207e-02 9.471619e-01 -6.698380e+01
2.201906e-03 -3.888678e-01 9.212909e-01 2.271970e+01 5.788717e-01 7.517344e-01 3.159161e-01 1.756359e+00 -8.154157e-01 5.326136e-01 2.267598e-01 -6.932999e+01
9.365994e-01 -1.860550e-01 2.969260e-01 1.801466e+01 2.809214e-01 9.051930e-01 -3.189183e-01 2.002927e+00 -2.094390e-01 3.821116e-01 9.000700e-01 -7.140674e+01
7.674763e-03 7.549471e-02 9.971167e-01 1.216315e+01 4.471779e-01 8.916266e-01 -7.094965e-02 2.304913e+00 -8.944121e-01 4.464331e-01 -2.691655e-02 -7.390465e+01
8.309113e-01 -4.455316e-01 3.332987e-01 5.886724e+00 4.065105e-01 8.951114e-01 1.830977e-01 2.648510e+00 -3.799153e-01 -1.664855e-02 9.248714e-01 -7.725690e+01
3.946333e-01 -5.262421e-02 9.173305e-01 5.326912e-01 7.578033e-01 5.832238e-01 -2.925475e-01 2.936169e+00 -5.196139e-01 8.106051e-01 2.700384e-01 -7.988359e+01
8.463438e-01 1.006972e-01 5.230318e-01 -3.994163e+00 -9.540945e-02 9.947455e-01 -3.712759e-02 3.179724e+00 -5.240222e-01 -1.847947e-02 8.515041e-01 -8.203633e+01
-1.068056e-02 -4.339797e-01 9.008594e-01 -8.325396e+00 6.599255e-01 6.737932e-01 3.324170e-01 3.415815e+00 -7.512551e-01 5.980505e-01 2.791978e-01 -8.448143e+01
9.392241e-01 -8.939565e-02 3.314611e-01 -1.157646e+01 2.149622e-01 9.059394e-01 -3.647808e-01 3.611921e+00 -2.676738e-01 4.138626e-01 8.700968e-01 -8.703295e+01
-6.618930e-02 -1.793909e-02 9.976458e-01 -1.599424e+01 3.293500e-01 9.434098e-01 3.881473e-02 3.848570e+00 -9.418851e-01 3.311438e-01 -5.653539e-02 -8.944573e+01
8.167086e-01 -4.481205e-01 3.635589e-01 -2.200880e+01 4.416433e-01 8.909062e-01 1.060059e-01 4.147420e+00 -3.714003e-01 7.398740e-02 9.255202e-01 -9.124959e+01
1.338972e-01 1.522040e-01 9.792372e-01 -2.894005e+01 7.556117e-01 6.236575e-01 -2.002554e-01 4.478808e+00 -6.411883e-01 7.667368e-01 -3.150114e-02 -9.273856e+01
7.669714e-01 9.869398e-02 6.340461e-01 -3.663129e+01 -8.390296e-02 9.950425e-01 -5.339287e-02 4.842323e+00 -6.361723e-01 -1.224754e-02 7.714498e-01 -9.417479e+01
-1.172717e-01 -3.774252e-01 9.185846e-01 -4.366715e+01 5.683735e-01 7.329916e-01 3.737311e-01 5.165034e+00 -8.143703e-01 5.659272e-01 1.285593e-01 -9.488184e+01
8.711770e-01 -1.703030e-01 4.604862e-01 -5.146192e+01 3.693754e-01 8.452208e-01 -3.862172e-01 5.519327e+00 -3.234386e-01 5.065558e-01 7.992426e-01 -9.552125e+01
7.244787e-02 1.377100e-01 9.878195e-01 -5.923370e+01 3.502634e-01 9.238248e-01 -1.544774e-01 5.873387e+00 -9.338452e-01 3.571885e-01 1.869438e-02 -9.601381e+01
7.926031e-01 -4.396073e-01 4.225231e-01 -6.646517e+01 4.015226e-01 8.978058e-01 1.808989e-01 6.210093e+00 -4.588681e-01 2.627156e-02 8.881159e-01 -9.690461e+01
2.695593e-01 5.090824e-02 9.616372e-01 -7.321977e+01 7.522511e-01 6.123174e-01 -2.432812e-01 6.519438e+00 -6.012122e-01 7.889714e-01 1.267601e-01 -9.739736e+01
8.305951e-01 1.500571e-01 5.362785e-01 -7.927941e+01 -1.312121e-01 9.886327e-01 -7.340821e-02 6.794170e+00 -5.411979e-01 -9.393710e-03 8.408428e-01 -9.769884e+01
2.291085e-01 -4.506300e-01 8.628105e-01 -8.442987e+01 6.539973e-01 7.277825e-01 2.064466e-01 7.026769e+00 -7.209693e-01 5.169771e-01 4.614520e-01 -9.788386e+01
8.174352e-01 -1.478256e-02 5.758308e-01 -8.903974e+01 3.127767e-01 8.508499e-01 -4.221673e-01 7.251640e+00 -4.837049e-01 5.252009e-01 7.001383e-01 -9.915661e+01
-7.979741e-02 -1.293462e-02 9.967272e-01 -9.361774e+01 2.251107e-01 9.738507e-01 3.065999e-02 7.498380e+00 -9.710600e-01 2.268206e-01 -7.479903e-02 -1.016994e+02
7.433302e-01 -5.593011e-01 3.669367e-01 -9.582406e+01 5.264816e-01 8.275541e-01 1.948625e-01 7.673267e+00 -4.126468e-01 4.833817e-02 9.096076e-01 -1.046275e+02
3.705842e-01 9.195645e-02 9.242355e-01 -9.712541e+01 6.666321e-01 6.665608e-01 -3.336140e-01 7.814794e+00 -6.467371e-01 7.397572e-01 1.857158e-01 -1.078992e+02
6.839262e-01 2.145088e-02 7.292357e-01 -9.917375e+01 -7.912551e-02 9.958523e-01 4.491567e-02 7.992173e+00 -7.252476e-01 -8.842015e-02 6.827868e-01 -1.114827e+02
6.449782e-01 -5.354735e-01 5.452259e-01 -9.901362e+01 5.985945e-01 7.975199e-01 7.514392e-02 8.066470e+00 -4.750661e-01 2.779030e-01 8.349145e-01 -1.140785e+02
3.083404e-01 1.514041e-01 9.391501e-01 -1.015293e+02 6.210815e-01 7.157541e-01 -3.193021e-01 8.250413e+00 -7.205442e-01 6.817426e-01 1.266616e-01 -1.171699e+02
7.223876e-01 -7.915402e-02 6.869431e-01 -1.037550e+02 -2.221402e-02 9.902576e-01 1.374641e-01 8.435464e+00 -6.911315e-01 -1.145621e-01 7.135915e-01 -1.208257e+02
4.585421e-01 -6.008048e-01 6.548074e-01 -1.045769e+02 8.012582e-01 5.981935e-01 -1.223724e-02 8.571661e+00 -3.843494e-01 5.302811e-01 7.556967e-01 -1.242828e+02
4.845733e-01 6.967526e-01 -5.288898e-01 -1.039099e+02 -4.772187e-01 7.172832e-01 5.077078e-01 8.598257e+00 7.331105e-01 6.374455e-03 6.800797e-01 -1.257122e+02
8.749059e-01 -4.563511e-01 1.621217e-01 -1.037010e+02 4.838482e-01 8.093247e-01 -3.329932e-01 8.594289e+00 2.075274e-02 3.697800e-01 9.288876e-01 -1.255454e+02
7.900075e-01 5.416739e-01 -2.871889e-01 -1.036474e+02 -3.106432e-01 7.574931e-01 5.741995e-01 8.594625e+00 5.285725e-01 -3.644086e-01 7.666926e-01 -1.257034e+02
5.339800e-01 -3.543860e-01 7.676431e-01 -1.036572e+02 6.953164e-01 7.006159e-01 -1.602263e-01 8.596670e+00 -4.810410e-01 6.193125e-01 6.205253e-01 -1.260376e+02
7.779204e-01 6.035569e-01 -1.748113e-01 -1.036202e+02 -5.155973e-01 7.721329e-01 3.714434e-01 8.592216e+00 3.591648e-01 -1.988211e-01 9.118502e-01 -1.261471e+02
6.308193e-01 -5.724299e-01 5.238234e-01 -1.034467e+02 6.835422e-01 7.294467e-01 -2.602883e-02 8.583333e+00 -3.672016e-01 3.744749e-01 8.514291e-01 -1.261268e+02
7.231213e-01 6.750990e-01 -1.460717e-01 -1.032493e+02 -6.282766e-01 7.307392e-01 2.669996e-01 8.570548e+00 2.869914e-01 -1.012997e-01 9.525620e-01 -1.258998e+02
6.077954e-01 -6.659312e-01 4.325741e-01 -1.034686e+02 7.355163e-01 6.774412e-01 9.445436e-03 8.580815e+00 -2.993335e-01 3.124244e-01 9.015489e-01 -1.261564e+02
8.019655e-01 5.960107e-01 4.028084e-02 -1.034933e+02 -5.870160e-01 7.987716e-01 -1.318186e-01 8.598351e+00 -1.107405e-01 8.206844e-02 9.904551e-01 -1.270474e+02
6.122734e-01 -6.991657e-01 3.691729e-01 -1.034912e+02 6.103930e-01 7.147729e-01 3.413503e-01 8.619986e+00 -5.025352e-01 1.634085e-02 8.644023e-01 -1.281182e+02
8.682435e-01 4.816532e-01 -1.190105e-01 -1.035302e+02 -4.906403e-01 7.979420e-01 -3.500866e-01 8.626606e+00 -7.365687e-02 3.623518e-01 9.291264e-01 -1.285574e+02
7.521835e-01 -5.844044e-01 3.044528e-01 -1.037417e+02 3.848741e-01 7.646517e-01 5.168943e-01 8.633731e+00 -5.348756e-01 -2.716233e-01 8.000805e-01 -1.287659e+02
9.044996e-01 2.780404e-01 -3.233791e-01 -1.039054e+02 -4.014105e-01 8.111486e-01 -4.253323e-01 8.642146e+00 1.440489e-01 5.145206e-01 8.452919e-01 -1.290902e+02
7.327422e-01 -4.547240e-01 5.062756e-01 -1.034850e+02 6.597333e-02 7.879328e-01 6.122169e-01 8.632177e+00 -6.773008e-01 -4.151964e-01 6.073512e-01 -1.290296e+02
9.307652e-01 4.165058e-02 -3.632374e-01 -1.030141e+02 -2.504977e-01 7.963193e-01 -5.505692e-01 8.630193e+00 2.663215e-01 6.034408e-01 7.516196e-01 -1.293849e+02
7.035600e-01 -3.397533e-01 6.241563e-01 -1.030878e+02 -5.048498e-02 8.521911e-01 5.207894e-01 8.653590e+00 -7.088403e-01 -3.979171e-01 5.824151e-01 -1.304601e+02
9.286607e-01 -2.351644e-01 -2.868572e-01 -1.032721e+02 4.837613e-02 8.435248e-01 -5.349071e-01 8.671830e+00 3.677623e-01 4.828701e-01 7.947247e-01 -1.311378e+02
7.714708e-01 -2.832077e-02 6.356341e-01 -1.034554e+02 -2.483572e-01 9.063561e-01 3.418146e-01 8.690673e+00 -5.857914e-01 -4.215643e-01 6.921936e-01 -1.318488e+02
8.628544e-01 -3.979703e-01 -3.116119e-01 -1.035042e+02 2.225288e-01 8.526368e-01 -4.727488e-01 8.715249e+00 4.538318e-01 3.385708e-01 8.242612e-01 -1.330211e+02
7.818499e-01 1.708413e-01 5.996031e-01 -1.035516e+02 -3.381618e-01 9.241730e-01 1.776256e-01 8.747453e+00 -5.237912e-01 -3.416395e-01 7.803366e-01 -1.345133e+02
7.349701e-01 -4.012697e-01 -5.466274e-01 -1.035536e+02 2.214496e-01 9.039534e-01 -3.658256e-01 8.766011e+00 6.409204e-01 1.478205e-01 7.532398e-01 -1.353951e+02
7.840900e-01 2.193957e-01 5.805759e-01 -1.035346e+02 -3.755338e-01 9.124777e-01 1.623537e-01 8.783118e+00 -4.941429e-01 -3.453258e-01 7.978552e-01 -1.362641e+02
8.435521e-01 -4.773735e-01 -2.460374e-01 -1.033548e+02 3.895112e-01 8.592322e-01 -3.316640e-01 8.802541e+00 3.697309e-01 1.839416e-01 9.107495e-01 -1.373656e+02
7.613904e-01 3.382790e-01 5.530388e-01 -1.033001e+02 -4.238509e-01 9.052409e-01 2.982078e-02 8.814139e+00 -4.905456e-01 -2.571113e-01 8.326216e-01 -1.380788e+02
7.575974e-01 -4.629529e-01 -4.601313e-01 -1.033534e+02 3.843160e-01 8.861736e-01 -2.588389e-01 8.826948e+00 5.275865e-01 1.925984e-02 8.492830e-01 -1.387338e+02
9.057608e-01 4.216390e-01 4.263647e-02 -1.032695e+02 -4.132344e-01 8.564070e-01 3.095227e-01 8.852628e+00 9.399266e-02 -2.979724e-01 9.499357e-01 -1.399725e+02
7.767131e-01 -3.554999e-01 -5.199390e-01 -1.030916e+02 9.421807e-02 8.817800e-01 -4.621548e-01 8.880336e+00 6.227678e-01 3.099740e-01 7.183845e-01 -1.413720e+02
9.628404e-01 1.099760e-01 2.466650e-01 -1.023386e+02 -2.092858e-01 8.811052e-01 4.240909e-01 8.909034e+00 -1.706980e-01 -4.599554e-01 8.713801e-01 -1.428100e+02
8.976728e-01 -2.120181e-01 -3.863053e-01 -1.015854e+02 -4.350206e-02 8.297273e-01 -5.564712e-01 8.938319e+00 4.385100e-01 5.163342e-01 7.356004e-01 -1.444791e+02
9.433986e-01 -7.766834e-02 3.224388e-01 -1.015101e+02 -9.462959e-02 8.687472e-01 4.861313e-01 8.969176e+00 -3.178748e-01 -4.891278e-01 8.122251e-01 -1.459356e+02
5.151060e-01 -3.262043e-02 -8.565055e-01 -1.012841e+02 -4.176803e-01 8.630473e-01 -2.840642e-01 8.993154e+00 7.484711e-01 5.040686e-01 4.309359e-01 -1.471816e+02
8.233516e-01 -3.925081e-01 4.099141e-01 -1.004891e+02 1.754200e-01 8.629150e-01 4.739257e-01 9.016211e+00 -5.397407e-01 -3.183003e-01 7.793362e-01 -1.483524e+02
8.839429e-01 9.365047e-02 -4.581206e-01 -9.905435e+01 -3.238266e-01 8.293709e-01 -4.552804e-01 9.033378e+00 3.373147e-01 5.507935e-01 7.634431e-01 -1.494891e+02
9.474486e-01 -3.197196e-01 1.098084e-02 -9.825845e+01 2.847142e-01 8.583722e-01 4.267728e-01 9.052181e+00 -1.458733e-01 -4.012189e-01 9.042922e-01 -1.506391e+02
5.054657e-01 4.051290e-01 -7.618234e-01 -9.820662e+01 -5.763867e-01 8.155665e-01 5.127955e-02 9.071985e+00 6.420925e-01 4.131848e-01 6.457519e-01 -1.514665e+02
8.582757e-01 -5.117178e-01 -3.882965e-02 -9.819638e+01 5.130877e-01 8.571493e-01 4.512325e-02 9.090902e+00 1.019244e-02 -5.865121e-02 9.982265e-01 -1.521704e+02
2.539368e-01 6.595534e-01 -7.074641e-01 -9.802588e+01 -2.524149e-01 7.512833e-01 6.098034e-01 9.117386e+00 9.337038e-01 2.372290e-02 3.572596e-01 -1.530990e+02
9.278337e-01 -1.616587e-01 -3.361415e-01 -9.774898e+01 -3.077685e-02 8.649437e-01 -5.009244e-01 9.158324e+00 3.717222e-01 4.751199e-01 7.975485e-01 -1.545608e+02
2.829212e-01 1.054223e-01 -9.533319e-01 -9.719761e+01 5.042828e-01 8.291273e-01 2.413438e-01 9.196259e+00 8.158765e-01 -5.490301e-01 1.814150e-01 -1.560571e+02
8.583196e-01 5.063622e-01 -8.297463e-02 -9.667957e+01 -5.123917e-01 8.544144e-01 -8.620216e-02 9.226141e+00 2.724520e-02 1.165045e-01 9.928164e-01 -1.573220e+02
-4.480418e-02 -3.886447e-01 -9.202977e-01 -9.598695e+01 1.222040e-01 9.121721e-01 -3.911627e-01 9.266691e+00 9.914932e-01 -1.299898e-01 6.624821e-03 -1.589945e+02
9.874406e-01 1.075449e-01 -1.157378e-01 -9.531967e+01 -2.910609e-02 8.438494e-01 5.357901e-01 9.311459e+00 1.552868e-01 -5.256922e-01 8.363813e-01 -1.607997e+02
1.622004e-01 1.107162e-01 -9.805269e-01 -9.480936e+01 -5.087945e-01 8.607894e-01 1.303034e-02 9.346061e+00 8.454698e-01 4.967731e-01 1.959522e-01 -1.622281e+02
8.171604e-01 -4.855870e-01 -3.105706e-01 -9.422233e+01 5.044796e-01 8.631387e-01 -2.217918e-02 9.388136e+00 2.788355e-01 -1.385526e-01 9.502915e-01 -1.639193e+02
8.063778e-02 6.314440e-01 -7.712172e-01 -9.349231e+01 1.470353e-02 7.728991e-01 6.343585e-01 9.436626e+00 9.966350e-01 -6.249288e-02 5.304041e-02 -1.658500e+02
9.719341e-01 3.154155e-02 -2.331291e-01 -9.292532e+01 -1.415555e-01 8.699098e-01 -4.724606e-01 9.478361e+00 1.878991e-01 4.922013e-01 8.499599e-01 -1.675146e+02
6.633798e-02 1.486080e-02 -9.976865e-01 -9.241127e+01 4.942625e-01 8.681056e-01 4.579507e-02 9.520527e+00 8.667779e-01 -4.961570e-01 5.024324e-02 -1.691413e+02
8.414961e-01 5.053836e-01 1.909757e-01 -9.200208e+01 -5.162338e-01 8.564070e-01 8.349838e-03 9.546744e+00 -1.593330e-01 -1.056144e-01 9.815593e-01 -1.702991e+02
3.966883e-01 -4.147626e-01 -8.189080e-01 -9.177944e+01 2.049309e-01 9.096012e-01 -3.614263e-01 9.570579e+00 8.947859e-01 -2.444602e-02 4.458258e-01 -1.713400e+02
9.186872e-01 2.384832e-01 -3.148644e-01 -9.128266e+01 -3.649260e-02 8.449910e-01 5.335339e-01 9.603586e+00 3.932965e-01 -4.786605e-01 7.849853e-01 -1.726902e+02
4.070942e-01 8.167072e-02 -9.097275e-01 -9.070035e+01 -4.506049e-01 8.843131e-01 -1.222522e-01 9.639543e+00 7.944995e-01 4.596959e-01 3.968000e-01 -1.741837e+02
6.956367e-01 -3.842257e-01 -6.070092e-01 -9.006342e+01 4.669050e-01 8.839691e-01 -2.445984e-02 9.684977e+00 5.459755e-01 -2.664005e-01 7.943183e-01 -1.759870e+02
3.960366e-01 5.669384e-01 -7.223128e-01 -8.938405e+01 -1.384860e-01 8.145124e-01 5.633748e-01 9.730972e+00 9.077316e-01 -1.230869e-01 4.010897e-01 -1.778364e+02
9.492235e-01 -1.224196e-01 -2.898070e-01 -8.869823e+01 -3.442308e-02 8.752389e-01 -4.824644e-01 9.761629e+00 3.127135e-01 4.679426e-01 8.265833e-01 -1.792025e+02
4.956476e-01 6.281612e-02 -8.662491e-01 -8.800569e+01 4.574822e-01 8.289208e-01 3.218699e-01 9.790717e+00 7.382706e-01 -5.558276e-01 3.821154e-01 -1.804915e+02
7.176855e-01 5.185075e-01 -4.648413e-01 -8.749947e+01 -5.419961e-01 8.350358e-01 9.463340e-02 9.828869e+00 4.372272e-01 1.840252e-01 8.803222e-01 -1.820123e+02
5.781000e-01 -4.956991e-01 -6.481380e-01 -8.687235e+01 3.186787e-01 8.683958e-01 -3.799112e-01 9.854926e+00 7.511620e-01 1.307890e-02 6.599884e-01 -1.831930e+02
9.390216e-01 3.301014e-01 -9.628876e-02 -8.620803e+01 -2.385212e-01 8.270060e-01 5.090862e-01 9.872693e+00 2.476815e-01 -4.550761e-01 8.553126e-01 -1.841160e+02
4.980255e-01 -1.518776e-01 -8.537586e-01 -8.569370e+01 -3.291077e-01 8.777777e-01 -3.481298e-01 9.898799e+00 8.022834e-01 4.543561e-01 3.871716e-01 -1.852892e+02
8.075322e-01 -2.962889e-01 -5.100045e-01 -8.507826e+01 4.807114e-01 8.316430e-01 2.780042e-01 9.933586e+00 3.417722e-01 -4.696624e-01 8.140080e-01 -1.867863e+02
3.281176e-01 5.780012e-01 -7.471636e-01 -8.448986e+01 -4.319655e-01 7.952193e-01 4.254787e-01 9.971670e+00 8.400861e-01 1.831418e-01 5.106020e-01 -1.883818e+02
7.751649e-01 -3.939155e-01 -4.939129e-01 -8.385954e+01 1.359754e-01 8.675116e-01 -4.784708e-01 1.001379e+01 6.169523e-01 3.037338e-01 7.260273e-01 -1.900947e+02
6.385622e-01 2.225611e-01 -7.366851e-01 -8.330756e+01 3.138642e-01 7.987176e-01 5.133609e-01 1.004681e+01 7.026575e-01 -5.590319e-01 4.401769e-01 -1.914826e+02
9.157997e-01 3.338734e-01 -2.232478e-01 -8.283379e+01 -3.963830e-01 8.409345e-01 -3.683880e-01 1.006532e+01 6.474178e-02 4.258613e-01 9.024692e-01 -1.923894e+02
6.690016e-01 -3.538349e-01 -6.536342e-01 -8.222699e+01 5.375294e-01 8.376820e-01 9.670071e-02 1.007803e+01 5.133215e-01 -4.160405e-01 7.506073e-01 -1.931245e+02
8.408624e-01 5.360559e-01 7.479635e-02 -8.118413e+01 -5.233996e-01 8.405274e-01 -1.398804e-01 1.009298e+01 -1.378521e-01 7.847183e-02 9.873393e-01 -1.939828e+02
4.910800e-01 -4.984784e-01 -7.143946e-01 -8.045679e+01 4.300229e-01 8.519241e-01 -2.988405e-01 1.010897e+01 7.575755e-01 -1.604515e-01 6.327201e-01 -1.948924e+02
9.028933e-01 4.210957e-01 -8.638346e-02 -7.997876e+01 -3.391005e-01 8.212244e-01 4.589133e-01 1.012978e+01 2.641866e-01 -3.850570e-01 8.842717e-01 -1.959089e+02
6.002860e-01 -2.814970e-01 -7.486095e-01 -7.952083e+01 -1.658453e-01 8.718565e-01 -4.608272e-01 1.015083e+01 7.824014e-01 4.007815e-01 4.766783e-01 -1.969306e+02
9.786403e-01 -1.436626e-01 1.470515e-01 -7.867104e+01 4.390165e-02 8.448455e-01 5.332061e-01 1.016556e+01 -2.008376e-01 -5.153611e-01 8.331069e-01 -1.978462e+02
5.604015e-01 9.119391e-02 -8.231851e-01 -7.789307e+01 -4.799183e-01 8.458027e-01 -2.330155e-01 1.018108e+01 6.750026e-01 5.256438e-01 5.177548e-01 -1.987957e+02
8.585433e-01 -5.054015e-01 8.644463e-02 -7.633284e+01 4.551362e-01 8.288192e-01 3.254379e-01 1.021156e+01 -2.361238e-01 -2.400584e-01 9.416037e-01 -2.002680e+02
3.236768e-01 4.850925e-01 -8.123537e-01 -7.547743e+01 -5.000864e-01 8.165593e-01 2.883478e-01 1.023188e+01 8.032104e-01 3.129155e-01 5.068895e-01 -2.013854e+02
7.924698e-01 -5.045122e-01 3.427230e-01 -7.467684e+01 5.555464e-01 8.290012e-01 -6.422824e-02 1.024652e+01 -2.517138e-01 2.412975e-01 9.372383e-01 -2.022476e+02
4.232100e-01 6.165995e-01 -6.638512e-01 -7.437432e+01 -2.417477e-01 7.829872e-01 5.731396e-01 1.025363e+01 8.731846e-01 -8.207387e-02 4.804295e-01 -2.027353e+02
5.506331e-01 -2.814024e-01 7.858854e-01 -7.374066e+01 6.322306e-01 7.553303e-01 -1.725128e-01 1.026503e+01 -5.450576e-01 5.918520e-01 5.938210e-01 -2.034101e+02
4.496227e-01 6.299697e-01 -6.332279e-01 -7.311603e+01 -1.971760e-01 7.614411e-01 6.175185e-01 1.027167e+01 8.711837e-01 -1.527930e-01 4.665761e-01 -2.040826e+02
4.254929e-01 -2.080475e-01 8.807224e-01 -7.275923e+01 6.749504e-01 7.212474e-01 -1.557050e-01 1.027852e+01 -6.028248e-01 6.606954e-01 4.473074e-01 -2.046215e+02
3.634815e-01 6.652842e-01 -6.521335e-01 -7.240831e+01 -1.074416e-01 7.252790e-01 6.800196e-01 1.028274e+01 9.253851e-01 -1.771083e-01 3.351047e-01 -2.050581e+02
9.547274e-01 -1.322133e-01 2.664868e-01 -7.213454e+01 2.621835e-01 7.972213e-01 -5.437812e-01 1.029671e+01 -1.405538e-01 5.890313e-01 7.957932e-01 -2.057169e+02
-5.097001e-02 4.183138e-01 -9.068713e-01 -7.177362e+01 5.699212e-01 7.578610e-01 3.175476e-01 1.032711e+01 8.201170e-01 -5.006598e-01 -2.770341e-01 -2.069281e+02
8.323737e-01 5.306417e-01 1.599170e-01 -7.126885e+01 -4.656348e-01 8.260755e-01 -3.174643e-01 1.035937e+01 -3.005633e-01 1.897860e-01 9.346887e-01 -2.082118e+02
2.641688e-02 -3.580538e-01 -9.333272e-01 -7.089841e+01 3.606112e-01 8.742012e-01 -3.251645e-01 1.037892e+01 9.323421e-01 -3.279784e-01 1.522119e-01 -2.091216e+02
8.736075e-01 3.152209e-01 3.707367e-01 -7.058255e+01 -4.420516e-01 8.325913e-01 3.337395e-01 1.039992e+01 -2.034705e-01 -4.554421e-01 8.667019e-01 -2.099709e+02
-1.343110e-01 -3.174137e-01 -9.387274e-01 -7.004600e+01 -4.043545e-01 8.824109e-01 -2.405171e-01 1.043383e+01 9.046867e-01 3.472745e-01 -2.468652e-01 -2.113766e+02
8.926173e-01 -4.488805e-01 4.172075e-02 -6.936937e+01 3.953313e-01 8.238793e-01 4.061233e-01 1.047249e+01 -2.166737e-01 -3.460192e-01 9.128654e-01 -2.130165e+02
-1.521022e-01 5.032988e-01 -8.506205e-01 -6.874124e+01 -3.458915e-01 7.791045e-01 5.228339e-01 1.050552e+01 9.258639e-01 3.737466e-01 5.558325e-02 -2.144644e+02
8.881835e-01 -3.991876e-01 2.275508e-01 -6.822961e+01 4.566273e-01 8.220007e-01 -3.403033e-01 1.053591e+01 -5.120208e-02 4.061577e-01 9.123674e-01 -2.157858e+02
-1.294771e-02 5.837587e-01 -8.118240e-01 -6.775882e+01 4.110040e-01 7.432424e-01 5.278886e-01 1.057051e+01 9.115416e-01 -3.268279e-01 -2.495504e-01 -2.172188e+02
9.202024e-01 3.702449e-01 1.270682e-01 -6.721787e+01 -2.605074e-01 8.215262e-01 -5.071790e-01 1.060411e+01 -2.921703e-01 4.336051e-01 8.524219e-01 -2.186621e+02
3.230957e-01 -1.620800e-01 -9.323836e-01 -6.606937e+01 5.203754e-01 8.533384e-01 3.198460e-02 1.062443e+01 7.904547e-01 -4.955236e-01 3.600524e-01 -2.197791e+02
5.054734e-01 5.412740e-01 6.719517e-01 -6.499085e+01 -3.143585e-01 8.407667e-01 -4.407836e-01 1.063442e+01 -8.035393e-01 1.157069e-02 5.951392e-01 -2.205001e+02
-2.929866e-01 -2.449601e-01 -9.242042e-01 -6.450030e+01 3.575690e-01 8.684089e-01 -3.435263e-01 1.064983e+01 8.867374e-01 -4.311154e-01 -1.668420e-01 -2.213077e+02
6.111188e-01 2.824785e-01 7.394185e-01 -6.420493e+01 -4.948518e-01 8.654365e-01 7.836694e-02 1.066812e+01 -6.177828e-01 -4.137941e-01 6.686695e-01 -2.222263e+02
-1.491307e-01 -4.068607e-01 -9.012349e-01 -6.401528e+01 -2.094632e-01 9.037415e-01 -3.733316e-01 1.068500e+01 9.663774e-01 1.331003e-01 -2.199979e-01 -2.230417e+02
5.961838e-01 -2.519983e-01 7.622741e-01 -6.386907e+01 -2.262769e-01 8.582305e-01 4.606942e-01 1.070530e+01 -7.703010e-01 -4.471435e-01 4.546417e-01 -2.240236e+02
1.131498e-01 -1.871405e-01 -9.757948e-01 -6.359884e+01 -4.768217e-01 8.513912e-01 -2.185726e-01 1.073043e+01 8.716870e-01 4.900116e-01 7.102095e-03 -2.252266e+02
7.577475e-01 -4.807913e-01 4.412011e-01 -6.302681e+01 2.550187e-01 8.405380e-01 4.779762e-01 1.075106e+01 -6.006531e-01 -2.496708e-01 7.595264e-01 -2.263462e+02
-3.737878e-02 3.473792e-01 -9.369795e-01 -6.271808e+01 -4.975470e-01 8.066823e-01 3.189209e-01 1.076629e+01 8.666313e-01 4.781122e-01 1.426847e-01 -2.271616e+02
7.254886e-01 -5.432244e-01 4.225795e-01 -6.245695e+01 5.814882e-01 8.122616e-01 4.585474e-02 1.078649e+01 -3.681545e-01 2.124579e-01 9.051651e-01 -2.280988e+02
-7.055249e-02 6.862473e-01 -7.239385e-01 -6.213717e+01 -3.735186e-02 7.234205e-01 6.893965e-01 1.080562e+01 9.968085e-01 7.567909e-02 -2.540650e-02 -2.289392e+02
9.089916e-01 -1.367374e-02 4.165901e-01 -6.265230e+01 2.314979e-01 8.476990e-01 -4.772998e-01 1.083703e+01 -3.466166e-01 5.303012e-01 7.737167e-01 -2.292364e+02
2.180759e-02 3.757438e-01 -9.264670e-01 -6.311415e+01 3.722138e-01 8.570178e-01 3.563389e-01 1.086652e+01 9.278908e-01 -3.526147e-01 -1.211675e-01 -2.295328e+02
8.297902e-01 3.805575e-01 4.081963e-01 -6.324472e+01 -2.546374e-01 9.090402e-01 -3.298570e-01 1.088947e+01 -4.965964e-01 1.697700e-01 8.512169e-01 -2.300818e+02
4.358421e-02 -1.296387e-01 -9.906030e-01 -6.317382e+01 2.893469e-01 9.506866e-01 -1.116843e-01 1.090737e+01 9.562316e-01 -2.817602e-01 7.894549e-02 -2.306114e+02
2.117736e-01 2.288432e-01 9.501488e-01 -6.267786e+01 -1.950487e-01 9.625377e-01 -1.883537e-01 1.090856e+01 -9.576575e-01 -1.454369e-01 2.484756e-01 -2.308816e+02
1.967819e-01 -1.627943e-01 -9.668376e-01 -6.224807e+01 2.588229e-01 9.597636e-01 -1.089246e-01 1.091086e+01 9.456678e-01 -2.288054e-01 2.309990e-01 -2.311578e+02
6.405921e-02 2.108310e-01 9.754213e-01 -6.146007e+01 -8.401636e-02 9.750981e-01 -2.052435e-01 1.090908e+01 -9.944032e-01 -6.880361e-02 8.017727e-02 -2.314373e+02
-3.054007e-01 -8.188338e-03 -9.521887e-01 -6.081162e+01 1.742261e-01 9.826021e-01 -6.433035e-02 1.091394e+01 9.361494e-01 -1.855426e-01 -2.986607e-01 -2.319204e+02
4.472013e-01 8.776138e-02 8.901174e-01 -6.045392e+01 -1.789401e-01 9.838343e-01 -7.100656e-03 1.092595e+01 -8.763512e-01 -1.561023e-01 4.556761e-01 -2.325284e+02
-2.681422e-01 -7.399901e-02 -9.605331e-01 -6.016419e+01 -8.096121e-02 9.952494e-01 -5.407243e-02 1.093620e+01 9.599714e-01 6.326682e-02 -2.728594e-01 -2.330063e+02
4.632111e-01 -1.283301e-01 8.769075e-01 -6.044611e+01 -6.621731e-02 9.816835e-01 1.786416e-01 1.095901e+01 -8.837707e-01 -1.408152e-01 4.462291e-01 -2.332630e+02
-2.832046e-01 -2.116932e-02 -9.588258e-01 -6.058282e+01 -2.597351e-01 9.640877e-01 5.543144e-02 1.098082e+01 9.232187e-01 2.647391e-01 -2.785325e-01 -2.335236e+02
6.513288e-01 -2.956150e-01 6.988438e-01 -6.091679e+01 1.508226e-01 9.530506e-01 2.625779e-01 1.100881e+01 -7.436554e-01 -6.562314e-02 6.653346e-01 -2.339319e+02
-6.621453e-01 2.229051e-01 -7.154558e-01 -6.150384e+01 -1.884200e-01 8.745417e-01 4.468497e-01 1.105528e+01 7.253010e-01 4.306856e-01 -5.370739e-01 -2.346265e+02
5.385982e-01 -2.809101e-01 7.943560e-01 -6.156491e+01 3.802556e-01 9.223525e-01 6.834871e-02 1.108158e+01 -7.518761e-01 2.652458e-01 6.035950e-01 -2.350199e+02
-1.861741e-01 4.728342e-01 -8.612590e-01 -6.144141e+01 -4.003340e-02 8.722059e-01 4.874979e-01 1.109317e+01 9.817008e-01 1.252386e-01 -1.434530e-01 -2.354553e+02
6.339979e-01 -4.879632e-02 7.717937e-01 -6.173827e+01 3.628001e-01 9.001330e-01 -2.411154e-01 1.112228e+01 -6.829515e-01 4.328735e-01 5.883858e-01 -2.359170e+02
-2.698079e-01 4.331258e-01 -8.600033e-01 -6.212419e+01 2.744220e-01 8.906748e-01 3.624789e-01 1.115338e+01 9.229823e-01 -1.382041e-01 -3.591704e-01 -2.363271e+02
6.003218e-01 2.794396e-01 7.493513e-01 -6.286300e+01 5.563069e-02 9.201119e-01 -3.876847e-01 1.119607e+01 -7.978214e-01 2.744225e-01 5.368177e-01 -2.366983e+02
-1.896942e-02 8.117069e-02 -9.965197e-01 -6.358443e+01 3.587732e-01 9.308715e-01 6.899388e-02 1.123175e+01 9.332320e-01 -3.562157e-01 -4.677995e-02 -2.368205e+02
6.021102e-01 3.609339e-01 7.121727e-01 -6.403580e+01 -2.671994e-01 9.316444e-01 -2.462584e-01 1.125493e+01 -7.523748e-01 -4.201745e-02 6.573939e-01 -2.369765e+02
-1.888649e-01 -1.922748e-01 -9.629956e-01 -6.443132e+01 1.160241e-01 9.694063e-01 -2.163097e-01 1.127852e+01 9.751248e-01 -1.525840e-01 -1.607783e-01 -2.372150e+02
3.977586e-01 8.696439e-02 9.133593e-01 -6.485580e+01 -2.821948e-01 9.588366e-01 3.159851e-02 1.130119e+01 -8.730144e-01 -2.703139e-01 4.059264e-01 -2.374517e+02
-2.204597e-01 -2.771750e-01 -9.351853e-01 -6.537597e+01 -1.310364e-01 9.584998e-01 -2.531947e-01 1.132843e+01 9.665542e-01 6.672410e-02 -2.476306e-01 -2.376765e+02
3.896812e-01 -1.582436e-01 9.072528e-01 -6.576207e+01 -2.129896e-01 9.429343e-01 2.559500e-01 1.135215e+01 -8.959821e-01 -2.929743e-01 3.337395e-01 -2.379007e+02
-4.245720e-01 -1.942569e-01 -8.843093e-01 -6.643630e+01 -4.199588e-01 9.075403e-01 2.269306e-03 1.138196e+01 8.021055e-01 3.723369e-01 -4.668961e-01 -2.378314e+02
2.051364e-02 -4.923277e-01 8.701681e-01 -6.621716e+01 -2.704226e-02 8.697596e-01 4.927341e-01 1.138786e+01 -9.994238e-01 -3.363908e-02 4.528280e-03 -2.381046e+02
-1.967502e-01 4.022207e-02 -9.796283e-01 -6.522379e+01 -5.116908e-01 8.480811e-01 1.375898e-01 1.139072e+01 8.363384e-01 5.283376e-01 -1.462788e-01 -2.384778e+02
-9.758402e-02 -5.630029e-01 8.206736e-01 -6.433059e+01 7.232310e-02 8.184173e-01 5.700548e-01 1.139179e+01 -9.925960e-01 1.149819e-01 -3.914634e-02 -2.387588e+02
-4.519033e-01 1.396136e-01 -8.810740e-01 -6.340156e+01 -5.035431e-01 7.753608e-01 3.811300e-01 1.139721e+01 7.363612e-01 6.158926e-01 -2.800866e-01 -2.391468e+02
3.788698e-01 -5.823164e-01 7.192811e-01 -6.223364e+01 5.905012e-01 7.505576e-01 2.966002e-01 1.141842e+01 -7.125770e-01 3.123635e-01 6.282221e-01 -2.401529e+02
-6.329477e-01 6.579036e-01 -4.080932e-01 -6.159021e+01 1.870370e-01 6.414501e-01 7.440154e-01 1.144379e+01 7.512618e-01 3.945943e-01 -5.290567e-01 -2.412201e+02
4.803628e-01 8.671809e-02 8.727724e-01 -6.127373e+01 5.767726e-01 7.184314e-01 -3.888311e-01 1.146498e+01 -6.607458e-01 6.901712e-01 2.950911e-01 -2.420060e+02
1.586723e-02 5.907243e-01 -8.067174e-01 -5.929816e+01 4.846492e-01 7.011604e-01 5.229620e-01 1.149735e+01 8.745647e-01 -3.992729e-01 -2.751686e-01 -2.434984e+02
-6.799465e-02 6.295825e-01 7.739526e-01 -5.504660e+01 7.181592e-01 5.693756e-01 -4.000735e-01 1.154821e+01 -6.925490e-01 5.286183e-01 -4.908550e-01 -2.461216e+02
3.349570e-01 5.348340e-01 -7.757296e-01 -5.023165e+01 4.008642e-01 6.641758e-01 6.310138e-01 1.159928e+01 8.527084e-01 -5.223247e-01 8.074548e-03 -2.488262e+02
-1.232660e-01 5.290731e-01 8.395756e-01 -4.664016e+01 7.854083e-01 5.691394e-01 -2.433398e-01 1.162448e+01 -6.065801e-01 6.294141e-01 -4.856939e-01 -2.504738e+02
3.644308e-01 7.673311e-01 -5.276297e-01 -4.311736e+01 -7.340715e-02 5.885023e-01 8.051561e-01 1.163307e+01 9.283327e-01 -2.546919e-01 2.707960e-01 -2.513095e+02
1.288780e-01 -1.021238e-01 9.863879e-01 -4.073954e+01 8.083662e-01 5.869691e-01 -4.484756e-02 1.163902e+01 -5.743993e-01 8.031426e-01 1.582009e-01 -2.518911e+02
-3.789928e-01 8.402914e-01 -3.876528e-01 -3.982469e+01 4.637789e-01 5.349682e-01 7.061998e-01 1.164982e+01 8.007956e-01 8.785944e-02 -5.924586e-01 -2.524993e+02
7.453654e-01 3.848070e-01 5.443840e-01 -3.960623e+01 1.647653e-01 6.849212e-01 -7.097432e-01 1.168265e+01 -6.459743e-01 6.187136e-01 4.471137e-01 -2.535956e+02
-5.539362e-01 2.863374e-01 -7.817708e-01 -3.910067e+01 6.748923e-01 7.042797e-01 -2.202508e-01 1.171169e+01 4.875193e-01 -6.496160e-01 -5.833730e-01 -2.548133e+02
3.313256e-01 5.837472e-01 7.412574e-01 -3.857448e+01 -5.486376e-01 7.583562e-01 -3.519839e-01 1.173446e+01 -7.676068e-01 -2.900604e-01 5.715285e-01 -2.558204e+02
-7.418721e-01 -4.713933e-01 -4.768795e-01 -3.820988e+01 -2.504281e-01 8.545056e-01 -4.550890e-01 1.176377e+01 6.220221e-01 -2.181939e-01 -7.519840e-01 -2.569311e+02
7.311130e-01 -3.588969e-01 5.802300e-01 -3.771076e+01 -1.283600e-01 7.629116e-01 6.336320e-01 1.180544e+01 -6.700728e-01 -5.377349e-01 5.117066e-01 -2.584771e+02
-7.420685e-01 -7.245521e-03 -6.702849e-01 -3.711959e+01 -4.888649e-01 6.900078e-01 5.337607e-01 1.184192e+01 4.586344e-01 7.237657e-01 -5.155751e-01 -2.598806e+02
6.580694e-01 -6.118807e-01 4.388014e-01 -3.676299e+01 6.893461e-01 7.240278e-01 -2.419985e-02 1.188117e+01 -3.028970e-01 3.184112e-01 8.982582e-01 -2.610430e+02
-5.065344e-01 7.884081e-01 -3.490495e-01 -3.710528e+01 4.413649e-01 5.848605e-01 6.805404e-01 1.192124e+01 7.406888e-01 1.906589e-01 -6.442276e-01 -2.614166e+02
7.701982e-01 4.024934e-01 4.947664e-01 -3.745433e+01 1.266828e-02 7.659265e-01 -6.428033e-01 1.196309e+01 -6.376788e-01 5.013538e-01 5.848163e-01 -2.620460e+02
-5.768068e-01 1.466183e-01 -8.036149e-01 -3.734212e+01 4.827673e-01 8.547640e-01 -1.905632e-01 1.198807e+01 6.589610e-01 -4.978771e-01 -5.638162e-01 -2.627460e+02
3.561670e-01 3.641261e-01 8.605564e-01 -3.772794e+01 -4.880737e-01 8.578305e-01 -1.609688e-01 1.201059e+01 -7.968244e-01 -3.626832e-01 4.832513e-01 -2.628546e+02
-7.168763e-01 -4.562229e-01 -5.272087e-01 -3.823765e+01 -4.216070e-01 8.859239e-01 -1.933555e-01 1.203812e+01 5.552800e-01 8.366296e-02 -8.274446e-01 -2.626824e+02
3.993826e-01 -5.483406e-01 7.347218e-01 -3.829158e+01 -1.379747e-01 7.563334e-01 6.394707e-01 1.205150e+01 -9.063424e-01 -3.567665e-01 2.264092e-01 -2.626105e+02
-7.865532e-01 -5.966812e-02 -6.146331e-01 -3.884371e+01 -5.295647e-01 5.771470e-01 6.216611e-01 1.207483e+01 3.176403e-01 8.144575e-01 -4.855549e-01 -2.623274e+02
4.524682e-01 -6.929880e-01 5.612844e-01 -3.993685e+01 7.722695e-01 6.192272e-01 1.419773e-01 1.212157e+01 -4.459511e-01 3.692226e-01 8.153541e-01 -2.617686e+02
-5.423463e-01 7.967727e-01 -2.664841e-01 -4.079968e+01 3.050825e-01 4.823044e-01 8.211620e-01 1.215864e+01 7.828059e-01 3.640545e-01 -5.046574e-01 -2.612485e+02
3.803388e-01 2.146173e-01 8.996009e-01 -4.109172e+01 6.414953e-01 6.394552e-01 -4.237699e-01 1.217417e+01 -6.662028e-01 7.382659e-01 1.055336e-01 -2.612241e+02
-3.113370e-01 7.318282e-01 -6.062151e-01 -4.076722e+01 6.516694e-01 6.287177e-01 4.243124e-01 1.218119e+01 6.916619e-01 -2.629477e-01 -6.726532e-01 -2.614847e+02
5.235467e-01 5.666129e-01 6.362772e-01 -4.111415e+01 -1.239440e-01 7.895137e-01 -6.010873e-01 1.220233e+01 -8.429334e-01 2.358345e-01 4.835755e-01 -2.615706e+02
-7.617245e-01 -4.518608e-02 -6.463235e-01 -4.090631e+01 2.105763e-01 9.261407e-01 -3.129235e-01 1.222171e+01 6.127262e-01 -3.744619e-01 -6.959489e-01 -2.618487e+02
4.959400e-01 6.060873e-03 8.683356e-01 -4.010394e+01 -4.190617e-01 8.774947e-01 2.332175e-01 1.223595e+01 -7.605464e-01 -4.795481e-01 4.377246e-01 -2.623922e+02
-5.715994e-01 -3.184212e-01 -7.562288e-01 -4.006422e+01 -5.088189e-01 8.605865e-01 2.223083e-02 1.226030e+01 6.437215e-01 3.974906e-01 -6.539295e-01 -2.630830e+02
-5.949100e-02 -5.725940e-01 8.176778e-01 -3.806562e+01 6.721627e-03 8.188803e-01 5.739250e-01 1.228089e+01 -9.982062e-01 3.963950e-02 -4.486724e-02 -2.640367e+02
-4.462307e-01 1.474721e-02 -8.947965e-01 -3.639690e+01 -5.401133e-01 7.927911e-01 2.824179e-01 1.229539e+01 7.135515e-01 6.093150e-01 -3.458025e-01 -2.649555e+02
6.447219e-01 -5.937839e-01 4.814086e-01 -3.644053e+01 5.186775e-01 8.024263e-01 2.951028e-01 1.231954e+01 -5.615222e-01 5.943659e-02 8.253242e-01 -2.655154e+02
-6.033697e-01 6.369189e-01 -4.798743e-01 -3.633787e+01 4.471802e-02 6.278281e-01 7.770664e-01 1.234900e+01 7.962069e-01 4.473992e-01 -4.072942e-01 -2.663194e+02
9.050302e-01 -4.179769e-02 4.232887e-01 -3.617890e+01 2.814633e-01 8.049676e-01 -5.223079e-01 1.238561e+01 -3.189024e-01 5.918446e-01 7.402845e-01 -2.671667e+02
-2.513159e-01 4.597800e-01 -8.517292e-01 -3.621986e+01 5.181431e-01 8.071731e-01 2.828415e-01 1.241037e+01 8.175378e-01 -3.702350e-01 -4.410873e-01 -2.675592e+02
7.623089e-01 4.755243e-01 4.390465e-01 -3.595504e+01 -3.693079e-01 8.766791e-01 -3.082943e-01 1.243624e+01 -5.315043e-01 7.287221e-02 8.439152e-01 -2.683879e+02
-4.975392e-01 -2.268348e-01 -8.372579e-01 -3.608026e+01 7.820364e-03 9.639917e-01 -2.658175e-01 1.247088e+01 8.674063e-01 -1.388023e-01 -4.778497e-01 -2.691153e+02
8.137987e-01 -3.048434e-02 5.803467e-01 -3.625760e+01 -2.496493e-01 8.834474e-01 3.964795e-01 1.250165e+01 -5.247922e-01 -4.675376e-01 7.113380e-01 -2.695907e+02
-2.189333e-01 -8.729042e-02 -9.718275e-01 -3.639445e+01 -5.340017e-01 8.443135e-01 4.446287e-02 1.252560e+01 8.166459e-01 5.286919e-01 -2.314615e-01 -2.700120e+02
8.732061e-01 -4.861479e-01 3.422376e-02 -3.666321e+01 4.614972e-01 8.474100e-01 2.625196e-01 1.256719e+01 -1.566249e-01 -2.134395e-01 9.643196e-01 -2.707800e+02
-4.296558e-01 6.445766e-01 -6.323898e-01 -3.689777e+01 -9.058556e-02 6.660267e-01 7.404071e-01 1.261205e+01 8.984376e-01 3.754056e-01 -2.277729e-01 -2.713089e+02
9.940180e-01 -6.023276e-02 9.110599e-02 -3.800242e+01 9.712292e-02 8.690365e-01 -4.851213e-01 1.266346e+01 -4.995424e-02 4.910677e-01 8.696879e-01 -2.707900e+02
2.968277e-01 2.548339e-01 -9.203005e-01 -3.903861e+01 3.081466e-01 8.866189e-01 3.448949e-01 1.270642e+01 9.038468e-01 -3.859618e-01 1.846468e-01 -2.704050e+02
8.412772e-01 3.760806e-01 3.883504e-01 -3.992828e+01 -2.000547e-01 8.839424e-01 -4.226392e-01 1.274423e+01 -5.022258e-01 2.778654e-01 8.188773e-01 -2.702419e+02
6.490789e-01 -1.875295e-01 -7.372444e-01 -4.011312e+01 4.201024e-01 8.963184e-01 1.418707e-01 1.275094e+01 6.342008e-01 -4.018034e-01 6.605629e-01 -2.701854e+02
6.494172e-01 3.642385e-01 6.675235e-01 -3.982545e+01 -1.534949e-01 9.225408e-01 -3.540589e-01 1.274620e+01 -7.447796e-01 1.274705e-01 6.550227e-01 -2.702352e+02
8.958024e-01 -2.052961e-01 -3.941975e-01 -3.909552e+01 3.287368e-01 9.029494e-01 2.767934e-01 1.274287e+01 2.991158e-01 -3.775394e-01 8.763525e-01 -2.703974e+02
7.903495e-01 2.663347e-01 5.517368e-01 -3.832787e+01 -3.812116e-02 9.201986e-01 -3.895912e-01 1.273828e+01 -6.114690e-01 2.868804e-01 7.374315e-01 -2.705825e+02
7.158016e-01 -7.663147e-02 -6.940862e-01 -3.853237e+01 3.434472e-01 9.040663e-01 2.543778e-01 1.274569e+01 6.080067e-01 -4.204660e-01 6.734510e-01 -2.707041e+02
8.023789e-01 3.121968e-01 5.086464e-01 -3.867539e+01 -1.051521e-01 9.128872e-01 -3.944363e-01 1.274940e+01 -5.874786e-01 2.630021e-01 7.653096e-01 -2.707746e+02
7.212331e-01 -9.159091e-02 -6.866105e-01 -3.865036e+01 3.469159e-01 9.057112e-01 2.435912e-01 1.275128e+01 5.995600e-01 -4.138821e-01 6.850032e-01 -2.710382e+02
8.234311e-01 3.359108e-01 4.573021e-01 -3.864949e+01 -1.582126e-01 9.098961e-01 -3.834812e-01 1.276044e+01 -5.449129e-01 2.434193e-01 8.023821e-01 -2.715956e+02
6.293292e-01 -1.209221e-01 -7.676735e-01 -3.859178e+01 3.802335e-01 9.094192e-01 1.684611e-01 1.276305e+01 6.777664e-01 -3.979127e-01 6.183027e-01 -2.718848e+02
7.929697e-01 3.572226e-01 4.935495e-01 -3.841478e+01 -2.456954e-01 9.287818e-01 -2.774855e-01 1.275887e+01 -5.575238e-01 9.877479e-02 8.242638e-01 -2.719220e+02
5.722175e-01 -1.876435e-01 -7.983465e-01 -3.816984e+01 3.719364e-01 9.269793e-01 4.870929e-02 1.275709e+01 7.309107e-01 -3.248064e-01 6.002252e-01 -2.721041e+02
8.704652e-01 3.668881e-01 3.281514e-01 -3.798246e+01 -3.644966e-01 9.284784e-01 -7.120528e-02 1.276032e+01 -3.308059e-01 -5.762834e-02 9.419376e-01 -2.723286e+02
5.701410e-01 -2.535765e-01 -7.814334e-01 -3.787986e+01 2.144948e-01 9.641278e-01 -1.563638e-01 1.276275e+01 7.930518e-01 -7.846398e-02 6.040796e-01 -2.724207e+02
8.732259e-01 2.111877e-01 4.391768e-01 -3.797337e+01 -3.021054e-01 9.417430e-01 1.478260e-01 1.276517e+01 -3.823727e-01 -2.617631e-01 8.861553e-01 -2.724279e+02
5.215523e-01 -2.352841e-01 -8.201370e-01 -3.813928e+01 -3.242197e-02 9.550669e-01 -2.946116e-01 1.278156e+01 8.526031e-01 1.802458e-01 4.904889e-01 -2.729335e+02
7.323012e-01 -3.932838e-02 6.798443e-01 -3.812067e+01 -1.699415e-01 9.561904e-01 2.383690e-01 1.279551e+01 -6.594353e-01 -2.900917e-01 6.935358e-01 -2.736930e+02
