1.000000e+00 1.197624e-11 1.704639e-10 3.214096e-14 1.197625e-11 1.000000e+00 3.562503e-10 -1.998401e-15 1.704639e-10 3.562503e-10 1.000000e+00 -4.041212e-14 0.000000e+00 0.000000e+00 0.000000e+00 1.000000e+00
8.347330e-01 1.463851e-01 -5.308411e-01 -2.990729e-01 -2.329848e-02 9.725433e-01 2.315530e-01 4.896900e-03 5.501619e-01 -1.809171e-01 8.152245e-01 1.029027e+00
9.764420e-01 -1.106819e-02 2.154962e-01 -5.738991e-01 3.528438e-02 9.934313e-01 -1.088542e-01 8.607662e-03 -2.128758e-01 1.138935e-01 9.704186e-01 1.955846e+00
8.796093e-01 1.647191e-01 -4.462680e-01 -5.735202e-01 -1.336932e-02 9.463249e-01 3.229404e-01 -1.070026e-02 4.755090e-01 -2.780951e-01 8.345983e-01 2.888233e+00
9.807190e-01 -2.330950e-02 1.940283e-01 -5.981832e-01 4.299053e-02 9.942722e-01 -9.784981e-02 -2.992906e-02 -1.906362e-01 1.043045e-01 9.761037e-01 3.959361e+00
8.549272e-01 1.790310e-01 -4.868751e-01 -6.877259e-01 -1.567409e-02 9.470446e-01 3.207191e-01 -4.297354e-02 5.185111e-01 -2.665602e-01 8.124604e-01 4.993888e+00
9.751169e-01 -3.244367e-02 2.193045e-01 -6.958430e-01 5.105021e-02 9.955096e-01 -7.971538e-02 -6.338560e-02 -2.157334e-01 8.892736e-02 9.723945e-01 6.074149e+00
9.496690e-01 -1.464579e-01 2.769093e-01 -1.398808e+00 9.764018e-02 9.783305e-01 1.825811e-01 -4.278175e-02 -2.976493e-01 -1.463542e-01 9.433904e-01 7.446559e+00
9.551153e-01 -2.096683e-01 2.092702e-01 -2.993598e+00 2.520997e-01 9.462730e-01 -2.025171e-01 4.266560e-02 -1.555653e-01 2.461841e-01 9.566571e-01 9.065723e+00
9.352667e-01 2.050302e-01 -2.885114e-01 -3.786809e+00 -1.167308e-01 9.482048e-01 2.954345e-01 7.904464e-02 3.341409e-01 -2.426319e-01 9.107577e-01 1.041056e+01
9.568151e-01 -1.823846e-01 2.263640e-01 -4.375432e+00 2.326542e-01 9.473185e-01 -2.201355e-01 1.034756e-01 -1.742895e-01 2.632935e-01 9.488412e-01 1.143348e+01
8.803931e-01 2.632761e-01 -3.944536e-01 -5.022108e+00 -7.523453e-02 8.987539e-01 4.319505e-01 1.314745e-01 4.682389e-01 -3.506097e-01 8.110642e-01 1.256900e+01
9.808005e-01 -2.931667e-02 -1.927975e-01 -5.758252e+00 -2.824447e-02 9.568566e-01 -2.891844e-01 1.655839e-01 1.929575e-01 2.890777e-01 9.376574e-01 1.409237e+01
9.209177e-01 2.855538e-02 -3.887097e-01 -6.467240e+00 1.453100e-01 9.002547e-01 4.103980e-01 1.995828e-01 3.616568e-01 -4.344262e-01 8.249111e-01 1.541720e+01
9.390403e-01 2.002265e-01 -2.794863e-01 -7.237559e+00 -2.634506e-01 9.413688e-01 -2.107572e-01 2.393985e-01 2.209005e-01 2.715404e-01 9.367330e-01 1.673111e+01
7.227473e-01 -1.192755e-01 -6.807420e-01 -8.095676e+00 3.227300e-01 9.292512e-01 1.798263e-01 2.879649e-01 6.111315e-01 -3.496648e-01 7.101076e-01 1.806916e+01
9.368684e-01 3.491902e-01 1.854269e-02 -8.830748e+00 -3.477363e-01 9.359305e-01 -5.579917e-02 3.245858e-01 -3.683919e-02 4.582851e-02 9.982698e-01 1.947387e+01
8.520917e-01 -2.133163e-01 -4.779496e-01 -8.980711e+00 3.048349e-01 9.445740e-01 1.218836e-01 3.121753e-01 4.254590e-01 -2.495517e-01 8.698900e-01 2.082926e+01
9.239115e-01 2.829436e-01 2.575469e-01 -8.965546e+00 -3.092260e-01 9.486153e-01 6.714420e-02 2.857086e-01 -2.253149e-01 -1.416755e-01 9.639301e-01 2.213926e+01
8.750071e-01 -1.830464e-01 -4.481702e-01 -8.926317e+00 2.253924e-01 9.733400e-01 4.251419e-02 2.597643e-01 4.284399e-01 -1.382144e-01 8.929367e-01 2.327543e+01
9.498078e-01 2.047671e-01 2.365070e-01 -8.880761e+00 -2.471836e-01 9.546113e-01 1.661851e-01 2.331348e-01 -1.917430e-01 -2.163046e-01 9.573124e-01 2.446539e+01
8.307496e-01 -8.244078e-02 -5.505075e-01 -8.838823e+00 7.815551e-02 9.964503e-01 -3.128109e-02 2.097077e-01 5.511322e-01 -1.703844e-02 8.342439e-01 2.550807e+01
9.838353e-01 8.212904e-02 1.591315e-01 -8.821143e+00 -1.281389e-01 9.436244e-01 3.052106e-01 1.842682e-01 -1.250937e-01 -3.206679e-01 9.388949e-01 2.679281e+01
8.436875e-01 4.167767e-02 -5.352143e-01 -8.867998e+00 -8.895395e-02 9.940530e-01 -6.281508e-02 1.643781e-01 5.294134e-01 1.006057e-01 8.423776e-01 2.808327e+01
9.710389e-01 -2.294983e-02 -2.378166e-01 -9.445957e+00 9.717897e-02 9.472578e-01 3.053831e-01 1.855328e-01 2.182651e-01 -3.196496e-01 9.220545e-01 2.960641e+01
9.772996e-01 1.432426e-01 -1.560993e-01 -9.834026e+00 -1.697274e-01 9.703274e-01 -1.722131e-01 1.917665e-01 1.267992e-01 1.947981e-01 9.726128e-01 3.099889e+01
9.800611e-01 -9.269489e-02 -1.757497e-01 -9.737294e+00 1.561813e-01 9.061795e-01 3.929964e-01 1.624704e-01 1.228321e-01 -4.126093e-01 9.025884e-01 3.213215e+01
9.780311e-01 2.012296e-01 -5.442302e-02 -9.652682e+00 -2.075117e-01 9.646838e-01 -1.622466e-01 1.366684e-01 1.985219e-02 1.699756e-01 9.852483e-01 3.309667e+01
9.419310e-01 -8.972179e-02 -3.235985e-01 -9.565007e+00 2.104611e-01 9.086341e-01 3.606801e-01 1.077568e-01 2.616717e-01 -4.078407e-01 8.747536e-01 3.428442e+01
9.690477e-01 2.446388e-01 3.314142e-02 -9.485046e+00 -2.404267e-01 9.656782e-01 -9.828890e-02 7.877057e-02 -5.604923e-02 8.727856e-02 9.946059e-01 3.551411e+01
9.042625e-01 -8.320166e-02 -4.187920e-01 -9.292846e+00 2.202658e-01 9.311436e-01 2.906106e-01 4.518646e-02 3.657762e-01 -3.550338e-01 8.603248e-01 3.674772e+01
9.668867e-01 2.370230e-01 9.460535e-02 -9.159128e+00 -2.348948e-01 9.714539e-01 -3.319313e-02 1.601564e-02 -9.977227e-02 9.871690e-03 9.949613e-01 3.790613e+01
8.927190e-01 -7.437916e-02 -4.444328e-01 -9.018655e+00 1.838688e-01 9.605672e-01 2.085737e-01 -1.453783e-02 4.113940e-01 -2.679151e-01 8.711926e-01 3.907472e+01
9.729663e-01 1.898743e-01 1.314699e-01 -8.909281e+00 -1.999505e-01 9.774354e-01 6.811691e-02 -4.507351e-02 -1.155696e-01 -9.256293e-02 9.889771e-01 4.033520e+01
8.987152e-01 -5.448581e-02 -4.351348e-01 -8.834879e+00 1.187920e-01 9.854003e-01 1.219619e-01 -7.288854e-02 4.221367e-01 -1.612995e-01 8.920667e-01 4.152179e+01
9.744528e-01 1.075395e-01 1.971724e-01 -8.800624e+00 -1.260841e-01 9.884557e-01 8.401287e-02 -9.504223e-02 -1.858615e-01 -1.067269e-01 9.767624e-01 4.251458e+01
8.916745e-01 -4.306433e-03 -4.526566e-01 -8.782558e+00 4.315921e-02 9.962083e-01 7.554040e-02 -1.142443e-01 4.506150e-01 -8.689375e-02 8.884794e-01 4.337569e+01
9.762917e-01 3.842747e-02 2.130208e-01 -8.764573e+00 -6.500672e-02 9.907388e-01 1.192087e-01 -1.341761e-01 -2.064671e-01 -1.302302e-01 9.697481e-01 4.425353e+01
8.756662e-01 8.633660e-02 -4.751365e-01 -8.724590e+00 -3.733968e-02 9.930481e-01 1.116296e-01 -1.584434e-01 4.814711e-01 -8.000885e-02 8.728025e-01 4.532915e+01
9.864633e-01 -3.787539e-02 1.595479e-01 -8.639428e+00 1.410843e-02 9.889555e-01 1.475395e-01 -1.838920e-01 -1.633739e-01 -1.432914e-01 9.761027e-01 4.637257e+01
8.369846e-01 2.153428e-01 -5.030749e-01 -8.443198e+00 -1.444216e-01 9.736490e-01 1.764939e-01 -2.148896e-01 5.278250e-01 -7.506785e-02 8.460293e-01 4.753625e+01
9.920917e-01 -1.241427e-01 1.850916e-02 -8.447242e+00 1.200933e-01 9.817331e-01 1.475726e-01 -2.377183e-01 -3.649112e-02 -1.441827e-01 9.888780e-01 4.887164e+01
8.877164e-01 2.664137e-01 -3.754775e-01 -8.367549e+00 -2.155102e-01 9.611530e-01 1.724534e-01 -2.617125e-01 4.068352e-01 -7.217049e-02 9.106462e-01 4.990810e+01
9.855433e-01 -1.606620e-01 -5.377778e-02 -8.324248e+00 1.636438e-01 9.848955e-01 5.658148e-02 -2.816314e-01 4.387500e-02 -6.456390e-02 9.969486e-01 5.081223e+01
8.809883e-01 2.969290e-01 -3.683649e-01 -8.273792e+00 -2.238520e-01 9.474886e-01 2.283762e-01 -2.977024e-01 4.168331e-01 -1.187376e-01 9.011945e-01 5.153578e+01
9.815800e-01 -1.390369e-01 -1.310320e-01 -8.110847e+00 1.404935e-01 9.900798e-01 1.893024e-03 -3.205979e-01 1.294689e-01 -2.026730e-02 9.913763e-01 5.239982e+01
8.455809e-01 3.320975e-01 -4.179763e-01 -7.957037e+00 -1.797240e-01 9.143373e-01 3.628864e-01 -3.452940e-01 5.026850e-01 -2.317295e-01 8.328321e-01 5.344781e+01
9.858306e-01 -7.593526e-02 -1.495720e-01 -7.765094e+00 6.627310e-02 9.954431e-01 -6.856344e-02 -3.738447e-01 1.540968e-01 5.767934e-02 9.863708e-01 5.460345e+01
8.916045e-01 2.358092e-01 -3.865687e-01 -7.621955e+00 -8.466596e-02 9.254618e-01 3.692588e-01 -3.973548e-01 4.448292e-01 -2.965036e-01 8.451110e-01 5.558160e+01
9.923471e-01 -6.604642e-02 1.043319e-01 -7.587641e+00 8.229723e-02 9.836704e-01 -1.600614e-01 -4.165436e-01 -9.205672e-02 1.674227e-01 9.815779e-01 5.638283e+01
7.538528e-01 2.982122e-01 -5.854702e-01 -7.464133e+00 -1.894660e-02 9.005637e-01 4.343110e-01 -4.389862e-01 6.567701e-01 -3.163139e-01 6.845426e-01 5.728808e+01
9.989789e-01 2.779248e-02 3.561832e-02 -7.109446e+00 -2.258664e-02 9.900312e-01 -1.390252e-01 -4.676836e-01 -3.912710e-02 1.380787e-01 9.896481e-01 5.820531e+01
8.123744e-01 1.868464e-01 -5.523915e-01 -6.859402e+00 4.203287e-02 9.260503e-01 3.750521e-01 -4.943439e-01 5.816194e-01 -3.279013e-01 7.444458e-01 5.909875e+01
9.873534e-01 6.498770e-02 1.446022e-01 -6.758410e+00 -3.787361e-02 9.823998e-01 -1.829106e-01 -5.109271e-01 -1.539441e-01 1.751208e-01 9.724371e-01 5.970276e+01
7.883859e-01 1.187918e-01 -6.036026e-01 -6.722144e+00 9.688448e-02 9.449587e-01 3.125164e-01 -5.248277e-01 6.075039e-01 -3.048632e-01 7.334830e-01 6.030455e+01
9.469100e-01 7.082391e-02 3.136007e-01 -6.697188e+00 -3.644261e-02 9.927920e-01 -1.141756e-01 -5.443728e-01 -3.194266e-01 9.668554e-02 9.426656e-01 6.115320e+01
8.461541e-01 1.248590e-01 -5.181057e-01 -6.455795e+00 4.765855e-02 9.505453e-01 3.069077e-01 -5.732398e-01 5.308031e-01 -2.843834e-01 7.983571e-01 6.205038e+01
9.359448e-01 -1.094307e-02 3.519765e-01 -6.047503e+00 1.450441e-02 9.998668e-01 -7.482666e-03 -6.134003e-01 -3.518478e-01 1.210858e-02 9.359789e-01 6.317567e+01
8.036885e-01 1.873448e-01 -5.647891e-01 -5.901229e+00 -3.604041e-02 9.627281e-01 2.680590e-01 -6.415744e-01 5.939578e-01 -1.950807e-01 7.804855e-01 6.418837e+01
9.709665e-01 -5.198180e-02 2.334995e-01 -5.709480e+00 5.615070e-02 9.983591e-01 -1.123747e-02 -6.665381e-01 -2.325322e-01 2.402237e-02 9.722920e-01 6.503374e+01
7.950304e-01 2.105577e-01 -5.688516e-01 -5.544750e+00 -7.899184e-02 9.657710e-01 2.470761e-01 -6.874984e-01 6.014041e-01 -1.514984e-01 7.844497e-01 6.566782e+01
9.155352e-01 -1.441298e-01 3.755288e-01 -5.511331e+00 1.471885e-01 9.888919e-01 2.069751e-02 -7.097918e-01 -3.743405e-01 3.632424e-02 9.265796e-01 6.663399e+01
9.145187e-01 2.099980e-01 -3.457694e-01 -5.449898e+00 -1.354140e-01 9.643147e-01 2.275088e-01 -7.345849e-01 3.812069e-01 -1.612390e-01 9.103204e-01 6.764035e+01
7.903126e-01 -2.536811e-01 5.577203e-01 -5.439781e+00 2.580769e-01 9.634002e-01 7.250053e-02 -7.636943e-01 -5.556998e-01 8.663665e-02 8.268566e-01 6.892338e+01
7.163719e-01 4.279586e-01 -5.510560e-01 -5.271559e+00 -2.745957e-01 8.989899e-01 3.411954e-01 -7.960737e-01 6.414113e-01 -9.310520e-02 7.615267e-01 7.009608e+01
6.870224e-01 -4.465702e-01 5.732149e-01 -4.834522e+00 4.278725e-01 8.862192e-01 1.775968e-01 -8.387202e-01 -5.873035e-01 1.232499e-01 7.999275e-01 7.122619e+01
3.881449e-01 6.246099e-01 -6.776474e-01 -4.728716e+00 -3.958968e-01 7.770005e-01 4.894241e-01 -8.636347e-01 8.322315e-01 7.831097e-02 5.488699e-01 7.220339e+01
7.598297e-01 -4.715591e-01 4.475386e-01 -4.617250e+00 5.511233e-01 8.323592e-01 -5.866140e-02 -8.793116e-01 -3.448506e-01 2.912217e-01 8.923385e-01 7.276518e+01
3.933162e-01 6.841225e-01 -6.142302e-01 -4.596177e+00 -2.516041e-01 7.226626e-01 6.437811e-01 -8.885473e-01 8.843064e-01 -9.866672e-02 4.563629e-01 7.320153e+01
8.971793e-01 -2.672307e-01 3.516490e-01 -4.627977e+00 4.010794e-01 8.263527e-01 -3.953183e-01 -8.933255e-01 -1.849449e-01 4.957106e-01 8.485673e-01 7.357160e+01
4.767512e-01 5.737181e-01 -6.659999e-01 -4.633784e+00 1.197970e-01 7.081719e-01 6.958026e-01 -8.999322e-01 8.708369e-01 -4.115095e-01 2.688921e-01 7.399837e+01
9.146281e-01 9.620080e-02 3.926841e-01 -4.570845e+00 1.378186e-01 8.389159e-01 -5.265227e-01 -9.127721e-01 -3.800808e-01 5.356917e-01 7.540378e-01 7.451775e+01
3.373321e-01 3.495300e-01 -8.740914e-01 -4.538250e+00 4.143012e-01 7.786391e-01 4.712491e-01 -9.213909e-01 8.453174e-01 -5.211046e-01 1.178493e-01 7.499042e+01
8.110309e-01 3.665309e-01 4.559429e-01 -4.450606e+00 -1.585313e-01 8.879258e-01 -4.318052e-01 -9.333794e-01 -5.631133e-01 2.779262e-01 7.782419e-01 7.551663e+01
2.281987e-01 8.372266e-02 -9.700082e-01 -4.367472e+00 4.171966e-01 8.917850e-01 1.751185e-01 -9.471955e-01 8.797001e-01 -4.446459e-01 1.685754e-01 7.616254e+01
7.240309e-01 3.258246e-01 6.079618e-01 -4.369905e+00 -2.753590e-01 9.446548e-01 -1.783390e-01 -9.586578e-01 -6.324212e-01 -3.828486e-02 7.736780e-01 7.682513e+01
1.395331e-01 -7.095512e-02 -9.876720e-01 -4.378535e+00 1.680356e-01 9.846599e-01 -4.699954e-02 -9.671467e-01 9.758558e-01 -1.594061e-01 1.493156e-01 7.734180e+01
7.627167e-01 5.576240e-02 6.443243e-01 -4.382486e+00 -2.156796e-01 9.611737e-01 1.721262e-01 -9.781922e-01 -6.097094e-01 -2.702512e-01 7.451301e-01 7.802281e+01
2.496990e-01 8.212205e-04 -9.683232e-01 -4.416315e+00 -1.680305e-01 9.848655e-01 -4.249435e-02 -9.883468e-01 9.536331e-01 1.733186e-01 2.460579e-01 7.868415e+01
7.477311e-01 -2.324845e-01 6.219720e-01 -4.344460e+00 5.112112e-02 9.540781e-01 2.951636e-01 -9.963543e-01 -6.620309e-01 -1.889071e-01 7.252787e-01 7.893436e+01
2.211828e-01 1.747835e-01 -9.594420e-01 -4.243852e+00 -3.580725e-01 9.296496e-01 8.680871e-02 -9.990192e-01 9.071175e-01 3.243492e-01 2.682077e-01 7.879367e+01
7.218689e-01 -4.292461e-01 5.428196e-01 -4.194279e+00 2.847399e-01 8.991453e-01 3.323567e-01 -1.010052e+00 -6.307365e-01 -8.535559e-02 7.712885e-01 7.925319e+01
2.518827e-01 4.922570e-01 -8.332095e-01 -4.146680e+00 -4.533926e-01 8.206605e-01 3.477806e-01 -1.025018e+00 8.549796e-01 2.901711e-01 4.298959e-01 7.993442e+01
6.846916e-01 -5.191337e-01 5.115639e-01 -4.194634e+00 5.301389e-01 8.364023e-01 1.392258e-01 -1.032589e+00 -5.001500e-01 1.758732e-01 8.478907e-01 8.046549e+01
2.600462e-01 7.028212e-01 -6.621316e-01 -4.199321e+00 -3.742433e-01 7.054849e-01 6.018580e-01 -1.044127e+00 8.901224e-01 9.128746e-02 4.464848e-01 8.114156e+01
7.169018e-01 -4.530292e-01 5.299212e-01 -4.251582e+00 6.009469e-01 7.868820e-01 -1.402839e-01 -1.054962e+00 -3.534327e-01 4.190243e-01 8.363635e-01 8.190378e+01
4.766713e-01 7.212873e-01 -5.025227e-01 -4.454926e+00 -2.536085e-01 6.601722e-01 7.070046e-01 -1.056551e+00 8.417049e-01 -2.095647e-01 4.976097e-01 8.277680e+01
5.060710e-01 -3.286485e-01 7.974223e-01 -5.016120e+00 7.584466e-01 6.097966e-01 -2.300150e-01 -1.030633e+00 -4.106713e-01 7.212062e-01 5.578627e-01 8.333648e+01
4.620029e-01 7.708095e-01 -4.386412e-01 -5.390039e+00 -1.914226e-01 5.695996e-01 7.993208e-01 -1.018690e+00 8.659739e-01 -2.853227e-01 4.107070e-01 8.403168e+01
8.389694e-01 -2.509982e-01 4.828357e-01 -5.699614e+00 5.047176e-01 6.906237e-01 -5.179760e-01 -1.015019e+00 -2.034467e-01 6.782616e-01 7.060953e-01 8.516338e+01
5.766075e-01 6.821264e-01 -4.496970e-01 -5.912010e+00 1.451403e-01 4.561361e-01 8.779944e-01 -1.026020e+00 8.040262e-01 -5.715273e-01 1.640075e-01 8.678185e+01
9.560161e-01 2.290727e-01 -1.831910e-01 -6.611150e+00 -2.899831e-01 6.442912e-01 -7.076713e-01 -9.923812e-01 -4.407987e-02 7.296674e-01 6.823800e-01 8.846101e+01
-1.253550e-01 2.994812e-02 -9.916598e-01 -7.374380e+00 6.970369e-01 7.139401e-01 -6.655094e-02 -9.415036e-01 7.059927e-01 -6.995660e-01 -1.103709e-01 8.950227e+01
7.207844e-01 6.900044e-01 6.605923e-02 -8.752361e+00 -6.264275e-01 6.076288e-01 4.882374e-01 -8.418909e-01 2.967465e-01 -3.932952e-01 8.702071e-01 9.103248e+01
3.020579e-01 -4.113444e-01 -8.599749e-01 -9.544286e+00 -4.482171e-01 7.348964e-01 -5.089486e-01 -7.858866e-01 8.413456e-01 5.391874e-01 3.760966e-02 9.198270e+01
8.764430e-01 -4.301424e-01 2.163914e-01 -9.782880e+00 1.186858e-01 6.285282e-01 7.686781e-01 -7.747302e-01 -4.666492e-01 -6.480199e-01 6.019209e-01 9.242270e+01
4.693092e-01 3.355702e-01 -8.167873e-01 -9.738089e+00 -7.516881e-01 6.372014e-01 -1.701157e-01 -7.903511e-01 4.633723e-01 6.938062e-01 5.512886e-01 9.313117e+01
6.871284e-01 -7.248204e-01 -4.989928e-02 -9.570459e+00 6.324364e-01 5.629156e-01 5.321186e-01 -8.088310e-01 -3.576013e-01 -3.971919e-01 8.451981e-01 9.382754e+01
3.423294e-01 7.757632e-01 -5.300962e-01 -9.526695e+00 -8.520181e-01 4.941327e-01 1.729104e-01 -8.221410e-01 3.960754e-01 3.924593e-01 8.301205e-01 9.441532e+01
5.458655e-01 -8.364072e-01 -4.953651e-02 -9.488497e+00 8.376732e-01 5.434905e-01 5.405276e-02 -8.389202e-01 -1.828749e-02 -7.100094e-02 9.973086e-01 9.521557e+01
3.371902e-01 9.142326e-01 -2.246811e-01 -9.654774e+00 -6.961775e-01 4.027998e-01 5.942131e-01 -8.351729e-01 6.337505e-01 -4.394492e-02 7.722883e-01 9.563934e+01
6.859777e-01 -7.128742e-01 1.457568e-01 -9.630529e+00 6.923292e-01 5.778435e-01 -4.321772e-01 -8.530254e-01 2.238634e-01 3.973756e-01 8.899314e-01 9.659939e+01
6.448195e-01 7.643233e-01 -4.209018e-03 -9.437672e+00 -3.742159e-01 3.204984e-01 8.701973e-01 -8.772752e-01 6.664610e-01 -5.595450e-01 4.926855e-01 9.754093e+01
9.381565e-01 -3.439182e-01 3.978254e-02 -9.323626e+00 2.348577e-01 5.477710e-01 -8.029874e-01 -8.937864e-01 2.543703e-01 7.626711e-01 5.946667e-01 9.824295e+01
9.309703e-01 3.211219e-01 -1.737096e-01 -9.298659e+00 4.603420e-02 3.687494e-01 9.283883e-01 -9.068492e-01 3.621811e-01 -8.722985e-01 3.285121e-01 9.890429e+01
9.774320e-01 1.194366e-01 -1.742460e-01 -9.210939e+00 -2.109397e-01 5.070798e-01 -8.356880e-01 -9.155329e-01 -1.145510e-02 8.535836e-01 5.208299e-01 9.921432e+01
8.028219e-01 -1.112301e-01 -5.857516e-01 -8.996857e+00 5.597598e-01 4.788982e-01 6.762585e-01 -9.168473e-01 2.052951e-01 -8.707953e-01 4.467321e-01 9.889963e+01
7.016585e-01 6.420604e-01 -3.089236e-01 -8.877116e+00 -6.919789e-01 5.107172e-01 -5.102285e-01 -9.183820e-01 -1.698249e-01 5.717747e-01 8.026414e-01 9.880157e+01
4.227801e-01 -5.688379e-01 -7.054647e-01 -9.024615e+00 8.233842e-01 5.662877e-01 3.683320e-02 -9.118829e-01 3.785439e-01 -5.964408e-01 7.077873e-01 9.901714e+01
5.030115e-01 8.451914e-01 1.806404e-01 -9.060767e+00 -8.247109e-01 5.318983e-01 -1.921878e-01 -9.054967e-01 -2.585178e-01 -5.230343e-02 9.645895e-01 9.873896e+01
4.003035e-01 -8.021865e-01 -4.430057e-01 -9.085938e+00 7.371985e-01 5.690564e-01 -3.642983e-01 -8.935635e-01 5.443304e-01 -1.807532e-01 8.191658e-01 9.805416e+01
5.444247e-01 7.561517e-01 3.630928e-01 -9.102434e+00 -8.307770e-01 5.458382e-01 1.089504e-01 -8.801982e-01 -1.158069e-01 -3.609645e-01 9.253612e-01 9.730838e+01
4.793059e-01 -8.119644e-01 -3.331361e-01 -8.974392e+00 5.359461e-01 5.713734e-01 -6.215257e-01 -8.727615e-01 6.950019e-01 1.193580e-01 7.090318e-01 9.660687e+01
6.852992e-01 5.655009e-01 4.588831e-01 -8.856267e+00 -7.276593e-01 5.573218e-01 3.998804e-01 -8.588272e-01 -2.961290e-02 -6.079483e-01 7.934242e-01 9.555399e+01
6.339750e-01 -7.203642e-01 -2.813382e-01 -8.810268e+00 2.751912e-01 5.501156e-01 -7.884432e-01 -8.407173e-01 7.227348e-01 4.224315e-01 5.469974e-01 9.440587e+01
8.239770e-01 3.055452e-01 4.771834e-01 -8.828309e+00 -5.599523e-01 5.679345e-01 6.032444e-01 -8.202391e-01 -8.669051e-02 -7.642595e-01 6.390557e-01 9.320481e+01
7.829703e-01 -6.018222e-01 -1.573772e-01 -8.714353e+00 2.121849e-01 4.962046e-01 -8.418780e-01 -8.023398e-01 5.847521e-01 6.257724e-01 5.162110e-01 9.179939e+01
8.655755e-01 2.165175e-01 4.515521e-01 -8.623196e+00 -4.873570e-01 5.715714e-01 6.601433e-01 -7.823432e-01 -1.151617e-01 -7.914710e-01 6.002595e-01 9.036531e+01
8.117400e-01 -5.348276e-01 -2.346008e-01 -8.552684e+00 7.673433e-02 4.958894e-01 -8.649887e-01 -7.590570e-01 5.789559e-01 6.841441e-01 4.435730e-01 8.877665e+01
9.027823e-01 7.754402e-02 4.230497e-01 -8.495149e+00 -3.884360e-01 5.693223e-01 7.245617e-01 -7.363881e-01 -1.846662e-01 -8.184492e-01 5.440950e-01 8.728496e+01
8.632316e-01 -4.562100e-01 -2.161103e-01 -8.403429e+00 4.733204e-02 4.993646e-01 -8.650981e-01 -7.182235e-01 5.025842e-01 7.365510e-01 4.526607e-01 8.591473e+01
8.696240e-01 3.499299e-02 4.924730e-01 -8.279226e+00 -4.144180e-01 5.939030e-01 6.895919e-01 -7.010422e-01 -2.683503e-01 -8.037753e-01 5.309740e-01 8.452108e+01
8.577391e-01 -4.986783e-01 -1.249143e-01 -8.056255e+00 1.658648e-01 4.984368e-01 -8.509111e-01 -6.868415e-01 4.865928e-01 7.091408e-01 5.102419e-01 8.305157e+01
8.790794e-01 1.615580e-01 4.484622e-01 -7.904013e+00 -4.467257e-01 6.074483e-01 6.568430e-01 -6.665555e-01 -1.662993e-01 -7.777567e-01 6.061675e-01 8.141681e+01
8.350524e-01 -5.035494e-01 -2.216428e-01 -7.811511e+00 9.482537e-02 5.285634e-01 -8.435810e-01 -6.475327e-01 5.419370e-01 6.834169e-01 4.891274e-01 7.994573e+01
9.404746e-01 1.115671e-01 3.210302e-01 -7.734808e+00 -3.236959e-01 5.819188e-01 7.460506e-01 -6.269013e-01 -1.035788e-01 -8.055577e-01 5.833937e-01 7.842300e+01
9.137831e-01 -3.910401e-01 -1.099456e-01 -7.626933e+00 1.076082e-01 4.940337e-01 -8.627579e-01 -6.070280e-01 3.916897e-01 7.765426e-01 4.935188e-01 7.689137e+01
8.624432e-01 8.428205e-02 4.990875e-01 -7.473231e+00 -4.406438e-01 6.101927e-01 6.584056e-01 -5.906529e-01 -2.490478e-01 -7.877572e-01 5.633949e-01 7.540710e+01
8.292669e-01 -5.258464e-01 -1.892138e-01 -7.399418e+00 1.354475e-01 5.175973e-01 -8.448355e-01 -5.701741e-01 5.421903e-01 6.749656e-01 5.004509e-01 7.389269e+01
8.869481e-01 1.364770e-01 4.412450e-01 -7.338166e+00 -4.259653e-01 6.110090e-01 6.672493e-01 -5.456285e-01 -1.785405e-01 -7.797705e-01 6.000677e-01 7.224348e+01
8.260654e-01 -4.794450e-01 -2.962237e-01 -7.329482e+00 1.188226e-02 5.403159e-01 -8.413784e-01 -5.193154e-01 5.634490e-01 6.915137e-01 4.520331e-01 7.064910e+01
9.028472e-01 1.848345e-02 4.295640e-01 -7.291352e+00 -3.472158e-01 6.205954e-01 7.030665e-01 -4.957021e-01 -2.535904e-01 -7.839130e-01 5.667206e-01 6.907837e+01
8.679994e-01 -4.413562e-01 -2.275560e-01 -7.209416e+00 4.271164e-02 5.229211e-01 -8.513103e-01 -4.713142e-01 4.947250e-01 7.292175e-01 4.727462e-01 6.735464e+01
8.751381e-01 2.984508e-02 4.829520e-01 -7.131766e+00 -3.897850e-01 6.348793e-01 6.670802e-01 -4.478635e-01 -2.867072e-01 -7.720347e-01 5.672402e-01 6.566138e+01
8.581218e-01 -4.950902e-01 -1.360615e-01 -7.021988e+00 1.743274e-01 5.301920e-01 -8.297629e-01 -4.284912e-01 4.829462e-01 6.883183e-01 5.412770e-01 6.408782e+01
7.542366e-01 1.608305e-01 6.366009e-01 -6.870956e+00 -5.585368e-01 6.668757e-01 4.932682e-01 -4.102151e-01 -3.452011e-01 -7.276059e-01 5.928118e-01 6.246971e+01
7.395905e-01 -6.676056e-01 -8.549037e-02 -6.719144e+00 4.103309e-01 5.479243e-01 -7.289770e-01 -3.947184e-01 5.335114e-01 5.040651e-01 6.791789e-01 6.097625e+01
7.400878e-01 4.100106e-01 5.330680e-01 -6.618520e+00 -6.452618e-01 6.562736e-01 3.910782e-01 -3.748714e-01 -1.894922e-01 -6.334006e-01 7.502642e-01 5.937699e+01
6.865660e-01 -7.112300e-01 -1.509271e-01 -6.593718e+00 4.223062e-01 5.590722e-01 -7.135094e-01 -3.503382e-01 5.918485e-01 4.261339e-01 6.841969e-01 5.775677e+01
7.186094e-01 4.314288e-01 5.454078e-01 -6.526820e+00 -6.611947e-01 6.668765e-01 3.436529e-01 -3.256961e-01 -2.154579e-01 -6.075729e-01 7.644822e-01 5.599949e+01
6.510299e-01 -7.581253e-01 -3.749842e-02 -6.462863e+00 5.650895e-01 5.170622e-01 -6.429001e-01 -2.971843e-01 5.067878e-01 3.973572e-01 7.650316e-01 5.405150e+01
7.097013e-01 5.573313e-01 4.309361e-01 -6.446834e+00 -7.026543e-01 6.042523e-01 3.757075e-01 -2.765336e-01 -5.100058e-02 -5.694392e-01 8.204498e-01 5.267225e+01
6.293772e-01 -7.155446e-01 -3.031176e-01 -6.636875e+00 2.701340e-01 5.671896e-01 -7.780255e-01 -2.448361e-01 7.286370e-01 4.077891e-01 5.502691e-01 5.143483e+01
8.412687e-01 3.024240e-01 4.481147e-01 -6.688850e+00 -5.304932e-01 6.214600e-01 5.765106e-01 -2.120071e-01 -1.041348e-01 -7.227220e-01 6.832487e-01 4.969489e+01
7.859497e-01 -5.663676e-01 -2.480136e-01 -6.527043e+00 1.542630e-01 5.680686e-01 -8.083941e-01 -2.001004e-01 5.987370e-01 5.970978e-01 5.338429e-01 4.857018e+01
9.146366e-01 9.286223e-02 3.934673e-01 -6.283513e+00 -3.964253e-01 3.968950e-01 8.278414e-01 -2.238014e-01 -7.929002e-02 -9.131544e-01 3.998277e-01 4.932699e+01
8.720043e-01 -3.956379e-01 -2.882344e-01 -5.957450e+00 -1.279949e-01 3.840577e-01 -9.143943e-01 -2.231029e-01 4.724677e-01 8.342484e-01 2.842603e-01 4.850379e+01
9.519654e-01 -1.101630e-01 2.857028e-01 -5.770974e+00 -2.111366e-01 4.396131e-01 8.730187e-01 -2.097747e-01 -2.217731e-01 -8.914059e-01 3.952370e-01 4.722100e+01
8.804863e-01 -2.061071e-01 -4.269236e-01 -5.673243e+00 -3.043353e-01 4.447405e-01 -8.423692e-01 -2.061953e-01 3.634885e-01 8.716225e-01 3.288622e-01 4.661636e+01
9.229094e-01 -3.047925e-01 2.352442e-01 -5.562512e+00 -6.403229e-02 4.809802e-01 8.743900e-01 -1.969833e-01 -3.796553e-01 -8.220460e-01 4.243846e-01 4.560223e+01
8.282140e-01 1.038846e-02 -5.603157e-01 -5.439621e+00 -4.755077e-01 5.421366e-01 -6.928061e-01 -2.089467e-01 2.965705e-01 8.402261e-01 4.539449e-01 4.576482e+01
8.927637e-01 -4.491781e-01 -3.481339e-02 -4.851417e+00 2.959261e-01 5.263901e-01 7.970829e-01 -2.178957e-01 -3.397068e-01 -7.219089e-01 6.028655e-01 4.508721e+01
8.497181e-01 2.707083e-01 -4.524336e-01 -4.460823e+00 -5.255580e-01 5.033296e-01 -6.858922e-01 -2.178424e-01 4.204656e-02 8.205951e-01 5.699612e-01 4.416472e+01
8.264744e-01 -5.579847e-01 7.478714e-02 -4.225803e+00 2.939120e-01 5.409555e-01 7.880247e-01 -2.104022e-01 -4.801622e-01 -6.293014e-01 6.110843e-01 4.310712e+01
7.791765e-01 2.488881e-01 -5.752727e-01 -4.149976e+00 -6.030274e-01 5.480423e-01 -5.796617e-01 -2.015167e-01 1.710028e-01 7.985639e-01 5.771080e-01 4.246316e+01
7.979565e-01 -6.015402e-01 3.761415e-02 -4.015441e+00 3.937889e-01 5.675810e-01 7.230367e-01 -1.957639e-01 -4.562847e-01 -5.621398e-01 6.897848e-01 4.161054e+01
5.989665e-01 3.945313e-01 -6.968388e-01 -3.853516e+00 -7.632104e-01 5.446583e-01 -3.476453e-01 -1.889565e-01 2.423820e-01 7.400625e-01 6.273424e-01 4.071000e+01
6.785067e-01 -7.172499e-01 -1.586856e-01 -3.499963e+00 7.001699e-01 5.660887e-01 4.350927e-01 -1.891980e-01 -2.222401e-01 -4.063202e-01 8.862919e-01 4.003859e+01
4.300025e-01 7.333457e-01 -5.265947e-01 -3.388231e+00 -8.586784e-01 5.123658e-01 1.235742e-02 -1.797767e-01 2.788714e-01 4.468618e-01 8.500266e-01 3.916041e+01
5.195511e-01 -8.429902e-01 1.394065e-01 -3.300021e+00 8.248573e-01 5.374023e-01 1.755254e-01 -1.694980e-01 -2.228836e-01 2.379607e-02 9.745546e-01 3.821187e+01
3.876583e-01 8.299863e-01 -4.010533e-01 -3.187996e+00 -8.014035e-01 5.184398e-01 2.982828e-01 -1.582840e-01 4.554926e-01 2.057737e-01 8.661314e-01 3.719780e+01
4.705814e-01 -7.803207e-01 4.118892e-01 -3.112539e+00 8.641014e-01 5.020168e-01 -3.616483e-02 -1.362440e-01 -1.785551e-01 3.729325e-01 9.105160e-01 3.568173e+01
4.030837e-01 8.280594e-01 -3.896680e-01 -3.076629e+00 -6.202458e-01 5.602691e-01 5.489933e-01 -1.079373e-01 6.729180e-01 2.039968e-02 7.394357e-01 3.394835e+01
5.786366e-01 -5.924319e-01 5.605391e-01 -3.100669e+00 8.048847e-01 5.257677e-01 -2.751890e-01 -8.014790e-02 -1.316826e-01 6.104038e-01 7.810678e-01 3.238224e+01
4.530339e-01 7.906506e-01 -4.118640e-01 -3.113908e+00 -3.031235e-01 5.710825e-01 7.628768e-01 -5.307606e-02 8.383773e-01 -2.207634e-01 4.983845e-01 3.075387e+01
8.019847e-01 -2.405713e-01 5.467595e-01 -3.086704e+00 5.740385e-01 5.635656e-01 -5.940316e-01 -2.497514e-02 -1.652279e-01 7.902653e-01 5.900682e-01 2.904687e+01
6.138734e-01 5.744424e-01 -5.414566e-01 -3.089096e+00 1.160312e-01 6.127953e-01 7.816768e-01 1.063207e-04 7.808304e-01 -5.426765e-01 3.095255e-01 2.750765e+01
8.922128e-01 1.731484e-01 4.171043e-01 -3.053583e+00 2.509467e-01 5.777954e-01 -7.766455e-01 2.531170e-02 -3.754759e-01 7.976040e-01 4.720654e-01 2.590500e+01
8.236599e-01 1.749223e-01 -5.394316e-01 -3.049826e+00 3.294946e-01 6.265727e-01 7.062861e-01 4.972790e-02 4.615383e-01 -7.594793e-01 4.584468e-01 2.434333e+01
8.264269e-01 3.352811e-01 4.523331e-01 -2.911220e+00 2.350736e-01 5.245401e-01 -8.182897e-01 6.715726e-02 -5.116239e-01 7.825882e-01 3.546783e-01 2.280689e+01
9.462107e-01 1.217926e-01 -2.997529e-01 -2.356501e+00 1.590400e-01 6.317213e-01 7.587058e-01 7.347361e-02 2.817650e-01 -7.655683e-01 5.783716e-01 2.121351e+01
9.665409e-01 1.471561e-01 2.101042e-01 -2.057085e+00 1.072327e-01 5.122777e-01 -8.520990e-01 9.036922e-02 -2.330233e-01 8.461186e-01 4.793574e-01 1.944559e+01
9.525270e-01 1.643423e-02 -3.040104e-01 -1.982435e+00 2.375654e-01 5.843744e-01 7.759312e-01 1.131250e-01 1.904077e-01 -8.113178e-01 5.527281e-01 1.777912e+01
9.104439e-01 1.778414e-01 3.734494e-01 -1.787388e+00 2.440871e-01 4.979019e-01 -8.321749e-01 1.208267e-01 -3.339363e-01 8.488028e-01 4.099030e-01 1.668233e+01
9.742439e-01 2.065555e-01 -9.046388e-02 -1.507923e+00 -1.836032e-02 4.725048e-01 8.811368e-01 1.058808e-01 2.247483e-01 -8.567812e-01 4.641274e-01 1.658585e+01
8.655236e-01 -7.654087e-02 4.949852e-01 -1.443178e+00 4.750783e-01 4.384830e-01 -7.629111e-01 1.029915e-01 -1.586487e-01 8.954743e-01 4.158803e-01 1.615803e+01
9.147053e-01 3.878153e-01 -1.136371e-01 -1.408883e+00 -1.201498e-01 5.294590e-01 8.397840e-01 1.205216e-01 3.858473e-01 -7.545015e-01 5.308949e-01 1.482127e+01
8.177025e-01 -1.556060e-01 5.542105e-01 -1.325937e+00 5.628993e-01 4.175928e-01 -7.132746e-01 1.336215e-01 -1.204445e-01 8.952112e-01 4.290572e-01 1.356991e+01
8.799643e-01 4.739362e-01 -3.236262e-02 -1.195884e+00 -2.512119e-01 5.220849e-01 8.150582e-01 1.453686e-01 4.031816e-01 -7.090923e-01 5.784745e-01 1.227632e+01
9.045697e-01 -2.817664e-01 3.199396e-01 -1.023563e+00 4.262626e-01 6.106736e-01 -6.673664e-01 1.263024e-01 -7.337218e-03 7.400577e-01 6.725034e-01 1.256360e+01
8.901553e-01 4.556549e-01 1.454056e-03 -8.532553e-01 -2.497782e-01 4.852862e-01 8.379189e-01 1.066142e-01 3.810963e-01 -7.462412e-01 5.457928e-01 1.309359e+01
8.900420e-01 -2.682261e-01 3.686189e-01 -7.820542e-01 4.506547e-01 3.956186e-01 -8.002476e-01 1.221717e-01 6.881485e-02 8.783739e-01 4.729946e-01 1.175625e+01
9.227077e-01 3.834947e-01 -3.927189e-02 -7.268475e-01 -1.795606e-01 5.176951e-01 8.365104e-01 1.501132e-01 3.411282e-01 -7.648030e-01 5.465419e-01 9.928953e+00
9.039257e-01 -2.121066e-01 3.713880e-01 -6.604188e-01 4.264032e-01 3.796445e-01 -8.210058e-01 1.774711e-01 3.314538e-02 9.004892e-01 4.336133e-01 8.090246e+00
9.242787e-01 3.573695e-01 -1.341490e-01 -5.746613e-01 -7.037376e-02 5.049415e-01 8.602800e-01 2.066285e-01 3.751752e-01 -7.856979e-01 4.918561e-01 6.142115e+00
7.560030e-01 -1.479274e-01 6.376338e-01 -2.350836e-01 5.882384e-01 5.808228e-01 -5.626904e-01 1.739228e-01 -2.871149e-01 8.004763e-01 5.261204e-01 6.593982e+00
7.932460e-01 5.395101e-01 2.822937e-01 1.106673e-01 -5.726616e-01 5.034620e-01 6.469812e-01 1.399855e-01 2.069287e-01 -6.748740e-01 7.083259e-01 7.396659e+00
6.592017e-01 -6.173971e-01 4.292713e-01 1.967079e-01 7.146627e-01 3.368139e-01 -6.130364e-01 1.591758e-01 2.339024e-01 7.108988e-01 6.632590e-01 5.850054e+00
7.006758e-01 6.693006e-01 2.471642e-01 3.143827e-01 -6.742313e-01 5.078179e-01 5.362212e-01 1.813239e-01 2.333788e-01 -5.423630e-01 8.070791e-01 4.145091e+00
5.630170e-01 -6.988877e-01 4.410984e-01 4.418789e-01 8.048120e-01 3.423360e-01 -4.848543e-01 2.038346e-01 1.878549e-01 6.279825e-01 7.552142e-01 2.422381e+00
6.067387e-01 7.742861e-01 1.798587e-01 6.325197e-01 -7.338843e-01 4.587008e-01 5.010064e-01 2.155678e-01 3.054210e-01 -4.359755e-01 8.465479e-01 1.177610e+00
5.696470e-01 -7.449287e-01 3.472513e-01 8.505901e-01 7.879524e-01 3.748309e-01 -4.885005e-01 2.207205e-01 2.337375e-01 5.518904e-01 8.004897e-01 8.494069e-02
6.382163e-01 7.694941e-01 2.364077e-02 9.621279e-01 -6.028396e-01 4.804231e-01 6.370072e-01 2.485602e-01 4.788156e-01 -4.207999e-01 7.704953e-01 -1.739332e+00
6.498641e-01 -5.997835e-01 4.668367e-01 1.014386e+00 7.474518e-01 3.929600e-01 -5.356288e-01 2.711559e-01 1.378132e-01 6.970239e-01 7.036798e-01 -3.256106e+00
6.727863e-01 7.341623e-01 -9.145693e-02 1.114009e+00 -4.019035e-01 4.664634e-01 7.879629e-01 2.927743e-01 6.211540e-01 -4.933738e-01 6.088925e-01 -4.824218e+00
6.605174e-01 -3.895507e-01 6.418465e-01 1.217645e+00 7.498304e-01 3.859273e-01 -5.374147e-01 3.080207e-01 -3.835581e-02 8.362478e-01 5.470086e-01 -6.169883e+00
7.201777e-01 6.915382e-01 -5.584713e-02 1.297477e+00 -4.208461e-01 4.994306e-01 7.572698e-01 3.250399e-01 5.515728e-01 -5.218658e-01 6.507100e-01 -7.557082e+00
5.989810e-01 -4.150817e-01 6.847839e-01 1.372130e+00 7.977466e-01 3.834763e-01 -4.653454e-01 3.400652e-01 -6.944204e-02 8.250170e-01 5.608250e-01 -8.910780e+00
6.378913e-01 7.656731e-01 8.270019e-02 1.544162e+00 -5.961283e-01 4.229283e-01 6.824681e-01 3.281512e-01 4.875712e-01 -4.846404e-01 7.262217e-01 -9.222758e+00
5.713161e-01 -6.113523e-01 5.475823e-01 1.841257e+00 8.207278e-01 4.239868e-01 -3.829374e-01 3.130745e-01 1.942012e-03 6.681943e-01 7.439843e-01 -9.552585e+00
6.311787e-01 7.755152e-01 -1.377068e-02 1.959315e+00 -6.373267e-01 5.286648e-01 5.606499e-01 3.270465e-01 4.420726e-01 -3.450938e-01 8.279384e-01 -1.091319e+01
4.869679e-01 -6.305436e-01 6.043815e-01 2.061411e+00 8.690473e-01 4.189482e-01 -2.631335e-01 3.438895e-01 -8.728735e-02 6.533737e-01 7.519866e-01 -1.235896e+01
5.542143e-01 8.172173e-01 -1.581217e-01 2.189701e+00 -6.137003e-01 5.295115e-01 5.856530e-01 3.621028e-01 5.623330e-01 -2.275379e-01 7.949894e-01 -1.387304e+01
2.282057e-01 -5.699847e-01 7.893286e-01 2.468647e+00 9.082697e-01 4.166319e-01 3.826227e-02 3.708141e-01 -3.506684e-01 7.081916e-01 6.127776e-01 -1.526957e+01
4.186433e-01 8.196008e-01 -3.911423e-01 2.661715e+00 -6.725945e-01 5.692225e-01 4.728662e-01 3.882215e-01 6.102085e-01 6.511784e-02 7.895602e-01 -1.697723e+01
5.077992e-01 -6.174642e-01 6.007311e-01 2.851564e+00 8.289949e-01 5.399182e-01 -1.457937e-01 4.126123e-01 -2.343233e-01 5.720370e-01 7.860447e-01 -1.891347e+01
5.071217e-01 7.655216e-01 -3.959851e-01 3.182461e+00 -5.345145e-01 6.397634e-01 5.522653e-01 4.293766e-01 6.761078e-01 -6.840592e-02 7.336204e-01 -2.066030e+01
3.888464e-01 -4.907354e-01 7.797290e-01 3.297745e+00 8.264524e-01 5.598202e-01 -5.981490e-02 4.477422e-01 -4.071547e-01 6.676677e-01 6.232535e-01 -2.217825e+01
6.019712e-01 7.277486e-01 -3.286526e-01 3.521709e+00 -6.091869e-01 6.846351e-01 4.002076e-01 4.575153e-01 5.162577e-01 -4.070264e-02 8.554655e-01 -2.351114e+01
4.213284e-01 -5.842866e-01 6.936076e-01 3.712035e+00 7.832695e-01 6.199452e-01 4.644124e-02 4.703257e-01 -4.571337e-01 5.237147e-01 7.188544e-01 -2.492680e+01
5.022632e-01 7.040758e-01 -5.020049e-01 3.875335e+00 -5.661979e-01 7.065634e-01 4.244857e-01 4.851887e-01 6.535684e-01 7.103053e-02 7.535271e-01 -2.627586e+01
4.341666e-01 -5.357458e-01 7.242070e-01 4.155796e+00 7.451675e-01 6.653264e-01 4.545514e-02 4.944742e-01 -5.061865e-01 5.199204e-01 6.880828e-01 -2.744623e+01
6.341142e-01 6.324965e-01 -4.448003e-01 4.582490e+00 -5.697291e-01 7.711010e-01 2.842745e-01 5.016492e-01 5.227886e-01 7.315312e-02 8.493178e-01 -2.879464e+01
3.984154e-03 -5.085734e-01 8.610094e-01 4.503563e+00 6.680731e-01 6.420280e-01 3.761361e-01 5.320475e-01 -7.440850e-01 5.737187e-01 3.423222e-01 -3.055546e+01
7.722733e-01 3.194201e-01 -5.491491e-01 3.444698e+00 -4.127952e-01 9.093625e-01 -5.157434e-02 6.191209e-01 4.829017e-01 2.665156e-01 8.341315e-01 -3.260345e+01
4.159207e-01 -4.205273e-01 8.063292e-01 2.657516e+00 5.253274e-01 8.348610e-01 1.644332e-01 6.930521e-01 -7.423214e-01 3.551957e-01 5.681505e-01 -3.452188e+01
4.144331e-01 4.004579e-01 -8.172384e-01 2.688541e+00 -3.379354e-01 9.014974e-01 2.703741e-01 7.204470e-01 8.450118e-01 1.641218e-01 5.089393e-01 -3.630094e+01
4.540455e-01 -2.670500e-01 8.500159e-01 2.781846e+00 4.639737e-01 8.853304e-01 3.030802e-02 7.449395e-01 -7.606386e-01 3.806238e-01 5.258844e-01 -3.809368e+01
3.220917e-01 3.431548e-01 -8.823275e-01 2.902385e+00 -1.560167e-01 9.384920e-01 3.080448e-01 7.725594e-01 9.337643e-01 3.843916e-02 3.558183e-01 -4.000699e+01
4.689620e-01 -7.612178e-02 8.799319e-01 2.939532e+00 3.891379e-01 9.121756e-01 -1.284809e-01 8.028335e-01 -7.928722e-01 4.026675e-01 4.573976e-01 -4.188275e+01
4.736939e-01 2.591481e-01 -8.416985e-01 2.919971e+00 1.121069e-02 9.538749e-01 2.999950e-01 8.307644e-01 8.806182e-01 -1.515418e-01 4.489395e-01 -4.359223e+01
5.397663e-01 6.487636e-02 8.393113e-01 2.887710e+00 3.142830e-01 9.094053e-01 -2.724118e-01 8.602573e-01 -7.809472e-01 4.108199e-01 4.704768e-01 -4.532385e+01
3.616267e-01 1.921549e-01 -9.123062e-01 2.870206e+00 1.882681e-01 9.433209e-01 2.733145e-01 8.949771e-01 9.131163e-01 -2.705959e-01 3.049534e-01 -4.737172e+01
6.618521e-01 2.556073e-01 7.047104e-01 2.881410e+00 8.580825e-02 9.080606e-01 -4.099547e-01 9.310962e-01 -7.447072e-01 3.317993e-01 5.790686e-01 -4.944269e+01
4.556562e-01 -2.433489e-02 -8.898231e-01 2.879601e+00 3.602433e-01 9.191503e-01 1.593347e-01 9.623838e-01 8.140038e-01 -3.931547e-01 4.275830e-01 -5.122174e+01
6.310099e-01 4.055970e-01 6.612999e-01 2.890480e+00 -7.246439e-02 8.795276e-01 -4.702980e-01 9.904388e-01 -7.723829e-01 2.488420e-01 5.843819e-01 -5.293955e+01
4.406849e-01 -1.737037e-01 -8.806951e-01 2.916835e+00 4.762249e-01 8.768925e-01 6.534116e-02 1.020143e+00 7.609249e-01 -4.482038e-01 4.691553e-01 -5.474558e+01
5.455263e-01 5.203854e-01 6.569628e-01 2.960004e+00 -1.716873e-01 8.366429e-01 -5.201462e-01 1.044856e+00 -8.203198e-01 1.709612e-01 5.457542e-01 -5.637735e+01
5.174406e-01 -2.963633e-01 -8.027603e-01 3.005969e+00 5.841463e-01 8.078647e-01 7.827933e-02 1.067731e+00 6.253226e-01 -5.094344e-01 5.911415e-01 -5.792378e+01
4.576927e-01 6.030242e-01 6.533600e-01 3.018907e+00 -1.042148e-01 7.661667e-01 -6.341355e-01 1.086822e+00 -8.829817e-01 2.221494e-01 4.135130e-01 -5.929775e+01
6.208756e-01 -2.496441e-01 -7.430957e-01 3.111899e+00 6.237526e-01 7.314907e-01 2.754161e-01 1.102149e+00 4.748116e-01 -6.345070e-01 6.098809e-01 -6.063859e+01
5.395182e-01 6.123192e-01 5.779145e-01 3.210113e+00 1.889853e-02 6.774009e-01 -7.353712e-01 1.111335e+00 -8.417618e-01 4.076679e-01 3.538982e-01 -6.169601e+01
7.679408e-01 -1.204970e-01 -6.290846e-01 3.659750e+00 5.218327e-01 6.872263e-01 5.053817e-01 1.112931e+00 3.714265e-01 -7.163801e-01 5.906283e-01 -6.299592e+01
6.966705e-01 5.792231e-01 4.232621e-01 4.625436e+00 5.075544e-02 5.487269e-01 -8.344595e-01 1.111712e+00 -7.155935e-01 6.028262e-01 3.528831e-01 -6.473596e+01
9.797868e-01 -9.874803e-02 -1.739730e-01 5.628574e+00 1.954333e-01 6.581541e-01 7.270757e-01 1.102790e+00 4.270375e-02 -7.463793e-01 6.641493e-01 -6.631758e+01
4.344060e-01 2.137474e-01 8.749877e-01 6.961933e+00 7.489923e-01 4.538587e-01 -4.827244e-01 1.082685e+00 -5.003019e-01 8.650574e-01 3.706385e-02 -6.796831e+01
7.764281e-01 6.009865e-01 -1.896698e-01 8.377847e+00 -3.152240e-01 6.309667e-01 7.088828e-01 1.070129e+00 5.457043e-01 -4.906081e-01 6.793457e-01 -6.990025e+01
5.486990e-01 -1.851512e-01 8.152598e-01 1.039464e+01 7.557264e-01 5.268519e-01 -3.889791e-01 1.057084e+00 -3.575012e-01 8.295457e-01 4.290068e-01 -7.239126e+01
6.360385e-01 6.597677e-01 -4.002021e-01 1.171488e+01 -2.903346e-01 6.851262e-01 6.680628e-01 1.047011e+00 7.149552e-01 -3.087211e-01 6.273200e-01 -7.419306e+01
6.182529e-01 -2.665320e-01 7.394079e-01 1.202184e+01 6.963949e-01 6.219298e-01 -3.581026e-01 1.058300e+00 -3.644140e-01 7.363179e-01 5.701214e-01 -7.565470e+01
6.497485e-01 5.808542e-01 -4.903420e-01 1.257626e+01 -2.033318e-01 7.543614e-01 6.241755e-01 1.071690e+00 7.324500e-01 -3.058550e-01 6.082513e-01 -7.755346e+01
6.673073e-01 -1.286883e-01 7.335804e-01 1.297196e+01 6.029177e-01 6.715987e-01 -4.306338e-01 1.084481e+00 -4.372541e-01 7.296537e-01 5.257512e-01 -7.918972e+01
6.097789e-01 5.230781e-01 -5.954485e-01 1.318598e+01 1.065449e-02 7.458089e-01 6.660747e-01 1.102234e+00 7.925000e-01 -4.125025e-01 4.492054e-01 -8.078472e+01
6.423116e-01 6.523911e-02 7.636620e-01 1.333592e+01 5.539360e-01 6.491023e-01 -5.213646e-01 1.124445e+00 -5.297081e-01 7.578984e-01 3.807876e-01 -8.250537e+01
6.906161e-01 4.333322e-01 -5.790272e-01 1.341047e+01 1.079657e-01 7.298774e-01 6.749981e-01 1.148691e+00 7.151173e-01 -5.286797e-01 4.572801e-01 -8.420524e+01
7.227088e-01 1.377576e-01 6.772850e-01 1.344827e+01 4.642927e-01 6.291344e-01 -6.233956e-01 1.176199e+00 -5.119808e-01 7.649920e-01 3.907211e-01 -8.599155e+01
7.373457e-01 3.463374e-01 -5.799756e-01 1.349235e+01 2.077391e-01 7.007039e-01 6.825382e-01 1.202962e+00 6.427797e-01 -6.237503e-01 4.447132e-01 -8.776236e+01
7.684101e-01 2.261850e-01 5.986537e-01 1.353195e+01 3.833899e-01 5.863041e-01 -7.136244e-01 1.231825e+00 -5.124042e-01 7.778740e-01 3.638050e-01 -8.962710e+01
8.011911e-01 2.416733e-01 -5.474366e-01 1.363187e+01 2.741183e-01 6.649746e-01 6.947431e-01 1.258670e+00 5.319323e-01 -7.066844e-01 4.665246e-01 -9.152104e+01
