1.000000e+00 1.197625e-11 1.704638e-10 5.551115e-17 1.197625e-11 1.000000e+00 3.562503e-10 0.000000e+00 1.704638e-10 3.562503e-10 1.000000e+00 2.220446e-16 0.000000e+00 0.000000e+00 0.000000e+00 1.000000e+00
9.170575e-01 9.096079e-02 -3.882417e-01 1.277817e-01 -4.049309e-02 9.898449e-01 1.362620e-01 -1.231079e-02 3.966935e-01 -1.092390e-01 9.114280e-01 1.926007e-01
9.631099e-01 -4.722728e-02 2.649318e-01 1.681344e-01 5.205315e-02 9.985813e-01 -1.122038e-02 -2.484038e-02 -2.640260e-01 2.459699e-02 9.642019e-01 5.158375e-01
9.409295e-01 9.992108e-02 -3.235234e-01 1.950878e-01 -5.485665e-02 9.878290e-01 1.455496e-01 -3.929235e-02 3.341293e-01 -1.192045e-01 9.349588e-01 9.896942e-01
9.412874e-01 -9.507421e-02 3.239429e-01 2.523195e-01 9.558912e-02 9.953173e-01 1.436110e-02 -5.681905e-02 -3.237913e-01 1.744749e-02 9.459676e-01 1.588141e+00
9.959677e-01 6.465075e-02 6.219758e-02 6.980393e-01 -6.841456e-02 9.958259e-01 6.041725e-02 -8.167047e-02 -5.803194e-02 -6.442885e-02 9.962335e-01 1.836604e+00
9.922771e-01 -3.510053e-02 1.189710e-01 1.422919e+00 1.499141e-02 9.860324e-01 1.658777e-01 -1.243738e-01 -1.231316e-01 -1.628131e-01 9.789436e-01 2.465047e+00
9.965587e-01 5.695237e-02 -6.022618e-02 1.677599e+00 -5.118553e-02 9.943208e-01 9.330720e-02 -1.592393e-01 6.519820e-02 -8.990340e-02 9.938142e-01 3.620179e+00
9.441988e-01 1.314216e-01 -3.020214e-01 1.789108e+00 -2.809180e-02 9.457402e-01 3.237071e-01 -2.012014e-01 3.281759e-01 -2.971595e-01 8.966587e-01 5.659372e+00
9.355724e-01 1.440305e-01 -3.224275e-01 1.815511e+00 -1.060744e-01 9.854991e-01 1.324378e-01 -2.419348e-01 3.368270e-01 -8.970390e-02 9.372837e-01 8.064380e+00
9.961213e-01 -8.537237e-02 2.130507e-02 1.842991e+00 7.962293e-02 9.776256e-01 1.947008e-01 -2.738777e-01 -3.745045e-02 -1.922493e-01 9.806313e-01 9.750003e+00
9.764970e-01 1.710772e-01 -1.310960e-01 1.899375e+00 -1.527873e-01 9.784632e-01 1.388017e-01 -3.104186e-01 1.520184e-01 -1.155096e-01 9.816048e-01 1.148200e+01
8.970996e-01 -2.477453e-01 3.658341e-01 2.027986e+00 1.898894e-01 9.638211e-01 1.870588e-01 -3.466624e-01 -3.989416e-01 -9.834235e-02 9.116877e-01 1.289701e+01
9.744331e-01 1.110125e-01 1.953363e-01 2.082416e+00 -1.088572e-01 9.938190e-01 -2.176907e-02 -3.775549e-01 -1.965455e-01 -5.125797e-05 9.804947e-01 1.414031e+01
9.258208e-01 -2.133560e-01 3.119858e-01 2.098816e+00 1.586337e-01 9.685645e-01 1.916199e-01 -4.012739e-01 -3.430616e-01 -1.279142e-01 9.305626e-01 1.506853e+01
9.874944e-01 1.260470e-01 9.469417e-02 2.257397e+00 -1.208464e-01 9.909280e-01 -5.880383e-02 -4.293970e-01 -1.012471e-01 4.662501e-02 9.937681e-01 1.586533e+01
9.482038e-01 -1.729497e-01 2.664543e-01 2.511527e+00 1.050003e-01 9.622892e-01 2.509471e-01 -4.605592e-01 -2.998073e-01 -2.099712e-01 9.306061e-01 1.663308e+01
9.944166e-01 9.129377e-02 5.292529e-02 2.685769e+00 -8.738213e-02 9.935673e-01 -7.203094e-02 -4.921954e-01 -5.916082e-02 6.700403e-02 9.959972e-01 1.753487e+01
9.211811e-01 -1.780767e-01 3.459971e-01 2.811213e+00 8.876007e-02 9.618620e-01 2.587337e-01 -5.208486e-01 -3.788759e-01 -2.076299e-01 9.018552e-01 1.841037e+01
9.912685e-01 4.026164e-02 1.255621e-01 2.970745e+00 -2.607898e-02 9.932961e-01 -1.126173e-01 -5.523154e-01 -1.292545e-01 1.083595e-01 9.856731e-01 1.925308e+01
6.146506e-01 -2.024922e-01 7.623658e-01 3.156486e+00 5.157692e-02 9.747375e-01 2.173168e-01 -5.821609e-01 -7.871115e-01 -9.425344e-02 6.095669e-01 2.008297e+01
9.697096e-01 6.043017e-02 -2.366675e-01 3.401205e+00 -8.179872e-02 9.933086e-01 -8.152873e-02 -6.141421e-01 2.301570e-01 9.841828e-02 9.681640e-01 2.089694e+01
8.182076e-01 -1.716468e-01 5.487019e-01 3.604957e+00 1.729064e-02 9.613070e-01 2.749360e-01 -6.449053e-01 -5.746629e-01 -2.154673e-01 7.895166e-01 2.178785e+01
9.447408e-01 7.481734e-02 -3.191664e-01 3.787172e+00 -1.121377e-01 9.886298e-01 -1.001809e-01 -6.724716e-01 3.080422e-01 1.304356e-01 9.423888e-01 2.258453e+01
8.047570e-01 -1.704785e-01 5.685976e-01 4.175799e+00 -1.687453e-02 9.509158e-01 3.089894e-01 -7.079559e-01 -5.933645e-01 -2.582562e-01 7.623794e-01 2.334309e+01
9.430696e-01 1.197107e-01 -3.103048e-01 4.675106e+00 -1.613570e-01 9.805056e-01 -1.121278e-01 -7.490588e-01 2.908327e-01 1.558142e-01 9.440012e-01 2.409018e+01
7.297703e-01 -2.199498e-01 6.473464e-01 5.247716e+00 -1.863059e-02 9.400895e-01 3.404183e-01 -7.895809e-01 -6.834385e-01 -2.604876e-01 6.819516e-01 2.470543e+01
7.757344e-01 1.547875e-01 -6.117818e-01 5.905883e+00 -2.858913e-01 9.504602e-01 -1.220309e-01 -8.245551e-01 5.625854e-01 2.695666e-01 7.815571e-01 2.503924e+01
6.275502e-01 -3.409516e-01 6.999519e-01 6.637058e+00 1.055902e-02 9.026598e-01 4.302252e-01 -8.631611e-01 -7.785045e-01 -2.625971e-01 5.700645e-01 2.527670e+01
6.224623e-01 1.762222e-01 -7.625526e-01 6.936924e+00 -3.968965e-01 9.108193e-01 -1.134959e-01 -8.903921e-01 6.745471e-01 3.733014e-01 6.368926e-01 2.579025e+01
9.210303e-01 -3.782687e-01 9.282276e-02 6.896364e+00 3.014818e-01 8.432614e-01 4.449932e-01 -9.032494e-01 -2.466009e-01 -3.818678e-01 8.907104e-01 2.668654e+01
6.668539e-01 4.796061e-01 -5.703366e-01 6.905137e+00 -5.736008e-01 8.189375e-01 1.798848e-02 -9.188873e-01 4.756974e-01 3.151498e-01 8.212141e-01 2.751687e+01
7.846369e-01 -5.811346e-01 2.159338e-01 7.142731e+00 4.825589e-01 7.911643e-01 3.757605e-01 -9.444941e-01 -3.892066e-01 -1.906348e-01 9.012084e-01 2.818525e+01
5.806379e-01 6.292253e-01 -5.166576e-01 7.291121e+00 -6.550099e-01 7.379233e-01 1.625766e-01 -9.643358e-01 4.835510e-01 2.440177e-01 8.406151e-01 2.877431e+01
7.541443e-01 -6.488602e-01 1.012268e-01 7.345097e+00 6.336077e-01 7.594438e-01 1.476023e-01 -9.815777e-01 -1.726493e-01 -4.717536e-02 9.838530e-01 2.946459e+01
5.912195e-01 7.384261e-01 -3.243246e-01 7.370727e+00 -6.573280e-01 6.741870e-01 3.367371e-01 -9.963311e-01 4.673108e-01 1.410209e-02 8.839806e-01 3.006960e+01
7.773974e-01 -6.272184e-01 4.743865e-02 7.394192e+00 6.227983e-01 7.569558e-01 -1.978390e-01 -1.007415e+00 8.817928e-02 1.833442e-01 9.790860e-01 3.050043e+01
6.683283e-01 7.210359e-01 -1.828786e-01 7.478690e+00 -5.029041e-01 6.191186e-01 6.031415e-01 -1.021386e+00 5.481102e-01 -3.111261e-01 7.763864e-01 3.096939e+01
8.668389e-01 -4.866016e-01 1.086703e-01 7.496461e+00 4.762304e-01 7.435260e-01 -4.694397e-01 -1.034525e+00 1.476310e-01 4.586807e-01 8.762517e-01 3.154099e+01
8.436543e-01 5.314160e-01 -7.644949e-02 7.580543e+00 -3.420353e-01 6.417493e-01 6.864179e-01 -1.048774e+00 4.138349e-01 -5.529510e-01 7.231776e-01 3.190244e+01
9.247962e-01 -3.353591e-01 1.796838e-01 7.786770e+00 3.783314e-01 7.606733e-01 -5.274860e-01 -1.069533e+00 4.021651e-02 5.557971e-01 8.303447e-01 3.240538e+01
8.780416e-01 4.519349e-01 -1.574731e-01 7.839105e+00 -2.008844e-01 6.466826e-01 7.358309e-01 -1.083672e+00 4.343828e-01 -6.144563e-01 6.586009e-01 3.286963e+01
9.898104e-01 -1.355989e-01 -4.345488e-02 7.820131e+00 7.019524e-02 7.301913e-01 -6.796273e-01 -1.089365e+00 1.238871e-01 6.696519e-01 7.322693e-01 3.312673e+01
9.364635e-01 1.324635e-01 -3.247914e-01 7.844332e+00 1.360146e-01 7.163708e-01 6.843339e-01 -1.084204e+00 3.233203e-01 -6.850301e-01 6.528382e-01 3.257992e+01
9.803658e-01 1.868709e-01 -6.294636e-02 7.942801e+00 -1.825222e-01 7.391703e-01 -6.483155e-01 -1.086750e+00 -7.462321e-02 6.470754e-01 7.587653e-01 3.230655e+01
9.624739e-01 -1.018131e-01 -2.515516e-01 8.089030e+00 2.590901e-01 6.204864e-01 7.401817e-01 -1.110555e+00 8.072415e-02 -7.775800e-01 6.235807e-01 3.296961e+01
9.414285e-01 3.197844e-01 -1.070059e-01 8.153306e+00 -3.169342e-01 7.307042e-01 -6.046686e-01 -1.129526e+00 -1.151739e-01 6.031661e-01 7.892564e-01 3.366437e+01
8.702492e-01 -2.423434e-01 -4.288777e-01 8.178047e+00 4.669097e-01 6.833332e-01 5.612941e-01 -1.138573e+00 1.570404e-01 -6.887129e-01 7.078226e-01 3.388477e+01
8.672140e-01 4.925298e-01 -7.317296e-02 8.285742e+00 -4.445522e-01 6.996368e-01 -5.593583e-01 -1.146975e+00 -2.243062e-01 5.176126e-01 8.256900e-01 3.381723e+01
6.307338e-01 -3.056405e-01 -7.132733e-01 8.531135e+00 6.419826e-01 7.218763e-01 2.583658e-01 -1.157715e+00 4.359281e-01 -6.208691e-01 6.515276e-01 3.379384e+01
6.850276e-01 6.747571e-01 2.746634e-01 8.866005e+00 -5.699095e-01 7.311938e-01 -3.749116e-01 -1.174367e+00 -4.538065e-01 1.002916e-01 8.854385e-01 3.387804e+01
3.679731e-01 -4.733619e-01 -8.003277e-01 9.011873e+00 5.758506e-01 7.918079e-01 -2.035593e-01 -1.179448e+00 7.300630e-01 -3.859648e-01 5.639497e-01 3.367148e+01
6.523637e-01 5.826003e-01 4.847664e-01 9.083057e+00 -6.492506e-01 7.595666e-01 -3.914511e-02 -1.179915e+00 -3.910183e-01 -2.891980e-01 8.737672e-01 3.335825e+01
2.935023e-01 -4.956557e-01 -8.174239e-01 8.936380e+00 2.081278e-01 8.677032e-01 -4.514134e-01 -1.175753e+00 9.330269e-01 -3.763779e-02 3.578326e-01 3.360495e+01
7.824105e-01 2.076886e-01 5.871110e-01 8.808899e+00 -4.793551e-01 8.026759e-01 3.548662e-01 -1.170861e+00 -3.975582e-01 -5.590857e-01 7.275787e-01 3.377273e+01
4.825922e-01 -3.930981e-01 -7.826740e-01 8.828179e+00 -1.748077e-01 8.324116e-01 -5.258642e-01 -1.169605e+00 8.582232e-01 3.905954e-01 3.329988e-01 3.350221e+01
8.401504e-01 -1.798353e-01 5.116704e-01 8.853879e+00 -2.067700e-01 7.659652e-01 6.087228e-01 -1.174058e+00 -5.013916e-01 -6.172168e-01 6.063415e-01 3.348886e+01
4.857513e-01 -8.145855e-02 -8.702932e-01 8.842593e+00 -5.061305e-01 7.855449e-01 -3.560213e-01 -1.178197e+00 7.126553e-01 6.134197e-01 3.403508e-01 3.359101e+01
7.346048e-01 -5.515468e-01 3.951607e-01 8.812114e+00 1.118380e-01 6.728721e-01 7.312561e-01 -1.190251e+00 -6.692145e-01 -4.929902e-01 5.559789e-01 3.424537e+01
4.261066e-01 2.742570e-01 -8.620999e-01 8.820882e+00 -7.213244e-01 6.781360e-01 -1.407930e-01 -1.203377e+00 5.460075e-01 6.818465e-01 4.867865e-01 3.481954e+01
4.402774e-01 -7.583770e-01 4.806456e-01 8.658524e+00 3.061942e-01 6.300525e-01 7.136379e-01 -1.202412e+00 -8.440385e-01 -1.670278e-01 5.096085e-01 3.497921e+01
5.128011e-01 3.090422e-01 -8.009544e-01 8.426901e+00 -7.173630e-01 6.667684e-01 -2.020152e-01 -1.197835e+00 4.716199e-01 6.781687e-01 5.636150e-01 3.524262e+01
6.694801e-01 -7.203543e-01 1.813453e-01 8.416268e+00 4.822831e-01 6.071863e-01 6.314490e-01 -1.208927e+00 -5.649773e-01 -3.352828e-01 7.539138e-01 3.571227e+01
3.624497e-01 6.089906e-01 -7.055216e-01 8.431682e+00 -8.218785e-01 5.658072e-01 6.616615e-02 -1.219889e+00 4.394837e-01 5.558711e-01 7.055929e-01 3.608801e+01
5.257248e-01 -8.334368e-01 1.702839e-01 8.428992e+00 7.410985e-01 5.470163e-01 3.892894e-01 -1.231621e+00 -4.175962e-01 -7.846199e-02 9.052387e-01 3.654619e+01
2.946899e-01 8.273775e-01 -4.781260e-01 8.458984e+00 -8.249370e-01 4.728074e-01 3.097293e-01 -1.243571e+00 4.823245e-01 3.031497e-01 8.218658e-01 3.690565e+01
5.198710e-01 -8.291730e-01 2.054417e-01 8.622514e+00 8.496060e-01 5.269016e-01 -2.332972e-02 -1.255544e+00 -8.890319e-02 1.866730e-01 9.783912e-01 3.701323e+01
3.424511e-01 9.078471e-01 -2.419524e-01 8.938541e+00 -6.361618e-01 4.135624e-01 6.513558e-01 -1.267742e+00 6.913939e-01 -6.913658e-02 7.191625e-01 3.695362e+01
6.889400e-01 -6.475052e-01 3.257278e-01 9.329849e+00 7.132189e-01 5.255289e-01 -4.638299e-01 -1.281952e+00 1.291529e-01 5.518662e-01 8.238709e-01 3.694344e+01
6.437374e-01 7.643797e-01 3.641214e-02 9.505161e+00 -4.954636e-01 3.800571e-01 7.810713e-01 -1.298744e+00 5.831964e-01 -5.208457e-01 6.233793e-01 3.729923e+01
8.235243e-01 -4.975240e-01 2.725391e-01 9.727318e+00 5.417375e-01 5.471949e-01 -6.380425e-01 -1.320162e+00 1.683095e-01 6.730882e-01 7.201557e-01 3.781400e+01
6.751097e-01 7.154321e-01 -1.799550e-01 9.852646e+00 1.112428e-01 1.424189e-01 9.835354e-01 -1.354438e+00 7.292818e-01 -6.840130e-01 1.656174e-02 3.951381e+01
8.620332e-01 3.192976e-01 -3.936341e-01 9.814343e+00 -5.029711e-01 6.348115e-01 -5.865445e-01 -1.399234e+00 6.260123e-02 7.036074e-01 7.078261e-01 4.282617e+01
2.207100e-01 -3.512369e-03 -9.753331e-01 9.784461e+00 8.033842e-01 5.676812e-01 1.797550e-01 -1.438740e+00 5.530470e-01 -8.232410e-01 1.281147e-01 4.580112e+01
5.341886e-01 7.056075e-01 4.655756e-01 9.878188e+00 -6.560007e-01 6.933691e-01 -2.981650e-01 -1.464053e+00 -5.332032e-01 -1.461416e-01 8.332688e-01 4.724254e+01
2.418176e-01 -4.730431e-01 -8.472039e-01 1.012876e+01 5.081215e-01 8.055643e-01 -3.047600e-01 -1.484162e+00 8.266419e-01 -3.567862e-01 4.351630e-01 4.782890e+01
6.547606e-01 4.434237e-01 6.120980e-01 1.037287e+01 -6.352723e-01 7.616418e-01 1.277920e-01 -1.498612e+00 -4.095334e-01 -4.725221e-01 7.803879e-01 4.813722e+01
2.094926e-01 -3.090137e-01 -9.276979e-01 1.034041e+01 -6.732051e-02 9.419411e-01 -3.289604e-01 -1.520159e+00 9.754900e-01 1.313679e-01 1.765268e-01 4.948419e+01
9.738843e-01 -1.433226e-01 1.760911e-01 1.020794e+01 -2.365669e-02 7.073018e-01 7.065158e-01 -1.542485e+00 -2.258092e-01 -6.922303e-01 6.854395e-01 5.173775e+01
1.845267e-01 4.920528e-01 -8.507843e-01 1.016285e+01 -6.721504e-01 6.947419e-01 2.560225e-01 -1.583199e+00 7.170521e-01 5.246120e-01 4.589319e-01 5.473102e+01
5.483041e-01 -8.124701e-01 1.981288e-01 1.026849e+01 6.802087e-01 5.711040e-01 4.595176e-01 -1.626119e+00 -4.864965e-01 -1.171864e-01 8.657878e-01 5.696858e+01
6.252994e-01 7.383380e-01 -2.527008e-01 1.042407e+01 -7.790113e-01 6.097714e-01 -1.460144e-01 -1.654079e+00 4.628172e-02 2.881595e-01 9.564633e-01 5.779869e+01
6.439746e-01 -7.335601e-01 -2.172238e-01 1.027886e+01 7.650008e-01 6.143180e-01 1.933577e-01 -1.655715e+00 -8.395021e-03 -2.906939e-01 9.567793e-01 5.830116e+01
5.701048e-01 8.207978e-01 -3.565909e-02 1.037287e+01 -8.183525e-01 5.711743e-01 6.371166e-02 -1.677250e+00 7.266195e-02 -7.140618e-03 9.973311e-01 5.904412e+01
5.990246e-01 -7.495013e-01 -2.818108e-01 1.037632e+01 7.489375e-01 6.489530e-01 -1.339874e-01 -1.696187e+00 2.833057e-01 -1.307969e-01 9.500685e-01 5.994297e+01
6.173075e-01 7.775633e-01 1.196945e-01 1.032744e+01 -7.599523e-01 5.500098e-01 3.463549e-01 -1.706479e+00 2.034797e-01 -3.047696e-01 9.304362e-01 6.062776e+01
6.865160e-01 -7.045452e-01 -1.797549e-01 1.028939e+01 5.744700e-01 6.771071e-01 -4.599024e-01 -1.719349e+00 4.457354e-01 2.124666e-01 8.695849e-01 6.136903e+01
7.245921e-01 5.136780e-01 4.594575e-01 1.031920e+01 -6.880668e-01 5.770460e-01 4.399795e-01 -1.741527e+00 -3.912030e-02 -6.349431e-01 7.715678e-01 6.232581e+01
7.293823e-01 -6.324556e-01 -2.607707e-01 1.030414e+01 3.973068e-01 7.019299e-01 -5.911360e-01 -1.758440e+00 5.569100e-01 3.275581e-01 7.632541e-01 6.318424e+01
7.204225e-01 3.201316e-01 6.152294e-01 1.035248e+01 -6.434840e-01 6.394284e-01 4.207847e-01 -1.778650e+00 -2.586887e-01 -6.990330e-01 6.666581e-01 6.386850e+01
7.396701e-01 -5.610797e-01 -3.715881e-01 1.054370e+01 3.037351e-01 7.710582e-01 -5.596555e-01 -1.805900e+00 6.005274e-01 3.010961e-01 7.407483e-01 6.466342e+01
7.762946e-01 2.162703e-01 5.921096e-01 1.073628e+01 -5.653182e-01 6.544256e-01 5.021379e-01 -1.834531e+00 -2.788942e-01 -7.245373e-01 6.302886e-01 6.554613e+01
7.628588e-01 -4.445384e-01 -4.695020e-01 1.086857e+01 1.202233e-01 8.110099e-01 -5.725464e-01 -1.862484e+00 6.352896e-01 3.803270e-01 6.721299e-01 6.656631e+01
8.841566e-01 6.444737e-02 4.627241e-01 1.097124e+01 -3.797242e-01 6.761302e-01 6.313933e-01 -1.886608e+00 -2.721701e-01 -7.339581e-01 6.222772e-01 6.746744e+01
8.152400e-01 -2.298949e-01 -5.315374e-01 1.125739e+01 -1.488529e-01 8.038128e-01 -5.759582e-01 -1.913106e+00 5.596664e-01 5.486651e-01 6.210798e-01 6.813697e+01
9.634177e-01 -1.325131e-01 2.329518e-01 1.159204e+01 -8.459754e-02 6.744042e-01 7.335000e-01 -1.935299e+00 -2.543020e-01 -7.263741e-01 6.385226e-01 6.859568e+01
6.959152e-01 1.032241e-01 -7.106665e-01 1.191369e+01 -5.405679e-01 7.267689e-01 -4.237844e-01 -1.952624e+00 4.727456e-01 6.790815e-01 5.615691e-01 6.887859e+01
8.709258e-01 -4.758488e-01 -1.227036e-01 1.202570e+01 4.408236e-01 6.461703e-01 6.230076e-01 -1.964906e+00 -2.171700e-01 -5.966840e-01 7.725318e-01 6.928651e+01
6.896057e-01 5.896045e-01 -4.204883e-01 1.227161e+01 -7.113563e-01 6.603117e-01 -2.407502e-01 -1.986801e+00 1.357059e-01 4.651398e-01 8.747736e-01 6.984004e+01
7.567664e-01 -6.285330e-01 -1.795855e-01 1.260770e+01 6.314621e-01 6.318842e-01 4.494197e-01 -2.014698e+00 -1.689979e-01 -4.535071e-01 8.750834e-01 7.048102e+01
3.561188e-01 8.833645e-01 -3.047072e-01 1.274765e+01 -7.741334e-01 4.615294e-01 4.332529e-01 -2.052418e+00 5.233516e-01 8.159454e-02 8.482013e-01 7.238873e+01
6.494976e-01 -7.128735e-01 -2.645076e-01 1.270242e+01 5.754282e-01 6.882194e-01 -4.418557e-01 -2.076005e+00 4.970265e-01 1.347791e-01 8.572043e-01 7.412376e+01
7.597900e-01 5.592227e-01 3.316460e-01 1.276384e+01 -6.380200e-01 5.431526e-01 5.458166e-01 -2.097099e+00 1.250986e-01 -6.263028e-01 7.694772e-01 7.497399e+01
7.504536e-01 -5.115947e-01 -4.184379e-01 1.289605e+01 1.153674e-01 7.247898e-01 -6.792423e-01 -2.116140e+00 6.507763e-01 4.614657e-01 6.029425e-01 7.570443e+01
9.697251e-01 1.660483e-01 1.790563e-01 1.305893e+01 -2.441952e-01 6.552569e-01 7.148476e-01 -2.118795e+00 1.371369e-03 -7.369304e-01 6.759672e-01 7.539634e+01
6.702077e-01 1.014326e-01 -7.352096e-01 1.308774e+01 -4.504013e-01 8.429322e-01 -2.942856e-01 -2.148332e+00 5.898816e-01 5.283718e-01 6.106250e-01 7.714488e+01
8.782286e-01 -3.601628e-01 -3.146384e-01 1.289430e+01 4.773776e-01 6.997158e-01 5.315153e-01 -2.159549e+00 2.872542e-02 -6.169932e-01 7.864440e-01 7.895622e+01
4.825360e-01 7.453513e-01 -4.600113e-01 1.280236e+01 -7.460093e-01 6.249396e-01 2.300449e-01 -2.177071e+00 4.589436e-01 2.321678e-01 8.575949e-01 8.073599e+01
5.199145e-01 -4.672471e-01 -7.151007e-01 1.289167e+01 4.554776e-01 8.598446e-01 -2.306674e-01 -2.222871e+00 7.226542e-01 -2.057850e-01 6.598663e-01 8.367146e+01
8.797431e-01 4.714405e-01 6.161190e-02 1.306264e+01 -3.769787e-01 6.126916e-01 6.946194e-01 -2.262842e+00 2.897226e-01 -6.343130e-01 7.167342e-01 8.590788e+01
9.205841e-01 -2.401824e-01 -3.079567e-01 1.329711e+01 5.757448e-03 7.967925e-01 -6.042256e-01 -2.284178e+00 3.905019e-01 5.544674e-01 7.348974e-01 8.659984e+01
9.966895e-01 6.059799e-02 -5.420171e-02 1.335735e+01 -1.046936e-02 7.567867e-01 6.535781e-01 -2.284391e+00 8.062465e-02 -6.508470e-01 7.549158e-01 8.632037e+01
9.936398e-01 2.834720e-02 -1.089792e-01 1.357273e+01 -8.849316e-02 7.950542e-01 -6.000481e-01 -2.297605e+00 6.963470e-02 6.058755e-01 7.925060e-01 8.628318e+01
9.979827e-01 -6.273606e-02 -9.729074e-03 1.373094e+01 4.760873e-02 6.381771e-01 7.684162e-01 -2.326201e+00 -4.199853e-02 -7.673292e-01 6.398765e-01 8.721519e+01
9.245303e-01 1.610462e-01 -3.454098e-01 1.366662e+01 -3.383790e-01 7.638566e-01 -5.495660e-01 -2.340590e+00 1.753380e-01 6.249698e-01 7.607032e-01 8.819058e+01
9.506119e-01 -2.882140e-01 -1.151941e-01 1.363883e+01 2.847220e-01 6.619794e-01 6.933373e-01 -2.356199e+00 -1.235734e-01 -6.918930e-01 7.113464e-01 8.903211e+01
8.067037e-01 4.467811e-01 -3.868020e-01 1.386028e+01 -5.782388e-01 7.318259e-01 -3.606532e-01 -2.381913e+00 1.219387e-01 5.146042e-01 8.487128e-01 8.988356e+01
7.539906e-01 -4.589393e-01 -4.699712e-01 1.405756e+01 6.239725e-01 7.240161e-01 2.940392e-01 -2.394965e+00 2.053206e-01 -5.149519e-01 8.322668e-01 9.018205e+01
7.579446e-01 6.522557e-01 -9.079799e-03 1.410725e+01 -6.146829e-01 7.094857e-01 -3.446664e-01 -2.393525e+00 -2.183686e-01 2.668192e-01 9.386813e-01 8.975823e+01
6.131985e-01 -5.108400e-01 -6.025198e-01 1.438095e+01 6.495449e-01 7.601424e-01 1.657844e-02 -2.403760e+00 4.495320e-01 -4.015296e-01 7.979317e-01 8.968426e+01
7.049976e-01 6.763903e-01 2.132475e-01 1.485412e+01 -6.940352e-01 7.198538e-01 1.121237e-02 -2.421479e+00 -1.459231e-01 -1.559060e-01 9.769339e-01 8.973781e+01
6.323750e-01 -6.176906e-01 -4.675043e-01 1.528015e+01 5.112675e-01 7.861799e-01 -3.471695e-01 -2.433149e+00 5.819858e-01 -1.947845e-02 8.129656e-01 8.950047e+01
7.726585e-01 5.258615e-01 3.556241e-01 1.555237e+01 -6.198105e-01 7.460085e-01 2.435288e-01 -2.443081e+00 -1.372361e-01 -4.085841e-01 9.023443e-01 8.931248e+01
6.801065e-01 -5.278245e-01 -5.087794e-01 1.572815e+01 2.779746e-01 8.278400e-01 -4.872484e-01 -2.454387e+00 6.783696e-01 1.899530e-01 7.097412e-01 8.946224e+01
8.331702e-01 2.620035e-01 4.870129e-01 1.581533e+01 -4.816556e-01 7.765054e-01 4.062601e-01 -2.464113e+00 -2.717266e-01 -5.730563e-01 7.731566e-01 8.956074e+01
8.344694e-01 -4.443337e-01 -3.259269e-01 1.587009e+01 2.575706e-01 8.373787e-01 -4.821351e-01 -2.480534e+00 4.871531e-01 3.183778e-01 8.132143e-01 9.002169e+01
8.905697e-01 2.174328e-01 3.995104e-01 1.594966e+01 -4.137758e-01 7.520204e-01 5.130838e-01 -2.500227e+00 -1.888787e-01 -6.222446e-01 7.596950e-01 9.067180e+01
9.054465e-01 -3.815258e-01 -1.860232e-01 1.612755e+01 2.478358e-01 8.309943e-01 -4.980220e-01 -2.522347e+00 3.445925e-01 4.048291e-01 8.469766e-01 9.125736e+01
8.547302e-01 2.030565e-01 4.777075e-01 1.633930e+01 -4.333986e-01 7.856484e-01 4.415000e-01 -2.541984e+00 -2.856607e-01 -5.844011e-01 7.595218e-01 9.161853e+01
8.792651e-01 -4.208529e-01 -2.231045e-01 1.634698e+01 2.902793e-01 8.447781e-01 -4.495420e-01 -2.554777e+00 3.776649e-01 3.305039e-01 8.649488e-01 9.205050e+01
8.996094e-01 2.633303e-01 3.483677e-01 1.632699e+01 -4.073245e-01 7.936032e-01 4.519743e-01 -2.565969e+00 -1.574472e-01 -5.484990e-01 8.211938e-01 9.265656e+01
7.716339e-01 -2.702468e-01 -5.758018e-01 1.665752e+01 -7.527287e-02 8.600948e-01 -5.045503e-01 -2.579081e+00 6.315973e-01 4.326704e-01 6.433360e-01 9.261379e+01
9.464419e-01 -5.427906e-02 3.182790e-01 1.699377e+01 -1.669813e-01 7.614146e-01 6.263904e-01 -2.599597e+00 -2.763422e-01 -6.459888e-01 7.115711e-01 9.278786e+01
8.990737e-01 -1.760810e-02 -4.374430e-01 1.742918e+01 -2.230002e-01 8.414330e-01 -4.922005e-01 -2.626023e+00 3.767457e-01 5.400744e-01 7.525837e-01 9.318601e+01
9.714278e-01 -2.371450e-01 9.500191e-03 1.737665e+01 1.726800e-01 7.336842e-01 6.571827e-01 -2.630886e+00 -1.628177e-01 -6.367651e-01 7.536714e-01 9.377291e+01
8.644172e-01 2.189273e-01 -4.526076e-01 1.723952e+01 -4.404204e-01 7.639385e-01 -4.716226e-01 -2.628694e+00 2.425133e-01 6.070163e-01 7.567817e-01 9.437507e+01
9.004204e-01 -3.377148e-01 -2.742113e-01 1.744535e+01 4.347721e-01 7.199279e-01 5.409963e-01 -2.641902e+00 1.470994e-02 -6.063436e-01 7.950667e-01 9.460536e+01
7.500031e-01 5.681519e-01 -3.386720e-01 1.772876e+01 -6.533360e-01 7.162202e-01 -2.453176e-01 -2.657479e+00 1.031861e-01 4.052556e-01 9.083614e-01 9.482762e+01
6.931865e-01 -4.071112e-01 -5.947714e-01 1.816760e+01 5.950641e-01 7.888718e-01 1.535579e-01 -2.683050e+00 4.066833e-01 -4.603713e-01 7.890925e-01 9.545616e+01
7.112308e-01 6.099561e-01 3.494344e-01 1.879500e+01 -6.266252e-01 7.753993e-01 -7.808165e-02 -2.723165e+00 -3.185776e-01 -1.634303e-01 9.337017e-01 9.618576e+01
7.807651e-01 -5.519686e-01 -2.928079e-01 1.946488e+01 5.911195e-01 8.043547e-01 5.992635e-02 -2.758736e+00 2.024440e-01 -2.198729e-01 9.542915e-01 9.659012e+01
7.263668e-01 5.975379e-01 3.396171e-01 2.010001e+01 -6.018648e-01 7.915968e-01 -1.055144e-01 -2.795688e+00 -3.318887e-01 -1.277615e-01 9.346266e-01 9.701021e+01
6.734850e-01 -4.868113e-01 -5.562667e-01 2.019361e+01 5.356055e-01 8.400103e-01 -8.665672e-02 -2.816747e+00 5.094553e-01 -2.395775e-01 8.264732e-01 9.768540e+01
7.207112e-01 4.571502e-01 5.211420e-01 2.029407e+01 -5.602440e-01 8.268492e-01 4.946797e-02 -2.846089e+00 -4.082916e-01 -3.276188e-01 8.520352e-01 9.877404e+01
1.325002e-01 -7.078570e-02 -9.886522e-01 2.026929e+01 2.404793e-02 9.973826e-01 -6.818786e-02 -2.884556e+00 9.908912e-01 -1.474013e-02 1.338557e-01 1.013424e+02
9.749599e-01 -5.105700e-02 2.164400e-01 2.004854e+01 -5.079835e-02 8.964208e-01 4.402832e-01 -2.896209e+00 -2.165009e-01 -4.402533e-01 8.713807e-01 1.034870e+02
9.904252e-01 -4.077475e-02 -1.318912e-01 2.000529e+01 4.764593e-03 9.649127e-01 -2.625277e-01 -2.912728e+00 1.379680e-01 2.593856e-01 9.558681e-01 1.044795e+02
9.990852e-01 4.210322e-02 -7.493981e-03 1.988513e+01 -3.588280e-02 9.206638e-01 3.887037e-01 -2.921542e+00 2.326511e-02 -3.880792e-01 9.213323e-01 1.053565e+02
9.273615e-01 6.439654e-02 -3.685833e-01 1.967639e+01 -1.429773e-01 9.713112e-01 -1.900318e-01 -2.921365e+00 3.457717e-01 2.289272e-01 9.099639e-01 1.061663e+02
7.810101e-01 9.655150e-02 -6.170098e-01 1.926698e+01 1.894749e-01 9.047756e-01 3.814189e-01 -2.909403e+00 5.950820e-01 -4.147999e-01 6.883448e-01 1.075991e+02
8.622078e-01 3.656225e-01 -3.505966e-01 1.899701e+01 -3.713816e-01 9.269463e-01 5.335016e-02 -2.909521e+00 3.444902e-01 8.420618e-02 9.350058e-01 1.091694e+02
9.456787e-01 -3.229219e-01 -3.759402e-02 1.894168e+01 3.251020e-01 9.390700e-01 1.116075e-01 -2.920006e+00 -7.371004e-04 -1.177668e-01 9.930410e-01 1.099298e+02
8.889420e-01 4.188744e-01 -1.852734e-01 1.907945e+01 -3.978445e-01 9.065857e-01 1.407914e-01 -2.940001e+00 2.269401e-01 -5.144535e-02 9.725490e-01 1.105067e+02
9.337168e-01 -3.364455e-01 -1.223821e-01 1.910416e+01 3.428453e-01 9.387388e-01 3.502107e-02 -2.960939e+00 1.031021e-01 -7.465789e-02 9.918650e-01 1.114259e+02
9.268697e-01 3.648279e-01 8.839227e-02 1.916407e+01 -3.746085e-01 9.140684e-01 1.553943e-01 -2.986813e+00 -2.410443e-02 -1.771427e-01 9.838899e-01 1.124347e+02
9.033913e-01 -2.694946e-01 -3.335518e-01 1.922928e+01 2.661884e-01 9.622626e-01 -5.651994e-02 -3.008703e+00 3.361962e-01 -3.772799e-02 9.410360e-01 1.133106e+02
9.488047e-01 3.057637e-01 7.923463e-02 1.928954e+01 -3.157978e-01 9.131706e-01 2.576650e-01 -3.028582e+00 6.429878e-03 -2.694959e-01 9.629801e-01 1.140922e+02
8.975262e-01 -1.785299e-01 -4.032045e-01 1.934817e+01 1.268405e-01 9.802558e-01 -1.516906e-01 -3.048494e+00 4.223248e-01 8.500367e-02 9.024501e-01 1.149480e+02
9.824215e-01 1.859700e-01 1.622220e-02 1.938943e+01 -1.775080e-01 9.037395e-01 3.895458e-01 -3.067170e+00 5.778317e-02 -3.855777e-01 9.208642e-01 1.158240e+02
9.669842e-01 -7.935817e-02 -2.421651e-01 1.940855e+01 2.409644e-02 9.744920e-01 -2.231248e-01 -3.087228e+00 2.536947e-01 2.099228e-01 9.442306e-01 1.167654e+02
8.974023e-01 -5.658011e-02 4.375703e-01 1.956571e+01 -1.283659e-01 9.153610e-01 3.816235e-01 -3.117563e+00 -4.221270e-01 -3.986389e-01 8.141841e-01 1.177291e+02
9.477113e-01 -2.503132e-01 1.979558e-01 1.943471e+01 2.835372e-01 9.451212e-01 -1.623349e-01 -3.136290e+00 -1.464577e-01 2.099745e-01 9.666752e-01 1.191249e+02
8.556492e-01 1.600102e-01 4.922003e-01 1.927339e+01 -2.312874e-01 9.689818e-01 8.706601e-02 -3.149914e+00 -4.630017e-01 -1.883377e-01 8.661168e-01 1.203384e+02
9.541983e-01 -2.924767e-01 6.295200e-02 1.918968e+01 2.847722e-01 9.524284e-01 1.085581e-01 -3.172932e+00 -9.170800e-02 -8.565902e-02 9.920948e-01 1.216690e+02
9.072489e-01 2.218572e-01 3.573218e-01 1.923629e+01 -2.226672e-01 9.740961e-01 -3.944808e-02 -3.201192e+00 -3.568176e-01 -4.377462e-02 9.331479e-01 1.229349e+02
9.675234e-01 -1.287836e-01 -2.175161e-01 1.959909e+01 1.764823e-01 9.601980e-01 2.165035e-01 -3.239369e+00 1.809764e-01 -2.478599e-01 9.517421e-01 1.238527e+02
8.694624e-01 8.600589e-02 4.864547e-01 1.979391e+01 -5.805983e-02 9.956940e-01 -7.226719e-02 -3.272713e+00 -4.905754e-01 3.459013e-02 8.707120e-01 1.248809e+02
9.826720e-01 -2.754114e-02 -1.832955e-01 1.992740e+01 7.393263e-02 9.650668e-01 2.513564e-01 -3.303067e+00 1.699697e-01 -2.605524e-01 9.503803e-01 1.258898e+02
8.666073e-01 -2.498597e-02 4.983649e-01 1.998741e+01 8.130434e-02 9.924692e-01 -9.162188e-02 -3.328714e+00 -4.923225e-01 1.199194e-01 8.621125e-01 1.268670e+02
9.908170e-01 9.018077e-02 -1.007426e-01 2.012385e+01 -6.017970e-02 9.613467e-01 2.686838e-01 -3.358732e+00 1.210787e-01 -2.601538e-01 9.579457e-01 1.278523e+02
8.504862e-01 -1.493679e-01 5.043436e-01 2.031923e+01 2.069358e-01 9.765283e-01 -5.974909e-02 -3.385697e+00 -4.835812e-01 1.551825e-01 8.614334e-01 1.286527e+02
9.729175e-01 1.964321e-01 -1.218442e-01 2.041135e+01 -1.667550e-01 9.614773e-01 2.185271e-01 -3.405682e+00 1.600761e-01 -1.922907e-01 9.681941e-01 1.294179e+02
8.956133e-01 -2.239515e-01 3.843470e-01 2.037402e+01 2.634328e-01 9.632430e-01 -5.259374e-02 -3.416684e+00 -3.584411e-01 1.483533e-01 9.216894e-01 1.302024e+02
9.567520e-01 2.839108e-01 6.340618e-02 2.072718e+01 -2.908422e-01 9.380742e-01 1.882223e-01 -3.448263e+00 -6.041357e-03 -1.985233e-01 9.800776e-01 1.309728e+02
9.090626e-01 -2.954719e-01 2.937713e-01 2.127092e+01 2.787850e-01 9.553232e-01 9.816540e-02 -3.484630e+00 -3.096517e-01 -7.339457e-03 9.508217e-01 1.317822e+02
9.181996e-01 3.927096e-01 -5.185151e-02 2.184861e+01 -3.868623e-01 9.171607e-01 9.567584e-02 -3.522359e+00 8.512898e-02 -6.779013e-02 9.940611e-01 1.324297e+02
9.025909e-01 -3.829958e-01 1.965807e-01 2.224377e+01 3.450229e-01 9.166546e-01 2.017512e-01 -3.558677e+00 -2.574664e-01 -1.142740e-01 9.595064e-01 1.332485e+02
9.198248e-01 3.500175e-01 -1.772291e-01 2.206123e+01 -3.450631e-01 9.367184e-01 5.907736e-02 -3.561467e+00 1.866919e-01 6.814420e-03 9.823949e-01 1.342719e+02
9.057216e-01 -3.453197e-01 -2.458103e-01 2.117963e+01 3.478463e-01 9.369161e-01 -3.451326e-02 -3.512835e+00 2.422217e-01 -5.424479e-02 9.687033e-01 1.355941e+02
8.222477e-01 4.128073e-01 -3.917893e-01 2.028770e+01 -3.176322e-01 9.040686e-01 2.859540e-01 -3.456090e+00 4.722483e-01 -1.106801e-01 8.744892e-01 1.366257e+02
9.681176e-01 -2.484404e-01 -3.202596e-02 1.997030e+01 2.376079e-01 9.512523e-01 -1.966251e-01 -3.442131e+00 7.931440e-02 1.827466e-01 9.799556e-01 1.373312e+02
9.628403e-01 2.677479e-01 3.535054e-02 2.016643e+01 -2.635158e-01 9.027208e-01 3.400804e-01 -3.462040e+00 5.914414e-02 -3.367585e-01 9.397317e-01 1.378593e+02
9.705028e-01 -2.025248e-01 -1.307979e-01 2.040940e+01 1.698467e-01 9.593826e-01 -2.252489e-01 -3.482998e+00 1.711038e-01 1.963891e-01 9.654817e-01 1.383375e+02
9.739056e-01 1.839432e-01 -1.329393e-01 1.997242e+01 -1.090032e-01 8.928826e-01 4.368970e-01 -3.465739e+00 1.990634e-01 -4.110056e-01 8.896337e-01 1.392478e+02
9.248555e-01 -4.396199e-02 -3.777694e-01 1.925398e+01 -1.113057e-01 9.185178e-01 -3.793890e-01 -3.421454e+00 3.636666e-01 3.929279e-01 8.446030e-01 1.400988e+02
9.943873e-01 -4.937528e-02 -9.357309e-02 1.904149e+01 8.749375e-02 8.810335e-01 4.648922e-01 -3.414873e+00 5.948684e-02 -4.704700e-01 8.804086e-01 1.405767e+02
9.518959e-01 1.643230e-01 -2.586351e-01 1.903043e+01 -2.394556e-01 9.255608e-01 -2.932544e-01 -3.425564e+00 1.911940e-01 3.410793e-01 9.203857e-01 1.410728e+02
9.774046e-01 -2.033080e-01 -5.784546e-02 1.898686e+01 2.088856e-01 8.871205e-01 4.115628e-01 -3.435250e+00 -3.235813e-02 -4.143465e-01 9.095438e-01 1.415967e+02
9.203177e-01 2.673493e-01 -2.855514e-01 1.885364e+01 -3.418044e-01 9.046048e-01 -2.546762e-01 -3.434539e+00 1.902237e-01 3.319858e-01 9.239050e-01 1.418579e+02
9.337553e-01 -3.456266e-01 9.296910e-02 1.880767e+01 2.990918e-01 8.961858e-01 3.277119e-01 -3.435384e+00 -1.965835e-01 -2.781964e-01 9.401924e-01 1.418129e+02
9.111800e-01 2.849496e-01 -2.975814e-01 1.877687e+01 -3.629886e-01 8.968923e-01 -2.526329e-01 -3.427757e+00 1.949108e-01 3.382127e-01 9.206639e-01 1.411502e+02
9.408716e-01 -3.346375e-01 -5.271005e-02 1.876496e+01 3.331923e-01 8.860259e-01 3.223988e-01 -3.429791e+00 -6.118425e-02 -3.208984e-01 9.451353e-01 1.411213e+02
9.040471e-01 3.974264e-01 -1.573246e-01 1.879271e+01 -4.120496e-01 9.081860e-01 -7.357493e-02 -3.449141e+00 1.136394e-01 1.313407e-01 9.848024e-01 1.419970e+02
9.076928e-01 -3.370302e-01 -2.500088e-01 1.873153e+01 3.837556e-01 9.077271e-01 1.695970e-01 -3.460337e+00 1.697805e-01 -2.498843e-01 9.532746e-01 1.428064e+02
8.429535e-01 4.670712e-01 -2.669717e-01 1.853450e+01 -4.704947e-01 8.806755e-01 5.518561e-02 -3.451778e+00 2.608910e-01 7.908985e-02 9.621230e-01 1.430286e+02
8.973980e-01 -4.332808e-01 -8.333409e-02 1.836246e+01 4.365929e-01 8.992880e-01 2.584038e-02 -3.450103e+00 6.374521e-02 -5.957218e-02 9.961866e-01 1.434889e+02
8.948994e-01 4.431782e-01 5.242262e-02 1.826548e+01 -4.462560e-01 8.895357e-01 9.788677e-02 -3.461035e+00 -3.250512e-03 -1.109927e-01 9.938159e-01 1.443238e+02
8.245538e-01 -3.309009e-01 -4.589288e-01 1.828042e+01 2.901697e-01 9.436634e-01 -1.590628e-01 -3.471690e+00 4.857083e-01 -2.011341e-03 8.741186e-01 1.447526e+02
9.006985e-01 4.140370e-01 -1.315885e-01 1.836806e+01 -2.709328e-01 7.720915e-01 5.748653e-01 -3.498175e+00 3.396139e-01 -4.821287e-01 8.075979e-01 1.460597e+02
9.315258e-01 -1.355890e-01 -3.374543e-01 1.842060e+01 5.337677e-03 9.328971e-01 -3.601034e-01 -3.523889e+00 3.636362e-01 3.336444e-01 8.697414e-01 1.474880e+02
9.023360e-01 2.046877e-01 -3.793319e-01 1.846060e+01 1.184784e-01 7.283723e-01 6.748605e-01 -3.549346e+00 4.144305e-01 -6.538936e-01 6.329854e-01 1.490642e+02
6.272134e-01 4.573488e-01 -6.304248e-01 1.825603e+01 -5.533259e-01 8.313042e-01 5.257184e-02 -3.570274e+00 5.481184e-01 3.158566e-01 7.744681e-01 1.517232e+02
8.361862e-01 -4.391517e-01 -3.285398e-01 1.818676e+01 5.021363e-01 8.539348e-01 1.365818e-01 -3.589127e+00 2.205714e-01 -2.791796e-01 9.345625e-01 1.533638e+02
8.417446e-01 5.281005e-01 1.121424e-01 1.841634e+01 -5.345715e-01 8.443415e-01 3.634171e-02 -3.616604e+00 -7.549438e-02 -9.053855e-02 9.930274e-01 1.541354e+02
8.160328e-01 -4.061577e-01 -4.112498e-01 1.862183e+01 4.338552e-01 9.005319e-01 -2.849346e-02 -3.643742e+00 3.819164e-01 -1.551713e-01 9.110772e-01 1.550207e+02
8.406440e-01 4.202870e-01 3.415795e-01 1.893067e+01 -4.846466e-01 8.652827e-01 1.280761e-01 -3.675454e+00 -2.417341e-01 -2.732117e-01 9.310854e-01 1.558923e+02
8.218677e-01 -3.719040e-01 -4.315333e-01 1.907553e+01 3.540783e-01 9.268964e-01 -1.244655e-01 -3.701596e+00 4.462758e-01 -5.050241e-02 8.934693e-01 1.568080e+02
7.838250e-01 2.764582e-01 5.560479e-01 1.919442e+01 -3.822469e-01 9.204877e-01 8.117704e-02 -3.725424e+00 -4.893932e-01 -2.761762e-01 8.271766e-01 1.576306e+02
8.692752e-01 -3.287464e-01 -3.691698e-01 1.938527e+01 3.267148e-01 9.425261e-01 -7.001397e-02 -3.751094e+00 3.709690e-01 -5.975181e-02 9.267209e-01 1.583310e+02
8.782170e-01 2.758519e-01 3.906926e-01 1.946019e+01 -3.389524e-01 9.353090e-01 1.015298e-01 -3.767544e+00 -3.374111e-01 -2.215914e-01 9.149049e-01 1.590104e+02
7.588217e-01 -1.771774e-01 -6.267358e-01 1.964317e+01 1.422167e-01 9.841407e-01 -1.060261e-01 -3.785698e+00 6.355817e-01 -8.677437e-03 7.719849e-01 1.596851e+02
8.469123e-01 5.937215e-02 5.284076e-01 1.995145e+01 -2.385990e-01 9.305170e-01 2.778643e-01 -3.820068e+00 -4.751948e-01 -3.614042e-01 8.022324e-01 1.606921e+02
7.036887e-01 -2.517342e-02 -7.100623e-01 2.017617e+01 -9.266276e-02 9.875851e-01 -1.268433e-01 -3.847923e+00 7.044400e-01 1.550545e-01 6.926199e-01 1.616107e+02
8.197656e-01 -1.630741e-01 5.489911e-01 2.051887e+01 -5.603455e-02 9.311643e-01 3.602682e-01 -3.876356e+00 -5.699513e-01 -3.260979e-01 7.541987e-01 1.622697e+02
8.076485e-01 1.170252e-01 -5.779351e-01 2.094884e+01 -2.291396e-01 9.653677e-01 -1.247405e-01 -3.908854e+00 5.433221e-01 2.331743e-01 8.064929e-01 1.629717e+02
7.736947e-01 -3.122379e-01 5.512749e-01 2.135138e+01 3.302584e-02 8.888179e-01 4.570690e-01 -3.946672e+00 -6.326973e-01 -3.354255e-01 6.979856e-01 1.638476e+02
8.579964e-01 1.533694e-01 -4.902244e-01 2.174397e+01 -2.833087e-01 9.373880e-01 -2.025832e-01 -3.978349e+00 4.284604e-01 3.127005e-01 8.477264e-01 1.646235e+02
8.251437e-01 -1.309189e-01 -5.495436e-01 2.235188e+01 3.151020e-01 9.140550e-01 2.553707e-01 -3.982755e+00 4.688802e-01 -3.838798e-01 7.954795e-01 1.644165e+02
8.970688e-01 3.375744e-01 2.851508e-01 2.276672e+01 -3.085422e-01 9.404477e-01 -1.426876e-01 -4.006788e+00 -3.163372e-01 4.001953e-02 9.478023e-01 1.648819e+02
8.683502e-01 -1.720941e-01 -4.651361e-01 2.307531e+01 2.902449e-01 9.368244e-01 1.952382e-01 -4.034262e+00 4.021515e-01 -3.045385e-01 8.634411e-01 1.656307e+02
9.062019e-01 2.358634e-01 3.509508e-01 2.315030e+01 -2.158055e-01 9.717228e-01 -9.582689e-02 -4.051154e+00 -3.636290e-01 1.110140e-02 9.314777e-01 1.663695e+02
9.413627e-01 -1.687463e-01 -2.921659e-01 2.316665e+01 2.136385e-01 9.683508e-01 1.290558e-01 -4.066594e+00 2.611414e-01 -1.839062e-01 9.476200e-01 1.670998e+02
9.500591e-01 2.073656e-01 2.332108e-01 2.347292e+01 -2.020277e-01 9.782600e-01 -4.682135e-02 -4.088583e+00 -2.378499e-01 -2.631997e-03 9.712983e-01 1.674306e+02
9.875444e-01 -1.492306e-01 4.986225e-02 2.469068e+01 1.440260e-01 9.849677e-01 9.536816e-02 -4.119743e+00 -6.334456e-02 -8.699883e-02 9.941925e-01 1.670896e+02
9.809229e-01 1.803382e-01 7.258430e-02 2.575999e+01 -1.747954e-01 9.816180e-01 -7.663374e-02 -4.151791e+00 -8.507004e-02 6.248439e-02 9.944138e-01 1.667817e+02
9.789639e-01 -1.116529e-01 -1.707729e-01 2.609269e+01 1.501545e-01 9.609358e-01 2.324994e-01 -4.180642e+00 1.381426e-01 -2.532508e-01 9.574866e-01 1.673662e+02
9.403764e-01 9.605481e-02 3.262907e-01 2.620534e+01 -6.348716e-02 9.920058e-01 -1.090595e-01 -4.205068e+00 -3.341579e-01 8.184170e-02 9.389571e-01 1.681437e+02
9.829896e-01 -1.825221e-02 -1.827522e-01 2.643674e+01 6.414427e-02 9.665081e-01 2.484908e-01 -4.231294e+00 1.720960e-01 -2.559863e-01 9.512381e-01 1.688170e+02
8.952351e-01 2.118859e-02 4.450900e-01 2.677914e+01 3.605331e-02 9.921495e-01 -1.197476e-01 -4.259693e+00 -4.441331e-01 1.232492e-01 8.874432e-01 1.693497e+02
9.227365e-01 1.109119e-01 -3.691285e-01 2.706304e+01 -1.163338e-02 9.652804e-01 2.609567e-01 -4.283389e+00 3.852557e-01 -2.365000e-01 8.919898e-01 1.698226e+02
9.270709e-01 -1.054042e-02 3.747379e-01 2.755723e+01 5.723012e-02 9.918673e-01 -1.136839e-01 -4.308354e+00 -3.704920e-01 1.268393e-01 9.201345e-01 1.701137e+02
5.625337e-01 1.466287e-01 -8.136681e-01 2.820459e+01 2.465891e-02 9.807344e-01 1.937833e-01 -4.315568e+00 8.264065e-01 -1.290738e-01 5.480805e-01 1.695339e+02
9.910072e-01 1.336207e-01 -7.084752e-03 2.876483e+01 -1.335816e-01 9.910212e-01 5.741661e-03 -4.320252e+00 7.788345e-03 -4.743635e-03 9.999584e-01 1.692816e+02
9.800162e-01 -3.925661e-02 -1.950053e-01 2.907480e+01 7.306347e-02 9.828475e-01 1.693294e-01 -4.345816e+00 1.850132e-01 -1.801933e-01 9.660748e-01 1.698977e+02
9.459429e-01 1.706173e-01 -2.758291e-01 2.924396e+01 -1.916647e-01 9.801328e-01 -5.103250e-02 -4.350055e+00 2.616421e-01 1.011405e-01 9.598510e-01 1.696400e+02
9.288158e-01 -2.165054e-01 3.007103e-01 2.945414e+01 1.412097e-01 9.571195e-01 2.529469e-01 -4.374252e+00 -3.425801e-01 -1.924778e-01 9.195603e-01 1.701351e+02
9.591573e-01 2.311059e-01 -1.631175e-01 2.962390e+01 -2.281749e-01 9.729266e-01 3.674292e-02 -4.410816e+00 1.671929e-01 1.977093e-03 9.859222e-01 1.714322e+02
9.220264e-01 -2.614597e-01 2.854927e-01 2.992492e+01 1.839035e-01 9.447629e-01 2.712978e-01 -4.447497e+00 -3.406564e-01 -1.976406e-01 9.191798e-01 1.725902e+02
9.573794e-01 2.642298e-01 -1.166502e-01 3.032855e+01 -2.692942e-01 9.625986e-01 -2.974277e-02 -4.484388e+00 1.044284e-01 5.988833e-02 9.927276e-01 1.735027e+02
9.747388e-01 -1.816337e-01 -1.299749e-01 3.073217e+01 1.994290e-01 9.698104e-01 1.403421e-01 -4.502329e+00 1.005602e-01 -1.627177e-01 9.815348e-01 1.735733e+02
8.709756e-01 2.759740e-01 -4.064971e-01 3.101785e+01 -3.009917e-01 9.536235e-01 2.506442e-03 -4.503238e+00 3.883369e-01 1.201692e-01 9.136486e-01 1.730556e+02
9.681805e-01 -2.500488e-01 -1.010438e-02 3.132177e+01 2.502388e-01 9.669090e-01 4.967388e-02 -4.503431e+00 -2.650881e-03 -5.062179e-02 9.987144e-01 1.724439e+02
9.672410e-01 2.483353e-01 -5.267222e-02 3.168079e+01 -2.502071e-01 9.676484e-01 -3.245106e-02 -4.510177e+00 4.290944e-02 4.456696e-02 9.980844e-01 1.719756e+02
9.115032e-01 -1.968645e-01 -3.611180e-01 3.163283e+01 2.182063e-01 9.757204e-01 1.886081e-02 -4.503154e+00 3.486371e-01 -9.598989e-02 9.323294e-01 1.718314e+02
8.459012e-01 3.195457e-01 -4.270149e-01 3.148802e+01 -2.726172e-01 9.472044e-01 1.687711e-01 -4.483280e+00 4.584004e-01 -2.635211e-02 8.883550e-01 1.716489e+02
9.734739e-01 -2.272606e-01 2.648044e-02 3.139862e+01 2.287918e-01 9.677653e-01 -1.052839e-01 -4.475452e+00 -1.699977e-03 1.085496e-01 9.940896e-01 1.714472e+02
8.826831e-01 2.895376e-01 -3.701872e-01 3.132018e+01 -2.069043e-01 9.466517e-01 2.470652e-01 -4.469395e+00 4.219730e-01 -1.414869e-01 8.955000e-01 1.712671e+02
9.507116e-01 -2.026751e-01 2.346705e-01 3.136686e+01 2.559440e-01 9.401621e-01 -2.249175e-01 -4.457929e+00 -1.750431e-01 2.738942e-01 9.456965e-01 1.703163e+02
9.018502e-01 2.311100e-01 -3.650402e-01 3.200588e+01 -1.457342e-01 9.581113e-01 2.465447e-01 -4.451507e+00 4.067281e-01 -1.691476e-01 8.977535e-01 1.689167e+02
