9.999568e-01 -1.195861e-03 -9.218519e-03 1.897609e-01 1.193666e-03 9.999993e-01 -2.436363e-04 -2.348908e-02 9.218803e-03 2.326212e-04 9.999575e-01 5.331569e-01
9.999995e-01 5.865701e-04 -7.848703e-04 3.251910e-01 -5.859878e-04 9.999996e-01 7.419165e-04 -3.737702e-02 7.853055e-04 -7.414555e-04 9.999994e-01 8.290907e-01
9.999600e-01 -1.271610e-03 -8.855324e-03 5.287237e-01 1.270340e-03 9.999992e-01 -1.490924e-04 -5.640932e-02 8.855506e-03 1.378364e-04 9.999608e-01 1.142679e+00
9.999833e-01 -9.261737e-04 5.709195e-03 6.550940e-01 9.460250e-04 9.999935e-01 -3.475354e-03 -1.065692e-01 -5.705938e-03 3.480697e-03 9.999777e-01 3.141863e+00
9.999237e-01 -1.653917e-03 -1.224561e-02 8.487092e-01 1.655028e-03 9.999986e-01 8.058211e-05 -1.580055e-01 1.224546e-02 -1.008435e-04 9.999250e-01 5.049834e+00
9.999893e-01 1.545802e-03 4.363042e-03 9.048241e-01 -1.547383e-03 9.999987e-01 3.590092e-04 -1.701255e-01 -4.362481e-03 -3.657560e-04 9.999904e-01 5.420559e+00
9.999110e-01 -2.144746e-03 -1.316874e-02 9.712520e-01 2.140411e-03 9.999977e-01 -3.432475e-04 -1.854259e-01 1.316945e-02 3.150297e-04 9.999132e-01 5.955017e+00
9.999926e-01 1.694866e-03 3.458004e-03 1.119365e+00 -1.699217e-03 9.999978e-01 1.255535e-03 -1.881003e-01 -3.455868e-03 -1.261400e-03 9.999932e-01 5.818630e+00
9.999142e-01 -2.001008e-03 -1.294546e-02 1.241830e+00 1.995436e-03 9.999979e-01 -4.433111e-04 -1.914130e-01 1.294632e-02 4.174405e-04 9.999161e-01 5.725258e+00
9.999147e-01 -3.569789e-04 1.305702e-02 1.216604e+00 4.110120e-04 9.999914e-01 -4.135793e-03 -2.357973e-01 -1.305543e-02 4.140808e-03 9.999062e-01 8.163815e+00
9.998523e-01 -1.544486e-03 -1.711487e-02 1.257856e+00 1.566412e-03 9.999980e-01 1.267786e-03 -2.711627e-01 1.711288e-02 -1.294409e-03 9.998527e-01 9.791310e+00
9.999776e-01 1.004382e-03 6.621735e-03 1.422342e+00 -1.003215e-03 9.999995e-01 -1.795562e-04 -2.764281e-01 -6.621912e-03 1.729098e-04 9.999781e-01 9.689041e+00
9.998746e-01 -1.304557e-03 -1.578365e-02 1.480287e+00 1.317593e-03 9.999988e-01 8.155358e-04 -2.750059e-01 1.578257e-02 -8.362307e-04 9.998751e-01 9.491994e+00
9.999716e-01 1.294282e-03 7.429108e-03 1.424244e+00 -1.290487e-03 9.999990e-01 -5.155619e-04 -2.666669e-01 -7.429768e-03 5.059608e-04 9.999723e-01 9.218000e+00
9.998816e-01 -1.360253e-03 -1.532583e-02 1.351448e+00 1.369823e-03 9.999989e-01 6.139367e-04 -2.551350e-01 1.532498e-02 -6.348584e-04 9.998824e-01 8.915544e+00
9.999632e-01 1.228286e-03 8.490290e-03 1.221120e+00 -1.221909e-03 9.999990e-01 -7.562283e-04 -2.502339e-01 -8.491210e-03 7.458269e-04 9.999637e-01 9.173899e+00
9.998746e-01 -1.355227e-03 -1.577651e-02 1.115538e+00 1.368083e-03 9.999987e-01 8.041390e-04 -2.471389e-01 1.577540e-02 -8.256225e-04 9.998752e-01 9.465129e+00
9.999719e-01 1.446720e-03 7.353344e-03 1.079745e+00 -1.443268e-03 9.999988e-01 -4.747878e-04 -2.489132e-01 -7.354022e-03 4.641623e-04 9.999729e-01 9.575562e+00
9.998907e-01 -1.336512e-03 -1.472259e-02 9.609423e-01 1.346474e-03 9.999989e-01 6.667374e-04 -2.472318e-01 1.472168e-02 -6.864888e-04 9.998914e-01 9.824114e+00
9.999666e-01 1.530229e-03 8.034350e-03 7.796333e-01 -1.524284e-03 9.999986e-01 -7.459886e-04 -2.359597e-01 -8.035480e-03 7.337177e-04 9.999674e-01 9.892822e+00
9.998366e-01 -1.960765e-03 -1.796769e-02 8.916819e-01 1.988839e-03 9.999968e-01 1.544690e-03 -2.335680e-01 1.796460e-02 -1.580173e-03 9.998374e-01 9.537510e+00
9.999627e-01 1.135550e-03 8.558259e-03 1.086975e+00 -1.130165e-03 9.999992e-01 -6.339505e-04 -2.275968e-01 -8.558971e-03 6.242553e-04 9.999632e-01 8.851172e+00
9.998161e-01 -2.155156e-03 -1.905639e-02 1.316403e+00 2.188005e-03 9.999962e-01 1.703071e-03 -2.265472e-01 1.905265e-02 -1.744454e-03 9.998170e-01 8.414626e+00
9.999638e-01 1.600114e-03 8.354980e-03 1.480831e+00 -1.594145e-03 9.999985e-01 -7.210526e-04 -2.253354e-01 -8.356120e-03 7.077082e-04 9.999648e-01 8.063980e+00
9.998654e-01 -1.683903e-03 -1.632153e-02 1.405947e+00 1.697658e-03 9.999982e-01 8.289197e-04 -2.233223e-01 1.632010e-02 -8.565172e-04 9.998665e-01 8.234662e+00
9.999725e-01 1.460314e-03 7.266790e-03 1.346685e+00 -1.454625e-03 9.999986e-01 -7.880575e-04 -2.177142e-01 -7.267931e-03 7.774661e-04 9.999733e-01 8.266348e+00
9.998764e-01 -2.099271e-03 -1.558241e-02 1.448384e+00 2.119649e-03 9.999969e-01 1.291312e-03 -2.061586e-01 1.557965e-02 -1.324183e-03 9.998778e-01 7.389730e+00
9.999773e-01 1.370016e-03 6.603829e-03 1.558115e+00 -1.365438e-03 9.999988e-01 -6.976655e-04 -1.984480e-01 -6.604777e-03 6.886333e-04 9.999780e-01 6.777028e+00
9.998553e-01 -1.799669e-03 -1.691657e-02 1.614428e+00 1.823335e-03 9.999974e-01 1.383664e-03 -2.006237e-01 1.691404e-02 -1.414309e-03 9.998559e-01 6.805885e+00
9.999742e-01 1.408172e-03 7.050008e-03 1.636294e+00 -1.402543e-03 9.999987e-01 -8.032108e-04 -1.982321e-01 -7.051129e-03 7.933028e-04 9.999748e-01 6.750994e+00
9.998757e-01 -1.646060e-03 -1.567991e-02 1.624539e+00 1.666814e-03 9.999978e-01 1.310606e-03 -1.921910e-01 1.567771e-02 -1.336579e-03 9.998762e-01 6.578937e+00
9.999508e-01 1.987283e-03 9.717404e-03 1.405028e+00 -1.974380e-03 9.999972e-01 -1.337250e-03 -1.816302e-01 -9.720033e-03 1.317999e-03 9.999519e-01 6.747143e+00
9.998762e-01 -1.708016e-03 -1.564047e-02 1.142069e+00 1.723326e-03 9.999980e-01 9.654954e-04 -1.632311e-01 1.563879e-02 -9.923302e-04 9.998772e-01 6.843945e+00
9.999791e-01 1.387214e-03 6.321261e-03 1.157802e+00 -1.383580e-03 9.999989e-01 -5.791573e-04 -1.563837e-01 -6.322057e-03 5.703999e-04 9.999799e-01 6.505553e+00
9.998806e-01 -1.645464e-03 -1.536265e-02 1.200915e+00 1.663960e-03 9.999979e-01 1.191220e-03 -1.525625e-01 1.536066e-02 -1.216642e-03 9.998813e-01 6.163314e+00
9.999715e-01 2.085300e-03 7.256673e-03 1.107728e+00 -2.080327e-03 9.999976e-01 -6.927784e-04 -1.487462e-01 -7.258100e-03 6.776631e-04 9.999734e-01 6.082044e+00
9.998858e-01 -1.431053e-03 -1.504234e-02 9.542568e-01 1.445689e-03 9.999985e-01 9.621332e-04 -1.414941e-01 1.504094e-02 -9.837706e-04 9.998864e-01 5.969707e+00
9.999865e-01 8.616336e-04 5.119613e-03 1.091191e+00 -8.610955e-04 9.999996e-01 -1.072920e-04 -1.380859e-01 -5.119703e-03 1.028827e-04 9.999869e-01 5.536555e+00
9.999091e-01 -1.007242e-03 -1.344547e-02 1.068772e+00 1.012272e-03 9.999994e-01 3.673791e-04 -1.257870e-01 1.344509e-02 -3.809569e-04 9.999095e-01 4.994504e+00
9.999766e-01 6.799264e-04 6.802545e-03 1.075337e+00 -6.755340e-04 9.999996e-01 -6.479550e-04 -1.065224e-01 -6.802982e-03 6.433452e-04 9.999767e-01 3.834671e+00
9.999031e-01 -2.332574e-03 -1.372417e-02 1.267260e+00 2.340241e-03 9.999971e-01 5.426258e-04 -8.864381e-02 1.372286e-02 -5.746918e-04 9.999057e-01 2.530852e+00
9.999673e-01 1.224315e-03 7.996069e-03 1.284340e+00 -1.214228e-03 9.999985e-01 -1.266153e-03 -6.352388e-02 -7.997607e-03 1.256403e-03 9.999672e-01 1.035637e+00
9.999101e-01 -1.801060e-03 -1.328495e-02 1.235556e+00 1.808415e-03 9.999982e-01 5.416211e-04 -3.927356e-02 1.328395e-02 -5.655978e-04 9.999116e-01 -2.657807e-01
9.999801e-01 1.525952e-03 6.117883e-03 1.232105e+00 -1.523732e-03 9.999988e-01 -3.675976e-04 -2.613041e-02 -6.118436e-03 3.582690e-04 9.999812e-01 -1.011476e+00
9.999100e-01 -1.541102e-03 -1.332804e-02 1.080711e+00 1.545308e-03 9.999988e-01 3.053370e-04 -1.243810e-02 1.332755e-02 -3.259062e-04 9.999111e-01 -1.382312e+00
9.999747e-01 2.023742e-03 6.816799e-03 7.375034e-01 -2.018139e-03 9.999976e-01 -8.287288e-04 5.849723e-03 -6.818460e-03 8.149513e-04 9.999764e-01 -1.585546e+00
9.999759e-01 -9.489982e-04 -6.880148e-03 -1.575655e-02 9.329838e-04 9.999968e-01 -2.330430e-03 3.839920e-02 6.882338e-03 2.323954e-03 9.999736e-01 -1.287314e+00
9.999590e-01 1.937843e-03 8.842059e-03 -7.626823e-01 -1.937020e-03 9.999981e-01 -1.016409e-04 7.987583e-02 -8.842239e-03 8.451016e-05 9.999609e-01 -1.023870e+00
9.998734e-01 -1.696255e-03 -1.582377e-02 -8.698357e-01 1.698980e-03 9.999985e-01 1.587867e-04 9.304068e-02 1.582348e-02 -1.856516e-04 9.998748e-01 -1.509262e+00
9.999578e-01 1.842805e-03 8.995895e-03 -9.471752e-01 -1.842514e-03 9.999983e-01 -4.064837e-05 1.067601e-01 -8.995955e-03 2.407229e-05 9.999595e-01 -2.230650e+00
9.998923e-01 -1.754950e-03 -1.457022e-02 -1.075121e+00 1.750435e-03 9.999984e-01 -3.225517e-04 1.266481e-01 1.457076e-02 2.970121e-04 9.998938e-01 -3.203719e+00
9.999632e-01 1.797098e-03 8.383913e-03 -1.165969e+00 -1.798854e-03 9.999984e-01 2.019433e-04 1.437945e-01 -8.383536e-03 -2.170167e-04 9.999648e-01 -4.063148e+00
9.998794e-01 -1.626272e-03 -1.544700e-02 -1.281342e+00 1.624470e-03 9.999987e-01 -1.291932e-04 1.577861e-01 1.544719e-02 1.040838e-04 9.998807e-01 -4.692474e+00
9.999532e-01 2.075528e-03 9.448589e-03 -1.491483e+00 -2.075763e-03 9.999978e-01 1.512217e-05 1.756995e-01 -9.448537e-03 -3.473381e-05 9.999554e-01 -5.212375e+00
9.998457e-01 -2.056922e-03 -1.744336e-02 -1.519262e+00 2.064007e-03 9.999978e-01 3.881877e-04 1.864651e-01 1.744252e-02 -4.241317e-04 9.998478e-01 -5.758205e+00
9.999493e-01 2.063919e-03 9.853138e-03 -1.594165e+00 -2.061836e-03 9.999978e-01 -2.215941e-04 1.986471e-01 -9.853574e-03 2.012680e-04 9.999514e-01 -6.284019e+00
9.998273e-01 -2.252983e-03 -1.844622e-02 -1.658057e+00 2.261175e-03 9.999974e-01 4.232315e-04 2.053976e-01 1.844522e-02 -4.648692e-04 9.998298e-01 -6.611673e+00
9.999194e-01 2.832817e-03 1.237953e-02 -1.941897e+00 -2.823162e-03 9.999957e-01 -7.973347e-04 2.234847e-01 -1.238174e-02 7.623217e-04 9.999231e-01 -6.960860e+00
9.998742e-01 -2.632237e-03 -1.564149e-02 -2.170387e+00 2.613910e-03 9.999959e-01 -1.192033e-03 2.238053e-01 1.564456e-02 1.150997e-03 9.998770e-01 -6.344927e+00
9.998646e-01 2.314416e-03 1.629053e-02 -2.567821e+00 -2.277777e-03 9.999948e-01 -2.267229e-03 2.298961e-01 -1.629569e-02 2.229816e-03 9.998647e-01 -5.177653e+00
9.998526e-01 -1.559923e-03 -1.710065e-02 -3.091475e+00 1.573394e-03 9.999985e-01 7.743545e-04 2.578590e-01 1.709942e-02 -8.011471e-04 9.998535e-01 -4.942860e+00
9.999651e-01 1.359206e-03 8.248466e-03 -3.119971e+00 -1.356066e-03 9.999990e-01 -3.862963e-04 2.646233e-01 -8.248983e-03 3.750980e-04 9.999659e-01 -5.252144e+00
9.998641e-01 -1.168602e-03 -1.644156e-02 -3.208185e+00 1.181332e-03 9.999990e-01 7.645730e-04 2.699022e-01 1.644065e-02 -7.838928e-04 9.998645e-01 -5.375441e+00
9.999715e-01 1.146635e-03 7.464684e-03 -3.216905e+00 -1.144982e-03 9.999993e-01 -2.257072e-04 2.669311e-01 -7.464937e-03 2.171545e-04 9.999721e-01 -5.171586e+00
9.999317e-01 -1.936082e-03 -1.152384e-02 -3.270874e+00 1.921583e-03 9.999973e-01 -1.269045e-03 2.511322e-01 1.152626e-02 1.246814e-03 9.999328e-01 -4.107565e+00
9.999566e-01 6.153464e-04 9.298988e-03 -3.293331e+00 -6.019169e-04 9.999988e-01 -1.446906e-03 2.230395e-01 -9.299867e-03 1.441246e-03 9.999557e-01 -2.416310e+00
9.998991e-01 -1.783649e-03 -1.409019e-02 -3.208107e+00 1.774685e-03 9.999982e-01 -6.486198e-04 1.896974e-01 1.409132e-02 6.235481e-04 9.999005e-01 -1.060387e+00
9.999432e-01 4.866709e-04 1.065072e-02 -3.157266e+00 -4.692091e-04 9.999985e-01 -1.641912e-03 1.575579e-01 -1.065150e-02 1.636822e-03 9.999419e-01 4.681543e-01
9.998910e-01 -1.459546e-03 -1.469087e-02 -3.240912e+00 1.458416e-03 9.999989e-01 -8.761295e-05 1.417212e-01 1.469098e-02 6.617732e-05 9.998921e-01 1.760212e+00
9.999531e-01 1.342665e-03 9.592126e-03 -3.445736e+00 -1.338264e-03 9.999990e-01 -4.651613e-04 1.466307e-01 -9.592740e-03 4.523034e-04 9.999539e-01 2.314541e+00
9.998501e-01 -9.221380e-04 -1.728822e-02 -3.585663e+00 9.341916e-04 9.999993e-01 6.891586e-04 1.503888e-01 1.728757e-02 -7.052065e-04 9.998503e-01 2.364509e+00
9.999600e-01 7.520225e-04 8.916151e-03 -3.582799e+00 -7.474679e-04 9.999996e-01 -5.141251e-04 1.401130e-01 -8.916534e-03 5.074407e-04 9.999601e-01 2.799543e+00
9.998454e-01 -9.998155e-04 -1.755367e-02 -3.619907e+00 1.008965e-03 9.999994e-01 5.124078e-04 1.339899e-01 1.755314e-02 -5.300403e-04 9.998458e-01 3.251367e+00
9.999340e-01 1.387735e-03 1.140284e-02 -3.830302e+00 -1.378431e-03 9.999987e-01 -8.237074e-04 1.403556e-01 -1.140397e-02 8.079357e-04 9.999346e-01 3.524586e+00
9.998425e-01 -8.941396e-04 -1.772474e-02 -4.142873e+00 8.994814e-04 9.999996e-01 2.934199e-04 1.577032e-01 1.772447e-02 -3.093174e-04 9.998429e-01 3.353003e+00
9.999309e-01 7.573079e-04 1.173395e-02 -4.221417e+00 -7.518560e-04 9.999996e-01 -4.690084e-04 1.776930e-01 -1.173430e-02 4.601544e-04 9.999310e-01 2.452840e+00
9.998068e-01 -5.528619e-04 -1.964963e-02 -4.296244e+00 5.697303e-04 9.999995e-01 8.528796e-04 1.783171e-01 1.964915e-02 -8.639104e-04 9.998066e-01 2.522068e+00
9.999236e-01 3.002911e-04 1.235646e-02 -4.288150e+00 -2.917812e-04 9.999997e-01 -6.904792e-04 1.685528e-01 -1.235666e-02 6.868218e-04 9.999234e-01 3.027796e+00
9.998278e-01 -9.318765e-04 -1.853337e-02 -4.278190e+00 9.341025e-04 9.999996e-01 1.114644e-04 1.523853e-01 1.853326e-02 -1.287579e-04 9.998282e-01 3.829734e+00
9.999296e-01 2.165283e-04 1.186194e-02 -4.252730e+00 -2.080518e-04 9.999997e-01 -7.158064e-04 1.345271e-01 -1.186209e-02 7.132888e-04 9.999294e-01 4.605800e+00
9.998060e-01 -1.830496e-04 -1.969813e-02 -4.287624e+00 2.026016e-04 9.999995e-01 9.906015e-04 1.286650e-01 1.969794e-02 -9.944008e-04 9.998055e-01 4.940679e+00
9.999352e-01 4.420648e-04 1.137475e-02 -4.354996e+00 -4.358976e-04 9.999998e-01 -5.446376e-04 1.266598e-01 -1.137499e-02 5.396447e-04 9.999352e-01 5.124509e+00
9.998308e-01 -2.615605e-05 -1.839570e-02 -4.507223e+00 3.947064e-05 9.999997e-01 7.234371e-04 1.307364e-01 1.839567e-02 -7.240415e-04 9.998305e-01 5.308074e+00
9.999242e-01 5.171386e-04 1.230271e-02 -4.747218e+00 -5.066035e-04 9.999995e-01 -8.594088e-04 1.401641e-01 -1.230314e-02 8.531118e-04 9.999239e-01 5.472506e+00
9.998440e-01 1.816716e-04 -1.766086e-02 -5.055602e+00 -1.731920e-04 9.999999e-01 4.816785e-04 1.544790e-01 1.766094e-02 -4.785453e-04 9.998439e-01 5.550821e+00
9.999301e-01 3.843784e-04 1.181574e-02 -5.314436e+00 -3.740583e-04 9.999995e-01 -8.756016e-04 1.720625e-01 -1.181607e-02 8.711213e-04 9.999298e-01 5.146270e+00
9.998794e-01 5.249724e-04 -1.551917e-02 -5.741734e+00 -5.218788e-04 9.999998e-01 2.034014e-04 1.972494e-01 1.551927e-02 -1.952785e-04 9.998795e-01 4.886343e+00
9.999201e-01 4.727929e-04 1.263369e-02 -6.264886e+00 -4.556078e-04 9.999990e-01 -1.363084e-03 2.271550e-01 -1.263432e-02 1.357220e-03 9.999193e-01 4.711469e+00
9.998369e-01 9.035620e-05 -1.805779e-02 -6.564616e+00 -7.424189e-05 9.999996e-01 8.930561e-04 2.449707e-01 1.805786e-02 -8.915705e-04 9.998365e-01 4.509632e+00
9.999409e-01 1.174409e-04 1.086724e-02 -6.719041e+00 -1.086957e-04 9.999997e-01 -8.053025e-04 2.529230e-01 -1.086733e-02 8.040744e-04 9.999406e-01 4.433033e+00
9.997858e-01 -5.746719e-04 -2.068998e-02 -6.636937e+00 6.066722e-04 9.999986e-01 1.540425e-03 2.534598e-01 2.068907e-02 -1.552648e-03 9.997848e-01 4.212810e+00
9.999426e-01 -8.205158e-05 1.071568e-02 -6.469860e+00 9.127499e-05 9.999996e-01 -8.602294e-04 2.427518e-01 -1.071561e-02 8.611588e-04 9.999422e-01 4.344688e+00
9.998112e-01 -2.296491e-04 -1.943007e-02 -6.402414e+00 2.557996e-04 9.999991e-01 1.343412e-03 2.303347e-01 1.942974e-02 -1.348130e-03 9.998103e-01 4.714030e+00
9.999489e-01 9.967054e-05 1.011241e-02 -6.349949e+00 -9.416056e-05 9.999998e-01 -5.453219e-04 2.223726e-01 -1.011247e-02 5.443425e-04 9.999487e-01 4.941381e+00
9.997976e-01 -2.910363e-04 -2.011728e-02 -6.273356e+00 3.201939e-04 9.999989e-01 1.446185e-03 2.170961e-01 2.011684e-02 -1.452334e-03 9.997966e-01 5.042488e+00
9.999320e-01 2.307724e-04 1.165734e-02 -6.256609e+00 -2.200745e-04 9.999996e-01 -9.189542e-04 2.167578e-01 -1.165755e-02 9.163269e-04 9.999316e-01 4.944895e+00
9.997818e-01 -4.874117e-04 -2.088481e-02 -6.252887e+00 5.195066e-04 9.999987e-01 1.531373e-03 2.182429e-01 2.088403e-02 -1.541889e-03 9.997807e-01 4.783327e+00
9.999109e-01 8.447391e-04 1.332322e-02 -6.366057e+00 -8.299827e-04 9.999990e-01 -1.113046e-03 2.251407e-01 -1.332415e-02 1.101889e-03 9.999106e-01 4.674494e+00
9.997713e-01 -6.695582e-04 -2.137486e-02 -6.426941e+00 6.954837e-04 9.999990e-01 1.205496e-03 2.257471e-01 2.137404e-02 -1.220087e-03 9.997708e-01 4.761820e+00
9.999355e-01 4.895322e-04 1.134872e-02 -6.370137e+00 -4.844590e-04 9.999998e-01 -4.497452e-04 2.172293e-01 -1.134894e-02 4.442188e-04 9.999355e-01 4.954870e+00
9.997874e-01 -5.551117e-04 -2.061150e-02 -6.326434e+00 5.800646e-04 9.999991e-01 1.204684e-03 2.151700e-01 2.061082e-02 -1.216385e-03 9.997868e-01 4.936727e+00
9.999365e-01 3.756766e-04 1.126063e-02 -6.251273e+00 -3.720274e-04 9.999999e-01 -3.261365e-04 2.150078e-01 -1.126075e-02 3.219272e-04 9.999365e-01 4.747306e+00
9.998183e-01 -7.671543e-04 -1.904473e-02 -6.200935e+00 7.786478e-04 9.999995e-01 5.961023e-04 2.264417e-01 1.904426e-02 -6.108238e-04 9.998185e-01 3.965800e+00
9.999426e-01 -7.261945e-06 1.071855e-02 -6.103485e+00 8.854446e-06 1.000000e+00 -1.485003e-04 2.372761e-01 -1.071855e-02 1.485873e-04 9.999425e-01 3.137650e+00
9.998104e-01 -5.375424e-04 -1.946631e-02 -6.038449e+00 5.543643e-04 9.999995e-01 8.587840e-04 2.396315e-01 1.946584e-02 -8.694132e-04 9.998101e-01 2.923960e+00
9.999461e-01 6.009358e-04 1.036932e-02 -6.019756e+00 -5.997704e-04 9.999998e-01 -1.154671e-04 2.397126e-01 -1.036939e-02 1.092423e-04 9.999462e-01 2.853547e+00
9.998242e-01 -9.709478e-04 -1.872655e-02 -5.890504e+00 9.868811e-04 9.999992e-01 8.416326e-04 2.455237e-01 1.872572e-02 -8.599661e-04 9.998243e-01 2.256193e+00
9.999343e-01 7.211045e-04 1.143705e-02 -5.889288e+00 -7.127471e-04 9.999995e-01 -7.347618e-04 2.571965e-01 -1.143757e-02 7.265624e-04 9.999343e-01 1.503685e+00
9.998396e-01 -1.609995e-03 -1.783830e-02 -5.854947e+00 1.602332e-03 9.999986e-01 -4.438164e-04 2.354137e-01 1.783899e-02 4.151617e-04 9.998408e-01 2.421188e+00
9.999680e-01 3.033075e-04 7.992190e-03 -5.685278e+00 -3.003095e-04 9.999999e-01 -3.762714e-04 2.070053e-01 -7.992303e-03 3.738599e-04 9.999680e-01 3.234741e+00
9.998676e-01 -6.024998e-04 -1.626266e-02 -5.649937e+00 6.152929e-04 9.999995e-01 7.816854e-04 2.165111e-01 1.626218e-02 -7.915888e-04 9.998674e-01 2.621570e+00
9.999570e-01 4.764088e-04 9.259379e-03 -5.757989e+00 -4.665924e-04 9.999993e-01 -1.062260e-03 2.355361e-01 -9.259878e-03 1.057895e-03 9.999566e-01 1.878147e+00
9.998590e-01 -4.720628e-04 -1.678715e-02 -5.832887e+00 4.855083e-04 9.999996e-01 7.968903e-04 2.474454e-01 1.678677e-02 -8.049288e-04 9.998588e-01 1.345229e+00
9.998817e-01 4.962764e-04 1.537207e-02 -6.237541e+00 -4.641093e-04 9.999977e-01 -2.096045e-03 2.701164e-01 -1.537307e-02 2.088664e-03 9.998796e-01 1.959035e+00
9.998882e-01 -5.388069e-04 -1.494020e-02 -6.779520e+00 5.457911e-04 9.999997e-01 4.634252e-04 3.103230e-01 1.493994e-02 -4.715283e-04 9.998883e-01 2.449676e+00
9.999885e-01 -6.899180e-05 4.795771e-03 -6.649070e+00 6.773340e-05 1.000000e+00 2.626236e-04 3.134110e-01 -4.795788e-03 -2.622951e-04 9.999885e-01 2.053502e+00
9.998945e-01 -3.307456e-04 -1.452372e-02 -6.517778e+00 3.400157e-04 9.999997e-01 6.358330e-04 3.174306e-01 1.452351e-02 -6.407048e-04 9.998943e-01 1.592856e+00
9.999793e-01 -2.697071e-04 6.423454e-03 -6.441552e+00 2.719951e-04 9.999999e-01 -3.552778e-04 3.310611e-01 -6.423357e-03 3.570182e-04 9.999793e-01 6.621973e-01
9.998885e-01 -5.840725e-04 -1.491969e-02 -6.321477e+00 5.987020e-04 9.999993e-01 9.761188e-04 3.410372e-01 1.491911e-02 -9.849431e-04 9.998882e-01 -1.236812e-01
9.999899e-01 -2.666091e-04 4.491132e-03 -6.135427e+00 2.659491e-04 1.000000e+00 1.476290e-04 3.402633e-01 -4.491171e-03 -1.464324e-04 9.999899e-01 -4.362132e-01
9.999182e-01 -1.334165e-05 -1.279077e-02 -6.064488e+00 1.397314e-05 1.000000e+00 4.930617e-05 3.540572e-01 1.279076e-02 -4.948149e-05 9.999182e-01 -1.340999e+00
9.999787e-01 -5.349833e-04 6.499325e-03 -6.088736e+00 5.378724e-04 9.999998e-01 -4.427290e-04 3.749849e-01 -6.499086e-03 4.462161e-04 9.999788e-01 -2.480136e+00
9.999594e-01 1.079931e-03 -8.945630e-03 -6.590329e+00 -1.088202e-03 9.999990e-01 -9.197827e-04 4.125752e-01 8.944627e-03 9.294793e-04 9.999596e-01 -3.100019e+00
9.999757e-01 -3.132779e-05 6.970830e-03 -7.193748e+00 3.815668e-05 9.999995e-01 -9.794598e-04 4.527031e-01 -6.970796e-03 9.797027e-04 9.999752e-01 -3.661753e+00
9.998947e-01 -2.131520e-04 -1.450867e-02 -7.217961e+00 2.275760e-04 9.999995e-01 9.925488e-04 4.644161e-01 1.450845e-02 -9.957467e-04 9.998943e-01 -4.252222e+00
9.999898e-01 -5.834529e-04 4.471086e-03 -7.073642e+00 5.847148e-04 9.999998e-01 -2.808485e-04 4.666639e-01 -4.470921e-03 2.834606e-04 9.999900e-01 -4.655050e+00
9.999099e-01 1.643207e-04 -1.341890e-02 -6.978630e+00 -1.537259e-04 9.999997e-01 7.905988e-04 4.730983e-01 1.341902e-02 -7.884654e-04 9.999097e-01 -5.169052e+00
9.999909e-01 -3.702227e-04 4.243236e-03 -6.944547e+00 3.709700e-04 9.999999e-01 -1.752504e-04 4.725267e-01 -4.243171e-03 1.768236e-04 9.999910e-01 -5.288729e+00
9.998907e-01 -3.184450e-04 -1.478273e-02 -6.768168e+00 3.393565e-04 9.999989e-01 1.412128e-03 4.723937e-01 1.478226e-02 -1.416991e-03 9.998897e-01 -5.616116e+00
9.999901e-01 -5.995110e-04 4.400099e-03 -6.588276e+00 6.011538e-04 9.999998e-01 -3.719613e-04 4.679615e-01 -4.399874e-03 3.746034e-04 9.999903e-01 -5.757257e+00
9.998988e-01 1.419039e-04 -1.422635e-02 -6.453709e+00 -1.198444e-04 9.999988e-01 1.551477e-03 4.658972e-01 1.422656e-02 -1.549615e-03 9.998976e-01 -5.965762e+00
9.999908e-01 -7.472981e-04 4.234309e-03 -6.325342e+00 7.496090e-04 9.999996e-01 -5.441104e-04 4.622579e-01 -4.233900e-03 5.472801e-04 9.999909e-01 -6.112992e+00
9.999131e-01 3.268615e-04 -1.318093e-02 -6.206026e+00 -3.139745e-04 9.999995e-01 9.797828e-04 4.434342e-01 1.318124e-02 -9.755598e-04 9.999126e-01 -5.702742e+00
9.999882e-01 -1.313968e-03 4.670364e-03 -6.075902e+00 1.320657e-03 9.999981e-01 -1.429292e-03 4.197409e-01 -4.668477e-03 1.435443e-03 9.999881e-01 -5.079014e+00
9.999065e-01 7.056755e-04 -1.365883e-02 -5.989941e+00 -6.860980e-04 9.999987e-01 1.437980e-03 4.018416e-01 1.365983e-02 -1.428475e-03 9.999057e-01 -4.605305e+00
9.999942e-01 -1.238634e-03 3.170509e-03 -5.880002e+00 1.241099e-03 9.999989e-01 -7.755057e-04 3.892256e-01 -3.169545e-03 7.794367e-04 9.999947e-01 -4.364471e+00
9.999103e-01 1.033593e-03 -1.335021e-02 -5.777945e+00 -1.008377e-03 9.999977e-01 1.895422e-03 3.821568e-01 1.335214e-02 -1.881790e-03 9.999091e-01 -4.303689e+00
9.999882e-01 -1.300904e-03 4.684756e-03 -5.699592e+00 1.307589e-03 9.999981e-01 -1.424071e-03 3.681744e-01 -4.682894e-03 1.430181e-03 9.999880e-01 -3.945217e+00
9.999095e-01 9.915676e-04 -1.341482e-02 -5.674703e+00 -9.674064e-04 9.999979e-01 1.807474e-03 3.563557e-01 1.341659e-02 -1.794333e-03 9.999084e-01 -3.543857e+00
9.999896e-01 -1.105798e-03 4.426483e-03 -5.661680e+00 1.110931e-03 9.999987e-01 -1.157244e-03 3.550060e-01 -4.425198e-03 1.162150e-03 9.999895e-01 -3.447796e+00
9.999291e-01 5.447989e-04 -1.189461e-02 -5.620914e+00 -5.338744e-04 9.999994e-01 9.216299e-04 3.376701e-01 1.189511e-02 -9.152149e-04 9.999288e-01 -2.812804e+00
9.999856e-01 -9.601727e-04 5.277777e-03 -5.686654e+00 9.663146e-04 9.999989e-01 -1.161230e-03 3.308046e-01 -5.276655e-03 1.166314e-03 9.999854e-01 -2.199834e+00
9.999605e-01 7.875304e-04 -8.854344e-03 -5.928170e+00 -7.827880e-04 9.999995e-01 5.391008e-04 3.415280e-01 8.854765e-03 -5.321490e-04 9.999607e-01 -1.625889e+00
9.999896e-01 -4.669674e-04 4.532355e-03 -6.216387e+00 4.706593e-04 9.999996e-01 -8.134469e-04 3.559356e-01 -4.531973e-03 8.155723e-04 9.999894e-01 -1.322397e+00
9.999556e-01 7.216870e-04 -9.398952e-03 -6.535227e+00 -7.189761e-04 9.999997e-01 2.918457e-04 3.772924e-01 9.399159e-03 -2.850757e-04 9.999558e-01 -1.178909e+00
9.999995e-01 -6.255738e-04 7.782420e-04 -6.561244e+00 6.253234e-04 9.999998e-01 3.224238e-04 3.779029e-01 -7.784433e-04 -3.219364e-04 9.999996e-01 -1.222336e+00
9.999831e-01 5.847201e-04 -5.775905e-03 -6.759223e+00 -5.880486e-04 9.999997e-01 -5.745189e-04 3.866477e-01 5.775567e-03 5.779051e-04 9.999832e-01 -8.570317e-01
9.999992e-01 -2.449254e-04 -1.248246e-03 -6.969473e+00 2.452452e-04 9.999999e-01 2.557447e-04 3.958902e-01 1.248183e-03 -2.560500e-04 9.999992e-01 -7.167989e-01
9.999724e-01 -2.203618e-04 -7.430890e-03 -6.952236e+00 2.205818e-04 1.000000e+00 2.883031e-05 4.036466e-01 7.430883e-03 -3.046923e-05 9.999724e-01 -1.160243e+00
9.999990e-01 1.911994e-04 -1.418397e-03 -6.912243e+00 -1.903152e-04 9.999998e-01 6.232282e-04 4.086969e-01 1.418516e-03 -6.229570e-04 9.999988e-01 -1.466308e+00
9.999964e-01 -3.613873e-04 2.655884e-03 -7.458002e+00 3.667681e-04 9.999979e-01 -2.025924e-03 4.466685e-01 -2.655146e-03 2.026890e-03 9.999944e-01 -8.881074e-01
9.999991e-01 1.799468e-04 -1.362577e-03 -8.094297e+00 -1.796123e-04 1.000000e+00 2.453839e-04 4.904247e-01 1.362621e-03 -2.451383e-04 9.999990e-01 -3.400326e-01
9.999961e-01 6.036940e-04 -2.724839e-03 -8.483331e+00 -6.066826e-04 9.999992e-01 -1.095951e-03 5.097628e-01 2.724175e-03 1.097599e-03 9.999957e-01 -3.422919e-01
9.999985e-01 -1.750018e-04 -1.748146e-03 -8.764703e+00 1.760219e-04 9.999998e-01 5.831649e-04 5.232474e-01 1.748044e-03 -5.834712e-04 9.999983e-01 -1.874142e-01
9.999979e-01 1.270445e-03 -1.602795e-03 -9.274523e+00 -1.273455e-03 9.999974e-01 -1.878006e-03 5.504866e-01 1.600405e-03 1.880042e-03 9.999970e-01 -3.985692e-01
9.999999e-01 -3.030124e-04 -2.056406e-04 -9.808756e+00 3.031419e-04 9.999998e-01 6.284360e-04 5.817593e-01 2.054503e-04 -6.284977e-04 9.999998e-01 -4.449421e-01
9.999894e-01 6.876812e-04 -4.541700e-03 -1.007294e+01 -6.922483e-04 9.999993e-01 -1.004008e-03 5.974001e-01 4.541006e-03 1.007141e-03 9.999892e-01 -3.438454e-01
9.999928e-01 -5.708764e-04 -3.741928e-03 -1.012237e+01 5.758508e-04 9.999990e-01 1.328335e-03 5.964036e-01 3.741166e-03 -1.330480e-03 9.999921e-01 -2.075590e-01
9.999934e-01 7.669754e-04 -3.551462e-03 -1.023765e+01 -7.708217e-04 9.999991e-01 -1.081686e-03 6.016036e-01 3.550629e-03 1.084416e-03 9.999931e-01 -1.386451e-01
9.999993e-01 -1.338402e-04 -1.170438e-03 -1.055257e+01 1.345592e-04 9.999998e-01 6.139518e-04 6.182936e-01 1.170356e-03 -6.141082e-04 9.999991e-01 -1.010408e-01
9.999981e-01 9.012320e-04 -1.709786e-03 -1.098907e+01 -9.039400e-04 9.999983e-01 -1.583470e-03 6.446265e-01 1.708356e-03 1.585012e-03 9.999973e-01 -1.153904e-01
9.999929e-01 -6.549044e-04 -3.722947e-03 -1.119544e+01 6.597680e-04 9.999989e-01 1.305176e-03 6.569654e-01 3.722089e-03 -1.307623e-03 9.999922e-01 -1.080814e-02
9.999997e-01 7.011557e-04 2.951765e-04 -1.150782e+01 -7.005698e-04 9.999978e-01 -1.981874e-03 6.724315e-01 -2.965656e-04 1.981666e-03 9.999980e-01 3.456281e-01
9.999996e-01 -6.517852e-04 -6.271178e-04 -1.198491e+01 6.522378e-04 9.999995e-01 7.211662e-04 7.034867e-01 6.266476e-04 -7.215743e-04 9.999995e-01 7.334450e-01
9.999971e-01 6.666654e-04 -2.313829e-03 -1.236392e+01 -6.702319e-04 9.999986e-01 -1.540780e-03 7.276946e-01 2.312798e-03 1.542326e-03 9.999961e-01 1.044966e+00
9.999971e-01 -4.399725e-05 -2.390287e-03 -1.268259e+01 4.645074e-05 9.999995e-01 1.026225e-03 7.452197e-01 2.390240e-03 -1.026332e-03 9.999966e-01 1.042677e+00
9.999996e-01 2.896817e-04 -8.951740e-04 -1.303366e+01 -2.911585e-04 9.999986e-01 -1.649638e-03 7.703050e-01 8.946948e-04 1.649898e-03 9.999982e-01 1.191993e+00
9.999793e-01 -2.106021e-04 -6.428832e-03 -1.317185e+01 2.215169e-04 9.999985e-01 1.697065e-03 7.829347e-01 6.428465e-03 -1.698454e-03 9.999779e-01 1.171126e+00
9.999999e-01 5.073500e-04 -2.176843e-05 -1.335153e+01 -5.073878e-04 9.999983e-01 -1.756709e-03 7.983226e-01 2.087700e-05 1.756719e-03 9.999985e-01 9.709288e-01
9.999831e-01 1.862516e-05 -5.811618e-03 -1.356331e+01 -9.433932e-06 9.999987e-01 1.581479e-03 8.103498e-01 5.811640e-03 -1.581397e-03 9.999819e-01 1.047821e+00
9.999995e-01 1.128989e-04 9.486988e-04 -1.380245e+01 -1.112060e-04 9.999984e-01 -1.784688e-03 8.211981e-01 -9.488989e-04 1.784581e-03 9.999980e-01 1.457929e+00
9.999656e-01 1.415617e-05 -8.293054e-03 -1.397171e+01 5.798950e-07 9.999984e-01 1.776862e-03 8.353860e-01 8.293066e-03 -1.776805e-03 9.999640e-01 1.422121e+00
9.999992e-01 -4.960685e-04 -1.143067e-03 -1.387621e+01 4.944890e-04 9.999989e-01 -1.381300e-03 8.452683e-01 1.143751e-03 1.380734e-03 9.999984e-01 8.933010e-01
9.999615e-01 9.889109e-05 -8.774425e-03 -1.371089e+01 -7.878644e-05 9.999974e-01 2.291546e-03 8.489625e-01 8.774629e-03 -2.290766e-03 9.999589e-01 4.022174e-01
9.999983e-01 -6.932412e-04 -1.733337e-03 -1.353841e+01 6.910809e-04 9.999990e-01 -1.246382e-03 8.464847e-01 1.734199e-03 1.245182e-03 9.999977e-01 2.056011e-01
9.999969e-01 1.057596e-03 -2.233060e-03 -1.388522e+01 -1.056460e-03 9.999993e-01 5.099996e-04 8.682910e-01 2.233598e-03 -5.076383e-04 9.999974e-01 3.113809e-01
9.999955e-01 -3.494582e-04 -2.992239e-03 -1.422090e+01 3.461414e-04 9.999993e-01 -1.108787e-03 8.866695e-01 2.992624e-03 1.107745e-03 9.999949e-01 2.010474e-01
9.999954e-01 8.688971e-04 -2.888978e-03 -1.450955e+01 -8.671682e-04 9.999994e-01 5.994991e-04 9.062137e-01 2.889497e-03 -5.969906e-04 9.999956e-01 -1.065685e-01
9.999899e-01 -5.661310e-04 -4.448127e-03 -1.461916e+01 5.639819e-04 9.999997e-01 -4.842719e-04 9.203259e-01 4.448400e-03 4.817579e-04 9.999900e-01 -6.258305e-01
9.999878e-01 2.317591e-06 -4.935606e-03 -1.446275e+01 3.983225e-06 9.999992e-01 1.276506e-03 9.240804e-01 4.935605e-03 -1.276510e-03 9.999870e-01 -1.109162e+00
9.999875e-01 -5.644693e-04 -4.977341e-03 -1.429632e+01 5.631134e-04 9.999998e-01 -2.737174e-04 9.271123e-01 4.977494e-03 2.709106e-04 9.999876e-01 -1.565379e+00
9.999874e-01 5.579591e-05 -5.013975e-03 -1.416977e+01 -4.965893e-05 9.999992e-01 1.224004e-03 9.281499e-01 5.014040e-03 -1.223739e-03 9.999867e-01 -1.875311e+00
9.999877e-01 -3.186494e-04 -4.947463e-03 -1.407090e+01 3.175764e-04 9.999999e-01 -2.175813e-04 9.221555e-01 4.947532e-03 2.160069e-04 9.999877e-01 -1.823179e+00
9.999897e-01 8.112307e-05 -4.545745e-03 -1.400386e+01 -7.661491e-05 9.999995e-01 9.917993e-04 9.154459e-01 4.545823e-03 -9.914402e-04 9.999892e-01 -1.707776e+00
9.999985e-01 4.644715e-04 -1.674754e-03 -1.431560e+01 -4.669521e-04 9.999988e-01 -1.480787e-03 9.318444e-01 1.674064e-03 1.481566e-03 9.999975e-01 -1.887383e+00
9.999844e-01 -3.515011e-04 -5.575342e-03 -1.441965e+01 3.605007e-04 9.999986e-01 1.613184e-03 9.450009e-01 5.574767e-03 -1.615168e-03 9.999832e-01 -2.301987e+00
9.999987e-01 7.747298e-04 -1.397876e-03 -1.459932e+01 -7.770007e-04 9.999984e-01 -1.624407e-03 9.594096e-01 1.396615e-03 1.625490e-03 9.999977e-01 -2.655275e+00
9.999716e-01 -1.011224e-03 -7.468572e-03 -1.454345e+01 1.028314e-03 9.999969e-01 2.284710e-03 9.659613e-01 7.466238e-03 -2.292324e-03 9.999695e-01 -3.141786e+00
9.999961e-01 4.850473e-04 -2.768048e-03 -1.434028e+01 -4.883811e-04 9.999992e-01 -1.203688e-03 9.640494e-01 2.767462e-03 1.205034e-03 9.999954e-01 -3.458248e+00
9.999721e-01 -9.591621e-04 -7.402279e-03 -1.413234e+01 9.761929e-04 9.999969e-01 2.297407e-03 9.619292e-01 7.400052e-03 -2.304568e-03 9.999700e-01 -3.757138e+00
9.999973e-01 5.386510e-04 -2.260034e-03 -1.401171e+01 -5.418209e-04 9.999989e-01 -1.401981e-03 9.616063e-01 2.259276e-03 1.403201e-03 9.999965e-01 -4.017023e+00
9.999679e-01 -8.607861e-04 -7.960374e-03 -1.390485e+01 8.799046e-04 9.999967e-01 2.398456e-03 9.565431e-01 7.958283e-03 -2.405383e-03 9.999654e-01 -4.032713e+00
9.999992e-01 6.483660e-04 -1.110914e-03 -1.383980e+01 -6.504308e-04 9.999981e-01 -1.858855e-03 9.445454e-01 1.109706e-03 1.859576e-03 9.999977e-01 -3.700807e+00
9.999659e-01 -9.689979e-04 -8.203997e-03 -1.372829e+01 9.910271e-04 9.999959e-01 2.681482e-03 9.351541e-01 8.201365e-03 -2.689520e-03 9.999628e-01 -3.547522e+00
9.999992e-01 5.283700e-04 -1.142402e-03 -1.359968e+01 -5.304560e-04 9.999982e-01 -1.826097e-03 9.393620e-01 1.141435e-03 1.826701e-03 9.999977e-01 -4.048281e+00
9.999551e-01 -1.198838e-03 -9.398548e-03 -1.342158e+01 1.226930e-03 9.999948e-01 2.983748e-03 9.386474e-01 9.394922e-03 -2.995145e-03 9.999514e-01 -4.359557e+00
9.999992e-01 9.830602e-04 7.819855e-04 -1.333390e+01 -9.814303e-04 9.999973e-01 -2.082604e-03 9.434945e-01 -7.840308e-04 2.081834e-03 9.999975e-01 -4.904336e+00
9.999584e-01 -1.645412e-03 -8.973420e-03 -1.326223e+01 1.668329e-03 9.999954e-01 2.546940e-03 9.514475e-01 8.969188e-03 -2.561804e-03 9.999565e-01 -5.558835e+00
9.999987e-01 1.565117e-03 3.235271e-04 -1.324691e+01 -1.564451e-03 9.999967e-01 -2.050241e-03 9.595487e-01 -3.267350e-04 2.049731e-03 9.999978e-01 -5.956804e+00
9.999627e-01 -1.610268e-03 -8.485539e-03 -1.329352e+01 1.630198e-03 9.999959e-01 2.342257e-03 9.704419e-01 8.481732e-03 -2.356002e-03 9.999613e-01 -6.368698e+00
9.999981e-01 1.783324e-03 7.992559e-04 -1.336900e+01 -1.781732e-03 9.999964e-01 -1.988920e-03 9.791320e-01 -8.028000e-04 1.987492e-03 9.999977e-01 -6.629495e+00
9.999619e-01 -1.559585e-03 -8.586518e-03 -1.346466e+01 1.576429e-03 9.999968e-01 1.955277e-03 9.957236e-01 8.583441e-03 -1.968738e-03 9.999612e-01 -7.283770e+00
9.999976e-01 1.177027e-03 1.846972e-03 -1.352610e+01 -1.172705e-03 9.999966e-01 -2.339732e-03 1.017918e+00 -1.849720e-03 2.337560e-03 9.999956e-01 -8.169866e+00
9.999457e-01 -1.484590e-03 -1.031523e-02 -1.350808e+01 1.512892e-03 9.999951e-01 2.736436e-03 1.031215e+00 1.031112e-02 -2.751893e-03 9.999431e-01 -8.896816e+00
9.999993e-01 7.430243e-04 8.725248e-04 -1.339867e+01 -7.410858e-04 9.999973e-01 -2.220501e-03 1.038650e+00 -8.741724e-04 2.219853e-03 9.999972e-01 -9.475315e+00
9.999334e-01 -1.263497e-03 -1.146948e-02 -1.326583e+01 1.297705e-03 9.999947e-01 2.975604e-03 1.038848e+00 1.146566e-02 -2.990289e-03 9.999298e-01 -9.728410e+00
9.999984e-01 1.013306e-03 1.450524e-03 -1.319974e+01 -1.009925e-03 9.999968e-01 -2.330702e-03 1.042025e+00 -1.452881e-03 2.329233e-03 9.999962e-01 -1.002185e+01
9.999370e-01 -1.460867e-03 -1.113042e-02 -1.310104e+01 1.495045e-03 9.999942e-01 3.062975e-03 1.047234e+00 1.112588e-02 -3.079422e-03 9.999334e-01 -1.050554e+01
9.999995e-01 7.308824e-04 7.123627e-04 -1.291640e+01 -7.292845e-04 9.999972e-01 -2.241515e-03 1.047278e+00 -7.139990e-04 2.240994e-03 9.999972e-01 -1.084566e+01
9.999282e-01 -1.307831e-03 -1.191351e-02 -1.273848e+01 1.346544e-03 9.999938e-01 3.242056e-03 1.041914e+00 1.190920e-02 -3.257865e-03 9.999238e-01 -1.094449e+01
9.999993e-01 7.712375e-04 9.122258e-04 -1.256063e+01 -7.691401e-04 9.999971e-01 -2.297905e-03 1.042103e+00 -9.139954e-04 2.297201e-03 9.999969e-01 -1.127729e+01
9.999425e-01 -1.265761e-03 -1.065134e-02 -1.242403e+01 1.298577e-03 9.999944e-01 3.074534e-03 1.042690e+00 1.064738e-02 -3.088188e-03 9.999385e-01 -1.155971e+01
9.999977e-01 1.296056e-03 1.732553e-03 -1.238855e+01 -1.292264e-03 9.999968e-01 -2.188373e-03 1.040060e+00 -1.735384e-03 2.186128e-03 9.999961e-01 -1.150159e+01
9.999311e-01 -1.313978e-03 -1.166605e-02 -1.235278e+01 1.349161e-03 9.999946e-01 3.008467e-03 1.039560e+00 1.166203e-02 -3.023998e-03 9.999274e-01 -1.157450e+01
9.999971e-01 1.258800e-03 2.055221e-03 -1.229856e+01 -1.254442e-03 9.999970e-01 -2.121019e-03 1.039527e+00 -2.057884e-03 2.118434e-03 9.999956e-01 -1.169014e+01
9.999370e-01 -1.021235e-03 -1.117600e-02 -1.232594e+01 1.051948e-03 9.999957e-01 2.742522e-03 1.039859e+00 1.117315e-02 -2.754105e-03 9.999338e-01 -1.173772e+01
9.999988e-01 9.898994e-04 1.179598e-03 -1.224455e+01 -9.878316e-04 9.999980e-01 -1.752738e-03 1.036840e+00 -1.181331e-03 1.751570e-03 9.999978e-01 -1.176634e+01
9.999724e-01 -6.796774e-04 -7.403173e-03 -1.244016e+01 6.929924e-04 9.999981e-01 1.796066e-03 1.047814e+00 7.401938e-03 -1.801146e-03 9.999710e-01 -1.170282e+01
9.999991e-01 1.088313e-03 7.998325e-04 -1.264625e+01 -1.086847e-03 9.999977e-01 -1.831270e-03 1.063149e+00 -8.018237e-04 1.830399e-03 9.999980e-01 -1.181655e+01
9.999470e-01 -1.552349e-03 -1.017694e-02 -1.251719e+01 1.580032e-03 9.999951e-01 2.712610e-03 1.067549e+00 1.017267e-02 -2.728546e-03 9.999445e-01 -1.233857e+01
9.999978e-01 1.086010e-03 1.805026e-03 -1.243733e+01 -1.082128e-03 9.999971e-01 -2.150849e-03 1.076361e+00 -1.807356e-03 2.148890e-03 9.999961e-01 -1.301726e+01
9.999432e-01 -1.704670e-03 -1.052460e-02 -1.228434e+01 1.731875e-03 9.999952e-01 2.576289e-03 1.084966e+00 1.052016e-02 -2.594369e-03 9.999413e-01 -1.376473e+01
9.999959e-01 9.116780e-04 2.712571e-03 -1.218928e+01 -9.052825e-04 9.999968e-01 -2.358212e-03 1.096506e+00 -2.714713e-03 2.355746e-03 9.999935e-01 -1.459892e+01
9.999503e-01 -1.240249e-03 -9.894096e-03 -1.219761e+01 1.263637e-03 9.999964e-01 2.357823e-03 1.115275e+00 9.891136e-03 -2.370208e-03 9.999483e-01 -1.555689e+01
9.999997e-01 5.910698e-04 5.074475e-04 -1.203876e+01 -5.902128e-04 9.999984e-01 -1.688399e-03 1.121938e+00 -5.084446e-04 1.688099e-03 9.999984e-01 -1.618580e+01
9.999490e-01 -7.097997e-04 -1.007043e-02 -1.195707e+01 7.355429e-04 9.999965e-01 2.552789e-03 1.121139e+00 1.006859e-02 -2.560066e-03 9.999460e-01 -1.634126e+01
9.999997e-01 6.086446e-04 5.605072e-04 -1.188386e+01 -6.077268e-04 9.999985e-01 -1.637110e-03 1.122170e+00 -5.615027e-04 1.636769e-03 9.999985e-01 -1.657938e+01
9.999437e-01 -1.013731e-03 -1.056373e-02 -1.173441e+01 1.042650e-03 9.999957e-01 2.732449e-03 1.122180e+00 1.056092e-02 -2.743309e-03 9.999405e-01 -1.689642e+01
9.999992e-01 4.729586e-04 1.199586e-03 -1.160226e+01 -4.705406e-04 9.999979e-01 -2.015627e-03 1.128353e+00 -1.200537e-03 2.015061e-03 9.999972e-01 -1.749749e+01
9.999351e-01 -1.329437e-03 -1.131728e-02 -1.137763e+01 1.362894e-03 9.999947e-01 2.949029e-03 1.134473e+00 1.131330e-02 -2.964262e-03 9.999316e-01 -1.818628e+01
9.999996e-01 5.675952e-04 6.684517e-04 -1.114161e+01 -5.662848e-04 9.999979e-01 -1.959702e-03 1.138288e+00 -6.695626e-04 1.959322e-03 9.999979e-01 -1.875952e+01
9.999513e-01 -7.884469e-04 -9.835811e-03 -1.109256e+01 8.141340e-04 9.999963e-01 2.607810e-03 1.143942e+00 9.833718e-03 -2.615690e-03 9.999482e-01 -1.914583e+01
9.999996e-01 6.282246e-04 6.671617e-04 -1.095013e+01 -6.270190e-04 9.999982e-01 -1.806608e-03 1.149209e+00 -6.682954e-04 1.806188e-03 9.999981e-01 -1.979472e+01
9.999645e-01 -1.512922e-03 -8.293757e-03 -1.078259e+01 1.530712e-03 9.999965e-01 2.139058e-03 1.160984e+00 8.290492e-03 -2.151676e-03 9.999633e-01 -2.074847e+01
9.999991e-01 1.283839e-03 2.877423e-04 -1.076877e+01 -1.283359e-03 9.999978e-01 -1.663314e-03 1.168005e+00 -2.898770e-04 1.662943e-03 9.999986e-01 -2.125359e+01
9.999482e-01 -1.635315e-03 -1.004750e-02 -1.065342e+01 1.660104e-03 9.999956e-01 2.459229e-03 1.155585e+00 1.004343e-02 -2.475781e-03 9.999465e-01 -2.108089e+01
9.999986e-01 4.315912e-04 -1.610151e-03 -1.019160e+01 -4.339234e-04 9.999989e-01 -1.448066e-03 1.132612e+00 1.609525e-03 1.448762e-03 9.999977e-01 -2.104521e+01
9.999473e-01 -1.820483e-03 -1.010078e-02 -9.609871e+00 1.844739e-03 9.999954e-01 2.392544e-03 1.110352e+00 1.009637e-02 -2.411050e-03 9.999461e-01 -2.106747e+01
9.999984e-01 9.684364e-04 -1.487873e-03 -9.223063e+00 -9.698510e-04 9.999991e-01 -9.499725e-04 1.100772e+00 1.486951e-03 9.514136e-04 9.999984e-01 -2.136780e+01
9.999593e-01 -2.129795e-03 -8.767180e-03 -8.936270e+00 2.147658e-03 9.999956e-01 2.028440e-03 1.087785e+00 8.762822e-03 -2.047186e-03 9.999595e-01 -2.140764e+01
9.999977e-01 1.141942e-03 -1.805465e-03 -8.755644e+00 -1.145467e-03 9.999974e-01 -1.951979e-03 1.068351e+00 1.803232e-03 1.954042e-03 9.999965e-01 -2.103731e+01
9.999583e-01 -1.671657e-03 -8.977547e-03 -8.592271e+00 1.697966e-03 9.999943e-01 2.923609e-03 1.063707e+00 8.972609e-03 -2.938730e-03 9.999554e-01 -2.120461e+01
9.999983e-01 9.105632e-04 -1.579289e-03 -8.279968e+00 -9.131907e-04 9.999982e-01 -1.663444e-03 1.056171e+00 1.577771e-03 1.664883e-03 9.999974e-01 -2.143077e+01
9.999470e-01 -1.723901e-03 -1.015225e-02 -8.005333e+00 1.752574e-03 9.999945e-01 2.816018e-03 1.047005e+00 1.014734e-02 -2.833660e-03 9.999445e-01 -2.151381e+01
9.999976e-01 8.551718e-04 -1.999000e-03 -7.691035e+00 -8.583090e-04 9.999984e-01 -1.568726e-03 1.036287e+00 1.997655e-03 1.570437e-03 9.999968e-01 -2.157005e+01
9.999564e-01 -1.560909e-03 -9.202025e-03 -7.438034e+00 1.584497e-03 9.999955e-01 2.556503e-03 1.030668e+00 9.197992e-03 -2.570971e-03 9.999544e-01 -2.179736e+01
9.999990e-01 1.085050e-03 9.353137e-04 -7.404904e+00 -1.082827e-03 9.999966e-01 -2.374073e-03 1.044818e+00 -9.378864e-04 2.373057e-03 9.999967e-01 -2.252127e+01
9.999562e-01 -1.564202e-03 -9.232370e-03 -7.400087e+00 1.585815e-03 9.999960e-01 2.334053e-03 1.061795e+00 9.228682e-03 -2.348591e-03 9.999547e-01 -2.334999e+01
9.999991e-01 1.293453e-03 -3.494132e-04 -7.195059e+00 -1.294093e-03 9.999975e-01 -1.835979e-03 1.066488e+00 3.470376e-04 1.836429e-03 9.999983e-01 -2.397901e+01
