9.999886e-01 -1.085693e-03 -4.657400e-03 -9.655713e-02 1.076415e-03 9.999974e-01 -1.994251e-03 -1.298849e-02 4.659553e-03 1.989214e-03 9.999872e-01 8.995541e-01
9.999980e-01 -7.906540e-04 1.859106e-03 -2.068659e-01 7.945508e-04 9.999975e-01 -2.096227e-03 -2.550992e-02 -1.857443e-03 2.097700e-03 9.999961e-01 1.607614e+00
9.999717e-01 -3.497485e-04 -7.518503e-03 -2.608824e-01 3.575076e-04 9.999994e-01 1.030694e-03 -3.849993e-03 7.518138e-03 -1.033353e-03 9.999712e-01 3.559987e-01
9.999989e-01 -8.583925e-04 1.186658e-03 -2.052967e-01 8.601491e-04 9.999985e-01 -1.480590e-03 1.864361e-02 -1.185385e-03 1.481610e-03 9.999982e-01 -9.870066e-01
9.999646e-01 -3.412731e-05 -8.418745e-03 -1.468824e-01 4.610895e-05 9.999990e-01 1.423024e-03 3.397870e-02 8.418688e-03 -1.423362e-03 9.999635e-01 -1.983269e+00
9.999986e-01 -6.182144e-04 1.540984e-03 -1.055056e-01 6.204648e-04 9.999987e-01 -1.460287e-03 4.539300e-02 -1.540079e-03 1.461242e-03 9.999977e-01 -2.711401e+00
9.999673e-01 -1.237574e-04 -8.086113e-03 -7.717876e-02 1.323698e-04 9.999994e-01 1.064553e-03 5.493509e-02 8.085976e-03 -1.065590e-03 9.999667e-01 -3.351364e+00
9.999987e-01 -7.316855e-04 1.416673e-03 -7.186668e-02 7.340479e-04 9.999983e-01 -1.667761e-03 6.244219e-02 -1.415450e-03 1.668799e-03 9.999976e-01 -3.897813e+00
9.999704e-01 3.230165e-04 -7.691619e-03 -1.357642e-01 -3.136839e-04 9.999992e-01 1.214531e-03 7.608926e-02 7.692005e-03 -1.212083e-03 9.999697e-01 -4.652363e+00
9.999985e-01 -9.430225e-04 1.430844e-03 -2.305928e-01 9.463423e-04 9.999969e-01 -2.321185e-03 6.984224e-02 -1.428650e-03 2.322536e-03 9.999963e-01 -4.115329e+00
9.999841e-01 3.653067e-04 -5.628066e-03 -4.872834e-01 -3.663360e-04 9.999999e-01 -1.818396e-04 8.161822e-02 5.627999e-03 1.838978e-04 9.999841e-01 -4.221275e+00
9.999966e-01 -2.076854e-03 1.555496e-03 -5.398819e-01 2.081455e-03 9.999934e-01 -2.962084e-03 5.374817e-02 -1.549333e-03 2.965313e-03 9.999944e-01 -2.499457e+00
9.999889e-01 -1.267556e-04 -4.716247e-03 -5.840708e-01 1.252936e-04 9.999999e-01 -3.102860e-04 2.234148e-02 4.716285e-03 3.096910e-04 9.999888e-01 -5.716860e-01
9.999979e-01 -1.970131e-03 6.120103e-04 -5.914158e-01 1.971912e-03 9.999938e-01 -2.924412e-03 -5.068342e-03 -6.062447e-04 2.925613e-03 9.999955e-01 9.770991e-01
9.999841e-01 7.864865e-05 -5.641800e-03 -5.717192e-01 -7.481231e-05 9.999998e-01 6.802026e-04 -2.978617e-02 5.641852e-03 -6.797704e-04 9.999839e-01 2.289119e+00
9.999897e-01 -2.705728e-03 3.640258e-03 -5.981547e-01 2.722460e-03 9.999857e-01 -4.599327e-03 -6.921377e-02 -3.627761e-03 4.609191e-03 9.999828e-01 4.554157e+00
9.999685e-01 6.394732e-04 -7.913616e-03 -6.033105e-01 -6.283204e-04 9.999988e-01 1.411741e-03 -9.704392e-02 7.914509e-03 -1.406725e-03 9.999677e-01 6.106254e+00
9.999968e-01 -1.816538e-03 1.733930e-03 -6.249751e-01 1.821677e-03 9.999939e-01 -2.966890e-03 -1.029694e-01 -1.728530e-03 2.970040e-03 9.999941e-01 6.514272e+00
9.999648e-01 6.931098e-04 -8.355996e-03 -6.105294e-01 -6.746625e-04 9.999973e-01 2.210296e-03 -9.851022e-02 8.357505e-03 -2.204581e-03 9.999626e-01 6.216981e+00
9.999967e-01 -1.756677e-03 1.883847e-03 -6.018332e-01 1.762918e-03 9.999929e-01 -3.316660e-03 -1.009082e-01 -1.878007e-03 3.319971e-03 9.999927e-01 6.283724e+00
9.999707e-01 7.701883e-04 -7.622114e-03 -6.540773e-01 -7.544916e-04 9.999976e-01 2.062039e-03 -1.035520e-01 7.623683e-03 -2.056229e-03 9.999688e-01 6.584023e+00
9.999797e-01 -3.092225e-03 5.568046e-03 -7.182766e-01 3.122292e-03 9.999805e-01 -5.399366e-03 -1.377398e-01 -5.551241e-03 5.416642e-03 9.999699e-01 8.687947e+00
9.999974e-01 -9.926605e-04 -2.032818e-03 -8.183717e-01 9.890843e-04 9.999980e-01 -1.759448e-03 -1.948845e-01 2.034560e-03 1.757432e-03 9.999964e-01 1.221658e+01
9.999883e-01 -2.563392e-03 4.096079e-03 -8.795087e-01 2.583794e-03 9.999842e-01 -4.983514e-03 -2.490381e-01 -4.083240e-03 4.994040e-03 9.999792e-01 1.542970e+01
9.999760e-01 2.584055e-04 -6.927404e-03 -9.159810e-01 -2.488988e-04 9.999990e-01 1.373170e-03 -2.841720e-01 6.927752e-03 -1.371414e-03 9.999751e-01 1.751081e+01
9.999881e-01 -2.518773e-03 4.183596e-03 -9.374250e-01 2.538479e-03 9.999857e-01 -4.711743e-03 -3.205668e-01 -4.171667e-03 4.722307e-03 9.999801e-01 1.957044e+01
9.999623e-01 6.443714e-04 -8.658849e-03 -9.596180e-01 -6.297936e-04 9.999984e-01 1.686198e-03 -3.401164e-01 8.659921e-03 -1.680682e-03 9.999611e-01 2.073250e+01
9.999957e-01 -1.560608e-03 2.465536e-03 -9.186864e-01 1.566081e-03 9.999963e-01 -2.219686e-03 -3.327891e-01 -2.462063e-03 2.223539e-03 9.999945e-01 2.008369e+01
9.999714e-01 7.372328e-04 -7.527086e-03 -9.198592e-01 -7.282482e-04 9.999990e-01 1.196320e-03 -3.343333e-01 7.527961e-03 -1.190804e-03 9.999710e-01 2.012685e+01
9.999959e-01 -2.183283e-03 1.834661e-03 -9.061085e-01 2.189162e-03 9.999925e-01 -3.208619e-03 -3.444777e-01 -1.827642e-03 3.212623e-03 9.999932e-01 2.055895e+01
9.999652e-01 1.413130e-03 -8.216257e-03 -8.515820e-01 -1.389793e-03 9.999950e-01 2.845368e-03 -3.401830e-01 8.220236e-03 -2.833850e-03 9.999622e-01 2.009138e+01
9.999956e-01 -2.384975e-03 1.775731e-03 -8.226801e-01 2.391494e-03 9.999904e-01 -3.678065e-03 -3.364637e-01 -1.766941e-03 3.682296e-03 9.999917e-01 1.971072e+01
9.999649e-01 1.715206e-03 -8.197212e-03 -8.443238e-01 -1.688948e-03 9.999934e-01 3.209143e-03 -3.224307e-01 8.202662e-03 -3.195186e-03 9.999613e-01 1.882713e+01
9.999958e-01 -1.931697e-03 2.173559e-03 -8.227292e-01 1.938797e-03 9.999928e-01 -3.269274e-03 -3.185246e-01 -2.167227e-03 3.273475e-03 9.999923e-01 1.842149e+01
9.999616e-01 1.089750e-03 -8.691754e-03 -7.585662e-01 -1.064225e-03 9.999951e-01 2.940779e-03 -3.150936e-01 8.694916e-03 -2.931417e-03 9.999579e-01 1.786351e+01
9.999970e-01 -1.587505e-03 1.855327e-03 -7.054782e-01 1.592970e-03 9.999944e-01 -2.948184e-03 -3.106756e-01 -1.850636e-03 2.951131e-03 9.999939e-01 1.734143e+01
9.999625e-01 1.221022e-03 -8.574858e-03 -6.798331e-01 -1.195250e-03 9.999948e-01 3.010093e-03 -2.982831e-01 8.578488e-03 -2.999732e-03 9.999587e-01 1.647879e+01
9.999975e-01 -1.899562e-03 1.180012e-03 -6.488873e-01 1.903087e-03 9.999937e-01 -2.992866e-03 -2.882098e-01 -1.174319e-03 2.995105e-03 9.999948e-01 1.575225e+01
9.999667e-01 1.523393e-03 -8.017302e-03 -6.292764e-01 -1.498975e-03 9.999942e-01 3.050806e-03 -2.769540e-01 8.021903e-03 -3.038688e-03 9.999632e-01 1.496381e+01
9.999979e-01 -2.003199e-03 3.467943e-04 -5.897922e-01 2.004223e-03 9.999936e-01 -2.977548e-03 -2.735959e-01 -3.408271e-04 2.978238e-03 9.999955e-01 1.450341e+01
9.999662e-01 1.648179e-03 -8.057844e-03 -5.374983e-01 -1.621758e-03 9.999933e-01 3.284323e-03 -2.745563e-01 8.063203e-03 -3.271145e-03 9.999621e-01 1.430551e+01
9.999978e-01 -2.085932e-03 -2.080584e-05 -4.840043e-01 2.085863e-03 9.999936e-01 -2.915744e-03 -2.722116e-01 2.688810e-05 2.915695e-03 9.999957e-01 1.396134e+01
9.999651e-01 1.588298e-03 -8.200746e-03 -4.117498e-01 -1.559623e-03 9.999927e-01 3.501904e-03 -2.664091e-01 8.206248e-03 -3.488993e-03 9.999602e-01 1.339480e+01
9.999974e-01 -2.272450e-03 2.853188e-04 -3.241182e-01 2.273330e-03 9.999925e-01 -3.123607e-03 -2.550477e-01 -2.782180e-04 3.124248e-03 9.999951e-01 1.253595e+01
9.999719e-01 1.434809e-03 -7.361804e-03 -2.385772e-01 -1.410802e-03 9.999937e-01 3.265165e-03 -2.415959e-01 7.366442e-03 -3.254688e-03 9.999676e-01 1.156165e+01
9.999979e-01 -1.987091e-03 -5.015746e-04 -1.451986e-01 1.985676e-03 9.999941e-01 -2.805710e-03 -2.391048e-01 5.071472e-04 2.804709e-03 9.999959e-01 1.110621e+01
9.999776e-01 1.417286e-03 -6.542523e-03 -7.413880e-02 -1.396748e-03 9.999941e-01 3.142559e-03 -2.254191e-01 6.546938e-03 -3.133351e-03 9.999737e-01 1.012822e+01
9.999963e-01 -2.290899e-03 -1.451855e-03 1.797813e-02 2.286715e-03 9.999932e-01 -2.876514e-03 -2.132780e-01 1.458436e-03 2.873184e-03 9.999948e-01 9.227795e+00
9.999818e-01 1.645896e-03 -5.810978e-03 6.207608e-02 -1.630145e-03 9.999950e-01 2.714432e-03 -2.313779e-01 5.815416e-03 -2.704911e-03 9.999794e-01 9.956224e+00
9.999972e-01 -2.330404e-03 -3.910180e-04 1.079714e-01 2.328990e-03 9.999909e-01 -3.577731e-03 -2.530713e-01 3.993524e-04 3.576811e-03 9.999935e-01 1.089881e+01
9.999704e-01 1.801479e-03 -7.475954e-03 1.918886e-01 -1.774279e-03 9.999918e-01 3.643371e-03 -2.644478e-01 7.482456e-03 -3.630000e-03 9.999654e-01 1.123301e+01
9.999970e-01 -2.391319e-03 -5.367463e-04 3.103517e-01 2.389561e-03 9.999919e-01 -3.252947e-03 -2.714831e-01 5.445211e-04 3.251655e-03 9.999946e-01 1.127662e+01
9.999809e-01 1.807992e-03 -5.907292e-03 3.644430e-01 -1.791706e-03 9.999946e-01 2.761077e-03 -2.913563e-01 5.912252e-03 -2.750441e-03 9.999787e-01 1.209167e+01
9.999952e-01 -2.289505e-03 -2.068755e-03 4.507690e-01 2.284165e-03 9.999941e-01 -2.579933e-03 -2.977908e-01 2.074650e-03 2.575196e-03 9.999945e-01 1.215760e+01
9.999784e-01 1.855976e-03 -6.307009e-03 5.684439e-01 -1.835339e-03 9.999929e-01 3.276334e-03 -2.992705e-01 6.313045e-03 -3.264689e-03 9.999747e-01 1.187753e+01
9.999971e-01 -2.092522e-03 -1.195228e-03 6.433304e-01 2.089158e-03 9.999939e-01 -2.808179e-03 -2.994556e-01 1.201098e-03 2.805674e-03 9.999953e-01 1.160615e+01
9.999783e-01 1.482075e-03 -6.422841e-03 7.445260e-01 -1.462495e-03 9.999943e-01 3.052112e-03 -3.000203e-01 6.427328e-03 -3.042653e-03 9.999747e-01 1.126909e+01
9.999975e-01 -2.031247e-03 -9.477083e-04 8.146060e-01 2.028646e-03 9.999942e-01 -2.737528e-03 -2.969670e-01 9.532638e-04 2.735600e-03 9.999958e-01 1.083865e+01
9.999842e-01 1.355909e-03 -5.456505e-03 8.544297e-01 -1.341196e-03 9.999955e-01 2.699335e-03 -2.797444e-01 5.460140e-03 -2.691975e-03 9.999815e-01 9.734059e+00
9.999974e-01 -2.174599e-03 -6.673731e-04 9.154255e-01 2.172709e-03 9.999937e-01 -2.820130e-03 -2.623866e-01 6.735019e-04 2.818673e-03 9.999958e-01 8.586777e+00
9.999829e-01 1.088214e-03 -5.739542e-03 9.920349e-01 -1.073151e-03 9.999960e-01 2.626954e-03 -2.441933e-01 5.742378e-03 -2.620750e-03 9.999801e-01 7.394654e+00
9.999975e-01 -1.581495e-03 -1.572630e-03 1.067709e+00 1.577940e-03 9.999962e-01 -2.259186e-03 -2.311056e-01 1.576197e-03 2.256700e-03 9.999962e-01 6.467362e+00
9.999834e-01 8.652428e-04 -5.695347e-03 1.149610e+00 -8.510187e-04 9.999965e-01 2.499486e-03 -2.227601e-01 5.697490e-03 -2.494598e-03 9.999807e-01 5.719683e+00
9.999956e-01 -1.877969e-03 -2.304973e-03 1.228994e+00 1.872219e-03 9.999951e-01 -2.494114e-03 -2.165037e-01 2.309646e-03 2.489788e-03 9.999942e-01 5.112405e+00
9.999819e-01 1.299918e-03 -5.874578e-03 1.309921e+00 -1.282142e-03 9.999946e-01 3.028712e-03 -2.114765e-01 5.878483e-03 -3.021125e-03 9.999782e-01 4.639539e+00
9.999951e-01 -2.284416e-03 -2.155348e-03 1.387898e+00 2.277837e-03 9.999928e-01 -3.049914e-03 -2.128033e-01 2.162300e-03 3.044990e-03 9.999930e-01 4.480780e+00
9.999788e-01 1.777367e-03 -6.263271e-03 1.449188e+00 -1.755285e-03 9.999922e-01 3.529364e-03 -2.064709e-01 6.269495e-03 -3.518296e-03 9.999742e-01 4.024681e+00
9.999950e-01 -2.400954e-03 -2.081736e-03 1.511488e+00 2.394438e-03 9.999922e-01 -3.126910e-03 -1.975990e-01 2.089228e-03 3.121910e-03 9.999929e-01 3.356896e+00
9.999846e-01 1.722254e-03 -5.283345e-03 1.560267e+00 -1.704908e-03 9.999931e-01 3.286084e-03 -1.844139e-01 5.288968e-03 -3.277027e-03 9.999806e-01 2.471172e+00
9.999943e-01 -2.246865e-03 -2.529197e-03 1.615836e+00 2.239451e-03 9.999932e-01 -2.930593e-03 -1.737578e-01 2.535765e-03 2.924913e-03 9.999925e-01 1.713240e+00
9.999838e-01 1.561488e-03 -5.481926e-03 1.691999e+00 -1.544421e-03 9.999940e-01 3.116235e-03 -1.705790e-01 5.486759e-03 -3.107719e-03 9.999801e-01 1.372876e+00
9.999934e-01 -2.263232e-03 -2.855488e-03 1.779925e+00 2.254568e-03 9.999929e-01 -3.033821e-03 -1.753312e-01 2.862334e-03 3.027363e-03 9.999913e-01 1.388400e+00
9.999848e-01 1.839000e-03 -5.195332e-03 1.858310e+00 -1.820542e-03 9.999920e-01 3.555292e-03 -1.739890e-01 5.201829e-03 -3.545781e-03 9.999802e-01 1.066319e+00
9.999951e-01 -2.127897e-03 -2.307038e-03 1.914640e+00 2.120420e-03 9.999925e-01 -3.238638e-03 -1.707732e-01 2.313912e-03 3.233730e-03 9.999921e-01 7.067870e-01
9.999820e-01 1.602173e-03 -5.788928e-03 1.979591e+00 -1.583018e-03 9.999933e-01 3.311944e-03 -1.741979e-01 5.794195e-03 -3.302721e-03 9.999778e-01 6.619928e-01
9.999963e-01 -2.158158e-03 -1.674636e-03 1.987938e+00 2.151902e-03 9.999907e-01 -3.729172e-03 -1.811330e-01 1.682669e-03 3.725555e-03 9.999916e-01 1.000272e+00
9.999888e-01 8.886785e-04 -4.651587e-03 2.011163e+00 -8.783166e-04 9.999971e-01 2.229210e-03 -2.022610e-01 4.653554e-03 -2.225101e-03 9.999867e-01 2.072068e+00
9.999963e-01 -1.756257e-03 -2.065426e-03 2.055418e+00 1.750009e-03 9.999939e-01 -3.022814e-03 -2.172753e-01 2.070723e-03 3.019189e-03 9.999933e-01 2.755024e+00
9.999819e-01 9.244356e-04 -5.946219e-03 2.167880e+00 -9.072467e-04 9.999954e-01 2.892811e-03 -2.287974e-01 5.948865e-03 -2.887364e-03 9.999781e-01 3.030239e+00
9.999965e-01 -1.327087e-03 -2.281610e-03 2.258219e+00 1.321378e-03 9.999960e-01 -2.502239e-03 -2.345426e-01 2.284922e-03 2.499216e-03 9.999943e-01 2.988846e+00
9.999835e-01 9.133628e-04 -5.670837e-03 2.334068e+00 -8.972077e-04 9.999955e-01 2.850716e-03 -2.373994e-01 5.673415e-03 -2.845582e-03 9.999799e-01 2.871234e+00
9.999961e-01 -1.381966e-03 -2.412194e-03 2.382468e+00 1.376108e-03 9.999961e-01 -2.428582e-03 -2.301145e-01 2.415541e-03 2.425254e-03 9.999941e-01 2.296149e+00
9.999833e-01 8.328348e-04 -5.711627e-03 2.427556e+00 -8.172262e-04 9.999959e-01 2.734603e-03 -2.227751e-01 5.713881e-03 -2.729890e-03 9.999799e-01 1.819620e+00
9.999957e-01 -1.417620e-03 -2.574705e-03 2.486102e+00 1.411356e-03 9.999960e-01 -2.433243e-03 -2.268589e-01 2.578145e-03 2.429600e-03 9.999937e-01 2.001542e+00
9.999860e-01 6.091377e-04 -5.264566e-03 2.606921e+00 -5.973281e-04 9.999973e-01 2.244562e-03 -2.392269e-01 5.265918e-03 -2.241386e-03 9.999836e-01 2.390726e+00
9.999925e-01 -2.487959e-03 2.984413e-03 2.592629e+00 2.503399e-03 9.999834e-01 -5.181150e-03 -2.742044e-01 -2.971473e-03 5.188582e-03 9.999821e-01 4.268477e+00
9.999924e-01 -2.262903e-03 3.168182e-03 2.591883e+00 2.273757e-03 9.999915e-01 -3.426909e-03 -3.515272e-01 -3.160400e-03 3.434086e-03 9.999891e-01 8.447461e+00
9.999987e-01 -1.556089e-03 -3.080672e-04 2.591991e+00 1.555005e-03 9.999927e-01 -3.488582e-03 -4.141366e-01 3.134938e-04 3.488099e-03 9.999939e-01 1.181597e+01
9.999974e-01 -1.692834e-03 1.534688e-03 2.596796e+00 1.696024e-03 9.999964e-01 -2.079539e-03 -4.679018e-01 -1.531162e-03 2.082136e-03 9.999967e-01 1.471003e+01
9.999926e-01 -2.649888e-03 2.779356e-03 2.626389e+00 2.664905e-03 9.999818e-01 -5.413226e-03 -5.403182e-01 -2.764961e-03 5.420593e-03 9.999815e-01 1.848179e+01
9.999973e-01 -1.781835e-03 1.490321e-03 2.646918e+00 1.785799e-03 9.999949e-01 -2.663250e-03 -6.147223e-01 -1.485568e-03 2.665903e-03 9.999953e-01 2.231697e+01
9.999982e-01 -1.761194e-03 -7.133304e-04 2.629592e+00 1.758767e-03 9.999927e-01 -3.389584e-03 -6.712715e-01 7.192952e-04 3.388324e-03 9.999940e-01 2.537497e+01
9.999989e-01 -1.073222e-03 -1.039744e-03 2.653288e+00 1.071488e-03 9.999980e-01 -1.666029e-03 -7.212015e-01 1.041529e-03 1.664912e-03 9.999981e-01 2.789105e+01
9.999760e-01 1.308279e-04 -6.924393e-03 2.711056e+00 -1.236054e-04 9.999994e-01 1.043432e-03 -7.315432e-01 6.924526e-03 -1.042550e-03 9.999755e-01 2.820705e+01
9.999995e-01 -9.901960e-04 1.066713e-04 2.819309e+00 9.902848e-04 9.999992e-01 -8.372145e-04 -7.177555e-01 -1.058425e-04 8.373191e-04 9.999996e-01 2.715032e+01
9.999773e-01 -4.666774e-05 -6.736802e-03 2.941317e+00 5.269166e-05 9.999996e-01 8.939717e-04 -7.036666e-01 6.736758e-03 -8.943057e-04 9.999769e-01 2.608343e+01
9.999996e-01 -7.393645e-04 5.876384e-04 3.005654e+00 7.399522e-04 9.999992e-01 -1.000875e-03 -6.881948e-01 -5.868983e-04 1.001309e-03 9.999993e-01 2.500320e+01
9.999774e-01 -4.054937e-05 -6.723130e-03 3.065347e+00 4.636855e-05 9.999996e-01 8.653578e-04 -6.706720e-01 6.723093e-03 -8.656493e-04 9.999770e-01 2.382187e+01
9.999998e-01 -6.652757e-04 1.053895e-05 3.150596e+00 6.652823e-04 9.999996e-01 -6.664562e-04 -6.611725e-01 -1.009587e-05 6.664625e-04 9.999998e-01 2.302665e+01
9.999785e-01 -2.128980e-04 -6.560367e-03 3.245941e+00 2.181995e-04 9.999997e-01 8.073713e-04 -6.477632e-01 6.560194e-03 -8.087847e-04 9.999782e-01 2.201668e+01
9.999995e-01 -1.020891e-03 1.567377e-04 3.368854e+00 1.021014e-03 9.999992e-01 -7.863339e-04 -6.332784e-01 -1.559351e-04 7.864928e-04 9.999997e-01 2.093442e+01
9.999754e-01 3.844021e-05 -7.014933e-03 3.512329e+00 -3.139619e-05 9.999995e-01 1.004221e-03 -6.211567e-01 7.014968e-03 -1.003975e-03 9.999749e-01 1.992049e+01
9.999990e-01 -1.349092e-03 4.589522e-04 3.706403e+00 1.349566e-03 9.999986e-01 -1.034908e-03 -6.087255e-01 -4.575556e-04 1.035525e-03 9.999994e-01 1.880052e+01
9.999692e-01 5.441459e-04 -7.825586e-03 3.860189e+00 -5.321985e-04 9.999987e-01 1.528690e-03 -6.024611e-01 7.826408e-03 -1.524478e-03 9.999682e-01 1.808201e+01
9.999989e-01 -1.359337e-03 6.268270e-04 4.062620e+00 1.359979e-03 9.999985e-01 -1.025688e-03 -5.976950e-01 -6.254321e-04 1.026539e-03 9.999993e-01 1.731511e+01
9.999664e-01 8.716764e-04 -8.149330e-03 4.198432e+00 -8.588449e-04 9.999984e-01 1.577891e-03 -5.943458e-01 8.150693e-03 -1.570839e-03 9.999655e-01 1.672464e+01
9.999993e-01 -1.207993e-03 7.503124e-05 4.391660e+00 1.208062e-03 9.999988e-01 -9.362270e-04 -6.050322e-01 -7.390049e-05 9.363164e-04 9.999996e-01 1.663975e+01
9.999734e-01 4.667933e-04 -7.283234e-03 4.586196e+00 -4.559264e-04 9.999988e-01 1.493602e-03 -6.017235e-01 7.283923e-03 -1.490241e-03 9.999724e-01 1.593746e+01
9.999990e-01 -1.274788e-03 6.857785e-04 4.670946e+00 1.275699e-03 9.999983e-01 -1.330344e-03 -5.895213e-01 -6.840817e-04 1.331216e-03 9.999989e-01 1.498124e+01
9.999776e-01 5.267853e-04 -6.670325e-03 4.710663e+00 -5.192054e-04 9.999992e-01 1.138006e-03 -5.728280e-01 6.670920e-03 -1.134516e-03 9.999771e-01 1.385661e+01
9.999992e-01 -1.138262e-03 5.116889e-04 4.724303e+00 1.138950e-03 9.999984e-01 -1.347722e-03 -5.559409e-01 -5.101543e-04 1.348303e-03 9.999990e-01 1.276960e+01
9.999729e-01 5.740542e-04 -7.342810e-03 4.761021e+00 -5.634871e-04 9.999988e-01 1.441065e-03 -5.432667e-01 7.343628e-03 -1.436888e-03 9.999720e-01 1.186126e+01
9.999980e-01 -1.266459e-03 1.523549e-03 4.781513e+00 1.269166e-03 9.999976e-01 -1.777494e-03 -5.250106e-01 -1.521294e-03 1.779424e-03 9.999973e-01 1.067310e+01
9.999770e-01 5.104827e-04 -6.765847e-03 4.781639e+00 -5.020270e-04 9.999991e-01 1.251357e-03 -5.041840e-01 6.766480e-03 -1.247931e-03 9.999763e-01 9.383479e+00
9.999983e-01 -1.391711e-03 1.207140e-03 4.819357e+00 1.393776e-03 9.999976e-01 -1.711900e-03 -4.845774e-01 -1.204755e-03 1.713579e-03 9.999978e-01 8.099373e+00
9.999781e-01 5.197179e-04 -6.595146e-03 4.830150e+00 -5.122303e-04 9.999992e-01 1.136913e-03 -4.637085e-01 6.595732e-03 -1.133509e-03 9.999776e-01 6.807271e+00
9.999986e-01 -1.326110e-03 1.059559e-03 4.844675e+00 1.327865e-03 9.999977e-01 -1.658497e-03 -4.433739e-01 -1.057357e-03 1.659901e-03 9.999981e-01 5.547794e+00
9.999755e-01 5.378918e-04 -6.973804e-03 4.876471e+00 -5.287074e-04 9.999990e-01 1.318720e-03 -4.263946e-01 6.974506e-03 -1.315000e-03 9.999748e-01 4.423341e+00
9.999976e-01 -1.443533e-03 1.629354e-03 4.891494e+00 1.446635e-03 9.999971e-01 -1.904501e-03 -4.046902e-01 -1.626600e-03 1.906853e-03 9.999969e-01 3.106857e+00
9.999753e-01 4.776944e-04 -7.014909e-03 4.903341e+00 -4.687877e-04 9.999991e-01 1.271224e-03 -3.800878e-01 7.015510e-03 -1.267904e-03 9.999746e-01 1.632718e+00
9.999965e-01 -1.563337e-03 2.155336e-03 4.911244e+00 1.567880e-03 9.999965e-01 -2.107969e-03 -3.537434e-01 -2.152033e-03 2.111340e-03 9.999955e-01 7.390619e-02
9.999750e-01 5.179883e-04 -7.056685e-03 4.927478e+00 -5.086026e-04 9.999990e-01 1.331735e-03 -3.291346e-01 7.057368e-03 -1.328112e-03 9.999742e-01 -1.429207e+00
9.999972e-01 -1.432772e-03 1.867997e-03 4.957814e+00 1.436410e-03 9.999971e-01 -1.948118e-03 -3.079849e-01 -1.865200e-03 1.950795e-03 9.999964e-01 -2.769230e+00
9.999374e-01 9.234384e-05 -1.118547e-02 5.453773e+00 -5.932596e-05 9.999956e-01 2.952125e-03 -3.257720e-01 1.118570e-02 -2.951276e-03 9.999331e-01 -3.080726e+00
9.999957e-01 -1.614795e-03 2.432694e-03 5.954559e+00 1.619845e-03 9.999965e-01 -2.075342e-03 -3.482013e-01 -2.429334e-03 2.079273e-03 9.999949e-01 -3.171785e+00
9.999552e-01 5.757347e-04 -9.446189e-03 6.093586e+00 -5.528677e-04 9.999969e-01 2.423164e-03 -3.368993e-01 9.447555e-03 -2.417833e-03 9.999524e-01 -4.134831e+00
9.999962e-01 -1.230575e-03 2.468045e-03 6.167549e+00 1.236061e-03 9.999968e-01 -2.222844e-03 -3.245640e-01 -2.465302e-03 2.225886e-03 9.999945e-01 -5.057318e+00
9.999652e-01 4.236881e-04 -8.329006e-03 6.213736e+00 -4.070267e-04 9.999979e-01 2.001968e-03 -3.065840e-01 8.329837e-03 -1.998507e-03 9.999633e-01 -6.255453e+00
9.999954e-01 -1.243836e-03 2.771324e-03 6.235189e+00 1.250516e-03 9.999963e-01 -2.410429e-03 -2.868082e-01 -2.768316e-03 2.413882e-03 9.999933e-01 -7.507737e+00
9.999636e-01 3.009796e-04 -8.530587e-03 6.261996e+00 -2.839541e-04 9.999980e-01 1.996927e-03 -2.666644e-01 8.531171e-03 -1.994431e-03 9.999616e-01 -8.775899e+00
9.999984e-01 -1.060368e-03 1.463262e-03 6.364224e+00 1.062887e-03 9.999980e-01 -1.721720e-03 -2.561063e-01 -1.461434e-03 1.723272e-03 9.999974e-01 -9.663827e+00
9.999717e-01 1.074880e-04 -7.528558e-03 6.452882e+00 -9.501813e-05 9.999986e-01 1.656645e-03 -2.409832e-01 7.528726e-03 -1.655882e-03 9.999703e-01 -1.077611e+01
9.999970e-01 -9.744109e-04 2.258554e-03 6.481762e+00 9.790593e-04 9.999974e-01 -2.058101e-03 -2.208552e-01 -2.256543e-03 2.060306e-03 9.999953e-01 -1.209812e+01
9.999765e-01 6.572456e-05 -6.854743e-03 6.483418e+00 -5.653009e-05 9.999991e-01 1.341472e-03 -1.969754e-01 6.854825e-03 -1.341052e-03 9.999756e-01 -1.356648e+01
9.999979e-01 -1.014704e-03 1.776299e-03 6.511222e+00 1.018121e-03 9.999976e-01 -1.924238e-03 -1.742714e-01 -1.774343e-03 1.926042e-03 9.999966e-01 -1.500041e+01
9.999794e-01 4.186194e-05 -6.421483e-03 6.515812e+00 -3.453380e-05 9.999993e-01 1.141251e-03 -1.494108e-01 6.421527e-03 -1.141005e-03 9.999787e-01 -1.652231e+01
9.999974e-01 -1.046126e-03 2.016844e-03 6.506018e+00 1.050312e-03 9.999973e-01 -2.075702e-03 -1.235248e-01 -2.014667e-03 2.077814e-03 9.999958e-01 -1.805336e+01
9.999716e-01 1.602010e-04 -7.534896e-03 6.544143e+00 -1.479696e-04 9.999987e-01 1.623788e-03 -1.030185e-01 7.535146e-03 -1.622626e-03 9.999703e-01 -1.935285e+01
9.999977e-01 -1.016507e-03 1.886441e-03 6.582514e+00 1.020353e-03 9.999974e-01 -2.039351e-03 -8.401813e-02 -1.884364e-03 2.041271e-03 9.999961e-01 -2.058657e+01
9.999753e-01 5.907813e-04 -7.009135e-03 6.645613e+00 -5.795961e-04 9.999986e-01 1.597681e-03 -6.196240e-02 7.010069e-03 -1.593578e-03 9.999742e-01 -2.196830e+01
9.999968e-01 -1.939275e-03 1.607420e-03 6.955034e+00 1.942050e-03 9.999966e-01 -1.726930e-03 -4.940071e-02 -1.604066e-03 1.730046e-03 9.999972e-01 -2.324731e+01
9.999772e-01 2.146806e-03 -6.401711e-03 6.776557e+00 -2.139762e-03 9.999971e-01 1.106972e-03 -2.843450e-02 6.404069e-03 -1.093248e-03 9.999789e-01 -2.415245e+01
9.999983e-01 -1.188252e-03 1.381738e-03 6.446836e+00 1.190068e-03 9.999984e-01 -1.314912e-03 -3.194777e-03 -1.380174e-03 1.316554e-03 9.999982e-01 -2.496087e+01
9.999705e-01 1.207030e-03 -7.591894e-03 6.311552e+00 -1.201984e-03 9.999991e-01 6.691626e-04 2.117069e-02 7.592695e-03 -6.600168e-04 9.999710e-01 -2.601912e+01
9.999904e-01 -1.527681e-03 4.114626e-03 6.159277e+00 1.535684e-03 9.999969e-01 -1.942669e-03 5.393516e-02 -4.111646e-03 1.948969e-03 9.999896e-01 -2.764807e+01
9.999689e-01 7.196031e-04 -7.852657e-03 6.113785e+00 -7.126801e-04 9.999994e-01 8.843396e-04 8.424163e-02 7.853289e-03 -8.787151e-04 9.999688e-01 -2.935218e+01
9.999889e-01 -1.860778e-03 4.330490e-03 6.066948e+00 1.870201e-03 9.999959e-01 -2.173065e-03 1.178457e-01 -4.326429e-03 2.181139e-03 9.999883e-01 -3.121361e+01
9.999444e-01 6.894186e-04 -1.052188e-02 6.175239e+00 -6.689870e-04 9.999979e-01 1.945185e-03 1.369752e-01 1.052320e-02 -1.938038e-03 9.999428e-01 -3.251319e+01
9.999883e-01 -1.931366e-03 4.442114e-03 6.334345e+00 1.940431e-03 9.999960e-01 -2.037351e-03 1.521342e-01 -4.438161e-03 2.045946e-03 9.999881e-01 -3.374309e+01
9.999493e-01 6.297454e-04 -1.005260e-02 6.440019e+00 -6.133815e-04 9.999985e-01 1.630798e-03 1.713715e-01 1.005362e-02 -1.624548e-03 9.999481e-01 -3.508803e+01
9.999898e-01 -1.636318e-03 4.216207e-03 6.524814e+00 1.644270e-03 9.999969e-01 -1.883323e-03 1.871541e-01 -4.213113e-03 1.890236e-03 9.999893e-01 -3.624305e+01
9.999457e-01 6.249893e-04 -1.040522e-02 6.651948e+00 -6.056073e-04 9.999981e-01 1.865732e-03 2.001839e-01 1.040637e-02 -1.859329e-03 9.999441e-01 -3.732743e+01
9.999872e-01 -1.650345e-03 4.786522e-03 6.735747e+00 1.661007e-03 9.999961e-01 -2.224370e-03 2.180040e-01 -4.782833e-03 2.232291e-03 9.999861e-01 -3.859547e+01
9.999494e-01 6.203267e-04 -1.003977e-02 6.789407e+00 -6.027308e-04 9.999983e-01 1.755522e-03 2.378056e-01 1.004084e-02 -1.749381e-03 9.999481e-01 -3.992714e+01
9.999884e-01 -1.710257e-03 4.500205e-03 6.867064e+00 1.719821e-03 9.999963e-01 -2.122222e-03 2.559101e-01 -4.496559e-03 2.129936e-03 9.999876e-01 -4.121107e+01
9.999509e-01 6.260224e-04 -9.893054e-03 6.929049e+00 -6.097895e-04 9.999985e-01 1.643738e-03 2.757106e-01 9.894068e-03 -1.637624e-03 9.999497e-01 -4.253123e+01
9.999917e-01 -1.560584e-03 3.769848e-03 6.995404e+00 1.567611e-03 9.999970e-01 -1.862032e-03 2.918143e-01 -3.766931e-03 1.867926e-03 9.999912e-01 -4.366290e+01
9.999493e-01 9.589600e-04 -1.002287e-02 7.032182e+00 -9.405610e-04 9.999979e-01 1.840215e-03 3.053332e-01 1.002461e-02 -1.830694e-03 9.999481e-01 -4.461794e+01
9.999911e-01 -1.592458e-03 3.919598e-03 7.061375e+00 1.600323e-03 9.999967e-01 -2.004379e-03 3.226782e-01 -3.916393e-03 2.010633e-03 9.999903e-01 -4.576413e+01
9.999580e-01 9.260961e-04 -9.119031e-03 7.017680e+00 -9.140282e-04 9.999987e-01 1.327408e-03 3.461779e-01 9.120249e-03 -1.319017e-03 9.999575e-01 -4.709479e+01
9.999887e-01 -1.833780e-03 4.380731e-03 6.991776e+00 1.843391e-03 9.999959e-01 -2.191006e-03 3.746677e-01 -4.376695e-03 2.199056e-03 9.999880e-01 -4.869384e+01
9.999698e-01 9.946989e-04 -7.706831e-03 6.928613e+00 -9.871135e-04 9.999990e-01 9.879436e-04 4.080078e-01 7.707807e-03 -9.803057e-04 9.999698e-01 -5.052275e+01
9.999896e-01 -1.909341e-03 4.140305e-03 6.850297e+00 1.918650e-03 9.999956e-01 -2.245880e-03 4.402202e-01 -4.135999e-03 2.253800e-03 9.999889e-01 -5.227749e+01
9.999421e-01 1.133405e-03 -1.070387e-02 6.896500e+00 -1.109605e-03 9.999969e-01 2.229088e-03 4.589614e-01 1.070636e-02 -2.217081e-03 9.999402e-01 -5.346239e+01
9.999879e-01 -1.943261e-03 4.529407e-03 6.899899e+00 1.955036e-03 9.999947e-01 -2.596721e-03 4.759156e-01 -4.524337e-03 2.605544e-03 9.999864e-01 -5.455604e+01
9.999623e-01 7.771609e-04 -8.649473e-03 6.909792e+00 -7.694857e-04 9.999993e-01 8.906041e-04 4.525230e-01 8.650159e-03 -8.839142e-04 9.999622e-01 -5.325448e+01
9.999943e-01 -2.642745e-03 2.110619e-03 7.055289e+00 2.650065e-03 9.999905e-01 -3.473119e-03 4.110290e-01 -2.101420e-03 3.478692e-03 9.999917e-01 -5.172887e+01
9.999760e-01 2.402810e-03 -6.502168e-03 6.900700e+00 -2.386751e-03 9.999941e-01 2.476355e-03 4.374363e-01 6.508080e-03 -2.460776e-03 9.999758e-01 -5.304932e+01
9.999926e-01 -2.588286e-03 2.862889e-03 6.753684e+00 2.598508e-03 9.999902e-01 -3.572558e-03 4.672315e-01 -2.853614e-03 3.579970e-03 9.999895e-01 -5.455458e+01
9.999802e-01 2.088549e-03 -5.942302e-03 6.580219e+00 -2.075732e-03 9.999955e-01 2.162093e-03 5.013265e-01 5.946791e-03 -2.149715e-03 9.999800e-01 -5.622967e+01
9.999957e-01 -2.765290e-03 9.861755e-04 6.515155e+00 2.768082e-03 9.999921e-01 -2.841590e-03 5.280571e-01 -9.783101e-04 2.844307e-03 9.999955e-01 -5.768281e+01
9.999799e-01 1.806045e-03 -6.080519e-03 6.484619e+00 -1.793922e-03 9.999964e-01 1.998481e-03 5.556958e-01 6.084107e-03 -1.987532e-03 9.999795e-01 -5.919983e+01
9.999960e-01 -2.422983e-03 1.439630e-03 6.421414e+00 2.427047e-03 9.999931e-01 -2.828098e-03 5.834772e-01 -1.432768e-03 2.831580e-03 9.999950e-01 -6.071011e+01
9.999771e-01 1.533546e-03 -6.588177e-03 6.421737e+00 -1.518966e-03 9.999964e-01 2.217469e-03 6.078386e-01 6.591554e-03 -2.207411e-03 9.999758e-01 -6.212831e+01
9.999970e-01 -2.311533e-03 8.003947e-04 6.435678e+00 2.313635e-03 9.999938e-01 -2.636735e-03 6.289618e-01 -7.942951e-04 2.638578e-03 9.999962e-01 -6.340316e+01
9.999781e-01 1.620914e-03 -6.421181e-03 6.439540e+00 -1.606627e-03 9.999962e-01 2.229403e-03 6.486660e-01 6.424771e-03 -2.219037e-03 9.999769e-01 -6.463004e+01
9.999971e-01 -2.156356e-03 -1.074134e-03 6.548170e+00 2.154646e-03 9.999964e-01 -1.590252e-03 6.563158e-01 1.077559e-03 1.587932e-03 9.999982e-01 -6.536876e+01
9.999730e-01 1.054065e-03 -7.271378e-03 6.831039e+00 -1.037342e-03 9.999968e-01 2.303157e-03 6.495739e-01 7.273783e-03 -2.295551e-03 9.999709e-01 -6.577468e+01
9.999978e-01 -2.060052e-03 3.991600e-04 6.967104e+00 2.060921e-03 9.999955e-01 -2.190256e-03 6.625603e-01 -3.946463e-04 2.191073e-03 9.999975e-01 -6.680628e+01
9.999747e-01 1.099020e-03 -7.032795e-03 7.049998e+00 -1.084412e-03 9.999972e-01 2.080472e-03 6.786207e-01 7.035062e-03 -2.072792e-03 9.999731e-01 -6.790598e+01
9.999985e-01 -1.683711e-03 3.397050e-04 7.085750e+00 1.684442e-03 9.999962e-01 -2.163340e-03 6.933771e-01 -3.360615e-04 2.163909e-03 9.999976e-01 -6.888566e+01
9.999748e-01 1.020049e-03 -7.028614e-03 7.128856e+00 -1.004762e-03 9.999971e-01 2.178117e-03 7.080417e-01 7.030815e-03 -2.171000e-03 9.999729e-01 -6.985444e+01
9.999961e-01 -1.495855e-03 2.364663e-03 7.038831e+00 1.503151e-03 9.999941e-01 -3.086774e-03 7.357130e-01 -2.360032e-03 3.090316e-03 9.999924e-01 -7.126491e+01
9.999745e-01 1.192754e-03 -7.041865e-03 6.976133e+00 -1.175563e-03 9.999963e-01 2.444861e-03 7.612174e-01 7.044755e-03 -2.436520e-03 9.999722e-01 -7.266867e+01
9.999981e-01 -1.787502e-03 7.266377e-04 7.093083e+00 1.789803e-03 9.999933e-01 -3.178482e-03 7.349568e-01 -7.209515e-04 3.179776e-03 9.999947e-01 -7.175908e+01
9.998831e-01 -5.410434e-03 1.429956e-02 7.190899e+00 5.563427e-03 9.999275e-01 -1.068114e-02 6.138427e-01 -1.424073e-02 1.075944e-02 9.998407e-01 -6.543413e+01
9.999640e-01 -2.956513e-03 -7.958566e-03 7.509533e+00 2.925447e-03 9.999881e-01 -3.912301e-03 4.702752e-01 7.970037e-03 3.888877e-03 9.999607e-01 -5.941350e+01
9.999975e-01 1.758327e-03 -1.412405e-03 7.707230e+00 -1.753717e-03 9.999932e-01 3.258555e-03 4.437729e-01 1.418126e-03 -3.256070e-03 9.999937e-01 -5.871792e+01
9.999894e-01 -2.588767e-03 -3.815083e-03 7.713110e+00 2.574131e-03 9.999893e-01 -3.836302e-03 4.674602e-01 3.824973e-03 3.826440e-03 9.999854e-01 -6.010801e+01
9.999960e-01 1.793436e-03 -2.193986e-03 7.771511e+00 -1.785820e-03 9.999924e-01 3.468122e-03 4.877810e-01 2.200189e-03 -3.464189e-03 9.999916e-01 -6.138229e+01
9.999901e-01 -2.458482e-03 -3.712023e-03 7.809786e+00 2.444025e-03 9.999894e-01 -3.893998e-03 5.080088e-01 3.721556e-03 3.884886e-03 9.999855e-01 -6.264243e+01
9.999964e-01 1.524876e-03 -2.227075e-03 7.869261e+00 -1.516764e-03 9.999922e-01 3.639427e-03 5.278305e-01 2.232608e-03 -3.636035e-03 9.999909e-01 -6.391185e+01
9.999878e-01 -2.806110e-03 -4.069773e-03 7.995890e+00 2.790301e-03 9.999886e-01 -3.884982e-03 5.460764e-01 4.080628e-03 3.873578e-03 9.999842e-01 -6.516254e+01
9.999822e-01 1.154403e-03 -5.859523e-03 8.497737e+00 -1.124594e-03 9.999864e-01 5.088014e-03 5.320025e-01 5.865317e-03 -5.081334e-03 9.999699e-01 -6.555766e+01
9.999884e-01 -2.909991e-03 -3.831179e-03 9.078804e+00 2.893951e-03 9.999871e-01 -4.185522e-03 5.100609e-01 3.843309e-03 4.174386e-03 9.999839e-01 -6.569536e+01
9.999879e-01 1.871236e-03 -4.554320e-03 9.320856e+00 -1.848266e-03 9.999856e-01 5.042638e-03 5.140607e-01 4.563691e-03 -5.034159e-03 9.999769e-01 -6.644298e+01
9.999931e-01 -2.608712e-03 -2.627983e-03 9.580740e+00 2.596866e-03 9.999865e-01 -4.500787e-03 5.168255e-01 2.639689e-03 4.493931e-03 9.999864e-01 -6.734409e+01
9.999706e-01 -7.287423e-04 7.631102e-03 9.623328e+00 7.440711e-04 9.999977e-01 -2.006025e-03 4.532445e-01 -7.629622e-03 2.011644e-03 9.999689e-01 -6.385708e+01
9.999712e-01 -5.007514e-03 -5.700279e-03 9.933691e+00 4.963931e-03 9.999585e-01 -7.634376e-03 3.448706e-01 5.738271e-03 7.605860e-03 9.999546e-01 -5.955329e+01
9.999897e-01 3.229488e-03 -3.174917e-03 1.040354e+01 -3.203076e-03 9.999605e-01 8.289231e-03 3.251394e-01 3.201561e-03 -8.278976e-03 9.999606e-01 -5.964209e+01
9.999884e-01 -4.026030e-03 -2.625966e-03 1.043770e+01 4.003166e-03 9.999545e-01 -8.654555e-03 3.458740e-01 2.660690e-03 8.643943e-03 9.999591e-01 -6.090950e+01
9.999912e-01 3.210444e-03 -2.691083e-03 1.044934e+01 -3.188361e-03 9.999615e-01 8.170320e-03 3.687673e-01 2.717210e-03 -8.161667e-03 9.999630e-01 -6.229284e+01
9.999887e-01 -3.997992e-03 -2.554170e-03 1.046218e+01 3.975565e-03 9.999540e-01 -8.725771e-03 3.920407e-01 2.588938e-03 8.715518e-03 9.999587e-01 -6.365737e+01
9.999938e-01 2.987149e-03 -1.875928e-03 1.044899e+01 -2.972480e-03 9.999654e-01 7.774182e-03 4.207818e-01 1.899086e-03 -7.768557e-03 9.999680e-01 -6.527250e+01
9.999879e-01 -4.167093e-03 -2.609669e-03 1.046695e+01 4.144105e-03 9.999531e-01 -8.752956e-03 4.498863e-01 2.646021e-03 8.742035e-03 9.999583e-01 -6.695676e+01
9.999921e-01 2.981410e-03 -2.628438e-03 1.050095e+01 -2.960315e-03 9.999637e-01 7.993062e-03 4.756165e-01 2.652174e-03 -7.985217e-03 9.999646e-01 -6.850459e+01
9.999879e-01 -3.826669e-03 -3.084675e-03 1.053123e+01 3.800659e-03 9.999575e-01 -8.393844e-03 4.966290e-01 3.116664e-03 8.382018e-03 9.999600e-01 -6.980953e+01
9.999914e-01 2.852058e-03 -3.011711e-03 1.058513e+01 -2.827525e-03 9.999630e-01 8.118936e-03 5.163109e-01 3.034755e-03 -8.110350e-03 9.999625e-01 -7.108687e+01
9.999911e-01 -3.725951e-03 -2.000067e-03 1.058359e+01 3.708156e-03 9.999542e-01 -8.828094e-03 5.402095e-01 2.032869e-03 8.820598e-03 9.999590e-01 -7.251729e+01
9.999955e-01 2.676493e-03 -1.334272e-03 1.079631e+01 -2.667089e-03 9.999719e-01 7.001060e-03 5.067324e-01 1.352973e-03 -6.997469e-03 9.999746e-01 -7.127950e+01
9.999856e-01 -5.094788e-03 1.680017e-03 1.093416e+01 5.114374e-03 9.999165e-01 -1.186793e-02 4.508751e-01 -1.619412e-03 1.187635e-02 9.999282e-01 -6.875804e+01
9.999646e-01 6.295414e-04 8.387200e-03 1.079757e+01 -6.466655e-04 9.999977e-01 2.039185e-03 3.770044e-01 -8.385897e-03 -2.044536e-03 9.999627e-01 -6.425060e+01
9.999664e-01 -7.240045e-03 3.853592e-03 1.072011e+01 7.298986e-03 9.998531e-01 -1.550737e-02 2.718888e-01 -3.740752e-03 1.553497e-02 9.998723e-01 -5.853493e+01
9.999822e-01 5.300644e-03 -2.751448e-03 1.052479e+01 -5.270183e-03 9.999260e-01 1.096220e-02 2.533771e-01 2.809351e-03 -1.094751e-02 9.999361e-01 -5.657264e+01
9.999817e-01 -6.046389e-03 6.199330e-05 1.041630e+01 6.046686e-03 9.998991e-01 -1.285029e-02 2.505280e-01 1.571068e-05 1.285043e-02 9.999174e-01 -5.567895e+01
9.999544e-01 4.928323e-03 -8.180427e-03 1.061078e+01 -4.827846e-03 9.999132e-01 1.225715e-02 2.241307e-01 8.240124e-03 -1.221709e-02 9.998914e-01 -5.497747e+01
9.999796e-01 -6.177878e-03 1.629912e-03 1.084903e+01 6.197658e-03 9.999036e-01 -1.242387e-02 2.450378e-01 -1.553002e-03 1.243371e-02 9.999215e-01 -5.651520e+01
9.999571e-01 4.580058e-03 -8.056234e-03 1.105277e+01 -4.481620e-03 9.999156e-01 1.219474e-02 2.629030e-01 8.111406e-03 -1.215811e-02 9.998932e-01 -5.787070e+01
9.998664e-01 -8.216252e-03 1.412768e-02 1.106347e+01 8.492489e-03 9.997717e-01 -1.960539e-02 2.019417e-01 -1.396338e-02 1.972275e-02 9.997080e-01 -5.409568e+01
9.998557e-01 2.952365e-03 -1.673162e-02 1.139542e+01 -2.774840e-03 9.999397e-01 1.062347e-02 9.730294e-02 1.676198e-02 -1.057551e-02 9.998036e-01 -5.012405e+01
9.999352e-01 -3.428322e-03 1.085389e-02 1.141189e+01 3.545396e-03 9.999355e-01 -1.078566e-02 1.155092e-01 -1.081621e-02 1.082344e-02 9.998829e-01 -5.128508e+01
9.998556e-01 2.387091e-03 -1.682567e-02 1.148096e+01 -2.213028e-03 9.999439e-01 1.035609e-02 1.356388e-01 1.684945e-02 -1.031735e-02 9.998048e-01 -5.260910e+01
9.999421e-01 -3.398765e-03 1.021444e-02 1.161554e+01 3.503386e-03 9.999414e-01 -1.024217e-02 1.502997e-01 -1.017903e-02 1.027736e-02 9.998954e-01 -5.370326e+01
9.998478e-01 2.717154e-03 -1.723399e-02 1.178738e+01 -2.533041e-03 9.999396e-01 1.069596e-02 1.595450e-01 1.726201e-02 -1.065067e-02 9.997943e-01 -5.462563e+01
9.999352e-01 -3.383720e-03 1.087285e-02 1.184976e+01 3.499205e-03 9.999375e-01 -1.062010e-02 1.721505e-01 -1.083624e-02 1.065746e-02 9.998845e-01 -5.558827e+01
9.998567e-01 2.908507e-03 -1.667779e-02 1.183547e+01 -2.737234e-03 9.999434e-01 1.028314e-02 1.916214e-01 1.670676e-02 -1.023602e-02 9.998080e-01 -5.676266e+01
9.999353e-01 -3.392209e-03 1.085554e-02 1.180873e+01 3.509818e-03 9.999352e-01 -1.083342e-02 2.136091e-01 -1.081809e-02 1.087082e-02 9.998824e-01 -5.800776e+01
9.998632e-01 3.142421e-03 -1.623860e-02 1.176646e+01 -2.970919e-03 9.999397e-01 1.057473e-02 2.328894e-01 1.627085e-02 -1.052504e-02 9.998122e-01 -5.914433e+01
9.999450e-01 -3.597021e-03 9.855625e-03 1.179664e+01 3.701849e-03 9.999366e-01 -1.063896e-02 2.485177e-01 -9.816731e-03 1.067486e-02 9.998948e-01 -6.018544e+01
9.998622e-01 2.899542e-03 -1.634807e-02 1.184846e+01 -2.726115e-03 9.999399e-01 1.062071e-02 2.640018e-01 1.637788e-02 -1.057468e-02 9.998100e-01 -6.124293e+01
9.999044e-01 -4.204391e-03 1.317344e-02 1.194458e+01 4.374543e-03 9.999070e-01 -1.291427e-02 2.304470e-01 -1.311792e-02 1.297066e-02 9.998298e-01 -5.957771e+01
9.997630e-01 1.858732e-03 -2.169306e-02 1.222620e+01 -1.639361e-03 9.999474e-01 1.012588e-02 1.778032e-01 2.171074e-02 -1.008792e-02 9.997134e-01 -5.798245e+01
9.999251e-01 -2.608761e-03 1.195905e-02 1.282296e+01 2.722693e-03 9.999510e-01 -9.520553e-03 1.734720e-01 -1.193362e-02 9.552400e-03 9.998832e-01 -5.877938e+01
9.998281e-01 2.236154e-03 -1.840829e-02 1.315929e+01 -2.065740e-03 9.999549e-01 9.271256e-03 1.834360e-01 1.842819e-02 -9.231634e-03 9.997876e-01 -5.973228e+01
9.999071e-01 -2.236868e-03 1.344650e-02 1.326670e+01 2.363787e-03 9.999527e-01 -9.430389e-03 2.004747e-01 -1.342477e-02 9.461297e-03 9.998651e-01 -6.098055e+01
9.998446e-01 2.477641e-03 -1.745458e-02 1.322795e+01 -2.318303e-03 9.999555e-01 9.143063e-03 2.216221e-01 1.747645e-02 -9.101177e-03 9.998059e-01 -6.222712e+01
9.999281e-01 -2.082817e-03 1.180814e-02 1.332100e+01 2.189901e-03 9.999565e-01 -9.063054e-03 2.363959e-01 -1.178875e-02 9.088260e-03 9.998892e-01 -6.335888e+01
9.998726e-01 1.687451e-03 -1.587216e-02 1.342800e+01 -1.565245e-03 9.999691e-01 7.708630e-03 2.642840e-01 1.588468e-02 -7.682804e-03 9.998443e-01 -6.515691e+01
9.998943e-01 -2.677201e-03 1.429380e-02 1.339180e+01 2.815897e-03 9.999491e-01 -9.691990e-03 3.062412e-01 -1.426712e-02 9.731214e-03 9.998509e-01 -6.744329e+01
9.998695e-01 2.136465e-03 -1.601267e-02 1.329652e+01 -2.007881e-03 9.999656e-01 8.041899e-03 3.446979e-01 1.602930e-02 -8.008698e-03 9.998394e-01 -6.953534e+01
9.998921e-01 -2.472575e-03 1.447809e-02 1.316947e+01 2.617037e-03 9.999469e-01 -9.967566e-03 3.875650e-01 -1.445267e-02 1.000438e-02 9.998455e-01 -7.173590e+01
9.998080e-01 8.514329e-04 -1.957578e-02 1.331462e+01 -6.705219e-04 9.999570e-01 9.246257e-03 4.152044e-01 1.958281e-02 -9.231356e-03 9.997656e-01 -7.349040e+01
9.998961e-01 -1.748184e-03 1.431184e-02 1.337620e+01 1.893840e-03 9.999465e-01 -1.017016e-02 4.407538e-01 -1.429330e-02 1.019620e-02 9.998459e-01 -7.504238e+01
9.997916e-01 1.280730e-03 -2.037417e-02 1.338434e+01 -1.077989e-03 9.999498e-01 9.958722e-03 4.602193e-01 2.038590e-02 -9.934683e-03 9.997428e-01 -7.621590e+01
9.999174e-01 -1.700077e-03 1.273802e-02 1.349663e+01 1.819906e-03 9.999541e-01 -9.401542e-03 4.688214e-01 -1.272146e-02 9.423947e-03 9.998747e-01 -7.696370e+01
9.997967e-01 1.056271e-03 -2.013796e-02 1.365463e+01 -8.599374e-04 9.999520e-01 9.755562e-03 4.587886e-01 2.014730e-02 -9.736260e-03 9.997496e-01 -7.668792e+01
9.999149e-01 -1.853131e-03 1.291537e-02 1.383114e+01 1.978891e-03 9.999507e-01 -9.731255e-03 4.447371e-01 -1.289670e-02 9.755985e-03 9.998692e-01 -7.629609e+01
9.997719e-01 7.828792e-04 -2.134129e-02 1.403998e+01 -5.754206e-04 9.999525e-01 9.725386e-03 4.291286e-01 2.134789e-02 -9.710887e-03 9.997249e-01 -7.599613e+01
9.998913e-01 -1.750695e-03 1.463851e-02 1.425599e+01 1.890221e-03 9.999529e-01 -9.523051e-03 4.389870e-01 -1.462115e-02 9.549686e-03 9.998475e-01 -7.699378e+01
