9.999616e-01 -2.414283e-04 -8.763796e-03 5.621760e-02 2.457871e-04 9.999998e-01 4.962979e-04 -8.436150e-03 8.763674e-03 -4.984336e-04 9.999615e-01 2.365814e-01
9.999996e-01 -7.123123e-05 8.658013e-04 1.119668e-01 7.146743e-05 1.000000e+00 -2.727423e-04 -2.237886e-02 -8.657815e-04 2.728048e-04 9.999996e-01 7.300435e-01
9.999568e-01 -1.809340e-04 -9.294323e-03 1.742178e-01 1.867816e-04 9.999998e-01 6.282972e-04 -3.290621e-02 9.294207e-03 -6.300067e-04 9.999566e-01 1.057562e+00
9.999981e-01 -3.191428e-04 1.929387e-03 2.192966e-01 3.206759e-04 9.999996e-01 -7.943246e-04 -4.999164e-02 -1.929132e-03 7.949425e-04 9.999978e-01 1.723238e+00
9.999649e-01 -2.713691e-04 -8.373447e-03 2.646008e-01 2.730839e-04 9.999999e-01 2.036522e-04 -6.992034e-02 8.373391e-03 -2.059324e-04 9.999649e-01 2.551070e+00
9.999993e-01 -3.343166e-04 1.097423e-03 3.139118e-01 3.348434e-04 9.999998e-01 -4.799065e-04 -8.890494e-02 -1.097262e-03 4.802744e-04 9.999993e-01 3.276969e+00
9.999654e-01 -1.247267e-04 -8.311669e-03 3.529128e-01 1.262654e-04 1.000000e+00 1.846081e-04 -1.055971e-01 8.311646e-03 -1.856519e-04 9.999654e-01 3.956183e+00
9.999999e-01 -2.445272e-04 2.756517e-04 3.912487e-01 2.445350e-04 1.000000e+00 -2.795643e-05 -1.206298e-01 -2.756445e-04 2.802454e-05 1.000000e+00 4.494105e+00
9.999698e-01 -2.533725e-04 -7.772449e-03 4.141163e-01 2.518630e-04 9.999999e-01 -1.951841e-04 -1.359710e-01 7.772497e-03 1.932199e-04 9.999698e-01 5.136370e+00
1.000000e+00 1.019932e-04 6.699853e-05 4.119255e-01 -1.020015e-04 1.000000e+00 1.247044e-04 -1.472206e-01 -6.698547e-05 -1.247105e-04 1.000000e+00 5.618251e+00
9.999624e-01 -5.763279e-04 -8.657104e-03 5.183316e-01 5.799535e-04 9.999997e-01 4.163001e-04 -1.525364e-01 8.656862e-03 -4.213058e-04 9.999624e-01 5.582491e+00
9.999996e-01 2.777242e-04 8.905382e-04 5.299641e-01 -2.774166e-04 9.999999e-01 -3.455001e-04 -1.617733e-01 -8.906337e-04 3.452536e-04 9.999995e-01 5.924213e+00
9.999634e-01 -2.562070e-04 -8.548617e-03 4.926546e-01 2.600574e-04 9.999999e-01 4.493070e-04 -1.610015e-01 8.548500e-03 -4.515144e-04 9.999634e-01 5.821276e+00
1.000000e+00 8.719630e-06 2.057142e-04 5.537113e-01 -8.736955e-06 1.000000e+00 8.452095e-05 -1.590632e-01 -2.057131e-04 -8.452203e-05 1.000000e+00 5.449976e+00
9.999656e-01 -3.421326e-05 -8.293519e-03 5.238614e-01 3.599772e-05 1.000000e+00 2.150212e-04 -1.596341e-01 8.293511e-03 -2.153131e-04 9.999656e-01 5.370291e+00
1.000000e+00 -1.044076e-05 3.339979e-05 5.252265e-01 1.043373e-05 1.000000e+00 2.124450e-04 -1.602028e-01 -3.340167e-05 -2.124440e-04 1.000000e+00 5.333596e+00
9.999708e-01 -3.995274e-04 -7.625745e-03 5.457751e-01 3.995408e-04 9.999999e-01 2.387759e-07 -1.497764e-01 7.625744e-03 -3.286274e-06 9.999709e-01 4.603194e+00
9.999998e-01 1.358814e-04 5.706977e-04 5.621558e-01 -1.359631e-04 1.000000e+00 1.432459e-04 -1.366222e-01 -5.706779e-04 -1.433228e-04 9.999998e-01 3.744591e+00
9.999693e-01 -2.303965e-04 -7.831362e-03 5.077107e-01 2.295574e-04 1.000000e+00 -1.080452e-04 -1.263346e-01 7.831386e-03 1.062434e-04 9.999693e-01 3.103355e+00
9.999998e-01 1.647513e-04 6.588281e-04 4.635405e-01 -1.648715e-04 1.000000e+00 1.826319e-04 -1.165747e-01 -6.587976e-04 -1.827398e-04 9.999998e-01 2.516222e+00
9.999644e-01 -4.039200e-04 -8.431494e-03 4.471012e-01 4.034837e-04 9.999999e-01 -5.344185e-05 -1.075495e-01 8.431515e-03 5.003727e-05 9.999645e-01 1.941414e+00
9.999996e-01 1.309324e-05 9.330711e-04 4.744324e-01 -1.328367e-05 1.000000e+00 2.041707e-04 -9.680637e-02 -9.330680e-04 -2.041823e-04 9.999995e-01 1.202588e+00
9.999592e-01 -4.540387e-04 -9.019344e-03 5.504847e-01 4.561985e-04 9.999999e-01 2.374192e-04 -9.154058e-02 9.019235e-03 -2.415248e-04 9.999593e-01 6.570192e-01
9.999997e-01 -2.468833e-04 7.740643e-04 6.668781e-01 2.466251e-04 9.999999e-01 3.337583e-04 -8.706464e-02 -7.741463e-04 -3.335666e-04 9.999996e-01 4.906917e-02
9.999519e-01 -4.042187e-04 -9.798464e-03 7.800101e-01 4.062622e-04 9.999999e-01 2.065810e-04 -9.411828e-02 9.798379e-03 -2.105525e-04 9.999520e-01 3.536301e-02
9.999997e-01 -3.374605e-04 7.293918e-04 8.801483e-01 3.373324e-04 9.999999e-01 1.758305e-04 -1.025219e-01 -7.294508e-04 -1.755837e-04 9.999997e-01 1.642977e-01
9.999528e-01 -4.046416e-04 -9.707472e-03 1.026608e+00 4.092835e-04 9.999998e-01 4.762010e-04 -1.060913e-01 9.707277e-03 -4.801524e-04 9.999528e-01 -7.440818e-02
9.999940e-01 -4.233571e-04 3.437623e-03 1.119090e+00 4.257481e-04 9.999997e-01 -6.948292e-04 -8.892323e-02 -3.437327e-03 6.962893e-04 9.999938e-01 -1.248849e+00
9.999660e-01 -6.366987e-05 -8.243607e-03 1.060497e+00 6.263730e-05 1.000000e+00 -1.255024e-04 -6.478126e-02 8.243615e-03 1.249811e-04 9.999660e-01 -2.568532e+00
9.999945e-01 -1.711242e-04 3.317812e-03 9.549955e-01 1.724594e-04 9.999999e-01 -4.021245e-04 -4.216229e-02 -3.317743e-03 4.026952e-04 9.999944e-01 -3.580313e+00
9.999682e-01 6.929536e-04 -7.943460e-03 6.508966e-01 -6.936359e-04 9.999998e-01 -8.312792e-05 -2.280208e-02 7.943400e-03 8.863444e-05 9.999684e-01 -3.797717e+00
9.999996e-01 -8.720910e-04 1.705087e-04 6.224797e-01 8.720446e-04 9.999996e-01 2.728480e-04 -1.717133e-02 -1.707462e-04 -2.726985e-04 9.999999e-01 -4.062368e+00
9.999576e-01 6.483669e-05 -9.208999e-03 8.048106e-01 -5.968964e-05 9.999998e-01 5.592012e-04 -1.137445e-02 9.209033e-03 -5.586285e-04 9.999574e-01 -4.730223e+00
9.999994e-01 -8.932202e-04 6.076753e-04 9.711497e-01 8.932071e-04 9.999996e-01 2.214058e-05 -2.103671e-03 -6.076945e-04 -2.159709e-05 9.999998e-01 -5.546451e+00
9.999690e-01 1.765505e-04 -7.870690e-03 1.047111e+00 -1.756684e-04 1.000000e+00 1.127893e-04 1.135685e-02 7.870710e-03 -1.114039e-04 9.999690e-01 -6.499751e+00
9.999994e-01 -8.093974e-04 7.226070e-04 1.101206e+00 8.094128e-04 9.999997e-01 -2.079439e-05 2.480777e-02 -7.225896e-04 2.137997e-05 9.999997e-01 -7.413673e+00
9.999582e-01 3.869593e-04 -9.129632e-03 1.189013e+00 -3.811379e-04 9.999997e-01 6.393865e-04 3.012309e-02 9.129877e-03 -6.358809e-04 9.999581e-01 -7.903705e+00
9.999997e-01 -7.686919e-04 2.288610e-04 1.285653e+00 7.686685e-04 9.999997e-01 1.028750e-04 2.893117e-02 -2.289397e-04 -1.026984e-04 1.000000e+00 -8.086197e+00
9.999546e-01 4.914298e-04 -9.519389e-03 1.376678e+00 -4.842952e-04 9.999996e-01 7.517863e-04 2.556377e-02 9.519754e-03 -7.471427e-04 9.999544e-01 -8.135732e+00
9.999997e-01 -8.278574e-04 1.068028e-04 1.474202e+00 8.278443e-04 9.999996e-01 1.232311e-04 2.477345e-02 -1.069044e-04 -1.231419e-04 1.000000e+00 -8.321959e+00
9.999575e-01 5.787799e-04 -9.203169e-03 1.549733e+00 -5.732471e-04 9.999997e-01 6.038191e-04 2.807501e-02 9.203515e-03 -5.985185e-04 9.999575e-01 -8.688378e+00
9.999994e-01 -7.143169e-04 8.283849e-04 1.615746e+00 7.143176e-04 9.999997e-01 -3.982399e-07 3.311972e-02 -8.283841e-04 9.906663e-07 9.999997e-01 -9.135721e+00
9.999555e-01 4.027068e-04 -9.426801e-03 1.691382e+00 -3.966643e-04 9.999997e-01 6.428657e-04 3.933979e-02 9.427057e-03 -6.390985e-04 9.999554e-01 -9.704127e+00
9.999985e-01 -8.210211e-04 1.514056e-03 1.760098e+00 8.213234e-04 9.999996e-01 -1.990041e-04 4.809051e-02 -1.513892e-03 2.002480e-04 9.999988e-01 -1.039364e+01
9.999629e-01 5.301186e-04 -8.591848e-03 1.756976e+00 -5.272769e-04 9.999998e-01 3.330222e-04 6.073506e-02 8.592022e-03 -3.284803e-04 9.999630e-01 -1.117798e+01
9.999987e-01 -7.963841e-04 1.424269e-03 1.746961e+00 7.965996e-04 9.999997e-01 -1.506360e-04 7.400569e-02 -1.424148e-03 1.517711e-04 9.999990e-01 -1.191224e+01
9.999551e-01 4.382486e-04 -9.461667e-03 1.801694e+00 -4.328855e-04 9.999997e-01 5.688738e-04 8.347390e-02 9.461914e-03 -5.647532e-04 9.999551e-01 -1.256667e+01
9.999991e-01 -8.505727e-04 9.959243e-04 1.860646e+00 8.506032e-04 9.999996e-01 -3.001886e-05 8.990971e-02 -9.958981e-04 3.086666e-05 9.999995e-01 -1.298653e+01
9.999534e-01 5.741198e-04 -9.634471e-03 1.899151e+00 -5.693211e-04 9.999997e-01 5.008336e-04 9.448920e-02 9.634756e-03 -4.953259e-04 9.999535e-01 -1.327156e+01
9.999992e-01 -1.045195e-03 6.541928e-04 1.927335e+00 1.045301e-03 9.999994e-01 -1.618380e-04 9.878969e-02 -6.540230e-04 1.625224e-04 9.999998e-01 -1.359488e+01
9.999550e-01 7.970340e-04 -9.453407e-03 1.937046e+00 -7.908258e-04 9.999995e-01 6.604590e-04 1.065122e-01 9.453928e-03 -6.529540e-04 9.999551e-01 -1.396753e+01
9.999989e-01 -1.018962e-03 1.057747e-03 1.952265e+00 1.019274e-03 9.999994e-01 -2.944484e-04 1.160344e-01 -1.057447e-03 2.955269e-04 9.999994e-01 -1.455857e+01
9.999756e-01 1.320994e-03 -6.864632e-03 1.767825e+00 -1.321428e-03 9.999991e-01 -5.862800e-05 1.373620e-01 6.864549e-03 6.769699e-05 9.999764e-01 -1.537490e+01
9.999986e-01 -1.659830e-03 -4.111030e-05 1.784976e+00 1.659839e-03 9.999986e-01 2.306238e-04 1.514423e-01 4.072777e-05 -2.306911e-04 1.000000e+00 -1.626122e+01
9.999781e-01 1.171590e-03 -6.515622e-03 1.730121e+00 -1.175216e-03 9.999992e-01 -5.526147e-04 1.689743e-01 6.514969e-03 5.602592e-04 9.999786e-01 -1.725355e+01
9.999958e-01 -9.884984e-05 2.887952e-03 1.276233e+00 1.003880e-04 9.999999e-01 -5.324065e-04 2.031166e-01 -2.887899e-03 5.326948e-04 9.999957e-01 -1.821390e+01
9.999730e-01 2.373901e-04 -7.341805e-03 1.101753e+00 -2.389384e-04 9.999999e-01 -2.099821e-04 2.295175e-01 7.341755e-03 2.117299e-04 9.999730e-01 -1.944690e+01
9.999954e-01 -1.704806e-03 -2.501749e-03 1.591514e+00 1.707390e-03 9.999980e-01 1.030805e-03 2.197454e-01 2.499987e-03 -1.035071e-03 9.999963e-01 -1.981481e+01
9.999908e-01 1.521323e-03 -4.009641e-03 1.558356e+00 -1.525487e-03 9.999983e-01 -1.035684e-03 2.342913e-01 4.008059e-03 1.041790e-03 9.999914e-01 -2.070222e+01
9.999969e-01 -1.879783e-03 -1.631156e-03 1.491128e+00 1.880725e-03 9.999981e-01 5.759164e-04 2.551487e-01 1.630070e-03 -5.789817e-04 9.999985e-01 -2.184065e+01
9.999918e-01 1.838240e-03 -3.618428e-03 1.397263e+00 -1.842052e-03 9.999978e-01 -1.050485e-03 2.776220e-01 3.616488e-03 1.057141e-03 9.999929e-01 -2.301768e+01
9.999844e-01 -2.159092e-03 -5.158189e-03 1.467758e+00 2.166677e-03 9.999966e-01 1.465361e-03 2.676217e-01 5.155008e-03 -1.476514e-03 9.999856e-01 -2.278498e+01
9.999912e-01 1.328860e-03 -3.988443e-03 1.625978e+00 -1.334901e-03 9.999980e-01 -1.512499e-03 2.475229e-01 3.986424e-03 1.517809e-03 9.999909e-01 -2.230444e+01
9.999952e-01 -1.869270e-03 -2.464777e-03 1.668872e+00 1.872732e-03 9.999973e-01 1.402941e-03 2.651019e-01 2.462148e-03 -1.407550e-03 9.999960e-01 -2.343217e+01
9.999807e-01 5.804861e-04 -6.178662e-03 2.010530e+00 -5.862742e-04 9.999994e-01 -9.349868e-04 2.701867e-01 6.178115e-03 9.385905e-04 9.999805e-01 -2.430573e+01
9.999986e-01 -1.645141e-03 -4.250103e-04 2.176642e+00 1.645645e-03 9.999979e-01 1.188386e-03 2.797081e-01 4.230546e-04 -1.189083e-03 9.999992e-01 -2.524443e+01
9.999868e-01 1.484367e-03 -4.920255e-03 2.097577e+00 -1.492319e-03 9.999976e-01 -1.612741e-03 3.005663e-01 4.917849e-03 1.620061e-03 9.999866e-01 -2.637913e+01
9.999986e-01 -1.653057e-03 3.186360e-04 1.988943e+00 1.652752e-03 9.999982e-01 9.543460e-04 3.253542e-01 -3.202127e-04 -9.538173e-04 9.999995e-01 -2.769959e+01
9.999837e-01 9.231760e-04 -5.641318e-03 1.973884e+00 -9.313832e-04 9.999985e-01 -1.452351e-03 3.478471e-01 5.639969e-03 1.457581e-03 9.999830e-01 -2.899867e+01
9.999990e-01 -1.441457e-03 3.294631e-05 1.974169e+00 1.441424e-03 9.999985e-01 9.989160e-04 3.695660e-01 -3.438585e-05 -9.988667e-04 9.999995e-01 -3.030149e+01
9.999880e-01 1.162098e-03 -4.763912e-03 1.885859e+00 -1.170146e-03 9.999979e-01 -1.686959e-03 3.936413e-01 4.761941e-03 1.692513e-03 9.999872e-01 -3.157994e+01
9.999992e-01 -1.296678e-03 -9.948242e-05 1.741724e+00 1.296775e-03 9.999987e-01 9.841712e-04 4.181730e-01 9.820644e-05 -9.842987e-04 9.999995e-01 -3.276891e+01
9.999874e-01 1.303911e-03 -4.844505e-03 1.586176e+00 -1.312008e-03 9.999977e-01 -1.668501e-03 4.431804e-01 4.842319e-03 1.674836e-03 9.999869e-01 -3.392700e+01
9.999993e-01 -1.216981e-03 1.161110e-04 1.397228e+00 1.216874e-03 9.999988e-01 9.149917e-04 4.690538e-01 -1.172241e-04 -9.148490e-04 9.999996e-01 -3.508259e+01
9.999761e-01 9.094435e-04 -6.855591e-03 1.431071e+00 -9.134195e-04 9.999994e-01 -5.768272e-04 4.825785e-01 6.855062e-03 5.830748e-04 9.999763e-01 -3.603532e+01
9.999989e-01 -1.197808e-03 9.225110e-04 1.359027e+00 1.197523e-03 9.999992e-01 3.098946e-04 4.991341e-01 -9.228812e-04 -3.087888e-04 9.999995e-01 -3.700180e+01
9.999863e-01 1.527935e-03 -5.008868e-03 1.135822e+00 -1.533426e-03 9.999982e-01 -1.092636e-03 5.261237e-01 5.007189e-03 1.100301e-03 9.999869e-01 -3.821477e+01
9.999987e-01 -1.612296e-03 -2.147184e-04 1.038033e+00 1.612427e-03 9.999985e-01 6.116467e-04 5.469666e-01 2.137322e-04 -6.119914e-04 9.999998e-01 -3.931971e+01
9.999857e-01 1.363145e-03 -5.175561e-03 1.028196e+00 -1.367539e-03 9.999987e-01 -8.454784e-04 5.645125e-01 5.174402e-03 8.525434e-04 9.999862e-01 -4.041625e+01
9.999978e-01 -2.093155e-03 2.518448e-04 1.006373e+00 2.093114e-03 9.999978e-01 1.629688e-04 5.886689e-01 -2.521851e-04 -1.624407e-04 1.000000e+00 -4.182566e+01
9.999781e-01 1.857815e-03 -6.347529e-03 9.714384e-01 -1.859257e-03 9.999982e-01 -2.212456e-04 6.046926e-01 6.347106e-03 2.330418e-04 9.999798e-01 -4.276225e+01
9.999977e-01 -1.822663e-03 -1.113644e-03 8.486167e-01 1.822788e-03 9.999983e-01 1.110816e-04 6.117765e-01 1.113440e-03 -1.131106e-04 9.999994e-01 -4.303561e+01
9.999828e-01 2.231772e-03 -5.416777e-03 6.691383e-01 -2.233199e-03 9.999975e-01 -2.572721e-04 6.250592e-01 5.416188e-03 2.693638e-04 9.999853e-01 -4.348498e+01
9.999979e-01 -2.039560e-03 -3.259899e-04 5.321125e-01 2.039546e-03 9.999979e-01 -4.236012e-05 6.442263e-01 3.260759e-04 4.169582e-05 9.999999e-01 -4.439259e+01
9.999848e-01 1.881918e-03 -5.192065e-03 4.658845e-01 -1.883796e-03 9.999982e-01 -3.567927e-04 6.651271e-01 5.191384e-03 3.665674e-04 9.999865e-01 -4.551508e+01
9.999969e-01 -2.466249e-03 -3.921138e-04 4.391743e-01 2.466183e-03 9.999969e-01 -1.704438e-04 6.878111e-01 3.925332e-04 1.694770e-04 9.999999e-01 -4.678957e+01
9.999859e-01 2.001084e-03 -4.913262e-03 3.853034e-01 -2.003150e-03 9.999979e-01 -4.155342e-04 7.110264e-01 4.912420e-03 4.253697e-04 9.999878e-01 -4.804327e+01
9.999960e-01 -2.419041e-03 -1.452853e-03 3.929900e-01 2.419484e-03 9.999970e-01 3.031922e-04 7.274069e-01 1.452116e-03 -3.067055e-04 9.999989e-01 -4.904796e+01
9.999897e-01 2.114700e-03 -4.025979e-03 3.035688e-01 -2.117949e-03 9.999974e-01 -8.027830e-04 7.500470e-01 4.024271e-03 8.113008e-04 9.999916e-01 -5.019095e+01
9.999976e-01 -2.144261e-03 -5.351075e-04 1.529271e-01 2.144311e-03 9.999977e-01 9.277294e-05 7.768386e-01 5.349076e-04 -9.391949e-05 9.999999e-01 -5.141671e+01
9.999814e-01 2.027353e-03 -5.750043e-03 9.969180e-02 -2.027843e-03 9.999979e-01 -7.926457e-05 7.954375e-01 5.749871e-03 9.092262e-05 9.999835e-01 -5.241999e+01
9.999971e-01 -2.417602e-03 -6.840476e-05 5.757304e-02 2.417578e-03 9.999970e-01 -3.458644e-04 8.192381e-01 6.924100e-05 3.456987e-04 9.999999e-01 -5.370792e+01
9.999906e-01 1.404703e-03 -4.108928e-03 -1.412117e-02 -1.408332e-03 9.999986e-01 -8.805648e-04 8.531613e-01 4.107685e-03 8.863426e-04 9.999912e-01 -5.547511e+01
9.999979e-01 -2.038958e-03 -7.380967e-05 -7.596415e-02 2.038956e-03 9.999979e-01 -3.047437e-05 8.844974e-01 7.387194e-05 3.032447e-05 1.000000e+00 -5.718622e+01
9.999862e-01 1.704554e-03 -4.961576e-03 -1.800243e-01 -1.708840e-03 9.999982e-01 -8.596304e-04 9.127009e-01 4.960101e-03 8.680964e-04 9.999873e-01 -5.848011e+01
9.999983e-01 -1.615364e-03 9.356734e-04 -4.877420e-01 1.615480e-03 9.999987e-01 -1.234656e-04 9.434082e-01 -9.354724e-04 1.249776e-04 9.999996e-01 -5.923053e+01
9.999861e-01 1.558791e-03 -5.035816e-03 -7.291110e-01 -1.563689e-03 9.999983e-01 -9.687236e-04 9.765577e-01 5.034297e-03 9.765840e-04 9.999869e-01 -6.049548e+01
9.999985e-01 -1.404909e-03 1.032872e-03 -9.882706e-01 1.405013e-03 9.999990e-01 -9.959718e-05 1.009544e+00 -1.032730e-03 1.010489e-04 9.999995e-01 -6.175002e+01
9.999745e-01 1.201497e-03 -7.039751e-03 -1.050948e+00 -1.202095e-03 9.999993e-01 -8.061303e-05 1.029115e+00 7.039649e-03 8.907276e-05 9.999752e-01 -6.276215e+01
9.999985e-01 -1.726378e-03 2.114519e-04 -1.012445e+00 1.726341e-03 9.999985e-01 1.784399e-04 1.043960e+00 -2.117593e-04 -1.780739e-04 1.000000e+00 -6.374241e+01
9.999874e-01 2.343656e-03 -4.445843e-03 -1.399154e+00 -2.348797e-03 9.999966e-01 -1.151576e-03 1.074518e+00 4.443129e-03 1.162004e-03 9.999895e-01 -6.465672e+01
9.999981e-01 -1.511845e-03 1.255451e-03 -1.796162e+00 1.511725e-03 9.999989e-01 9.664963e-05 1.109549e+00 -1.255595e-03 -9.475089e-05 9.999992e-01 -6.576941e+01
9.999819e-01 1.052175e-03 -5.924392e-03 -1.927335e+00 -1.059101e-03 9.999988e-01 -1.166058e-03 1.139249e+00 5.923158e-03 1.172311e-03 9.999818e-01 -6.723752e+01
9.999944e-01 -6.303397e-04 3.276256e-03 -2.311203e+00 6.312433e-04 9.999998e-01 -2.746801e-04 1.178656e+00 -3.276082e-03 2.767474e-04 9.999946e-01 -6.855980e+01
9.999783e-01 6.938828e-04 -6.556141e-03 -2.576080e+00 -7.003940e-04 9.999993e-01 -9.908620e-04 1.215216e+00 6.555448e-03 9.954317e-04 9.999780e-01 -7.005004e+01
9.999974e-01 -1.201796e-03 1.921960e-03 -2.654503e+00 1.201780e-03 9.999993e-01 9.926296e-06 1.243193e+00 -1.921970e-03 -7.615846e-06 9.999982e-01 -7.150307e+01
9.999708e-01 5.704777e-04 -7.623818e-03 -2.671742e+00 -5.739464e-04 9.999997e-01 -4.527701e-04 1.264556e+00 7.623558e-03 4.571318e-04 9.999708e-01 -7.272238e+01
9.999986e-01 -7.788428e-04 1.471329e-03 -2.777014e+00 7.785701e-04 9.999997e-01 1.860974e-04 1.284253e+00 -1.471473e-03 -1.849510e-04 9.999989e-01 -7.355342e+01
9.999679e-01 4.884056e-04 -7.993985e-03 -2.799504e+00 -4.919147e-04 9.999998e-01 -4.369701e-04 1.302246e+00 7.993770e-03 4.408878e-04 9.999680e-01 -7.452115e+01
9.999888e-01 1.412215e-04 4.737532e-03 -3.240530e+00 -1.374760e-04 9.999997e-01 -7.908608e-04 1.335506e+00 -4.737642e-03 7.902013e-04 9.999885e-01 -7.530142e+01
9.999581e-01 2.252704e-04 -9.147631e-03 -3.468661e+00 -2.245705e-04 1.000000e+00 7.757764e-05 1.363874e+00 9.147648e-03 -7.552076e-05 9.999582e-01 -7.641105e+01
9.999943e-01 -5.865865e-04 3.325824e-03 -3.536761e+00 5.881318e-04 9.999997e-01 -4.635949e-04 1.385287e+00 -3.325551e-03 4.655489e-04 9.999944e-01 -7.747112e+01
9.999343e-01 3.368425e-05 -1.146562e-02 -3.504849e+00 -2.470559e-05 9.999997e-01 7.832583e-04 1.395751e+00 1.146565e-02 -7.829242e-04 9.999340e-01 -7.799648e+01
9.999951e-01 -2.948137e-04 3.107232e-03 -3.486149e+00 2.963850e-04 9.999998e-01 -5.051433e-04 1.408869e+00 -3.107083e-03 5.060625e-04 9.999950e-01 -7.869049e+01
9.999409e-01 -2.377874e-04 -1.086531e-02 -3.457772e+00 2.455833e-04 9.999997e-01 7.161962e-04 1.420539e+00 1.086514e-02 -7.188229e-04 9.999407e-01 -7.938797e+01
9.999966e-01 -5.313684e-04 2.553472e-03 -3.409224e+00 5.327209e-04 9.999997e-01 -5.289224e-04 1.427524e+00 -2.553190e-03 5.302815e-04 9.999966e-01 -7.978232e+01
9.999370e-01 -8.287190e-04 -1.119312e-02 -3.303024e+00 8.379690e-04 9.999993e-01 8.217545e-04 1.425904e+00 1.119243e-02 -8.310829e-04 9.999370e-01 -7.960402e+01
9.999996e-01 -2.462623e-04 8.936430e-04 -3.084231e+00 2.463465e-04 1.000000e+00 -9.373496e-05 1.413486e+00 -8.936196e-04 9.395570e-05 9.999996e-01 -7.951789e+01
9.999603e-01 -1.852952e-04 -8.906103e-03 -3.026907e+00 1.887213e-04 9.999999e-01 3.838837e-04 1.425357e+00 8.906031e-03 -3.855499e-04 9.999603e-01 -8.031525e+01
9.999969e-01 -6.505318e-04 2.424190e-03 -3.016818e+00 6.520870e-04 9.999996e-01 -6.406653e-04 1.440901e+00 -2.423772e-03 6.422447e-04 9.999969e-01 -8.077789e+01
9.999514e-01 7.669384e-05 -9.857779e-03 -2.934875e+00 -6.750066e-05 9.999996e-01 9.329409e-04 1.449533e+00 9.857846e-03 -9.322308e-04 9.999510e-01 -8.148803e+01
9.999992e-01 -1.029634e-03 7.488053e-04 -2.756171e+00 1.029916e-03 9.999994e-01 -3.757956e-04 1.442864e+00 -7.484176e-04 3.765672e-04 9.999996e-01 -8.161660e+01
9.999525e-01 2.663159e-04 -9.738460e-03 -2.650189e+00 -2.593340e-04 9.999997e-01 7.182318e-04 1.431742e+00 9.738649e-03 -7.156729e-04 9.999523e-01 -8.141956e+01
9.999970e-01 -2.622755e-04 2.416307e-03 -2.765265e+00 2.645510e-04 9.999995e-01 -9.413178e-04 1.443523e+00 -2.416059e-03 9.419549e-04 9.999966e-01 -8.196068e+01
9.999679e-01 2.776464e-04 -8.009871e-03 -2.865132e+00 -2.723630e-04 9.999997e-01 6.607353e-04 1.463817e+00 8.010052e-03 -6.585331e-04 9.999677e-01 -8.292457e+01
9.999994e-01 -7.227466e-04 7.917364e-04 -2.838552e+00 7.231287e-04 9.999996e-01 -4.819786e-04 1.474353e+00 -7.913875e-04 4.825514e-04 9.999996e-01 -8.365194e+01
9.999502e-01 -2.221965e-04 -9.982291e-03 -2.696540e+00 2.324660e-04 9.999994e-01 1.027661e-03 1.472279e+00 9.982057e-03 -1.029931e-03 9.999496e-01 -8.394574e+01
9.999998e-01 -6.829265e-04 -7.858941e-05 -2.509707e+00 6.828953e-04 9.999997e-01 -4.010860e-04 1.459982e+00 7.886353e-05 4.010329e-04 9.999999e-01 -8.380233e+01
9.999578e-01 -2.460549e-04 -9.187545e-03 -2.355367e+00 2.535671e-04 9.999996e-01 8.165302e-04 1.444394e+00 9.187340e-03 -8.188260e-04 9.999575e-01 -8.348064e+01
9.999996e-01 -7.972387e-04 -5.068075e-04 -2.142961e+00 7.971259e-04 9.999997e-01 -2.234582e-04 1.430672e+00 5.069857e-04 2.230548e-04 9.999998e-01 -8.328431e+01
9.999515e-01 -2.947025e-04 -9.841447e-03 -1.930705e+00 3.049515e-04 9.999994e-01 1.039954e-03 1.421245e+00 9.841135e-03 -1.042905e-03 9.999510e-01 -8.330135e+01
9.999999e-01 -4.673624e-04 1.582087e-04 -1.814479e+00 4.674355e-04 9.999998e-01 -4.600819e-04 1.422149e+00 -1.579935e-04 4.601564e-04 9.999999e-01 -8.360853e+01
9.999528e-01 -3.912554e-04 -9.705837e-03 -1.701853e+00 4.009416e-04 9.999994e-01 9.960876e-04 1.422712e+00 9.705441e-03 -9.999327e-04 9.999524e-01 -8.391944e+01
9.999996e-01 -5.584184e-04 -6.873261e-04 -1.545074e+00 5.581459e-04 9.999998e-01 -3.970201e-04 1.414635e+00 6.875478e-04 3.966370e-04 9.999997e-01 -8.392388e+01
9.999427e-01 -5.921780e-04 -1.068974e-02 -1.336728e+00 6.037834e-04 9.999992e-01 1.082497e-03 1.401761e+00 1.068909e-02 -1.088890e-03 9.999423e-01 -8.378801e+01
9.999996e-01 -1.412541e-04 -8.408245e-04 -1.152436e+00 1.411342e-04 1.000000e+00 -1.430342e-04 1.395823e+00 8.408448e-04 1.429161e-04 9.999996e-01 -8.385908e+01
9.999539e-01 -7.371975e-04 -9.573454e-03 -1.019442e+00 7.444557e-04 9.999994e-01 7.546491e-04 1.394627e+00 9.572892e-03 -7.617419e-04 9.999539e-01 -8.410117e+01
9.999994e-01 -2.493851e-04 -1.068861e-03 -8.351327e-01 2.494526e-04 1.000000e+00 6.265672e-05 1.390255e+00 1.068846e-03 -6.292270e-05 9.999994e-01 -8.427280e+01
9.999562e-01 -2.292553e-04 -9.361486e-03 -7.157940e-01 2.343481e-04 9.999998e-01 5.429590e-04 1.377801e+00 9.361360e-03 -5.451296e-04 9.999560e-01 -8.407401e+01
9.999989e-01 -3.825369e-04 -1.403197e-03 -5.639305e-01 3.829774e-04 9.999999e-01 3.134169e-04 1.367725e+00 1.403077e-03 -3.139533e-04 9.999990e-01 -8.394493e+01
9.999667e-01 -3.721374e-04 -8.150387e-03 -4.590594e-01 3.741398e-04 9.999999e-01 2.441912e-04 1.368954e+00 8.150296e-03 -2.472330e-04 9.999668e-01 -8.428116e+01
9.999993e-01 -2.192255e-04 -1.156292e-03 -4.335488e-01 2.192335e-04 1.000000e+00 6.472451e-06 1.367615e+00 1.156291e-03 -6.725340e-06 9.999993e-01 -8.436301e+01
9.999630e-01 -3.455764e-04 -8.589885e-03 -3.537828e-01 3.488893e-04 9.999999e-01 3.842283e-04 1.361598e+00 8.589751e-03 -3.872117e-04 9.999630e-01 -8.431913e+01
9.999996e-01 -1.234822e-04 -9.405224e-04 -3.288218e-01 1.233352e-04 1.000000e+00 -1.567515e-04 1.356592e+00 9.405419e-04 1.566361e-04 9.999995e-01 -8.426114e+01
9.999608e-01 -4.458051e-04 -8.841847e-03 -2.383100e-01 4.501625e-04 9.999998e-01 4.908760e-04 1.347824e+00 8.841626e-03 -4.948376e-04 9.999608e-01 -8.412996e+01
1.000000e+00 -3.804826e-05 -1.470645e-04 -1.893271e-01 3.800751e-05 1.000000e+00 -2.796270e-04 1.335269e+00 1.470753e-04 2.796220e-04 9.999999e-01 -8.376151e+01
9.999620e-01 -4.240361e-04 -8.702420e-03 -1.870456e-01 4.276358e-04 9.999998e-01 4.118290e-04 1.331121e+00 8.702243e-03 -4.155354e-04 9.999620e-01 -8.372209e+01
9.999999e-01 -6.040453e-05 -3.328156e-04 -2.069193e-01 6.030061e-05 9.999999e-01 -3.133704e-04 1.329145e+00 3.328347e-04 3.133509e-04 9.999999e-01 -8.371745e+01
9.999618e-01 -3.662042e-04 -8.736738e-03 -2.297890e-01 3.681380e-04 9.999999e-01 2.197763e-04 1.320016e+00 8.736656e-03 -2.229848e-04 9.999618e-01 -8.340384e+01
9.999988e-01 5.356733e-04 1.435616e-03 -4.216766e-01 -5.348478e-04 9.999997e-01 -5.750303e-04 1.322381e+00 -1.435924e-03 5.742624e-04 9.999988e-01 -8.323665e+01
9.999678e-01 -2.423849e-04 -8.026767e-03 -6.276116e-01 2.455987e-04 9.999999e-01 3.994554e-04 1.335925e+00 8.026669e-03 -4.014145e-04 9.999677e-01 -8.353553e+01
9.999998e-01 -1.456004e-04 -6.092008e-04 -5.858416e-01 1.456248e-04 1.000000e+00 3.928287e-05 1.342895e+00 6.091952e-04 -3.937099e-05 9.999998e-01 -8.400634e+01
9.999632e-01 -4.509022e-04 -8.561333e-03 -5.482937e-01 4.538226e-04 9.999998e-01 3.392108e-04 1.345158e+00 8.561178e-03 -3.430843e-04 9.999633e-01 -8.424473e+01
9.999995e-01 5.110787e-05 -9.669550e-04 -5.668683e-01 -5.106846e-05 1.000000e+00 4.037929e-05 1.344816e+00 9.669572e-04 -4.032931e-05 9.999995e-01 -8.425051e+01
9.999601e-01 -5.312463e-04 -8.920319e-03 -5.173767e-01 5.349808e-04 9.999998e-01 4.163066e-04 1.338858e+00 8.920095e-03 -4.210628e-04 9.999601e-01 -8.420478e+01
9.999985e-01 -1.615890e-04 -1.749752e-03 -3.824849e-01 1.621160e-04 9.999999e-01 3.008333e-04 1.327848e+00 1.749703e-03 -3.011159e-04 9.999984e-01 -8.406371e+01
9.999630e-01 -6.080007e-04 -8.578487e-03 -2.250401e-01 6.130016e-04 9.999996e-01 5.803786e-04 1.324790e+00 8.578131e-03 -5.856164e-04 9.999630e-01 -8.428571e+01
9.999991e-01 -1.255728e-04 -1.368474e-03 -7.868283e-02 1.258760e-04 1.000000e+00 2.211802e-04 1.326979e+00 1.368446e-03 -2.213517e-04 9.999990e-01 -8.469216e+01
9.999832e-01 -7.947354e-04 -5.742901e-03 -1.623930e-01 7.917706e-04 9.999996e-01 -5.184323e-04 1.340080e+00 5.743310e-03 5.138759e-04 9.999834e-01 -8.479769e+01
9.999967e-01 -4.227041e-04 -2.515470e-03 -1.580475e-01 4.238628e-04 9.999998e-01 4.599453e-04 1.352633e+00 2.515275e-03 -4.610095e-04 9.999967e-01 -8.494091e+01
9.999776e-01 -2.951855e-04 -6.693290e-03 -4.191212e-02 2.959179e-04 1.000000e+00 1.085007e-04 1.356824e+00 6.693257e-03 -1.104795e-04 9.999776e-01 -8.543347e+01
9.999941e-01 -6.529286e-04 -3.379334e-03 1.329140e-01 6.553475e-04 9.999995e-01 7.146126e-04 1.354118e+00 3.378866e-03 -7.168224e-04 9.999940e-01 -8.568648e+01
9.999744e-01 -8.025153e-04 -7.114310e-03 4.040086e-01 8.036145e-04 9.999997e-01 1.517132e-04 1.342483e+00 7.114186e-03 -1.574270e-04 9.999747e-01 -8.560266e+01
9.999955e-01 -7.254947e-04 -2.906693e-03 6.093032e-01 7.261673e-04 9.999997e-01 2.301962e-04 1.334188e+00 2.906525e-03 -2.323054e-04 9.999957e-01 -8.539496e+01
9.999804e-01 -8.911734e-05 -6.262506e-03 6.747937e-01 8.949022e-05 1.000000e+00 5.932764e-05 1.341819e+00 6.262501e-03 -5.988747e-05 9.999804e-01 -8.583574e+01
9.999980e-01 -5.014602e-04 -1.938389e-03 7.364524e-01 5.020811e-04 9.999998e-01 3.196551e-04 1.352491e+00 1.938228e-03 -3.206272e-04 9.999981e-01 -8.656682e+01
9.999830e-01 -1.897202e-04 -5.823410e-03 8.086513e-01 1.893332e-04 1.000000e+00 -6.694622e-05 1.367006e+00 5.823422e-03 6.584196e-05 9.999830e-01 -8.753476e+01
9.999977e-01 -6.618189e-04 -2.030033e-03 8.250067e-01 6.618500e-04 9.999998e-01 1.445906e-05 1.379142e+00 2.030023e-03 -1.580205e-05 9.999979e-01 -8.814851e+01
9.999701e-01 -9.650101e-04 -7.677093e-03 9.790710e-01 9.701383e-04 9.999993e-01 6.643417e-04 1.376343e+00 7.676447e-03 -6.717702e-04 9.999703e-01 -8.811542e+01
9.999966e-01 -3.429641e-04 2.603469e-03 1.132442e+00 3.483081e-04 9.999978e-01 -2.052314e-03 1.363752e+00 -2.602759e-03 2.053214e-03 9.999945e-01 -8.748722e+01
9.999625e-01 -7.900159e-04 -8.618285e-03 1.243972e+00 8.029936e-04 9.999985e-01 1.502535e-03 1.363443e+00 8.617085e-03 -1.509399e-03 9.999617e-01 -8.748669e+01
9.999876e-01 -1.871911e-03 -4.609065e-03 2.102366e+00 1.867840e-03 9.999979e-01 -8.875163e-04 1.355954e+00 4.610717e-03 8.788969e-04 9.999890e-01 -8.837338e+01
9.999832e-01 -4.798072e-04 -5.782539e-03 2.738176e+00 4.891342e-04 9.999986e-01 1.611722e-03 1.356970e+00 5.781757e-03 -1.614524e-03 9.999820e-01 -8.933641e+01
9.999986e-01 1.057922e-05 -1.666277e-03 2.801499e+00 -1.283697e-05 9.999991e-01 -1.355224e-03 1.368480e+00 1.666261e-03 1.355244e-03 9.999977e-01 -9.014823e+01
9.999843e-01 -5.961854e-04 -5.578771e-03 2.855025e+00 6.046633e-04 9.999987e-01 1.518186e-03 1.381440e+00 5.577858e-03 -1.521536e-03 9.999833e-01 -9.103732e+01
9.999977e-01 -2.236579e-04 -2.120289e-03 2.975526e+00 2.212615e-04 9.999993e-01 -1.130577e-03 1.391904e+00 2.120540e-03 1.130106e-03 9.999971e-01 -9.190430e+01
9.999901e-01 -8.448006e-04 -4.379214e-03 3.113257e+00 8.504621e-04 9.999988e-01 1.291224e-03 1.407488e+00 4.378117e-03 -1.294936e-03 9.999896e-01 -9.305615e+01
9.999999e-01 2.999445e-04 -3.899735e-04 3.129323e+00 -3.006299e-04 9.999984e-01 -1.759749e-03 1.428648e+00 3.894451e-04 1.759866e-03 9.999984e-01 -9.405208e+01
9.999925e-01 -6.979056e-04 -3.821815e-03 3.096734e+00 7.014976e-04 9.999993e-01 9.387397e-04 1.453022e+00 3.821157e-03 -9.414142e-04 9.999923e-01 -9.481318e+01
9.999974e-01 -1.681253e-04 -2.295064e-03 3.121921e+00 1.652633e-04 9.999992e-01 -1.247343e-03 1.470228e+00 2.295272e-03 1.246961e-03 9.999966e-01 -9.553005e+01
9.999835e-01 -4.463854e-04 -5.726571e-03 3.201779e+00 4.529983e-04 9.999992e-01 1.153600e-03 1.461937e+00 5.726052e-03 -1.156176e-03 9.999829e-01 -9.522299e+01
9.999990e-01 -8.953773e-04 1.100539e-03 3.292139e+00 8.988936e-04 9.999945e-01 -3.198308e-03 1.432588e+00 -1.097669e-03 3.199294e-03 9.999943e-01 -9.390848e+01
9.999823e-01 -5.628656e-04 -5.918811e-03 3.399517e+00 5.721683e-04 9.999986e-01 1.570221e-03 1.405560e+00 5.917919e-03 -1.573580e-03 9.999813e-01 -9.276886e+01
9.999989e-01 -4.181956e-04 -1.398231e-03 3.474597e+00 4.151138e-04 9.999975e-01 -2.203935e-03 1.399002e+00 1.399149e-03 2.203353e-03 9.999966e-01 -9.263205e+01
9.999901e-01 -6.461236e-04 -4.397476e-03 3.538687e+00 6.506914e-04 9.999993e-01 1.037480e-03 1.378901e+00 4.396803e-03 -1.040332e-03 9.999898e-01 -9.168231e+01
9.999996e-01 -5.774723e-04 -7.115593e-04 3.612200e+00 5.757213e-04 9.999968e-01 -2.459308e-03 1.356777e+00 7.129773e-04 2.458898e-03 9.999967e-01 -9.062640e+01
9.999834e-01 -4.512115e-04 -5.745375e-03 3.685573e+00 4.601703e-04 9.999987e-01 1.558162e-03 1.351465e+00 5.744664e-03 -1.560781e-03 9.999823e-01 -9.063099e+01
9.999995e-01 -3.276655e-04 -8.978414e-04 3.725304e+00 3.261324e-04 9.999985e-01 -1.707615e-03 1.367732e+00 8.983997e-04 1.707322e-03 9.999981e-01 -9.168922e+01
9.999707e-01 -2.396553e-04 -7.650195e-03 3.823320e+00 2.577167e-04 9.999972e-01 2.360078e-03 1.374019e+00 7.649608e-03 -2.361981e-03 9.999680e-01 -9.229084e+01
9.999991e-01 -4.407033e-05 -1.308408e-03 3.922992e+00 4.225073e-05 9.999990e-01 -1.391051e-03 1.375420e+00 1.308468e-03 1.390995e-03 9.999982e-01 -9.262610e+01
9.999716e-01 -3.615652e-04 -7.527874e-03 4.005410e+00 3.757179e-04 9.999982e-01 1.878781e-03 1.362546e+00 7.527180e-03 -1.881556e-03 9.999699e-01 -9.226301e+01
9.999990e-01 -6.120241e-05 -1.438934e-03 4.121821e+00 5.922466e-05 9.999991e-01 -1.374785e-03 1.349538e+00 1.439017e-03 1.374699e-03 9.999980e-01 -9.197905e+01
9.999760e-01 -1.673591e-04 -6.923114e-03 4.240251e+00 1.831714e-04 9.999974e-01 2.283486e-03 1.347042e+00 6.922713e-03 -2.284700e-03 9.999734e-01 -9.219150e+01
9.999992e-01 -2.990545e-04 -1.189745e-03 4.356097e+00 2.971362e-04 9.999987e-01 -1.612577e-03 1.348991e+00 1.190226e-03 1.612223e-03 9.999980e-01 -9.261770e+01
9.999702e-01 -1.595748e-04 -7.724810e-03 4.472009e+00 1.784765e-04 9.999970e-01 2.446317e-03 1.341424e+00 7.724396e-03 -2.447623e-03 9.999672e-01 -9.258280e+01
9.999999e-01 7.080347e-06 -3.875181e-04 4.565647e+00 -7.752310e-06 9.999985e-01 -1.735268e-03 1.335636e+00 3.875053e-04 1.735271e-03 9.999984e-01 -9.257907e+01
9.999698e-01 -6.615335e-04 -7.747241e-03 4.715623e+00 6.781366e-04 9.999975e-01 2.140728e-03 1.330423e+00 7.745805e-03 -2.145917e-03 9.999677e-01 -9.278502e+01
9.999997e-01 1.838385e-05 -8.144884e-04 4.861281e+00 -1.980534e-05 9.999985e-01 -1.745866e-03 1.317761e+00 8.144552e-04 1.745882e-03 9.999981e-01 -9.257834e+01
9.999667e-01 -3.530440e-04 -8.155964e-03 4.966267e+00 3.741022e-04 9.999966e-01 2.580621e-03 1.312547e+00 8.155025e-03 -2.583586e-03 9.999634e-01 -9.259919e+01
9.999997e-01 5.272114e-05 -7.980822e-04 5.063422e+00 -5.411822e-05 9.999985e-01 -1.751231e-03 1.313304e+00 7.979887e-04 1.751274e-03 9.999981e-01 -9.286452e+01
9.999696e-01 -4.700308e-04 -7.783033e-03 5.146699e+00 4.889478e-04 9.999969e-01 2.428873e-03 1.315696e+00 7.781867e-03 -2.432605e-03 9.999668e-01 -9.317943e+01
9.999999e-01 -2.990531e-04 3.337515e-04 5.211086e+00 2.998399e-04 9.999972e-01 -2.358332e-03 1.329497e+00 -3.330453e-04 2.358432e-03 9.999972e-01 -9.412163e+01
9.999771e-01 -5.182442e-04 -6.751090e-03 5.260353e+00 5.327309e-04 9.999976e-01 2.144276e-03 1.347598e+00 6.749962e-03 -2.147824e-03 9.999749e-01 -9.527813e+01
9.999999e-01 -2.909069e-04 1.895106e-04 5.303595e+00 2.913489e-04 9.999972e-01 -2.333658e-03 1.365015e+00 -1.888312e-04 2.333714e-03 9.999973e-01 -9.639063e+01
9.999719e-01 -9.077822e-05 -7.497925e-03 5.346102e+00 1.089357e-04 9.999971e-01 2.421355e-03 1.359717e+00 7.497684e-03 -2.422104e-03 9.999690e-01 -9.622008e+01
9.999744e-01 -2.678019e-03 6.632340e-03 5.338443e+00 2.722989e-03 9.999733e-01 -6.780715e-03 1.314650e+00 -6.614004e-03 6.798602e-03 9.999550e-01 -9.376826e+01
9.999868e-01 -1.144731e-03 -5.014960e-03 5.363384e+00 1.145618e-03 9.999993e-01 1.740376e-04 1.252273e+00 5.014757e-03 -1.797810e-04 9.999874e-01 -9.055048e+01
9.999987e-01 -1.028456e-03 1.250746e-03 5.430197e+00 1.032903e-03 9.999931e-01 -3.559820e-03 1.218272e+00 -1.247077e-03 3.561108e-03 9.999929e-01 -8.892403e+01
9.999686e-01 6.213902e-04 -7.896122e-03 5.501315e+00 -5.918791e-04 9.999928e-01 3.739261e-03 1.227246e+00 7.898389e-03 -3.734470e-03 9.999618e-01 -8.962544e+01
9.999970e-01 -1.730669e-03 1.727138e-03 5.596596e+00 1.739200e-03 9.999862e-01 -4.949740e-03 1.204098e+00 -1.718547e-03 4.952730e-03 9.999863e-01 -8.877526e+01
9.999694e-01 1.274152e-03 -7.720685e-03 5.704892e+00 -1.235879e-03 9.999869e-01 4.960062e-03 1.206336e+00 7.726904e-03 -4.950369e-03 9.999579e-01 -8.923575e+01
9.999972e-01 -2.135077e-03 9.896355e-04 5.805635e+00 2.140375e-03 9.999832e-01 -5.383199e-03 1.203474e+00 -9.781253e-04 5.385302e-03 9.999850e-01 -8.946826e+01
9.999715e-01 1.378349e-03 -7.424857e-03 5.862391e+00 -1.338498e-03 9.999847e-01 5.369667e-03 1.220297e+00 7.432144e-03 -5.359576e-03 9.999580e-01 -9.061546e+01
9.999961e-01 -2.745975e-03 4.996562e-04 5.964282e+00 2.748688e-03 9.999810e-01 -5.511616e-03 1.238684e+00 -4.845120e-04 5.512969e-03 9.999847e-01 -9.185086e+01
9.999663e-01 1.782564e-03 -8.007606e-03 6.085477e+00 -1.736738e-03 9.999821e-01 5.726172e-03 1.251259e+00 8.017670e-03 -5.712072e-03 9.999515e-01 -9.283282e+01
9.999965e-01 -2.593342e-03 5.025071e-04 6.188556e+00 2.596174e-03 9.999803e-01 -5.718829e-03 1.251494e+00 -4.876663e-04 5.720114e-03 9.999835e-01 -9.306512e+01
9.999602e-01 1.640425e-03 -8.769161e-03 6.259907e+00 -1.590706e-03 9.999826e-01 5.673780e-03 1.254582e+00 8.778316e-03 -5.659605e-03 9.999455e-01 -9.340257e+01
9.999965e-01 -2.132205e-03 1.578339e-03 6.270928e+00 2.141361e-03 9.999808e-01 -5.821558e-03 1.250109e+00 -1.565896e-03 5.824918e-03 9.999818e-01 -9.314894e+01
9.999710e-01 8.942001e-04 -7.558497e-03 6.289403e+00 -8.640609e-04 9.999917e-01 3.989864e-03 1.226961e+00 7.562002e-03 -3.983218e-03 9.999635e-01 -9.196212e+01
9.999980e-01 -1.476174e-03 1.372192e-03 6.305483e+00 1.482616e-03 9.999878e-01 -4.705274e-03 1.222139e+00 -1.365229e-03 4.707299e-03 9.999880e-01 -9.179763e+01
9.999678e-01 5.148053e-04 -8.005975e-03 6.361700e+00 -4.847040e-04 9.999928e-01 3.761396e-03 1.201156e+00 8.007854e-03 -3.757395e-03 9.999609e-01 -9.091564e+01
9.999986e-01 -1.321032e-03 1.041850e-03 6.421447e+00 1.325466e-03 9.999900e-01 -4.265685e-03 1.187692e+00 -1.036204e-03 4.267060e-03 9.999904e-01 -9.038276e+01
9.999628e-01 6.783707e-04 -8.594510e-03 6.388731e+00 -6.492284e-04 9.999940e-01 3.393195e-03 1.183914e+00 8.596761e-03 -3.387490e-03 9.999573e-01 -9.012773e+01
9.999994e-01 -1.040348e-03 3.267011e-04 6.518103e+00 1.041185e-03 9.999962e-01 -2.572034e-03 1.185769e+00 -3.240241e-04 2.572373e-03 9.999966e-01 -9.053781e+01
9.999594e-01 3.848234e-04 -9.001687e-03 6.647601e+00 -3.541949e-04 9.999941e-01 3.403936e-03 1.189396e+00 9.002944e-03 -3.400610e-03 9.999537e-01 -9.106523e+01
9.999993e-01 -1.136166e-03 3.260487e-04 6.822089e+00 1.137009e-03 9.999960e-01 -2.594230e-03 1.195402e+00 -3.230999e-04 2.594600e-03 9.999966e-01 -9.177107e+01
9.999645e-01 3.673369e-04 -8.418777e-03 6.963989e+00 -3.405341e-04 9.999949e-01 3.184959e-03 1.206503e+00 8.419904e-03 -3.181979e-03 9.999595e-01 -9.266977e+01
9.999972e-01 -1.734388e-03 1.623111e-03 7.080316e+00 1.739926e-03 9.999927e-01 -3.416210e-03 1.226709e+00 -1.617174e-03 3.419025e-03 9.999928e-01 -9.401668e+01
9.999789e-01 5.527924e-04 -6.470439e-03 7.141696e+00 -5.358133e-04 9.999964e-01 2.625626e-03 1.253769e+00 6.471867e-03 -2.622105e-03 9.999756e-01 -9.563755e+01
9.999966e-01 -1.818047e-03 1.848139e-03 7.163958e+00 1.824605e-03 9.999920e-01 -3.552827e-03 1.283043e+00 -1.841665e-03 3.556188e-03 9.999920e-01 -9.736008e+01
9.999789e-01 3.835724e-04 -6.489906e-03 7.194783e+00 -3.674808e-04 9.999969e-01 2.480566e-03 1.314059e+00 6.490837e-03 -2.478129e-03 9.999759e-01 -9.916251e+01
9.999919e-01 -1.621007e-03 3.690802e-03 7.150629e+00 1.636494e-03 9.999899e-01 -4.196784e-03 1.354099e+00 -3.683961e-03 4.202791e-03 9.999844e-01 -1.013469e+02
9.999835e-01 -1.248345e-04 -5.741105e-03 7.079620e+00 1.362470e-04 9.999980e-01 1.987604e-03 1.400722e+00 5.740845e-03 -1.988354e-03 9.999815e-01 -1.038286e+02
9.999927e-01 -1.218273e-03 3.614736e-03 6.978813e+00 1.232676e-03 9.999913e-01 -3.984858e-03 1.445968e+00 -3.609850e-03 3.989285e-03 9.999855e-01 -1.061698e+02
9.999819e-01 2.077667e-04 -6.014690e-03 6.888253e+00 -1.953388e-04 9.999978e-01 2.066858e-03 1.487568e+00 6.015107e-03 -2.065646e-03 9.999798e-01 -1.083942e+02
9.999666e-01 -7.759381e-04 8.137479e-03 6.546521e+00 8.202317e-04 9.999849e-01 -5.441176e-03 1.549299e+00 -8.133134e-03 5.447669e-03 9.999521e-01 -1.114132e+02
9.999666e-01 -7.434894e-04 -8.133726e-03 6.365084e+00 7.644950e-04 9.999964e-01 2.579790e-03 1.603267e+00 8.131779e-03 -2.585923e-03 9.999636e-01 -1.140949e+02
9.999756e-01 1.776191e-04 6.985638e-03 6.186724e+00 -1.441790e-04 9.999885e-01 -4.787122e-03 1.649001e+00 -6.986408e-03 4.785998e-03 9.999641e-01 -1.164713e+02
9.999658e-01 -1.444719e-03 -8.137275e-03 6.019145e+00 1.465844e-03 9.999956e-01 2.590724e-03 1.695135e+00 8.133496e-03 -2.602564e-03 9.999635e-01 -1.188240e+02
9.999917e-01 -1.901915e-04 4.058577e-03 6.029691e+00 2.062226e-04 9.999922e-01 -3.949744e-03 1.730423e+00 -4.057794e-03 3.950549e-03 9.999840e-01 -1.208579e+02
9.999578e-01 -1.544664e-03 -9.059265e-03 6.090726e+00 1.570231e-03 9.999948e-01 2.815767e-03 1.760609e+00 9.054868e-03 -2.829874e-03 9.999550e-01 -1.226288e+02
9.999646e-01 1.273168e-03 8.314749e-03 5.880485e+00 -1.231204e-03 9.999865e-01 -5.049989e-03 1.809981e+00 -8.321066e-03 5.039573e-03 9.999527e-01 -1.251305e+02
9.999391e-01 -2.680249e-03 -1.070867e-02 5.753475e+00 2.711357e-03 9.999921e-01 2.891569e-03 1.854577e+00 1.070084e-02 -2.920429e-03 9.999385e-01 -1.273614e+02
9.999946e-01 1.531860e-03 2.911432e-03 5.876366e+00 -1.523681e-03 9.999949e-01 -2.809338e-03 1.871664e+00 -2.915720e-03 2.804887e-03 9.999918e-01 -1.285410e+02
9.999418e-01 -2.573184e-03 -1.047482e-02 5.976226e+00 2.603278e-03 9.999925e-01 2.860407e-03 1.887115e+00 1.046738e-02 -2.887510e-03 9.999410e-01 -1.295756e+02
9.999947e-01 1.661822e-03 2.806077e-03 6.080339e+00 -1.654288e-03 9.999950e-01 -2.685016e-03 1.901072e+00 -2.810525e-03 2.680360e-03 9.999925e-01 -1.305536e+02
9.999479e-01 -2.474230e-03 -9.903659e-03 6.146832e+00 2.501090e-03 9.999932e-01 2.700719e-03 1.916573e+00 9.896910e-03 -2.725349e-03 9.999473e-01 -1.315948e+02
9.999962e-01 1.602340e-03 2.256481e-03 6.249672e+00 -1.596836e-03 9.999958e-01 -2.438664e-03 1.929662e+00 -2.260379e-03 2.435052e-03 9.999945e-01 -1.325487e+02
9.999492e-01 -2.507213e-03 -9.761511e-03 6.349842e+00 2.533140e-03 9.999933e-01 2.644643e-03 1.942519e+00 9.754815e-03 -2.669236e-03 9.999489e-01 -1.334956e+02
