1.000000e+00 1.197625e-11 1.704638e-10 5.551115e-17 1.197625e-11 1.000000e+00 3.562503e-10 0.000000e+00 1.704638e-10 3.562503e-10 1.000000e+00 2.220446e-16 0.000000e+00 0.000000e+00 0.000000e+00 1.000000e+00
9.947778e-01 -1.826288e-04 -1.020646e-01 8.624425e-02 1.725755e-03 9.998855e-01 1.503102e-02 -3.183173e-03 1.020502e-01 -1.512867e-02 9.946642e-01 -3.351653e-01
9.968438e-01 -2.030518e-02 7.674740e-02 1.160273e-01 2.167158e-02 9.996204e-01 -1.701301e-02 -4.330806e-03 -7.637282e-02 1.862255e-02 9.969054e-01 -7.040804e-01
9.942155e-01 1.928437e-02 -1.056578e-01 1.560311e-01 -1.269812e-02 9.979543e-01 6.265744e-02 -1.031901e-02 1.066499e-01 -6.095335e-02 9.924266e-01 -7.847846e-01
9.949884e-01 -2.064897e-02 9.783519e-02 1.868325e-01 1.835202e-02 9.995358e-01 2.431981e-02 -2.311372e-02 -9.829195e-02 -2.240246e-02 9.949054e-01 -4.819961e-01
9.981551e-01 -1.839666e-03 -6.068769e-02 1.941081e-01 2.565553e-03 9.999261e-01 1.188528e-02 -2.875568e-02 6.066134e-02 -1.201905e-02 9.980860e-01 -5.350488e-01
9.998730e-01 7.969520e-03 -1.379894e-02 2.371264e-01 -6.927683e-03 9.972365e-01 7.396887e-02 -4.104353e-02 1.435031e-02 -7.386388e-02 9.971651e-01 -2.209689e-01
9.600673e-01 6.595300e-02 -2.718841e-01 2.563388e-01 -5.257331e-02 9.970337e-01 5.621311e-02 -5.260089e-02 2.747850e-01 -3.967453e-02 9.606868e-01 1.824841e-01
9.967923e-01 -3.836359e-02 7.023812e-02 3.175011e-01 3.109034e-02 9.943123e-01 1.018647e-01 -6.962941e-02 -7.374653e-02 -9.935417e-02 9.923156e-01 7.838704e-01
7.989120e-01 1.784825e-01 -5.743550e-01 3.585043e-01 -1.370164e-01 9.838532e-01 1.151493e-01 -8.162863e-02 5.856331e-01 -1.329817e-02 8.104672e-01 1.360845e+00
9.144400e-01 -1.428254e-01 3.786824e-01 4.187517e-01 1.490017e-01 9.887500e-01 1.311267e-02 -8.769205e-02 -3.762951e-01 4.443356e-02 9.254338e-01 1.323064e+00
7.628927e-01 1.744214e-01 -6.225528e-01 4.327964e-01 -1.443225e-01 9.845668e-01 9.899072e-02 -8.461956e-02 6.302109e-01 1.432908e-02 7.762917e-01 9.176545e-01
8.231275e-01 -1.500245e-01 5.476803e-01 4.543144e-01 1.717356e-01 9.850732e-01 1.173096e-02 -8.513094e-02 -5.412651e-01 8.440015e-02 8.366054e-01 5.698386e-01
9.540234e-01 1.117412e-01 -2.781244e-01 4.624597e-01 -9.778140e-02 9.931727e-01 6.361399e-02 -9.327353e-02 2.833338e-01 -3.349384e-02 9.584363e-01 5.438379e-01
9.425136e-01 -1.222284e-01 3.110117e-01 4.545077e-01 1.440239e-01 9.884087e-01 -4.801367e-02 -9.074682e-02 -3.015381e-01 9.004665e-02 9.491925e-01 6.151889e-02
8.453518e-01 2.217969e-01 -4.859901e-01 4.993444e-01 -1.306407e-01 9.679454e-01 2.145104e-01 -1.018586e-01 5.179896e-01 -1.178466e-01 8.472301e-01 3.158587e-01
9.221756e-01 -1.463724e-01 3.580047e-01 5.442525e-01 1.846923e-01 9.799231e-01 -7.509677e-02 -1.116107e-01 -3.398250e-01 1.353731e-01 9.306950e-01 4.675644e-01
9.018364e-01 1.852204e-01 -3.903646e-01 5.701088e-01 -1.327636e-01 9.785405e-01 1.575824e-01 -1.134080e-01 4.111751e-01 -9.028730e-02 9.070740e-01 1.504235e-01
7.387655e-01 -1.925413e-01 6.458741e-01 5.101236e-01 2.795294e-01 9.595462e-01 -3.368211e-02 -1.169581e-01 -6.132608e-01 2.054240e-01 7.627006e-01 2.341709e-02
7.038058e-01 3.552333e-01 -6.151965e-01 5.385085e-01 -1.882096e-01 9.282915e-01 3.207056e-01 -1.321572e-01 6.850069e-01 -1.099286e-01 7.201952e-01 4.959807e-01
7.548155e-01 -2.739880e-01 5.959733e-01 5.711710e-01 3.320465e-01 9.431726e-01 1.306119e-02 -1.512208e-01 -5.656843e-01 1.880321e-01 8.028980e-01 1.206010e+00
8.796135e-01 2.948774e-01 -3.732658e-01 5.636938e-01 -2.539829e-01 9.546082e-01 1.556144e-01 -1.588684e-01 4.022098e-01 -4.207741e-02 9.145801e-01 1.220191e+00
8.416861e-01 -2.905603e-01 4.551254e-01 5.257669e-01 3.364471e-01 9.414646e-01 -2.116037e-02 -1.593478e-01 -4.223361e-01 1.709360e-01 8.901759e-01 9.731208e-01
6.601387e-01 4.122769e-01 -6.278890e-01 3.421766e-01 -2.472336e-01 9.085913e-01 3.366562e-01 -1.540680e-01 7.092901e-01 -6.700457e-02 7.017250e-01 1.123469e+00
5.681553e-01 -2.475672e-01 7.847994e-01 3.561315e-01 4.828556e-01 8.725407e-01 -7.431774e-02 -1.461030e-01 -6.663708e-01 4.211688e-01 6.152778e-01 2.665419e-01
6.117434e-01 4.292381e-01 -6.644732e-01 4.480155e-01 -2.155717e-01 8.986486e-01 3.820465e-01 -1.436811e-01 7.611168e-01 -9.047280e-02 6.422740e-01 -4.010036e-01
6.758325e-01 -2.054614e-01 7.078390e-01 5.420943e-01 4.335480e-01 8.874642e-01 -1.563437e-01 -1.400220e-01 -5.960592e-01 4.125443e-01 6.888545e-01 -1.087209e+00
6.481438e-01 3.930578e-01 -6.522386e-01 6.509945e-01 -1.534099e-01 9.063322e-01 3.937352e-01 -1.357556e-01 7.459055e-01 -1.551372e-01 6.477325e-01 -1.824675e+00
7.261578e-01 -1.398256e-01 6.731595e-01 7.440127e-01 3.919481e-01 8.886077e-01 -2.382289e-01 -1.273712e-01 -5.648642e-01 4.368353e-01 7.000738e-01 -2.766157e+00
7.154745e-01 3.376281e-01 -6.116401e-01 8.668666e-01 -8.777586e-02 9.119779e-01 4.007389e-01 -1.213156e-01 6.931029e-01 -2.330312e-01 6.821325e-01 -3.637581e+00
7.153437e-01 -1.106878e-01 6.899505e-01 1.071082e+00 3.568010e-01 9.068151e-01 -2.244537e-01 -1.249249e-01 -6.008132e-01 4.067366e-01 6.881779e-01 -3.997227e+00
7.908211e-01 4.280639e-01 -4.374509e-01 1.654664e+00 -2.163262e-01 8.640916e-01 4.544763e-01 -1.488574e-01 5.725425e-01 -2.647773e-01 7.759433e-01 -4.006519e+00
9.535543e-01 -2.032107e-01 2.223501e-01 1.729562e+00 2.653843e-01 9.159542e-01 -3.009968e-01 -1.515717e-01 -1.424967e-01 3.460251e-01 9.273410e-01 -3.931653e+00
8.878456e-01 3.556988e-01 -2.919050e-01 1.811972e+00 -2.063606e-01 8.748044e-01 4.383293e-01 -1.559889e-01 4.112730e-01 -3.289311e-01 8.500935e-01 -3.682373e+00
6.362300e-01 -2.370935e-01 7.341648e-01 2.137091e+00 4.727025e-01 8.718641e-01 -1.280832e-01 -1.741606e-01 -6.097243e-01 4.285319e-01 6.667808e-01 -3.668050e+00
8.464916e-01 4.300300e-01 -3.138888e-01 2.375442e+00 -3.206767e-01 8.824493e-01 3.441651e-01 -1.880221e-01 4.249923e-01 -1.906761e-01 8.848865e-01 -3.651949e+00
8.728234e-01 -3.369392e-01 3.530598e-01 2.342207e+00 4.315056e-01 8.707602e-01 -2.357532e-01 -1.818278e-01 -2.279959e-01 3.581182e-01 9.054111e-01 -4.233506e+00
6.273262e-01 4.898358e-01 -6.054112e-01 2.218478e+00 -1.552985e-01 8.404807e-01 5.191095e-01 -1.712983e-01 7.631148e-01 -2.316316e-01 6.033263e-01 -4.538832e+00
9.539960e-01 -1.173424e-01 2.759030e-01 2.284631e+00 2.250881e-01 8.882038e-01 -4.005364e-01 -1.680441e-01 -1.980582e-01 4.442126e-01 8.737552e-01 -4.921931e+00
6.355863e-01 3.295616e-01 -6.981542e-01 2.430186e+00 1.036958e-01 8.596733e-01 5.002089e-01 -1.678612e-01 7.650342e-01 -3.903216e-01 5.122224e-01 -5.250717e+00
9.653691e-01 1.575232e-01 2.079637e-01 2.517580e+00 -5.581243e-02 9.033818e-01 -4.251897e-01 -1.660799e-01 -2.548479e-01 3.988580e-01 8.808887e-01 -5.573915e+00
4.961381e-01 1.017960e-01 -8.622555e-01 2.476822e+00 3.306616e-01 8.961109e-01 2.960542e-01 -1.634840e-01 8.028137e-01 -4.319986e-01 4.109348e-01 -5.569023e+00
9.023618e-01 3.614304e-01 2.347579e-01 2.395936e+00 -3.068547e-01 9.212831e-01 -2.389091e-01 -1.588892e-01 -3.026275e-01 1.435459e-01 9.422373e-01 -5.478081e+00
4.448305e-01 -1.646332e-01 -8.803532e-01 2.320414e+00 2.809257e-01 9.590008e-01 -3.739302e-02 -1.518292e-01 8.504155e-01 -2.306803e-01 4.728425e-01 -5.618207e+00
7.817987e-01 3.000440e-01 5.465934e-01 2.253883e+00 -3.021613e-01 9.491104e-01 -8.881471e-02 -1.414089e-01 -5.454258e-01 -9.572417e-02 8.326750e-01 -6.114487e+00
5.218127e-01 -2.788092e-01 -8.062115e-01 2.113552e+00 2.155044e-01 9.575115e-01 -1.916496e-01 -1.278541e-01 8.253904e-01 -7.373691e-02 5.597263e-01 -6.575144e+00
5.801933e-01 2.135931e-01 7.859731e-01 2.078723e+00 -2.356646e-01 9.677481e-01 -8.902754e-02 -1.160318e-01 -7.796396e-01 -1.335728e-01 6.118173e-01 -7.377163e+00
6.813500e-01 -3.285716e-01 -6.540664e-01 1.902375e+00 3.304962e-01 9.354096e-01 -1.256225e-01 -1.041587e-01 6.530961e-01 -1.305736e-01 7.459330e-01 -7.795682e+00
5.017174e-01 3.062941e-01 8.089892e-01 1.824104e+00 -1.558028e-01 9.519161e-01 -2.637826e-01 -9.423348e-02 -8.508849e-01 6.301566e-03 5.253144e-01 -8.415338e+00
7.251409e-01 -2.738666e-01 -6.317973e-01 1.587071e+00 4.218600e-01 9.018519e-01 9.325905e-02 -7.920455e-02 5.442471e-01 -3.341560e-01 7.695030e-01 -8.798882e+00
5.784867e-01 3.993773e-01 7.112320e-01 1.328313e+00 -4.145833e-02 8.852060e-01 -4.633483e-01 -6.175829e-02 -8.146376e-01 2.385543e-01 5.286374e-01 -9.239274e+00
6.225336e-01 -1.566276e-01 -7.667592e-01 1.381795e+00 4.568243e-01 8.682480e-01 1.935377e-01 -4.661008e-02 6.354238e-01 -4.707580e-01 6.120649e-01 -1.042765e+01
5.526827e-01 4.648597e-01 6.916988e-01 1.503270e+00 -1.953515e-02 8.369787e-01 -5.468867e-01 -3.693234e-02 -8.331628e-01 2.887424e-01 4.716648e-01 -1.145831e+01
6.736582e-01 -1.176067e-01 -7.296254e-01 1.605624e+00 4.765496e-01 8.237206e-01 3.072213e-01 -2.731215e-02 5.648762e-01 -5.546648e-01 6.109516e-01 -1.251303e+01
7.434009e-01 4.787358e-01 4.670836e-01 1.648535e+00 -1.345284e-01 7.910946e-01 -5.967172e-01 -9.419722e-03 -6.551772e-01 3.807642e-01 6.525040e-01 -1.374864e+01
6.156793e-01 -1.870029e-01 -7.654861e-01 1.736927e+00 5.546869e-01 7.928379e-01 2.524490e-01 5.128524e-03 5.596977e-01 -5.800327e-01 5.918619e-01 -1.494814e+01
7.317020e-01 5.651537e-01 3.810688e-01 1.836711e+00 -2.979696e-01 7.680183e-01 -5.668880e-01 2.066116e-02 -6.130467e-01 3.012462e-01 7.303592e-01 -1.618917e+01
5.146886e-01 -3.140683e-01 -7.977824e-01 1.897017e+00 6.110909e-01 7.870477e-01 8.440247e-02 3.666598e-02 6.013846e-01 -5.309586e-01 5.970088e-01 -1.735310e+01
7.471376e-01 6.499708e-01 1.390082e-01 2.012643e+00 -6.340564e-01 7.597045e-01 -1.442965e-01 5.441027e-02 -1.993937e-01 1.967035e-02 9.797220e-01 -1.834514e+01
5.984532e-01 -5.839517e-01 -5.485018e-01 2.141355e+00 5.357315e-01 8.007391e-01 -2.679713e-01 6.588086e-02 5.956891e-01 -1.334814e-01 7.920462e-01 -1.923037e+01
7.365873e-01 5.555047e-01 3.858157e-01 2.189770e+00 -5.971712e-01 8.019808e-01 -1.460637e-02 8.547029e-02 -3.175307e-01 -2.196392e-01 9.224602e-01 -2.053390e+01
5.896671e-01 -5.779721e-01 -5.641285e-01 2.319308e+00 4.092878e-01 8.159975e-01 -4.082053e-01 9.826188e-02 6.962587e-01 9.814340e-03 7.177238e-01 -2.162486e+01
5.158020e-01 3.069496e-01 7.998314e-01 2.514902e+00 -6.255452e-01 7.728413e-01 1.068153e-01 6.684022e-02 -5.853558e-01 -5.554263e-01 5.906439e-01 -2.086084e+01
5.310232e-01 -4.979904e-01 -6.855800e-01 2.686014e+00 3.096225e-01 8.671673e-01 -3.900702e-01 4.295089e-02 7.887637e-01 -5.134681e-03 6.146750e-01 -2.012312e+01
6.993449e-01 3.492214e-01 6.236675e-01 2.764236e+00 -4.663697e-01 8.841504e-01 2.788187e-02 6.680726e-02 -5.416789e-01 -3.103586e-01 7.811924e-01 -2.176389e+01
5.685685e-01 -5.453941e-01 -6.158531e-01 2.810332e+00 3.117223e-01 8.356431e-01 -4.522497e-01 9.289506e-02 7.612878e-01 6.515977e-02 6.451319e-01 -2.343051e+01
7.304383e-01 3.453175e-01 5.892501e-01 2.853096e+00 -4.988499e-01 8.590301e-01 1.149613e-01 1.174298e-01 -4.664854e-01 -3.779195e-01 7.997301e-01 -2.502094e+01
5.730433e-01 -5.406312e-01 -6.159053e-01 2.858866e+00 2.351088e-01 8.283993e-01 -5.084077e-01 1.406240e-01 7.850766e-01 1.465349e-01 6.018158e-01 -2.645159e+01
8.162458e-01 2.721266e-01 5.095978e-01 2.931126e+00 -4.653492e-01 8.324294e-01 3.008511e-01 1.600339e-01 -3.423346e-01 -4.827094e-01 8.061009e-01 -2.782271e+01
6.854483e-01 -5.034371e-01 -5.260340e-01 3.018322e+00 1.297000e-01 7.953210e-01 -5.921507e-01 1.813808e-01 7.164765e-01 3.376620e-01 6.104472e-01 -2.932367e+01
8.098824e-01 1.540261e-01 5.660093e-01 3.045916e+00 -4.086101e-01 8.404341e-01 3.559612e-01 2.057128e-01 -4.208662e-01 -5.195638e-01 7.435893e-01 -3.085678e+01
7.068622e-01 -4.721160e-01 -5.267374e-01 3.061134e+00 7.775531e-02 7.920103e-01 -6.055359e-01 2.293197e-01 7.030646e-01 3.870738e-01 5.965517e-01 -3.234350e+01
8.437742e-01 1.005664e-01 5.271921e-01 3.060670e+00 -3.545860e-01 8.418289e-01 4.069310e-01 2.577548e-01 -4.028820e-01 -5.302929e-01 7.459729e-01 -3.403466e+01
7.142931e-01 -4.181511e-01 -5.611907e-01 3.047290e+00 -1.033592e-02 7.954861e-01 -6.058837e-01 2.860822e-01 6.997703e-01 4.385790e-01 5.638883e-01 -3.567170e+01
8.651128e-01 1.454608e-02 5.013664e-01 3.041706e+00 -2.784510e-01 8.453281e-01 4.559445e-01 3.153918e-01 -4.171869e-01 -5.340494e-01 7.353545e-01 -3.736434e+01
6.599994e-01 -3.320204e-01 -6.739164e-01 3.067782e+00 -1.820660e-01 7.996114e-01 -5.722531e-01 3.447553e-01 7.288709e-01 5.003840e-01 4.672934e-01 -3.915916e+01
8.489182e-01 -1.465988e-01 5.077861e-01 3.131110e+00 -1.650687e-01 8.391606e-01 5.182295e-01 3.695572e-01 -5.020860e-01 -5.237540e-01 6.881798e-01 -4.079887e+01
7.500089e-01 -2.501064e-01 -6.123181e-01 3.188937e+00 -1.936806e-01 8.021287e-01 -5.648694e-01 3.925963e-01 6.324353e-01 5.422512e-01 5.531629e-01 -4.234487e+01
8.430290e-01 -1.782231e-01 5.074826e-01 3.257288e+00 -1.234612e-01 8.541968e-01 5.050793e-01 4.151184e-01 -5.235068e-01 -4.884509e-01 6.981091e-01 -4.388397e+01
7.199628e-01 -2.103888e-01 -6.613548e-01 3.281782e+00 -2.393377e-01 8.192163e-01 -5.211546e-01 4.413229e-01 6.514377e-01 5.334991e-01 5.394512e-01 -4.552358e+01
8.411602e-01 -2.132301e-01 4.969732e-01 3.344527e+00 -5.732201e-02 8.786502e-01 4.740127e-01 4.702604e-01 -5.377394e-01 -4.272082e-01 7.268628e-01 -4.737171e+01
6.485790e-01 -1.389324e-01 -7.483602e-01 3.391768e+00 -3.145472e-01 8.463944e-01 -4.297400e-01 5.000417e-01 6.931127e-01 5.141150e-01 5.052529e-01 -4.920461e+01
7.955216e-01 -2.792694e-01 5.377304e-01 3.416775e+00 1.802538e-02 8.979680e-01 4.396914e-01 5.315048e-01 -6.056570e-01 -3.400913e-01 7.193869e-01 -5.105403e+01
6.401663e-01 -7.535100e-02 -7.645321e-01 3.444101e+00 -3.234965e-01 8.762055e-01 -3.572310e-01 5.594790e-01 6.968049e-01 4.760107e-01 5.365415e-01 -5.279985e+01
7.631195e-01 -2.959581e-01 5.745062e-01 3.503311e+00 5.377292e-02 9.149704e-01 3.999221e-01 5.843650e-01 -6.440163e-01 -2.742955e-01 7.141463e-01 -5.440658e+01
5.968878e-01 -2.379120e-02 -8.019719e-01 3.538857e+00 -3.313114e-01 9.030493e-01 -2.733766e-01 6.089609e-01 7.307241e-01 4.288775e-01 5.311368e-01 -5.599778e+01
8.014569e-01 -2.928493e-01 5.214462e-01 3.578018e+00 1.176173e-01 9.320611e-01 3.426782e-01 6.360046e-01 -5.863728e-01 -2.133107e-01 7.814509e-01 -5.767683e+01
6.172271e-01 4.662116e-02 -7.854025e-01 3.625444e+00 -3.279233e-01 9.226496e-01 -2.029382e-01 6.617442e-01 7.151902e-01 3.828108e-01 5.847725e-01 -5.928370e+01
7.535953e-01 -2.963605e-01 5.867407e-01 3.672641e+00 1.490913e-01 9.463987e-01 2.865332e-01 6.855770e-01 -6.402078e-01 -1.284522e-01 7.573863e-01 -6.084599e+01
5.664029e-01 5.895195e-02 -8.220173e-01 3.740031e+00 -2.998025e-01 9.438372e-01 -1.388875e-01 7.133743e-01 7.676629e-01 3.251091e-01 5.522661e-01 -6.261555e+01
7.770892e-01 -2.594498e-01 5.734267e-01 3.791941e+00 1.684767e-01 9.635826e-01 2.076636e-01 7.425848e-01 -6.064223e-01 -6.476412e-02 7.925009e-01 -6.438500e+01
5.596851e-01 1.047425e-01 -8.220594e-01 3.802040e+00 -2.578268e-01 9.647576e-01 -5.261256e-02 7.697442e-01 7.875773e-01 2.413954e-01 5.669659e-01 -6.598272e+01
7.913688e-01 -2.084183e-01 5.747149e-01 3.814766e+00 1.815945e-01 9.778005e-01 1.045446e-01 8.014161e-01 -5.837455e-01 2.163172e-02 8.116485e-01 -6.783945e+01
4.809145e-01 1.274325e-01 -8.674573e-01 3.871251e+00 -1.976542e-01 9.796702e-01 3.433834e-02 8.311750e-01 8.541979e-01 1.549427e-01 4.963252e-01 -6.966159e+01
7.841398e-01 -1.509805e-01 6.019382e-01 3.978284e+00 1.607039e-01 9.862696e-01 3.803241e-02 8.549002e-01 -5.994156e-01 6.691108e-02 7.976364e-01 -7.129673e+01
4.663961e-01 1.356301e-01 -8.741162e-01 4.108052e+00 -1.412774e-01 9.869121e-01 7.775144e-02 8.746395e-01 8.732213e-01 8.722992e-02 4.794534e-01 -7.277470e+01
7.765372e-01 -9.256479e-02 6.232349e-01 4.047652e+00 1.469448e-01 9.884792e-01 -3.627808e-02 9.058891e-01 -6.126966e-01 1.197524e-01 7.811928e-01 -7.441500e+01
6.216479e-01 6.841913e-02 -7.803030e-01 4.065639e+00 -3.959777e-02 9.976492e-01 5.593009e-02 9.316673e-01 7.822953e-01 -3.870560e-03 6.228957e-01 -7.598768e+01
7.820663e-01 -3.474372e-03 6.231856e-01 4.123343e+00 8.868499e-02 9.904277e-01 -1.057734e-01 9.571109e-01 -6.168527e-01 1.379890e-01 7.748882e-01 -7.763811e+01
5.579373e-01 1.141814e-02 -8.298045e-01 4.127143e+00 4.859476e-02 9.977401e-01 4.640270e-02 9.867771e-01 8.284591e-01 -6.621395e-02 5.561216e-01 -7.938434e+01
6.845502e-01 8.890768e-02 7.235237e-01 4.189840e+00 4.264963e-02 9.859495e-01 -1.615072e-01 1.012447e+00 -7.277170e-01 1.414178e-01 6.711400e-01 -8.101007e+01
6.849821e-01 -6.963259e-02 -7.252247e-01 4.214116e+00 1.571703e-01 9.861067e-01 5.376775e-02 1.032931e+00 7.114050e-01 -1.508138e-01 6.864096e-01 -8.241118e+01
7.810853e-01 1.755394e-01 5.992425e-01 4.201739e+00 -5.218459e-02 9.746657e-01 -2.174939e-01 1.056199e+00 -6.222399e-01 1.386101e-01 7.704575e-01 -8.385029e+01
6.584437e-01 -1.270982e-01 -7.418207e-01 4.239571e+00 2.250431e-01 9.737930e-01 3.290678e-02 1.078630e+00 7.181974e-01 -1.886089e-01 6.697904e-01 -8.534162e+01
7.279809e-01 2.274848e-01 6.467569e-01 4.162884e+00 -9.469121e-02 9.676684e-01 -2.337763e-01 1.100081e+00 -6.790268e-01 1.089425e-01 7.259850e-01 -8.653754e+01
2.733784e-01 -3.389338e-02 -9.613092e-01 3.733576e+00 2.120173e-01 9.769240e-01 2.584986e-02 1.134420e+00 9.382499e-01 -2.108810e-01 2.742559e-01 -8.706389e+01
8.957669e-01 2.729149e-01 3.508834e-01 3.131530e+00 -2.784883e-01 9.597810e-01 -3.556149e-02 1.179656e+00 -3.464764e-01 -6.586211e-02 9.357437e-01 -8.714754e+01
3.098916e-01 -1.862115e-01 -9.323586e-01 2.299905e+00 5.221551e-02 9.824865e-01 -1.788680e-01 1.237415e+00 9.493370e-01 6.746106e-03 3.141874e-01 -8.688342e+01
6.489167e-01 9.963673e-02 7.543074e-01 2.071138e+00 -1.814945e-01 9.830406e-01 2.628618e-02 1.267443e+00 -7.388957e-01 -1.539602e-01 6.559950e-01 -8.794174e+01
6.418122e-01 -2.804167e-01 -7.137532e-01 2.162163e+00 1.617908e-01 9.593095e-01 -2.314064e-01 1.283040e+00 7.496005e-01 3.304071e-02 6.610654e-01 -8.922368e+01
8.733881e-01 1.867378e-01 4.498025e-01 1.976402e+00 -2.674965e-01 9.557238e-01 1.226283e-01 1.309566e+00 -4.069876e-01 -2.274227e-01 8.846695e-01 -9.025669e+01
2.958124e-01 -1.982456e-01 -9.344484e-01 1.432927e+00 -1.254604e-01 9.616911e-01 -2.437414e-01 1.350699e+00 9.469713e-01 1.893380e-01 2.596082e-01 -9.043445e+01
9.025448e-01 -1.196150e-01 4.136487e-01 7.432937e-01 -5.140670e-02 9.238397e-01 3.793120e-01 1.397142e+00 -4.275164e-01 -3.636104e-01 8.276577e-01 -9.009324e+01
6.698256e-01 -4.737479e-02 -7.410056e-01 2.648686e-01 -2.746544e-01 9.113722e-01 -3.065383e-01 1.426610e+00 6.898541e-01 4.088476e-01 5.974487e-01 -8.999053e+01
8.596160e-01 -2.878419e-01 4.221460e-01 -1.435529e-01 8.606607e-02 8.959813e-01 4.356720e-01 1.455358e+00 -5.036396e-01 -3.381782e-01 7.949734e-01 -9.022918e+01
5.336329e-01 1.424316e-01 -8.336361e-01 -7.350193e-01 -4.228627e-01 8.985886e-01 -1.171567e-01 1.493728e+00 7.324091e-01 4.150323e-01 5.397455e-01 -9.017951e+01
7.182767e-01 -3.807774e-01 5.823118e-01 -1.019920e+00 2.131504e-01 9.171329e-01 3.367998e-01 1.512776e+00 -6.623031e-01 -1.177954e-01 7.399181e-01 -9.012128e+01
2.719795e-01 2.665753e-01 -9.246430e-01 -1.538828e+00 -4.168349e-01 8.986779e-01 1.364795e-01 1.545314e+00 8.673384e-01 3.483039e-01 3.555399e-01 -8.986193e+01
6.803546e-03 -3.809894e-01 9.245544e-01 -1.697608e+00 2.695771e-01 8.910440e-01 3.651968e-01 1.558787e+00 -9.629548e-01 2.467541e-01 1.087683e-01 -9.046145e+01
-4.527185e-01 3.159175e-01 -8.338118e-01 -2.051238e+00 -2.517145e-01 8.518131e-01 4.594064e-01 1.579746e+00 8.553864e-01 4.178643e-01 -3.061105e-01 -9.028128e+01
6.201429e-01 -2.472831e-01 7.444957e-01 -2.701652e+00 4.069379e-01 9.127541e-01 -3.579734e-02 1.630173e+00 -6.706895e-01 3.251629e-01 6.666669e-01 -9.023599e+01
3.884623e-01 3.916159e-01 -8.341068e-01 -2.914472e+00 -1.366775e-01 9.196716e-01 3.681351e-01 1.656396e+00 9.112718e-01 -2.900292e-02 4.107828e-01 -9.109328e+01
9.552169e-01 -4.880907e-02 -2.918534e-01 -4.218735e+00 -2.404608e-04 9.861740e-01 -1.657131e-01 1.751118e+00 2.959065e-01 1.583621e-01 9.419983e-01 -9.039239e+01
-1.170898e-01 2.414396e-01 -9.633259e-01 -6.215268e+00 1.246359e-01 9.659016e-01 2.269360e-01 1.907209e+00 9.852694e-01 -9.349315e-02 -1.431893e-01 -8.912100e+01
9.022631e-01 2.236128e-01 -3.686715e-01 -8.375764e+00 -1.933530e-01 9.740558e-01 1.176008e-01 2.076896e+00 3.854037e-01 -3.482309e-02 9.220907e-01 -8.753759e+01
9.575414e-02 7.415655e-03 -9.953774e-01 -9.906583e+00 -1.770789e-01 9.841488e-01 -9.702782e-03 2.201104e+00 9.795275e-01 1.771894e-01 9.554948e-02 -8.686584e+01
9.855384e-01 -1.008313e-01 1.361878e-01 -1.072204e+01 7.830765e-02 9.837348e-01 1.616595e-01 2.268188e+00 -1.502730e-01 -1.486571e-01 9.774043e-01 -8.657179e+01
7.242872e-01 1.777819e-01 -6.661843e-01 -1.091621e+01 -1.985076e-01 9.790448e-01 4.545283e-02 2.283878e+00 6.603050e-01 9.932173e-02 7.444007e-01 -8.631547e+01
9.385209e-01 -9.959783e-02 -3.305431e-01 -1.159570e+01 1.305370e-01 9.887741e-01 7.270441e-02 2.330641e+00 3.195913e-01 -1.113827e-01 9.409864e-01 -8.577319e+01
4.368122e-01 2.781423e-01 -8.554718e-01 -1.281523e+01 -2.178400e-01 9.553979e-01 1.994004e-01 2.423845e+00 8.727776e-01 9.925549e-02 4.779200e-01 -8.516333e+01
9.816330e-01 -1.601681e-01 1.036479e-01 -1.341344e+01 1.675115e-01 9.836270e-01 -6.646700e-02 2.469417e+00 -9.130502e-02 8.260842e-02 9.923907e-01 -8.485518e+01
8.450239e-01 2.334176e-01 -4.810934e-01 -1.383482e+01 -1.297205e-01 9.623051e-01 2.390430e-01 2.490966e+00 5.187555e-01 -1.395894e-01 8.434498e-01 -8.424761e+01
6.020681e-01 9.228957e-02 -7.930931e-01 -1.497717e+01 -1.086216e-01 9.935301e-01 3.315483e-02 2.569045e+00 7.910217e-01 6.618558e-02 6.081974e-01 -8.300820e+01
9.978948e-01 -6.306176e-02 -1.513555e-02 -1.576391e+01 6.395291e-02 9.956167e-01 6.824536e-02 2.620059e+00 1.076554e-02 -6.906966e-02 9.975538e-01 -8.209432e+01
9.984420e-01 5.113284e-02 -2.233923e-02 -1.598747e+01 -5.166498e-02 9.983777e-01 -2.393102e-02 2.623184e+00 2.107932e-02 2.504789e-02 9.994640e-01 -8.149616e+01
9.002962e-01 2.153738e-02 -4.347447e-01 -1.641020e+01 4.804954e-02 9.877538e-01 1.484376e-01 2.642336e+00 4.326176e-01 -1.545271e-01 8.882361e-01 -8.079735e+01
8.252003e-01 -1.505785e-02 5.646394e-01 -1.658006e+01 9.099635e-02 9.901312e-01 -1.065830e-01 2.638215e+00 -5.574622e-01 1.393325e-01 8.184268e-01 -8.013795e+01
9.499706e-01 6.293534e-02 -3.059329e-01 -1.671016e+01 1.390100e-02 9.699994e-01 2.427094e-01 2.630102e+00 3.120298e-01 -2.348195e-01 9.205961e-01 -7.949203e+01
5.270101e-01 2.462220e-01 -8.134095e-01 -1.766592e+01 -2.118821e-01 9.649548e-01 1.548164e-01 2.691093e+00 8.230227e-01 9.075715e-02 5.607110e-01 -7.822106e+01
9.896273e-01 -1.353522e-01 -4.814127e-02 -1.836143e+01 1.331747e-01 9.900295e-01 -4.589241e-02 2.734493e+00 5.387291e-02 3.900519e-02 9.977857e-01 -7.720057e+01
7.964488e-01 2.843413e-01 -5.336847e-01 -1.873263e+01 -1.105617e-01 9.361478e-01 3.337715e-01 2.747645e+00 5.945128e-01 -2.068269e-01 7.770310e-01 -7.629289e+01
9.477106e-01 -4.980809e-03 -3.190922e-01 -1.917910e+01 -7.036221e-02 9.720114e-01 -2.241497e-01 2.774092e+00 3.112777e-01 2.348811e-01 9.208350e-01 -7.562242e+01
9.401235e-01 -1.008333e-01 3.255772e-01 -1.896298e+01 -3.006160e-03 9.527464e-01 3.037520e-01 2.758549e+00 -3.408208e-01 -2.865431e-01 8.953961e-01 -7.562135e+01
9.108640e-01 4.956767e-02 -4.097193e-01 -1.880103e+01 -1.353183e-01 9.737503e-01 -1.830279e-01 2.744028e+00 3.898920e-01 2.221560e-01 8.936615e-01 -7.551906e+01
9.621268e-01 -1.434096e-01 2.318310e-01 -1.873046e+01 5.752547e-02 9.380962e-01 3.415645e-01 2.728206e+00 -2.664634e-01 -3.152922e-01 9.108173e-01 -7.506218e+01
9.412263e-01 1.345009e-01 -3.098429e-01 -1.867734e+01 -1.825005e-01 9.743834e-01 -1.314176e-01 2.707242e+00 2.842300e-01 1.802402e-01 9.416617e-01 -7.429237e+01
9.776605e-01 -1.738967e-01 1.180670e-01 -1.862931e+01 1.279628e-01 9.380473e-01 3.220136e-01 2.689231e+00 -1.667495e-01 -2.997118e-01 9.393441e-01 -7.363573e+01
8.980265e-01 2.158586e-01 -3.833451e-01 -1.855542e+01 -2.808917e-01 9.519563e-01 -1.219796e-01 2.676738e+00 3.385974e-01 2.172194e-01 9.155149e-01 -7.336248e+01
9.631822e-01 -2.550176e-01 8.512354e-02 -1.848553e+01 2.291193e-01 9.442644e-01 2.363664e-01 2.668875e+00 -1.406567e-01 -2.081605e-01 9.679281e-01 -7.336061e+01
9.165958e-01 2.600615e-01 -3.036777e-01 -1.836950e+01 -3.039905e-01 9.466651e-01 -1.068412e-01 2.663087e+00 2.596958e-01 1.902453e-01 9.467654e-01 -7.358373e+01
9.365716e-01 -3.136701e-01 1.563482e-01 -1.819900e+01 2.925633e-01 9.453381e-01 1.440231e-01 2.665587e+00 -1.929777e-01 -8.914615e-02 9.771451e-01 -7.429604e+01
9.395554e-01 2.906734e-01 -1.809549e-01 -1.780121e+01 -3.036117e-01 9.515940e-01 -4.784020e-02 2.651034e+00 1.582897e-01 9.988855e-02 9.823272e-01 -7.452910e+01
8.707653e-01 -3.508070e-01 3.445319e-01 -1.745070e+01 2.929741e-01 9.329008e-01 2.094332e-01 2.633311e+00 -3.948847e-01 -8.142824e-02 9.151150e-01 -7.457643e+01
9.755135e-01 2.116114e-01 -5.995103e-02 -1.707490e+01 -2.196646e-01 9.510294e-01 -2.174637e-01 2.621443e+00 1.099740e-02 2.253079e-01 9.742255e-01 -7.502220e+01
9.461733e-01 -2.667587e-01 1.832920e-01 -1.687422e+01 2.092961e-01 9.362508e-01 2.821872e-01 2.610346e+00 -2.468831e-01 -2.286357e-01 9.416870e-01 -7.524974e+01
9.409618e-01 2.124177e-01 -2.635711e-01 -1.679181e+01 -2.628002e-01 9.491674e-01 -1.732551e-01 2.601796e+00 2.133706e-01 2.322929e-01 9.489536e-01 -7.528707e+01
9.183097e-01 -3.039503e-01 2.536167e-01 -1.670325e+01 2.574167e-01 9.452193e-01 2.007416e-01 2.607831e+00 -3.007389e-01 -1.190578e-01 9.462459e-01 -7.609967e+01
9.690292e-01 1.910652e-01 -1.564497e-01 -1.656221e+01 -2.200746e-01 9.555637e-01 -1.961255e-01 2.606572e+00 1.120249e-01 2.244819e-01 9.680177e-01 -7.666101e+01
8.905726e-01 -2.836028e-01 3.555980e-01 -1.648765e+01 1.994440e-01 9.461277e-01 2.550775e-01 2.603663e+00 -4.087818e-01 -1.562432e-01 8.991582e-01 -7.709898e+01
9.462119e-01 1.548608e-01 -2.840794e-01 -1.657327e+01 -2.111297e-01 9.608456e-01 -1.794434e-01 2.605875e+00 2.451677e-01 2.297690e-01 9.418593e-01 -7.728323e+01
9.511182e-01 -2.234625e-01 2.131634e-01 -1.662121e+01 1.680640e-01 9.536036e-01 2.497891e-01 2.606819e+00 -2.590919e-01 -2.017538e-01 9.445458e-01 -7.748659e+01
9.479464e-01 1.699813e-01 -2.692655e-01 -1.664413e+01 -2.153167e-01 9.651499e-01 -1.487425e-01 2.605478e+00 2.345981e-01 1.989773e-01 9.515102e-01 -7.759786e+01
9.237613e-01 -2.411331e-01 2.975230e-01 -1.667020e+01 1.804670e-01 9.593070e-01 2.171673e-01 2.606910e+00 -3.377822e-01 -1.469177e-01 9.296873e-01 -7.789979e+01
9.951642e-01 9.135867e-02 3.608110e-02 -1.662578e+01 -8.125350e-02 9.720611e-01 -2.202160e-01 2.599320e+00 -5.519167e-02 2.162194e-01 9.747836e-01 -7.807004e+01
8.376994e-01 -1.973592e-01 5.092239e-01 -1.651563e+01 9.423557e-02 9.706697e-01 2.211788e-01 2.589372e+00 -5.379399e-01 -1.372943e-01 8.317277e-01 -7.834532e+01
9.826543e-01 -3.860531e-02 -1.813838e-01 -1.639337e+01 -7.372395e-03 9.691860e-01 -2.462196e-01 2.587874e+00 1.853000e-01 2.432860e-01 9.520902e-01 -7.900363e+01
8.667067e-01 -7.785392e-02 4.927051e-01 -1.622954e+01 -6.163291e-03 9.859981e-01 1.666424e-01 2.586240e+00 -4.987801e-01 -1.474668e-01 8.540913e-01 -7.974119e+01
9.634128e-01 -1.243785e-01 -2.374147e-01 -1.601128e+01 6.902361e-02 9.710624e-01 -2.286340e-01 2.586832e+00 2.589816e-01 2.038817e-01 9.441190e-01 -8.061665e+01
7.792034e-01 4.990080e-04 6.267710e-01 -1.578196e+01 -9.295983e-02 9.890318e-01 1.147805e-01 2.576339e+00 -6.198391e-01 -1.477019e-01 7.707033e-01 -8.105044e+01
8.455681e-01 -1.889069e-01 -4.993283e-01 -1.563019e+01 9.710802e-02 9.741241e-01 -2.040887e-01 2.576303e+00 5.249615e-01 1.240821e-01 8.420327e-01 -8.181355e+01
7.844130e-01 7.170862e-02 6.160796e-01 -1.542801e+01 -1.217644e-01 9.917689e-01 3.959751e-02 2.581685e+00 -6.081691e-01 -1.060774e-01 7.866879e-01 -8.282141e+01
8.711122e-01 -1.876591e-01 -4.538145e-01 -1.516342e+01 1.541319e-01 9.818896e-01 -1.101646e-01 2.570536e+00 4.662691e-01 2.601844e-02 8.842603e-01 -8.317336e+01
9.694609e-01 1.834793e-01 1.627295e-01 -1.498874e+01 -2.150954e-01 9.548787e-01 2.047943e-01 2.555944e+00 -1.178114e-01 -2.335424e-01 9.651831e-01 -8.305239e+01
8.624326e-01 -1.645006e-01 -4.786957e-01 -1.490721e+01 3.805021e-02 9.641112e-01 -2.627581e-01 2.561482e+00 5.047397e-01 2.083966e-01 8.377402e-01 -8.376226e+01
9.628739e-01 5.092474e-02 2.651046e-01 -1.487690e+01 -1.049491e-01 9.754091e-01 1.938113e-01 2.580031e+00 -2.487157e-01 -2.144384e-01 9.445405e-01 -8.503938e+01
9.433734e-01 -1.727680e-01 -2.831922e-01 -1.476446e+01 8.908816e-02 9.542599e-01 -2.853968e-01 2.593349e+00 3.195464e-01 2.440067e-01 9.156150e-01 -8.626933e+01
9.060133e-01 5.261981e-02 4.199655e-01 -1.450355e+01 -1.403669e-01 9.734420e-01 1.808528e-01 2.591911e+00 -3.992956e-01 -2.228043e-01 8.893375e-01 -8.700067e+01
8.275413e-01 -1.532872e-01 -5.400727e-01 -1.436039e+01 1.815357e-02 9.688054e-01 -2.471567e-01 2.593618e+00 5.611113e-01 1.947282e-01 8.045092e-01 -8.765184e+01
7.549445e-01 -1.622737e-02 6.555878e-01 -1.505492e+01 -1.190736e-01 9.796844e-01 1.613692e-01 2.638964e+00 -6.448878e-01 -1.998880e-01 7.376751e-01 -8.817366e+01
8.837659e-01 -3.639509e-01 -2.941045e-01 -1.574828e+01 2.797978e-01 9.148042e-01 -2.912843e-01 2.679183e+00 3.750612e-01 1.751373e-01 9.103054e-01 -8.822118e+01
8.023080e-01 2.188759e-01 5.553334e-01 -1.569031e+01 -3.525420e-01 9.245017e-01 1.449510e-01 2.669318e+00 -4.816804e-01 -3.120737e-01 8.188981e-01 -8.825774e+01
8.332091e-01 -3.110070e-01 -4.572059e-01 -1.543020e+01 2.577388e-01 9.499585e-01 -1.764923e-01 2.649904e+00 4.892170e-01 2.921531e-02 8.716726e-01 -8.785062e+01
9.376970e-01 3.442649e-01 -4.696779e-02 -1.491922e+01 -3.188015e-01 9.062272e-01 2.777010e-01 2.647300e+00 1.381662e-01 -2.454260e-01 9.595187e-01 -8.850822e+01
9.132362e-01 -2.748090e-01 -3.007982e-01 -1.471412e+01 1.510595e-01 9.140410e-01 -3.764440e-01 2.656681e+00 3.783921e-01 2.983439e-01 8.762479e-01 -8.946246e+01
9.843683e-01 1.756092e-01 -1.343222e-02 -1.447006e+01 -1.572862e-01 9.108478e-01 3.815984e-01 2.662276e+00 7.924691e-02 -3.735207e-01 9.242306e-01 -9.026548e+01
9.359662e-01 -9.973418e-02 -3.376690e-01 -1.400000e+01 -3.052109e-02 9.324496e-01 -3.600087e-01 2.652963e+00 3.507645e-01 3.472620e-01 8.696973e-01 -9.065523e+01
9.879230e-01 -1.555612e-02 1.541626e-01 -1.346444e+01 -4.682387e-02 9.184563e-01 3.927411e-01 2.641547e+00 -1.477011e-01 -3.952165e-01 9.066357e-01 -9.109353e+01
9.895646e-01 -1.041939e-01 9.952632e-02 -1.260102e+01 1.306385e-01 9.401813e-01 -3.146310e-01 2.616993e+00 -6.079017e-02 3.243496e-01 9.439819e-01 -9.119850e+01
9.682879e-01 1.487684e-01 2.007148e-01 -1.168176e+01 -2.250096e-01 8.684279e-01 4.418185e-01 2.578167e+00 -1.085778e-01 -4.729703e-01 8.743626e-01 -9.080036e+01
9.676384e-01 -2.120303e-01 -1.368179e-01 -1.133467e+01 1.364053e-01 8.956593e-01 -4.233061e-01 2.562330e+00 2.122959e-01 3.909445e-01 8.955964e-01 -9.085498e+01
9.904154e-01 1.314764e-01 4.232344e-02 -1.120874e+01 -1.371329e-01 8.994485e-01 4.149541e-01 2.563145e+00 1.648894e-02 -4.167809e-01 9.088574e-01 -9.137232e+01
9.868898e-01 -1.596042e-01 2.397963e-02 -1.108434e+01 1.568592e-01 9.135271e-01 -3.753178e-01 2.552398e+00 3.799626e-02 3.741587e-01 9.265860e-01 -9.140961e+01
9.916334e-01 1.283797e-01 -1.348719e-02 -1.088015e+01 -1.150282e-01 9.262196e-01 3.590066e-01 2.551172e+00 5.858126e-02 -3.544515e-01 9.332376e-01 -9.201240e+01
9.656687e-01 -1.629797e-01 2.022910e-01 -1.041733e+01 2.201782e-01 9.267469e-01 -3.044040e-01 2.533725e+00 -1.378609e-01 3.384934e-01 9.308150e-01 -9.223152e+01
9.826568e-01 1.811822e-01 -3.947940e-02 -1.004087e+01 -1.589892e-01 9.327791e-01 3.234898e-01 2.520875e+00 9.543616e-02 -3.116027e-01 9.454077e-01 -9.254887e+01
9.580684e-01 -2.034496e-01 2.017753e-01 -9.865361e+00 2.606999e-01 9.111404e-01 -3.191531e-01 2.518444e+00 -1.189141e-01 3.583733e-01 9.259741e-01 -9.312121e+01
9.751992e-01 2.204321e-01 -1.990547e-02 -9.547066e+00 -1.996522e-01 9.149411e-01 3.507447e-01 2.504169e+00 9.552772e-02 -3.380718e-01 9.362596e-01 -9.331262e+01
9.552772e-01 -2.327726e-01 1.823797e-01 -9.129661e+00 2.737056e-01 9.294654e-01 -2.473446e-01 2.483744e+00 -1.119406e-01 2.862010e-01 9.516083e-01 -9.327642e+01
9.403036e-01 3.085134e-01 -1.436965e-01 -8.804710e+00 -2.251408e-01 8.805009e-01 4.171687e-01 2.461324e+00 2.552271e-01 -3.599133e-01 8.973971e-01 -9.295834e+01
9.003173e-01 -2.545334e-01 3.530460e-01 -8.325955e+00 3.626215e-01 8.872745e-01 -2.850433e-01 2.442771e+00 -2.406957e-01 3.846515e-01 8.911278e-01 -9.312324e+01
9.426546e-01 3.316419e-01 -3.762896e-02 -7.901696e+00 -2.979744e-01 8.869876e-01 3.527950e-01 2.423500e+00 1.503780e-01 -3.213513e-01 9.349437e-01 -9.323854e+01
9.606414e-01 -2.643051e-01 -8.550346e-02 -7.752220e+00 2.318020e-01 9.323112e-01 -2.776035e-01 2.407420e+00 1.530879e-01 2.468575e-01 9.568832e-01 -9.297056e+01
9.649188e-01 2.237299e-01 1.373924e-01 -7.672673e+00 -2.596096e-01 8.911280e-01 3.721474e-01 2.389116e+00 -3.917375e-02 -3.947604e-01 9.179486e-01 -9.248342e+01
9.684306e-01 -2.386185e-01 -7.213492e-02 -7.596860e+00 2.199964e-01 9.541760e-01 -2.028542e-01 2.362844e+00 1.172342e-01 1.805808e-01 9.765484e-01 -9.153536e+01
8.929498e-01 1.392955e-01 4.280623e-01 -7.469980e+00 -2.736738e-01 9.229897e-01 2.705414e-01 2.332835e+00 -3.574119e-01 -3.587294e-01 8.623050e-01 -9.049739e+01
9.545976e-01 -2.798507e-01 -1.021131e-01 -7.576837e+00 2.685049e-01 9.567494e-01 -1.119634e-01 2.309556e+00 1.290297e-01 7.946211e-02 9.884519e-01 -8.911115e+01
9.659981e-01 1.528008e-01 2.085657e-01 -8.408825e+00 -1.812505e-01 9.754837e-01 1.248191e-01 2.346786e+00 -1.843799e-01 -1.583777e-01 9.700106e-01 -8.791605e+01
8.245696e-01 -1.102692e-01 -5.549105e-01 -8.926881e+00 6.623688e-02 9.928926e-01 -9.887816e-02 2.366687e+00 5.618698e-01 4.477639e-02 8.260130e-01 -8.673103e+01
9.732888e-01 5.236075e-02 2.235334e-01 -9.052922e+00 -1.148813e-01 9.540571e-01 2.767261e-01 2.358556e+00 -1.987740e-01 -2.950143e-01 9.345884e-01 -8.581750e+01
9.217342e-01 -1.233947e-01 -3.676680e-01 -9.399581e+00 2.031065e-02 9.620905e-01 -2.719732e-01 2.369757e+00 3.872899e-01 2.432194e-01 8.892979e-01 -8.517686e+01
1.590294e-01 -1.992670e-01 9.669552e-01 -9.449862e+00 -1.287778e-01 9.668650e-01 2.204278e-01 2.343304e+00 -9.788391e-01 -1.595768e-01 1.280988e-01 -8.386038e+01
7.216311e-01 -2.118289e-01 -6.590729e-01 -9.542160e+00 1.200634e-01 9.759036e-01 -1.822000e-01 2.329642e+00 6.817869e-01 5.235062e-02 7.296753e-01 -8.289599e+01
6.744025e-01 1.445866e-02 7.382224e-01 -9.508881e+00 -2.136365e-01 9.608646e-01 1.763482e-01 2.309713e+00 -7.067820e-01 -2.766409e-01 6.510983e-01 -8.215284e+01
7.978148e-01 -4.209257e-03 -6.028879e-01 -8.874094e+00 -6.897436e-03 9.998465e-01 -1.610828e-02 2.266358e+00 6.028632e-01 1.700980e-02 7.976632e-01 -8.104065e+01
9.790960e-01 -4.170563e-03 2.033559e-01 -8.823811e+00 -3.258343e-02 9.836618e-01 1.770528e-01 2.253025e+00 -2.007718e-01 -1.799777e-01 9.629635e-01 -8.056833e+01
8.348894e-01 -1.990583e-01 5.131622e-01 -8.733877e+00 2.066252e-01 9.774749e-01 4.299869e-02 2.219893e+00 -5.101624e-01 7.013310e-02 8.572139e-01 -7.920341e+01
9.439452e-01 1.061868e-01 3.125569e-01 -8.434546e+00 -1.367711e-01 9.875626e-01 7.754861e-02 2.174830e+00 -3.004348e-01 -1.159504e-01 9.467283e-01 -7.763987e+01
6.271205e-01 -3.424941e-01 6.995839e-01 -8.074885e+00 2.289837e-01 9.395199e-01 2.546937e-01 2.122336e+00 -7.445041e-01 4.696405e-04 6.676177e-01 -7.583383e+01
6.299640e-01 -1.023709e-01 7.698478e-01 -8.427805e+00 2.627618e-01 9.609086e-01 -8.723984e-02 2.085187e+00 -7.308226e-01 2.572446e-01 6.322370e-01 -7.328158e+01
7.993835e-01 2.955851e-02 6.000935e-01 -8.494182e+00 -1.560371e-01 9.747318e-01 1.598448e-01 2.032764e+00 -5.802055e-01 -2.214141e-01 7.837968e-01 -7.077705e+01
8.446871e-01 -3.228845e-01 4.269067e-01 -8.585187e+00 2.637526e-01 9.450966e-01 1.929428e-01 1.985280e+00 -4.657663e-01 -5.037853e-02 8.834726e-01 -6.823508e+01
9.522213e-01 2.053796e-01 2.260394e-01 -8.602327e+00 -2.100713e-01 9.776803e-01 -3.367895e-03 1.943778e+00 -2.216859e-01 -4.427740e-02 9.741123e-01 -6.617849e+01
7.842006e-01 -3.805753e-01 4.900938e-01 -8.941586e+00 3.024477e-01 9.240877e-01 2.336395e-01 1.930535e+00 -5.418070e-01 -3.499249e-02 8.397742e-01 -6.430362e+01
9.359110e-01 3.420620e-01 -8.404862e-02 -8.778592e+00 -3.416008e-01 9.396268e-01 2.025881e-02 1.890761e+00 8.590410e-02 9.750634e-03 9.962557e-01 -6.285053e+01
9.426775e-01 -3.335011e-01 -1.166747e-02 -8.619486e+00 3.311875e-01 9.307067e-01 1.552411e-01 1.867939e+00 -4.091410e-02 -1.502064e-01 9.878077e-01 -6.216892e+01
9.332763e-01 3.529451e-01 -6.652135e-02 -8.531458e+00 -3.546088e-01 9.348987e-01 -1.473336e-02 1.851576e+00 5.699065e-02 3.733935e-02 9.976762e-01 -6.171479e+01
8.798861e-01 -4.107189e-01 2.389777e-01 -8.526277e+00 3.715655e-01 9.081728e-01 1.927727e-01 1.837416e+00 -2.962084e-01 -8.082212e-02 9.516976e-01 -6.129959e+01
9.351417e-01 3.488942e-01 -6.150458e-02 -8.550958e+00 -3.528439e-01 9.328067e-01 -7.329947e-02 1.820657e+00 3.179813e-02 9.024691e-02 9.954117e-01 -6.056824e+01
9.309324e-01 -3.241237e-01 -1.682519e-01 -8.519567e+00 3.491704e-01 9.249619e-01 1.500847e-01 1.805166e+00 1.069805e-01 -1.984673e-01 9.742515e-01 -6.001034e+01
8.924978e-01 3.832019e-01 -2.379160e-01 -8.537052e+00 -4.036939e-01 9.139119e-01 -4.238137e-02 1.812316e+00 2.011936e-01 1.338705e-01 9.703607e-01 -6.051092e+01
8.039645e-01 -4.509594e-01 3.876554e-01 -8.213410e+00 4.368530e-01 8.901588e-01 1.295254e-01 1.818244e+00 -4.034856e-01 6.521458e-02 9.126590e-01 -6.167326e+01
9.130580e-01 3.127603e-01 -2.617368e-01 -7.993660e+00 -3.507136e-01 9.296992e-01 -1.125134e-01 1.826361e+00 2.081468e-01 1.945259e-01 9.585586e-01 -6.283418e+01
8.994623e-01 -3.896627e-01 1.978144e-01 -7.848572e+00 3.701428e-01 9.199567e-01 1.291277e-01 1.834877e+00 -2.322969e-01 -4.292591e-02 9.716972e-01 -6.382366e+01
9.563718e-01 2.785721e-01 -8.803750e-02 -7.462526e+00 -2.900189e-01 9.416077e-01 -1.710672e-01 1.838349e+00 3.524225e-02 1.891364e-01 9.813182e-01 -6.491371e+01
9.279719e-01 -3.465743e-01 1.369469e-01 -7.136419e+00 3.308013e-01 9.353211e-01 1.254787e-01 1.845271e+00 -1.715770e-01 -7.113846e-02 9.825989e-01 -6.607391e+01
8.967030e-01 2.895633e-01 -3.347787e-01 -7.069089e+00 -3.271256e-01 9.430402e-01 -6.053162e-02 1.859238e+00 2.981821e-01 1.637936e-01 9.403505e-01 -6.714678e+01
9.257083e-01 -3.355763e-01 1.745070e-01 -7.062125e+00 3.238121e-01 9.415521e-01 9.287313e-02 1.868927e+00 -1.954734e-01 -2.946597e-02 9.802662e-01 -6.792258e+01
6.652236e-01 4.042088e-01 -6.277681e-01 -7.120409e+00 -3.563235e-01 9.107294e-01 2.088192e-01 1.876337e+00 6.561334e-01 8.477704e-02 7.498678e-01 -6.823181e+01
7.407130e-01 -3.522395e-01 5.720766e-01 -7.094178e+00 4.289007e-01 9.033512e-01 8.803347e-04 1.886330e+00 -5.170962e-01 2.447120e-01 8.201997e-01 -6.905484e+01
5.769951e-01 4.307497e-01 -6.939246e-01 -7.084029e+00 -2.897745e-01 9.023127e-01 3.191593e-01 1.894362e+00 7.636147e-01 1.692832e-02 6.454502e-01 -6.972951e+01
9.570524e-01 -2.407803e-01 1.614792e-01 -7.206998e+00 2.670964e-01 9.488871e-01 -1.681449e-01 1.901955e+00 -1.127396e-01 2.040540e-01 9.724463e-01 -6.977407e+01
6.705023e-01 3.910077e-01 -6.305074e-01 -7.272645e+00 -1.329569e-01 8.994164e-01 4.163803e-01 1.905110e+00 7.298966e-01 -1.953536e-01 6.550480e-01 -6.977790e+01
9.642713e-01 -9.289651e-02 2.480949e-01 -7.273181e+00 1.701156e-01 9.350366e-01 -3.110743e-01 1.910258e+00 -2.030801e-01 3.421648e-01 9.174321e-01 -7.014931e+01
6.958478e-01 2.359202e-01 -6.783344e-01 -7.165688e+00 5.513110e-02 9.241726e-01 3.779756e-01 1.917405e+00 7.160701e-01 -3.004108e-01 6.300769e-01 -7.079730e+01
9.818284e-01 1.100118e-01 1.546299e-01 -6.976160e+00 -5.730819e-02 9.486645e-01 -3.110490e-01 1.920357e+00 -1.809110e-01 2.965352e-01 9.377303e-01 -7.130639e+01
6.919337e-01 3.633715e-02 -7.210460e-01 -6.701225e+00 2.047803e-01 9.478360e-01 2.442785e-01 1.919573e+00 6.923097e-01 -3.166806e-01 6.483985e-01 -7.174265e+01
9.533923e-01 2.349618e-01 1.893040e-01 -6.100093e+00 -2.056580e-01 9.651025e-01 -1.621173e-01 1.907568e+00 -2.207892e-01 1.156295e-01 9.684431e-01 -7.197027e+01
9.675053e-01 -1.085241e-01 -2.283768e-01 -5.359361e+00 1.902832e-01 9.072940e-01 3.749799e-01 1.859949e+00 1.665106e-01 -4.062513e-01 8.984621e-01 -7.106271e+01
