1.000000e+00 1.197625e-11 1.704638e-10 1.665335e-16 1.197625e-11 1.000000e+00 3.562503e-10 -1.110223e-16 1.704638e-10 3.562503e-10 1.000000e+00 2.220446e-16 0.000000e+00 0.000000e+00 0.000000e+00 1.000000e+00
8.957894e-01 7.443277e-02 -4.382022e-01 2.295505e-01 -4.700840e-02 9.962147e-01 7.312013e-02 -4.872954e-03 4.419860e-01 -4.490105e-02 8.958975e-01 -2.463959e-01
9.972366e-01 -1.587005e-02 7.257629e-02 5.333079e-01 1.111945e-02 9.977973e-01 6.539837e-02 -2.226385e-02 -7.345430e-02 -6.441063e-02 9.952164e-01 -3.654116e-02
8.321288e-01 7.975797e-02 -5.488172e-01 8.254814e-01 -9.624086e-02 9.953573e-01 -1.270208e-03 -2.219901e-02 5.461679e-01 5.387562e-02 8.359414e-01 -5.964926e-01
9.500662e-01 -8.867885e-02 2.991827e-01 9.338811e-01 3.540071e-02 9.832100e-01 1.790107e-01 -4.061947e-02 -3.100339e-01 -1.594808e-01 9.372539e-01 -1.116970e-01
8.536127e-01 1.407930e-01 -5.015203e-01 1.018636e+00 -1.414679e-01 9.892538e-01 3.693025e-02 -5.855109e-02 5.013304e-01 3.942488e-02 8.643573e-01 5.615193e-01
9.843830e-01 -1.108475e-01 1.367587e-01 9.866176e-01 1.107822e-01 9.938116e-01 8.112174e-03 -5.091831e-02 -1.368116e-01 7.164951e-03 9.905712e-01 8.964002e-02
8.527578e-01 1.444290e-01 -5.019406e-01 9.634553e-01 -1.320868e-01 9.894031e-01 6.028691e-02 -4.036381e-02 5.053287e-01 1.488961e-02 8.627984e-01 -5.244519e-01
9.390645e-01 -1.303761e-01 3.180564e-01 9.686269e-01 1.511611e-01 9.876395e-01 -4.145615e-02 -2.832644e-02 -3.087201e-01 8.700775e-02 9.471650e-01 -1.355451e+00
9.290047e-01 1.075379e-01 -3.540988e-01 1.291796e+00 -8.950679e-02 9.937326e-01 6.696356e-02 -2.806426e-02 3.590806e-01 -3.051522e-02 9.328076e-01 -2.022739e+00
8.970285e-01 -1.230076e-01 4.245103e-01 1.662760e+00 1.708297e-01 9.823393e-01 -7.633238e-02 -2.593324e-02 -4.076237e-01 1.409913e-01 9.021997e-01 -2.956405e+00
8.663358e-01 1.103655e-01 -4.871157e-01 2.039610e+00 -7.391150e-02 9.928718e-01 9.350263e-02 -2.245538e-02 4.939629e-01 -4.500123e-02 8.683177e-01 -3.955998e+00
9.992208e-01 -3.435300e-02 1.943116e-02 2.554881e+00 3.425567e-02 9.993989e-01 5.319935e-03 -3.347648e-02 -1.960224e-02 -4.650162e-03 9.997970e-01 -4.204851e+00
9.126214e-01 1.551973e-01 -3.782010e-01 3.109705e+00 -9.713912e-02 9.809648e-01 1.681429e-01 -5.581661e-02 3.970972e-01 -1.167127e-01 9.103252e-01 -3.936779e+00
7.410013e-01 8.577342e-02 -6.660030e-01 2.842771e+00 -1.145136e-01 9.934215e-01 5.322382e-04 -4.056446e-02 6.616674e-01 7.587198e-02 7.459489e-01 -3.506446e+00
9.965986e-01 -4.520482e-02 -6.890418e-02 3.156414e+00 5.782408e-02 9.793253e-01 1.938515e-01 -5.630356e-02 5.871659e-02 -1.971764e-01 9.786081e-01 -3.226811e+00
9.854634e-01 1.638504e-01 4.488885e-02 4.543049e+00 -1.618151e-01 9.857594e-01 -4.576272e-02 -9.597295e-02 -5.174785e-02 3.783378e-02 9.979433e-01 -3.239817e+00
9.951097e-01 -9.871536e-02 3.457862e-03 6.339320e+00 9.764193e-02 9.883719e-01 1.165631e-01 -1.451514e-01 -1.492422e-02 -1.156555e-01 9.931773e-01 -3.654794e+00
9.740683e-01 1.558320e-01 1.640347e-01 8.492733e+00 -1.392360e-01 9.843205e-01 -1.082892e-01 -1.857058e-01 -1.783377e-01 8.264154e-02 9.804928e-01 -4.697847e+00
9.881820e-01 -1.251912e-01 -8.845107e-02 1.050197e+01 1.271777e-01 9.917313e-01 1.717005e-02 -2.177520e-01 8.557016e-02 -2.821613e-02 9.959325e-01 -6.001373e+00
9.840692e-01 1.406734e-01 1.087145e-01 1.257523e+01 -1.525118e-01 9.822095e-01 1.095658e-01 -2.643098e-01 -9.136747e-02 -1.244005e-01 9.880164e-01 -6.474845e+00
9.670411e-01 -1.740546e-01 1.858402e-01 1.470557e+01 1.612607e-01 9.835002e-01 8.199000e-02 -3.227350e-01 -1.970447e-01 -4.931897e-02 9.791532e-01 -6.707617e+00
6.130601e-01 4.049119e-01 -6.783831e-01 1.570205e+01 -1.784042e-01 9.074471e-01 3.804099e-01 -3.651061e-01 7.696293e-01 -1.121878e-01 6.285576e-01 -5.919869e+00
9.192270e-01 -2.210384e-01 3.258279e-01 1.681855e+01 2.503155e-01 9.668576e-01 -5.028477e-02 -4.007501e-01 -3.039143e-01 1.277829e-01 9.440909e-01 -5.675924e+00
7.059320e-01 3.884361e-01 -5.922647e-01 1.791593e+01 -2.040023e-01 9.122744e-01 3.551597e-01 -4.379541e-01 6.782648e-01 -1.298952e-01 7.232456e-01 -5.628495e+00
7.290157e-01 -3.360720e-01 5.963151e-01 1.812721e+01 3.732386e-01 9.254371e-01 6.526189e-02 -4.650643e-01 -5.737848e-01 1.749909e-01 8.000932e-01 -4.587906e+00
9.621452e-01 1.598518e-01 2.207353e-01 1.763926e+01 -1.600411e-01 9.869614e-01 -1.714657e-02 -4.658247e-01 -2.205982e-01 -1.882923e-02 9.751830e-01 -3.074272e+00
1.509691e-01 -4.353023e-01 8.875361e-01 1.555336e+01 4.480711e-01 8.304330e-01 3.310789e-01 -3.601258e-01 -8.811587e-01 3.476966e-01 3.204161e-01 -1.754830e+00
8.188945e-01 -1.312413e-01 5.587374e-01 1.284975e+01 3.485079e-01 8.871887e-01 -3.023878e-01 -2.131964e-01 -4.560198e-01 4.423482e-01 7.722526e-01 -1.010348e+00
4.923745e-01 -2.266115e-02 8.700884e-01 1.106637e+01 7.393004e-04 9.996715e-01 2.561773e-02 -1.236127e-01 -8.703832e-01 -1.197026e-02 4.922295e-01 -1.540702e-01
8.080334e-01 -2.536985e-01 -5.317134e-01 9.929006e+00 2.475579e-01 9.651970e-01 -8.431990e-02 -6.831222e-02 5.346000e-01 -6.349655e-02 8.427164e-01 1.188665e+00
7.210927e-01 1.600853e-01 6.740905e-01 9.464064e+00 -1.421151e-01 9.864282e-01 -8.223600e-02 -5.560975e-02 -6.781066e-01 -3.649868e-02 7.340567e-01 2.111818e+00
8.701096e-01 -4.381167e-01 2.257497e-01 8.671351e+00 4.101500e-01 8.976512e-01 1.612428e-01 -2.507359e-02 -2.732877e-01 -4.770763e-02 9.607486e-01 2.807525e+00
6.710550e-01 1.107035e-01 7.330961e-01 7.048933e+00 2.145798e-01 9.174712e-01 -3.349657e-01 6.219628e-02 -7.096765e-01 3.820880e-01 5.919189e-01 3.172317e+00
9.338116e-01 -2.774110e-01 2.259182e-01 4.275347e+00 1.837542e-01 9.137126e-01 3.624412e-01 2.277323e-01 -3.069695e-01 -2.969384e-01 9.042109e-01 4.360770e+00
3.778094e-01 -2.049528e-01 9.029144e-01 5.253502e-01 7.661960e-01 6.167020e-01 -1.806165e-01 4.526396e-01 -5.198113e-01 7.600480e-01 3.900298e-01 5.814717e+00
7.196522e-01 2.615399e-01 6.431933e-01 -3.165304e+00 -1.771700e-01 9.648496e-01 -1.941032e-01 6.657065e-01 -6.713505e-01 2.573225e-02 7.406931e-01 7.373129e+00
3.502746e-01 -6.280124e-01 6.949159e-01 -6.483963e+00 4.505648e-01 7.634140e-01 4.628071e-01 8.547638e-01 -8.211572e-01 1.509950e-01 5.503648e-01 8.897748e+00
9.203498e-01 -1.504332e-01 3.610070e-01 -1.058528e+01 3.106678e-01 8.419300e-01 -4.411796e-01 1.094344e+00 -2.375746e-01 5.181928e-01 8.216049e-01 1.096058e+01
9.886573e-01 -1.424829e-01 -4.749089e-02 -1.503683e+01 1.497094e-01 9.096789e-01 3.873905e-01 1.368358e+00 -1.199508e-02 -3.901063e-01 9.206917e-01 1.400731e+01
9.529569e-01 -2.979901e-01 -5.545245e-02 -1.910748e+01 2.096850e-01 7.802246e-01 -5.893062e-01 1.621474e+00 2.188728e-01 5.499559e-01 8.060045e-01 1.714244e+01
7.640266e-01 -1.077058e-01 6.361311e-01 -2.251997e+01 -9.910788e-02 9.546728e-01 2.806731e-01 1.825426e+00 -6.375272e-01 -2.774873e-01 7.187210e-01 1.968765e+01
-3.769159e-02 -2.448708e-01 -9.688228e-01 -2.572334e+01 -2.071035e-01 9.503758e-01 -2.321510e-01 2.034361e+00 9.775927e-01 1.918964e-01 -8.653475e-02 2.207704e+01
1.914046e-01 -6.978449e-02 9.790273e-01 -2.834272e+01 3.008138e-02 9.974178e-01 6.521430e-02 2.201134e+00 -9.810501e-01 1.696818e-02 1.930096e-01 2.367647e+01
5.273413e-01 -3.111344e-01 -7.906368e-01 -3.107584e+01 3.224522e-01 9.342103e-01 -1.525639e-01 2.368443e+00 7.860889e-01 -1.744893e-01 5.929736e-01 2.499821e+01
-5.503341e-01 6.549577e-01 5.178443e-01 -3.449746e+01 7.120935e-01 6.920161e-01 -1.184756e-01 2.568815e+00 -4.359531e-01 3.035524e-01 -8.472313e-01 2.609215e+01
8.722768e-01 3.577826e-01 -3.333539e-01 -3.684274e+01 -2.809689e-02 7.172301e-01 6.962698e-01 2.696461e+00 4.882046e-01 -5.979737e-01 6.356757e-01 2.680195e+01
-6.311378e-01 6.300529e-02 7.731076e-01 -3.793940e+01 7.430328e-01 3.351850e-01 5.792696e-01 2.740530e+00 -2.226371e-01 9.400433e-01 -2.583630e-01 2.730193e+01
7.052492e-01 5.971727e-01 -3.821102e-01 -3.900314e+01 -6.807348e-01 7.209612e-01 -1.296730e-01 2.782005e+00 1.980495e-01 3.515675e-01 9.149736e-01 2.771043e+01
7.041460e-01 -5.730597e-01 -4.192624e-01 -3.934228e+01 6.796585e-01 7.148767e-01 1.643644e-01 2.781341e+00 2.055303e-01 -4.006918e-01 8.928625e-01 2.929319e+01
4.502325e-01 5.198137e-01 7.260058e-01 -4.023363e+01 2.116202e-01 7.277931e-01 -6.523297e-01 2.811471e+00 -8.674719e-01 4.473376e-01 2.176730e-01 3.085194e+01
6.337396e-01 -2.285899e-01 7.389999e-01 -4.103909e+01 -2.711369e-01 8.290895e-01 4.889739e-01 2.846754e+00 -7.244715e-01 -5.102522e-01 4.634476e-01 3.052597e+01
5.421558e-01 -6.528387e-01 5.290262e-01 -4.161285e+01 8.262610e-01 5.287077e-01 -1.943219e-01 2.878180e+00 -1.528394e-01 5.424664e-01 8.260571e-01 3.023755e+01
2.082815e-01 9.084212e-01 -3.624771e-01 -4.186400e+01 -8.471953e-02 3.859684e-01 9.186136e-01 2.891506e+00 9.743928e-01 -1.606214e-01 1.573511e-01 3.044485e+01
9.312868e-01 -1.021168e-01 3.496815e-01 -4.207022e+01 3.416514e-01 5.779286e-01 -7.411295e-01 2.899388e+00 -1.264092e-01 8.096732e-01 5.731056e-01 3.096122e+01
7.352714e-01 4.468663e-01 -5.095944e-01 -4.216785e+01 2.743864e-01 4.912440e-01 8.266749e-01 2.898871e+00 6.197483e-01 -7.476562e-01 2.385837e-01 3.121320e+01
6.117675e-01 2.263223e-01 7.579701e-01 -4.202165e+01 5.962738e-01 4.977130e-01 -6.298724e-01 2.883761e+00 -5.198058e-01 8.372932e-01 1.695346e-01 3.124290e+01
8.234711e-01 5.443101e-01 -1.600684e-01 -4.190087e+01 -1.291682e-01 4.545808e-01 8.812899e-01 2.864009e+00 5.524590e-01 -7.050410e-01 4.446417e-01 3.151249e+01
5.064317e-01 -3.641785e-01 7.816015e-01 -4.151392e+01 7.055218e-01 6.961386e-01 -1.327785e-01 2.785375e+00 -4.957479e-01 6.186801e-01 6.094825e-01 3.431138e+01
6.009022e-01 7.980930e-01 4.431813e-02 -4.121847e+01 -5.847551e-01 4.011212e-01 7.050981e-01 2.721714e+00 5.449569e-01 -4.496102e-01 7.077235e-01 3.697675e+01
1.283644e-01 -5.964426e-01 7.923249e-01 -4.083384e+01 9.381673e-01 3.320344e-01 9.795503e-02 2.703400e+00 -3.215037e-01 7.307594e-01 6.021844e-01 3.679561e+01
4.955964e-01 8.531370e-01 -1.629154e-01 -4.066767e+01 -8.546018e-01 5.124648e-01 8.387844e-02 2.699215e+00 1.550482e-01 9.765792e-02 9.830681e-01 3.616781e+01
9.971398e-02 -8.739104e-01 4.757497e-01 -4.056828e+01 6.691309e-01 4.127666e-01 6.179705e-01 2.697475e+00 -7.364244e-01 2.567185e-01 6.259191e-01 3.554427e+01
5.547919e-01 6.644368e-01 -5.007292e-01 -4.043134e+01 -8.271429e-01 5.053481e-01 -2.458820e-01 2.675853e+00 8.966954e-02 5.505880e-01 8.299471e-01 3.580813e+01
3.876710e-01 -9.093920e-01 1.507228e-01 -4.034527e+01 2.185192e-01 2.495124e-01 9.433944e-01 2.632944e+00 -8.955225e-01 -3.327908e-01 2.954483e-01 3.767374e+01
-3.939411e-01 3.507631e-01 -8.495738e-01 -4.091640e+01 -8.812626e-01 1.184557e-01 4.575417e-01 2.668753e+00 2.611256e-01 9.289422e-01 2.624498e-01 3.779704e+01
-2.340626e-01 -9.370141e-01 2.592667e-01 -4.084913e+01 5.570596e-01 8.930337e-02 8.256570e-01 2.654783e+00 -7.968057e-01 3.376824e-01 5.010701e-01 3.835604e+01
1.644043e-01 6.029824e-01 -7.806302e-01 -4.051113e+01 -9.860319e-01 1.218763e-01 -1.135219e-01 2.631521e+00 2.668857e-02 7.883897e-01 6.145969e-01 3.845483e+01
-1.105203e-02 -9.923832e-01 1.226928e-01 -4.019098e+01 2.606994e-02 1.223727e-01 9.921418e-01 2.617350e+00 -9.995990e-01 1.416377e-02 2.451890e-02 3.817320e+01
2.344140e-01 9.787185e-02 -9.671976e-01 -3.995079e+01 -9.640590e-01 1.513961e-01 -2.183334e-01 2.598582e+00 1.250613e-01 9.836159e-01 1.298436e-01 3.839461e+01
1.134643e-01 -9.707409e-01 2.116316e-01 -3.993730e+01 -2.063414e-01 1.853390e-01 9.607667e-01 2.596861e+00 -9.718792e-01 -1.526811e-01 -1.792747e-01 3.813406e+01
4.574008e-01 -3.211311e-01 -8.292523e-01 -3.983336e+01 -7.999946e-01 2.586145e-01 -5.414123e-01 2.600745e+00 3.883210e-01 9.110397e-01 -1.386126e-01 3.723560e+01
3.272402e-01 -7.931892e-01 5.135803e-01 -3.974978e+01 -4.133873e-01 3.685680e-01 8.326275e-01 2.613572e+00 -8.497204e-01 -4.847768e-01 -2.072841e-01 3.600450e+01
3.425845e-01 -4.405946e-01 -8.297664e-01 -3.974106e+01 -7.498207e-01 4.039094e-01 -5.240478e-01 2.616343e+00 5.660430e-01 8.017067e-01 -1.919939e-01 3.549996e+01
7.734827e-02 -7.175543e-01 6.921944e-01 -3.952758e+01 -6.272729e-01 5.046197e-01 5.932011e-01 2.616966e+00 -7.749490e-01 -4.800779e-01 -4.110709e-01 3.458933e+01
1.882113e-01 -7.107485e-01 -6.778002e-01 -3.929896e+01 -5.431499e-01 4.996653e-01 -6.747761e-01 2.624057e+00 8.182693e-01 4.951476e-01 -2.920003e-01 3.343641e+01
-1.068579e-01 -4.711061e-01 8.755801e-01 -3.908224e+01 -7.717977e-01 5.944771e-01 2.256665e-01 2.626888e+00 -6.268251e-01 -6.516564e-01 -4.271231e-01 3.247129e+01
-1.534993e-01 -8.089458e-01 -5.674898e-01 -3.902801e+01 -4.378382e-01 5.705228e-01 -6.948392e-01 2.641130e+00 8.858531e-01 1.418114e-01 -4.417622e-01 3.126606e+01
-2.021624e-01 -3.693547e-01 9.070322e-01 -3.886624e+01 -7.891016e-01 6.099681e-01 7.250895e-02 2.650381e+00 -5.800423e-01 -7.010820e-01 -4.147710e-01 3.014786e+01
-2.635708e-02 -8.012493e-01 -5.977498e-01 -3.838534e+01 -1.161433e-01 5.963625e-01 -7.942685e-01 2.638296e+00 9.928827e-01 4.849004e-02 -1.087781e-01 2.957317e+01
-5.340065e-01 3.924183e-02 8.445692e-01 -3.813117e+01 -6.064397e-01 6.782643e-01 -4.149560e-01 2.639548e+00 -5.891248e-01 -7.337695e-01 -3.383997e-01 2.853329e+01
-5.134394e-01 -6.173610e-01 -5.960247e-01 -3.800299e+01 1.712011e-01 6.069083e-01 -7.761137e-01 2.648903e+00 8.408746e-01 -5.005274e-01 -2.059177e-01 2.740883e+01
-4.955816e-01 2.718913e-01 8.249085e-01 -3.795889e+01 -5.774301e-01 6.063311e-01 -5.467514e-01 2.665300e+00 -6.488246e-01 -7.472869e-01 -1.434883e-01 2.616919e+01
-5.392860e-01 -5.830357e-01 -6.076512e-01 -3.791994e+01 2.729793e-01 5.615785e-01 -7.810966e-01 2.676887e+00 7.966510e-01 -5.871107e-01 -1.436948e-01 2.520415e+01
-1.143907e-01 2.008040e-01 9.729299e-01 -3.780880e+01 -8.230132e-01 5.293453e-01 -2.060166e-01 2.682774e+00 -5.563848e-01 -8.243005e-01 1.047121e-01 2.486627e+01
-1.861298e-01 -7.968929e-01 -5.747325e-01 -3.728645e+01 -5.997683e-02 5.930790e-01 -8.029073e-01 2.669372e+00 9.806929e-01 -1.149743e-01 -1.581848e-01 2.463040e+01
8.703560e-01 -1.094403e-01 4.801075e-01 -3.746299e+01 -4.092821e-01 3.813521e-01 8.288901e-01 2.696939e+00 -2.738039e-01 -9.179289e-01 2.871201e-01 2.460407e+01
-9.477241e-02 -2.122087e-01 -9.726179e-01 -3.803169e+01 -9.516722e-01 3.060161e-01 2.596395e-02 2.748433e+00 2.921270e-01 9.280741e-01 -2.309550e-01 2.476006e+01
3.337160e-01 -9.423745e-01 2.374696e-02 -3.847348e+01 7.914639e-01 2.937814e-01 5.359826e-01 2.790306e+00 -5.120728e-01 -1.600711e-01 8.438950e-01 2.484214e+01
-5.920855e-01 8.028316e-01 6.997299e-02 -3.818615e+01 1.530653e-01 2.678610e-02 9.878530e-01 2.837070e+00 7.912053e-01 5.956039e-01 -1.387453e-01 2.376197e+01
9.900342e-01 1.405871e-01 -8.221485e-03 -3.850692e+01 -5.481894e-02 3.309517e-01 -9.420540e-01 2.938214e+00 -1.297197e-01 9.331164e-01 3.353604e-01 2.258731e+01
-7.464547e-01 8.439266e-02 -6.600631e-01 -3.950089e+01 5.928177e-01 5.349254e-01 -6.020149e-01 3.079625e+00 3.022789e-01 -8.406739e-01 -4.493271e-01 2.198531e+01
4.069658e-01 4.395643e-01 8.007260e-01 -3.928741e+01 -8.649773e-01 4.671932e-01 1.831522e-01 3.123497e+00 -2.935866e-01 -7.671465e-01 5.703448e-01 2.113701e+01
-4.902993e-01 -7.577945e-01 -4.305278e-01 -3.893427e+01 -8.671142e-01 4.739289e-01 1.533113e-01 3.186616e+00 8.786107e-02 4.484852e-01 -8.894613e-01 1.969131e+01
3.976355e-01 -9.148889e-01 6.974409e-02 -3.892971e+01 8.408986e-01 3.937787e-01 3.712518e-01 3.294769e+00 -3.671179e-01 -8.897522e-02 9.259092e-01 1.802640e+01
-5.252750e-01 8.498706e-01 4.250003e-02 -3.880629e+01 3.648073e-01 1.797895e-01 9.135597e-01 3.368180e+00 7.687664e-01 4.953744e-01 -4.044779e-01 1.681260e+01
9.410490e-01 3.121297e-01 1.303915e-01 -3.822938e+01 -2.205644e-02 4.412631e-01 -8.971067e-01 3.427220e+00 -3.375506e-01 8.413454e-01 4.221346e-01 1.514731e+01
-8.989098e-01 1.263135e-01 -4.195308e-01 -3.781758e+01 3.990645e-01 6.313048e-01 -6.649826e-01 3.523440e+00 1.808555e-01 -7.651792e-01 -6.178933e-01 1.306282e+01
7.475205e-01 2.202433e-01 6.266626e-01 -3.762590e+01 -6.362344e-01 5.084569e-01 5.802390e-01 3.622038e+00 -1.908371e-01 -8.324449e-01 5.202083e-01 1.122897e+01
-7.078772e-01 -4.869233e-01 -5.116792e-01 -3.631369e+01 -7.023336e-01 4.082176e-01 5.831688e-01 3.705688e+00 -7.508199e-02 7.721814e-01 -6.309506e-01 8.182807e+00
1.586209e-01 -8.592619e-01 4.863213e-01 -3.527593e+01 8.433677e-01 3.740323e-01 3.857860e-01 3.730929e+00 -5.133910e-01 3.489539e-01 7.840031e-01 6.938021e+00
-4.610270e-01 8.873679e-01 5.694317e-03 -3.467083e+01 2.265960e-01 1.115176e-01 9.675836e-01 3.740943e+00 8.579676e-01 4.473724e-01 -2.524867e-01 6.324290e+00
9.688748e-01 2.056946e-01 1.377362e-01 -3.412393e+01 5.403127e-02 3.672666e-01 -9.285450e-01 3.787313e+00 -2.415826e-01 9.070860e-01 3.447214e-01 5.055703e+00
-7.161074e-01 2.605649e-01 -6.475307e-01 -3.328596e+01 6.730529e-01 5.035372e-01 -5.417103e-01 3.839023e+00 1.849051e-01 -8.237453e-01 -5.359607e-01 3.181559e+00
6.254659e-01 5.192134e-01 5.824172e-01 -3.233435e+01 -7.802059e-01 4.242537e-01 4.596602e-01 3.907787e+00 -8.430955e-03 -7.419072e-01 6.704496e-01 8.005602e-01
-4.541854e-01 -6.166231e-01 -6.430331e-01 -3.138676e+01 -8.821382e-01 4.122799e-01 2.277223e-01 3.981539e+00 1.246908e-01 6.706722e-01 -7.311984e-01 -1.676578e+00
3.506982e-01 -9.356702e-01 3.914289e-02 -3.008916e+01 9.162854e-01 3.514677e-01 1.920714e-01 4.032475e+00 -1.934730e-01 -3.149303e-02 9.806000e-01 -3.854640e+00
-3.312535e-01 9.338413e-01 1.349501e-01 -2.886838e+01 6.097660e-01 1.027266e-01 7.858961e-01 4.090581e+00 7.200392e-01 3.426189e-01 -6.034532e-01 -6.118594e+00
7.660999e-01 6.291192e-01 -1.315292e-01 -2.797072e+01 -4.381402e-01 3.614689e-01 -8.230270e-01 4.178892e+00 -4.702384e-01 6.881491e-01 5.525637e-01 -8.720171e+00
-8.389911e-01 -3.192454e-01 -4.406545e-01 -2.695273e+01 1.887348e-01 5.888111e-01 -7.859266e-01 4.233410e+00 5.103657e-01 -7.425523e-01 -4.337545e-01 -1.067205e+01
5.131156e-01 -1.610246e-02 8.581684e-01 -2.613438e+01 -7.688098e-01 4.359277e-01 4.678660e-01 4.244815e+00 -3.816332e-01 -8.998376e-01 2.113016e-01 -1.150919e+01
-4.504918e-01 -6.258681e-01 -6.366681e-01 -2.537818e+01 -8.887824e-01 3.818100e-01 2.535489e-01 4.265295e+00 8.439804e-02 6.800810e-01 -7.282628e-01 -1.257931e+01
2.870274e-01 -9.553707e-01 6.987214e-02 -2.434088e+01 9.341684e-01 2.953072e-01 2.003072e-01 4.318122e+00 -2.120014e-01 7.778688e-03 9.772384e-01 -1.476555e+01
-3.090993e-01 9.317370e-01 1.905878e-01 -2.324924e+01 6.806503e-01 7.677179e-02 7.285748e-01 4.392669e+00 6.642083e-01 3.549256e-01 -6.579172e-01 -1.742638e+01
7.085144e-01 6.952167e-01 -1.211656e-01 -2.200676e+01 -4.650109e-01 3.307853e-01 -8.211857e-01 4.482292e+00 -5.308222e-01 6.381652e-01 5.576495e-01 -2.057380e+01
-8.917288e-01 -3.776632e-01 -2.493796e-01 -2.105680e+01 -7.985387e-03 5.640740e-01 -8.256856e-01 4.561344e+00 4.524996e-01 -7.342963e-01 -5.060168e-01 -2.308921e+01
7.150945e-01 -1.438068e-01 6.840756e-01 -2.054053e+01 -6.036291e-01 3.664811e-01 7.080420e-01 4.608738e+00 -3.525220e-01 -9.192449e-01 1.752626e-01 -2.418915e+01
3.501858e-01 -4.306974e-01 -8.317871e-01 -1.997519e+01 -7.455606e-01 4.093937e-01 -5.258671e-01 4.598389e+00 5.670179e-01 8.042988e-01 -1.777471e-01 -2.423815e+01
6.631269e-01 -7.468695e-01 4.948390e-02 -1.948033e+01 1.919359e-01 2.335701e-01 9.532081e-01 4.590239e+00 -7.234800e-01 -6.226002e-01 2.982377e-01 -2.421078e+01
-3.029423e-01 3.502862e-01 -8.862988e-01 -1.901775e+01 -9.285376e-01 1.009081e-01 3.572611e-01 4.592896e+00 2.145784e-01 9.311912e-01 2.946846e-01 -2.446187e+01
-1.154693e-02 -9.801399e-01 1.979708e-01 -1.870344e+01 9.082174e-01 7.254978e-02 4.121622e-01 4.593491e+00 -4.183394e-01 1.845597e-01 8.893424e-01 -2.452094e+01
-4.029612e-01 9.151291e-01 -1.268612e-02 -1.842781e+01 -3.187326e-01 -1.273278e-01 9.392535e-01 4.601595e+00 8.579230e-01 3.825262e-01 3.429897e-01 -2.476628e+01
2.540510e-01 -4.512965e-01 8.554470e-01 -1.806482e+01 9.578582e-01 -5.174378e-03 -2.871949e-01 4.595859e+00 1.340365e-01 8.923591e-01 4.309635e-01 -2.470536e+01
2.245120e-01 9.399585e-01 2.570455e-01 -1.771802e+01 -3.130172e-01 -1.802376e-01 9.324884e-01 4.573955e+00 9.228297e-01 -2.898145e-01 2.537577e-01 -2.418301e+01
5.397069e-01 -4.398748e-01 7.177929e-01 -1.716936e+01 7.837734e-01 -4.866103e-02 -6.191377e-01 4.555008e+00 3.072716e-01 8.967398e-01 3.184995e-01 -2.396156e+01
3.972678e-01 8.742739e-01 -2.789684e-01 -1.656324e+01 7.809974e-01 -1.624640e-01 6.030328e-01 4.562833e+00 4.818935e-01 -4.574391e-01 -7.473473e-01 -2.462544e+01
5.577824e-01 7.864839e-01 2.651827e-01 -1.633519e+01 3.724142e-01 4.837550e-02 -9.268050e-01 4.555344e+00 -7.417455e-01 6.157133e-01 -2.659148e-01 -2.434979e+01
6.216523e-01 5.033312e-01 -6.001718e-01 -1.629081e+01 7.234291e-01 -7.515069e-02 6.862963e-01 4.530557e+00 3.003310e-01 -8.608194e-01 -4.108421e-01 -2.331385e+01
6.047434e-01 6.583212e-01 4.482172e-01 -1.617587e+01 5.251638e-01 9.347418e-02 -8.458520e-01 4.505924e+00 -5.987390e-01 7.469108e-01 -2.891986e-01 -2.244723e+01
4.985851e-01 6.638222e-01 -5.574523e-01 -1.611897e+01 7.529287e-01 -1.297003e-02 6.579743e-01 4.483243e+00 4.295477e-01 -7.477780e-01 -5.062774e-01 -2.157270e+01
5.558431e-01 7.033243e-01 4.431403e-01 -1.587139e+01 4.428085e-01 2.006448e-01 -8.738777e-01 4.457093e+00 -7.035333e-01 6.819652e-01 -1.999110e-01 -2.079655e+01
3.400755e-01 6.202473e-01 -7.068536e-01 -1.576557e+01 8.450898e-01 1.281564e-01 5.190367e-01 4.434961e+00 4.125190e-01 -7.738664e-01 -4.805818e-01 -2.000423e+01
4.914320e-01 8.257093e-01 2.769454e-01 -1.569738e+01 -5.716522e-02 3.478897e-01 -9.357910e-01 4.431188e+00 -8.690378e-01 4.440460e-01 2.181660e-01 -1.956879e+01
-9.607792e-01 3.217402e-02 -2.754419e-01 -1.537379e+01 2.438855e-01 5.708018e-01 -7.840314e-01 4.467830e+00 1.319973e-01 -8.204573e-01 -5.562612e-01 -2.047938e+01
3.476355e-01 5.443254e-02 9.360484e-01 -1.513885e+01 -8.266758e-01 4.888723e-01 2.785874e-01 4.515212e+00 -4.424439e-01 -8.706555e-01 2.149474e-01 -2.134259e+01
-2.814560e-01 -7.301387e-01 -6.226396e-01 -1.500170e+01 -8.490298e-01 4.918447e-01 -1.929694e-01 4.532576e+00 4.471364e-01 4.743272e-01 -7.583421e-01 -2.145505e+01
4.287190e-01 -8.933898e-01 1.343677e-01 -1.502945e+01 3.366042e-01 2.959769e-01 8.939213e-01 4.558735e+00 -8.383899e-01 -3.380123e-01 4.276097e-01 -2.153804e+01
-9.312645e-01 3.643070e-01 -5.176619e-03 -1.526050e+01 -1.149696e-02 -1.518234e-02 9.998186e-01 4.614737e+00 3.641623e-01 9.311552e-01 1.832720e-02 -2.198965e+01
8.227493e-01 -1.739409e-01 5.411360e-01 -1.446515e+01 5.670209e-01 1.847755e-01 -8.027112e-01 4.671763e+00 3.963564e-02 9.672655e-01 2.506521e-01 -2.395716e+01
-3.749001e-01 7.389568e-01 -5.598149e-01 -1.380167e+01 9.244990e-01 2.531039e-01 -2.850263e-01 4.726325e+00 -6.893078e-02 -6.244047e-01 -7.780535e-01 -2.568173e+01
1.327120e-01 7.950464e-01 5.918519e-01 -1.292217e+01 -9.009189e-01 3.456986e-01 -2.623691e-01 4.770925e+00 -4.131980e-01 -4.983911e-01 7.621508e-01 -2.743030e+01
-4.392690e-01 -8.853302e-01 -1.524242e-01 -1.218455e+01 -8.136588e-01 4.640055e-01 -3.502259e-01 4.818822e+00 3.807913e-01 -2.982208e-02 -9.241800e-01 -2.911581e+01
5.348339e-01 -8.446334e-01 2.339226e-02 -1.169185e+01 3.597042e-01 2.526459e-01 8.982110e-01 4.872436e+00 -7.645689e-01 -4.719794e-01 4.389417e-01 -3.060271e+01
-6.938345e-01 4.548885e-01 -5.582743e-01 -1.090852e+01 -6.275883e-01 -1.762092e-03 7.785434e-01 4.881752e+00 3.531667e-01 8.905467e-01 2.867053e-01 -3.138678e+01
-1.057022e-01 -7.777234e-01 6.196558e-01 -1.012217e+01 9.690608e-01 5.920766e-02 2.396154e-01 4.869961e+00 -2.230428e-01 6.258121e-01 7.474029e-01 -3.163537e+01
-2.929688e-01 9.557292e-01 -2.740509e-02 -9.659656e+00 -3.690521e-01 -8.659466e-02 9.253658e-01 4.859940e+00 8.820260e-01 2.812173e-01 3.780834e-01 -3.185931e+01
5.739453e-01 -4.716104e-01 6.694553e-01 -9.539478e+00 7.810301e-01 6.954596e-02 -6.206089e-01 4.869372e+00 2.461277e-01 8.790603e-01 4.082575e-01 -3.203475e+01
3.929978e-01 8.729834e-01 -2.888817e-01 -9.657117e+00 6.200713e-01 -1.960701e-02 7.843005e-01 4.898720e+00 6.790172e-01 -4.873556e-01 -5.490174e-01 -3.208556e+01
7.107843e-01 6.970370e-01 9.447231e-02 -9.316914e+00 -5.565223e-02 1.896113e-01 -9.802808e-01 4.910171e+00 -7.012050e-01 6.915106e-01 1.735644e-01 -3.236456e+01
-3.569716e-02 1.009450e-01 -9.942514e-01 -9.658398e+00 9.685226e-01 2.487437e-01 -9.518804e-03 4.934519e+00 2.463529e-01 -9.632947e-01 -1.066469e-01 -3.205160e+01
9.970626e-02 9.466877e-01 3.063349e-01 -1.012651e+01 -6.156821e-01 3.005526e-01 -7.284254e-01 4.965292e+00 -7.816612e-01 -1.159763e-01 6.128257e-01 -3.163773e+01
-3.543251e-01 -5.377552e-01 -7.650314e-01 -1.007376e+01 6.444355e-01 4.523999e-01 -6.164716e-01 4.970824e+00 6.776109e-01 -7.114448e-01 1.862519e-01 -3.139224e+01
2.027808e-01 4.881538e-01 8.488733e-01 -1.023448e+01 -8.987384e-01 4.369564e-01 -3.658385e-02 4.983284e+00 -3.887792e-01 -7.554965e-01 5.273289e-01 -3.109119e+01
-9.965553e-02 -8.507480e-01 -5.160393e-01 -1.065058e+01 -3.684708e-01 5.133034e-01 -7.750799e-01 5.018653e+00 9.242824e-01 1.129044e-01 -3.646294e-01 -3.084527e+01
9.071924e-01 -3.549982e-01 2.257837e-01 -1.201371e+01 -1.013438e-01 3.364696e-01 9.362252e-01 5.117140e+00 -4.083276e-01 -8.722181e-01 2.692658e-01 -3.006873e+01
-4.739682e-01 2.624545e-02 -8.801507e-01 -1.340045e+01 -8.686857e-01 1.495392e-01 4.722533e-01 5.225152e+00 1.440115e-01 9.884074e-01 -4.807777e-02 -2.959281e+01
3.413048e-01 -9.285108e-01 1.462147e-01 -1.494634e+01 9.162344e-01 2.939186e-01 -2.722616e-01 5.346256e+00 2.098226e-01 2.268911e-01 9.510494e-01 -2.887151e+01
6.721024e-02 9.806201e-01 -1.840300e-01 -1.628991e+01 1.694039e-01 1.705533e-01 9.706770e-01 5.450546e+00 9.832523e-01 -9.641483e-02 -1.546579e-01 -2.809942e+01
2.072736e-01 1.490076e-01 9.668683e-01 -1.687936e+01 9.534181e-01 1.906438e-01 -2.337710e-01 5.481555e+00 -2.191611e-01 9.702843e-01 -1.025511e-01 -2.733108e+01
1.314230e-01 9.464268e-01 -2.949650e-01 -1.781965e+01 4.358921e-01 2.120681e-01 8.746572e-01 5.539268e+00 8.903516e-01 -2.435230e-01 -3.846694e-01 -2.656227e+01
7.418327e-01 4.062864e-01 5.334938e-01 -1.883101e+01 3.804092e-01 4.002022e-01 -8.337428e-01 5.600514e+00 -5.522438e-01 8.214436e-01 1.423280e-01 -2.558187e+01
-7.802114e-01 4.527806e-01 -4.315785e-01 -2.065250e+01 6.243211e-01 6.063041e-01 -4.925633e-01 5.737249e+00 3.864472e-02 -6.537470e-01 -7.557258e-01 -2.422704e+01
1.106247e-01 3.782586e-01 9.190662e-01 -2.194193e+01 -7.669983e-01 6.205768e-01 -1.630890e-01 5.830704e+00 -6.320409e-01 -6.868806e-01 3.587748e-01 -2.313298e+01
-5.859884e-01 -7.850081e-01 -2.009474e-01 -2.349019e+01 -7.924740e-01 6.069398e-01 -6.007575e-02 5.943814e+00 1.691229e-01 1.240419e-01 -9.777582e-01 -2.188717e+01
4.143020e-01 -8.849913e-01 2.124718e-01 -2.558630e+01 4.115829e-01 3.903940e-01 8.235241e-01 6.100722e+00 -8.117594e-01 -2.537379e-01 5.259883e-01 -2.041757e+01
-9.261477e-01 3.118176e-01 2.121797e-01 -2.823605e+01 2.678338e-01 1.476527e-01 9.520839e-01 6.307500e+00 2.655476e-01 9.385992e-01 -2.202635e-01 -1.873146e+01
5.796911e-01 5.846687e-02 8.127360e-01 -3.010130e+01 7.457933e-01 3.637378e-01 -5.581103e-01 6.448373e+00 -3.282538e-01 9.296647e-01 1.672514e-01 -1.742516e+01
-5.722128e-01 8.144525e-01 -9.612334e-02 -3.214646e+01 7.883536e-01 5.139692e-01 -3.381334e-01 6.602856e+00 -2.259892e-01 -2.692634e-01 -9.361763e-01 -1.601139e+01
-1.733330e-01 5.909407e-01 7.878736e-01 -3.354847e+01 -5.082286e-01 6.315668e-01 -5.855144e-01 6.708966e+00 -8.435990e-01 -5.019089e-01 1.908616e-01 -1.471478e+01
-8.252093e-01 -5.541877e-01 -1.091129e-01 -3.446285e+01 -4.666946e-01 7.778103e-01 -4.209600e-01 6.767949e+00 3.181600e-01 -2.964577e-01 -9.004927e-01 -1.369638e+01
2.385000e-02 -5.984268e-01 8.008224e-01 -3.544043e+01 -6.082828e-01 6.270170e-01 4.866639e-01 6.836308e+00 -7.933620e-01 -4.987334e-01 -3.490584e-01 -1.285094e+01
-7.534905e-01 -6.184623e-01 -2.230613e-01 -3.674271e+01 -5.513469e-01 4.095808e-01 7.268151e-01 6.927238e+00 -3.581462e-01 6.706325e-01 -6.496025e-01 -1.173157e+01
-1.464343e-01 -7.729172e-01 6.173784e-01 -3.828460e+01 7.609262e-01 3.107851e-01 5.695646e-01 7.041456e+00 -6.320983e-01 5.531832e-01 5.426233e-01 -1.064492e+01
-7.417487e-01 6.706767e-01 1.306250e-03 -3.920637e+01 1.773328e-01 1.942458e-01 9.647910e-01 7.105289e+00 6.468091e-01 7.158641e-01 -2.630145e-01 -9.731591e+00
-1.274458e-01 7.773747e-02 9.887944e-01 -3.981652e+01 9.565106e-01 2.733596e-01 1.017936e-01 7.143784e+00 -2.623833e-01 9.587656e-01 -1.091952e-01 -9.057865e+00
-3.021892e-01 9.410371e-01 -1.520887e-01 -4.024138e+01 3.776988e-01 2.646901e-01 8.872896e-01 7.171110e+00 8.752287e-01 2.106856e-01 -4.354151e-01 -8.455433e+00
-3.143404e-01 2.995282e-01 9.008180e-01 -4.043562e+01 9.288256e-01 2.931056e-01 2.266540e-01 7.176483e+00 -1.961456e-01 9.079493e-01 -3.703444e-01 -7.709271e+00
-4.086038e-01 9.062820e-01 -1.081478e-01 -4.073957e+01 3.974784e-01 2.833543e-01 8.727665e-01 7.190311e+00 8.216166e-01 3.136293e-01 -4.760071e-01 -6.882277e+00
6.755085e-01 2.387446e-01 6.976311e-01 -4.167659e+01 5.049411e-01 5.396911e-01 -6.736230e-01 7.249176e+00 -5.373292e-01 8.073008e-01 2.440140e-01 -5.822470e+00
-6.323220e-01 5.743169e-01 -5.199317e-01 -4.308307e+01 7.265533e-01 6.725480e-01 -1.407106e-01 7.351977e+00 2.688665e-01 -4.667325e-01 -8.425388e-01 -4.723382e+00
-5.608887e-01 5.864230e-01 5.843902e-01 -4.319479e+01 2.014447e-01 7.813343e-01 -5.907087e-01 7.357130e+00 -8.030093e-01 -2.135995e-01 -5.563734e-01 -4.008671e+00
-4.589000e-01 2.767669e-01 -8.442813e-01 -4.221532e+01 4.601167e-01 8.869271e-01 4.065525e-02 7.315408e+00 7.600680e-01 -3.698113e-01 -5.343559e-01 -3.694358e+00
-3.154708e-01 2.109747e-01 9.251853e-01 -4.163746e+01 1.668988e-02 9.760548e-01 -2.168837e-01 7.287049e+00 -9.487885e-01 -5.297925e-02 -3.114379e-01 -3.263107e+00
-9.602113e-01 -1.536083e-01 2.332354e-01 -4.220557e+01 -1.354968e-01 9.865081e-01 9.188297e-02 7.330583e+00 -2.442026e-01 5.662442e-02 -9.680696e-01 -2.808529e+00
-2.228365e-01 -4.098832e-01 8.844997e-01 -4.285615e+01 -6.545059e-02 9.115565e-01 4.059322e-01 7.390398e+00 -9.726562e-01 3.256549e-02 -2.299552e-01 -2.518017e+00
-9.709241e-01 -2.200356e-01 9.429052e-02 -4.307946e+01 -1.086654e-01 7.560679e-01 6.454093e-01 7.435797e+00 -2.133031e-01 6.163973e-01 -7.579948e-01 -2.219020e+00
-5.924990e-01 -3.099587e-01 7.435527e-01 -4.344851e+01 3.982529e-01 6.896239e-01 6.048251e-01 7.462674e+00 -7.002425e-01 6.544803e-01 -2.851595e-01 -1.640588e+00
-8.689290e-01 3.761776e-01 -3.216407e-01 -4.266166e+01 -5.410369e-02 5.737732e-01 8.172252e-01 7.446130e+00 4.919706e-01 7.275127e-01 -4.782156e-01 -1.972642e+00
-9.516148e-01 -1.582102e-02 3.068859e-01 -4.092162e+01 2.343915e-01 6.084522e-01 7.581864e-01 7.431000e+00 -1.987207e-01 7.934328e-01 -5.753038e-01 -3.680286e+00
-7.401288e-01 1.678738e-01 -6.511741e-01 -3.839249e+01 -4.233889e-01 6.359861e-01 6.451849e-01 7.387069e+00 5.224474e-01 7.532198e-01 -3.996357e-01 -4.912844e+00
-8.225257e-01 -5.673203e-01 -3.998844e-02 -3.605824e+01 -3.624897e-01 4.687755e-01 8.055127e-01 7.314171e+00 -4.382382e-01 6.770503e-01 -5.912277e-01 -4.928359e+00
-7.501170e-01 -6.400842e-01 1.661829e-01 -3.440158e+01 1.247459e-01 1.098255e-01 9.860917e-01 7.276832e+00 -6.494328e-01 7.604148e-01 -2.534114e-03 -4.998368e+00
-5.256185e-01 -2.992299e-01 7.963584e-01 -3.354045e+01 8.422373e-01 -5.116879e-02 5.366732e-01 7.282415e+00 -1.198400e-01 9.528081e-01 2.789178e-01 -5.071232e+00
-2.228921e-01 6.186146e-01 7.534156e-01 -3.386502e+01 9.514367e-01 -3.029546e-02 3.063501e-01 7.331092e+00 2.123377e-01 7.851103e-01 -5.818201e-01 -4.846957e+00
2.547796e-01 8.852751e-01 3.890698e-01 -3.393351e+01 5.235559e-01 2.119882e-01 -8.251971e-01 7.393331e+00 -8.130046e-01 4.139432e-01 -4.094807e-01 -5.507313e+00
-7.880177e-01 4.551746e-01 4.145410e-01 -3.327470e+01 -1.897776e-01 4.609548e-01 -8.668939e-01 7.458654e+00 -5.856728e-01 -7.617983e-01 -2.768586e-01 -7.368520e+00
-8.810391e-02 -4.334858e-01 8.968432e-01 -3.297119e+01 -8.860246e-01 4.455314e-01 1.283048e-01 7.526244e+00 -4.551901e-01 -7.833210e-01 -4.233322e-01 -8.636863e+00
-3.306522e-01 -9.388796e-01 9.578203e-02 -3.284297e+01 -3.152552e-01 2.055429e-01 9.264806e-01 7.613834e+00 -8.895410e-01 2.761471e-01 -3.639499e-01 -1.019830e+01
-3.458420e-01 -5.260259e-01 7.769749e-01 -3.256869e+01 8.980276e-01 5.441098e-02 4.365614e-01 7.735652e+00 -2.719186e-01 8.487262e-01 4.535682e-01 -1.259647e+01
8.571462e-02 7.356031e-01 6.719680e-01 -3.236204e+01 9.645992e-01 1.075606e-01 -2.407885e-01 7.846861e+00 -2.494021e-01 6.688189e-01 -7.003427e-01 -1.460053e+01
-1.993322e-01 8.869942e-01 4.165428e-01 -3.255976e+01 -7.720774e-02 4.095361e-01 -9.090210e-01 7.964520e+00 -9.768857e-01 -2.133575e-01 -1.315092e-02 -1.578760e+01
-4.379952e-01 -3.453248e-01 8.300066e-01 -3.445637e+01 -8.162686e-01 5.396006e-01 -2.062444e-01 8.165418e+00 -3.766508e-01 -7.678424e-01 -5.182202e-01 -1.581239e+01
8.851070e-02 -9.482534e-01 3.049283e-01 -3.696982e+01 -3.084651e-01 2.649866e-01 9.135816e-01 8.384716e+00 -9.471088e-01 -1.749215e-01 -2.690489e-01 -1.544759e+01
-8.560392e-01 -4.710301e-01 2.129027e-01 -3.801886e+01 2.541206e-01 -2.482088e-02 9.668540e-01 8.489215e+00 -4.501329e-01 8.817679e-01 1.409461e-01 -1.511370e+01
-1.320531e-01 -4.241457e-02 9.903348e-01 -3.958778e+01 9.909107e-01 -3.150377e-02 1.307807e-01 8.609123e+00 2.565227e-02 9.986033e-01 4.618922e-02 -1.404080e+01
4.542933e-02 9.383440e-01 3.427050e-01 -4.172008e+01 8.772625e-01 1.266288e-01 -4.630071e-01 8.780140e+00 -4.778563e-01 3.216764e-01 -8.174214e-01 -1.281702e+01
-4.090093e-01 7.679126e-01 4.929723e-01 -4.373070e+01 -2.697648e-01 4.143298e-01 -8.692282e-01 8.939538e+00 -8.717444e-01 -4.885090e-01 3.769102e-02 -1.149426e+01
-3.937844e-01 -5.221153e-01 7.565246e-01 -4.616893e+01 -8.612370e-01 4.972084e-01 -1.051409e-01 9.133637e+00 -3.212547e-01 -6.929498e-01 -6.454579e-01 -9.940824e+00
4.732674e-02 -9.818130e-01 1.838570e-01 -4.967203e+01 -1.427142e-02 1.833798e-01 9.829385e-01 9.409260e+00 -9.987775e-01 -4.914318e-02 -5.333092e-03 -7.645211e+00
-6.864456e-01 -2.323895e-01 6.890483e-01 -5.282559e+01 7.127841e-01 -2.740917e-02 7.008477e-01 9.664821e+00 -1.439834e-01 9.722365e-01 1.844585e-01 -5.448626e+00
1.974986e-01 4.802019e-01 8.546347e-01 -5.448757e+01 9.590089e-01 8.608051e-02 -2.699855e-01 9.796758e+00 -2.032149e-01 8.729240e-01 -4.435171e-01 -4.373127e+00
-3.125830e-01 9.290016e-01 1.981110e-01 -5.606176e+01 5.739051e-01 3.508954e-01 -7.399360e-01 9.920512e+00 -7.569180e-01 -1.175945e-01 -6.428427e-01 -3.550097e+00
-3.236805e-01 3.075018e-01 8.948037e-01 -5.871742e+01 -7.082246e-01 5.483741e-01 -4.446389e-01 1.013099e+01 -6.274144e-01 -7.776429e-01 4.028235e-02 -2.109098e+00
-2.175166e-01 -8.836027e-01 4.146479e-01 -6.134869e+01 -7.811942e-01 4.122899e-01 4.687779e-01 1.034205e+01 -5.851685e-01 -2.219535e-01 -7.799452e-01 -3.761041e-01
-3.496386e-01 -9.042289e-01 2.452000e-01 -6.334492e+01 3.341915e-01 1.241311e-01 9.342952e-01 1.049831e+01 -8.752536e-01 4.086094e-01 2.587846e-01 1.195945e+00
-7.724871e-01 1.071415e-01 6.259268e-01 -6.439891e+01 6.289407e-01 -7.094398e-03 7.774209e-01 1.058498e+01 8.773463e-02 9.942185e-01 -6.190532e-02 2.029724e+00
5.741821e-01 3.053125e-01 7.596704e-01 -6.595272e+01 7.459023e-01 1.874814e-01 -6.391248e-01 1.069962e+01 -3.375568e-01 9.336140e-01 -1.200849e-01 3.696147e+00
-6.566545e-01 7.541132e-01 1.086976e-02 -6.859712e+01 4.630325e-01 4.144846e-01 -7.834560e-01 1.091411e+01 -5.953199e-01 -5.094269e-01 -6.213521e-01 5.559829e+00
-3.067882e-01 1.842502e-01 9.337735e-01 -7.007862e+01 -7.672053e-01 5.327443e-01 -3.571827e-01 1.102762e+01 -5.632734e-01 -8.259754e-01 -2.208192e-02 6.721171e+00
-2.610086e-01 -9.019294e-01 3.440899e-01 -7.225908e+01 -7.666063e-01 4.102883e-01 4.939415e-01 1.120201e+01 -5.866765e-01 -1.348585e-01 -7.985136e-01 7.909052e+00
-3.260452e-01 -8.858914e-01 3.299863e-01 -7.451594e+01 3.562253e-01 2.081995e-01 9.109097e-01 1.138162e+01 -8.756700e-01 4.145472e-01 2.476945e-01 9.204855e+00
-9.413384e-01 2.315144e-01 2.455261e-01 -7.570460e+01 2.680648e-01 7.102474e-02 9.607792e-01 1.146977e+01 2.049958e-01 9.702353e-01 -1.289192e-01 1.007695e+01
9.854129e-02 3.748082e-03 9.951259e-01 -7.687746e+01 9.813805e-01 1.653088e-01 -9.780279e-02 1.155264e+01 -1.648697e-01 9.862347e-01 1.261145e-02 1.094983e+01
-2.424941e-01 9.453389e-01 2.180159e-01 -7.918113e+01 8.843090e-01 3.078046e-01 -3.510752e-01 1.173092e+01 -3.989914e-01 1.076597e-01 -9.106126e-01 1.215442e+01
-2.870987e-01 7.332545e-01 6.163702e-01 -8.138456e+01 -3.652361e-01 5.110549e-01 -7.780909e-01 1.190350e+01 -8.855376e-01 -4.485096e-01 1.210878e-01 1.344800e+01
-6.515285e-01 -5.534567e-01 5.188414e-01 -8.342287e+01 -7.463682e-01 5.900852e-01 -3.077888e-01 1.206117e+01 -1.358129e-01 -5.877799e-01 -7.975398e-01 1.469404e+01
2.765830e-01 -8.909451e-01 3.601647e-01 -8.581513e+01 -1.850791e-01 3.183836e-01 9.297191e-01 1.224804e+01 -9.429992e-01 -3.238035e-01 -7.683581e-02 1.603398e+01
-8.422901e-01 -3.034901e-01 4.454674e-01 -8.867011e+01 4.792091e-01 -4.323233e-02 8.766354e-01 1.246683e+01 -2.467916e-01 9.518533e-01 1.818494e-01 1.871334e+01
6.071705e-01 1.372786e-01 7.826229e-01 -9.224561e+01 7.774453e-01 1.007578e-01 -6.208274e-01 1.273956e+01 -1.640817e-01 9.853946e-01 -4.554941e-02 2.267344e+01
-5.427989e-01 8.398406e-01 -6.088844e-03 -9.540961e+01 5.491124e-01 3.493935e-01 -7.592100e-01 1.298834e+01 -6.354880e-01 -4.154418e-01 -6.508173e-01 2.537836e+01
-3.696621e-01 3.085446e-01 8.764417e-01 -9.770044e+01 -7.632577e-01 4.370953e-01 -4.757998e-01 1.316598e+01 -5.298940e-01 -8.448360e-01 7.392151e-02 2.672471e+01
-4.652588e-01 -8.738746e-01 1.409872e-01 -9.901040e+01 -8.361696e-01 3.816297e-01 -3.939280e-01 1.326254e+01 2.904388e-01 -3.011677e-01 -9.082639e-01 2.755866e+01
-2.495413e-01 -8.766194e-01 4.114215e-01 -9.941317e+01 -9.538730e-01 2.957446e-01 5.158884e-02 1.328516e+01 -1.668995e-01 -3.795703e-01 -9.099841e-01 2.815526e+01
-3.086565e-02 -9.365329e-01 -3.492184e-01 -9.856248e+01 -4.013470e-01 3.315941e-01 -8.537950e-01 1.324528e+01 9.154059e-01 1.138048e-01 -3.861095e-01 2.844754e+01
-4.261809e-01 -5.118804e-01 7.458876e-01 -9.778267e+01 -8.999130e-01 3.240515e-01 -2.918001e-01 1.320553e+01 -9.233925e-02 -7.955935e-01 -5.987523e-01 2.876125e+01
-4.070852e-01 -9.133340e-01 1.012675e-02 -9.838579e+01 -7.034937e-01 3.064467e-01 -6.412387e-01 1.323806e+01 5.825618e-01 -2.681629e-01 -7.672747e-01 2.937609e+01
-1.966307e-01 -7.302511e-01 6.542703e-01 -9.887743e+01 -9.658788e-01 2.589917e-01 -1.211227e-03 1.326225e+01 -1.685661e-01 -6.321840e-01 -7.562598e-01 3.004369e+01
-1.533335e-01 -9.648247e-01 -2.135467e-01 -9.889621e+01 -8.406700e-01 2.409470e-01 -4.849932e-01 1.325234e+01 5.193869e-01 1.051566e-01 -8.480444e-01 3.067132e+01
-7.203762e-02 -9.024299e-01 4.247715e-01 -9.894023e+01 -9.631998e-01 1.735129e-01 2.052790e-01 1.323965e+01 -2.589532e-01 -3.943520e-01 -8.817198e-01 3.155956e+01
-1.296739e-02 -8.877485e-01 -4.601461e-01 -9.883038e+01 -8.087683e-01 2.799162e-01 -5.172434e-01 1.321064e+01 5.879844e-01 3.654443e-01 -7.216126e-01 3.261059e+01
-1.371911e-01 -8.796388e-01 4.554274e-01 -9.858056e+01 -9.599454e-01 2.314631e-01 1.578911e-01 1.318340e+01 -2.443018e-01 -4.155242e-01 -8.761600e-01 3.333483e+01
-5.554306e-02 -9.241318e-01 -3.780149e-01 -9.834561e+01 -9.123578e-01 2.007759e-01 -3.567803e-01 1.316419e+01 4.056083e-01 3.250682e-01 -8.542907e-01 3.389945e+01
1.836692e-01 -9.546174e-01 2.344596e-01 -9.828382e+01 -7.810683e-01 3.087364e-03 6.244380e-01 1.315618e+01 -5.968232e-01 -2.978190e-01 -7.450543e-01 3.458294e+01
-9.962014e-02 -7.014565e-01 -7.057157e-01 -9.859436e+01 -9.517274e-01 -1.397707e-01 2.732747e-01 1.317365e+01 -2.903287e-01 6.988726e-01 -6.536714e-01 3.522606e+01
-1.991586e-01 -9.468815e-01 -2.524902e-01 -9.938131e+01 2.671018e-01 -3.003469e-01 9.156683e-01 1.322423e+01 -9.428640e-01 1.149227e-01 3.127304e-01 3.593437e+01
-9.308387e-01 1.817158e-01 -3.170468e-01 -9.977462e+01 -3.653933e-01 -4.751588e-01 8.004448e-01 1.325082e+01 -5.194102e-03 8.609317e-01 5.086940e-01 3.654680e+01
-8.834070e-01 -4.406953e-01 1.593102e-01 -9.967242e+01 4.089420e-01 -5.590057e-01 7.213037e-01 1.323735e+01 -2.288199e-01 7.023533e-01 6.740484e-01 3.692891e+01
