9.997181e-01 -2.060107e-02 1.180186e-02 8.087350e-02 2.073664e-02 9.997190e-01 -1.148231e-02 1.871803e-03 -1.156200e-02 1.172380e-02 9.998645e-01 -1.557199e-02
9.999319e-01 8.907694e-03 -7.542341e-03 1.411034e-01 -8.966857e-03 9.999290e-01 -7.846973e-03 -9.217346e-05 7.471908e-03 7.914067e-03 9.999407e-01 -2.619172e-02
9.998065e-01 -1.557959e-02 1.201245e-02 1.904129e-01 1.567021e-02 9.998492e-01 -7.486453e-03 -1.921094e-03 -1.189400e-02 7.673246e-03 9.998999e-01 -2.683799e-02
9.998256e-01 1.623352e-02 -9.233223e-03 2.375796e-01 -1.625847e-02 9.998644e-01 -2.633410e-03 -3.124549e-03 9.189224e-03 2.783063e-03 9.999538e-01 -2.861598e-02
9.996617e-01 -2.254025e-02 1.297619e-02 2.889612e-01 2.269137e-02 9.996750e-01 -1.161888e-02 -4.773765e-03 -1.271009e-02 1.190940e-02 9.998484e-01 -3.161100e-02
9.997880e-01 1.790955e-02 -1.015472e-02 3.427310e-01 -1.789642e-02 9.998389e-01 1.383011e-03 -6.363434e-03 1.017786e-02 -1.200992e-03 9.999474e-01 -3.467891e-02
9.997071e-01 -1.853751e-02 1.555827e-02 3.998404e-01 1.875399e-02 9.997277e-01 -1.388601e-02 -7.041860e-03 -1.529663e-02 1.417374e-02 9.997826e-01 -4.331816e-02
9.997967e-01 1.710717e-02 -1.067157e-02 4.503595e-01 -1.708248e-02 9.998512e-01 2.400185e-03 -8.485936e-03 1.071104e-02 -2.217411e-03 9.999401e-01 -4.611084e-02
9.995813e-01 -2.396256e-02 1.621823e-02 4.962278e-01 2.424871e-02 9.995495e-01 -1.768336e-02 -1.076169e-02 -1.578719e-02 1.806924e-02 9.997122e-01 -4.494228e-02
9.997467e-01 1.908975e-02 -1.191741e-02 5.425093e-01 -1.895780e-02 9.997588e-01 1.108828e-02 -1.290497e-02 1.212621e-02 -1.085956e-02 9.998674e-01 -4.229570e-02
9.994319e-01 -1.173420e-02 3.159551e-02 5.981976e-01 1.214441e-02 9.998440e-01 -1.282272e-02 -1.595703e-02 -3.144012e-02 1.319916e-02 9.994186e-01 -3.825086e-02
9.997379e-01 -5.826481e-04 -2.288457e-02 6.660660e-01 7.705317e-04 9.999661e-01 8.202063e-03 -1.825667e-02 2.287903e-02 -8.217560e-03 9.997044e-01 -2.775854e-02
9.996068e-01 -8.047042e-04 2.802997e-02 7.239948e-01 1.507593e-03 9.996847e-01 -2.506424e-02 -1.922324e-02 -2.800097e-02 2.509665e-02 9.992929e-01 -3.558952e-02
9.996804e-01 -4.695707e-03 -2.483943e-02 7.843590e-01 5.058556e-03 9.998811e-01 1.456515e-02 -2.118343e-02 2.476809e-02 -1.468616e-02 9.995852e-01 -4.129717e-02
9.995889e-01 -2.365805e-03 2.857476e-02 8.406162e-01 3.032658e-03 9.997235e-01 -2.331638e-02 -2.323474e-02 -2.851171e-02 2.339346e-02 9.993198e-01 -4.456930e-02
9.997411e-01 -5.913029e-03 -2.197400e-02 8.990665e-01 6.049634e-03 9.999628e-01 6.155327e-03 -2.521283e-02 2.193680e-02 -6.286686e-03 9.997395e-01 -4.982593e-02
9.986761e-01 5.116231e-02 5.335466e-03 1.021604e+00 -5.117090e-02 9.986888e-01 1.484434e-03 -2.249085e-02 -5.252532e-03 -1.755472e-03 9.999848e-01 -5.198417e-02
9.960993e-01 -8.421057e-02 -2.635774e-02 1.163840e+00 8.537322e-02 9.952574e-01 4.662830e-02 -1.765459e-02 2.230614e-02 -4.869668e-02 9.985644e-01 -5.552024e-02
9.973154e-01 6.910086e-02 2.422918e-02 1.271522e+00 -6.789393e-02 9.965600e-01 -4.752490e-02 -1.570927e-02 -2.742985e-02 4.575231e-02 9.985763e-01 -6.066070e-02
9.959683e-01 -8.575139e-02 -2.634013e-02 1.333085e+00 8.665673e-02 9.956090e-01 3.540237e-02 -2.014574e-02 2.318868e-02 -3.754221e-02 9.990259e-01 -5.709855e-02
9.972253e-01 6.887003e-02 2.826022e-02 1.387121e+00 -6.740290e-02 9.964751e-01 -4.994298e-02 -2.424470e-02 -3.160019e-02 4.789959e-02 9.983523e-01 -4.973730e-02
9.970698e-01 -7.345444e-02 -2.136101e-02 1.454434e+00 7.402504e-02 9.968833e-01 2.727510e-02 -2.486983e-02 1.929096e-02 -2.877644e-02 9.993996e-01 -6.202939e-02
9.962125e-01 8.555642e-02 1.551528e-02 1.551098e+00 -8.516005e-02 9.960629e-01 -2.462525e-02 -2.258255e-02 -1.756105e-02 2.321071e-02 9.995764e-01 -6.682303e-02
9.936531e-01 -1.123820e-01 -4.884734e-03 1.639472e+00 1.124778e-01 9.932123e-01 2.963198e-02 -1.836926e-02 1.521485e-03 -2.999334e-02 9.995488e-01 -7.717704e-02
9.920855e-01 1.250818e-01 -1.099611e-02 1.731855e+00 -1.254264e-01 9.912912e-01 -4.012377e-02 -1.817727e-02 5.881587e-03 4.118543e-02 9.991343e-01 -8.780945e-02
9.881908e-01 -1.530019e-01 8.322361e-03 1.828894e+00 1.525837e-01 9.875584e-01 3.803540e-02 -1.835206e-02 -1.403830e-02 -3.631640e-02 9.992416e-01 -9.515796e-02
9.891164e-01 1.467034e-01 -1.126435e-02 1.900526e+00 -1.471270e-01 9.869711e-01 -6.512798e-02 -1.965183e-02 1.563076e-03 6.607646e-02 9.978134e-01 -1.110625e-01
9.882002e-01 -1.525418e-01 1.383391e-02 1.969559e+00 1.517395e-01 9.872895e-01 4.727104e-02 -1.963257e-02 -2.086888e-02 -4.461412e-02 9.987862e-01 -1.278824e-01
9.871238e-01 1.591227e-01 -1.632942e-02 2.045962e+00 -1.598579e-01 9.849671e-01 -6.546221e-02 -2.038462e-02 5.667407e-03 6.722972e-02 9.977215e-01 -1.420128e-01
9.837223e-01 -1.788423e-01 1.748679e-02 2.126910e+00 1.776026e-01 9.824601e-01 5.682798e-02 -1.927317e-02 -2.734331e-02 -5.279728e-02 9.982307e-01 -1.572631e-01
9.849154e-01 1.712267e-01 -2.496264e-02 2.188656e+00 -1.726484e-01 9.820850e-01 -7.550895e-02 -2.071400e-02 1.158627e-02 7.867971e-02 9.968327e-01 -1.693248e-01
9.842810e-01 -1.749383e-01 2.423847e-02 2.255087e+00 1.732588e-01 9.830767e-01 5.951123e-02 -2.248401e-02 -3.423906e-02 -5.437627e-02 9.979332e-01 -1.814907e-01
9.847915e-01 1.707825e-01 -3.192137e-02 2.316262e+00 -1.726979e-01 9.823146e-01 -7.234284e-02 -2.265481e-02 1.900193e-02 7.675540e-02 9.968690e-01 -1.925664e-01
9.844936e-01 -1.731426e-01 2.817605e-02 2.372532e+00 1.711543e-01 9.832876e-01 6.206270e-02 -2.366665e-02 -3.845085e-02 -5.627792e-02 9.976744e-01 -2.019531e-01
9.853352e-01 1.670017e-01 -3.500058e-02 2.418762e+00 -1.691621e-01 9.829350e-01 -7.227073e-02 -2.527836e-02 2.233394e-02 7.713170e-02 9.967708e-01 -2.021285e-01
9.841031e-01 -1.756594e-01 2.616838e-02 2.458616e+00 1.735076e-01 9.823851e-01 6.938701e-02 -2.797327e-02 -3.789589e-02 -6.374360e-02 9.972464e-01 -1.919920e-01
9.854083e-01 1.670176e-01 -3.279588e-02 2.507419e+00 -1.691506e-01 9.823758e-01 -7.953526e-02 -3.028044e-02 1.893408e-02 8.392219e-02 9.962925e-01 -1.932237e-01
9.842164e-01 -1.738266e-01 3.320194e-02 2.565949e+00 1.716478e-01 9.833321e-01 5.995831e-02 -3.223472e-02 -4.307088e-02 -5.331295e-02 9.976485e-01 -1.996239e-01
9.745084e-01 2.101878e-01 -7.845069e-02 2.706562e+00 -2.146909e-01 9.751805e-01 -5.413629e-02 -3.316775e-02 6.512478e-02 6.959895e-02 9.954471e-01 -1.978416e-01
9.803341e-01 -1.950753e-01 2.984453e-02 2.834738e+00 1.921258e-01 9.779802e-01 8.150073e-02 -3.444766e-02 -4.508613e-02 -7.416408e-02 9.962262e-01 -1.691109e-01
9.773267e-01 2.060702e-01 -4.865872e-02 2.917129e+00 -2.090748e-01 9.755378e-01 -6.792448e-02 -2.682282e-02 3.347119e-02 7.655776e-02 9.965033e-01 -1.524339e-01
9.768631e-01 -2.095517e-01 4.273751e-02 2.983829e+00 2.068902e-01 9.765620e-01 5.935622e-02 -2.649560e-02 -5.417401e-02 -4.914097e-02 9.973215e-01 -1.687064e-01
9.636707e-01 2.552343e-01 -7.870356e-02 3.073149e+00 -2.564896e-01 9.665277e-01 -6.104903e-03 -2.755255e-02 7.451097e-02 2.606979e-02 9.968795e-01 -1.463199e-01
9.968474e-01 5.848406e-02 5.361732e-02 3.266901e+00 -6.502952e-02 9.894039e-01 1.298118e-01 1.931858e-02 -4.545726e-02 -1.328893e-01 9.900878e-01 -1.063933e-01
9.731267e-01 1.529643e-01 -1.721229e-01 3.408276e+00 -1.758582e-01 9.762311e-01 -1.266757e-01 9.428304e-02 1.486549e-01 1.535407e-01 9.768967e-01 8.309125e-02
9.869582e-01 -1.042725e-01 1.226407e-01 3.484817e+00 9.051128e-02 9.894769e-01 1.128859e-01 1.172308e-01 -1.331210e-01 -1.003133e-01 9.860101e-01 1.638478e-01
9.885497e-01 7.323405e-02 -1.319332e-01 3.552405e+00 -8.836470e-02 9.896876e-01 -1.127394e-01 1.144131e-01 1.223163e-01 1.231067e-01 9.848267e-01 1.593667e-01
9.878569e-01 -8.835651e-02 1.277962e-01 3.612264e+00 7.458191e-02 9.912587e-01 1.088288e-01 1.131514e-01 -1.362949e-01 -9.797598e-02 9.858115e-01 1.510452e-01
9.873455e-01 8.041247e-02 -1.366850e-01 3.697920e+00 -9.569860e-02 9.894013e-01 -1.092100e-01 1.121857e-01 1.264545e-01 1.209086e-01 9.845763e-01 1.358052e-01
9.945995e-01 -3.265280e-02 9.851756e-02 3.844385e+00 1.715512e-02 9.878854e-01 1.542340e-01 1.242482e-01 -1.023602e-01 -1.517110e-01 9.831104e-01 1.312044e-01
9.978608e-01 -2.880856e-02 -5.868492e-02 3.989715e+00 2.174741e-02 9.928237e-01 -1.175928e-01 1.295570e-01 6.165146e-02 1.160651e-01 9.913265e-01 1.240054e-01
9.969666e-01 9.666692e-04 7.782494e-02 4.072078e+00 -9.008917e-03 9.946350e-01 1.030532e-01 1.325342e-01 -7.730779e-02 -1.034417e-01 9.916265e-01 1.105343e-01
9.974664e-01 -1.393300e-02 -6.976130e-02 4.129995e+00 5.227515e-03 9.923372e-01 -1.234489e-01 1.312393e-01 7.094674e-02 1.227715e-01 9.898959e-01 1.013127e-01
9.971669e-01 -8.470252e-04 7.521575e-02 4.194984e+00 -6.887727e-03 9.947076e-01 1.025152e-01 1.283607e-01 -7.490450e-02 -1.027428e-01 9.918836e-01 9.694168e-02
9.663722e-01 2.453431e-01 -7.701645e-02 4.308813e+00 -2.451233e-01 9.694121e-01 1.244267e-02 1.765781e-01 7.771340e-02 6.854288e-03 9.969523e-01 1.272459e-01
9.929720e-01 -1.164578e-01 2.107388e-02 4.422120e+00 1.169039e-01 9.929139e-01 -2.134158e-02 2.117685e-01 -1.843916e-02 2.365519e-02 9.995500e-01 2.912692e-01
9.955179e-01 8.447415e-02 -4.252432e-02 4.537603e+00 -8.171628e-02 9.946701e-01 6.287922e-02 2.283149e-01 4.760934e-02 -5.912244e-02 9.971149e-01 3.295110e-01
9.925454e-01 -1.077403e-01 5.697110e-02 4.617708e+00 1.109945e-01 9.921607e-01 -5.742269e-02 2.309995e-01 -5.033775e-02 6.331809e-02 9.967230e-01 3.197759e-01
9.937715e-01 1.013359e-01 -4.635933e-02 4.681091e+00 -9.911136e-02 9.939177e-01 4.800597e-02 2.289940e-01 5.094209e-02 -4.311221e-02 9.977707e-01 3.127030e-01
9.922092e-01 -1.107202e-01 5.711352e-02 4.754281e+00 1.138699e-01 9.919610e-01 -5.520017e-02 2.276924e-01 -5.054261e-02 6.127361e-02 9.968404e-01 3.065011e-01
9.923429e-01 1.136309e-01 -4.840957e-02 4.851352e+00 -1.102512e-01 9.916055e-01 6.755109e-02 2.302049e-01 5.567909e-02 -6.169662e-02 9.965408e-01 2.952609e-01
9.881108e-01 -1.389443e-01 6.581471e-02 4.937210e+00 1.430746e-01 9.877144e-01 -6.284786e-02 2.324534e-01 -5.627379e-02 7.151704e-02 9.958506e-01 2.875806e-01
9.868535e-01 1.510500e-01 -5.748097e-02 5.029171e+00 -1.473527e-01 9.870172e-01 6.390757e-02 2.329005e-01 6.638794e-02 -5.459742e-02 9.962991e-01 2.751668e-01
9.969328e-01 -3.723639e-02 -6.883653e-02 5.166973e+00 3.007641e-02 9.943017e-01 -1.022720e-01 2.536127e-01 7.225251e-02 9.988791e-02 9.923718e-01 2.967070e-01
9.638213e-01 2.616303e-01 -5.097131e-02 5.322106e+00 -2.558698e-01 9.617179e-01 9.812891e-02 2.881730e-01 7.469353e-02 -8.153668e-02 9.938676e-01 4.413610e-01
9.938732e-01 -1.097611e-01 1.298368e-02 5.457475e+00 1.103272e-01 9.781646e-01 -1.761304e-01 3.161106e-01 6.632056e-03 1.764837e-01 9.842811e-01 5.217535e-01
9.979072e-01 6.436199e-02 6.231005e-03 5.600047e+00 -6.428344e-02 9.770105e-01 2.032685e-01 3.305029e-01 6.995032e-03 -2.032436e-01 9.791033e-01 5.572064e-01
9.966711e-01 -8.124680e-02 -6.751329e-03 5.680784e+00 7.848474e-02 9.785963e-01 -1.902353e-01 3.289240e-01 2.206280e-02 1.890721e-01 9.817152e-01 5.783785e-01
9.978827e-01 6.159299e-02 2.088988e-02 5.730712e+00 -6.441219e-02 9.803885e-01 1.862513e-01 3.256141e-01 -9.008391e-03 -1.872025e-01 9.822801e-01 5.922996e-01
9.991997e-01 -2.048172e-02 -3.435913e-02 5.837485e+00 1.413493e-02 9.843399e-01 -1.757135e-01 3.289128e-01 3.741995e-02 1.750872e-01 9.838415e-01 6.072424e-01
9.998339e-01 -1.404238e-02 1.161769e-02 5.967177e+00 1.093000e-02 9.720959e-01 2.343289e-01 3.304424e-01 -1.458401e-02 -2.341629e-01 9.720881e-01 6.206196e-01
9.999026e-01 -4.742535e-03 -1.312797e-02 6.021691e+00 1.423287e-03 9.702500e-01 -2.421012e-01 3.274538e-01 1.388555e-02 2.420589e-01 9.701621e-01 6.315901e-01
9.998630e-01 -8.280924e-03 1.433257e-02 6.070899e+00 4.720245e-03 9.725558e-01 2.326220e-01 3.245436e-01 -1.586552e-02 -2.325224e-01 9.724617e-01 6.486293e-01
9.998835e-01 -6.681908e-03 -1.372611e-02 6.111926e+00 3.289769e-03 9.723085e-01 -2.336780e-01 3.217449e-01 1.490739e-02 2.336056e-01 9.722170e-01 6.665933e-01
9.997822e-01 -6.209119e-03 1.992617e-02 6.153692e+00 1.479548e-03 9.734055e-01 2.290843e-01 3.183289e-01 -2.081863e-02 -2.290049e-01 9.732027e-01 6.850957e-01
9.999665e-01 -4.485254e-03 6.840712e-03 6.244645e+00 5.776248e-03 9.793157e-01 -2.022560e-01 3.147594e-01 -5.792078e-03 2.022887e-01 9.793087e-01 6.919748e-01
9.997948e-01 -1.922667e-02 -6.376724e-03 6.390632e+00 2.003501e-02 9.850155e-01 1.712983e-01 3.060123e-01 2.987705e-03 -1.713909e-01 9.851987e-01 6.952214e-01
9.999242e-01 5.386303e-03 1.107317e-02 6.436140e+00 -3.234341e-03 9.825667e-01 -1.858824e-01 3.019015e-01 -1.188138e-02 1.858324e-01 9.825095e-01 7.085700e-01
9.998968e-01 -1.218807e-02 -7.602578e-03 6.489077e+00 1.329626e-02 9.855764e-01 1.687077e-01 2.983824e-01 5.436730e-03 -1.687914e-01 9.856369e-01 7.163739e-01
9.999674e-01 5.148699e-03 6.224604e-03 6.530380e+00 -3.989543e-03 9.847963e-01 -1.736671e-01 2.974643e-01 -7.024156e-03 1.736366e-01 9.847847e-01 7.259455e-01
9.997390e-01 1.954238e-02 -1.183186e-02 6.613612e+00 -1.737971e-02 9.867543e-01 1.612883e-01 2.979504e-01 1.482712e-02 -1.610406e-01 9.868365e-01 7.221038e-01
9.984089e-01 -3.956178e-02 4.018189e-02 6.720772e+00 4.582904e-02 9.844736e-01 -1.694444e-01 3.007548e-01 -3.285451e-02 1.710163e-01 9.847202e-01 7.099304e-01
9.990964e-01 2.979881e-02 -3.030682e-02 6.806819e+00 -2.456648e-02 9.867539e-01 1.603537e-01 3.002896e-01 3.468375e-02 -1.594642e-01 9.865943e-01 6.988054e-01
9.985732e-01 -2.220405e-02 4.856511e-02 6.895205e+00 3.081558e-02 9.823526e-01 -1.844823e-01 3.006459e-01 -4.361184e-02 1.857156e-01 9.816351e-01 6.814196e-01
9.989686e-01 3.018331e-02 -3.392062e-02 6.985356e+00 -2.392570e-02 9.848538e-01 1.717279e-01 3.010857e-01 3.859020e-02 -1.707392e-01 9.845604e-01 6.637663e-01
9.990113e-01 -1.314240e-02 4.247043e-02 7.088723e+00 2.053273e-02 9.837123e-01 -1.785734e-01 3.038539e-01 -3.943183e-02 1.792689e-01 9.830095e-01 6.508243e-01
9.989519e-01 -1.803649e-02 -4.206852e-02 7.170412e+00 2.618159e-02 9.790466e-01 2.019463e-01 3.041755e-01 3.754467e-02 -2.028360e-01 9.784928e-01 6.513964e-01
9.987337e-01 3.654413e-02 3.457710e-02 7.245395e+00 -2.790142e-02 9.742455e-01 -2.237572e-01 3.041564e-01 -4.186362e-02 2.225091e-01 9.740313e-01 6.486817e-01
9.969681e-01 -6.264864e-02 -4.614995e-02 7.355062e+00 7.226392e-02 9.653962e-01 2.505757e-01 3.071001e-01 2.885479e-02 -2.531509e-01 9.669965e-01 6.493960e-01
9.985208e-01 5.001120e-02 2.133507e-02 7.446542e+00 -4.307735e-02 9.670772e-01 -2.508106e-01 3.060537e-01 -3.317602e-02 2.495205e-01 9.678009e-01 6.496739e-01
9.979140e-01 -5.595771e-02 -3.219384e-02 7.525932e+00 6.210543e-02 9.682611e-01 2.421021e-01 3.052201e-01 1.762459e-02 -2.435964e-01 9.697166e-01 6.422262e-01
9.975495e-01 6.611222e-02 2.289547e-02 7.625459e+00 -5.822751e-02 9.659206e-01 -2.522043e-01 3.075045e-01 -3.878901e-02 2.502531e-01 9.674030e-01 6.279132e-01
9.969044e-01 -7.227639e-02 -3.094856e-02 7.735716e+00 7.785735e-02 9.623169e-01 2.605465e-01 3.106308e-01 1.095098e-02 -2.621495e-01 9.649652e-01 6.181336e-01
9.968972e-01 7.743118e-02 1.415221e-02 7.853219e+00 -7.103949e-02 9.624754e-01 -2.619053e-01 3.157932e-01 -3.390082e-02 2.600873e-01 9.649897e-01 6.070768e-01
9.955517e-01 -9.181059e-02 -2.115594e-02 7.979418e+00 9.412927e-02 9.595669e-01 2.652754e-01 3.215460e-01 -4.054524e-03 -2.660867e-01 9.639407e-01 5.948787e-01
9.961115e-01 8.775320e-02 7.824402e-03 8.091851e+00 -8.228231e-02 9.583842e-01 -2.733667e-01 3.251816e-01 -3.148761e-02 2.716599e-01 9.618780e-01 5.824976e-01
9.935194e-01 -1.027253e-01 -4.864973e-02 8.197932e+00 1.123654e-01 9.521530e-01 2.842161e-01 3.288492e-01 1.712583e-02 -2.878407e-01 9.575253e-01 5.817159e-01
9.947884e-01 1.014481e-01 1.021569e-02 8.257571e+00 -9.446246e-02 9.547020e-01 -2.821719e-01 3.254759e-01 -3.837878e-02 2.797363e-01 9.593094e-01 6.006564e-01
9.936075e-01 -1.035776e-01 -4.489812e-02 8.304110e+00 1.121326e-01 9.515206e-01 2.864174e-01 3.242573e-01 1.305509e-02 -2.896209e-01 9.570525e-01 6.183624e-01
9.938212e-01 1.100765e-01 1.423450e-02 8.359570e+00 -1.006734e-01 9.479784e-01 -3.019964e-01 3.230106e-01 -4.673672e-02 2.986973e-01 9.532027e-01 6.143476e-01
9.921859e-01 -1.167892e-01 -4.390210e-02 8.415346e+00 1.243370e-01 9.547540e-01 2.701575e-01 3.214261e-01 1.036426e-02 -2.735051e-01 9.618148e-01 6.149382e-01
9.930071e-01 1.177631e-01 8.288263e-03 8.478458e+00 -1.100053e-01 9.484987e-01 -2.970675e-01 3.196020e-01 -4.284504e-02 2.940784e-01 9.548204e-01 6.019841e-01
9.932316e-01 -1.088202e-01 -4.060964e-02 8.539065e+00 1.158041e-01 9.547605e-01 2.739011e-01 3.188035e-01 8.966537e-03 -2.767499e-01 9.609002e-01 5.967337e-01
9.940010e-01 1.090527e-01 8.333795e-03 8.590430e+00 -1.019690e-01 9.515922e-01 -2.899564e-01 3.172509e-01 -3.955094e-02 2.873671e-01 9.570035e-01 5.992160e-01
9.962630e-01 -6.084044e-02 -6.130704e-02 8.666738e+00 7.659173e-02 9.503880e-01 3.014904e-01 3.125422e-01 3.992269e-02 -3.050593e-01 9.514963e-01 6.381581e-01
9.980291e-01 6.083901e-02 1.538093e-02 8.750252e+00 -5.420553e-02 9.592865e-01 -2.771843e-01 3.176010e-01 -3.161837e-02 2.758042e-01 9.606936e-01 6.844598e-01
9.975317e-01 -4.651929e-02 -5.259755e-02 8.817647e+00 5.994148e-02 9.542937e-01 2.927980e-01 3.196555e-01 3.657279e-02 -2.952280e-01 9.547267e-01 7.178551e-01
9.970266e-01 6.960851e-02 3.305595e-02 8.883915e+00 -5.616173e-02 9.501166e-01 -3.067968e-01 3.214760e-01 -5.276271e-02 3.040280e-01 9.512007e-01 7.028770e-01
9.967087e-01 -4.796325e-02 -6.535525e-02 8.963197e+00 6.559310e-02 9.508931e-01 3.024896e-01 3.221131e-01 4.763750e-02 -3.057808e-01 9.509095e-01 6.831492e-01
9.974339e-01 6.006449e-02 3.895978e-02 9.056803e+00 -4.436376e-02 9.456538e-01 -3.221345e-01 3.206566e-01 -5.619134e-02 3.195795e-01 9.458918e-01 6.751988e-01
9.957477e-01 -4.121502e-02 -8.238840e-02 9.147611e+00 6.602296e-02 9.429839e-01 3.262243e-01 3.200974e-01 6.424563e-02 -3.302766e-01 9.416953e-01 6.924475e-01
9.975256e-01 6.853471e-02 1.567529e-02 9.249877e+00 -5.958445e-02 9.424814e-01 -3.289049e-01 3.213966e-01 -3.731511e-02 3.271570e-01 9.442329e-01 7.057161e-01
9.952448e-01 -9.144258e-02 -3.355808e-02 9.327090e+00 9.732828e-02 9.473156e-01 3.051563e-01 3.181490e-01 3.885849e-03 -3.069713e-01 9.517109e-01 7.107571e-01
9.955588e-01 9.304376e-02 -1.433628e-02 9.417139e+00 -9.275975e-02 9.435055e-01 -3.181086e-01 3.182117e-01 -1.607171e-02 3.180256e-01 9.479458e-01 7.205560e-01
9.953662e-01 -9.551351e-02 -1.109992e-02 9.514587e+00 9.458503e-02 9.517719e-01 2.918627e-01 3.193327e-01 -1.731219e-02 -2.915602e-01 9.563959e-01 7.224014e-01
9.984167e-01 4.764742e-02 -2.989692e-02 9.586576e+00 -5.414993e-02 9.580238e-01 -2.815281e-01 3.191899e-01 1.522783e-02 2.827013e-01 9.590870e-01 7.174781e-01
9.978143e-01 -6.511710e-02 1.124144e-02 9.649808e+00 5.972775e-02 9.615232e-01 2.681524e-01 3.188520e-01 -2.827017e-02 -2.668948e-01 9.633110e-01 7.220972e-01
9.980131e-01 5.013961e-02 -3.815660e-02 9.711066e+00 -5.882080e-02 9.584877e-01 -2.790009e-01 3.178986e-01 2.258359e-02 2.806909e-01 9.595324e-01 7.256784e-01
9.979225e-01 -6.250687e-02 1.560444e-02 9.782867e+00 5.589102e-02 9.604230e-01 2.728806e-01 3.174842e-01 -3.204373e-02 -2.714415e-01 9.619215e-01 7.174601e-01
9.980292e-01 5.324548e-02 -3.320616e-02 9.872533e+00 -6.075287e-02 9.523572e-01 -2.988726e-01 3.166105e-01 1.571047e-02 3.003009e-01 9.537150e-01 7.033603e-01
9.958533e-01 -8.843124e-02 2.135923e-02 9.962070e+00 7.804345e-02 9.510764e-01 2.989365e-01 3.175498e-01 -4.674953e-02 -2.960299e-01 9.540340e-01 6.900773e-01
9.976014e-01 5.056502e-02 -4.727179e-02 1.002326e+01 -6.288754e-02 9.474336e-01 -3.137112e-01 3.156197e-01 2.892402e-02 3.159315e-01 9.483409e-01 6.918226e-01
9.974091e-01 -6.112854e-02 3.792675e-02 1.009407e+01 4.746197e-02 9.553542e-01 2.916260e-01 3.147880e-01 -5.406011e-02 -2.890703e-01 9.557803e-01 6.771500e-01
9.981409e-01 4.345347e-02 -4.273707e-02 1.018239e+01 -5.421804e-02 9.533527e-01 -2.969495e-01 3.163629e-01 2.783997e-02 2.987146e-01 9.539362e-01 6.627308e-01
9.973382e-01 -6.428216e-02 3.441284e-02 1.026615e+01 5.184096e-02 9.570388e-01 2.852880e-01 3.173370e-01 -5.127331e-02 -2.827446e-01 9.578239e-01 6.493451e-01
9.981543e-01 3.443886e-02 -5.001874e-02 1.033134e+01 -4.798575e-02 9.520808e-01 -3.020588e-01 3.151597e-01 3.721928e-02 3.039015e-01 9.519761e-01 6.492555e-01
9.979024e-01 -5.173580e-02 3.891246e-02 1.036966e+01 3.768577e-02 9.530014e-01 3.006129e-01 3.139406e-01 -5.263603e-02 -2.985159e-01 9.529522e-01 6.599777e-01
9.978832e-01 3.727618e-02 -5.328832e-02 1.040543e+01 -5.142024e-02 9.539225e-01 -2.956145e-01 3.121547e-01 3.981350e-02 2.977287e-01 9.538198e-01 6.773511e-01
9.978066e-01 -5.208993e-02 4.084964e-02 1.044204e+01 3.763105e-02 9.540264e-01 2.973509e-01 3.100039e-01 -5.446058e-02 -2.951614e-01 9.538941e-01 6.962790e-01
9.979146e-01 4.374727e-02 -4.746096e-02 1.050748e+01 -5.645943e-02 9.479656e-01 -3.133266e-01 3.090759e-01 3.128413e-02 3.153527e-01 9.484586e-01 6.918591e-01
9.965034e-01 -7.650327e-02 3.358779e-02 1.059263e+01 6.232774e-02 9.483788e-01 3.109549e-01 3.100009e-01 -5.564297e-02 -3.077742e-01 9.498311e-01 6.783964e-01
9.978697e-01 4.822931e-02 -4.393178e-02 1.066056e+01 -5.966944e-02 9.469713e-01 -3.157293e-01 3.140259e-01 2.637468e-02 3.176780e-01 9.478317e-01 6.646869e-01
9.955400e-01 -8.631732e-02 3.807137e-02 1.074770e+01 6.819929e-02 9.373112e-01 3.417553e-01 3.164378e-01 -6.518407e-02 -3.376345e-01 9.390176e-01 6.608990e-01
9.912754e-01 8.933947e-02 -9.690969e-02 1.083906e+01 -1.160198e-01 9.403289e-01 -3.198765e-01 3.166714e-01 6.254934e-02 3.283291e-01 9.424900e-01 6.767805e-01
9.988313e-01 -4.799383e-02 -5.715119e-03 1.098333e+01 4.696504e-02 9.358214e-01 3.493316e-01 3.121824e-01 -1.141738e-02 -3.491917e-01 9.369818e-01 7.232004e-01
9.969476e-01 3.367327e-02 -7.043911e-02 1.108922e+01 -5.374048e-02 9.504316e-01 -3.062545e-01 3.147711e-01 5.663491e-02 3.091051e-01 9.493400e-01 7.552492e-01
9.971332e-01 -5.981479e-02 4.634260e-02 1.119369e+01 4.361265e-02 9.548126e-01 2.939913e-01 3.136571e-01 -6.183347e-02 -2.911274e-01 9.546840e-01 7.449873e-01
9.959302e-01 4.469449e-02 -7.826540e-02 1.130319e+01 -6.660976e-02 9.499846e-01 -3.051104e-01 3.151074e-01 6.071411e-02 3.090819e-01 9.490954e-01 7.350875e-01
9.966792e-01 -7.526771e-02 3.107181e-02 1.141686e+01 6.117480e-02 9.439587e-01 3.243450e-01 3.157496e-01 -5.374315e-02 -3.213671e-01 9.454285e-01 7.447633e-01
9.968953e-01 5.222409e-02 -5.892670e-02 1.147347e+01 -6.812745e-02 9.473093e-01 -3.129917e-01 3.105659e-01 3.947604e-02 3.160344e-01 9.479260e-01 7.761845e-01
9.966899e-01 -6.721372e-02 4.573344e-02 1.150522e+01 4.833114e-02 9.422261e-01 3.314726e-01 3.069745e-01 -6.537068e-02 -3.281650e-01 9.423558e-01 8.164357e-01
9.971818e-01 5.260408e-02 -5.349034e-02 1.154191e+01 -6.706783e-02 9.445748e-01 -3.213727e-01 3.026341e-01 3.362005e-02 3.240545e-01 9.454407e-01 8.575171e-01
9.968416e-01 -6.245259e-02 4.905597e-02 1.157826e+01 4.272597e-02 9.424491e-01 3.316086e-01 2.977580e-01 -6.694251e-02 -3.284652e-01 9.421409e-01 8.978067e-01
9.974994e-01 4.869703e-02 -5.121988e-02 1.160818e+01 -6.239156e-02 9.471971e-01 -3.145235e-01 2.931013e-01 3.319890e-02 3.169326e-01 9.478667e-01 9.372658e-01
9.971472e-01 -5.688829e-02 4.961133e-02 1.163911e+01 3.756969e-02 9.441127e-01 3.274749e-01 2.886500e-01 -6.546812e-02 -3.246768e-01 9.435566e-01 9.748753e-01
9.981678e-01 4.008917e-02 -4.531874e-02 1.167744e+01 -5.257061e-02 9.454271e-01 -3.215647e-01 2.837172e-01 2.995425e-02 3.233579e-01 9.458024e-01 1.011970e+00
9.978479e-01 -4.682585e-02 4.590226e-02 1.170858e+01 2.885698e-02 9.421886e-01 3.338383e-01 2.789678e-01 -5.888080e-02 -3.317952e-01 9.415122e-01 1.046699e+00
9.985045e-01 3.540128e-02 -4.165925e-02 1.173814e+01 -4.696238e-02 9.455359e-01 -3.221125e-01 2.744911e-01 2.798707e-02 3.235872e-01 9.457843e-01 1.078833e+00
9.987828e-01 -4.558933e-02 1.882745e-02 1.180847e+01 3.743462e-02 9.491813e-01 3.124957e-01 2.728944e-01 -3.211708e-02 -3.114105e-01 9.497327e-01 1.091188e+00
9.990426e-01 3.391383e-02 -2.763425e-02 1.184573e+01 -4.070662e-02 9.520374e-01 -3.032618e-01 2.696847e-01 1.602402e-02 3.040964e-01 9.525064e-01 1.116856e+00
9.987009e-01 -4.428708e-02 2.520414e-02 1.188025e+01 3.449358e-02 9.516199e-01 3.053355e-01 2.658388e-01 -3.750713e-02 -3.040694e-01 9.519113e-01 1.141760e+00
9.991975e-01 3.285163e-02 -2.291484e-02 1.191247e+01 -3.823299e-02 9.528063e-01 -3.011618e-01 2.617517e-01 1.193969e-02 3.017962e-01 9.532976e-01 1.167312e+00
9.988881e-01 -4.113273e-02 2.303772e-02 1.194468e+01 3.216944e-02 9.518943e-01 3.047334e-01 2.576634e-01 -3.446394e-02 -3.036534e-01 9.521591e-01 1.194960e+00
9.992051e-01 3.471318e-02 -1.959784e-02 1.197568e+01 -3.896379e-02 9.543281e-01 -2.962087e-01 2.536386e-01 8.420376e-03 2.967368e-01 9.549221e-01 1.223775e+00
9.990632e-01 -3.546565e-02 2.479891e-02 1.200641e+01 2.634190e-02 9.530293e-01 3.017306e-01 2.495472e-01 -3.433511e-02 -3.007946e-01 9.530707e-01 1.251706e+00
9.993792e-01 2.979736e-02 -1.879780e-02 1.203784e+01 -3.400800e-02 9.552677e-01 -2.937807e-01 2.454656e-01 9.202999e-03 2.942375e-01 9.556879e-01 1.277941e+00
9.991012e-01 -3.766674e-02 1.944507e-02 1.207219e+01 3.038766e-02 9.562441e-01 2.909876e-01 2.418056e-01 -2.955475e-02 -2.901351e-01 9.565293e-01 1.298827e+00
9.994452e-01 2.591083e-02 -2.092758e-02 1.210648e+01 -3.096832e-02 9.542058e-01 -2.975437e-01 2.386310e-01 1.225956e-02 2.980267e-01 9.544787e-01 1.317344e+00
9.990608e-01 -3.260992e-02 2.853169e-02 1.213669e+01 2.288322e-02 9.562490e-01 2.916578e-01 2.346072e-01 -3.679430e-02 -2.907310e-01 9.560972e-01 1.345242e+00
9.993368e-01 2.287852e-02 -2.832816e-02 1.217086e+01 -3.002502e-02 9.578820e-01 -2.855882e-01 2.305377e-01 2.060116e-02 2.862493e-01 9.579336e-01 1.364450e+00
9.987012e-01 -3.747833e-02 3.451546e-02 1.220645e+01 2.658224e-02 9.612025e-01 2.745599e-01 2.258189e-01 -4.346635e-02 -2.732858e-01 9.609504e-01 1.390515e+00
9.983812e-01 3.329761e-02 -4.611126e-02 1.227048e+01 -4.547436e-02 9.542573e-01 -2.955082e-01 2.248017e-01 3.416225e-02 2.971267e-01 9.542266e-01 1.413594e+00
9.987399e-01 -4.556706e-02 2.103219e-02 1.231502e+01 3.638718e-02 9.460905e-01 3.218521e-01 2.228467e-01 -3.456417e-02 -3.206812e-01 9.465564e-01 1.439181e+00
9.989927e-01 4.147100e-02 -1.713933e-02 1.234653e+01 -4.474902e-02 9.490893e-01 -3.118126e-01 2.183279e-01 3.335533e-03 3.122655e-01 9.499889e-01 1.466724e+00
9.990241e-01 -3.832579e-02 2.195543e-02 1.237495e+01 2.933590e-02 9.473489e-01 3.188566e-01 2.137439e-01 -3.301985e-02 -3.179013e-01 9.475487e-01 1.501057e+00
9.992311e-01 3.141023e-02 -2.346286e-02 1.240830e+01 -3.714836e-02 9.498557e-01 -3.104741e-01 2.108012e-01 1.253423e-02 3.111069e-01 9.502922e-01 1.525937e+00
9.988939e-01 -4.217058e-02 2.080015e-02 1.244283e+01 3.396258e-02 9.529866e-01 3.011032e-01 2.078537e-01 -3.251992e-02 -3.000637e-01 9.533648e-01 1.543262e+00
9.993528e-01 3.145489e-02 -1.745238e-02 1.247327e+01 -3.531589e-02 9.501659e-01 -3.097379e-01 2.039803e-01 6.839851e-03 3.101537e-01 9.506617e-01 1.569742e+00
9.993259e-01 -3.022434e-02 2.083986e-02 1.250378e+01 2.192939e-02 9.466837e-01 3.214172e-01 2.000998e-01 -2.944335e-02 -3.207435e-01 9.467084e-01 1.596336e+00
9.996494e-01 2.251229e-02 -1.393751e-02 1.253864e+01 -2.579189e-02 9.469484e-01 -3.203491e-01 1.954703e-01 5.986279e-03 3.205963e-01 9.471969e-01 1.616845e+00
9.992596e-01 -3.283405e-02 2.005466e-02 1.257554e+01 2.502049e-02 9.505469e-01 3.095715e-01 1.897436e-01 -2.922735e-02 -3.088405e-01 9.506648e-01 1.649069e+00
9.994588e-01 3.125631e-02 -1.025158e-02 1.260533e+01 -3.289165e-02 9.537410e-01 -2.988247e-01 1.852219e-01 4.371673e-04 2.990002e-01 9.542529e-01 1.678130e+00
9.993388e-01 -3.254126e-02 1.622037e-02 1.263750e+01 2.625416e-02 9.544346e-01 2.972631e-01 1.811876e-01 -2.515457e-02 -2.966406e-01 9.546579e-01 1.701593e+00
9.995644e-01 2.864219e-02 -7.112785e-03 1.266822e+01 -2.946306e-02 9.545907e-01 -2.964600e-01 1.768682e-01 -1.701492e-03 2.965404e-01 9.550187e-01 1.728694e+00
9.995407e-01 -2.603065e-02 1.551521e-02 1.269960e+01 2.017392e-02 9.536343e-01 3.002910e-01 1.725473e-01 -2.261258e-02 -2.998400e-01 9.537216e-01 1.756067e+00
9.997230e-01 1.199371e-02 -2.024830e-02 1.274234e+01 -1.778546e-02 9.484914e-01 -3.163031e-01 1.705534e-01 1.541167e-02 3.165756e-01 9.484420e-01 1.761886e+00
9.995509e-01 -2.183025e-02 2.052837e-02 1.279234e+01 1.463229e-02 9.533892e-01 3.013885e-01 1.685423e-01 -2.615089e-02 -3.009527e-01 9.532805e-01 1.758151e+00
9.991750e-01 2.991540e-02 -2.746766e-02 1.287402e+01 -3.700931e-02 9.492052e-01 -3.124738e-01 1.678977e-01 1.672464e-02 3.132325e-01 9.495291e-01 1.750798e+00
9.961763e-01 -8.086182e-02 3.307688e-02 1.296429e+01 6.576482e-02 9.432906e-01 3.253887e-01 1.712881e-01 -5.751260e-02 -3.219692e-01 9.450018e-01 1.742006e+00
9.970973e-01 5.470914e-02 -5.295137e-02 1.301232e+01 -6.916014e-02 9.416529e-01 -3.294035e-01 1.689286e-01 3.184041e-02 3.321094e-01 9.427032e-01 1.751311e+00
9.969253e-01 -7.465822e-02 2.379248e-02 1.305659e+01 6.302601e-02 9.444199e-01 3.226435e-01 1.659262e-01 -4.655805e-02 -3.201518e-01 9.462216e-01 1.773909e+00
9.975919e-01 5.966519e-02 -3.536081e-02 1.308843e+01 -6.803120e-02 9.409901e-01 -3.315257e-01 1.622346e-01 1.349361e-02 3.331330e-01 9.427832e-01 1.798045e+00
9.976951e-01 -5.968750e-02 3.227790e-02 1.311688e+01 4.491815e-02 9.374718e-01 3.451507e-01 1.575398e-01 -5.086078e-02 -3.429053e-01 9.379922e-01 1.830692e+00
9.982046e-01 4.542840e-02 -3.903600e-02 1.315012e+01 -5.597818e-02 9.394094e-01 -3.381958e-01 1.534769e-01 2.130707e-02 3.397738e-01 9.402657e-01 1.854233e+00
9.973472e-01 -6.435792e-02 3.401053e-02 1.318721e+01 4.965738e-02 9.431721e-01 3.285736e-01 1.490384e-01 -5.322408e-02 -3.260130e-01 9.438659e-01 1.877656e+00
9.975882e-01 5.250173e-02 -4.540165e-02 1.322003e+01 -6.429798e-02 9.453800e-01 -3.195659e-01 1.463559e-01 2.614403e-02 3.217144e-01 9.464756e-01 1.899347e+00
9.994314e-01 -3.335380e-02 4.930153e-03 1.329027e+01 2.985503e-02 9.434117e-01 3.302772e-01 1.429635e-01 -1.566715e-02 -3.299422e-01 9.438712e-01 1.927535e+00
9.975531e-01 3.191696e-02 -6.220198e-02 1.338333e+01 -4.888119e-02 9.545093e-01 -2.941473e-01 1.507625e-01 4.998405e-02 2.964680e-01 9.537338e-01 1.976330e+00
9.971621e-01 -5.248689e-02 5.397197e-02 1.345242e+01 3.509885e-02 9.583320e-01 2.834923e-01 1.509781e-01 -6.660267e-02 -2.807934e-01 9.574546e-01 1.967289e+00
9.969955e-01 3.403533e-02 -6.958137e-02 1.351301e+01 -5.231041e-02 9.583526e-01 -2.807561e-01 1.490468e-01 5.712783e-02 2.835523e-01 9.572535e-01 1.969505e+00
9.997350e-01 1.483240e-02 1.760680e-02 1.359468e+01 -1.966606e-02 9.478215e-01 3.181945e-01 1.493732e-01 -1.196848e-02 -3.184564e-01 9.478620e-01 1.992704e+00
9.991395e-01 -2.253499e-02 -3.482139e-02 1.367208e+01 1.045114e-02 9.492255e-01 -3.144230e-01 1.496448e-01 4.013884e-02 3.137885e-01 9.486440e-01 2.021704e+00
9.990746e-01 -1.026749e-03 4.299992e-02 1.373334e+01 -1.173888e-02 9.552536e-01 2.955549e-01 1.484322e-01 -4.137926e-02 -2.957861e-01 9.543576e-01 2.029373e+00
9.975595e-01 -1.452851e-03 -6.980682e-02 1.381998e+01 -1.666789e-02 9.659231e-01 -2.582921e-01 1.411093e-01 6.780325e-02 2.588252e-01 9.635414e-01 2.059114e+00
9.976624e-01 -2.514848e-02 6.353985e-02 1.390485e+01 8.863172e-03 9.695862e-01 2.445895e-01 1.379772e-01 -6.775839e-02 -2.434545e-01 9.675427e-01 2.076099e+00
9.969404e-01 1.106860e-02 -7.737762e-02 1.400422e+01 -3.079126e-02 9.654917e-01 -2.586072e-01 1.354890e-01 7.184500e-02 2.601984e-01 9.628784e-01 2.075604e+00
9.969034e-01 -5.026212e-02 6.047592e-02 1.411650e+01 3.339328e-02 9.668626e-01 2.531040e-01 1.333782e-01 -7.119342e-02 -2.503008e-01 9.655471e-01 2.076266e+00
9.820621e-01 8.995654e-02 -1.657164e-01 1.423575e+01 -1.308569e-01 9.579152e-01 -2.554897e-01 1.340669e-01 1.357593e-01 2.725918e-01 9.525035e-01 2.116946e+00
9.995399e-01 -2.627758e-02 1.514864e-02 1.436127e+01 2.110475e-02 9.612448e-01 2.748872e-01 1.523002e-01 -2.178487e-02 -2.744410e-01 9.613572e-01 2.259469e+00
9.978492e-01 8.236935e-03 -6.503166e-02 1.447366e+01 -2.511385e-02 9.644157e-01 -2.631950e-01 1.507144e-01 6.054958e-02 2.642621e-01 9.625482e-01 2.281206e+00
9.966220e-01 7.600116e-02 -3.112077e-02 1.458477e+01 -6.598998e-02 9.666576e-01 2.474235e-01 1.465643e-01 4.888765e-02 -2.445340e-01 9.684076e-01 2.289957e+00
9.971592e-01 4.298211e-02 -6.185438e-02 1.472948e+01 -6.004906e-02 9.493792e-01 -3.083394e-01 1.598299e-01 4.547012e-02 3.111777e-01 9.492633e-01 2.347217e+00
9.997948e-01 4.900219e-03 -1.965633e-02 1.489030e+01 1.824612e-03 9.445776e-01 3.282833e-01 1.753545e-01 2.017565e-02 -3.282517e-01 9.443749e-01 2.386471e+00
9.998558e-01 -1.229973e-02 -1.170400e-02 1.502477e+01 8.986542e-03 9.682493e-01 -2.498249e-01 1.869217e-01 1.440509e-02 2.496837e-01 9.682202e-01 2.401477e+00
9.998346e-01 1.211213e-02 -1.357155e-02 1.513248e+01 -8.130003e-03 9.649662e-01 2.622484e-01 1.837765e-01 1.627254e-02 -2.620946e-01 9.649051e-01 2.413926e+00
9.998116e-01 7.528864e-03 -1.788730e-02 1.523724e+01 -1.175680e-02 9.682796e-01 -2.495923e-01 1.814958e-01 1.544068e-02 2.497556e-01 9.681857e-01 2.430486e+00
9.965997e-01 5.039194e-02 -6.518917e-02 1.538190e+01 -2.844484e-02 9.529523e-01 3.017828e-01 1.729727e-01 7.732966e-02 -2.989023e-01 9.511455e-01 2.469713e+00
9.741303e-01 2.080579e-01 -8.821557e-02 1.546335e+01 -2.238202e-01 9.421728e-01 -2.494293e-01 1.763771e-01 3.121850e-02 2.627210e-01 9.643666e-01 2.692407e+00
9.982391e-01 -4.798461e-02 -3.487492e-02 1.594726e+01 5.410259e-02 9.775666e-01 2.035598e-01 2.753706e-01 2.432490e-02 -2.050881e-01 9.784413e-01 2.752934e+00
9.467451e-01 2.726454e-01 -1.712837e-01 1.617520e+01 -3.102459e-01 9.147728e-01 -2.587241e-01 2.638608e-01 8.614569e-02 2.980858e-01 9.506438e-01 2.756360e+00
9.532367e-01 -3.020996e-01 8.693739e-03 1.632597e+01 2.812970e-01 8.973802e-01 3.399717e-01 2.727922e-01 -1.105068e-01 -3.216279e-01 9.403956e-01 2.798892e+00
9.565876e-01 2.710499e-01 -1.071071e-01 1.644646e+01 -2.900779e-01 9.210261e-01 -2.599341e-01 2.743488e-01 2.819327e-02 2.797191e-01 9.596678e-01 2.830550e+00
9.517609e-01 -3.053925e-01 2.977618e-02 1.650940e+01 2.854412e-01 9.168099e-01 2.792542e-01 2.716903e-01 -1.125811e-01 -2.572838e-01 9.597555e-01 2.849956e+00
9.380586e-01 3.131313e-01 -1.483064e-01 1.659993e+01 -3.434617e-01 8.967464e-01 -2.790697e-01 2.722363e-01 4.560771e-02 3.127212e-01 9.487493e-01 2.855033e+00
9.319805e-01 -3.625066e-01 1.169439e-03 1.673630e+01 3.518877e-01 9.054456e-01 2.373678e-01 2.796842e-01 -8.710616e-02 -2.208106e-01 9.714192e-01 2.918379e+00
9.140333e-01 3.560218e-01 -1.944004e-01 1.688443e+01 -4.037980e-01 8.441969e-01 -3.525319e-01 3.322137e-01 3.860312e-02 4.007243e-01 9.153850e-01 3.065644e+00
9.553359e-01 -2.770368e-01 1.028787e-01 1.705350e+01 2.747241e-01 9.608380e-01 3.629289e-02 4.012114e-01 -1.089041e-01 -6.408600e-03 9.940316e-01 3.285308e+00
9.206037e-01 3.240488e-01 -2.179018e-01 1.720852e+01 -3.553414e-01 9.265628e-01 -1.233445e-01 4.866318e-01 1.619300e-01 1.909808e-01 9.681451e-01 3.387487e+00
9.786702e-01 -1.847980e-01 8.974651e-02 1.739015e+01 1.949699e-01 9.731579e-01 -1.222723e-01 5.699144e-01 -6.474179e-02 1.371622e-01 9.884306e-01 3.657559e+00
9.341433e-01 2.957624e-01 -1.997520e-01 1.763842e+01 -2.629651e-01 9.487897e-01 1.750637e-01 5.852116e-01 2.412999e-01 -1.110068e-01 9.640808e-01 3.804332e+00
9.845131e-01 -9.111965e-02 1.497708e-01 1.777869e+01 1.132167e-01 9.827350e-01 -1.463352e-01 6.353117e-01 -1.338509e-01 1.610255e-01 9.778317e-01 3.994443e+00
9.661694e-01 1.196649e-01 -2.284664e-01 1.808030e+01 -8.289445e-02 9.829251e-01 1.642762e-01 6.984089e-01 2.442235e-01 -1.397801e-01 9.595918e-01 4.221167e+00
9.906916e-01 1.292544e-01 4.270314e-02 1.826751e+01 -1.252818e-01 9.884429e-01 -8.535369e-02 7.405931e-01 -5.324193e-02 7.920929e-02 9.954352e-01 4.331570e+00
9.770183e-01 -1.061016e-02 -2.128909e-01 1.853132e+01 2.351645e-02 9.980288e-01 5.818385e-02 7.688239e-01 2.118540e-01 -6.185317e-02 9.753420e-01 4.575088e+00
9.855305e-01 1.579948e-01 6.137782e-02 1.877385e+01 -1.480108e-01 9.786511e-01 -1.426010e-01 7.902428e-01 -8.259767e-02 1.314531e-01 9.878754e-01 4.811293e+00
9.798101e-01 2.264276e-02 -1.986438e-01 1.900283e+01 -7.143315e-03 9.968964e-01 7.839881e-02 7.942065e-01 1.998025e-01 -7.539699e-02 9.769310e-01 4.998570e+00
9.860378e-01 1.065909e-01 1.279369e-01 1.922271e+01 -1.003656e-01 9.934747e-01 -5.417590e-02 7.889496e-01 -1.328767e-01 4.057904e-02 9.903015e-01 5.124089e+00
9.694800e-01 -4.605208e-02 -2.408062e-01 1.943006e+01 4.431413e-02 9.989377e-01 -1.263037e-02 8.009017e-01 2.411321e-01 1.573759e-03 9.704910e-01 5.234792e+00
9.710526e-01 2.334218e-01 5.070546e-02 1.970044e+01 -2.330440e-01 9.723750e-01 -1.332223e-02 8.126088e-01 -5.241442e-02 1.119986e-03 9.986248e-01 5.433564e+00
9.811064e-01 -9.644507e-02 -1.677157e-01 1.997349e+01 8.288825e-02 9.928367e-01 -8.605044e-02 8.435085e-01 1.748135e-01 7.052298e-02 9.820727e-01 5.633251e+00
9.707776e-01 2.398318e-01 8.456165e-03 2.025530e+01 -2.396293e-01 9.668470e-01 8.823173e-02 8.315550e-01 1.298496e-02 -8.767974e-02 9.960641e-01 5.764815e+00
9.979387e-01 -6.086509e-02 -2.034370e-02 2.041877e+01 5.828460e-02 9.922644e-01 -1.096087e-01 9.300740e-01 2.685767e-02 1.081970e-01 9.937666e-01 5.885809e+00
9.613517e-01 2.607545e-01 -8.837412e-02 2.059955e+01 -2.717406e-01 9.502475e-01 -1.522727e-01 1.067467e+00 4.427150e-02 1.704024e-01 9.843795e-01 6.088121e+00
9.615117e-01 -2.729730e-01 3.131908e-02 2.074860e+01 2.713180e-01 9.612607e-01 4.862298e-02 1.151748e+00 -4.337857e-02 -3.825409e-02 9.983261e-01 6.289994e+00
9.262307e-01 3.615508e-01 -1.066663e-01 2.095848e+01 -3.641318e-01 9.313335e-01 -5.116047e-03 1.167702e+00 9.749223e-02 4.357921e-02 9.942817e-01 6.428409e+00
9.646810e-01 -2.613240e-01 3.317057e-02 2.110735e+01 2.599469e-01 9.647644e-01 4.070749e-02 1.199145e+00 -4.263964e-02 -3.064713e-02 9.986204e-01 6.673106e+00
9.322763e-01 3.398996e-01 -1.238113e-01 2.128833e+01 -3.394401e-01 9.402836e-01 2.544296e-02 1.219830e+00 1.250658e-01 1.830660e-02 9.919796e-01 6.868815e+00
9.580927e-01 -2.852714e-01 2.604795e-02 2.147869e+01 2.833722e-01 9.571560e-01 5.960219e-02 1.238947e+00 -4.193477e-02 -4.972315e-02 9.978823e-01 7.018937e+00
8.678032e-01 4.739706e-01 -1.492295e-01 2.168515e+01 -4.965897e-01 8.379638e-01 -2.263084e-01 1.279326e+00 1.778541e-02 2.704970e-01 9.625565e-01 7.259507e+00
9.282300e-01 -3.696866e-01 -4.148326e-02 2.186043e+01 3.677413e-01 8.950254e-01 2.523804e-01 1.344894e+00 -5.617309e-02 -2.495221e-01 9.667385e-01 7.482474e+00
9.035770e-01 4.219610e-01 -7.414511e-02 2.202321e+01 -4.256668e-01 8.646018e-01 -2.669675e-01 1.384136e+00 -4.854388e-02 2.727868e-01 9.608490e-01 7.643451e+00
9.155863e-01 -3.881725e-01 -1.049942e-01 2.214705e+01 4.017081e-01 8.710799e-01 2.825779e-01 1.390643e+00 -1.823071e-02 -3.009015e-01 9.534810e-01 7.756403e+00
8.460935e-01 5.239394e-01 -9.804755e-02 2.235581e+01 -5.328576e-01 8.266408e-01 -1.809086e-01 1.414097e+00 -1.373503e-02 2.053109e-01 9.786004e-01 7.937116e+00
9.123877e-01 -3.760981e-01 -1.615510e-01 2.270990e+01 3.899885e-01 9.185927e-01 6.400266e-02 1.417472e+00 1.243283e-01 -1.213983e-01 9.847867e-01 8.086889e+00
8.473904e-01 5.286336e-01 -4.976108e-02 2.308348e+01 -5.303851e-01 8.471303e-01 -3.258784e-02 1.434975e+00 2.492708e-02 5.400715e-02 9.982294e-01 8.288438e+00
9.196092e-01 -3.291420e-01 -2.144394e-01 2.352637e+01 3.252840e-01 9.440683e-01 -5.408720e-02 1.462003e+00 2.202478e-01 -2.001462e-02 9.752386e-01 8.476047e+00
8.573545e-01 5.129294e-01 -4.297328e-02 2.392136e+01 -5.129996e-01 8.583280e-01 1.022076e-02 1.457789e+00 4.212765e-02 1.328247e-02 9.990239e-01 8.571100e+00
9.309826e-01 -3.585392e-01 -6.870865e-02 2.429974e+01 3.436518e-01 9.242259e-01 -1.664627e-01 1.460300e+00 1.231858e-01 1.313620e-01 9.836510e-01 8.740450e+00
8.655190e-01 4.910491e-01 -9.873065e-02 2.461601e+01 -4.873629e-01 8.711228e-01 6.018691e-02 1.469350e+00 1.155612e-01 -3.975263e-03 9.932924e-01 8.949900e+00
9.262551e-01 -3.768672e-01 -4.749439e-03 2.489202e+01 3.758292e-01 9.245053e-01 -6.357966e-02 1.482027e+00 2.835204e-02 5.710597e-02 9.979654e-01 9.155590e+00
