9.256248e-01 2.986000e-01 2.325010e-01 2.766890e-02 -3.102926e-01 9.505295e-01 1.456522e-02 -5.198082e-02 -2.166499e-01 -8.562526e-02 9.724871e-01 3.750910e-01
8.726436e-01 -3.990877e-01 -2.814643e-01 1.502435e-02 4.081469e-01 9.124747e-01 -2.838966e-02 -5.234304e-02 2.681590e-01 -9.010472e-02 9.591516e-01 4.656151e-01
9.231965e-01 3.002744e-01 2.398822e-01 5.426916e-02 -3.131375e-01 9.495645e-01 1.649770e-02 -6.256007e-02 -2.228298e-01 -9.034673e-02 9.706618e-01 5.282396e-01
9.458245e-01 -2.185227e-01 -2.401332e-01 2.542883e-01 2.180794e-01 9.755073e-01 -2.875761e-02 -6.066078e-02 2.405359e-01 -2.516845e-02 9.703139e-01 5.151656e-01
9.588616e-01 1.405132e-01 2.466586e-01 2.507098e-01 -1.482860e-01 9.888574e-01 1.312830e-02 -6.355228e-02 -2.420655e-01 -4.916424e-02 9.690135e-01 6.234785e-01
9.349538e-01 -2.153885e-01 -2.819029e-01 5.089371e-01 1.365345e-01 9.518609e-01 -2.744434e-01 -9.419455e-02 3.274443e-01 2.181025e-01 9.193539e-01 1.157241e+00
9.705848e-01 1.619513e-01 1.781488e-01 1.192746e+00 -1.623958e-01 9.866505e-01 -1.218335e-02 -2.093964e-01 -1.777437e-01 -1.710565e-02 9.839281e-01 2.037466e+00
9.966925e-01 5.190059e-02 6.253239e-02 1.840346e+00 -4.902729e-02 9.977079e-01 -4.663972e-02 -3.422856e-01 -6.480968e-02 4.341967e-02 9.969526e-01 2.049546e+00
9.884504e-01 -1.215531e-01 -9.050241e-02 1.819605e+00 1.318217e-01 9.842498e-01 1.177933e-01 -3.442105e-01 7.475883e-02 -1.283631e-01 9.889055e-01 2.157514e+00
9.986699e-01 3.358952e-02 3.911737e-02 1.804330e+00 -3.112386e-02 9.975895e-01 -6.202059e-02 -3.456806e-01 -4.110631e-02 6.072062e-02 9.973080e-01 2.259042e+00
9.894295e-01 -1.187366e-01 -8.325179e-02 1.791122e+00 1.289185e-01 9.830904e-01 1.300510e-01 -3.483131e-01 6.640222e-02 -1.394090e-01 9.880060e-01 2.357396e+00
9.979139e-01 4.472226e-02 4.655865e-02 1.777794e+00 -4.020590e-02 9.947798e-01 -9.379087e-02 -3.488289e-01 -5.051014e-02 9.172328e-02 9.945027e-01 2.469579e+00
9.925977e-01 -8.970592e-02 -8.187010e-02 1.760812e+00 1.013419e-01 9.832820e-01 1.512824e-01 -3.519390e-01 6.693047e-02 -1.584594e-01 9.850944e-01 2.587263e+00
9.967505e-01 5.648884e-02 5.742297e-02 1.739568e+00 -4.838060e-02 9.898109e-01 -1.339165e-01 -3.546239e-01 -6.440267e-02 1.307031e-01 9.893275e-01 2.724644e+00
9.951204e-01 -7.772188e-02 -6.078466e-02 1.711398e+00 8.638615e-02 9.839525e-01 1.561245e-01 -3.581745e-01 4.767493e-02 -1.606137e-01 9.858653e-01 2.873927e+00
9.981759e-01 5.140724e-02 3.165644e-02 1.685852e+00 -4.787767e-02 9.934621e-01 -1.036379e-01 -3.606074e-01 -3.677721e-02 1.019332e-01 9.941112e-01 3.007586e+00
9.941747e-01 -9.780331e-02 -4.528979e-02 1.663709e+00 1.029866e-01 9.859452e-01 1.315519e-01 -3.630068e-01 3.178704e-02 -1.354498e-01 9.902742e-01 3.142443e+00
9.977694e-01 5.408306e-02 3.913220e-02 1.638537e+00 -4.974943e-02 9.932989e-01 -1.043180e-01 -3.651970e-01 -4.451180e-02 1.021385e-01 9.937738e-01 3.280240e+00
9.950479e-01 -8.877178e-02 -4.471373e-02 1.611230e+00 9.413937e-02 9.860418e-01 1.373290e-01 -3.675931e-01 3.189867e-02 -1.408582e-01 9.895158e-01 3.424534e+00
9.970316e-01 5.149938e-02 5.723542e-02 1.585181e+00 -4.350977e-02 9.901611e-01 -1.329959e-01 -3.705360e-01 -6.352149e-02 1.301108e-01 9.894626e-01 3.575008e+00
9.949524e-01 -9.022954e-02 -4.391387e-02 1.558631e+00 9.580988e-02 9.842816e-01 1.483583e-01 -3.729698e-01 2.983732e-02 -1.518168e-01 9.879582e-01 3.726630e+00
9.972441e-01 5.205445e-02 5.286344e-02 1.531669e+00 -4.422937e-02 9.892055e-01 -1.397008e-01 -3.759277e-01 -5.956485e-02 1.369777e-01 9.887816e-01 3.880130e+00
9.947545e-01 -9.042967e-02 -4.781249e-02 1.506472e+00 9.674910e-02 9.835220e-01 1.527219e-01 -3.789924e-01 3.321405e-02 -1.565467e-01 9.871119e-01 4.029526e+00
9.976458e-01 4.819981e-02 4.878174e-02 1.477789e+00 -4.026973e-02 9.875312e-01 -1.521859e-01 -3.816432e-01 -5.550883e-02 1.498632e-01 9.871473e-01 4.186994e+00
9.952270e-01 -8.944861e-02 -3.901451e-02 1.448496e+00 9.455985e-02 9.827364e-01 1.590206e-01 -3.839214e-01 2.411682e-02 -1.619508e-01 9.865041e-01 4.337931e+00
9.977265e-01 5.315769e-02 4.142595e-02 1.422697e+00 -4.628701e-02 9.872841e-01 -1.520776e-01 -3.867340e-01 -4.898328e-02 1.498144e-01 9.875000e-01 4.491573e+00
9.987666e-01 -4.591902e-02 -1.888805e-02 1.404203e+00 4.824221e-02 9.874562e-01 1.503426e-01 -3.926107e-01 1.174753e-02 -1.510684e-01 9.884535e-01 4.629442e+00
9.999354e-01 -8.642630e-03 7.384939e-03 1.390870e+00 9.557824e-03 9.908625e-01 -1.345371e-01 -3.973724e-01 -6.154704e-03 1.345990e-01 9.908810e-01 4.738837e+00
9.994766e-01 -2.940970e-02 -1.347790e-02 1.366983e+00 3.118466e-02 9.867071e-01 1.594889e-01 -4.003113e-01 8.608218e-03 -1.598257e-01 9.871077e-01 4.875515e+00
9.995673e-01 -8.019665e-03 2.829860e-02 1.341007e+00 1.251278e-02 9.866511e-01 -1.623667e-01 -4.034436e-01 -2.661872e-02 1.626506e-01 9.863246e-01 5.032475e+00
9.998367e-01 -1.599593e-02 -8.408705e-03 1.309967e+00 1.711023e-02 9.876637e-01 1.556523e-01 -4.067822e-01 5.815169e-03 -1.557707e-01 9.877761e-01 5.206997e+00
9.992078e-01 -2.939493e-02 2.682835e-02 1.282840e+00 3.310335e-02 9.880854e-01 -1.503046e-01 -4.096635e-01 -2.209051e-02 1.510736e-01 9.882757e-01 5.366591e+00
9.987024e-01 -4.469191e-02 -2.441575e-02 1.254821e+00 4.895087e-02 9.746799e-01 2.181810e-01 -4.116448e-01 1.404661e-02 -2.190931e-01 9.756028e-01 5.483305e+00
9.997892e-01 -2.020879e-02 3.628549e-03 1.244727e+00 2.052853e-02 9.806533e-01 -1.946733e-01 -4.133413e-01 3.757648e-04 1.947067e-01 9.808614e-01 5.602415e+00
9.998511e-01 -8.476755e-03 1.502964e-02 1.220743e+00 4.979226e-03 9.757003e-01 2.190530e-01 -4.161459e-01 -1.652128e-02 -2.189455e-01 9.755972e-01 5.749210e+00
9.993386e-01 -3.295042e-02 1.538182e-02 1.197623e+00 3.540715e-02 9.780977e-01 -2.051129e-01 -4.188029e-01 -8.286362e-03 2.055219e-01 9.786174e-01 5.889967e+00
9.998601e-01 -1.506289e-02 -7.271202e-03 1.166929e+00 1.640097e-02 9.682298e-01 2.495237e-01 -4.215351e-01 3.281646e-03 -2.496080e-01 9.683414e-01 6.032935e+00
9.993022e-01 -3.710906e-02 -4.244682e-03 1.135670e+00 3.546484e-02 9.783485e-01 -2.039031e-01 -4.230951e-01 1.171943e-02 2.036103e-01 9.789819e-01 6.179017e+00
9.997789e-01 -2.085238e-02 -2.725194e-03 1.106006e+00 2.084977e-02 9.659506e-01 2.578851e-01 -4.250842e-01 -2.745115e-03 -2.578849e-01 9.661718e-01 6.320087e+00
9.989889e-01 -3.604162e-02 -2.687407e-02 1.080340e+00 2.996159e-02 9.793924e-01 -1.997317e-01 -4.265719e-01 3.351891e-02 1.987245e-01 9.794820e-01 6.448652e+00
9.994481e-01 -3.182385e-02 9.526195e-03 1.060911e+00 2.815826e-02 9.637492e-01 2.653199e-01 -4.282503e-01 -1.762436e-02 -2.649053e-01 9.641134e-01 6.582530e+00
9.991334e-01 -8.072274e-03 -4.083207e-02 1.035926e+00 -1.795583e-03 9.717406e-01 -2.360444e-01 -4.317939e-01 4.158359e-02 2.359132e-01 9.708840e-01 6.741560e+00
9.992711e-01 -3.255553e-02 1.993704e-02 1.015570e+00 2.534177e-02 9.562780e-01 2.913592e-01 -4.344675e-01 -2.855071e-02 -2.906416e-01 9.564059e-01 6.882938e+00
9.915603e-01 1.295991e-01 3.501046e-03 1.030897e+00 -1.174329e-01 9.092642e-01 -3.993097e-01 -4.299168e-01 -5.493354e-02 3.955285e-01 9.168094e-01 7.127458e+00
9.962324e-01 7.165471e-03 -8.642773e-02 9.779409e-01 3.408141e-02 8.840529e-01 4.661427e-01 -4.432715e-01 7.974681e-02 -4.673320e-01 8.804778e-01 7.351020e+00
9.985225e-01 -1.238658e-02 5.290853e-02 9.683218e-01 3.326727e-02 9.092222e-01 -4.149798e-01 -4.458107e-01 -4.296543e-02 4.161268e-01 9.082909e-01 7.457455e+00
9.982389e-01 1.909784e-02 -5.616404e-02 1.176916e+00 -1.672408e-02 9.989592e-01 4.243531e-02 -5.004261e-01 5.691601e-02 -4.142129e-02 9.975193e-01 7.815743e+00
9.977387e-01 4.859470e-02 4.643288e-02 1.227347e+00 -4.118680e-02 9.879836e-01 -1.489698e-01 -4.995966e-01 -5.311406e-02 1.467205e-01 9.877510e-01 7.982214e+00
9.934726e-01 -9.367601e-02 -6.509282e-02 1.204235e+00 1.041321e-01 9.777222e-01 1.822518e-01 -5.019630e-01 4.657008e-02 -1.878404e-01 9.810949e-01 8.108594e+00
9.993317e-01 2.645523e-02 2.522582e-02 1.180659e+00 -2.372965e-02 9.944168e-01 -1.028208e-01 -5.029337e-01 -2.780512e-02 1.021534e-01 9.943800e-01 8.229696e+00
9.933351e-01 -9.483061e-02 -6.551702e-02 1.157716e+00 1.048625e-01 9.794708e-01 1.721652e-01 -5.039178e-01 4.784548e-02 -1.778881e-01 9.828869e-01 8.349070e+00
9.985230e-01 4.237635e-02 3.400142e-02 1.135614e+00 -3.835881e-02 9.930602e-01 -1.111753e-01 -5.050782e-01 -3.847666e-02 1.097068e-01 9.932190e-01 8.471561e+00
9.928721e-01 -8.971407e-02 -7.846289e-02 1.111042e+00 1.032575e-01 9.762681e-01 1.903642e-01 -5.064048e-01 5.952247e-02 -1.971092e-01 9.785730e-01 8.589460e+00
9.991611e-01 3.008194e-02 2.778676e-02 1.087761e+00 -2.618641e-02 9.910040e-01 -1.312452e-01 -5.081360e-01 -3.148490e-02 1.304074e-01 9.909604e-01 8.717998e+00
9.963146e-01 -6.396798e-02 -5.714263e-02 1.067178e+00 7.387624e-02 9.784654e-01 1.927374e-01 -5.099243e-01 4.358306e-02 -1.962486e-01 9.795851e-01 8.857113e+00
9.996495e-01 1.983188e-02 1.753645e-02 1.042092e+00 -1.731261e-02 9.908729e-01 -1.336831e-01 -5.120658e-01 -2.002758e-02 1.333327e-01 9.908690e-01 8.983731e+00
9.954413e-01 -7.614189e-02 -5.743722e-02 1.023241e+00 8.602743e-02 9.768211e-01 1.960095e-01 -5.137811e-01 4.118135e-02 -2.000572e-01 9.789184e-01 9.107573e+00
9.993094e-01 3.022615e-02 2.161202e-02 9.964799e-01 -2.691983e-02 9.898375e-01 -1.396320e-01 -5.151519e-01 -2.561293e-02 1.389538e-01 9.899676e-01 9.238940e+00
9.821037e-01 1.853174e-01 -3.361314e-02 1.338157e+00 -1.882446e-01 9.715526e-01 -1.436992e-01 -5.416431e-01 6.026982e-03 1.474550e-01 9.890504e-01 9.814658e+00
9.889534e-01 -7.652408e-02 1.269458e-01 1.645004e+00 8.218530e-02 9.958154e-01 -3.996650e-02 -5.697098e-01 -1.233561e-01 4.995808e-02 9.911042e-01 1.017726e+01
9.691212e-01 1.962844e-01 -1.492533e-01 1.705783e+00 -1.808567e-01 9.772422e-01 1.108537e-01 -5.847900e-01 1.676154e-01 -8.043724e-02 9.825655e-01 1.028153e+01
9.649798e-01 -2.079747e-01 1.598766e-01 1.686530e+00 2.218824e-01 9.722213e-01 -7.452403e-02 -5.887118e-01 -1.399364e-01 1.073880e-01 9.843199e-01 1.042287e+01
9.728697e-01 1.798963e-01 -1.454710e-01 1.656824e+00 -1.610009e-01 9.779923e-01 1.327020e-01 -5.911518e-01 1.661421e-01 -1.056808e-01 9.804225e-01 1.056071e+01
9.639770e-01 -2.334498e-01 1.274737e-01 1.629261e+00 2.423724e-01 9.683603e-01 -5.944697e-02 -5.931887e-01 -1.095626e-01 8.820162e-02 9.900588e-01 1.069673e+01
9.211962e-01 3.201883e-01 -2.210815e-01 1.886091e+00 -3.730652e-01 8.882382e-01 -2.680582e-01 -6.292213e-01 1.105439e-01 3.294121e-01 9.376928e-01 1.109276e+01
9.592570e-01 -1.416441e-01 2.444646e-01 2.066166e+00 1.316938e-01 9.896695e-01 5.666538e-02 -6.277687e-01 -2.499655e-01 -2.216220e-02 9.680011e-01 1.152092e+01
9.418415e-01 2.267615e-01 -2.480197e-01 2.153347e+00 -3.067701e-01 8.814731e-01 -3.590227e-01 -6.497002e-01 1.372102e-01 4.142275e-01 8.997716e-01 1.181936e+01
9.886378e-01 3.546293e-02 1.460741e-01 2.669086e+00 -6.990694e-02 9.687596e-01 2.379450e-01 -6.909648e-01 -1.330724e-01 -2.454530e-01 9.602315e-01 1.234572e+01
9.835089e-01 1.616458e-01 -8.112296e-02 2.956307e+00 -1.782306e-01 9.424494e-01 -2.828833e-01 -7.089717e-01 3.072739e-02 2.926768e-01 9.557176e-01 1.265375e+01
9.870919e-01 -1.578873e-01 -2.685566e-02 2.943521e+00 1.586471e-01 9.409959e-01 2.989279e-01 -7.188313e-01 -2.192588e-02 -2.993299e-01 9.538977e-01 1.279530e+01
9.860052e-01 1.650107e-01 2.377488e-02 2.923054e+00 -1.446410e-01 9.176255e-01 -3.701923e-01 -7.233781e-01 -8.290213e-02 3.615728e-01 9.286508e-01 1.300080e+01
9.979032e-01 -6.295184e-02 1.504277e-02 2.932653e+00 5.784881e-02 9.717189e-01 2.289454e-01 -7.424825e-01 -2.902987e-02 -2.275951e-01 9.733230e-01 1.346333e+01
9.792460e-01 1.999068e-01 3.338320e-02 2.849509e+00 -1.768697e-01 9.233218e-01 -3.408724e-01 -7.641484e-01 -9.896614e-02 3.278934e-01 9.395167e-01 1.400501e+01
9.724697e-01 -2.292930e-01 -4.156154e-02 2.811877e+00 2.310775e-01 9.258282e-01 2.990741e-01 -7.635659e-01 -3.009674e-02 -3.004444e-01 9.533244e-01 1.418194e+01
9.880198e-01 1.502297e-01 -3.532651e-02 2.782113e+00 -1.543170e-01 9.590667e-01 -2.374392e-01 -7.657008e-01 -1.789955e-03 2.400461e-01 9.707598e-01 1.432538e+01
9.745095e-01 -2.241636e-01 -9.054823e-03 2.752792e+00 2.186367e-01 9.398862e-01 2.623203e-01 -7.687999e-01 -5.029216e-02 -2.576133e-01 9.649384e-01 1.449580e+01
9.832333e-01 1.752897e-01 -5.025651e-02 2.723251e+00 -1.817555e-01 9.643339e-01 -1.924188e-01 -7.719348e-01 1.473502e-02 1.983270e-01 9.800251e-01 1.465271e+01
9.707650e-01 -2.375770e-01 3.424145e-02 2.712580e+00 2.297759e-01 9.610361e-01 1.536639e-01 -7.793468e-01 -6.941427e-02 -1.413037e-01 9.875297e-01 1.480119e+01
9.766485e-01 2.078151e-01 -5.450327e-02 2.684740e+00 -2.132670e-01 9.684428e-01 -1.289797e-01 -7.828601e-01 2.597937e-02 1.375916e-01 9.901483e-01 1.496306e+01
9.442355e-01 -3.287835e-01 1.790710e-02 2.731726e+00 3.241321e-01 9.376945e-01 1.251693e-01 -7.864692e-01 -5.794500e-02 -1.123851e-01 9.919738e-01 1.521875e+01
9.278060e-01 3.723049e-01 -2.377244e-02 2.767911e+00 -3.694717e-01 9.081862e-01 -1.966939e-01 -7.906839e-01 -5.164029e-02 1.912770e-01 9.801767e-01 1.540367e+01
9.029736e-01 -4.167555e-01 -1.046590e-01 2.746759e+00 4.295542e-01 8.692354e-01 2.447715e-01 -7.930395e-01 -1.103654e-02 -2.659789e-01 9.639157e-01 1.554452e+01
9.310245e-01 3.649398e-01 3.525615e-03 2.719266e+00 -3.565969e-01 9.117113e-01 -2.040124e-01 -7.955152e-01 -7.766658e-02 1.886833e-01 9.789620e-01 1.568617e+01
9.063800e-01 -4.162770e-01 -7.203334e-02 2.695728e+00 4.221206e-01 8.855145e-01 1.941088e-01 -8.003347e-01 -1.701648e-02 -2.063431e-01 9.783317e-01 1.582422e+01
9.155714e-01 4.020490e-01 -9.251498e-03 2.669503e+00 -3.948833e-01 8.944223e-01 -2.099427e-01 -8.051783e-01 -7.613251e-02 1.958708e-01 9.776699e-01 1.597672e+01
8.905922e-01 -4.430276e-01 -1.028209e-01 2.642977e+00 4.545566e-01 8.596255e-01 2.332858e-01 -8.079861e-01 -1.496462e-02 -2.545004e-01 9.669569e-01 1.611814e+01
9.138141e-01 4.055339e-01 -2.204796e-02 2.631940e+00 -3.968323e-01 8.800197e-01 -2.609394e-01 -8.134740e-01 -8.641713e-02 2.471994e-01 9.651034e-01 1.629515e+01
9.124643e-01 -3.785113e-01 -1.553643e-01 2.623652e+00 4.073444e-01 8.760807e-01 2.579791e-01 -8.198661e-01 3.846360e-02 -2.986835e-01 9.535768e-01 1.647227e+01
9.456053e-01 3.237613e-01 3.177013e-02 2.602853e+00 -3.102658e-01 9.269074e-01 -2.111345e-01 -8.208035e-01 -9.780514e-02 1.897927e-01 9.769406e-01 1.659521e+01
9.148700e-01 -3.768258e-01 -1.449663e-01 2.583639e+00 4.025127e-01 8.793231e-01 2.545081e-01 -8.224599e-01 3.156696e-02 -2.911926e-01 9.561435e-01 1.672403e+01
9.499223e-01 3.101675e-01 3.799629e-02 2.559327e+00 -2.971534e-01 9.342305e-01 -1.972646e-01 -8.243936e-01 -9.668236e-02 1.760953e-01 9.796137e-01 1.684392e+01
9.152071e-01 -3.696881e-01 -1.603954e-01 2.538568e+00 3.992500e-01 8.858668e-01 2.363035e-01 -8.253155e-01 5.473036e-02 -2.803045e-01 9.583496e-01 1.696771e+01
9.418181e-01 3.312490e-01 5.703203e-02 2.518762e+00 -3.131141e-01 9.263238e-01 -2.094844e-01 -8.270972e-01 -1.222216e-01 1.794387e-01 9.761473e-01 1.710600e+01
9.166602e-01 -3.672834e-01 -1.575979e-01 2.498557e+00 3.945003e-01 8.946973e-01 2.094904e-01 -8.294939e-01 6.406010e-02 -2.542039e-01 9.650268e-01 1.724945e+01
9.370328e-01 3.387291e-01 8.504221e-02 2.502509e+00 -2.965233e-01 9.002869e-01 -3.186808e-01 -8.393230e-01 -1.845089e-01 2.733974e-01 9.440394e-01 1.738031e+01
9.261186e-01 -3.177713e-01 -2.032874e-01 2.495793e+00 3.678698e-01 8.800932e-01 3.001795e-01 -8.398562e-01 8.352340e-02 -3.527851e-01 9.319692e-01 1.755966e+01
9.195507e-01 3.812068e-01 9.543500e-02 2.463111e+00 -3.266296e-01 8.764584e-01 -3.537426e-01 -8.442410e-01 -2.184939e-01 2.941123e-01 9.304614e-01 1.772774e+01
8.848688e-01 -3.744599e-01 -2.771046e-01 2.434677e+00 4.559859e-01 8.179492e-01 3.507648e-01 -8.454388e-01 9.531015e-02 -4.367366e-01 8.945262e-01 1.784552e+01
9.223500e-01 3.772675e-01 8.330548e-02 2.418066e+00 -3.233942e-01 8.718563e-01 -3.678082e-01 -8.467555e-01 -2.113925e-01 3.123073e-01 9.261627e-01 1.795853e+01
8.956629e-01 -3.786889e-01 -2.332009e-01 2.397731e+00 4.394484e-01 8.341890e-01 3.331872e-01 -8.498913e-01 6.835931e-02 -4.009032e-01 9.135664e-01 1.807866e+01
9.168010e-01 3.927418e-01 7.231797e-02 2.374251e+00 -3.483080e-01 8.749933e-01 -3.362562e-01 -8.521188e-01 -1.953396e-01 2.830911e-01 9.389898e-01 1.820863e+01
8.868228e-01 -3.856541e-01 -2.545905e-01 2.349460e+00 4.538615e-01 8.305159e-01 3.228825e-01 -8.541247e-01 8.692045e-02 -4.018884e-01 9.115539e-01 1.833731e+01
8.865975e-01 4.511606e-01 1.019756e-01 2.356887e+00 -3.768796e-01 8.324396e-01 -4.062094e-01 -8.594125e-01 -2.681542e-01 3.217117e-01 9.080721e-01 1.852545e+01
8.529175e-01 -3.673602e-01 -3.709153e-01 2.353111e+00 4.992511e-01 7.816441e-01 3.738728e-01 -8.640613e-01 1.525778e-01 -5.040626e-01 8.500829e-01 1.870120e+01
8.806548e-01 4.578287e-01 1.218192e-01 2.348697e+00 -3.475802e-01 7.991063e-01 -4.905273e-01 -8.679695e-01 -3.219240e-01 3.896433e-01 8.628691e-01 1.882686e+01
8.340084e-01 -3.768760e-01 -4.029820e-01 2.321017e+00 5.337801e-01 7.360070e-01 4.163802e-01 -8.702534e-01 1.396738e-01 -5.623684e-01 8.150049e-01 1.895166e+01
8.651606e-01 4.926854e-01 9.358552e-02 2.303697e+00 -3.635148e-01 7.446626e-01 -5.597630e-01 -8.711855e-01 -3.454767e-01 4.502652e-01 8.233512e-01 1.910582e+01
8.815398e-01 -3.722386e-01 -2.903894e-01 2.295934e+00 4.692056e-01 7.589008e-01 4.515703e-01 -8.783850e-01 5.228486e-02 -5.343296e-01 8.436576e-01 1.935566e+01
8.741951e-01 4.850905e-01 -2.168182e-02 2.537849e+00 -4.009825e-01 6.959983e-01 -5.956503e-01 -8.837573e-01 -2.738538e-01 5.294086e-01 8.029512e-01 1.955981e+01
9.176891e-01 -3.333846e-01 -2.161053e-01 2.546257e+00 3.968056e-01 7.419900e-01 5.403667e-01 -8.954718e-01 -1.980198e-02 -5.816404e-01 8.132050e-01 1.976191e+01
9.320052e-01 3.606548e-01 -3.597756e-02 2.547922e+00 -3.268279e-01 7.933564e-01 -5.135846e-01 -9.004622e-01 -1.566837e-01 4.904220e-01 8.572844e-01 1.988797e+01
9.134519e-01 -3.641225e-01 -1.817152e-01 2.516388e+00 4.032992e-01 7.503495e-01 5.237608e-01 -9.027077e-01 -5.436320e-02 -5.517159e-01 8.322585e-01 2.002965e+01
9.232635e-01 3.796717e-01 -5.859896e-02 2.509778e+00 -3.518699e-01 7.745298e-01 -5.256340e-01 -9.070455e-01 -1.541817e-01 5.059179e-01 8.486902e-01 2.020040e+01
9.632000e-01 -2.661473e-01 -3.756733e-02 2.559048e+00 2.583519e-01 8.781597e-01 4.026038e-01 -9.199203e-01 -7.416177e-02 -3.974935e-01 9.146031e-01 2.045324e+01
9.697698e-01 2.377563e-01 -5.494071e-02 2.572900e+00 -2.363987e-01 8.595188e-01 -4.531481e-01 -9.272807e-01 -6.051624e-02 4.524372e-01 8.897406e-01 2.062639e+01
9.645378e-01 -2.420903e-01 -1.051622e-01 2.544002e+00 2.623283e-01 8.352302e-01 4.832953e-01 -9.341481e-01 -2.916642e-02 -4.937436e-01 8.691183e-01 2.078859e+01
9.796770e-01 1.960500e-01 -4.239629e-02 2.523132e+00 -1.922959e-01 8.578645e-01 -4.765404e-01 -9.385532e-01 -5.705546e-02 4.750082e-01 8.781297e-01 2.091068e+01
9.624835e-01 -2.706712e-01 -1.904269e-02 2.769490e+00 2.500206e-01 8.574047e-01 4.498298e-01 -9.567686e-01 -1.054287e-01 -4.377148e-01 8.929113e-01 2.111474e+01
9.186346e-01 3.938522e-01 3.148015e-02 3.138422e+00 -3.273632e-01 8.033185e-01 -4.975065e-01 -9.445375e-01 -2.212326e-01 4.467212e-01 8.668889e-01 2.102259e+01
9.036503e-01 -3.398034e-01 -2.606718e-01 3.114892e+00 4.265062e-01 7.692303e-01 4.757912e-01 -9.473808e-01 3.884120e-02 -5.411270e-01 8.400434e-01 2.115257e+01
9.295073e-01 3.668851e-01 3.757138e-02 3.092989e+00 -2.996840e-01 8.107495e-01 -5.028665e-01 -9.490766e-01 -2.149552e-01 4.561586e-01 8.635471e-01 2.128453e+01
9.131676e-01 -3.424630e-01 -2.210068e-01 3.073078e+00 4.073377e-01 7.856580e-01 4.656366e-01 -9.529698e-01 1.417248e-02 -5.152287e-01 8.569356e-01 2.142614e+01
9.227653e-01 3.853134e-01 6.148368e-03 3.045836e+00 -3.361997e-01 8.127386e-01 -4.758420e-01 -9.570746e-01 -1.883453e-01 4.370234e-01 8.795093e-01 2.156944e+01
9.136712e-01 -3.372256e-01 -2.269006e-01 3.017304e+00 4.061792e-01 7.780671e-01 4.791973e-01 -9.597110e-01 1.494628e-02 -5.299911e-01 8.478715e-01 2.169587e+01
9.322857e-01 3.607073e-01 2.708520e-02 3.075677e+00 -2.855310e-01 7.798167e-01 -5.570979e-01 -9.697546e-01 -2.220707e-01 5.116407e-01 8.300050e-01 2.189906e+01
9.379757e-01 -2.352784e-01 -2.546483e-01 3.129536e+00 3.362826e-01 7.961070e-01 5.031180e-01 -9.753564e-01 8.435451e-02 -5.575462e-01 8.258490e-01 2.214155e+01
9.127141e-01 3.876119e-01 1.292672e-01 3.192577e+00 -1.703603e-01 6.485562e-01 -7.418573e-01 -9.995035e-01 -3.713897e-01 6.550816e-01 6.579801e-01 2.237695e+01
9.260439e-01 -1.713005e-01 -3.363016e-01 3.189428e+00 3.643908e-01 6.378771e-01 6.784779e-01 -1.008593e+00 9.829552e-02 -7.508455e-01 6.531225e-01 2.254048e+01
9.512602e-01 2.912267e-01 1.014445e-01 3.177663e+00 -1.203664e-01 6.534792e-01 -7.473131e-01 -1.015239e+00 -2.839294e-01 6.986787e-01 6.566827e-01 2.265802e+01
9.502496e-01 -1.286083e-01 -2.837000e-01 3.151785e+00 2.975322e-01 6.443422e-01 7.044840e-01 -1.017407e+00 9.219740e-02 -7.538455e-01 6.505510e-01 2.280890e+01
9.698073e-01 2.168697e-01 1.115407e-01 3.175370e+00 -7.660661e-02 7.051314e-01 -7.049264e-01 -1.023619e+00 -2.315280e-01 6.750980e-01 7.004552e-01 2.290797e+01
9.495975e-01 -1.050984e-01 -2.953285e-01 3.220641e+00 2.852787e-01 6.802235e-01 6.752126e-01 -1.022301e+00 1.299256e-01 -7.254312e-01 6.759208e-01 2.297032e+01
8.259736e-01 5.619091e-01 -4.500746e-02 6.283603e+00 -3.447675e-01 4.403898e-01 -8.289705e-01 -1.400584e+00 -4.459853e-01 7.002249e-01 5.574784e-01 2.683386e+01
9.927340e-01 1.842366e-02 -1.189111e-01 8.110398e+00 8.012719e-02 6.360342e-01 7.674895e-01 -1.454136e+00 8.977151e-02 -7.714409e-01 6.299365e-01 2.849079e+01
9.948890e-01 3.931214e-02 9.300795e-02 8.084312e+00 4.511616e-02 6.509805e-01 -7.577526e-01 -1.457258e+00 -9.033523e-02 7.580759e-01 6.458797e-01 2.863009e+01
9.970492e-01 -2.685621e-03 -7.671774e-02 8.062471e+00 6.035917e-02 6.449095e-01 7.618717e-01 -1.459712e+00 4.742990e-02 -7.642542e-01 6.431686e-01 2.876522e+01
9.978978e-01 2.020595e-02 6.157701e-02 8.146505e+00 3.689047e-02 6.040896e-01 -7.960621e-01 -1.470325e+00 -5.328322e-02 7.966602e-01 6.020743e-01 2.897066e+01
9.973955e-01 5.901763e-02 4.146174e-02 9.208667e+00 -6.897612e-02 6.124590e-01 7.874873e-01 -1.672535e+00 2.108202e-02 -7.882962e-01 6.149347e-01 2.986228e+01
9.604702e-01 8.808706e-02 2.640789e-01 1.011400e+01 1.679673e-01 5.731143e-01 -8.020767e-01 -1.727099e+00 -2.220000e-01 8.147274e-01 5.356635e-01 3.023650e+01
9.479511e-01 3.088470e-01 -7.747427e-02 1.089494e+01 -1.141886e-01 5.568609e-01 8.227192e-01 -1.772323e+00 2.972367e-01 -7.710509e-01 5.631437e-01 3.041945e+01
9.090774e-01 8.809752e-02 4.072065e-01 1.157961e+01 2.771543e-01 6.018763e-01 -7.489529e-01 -1.812571e+00 -3.110689e-01 7.937152e-01 5.227355e-01 3.070110e+01
8.573367e-01 5.033309e-01 -1.078505e-01 1.184038e+01 -2.366220e-01 5.714214e-01 7.858038e-01 -1.819078e+00 4.571474e-01 -6.481786e-01 6.089997e-01 3.106579e+01
8.519763e-01 -2.425686e-01 4.640009e-01 1.185716e+01 5.169174e-01 5.306187e-01 -6.717441e-01 -1.824121e+00 -8.326352e-02 8.121602e-01 5.774625e-01 3.122153e+01
8.699464e-01 4.874211e-01 -7.492668e-02 1.182333e+01 -2.231486e-01 5.245715e-01 8.216017e-01 -1.827605e+00 4.397704e-01 -6.980296e-01 5.651165e-01 3.138106e+01
8.619284e-01 -2.782161e-01 4.238812e-01 1.179417e+01 5.059498e-01 5.264903e-01 -6.832443e-01 -1.831853e+00 -3.307980e-02 8.033703e-01 5.945603e-01 3.152019e+01
8.754728e-01 4.821053e-01 -3.349430e-02 1.177374e+01 -2.620389e-01 5.317953e-01 8.053132e-01 -1.835740e+00 4.060579e-01 -6.962530e-01 5.919027e-01 3.167001e+01
8.663270e-01 -2.994234e-01 3.997790e-01 1.175032e+01 4.993791e-01 5.351066e-01 -6.813820e-01 -1.840513e+00 -9.902711e-03 7.899409e-01 6.131031e-01 3.181820e+01
9.016461e-01 4.324437e-01 5.168719e-03 1.173798e+01 -2.628461e-01 5.384656e-01 8.006040e-01 -1.845054e+00 3.434330e-01 -7.232200e-01 5.991716e-01 3.193742e+01
8.875735e-01 -3.147453e-01 3.363758e-01 1.171901e+01 4.573085e-01 5.140049e-01 -7.257189e-01 -1.849057e+00 5.551779e-02 7.979564e-01 6.001528e-01 3.205937e+01
9.071558e-01 4.184693e-01 4.417937e-02 1.169340e+01 -2.663788e-01 4.898142e-01 8.301351e-01 -1.851917e+00 3.257464e-01 -7.648303e-01 5.558092e-01 3.218230e+01
8.935329e-01 -3.368125e-01 2.969112e-01 1.167134e+01 4.354884e-01 4.891199e-01 -7.557193e-01 -1.854855e+00 1.093105e-01 8.045615e-01 5.837226e-01 3.230552e+01
9.196542e-01 3.771189e-01 1.096239e-01 1.164620e+01 -2.862004e-01 4.524112e-01 8.446381e-01 -1.856844e+00 2.689339e-01 -8.081494e-01 5.239934e-01 3.243464e+01
9.126256e-01 -3.453327e-01 2.187688e-01 1.162346e+01 3.713938e-01 4.767821e-01 -7.967091e-01 -1.859160e+00 1.708247e-01 8.083466e-01 5.633780e-01 3.257537e+01
9.485154e-01 2.777175e-01 1.522878e-01 1.160646e+01 -2.657341e-01 4.361400e-01 8.597484e-01 -1.861825e+00 1.723484e-01 -8.559526e-01 4.874845e-01 3.269663e+01
9.349073e-01 -3.351413e-01 1.167415e-01 1.159076e+01 2.721891e-01 4.660510e-01 -8.418489e-01 -1.863587e+00 2.277309e-01 8.188265e-01 5.269363e-01 3.282355e+01
9.648363e-01 1.751038e-01 1.960346e-01 1.156983e+01 -2.533099e-01 4.202935e-01 8.713136e-01 -1.865186e+00 7.017827e-02 -8.903325e-01 4.498700e-01 3.295056e+01
9.442489e-01 -3.267673e-01 4.021424e-02 1.155441e+01 1.851365e-01 4.259974e-01 -8.855793e-01 -1.869706e+00 2.722472e-01 8.436524e-01 4.627441e-01 3.307335e+01
9.586106e-01 1.307753e-01 2.529101e-01 1.153022e+01 -2.845203e-01 4.066943e-01 8.681290e-01 -1.872190e+00 1.067276e-02 -9.041557e-01 4.270697e-01 3.319699e+01
9.436916e-01 -3.298291e-01 -2.566925e-02 1.150569e+01 1.291853e-01 4.388245e-01 -8.892380e-01 -1.875243e+00 3.045609e-01 8.358503e-01 4.567241e-01 3.333566e+01
9.550782e-01 8.322406e-02 2.844281e-01 1.148157e+01 -2.922995e-01 4.227558e-01 8.578103e-01 -1.879118e+00 -4.885317e-02 -9.024142e-01 4.280912e-01 3.348634e+01
9.314004e-01 -3.477784e-01 -1.074404e-01 1.146478e+01 7.691499e-02 4.765465e-01 -8.757783e-01 -1.881293e+00 3.557771e-01 8.074365e-01 4.706049e-01 3.361601e+01
9.476175e-01 -4.509547e-03 3.193754e-01 1.145141e+01 -2.792327e-01 4.737831e-01 8.351998e-01 -1.883296e+00 -1.550811e-01 -8.806300e-01 4.477059e-01 3.372126e+01
9.264397e-01 -3.162644e-01 -2.041725e-01 1.142115e+01 -4.442580e-03 5.331493e-01 -8.460095e-01 -1.884990e+00 3.764171e-01 7.846838e-01 4.925256e-01 3.384339e+01
9.533560e-01 3.017183e-02 3.003365e-01 1.143990e+01 -2.702205e-01 5.287027e-01 8.046455e-01 -1.885441e+00 -1.345111e-01 -8.482707e-01 5.121949e-01 3.399535e+01
9.487830e-01 -2.422391e-01 -2.028077e-01 1.143274e+01 -2.750509e-02 5.761692e-01 -8.168675e-01 -1.892348e+00 3.147288e-01 7.806083e-01 5.399967e-01 3.413442e+01
9.529724e-01 -1.384419e-01 2.695876e-01 1.140952e+01 -1.649332e-01 5.093606e-01 8.445998e-01 -1.893463e+00 -2.542453e-01 -8.493442e-01 4.625730e-01 3.423803e+01
9.163405e-01 -2.520873e-01 -3.110821e-01 1.139393e+01 -1.063037e-01 5.958784e-01 -7.960078e-01 -1.894298e+00 3.860306e-01 7.624834e-01 5.192297e-01 3.432168e+01
9.172811e-01 -2.254261e-01 3.282962e-01 1.137669e+01 -1.541165e-01 5.591950e-01 8.145852e-01 -1.894894e+00 -3.672104e-01 -7.977995e-01 4.781971e-01 3.443040e+01
8.886607e-01 -1.966865e-01 -4.142421e-01 1.135030e+01 -2.064035e-01 6.350993e-01 -7.443430e-01 -1.896334e+00 4.094871e-01 7.469694e-01 5.237910e-01 3.454730e+01
9.149367e-01 -4.268662e-02 4.013337e-01 1.152286e+01 -1.715716e-01 8.589299e-01 4.824962e-01 -1.929797e+00 -3.653137e-01 -5.103109e-01 7.785427e-01 3.480019e+01
9.278766e-01 -1.210993e-01 -3.526755e-01 1.164265e+01 -1.575495e-01 7.299101e-01 -6.651387e-01 -1.954780e+00 3.379692e-01 6.727305e-01 6.581873e-01 3.510341e+01
9.269771e-01 3.017867e-02 3.739019e-01 1.175094e+01 -2.341132e-01 8.253508e-01 5.137968e-01 -1.977567e+00 -2.930945e-01 -5.638132e-01 7.721465e-01 3.534838e+01
9.423908e-01 -2.168537e-01 -2.547038e-01 1.179723e+01 2.148863e-03 7.653234e-01 -6.436423e-01 -1.992517e+00 3.345070e-01 6.060153e-01 7.216997e-01 3.554064e+01
9.446713e-01 -9.514895e-02 3.139154e-01 1.185663e+01 -1.610619e-01 6.991473e-01 6.966004e-01 -1.998726e+00 -2.857539e-01 -7.086182e-01 6.451395e-01 3.559982e+01
9.036583e-01 -1.881829e-01 -3.846931e-01 1.196291e+01 -1.190129e-01 7.525476e-01 -6.476944e-01 -2.001728e+00 4.113849e-01 6.310779e-01 6.576497e-01 3.563605e+01
9.050466e-01 -2.893458e-01 3.117206e-01 1.198941e+01 -1.361457e-02 7.128362e-01 7.011984e-01 -1.997727e+00 -4.250945e-01 -6.388611e-01 6.412107e-01 3.567697e+01
8.844305e-01 -2.989978e-02 -4.657131e-01 1.196584e+01 -2.780101e-01 7.677778e-01 -5.772587e-01 -1.999673e+00 3.748241e-01 6.400181e-01 6.707337e-01 3.580135e+01
8.722961e-01 -3.304008e-01 3.604649e-01 1.193573e+01 1.986285e-02 7.605139e-01 6.490177e-01 -2.002241e+00 -4.885745e-01 -5.589758e-01 6.699560e-01 3.594320e+01
8.678900e-01 -2.456639e-03 -4.967504e-01 1.191793e+01 -2.972334e-01 7.986582e-01 -5.232566e-01 -2.006052e+00 3.980192e-01 6.017799e-01 6.924172e-01 3.607865e+01
8.652465e-01 -3.745305e-01 3.332798e-01 1.189882e+01 7.294711e-02 7.517446e-01 6.554073e-01 -2.007967e+00 -4.960113e-01 -5.427771e-01 6.777653e-01 3.618638e+01
8.491658e-01 5.916199e-02 -5.248021e-01 1.188415e+01 -3.630399e-01 7.870876e-01 -4.986935e-01 -2.011679e+00 3.835615e-01 6.139976e-01 6.898460e-01 3.630409e+01
8.464218e-01 -3.975680e-01 3.542736e-01 1.185815e+01 8.864431e-02 7.611973e-01 6.424335e-01 -2.013759e+00 -5.250832e-01 -5.123654e-01 6.795361e-01 3.644132e+01
8.397896e-01 8.161211e-02 -5.367429e-01 1.184531e+01 -3.691512e-01 8.107658e-01 -4.542976e-01 -2.016990e+00 3.980966e-01 5.796536e-01 7.109999e-01 3.655823e+01
8.332669e-01 -4.310885e-01 3.461634e-01 1.182924e+01 1.451260e-01 7.747122e-01 6.154343e-01 -2.020107e+00 -5.334836e-01 -4.625837e-01 7.081042e-01 3.666242e+01
8.253654e-01 1.310267e-01 -5.491848e-01 1.180877e+01 -3.997321e-01 8.225500e-01 -4.045068e-01 -2.021956e+00 3.987307e-01 5.533927e-01 7.312799e-01 3.678427e+01
8.052838e-01 -4.754907e-01 3.541561e-01 1.178471e+01 1.947853e-01 7.763595e-01 5.994369e-01 -2.024032e+00 -5.599792e-01 -4.137324e-01 7.178083e-01 3.690288e+01
8.101095e-01 1.663044e-01 -5.621970e-01 1.177384e+01 -4.291543e-01 8.215330e-01 -3.753799e-01 -2.027234e+00 3.994360e-01 5.453681e-01 7.369019e-01 3.701593e+01
7.891041e-01 -4.955816e-01 3.629236e-01 1.175716e+01 2.246226e-01 7.827192e-01 5.804269e-01 -2.029947e+00 -5.717162e-01 -3.764964e-01 7.289658e-01 3.713920e+01
8.008703e-01 2.073558e-01 -5.617921e-01 1.174344e+01 -4.549758e-01 8.206672e-01 -3.456911e-01 -2.033501e+00 3.893633e-01 5.324555e-01 7.515899e-01 3.726528e+01
7.808109e-01 -4.888605e-01 3.890370e-01 1.172974e+01 2.374720e-01 8.081796e-01 5.389368e-01 -2.036763e+00 -5.778767e-01 -3.284223e-01 7.471260e-01 3.740605e+01
8.021989e-01 2.109028e-01 -5.585669e-01 1.171512e+01 -4.546123e-01 8.222274e-01 -3.424467e-01 -2.040914e+00 3.870461e-01 5.286418e-01 7.554689e-01 3.755460e+01
7.848121e-01 -4.749409e-01 3.981220e-01 1.170004e+01 2.262458e-01 8.176405e-01 5.294119e-01 -2.044407e+00 -5.769600e-01 -3.254154e-01 7.491475e-01 3.770506e+01
7.971950e-01 2.077103e-01 -5.668655e-01 1.168130e+01 -4.418001e-01 8.406321e-01 -3.132894e-01 -2.047332e+00 4.114519e-01 5.001940e-01 7.619142e-01 3.784307e+01
7.761334e-01 -4.767893e-01 4.126606e-01 1.165888e+01 2.388722e-01 8.279644e-01 5.073609e-01 -2.050614e+00 -5.835726e-01 -2.952066e-01 7.565025e-01 3.799074e+01
7.820047e-01 2.258557e-01 -5.809113e-01 1.163733e+01 -4.243065e-01 8.756248e-01 -2.307492e-01 -2.053006e+00 4.565443e-01 4.269314e-01 7.805747e-01 3.810911e+01
7.391655e-01 -5.561455e-01 3.799164e-01 1.163555e+01 3.634777e-01 8.042649e-01 4.701510e-01 -2.056280e+00 -5.670258e-01 -2.094282e-01 7.966314e-01 3.819187e+01
7.365770e-01 3.386359e-01 -5.854741e-01 1.171972e+01 -4.801274e-01 8.714825e-01 -9.997972e-02 -2.062477e+00 4.763737e-01 3.547449e-01 8.045024e-01 3.823628e+01
7.393371e-01 -5.735016e-01 3.528123e-01 1.178907e+01 4.438205e-01 8.091128e-01 3.851751e-01 -2.056443e+00 -5.063635e-01 -1.281889e-01 8.527389e-01 3.827595e+01
7.599889e-01 4.150784e-01 -5.001268e-01 1.176508e+01 -5.066789e-01 8.603190e-01 -5.592682e-02 -2.057848e+00 4.070546e-01 2.959075e-01 8.641443e-01 3.840115e+01
7.099233e-01 -6.274943e-01 3.197809e-01 1.181822e+01 5.392782e-01 7.763713e-01 3.262309e-01 -2.059827e+00 -4.529767e-01 -5.914805e-02 8.895581e-01 3.859455e+01
7.104156e-01 5.421135e-01 -4.488013e-01 1.180301e+01 -6.116515e-01 7.910254e-01 -1.270312e-02 -2.063486e+00 3.481267e-01 2.835345e-01 8.935413e-01 3.872685e+01
6.665364e-01 -6.541173e-01 3.575748e-01 1.179874e+01 5.881727e-01 7.561516e-01 2.868583e-01 -2.068464e+00 -4.580197e-01 1.911420e-02 8.887365e-01 3.884221e+01
6.625395e-01 5.949670e-01 -4.550336e-01 1.179739e+01 -6.336956e-01 7.691205e-01 8.296727e-02 -2.071254e+00 3.993385e-01 2.333837e-01 8.866007e-01 3.894258e+01
6.191599e-01 -7.024564e-01 3.509930e-01 1.178324e+01 6.578594e-01 7.080738e-01 2.566172e-01 -2.073156e+00 -4.287914e-01 7.201697e-02 9.005285e-01 3.904516e+01
6.627964e-01 6.038075e-01 -4.428514e-01 1.178907e+01 -6.641747e-01 7.471696e-01 2.468995e-02 -2.077589e+00 3.457931e-01 2.777663e-01 8.962550e-01 3.917385e+01
6.543742e-01 -6.563747e-01 3.754553e-01 1.177240e+01 6.039886e-01 7.524393e-01 2.627410e-01 -2.083310e+00 -4.549639e-01 5.483976e-02 8.888197e-01 3.932763e+01
6.772163e-01 5.796438e-01 -4.532011e-01 1.175328e+01 -6.337535e-01 7.724505e-01 4.094856e-02 -2.087931e+00 3.738110e-01 2.594867e-01 8.904673e-01 3.946086e+01
6.412826e-01 -6.643712e-01 3.838848e-01 1.174655e+01 6.120051e-01 7.446469e-01 2.663657e-01 -2.091203e+00 -4.628244e-01 6.412380e-02 8.841277e-01 3.958240e+01
6.477663e-01 6.121483e-01 -4.535122e-01 1.173506e+01 -6.466714e-01 7.565146e-01 9.747737e-02 -2.094666e+00 4.027592e-01 2.301308e-01 8.859034e-01 3.970071e+01
6.336383e-01 -6.650374e-01 3.952566e-01 1.172016e+01 6.314359e-01 7.397707e-01 2.324394e-01 -2.097749e+00 -4.469801e-01 1.022967e-01 8.886755e-01 3.983824e+01
6.483142e-01 6.212465e-01 -4.401608e-01 1.170613e+01 -6.491320e-01 7.531315e-01 1.068674e-01 -2.102081e+00 3.978899e-01 2.164388e-01 8.915368e-01 3.996428e+01
6.183396e-01 -7.007316e-01 3.558529e-01 1.169610e+01 6.625615e-01 7.083188e-01 2.435090e-01 -2.103637e+00 -4.226918e-01 8.520320e-02 9.022594e-01 4.008006e+01
6.425067e-01 6.498503e-01 -4.060540e-01 1.168175e+01 -6.590770e-01 7.389711e-01 1.397825e-01 -2.105468e+00 3.908998e-01 1.778097e-01 9.030953e-01 4.018671e+01
6.008812e-01 -7.146786e-01 3.580172e-01 1.167326e+01 7.002853e-01 6.866235e-01 1.953170e-01 -2.109323e+00 -3.854119e-01 1.333519e-01 9.130580e-01 4.029963e+01
6.287773e-01 6.888580e-01 -3.607129e-01 1.164903e+01 -6.771868e-01 7.131042e-01 1.813847e-01 -2.110873e+00 3.821742e-01 1.302194e-01 9.148693e-01 4.041314e+01
5.980321e-01 -7.251420e-01 3.413600e-01 1.162295e+01 7.280152e-01 6.696111e-01 1.470198e-01 -2.113403e+00 -3.351887e-01 1.605927e-01 9.283633e-01 4.053769e+01
6.490723e-01 6.989864e-01 -3.002052e-01 1.161221e+01 -6.693310e-01 7.122843e-01 2.112985e-01 -2.117013e+00 3.615262e-01 6.378862e-02 9.301773e-01 4.063564e+01
6.000272e-01 -7.518018e-01 2.734253e-01 1.160879e+01 7.650980e-01 6.391307e-01 7.833927e-02 -2.118853e+00 -2.336501e-01 1.621915e-01 9.586978e-01 4.071608e+01
5.494344e-01 7.694568e-01 -3.256656e-01 1.198853e+01 -7.513002e-01 6.255218e-01 2.104055e-01 -2.164119e+00 3.656089e-01 1.290686e-01 9.217762e-01 4.107367e+01
6.522892e-01 -5.606312e-01 5.101092e-01 1.231896e+01 5.697112e-01 8.065321e-01 1.579086e-01 -2.171001e+00 -4.999480e-01 1.876128e-01 8.454900e-01 4.140120e+01
6.641289e-01 5.693066e-01 -4.845852e-01 1.230129e+01 -5.374342e-01 8.141288e-01 2.199062e-01 -2.174507e+00 5.197088e-01 1.143865e-01 8.466513e-01 4.156199e+01
6.456265e-01 -5.793336e-01 4.975328e-01 1.226487e+01 5.873728e-01 7.930856e-01 1.612711e-01 -2.177733e+00 -4.880159e-01 1.881164e-01 8.523219e-01 4.172316e+01
6.932686e-01 5.441406e-01 -4.725354e-01 1.224562e+01 -5.225729e-01 8.310778e-01 1.903344e-01 -2.179169e+00 4.962823e-01 1.149813e-01 8.605133e-01 4.186639e+01
6.481078e-01 -5.764663e-01 4.976373e-01 1.222141e+01 5.860863e-01 7.948107e-01 1.574128e-01 -2.181754e+00 -4.862706e-01 1.896379e-01 8.529820e-01 4.200788e+01
6.820874e-01 5.699133e-01 -4.582092e-01 1.219689e+01 -5.292781e-01 8.171175e-01 2.284375e-01 -2.183025e+00 5.046003e-01 8.670579e-02 8.589881e-01 4.214698e+01
6.499850e-01 -5.973298e-01 4.698049e-01 1.216875e+01 6.137955e-01 7.771495e-01 1.389017e-01 -2.185435e+00 -4.480788e-01 1.980801e-01 8.717738e-01 4.228347e+01
6.759479e-01 6.152465e-01 -4.056676e-01 1.214873e+01 -5.428146e-01 7.879762e-01 2.905955e-01 -2.186447e+00 4.984443e-01 2.377491e-02 8.665957e-01 4.239745e+01
6.471261e-01 -6.147060e-01 4.509593e-01 1.213105e+01 6.705313e-01 7.403898e-01 4.701921e-02 -2.188612e+00 -3.627887e-01 2.719550e-01 8.913052e-01 4.251078e+01
6.696386e-01 6.571916e-01 -3.459530e-01 1.210594e+01 -5.800861e-01 7.536982e-01 3.089324e-01 -2.190760e+00 4.637719e-01 -6.190532e-03 8.859330e-01 4.265595e+01
6.385257e-01 -6.374516e-01 4.312081e-01 1.208495e+01 6.912704e-01 7.213324e-01 4.271851e-02 -2.192721e+00 -3.382754e-01 2.708045e-01 9.012406e-01 4.278203e+01
6.948467e-01 6.441501e-01 -3.197791e-01 1.207483e+01 -5.570844e-01 7.633184e-01 3.271116e-01 -2.195426e+00 4.548023e-01 -4.914845e-02 8.892352e-01 4.287482e+01
6.372222e-01 -5.809370e-01 5.064188e-01 1.207521e+01 7.009199e-01 7.100449e-01 -6.743506e-02 -2.202690e+00 -3.204045e-01 3.979301e-01 8.596468e-01 4.300560e+01
6.436028e-01 6.868351e-01 -3.376878e-01 1.205685e+01 -5.967832e-01 7.266005e-01 3.404431e-01 -2.209286e+00 4.791924e-01 -1.758374e-02 8.775338e-01 4.318027e+01
6.363790e-01 -5.975607e-01 4.877941e-01 1.203387e+01 6.912366e-01 7.224334e-01 -1.679130e-02 -2.214647e+00 -3.423649e-01 3.478668e-01 8.727972e-01 4.333839e+01
6.583704e-01 6.795537e-01 -3.236589e-01 1.201054e+01 -5.673209e-01 7.306025e-01 3.799566e-01 -2.216799e+00 4.946669e-01 -6.653372e-02 8.665321e-01 4.348706e+01
6.209944e-01 -6.151642e-01 4.857354e-01 1.199259e+01 7.181113e-01 6.948884e-01 -3.803029e-02 -2.219689e+00 -3.141370e-01 3.724287e-01 8.732782e-01 4.363548e+01
6.893406e-01 6.262103e-01 -3.642392e-01 1.205955e+01 -5.940223e-01 7.763962e-01 2.105857e-01 -2.230944e+00 4.146649e-01 7.120092e-02 9.071844e-01 4.384675e+01
6.866360e-01 -5.688103e-01 4.527536e-01 1.208242e+01 5.908217e-01 7.994872e-01 1.083971e-01 -2.235875e+00 -4.236281e-01 1.930673e-01 8.850222e-01 4.402905e+01
7.341621e-01 5.602346e-01 -3.835925e-01 1.210264e+01 -4.751314e-01 8.274895e-01 2.991842e-01 -2.239295e+00 4.850321e-01 -3.739287e-02 8.736965e-01 4.411519e+01
6.964543e-01 -4.959368e-01 5.186503e-01 1.226290e+01 6.581466e-01 7.294953e-01 -1.862247e-01 -2.262990e+00 -2.859972e-01 4.710449e-01 8.344593e-01 4.433755e+01
5.807156e-01 7.907666e-01 -1.935394e-01 1.262847e+01 -5.985689e-01 5.758632e-01 5.568635e-01 -2.271162e+00 5.518013e-01 -2.075326e-01 8.077410e-01 4.467896e+01
6.186671e-01 -5.556535e-01 5.554280e-01 1.264231e+01 7.496206e-01 6.291293e-01 -2.055851e-01 -2.278624e+00 -2.352020e-01 5.435490e-01 8.057509e-01 4.489960e+01
6.360411e-01 7.416661e-01 -2.130331e-01 1.261909e+01 -5.282835e-01 6.197500e-01 5.803676e-01 -2.281529e+00 5.624662e-01 -2.565958e-01 7.859964e-01 4.504365e+01
6.038914e-01 -6.218952e-01 4.985595e-01 1.260574e+01 7.823535e-01 5.821035e-01 -2.215365e-01 -2.286025e+00 -1.524407e-01 5.238338e-01 8.380692e-01 4.514091e+01
6.398601e-01 7.533959e-01 -1.515706e-01 1.259774e+01 -5.781364e-01 6.018515e-01 5.509384e-01 -2.285844e+00 5.062977e-01 -2.648950e-01 8.206663e-01 4.525289e+01
6.205076e-01 -6.338900e-01 4.616858e-01 1.257905e+01 7.766772e-01 5.781147e-01 -2.501117e-01 -2.290268e+00 -1.083641e-01 5.137771e-01 8.510525e-01 4.537797e+01
6.817873e-01 7.267704e-01 -8.349190e-02 1.256628e+01 -5.854556e-01 6.104984e-01 5.334168e-01 -2.294582e+00 4.386432e-01 -3.147960e-01 8.417218e-01 4.548630e+01
6.573969e-01 -6.505666e-01 3.802531e-01 1.254806e+01 7.528173e-01 5.891741e-01 -2.934960e-01 -2.296266e+00 -3.309654e-02 4.792045e-01 8.770791e-01 4.560088e+01
5.751230e-01 8.062358e-01 -1.386266e-01 1.269738e+01 -7.338919e-01 5.833527e-01 3.479975e-01 -2.291735e+00 3.614363e-01 -9.840445e-02 9.271895e-01 4.592664e+01
6.830241e-01 -6.401521e-01 3.516864e-01 1.269104e+01 6.990001e-01 7.125545e-01 -6.053865e-02 -2.313571e+00 -2.118418e-01 2.871782e-01 9.341583e-01 4.627640e+01
