9.977246e-01 -6.692715e-02 8.150027e-03 -2.025962e-02 6.695358e-02 9.977515e-01 -3.014832e-03 -1.158510e-03 -7.929929e-03 3.553645e-03 9.999622e-01 1.504834e-01
9.995976e-01 2.832443e-02 1.555995e-03 -4.795827e-02 -2.833017e-02 9.995914e-01 3.804061e-03 -4.337574e-03 -1.447611e-03 -3.846611e-03 9.999916e-01 3.142047e-01
9.983757e-01 -5.590730e-02 -1.096735e-02 -7.587405e-02 5.597111e-02 9.984167e-01 5.600031e-03 -8.242958e-03 1.063690e-02 -6.204790e-03 9.999242e-01 4.727702e-01
9.997912e-01 3.456862e-03 2.014171e-02 -9.830100e-02 -3.425371e-03 9.999929e-01 -1.597742e-03 -1.208062e-02 -2.014708e-02 1.528416e-03 9.997959e-01 6.154874e-01
9.971570e-01 -6.871657e-02 -3.091751e-02 -1.186252e-01 6.914905e-02 9.975198e-01 1.314206e-02 -1.412399e-02 2.993775e-02 -1.524262e-02 9.994355e-01 7.718268e-01
9.994037e-01 -1.453229e-03 3.449728e-02 -1.415688e-01 1.417477e-03 9.999984e-01 1.060803e-03 -1.715173e-02 -3.449877e-02 -1.011271e-03 9.994042e-01 9.040277e-01
9.947470e-01 -8.841257e-02 -5.159112e-02 -1.573191e-01 9.115096e-02 9.944051e-01 5.338599e-02 -1.936174e-02 4.658248e-02 -5.780813e-02 9.972403e-01 1.012854e+00
9.991058e-01 -1.216953e-02 4.049047e-02 -1.679507e-01 1.437493e-02 9.984032e-01 -5.462952e-02 -2.356084e-02 -3.976100e-02 5.516272e-02 9.976854e-01 1.121876e+00
9.979228e-01 -3.508411e-02 -5.402974e-02 -1.855479e-01 3.845880e-02 9.972885e-01 6.274201e-02 -2.681369e-02 5.168199e-02 -6.468960e-02 9.965662e-01 1.254555e+00
9.980474e-01 -5.405218e-02 3.130035e-02 -2.045374e-01 5.561866e-02 9.971204e-01 -5.154990e-02 -2.852066e-02 -2.842383e-02 5.319013e-02 9.981798e-01 1.382501e+00
9.990787e-01 -1.072102e-02 -4.155601e-02 -2.274508e-01 1.385040e-02 9.970295e-01 7.576449e-02 -3.037572e-02 4.062029e-02 -7.627025e-02 9.962594e-01 1.527635e+00
9.975887e-01 -5.307527e-02 4.472024e-02 -2.534449e-01 5.645373e-02 9.953522e-01 -7.801864e-02 -3.110980e-02 -4.037153e-02 8.035514e-02 9.959484e-01 1.678002e+00
9.990001e-01 3.274853e-02 -3.043700e-02 -2.862402e-01 -2.965394e-02 9.948340e-01 9.708773e-02 -3.473979e-02 3.345924e-02 -9.608808e-02 9.948103e-01 1.833433e+00
9.929547e-01 -1.108269e-01 4.193330e-02 -3.052038e-01 1.139978e-01 9.900215e-01 -8.283689e-02 -3.601717e-02 -3.233432e-02 8.703358e-02 9.956805e-01 1.968736e+00
9.988223e-01 4.346593e-02 -2.155700e-02 -3.259304e-01 -4.130112e-02 9.948709e-01 9.233718e-02 -3.938695e-02 2.545995e-02 -9.133811e-02 9.954944e-01 2.102515e+00
9.938882e-01 -1.089855e-01 1.756335e-02 -3.465285e-01 1.098770e-01 9.919987e-01 -6.217390e-02 -4.138132e-02 -1.064677e-02 6.372371e-02 9.979108e-01 2.234683e+00
9.995245e-01 3.076225e-02 -2.109867e-03 -3.664175e-01 -3.047050e-02 9.958928e-01 8.525938e-02 -4.325267e-02 4.723971e-03 -8.515455e-02 9.963566e-01 2.362510e+00
9.946930e-01 -1.001977e-01 2.337364e-02 -3.867057e-01 1.017415e-01 9.917097e-01 -7.848908e-02 -4.562071e-02 -1.531544e-02 8.045060e-02 9.966409e-01 2.494089e+00
9.998609e-01 1.611249e-02 -4.303527e-03 -4.028588e-01 -1.584419e-02 9.982813e-01 5.642148e-02 -5.034888e-02 5.205220e-03 -5.634545e-02 9.983978e-01 2.624144e+00
9.970510e-01 -7.636847e-02 7.562491e-03 -4.295412e-01 7.662807e-02 9.960927e-01 -4.390254e-02 -5.205415e-02 -4.180172e-03 4.435257e-02 9.990072e-01 2.773510e+00
9.998321e-01 1.632928e-02 8.310198e-03 -4.564346e-01 -1.664186e-02 9.990987e-01 3.904893e-02 -5.463980e-02 -7.665068e-03 -3.918067e-02 9.992027e-01 2.927439e+00
9.983253e-01 -5.688642e-02 -1.051748e-02 -4.828100e-01 5.673606e-02 9.982899e-01 -1.408070e-02 -5.795230e-02 1.130049e-02 1.346040e-02 9.998455e-01 3.076468e+00
9.998399e-01 -9.762669e-03 1.499615e-02 -5.057001e-01 9.194731e-03 9.992549e-01 3.748533e-02 -5.979874e-02 -1.535093e-02 -3.734145e-02 9.991847e-01 3.207629e+00
9.981241e-01 -5.699290e-02 -2.236409e-02 -5.279138e-01 5.680519e-02 9.983452e-01 -8.941138e-03 -6.250215e-02 2.283667e-02 7.653969e-03 9.997099e-01 3.338577e+00
9.997745e-01 1.090066e-02 1.822188e-02 -5.516824e-01 -1.175019e-02 9.988171e-01 4.718394e-02 -6.505761e-02 -1.768599e-02 -4.738742e-02 9.987200e-01 3.471425e+00
9.976416e-01 -6.576882e-02 -1.964140e-02 -5.726858e-01 6.559361e-02 9.978018e-01 -9.436247e-03 -6.767439e-02 2.021884e-02 8.125641e-03 9.997626e-01 3.596446e+00
9.998311e-01 1.224316e-02 1.370863e-02 -5.951071e-01 -1.289021e-02 9.987568e-01 4.815189e-02 -7.082502e-02 -1.310206e-02 -4.832047e-02 9.987459e-01 3.724438e+00
9.972494e-01 -6.483657e-02 -3.591472e-02 -6.175492e-01 6.447644e-02 9.978575e-01 -1.109784e-02 -7.262591e-02 3.655732e-02 8.751659e-03 9.992932e-01 3.864351e+00
9.998507e-01 -8.769387e-03 1.489174e-02 -6.376949e-01 7.675214e-03 9.973747e-01 7.200616e-02 -7.417667e-02 -1.548409e-02 -7.188111e-02 9.972930e-01 4.007802e+00
9.972822e-01 -5.118650e-02 -5.299166e-02 -6.646564e-01 5.163902e-02 9.986398e-01 7.204908e-03 -7.670872e-02 5.255079e-02 -9.921764e-03 9.985690e-01 4.144408e+00
9.982305e-01 -4.306612e-02 4.100125e-02 -6.814756e-01 4.108917e-02 9.980068e-01 4.789650e-02 -7.913234e-02 -4.298224e-02 -4.612704e-02 9.980104e-01 4.249494e+00
9.978881e-01 -3.340270e-02 -5.570957e-02 -6.807614e-01 3.452721e-02 9.992165e-01 1.934610e-02 -8.296177e-02 5.501971e-02 -2.122874e-02 9.982596e-01 4.340472e+00
9.977337e-01 -4.233428e-02 5.229946e-02 -6.883752e-01 4.192813e-02 9.990815e-01 8.839144e-03 -8.510749e-02 -5.262562e-02 -6.626294e-03 9.985923e-01 4.453797e+00
9.989295e-01 -1.846362e-02 -4.241301e-02 -7.072818e-01 2.019223e-02 9.989675e-01 4.069650e-02 -8.791554e-02 4.161782e-02 -4.150935e-02 9.982710e-01 4.575582e+00
9.977208e-01 -4.533277e-02 4.998208e-02 -7.227110e-01 4.566777e-02 9.989411e-01 -5.580257e-03 -9.098372e-02 -4.967619e-02 7.850108e-03 9.987345e-01 4.692053e+00
9.989819e-01 -2.342291e-02 -3.855569e-02 -7.375795e-01 2.449469e-02 9.993199e-01 2.756468e-02 -9.375677e-02 3.788383e-02 -2.848103e-02 9.988762e-01 4.821548e+00
9.971078e-01 -5.257888e-02 5.487663e-02 -7.472058e-01 5.371141e-02 9.983686e-01 -1.936992e-02 -9.843784e-02 -5.376865e-02 2.226140e-02 9.983052e-01 4.937427e+00
9.980024e-01 2.593933e-02 -5.760550e-02 -7.666620e-01 -2.284445e-02 9.982931e-01 5.374912e-02 -1.018402e-01 5.890139e-02 -5.232578e-02 9.968915e-01 5.071273e+00
9.943971e-01 -8.042998e-02 6.859655e-02 -7.838729e-01 8.356945e-02 9.955216e-01 -4.419238e-02 -1.044008e-01 -6.473495e-02 4.967735e-02 9.966652e-01 5.208736e+00
9.983915e-01 1.151823e-02 -5.551412e-02 -7.979955e-01 -8.475100e-03 9.984644e-01 5.474427e-02 -1.066819e-01 5.605944e-02 -5.418573e-02 9.969560e-01 5.337973e+00
9.942266e-01 -8.319210e-02 6.776781e-02 -8.117240e-01 8.655235e-02 9.950780e-01 -4.825327e-02 -1.107123e-01 -6.341997e-02 5.384015e-02 9.965336e-01 5.467403e+00
9.969816e-01 4.612643e-02 -6.244956e-02 -8.275202e-01 -4.031451e-02 9.950048e-01 9.132467e-02 -1.126947e-01 6.635009e-02 -8.853139e-02 9.938611e-01 5.595099e+00
9.907568e-01 -1.206678e-01 6.196910e-02 -8.383020e-01 1.252567e-01 9.891745e-01 -7.644913e-02 -1.164946e-01 -5.207332e-02 8.350455e-02 9.951459e-01 5.712339e+00
9.956319e-01 7.606931e-02 -5.413409e-02 -8.557490e-01 -7.017613e-02 9.921512e-01 1.034959e-01 -1.177653e-01 6.158206e-02 -9.924487e-02 9.931556e-01 5.845088e+00
9.886669e-01 -1.340668e-01 6.755665e-02 -8.762556e-01 1.395553e-01 9.866106e-01 -8.440299e-02 -1.200306e-01 -5.533647e-02 9.287433e-02 9.941389e-01 5.973838e+00
9.955832e-01 8.356988e-02 -4.278137e-02 -8.973297e-01 -7.818711e-02 9.902919e-01 1.149288e-01 -1.217881e-01 5.197064e-02 -1.110763e-01 9.924521e-01 6.107303e+00
9.912703e-01 -1.153342e-01 6.388448e-02 -9.220904e-01 1.213869e-01 9.874774e-01 -1.007650e-01 -1.251577e-01 -5.146283e-02 1.076401e-01 9.928571e-01 6.245665e+00
9.983437e-01 5.212655e-02 -2.434487e-02 -9.387328e-01 -4.874537e-02 9.911716e-01 1.232997e-01 -1.294372e-01 3.055714e-02 -1.219088e-01 9.920708e-01 6.368896e+00
9.906042e-01 -1.295532e-01 4.380967e-02 -9.445348e-01 1.335003e-01 9.855588e-01 -1.041703e-01 -1.345476e-01 -2.968142e-02 1.090402e-01 9.935941e-01 6.479091e+00
9.958770e-01 8.102761e-02 -4.078729e-02 -9.634076e-01 -7.410250e-02 9.859895e-01 1.494438e-01 -1.374028e-01 5.232492e-02 -1.458052e-01 9.879286e-01 6.595334e+00
9.872052e-01 -1.534788e-01 4.324399e-02 -9.831637e-01 1.578129e-01 9.792413e-01 -1.272067e-01 -1.386602e-01 -2.282277e-02 1.324036e-01 9.909331e-01 6.725736e+00
9.957191e-01 9.240752e-02 -2.068221e-03 -1.001575e+00 -9.013804e-02 9.757312e-01 1.995588e-01 -1.406310e-01 2.045876e-02 -1.985181e-01 9.798837e-01 6.837885e+00
9.812136e-01 -1.929247e-01 -1.180583e-04 -1.004968e+00 1.910772e-01 9.719016e-01 -1.374659e-01 -1.454321e-01 2.663530e-02 1.348608e-01 9.905065e-01 6.930969e+00
9.882009e-01 1.503968e-01 2.897973e-02 -1.002340e+00 -1.530610e-01 9.766209e-01 1.509438e-01 -1.470616e-01 -5.600733e-03 -1.535985e-01 9.881175e-01 7.045882e+00
9.789063e-01 -2.043082e-01 -7.635616e-04 -1.013851e+00 2.028904e-01 9.725393e-01 -1.140296e-01 -1.513730e-01 2.403978e-02 1.114694e-01 9.934771e-01 7.164371e+00
9.896453e-01 1.426467e-01 1.594191e-02 -1.019903e+00 -1.432734e-01 9.750325e-01 1.696598e-01 -1.547647e-01 8.657524e-03 -1.701870e-01 9.853737e-01 7.262999e+00
9.791012e-01 -2.024834e-01 -1.900747e-02 -1.022104e+00 1.992464e-01 9.737663e-01 -1.099096e-01 -1.566678e-01 4.076370e-02 1.038254e-01 9.937598e-01 7.361293e+00
9.930256e-01 1.114521e-01 3.845166e-02 -1.032605e+00 -1.165050e-01 9.776299e-01 1.751182e-01 -1.597225e-01 -1.807421e-02 -1.783766e-01 9.837963e-01 7.457691e+00
9.809591e-01 -1.847150e-01 -5.999653e-02 -1.038921e+00 1.765309e-01 9.768206e-01 -1.210716e-01 -1.617093e-01 8.096960e-02 1.081751e-01 9.908290e-01 7.561371e+00
9.923116e-01 8.936333e-02 8.562649e-02 -1.052954e+00 -1.019732e-01 9.824039e-01 1.564736e-01 -1.638344e-01 -7.013679e-02 -1.640022e-01 9.839635e-01 7.673717e+00
9.804733e-01 -1.730662e-01 -9.338150e-02 -1.069512e+00 1.621969e-01 9.801963e-01 -1.136102e-01 -1.666688e-01 1.111943e-01 9.624561e-02 9.891272e-01 7.785330e+00
9.848002e-01 1.052995e-01 1.381328e-01 -1.054408e+00 -1.163349e-01 9.904202e-01 7.439122e-02 -1.716216e-01 -1.289761e-01 -8.933014e-02 9.876160e-01 7.908092e+00
9.774070e-01 -1.456595e-01 -1.531628e-01 -1.062580e+00 1.444402e-01 9.893288e-01 -1.911871e-02 -1.736191e-01 1.543132e-01 -3.436110e-03 9.880160e-01 8.025478e+00
9.894059e-01 5.062507e-02 1.360625e-01 -1.076927e+00 -5.971534e-02 9.961887e-01 6.357803e-02 -1.759684e-01 -1.323253e-01 -7.102950e-02 9.886581e-01 8.126384e+00
9.860133e-01 -1.032863e-01 -1.308043e-01 -1.033517e+00 9.076142e-02 9.910039e-01 -9.835449e-02 -1.849324e-01 1.397863e-01 8.510685e-02 9.865174e-01 8.226540e+00
9.873803e-01 1.072357e-01 1.165364e-01 -1.026505e+00 -1.254900e-01 9.786657e-01 1.626828e-01 -1.901422e-01 -9.660482e-02 -1.752539e-01 9.797722e-01 8.347043e+00
9.762445e-01 -1.688345e-01 -1.357997e-01 -1.045671e+00 1.537989e-01 9.814401e-01 -1.145483e-01 -1.929243e-01 1.526190e-01 9.094127e-02 9.840920e-01 8.465952e+00
9.891629e-01 6.058855e-02 1.337381e-01 -1.057281e+00 -8.491190e-02 9.791711e-01 1.844287e-01 -1.953681e-01 -1.197782e-01 -1.937860e-01 9.737044e-01 8.563687e+00
9.748755e-01 -1.702325e-01 -1.436614e-01 -1.055359e+00 1.449803e-01 9.745504e-01 -1.709745e-01 -1.967989e-01 1.691107e-01 1.458508e-01 9.747457e-01 8.658356e+00
9.839057e-01 7.004776e-02 1.643861e-01 -1.072485e+00 -1.008578e-01 9.771105e-01 1.873041e-01 -1.992558e-01 -1.475032e-01 -2.008692e-01 9.684495e-01 8.781076e+00
9.752679e-01 -1.508559e-01 -1.615395e-01 -1.094657e+00 1.227401e-01 9.774576e-01 -1.717891e-01 -2.017753e-01 1.838134e-01 1.477130e-01 9.717991e-01 8.912259e+00
9.805910e-01 5.930734e-02 1.868796e-01 -1.111915e+00 -9.079938e-02 9.821470e-01 1.647506e-01 -2.055573e-01 -1.737723e-01 -1.785215e-01 9.684695e-01 9.038441e+00
9.760192e-01 -1.160602e-01 -1.841644e-01 -1.141559e+00 8.840043e-02 9.844358e-01 -1.518931e-01 -2.084538e-01 1.989268e-01 1.319704e-01 9.710880e-01 9.186080e+00
9.775868e-01 4.066237e-02 2.065687e-01 -1.167141e+00 -7.235836e-02 9.862936e-01 1.482874e-01 -2.115426e-01 -1.977077e-01 -1.599108e-01 9.671299e-01 9.329306e+00
9.798901e-01 3.259204e-02 -1.968580e-01 -9.484091e-01 -7.197447e-02 9.778860e-01 -1.963638e-01 -2.584465e-01 1.861047e-01 2.065837e-01 9.605666e-01 9.796966e+00
9.168136e-01 2.327107e-02 3.986369e-01 -6.792137e-01 -1.179882e-01 9.695136e-01 2.147609e-01 -2.637030e-01 -3.814861e-01 -2.439301e-01 8.916089e-01 9.951541e+00
9.038688e-01 -1.440524e-01 -4.028276e-01 -7.031093e-01 6.591024e-02 9.772523e-01 -2.015783e-01 -2.662245e-01 4.227021e-01 1.556499e-01 8.928024e-01 1.008377e+01
9.086563e-01 -5.342473e-04 4.175446e-01 -7.238760e-01 -8.490931e-02 9.788681e-01 1.860312e-01 -2.700765e-01 -4.088205e-01 -2.044918e-01 8.894093e-01 1.021136e+01
9.006013e-01 -1.163940e-01 -4.187717e-01 -7.437371e-01 4.341221e-02 9.827476e-01 -1.797849e-01 -2.742766e-01 4.324727e-01 1.437347e-01 8.901167e-01 1.034800e+01
8.945039e-01 -3.558099e-02 4.456420e-01 -7.592081e-01 -5.237560e-02 9.816226e-01 1.835044e-01 -2.782527e-01 -4.439815e-01 -1.874862e-01 8.762017e-01 1.046265e+01
8.819531e-01 -6.805966e-02 -4.663975e-01 -7.641943e-01 4.437319e-03 9.906749e-01 -1.361746e-01 -2.804620e-01 4.713163e-01 1.180301e-01 8.740308e-01 1.057494e+01
8.807559e-01 -5.772004e-02 4.700398e-01 -7.861692e-01 -1.638204e-02 9.882370e-01 1.520502e-01 -2.845063e-01 -4.732870e-01 -1.416194e-01 8.694500e-01 1.070035e+01
8.764696e-01 -2.046999e-02 -4.810218e-01 -8.121843e-01 -3.372683e-02 9.940309e-01 -1.037549e-01 -2.885950e-01 4.802744e-01 1.071613e-01 8.705475e-01 1.084355e+01
8.733422e-01 -8.856993e-02 4.789873e-01 -8.344449e-01 2.658087e-02 9.905306e-01 1.346947e-01 -2.921989e-01 -4.863814e-01 -1.049026e-01 8.674264e-01 1.098058e+01
8.743020e-01 -1.525879e-02 -4.851424e-01 -8.557231e-01 -3.391255e-02 9.951429e-01 -9.241509e-02 -2.959065e-01 4.841962e-01 9.725111e-02 8.695380e-01 1.111957e+01
8.673405e-01 -9.351880e-02 4.888504e-01 -8.782620e-01 3.117503e-02 9.904681e-01 1.341679e-01 -2.991103e-01 -4.967379e-01 -1.011293e-01 8.619886e-01 1.125430e+01
8.669424e-01 4.032353e-02 -4.967745e-01 -8.406126e-01 -1.057525e-01 9.889093e-01 -1.042827e-01 -3.036250e-01 4.870599e-01 1.429422e-01 8.615917e-01 1.145839e+01
8.767591e-01 -1.163315e-01 4.666482e-01 -8.621160e-01 2.498819e-02 9.800126e-01 1.973600e-01 -3.081085e-01 -4.802803e-01 -1.613765e-01 8.621418e-01 1.161013e+01
8.822955e-01 -5.305175e-03 -4.706660e-01 -8.842159e-01 -6.418436e-02 9.892403e-01 -1.314683e-01 -3.107674e-01 4.662993e-01 1.462033e-01 8.724618e-01 1.174340e+01
8.821197e-01 -1.122564e-01 4.574530e-01 -9.020469e-01 3.651263e-02 9.845600e-01 1.711972e-01 -3.140709e-01 -4.696079e-01 -1.343136e-01 8.725986e-01 1.187477e+01
8.788053e-01 1.616370e-02 -4.769067e-01 -9.273298e-01 -7.162212e-02 9.925723e-01 -9.833843e-02 -3.167194e-01 4.717749e-01 1.205774e-01 8.734355e-01 1.201194e+01
8.716790e-01 -1.544317e-01 4.651093e-01 -9.462545e-01 9.108145e-02 9.835681e-01 1.558779e-01 -3.207259e-01 -4.815392e-01 -9.351267e-02 8.714215e-01 1.212537e+01
8.673275e-01 5.687028e-02 -4.944782e-01 -9.630187e-01 -8.747087e-02 9.954056e-01 -3.894389e-02 -3.240425e-01 4.899916e-01 7.702955e-02 8.683171e-01 1.223358e+01
8.639876e-01 -1.061771e-01 4.921908e-01 -9.564317e-01 6.112150e-02 9.924009e-01 1.067920e-01 -3.190479e-01 -4.997895e-01 -6.218356e-02 8.639118e-01 1.241036e+01
8.786954e-01 -5.222555e-04 -4.773826e-01 -9.656172e-01 -4.235689e-02 9.959701e-01 -7.905389e-02 -3.257660e-01 4.755001e-01 8.968473e-02 8.751322e-01 1.254283e+01
8.757827e-01 -7.146435e-02 4.773862e-01 -9.864231e-01 2.475320e-02 9.943277e-01 1.034394e-01 -3.288649e-01 -4.820706e-01 -7.877362e-02 8.725839e-01 1.267751e+01
8.816308e-01 -9.672210e-03 -4.718406e-01 -1.000448e+00 -1.786318e-02 9.983896e-01 -5.384311e-02 -3.320710e-01 4.716016e-01 5.589832e-02 8.800383e-01 1.280593e+01
8.824458e-01 -5.568226e-02 4.671069e-01 -1.025011e+00 2.173068e-02 9.967349e-01 7.776443e-02 -3.363466e-01 -4.699118e-01 -5.847235e-02 8.807746e-01 1.294136e+01
8.812732e-01 -6.571527e-03 -4.725615e-01 -1.044410e+00 -1.716536e-03 9.998522e-01 -1.710527e-02 -3.388720e-01 4.726041e-01 1.588558e-02 8.811317e-01 1.306748e+01
8.800045e-01 -6.881235e-02 4.699542e-01 -1.062025e+00 4.890811e-02 9.973181e-01 5.444881e-02 -3.418451e-01 -4.724406e-01 -2.493062e-02 8.810098e-01 1.319143e+01
8.692865e-01 1.763770e-02 -4.939939e-01 -1.080844e+00 7.788479e-03 9.987504e-01 4.936515e-02 -3.446820e-01 4.942473e-01 -4.675992e-02 8.680629e-01 1.329697e+01
8.748363e-01 -8.998252e-02 4.759880e-01 -1.090808e+00 1.049579e-01 9.944645e-01 -4.908947e-03 -3.459467e-01 -4.729114e-01 5.425324e-02 8.794381e-01 1.340242e+01
8.731881e-01 8.097283e-02 -4.806100e-01 -1.110044e+00 -3.344643e-02 9.937332e-01 1.066569e-01 -3.489249e-01 4.862344e-01 -7.705681e-02 8.704242e-01 1.352228e+01
8.799426e-01 -1.272432e-01 4.577229e-01 -1.134073e+00 1.536683e-01 9.879038e-01 -2.078812e-02 -3.503533e-01 -4.495410e-01 8.862983e-02 8.888518e-01 1.364283e+01
8.858823e-01 1.006891e-01 -4.528512e-01 -1.156983e+00 -4.138959e-02 9.894235e-01 1.390255e-01 -3.514687e-01 4.620599e-01 -1.044169e-01 8.806803e-01 1.377368e+01
8.847131e-01 -1.474133e-01 4.422127e-01 -1.177936e+00 1.847624e-01 9.818710e-01 -4.233452e-02 -3.524997e-01 -4.279551e-01 1.191582e-01 8.959106e-01 1.389120e+01
8.905480e-01 1.370213e-01 -4.337620e-01 -1.198433e+00 -5.805232e-02 9.799917e-01 1.903841e-01 -3.536798e-01 4.511698e-01 -1.443653e-01 8.806841e-01 1.400419e+01
8.897445e-01 -1.678008e-01 4.244969e-01 -1.217958e+00 2.215813e-01 9.718321e-01 -8.027494e-02 -3.549711e-01 -3.990695e-01 1.654847e-01 9.018638e-01 1.411757e+01
8.936129e-01 1.944516e-01 -4.045301e-01 -1.242146e+00 -1.086042e-01 9.681757e-01 2.254795e-01 -3.564129e-01 4.355010e-01 -1.575577e-01 8.862925e-01 1.424041e+01
8.913675e-01 -1.814923e-01 4.153606e-01 -1.266038e+00 2.426402e-01 9.650487e-01 -9.902887e-02 -3.585314e-01 -3.828702e-01 1.890543e-01 9.042504e-01 1.435838e+01
8.963139e-01 2.049613e-01 -3.932076e-01 -1.284375e+00 -1.029966e-01 9.587406e-01 2.649681e-01 -3.599944e-01 4.312923e-01 -1.969956e-01 8.804429e-01 1.446645e+01
9.012221e-01 -2.013895e-01 3.837200e-01 -1.305511e+00 2.648881e-01 9.567866e-01 -1.199734e-01 -3.611613e-01 -3.429768e-01 2.097655e-01 9.156229e-01 1.457598e+01
9.110029e-01 2.235848e-01 -3.465306e-01 -1.327194e+00 -1.314932e-01 9.539015e-01 2.697805e-01 -3.627334e-01 3.908749e-01 -2.002044e-01 8.984069e-01 1.469512e+01
9.035484e-01 -2.272198e-01 3.632788e-01 -1.344794e+00 2.954468e-01 9.444249e-01 -1.441275e-01 -3.644511e-01 -3.103410e-01 2.375557e-01 9.204650e-01 1.480071e+01
9.199731e-01 2.318853e-01 -3.160360e-01 -1.356914e+00 -1.348183e-01 9.442467e-01 3.003701e-01 -3.665504e-01 3.680673e-01 -2.337250e-01 8.999439e-01 1.489676e+01
9.125879e-01 -2.144639e-01 3.481215e-01 -1.375553e+00 2.932954e-01 9.365680e-01 -1.918807e-01 -3.686900e-01 -2.848880e-01 2.772104e-01 9.176019e-01 1.500550e+01
9.274860e-01 2.509869e-01 -2.770837e-01 -1.392072e+00 -1.594516e-01 9.359240e-01 3.140406e-01 -3.716812e-01 3.381493e-01 -2.470868e-01 9.080766e-01 1.512495e+01
9.177135e-01 -2.382751e-01 3.178474e-01 -1.410670e+00 3.110823e-01 9.286671e-01 -2.020031e-01 -3.740807e-01 -2.470421e-01 2.842577e-01 9.263735e-01 1.523480e+01
9.291417e-01 2.671090e-01 -2.556336e-01 -1.430608e+00 -1.612038e-01 9.149136e-01 3.700628e-01 -3.755423e-01 3.327297e-01 -3.026316e-01 8.931433e-01 1.533472e+01
9.149560e-01 -2.755422e-01 2.948423e-01 -1.445731e+00 3.480317e-01 9.086072e-01 -2.308829e-01 -3.765198e-01 -2.042778e-01 3.138621e-01 9.272331e-01 1.543081e+01
9.407585e-01 2.768660e-01 -1.957516e-01 -1.454271e+00 -1.897229e-01 9.082822e-01 3.728656e-01 -3.783756e-01 2.810315e-01 -3.136379e-01 9.070020e-01 1.553113e+01
9.285689e-01 -2.644533e-01 2.604308e-01 -1.473982e+00 3.311991e-01 9.070916e-01 -2.597920e-01 -3.798677e-01 -1.675317e-01 3.274893e-01 9.298838e-01 1.564260e+01
9.524078e-01 2.654976e-01 -1.497678e-01 -1.492230e+00 -1.900304e-01 9.012945e-01 3.893029e-01 -3.811432e-01 2.383439e-01 -3.423147e-01 9.088525e-01 1.574904e+01
9.371623e-01 -2.784439e-01 2.102279e-01 -1.509190e+00 3.302131e-01 9.024035e-01 -2.768164e-01 -3.826485e-01 -1.126325e-01 3.288419e-01 9.376444e-01 1.585582e+01
9.587629e-01 2.670122e-01 -9.735609e-02 -1.523186e+00 -2.162604e-01 9.076702e-01 3.596751e-01 -3.854622e-01 1.844049e-01 -3.237889e-01 9.279847e-01 1.597056e+01
9.416951e-01 -2.836832e-01 1.809259e-01 -1.536790e+00 3.262428e-01 9.013898e-01 -2.847141e-01 -3.886476e-01 -8.231613e-02 3.271396e-01 9.413839e-01 1.608996e+01
9.623418e-01 2.646331e-01 -6.218993e-02 -1.549180e+00 -2.226426e-01 8.985324e-01 3.782456e-01 -3.913041e-01 1.559760e-01 -3.501555e-01 9.236139e-01 1.619781e+01
9.471031e-01 -2.928173e-01 1.313535e-01 -1.563842e+00 3.193287e-01 9.006584e-01 -2.946924e-01 -3.942619e-01 -3.201365e-02 3.210490e-01 9.465213e-01 1.630739e+01
9.631602e-01 2.678429e-01 -2.413546e-02 -1.584873e+00 -2.415149e-01 9.009660e-01 3.604593e-01 -3.977952e-01 1.182917e-01 -3.413510e-01 9.324626e-01 1.642761e+01
9.500462e-01 -2.965075e-01 9.744506e-02 -1.607152e+00 3.121086e-01 9.018584e-01 -2.987300e-01 -4.014594e-01 6.940396e-04 3.142207e-01 9.493497e-01 1.654946e+01
9.704547e-01 2.411289e-01 8.631491e-03 -1.621971e+00 -2.293746e-01 9.108668e-01 3.430875e-01 -4.057469e-01 7.486618e-02 -3.349307e-01 9.392638e-01 1.665939e+01
9.617248e-01 -2.665496e-01 6.353567e-02 -1.637093e+00 2.728220e-01 9.098012e-01 -3.127778e-01 -4.093438e-01 2.556598e-02 3.181401e-01 9.476989e-01 1.679014e+01
9.710833e-01 2.335216e-01 4.964806e-02 -1.659865e+00 -2.367022e-01 9.146222e-01 3.277778e-01 -4.130653e-01 3.113399e-02 -3.300514e-01 9.434494e-01 1.693299e+01
9.619852e-01 -2.721493e-01 2.278662e-02 -1.685092e+00 2.665180e-01 9.173115e-01 -2.958172e-01 -4.164252e-01 5.960402e-02 2.906448e-01 9.549728e-01 1.707106e+01
9.777680e-01 1.982096e-01 6.842969e-02 -1.698696e+00 -2.096475e-01 9.305816e-01 3.001095e-01 -4.213075e-01 -4.194807e-03 -3.077836e-01 9.514471e-01 1.718655e+01
9.674063e-01 -2.480733e-01 -5.083968e-02 -1.722198e+00 2.277480e-01 9.401162e-01 -2.535989e-01 -4.242394e-01 1.107063e-01 2.337545e-01 9.659725e-01 1.731145e+01
9.822658e-01 1.586984e-01 9.984317e-02 -1.744861e+00 -1.810116e-01 9.414768e-01 2.843523e-01 -4.275948e-01 -4.887378e-02 -2.973824e-01 9.535067e-01 1.742960e+01
9.702420e-01 -2.354718e-01 -5.642270e-02 -1.760029e+00 2.121905e-01 9.390908e-01 -2.703400e-01 -4.314133e-01 1.166435e-01 2.503228e-01 9.611102e-01 1.754824e+01
9.802712e-01 1.511632e-01 1.273498e-01 -1.770578e+00 -1.772631e-01 9.573678e-01 2.280891e-01 -4.385297e-01 -8.744193e-02 -2.461636e-01 9.652758e-01 1.767629e+01
9.782040e-01 -1.901880e-01 -8.333939e-02 -1.790490e+00 1.663699e-01 9.580179e-01 -2.335011e-01 -4.428165e-01 1.242497e-01 2.145466e-01 9.687785e-01 1.780558e+01
9.883726e-01 7.248923e-02 1.336597e-01 -1.790067e+00 -1.013791e-01 9.693087e-01 2.239708e-01 -4.495903e-01 -1.133220e-01 -2.349169e-01 9.653871e-01 1.791435e+01
9.800149e-01 -1.478427e-01 -1.330914e-01 -1.807936e+00 1.196821e-01 9.726315e-01 -1.991585e-01 -4.530657e-01 1.588930e-01 1.792497e-01 9.708875e-01 1.802951e+01
9.852026e-01 3.857470e-02 1.669964e-01 -1.819438e+00 -7.093848e-02 9.787446e-01 1.924232e-01 -4.572400e-01 -1.560242e-01 -2.014223e-01 9.669982e-01 1.814123e+01
9.758365e-01 -1.439592e-01 -1.643741e-01 -1.820833e+00 1.118330e-01 9.753381e-01 -1.902863e-01 -4.649690e-01 1.877138e-01 1.673059e-01 9.678700e-01 1.826040e+01
9.812154e-01 5.717335e-02 1.842487e-01 -1.825846e+00 -8.985644e-02 9.805937e-01 1.742466e-01 -4.718285e-01 -1.707108e-01 -1.875293e-01 9.673110e-01 1.838140e+01
9.710256e-01 -1.284490e-01 -2.015195e-01 -1.846311e+00 1.037687e-01 9.862491e-01 -1.286264e-01 -4.751187e-01 2.152704e-01 1.039881e-01 9.710021e-01 1.849928e+01
9.759809e-01 2.721045e-02 2.161502e-01 -1.861171e+00 -5.634629e-02 9.899379e-01 1.297997e-01 -4.787741e-01 -2.104434e-01 -1.388613e-01 9.676937e-01 1.861141e+01
9.683297e-01 -1.124403e-01 -2.229233e-01 -1.877548e+00 9.588901e-02 9.918613e-01 -8.376419e-02 -4.830371e-01 2.305275e-01 5.973545e-02 9.712305e-01 1.872192e+01
9.771651e-01 3.023981e-03 2.124599e-01 -1.890940e+00 -2.842984e-02 9.927688e-01 1.166269e-01 -4.864551e-01 -2.105708e-01 -1.200039e-01 9.701850e-01 1.882157e+01
9.735181e-01 -8.215402e-02 -2.133383e-01 -1.902369e+00 5.818627e-02 9.915084e-01 -1.162989e-01 -4.904900e-01 2.210811e-01 1.008057e-01 9.700316e-01 1.894831e+01
9.787258e-01 -3.167676e-03 2.051484e-01 -1.922920e+00 -2.745624e-02 9.888654e-01 1.462578e-01 -4.936729e-01 -2.033274e-01 -1.487788e-01 9.677411e-01 1.907342e+01
9.743256e-01 -7.497374e-02 -2.122937e-01 -1.939370e+00 5.534356e-02 9.937491e-01 -9.695269e-02 -4.964958e-01 2.182355e-01 8.271440e-02 9.723845e-01 1.919196e+01
9.772100e-01 -1.751059e-02 2.115515e-01 -1.951499e+00 -1.120850e-02 9.909453e-01 1.337976e-01 -4.992774e-01 -2.119789e-01 -1.331196e-01 9.681653e-01 1.930406e+01
9.756845e-01 -5.870010e-02 -2.111729e-01 -1.962896e+00 3.948922e-02 9.947822e-01 -9.406887e-02 -5.021831e-01 2.155929e-01 8.344249e-02 9.729116e-01 1.942010e+01
9.780569e-01 -1.496301e-02 2.077998e-01 -1.982536e+00 -1.547196e-02 9.894467e-01 1.440692e-01 -5.041747e-01 -2.077625e-01 -1.441230e-01 9.675036e-01 1.954082e+01
9.758053e-01 -4.826644e-02 -2.132474e-01 -2.000977e+00 2.607074e-02 9.940566e-01 -1.056970e-01 -5.072859e-01 2.170816e-01 9.758017e-02 9.712640e-01 1.967161e+01
9.764002e-01 -5.680711e-02 2.083640e-01 -2.022764e+00 2.377687e-02 9.871969e-01 1.577243e-01 -5.101438e-01 -2.146562e-01 -1.490478e-01 9.652500e-01 1.978070e+01
9.709883e-01 -3.056377e-02 -2.371657e-01 -2.034938e+00 1.043371e-02 9.962687e-01 -8.567310e-02 -5.133066e-01 2.388992e-01 8.071306e-02 9.676841e-01 1.987631e+01
9.721894e-01 -7.261162e-02 2.226552e-01 -2.042441e+00 4.436542e-02 9.906074e-01 1.293391e-01 -5.171624e-01 -2.299555e-01 -1.158639e-01 9.662795e-01 1.997109e+01
9.687506e-01 -1.786249e-02 -2.473928e-01 -2.054559e+00 2.603403e-03 9.980808e-01 -6.186987e-02 -5.211683e-01 2.480232e-01 5.929241e-02 9.669379e-01 2.006609e+01
9.654424e-01 -8.777985e-02 2.453887e-01 -2.061572e+00 6.724753e-02 9.935914e-01 9.085053e-02 -5.245745e-01 -2.517910e-01 -7.120917e-02 9.651583e-01 2.016811e+01
9.630659e-01 2.439945e-02 -2.681581e-01 -2.070034e+00 -3.509393e-02 9.987653e-01 -3.516002e-02 -5.281775e-01 2.669691e-01 4.327213e-02 9.627331e-01 2.026070e+01
9.591609e-01 -7.989073e-02 2.713445e-01 -2.076813e+00 6.689639e-02 9.961407e-01 5.682080e-02 -5.317737e-01 -2.748367e-01 -3.634832e-02 9.608036e-01 2.038221e+01
9.658314e-01 2.638092e-02 -2.578252e-01 -2.070590e+00 -3.820745e-02 9.984297e-01 -4.096750e-02 -5.369001e-01 2.563396e-01 4.941854e-02 9.653227e-01 2.050283e+01
9.645595e-01 -9.025247e-02 2.479505e-01 -2.056472e+00 7.029406e-02 9.936178e-01 8.821784e-02 -5.414416e-01 -2.543299e-01 -6.766192e-02 9.647477e-01 2.060921e+01
9.682860e-01 5.199917e-02 -2.443731e-01 -2.079472e+00 -6.143658e-02 9.976248e-01 -3.115119e-02 -5.448692e-01 2.421728e-01 4.517671e-02 9.691808e-01 2.074471e+01
9.608394e-01 -8.946670e-02 2.622658e-01 -2.099935e+00 7.530861e-02 9.951320e-01 6.356793e-02 -5.483296e-01 -2.666763e-01 -4.132770e-02 9.628997e-01 2.088705e+01
9.677566e-01 5.143993e-02 -2.465788e-01 -2.119781e+00 -6.098795e-02 9.976496e-01 -3.123734e-02 -5.519951e-01 2.443924e-01 4.526848e-02 9.686192e-01 2.103735e+01
9.595203e-01 2.361484e-01 1.534752e-01 -6.098256e-01 -2.146994e-01 9.659968e-01 -1.440634e-01 -7.522441e-01 -1.822769e-01 1.052807e-01 9.775945e-01 2.318347e+01
9.864137e-01 1.356529e-01 9.266193e-02 5.679155e-01 -1.355537e-01 9.907424e-01 -7.393200e-03 -8.338196e-01 -9.280701e-02 -5.267914e-03 9.956702e-01 2.434325e+01
9.906373e-01 -1.198051e-01 -6.545561e-02 1.025868e+00 9.943726e-02 9.617248e-01 -2.553382e-01 -8.891824e-01 9.354112e-02 2.464389e-01 9.646336e-01 2.476932e+01
9.446446e-01 2.986291e-01 1.358944e-01 2.104208e+00 -2.990423e-01 9.540729e-01 -1.784628e-02 -9.208531e-01 -1.349826e-01 -2.377979e-02 9.905626e-01 2.518006e+01
9.972996e-01 6.904732e-03 7.311511e-02 2.754053e+00 -4.391925e-03 9.993960e-01 -3.447297e-02 -9.857246e-01 -7.330898e-02 3.405877e-02 9.967275e-01 2.518336e+01
9.946723e-01 -1.859972e-02 -1.013957e-01 3.329309e+00 -1.023889e-02 9.609000e-01 -2.767061e-01 -1.014261e+00 1.025778e-01 2.762701e-01 9.555902e-01 2.567470e+01
8.717628e-01 3.421902e-01 3.506216e-01 3.822905e+00 -4.162392e-01 8.947691e-01 1.616575e-01 -1.030382e+00 -2.584078e-01 -2.868694e-01 9.224594e-01 2.587295e+01
9.776494e-01 -1.618266e-01 -1.342153e-01 4.034286e+00 1.335144e-01 9.710182e-01 -1.982360e-01 -1.056529e+00 1.624053e-01 1.758856e-01 9.709216e-01 2.588123e+01
9.994137e-01 1.832016e-02 2.892288e-02 4.622657e+00 -2.067804e-02 9.962975e-01 8.344926e-02 -1.021643e+00 -2.728698e-02 -8.399841e-02 9.960922e-01 2.600565e+01
9.879186e-01 1.542606e-01 1.484854e-02 5.772838e+00 -1.500250e-01 9.759916e-01 -1.579017e-01 -9.754154e-01 -3.885007e-02 1.537664e-01 9.873432e-01 2.597176e+01
9.996225e-01 2.746532e-02 7.826974e-04 6.774147e+00 -2.734249e-02 9.915349e-01 1.269289e-01 -9.138232e-01 2.710071e-03 -1.269024e-01 9.919115e-01 2.606928e+01
9.855582e-01 1.683486e-01 1.826762e-02 7.708539e+00 -1.612903e-01 9.661072e-01 -2.015499e-01 -8.922659e-01 -5.157913e-02 1.956928e-01 9.793079e-01 2.636901e+01
9.970668e-01 5.199291e-02 -5.616503e-02 8.662431e+00 -4.666187e-02 9.946296e-01 9.238289e-02 -8.844628e-01 6.066666e-02 -8.949115e-02 9.941383e-01 2.658105e+01
9.836151e-01 8.765227e-02 1.575386e-01 9.624613e+00 -5.972074e-02 9.829307e-01 -1.740137e-01 -8.677182e-01 -1.701023e-01 1.617542e-01 9.720601e-01 2.670311e+01
9.795257e-01 8.723094e-02 -1.814392e-01 1.065794e+01 -6.584022e-02 9.904964e-01 1.207553e-01 -8.273671e-01 1.902484e-01 -1.063369e-01 9.759600e-01 2.672297e+01
9.670486e-01 1.654772e-01 1.934793e-01 1.134607e+01 -1.288435e-01 9.735527e-01 -1.886653e-01 -8.315338e-01 -2.195821e-01 1.575199e-01 9.627934e-01 2.690479e+01
9.800710e-01 5.769771e-02 -1.900839e-01 1.186991e+01 -3.920140e-02 9.942480e-01 9.967011e-02 -8.397190e-01 1.947413e-01 -9.023223e-02 9.766954e-01 2.708953e+01
9.710790e-01 1.389936e-01 1.941296e-01 1.230577e+01 -1.103619e-01 9.823131e-01 -1.512656e-01 -8.488028e-01 -2.117210e-01 1.254663e-01 9.692432e-01 2.723828e+01
9.701014e-01 -3.618113e-03 -2.426730e-01 1.283039e+01 1.933880e-02 9.978619e-01 6.243062e-02 -8.378936e-01 2.419282e-01 -6.525704e-02 9.680972e-01 2.736709e+01
9.598556e-01 1.391167e-01 2.435645e-01 1.313275e+01 -1.107332e-01 9.857481e-01 -1.266446e-01 -8.486654e-01 -2.577117e-01 9.458985e-02 9.615807e-01 2.753279e+01
9.360617e-01 -1.689474e-01 -3.086182e-01 1.325135e+01 1.931943e-01 9.799091e-01 4.953924e-02 -8.483122e-01 2.940483e-01 -1.059951e-01 9.498951e-01 2.767940e+01
9.235852e-01 2.935728e-01 2.465875e-01 1.357890e+01 -2.642669e-01 9.534404e-01 -1.453079e-01 -8.502979e-01 -2.777649e-01 6.903927e-02 9.581650e-01 2.781168e+01
9.467551e-01 -1.570285e-01 -2.810636e-01 1.389856e+01 1.689911e-01 9.854405e-01 1.868228e-02 -8.620681e-01 2.740378e-01 -6.518479e-02 9.595073e-01 2.794543e+01
9.554376e-01 2.279198e-01 1.875942e-01 1.448660e+01 -2.117257e-01 9.719367e-01 -1.025243e-01 -8.330236e-01 -2.056970e-01 5.823703e-02 9.768814e-01 2.806925e+01
9.830845e-01 -3.574880e-02 -1.796297e-01 1.480858e+01 4.071987e-02 9.988808e-01 2.406215e-02 -8.495718e-01 1.785685e-01 -3.096963e-02 9.834400e-01 2.820093e+01
9.986743e-01 1.129198e-02 5.022061e-02 1.509396e+01 -9.544514e-03 9.993452e-01 -3.490058e-02 -8.359681e-01 -5.058182e-02 3.437498e-02 9.981282e-01 2.841547e+01
9.907266e-01 1.302172e-01 -3.878597e-02 1.541117e+01 -1.309424e-01 9.912481e-01 -1.677315e-02 -8.486652e-01 3.626237e-02 2.169633e-02 9.991068e-01 2.851703e+01
9.774755e-01 -2.098495e-01 2.247066e-02 1.542107e+01 2.083074e-01 9.763993e-01 5.703046e-02 -8.506601e-01 -3.390815e-02 -5.106507e-02 9.981195e-01 2.864480e+01
9.840146e-01 1.761583e-01 -2.614511e-02 1.540444e+01 -1.770417e-01 9.835244e-01 -3.654993e-02 -8.539914e-01 1.927578e-02 4.059444e-02 9.989898e-01 2.882307e+01
9.788383e-01 -2.030379e-01 -2.552013e-02 1.541455e+01 2.043313e-01 9.765498e-01 6.781700e-02 -8.569670e-01 1.115226e-02 -7.159643e-02 9.973713e-01 2.897777e+01
9.804561e-01 1.950892e-01 -2.541915e-02 1.544524e+01 -1.950868e-01 9.807825e-01 2.598275e-03 -8.615354e-01 2.543755e-02 2.411445e-03 9.996735e-01 2.910026e+01
9.634004e-01 -2.673873e-01 -1.907101e-02 1.548733e+01 2.672846e-01 9.635861e-01 -7.788563e-03 -8.659892e-01 2.045912e-02 2.406118e-03 9.997878e-01 2.922125e+01
9.622673e-01 2.597925e-01 -8.092934e-02 1.594066e+01 -2.590030e-01 9.656634e-01 2.029000e-02 -8.438952e-01 8.342169e-02 1.436542e-03 9.965133e-01 2.936352e+01
9.922367e-01 -9.202556e-02 8.365136e-02 1.642763e+01 9.766491e-02 9.930270e-01 -6.602228e-02 -8.526799e-01 -7.699232e-02 7.367954e-02 9.943055e-01 2.950825e+01
9.723511e-01 2.087652e-01 -1.046439e-01 1.677032e+01 -2.095561e-01 9.777904e-01 3.501995e-03 -8.648451e-01 1.030509e-01 1.852361e-02 9.945036e-01 2.965644e+01
9.927366e-01 -1.036762e-01 6.103443e-02 1.721835e+01 1.069316e-01 9.928673e-01 -5.272742e-02 -8.654281e-01 -5.513251e-02 5.887095e-02 9.967420e-01 2.977402e+01
9.656431e-01 2.300870e-01 -1.208034e-01 1.793883e+01 -2.328556e-01 9.724684e-01 -9.131543e-03 -8.502364e-01 1.153764e-01 3.694756e-02 9.926345e-01 2.984715e+01
9.941001e-01 -7.429826e-02 7.902327e-02 1.884443e+01 7.883876e-02 9.953145e-01 -5.597703e-02 -8.279954e-01 -7.449401e-02 6.187687e-02 9.952999e-01 2.995635e+01
9.607992e-01 2.663781e-01 -7.686158e-02 2.004317e+01 -2.666295e-01 9.637725e-01 7.162029e-03 -8.547960e-01 7.598489e-02 1.361229e-02 9.970160e-01 3.025011e+01
9.942050e-01 -8.794311e-02 6.182607e-02 2.135528e+01 9.140691e-02 9.942589e-01 -5.562348e-02 -9.357168e-01 -5.657942e-02 6.095247e-02 9.965358e-01 3.071351e+01
9.229701e-01 3.845626e-01 1.542309e-02 2.238715e+01 -3.848192e-01 9.227652e-01 2.045886e-02 -9.954781e-01 -6.364178e-03 -2.481802e-02 9.996717e-01 3.122840e+01
9.814307e-01 -1.896190e-01 2.895675e-02 2.369437e+01 1.916738e-01 9.752955e-01 -1.098175e-01 -1.062015e+00 -7.417894e-03 1.133285e-01 9.935299e-01 3.154789e+01
9.112682e-01 4.090878e-01 4.730106e-02 2.495528e+01 -4.116143e-01 9.083698e-01 7.374215e-02 -1.164656e+00 -1.279985e-02 -8.666867e-02 9.961550e-01 3.208214e+01
9.774525e-01 -2.053175e-01 4.930943e-02 2.624499e+01 2.092847e-01 9.730235e-01 -9.708285e-02 -1.269008e+00 -2.804643e-02 1.052136e-01 9.940541e-01 3.264132e+01
9.057086e-01 3.899990e-01 -1.661103e-01 2.732900e+01 -3.930041e-01 9.194016e-01 1.576373e-02 -1.397260e+00 1.588699e-01 5.100466e-02 9.859812e-01 3.383278e+01
9.314972e-01 -1.226452e-01 3.424486e-01 2.796523e+01 1.158972e-01 9.924480e-01 4.018438e-02 -1.426708e+00 -3.447908e-01 2.257181e-03 9.386768e-01 3.431498e+01
9.346956e-01 1.019943e-01 -3.405016e-01 2.799005e+01 -1.004403e-01 9.946945e-01 2.223801e-02 -1.428365e+00 3.409633e-01 1.341432e-02 9.399809e-01 3.451530e+01
9.472605e-01 -6.456564e-02 3.138930e-01 2.910456e+01 5.173463e-02 9.974558e-01 4.904601e-02 -1.425929e+00 -3.162610e-01 -3.022022e-02 9.481907e-01 3.498525e+01
9.277864e-01 2.701765e-01 -2.573266e-01 3.027711e+01 -3.017416e-01 9.489839e-01 -9.155120e-02 -1.499525e+00 2.194638e-01 1.625861e-01 9.619778e-01 3.538654e+01
9.642645e-01 -1.054483e-01 2.430527e-01 3.140916e+01 8.320484e-02 9.914962e-01 1.000611e-01 -1.552783e+00 -2.515371e-01 -7.626216e-02 9.648384e-01 3.570407e+01
9.521224e-01 2.472528e-01 -1.798027e-01 3.211050e+01 -2.697463e-01 9.562221e-01 -1.134739e-01 -1.617002e+00 1.438746e-01 1.565421e-01 9.771359e-01 3.609511e+01
9.709181e-01 -2.113447e-01 1.124789e-01 3.268729e+01 2.014508e-01 9.750565e-01 9.317977e-02 -1.605933e+00 -1.293664e-01 -6.781095e-02 9.892755e-01 3.625502e+01
9.293826e-01 3.484226e-01 -1.218592e-01 3.320875e+01 -3.638197e-01 9.204174e-01 -1.430628e-01 -1.627655e+00 6.231499e-02 1.772949e-01 9.821830e-01 3.641425e+01
9.470703e-01 -3.140495e-01 6.656476e-02 3.380737e+01 3.034911e-01 9.434717e-01 1.332449e-01 -1.651716e+00 -1.046475e-01 -1.059905e-01 9.888452e-01 3.666069e+01
8.740255e-01 4.722437e-01 -1.143032e-01 3.401425e+01 -4.832441e-01 8.693584e-01 -1.033976e-01 -1.685248e+00 5.054162e-02 1.456085e-01 9.880505e-01 3.686600e+01
8.474482e-01 -5.299987e-01 3.054368e-02 3.400098e+01 5.185472e-01 8.387214e-01 1.662985e-01 -1.689019e+00 -1.137556e-01 -1.250910e-01 9.856023e-01 3.699431e+01
8.762942e-01 4.689282e-01 -1.105210e-01 3.399444e+01 -4.802865e-01 8.683145e-01 -1.239144e-01 -1.694327e+00 3.786003e-02 1.616672e-01 9.861188e-01 3.712603e+01
8.645660e-01 -5.024275e-01 -9.602343e-03 3.402305e+01 4.986080e-01 8.553008e-01 1.408919e-01 -1.699981e+00 -6.257509e-02 -1.265982e-01 9.899784e-01 3.727502e+01
8.907715e-01 4.424746e-01 -1.036457e-01 3.413352e+01 -4.526536e-01 8.841312e-01 -1.158304e-01 -1.701255e+00 4.038439e-02 1.500940e-01 9.878466e-01 3.745470e+01
8.774839e-01 -4.795338e-01 8.330457e-03 3.413354e+01 4.715634e-01 8.658064e-01 1.673537e-01 -1.706068e+00 -8.746432e-02 -1.429218e-01 9.858617e-01 3.764371e+01
8.649908e-01 4.923433e-01 -9.689649e-02 3.449035e+01 -5.015295e-01 8.544670e-01 -1.354781e-01 -1.715516e+00 1.609312e-02 1.657838e-01 9.860308e-01 3.796397e+01
9.451545e-01 -3.266224e-01 8.196979e-04 3.467733e+01 3.215735e-01 9.309780e-01 1.728310e-01 -1.751952e+00 -5.721360e-02 -1.630884e-01 9.849512e-01 3.822086e+01
9.649192e-01 2.516050e-01 -7.500564e-02 3.466767e+01 -2.599217e-01 9.557580e-01 -1.377220e-01 -1.755533e+00 3.703571e-02 1.523862e-01 9.876269e-01 3.834025e+01
9.500870e-01 -3.004910e-01 -8.390379e-02 3.515274e+01 3.089820e-01 9.435004e-01 1.197376e-01 -1.737481e+00 4.318317e-02 -1.396859e-01 9.892538e-01 3.855551e+01
9.055271e-01 4.226465e-01 3.729070e-02 3.554431e+01 -4.019278e-01 8.826408e-01 -2.437198e-01 -1.754448e+00 -1.359216e-01 2.057067e-01 9.691285e-01 3.873040e+01
8.942891e-01 -4.140356e-01 -1.697689e-01 3.584132e+01 4.403110e-01 8.818405e-01 1.687706e-01 -1.757899e+00 7.983207e-02 -2.256808e-01 9.709248e-01 3.892041e+01
8.621720e-01 5.056745e-01 3.086533e-02 3.629925e+01 -4.819762e-01 8.374852e-01 -2.575219e-01 -1.759803e+00 -1.560715e-01 2.071518e-01 9.657794e-01 3.913204e+01
9.064261e-01 -3.842580e-01 -1.753215e-01 3.701317e+01 4.059711e-01 9.071636e-01 1.106422e-01 -1.742351e+00 1.165301e-01 -1.714644e-01 9.782743e-01 3.932599e+01
8.242229e-01 5.581723e-01 9.539552e-02 3.744592e+01 -5.277632e-01 8.182606e-01 -2.278500e-01 -1.749180e+00 -2.052379e-01 1.374529e-01 9.690119e-01 3.949521e+01
8.695003e-01 -4.429364e-01 -2.185785e-01 3.831111e+01 4.602488e-01 8.871744e-01 3.305310e-02 -1.716991e+00 1.792768e-01 -1.293402e-01 9.752594e-01 3.965572e+01
7.591693e-01 6.371437e-01 1.330788e-01 3.903605e+01 -6.067272e-01 7.667376e-01 -2.097510e-01 -1.712912e+00 -2.356780e-01 7.849399e-02 9.686561e-01 3.985802e+01
8.279977e-01 -5.166467e-01 -2.179357e-01 3.983018e+01 5.275058e-01 8.494960e-01 -9.708195e-03 -1.703048e+00 1.901512e-01 -1.069240e-01 9.759148e-01 4.001280e+01
7.311659e-01 6.676800e-01 1.399994e-01 4.048902e+01 -6.411033e-01 7.426464e-01 -1.935533e-01 -1.718867e+00 -2.332017e-01 5.176546e-02 9.710496e-01 4.024727e+01
7.590230e-01 -6.204442e-01 -1.973148e-01 4.160617e+01 6.246504e-01 7.794288e-01 -4.798442e-02 -1.682401e+00 1.835645e-01 -8.683152e-02 9.791651e-01 4.041155e+01
5.788250e-01 8.012843e-01 1.513446e-01 4.234454e+01 -7.886541e-01 5.972659e-01 -1.459387e-01 -1.703305e+00 -2.073314e-01 -3.488556e-02 9.776486e-01 4.059794e+01
6.019581e-01 -7.782067e-01 -1.789993e-01 4.248586e+01 7.815492e-01 6.201453e-01 -6.782898e-02 -1.715999e+00 1.637905e-01 -9.906657e-02 9.815083e-01 4.070101e+01
6.557816e-01 7.334153e-01 1.790320e-01 4.247017e+01 -7.315577e-01 6.759107e-01 -8.926434e-02 -1.719235e+00 -1.864775e-01 -7.243435e-02 9.797854e-01 4.082669e+01
5.912511e-01 -7.864369e-01 -1.787151e-01 4.246057e+01 7.896257e-01 6.095737e-01 -7.007900e-02 -1.723573e+00 1.640528e-01 -9.968379e-02 9.814020e-01 4.094960e+01
6.418721e-01 7.462171e-01 1.765224e-01 4.244849e+01 -7.437556e-01 6.618774e-01 -9.351920e-02 -1.727491e+00 -1.866218e-01 -7.126218e-02 9.798439e-01 4.107666e+01
6.037969e-01 -7.630314e-01 -2.306783e-01 4.243298e+01 7.734208e-01 6.308311e-01 -6.222862e-02 -1.731202e+00 1.930014e-01 -1.408379e-01 9.710382e-01 4.119754e+01
