1.000000e+00 1.197625e-11 1.704638e-10 5.551115e-17 1.197625e-11 1.000000e+00 3.562503e-10 0.000000e+00 1.704638e-10 3.562503e-10 1.000000e+00 2.220446e-16 0.000000e+00 0.000000e+00 0.000000e+00 1.000000e+00
2.954996e-01 -1.579149e-01 9.422011e-01 7.415911e-01 2.782268e-01 9.577178e-01 7.325615e-02 -8.981157e-03 -9.139310e-01 2.404985e-01 3.269414e-01 1.115646e-01
9.989576e-01 -4.238783e-02 1.693987e-02 1.380446e+00 4.264012e-02 9.989806e-01 -1.482030e-02 -8.885517e-03 -1.629440e-02 1.552717e-02 9.997467e-01 3.114805e-02
3.626879e-01 -1.259884e-01 9.233550e-01 2.216642e+00 2.718251e-01 9.620349e-01 2.449498e-02 -8.620116e-03 -8.913858e-01 2.421071e-01 3.831652e-01 -9.991460e-02
8.682571e-01 1.239271e-01 -4.803869e-01 2.545285e+00 -4.723120e-02 9.845487e-01 1.686213e-01 -2.223059e-02 4.938611e-01 -1.237174e-01 8.606946e-01 2.954710e-01
5.795198e-01 -2.131806e-01 7.865817e-01 2.911971e+00 2.820538e-01 9.579974e-01 5.183271e-02 -4.505291e-02 -7.645930e-01 1.918203e-01 6.153069e-01 9.963786e-01
6.339049e-02 4.798096e-01 -8.750796e-01 2.883579e+00 -6.600766e-02 8.769389e-01 4.760475e-01 -6.739041e-02 9.958035e-01 2.758508e-02 8.726069e-02 2.289783e+00
7.578018e-01 -2.129186e-01 6.167675e-01 2.677332e+00 3.452084e-01 9.329589e-01 -1.020729e-01 -8.809627e-02 -5.536855e-01 2.902643e-01 7.804992e-01 3.842854e+00
8.840457e-01 3.024358e-01 -3.563646e-01 2.630644e+00 -1.896588e-01 9.289644e-01 3.178910e-01 -1.102142e-01 4.271916e-01 -2.134425e-01 8.786066e-01 4.865871e+00
-2.896162e-01 -1.935510e-01 9.373689e-01 3.118609e+00 5.326912e-01 7.810604e-01 3.258600e-01 -1.241109e-01 -7.952123e-01 5.937025e-01 -1.231049e-01 5.090722e+00
7.640189e-01 3.927337e-01 -5.118938e-01 3.433709e+00 -4.062533e-01 9.091974e-01 9.120496e-02 -1.457644e-01 5.012318e-01 1.382762e-01 8.541934e-01 5.522211e+00
-5.435376e-01 -3.854669e-01 7.456421e-01 3.438653e+00 1.486134e-01 8.300929e-01 5.374567e-01 -1.813305e-01 -8.261240e-01 4.029404e-01 -3.939012e-01 6.489195e+00
9.089758e-01 -9.369705e-02 -4.061820e-01 3.423300e+00 -2.632583e-02 9.595623e-01 -2.802628e-01 -2.139713e-01 4.160167e-01 2.654452e-01 8.697522e-01 7.379853e+00
-5.586037e-01 1.601326e-02 8.292801e-01 3.685360e+00 7.645094e-02 9.965515e-01 3.225417e-02 -2.460130e-01 -8.259039e-01 8.141654e-02 -5.579016e-01 8.093172e+00
8.885161e-01 -1.363429e-01 -4.381206e-01 3.869862e+00 2.295215e-01 9.588560e-01 1.670780e-01 -2.802970e-01 3.973147e-01 -2.490096e-01 8.832527e-01 8.867196e+00
-3.656206e-02 1.737155e-01 9.841169e-01 4.386426e+00 4.699299e-01 8.720887e-01 -1.364814e-01 -2.903599e-01 -8.819462e-01 4.574759e-01 -1.135194e-01 9.015944e+00
8.900015e-01 2.569785e-01 -3.766423e-01 4.985136e+00 -9.353155e-02 9.113758e-01 4.008066e-01 -2.976060e-01 4.462614e-01 -3.214906e-01 8.351614e-01 9.117283e+00
-3.753462e-01 -1.089917e-01 9.204543e-01 5.213760e+00 5.744752e-01 7.519665e-01 3.233026e-01 -3.293818e-01 -7.273881e-01 6.501286e-01 -2.196347e-01 9.812327e+00
8.508484e-01 4.100690e-01 -3.284820e-01 5.255851e+00 -4.159795e-01 9.076711e-01 5.562634e-02 -3.719109e-01 3.209642e-01 8.931219e-02 9.428708e-01 1.090328e+01
-4.207691e-01 -4.305034e-01 7.985112e-01 5.669515e+00 1.481696e-01 8.357900e-01 5.286785e-01 -4.076475e-01 -8.949855e-01 3.407667e-01 -2.878870e-01 1.160710e+01
8.152309e-01 2.304311e-02 -5.786775e-01 6.201829e+00 -2.134696e-01 9.408082e-01 -2.632691e-01 -4.374566e-01 5.383580e-01 3.381552e-01 7.718949e-01 1.213605e+01
-1.717282e-01 -2.683221e-01 9.478991e-01 6.656139e+00 -1.187044e-01 9.608185e-01 2.504738e-01 -4.668441e-01 -9.779666e-01 -6.950636e-02 -1.968506e-01 1.266916e+01
6.116348e-01 -1.596006e-01 -7.748745e-01 6.798461e+00 4.583588e-02 9.849436e-01 -1.666886e-01 -4.965261e-01 7.898113e-01 6.643550e-02 6.097412e-01 1.331820e+01
-4.101989e-01 6.007610e-02 9.100152e-01 7.110561e+00 6.417381e-02 9.972560e-01 -3.690842e-02 -5.238168e-01 -9.097355e-01 4.325935e-02 -4.129286e-01 1.382842e+01
7.663804e-01 -6.339048e-02 -6.392517e-01 7.606824e+00 2.124363e-01 9.641398e-01 1.590761e-01 -5.472792e-01 6.062441e-01 -2.577131e-01 7.523643e-01 1.420179e+01
-4.931737e-01 2.721842e-01 8.262539e-01 8.244820e+00 5.127370e-01 8.582288e-01 2.332470e-02 -5.699093e-01 -7.027663e-01 4.351541e-01 -5.628148e-01 1.453329e+01
8.277253e-01 3.545207e-01 -4.349551e-01 8.902338e+00 -1.880734e-01 9.055777e-01 3.802071e-01 -5.954412e-01 5.286769e-01 -2.329035e-01 8.162455e-01 1.492338e+01
-6.560436e-01 -1.115175e-01 7.464386e-01 9.517321e+00 4.414188e-01 7.455239e-01 4.993431e-01 -6.253337e-01 -6.121733e-01 6.570829e-01 -4.398703e-01 1.540011e+01
8.149851e-01 2.843596e-01 -5.049148e-01 9.876660e+00 -3.658847e-01 9.281844e-01 -6.783808e-02 -6.561896e-01 4.493637e-01 2.400276e-01 8.604993e-01 1.595054e+01
-6.852812e-01 -2.669485e-01 6.775900e-01 1.045807e+01 2.118577e-02 9.226986e-01 3.849396e-01 -6.814785e-01 -7.279704e-01 2.781471e-01 -6.266525e-01 1.633856e+01
7.528630e-01 -1.300693e-01 -6.451971e-01 1.104186e+01 3.813800e-02 9.872526e-01 -1.545242e-01 -7.058968e-01 6.570714e-01 9.172902e-02 7.482266e-01 1.671175e+01
-6.101542e-01 1.456332e-01 7.787829e-01 1.140603e+01 2.300610e-01 9.731747e-01 -1.738424e-03 -7.276809e-01 -7.581450e-01 1.781069e-01 -6.272911e-01 1.710089e+01
8.158876e-01 3.445119e-02 -5.771833e-01 1.172399e+01 1.507709e-01 9.510141e-01 2.698894e-01 -7.470638e-01 5.582075e-01 -3.072218e-01 7.707264e-01 1.744680e+01
-4.756774e-01 2.054616e-01 8.552874e-01 1.228411e+01 5.797191e-01 8.045157e-01 1.291522e-01 -7.684387e-01 -6.615563e-01 5.572613e-01 -5.017999e-01 1.776706e+01
7.117832e-01 4.313494e-01 -5.543486e-01 1.266045e+01 -2.351112e-01 8.900085e-01 3.906503e-01 -7.867045e-01 6.618818e-01 -1.477247e-01 7.349081e-01 1.804878e+01
-3.472955e-01 -1.797736e-01 9.203626e-01 1.242234e+01 5.964204e-01 7.150248e-01 3.647222e-01 -7.887714e-01 -7.236495e-01 6.755894e-01 -1.411043e-01 1.833068e+01
6.583997e-01 4.272254e-01 -6.196679e-01 1.222380e+01 -4.169248e-01 8.924581e-01 1.723143e-01 -7.906057e-01 6.266446e-01 1.449033e-01 7.657150e-01 1.857083e+01
-4.743244e-01 -3.277100e-01 8.170817e-01 1.215150e+01 3.081153e-01 8.076338e-01 5.027848e-01 -7.952802e-01 -8.246704e-01 4.902385e-01 -2.821080e-01 1.881112e+01
7.756815e-01 9.514550e-02 -6.239115e-01 1.202288e+01 -2.340170e-01 9.614610e-01 -1.443217e-01 -8.011931e-01 5.861351e-01 2.579536e-01 7.680531e-01 1.909967e+01
-6.717945e-01 -1.294664e-01 7.293357e-01 1.276767e+01 5.210748e-02 9.739086e-01 2.208776e-01 -8.155773e-01 -7.389025e-01 1.863882e-01 -6.475203e-01 1.928445e+01
7.671482e-01 -1.094925e-01 -6.320562e-01 1.386003e+01 1.293305e-01 9.914913e-01 -1.478540e-02 -8.278245e-01 6.282971e-01 -7.040155e-02 7.747815e-01 1.939534e+01
-4.826013e-01 2.201135e-01 8.477299e-01 1.459030e+01 3.855779e-01 9.224582e-01 -2.001235e-02 -8.361963e-01 -7.864005e-01 3.172080e-01 -5.300504e-01 1.941412e+01
6.940278e-01 2.097870e-01 -6.887052e-01 1.491393e+01 7.573914e-02 9.300204e-01 3.596187e-01 -8.414830e-01 7.159532e-01 -3.017473e-01 6.295709e-01 1.952070e+01
-4.392079e-01 1.936915e-01 8.772571e-01 1.480545e+01 6.514111e-01 7.411184e-01 1.625026e-01 -8.352278e-01 -6.186760e-01 6.428274e-01 -4.516778e-01 1.959413e+01
7.310393e-01 4.396816e-01 -5.217869e-01 1.452217e+01 -2.575666e-01 8.859501e-01 3.856836e-01 -8.221182e-01 6.318552e-01 -1.475550e-01 7.609116e-01 1.962339e+01
8.406089e-01 -3.480341e-01 4.150289e-01 1.444904e+01 4.173065e-01 9.046282e-01 -8.662067e-02 -8.472628e-01 -3.452999e-01 2.460084e-01 9.056754e-01 2.089890e+01
6.594529e-01 4.825557e-01 -5.764216e-01 1.420785e+01 -2.145793e-01 8.557070e-01 4.708729e-01 -8.610366e-01 7.204704e-01 -1.868304e-01 6.678449e-01 2.210983e+01
-2.435442e-01 -1.587135e-01 9.568157e-01 1.416515e+01 6.663074e-01 6.894895e-01 2.839696e-01 -8.604117e-01 -7.047841e-01 7.066925e-01 -6.216922e-02 2.225161e+01
7.247549e-01 4.997476e-01 -4.743234e-01 1.460123e+01 -4.819232e-01 8.596832e-01 1.693957e-01 -8.636418e-01 4.924229e-01 1.058171e-01 8.638995e-01 2.230044e+01
-4.860109e-01 -4.072558e-01 7.732633e-01 1.509318e+01 2.583749e-01 7.782823e-01 5.722928e-01 -8.691967e-01 -8.348867e-01 4.779324e-01 -2.730290e-01 2.235434e+01
7.258953e-01 5.391619e-02 -6.856887e-01 1.543131e+01 -2.758378e-01 9.360615e-01 -2.184089e-01 -8.630462e-01 6.300710e-01 3.476808e-01 6.943548e-01 2.224775e+01
-2.566970e-01 -2.154055e-01 9.421821e-01 1.589878e+01 2.169876e-02 9.733172e-01 2.284355e-01 -8.507822e-01 -9.662483e-01 7.908289e-02 -2.451735e-01 2.200580e+01
5.932935e-01 -1.806984e-01 -7.844431e-01 1.617128e+01 1.249878e-01 9.833404e-01 -1.319836e-01 -8.290382e-01 7.952238e-01 -1.974079e-02 6.059946e-01 2.168037e+01
-4.092984e-01 2.429581e-01 8.794579e-01 1.647445e+01 2.572175e-01 9.555246e-01 -1.442636e-01 -8.196118e-01 -8.753936e-01 1.671651e-01 -4.535878e-01 2.156291e+01
6.781956e-01 6.842715e-02 -7.316888e-01 1.642867e+01 2.578875e-01 9.101753e-01 3.241527e-01 -8.152419e-01 6.881459e-01 -4.085323e-01 5.996303e-01 2.163294e+01
-8.427356e-02 2.970489e-01 9.511361e-01 1.607126e+01 6.476509e-01 7.417403e-01 -1.742687e-01 -8.087407e-01 -7.572623e-01 6.013180e-01 -2.548931e-01 2.185417e+01
8.137425e-01 4.268030e-01 -3.945407e-01 1.593419e+01 -1.555807e-01 8.139863e-01 5.596615e-01 -8.118365e-01 5.600159e-01 -3.940374e-01 7.287775e-01 2.212822e+01
-8.301695e-02 -1.486056e-01 9.854058e-01 1.573596e+01 7.915576e-01 5.909008e-01 1.557976e-01 -8.024939e-01 -6.054294e-01 7.929392e-01 6.857514e-02 2.219317e+01
4.641777e-01 6.419156e-01 -6.103142e-01 1.514929e+01 -3.622198e-01 7.663610e-01 5.305541e-01 -7.663431e-01 8.082919e-01 -2.520345e-02 5.882422e-01 2.207239e+01
-9.952382e-02 -3.006113e-01 9.485398e-01 1.529911e+01 7.526980e-01 6.007409e-01 2.693623e-01 -7.406007e-01 -6.508001e-01 7.407720e-01 1.664815e-01 2.173006e+01
4.436406e-01 6.714753e-01 -5.935520e-01 1.627374e+01 -5.480314e-01 7.272962e-01 4.131608e-01 -7.297830e-01 7.091154e-01 1.419902e-01 6.906477e-01 2.141954e+01
-4.205802e-01 -4.630005e-01 7.802197e-01 1.725033e+01 4.657009e-01 6.278635e-01 6.236265e-01 -7.180499e-01 -7.786109e-01 6.256340e-01 -4.844717e-02 2.107181e+01
4.553725e-01 3.304943e-01 -8.266858e-01 1.802585e+01 -5.615219e-01 8.271855e-01 2.138476e-02 -6.930910e-01 6.908901e-01 4.544641e-01 5.622573e-01 2.055988e+01
-2.189801e-01 -4.859338e-01 8.461182e-01 1.856916e+01 1.926642e-01 8.285579e-01 5.257113e-01 -6.674173e-01 -9.565188e-01 2.781370e-01 -8.781564e-02 2.010529e+01
2.481734e-01 8.840032e-02 -9.646737e-01 1.907039e+01 -3.569544e-01 9.341010e-01 -6.231890e-03 -6.393136e-01 9.005518e-01 3.458911e-01 2.633739e-01 1.964776e+01
-4.485534e-01 -2.281282e-01 8.641512e-01 1.973725e+01 8.357755e-02 9.519328e-01 2.946842e-01 -6.174085e-01 -8.898397e-01 2.044052e-01 -4.079263e-01 1.921747e+01
6.033161e-01 -3.057581e-02 -7.969158e-01 2.052684e+01 -4.762835e-02 9.960997e-01 -7.427572e-02 -6.225870e-01 7.960787e-01 8.276752e-02 5.995067e-01 1.919747e+01
-5.772562e-01 3.898218e-02 8.156321e-01 2.127923e+01 1.569845e-01 9.855250e-01 6.400232e-02 -6.365241e-01 -8.013309e-01 1.649873e-01 -5.750200e-01 1.938273e+01
3.643429e-01 1.020410e-01 -9.256575e-01 2.202737e+01 1.281735e-01 9.790247e-01 1.583736e-01 -6.376750e-01 9.224022e-01 -1.763471e-01 3.436218e-01 1.931058e+01
-6.020351e-01 2.428269e-01 7.606503e-01 2.307281e+01 4.396834e-01 8.960132e-01 6.195850e-02 -6.408274e-01 -6.665075e-01 3.717465e-01 -6.461984e-01 1.923686e+01
5.082763e-01 3.575597e-01 -7.834579e-01 2.390340e+01 -7.779484e-03 9.116037e-01 4.109967e-01 -6.476455e-01 8.611589e-01 -2.028050e-01 4.661282e-01 1.926118e+01
-2.970816e-01 2.694490e-02 9.544719e-01 2.458811e+01 5.770541e-01 8.014766e-01 1.569836e-01 -6.543002e-01 -7.607569e-01 5.974188e-01 -2.536526e-01 1.931143e+01
-7.134829e-01 6.727619e-01 -1.957897e-01 2.472771e+01 4.475401e-01 6.525721e-01 6.114389e-01 -6.753256e-01 5.391197e-01 3.486275e-01 -7.666869e-01 2.062536e+01
-1.940649e-01 2.893821e-01 9.373350e-01 2.478401e+01 7.465443e-01 6.634349e-01 -5.025752e-02 -6.825811e-01 -6.364043e-01 6.900089e-01 -3.447859e-01 2.151342e+01
4.113073e-01 6.938765e-01 -5.910683e-01 2.536805e+01 -1.103917e-01 6.816063e-01 7.233440e-01 -6.908877e-01 9.047872e-01 -2.322677e-01 3.569479e-01 2.161238e+01
-5.935145e-01 -4.045203e-02 8.038061e-01 2.629467e+01 6.796712e-01 5.096903e-01 5.275062e-01 -7.006777e-01 -4.310309e-01 8.594064e-01 -2.750145e-01 2.172119e+01
6.202598e-01 5.880295e-01 -5.191330e-01 2.760356e+01 -6.788249e-01 7.340175e-01 2.037275e-02 -7.129799e-01 3.930325e-01 3.397640e-01 8.544506e-01 2.174274e+01
6.486934e-01 -7.470528e-01 1.452893e-01 2.788241e+01 6.736215e-01 6.524527e-01 3.471881e-01 -7.356747e-01 -3.541622e-01 -1.273486e-01 9.264726e-01 2.280511e+01
-5.646002e-02 8.566080e-01 -5.128693e-01 2.764349e+01 -4.256428e-01 4.440163e-01 7.884654e-01 -7.522336e-01 9.031282e-01 2.628159e-01 3.395398e-01 2.462209e+01
7.679639e-01 -5.588297e-01 3.129549e-01 2.757424e+01 6.339665e-01 5.936440e-01 -4.956544e-01 -7.714906e-01 9.120262e-02 5.790476e-01 8.101765e-01 2.638861e+01
7.324366e-01 6.497311e-01 -2.034357e-01 2.769847e+01 -1.892306e-01 4.813022e-01 8.558855e-01 -7.800047e-01 6.540095e-01 -5.883856e-01 4.754723e-01 2.732044e+01
-1.830841e-01 -1.799770e-01 9.664825e-01 2.884199e+01 9.376780e-01 2.633961e-01 2.266768e-01 -7.751014e-01 -2.953644e-01 9.477504e-01 1.205368e-01 2.709815e+01
4.677605e-01 8.641546e-01 -1.855716e-01 2.978266e+01 -8.672282e-01 4.892642e-01 9.238933e-02 -7.867383e-01 1.706322e-01 1.177169e-01 9.782778e-01 2.718963e+01
-3.157853e-01 -8.531297e-01 4.152702e-01 3.027048e+01 1.668223e-01 3.809265e-01 9.094313e-01 -8.075187e-01 -9.340503e-01 3.564614e-01 2.203011e-02 2.755601e+01
8.263700e-01 1.118778e-03 -5.631264e-01 3.090628e+01 -4.631854e-01 5.700808e-01 -6.785773e-01 -8.238332e-01 3.202683e-01 8.215879e-01 4.716159e-01 2.780910e+01
-2.414851e-01 -4.854130e-01 8.402733e-01 3.183087e+01 -6.218236e-01 7.421709e-01 2.500357e-01 -8.347477e-01 -7.449969e-01 -4.621218e-01 -4.810644e-01 2.790420e+01
4.761800e-01 -7.568034e-01 -4.477736e-01 3.244707e+01 5.557802e-01 6.536287e-01 -5.136905e-01 -8.481445e-01 6.814404e-01 -4.254599e-03 7.318613e-01 2.809195e+01
-3.635976e-01 6.301553e-01 6.860766e-01 3.298405e+01 7.029569e-03 7.383195e-01 -6.744145e-01 -8.642760e-01 -9.315296e-01 -2.403927e-01 -2.728809e-01 2.835939e+01
6.450058e-01 -1.354738e-01 -7.520733e-01 3.378093e+01 6.771647e-01 5.574132e-01 4.803525e-01 -8.653945e-01 3.541404e-01 -8.191077e-01 4.512728e-01 2.829922e+01
1.034334e-01 6.307587e-01 7.690547e-01 3.481135e+01 8.159746e-01 3.883260e-01 -4.282387e-01 -8.663231e-01 -5.687592e-01 6.718232e-01 -4.745171e-01 2.819658e+01
7.481467e-01 6.594582e-01 -7.342606e-02 3.581265e+01 -2.855095e-01 4.198316e-01 8.615253e-01 -8.715415e-01 5.989664e-01 -6.235835e-01 5.023772e-01 2.817915e+01
-4.067251e-01 -2.553491e-01 8.771382e-01 3.663544e+01 8.687737e-01 1.887962e-01 4.578081e-01 -8.849125e-01 -2.825013e-01 9.482367e-01 1.450524e-01 2.833274e+01
2.506845e-01 8.586191e-01 -4.471359e-01 3.739500e+01 -8.851052e-01 3.903681e-01 2.533801e-01 -8.920501e-01 3.921046e-01 3.322438e-01 8.578275e-01 2.839835e+01
-3.607483e-01 -8.213581e-01 4.418501e-01 3.808506e+01 3.819583e-01 3.020926e-01 8.734117e-01 -8.843966e-01 -8.508634e-01 4.838501e-01 2.047452e-01 2.821286e+01
1.992679e-01 3.109261e-01 -9.293101e-01 3.883574e+01 -8.683890e-01 4.954624e-01 -2.043442e-02 -8.628019e-01 4.540846e-01 8.110746e-01 3.687345e-01 2.775513e+01
-4.343162e-01 -7.784815e-01 4.531401e-01 3.945311e+01 -2.748414e-01 5.936041e-01 7.563705e-01 -8.511501e-01 -8.578063e-01 2.039623e-01 -4.717709e-01 2.747885e+01
6.208986e-01 -4.386536e-01 -6.496676e-01 3.984693e+01 -1.784638e-01 7.279082e-01 -6.620425e-01 -8.595258e-01 7.633057e-01 5.270034e-01 3.736734e-01 2.760943e+01
-6.421176e-01 -2.085396e-02 7.663225e-01 3.992492e+01 -3.257418e-01 9.123208e-01 -2.481189e-01 -8.632575e-01 -6.939577e-01 -4.089448e-01 -5.926102e-01 2.777124e+01
4.823273e-01 -4.272792e-01 -7.647175e-01 4.015639e+01 6.695041e-01 7.427729e-01 7.255843e-03 -8.778845e-01 5.649112e-01 -5.154812e-01 6.443249e-01 2.806987e+01
-3.275916e-01 7.258909e-01 6.047861e-01 4.079971e+01 6.720582e-01 6.289436e-01 -3.908552e-01 -9.000373e-01 -6.640945e-01 2.784106e-01 -6.938775e-01 2.841705e+01
4.490583e-01 6.549325e-01 -6.077911e-01 4.135810e+01 3.154485e-01 5.202230e-01 7.936374e-01 -9.232742e-01 8.359658e-01 -5.481163e-01 2.701299e-02 2.887676e+01
-2.093260e-01 2.727615e-01 9.390334e-01 4.180031e+01 9.190751e-01 3.827834e-01 9.368969e-02 -9.460067e-01 -3.338915e-01 8.826540e-01 -3.308148e-01 2.943350e+01
4.625684e-01 8.470744e-01 -2.617162e-01 4.253916e+01 -6.098012e-01 5.182612e-01 5.996230e-01 -9.559041e-01 6.435627e-01 -1.177718e-01 7.562783e-01 2.952260e+01
-5.583191e-01 -5.092142e-01 6.549662e-01 4.325532e+01 5.687333e-01 3.398470e-01 7.490303e-01 -9.590369e-01 -6.040052e-01 7.906990e-01 9.986395e-02 2.947549e+01
3.782221e-01 5.219520e-01 -7.645352e-01 4.394353e+01 -8.173101e-01 5.760924e-01 -1.102914e-02 -9.596296e-01 4.346863e-01 6.290339e-01 6.444876e-01 2.946851e+01
3.935022e-01 -9.067537e-01 1.515051e-01 4.407497e+01 6.701309e-01 3.957361e-01 6.279470e-01 -9.912748e-01 -6.293493e-01 -1.455703e-01 7.633667e-01 3.105290e+01
5.535586e-01 7.012468e-01 -4.492503e-01 4.393213e+01 -8.272945e-01 5.250047e-01 -1.998845e-01 -1.026436e+00 9.569016e-02 4.823101e-01 8.707585e-01 3.286398e+01
2.092515e-01 -9.170690e-01 3.394087e-01 4.400109e+01 2.676138e-01 3.875479e-01 8.821505e-01 -1.060431e+00 -9.405300e-01 -9.376089e-02 3.265153e-01 3.398556e+01
-8.911821e-01 3.993431e-01 -2.152196e-01 4.377900e+01 -1.704806e-01 1.448291e-01 9.746594e-01 -1.049340e+00 4.203936e-01 9.052898e-01 -6.098883e-02 3.541710e+01
-4.350057e-01 -2.902408e-01 8.523675e-01 4.366620e+01 8.823822e-01 5.115910e-02 4.677440e-01 -1.060471e+00 -1.793647e-01 9.555852e-01 2.338488e-01 3.684779e+01
3.477360e-01 8.571981e-01 -3.798568e-01 4.442384e+01 -9.355259e-01 3.441028e-01 -7.990317e-02 -1.073623e+00 6.221694e-02 3.831510e-01 9.215879e-01 3.700012e+01
-2.562196e-01 -9.264464e-01 2.757690e-01 4.518834e+01 -1.150988e-01 3.125038e-01 9.429176e-01 -1.087569e+00 -9.597415e-01 2.098533e-01 -1.867025e-01 3.713859e+01
8.868903e-01 -3.121911e-01 -3.405324e-01 4.605665e+01 -1.644954e-01 4.754035e-01 -8.642527e-01 -1.110551e+00 4.317024e-01 8.225134e-01 3.702767e-01 3.746787e+01
-2.506207e-01 -1.761609e-01 9.519226e-01 4.723414e+01 -6.802338e-01 7.316922e-01 -4.368542e-02 -1.108895e+00 -6.888187e-01 -6.584784e-01 -3.032079e-01 3.727877e+01
3.068052e-01 -7.808113e-01 -5.442466e-01 4.823129e+01 7.282760e-01 5.607429e-01 -3.939308e-01 -1.106665e+00 6.127680e-01 -2.755017e-01 7.406849e-01 3.712744e+01
-7.177227e-02 7.622305e-01 6.433144e-01 4.937366e+01 -1.045714e-01 6.356729e-01 -7.648430e-01 -1.091357e+00 -9.919242e-01 -1.221668e-01 3.408382e-02 3.672414e+01
-1.647562e-01 -2.203481e-01 -9.614063e-01 5.027598e+01 8.444119e-01 4.722199e-01 -2.529367e-01 -1.020521e+00 5.097293e-01 -8.534958e-01 1.082634e-01 3.547642e+01
1.492965e-01 9.007746e-01 4.078182e-01 5.071756e+01 -3.634555e-01 4.335600e-01 -8.245761e-01 -9.365318e-01 -9.195709e-01 -2.511745e-02 3.921205e-01 3.417233e+01
2.528295e-01 -4.487870e-01 -8.571274e-01 5.169904e+01 9.434435e-01 3.107284e-01 1.155948e-01 -9.037285e-01 2.144564e-01 -8.378771e-01 5.019665e-01 3.349256e+01
2.371286e-01 9.073242e-01 3.471783e-01 5.275794e+01 4.132015e-01 2.292360e-01 -8.813146e-01 -8.938564e-01 -8.792238e-01 3.524395e-01 -3.205494e-01 3.318830e+01
8.534956e-01 2.236461e-01 -4.706672e-01 5.378039e+01 4.524205e-01 1.301595e-01 8.822552e-01 -8.828695e-01 2.585748e-01 -9.659404e-01 9.908431e-03 3.286694e+01
5.162564e-01 3.447069e-01 7.840003e-01 5.472008e+01 8.479464e-01 -7.716883e-02 -5.244349e-01 -8.704815e-01 -1.202759e-01 9.355331e-01 -3.321319e-01 3.252902e+01
6.137913e-01 7.133374e-01 3.382455e-01 5.559174e+01 -5.061904e-01 2.681197e-02 8.620049e-01 -8.668702e-01 6.058313e-01 -7.003077e-01 3.775415e-01 3.238258e+01
-4.769817e-01 -4.579861e-01 7.501581e-01 5.604184e+01 8.789118e-01 -2.500785e-01 4.061708e-01 -8.848676e-01 1.577800e-03 8.530589e-01 5.218123e-01 3.282186e+01
2.079693e-01 8.973815e-01 -3.891724e-01 5.675132e+01 -9.403461e-01 7.390472e-02 -3.320954e-01 -8.943196e-01 -2.692546e-01 4.350224e-01 8.592191e-01 3.292389e+01
-9.935750e-03 -9.982928e-01 5.755581e-02 5.749592e+01 -2.176457e-01 5.833770e-02 9.742829e-01 -9.016865e-01 -9.759773e-01 -2.846540e-03 -2.178537e-01 3.296479e+01
6.762131e-01 -3.987166e-01 -6.194844e-01 5.846290e+01 -5.746381e-01 2.407320e-01 -7.822015e-01 -8.950975e-01 4.610064e-01 8.849142e-01 -6.633164e-02 3.274547e+01
-1.001457e-02 -5.997402e-01 8.001321e-01 5.944338e+01 -8.153814e-01 4.680908e-01 3.406527e-01 -8.841492e-01 -5.788376e-01 -6.490013e-01 -4.937047e-01 3.243144e+01
2.199955e-01 -9.046457e-01 -3.649906e-01 6.041941e+01 3.019541e-01 4.189320e-01 -8.563409e-01 -8.765344e-01 9.275913e-01 7.818075e-02 3.653246e-01 3.218155e+01
-5.810172e-01 5.052468e-01 6.380789e-01 6.097663e+01 -2.866852e-01 6.066924e-01 -7.414418e-01 -8.618765e-01 -7.617287e-01 -6.137182e-01 -2.076520e-01 3.192652e+01
2.023772e-01 -3.631182e-01 -9.094991e-01 6.150267e+01 9.521745e-01 2.900602e-01 9.606637e-02 -8.463481e-01 2.289260e-01 -8.854435e-01 4.044535e-01 3.170521e+01
1.614920e-01 9.293149e-01 3.321055e-01 6.204037e+01 7.866141e-01 8.200494e-02 -6.119750e-01 -8.518482e-01 -5.959518e-01 3.600680e-01 -7.177691e-01 3.172814e+01
7.807889e-01 5.990668e-01 -1.774477e-01 6.255643e+01 2.273540e-01 -7.879608e-03 9.737803e-01 -8.562093e-01 5.819612e-01 -8.006603e-01 -1.423525e-01 3.172347e+01
-1.003785e-02 1.863154e-01 9.824387e-01 6.329914e+01 9.625834e-01 -2.642705e-01 5.995280e-02 -8.627216e-01 2.707997e-01 9.462810e-01 -1.766914e-01 3.173860e+01
3.305979e-01 9.361494e-01 1.197052e-01 6.425227e+01 1.695665e-01 -1.836914e-01 9.682483e-01 -7.855769e-01 9.284139e-01 -2.998028e-01 -2.194675e-01 3.037004e+01
5.517325e-01 1.770744e-01 8.150067e-01 6.471976e+01 7.883693e-01 -4.295988e-01 -4.403621e-01 -7.145109e-01 2.721490e-01 8.854883e-01 -3.766236e-01 2.925468e+01
2.074544e-01 7.120978e-01 6.707305e-01 6.450534e+01 -8.531044e-01 -2.038394e-01 4.802732e-01 -7.234181e-01 4.787228e-01 -6.718379e-01 5.652064e-01 2.964951e+01
-1.058803e-01 -8.828279e-01 4.576071e-01 6.386331e+01 8.308031e-01 -3.314115e-01 -4.471382e-01 -7.217728e-01 5.464024e-01 3.328383e-01 7.685461e-01 3.086435e+01
-1.606268e-01 8.940879e-01 4.180978e-01 6.330221e+01 -9.867024e-01 -1.347932e-01 -9.082544e-02 -7.268937e-01 -2.484921e-02 -4.271271e-01 9.038501e-01 3.209124e+01
-4.739629e-01 -8.777467e-01 -7.014253e-02 6.314384e+01 8.734641e-01 -4.787393e-01 8.870864e-02 -6.772810e-01 -1.114437e-01 -1.922238e-02 9.935848e-01 3.152656e+01
-1.307990e-01 9.728518e-01 1.909214e-01 6.353513e+01 -3.942631e-01 -2.277355e-01 8.903332e-01 -5.111316e-01 9.096418e-01 4.118138e-02 4.133471e-01 2.918167e+01
6.215617e-01 -3.867029e-01 6.812650e-01 6.431660e+01 5.486053e-01 -4.059144e-01 -7.309348e-01 -4.282103e-01 5.591899e-01 8.280667e-01 -4.015362e-02 2.792711e+01
-7.374615e-02 5.176368e-01 8.524164e-01 6.481079e+01 -9.824603e-01 -1.845007e-01 2.704272e-02 -4.471980e-01 1.712697e-01 -8.354709e-01 5.221638e-01 2.825400e+01
-3.572735e-01 -9.325224e-01 -5.251206e-02 6.502892e+01 9.312989e-01 -3.514042e-01 -9.590337e-02 -4.774168e-01 7.097908e-02 -8.316816e-02 9.940045e-01 2.895335e+01
1.021305e-01 9.701060e-01 -2.201447e-01 6.505774e+01 -2.611346e-01 -1.873955e-01 -9.469380e-01 -5.059213e-01 -9.598844e-01 1.541987e-01 2.341894e-01 2.964519e+01
8.212071e-01 -5.616937e-01 -1.005939e-01 6.488833e+01 -8.235122e-02 -2.910977e-01 9.531424e-01 -5.266837e-01 -5.646567e-01 -7.744432e-01 -2.853077e-01 3.032937e+01
5.886323e-01 -3.828382e-01 7.120021e-01 6.476180e+01 5.867541e-01 -4.035256e-01 -7.020589e-01 -5.573865e-01 5.560861e-01 8.310246e-01 -1.289630e-02 3.121090e+01
-2.801337e-01 6.018595e-01 7.478571e-01 6.463406e+01 -9.517373e-01 -7.237371e-02 -2.982586e-01 -5.901117e-01 -1.253846e-01 -7.953158e-01 5.930864e-01 3.217511e+01
-2.025443e-01 -8.792561e-01 -4.311432e-01 6.443676e+01 7.023969e-01 -4.372199e-01 5.616737e-01 -6.191746e-01 -6.823594e-01 -1.890698e-01 7.061432e-01 3.309492e+01
8.883298e-01 4.516197e-01 -8.312563e-02 6.448864e+01 9.288836e-02 -3.540012e-01 -9.306207e-01 -6.491835e-01 -4.497132e-01 8.189767e-01 -3.564201e-01 3.376580e+01
3.994663e-01 -1.726437e-01 9.003449e-01 6.477661e+01 -9.156326e-01 -1.235672e-01 3.825548e-01 -6.757469e-01 4.520745e-02 -9.772028e-01 -2.074391e-01 3.426091e+01
-3.308560e-01 -9.058410e-01 2.645493e-01 6.471195e+01 8.815941e-01 -3.966991e-01 -2.557767e-01 -7.032625e-01 3.366395e-01 1.485999e-01 9.298344e-01 3.495112e+01
-2.683345e-02 9.805548e-01 -1.944025e-01 6.472303e+01 -2.633376e-01 -1.945372e-01 -9.448855e-01 -7.324853e-01 -9.643305e-01 2.583895e-02 2.634370e-01 3.563874e+01
8.349766e-01 -5.218492e-01 -1.746066e-01 6.515928e+01 8.952027e-04 -3.160133e-01 9.487543e-01 -7.531798e-01 -5.502847e-01 -7.923440e-01 -2.633965e-01 3.598362e+01
5.355060e-01 -2.725622e-01 7.993392e-01 6.548979e+01 6.614424e-01 -4.531303e-01 -5.976344e-01 -7.821294e-01 5.250973e-01 8.487537e-01 -6.236981e-02 3.654494e+01
-1.883786e-01 6.589692e-01 7.281985e-01 6.553115e+01 -9.798482e-01 -1.762522e-01 -9.398214e-02 -8.117392e-01 6.641521e-02 -7.312282e-01 6.788920e-01 3.721999e+01
-4.093706e-01 -8.841674e-01 -2.250858e-01 6.537509e+01 8.515744e-01 -4.588310e-01 2.535650e-01 -8.348113e-01 -3.274703e-01 -8.787529e-02 9.407663e-01 3.797619e+01
2.975059e-01 8.288412e-01 -4.738275e-01 6.519332e+01 -5.014328e-01 -2.866839e-01 -8.163195e-01 -8.519842e-01 -8.124379e-01 4.804525e-01 3.303180e-01 3.861132e+01
6.871299e-01 -7.169502e-01 -1.176218e-01 6.515823e+01 -1.690704e-01 -3.152409e-01 9.338300e-01 -8.714607e-01 -7.065888e-01 -6.217761e-01 -3.378264e-01 3.911254e+01
7.654420e-01 -4.591375e-01 4.508783e-01 6.536578e+01 3.041664e-01 -3.593047e-01 -8.822601e-01 -8.878599e-01 5.670814e-01 8.124610e-01 -1.353727e-01 3.944940e+01
-4.660249e-01 3.648721e-01 8.060330e-01 6.558719e+01 -8.687405e-01 -1.606819e-02 -4.950069e-01 -9.147980e-01 -1.676627e-01 -9.309190e-01 3.244673e-01 3.999327e+01
-2.624004e-02 -8.163673e-01 -5.769366e-01 6.588054e+01 7.979155e-01 -3.647737e-01 4.798656e-01 -9.499848e-01 -6.021979e-01 -4.477550e-01 6.609638e-01 4.071917e+01
8.097769e-01 5.491501e-01 2.066289e-01 6.642762e+01 4.686324e-01 -3.934370e-01 -7.909432e-01 -9.825710e-01 -3.530511e-01 7.373205e-01 -5.759457e-01 4.135297e+01
4.667422e-01 2.170127e-01 8.573548e-01 6.662714e+01 -8.338651e-01 -2.149984e-01 5.083746e-01 -1.012690e+00 2.946536e-01 -9.521981e-01 8.061045e-02 4.198534e+01
-4.261506e-01 -8.027842e-01 4.170531e-01 6.673693e+01 8.829508e-01 -4.694632e-01 -1.457011e-03 -1.046477e+00 1.969607e-01 3.676165e-01 9.088810e-01 4.276426e+01
-5.568123e-02 9.598199e-01 -2.750370e-01 6.706871e+01 -6.456113e-01 -2.447402e-01 -7.233867e-01 -1.072834e+00 -7.616335e-01 1.372879e-01 6.332980e-01 4.328235e+01
5.002127e-01 -8.013805e-01 -3.279887e-01 6.780491e+01 5.369750e-02 -3.493450e-01 9.354543e-01 -1.081595e+00 -8.642360e-01 -4.855382e-01 -1.317146e-01 4.333022e+01
9.313558e-01 -2.544342e-01 2.604605e-01 6.866502e+01 1.675749e-01 -3.355473e-01 -9.269988e-01 -1.089808e+00 3.232570e-01 9.070123e-01 -2.698771e-01 4.335275e+01
2.633490e-03 9.540687e-02 9.954349e-01 6.968870e+01 -9.974992e-01 -7.005628e-02 9.353455e-03 -1.097295e+00 7.062885e-02 -9.929701e-01 9.498379e-02 4.334693e+01
-3.176248e-01 -9.471439e-01 -4.508903e-02 7.051006e+01 9.200068e-01 -2.963142e-01 -2.564867e-01 -1.109877e+00 2.295692e-01 -1.229487e-01 9.654955e-01 4.348293e+01
-5.841769e-02 9.843712e-01 -1.661346e-01 7.130698e+01 -1.773016e-01 -1.740036e-01 -9.686521e-01 -1.126429e+00 -9.824212e-01 -2.713049e-02 1.846955e-01 4.370608e+01
8.425474e-01 -3.894566e-01 -3.720720e-01 7.219176e+01 2.508123e-01 -3.276379e-01 9.109043e-01 -1.135312e+00 -4.766625e-01 -8.608002e-01 -1.783700e-01 4.376677e+01
8.130207e-01 -2.947965e-02 5.814880e-01 7.301263e+01 5.067614e-01 -4.559330e-01 -7.316543e-01 -1.136090e+00 2.866885e-01 8.895258e-01 -3.557438e-01 4.368767e+01
2.563371e-01 4.029401e-01 8.785958e-01 7.386776e+01 -9.119682e-01 -2.004048e-01 3.579830e-01 -1.131421e+00 3.203205e-01 -8.930158e-01 3.160974e-01 4.348002e+01
-4.986179e-01 -8.129678e-01 3.007716e-01 7.450017e+01 8.581137e-01 -5.120018e-01 3.866690e-02 -1.133688e+00 1.225606e-01 2.773762e-01 9.529120e-01 4.341127e+01
1.926327e-01 9.057086e-01 -3.776037e-01 7.495181e+01 -3.998605e-01 -2.789607e-01 -8.730936e-01 -1.154162e+00 -8.961050e-01 3.191752e-01 3.084201e-01 4.375476e+01
7.305157e-01 -6.801479e-01 6.120255e-02 7.571648e+01 -3.588860e-01 -3.061190e-01 8.817550e-01 -1.171017e+00 -5.809885e-01 -6.661006e-01 -4.677203e-01 4.404738e+01
4.455712e-01 -6.035475e-01 6.612085e-01 7.619789e+01 5.794772e-01 -3.685432e-01 -7.268989e-01 -1.204644e+00 6.824020e-01 7.070405e-01 1.855298e-01 4.482600e+01
-5.487519e-01 7.134910e-01 4.356625e-01 7.624718e+01 -6.413325e-01 -2.500700e-02 -7.668554e-01 -1.246543e+00 -5.362499e-01 -7.002179e-01 4.713076e-01 4.598622e+01
3.547514e-01 -7.086882e-01 -6.098463e-01 7.619816e+01 5.517703e-01 -3.678809e-01 7.484739e-01 -1.278325e+00 -7.547854e-01 -6.020172e-01 2.605268e-01 4.687646e+01
8.818335e-01 2.038622e-01 4.252174e-01 7.619040e+01 4.698640e-01 -4.562836e-01 -7.556673e-01 -1.302959e+00 3.996772e-02 8.661671e-01 -4.981536e-01 4.757695e+01
1.207144e-01 3.348972e-01 9.344902e-01 7.624586e+01 -9.715707e-01 -1.532763e-01 1.804346e-01 -1.319351e+00 2.036623e-01 -9.297044e-01 3.068737e-01 4.800928e+01
-5.010151e-01 -8.651928e-01 2.062310e-02 7.663872e+01 8.436681e-01 -4.829619e-01 2.344609e-01 -1.334900e+00 -1.928937e-01 1.348675e-01 9.719068e-01 4.830731e+01
4.127006e-01 8.167557e-01 -4.032225e-01 7.724433e+01 -3.552852e-01 -2.632740e-01 -8.969165e-01 -1.343881e+00 -8.387197e-01 5.134170e-01 1.815278e-01 4.854723e+01
7.241274e-01 -6.695854e-01 1.652119e-01 7.780347e+01 -4.169037e-01 -2.341608e-01 8.782710e-01 -1.348421e+00 -5.493913e-01 -7.048576e-01 -4.487149e-01 4.872450e+01
5.044675e-01 -6.965717e-01 5.101964e-01 7.842023e+01 4.072394e-01 -3.290890e-01 -8.519721e-01 -1.346561e+00 7.613598e-01 6.375643e-01 1.176567e-01 4.864734e+01
-5.353368e-01 5.462823e-01 6.441973e-01 7.875362e+01 -7.722100e-01 -7.540623e-03 -6.353227e-01 -1.364652e+00 -3.422079e-01 -8.375672e-01 4.258814e-01 4.902175e+01
5.227621e-02 -7.550331e-01 -6.535994e-01 7.857417e+01 7.595688e-01 -3.948420e-01 5.168704e-01 -1.384733e+00 -6.483228e-01 -5.234737e-01 5.528588e-01 4.967928e+01
8.708478e-01 4.831234e-01 9.064156e-02 7.866496e+01 3.333563e-01 -4.449399e-01 -8.312052e-01 -1.399059e+00 -3.612446e-01 7.540691e-01 -5.485272e-01 5.006453e+01
7.117693e-01 8.967723e-02 6.966652e-01 7.907320e+01 -6.438990e-01 -3.130151e-01 6.981515e-01 -1.408329e+00 2.806751e-01 -9.455049e-01 -1.650515e-01 5.024806e+01
-1.745862e-01 -6.607602e-01 7.300107e-01 7.955277e+01 7.808486e-01 -5.445585e-01 -3.061561e-01 -1.412031e+00 5.998293e-01 5.165771e-01 6.110261e-01 5.031770e+01
-3.617453e-01 9.191674e-01 1.557936e-01 8.003962e+01 -8.854273e-01 -2.864266e-01 -3.660305e-01 -1.413378e+00 -2.918199e-01 -2.703537e-01 9.174694e-01 5.034756e+01
-2.652347e-01 -8.368604e-01 -4.788687e-01 7.980819e+01 6.972264e-01 -5.095196e-01 5.042470e-01 -1.412532e+00 -6.659774e-01 -2.001361e-01 7.186234e-01 5.069817e+01
6.242652e-01 5.372527e-01 -5.671441e-01 7.939164e+01 -4.310040e-01 -3.686328e-01 -8.236173e-01 -1.407391e+00 -6.515586e-01 7.585970e-01 1.433467e-03 5.107385e+01
6.847123e-01 -7.036296e-01 1.899328e-01 7.895505e+01 -4.862964e-01 -2.469740e-01 8.381644e-01 -1.399834e+00 -5.428488e-01 -6.662652e-01 -5.112787e-01 5.139180e+01
4.908498e-01 -7.547277e-01 4.352614e-01 7.853578e+01 3.061196e-01 -3.183329e-01 -8.971928e-01 -1.396041e+00 8.156943e-01 5.736290e-01 7.478327e-02 5.173745e+01
-5.731997e-01 4.895187e-01 6.571252e-01 7.827852e+01 -7.451963e-01 2.209112e-02 -6.664792e-01 -1.401499e+00 -3.407707e-01 -8.717129e-01 3.521249e-01 5.213862e+01
-6.341788e-01 -6.565071e-01 -4.084308e-01 7.833856e+01 4.298497e-01 1.397221e-01 -8.920241e-01 -1.427071e+00 6.426870e-01 -7.412666e-01 1.935906e-01 5.333442e+01
1.515309e-01 1.542713e-01 9.763395e-01 7.817439e+01 -9.845185e-01 1.115936e-01 1.351674e-01 -1.452873e+00 -8.810079e-02 -9.817063e-01 1.687928e-01 5.516786e+01
8.915202e-02 -9.845837e-01 -1.504886e-01 7.807240e+01 3.121695e-01 1.710987e-01 -9.344921e-01 -1.474018e+00 9.458341e-01 3.633389e-02 3.226108e-01 5.624742e+01
-7.487130e-01 6.127775e-01 2.528491e-01 7.783627e+01 -5.714558e-02 3.203480e-01 -9.455747e-01 -1.477253e+00 -6.604266e-01 -7.224133e-01 -2.048312e-01 5.656250e+01
-3.010850e-01 2.653324e-02 -9.532281e-01 7.755892e+01 9.427647e-01 1.585251e-01 -2.933675e-01 -1.486842e+00 1.433266e-01 -9.869984e-01 -7.274412e-02 5.729647e+01
-5.323299e-02 9.929101e-01 -1.062820e-01 7.758782e+01 8.482714e-01 -1.119364e-02 -5.294434e-01 -1.508443e+00 -5.268794e-01 -1.183398e-01 -8.416613e-01 5.791297e+01
7.205558e-01 6.889861e-01 -7.808685e-02 7.752137e+01 3.114454e-01 -2.209692e-01 9.242156e-01 -1.535534e+00 6.195169e-01 -6.902686e-01 -3.738021e-01 5.871530e+01
-4.521373e-01 3.730526e-01 8.101874e-01 7.759895e+01 6.249544e-01 -5.155925e-01 5.861710e-01 -1.564516e+00 6.363992e-01 7.713599e-01 -2.223110e-05 5.948736e+01
-5.021482e-01 8.289299e-01 -2.464193e-01 7.834835e+01 -8.023042e-01 -3.402146e-01 4.904712e-01 -1.574505e+00 3.227307e-01 4.439925e-01 8.358921e-01 5.961849e+01
-5.737609e-01 -5.572484e-01 -6.002272e-01 7.825072e+01 -5.469704e-01 -2.847680e-01 7.872297e-01 -1.595675e+00 -6.096079e-01 7.799881e-01 -1.414096e-01 6.024143e+01
4.317069e-01 -6.632809e-01 -6.113000e-01 7.807700e+01 -7.478561e-01 1.157143e-01 -6.536983e-01 -1.616885e+00 5.043217e-01 7.393705e-01 -4.460840e-01 6.096445e+01
-6.062626e-01 -6.403673e-01 4.715669e-01 7.863034e+01 -7.900317e-01 4.170545e-01 -4.493500e-01 -1.628624e+00 9.107992e-02 -6.449769e-01 -7.587551e-01 6.115169e+01
-6.513717e-01 -6.662916e-01 -3.630020e-01 7.971038e+01 7.769177e-02 4.173329e-01 -9.054265e-01 -1.620155e+00 7.547707e-01 -6.179715e-01 -2.200735e-01 6.086871e+01
-9.563306e-01 2.911288e-01 2.599488e-02 8.059385e+01 1.052977e-01 4.261217e-01 -8.985169e-01 -1.617805e+00 -2.726611e-01 -8.565421e-01 -4.381684e-01 6.073837e+01
-4.019371e-01 2.311590e-01 -8.860091e-01 8.141828e+01 9.062657e-01 2.387290e-01 -3.488423e-01 -1.615602e+00 1.308780e-01 -9.431723e-01 -3.054455e-01 6.063108e+01
-1.012406e-01 9.668807e-01 -2.342903e-01 8.228414e+01 9.596868e-01 3.284593e-02 -2.791459e-01 -1.620212e+00 -2.622053e-01 -2.531062e-01 -9.312280e-01 6.063326e+01
3.927624e-01 8.949493e-01 -2.116683e-01 8.309612e+01 7.759135e-01 -1.989319e-01 5.986520e-01 -1.615232e+00 4.936556e-01 -3.993643e-01 -7.725362e-01 6.049036e+01
8.335998e-02 7.612743e-01 6.430494e-01 8.377370e+01 8.090176e-01 -4.284715e-01 4.023714e-01 -1.613114e+00 5.818434e-01 4.866966e-01 -6.516017e-01 6.042876e+01
-2.525514e-01 9.079549e-01 3.344184e-01 8.417061e+01 -3.601573e-01 -4.089993e-01 8.384547e-01 -1.623128e+00 8.980560e-01 9.130966e-02 4.302999e-01 6.064366e+01
-9.743376e-01 -2.770798e-02 -2.233796e-01 8.485126e+01 -1.826921e-01 -4.823764e-01 8.567010e-01 -1.639238e+00 -1.314905e-01 8.755257e-01 4.649355e-01 6.090832e+01
1.919954e-02 -6.976527e-02 -9.973787e-01 8.542645e+01 -9.783146e-01 -2.070787e-01 -4.347687e-03 -1.660433e+00 -2.062326e-01 9.758336e-01 -7.222820e-02 6.126795e+01
-1.129663e-01 -9.842053e-01 -1.363031e-01 8.650397e+01 -7.187787e-01 -1.376430e-02 6.951026e-01 -1.643618e+00 -6.859998e-01 1.764949e-01 -7.058709e-01 6.084106e+01
3.880631e-01 -8.018632e-01 -4.543373e-01 8.757692e+01 -5.749544e-01 1.746505e-01 -7.993277e-01 -1.647391e+00 7.203017e-01 5.714128e-01 -3.932593e-01 6.083797e+01
-8.448804e-01 -3.940868e-01 3.617633e-01 8.860351e+01 -5.202185e-01 4.476195e-01 -7.273304e-01 -1.659931e+00 1.246990e-01 -8.027031e-01 -5.831962e-01 6.100569e+01
-5.637796e-01 -3.271178e-01 -7.583842e-01 8.970456e+01 6.927464e-01 3.126990e-01 -6.498629e-01 -1.659165e+00 4.497277e-01 -8.917473e-01 5.031636e-02 6.087646e+01
-4.842136e-01 8.360976e-01 -2.578334e-01 9.074540e+01 6.976388e-01 1.910944e-01 -6.904948e-01 -1.664370e+00 -5.280505e-01 -5.142215e-01 -6.758246e-01 6.084096e+01
-4.694864e-03 7.029606e-01 -7.112133e-01 9.184760e+01 9.991629e-01 3.220145e-02 2.523211e-02 -1.652515e+00 4.063928e-02 -7.104994e-01 -7.025233e-01 6.050302e+01
1.133600e-01 9.934689e-01 1.300082e-02 9.310110e+01 9.168859e-01 -9.956319e-02 -3.865327e-01 -1.631663e+00 -3.827138e-01 5.573761e-02 -9.221841e-01 6.000299e+01
5.645478e-01 8.173177e-01 -1.152281e-01 9.416008e+01 5.129066e-01 -2.379993e-01 8.247928e-01 -1.628203e+00 6.466936e-01 -5.247362e-01 -5.535696e-01 5.979847e+01
-6.149170e-03 5.117633e-01 8.591045e-01 9.535132e+01 8.307566e-01 -4.755828e-01 2.892481e-01 -1.615034e+00 5.566019e-01 7.154853e-01 -4.222263e-01 5.941962e+01
-1.363123e-01 8.877533e-01 4.396737e-01 9.672186e+01 -7.566663e-02 -4.518498e-01 8.888793e-01 -1.591706e+00 9.877720e-01 8.789657e-02 1.287660e-01 5.885238e+01
-8.358418e-01 1.070650e-01 5.384288e-01 9.792369e+01 3.917644e-01 -5.707343e-01 7.216530e-01 -1.580850e+00 3.845635e-01 8.141250e-01 4.350993e-01 5.853119e+01
-8.034844e-01 5.806487e-01 -1.313768e-01 9.930702e+01 -4.655412e-01 -4.752825e-01 7.465775e-01 -1.556413e+00 3.710582e-01 6.610247e-01 6.521980e-01 5.794912e+01
-9.510722e-01 -3.022247e-01 6.420215e-02 1.007100e+02 2.112649e-01 -4.844970e-01 8.488992e-01 -1.528056e+00 -2.254526e-01 8.209280e-01 5.246411e-01 5.730131e+01
-9.516614e-01 2.146744e-01 2.196713e-01 1.010960e+02 4.310958e-02 -6.147599e-01 7.875353e-01 -1.538352e+00 3.041088e-01 7.589369e-01 5.757887e-01 5.803319e+01
-6.175806e-01 -4.592601e-02 7.851656e-01 1.011300e+02 5.866329e-01 -6.918518e-01 4.209547e-01 -1.540081e+00 5.238855e-01 7.205774e-01 4.542160e-01 5.875654e+01
-6.459049e-01 7.565263e-01 -1.023466e-01 1.018299e+02 -7.156207e-01 -5.533077e-01 4.263070e-01 -1.540027e+00 2.658832e-01 3.485951e-01 8.987700e-01 5.870184e+01
-7.779955e-01 -5.327033e-01 -3.330919e-01 1.027511e+02 9.067146e-02 -6.198238e-01 7.794852e-01 -1.537813e+00 -6.216926e-01 5.762341e-01 5.305211e-01 5.858262e+01
-2.146928e-01 1.359276e-01 -9.671767e-01 1.038908e+02 -8.784308e-01 -4.597392e-01 1.303810e-01 -1.525415e+00 -4.269267e-01 8.775896e-01 2.181057e-01 5.824023e+01
1.863053e-02 -8.909013e-01 -4.538148e-01 1.048784e+02 -6.973227e-01 -3.368562e-01 6.326681e-01 -1.524907e+00 -7.165151e-01 3.046684e-01 -6.275215e-01 5.812460e+01
3.634822e-01 -7.661233e-01 -5.300337e-01 1.058848e+02 -9.090128e-01 -1.671420e-01 -3.817844e-01 -1.520812e+00 2.039031e-01 6.205793e-01 -7.571690e-01 5.794511e+01
-7.015696e-02 -9.189099e-01 3.881785e-01 1.069665e+02 -9.907004e-01 1.870702e-02 -1.347691e-01 -1.516690e+00 1.165790e-01 -3.940236e-01 -9.116769e-01 5.774849e+01
-3.129619e-01 -9.479918e-01 5.802056e-02 1.078817e+02 -5.081318e-01 1.155131e-01 -8.534980e-01 -1.506013e+00 8.024069e-01 -2.965945e-01 -5.178560e-01 5.747031e+01
-8.486232e-01 -3.684482e-01 3.795847e-01 1.087374e+02 -4.831681e-01 2.477150e-01 -8.397534e-01 -1.506748e+00 2.153768e-01 -8.960375e-01 -3.882392e-01 5.745397e+01
-8.588303e-01 -3.032117e-01 -4.128841e-01 1.097308e+02 3.603696e-01 2.152137e-01 -9.076436e-01 -1.503405e+00 3.640664e-01 -9.283026e-01 -7.556374e-02 5.734264e+01
-8.584718e-01 5.010053e-01 -1.096353e-01 1.108275e+02 2.234626e-01 1.729922e-01 -9.592383e-01 -1.487993e+00 -4.616174e-01 -8.479784e-01 -2.604649e-01 5.695054e+01
-2.078671e-01 2.831316e-01 -9.362840e-01 1.116938e+02 9.754903e-01 -1.062836e-02 -2.197854e-01 -1.486839e+00 -7.217936e-02 -9.590222e-01 -2.739828e-01 5.683405e+01
3.760575e-02 9.845930e-01 -1.707704e-01 1.123420e+02 8.126290e-01 -1.295863e-01 -5.681915e-01 -1.491016e+00 -5.815668e-01 -1.174057e-01 -8.049819e-01 5.684910e+01
5.676121e-01 7.316699e-01 -3.774595e-01 1.130635e+02 7.540817e-01 -2.780303e-01 5.950294e-01 -1.494383e+00 3.304199e-01 -6.223811e-01 -7.095523e-01 5.681382e+01
2.746549e-01 6.929513e-01 6.666207e-01 1.140123e+02 8.511797e-01 -4.977083e-01 1.666719e-01 -1.489677e+00 4.472782e-01 5.216368e-01 -7.265241e-01 5.660107e+01
5.469667e-02 8.547957e-01 5.160743e-01 1.147391e+02 2.290415e-02 -5.177861e-01 8.552035e-01 -1.488204e+00 9.982403e-01 -3.495654e-02 -4.789954e-02 5.647886e+01
