9.999865e-01 -1.035784e-03 5.089711e-03 -1.529337e-01 1.047073e-03 9.999970e-01 -2.215741e-03 2.552854e-02 -5.087401e-03 2.221040e-03 9.999846e-01 -1.357776e+00
9.999970e-01 2.749122e-04 2.451953e-03 -3.886132e-01 -2.754817e-04 9.999999e-01 2.319115e-04 5.536403e-02 -2.451889e-03 -2.325855e-04 9.999970e-01 -2.921027e+00
9.999801e-01 -1.576488e-03 6.109015e-03 -5.615551e-01 1.595136e-03 9.999941e-01 -3.048937e-03 9.468523e-02 -6.104173e-03 3.058621e-03 9.999767e-01 -5.054431e+00
9.999784e-01 8.235486e-04 -6.516093e-03 -5.611580e-01 -8.134319e-04 9.999985e-01 1.555064e-03 1.145535e-01 6.517364e-03 -1.549729e-03 9.999776e-01 -6.285134e+00
9.999852e-01 -1.546541e-03 5.211340e-03 -5.437864e-01 1.561042e-03 9.999949e-01 -2.779626e-03 1.318038e-01 -5.207015e-03 2.787719e-03 9.999826e-01 -7.417838e+00
9.999727e-01 9.437635e-04 -7.322986e-03 -5.111036e-01 -9.321778e-04 9.999983e-01 1.585357e-03 1.464117e-01 7.324470e-03 -1.578487e-03 9.999719e-01 -8.426043e+00
9.999634e-01 -1.771321e-03 8.375041e-03 -5.038448e-01 1.800467e-03 9.999923e-01 -3.473807e-03 1.669806e-01 -8.368824e-03 3.488758e-03 9.999589e-01 -9.768738e+00
9.999784e-01 1.037018e-03 -6.496878e-03 -5.547759e-01 -1.025671e-03 9.999979e-01 1.749710e-03 1.891493e-01 6.498680e-03 -1.743008e-03 9.999774e-01 -1.115570e+01
9.999742e-01 -1.677443e-03 6.978891e-03 -6.038888e-01 1.699817e-03 9.999934e-01 -3.201224e-03 2.087839e-01 -6.973476e-03 3.213003e-03 9.999705e-01 -1.242186e+01
9.999804e-01 9.553536e-04 -6.187426e-03 -6.993671e-01 -9.448522e-04 9.999981e-01 1.699923e-03 2.298711e-01 6.189039e-03 -1.694042e-03 9.999794e-01 -1.366103e+01
9.998961e-01 -1.876209e-03 1.429182e-02 -9.432095e-01 1.941180e-03 9.999878e-01 -4.533515e-03 2.716108e-01 -1.428314e-02 4.560786e-03 9.998876e-01 -1.588952e+01
9.999189e-01 1.154346e-03 -1.268691e-02 -9.983446e-01 -1.121525e-03 9.999960e-01 2.593840e-03 2.945746e-01 1.268985e-02 -2.579400e-03 9.999162e-01 -1.729381e+01
9.999322e-01 -1.028879e-03 1.159525e-02 -9.092724e-01 1.058268e-03 9.999962e-01 -2.528765e-03 2.849409e-01 -1.159260e-02 2.540864e-03 9.999296e-01 -1.698439e+01
9.999547e-01 6.297807e-04 -9.492733e-03 -8.638207e-01 -6.144799e-04 9.999985e-01 1.614667e-03 2.938909e-01 9.493736e-03 -1.608760e-03 9.999536e-01 -1.768118e+01
9.999451e-01 -1.309123e-03 1.039813e-02 -8.669392e-01 1.339890e-03 9.999947e-01 -2.952514e-03 3.092277e-01 -1.039421e-02 2.966284e-03 9.999416e-01 -1.872725e+01
9.999819e-01 4.228162e-04 -6.006410e-03 -1.006617e+00 -4.180769e-04 9.999996e-01 7.902832e-04 3.356443e-01 6.006742e-03 -7.877571e-04 9.999816e-01 -2.016598e+01
9.999809e-01 -7.733147e-04 6.134854e-03 -1.037214e+00 7.830712e-04 9.999984e-01 -1.588097e-03 3.459263e-01 -6.133617e-03 1.592870e-03 9.999799e-01 -2.091669e+01
9.999899e-01 2.278034e-05 -4.504704e-03 -1.102722e+00 -2.384503e-05 1.000000e+00 -2.362982e-04 3.679996e-01 4.504699e-03 2.364039e-04 9.999898e-01 -2.227794e+01
9.999760e-01 -8.543819e-04 6.880121e-03 -1.171480e+00 8.667347e-04 9.999980e-01 -1.792661e-03 3.921579e-01 -6.878576e-03 1.798580e-03 9.999747e-01 -2.371916e+01
9.999859e-01 1.717288e-05 -5.312081e-03 -1.210008e+00 -1.713577e-05 1.000000e+00 7.029764e-06 4.134558e-01 5.312081e-03 -6.937928e-06 9.999859e-01 -2.506483e+01
9.999782e-01 -8.124075e-04 6.560228e-03 -1.234230e+00 8.241686e-04 9.999981e-01 -1.790283e-03 4.336991e-01 -6.558761e-03 1.795650e-03 9.999769e-01 -2.637624e+01
9.999762e-01 1.064821e-03 -6.823598e-03 -1.208098e+00 -1.051097e-03 9.999974e-01 2.014478e-03 4.232311e-01 6.825726e-03 -2.007257e-03 9.999747e-01 -2.586027e+01
9.999059e-01 1.389076e-03 1.364751e-02 -1.183885e+00 -1.388909e-03 9.999990e-01 -2.173457e-05 3.821565e-01 -1.364753e-02 2.776664e-06 9.999069e-01 -2.333960e+01
9.999589e-01 2.264161e-04 -9.059105e-03 -1.099426e+00 -2.093473e-04 9.999982e-01 1.885063e-03 3.465368e-01 9.059516e-03 -1.883089e-03 9.999572e-01 -2.128841e+01
9.999510e-01 8.971194e-04 9.859694e-03 -1.001629e+00 -8.937668e-04 9.999995e-01 -3.444297e-04 3.175991e-01 -9.859999e-03 3.355999e-04 9.999513e-01 -1.987851e+01
9.999669e-01 -1.049493e-04 -8.139479e-03 -1.004391e+00 1.107011e-04 9.999997e-01 7.062113e-04 3.048838e-01 8.139403e-03 -7.070883e-04 9.999666e-01 -1.914188e+01
9.999435e-01 -6.029152e-04 1.061375e-02 -1.110176e+00 6.243913e-04 9.999978e-01 -2.020225e-03 3.248107e-01 -1.061251e-02 2.026737e-03 9.999416e-01 -2.023305e+01
9.999837e-01 -6.615595e-04 -5.663911e-03 -1.172599e+00 6.588684e-04 9.999997e-01 -4.769764e-04 3.544186e-01 5.664225e-03 4.732376e-04 9.999838e-01 -2.200982e+01
9.999644e-01 -5.685993e-04 8.416827e-03 -1.184476e+00 5.791888e-04 9.999990e-01 -1.255751e-03 3.749107e-01 -8.416105e-03 1.260580e-03 9.999638e-01 -2.340308e+01
9.999771e-01 -4.268422e-04 -6.752331e-03 -1.173989e+00 4.270654e-04 9.999999e-01 3.161458e-05 3.887533e-01 6.752317e-03 -3.449684e-05 9.999772e-01 -2.441245e+01
9.999695e-01 -4.628049e-04 7.796784e-03 -1.180021e+00 4.764196e-04 9.999984e-01 -1.744422e-03 4.079840e-01 -7.795965e-03 1.748082e-03 9.999681e-01 -2.568317e+01
9.999782e-01 -4.021101e-04 -6.585419e-03 -1.182753e+00 4.020631e-04 9.999999e-01 -8.463797e-06 4.280144e-01 6.585422e-03 5.816569e-06 9.999783e-01 -2.700286e+01
9.999876e-01 -2.913964e-04 4.962648e-03 -1.154336e+00 2.963475e-04 9.999995e-01 -9.969681e-04 4.415612e-01 -4.962355e-03 9.984257e-04 9.999872e-01 -2.798499e+01
9.999794e-01 -2.769163e-04 -6.418851e-03 -1.221123e+00 2.756956e-04 9.999999e-01 -1.910593e-04 4.577622e-01 6.418903e-03 1.892864e-04 9.999794e-01 -2.899487e+01
9.999723e-01 -6.906557e-04 7.409992e-03 -1.254302e+00 7.003633e-04 9.999989e-01 -1.307558e-03 4.784887e-01 -7.409081e-03 1.312711e-03 9.999717e-01 -3.030751e+01
9.999627e-01 -1.923312e-05 -8.632252e-03 -1.270514e+00 2.045860e-05 1.000000e+00 1.418768e-04 4.944959e-01 8.632250e-03 -1.420474e-04 9.999627e-01 -3.137238e+01
9.999637e-01 -6.965995e-04 8.488073e-03 -1.297584e+00 7.093864e-04 9.999986e-01 -1.503534e-03 5.135230e-01 -8.487014e-03 1.509500e-03 9.999628e-01 -3.260552e+01
9.999786e-01 -2.083451e-04 -6.533572e-03 -1.362310e+00 2.079760e-04 1.000000e+00 -5.716694e-05 5.375005e-01 6.533584e-03 5.580760e-05 9.999787e-01 -3.407761e+01
9.999758e-01 -5.524358e-04 6.928405e-03 -1.404991e+00 5.628252e-04 9.999987e-01 -1.497678e-03 5.594800e-01 -6.927569e-03 1.501541e-03 9.999749e-01 -3.542456e+01
9.999311e-01 7.164127e-05 -1.173593e-02 -1.378594e+00 -5.915102e-05 9.999994e-01 1.064618e-03 5.677651e-01 1.173600e-02 -1.063850e-03 9.999306e-01 -3.611126e+01
9.999879e-01 2.446627e-05 4.925741e-03 -1.283125e+00 -2.157060e-05 9.999998e-01 -5.879196e-04 5.590622e-01 -4.925755e-03 5.878055e-04 9.999877e-01 -3.599824e+01
9.999329e-01 8.689273e-05 -1.158531e-02 -1.199588e+00 -7.516281e-05 9.999995e-01 1.012913e-03 5.513002e-01 1.158539e-02 -1.011974e-03 9.999324e-01 -3.589953e+01
9.999910e-01 1.180766e-04 4.246122e-03 -1.097438e+00 -1.164511e-04 9.999999e-01 -3.830721e-04 5.412411e-01 -4.246167e-03 3.825735e-04 9.999909e-01 -3.569858e+01
9.999342e-01 2.517081e-05 -1.147001e-02 -9.894688e-01 -1.416339e-05 9.999995e-01 9.597487e-04 5.307977e-01 1.147003e-02 -9.595224e-04 9.999338e-01 -3.550340e+01
9.999906e-01 1.513471e-05 4.346362e-03 -8.856790e-01 -1.338194e-05 9.999999e-01 -4.033067e-04 5.223003e-01 -4.346368e-03 4.032440e-04 9.999905e-01 -3.539612e+01
9.999333e-01 1.269741e-04 -1.155212e-02 -7.761024e-01 -1.163224e-04 9.999996e-01 9.227196e-04 5.130748e-01 1.155223e-02 -9.213135e-04 9.999328e-01 -3.523859e+01
9.999802e-01 -5.622806e-04 6.274089e-03 -7.466793e-01 5.712292e-04 9.999988e-01 -1.424569e-03 5.207202e-01 -6.273281e-03 1.428124e-03 9.999793e-01 -3.592327e+01
9.999394e-01 8.264853e-05 -1.100585e-02 -7.223902e-01 -7.446510e-05 9.999997e-01 7.439582e-04 5.325585e-01 1.100591e-02 -7.430929e-04 9.999392e-01 -3.676729e+01
9.999927e-01 4.332578e-04 3.797446e-03 -6.730573e-01 -4.345531e-04 9.999998e-01 3.402580e-04 5.184472e-01 -3.797298e-03 -3.419064e-04 9.999927e-01 -3.625635e+01
9.999587e-01 1.542232e-04 -9.087511e-03 -6.433821e-01 -1.473303e-04 9.999997e-01 7.591604e-04 5.021594e-01 9.087625e-03 -7.577895e-04 9.999584e-01 -3.553478e+01
9.999983e-01 -2.981440e-04 1.799250e-03 -5.725981e-01 2.988524e-04 9.999999e-01 -3.934668e-04 4.966387e-01 -1.799133e-03 3.940031e-04 9.999983e-01 -3.550745e+01
9.999671e-01 7.624823e-04 -8.081611e-03 -5.382084e-01 -7.501374e-04 9.999985e-01 1.530452e-03 4.814433e-01 8.082767e-03 -1.524339e-03 9.999662e-01 -3.493529e+01
9.999907e-01 8.183858e-05 4.312268e-03 -5.148742e-01 -8.053254e-05 1.000000e+00 -3.030477e-04 4.616258e-01 -4.312293e-03 3.026969e-04 9.999907e-01 -3.402440e+01
9.999352e-01 3.447564e-04 -1.137629e-02 -4.385322e-01 -3.305191e-04 9.999992e-01 1.253344e-03 4.488653e-01 1.137672e-02 -1.249502e-03 9.999345e-01 -3.361588e+01
9.999930e-01 -5.411617e-04 3.688810e-03 -3.105026e-01 5.446327e-04 9.999994e-01 -9.400311e-04 4.453249e-01 -3.688299e-03 9.420329e-04 9.999928e-01 -3.376633e+01
9.999543e-01 2.156185e-04 -9.561658e-03 -2.414253e-01 -2.083044e-04 9.999997e-01 7.659289e-04 4.465134e-01 9.561821e-03 -7.639014e-04 9.999540e-01 -3.407709e+01
9.999922e-01 -6.030397e-04 3.902175e-03 -1.534138e-01 6.058775e-04 9.999996e-01 -7.261137e-04 4.473813e-01 -3.901735e-03 7.284716e-04 9.999921e-01 -3.447118e+01
9.999476e-01 8.396283e-04 -1.020601e-02 -8.758471e-02 -8.263987e-04 9.999988e-01 1.300397e-03 4.379583e-01 1.020709e-02 -1.291894e-03 9.999471e-01 -3.420160e+01
9.999716e-01 -1.286535e-03 7.432267e-03 -1.027872e-01 1.302439e-03 9.999969e-01 -2.135450e-03 4.502089e-01 -7.429496e-03 2.145069e-03 9.999701e-01 -3.507096e+01
9.999435e-01 5.294763e-04 -1.062035e-02 2.593343e-01 -5.215825e-04 9.999996e-01 7.460261e-04 4.588244e-01 1.062075e-02 -7.404439e-04 9.999433e-01 -3.622057e+01
9.999617e-01 -1.254794e-03 8.664181e-03 3.693381e-01 1.270679e-03 9.999975e-01 -1.828167e-03 4.741807e-01 -8.661866e-03 1.839105e-03 9.999608e-01 -3.733478e+01
9.998706e-01 1.585193e-03 -1.600992e-02 4.642502e-01 -1.544979e-03 9.999956e-01 2.523866e-03 4.616289e-01 1.601385e-02 -2.498803e-03 9.998686e-01 -3.700131e+01
9.999283e-01 -3.541955e-04 1.197281e-02 5.301952e-01 3.662216e-04 9.999994e-01 -1.002279e-03 4.355351e-01 -1.197244e-02 1.006591e-03 9.999278e-01 -3.600895e+01
9.998370e-01 1.187797e-03 -1.801711e-02 5.959866e-01 -1.147490e-03 9.999968e-01 2.247301e-03 4.186098e-01 1.801973e-02 -2.226260e-03 9.998352e-01 -3.540147e+01
9.999356e-01 -5.149090e-04 1.133673e-02 6.538412e-01 5.275866e-04 9.999992e-01 -1.115321e-03 4.022985e-01 -1.133615e-02 1.121230e-03 9.999351e-01 -3.481322e+01
9.998174e-01 1.123287e-03 -1.907786e-02 7.329835e-01 -1.084045e-03 9.999973e-01 2.067156e-03 3.905548e-01 1.908013e-02 -2.046097e-03 9.998159e-01 -3.444514e+01
9.999151e-01 -1.452121e-03 1.294567e-02 8.038588e-01 1.484040e-03 9.999959e-01 -2.456363e-03 3.970376e-01 -1.294205e-02 2.475365e-03 9.999132e-01 -3.500874e+01
9.998238e-01 1.064458e-03 -1.874344e-02 8.893898e-01 -1.026620e-03 9.999974e-01 2.028205e-03 4.039318e-01 1.874555e-02 -2.008605e-03 9.998223e-01 -3.562728e+01
9.999038e-01 -1.419516e-03 1.379759e-02 9.557471e-01 1.456066e-03 9.999955e-01 -2.639391e-03 4.124808e-01 -1.379378e-02 2.659227e-03 9.999013e-01 -3.632485e+01
9.998208e-01 1.010941e-03 -1.890352e-02 1.030605e+00 -9.700596e-04 9.999972e-01 2.171661e-03 4.198997e-01 1.890566e-02 -2.152934e-03 9.998190e-01 -3.698817e+01
9.999110e-01 -1.370631e-03 1.326804e-02 1.107822e+00 1.404053e-03 9.999959e-01 -2.510021e-03 4.252643e-01 -1.326454e-02 2.528426e-03 9.999088e-01 -3.753840e+01
9.997947e-01 1.225143e-03 -2.022621e-02 1.210324e+00 -1.171095e-03 9.999957e-01 2.683781e-03 4.228852e-01 2.022941e-02 -2.659543e-03 9.997918e-01 -3.776708e+01
9.999080e-01 -1.119535e-03 1.351935e-02 1.292264e+00 1.151017e-03 9.999966e-01 -2.321127e-03 4.167779e-01 -1.351671e-02 2.336473e-03 9.999059e-01 -3.771745e+01
9.998151e-01 1.033747e-03 -1.920013e-02 1.381012e+00 -9.891078e-04 9.999968e-01 2.334300e-03 4.146386e-01 1.920248e-02 -2.314877e-03 9.998129e-01 -3.788724e+01
9.999106e-01 -1.105793e-03 1.332223e-02 1.478399e+00 1.135768e-03 9.999968e-01 -2.242708e-03 4.104433e-01 -1.331971e-02 2.257638e-03 9.999087e-01 -3.801324e+01
9.998219e-01 1.139172e-03 -1.883781e-02 1.546007e+00 -1.094724e-03 9.999966e-01 2.369659e-03 4.071401e-01 1.884045e-02 -2.348614e-03 9.998197e-01 -3.809026e+01
9.998962e-01 -1.493612e-03 1.432937e-02 1.670118e+00 1.529992e-03 9.999956e-01 -2.528222e-03 4.062300e-01 -1.432553e-02 2.549883e-03 9.998941e-01 -3.847317e+01
9.997965e-01 1.126506e-03 -2.014307e-02 1.798818e+00 -1.076633e-03 9.999963e-01 2.486597e-03 4.071560e-01 2.014580e-02 -2.464403e-03 9.997940e-01 -3.889237e+01
9.999045e-01 -1.003506e-03 1.378242e-02 1.897044e+00 1.032554e-03 9.999973e-01 -2.100681e-03 3.998941e-01 -1.378027e-02 2.114710e-03 9.999028e-01 -3.881401e+01
9.997840e-01 1.115753e-03 -2.075460e-02 1.977569e+00 -1.061322e-03 9.999960e-01 2.633401e-03 3.926419e-01 2.075746e-02 -2.610804e-03 9.997811e-01 -3.870552e+01
9.998574e-01 -1.377042e-03 1.683338e-02 1.963466e+00 1.428821e-03 9.999943e-01 -3.064344e-03 4.009860e-01 -1.682906e-02 3.087958e-03 9.998536e-01 -3.930816e+01
9.997215e-01 1.526222e-03 -2.354915e-02 2.022941e+00 -1.443655e-03 9.999928e-01 3.522741e-03 3.950953e-01 2.355436e-02 -3.487763e-03 9.997165e-01 -3.921629e+01
9.998681e-01 -1.212539e-03 1.619714e-02 2.067103e+00 1.260771e-03 9.999948e-01 -2.967933e-03 3.891166e-01 -1.619345e-02 2.987962e-03 9.998644e-01 -3.895275e+01
9.997177e-01 1.404892e-03 -2.371684e-02 2.143904e+00 -1.322562e-03 9.999930e-01 3.486679e-03 3.839034e-01 2.372157e-02 -3.454328e-03 9.997126e-01 -3.885435e+01
9.998513e-01 -1.315467e-03 1.719350e-02 2.233669e+00 1.369609e-03 9.999941e-01 -3.137593e-03 3.766024e-01 -1.718928e-02 3.160674e-03 9.998473e-01 -3.867763e+01
9.998265e-01 2.656998e-03 -1.843917e-02 2.370603e+00 -2.572369e-03 9.999861e-01 4.611861e-03 3.469962e-01 1.845117e-02 -4.563627e-03 9.998193e-01 -3.735091e+01
9.995474e-01 9.035060e-04 3.006928e-02 2.468301e+00 -8.322554e-04 9.999968e-01 -2.381985e-03 2.884297e-01 -3.007133e-02 2.355881e-03 9.995450e-01 -3.409476e+01
9.998173e-01 2.349679e-03 -1.897017e-02 2.580305e+00 -2.264731e-03 9.999873e-01 4.498196e-03 2.273908e-01 1.898050e-02 -4.454412e-03 9.998099e-01 -3.097159e+01
9.996478e-01 5.844835e-04 2.653327e-02 2.644376e+00 -5.194329e-04 9.999968e-01 -2.458493e-03 1.788417e-01 -2.653463e-02 2.443844e-03 9.996449e-01 -2.828983e+01
9.998999e-01 3.543643e-03 -1.369957e-02 2.726877e+00 -3.477536e-03 9.999822e-01 4.846271e-03 1.160186e-01 1.371650e-02 -4.798144e-03 9.998944e-01 -2.480597e+01
9.998741e-01 -1.197472e-03 1.582027e-02 2.923931e+00 1.239589e-03 9.999957e-01 -2.652689e-03 6.818083e-02 -1.581702e-02 2.671965e-03 9.998713e-01 -2.272559e+01
9.998915e-01 3.020102e-03 -1.441488e-02 2.950473e+00 -2.958276e-03 9.999863e-01 4.308421e-03 3.803847e-02 1.442769e-02 -4.265310e-03 9.998868e-01 -2.104342e+01
9.999298e-01 -1.718341e-03 1.172575e-02 3.125686e+00 1.748701e-03 9.999951e-01 -2.579449e-03 9.436233e-03 -1.172127e-02 2.599772e-03 9.999279e-01 -1.987818e+01
9.998616e-01 1.328904e-03 -1.658404e-02 3.233736e+00 -1.295975e-03 9.999972e-01 1.996193e-03 1.452674e-02 1.658664e-02 -1.974424e-03 9.998605e-01 -2.051687e+01
9.999146e-01 -1.835423e-03 1.293978e-02 3.399770e+00 1.871785e-03 9.999943e-01 -2.798490e-03 2.259236e-02 -1.293457e-02 2.822471e-03 9.999124e-01 -2.137369e+01
9.998351e-01 1.325958e-03 -1.811290e-02 3.605614e+00 -1.283942e-03 9.999965e-01 2.331087e-03 2.759957e-02 1.811592e-02 -2.307446e-03 9.998332e-01 -2.208282e+01
9.999177e-01 -1.651386e-03 1.272026e-02 3.762360e+00 1.683350e-03 9.999955e-01 -2.502501e-03 2.886919e-02 -1.271607e-02 2.523707e-03 9.999160e-01 -2.257365e+01
9.998881e-01 9.667924e-04 -1.492774e-02 3.835449e+00 -9.452682e-04 9.999985e-01 1.448881e-03 4.183880e-02 1.492911e-02 -1.434607e-03 9.998875e-01 -2.357049e+01
9.999468e-01 -1.418602e-03 1.021358e-02 3.963556e+00 1.438883e-03 9.999970e-01 -1.978619e-03 4.765339e-02 -1.021074e-02 1.993209e-03 9.999459e-01 -2.424749e+01
9.999169e-01 6.904559e-04 -1.287117e-02 4.106123e+00 -6.791688e-04 9.999994e-01 8.812709e-04 5.786254e-02 1.287177e-02 -8.724553e-04 9.999168e-01 -2.518979e+01
9.999556e-01 -1.280820e-03 9.334940e-03 4.323902e+00 1.297761e-03 9.999975e-01 -1.808973e-03 6.534492e-02 -9.332600e-03 1.821006e-03 9.999548e-01 -2.606704e+01
9.998992e-01 7.246640e-04 -1.418205e-02 4.536720e+00 -7.061547e-04 9.999989e-01 1.310084e-03 6.910050e-02 1.418298e-02 -1.299936e-03 9.998986e-01 -2.673951e+01
9.999635e-01 -1.111032e-03 8.470441e-03 4.796670e+00 1.125233e-03 9.999980e-01 -1.672010e-03 6.953496e-02 -8.468566e-03 1.681480e-03 9.999627e-01 -2.732979e+01
9.999034e-01 6.555135e-04 -1.388207e-02 5.023062e+00 -6.347901e-04 9.999987e-01 1.497168e-03 6.870100e-02 1.388304e-02 -1.488210e-03 9.999025e-01 -2.784333e+01
9.999612e-01 -1.041040e-03 8.744523e-03 5.179792e+00 1.058018e-03 9.999976e-01 -1.937167e-03 7.247000e-02 -8.742485e-03 1.946343e-03 9.999599e-01 -2.846931e+01
9.999015e-01 6.211397e-04 -1.401965e-02 5.299641e+00 -5.972469e-04 9.999984e-01 1.708351e-03 7.617734e-02 1.402069e-02 -1.699809e-03 9.999003e-01 -2.905082e+01
9.999688e-01 -9.189201e-04 7.847730e-03 5.414289e+00 9.310696e-04 9.999984e-01 -1.544654e-03 7.199746e-02 -7.846298e-03 1.551911e-03 9.999680e-01 -2.928632e+01
9.999179e-01 5.628331e-04 -1.279813e-02 5.593549e+00 -5.511156e-04 9.999994e-01 9.190705e-04 7.696439e-02 1.279864e-02 -9.119411e-04 9.999177e-01 -2.999519e+01
9.999555e-01 -1.060695e-03 9.371353e-03 5.676076e+00 1.077223e-03 9.999979e-01 -1.758768e-03 8.700633e-02 -9.369467e-03 1.768784e-03 9.999545e-01 -3.084296e+01
9.999328e-01 4.616110e-04 -1.158390e-02 5.701667e+00 -4.520733e-04 9.999996e-01 8.259515e-04 1.019701e-01 1.158428e-02 -8.206586e-04 9.999326e-01 -3.187191e+01
9.999554e-01 -1.086915e-03 9.384576e-03 5.721195e+00 1.103812e-03 9.999978e-01 -1.795550e-03 1.185080e-01 -9.382604e-03 1.805828e-03 9.999544e-01 -3.296533e+01
9.999221e-01 5.477838e-04 -1.247129e-02 5.750258e+00 -5.361719e-04 9.999994e-01 9.344042e-04 1.316706e-01 1.247180e-02 -9.276439e-04 9.999218e-01 -3.390587e+01
9.999294e-01 -1.277972e-03 1.181600e-02 5.760004e+00 1.305081e-03 9.999965e-01 -2.286805e-03 1.507673e-01 -1.181304e-02 2.302063e-03 9.999276e-01 -3.514672e+01
9.999275e-01 5.051550e-04 -1.202781e-02 5.733843e+00 -4.938045e-04 9.999994e-01 9.466258e-04 1.723937e-01 1.202828e-02 -9.406171e-04 9.999272e-01 -3.647359e+01
9.999147e-01 -1.330447e-03 1.299624e-02 5.694481e+00 1.363308e-03 9.999959e-01 -2.519997e-03 1.968604e-01 -1.299283e-02 2.537499e-03 9.999124e-01 -3.791985e+01
9.999295e-01 4.060029e-04 -1.186821e-02 5.669005e+00 -3.947640e-04 9.999995e-01 9.492919e-04 2.221678e-01 1.186859e-02 -9.445391e-04 9.999291e-01 -3.942370e+01
9.999263e-01 -1.270561e-03 1.207488e-02 5.651963e+00 1.299241e-03 9.999964e-01 -2.367642e-03 2.456079e-01 -1.207183e-02 2.383155e-03 9.999243e-01 -4.083857e+01
9.999178e-01 4.532932e-04 -1.281527e-02 5.679153e+00 -4.387781e-04 9.999993e-01 1.135420e-03 2.661896e-01 1.281577e-02 -1.129703e-03 9.999172e-01 -4.215109e+01
9.999288e-01 -1.151496e-03 1.187583e-02 5.685078e+00 1.178836e-03 9.999967e-01 -2.295492e-03 2.854194e-01 -1.187315e-02 2.309328e-03 9.999268e-01 -4.338791e+01
9.999436e-01 2.081998e-04 -1.061389e-02 5.635184e+00 -2.013406e-04 9.999998e-01 6.473027e-04 3.133401e-01 1.061402e-02 -6.451286e-04 9.999435e-01 -4.497779e+01
9.999254e-01 -1.142571e-03 1.215868e-02 5.587922e+00 1.170172e-03 9.999968e-01 -2.263249e-03 3.412640e-01 -1.215606e-02 2.277308e-03 9.999235e-01 -4.657674e+01
9.999325e-01 1.747497e-04 -1.162073e-02 5.594001e+00 -1.659007e-04 9.999997e-01 7.624292e-04 3.666818e-01 1.162086e-02 -7.604491e-04 9.999322e-01 -4.811231e+01
9.999200e-01 -1.081423e-03 1.259986e-02 5.570764e+00 1.109728e-03 9.999969e-01 -2.239712e-03 3.915243e-01 -1.259740e-02 2.253515e-03 9.999181e-01 -4.960671e+01
9.998703e-01 -6.008616e-04 -1.609177e-02 6.373994e+00 6.085842e-04 9.999997e-01 4.750124e-04 3.667659e-01 1.609148e-02 -4.847433e-04 9.998704e-01 -5.007857e+01
9.999684e-01 2.229023e-04 7.948161e-03 7.237167e+00 -2.229072e-04 1.000000e+00 -2.809691e-07 3.470624e-01 -7.948161e-03 -1.491440e-06 9.999684e-01 -5.060957e+01
9.999541e-01 -1.029821e-03 -9.526518e-03 7.323437e+00 1.018731e-03 9.999988e-01 -1.168912e-03 3.637145e-01 9.527711e-03 1.159154e-03 9.999539e-01 -5.178913e+01
9.999550e-01 1.016623e-04 9.487040e-03 7.386009e+00 -9.899689e-05 1.000000e+00 -2.814325e-04 3.840980e-01 -9.487069e-03 2.804799e-04 9.999550e-01 -5.314510e+01
9.999574e-01 -9.970883e-04 -9.178168e-03 7.422223e+00 9.858809e-04 9.999988e-01 -1.225545e-03 4.053800e-01 9.179379e-03 1.216444e-03 9.999571e-01 -5.452367e+01
9.999535e-01 1.196292e-04 9.646369e-03 7.432607e+00 -1.161486e-04 9.999999e-01 -3.613949e-04 4.278979e-01 -9.646412e-03 3.602570e-04 9.999534e-01 -5.592882e+01
9.999532e-01 -1.027872e-03 -9.622723e-03 7.464655e+00 1.017882e-03 9.999989e-01 -1.043010e-03 4.489664e-01 9.623785e-03 1.033167e-03 9.999532e-01 -5.728160e+01
9.999581e-01 1.765678e-04 9.156701e-03 7.514127e+00 -1.732032e-04 9.999999e-01 -3.682571e-04 4.695032e-01 -9.156765e-03 3.666550e-04 9.999580e-01 -5.861053e+01
9.999601e-01 -1.142290e-03 -8.864376e-03 7.558838e+00 1.132648e-03 9.999988e-01 -1.092751e-03 4.913793e-01 8.865613e-03 1.082668e-03 9.999601e-01 -6.002105e+01
9.999468e-01 1.207002e-04 1.031478e-02 7.576242e+00 -1.146374e-04 9.999998e-01 -5.883793e-04 5.162556e-01 -1.031485e-02 5.871649e-04 9.999466e-01 -6.156891e+01
9.999673e-01 -1.231266e-03 -7.988986e-03 7.556630e+00 1.221925e-03 9.999986e-01 -1.174021e-03 5.446870e-01 7.990420e-03 1.164221e-03 9.999674e-01 -6.324997e+01
9.999443e-01 1.731616e-04 1.054864e-02 7.521921e+00 -1.656068e-04 9.999997e-01 -7.170731e-04 5.742011e-01 -1.054877e-02 7.152856e-04 9.999441e-01 -6.496819e+01
9.999681e-01 -1.243603e-03 -7.895441e-03 7.478130e+00 1.234713e-03 9.999986e-01 -1.130700e-03 6.043835e-01 7.896836e-03 1.120916e-03 9.999682e-01 -6.670206e+01
9.999462e-01 1.827283e-04 1.036996e-02 7.445110e+00 -1.754110e-04 9.999997e-01 -7.065492e-04 6.338247e-01 -1.037008e-02 7.046915e-04 9.999460e-01 -6.840374e+01
9.999527e-01 -1.160287e-03 -9.657389e-03 7.449089e+00 1.151735e-03 9.999989e-01 -8.910756e-04 6.593740e-01 9.658413e-03 8.799114e-04 9.999530e-01 -6.993774e+01
9.999243e-01 6.696947e-05 1.230279e-02 7.389896e+00 -5.513301e-05 9.999995e-01 -9.624418e-04 6.885505e-01 -1.230285e-02 9.616900e-04 9.999239e-01 -7.162770e+01
9.999698e-01 -2.153298e-03 -7.468741e-03 7.411037e+00 2.144782e-03 9.999970e-01 -1.147964e-03 7.168859e-01 7.471192e-03 1.131911e-03 9.999714e-01 -7.343545e+01
9.999604e-01 1.036067e-03 8.839092e-03 7.083199e+00 -1.048469e-03 9.999985e-01 1.398600e-03 7.545000e-01 -8.837630e-03 -1.407813e-03 9.999600e-01 -7.477747e+01
9.999311e-01 -2.132185e-03 -1.154336e-02 7.338739e+00 2.101868e-03 9.999943e-01 -2.637892e-03 7.618026e-01 1.154892e-02 2.613448e-03 9.999299e-01 -7.575645e+01
9.999696e-01 1.502935e-03 7.647016e-03 7.408636e+00 -1.514783e-03 9.999977e-01 1.543850e-03 7.773654e-01 -7.644678e-03 -1.555388e-03 9.999696e-01 -7.680372e+01
9.999802e-01 -2.699982e-03 -5.692916e-03 7.359387e+00 2.682415e-03 9.999916e-01 -3.091047e-03 8.060021e-01 5.701214e-03 3.075715e-03 9.999790e-01 -7.848106e+01
9.999683e-01 1.633264e-03 7.788264e-03 7.229420e+00 -1.646496e-03 9.999972e-01 1.692883e-03 8.383239e-01 -7.785478e-03 -1.705653e-03 9.999682e-01 -8.020982e+01
9.999897e-01 -2.753077e-03 -3.605392e-03 7.072646e+00 2.739870e-03 9.999895e-01 -3.662853e-03 8.749827e-01 3.615438e-03 3.652937e-03 9.999868e-01 -8.215938e+01
9.999618e-01 1.599380e-03 8.588113e-03 6.948502e+00 -1.610812e-03 9.999978e-01 1.324362e-03 9.135386e-01 -8.585976e-03 -1.338146e-03 9.999622e-01 -8.423145e+01
9.999723e-01 -2.786580e-03 -6.908049e-03 6.962899e+00 2.765113e-03 9.999913e-01 -3.115115e-03 9.428691e-01 6.916670e-03 3.095927e-03 9.999713e-01 -8.596705e+01
9.999686e-01 1.832595e-03 7.703789e-03 6.984576e+00 -1.844493e-03 9.999971e-01 1.537660e-03 9.657029e-01 -7.700949e-03 -1.551822e-03 9.999691e-01 -8.741648e+01
9.999769e-01 -2.904412e-03 -6.140191e-03 7.003829e+00 2.884475e-03 9.999905e-01 -3.253288e-03 9.914128e-01 6.149582e-03 3.235502e-03 9.999759e-01 -8.901232e+01
9.999842e-01 2.052507e-03 5.229943e-03 7.037967e+00 -2.063728e-03 9.999956e-01 2.141018e-03 1.009323e+00 -5.225525e-03 -2.151778e-03 9.999840e-01 -9.022864e+01
9.999776e-01 -2.919207e-03 -6.024863e-03 7.098601e+00 2.898659e-03 9.999900e-01 -3.416565e-03 1.027562e+00 6.034776e-03 3.399025e-03 9.999760e-01 -9.148646e+01
9.999706e-01 1.869240e-03 7.431120e-03 7.106197e+00 -1.881943e-03 9.999968e-01 1.702737e-03 1.053712e+00 -7.427913e-03 -1.716673e-03 9.999709e-01 -9.308175e+01
9.999819e-01 -3.035211e-03 -5.192058e-03 7.127310e+00 3.017260e-03 9.999895e-01 -3.461582e-03 1.080194e+00 5.202510e-03 3.445854e-03 9.999805e-01 -9.473515e+01
9.999717e-01 1.987669e-03 7.249403e-03 7.118245e+00 -1.999748e-03 9.999966e-01 1.659234e-03 1.106964e+00 -7.246081e-03 -1.673685e-03 9.999723e-01 -9.635488e+01
9.999763e-01 -3.015587e-03 -6.181766e-03 7.106520e+00 2.995689e-03 9.999903e-01 -3.225612e-03 1.132697e+00 6.191434e-03 3.207018e-03 9.999757e-01 -9.790569e+01
9.999888e-01 2.197108e-03 4.203650e-03 7.204259e+00 -2.206074e-03 9.999953e-01 2.129398e-03 1.147643e+00 -4.198952e-03 -2.138649e-03 9.999889e-01 -9.903221e+01
9.999690e-01 -2.775904e-03 -7.371563e-03 7.276118e+00 2.753312e-03 9.999915e-01 -3.073176e-03 1.162001e+00 7.380032e-03 3.052785e-03 9.999681e-01 -1.000610e+02
9.999787e-01 2.085815e-03 6.188869e-03 7.262444e+00 -2.096378e-03 9.999964e-01 1.700690e-03 1.181566e+00 -6.185300e-03 -1.713629e-03 9.999794e-01 -1.012743e+02
9.999869e-01 -3.054193e-03 -4.103770e-03 7.202549e+00 3.039868e-03 9.999893e-01 -3.492567e-03 1.210325e+00 4.114393e-03 3.480047e-03 9.999855e-01 -1.029003e+02
9.999674e-01 1.944849e-03 7.838205e-03 7.111364e+00 -1.955550e-03 9.999972e-01 1.357783e-03 1.245537e+00 -7.835542e-03 -1.373068e-03 9.999684e-01 -1.048204e+02
9.999912e-01 -3.209886e-03 -2.701822e-03 6.985020e+00 3.199870e-03 9.999880e-01 -3.703386e-03 1.285599e+00 2.713678e-03 3.694708e-03 9.999895e-01 -1.069571e+02
9.999684e-01 1.997481e-03 7.689946e-03 6.829383e+00 -2.010483e-03 9.999966e-01 1.683431e-03 1.323198e+00 -7.686558e-03 -1.698839e-03 9.999690e-01 -1.089377e+02
9.999404e-01 -3.036532e-03 -1.048322e-02 7.051028e+00 3.004094e-03 9.999907e-01 -3.108654e-03 1.334820e+00 1.049257e-02 3.076977e-03 9.999402e-01 -1.100263e+02
9.999622e-01 2.312870e-03 8.379390e-03 7.202215e+00 -2.337176e-03 9.999931e-01 2.892010e-03 1.343331e+00 -8.372644e-03 -2.911485e-03 9.999607e-01 -1.109458e+02
9.999493e-01 -3.165992e-03 -9.561299e-03 7.151451e+00 3.127383e-03 9.999869e-01 -4.050345e-03 1.365778e+00 9.573998e-03 4.020238e-03 9.999461e-01 -1.122480e+02
9.999706e-01 2.684925e-03 7.177108e-03 7.068205e+00 -2.708006e-03 9.999912e-01 3.208056e-03 1.382416e+00 -7.168432e-03 -3.227398e-03 9.999691e-01 -1.132211e+02
9.999787e-01 -3.494145e-03 -5.503895e-03 6.691763e+00 3.472538e-03 9.999862e-01 -3.930518e-03 1.417925e+00 5.517553e-03 3.911323e-03 9.999771e-01 -1.146544e+02
9.999587e-01 2.500853e-03 8.738705e-03 6.384123e+00 -2.525009e-03 9.999930e-01 2.754230e-03 1.455557e+00 -8.731756e-03 -2.776182e-03 9.999580e-01 -1.164026e+02
9.999818e-01 -3.612470e-03 -4.839185e-03 6.151988e+00 3.592125e-03 9.999847e-01 -4.206512e-03 1.493597e+00 4.854307e-03 4.189053e-03 9.999794e-01 -1.182715e+02
9.999789e-01 2.697603e-03 5.916056e-03 5.931415e+00 -2.716135e-03 9.999914e-01 3.126692e-03 1.526770e+00 -5.907571e-03 -3.142695e-03 9.999776e-01 -1.198338e+02
9.999736e-01 -3.557705e-03 -6.341482e-03 5.912166e+00 3.529736e-03 9.999840e-01 -4.416180e-03 1.550167e+00 6.357092e-03 4.393680e-03 9.999701e-01 -1.212054e+02
9.999720e-01 2.679395e-03 6.982389e-03 5.860570e+00 -2.699696e-03 9.999922e-01 2.899691e-03 1.577604e+00 -6.974565e-03 -2.918460e-03 9.999714e-01 -1.227458e+02
9.999553e-01 -3.485973e-03 -8.791756e-03 5.868954e+00 3.452250e-03 9.999866e-01 -3.848005e-03 1.596853e+00 8.805053e-03 3.817482e-03 9.999539e-01 -1.239410e+02
9.999770e-01 2.823231e-03 6.161988e-03 5.917945e+00 -2.841349e-03 9.999917e-01 2.933591e-03 1.613615e+00 -6.153655e-03 -2.951033e-03 9.999767e-01 -1.250153e+02
9.999605e-01 -3.580174e-03 -8.132832e-03 5.967651e+00 3.546089e-03 9.999849e-01 -4.201552e-03 1.630309e+00 8.147752e-03 4.172547e-03 9.999581e-01 -1.261422e+02
9.999829e-01 2.799040e-03 5.126694e-03 6.086102e+00 -2.814440e-03 9.999915e-01 2.999180e-03 1.644334e+00 -5.118256e-03 -3.013558e-03 9.999824e-01 -1.271835e+02
9.999317e-01 -3.234327e-03 -1.123323e-02 6.238263e+00 3.205696e-03 9.999916e-01 -2.565862e-03 1.641330e+00 1.124143e-02 2.529677e-03 9.999336e-01 -1.275103e+02
9.999664e-01 3.905724e-03 7.212386e-03 6.296477e+00 -3.934247e-03 9.999845e-01 3.944791e-03 1.620841e+00 -7.196868e-03 -3.973034e-03 9.999662e-01 -1.266411e+02
9.999159e-01 -4.205364e-03 -1.226642e-02 6.218647e+00 4.160417e-03 9.999845e-01 -3.687485e-03 1.619663e+00 1.228174e-02 3.636142e-03 9.999180e-01 -1.266454e+02
9.999273e-01 3.337746e-03 1.158964e-02 6.215537e+00 -3.367183e-03 9.999912e-01 2.521300e-03 1.639797e+00 -1.158112e-02 -2.560141e-03 9.999297e-01 -1.279278e+02
9.999233e-01 -4.198112e-03 -1.165017e-02 6.218703e+00 4.152913e-03 9.999838e-01 -3.901121e-03 1.661362e+00 1.166636e-02 3.852440e-03 9.999245e-01 -1.292603e+02
9.999406e-01 3.166349e-03 1.042881e-02 6.272085e+00 -3.193036e-03 9.999917e-01 2.543300e-03 1.681617e+00 -1.042067e-02 -2.576449e-03 9.999424e-01 -1.305674e+02
9.999092e-01 -4.276851e-03 -1.278159e-02 6.383125e+00 4.233302e-03 9.999851e-01 -3.432334e-03 1.696101e+00 1.279608e-02 3.377915e-03 9.999124e-01 -1.317400e+02
9.999884e-01 3.337864e-03 3.471496e-03 7.440488e+00 -3.349061e-03 9.999892e-01 3.224445e-03 1.675581e+00 -3.460696e-03 -3.236034e-03 9.999888e-01 -1.323284e+02
9.992750e-01 1.032583e-03 3.805665e-02 7.470949e+00 -9.788295e-04 9.999985e-01 -1.431068e-03 1.594110e+00 -3.805807e-02 1.392780e-03 9.992746e-01 -1.265485e+02
9.999840e-01 5.407956e-03 1.641472e-03 7.678530e+00 -5.417922e-03 9.999665e-01 6.128750e-03 1.460406e+00 -1.608274e-03 -6.137546e-03 9.999799e-01 -1.200636e+02
9.999574e-01 -4.774854e-03 -7.904927e-03 7.842298e+00 4.732224e-03 9.999742e-01 -5.402780e-03 1.447427e+00 7.930521e-03 5.365142e-03 9.999542e-01 -1.199049e+02
9.999459e-01 3.629214e-03 9.752513e-03 7.757581e+00 -3.667002e-03 9.999858e-01 3.859649e-03 1.477192e+00 -9.738368e-03 -3.895203e-03 9.999450e-01 -1.215533e+02
9.999138e-01 -4.925171e-03 -1.217033e-02 7.974863e+00 4.861812e-03 9.999745e-01 -5.230081e-03 1.489092e+00 1.219578e-02 5.170461e-03 9.999123e-01 -1.227002e+02
9.999711e-01 4.117604e-03 6.388201e-03 8.178037e+00 -4.147715e-03 9.999803e-01 4.707380e-03 1.500339e+00 -6.368692e-03 -4.733741e-03 9.999685e-01 -1.236693e+02
9.999573e-01 -4.992945e-03 -7.779747e-03 8.197978e+00 4.948562e-03 9.999714e-01 -5.713794e-03 1.520345e+00 7.808054e-03 5.675052e-03 9.999534e-01 -1.249247e+02
9.999770e-01 3.923069e-03 5.530216e-03 8.366653e+00 -3.948305e-03 9.999818e-01 4.559776e-03 1.537487e+00 -5.512227e-03 -4.581507e-03 9.999743e-01 -1.262001e+02
9.998936e-01 -5.585030e-03 -1.347732e-02 9.321339e+00 5.503461e-03 9.999664e-01 -6.081812e-03 1.511802e+00 1.351084e-02 6.006993e-03 9.998907e-01 -1.266794e+02
9.999720e-01 4.984021e-03 5.581521e-03 1.000067e+01 -5.019295e-03 9.999674e-01 6.323675e-03 1.502390e+00 -5.549822e-03 -6.351514e-03 9.999644e-01 -1.273426e+02
9.999447e-01 -5.970210e-03 -8.658812e-03 1.016343e+01 5.906584e-03 9.999555e-01 -7.355184e-03 1.518003e+00 8.702339e-03 7.303634e-03 9.999355e-01 -1.285160e+02
9.998873e-01 4.093395e-03 1.444511e-02 1.000034e+01 -4.157897e-03 9.999815e-01 4.438078e-03 1.547375e+00 -1.442667e-02 -4.497640e-03 9.998858e-01 -1.302497e+02
9.999906e-01 -9.173012e-04 4.236813e-03 1.001370e+01 9.227754e-04 9.999987e-01 -1.290253e-03 1.489369e+00 -4.235624e-03 1.294151e-03 9.999902e-01 -1.271700e+02
9.999180e-01 3.856242e-03 1.221169e-02 1.035755e+01 -3.912577e-03 9.999818e-01 4.592650e-03 1.385517e+00 -1.219376e-02 -4.640053e-03 9.999149e-01 -1.231239e+02
9.997087e-01 -3.593172e-03 -2.386556e-02 1.114200e+01 3.519008e-03 9.999889e-01 -3.148866e-03 1.359825e+00 2.387661e-02 3.063967e-03 9.997102e-01 -1.232429e+02
9.997531e-01 2.855192e-03 2.203803e-02 1.117456e+01 -2.904090e-03 9.999934e-01 2.187116e-03 1.382300e+00 -2.203164e-02 -2.250577e-03 9.997547e-01 -1.245284e+02
9.997108e-01 -3.826116e-03 -2.374188e-02 1.121752e+01 3.751275e-03 9.999879e-01 -3.196001e-03 1.401950e+00 2.375382e-02 3.106015e-03 9.997130e-01 -1.257858e+02
9.997533e-01 3.063851e-03 2.199680e-02 1.123321e+01 -3.112007e-03 9.999928e-01 2.155355e-03 1.425201e+00 -2.199004e-02 -2.223278e-03 9.997557e-01 -1.270938e+02
9.997974e-01 -4.148338e-03 -1.969405e-02 1.117684e+01 4.072531e-03 9.999841e-01 -3.887824e-03 1.456108e+00 1.970987e-02 3.806832e-03 9.997985e-01 -1.287965e+02
9.997546e-01 2.953746e-03 2.195568e-02 1.114879e+01 -2.998895e-03 9.999935e-01 2.023702e-03 1.486780e+00 -2.194956e-02 -2.089049e-03 9.997569e-01 -1.305658e+02
9.997749e-01 -4.101305e-03 -2.081678e-02 1.112999e+01 4.026994e-03 9.999854e-01 -3.610417e-03 1.515468e+00 2.083129e-02 3.525776e-03 9.997768e-01 -1.322142e+02
9.997564e-01 3.113569e-03 2.185282e-02 1.111853e+01 -3.157171e-03 9.999931e-01 1.961042e-03 1.541504e+00 -2.184657e-02 -2.029558e-03 9.997593e-01 -1.337605e+02
9.997862e-01 -4.255809e-03 -2.023592e-02 1.110651e+01 4.181310e-03 9.999843e-01 -3.722400e-03 1.569900e+00 2.025145e-02 3.636993e-03 9.997883e-01 -1.354145e+02
9.997466e-01 3.180148e-03 2.228504e-02 1.109383e+01 -3.219593e-03 9.999933e-01 1.734370e-03 1.599391e+00 -2.227938e-02 -1.805680e-03 9.997502e-01 -1.371255e+02
9.995523e-01 -4.015746e-03 -2.964878e-02 1.168940e+01 3.953520e-03 9.999899e-01 -2.157126e-03 1.584010e+00 2.965714e-02 2.038944e-03 9.995581e-01 -1.374247e+02
9.996842e-01 4.509222e-03 2.472363e-02 1.217146e+01 -4.608438e-03 9.999816e-01 3.957501e-03 1.541654e+00 -2.470532e-02 -4.070189e-03 9.996865e-01 -1.365011e+02
9.999937e-01 -7.316061e-04 3.479035e-03 1.203033e+01 7.393067e-04 9.999973e-01 -2.212646e-03 1.483664e+00 -3.477406e-03 2.215205e-03 9.999915e-01 -1.321103e+02
9.997612e-01 4.992328e-03 2.127455e-02 1.192715e+01 -5.097692e-03 9.999750e-01 4.901201e-03 1.420503e+00 -2.124955e-02 -5.008482e-03 9.997617e-01 -1.279276e+02
9.998102e-01 -5.125379e-03 -1.879507e-02 1.132572e+01 5.023395e-03 9.999724e-01 -5.469314e-03 1.461620e+00 1.882258e-02 5.373862e-03 9.998084e-01 -1.287303e+02
9.998497e-01 2.943431e-03 1.708700e-02 1.163475e+01 -3.013358e-03 9.999872e-01 4.068090e-03 1.474929e+00 -1.707480e-02 -4.118969e-03 9.998457e-01 -1.300714e+02
9.996657e-01 -3.894000e-03 -2.556125e-02 1.235786e+01 3.768592e-03 9.999806e-01 -4.952498e-03 1.484456e+00 2.558004e-02 4.854513e-03 9.996610e-01 -1.314595e+02
9.995785e-01 2.679572e-03 2.890920e-02 1.226977e+01 -2.762440e-03 9.999922e-01 2.826935e-03 1.519395e+00 -2.890140e-02 -2.905604e-03 9.995780e-01 -1.333760e+02
9.996225e-01 -3.949876e-03 -2.718756e-02 1.223919e+01 3.829389e-03 9.999826e-01 -4.482310e-03 1.549775e+00 2.720479e-02 4.376507e-03 9.996203e-01 -1.351029e+02
9.985964e-01 6.348797e-03 5.258182e-02 1.218582e+01 -6.646206e-03 9.999629e-01 5.483192e-03 1.502712e+00 -5.254506e-02 -5.824967e-03 9.986016e-01 -1.314030e+02
9.993759e-01 -2.493603e-03 -3.523667e-02 1.236425e+01 2.408139e-03 9.999941e-01 -2.467645e-03 1.416988e+00 3.524261e-02 2.381251e-03 9.993759e-01 -1.275020e+02
9.993009e-01 1.489607e-03 3.735599e-02 1.225320e+01 -1.523007e-03 9.999985e-01 8.656698e-04 1.448219e+00 -3.735465e-02 -9.219587e-04 9.993016e-01 -1.291892e+02
9.994344e-01 -2.919191e-03 -3.350036e-02 1.220294e+01 2.822921e-03 9.999918e-01 -2.920631e-03 1.480516e+00 3.350861e-02 2.824411e-03 9.994344e-01 -1.310512e+02
9.994668e-01 1.861804e-03 3.259932e-02 1.229125e+01 -1.917442e-03 9.999968e-01 1.675559e-03 1.501855e+00 -3.259609e-02 -1.737173e-03 9.994671e-01 -1.324327e+02
9.993963e-01 -2.700493e-03 -3.463866e-02 1.231489e+01 2.612612e-03 9.999933e-01 -2.582079e-03 1.521276e+00 3.464540e-02 2.490024e-03 9.993966e-01 -1.336595e+02
9.993511e-01 1.616167e-03 3.598272e-02 1.226270e+01 -1.659219e-03 9.999979e-01 1.166621e-03 1.547940e+00 -3.598076e-02 -1.225568e-03 9.993517e-01 -1.351929e+02
9.994223e-01 -2.747511e-03 -3.387445e-02 1.214532e+01 2.659967e-03 9.999930e-01 -2.629166e-03 1.579162e+00 3.388143e-02 2.537543e-03 9.994226e-01 -1.368500e+02
9.994194e-01 1.767859e-03 3.402611e-02 1.205590e+01 -1.818424e-03 9.999973e-01 1.455181e-03 1.605981e+00 -3.402344e-02 -1.516210e-03 9.994199e-01 -1.383072e+02
9.994592e-01 -2.802891e-03 -3.276301e-02 1.197661e+01 2.712516e-03 9.999924e-01 -2.802555e-03 1.631943e+00 3.277062e-02 2.712170e-03 9.994592e-01 -1.397936e+02
9.994600e-01 1.877083e-03 3.280489e-02 1.192329e+01 -1.927068e-03 9.999970e-01 1.492167e-03 1.656627e+00 -3.280199e-02 -1.554579e-03 9.994607e-01 -1.411990e+02
9.994356e-01 -2.810905e-03 -3.347586e-02 1.191945e+01 2.725006e-03 9.999929e-01 -2.611362e-03 1.678243e+00 3.348296e-02 2.518667e-03 9.994361e-01 -1.425118e+02
9.996270e-01 2.358335e-03 2.720857e-02 1.198574e+01 -2.426454e-03 9.999940e-01 2.470838e-03 1.688789e+00 -2.720258e-02 -2.535937e-03 9.996267e-01 -1.431079e+02
9.993730e-01 -3.339353e-03 -3.524731e-02 1.246262e+01 3.207038e-03 9.999876e-01 -3.809797e-03 1.681549e+00 3.525960e-02 3.694370e-03 9.993714e-01 -1.436769e+02
9.996661e-01 1.780551e-03 2.577793e-02 1.350991e+01 -1.820697e-03 9.999972e-01 1.533989e-03 1.661941e+00 -2.577513e-02 -1.580412e-03 9.996665e-01 -1.444300e+02
9.993346e-01 -3.144115e-03 -3.633821e-02 1.450721e+01 3.053860e-03 9.999921e-01 -2.538980e-03 1.646797e+00 3.634590e-02 2.426320e-03 9.993363e-01 -1.452605e+02
9.995532e-01 1.748662e-03 2.983888e-02 1.525610e+01 -1.753274e-03 9.999985e-01 1.283832e-04 1.642021e+00 -2.983861e-02 -1.806422e-04 9.995547e-01 -1.462942e+02
9.992174e-01 -3.185799e-03 -3.942510e-02 1.612600e+01 3.105418e-03 9.999930e-01 -2.099904e-03 1.631008e+00 3.943151e-02 1.975830e-03 9.992203e-01 -1.471352e+02
9.995530e-01 1.102949e-03 2.987698e-02 1.731178e+01 -1.077122e-03 9.999990e-01 -8.805346e-04 1.602097e+00 -2.987792e-02 8.479592e-04 9.995532e-01 -1.478539e+02
9.989942e-01 -2.871151e-03 -4.474712e-02 1.890172e+01 2.827388e-03 9.999955e-01 -1.041266e-03 1.567752e+00 4.474991e-02 9.137020e-04 9.989978e-01 -1.487819e+02
9.992687e-01 1.205638e-03 3.821812e-02 1.963423e+01 -1.171869e-03 9.999989e-01 -9.059827e-04 1.569609e+00 -3.821917e-02 8.605329e-04 9.992690e-01 -1.501289e+02
9.992057e-01 -3.989853e-03 -3.964941e-02 2.029117e+01 3.897926e-03 9.999895e-01 -2.395541e-03 1.570014e+00 3.965856e-02 2.239089e-03 9.992108e-01 -1.515436e+02
9.995841e-01 1.973323e-03 2.876998e-02 2.157758e+01 -1.995059e-03 9.999977e-01 7.268360e-04 1.548602e+00 -2.876848e-02 -7.839322e-04 9.995858e-01 -1.525619e+02
9.993008e-01 -3.454726e-03 -3.722983e-02 2.224845e+01 3.383089e-03 9.999923e-01 -1.987003e-03 1.550557e+00 3.723641e-02 1.859662e-03 9.993048e-01 -1.537064e+02
9.994359e-01 1.850950e-03 3.353365e-02 2.256912e+01 -1.879304e-03 9.999979e-01 8.140483e-04 1.557746e+00 -3.353208e-02 -8.766097e-04 9.994373e-01 -1.548208e+02
9.993362e-01 -2.803037e-03 -3.632128e-02 2.274844e+01 2.737795e-03 9.999945e-01 -1.845871e-03 1.572944e+00 3.632626e-02 1.745206e-03 9.993385e-01 -1.560527e+02
9.994208e-01 1.958137e-03 3.397441e-02 2.288467e+01 -1.984728e-03 9.999977e-01 7.489641e-04 1.587183e+00 -3.397287e-02 -8.159609e-04 9.994224e-01 -1.571580e+02
9.992915e-01 -2.848572e-03 -3.752885e-02 2.310997e+01 2.788685e-03 9.999948e-01 -1.648009e-03 1.596159e+00 3.753335e-02 1.542186e-03 9.992942e-01 -1.580984e+02
9.994072e-01 1.977693e-03 3.437008e-02 2.334369e+01 -1.999265e-03 9.999978e-01 5.932711e-04 1.606095e+00 -3.436883e-02 -6.616350e-04 9.994090e-01 -1.590850e+02
9.992711e-01 -2.896178e-03 -3.806471e-02 2.365042e+01 2.841707e-03 9.999949e-01 -1.485029e-03 1.612489e+00 3.806882e-02 1.375778e-03 9.992742e-01 -1.600129e+02
9.993957e-01 1.958445e-03 3.470439e-02 2.394729e+01 -1.979192e-03 9.999979e-01 5.634720e-04 1.619996e+00 -3.470322e-02 -6.318188e-04 9.993975e-01 -1.609742e+02
