1.000000e+00 1.197625e-11 1.704638e-10 5.551115e-17 1.197625e-11 1.000000e+00 3.562503e-10 0.000000e+00 1.704638e-10 3.562503e-10 1.000000e+00 2.220446e-16 0.000000e+00 0.000000e+00 0.000000e+00 1.000000e+00
4.095385e-01 -1.884931e-01 8.926077e-01 5.297608e-01 3.509223e-01 9.356897e-01 3.658362e-02 1.283390e-02 -8.420996e-01 2.982535e-01 4.493474e-01 -1.498928e-01
9.638155e-01 6.862878e-02 -2.575843e-01 1.444074e+00 -5.758325e-02 9.970782e-01 5.019185e-02 3.536993e-02 2.602763e-01 -3.354314e-02 9.649513e-01 -5.893551e-01
1.233733e-01 -1.481093e-01 9.812455e-01 2.235182e+00 3.794883e-01 9.206852e-01 9.125477e-02 4.467765e-02 -9.169338e-01 3.611128e-01 1.697937e-01 -7.762345e-01
9.767604e-01 8.847367e-02 -1.952217e-01 3.363854e+00 -8.149460e-02 9.957235e-01 4.351262e-02 5.633664e-02 1.982366e-01 -2.659189e-02 9.797934e-01 -1.119193e+00
-9.495126e-02 -1.557639e-01 9.832201e-01 3.877490e+00 3.679882e-01 9.122307e-01 1.800549e-01 4.823962e-02 -9.249697e-01 3.789099e-01 -2.929816e-02 -9.133603e-01
8.968408e-01 1.385485e-01 -4.200962e-01 4.908735e+00 -1.270057e-01 9.903491e-01 5.548128e-02 5.143832e-02 4.237288e-01 3.596751e-03 9.057820e-01 -1.073878e+00
-2.780535e-01 -1.477634e-01 9.491323e-01 5.437062e+00 2.955081e-01 9.270189e-01 2.308915e-01 3.240523e-02 -9.139810e-01 3.446765e-01 -2.140956e-01 -7.040707e-01
9.374733e-01 5.429047e-02 -3.437970e-01 5.914875e+00 -6.023226e-02 9.981624e-01 -6.618523e-03 1.191246e-02 3.428059e-01 2.691236e-02 9.390207e-01 -2.946639e-01
-3.034905e-01 -7.454884e-02 9.499137e-01 6.597405e+00 2.913704e-01 9.419184e-01 1.670121e-01 -9.450219e-04 -9.071917e-01 3.274633e-01 -2.641420e-01 -8.856666e-02
7.437261e-01 7.372881e-02 -6.644062e-01 7.323144e+00 -3.232774e-03 9.942842e-01 1.067165e-01 1.202162e-02 6.684767e-01 -7.721996e-02 7.397134e-01 -3.534801e-01
-2.459557e-01 6.958214e-02 9.667803e-01 8.116897e+00 4.365723e-01 8.984718e-01 4.640130e-02 3.631798e-02 -8.653961e-01 4.334821e-01 -2.513619e-01 -8.171718e-01
9.586793e-01 1.353887e-01 -2.502076e-01 9.028465e+00 -8.941351e-02 9.783234e-01 1.867849e-01 4.383488e-02 2.700725e-01 -1.566949e-01 9.500040e-01 -1.069682e+00
-4.191926e-01 -6.204718e-02 9.057746e-01 1.003545e+01 4.833586e-01 8.292657e-01 2.805046e-01 4.852739e-02 -7.685324e-01 5.553994e-01 -3.176310e-01 -1.321553e+00
8.241015e-01 2.600409e-01 -5.032250e-01 1.118459e+01 -2.401329e-01 9.649998e-01 1.054113e-01 5.824431e-02 5.130233e-01 3.397124e-02 8.577022e-01 -1.651527e+00
-5.613747e-01 -1.331171e-01 8.167853e-01 1.185734e+01 3.151472e-01 8.782235e-01 3.597300e-01 6.228512e-02 -7.652063e-01 4.593509e-01 -4.510610e-01 -1.789561e+00
9.132409e-01 1.294959e-02 -4.072140e-01 1.194677e+01 -4.221388e-02 9.971227e-01 -6.296226e-02 6.938257e-02 4.052270e-01 7.468980e-02 9.111600e-01 -1.785157e+00
-4.466816e-01 1.814176e-02 8.945091e-01 1.266566e+01 3.018065e-01 9.442484e-01 1.315594e-01 7.717664e-02 -8.422520e-01 3.287338e-01 -4.272536e-01 -2.003648e+00
8.912730e-01 3.792687e-02 -4.518783e-01 1.360578e+01 2.300453e-02 9.914315e-01 1.285860e-01 8.280558e-02 4.528832e-01 -1.250005e-01 8.827637e-01 -2.257751e+00
-4.643056e-01 8.260382e-02 8.818146e-01 1.417620e+01 4.624733e-01 8.717360e-01 1.618483e-01 7.614571e-02 -7.553402e-01 4.829628e-01 -4.429540e-01 -2.172951e+00
9.176815e-01 2.312019e-01 -3.231196e-01 1.460179e+01 -1.859943e-01 9.686241e-01 1.648437e-01 5.203876e-02 3.510936e-01 -9.117561e-02 9.318907e-01 -1.701238e+00
-5.897777e-01 -1.263860e-01 7.976145e-01 1.503851e+01 3.547864e-01 8.467064e-01 3.965034e-01 2.870374e-02 -7.254577e-01 5.168316e-01 -4.545285e-01 -1.276322e+00
9.179795e-01 1.005328e-01 -3.836754e-01 1.544003e+01 -1.426097e-01 9.863123e-01 -8.276794e-02 1.110411e-02 3.701028e-01 1.306951e-01 9.197514e-01 -9.560564e-01
-5.738476e-01 -7.601573e-02 8.154266e-01 1.600665e+01 2.011866e-01 9.520862e-01 2.303383e-01 -2.537124e-03 -7.938658e-01 2.962320e-01 -5.310591e-01 -7.547594e-01
9.218277e-01 -5.697413e-02 -3.833897e-01 1.651504e+01 7.067687e-02 9.972624e-01 2.173698e-02 -1.964587e-02 3.811017e-01 -4.713454e-02 9.233308e-01 -4.707655e-01
-4.193493e-01 1.053684e-01 9.016893e-01 1.689428e+01 3.967584e-01 9.146337e-01 7.763968e-02 -3.161126e-02 -8.165347e-01 3.903109e-01 -4.253568e-01 -2.461447e-01
9.664132e-01 8.833505e-02 -2.413348e-01 1.715817e+01 -4.278318e-02 9.812661e-01 1.878468e-01 -4.269250e-02 2.534072e-01 -1.712125e-01 9.520878e-01 1.822547e-02
-4.449968e-01 -2.029267e-02 8.953022e-01 1.761633e+01 4.811004e-01 8.378066e-01 2.581134e-01 -5.603294e-02 -7.553279e-01 5.455899e-01 -3.630584e-01 2.259402e-01
9.236055e-01 2.163981e-01 -3.164249e-01 1.830686e+01 -2.143149e-01 9.758688e-01 4.182248e-02 -6.127181e-02 3.178395e-01 2.918712e-02 9.476952e-01 1.940069e-01
-4.573725e-01 -1.760761e-01 8.716695e-01 1.894407e+01 2.889647e-01 8.975830e-01 3.329328e-01 -6.568351e-02 -8.410172e-01 4.041560e-01 -3.596500e-01 1.759183e-01
9.767817e-01 -2.965745e-02 -2.121744e-01 1.911531e+01 9.981846e-03 9.955964e-01 -9.320997e-02 -8.568335e-02 2.140045e-01 8.892790e-02 9.727764e-01 5.918491e-01
-3.843561e-01 -8.407120e-03 9.231466e-01 1.916799e+01 2.870855e-01 9.492909e-01 1.281745e-01 -1.081736e-01 -8.774123e-01 3.142867e-01 -3.624522e-01 1.111073e+00
9.589362e-01 -1.705990e-02 -2.831083e-01 1.918186e+01 5.343068e-02 9.911828e-01 1.212509e-01 -1.292859e-01 2.785436e-01 -1.313985e-01 9.513926e-01 1.601890e+00
-4.092812e-01 5.968674e-02 9.104540e-01 1.921439e+01 4.892994e-01 8.565951e-01 1.638015e-01 -1.462814e-01 -7.701136e-01 5.125255e-01 -3.797929e-01 2.031165e+00
9.587656e-01 1.833711e-01 -2.171255e-01 1.952170e+01 -1.626497e-01 9.805450e-01 1.098931e-01 -1.557054e-01 2.330526e-01 -7.004629e-02 9.699382e-01 2.223447e+00
-4.505820e-01 -1.418830e-01 8.813881e-01 1.993847e+01 3.758359e-01 8.653865e-01 3.314415e-01 -1.671868e-01 -8.097673e-01 4.805989e-01 -3.366029e-01 2.395706e+00
9.539766e-01 4.724593e-02 -2.961358e-01 1.988330e+01 -6.910603e-02 9.955681e-01 -6.378490e-02 -1.679632e-01 2.918098e-01 8.131408e-02 9.530137e-01 2.587367e+00
-2.424564e-01 -6.623325e-02 9.678988e-01 1.962070e+01 3.363529e-01 9.300498e-01 1.478989e-01 -1.518731e-01 -9.099899e-01 3.614146e-01 -2.032188e-01 2.557414e+00
9.602808e-01 -4.123844e-02 -2.759714e-01 1.934131e+01 5.825389e-02 9.968542e-01 5.374246e-02 -1.341092e-01 2.728870e-01 -6.768425e-02 9.596622e-01 2.514874e+00
-5.370203e-02 1.695530e-02 9.984130e-01 1.866426e+01 4.836562e-01 8.751870e-01 1.115196e-02 -1.017547e-01 -8.736090e-01 4.834876e-01 -5.519985e-02 2.460929e+00
9.905563e-01 5.744738e-02 -1.244914e-01 1.800206e+01 -3.658059e-02 9.858081e-01 1.638423e-01 -7.478326e-02 1.321369e-01 -1.577411e-01 9.785998e-01 2.496013e+00
1.959470e-01 -1.630217e-01 9.669688e-01 1.716406e+01 5.771873e-01 8.163502e-01 2.066739e-02 -3.420894e-02 -7.927545e-01 5.540724e-01 2.540554e-01 2.465852e+00
9.705302e-01 1.667258e-01 -1.739931e-01 1.630041e+01 -1.517831e-01 9.837400e-01 9.600812e-02 8.987653e-03 1.871710e-01 -6.676957e-02 9.800555e-01 2.427988e+00
-1.670964e-01 -1.870472e-01 9.680352e-01 1.578688e+01 5.030326e-01 8.282594e-01 2.468697e-01 3.591637e-02 -8.479605e-01 5.282043e-01 -4.430832e-02 2.358483e+00
9.904555e-01 9.503001e-02 -9.983609e-02 1.538986e+01 -1.039973e-01 9.906035e-01 -8.882162e-02 5.698953e-02 9.045726e-02 9.835654e-02 9.910315e-01 2.323321e+00
-2.759334e-01 -1.437056e-01 9.503733e-01 1.511165e+01 3.127063e-01 9.215481e-01 2.301388e-01 6.919145e-02 -9.088870e-01 3.606907e-01 -2.093483e-01 2.396421e+00
9.635476e-01 -4.276457e-02 -2.640970e-01 1.509162e+01 3.671804e-02 9.989391e-01 -2.779138e-02 7.748148e-02 2.650053e-01 1.708119e-02 9.640956e-01 2.441674e+00
-3.901851e-01 4.559908e-02 9.196066e-01 1.535354e+01 3.509046e-01 9.307585e-01 1.027353e-01 6.821282e-02 -8.512470e-01 3.627800e-01 -3.791690e-01 2.669586e+00
9.839378e-01 3.176864e-02 -1.756618e-01 1.577986e+01 -9.155762e-03 9.917229e-01 1.280699e-01 4.982187e-02 1.782764e-01 -1.244045e-01 9.760845e-01 3.005203e+00
-4.079683e-01 -2.964610e-02 9.125146e-01 1.611658e+01 4.429540e-01 8.675343e-01 2.262212e-01 2.601863e-02 -7.983443e-01 4.964931e-01 -3.407946e-01 3.450135e+00
9.848635e-01 1.200931e-01 -1.249863e-01 1.631388e+01 -1.195286e-01 9.927578e-01 1.203318e-02 3.319211e-03 1.255263e-01 3.088410e-03 9.920855e-01 3.950951e+00
-4.343003e-02 -2.064109e-01 9.775011e-01 1.728985e+01 3.212545e-01 9.235748e-01 2.092970e-01 1.901970e-04 -9.459965e-01 3.231163e-01 2.619956e-02 3.853669e+00
9.387859e-01 7.957141e-02 -3.351857e-01 1.845726e+01 -9.517217e-02 9.949981e-01 -3.035002e-02 3.440296e-03 3.310942e-01 6.039252e-02 9.416631e-01 3.637221e+00
4.370643e-01 -1.806682e-01 8.810981e-01 1.998893e+01 2.120143e-01 9.727078e-01 9.428400e-02 2.376909e-02 -8.740851e-01 1.455972e-01 4.634400e-01 3.103578e+00
8.270985e-01 6.754043e-02 -5.579842e-01 2.138583e+01 -7.463702e-02 9.971600e-01 1.006561e-02 4.794692e-02 5.570793e-01 3.332103e-02 8.297905e-01 2.530961e+00
6.078059e-01 -1.255284e-01 7.841011e-01 2.282408e+01 1.767801e-01 9.840368e-01 2.050321e-02 7.989956e-02 -7.741581e-01 1.261515e-01 6.202943e-01 1.848151e+00
7.048823e-01 6.149360e-02 -7.066537e-01 2.409717e+01 -3.590396e-02 9.980512e-01 5.103730e-02 1.187515e-01 7.084150e-01 -1.060362e-02 7.057165e-01 1.064637e+00
4.104037e-01 -7.155975e-02 9.090919e-01 2.554265e+01 2.016760e-01 9.793529e-01 -1.395496e-02 1.503372e-01 -8.893231e-01 1.890692e-01 4.163619e-01 3.744225e-01
9.154188e-01 2.476765e-03 -4.024952e-01 2.723863e+01 3.208046e-02 9.963509e-01 7.909357e-02 1.788581e-01 4.012223e-01 -8.531596e-02 9.119988e-01 -3.097283e-01
5.674891e-01 -4.110325e-02 8.223543e-01 2.891350e+01 2.253119e-01 9.683844e-01 -1.070807e-01 2.127067e-01 -7.919537e-01 2.460534e-01 5.588086e-01 -1.076732e+00
9.157940e-01 3.469404e-02 -4.001470e-01 3.057940e+01 2.207619e-02 9.904084e-01 1.363962e-01 2.527623e-01 4.010410e-01 -1.337445e-01 9.062442e-01 -1.955744e+00
5.135172e-01 -4.169217e-02 8.570658e-01 3.221298e+01 3.039020e-01 9.429149e-01 -1.362168e-01 2.905698e-01 -8.024610e-01 3.304137e-01 4.968734e-01 -2.807554e+00
9.538699e-01 8.373484e-02 -2.883066e-01 3.358360e+01 -2.853390e-02 9.812554e-01 1.905875e-01 3.197564e-01 2.988612e-01 -1.735692e-01 9.383793e-01 -3.488895e+00
5.626254e-01 -1.283358e-01 8.166900e-01 3.484870e+01 3.879483e-01 9.133373e-01 -1.237382e-01 3.490624e-01 -7.300334e-01 3.864518e-01 5.636544e-01 -4.157997e+00
8.821011e-01 2.308089e-01 -4.106397e-01 3.642786e+01 -1.349307e-01 9.590100e-01 2.491856e-01 3.829767e-01 4.513218e-01 -1.643990e-01 8.770870e-01 -4.910286e+00
5.023397e-01 -1.822020e-01 8.452557e-01 3.809174e+01 4.410046e-01 8.948329e-01 -6.920237e-02 4.202898e-01 -7.437539e-01 4.075247e-01 5.298620e-01 -5.739869e+00
9.139617e-01 2.371951e-01 -3.292606e-01 3.966095e+01 -1.855870e-01 9.658786e-01 1.806542e-01 4.575824e-01 3.608761e-01 -1.040045e-01 9.267964e-01 -6.576845e+00
6.273218e-01 -2.653150e-01 7.321717e-01 4.118289e+01 4.251933e-01 9.043626e-01 -3.659260e-02 4.940802e-01 -6.524401e-01 3.342698e-01 6.801365e-01 -7.375778e+00
8.811039e-01 2.510128e-01 -4.008098e-01 4.245300e+01 -2.098519e-01 9.670270e-01 1.442950e-01 5.329465e-01 4.238138e-01 -4.302815e-02 9.047267e-01 -8.206533e+00
3.087117e-01 -2.588872e-01 9.152456e-01 4.385759e+01 4.456039e-01 8.894808e-01 1.012975e-01 5.671849e-01 -8.403180e-01 3.765653e-01 3.899543e-01 -8.986942e+00
8.357891e-01 2.670398e-01 -4.797357e-01 4.556317e+01 -2.408849e-01 9.635164e-01 1.166647e-01 5.972690e-01 4.933873e-01 1.805398e-02 8.696223e-01 -9.696429e+00
1.019785e-01 -2.712974e-01 9.570779e-01 4.707305e+01 3.630609e-01 9.058804e-01 2.180999e-01 6.159368e-01 -9.261680e-01 3.252361e-01 1.908778e-01 -1.021150e+01
8.797936e-01 1.268990e-01 -4.581047e-01 4.848195e+01 -1.590161e-01 9.867556e-01 -3.205164e-02 6.405200e-01 4.479701e-01 1.010448e-01 8.883202e-01 -1.082545e+01
3.791350e-01 -2.149707e-01 9.000246e-01 5.012730e+01 2.571486e-01 9.588062e-01 1.206870e-01 6.770462e-01 -8.888933e-01 1.856834e-01 4.187964e-01 -1.165199e+01
8.249956e-01 6.582094e-02 -5.612930e-01 5.191678e+01 -8.592403e-02 9.962567e-01 -9.464553e-03 7.183685e-01 5.585690e-01 5.603677e-02 8.275630e-01 -1.256009e+01
2.849080e-01 -1.220936e-01 9.507474e-01 5.369914e+01 2.131365e-01 9.750944e-01 6.135018e-02 7.477087e-01 -9.345589e-01 1.851598e-01 3.038348e-01 -1.326590e+01
9.511518e-01 -2.111187e-02 -3.080009e-01 5.540429e+01 2.496377e-02 9.996516e-01 8.570811e-03 7.725402e-01 3.077126e-01 -1.584101e-02 9.513475e-01 -1.391587e+01
5.732369e-02 -3.366492e-02 9.977879e-01 5.707710e+01 3.171780e-01 9.482660e-01 1.377196e-02 7.963559e-01 -9.466320e-01 3.156869e-01 6.503588e-02 -1.455019e+01
9.308082e-01 5.711245e-02 -3.610184e-01 5.876196e+01 -8.201502e-03 9.907316e-01 1.355861e-01 8.194141e-01 3.654160e-01 -1.232438e-01 9.226495e-01 -1.516725e+01
4.315365e-01 -1.035671e-01 8.961306e-01 6.062065e+01 3.434355e-01 9.374424e-01 -5.704168e-02 8.494565e-01 -8.341632e-01 3.323786e-01 4.401092e-01 -1.588487e+01
8.993320e-01 1.823606e-01 -3.974249e-01 6.243743e+01 -1.230202e-01 9.776938e-01 1.702378e-01 8.787927e-01 4.196045e-01 -1.042090e-01 9.017054e-01 -1.658796e+01
-6.787209e-02 -1.390497e-01 9.879568e-01 6.386606e+01 4.509675e-01 8.790314e-01 1.547003e-01 8.986933e-01 -8.899560e-01 4.560362e-01 3.045198e-03 -1.714054e+01
9.265038e-01 1.731665e-01 -3.340719e-01 6.524335e+01 -1.647363e-01 9.848781e-01 5.363851e-02 9.193263e-01 3.383085e-01 5.337481e-03 9.410201e-01 -1.770331e+01
-7.786695e-02 -1.921161e-01 9.782781e-01 6.665869e+01 3.654721e-01 9.074461e-01 2.072961e-01 9.406041e-01 -9.275596e-01 3.736749e-01 -4.469856e-04 -1.828078e+01
8.492121e-01 1.258214e-01 -5.128428e-01 6.822984e+01 -1.320361e-01 9.909425e-01 2.448127e-02 9.670364e-01 5.112780e-01 4.692399e-02 8.581334e-01 -1.894820e+01
2.148500e-01 -1.581477e-01 9.637576e-01 6.976678e+01 3.100219e-01 9.468087e-01 8.625342e-02 1.003429e+00 -9.261349e-01 2.802544e-01 2.524511e-01 -1.978013e+01
6.837287e-01 1.160701e-01 -7.204463e-01 7.115927e+01 -5.782531e-02 9.927825e-01 1.050676e-01 1.044341e+00 7.274416e-01 -3.017771e-02 6.855056e-01 -2.065206e+01
8.720499e-02 -4.087685e-02 9.953514e-01 7.259567e+01 3.288510e-01 9.443292e-01 9.970106e-03 1.077337e+00 -9.403469e-01 3.264529e-01 9.579261e-02 -2.139623e+01
8.064804e-01 1.042164e-01 -5.820036e-01 7.401913e+01 -6.766239e-03 9.859057e-01 1.671650e-01 1.109606e+00 5.912221e-01 -1.308774e-01 7.958188e-01 -2.213919e+01
1.059120e-01 -7.451702e-03 9.943476e-01 7.549349e+01 4.377722e-01 8.982002e-01 -3.989775e-02 1.145955e+00 -8.928259e-01 4.395234e-01 9.839236e-02 -2.295768e+01
7.106835e-01 2.414582e-01 -6.607775e-01 7.682762e+01 -4.425917e-02 9.527405e-01 3.005440e-01 1.180785e+00 7.021183e-01 -1.843462e-01 6.877837e-01 -2.372478e+01
1.404430e-01 -3.729821e-02 9.893860e-01 7.826664e+01 5.110837e-01 8.585913e-01 -4.018067e-02 1.215198e+00 -8.479795e-01 5.113021e-01 1.396456e-01 -2.449092e+01
7.505272e-01 3.152741e-01 -5.807850e-01 7.958761e+01 -1.380482e-01 9.342679e-01 3.287645e-01 1.246985e+00 6.462597e-01 -1.665704e-01 7.447165e-01 -2.521238e+01
3.822594e-01 -1.699763e-01 9.082873e-01 8.065199e+01 5.504081e-01 8.314248e-01 -7.605099e-02 1.284026e+00 -7.422457e-01 5.289999e-01 4.113762e-01 -2.595552e+01
6.028144e-01 4.156206e-01 -6.810832e-01 8.193357e+01 -1.476059e-01 8.969712e-01 4.167196e-01 1.328067e+00 7.841093e-01 -1.506726e-01 6.020552e-01 -2.685531e+01
1.790335e-01 -1.157640e-01 9.770086e-01 8.303871e+01 6.171257e-01 7.866134e-01 -1.988176e-02 1.371583e+00 -7.662264e-01 6.064965e-01 2.122711e-01 -2.772334e+01
8.185225e-01 3.668186e-01 -4.421143e-01 8.392816e+01 -2.492616e-01 9.201548e-01 3.019666e-01 1.412130e+00 5.175805e-01 -1.369643e-01 8.446012e-01 -2.850062e+01
-2.729660e-01 -2.056051e-01 9.397958e-01 8.485025e+01 5.344720e-01 7.798468e-01 3.258507e-01 1.430208e+00 -7.998933e-01 5.912407e-01 -1.029815e-01 -2.895119e+01
8.059791e-01 2.972674e-01 -5.118884e-01 8.580663e+01 -3.262203e-01 9.446478e-01 3.494166e-02 1.447145e+00 4.939412e-01 1.388261e-01 8.583411e-01 -2.940374e+01
-8.100225e-02 -3.008059e-01 9.502392e-01 8.672276e+01 3.375631e-01 8.887513e-01 3.101166e-01 1.478820e+00 -9.378112e-01 3.458858e-01 2.955012e-02 -3.006794e+01
9.103514e-01 9.473500e-02 -4.028469e-01 8.786526e+01 -1.513025e-01 9.822440e-01 -1.109245e-01 1.488045e+00 3.851856e-01 1.619320e-01 9.085208e-01 -3.039293e+01
-2.834095e-01 -1.681007e-01 9.441511e-01 8.910657e+01 1.173001e-01 9.710484e-01 2.081000e-01 1.479693e+00 -9.517982e-01 1.697266e-01 -2.554861e-01 -3.040335e+01
7.561591e-01 -1.270042e-01 -6.419450e-01 8.960214e+01 1.185221e-01 9.913415e-01 -5.652036e-02 1.490313e+00 6.435650e-01 -3.334629e-02 7.646647e-01 -3.060412e+01
2.902718e-01 7.522241e-02 9.539832e-01 9.067202e+01 1.310015e-01 9.843967e-01 -1.174808e-01 1.512097e+00 -9.479351e-01 1.590746e-01 2.758884e-01 -3.109703e+01
8.946979e-01 -1.055013e-02 -4.465472e-01 9.222889e+01 1.016030e-01 9.783210e-01 1.804571e-01 1.522379e+00 4.349627e-01 -2.068252e-01 8.763737e-01 -3.144939e+01
1.254157e-02 5.668192e-02 9.983135e-01 9.330032e+01 4.184291e-01 9.064764e-01 -5.672424e-02 1.521239e+00 -9.081629e-01 4.184349e-01 -1.234872e-02 -3.157019e+01
9.196373e-01 1.676365e-01 -3.551974e-01 9.385371e+01 -7.555529e-02 9.629576e-01 2.588514e-01 1.520633e+00 3.854330e-01 -2.112124e-01 8.982376e-01 -3.161158e+01
1.520888e-01 -1.332704e-01 9.793406e-01 9.460309e+01 5.184044e-01 8.543876e-01 3.575989e-02 1.528105e+00 -8.415022e-01 5.022558e-01 1.990307e-01 -3.183839e+01
9.432778e-01 2.899790e-01 -1.616759e-01 9.569394e+01 -2.724454e-01 9.543787e-01 1.222080e-01 1.529498e+00 1.897377e-01 -7.122821e-02 9.792477e-01 -3.200672e+01
4.363301e-01 -3.832850e-01 8.140692e-01 9.731962e+01 4.417660e-01 8.794395e-01 1.772824e-01 1.546481e+00 -7.838743e-01 2.822744e-01 5.530482e-01 -3.248550e+01
9.146315e-01 2.694645e-01 -3.013935e-01 9.873843e+01 -3.000364e-01 9.520833e-01 -5.929150e-02 1.565831e+00 2.709748e-01 1.446589e-01 9.516546e-01 -3.299784e+01
1.666033e-01 -3.733364e-01 9.126134e-01 9.955468e+01 2.943862e-01 9.021690e-01 3.153217e-01 1.579057e+00 -9.410527e-01 2.161271e-01 2.602095e-01 -3.333672e+01
9.081993e-01 9.766098e-02 -4.069844e-01 1.007341e+02 -1.712964e-01 9.739575e-01 -1.485405e-01 1.587042e+00 3.818789e-01 2.046194e-01 9.012766e-01 -3.362080e+01
1.633276e-01 -2.468936e-01 9.551794e-01 1.020169e+02 9.338073e-02 9.677023e-01 2.341632e-01 1.590774e+00 -9.821426e-01 5.095002e-02 1.811076e-01 -3.382902e+01
9.855726e-01 -1.339832e-01 -1.034171e-01 1.032702e+02 1.178323e-01 9.817889e-01 -1.490168e-01 1.582583e+00 1.214995e-01 1.346810e-01 9.834119e-01 -3.383100e+01
9.620845e-02 1.499118e-02 9.952483e-01 1.044054e+02 7.526354e-02 9.969145e-01 -2.229184e-02 1.567422e+00 -9.925116e-01 7.705058e-02 9.478331e-02 -3.370264e+01
9.774118e-01 -1.745496e-01 -1.191576e-01 1.054170e+02 1.883715e-01 9.751390e-01 1.167056e-01 1.556184e+00 9.582427e-02 -1.365153e-01 9.859925e-01 -3.362839e+01
8.220507e-02 7.558501e-02 9.937451e-01 1.065074e+02 3.500653e-01 9.313936e-01 -9.980079e-02 1.540885e+00 -9.331112e-01 3.560798e-01 5.010559e-02 -3.348807e+01
9.942203e-01 8.342779e-02 6.757100e-02 1.074422e+02 -9.544720e-02 9.750221e-01 2.005533e-01 1.520897e+00 -4.915150e-02 -2.058437e-01 9.773497e-01 -3.322142e+01
2.777835e-01 -2.500642e-01 9.275259e-01 1.083541e+02 4.869700e-01 8.689311e-01 8.842490e-02 1.515346e+00 -8.280680e-01 4.271143e-01 3.631485e-01 -3.323601e+01
9.731686e-01 1.811179e-01 -1.419123e-01 1.083805e+02 -1.828420e-01 9.831419e-01 9.055008e-04 1.523080e+00 1.396840e-01 2.506633e-02 9.898788e-01 -3.320222e+01
1.957844e-02 -2.720058e-01 9.620964e-01 1.087187e+02 3.232558e-01 9.123193e-01 2.513545e-01 1.514085e+00 -9.461091e-01 3.060822e-01 1.057892e-01 -3.300108e+01
9.991492e-01 3.861728e-02 1.447893e-02 1.095770e+02 -3.594763e-02 9.875340e-01 -1.532459e-01 1.496344e+00 -2.021638e-02 1.525950e-01 9.880820e-01 -3.277753e+01
8.261197e-02 -1.675588e-01 9.823947e-01 1.104090e+02 1.207389e-01 9.801857e-01 1.570288e-01 1.477323e+00 -9.892408e-01 1.056408e-01 1.012059e-01 -3.250422e+01
9.808880e-01 -1.518096e-01 -1.217072e-01 1.109485e+02 1.453468e-01 9.875367e-01 -6.037910e-02 1.460250e+00 1.293564e-01 4.153538e-02 9.907279e-01 -3.221786e+01
5.102962e-02 3.927791e-02 9.979245e-01 1.111637e+02 2.481503e-01 9.673905e-01 -5.076545e-02 1.440673e+00 -9.673766e-01 2.502258e-01 3.961874e-02 -3.178488e+01
9.947731e-01 -3.313286e-02 9.658515e-02 1.118209e+02 1.758318e-02 9.873457e-01 1.576051e-01 1.412606e+00 -1.005848e-01 -1.550830e-01 9.827675e-01 -3.129927e+01
1.561006e-01 -1.428696e-01 9.773540e-01 1.127877e+02 4.083805e-01 9.102873e-01 6.784028e-02 1.393333e+00 -8.993653e-01 3.885424e-01 2.004415e-01 -3.103481e+01
9.810478e-01 1.767212e-01 7.946655e-02 1.139227e+02 -1.775666e-01 9.841020e-01 3.644586e-03 1.374203e+00 -7.755912e-02 -1.768612e-02 9.968309e-01 -3.079321e+01
3.244450e-01 -3.279088e-01 8.872493e-01 1.150272e+02 2.908924e-01 9.271228e-01 2.362731e-01 1.363089e+00 -9.000650e-01 1.814364e-01 3.961865e-01 -3.071368e+01
9.811953e-01 4.455047e-02 1.878059e-01 1.161248e+02 -6.855746e-03 9.804287e-01 -1.967549e-01 1.346174e+00 -1.928958e-01 1.917674e-01 9.622975e-01 -3.051978e+01
3.432498e-01 -1.771553e-01 9.223858e-01 1.173005e+02 5.750227e-02 9.841726e-01 1.676237e-01 1.332646e+00 -9.374823e-01 -4.497513e-03 3.480039e-01 -3.042147e+01
9.066569e-01 -2.222323e-01 3.585891e-01 1.182946e+02 2.584038e-01 9.644328e-01 -5.565009e-02 1.307682e+00 -3.334679e-01 1.431163e-01 9.318352e-01 -3.007140e+01
2.917674e-01 5.620449e-02 9.548365e-01 1.193554e+02 1.330608e-01 9.861802e-01 -9.870858e-02 1.281365e+00 -9.471888e-01 1.558513e-01 2.802567e-01 -2.969874e+01
8.932194e-01 -1.684224e-01 4.168849e-01 1.204597e+02 1.015181e-01 9.787941e-01 1.779219e-01 1.254807e+00 -4.380105e-01 -1.166019e-01 8.913758e-01 -2.932710e+01
3.076954e-01 -1.199743e-01 9.438907e-01 1.215495e+02 3.954651e-01 9.184002e-01 -1.218185e-02 1.228279e+00 -8.654079e-01 3.770241e-01 3.300332e-01 -2.895449e+01
8.576845e-01 9.427725e-02 5.054593e-01 1.224691e+02 -8.603219e-02 9.955012e-01 -3.969587e-02 1.195917e+00 -5.069278e-01 -9.439238e-03 8.619368e-01 -2.843124e+01
3.459512e-01 -3.130504e-01 8.844870e-01 1.234506e+02 2.487230e-01 9.395683e-01 2.352620e-01 1.164708e+00 -9.046848e-01 1.386031e-01 4.029076e-01 -2.794497e+01
9.033896e-01 -3.226708e-02 4.276051e-01 1.243522e+02 1.237887e-01 9.743366e-01 -1.880016e-01 1.133201e+00 -4.105651e-01 2.227714e-01 8.841998e-01 -2.742590e+01
3.186312e-01 -7.931682e-02 9.445544e-01 1.255089e+02 1.428090e-02 9.967814e-01 7.888502e-02 1.101983e+00 -9.477712e-01 -1.164614e-02 3.187384e-01 -2.698684e+01
8.355770e-01 -3.004727e-01 4.599209e-01 1.265996e+02 3.009229e-01 9.507403e-01 7.441989e-02 1.075873e+00 -4.596265e-01 7.621718e-02 8.848358e-01 -2.662810e+01
5.472662e-01 4.158465e-02 8.359249e-01 1.278093e+02 2.048658e-01 9.617269e-01 -1.819652e-01 1.069448e+00 -8.114984e-01 2.708358e-01 5.178014e-01 -2.666468e+01
8.645950e-01 -1.046873e-01 4.914428e-01 1.289639e+02 2.092696e-02 9.847089e-01 1.729462e-01 1.061273e+00 -5.020334e-01 -1.392440e-01 8.535652e-01 -2.664108e+01
5.902216e-01 -2.383330e-01 7.712560e-01 1.300395e+02 4.103740e-01 9.113406e-01 -3.242640e-02 1.056666e+00 -6.951486e-01 3.356422e-01 6.356986e-01 -2.666971e+01
8.865957e-01 1.096492e-01 4.493608e-01 1.310948e+02 -8.314244e-02 9.934511e-01 -7.837230e-02 1.057073e+00 -4.550114e-01 3.212360e-02 8.899060e-01 -2.678949e+01
5.849138e-01 -3.287644e-01 7.414781e-01 1.322234e+02 2.804697e-01 9.397571e-01 1.954313e-01 1.055885e+00 -7.610601e-01 9.365171e-02 6.418854e-01 -2.688279e+01
9.493405e-01 -7.301368e-03 3.141644e-01 1.332467e+02 7.718336e-02 9.745241e-01 -2.105838e-01 1.054023e+00 -3.046232e-01 2.241640e-01 9.257187e-01 -2.693464e+01
6.709307e-01 -1.463452e-01 7.269354e-01 1.341428e+02 6.412394e-02 9.881096e-01 1.397407e-01 1.053633e+00 -7.387423e-01 -4.714234e-02 6.723373e-01 -2.699504e+01
8.877830e-01 -2.442432e-01 3.901109e-01 1.351709e+02 3.008393e-01 9.493977e-01 -9.022078e-02 1.059938e+00 -3.483346e-01 1.974572e-01 9.163371e-01 -2.720089e+01
5.741711e-01 5.995844e-02 8.165369e-01 1.361007e+02 5.480021e-02 9.922640e-01 -1.113964e-01 1.054513e+00 -8.168993e-01 1.087070e-01 5.664436e-01 -2.717120e+01
9.617033e-01 -2.524203e-01 1.068208e-01 1.369661e+02 2.376163e-01 9.620561e-01 1.341137e-01 1.066159e+00 -1.366206e-01 -1.035953e-01 9.851918e-01 -2.744715e+01
6.602508e-01 3.397082e-02 7.502766e-01 1.381198e+02 2.232182e-01 9.449590e-01 -2.392198e-01 1.078950e+00 -7.171071e-01 3.254204e-01 6.163270e-01 -2.779002e+01
9.611629e-01 -6.914491e-02 2.671795e-01 1.393888e+02 1.060135e-02 9.766417e-01 2.146129e-01 1.094558e+00 -2.757780e-01 -2.034455e-01 9.394447e-01 -2.822157e+01
6.952015e-01 -2.143239e-01 6.861196e-01 1.406474e+02 4.086356e-01 9.031108e-01 -1.319390e-01 1.108751e+00 -5.913644e-01 3.720971e-01 7.154243e-01 -2.862641e+01
9.449082e-01 1.366114e-01 2.974657e-01 1.417343e+02 -1.535469e-01 9.875489e-01 3.421333e-02 1.121185e+00 -2.890880e-01 -7.800338e-02 9.541193e-01 -2.897331e+01
3.223243e-01 -3.753160e-01 8.690483e-01 1.421051e+02 4.219326e-01 8.787685e-01 2.230219e-01 1.114179e+00 -8.473960e-01 2.947944e-01 4.416065e-01 -2.875311e+01
9.437277e-01 5.478342e-02 3.261545e-01 1.422943e+02 3.135671e-02 9.669208e-01 -2.531421e-01 1.102979e+00 -3.292336e-01 2.491243e-01 9.107922e-01 -2.839371e+01
4.668896e-01 -2.013855e-01 8.610795e-01 1.429527e+02 8.562830e-02 9.794441e-01 1.826392e-01 1.097993e+00 -8.801601e-01 -1.153957e-02 4.745366e-01 -2.834476e+01
9.352140e-01 -2.455035e-01 2.551526e-01 1.438584e+02 2.813049e-01 9.527850e-01 -1.143168e-01 1.095741e+00 -2.150403e-01 1.786863e-01 9.601192e-01 -2.840885e+01
4.599397e-01 8.315116e-02 8.840483e-01 1.447309e+02 5.178918e-02 9.913988e-01 -1.201924e-01 1.086603e+00 -8.864386e-01 1.010654e-01 4.516773e-01 -2.831360e+01
8.962313e-01 -2.471134e-01 3.683808e-01 1.455990e+02 1.833846e-01 9.625748e-01 1.995492e-01 1.071203e+00 -4.039054e-01 -1.112869e-01 9.080064e-01 -2.809478e+01
5.349520e-01 -7.309896e-02 8.417143e-01 1.464107e+02 3.734972e-01 9.140777e-01 -1.579930e-01 1.060657e+00 -7.578431e-01 3.988966e-01 5.162899e-01 -2.797037e+01
9.903417e-01 1.316628e-01 4.345354e-02 1.476198e+02 -1.374898e-01 9.730171e-01 1.852949e-01 1.069611e+00 -1.788459e-02 -1.894797e-01 9.817218e-01 -2.826631e+01
-6.425561e-02 -2.533827e-01 9.652297e-01 1.487724e+02 4.533032e-01 8.542720e-01 2.544317e-01 1.053825e+00 -8.890374e-01 4.538904e-01 5.996743e-02 -2.811379e+01
9.797028e-01 1.436368e-01 1.398248e-01 1.497187e+02 -1.175432e-01 9.766710e-01 -1.797146e-01 1.031063e+00 -1.623765e-01 1.596314e-01 9.737308e-01 -2.780033e+01
-2.373638e-03 -2.637729e-01 9.645819e-01 1.504961e+02 1.452220e-01 9.542682e-01 2.613099e-01 1.012290e+00 -9.893962e-01 1.406988e-01 3.604054e-02 -2.752451e+01
9.861920e-01 -1.379480e-01 -9.162810e-02 1.511614e+02 1.238464e-01 9.816577e-01 -1.449489e-01 9.953746e-01 1.099428e-01 1.315996e-01 9.851873e-01 -2.725026e+01
-7.431856e-02 2.334045e-02 9.969614e-01 1.520948e+02 1.672217e-01 9.858622e-01 -1.061505e-02 9.802542e-01 -9.831143e-01 1.659247e-01 -7.717089e-02 -2.707395e+01
9.866806e-01 -1.057646e-01 -1.235931e-01 1.531561e+02 1.231195e-01 9.821137e-01 1.424580e-01 9.681305e-01 1.063155e-01 -1.557773e-01 9.820542e-01 -2.697307e+01
-8.323765e-02 1.866841e-02 9.963548e-01 1.541150e+02 4.120905e-01 9.109776e-01 1.735821e-02 9.450414e-01 -9.073329e-01 4.120332e-01 -8.352071e-02 -2.661235e+01
9.775381e-01 1.850276e-01 -1.009165e-01 1.550983e+02 -1.689814e-01 9.742342e-01 1.493754e-01 9.218320e-01 1.259549e-01 -1.289671e-01 9.836172e-01 -2.626472e+01
-1.896068e-02 -2.714956e-01 9.622529e-01 1.559899e+02 3.974985e-01 8.810480e-01 2.564165e-01 9.032464e-01 -9.174069e-01 3.873559e-01 9.121381e-02 -2.598217e+01
9.435013e-01 1.937903e-01 -2.687947e-01 1.568359e+02 -2.171017e-01 9.743278e-01 -5.960110e-02 8.884657e-01 2.503440e-01 1.145895e-01 9.613517e-01 -2.575928e+01
1.394959e-01 -3.198784e-01 9.371332e-01 1.577580e+02 2.266413e-01 9.315782e-01 2.842459e-01 8.834657e-01 -9.639370e-01 1.727420e-01 2.024490e-01 -2.574007e+01
8.094760e-01 8.655972e-02 -5.807375e-01 1.590581e+02 -1.617777e-01 9.836696e-01 -7.888068e-02 8.916604e-01 5.644259e-01 1.578024e-01 8.102603e-01 -2.602842e+01
3.047033e-01 -2.157736e-01 9.276840e-01 1.604989e+02 1.528693e-01 9.724524e-01 1.759756e-01 9.114028e-01 -9.400994e-01 8.819404e-02 3.292946e-01 -2.653265e+01
8.563581e-01 -1.487894e-02 -5.161680e-01 1.618277e+02 -3.193957e-02 9.961447e-01 -8.170455e-02 9.293088e-01 5.153937e-01 8.645454e-02 8.525813e-01 -2.700642e+01
1.534662e-01 -8.951897e-02 9.840907e-01 1.629467e+02 1.596250e-01 9.850543e-01 6.471355e-02 9.392961e-01 -9.751759e-01 1.471542e-01 1.654620e-01 -2.730789e+01
9.922845e-01 -1.090942e-01 -5.890625e-02 1.629494e+02 1.136182e-01 9.903093e-01 7.986443e-02 9.100761e-01 4.962266e-02 -8.594105e-02 9.950637e-01 -2.642297e+01
-5.081882e-02 -1.777743e-02 9.985497e-01 1.631038e+02 4.338793e-01 9.001648e-01 3.810711e-02 8.848238e-01 -8.995367e-01 4.351865e-01 -3.803206e-02 -2.565403e+01
9.867793e-01 1.552809e-01 -4.641666e-02 1.639050e+02 -1.485495e-01 9.810907e-01 1.240725e-01 8.645990e-01 6.480505e-02 -1.155370e-01 9.911869e-01 -2.529014e+01
-2.592925e-02 -2.651935e-01 9.638465e-01 1.647677e+02 4.054527e-01 8.785157e-01 2.526229e-01 8.494633e-01 -9.137482e-01 3.973445e-01 8.474416e-02 -2.502533e+01
9.221308e-01 2.186077e-01 -3.191951e-01 1.653785e+02 -2.374816e-01 9.711663e-01 -2.094222e-02 8.301572e-01 3.054134e-01 9.511442e-02 9.474576e-01 -2.462212e+01
4.663874e-02 -3.283381e-01 9.434081e-01 1.657704e+02 2.590707e-01 9.160956e-01 3.060249e-01 8.153217e-01 -9.647317e-01 2.301368e-01 1.277883e-01 -2.426181e+01
9.266545e-01 2.229760e-02 -3.752523e-01 1.661650e+02 -7.687399e-02 9.883836e-01 -1.311039e-01 8.046866e-01 3.679699e-01 1.503352e-01 9.176042e-01 -2.399034e+01
-9.768364e-02 -1.296436e-01 9.867373e-01 1.664021e+02 1.889235e-01 9.710351e-01 1.462833e-01 7.953729e-01 -9.771212e-01 2.007073e-01 -7.036153e-02 -2.368977e+01
8.099771e-01 -7.228084e-03 -5.864169e-01 1.672711e+02 2.994620e-02 9.991294e-01 2.904750e-02 7.981749e-01 5.856964e-01 -4.108877e-02 8.094884e-01 -2.379915e+01
-8.668735e-02 3.589371e-02 9.955887e-01 1.677205e+02 3.470150e-01 9.378527e-01 -3.597065e-03 8.070395e-01 -9.338447e-01 3.451724e-01 -9.375562e-02 -2.389910e+01
8.213972e-01 9.108594e-02 -5.630363e-01 1.682732e+02 4.366282e-02 9.742267e-01 2.213052e-01 8.277123e-01 5.686828e-01 -2.063632e-01 7.962500e-01 -2.423957e+01
-3.184526e-01 8.673991e-02 9.439619e-01 1.687804e+02 5.371673e-01 8.370015e-01 1.043060e-01 8.304327e-01 -7.810501e-01 5.402820e-01 -3.131392e-01 -2.425772e+01
8.129990e-01 3.525955e-01 -4.633670e-01 1.695253e+02 -2.358412e-01 9.270087e-01 2.916056e-01 8.228159e-01 5.323641e-01 -1.277941e-01 8.368137e-01 -2.416044e+01
-1.917032e-01 -2.354453e-01 9.527935e-01 1.706191e+02 4.978719e-01 8.132870e-01 3.011442e-01 8.260057e-01 -8.457976e-01 5.320994e-01 -3.868812e-02 -2.434395e+01
8.849810e-01 2.753976e-01 -3.754528e-01 1.713920e+02 -3.052348e-01 9.520425e-01 -2.113935e-02 8.207961e-01 3.516253e-01 1.333092e-01 9.266004e-01 -2.431099e+01
-1.603137e-01 -3.313886e-01 9.297748e-01 1.723270e+02 2.443032e-01 8.993293e-01 3.626606e-01 8.238847e-01 -9.563553e-01 2.852865e-01 -6.321552e-02 -2.446582e+01
8.204690e-01 3.904970e-02 -5.703559e-01 1.733565e+02 -1.375879e-01 9.818282e-01 -1.307018e-01 8.316714e-01 5.548876e-01 1.857109e-01 8.109323e-01 -2.472298e+01
-4.135447e-01 -9.227549e-02 9.057958e-01 1.742219e+02 1.379919e-01 9.770067e-01 1.625307e-01 8.290354e-01 -8.999661e-01 1.922062e-01 -3.913026e-01 -2.476252e+01
7.348655e-01 -6.685592e-02 -6.749096e-01 1.753328e+02 1.208637e-01 9.921096e-01 3.332325e-02 8.387839e-01 6.673564e-01 -1.060602e-01 7.371476e-01 -2.507267e+01
-4.316579e-02 1.412218e-01 9.890365e-01 1.766789e+02 3.143206e-01 9.416085e-01 -1.207314e-01 8.640298e-01 -9.483350e-01 3.056631e-01 -8.503420e-02 -2.568316e+01
6.870885e-01 1.352412e-01 -7.138762e-01 1.777571e+02 1.353055e-01 9.415206e-01 3.085958e-01 8.829318e-01 7.138640e-01 -3.086240e-01 6.286091e-01 -2.613464e+01
-6.944059e-02 1.292217e-01 9.891814e-01 1.788412e+02 5.350371e-01 8.417207e-01 -7.239852e-02 8.923767e-01 -8.419699e-01 5.242213e-01 -1.275880e-01 -2.640444e+01
6.900728e-01 3.999892e-01 -6.031651e-01 1.801275e+02 -1.101402e-01 8.817329e-01 4.587116e-01 9.055921e-01 7.153102e-01 -2.501116e-01 6.525148e-01 -2.677350e+01
-4.293360e-01 -5.502326e-02 9.014672e-01 1.814493e+02 6.002807e-01 7.283762e-01 3.303501e-01 9.107758e-01 -6.747841e-01 6.829645e-01 -2.796887e-01 -2.700857e+01
6.186119e-01 4.852481e-01 -6.179430e-01 1.828173e+02 -4.293974e-01 8.674450e-01 2.513107e-01 9.175718e-01 6.579796e-01 1.098793e-01 7.449761e-01 -2.728034e+01
-5.488765e-01 -3.519053e-01 7.582197e-01 1.839204e+02 2.684993e-01 7.847776e-01 5.585985e-01 9.153626e-01 -7.916076e-01 5.101831e-01 -3.362596e-01 -2.734448e+01
5.355492e-01 1.676452e-01 -8.276969e-01 1.850064e+02 -3.700046e-01 9.275999e-01 -5.152613e-02 9.199277e-01 7.591335e-01 3.338464e-01 5.588049e-01 -2.752202e+01
-2.571167e-01 -3.372339e-01 9.056292e-01 1.862231e+02 8.337482e-02 9.259001e-01 3.684531e-01 9.326025e-01 -9.627770e-01 1.702421e-01 -2.099476e-01 -2.785566e+01
6.204422e-01 -3.402610e-02 -7.835137e-01 1.874670e+02 -1.150389e-01 9.843030e-01 -1.338419e-01 9.405455e-01 7.757690e-01 1.731757e-01 6.067888e-01 -2.810242e+01
-4.022286e-01 -6.030896e-02 9.135507e-01 1.884238e+02 8.547840e-02 9.909958e-01 1.030570e-01 9.402543e-01 -9.115402e-01 1.195413e-01 -3.934518e-01 -2.815668e+01
5.744292e-01 -2.016466e-02 -8.183058e-01 1.893785e+02 1.162827e-01 9.915681e-01 5.719322e-02 9.402721e-01 8.102527e-01 -1.280083e-01 5.719305e-01 -2.822508e+01
-5.201215e-01 2.003334e-01 8.302651e-01 1.899689e+02 3.691653e-01 9.293372e-01 7.026167e-03 9.253031e-01 -7.701886e-01 3.101596e-01 -5.573244e-01 -2.793705e+01
5.394169e-01 2.756130e-01 -7.956550e-01 1.909016e+02 6.999355e-02 9.269684e-01 3.685520e-01 9.268364e-01 8.391247e-01 -2.544939e-01 4.807313e-01 -2.802765e+01
-4.600727e-01 1.734860e-01 8.707673e-01 1.915090e+02 6.077499e-01 7.764988e-01 1.664021e-01 9.270751e-01 -6.472814e-01 6.057658e-01 -4.626820e-01 -2.796339e+01
2.728253e-01 5.713650e-01 -7.740209e-01 1.925740e+02 -1.266013e-01 8.188680e-01 5.598459e-01 9.364949e-01 9.536973e-01 -5.474806e-02 2.957435e-01 -2.820548e+01
-1.895676e-01 -8.656735e-02 9.780441e-01 1.940333e+02 6.739392e-01 7.129345e-01 1.937274e-01 9.612816e-01 -7.140518e-01 6.958667e-01 -7.680816e-02 -2.875600e+01
2.418485e-01 6.268528e-01 -7.406517e-01 1.957451e+02 -2.626149e-01 7.771097e-01 5.719562e-01 9.936407e-01 9.341000e-01 5.617945e-02 3.525637e-01 -2.947541e+01
-1.896633e-01 -1.908283e-01 9.631263e-01 1.973801e+02 6.785060e-01 6.835511e-01 2.690495e-01 1.030359e+00 -7.096883e-01 7.045158e-01 -1.664139e-04 -3.026032e+01
3.435647e-01 5.939184e-01 -7.274779e-01 1.984967e+02 -3.756682e-01 7.968685e-01 4.731532e-01 1.056701e+00 8.607187e-01 1.107316e-01 4.968922e-01 -3.083505e+01
-3.132174e-01 -2.718723e-01 9.099342e-01 1.994277e+02 6.050139e-01 6.814208e-01 4.118543e-01 1.082807e+00 -7.320199e-01 6.795227e-01 -4.894631e-02 -3.132428e+01
3.416310e-01 5.182469e-01 -7.840334e-01 2.004925e+02 -4.547875e-01 8.212082e-01 3.446525e-01 1.106357e+00 8.224698e-01 2.388247e-01 5.162424e-01 -3.183942e+01
-4.684201e-01 -2.746150e-01 8.397436e-01 2.007004e+02 4.741692e-01 7.238445e-01 5.012113e-01 1.141496e+00 -7.454839e-01 6.329579e-01 -2.088493e-01 -3.224952e+01
2.951659e-02 4.370559e-01 -8.989499e-01 2.015755e+02 -3.441070e-01 8.488129e-01 4.013814e-01 1.169493e+00 9.384664e-01 2.974875e-01 1.754480e-01 -3.277216e+01
-3.308326e-01 -2.534541e-01 9.090164e-01 2.026394e+02 4.661758e-01 7.936267e-01 3.909436e-01 1.196960e+00 -8.205059e-01 5.530983e-01 -1.444034e-01 -3.334940e+01
1.981541e-01 4.070990e-01 -8.916307e-01 2.036843e+02 -3.296796e-01 8.843506e-01 3.305078e-01 1.220991e+00 9.230636e-01 2.284609e-01 3.094499e-01 -3.387842e+01
-4.514617e-01 -2.033260e-01 8.688158e-01 2.047380e+02 4.057476e-01 8.204207e-01 4.028384e-01 1.245195e+00 -7.947020e-01 5.343860e-01 -2.878895e-01 -3.441710e+01
3.819679e-02 3.742229e-01 -9.265518e-01 2.060709e+02 -2.584641e-01 8.993751e-01 3.525915e-01 1.276035e+00 9.652654e-01 2.260125e-01 1.310764e-01 -3.509124e+01
-6.290102e-01 -8.317248e-02 7.729350e-01 2.073746e+02 3.665382e-01 8.450774e-01 3.892222e-01 1.306261e+00 -6.855624e-01 5.281350e-01 -5.010764e-01 -3.576429e+01
7.670924e-02 3.333493e-01 -9.396776e-01 2.084883e+02 -1.629831e-01 9.339700e-01 3.180196e-01 1.335668e+00 9.836423e-01 1.287565e-01 1.259744e-01 -3.639895e+01
-6.741272e-01 2.310860e-02 7.382537e-01 2.097829e+02 3.766630e-01 8.705336e-01 3.166960e-01 1.362532e+00 -6.353562e-01 4.915662e-01 -5.955545e-01 -3.702052e+01
1.762594e-01 3.392458e-01 -9.240373e-01 2.109486e+02 -9.825992e-02 9.401095e-01 3.264034e-01 1.387187e+00 9.794272e-01 3.326417e-02 1.990374e-01 -3.759214e+01
-7.905420e-01 1.569660e-01 5.919502e-01 2.118359e+02 4.213106e-01 8.409034e-01 3.396746e-01 1.408688e+00 -4.444555e-01 5.179220e-01 -7.309009e-01 -3.805169e+01
1.221734e-01 4.071191e-01 -9.051672e-01 2.129947e+02 -6.764667e-02 9.132941e-01 4.016439e-01 1.439658e+00 9.902008e-01 1.216136e-02 1.391205e-01 -3.873471e+01
-6.611196e-01 1.695609e-01 7.308694e-01 2.140298e+02 5.259107e-01 7.994861e-01 2.902411e-01 1.474601e+00 -5.351064e-01 5.762561e-01 -6.177298e-01 -3.946107e+01
3.142780e-01 4.460813e-01 -8.379981e-01 2.146629e+02 -1.013129e-01 8.934438e-01 4.376002e-01 1.506805e+00 9.439094e-01 -5.262807e-02 3.259835e-01 -4.001543e+01
-6.809625e-01 1.579949e-01 7.150718e-01 2.150027e+02 5.687548e-01 7.291990e-01 3.805086e-01 1.536680e+00 -4.613112e-01 6.658126e-01 -5.864175e-01 -4.041948e+01
3.026696e-01 4.919850e-01 -8.162977e-01 2.153875e+02 -1.931966e-01 8.703595e-01 4.529341e-01 1.574408e+00 9.333093e-01 2.061656e-02 3.584812e-01 -4.097656e+01
-6.967381e-01 8.006025e-02 7.128439e-01 2.160344e+02 5.311128e-01 7.255353e-01 4.376273e-01 1.616958e+00 -4.821569e-01 6.835121e-01 -5.480291e-01 -4.170891e+01
3.688022e-01 4.220040e-01 -8.281893e-01 2.163588e+02 -2.471523e-01 9.034447e-01 3.502905e-01 1.659317e+00 8.960472e-01 7.550101e-02 4.374917e-01 -4.232409e+01
-7.628594e-01 8.166728e-02 6.413860e-01 2.163725e+02 4.531655e-01 7.750988e-01 4.402986e-01 1.706480e+00 -4.611795e-01 6.265400e-01 -6.283002e-01 -4.293468e+01
1.434159e-01 4.154270e-01 -8.982496e-01 2.172238e+02 -1.725913e-01 9.042223e-01 3.906331e-01 1.748271e+00 9.744969e-01 9.900708e-02 2.013789e-01 -4.371277e+01
-6.407736e-01 5.617385e-02 7.656720e-01 2.180295e+02 4.861309e-01 8.015966e-01 3.480225e-01 1.778521e+00 -5.942104e-01 5.952204e-01 -5.409498e-01 -4.429945e+01
2.600832e-01 4.034403e-01 -8.772643e-01 2.180702e+02 -1.233626e-01 9.149684e-01 3.842064e-01 1.808964e+00 9.576734e-01 8.295948e-03 2.877373e-01 -4.460557e+01
-8.082492e-01 1.986840e-01 5.543085e-01 2.182021e+02 4.764915e-01 7.737567e-01 4.174404e-01 1.839822e+00 -3.459611e-01 6.015192e-01 -7.200595e-01 -4.496735e+01
5.589006e-02 4.780333e-01 -8.765618e-01 2.186448e+02 -7.286082e-02 8.775460e-01 4.739244e-01 1.878920e+00 9.957749e-01 3.737935e-02 8.387600e-02 -4.555500e+01
-5.759650e-01 1.567555e-01 8.023042e-01 2.193440e+02 6.053639e-01 7.413404e-01 2.897395e-01 1.918306e+00 -5.493622e-01 6.525658e-01 -5.218803e-01 -4.621975e+01
1.353466e-01 5.597515e-01 -8.175326e-01 2.200119e+02 -8.310980e-02 8.286311e-01 5.535912e-01 1.949867e+00 9.873065e-01 -6.981684e-03 1.586732e-01 -4.677301e+01
-6.663708e-01 1.733172e-01 7.251973e-01 2.202583e+02 6.189935e-01 6.708265e-01 4.084591e-01 1.982961e+00 -4.156885e-01 7.210776e-01 -5.543014e-01 -4.721994e+01
3.300257e-01 5.376945e-01 -7.758658e-01 2.205563e+02 -2.791789e-01 8.407448e-01 4.639045e-01 2.019193e+00 9.017440e-01 6.350497e-02 4.275803e-01 -4.774999e+01
-7.669525e-01 3.607988e-02 6.406888e-01 2.207304e+02 4.783537e-01 6.976600e-01 5.333370e-01 2.060657e+00 -4.277402e-01 7.155200e-01 -5.523310e-01 -4.831293e+01
2.245295e-01 4.267594e-01 -8.760496e-01 2.211440e+02 -3.079200e-01 8.840128e-01 3.517195e-01 2.097139e+00 9.245387e-01 1.907818e-01 3.298947e-01 -4.888221e+01
