1.000000e+00 1.197624e-11 1.704639e-10 3.214096e-14 1.197625e-11 1.000000e+00 3.562503e-10 -1.998401e-15 1.704639e-10 3.562503e-10 1.000000e+00 -4.041212e-14 0.000000e+00 0.000000e+00 0.000000e+00 1.000000e+00
6.246631e-01 -2.090107e-01 7.524032e-01 -2.923994e-01 3.572303e-01 9.332701e-01 -3.732724e-02 3.360218e-02 -6.943937e-01 2.920982e-01 6.576443e-01 -2.164135e-01
9.616006e-01 -3.285973e-02 2.724784e-01 -4.463959e-01 4.927949e-02 9.973438e-01 -5.363635e-02 6.681785e-02 -2.699921e-01 6.500435e-02 9.606658e-01 -5.140592e-01
6.684891e-01 -2.351180e-01 7.055790e-01 -5.628622e-01 3.353559e-01 9.420839e-01 -3.799545e-03 1.048620e-01 -6.638213e-01 2.391600e-01 7.086210e-01 -9.107394e-01
9.983084e-01 1.890020e-02 -5.498317e-02 -1.312216e-02 -2.025881e-02 9.995004e-01 -2.425796e-02 1.418237e-01 5.449722e-02 2.533082e-02 9.981926e-01 -1.501569e+00
7.431379e-01 -2.179724e-01 6.326405e-01 2.114438e-01 2.990020e-01 9.539863e-01 -2.253578e-02 1.750763e-01 -5.986182e-01 2.059080e-01 7.741176e-01 -1.920747e+00
9.965924e-01 -3.238413e-02 -7.586039e-02 2.299691e-01 3.070462e-02 9.992592e-01 -2.320241e-02 2.177804e-01 7.655558e-02 2.079408e-02 9.968485e-01 -2.405667e+00
7.545658e-01 -1.877321e-01 6.287981e-01 5.549480e-01 2.996693e-01 9.510377e-01 -7.566807e-02 2.657099e-01 -5.838054e-01 2.455280e-01 7.738781e-01 -3.070250e+00
9.981873e-01 -5.258899e-02 2.926635e-02 2.423590e-01 5.265141e-02 9.986120e-01 -1.365746e-03 3.055567e-01 -2.915391e-02 2.904185e-03 9.995707e-01 -3.386593e+00
9.269217e-01 -1.697661e-01 3.346574e-01 -3.212398e-01 2.253802e-01 9.649046e-01 -1.347698e-01 3.553124e-01 -3.000332e-01 2.003462e-01 9.326529e-01 -3.656347e+00
9.946660e-01 -3.993373e-02 -9.510424e-02 -7.977312e-01 4.238607e-02 9.988153e-01 2.390597e-02 4.080648e-01 9.403691e-02 -2.780955e-02 9.951802e-01 -4.011286e+00
8.231516e-01 -1.663689e-01 5.429023e-01 -1.055555e+00 2.785087e-01 9.514997e-01 -1.306956e-01 4.510808e-01 -4.948277e-01 2.587853e-01 8.295636e-01 -4.393970e+00
9.821918e-01 -7.274430e-02 1.732267e-01 -1.515065e+00 7.229555e-02 9.973435e-01 8.907149e-03 4.974206e-01 -1.734144e-01 3.774987e-03 9.848417e-01 -4.744489e+00
6.991468e-01 -1.907073e-01 6.890751e-01 -2.118819e+00 3.528852e-01 9.302439e-01 -1.005902e-01 5.400381e-01 -6.218246e-01 3.134917e-01 7.176748e-01 -4.971781e+00
9.818034e-01 -2.848977e-02 1.877511e-01 -2.344386e+00 2.710657e-02 9.995832e-01 9.931093e-03 5.769018e-01 -1.879558e-01 -4.661091e-03 9.821664e-01 -5.291040e+00
7.935160e-01 -2.471826e-01 5.560873e-01 -2.648210e+00 3.443627e-01 9.358019e-01 -7.542600e-02 6.156822e-01 -5.017436e-01 2.513475e-01 8.276943e-01 -5.582814e+00
9.998588e-01 1.677688e-02 9.708657e-04 -2.490646e+00 -1.678353e-02 9.998325e-01 7.303965e-03 6.563538e-01 -8.481651e-04 -7.319227e-03 9.999729e-01 -6.074144e+00
8.266027e-01 -2.630885e-01 4.975062e-01 -2.518950e+00 3.423734e-01 9.366832e-01 -7.351904e-02 6.943941e-01 -4.466636e-01 2.311039e-01 8.643394e-01 -6.447297e+00
9.948571e-01 7.307538e-02 -7.013781e-02 -2.135930e+00 -7.071898e-02 9.968638e-01 3.551481e-02 7.304774e-01 7.251311e-02 -3.037209e-02 9.969049e-01 -6.938021e+00
8.818393e-01 -2.618900e-01 3.921392e-01 -1.449834e+00 3.138121e-01 9.466370e-01 -7.348690e-02 7.682133e-01 -3.519680e-01 1.878617e-01 9.169659e-01 -7.568380e+00
9.553993e-01 1.215549e-01 -2.691404e-01 -1.067488e+00 -9.940391e-02 9.905490e-01 9.450703e-02 8.038190e-01 2.780846e-01 -6.353834e-02 9.584528e-01 -8.065293e+00
7.306335e-01 -2.681207e-01 6.279220e-01 -1.186223e+00 4.163175e-01 9.038718e-01 -9.846571e-02 8.436867e-01 -5.411603e-01 3.333573e-01 7.720223e-01 -8.420519e+00
9.813170e-01 1.187080e-01 -1.514113e-01 -1.354379e+00 -1.050750e-01 9.899074e-01 9.509247e-02 8.777809e-01 1.611714e-01 -7.740632e-02 9.838862e-01 -8.670860e+00
9.827478e-01 -1.736178e-01 -6.374615e-02 -1.490494e+00 1.683592e-01 9.824524e-01 -8.026476e-02 8.836569e-01 7.656295e-02 6.814777e-02 9.947331e-01 -8.211836e+00
9.730485e-01 1.427608e-01 -1.810966e-01 -1.506205e+00 -1.085222e-01 9.764191e-01 1.866242e-01 8.785974e-01 2.034689e-01 -1.619414e-01 9.655959e-01 -7.567981e+00
8.670025e-01 -2.542668e-01 4.285499e-01 -5.204951e-01 3.562289e-01 9.176269e-01 -1.762438e-01 9.137317e-01 -3.484360e-01 3.054657e-01 8.861620e-01 -8.254203e+00
9.664331e-01 1.720087e-01 -1.908404e-01 4.243717e-01 -1.319628e-01 9.696733e-01 2.057170e-01 9.466712e-01 2.204380e-01 -1.736279e-01 9.598231e-01 -8.898452e+00
8.652994e-01 -2.581229e-01 4.296854e-01 1.606210e+00 3.571713e-01 9.189453e-01 -1.672370e-01 9.790939e-01 -3.516897e-01 2.981813e-01 8.873569e-01 -9.564206e+00
9.821864e-01 1.324027e-01 1.333397e-01 2.648553e+00 -1.453111e-01 9.850796e-01 9.221062e-02 1.006486e+00 -1.191413e-01 -1.099438e-01 9.867714e-01 -1.013640e+01
8.328049e-01 -3.269029e-01 4.467332e-01 3.818301e+00 3.872298e-01 9.207264e-01 -4.812435e-02 1.034394e+00 -3.955870e-01 2.130666e-01 8.933720e-01 -1.074507e+01
9.786775e-01 1.776269e-01 1.031453e-01 5.100881e+00 -1.759889e-01 9.840786e-01 -2.484325e-02 1.065456e+00 -1.059159e-01 6.161107e-03 9.943560e-01 -1.142155e+01
8.630409e-01 -3.647503e-01 3.494533e-01 6.306849e+00 3.747949e-01 9.261957e-01 4.111241e-02 1.098945e+00 -3.386580e-01 9.549164e-02 9.360514e-01 -1.212829e+01
9.738397e-01 2.073901e-01 -9.287412e-02 7.651852e+00 -2.129287e-01 9.755616e-01 -5.423021e-02 1.135584e+00 7.935761e-02 7.258710e-02 9.941999e-01 -1.289298e+01
8.271976e-01 -3.477903e-01 4.413457e-01 9.056398e+00 3.390397e-01 9.352733e-01 1.015670e-01 1.171781e+00 -4.481029e-01 6.561772e-02 8.915706e-01 -1.366108e+01
9.907404e-01 1.321564e-01 -3.111404e-02 1.041257e+01 -1.352076e-01 9.812124e-01 -1.376266e-01 1.206431e+00 1.234124e-02 1.405591e-01 9.899954e-01 -1.440266e+01
8.644075e-01 -2.848608e-01 4.143116e-01 1.175573e+01 2.446947e-01 9.581942e-01 1.482848e-01 1.238236e+00 -4.392315e-01 -2.679865e-02 8.979741e-01 -1.509019e+01
9.982884e-01 5.302420e-02 -2.467358e-02 1.318274e+01 -5.670948e-02 9.807678e-01 -1.867580e-01 1.272561e+00 1.429635e-02 1.878376e-01 9.820960e-01 -1.583626e+01
9.059303e-01 -2.122282e-01 3.664007e-01 1.473349e+01 1.676921e-01 9.743959e-01 1.497730e-01 1.311742e+00 -3.888054e-01 -7.424136e-02 9.183238e-01 -1.666937e+01
9.713758e-01 -2.157495e-02 2.365661e-01 1.624798e+01 6.786499e-02 9.795661e-01 -1.893269e-01 1.330623e+00 -2.276474e-01 1.999621e-01 9.529910e-01 -1.715456e+01
9.028890e-01 -1.146424e-01 4.143049e-01 1.756264e+01 5.694367e-02 9.871860e-01 1.490679e-01 1.346367e+00 -4.260855e-01 -1.109997e-01 8.978475e-01 -1.755882e+01
9.900247e-01 -1.367101e-01 3.408130e-02 1.890186e+01 1.406487e-01 9.732243e-01 -1.818031e-01 1.376166e+00 -8.314424e-03 1.847831e-01 9.827442e-01 -1.821307e+01
9.202301e-01 -1.691935e-02 3.910120e-01 2.006373e+01 -8.645754e-03 9.979425e-01 6.352904e-02 1.408133e+00 -3.912824e-01 -6.184192e-02 9.181904e-01 -1.889265e+01
9.803770e-01 -1.967417e-01 -1.239520e-02 2.126178e+01 1.944629e-01 9.755018e-01 -1.028615e-01 1.438317e+00 3.232868e-02 9.843259e-02 9.946185e-01 -1.953771e+01
8.892736e-01 4.338975e-02 4.553129e-01 2.254165e+01 -3.835282e-02 9.990580e-01 -2.029973e-02 1.464096e+00 -4.557648e-01 5.894813e-04 8.901000e-01 -2.011016e+01
9.684915e-01 -1.971454e-01 -1.521772e-01 2.380774e+01 1.970920e-01 9.802611e-01 -1.558746e-02 1.493002e+00 1.522464e-01 -1.489660e-02 9.882303e-01 -2.073686e+01
8.480012e-01 7.682271e-02 5.243970e-01 2.504401e+01 -1.704157e-02 9.928797e-01 -1.178963e-01 1.517915e+00 -5.297202e-01 9.103962e-02 8.432724e-01 -2.129464e+01
9.695539e-01 -1.696815e-01 -1.765601e-01 2.635732e+01 1.876787e-01 9.780359e-01 9.067761e-02 1.543044e+00 1.572958e-01 -1.210534e-01 9.801041e-01 -2.186264e+01
8.884856e-01 7.870632e-02 4.521048e-01 2.759851e+01 8.271290e-03 9.822759e-01 -1.872580e-01 1.567159e+00 -4.588300e-01 1.701156e-01 8.720870e-01 -2.240115e+01
9.542750e-01 -1.156079e-01 -2.756701e-01 2.890658e+01 1.616820e-01 9.752703e-01 1.506876e-01 1.598337e+00 2.514322e-01 -1.883683e-01 9.493678e-01 -2.305659e+01
8.525537e-01 5.646498e-02 5.195804e-01 3.024347e+01 8.492614e-02 9.659669e-01 -2.443268e-01 1.628307e+00 -5.156934e-01 2.524277e-01 8.187433e-01 -2.370792e+01
9.858407e-01 -7.998951e-02 -1.473764e-01 3.161653e+01 1.107370e-01 9.705404e-01 2.139829e-01 1.660347e+00 1.259184e-01 -2.272731e-01 9.656560e-01 -2.441246e+01
8.354691e-01 -1.792434e-02 5.492450e-01 3.302232e+01 2.000977e-01 9.407789e-01 -2.736713e-01 1.691429e+00 -5.118127e-01 3.385466e-01 7.895783e-01 -2.510822e+01
9.720441e-01 3.887510e-02 -2.315580e-01 3.449499e+01 2.716669e-02 9.609540e-01 2.753712e-01 1.726655e+00 2.332216e-01 -2.739636e-01 9.330335e-01 -2.586068e+01
8.345027e-01 -8.464824e-02 5.444629e-01 3.601519e+01 2.765036e-01 9.190388e-01 -2.809153e-01 1.761843e+00 -4.766036e-01 3.849706e-01 7.903460e-01 -2.661498e+01
9.909854e-01 1.056983e-01 -8.231565e-02 3.754016e+01 -7.917967e-02 9.577312e-01 2.765529e-01 1.795617e+00 1.080674e-01 -2.675421e-01 9.574668e-01 -2.735936e+01
7.666884e-01 -2.077856e-01 6.074653e-01 3.904709e+01 4.014499e-01 8.935454e-01 -2.010340e-01 1.825657e+00 -5.010259e-01 3.979973e-01 7.684863e-01 -2.804499e+01
9.794931e-01 1.943747e-01 5.302546e-02 4.036967e+01 -2.008357e-01 9.629435e-01 1.800137e-01 1.849737e+00 -1.607040e-02 -1.869716e-01 9.822339e-01 -2.861032e+01
7.813482e-01 -3.402644e-01 5.231779e-01 4.166659e+01 4.372799e-01 8.966025e-01 -6.993011e-02 1.872858e+00 -4.452879e-01 2.834149e-01 8.493496e-01 -2.915254e+01
9.545790e-01 1.981872e-01 2.224877e-01 4.262489e+01 -1.907788e-01 9.801171e-01 -5.453458e-02 1.894889e+00 -2.288720e-01 9.611644e-03 9.734091e-01 -2.964225e+01
8.282958e-01 -4.087888e-01 3.831681e-01 4.310990e+01 3.998452e-01 9.103327e-01 1.068558e-01 1.910945e+00 -3.924920e-01 6.469974e-02 9.174770e-01 -2.986909e+01
9.110944e-01 1.306577e-01 3.909420e-01 4.331092e+01 -2.602601e-02 9.647750e-01 -2.617860e-01 1.917326e+00 -4.113754e-01 2.283371e-01 8.824015e-01 -2.980033e+01
9.356710e-01 -3.139366e-01 1.611324e-01 4.300913e+01 2.768560e-01 9.362265e-01 2.164039e-01 1.939991e+00 -2.187935e-01 -1.578723e-01 9.629152e-01 -2.975023e+01
9.935723e-01 9.965300e-02 -5.369766e-02 4.352009e+01 -1.105150e-01 9.566240e-01 -2.695497e-01 1.964475e+00 2.450703e-02 2.737515e-01 9.614882e-01 -3.008676e+01
9.130600e-01 -2.507503e-01 3.216298e-01 4.450879e+01 1.795708e-01 9.552699e-01 2.349759e-01 1.997231e+00 -3.661635e-01 -1.567917e-01 9.172462e-01 -3.074636e+01
9.909374e-01 -5.692042e-02 1.216685e-01 4.548468e+01 9.144886e-02 9.493290e-01 -3.006850e-01 2.026636e+00 -9.838830e-02 3.090864e-01 9.459309e-01 -3.134398e+01
9.865786e-01 -6.841180e-02 1.482647e-01 4.643107e+01 3.249044e-02 9.720913e-01 2.323421e-01 2.056312e+00 -1.600218e-01 -2.244066e-01 9.612672e-01 -3.195248e+01
8.873490e-01 -2.022337e-01 4.143829e-01 4.673069e+01 3.350300e-01 9.002380e-01 -2.780763e-01 2.090227e+00 -3.168069e-01 3.855815e-01 8.665797e-01 -3.242974e+01
8.370464e-01 5.377479e-02 5.444829e-01 4.693573e+01 -9.040621e-02 9.950727e-01 4.070719e-02 2.117975e+00 -5.396110e-01 -8.329844e-02 8.377836e-01 -3.274456e+01
6.774332e-01 -4.033010e-01 6.151687e-01 4.672376e+01 4.617587e-01 8.841477e-01 7.114627e-02 2.134240e+00 -5.725933e-01 2.358627e-01 7.851788e-01 -3.278767e+01
8.824972e-01 9.603457e-02 4.604086e-01 4.621745e+01 3.236547e-02 9.642099e-01 -2.631574e-01 2.155717e+00 -4.692027e-01 2.471370e-01 8.478043e-01 -3.275606e+01
7.916526e-01 -2.944959e-01 5.353114e-01 4.563329e+01 2.110056e-01 9.540389e-01 2.128058e-01 2.180488e+00 -5.733784e-01 -5.551460e-02 8.174077e-01 -3.267873e+01
9.373949e-01 -1.407211e-01 3.185725e-01 4.501412e+01 2.340811e-01 9.318773e-01 -2.771475e-01 2.208638e+00 -2.578699e-01 3.343685e-01 9.064771e-01 -3.258069e+01
8.020341e-01 -6.136820e-02 5.941173e-01 4.423961e+01 3.036305e-02 9.976106e-01 6.205738e-02 2.244516e+00 -5.965060e-01 -3.173292e-02 8.019810e-01 -3.246866e+01
9.036965e-01 -3.337141e-01 2.682676e-01 4.349274e+01 3.696872e-01 9.242199e-01 -9.565036e-02 2.279422e+00 -2.160184e-01 1.856140e-01 9.585841e-01 -3.236761e+01
8.190170e-01 9.192196e-02 5.663581e-01 4.295200e+01 1.243863e-02 9.840069e-01 -1.776955e-01 2.304912e+00 -5.736344e-01 1.525804e-01 8.047750e-01 -3.230847e+01
8.545311e-01 -3.366140e-01 3.955598e-01 4.284727e+01 2.999746e-01 9.415628e-01 1.532147e-01 2.335080e+00 -4.240186e-01 -1.226878e-02 9.055704e-01 -3.260051e+01
9.236165e-01 -2.684422e-02 3.823766e-01 4.309037e+01 1.490532e-01 9.441906e-01 -2.937468e-01 2.369280e+00 -3.531510e-01 3.283039e-01 8.760713e-01 -3.307075e+01
9.358069e-01 -1.697656e-01 3.089419e-01 4.293554e+01 1.151757e-01 9.755475e-01 1.871943e-01 2.403750e+00 -3.331666e-01 -1.395951e-01 9.324769e-01 -3.335430e+01
8.422417e-01 -2.013882e-01 5.000718e-01 4.250362e+01 3.652001e-01 8.954770e-01 -2.544599e-01 2.433441e+00 -3.965576e-01 3.969430e-01 8.277550e-01 -3.340613e+01
8.927185e-01 4.097752e-02 4.487478e-01 4.265217e+01 -7.240749e-02 9.959607e-01 5.309775e-02 2.466428e+00 -4.447594e-01 -7.989405e-02 8.920796e-01 -3.381570e+01
7.411047e-01 -4.005101e-01 5.388464e-01 4.283029e+01 4.778998e-01 8.784034e-01 -4.387818e-03 2.501296e+00 -4.715672e-01 2.607664e-01 8.423926e-01 -3.423119e+01
9.576222e-01 1.840796e-01 2.215276e-01 4.333860e+01 -1.566375e-01 9.782769e-01 -1.357901e-01 2.524278e+00 -2.417115e-01 9.533604e-02 9.656534e-01 -3.458786e+01
6.866951e-01 -4.084843e-01 6.013239e-01 4.356781e+01 3.795878e-01 9.069523e-01 1.826215e-01 2.554334e+00 -6.199701e-01 1.028499e-01 7.778553e-01 -3.497789e+01
9.901170e-01 4.358891e-03 1.401761e-01 4.371405e+01 3.559772e-02 9.589711e-01 -2.812601e-01 2.593221e+00 -1.356508e-01 2.834704e-01 9.493384e-01 -3.547029e+01
8.441194e-01 -2.081520e-01 4.941004e-01 4.422368e+01 1.357487e-01 9.745081e-01 1.786230e-01 2.629064e+00 -5.186856e-01 -8.370563e-02 8.508576e-01 -3.602321e+01
9.837172e-01 -1.779936e-01 -2.487610e-02 4.443662e+01 1.663020e-01 9.539771e-01 -2.495424e-01 2.666378e+00 6.814817e-02 2.413422e-01 9.680443e-01 -3.651117e+01
7.439058e-01 -7.153200e-02 6.644451e-01 4.416265e+01 9.384977e-02 9.955841e-01 2.108130e-03 2.715296e+00 -6.616618e-01 6.078977e-02 7.473341e-01 -3.697311e+01
9.581109e-01 -2.725946e-01 -8.783921e-02 4.390568e+01 2.669037e-01 9.610824e-01 -7.129526e-02 2.758678e+00 1.038554e-01 4.486416e-02 9.935800e-01 -3.735394e+01
9.343348e-01 1.013615e-01 3.416787e-01 4.360687e+01 -7.656945e-02 9.934071e-01 -8.531929e-02 2.774886e+00 -3.480742e-01 5.355464e-02 9.359360e-01 -3.711326e+01
9.447799e-01 -3.260141e-01 -3.325178e-02 4.354684e+01 3.271674e-01 9.441726e-01 3.872334e-02 2.791597e+00 1.877107e-02 -4.746393e-02 9.986966e-01 -3.706929e+01
9.662767e-01 9.306026e-02 2.401023e-01 4.364382e+01 -3.879394e-02 9.743810e-01 -2.215325e-01 2.830366e+00 -2.545670e-01 2.047472e-01 9.451319e-01 -3.749512e+01
9.718278e-01 -2.356511e-01 4.389827e-03 4.383651e+01 2.310905e-01 9.563518e-01 1.788531e-01 2.846298e+00 -4.634514e-02 -1.727999e-01 9.838660e-01 -3.757578e+01
9.224755e-01 3.082798e-02 3.848229e-01 4.403055e+01 8.136468e-02 9.588912e-01 -2.718591e-01 2.851097e+00 -3.773842e-01 2.820943e-01 8.820453e-01 -3.748173e+01
9.877237e-01 -1.518550e-01 -3.663251e-02 4.355844e+01 1.562049e-01 9.622120e-01 2.230429e-01 2.869249e+00 1.378065e-03 -2.260269e-01 9.741201e-01 -3.721608e+01
8.207043e-01 -5.600713e-02 5.686015e-01 4.360766e+01 2.666700e-01 9.176870e-01 -2.945125e-01 2.879859e+00 -5.053034e-01 3.933366e-01 7.680851e-01 -3.718177e+01
9.995528e-01 1.535750e-02 -2.565816e-02 4.413552e+01 -7.576209e-03 9.601090e-01 2.795234e-01 2.902467e+00 2.892741e-02 -2.792040e-01 9.597960e-01 -3.754262e+01
7.195250e-01 -2.103506e-01 6.618432e-01 4.429234e+01 4.560618e-01 8.618414e-01 -2.218940e-01 2.920385e+00 -5.237284e-01 4.614997e-01 7.160493e-01 -3.767059e+01
8.762314e-01 3.296653e-01 -3.514815e-01 4.403928e+01 -1.782992e-01 8.994091e-01 3.990898e-01 2.921092e+00 4.476917e-01 -2.870261e-01 8.468696e-01 -3.712246e+01
8.702911e-01 -2.647896e-01 4.153069e-01 4.343763e+01 4.281701e-01 8.234856e-01 -3.722121e-01 2.959610e+00 -2.434413e-01 5.017549e-01 8.300472e-01 -3.703981e+01
9.839632e-01 1.761211e-01 2.824374e-02 4.335526e+01 -1.763102e-01 9.363216e-01 3.036718e-01 3.001399e+00 2.703778e-02 -3.037816e-01 9.523580e-01 -3.744454e+01
7.957766e-01 -3.638511e-01 4.840991e-01 4.374417e+01 5.255986e-01 8.120342e-01 -2.536662e-01 3.037834e+00 -3.008083e-01 4.563034e-01 8.374375e-01 -3.797244e+01
9.097925e-01 3.286450e-01 -2.535156e-01 4.335823e+01 -2.409256e-01 9.155012e-01 3.221995e-01 3.085911e+00 3.379831e-01 -2.320562e-01 9.120950e-01 -3.828304e+01
7.584454e-01 -3.626267e-01 5.415371e-01 4.358668e+01 5.405816e-01 8.141620e-01 -2.119241e-01 3.117969e+00 -3.640496e-01 4.534779e-01 8.135267e-01 -3.866942e+01
8.234878e-01 3.947966e-01 -4.074353e-01 4.371040e+01 -2.188561e-01 8.836317e-01 4.138804e-01 3.149191e+00 5.234213e-01 -2.516557e-01 8.140636e-01 -3.893117e+01
3.604463e-01 -2.841262e-01 8.884541e-01 4.408956e+01 6.880011e-01 7.241508e-01 -4.754019e-02 3.176602e+00 -6.298674e-01 6.283931e-01 4.564966e-01 -3.928744e+01
7.027517e-01 5.406138e-01 -4.624681e-01 4.504944e+01 -3.523781e-01 8.292111e-01 4.338649e-01 3.203562e+00 6.180370e-01 -1.419357e-01 7.732299e-01 -3.984765e+01
2.655124e-01 -3.773481e-01 8.871931e-01 4.598628e+01 7.065921e-01 7.022261e-01 8.721287e-02 3.230522e+00 -6.559197e-01 6.037276e-01 4.530809e-01 -4.042592e+01
6.262987e-01 5.254930e-01 -5.758533e-01 4.656252e+01 -3.750560e-01 8.506704e-01 3.683651e-01 3.275652e+00 6.834346e-01 -1.472935e-02 7.298631e-01 -4.118126e+01
1.923804e-01 -3.748175e-01 9.069187e-01 4.710835e+01 6.666758e-01 7.280842e-01 1.594888e-01 3.310355e+00 -7.200924e-01 5.739383e-01 3.899509e-01 -4.176103e+01
7.985751e-01 4.630090e-01 -3.845782e-01 4.783783e+01 -4.555093e-01 8.825519e-01 1.166763e-01 3.334795e+00 3.934324e-01 8.200419e-02 9.156889e-01 -4.226039e+01
-1.452528e-01 -4.410575e-01 8.856466e-01 4.823348e+01 4.276622e-01 7.792088e-01 4.581907e-01 3.360308e+00 -8.921920e-01 4.453111e-01 7.544135e-02 -4.265908e+01
6.776688e-01 2.090442e-01 -7.050288e-01 4.911830e+01 -3.614230e-01 9.296368e-01 -7.175582e-02 3.394597e+00 6.404205e-01 3.034403e-01 7.055392e-01 -4.335077e+01
-1.769858e-01 -2.920192e-01 9.398940e-01 5.016129e+01 1.816790e-01 9.288652e-01 3.228035e-01 3.430998e+00 -9.672997e-01 2.278906e-01 -1.113422e-01 -4.411414e+01
7.478622e-01 -4.260900e-02 -6.624852e-01 5.131748e+01 -5.759984e-02 9.900097e-01 -1.286973e-01 3.456022e+00 6.613505e-01 1.344069e-01 7.379365e-01 -4.472904e+01
-1.574524e-01 -2.225310e-02 9.872758e-01 5.265287e+01 1.509801e-01 9.874503e-01 4.633560e-02 3.479722e+00 -9.759169e-01 1.563547e-01 -1.521167e-01 -4.532631e+01
6.677722e-01 -4.449208e-02 -7.430348e-01 5.397928e+01 1.376850e-01 9.883700e-01 6.455627e-02 3.509150e+00 7.315211e-01 -1.454136e-01 6.661319e-01 -4.603132e+01
-1.892338e-01 1.849309e-01 9.643605e-01 5.545406e+01 3.464131e-01 9.315323e-01 -1.106598e-01 3.529954e+00 -9.187973e-01 3.131266e-01 -2.403399e-01 -4.659529e+01
7.414146e-01 1.770650e-01 -6.472653e-01 5.682829e+01 6.960029e-02 9.390670e-01 3.366141e-01 3.545636e+00 6.674280e-01 -2.946204e-01 6.839142e-01 -4.706747e+01
-1.705044e-03 9.060351e-02 9.958856e-01 5.830299e+01 5.698063e-01 8.184866e-01 -7.348857e-02 3.576155e+00 -8.217773e-01 5.673365e-01 -5.302201e-02 -4.780202e+01
8.835497e-01 3.199309e-01 -3.420294e-01 5.974387e+01 -2.001740e-01 9.182119e-01 3.417854e-01 3.601857e+00 4.234032e-01 -2.335190e-01 8.753277e-01 -4.846265e+01
-2.741175e-01 -1.903263e-01 9.426746e-01 6.123173e+01 5.685696e-01 7.584882e-01 3.184717e-01 3.616317e+00 -7.756211e-01 6.232748e-01 -9.970112e-02 -4.893238e+01
8.720819e-01 3.265885e-01 -3.644354e-01 6.256640e+01 -3.583490e-01 9.333493e-01 -2.109693e-02 3.629701e+00 3.332555e-01 1.489933e-01 9.309897e-01 -4.938772e+01
1.256281e-02 -3.918609e-01 9.199387e-01 6.416780e+01 3.025276e-01 8.783827e-01 3.700282e-01 3.658856e+00 -9.530578e-01 2.736583e-01 1.295837e-01 -5.012163e+01
7.780030e-01 9.691859e-02 -6.207400e-01 6.599457e+01 -2.273438e-01 9.645025e-01 -1.343493e-01 3.695574e+00 5.856843e-01 2.456455e-01 7.724197e-01 -5.098793e+01
5.404745e-02 -2.499190e-01 9.667571e-01 6.807377e+01 1.368576e-01 9.608897e-01 2.407510e-01 3.730937e+00 -9.891152e-01 1.192961e-01 8.613695e-02 -5.182202e+01
6.773718e-01 -2.096821e-02 -7.353419e-01 7.009222e+01 -6.368935e-02 9.941688e-01 -8.701708e-02 3.766842e+00 7.328786e-01 1.057764e-01 6.720865e-01 -5.265077e+01
1.981607e-01 -4.806211e-02 9.789905e-01 7.186525e+01 1.317645e-01 9.910373e-01 2.198264e-02 3.809401e+00 -9.712726e-01 1.246401e-01 2.027176e-01 -5.357760e+01
6.368949e-01 -9.293944e-03 -7.708946e-01 7.355182e+01 6.787001e-02 9.967210e-01 4.405607e-02 3.847611e+00 7.679574e-01 -8.037971e-02 6.354373e-01 -5.441305e+01
5.577003e-02 9.285955e-02 9.941161e-01 7.533968e+01 2.369166e-01 9.659986e-01 -1.035242e-01 3.883779e+00 -9.699280e-01 2.412961e-01 3.187381e-02 -5.524208e+01
7.235069e-01 5.886301e-02 -6.878029e-01 7.715887e+01 1.235304e-01 9.692355e-01 2.128913e-01 3.918369e+00 6.791745e-01 -2.389929e-01 6.939773e-01 -5.605419e+01
2.253909e-01 1.199912e-01 9.668511e-01 7.885812e+01 3.921523e-01 8.972732e-01 -2.027742e-01 3.956578e+00 -8.918607e-01 4.248563e-01 1.551823e-01 -5.691256e+01
7.759018e-01 2.141349e-01 -5.933993e-01 8.046090e+01 3.407401e-02 9.250306e-01 3.783614e-01 3.991320e+00 6.299329e-01 -3.137908e-01 7.104364e-01 -5.770727e+01
1.084314e-01 2.920889e-02 9.936747e-01 8.196883e+01 5.852506e-01 8.061111e-01 -8.755896e-02 4.020854e+00 -8.035698e-01 5.910429e-01 7.031320e-02 -5.842072e+01
7.620515e-01 4.222707e-01 -4.908818e-01 8.347060e+01 -2.081057e-01 8.775992e-01 4.318700e-01 4.044046e+00 6.131635e-01 -2.269519e-01 7.566527e-01 -5.901134e+01
5.773662e-03 -2.300800e-01 9.731546e-01 8.520735e+01 6.124924e-01 7.700746e-01 1.784326e-01 4.061286e+00 -7.904554e-01 5.950196e-01 1.453684e-01 -5.951074e+01
6.570908e-01 4.946750e-01 -5.687955e-01 8.702765e+01 -4.201260e-01 8.668264e-01 2.685260e-01 4.084444e+00 6.258800e-01 6.251983e-02 7.774095e-01 -6.010999e+01
-7.139189e-02 -4.092460e-01 9.096268e-01 8.875500e+01 4.553167e-01 7.980242e-01 3.947709e-01 4.105863e+00 -8.874626e-01 4.423517e-01 1.293641e-01 -6.068901e+01
8.025200e-01 2.735078e-01 -5.302406e-01 9.005164e+01 -3.765105e-01 9.215819e-01 -9.448044e-02 4.118664e+00 4.628190e-01 2.754636e-01 8.425666e-01 -6.109486e+01
1.803466e-02 -4.080255e-01 9.127924e-01 9.137931e+01 1.535778e-01 9.032372e-01 4.007199e-01 4.131212e+00 -9.879720e-01 1.329578e-01 7.895321e-02 -6.148494e+01
8.781382e-01 -2.578276e-02 -4.777118e-01 9.299969e+01 -1.067408e-01 9.628159e-01 -2.481774e-01 4.141894e+00 4.663472e-01 2.689254e-01 8.427333e-01 -6.187084e+01
-4.998243e-02 -1.310095e-01 9.901203e-01 9.457982e+01 -3.507983e-02 9.909780e-01 1.293521e-01 4.149133e+00 -9.981338e-01 -2.826792e-02 -5.412728e-02 -6.221312e+01
9.183322e-01 -3.611468e-01 -1.619846e-01 9.520290e+01 3.586672e-01 9.323637e-01 -4.534060e-02 4.149880e+00 1.674032e-01 -1.646084e-02 9.857511e-01 -6.232146e+01
7.106951e-02 2.461216e-01 9.666298e-01 9.621893e+01 2.626748e-01 9.302566e-01 -2.561730e-01 4.150068e+00 -9.622635e-01 2.721154e-01 1.462924e-03 -6.236848e+01
9.900713e-01 -1.625222e-02 -1.396236e-01 9.772032e+01 6.890874e-02 9.218686e-01 3.813264e-01 4.156562e+00 1.225172e-01 -3.871616e-01 9.138355e-01 -6.261415e+01
1.759821e-01 -6.124001e-02 9.824866e-01 9.936502e+01 6.292010e-01 7.745682e-01 -6.442178e-02 4.167473e+00 -7.570577e-01 6.295187e-01 1.748424e-01 -6.301522e+01
8.562605e-01 4.078934e-01 -3.169242e-01 1.011981e+02 -2.947773e-01 8.896930e-01 3.486441e-01 4.195465e+00 4.241749e-01 -2.051081e-01 8.820467e-01 -6.372020e+01
4.374766e-01 -3.469701e-01 8.295938e-01 1.028112e+02 6.182104e-01 7.860079e-01 2.734622e-03 4.228785e+00 -6.530161e-01 5.116672e-01 5.583606e-01 -6.448676e+01
8.823161e-01 4.307358e-01 -1.896971e-01 1.039312e+02 -4.158353e-01 9.022070e-01 1.144703e-01 4.249035e+00 2.204526e-01 -2.211625e-02 9.751469e-01 -6.500150e+01
2.543545e-01 -5.031979e-01 8.258908e-01 1.051904e+02 4.833480e-01 8.058150e-01 3.421065e-01 4.262546e+00 -8.376625e-01 3.121764e-01 4.481824e-01 -6.539825e+01
8.698285e-01 3.203619e-01 -3.751888e-01 1.065415e+02 -3.970637e-01 9.059447e-01 -1.469851e-01 4.274105e+00 2.928118e-01 2.768257e-01 9.152206e-01 -6.576174e+01
4.371216e-01 -4.711295e-01 7.661343e-01 1.079539e+02 2.391654e-01 8.820451e-01 4.059512e-01 4.292690e+00 -8.670206e-01 5.782775e-03 4.982388e-01 -6.625076e+01
9.827994e-01 3.091570e-02 -1.820705e-01 1.092760e+02 -9.470401e-02 9.307573e-01 -3.531601e-01 4.303834e+00 1.585452e-01 3.643283e-01 9.176755e-01 -6.660592e+01
5.448450e-01 -2.160529e-01 8.102253e-01 1.107679e+02 -3.264855e-02 9.600386e-01 2.779567e-01 4.324106e+00 -8.379010e-01 -1.778960e-01 5.160184e-01 -6.713444e+01
9.417688e-01 -2.345741e-01 -2.409284e-01 1.121411e+02 1.642382e-01 9.460973e-01 -2.791516e-01 4.342102e+00 2.934235e-01 2.233267e-01 9.295310e-01 -6.761602e+01
4.544875e-01 6.733271e-02 8.882046e-01 1.134522e+02 -1.178972e-01 9.929134e-01 -1.494332e-02 4.357603e+00 -8.829164e-01 -9.792532e-02 4.592050e-01 -6.805367e+01
8.798862e-01 -3.047158e-01 -3.646212e-01 1.148247e+02 3.138563e-01 9.488052e-01 -3.553842e-02 4.375873e+00 3.567836e-01 -8.316890e-02 9.304775e-01 -6.853597e+01
6.669041e-01 2.320268e-01 7.080978e-01 1.163329e+02 -7.254902e-02 9.659876e-01 -2.482026e-01 4.408441e+00 -7.416033e-01 1.141556e-01 6.610545e-01 -6.926457e+01
7.924552e-01 -2.389212e-01 -5.611875e-01 1.178728e+02 3.568143e-01 9.278121e-01 1.088501e-01 4.451468e+00 4.946699e-01 -2.864985e-01 8.205000e-01 -7.014639e+01
8.460566e-01 2.911208e-01 4.465836e-01 1.192106e+02 -1.503284e-01 9.340129e-01 -3.240698e-01 4.494337e+00 -5.114583e-01 2.070471e-01 8.339915e-01 -7.098489e+01
8.124669e-01 -2.986145e-01 -5.007264e-01 1.203909e+02 4.278887e-01 8.887827e-01 1.642455e-01 4.531873e+00 3.959909e-01 -3.476992e-01 8.498803e-01 -7.172844e+01
6.777907e-01 3.112820e-01 6.661106e-01 1.218421e+02 5.029037e-02 8.842098e-01 -4.643747e-01 4.566833e+00 -7.335330e-01 3.482478e-01 5.836547e-01 -7.246188e+01
9.520660e-01 -1.861289e-01 -2.427473e-01 1.235107e+02 2.758109e-01 8.655186e-01 4.180980e-01 4.607476e+00 1.322822e-01 -4.650093e-01 8.753672e-01 -7.334420e+01
8.475141e-01 1.548641e-01 5.076781e-01 1.249875e+02 1.795252e-01 8.164765e-01 -5.487593e-01 4.646644e+00 -4.994903e-01 5.562223e-01 6.641733e-01 -7.418451e+01
9.876626e-01 -1.937627e-02 -1.553938e-01 1.262458e+02 9.783650e-02 8.511628e-01 5.157034e-01 4.684437e+00 1.222730e-01 -5.245441e-01 8.425573e-01 -7.498046e+01
5.218585e-01 -6.559320e-02 8.505065e-01 1.273280e+02 6.151243e-01 7.197126e-01 -3.219253e-01 4.697825e+00 -5.910041e-01 6.911667e-01 4.159361e-01 -7.531748e+01
9.018859e-01 4.309276e-01 -3.005369e-02 1.287589e+02 -3.737871e-01 8.133841e-01 4.457459e-01 4.713392e+00 2.165294e-01 -3.907783e-01 8.946549e-01 -7.573070e+01
6.041148e-01 -4.738977e-01 6.406765e-01 1.302026e+02 7.069656e-01 6.897290e-01 -1.564399e-01 4.743306e+00 -3.677566e-01 5.474439e-01 7.517049e-01 -7.641266e+01
8.371883e-01 5.415426e-01 7.646836e-02 1.316826e+02 -5.469100e-01 8.295438e-01 1.129008e-01 4.772131e+00 -2.293277e-03 -1.363405e-01 9.906594e-01 -7.709031e+01
2.028233e-01 -6.558802e-01 7.271065e-01 1.331122e+02 5.598677e-01 6.868730e-01 4.634151e-01 4.781576e+00 -8.033747e-01 3.130921e-01 5.065200e-01 -7.743229e+01
9.318873e-01 3.389055e-01 -1.293413e-01 1.345797e+02 -3.604528e-01 8.250819e-01 -4.351018e-01 4.790851e+00 -4.074125e-02 4.520873e-01 8.910428e-01 -7.779488e+01
5.932581e-01 -4.955848e-01 6.343820e-01 1.359794e+02 1.283575e-01 8.361924e-01 5.332041e-01 4.817477e+00 -7.947132e-01 -2.349000e-01 5.596900e-01 -7.844724e+01
9.417477e-01 -7.583527e-02 -3.276588e-01 1.371952e+02 -1.108665e-01 8.497905e-01 -5.153297e-01 4.846461e+00 3.175215e-01 5.216370e-01 7.918806e-01 -7.911457e+01
5.018512e-01 -1.825470e-01 8.454715e-01 1.386641e+02 -2.494072e-01 9.054180e-01 3.435321e-01 4.864776e+00 -8.282158e-01 -3.832686e-01 4.088566e-01 -7.960703e+01
8.738094e-01 -4.361982e-01 -2.149145e-01 1.400804e+02 3.291631e-01 8.559044e-01 -3.988475e-01 4.880118e+00 3.579229e-01 2.777748e-01 8.914776e-01 -8.004624e+01
3.767846e-01 2.623925e-01 8.883600e-01 1.413603e+02 -3.376208e-01 9.319699e-01 -1.320767e-01 4.890744e+00 -8.625808e-01 -2.501643e-01 4.397411e-01 -8.039647e+01
8.193150e-01 -5.710871e-01 -5.081789e-02 1.424380e+02 5.708239e-01 8.042032e-01 1.655817e-01 4.895145e+00 -5.369363e-02 -1.646716e-01 9.848859e-01 -8.062964e+01
5.886252e-01 4.149438e-01 6.937882e-01 1.436688e+02 4.543992e-02 8.398779e-01 -5.408700e-01 4.901513e+00 -8.071280e-01 3.498954e-01 4.755183e-01 -8.089829e+01
9.785674e-01 -1.913883e-01 7.600247e-02 1.451608e+02 1.155847e-01 8.159359e-01 5.664704e-01 4.911363e+00 -1.704289e-01 -5.455447e-01 8.205699e-01 -8.125612e+01
7.000407e-01 -6.016562e-02 7.115639e-01 1.466729e+02 5.201845e-01 7.256329e-01 -4.504053e-01 4.925559e+00 -4.892353e-01 6.854466e-01 5.392698e-01 -8.170787e+01
9.297005e-01 3.261149e-01 1.711903e-01 1.480260e+02 -3.682517e-01 8.317473e-01 4.154360e-01 4.945480e+00 -6.907244e-03 -4.492722e-01 8.933682e-01 -8.223247e+01
1.480854e-01 -4.940127e-01 8.567509e-01 1.493400e+02 7.378583e-01 6.320179e-01 2.368936e-01 4.950985e+00 -6.585104e-01 5.970802e-01 4.581040e-01 -8.251380e+01
8.435540e-01 4.882474e-01 2.236765e-01 1.510129e+02 -3.763133e-01 8.345270e-01 -4.024339e-01 4.946961e+00 -3.831514e-01 2.553023e-01 8.877025e-01 -8.267424e+01
3.381850e-01 -5.779380e-01 7.427103e-01 1.526815e+02 5.459565e-02 7.999304e-01 5.976042e-01 4.948734e+00 -9.394947e-01 -1.615520e-01 3.020773e-01 -8.294116e+01
9.709905e-01 -2.316848e-01 5.915786e-02 1.541389e+02 2.260634e-01 8.088141e-01 -5.428766e-01 4.953172e+00 7.792855e-02 5.405015e-01 8.377263e-01 -8.321814e+01
2.877151e-01 9.391197e-02 9.531005e-01 1.555063e+02 -3.389427e-01 9.407578e-01 9.621780e-03 4.960000e+00 -8.957331e-01 -3.258148e-01 3.025010e-01 -8.353281e+01
7.498913e-01 -6.225323e-01 2.238673e-01 1.566296e+02 5.946485e-01 7.825776e-01 1.842971e-01 4.952917e+00 -2.899244e-01 -5.080457e-03 9.570361e-01 -8.359300e+01
3.234599e-01 3.893824e-01 8.624123e-01 1.574768e+02 3.731222e-01 7.850734e-01 -4.944083e-01 4.935647e+00 -8.695709e-01 4.817065e-01 1.086525e-01 -8.342589e+01
9.689506e-01 5.004196e-02 2.421373e-01 1.588025e+02 -1.757395e-01 8.282581e-01 5.320753e-01 4.936673e+00 -1.739261e-01 -5.581077e-01 8.113356e-01 -8.363429e+01
4.432678e-01 -3.596846e-01 8.210607e-01 1.605285e+02 7.429546e-01 6.599023e-01 -1.120150e-01 4.948326e+00 -5.015298e-01 6.596635e-01 5.597428e-01 -8.405221e+01
8.168840e-01 5.765134e-01 1.824252e-02 1.624159e+02 -5.716685e-01 8.049987e-01 1.586577e-01 4.971740e+00 7.678309e-02 -1.400336e-01 9.871651e-01 -8.467307e+01
3.052163e-01 -6.728151e-01 6.739161e-01 1.639246e+02 6.721928e-01 6.534965e-01 3.479930e-01 4.995163e+00 -6.745367e-01 3.467884e-01 6.517192e-01 -8.526315e+01
8.960967e-01 4.325523e-01 -9.954511e-02 1.649219e+02 -4.360269e-01 8.159161e-01 -3.796860e-01 5.013222e+00 -8.301360e-02 3.836397e-01 9.197442e-01 -8.572227e+01
1.474000e-01 -5.721495e-01 8.067950e-01 1.659464e+02 3.334583e-02 8.181160e-01 5.740857e-01 5.025326e+00 -9.885147e-01 -5.771698e-02 1.396691e-01 -8.608953e+01
9.171733e-01 -2.505167e-01 -3.098944e-01 1.671417e+02 5.804618e-02 8.533701e-01 -5.180639e-01 5.042107e+00 3.942382e-01 4.571662e-01 7.972298e-01 -8.655181e+01
3.477444e-01 -3.746968e-02 9.368404e-01 1.687111e+02 -3.043852e-01 9.405681e-01 1.506031e-01 5.060580e+00 -8.868052e-01 -3.375318e-01 3.156721e-01 -8.704340e+01
7.363130e-01 -4.581733e-01 -4.979161e-01 1.703959e+02 3.485493e-01 8.875504e-01 -3.012766e-01 5.085064e+00 5.799625e-01 4.828558e-02 8.132109e-01 -8.764968e+01
-8.274208e-02 3.240390e-01 9.424184e-01 1.716338e+02 -6.266102e-02 9.420983e-01 -3.294305e-01 5.081282e+00 -9.945991e-01 -8.631066e-02 -5.764656e-02 -8.772204e+01
8.195058e-01 -2.145424e-01 -5.313961e-01 1.728267e+02 4.277135e-01 8.461317e-01 3.179974e-01 5.074676e+00 3.814072e-01 -4.878860e-01 7.851725e-01 -8.770579e+01
3.775699e-02 3.664155e-01 9.296850e-01 1.742363e+02 5.325811e-01 7.798260e-01 -3.289813e-01 5.067115e+00 -8.455364e-01 5.075540e-01 -1.657021e-01 -8.772696e+01
9.345171e-01 3.264467e-01 -1.418107e-01 1.758034e+02 -1.939025e-01 8.010797e-01 5.662801e-01 5.061584e+00 2.984620e-01 -5.017010e-01 8.119215e-01 -8.777991e+01
3.996942e-01 -2.909040e-01 8.692637e-01 1.774022e+02 7.318413e-01 6.722882e-01 -1.115213e-01 5.075976e+00 -5.519537e-01 6.807375e-01 4.816052e-01 -8.820085e+01
8.284235e-01 5.278809e-01 1.872331e-01 1.785362e+02 -5.427334e-01 8.391564e-01 3.545547e-02 5.078129e+00 -1.384016e-01 -1.309898e-01 9.816754e-01 -8.838649e+01
2.601913e-01 -6.787770e-01 6.867039e-01 1.798645e+02 5.114452e-01 7.001202e-01 4.982524e-01 5.081196e+00 -8.189776e-01 2.215705e-01 5.293224e-01 -8.861815e+01
8.993094e-01 3.343053e-01 -2.819265e-01 1.815346e+02 -4.247558e-01 8.211189e-01 -3.812430e-01 5.095849e+00 1.040436e-01 4.626053e-01 8.804381e-01 -8.906690e+01
5.439201e-01 -5.197298e-01 6.588109e-01 1.831299e+02 1.162887e-01 8.242156e-01 5.542071e-01 5.117638e+00 -8.310402e-01 -2.248321e-01 5.087461e-01 -8.962962e+01
9.833798e-01 -1.167952e-01 -1.390077e-01 1.843806e+02 2.224199e-02 8.373557e-01 -5.462057e-01 5.137131e+00 1.801931e-01 5.340358e-01 8.260364e-01 -9.014587e+01
2.184600e-01 -8.004394e-02 9.725575e-01 1.855216e+02 -2.822344e-01 9.488543e-01 1.414898e-01 5.146123e+00 -9.341408e-01 -3.053991e-01 1.846956e-01 -9.048061e+01
8.229090e-01 -4.777568e-01 -3.075211e-01 1.869866e+02 4.380908e-01 8.781834e-01 -1.920169e-01 5.155775e+00 3.617973e-01 2.329027e-02 9.319658e-01 -9.083436e+01
2.476902e-01 3.781779e-01 8.919815e-01 1.884762e+02 -7.454005e-02 9.253799e-01 -3.716393e-01 5.169510e+00 -9.659676e-01 2.556305e-02 2.573969e-01 -9.126786e+01
8.525309e-01 -2.870193e-01 -4.368192e-01 1.898147e+02 4.401476e-01 8.449591e-01 3.038326e-01 5.188122e+00 2.818886e-01 -4.512916e-01 8.466846e-01 -9.176944e+01
5.142335e-01 3.382364e-01 7.881371e-01 1.911191e+02 2.924399e-01 7.947271e-01 -5.318720e-01 5.208513e+00 -8.062523e-01 5.039891e-01 3.097615e-01 -9.229023e+01
9.636101e-01 8.489398e-02 -2.534730e-01 1.925231e+02 8.580617e-02 7.998163e-01 5.940801e-01 5.227651e+00 2.531657e-01 -5.942112e-01 7.634266e-01 -9.279226e+01
4.902834e-01 -2.913959e-02 8.710758e-01 1.938801e+02 6.578934e-01 6.679121e-01 -3.479508e-01 5.243373e+00 -5.716629e-01 7.436695e-01 3.466369e-01 -9.322746e+01
8.684906e-01 4.797369e-01 -1.248061e-01 1.952194e+02 -3.444379e-01 7.650915e-01 5.440566e-01 5.261527e+00 3.564921e-01 -4.295201e-01 8.297143e-01 -9.369174e+01
-9.475461e-02 -3.564217e-01 9.295080e-01 1.962761e+02 7.986342e-01 5.302048e-01 2.847214e-01 5.275879e+00 -5.943104e-01 7.693156e-01 2.344113e-01 -9.411450e+01
8.316278e-01 5.498144e-01 -7.809866e-02 1.970817e+02 -5.531085e-01 8.074877e-01 -2.050233e-01 5.278711e+00 -4.966105e-02 2.137001e-01 9.756362e-01 -9.425930e+01
-3.885786e-02 -6.556290e-01 7.540827e-01 1.979975e+02 7.758617e-02 7.503948e-01 6.564206e-01 5.265782e+00 -9.962281e-01 8.401349e-02 2.170901e-02 -9.408813e+01
9.145328e-01 -1.104663e-01 -3.891362e-01 1.994384e+02 -1.252999e-01 8.373152e-01 -5.321684e-01 5.263956e+00 3.846163e-01 5.354442e-01 7.519108e-01 -9.422862e+01
-5.235211e-02 -1.682144e-01 9.843593e-01 2.007353e+02 -3.106859e-01 9.395367e-01 1.440313e-01 5.266347e+00 -9.490698e-01 -2.982862e-01 -1.014486e-01 -9.443510e+01
8.002820e-01 -5.960414e-01 -6.544740e-02 2.016503e+02 5.950360e-01 8.028903e-01 -3.604781e-02 5.255978e+00 7.403307e-02 -1.009515e-02 9.972047e-01 -9.436405e+01
-4.298701e-02 5.199178e-01 8.531340e-01 2.024035e+02 4.193485e-01 7.844497e-01 -4.569304e-01 5.243065e+00 -9.068070e-01 3.381184e-01 -2.517479e-01 -9.425579e+01
9.942675e-01 1.006732e-01 -3.601549e-02 2.032472e+02 -5.663348e-02 7.815697e-01 6.212419e-01 5.236919e+00 9.069105e-02 -6.156409e-01 7.827908e-01 -9.427810e+01
2.461697e-01 -1.800998e-01 9.523469e-01 2.044579e+02 8.037986e-01 5.869785e-01 -9.676744e-02 5.243038e+00 -5.415794e-01 7.893163e-01 2.892603e-01 -9.455900e+01
8.217317e-01 5.239475e-01 2.241339e-01 2.053589e+02 -5.348199e-01 8.448472e-01 -1.417489e-02 5.254074e+00 -1.967858e-01 -1.082233e-01 9.744553e-01 -9.489059e+01
1.216900e-01 -6.930074e-01 7.105859e-01 2.065638e+02 4.870817e-01 6.654722e-01 5.655954e-01 5.267304e+00 -8.648370e-01 2.772860e-01 4.185325e-01 -9.529858e+01
8.740830e-01 2.776222e-01 -3.986286e-01 2.080114e+02 -4.378239e-01 8.057321e-01 -3.988809e-01 5.285399e+00 2.104496e-01 5.231842e-01 8.258264e-01 -9.579229e+01
4.533063e-01 -5.237991e-01 7.212128e-01 2.094001e+02 6.609572e-02 8.266450e-01 5.588285e-01 5.313629e+00 -8.889009e-01 -2.056514e-01 4.093443e-01 -9.645132e+01
9.395687e-01 -1.760183e-01 -2.936463e-01 2.108328e+02 -2.713556e-03 8.538556e-01 -5.205030e-01 5.337669e+00 3.423496e-01 4.898451e-01 8.017784e-01 -9.703418e+01
4.624905e-01 -7.973582e-02 8.830315e-01 2.123371e+02 -2.870903e-01 9.288235e-01 2.342352e-01 5.358030e+00 -8.388573e-01 -3.618414e-01 4.066807e-01 -9.756471e+01
8.579845e-01 -5.018005e-01 -1.098127e-01 2.135872e+02 4.659779e-01 8.502850e-01 -2.447038e-01 5.366870e+00 2.161646e-01 1.587818e-01 9.633593e-01 -9.788250e+01
5.674514e-01 3.550310e-01 7.429347e-01 2.149532e+02 -2.908607e-01 9.305295e-01 -2.225195e-01 5.382714e+00 -7.703240e-01 -8.982149e-02 6.312948e-01 -9.832565e+01
8.719363e-01 -4.840686e-01 -7.351640e-02 2.163597e+02 4.869218e-01 8.415621e-01 2.338384e-01 5.393936e+00 -5.132522e-02 -2.396889e-01 9.694921e-01 -9.867763e+01
5.295613e-01 3.257395e-01 7.832360e-01 2.174719e+02 2.296689e-01 8.337872e-01 -5.020469e-01 5.395609e+00 -8.165886e-01 4.457495e-01 3.667292e-01 -9.882537e+01
9.473397e-01 1.952143e-02 -3.196348e-01 2.186276e+02 1.603432e-01 8.350878e-01 5.262304e-01 5.420127e+00 2.771959e-01 -5.497703e-01 7.879817e-01 -9.939944e+01
6.973580e-01 4.907985e-02 7.150405e-01 2.197986e+02 4.496470e-01 7.469382e-01 -4.897968e-01 5.444367e+00 -5.581303e-01 6.630795e-01 4.988148e-01 -9.996735e+01
9.328363e-01 2.885230e-01 -2.158029e-01 2.210244e+02 -1.148493e-01 8.058225e-01 5.809129e-01 5.475321e+00 3.415056e-01 -5.171118e-01 7.848371e-01 -1.006667e+02
7.028169e-01 -2.078463e-01 6.803296e-01 2.223727e+02 5.954624e-01 6.951210e-01 -4.027794e-01 5.507125e+00 -3.891952e-01 6.881909e-01 6.123075e-01 -1.013546e+02
8.479981e-01 5.291872e-01 -2.932727e-02 2.236523e+02 -4.445100e-01 7.402608e-01 5.044054e-01 5.517865e+00 2.886347e-01 -4.146986e-01 8.629688e-01 -1.016561e+02
4.652011e-01 -5.104008e-01 7.232420e-01 2.247910e+02 7.517493e-01 6.591940e-01 -1.833609e-02 5.519896e+00 -4.673980e-01 5.522266e-01 6.903512e-01 -1.018160e+02
7.306770e-01 6.703725e-01 -1.292739e-01 2.261116e+02 -6.501934e-01 7.410255e-01 1.677194e-01 5.529226e+00 2.082297e-01 -3.849562e-02 9.773221e-01 -1.021089e+02
4.314456e-01 -7.102843e-01 5.561933e-01 2.276441e+02 6.983513e-01 6.532535e-01 2.925155e-01 5.549269e+00 -5.711044e-01 2.622138e-01 7.778713e-01 -1.025773e+02
6.686098e-01 6.031473e-01 -4.349417e-01 2.292597e+02 -6.680692e-01 7.440832e-01 4.860750e-03 5.583348e+00 3.265646e-01 2.873212e-01 9.004455e-01 -1.032735e+02
3.528753e-01 -7.047457e-01 6.154775e-01 2.306599e+02 4.903900e-01 6.995112e-01 5.198094e-01 5.605262e+00 -7.968668e-01 1.183961e-01 5.924404e-01 -1.037973e+02
8.789153e-01 3.249412e-01 -3.491720e-01 2.320962e+02 -4.503006e-01 8.066623e-01 -3.827863e-01 5.622293e+00 1.572809e-01 4.936691e-01 8.553090e-01 -1.042523e+02
5.286742e-01 -5.474076e-01 6.487284e-01 2.337421e+02 1.108229e-01 8.022382e-01 5.866278e-01 5.644322e+00 -8.415592e-01 -2.382410e-01 4.847880e-01 -1.047939e+02
9.279367e-01 -4.421592e-02 -3.701060e-01 2.352280e+02 -1.657931e-01 8.403453e-01 -5.160741e-01 5.662249e+00 3.338355e-01 5.402451e-01 7.724565e-01 -1.052634e+02
4.625424e-01 -2.661128e-01 8.457177e-01 2.365246e+02 -1.979695e-01 8.988076e-01 3.910920e-01 5.679285e+00 -8.642121e-01 -3.483230e-01 3.630545e-01 -1.057022e+02
8.671035e-01 -3.764206e-01 -3.262499e-01 2.377873e+02 2.173793e-01 8.752410e-01 -4.320872e-01 5.693342e+00 4.481939e-01 3.037444e-01 8.407506e-01 -1.060826e+02
1.730202e-01 1.469758e-01 9.738902e-01 2.388608e+02 -2.415468e-01 9.649380e-01 -1.027119e-01 5.698408e+00 -9.548399e-01 -2.174688e-01 2.024553e-01 -1.062868e+02
