9.999438e-01 6.480997e-04 -1.057758e-02 2.052486e-01 -6.347669e-04 9.999990e-01 1.263787e-03 -2.029083e-02 1.057839e-02 -1.257003e-03 9.999433e-01 4.150427e-01
9.999974e-01 -6.413584e-04 -2.172547e-03 4.882900e-01 6.401972e-04 9.999997e-01 -5.351328e-04 -2.954530e-02 2.172890e-03 5.337412e-04 9.999975e-01 3.750635e-01
9.999614e-01 4.921980e-04 -8.768063e-03 7.440378e-01 -4.831737e-04 9.999994e-01 1.031317e-03 -4.017728e-02 8.768564e-03 -1.027041e-03 9.999610e-01 3.723695e-01
9.998605e-01 1.500665e-03 1.663798e-02 7.446874e-01 -1.506580e-03 9.999988e-01 3.429710e-04 -7.627518e-02 -1.663745e-02 -3.679889e-04 9.998615e-01 2.517530e+00
9.999579e-01 9.985033e-04 -9.120457e-03 8.156447e-01 -9.827488e-04 9.999980e-01 1.731700e-03 -1.220780e-01 9.122168e-03 -1.722664e-03 9.999569e-01 4.835528e+00
9.999990e-01 -2.234626e-04 -1.413555e-03 1.193114e+00 2.226965e-04 9.999998e-01 -5.421647e-04 -1.539212e-01 1.413676e-03 5.418501e-04 9.999989e-01 5.356330e+00
9.999462e-01 5.395561e-04 -1.035725e-02 1.481339e+00 -5.229205e-04 9.999986e-01 1.608821e-03 -1.691929e-01 1.035811e-02 -1.603319e-03 9.999451e-01 5.493644e+00
9.999988e-01 -4.648852e-04 1.478319e-03 1.579964e+00 4.664844e-04 9.999993e-01 -1.081596e-03 -1.722594e-01 -1.477815e-03 1.082285e-03 9.999983e-01 5.449227e+00
9.999582e-01 9.466141e-04 -9.096399e-03 1.629445e+00 -9.274072e-04 9.999973e-01 2.115479e-03 -1.839795e-01 9.098377e-03 -2.106955e-03 9.999564e-01 5.917957e+00
9.999546e-01 1.125059e-04 9.525452e-03 1.621826e+00 -1.034618e-04 9.999995e-01 -9.499478e-04 -2.078758e-01 -9.525555e-03 9.489199e-04 9.999542e-01 7.300347e+00
9.999177e-01 8.344138e-04 -1.280272e-02 1.724022e+00 -8.040661e-04 9.999969e-01 2.375375e-03 -2.349939e-01 1.280466e-02 -2.364886e-03 9.999152e-01 8.326617e+00
9.999982e-01 -9.244659e-04 1.645961e-03 2.006368e+00 9.272987e-04 9.999981e-01 -1.721129e-03 -2.449290e-01 -1.644367e-03 1.722653e-03 9.999972e-01 8.294589e+00
9.999478e-01 5.871780e-04 -1.019916e-02 2.239280e+00 -5.669460e-04 9.999979e-01 1.986470e-03 -2.514002e-01 1.020031e-02 -1.980584e-03 9.999460e-01 8.085844e+00
9.999994e-01 -6.162832e-04 -8.777600e-04 2.499382e+00 6.148364e-04 9.999985e-01 -1.647757e-03 -2.555618e-01 8.787745e-04 1.647217e-03 9.999983e-01 7.865068e+00
9.999582e-01 5.761952e-04 -9.121129e-03 2.766763e+00 -5.591416e-04 9.999981e-01 1.872118e-03 -2.595096e-01 9.122190e-03 -1.866941e-03 9.999566e-01 7.677710e+00
9.999984e-01 -4.477880e-04 -1.760149e-03 3.211006e+00 4.451329e-04 9.999988e-01 -1.508584e-03 -2.684875e-01 1.760822e-03 1.507799e-03 9.999973e-01 7.477925e+00
9.999551e-01 5.904567e-04 -9.457389e-03 3.570731e+00 -5.715632e-04 9.999978e-01 2.000334e-03 -2.748105e-01 9.458550e-03 -1.994840e-03 9.999533e-01 7.215315e+00
9.999997e-01 -6.264016e-04 -3.633376e-04 3.707862e+00 6.257628e-04 9.999983e-01 -1.755830e-03 -2.751819e-01 3.644371e-04 1.755603e-03 9.999984e-01 7.005249e+00
9.999557e-01 7.279434e-04 -9.385621e-03 3.768868e+00 -7.056748e-04 9.999969e-01 2.375731e-03 -2.776878e-01 9.387321e-03 -2.369003e-03 9.999531e-01 7.011065e+00
9.999991e-01 -7.401574e-04 -1.089500e-03 4.034865e+00 7.375141e-04 9.999968e-01 -2.424631e-03 -2.808892e-01 1.091291e-03 2.423826e-03 9.999965e-01 6.770599e+00
9.999672e-01 3.457720e-04 -8.090819e-03 4.268808e+00 -3.261512e-04 9.999970e-01 2.426278e-03 -2.808414e-01 8.091634e-03 -2.423560e-03 9.999643e-01 6.356801e+00
9.999997e-01 -5.949453e-04 5.690312e-04 4.386346e+00 5.963000e-04 9.999970e-01 -2.383504e-03 -2.773971e-01 -5.676110e-04 2.383844e-03 9.999970e-01 5.894244e+00
9.999582e-01 3.034971e-04 -9.139151e-03 4.545831e+00 -2.820463e-04 9.999972e-01 2.348346e-03 -2.760969e-01 9.139838e-03 -2.345671e-03 9.999555e-01 5.504466e+00
9.999996e-01 -2.447124e-04 -8.916922e-04 4.768833e+00 2.427706e-04 9.999976e-01 -2.177263e-03 -2.777211e-01 8.922232e-04 2.177047e-03 9.999972e-01 5.273442e+00
9.999745e-01 3.370420e-04 -7.137582e-03 4.663767e+00 -3.165687e-04 9.999958e-01 2.869326e-03 -2.683798e-01 7.138519e-03 -2.866994e-03 9.999704e-01 5.345872e+00
9.999999e-01 -2.377781e-04 2.721923e-04 4.526909e+00 2.383592e-04 9.999977e-01 -2.136522e-03 -2.541433e-01 -2.716833e-04 2.136587e-03 9.999977e-01 5.432342e+00
9.999641e-01 -1.029389e-04 -8.476743e-03 4.670063e+00 1.188483e-04 9.999982e-01 1.876359e-03 -2.507185e-01 8.476535e-03 -1.877299e-03 9.999623e-01 4.972067e+00
9.999994e-01 -2.210150e-04 1.078234e-03 4.864917e+00 2.231375e-04 9.999980e-01 -1.968621e-03 -2.484520e-01 -1.077796e-03 1.968862e-03 9.999975e-01 4.470977e+00
9.999356e-01 2.937500e-04 -1.134603e-02 5.123864e+00 -2.683994e-04 9.999975e-01 2.235782e-03 -2.526350e-01 1.134666e-02 -2.232594e-03 9.999331e-01 4.293767e+00
9.999970e-01 1.349156e-05 2.453645e-03 5.193228e+00 -9.420923e-06 9.999986e-01 -1.658976e-03 -2.462185e-01 -2.453664e-03 1.658948e-03 9.999956e-01 4.235902e+00
9.999569e-01 3.851643e-04 -9.274996e-03 5.020385e+00 -3.617477e-04 9.999967e-01 2.526260e-03 -2.276004e-01 9.275939e-03 -2.522796e-03 9.999538e-01 4.215391e+00
9.999947e-01 -3.262398e-04 3.229676e-03 4.763827e+00 3.316629e-04 9.999985e-01 -1.678692e-03 -2.101228e-01 -3.229123e-03 1.679755e-03 9.999934e-01 4.416784e+00
9.999615e-01 2.029646e-04 -8.776686e-03 4.564632e+00 -1.867053e-04 9.999983e-01 1.853357e-03 -1.931110e-01 8.777046e-03 -1.851648e-03 9.999598e-01 3.940921e+00
9.999881e-01 -7.509670e-04 4.826019e-03 4.531630e+00 7.623005e-04 9.999970e-01 -2.346973e-03 -1.764677e-01 -4.824242e-03 2.350625e-03 9.999856e-01 2.971101e+00
9.999358e-01 4.708012e-04 -1.132151e-02 4.528104e+00 -4.440201e-04 9.999971e-01 2.367915e-03 -1.664356e-01 1.132259e-02 -2.362736e-03 9.999331e-01 2.338963e+00
9.999946e-01 -5.345427e-04 3.236492e-03 4.524384e+00 5.412288e-04 9.999977e-01 -2.065279e-03 -1.599834e-01 -3.235380e-03 2.067020e-03 9.999926e-01 1.924086e+00
9.999475e-01 5.144606e-04 -1.023833e-02 4.376616e+00 -4.909426e-04 9.999972e-01 2.299443e-03 -1.491077e-01 1.023948e-02 -2.294297e-03 9.999449e-01 1.529046e+00
9.999929e-01 -9.071180e-04 3.647807e-03 4.438025e+00 9.164659e-04 9.999963e-01 -2.561705e-03 -1.426409e-01 -3.645469e-03 2.565031e-03 9.999901e-01 9.685146e-01
9.999507e-01 6.162720e-04 -9.914173e-03 4.483066e+00 -5.923275e-04 9.999969e-01 2.417946e-03 -1.327638e-01 9.915632e-03 -2.411955e-03 9.999479e-01 3.076938e-01
9.999687e-01 -1.187021e-03 7.826687e-03 4.408265e+00 1.214229e-03 9.999932e-01 -3.472515e-03 -1.140857e-01 -7.822512e-03 3.481910e-03 9.999633e-01 -7.983872e-01
9.999549e-01 4.982621e-04 -9.480584e-03 4.392658e+00 -4.742323e-04 9.999967e-01 2.536727e-03 -9.394973e-02 9.481816e-03 -2.532117e-03 9.999518e-01 -2.008915e+00
9.999689e-01 -1.158365e-03 7.802825e-03 4.303841e+00 1.185287e-03 9.999934e-01 -3.446494e-03 -7.105525e-02 -7.798780e-03 3.455636e-03 9.999636e-01 -3.252572e+00
9.999327e-01 5.697230e-04 -1.158636e-02 4.278238e+00 -5.348707e-04 9.999953e-01 3.010933e-03 -5.388281e-02 1.158802e-02 -3.004534e-03 9.999283e-01 -4.267271e+00
9.999835e-01 -9.658053e-04 5.658916e-03 4.312720e+00 9.836382e-04 9.999946e-01 -3.149340e-03 -4.321252e-02 -5.655843e-03 3.154855e-03 9.999790e-01 -4.999713e+00
9.999054e-01 1.126157e-03 -1.370908e-02 4.283133e+00 -1.081386e-03 9.999941e-01 3.272752e-03 -3.733464e-02 1.371268e-02 -3.257618e-03 9.999007e-01 -5.307571e+00
9.999802e-01 -7.430214e-04 6.242662e-03 4.126342e+00 7.594428e-04 9.999963e-01 -2.628524e-03 -2.719622e-02 -6.240685e-03 2.633213e-03 9.999771e-01 -5.546627e+00
9.999466e-01 1.745690e-03 -1.018600e-02 3.811825e+00 -1.710994e-03 9.999927e-01 3.413946e-03 -2.232459e-02 1.019188e-02 -3.396336e-03 9.999423e-01 -5.076674e+00
9.999657e-01 -1.171627e-03 8.196264e-03 3.566447e+00 1.192308e-03 9.999961e-01 -2.518866e-03 -1.610350e-02 -8.193280e-03 2.528553e-03 9.999632e-01 -4.618286e+00
9.998652e-01 1.047831e-03 -1.638246e-02 3.587061e+00 -1.003222e-03 9.999958e-01 2.730961e-03 -8.927742e-03 1.638525e-02 -2.714158e-03 9.998621e-01 -5.097481e+00
9.999440e-01 -1.059688e-03 1.053133e-02 3.414182e+00 1.085370e-03 9.999965e-01 -2.433228e-03 6.866131e-03 -1.052871e-02 2.444523e-03 9.999416e-01 -5.621297e+00
9.998992e-01 9.523226e-04 -1.416419e-02 3.142633e+00 -9.166292e-04 9.999964e-01 2.526267e-03 3.146259e-02 1.416654e-02 -2.513029e-03 9.998965e-01 -6.409773e+00
9.999506e-01 -1.163658e-03 9.866915e-03 2.931162e+00 1.187119e-03 9.999965e-01 -2.372244e-03 5.178465e-02 -9.864119e-03 2.383841e-03 9.999485e-01 -7.182599e+00
9.998657e-01 1.101853e-03 -1.635092e-02 2.822799e+00 -1.059464e-03 9.999961e-01 2.600903e-03 6.339508e-02 1.635372e-02 -2.583231e-03 9.998629e-01 -7.695437e+00
9.999502e-01 -1.060925e-03 9.919538e-03 2.637780e+00 1.082738e-03 9.999970e-01 -2.193798e-03 7.783975e-02 -9.917181e-03 2.204430e-03 9.999484e-01 -8.162090e+00
9.998333e-01 8.925553e-04 -1.823437e-02 2.676071e+00 -8.495596e-04 9.999968e-01 2.365562e-03 8.339684e-02 1.823643e-02 -2.349678e-03 9.998309e-01 -8.605089e+00
9.999352e-01 -1.095521e-03 1.132978e-02 2.685232e+00 1.123044e-03 9.999964e-01 -2.423141e-03 9.172994e-02 -1.132708e-02 2.435708e-03 9.999329e-01 -9.165556e+00
9.998644e-01 1.050522e-03 -1.643234e-02 2.458326e+00 -1.009293e-03 9.999963e-01 2.517158e-03 1.094247e-01 1.643492e-02 -2.500232e-03 9.998618e-01 -9.843372e+00
9.999443e-01 -8.164214e-04 1.051948e-02 2.084849e+00 8.365965e-04 9.999978e-01 -1.913608e-03 1.296639e-01 -1.051789e-02 1.922303e-03 9.999428e-01 -1.019553e+01
9.998544e-01 1.335999e-03 -1.701272e-02 2.010882e+00 -1.292163e-03 9.999958e-01 2.587410e-03 1.249291e-01 1.701611e-02 -2.565051e-03 9.998519e-01 -9.795543e+00
9.999138e-01 1.099303e-04 1.312609e-02 2.033469e+00 -9.166303e-05 9.999990e-01 -1.392259e-03 1.060532e-01 -1.312623e-02 1.390936e-03 9.999129e-01 -8.828979e+00
9.997882e-01 5.060433e-04 -2.057417e-02 1.948036e+00 -4.589272e-04 9.999973e-01 2.294728e-03 1.065445e-01 2.057527e-02 -2.284800e-03 9.997857e-01 -8.477558e+00
9.999086e-01 -4.594146e-04 1.351102e-02 1.829854e+00 4.852691e-04 9.999981e-01 -1.910357e-03 1.173508e-01 -1.351012e-02 1.916739e-03 9.999069e-01 -8.847468e+00
9.997847e-01 6.876790e-04 -2.073701e-02 1.582976e+00 -6.335433e-04 9.999964e-01 2.617050e-03 1.322193e-01 2.073873e-02 -2.603350e-03 9.997815e-01 -9.095510e+00
9.999178e-01 -5.500380e-04 1.281104e-02 1.452921e+00 5.772686e-04 9.999976e-01 -2.121945e-03 1.400396e-01 -1.280984e-02 2.129167e-03 9.999157e-01 -9.018226e+00
9.998075e-01 1.092385e-03 -1.959183e-02 1.471125e+00 -1.032429e-03 9.999948e-01 3.070091e-03 1.288337e-01 1.959508e-02 -3.049274e-03 9.998033e-01 -8.454187e+00
9.998830e-01 1.748230e-04 1.529729e-02 1.516624e+00 -1.448599e-04 9.999981e-01 -1.959798e-03 1.079296e-01 -1.529761e-02 1.957353e-03 9.998811e-01 -7.466241e+00
9.997820e-01 5.760219e-04 -2.087294e-02 1.507238e+00 -5.164802e-04 9.999958e-01 2.857863e-03 9.697299e-02 2.087450e-02 -2.846460e-03 9.997781e-01 -6.847247e+00
9.998627e-01 -6.961527e-06 1.656974e-02 1.489445e+00 3.821017e-05 9.999982e-01 -1.885559e-03 8.409337e-02 -1.656970e-02 1.885934e-03 9.998609e-01 -6.073027e+00
9.997836e-01 1.110610e-03 -2.077138e-02 1.504681e+00 -1.048605e-03 9.999950e-01 2.995757e-03 6.714788e-02 2.077460e-02 -2.973329e-03 9.997798e-01 -5.319418e+00
9.999285e-01 -1.008622e-03 1.191310e-02 1.482420e+00 1.035749e-03 9.999969e-01 -2.271135e-03 6.753563e-02 -1.191078e-02 2.283313e-03 9.999265e-01 -5.213413e+00
9.997596e-01 1.124191e-03 -2.189479e-02 1.539125e+00 -1.056104e-03 9.999946e-01 3.121086e-03 6.925852e-02 2.189818e-02 -3.097213e-03 9.997554e-01 -5.314654e+00
9.999296e-01 -1.007071e-03 1.182000e-02 1.563184e+00 1.036302e-03 9.999964e-01 -2.467145e-03 6.976043e-02 -1.181748e-02 2.479221e-03 9.999271e-01 -5.246572e+00
9.997526e-01 8.513706e-04 -2.222638e-02 1.682465e+00 -7.918676e-04 9.999961e-01 2.685804e-03 6.712303e-02 2.222858e-02 -2.667540e-03 9.997494e-01 -5.419740e+00
9.999105e-01 -6.615919e-04 1.336348e-02 1.523361e+00 6.845644e-04 9.999983e-01 -1.714537e-03 7.690858e-02 -1.336232e-02 1.723532e-03 9.999092e-01 -5.592696e+00
9.997937e-01 8.183710e-04 -2.029526e-02 1.210791e+00 -7.720806e-04 9.999971e-01 2.288590e-03 9.496618e-02 2.029708e-02 -2.272449e-03 9.997914e-01 -5.851223e+00
9.998887e-01 -1.123673e-03 1.487744e-02 1.071160e+00 1.154294e-03 9.999972e-01 -2.049759e-03 1.132389e-01 -1.487510e-02 2.066704e-03 9.998872e-01 -6.488203e+00
9.997571e-01 1.517125e-03 -2.198802e-02 9.820865e-01 -1.459111e-03 9.999954e-01 2.654229e-03 1.209641e-01 2.199195e-02 -2.621502e-03 9.997547e-01 -6.442864e+00
9.998805e-01 -1.050570e-03 1.542113e-02 9.974622e-01 1.078038e-03 9.999978e-01 -1.772993e-03 1.119956e-01 -1.541924e-02 1.789406e-03 9.998795e-01 -5.953172e+00
9.998422e-01 1.839211e-03 -1.766897e-02 1.023616e+00 -1.793122e-03 9.999949e-01 2.623963e-03 9.556691e-02 1.767370e-02 -2.591867e-03 9.998404e-01 -4.930548e+00
9.998836e-01 -2.705916e-04 1.525257e-02 1.045157e+00 2.899055e-04 9.999992e-01 -1.264058e-03 7.597974e-02 -1.525221e-02 1.268334e-03 9.998829e-01 -3.893624e+00
9.997602e-01 5.709560e-04 -2.189219e-02 9.803187e-01 -5.285031e-04 9.999980e-01 1.944925e-03 7.520405e-02 2.189326e-02 -1.932889e-03 9.997584e-01 -3.544011e+00
9.999027e-01 -5.203530e-05 1.394645e-02 9.972847e-01 6.591226e-05 9.999995e-01 -9.945442e-04 6.761997e-02 -1.394639e-02 9.953674e-04 9.999022e-01 -3.186734e+00
9.997736e-01 3.593795e-04 -2.127297e-02 7.659398e-01 -3.213069e-04 9.999983e-01 1.793116e-03 8.312323e-02 2.127358e-02 -1.785876e-03 9.997721e-01 -3.187705e+00
9.998807e-01 -2.044954e-04 1.544199e-02 3.957563e-01 2.170407e-04 9.999996e-01 -8.107266e-04 1.042813e-01 -1.544182e-02 8.139821e-04 9.998804e-01 -3.130126e+00
9.997597e-01 4.625473e-04 -2.191469e-02 7.893946e-02 -4.275546e-04 9.999986e-01 1.601435e-03 1.213947e-01 2.191540e-02 -1.591681e-03 9.997586e-01 -3.210453e+00
9.998829e-01 -3.730020e-04 1.529946e-02 -1.988342e-01 3.893885e-04 9.999994e-01 -1.068069e-03 1.359461e-01 -1.529905e-02 1.073902e-03 9.998824e-01 -3.481799e+00
9.997652e-01 4.816298e-04 -2.166348e-02 -4.545894e-01 -4.445936e-04 9.999984e-01 1.714408e-03 1.519761e-01 2.166427e-02 -1.704374e-03 9.997638e-01 -3.670003e+00
9.998708e-01 -2.154478e-04 1.607142e-02 -8.375284e-01 2.307795e-04 9.999995e-01 -9.521149e-04 1.752399e-01 -1.607120e-02 9.557015e-04 9.998704e-01 -3.884668e+00
9.997561e-01 5.277381e-04 -2.208001e-02 -1.222590e+00 -4.897086e-04 9.999984e-01 1.727731e-03 1.961117e-01 2.208089e-02 -1.716498e-03 9.997547e-01 -3.997177e+00
9.998834e-01 -2.574880e-04 1.527151e-02 -1.439018e+00 2.716467e-04 9.999995e-01 -9.250528e-04 2.032746e-01 -1.527127e-02 9.290940e-04 9.998830e-01 -3.885478e+00
9.997368e-01 5.535847e-04 -2.293469e-02 -1.568873e+00 -5.154909e-04 9.999985e-01 1.666854e-03 2.064105e-01 2.293558e-02 -1.654594e-03 9.997356e-01 -3.742612e+00
9.999087e-01 -2.828405e-04 1.350645e-02 -1.502084e+00 2.945840e-04 9.999996e-01 -8.674785e-04 2.002669e-01 -1.350620e-02 8.713788e-04 9.999084e-01 -3.511280e+00
9.997316e-01 7.364231e-04 -2.315449e-02 -1.397113e+00 -6.971406e-04 9.999983e-01 1.704574e-03 1.901181e-01 2.315571e-02 -1.687975e-03 9.997304e-01 -3.281504e+00
9.999054e-01 -3.786869e-04 1.374960e-02 -1.356414e+00 3.910875e-04 9.999995e-01 -8.991987e-04 1.834207e-01 -1.374925e-02 9.044916e-04 9.999051e-01 -3.055997e+00
9.997138e-01 4.820739e-04 -2.391903e-02 -1.290489e+00 -4.483188e-04 9.999989e-01 1.416575e-03 1.840647e-01 2.391968e-02 -1.405447e-03 9.997129e-01 -3.238311e+00
9.998838e-01 -4.707005e-04 1.523786e-02 -1.310659e+00 4.879695e-04 9.999992e-01 -1.129581e-03 1.903412e-01 -1.523731e-02 1.136886e-03 9.998833e-01 -3.570327e+00
9.997011e-01 4.092655e-04 -2.444339e-02 -1.230290e+00 -3.736602e-04 9.999989e-01 1.461203e-03 1.914751e-01 2.444396e-02 -1.451634e-03 9.997001e-01 -3.810581e+00
9.999022e-01 -4.781095e-04 1.397554e-02 -1.109248e+00 4.918925e-04 9.999994e-01 -9.827830e-04 1.891935e-01 -1.397506e-02 9.895621e-04 9.999019e-01 -3.971398e+00
9.997124e-01 7.962363e-04 -2.396916e-02 -1.022758e+00 -7.528523e-04 9.999981e-01 1.818973e-03 1.818759e-01 2.397056e-02 -1.800406e-03 9.997110e-01 -3.817013e+00
9.999009e-01 -2.732355e-04 1.407750e-02 -9.232800e-01 2.829114e-04 9.999997e-01 -6.853296e-04 1.698133e-01 -1.407730e-02 6.892450e-04 9.999007e-01 -3.516526e+00
9.997153e-01 2.817296e-04 -2.385949e-02 -8.143012e-01 -2.525884e-04 9.999992e-01 1.224382e-03 1.673324e-01 2.385982e-02 -1.218007e-03 9.997146e-01 -3.560984e+00
9.999013e-01 -3.328672e-04 1.404544e-02 -7.087938e-01 3.435407e-04 9.999997e-01 -7.575016e-04 1.667079e-01 -1.404518e-02 7.622527e-04 9.999011e-01 -3.776687e+00
9.997427e-01 6.116433e-05 -2.268327e-02 -5.935040e-01 -4.064049e-05 9.999996e-01 9.052723e-04 1.697664e-01 2.268331e-02 -9.041182e-04 9.997423e-01 -4.205865e+00
9.999000e-01 -4.182697e-04 1.413557e-02 -4.318279e-01 4.312738e-04 9.999995e-01 -9.169022e-04 1.704643e-01 -1.413518e-02 9.229075e-04 9.998997e-01 -4.614869e+00
9.997537e-01 2.875969e-04 -2.219064e-02 -3.461953e-01 -2.644651e-04 9.999994e-01 1.045352e-03 1.741312e-01 2.219093e-02 -1.039226e-03 9.997532e-01 -4.835480e+00
9.999081e-01 -6.242847e-04 1.354466e-02 -2.579135e-01 6.338970e-04 9.999996e-01 -7.053697e-04 1.763860e-01 -1.354422e-02 7.138915e-04 9.999080e-01 -5.108888e+00
9.998234e-01 2.255644e-04 -1.879177e-02 -2.418149e-01 -2.164323e-04 9.999999e-01 4.880052e-04 1.904398e-01 1.879188e-02 -4.838526e-04 9.998233e-01 -5.942676e+00
9.999193e-01 -5.564253e-04 1.269113e-02 -3.019473e-01 5.637145e-04 9.999997e-01 -5.707600e-04 2.037984e-01 -1.269081e-02 5.778687e-04 9.999193e-01 -6.638331e+00
9.997613e-01 1.369126e-04 -2.184988e-02 1.832979e-01 -1.182173e-04 9.999996e-01 8.569260e-04 1.849557e-01 2.184999e-02 -8.541390e-04 9.997609e-01 -6.635771e+00
9.999510e-01 6.527013e-05 9.896981e-03 7.401757e-01 -6.886997e-05 9.999999e-01 3.634209e-04 1.595104e-01 -9.896957e-03 -3.640840e-04 9.999510e-01 -6.585676e+00
9.998589e-01 8.920049e-05 -1.679540e-02 5.783765e-01 -9.579599e-05 9.999999e-01 -3.918758e-04 1.714307e-01 1.679536e-02 3.934288e-04 9.998589e-01 -6.944147e+00
9.999508e-01 -2.457972e-04 9.918048e-03 4.930180e-01 2.414808e-04 9.999999e-01 4.364333e-04 1.789494e-01 -9.918153e-03 -4.340162e-04 9.999507e-01 -7.316995e+00
9.998765e-01 3.085833e-04 -1.571554e-02 2.402900e-01 -3.094930e-04 1.000000e+00 -5.543355e-05 1.952003e-01 1.571552e-02 6.028990e-05 9.998765e-01 -7.708644e+00
9.999067e-01 -7.717815e-05 1.366219e-02 -4.369157e-01 6.245512e-05 9.999994e-01 1.078093e-03 2.308821e-01 -1.366227e-02 -1.077138e-03 9.999061e-01 -7.591624e+00
9.998977e-01 2.850430e-04 -1.430227e-02 -1.250977e+00 -2.830355e-04 9.999999e-01 1.424007e-04 2.788985e-01 1.430231e-02 -1.383388e-04 9.998977e-01 -7.577959e+00
9.999833e-01 -4.789544e-04 5.755759e-03 -1.225251e+00 4.785411e-04 9.999999e-01 7.322852e-05 2.875121e-01 -5.755793e-03 -7.047228e-05 9.999834e-01 -8.000987e+00
9.999190e-01 -1.975816e-05 -1.272476e-02 -1.123970e+00 1.648563e-05 1.000000e+00 -2.572597e-04 2.958838e-01 1.272477e-02 2.570285e-04 9.999190e-01 -8.685678e+00
9.999818e-01 -6.756731e-04 5.987705e-03 -9.617411e-01 6.766238e-04 9.999998e-01 -1.566944e-04 3.029179e-01 -5.987597e-03 1.607437e-04 9.999821e-01 -9.394394e+00
9.998902e-01 4.161415e-04 -1.480954e-02 -8.017628e-01 -4.129664e-04 9.999999e-01 2.174754e-04 3.056789e-01 1.480963e-02 -2.113363e-04 9.998903e-01 -9.817532e+00
9.999790e-01 -6.431117e-04 6.455488e-03 -6.460244e-01 6.432710e-04 9.999998e-01 -2.255185e-05 3.053437e-01 -6.455472e-03 2.670465e-05 9.999792e-01 -1.015749e+01
9.999634e-01 -2.695248e-05 -8.555045e-03 -7.432269e-01 2.168638e-05 9.999998e-01 -6.156118e-04 3.271072e-01 8.555060e-03 6.154030e-04 9.999632e-01 -1.130015e+01
9.999808e-01 -8.200794e-04 6.141824e-03 -7.761996e-01 8.201004e-04 9.999997e-01 -8.543506e-07 3.481855e-01 -6.141821e-03 5.891891e-06 9.999811e-01 -1.249963e+01
9.999541e-01 8.426812e-04 -9.543268e-03 -1.167865e+00 -8.422527e-04 9.999996e-01 4.895013e-05 3.820655e-01 9.543305e-03 -4.091069e-05 9.999545e-01 -1.335504e+01
9.999757e-01 -6.570284e-04 6.943235e-03 -1.771124e+00 6.538122e-04 9.999997e-01 4.655236e-04 4.200839e-01 -6.943538e-03 -4.609720e-04 9.999758e-01 -1.402545e+01
9.999234e-01 4.052188e-04 -1.237192e-02 -1.911182e+00 -4.082204e-04 9.999999e-01 -2.400609e-04 4.361452e-01 1.237182e-02 2.450923e-04 9.999234e-01 -1.461003e+01
9.999839e-01 -5.335977e-04 5.644718e-03 -1.979570e+00 5.308331e-04 9.999997e-01 4.913073e-04 4.469153e-01 -5.644979e-03 -4.883023e-04 9.999839e-01 -1.507413e+01
9.999119e-01 1.314888e-04 -1.327614e-02 -1.903960e+00 -1.372034e-04 9.999999e-01 -4.295071e-04 4.556775e-01 1.327608e-02 4.312902e-04 9.999118e-01 -1.568113e+01
9.999897e-01 -5.364074e-04 4.508778e-03 -1.774800e+00 5.343205e-04 9.999997e-01 4.641309e-04 4.596069e-01 -4.509026e-03 -4.617164e-04 9.999897e-01 -1.617060e+01
9.999283e-01 -1.514626e-05 -1.197190e-02 -1.608137e+00 6.535914e-06 9.999997e-01 -7.192251e-04 4.632960e-01 1.197190e-02 7.190947e-04 9.999281e-01 -1.671454e+01
9.999962e-01 -2.576523e-04 2.728572e-03 -1.396052e+00 2.553291e-04 9.999996e-01 8.518663e-04 4.617956e-01 -2.728791e-03 -8.511657e-04 9.999959e-01 -1.703681e+01
9.999212e-01 6.503541e-05 -1.255190e-02 -1.175788e+00 -7.171413e-05 9.999999e-01 -5.316134e-04 4.552211e-01 1.255186e-02 5.324711e-04 9.999211e-01 -1.715531e+01
9.999981e-01 -2.014443e-04 1.923929e-03 -9.595308e-01 1.995285e-04 9.999995e-01 9.960824e-04 4.484967e-01 -1.924128e-03 -9.956960e-04 9.999977e-01 -1.725110e+01
9.999293e-01 -4.879527e-04 -1.187759e-02 -2.431078e-01 4.765908e-04 9.999994e-01 -9.593659e-04 4.055698e-01 1.187805e-02 9.536367e-04 9.999290e-01 -1.692708e+01
9.999964e-01 5.787444e-04 -2.629118e-03 4.189987e-01 -5.718906e-04 9.999964e-01 2.606745e-03 3.685831e-01 2.630618e-03 -2.605232e-03 9.999931e-01 -1.659767e+01
9.999624e-01 -3.771796e-04 -8.668747e-03 6.189934e-01 3.612877e-04 9.999983e-01 -1.834694e-03 3.565240e-01 8.669424e-03 1.831493e-03 9.999607e-01 -1.648299e+01
9.999960e-01 3.244881e-04 -2.823608e-03 8.675712e-01 -3.177395e-04 9.999971e-01 2.390077e-03 3.476710e-01 2.824375e-03 -2.389170e-03 9.999932e-01 -1.651065e+01
9.999657e-01 2.199125e-05 -8.286915e-03 1.001001e+00 -3.339862e-05 9.999991e-01 -1.376374e-03 3.363085e-01 8.286876e-03 1.376603e-03 9.999647e-01 -1.633306e+01
9.999991e-01 6.905166e-04 1.149694e-03 1.107049e+00 -6.934227e-04 9.999966e-01 2.529529e-03 3.152540e-01 -1.147943e-03 -2.530324e-03 9.999961e-01 -1.574442e+01
9.999609e-01 5.124713e-04 -8.827355e-03 1.247127e+00 -5.222147e-04 9.999993e-01 -1.101473e-03 2.889953e-01 8.826784e-03 1.106039e-03 9.999604e-01 -1.502353e+01
9.999989e-01 1.586882e-04 1.469672e-03 1.321233e+00 -1.619167e-04 9.999976e-01 2.197150e-03 2.723979e-01 -1.469320e-03 -2.197385e-03 9.999965e-01 -1.454014e+01
9.999829e-01 1.035985e-03 -5.762973e-03 1.403165e+00 -1.041200e-03 9.999991e-01 -9.017947e-04 2.459128e-01 5.762033e-03 9.077791e-04 9.999830e-01 -1.361040e+01
9.999998e-01 -2.218860e-04 6.052496e-04 1.443343e+00 2.206487e-04 9.999979e-01 2.044172e-03 2.263995e-01 -6.057017e-04 -2.044038e-03 9.999977e-01 -1.288716e+01
9.999700e-01 4.919484e-04 -7.730282e-03 1.425270e+00 -5.017454e-04 9.999991e-01 -1.265423e-03 2.207781e-01 7.729652e-03 1.269263e-03 9.999693e-01 -1.254322e+01
9.999999e-01 -3.081678e-04 -3.671251e-04 1.306106e+00 3.089270e-04 9.999978e-01 2.068730e-03 2.236393e-01 3.664870e-04 -2.068843e-03 9.999978e-01 -1.241228e+01
9.999665e-01 3.280233e-04 -8.176414e-03 1.226325e+00 -3.400857e-04 9.999989e-01 -1.473873e-03 2.307189e-01 8.175921e-03 1.476603e-03 9.999655e-01 -1.236185e+01
9.999985e-01 -3.707349e-04 -1.720699e-03 1.250786e+00 3.742427e-04 9.999979e-01 2.038455e-03 2.331438e-01 1.719939e-03 -2.039095e-03 9.999964e-01 -1.257125e+01
9.999750e-01 5.173760e-04 -7.053174e-03 1.132249e+00 -5.280125e-04 9.999987e-01 -1.506205e-03 2.407094e-01 7.052386e-03 1.509891e-03 9.999740e-01 -1.265009e+01
9.999982e-01 -5.428990e-04 -1.812430e-03 1.084428e+00 5.462716e-04 9.999981e-01 1.860605e-03 2.445163e-01 1.811417e-03 -1.861591e-03 9.999966e-01 -1.283520e+01
9.999830e-01 3.230094e-04 -5.815808e-03 1.133982e+00 -3.328108e-04 9.999985e-01 -1.684346e-03 2.527772e-01 5.815256e-03 1.686253e-03 9.999817e-01 -1.339577e+01
9.999991e-01 -5.464616e-04 -1.185102e-03 1.055591e+00 5.488227e-04 9.999979e-01 1.992590e-03 2.649460e-01 1.184011e-03 -1.993238e-03 9.999973e-01 -1.389534e+01
9.999739e-01 3.449850e-04 -7.216064e-03 1.073104e+00 -3.575844e-04 9.999984e-01 -1.744751e-03 2.726951e-01 7.215450e-03 1.747285e-03 9.999724e-01 -1.432615e+01
9.999999e-01 -1.595417e-04 -4.418744e-04 8.354935e-01 1.605774e-04 9.999972e-01 2.344012e-03 2.854783e-01 4.414994e-04 -2.344082e-03 9.999972e-01 -1.440186e+01
9.999875e-01 3.660812e-04 -4.981382e-03 5.338142e-01 -3.732717e-04 9.999989e-01 -1.442536e-03 3.000524e-01 4.980848e-03 1.444377e-03 9.999866e-01 -1.426251e+01
9.999999e-01 -3.276543e-04 -2.732094e-04 1.656062e-01 3.282630e-04 9.999975e-01 2.229239e-03 3.188051e-01 2.724785e-04 -2.229328e-03 9.999975e-01 -1.419456e+01
9.999890e-01 5.293428e-04 -4.663895e-03 -2.772290e-01 -5.351041e-04 9.999991e-01 -1.234063e-03 3.411995e-01 4.663237e-03 1.236544e-03 9.999884e-01 -1.416450e+01
9.999994e-01 -3.880184e-04 -1.001774e-03 -6.857575e-01 3.901745e-04 9.999976e-01 2.152578e-03 3.617514e-01 1.000936e-03 -2.152967e-03 9.999972e-01 -1.416648e+01
9.999889e-01 6.173054e-04 -4.672271e-03 -1.032887e+00 -6.234438e-04 9.999989e-01 -1.312357e-03 3.794925e-01 4.671456e-03 1.315255e-03 9.999882e-01 -1.414899e+01
9.999878e-01 -4.979946e-04 -4.915592e-03 -1.062583e+00 5.075888e-04 9.999980e-01 1.950637e-03 3.797582e-01 4.914611e-03 -1.953108e-03 9.999860e-01 -1.409246e+01
9.999890e-01 6.928912e-04 -4.631227e-03 -1.076568e+00 -6.993969e-04 9.999988e-01 -1.403181e-03 3.801148e-01 4.630249e-03 1.406404e-03 9.999883e-01 -1.419289e+01
9.999917e-01 -7.203378e-04 -4.011615e-03 -1.155759e+00 7.277930e-04 9.999980e-01 1.857153e-03 3.858705e-01 4.010270e-03 -1.860057e-03 9.999902e-01 -1.436488e+01
9.999929e-01 6.493029e-04 -3.710853e-03 -1.265509e+00 -6.550935e-04 9.999986e-01 -1.559322e-03 3.953683e-01 3.709835e-03 1.561741e-03 9.999919e-01 -1.463579e+01
9.999918e-01 -4.094247e-04 -4.020962e-03 -1.377265e+00 4.186324e-04 9.999973e-01 2.289259e-03 3.983486e-01 4.020014e-03 -2.290923e-03 9.999893e-01 -1.451469e+01
9.999967e-01 7.086262e-04 -2.456525e-03 -1.490720e+00 -7.121073e-04 9.999987e-01 -1.416354e-03 3.993966e-01 2.455518e-03 1.418098e-03 9.999960e-01 -1.423963e+01
9.999969e-01 -5.034092e-04 -2.430850e-03 -1.756390e+00 5.090727e-04 9.999972e-01 2.329655e-03 4.129946e-01 2.429670e-03 -2.330885e-03 9.999943e-01 -1.398313e+01
9.999984e-01 7.411055e-04 -1.633563e-03 -2.103066e+00 -7.432031e-04 9.999989e-01 -1.283614e-03 4.325916e-01 1.632609e-03 1.284825e-03 9.999978e-01 -1.374974e+01
9.999855e-01 -5.474170e-04 -5.358939e-03 -2.457801e+00 5.586378e-04 9.999977e-01 2.092508e-03 4.487025e-01 5.357782e-03 -2.095471e-03 9.999835e-01 -1.383642e+01
9.999987e-01 7.507888e-04 -1.460912e-03 -2.736105e+00 -7.526734e-04 9.999989e-01 -1.289617e-03 4.660748e-01 1.459942e-03 1.290714e-03 9.999981e-01 -1.395732e+01
9.999724e-01 -8.041358e-04 -7.379923e-03 -2.740340e+00 8.169202e-04 9.999982e-01 1.729412e-03 4.727627e-01 7.378519e-03 -1.735393e-03 9.999713e-01 -1.424993e+01
9.999990e-01 8.355818e-04 -1.157302e-03 -2.814660e+00 -8.368906e-04 9.999990e-01 -1.130480e-03 4.812530e-01 1.156356e-03 1.131447e-03 9.999987e-01 -1.451701e+01
9.999706e-01 -8.979578e-04 -7.614681e-03 -2.888950e+00 9.113758e-04 9.999980e-01 1.758773e-03 4.892991e-01 7.613087e-03 -1.765660e-03 9.999695e-01 -1.472445e+01
9.999997e-01 6.757036e-04 4.356516e-04 -2.955403e+00 -6.750667e-04 9.999987e-01 -1.461264e-03 5.021370e-01 -4.366386e-04 1.460969e-03 9.999988e-01 -1.509765e+01
9.999800e-01 -3.938922e-04 -6.304454e-03 -3.217548e+00 4.064200e-04 9.999979e-01 1.985910e-03 5.258883e-01 6.303659e-03 -1.988432e-03 9.999782e-01 -1.563345e+01
9.999994e-01 -4.487273e-05 1.098880e-03 -3.310670e+00 4.708890e-05 9.999980e-01 -2.017198e-03 5.419609e-01 -1.098787e-03 2.017248e-03 9.999974e-01 -1.632698e+01
9.999658e-01 -7.570492e-04 -8.240835e-03 -3.121008e+00 7.701335e-04 9.999984e-01 1.584642e-03 5.479368e-01 8.239623e-03 -1.590933e-03 9.999648e-01 -1.703946e+01
9.999985e-01 2.749791e-04 -1.694558e-03 -2.942379e+00 -2.771528e-04 9.999991e-01 -1.282397e-03 5.478513e-01 1.694203e-03 1.282864e-03 9.999977e-01 -1.739445e+01
9.999819e-01 -1.390465e-04 -6.021300e-03 -3.127562e+00 1.498770e-04 9.999984e-01 1.798205e-03 5.589601e-01 6.021041e-03 -1.799075e-03 9.999803e-01 -1.753707e+01
9.999996e-01 2.353852e-04 -8.258237e-04 -3.388184e+00 -2.363758e-04 9.999993e-01 -1.199096e-03 5.753550e-01 8.255407e-04 1.199291e-03 9.999989e-01 -1.782172e+01
9.999855e-01 -1.877036e-04 -5.383531e-03 -3.626050e+00 1.958223e-04 9.999988e-01 1.507497e-03 5.929286e-01 5.383242e-03 -1.508529e-03 9.999844e-01 -1.825623e+01
9.999998e-01 -2.526078e-04 6.090081e-04 -3.733217e+00 2.536488e-04 9.999985e-01 -1.710582e-03 6.092143e-01 -6.085752e-04 1.710735e-03 9.999984e-01 -1.899223e+01
9.999794e-01 -5.088416e-04 -6.398665e-03 -3.563100e+00 5.165473e-04 9.999991e-01 1.202601e-03 6.185812e-01 6.398047e-03 -1.205881e-03 9.999788e-01 -1.982755e+01
9.999980e-01 -4.291004e-05 -1.981040e-03 -3.359863e+00 4.035567e-05 9.999992e-01 -1.289211e-03 6.230034e-01 1.981093e-03 1.289128e-03 9.999972e-01 -2.042595e+01
9.999858e-01 -4.219137e-04 -5.314099e-03 -3.251967e+00 4.285387e-04 9.999991e-01 1.245515e-03 6.308533e-01 5.313569e-03 -1.247774e-03 9.999851e-01 -2.108573e+01
9.999973e-01 4.298282e-05 -2.320359e-03 -3.139336e+00 -4.603258e-05 9.999991e-01 -1.314116e-03 6.363118e-01 2.320300e-03 1.314219e-03 9.999964e-01 -2.164574e+01
9.999827e-01 -3.350723e-04 -5.875676e-03 -3.018633e+00 3.434941e-04 9.999989e-01 1.432311e-03 6.396460e-01 5.875189e-03 -1.434304e-03 9.999817e-01 -2.210894e+01
9.999997e-01 -1.210080e-04 -7.045241e-04 -2.967237e+00 1.198939e-04 9.999987e-01 -1.580616e-03 6.481686e-01 7.047144e-04 1.580531e-03 9.999985e-01 -2.273749e+01
9.999841e-01 -4.791759e-05 -5.639373e-03 -3.096612e+00 5.885769e-05 9.999981e-01 1.939719e-03 6.625469e-01 5.639270e-03 -1.940019e-03 9.999822e-01 -2.325423e+01
9.999999e-01 -3.337402e-04 2.405372e-04 -3.156265e+00 3.341816e-04 9.999983e-01 -1.839313e-03 6.755764e-01 -2.399231e-04 1.839393e-03 9.999983e-01 -2.389959e+01
9.999834e-01 -2.170065e-04 -5.758519e-03 -3.104599e+00 2.263303e-04 9.999987e-01 1.618452e-03 6.862504e-01 5.758160e-03 -1.619728e-03 9.999821e-01 -2.465114e+01
9.999961e-01 -1.818153e-04 -2.778166e-03 -2.910924e+00 1.775089e-04 9.999988e-01 -1.550085e-03 6.864603e-01 2.778444e-03 1.549585e-03 9.999949e-01 -2.505797e+01
9.999818e-01 -3.097367e-04 -6.030998e-03 -2.701902e+00 3.194694e-04 9.999986e-01 1.612806e-03 6.868355e-01 6.030491e-03 -1.614703e-03 9.999805e-01 -2.549643e+01
9.999999e-01 -2.874246e-04 3.653422e-04 -2.619463e+00 2.881153e-04 9.999982e-01 -1.893342e-03 6.959079e-01 -3.647974e-04 1.893447e-03 9.999981e-01 -2.623926e+01
9.999616e-01 2.988866e-05 -8.762438e-03 -2.504622e+00 -1.158365e-05 9.999978e-01 2.089022e-03 6.985543e-01 8.762482e-03 -2.088840e-03 9.999594e-01 -2.665781e+01
9.999997e-01 2.071271e-04 -7.803795e-04 -2.364462e+00 -2.081723e-04 9.999991e-01 -1.338993e-03 6.897982e-01 7.801013e-04 1.339155e-03 9.999988e-01 -2.652992e+01
9.999724e-01 -4.685002e-04 -7.409958e-03 -2.248648e+00 4.793973e-04 9.999988e-01 1.468834e-03 6.909418e-01 7.409261e-03 -1.472346e-03 9.999715e-01 -2.690591e+01
9.999992e-01 -8.075191e-05 1.227387e-03 -2.125348e+00 8.324800e-05 9.999979e-01 -2.034131e-03 6.997496e-01 -1.227220e-03 2.034231e-03 9.999972e-01 -2.765546e+01
9.999674e-01 -4.530042e-04 -8.057408e-03 -2.002850e+00 4.673388e-04 9.999983e-01 1.777204e-03 7.085665e-01 8.056589e-03 -1.780911e-03 9.999660e-01 -2.838977e+01
9.999964e-01 -1.575373e-04 2.675413e-03 -1.901636e+00 1.636282e-04 9.999974e-01 -2.276722e-03 7.179645e-01 -2.675047e-03 2.277151e-03 9.999938e-01 -2.918155e+01
9.999669e-01 -5.158403e-04 -8.123676e-03 -1.780105e+00 5.300829e-04 9.999983e-01 1.751099e-03 7.260189e-01 8.122759e-03 -1.755347e-03 9.999655e-01 -2.994528e+01
9.999998e-01 7.002076e-05 5.875134e-04 -1.665214e+00 -6.890070e-05 9.999982e-01 -1.907052e-03 7.320550e-01 -5.876459e-04 1.907011e-03 9.999980e-01 -3.054948e+01
9.999609e-01 -6.497504e-04 -8.819199e-03 -1.496983e+00 6.658979e-04 9.999981e-01 1.828086e-03 7.349587e-01 8.817995e-03 -1.833886e-03 9.999594e-01 -3.108407e+01
9.999998e-01 6.098682e-04 3.321025e-04 -1.551131e+00 -6.094530e-04 9.999990e-01 -1.250366e-03 7.442434e-01 -3.328648e-04 1.250162e-03 9.999992e-01 -3.149559e+01
9.999781e-01 -1.190250e-03 -6.508812e-03 -1.608603e+00 1.197216e-03 9.999987e-01 1.066339e-03 7.511894e-01 6.507534e-03 -1.074107e-03 9.999782e-01 -3.200728e+01
9.999999e-01 4.723383e-04 -2.614550e-04 -1.410819e+00 -4.726311e-04 9.999993e-01 -1.119091e-03 7.608464e-01 2.609261e-04 1.119214e-03 9.999993e-01 -3.287130e+01
9.999830e-01 -1.161962e-03 -5.714503e-03 -1.296485e+00 1.165305e-03 9.999992e-01 5.816201e-04 7.720638e-01 5.713823e-03 -5.882689e-04 9.999835e-01 -3.372638e+01
9.999966e-01 7.198146e-04 -2.522912e-03 -1.107932e+00 -7.214390e-04 9.999995e-01 -6.428337e-04 7.750102e-01 2.522448e-03 6.446510e-04 9.999966e-01 -3.424280e+01
9.999709e-01 -8.716736e-04 -7.577463e-03 -9.286514e-01 8.784792e-04 9.999992e-01 8.947836e-04 7.745026e-01 7.576677e-03 -9.014136e-04 9.999709e-01 -3.451752e+01
9.999983e-01 7.763571e-04 -1.685930e-03 -8.122879e-01 -7.772101e-04 9.999996e-01 -5.050736e-04 7.749338e-01 1.685537e-03 5.063826e-04 9.999985e-01 -3.481565e+01
9.999877e-01 -1.285210e-03 -4.799477e-03 -7.216969e-01 1.286786e-03 9.999991e-01 3.250664e-04 7.831699e-01 4.799055e-03 -3.312378e-04 9.999884e-01 -3.547009e+01
9.999935e-01 1.146503e-03 -3.410661e-03 -6.274302e-01 -1.146757e-03 9.999993e-01 -7.219756e-05 7.884547e-01 3.410576e-03 7.610778e-05 9.999942e-01 -3.592876e+01
9.999726e-01 -1.027730e-03 -7.326839e-03 -4.821091e-01 1.032571e-03 9.999993e-01 6.568724e-04 7.821260e-01 7.326158e-03 -6.644194e-04 9.999729e-01 -3.595862e+01
9.999920e-01 8.778110e-04 -3.903058e-03 -2.710220e-01 -8.785630e-04 9.999996e-01 -1.908399e-04 7.780370e-01 3.902889e-03 1.942669e-04 9.999924e-01 -3.613613e+01
9.999789e-01 -1.052134e-03 -6.413335e-03 -5.134638e-02 1.057606e-03 9.999991e-01 8.499424e-04 7.736504e-01 6.412435e-03 -8.567067e-04 9.999791e-01 -3.634532e+01
9.999907e-01 8.419091e-04 -4.218378e-03 1.488648e-01 -8.429391e-04 9.999996e-01 -2.422824e-04 7.695586e-01 4.218172e-03 2.458355e-04 9.999911e-01 -3.652348e+01
9.999825e-01 -1.007260e-03 -5.822438e-03 3.279415e-01 1.010937e-03 9.999993e-01 6.285655e-04 7.665943e-01 5.821801e-03 -6.344401e-04 9.999829e-01 -3.673998e+01
9.999914e-01 7.644309e-04 -4.068671e-03 5.290588e-01 -7.658049e-04 9.999997e-01 -3.360214e-04 7.638184e-01 4.068413e-03 3.391338e-04 9.999917e-01 -3.699616e+01
9.999828e-01 -8.263556e-04 -5.805982e-03 7.081312e-01 8.306124e-04 9.999994e-01 7.307176e-04 7.596379e-01 5.805375e-03 -7.355271e-04 9.999829e-01 -3.717700e+01
9.999891e-01 7.519163e-04 -4.602554e-03 9.280766e-01 -7.530007e-04 9.999997e-01 -2.337841e-04 7.525324e-01 4.602377e-03 2.372467e-04 9.999894e-01 -3.722262e+01
9.999961e-01 -8.379389e-04 -2.682161e-03 8.162586e-01 8.396850e-04 9.999994e-01 6.497662e-04 7.607332e-01 2.681615e-03 -6.520153e-04 9.999962e-01 -3.721549e+01
9.999898e-01 1.014554e-03 -4.392098e-03 7.233797e-01 -1.014694e-03 9.999995e-01 -2.953737e-05 7.749631e-01 4.392066e-03 3.399321e-05 9.999904e-01 -3.745716e+01
9.999879e-01 -1.260755e-03 -4.759731e-03 9.607444e-01 1.260468e-03 9.999992e-01 -6.351139e-05 7.765348e-01 4.759808e-03 5.751163e-05 9.999887e-01 -3.795105e+01
9.999967e-01 7.889669e-04 -2.462785e-03 1.104249e+00 -7.892419e-04 9.999997e-01 -1.104834e-04 7.860145e-01 2.462697e-03 1.124263e-04 9.999970e-01 -3.875745e+01
9.999957e-01 -1.218146e-03 -2.658579e-03 1.096919e+00 1.218191e-03 9.999993e-01 1.497532e-05 8.025803e-01 2.658559e-03 -1.821343e-05 9.999965e-01 -3.965503e+01
9.999986e-01 8.990759e-04 -1.378598e-03 9.757588e-01 -8.993280e-04 9.999996e-01 -1.818766e-04 8.249785e-01 1.378434e-03 1.831157e-04 9.999990e-01 -4.046636e+01
9.999767e-01 -1.548591e-03 -6.649448e-03 1.340110e+00 1.542877e-03 9.999984e-01 -8.643233e-04 8.232359e-01 6.650776e-03 8.540443e-04 9.999775e-01 -4.091681e+01
9.999683e-01 1.743181e-03 -7.765151e-03 1.818822e+00 -1.730192e-03 9.999971e-01 1.679168e-03 8.133668e-01 7.768056e-03 -1.665680e-03 9.999684e-01 -4.113433e+01
9.999967e-01 -1.557913e-03 -2.060202e-03 1.870405e+00 1.555795e-03 9.999983e-01 -1.029544e-03 8.168778e-01 2.061802e-03 1.026336e-03 9.999973e-01 -4.131351e+01
9.999731e-01 1.452689e-03 -7.186297e-03 1.931692e+00 -1.442956e-03 9.999980e-01 1.359488e-03 8.178258e-01 7.188258e-03 -1.349083e-03 9.999733e-01 -4.155382e+01
9.999959e-01 -1.754558e-03 -2.245462e-03 2.103689e+00 1.751932e-03 9.999978e-01 -1.171144e-03 8.187271e-01 2.247512e-03 1.167206e-03 9.999968e-01 -4.194451e+01
9.999717e-01 1.148392e-03 -7.440642e-03 2.360041e+00 -1.140523e-03 9.999988e-01 1.061765e-03 8.173418e-01 7.441852e-03 -1.053249e-03 9.999718e-01 -4.239711e+01
9.999951e-01 -1.945790e-03 -2.445541e-03 2.876383e+00 1.941210e-03 9.999964e-01 -1.873643e-03 8.054465e-01 2.449178e-03 1.868887e-03 9.999953e-01 -4.277918e+01
9.999592e-01 1.679172e-03 -8.874379e-03 3.205968e+00 -1.660227e-03 9.999963e-01 2.141753e-03 8.030710e-01 8.877943e-03 -2.126933e-03 9.999583e-01 -4.317728e+01
9.999982e-01 -1.839352e-03 -3.826299e-04 3.355213e+00 1.838599e-03 9.999964e-01 -1.960619e-03 8.047305e-01 3.862348e-04 1.959912e-03 9.999980e-01 -4.356312e+01
9.999636e-01 1.686590e-03 -8.366040e-03 3.489893e+00 -1.668576e-03 9.999963e-01 2.159829e-03 8.088909e-01 8.369651e-03 -2.145792e-03 9.999627e-01 -4.403782e+01
9.999886e-01 -2.295639e-03 4.192637e-03 3.527904e+00 2.306879e-03 9.999938e-01 -2.677921e-03 8.223103e-01 -4.186463e-03 2.687562e-03 9.999876e-01 -4.496237e+01
9.999323e-01 2.115832e-03 -1.144517e-02 3.534195e+00 -2.084364e-03 9.999940e-01 2.760724e-03 8.289609e-01 1.145094e-02 -2.736681e-03 9.999307e-01 -4.547503e+01
9.999954e-01 -1.705572e-03 2.511969e-03 3.666807e+00 1.710125e-03 9.999969e-01 -1.811125e-03 8.146704e-01 -2.508872e-03 1.815413e-03 9.999952e-01 -4.521472e+01
9.999231e-01 1.514826e-03 -1.231168e-02 3.999025e+00 -1.486670e-03 9.999963e-01 2.295766e-03 7.991180e-01 1.231511e-02 -2.277286e-03 9.999216e-01 -4.520844e+01
9.999989e-01 -1.503612e-03 6.638150e-05 4.344682e+00 1.503721e-03 9.999975e-01 -1.659507e-03 7.859422e-01 -6.388611e-05 1.659605e-03 9.999986e-01 -4.521026e+01
9.999747e-01 6.983715e-04 -7.083215e-03 4.592698e+00 -6.904262e-04 9.999991e-01 1.124169e-03 7.883685e-01 7.083994e-03 -1.119251e-03 9.999743e-01 -4.580674e+01
9.999972e-01 -1.869660e-03 -1.472855e-03 5.414426e+00 1.867160e-03 9.999968e-01 -1.697181e-03 7.530722e-01 1.476024e-03 1.694427e-03 9.999975e-01 -4.583245e+01
9.999233e-01 2.364526e-03 -1.215965e-02 6.057924e+00 -2.325745e-03 9.999922e-01 3.202477e-03 7.177167e-01 1.216712e-02 -3.173952e-03 9.999209e-01 -4.551676e+01
9.999895e-01 -2.871330e-03 3.561369e-03 6.274900e+00 2.883021e-03 9.999905e-01 -3.281821e-03 7.180872e-01 -3.551912e-03 3.292055e-03 9.999883e-01 -4.597662e+01
9.999273e-01 2.451119e-03 -1.180658e-02 6.468639e+00 -2.410255e-03 9.999911e-01 3.474102e-03 7.190105e-01 1.181499e-02 -3.445393e-03 9.999243e-01 -4.643239e+01
9.999945e-01 -2.403289e-03 2.275015e-03 6.688496e+00 2.410618e-03 9.999919e-01 -3.224130e-03 7.129857e-01 -2.267249e-03 3.229597e-03 9.999922e-01 -4.652961e+01
9.998982e-01 2.530750e-03 -1.404435e-02 7.023213e+00 -2.478982e-03 9.999901e-01 3.702271e-03 7.009079e-01 1.405358e-02 -3.667079e-03 9.998945e-01 -4.656150e+01
9.999928e-01 -2.316626e-03 2.993586e-03 7.313734e+00 2.325863e-03 9.999925e-01 -3.085806e-03 6.925412e-01 -2.986415e-03 3.092747e-03 9.999908e-01 -4.663740e+01
9.999608e-01 1.984286e-03 -8.631866e-03 7.358083e+00 -1.959147e-03 9.999938e-01 2.919968e-03 7.053025e-01 8.637607e-03 -2.902943e-03 9.999585e-01 -4.735557e+01
9.999965e-01 -2.517180e-03 8.374704e-04 7.649187e+00 2.519950e-03 9.999913e-01 -3.322607e-03 6.988212e-01 -8.290996e-04 3.324706e-03 9.999941e-01 -4.765439e+01
9.998442e-01 2.341905e-03 -1.749699e-02 8.878857e+00 -2.296971e-03 9.999940e-01 2.587801e-03 6.426659e-01 1.750295e-02 -2.547208e-03 9.998436e-01 -4.743463e+01
