9.999739e-01 2.779012e-05 -7.228212e-03 7.764661e-02 -2.447124e-05 9.999999e-01 4.592475e-04 -5.189984e-03 7.228224e-03 -4.590593e-04 9.999738e-01 3.195924e-02
1.000000e+00 -8.381242e-05 1.014054e-04 1.618784e-01 8.381132e-05 1.000000e+00 1.104342e-05 -8.529439e-03 -1.014060e-04 -1.103421e-05 1.000000e+00 -7.731982e-02
9.999680e-01 5.293746e-04 -7.985606e-03 2.596039e-01 -5.214587e-04 9.999994e-01 9.933200e-04 -2.188343e-02 7.986127e-03 -9.891247e-04 9.999676e-01 3.621151e-01
9.999982e-01 -2.887047e-04 1.874594e-03 2.898765e-01 2.896334e-04 9.999998e-01 -4.951180e-04 -2.819121e-02 -1.874450e-03 4.956608e-04 9.999981e-01 4.918720e-01
9.999647e-01 2.853395e-04 -8.398708e-03 3.522066e-01 -2.787003e-04 9.999996e-01 7.916680e-04 -3.081853e-02 8.398930e-03 -7.893000e-04 9.999644e-01 3.592429e-01
9.999997e-01 -9.478852e-05 7.157410e-04 4.034049e-01 9.480573e-05 1.000000e+00 -2.394776e-05 -3.856362e-02 -7.157384e-04 2.401632e-05 9.999997e-01 4.893731e-01
9.999698e-01 1.698060e-04 -7.764894e-03 4.672961e-01 -1.671303e-04 9.999999e-01 3.452471e-04 -4.175534e-02 7.764951e-03 -3.439396e-04 9.999698e-01 4.099304e-01
9.999999e-01 -1.634408e-05 4.468972e-04 4.959006e-01 1.623403e-05 1.000000e+00 2.463426e-04 -4.737162e-02 -4.469009e-04 -2.463346e-04 9.999999e-01 5.071417e-01
9.999615e-01 6.012322e-04 -8.750203e-03 5.796178e-01 -5.948099e-04 9.999996e-01 7.365544e-04 -5.967792e-02 8.750641e-03 -7.313221e-04 9.999614e-01 8.843123e-01
9.999997e-01 -5.750538e-04 5.305922e-04 6.842466e-01 5.752040e-04 9.999998e-01 -2.828735e-04 -6.459110e-02 -5.304291e-04 2.831793e-04 9.999998e-01 8.688659e-01
9.999734e-01 4.265882e-04 -7.282520e-03 7.797961e-01 -4.227560e-04 9.999998e-01 5.277525e-04 -6.401576e-02 7.282743e-03 -5.246605e-04 9.999733e-01 5.291845e-01
9.999996e-01 -5.215640e-04 7.605804e-04 8.470766e-01 5.217959e-04 9.999998e-01 -3.047059e-04 -6.384177e-02 -7.604210e-04 3.051034e-04 9.999997e-01 2.487022e-01
9.999811e-01 6.161272e-04 -6.116278e-03 7.777942e-01 -6.132295e-04 9.999997e-01 4.756302e-04 -6.022318e-02 6.116569e-03 -4.718712e-04 9.999812e-01 5.136690e-02
9.999996e-01 -8.614881e-04 5.441289e-06 8.107724e-01 8.614903e-04 9.999995e-01 -4.003512e-04 -5.591801e-02 -5.096050e-06 4.003564e-04 9.999999e-01 -3.746965e-01
9.999732e-01 1.330933e-03 -7.204670e-03 8.465633e-01 -1.321854e-03 9.999983e-01 1.264684e-03 -6.421188e-02 7.206340e-03 -1.255127e-03 9.999732e-01 -1.218149e-01
9.999994e-01 -1.091427e-03 2.453549e-04 8.519337e-01 1.091633e-03 9.999990e-01 -8.422912e-04 -6.654995e-02 -2.444350e-04 8.425593e-04 9.999996e-01 -8.339532e-02
9.999832e-01 8.739027e-04 -5.734678e-03 8.593575e-01 -8.702713e-04 9.999994e-01 6.356996e-04 -5.824533e-02 5.735230e-03 -6.306989e-04 9.999834e-01 -6.789080e-01
9.999986e-01 -1.421908e-03 8.651608e-04 9.077743e-01 1.422872e-03 9.999984e-01 -1.115021e-03 -4.670214e-02 -8.635736e-04 1.116251e-03 9.999990e-01 -1.512722e+00
9.999723e-01 1.394362e-03 -7.311155e-03 9.402116e-01 -1.384287e-03 9.999981e-01 1.382914e-03 -4.418297e-02 7.313069e-03 -1.372756e-03 9.999723e-01 -1.860182e+00
9.999985e-01 -1.380191e-03 1.061257e-03 1.020568e+00 1.381637e-03 9.999981e-01 -1.362853e-03 -4.299328e-02 -1.059374e-03 1.364318e-03 9.999985e-01 -2.198875e+00
9.999732e-01 1.079608e-03 -7.246765e-03 1.121015e+00 -1.070133e-03 9.999986e-01 1.311218e-03 -3.665494e-02 7.248170e-03 -1.303428e-03 9.999729e-01 -2.782023e+00
9.999949e-01 -1.530908e-03 2.792375e-03 1.103736e+00 1.535404e-03 9.999975e-01 -1.608731e-03 -2.263971e-02 -2.789905e-03 1.613011e-03 9.999948e-01 -3.603077e+00
9.999738e-01 1.359207e-03 -7.115901e-03 1.048329e+00 -1.348659e-03 9.999980e-01 1.486965e-03 -1.067595e-02 7.117907e-03 -1.477330e-03 9.999736e-01 -4.280592e+00
9.999963e-01 -1.786400e-03 2.059972e-03 1.101724e+00 1.790210e-03 9.999967e-01 -1.849396e-03 -1.526843e-03 -2.056662e-03 1.853078e-03 9.999962e-01 -4.997904e+00
9.999585e-01 1.796964e-03 -8.929773e-03 1.191393e+00 -1.777033e-03 9.999959e-01 2.239401e-03 -3.768593e-03 8.933761e-03 -2.223440e-03 9.999576e-01 -5.202446e+00
9.999987e-01 -1.341277e-03 9.336859e-04 1.277075e+00 1.342697e-03 9.999979e-01 -1.521867e-03 -1.260364e-02 -9.316424e-04 1.523119e-03 9.999984e-01 -5.035191e+00
9.999689e-01 1.369850e-03 -7.771056e-03 1.350310e+00 -1.356916e-03 9.999977e-01 1.669396e-03 -1.332006e-02 7.773325e-03 -1.658800e-03 9.999684e-01 -5.294987e+00
9.999856e-01 -2.051746e-03 4.964400e-03 1.318961e+00 2.062347e-03 9.999956e-01 -2.131200e-03 4.616297e-03 -4.960005e-03 2.141408e-03 9.999854e-01 -6.324797e+00
9.999848e-01 1.368079e-03 -5.335916e-03 1.063618e+00 -1.358423e-03 9.999974e-01 1.812870e-03 3.480588e-02 5.338382e-03 -1.805595e-03 9.999841e-01 -7.548768e+00
9.999966e-01 -1.252482e-03 2.308353e-03 5.142930e-01 1.254958e-03 9.999986e-01 -1.071403e-03 6.724743e-02 -2.307008e-03 1.074297e-03 9.999968e-01 -7.878024e+00
9.999728e-01 1.442785e-03 -7.233985e-03 2.039911e-01 -1.430112e-03 9.999974e-01 1.756724e-03 8.492375e-02 7.236500e-03 -1.746331e-03 9.999723e-01 -8.036656e+00
9.999990e-01 -1.271354e-03 5.965936e-04 1.171331e-01 1.272112e-03 9.999984e-01 -1.272796e-03 9.298854e-02 -5.949741e-04 1.273555e-03 9.999990e-01 -8.279575e+00
9.999770e-01 7.528905e-04 -6.742856e-03 2.196326e-01 -7.464310e-04 9.999993e-01 9.604574e-04 1.014361e-01 6.743573e-03 -9.554029e-04 9.999768e-01 -8.982897e+00
9.999974e-01 -1.479359e-03 1.739276e-03 3.645041e-01 1.482084e-03 9.999977e-01 -1.566276e-03 1.139838e-01 -1.736955e-03 1.568850e-03 9.999973e-01 -9.940407e+00
9.999682e-01 8.046171e-04 -7.931054e-03 5.390682e-01 -7.961731e-04 9.999991e-01 1.067795e-03 1.204012e-01 7.931906e-03 -1.061447e-03 9.999680e-01 -1.065308e+01
9.999985e-01 -1.414244e-03 1.046648e-03 6.895321e-01 1.415853e-03 9.999978e-01 -1.537675e-03 1.289678e-01 -1.044470e-03 1.539156e-03 9.999983e-01 -1.140258e+01
9.999688e-01 1.030992e-03 -7.828509e-03 7.738237e-01 -1.019263e-03 9.999984e-01 1.502078e-03 1.360131e-01 7.830045e-03 -1.494053e-03 9.999682e-01 -1.199533e+01
9.999990e-01 -1.334908e-03 -4.166137e-04 8.976818e-01 1.334381e-03 9.999983e-01 -1.263215e-03 1.396736e-01 4.182996e-04 1.262659e-03 9.999991e-01 -1.247078e+01
9.999582e-01 1.221713e-03 -9.058031e-03 1.005294e+00 -1.207243e-03 9.999980e-01 1.602878e-03 1.395935e-01 9.059971e-03 -1.591877e-03 9.999577e-01 -1.274439e+01
9.999987e-01 -1.412820e-03 7.328913e-04 1.043918e+00 1.413767e-03 9.999982e-01 -1.291944e-03 1.437908e-01 -7.310643e-04 1.292979e-03 9.999989e-01 -1.312436e+01
9.999555e-01 1.070346e-03 -9.375242e-03 1.165232e+00 -1.057159e-03 9.999984e-01 1.411440e-03 1.464579e-01 9.376738e-03 -1.401466e-03 9.999551e-01 -1.356340e+01
9.999973e-01 -1.584947e-03 1.679651e-03 1.300611e+00 1.587789e-03 9.999973e-01 -1.692137e-03 1.500314e-01 -1.676964e-03 1.694800e-03 9.999972e-01 -1.410021e+01
9.999672e-01 9.460824e-04 -8.040941e-03 1.414294e+00 -9.348303e-04 9.999986e-01 1.403009e-03 1.579227e-01 8.042257e-03 -1.395447e-03 9.999667e-01 -1.482532e+01
9.999973e-01 -1.434978e-03 1.849086e-03 1.465264e+00 1.437611e-03 9.999980e-01 -1.422861e-03 1.684563e-01 -1.847040e-03 1.425516e-03 9.999973e-01 -1.557560e+01
9.999726e-01 9.751193e-04 -7.339946e-03 1.462203e+00 -9.657002e-04 9.999987e-01 1.286723e-03 1.806559e-01 7.341191e-03 -1.279600e-03 9.999722e-01 -1.631949e+01
9.999982e-01 -1.424652e-03 1.219608e-03 1.505023e+00 1.426406e-03 9.999979e-01 -1.437941e-03 1.904595e-01 -1.217557e-03 1.439679e-03 9.999982e-01 -1.702303e+01
9.999779e-01 1.203965e-03 -6.537303e-03 1.360681e+00 -1.194788e-03 9.999983e-01 1.407559e-03 2.070891e-01 6.538986e-03 -1.399718e-03 9.999776e-01 -1.772679e+01
9.999940e-01 -1.514677e-03 3.122525e-03 1.131869e+00 1.519481e-03 9.999977e-01 -1.536561e-03 2.300321e-01 -3.120190e-03 1.541297e-03 9.999939e-01 -1.854859e+01
9.999560e-01 1.192476e-03 -9.304081e-03 1.142660e+00 -1.177742e-03 9.999980e-01 1.588868e-03 2.402851e-01 9.305957e-03 -1.577841e-03 9.999555e-01 -1.917906e+01
9.999974e-01 -1.509010e-03 1.696295e-03 1.259601e+00 1.511704e-03 9.999976e-01 -1.587548e-03 2.441529e-01 -1.693895e-03 1.590109e-03 9.999973e-01 -1.961564e+01
9.999434e-01 1.304705e-03 -1.056115e-02 1.386459e+00 -1.284451e-03 9.999973e-01 1.924397e-03 2.452777e-01 1.056363e-02 -1.910724e-03 9.999424e-01 -1.992929e+01
9.999839e-01 -1.762286e-03 5.398739e-03 1.366468e+00 1.773508e-03 9.999963e-01 -2.074576e-03 2.581903e-01 -5.395063e-03 2.084118e-03 9.999833e-01 -2.065982e+01
9.999722e-01 1.002064e-03 -7.394138e-03 1.275571e+00 -9.919008e-04 9.999986e-01 1.377995e-03 2.798079e-01 7.395508e-03 -1.370623e-03 9.999717e-01 -2.182954e+01
9.999890e-01 -1.689500e-03 4.377126e-03 1.282215e+00 1.698765e-03 9.999963e-01 -2.113815e-03 2.980162e-01 -4.373538e-03 2.121228e-03 9.999882e-01 -2.295223e+01
9.999723e-01 8.889011e-04 -7.390208e-03 1.345651e+00 -8.819870e-04 9.999992e-01 9.387995e-04 3.161651e-01 7.391036e-03 -9.322561e-04 9.999723e-01 -2.409559e+01
9.999885e-01 -1.751962e-03 4.458814e-03 1.486491e+00 1.761998e-03 9.999959e-01 -2.247853e-03 3.298867e-01 -4.454857e-03 2.255685e-03 9.999875e-01 -2.519622e+01
9.999777e-01 1.014619e-03 -6.598742e-03 1.539413e+00 -1.007245e-03 9.999989e-01 1.120728e-03 3.482267e-01 6.599872e-03 -1.114057e-03 9.999776e-01 -2.639688e+01
9.999931e-01 -1.670742e-03 3.315534e-03 1.522785e+00 1.676819e-03 9.999969e-01 -1.830794e-03 3.646801e-01 -3.312465e-03 1.836341e-03 9.999928e-01 -2.739927e+01
9.999880e-01 1.047014e-03 -4.775434e-03 1.445209e+00 -1.042803e-03 9.999991e-01 8.841970e-04 3.846871e-01 4.776355e-03 -8.792073e-04 9.999882e-01 -2.856127e+01
9.999806e-01 -1.967339e-03 5.912375e-03 1.366518e+00 1.981639e-03 9.999951e-01 -2.413790e-03 4.115359e-01 -5.907598e-03 2.425461e-03 9.999796e-01 -3.008361e+01
9.999817e-01 1.074276e-03 -5.961470e-03 1.303322e+00 -1.067300e-03 9.999987e-01 1.173168e-03 4.363762e-01 5.962722e-03 -1.166784e-03 9.999815e-01 -3.150378e+01
9.999934e-01 -1.792689e-03 3.160316e-03 1.305062e+00 1.798917e-03 9.999964e-01 -1.968927e-03 4.552369e-01 -3.156774e-03 1.974600e-03 9.999931e-01 -3.265484e+01
9.999825e-01 1.144577e-03 -5.796665e-03 1.356018e+00 -1.138955e-03 9.999989e-01 9.731786e-04 4.704552e-01 5.797772e-03 -9.665601e-04 9.999827e-01 -3.370835e+01
9.999805e-01 -2.050169e-03 5.899722e-03 1.342018e+00 2.063801e-03 9.999952e-01 -2.305369e-03 4.950413e-01 -5.894967e-03 2.317500e-03 9.999799e-01 -3.517276e+01
9.999754e-01 1.196277e-03 -6.905265e-03 1.332282e+00 -1.189348e-03 9.999988e-01 1.007414e-03 5.177704e-01 6.906461e-03 -9.991771e-04 9.999757e-01 -3.653917e+01
9.999803e-01 -1.952730e-03 5.965841e-03 1.326359e+00 1.965048e-03 9.999959e-01 -2.059592e-03 5.381452e-01 -5.961794e-03 2.071275e-03 9.999801e-01 -3.780363e+01
9.999757e-01 1.147680e-03 -6.879656e-03 1.254015e+00 -1.140091e-03 9.999987e-01 1.106825e-03 5.609439e-01 6.880917e-03 -1.098956e-03 9.999757e-01 -3.910319e+01
9.999765e-01 -2.012408e-03 6.558411e-03 1.207510e+00 2.027917e-03 9.999952e-01 -2.358923e-03 5.841309e-01 -6.553632e-03 2.372168e-03 9.999757e-01 -4.046186e+01
9.999840e-01 1.050938e-03 -5.550548e-03 1.135969e+00 -1.045284e-03 9.999989e-01 1.021618e-03 6.111698e-01 5.551615e-03 -1.015800e-03 9.999841e-01 -4.199103e+01
9.999811e-01 -1.956337e-03 5.830901e-03 1.062358e+00 1.969980e-03 9.999953e-01 -2.334906e-03 6.367398e-01 -5.826306e-03 2.346350e-03 9.999803e-01 -4.343513e+01
9.999803e-01 1.062551e-03 -6.188176e-03 9.293014e-01 -1.052765e-03 9.999982e-01 1.584473e-03 6.627115e-01 6.189848e-03 -1.577928e-03 9.999796e-01 -4.480330e+01
9.999796e-01 -1.818049e-03 6.124662e-03 7.411755e-01 1.832470e-03 9.999956e-01 -2.349739e-03 6.892863e-01 -6.120362e-03 2.360915e-03 9.999785e-01 -4.613557e+01
9.999796e-01 1.015141e-03 -6.311955e-03 5.653471e-01 -1.005362e-03 9.999983e-01 1.552338e-03 7.168792e-01 6.313520e-03 -1.545961e-03 9.999789e-01 -4.751701e+01
9.999844e-01 -1.817878e-03 5.277235e-03 4.513842e-01 1.829984e-03 9.999957e-01 -2.290001e-03 7.397287e-01 -5.273049e-03 2.299623e-03 9.999835e-01 -4.875374e+01
9.999726e-01 1.071619e-03 -7.329400e-03 4.042576e-01 -1.061528e-03 9.999985e-01 1.380495e-03 7.597414e-01 7.330868e-03 -1.372678e-03 9.999722e-01 -4.995213e+01
9.999853e-01 -1.657699e-03 5.163057e-03 2.978017e-01 1.668616e-03 9.999964e-01 -2.110674e-03 7.794078e-01 -5.159539e-03 2.119259e-03 9.999844e-01 -5.105456e+01
9.999843e-01 8.771462e-04 -5.540079e-03 6.052899e-02 -8.685862e-04 9.999984e-01 1.547345e-03 8.066122e-01 5.541427e-03 -1.542509e-03 9.999835e-01 -5.234518e+01
9.999869e-01 -1.700850e-03 4.837773e-03 -1.337920e-01 1.710517e-03 9.999965e-01 -1.994776e-03 8.324567e-01 -4.834363e-03 2.003026e-03 9.999863e-01 -5.363181e+01
9.999898e-01 8.219967e-04 -4.445731e-03 -2.272104e-01 -8.184373e-04 9.999993e-01 8.024274e-04 8.573240e-01 4.446387e-03 -7.987813e-04 9.999898e-01 -5.501752e+01
9.999775e-01 -1.996627e-03 6.411685e-03 -3.235689e-01 2.010486e-03 9.999957e-01 -2.155759e-03 8.872715e-01 -6.407352e-03 2.168601e-03 9.999771e-01 -5.666805e+01
9.999855e-01 1.048293e-03 -5.283794e-03 -5.153758e-01 -1.041406e-03 9.999986e-01 1.305975e-03 9.167810e-01 5.285155e-03 -1.300454e-03 9.999852e-01 -5.816098e+01
9.999964e-01 -1.501959e-03 2.219460e-03 -7.388490e-01 1.505251e-03 9.999978e-01 -1.482362e-03 9.386524e-01 -2.217228e-03 1.485698e-03 9.999964e-01 -5.912452e+01
9.999800e-01 1.261829e-03 -6.205071e-03 -9.646092e-01 -1.252143e-03 9.999980e-01 1.564642e-03 9.562625e-01 6.207033e-03 -1.556842e-03 9.999795e-01 -5.984887e+01
9.999780e-01 -2.026182e-03 6.311612e-03 -1.184012e+00 2.040694e-03 9.999953e-01 -2.293719e-03 9.844753e-01 -6.306935e-03 2.306549e-03 9.999775e-01 -6.120351e+01
9.999870e-01 1.089369e-03 -4.983463e-03 -1.396943e+00 -1.083290e-03 9.999987e-01 1.222392e-03 1.016072e+00 4.984788e-03 -1.216978e-03 9.999868e-01 -6.274787e+01
9.999692e-01 -2.205475e-03 7.533672e-03 -1.619205e+00 2.223200e-03 9.999948e-01 -2.345166e-03 1.051493e+00 -7.528461e-03 2.361843e-03 9.999689e-01 -6.447663e+01
9.999721e-01 1.359147e-03 -7.344993e-03 -1.791249e+00 -1.348289e-03 9.999980e-01 1.483017e-03 1.080500e+00 7.346994e-03 -1.473073e-03 9.999719e-01 -6.593125e+01
9.999735e-01 -2.195054e-03 6.934374e-03 -1.912814e+00 2.211514e-03 9.999948e-01 -2.366932e-03 1.106007e+00 -6.929142e-03 2.382206e-03 9.999732e-01 -6.728591e+01
9.999731e-01 1.399969e-03 -7.198710e-03 -2.127927e+00 -1.387332e-03 9.999975e-01 1.760090e-03 1.134051e+00 7.201156e-03 -1.750056e-03 9.999725e-01 -6.861347e+01
9.999730e-01 -2.069585e-03 7.057065e-03 -2.416408e+00 2.085812e-03 9.999952e-01 -2.292882e-03 1.164972e+00 -7.052285e-03 2.307541e-03 9.999725e-01 -6.992037e+01
9.999690e-01 1.229732e-03 -7.781471e-03 -2.568068e+00 -1.217241e-03 9.999980e-01 1.609804e-03 1.190372e+00 7.783434e-03 -1.600283e-03 9.999684e-01 -7.120562e+01
9.999544e-01 -2.300958e-03 9.265919e-03 -2.743499e+00 2.325715e-03 9.999938e-01 -2.661925e-03 1.221784e+00 -9.259736e-03 2.683355e-03 9.999535e-01 -7.276465e+01
9.999618e-01 1.433826e-03 -8.619885e-03 -2.824794e+00 -1.423882e-03 9.999983e-01 1.159626e-03 1.252150e+00 8.621533e-03 -1.147309e-03 9.999622e-01 -7.437023e+01
9.999520e-01 -2.965797e-03 9.341400e-03 -2.745912e+00 2.995939e-03 9.999903e-01 -3.214278e-03 1.269984e+00 -9.331777e-03 3.242110e-03 9.999512e-01 -7.572134e+01
9.999081e-01 2.281385e-03 -1.336198e-02 -2.721119e+00 -2.240404e-03 9.999927e-01 3.081143e-03 1.287645e+00 1.336891e-02 -3.050924e-03 9.999060e-01 -7.679514e+01
9.999378e-01 -2.423613e-03 1.088938e-02 -3.021984e+00 2.458310e-03 9.999919e-01 -3.174068e-03 1.317604e+00 -1.088160e-02 3.200641e-03 9.999357e-01 -7.769338e+01
9.999249e-01 1.900302e-03 -1.211057e-02 -3.214723e+00 -1.868936e-03 9.999949e-01 2.600781e-03 1.346497e+00 1.211545e-02 -2.577953e-03 9.999233e-01 -7.898279e+01
9.999398e-01 -2.246860e-03 1.073712e-02 -3.585009e+00 2.276543e-03 9.999936e-01 -2.753090e-03 1.381080e+00 -1.073087e-02 2.777369e-03 9.999386e-01 -8.006194e+01
9.999270e-01 1.760668e-03 -1.195794e-02 -3.877796e+00 -1.731053e-03 9.999954e-01 2.486529e-03 1.411349e+00 1.196226e-02 -2.465648e-03 9.999254e-01 -8.120841e+01
9.999297e-01 -2.627254e-03 1.156409e-02 -3.983804e+00 2.666806e-03 9.999906e-01 -3.406137e-03 1.435799e+00 -1.155504e-02 3.436737e-03 9.999273e-01 -8.252749e+01
9.999460e-01 1.710337e-03 -1.024826e-02 -4.219416e+00 -1.684845e-03 9.999955e-01 2.495559e-03 1.467704e+00 1.025249e-02 -2.478158e-03 9.999444e-01 -8.404087e+01
9.999375e-01 -2.606602e-03 1.086882e-02 -4.420680e+00 2.643668e-03 9.999907e-01 -3.397345e-03 1.499453e+00 -1.085987e-02 3.425867e-03 9.999352e-01 -8.558956e+01
9.999517e-01 1.658663e-03 -9.683708e-03 -4.579570e+00 -1.637534e-03 9.999963e-01 2.189358e-03 1.530583e+00 9.687302e-03 -2.173396e-03 9.999507e-01 -8.716990e+01
9.999257e-01 -2.660654e-03 1.189251e-02 -4.784212e+00 2.701201e-03 9.999906e-01 -3.394636e-03 1.565580e+00 -1.188337e-02 3.426509e-03 9.999235e-01 -8.888638e+01
9.999494e-01 1.695576e-03 -9.918505e-03 -4.943900e+00 -1.675372e-03 9.999965e-01 2.044966e-03 1.598876e+00 9.921937e-03 -2.028246e-03 9.999487e-01 -9.058984e+01
9.999335e-01 -2.642688e-03 1.122992e-02 -5.101677e+00 2.679135e-03 9.999912e-01 -3.231670e-03 1.631943e+00 -1.122128e-02 3.261542e-03 9.999317e-01 -9.226186e+01
9.999011e-01 2.003873e-03 -1.391912e-02 -5.174061e+00 -1.966108e-03 9.999944e-01 2.726321e-03 1.653577e+00 1.392451e-02 -2.698686e-03 9.998994e-01 -9.340638e+01
9.999762e-01 -2.121479e-03 6.565430e-03 -5.100967e+00 2.138838e-03 9.999942e-01 -2.638125e-03 1.661288e+00 -6.559795e-03 2.652105e-03 9.999750e-01 -9.392387e+01
9.999261e-01 2.176851e-03 -1.195844e-02 -5.210141e+00 -2.141852e-03 9.999934e-01 2.938742e-03 1.676270e+00 1.196476e-02 -2.912912e-03 9.999242e-01 -9.445246e+01
9.999512e-01 -2.223967e-03 9.629994e-03 -5.667451e+00 2.250463e-03 9.999937e-01 -2.741419e-03 1.707394e+00 -9.623836e-03 2.762958e-03 9.999499e-01 -9.516079e+01
9.999434e-01 1.770912e-03 -1.048626e-02 -6.070922e+00 -1.743423e-03 9.999950e-01 2.629991e-03 1.740790e+00 1.049086e-02 -2.611561e-03 9.999416e-01 -9.624336e+01
9.999845e-01 -2.075596e-03 5.166295e-03 -6.136604e+00 2.089350e-03 9.999943e-01 -2.658325e-03 1.756366e+00 -5.160748e-03 2.669079e-03 9.999831e-01 -9.700224e+01
9.999356e-01 1.921597e-03 -1.118169e-02 -6.240240e+00 -1.888255e-03 9.999937e-01 2.991617e-03 1.769282e+00 1.118737e-02 -2.970311e-03 9.999330e-01 -9.704150e+01
9.999962e-01 -1.569411e-03 2.253248e-03 -6.096164e+00 1.575042e-03 9.999956e-01 -2.499104e-03 1.777000e+00 -2.249316e-03 2.502644e-03 9.999943e-01 -9.732998e+01
9.999674e-01 1.557440e-03 -7.920056e-03 -6.088889e+00 -1.536604e-03 9.999953e-01 2.636163e-03 1.789585e+00 7.924124e-03 -2.623908e-03 9.999652e-01 -9.790257e+01
9.999985e-01 -1.627557e-03 5.197056e-04 -5.904097e+00 1.628766e-03 9.999960e-01 -2.333373e-03 1.788062e+00 -5.159054e-04 2.334217e-03 9.999971e-01 -9.817559e+01
9.999701e-01 1.605621e-03 -7.562319e-03 -5.613273e+00 -1.584523e-03 9.999948e-01 2.794976e-03 1.774078e+00 7.566768e-03 -2.782911e-03 9.999675e-01 -9.818969e+01
9.999964e-01 -1.515014e-03 -2.197176e-03 -5.218185e+00 1.509964e-03 9.999962e-01 -2.298568e-03 1.758455e+00 2.200651e-03 2.295243e-03 9.999949e-01 -9.820206e+01
9.999876e-01 1.036992e-03 -4.864921e-03 -4.963688e+00 -1.027411e-03 9.999975e-01 1.971584e-03 1.761709e+00 4.866953e-03 -1.966562e-03 9.999862e-01 -9.881774e+01
9.999969e-01 -1.410867e-03 2.038669e-03 -5.081241e+00 1.415476e-03 9.999964e-01 -2.260874e-03 1.779584e+00 -2.035471e-03 2.263754e-03 9.999954e-01 -9.972442e+01
9.999759e-01 1.419240e-03 -6.798767e-03 -5.082781e+00 -1.403544e-03 9.999963e-01 2.312947e-03 1.784055e+00 6.802025e-03 -2.303349e-03 9.999742e-01 -1.001352e+02
9.999993e-01 -1.162711e-03 -5.839016e-06 -4.980938e+00 1.162700e-03 9.999979e-01 -1.678756e-03 1.775684e+00 7.791235e-06 1.678749e-03 9.999986e-01 -1.000862e+02
9.999710e-01 2.167465e-03 -7.297590e-03 -4.872690e+00 -2.146983e-03 9.999937e-01 2.813401e-03 1.754939e+00 7.303642e-03 -2.797652e-03 9.999694e-01 -9.949677e+01
9.999969e-01 -1.858568e-03 1.644137e-03 -4.784400e+00 1.862694e-03 9.999951e-01 -2.511076e-03 1.749672e+00 -1.639461e-03 2.514131e-03 9.999955e-01 -9.959477e+01
9.999810e-01 1.517712e-03 -5.979013e-03 -4.748285e+00 -1.504173e-03 9.999963e-01 2.268282e-03 1.759626e+00 5.982433e-03 -2.259246e-03 9.999796e-01 -1.003047e+02
9.999982e-01 -1.487657e-03 1.212337e-03 -4.764206e+00 1.490444e-03 9.999962e-01 -2.301517e-03 1.764468e+00 -1.208908e-03 2.303320e-03 9.999966e-01 -1.007231e+02
9.999620e-01 1.496313e-03 -8.589425e-03 -4.552390e+00 -1.472239e-03 9.999950e-01 2.808335e-03 1.754573e+00 8.593584e-03 -2.795584e-03 9.999592e-01 -1.007714e+02
9.999998e-01 -5.566244e-04 1.445067e-04 -4.406848e+00 5.568438e-04 9.999987e-01 -1.521600e-03 1.733229e+00 -1.436593e-04 1.521681e-03 9.999988e-01 -1.001899e+02
9.999546e-01 1.034723e-03 -9.473212e-03 -4.179492e+00 -1.008430e-03 9.999956e-01 2.779831e-03 1.711352e+00 9.476046e-03 -2.770152e-03 9.999513e-01 -9.971351e+01
9.999996e-01 -6.697869e-04 -6.195944e-04 -3.885936e+00 6.687608e-04 9.999984e-01 -1.655172e-03 1.689558e+00 6.207024e-04 1.654758e-03 9.999984e-01 -9.934637e+01
9.999631e-01 1.015887e-03 -8.535803e-03 -3.579752e+00 -9.935918e-04 9.999961e-01 2.615809e-03 1.669455e+00 8.538427e-03 -2.607232e-03 9.999601e-01 -9.905839e+01
9.999974e-01 -7.234636e-04 -2.155427e-03 -3.183999e+00 7.190008e-04 9.999976e-01 -2.070656e-03 1.653837e+00 2.156920e-03 2.069102e-03 9.999955e-01 -9.903281e+01
9.999683e-01 7.978508e-04 -7.917941e-03 -2.862239e+00 -7.758854e-04 9.999958e-01 2.776851e-03 1.637136e+00 7.920124e-03 -2.770620e-03 9.999648e-01 -9.890441e+01
9.999959e-01 -5.552194e-04 -2.794367e-03 -2.525446e+00 5.497540e-04 9.999979e-01 -1.956346e-03 1.617783e+00 2.795447e-03 1.954802e-03 9.999942e-01 -9.870759e+01
9.999747e-01 8.858790e-04 -7.062987e-03 -2.221195e+00 -8.659089e-04 9.999956e-01 2.830015e-03 1.598900e+00 7.065462e-03 -2.823828e-03 9.999711e-01 -9.849083e+01
9.999891e-01 -4.783305e-04 -4.647250e-03 -1.886523e+00 4.694741e-04 9.999981e-01 -1.906684e-03 1.578991e+00 4.648154e-03 1.904482e-03 9.999874e-01 -9.826138e+01
9.999817e-01 7.619659e-04 -5.999299e-03 -1.590306e+00 -7.442808e-04 9.999954e-01 2.949590e-03 1.559048e+00 6.001518e-03 -2.945072e-03 9.999777e-01 -9.800411e+01
9.999850e-01 -5.037068e-04 -5.462572e-03 -1.241026e+00 4.924689e-04 9.999978e-01 -2.058446e-03 1.539830e+00 5.463597e-03 2.055726e-03 9.999830e-01 -9.783543e+01
9.999864e-01 1.088900e-03 -5.092917e-03 -1.028739e+00 -1.072845e-03 9.999945e-01 3.154172e-03 1.520541e+00 5.096323e-03 -3.148666e-03 9.999821e-01 -9.748487e+01
9.999907e-01 -2.487388e-04 -4.298209e-03 -8.747664e-01 2.401074e-04 9.999980e-01 -2.008581e-03 1.501799e+00 4.298700e-03 2.007531e-03 9.999887e-01 -9.706823e+01
9.999867e-01 7.185411e-04 -5.108588e-03 -5.581532e-01 -7.058635e-04 9.999967e-01 2.483036e-03 1.484772e+00 5.110355e-03 -2.479398e-03 9.999839e-01 -9.690923e+01
9.999978e-01 -4.057571e-05 -2.093960e-03 -4.241725e-01 3.710054e-05 9.999986e-01 -1.659745e-03 1.468771e+00 2.094025e-03 1.659665e-03 9.999964e-01 -9.657997e+01
9.999835e-01 6.626962e-04 -5.706870e-03 -2.747313e-01 -6.488938e-04 9.999969e-01 2.420115e-03 1.453353e+00 5.708456e-03 -2.416373e-03 9.999808e-01 -9.630797e+01
9.999988e-01 1.944167e-04 -1.563834e-03 -2.213535e-01 -1.967932e-04 9.999988e-01 -1.519764e-03 1.439633e+00 1.563537e-03 1.520071e-03 9.999976e-01 -9.592758e+01
9.999809e-01 6.290683e-04 -6.152285e-03 -1.412471e-01 -6.135285e-04 9.999966e-01 2.527463e-03 1.424395e+00 6.153854e-03 -2.523641e-03 9.999779e-01 -9.547883e+01
9.999981e-01 1.870309e-04 -1.921152e-03 -4.308078e-02 -1.897460e-04 9.999990e-01 -1.413292e-03 1.407046e+00 1.920886e-03 1.413655e-03 9.999972e-01 -9.495021e+01
9.999857e-01 7.420421e-04 -5.292984e-03 2.183424e-02 -7.293283e-04 9.999968e-01 2.403594e-03 1.390789e+00 5.294751e-03 -2.399700e-03 9.999831e-01 -9.443801e+01
9.999989e-01 2.467499e-04 -1.451473e-03 6.625024e-02 -2.489183e-04 9.999989e-01 -1.494120e-03 1.374454e+00 1.451103e-03 1.494480e-03 9.999978e-01 -9.392507e+01
9.999810e-01 8.674016e-04 -6.096613e-03 1.317142e-01 -8.523810e-04 9.999966e-01 2.465972e-03 1.357077e+00 6.098731e-03 -2.460729e-03 9.999784e-01 -9.345411e+01
9.999997e-01 1.098227e-04 -7.744647e-04 7.088603e-02 -1.109586e-04 9.999989e-01 -1.467112e-03 1.348002e+00 7.743030e-04 1.467198e-03 9.999986e-01 -9.304430e+01
9.999866e-01 1.595013e-04 -5.168135e-03 -1.037699e-01 -1.490994e-04 9.999980e-01 2.013065e-03 1.354599e+00 5.168445e-03 -2.012268e-03 9.999846e-01 -9.315251e+01
9.999989e-01 -2.572829e-04 -1.465253e-03 -4.193717e-02 2.544068e-04 9.999980e-01 -1.962915e-03 1.357113e+00 1.465755e-03 1.962541e-03 9.999970e-01 -9.351843e+01
9.999775e-01 4.573166e-04 -6.690390e-03 7.232657e-02 -4.412250e-04 9.999970e-01 2.406495e-03 1.351690e+00 6.691470e-03 -2.403490e-03 9.999747e-01 -9.361295e+01
9.999969e-01 1.956528e-04 -2.479218e-03 2.055229e-01 -1.994868e-04 9.999988e-01 -1.546430e-03 1.337307e+00 2.478913e-03 1.546920e-03 9.999957e-01 -9.333270e+01
9.999789e-01 5.646474e-04 -6.472645e-03 3.097348e-01 -5.486525e-04 9.999968e-01 2.472696e-03 1.322671e+00 6.474020e-03 -2.469093e-03 9.999760e-01 -9.303333e+01
9.999967e-01 7.723241e-06 -2.563354e-03 4.623013e-01 -1.202167e-05 9.999986e-01 -1.676974e-03 1.308193e+00 2.563338e-03 1.677000e-03 9.999953e-01 -9.279593e+01
9.999777e-01 1.827767e-04 -6.682815e-03 7.718992e-01 -1.665452e-04 9.999970e-01 2.429363e-03 1.289578e+00 6.683239e-03 -2.428196e-03 9.999747e-01 -9.264659e+01
9.999937e-01 -8.540173e-05 -3.555362e-03 1.108738e+00 7.918406e-05 9.999985e-01 -1.748997e-03 1.274212e+00 3.555506e-03 1.748705e-03 9.999922e-01 -9.261963e+01
9.999863e-01 -2.378106e-04 -5.232728e-03 1.354471e+00 2.472538e-04 9.999983e-01 1.804120e-03 1.271152e+00 5.232290e-03 -1.805390e-03 9.999847e-01 -9.293234e+01
9.999939e-01 -8.851086e-05 -3.502194e-03 1.649995e+00 8.266089e-05 9.999986e-01 -1.670564e-03 1.265664e+00 3.502337e-03 1.670265e-03 9.999925e-01 -9.323437e+01
9.999948e-01 -3.523379e-04 -3.213895e-03 1.820960e+00 3.569346e-04 9.999989e-01 1.429897e-03 1.268578e+00 3.213388e-03 -1.431037e-03 9.999938e-01 -9.376333e+01
9.999927e-01 -1.044267e-04 -3.824517e-03 2.014551e+00 9.856576e-05 9.999988e-01 -1.532686e-03 1.268965e+00 3.824672e-03 1.532298e-03 9.999915e-01 -9.421681e+01
9.999845e-01 2.339500e-04 -5.559320e-03 2.293255e+00 -2.215703e-04 9.999975e-01 2.227389e-03 1.251836e+00 5.559827e-03 -2.226124e-03 9.999821e-01 -9.404048e+01
9.999969e-01 -1.284169e-04 -2.481686e-03 2.549110e+00 1.240073e-04 9.999984e-01 -1.777045e-03 1.239200e+00 2.481911e-03 1.776733e-03 9.999953e-01 -9.402525e+01
9.999882e-01 -2.127647e-04 -4.861105e-03 2.764615e+00 2.210621e-04 9.999985e-01 1.706477e-03 1.235904e+00 4.860735e-03 -1.707532e-03 9.999867e-01 -9.434912e+01
9.999960e-01 -3.920729e-05 -2.830160e-03 2.971526e+00 3.421114e-05 9.999984e-01 -1.765459e-03 1.235474e+00 2.830225e-03 1.765356e-03 9.999944e-01 -9.473273e+01
9.999816e-01 -1.046031e-04 -6.070209e-03 3.217651e+00 1.152621e-04 9.999985e-01 1.755686e-03 1.233491e+00 6.070016e-03 -1.756354e-03 9.999800e-01 -9.502502e+01
9.999948e-01 -7.248187e-06 -3.217851e-03 3.494335e+00 1.854846e-06 9.999986e-01 -1.676165e-03 1.229664e+00 3.217858e-03 1.676151e-03 9.999934e-01 -9.529082e+01
9.999874e-01 -2.597419e-04 -5.004791e-03 3.866700e+00 2.681749e-04 9.999985e-01 1.684463e-03 1.216736e+00 5.004346e-03 -1.685784e-03 9.999861e-01 -9.541938e+01
9.999890e-01 1.089910e-03 -4.567067e-03 4.095646e+00 -1.093102e-03 9.999992e-01 -6.964654e-04 1.197706e+00 4.566304e-03 7.014506e-04 9.999893e-01 -9.495421e+01
9.999893e-01 -6.072982e-04 -4.584793e-03 4.328099e+00 6.149723e-04 9.999984e-01 1.672664e-03 1.179194e+00 4.583769e-03 -1.675467e-03 9.999881e-01 -9.458417e+01
9.999818e-01 6.032807e-04 -5.994729e-03 4.708286e+00 -6.111257e-04 9.999990e-01 -1.306948e-03 1.165315e+00 5.993935e-03 1.310588e-03 9.999812e-01 -9.464346e+01
9.999867e-01 -6.756371e-04 -5.112241e-03 5.110196e+00 6.833270e-04 9.999986e-01 1.502691e-03 1.155574e+00 5.111219e-03 -1.506165e-03 9.999858e-01 -9.486909e+01
9.999934e-01 3.028844e-04 -3.627342e-03 5.392087e+00 -3.089592e-04 9.999986e-01 -1.674377e-03 1.156146e+00 3.626830e-03 1.675487e-03 9.999920e-01 -9.537668e+01
9.999962e-01 -7.263844e-04 -2.674028e-03 5.477229e+00 7.300274e-04 9.999988e-01 1.361780e-03 1.163868e+00 2.673036e-03 -1.363728e-03 9.999955e-01 -9.603136e+01
9.999955e-01 2.033478e-04 -2.981560e-03 5.583194e+00 -2.089726e-04 9.999982e-01 -1.886427e-03 1.171897e+00 2.981171e-03 1.887043e-03 9.999938e-01 -9.675752e+01
9.999976e-01 -9.789171e-04 1.971855e-03 5.619206e+00 9.775986e-04 9.999993e-01 6.693444e-04 1.190329e+00 -1.972509e-03 -6.674157e-04 9.999978e-01 -9.796676e+01
9.999995e-01 5.403552e-05 -1.030861e-03 5.257732e+00 -5.599945e-05 9.999982e-01 -1.905523e-03 1.229808e+00 1.030756e-03 1.905581e-03 9.999977e-01 -9.940119e+01
9.999963e-01 -9.675942e-04 2.546277e-03 4.977737e+00 9.649902e-04 9.999990e-01 1.023544e-03 1.263801e+00 -2.547265e-03 -1.021083e-03 9.999962e-01 -1.009254e+02
9.999971e-01 -1.706104e-04 2.405935e-03 4.856585e+00 1.786234e-04 9.999944e-01 -3.330580e-03 1.302711e+00 -2.405353e-03 3.331001e-03 9.999916e-01 -1.029717e+02
9.999970e-01 -7.911880e-04 -2.318776e-03 4.863234e+00 7.950849e-04 9.999983e-01 1.680315e-03 1.326475e+00 2.317442e-03 -1.682155e-03 9.999959e-01 -1.044179e+02
9.999960e-01 -1.297781e-04 2.827010e-03 4.918802e+00 1.392905e-04 9.999943e-01 -3.364774e-03 1.346028e+00 -2.826558e-03 3.365155e-03 9.999903e-01 -1.057519e+02
9.999944e-01 -6.743862e-04 -3.277566e-03 4.989381e+00 6.806180e-04 9.999980e-01 1.900699e-03 1.362375e+00 3.276278e-03 -1.902920e-03 9.999928e-01 -1.069199e+02
9.999997e-01 1.537662e-04 7.840778e-04 4.986615e+00 -1.515795e-04 9.999961e-01 -2.787837e-03 1.375105e+00 -7.845032e-04 2.787718e-03 9.999958e-01 -1.078160e+02
9.999992e-01 -9.578562e-04 -8.156986e-04 4.928653e+00 9.590341e-04 9.999985e-01 1.445211e-03 1.396568e+00 8.143128e-04 -1.445993e-03 9.999986e-01 -1.091156e+02
9.999934e-01 -9.277479e-05 3.620666e-03 4.837992e+00 1.043727e-04 9.999949e-01 -3.203095e-03 1.424547e+00 -3.620350e-03 3.203453e-03 9.999883e-01 -1.107823e+02
9.999943e-01 -7.314415e-04 -3.302150e-03 4.769363e+00 7.374403e-04 9.999981e-01 1.815892e-03 1.444657e+00 3.300815e-03 -1.818318e-03 9.999929e-01 -1.120816e+02
9.999987e-01 3.716367e-04 -1.556333e-03 4.811745e+00 -3.749024e-04 9.999977e-01 -2.098778e-03 1.454862e+00 1.555550e-03 2.099359e-03 9.999966e-01 -1.129020e+02
9.999895e-01 -7.480853e-04 -4.525165e-03 4.870713e+00 7.564993e-04 9.999980e-01 1.858023e-03 1.462735e+00 4.523765e-03 -1.861428e-03 9.999880e-01 -1.135522e+02
9.999921e-01 3.663579e-04 -3.965020e-03 5.034738e+00 -3.732966e-04 9.999984e-01 -1.749472e-03 1.463073e+00 3.964373e-03 1.750939e-03 9.999906e-01 -1.139653e+02
9.999791e-01 -4.127118e-04 -6.458788e-03 5.185848e+00 4.290828e-04 9.999967e-01 2.533556e-03 1.457298e+00 6.457721e-03 -2.536275e-03 9.999759e-01 -1.139947e+02
9.999970e-01 1.019698e-04 -2.429703e-03 5.332693e+00 -1.078365e-04 9.999971e-01 -2.414702e-03 1.456119e+00 2.429449e-03 2.414958e-03 9.999941e-01 -1.143399e+02
9.999934e-01 -5.905911e-04 -3.582286e-03 5.511033e+00 5.974595e-04 9.999980e-01 1.916657e-03 1.462842e+00 3.581147e-03 -1.918786e-03 9.999917e-01 -1.150956e+02
9.999978e-01 1.869748e-05 -2.080157e-03 5.676433e+00 -2.297828e-05 9.999979e-01 -2.058081e-03 1.468987e+00 2.080114e-03 2.058125e-03 9.999957e-01 -1.157809e+02
9.999878e-01 -2.856478e-04 -4.930351e-03 5.768942e+00 2.956065e-04 9.999979e-01 2.019333e-03 1.473940e+00 4.929764e-03 -2.020766e-03 9.999858e-01 -1.163276e+02
9.999964e-01 -5.186285e-05 -2.699110e-03 5.910870e+00 4.628985e-05 9.999979e-01 -2.064904e-03 1.473557e+00 2.699211e-03 2.064772e-03 9.999942e-01 -1.166685e+02
9.999974e-01 -5.498614e-04 -2.219315e-03 6.111442e+00 5.534526e-04 9.999985e-01 1.618032e-03 1.479592e+00 2.218422e-03 -1.619257e-03 9.999962e-01 -1.174293e+02
9.999915e-01 -1.203562e-05 -4.123382e-03 6.290148e+00 5.063212e-06 9.999986e-01 -1.691035e-03 1.484224e+00 4.123397e-03 1.691000e-03 9.999901e-01 -1.180305e+02
9.999923e-01 -2.272464e-04 -3.906938e-03 6.409262e+00 2.343524e-04 9.999983e-01 1.818541e-03 1.486050e+00 3.906518e-03 -1.819443e-03 9.999907e-01 -1.184341e+02
9.999939e-01 -2.864623e-05 -3.505996e-03 6.446639e+00 2.298171e-05 9.999987e-01 -1.615796e-03 1.490637e+00 3.506038e-03 1.615706e-03 9.999925e-01 -1.188360e+02
9.999944e-01 -3.522692e-04 -3.323708e-03 6.446863e+00 3.574181e-04 9.999987e-01 1.548784e-03 1.498370e+00 3.323158e-03 -1.549964e-03 9.999933e-01 -1.194256e+02
9.999968e-01 -8.233512e-05 -2.529913e-03 6.504268e+00 7.785122e-05 9.999984e-01 -1.772546e-03 1.505585e+00 2.530055e-03 1.772344e-03 9.999952e-01 -1.201130e+02
9.999981e-01 -6.353030e-04 -1.856108e-03 6.587933e+00 6.373932e-04 9.999992e-01 1.125934e-03 1.514681e+00 1.855391e-03 -1.127115e-03 9.999976e-01 -1.210067e+02
9.999996e-01 -8.503557e-06 -8.977171e-04 6.687640e+00 6.663707e-06 9.999979e-01 -2.049864e-03 1.527917e+00 8.977329e-04 2.049857e-03 9.999975e-01 -1.221028e+02
9.999967e-01 -8.430663e-04 2.434271e-03 6.607121e+00 8.416605e-04 9.999995e-01 5.783137e-04 1.551756e+00 -2.434758e-03 -5.762636e-04 9.999969e-01 -1.236056e+02
9.999975e-01 1.605241e-04 2.218269e-03 6.310165e+00 -1.544251e-04 9.999962e-01 -2.749167e-03 1.580004e+00 -2.218701e-03 2.748818e-03 9.999938e-01 -1.248903e+02
9.999687e-01 3.161165e-04 7.907005e-03 5.888469e+00 -3.241368e-04 9.999994e-01 1.013022e-03 1.608825e+00 -7.906680e-03 -1.015554e-03 9.999682e-01 -1.260880e+02
9.999950e-01 -1.760105e-03 2.630569e-03 5.476002e+00 1.769408e-03 9.999922e-01 -3.538532e-03 1.653807e+00 -2.624320e-03 3.543169e-03 9.999903e-01 -1.283637e+02
9.999990e-01 5.948241e-04 1.320985e-03 5.357064e+00 -5.974728e-04 9.999978e-01 2.005331e-03 1.682992e+00 -1.319789e-03 -2.006119e-03 9.999971e-01 -1.300280e+02
9.999915e-01 -2.871067e-03 2.973653e-03 5.578346e+00 2.884022e-03 9.999863e-01 -4.361467e-03 1.702116e+00 -2.961090e-03 4.370006e-03 9.999861e-01 -1.317028e+02
9.999963e-01 1.578258e-03 2.195710e-03 5.749499e+00 -1.583353e-03 9.999961e-01 2.320511e-03 1.731111e+00 -2.192039e-03 -2.323980e-03 9.999949e-01 -1.338024e+02
9.999812e-01 -3.162861e-03 5.253381e-03 5.609313e+00 3.189237e-03 9.999823e-01 -5.020059e-03 1.771630e+00 -5.237410e-03 5.036719e-03 9.999736e-01 -1.360546e+02
9.999813e-01 2.243082e-03 -5.682155e-03 5.618699e+00 -2.222288e-03 9.999908e-01 3.663161e-03 1.793300e+00 5.690320e-03 -3.650466e-03 9.999771e-01 -1.374231e+02
9.999953e-01 -1.812066e-03 -2.478900e-03 5.696514e+00 1.805036e-03 9.999944e-01 -2.835602e-03 1.780866e+00 2.484024e-03 2.831115e-03 9.999929e-01 -1.371428e+02
9.999914e-01 2.893006e-03 -2.965904e-03 5.758623e+00 -2.881026e-03 9.999877e-01 4.035653e-03 1.760470e+00 2.977543e-03 -4.027074e-03 9.999875e-01 -1.363488e+02
9.999810e-01 -2.575869e-03 -5.602312e-03 5.887654e+00 2.557135e-03 9.999911e-01 -3.348687e-03 1.750038e+00 5.610888e-03 3.334299e-03 9.999787e-01 -1.361964e+02
9.999843e-01 1.678579e-03 5.340861e-03 5.907106e+00 -1.689205e-03 9.999966e-01 1.985661e-03 1.770256e+00 -5.337509e-03 -1.994652e-03 9.999838e-01 -1.376050e+02
9.999835e-01 -2.696072e-03 -5.068049e-03 5.934124e+00 2.678761e-03 9.999906e-01 -3.419411e-03 1.791056e+00 5.077220e-03 3.405779e-03 9.999813e-01 -1.390402e+02
9.999789e-01 1.359697e-03 6.351955e-03 5.983489e+00 -1.371867e-03 9.999972e-01 1.911940e-03 1.814827e+00 -6.349338e-03 -1.920615e-03 9.999780e-01 -1.406783e+02
9.999907e-01 -2.462985e-03 -3.536983e-03 6.135907e+00 2.450371e-03 9.999906e-01 -3.566300e-03 1.836000e+00 3.545733e-03 3.557600e-03 9.999874e-01 -1.424063e+02
9.999952e-01 1.638664e-03 2.634445e-03 6.266353e+00 -1.644825e-03 9.999959e-01 2.337953e-03 1.853207e+00 -2.630603e-03 -2.342275e-03 9.999938e-01 -1.437884e+02
9.999891e-01 -2.340585e-03 -4.039559e-03 6.392049e+00 2.326565e-03 9.999913e-01 -3.472111e-03 1.864064e+00 4.047651e-03 3.462676e-03 9.999858e-01 -1.448853e+02
9.999979e-01 1.825692e-03 -8.887033e-04 6.518949e+00 -1.823168e-03 9.999943e-01 2.833382e-03 1.874168e+00 8.938710e-04 -2.831756e-03 9.999956e-01 -1.457332e+02
9.999876e-01 -2.394232e-03 -4.373639e-03 6.663167e+00 2.379005e-03 9.999911e-01 -3.483419e-03 1.883741e+00 4.381940e-03 3.472971e-03 9.999844e-01 -1.465743e+02
9.999974e-01 1.813574e-03 -1.378990e-03 6.826939e+00 -1.809428e-03 9.999939e-01 3.002066e-03 1.890647e+00 1.384426e-03 -2.999564e-03 9.999945e-01 -1.473360e+02
9.999899e-01 -2.526901e-03 -3.706588e-03 6.991748e+00 2.513852e-03 9.999906e-01 -3.520933e-03 1.898059e+00 3.715451e-03 3.511580e-03 9.999869e-01 -1.481547e+02
9.999956e-01 1.995195e-03 -2.203297e-03 7.126140e+00 -1.988138e-03 9.999929e-01 3.200733e-03 1.904574e+00 2.209667e-03 -3.196339e-03 9.999925e-01 -1.488207e+02
9.999911e-01 -2.485801e-03 -3.420491e-03 7.259064e+00 2.473750e-03 9.999907e-01 -3.523014e-03 1.908492e+00 3.429217e-03 3.514522e-03 9.999879e-01 -1.493981e+02
9.999834e-01 1.543246e-03 5.549144e-03 7.252444e+00 -1.552581e-03 9.999974e-01 1.678211e-03 1.933818e+00 -5.546539e-03 -1.686799e-03 9.999832e-01 -1.510190e+02
9.999960e-01 -2.742930e-03 -6.249792e-04 7.150562e+00 2.740487e-03 9.999887e-01 -3.877677e-03 1.968598e+00 6.356086e-04 3.875949e-03 9.999923e-01 -1.529690e+02
9.999968e-01 1.939014e-03 1.617850e-03 7.140661e+00 -1.942599e-03 9.999957e-01 2.216899e-03 1.993456e+00 -1.613544e-03 -2.220035e-03 9.999962e-01 -1.544852e+02
9.999749e-01 -3.253793e-03 6.300788e-03 6.958599e+00 3.287009e-03 9.999807e-01 -5.268650e-03 2.035663e+00 -6.283524e-03 5.289229e-03 9.999663e-01 -1.568249e+02
9.999941e-01 1.695384e-03 2.984840e-03 6.791231e+00 -1.701983e-03 9.999961e-01 2.209757e-03 2.084837e+00 -2.981083e-03 -2.214825e-03 9.999931e-01 -1.594160e+02
9.999904e-01 -3.001247e-03 3.189630e-03 6.686926e+00 3.016774e-03 9.999836e-01 -4.874210e-03 2.125488e+00 -3.174948e-03 4.883786e-03 9.999830e-01 -1.616586e+02
9.999679e-01 1.351645e-03 7.895629e-03 6.462078e+00 -1.361976e-03 9.999982e-01 1.303245e-03 2.176971e+00 -7.893853e-03 -1.313957e-03 9.999680e-01 -1.644385e+02
9.999112e-01 -3.984515e-03 1.271789e-02 5.963262e+00 4.066851e-03 9.999709e-01 -6.454688e-03 2.251150e+00 -1.269180e-02 6.505838e-03 9.998983e-01 -1.682160e+02
9.999964e-01 2.137066e-03 -1.609485e-03 5.736697e+00 -2.131546e-03 9.999919e-01 3.423628e-03 2.306136e+00 1.616788e-03 -3.420186e-03 9.999928e-01 -1.710562e+02
9.998951e-01 -3.746643e-03 1.398770e-02 5.461887e+00 3.849702e-03 9.999656e-01 -7.348184e-03 2.359619e+00 -1.395969e-02 7.401263e-03 9.998752e-01 -1.738941e+02
9.999967e-01 1.907108e-03 -1.713864e-03 5.219925e+00 -1.900103e-03 9.999899e-01 4.079798e-03 2.413816e+00 1.721627e-03 -4.076529e-03 9.999902e-01 -1.767619e+02
9.999854e-01 -3.114575e-03 4.419073e-03 5.262044e+00 3.141626e-03 9.999763e-01 -6.127660e-03 2.438847e+00 -4.399882e-03 6.141454e-03 9.999715e-01 -1.784744e+02
9.999605e-01 2.202582e-03 -8.616008e-03 5.594094e+00 -2.161832e-03 9.999864e-01 4.736053e-03 2.448956e+00 8.626322e-03 -4.717240e-03 9.999517e-01 -1.796925e+02
9.998607e-01 -3.676028e-03 1.628303e-02 5.390778e+00 3.798463e-03 9.999647e-01 -7.494665e-03 2.489064e+00 -1.625490e-02 7.555472e-03 9.998393e-01 -1.819702e+02
9.999364e-01 2.263385e-03 -1.104853e-02 5.250778e+00 -2.201227e-03 9.999817e-01 5.634850e-03 2.528857e+00 1.106109e-02 -5.610172e-03 9.999231e-01 -1.841118e+02
9.999761e-01 -2.867569e-03 6.295126e-03 5.353345e+00 2.907371e-03 9.999758e-01 -6.322495e-03 2.540063e+00 -6.276843e-03 6.340646e-03 9.999602e-01 -1.850354e+02
9.999109e-01 2.233952e-03 -1.315805e-02 5.546020e+00 -2.152709e-03 9.999786e-01 6.185357e-03 2.545698e+00 1.317159e-02 -6.156481e-03 9.998943e-01 -1.857538e+02
9.999642e-01 -2.730857e-03 8.004556e-03 5.657363e+00 2.785062e-03 9.999732e-01 -6.768361e-03 2.556502e+00 -7.985858e-03 6.790413e-03 9.999451e-01 -1.865993e+02
9.999031e-01 2.188199e-03 -1.374600e-02 5.770311e+00 -2.102175e-03 9.999781e-01 6.269482e-03 2.564563e+00 1.375941e-02 -6.239978e-03 9.998859e-01 -1.873681e+02
9.999567e-01 -2.757777e-03 8.892736e-03 5.941070e+00 2.818975e-03 9.999724e-01 -6.876662e-03 2.571384e+00 -8.873526e-03 6.901433e-03 9.999368e-01 -1.881579e+02
9.999122e-01 2.244162e-03 -1.305604e-02 6.057570e+00 -2.163661e-03 9.999786e-01 6.176738e-03 2.582661e+00 1.306962e-02 -6.147948e-03 9.998957e-01 -1.890506e+02
