9.999721e-01 -5.118203e-04 -7.453139e-03 3.504708e-01 5.061259e-04 9.999996e-01 -7.658904e-04 -2.293300e-03 7.453528e-03 7.620961e-04 9.999719e-01 -5.939687e-01
9.999978e-01 2.930168e-04 -2.054890e-03 6.899209e-01 -2.914285e-04 9.999997e-01 7.731799e-04 -3.047798e-03 2.055117e-03 -7.725787e-04 9.999976e-01 -1.106620e+00
9.999819e-01 -9.464413e-04 -5.947228e-03 9.114358e-01 9.401038e-04 9.999990e-01 -1.068322e-03 -2.920973e-03 5.948233e-03 1.062711e-03 9.999817e-01 -1.610472e+00
9.999961e-01 5.012558e-04 -2.743761e-03 1.154628e+00 -4.983253e-04 9.999993e-01 1.068611e-03 -7.687879e-04 2.744295e-03 -1.067239e-03 9.999957e-01 -2.167272e+00
9.999827e-01 -1.168617e-03 -5.763949e-03 1.438880e+00 1.161392e-03 9.999985e-01 -1.256651e-03 4.811466e-04 5.765409e-03 1.249934e-03 9.999826e-01 -2.769660e+00
9.999986e-01 7.724607e-04 -1.492073e-03 1.621207e+00 -7.709305e-04 9.999992e-01 1.025846e-03 3.960203e-03 1.492865e-03 -1.024694e-03 9.999984e-01 -3.339739e+00
9.999919e-01 -2.012716e-03 -3.473459e-03 1.865780e+00 2.005104e-03 9.999956e-01 -2.193811e-03 7.840741e-03 3.477859e-03 2.186828e-03 9.999916e-01 -4.172586e+00
9.999963e-01 7.164572e-04 -2.609363e-03 2.219326e+00 -7.125365e-04 9.999986e-01 1.503163e-03 1.033606e-02 2.610437e-03 -1.501298e-03 9.999955e-01 -5.021987e+00
9.999953e-01 -1.836602e-03 -2.447171e-03 2.477666e+00 1.831493e-03 9.999961e-01 -2.088382e-03 2.036647e-02 2.450997e-03 2.083890e-03 9.999948e-01 -6.085041e+00
9.999979e-01 8.326710e-04 -1.854207e-03 2.659558e+00 -8.299364e-04 9.999986e-01 1.475078e-03 3.113166e-02 1.855433e-03 -1.473535e-03 9.999972e-01 -7.059982e+00
9.999482e-01 -2.640168e-03 9.825482e-03 2.493465e+00 2.685545e-03 9.999858e-01 -4.608044e-03 6.958486e-02 -9.813176e-03 4.634192e-03 9.999411e-01 -9.322550e+00
9.999992e-01 4.967653e-04 1.179707e-03 2.234665e+00 -4.985466e-04 9.999987e-01 1.510186e-03 1.192487e-01 -1.178955e-03 -1.510772e-03 9.999982e-01 -1.206062e+01
9.999956e-01 -1.376098e-03 -2.620907e-03 2.225136e+00 1.369759e-03 9.999961e-01 -2.418653e-03 1.423305e-01 2.624225e-03 2.415052e-03 9.999936e-01 -1.343566e+01
9.999975e-01 4.945578e-04 -2.198065e-03 2.423574e+00 -4.910491e-04 9.999986e-01 1.596501e-03 1.494948e-01 2.198851e-03 -1.595417e-03 9.999963e-01 -1.429684e+01
9.999964e-01 -1.451166e-03 -2.268096e-03 2.663061e+00 1.445951e-03 9.999963e-01 -2.298965e-03 1.617199e-01 2.271424e-03 2.295676e-03 9.999948e-01 -1.543935e+01
9.999888e-01 1.715688e-03 4.422078e-03 2.883838e+00 -1.721448e-03 9.999977e-01 1.299220e-03 1.649700e-01 -4.419838e-03 -1.306817e-03 9.999894e-01 -1.625794e+01
9.999910e-01 -1.521124e-03 3.967642e-03 3.221865e+00 1.533159e-03 9.999942e-01 -3.032073e-03 1.708748e-01 -3.963008e-03 3.038128e-03 9.999875e-01 -1.728622e+01
9.999458e-01 2.713754e-03 1.005373e-02 3.336357e+00 -2.731811e-03 9.999947e-01 1.782690e-03 1.660303e-01 -1.004884e-02 -1.810057e-03 9.999479e-01 -1.751065e+01
9.999648e-01 -2.898241e-03 7.876597e-03 2.901161e+00 2.929391e-03 9.999879e-01 -3.946099e-03 2.040869e-01 -7.865065e-03 3.969033e-03 9.999612e-01 -1.942462e+01
9.999660e-01 3.424484e-03 7.497949e-03 2.409133e+00 -3.443189e-03 9.999910e-01 2.483243e-03 2.302549e-01 -7.489377e-03 -2.508975e-03 9.999688e-01 -2.050196e+01
9.999416e-01 -3.821809e-03 1.010640e-02 1.901237e+00 3.872329e-03 9.999801e-01 -4.984037e-03 2.812690e-01 -1.008715e-02 5.022881e-03 9.999365e-01 -2.279845e+01
9.999320e-01 3.767175e-03 1.103280e-02 1.387454e+00 -3.795119e-03 9.999896e-01 2.512975e-03 3.291527e-01 -1.102321e-02 -2.554674e-03 9.999360e-01 -2.504414e+01
9.999828e-01 -4.410612e-03 3.878189e-03 1.128485e+00 4.426457e-03 9.999819e-01 -4.086592e-03 3.623893e-01 -3.860095e-03 4.103687e-03 9.999841e-01 -2.677484e+01
9.999548e-01 3.838558e-03 8.697052e-03 9.159412e-01 -3.862827e-03 9.999887e-01 2.775443e-03 3.870400e-01 -8.686300e-03 -2.808913e-03 9.999583e-01 -2.817544e+01
9.999959e-01 -2.820835e-03 -4.121498e-04 7.841190e-01 2.819087e-03 9.999873e-01 -4.183153e-03 3.909129e-01 4.239442e-04 4.181973e-03 9.999912e-01 -2.823028e+01
9.998050e-01 3.577475e-03 1.941902e-02 7.206164e-01 -3.623706e-03 9.999907e-01 2.346034e-03 3.913307e-01 -1.941045e-02 -2.415945e-03 9.998087e-01 -2.871498e+01
9.999983e-01 -1.402417e-03 1.155043e-03 5.245838e-01 1.405510e-03 9.999954e-01 -2.680985e-03 3.743012e-01 -1.151278e-03 2.682603e-03 9.999957e-01 -2.785275e+01
9.998254e-01 3.281834e-03 1.839292e-02 3.261646e-01 -3.329838e-03 9.999911e-01 2.579905e-03 3.509019e-01 -1.838429e-02 -2.640699e-03 9.998275e-01 -2.701685e+01
9.999959e-01 -2.865326e-03 2.259011e-04 -1.344578e-01 2.866389e-03 9.999841e-01 -4.851659e-03 3.809327e-01 -2.119963e-04 4.852286e-03 9.999882e-01 -2.886790e+01
9.998505e-01 5.716777e-03 1.632100e-02 -7.512984e-01 -5.806963e-03 9.999681e-01 5.483770e-03 3.684009e-01 -1.628913e-02 -5.577725e-03 9.998518e-01 -2.756768e+01
9.999727e-01 -2.511657e-03 6.953727e-03 -1.454360e+00 2.542455e-03 9.999870e-01 -4.423793e-03 3.601606e-01 -6.942526e-03 4.441351e-03 9.999660e-01 -2.642877e+01
9.999617e-01 4.873916e-03 7.266550e-03 -2.047447e+00 -4.899973e-03 9.999816e-01 3.572391e-03 3.670776e-01 -7.249005e-03 -3.607860e-03 9.999672e-01 -2.615778e+01
9.998983e-01 -1.293305e-03 1.419986e-02 -2.754034e+00 1.321100e-03 9.999972e-01 -1.948251e-03 3.485218e-01 -1.419730e-02 1.966812e-03 9.998973e-01 -2.417319e+01
9.999631e-01 4.610178e-03 7.243766e-03 -3.251213e+00 -4.633865e-03 9.999840e-01 3.256522e-03 3.172164e-01 -7.228637e-03 -3.289968e-03 9.999685e-01 -2.215249e+01
9.999539e-01 -1.385000e-03 9.506451e-03 -4.059881e+00 1.409415e-03 9.999957e-01 -2.562101e-03 3.085356e-01 -9.502862e-03 2.575381e-03 9.999515e-01 -2.079734e+01
9.999554e-01 4.798924e-03 8.136667e-03 -4.240425e+00 -4.841379e-03 9.999747e-01 5.206072e-03 2.642565e-01 -8.111478e-03 -5.245232e-03 9.999533e-01 -1.819161e+01
9.999905e-01 -1.158387e-03 4.194436e-03 -4.429856e+00 1.178040e-03 9.999883e-01 -4.686018e-03 2.254864e-01 -4.188960e-03 4.690914e-03 9.999802e-01 -1.539120e+01
9.997470e-01 7.051327e-03 2.135694e-02 -4.718105e+00 -7.203445e-03 9.999492e-01 7.054120e-03 1.619608e-01 -2.130611e-02 -7.206179e-03 9.997470e-01 -1.127848e+01
9.998282e-01 2.567291e-03 1.835522e-02 -4.693048e+00 -2.487321e-03 9.999873e-01 -4.378350e-03 4.428359e-02 -1.836623e-02 4.331942e-03 9.998219e-01 -4.329210e+00
9.998850e-01 3.449376e-03 1.476602e-02 -5.588066e+00 -3.544159e-03 9.999733e-01 6.397670e-03 3.406391e-03 -1.474356e-02 -6.449266e-03 9.998705e-01 -7.613361e-01
9.998182e-01 5.344127e-03 1.830356e-02 -5.727256e+00 -5.290239e-03 9.999815e-01 -2.991297e-03 -9.376635e-02 -1.831920e-02 2.893922e-03 9.998280e-01 4.844567e+00
9.998451e-01 5.233340e-03 1.680252e-02 -5.509445e+00 -5.347697e-03 9.999628e-01 6.768239e-03 -2.390293e-01 -1.676648e-02 -6.857045e-03 9.998359e-01 1.153272e+01
9.997075e-01 4.520513e-03 2.375759e-02 -5.435437e+00 -4.453146e-03 9.999859e-01 -2.887738e-03 -3.700977e-01 -2.377031e-02 2.781097e-03 9.997136e-01 1.839468e+01
9.991919e-01 6.301187e-03 3.969580e-02 -5.444233e+00 -6.598787e-03 9.999511e-01 7.370461e-03 -5.403559e-01 -3.964741e-02 -7.626448e-03 9.991846e-01 2.805921e+01
9.999594e-01 1.380250e-03 8.905548e-03 -5.385226e+00 -1.352333e-03 9.999942e-01 -3.139977e-03 -6.850185e-01 -8.909830e-03 3.127806e-03 9.999554e-01 3.567256e+01
9.993383e-01 5.463511e-03 3.595861e-02 -5.319511e+00 -5.735469e-03 9.999557e-01 7.464269e-03 -8.157396e-01 -3.591623e-02 -7.665569e-03 9.993254e-01 4.251716e+01
9.999805e-01 1.080910e-03 6.156590e-03 -5.227797e+00 -1.062093e-03 9.999948e-01 -3.058823e-03 -9.480889e-01 -6.159865e-03 3.052224e-03 9.999764e-01 4.911711e+01
9.999955e-01 2.542304e-03 1.609168e-03 -4.958625e+00 -2.551796e-03 9.999792e-01 5.923926e-03 -1.029428e+00 -1.594074e-03 -5.928005e-03 9.999812e-01 5.226588e+01
9.999671e-01 9.455004e-04 8.060426e-03 -4.764184e+00 -9.202948e-04 9.999947e-01 -3.130177e-03 -1.100665e+00 -8.063343e-03 3.122656e-03 9.999626e-01 5.531723e+01
9.999135e-01 -5.397153e-04 -1.314478e-02 -4.771523e+00 5.824070e-04 9.999946e-01 3.244210e-03 -1.107715e+00 1.314296e-02 -3.251584e-03 9.999083e-01 5.547830e+01
9.995733e-01 3.743204e-03 2.897031e-02 -4.728040e+00 -3.705362e-03 9.999922e-01 -1.359780e-03 -1.165266e+00 -2.897518e-02 1.251853e-03 9.995793e-01 5.872374e+01
9.998383e-01 4.515114e-04 -1.797505e-02 -4.504409e+00 -3.742341e-04 9.999907e-01 4.302286e-03 -1.244517e+00 1.797682e-02 -4.294863e-03 9.998292e-01 6.198332e+01
9.999378e-01 -1.223214e-03 1.108393e-02 -4.271223e+00 1.275523e-03 9.999881e-01 -4.713502e-03 -1.240277e+00 -1.107803e-02 4.727346e-03 9.999275e-01 6.130454e+01
9.998292e-01 6.354240e-04 -1.846930e-02 -4.083163e+00 -5.518698e-04 9.999896e-01 4.528708e-03 -1.233414e+00 1.847199e-02 -4.517741e-03 9.998192e-01 6.059124e+01
9.999356e-01 -8.483085e-04 1.131490e-02 -4.013747e+00 8.983661e-04 9.999898e-01 -4.419672e-03 -1.227576e+00 -1.131104e-02 4.429552e-03 9.999262e-01 6.008470e+01
9.998172e-01 1.384476e-03 -1.906990e-02 -3.926886e+00 -1.278265e-03 9.999836e-01 5.580621e-03 -1.242064e+00 1.907732e-02 -5.555224e-03 9.998026e-01 6.052531e+01
9.999112e-01 -6.369302e-05 1.332475e-02 -3.866416e+00 1.215806e-04 9.999906e-01 -4.343581e-03 -1.263848e+00 -1.332435e-02 4.344815e-03 9.999018e-01 6.128196e+01
9.998356e-01 9.556278e-04 -1.810690e-02 -3.861247e+00 -8.592959e-04 9.999854e-01 5.327224e-03 -1.279050e+00 1.811172e-02 -5.310788e-03 9.998219e-01 6.201333e+01
9.999306e-01 1.086531e-05 1.178422e-02 -3.802330e+00 3.874245e-05 9.999911e-01 -4.209420e-03 -1.294326e+00 -1.178416e-02 4.209584e-03 9.999217e-01 6.260213e+01
9.997961e-01 -2.084083e-04 -2.019388e-02 -3.687496e+00 2.975693e-04 9.999902e-01 4.412357e-03 -1.288406e+00 2.019276e-02 -4.417465e-03 9.997863e-01 6.213792e+01
9.998951e-01 -2.315196e-04 1.448367e-02 -3.627248e+00 2.988423e-04 9.999892e-01 -4.646176e-03 -1.273525e+00 -1.448244e-02 4.650016e-03 9.998843e-01 6.128371e+01
9.998314e-01 -3.012032e-04 -1.835834e-02 -3.680092e+00 3.876621e-04 9.999889e-01 4.706152e-03 -1.250246e+00 1.835672e-02 -4.712475e-03 9.998204e-01 6.025146e+01
9.999041e-01 -2.012018e-05 1.384940e-02 -3.702416e+00 8.546918e-05 9.999889e-01 -4.717951e-03 -1.232549e+00 -1.384915e-02 4.718681e-03 9.998930e-01 5.942897e+01
9.998034e-01 -3.457896e-04 -1.982725e-02 -3.614955e+00 4.381315e-04 9.999891e-01 4.653179e-03 -1.221315e+00 1.982543e-02 -4.660950e-03 9.997926e-01 5.871675e+01
9.999262e-01 1.295570e-04 1.214440e-02 -3.469939e+00 -7.399292e-05 9.999895e-01 -4.575610e-03 -1.218211e+00 -1.214486e-02 4.574373e-03 9.999158e-01 5.830105e+01
9.997856e-01 -2.576884e-04 -2.070483e-02 -3.345897e+00 3.564773e-04 9.999886e-01 4.767757e-03 -1.211143e+00 2.070337e-02 -4.774115e-03 9.997743e-01 5.781168e+01
9.999005e-01 -2.462055e-04 1.410296e-02 -3.238147e+00 3.192177e-04 9.999866e-01 -5.175048e-03 -1.201168e+00 -1.410150e-02 5.179035e-03 9.998872e-01 5.703987e+01
9.997935e-01 -4.464441e-04 -2.031742e-02 -3.080132e+00 5.433988e-04 9.999885e-01 4.766739e-03 -1.189211e+00 2.031506e-02 -4.776794e-03 9.997822e-01 5.612142e+01
9.999013e-01 -3.436233e-04 1.404356e-02 -2.847431e+00 4.189231e-04 9.999856e-01 -5.359272e-03 -1.178250e+00 -1.404151e-02 5.364625e-03 9.998870e-01 5.516761e+01
9.998439e-01 -5.000040e-04 -1.765983e-02 -2.733789e+00 5.775313e-04 9.999902e-01 4.385219e-03 -1.160132e+00 1.765747e-02 -4.394733e-03 9.998344e-01 5.396773e+01
9.999082e-01 -4.339489e-04 1.354562e-02 -2.556874e+00 5.066251e-04 9.999855e-01 -5.362312e-03 -1.144311e+00 -1.354309e-02 5.368682e-03 9.998939e-01 5.280407e+01
9.998506e-01 -6.204133e-04 -1.727522e-02 -2.339602e+00 6.909404e-04 9.999915e-01 4.076902e-03 -1.127706e+00 1.727254e-02 -4.088228e-03 9.998425e-01 5.158199e+01
9.999095e-01 -6.360198e-05 1.345474e-02 -2.236696e+00 1.295803e-04 9.999880e-01 -4.902892e-03 -1.110723e+00 -1.345426e-02 4.904191e-03 9.998975e-01 5.045428e+01
9.998958e-01 -9.571908e-04 -1.440419e-02 -2.142888e+00 1.006855e-03 9.999936e-01 3.441080e-03 -1.090147e+00 1.440081e-02 -3.455223e-03 9.998903e-01 4.909191e+01
9.999256e-01 -2.192498e-05 1.219589e-02 -2.008821e+00 7.909433e-05 9.999890e-01 -4.687112e-03 -1.070228e+00 -1.219565e-02 4.687728e-03 9.999146e-01 4.777207e+01
9.998693e-01 -9.808341e-04 -1.614055e-02 -1.841408e+00 1.040792e-03 9.999926e-01 3.706781e-03 -1.058086e+00 1.613680e-02 -3.723094e-03 9.998629e-01 4.674298e+01
9.999571e-01 1.503223e-04 9.259898e-03 -1.575175e+00 -1.136019e-04 9.999921e-01 -3.965916e-03 -1.049078e+00 -9.260421e-03 3.964693e-03 9.999493e-01 4.582360e+01
9.999300e-01 -1.157725e-03 -1.177703e-02 -1.420154e+00 1.190569e-03 9.999954e-01 2.782189e-03 -1.031025e+00 1.177376e-02 -2.796015e-03 9.999268e-01 4.455154e+01
9.999408e-01 1.650067e-04 1.088229e-02 -1.316770e+00 -1.177879e-04 9.999906e-01 -4.339528e-03 -1.008359e+00 -1.088290e-02 4.337988e-03 9.999314e-01 4.310141e+01
9.999009e-01 -1.054919e-03 -1.403788e-02 -1.169523e+00 1.101305e-03 9.999940e-01 3.297043e-03 -9.914034e-01 1.403432e-02 -3.312176e-03 9.998960e-01 4.190137e+01
9.999441e-01 8.600846e-05 1.057239e-02 -9.839693e-01 -3.917263e-05 9.999902e-01 -4.430123e-03 -9.759757e-01 -1.057267e-02 4.429460e-03 9.999343e-01 4.072796e+01
9.999102e-01 -1.084060e-03 -1.335896e-02 -8.122340e-01 1.128084e-03 9.999940e-01 3.288395e-03 -9.581242e-01 1.335531e-02 -3.303169e-03 9.999054e-01 3.945194e+01
9.999660e-01 3.646723e-04 8.237859e-03 -6.604717e-01 -3.335617e-04 9.999928e-01 -3.777566e-03 -9.450760e-01 -8.239178e-03 3.774689e-03 9.999589e-01 3.845957e+01
9.999243e-01 -1.259265e-03 -1.224233e-02 -5.063165e-01 1.293281e-03 9.999953e-01 2.770990e-03 -9.315567e-01 1.223879e-02 -2.786612e-03 9.999212e-01 3.741377e+01
9.999651e-01 2.488857e-04 8.350902e-03 -3.190717e-01 -2.184525e-04 9.999933e-01 -3.644985e-03 -9.160029e-01 -8.351754e-03 3.643033e-03 9.999585e-01 3.624184e+01
9.998898e-01 -1.205433e-03 -1.479815e-02 -5.295662e-02 1.249750e-03 9.999948e-01 2.985905e-03 -9.106918e-01 1.479447e-02 -3.004069e-03 9.998860e-01 3.539975e+01
9.999845e-01 5.615285e-04 5.543917e-03 3.280926e-01 -5.447282e-04 9.999953e-01 -3.031422e-03 -9.092436e-01 -5.545594e-03 3.028354e-03 9.999800e-01 3.472088e+01
9.999501e-01 -1.523009e-03 -9.877694e-03 5.197117e-01 1.546414e-03 9.999960e-01 2.362318e-03 -8.979024e-01 9.874057e-03 -2.377474e-03 9.999484e-01 3.372601e+01
9.999924e-01 6.344545e-04 3.855600e-03 7.430542e-01 -6.215971e-04 9.999942e-01 -3.334967e-03 -8.884704e-01 -3.857694e-03 3.332545e-03 9.999870e-01 3.277866e+01
9.999495e-01 -1.646961e-03 -9.916208e-03 1.045667e+00 1.672718e-03 9.999952e-01 2.589678e-03 -8.791110e-01 9.911896e-03 -2.606134e-03 9.999475e-01 3.178696e+01
9.999979e-01 9.479927e-04 1.804093e-03 1.419473e+00 -9.425035e-04 9.999949e-01 -3.040980e-03 -8.767908e-01 -1.806967e-03 3.039273e-03 9.999937e-01 3.106313e+01
9.999597e-01 -1.686358e-03 -8.819348e-03 1.664258e+00 1.707893e-03 9.999956e-01 2.434938e-03 -8.689162e-01 8.815203e-03 -2.449902e-03 9.999581e-01 3.023661e+01
9.999987e-01 1.574315e-03 3.844263e-04 1.735816e+00 -1.573712e-03 9.999975e-01 -1.565432e-03 -8.742146e-01 -3.868901e-04 1.564825e-03 9.999987e-01 3.033322e+01
9.999680e-01 -1.210811e-03 -7.903134e-03 1.841834e+00 1.230063e-03 9.999963e-01 2.431549e-03 -8.890422e-01 7.900161e-03 -2.441192e-03 9.999658e-01 3.069476e+01
9.999996e-01 5.333001e-04 -6.479452e-04 2.083599e+00 -5.349148e-04 9.999967e-01 -2.494617e-03 -8.820570e-01 6.466124e-04 2.494962e-03 9.999967e-01 2.995627e+01
9.999737e-01 -1.436363e-03 -7.107942e-03 2.373747e+00 1.449112e-03 9.999973e-01 1.788940e-03 -8.737527e-01 7.105354e-03 -1.799193e-03 9.999731e-01 2.907888e+01
9.999972e-01 2.952222e-04 2.362353e-03 2.722141e+00 -2.887218e-04 9.999962e-01 -2.751439e-03 -8.633888e-01 -2.363156e-03 2.750748e-03 9.999934e-01 2.795497e+01
9.999565e-01 -1.129861e-03 -9.260331e-03 3.046786e+00 1.151439e-03 9.999966e-01 2.325235e-03 -8.584680e-01 9.257673e-03 -2.335795e-03 9.999544e-01 2.716670e+01
9.999989e-01 4.643800e-04 1.409936e-03 3.306157e+00 -4.602749e-04 9.999957e-01 -2.910373e-03 -8.536371e-01 -1.411282e-03 2.909720e-03 9.999948e-01 2.646716e+01
9.999243e-01 -9.921944e-04 -1.226249e-02 3.755965e+00 1.023303e-03 9.999963e-01 2.530873e-03 -8.518784e-01 1.225993e-02 -2.543229e-03 9.999216e-01 2.575356e+01
9.999653e-01 -2.710588e-06 8.325525e-03 3.965888e+00 3.100172e-05 9.999942e-01 -3.397975e-03 -8.385546e-01 -8.325468e-03 3.398115e-03 9.999596e-01 2.463215e+01
9.999055e-01 -8.665836e-04 -1.371838e-02 4.196391e+00 9.024643e-04 9.999962e-01 2.609552e-03 -8.268182e-01 1.371606e-02 -2.621685e-03 9.999025e-01 2.360091e+01
9.999562e-01 -1.031237e-05 9.359621e-03 4.394295e+00 4.213175e-05 9.999942e-01 -3.399438e-03 -8.153924e-01 -9.359532e-03 3.399683e-03 9.999504e-01 2.255852e+01
9.998734e-01 -9.024412e-04 -1.588664e-02 4.693699e+00 9.462136e-04 9.999958e-01 2.748009e-03 -8.062114e-01 1.588409e-02 -2.762692e-03 9.998700e-01 2.156378e+01
9.999467e-01 1.901347e-04 1.032742e-02 4.863443e+00 -1.579492e-04 9.999951e-01 -3.117215e-03 -7.948022e-01 -1.032796e-02 3.115417e-03 9.999418e-01 2.063085e+01
9.998959e-01 -1.023637e-03 -1.439575e-02 4.987926e+00 1.057746e-03 9.999967e-01 2.361967e-03 -7.815753e-01 1.439328e-02 -2.376947e-03 9.998936e-01 1.961358e+01
9.999950e-01 7.068136e-04 3.097103e-03 5.430628e+00 -6.993090e-04 9.999968e-01 -2.423473e-03 -7.857551e-01 -3.098807e-03 2.421295e-03 9.999923e-01 1.916989e+01
9.999217e-01 -1.290160e-03 -1.244594e-02 5.682984e+00 1.318866e-03 9.999965e-01 2.298522e-03 -7.826796e-01 1.244293e-02 -2.314756e-03 9.999199e-01 1.859876e+01
9.999778e-01 5.000174e-04 6.643549e-03 5.853710e+00 -4.824206e-04 9.999964e-01 -2.650018e-03 -7.729648e-01 -6.644850e-03 2.646753e-03 9.999744e-01 1.773447e+01
9.999193e-01 -1.166314e-03 -1.265239e-02 6.054946e+00 1.197252e-03 9.999963e-01 2.437953e-03 -7.650880e-01 1.264950e-02 -2.452904e-03 9.999170e-01 1.691291e+01
9.999552e-01 3.432395e-04 9.462207e-03 6.170447e+00 -3.138149e-04 9.999951e-01 -3.111000e-03 -7.516258e-01 -9.463228e-03 3.107891e-03 9.999504e-01 1.586868e+01
9.999248e-01 -1.321083e-03 -1.218898e-02 6.369054e+00 1.347945e-03 9.999967e-01 2.195818e-03 -7.382435e-01 1.218603e-02 -2.212082e-03 9.999233e-01 1.472196e+01
9.999700e-01 4.197038e-04 7.733177e-03 6.647434e+00 -3.958993e-04 9.999952e-01 -3.079485e-03 -7.285517e-01 -7.734433e-03 3.076331e-03 9.999654e-01 1.370107e+01
9.998435e-01 -1.410129e-03 -1.763238e-02 7.259018e+00 1.458733e-03 9.999952e-01 2.743979e-03 -7.333379e-01 1.762842e-02 -2.769270e-03 9.998408e-01 1.301899e+01
9.999128e-01 2.726054e-04 1.320580e-02 7.623722e+00 -2.223474e-04 9.999927e-01 -3.807061e-03 -7.252350e-01 -1.320674e-02 3.803792e-03 9.999056e-01 1.194574e+01
9.998530e-01 -1.231548e-03 -1.710028e-02 7.854069e+00 1.282366e-03 9.999948e-01 2.961091e-03 -7.142421e-01 1.709655e-02 -2.982584e-03 9.998494e-01 1.089184e+01
9.999360e-01 3.927774e-04 1.130679e-02 8.162897e+00 -3.525441e-04 9.999936e-01 -3.560089e-03 -7.081408e-01 -1.130811e-02 3.555874e-03 9.999297e-01 1.000668e+01
9.998396e-01 -1.036442e-03 -1.787882e-02 8.410455e+00 1.093113e-03 9.999944e-01 3.160244e-03 -7.027092e-01 1.787544e-02 -3.179280e-03 9.998352e-01 9.244865e+00
9.999505e-01 5.265096e-04 9.935017e-03 8.672869e+00 -4.932574e-04 9.999943e-01 -3.349117e-03 -6.989383e-01 -9.936724e-03 3.344050e-03 9.999450e-01 8.580468e+00
9.998763e-01 -1.277598e-03 -1.567733e-02 8.925103e+00 1.318017e-03 9.999958e-01 2.568159e-03 -6.933173e-01 1.567398e-02 -2.588503e-03 9.998738e-01 7.741788e+00
9.999594e-01 6.029722e-04 8.987417e-03 9.233096e+00 -5.741492e-04 9.999947e-01 -3.209256e-03 -6.903805e-01 -8.989304e-03 3.203965e-03 9.999545e-01 6.989406e+00
9.998478e-01 -1.141848e-03 -1.740634e-02 9.565763e+00 1.194161e-03 9.999948e-01 2.995329e-03 -6.875684e-01 1.740283e-02 -3.015659e-03 9.998440e-01 6.290268e+00
9.999307e-01 5.251339e-04 1.175811e-02 9.811726e+00 -4.837425e-04 9.999937e-01 -3.522804e-03 -6.809502e-01 -1.175989e-02 3.516872e-03 9.999247e-01 5.452723e+00
9.998561e-01 -1.282647e-03 -1.691816e-02 1.005766e+01 1.334315e-03 9.999945e-01 3.043102e-03 -6.736173e-01 1.691416e-02 -3.065237e-03 9.998522e-01 4.596256e+00
9.999470e-01 6.801672e-04 1.027167e-02 1.033357e+01 -6.458602e-04 9.999942e-01 -3.342902e-03 -6.683895e-01 -1.027389e-02 3.336090e-03 9.999417e-01 3.828258e+00
9.998442e-01 -1.126705e-03 -1.761825e-02 1.054997e+01 1.184703e-03 9.999939e-01 3.281844e-03 -6.641613e-01 1.761444e-02 -3.302204e-03 9.998394e-01 3.178514e+00
9.999560e-01 9.277124e-04 9.334413e-03 1.068646e+01 -8.991147e-04 9.999949e-01 -3.067410e-03 -6.649730e-01 -9.337212e-03 3.058882e-03 9.999517e-01 2.839251e+00
9.998259e-01 -1.088895e-03 -1.862633e-02 1.083293e+01 1.152364e-03 9.999936e-01 3.397099e-03 -6.672791e-01 1.862251e-02 -3.417972e-03 9.998207e-01 2.602767e+00
9.999610e-01 1.017291e-03 8.774914e-03 1.098260e+01 -9.924972e-04 9.999955e-01 -2.829392e-03 -6.719375e-01 -8.777754e-03 2.820572e-03 9.999575e-01 2.494289e+00
9.998565e-01 -7.159855e-04 -1.692263e-02 1.102853e+01 7.763297e-04 9.999934e-01 3.559590e-03 -6.803304e-01 1.691997e-02 -3.572216e-03 9.998505e-01 2.811984e+00
9.999673e-01 5.958431e-04 8.069442e-03 1.106186e+01 -5.705714e-04 9.999949e-01 -3.133711e-03 -6.822188e-01 -8.071268e-03 3.129003e-03 9.999625e-01 2.678352e+00
9.998674e-01 -9.835438e-04 -1.625384e-02 1.120123e+01 1.037426e-03 9.999940e-01 3.306965e-03 -6.778759e-01 1.625049e-02 -3.323388e-03 9.998624e-01 2.160623e+00
9.999353e-01 7.652485e-04 1.134892e-02 1.103890e+01 -7.311517e-04 9.999952e-01 -3.008245e-03 -6.586830e-01 -1.135117e-02 2.999752e-03 9.999311e-01 1.628673e+00
9.998097e-01 -5.667908e-04 -1.950162e-02 1.105791e+01 6.369287e-04 9.999934e-01 3.590498e-03 -6.577635e-01 1.949945e-02 -3.602235e-03 9.998034e-01 1.567189e+00
9.999204e-01 7.692932e-04 1.259440e-02 1.096103e+01 -7.300202e-04 9.999949e-01 -3.122586e-03 -6.540287e-01 -1.259674e-02 3.113142e-03 9.999158e-01 1.513813e+00
9.998450e-01 -1.204667e-03 -1.756518e-02 1.090802e+01 1.256574e-03 9.999949e-01 2.944375e-03 -6.393025e-01 1.756154e-02 -2.965990e-03 9.998414e-01 7.866083e-01
9.999054e-01 6.179225e-04 1.374187e-02 1.093405e+01 -5.711996e-04 9.999940e-01 -3.403703e-03 -6.241981e-01 -1.374389e-02 3.395531e-03 9.998998e-01 -1.908143e-01
9.998556e-01 -1.275578e-03 -1.694461e-02 1.094326e+01 1.321899e-03 9.999954e-01 2.722760e-03 -6.079947e-01 1.694106e-02 -2.744765e-03 9.998527e-01 -1.221263e+00
9.998849e-01 6.660043e-04 1.515884e-02 1.075561e+01 -6.166032e-04 9.999945e-01 -3.263333e-03 -5.843633e-01 -1.516093e-02 3.253610e-03 9.998798e-01 -2.335445e+00
9.998535e-01 -7.777249e-04 -1.709858e-02 1.025515e+01 8.399491e-04 9.999931e-01 3.632263e-03 -5.469419e-01 1.709564e-02 -3.646092e-03 9.998472e-01 -3.188029e+00
9.999230e-01 7.532446e-04 1.238656e-02 1.001779e+01 -7.141050e-04 9.999947e-01 -3.163959e-03 -5.270616e-01 -1.238888e-02 3.154870e-03 9.999183e-01 -3.695551e+00
9.998111e-01 -1.405384e-03 -1.938355e-02 1.024636e+01 1.457154e-03 9.999954e-01 2.656967e-03 -5.214552e-01 1.937973e-02 -2.684709e-03 9.998086e-01 -4.415534e+00
9.998963e-01 7.114792e-04 1.438410e-02 1.037460e+01 -6.647892e-04 9.999945e-01 -3.250463e-03 -5.088743e-01 -1.438633e-02 3.240563e-03 9.998913e-01 -5.368884e+00
9.998154e-01 -1.121895e-03 -1.918287e-02 1.027155e+01 1.183284e-03 9.999942e-01 3.189137e-03 -4.910095e-01 1.917918e-02 -3.211246e-03 9.998109e-01 -6.193274e+00
9.999001e-01 5.771854e-04 1.412365e-02 1.030927e+01 -5.268311e-04 9.999935e-01 -3.568708e-03 -4.792528e-01 -1.412562e-02 3.560910e-03 9.998939e-01 -7.004457e+00
9.997624e-01 -1.113659e-03 -2.177140e-02 1.054937e+01 1.187863e-03 9.999935e-01 3.395689e-03 -4.789648e-01 2.176748e-02 -3.420743e-03 9.997572e-01 -7.497717e+00
9.999143e-01 9.672499e-04 1.305912e-02 1.071613e+01 -9.265712e-04 9.999947e-01 -3.120646e-03 -4.799361e-01 -1.306207e-02 3.108277e-03 9.999099e-01 -7.817162e+00
9.998366e-01 -1.558921e-03 -1.801103e-02 1.078040e+01 1.604570e-03 9.999955e-01 2.520364e-03 -4.684688e-01 1.800702e-02 -2.548852e-03 9.998346e-01 -8.662281e+00
9.998201e-01 -5.222817e-05 1.896621e-02 1.089512e+01 1.384372e-04 9.999897e-01 -4.544114e-03 -4.508717e-01 -1.896578e-02 4.545921e-03 9.998098e-01 -1.013494e+01
9.997637e-01 -7.626714e-04 -2.172259e-02 1.101378e+01 8.478704e-04 9.999920e-01 3.913197e-03 -4.339326e-01 2.171943e-02 -3.930690e-03 9.997564e-01 -1.131145e+01
9.998902e-01 2.498237e-04 1.481849e-02 1.116696e+01 -1.833577e-04 9.999899e-01 -4.486523e-03 -4.269174e-01 -1.481946e-02 4.483313e-03 9.998801e-01 -1.201240e+01
9.997328e-01 -4.963786e-04 -2.310977e-02 1.130749e+01 6.046927e-04 9.999889e-01 4.680191e-03 -4.254329e-01 2.310719e-02 -4.692914e-03 9.997220e-01 -1.243372e+01
9.999226e-01 1.097979e-03 1.239515e-02 1.148568e+01 -1.052234e-03 9.999926e-01 -3.696492e-03 -4.399830e-01 -1.239912e-02 3.683163e-03 9.999163e-01 -1.220318e+01
9.998142e-01 -7.866689e-04 -1.925750e-02 1.136204e+01 8.661042e-04 9.999912e-01 4.116910e-03 -4.318503e-01 1.925409e-02 -4.132824e-03 9.998061e-01 -1.242461e+01
9.999375e-01 9.432587e-04 1.114132e-02 1.143068e+01 -9.006895e-04 9.999923e-01 -3.825233e-03 -4.316122e-01 -1.114485e-02 3.814959e-03 9.999306e-01 -1.265531e+01
9.997976e-01 -1.290301e-03 -2.007777e-02 1.174068e+01 1.368184e-03 9.999916e-01 3.865803e-03 -4.425945e-01 2.007261e-02 -3.892490e-03 9.997909e-01 -1.276918e+01
9.999525e-01 1.172225e-03 9.673993e-03 1.205688e+01 -1.139821e-03 9.999937e-01 -3.354480e-03 -4.531513e-01 -9.677864e-03 3.343293e-03 9.999476e-01 -1.286129e+01
9.997606e-01 -9.740112e-04 -2.185863e-02 1.228564e+01 1.068778e-03 9.999901e-01 4.324187e-03 -4.667192e-01 2.185421e-02 -4.346513e-03 9.997517e-01 -1.272866e+01
9.999361e-01 1.325432e-03 1.122516e-02 1.242711e+01 -1.287708e-03 9.999935e-01 -3.367172e-03 -4.773724e-01 -1.122955e-02 3.352501e-03 9.999313e-01 -1.257154e+01
9.999331e-01 -1.383897e-03 -1.148425e-02 1.188664e+01 1.429944e-03 9.999910e-01 4.002403e-03 -4.431047e-01 1.147861e-02 -4.018556e-03 9.999260e-01 -1.201019e+01
9.999235e-01 1.316850e-03 1.229717e-02 1.134433e+01 -1.279024e-03 9.999944e-01 -3.083299e-03 -4.026459e-01 -1.230116e-02 3.067334e-03 9.999196e-01 -1.152520e+01
9.996970e-01 -1.266669e-03 -2.458252e-02 1.169472e+01 1.357237e-03 9.999924e-01 3.667914e-03 -4.222232e-01 2.457768e-02 -3.700166e-03 9.996911e-01 -1.135616e+01
9.999125e-01 1.674513e-03 1.312080e-02 1.187276e+01 -1.636213e-03 9.999944e-01 -2.929152e-03 -4.326067e-01 -1.312563e-02 2.907427e-03 9.999096e-01 -1.123983e+01
9.998116e-01 -1.331586e-03 -1.936709e-02 1.160631e+01 1.405770e-03 9.999917e-01 3.817288e-03 -4.194736e-01 1.936185e-02 -3.843793e-03 9.998052e-01 -1.108061e+01
9.999227e-01 1.636511e-03 1.232630e-02 1.154958e+01 -1.600608e-03 9.999945e-01 -2.921964e-03 -4.172443e-01 -1.233101e-02 2.902007e-03 9.999198e-01 -1.077720e+01
9.997249e-01 -1.138924e-03 -2.342898e-02 1.173416e+01 1.228351e-03 9.999920e-01 3.802902e-03 -4.321235e-01 2.342446e-02 -3.830634e-03 9.997183e-01 -1.054951e+01
9.998023e-01 1.249013e-03 1.984483e-02 1.120974e+01 -1.191138e-03 9.999950e-01 -2.927959e-03 -4.025344e-01 -1.984839e-02 2.903741e-03 9.997988e-01 -1.032324e+01
9.996796e-01 -8.804087e-04 -2.529505e-02 1.085752e+01 9.733125e-04 9.999928e-01 3.660727e-03 -3.737861e-01 2.529165e-02 -3.684174e-03 9.996733e-01 -1.037179e+01
9.998885e-01 8.150533e-04 1.490719e-02 1.113960e+01 -7.692574e-04 9.999950e-01 -3.077550e-03 -3.856790e-01 -1.490963e-02 3.065739e-03 9.998841e-01 -1.038009e+01
9.996899e-01 -5.246750e-04 -2.489504e-02 1.118138e+01 6.241667e-04 9.999918e-01 3.988841e-03 -3.879484e-01 2.489274e-02 -4.003142e-03 9.996821e-01 -1.019903e+01
9.998453e-01 1.354916e-03 1.753722e-02 1.113536e+01 -1.304357e-03 9.999950e-01 -2.894103e-03 -3.903667e-01 -1.754105e-02 2.870780e-03 9.998420e-01 -9.754209e+00
9.996642e-01 -9.007296e-04 -2.589674e-02 1.128971e+01 1.003499e-03 9.999917e-01 3.955693e-03 -4.095597e-01 2.589296e-02 -3.980351e-03 9.996568e-01 -9.255725e+00
9.999118e-01 9.788232e-04 1.324361e-02 1.163051e+01 -9.397129e-04 9.999952e-01 -2.959054e-03 -4.267274e-01 -1.324645e-02 2.946347e-03 9.999079e-01 -9.122106e+00
9.996817e-01 -6.684901e-04 -2.522187e-02 1.189929e+01 7.737678e-04 9.999910e-01 4.164533e-03 -4.441487e-01 2.521886e-02 -4.182723e-03 9.996732e-01 -8.898932e+00
9.999116e-01 9.796813e-04 1.325828e-02 1.216090e+01 -9.389835e-04 9.999948e-01 -3.075493e-03 -4.609442e-01 -1.326123e-02 3.062771e-03 9.999074e-01 -8.696479e+00
9.997702e-01 -6.180395e-04 -2.142886e-02 1.220921e+01 7.079757e-04 9.999910e-01 4.189631e-03 -4.702268e-01 2.142607e-02 -4.203839e-03 9.997616e-01 -8.333284e+00
9.999081e-01 1.211546e-03 1.350242e-02 1.228832e+01 -1.169785e-03 9.999945e-01 -3.100347e-03 -4.786756e-01 -1.350610e-02 3.084266e-03 9.999040e-01 -7.963929e+00
9.996879e-01 -8.594510e-04 -2.496845e-02 1.253789e+01 9.649726e-04 9.999907e-01 4.214454e-03 -4.961204e-01 2.496460e-02 -4.237232e-03 9.996794e-01 -7.720546e+00
9.998204e-01 1.144194e-03 1.891464e-02 1.239800e+01 -1.086904e-03 9.999948e-01 -3.038877e-03 -4.891196e-01 -1.891802e-02 3.017772e-03 9.998165e-01 -7.290966e+00
9.997148e-01 -7.047737e-04 -2.387253e-02 1.219717e+01 8.047814e-04 9.999909e-01 4.179888e-03 -4.715538e-01 2.386937e-02 -4.197907e-03 9.997063e-01 -6.923610e+00
9.998918e-01 1.218382e-03 1.465652e-02 1.222469e+01 -1.170044e-03 9.999938e-01 -3.306217e-03 -4.687271e-01 -1.466046e-02 3.288710e-03 9.998871e-01 -6.767702e+00
9.996004e-01 -1.492799e-03 -2.822952e-02 1.336966e+01 1.575925e-03 9.999945e-01 2.922630e-03 -5.336633e-01 2.822500e-02 -2.965948e-03 9.995972e-01 -6.126771e+00
9.999685e-01 1.590007e-03 7.775866e-03 1.493389e+01 -1.575011e-03 9.999969e-01 -1.934191e-03 -6.164911e-01 -7.778918e-03 1.921882e-03 9.999679e-01 -5.401823e+00
9.996673e-01 -1.591590e-03 -2.574491e-02 1.579585e+01 1.660614e-03 9.999951e-01 2.659897e-03 -6.576482e-01 2.574055e-02 -2.701763e-03 9.996650e-01 -5.113148e+00
9.997239e-01 -2.246356e-04 2.349630e-02 1.611808e+01 3.444068e-04 9.999870e-01 -5.093532e-03 -6.391634e-01 -2.349485e-02 5.100217e-03 9.997109e-01 -6.761958e+00
9.997892e-01 -1.838555e-03 -2.044996e-02 1.633562e+01 1.896962e-03 9.999942e-01 2.837080e-03 -6.212285e-01 2.044463e-02 -2.875274e-03 9.997869e-01 -8.388889e+00
9.999461e-01 2.804736e-05 1.038174e-02 1.763807e+01 2.185257e-05 9.999884e-01 -4.806374e-03 -6.674015e-01 -1.038175e-02 4.806341e-03 9.999346e-01 -8.758918e+00
9.998799e-01 -3.014837e-03 -1.519882e-02 1.895474e+01 3.034616e-03 9.999946e-01 1.278493e-03 -6.800365e-01 1.519488e-02 -1.324462e-03 9.998837e-01 -1.042793e+01
9.997861e-01 2.434290e-04 2.068286e-02 1.972794e+01 -1.448930e-04 9.999886e-01 -4.765508e-03 -7.017981e-01 -2.068378e-02 4.761491e-03 9.997747e-01 -1.126845e+01
9.990242e-01 -6.580509e-04 -4.416054e-02 2.224375e+01 7.940767e-04 9.999950e-01 3.062782e-03 -8.225383e-01 4.415831e-02 -3.094859e-03 9.990198e-01 -1.053995e+01
9.997700e-01 1.246985e-03 2.141161e-02 2.383851e+01 -1.202331e-03 9.999971e-01 -2.098225e-03 -8.629079e-01 -2.141417e-02 2.071997e-03 9.997685e-01 -1.085318e+01
9.997967e-01 -3.175194e-03 -1.991213e-02 2.376421e+01 3.218422e-03 9.999925e-01 2.139246e-03 -8.360824e-01 1.990519e-02 -2.202896e-03 9.997994e-01 -1.225830e+01
9.998921e-01 3.270140e-03 1.432379e-02 2.337970e+01 -3.261133e-03 9.999945e-01 -6.520778e-04 -7.981184e-01 -1.432584e-02 6.052949e-04 9.998972e-01 -1.202939e+01
9.998868e-01 -2.490159e-03 -1.484044e-02 2.285634e+01 2.517343e-03 9.999952e-01 1.813405e-03 -7.586038e-01 1.483586e-02 -1.850557e-03 9.998882e-01 -1.158870e+01
9.999584e-01 2.829836e-03 8.668222e-03 2.268061e+01 -2.822326e-03 9.999956e-01 -8.784478e-04 -7.538110e-01 -8.670670e-03 8.539460e-04 9.999620e-01 -1.127448e+01
9.998956e-01 -2.603676e-03 -1.421141e-02 2.237753e+01 2.630592e-03 9.999948e-01 1.875591e-03 -7.399857e-01 1.420645e-02 -1.912778e-03 9.998973e-01 -1.105955e+01
9.999677e-01 2.772377e-03 7.543470e-03 2.218433e+01 -2.764931e-03 9.999957e-01 -9.973838e-04 -7.302303e-01 -7.546203e-03 9.764937e-04 9.999711e-01 -1.074574e+01
9.998958e-01 -2.043349e-03 -1.429279e-02 2.198226e+01 2.074021e-03 9.999956e-01 2.131451e-03 -7.191642e-01 1.428837e-02 -2.160872e-03 9.998956e-01 -1.051494e+01
9.999311e-01 1.927467e-03 1.158002e-02 2.157196e+01 -1.913515e-03 9.999974e-01 -1.215818e-03 -6.929150e-01 -1.158234e-02 1.193575e-03 9.999322e-01 -1.003438e+01
9.999257e-01 -9.627866e-04 -1.215387e-02 2.118845e+01 9.921533e-04 9.999966e-01 2.410441e-03 -6.726563e-01 1.215151e-02 -2.422319e-03 9.999232e-01 -9.216729e+00
9.999100e-01 1.054472e-03 1.337122e-02 2.078974e+01 -1.039879e-03 9.999989e-01 -1.098227e-03 -6.554910e-01 -1.337236e-02 1.084223e-03 9.999100e-01 -8.200016e+00
9.999028e-01 -9.958216e-04 -1.390329e-02 2.053404e+01 1.026161e-03 9.999971e-01 2.175186e-03 -6.448545e-01 1.390108e-02 -2.189241e-03 9.999010e-01 -7.227009e+00
9.999019e-01 1.172685e-03 1.395850e-02 2.015380e+01 -1.155303e-03 9.999985e-01 -1.253244e-03 -6.218294e-01 -1.395995e-02 1.236994e-03 9.999018e-01 -6.371598e+00
9.999958e-01 -1.520236e-03 -2.471995e-03 1.892887e+01 1.525409e-03 9.999966e-01 2.092047e-03 -5.370909e-01 2.468807e-03 -2.095808e-03 9.999948e-01 -5.381088e+00
9.999350e-01 1.449065e-03 1.130743e-02 1.797409e+01 -1.439475e-03 9.999986e-01 -8.561888e-04 -4.683978e-01 -1.130866e-02 8.398557e-04 9.999357e-01 -4.499413e+00
9.998202e-01 -8.906724e-04 -1.894077e-02 1.808955e+01 9.259270e-04 9.999979e-01 1.852618e-03 -4.811973e-01 1.893908e-02 -1.869822e-03 9.998189e-01 -4.131889e+00
9.999767e-01 1.418850e-03 6.681446e-03 1.839409e+01 -1.414939e-03 9.999988e-01 -5.901036e-04 -5.019846e-01 -6.682275e-03 5.806353e-04 9.999775e-01 -3.855767e+00
9.998766e-01 -9.634983e-04 -1.567811e-02 1.844369e+01 9.877381e-04 9.999983e-01 1.538413e-03 -5.106719e-01 1.567660e-02 -1.553708e-03 9.998759e-01 -3.496218e+00
9.999570e-01 1.310671e-03 9.181512e-03 1.827792e+01 -1.305409e-03 9.999990e-01 -5.791143e-04 -5.041076e-01 -9.182262e-03 5.671031e-04 9.999577e-01 -3.163661e+00
9.999105e-01 -1.235547e-03 -1.332536e-02 1.781974e+01 1.255058e-03 9.999982e-01 1.455898e-03 -4.781932e-01 1.332354e-02 -1.472491e-03 9.999102e-01 -3.006248e+00
9.999619e-01 1.441820e-03 8.613981e-03 1.732346e+01 -1.438563e-03 9.999989e-01 -3.844056e-04 -4.510074e-01 -8.614526e-03 3.719985e-04 9.999628e-01 -2.989764e+00
9.999605e-01 -1.600582e-03 -8.741931e-03 1.671873e+01 1.608888e-03 9.999983e-01 9.431426e-04 -4.102288e-01 8.740406e-03 -9.571694e-04 9.999613e-01 -2.570795e+00
9.999091e-01 2.265047e-03 1.329348e-02 1.515818e+01 -2.275537e-03 9.999971e-01 7.740478e-04 -3.254220e-01 -1.329169e-02 -8.042279e-04 9.999113e-01 -2.911718e+00
9.999306e-01 -2.185186e-03 -1.158091e-02 1.415154e+01 2.200981e-03 9.999967e-01 1.351223e-03 -2.713169e-01 1.157792e-02 -1.376618e-03 9.999320e-01 -3.614478e+00
9.999957e-01 2.622571e-03 -1.281644e-03 1.470117e+01 -2.622949e-03 9.999965e-01 -2.930718e-04 -3.018531e-01 1.280871e-03 2.964315e-04 9.999991e-01 -3.287239e+00
9.999457e-01 -1.743952e-03 -1.027432e-02 1.549439e+01 1.760906e-03 9.999971e-01 1.641257e-03 -3.520592e-01 1.027143e-02 -1.659259e-03 9.999459e-01 -2.258992e+00
9.999949e-01 3.161052e-03 5.363602e-04 1.586965e+01 -3.160826e-03 9.999949e-01 -4.234858e-04 -3.833959e-01 -5.376964e-04 4.217876e-04 9.999998e-01 -1.494770e+00
9.999165e-01 -4.044883e-03 -1.227035e-02 1.666393e+01 4.045666e-03 9.999918e-01 3.894508e-05 -4.045353e-01 1.227009e-02 -8.858285e-05 9.999247e-01 -1.842181e+00
9.999936e-01 3.564737e-03 -1.714507e-04 1.744109e+01 -3.564703e-03 9.999936e-01 1.984077e-04 -4.170689e-01 1.721565e-04 -1.977960e-04 1.000000e+00 -2.356068e+00
9.999441e-01 -3.395966e-03 -1.001653e-02 1.756061e+01 3.402842e-03 9.999940e-01 6.694994e-04 -4.247956e-01 1.001420e-02 -7.035459e-04 9.999496e-01 -2.176552e+00
9.999927e-01 3.799048e-03 5.043828e-04 1.765576e+01 -3.799184e-03 9.999927e-01 2.685285e-04 -4.364529e-01 -5.033593e-04 -2.704435e-04 9.999998e-01 -1.816708e+00
9.999498e-01 -3.253159e-03 -9.482288e-03 1.774993e+01 3.261300e-03 9.999943e-01 8.432217e-04 -4.525531e-01 9.479491e-03 -8.741032e-04 9.999547e-01 -1.360531e+00
9.999748e-01 3.518258e-03 6.169288e-03 1.741671e+01 -3.517799e-03 9.999938e-01 -8.529563e-05 -4.352520e-01 -6.169550e-03 6.359046e-05 9.999810e-01 -8.715004e-01
9.998832e-01 -4.005972e-03 -1.474968e-02 1.775446e+01 4.016028e-03 9.999917e-01 6.522391e-04 -4.537831e-01 1.474695e-02 -7.113974e-04 9.998910e-01 -4.599598e-01
9.999911e-01 4.215376e-03 -2.004922e-04 1.865654e+01 -4.215137e-03 9.999904e-01 1.178629e-03 -4.965652e-01 2.054583e-04 -1.177774e-03 9.999993e-01 -1.862029e-01
9.999400e-01 -4.567844e-03 -9.956710e-03 1.903768e+01 4.562344e-03 9.999894e-01 -5.750751e-04 -5.087641e-01 9.959232e-03 5.296154e-04 9.999503e-01 -3.316632e-01
9.999909e-01 4.172310e-03 8.677326e-04 1.926678e+01 -4.173005e-03 9.999910e-01 8.011327e-04 -5.110813e-01 -8.643825e-04 -8.047471e-04 9.999993e-01 -6.666427e-01
9.999292e-01 -4.155064e-03 -1.115240e-02 1.947978e+01 4.155049e-03 9.999914e-01 -2.454684e-05 -5.256821e-01 1.115240e-02 -2.179295e-05 9.999378e-01 -5.050782e-01
9.999898e-01 4.307897e-03 1.390069e-03 1.968523e+01 -4.308873e-03 9.999905e-01 6.998224e-04 -5.372282e-01 -1.387041e-03 -7.058055e-04 9.999988e-01 -4.500642e-01
9.999349e-01 -4.630475e-03 -1.042776e-02 1.995216e+01 4.624436e-03 9.999891e-01 -6.032416e-04 -5.423486e-01 1.043044e-02 5.549806e-04 9.999454e-01 -7.151141e-01
9.999898e-01 4.414898e-03 9.021470e-04 2.024642e+01 -4.415396e-03 9.999901e-01 5.513218e-04 -5.439737e-01 -8.997044e-04 -5.553002e-04 9.999994e-01 -1.140837e+00
9.999421e-01 -4.725100e-03 -9.667555e-03 2.055289e+01 4.718747e-03 9.999886e-01 -6.798346e-04 -5.452596e-01 9.670658e-03 6.341772e-04 9.999530e-01 -1.615509e+00
9.999891e-01 4.381277e-03 -1.593138e-03 2.115647e+01 -4.380126e-03 9.999901e-01 7.253983e-04 -5.611187e-01 1.596300e-03 -7.184130e-04 9.999985e-01 -1.868503e+00
9.999174e-01 -4.605269e-03 -1.199685e-02 2.175360e+01 4.604631e-03 9.999894e-01 -8.076882e-05 -5.756234e-01 1.199710e-02 2.552176e-05 9.999280e-01 -2.102777e+00
9.999871e-01 4.407624e-03 2.538326e-03 2.201190e+01 -4.408237e-03 9.999903e-01 2.360875e-04 -5.803790e-01 -2.537261e-03 -2.472747e-04 9.999968e-01 -2.360445e+00
9.999259e-01 -4.606630e-03 -1.126688e-02 2.219326e+01 4.604195e-03 9.999894e-01 -2.420172e-04 -5.767011e-01 1.126787e-02 1.901251e-04 9.999365e-01 -2.897123e+00
9.999781e-01 4.569571e-03 4.793280e-03 2.201799e+01 -4.573730e-03 9.999892e-01 8.569855e-04 -5.588120e-01 -4.789312e-03 -8.788905e-04 9.999881e-01 -3.138145e+00
9.999175e-01 -4.846494e-03 -1.189285e-02 2.208774e+01 4.840453e-03 9.999881e-01 -5.366832e-04 -5.528261e-01 1.189531e-02 4.790729e-04 9.999291e-01 -3.624961e+00
9.999833e-01 4.685350e-03 3.396527e-03 2.218797e+01 -4.688597e-03 9.999886e-01 9.485059e-04 -5.491181e-01 -3.392044e-03 -9.644157e-04 9.999938e-01 -4.049091e+00
9.999339e-01 -5.266266e-03 -1.021949e-02 2.241743e+01 5.253191e-03 9.999853e-01 -1.305809e-03 -5.491194e-01 1.022622e-02 1.252039e-03 9.999469e-01 -4.572338e+00
9.999865e-01 5.002829e-03 1.368374e-03 2.263806e+01 -5.005102e-03 9.999861e-01 1.662714e-03 -5.468306e-01 -1.360037e-03 -1.669542e-03 9.999977e-01 -5.067088e+00
9.999464e-01 -5.029111e-03 -9.053002e-03 2.261720e+01 5.021971e-03 9.999871e-01 -8.112937e-04 -5.363840e-01 9.056965e-03 7.657870e-04 9.999587e-01 -5.227619e+00
9.999850e-01 5.013915e-03 2.195203e-03 2.242995e+01 -5.017776e-03 9.999859e-01 1.756445e-03 -5.193009e-01 -2.186365e-03 -1.767434e-03 9.999960e-01 -5.181688e+00
9.999682e-01 -4.944273e-03 -6.258824e-03 2.200322e+01 4.938715e-03 9.999874e-01 -9.030866e-04 -4.886842e-01 6.263211e-03 8.721480e-04 9.999800e-01 -5.021636e+00
9.999865e-01 5.135526e-03 -8.184583e-04 2.188024e+01 -5.134107e-03 9.999853e-01 1.727132e-03 -4.745524e-01 8.273157e-04 -1.722908e-03 9.999982e-01 -5.205116e+00
9.999544e-01 -5.336242e-03 -7.921264e-03 2.207274e+01 5.322077e-03 9.999842e-01 -1.808213e-03 -4.732820e-01 7.930788e-03 1.765973e-03 9.999670e-01 -5.645533e+00
9.999715e-01 5.621267e-03 5.036541e-03 2.232823e+01 -5.630189e-03 9.999826e-01 1.758977e-03 -4.966447e-01 -5.026566e-03 -1.787284e-03 9.999858e-01 -5.199375e+00
9.999792e-01 -5.041634e-03 -4.014332e-03 2.260131e+01 5.037448e-03 9.999868e-01 -1.052055e-03 -5.256485e-01 4.019583e-03 1.031812e-03 9.999914e-01 -4.999101e+00
