1.000000e+00 1.197625e-11 1.704638e-10 1.665335e-16 1.197625e-11 1.000000e+00 3.562503e-10 -1.110223e-16 1.704638e-10 3.562503e-10 1.000000e+00 2.220446e-16 0.000000e+00 0.000000e+00 0.000000e+00 1.000000e+00
7.792323e-01 -1.723813e-01 6.025626e-01 1.155417e+00 2.299368e-01 9.730203e-01 -1.899158e-02 2.303775e-02 -5.830318e-01 1.533501e-01 7.978456e-01 -5.162946e-01
9.730728e-01 8.024245e-02 -2.160799e-01 2.402623e+00 -7.129920e-02 9.962564e-01 4.888351e-02 4.662345e-02 2.191935e-01 -3.216088e-02 9.751512e-01 -1.048519e+00
5.984342e-01 -1.838701e-01 7.797873e-01 3.558981e+00 2.753943e-01 9.612096e-01 1.530204e-02 6.339127e-02 -7.523526e-01 2.055917e-01 6.258574e-01 -1.470128e+00
9.927896e-01 9.248437e-03 1.195129e-01 4.501161e+00 -6.045884e-03 9.996136e-01 -2.713157e-02 7.216500e-02 -1.197177e-01 2.621338e-02 9.924619e-01 -1.747721e+00
5.266462e-01 -1.900444e-01 8.285692e-01 5.471420e+00 2.544442e-01 9.652451e-01 5.966589e-02 7.706653e-02 -8.111115e-01 1.794018e-01 5.566984e-01 -1.958173e+00
9.987620e-01 -1.371300e-02 4.781677e-02 6.391671e+00 1.586268e-02 9.988668e-01 -4.487098e-02 8.220836e-02 -4.714727e-02 4.557393e-02 9.978478e-01 -2.152233e+00
6.802742e-01 -1.420040e-01 7.190701e-01 7.459576e+00 1.741241e-01 9.842773e-01 2.964830e-02 9.152429e-02 -7.119746e-01 1.050384e-01 6.943048e-01 -2.445089e+00
9.678907e-01 -6.588656e-02 2.425829e-01 8.426391e+00 7.719703e-02 9.963138e-01 -3.740825e-02 9.247740e-02 -2.392240e-01 5.493378e-02 9.694092e-01 -2.587907e+00
5.848681e-01 -1.130030e-01 8.032183e-01 9.309005e+00 1.674181e-01 9.857433e-01 1.677556e-02 8.501228e-02 -7.936627e-01 1.246618e-01 5.954485e-01 -2.550267e+00
9.830650e-01 -4.478638e-02 1.777001e-01 1.024499e+01 4.421895e-02 9.989962e-01 7.154306e-03 7.389716e-02 -1.778421e-01 8.245648e-04 9.840587e-01 -2.449141e+00
4.307795e-01 -1.355803e-01 8.922147e-01 1.117974e+01 2.514844e-01 9.675227e-01 2.560220e-02 6.741930e-02 -8.667091e-01 2.133492e-01 4.508853e-01 -2.459817e+00
9.715061e-01 -2.633405e-02 2.355472e-01 1.219139e+01 2.881544e-02 9.995595e-01 -7.098029e-03 5.686095e-02 -2.352565e-01 1.368317e-02 9.718370e-01 -2.412178e+00
3.460038e-01 -1.386653e-01 9.279296e-01 1.294200e+01 2.199751e-01 9.734403e-01 6.344246e-02 3.245420e-02 -9.120813e-01 1.821700e-01 3.673170e-01 -2.090345e+00
9.209578e-01 -1.889072e-01 3.408090e-01 1.270637e+01 1.992577e-01 9.799358e-01 4.720923e-03 1.862251e-02 -3.348628e-01 6.356106e-02 9.401207e-01 -1.574735e+00
5.340988e-01 -9.928414e-02 8.395720e-01 1.214803e+01 3.113115e-01 9.463971e-01 -8.612588e-02 2.847691e-02 -7.860176e-01 3.073681e-01 5.363779e-01 -1.247066e+00
9.525626e-01 -1.119825e-01 2.829919e-01 1.143420e+01 1.022028e-01 9.935492e-01 4.913795e-02 5.488210e-02 -2.866690e-01 -1.788442e-02 9.578627e-01 -1.114273e+00
4.537329e-01 -1.723001e-01 8.743221e-01 1.091220e+01 4.012473e-01 9.155477e-01 -2.780461e-02 6.471587e-02 -7.956928e-01 3.634352e-01 4.845491e-01 -8.380409e-01
9.239140e-01 -2.619585e-02 3.817024e-01 1.035712e+01 3.707769e-02 9.990879e-01 -2.118047e-02 7.450574e-02 -3.807994e-01 3.372157e-02 9.240426e-01 -5.341144e-01
5.389781e-01 -2.698165e-01 7.979358e-01 9.678826e+00 3.873908e-01 9.205794e-01 4.961845e-02 9.450807e-02 -7.479511e-01 2.823698e-01 6.006966e-01 -2.939760e-01
9.965052e-01 2.450336e-02 7.985634e-02 9.051912e+00 -1.772112e-02 9.962609e-01 -8.455883e-02 1.152750e-01 -8.162973e-02 8.284817e-02 9.932134e-01 -9.559039e-02
5.820949e-01 -2.347904e-01 7.784851e-01 8.419167e+00 3.188308e-01 9.466403e-01 4.710724e-02 1.405995e-01 -7.480057e-01 2.207841e-01 6.258929e-01 4.947081e-03
9.960614e-01 -4.662400e-02 7.541815e-02 7.720243e+00 5.295094e-02 9.950417e-01 -8.419147e-02 1.686892e-01 -7.111886e-02 8.785334e-02 9.935914e-01 1.380515e-01
6.273214e-01 -1.711811e-01 7.597137e-01 6.928224e+00 2.910863e-01 9.563736e-01 -2.486671e-02 2.044675e-01 -7.223134e-01 2.367417e-01 6.497821e-01 2.375812e-01
9.927116e-01 -8.497465e-02 8.545713e-02 6.174844e+00 8.740894e-02 9.958549e-01 -2.515226e-02 2.375533e-01 -8.296560e-02 3.243866e-02 9.960243e-01 3.370341e-01
6.089220e-01 -1.380427e-01 7.811262e-01 5.474841e+00 2.992129e-01 9.519688e-01 -6.501504e-02 2.639053e-01 -7.346330e-01 2.733121e-01 6.209789e-01 5.185891e-01
9.968201e-01 -7.601556e-02 -2.390141e-02 4.640268e+00 7.657360e-02 9.967900e-01 2.336901e-02 3.025331e-01 2.204828e-02 -2.512491e-02 9.994411e-01 6.353809e-01
8.205477e-01 -1.415763e-01 5.537668e-01 3.747579e+00 2.553289e-01 9.575909e-01 -1.335172e-01 3.420140e-01 -5.113791e-01 2.509499e-01 8.218975e-01 9.468664e-01
4.967560e-01 3.127482e-01 -8.095814e-01 3.278543e+00 2.965081e-03 9.321984e-01 3.619356e-01 3.467013e-01 8.678852e-01 -1.821942e-01 4.621478e-01 1.929659e+00
3.793048e-01 -4.370381e-02 9.242390e-01 2.825236e+00 4.690320e-01 8.701171e-01 -1.513447e-01 3.515261e-01 -7.975819e-01 4.909034e-01 3.505381e-01 2.668297e+00
9.931285e-01 1.024369e-01 5.659022e-02 2.357856e+00 -1.112490e-01 9.764531e-01 1.848326e-01 3.628129e-01 -3.632401e-02 -1.898581e-01 9.811394e-01 2.863425e+00
1.952034e-01 -2.768466e-01 9.408781e-01 2.040596e+00 5.499987e-01 8.251898e-01 1.286983e-01 3.651401e-01 -8.120327e-01 4.923594e-01 3.133451e-01 3.111564e+00
9.830373e-01 1.711456e-01 6.593071e-02 1.580482e+00 -1.649196e-01 9.821450e-01 -9.051407e-02 3.703652e-01 -8.024460e-02 7.810544e-02 9.937104e-01 3.445695e+00
3.382394e-01 -3.586301e-01 8.700452e-01 9.376810e-01 3.823909e-01 8.971472e-01 2.211429e-01 3.905054e-01 -8.598670e-01 2.578982e-01 4.405874e-01 3.668257e+00
9.501937e-01 1.275648e-02 -3.113987e-01 8.090439e-02 -5.897354e-02 9.884704e-01 -1.394575e-01 4.301887e-01 3.060294e-01 1.508759e-01 9.399907e-01 3.823480e+00
9.240582e-01 -2.051190e-01 3.225564e-01 -8.857187e-01 1.957748e-01 9.787168e-01 6.152762e-02 4.762544e-01 -3.283118e-01 6.293291e-03 9.445484e-01 4.353687e+00
8.618474e-01 1.507680e-02 -5.069436e-01 -1.869964e+00 -5.300279e-02 9.967621e-01 -6.046498e-02 5.282580e-01 5.043905e-01 7.898101e-02 8.598559e-01 4.812800e+00
5.620286e-01 -1.352173e-01 8.159902e-01 -2.935507e+00 2.946826e-01 9.545449e-01 -4.479107e-02 5.853701e-01 -7.728428e-01 2.656320e-01 5.763278e-01 5.065277e+00
9.853998e-01 -1.354527e-01 1.031491e-01 -3.794841e+00 1.364824e-01 9.906381e-01 -2.957496e-03 6.257952e-01 -1.017829e-01 1.699236e-02 9.946615e-01 5.148374e+00
5.029327e-01 -9.839032e-02 8.587072e-01 -4.598004e+00 3.651377e-01 9.246787e-01 -1.079067e-01 6.606384e-01 -7.834112e-01 3.678162e-01 5.009772e-01 5.243876e+00
9.854007e-01 -4.626784e-02 1.638439e-01 -5.261220e+00 3.346136e-02 9.962267e-01 8.007875e-02 6.841817e-01 -1.669308e-01 -7.342721e-02 9.832307e-01 5.421806e+00
6.648261e-01 -2.156761e-01 7.151853e-01 -5.905821e+00 4.011320e-01 9.107373e-01 -9.823850e-02 7.090661e-01 -6.301582e-01 3.521952e-01 6.919965e-01 5.581689e+00
9.701900e-01 6.908286e-02 2.322907e-01 -6.388635e+00 -7.385635e-02 9.971978e-01 1.190494e-02 7.196852e-01 -2.308174e-01 -2.870620e-02 9.725735e-01 5.858508e+00
4.911918e-01 -3.113817e-01 8.134937e-01 -6.703472e+00 4.038991e-01 9.088712e-01 1.040130e-01 7.190119e-01 -7.717487e-01 2.774791e-01 5.721969e-01 6.174735e+00
9.770226e-01 6.788418e-02 2.020362e-01 -6.834637e+00 -4.286198e-02 9.911361e-01 -1.257464e-01 7.132304e-01 -2.087816e-01 1.141974e-01 9.712719e-01 6.444552e+00
8.385711e-01 -2.445813e-01 4.868043e-01 -6.939647e+00 2.097065e-01 9.696224e-01 1.259186e-01 7.086196e-01 -5.028137e-01 -3.505645e-03 8.643877e-01 6.742985e+00
8.499728e-01 -4.459075e-02 5.249360e-01 -6.889113e+00 1.549604e-01 9.734938e-01 -1.682172e-01 6.912380e-01 -5.035211e-01 2.243244e-01 8.343531e-01 7.159912e+00
8.025245e-01 -1.237629e-01 5.836414e-01 -6.884412e+00 7.932798e-02 9.916969e-01 1.012139e-01 6.767676e-01 -5.913219e-01 -3.492754e-02 8.056789e-01 7.561928e+00
9.331107e-01 -1.923646e-01 3.038097e-01 -7.026018e+00 2.241374e-01 9.718136e-01 -7.307999e-02 6.643441e-01 -2.811884e-01 1.362868e-01 9.499258e-01 8.047620e+00
3.492705e-01 -8.229742e-02 9.334009e-01 -7.579196e+00 1.902887e-01 9.816083e-01 1.534344e-02 6.342784e-01 -9.174967e-01 1.722567e-01 3.585071e-01 9.696912e+00
8.028554e-01 -2.780932e-01 5.273400e-01 -8.027045e+00 2.478042e-01 9.601732e-01 1.290754e-01 6.009933e-01 -5.422327e-01 2.704816e-02 8.397929e-01 1.130117e+01
6.607088e-01 -7.554047e-02 7.468316e-01 -8.167562e+00 2.922358e-01 9.423145e-01 -1.632227e-01 5.852871e-01 -6.914204e-01 3.260936e-01 6.446711e-01 1.180508e+01
7.234816e-01 -2.545212e-02 6.898743e-01 -7.866460e+00 -1.139986e-02 9.987434e-01 4.880269e-02 5.591337e-01 -6.902495e-01 -4.317231e-02 7.222823e-01 1.230250e+01
6.550981e-01 -3.174787e-01 6.856047e-01 -7.656960e+00 3.459150e-01 9.327696e-01 1.014086e-01 5.302491e-01 -6.717063e-01 1.707283e-01 7.208762e-01 1.286553e+01
6.849990e-01 1.300141e-02 7.284279e-01 -7.588394e+00 1.681220e-01 9.700338e-01 -1.754123e-01 4.970173e-01 -7.088803e-01 2.426220e-01 6.622864e-01 1.360476e+01
5.231916e-01 -1.626194e-01 8.365557e-01 -7.343566e+00 7.942962e-02 9.866572e-01 1.421217e-01 4.571535e-01 -8.485054e-01 -7.909567e-03 5.291275e-01 1.438811e+01
6.969088e-01 -2.534012e-01 6.708994e-01 -7.003961e+00 3.235757e-01 9.459653e-01 2.117451e-02 4.128055e-01 -6.400132e-01 2.023301e-01 7.412460e-01 1.528809e+01
6.038117e-01 2.051157e-02 7.968630e-01 -6.653294e+00 1.156881e-01 9.868299e-01 -1.130624e-01 3.743825e-01 -7.886873e-01 1.604559e-01 5.934865e-01 1.602062e+01
7.678667e-01 -2.155788e-01 6.032466e-01 -6.508059e+00 1.466711e-01 9.758249e-01 1.620288e-01 3.419658e-01 -6.235930e-01 -3.593774e-02 7.809227e-01 1.667522e+01
5.747298e-01 -1.622185e-01 8.021040e-01 -6.349128e+00 3.578953e-01 9.312751e-01 -6.809975e-02 3.100618e-01 -7.359325e-01 3.262082e-01 5.932888e-01 1.733591e+01
7.097338e-01 2.752699e-02 7.039319e-01 -6.089872e+00 1.116854e-02 9.986710e-01 -5.031323e-02 2.783974e-01 -7.043814e-01 4.357089e-02 7.084832e-01 1.793883e+01
4.607849e-01 -3.329742e-01 8.226819e-01 -6.077613e+00 3.071304e-01 9.295047e-01 2.041859e-01 2.481129e-01 -8.326753e-01 1.585848e-01 5.305683e-01 1.866027e+01
7.104479e-01 -1.019197e-01 6.963305e-01 -6.133450e+00 2.981145e-01 9.398804e-01 -1.665912e-01 2.203453e-01 -6.374885e-01 3.259406e-01 6.981198e-01 1.937638e+01
5.300001e-01 -4.725050e-02 8.466802e-01 -6.118880e+00 6.617620e-02 9.977061e-01 1.425417e-02 1.935090e-01 -8.454115e-01 4.847537e-02 5.319112e-01 2.003374e+01
6.656911e-01 -3.305133e-01 6.690413e-01 -6.120380e+00 3.364645e-01 9.331976e-01 1.262296e-01 1.720209e-01 -6.660683e-01 1.410787e-01 7.324274e-01 2.054963e+01
6.162476e-01 -1.651389e-02 7.873793e-01 -6.073774e+00 2.632117e-01 9.466084e-01 -1.861509e-01 1.476674e-01 -7.422658e-01 3.219625e-01 5.876918e-01 2.109469e+01
6.071971e-01 -9.294507e-02 7.890962e-01 -5.948351e+00 2.672671e-02 9.949617e-01 9.662750e-02 1.120116e-01 -7.941016e-01 -3.758199e-02 6.066220e-01 2.184872e+01
4.680403e-01 -3.268559e-01 8.210380e-01 -5.714729e+00 3.999973e-01 9.068174e-01 1.329825e-01 7.358797e-02 -7.879977e-01 2.661719e-01 5.551686e-01 2.264935e+01
6.656329e-01 4.423969e-02 7.449669e-01 -5.307393e+00 1.706068e-01 9.627854e-01 -2.096131e-01 3.805304e-02 -7.265164e-01 2.666218e-01 6.333141e-01 2.328701e+01
5.936315e-01 -1.733785e-01 7.858381e-01 -5.111114e+00 7.318184e-02 9.841000e-01 1.618383e-01 1.030631e-02 -8.014026e-01 -3.856324e-02 5.968809e-01 2.383319e+01
6.065709e-01 -2.884012e-01 7.408755e-01 -4.921775e+00 4.171431e-01 9.087585e-01 1.222904e-02 -1.656293e-02 -6.768038e-01 3.016333e-01 6.715310e-01 2.436590e+01
5.924777e-01 8.515323e-02 8.010737e-01 -4.639518e+00 1.053030e-01 9.776793e-01 -1.818088e-01 -4.760221e-02 -7.986748e-01 1.920731e-01 5.702863e-01 2.493941e+01
5.895269e-01 -2.522006e-01 7.673675e-01 -4.364424e+00 1.351590e-01 9.674132e-01 2.141117e-01 -7.699164e-02 -7.963605e-01 -2.250797e-02 6.044032e-01 2.547773e+01
6.039615e-01 -2.353770e-01 7.614645e-01 -4.177828e+00 4.296645e-01 9.008346e-01 -6.233389e-02 -1.023111e-01 -6.712816e-01 3.648215e-01 6.452025e-01 2.598134e+01
6.373177e-01 1.183629e-01 7.614568e-01 -3.761741e+00 -1.030968e-02 9.893546e-01 -1.451590e-01 -1.328789e-01 -7.705322e-01 8.466203e-02 6.317535e-01 2.649714e+01
6.171168e-01 -3.366669e-01 7.112118e-01 -3.439459e+00 2.185460e-01 9.416202e-01 2.561036e-01 -1.614861e-01 -7.559130e-01 -2.613308e-03 6.546668e-01 2.699039e+01
7.269764e-01 -1.327052e-01 6.737171e-01 -3.327130e+00 3.487834e-01 9.165166e-01 -1.958252e-01 -1.877913e-01 -5.914858e-01 3.773416e-01 7.125713e-01 2.754500e+01
6.849925e-01 -8.573841e-03 7.284996e-01 -3.605501e+00 2.239470e-03 9.999508e-01 9.662871e-03 -1.946263e-01 -7.285466e-01 -4.987542e-03 6.849780e-01 2.794486e+01
7.015620e-01 -3.461065e-01 6.229134e-01 -3.685723e+00 3.646058e-01 9.253888e-01 1.035288e-01 -2.040377e-01 -6.122690e-01 1.544860e-01 7.754100e-01 2.828683e+01
7.108443e-01 7.506784e-02 6.993319e-01 -3.239669e+00 1.242840e-01 9.652362e-01 -2.299405e-01 -2.253570e-01 -6.922816e-01 2.503677e-01 6.768029e-01 2.863774e+01
8.974373e-01 -1.588505e-01 4.115492e-01 -2.651892e+00 7.421873e-02 9.739885e-01 2.140981e-01 -2.339318e-01 -4.348538e-01 -1.615950e-01 8.858833e-01 2.872575e+01
9.707392e-01 -1.334063e-01 1.996703e-01 -1.871739e+00 1.854190e-01 9.447763e-01 -2.702177e-01 -2.110098e-01 -1.525950e-01 2.993335e-01 9.418674e-01 2.822116e+01
5.484390e-01 -1.155936e-02 8.361107e-01 -1.369936e+00 -2.741397e-02 9.991184e-01 3.179490e-02 -2.094295e-01 -8.357411e-01 -4.035868e-02 5.476386e-01 2.809129e+01
8.275756e-01 -3.604195e-01 4.303678e-01 -1.142715e+00 3.611829e-01 9.287689e-01 8.327810e-02 -2.256544e-01 -4.297273e-01 8.652259e-02 8.988038e-01 2.840661e+01
7.196765e-01 9.057168e-02 6.883768e-01 -8.037103e-01 1.166516e-01 9.615887e-01 -2.484746e-01 -2.357428e-01 -6.844401e-01 2.591216e-01 6.814674e-01 2.859087e+01
9.050937e-01 -1.808963e-01 3.848141e-01 -5.829228e-01 9.530797e-02 9.682730e-01 2.310059e-01 -2.427980e-01 -4.143932e-01 -1.724062e-01 8.936187e-01 2.878060e+01
5.647471e-01 -1.725850e-01 8.070162e-01 -5.364358e-01 4.471179e-01 8.859175e-01 -1.234331e-01 -2.581424e-01 -6.936471e-01 4.305399e-01 5.774852e-01 2.919234e+01
7.934142e-01 1.427264e-01 5.917120e-01 -2.163824e-01 -1.390532e-01 9.889144e-01 -5.208183e-02 -2.823838e-01 -5.925860e-01 -4.095696e-02 8.044653e-01 2.963215e+01
6.015623e-01 -4.155468e-01 6.822343e-01 1.566504e-01 3.667592e-01 9.023852e-01 2.262490e-01 -2.980675e-01 -7.096552e-01 1.141128e-01 6.952466e-01 2.990291e+01
9.819929e-01 1.114673e-01 1.525284e-01 6.600827e-01 -6.796041e-02 9.617629e-01 -2.653179e-01 -3.012986e-01 -1.762704e-01 2.501744e-01 9.520197e-01 2.993490e+01
6.563654e-01 -2.660261e-01 7.059849e-01 1.139488e+00 1.365271e-01 9.622024e-01 2.356414e-01 -2.915283e-01 -7.419871e-01 -5.828085e-02 6.678761e-01 2.972270e+01
9.334435e-01 -8.646282e-02 -3.481485e-01 1.789261e+00 9.100422e-03 9.759133e-01 -2.179688e-01 -2.613367e-01 3.586089e-01 2.002932e-01 9.117468e-01 2.917650e+01
4.663074e-01 -7.706601e-02 8.812594e-01 2.937439e+00 1.113642e-03 9.962484e-01 8.653251e-02 -2.450251e-01 -8.846220e-01 -3.936934e-02 4.646439e-01 2.874917e+01
9.541461e-01 -2.565330e-01 1.542596e-01 3.932249e+00 2.632683e-01 9.644091e-01 -2.459322e-02 -2.504725e-01 -1.424604e-01 6.407719e-02 9.877242e-01 2.869330e+01
2.969440e-01 8.972198e-02 9.506704e-01 4.594894e+00 1.859158e-01 9.710917e-01 -1.497205e-01 -2.689668e-01 -9.366214e-01 2.212032e-01 2.716791e-01 2.896238e+01
9.576663e-01 -8.058243e-03 -2.877677e-01 5.444902e+00 8.031679e-02 9.673956e-01 2.401978e-01 -2.726214e-01 2.764496e-01 -2.531419e-01 9.270894e-01 2.895922e+01
2.443377e-01 -1.887383e-02 9.695065e-01 6.380365e+00 4.176926e-01 9.043496e-01 -8.766267e-02 -2.791704e-01 -8.751183e-01 4.263750e-01 2.288502e-01 2.898441e+01
9.785846e-01 1.977179e-01 -5.727022e-02 7.310149e+00 -1.833862e-01 9.637642e-01 1.937215e-01 -2.904375e-01 9.349719e-02 -1.790703e-01 9.793835e-01 2.907726e+01
4.147224e-01 -3.071593e-01 8.565387e-01 8.156879e+00 4.487220e-01 8.879284e-01 1.011518e-01 -2.967206e-01 -7.916147e-01 3.423978e-01 5.060729e-01 2.912193e+01
8.922967e-01 2.926061e-01 -3.437851e-01 9.145729e+00 -2.812202e-01 9.559812e-01 8.375614e-02 -2.898157e-01 3.531597e-01 2.194399e-02 9.353057e-01 2.892082e+01
5.897432e-01 -3.567738e-01 7.245105e-01 1.024614e+01 3.886347e-01 9.117928e-01 1.326538e-01 -2.715630e-01 -7.079308e-01 2.033383e-01 6.763782e-01 2.849690e+01
9.667365e-01 2.245223e-01 -1.225167e-01 1.117515e+01 -2.360042e-01 9.676797e-01 -8.887125e-02 -2.669514e-01 9.860333e-02 1.148295e-01 9.884794e-01 2.830141e+01
2.001344e-01 -3.564759e-01 9.126177e-01 1.187016e+01 2.029444e-01 9.263442e-01 3.173325e-01 -2.808568e-01 -9.585196e-01 1.217015e-01 2.577382e-01 2.850099e+01
8.537208e-01 4.395649e-02 -5.188724e-01 1.277520e+01 -1.443062e-01 9.773761e-01 -1.546338e-01 -2.792574e-01 5.003364e-01 2.068906e-01 8.407496e-01 2.838006e+01
4.651147e-01 -2.202041e-01 8.574255e-01 1.363912e+01 8.477907e-02 9.751965e-01 2.044612e-01 -2.708270e-01 -8.811815e-01 -2.240617e-02 4.722469e-01 2.815827e+01
9.634078e-01 -1.004933e-01 -2.484885e-01 1.446849e+01 6.459608e-02 9.867810e-01 -1.486288e-01 -2.716954e-01 2.601400e-01 1.271388e-01 9.571640e-01 2.812462e+01
7.376386e-01 -5.054990e-02 6.733008e-01 1.561856e+01 8.194325e-03 9.977903e-01 6.593449e-02 -2.561054e-01 -6.751460e-01 -4.311858e-02 7.364229e-01 2.774679e+01
9.632226e-01 -1.262510e-01 -2.371981e-01 1.672965e+01 1.132512e-01 9.912564e-01 -6.771130e-02 -2.419491e-01 2.436728e-01 3.835808e-02 9.690987e-01 2.738786e+01
1.942376e-01 1.310301e-02 9.808670e-01 1.769667e+01 1.220506e-01 9.918183e-01 -3.741856e-02 -2.517679e-01 -9.733321e-01 1.269835e-01 1.910492e-01 2.748301e+01
9.668952e-01 -9.189310e-02 -2.380534e-01 1.861295e+01 1.252255e-01 9.837204e-01 1.288904e-01 -2.599730e-01 2.223338e-01 -1.544339e-01 9.626619e-01 2.755097e+01
4.450807e-01 7.472860e-03 8.954593e-01 1.970449e+01 2.740635e-01 9.508460e-01 -1.441561e-01 -2.549740e-01 -8.525212e-01 3.095738e-01 4.211552e-01 2.733833e+01
9.563282e-01 8.439801e-02 -2.798454e-01 2.075469e+01 -1.754845e-02 9.722579e-01 2.332522e-01 -2.476623e-01 2.917679e-01 -2.181548e-01 9.312787e-01 2.708500e+01
4.662310e-01 -1.193135e-01 8.765803e-01 2.176505e+01 3.856956e-01 9.191482e-01 -8.003425e-02 -2.439441e-01 -7.961580e-01 3.754076e-01 4.745540e-01 2.691837e+01
9.759837e-01 2.025682e-01 -8.013729e-02 2.276413e+01 -1.876766e-01 9.686437e-01 1.628095e-01 -2.471987e-01 1.106045e-01 -1.438595e-01 9.833977e-01 2.688699e+01
1.760169e-01 -3.078882e-01 9.349989e-01 2.378034e+01 4.126273e-01 8.854325e-01 2.138877e-01 -2.583154e-01 -8.937319e-01 3.481582e-01 2.828942e-01 2.699680e+01
9.520632e-01 2.288847e-01 -2.029471e-01 2.498191e+01 -2.489767e-01 9.652507e-01 -7.938272e-02 -2.645642e-01 1.777253e-01 1.261065e-01 9.759666e-01 2.698650e+01
2.862423e-01 -3.575800e-01 8.889330e-01 2.600859e+01 2.289370e-01 9.264050e-01 2.989341e-01 -2.664642e-01 -9.304049e-01 1.179420e-01 3.470396e-01 2.691755e+01
7.598589e-01 8.569885e-02 -6.444146e-01 2.698233e+01 -1.907364e-01 9.770362e-01 -9.497285e-02 -2.539657e-01 6.214774e-01 1.950793e-01 7.587555e-01 2.661089e+01
6.742530e-01 -2.643758e-01 6.895566e-01 2.781621e+01 1.978986e-01 9.642579e-01 1.761896e-01 -2.313898e-01 -7.114907e-01 1.766590e-02 7.024734e-01 2.615114e+01
7.264896e-01 8.219006e-02 -6.822446e-01 2.876353e+01 -1.316932e-01 9.910714e-01 -2.083934e-02 -2.042822e-01 6.744404e-01 1.049866e-01 7.308269e-01 2.560051e+01
6.778691e-01 -1.996035e-01 7.075676e-01 2.985027e+01 2.076758e-01 9.752291e-01 7.615110e-02 -1.734940e-01 -7.052405e-01 9.532421e-02 7.025305e-01 2.498241e+01
7.116476e-01 1.032279e-01 -6.949113e-01 3.078841e+01 -8.312747e-02 9.945700e-01 6.261222e-02 -1.465381e-01 6.976013e-01 1.320838e-02 7.163644e-01 2.443649e+01
6.686493e-01 -1.491417e-01 7.284675e-01 3.170340e+01 2.268552e-01 9.738884e-01 -8.839395e-03 -1.208500e-01 -7.081277e-01 1.711671e-01 6.850233e-01 2.391616e+01
7.847815e-01 1.132890e-01 -6.093305e-01 3.276409e+01 -4.578056e-02 9.910622e-01 1.252993e-01 -9.490509e-02 6.180794e-01 -7.043706e-02 7.829537e-01 2.337443e+01
6.491604e-01 -1.168950e-01 7.516158e-01 3.388866e+01 2.596160e-01 9.628354e-01 -7.448193e-02 -6.802363e-02 -7.149757e-01 2.434822e-01 6.553824e-01 2.280954e+01
7.950350e-01 1.323639e-01 -5.919453e-01 3.510562e+01 -2.271026e-02 9.817112e-01 1.890170e-01 -3.818082e-02 6.061383e-01 -1.368319e-01 7.835007e-01 2.218438e+01
7.923405e-01 -1.123125e-01 5.996519e-01 3.633843e+01 2.761481e-01 9.424766e-01 -1.883616e-01 2.169982e-03 -5.440025e-01 3.148392e-01 7.777773e-01 2.139152e+01
9.141639e-01 9.553317e-02 -3.939260e-01 3.770176e+01 5.168214e-03 9.690037e-01 2.469920e-01 3.814717e-02 4.053117e-01 -2.278271e-01 8.853345e-01 2.063798e+01
6.907505e-01 -1.036162e-01 7.156308e-01 3.909752e+01 3.535591e-01 9.117049e-01 -2.092611e-01 6.739092e-02 -6.307613e-01 3.975650e-01 6.663950e-01 2.000050e+01
7.859629e-01 1.933204e-01 -5.872729e-01 4.043841e+01 1.991997e-02 9.414483e-01 3.365684e-01 1.091053e-01 6.179526e-01 -2.762288e-01 7.360925e-01 1.917186e+01
6.872033e-01 -5.200159e-02 7.246016e-01 4.176356e+01 3.831201e-01 8.733949e-01 -3.006666e-01 1.479503e-01 -6.172282e-01 4.842285e-01 6.201227e-01 1.838218e+01
9.226779e-01 2.046254e-01 -3.267933e-01 4.275623e+01 -6.264238e-02 9.158501e-01 3.966038e-01 1.729048e-01 3.804489e-01 -3.454665e-01 8.578529e-01 1.785776e+01
2.947503e-01 -1.622769e-01 9.416945e-01 4.315330e+01 6.098407e-01 7.906386e-01 -5.463381e-02 1.715310e-01 -7.356742e-01 5.903870e-01 3.320040e-01 1.799905e+01
9.204079e-01 3.909586e-01 8.292902e-04 4.347472e+01 -3.863481e-01 9.092248e-01 1.550657e-01 1.556916e-01 5.987025e-02 -1.430441e-01 9.879038e-01 1.842134e+01
1.725993e-01 -5.230904e-01 8.346172e-01 4.348647e+01 4.948978e-01 7.786698e-01 3.856806e-01 1.293389e-01 -8.516370e-01 3.464820e-01 3.932742e-01 1.918232e+01
9.606494e-01 2.313199e-01 -1.537656e-01 4.328596e+01 -2.648274e-01 9.297376e-01 -2.558405e-01 1.100844e-01 8.378063e-02 2.864944e-01 9.544117e-01 1.997702e+01
2.069158e-01 -3.991902e-01 8.932150e-01 4.337333e+01 1.107243e-01 9.166620e-01 3.840194e-01 9.877444e-02 -9.720730e-01 1.944092e-02 2.338719e-01 2.040500e+01
9.829735e-01 -1.774249e-01 4.778658e-02 4.355875e+01 1.836162e-01 9.386377e-01 -2.919664e-01 7.190193e-02 6.947842e-03 2.957697e-01 9.552340e-01 2.105774e+01
3.794731e-02 5.083232e-02 9.979860e-01 4.391274e+01 -5.948725e-03 9.986991e-01 -5.064245e-02 4.403585e-02 -9.992620e-01 -4.015000e-03 3.820034e-02 2.162295e+01
9.350872e-01 -3.456734e-01 7.824186e-02 4.423232e+01 3.271266e-01 9.267394e-01 1.847762e-01 2.226622e-02 -1.363820e-01 -1.471869e-01 9.796611e-01 2.207497e+01
3.537670e-01 1.470938e-01 9.236949e-01 4.480410e+01 3.687482e-01 8.856374e-01 -2.822607e-01 8.513329e-03 -8.595776e-01 4.404653e-01 2.590687e-01 2.225730e+01
9.937467e-01 1.116087e-01 -3.322219e-03 4.550577e+01 -1.033562e-01 9.307115e-01 3.508469e-01 2.690324e-03 4.224959e-02 -3.483095e-01 9.364269e-01 2.224608e+01
7.318259e-01 -2.589556e-01 6.303752e-01 4.622180e+01 4.900883e-01 8.427250e-01 -2.227736e-01 1.405811e-02 -4.735445e-01 4.719710e-01 7.436390e-01 2.194908e+01
8.176671e-01 4.123739e-01 -4.017067e-01 4.705362e+01 -2.345098e-01 8.758516e-01 4.217690e-01 3.401060e-02 5.257620e-01 -2.506625e-01 8.128608e-01 2.150851e+01
4.811842e-01 -2.850204e-01 8.289904e-01 4.791985e+01 5.936624e-01 8.017564e-01 -6.893206e-02 4.802440e-02 -6.450013e-01 5.253095e-01 5.549984e-01 2.117055e+01
8.909467e-01 4.296131e-01 -1.471277e-01 4.880521e+01 -4.000800e-01 8.958770e-01 1.932366e-01 5.562047e-02 2.148253e-01 -1.133007e-01 9.700583e-01 2.090976e+01
1.633351e-01 -4.836830e-01 8.598677e-01 4.955774e+01 4.958992e-01 7.937169e-01 3.522747e-01 4.734880e-02 -8.528808e-01 3.688689e-01 3.694998e-01 2.098171e+01
8.994083e-01 3.046122e-01 -3.134901e-01 5.036337e+01 -3.700189e-01 9.123845e-01 -1.750442e-01 4.531352e-02 2.327030e-01 2.734335e-01 9.333185e-01 2.092956e+01
3.993941e-01 -4.460787e-01 8.009358e-01 5.113448e+01 2.258988e-01 8.945886e-01 3.855917e-01 5.602963e-02 -8.885123e-01 2.692743e-02 4.580620e-01 2.062241e+01
9.158120e-01 5.622942e-02 -3.976513e-01 5.182726e+01 -1.794022e-01 9.431447e-01 -2.798086e-01 5.861386e-02 3.593093e-01 3.275916e-01 8.738310e-01 2.046905e+01
5.086736e-01 -2.655325e-01 8.189894e-01 5.250624e+01 3.084656e-02 9.562621e-01 2.908802e-01 6.615874e-02 -8.604067e-01 -1.227001e-01 4.946160e-01 2.023442e+01
9.746189e-01 -1.988858e-01 -1.027742e-01 5.309425e+01 1.654758e-01 9.492019e-01 -2.676443e-01 6.552686e-02 1.507841e-01 2.438446e-01 9.580209e-01 2.016455e+01
1.750521e-01 5.378297e-02 9.830891e-01 5.357911e+01 -2.846824e-02 9.983659e-01 -4.954959e-02 5.055690e-02 -9.841475e-01 -1.931306e-02 1.762971e-01 2.038341e+01
9.591957e-01 -2.627526e-01 -1.044257e-01 5.421256e+01 2.747711e-01 9.533293e-01 1.251562e-01 3.220786e-02 6.666697e-02 -1.487425e-01 9.866262e-01 2.064803e+01
2.218151e-01 1.241870e-01 9.671482e-01 5.472193e+01 3.669064e-01 9.083311e-01 -2.007844e-01 1.774833e-02 -9.034256e-01 3.993899e-01 1.559165e-01 2.082605e+01
9.976590e-01 6.257161e-02 2.759146e-02 5.558109e+01 -6.804573e-02 9.484569e-01 3.095147e-01 6.750937e-03 -6.802477e-03 -3.106676e-01 9.504943e-01 2.089164e+01
1.823254e-01 -2.192074e-01 9.584913e-01 5.661473e+01 5.786502e-01 8.120600e-01 7.564691e-02 -4.115741e-03 -7.949348e-01 5.408388e-01 2.749035e-01 2.093175e+01
9.290277e-01 3.561682e-01 -1.002582e-01 5.739293e+01 -3.519301e-01 9.342406e-01 5.779012e-02 -1.500644e-02 1.142483e-01 -1.840474e-02 9.932817e-01 2.103439e+01
3.860674e-01 -4.761130e-01 7.901066e-01 5.846643e+01 4.300038e-01 8.506473e-01 3.024829e-01 -1.394964e-02 -8.161181e-01 2.229700e-01 5.331376e-01 2.088094e+01
9.748487e-01 2.078998e-01 -8.029743e-02 5.952464e+01 -2.213168e-01 9.454793e-01 -2.389303e-01 -1.755776e-02 2.624601e-02 2.506921e-01 9.677110e-01 2.083852e+01
4.668354e-01 -3.690528e-01 8.036571e-01 6.053366e+01 1.193663e-01 9.267403e-01 3.562361e-01 -2.068566e-02 -8.762513e-01 -7.037400e-02 4.766876e-01 2.078500e+01
9.783835e-01 -5.258612e-02 -2.000010e-01 6.153052e+01 -9.840352e-03 9.541949e-01 -2.990237e-01 -2.770469e-02 2.065645e-01 2.945279e-01 9.330511e-01 2.077930e+01
1.713433e-01 -1.298273e-01 9.766199e-01 6.253561e+01 -8.986542e-02 9.850876e-01 1.467195e-01 -4.416597e-02 -9.811043e-01 -1.129038e-01 1.571212e-01 2.095349e+01
9.308602e-01 -3.606866e-01 -5.834832e-02 6.344601e+01 3.575279e-01 9.320972e-01 -5.803922e-02 -5.796628e-02 7.532027e-02 3.316524e-02 9.966077e-01 2.105433e+01
-1.710139e-02 2.330143e-01 9.723229e-01 6.418349e+01 3.028490e-01 9.279902e-01 -2.170636e-01 -7.597311e-02 -9.528851e-01 2.907550e-01 -8.643809e-02 2.127736e+01
9.997486e-01 -2.178262e-02 -5.314058e-03 6.498358e+01 2.223300e-02 9.324363e-01 3.606499e-01 -9.348707e-02 -2.900877e-03 -3.606773e-01 9.326861e-01 2.147844e+01
6.050134e-03 -1.170458e-01 9.931081e-01 6.563948e+01 6.519399e-01 7.535100e-01 8.483555e-02 -1.087090e-01 -7.582465e-01 6.469335e-01 8.086567e-02 2.166333e+01
9.333451e-01 3.580740e-01 2.549437e-02 6.595697e+01 -3.588041e-01 9.327565e-01 3.499853e-02 -1.259997e-01 -1.124797e-02 -4.181319e-02 9.990621e-01 2.207220e+01
1.063829e-01 -4.847607e-01 8.681531e-01 6.632218e+01 3.859083e-01 8.247965e-01 4.132622e-01 -1.446119e-01 -9.163828e-01 2.910634e-01 2.748174e-01 2.251715e+01
9.914488e-01 1.161519e-01 -5.948188e-02 6.679899e+01 -1.291179e-01 9.392239e-01 -3.180990e-01 -1.630027e-01 1.891900e-02 3.230591e-01 9.461897e-01 2.281173e+01
-1.434157e-02 -2.546579e-01 9.669249e-01 6.736567e+01 2.468466e-02 9.666394e-01 2.549488e-01 -1.760708e-01 -9.995924e-01 2.752458e-02 -7.576983e-03 2.304410e+01
9.188572e-01 -2.359784e-01 -3.162525e-01 6.779322e+01 1.936574e-01 9.679958e-01 -1.596275e-01 -1.918617e-01 3.437998e-01 8.543026e-02 9.351489e-01 2.337075e+01
-2.638329e-01 1.533493e-01 9.523005e-01 6.847369e+01 2.126428e-01 9.722386e-01 -9.764765e-02 -2.112712e-01 -9.408375e-01 1.767372e-01 -2.891172e-01 2.362854e+01
9.596010e-01 -7.782810e-02 -2.703863e-01 6.841899e+01 1.604693e-01 9.407532e-01 2.987188e-01 -2.362621e-01 2.311180e-01 -3.300396e-01 9.152368e-01 2.444712e+01
-6.860004e-02 6.455364e-02 9.955535e-01 6.846177e+01 5.888085e-01 8.081860e-01 -1.183167e-02 -2.666199e-01 -8.053562e-01 5.853787e-01 -9.345132e-02 2.525937e+01
8.787264e-01 4.080461e-01 -2.476655e-01 6.908970e+01 -3.239228e-01 8.908683e-01 3.184773e-01 -2.868291e-01 3.505908e-01 -1.996299e-01 9.150049e-01 2.567881e+01
1.248161e-02 -3.941849e-01 9.189464e-01 6.979531e+01 5.564743e-01 7.662913e-01 3.211447e-01 -3.008272e-01 -8.307710e-01 5.073617e-01 2.289183e-01 2.590110e+01
8.910882e-01 3.942761e-01 -2.247403e-01 7.053745e+01 -4.297026e-01 8.923144e-01 -1.383137e-01 -3.208469e-01 1.460052e-01 2.198212e-01 9.645523e-01 2.618742e+01
4.832315e-02 -5.255219e-01 8.494066e-01 7.123019e+01 1.267785e-01 8.467492e-01 5.166653e-01 -3.411937e-01 -9.907533e-01 8.271964e-02 1.075425e-01 2.649195e+01
9.594677e-01 -7.276750e-02 -2.722621e-01 7.189539e+01 -4.227269e-02 9.179983e-01 -3.943249e-01 -3.625795e-01 2.786302e-01 3.898512e-01 8.777136e-01 2.681749e+01
-8.952181e-02 -1.294139e-01 9.875413e-01 7.259486e+01 -1.870706e-01 9.760607e-01 1.109512e-01 -3.904395e-01 -9.782589e-01 -1.748074e-01 -1.115882e-01 2.727101e+01
8.768660e-01 -3.633305e-01 -3.147968e-01 7.339942e+01 3.608303e-01 9.301179e-01 -6.842624e-02 -4.141356e-01 3.176595e-01 -5.358759e-02 9.466894e-01 2.762079e+01
3.044644e-01 2.586003e-01 9.167482e-01 7.428115e+01 7.920607e-02 9.522347e-01 -2.949159e-01 -4.159491e-01 -9.492249e-01 1.624034e-01 2.694389e-01 2.754280e+01
9.488175e-01 -1.467669e-01 -2.796512e-01 7.527146e+01 2.414216e-01 9.079286e-01 3.426096e-01 -4.164205e-01 2.036196e-01 -3.925878e-01 8.968912e-01 2.740723e+01
-2.160678e-01 1.667715e-01 9.620301e-01 7.620243e+01 6.228368e-01 7.823402e-01 4.264851e-03 -4.484767e-01 -7.519236e-01 6.001093e-01 -2.729099e-01 2.792039e+01
8.921958e-01 4.361648e-01 -1.172471e-01 7.709389e+01 -3.961849e-01 8.804412e-01 2.605010e-01 -4.785913e-01 2.168505e-01 -1.859663e-01 9.583279e-01 2.843382e+01
-4.356549e-01 -4.140777e-01 7.992149e-01 7.760925e+01 3.624352e-01 7.320474e-01 5.768425e-01 -5.131099e-01 -8.239208e-01 5.409679e-01 -1.688437e-01 2.912922e+01
8.039829e-01 1.862893e-01 -5.647193e-01 7.782331e+01 -3.633589e-01 9.056516e-01 -2.185531e-01 -5.341321e-01 4.707248e-01 3.809087e-01 7.958183e-01 2.964871e+01
6.732589e-01 -4.961082e-01 5.482692e-01 7.877041e+01 2.845319e-01 8.582290e-01 4.271822e-01 -5.281794e-01 -6.824691e-01 -1.316041e-01 7.189689e-01 2.962633e+01
9.182815e-01 2.071023e-01 -3.374430e-01 7.995979e+01 -3.074000e-01 9.100737e-01 -2.779769e-01 -5.303646e-01 2.495284e-01 3.589910e-01 8.993670e-01 2.965032e+01
7.275318e-02 -3.834091e-01 9.207087e-01 8.084444e+01 -4.312452e-02 9.210823e-01 3.869724e-01 -5.427194e-01 -9.964172e-01 -6.785859e-02 5.047733e-02 2.974712e+01
9.346609e-01 -2.579838e-01 -2.446496e-01 8.181612e+01 1.767135e-01 9.341774e-01 -3.099757e-01 -5.562925e-01 3.085148e-01 2.464893e-01 9.187283e-01 2.988314e+01
1.753190e-01 8.842162e-02 9.805330e-01 8.286518e+01 -1.292014e-01 9.894114e-01 -6.612109e-02 -5.658960e-01 -9.759971e-01 -1.150940e-01 1.848868e-01 2.992313e+01
9.263880e-01 -3.338233e-01 -1.742622e-01 8.393231e+01 3.562877e-01 9.268195e-01 1.185950e-01 -5.789328e-01 1.219198e-01 -1.719524e-01 9.775315e-01 3.002543e+01
1.172874e-01 2.525763e-01 9.604420e-01 8.495561e+01 3.283493e-01 9.028637e-01 -2.775318e-01 -5.975960e-01 -9.372462e-01 3.479114e-01 2.296128e-02 3.024629e+01
9.468237e-01 1.273943e-01 -2.954583e-01 8.606049e+01 1.557257e-02 8.990569e-01 4.375547e-01 -6.008416e-01 3.213758e-01 -4.188882e-01 8.492645e-01 3.017223e+01
2.713690e-01 -6.907706e-02 9.599934e-01 8.710974e+01 5.804512e-01 8.073682e-01 -1.059860e-01 -6.068935e-01 -7.677469e-01 5.859906e-01 2.591905e-01 3.013954e+01
9.222669e-01 3.857258e-01 2.528749e-02 8.781045e+01 -3.830729e-01 9.032448e-01 1.934013e-01 -6.240962e-01 5.175908e-02 -1.880546e-01 9.807938e-01 3.041754e+01
1.700814e-01 -4.904308e-01 8.547222e-01 8.843764e+01 4.919375e-01 7.938065e-01 3.575873e-01 -6.431766e-01 -8.538559e-01 3.596509e-01 3.762730e-01 3.075954e+01
8.401070e-01 3.785178e-01 -3.885158e-01 8.873809e+01 -4.380234e-01 8.958854e-01 -7.432906e-02 -6.664002e-01 3.199308e-01 2.326234e-01 9.184392e-01 3.138701e+01
8.399814e-01 -4.155514e-01 -3.489244e-01 8.800802e+01 4.611332e-01 8.855997e-01 5.540198e-02 -6.439376e-01 2.859850e-01 -2.074373e-01 9.355118e-01 3.249144e+01
7.301503e-01 5.074129e-01 -4.576163e-01 8.698682e+01 -4.270405e-01 8.616902e-01 2.740921e-01 -6.028365e-01 5.334013e-01 -4.707718e-03 8.458492e-01 3.372251e+01
7.591118e-01 -4.752536e-01 4.448408e-01 8.657200e+01 5.417513e-01 8.401068e-01 -2.694454e-02 -6.030640e-01 -3.609083e-01 2.614470e-01 8.952042e-01 3.484030e+01
9.172803e-01 3.980824e-01 1.128510e-02 8.726086e+01 -3.975407e-01 9.136152e-01 8.525694e-02 -6.017045e-01 2.362905e-02 -8.269079e-02 9.962951e-01 3.484889e+01
6.904514e-01 -5.456456e-01 4.749186e-01 8.781263e+01 5.295593e-01 8.285158e-01 1.820122e-01 -6.115328e-01 -4.927918e-01 1.258270e-01 8.610017e-01 3.506169e+01
2.519628e-01 5.979223e-01 -7.609229e-01 8.719046e+01 -3.480529e-01 7.896664e-01 5.052585e-01 -5.885594e-01 9.029806e-01 1.375350e-01 4.070751e-01 3.589768e+01
3.963812e-01 -3.883936e-01 8.318848e-01 8.691133e+01 6.597746e-01 7.505974e-01 3.606870e-02 -5.813034e-01 -6.384195e-01 5.345596e-01 5.537749e-01 3.650511e+01
8.187766e-01 5.245231e-01 -2.334105e-01 8.711240e+01 -4.872779e-01 8.498972e-01 2.005865e-01 -5.971021e-01 3.035872e-01 -5.049977e-02 9.514644e-01 3.698552e+01
3.363024e-01 -6.249687e-01 7.044962e-01 8.655547e+01 6.466241e-01 6.970977e-01 3.097292e-01 -5.894818e-01 -6.846737e-01 3.513815e-01 6.385554e-01 3.782666e+01
8.568504e-01 4.144023e-01 -3.067216e-01 8.621062e+01 -4.861430e-01 8.475180e-01 -2.130217e-01 -5.865184e-01 1.716754e-01 3.316383e-01 9.276549e-01 3.864538e+01
-5.855082e-02 -5.537378e-01 8.306300e-01 8.748216e+01 -3.813358e-03 8.321755e-01 5.544993e-01 -5.988428e-01 -9.982771e-01 2.929890e-02 -5.083616e-02 3.864892e+01
8.833598e-01 -1.763330e-01 -4.342605e-01 8.864300e+01 -3.813264e-02 8.964198e-01 -4.415626e-01 -6.108039e-01 4.671418e-01 4.066181e-01 7.851371e-01 3.866013e+01
-3.173695e-01 -4.200246e-02 9.473713e-01 8.927268e+01 -9.481002e-02 9.954185e-01 1.237131e-02 -6.179602e-01 -9.435506e-01 -8.589401e-02 -3.198977e-01 3.867394e+01
6.606937e-01 -3.383186e-01 -6.700928e-01 8.947643e+01 4.384875e-01 8.984850e-01 -2.129293e-02 -6.101083e-01 6.092721e-01 -2.797592e-01 7.419719e-01 3.870033e+01
-2.826215e-01 4.653961e-01 8.387679e-01 8.956587e+01 4.518943e-01 8.359028e-01 -3.115414e-01 -6.285717e-01 -8.461186e-01 2.909861e-01 -4.465540e-01 3.926029e+01
7.579441e-01 3.038086e-01 -5.772530e-01 8.985789e+01 1.299835e-01 7.968370e-01 5.900466e-01 -6.517010e-01 6.392379e-01 -5.222557e-01 5.644678e-01 3.983771e+01
4.144753e-01 2.502073e-02 9.097165e-01 8.992674e+01 6.746069e-01 6.624985e-01 -3.255784e-01 -6.325817e-01 -6.108321e-01 7.486452e-01 2.577101e-01 3.981379e+01
8.332725e-01 3.905645e-01 -3.913008e-01 8.954681e+01 -1.027507e-01 8.048446e-01 5.845232e-01 -5.991041e-01 5.432304e-01 -4.468607e-01 7.107857e-01 3.996925e+01
1.309132e-01 -1.579568e-01 9.787295e-01 9.002362e+01 7.341436e-01 6.788991e-01 1.136948e-02 -6.119895e-01 -6.662544e-01 7.170395e-01 2.048399e-01 4.020742e+01
7.376756e-01 6.394637e-01 -2.166123e-01 9.065107e+01 -5.691936e-01 7.615778e-01 3.098677e-01 -6.311422e-01 3.631163e-01 -1.052875e-01 9.257760e-01 4.055104e+01
-7.404175e-02 -6.234575e-01 7.783434e-01 9.109278e+01 6.361671e-01 5.715268e-01 5.183131e-01 -6.285819e-01 -7.679904e-01 5.335333e-01 3.543063e-01 4.057137e+01
7.017180e-01 4.605752e-01 -5.435644e-01 9.172513e+01 -6.104243e-01 7.820940e-01 -1.253442e-01 -6.219017e-01 3.673880e-01 4.197612e-01 8.299558e-01 4.048180e+01
-1.831846e-01 -6.246081e-01 7.591496e-01 9.241090e+01 4.200961e-02 7.665377e-01 6.408238e-01 -6.298357e-01 -9.821805e-01 1.492806e-01 -1.141783e-01 4.053997e+01
8.251863e-01 -1.637163e-01 -5.406150e-01 9.310895e+01 -1.324737e-01 8.742933e-01 -4.669711e-01 -6.365063e-01 5.491069e-01 4.569554e-01 6.997667e-01 4.058704e+01
-2.747279e-01 -1.185931e-01 9.541804e-01 9.326695e+01 -1.109774e-01 9.896435e-01 9.104808e-02 -6.262550e-01 -9.550961e-01 -8.087897e-02 -2.850439e-01 4.060906e+01
4.400510e-01 -3.307949e-01 -8.348232e-01 9.346896e+01 4.118472e-01 9.004781e-01 -1.397180e-01 -5.882567e-01 7.979580e-01 -2.823365e-01 5.324933e-01 4.032344e+01
-1.059562e-01 4.664642e-01 8.781710e-01 9.434298e+01 3.012290e-01 8.567021e-01 -4.187155e-01 -5.606538e-01 -9.476468e-01 2.201650e-01 -2.312854e-01 3.984962e+01
7.254799e-01 -4.413277e-02 -6.868270e-01 9.422587e+01 5.221819e-01 6.853757e-01 5.075295e-01 -4.978299e-01 4.483358e-01 -7.268510e-01 5.202716e-01 3.948216e+01
1.125734e-01 5.087719e-01 8.535095e-01 9.353709e+01 9.459766e-01 2.079781e-01 -2.487437e-01 -4.369083e-01 -3.040651e-01 8.354019e-01 -4.578735e-01 3.960458e+01
7.398329e-01 6.639228e-01 1.088751e-01 9.311208e+01 -5.189356e-01 4.601309e-01 7.204064e-01 -4.044687e-01 4.281974e-01 -5.894795e-01 6.849532e-01 3.981880e+01
-4.955344e-01 -4.266172e-01 7.565999e-01 9.320814e+01 8.222125e-01 5.042910e-02 5.669423e-01 -3.886979e-01 -2.800220e-01 9.030253e-01 3.257806e-01 3.995045e+01
1.314174e-01 8.305824e-01 -5.411676e-01 9.396121e+01 -8.673291e-01 3.607008e-01 3.429798e-01 -3.626870e-01 4.800726e-01 4.242969e-01 7.677907e-01 3.953990e+01
-1.650372e-01 -8.345689e-01 5.256021e-01 9.489079e+01 7.691275e-01 2.247010e-01 5.982912e-01 -3.296368e-01 -6.174185e-01 5.029953e-01 6.048058e-01 3.894002e+01
3.538712e-01 7.093036e-01 -6.096421e-01 9.607688e+01 -9.094169e-01 4.132077e-01 -4.712062e-02 -3.130037e-01 2.184860e-01 5.710935e-01 7.912750e-01 3.853157e+01
-1.430931e-01 -9.065836e-01 3.970271e-01 9.711220e+01 1.043198e-01 3.851048e-01 9.169578e-01 -3.060682e-01 -9.841960e-01 1.726281e-01 3.946876e-02 3.829530e+01
6.758276e-01 -2.674496e-02 -7.365743e-01 9.811637e+01 -6.051289e-01 5.504131e-01 -5.752082e-01 -3.026539e-01 4.208041e-01 8.344639e-01 3.558002e-01 3.816966e+01
7.637882e-02 -6.422288e-01 7.626982e-01 9.928347e+01 -4.972553e-01 6.384841e-01 5.874311e-01 -2.977364e-01 -8.642358e-01 -4.241230e-01 -2.705850e-01 3.797203e+01
3.439178e-01 -5.559297e-01 -7.567448e-01 1.003650e+02 -3.026194e-01 6.972855e-01 -6.497803e-01 -2.837115e-01 8.888993e-01 4.524767e-01 7.157380e-02 3.762904e+01
-1.472133e-01 -3.058875e-01 9.406174e-01 1.010699e+02 -6.009823e-01 7.829687e-01 1.605624e-01 -2.821532e-01 -7.855880e-01 -5.416574e-01 -2.990964e-01 3.760906e+01
3.083550e-01 -6.259579e-01 -7.163057e-01 1.016914e+02 2.591927e-01 7.797935e-01 -5.698608e-01 -2.886663e-01 9.152794e-01 -9.941797e-03 4.026969e-01 3.776764e+01
-1.181380e-01 2.515848e-01 9.605980e-01 1.028125e+02 -4.061229e-01 8.705246e-01 -2.779408e-01 -2.801544e-01 -9.061499e-01 -4.229562e-01 -6.677054e-04 3.755814e+01
1.602442e-01 -4.381724e-01 -8.844924e-01 1.041506e+02 4.946278e-01 8.110948e-01 -3.121995e-01 -2.590614e-01 8.542044e-01 -3.874664e-01 3.467055e-01 3.706004e+01
-2.326714e-01 5.262540e-01 8.178758e-01 1.053453e+02 -6.799462e-02 8.300956e-01 -5.534600e-01 -2.477786e-01 -9.701756e-01 -1.843855e-01 -1.573570e-01 3.673068e+01
4.989698e-01 -1.182906e-01 -8.585083e-01 1.065132e+02 6.161043e-01 7.451019e-01 2.554185e-01 -2.471034e-01 6.094626e-01 -6.563768e-01 4.446627e-01 3.658746e+01
-1.573451e-01 6.213330e-01 7.675857e-01 1.076169e+02 6.309005e-01 6.612159e-01 -4.059040e-01 -2.538192e-01 -7.597414e-01 4.204033e-01 -4.960384e-01 3.657200e+01
7.189554e-01 5.239697e-01 -4.566825e-01 1.087371e+02 3.834057e-02 6.261467e-01 7.787620e-01 -2.603835e-01 6.939979e-01 -5.774046e-01 4.300822e-01 3.656451e+01
-5.847001e-02 3.596743e-02 9.976410e-01 1.099452e+02 8.903356e-01 4.538938e-01 3.581703e-02 -2.543131e-01 -4.515349e-01 8.903296e-01 -5.856226e-02 3.631478e+01
3.675616e-01 8.419408e-01 -3.950117e-01 1.109069e+02 -4.372198e-01 5.313176e-01 7.256311e-01 -2.499324e-01 8.208151e-01 -9.400720e-02 5.634051e-01 3.612985e+01
2.115176e-01 -4.715747e-01 8.560827e-01 1.118209e+02 8.931466e-01 4.489757e-01 2.664391e-02 -2.355294e-01 -3.969249e-01 7.589717e-01 5.161516e-01 3.581032e+01
5.399488e-01 8.059924e-01 -2.425520e-01 1.126094e+02 -6.993537e-01 5.899544e-01 4.035570e-01 -2.281144e-01 4.683585e-01 -4.827051e-02 8.822189e-01 3.558211e+01
