9.999421e-01 4.437208e-04 -1.075600e-02 1.526956e-01 -4.348053e-04 9.999996e-01 8.312166e-04 -1.741854e-02 1.075636e-02 -8.264924e-04 9.999418e-01 3.901296e-01
9.999993e-01 -6.836060e-05 -1.201452e-03 3.385565e-01 6.845153e-05 1.000000e+00 7.561737e-05 -2.684655e-02 1.201447e-03 -7.569884e-05 9.999993e-01 4.554074e-01
9.999435e-01 3.265339e-04 -1.062532e-02 4.903152e-01 -3.188485e-04 9.999997e-01 7.249915e-04 -3.931937e-02 1.062555e-02 -7.215634e-04 9.999433e-01 6.303204e-01
9.999646e-01 -9.813830e-04 8.356141e-03 4.862469e-01 9.893493e-04 9.999991e-01 -9.492628e-04 -6.899181e-02 -8.355201e-03 9.574970e-04 9.999646e-01 2.309146e+00
9.999325e-01 1.805603e-03 -1.147547e-02 5.191793e-01 -1.793372e-03 9.999978e-01 1.076061e-03 -1.039367e-01 1.147739e-02 -1.055410e-03 9.999336e-01 4.088598e+00
9.999959e-01 -1.668079e-03 2.317875e-03 6.122041e-01 1.668960e-03 9.999985e-01 -3.780727e-04 -1.089537e-01 -2.317241e-03 3.819404e-04 9.999972e-01 4.150034e+00
9.999489e-01 1.869025e-03 -9.934865e-03 6.254344e-01 -1.859271e-03 9.999978e-01 9.909412e-04 -1.107353e-01 9.936695e-03 -9.724197e-04 9.999502e-01 4.177144e+00
9.999965e-01 -1.821652e-03 1.926171e-03 6.964820e-01 1.822270e-03 9.999983e-01 -3.191907e-04 -1.099318e-01 -1.925586e-03 3.227003e-04 9.999981e-01 4.010865e+00
9.999329e-01 1.878443e-03 -1.143514e-02 8.061187e-01 -1.866501e-03 9.999977e-01 1.054973e-03 -1.171950e-01 1.143710e-02 -1.033559e-03 9.999341e-01 4.146369e+00
9.999718e-01 -2.111309e-03 7.204490e-03 7.636755e-01 2.121043e-03 9.999968e-01 -1.343781e-03 -1.357417e-01 -7.201629e-03 1.359025e-03 9.999731e-01 5.355812e+00
9.999246e-01 2.545615e-03 -1.201540e-02 7.434995e-01 -2.529692e-03 9.999959e-01 1.340239e-03 -1.567280e-01 1.201876e-02 -1.309743e-03 9.999269e-01 6.510975e+00
9.999968e-01 -2.300863e-03 1.085915e-03 9.242735e-01 2.301341e-03 9.999973e-01 -4.389909e-04 -1.599601e-01 -1.084901e-03 4.414892e-04 9.999993e-01 6.343870e+00
9.999471e-01 2.490245e-03 -9.979048e-03 9.994204e-01 -2.479099e-03 9.999963e-01 1.129199e-03 -1.618511e-01 9.981822e-03 -1.104401e-03 9.999496e-01 6.281217e+00
9.999951e-01 -2.306612e-03 2.125851e-03 9.721106e-01 2.308102e-03 9.999971e-01 -6.985480e-04 -1.556996e-01 -2.124233e-03 7.034519e-04 9.999975e-01 6.199277e+00
9.999170e-01 2.551038e-03 -1.263018e-02 1.194546e+00 -2.531249e-03 9.999955e-01 1.582476e-03 -1.546107e-01 1.263416e-02 -1.550375e-03 9.999190e-01 5.876857e+00
9.999970e-01 -2.081704e-03 -1.270885e-03 1.643676e+00 2.081328e-03 9.999978e-01 -2.970172e-04 -1.635352e-01 1.271501e-03 2.943719e-04 9.999991e-01 5.623766e+00
9.999375e-01 2.463468e-03 -1.090960e-02 1.914316e+00 -2.448035e-03 9.999960e-01 1.427787e-03 -1.679296e-01 1.091307e-02 -1.400991e-03 9.999395e-01 5.407831e+00
9.999861e-01 -2.476697e-03 4.651475e-03 1.861359e+00 2.482585e-03 9.999961e-01 -1.260616e-03 -1.665464e-01 -4.648335e-03 1.272147e-03 9.999884e-01 5.590497e+00
9.999372e-01 2.642431e-03 -1.088912e-02 1.751183e+00 -2.625487e-03 9.999953e-01 1.570041e-03 -1.619526e-01 1.089322e-02 -1.541354e-03 9.999395e-01 5.727944e+00
9.999974e-01 -2.278353e-03 6.451641e-05 1.927856e+00 2.278407e-03 9.999970e-01 -8.541161e-04 -1.629247e-01 -6.256991e-05 8.542616e-04 9.999996e-01 5.556009e+00
9.999102e-01 2.658641e-03 -1.313491e-02 2.230898e+00 -2.633796e-03 9.999947e-01 1.908476e-03 -1.639444e-01 1.313991e-02 -1.873711e-03 9.999119e-01 5.179773e+00
9.999900e-01 -2.637351e-03 3.613914e-03 2.432513e+00 2.640783e-03 9.999961e-01 -9.451351e-04 -1.615548e-01 -3.611407e-03 9.546699e-04 9.999930e-01 4.699247e+00
9.998939e-01 2.721294e-03 -1.431220e-02 2.669499e+00 -2.693982e-03 9.999945e-01 1.927278e-03 -1.623108e-01 1.431737e-02 -1.888517e-03 9.998957e-01 4.333993e+00
9.999927e-01 -2.521075e-03 2.859028e-03 2.901730e+00 2.523987e-03 9.999963e-01 -1.015373e-03 -1.632761e-01 -2.856457e-03 1.022583e-03 9.999954e-01 4.028342e+00
9.998845e-01 2.720658e-03 -1.495582e-02 3.172780e+00 -2.691961e-03 9.999945e-01 1.938623e-03 -1.652904e-01 1.496102e-02 -1.898140e-03 9.998863e-01 3.731951e+00
9.999936e-01 -2.347066e-03 2.689968e-03 3.420189e+00 2.350007e-03 9.999966e-01 -1.090313e-03 -1.649676e-01 -2.687399e-03 1.096628e-03 9.999958e-01 3.396428e+00
9.999251e-01 2.457583e-03 -1.199372e-02 3.615847e+00 -2.432977e-03 9.999949e-01 2.065718e-03 -1.602339e-01 1.199874e-02 -2.036383e-03 9.999259e-01 2.775850e+00
9.999923e-01 -2.505701e-03 3.036025e-03 3.825359e+00 2.509344e-03 9.999961e-01 -1.196559e-03 -1.554053e-01 -3.033014e-03 1.204169e-03 9.999947e-01 2.156921e+00
9.998512e-01 2.897754e-03 -1.700292e-02 4.175463e+00 -2.861142e-03 9.999935e-01 2.177189e-03 -1.617875e-01 1.700912e-02 -2.128218e-03 9.998531e-01 1.986408e+00
9.999837e-01 -2.411022e-03 5.168338e-03 4.314049e+00 2.418952e-03 9.999959e-01 -1.528725e-03 -1.581894e-01 -5.164631e-03 1.541203e-03 9.999855e-01 1.875800e+00
9.998791e-01 2.659991e-03 -1.532133e-02 4.380572e+00 -2.628132e-03 9.999943e-01 2.099173e-03 -1.517106e-01 1.532683e-02 -2.058653e-03 9.998804e-01 1.749776e+00
9.999892e-01 -2.401203e-03 3.983202e-03 4.533967e+00 2.406627e-03 9.999962e-01 -1.357372e-03 -1.524487e-01 -3.979927e-03 1.366944e-03 9.999911e-01 1.623706e+00
9.998956e-01 2.581396e-03 -1.421909e-02 4.699214e+00 -2.549367e-03 9.999942e-01 2.270213e-03 -1.498456e-01 1.422486e-02 -2.233727e-03 9.998963e-01 1.236535e+00
9.999795e-01 -2.598076e-03 5.858461e-03 4.853739e+00 2.606101e-03 9.999957e-01 -1.362700e-03 -1.444170e-01 -5.854895e-03 1.377940e-03 9.999819e-01 6.176475e-01
9.998886e-01 2.634921e-03 -1.469470e-02 4.991881e+00 -2.602966e-03 9.999942e-01 2.193284e-03 -1.412168e-01 1.470040e-02 -2.154790e-03 9.998896e-01 1.503835e-01
9.999854e-01 -2.454140e-03 4.810222e-03 5.124869e+00 2.460551e-03 9.999961e-01 -1.327318e-03 -1.421002e-01 -4.806946e-03 1.339135e-03 9.999875e-01 -1.070775e-01
9.999221e-01 2.544924e-03 -1.222011e-02 5.149575e+00 -2.518825e-03 9.999945e-01 2.150615e-03 -1.384038e-01 1.222552e-02 -2.119667e-03 9.999230e-01 -5.050233e-01
9.999885e-01 -2.568506e-03 4.039545e-03 5.311453e+00 2.573755e-03 9.999958e-01 -1.294689e-03 -1.342568e-01 -4.036202e-03 1.305072e-03 9.999910e-01 -1.062181e+00
9.998994e-01 2.787562e-03 -1.391032e-02 5.479293e+00 -2.757503e-03 9.999938e-01 2.179649e-03 -1.306174e-01 1.391631e-02 -2.141072e-03 9.999009e-01 -1.566224e+00
9.999451e-01 -2.773807e-03 1.010263e-02 5.527914e+00 2.786138e-03 9.999954e-01 -1.206743e-03 -1.184248e-01 -1.009924e-02 1.234825e-03 9.999482e-01 -2.568994e+00
9.999247e-01 2.488645e-03 -1.201516e-02 5.556891e+00 -2.463265e-03 9.999947e-01 2.126724e-03 -1.017681e-01 1.202038e-02 -2.096968e-03 9.999256e-01 -3.756912e+00
9.999462e-01 -2.751202e-03 9.997095e-03 5.417439e+00 2.764277e-03 9.999953e-01 -1.294291e-03 -8.167781e-02 -9.993488e-03 1.321856e-03 9.999492e-01 -4.804987e+00
9.999085e-01 2.354648e-03 -1.332028e-02 5.355426e+00 -2.325825e-03 9.999949e-01 2.178933e-03 -6.639870e-02 1.332535e-02 -2.147754e-03 9.999089e-01 -5.743273e+00
9.999699e-01 -2.512364e-03 7.346581e-03 5.336966e+00 2.523156e-03 9.999958e-01 -1.460023e-03 -5.629243e-02 -7.342882e-03 1.478517e-03 9.999719e-01 -6.283023e+00
9.998765e-01 2.576696e-03 -1.550456e-02 5.362780e+00 -2.543103e-03 9.999944e-01 2.186029e-03 -5.392000e-02 1.551011e-02 -2.146330e-03 9.998774e-01 -6.504952e+00
9.999742e-01 -2.371523e-03 6.774987e-03 5.307800e+00 2.381754e-03 9.999960e-01 -1.502423e-03 -5.367111e-02 -6.771397e-03 1.518521e-03 9.999759e-01 -6.485632e+00
9.999665e-01 2.329324e-03 -7.844040e-03 4.738869e+00 -2.319882e-03 9.999966e-01 1.212600e-03 -3.423177e-02 7.846837e-03 -1.194362e-03 9.999685e-01 -6.179830e+00
9.999384e-01 -3.112475e-03 1.065310e-02 4.025296e+00 3.126499e-03 9.999943e-01 -1.300013e-03 5.192382e-03 -1.064900e-02 1.333240e-03 9.999424e-01 -6.050972e+00
9.998255e-01 3.169645e-03 -1.840722e-02 4.025575e+00 -3.132030e-03 9.999929e-01 2.071997e-03 1.224268e-02 1.841366e-02 -2.013984e-03 9.998284e-01 -6.464272e+00
9.999143e-01 -3.235047e-03 1.268746e-02 3.896092e+00 3.253359e-03 9.999937e-01 -1.422958e-03 2.340825e-02 -1.268277e-02 1.464114e-03 9.999185e-01 -6.836632e+00
9.998564e-01 3.112500e-03 -1.665823e-02 3.737597e+00 -3.076789e-03 9.999929e-01 2.168904e-03 3.734889e-02 1.666486e-02 -2.117339e-03 9.998589e-01 -7.397796e+00
9.999055e-01 -3.404280e-03 1.331655e-02 3.584774e+00 3.421810e-03 9.999933e-01 -1.293833e-03 5.193893e-02 -1.331205e-02 1.339278e-03 9.999105e-01 -8.053426e+00
9.998114e-01 3.293473e-03 -1.914107e-02 3.502456e+00 -3.255108e-03 9.999926e-01 2.035126e-03 6.005175e-02 1.914763e-02 -1.972436e-03 9.998147e-01 -8.431399e+00
9.998824e-01 -3.440180e-03 1.494310e-02 3.222181e+00 3.462275e-03 9.999930e-01 -1.452973e-03 7.312696e-02 -1.493800e-02 1.504540e-03 9.998873e-01 -8.684500e+00
9.996726e-01 3.708505e-03 -2.531576e-02 3.330368e+00 -3.650875e-03 9.999906e-01 2.322291e-03 7.313180e-02 2.532414e-02 -2.229107e-03 9.996768e-01 -8.893087e+00
9.998448e-01 -3.555134e-03 1.725237e-02 3.347105e+00 3.580653e-03 9.999925e-01 -1.448506e-03 7.554104e-02 -1.724709e-02 1.510056e-03 9.998501e-01 -9.155677e+00
9.997796e-01 3.386154e-03 -2.071979e-02 2.996374e+00 -3.344194e-03 9.999923e-01 2.059433e-03 9.008140e-02 2.072660e-02 -1.989689e-03 9.997832e-01 -9.350175e+00
9.998485e-01 -3.553163e-03 1.704008e-02 2.607342e+00 3.581751e-03 9.999922e-01 -1.647461e-03 1.059728e-01 -1.703409e-02 1.708246e-03 9.998534e-01 -9.465791e+00
9.997837e-01 3.522944e-03 -2.049861e-02 2.337739e+00 -3.493838e-03 9.999928e-01 1.455543e-03 1.126667e-01 2.050360e-02 -1.383609e-03 9.997888e-01 -9.004670e+00
9.998444e-01 -3.616898e-03 1.726828e-02 2.159912e+00 3.643825e-03 9.999922e-01 -1.528123e-03 1.129102e-01 -1.726262e-02 1.590808e-03 9.998497e-01 -8.163028e+00
9.997792e-01 3.512997e-03 -2.071863e-02 1.896063e+00 -3.481502e-03 9.999927e-01 1.556008e-03 1.312253e-01 2.072395e-02 -1.483533e-03 9.997841e-01 -7.884352e+00
9.998891e-01 -3.567850e-03 1.445710e-02 1.726327e+00 3.583752e-03 9.999930e-01 -1.074141e-03 1.393760e-01 -1.445317e-02 1.125833e-03 9.998949e-01 -7.898940e+00
9.998282e-01 3.390801e-03 -1.822131e-02 1.381735e+00 -3.367517e-03 9.999935e-01 1.308417e-03 1.550656e-01 1.822562e-02 -1.246832e-03 9.998331e-01 -7.873645e+00
9.998927e-01 -3.494448e-03 1.422785e-02 1.166129e+00 3.512604e-03 9.999930e-01 -1.251256e-03 1.683785e-01 -1.422338e-02 1.301099e-03 9.998980e-01 -7.535782e+00
9.997800e-01 3.582180e-03 -2.066494e-02 1.126313e+00 -3.556302e-03 9.999928e-01 1.288931e-03 1.590753e-01 2.066941e-02 -1.215157e-03 9.997856e-01 -6.845346e+00
9.998645e-01 -3.414023e-03 1.610388e-02 1.027329e+00 3.442329e-03 9.999926e-01 -1.730316e-03 1.481289e-01 -1.609785e-02 1.785518e-03 9.998688e-01 -5.749892e+00
9.997750e-01 3.447497e-03 -2.093003e-02 8.322827e-01 -3.413724e-03 9.999928e-01 1.649146e-03 1.488856e-01 2.093556e-02 -1.577326e-03 9.997796e-01 -5.092671e+00
9.998778e-01 -3.266335e-03 1.528674e-02 7.442991e-01 3.295237e-03 9.999928e-01 -1.865857e-03 1.438062e-01 -1.528054e-02 1.916003e-03 9.998814e-01 -4.367704e+00
9.997407e-01 3.500571e-03 -2.249871e-02 7.392399e-01 -3.449011e-03 9.999913e-01 2.330098e-03 1.338634e-01 2.250667e-02 -2.251896e-03 9.997442e-01 -3.745143e+00
9.998829e-01 -3.360672e-03 1.492882e-02 6.366107e-01 3.388487e-03 9.999926e-01 -1.838250e-03 1.381866e-01 -1.492253e-02 1.888621e-03 9.998869e-01 -3.720591e+00
9.997930e-01 3.309648e-03 -2.007277e-02 3.698155e-01 -3.264422e-03 9.999921e-01 2.285480e-03 1.495764e-01 2.008018e-02 -2.219482e-03 9.997959e-01 -3.738904e+00
9.998740e-01 -3.396228e-03 1.550597e-02 1.101526e-01 3.428972e-03 9.999919e-01 -2.085565e-03 1.614940e-01 -1.549876e-02 2.138473e-03 9.998776e-01 -3.629344e+00
9.997312e-01 3.517647e-03 -2.291407e-02 -1.888579e-02 -3.457520e-03 9.999905e-01 2.663107e-03 1.666742e-01 2.292321e-02 -2.583166e-03 9.997339e-01 -3.618400e+00
9.998198e-01 -3.554188e-03 1.864751e-02 -3.374278e-01 3.593663e-03 9.999914e-01 -2.083795e-03 1.802233e-01 -1.863995e-02 2.150433e-03 9.998239e-01 -3.786619e+00
9.997351e-01 3.449139e-03 -2.275768e-02 -6.538720e-01 -3.389959e-03 9.999908e-01 2.638537e-03 1.960131e-01 2.276657e-02 -2.560691e-03 9.997375e-01 -4.073671e+00
9.998154e-01 -3.561338e-03 1.887923e-02 -9.312655e-01 3.603211e-03 9.999911e-01 -2.184397e-03 2.161538e-01 -1.887128e-02 2.252020e-03 9.998194e-01 -4.444470e+00
9.997857e-01 3.320794e-03 -2.043481e-02 -1.281843e+00 -3.277560e-03 9.999923e-01 2.148816e-03 2.351586e-01 2.044179e-02 -2.081380e-03 9.997889e-01 -4.249328e+00
9.999050e-01 -3.237410e-03 1.339688e-02 -1.320786e+00 3.260712e-03 9.999932e-01 -1.717862e-03 2.339612e-01 -1.339123e-02 1.761383e-03 9.999088e-01 -3.935456e+00
9.998064e-01 3.291668e-03 -1.939725e-02 -1.291193e+00 -3.255562e-03 9.999929e-01 1.892709e-03 2.289146e-01 1.940335e-02 -1.829195e-03 9.998101e-01 -3.436928e+00
9.999140e-01 -3.156372e-03 1.272945e-02 -1.292437e+00 3.175736e-03 9.999938e-01 -1.501255e-03 2.189983e-01 -1.272464e-02 1.541552e-03 9.999179e-01 -2.854170e+00
9.998162e-01 3.065308e-03 -1.892542e-02 -1.449055e+00 -3.030881e-03 9.999937e-01 1.847536e-03 2.285408e-01 1.893096e-02 -1.789837e-03 9.998192e-01 -2.776448e+00
9.999367e-01 -2.907651e-03 1.086683e-02 -1.537853e+00 2.922267e-03 9.999948e-01 -1.329349e-03 2.323702e-01 -1.086291e-02 1.361021e-03 9.999401e-01 -2.782223e+00
9.998918e-01 2.677015e-03 -1.446577e-02 -1.919467e+00 -2.654933e-03 9.999953e-01 1.545513e-03 2.522810e-01 1.446984e-02 -1.506940e-03 9.998942e-01 -2.795525e+00
9.999053e-01 -3.020741e-03 1.342613e-02 -2.453937e+00 3.041766e-03 9.999942e-01 -1.545819e-03 2.797643e-01 -1.342138e-02 1.586512e-03 9.999087e-01 -2.790685e+00
9.998680e-01 2.768082e-03 -1.600935e-02 -2.854467e+00 -2.741191e-03 9.999948e-01 1.701434e-03 2.987005e-01 1.601398e-02 -1.657325e-03 9.998704e-01 -2.774433e+00
9.999074e-01 -2.900195e-03 1.329850e-02 -3.195119e+00 2.916090e-03 9.999951e-01 -1.175960e-03 3.149767e-01 -1.329503e-02 1.214632e-03 9.999109e-01 -3.153080e+00
9.999084e-01 2.486924e-03 -1.330122e-02 -3.783348e+00 -2.470293e-03 9.999961e-01 1.266633e-03 3.446761e-01 1.330432e-02 -1.233660e-03 9.999107e-01 -3.383872e+00
9.998875e-01 -3.025055e-03 1.469354e-02 -4.458829e+00 3.043608e-03 9.999946e-01 -1.240493e-03 3.799035e-01 -1.468971e-02 1.285075e-03 9.998913e-01 -3.548417e+00
9.998816e-01 2.633542e-03 -1.515818e-02 -4.987467e+00 -2.611527e-03 9.999955e-01 1.471968e-03 4.072036e-01 1.516199e-02 -1.432208e-03 9.998840e-01 -3.789267e+00
9.999153e-01 -2.942976e-03 1.267858e-02 -5.379838e+00 2.957862e-03 9.999950e-01 -1.155504e-03 4.265786e-01 -1.267511e-02 1.192908e-03 9.999190e-01 -3.924198e+00
9.998131e-01 2.988629e-03 -1.909993e-02 -5.510605e+00 -2.956920e-03 9.999942e-01 1.688244e-03 4.332225e-01 1.910487e-02 -1.631452e-03 9.998162e-01 -4.025349e+00
9.999454e-01 -2.765332e-03 1.007296e-02 -5.458436e+00 2.777874e-03 9.999954e-01 -1.231276e-03 4.317498e-01 -1.006951e-02 1.259191e-03 9.999485e-01 -3.955045e+00
9.998268e-01 2.863089e-03 -1.838710e-02 -5.426998e+00 -2.828310e-03 9.999942e-01 1.917249e-03 4.245875e-01 1.839248e-02 -1.864914e-03 9.998291e-01 -3.777674e+00
9.999352e-01 -2.685998e-03 1.106054e-02 -5.451606e+00 2.701694e-03 9.999954e-01 -1.404438e-03 4.229322e-01 -1.105671e-02 1.434230e-03 9.999378e-01 -3.671288e+00
9.998248e-01 2.766995e-03 -1.851217e-02 -5.515650e+00 -2.731169e-03 9.999943e-01 1.960253e-03 4.281989e-01 1.851749e-02 -1.909350e-03 9.998267e-01 -3.650661e+00
9.999549e-01 -2.507446e-03 9.155287e-03 -5.498952e+00 2.519099e-03 9.999960e-01 -1.261425e-03 4.308373e-01 -9.152088e-03 1.284432e-03 9.999573e-01 -3.848045e+00
9.998105e-01 2.699988e-03 -1.927751e-02 -5.375881e+00 -2.660205e-03 9.999943e-01 2.089037e-03 4.308708e-01 1.928304e-02 -2.037360e-03 9.998120e-01 -4.113828e+00
9.999543e-01 -2.532092e-03 9.219080e-03 -5.226983e+00 2.542610e-03 9.999961e-01 -1.129298e-03 4.307819e-01 -9.216185e-03 1.152688e-03 9.999569e-01 -4.361968e+00
9.998459e-01 2.587168e-03 -1.736610e-02 -5.234339e+00 -2.561407e-03 9.999956e-01 1.505481e-03 4.309412e-01 1.736992e-02 -1.460768e-03 9.998481e-01 -4.314651e+00
9.999530e-01 -2.353812e-03 9.401743e-03 -5.220802e+00 2.363393e-03 9.999967e-01 -1.008016e-03 4.237228e-01 -9.399339e-03 1.030189e-03 9.999553e-01 -4.045139e+00
9.998575e-01 2.408360e-03 -1.671009e-02 -5.279810e+00 -2.383266e-03 9.999960e-01 1.521507e-03 4.284590e-01 1.671369e-02 -1.481466e-03 9.998592e-01 -4.072076e+00
9.999690e-01 -2.177037e-03 7.571817e-03 -5.226215e+00 2.183572e-03 9.999973e-01 -8.548536e-04 4.279820e-01 -7.569935e-03 8.713613e-04 9.999710e-01 -4.211247e+00
9.998505e-01 2.331489e-03 -1.713552e-02 -5.082052e+00 -2.302369e-03 9.999959e-01 1.718967e-03 4.265955e-01 1.713946e-02 -1.679258e-03 9.998517e-01 -4.443621e+00
9.999690e-01 -2.232647e-03 7.552882e-03 -4.891994e+00 2.239609e-03 9.999971e-01 -9.134327e-04 4.206136e-01 -7.550820e-03 9.303205e-04 9.999711e-01 -4.575918e+00
9.999322e-01 1.928428e-03 -1.148753e-02 -5.118113e+00 -1.914833e-03 9.999975e-01 1.194354e-03 4.349004e-01 1.148980e-02 -1.172277e-03 9.999333e-01 -4.762532e+00
9.999629e-01 -2.102635e-03 8.351656e-03 -5.333040e+00 2.107860e-03 9.999976e-01 -6.167688e-04 4.499777e-01 -8.350339e-03 6.343507e-04 9.999649e-01 -5.067004e+00
9.999134e-01 1.921632e-03 -1.301977e-02 -5.299763e+00 -1.902080e-03 9.999970e-01 1.513985e-03 4.624982e-01 1.302264e-02 -1.489090e-03 9.999141e-01 -5.961262e+00
9.999571e-01 -2.284145e-03 8.981484e-03 -5.287059e+00 2.289742e-03 9.999972e-01 -6.128702e-04 4.753310e-01 -8.980058e-03 6.334099e-04 9.999595e-01 -6.871009e+00
9.998693e-01 2.078619e-03 -1.603042e-02 -5.254397e+00 -2.065937e-03 9.999975e-01 8.076762e-04 4.627814e-01 1.603206e-02 -7.744535e-04 9.998712e-01 -6.270159e+00
9.999740e-01 -1.327443e-03 7.092420e-03 -5.101594e+00 1.326522e-03 9.999991e-01 1.346479e-04 4.407830e-01 -7.092592e-03 -1.252355e-04 9.999748e-01 -5.731951e+00
9.999558e-01 1.042012e-03 -9.338986e-03 -5.335590e+00 -1.037337e-03 9.999993e-01 5.055462e-04 4.587464e-01 9.339506e-03 -4.958368e-04 9.999563e-01 -6.495989e+00
9.999295e-01 -1.354322e-03 1.179982e-02 -6.082415e+00 1.357004e-03 9.999991e-01 -2.192450e-04 4.937934e-01 -1.179951e-02 2.352426e-04 9.999304e-01 -7.124173e+00
9.998396e-01 1.111572e-03 -1.787825e-02 -6.040324e+00 -1.092685e-03 9.999988e-01 1.066169e-03 4.982895e-01 1.787941e-02 -1.046463e-03 9.998396e-01 -7.578432e+00
9.995354e-01 -2.233962e-03 3.039659e-02 -7.603137e+00 2.337067e-03 9.999916e-01 -3.356902e-03 5.825714e-01 -3.038883e-02 3.426382e-03 9.995323e-01 -7.323468e+00
9.999379e-01 5.562548e-04 -1.113169e-02 -9.290758e+00 -5.486552e-04 9.999996e-01 6.857621e-04 6.920216e-01 1.113207e-02 -6.796128e-04 9.999378e-01 -6.734228e+00
9.999473e-01 -6.988592e-04 1.023929e-02 -9.655138e+00 7.138870e-04 9.999987e-01 -1.464051e-03 7.114777e-01 -1.023826e-02 1.471284e-03 9.999465e-01 -6.018830e+00
9.998835e-01 7.853605e-04 -1.524395e-02 -9.849975e+00 -7.575776e-04 9.999980e-01 1.828258e-03 7.212641e-01 1.524535e-02 -1.816497e-03 9.998821e-01 -6.171530e+00
9.999445e-01 -1.066148e-03 1.048133e-02 -9.755344e+00 1.075412e-03 9.999990e-01 -8.782307e-04 7.338233e-01 -1.048039e-02 8.894543e-04 9.999447e-01 -7.134242e+00
9.998548e-01 8.960095e-04 -1.701732e-02 -9.618869e+00 -8.661704e-04 9.999981e-01 1.760759e-03 7.421601e-01 1.701886e-02 -1.745764e-03 9.998536e-01 -7.876325e+00
9.999819e-01 -7.042444e-04 5.970394e-03 -9.241488e+00 7.056781e-04 9.999997e-01 -2.379921e-04 7.245078e-01 -5.970224e-03 2.422016e-04 9.999821e-01 -7.721999e+00
9.998430e-01 1.297540e-03 -1.767122e-02 -8.979558e+00 -1.276659e-03 9.999985e-01 1.192870e-03 7.236705e-01 1.767274e-02 -1.170123e-03 9.998431e-01 -8.116332e+00
9.998823e-01 -1.748979e-03 1.524178e-02 -8.967279e+00 1.752241e-03 9.999984e-01 -2.006416e-04 7.416578e-01 -1.524140e-02 2.273259e-04 9.998838e-01 -9.311869e+00
9.999999e-01 3.629268e-04 6.146985e-05 -1.072024e+01 -3.627761e-04 9.999970e-01 -2.439345e-03 8.370417e-01 -6.235523e-05 2.439322e-03 9.999970e-01 -9.155512e+00
9.997011e-01 -2.326199e-03 2.433904e-02 -1.284550e+01 2.314455e-03 9.999972e-01 5.107176e-04 9.660871e-01 -2.434016e-02 -4.542327e-04 9.997036e-01 -9.006519e+00
9.997198e-01 1.733317e-03 -2.360845e-02 -1.326422e+01 -1.730065e-03 9.999985e-01 1.581727e-04 9.940809e-01 2.360869e-02 -1.172848e-04 9.997213e-01 -9.853985e+00
9.997928e-01 -2.173757e-03 2.024019e-02 -1.329637e+01 2.159191e-03 9.999974e-01 7.414794e-04 1.008719e+00 -2.024174e-02 -6.976226e-04 9.997949e-01 -1.076387e+01
9.996922e-01 2.102983e-03 -2.471939e-02 -1.351405e+01 -2.117017e-03 9.999976e-01 -5.415934e-04 1.019414e+00 2.471819e-02 5.937574e-04 9.996943e-01 -1.073104e+01
9.998177e-01 -2.416340e-03 1.893795e-02 -1.340975e+01 2.388521e-03 9.999960e-01 1.491484e-03 1.029256e+00 -1.894148e-02 -1.445978e-03 9.998195e-01 -1.155691e+01
9.996759e-01 2.161103e-03 -2.536777e-02 -1.323270e+01 -2.172368e-03 9.999976e-01 -4.164932e-04 1.038212e+00 2.536681e-02 4.714657e-04 9.996781e-01 -1.241337e+01
9.998795e-01 -2.310118e-03 1.535045e-02 -1.298282e+01 2.288419e-03 9.999964e-01 1.431002e-03 1.041115e+00 -1.535370e-02 -1.395701e-03 9.998812e-01 -1.295714e+01
9.996732e-01 2.400044e-03 -2.544884e-02 -1.278342e+01 -2.413544e-03 9.999970e-01 -4.997832e-04 1.038759e+00 2.544756e-02 5.610412e-04 9.996760e-01 -1.322139e+01
9.998889e-01 -2.385404e-03 1.471391e-02 -1.261576e+01 2.366537e-03 9.999964e-01 1.299560e-03 1.033171e+00 -1.471696e-02 -1.264594e-03 9.998909e-01 -1.330909e+01
9.996620e-01 2.600758e-03 -2.586871e-02 -1.245998e+01 -2.616158e-03 9.999964e-01 -5.614682e-04 1.014691e+00 2.586716e-02 6.289544e-04 9.996652e-01 -1.294194e+01
9.998762e-01 -2.275608e-03 1.557073e-02 -1.220301e+01 2.250989e-03 9.999962e-01 1.598469e-03 9.937467e-01 -1.557431e-02 -1.563221e-03 9.998775e-01 -1.257467e+01
9.996423e-01 2.266730e-03 -2.664895e-02 -1.195617e+01 -2.281933e-03 9.999973e-01 -5.400649e-04 9.847262e-01 2.664765e-02 6.006821e-04 9.996447e-01 -1.254574e+01
9.998900e-01 -2.035082e-03 1.469087e-02 -1.173706e+01 2.015545e-03 9.999971e-01 1.344604e-03 9.759528e-01 -1.469356e-02 -1.314845e-03 9.998912e-01 -1.255084e+01
9.996259e-01 2.293729e-03 -2.725293e-02 -1.152861e+01 -2.311432e-03 9.999971e-01 -6.180950e-04 9.677093e-01 2.725143e-02 6.808565e-04 9.996284e-01 -1.253173e+01
9.998258e-01 -2.172420e-03 1.853737e-02 -1.145982e+01 2.149764e-03 9.999969e-01 1.242049e-03 9.512251e-01 -1.854001e-02 -1.201981e-03 9.998274e-01 -1.204267e+01
9.996182e-01 2.466895e-03 -2.752104e-02 -1.137888e+01 -2.481125e-03 9.999968e-01 -4.829003e-04 9.325939e-01 2.751976e-02 5.509985e-04 9.996211e-01 -1.150341e+01
9.998109e-01 -2.371289e-03 1.929927e-02 -1.134810e+01 2.353816e-03 9.999968e-01 9.280337e-04 9.233646e-01 -1.930141e-02 -8.824307e-04 9.998133e-01 -1.118521e+01
9.996392e-01 2.532617e-03 -2.673915e-02 -1.132696e+01 -2.550002e-03 9.999966e-01 -6.160863e-04 9.081553e-01 2.673750e-02 6.840483e-04 9.996423e-01 -1.056718e+01
9.998147e-01 -2.284795e-03 1.911264e-02 -1.129678e+01 2.264182e-03 9.999968e-01 1.100108e-03 8.943092e-01 -1.911510e-02 -1.056629e-03 9.998167e-01 -1.004279e+01
9.996454e-01 2.355500e-03 -2.652252e-02 -1.129065e+01 -2.376760e-03 9.999969e-01 -7.700854e-04 8.848528e-01 2.652062e-02 8.328494e-04 9.996479e-01 -9.619036e+00
9.997456e-01 -2.558566e-03 2.240890e-02 -1.157943e+01 2.546808e-03 9.999966e-01 5.532280e-04 8.990107e-01 -2.241024e-02 -4.960154e-04 9.997487e-01 -9.199985e+00
9.996466e-01 2.345937e-03 -2.647910e-02 -1.184519e+01 -2.354684e-03 9.999972e-01 -2.991452e-04 9.142101e-01 2.647832e-02 3.613888e-04 9.996493e-01 -9.114747e+00
9.997710e-01 -2.466602e-03 2.125549e-02 -1.209705e+01 2.456389e-03 9.999969e-01 5.066360e-04 9.260187e-01 -2.125667e-02 -4.543076e-04 9.997739e-01 -9.061960e+00
9.997487e-01 2.042592e-03 -2.232523e-02 -1.253502e+01 -2.058492e-03 9.999976e-01 -6.892100e-04 9.499441e-01 2.232377e-02 7.349924e-04 9.997505e-01 -8.922307e+00
9.998394e-01 -2.063366e-03 1.780234e-02 -1.276386e+01 2.045185e-03 9.999974e-01 1.039387e-03 9.621765e-01 -1.780444e-02 -1.002811e-03 9.998410e-01 -9.067436e+00
9.996894e-01 1.960825e-03 -2.484383e-02 -1.270763e+01 -1.968398e-03 9.999980e-01 -2.803623e-04 9.690203e-01 2.484323e-02 3.291771e-04 9.996913e-01 -9.559114e+00
9.998339e-01 -2.002779e-03 1.811767e-02 -1.277337e+01 1.987714e-03 9.999977e-01 8.494846e-04 9.756184e-01 -1.811933e-02 -8.133300e-04 9.998355e-01 -9.775144e+00
9.997077e-01 1.952804e-03 -2.409646e-02 -1.296328e+01 -1.964924e-03 9.999980e-01 -4.793018e-04 9.861519e-01 2.409547e-02 5.265088e-04 9.997095e-01 -9.915441e+00
9.997378e-01 -2.257123e-03 2.278492e-02 -1.341185e+01 2.245926e-03 9.999973e-01 5.169979e-04 1.007930e+00 -2.278603e-02 -4.656885e-04 9.997403e-01 -9.959952e+00
9.997788e-01 1.791933e-03 -2.095616e-02 -1.403559e+01 -1.817067e-03 9.999977e-01 -1.180358e-03 1.039913e+00 2.095399e-02 1.218175e-03 9.997797e-01 -9.766102e+00
9.996840e-01 -2.453974e-03 2.501953e-02 -1.483632e+01 2.447821e-03 9.999970e-01 2.765766e-04 1.084398e+00 -2.502013e-02 -2.152452e-04 9.996869e-01 -9.587879e+00
9.997875e-01 1.717500e-03 -2.054344e-02 -1.564228e+01 -1.739893e-03 9.999979e-01 -1.072214e-03 1.129566e+00 2.054155e-02 1.107729e-03 9.997884e-01 -9.405170e+00
9.997096e-01 -2.351434e-03 2.398349e-02 -1.642010e+01 2.348698e-03 9.999972e-01 1.422864e-04 1.174118e+00 -2.398376e-02 -8.591448e-05 9.997123e-01 -9.162718e+00
9.997512e-01 1.827721e-03 -2.222910e-02 -1.702482e+01 -1.840861e-03 9.999981e-01 -5.706496e-04 1.210111e+00 2.222802e-02 6.114277e-04 9.997527e-01 -8.954389e+00
9.998330e-01 -1.961039e-03 1.816868e-02 -1.728600e+01 1.946875e-03 9.999978e-01 7.972575e-04 1.222188e+00 -1.817020e-02 -7.617516e-04 9.998346e-01 -8.981018e+00
9.997415e-01 1.830162e-03 -2.266254e-02 -1.752626e+01 -1.843453e-03 9.999981e-01 -5.655606e-04 1.233127e+00 2.266147e-02 6.071911e-04 9.997430e-01 -8.953535e+00
9.997614e-01 -2.177882e-03 2.173551e-02 -1.802768e+01 2.169096e-03 9.999976e-01 4.278282e-04 1.258567e+00 -2.173639e-02 -3.805791e-04 9.997637e-01 -8.929370e+00
9.998079e-01 1.669814e-03 -1.952998e-02 -1.874194e+01 -1.683381e-03 9.999984e-01 -6.782242e-04 1.294920e+00 1.952882e-02 7.109696e-04 9.998090e-01 -9.002341e+00
9.998187e-01 -1.992179e-03 1.893807e-02 -1.917273e+01 1.981373e-03 9.999979e-01 5.893329e-04 1.318773e+00 -1.893920e-02 -5.517020e-04 9.998205e-01 -8.897099e+00
9.997671e-01 1.646771e-03 -2.151707e-02 -1.955284e+01 -1.663331e-03 9.999983e-01 -7.517454e-04 1.338668e+00 2.151580e-02 7.873597e-04 9.997682e-01 -8.729921e+00
9.996801e-01 -2.349683e-03 2.518136e-02 -2.034054e+01 2.355834e-03 9.999972e-01 -2.146134e-04 1.385899e+00 -2.518079e-02 2.738685e-04 9.996829e-01 -8.448119e+00
9.999043e-01 1.032448e-03 -1.379495e-02 -2.151638e+01 -1.060435e-03 9.999974e-01 -2.021604e-03 1.465908e+00 1.379282e-02 2.036039e-03 9.999028e-01 -7.566302e+00
9.998589e-01 -1.564392e-03 1.672513e-02 -2.226544e+01 1.541576e-03 9.999979e-01 1.376984e-03 1.510567e+00 -1.672725e-02 -1.351006e-03 9.998592e-01 -7.332317e+00
9.998992e-01 8.631529e-04 -1.416929e-02 -2.293437e+01 -8.868997e-04 9.999982e-01 -1.669715e-03 1.551319e+00 1.416782e-02 1.682113e-03 9.998982e-01 -7.200902e+00
9.999145e-01 -1.307048e-03 1.300950e-02 -2.341339e+01 1.287067e-03 9.999980e-01 1.544156e-03 1.577553e+00 -1.301149e-02 -1.527279e-03 9.999142e-01 -7.173239e+00
9.999285e-01 7.288756e-04 -1.193493e-02 -2.402276e+01 -7.505641e-04 9.999981e-01 -1.812830e-03 1.610969e+00 1.193358e-02 1.821658e-03 9.999271e-01 -7.137217e+00
9.999102e-01 -1.281366e-03 1.333965e-02 -2.469064e+01 1.256279e-03 9.999974e-01 1.888895e-03 1.644537e+00 -1.334203e-02 -1.871966e-03 9.999092e-01 -7.343235e+00
9.999928e-01 1.184330e-04 -3.782534e-03 -2.600274e+01 -1.320657e-04 9.999935e-01 -3.603988e-03 1.718152e+00 3.782082e-03 3.604461e-03 9.999864e-01 -7.189561e+00
9.997808e-01 -1.917269e-03 2.084708e-02 -2.757336e+01 1.897313e-03 9.999977e-01 9.769787e-04 1.824003e+00 -2.084891e-02 -9.372105e-04 9.997822e-01 -6.461326e+00
9.999718e-01 3.942616e-04 -7.501873e-03 -2.893050e+01 -4.195567e-04 9.999942e-01 -3.370516e-03 1.916667e+00 7.500500e-03 3.373567e-03 9.999662e-01 -5.584308e+00
9.999467e-01 -9.240008e-04 1.028046e-02 -2.966005e+01 8.927610e-04 9.999950e-01 3.042965e-03 1.962448e+00 -1.028322e-02 -3.033625e-03 9.999425e-01 -5.359657e+00
9.997958e-01 9.350251e-04 -2.018705e-02 -2.943738e+01 -9.795819e-04 9.999971e-01 -2.197410e-03 1.965780e+00 2.018494e-02 2.216735e-03 9.997938e-01 -5.865328e+00
9.998416e-01 -1.251170e-03 1.775174e-02 -2.985719e+01 1.212959e-03 9.999969e-01 2.163176e-03 1.986561e+00 -1.775439e-02 -2.141301e-03 9.998401e-01 -5.904203e+00
9.998318e-01 8.208163e-04 -1.832085e-02 -3.036050e+01 -8.581736e-04 9.999976e-01 -2.031274e-03 2.012463e+00 1.831914e-02 2.046654e-03 9.998301e-01 -6.026035e+00
9.999308e-01 -1.012999e-03 1.171771e-02 -3.029049e+01 9.816149e-04 9.999959e-01 2.683776e-03 2.022503e+00 -1.172038e-02 -2.672087e-03 9.999277e-01 -6.589901e+00
9.998407e-01 7.577966e-04 -1.783006e-02 -3.013281e+01 -7.888452e-04 9.999982e-01 -1.734377e-03 2.032744e+00 1.782872e-02 1.748166e-03 9.998395e-01 -7.479585e+00
9.999438e-01 -8.700424e-04 1.056532e-02 -2.992789e+01 8.422664e-04 9.999962e-01 2.633173e-03 2.041482e+00 -1.056757e-02 -2.624126e-03 9.999407e-01 -8.336280e+00
9.998544e-01 6.942224e-04 -1.705011e-02 -2.975488e+01 -7.232377e-04 9.999983e-01 -1.695642e-03 2.050821e+00 1.704890e-02 1.707726e-03 9.998532e-01 -9.200101e+00
9.999652e-01 -8.107008e-04 8.305092e-03 -2.958322e+01 7.889187e-04 9.999962e-01 2.625717e-03 2.055837e+00 -8.307190e-03 -2.619073e-03 9.999621e-01 -9.787296e+00
9.998495e-01 8.026854e-04 -1.733162e-02 -2.942158e+01 -8.325514e-04 9.999982e-01 -1.716041e-03 2.058448e+00 1.733021e-02 1.730212e-03 9.998483e-01 -1.018026e+01
9.999534e-01 -9.431458e-04 9.607364e-03 -2.927738e+01 9.192217e-04 9.999965e-01 2.494327e-03 2.064681e+00 -9.609683e-03 -2.485379e-03 9.999507e-01 -1.062965e+01
9.998995e-01 8.657566e-04 -1.414909e-02 -2.940509e+01 -8.926708e-04 9.999978e-01 -1.895955e-03 2.076625e+00 1.414741e-02 1.908395e-03 9.998981e-01 -1.104231e+01
9.999349e-01 -1.241205e-03 1.134254e-02 -2.971439e+01 1.213503e-03 9.999963e-01 2.448886e-03 2.095299e+00 -1.134553e-02 -2.434962e-03 9.999327e-01 -1.141979e+01
9.998698e-01 1.069676e-03 -1.610265e-02 -2.989727e+01 -1.100685e-03 9.999976e-01 -1.916957e-03 2.107940e+00 1.610056e-02 1.934431e-03 9.998685e-01 -1.162502e+01
9.999419e-01 -1.210543e-03 1.070872e-02 -2.985010e+01 1.179759e-03 9.999952e-01 2.880526e-03 2.117625e+00 -1.071216e-02 -2.867725e-03 9.999385e-01 -1.240568e+01
9.998361e-01 1.182822e-03 -1.806638e-02 -2.970673e+01 -1.217364e-03 9.999975e-01 -1.901031e-03 2.123066e+00 1.806409e-02 1.922713e-03 9.998350e-01 -1.306812e+01
9.999436e-01 -1.167827e-03 1.055593e-02 -2.955003e+01 1.136531e-03 9.999949e-01 2.970324e-03 2.127847e+00 -1.055934e-02 -2.958158e-03 9.999399e-01 -1.371841e+01
9.998604e-01 1.042171e-03 -1.667548e-02 -2.947540e+01 -1.074374e-03 9.999976e-01 -1.922274e-03 2.134182e+00 1.667344e-02 1.939920e-03 9.998591e-01 -1.435869e+01
9.999661e-01 -1.045143e-03 8.162235e-03 -2.933426e+01 1.022958e-03 9.999958e-01 2.721796e-03 2.133057e+00 -8.165045e-03 -2.713354e-03 9.999630e-01 -1.459183e+01
9.998498e-01 1.381460e-03 -1.727652e-02 -2.922876e+01 -1.415536e-03 9.999971e-01 -1.960279e-03 2.125958e+00 1.727376e-02 1.984439e-03 9.998488e-01 -1.433793e+01
9.999726e-01 -1.110139e-03 7.320596e-03 -2.902593e+01 1.088550e-03 9.999950e-01 2.952455e-03 2.121388e+00 -7.323837e-03 -2.944405e-03 9.999688e-01 -1.432350e+01
9.998983e-01 9.638353e-04 -1.422862e-02 -2.889861e+01 -9.922440e-04 9.999975e-01 -1.989639e-03 2.128659e+00 1.422666e-02 2.003554e-03 9.998968e-01 -1.504042e+01
9.999805e-01 -1.083691e-03 6.156499e-03 -2.875612e+01 1.066210e-03 9.999954e-01 2.842092e-03 2.132558e+00 -6.159550e-03 -2.835472e-03 9.999770e-01 -1.555693e+01
9.999289e-01 1.022397e-03 -1.188116e-02 -2.870319e+01 -1.045988e-03 9.999975e-01 -1.979542e-03 2.138636e+00 1.187911e-02 1.991828e-03 9.999275e-01 -1.619372e+01
9.999818e-01 -1.251653e-03 5.902023e-03 -2.864977e+01 1.234819e-03 9.999952e-01 2.855083e-03 2.145069e+00 -5.905567e-03 -2.847743e-03 9.999785e-01 -1.681488e+01
9.999033e-01 1.288874e-03 -1.384684e-02 -2.858655e+01 -1.316350e-03 9.999972e-01 -1.975319e-03 2.150628e+00 1.384425e-02 1.993355e-03 9.999022e-01 -1.729124e+01
9.999653e-01 -1.414123e-03 8.211955e-03 -2.866524e+01 1.390572e-03 9.999949e-01 2.872875e-03 2.160110e+00 -8.215975e-03 -2.861356e-03 9.999622e-01 -1.776104e+01
9.998947e-01 1.362044e-03 -1.444495e-02 -2.874181e+01 -1.393039e-03 9.999967e-01 -2.135821e-03 2.167171e+00 1.444200e-02 2.155718e-03 9.998934e-01 -1.808845e+01
9.999893e-01 -8.498374e-04 4.537970e-03 -2.856022e+01 8.350468e-04 9.999943e-01 3.260270e-03 2.158819e+00 -4.540715e-03 -3.256446e-03 9.999844e-01 -1.819274e+01
9.998898e-01 1.255261e-03 -1.479039e-02 -2.823641e+01 -1.288339e-03 9.999967e-01 -2.227120e-03 2.163843e+00 1.478755e-02 2.245929e-03 9.998881e-01 -1.888905e+01
9.999643e-01 -1.444957e-03 8.325449e-03 -2.810893e+01 1.418895e-03 9.999941e-01 3.135464e-03 2.173937e+00 -8.329930e-03 -3.123538e-03 9.999604e-01 -1.975356e+01
9.998641e-01 1.341240e-03 -1.642846e-02 -2.793746e+01 -1.377417e-03 9.999967e-01 -2.190961e-03 2.178051e+00 1.642546e-02 2.213291e-03 9.998626e-01 -2.034000e+01
9.999846e-01 -1.189630e-03 5.422022e-03 -2.774374e+01 1.173147e-03 9.999947e-01 3.042273e-03 2.174576e+00 -5.425612e-03 -3.035865e-03 9.999807e-01 -2.047253e+01
9.999308e-01 1.346545e-03 -1.168383e-02 -2.780771e+01 -1.373120e-03 9.999965e-01 -2.266799e-03 2.180679e+00 1.168074e-02 2.282685e-03 9.999292e-01 -2.081062e+01
9.999745e-01 -1.488296e-03 6.989417e-03 -2.788930e+01 1.466086e-03 9.999939e-01 3.181829e-03 2.190767e+00 -6.994109e-03 -3.171500e-03 9.999705e-01 -2.140849e+01
9.998810e-01 1.507841e-03 -1.535168e-02 -2.776917e+01 -1.544192e-03 9.999960e-01 -2.356270e-03 2.195534e+00 1.534807e-02 2.379695e-03 9.998794e-01 -2.195369e+01
9.999909e-01 -1.335517e-03 4.046153e-03 -2.755072e+01 1.322179e-03 9.999937e-01 3.297552e-03 2.192278e+00 -4.050531e-03 -3.292172e-03 9.999864e-01 -2.217023e+01
9.998672e-01 1.661953e-03 -1.620894e-02 -2.726304e+01 -1.697598e-03 9.999962e-01 -2.185542e-03 2.186955e+00 1.620524e-02 2.212768e-03 9.998662e-01 -2.241824e+01
9.999783e-01 -1.612698e-03 6.393014e-03 -2.695541e+01 1.591723e-03 9.999933e-01 3.284724e-03 2.185481e+00 -6.398269e-03 -3.274476e-03 9.999742e-01 -2.289721e+01
9.998185e-01 1.963512e-03 -1.895106e-02 -2.658185e+01 -2.002181e-03 9.999960e-01 -2.021700e-03 2.179902e+00 1.894701e-02 2.059276e-03 9.998184e-01 -2.322009e+01
9.998530e-01 -2.335466e-03 1.698645e-02 -2.697421e+01 2.295405e-03 9.999945e-01 2.377564e-03 2.198605e+00 -1.699191e-02 -2.338223e-03 9.998529e-01 -2.335067e+01
9.995722e-01 2.577471e-03 -2.913279e-02 -2.666769e+01 -2.614059e-03 9.999958e-01 -1.217864e-03 2.193507e+00 2.912953e-02 1.293498e-03 9.995748e-01 -2.361245e+01
9.998251e-01 -2.452353e-03 1.854243e-02 -2.645137e+01 2.411149e-03 9.999946e-01 2.244168e-03 2.192144e+00 -1.854783e-02 -2.199066e-03 9.998256e-01 -2.392804e+01
9.996081e-01 2.431737e-03 -2.788883e-02 -2.626900e+01 -2.468384e-03 9.999961e-01 -1.279677e-03 2.193735e+00 2.788561e-02 1.348016e-03 9.996102e-01 -2.431218e+01
9.998216e-01 -2.208482e-03 1.875954e-02 -2.616944e+01 2.174189e-03 9.999959e-01 1.848250e-03 2.199102e+00 -1.876355e-02 -1.807133e-03 9.998223e-01 -2.442402e+01
9.996603e-01 2.208460e-03 -2.596899e-02 -2.623428e+01 -2.247995e-03 9.999964e-01 -1.493295e-03 2.215863e+00 2.596559e-02 1.551165e-03 9.996616e-01 -2.448197e+01
9.998431e-01 -2.284130e-03 1.756510e-02 -2.606092e+01 2.243403e-03 9.999948e-01 2.337977e-03 2.222771e+00 -1.757035e-02 -2.298204e-03 9.998430e-01 -2.510338e+01
9.995995e-01 2.252310e-03 -2.821055e-02 -2.577907e+01 -2.291926e-03 9.999964e-01 -1.372035e-03 2.228150e+00 2.820735e-02 1.436141e-03 9.996011e-01 -2.571865e+01
9.999332e-01 -1.475826e-03 1.146139e-02 -2.505703e+01 1.438241e-03 9.999936e-01 3.286890e-03 2.216913e+00 -1.146616e-02 -3.270186e-03 9.999289e-01 -2.613275e+01
9.997173e-01 1.765484e-03 -2.370957e-02 -2.467195e+01 -1.818528e-03 9.999959e-01 -2.215831e-03 2.221274e+00 2.370556e-02 2.258321e-03 9.997164e-01 -2.683545e+01
9.999667e-01 -1.040230e-03 8.096520e-03 -2.387936e+01 1.004168e-03 9.999896e-01 4.456771e-03 2.200277e+00 -8.101071e-03 -4.448492e-03 9.999573e-01 -2.719404e+01
9.996096e-01 2.721949e-03 -2.780664e-02 -2.304279e+01 -2.793395e-03 9.999929e-01 -2.530844e-03 2.173997e+00 2.779955e-02 2.607530e-03 9.996101e-01 -2.731052e+01
9.998662e-01 -2.549825e-03 1.616070e-02 -2.278735e+01 2.492430e-03 9.999905e-01 3.570706e-03 2.170473e+00 -1.616965e-02 -3.529948e-03 9.998630e-01 -2.754484e+01
9.996773e-01 2.595282e-03 -2.526960e-02 -2.264699e+01 -2.660429e-03 9.999932e-01 -2.544771e-03 2.170467e+00 2.526282e-02 2.611177e-03 9.996774e-01 -2.791162e+01
9.998727e-01 -2.652869e-03 1.573405e-02 -2.244797e+01 2.598052e-03 9.999905e-01 3.503421e-03 2.171470e+00 -1.574319e-02 -3.462097e-03 9.998701e-01 -2.835864e+01
9.997105e-01 2.639628e-03 -2.391722e-02 -2.226614e+01 -2.699106e-03 9.999933e-01 -2.454891e-03 2.175685e+00 2.391058e-02 2.518735e-03 9.997109e-01 -2.898352e+01
9.999710e-01 -1.931453e-03 7.364673e-03 -2.134792e+01 1.891382e-03 9.999834e-01 5.444194e-03 2.147657e+00 -7.375066e-03 -5.430106e-03 9.999581e-01 -2.924806e+01
9.995631e-01 3.427761e-03 -2.935841e-02 -2.038300e+01 -3.515393e-03 9.999895e-01 -2.933800e-03 2.123277e+00 2.934804e-02 3.035724e-03 9.995646e-01 -2.945554e+01
9.997626e-01 -3.497940e-03 2.150744e-02 -2.035448e+01 3.417042e-03 9.999870e-01 3.797012e-03 2.128824e+00 -2.152044e-02 -3.722618e-03 9.997615e-01 -2.987161e+01
9.996220e-01 3.345641e-03 -2.729033e-02 -2.039054e+01 -3.425862e-03 9.999899e-01 -2.893291e-03 2.135163e+00 2.728038e-02 2.985689e-03 9.996234e-01 -3.036687e+01
9.997157e-01 -3.622981e-03 2.356587e-02 -2.028681e+01 3.527411e-03 9.999854e-01 4.095787e-03 2.149317e+00 -2.358037e-02 -4.011496e-03 9.997139e-01 -3.149204e+01
9.995525e-01 3.238445e-03 -2.973788e-02 -2.008556e+01 -3.326581e-03 9.999902e-01 -2.914763e-03 2.159357e+00 2.972815e-02 3.012384e-03 9.995535e-01 -3.240621e+01
9.997697e-01 -3.226972e-03 2.121743e-02 -1.982520e+01 3.139122e-03 9.999864e-01 4.172504e-03 2.154049e+00 -2.123060e-02 -4.104938e-03 9.997662e-01 -3.277075e+01
9.994336e-01 3.349004e-03 -3.348613e-02 -1.937364e+01 -3.439707e-03 9.999906e-01 -2.651419e-03 2.141198e+00 3.347694e-02 2.765099e-03 9.994357e-01 -3.299711e+01
9.998258e-01 -2.878676e-03 1.844379e-02 -1.895442e+01 2.806488e-03 9.999883e-01 3.938652e-03 2.124345e+00 -1.845491e-02 -3.886202e-03 9.998221e-01 -3.298885e+01
9.995470e-01 3.051500e-03 -2.994137e-02 -1.864554e+01 -3.136102e-03 9.999912e-01 -2.779015e-03 2.121284e+00 2.993263e-02 2.871655e-03 9.995478e-01 -3.336824e+01
9.998086e-01 -3.068597e-03 1.932420e-02 -1.820929e+01 2.990708e-03 9.999873e-01 4.058316e-03 2.110981e+00 -1.933641e-02 -3.999746e-03 9.998050e-01 -3.372436e+01
9.994106e-01 3.515299e-03 -3.414741e-02 -1.773552e+01 -3.604462e-03 9.999903e-01 -2.549893e-03 2.095153e+00 3.413812e-02 2.671473e-03 9.994136e-01 -3.378745e+01
9.996943e-01 -3.448195e-03 2.448499e-02 -1.743821e+01 3.355702e-03 9.999871e-01 3.817639e-03 2.096688e+00 -2.449783e-02 -3.734307e-03 9.996929e-01 -3.441719e+01
9.993719e-01 3.759786e-03 -3.523742e-02 -1.701625e+01 -3.848448e-03 9.999896e-01 -2.448635e-03 2.095679e+00 3.522785e-02 2.582706e-03 9.993760e-01 -3.503351e+01
9.997407e-01 -3.572829e-03 2.249044e-02 -1.661694e+01 3.489076e-03 9.999868e-01 3.762081e-03 2.085541e+00 -2.250358e-02 -3.682634e-03 9.997400e-01 -3.522578e+01
9.993318e-01 3.993566e-03 -3.633304e-02 -1.623087e+01 -4.085841e-03 9.999886e-01 -2.465782e-03 2.073327e+00 3.632278e-02 2.612585e-03 9.993367e-01 -3.530673e+01
9.997436e-01 -3.622765e-03 2.235186e-02 -1.587515e+01 3.541836e-03 9.999870e-01 3.659232e-03 2.065262e+00 -2.236483e-02 -3.579127e-03 9.997435e-01 -3.544228e+01
9.995981e-01 3.361459e-03 -2.814745e-02 -1.593191e+01 -3.440034e-03 9.999903e-01 -2.743551e-03 2.079758e+00 2.813796e-02 2.839276e-03 9.996000e-01 -3.603981e+01
9.998652e-01 -3.100276e-03 1.612386e-02 -1.559762e+01 3.038037e-03 9.999878e-01 3.883154e-03 2.069464e+00 -1.613570e-02 -3.833645e-03 9.998625e-01 -3.620487e+01
