1.000000e+00 1.197625e-11 1.704638e-10 5.551115e-17 1.197625e-11 1.000000e+00 3.562503e-10 0.000000e+00 1.704638e-10 3.562503e-10 1.000000e+00 2.220446e-16 0.000000e+00 0.000000e+00 0.000000e+00 1.000000e+00
9.463966e-01 6.367612e-02 -3.166684e-01 4.099552e-02 -3.343943e-02 9.944231e-01 1.000227e-01 -2.769514e-02 3.212715e-01 -8.407196e-02 9.432479e-01 4.728992e-01
9.958187e-01 -3.717822e-04 9.135117e-02 3.079533e-01 -2.236811e-03 9.995927e-01 2.845162e-02 -6.875063e-02 -9.132454e-02 -2.853699e-02 9.954122e-01 1.022029e+00
9.235440e-01 1.073038e-01 -3.681744e-01 7.074056e-01 -6.909916e-02 9.909051e-01 1.154664e-01 -1.182537e-01 3.772158e-01 -8.119773e-02 9.225590e-01 1.622138e+00
9.766427e-01 5.422609e-02 -2.079149e-01 1.041983e+00 -4.395488e-02 9.975887e-01 5.371009e-02 -1.590887e-01 2.103260e-01 -4.331669e-02 9.766712e-01 2.104273e+00
9.544013e-01 7.805724e-02 -2.881410e-01 1.375101e+00 -5.420840e-02 9.944789e-01 8.985085e-02 -1.964957e-01 2.935636e-01 -7.013411e-02 9.533633e-01 2.470660e+00
9.158088e-01 1.059303e-01 -3.873925e-01 1.798366e+00 -7.583860e-02 9.928479e-01 9.220372e-02 -2.408414e-01 3.943890e-01 -5.506168e-02 9.172925e-01 2.968736e+00
8.998737e-01 1.047348e-01 -4.233887e-01 2.151310e+00 -5.957729e-02 9.911580e-01 1.185593e-01 -2.845468e-01 4.320624e-01 -8.146405e-02 8.981568e-01 3.572437e+00
9.234348e-01 1.076951e-01 -3.683340e-01 2.492468e+00 -7.824550e-02 9.924905e-01 9.402259e-02 -3.268107e-01 3.756937e-01 -5.800326e-02 9.249269e-01 4.136988e+00
8.623203e-01 1.267468e-01 -4.902437e-01 2.878364e+00 -6.911664e-02 9.885669e-01 1.340090e-01 -3.735832e-01 5.016239e-01 -8.167464e-02 8.612216e-01 4.795913e+00
9.334944e-01 9.527767e-02 -3.457026e-01 3.294244e+00 -6.941888e-02 9.938342e-01 8.645601e-02 -4.196797e-01 3.518084e-01 -5.670791e-02 9.343528e-01 5.388750e+00
8.924303e-01 1.025183e-01 -4.393838e-01 3.736808e+00 -6.307774e-02 9.926287e-01 1.034861e-01 -4.633678e-01 4.467542e-01 -6.463880e-02 8.923186e-01 5.846838e+00
9.769218e-01 5.699964e-02 -2.058515e-01 4.128507e+00 -4.207223e-02 9.962059e-01 7.618165e-02 -5.064448e-01 2.094128e-01 -6.576288e-02 9.756134e-01 6.349866e+00
8.904792e-01 1.267565e-01 -4.370121e-01 4.394843e+00 -8.341076e-02 9.896138e-01 1.170778e-01 -5.464312e-01 4.473135e-01 -6.780382e-02 8.918034e-01 6.977353e+00
9.779898e-01 -5.505466e-02 2.012582e-01 4.523748e+00 5.294876e-02 9.984717e-01 1.583624e-02 -5.762837e-01 -2.018225e-01 -4.831308e-03 9.794102e-01 7.353610e+00
5.258030e-01 2.939005e-01 -7.982191e-01 4.824281e+00 -1.282052e-01 9.550740e-01 2.672024e-01 -6.205857e-01 8.408892e-01 -3.815998e-02 5.398604e-01 8.104208e+00
8.761102e-01 -1.401284e-01 4.612970e-01 4.854329e+00 1.713050e-01 9.848703e-01 -2.617349e-02 -6.487210e-01 -4.506501e-01 1.019533e-01 8.868596e-01 8.698692e+00
7.765293e-01 2.310113e-01 -5.862048e-01 4.809849e+00 -1.470923e-01 9.711212e-01 1.878498e-01 -6.666924e-01 6.126713e-01 -5.964470e-02 7.880840e-01 9.036445e+00
9.884158e-01 -8.531682e-02 1.255201e-01 4.988408e+00 8.609524e-02 9.962866e-01 -7.798348e-04 -7.018446e-01 -1.249875e-01 1.157748e-02 9.920908e-01 9.580953e+00
7.289773e-01 2.738043e-01 -6.273941e-01 5.314283e+00 -1.493230e-01 9.580547e-01 2.446094e-01 -7.436832e-01 6.680530e-01 -8.463036e-02 7.392854e-01 1.011268e+01
9.975963e-01 -4.377911e-02 -5.371316e-02 5.658220e+00 4.316345e-02 9.989890e-01 -1.256953e-02 -7.918425e-01 5.420914e-02 1.022087e-02 9.984773e-01 1.087628e+01
8.442284e-01 2.077195e-01 -4.940962e-01 5.842935e+00 -1.118692e-01 9.698347e-01 2.165780e-01 -8.276985e-01 5.241791e-01 -1.275671e-01 8.419993e-01 1.145484e+01
9.990241e-01 -3.500645e-02 2.693435e-02 6.027893e+00 3.593750e-02 9.987446e-01 -3.489712e-02 -8.653726e-01 -2.567891e-02 3.583102e-02 9.990279e-01 1.207955e+01
7.931209e-01 1.973024e-01 -5.762214e-01 6.170281e+00 -8.331423e-02 9.723284e-01 2.182573e-01 -8.965234e-01 6.033391e-01 -1.250970e-01 7.876120e-01 1.260655e+01
9.941228e-01 -2.308451e-02 1.057681e-01 6.340537e+00 3.084198e-02 9.969055e-01 -7.230573e-02 -9.251526e-01 -1.037717e-01 7.514287e-02 9.917585e-01 1.294910e+01
7.251262e-01 2.029651e-01 -6.580251e-01 6.675406e+00 -5.035679e-02 9.686472e-01 2.432834e-01 -9.631787e-01 6.867722e-01 -1.432751e-01 7.126122e-01 1.339013e+01
9.988005e-01 3.843631e-02 -3.033480e-02 6.986552e+00 -3.980890e-02 9.981469e-01 -4.602226e-02 -1.000732e+00 2.850966e-02 4.717465e-02 9.984797e-01 1.388685e+01
6.739474e-01 1.406267e-01 -7.252717e-01 7.253278e+00 -1.629850e-02 9.843075e-01 1.757073e-01 -1.029801e+00 7.385995e-01 -1.065967e-01 6.656635e-01 1.407131e+01
9.579285e-01 1.456853e-02 2.866368e-01 7.558259e+00 7.711850e-04 9.985766e-01 -5.333068e-02 -1.063586e+00 -2.870058e-01 5.130803e-02 9.565538e-01 1.418953e+01
8.472965e-01 7.915603e-02 -5.251885e-01 7.926208e+00 -1.897590e-02 9.927121e-01 1.190067e-01 -1.100538e+00 5.307810e-01 -9.086802e-02 8.426236e-01 1.434950e+01
9.037398e-01 -1.030142e-02 4.279582e-01 8.362657e+00 2.929309e-02 9.988553e-01 -3.781607e-02 -1.137820e+00 -4.270788e-01 4.671211e-02 9.030070e-01 1.443791e+01
7.711640e-01 1.091861e-01 -6.272037e-01 8.749905e+00 -4.680143e-02 9.922404e-01 1.151894e-01 -1.169086e+00 6.349139e-01 -5.947592e-02 7.702902e-01 1.442153e+01
9.581271e-01 -1.329215e-02 2.860344e-01 9.193787e+00 1.354864e-02 9.999076e-01 1.082395e-03 -1.202588e+00 -2.860224e-01 2.838306e-03 9.582187e-01 1.440590e+01
6.778314e-01 1.673781e-01 -7.159114e-01 9.696953e+00 -9.936361e-02 9.856627e-01 1.363668e-01 -1.240817e+00 7.284720e-01 -2.129814e-02 6.847444e-01 1.445551e+01
9.993215e-01 -9.869160e-03 -3.548380e-02 1.006210e+01 1.151892e-02 9.988475e-01 4.659349e-02 -1.273125e+00 3.498307e-02 -4.697061e-02 9.982835e-01 1.465721e+01
7.598695e-01 1.855922e-01 -6.230200e-01 1.042017e+01 -1.200115e-01 9.819569e-01 1.461437e-01 -1.307455e+00 6.389019e-01 -3.628055e-02 7.684322e-01 1.495011e+01
9.773973e-01 -7.466887e-03 -2.112788e-01 1.070193e+01 1.206019e-02 9.997179e-01 2.046024e-02 -1.335168e+00 2.110664e-01 -2.254584e-02 9.772117e-01 1.518324e+01
6.590134e-01 2.184015e-01 -7.197236e-01 1.094903e+01 -9.741354e-02 9.736371e-01 2.062556e-01 -1.362224e+00 7.457961e-01 -6.581437e-02 6.629152e-01 1.544883e+01
9.443216e-01 2.569274e-02 -3.280191e-01 1.109176e+01 -3.152520e-02 9.994251e-01 -1.247477e-02 -1.381860e+00 3.275100e-01 2.212107e-02 9.445887e-01 1.548359e+01
7.714825e-01 1.137096e-01 -6.260070e-01 1.114889e+01 -3.879344e-02 9.904764e-01 1.321043e-01 -1.395381e+00 6.350667e-01 -7.763116e-02 7.685465e-01 1.523674e+01
9.795890e-01 4.007410e-02 -1.969758e-01 1.144704e+01 -4.105479e-02 9.991565e-01 -8.962042e-04 -1.419541e+00 1.967737e-01 8.964712e-03 9.804079e-01 1.505622e+01
7.479027e-01 6.074506e-02 -6.610232e-01 1.179173e+01 -1.902922e-03 9.959963e-01 8.937455e-02 -1.445986e+00 6.638057e-01 -6.558559e-02 7.450239e-01 1.473451e+01
9.827689e-01 8.098001e-02 -1.661552e-01 1.209195e+01 -7.474762e-02 9.962560e-01 4.343644e-02 -1.470427e+00 1.690506e-01 -3.026828e-02 9.851425e-01 1.460634e+01
7.152346e-01 9.994951e-02 -6.917005e-01 1.223115e+01 -4.739833e-02 9.943792e-01 9.467507e-02 -1.489682e+00 6.972753e-01 -3.492944e-02 7.159519e-01 1.476379e+01
9.401152e-01 7.642733e-02 -3.321781e-01 1.166366e+01 -6.746012e-02 9.969803e-01 3.846208e-02 -1.476496e+00 3.341146e-01 -1.375001e-02 9.424322e-01 1.441746e+01
7.721716e-01 7.193358e-02 -6.313292e-01 1.132836e+01 -5.390884e-02 9.974055e-01 4.770899e-02 -1.472420e+00 6.331230e-01 -2.805310e-03 7.740461e-01 1.413584e+01
9.954040e-01 1.097493e-02 -9.513333e-02 1.122151e+01 -5.358151e-03 9.982379e-01 5.909665e-02 -1.478766e+00 9.561428e-02 -5.831531e-02 9.937088e-01 1.402964e+01
7.726976e-01 1.265953e-01 -6.220226e-01 1.121156e+01 -9.232936e-02 9.919047e-01 8.717977e-02 -1.490182e+00 6.280237e-01 -9.932649e-03 7.781309e-01 1.395001e+01
9.986570e-01 -4.556911e-02 2.465188e-02 1.115011e+01 4.543315e-02 9.989491e-01 6.047796e-03 -1.498624e+00 -2.490157e-02 -4.919662e-03 9.996778e-01 1.380778e+01
7.054296e-01 1.674928e-01 -6.887055e-01 1.087438e+01 -1.017471e-01 9.855438e-01 1.354658e-01 -1.499100e+00 7.014390e-01 -2.548780e-02 7.122736e-01 1.363180e+01
9.955522e-01 -4.801221e-02 8.105954e-02 1.060937e+01 5.240685e-02 9.972191e-01 -5.298641e-02 -1.497213e+00 -7.829013e-02 5.699881e-02 9.952999e-01 1.354025e+01
8.609707e-01 1.381805e-01 -4.895259e-01 1.082626e+01 -6.679621e-02 9.847737e-01 1.604960e-01 -1.519790e+00 5.042497e-01 -1.054839e-01 8.570913e-01 1.349349e+01
9.994835e-01 -3.233652e-03 -3.197236e-02 1.086105e+01 1.291526e-03 9.981626e-01 -6.057893e-02 -1.533264e+00 3.210950e-02 6.050635e-02 9.976512e-01 1.350731e+01
8.288056e-01 1.006199e-01 -5.504153e-01 1.066084e+01 -2.683553e-02 9.897143e-01 1.405185e-01 -1.535544e+00 5.588928e-01 -1.016918e-01 8.229809e-01 1.354215e+01
9.948763e-01 4.416259e-02 -9.094423e-02 1.062653e+01 -4.693365e-02 9.984897e-01 -2.855917e-02 -1.545996e+00 8.954563e-02 3.268119e-02 9.954464e-01 1.364448e+01
8.728308e-01 7.654892e-02 -4.819820e-01 1.085698e+01 -1.652443e-02 9.916910e-01 1.275771e-01 -1.571228e+00 4.877431e-01 -1.033887e-01 8.668434e-01 1.379101e+01
9.898635e-01 7.869879e-02 -1.182232e-01 1.109926e+01 -7.744341e-02 9.968811e-01 1.518255e-02 -1.599945e+00 1.190494e-01 -5.873042e-03 9.928710e-01 1.403372e+01
8.242288e-01 7.818176e-02 -5.608338e-01 1.107407e+01 -2.178335e-02 9.940674e-01 1.065618e-01 -1.615442e+00 5.658378e-01 -7.561451e-02 8.210421e-01 1.434970e+01
9.904108e-01 6.873202e-02 -1.198433e-01 1.113758e+01 -6.599467e-02 9.974636e-01 2.666698e-02 -1.632304e+00 1.213722e-01 -1.850224e-02 9.924346e-01 1.452437e+01
8.258564e-01 7.336148e-02 -5.590879e-01 1.133177e+01 -3.514056e-02 9.962694e-01 7.881900e-02 -1.654769e+00 5.627844e-01 -4.544652e-02 8.253534e-01 1.455265e+01
9.996210e-01 2.693031e-02 5.702552e-03 1.129801e+01 -2.689688e-02 9.996210e-01 -5.861096e-03 -1.667532e+00 -5.858232e-03 5.705494e-03 9.999666e-01 1.429449e+01
7.893231e-01 7.493939e-02 -6.093875e-01 1.119454e+01 -3.919994e-02 9.966493e-01 7.178827e-02 -1.676290e+00 6.127254e-01 -3.277619e-02 7.896159e-01 1.408923e+01
9.957114e-01 5.363946e-02 -7.537645e-02 1.128402e+01 -4.859295e-02 9.965514e-01 6.726135e-02 -1.695595e+00 7.872437e-02 -6.331013e-02 9.948841e-01 1.427856e+01
8.012317e-01 1.125494e-01 -5.876738e-01 1.146234e+01 -7.885545e-02 9.934456e-01 8.275037e-02 -1.722072e+00 5.931354e-01 -1.996094e-02 8.048552e-01 1.457633e+01
9.999358e-01 -1.091710e-02 -3.021855e-03 1.160347e+01 1.103600e-02 9.990306e-01 4.261604e-02 -1.742704e+00 2.553682e-03 -4.264665e-02 9.990870e-01 1.468154e+01
8.216323e-01 1.311918e-01 -5.547153e-01 1.174979e+01 -9.738540e-02 9.911540e-01 9.016576e-02 -1.763671e+00 5.616373e-01 -2.006192e-02 8.271403e-01 1.480190e+01
9.993635e-01 -3.566868e-02 6.574704e-04 1.190871e+01 3.564708e-02 9.991446e-01 2.096237e-02 -1.784101e+00 -1.404608e-03 -2.092559e-02 9.997800e-01 1.485357e+01
8.291442e-01 1.600312e-01 -5.356397e-01 1.217300e+01 -1.099486e-01 9.861186e-01 1.244243e-01 -1.811885e+00 5.481160e-01 -4.427286e-02 8.352297e-01 1.502527e+01
9.908630e-01 -1.597030e-02 -1.339230e-01 1.244076e+01 1.705796e-02 9.998302e-01 6.977972e-03 -1.838396e+00 1.337888e-01 -9.198668e-03 9.909672e-01 1.515022e+01
8.672943e-01 1.396897e-01 -4.777944e-01 1.261552e+01 -8.717670e-02 9.876086e-01 1.304973e-01 -1.860691e+00 4.901029e-01 -7.152700e-02 8.687249e-01 1.528321e+01
9.996113e-01 -2.640636e-02 -8.937442e-03 1.278420e+01 2.617302e-02 9.993375e-01 -2.528894e-02 -1.882803e+00 9.599310e-03 2.504519e-02 9.996402e-01 1.541501e+01
8.036739e-01 1.390389e-01 -5.785987e-01 1.277026e+01 -6.852085e-02 9.874753e-01 1.421176e-01 -1.893876e+00 5.911118e-01 -7.457010e-02 8.031352e-01 1.539302e+01
9.980923e-01 -3.019889e-02 5.384910e-02 1.264858e+01 3.379940e-02 9.971631e-01 -6.725658e-02 -1.899714e+00 -5.166526e-02 6.894835e-02 9.962815e-01 1.527076e+01
7.987127e-01 1.224098e-01 -5.891297e-01 1.246159e+01 -4.213762e-02 9.880634e-01 1.481725e-01 -1.901817e+00 6.002353e-01 -9.352273e-02 7.943369e-01 1.525878e+01
9.980156e-01 8.152668e-03 6.243701e-02 1.241769e+01 -5.544311e-03 9.991091e-01 -4.183569e-02 -1.912681e+00 -6.272246e-02 4.140650e-02 9.971717e-01 1.542119e+01
6.198043e-01 1.464761e-01 -7.709652e-01 1.268721e+01 -3.864077e-02 9.869308e-01 1.564429e-01 -1.935463e+00 7.838045e-01 -6.717332e-02 6.173640e-01 1.541089e+01
9.987968e-01 3.588175e-02 -3.342763e-02 1.269212e+01 -3.540403e-02 9.992638e-01 1.477542e-02 -1.947877e+00 3.393319e-02 -1.357417e-02 9.993319e-01 1.549208e+01
8.479504e-01 2.330079e-02 -5.295632e-01 1.233771e+01 -1.832500e-02 9.997248e-01 1.464544e-02 -1.941897e+00 5.297587e-01 -2.714359e-03 8.481441e-01 1.545338e+01
9.929889e-01 4.577930e-02 -1.089827e-01 1.218555e+01 -3.934212e-02 9.973925e-01 6.050169e-02 -1.945564e+00 1.114683e-01 -5.578990e-02 9.922007e-01 1.535142e+01
8.767951e-01 3.439761e-02 -4.796323e-01 1.213931e+01 -3.944782e-02 9.992215e-01 -4.520467e-04 -1.953676e+00 4.792434e-01 1.931680e-02 8.774694e-01 1.530906e+01
9.995135e-01 2.530955e-02 -1.822666e-02 1.228101e+01 -2.311838e-02 9.934661e-01 1.117618e-01 -1.976747e+00 2.093621e-02 -1.112861e-01 9.935679e-01 1.552794e+01
8.050664e-01 9.104066e-02 -5.861568e-01 1.236946e+01 -1.006286e-01 9.947905e-01 1.629888e-02 -1.993481e+00 5.845871e-01 4.586246e-02 8.100337e-01 1.557431e+01
9.980117e-01 -2.554255e-02 -5.762163e-02 1.225150e+01 3.012832e-02 9.963255e-01 8.017321e-02 -1.999078e+00 5.536208e-02 -8.174985e-02 9.951141e-01 1.559668e+01
8.189174e-01 1.250421e-01 -5.601238e-01 1.218814e+01 -1.201529e-01 9.917020e-01 4.572061e-02 -2.006923e+00 5.611929e-01 2.985909e-02 8.271462e-01 1.561091e+01
9.964168e-01 -4.720815e-02 -7.017809e-02 1.210511e+01 5.054344e-02 9.976371e-01 4.653493e-02 -2.014818e+00 6.781544e-02 -4.991523e-02 9.964485e-01 1.556343e+01
8.231417e-01 1.348442e-01 -5.515930e-01 1.194762e+01 -1.187163e-01 9.907949e-01 6.505278e-02 -2.018903e+00 5.552875e-01 1.193540e-02 8.315728e-01 1.542210e+01
9.924005e-01 -5.001829e-02 -1.124252e-01 1.198355e+01 5.289473e-02 9.983410e-01 2.274799e-02 -2.031530e+00 1.111009e-01 -2.852181e-02 9.933998e-01 1.532706e+01
8.318786e-01 1.642701e-01 -5.300880e-01 1.188619e+01 -1.235842e-01 9.860363e-01 1.116215e-01 -2.038037e+00 5.410221e-01 -2.734501e-02 8.405637e-01 1.531583e+01
9.960089e-01 -8.751651e-02 -1.752714e-02 1.196642e+01 8.704921e-02 9.958685e-01 -2.585382e-02 -2.052777e+00 1.971736e-02 2.422491e-02 9.995121e-01 1.520200e+01
8.397404e-01 1.717207e-01 -5.151194e-01 1.226418e+01 -1.074477e-01 9.824675e-01 1.523567e-01 -2.077929e+00 5.322509e-01 -7.259165e-02 8.434687e-01 1.495652e+01
9.932126e-01 -4.281625e-02 -1.081457e-01 1.241131e+01 3.572265e-02 9.971334e-01 -6.670002e-02 -2.095875e+00 1.106915e-01 6.238405e-02 9.918950e-01 1.477454e+01
7.986812e-01 1.395702e-01 -5.853448e-01 1.245763e+01 -3.869879e-02 9.826299e-01 1.814961e-01 -2.107881e+00 6.005088e-01 -1.223054e-01 7.902092e-01 1.467799e+01
9.987167e-01 1.090390e-02 -4.945715e-02 1.276078e+01 -1.586881e-02 9.947462e-01 -1.011346e-01 -2.134215e+00 4.809455e-02 1.017896e-01 9.936427e-01 1.424374e+01
8.629346e-01 5.432729e-02 -5.023868e-01 1.329393e+01 9.108871e-03 9.923699e-01 1.229593e-01 -2.172480e+00 5.052336e-01 -1.106820e-01 8.558554e-01 1.366623e+01
9.979343e-01 5.714619e-02 2.934963e-02 1.357749e+01 -5.498034e-02 9.960347e-01 -6.994375e-02 -2.197857e+00 -3.323026e-02 6.818562e-02 9.971191e-01 1.336455e+01
7.421073e-01 6.255144e-02 -6.673560e-01 1.371302e+01 2.898539e-02 9.917099e-01 1.251853e-01 -2.215325e+00 6.696541e-01 -1.122445e-01 7.341421e-01 1.322736e+01
9.960505e-01 8.467162e-02 2.672186e-02 1.358528e+01 -8.367633e-02 9.958281e-01 -3.639462e-02 -2.219759e+00 -2.969197e-02 3.401489e-02 9.989802e-01 1.317054e+01
7.357550e-01 3.033228e-02 -6.765682e-01 1.328880e+01 1.784193e-02 9.977817e-01 6.413587e-02 -2.216403e+00 6.770127e-01 -5.925957e-02 7.335817e-01 1.320618e+01
9.940892e-01 5.449880e-02 9.389604e-02 1.321608e+01 -5.600159e-02 9.983402e-01 1.344297e-02 -2.224046e+00 -9.300756e-02 -1.862184e-02 9.954912e-01 1.304961e+01
7.635940e-01 2.737468e-02 -6.451161e-01 1.341542e+01 -8.124007e-03 9.994291e-01 3.279350e-02 -2.244647e+00 6.456456e-01 -1.979999e-02 7.633805e-01 1.276897e+01
9.845627e-01 2.508893e-02 1.732246e-01 1.329544e+01 -3.060888e-02 9.991028e-01 2.926803e-02 -2.250549e+00 -1.723349e-01 -3.411842e-02 9.844474e-01 1.256900e+01
7.925533e-01 3.185884e-02 -6.089699e-01 1.293860e+01 -3.831028e-02 9.992630e-01 2.417893e-03 -2.245098e+00 6.085981e-01 2.141350e-02 7.931897e-01 1.252664e+01
9.963320e-01 1.080391e-02 8.488733e-02 1.259160e+01 -1.559577e-02 9.983095e-01 5.599092e-02 -2.239632e+00 -8.413890e-02 -5.710943e-02 9.948161e-01 1.252710e+01
7.969463e-01 6.588551e-02 -6.004462e-01 1.249890e+01 -6.634889e-02 9.975670e-01 2.139860e-02 -2.246432e+00 6.003952e-01 2.278541e-02 7.993788e-01 1.248145e+01
9.730208e-01 -3.728342e-02 2.276852e-01 1.269649e+01 2.246171e-02 9.974768e-01 6.734579e-02 -2.267712e+00 -2.296216e-01 -6.041466e-02 9.714031e-01 1.241247e+01
6.533443e-01 1.320477e-01 -7.454560e-01 1.255949e+01 -1.234525e-01 9.900739e-01 6.718042e-02 -2.272200e+00 7.469275e-01 4.813645e-02 6.631607e-01 1.242197e+01
9.855954e-01 -7.168617e-02 1.531755e-01 1.234513e+01 6.606394e-02 9.969524e-01 4.149088e-02 -2.273162e+00 -1.556830e-01 -3.077384e-02 9.873276e-01 1.234555e+01
6.986273e-01 1.577515e-01 -6.978785e-01 1.213737e+01 -1.330279e-01 9.870230e-01 8.994024e-02 -2.275189e+00 7.030103e-01 3.000262e-02 7.105466e-01 1.215246e+01
9.721972e-01 -9.738667e-02 2.129519e-01 1.230346e+01 9.473647e-02 9.952449e-01 2.263920e-02 -2.293764e+00 -2.141441e-01 -1.835446e-03 9.768004e-01 1.199127e+01
8.210411e-01 1.833430e-01 -5.406263e-01 1.262049e+01 -1.470318e-01 9.829888e-01 1.100667e-01 -2.321627e+00 5.516096e-01 -1.088006e-02 8.340315e-01 1.195758e+01
9.868994e-01 -1.004807e-01 1.262266e-01 1.281944e+01 1.020644e-01 9.947589e-01 -6.125976e-03 -2.343359e+00 -1.249495e-01 1.892897e-02 9.919825e-01 1.193559e+01
7.680574e-01 2.044851e-01 -6.068556e-01 1.292848e+01 -1.333747e-01 9.779464e-01 1.607237e-01 -2.359792e+00 6.263378e-01 -4.250584e-02 7.783920e-01 1.190304e+01
9.932747e-01 -8.435025e-02 7.931237e-02 1.294207e+01 8.770493e-02 9.953509e-01 -3.980453e-02 -2.371964e+00 -7.558611e-02 4.649291e-02 9.960548e-01 1.197225e+01
8.845421e-01 1.599864e-01 -4.381662e-01 1.293226e+01 -1.057990e-01 9.836725e-01 1.455853e-01 -2.383940e+00 4.543037e-01 -8.241879e-02 8.870261e-01 1.205415e+01
9.108476e-01 -1.033422e-01 3.995962e-01 1.321326e+01 1.331617e-01 9.899548e-01 -4.751271e-02 -2.413610e+00 -3.906721e-01 9.648773e-02 9.154591e-01 1.215060e+01
7.426458e-01 2.147576e-01 -6.343157e-01 1.330439e+01 -1.106412e-01 9.735161e-01 2.000625e-01 -2.433328e+00 6.604815e-01 -7.839412e-02 7.467386e-01 1.237515e+01
9.440791e-01 -8.247131e-02 3.192384e-01 1.331078e+01 1.169522e-01 9.890183e-01 -9.036048e-02 -2.447657e+00 -3.082805e-01 1.226431e-01 9.433567e-01 1.260602e+01
9.275271e-01 1.683769e-01 -3.336806e-01 1.366590e+01 -1.111594e-01 9.766516e-01 1.838350e-01 -2.483719e+00 3.568432e-01 -1.334202e-01 9.245875e-01 1.279854e+01
9.004499e-01 -1.207252e-01 4.178700e-01 1.401215e+01 1.684109e-01 9.825430e-01 -7.903858e-02 -2.521476e+00 -4.010333e-01 1.415442e-01 9.050622e-01 1.306855e+01
6.603149e-01 2.644893e-01 -7.028724e-01 1.394529e+01 -9.972758e-02 9.585224e-01 2.670005e-01 -2.532989e+00 7.443377e-01 -1.062087e-01 6.593035e-01 1.328769e+01
9.664725e-01 -6.466356e-02 2.484944e-01 1.371051e+01 1.081592e-01 9.802467e-01 -1.655836e-01 -2.533714e+00 -2.328786e-01 1.869090e-01 9.543755e-01 1.319311e+01
7.787724e-01 1.479561e-01 -6.096085e-01 1.337900e+01 -9.497978e-03 9.744569e-01 2.243736e-01 -2.529489e+00 6.272347e-01 -1.689459e-01 7.602854e-01 1.312992e+01
9.982199e-01 3.671253e-02 4.700211e-02 1.303171e+01 -2.994568e-02 9.900702e-01 -1.373471e-01 -2.523665e+00 -5.157775e-02 1.356951e-01 9.894072e-01 1.329927e+01
6.115416e-01 1.087137e-01 -7.837080e-01 1.266262e+01 5.473435e-02 9.823297e-01 1.789761e-01 -2.515144e+00 7.893168e-01 -1.523471e-01 5.947851e-01 1.350310e+01
9.916233e-01 1.290027e-01 6.448433e-03 1.224863e+01 -1.284720e-01 9.902425e-01 -5.398866e-02 -2.504087e+00 -1.335020e-02 5.270797e-02 9.985207e-01 1.362692e+01
7.496134e-01 -2.622064e-02 -6.613564e-01 1.199227e+01 6.922545e-02 9.968407e-01 3.894198e-02 -2.501127e+00 6.582459e-01 -7.497412e-02 7.490602e-01 1.370750e+01
9.637651e-01 9.300118e-02 2.500152e-01 1.188352e+01 -9.933550e-02 9.949715e-01 1.280949e-02 -2.507183e+00 -2.475667e-01 -3.718072e-02 9.681572e-01 1.379234e+01
8.599722e-01 -2.203976e-02 -5.098648e-01 1.219618e+01 3.193061e-02 9.994333e-01 1.065413e-02 -2.536205e+00 5.093411e-01 -2.544254e-02 8.601886e-01 1.383178e+01
9.152237e-01 4.925841e-02 3.999239e-01 1.265821e+01 -8.442592e-02 9.939121e-01 7.078865e-02 -2.578823e+00 -3.940023e-01 -9.855140e-02 9.138106e-01 1.402069e+01
8.542817e-01 3.363708e-02 -5.187208e-01 1.316020e+01 -3.781887e-02 9.992814e-01 2.515697e-03 -2.625582e+00 5.184327e-01 1.746832e-02 8.549400e-01 1.426990e+01
7.863374e-01 -4.192651e-02 6.163729e-01 1.389637e+01 -2.215811e-02 9.951386e-01 9.595886e-02 -2.685579e+00 -6.173997e-01 -8.911371e-02 7.815858e-01 1.446188e+01
9.179573e-01 3.220345e-02 -3.953699e-01 1.461901e+01 -4.964286e-02 9.981897e-01 -3.395521e-02 -2.747256e+00 3.935607e-01 5.079673e-02 9.178942e-01 1.468453e+01
9.386538e-01 -2.462919e-02 3.439802e-01 1.516650e+01 -2.836191e-02 9.885544e-01 1.481751e-01 -2.799209e+00 -3.436925e-01 -1.488411e-01 9.272118e-01 1.501044e+01
9.457103e-01 5.801361e-02 -3.197912e-01 1.569044e+01 -8.048259e-02 9.950968e-01 -5.748769e-02 -2.851253e+00 3.148882e-01 8.010433e-02 9.457424e-01 1.534856e+01
9.476833e-01 -6.008505e-02 3.135061e-01 1.618277e+01 7.986586e-03 9.862807e-01 1.648835e-01 -2.898457e+00 -3.191121e-01 -1.537535e-01 9.351617e-01 1.559298e+01
9.562867e-01 7.744700e-02 -2.819888e-01 1.667253e+01 -1.008186e-01 9.924872e-01 -6.931579e-02 -2.946713e+00 2.745020e-01 9.471548e-02 9.569105e-01 1.585009e+01
8.987120e-01 -1.049220e-01 4.258029e-01 1.709777e+01 2.292255e-02 9.808690e-01 1.933147e-01 -2.999240e+00 -4.379399e-01 -1.639738e-01 8.839238e-01 1.628011e+01
9.676289e-01 6.587120e-02 -2.436293e-01 1.745531e+01 -9.129554e-02 9.913230e-01 -9.457225e-02 -3.050213e+00 2.352857e-01 1.137531e-01 9.652465e-01 1.676115e+01
9.623058e-01 -8.061138e-02 2.597488e-01 1.779241e+01 2.106288e-02 9.742855e-01 2.243304e-01 -3.099094e+00 -2.711531e-01 -2.104034e-01 9.392584e-01 1.726919e+01
9.963255e-01 6.310312e-02 -5.790890e-02 1.824565e+01 -7.050063e-02 9.881758e-01 -1.361552e-01 -3.154558e+00 4.863236e-02 1.397375e-01 9.889936e-01 1.774022e+01
9.987721e-01 -2.435909e-02 -4.313839e-02 1.854395e+01 3.414223e-02 9.694025e-01 2.430907e-01 -3.197606e+00 3.589699e-02 -2.442650e-01 9.690439e-01 1.822135e+01
8.620473e-01 1.701975e-01 -4.773963e-01 1.861838e+01 -2.202963e-01 9.741245e-01 -5.050786e-02 -3.223197e+00 4.564471e-01 1.487088e-01 8.772353e-01 1.869604e+01
9.758303e-01 -1.795733e-01 1.245339e-01 1.871234e+01 1.531611e-01 9.684917e-01 1.963808e-01 -3.250983e+00 -1.558748e-01 -1.725606e-01 9.725872e-01 1.913885e+01
8.129335e-01 2.682688e-01 -5.168859e-01 1.873087e+01 -2.940373e-01 9.552131e-01 3.331708e-02 -3.271132e+00 5.026741e-01 1.248992e-01 8.554057e-01 1.948494e+01
9.741876e-01 -2.147013e-01 -6.972744e-02 1.870735e+01 2.198224e-01 9.725218e-01 7.667745e-02 -3.287668e+00 5.134870e-02 -9.002587e-02 9.946148e-01 1.980828e+01
8.645869e-01 3.336380e-01 -3.757329e-01 1.886897e+01 -2.978264e-01 9.425065e-01 1.515948e-01 -3.315420e+00 4.047085e-01 -1.916371e-02 9.142449e-01 2.014771e+01
9.722310e-01 -2.235819e-01 -6.912354e-02 1.897309e+01 2.213562e-01 9.744353e-01 -3.843478e-02 -3.341527e+00 7.594974e-02 2.206656e-02 9.968674e-01 2.053744e+01
8.925493e-01 3.226479e-01 -3.150461e-01 1.901953e+01 -2.552668e-01 9.374137e-01 2.368427e-01 -3.364634e+00 3.717453e-01 -1.309729e-01 9.190493e-01 2.092495e+01
9.717148e-01 -1.666869e-01 -1.672898e-01 1.893085e+01 1.403317e-01 9.773095e-01 -1.586604e-01 -3.378191e+00 1.899405e-01 1.306966e-01 9.730575e-01 2.126327e+01
9.290522e-01 2.434635e-01 -2.785455e-01 1.887274e+01 -1.513766e-01 9.371911e-01 3.142579e-01 -3.394620e+00 3.375607e-01 -2.497967e-01 9.075541e-01 2.163775e+01
9.673681e-01 -6.963582e-02 -2.436182e-01 1.874486e+01 8.940837e-03 9.702748e-01 -2.418407e-01 -3.401063e+00 2.532174e-01 2.317708e-01 9.392355e-01 2.178217e+01
9.231196e-01 9.867655e-02 -3.716359e-01 1.861437e+01 2.897529e-02 9.459108e-01 3.231304e-01 -3.406153e+00 3.834198e-01 -3.090563e-01 8.703295e-01 2.188401e+01
9.737475e-01 1.129064e-01 -1.976559e-01 1.860595e+01 -1.522218e-01 9.685886e-01 -1.966332e-01 -3.419390e+00 1.692461e-01 2.215587e-01 9.603476e-01 2.206942e+01
9.500483e-01 -6.812473e-02 -3.045770e-01 1.862612e+01 1.471199e-01 9.584149e-01 2.445335e-01 -3.435400e+00 2.752524e-01 -2.771280e-01 9.205630e-01 2.226243e+01
9.496305e-01 2.404820e-01 -2.009239e-01 1.863013e+01 -2.609600e-01 9.618466e-01 -8.216474e-02 -3.453476e+00 1.734989e-01 1.304593e-01 9.761550e-01 2.255643e+01
8.644534e-01 -1.420267e-01 -4.822332e-01 1.846494e+01 2.020920e-01 9.765159e-01 7.466895e-02 -3.458726e+00 4.603034e-01 -1.620033e-01 8.728549e-01 2.277089e+01
9.426857e-01 2.849432e-01 -1.736405e-01 1.823419e+01 -2.769651e-01 9.583930e-01 6.908867e-02 -3.459012e+00 1.861022e-01 -1.703656e-02 9.823827e-01 2.290710e+01
8.785818e-01 -1.720109e-01 -4.455405e-01 1.810552e+01 1.548280e-01 9.850902e-01 -7.500365e-02 -3.465237e+00 4.517990e-01 -3.085319e-03 8.921144e-01 2.305889e+01
9.714778e-01 2.215377e-01 -8.456969e-02 1.797347e+01 -2.026996e-01 9.608932e-01 1.886719e-01 -3.471332e+00 1.230604e-01 -1.661483e-01 9.783920e-01 2.318880e+01
9.716283e-01 -1.394391e-01 -1.910372e-01 1.798677e+01 1.160361e-01 9.848720e-01 -1.286962e-01 -3.492432e+00 2.060925e-01 1.028776e-01 9.731095e-01 2.353370e+01
9.836205e-01 1.726055e-01 -5.194271e-02 1.806112e+01 -1.558224e-01 9.590980e-01 2.363269e-01 -3.518408e+00 9.060947e-02 -2.243621e-01 9.702843e-01 2.391406e+01
9.924582e-01 -9.947875e-02 -7.162835e-02 1.842278e+01 8.822239e-02 9.853329e-01 -1.460683e-01 -3.561105e+00 8.510846e-02 1.386475e-01 9.866780e-01 2.430725e+01
9.753988e-01 1.573002e-01 -1.544466e-01 1.867516e+01 -1.126865e-01 9.579280e-01 2.639614e-01 -3.595169e+00 1.894699e-01 -2.400636e-01 9.520875e-01 2.464129e+01
9.941869e-01 -8.367445e-02 6.775658e-02 1.886315e+01 9.447537e-02 9.798020e-01 -1.762454e-01 -3.625393e+00 -5.164080e-02 1.816222e-01 9.820115e-01 2.490743e+01
9.944327e-01 8.988976e-02 5.498590e-02 1.904097e+01 -1.008339e-01 9.632754e-01 2.488633e-01 -3.661319e+00 -3.059630e-02 -2.530223e-01 9.669765e-01 2.531609e+01
9.960708e-01 -6.255740e-02 -6.268632e-02 1.930077e+01 5.071549e-02 9.832036e-01 -1.753244e-01 -3.699078e+00 7.260125e-02 1.714563e-01 9.825130e-01 2.568479e+01
9.915499e-01 6.924082e-02 1.097022e-01 1.958346e+01 -9.473571e-02 9.641929e-01 2.477040e-01 -3.738350e+00 -8.862286e-02 -2.560036e-01 9.626049e-01 2.604530e+01
9.958970e-01 -5.812470e-02 -6.935936e-02 1.986907e+01 4.551334e-02 9.841746e-01 -1.712567e-01 -3.778915e+00 7.821596e-02 1.673972e-01 9.827820e-01 2.642881e+01
9.746779e-01 5.707636e-02 2.162064e-01 2.025467e+01 -1.088543e-01 9.656875e-01 2.357930e-01 -3.825986e+00 -1.953297e-01 -2.533572e-01 9.474473e-01 2.680919e+01
8.709960e-01 1.396324e-02 -4.910917e-01 2.077464e+01 -9.589000e-02 9.852029e-01 -1.420573e-01 -3.872526e+00 4.818414e-01 1.708222e-01 8.594467e-01 2.709403e+01
9.803719e-01 -8.109324e-02 1.797078e-01 2.070861e+01 3.744149e-02 9.714850e-01 2.341261e-01 -3.894213e+00 -1.935695e-01 -2.228021e-01 9.554528e-01 2.752191e+01
9.589960e-01 1.416804e-02 -2.830652e-01 2.060541e+01 -7.631322e-02 9.747720e-01 -2.097519e-01 -3.914039e+00 2.729523e-01 2.227528e-01 9.358837e-01 2.795645e+01
9.347269e-01 8.036352e-02 -3.461608e-01 2.117387e+01 4.962360e-02 9.350329e-01 3.510711e-01 -3.964749e+00 3.518851e-01 -3.453333e-01 8.700125e-01 2.831925e+01
9.895679e-01 1.423536e-01 -2.215431e-02 2.167260e+01 -1.438867e-01 9.688782e-01 -2.014238e-01 -4.012960e+00 -7.208567e-03 2.025102e-01 9.792536e-01 2.866172e+01
9.722411e-01 -5.446368e-02 -2.275544e-01 2.209766e+01 1.187164e-01 9.528783e-01 2.791582e-01 -4.057001e+00 2.016277e-01 -2.984236e-01 9.328932e-01 2.900304e+01
9.669979e-01 1.552143e-01 2.020487e-01 2.268104e+01 -1.121401e-01 9.713569e-01 -2.095003e-01 -4.110141e+00 -2.287788e-01 1.799286e-01 9.567058e-01 2.928859e+01
9.676177e-01 -3.164772e-02 -2.504286e-01 2.330925e+01 1.022776e-01 9.561756e-01 2.743491e-01 -4.168083e+00 2.307712e-01 -2.910783e-01 9.284493e-01 2.963834e+01
9.826957e-01 1.847081e-01 1.385737e-02 2.379248e+01 -1.816001e-01 9.754855e-01 -1.242956e-01 -4.224418e+00 -3.647605e-02 1.196282e-01 9.921485e-01 3.023533e+01
7.852672e-01 -1.292169e-01 -6.055232e-01 2.256388e+01 1.955998e-01 9.796690e-01 4.460327e-02 -4.191360e+00 5.874488e-01 -1.534657e-01 7.945767e-01 3.075956e+01
8.654006e-01 1.194525e-01 4.866343e-01 2.122367e+01 4.488495e-02 9.487856e-01 -3.127159e-01 -4.141353e+00 -4.990663e-01 2.924671e-01 8.157180e-01 3.113702e+01
5.286011e-01 2.217611e-01 -8.193918e-01 2.160329e+01 1.624946e-01 9.209883e-01 3.540849e-01 -4.186268e+00 8.331725e-01 -3.203164e-01 4.508004e-01 3.156539e+01
5.691697e-01 7.477022e-02 8.188133e-01 2.113200e+01 2.367754e-01 9.387664e-01 -2.503100e-01 -4.201651e+00 -7.873902e-01 3.363437e-01 5.166136e-01 3.251272e+01
8.113423e-01 -8.026230e-02 -5.790351e-01 2.005945e+01 2.454238e-01 9.457736e-01 2.127898e-01 -4.170718e+00 5.305571e-01 -3.147544e-01 7.870444e-01 3.269705e+01
8.625310e-01 1.671985e-01 4.775823e-01 1.890512e+01 5.377189e-02 9.081995e-01 -4.150689e-01 -4.133935e+00 -5.031389e-01 3.836903e-01 7.743597e-01 3.232189e+01
9.549382e-01 -2.845576e-01 -8.438037e-02 1.759208e+01 2.967423e-01 9.095107e-01 2.910915e-01 -4.093016e+00 -6.087451e-03 -3.030137e-01 9.529668e-01 3.233405e+01
9.364619e-01 1.702494e-01 -3.066826e-01 1.722619e+01 -2.644520e-01 9.170675e-01 -2.984163e-01 -4.091808e+00 2.304435e-01 3.605583e-01 9.038216e-01 3.183537e+01
8.584750e-01 -4.088138e-01 3.096642e-01 1.614155e+01 3.505664e-01 9.084857e-01 2.275014e-01 -4.059257e+00 -3.743312e-01 -8.674641e-02 9.232287e-01 3.135450e+01
9.772345e-01 -7.269211e-02 1.993206e-01 1.484222e+01 1.528982e-01 8.926163e-01 -4.240970e-01 -4.026028e+00 -1.470883e-01 4.449179e-01 8.834099e-01 3.049694e+01
6.502542e-01 -1.891219e-01 7.358005e-01 1.361311e+01 1.315576e-01 9.819186e-01 1.361190e-01 -3.999701e+00 -7.482393e-01 8.288251e-03 6.633772e-01 2.949655e+01
9.557250e-01 -2.912817e-01 -4.176975e-02 1.289223e+01 2.788018e-01 9.417492e-01 -1.880904e-01 -3.989057e+00 9.412394e-02 1.681173e-01 9.812631e-01 2.912110e+01
7.265023e-01 7.550615e-02 6.830031e-01 1.263880e+01 1.069787e-02 9.925815e-01 -1.211093e-01 -3.998793e+00 -6.870808e-01 9.529288e-02 7.203050e-01 2.879857e+01
9.337381e-01 -3.536395e-01 5.542721e-02 1.219484e+01 3.502746e-01 9.345863e-01 6.209833e-02 -4.001261e+00 -7.376194e-02 -3.856884e-02 9.965298e-01 2.848742e+01
9.267978e-01 3.307976e-01 -1.778166e-01 1.218356e+01 -3.314951e-01 9.430803e-01 2.665513e-02 -4.016449e+00 1.765128e-01 3.424142e-02 9.837026e-01 2.847253e+01
9.471795e-01 -2.870463e-01 -1.430228e-01 1.263065e+01 2.898245e-01 9.570787e-01 -1.468817e-03 -4.062222e+00 1.373057e-01 -4.006027e-02 9.897183e-01 2.878091e+01
9.470065e-01 3.199195e-01 2.881410e-02 1.289458e+01 -3.211701e-01 9.415666e-01 1.014995e-01 -4.099591e+00 5.341281e-03 -1.053749e-01 9.944182e-01 2.917921e+01
9.020144e-01 -3.210323e-01 -2.886319e-01 1.272823e+01 2.803869e-01 9.440300e-01 -1.737545e-01 -4.107120e+00 3.282580e-01 7.580048e-02 9.415418e-01 2.920097e+01
9.292433e-01 3.496032e-01 1.195175e-01 1.336841e+01 -3.694619e-01 8.773641e-01 3.061539e-01 -4.171746e+00 2.172053e-03 -3.286486e-01 9.444498e-01 2.982696e+01
9.586951e-01 -2.837786e-01 -1.932505e-02 1.443105e+01 2.762142e-01 9.450498e-01 -1.748902e-01 -4.267443e+00 6.789324e-02 1.623285e-01 9.843983e-01 3.059511e+01
8.954526e-01 4.027153e-01 -1.896972e-01 1.528671e+01 -3.022002e-01 8.628291e-01 4.052171e-01 -4.341264e+00 3.268634e-01 -3.055261e-01 8.943233e-01 3.116636e+01
9.157227e-01 -1.648203e-01 -3.664508e-01 1.598373e+01 3.402405e-02 9.405295e-01 -3.380039e-01 -4.393981e+00 4.003677e-01 2.970497e-01 8.668721e-01 3.135694e+01
9.619589e-01 1.340808e-01 -2.380280e-01 1.658572e+01 -8.297761e-03 8.852159e-01 4.651064e-01 -4.439543e+00 2.730680e-01 -4.454382e-01 8.526539e-01 3.147568e+01
7.513562e-01 1.076269e-01 -6.510609e-01 1.659789e+01 -3.403738e-01 9.084465e-01 -2.426328e-01 -4.449938e+00 5.653401e-01 4.039077e-01 7.192003e-01 3.112333e+01
9.009055e-01 -2.717083e-01 -3.384434e-01 1.602422e+01 3.459627e-01 9.204302e-01 1.819836e-01 -4.432175e+00 2.620671e-01 -2.810388e-01 9.232215e-01 3.078697e+01
6.115410e-01 5.261077e-01 -5.909555e-01 1.555411e+01 -4.611456e-01 8.439249e-01 2.741085e-01 -4.420942e+00 6.429326e-01 1.048879e-01 7.587069e-01 3.101857e+01
7.405797e-01 -4.887984e-01 4.611050e-01 1.451299e+01 5.919978e-01 7.992605e-01 -1.035433e-01 -4.388214e+00 -3.179312e-01 3.496552e-01 8.812837e-01 3.133854e+01
7.623431e-01 2.231793e-01 6.074734e-01 1.231878e+01 -3.130716e-02 9.502756e-01 -3.098325e-01 -4.323231e+00 -6.464154e-01 2.171804e-01 7.314232e-01 3.182036e+01
3.868309e-01 -4.700863e-01 7.933352e-01 9.588672e+00 3.284343e-01 8.741279e-01 3.578148e-01 -4.245523e+00 -8.616802e-01 1.221446e-01 4.925321e-01 3.245777e+01
9.553023e-01 -2.894695e-01 6.004022e-02 7.055345e+00 2.899498e-01 8.777971e-01 -3.813153e-01 -4.159969e+00 5.767604e-02 3.816801e-01 9.224932e-01 3.260062e+01
8.561971e-01 -8.647113e-03 5.165770e-01 4.408588e+00 9.195850e-03 9.999566e-01 1.496927e-03 -4.059057e+00 -5.165675e-01 3.468699e-03 8.562394e-01 3.274113e+01
8.781464e-01 -2.910057e-01 -3.797033e-01 2.906894e+00 2.448544e-01 9.552708e-01 -1.658433e-01 -4.008346e+00 4.109808e-01 5.266266e-02 9.101217e-01 3.320409e+01
-3.822681e-01 2.561497e-01 8.878392e-01 3.581003e+00 2.253044e-01 9.576509e-01 -1.792839e-01 -4.122521e+00 -8.961635e-01 1.314996e-01 -4.237910e-01 3.437890e+01
9.938993e-01 -1.052261e-01 -3.304052e-02 3.779142e+00 1.096593e-01 9.107878e-01 3.980458e-01 -4.222024e+00 -1.179193e-02 -3.992406e-01 9.167703e-01 3.590616e+01
4.269565e-01 -9.920957e-02 8.988134e-01 2.302765e+00 6.919481e-01 6.757513e-01 -2.541025e-01 -4.187018e+00 -5.821649e-01 7.304229e-01 3.571643e-01 3.631147e+01
8.741047e-01 4.829981e-01 5.151389e-02 1.942772e+00 -4.761909e-01 8.311701e-01 2.870513e-01 -4.227050e+00 9.582842e-02 -2.754433e-01 9.565291e-01 3.769461e+01
3.930554e-01 -5.597839e-01 7.294858e-01 2.908255e+00 5.269937e-01 7.872561e-01 3.201646e-01 -4.338040e+00 -7.535151e-01 2.585920e-01 6.044379e-01 3.887526e+01
5.365266e-01 2.195692e-01 8.148181e-01 3.997107e+00 3.261426e-01 8.365808e-01 -4.401860e-01 -4.490496e+00 -7.783124e-01 5.019183e-01 3.772370e-01 4.013344e+01
2.135342e-01 3.582191e-03 9.769290e-01 4.994587e+00 -2.142691e-01 9.758164e-01 4.325619e-02 -4.657912e+00 -9.531484e-01 -2.185624e-01 2.091377e-01 4.148073e+01
3.638049e-01 -6.284151e-01 6.875612e-01 5.526316e+00 5.119130e-01 7.515647e-01 4.160475e-01 -4.784448e+00 -7.781973e-01 2.006114e-01 5.951168e-01 4.207394e+01
3.648488e-01 9.555499e-02 9.261504e-01 5.174611e+00 6.287740e-01 7.083375e-01 -3.207823e-01 -4.890621e+00 -6.866794e-01 6.993764e-01 1.983536e-01 4.347315e+01
4.460359e-01 1.681520e-01 8.790773e-01 3.304124e+00 -1.771270e-01 9.793506e-01 -9.745986e-02 -4.894766e+00 -8.773129e-01 -1.122377e-01 4.666098e-01 4.451071e+01
2.276667e-01 -5.993809e-01 7.674050e-01 1.475838e+00 3.765461e-01 7.809829e-01 4.982757e-01 -4.909808e+00 -8.979871e-01 1.755226e-01 4.034983e-01 4.613985e+01
5.063702e-01 -9.761368e-02 8.567735e-01 5.118649e-01 6.097050e-01 7.431421e-01 -2.756803e-01 -4.989084e+00 -6.097943e-01 6.619753e-01 4.358206e-01 4.810271e+01
4.143809e-01 2.826758e-01 8.650912e-01 1.712729e-01 -1.964173e-01 9.559177e-01 -2.182697e-01 -5.076277e+00 -8.886555e-01 -7.947212e-02 4.516365e-01 4.996284e+01
8.655356e-01 -4.698463e-01 1.734723e-01 3.047574e-01 3.961203e-01 8.541320e-01 3.369678e-01 -5.153061e+00 -3.064913e-01 -2.229417e-01 9.253972e-01 5.122493e+01
7.653350e-01 5.050286e-01 -3.990094e-01 6.941680e-01 -5.439791e-01 8.388971e-01 1.839744e-02 -5.210158e+00 3.440190e-01 2.029725e-01 9.167623e-01 5.196661e+01
7.714064e-01 -5.870088e-01 2.456681e-01 2.861638e-01 5.430617e-01 8.085190e-01 2.266739e-01 -5.225702e+00 -3.316869e-01 -4.144471e-02 9.424787e-01 5.283169e+01
3.868762e-01 2.353048e-01 8.916044e-01 -7.189883e-01 4.802192e-01 7.740238e-01 -4.126459e-01 -5.242528e+00 -7.872206e-01 5.878084e-01 1.864535e-01 5.403571e+01
7.523391e-01 4.272430e-01 -5.014472e-01 -8.069459e-01 -1.660528e-02 7.732369e-01 6.338997e-01 -5.285807e+00 6.585667e-01 -4.685809e-01 5.888309e-01 5.512096e+01
8.888124e-01 -2.700762e-02 4.574747e-01 -1.766208e-01 2.350092e-01 8.838677e-01 -4.044113e-01 -5.358134e+00 -3.934250e-01 4.669565e-01 7.919396e-01 5.601240e+01
9.696480e-01 1.185661e-01 2.138336e-01 -9.943873e-02 -1.989544e-01 8.909704e-01 4.081529e-01 -5.409038e+00 -1.421263e-01 -4.383078e-01 8.875170e-01 5.688268e+01
-1.000128e-01 -3.317218e-01 9.380608e-01 -1.096499e+00 8.122342e-01 5.173253e-01 2.695368e-01 -5.410824e+00 -5.746938e-01 7.888822e-01 2.176966e-01 5.637076e+01
8.332257e-01 4.061378e-01 -3.752159e-01 -2.357014e+00 -4.244427e-01 9.047097e-01 3.672611e-02 -5.389508e+00 3.543773e-01 1.286565e-01 9.262096e-01 5.525279e+01
4.483605e-02 -4.445167e-01 8.946478e-01 -3.233921e+00 5.338853e-01 7.675950e-01 3.546328e-01 -5.375493e+00 -8.443674e-01 4.617389e-01 2.717368e-01 5.479322e+01
7.356202e-01 1.523349e-01 -6.600431e-01 -3.681001e+00 -2.453247e-01 9.681522e-01 -4.997019e-02 -5.391622e+00 6.314100e-01 1.986840e-01 7.495639e-01 5.347249e+01
-3.386419e-01 -4.906831e-02 9.396350e-01 -4.487268e+00 3.828870e-01 9.050298e-01 1.852526e-01 -5.391265e+00 -8.594878e-01 4.225083e-01 -2.876934e-01 5.245527e+01
7.454026e-01 2.178317e-01 -6.300193e-01 -4.621630e+00 -1.498164e-01 9.756676e-01 1.600868e-01 -5.430177e+00 6.495614e-01 -2.494191e-02 7.598999e-01 5.310489e+01
-4.134374e-01 -6.823346e-02 9.079723e-01 -5.093228e+00 4.103711e-01 8.762053e-01 2.527051e-01 -5.448464e+00 -8.128131e-01 4.770834e-01 -3.342550e-01 5.346024e+01
-8.814785e-01 4.109509e-01 -2.326264e-01 -4.817420e+00 2.783167e-01 8.500773e-01 4.471111e-01 -5.469991e+00 3.814912e-01 3.293750e-01 -8.636994e-01 5.316096e+01
-1.397520e-01 9.782340e-02 9.853426e-01 -4.317416e+00 4.488164e-01 8.932735e-01 -2.502690e-02 -5.507522e+00 -8.826286e-01 4.387403e-01 -1.687415e-01 5.308049e+01
-8.472434e-01 4.312061e-01 -3.102257e-01 -4.545923e+00 3.628820e-01 8.963191e-01 2.548111e-01 -5.507430e+00 3.879373e-01 1.033117e-01 -9.158774e-01 5.282208e+01
2.907421e-01 2.464950e-01 9.245049e-01 -4.949886e+00 9.156732e-02 9.546420e-01 -2.833267e-01 -5.497820e+00 -9.524098e-01 1.670294e-01 2.549837e-01 5.227484e+01
-9.215245e-01 1.166096e-01 -3.703981e-01 -4.859077e+00 1.476556e-01 9.874241e-01 -5.649374e-02 -5.510174e+00 3.591522e-01 -1.067517e-01 -9.271536e-01 5.172726e+01
1.413814e-01 6.540260e-03 9.899336e-01 -4.880879e+00 -1.136286e-01 9.934763e-01 9.664662e-03 -5.518365e+00 -9.834124e-01 -1.138512e-01 1.412022e-01 5.114797e+01
-9.468628e-01 -1.326417e-01 -2.930136e-01 -5.427180e+00 -1.645519e-01 9.825266e-01 8.697262e-02 -5.502748e+00 2.763575e-01 1.305671e-01 -9.521443e-01 5.023811e+01
-4.978351e-02 -1.814562e-01 9.821381e-01 -6.047087e+00 2.470113e-02 9.828330e-01 1.828366e-01 -5.487103e+00 -9.984545e-01 3.336217e-02 -4.444670e-02 4.914989e+01
-8.472383e-01 -1.916100e-02 -5.308673e-01 -7.107967e+00 -7.380794e-02 9.939021e-01 8.192020e-02 -5.458430e+00 5.260605e-01 1.085882e-01 -8.434862e-01 4.769609e+01
-8.841107e-01 4.541587e-01 -1.099462e-01 -9.359241e+00 4.641248e-01 8.807778e-01 -9.390801e-02 -5.379266e+00 5.418902e-02 -1.340538e-01 -9.894913e-01 4.674165e+01
-1.985843e-01 6.388729e-01 -7.432400e-01 -1.082724e+01 6.900344e-01 6.296718e-01 3.568837e-01 -5.339717e+00 6.960005e-01 -4.419896e-01 -5.658873e-01 4.644360e+01
-6.793188e-02 9.702493e-01 -2.323824e-01 -1.304484e+01 3.570045e-01 2.411375e-01 9.024414e-01 -5.290479e+00 9.316292e-01 -2.165703e-02 -3.627643e-01 4.652919e+01
