9.999976e-01 -2.643354e-04 -2.164702e-03 -3.633697e-03 2.642834e-04 1.000000e+00 -2.429296e-05 -3.244488e-02 2.164708e-03 2.372010e-05 9.999977e-01 2.058422e+00
9.999988e-01 7.458940e-04 1.363437e-03 7.530795e-02 -7.457704e-04 9.999997e-01 -9.111808e-05 -7.787601e-02 -1.363505e-03 9.010187e-05 9.999991e-01 4.580922e+00
9.999700e-01 1.331528e-04 -7.750587e-03 2.072627e-01 -1.247109e-04 9.999994e-01 1.089676e-03 -9.112814e-02 7.750727e-03 -1.088677e-03 9.999694e-01 5.103101e+00
9.999939e-01 -4.246741e-04 3.473607e-03 3.105787e-01 4.246985e-04 9.999999e-01 -6.295142e-06 -8.089792e-02 -3.473604e-03 7.771051e-06 9.999940e-01 4.299124e+00
9.999794e-01 1.825134e-04 -6.416159e-03 4.003909e-01 -1.755842e-04 9.999994e-01 1.080515e-03 -6.751414e-02 6.416352e-03 -1.079367e-03 9.999788e-01 3.272165e+00
9.999964e-01 -3.997125e-04 2.655825e-03 5.215430e-01 3.997766e-04 9.999999e-01 -2.359532e-05 -5.607315e-02 -2.655815e-03 2.465768e-05 9.999965e-01 2.345630e+00
9.999844e-01 9.493992e-05 -5.583368e-03 6.040140e-01 -8.865064e-05 9.999994e-01 1.126673e-03 -4.898435e-02 5.583471e-03 -1.126162e-03 9.999838e-01 1.661863e+00
9.999990e-01 -1.230828e-04 1.412259e-03 6.559047e-01 1.232743e-04 1.000000e+00 -1.354821e-04 -4.864818e-02 -1.412242e-03 1.356567e-04 9.999990e-01 1.225244e+00
9.999680e-01 1.101843e-04 -8.003081e-03 6.051620e-01 -1.056533e-04 9.999998e-01 5.665851e-04 -5.724181e-02 8.003142e-03 -5.657221e-04 9.999678e-01 1.668560e+00
9.999993e-01 6.067960e-05 1.165711e-03 5.739295e-01 -6.000361e-05 9.999998e-01 -5.798850e-04 -7.402591e-02 -1.165746e-03 5.798154e-04 9.999992e-01 2.602184e+00
9.999920e-01 4.130164e-05 -3.997078e-03 4.885016e-01 -4.225627e-05 1.000000e+00 -2.387371e-04 -1.038411e-01 3.997068e-03 2.389034e-04 9.999920e-01 4.600211e+00
9.999970e-01 1.057620e-04 -2.463024e-03 4.044931e-01 -1.051201e-04 1.000000e+00 2.607246e-04 -1.118683e-01 2.463052e-03 -2.604642e-04 9.999969e-01 5.178161e+00
9.999992e-01 -1.053669e-04 -1.242563e-03 4.346902e-01 1.052936e-04 1.000000e+00 -5.900788e-05 -1.448919e-01 1.242569e-03 5.887629e-05 9.999992e-01 6.969984e+00
9.999935e-01 6.899643e-04 -3.549508e-03 4.464458e-01 -6.905392e-04 9.999997e-01 -1.607537e-04 -1.758450e-01 3.549397e-03 1.632045e-04 9.999937e-01 8.697766e+00
9.999978e-01 -7.035753e-04 -1.975894e-03 4.313342e-01 7.032144e-04 9.999997e-01 -1.833100e-04 -2.077530e-01 1.976022e-03 1.819194e-04 9.999980e-01 1.036546e+01
9.999991e-01 1.203829e-03 -6.228716e-04 4.222607e-01 -1.204004e-03 9.999992e-01 -2.804230e-04 -2.511085e-01 6.225338e-04 2.811734e-04 9.999998e-01 1.273388e+01
9.999927e-01 -5.515277e-04 -3.770401e-03 4.382759e-01 5.519288e-04 9.999998e-01 1.053635e-04 -2.870731e-01 3.770342e-03 -1.074445e-04 9.999929e-01 1.460984e+01
9.999949e-01 1.031809e-03 -3.015228e-03 5.438755e-01 -1.030238e-03 9.999993e-01 5.224872e-04 -2.981700e-01 3.015766e-03 -5.193774e-04 9.999953e-01 1.503286e+01
9.999963e-01 -1.449761e-03 -2.304056e-03 6.042343e-01 1.449921e-03 9.999989e-01 6.797327e-05 -2.988603e-01 2.303954e-03 -7.131443e-05 9.999973e-01 1.515213e+01
9.999939e-01 1.494309e-03 -3.149773e-03 5.511898e-01 -1.495004e-03 9.999989e-01 -2.184821e-04 -3.081146e-01 3.149443e-03 2.231904e-04 9.999950e-01 1.612362e+01
9.999942e-01 -1.274347e-03 -3.144322e-03 5.340417e-01 1.274788e-03 9.999992e-01 1.382396e-04 -3.284893e-01 3.144143e-03 -1.422478e-04 9.999950e-01 1.723124e+01
9.999799e-01 4.828496e-04 6.314602e-03 4.460620e-01 -4.745856e-04 9.999990e-01 -1.310140e-03 -3.688083e-01 -6.315228e-03 1.307117e-03 9.999792e-01 2.031837e+01
9.999956e-01 -6.644715e-04 -2.884852e-03 4.069824e-01 6.655280e-04 9.999997e-01 3.652873e-04 -4.230289e-01 2.884608e-03 -3.672064e-04 9.999958e-01 2.388185e+01
9.999851e-01 1.549479e-03 5.236877e-03 3.562309e-01 -1.539569e-03 9.999970e-01 -1.895767e-03 -4.835086e-01 -5.239799e-03 1.887677e-03 9.999845e-01 2.752870e+01
9.999770e-01 -1.196300e-03 -6.675638e-03 4.042036e-01 1.207164e-03 9.999980e-01 1.623703e-03 -5.332628e-01 6.673682e-03 -1.631725e-03 9.999764e-01 3.015488e+01
9.999777e-01 1.459664e-03 6.509551e-03 4.857814e-01 -1.449854e-03 9.999978e-01 -1.511390e-03 -5.830800e-01 -6.511743e-03 1.501919e-03 9.999777e-01 3.287941e+01
9.999529e-01 -7.562280e-04 -9.677655e-03 5.067498e-01 7.702069e-04 9.999987e-01 1.440810e-03 -6.131925e-01 9.676552e-03 -1.448197e-03 9.999521e-01 3.464673e+01
9.999934e-01 9.418750e-04 3.511599e-03 6.426453e-01 -9.390765e-04 9.999992e-01 -7.984836e-04 -6.285582e-01 -3.512348e-03 7.951814e-04 9.999935e-01 3.537825e+01
9.999858e-01 -1.397660e-03 -5.140560e-03 6.863742e-01 1.403034e-03 9.999985e-01 1.041923e-03 -6.594008e-01 5.139096e-03 -1.049122e-03 9.999862e-01 3.729644e+01
9.999963e-01 2.114113e-03 1.713641e-03 7.236737e-01 -2.112357e-03 9.999972e-01 -1.026146e-03 -6.941944e-01 -1.715805e-03 1.022523e-03 9.999980e-01 3.919422e+01
9.999600e-01 -2.022366e-03 -8.714851e-03 7.643127e-01 2.032652e-03 9.999972e-01 1.171540e-03 -7.162228e-01 8.712458e-03 -1.189208e-03 9.999613e-01 4.024381e+01
9.999964e-01 2.528529e-03 9.413877e-04 8.245068e-01 -2.527850e-03 9.999965e-01 -7.214112e-04 -7.393339e-01 -9.432082e-04 7.190296e-04 9.999993e-01 4.114792e+01
9.999607e-01 -2.490445e-03 -8.510812e-03 9.842948e-01 2.504885e-03 9.999954e-01 1.686365e-03 -7.450976e-01 8.506573e-03 -1.707618e-03 9.999624e-01 4.110961e+01
9.999961e-01 2.691308e-03 7.932208e-04 1.087948e+00 -2.690680e-03 9.999961e-01 -7.914894e-04 -7.532770e-01 -7.953475e-04 7.893526e-04 9.999994e-01 4.121234e+01
9.999743e-01 -2.773255e-03 -6.616089e-03 1.189333e+00 2.785623e-03 9.999944e-01 1.860980e-03 -7.549752e-01 6.610891e-03 -1.879363e-03 9.999764e-01 4.085101e+01
9.999941e-01 2.788539e-03 -1.990602e-03 1.271739e+00 -2.790972e-03 9.999954e-01 -1.220489e-03 -7.637694e-01 1.987190e-03 1.226038e-03 9.999973e-01 4.110264e+01
9.999888e-01 -2.336251e-03 -4.106616e-03 1.330632e+00 2.345473e-03 9.999947e-01 2.242361e-03 -7.655833e-01 4.101355e-03 -2.251968e-03 9.999891e-01 4.082355e+01
9.999974e-01 2.187454e-03 -6.027447e-04 1.376102e+00 -2.188160e-03 9.999969e-01 -1.172805e-03 -7.583319e-01 6.001777e-04 1.174122e-03 9.999991e-01 4.011621e+01
9.999880e-01 -2.236646e-03 -4.365003e-03 1.424233e+00 2.246306e-03 9.999950e-01 2.209343e-03 -7.515374e-01 4.360040e-03 -2.219123e-03 9.999880e-01 3.942927e+01
9.999948e-01 2.133892e-03 -2.432543e-03 1.495353e+00 -2.137206e-03 9.999968e-01 -1.360730e-03 -7.548120e-01 2.429632e-03 1.365923e-03 9.999961e-01 3.921215e+01
9.999828e-01 -2.058978e-03 -5.488272e-03 1.590001e+00 2.069825e-03 9.999959e-01 1.971443e-03 -7.668499e-01 5.484190e-03 -1.982770e-03 9.999830e-01 3.955864e+01
9.999941e-01 2.270183e-03 -2.588500e-03 1.670568e+00 -2.273846e-03 9.999964e-01 -1.412960e-03 -7.785234e-01 2.585283e-03 1.418838e-03 9.999957e-01 3.992946e+01
9.999743e-01 -1.950523e-03 -6.899809e-03 1.823269e+00 1.965245e-03 9.999958e-01 2.127574e-03 -7.873123e-01 6.895630e-03 -2.141079e-03 9.999739e-01 4.000071e+01
9.999980e-01 1.889545e-03 6.059065e-04 1.927858e+00 -1.888813e-03 9.999975e-01 -1.207244e-03 -7.831653e-01 -6.081858e-04 1.206098e-03 9.999991e-01 3.944358e+01
9.999756e-01 -1.990691e-03 -6.694499e-03 2.032708e+00 2.004495e-03 9.999959e-01 2.055979e-03 -7.809875e-01 6.690379e-03 -2.069349e-03 9.999755e-01 3.896074e+01
9.999979e-01 2.061228e-03 -1.546723e-05 2.128421e+00 -2.061245e-03 9.999971e-01 -1.243608e-03 -7.836469e-01 1.290415e-05 1.243638e-03 9.999992e-01 3.874937e+01
9.999743e-01 -2.021901e-03 -6.883730e-03 2.158825e+00 2.032579e-03 9.999967e-01 1.544579e-03 -7.994149e-01 6.880584e-03 -1.558531e-03 9.999751e-01 3.946362e+01
9.999983e-01 1.855603e-03 -1.967283e-04 2.271151e+00 -1.855741e-03 9.999980e-01 -7.060286e-04 -7.961679e-01 1.954182e-04 7.063932e-04 9.999997e-01 3.906325e+01
9.999703e-01 -1.921007e-03 -7.457285e-03 2.312308e+00 1.929183e-03 9.999975e-01 1.089309e-03 -8.037124e-01 7.455174e-03 -1.103664e-03 9.999716e-01 3.948038e+01
9.999978e-01 2.059989e-03 2.726690e-04 2.350143e+00 -2.059784e-03 9.999976e-01 -7.483944e-04 -8.213770e-01 -2.742097e-04 7.478319e-04 9.999997e-01 4.024724e+01
9.999659e-01 -1.811283e-03 -8.058796e-03 2.405055e+00 1.820758e-03 9.999977e-01 1.168546e-03 -8.358525e-01 8.056660e-03 -1.183180e-03 9.999668e-01 4.082384e+01
9.999982e-01 1.819423e-03 4.593903e-04 2.447534e+00 -1.819061e-03 9.999980e-01 -7.870428e-04 -8.511425e-01 -4.608210e-04 7.862065e-04 9.999996e-01 4.143300e+01
9.999694e-01 -1.573060e-03 -7.662488e-03 2.481639e+00 1.581059e-03 9.999982e-01 1.037932e-03 -8.713168e-01 7.660841e-03 -1.050016e-03 9.999701e-01 4.231442e+01
9.999980e-01 1.964112e-03 -3.055623e-04 2.547034e+00 -1.964280e-03 9.999979e-01 -5.513571e-04 -8.850854e-01 3.044791e-04 5.519569e-04 9.999998e-01 4.279374e+01
9.999715e-01 -2.133074e-03 -7.240545e-03 2.682847e+00 2.142662e-03 9.999968e-01 1.316732e-03 -8.894033e-01 7.237713e-03 -1.332209e-03 9.999729e-01 4.271360e+01
9.999975e-01 2.240716e-03 1.102254e-04 2.812913e+00 -2.240628e-03 9.999972e-01 -7.858000e-04 -8.976213e-01 -1.119855e-04 7.855518e-04 9.999997e-01 4.300831e+01
9.999746e-01 -2.220782e-03 -6.769461e-03 2.888958e+00 2.229373e-03 9.999967e-01 1.261763e-03 -9.111254e-01 6.766637e-03 -1.276823e-03 9.999763e-01 4.362677e+01
9.999931e-01 2.122341e-03 3.045664e-03 2.761605e+00 -2.118136e-03 9.999968e-01 -1.383072e-03 -9.039142e-01 -3.048589e-03 1.376612e-03 9.999944e-01 4.417549e+01
9.999440e-01 -2.012983e-03 -1.038522e-02 2.815345e+00 2.030517e-03 9.999965e-01 1.678085e-03 -8.912505e-01 1.038181e-02 -1.699079e-03 9.999447e-01 4.436632e+01
9.999933e-01 1.752664e-03 3.218603e-03 2.920791e+00 -1.748953e-03 9.999978e-01 -1.155169e-03 -8.798602e-01 -3.220620e-03 1.149532e-03 9.999942e-01 4.495325e+01
9.999386e-01 -1.682740e-03 -1.095092e-02 3.087342e+00 1.701354e-03 9.999971e-01 1.690714e-03 -8.823110e-01 1.094804e-02 -1.709242e-03 9.999386e-01 4.531766e+01
9.999937e-01 1.840598e-03 3.026430e-03 3.119620e+00 -1.836248e-03 9.999973e-01 -1.439402e-03 -9.001208e-01 -3.029071e-03 1.433836e-03 9.999944e-01 4.610026e+01
9.999328e-01 -1.530270e-03 -1.149463e-02 3.187224e+00 1.551552e-03 9.999971e-01 1.842860e-03 -9.216558e-01 1.149177e-02 -1.860571e-03 9.999322e-01 4.690167e+01
9.999922e-01 2.085729e-03 3.340229e-03 3.297168e+00 -2.081793e-03 9.999971e-01 -1.181402e-03 -9.407714e-01 -3.342683e-03 1.174440e-03 9.999937e-01 4.752148e+01
9.999239e-01 -2.098764e-03 -1.215395e-02 3.460040e+00 2.123130e-03 9.999958e-01 1.992245e-03 -9.533572e-01 1.214972e-02 -2.017899e-03 9.999242e-01 4.779358e+01
9.999864e-01 2.209450e-03 4.725517e-03 3.464142e+00 -2.200742e-03 9.999959e-01 -1.847138e-03 -9.667593e-01 -4.729578e-03 1.836714e-03 9.999871e-01 4.848360e+01
9.999349e-01 -1.946402e-03 -1.124513e-02 3.444435e+00 1.967810e-03 9.999963e-01 1.892935e-03 -9.794401e-01 1.124140e-02 -1.914941e-03 9.999350e-01 4.928255e+01
9.999837e-01 2.218308e-03 5.258218e-03 3.389080e+00 -2.207980e-03 9.999956e-01 -1.969164e-03 -9.902855e-01 -5.262563e-03 1.957522e-03 9.999842e-01 5.016311e+01
9.999453e-01 -2.039267e-03 -1.025655e-02 3.298244e+00 2.059193e-03 9.999960e-01 1.932614e-03 -9.936677e-01 1.025256e-02 -1.953629e-03 9.999455e-01 5.098531e+01
9.999938e-01 2.339963e-03 2.629946e-03 3.330504e+00 -2.336258e-03 9.999963e-01 -1.411015e-03 -9.994860e-01 -2.633238e-03 1.404863e-03 9.999955e-01 5.145495e+01
9.999655e-01 -2.381260e-03 -7.954851e-03 3.243506e+00 2.391391e-03 9.999963e-01 1.264314e-03 -9.995746e-01 7.951811e-03 -1.283294e-03 9.999676e-01 5.219127e+01
9.999962e-01 2.600880e-03 8.871300e-04 3.255403e+00 -2.600016e-03 9.999961e-01 -9.742255e-04 -1.012280e+00 -8.896601e-04 9.719159e-04 9.999991e-01 5.289439e+01
9.999702e-01 -2.427510e-03 -7.324344e-03 3.225861e+00 2.435006e-03 9.999965e-01 1.014769e-03 -1.023296e+00 7.321855e-03 -1.032574e-03 9.999727e-01 5.369657e+01
9.999961e-01 2.804739e-03 3.747279e-05 3.243817e+00 -2.804712e-03 9.999958e-01 -6.989419e-04 -1.039473e+00 -3.943267e-05 6.988347e-04 9.999998e-01 5.446081e+01
9.999639e-01 -2.691162e-03 -8.055980e-03 3.258580e+00 2.698495e-03 9.999960e-01 8.995079e-04 -1.054887e+00 8.053526e-03 -9.212152e-04 9.999671e-01 5.513528e+01
9.999948e-01 2.848851e-03 1.491757e-03 3.241412e+00 -2.847236e-03 9.999954e-01 -1.083552e-03 -1.077808e+00 -1.494836e-03 1.079300e-03 9.999983e-01 5.631688e+01
9.999676e-01 -2.270070e-03 -7.722091e-03 3.260617e+00 2.278124e-03 9.999969e-01 1.034481e-03 -1.105794e+00 7.719718e-03 -1.052040e-03 9.999696e-01 5.763116e+01
9.999960e-01 2.631845e-03 9.994440e-04 3.294747e+00 -2.631093e-03 9.999963e-01 -7.521451e-04 -1.130285e+00 -1.001419e-03 7.495132e-04 9.999992e-01 5.867378e+01
9.999564e-01 -2.269151e-03 -9.063209e-03 3.346636e+00 2.280291e-03 9.999967e-01 1.219069e-03 -1.145729e+00 9.060412e-03 -1.239684e-03 9.999582e-01 5.925136e+01
9.999961e-01 2.531552e-03 1.137171e-03 3.387847e+00 -2.530693e-03 9.999965e-01 -7.561888e-04 -1.159692e+00 -1.139081e-03 7.533087e-04 9.999991e-01 5.978795e+01
9.999599e-01 -2.326514e-03 -8.652617e-03 3.494494e+00 2.339757e-03 9.999961e-01 1.520671e-03 -1.172091e+00 8.649045e-03 -1.540856e-03 9.999614e-01 6.024655e+01
9.999964e-01 2.595841e-03 7.256233e-04 3.527536e+00 -2.595070e-03 9.999961e-01 -1.061167e-03 -1.182290e+00 -7.283747e-04 1.059280e-03 9.999992e-01 6.066247e+01
9.999614e-01 -2.509181e-03 -8.416653e-03 3.509840e+00 2.520016e-03 9.999960e-01 1.277003e-03 -1.187241e+00 8.413415e-03 -1.298164e-03 9.999638e-01 6.106942e+01
9.999959e-01 2.727457e-03 8.816126e-04 3.509435e+00 -2.726615e-03 9.999958e-01 -9.547928e-04 -1.195023e+00 -8.842128e-04 9.523857e-04 9.999992e-01 6.154432e+01
9.999602e-01 -2.599609e-03 -8.538207e-03 3.545787e+00 2.611076e-03 9.999957e-01 1.332204e-03 -1.210274e+00 8.534707e-03 -1.354445e-03 9.999627e-01 6.229478e+01
9.999827e-01 2.392170e-03 5.372085e-03 3.547881e+00 -2.383210e-03 9.999958e-01 -1.673667e-03 -1.253933e+00 -5.376065e-03 1.660836e-03 9.999842e-01 6.459554e+01
9.999952e-01 -2.089143e-03 -2.279498e-03 3.444927e+00 2.088198e-03 9.999977e-01 -4.168858e-04 -1.328797e+00 2.280364e-03 4.121231e-04 9.999973e-01 6.888337e+01
9.999743e-01 3.035094e-03 6.487657e-03 3.317228e+00 -3.019732e-03 9.999926e-01 -2.376394e-03 -1.407185e+00 -6.494822e-03 2.356743e-03 9.999761e-01 7.344547e+01
9.999847e-01 -2.440692e-03 -4.966297e-03 3.228839e+00 2.440657e-03 9.999970e-01 -1.315390e-05 -1.489527e+00 4.966314e-03 1.031981e-06 9.999877e-01 7.782601e+01
9.999458e-01 3.003607e-03 9.964004e-03 3.139776e+00 -2.978469e-03 9.999923e-01 -2.536771e-03 -1.587864e+00 -9.971547e-03 2.506957e-03 9.999471e-01 8.314179e+01
9.999647e-01 -1.304189e-03 -8.299207e-03 3.113614e+00 1.308565e-03 9.999990e-01 5.218963e-04 -1.678262e+00 8.298518e-03 -5.327386e-04 9.999654e-01 8.761284e+01
9.999717e-01 1.961301e-03 7.266286e-03 3.047087e+00 -1.945335e-03 9.999957e-01 -2.203593e-03 -1.751149e+00 -7.270576e-03 2.189396e-03 9.999712e-01 9.124544e+01
9.999419e-01 -9.522206e-04 -1.073977e-02 3.008259e+00 9.638970e-04 9.999989e-01 1.082107e-03 -1.804620e+00 1.073873e-02 -1.092396e-03 9.999417e-01 9.393769e+01
9.999873e-01 1.694254e-03 4.738854e-03 3.001925e+00 -1.688743e-03 9.999979e-01 -1.166629e-03 -1.828358e+00 -4.740821e-03 1.158612e-03 9.999881e-01 9.516700e+01
9.999200e-01 -1.304100e-03 -1.257944e-02 3.178384e+00 1.330744e-03 9.999969e-01 2.109893e-03 -1.832204e+00 1.257665e-02 -2.126465e-03 9.999186e-01 9.487488e+01
9.999741e-01 1.253315e-03 7.084730e-03 3.324769e+00 -1.245066e-03 9.999985e-01 -1.168546e-03 -1.825937e+00 -7.086184e-03 1.159696e-03 9.999742e-01 9.413127e+01
9.998532e-01 -1.051162e-03 -1.710391e-02 3.649714e+00 1.091926e-03 9.999966e-01 2.374158e-03 -1.829189e+00 1.710136e-02 -2.392487e-03 9.998509e-01 9.383674e+01
9.999823e-01 1.204146e-03 5.822584e-03 4.123148e+00 -1.198521e-03 9.999988e-01 -9.694238e-04 -1.829247e+00 -5.823745e-03 9.624288e-04 9.999826e-01 9.355108e+01
9.998575e-01 -8.951997e-04 -1.685937e-02 4.495258e+00 9.317777e-04 9.999972e-01 2.161874e-03 -1.839085e+00 1.685739e-02 -2.177276e-03 9.998555e-01 9.348979e+01
9.999652e-01 1.281137e-03 8.239248e-03 4.846297e+00 -1.273783e-03 9.999988e-01 -8.977266e-04 -1.840167e+00 -8.240388e-03 8.872010e-04 9.999657e-01 9.292096e+01
9.998579e-01 -1.045526e-03 -1.682583e-02 5.257338e+00 1.081320e-03 9.999972e-01 2.118380e-03 -1.836678e+00 1.682357e-02 -2.136274e-03 9.998562e-01 9.214142e+01
9.999391e-01 1.107867e-03 1.098308e-02 5.436501e+00 -1.094643e-03 9.999987e-01 -1.209912e-03 -1.831582e+00 -1.098440e-02 1.197816e-03 9.999390e-01 9.142637e+01
9.998716e-01 -9.905671e-04 -1.599180e-02 5.639324e+00 1.025019e-03 9.999972e-01 2.146297e-03 -1.824106e+00 1.598963e-02 -2.162414e-03 9.998698e-01 9.054174e+01
9.999637e-01 1.067966e-03 8.453999e-03 5.878176e+00 -1.057911e-03 9.999987e-01 -1.193775e-03 -1.824585e+00 -8.455263e-03 1.184788e-03 9.999636e-01 9.002098e+01
9.998655e-01 -6.165121e-04 -1.638678e-02 6.113961e+00 6.537814e-04 9.999972e-01 2.269106e-03 -1.828352e+00 1.638534e-02 -2.279515e-03 9.998632e-01 8.964549e+01
9.999526e-01 6.185424e-04 9.713499e-03 6.333157e+00 -6.069252e-04 9.999991e-01 -1.198864e-03 -1.828204e+00 -9.714231e-03 1.192913e-03 9.999521e-01 8.908501e+01
9.998550e-01 -1.767483e-04 -1.702819e-02 6.522043e+00 2.142391e-04 9.999976e-01 2.199899e-03 -1.833536e+00 1.702776e-02 -2.203229e-03 9.998526e-01 8.875716e+01
9.999559e-01 5.225868e-04 9.380130e-03 6.910234e+00 -5.147434e-04 9.999995e-01 -8.385431e-04 -1.828071e+00 -9.380563e-03 8.336784e-04 9.999557e-01 8.783793e+01
9.998880e-01 -4.327403e-04 -1.496202e-02 7.188705e+00 4.624455e-04 9.999979e-01 1.981986e-03 -1.820469e+00 1.496113e-02 -1.988684e-03 9.998861e-01 8.689695e+01
9.999652e-01 5.811563e-04 8.320249e-03 7.467032e+00 -5.741132e-04 9.999995e-01 -8.488363e-04 -1.813729e+00 -8.320737e-03 8.440307e-04 9.999650e-01 8.606381e+01
9.999380e-01 -7.039284e-04 -1.111368e-02 7.554233e+00 7.238407e-04 9.999981e-01 1.787788e-03 -1.800414e+00 1.111240e-02 -1.795723e-03 9.999366e-01 8.498170e+01
9.999636e-01 5.351229e-04 8.513834e-03 7.640781e+00 -5.277409e-04 9.999995e-01 -8.692558e-04 -1.786817e+00 -8.514294e-03 8.647318e-04 9.999634e-01 8.387417e+01
9.999022e-01 -5.524894e-04 -1.397170e-02 7.855199e+00 5.803180e-04 9.999979e-01 1.987820e-03 -1.778386e+00 1.397057e-02 -1.995734e-03 9.999004e-01 8.296783e+01
9.999497e-01 1.380314e-04 1.002980e-02 7.976975e+00 -1.281632e-04 9.999995e-01 -9.844941e-04 -1.767675e+00 -1.002993e-02 9.831598e-04 9.999492e-01 8.205538e+01
9.999285e-01 -3.722863e-04 -1.195251e-02 8.034079e+00 3.958296e-04 9.999980e-01 1.967452e-03 -1.750497e+00 1.195175e-02 -1.972043e-03 9.999266e-01 8.085881e+01
9.999523e-01 1.573515e-04 9.762384e-03 8.138819e+00 -1.478211e-04 9.999995e-01 -9.769321e-04 -1.734231e+00 -9.762533e-03 9.754431e-04 9.999519e-01 7.962869e+01
9.999496e-01 -4.770382e-04 -1.002483e-02 8.137774e+00 4.968759e-04 9.999979e-01 1.976489e-03 -1.714015e+00 1.002387e-02 -1.981371e-03 9.999478e-01 7.826136e+01
9.999593e-01 1.457205e-04 9.017140e-03 8.191224e+00 -1.366946e-04 9.999995e-01 -1.001559e-03 -1.694886e+00 -9.017281e-03 1.000287e-03 9.999588e-01 7.691032e+01
9.999520e-01 -6.462188e-04 -9.774504e-03 8.146599e+00 6.659844e-04 9.999977e-01 2.019063e-03 -1.676918e+00 9.773176e-03 -2.025477e-03 9.999502e-01 7.573015e+01
9.999513e-01 2.453899e-04 9.869350e-03 8.036039e+00 -2.352973e-04 9.999994e-01 -1.023744e-03 -1.654700e+00 -9.869596e-03 1.021373e-03 9.999508e-01 7.440084e+01
9.999366e-01 -5.571268e-04 -1.124777e-02 7.998703e+00 5.778963e-04 9.999981e-01 1.843401e-03 -1.635156e+00 1.124672e-02 -1.849785e-03 9.999350e-01 7.334861e+01
9.999184e-01 2.271499e-05 1.277447e-02 7.973330e+00 -1.205097e-05 9.999997e-01 -8.348481e-04 -1.609173e+00 -1.277449e-02 8.346267e-04 9.999181e-01 7.168479e+01
9.999338e-01 -3.943366e-04 -1.149622e-02 7.952037e+00 4.155372e-04 9.999982e-01 1.841827e-03 -1.585289e+00 1.149547e-02 -1.846483e-03 9.999322e-01 7.011428e+01
9.999751e-01 1.526631e-04 7.061549e-03 8.153016e+00 -1.465214e-04 9.999996e-01 -8.702123e-04 -1.575703e+00 -7.061679e-03 8.691566e-04 9.999747e-01 6.916544e+01
9.998770e-01 3.447841e-04 -1.567824e-02 8.501231e+00 -3.145130e-04 9.999981e-01 1.933210e-03 -1.575748e+00 1.567888e-02 -1.928042e-03 9.998752e-01 6.842766e+01
9.999040e-01 -5.343577e-04 1.384823e-02 8.612860e+00 5.479465e-04 9.999994e-01 -9.774755e-04 -1.558741e+00 -1.384769e-02 9.849704e-04 9.999036e-01 6.712401e+01
9.998773e-01 4.536254e-04 -1.565586e-02 8.738663e+00 -4.231063e-04 9.999980e-01 1.952649e-03 -1.542104e+00 1.565671e-02 -1.945786e-03 9.998755e-01 6.581625e+01
9.998854e-01 -6.312359e-04 1.512802e-02 8.834522e+00 6.456683e-04 9.999993e-01 -9.491380e-04 -1.522826e+00 -1.512741e-02 9.587975e-04 9.998851e-01 6.438211e+01
9.998591e-01 4.202019e-04 -1.678248e-02 8.963506e+00 -3.867114e-04 9.999979e-01 1.998775e-03 -1.504534e+00 1.678328e-02 -1.992004e-03 9.998572e-01 6.303618e+01
9.998788e-01 -7.388655e-04 1.555018e-02 9.067570e+00 7.542216e-04 9.999992e-01 -9.816665e-04 -1.486748e+00 -1.554944e-02 9.932765e-04 9.998786e-01 6.171373e+01
9.998494e-01 5.790744e-04 -1.734234e-02 9.147860e+00 -5.450102e-04 9.999979e-01 1.968901e-03 -1.469192e+00 1.734344e-02 -1.959153e-03 9.998477e-01 6.043004e+01
9.998500e-01 -7.888817e-04 1.730474e-02 9.174451e+00 8.055334e-04 9.999992e-01 -9.552955e-04 -1.448968e+00 -1.730397e-02 9.690924e-04 9.998498e-01 5.900625e+01
9.998705e-01 4.608337e-04 -1.608888e-02 9.166016e+00 -4.291845e-04 9.999980e-01 1.970564e-03 -1.425897e+00 1.608976e-02 -1.963405e-03 9.998686e-01 5.744958e+01
9.998428e-01 -8.552049e-04 1.771203e-02 9.158233e+00 8.718100e-04 9.999992e-01 -9.297878e-04 -1.400999e+00 -1.771123e-02 9.450838e-04 9.998427e-01 5.580651e+01
9.998880e-01 3.727687e-04 -1.496210e-02 9.098404e+00 -3.428716e-04 9.999979e-01 2.000720e-03 -1.373252e+00 1.496282e-02 -1.995366e-03 9.998861e-01 5.405904e+01
9.998918e-01 -8.049272e-04 1.468650e-02 9.164641e+00 8.189317e-04 9.999992e-01 -9.475575e-04 -1.352468e+00 -1.468572e-02 9.594829e-04 9.998917e-01 5.261683e+01
9.999118e-01 3.490619e-04 -1.327667e-02 9.154348e+00 -3.227754e-04 9.999980e-01 1.982013e-03 -1.326516e+00 1.327733e-02 -1.977554e-03 9.999099e-01 5.096363e+01
9.998814e-01 -8.918474e-04 1.537601e-02 9.108408e+00 9.063945e-04 9.999991e-01 -9.391371e-04 -1.298577e+00 -1.537515e-02 9.529631e-04 9.998813e-01 4.922068e+01
9.999271e-01 3.594802e-04 -1.206526e-02 9.006466e+00 -3.351223e-04 9.999979e-01 2.020830e-03 -1.269207e+00 1.206596e-02 -2.016640e-03 9.999252e-01 4.742188e+01
9.998978e-01 -1.018042e-03 1.426044e-02 8.706440e+00 1.038587e-03 9.999984e-01 -1.433353e-03 -1.241140e+00 -1.425896e-02 1.448017e-03 9.998973e-01 4.643143e+01
9.998470e-01 1.064393e-03 -1.746203e-02 8.754021e+00 -1.025394e-03 9.999970e-01 2.242165e-03 -1.225185e+00 1.746436e-02 -2.223918e-03 9.998450e-01 4.542943e+01
9.998595e-01 -1.518698e-03 1.669465e-02 8.650117e+00 1.538426e-03 9.999981e-01 -1.168913e-03 -1.207870e+00 -1.669285e-02 1.194433e-03 9.998600e-01 4.433570e+01
9.998956e-01 1.050237e-03 -1.440917e-02 8.055747e+00 -1.034444e-03 9.999989e-01 1.103484e-03 -1.169618e+00 1.441031e-02 -1.088464e-03 9.998956e-01 4.403602e+01
9.998899e-01 -1.307012e-03 1.477804e-02 7.852577e+00 1.309608e-03 9.999991e-01 -1.659402e-04 -1.145445e+00 -1.477781e-02 1.852760e-04 9.998908e-01 4.280309e+01
9.999192e-01 8.143904e-04 -1.268565e-02 7.731687e+00 -7.981281e-04 9.999989e-01 1.286968e-03 -1.116736e+00 1.268668e-02 -1.276740e-03 9.999187e-01 4.114173e+01
9.998722e-01 -1.478728e-03 1.591665e-02 7.585648e+00 1.481894e-03 9.999989e-01 -1.871519e-04 -1.084639e+00 -1.591636e-02 2.107154e-04 9.998733e-01 3.930643e+01
9.999436e-01 6.934166e-04 -1.059936e-02 7.461219e+00 -6.798229e-04 9.999989e-01 1.286075e-03 -1.048357e+00 1.060024e-02 -1.278797e-03 9.999430e-01 3.716479e+01
9.999439e-01 -1.140429e-03 1.053520e-02 7.509853e+00 1.142664e-03 9.999993e-01 -2.061621e-04 -1.024481e+00 -1.053495e-02 2.181894e-04 9.999445e-01 3.557001e+01
9.999415e-01 1.021219e-03 -1.076628e-02 7.586695e+00 -1.009126e-03 9.999989e-01 1.128576e-03 -1.006131e+00 1.076742e-02 -1.117646e-03 9.999414e-01 3.418724e+01
9.999164e-01 -1.430776e-03 1.284806e-02 7.593851e+00 1.431671e-03 9.999990e-01 -6.045772e-05 -9.793498e-01 -1.284796e-02 7.884754e-05 9.999175e-01 3.242826e+01
9.999152e-01 1.148562e-03 -1.297048e-02 7.660059e+00 -1.134522e-03 9.999988e-01 1.089784e-03 -9.597603e-01 1.297171e-02 -1.074977e-03 9.999153e-01 3.100329e+01
9.999288e-01 -1.408673e-03 1.185345e-02 7.764513e+00 1.409015e-03 9.999990e-01 -2.049138e-05 -9.425839e-01 -1.185341e-02 3.719229e-05 9.999297e-01 2.967303e+01
9.999421e-01 1.070611e-03 -1.070833e-02 7.795568e+00 -1.059248e-03 9.999989e-01 1.066788e-03 -9.183656e-01 1.070946e-02 -1.055384e-03 9.999421e-01 2.803567e+01
9.999317e-01 -1.299240e-03 1.161208e-02 7.905313e+00 1.299943e-03 9.999992e-01 -5.294431e-05 -8.952596e-01 -1.161200e-02 6.803642e-05 9.999326e-01 2.636912e+01
9.999343e-01 9.714791e-04 -1.142382e-02 8.000321e+00 -9.591707e-04 9.999990e-01 1.082879e-03 -8.735832e-01 1.142486e-02 -1.071852e-03 9.999342e-01 2.481811e+01
9.999585e-01 -1.102804e-03 9.041941e-03 8.182044e+00 1.103621e-03 9.999994e-01 -8.537988e-05 -8.582885e-01 -9.041841e-03 9.535589e-05 9.999591e-01 2.355008e+01
9.999314e-01 9.410664e-04 -1.167266e-02 8.335283e+00 -9.284081e-04 9.999990e-01 1.089832e-03 -8.442687e-01 1.167367e-02 -1.078920e-03 9.999313e-01 2.236528e+01
9.999743e-01 -9.861565e-04 7.107326e-03 8.469944e+00 9.872536e-04 9.999995e-01 -1.508273e-04 -8.349968e-01 -7.107173e-03 1.578409e-04 9.999747e-01 2.145383e+01
9.999648e-01 7.531631e-04 -8.353969e-03 8.515435e+00 -7.434934e-04 9.999991e-01 1.160567e-03 -8.175022e-01 8.354835e-03 -1.154315e-03 9.999644e-01 2.017271e+01
9.999730e-01 -1.148310e-03 7.259146e-03 8.601405e+00 1.149196e-03 9.999993e-01 -1.177886e-04 -7.968524e-01 -7.259006e-03 1.261283e-04 9.999736e-01 1.874671e+01
9.999962e-01 3.914257e-04 -2.745857e-03 8.464080e+00 -3.882090e-04 9.999992e-01 1.172008e-03 -7.623150e-01 2.746314e-03 -1.170938e-03 9.999955e-01 1.671433e+01
9.999677e-01 -1.159048e-03 7.948294e-03 8.325755e+00 1.159919e-03 9.999993e-01 -1.048784e-04 -7.250952e-01 -7.948167e-03 1.140951e-04 9.999684e-01 1.453907e+01
9.999930e-01 3.980550e-04 -3.723143e-03 8.219333e+00 -3.935691e-04 9.999992e-01 1.205579e-03 -6.930958e-01 3.723619e-03 -1.204106e-03 9.999923e-01 1.261984e+01
9.999987e-01 -6.992147e-04 1.432568e-03 8.343643e+00 6.994985e-04 9.999997e-01 -1.974291e-04 -6.733546e-01 -1.432429e-03 1.984316e-04 9.999990e-01 1.119134e+01
9.999994e-01 4.568163e-04 -9.699372e-04 8.379722e+00 -4.556943e-04 9.999992e-01 1.156908e-03 -6.530930e-01 9.704647e-04 -1.156466e-03 9.999989e-01 9.767351e+00
9.999993e-01 -9.229376e-04 7.239302e-04 8.362361e+00 9.230166e-04 9.999996e-01 -1.085115e-04 -6.315243e-01 -7.238295e-04 1.091803e-04 9.999997e-01 8.347422e+00
9.999990e-01 5.154248e-04 1.307671e-03 8.200662e+00 -5.169360e-04 9.999992e-01 1.155388e-03 -6.083877e-01 -1.307075e-03 -1.156063e-03 9.999985e-01 6.958617e+00
9.999943e-01 -1.084236e-03 3.204002e-03 7.845494e+00 1.084648e-03 9.999994e-01 -1.268451e-04 -5.761166e-01 -3.203862e-03 1.303202e-04 9.999949e-01 5.375728e+00
9.999987e-01 3.771397e-04 1.575517e-03 7.492602e+00 -3.790651e-04 9.999992e-01 1.221782e-03 -5.437799e-01 -1.575055e-03 -1.222378e-03 9.999980e-01 3.746743e+00
9.999880e-01 -1.121562e-03 4.771124e-03 7.078543e+00 1.122098e-03 9.999994e-01 -1.096405e-04 -5.078192e-01 -4.770998e-03 1.149936e-04 9.999886e-01 1.969695e+00
9.999992e-01 4.293254e-04 -1.199142e-03 6.813962e+00 -4.279740e-04 9.999993e-01 1.127209e-03 -4.758636e-01 1.199625e-03 -1.126695e-03 9.999986e-01 3.009668e-01
9.999919e-01 -1.206361e-03 3.850984e-03 6.687006e+00 1.206969e-03 9.999993e-01 -1.555992e-04 -4.438458e-01 -3.850793e-03 1.602466e-04 9.999926e-01 -1.490553e+00
9.999985e-01 4.769690e-04 -1.671050e-03 6.587082e+00 -4.750549e-04 9.999992e-01 1.145750e-03 -4.133773e-01 1.671595e-03 -1.144955e-03 9.999979e-01 -3.224310e+00
9.999989e-01 -1.085380e-03 1.004550e-03 6.615740e+00 1.085502e-03 9.999994e-01 -1.201759e-04 -3.913896e-01 -1.004418e-03 1.212669e-04 9.999995e-01 -4.664090e+00
9.999965e-01 6.610158e-04 -2.566252e-03 6.673652e+00 -6.582010e-04 9.999992e-01 1.097642e-03 -3.730068e-01 2.566976e-03 -1.095950e-03 9.999961e-01 -5.952641e+00
9.999965e-01 -1.077193e-03 2.413272e-03 6.652359e+00 1.077442e-03 9.999994e-01 -1.020523e-04 -3.518340e-01 -2.413160e-03 1.046528e-04 9.999971e-01 -7.353714e+00
9.999926e-01 7.681311e-04 -3.781492e-03 6.708696e+00 -7.638218e-04 9.999991e-01 1.140944e-03 -3.335475e-01 3.782365e-03 -1.138047e-03 9.999922e-01 -8.678395e+00
9.999962e-01 -8.618837e-04 -2.632445e-03 6.882698e+00 8.609291e-04 9.999996e-01 -3.638096e-04 -3.317363e-01 2.632758e-03 3.615425e-04 9.999965e-01 -9.276106e+00
9.999887e-01 1.112050e-03 -4.625699e-03 7.046962e+00 -1.107146e-03 9.999988e-01 1.062673e-03 -3.346488e-01 4.626875e-03 -1.057541e-03 9.999887e-01 -9.571233e+00
9.999992e-01 -1.223768e-03 1.867010e-04 7.150593e+00 1.223809e-03 9.999992e-01 -2.195497e-04 -3.283747e-01 -1.864319e-04 2.197787e-04 1.000000e+00 -1.033184e+01
9.999993e-01 1.175935e-03 -2.663562e-04 6.718791e+00 -1.175847e-03 9.999993e-01 3.332659e-04 -3.075274e-01 2.667476e-04 -3.329532e-04 9.999999e-01 -1.038376e+01
9.999986e-01 -1.565550e-03 6.639863e-04 6.666964e+00 1.565127e-03 9.999986e-01 6.378553e-04 -2.847946e-01 -6.649836e-04 -6.368145e-04 9.999996e-01 -1.183100e+01
9.999993e-01 1.076288e-03 -4.079524e-04 6.595645e+00 -1.076107e-03 9.999993e-01 4.454858e-04 -2.617367e-01 4.084313e-04 -4.450471e-04 9.999998e-01 -1.326083e+01
9.999987e-01 -1.409337e-03 -7.731748e-04 6.572880e+00 1.409814e-03 9.999988e-01 6.160896e-04 -2.423793e-01 7.723059e-04 -6.171782e-04 9.999995e-01 -1.454579e+01
9.999843e-01 1.235955e-03 -5.468578e-03 6.736781e+00 -1.234431e-03 9.999992e-01 2.820893e-04 -2.379437e-01 5.468922e-03 -2.753350e-04 9.999850e-01 -1.514301e+01
9.998906e-01 -3.669939e-03 1.432950e-02 6.851828e+00 3.680271e-03 9.999930e-01 -6.947651e-04 -2.957949e-01 -1.432685e-02 7.474262e-04 9.998971e-01 -1.140831e+01
9.999579e-01 4.964597e-03 -7.710692e-03 6.979350e+00 -4.962389e-03 9.999876e-01 3.054922e-04 -3.884451e-01 7.712113e-03 -2.672166e-04 9.999702e-01 -7.078631e+00
9.999901e-01 -4.340126e-03 1.001759e-03 7.017803e+00 4.339714e-03 9.999905e-01 4.130421e-04 -3.981621e-01 -1.003542e-03 -4.086899e-04 9.999994e-01 -6.959511e+00
9.999920e-01 3.803833e-03 1.257662e-03 6.869296e+00 -3.804645e-03 9.999926e-01 6.439630e-04 -3.689238e-01 -1.255203e-03 -6.487434e-04 9.999990e-01 -8.635489e+00
9.999827e-01 -4.069101e-03 -4.254916e-03 7.017000e+00 4.071412e-03 9.999916e-01 5.345540e-04 -3.551991e-01 4.252705e-03 -5.518676e-04 9.999908e-01 -9.827546e+00
9.999893e-01 4.179054e-03 -1.979012e-03 7.267691e+00 -4.177946e-03 9.999911e-01 5.638465e-04 -3.428288e-01 1.981350e-03 -5.555729e-04 9.999979e-01 -1.094308e+01
9.999876e-01 -4.551870e-03 -2.030403e-03 7.386281e+00 4.552529e-03 9.999896e-01 3.195575e-04 -3.295281e-01 2.028928e-03 -3.287964e-04 9.999979e-01 -1.200113e+01
9.999696e-01 4.780714e-03 -6.153157e-03 7.802877e+00 -4.774768e-03 9.999881e-01 9.806356e-04 -3.222227e-01 6.157771e-03 -9.512266e-04 9.999806e-01 -1.301675e+01
9.999670e-01 -4.287092e-03 -6.894351e-03 8.458732e+00 4.290245e-03 9.999907e-01 4.426115e-04 -3.256656e-01 6.892390e-03 -4.721747e-04 9.999761e-01 -1.377626e+01
9.999911e-01 4.216185e-03 1.521122e-04 8.737670e+00 -4.216278e-03 9.999909e-01 6.203886e-04 -3.128969e-01 -1.494954e-04 -6.210251e-04 9.999998e-01 -1.485570e+01
9.999848e-01 -4.655798e-03 -2.942417e-03 8.828833e+00 4.656779e-03 9.999891e-01 3.267703e-04 -2.950570e-01 2.940864e-03 -3.404669e-04 9.999956e-01 -1.611583e+01
9.999892e-01 4.591953e-03 -6.802283e-04 9.036721e+00 -4.591505e-03 9.999892e-01 6.593665e-04 -2.807999e-01 6.832484e-04 -6.562368e-04 9.999996e-01 -1.734809e+01
9.999857e-01 -5.306806e-03 -6.121098e-04 9.094611e+00 5.306388e-03 9.999857e-01 -6.825981e-04 -3.123586e-01 6.157238e-04 6.793410e-04 9.999996e-01 -1.568160e+01
9.999692e-01 6.632769e-03 -4.192449e-03 9.184347e+00 -6.631491e-03 9.999780e-01 3.186904e-04 -3.593519e-01 4.194470e-03 -2.908791e-04 9.999912e-01 -1.356069e+01
9.999615e-01 -6.255396e-03 -6.149808e-03 9.613099e+00 6.260327e-03 9.999801e-01 7.829739e-04 -3.570124e-01 6.144788e-03 -8.214429e-04 9.999808e-01 -1.430484e+01
9.999708e-01 5.715385e-03 5.069883e-03 9.648931e+00 -5.716007e-03 9.999837e-01 1.081135e-04 -3.339904e-01 -5.069183e-03 -1.370905e-04 9.999871e-01 -1.574329e+01
9.999656e-01 -6.386054e-03 -5.290869e-03 9.660194e+00 6.390443e-03 9.999793e-01 8.128780e-04 -3.108975e-01 5.285568e-03 -8.466603e-04 9.999857e-01 -1.724153e+01
9.999701e-01 5.826300e-03 5.087557e-03 9.651097e+00 -5.826911e-03 9.999830e-01 1.052560e-04 -2.871334e-01 -5.086858e-03 -1.348982e-04 9.999871e-01 -1.873287e+01
9.999756e-01 -6.468511e-03 -2.624161e-03 9.592293e+00 6.470781e-03 9.999787e-01 8.571784e-04 -2.572891e-01 2.618561e-03 -8.741372e-04 9.999962e-01 -2.054784e+01
9.999714e-01 5.816014e-03 4.831669e-03 9.561138e+00 -5.816882e-03 9.999831e-01 1.655261e-04 -2.261951e-01 -4.830625e-03 -1.936273e-04 9.999883e-01 -2.244589e+01
9.999682e-01 -6.344886e-03 -4.830138e-03 9.634519e+00 6.348543e-03 9.999796e-01 7.421425e-04 -2.017123e-01 4.825330e-03 -7.727826e-04 9.999881e-01 -2.408013e+01
9.999690e-01 5.830524e-03 5.292820e-03 9.622611e+00 -5.831627e-03 9.999830e-01 1.928438e-04 -1.787432e-01 -5.291606e-03 -2.237043e-04 9.999860e-01 -2.559014e+01
9.999715e-01 -6.406302e-03 -4.003306e-03 9.573959e+00 6.409592e-03 9.999791e-01 8.093822e-04 -1.528070e-01 3.998038e-03 -8.350180e-04 9.999917e-01 -2.720721e+01
9.999790e-01 5.917694e-03 2.656786e-03 9.656226e+00 -5.918145e-03 9.999825e-01 1.617314e-04 -1.323988e-01 -2.655782e-03 -1.774519e-04 9.999965e-01 -2.861080e+01
9.998737e-01 -5.462788e-03 -1.492636e-02 1.036470e+01 5.491812e-03 9.999831e-01 1.904216e-03 -1.351824e-01 1.491571e-02 -1.985947e-03 9.998868e-01 -2.938558e+01
9.999161e-01 5.869036e-03 1.154688e-02 1.063946e+01 -5.857002e-03 9.999823e-01 -1.075744e-03 -1.514136e-01 -1.155299e-02 1.008023e-03 9.999328e-01 -2.922857e+01
9.999045e-01 -6.507521e-03 -1.219299e-02 1.064093e+01 6.509846e-03 9.999788e-01 1.510603e-04 -1.903167e-01 1.219175e-02 -2.304197e-04 9.999257e-01 -2.694850e+01
9.998376e-01 6.752759e-03 1.671071e-02 1.017540e+01 -6.725492e-03 9.999760e-01 -1.687419e-03 -1.961257e-01 -1.672170e-02 1.574757e-03 9.998589e-01 -2.476236e+01
9.999691e-01 -7.797280e-03 -1.048504e-03 8.533845e+00 7.798283e-03 9.999691e-01 9.558234e-04 -1.116653e-01 1.041019e-03 -9.639697e-04 9.999990e-01 -2.543818e+01
9.999660e-01 7.266528e-03 3.891115e-03 8.061195e+00 -7.268093e-03 9.999735e-01 3.882465e-04 -8.018468e-02 -3.888191e-03 -4.165149e-04 9.999924e-01 -2.614670e+01
9.998754e-01 -6.417212e-03 -1.442163e-02 8.576267e+00 6.426385e-03 9.999792e-01 5.898143e-04 -6.937411e-02 1.441754e-02 -6.824191e-04 9.998958e-01 -2.736082e+01
9.999022e-01 6.151341e-03 1.256026e-02 8.649589e+00 -6.153943e-03 9.999811e-01 1.684861e-04 -4.971412e-02 -1.255899e-02 -2.457654e-04 9.999211e-01 -2.873412e+01
9.998873e-01 -6.500317e-03 -1.353199e-02 8.772795e+00 6.510252e-03 9.999786e-01 6.902676e-04 -2.740100e-02 1.352721e-02 -7.782858e-04 9.999082e-01 -3.027776e+01
9.998562e-01 4.827333e-03 1.625447e-02 8.827195e+00 -4.804494e-03 9.999874e-01 -1.443842e-03 -6.276550e-02 -1.626124e-02 1.365539e-03 9.998668e-01 -2.796566e+01
9.997981e-01 -3.298975e-03 -1.982316e-02 8.964683e+00 3.335245e-03 9.999928e-01 1.796868e-03 -1.208798e-01 1.981709e-02 -1.862619e-03 9.998019e-01 -2.528243e+01
9.998673e-01 3.141515e-03 1.598340e-02 9.050080e+00 -3.125615e-03 9.999946e-01 -1.019700e-03 -1.055469e-01 -1.598652e-02 9.696065e-04 9.998717e-01 -2.638323e+01
9.999003e-01 -3.712346e-03 -1.362307e-02 9.023945e+00 3.740129e-03 9.999910e-01 2.014460e-03 -7.726652e-02 1.361547e-02 -2.065211e-03 9.999052e-01 -2.812989e+01
9.999058e-01 3.125846e-03 1.336427e-02 9.001981e+00 -3.112451e-03 9.999946e-01 -1.022998e-03 -5.447758e-02 -1.336739e-02 9.813055e-04 9.999102e-01 -2.955885e+01
9.998839e-01 -3.414333e-03 -1.485264e-02 9.015532e+00 3.442924e-03 9.999923e-01 1.899824e-03 -3.570554e-02 1.484604e-02 -1.950739e-03 9.998879e-01 -3.081685e+01
9.999236e-01 3.042881e-03 1.197998e-02 9.081325e+00 -3.031047e-03 9.999949e-01 -1.005833e-03 -2.102138e-02 -1.198298e-02 9.694435e-04 9.999277e-01 -3.187900e+01
9.998827e-01 -3.415956e-03 -1.493323e-02 8.979845e+00 3.430881e-03 9.999936e-01 9.739143e-04 2.019498e-03 1.492981e-02 -1.025033e-03 9.998880e-01 -3.198304e+01
9.999097e-01 3.253096e-03 1.303527e-02 8.975973e+00 -3.250652e-03 9.999947e-01 -2.087344e-04 2.362208e-02 -1.303588e-02 1.663418e-04 9.999150e-01 -3.293873e+01
9.999220e-01 -3.794614e-03 -1.190247e-02 8.851195e+00 3.809552e-03 9.999920e-01 1.232612e-03 4.679350e-02 1.189770e-02 -1.277858e-03 9.999284e-01 -3.431131e+01
9.999115e-01 3.278493e-03 1.289624e-02 8.650223e+00 -3.272661e-03 9.999945e-01 -4.733077e-04 7.372232e-02 -1.289773e-02 4.310601e-04 9.999167e-01 -3.542433e+01
9.998867e-01 -3.587078e-03 -1.462160e-02 8.599063e+00 3.606625e-03 9.999926e-01 1.310685e-03 9.107364e-02 1.461679e-02 -1.363270e-03 9.998922e-01 -3.645524e+01
9.999378e-01 3.093378e-03 1.071854e-02 8.575389e+00 -3.081861e-03 9.999947e-01 -1.090872e-03 1.135703e-01 -1.072186e-02 1.057770e-03 9.999420e-01 -3.652748e+01
9.996992e-01 -2.158265e-03 -2.442906e-02 9.296483e+00 2.245911e-03 9.999911e-01 3.560900e-03 9.309063e-02 2.442116e-02 -3.614694e-03 9.996952e-01 -3.662108e+01
9.999892e-01 4.649215e-03 -2.563701e-04 1.085943e+01 -4.648741e-03 9.999875e-01 1.820900e-03 3.722624e-02 2.648324e-04 -1.819689e-03 9.999983e-01 -3.672788e+01
9.996503e-01 -1.986396e-03 -2.636864e-02 1.241060e+01 2.045166e-03 9.999955e-01 2.201970e-03 -1.635090e-03 2.636415e-02 -2.255128e-03 9.996499e-01 -3.720418e+01
9.999699e-01 3.945096e-03 6.681275e-03 1.351665e+01 -3.950242e-03 9.999919e-01 7.570630e-04 -2.563835e-02 -6.678235e-03 -7.834335e-04 9.999774e-01 -3.768350e+01
9.997745e-01 -2.979293e-03 -2.102602e-02 1.431895e+01 3.013557e-03 9.999942e-01 1.598081e-03 -4.083439e-02 2.102113e-02 -1.661083e-03 9.997777e-01 -3.824911e+01
9.999815e-01 5.360956e-03 -2.876610e-03 1.579842e+01 -5.351422e-03 9.999802e-01 3.311739e-03 -9.273722e-02 2.894307e-03 -3.296285e-03 9.999904e-01 -3.843836e+01
9.995999e-01 -1.949107e-03 -2.821707e-02 1.760401e+01 2.005445e-03 9.999961e-01 1.968431e-03 -1.553542e-01 2.821312e-02 -2.024231e-03 9.995999e-01 -3.855441e+01
9.999797e-01 4.107010e-03 4.879060e-03 1.892914e+01 -4.114638e-03 9.999903e-01 1.554309e-03 -1.835457e-01 -4.872630e-03 -1.574353e-03 9.999869e-01 -3.914642e+01
9.999172e-01 -3.357928e-03 -1.241894e-02 1.949433e+01 3.363708e-03 9.999942e-01 4.445293e-04 -1.782068e-01 1.241738e-02 -4.862655e-04 9.999228e-01 -4.040382e+01
9.999826e-01 3.961409e-03 4.365133e-03 2.004582e+01 -3.968380e-03 9.999909e-01 1.589204e-03 -1.745372e-01 -4.358798e-03 -1.606499e-03 9.999892e-01 -4.155449e+01
9.997800e-01 -3.184573e-03 -2.072997e-02 2.077977e+01 3.185408e-03 9.999949e-01 7.223649e-06 -1.865500e-01 2.072984e-02 -7.325484e-05 9.997851e-01 -4.202440e+01
9.999541e-01 3.784787e-03 8.805366e-03 2.118557e+01 -3.797194e-03 9.999918e-01 1.392665e-03 -1.872612e-01 -8.800023e-03 -1.426037e-03 9.999603e-01 -4.212071e+01
9.999408e-01 -3.992875e-03 -1.011838e-02 2.114106e+01 3.988425e-03 9.999919e-01 -4.599146e-04 -1.682979e-01 1.012013e-02 4.195317e-04 9.999487e-01 -4.333132e+01
9.999705e-01 3.891875e-03 6.615518e-03 2.128065e+01 -3.901082e-03 9.999914e-01 1.379233e-03 -1.546960e-01 -6.610094e-03 -1.405001e-03 9.999772e-01 -4.442895e+01
9.998778e-01 -3.757116e-03 -1.517639e-02 2.162602e+01 3.752576e-03 9.999929e-01 -3.276769e-04 -1.520706e-01 1.517751e-02 2.706869e-04 9.998848e-01 -4.510412e+01
9.999713e-01 3.684689e-03 6.620442e-03 2.171154e+01 -3.687777e-03 9.999931e-01 4.542570e-04 -1.666553e-01 -6.618722e-03 -4.786593e-04 9.999780e-01 -4.430088e+01
9.998871e-01 -2.872654e-03 -1.475224e-02 2.190313e+01 2.876808e-03 9.999958e-01 2.603227e-04 -1.844545e-01 1.475143e-02 -3.027320e-04 9.998911e-01 -4.382492e+01
9.999648e-01 2.920781e-03 7.870926e-03 2.216344e+01 -2.927365e-03 9.999954e-01 8.251126e-04 -1.796463e-01 -7.868480e-03 -8.481252e-04 9.999687e-01 -4.453826e+01
