9.999853e-01 -9.677585e-05 -5.414431e-03 -1.981830e-02 1.012225e-04 9.999997e-01 8.209977e-04 5.016024e-03 5.414349e-03 -8.215344e-04 9.999850e-01 -4.222715e-01
9.999987e-01 8.907899e-05 1.590009e-03 -6.818023e-02 -8.902205e-05 1.000000e+00 -3.586100e-05 9.897091e-03 -1.590011e-03 3.572012e-05 9.999987e-01 -8.032798e-01
9.999836e-01 -1.681575e-04 -5.725393e-03 -1.679998e-01 1.726277e-04 9.999997e-01 7.802914e-04 1.719201e-02 5.725260e-03 -7.812677e-04 9.999833e-01 -1.192245e+00
9.999984e-01 4.817825e-05 1.767173e-03 -2.307785e-01 -4.822766e-05 1.000000e+00 2.793630e-05 2.289956e-02 -1.767172e-03 -2.802077e-05 9.999984e-01 -1.659256e+00
9.999817e-01 1.744538e-04 -6.044458e-03 -2.356684e-01 -1.696362e-04 9.999997e-01 7.975246e-04 2.515018e-02 6.044595e-03 -7.964854e-04 9.999814e-01 -2.147553e+00
9.999998e-01 -2.731311e-04 6.146544e-04 -2.123381e-01 2.731657e-04 1.000000e+00 -5.616501e-05 2.393111e-02 -6.146387e-04 5.633362e-05 9.999998e-01 -2.357149e+00
9.999721e-01 6.412948e-04 -7.445291e-03 -2.222099e-01 -6.359940e-04 9.999995e-01 7.143094e-04 1.687023e-02 7.445746e-03 -7.095550e-04 9.999720e-01 -2.211315e+00
9.999988e-01 -7.576438e-04 1.319732e-03 -2.112147e-01 7.577801e-04 9.999997e-01 -1.027829e-04 1.630813e-02 -1.319654e-03 1.037836e-04 9.999991e-01 -2.313974e+00
9.999723e-01 9.715270e-04 -7.377571e-03 -2.887036e-01 -9.678359e-04 9.999994e-01 5.038658e-04 9.821236e-03 7.378055e-03 -4.967123e-04 9.999727e-01 -1.922905e+00
9.999987e-01 -8.586621e-04 1.395596e-03 -3.148977e-01 8.583689e-04 9.999996e-01 2.106833e-04 9.276884e-03 -1.395776e-03 -2.094843e-04 9.999990e-01 -2.050201e+00
9.999805e-01 8.259672e-04 -6.185820e-03 -2.840269e-01 -8.215601e-04 9.999994e-01 7.149585e-04 1.501892e-02 6.186407e-03 -7.098633e-04 9.999806e-01 -2.621137e+00
9.999973e-01 -7.638072e-04 2.214036e-03 -3.914785e-01 7.637367e-04 9.999997e-01 3.273743e-05 1.902582e-02 -2.214060e-03 -3.104569e-05 9.999975e-01 -2.878630e+00
9.999816e-01 8.221608e-04 -6.014285e-03 -4.881520e-01 -8.177072e-04 9.999994e-01 7.429394e-04 2.562311e-02 6.014892e-03 -7.380085e-04 9.999816e-01 -3.362579e+00
9.999970e-01 -8.988639e-04 2.288464e-03 -4.885077e-01 8.983150e-04 9.999996e-01 2.408598e-04 3.518315e-02 -2.288679e-03 -2.388026e-04 9.999974e-01 -4.148445e+00
9.999654e-01 1.003603e-03 -8.254649e-03 -4.498359e-01 -9.998791e-04 9.999994e-01 4.552388e-04 3.573231e-02 8.255100e-03 -4.469701e-04 9.999658e-01 -4.415340e+00
9.999953e-01 -7.936198e-04 2.977337e-03 -5.241491e-01 7.932624e-04 9.999997e-01 1.212513e-04 3.626752e-02 -2.977432e-03 -1.188882e-04 9.999956e-01 -4.501291e+00
9.999861e-01 6.488010e-04 -5.239810e-03 -6.044217e-01 -6.444905e-04 9.999995e-01 8.243010e-04 4.944404e-02 5.240342e-03 -8.209132e-04 9.999859e-01 -5.394843e+00
9.999973e-01 -9.261893e-04 2.118535e-03 -5.967265e-01 9.258096e-04 9.999996e-01 1.802262e-04 6.300005e-02 -2.118701e-03 -1.782637e-04 9.999977e-01 -6.377535e+00
9.999789e-01 7.668807e-04 -6.452230e-03 -5.692876e-01 -7.622145e-04 9.999994e-01 7.256327e-04 7.088624e-02 6.452782e-03 -7.207001e-04 9.999789e-01 -7.048535e+00
9.999980e-01 -7.685875e-04 1.827746e-03 -5.977467e-01 7.684580e-04 9.999997e-01 7.156334e-05 7.628635e-02 -1.827800e-03 -7.015794e-05 9.999983e-01 -7.483433e+00
9.999937e-01 4.404810e-04 -3.519223e-03 -6.545693e-01 -4.371796e-04 9.999995e-01 9.388391e-04 9.273228e-02 3.519634e-03 -9.372954e-04 9.999934e-01 -8.550446e+00
9.999978e-01 -8.610622e-04 1.927111e-03 -6.925788e-01 8.608409e-04 9.999996e-01 1.156841e-04 1.106178e-01 -1.927209e-03 -1.140242e-04 9.999981e-01 -9.711841e+00
9.999917e-01 5.026023e-04 -4.049859e-03 -7.432088e-01 -4.989205e-04 9.999995e-01 9.100832e-04 1.263990e-01 4.050314e-03 -9.080558e-04 9.999914e-01 -1.074427e+01
9.999994e-01 -6.910822e-04 8.015038e-04 -7.285709e-01 6.910332e-04 9.999998e-01 6.157159e-05 1.391110e-01 -8.015458e-04 -6.101698e-05 9.999997e-01 -1.170808e+01
9.999866e-01 4.164390e-04 -5.166569e-03 -6.812997e-01 -4.116844e-04 9.999995e-01 9.213065e-04 1.484098e-01 5.166949e-03 -9.191678e-04 9.999862e-01 -1.246869e+01
9.999996e-01 -3.493456e-04 -8.029289e-04 -6.846520e-01 3.492235e-04 9.999999e-01 -1.521806e-04 1.474736e-01 8.029823e-04 1.519008e-04 9.999997e-01 -1.264229e+01
9.999949e-01 1.593902e-04 -3.178951e-03 -6.406579e-01 -1.558246e-04 9.999994e-01 1.121842e-03 1.590375e-01 3.179127e-03 -1.121342e-03 9.999943e-01 -1.355027e+01
9.999966e-01 -6.516069e-04 2.532192e-03 -6.303699e-01 6.518624e-04 9.999998e-01 -1.000432e-04 1.800566e-01 -2.532126e-03 1.016942e-04 9.999968e-01 -1.494387e+01
9.999996e-01 1.845427e-04 -8.654813e-04 -7.980029e-01 -1.836288e-04 9.999994e-01 1.055938e-03 2.051966e-01 8.656753e-04 -1.055779e-03 9.999991e-01 -1.630466e+01
9.999900e-01 -8.235409e-04 4.396631e-03 -1.339978e+00 8.258922e-04 9.999995e-01 -5.329715e-04 2.397351e-01 -4.396190e-03 5.365980e-04 9.999902e-01 -1.715744e+01
9.999987e-01 2.636179e-04 -1.592812e-03 -1.987197e+00 -2.623080e-04 9.999996e-01 8.225645e-04 2.754883e-01 1.593028e-03 -8.221463e-04 9.999984e-01 -1.771883e+01
9.999998e-01 -5.314865e-04 1.627727e-04 -2.249628e+00 5.315021e-04 9.999999e-01 -9.524769e-05 2.946615e-01 -1.627217e-04 9.533490e-05 1.000000e+00 -1.842156e+01
9.999983e-01 6.321105e-05 -1.823290e-03 -2.284847e+00 -6.127246e-05 9.999994e-01 1.063307e-03 3.143670e-01 1.823356e-03 -1.063194e-03 9.999978e-01 -1.965603e+01
9.999992e-01 -4.615911e-04 -1.148588e-03 -2.193948e+00 4.613805e-04 9.999999e-01 -1.836988e-04 3.312905e-01 1.148673e-03 1.831695e-04 9.999993e-01 -2.087539e+01
9.999987e-01 2.856314e-05 -1.594941e-03 -2.168031e+00 -2.684635e-05 9.999994e-01 1.076448e-03 3.477508e-01 1.594971e-03 -1.076405e-03 9.999981e-01 -2.201378e+01
9.999996e-01 -4.404177e-04 -7.778312e-04 -2.200362e+00 4.403261e-04 9.999999e-01 -1.180368e-04 3.652198e-01 7.778834e-04 1.176950e-04 9.999997e-01 -2.311999e+01
9.999965e-01 1.122558e-04 -2.631440e-03 -2.322379e+00 -1.097281e-04 9.999995e-01 9.607344e-04 3.811089e-01 2.631546e-03 -9.604431e-04 9.999961e-01 -2.382205e+01
9.999965e-01 -2.516220e-04 -2.632893e-03 -2.352801e+00 2.512924e-04 1.000000e+00 -1.255440e-04 3.919742e-01 2.632925e-03 1.248826e-04 9.999965e-01 -2.444185e+01
9.999886e-01 1.687671e-04 -4.765234e-03 -2.236728e+00 -1.638183e-04 9.999994e-01 1.038902e-03 3.964847e-01 4.765406e-03 -1.038111e-03 9.999881e-01 -2.496858e+01
9.999955e-01 -1.507470e-04 -3.002743e-03 -2.196930e+00 1.500442e-04 1.000000e+00 -2.342812e-04 4.011593e-01 3.002779e-03 2.338303e-04 9.999955e-01 -2.530562e+01
9.999906e-01 9.237222e-05 -4.325016e-03 -2.139125e+00 -8.745039e-05 9.999993e-01 1.138184e-03 4.057802e-01 4.325117e-03 -1.137796e-03 9.999900e-01 -2.575514e+01
9.999971e-01 -1.284225e-04 -2.394143e-03 -2.089131e+00 1.280349e-04 1.000000e+00 -1.620856e-04 4.114444e-01 2.394164e-03 1.617793e-04 9.999971e-01 -2.629717e+01
9.999943e-01 6.982120e-05 -3.386448e-03 -2.113706e+00 -6.608893e-05 9.999994e-01 1.102240e-03 4.208951e-01 3.386522e-03 -1.102011e-03 9.999937e-01 -2.688761e+01
9.999999e-01 -2.851219e-04 -1.463329e-04 -2.318707e+00 2.850800e-04 9.999999e-01 -2.869156e-04 4.352020e-01 1.464151e-04 2.868746e-04 9.999999e-01 -2.743355e+01
9.999965e-01 -5.170924e-05 -2.656310e-03 -2.542390e+00 5.466569e-05 9.999994e-01 1.112958e-03 4.512022e-01 2.656251e-03 -1.113100e-03 9.999959e-01 -2.804878e+01
9.999997e-01 -2.973413e-04 6.571830e-04 -2.698770e+00 2.975272e-04 9.999999e-01 -2.826332e-04 4.695512e-01 -6.570986e-04 2.828294e-04 9.999997e-01 -2.887379e+01
9.999980e-01 -4.036452e-05 -1.977081e-03 -2.868962e+00 4.271575e-05 9.999993e-01 1.189254e-03 4.891029e-01 1.977031e-03 -1.189337e-03 9.999973e-01 -2.988124e+01
9.999999e-01 -3.623329e-04 7.685422e-05 -3.053154e+00 3.623571e-04 9.999999e-01 -3.143657e-04 5.072916e-01 -7.673997e-05 3.143943e-04 9.999999e-01 -3.075376e+01
9.999916e-01 1.639660e-04 -4.105476e-03 -3.072428e+00 -1.588843e-04 9.999992e-01 1.238108e-03 5.194451e-01 4.105676e-03 -1.237446e-03 9.999908e-01 -3.159823e+01
9.999989e-01 -3.890828e-04 -1.465759e-03 -2.985950e+00 3.886982e-04 9.999999e-01 -2.627179e-04 5.271119e-01 1.465861e-03 2.621485e-04 9.999989e-01 -3.232220e+01
9.999818e-01 5.528538e-04 -6.002218e-03 -2.934291e+00 -5.455693e-04 9.999991e-01 1.215205e-03 5.300123e-01 6.002884e-03 -1.211909e-03 9.999812e-01 -3.272806e+01
9.999952e-01 -7.193385e-04 3.004488e-03 -3.072227e+00 7.200916e-04 9.999997e-01 -2.495618e-04 5.433352e-01 -3.004308e-03 2.517248e-04 9.999955e-01 -3.349417e+01
9.999976e-01 3.498465e-04 -2.144534e-03 -3.401032e+00 -3.471998e-04 9.999992e-01 1.234435e-03 5.665768e-01 2.144964e-03 -1.233688e-03 9.999969e-01 -3.459660e+01
9.999988e-01 -7.501753e-04 1.385142e-03 -3.541452e+00 7.504396e-04 9.999997e-01 -1.902024e-04 5.877247e-01 -1.384998e-03 1.912424e-04 9.999990e-01 -3.584485e+01
9.999983e-01 2.207147e-04 -1.814896e-03 -3.575219e+00 -2.184571e-04 9.999992e-01 1.244089e-03 6.081428e-01 1.815169e-03 -1.243691e-03 9.999976e-01 -3.716948e+01
9.999957e-01 -3.448599e-04 -2.922973e-03 -3.423496e+00 3.447640e-04 9.999999e-01 -3.332327e-05 6.167504e-01 2.922985e-03 3.231609e-05 9.999957e-01 -3.812854e+01
9.999999e-01 4.298063e-04 2.428726e-04 -3.395596e+00 -4.300772e-04 9.999993e-01 1.116013e-03 6.337664e-01 -2.423931e-04 -1.116118e-03 9.999993e-01 -3.931431e+01
9.999980e-01 -9.916319e-04 1.761059e-03 -3.653291e+00 9.916403e-04 9.999995e-01 -3.851298e-06 6.601355e-01 -1.761054e-03 5.598332e-06 9.999984e-01 -4.070053e+01
9.999933e-01 5.968974e-04 -3.602889e-03 -3.693908e+00 -5.931598e-04 9.999993e-01 1.038384e-03 6.764747e-01 3.603506e-03 -1.036241e-03 9.999930e-01 -4.178382e+01
9.999979e-01 -6.302638e-04 -1.937912e-03 -3.504151e+00 6.305369e-04 9.999998e-01 1.402671e-04 6.853881e-01 1.937823e-03 -1.414880e-04 9.999981e-01 -4.269168e+01
9.999976e-01 2.234125e-04 2.185111e-03 -3.616891e+00 -2.253178e-04 9.999996e-01 8.717297e-04 7.094064e-01 -2.184916e-03 -8.722206e-04 9.999972e-01 -4.410277e+01
9.999862e-01 -6.774859e-04 -5.202664e-03 -3.530079e+00 6.783103e-04 9.999998e-01 1.566853e-04 7.243917e-01 5.202557e-03 -1.602115e-04 9.999865e-01 -4.524150e+01
9.999980e-01 5.054533e-04 1.921265e-03 -3.489895e+00 -5.069974e-04 9.999995e-01 8.032173e-04 7.370804e-01 -1.920858e-03 -8.041905e-04 9.999978e-01 -4.624547e+01
9.999961e-01 -8.494050e-04 -2.659828e-03 -3.552645e+00 8.500252e-04 9.999996e-01 2.320232e-04 7.584985e-01 2.659630e-03 -2.342825e-04 9.999964e-01 -4.755998e+01
9.999975e-01 3.400363e-04 2.190056e-03 -3.547759e+00 -3.420617e-04 9.999995e-01 9.244796e-04 7.796860e-01 -2.189741e-03 -9.252271e-04 9.999972e-01 -4.897752e+01
9.999873e-01 -6.560212e-04 -4.995089e-03 -3.394542e+00 6.572215e-04 9.999998e-01 2.386487e-04 7.940616e-01 4.994931e-03 -2.419279e-04 9.999875e-01 -5.018161e+01
9.999984e-01 4.115040e-04 1.758166e-03 -3.334220e+00 -4.128078e-04 9.999996e-01 7.412635e-04 8.075120e-01 -1.757861e-03 -7.419888e-04 9.999982e-01 -5.123831e+01
9.999971e-01 -7.860889e-04 -2.269572e-03 -3.441103e+00 7.867900e-04 9.999996e-01 3.080048e-04 8.271894e-01 2.269329e-03 -3.097889e-04 9.999974e-01 -5.247414e+01
9.999926e-01 2.350979e-04 3.849974e-03 -3.623464e+00 -2.379377e-04 9.999997e-01 7.371517e-04 8.530882e-01 -3.849800e-03 -7.380629e-04 9.999923e-01 -5.394604e+01
9.999995e-01 -8.439711e-04 -4.600992e-04 -3.879587e+00 8.441265e-04 9.999996e-01 3.376582e-04 8.831372e-01 4.598144e-04 -3.380457e-04 9.999998e-01 -5.555063e+01
9.999989e-01 2.896957e-04 1.431164e-03 -4.082988e+00 -2.907283e-04 9.999997e-01 7.212415e-04 9.079900e-01 -1.430955e-03 -7.216575e-04 9.999987e-01 -5.690395e+01
9.999962e-01 -7.482155e-04 -2.657818e-03 -4.123161e+00 7.491451e-04 9.999997e-01 3.487533e-04 9.261757e-01 2.657557e-03 -3.507424e-04 9.999964e-01 -5.807967e+01
9.999850e-01 9.961409e-05 5.485183e-03 -4.349420e+00 -1.036378e-04 9.999997e-01 7.332581e-04 9.549604e-01 -5.485109e-03 -7.338162e-04 9.999847e-01 -5.965424e+01
9.999951e-01 -7.327662e-04 -3.052266e-03 -4.591694e+00 7.338828e-04 9.999997e-01 3.646777e-04 9.824007e-01 3.051998e-03 -3.669152e-04 9.999953e-01 -6.112399e+01
9.999952e-01 3.044593e-04 3.077995e-03 -4.730561e+00 -3.064333e-04 9.999997e-01 6.408551e-04 1.003233e+00 -3.077800e-03 -6.417959e-04 9.999951e-01 -6.239991e+01
9.999993e-01 -7.280204e-04 -9.212324e-04 -5.003741e+00 7.283635e-04 9.999997e-01 3.720962e-04 1.027148e+00 9.209615e-04 -3.727663e-04 9.999995e-01 -6.368899e+01
9.999793e-01 9.509896e-05 6.428238e-03 -5.573143e+00 -9.870063e-05 9.999998e-01 5.599612e-04 1.063758e+00 -6.428184e-03 -5.605848e-04 9.999792e-01 -6.508953e+01
9.999954e-01 -6.468850e-04 -2.979420e-03 -5.982815e+00 6.482483e-04 9.999997e-01 4.566190e-04 1.092482e+00 2.979124e-03 -4.585476e-04 9.999955e-01 -6.639539e+01
9.999810e-01 2.233683e-04 6.167233e-03 -6.295967e+00 -2.268589e-04 9.999998e-01 5.652835e-04 1.120130e+00 -6.167106e-03 -5.666725e-04 9.999808e-01 -6.785612e+01
9.999979e-01 -9.221322e-04 -1.818390e-03 -6.557570e+00 9.232619e-04 9.999994e-01 6.205015e-04 1.152499e+00 1.817817e-03 -6.221784e-04 9.999982e-01 -6.958574e+01
9.999877e-01 3.854324e-04 4.952684e-03 -6.920715e+00 -3.875192e-04 9.999998e-01 4.203656e-04 1.180802e+00 -4.952522e-03 -4.222804e-04 9.999876e-01 -7.094863e+01
9.999935e-01 -8.363335e-04 -3.511574e-03 -7.161871e+00 8.384365e-04 9.999995e-01 5.974269e-04 1.205089e+00 3.511073e-03 -6.003666e-04 9.999937e-01 -7.224581e+01
9.999908e-01 3.218792e-04 4.276667e-03 -7.353349e+00 -3.238916e-04 9.999998e-01 4.698408e-04 1.228058e+00 -4.276516e-03 -4.712223e-04 9.999907e-01 -7.350860e+01
9.999945e-01 -7.029975e-04 -3.244287e-03 -7.576315e+00 7.046942e-04 9.999996e-01 5.218435e-04 1.252124e+00 3.243919e-03 -5.241261e-04 9.999946e-01 -7.478822e+01
9.999926e-01 1.369659e-04 3.839663e-03 -7.669860e+00 -1.394329e-04 9.999998e-01 6.422199e-04 1.274958e+00 -3.839574e-03 -6.427513e-04 9.999924e-01 -7.616070e+01
9.999754e-01 -2.545630e-04 -7.012662e-03 -7.669489e+00 2.564670e-04 9.999999e-01 2.706042e-04 1.292772e+00 7.012593e-03 -2.723953e-04 9.999754e-01 -7.693974e+01
9.999546e-01 -2.990834e-04 9.527023e-03 -7.894094e+00 2.916177e-04 9.999996e-01 7.850057e-04 1.322376e+00 -9.527254e-03 -7.821925e-04 9.999543e-01 -7.851395e+01
9.999713e-01 -2.547941e-04 -7.567168e-03 -8.087261e+00 2.574231e-04 9.999999e-01 3.464411e-04 1.349529e+00 7.567079e-03 -3.483785e-04 9.999713e-01 -8.002304e+01
9.999624e-01 -2.885893e-04 8.663404e-03 -8.262901e+00 2.824480e-04 9.999997e-01 7.100814e-04 1.374920e+00 -8.663607e-03 -7.076085e-04 9.999622e-01 -8.135765e+01
9.999673e-01 -5.278638e-05 -8.083847e-03 -8.535939e+00 5.428361e-05 1.000000e+00 1.849845e-04 1.401406e+00 8.083838e-03 -1.854166e-04 9.999673e-01 -8.252255e+01
9.999705e-01 -4.417208e-04 7.666573e-03 -8.611925e+00 4.342828e-04 9.999994e-01 9.718119e-04 1.422774e+00 -7.666998e-03 -9.684544e-04 9.999701e-01 -8.380014e+01
9.999842e-01 -1.666419e-04 -5.619149e-03 -8.770638e+00 1.671859e-04 1.000000e+00 9.631706e-05 1.448875e+00 5.619134e-03 -9.725428e-05 9.999842e-01 -8.530491e+01
9.999697e-01 -5.885239e-04 7.757115e-03 -8.913878e+00 5.817737e-04 9.999995e-01 8.724191e-04 1.481551e+00 -7.757625e-03 -8.678805e-04 9.999695e-01 -8.710502e+01
9.998599e-01 8.603246e-04 -1.671505e-02 -8.408448e+00 -8.446705e-04 9.999992e-01 9.435620e-04 1.480529e+00 1.671585e-02 -9.293104e-04 9.998598e-01 -8.803125e+01
9.999582e-01 -4.123864e-04 9.137974e-03 -8.241829e+00 4.110345e-04 9.999999e-01 1.498165e-04 1.488069e+00 -9.138035e-03 -1.460549e-04 9.999582e-01 -8.864474e+01
9.999626e-01 3.932105e-05 -8.649877e-03 -8.689827e+00 -3.972545e-05 1.000000e+00 -4.658851e-05 1.522233e+00 8.649875e-03 4.693109e-05 9.999626e-01 -8.915541e+01
9.999618e-01 -3.784976e-04 8.731980e-03 -8.940064e+00 3.703738e-04 9.999995e-01 9.319400e-04 1.549382e+00 -8.732329e-03 -9.286710e-04 9.999614e-01 -9.033303e+01
9.999852e-01 -3.119574e-04 -5.426666e-03 -9.314113e+00 3.121277e-04 1.000000e+00 3.051358e-05 1.582996e+00 5.426657e-03 -3.220624e-05 9.999853e-01 -9.181460e+01
9.999768e-01 6.922359e-05 6.811238e-03 -9.760533e+00 -7.209160e-05 9.999999e-01 4.208143e-04 1.617596e+00 -6.811209e-03 -4.212963e-04 9.999767e-01 -9.272838e+01
9.999891e-01 -6.158778e-04 -4.630159e-03 -9.962349e+00 6.192561e-04 9.999995e-01 7.282272e-04 1.645160e+00 4.629709e-03 -7.310858e-04 9.999890e-01 -9.422479e+01
9.999541e-01 -1.477727e-05 9.583741e-03 -1.043442e+01 1.216007e-05 1.000000e+00 2.731384e-04 1.679706e+00 -9.583745e-03 -2.730100e-04 9.999540e-01 -9.568794e+01
9.999823e-01 -6.615242e-04 -5.905676e-03 -1.077890e+01 6.659531e-04 9.999995e-01 7.479951e-04 1.713337e+00 5.905178e-03 -7.519141e-04 9.999823e-01 -9.730051e+01
9.999726e-01 2.261875e-04 7.398513e-03 -1.098023e+01 -2.282145e-04 9.999999e-01 2.731242e-04 1.739776e+00 -7.398451e-03 -2.748059e-04 9.999726e-01 -9.872090e+01
9.999972e-01 -9.633638e-04 -2.165417e-03 -1.133737e+01 9.649537e-04 9.999993e-01 7.332643e-04 1.777120e+00 2.164709e-03 -7.353511e-04 9.999974e-01 -1.005664e+02
9.999735e-01 1.742501e-04 7.284075e-03 -1.165445e+01 -1.762483e-04 9.999999e-01 2.736657e-04 1.814766e+00 -7.284027e-03 -2.749429e-04 9.999734e-01 -1.024686e+02
9.999901e-01 -8.690470e-04 -4.364059e-03 -1.185741e+01 8.723326e-04 9.999993e-01 7.510196e-04 1.847446e+00 4.363403e-03 -7.548184e-04 9.999902e-01 -1.042113e+02
9.999933e-01 3.614779e-04 3.655656e-03 -1.203702e+01 -3.618843e-04 9.999999e-01 1.104841e-04 1.870619e+00 -3.655617e-03 -1.118070e-04 9.999933e-01 -1.053171e+02
9.999650e-01 -6.073617e-04 -8.339181e-03 -1.208962e+01 6.125722e-04 9.999996e-01 6.222784e-04 1.887046e+00 8.338800e-03 -6.273643e-04 9.999650e-01 -1.060987e+02
9.999637e-01 1.972848e-04 8.513314e-03 -1.231776e+01 -1.995869e-04 9.999999e-01 2.695584e-04 1.910426e+00 -8.513260e-03 -2.712484e-04 9.999637e-01 -1.071947e+02
9.999908e-01 -7.849332e-04 -4.220199e-03 -1.282452e+01 7.872857e-04 9.999995e-01 5.557706e-04 1.944639e+00 4.219761e-03 -5.590873e-04 9.999909e-01 -1.084521e+02
9.999600e-01 8.573163e-05 8.946055e-03 -1.339148e+01 -8.846620e-05 9.999999e-01 3.052702e-04 1.981538e+00 -8.946029e-03 -3.060501e-04 9.999599e-01 -1.097533e+02
9.999397e-01 -4.500682e-04 -1.096868e-02 -1.352806e+01 4.568172e-04 9.999997e-01 6.127983e-04 1.998817e+00 1.096840e-02 -6.177714e-04 9.999397e-01 -1.106824e+02
9.999810e-01 4.346094e-04 6.153092e-03 -1.367491e+01 -4.319180e-04 9.999998e-01 -4.387343e-04 2.012102e+00 -6.153282e-03 4.360676e-04 9.999810e-01 -1.107657e+02
9.999606e-01 -8.126445e-04 -8.840227e-03 -1.400507e+01 8.122812e-04 9.999997e-01 -4.469083e-05 2.048054e+00 8.840260e-03 3.750902e-05 9.999609e-01 -1.107336e+02
9.998938e-01 -4.267941e-04 1.457007e-02 -1.505526e+01 4.561293e-04 9.999979e-01 -2.010131e-03 2.129567e+00 -1.456918e-02 2.016563e-03 9.998918e-01 -1.096779e+02
9.999712e-01 -8.697882e-04 -7.545361e-03 -1.608221e+01 8.712765e-04 9.999996e-01 1.939542e-04 2.207852e+00 7.545189e-03 -2.005220e-04 9.999715e-01 -1.083265e+02
9.999063e-01 -3.524229e-04 1.368723e-02 -1.688006e+01 3.699324e-04 9.999991e-01 -1.276749e-03 2.275908e+00 -1.368677e-02 1.281692e-03 9.999055e-01 -1.070769e+02
9.998717e-01 -5.168553e-04 -1.601122e-02 -1.721595e+01 5.264315e-04 9.999997e-01 5.938827e-04 2.321420e+00 1.601091e-02 -6.022346e-04 9.998716e-01 -1.061369e+02
9.997830e-01 -5.657773e-04 2.082610e-02 -1.814986e+01 6.029003e-04 9.999982e-01 -1.776293e-03 2.385874e+00 -2.082505e-02 1.788463e-03 9.997815e-01 -1.053410e+02
9.998956e-01 -3.514472e-04 -1.444188e-02 -1.912389e+01 3.666611e-04 9.999994e-01 1.050819e-03 2.445072e+00 1.444150e-02 -1.056004e-03 9.998952e-01 -1.052557e+02
9.999155e-01 5.864489e-05 1.300168e-02 -1.935166e+01 -5.529557e-05 1.000000e+00 -2.579711e-04 2.465186e+00 -1.300169e-02 2.572297e-04 9.999154e-01 -1.059829e+02
9.999163e-01 -7.428664e-04 -1.291454e-02 -1.991421e+01 7.412809e-04 9.999997e-01 -1.275582e-04 2.502453e+00 1.291463e-02 1.179750e-04 9.999166e-01 -1.057277e+02
9.999548e-01 6.251031e-04 9.482600e-03 -2.011665e+01 -6.317309e-04 9.999996e-01 6.959569e-04 2.516464e+00 -9.482162e-03 -7.019167e-04 9.999548e-01 -1.058949e+02
9.999440e-01 -7.317308e-04 -1.055993e-02 -2.030530e+01 7.343955e-04 9.999997e-01 2.484601e-04 2.531355e+00 1.055974e-02 -2.562007e-04 9.999442e-01 -1.067410e+02
9.999462e-01 3.378747e-04 1.036490e-02 -2.046690e+01 -3.462652e-04 9.999996e-01 8.077245e-04 2.552590e+00 -1.036462e-02 -8.112707e-04 9.999460e-01 -1.079247e+02
9.999046e-01 -6.879454e-04 -1.379250e-02 -2.048191e+01 6.908540e-04 9.999997e-01 2.061097e-04 2.565145e+00 1.379235e-02 -2.156180e-04 9.999049e-01 -1.088078e+02
9.999576e-01 3.930778e-04 9.205443e-03 -2.065314e+01 -3.921697e-04 9.999999e-01 -1.004570e-04 2.579626e+00 -9.205482e-03 9.684196e-05 9.999576e-01 -1.085324e+02
9.997981e-01 -1.090022e-04 -2.009256e-02 -2.045025e+01 1.243401e-04 9.999997e-01 7.621133e-04 2.564123e+00 2.009247e-02 -7.644571e-04 9.997978e-01 -1.082392e+02
9.998814e-01 -3.278336e-05 1.539864e-02 -2.064564e+01 4.942750e-05 9.999994e-01 -1.080509e-03 2.581342e+00 -1.539860e-02 1.081142e-03 9.998809e-01 -1.076119e+02
9.998452e-01 -5.943751e-04 -1.758561e-02 -2.096179e+01 6.078890e-04 9.999995e-01 7.631275e-04 2.617205e+00 1.758515e-02 -7.736988e-04 9.998451e-01 -1.068297e+02
9.999422e-01 4.798794e-04 1.074443e-02 -2.108991e+01 -4.668947e-04 9.999992e-01 -1.210993e-03 2.640316e+00 -1.074500e-02 1.205906e-03 9.999415e-01 -1.062490e+02
9.999295e-01 -1.167843e-03 -1.181357e-02 -2.149333e+01 1.180167e-03 9.999988e-01 1.036277e-03 2.684774e+00 1.181234e-02 -1.050145e-03 9.999297e-01 -1.057160e+02
9.999813e-01 8.284292e-04 6.053148e-03 -2.168029e+01 -8.208741e-04 9.999989e-01 -1.250524e-03 2.707247e+00 -6.054177e-03 1.245531e-03 9.999809e-01 -1.052852e+02
9.999648e-01 -1.271817e-03 -8.289427e-03 -2.196644e+01 1.278211e-03 9.999989e-01 7.660631e-04 2.734649e+00 8.288444e-03 -7.766311e-04 9.999653e-01 -1.043440e+02
9.999850e-01 8.554898e-04 5.401377e-03 -2.240146e+01 -8.483999e-04 9.999988e-01 -1.314779e-03 2.767103e+00 -5.402495e-03 1.310176e-03 9.999845e-01 -1.037216e+02
9.998612e-01 -5.148987e-04 -1.665282e-02 -2.219612e+01 5.452456e-04 9.999982e-01 1.817836e-03 2.766045e+00 1.665185e-02 -1.826663e-03 9.998597e-01 -1.034290e+02
9.999899e-01 7.353280e-04 4.444017e-03 -2.187748e+01 -7.313868e-04 9.999993e-01 -8.884272e-04 2.756558e+00 -4.444668e-03 8.851672e-04 9.999897e-01 -1.035286e+02
9.998407e-01 -4.370420e-04 -1.784435e-02 -2.153906e+01 4.700632e-04 9.999982e-01 1.846359e-03 2.746793e+00 1.784352e-02 -1.854452e-03 9.998391e-01 -1.036100e+02
9.999876e-01 8.577854e-04 4.900821e-03 -2.129795e+01 -8.526055e-04 9.999991e-01 -1.058948e-03 2.732881e+00 -4.901725e-03 1.054756e-03 9.999874e-01 -1.034655e+02
9.998546e-01 -5.210694e-04 -1.704243e-02 -2.100844e+01 5.551303e-04 9.999979e-01 1.993918e-03 2.717931e+00 1.704136e-02 -2.003088e-03 9.998528e-01 -1.033670e+02
9.999824e-01 6.843740e-04 5.896572e-03 -2.078481e+01 -6.779761e-04 9.999992e-01 -1.086962e-03 2.704068e+00 -5.897312e-03 1.082944e-03 9.999820e-01 -1.031982e+02
9.999345e-01 -5.505396e-04 -1.142815e-02 -2.079118e+01 5.719936e-04 9.999981e-01 1.874102e-03 2.700943e+00 1.142710e-02 -1.880515e-03 9.999329e-01 -1.032804e+02
9.999680e-01 2.276562e-04 7.998162e-03 -2.104325e+01 -2.137066e-04 9.999985e-01 -1.744929e-03 2.717725e+00 -7.998547e-03 1.743163e-03 9.999665e-01 -1.030674e+02
9.999013e-01 -6.428135e-05 -1.404956e-02 -2.110102e+01 9.656547e-05 9.999974e-01 2.297201e-03 2.711320e+00 1.404938e-02 -2.298330e-03 9.998987e-01 -1.028413e+02
9.999753e-01 1.893732e-04 7.024065e-03 -2.109698e+01 -1.763935e-04 9.999983e-01 -1.848478e-03 2.702430e+00 -7.024403e-03 1.847193e-03 9.999736e-01 -1.025223e+02
9.999478e-01 -4.904262e-04 -1.020955e-02 -2.140652e+01 5.092930e-04 9.999982e-01 1.845429e-03 2.714182e+00 1.020863e-02 -1.850532e-03 9.999462e-01 -1.019003e+02
9.999625e-01 1.389079e-04 8.659268e-03 -2.180063e+01 -1.217176e-04 9.999980e-01 -1.985699e-03 2.735261e+00 -8.659527e-03 1.984570e-03 9.999605e-01 -1.015795e+02
9.999255e-01 -3.097037e-04 -1.220646e-02 -2.206104e+01 3.376649e-04 9.999973e-01 2.288681e-03 2.746112e+00 1.220572e-02 -2.292631e-03 9.999229e-01 -1.013949e+02
9.999809e-01 5.366994e-04 6.149790e-03 -2.218820e+01 -5.249756e-04 9.999980e-01 -1.907856e-03 2.740765e+00 -6.150803e-03 1.904590e-03 9.999793e-01 -1.010094e+02
9.999576e-01 -5.024479e-04 -9.195201e-03 -2.255627e+01 5.241424e-04 9.999971e-01 2.357051e-03 2.753114e+00 9.193990e-03 -2.361770e-03 9.999549e-01 -1.010384e+02
9.999660e-01 1.990815e-04 8.247717e-03 -2.286726e+01 -1.862424e-04 9.999988e-01 -1.557431e-03 2.772034e+00 -8.248017e-03 1.555841e-03 9.999648e-01 -1.017238e+02
9.999344e-01 -4.124685e-04 -1.144617e-02 -2.297285e+01 4.414308e-04 9.999967e-01 2.527878e-03 2.784856e+00 1.144509e-02 -2.532764e-03 9.999313e-01 -1.024949e+02
9.999865e-01 5.122140e-04 5.173447e-03 -2.309554e+01 -5.020704e-04 9.999979e-01 -1.961823e-03 2.785043e+00 -5.174441e-03 1.959199e-03 9.999847e-01 -1.025020e+02
9.999411e-01 -2.582859e-04 -1.084630e-02 -2.322109e+01 2.826496e-04 9.999974e-01 2.244788e-03 2.782238e+00 1.084569e-02 -2.247721e-03 9.999387e-01 -1.022089e+02
9.999947e-01 4.528270e-04 3.234127e-03 -2.322676e+01 -4.480536e-04 9.999988e-01 -1.476566e-03 2.776564e+00 -3.234792e-03 1.475109e-03 9.999937e-01 -1.021612e+02
9.999546e-01 -3.007070e-04 -9.521315e-03 -2.325126e+01 3.233800e-04 9.999971e-01 2.379825e-03 2.774882e+00 9.520572e-03 -2.382795e-03 9.999518e-01 -1.023416e+02
9.999999e-01 4.484998e-04 -3.541222e-05 -2.299397e+01 -4.485467e-04 9.999990e-01 -1.331583e-03 2.765146e+00 3.481463e-05 1.331598e-03 9.999991e-01 -1.024952e+02
9.999268e-01 -3.012146e-04 -1.209499e-02 -2.268913e+01 3.272418e-04 9.999976e-01 2.149968e-03 2.758842e+00 1.209432e-02 -2.153767e-03 9.999245e-01 -1.024966e+02
9.999998e-01 4.639915e-04 3.700035e-04 -2.240304e+01 -4.635132e-04 9.999991e-01 -1.292228e-03 2.756872e+00 -3.706031e-04 1.292055e-03 9.999991e-01 -1.025911e+02
9.999743e-01 -9.523719e-04 -7.111461e-03 -2.231999e+01 9.652852e-04 9.999979e-01 1.812623e-03 2.777198e+00 7.109720e-03 -1.819440e-03 9.999731e-01 -1.025872e+02
9.999966e-01 5.889483e-04 2.538650e-03 -2.222923e+01 -5.867512e-04 9.999995e-01 -8.661634e-04 2.790790e+00 -2.539160e-03 8.646703e-04 9.999964e-01 -1.034984e+02
9.999716e-01 -9.711785e-04 -7.472927e-03 -2.210820e+01 9.849356e-04 9.999978e-01 1.837455e-03 2.801295e+00 7.471126e-03 -1.844762e-03 9.999704e-01 -1.043909e+02
9.999955e-01 8.294183e-04 -2.884025e-03 -2.174124e+01 -8.315291e-04 9.999994e-01 -7.307362e-04 2.798365e+00 2.883417e-03 7.331304e-04 9.999956e-01 -1.046581e+02
9.999985e-01 -1.733890e-03 6.108851e-05 -2.214469e+01 1.733895e-03 9.999985e-01 -7.229483e-05 2.841185e+00 -6.096272e-05 7.240133e-05 1.000000e+00 -1.039943e+02
9.999982e-01 8.576827e-04 1.689029e-03 -2.262120e+01 -8.575256e-04 9.999996e-01 -9.384023e-05 2.889698e+00 -1.689109e-03 9.239099e-05 9.999986e-01 -1.039223e+02
9.999811e-01 -1.224272e-03 -6.017891e-03 -2.268173e+01 1.227940e-03 9.999991e-01 6.057812e-04 2.909108e+00 6.017144e-03 -6.131587e-04 9.999817e-01 -1.043597e+02
9.999994e-01 1.023394e-03 -2.868519e-04 -2.262818e+01 -1.023360e-03 9.999995e-01 1.200706e-04 2.922820e+00 2.869743e-04 -1.197777e-04 1.000000e+00 -1.049165e+02
9.999959e-01 -1.368760e-03 -2.526419e-03 -2.288545e+01 1.369116e-03 9.999991e-01 1.389791e-04 2.946174e+00 2.526227e-03 -1.424368e-04 9.999968e-01 -1.052786e+02
9.999993e-01 9.951886e-04 -6.879997e-04 -2.307774e+01 -9.951178e-04 9.999995e-01 1.034530e-04 2.969142e+00 6.881020e-04 -1.027690e-04 9.999998e-01 -1.053649e+02
9.999943e-01 -1.561618e-03 -2.981256e-03 -2.305539e+01 1.562936e-03 9.999987e-01 4.396610e-04 2.986420e+00 2.980566e-03 -4.443173e-04 9.999955e-01 -1.048693e+02
9.999972e-01 1.528195e-03 -1.797715e-03 -2.300933e+01 -1.528574e-03 9.999988e-01 -2.092130e-04 2.994978e+00 1.797393e-03 2.119597e-04 9.999984e-01 -1.046402e+02
9.999722e-01 -1.844856e-03 -7.231475e-03 -2.278826e+01 1.851518e-03 9.999979e-01 9.146785e-04 3.005039e+00 7.229772e-03 -9.280416e-04 9.999734e-01 -1.046215e+02
9.999973e-01 1.722551e-03 -1.570637e-03 -2.263125e+01 -1.722927e-03 9.999985e-01 -2.380585e-04 3.014671e+00 1.570225e-03 2.407632e-04 9.999987e-01 -1.048504e+02
9.999952e-01 -1.917134e-03 -2.428443e-03 -2.262818e+01 1.919828e-03 9.999975e-01 1.107272e-03 3.030685e+00 2.426314e-03 -1.111928e-03 9.999964e-01 -1.057823e+02
9.999988e-01 1.493290e-03 -2.728311e-04 -2.259973e+01 -1.493325e-03 9.999989e-01 -1.260910e-04 3.047204e+00 2.726421e-04 1.264976e-04 1.000000e+00 -1.069305e+02
9.999957e-01 -1.788892e-03 -2.313793e-03 -2.252650e+01 1.791384e-03 9.999978e-01 1.075644e-03 3.062225e+00 2.311864e-03 -1.079784e-03 9.999967e-01 -1.080754e+02
9.999989e-01 1.373719e-03 5.573854e-04 -2.247851e+01 -1.373661e-03 9.999991e-01 -1.038605e-04 3.080709e+00 -5.575279e-04 1.030941e-04 9.999998e-01 -1.093526e+02
9.999752e-01 -2.075253e-03 6.731994e-03 -2.353878e+01 2.075775e-03 9.999978e-01 -7.051587e-05 3.130997e+00 -6.731833e-03 8.448891e-05 9.999773e-01 -1.099966e+02
9.999756e-01 8.478548e-04 6.932751e-03 -2.508911e+01 -8.427555e-04 9.999994e-01 -7.384529e-04 3.210077e+00 -6.933373e-03 7.325916e-04 9.999757e-01 -1.104767e+02
9.999961e-01 -1.439385e-03 -2.398231e-03 -2.590713e+01 1.440472e-03 9.999989e-01 4.518422e-04 3.253845e+00 2.397578e-03 -4.552943e-04 9.999970e-01 -1.108095e+02
9.999966e-01 1.536814e-03 2.124701e-03 -2.626980e+01 -1.535587e-03 9.999987e-01 -5.791333e-04 3.276767e+00 -2.125589e-03 5.758679e-04 9.999976e-01 -1.106019e+02
9.999602e-01 -1.212784e-03 -8.836497e-03 -2.604380e+01 1.228990e-03 9.999976e-01 1.828823e-03 3.278135e+00 8.834258e-03 -1.839610e-03 9.999593e-01 -1.111921e+02
9.999976e-01 1.312580e-03 1.734753e-03 -2.591629e+01 -1.311374e-03 9.999989e-01 -6.963387e-04 3.277235e+00 -1.735666e-03 6.940615e-04 9.999983e-01 -1.115032e+02
9.999895e-01 -1.458412e-03 -4.337069e-03 -2.596095e+01 1.465949e-03 9.999974e-01 1.735257e-03 3.289736e+00 4.334527e-03 -1.741596e-03 9.999891e-01 -1.124195e+02
9.999960e-01 1.074433e-03 2.617918e-03 -2.602673e+01 -1.072842e-03 9.999992e-01 -6.092137e-04 3.306428e+00 -2.618571e-03 6.064020e-04 9.999964e-01 -1.135222e+02
9.999856e-01 -1.211411e-03 -5.222185e-03 -2.606997e+01 1.220221e-03 9.999978e-01 1.684107e-03 3.320596e+00 5.220134e-03 -1.690455e-03 9.999849e-01 -1.145158e+02
9.999877e-01 8.861765e-04 4.882493e-03 -2.623518e+01 -8.835109e-04 9.999995e-01 -5.481148e-04 3.341668e+00 -4.882977e-03 5.437936e-04 9.999879e-01 -1.157134e+02
9.999299e-01 -7.294809e-04 -1.181592e-02 -2.609162e+01 7.483703e-04 9.999984e-01 1.594284e-03 3.348505e+00 1.181473e-02 -1.603014e-03 9.999289e-01 -1.164215e+02
9.999775e-01 5.897667e-04 6.677310e-03 -2.605883e+01 -5.853695e-04 9.999996e-01 -6.604844e-04 3.356232e+00 -6.677697e-03 6.565601e-04 9.999775e-01 -1.171175e+02
9.998861e-01 -5.763024e-04 -1.507971e-02 -2.593719e+01 5.998685e-04 9.999986e-01 1.558277e-03 3.354699e+00 1.507879e-02 -1.567145e-03 9.998851e-01 -1.173798e+02
9.999857e-01 8.784336e-04 5.267710e-03 -2.582168e+01 -8.740410e-04 9.999993e-01 -8.361513e-04 3.343258e+00 -5.268441e-03 8.315345e-04 9.999858e-01 -1.171344e+02
9.998844e-01 -5.327000e-04 -1.519423e-02 -2.566363e+01 5.592196e-04 9.999983e-01 1.741169e-03 3.333385e+00 1.519328e-02 -1.749464e-03 9.998830e-01 -1.170552e+02
9.999566e-01 5.788760e-04 9.299444e-03 -2.554183e+01 -5.718641e-04 9.999996e-01 -7.566674e-04 3.339917e+00 -9.299878e-03 7.513159e-04 9.999565e-01 -1.177748e+02
9.998728e-01 -6.723714e-04 -1.593524e-02 -2.542983e+01 6.996347e-04 9.999983e-01 1.705353e-03 3.343739e+00 1.593407e-02 -1.716284e-03 9.998716e-01 -1.183271e+02
9.999785e-01 8.751160e-04 6.498641e-03 -2.532908e+01 -8.687639e-04 9.999991e-01 -9.802273e-04 3.333687e+00 -6.499494e-03 9.745598e-04 9.999784e-01 -1.181015e+02
9.998916e-01 -6.606314e-04 -1.470916e-02 -2.525640e+01 6.883960e-04 9.999980e-01 1.882572e-03 3.328847e+00 1.470789e-02 -1.892493e-03 9.998900e-01 -1.181556e+02
9.999562e-01 6.425049e-04 9.340597e-03 -2.517423e+01 -6.341089e-04 9.999994e-01 -9.018265e-04 3.334500e+00 -9.341171e-03 8.958634e-04 9.999560e-01 -1.188105e+02
9.998410e-01 -4.812913e-04 -1.782480e-02 -2.502988e+01 5.119394e-04 9.999984e-01 1.714875e-03 3.327195e+00 1.782395e-02 -1.723726e-03 9.998397e-01 -1.188522e+02
9.999691e-01 9.107224e-04 7.802339e-03 -2.491538e+01 -9.050457e-04 9.999993e-01 -7.310882e-04 3.315178e+00 -7.803000e-03 7.240035e-04 9.999693e-01 -1.186396e+02
9.998933e-01 -7.776399e-04 -1.458576e-02 -2.501461e+01 7.959167e-04 9.999989e-01 1.247281e-03 3.316864e+00 1.458477e-02 -1.258756e-03 9.998928e-01 -1.185485e+02
9.999814e-01 9.988804e-04 6.018741e-03 -2.504893e+01 -9.948131e-04 9.999993e-01 -6.787535e-04 3.317219e+00 -6.019415e-03 6.727527e-04 9.999817e-01 -1.184735e+02
9.998541e-01 -5.614281e-04 -1.707013e-02 -2.487944e+01 5.899719e-04 9.999984e-01 1.667149e-03 3.306999e+00 1.706916e-02 -1.676976e-03 9.998529e-01 -1.183494e+02
9.999878e-01 1.098113e-03 4.805762e-03 -2.459904e+01 -1.096120e-03 9.999993e-01 -4.172490e-04 3.292977e+00 -4.806217e-03 4.119756e-04 9.999884e-01 -1.182814e+02
9.998361e-01 -3.552969e-04 -1.810146e-02 -2.429433e+01 3.826835e-04 9.999988e-01 1.509499e-03 3.278420e+00 1.810090e-02 -1.516178e-03 9.998350e-01 -1.181664e+02
9.999685e-01 9.997072e-04 7.873229e-03 -2.407511e+01 -9.979526e-04 9.999995e-01 -2.268088e-04 3.260428e+00 -7.873452e-03 2.189439e-04 9.999690e-01 -1.178335e+02
9.999075e-01 -6.878651e-04 -1.358637e-02 -2.392352e+01 7.103147e-04 9.999984e-01 1.647587e-03 3.240908e+00 1.358522e-02 -1.657084e-03 9.999063e-01 -1.172116e+02
9.998427e-01 6.804161e-04 1.772449e-02 -2.432415e+01 -6.674074e-04 9.999995e-01 -7.398592e-04 3.253275e+00 -1.772499e-02 7.279127e-04 9.998426e-01 -1.171110e+02
9.998379e-01 -8.602832e-04 -1.798674e-02 -2.457368e+01 8.929003e-04 9.999980e-01 1.805431e-03 3.262092e+00 1.798515e-02 -1.821198e-03 9.998366e-01 -1.173156e+02
9.998978e-01 9.589297e-04 1.426500e-02 -2.460725e+01 -9.508397e-04 9.999994e-01 -5.739061e-04 3.270926e+00 -1.426554e-02 5.602830e-04 9.998981e-01 -1.180530e+02
9.996673e-01 -2.839051e-04 -2.578987e-02 -2.390004e+01 3.744650e-04 9.999938e-01 3.506684e-03 3.228961e+00 2.578872e-02 -3.515175e-03 9.996612e-01 -1.178029e+02
9.999157e-01 1.643885e-03 1.287761e-02 -2.347907e+01 -1.614558e-03 9.999961e-01 -2.287476e-03 3.206244e+00 -1.288132e-02 2.266491e-03 9.999145e-01 -1.175192e+02
9.998674e-01 -1.637194e-03 -1.620215e-02 -2.350113e+01 1.692650e-03 9.999928e-01 3.409627e-03 3.215105e+00 1.619645e-02 -3.436599e-03 9.998629e-01 -1.183083e+02
9.999663e-01 1.728222e-03 8.021413e-03 -2.342116e+01 -1.706531e-03 9.999949e-01 -2.710264e-03 3.209520e+00 -8.026056e-03 2.696483e-03 9.999642e-01 -1.183845e+02
9.998946e-01 -1.305377e-03 -1.445696e-02 -2.348337e+01 1.350551e-03 9.999942e-01 3.115372e-03 3.196811e+00 1.445281e-02 -3.134568e-03 9.998906e-01 -1.177792e+02
9.999690e-01 1.619152e-03 7.712018e-03 -2.353431e+01 -1.597477e-03 9.999948e-01 -2.815968e-03 3.185333e+00 -7.716538e-03 2.803560e-03 9.999663e-01 -1.171969e+02
9.998866e-01 -1.433110e-03 -1.499359e-02 -2.356016e+01 1.474158e-03 9.999952e-01 2.726982e-03 3.172624e+00 1.498961e-02 -2.748775e-03 9.998839e-01 -1.164061e+02
9.999760e-01 1.954280e-03 6.640333e-03 -2.341286e+01 -1.945080e-03 9.999971e-01 -1.391731e-03 3.171200e+00 -6.643034e-03 1.378781e-03 9.999770e-01 -1.166729e+02
9.998259e-01 -1.564700e-03 -1.859228e-02 -2.318942e+01 1.604695e-03 9.999964e-01 2.136432e-03 3.166216e+00 1.858887e-02 -2.165895e-03 9.998249e-01 -1.167184e+02
9.999625e-01 2.547171e-03 8.280797e-03 -2.295811e+01 -2.541625e-03 9.999965e-01 -6.802662e-04 3.144655e+00 -8.282501e-03 6.591934e-04 9.999655e-01 -1.162220e+02
9.998812e-01 -2.290924e-03 -1.524425e-02 -2.277673e+01 2.320841e-03 9.999954e-01 1.945083e-03 3.132557e+00 1.523972e-02 -1.980231e-03 9.998819e-01 -1.161270e+02
9.999911e-01 2.864095e-03 3.099247e-03 -2.248322e+01 -2.861453e-03 9.999955e-01 -8.566255e-04 3.121878e+00 -3.101687e-03 8.477489e-04 9.999948e-01 -1.161180e+02
9.998770e-01 -2.308177e-03 -1.551621e-02 -2.219064e+01 2.338018e-03 9.999955e-01 1.905339e-03 3.107098e+00 1.551175e-02 -1.941381e-03 9.998778e-01 -1.159799e+02
9.999926e-01 3.518253e-03 -1.559613e-03 -2.159695e+01 -3.518710e-03 9.999938e-01 -2.900658e-04 3.089275e+00 1.558582e-03 2.955509e-04 9.999987e-01 -1.160522e+02
9.999821e-01 -3.379815e-03 -4.929240e-03 -2.144446e+01 3.385751e-03 9.999936e-01 1.196166e-03 3.093958e+00 4.925166e-03 -1.212834e-03 9.999871e-01 -1.167219e+02
9.999677e-01 3.775257e-03 -7.096972e-03 -2.090508e+01 -3.772247e-03 9.999928e-01 4.375337e-04 3.088901e+00 7.098572e-03 -4.107487e-04 9.999747e-01 -1.172846e+02
9.999638e-01 -3.250273e-03 -7.866575e-03 -2.023196e+01 3.261637e-03 9.999937e-01 1.432263e-03 3.076814e+00 7.861870e-03 -1.457868e-03 9.999680e-01 -1.174786e+02
9.999907e-01 3.691551e-03 -2.214476e-03 -1.980438e+01 -3.691788e-03 9.999932e-01 -1.028652e-04 3.080554e+00 2.214081e-03 1.110390e-04 9.999975e-01 -1.182811e+02
9.999813e-01 -3.406472e-03 -5.084263e-03 -1.946538e+01 3.413651e-03 9.999932e-01 1.403983e-03 3.086872e+00 5.079446e-03 -1.421312e-03 9.999861e-01 -1.191966e+02
9.999850e-01 3.929780e-03 -3.823495e-03 -1.901188e+01 -3.929782e-03 9.999923e-01 7.047204e-06 3.090903e+00 3.823493e-03 7.977760e-06 9.999927e-01 -1.200755e+02
9.999827e-01 -3.583604e-03 -4.671482e-03 -1.859416e+01 3.590381e-03 9.999925e-01 1.442923e-03 3.097600e+00 4.666277e-03 -1.459669e-03 9.999880e-01 -1.210495e+02
9.999931e-01 3.685345e-03 -4.018621e-04 -1.836018e+01 -3.685524e-03 9.999931e-01 -4.438029e-04 3.107918e+00 4.002234e-04 4.452803e-04 9.999998e-01 -1.220798e+02
9.999928e-01 -3.777856e-03 -4.385408e-04 -1.834309e+01 3.778544e-03 9.999916e-01 1.577847e-03 3.124379e+00 4.325765e-04 -1.579492e-03 9.999987e-01 -1.233290e+02
9.999939e-01 3.421605e-03 -6.735640e-04 -1.831733e+01 -3.421879e-03 9.999941e-01 -4.066977e-04 3.144885e+00 6.721682e-04 4.089994e-04 9.999997e-01 -1.247103e+02
9.999929e-01 -3.699759e-03 -6.670416e-04 -1.833441e+01 3.700742e-03 9.999921e-01 1.478941e-03 3.163244e+00 6.615648e-04 -1.481398e-03 9.999987e-01 -1.259770e+02
9.999930e-01 3.652142e-03 -8.667109e-04 -1.827258e+01 -3.652056e-03 9.999933e-01 1.010152e-04 3.178033e+00 8.670738e-04 -9.784985e-05 9.999996e-01 -1.272095e+02
9.999906e-01 -3.581232e-03 2.460757e-03 -1.829401e+01 3.577130e-03 9.999922e-01 1.669138e-03 3.200475e+00 -2.466715e-03 -1.660320e-03 9.999956e-01 -1.288006e+02
9.999917e-01 2.925478e-03 -2.821589e-03 -1.836532e+01 -2.926233e-03 9.999957e-01 -2.633060e-04 3.225420e+00 2.820807e-03 2.715598e-04 9.999960e-01 -1.302912e+02
9.999954e-01 -2.923086e-03 8.425237e-04 -1.824669e+01 2.921622e-03 9.999942e-01 1.733937e-03 3.238385e+00 -8.475870e-04 -1.731466e-03 9.999981e-01 -1.314724e+02
9.999972e-01 2.343430e-03 -2.967560e-04 -1.832721e+01 -2.343518e-03 9.999972e-01 -2.944182e-04 3.260825e+00 2.960650e-04 2.951122e-04 9.999999e-01 -1.329009e+02
9.999915e-01 -2.671608e-03 -3.143834e-03 -1.822814e+01 2.676043e-03 9.999954e-01 1.407076e-03 3.274530e+00 3.140061e-03 -1.415476e-03 9.999941e-01 -1.339954e+02
9.999554e-01 3.080362e-03 -8.930794e-03 -1.768603e+01 -3.076981e-03 9.999952e-01 3.923468e-04 3.270094e+00 8.931960e-03 -3.648500e-04 9.999600e-01 -1.345824e+02
9.999435e-01 -3.182010e-03 1.014145e-02 -1.782320e+01 3.173097e-03 9.999946e-01 8.948512e-04 3.292906e+00 -1.014425e-02 -8.626202e-04 9.999482e-01 -1.360274e+02
9.999048e-01 2.708581e-03 -1.352834e-02 -1.782331e+01 -2.703872e-03 9.999963e-01 3.663235e-04 3.307907e+00 1.352928e-02 -3.297103e-04 9.999084e-01 -1.370392e+02
9.999830e-01 -2.660344e-03 5.187962e-03 -1.767077e+01 2.657401e-03 9.999963e-01 5.742529e-04 3.310771e+00 -5.189470e-03 -5.604560e-04 9.999864e-01 -1.375495e+02
9.999131e-01 2.695744e-03 -1.290551e-02 -1.752083e+01 -2.691182e-03 9.999963e-01 3.708371e-04 3.315746e+00 1.290646e-02 -3.360744e-04 9.999167e-01 -1.381665e+02
9.999692e-01 -2.796230e-03 7.328395e-03 -1.743037e+01 2.792318e-03 9.999960e-01 5.439234e-04 3.323466e+00 -7.329886e-03 -5.234428e-04 9.999730e-01 -1.389047e+02
9.999331e-01 2.594291e-03 -1.127378e-02 -1.740733e+01 -2.589641e-03 9.999966e-01 4.270048e-04 3.333834e+00 1.127485e-02 -3.977819e-04 9.999364e-01 -1.397538e+02
9.999722e-01 -2.741103e-03 6.931648e-03 -1.731618e+01 2.737775e-03 9.999961e-01 4.896855e-04 3.344191e+00 -6.932963e-03 -4.706940e-04 9.999759e-01 -1.406578e+02
