1.000000e+00 1.197625e-11 1.704638e-10 5.551115e-17 1.197625e-11 1.000000e+00 3.562503e-10 0.000000e+00 1.704638e-10 3.562503e-10 1.000000e+00 2.220446e-16 0.000000e+00 0.000000e+00 0.000000e+00 1.000000e+00
5.951958e-01 2.013345e-01 -7.779501e-01 3.623684e-01 -7.554061e-02 9.778359e-01 1.952705e-01 -3.313975e-02 8.000222e-01 -5.745734e-02 5.972128e-01 1.989950e-01
9.429982e-01 -5.681322e-02 3.279126e-01 6.773434e-01 6.950144e-02 9.972138e-01 -2.709503e-02 -6.367189e-02 -3.254596e-01 4.834096e-02 9.443194e-01 3.842406e-01
4.282823e-01 2.834235e-01 -8.580474e-01 9.968018e-01 -7.254550e-02 9.572596e-01 2.799844e-01 -1.040231e-01 9.007283e-01 -5.766489e-02 4.305385e-01 9.375656e-01
9.847414e-01 -5.021656e-02 1.666211e-01 1.240724e+00 4.506676e-02 9.983864e-01 3.454796e-02 -1.585345e-01 -1.680872e-01 -2.651173e-02 9.854156e-01 2.098895e+00
1.864910e-01 4.328433e-01 -8.819681e-01 1.453733e+00 -9.808510e-02 9.014348e-01 4.216570e-01 -2.278465e-01 9.775482e-01 7.872710e-03 2.105649e-01 3.869873e+00
9.984511e-01 -5.392140e-02 -1.370944e-02 1.457362e+00 5.437826e-02 9.978898e-01 3.548090e-02 -3.105955e-01 1.176733e-02 -3.617144e-02 9.992763e-01 6.410185e+00
1.632020e-01 4.916822e-01 -8.553442e-01 1.449113e+00 -8.199777e-02 8.707282e-01 4.848801e-01 -3.898189e-01 9.831793e-01 -8.997061e-03 1.824214e-01 8.788707e+00
9.991141e-01 -4.081773e-02 -1.024061e-02 1.457993e+00 3.970948e-02 9.949942e-01 -9.170409e-02 -4.528770e-01 1.393250e-02 9.121620e-02 9.957336e-01 1.061970e+01
4.409882e-01 3.694838e-01 -8.179310e-01 1.544136e+00 -4.468526e-03 9.122232e-01 4.096692e-01 -5.077104e-01 8.975018e-01 -1.770044e-01 4.039307e-01 1.195523e+01
9.918859e-01 9.463818e-02 -8.488786e-02 1.712500e+00 -9.752192e-02 9.947664e-01 -3.048415e-02 -5.721747e-01 8.155863e-02 3.851522e-02 9.959241e-01 1.348680e+01
4.723298e-01 2.581677e-01 -8.427657e-01 1.782023e+00 5.788845e-03 9.552141e-01 2.958588e-01 -6.317691e-01 8.814029e-01 -1.446216e-01 4.496816e-01 1.500459e+01
8.849907e-01 -1.911191e-02 4.652162e-01 1.927944e+00 7.617448e-02 9.916381e-01 -1.041701e-01 -6.659690e-01 -4.593352e-01 1.276272e-01 8.790463e-01 1.539231e+01
5.466201e-01 1.392886e-01 -8.257149e-01 2.300880e+00 2.976186e-02 9.822141e-01 1.853904e-01 -6.981416e-01 8.368517e-01 -1.259129e-01 5.327525e-01 1.520218e+01
9.147382e-01 1.424521e-02 4.037959e-01 2.708876e+00 3.188804e-02 9.937158e-01 -1.072940e-01 -7.310925e-01 -4.027869e-01 1.110222e-01 9.085355e-01 1.492132e+01
6.711169e-01 6.624630e-02 -7.383858e-01 3.249792e+00 4.865277e-02 9.899167e-01 1.330335e-01 -7.694010e-01 7.397534e-01 -1.252055e-01 6.611267e-01 1.457888e+01
9.276410e-01 5.807157e-02 3.689308e-01 3.785003e+00 -3.261966e-02 9.966604e-01 -7.486036e-02 -8.080956e-01 -3.720460e-01 5.740914e-02 9.264372e-01 1.438798e+01
8.540416e-01 1.729529e-02 -5.199172e-01 4.151196e+00 4.563270e-02 9.931036e-01 1.079946e-01 -8.432666e-01 5.181994e-01 -1.159571e-01 8.473625e-01 1.443369e+01
9.154567e-01 4.785439e-02 3.995610e-01 4.529991e+00 -2.915714e-02 9.981822e-01 -5.274613e-02 -8.791616e-01 -4.013588e-01 3.663674e-02 9.151879e-01 1.450643e+01
9.236183e-01 7.728867e-03 -3.832355e-01 5.065052e+00 2.513205e-02 9.964244e-01 8.066491e-02 -9.220431e-01 3.824886e-01 -8.413509e-02 9.201216e-01 1.452736e+01
7.492078e-01 8.834974e-03 6.622760e-01 5.685332e+00 3.295574e-02 9.981752e-01 -5.059756e-02 -9.750440e-01 -6.615146e-01 5.973388e-02 7.475496e-01 1.460380e+01
8.667388e-01 6.214238e-02 -4.948760e-01 6.252017e+00 -1.382642e-02 9.948202e-01 1.007052e-01 -1.023778e+00 4.985707e-01 -8.044276e-02 8.631085e-01 1.467746e+01
9.987514e-01 2.397574e-02 4.382757e-02 6.697357e+00 -2.373863e-02 9.997007e-01 -5.922602e-03 -1.057145e+00 -4.395645e-02 4.874801e-03 9.990216e-01 1.459299e+01
9.560258e-01 5.226693e-02 -2.885878e-01 7.245698e+00 -3.057010e-02 9.963909e-01 7.918728e-02 -1.098131e+00 2.916851e-01 -6.688292e-02 9.541732e-01 1.454393e+01
9.980562e-01 -1.186455e-02 6.117975e-02 7.745027e+00 1.207040e-02 9.999227e-01 -2.996185e-03 -1.137384e+00 -6.113947e-02 3.728825e-03 9.981223e-01 1.450099e+01
9.711685e-01 5.346480e-02 -2.323214e-01 8.485479e+00 -3.791961e-02 9.967643e-01 7.087370e-02 -1.190516e+00 2.353589e-01 -6.002077e-02 9.700535e-01 1.439040e+01
9.997656e-01 2.137975e-02 -3.417068e-03 9.224660e+00 -2.132112e-02 9.996388e-01 1.636070e-02 -1.242097e+00 3.765621e-03 -1.628401e-02 9.998603e-01 1.431227e+01
9.968290e-01 3.704268e-02 -7.042642e-02 9.959849e+00 -3.375882e-02 9.983120e-01 4.726049e-02 -1.293688e+00 7.205819e-02 -4.473311e-02 9.963968e-01 1.424120e+01
9.968132e-01 1.160770e-02 -7.892153e-02 1.054157e+01 -1.051453e-02 9.998431e-01 1.425282e-02 -1.337778e+00 7.907459e-02 -1.337758e-02 9.967789e-01 1.419685e+01
7.415316e-01 1.067461e-01 -6.623716e-01 1.053358e+01 -4.748217e-02 9.931360e-01 1.068944e-01 -1.349972e+00 6.692356e-01 -4.781476e-02 7.415102e-01 1.396937e+01
9.824606e-01 2.760181e-02 -1.844163e-01 1.069722e+01 -2.428430e-02 9.995005e-01 2.022408e-02 -1.368732e+00 1.848824e-01 -1.539094e-02 9.826401e-01 1.377719e+01
8.611087e-01 1.007377e-01 -4.983409e-01 1.110912e+01 -5.295306e-02 9.926136e-01 1.091527e-01 -1.399783e+00 5.056557e-01 -6.760364e-02 8.600826e-01 1.370379e+01
9.619621e-01 3.913924e-02 -2.703648e-01 1.124775e+01 -3.560627e-02 9.992045e-01 1.796175e-02 -1.417343e+00 2.708527e-01 -7.651836e-03 9.625904e-01 1.367597e+01
8.332224e-01 8.853990e-02 -5.458033e-01 1.141334e+01 -3.541534e-02 9.936153e-01 1.071187e-01 -1.436274e+00 5.518027e-01 -6.992390e-02 8.310381e-01 1.365023e+01
9.204204e-01 7.847376e-02 -3.829728e-01 1.166577e+01 -6.388707e-02 9.966694e-01 5.068097e-02 -1.459961e+00 3.856744e-01 -2.218080e-02 9.223683e-01 1.360479e+01
8.932433e-01 4.737824e-02 -4.470701e-01 1.184845e+01 -1.917532e-02 9.975416e-01 6.740226e-02 -1.479310e+00 4.491644e-01 -5.163391e-02 8.919559e-01 1.351717e+01
9.250876e-01 9.228104e-02 -3.683710e-01 1.208455e+01 -6.799493e-02 9.946002e-01 7.840322e-02 -1.501254e+00 3.736170e-01 -4.748249e-02 9.263670e-01 1.346837e+01
9.241878e-01 4.947737e-02 -3.787201e-01 1.232579e+01 -3.516822e-02 9.983852e-01 4.461191e-02 -1.524816e+00 3.803158e-01 -2.791087e-02 9.244354e-01 1.348366e+01
9.557689e-01 6.876305e-02 -2.859675e-01 1.257839e+01 -4.713398e-02 9.955295e-01 8.185006e-02 -1.550310e+00 2.903173e-01 -6.475096e-02 9.547372e-01 1.356286e+01
9.243030e-01 7.471894e-02 -3.742740e-01 1.286069e+01 -5.809202e-02 9.967658e-01 5.552790e-02 -1.579780e+00 3.772124e-01 -2.958228e-02 9.256542e-01 1.377504e+01
9.535609e-01 5.862384e-02 -2.954401e-01 1.325033e+01 -3.799214e-02 9.964519e-01 7.510158e-02 -1.612220e+00 2.987946e-01 -6.038952e-02 9.524048e-01 1.388236e+01
8.603761e-01 1.219689e-01 -4.948500e-01 1.368416e+01 -8.915079e-02 9.919889e-01 8.949900e-02 -1.648569e+00 5.018018e-01 -3.288653e-02 8.643572e-01 1.403928e+01
9.995624e-01 -1.547251e-02 2.521020e-02 1.412983e+01 1.442770e-02 9.990504e-01 4.111156e-02 -1.685406e+00 -2.582236e-02 -4.072985e-02 9.988365e-01 1.412880e+01
8.952725e-01 1.151946e-01 -4.303689e-01 1.444549e+01 -9.466951e-02 9.931224e-01 6.888816e-02 -1.716437e+00 4.353445e-01 -2.093086e-02 9.000206e-01 1.426882e+01
9.864469e-01 -4.102759e-02 -1.588687e-01 1.466993e+01 4.477684e-02 9.987950e-01 2.009095e-02 -1.738798e+00 1.578530e-01 -2.693229e-02 9.870953e-01 1.417396e+01
9.380518e-01 1.324773e-01 -3.201697e-01 1.485036e+01 -1.063109e-01 9.894967e-01 9.795022e-02 -1.763367e+00 3.297831e-01 -5.784484e-02 9.422829e-01 1.430271e+01
9.704547e-01 -7.633181e-03 -2.411628e-01 1.492300e+01 1.092291e-02 9.998646e-01 1.230720e-02 -1.783573e+00 2.410362e-01 -1.457778e-02 9.704066e-01 1.452331e+01
9.347021e-01 -8.793809e-02 3.443819e-01 1.426681e+01 1.188247e-01 9.904736e-01 -6.958932e-02 -1.772055e+00 -3.349816e-01 1.059663e-01 9.362470e-01 1.435492e+01
9.131163e-01 -8.252336e-03 -4.076155e-01 1.365811e+01 1.902652e-02 9.995683e-01 2.238545e-02 -1.757464e+00 4.072549e-01 -2.819602e-02 9.128792e-01 1.419945e+01
9.011774e-01 1.598898e-01 -4.028827e-01 1.390730e+01 -1.019558e-01 9.815917e-01 1.615016e-01 -1.784467e+00 4.212888e-01 -1.044654e-01 9.008900e-01 1.440124e+01
9.240083e-01 2.162457e-02 -3.817605e-01 1.412005e+01 -3.694252e-02 9.987776e-01 -3.284010e-02 -1.809831e+00 3.805837e-01 4.444772e-02 9.236777e-01 1.452909e+01
9.474189e-01 6.695801e-02 -3.129123e-01 1.442659e+01 -1.925289e-02 9.880190e-01 1.531267e-01 -1.839721e+00 3.194164e-01 -1.390507e-01 9.373570e-01 1.456950e+01
9.613580e-01 4.990369e-02 -2.707405e-01 1.459910e+01 -7.808819e-02 9.924724e-01 -9.434372e-02 -1.863092e+00 2.639944e-01 1.118397e-01 9.580182e-01 1.418797e+01
8.512186e-01 5.091603e-02 -5.223356e-01 1.456184e+01 4.807827e-02 9.835319e-01 1.742226e-01 -1.873723e+00 5.226045e-01 -1.734145e-01 8.347527e-01 1.421970e+01
9.768361e-01 1.334591e-01 -1.672719e-01 1.447194e+01 -1.428769e-01 9.886923e-01 -4.553852e-02 -1.881354e+00 1.593030e-01 6.838296e-02 9.848585e-01 1.433434e+01
8.626001e-01 -2.307351e-02 -5.053599e-01 1.420953e+01 7.001523e-02 9.947907e-01 7.408946e-02 -1.882161e+00 5.010178e-01 -9.929247e-02 8.597221e-01 1.426970e+01
9.815642e-01 1.476775e-01 -1.213386e-01 1.395458e+01 -1.465538e-01 9.890356e-01 1.818284e-02 -1.881309e+00 1.226934e-01 -6.498038e-05 9.924446e-01 1.425951e+01
9.005811e-01 -5.487054e-02 -4.312110e-01 1.379845e+01 6.283802e-02 9.980147e-01 4.241831e-03 -1.885694e+00 4.301222e-01 -3.091656e-02 9.022411e-01 1.432581e+01
8.374332e-01 2.023811e-01 -5.076884e-01 1.323935e+01 -1.466525e-01 9.780565e-01 1.479814e-01 -1.867995e+00 5.264966e-01 -4.947071e-02 8.487367e-01 1.428716e+01
9.666080e-01 -1.570300e-01 2.025108e-01 1.271184e+01 1.839161e-01 9.754025e-01 -1.215109e-01 -1.857304e+00 -1.784487e-01 1.546984e-01 9.717121e-01 1.444823e+01
9.141087e-01 -4.534107e-02 4.029262e-01 1.169230e+01 5.925205e-02 9.979980e-01 -2.211947e-02 -1.836240e+00 -4.011166e-01 4.409381e-02 9.149651e-01 1.459926e+01
9.324515e-01 -9.548327e-02 -3.484497e-01 1.094145e+01 8.847330e-02 9.954272e-01 -3.601548e-02 -1.815398e+00 3.502952e-01 2.754184e-03 9.366353e-01 1.469508e+01
9.755786e-01 1.677542e-01 -1.417917e-01 1.086795e+01 -1.457309e-01 9.773280e-01 1.535983e-01 -1.825866e+00 1.643438e-01 -1.291837e-01 9.779073e-01 1.488000e+01
9.518564e-01 -5.743893e-02 -3.011150e-01 1.085035e+01 3.050543e-02 9.951612e-01 -9.340023e-02 -1.840357e+00 3.050227e-01 7.971797e-02 9.490027e-01 1.508109e+01
9.959756e-01 7.069218e-02 5.509195e-02 1.088969e+01 -7.977667e-02 9.794001e-01 1.855025e-01 -1.863711e+00 -4.084348e-02 -1.891510e-01 9.810982e-01 1.543690e+01
9.074312e-01 2.277420e-02 -4.195830e-01 1.094620e+01 -6.409001e-02 9.943486e-01 -8.463589e-02 -1.886606e+00 4.152842e-01 1.036923e-01 9.037626e-01 1.579459e+01
9.432229e-01 7.670653e-02 -3.231820e-01 1.129386e+01 2.201567e-04 9.728253e-01 2.315404e-01 -1.919921e+00 3.321603e-01 -2.184654e-01 9.175742e-01 1.602113e+01
9.223067e-01 1.529648e-01 -3.548974e-01 1.174522e+01 -1.791132e-01 9.829392e-01 -4.182095e-02 -1.957650e+00 3.424454e-01 1.021385e-01 9.339694e-01 1.620229e+01
9.432255e-01 -4.345321e-02 -3.292985e-01 1.229473e+01 9.625235e-02 9.846248e-01 1.457722e-01 -1.999094e+00 3.179012e-01 -1.691918e-01 9.329057e-01 1.632188e+01
9.328093e-01 2.000668e-01 -2.997335e-01 1.269468e+01 -2.053769e-01 9.785824e-01 1.402688e-02 -2.030731e+00 2.961202e-01 4.847394e-02 9.539199e-01 1.631751e+01
9.369458e-01 -1.202230e-01 -3.281447e-01 1.291710e+01 1.384867e-01 9.898218e-01 3.277596e-02 -2.053332e+00 3.208643e-01 -7.615299e-02 9.440587e-01 1.626698e+01
7.009143e-01 4.163139e-01 -5.791389e-01 1.316877e+01 -2.001942e-01 8.941675e-01 4.004831e-01 -2.114329e+00 6.845739e-01 -1.647641e-01 7.100784e-01 1.753433e+01
6.362534e-01 1.832062e-01 -7.494111e-01 1.342579e+01 -1.742715e-01 9.804165e-01 9.172211e-02 -2.215001e+00 7.515391e-01 7.224251e-02 6.557210e-01 2.005634e+01
6.895014e-01 1.440205e-01 -7.098211e-01 1.371615e+01 8.957327e-02 9.555516e-01 2.808875e-01 -2.305971e+00 7.187242e-01 -2.572533e-01 6.459537e-01 2.220767e+01
9.421071e-01 2.302905e-01 -2.437221e-01 1.401206e+01 -2.236651e-01 9.731180e-01 5.491235e-02 -2.356963e+00 2.498162e-01 2.778802e-03 9.682893e-01 2.312976e+01
7.239022e-01 6.989063e-02 -6.863534e-01 1.433334e+01 5.507668e-02 9.858256e-01 1.584754e-01 -2.426730e+00 6.877007e-01 -1.525227e-01 7.097919e-01 2.462423e+01
9.896810e-01 1.432135e-01 4.624822e-03 1.467247e+01 -1.426582e-01 9.817931e-01 1.254233e-01 -2.488253e+00 1.342170e-02 -1.247889e-01 9.920925e-01 2.578297e+01
8.490653e-01 7.904762e-02 -5.223404e-01 1.501943e+01 -4.616527e-02 9.960617e-01 7.569579e-02 -2.553857e+00 5.262669e-01 -4.015669e-02 8.493707e-01 2.691913e+01
9.544692e-01 1.388217e-01 -2.640399e-01 1.521958e+01 -7.715351e-02 9.698835e-01 2.310267e-01 -2.617724e+00 2.881595e-01 -2.001362e-01 9.364345e-01 2.835590e+01
8.079688e-01 2.148264e-01 -5.486675e-01 1.557832e+01 -1.586907e-01 9.760976e-01 1.484950e-01 -2.700263e+00 5.674537e-01 -3.291083e-02 8.227473e-01 3.018764e+01
8.965943e-01 7.506297e-02 -4.364451e-01 1.569622e+01 -1.175715e-02 9.892177e-01 1.459800e-01 -2.760879e+00 4.426969e-01 -1.257534e-01 8.878094e-01 3.180758e+01
9.979456e-01 4.440279e-02 4.618435e-02 1.597054e+01 -4.249751e-02 9.982364e-01 -4.144863e-02 -2.794891e+00 -4.794334e-02 3.940075e-02 9.980727e-01 3.204540e+01
9.395975e-01 4.745207e-02 -3.389762e-01 1.612856e+01 6.971522e-04 9.900762e-01 1.405297e-01 -2.824794e+00 3.422807e-01 -1.322777e-01 9.302401e-01 3.242515e+01
9.981816e-01 5.560641e-02 2.326638e-02 1.618419e+01 -5.513605e-02 9.982706e-01 -2.039200e-02 -2.851065e+00 -2.436007e-02 1.907210e-02 9.995213e-01 3.284110e+01
9.324931e-01 4.814287e-02 -3.579649e-01 1.623312e+01 -3.673969e-03 9.922900e-01 1.238829e-01 -2.878258e+00 3.611691e-01 -1.142048e-01 9.254805e-01 3.331232e+01
9.984145e-01 5.604856e-02 5.199909e-03 1.628195e+01 -5.609507e-02 9.983823e-01 9.276235e-03 -2.905500e+00 -4.671577e-03 -9.553216e-03 9.999435e-01 3.379789e+01
9.425775e-01 3.063632e-02 -3.325793e-01 1.629872e+01 -3.930094e-03 9.967325e-01 8.067789e-02 -2.927356e+00 3.339643e-01 -7.473810e-02 9.396180e-01 3.416589e+01
9.979735e-01 4.024736e-02 4.928453e-02 1.633036e+01 -4.122341e-02 9.989702e-01 1.895043e-02 -2.949480e+00 -4.847107e-02 -2.094370e-02 9.986050e-01 3.451002e+01
9.330679e-01 4.029212e-02 -3.574365e-01 1.635386e+01 -1.800263e-02 9.976921e-01 6.547023e-02 -2.970490e+00 3.592496e-01 -5.465337e-02 9.316398e-01 3.484241e+01
9.994751e-01 2.612830e-02 1.915393e-02 1.634706e+01 -2.652463e-02 9.994330e-01 2.073836e-02 -2.986324e+00 -1.860121e-02 -2.123553e-02 9.996014e-01 3.503800e+01
9.250149e-01 4.332723e-02 -3.774521e-01 1.629898e+01 -2.902579e-02 9.986317e-01 4.349865e-02 -2.997368e+00 3.788204e-01 -2.928105e-02 9.250069e-01 3.514747e+01
9.983302e-01 1.303799e-02 5.627399e-02 1.627588e+01 -1.558279e-02 9.988644e-01 4.502220e-02 -3.012296e+00 -5.562309e-02 -4.582393e-02 9.973997e-01 3.535441e+01
9.021484e-01 8.246761e-02 -4.234707e-01 1.626926e+01 -6.382424e-02 9.962716e-01 5.804700e-02 -3.030387e+00 4.266788e-01 -2.533931e-02 9.040482e-01 3.565201e+01
9.974284e-01 7.574095e-03 -7.126876e-02 1.625430e+01 -3.419862e-03 9.982972e-01 5.823210e-02 -3.047466e+00 7.158846e-02 -5.783862e-02 9.957559e-01 3.594864e+01
8.780533e-01 9.567177e-02 -4.689022e-01 1.628194e+01 -7.938300e-02 9.953568e-01 5.443572e-02 -3.062425e+00 4.719329e-01 -1.057460e-02 8.815710e-01 3.606650e+01
9.730637e-01 1.376065e-02 -2.301254e-01 1.647027e+01 2.468900e-03 9.975377e-01 7.008858e-02 -3.085537e+00 2.305232e-01 -6.876881e-02 9.706338e-01 3.617587e+01
7.916696e-01 1.723666e-01 -5.861305e-01 1.669177e+01 -1.181533e-01 9.844597e-01 1.299192e-01 -3.111650e+00 5.994156e-01 -3.359985e-02 7.997325e-01 3.646329e+01
9.712722e-01 -1.163811e-02 -2.376866e-01 1.681656e+01 1.428355e-02 9.998537e-01 9.410742e-03 -3.130853e+00 2.375423e-01 -1.253540e-02 9.712963e-01 3.663702e+01
8.591714e-01 1.259968e-01 -4.959329e-01 1.679570e+01 -7.647551e-02 9.899428e-01 1.190161e-01 -3.141206e+00 5.059408e-01 -6.432853e-02 8.601661e-01 3.664060e+01
9.517110e-01 1.063995e-03 -3.069935e-01 1.708856e+01 -5.341419e-03 9.999000e-01 -1.309343e-02 -3.165643e+00 3.069489e-01 1.410094e-02 9.516215e-01 3.650272e+01
3.073815e-01 3.102678e-01 -8.995835e-01 1.754981e+01 -1.353014e-02 9.466809e-01 3.218885e-01 -3.223052e+00 9.514902e-01 -8.677109e-02 2.951902e-01 3.728255e+01
9.715923e-01 8.503431e-02 -2.208565e-01 1.765302e+01 -7.511305e-02 9.957680e-01 5.295379e-02 -3.275670e+00 2.244247e-01 -3.486029e-02 9.738677e-01 3.851810e+01
8.946878e-01 6.685785e-02 -4.416602e-01 1.779565e+01 -3.255059e-02 9.958650e-01 8.481358e-02 -3.301878e+00 4.455044e-01 -6.150537e-02 8.931645e-01 3.883443e+01
9.752537e-01 7.110065e-02 -2.093442e-01 1.807850e+01 -6.064832e-02 9.965904e-01 5.594007e-02 -3.329305e+00 2.126078e-01 -4.185938e-02 9.762406e-01 3.894712e+01
8.353049e-01 1.602295e-01 -5.259204e-01 1.879578e+01 -9.771631e-02 9.846268e-01 1.447812e-01 -3.391167e+00 5.410335e-01 -6.954542e-02 8.381206e-01 3.944255e+01
6.943493e-01 2.675702e-01 -6.680458e-01 1.921171e+01 -7.704814e-02 9.506128e-01 3.006641e-01 -3.480390e+00 7.155017e-01 -1.572942e-01 6.806731e-01 4.155146e+01
8.638758e-01 1.531768e-01 -4.798494e-01 1.922362e+01 -1.345493e-01 9.881979e-01 7.322111e-02 -3.535837e+00 4.854020e-01 1.309454e-03 8.742901e-01 4.325487e+01
6.885810e-01 1.728301e-01 -7.042627e-01 1.951378e+01 -3.469643e-03 9.719574e-01 2.351315e-01 -3.599460e+00 7.251512e-01 -1.594635e-01 6.698710e-01 4.476735e+01
5.164817e-01 4.149477e-01 -7.490428e-01 1.965417e+01 -1.413971e-01 9.040646e-01 4.033288e-01 -3.711236e+00 8.445434e-01 -1.023994e-01 5.256052e-01 4.823923e+01
8.264403e-01 1.102559e-01 -5.521232e-01 1.978677e+01 -1.133313e-01 9.931431e-01 2.868615e-02 -3.788680e+00 5.515002e-01 3.886545e-02 8.332689e-01 5.050623e+01
9.297733e-01 5.175994e-02 -3.644757e-01 2.014559e+01 1.506528e-02 9.838871e-01 1.781552e-01 -3.829492e+00 3.678242e-01 -1.711348e-01 9.140122e-01 5.105883e+01
9.106323e-01 1.442463e-01 -3.872232e-01 2.035566e+01 -1.562279e-01 9.877209e-01 5.394964e-04 -3.854529e+00 3.825463e-01 6.000381e-02 9.219858e-01 5.130416e+01
9.674648e-01 -6.067095e-02 -2.456237e-01 2.056042e+01 8.455669e-02 9.925350e-01 8.788882e-02 -3.877777e+00 2.384578e-01 -1.057985e-01 9.653728e-01 5.143998e+01
9.801474e-01 1.814957e-01 -7.981493e-02 2.140631e+01 -1.790302e-01 9.831442e-01 3.709130e-02 -3.942955e+00 8.520149e-02 -2.206566e-02 9.961194e-01 5.167523e+01
8.871443e-01 -3.516602e-02 -4.601503e-01 2.139680e+01 6.842415e-02 9.960950e-01 5.579352e-02 -3.966515e+00 4.563913e-01 -8.098229e-02 8.860862e-01 5.216037e+01
9.807447e-01 1.588770e-01 1.135687e-01 2.141563e+01 -1.611524e-01 9.868673e-01 1.108428e-02 -3.992225e+00 -1.103162e-01 -2.917271e-02 9.934683e-01 5.266128e+01
5.242962e-01 3.306010e-02 -8.508939e-01 2.224477e+01 -2.670886e-02 9.993929e-01 2.237255e-02 -4.055228e+00 8.511170e-01 1.099656e-02 5.248609e-01 5.237960e+01
9.938697e-01 5.868942e-02 -9.369426e-02 2.266865e+01 -5.461857e-02 9.974729e-01 4.543890e-02 -4.095016e+00 9.612427e-02 -4.004290e-02 9.945636e-01 5.126774e+01
7.411089e-01 5.153431e-02 -6.694040e-01 2.288316e+01 -5.940766e-02 9.981724e-01 1.107340e-02 -4.119099e+00 6.687513e-01 3.156113e-02 7.428160e-01 5.084429e+01
9.998843e-01 1.512560e-02 1.633021e-03 2.320758e+01 -1.520797e-02 9.908538e-01 1.340802e-01 -4.146209e+00 4.099594e-04 -1.340896e-01 9.909691e-01 5.089439e+01
9.025601e-01 1.151214e-01 -4.148883e-01 2.387404e+01 -1.234570e-01 9.923268e-01 6.774640e-03 -4.192607e+00 4.124847e-01 4.510635e-02 9.098471e-01 5.091219e+01
9.919642e-01 -6.849390e-02 1.063751e-01 2.452758e+01 5.853860e-02 9.938453e-01 9.404602e-02 -4.238211e+00 -1.121620e-01 -8.706323e-02 9.898685e-01 5.087900e+01
7.119175e-01 1.874424e-01 -6.767856e-01 2.487652e+01 -1.775102e-01 9.804567e-01 8.482239e-02 -4.267612e+00 6.794583e-01 5.974980e-02 7.312772e-01 5.090556e+01
9.896295e-01 -1.229065e-01 7.434697e-02 2.508509e+01 1.185090e-01 9.910815e-01 6.093563e-02 -4.291340e+00 -8.117329e-02 -5.149291e-02 9.953690e-01 5.097765e+01
7.768923e-01 2.276657e-01 -5.870321e-01 2.523370e+01 -1.865703e-01 9.737067e-01 1.307161e-01 -4.310526e+00 6.013567e-01 7.970427e-03 7.989409e-01 5.099559e+01
9.422674e-01 -1.481912e-01 3.002858e-01 2.560832e+01 1.507923e-01 9.884572e-01 1.463277e-02 -4.347922e+00 -2.989881e-01 3.149279e-02 9.537370e-01 5.121149e+01
8.064173e-01 2.700805e-01 -5.260681e-01 2.612512e+01 -1.928982e-01 9.610911e-01 1.977226e-01 -4.395108e+00 5.590004e-01 -5.796930e-02 8.271385e-01 5.155409e+01
9.232766e-01 -1.628381e-01 3.479140e-01 2.679637e+01 1.832252e-01 9.827196e-01 -2.628041e-02 -4.449548e+00 -3.376225e-01 8.801069e-02 9.371580e-01 5.177430e+01
6.492932e-01 3.391735e-01 -6.807200e-01 2.734055e+01 -1.809443e-01 9.382411e-01 2.948945e-01 -4.495288e+00 7.386999e-01 -6.830063e-02 6.705651e-01 5.204688e+01
9.749446e-01 -1.070739e-01 -1.949826e-01 2.744946e+01 6.672753e-02 9.769372e-01 -2.028327e-01 -4.513006e+00 2.122039e-01 1.847400e-01 9.596044e-01 5.155649e+01
4.915895e-01 2.024197e-01 -8.469746e-01 2.742220e+01 9.831851e-02 9.534896e-01 2.849405e-01 -4.523895e+00 8.652591e-01 -2.233471e-01 4.488238e-01 5.072375e+01
9.872371e-01 1.569983e-01 -2.673026e-02 2.751056e+01 -1.592397e-01 9.756351e-01 -1.509268e-01 -4.537457e+00 2.383730e-03 1.532571e-01 9.881835e-01 5.037376e+01
6.948158e-01 -1.695852e-03 -7.191858e-01 2.786146e+01 1.515032e-01 9.779021e-01 1.440635e-01 -4.565695e+00 7.030490e-01 -2.090565e-01 6.797187e-01 5.031631e+01
9.763003e-01 2.083117e-01 5.868505e-02 2.834981e+01 -2.081508e-01 9.780562e-01 -8.908531e-03 -4.599644e+00 -5.925303e-02 -3.517941e-03 9.982368e-01 5.028572e+01
6.694735e-02 -9.752406e-02 -9.929789e-01 2.904726e+01 6.713154e-02 9.933967e-01 -9.303904e-02 -4.646870e+00 9.954956e-01 -6.043149e-02 7.305222e-02 4.869778e+01
9.811614e-01 7.771978e-02 1.768672e-01 2.965516e+01 -9.151709e-02 9.932529e-01 7.122652e-02 -4.686181e+00 -1.701381e-01 -8.607108e-02 9.816541e-01 4.704483e+01
4.452358e-01 6.584524e-02 -8.929891e-01 2.987264e+01 -7.907994e-02 9.962871e-01 3.403351e-02 -4.708137e+00 8.919145e-01 5.546459e-02 4.487897e-01 4.684938e+01
9.837607e-01 3.884996e-02 -1.752299e-01 2.969020e+01 -1.132945e-02 9.877873e-01 1.553960e-01 -4.711678e+00 1.791270e-01 -1.508872e-01 9.721865e-01 4.666435e+01
3.898504e-01 1.988886e-01 -8.991441e-01 2.955991e+01 -2.124113e-01 9.694903e-01 1.223518e-01 -4.714953e+00 8.960458e-01 1.432894e-01 4.202023e-01 4.669511e+01
9.244322e-01 -2.022608e-01 3.232889e-01 3.015827e+01 1.624815e-01 9.758617e-01 1.459236e-01 -4.758373e+00 -3.449999e-01 -8.236804e-02 9.349816e-01 4.673630e+01
7.261950e-01 2.649923e-01 -6.343658e-01 3.080524e+01 -2.765645e-01 9.573762e-01 8.332356e-02 -4.804467e+00 6.294068e-01 1.149339e-01 7.685293e-01 4.668175e+01
9.798098e-01 -1.948005e-01 4.500572e-02 3.118609e+01 1.875242e-01 9.734823e-01 1.310225e-01 -4.851775e+00 -6.933553e-02 -1.199375e-01 9.903573e-01 4.721214e+01
5.082578e-01 4.465543e-01 -7.363853e-01 3.130616e+01 -2.935070e-01 8.936912e-01 3.393665e-01 -4.892353e+00 8.096466e-01 4.364857e-02 5.852923e-01 4.807148e+01
9.758768e-01 -2.179777e-01 1.225919e-02 3.154439e+01 2.182836e-01 9.731110e-01 -7.353456e-02 -4.939435e+00 4.099339e-03 7.443665e-02 9.972173e-01 4.886814e+01
4.384006e-01 6.169089e-01 -6.536271e-01 3.180671e+01 -1.130830e-01 7.593194e-01 6.408168e-01 -5.035706e+00 8.916373e-01 -2.070204e-01 4.026480e-01 5.117886e+01
9.804237e-01 -1.004900e-01 1.693255e-01 3.202613e+01 1.504499e-01 9.370941e-01 -3.149913e-01 -5.102924e+00 -1.270204e-01 3.342999e-01 9.338680e-01 5.268120e+01
8.976719e-01 2.141573e-01 -3.851258e-01 3.244143e+01 -3.685412e-02 9.073896e-01 4.186716e-01 -5.140050e+00 4.391207e-01 -3.616362e-01 8.224307e-01 5.268319e+01
9.860789e-01 -1.225911e-02 1.658258e-01 3.289377e+01 6.619244e-02 9.437938e-01 -3.238391e-01 -5.177786e+00 -1.525354e-01 3.303073e-01 9.314666e-01 5.275485e+01
8.490847e-01 1.475471e-01 -5.072327e-01 3.342173e+01 7.291852e-02 9.182730e-01 3.891755e-01 -5.217212e+00 5.231998e-01 -3.674296e-01 7.689327e-01 5.267280e+01
9.470595e-01 2.075775e-01 -2.449284e-01 3.375422e+01 -2.455319e-01 9.598077e-01 -1.359530e-01 -5.266120e+00 2.068634e-01 1.888933e-01 9.599619e-01 5.330632e+01
7.321940e-01 -1.703583e-02 -6.808830e-01 3.385191e+01 2.003565e-01 9.608422e-01 1.914148e-01 -5.302019e+00 6.509602e-01 -2.765720e-01 7.069362e-01 5.396696e+01
9.667705e-01 2.370459e-01 9.572954e-02 3.411231e+01 -2.283290e-01 9.690636e-01 -9.370964e-02 -5.328491e+00 -1.149815e-01 6.873788e-02 9.909866e-01 5.394855e+01
8.531982e-01 -1.459999e-01 -5.007363e-01 3.445207e+01 1.988496e-01 9.785689e-01 5.349560e-02 -5.358920e+00 4.821946e-01 -1.452136e-01 8.639453e-01 5.393121e+01
9.546496e-01 2.176011e-01 2.032089e-01 3.471322e+01 -2.196347e-01 9.754986e-01 -1.277202e-02 -5.387372e+00 -2.010092e-01 -3.243892e-02 9.790521e-01 5.401515e+01
8.158378e-01 -1.508777e-01 -5.582514e-01 3.493872e+01 1.602055e-01 9.865483e-01 -3.250584e-02 -5.412589e+00 5.556463e-01 -6.291546e-02 8.290349e-01 5.402760e+01
9.783129e-01 2.068072e-01 -1.160681e-02 3.507467e+01 -2.030687e-01 9.686572e-01 1.430603e-01 -5.432349e+00 4.082890e-02 -1.376007e-01 9.896459e-01 5.404358e+01
8.258843e-01 -9.337944e-02 -5.560534e-01 3.520271e+01 3.298793e-02 9.925038e-01 -1.176779e-01 -5.453120e+00 5.628738e-01 7.884531e-02 8.227736e-01 5.413216e+01
9.967239e-01 8.054673e-02 -7.326505e-03 3.535082e+01 -7.694155e-02 9.722196e-01 2.210635e-01 -5.472494e+00 2.492892e-02 -2.197756e-01 9.752319e-01 5.413781e+01
7.630566e-01 3.678995e-02 -6.452837e-01 3.543024e+01 -1.359525e-01 9.851784e-01 -1.045970e-01 -5.488024e+00 6.318714e-01 1.675414e-01 7.567486e-01 5.409523e+01
9.962226e-01 -8.320501e-02 2.484834e-02 3.539746e+01 7.599688e-02 9.738538e-01 2.140872e-01 -5.498146e+00 -4.201178e-02 -2.113901e-01 9.764985e-01 5.411250e+01
9.223464e-01 1.451060e-01 -3.580801e-01 3.545223e+01 -1.897808e-01 9.774358e-01 -9.274972e-02 -5.517113e+00 3.365417e-01 1.535041e-01 9.290727e-01 5.426019e+01
9.707243e-01 -1.836207e-01 1.548474e-01 3.562411e+01 1.543613e-01 9.708179e-01 1.835355e-01 -5.541408e+00 -1.840296e-01 -1.542599e-01 9.707404e-01 5.432432e+01
9.214007e-01 1.766100e-01 -3.461643e-01 3.590235e+01 -2.172045e-01 9.726853e-01 -8.188702e-02 -5.569251e+00 3.222468e-01 1.506392e-01 9.345934e-01 5.421711e+01
9.808341e-01 -1.942002e-01 1.583732e-02 3.614461e+01 1.900998e-01 9.716099e-01 1.408410e-01 -5.594560e+00 -4.273905e-02 -1.351309e-01 9.899056e-01 5.408826e+01
8.998294e-01 2.482383e-01 -3.587265e-01 3.639856e+01 -2.594851e-01 9.655922e-01 1.729645e-02 -5.619975e+00 3.506772e-01 7.752032e-02 9.332824e-01 5.404192e+01
9.718309e-01 -2.030050e-01 -1.197234e-01 3.654851e+01 2.083047e-01 9.774929e-01 3.341862e-02 -5.639606e+00 1.102447e-01 -5.741621e-02 9.922447e-01 5.393640e+01
9.181821e-01 2.624754e-01 -2.967294e-01 3.661110e+01 -2.409166e-01 9.645489e-01 1.077246e-01 -5.655026e+00 3.144850e-01 -2.742377e-02 9.488662e-01 5.382700e+01
9.707672e-01 -1.987724e-01 -1.345383e-01 3.670567e+01 1.916048e-01 9.793565e-01 -6.440875e-02 -5.672034e+00 1.445637e-01 3.674771e-02 9.888129e-01 5.372328e+01
9.401054e-01 2.371341e-01 -2.448864e-01 3.671699e+01 -1.963156e-01 9.639220e-01 1.797626e-01 -5.685060e+00 2.786792e-01 -1.209208e-01 9.527413e-01 5.359475e+01
9.772368e-01 -1.550248e-01 -1.448294e-01 3.677043e+01 1.351404e-01 9.811228e-01 -1.383295e-01 -5.700089e+00 1.635400e-01 1.156083e-01 9.797395e-01 5.348021e+01
9.625866e-01 1.878849e-01 -1.952594e-01 3.702056e+01 -1.374728e-01 9.595693e-01 2.456174e-01 -5.724212e+00 2.335127e-01 -2.095852e-01 9.494977e-01 5.341184e+01
9.937068e-01 -1.085517e-01 2.762681e-02 3.747874e+01 1.118346e-01 9.753618e-01 -1.901640e-01 -5.759180e+00 -6.303500e-03 1.920569e-01 9.813635e-01 5.330794e+01
9.771645e-01 1.334019e-01 -1.653890e-01 3.807466e+01 -9.087896e-02 9.659607e-01 2.422004e-01 -5.801307e+00 1.920692e-01 -2.216392e-01 9.560259e-01 5.310876e+01
9.893437e-01 -6.836996e-02 -1.285479e-01 3.882783e+01 3.953975e-02 9.758745e-01 -2.147223e-01 -5.850419e+00 1.401272e-01 2.073514e-01 9.681786e-01 5.274968e+01
9.446956e-01 9.746242e-02 -3.131314e-01 3.970438e+01 -7.572585e-03 9.610471e-01 2.762808e-01 -5.904796e+00 3.278610e-01 -2.586300e-01 9.086351e-01 5.232702e+01
9.770155e-01 4.019142e-02 -2.093449e-01 4.056870e+01 -8.590313e-02 9.730265e-01 -2.141031e-01 -5.959795e+00 1.950930e-01 2.271654e-01 9.541146e-01 5.180793e+01
9.649610e-01 -5.130237e-02 -2.573294e-01 4.118841e+01 1.142306e-01 9.650250e-01 2.359621e-01 -6.002605e+00 2.362238e-01 -2.570891e-01 9.370718e-01 5.142038e+01
9.534800e-01 1.637446e-01 -2.531080e-01 4.157901e+01 -2.007591e-01 9.712502e-01 -1.279406e-01 -6.033443e+00 2.248816e-01 1.728025e-01 9.589408e-01 5.108827e+01
9.647645e-01 -1.785684e-01 -1.932430e-01 4.192503e+01 2.058415e-01 9.696956e-01 1.316041e-01 -6.060552e+00 1.638866e-01 -1.667443e-01 9.722847e-01 5.081720e+01
8.769876e-01 2.346483e-01 -4.193243e-01 4.248423e+01 -2.574927e-01 9.662778e-01 2.188258e-03 -6.097747e+00 4.056972e-01 1.060539e-01 9.078339e-01 5.027801e+01
9.291184e-01 -1.970391e-01 -3.129132e-01 4.296776e+01 2.025358e-01 9.791571e-01 -1.518786e-02 -6.131995e+00 3.093838e-01 -4.926481e-02 9.496603e-01 4.975173e+01
9.105599e-01 2.630833e-01 -3.188540e-01 4.331392e+01 -2.176272e-01 9.608775e-01 1.713269e-01 -6.160054e+00 3.514529e-01 -8.661207e-02 9.321905e-01 4.942995e+01
9.677875e-01 -1.611981e-01 -1.933974e-01 4.367676e+01 1.383449e-01 9.822798e-01 -1.264396e-01 -6.189762e+00 2.103522e-01 9.561116e-02 9.729391e-01 4.924006e+01
9.320603e-01 1.673276e-01 -3.213489e-01 4.418698e+01 -9.459950e-02 9.685899e-01 2.299662e-01 -6.226489e+00 3.497350e-01 -1.839430e-01 9.186133e-01 4.895659e+01
9.882635e-01 -6.979514e-02 -1.358822e-01 4.479512e+01 4.175918e-02 9.790722e-01 -1.991829e-01 -6.266387e+00 1.469405e-01 1.911708e-01 9.704959e-01 4.859064e+01
9.580917e-01 1.038689e-01 -2.669674e-01 4.529528e+01 -2.816476e-02 9.615883e-01 2.730470e-01 -6.302708e+00 2.850738e-01 -2.540850e-01 9.242152e-01 4.841214e+01
8.769390e-01 7.428531e-02 -4.748259e-01 4.551230e+01 -1.562394e-01 9.783825e-01 -1.354875e-01 -6.324091e+00 4.544967e-01 1.930008e-01 8.695881e-01 4.818767e+01
8.769054e-01 -3.804861e-02 -4.791546e-01 4.547665e+01 1.402749e-01 9.737246e-01 1.793972e-01 -6.333222e+00 4.597388e-01 -2.245277e-01 8.592017e-01 4.788355e+01
9.025191e-01 2.489649e-01 -3.513911e-01 4.516291e+01 -2.688759e-01 9.631400e-01 -8.189130e-03 -6.328390e+00 3.364000e-01 1.018714e-01 9.361929e-01 4.776057e+01
9.182633e-01 -1.791971e-01 -3.531020e-01 4.504529e+01 1.942306e-01 9.809288e-01 7.293103e-03 -6.333551e+00 3.450610e-01 -7.528018e-02 9.355564e-01 4.775100e+01
9.464901e-01 2.634782e-01 -1.863750e-01 4.521533e+01 -2.409976e-01 9.611133e-01 1.348386e-01 -6.353822e+00 2.146545e-01 -8.270747e-02 9.731819e-01 4.771039e+01
8.407398e-01 -1.210458e-01 -5.277352e-01 4.524555e+01 7.408481e-02 9.912404e-01 -1.093340e-01 -6.366505e+00 5.363469e-01 5.282428e-02 8.423429e-01 4.774741e+01
9.758355e-01 1.646431e-01 -1.436586e-01 4.546474e+01 -1.245331e-01 9.592878e-01 2.534923e-01 -6.390462e+00 1.795458e-01 -2.294766e-01 9.566106e-01 4.783249e+01
8.161932e-01 1.694616e-03 -5.777766e-01 4.561441e+01 -1.059142e-01 9.834893e-01 -1.467346e-01 -6.409031e+00 5.679884e-01 1.809586e-01 8.028967e-01 4.777005e+01
9.866287e-01 -4.830290e-02 -1.556621e-01 4.584191e+01 8.545144e-02 9.665870e-01 2.416766e-01 -6.430330e+00 1.387873e-01 -2.517466e-01 9.577900e-01 4.758761e+01
8.655105e-01 1.731172e-01 -4.700234e-01 4.612846e+01 -2.354368e-01 9.688591e-01 -7.669154e-02 -6.455548e+00 4.421098e-01 1.770381e-01 8.793159e-01 4.746066e+01
9.722530e-01 -1.747255e-01 -1.555479e-01 4.639758e+01 1.963226e-01 9.710070e-01 1.363925e-01 -6.480858e+00 1.272068e-01 -1.631456e-01 9.783670e-01 4.738288e+01
6.994242e-01 3.570818e-01 -6.191109e-01 4.677157e+01 -3.108095e-01 9.320107e-01 1.864229e-01 -6.510951e+00 6.435862e-01 6.203684e-02 7.628553e-01 4.746436e+01
7.522230e-01 -1.032196e-01 -6.507736e-01 4.715822e+01 8.305287e-02 9.946296e-01 -6.175880e-02 -6.556735e+00 6.536535e-01 -7.592231e-03 7.567559e-01 4.809143e+01
6.688332e-01 3.224857e-01 -6.698246e-01 4.725076e+01 -1.588416e-02 9.070069e-01 4.208160e-01 -6.602208e+00 7.432428e-01 -2.708161e-01 6.117588e-01 4.910887e+01
8.161782e-01 1.760422e-01 -5.503293e-01 4.756622e+01 -2.609628e-01 9.620888e-01 -7.926888e-02 -6.646942e+00 5.155110e-01 2.083130e-01 8.311763e-01 4.978958e+01
3.851544e-01 1.231327e-01 -9.146007e-01 4.761277e+01 1.910562e-01 9.589484e-01 2.095603e-01 -6.710959e+00 9.028586e-01 -2.554532e-01 3.458179e-01 5.166378e+01
9.586633e-01 2.650065e-01 -1.036162e-01 4.776911e+01 -2.495020e-01 9.579588e-01 1.416465e-01 -6.758773e+00 1.367973e-01 -1.099388e-01 9.844795e-01 5.270149e+01
8.144341e-01 -1.590340e-01 -5.580370e-01 4.820293e+01 8.115670e-02 9.834752e-01 -1.618337e-01 -6.790415e+00 5.745526e-01 8.651446e-02 8.138824e-01 5.247616e+01
9.807456e-01 1.440926e-01 -1.318158e-01 4.849208e+01 -1.025570e-01 9.544278e-01 2.802670e-01 -6.815755e+00 1.661930e-01 -2.613520e-01 9.508286e-01 5.230589e+01
8.424779e-01 8.159791e-04 -5.387303e-01 4.869823e+01 -1.139689e-01 9.776359e-01 -1.767462e-01 -6.837250e+00 5.265378e-01 2.103032e-01 8.237296e-01 5.220017e+01
9.938863e-01 -6.255856e-02 -9.097554e-02 4.880229e+01 8.477763e-02 9.602802e-01 2.658471e-01 -6.854333e+00 7.073100e-02 -2.719345e-01 9.597129e-01 5.206489e+01
7.827499e-01 1.782935e-01 -5.962499e-01 4.871115e+01 -2.718118e-01 9.598141e-01 -6.982321e-02 -6.862773e+00 5.598401e-01 2.167219e-01 7.997567e-01 5.169014e+01
9.582641e-01 -2.088919e-01 -1.951773e-01 4.824680e+01 2.276537e-01 9.705336e-01 7.898345e-02 -6.854270e+00 1.729271e-01 -1.201198e-01 9.775824e-01 5.117442e+01
7.941808e-01 3.124678e-01 -5.211917e-01 4.773898e+01 -2.992474e-01 9.475672e-01 1.121041e-01 -6.841640e+00 5.288931e-01 6.693437e-02 8.460448e-01 5.089551e+01
9.285117e-01 -1.919082e-01 -3.178637e-01 4.738171e+01 1.653162e-01 9.802108e-01 -1.088911e-01 -6.835954e+00 3.324705e-01 4.855860e-02 9.418627e-01 5.068603e+01
7.821880e-01 2.995967e-01 -5.462817e-01 4.724099e+01 -1.345927e-01 9.373460e-01 3.213523e-01 -6.841305e+00 6.083311e-01 -1.778324e-01 7.735043e-01 5.042412e+01
9.293322e-01 -2.268580e-02 -3.685471e-01 4.709682e+01 -6.712286e-02 9.711015e-01 -2.290336e-01 -6.844109e+00 3.630924e-01 2.375862e-01 9.009532e-01 5.025257e+01
9.263637e-01 7.392254e-04 -3.766294e-01 4.724508e+01 1.175927e-01 9.494392e-01 2.910964e-01 -6.862917e+00 3.578019e-01 -3.139500e-01 8.794391e-01 5.000202e+01
9.195209e-01 1.753394e-01 -3.517633e-01 4.744062e+01 -2.357876e-01 9.621315e-01 -1.367740e-01 -6.884186e+00 3.144607e-01 2.087079e-01 9.260429e-01 4.964957e+01
9.229950e-01 -1.859253e-01 -3.369153e-01 4.766840e+01 2.406617e-01 9.620809e-01 1.283834e-01 -6.907040e+00 3.002701e-01 -1.995798e-01 9.327410e-01 4.931053e+01
9.001842e-01 3.072409e-01 -3.086608e-01 4.779823e+01 -3.078584e-01 9.502204e-01 4.800512e-02 -6.925343e+00 3.080449e-01 5.181035e-02 9.499600e-01 4.903780e+01
8.516739e-01 -2.352512e-01 -4.683037e-01 4.793371e+01 2.203331e-01 9.715076e-01 -8.732886e-02 -6.943863e+00 4.755049e-01 -2.880709e-02 8.792413e-01 4.854884e+01
9.213418e-01 2.924616e-01 -2.561163e-01 4.816068e+01 -2.303255e-01 9.413952e-01 2.464248e-01 -6.965130e+00 3.131765e-01 -1.680513e-01 9.347081e-01 4.831924e+01
7.845084e-01 -9.593905e-02 -6.126518e-01 4.840240e+01 -1.943875e-02 9.836696e-01 -1.789307e-01 -6.987174e+00 6.198134e-01 1.522818e-01 7.698322e-01 4.820992e+01
9.839377e-01 2.637915e-02 -1.765522e-01 4.876272e+01 2.027603e-02 9.661060e-01 2.573483e-01 -7.013320e+00 1.773568e-01 -2.567944e-01 9.500533e-01 4.771253e+01
9.460909e-01 8.715155e-02 -3.119561e-01 4.917270e+01 -1.456699e-01 9.747090e-01 -1.694777e-01 -7.046539e+00 2.892962e-01 2.057839e-01 9.348586e-01 4.756037e+01
9.964741e-01 -8.283090e-02 -1.335649e-02 4.962814e+01 8.326117e-02 9.566455e-01 2.791004e-01 -7.087756e+00 -1.034071e-02 -2.792284e-01 9.601690e-01 4.777575e+01
9.907417e-01 1.288119e-01 -4.287567e-02 5.049405e+01 -1.352847e-01 9.631516e-01 -2.324587e-01 -7.145136e+00 1.135232e-02 2.361070e-01 9.716608e-01 4.771622e+01
9.285915e-01 -5.223054e-02 -3.674097e-01 5.116652e+01 1.508042e-01 9.577245e-01 2.449936e-01 -7.192234e+00 3.390811e-01 -2.829059e-01 8.972114e-01 4.759656e+01
8.957336e-01 2.398349e-01 -3.743534e-01 5.134943e+01 -2.796093e-01 9.585412e-01 -5.493151e-02 -7.212086e+00 3.456586e-01 1.538767e-01 9.256576e-01 4.747368e+01
8.321670e-01 -1.517099e-01 -5.333688e-01 5.117558e+01 2.018678e-01 9.787298e-01 3.656885e-02 -7.215274e+00 5.164761e-01 -1.381014e-01 8.450920e-01 4.733001e+01
9.206823e-01 2.903574e-01 -2.608385e-01 5.100122e+01 -2.669330e-01 9.559669e-01 1.219592e-01 -7.217366e+00 2.847647e-01 -4.265931e-02 9.576478e-01 4.718899e+01
9.267205e-01 -2.082869e-01 -3.127390e-01 5.116089e+01 1.790506e-01 9.765187e-01 -1.198004e-01 -7.236811e+00 3.303483e-01 5.502536e-02 9.422538e-01 4.692805e+01
8.572748e-01 2.668289e-01 -4.403206e-01 5.140411e+01 -1.386462e-01 9.432749e-01 3.016781e-01 -7.261008e+00 4.958398e-01 -1.975723e-01 8.456406e-01 4.684096e+01
9.296131e-01 -5.599724e-02 -3.642578e-01 5.176517e+01 -2.049562e-02 9.790039e-01 -2.028084e-01 -7.291368e+00 3.679665e-01 1.959990e-01 9.089472e-01 4.666752e+01
9.686137e-01 1.136699e-02 -2.483109e-01 5.222744e+01 5.354193e-02 9.659637e-01 2.530760e-01 -7.324800e+00 2.427361e-01 -2.584280e-01 9.350370e-01 4.625029e+01
8.175854e-01 1.238481e-01 -5.623307e-01 5.268778e+01 -2.141023e-01 9.719609e-01 -9.722286e-02 -7.357435e+00 5.345226e-01 1.998843e-01 8.211771e-01 4.571354e+01
9.842996e-01 -1.628060e-01 -6.817977e-02 5.300567e+01 1.721269e-01 9.708849e-01 1.665979e-01 -7.384001e+00 3.907158e-02 -1.757178e-01 9.836649e-01 4.549266e+01
8.440962e-01 2.628044e-01 -4.673708e-01 5.324680e+01 -2.780923e-01 9.598235e-01 3.746306e-02 -7.407436e+00 4.584389e-01 9.834979e-02 8.832673e-01 4.544913e+01
9.676832e-01 -2.107469e-01 -1.384735e-01 5.332995e+01 2.168520e-01 9.757305e-01 3.041680e-02 -7.423728e+00 1.287025e-01 -5.946209e-02 9.898989e-01 4.547850e+01
8.479579e-01 2.977846e-01 -4.385109e-01 5.328538e+01 -2.542908e-01 9.543999e-01 1.563877e-01 -7.433690e+00 4.650846e-01 -2.110094e-02 8.850147e-01 4.534725e+01
9.024792e-01 -1.443560e-01 -4.058235e-01 5.306650e+01 1.010668e-01 9.868336e-01 -1.262734e-01 -7.435543e+00 4.187086e-01 7.294386e-02 9.051863e-01 4.504136e+01
9.512640e-01 1.654611e-01 -2.602295e-01 5.317201e+01 -9.994858e-02 9.637411e-01 2.474132e-01 -7.452193e+00 2.917312e-01 -2.093457e-01 9.333099e-01 4.478316e+01
9.084587e-01 -2.443296e-02 -4.172598e-01 5.351514e+01 -5.264763e-02 9.836501e-01 -1.722229e-01 -7.479602e+00 4.146456e-01 1.784251e-01 8.923192e-01 4.437995e+01
9.079744e-01 6.233684e-02 -4.143629e-01 5.391939e+01 4.638732e-02 9.678411e-01 2.472486e-01 -7.507717e+00 4.164501e-01 -2.437166e-01 8.758833e-01 4.417034e+01
9.309195e-01 1.505992e-01 -3.327293e-01 5.414153e+01 -1.854896e-01 9.797399e-01 -7.552024e-02 -7.531085e+00 3.146149e-01 1.320211e-01 9.399936e-01 4.415207e+01
9.608245e-01 -1.375014e-01 -2.406443e-01 5.425347e+01 1.674137e-01 9.798942e-01 1.085354e-01 -7.547481e+00 2.208822e-01 -1.445706e-01 9.645260e-01 4.396923e+01
9.019533e-01 2.439481e-01 -3.563280e-01 5.436152e+01 -2.444660e-01 9.686433e-01 4.434622e-02 -7.563763e+00 3.559729e-01 4.711186e-02 9.333080e-01 4.375823e+01
9.317279e-01 -1.579656e-01 -3.270015e-01 5.418416e+01 1.570474e-01 9.871536e-01 -2.939081e-02 -7.565892e+00 3.274434e-01 -2.397050e-02 9.445667e-01 4.367806e+01
8.841985e-01 2.585840e-01 -3.890082e-01 5.424047e+01 -1.864431e-01 9.589510e-01 2.136631e-01 -7.578394e+00 4.282896e-01 -1.163927e-01 8.961142e-01 4.366306e+01
9.342432e-01 -7.819449e-02 -3.479586e-01 5.441371e+01 3.447828e-02 9.909003e-01 -1.301070e-01 -7.597260e+00 3.549660e-01 1.095545e-01 9.284379e-01 4.365361e+01
9.430247e-01 1.219077e-01 -3.095851e-01 5.459933e+01 -4.267048e-02 9.670878e-01 2.508393e-01 -7.616935e+00 3.299752e-01 -2.233376e-01 9.171896e-01 4.354228e+01
8.951745e-01 8.077754e-02 -4.383351e-01 5.464900e+01 -1.525332e-01 9.795796e-01 -1.309861e-01 -7.630537e+00 4.188034e-01 1.841161e-01 8.892159e-01 4.337905e+01
