1.000000e+00 1.197624e-11 1.704639e-10 3.214096e-14 1.197625e-11 1.000000e+00 3.562503e-10 -1.998401e-15 1.704639e-10 3.562503e-10 1.000000e+00 -4.041212e-14 0.000000e+00 0.000000e+00 0.000000e+00 1.000000e+00
-3.461033e-01 -4.067826e-02 9.373141e-01 -1.536188e+00 4.493844e-01 8.698084e-01 2.036838e-01 -8.737564e-03 -8.235692e-01 4.917100e-01 -2.827633e-01 5.842339e-01
9.931092e-01 -1.126417e-01 -3.234144e-02 -4.297920e+00 1.137850e-01 9.928530e-01 3.599804e-02 5.233807e-02 2.805542e-02 -3.942995e-02 9.988284e-01 6.912657e-01
3.210663e-01 -9.046513e-02 9.427261e-01 -6.297617e+00 4.764887e-01 8.756917e-01 -7.824640e-02 1.050337e-01 -8.184589e-01 4.743206e-01 3.242607e-01 1.392723e+00
9.464610e-01 1.566093e-01 -2.822853e-01 -7.897167e+00 -9.148582e-02 9.687155e-01 2.306961e-01 1.310396e-01 3.095833e-01 -1.925198e-01 9.311790e-01 2.629649e+00
-9.271593e-03 -1.577840e-01 9.874301e-01 -9.048056e+00 5.687883e-01 8.113315e-01 1.349855e-01 1.231488e-01 -8.224317e-01 5.628902e-01 8.222336e-02 4.288953e+00
9.854481e-01 1.135448e-01 1.264893e-01 -1.072670e+01 -1.045486e-01 9.916388e-01 -7.564408e-02 1.324335e-01 -1.340207e-01 6.131904e-02 9.890796e-01 5.738434e+00
-4.420363e-01 -1.610667e-01 8.824179e-01 -1.227431e+01 3.064775e-01 8.974252e-01 3.173320e-01 1.049111e-01 -8.430157e-01 4.107135e-01 -3.473312e-01 7.002859e+00
9.179750e-01 -2.166274e-01 3.322567e-01 -1.485727e+01 2.518897e-01 9.654714e-01 -6.645719e-02 1.065441e-01 -3.063879e-01 1.446981e-01 9.408448e-01 8.654989e+00
-2.919395e-01 8.486182e-02 9.526646e-01 -1.731579e+01 4.638091e-01 8.836625e-01 6.341687e-02 1.096805e-01 -8.364523e-01 4.603684e-01 -2.973357e-01 1.079889e+01
9.719696e-01 -7.872610e-03 2.349747e-01 -1.891879e+01 -1.853820e-02 9.937611e-01 1.099781e-01 8.659125e-02 -2.343745e-01 -1.112513e-01 9.657597e-01 1.277097e+01
-4.607134e-01 -1.076065e-01 8.810017e-01 -2.004939e+01 4.609372e-01 8.192568e-01 3.411087e-01 2.610696e-02 -7.584722e-01 5.632398e-01 -3.278428e-01 1.460455e+01
9.934163e-01 9.508058e-02 6.390336e-02 -2.087689e+01 -8.597546e-02 9.874289e-01 -1.326360e-01 -4.856031e-02 -7.571114e-02 1.262687e-01 9.891026e-01 1.708091e+01
-2.458828e-01 -2.229426e-01 9.433124e-01 -2.146606e+01 1.946770e-01 9.420010e-01 2.733770e-01 -1.174268e-01 -9.495486e-01 2.508599e-01 -1.882200e-01 1.931426e+01
9.767856e-01 -1.444462e-01 -1.581937e-01 -2.234368e+01 1.351150e-01 9.884738e-01 -6.828958e-02 -1.623546e-01 1.662345e-01 4.532995e-02 9.850438e-01 2.144294e+01
-9.463104e-02 3.011907e-02 9.950567e-01 -2.368524e+01 3.605505e-01 9.327200e-01 6.056545e-03 -1.735033e-01 -9.279269e-01 3.593413e-01 -9.912371e-02 2.329766e+01
9.927791e-01 1.807476e-02 1.185871e-01 -2.418181e+01 -3.353987e-02 9.909801e-01 1.297439e-01 -2.440885e-01 -1.151724e-01 -1.327844e-01 9.844306e-01 2.553284e+01
-4.317455e-02 -2.011750e-01 9.786034e-01 -2.413420e+01 3.209901e-01 9.247905e-01 2.042741e-01 -3.594953e-01 -9.460979e-01 3.229414e-01 2.464777e-02 2.799723e+01
8.619300e-01 2.769625e-01 -4.246981e-01 -2.417211e+01 -2.749926e-01 9.590841e-01 6.735596e-02 -4.447127e-01 4.259762e-01 5.873268e-02 9.028260e-01 3.011050e+01
3.685944e-01 -4.089223e-01 8.348178e-01 -2.380596e+01 1.531445e-01 9.124906e-01 3.793517e-01 -5.540357e-01 -9.168887e-01 -1.197916e-02 3.989631e-01 3.218249e+01
9.668260e-01 1.044101e-01 -2.331222e-01 -2.380921e+01 -1.567947e-01 9.630574e-01 -2.189425e-01 -6.354682e-01 2.016503e-01 2.482316e-01 9.474799e-01 3.413125e+01
-1.678570e-01 -2.352160e-01 9.573387e-01 -2.429144e+01 5.055936e-02 9.677855e-01 2.466477e-01 -6.978229e-01 -9.845140e-01 8.980398e-02 -1.505572e-01 3.626076e+01
9.218159e-01 -1.964755e-01 -3.341449e-01 -2.479914e+01 1.749446e-01 9.801118e-01 -9.367575e-02 -7.525835e-01 3.459043e-01 2.789495e-02 9.378550e-01 3.815959e+01
-2.566517e-01 1.448412e-01 9.555893e-01 -2.589847e+01 3.552507e-01 9.336336e-01 -4.610022e-02 -7.762714e-01 -8.988475e-01 3.276421e-01 -2.910736e-01 4.000471e+01
9.791559e-01 4.976032e-02 -1.969205e-01 -2.656440e+01 8.493571e-03 9.586457e-01 2.844754e-01 -8.326863e-01 2.029326e-01 -2.802184e-01 9.382409e-01 4.215868e+01
7.016808e-02 -1.194748e-01 9.903546e-01 -2.711089e+01 5.391895e-01 8.398164e-01 6.311174e-02 -8.850215e-01 -8.392563e-01 5.295603e-01 1.233479e-01 4.428918e+01
9.442668e-01 3.176320e-01 -8.642974e-02 -2.747646e+01 -3.081890e-01 9.452948e-01 1.069453e-01 -9.470046e-01 1.156708e-01 -7.434824e-02 9.905012e-01 4.624342e+01
-1.038299e-01 -4.158018e-01 9.035088e-01 -2.831187e+01 4.144770e-01 8.076913e-01 4.193369e-01 -9.847200e-01 -9.041173e-01 4.180234e-01 8.847777e-02 4.816559e+01
8.685202e-01 2.119469e-01 -4.480527e-01 -2.897914e+01 -3.054877e-01 9.407569e-01 -1.471519e-01 -1.023549e+00 3.903203e-01 2.646790e-01 8.818135e-01 5.012141e+01
-2.405635e-01 -3.035191e-01 9.219573e-01 -3.018926e+01 1.621762e-01 9.239303e-01 3.464848e-01 -1.029279e+00 -9.569891e-01 2.328712e-01 -1.730404e-01 5.164668e+01
3.903364e-01 1.250083e-01 -9.121461e-01 -3.057436e+01 -2.524528e-01 9.672981e-01 2.453420e-02 -1.070237e+00 8.853842e-01 2.206972e-01 4.091303e-01 5.334838e+01
1.174481e-01 -3.528665e-01 9.282732e-01 -3.054578e+01 4.873718e-02 9.356643e-01 3.495097e-01 -1.131903e+00 -9.918824e-01 4.192152e-03 1.270898e-01 5.483006e+01
6.362094e-01 3.033362e-02 -7.709199e-01 -3.084949e+01 -2.061257e-01 9.695874e-01 -1.319567e-01 -1.179569e+00 7.434714e-01 2.428585e-01 6.231131e-01 5.653690e+01
-1.344415e-01 -2.026428e-01 9.699801e-01 -3.141193e+01 5.934573e-02 9.754631e-01 2.120138e-01 -1.209816e+00 -9.891428e-01 8.606763e-02 -1.191167e-01 5.810399e+01
6.942326e-01 -8.979307e-02 -7.141276e-01 -3.215764e+01 5.975094e-02 9.959526e-01 -6.714288e-02 -1.237321e+00 7.172663e-01 3.942983e-03 6.967880e-01 5.988815e+01
3.288146e-03 7.063938e-02 9.974965e-01 -3.281162e+01 1.915622e-01 9.789839e-01 -6.995985e-02 -1.257890e+00 -9.814750e-01 1.913126e-01 -1.031279e-02 6.137638e+01
4.103900e-01 1.494962e-01 -8.995727e-01 -3.314402e+01 9.369868e-02 9.743367e-01 2.046668e-01 -1.282529e+00 9.070836e-01 -1.682820e-01 3.858504e-01 6.232183e+01
-2.942239e-01 1.710007e-01 9.403143e-01 -3.373069e+01 4.429914e-01 8.961947e-01 -2.436558e-02 -1.296949e+00 -8.468713e-01 4.093822e-01 -3.394337e-01 6.320515e+01
3.607855e-01 3.483394e-01 -8.651552e-01 -3.459221e+01 1.027045e-01 9.071516e-01 4.080782e-01 -1.300719e+00 9.269766e-01 -2.360840e-01 2.915111e-01 6.433681e+01
-6.674382e-01 3.410224e-01 6.619895e-01 -3.580180e+01 6.542922e-01 6.930349e-01 3.026622e-01 -1.298799e+00 -3.555672e-01 6.351428e-01 -6.856862e-01 6.564713e+01
-3.079812e-01 7.040364e-01 -6.399065e-01 -3.611335e+01 1.185571e-01 6.957578e-01 7.084245e-01 -1.322232e+00 9.439766e-01 1.423159e-01 -2.977488e-01 6.654391e+01
-7.896938e-01 5.227501e-01 3.211168e-01 -3.696595e+01 5.944333e-01 5.224857e-01 6.112755e-01 -1.312834e+00 1.517654e-01 6.736030e-01 -7.233438e-01 6.652393e+01
-7.743583e-01 5.826844e-01 2.466739e-01 -3.686941e+01 5.675487e-01 4.672582e-01 6.779072e-01 -1.348069e+00 2.797456e-01 6.649425e-01 -6.925271e-01 6.709740e+01
-7.164438e-01 4.330961e-01 5.469333e-01 -3.619973e+01 6.974185e-01 4.246520e-01 5.773025e-01 -1.421596e+00 1.777119e-02 7.950462e-01 -6.062885e-01 6.794133e+01
-7.151740e-01 5.426678e-01 4.404972e-01 -3.524643e+01 6.752833e-01 3.738682e-01 6.357790e-01 -1.505138e+00 1.803289e-01 7.521531e-01 -6.338354e-01 6.869771e+01
-6.158099e-01 5.096645e-01 6.008496e-01 -3.426484e+01 7.867641e-01 3.569367e-01 5.035856e-01 -1.585171e+00 4.219446e-02 7.828399e-01 -6.207909e-01 6.932060e+01
-5.832368e-01 6.466831e-01 4.915646e-01 -3.333506e+01 7.950498e-01 3.304020e-01 5.086554e-01 -1.667202e+00 1.665249e-01 6.874849e-01 -7.068479e-01 7.006427e+01
-6.566794e-01 6.979032e-01 2.858379e-01 -3.250359e+01 5.886853e-01 2.374388e-01 7.727046e-01 -1.763131e+00 4.714040e-01 6.756878e-01 -5.667666e-01 7.115210e+01
-6.439006e-01 4.294069e-01 6.332470e-01 -3.158767e+01 7.485007e-01 1.820219e-01 6.376635e-01 -1.860938e+00 1.585523e-01 8.845777e-01 -4.386154e-01 7.222628e+01
-7.317514e-01 5.751537e-01 3.657022e-01 -3.015955e+01 4.683227e-01 3.446515e-02 8.828851e-01 -1.993181e+00 4.951907e-01 8.173190e-01 -2.945775e-01 7.345061e+01
-5.524587e-01 1.931206e-01 8.108599e-01 -2.904862e+01 8.255131e-01 -7.915403e-03 5.643275e-01 -2.099994e+00 1.154015e-01 9.811431e-01 -1.550507e-01 7.460527e+01
-3.060930e-01 6.342376e-01 7.099646e-01 -2.831534e+01 9.055343e-01 -3.617585e-02 4.227279e-01 -2.169597e+00 2.937935e-01 7.722914e-01 -5.632507e-01 7.538336e+01
-8.080712e-02 7.606039e-01 6.441676e-01 -2.768657e+01 9.967239e-01 5.945305e-02 5.483382e-02 -2.234165e+00 3.409092e-03 6.464882e-01 -7.629164e-01 7.616713e+01
-1.789282e-01 9.484108e-01 2.617282e-01 -2.676739e+01 9.449985e-01 9.163836e-02 3.139750e-01 -2.322434e+00 2.737930e-01 3.035117e-01 -9.126434e-01 7.710251e+01
-3.124286e-02 8.667622e-01 4.977420e-01 -2.642882e+01 9.186295e-01 2.211445e-01 -3.274368e-01 -2.362803e+00 -3.938828e-01 4.470104e-01 -8.031426e-01 7.757228e+01
-2.927997e-01 9.424131e-01 -1.616352e-01 -2.602896e+01 9.535146e-01 3.003817e-01 2.409652e-02 -2.411465e+00 7.126114e-02 -1.470661e-01 -9.865563e-01 7.818073e+01
-2.798300e-01 8.863206e-01 3.689593e-01 -2.564758e+01 7.033614e-01 4.508412e-01 -5.495680e-01 -2.456107e+00 -6.534355e-01 1.057261e-01 -7.495626e-01 7.871548e+01
-6.923739e-01 7.028339e-01 -1.632264e-01 -2.532739e+01 6.836274e-01 5.666252e-01 -4.599886e-01 -2.489751e+00 -2.308074e-01 -4.300701e-01 -8.727930e-01 7.901435e+01
-6.845405e-01 6.987055e-01 -2.078819e-01 -2.520573e+01 7.212420e-01 6.077298e-01 -3.323771e-01 -2.534415e+00 -1.058977e-01 -3.774588e-01 -9.199514e-01 7.978722e+01
-2.119528e-01 7.997839e-01 -5.616241e-01 -2.602798e+01 8.990912e-01 3.848164e-01 2.086895e-01 -2.534165e+00 3.830287e-01 -4.607190e-01 -8.006416e-01 8.039635e+01
9.466196e-03 9.998436e-01 -1.494028e-02 -2.758812e+01 8.945869e-01 -1.791946e-03 4.468903e-01 -2.491793e+00 4.467937e-01 -1.759574e-02 -8.944640e-01 8.041911e+01
1.117400e-01 9.741294e-01 1.964333e-01 -2.950524e+01 4.187474e-01 -2.254210e-01 8.796795e-01 -2.432258e+00 9.012018e-01 -1.603944e-02 -4.331027e-01 8.048982e+01
-4.841505e-01 7.614280e-01 4.310750e-01 -3.065250e+01 2.008874e-01 -3.827755e-01 9.017356e-01 -2.421928e+00 8.516118e-01 5.231733e-01 3.235964e-02 8.016398e+01
-9.217952e-01 3.425256e-01 1.815759e-01 -2.998983e+01 1.288021e-02 -4.410514e-01 8.973894e-01 -2.519699e+00 3.874631e-01 8.295480e-01 4.021472e-01 8.116095e+01
-4.639773e-01 3.064324e-01 -8.311584e-01 -3.001177e+01 -8.831468e-01 -8.680638e-02 4.609949e-01 -2.575006e+00 6.911395e-02 9.479261e-01 3.109010e-01 8.084127e+01
-4.993752e-01 -8.652208e-01 4.491511e-02 -2.997906e+01 2.539319e-01 -9.660151e-02 9.623859e-01 -2.619160e+00 -8.283375e-01 4.919970e-01 2.679476e-01 8.178858e+01
-9.146768e-01 2.602837e-01 -3.092228e-01 -2.961572e+01 -3.840718e-01 -3.213726e-01 8.655683e-01 -2.674347e+00 1.259176e-01 9.104790e-01 3.939197e-01 8.268964e+01
-9.710848e-01 -2.225369e-01 8.643822e-02 -3.072497e+01 1.434912e-01 -2.546990e-01 9.563152e-01 -2.648295e+00 -1.907997e-01 9.410663e-01 2.792665e-01 8.264597e+01
-6.143629e-01 3.375354e-01 -7.131816e-01 -3.195325e+01 -7.065250e-01 1.670487e-01 6.876897e-01 -2.616241e+00 3.512557e-01 9.263717e-01 1.358487e-01 8.224901e+01
-6.685392e-02 -7.579720e-01 6.488521e-01 -3.211580e+01 9.230328e-01 1.999499e-01 3.286800e-01 -2.622795e+00 -3.788681e-01 6.208853e-01 6.862655e-01 8.189907e+01
-2.668137e-01 9.250839e-01 -2.702410e-01 -3.229169e+01 -2.954790e-01 1.883804e-01 9.365922e-01 -2.627840e+00 9.173345e-01 3.297462e-01 2.230804e-01 8.153718e+01
-3.892360e-01 -1.774234e-01 9.038895e-01 -3.325884e+01 9.092980e-01 8.281829e-02 4.078214e-01 -2.604877e+00 -1.472156e-01 9.806437e-01 1.290948e-01 8.164060e+01
-3.849847e-01 9.198050e-01 7.579941e-02 -3.452318e+01 5.471150e-01 1.613078e-01 8.213677e-01 -2.557292e+00 7.432711e-01 3.576850e-01 -5.653402e-01 8.116330e+01
3.725041e-01 4.882069e-01 7.892368e-01 -3.487456e+01 7.826181e-01 2.917932e-01 -5.498779e-01 -2.552380e+00 -4.987481e-01 8.225027e-01 -2.733854e-01 8.124114e+01
-4.742786e-01 8.365847e-01 -2.742003e-01 -3.509482e+01 8.738921e-01 4.096415e-01 -2.617375e-01 -2.553394e+00 -1.066418e-01 -3.637580e-01 -9.253689e-01 8.120000e+01
-4.190748e-01 8.719541e-01 2.531253e-01 -3.595585e+01 3.036532e-01 3.973317e-01 -8.659805e-01 -2.527670e+00 -8.556699e-01 -2.860483e-01 -4.312833e-01 8.054702e+01
-4.532254e-01 2.059144e-01 -8.672866e-01 -3.807402e+01 8.912141e-01 8.502455e-02 -4.455426e-01 -2.444855e+00 -1.800297e-02 -9.748693e-01 -2.220491e-01 8.010530e+01
-1.938444e-01 9.474427e-01 -2.545127e-01 -3.963352e+01 2.758084e-01 -1.963380e-01 -9.409469e-01 -2.391472e+00 -9.414638e-01 -2.525941e-01 -2.232536e-01 7.994692e+01
-6.975855e-02 9.702182e-02 -9.928346e-01 -4.124465e+01 8.677238e-01 -4.850886e-01 -1.083719e-01 -2.334931e+00 -4.921272e-01 -8.690660e-01 -5.034906e-02 7.961433e+01
-5.554373e-01 8.302962e-01 -4.579939e-02 -4.233806e+01 -7.842884e-01 -5.413731e-01 -3.029965e-01 -2.301658e+00 -2.763714e-01 -1.323756e-01 9.518905e-01 7.822224e+01
-1.124338e-01 -8.800516e-01 4.613760e-01 -4.304317e+01 -2.261929e-01 -4.294622e-01 -8.742991e-01 -2.279607e+00 9.675719e-01 -2.026608e-01 -1.507753e-01 7.693248e+01
9.581850e-01 -1.666936e-01 2.325827e-01 -4.393587e+01 -2.855676e-01 -5.052416e-01 8.143599e-01 -2.249482e+00 -1.823810e-02 -8.467255e-01 -5.317172e-01 7.580135e+01
1.058870e-01 -2.322261e-01 -9.668811e-01 -4.458042e+01 -8.281373e-01 -5.588326e-01 4.352816e-02 -2.231190e+00 -5.504330e-01 7.961012e-01 -2.514882e-01 7.454022e+01
-5.207708e-01 -8.288523e-01 -2.044543e-01 -4.461715e+01 8.198559e-01 -5.523346e-01 1.508737e-01 -2.237373e+00 -2.379792e-01 -8.905246e-02 9.671792e-01 7.326041e+01
-2.648252e-01 7.690260e-01 5.817789e-01 -4.535994e+01 -4.830659e-02 -6.131421e-01 7.884943e-01 -2.210271e+00 9.630857e-01 1.807094e-01 1.995245e-01 7.186071e+01
8.664915e-01 1.720525e-03 4.991889e-01 -4.668735e+01 4.000990e-01 -6.003936e-01 -6.924220e-01 -2.160272e+00 2.985185e-01 7.997028e-01 -5.209243e-01 7.079886e+01
9.176690e-01 1.507579e-01 3.676353e-01 -4.921223e+01 -3.262885e-01 -2.421009e-01 9.137412e-01 -2.062903e+00 2.267585e-01 -9.584671e-01 -1.729780e-01 7.006713e+01
6.729644e-01 -5.308518e-01 5.150877e-01 -5.181980e+01 1.205440e-01 -6.083508e-01 -7.844606e-01 -1.964894e+00 7.297863e-01 5.900047e-01 -3.454074e-01 6.918555e+01
7.951109e-01 8.731959e-02 6.001449e-01 -5.405578e+01 -5.647153e-01 -2.542103e-01 7.851584e-01 -1.876835e+00 2.211227e-01 -9.631991e-01 -1.528146e-01 6.892802e+01
7.772415e-01 -6.087448e-01 1.591397e-01 -5.489729e+01 -3.294443e-02 -2.919484e-01 -9.558665e-01 -1.865312e+00 6.283393e-01 7.376964e-01 -2.469692e-01 6.976047e+01
-1.709677e-02 -9.716635e-02 9.951213e-01 -5.519975e+01 -9.969915e-01 -7.359783e-02 -2.431519e-02 -1.912633e+00 7.560139e-02 -9.925432e-01 -9.561574e-02 7.131813e+01
-2.118598e-01 -9.770890e-01 2.030870e-02 -5.552891e+01 4.619650e-01 -1.184357e-01 -8.789547e-01 -1.948868e+00 8.612223e-01 -1.768332e-01 4.764727e-01 7.273003e+01
4.957543e-01 4.088041e-01 7.662290e-01 -5.614500e+01 -7.524220e-01 -2.384119e-01 6.140203e-01 -1.938026e+00 4.336922e-01 -8.809307e-01 1.893994e-01 7.340389e+01
-1.083361e-01 -6.986104e-01 7.072530e-01 -5.754825e+01 6.906191e-01 -5.646234e-01 -4.519356e-01 -1.899511e+00 7.150585e-01 4.394815e-01 5.436427e-01 7.365934e+01
6.942649e-03 9.000777e-01 4.356742e-01 -5.941497e+01 -9.752764e-01 -9.014144e-02 2.017685e-01 -1.837280e+00 2.208796e-01 -4.263035e-01 8.771987e-01 7.282980e+01
1.604893e-01 -9.526195e-01 2.583783e-01 -6.084474e+01 2.560133e-01 -2.126373e-01 -9.429966e-01 -1.784324e+00 9.532578e-01 2.174892e-01 2.097573e-01 7.205506e+01
9.345776e-01 3.424446e-01 -9.641760e-02 -6.206647e+01 1.975990e-01 -2.742940e-01 9.411256e-01 -1.738332e+00 2.958366e-01 -8.986070e-01 -3.240158e-01 7.108936e+01
2.708354e-01 2.860167e-01 -9.191532e-01 -6.373137e+01 -8.734815e-01 -3.282805e-01 -3.595302e-01 -1.669175e+00 -4.045717e-01 9.002368e-01 1.609203e-01 7.003260e+01
-2.664415e-01 -9.142806e-01 -3.051227e-01 -6.576818e+01 9.625011e-01 -2.691333e-01 -3.404195e-02 -1.586011e+00 -5.099477e-02 -3.027511e-01 9.517044e-01 6.888889e+01
-1.484268e-01 9.868961e-01 -6.329024e-02 -6.773036e+01 -8.551181e-01 -9.593451e-02 5.094797e-01 -1.509400e+00 4.967318e-01 1.297411e-01 8.581520e-01 6.795075e+01
5.077620e-02 -7.446005e-01 6.655763e-01 -6.965793e+01 8.900852e-01 -2.685175e-01 -3.683025e-01 -1.432383e+00 4.529571e-01 6.111206e-01 6.491236e-01 6.737792e+01
4.049426e-01 9.088432e-01 1.001273e-01 -7.166143e+01 -4.196908e-02 -9.091660e-02 9.949738e-01 -1.354348e+00 9.133784e-01 -4.071095e-01 1.327308e-03 6.638130e+01
8.125762e-01 -1.682954e-02 5.826120e-01 -7.386750e+01 5.087276e-01 -4.673599e-01 -7.230290e-01 -1.272187e+00 2.844577e-01 8.839070e-01 -3.712038e-01 6.508596e+01
8.920061e-01 2.483661e-01 -3.776763e-01 -7.582799e+01 4.408936e-01 -2.937830e-01 8.481181e-01 -1.203537e+00 9.968888e-02 -9.230416e-01 -3.715593e-01 6.366559e+01
2.225973e-01 5.146982e-01 -8.279711e-01 -7.683400e+01 -8.326443e-01 -3.413861e-01 -4.360722e-01 -1.168077e+00 -5.071035e-01 7.864739e-01 3.525689e-01 6.273912e+01
-4.608029e-01 -8.098099e-01 -3.631372e-01 -7.696588e+01 8.097276e-01 -2.161146e-01 -5.455600e-01 -1.172721e+00 3.633207e-01 -5.454378e-01 7.553116e-01 6.172294e+01
2.822186e-01 7.399640e-01 6.105783e-01 -7.678835e+01 -6.226171e-01 -3.429301e-01 7.033824e-01 -1.190199e+00 7.298634e-01 -5.786641e-01 3.639330e-01 6.076023e+01
7.348749e-01 -5.282153e-01 -4.253792e-01 -7.671983e+01 -6.120502e-01 -2.463373e-01 -7.514736e-01 -1.200744e+00 2.921531e-01 8.125925e-01 -5.043213e-01 5.981439e+01
4.952121e-01 -5.020630e-01 -7.090118e-01 -7.667049e+01 6.551796e-01 -3.201218e-01 6.842965e-01 -1.210078e+00 -5.705301e-01 -8.034020e-01 1.704133e-01 5.930489e+01
-9.362831e-02 7.248419e-01 -6.825232e-01 -7.637207e+01 -9.012797e-01 -3.529672e-01 -2.512151e-01 -1.234262e+00 -4.229995e-01 5.916235e-01 6.863330e-01 5.916774e+01
-3.664602e-01 -8.966448e-01 -2.484653e-01 -7.655866e+01 8.876353e-01 -2.568480e-01 -3.822731e-01 -1.235857e+00 2.789454e-01 -3.606344e-01 8.900181e-01 5.894747e+01
1.565506e-01 8.262989e-01 5.410379e-01 -7.682112e+01 -4.737426e-01 -4.178418e-01 7.752265e-01 -1.231762e+00 8.666371e-01 -3.776749e-01 3.260396e-01 5.854822e+01
9.078870e-01 -3.996192e-01 -1.266717e-01 -7.709679e+01 -2.348913e-01 -2.346445e-01 -9.432752e-01 -1.228224e+00 3.472281e-01 8.861413e-01 -3.068978e-01 5.866268e+01
7.179209e-01 -8.163773e-02 -6.913211e-01 -7.712029e+01 6.445365e-01 -2.972262e-01 7.044354e-01 -1.236686e+00 -2.629872e-01 -9.513106e-01 -1.607664e-01 5.861033e+01
4.349649e-01 7.474848e-01 -5.020677e-01 -7.670521e+01 -5.248801e-01 -2.425759e-01 -8.158785e-01 -1.272753e+00 -7.316464e-01 6.184039e-01 2.868279e-01 5.873933e+01
7.951325e-02 -4.016430e-01 -9.123379e-01 -7.613275e+01 9.677394e-01 -1.884049e-01 1.672841e-01 -1.320701e+00 -2.390775e-01 -8.962067e-01 3.737051e-01 5.898873e+01
-8.034191e-02 9.871684e-01 -1.379988e-01 -7.547787e+01 -6.705310e-01 -1.559639e-01 -7.253023e-01 -1.372076e+00 -7.375184e-01 3.426032e-02 6.744574e-01 5.917453e+01
-2.884217e-01 -6.045676e-01 -7.425032e-01 -7.478741e+01 9.365102e-01 -1.662537e-02 -3.502460e-01 -1.426826e+00 1.994030e-01 -7.963803e-01 5.709788e-01 5.937847e+01
-3.012216e-01 8.782979e-01 3.712928e-01 -7.409088e+01 -7.935780e-01 -1.501950e-02 -6.082832e-01 -1.480074e+00 -5.286772e-01 -4.778778e-01 7.015220e-01 5.952661e+01
-3.387358e-01 -7.767553e-01 -5.309513e-01 -7.352975e+01 7.907225e-01 7.081622e-02 -6.080650e-01 -1.523352e+00 5.099176e-01 -6.258085e-01 5.902099e-01 5.958122e+01
-2.948180e-01 7.324965e-01 6.136214e-01 -7.302003e+01 -8.708737e-01 5.832008e-02 -4.880346e-01 -1.564557e+00 -3.932701e-01 -6.782681e-01 6.207181e-01 5.964937e+01
-4.203701e-01 -9.017209e-01 -1.009381e-01 -7.326146e+01 -1.272302e-01 1.687245e-01 -9.774173e-01 -1.564653e+00 8.983883e-01 -3.980346e-01 -1.856528e-01 5.956865e+01
-4.342880e-01 -1.994087e-01 8.784248e-01 -7.265132e+01 -8.989355e-01 1.582197e-01 -4.085114e-01 -1.613122e+00 -5.752339e-02 -9.670588e-01 -2.479684e-01 5.967030e+01
-4.000272e-01 -9.098982e-01 -1.098344e-01 -7.195287e+01 -1.826470e-01 1.965825e-01 -9.633252e-01 -1.663664e+00 8.981193e-01 -3.652953e-01 -2.448285e-01 5.967233e+01
-3.247699e-01 -2.957196e-01 8.983732e-01 -7.129296e+01 -9.435737e-01 1.663402e-01 -2.863557e-01 -1.723015e+00 -6.475458e-02 -9.406811e-01 -3.330555e-01 5.998799e+01
-2.690302e-01 -9.530204e-01 -1.391937e-01 -7.076721e+01 -4.239048e-01 2.469368e-01 -8.713937e-01 -1.773506e+00 8.648280e-01 -1.754263e-01 -4.704234e-01 6.034272e+01
-2.392370e-01 -4.820798e-01 8.428314e-01 -6.997461e+01 -9.649310e-01 2.146355e-01 -1.511284e-01 -1.830108e+00 -1.080456e-01 -8.494296e-01 -5.165225e-01 6.039336e+01
-1.872084e-01 -9.609077e-01 -2.039838e-01 -6.919215e+01 -3.371791e-01 2.578972e-01 -9.054277e-01 -1.892315e+00 9.226393e-01 -1.007246e-01 -3.722785e-01 6.059360e+01
-2.303150e-01 -4.106654e-01 8.822182e-01 -6.845455e+01 -9.626507e-01 2.287526e-01 -1.448305e-01 -1.951540e+00 -1.423328e-01 -8.826246e-01 -4.480125e-01 6.079970e+01
-1.843305e-01 -9.599384e-01 -2.110464e-01 -6.768801e+01 -4.074771e-01 2.700406e-01 -8.723763e-01 -2.009986e+00 8.944186e-01 -7.480902e-02 -4.409296e-01 6.094972e+01
-1.195707e-01 -4.815381e-01 8.682303e-01 -6.703803e+01 -9.739110e-01 2.267767e-01 -8.349929e-03 -2.062686e+00 -1.928736e-01 -8.465775e-01 -4.960911e-01 6.115919e+01
-9.626236e-02 -9.597394e-01 -2.638822e-01 -6.649220e+01 -5.765649e-01 2.698714e-01 -7.711954e-01 -2.109982e+00 8.113609e-01 7.790816e-02 -5.793305e-01 6.137979e+01
3.036846e-02 -6.266127e-01 7.787389e-01 -6.591972e+01 -9.546303e-01 2.127248e-01 2.083968e-01 -2.153787e+00 -2.962411e-01 -7.497364e-01 -5.917233e-01 6.140142e+01
5.450357e-02 -9.395917e-01 -3.379302e-01 -6.526230e+01 -6.568591e-01 2.211558e-01 -7.208511e-01 -2.200956e+00 7.520409e-01 2.612615e-01 -6.051256e-01 6.136501e+01
8.906794e-04 -6.747661e-01 7.380311e-01 -6.448344e+01 -9.647552e-01 1.936313e-01 1.781973e-01 -2.254217e+00 -2.631474e-01 -7.121781e-01 -6.508117e-01 6.126975e+01
4.370877e-02 -9.313101e-01 -3.615951e-01 -6.398602e+01 -7.391428e-01 2.133583e-01 -6.388631e-01 -2.307672e+00 6.721290e-01 2.951944e-01 -6.790456e-01 6.165317e+01
2.223231e-01 -8.400207e-01 4.949117e-01 -6.337683e+01 -8.833612e-01 4.127151e-02 4.668722e-01 -2.384156e+00 -4.126081e-01 -5.409823e-01 -7.328661e-01 6.260293e+01
2.416909e-01 -8.225359e-01 -5.148012e-01 -6.302080e+01 -8.550696e-01 7.027732e-02 -5.137287e-01 -2.433309e+00 4.587391e-01 5.643544e-01 -6.863400e-01 6.319293e+01
2.198821e-01 -8.655724e-01 4.499292e-01 -6.251813e+01 -8.634326e-01 4.197537e-02 5.027148e-01 -2.473905e+00 -4.540220e-01 -4.990215e-01 -7.381338e-01 6.317351e+01
2.950347e-01 -8.244142e-01 -4.830071e-01 -6.187068e+01 -8.164160e-01 4.511759e-02 -5.756989e-01 -2.528048e+00 4.964065e-01 5.641859e-01 -6.597537e-01 6.333287e+01
2.856044e-01 -8.356351e-01 4.691952e-01 -6.126225e+01 -8.552548e-01 -1.346034e-03 5.182060e-01 -2.579620e+00 -4.323996e-01 -5.492834e-01 -7.150653e-01 6.344487e+01
1.415485e-01 -7.756987e-01 -6.150248e-01 -6.056602e+01 -9.816583e-01 -2.983530e-02 -1.882999e-01 -2.631990e+00 1.277145e-01 6.303978e-01 -7.656942e-01 6.362840e+01
2.720755e-01 -9.364892e-01 -2.212756e-01 -5.965394e+01 1.584007e-01 -1.832271e-01 9.702253e-01 -2.685559e+00 -9.491492e-01 -2.990248e-01 9.848890e-02 6.323186e+01
-4.211941e-01 2.213274e-01 -8.795508e-01 -5.886159e+01 -8.910389e-01 -2.819455e-01 3.557476e-01 -2.739878e+00 -1.692487e-01 9.335528e-01 3.159651e-01 6.303291e+01
-5.041487e-01 -8.603769e-01 7.473719e-02 -5.820829e+01 6.876466e-01 -3.475627e-01 6.374499e-01 -2.789325e+00 -5.224713e-01 3.727623e-01 7.668585e-01 6.260235e+01
-6.761488e-01 7.229057e-01 1.422331e-01 -5.739653e+01 -1.341782e-01 -3.106449e-01 9.410080e-01 -2.830425e+00 7.244440e-01 6.171768e-01 3.070403e-01 6.156756e+01
4.290452e-01 -2.593103e-01 8.652621e-01 -5.629994e+01 8.422737e-01 -2.312216e-01 -4.869410e-01 -2.896907e+00 3.263361e-01 9.377072e-01 1.192058e-01 6.141730e+01
4.298802e-01 8.957515e-01 -1.132799e-01 -5.517690e+01 8.247891e-01 -3.385510e-01 4.528864e-01 -2.973769e+00 3.673226e-01 -2.881189e-01 -8.843425e-01 6.146476e+01
4.876423e-01 8.727618e-01 2.217787e-02 -5.450045e+01 3.320841e-01 -1.619337e-01 -9.292457e-01 -3.022022e+00 -8.074188e-01 4.605044e-01 -3.687960e-01 6.152523e+01
-4.883601e-01 5.264366e-01 -6.959661e-01 -5.408614e+01 8.414062e-01 7.259308e-02 -5.355053e-01 -3.083028e+00 -2.313873e-01 -8.471096e-01 -4.783986e-01 6.248730e+01
-5.192338e-01 7.040075e-01 4.845304e-01 -5.371053e+01 -4.573705e-01 2.500236e-01 -8.534052e-01 -3.125190e+00 -7.219477e-01 -6.647267e-01 1.921716e-01 6.297134e+01
-7.028104e-01 -5.387614e-01 4.645360e-01 -5.331403e+01 -6.884268e-01 3.505699e-01 -6.349561e-01 -3.149693e+00 1.792375e-01 -7.660528e-01 -6.172820e-01 6.243394e+01
4.255644e-02 -7.933125e-01 6.073254e-01 -5.222777e+01 -8.561411e-01 2.843758e-01 4.314543e-01 -3.209544e+00 -5.149868e-01 -5.383174e-01 -6.670854e-01 6.183077e+01
-4.435786e-01 -8.326692e-01 -3.315119e-01 -5.134301e+01 -7.809728e-01 1.776509e-01 5.987668e-01 -3.260425e+00 -4.396813e-01 5.245019e-01 -7.290941e-01 6.144406e+01
-5.899725e-01 -8.073524e-01 1.070119e-02 -5.045594e+01 -7.037656e-02 6.462167e-02 9.954251e-01 -3.314897e+00 -8.043504e-01 5.865203e-01 -9.494369e-02 6.103178e+01
-9.679851e-01 -1.540846e-01 1.981486e-01 -5.027883e+01 2.203235e-01 -1.433576e-01 9.648348e-01 -3.338404e+00 -1.202601e-01 9.776024e-01 1.727165e-01 6.112361e+01
-3.494870e-02 6.689631e-03 9.993667e-01 -5.058855e+01 9.944762e-01 -9.879877e-02 3.543902e-02 -3.334201e+00 9.897327e-02 9.950849e-01 -3.199789e-03 6.074435e+01
2.265958e-02 9.687952e-01 2.468245e-01 -5.048437e+01 9.888081e-01 -5.813386e-02 1.374006e-01 -3.351720e+00 1.474619e-01 2.409487e-01 -9.592699e-01 6.080109e+01
1.124017e-01 9.764632e-01 1.840803e-01 -4.999564e+01 4.978691e-01 1.049796e-01 -8.608749e-01 -3.383089e+00 -8.599373e-01 1.884117e-01 -4.743510e-01 6.052766e+01
-6.075823e-01 5.511782e-01 -5.718796e-01 -4.954968e+01 7.715386e-01 2.385982e-01 -5.897450e-01 -3.416628e+00 -1.886051e-01 -7.995458e-01 -5.702233e-01 6.042796e+01
-5.347774e-01 6.463287e-01 5.443090e-01 -4.931476e+01 -3.929179e-01 3.800764e-01 -8.373515e-01 -3.442984e+00 -7.480833e-01 -6.616654e-01 5.069787e-02 6.061473e+01
-8.748896e-01 -4.534844e-01 1.700588e-01 -4.878648e+01 -4.076272e-01 4.998410e-01 -7.641983e-01 -3.475192e+00 2.615496e-01 -7.379098e-01 -6.221583e-01 6.029615e+01
-4.923661e-01 -4.885443e-01 7.203472e-01 -4.806053e+01 -8.444050e-01 4.688221e-01 -2.592028e-01 -3.517775e+00 -2.110826e-01 -7.358874e-01 -6.433613e-01 5.987519e+01
-4.835165e-01 -8.646932e-01 -1.360792e-01 -4.747880e+01 -7.011079e-01 4.756451e-01 -5.312339e-01 -3.564256e+00 5.240797e-01 -1.614542e-01 -8.362254e-01 6.001056e+01
8.823640e-02 -8.217972e-01 5.629064e-01 -4.690086e+01 -7.671938e-01 3.043628e-01 5.646034e-01 -3.615174e+00 -6.353173e-01 -4.816769e-01 -6.036219e-01 6.046356e+01
-5.761794e-01 -7.006373e-01 -4.208618e-01 -4.674137e+01 -6.571903e-01 9.101229e-02 7.482096e-01 -3.640105e+00 -4.859200e-01 7.076892e-01 -5.128915e-01 6.084251e+01
-6.707987e-01 -7.413098e-01 2.210996e-02 -4.618656e+01 1.905595e-01 -1.434695e-01 9.711352e-01 -3.692648e+00 -7.167399e-01 6.556495e-01 2.375028e-01 6.132491e+01
-9.891542e-01 1.129199e-01 -9.393126e-02 -4.563015e+01 -1.293952e-01 -3.673028e-01 9.210568e-01 -3.751386e+00 6.950442e-02 9.232214e-01 3.779304e-01 6.192066e+01
-8.617338e-01 -2.921073e-01 4.148352e-01 -4.520053e+01 5.072717e-01 -4.807302e-01 7.152439e-01 -3.806901e+00 -9.504181e-03 8.267840e-01 5.624392e-01 6.266454e+01
-8.191573e-01 5.062649e-01 -2.695869e-01 -4.419861e+01 -5.344042e-01 -5.029626e-01 6.792943e-01 -3.876725e+00 2.083107e-01 7.005173e-01 6.825556e-01 6.269848e+01
-8.045695e-01 -5.313030e-01 -2.653019e-01 -4.277456e+01 3.208574e-02 -4.849813e-01 8.739357e-01 -3.970197e+00 -5.929911e-01 6.946296e-01 4.072484e-01 6.259512e+01
-6.162765e-01 2.248070e-02 -7.872089e-01 -4.186642e+01 -6.937376e-01 -4.886004e-01 5.291481e-01 -4.034214e+00 -3.727350e-01 8.722180e-01 3.167087e-01 6.246884e+01
-5.472182e-01 -6.973286e-01 -4.629093e-01 -4.130934e+01 -1.169548e-01 -4.839331e-01 8.672545e-01 -4.077916e+00 -8.287785e-01 5.287169e-01 1.832611e-01 6.233266e+01
-5.448872e-01 -8.498392e-02 -8.341916e-01 -4.067737e+01 -6.730483e-01 -5.490216e-01 4.955616e-01 -4.128876e+00 -5.001040e-01 8.314764e-01 2.419565e-01 6.243140e+01
-5.093826e-01 -6.630276e-01 -5.485652e-01 -4.018156e+01 -6.794300e-02 -6.044892e-01 7.937106e-01 -4.173704e+00 -8.578538e-01 4.415736e-01 2.628682e-01 6.258916e+01
-3.386336e-01 -4.849554e-02 -9.396677e-01 -3.971390e+01 -7.356980e-01 -6.089367e-01 2.965546e-01 -4.213936e+00 -5.865797e-01 7.917350e-01 1.705283e-01 6.258246e+01
-3.160668e-01 -7.122328e-01 -6.267585e-01 -3.927939e+01 -2.855869e-02 -6.531823e-01 7.566620e-01 -4.253904e+00 -9.483070e-01 2.570551e-01 1.861088e-01 6.270331e+01
-2.851144e-01 2.892608e-02 -9.580569e-01 -3.886253e+01 -7.005152e-01 -6.885155e-01 1.876829e-01 -4.295344e+00 -6.542081e-01 7.246445e-01 2.165689e-01 6.290690e+01
-9.961232e-02 -6.686848e-01 -7.368433e-01 -3.835868e+01 -1.510000e-01 -7.217909e-01 6.754383e-01 -4.344956e+00 -9.835021e-01 1.785453e-01 -2.907214e-02 6.311889e+01
-5.417896e-01 -7.380002e-02 -8.372679e-01 -3.806395e+01 -4.543570e-01 -8.123341e-01 3.656132e-01 -4.380483e+00 -7.071236e-01 5.785039e-01 4.065827e-01 6.344173e+01
-7.390283e-01 -4.533781e-01 -4.982824e-01 -3.761129e+01 2.180868e-01 -8.608284e-01 4.597964e-01 -4.420881e+00 -6.373973e-01 2.311337e-01 7.350523e-01 6.367559e+01
-7.440944e-01 2.226736e-01 -6.298730e-01 -3.704853e+01 -4.288208e-01 -8.821540e-01 1.947230e-01 -4.463884e+00 -5.122853e-01 4.149950e-01 7.518929e-01 6.367753e+01
-6.541278e-01 -4.247159e-01 -6.258859e-01 -3.635226e+01 1.679360e-01 -8.883676e-01 4.273179e-01 -4.514151e+00 -7.375055e-01 1.744117e-01 6.524310e-01 6.363761e+01
-5.780757e-01 1.759547e-01 -7.967863e-01 -3.559659e+01 -4.117921e-01 -9.059164e-01 9.870495e-02 -4.568514e+00 -7.044542e-01 3.851692e-01 5.961450e-01 6.363642e+01
-4.856417e-01 -3.984018e-01 -7.780926e-01 -3.478027e+01 1.583887e-01 -9.154758e-01 3.698879e-01 -4.625614e+00 -8.596890e-01 5.639193e-02 5.076956e-01 6.363598e+01
-3.315004e-01 1.695806e-01 -9.280894e-01 -3.377024e+01 -3.785846e-01 -9.249500e-01 -3.378191e-02 -4.692552e+00 -8.641650e-01 3.401616e-01 3.708219e-01 6.357194e+01
-1.856158e-01 -3.677174e-01 -9.112248e-01 -3.288301e+01 1.385733e-01 -9.278678e-01 3.462063e-01 -4.752597e+00 -9.728022e-01 -6.201003e-02 2.231828e-01 6.347603e+01
5.936512e-02 1.338687e-01 -9.892194e-01 -3.199450e+01 -3.390306e-01 -9.293595e-01 -1.461139e-01 -4.811720e+00 -9.389004e-01 3.440497e-01 -9.785963e-03 6.334042e+01
3.585810e-01 -3.416452e-01 -8.687337e-01 -3.088830e+01 1.720701e-02 -9.280442e-01 3.720725e-01 -4.883207e+00 -9.333400e-01 -1.483665e-01 -3.269003e-01 6.319127e+01
5.641085e-01 2.036800e-02 -8.254495e-01 -2.993944e+01 -2.963084e-01 -9.281150e-01 -2.253971e-01 -4.945928e+00 -7.707029e-01 3.717360e-01 -5.175223e-01 6.305458e+01
6.429582e-01 -2.567584e-01 -7.215815e-01 -2.905242e+01 2.210533e-02 -9.355204e-01 3.525804e-01 -5.004218e+00 -7.655822e-01 -2.426453e-01 -5.958248e-01 6.294274e+01
6.075256e-01 7.010308e-02 -7.912005e-01 -2.829543e+01 -2.306557e-01 -9.376044e-01 -2.601846e-01 -5.054892e+00 -7.600728e-01 3.405637e-01 -5.534490e-01 6.281079e+01
3.576054e-01 -1.911764e-01 -9.140952e-01 -2.764176e+01 2.266135e-01 -9.318020e-01 2.835337e-01 -5.099673e+00 -9.059606e-01 -3.085395e-01 -2.898943e-01 6.231217e+01
1.172098e-01 2.208343e-01 -9.682428e-01 -2.705036e+01 -2.453685e-01 -9.382969e-01 -2.437071e-01 -5.141720e+00 -9.623181e-01 2.661411e-01 -5.579182e-02 6.186225e+01
6.875944e-02 -1.729326e-01 -9.825306e-01 -2.640798e+01 2.902345e-01 -9.387953e-01 1.855460e-01 -5.196535e+00 -9.544821e-01 -2.979223e-01 -1.436004e-02 6.205953e+01
1.829104e-01 3.931277e-01 -9.011073e-01 -2.583471e+01 -8.844191e-02 -9.062742e-01 -4.133342e-01 -5.256063e+00 -9.791434e-01 1.552988e-01 -1.309981e-01 6.253274e+01
4.101247e-01 -4.384405e-02 -9.109750e-01 -2.519299e+01 3.570132e-01 -9.114180e-01 2.045942e-01 -5.311522e+00 -8.392492e-01 -4.091393e-01 -3.581421e-01 6.271880e+01
4.970741e-01 4.124567e-01 -7.634113e-01 -2.459772e+01 3.064090e-02 -8.875969e-01 -4.596008e-01 -5.361966e+00 -8.671669e-01 2.050640e-01 -4.538395e-01 6.286306e+01
5.074912e-01 1.563074e-01 -8.473610e-01 -2.382946e+01 4.609901e-01 -8.800851e-01 1.137467e-01 -5.431424e+00 -7.279704e-01 -4.483505e-01 -5.186916e-01 6.326973e+01
4.215207e-01 6.060408e-01 -6.745627e-01 -2.308038e+01 2.153785e-01 -7.895008e-01 -5.747178e-01 -5.503633e+00 -8.808702e-01 9.696919e-02 -4.633191e-01 6.380003e+01
5.960784e-01 2.810904e-01 -7.521162e-01 -2.244532e+01 5.916785e-01 -7.869952e-01 1.748000e-01 -5.561369e+00 -5.427773e-01 -5.492055e-01 -6.354260e-01 6.405416e+01
6.954513e-01 5.890774e-01 -4.115037e-01 -2.192078e+01 3.817124e-01 -7.880415e-01 -4.829971e-01 -5.605296e+00 -6.088047e-01 1.788248e-01 -7.729026e-01 6.397035e+01
7.998789e-01 3.705332e-01 -4.721217e-01 -2.140007e+01 5.368112e-01 -7.934861e-01 2.867290e-01 -5.647845e+00 -2.683794e-01 -4.827886e-01 -8.335992e-01 6.387787e+01
8.480022e-01 5.295453e-01 2.177298e-02 -2.065911e+01 5.035367e-01 -7.921741e-01 -3.448348e-01 -5.704977e+00 -1.653577e-01 3.033842e-01 -9.384108e-01 6.388221e+01
8.529651e-01 4.884527e-01 1.840231e-01 -1.980848e+01 3.472821e-01 -7.942661e-01 4.985344e-01 -5.766701e+00 3.896738e-01 -3.613245e-01 -8.471121e-01 6.381384e+01
6.263246e-01 3.609424e-01 6.909689e-01 -1.873641e+01 5.927058e-01 -7.962283e-01 -1.213277e-01 -5.838460e+00 5.063767e-01 4.855318e-01 -7.126300e-01 6.369165e+01
5.111856e-01 6.017665e-01 6.136500e-01 -1.779561e+01 2.827875e-01 -7.919942e-01 5.410881e-01 -5.901639e+00 8.116160e-01 -1.030639e-01 -5.750281e-01 6.355739e+01
4.766658e-01 2.681381e-01 8.371927e-01 -1.709604e+01 6.338610e-01 -7.647024e-01 -1.159757e-01 -5.951468e+00 6.091058e-01 5.859455e-01 -5.344698e-01 6.353478e+01
3.386897e-01 6.186833e-01 7.088867e-01 -1.638264e+01 1.646152e-01 -7.807577e-01 6.027596e-01 -6.005449e+00 9.263860e-01 -8.745496e-02 -3.662793e-01 6.356010e+01
1.330098e-01 1.466699e-01 9.802022e-01 -1.567981e+01 6.315304e-01 -7.747614e-01 3.023299e-02 -6.058674e+00 7.638571e-01 6.150062e-01 -1.956773e-01 6.356217e+01
-9.970559e-02 6.436139e-01 7.588280e-01 -1.476874e+01 -1.145261e-01 -7.649829e-01 6.337862e-01 -6.121759e+00 9.884041e-01 -2.371356e-02 1.499836e-01 6.339913e+01
-2.923652e-01 -5.599004e-02 9.546663e-01 -1.369961e+01 5.905148e-01 -7.957954e-01 1.341718e-01 -6.187445e+00 7.522067e-01 6.029717e-01 2.657258e-01 6.294183e+01
-5.832033e-01 6.979548e-01 4.156116e-01 -1.320254e+01 -5.353455e-01 -7.150405e-01 4.495801e-01 -6.239617e+00 6.109657e-01 3.970079e-02 7.906609e-01 6.300098e+01
-9.483394e-01 -1.639671e-01 -2.716010e-01 -1.395284e+01 -5.169815e-02 -7.647796e-01 6.422145e-01 -6.237729e+00 -3.130169e-01 6.230786e-01 7.167938e-01 6.287073e+01
2.460082e-02 -3.594617e-02 -9.990509e-01 -1.603019e+01 -9.567038e-01 -2.907685e-01 -1.309611e-02 -6.176637e+00 -2.900218e-01 9.561180e-01 -4.154298e-02 6.205196e+01
-2.382474e-01 -9.678247e-01 -8.095380e-02 -1.743450e+01 -8.224805e-01 1.567335e-01 5.467728e-01 -6.133922e+00 -5.164920e-01 1.968501e-01 -8.333583e-01 6.154094e+01
-1.746638e-01 -8.187399e-01 -5.469530e-01 -1.693816e+01 -9.846254e-01 1.465361e-01 9.507842e-02 -6.173197e+00 2.303894e-03 5.551506e-01 -8.317467e-01 6.143967e+01
-1.677219e-01 -9.852164e-01 -3.490122e-02 -1.611408e+01 -9.062044e-01 1.401385e-01 3.989421e-01 -6.228672e+00 -3.881533e-01 9.853898e-02 -9.163117e-01 6.128916e+01
-1.112523e-01 -9.091647e-01 -4.013009e-01 -1.513967e+01 -9.936343e-01 1.089592e-01 2.861250e-02 -6.290434e+00 1.771197e-02 4.019296e-01 -9.154993e-01 6.108299e+01
-5.045637e-02 -9.985162e-01 2.048514e-02 -1.457951e+01 -7.960060e-01 5.259414e-02 6.029994e-01 -6.331356e+00 -6.031821e-01 1.411886e-02 -7.974786e-01 6.069878e+01
-1.363589e-01 -8.092493e-01 -5.714209e-01 -1.416299e+01 -9.814827e-01 3.202800e-02 1.888543e-01 -6.366149e+00 -1.345287e-01 5.865917e-01 -7.986314e-01 6.026698e+01
-1.211443e-01 -9.809662e-01 -1.517546e-01 -1.331017e+01 -8.305576e-01 1.645023e-02 5.566897e-01 -6.420591e+00 -5.435974e-01 1.934807e-01 -8.167418e-01 6.005534e+01
-1.355002e-01 -8.256183e-01 -5.477172e-01 -1.237867e+01 -9.594331e-01 -2.860995e-02 2.804810e-01 -6.475582e+00 -2.472404e-01 5.635032e-01 -7.882489e-01 5.979572e+01
-1.580674e-01 -9.649730e-01 -2.093844e-01 -1.135278e+01 -3.583370e-01 -1.415364e-01 9.228012e-01 -6.534750e+00 -9.201137e-01 2.208950e-01 -3.234133e-01 5.923404e+01
-6.963880e-01 -3.666989e-01 -6.169081e-01 -1.049236e+01 -5.661393e-01 -2.475882e-01 7.862483e-01 -6.589725e+00 -4.410555e-01 8.967899e-01 -3.518519e-02 5.884370e+01
-6.140807e-01 -5.595863e-01 -5.565681e-01 -9.033072e+00 -4.767002e-01 -2.990529e-01 8.266343e-01 -6.679038e+00 -6.290166e-01 7.729363e-01 -8.311224e-02 5.872586e+01
-6.207320e-01 -4.942879e-01 -6.085813e-01 -8.251710e+00 -5.183925e-01 -3.235844e-01 7.915569e-01 -6.729689e+00 -5.881844e-01 8.068287e-01 -5.537596e-02 5.847496e+01
-7.008519e-01 -5.257852e-01 -4.820337e-01 -7.591483e+00 -3.167301e-01 -3.761125e-01 8.707591e-01 -6.773515e+00 -6.391312e-01 7.629478e-01 9.706716e-02 5.835311e+01
-8.020335e-01 -3.112631e-01 -5.097623e-01 -6.886013e+00 -3.578173e-01 -4.329726e-01 8.273461e-01 -6.822672e+00 -4.782354e-01 8.459610e-01 2.358832e-01 5.830469e+01
-9.235578e-01 -3.776100e-01 -6.672159e-02 -6.079223e+00 1.179862e-01 -4.453918e-01 8.875277e-01 -6.870784e+00 -3.648566e-01 8.118109e-01 4.558978e-01 5.774377e+01
-7.258619e-01 1.425201e-01 -6.729134e-01 -5.323161e+00 -6.518126e-01 -4.549840e-01 6.067372e-01 -6.931444e+00 -2.196926e-01 8.790208e-01 4.231519e-01 5.783549e+01
-7.044055e-01 -6.691585e-01 -2.367271e-01 -4.483564e+00 1.765512e-01 -4.882100e-01 8.546816e-01 -6.990640e+00 -6.874900e-01 5.602480e-01 4.620386e-01 5.785996e+01
-9.017301e-01 1.517394e-01 -4.047938e-01 -3.218014e+00 -4.202521e-01 -5.272101e-01 7.385375e-01 -7.062430e+00 -1.013461e-01 8.360770e-01 5.391700e-01 5.732618e+01
-7.864994e-01 -4.094957e-01 -4.623115e-01 -1.589467e+00 -2.411901e-01 -4.854674e-01 8.403266e-01 -7.158190e+00 -5.685473e-01 7.724213e-01 2.830535e-01 5.694602e+01
9.707617e-02 -3.011245e-01 -9.486307e-01 1.566967e+00 -9.380842e-01 -3.461294e-01 1.387517e-02 -7.337302e+00 -3.325271e-01 8.885485e-01 -3.160810e-01 5.623520e+01
1.907026e-01 -9.759367e-01 1.057357e-01 5.697723e+00 -9.811694e-01 -1.861381e-01 5.156784e-02 -7.572169e+00 -3.064550e-02 -1.135788e-01 -9.930562e-01 5.498048e+01
2.732093e-02 -9.593899e-01 2.807570e-01 8.835819e+00 -5.320866e-01 -2.517250e-01 -8.084049e-01 -7.751637e+00 8.462491e-01 -1.273007e-01 -5.173558e-01 5.377952e+01
-5.332684e-01 -4.021868e-01 7.442249e-01 1.135829e+01 -7.085125e-01 -2.683367e-01 -6.526909e-01 -7.894981e+00 4.622065e-01 -8.753521e-01 -1.418589e-01 5.274592e+01
-6.051683e-01 -4.363682e-01 -6.658484e-01 1.255226e+01 7.556125e-01 -5.781713e-01 -3.078436e-01 -8.004519e+00 -2.506413e-01 -6.894206e-01 6.796162e-01 5.219123e+01
8.297280e-01 4.622187e-01 -3.128981e-01 1.262004e+01 3.829917e-01 -8.792535e-01 -2.832503e-01 -8.063709e+00 -4.060404e-01 1.151834e-01 -9.065672e-01 5.151086e+01
5.191586e-01 9.078335e-02 8.498428e-01 1.426637e+01 -5.053558e-01 -7.692963e-01 3.908947e-01 -8.181691e+00 6.892677e-01 -6.324093e-01 -3.535089e-01 5.071762e+01
-5.449686e-01 -3.145105e-01 7.772338e-01 1.590236e+01 3.586537e-01 -9.253361e-01 -1.229655e-01 -8.292288e+00 7.578765e-01 2.117455e-01 6.170795e-01 5.022622e+01
-7.122088e-01 3.704701e-01 5.962471e-01 1.713204e+01 -3.590842e-01 -9.221248e-01 1.440289e-01 -8.368136e+00 6.031726e-01 -1.115243e-01 7.897754e-01 4.996905e+01
-8.738726e-01 -3.490101e-01 3.384355e-01 1.840577e+01 3.755389e-01 -9.267005e-01 1.402140e-02 -8.449959e+00 3.087348e-01 1.393486e-01 9.408851e-01 4.979476e+01
-9.210697e-01 3.598342e-01 1.488288e-01 1.978782e+01 -3.528859e-01 -9.329190e-01 7.164993e-02 -8.535034e+00 1.646273e-01 1.347498e-02 9.862638e-01 4.956036e+01
