9.999266e-01 5.728917e-04 -1.210167e-02 3.274271e-01 -5.530862e-04 9.999985e-01 1.639875e-03 -2.086319e-02 1.210259e-02 -1.633062e-03 9.999254e-01 2.165034e-01
1.000000e+00 1.367541e-05 -1.176526e-04 6.459175e-01 -1.370873e-05 1.000000e+00 -2.834476e-04 -3.796637e-02 1.176491e-04 2.834499e-04 1.000000e+00 4.003041e-01
9.999362e-01 3.699213e-04 -1.128892e-02 8.874094e-01 -3.536464e-04 9.999989e-01 1.443630e-03 -4.766935e-02 1.128944e-02 -1.439547e-03 9.999352e-01 3.905787e-01
9.999998e-01 7.637068e-05 -5.801658e-04 1.147757e+00 -7.656646e-05 9.999999e-01 -3.375086e-04 -5.751265e-02 5.801404e-04 3.375537e-04 9.999998e-01 3.664549e-01
9.999287e-01 4.654982e-04 -1.193357e-02 1.460343e+00 -4.442299e-04 9.999983e-01 1.784818e-03 -7.345102e-02 1.193438e-02 -1.779390e-03 9.999272e-01 4.540219e-01
9.999998e-01 -4.608773e-06 6.191904e-04 1.740497e+00 5.052115e-06 9.999997e-01 -7.159252e-04 -8.424021e-02 -6.191866e-04 7.159289e-04 9.999996e-01 4.128836e-01
9.999133e-01 5.380059e-04 -1.315879e-02 2.123510e+00 -5.058601e-04 9.999969e-01 2.446119e-03 -1.041971e-01 1.316007e-02 -2.439251e-03 9.999104e-01 5.112946e-01
9.999986e-01 3.156328e-04 -1.643380e-03 2.610904e+00 -3.161211e-04 9.999999e-01 -2.969435e-04 -1.309474e-01 1.643286e-03 2.974633e-04 9.999986e-01 6.903935e-01
9.998426e-01 1.065809e-03 -1.770855e-02 3.344757e+00 -1.017715e-03 9.999958e-01 2.724611e-03 -1.662093e-01 1.771138e-02 -2.706160e-03 9.998395e-01 9.587821e-01
9.999761e-01 -7.778829e-04 6.873629e-03 3.518480e+00 7.911500e-04 9.999978e-01 -1.927634e-03 -1.729575e-01 -6.872114e-03 1.933026e-03 9.999745e-01 1.015741e+00
9.998293e-01 1.730427e-03 -1.839531e-02 3.836120e+00 -1.667356e-03 9.999927e-01 3.443427e-03 -1.973511e-01 1.840113e-02 -3.412168e-03 9.998249e-01 1.409123e+00
9.999582e-01 -9.390363e-04 9.095731e-03 4.167498e+00 9.528753e-04 9.999984e-01 -1.517252e-03 -2.119565e-01 -9.094291e-03 1.525857e-03 9.999575e-01 1.284922e+00
9.998481e-01 1.186286e-03 -1.739100e-02 4.321149e+00 -1.138663e-03 9.999956e-01 2.748027e-03 -2.086187e-01 1.739419e-02 -2.727807e-03 9.998450e-01 8.358189e-01
9.999798e-01 -8.055667e-04 6.297127e-03 4.627153e+00 8.148428e-04 9.999986e-01 -1.470625e-03 -2.146505e-01 -6.295933e-03 1.475727e-03 9.999791e-01 6.871332e-01
9.999126e-01 8.702063e-04 -1.318938e-02 4.774600e+00 -8.387535e-04 9.999968e-01 2.390053e-03 -2.350610e-01 1.319141e-02 -2.378782e-03 9.999102e-01 1.604409e+00
9.999615e-01 -2.802793e-04 8.773360e-03 4.925246e+00 2.949695e-04 9.999986e-01 -1.673159e-03 -2.707815e-01 -8.772878e-03 1.675683e-03 9.999601e-01 3.263617e+00
9.998984e-01 1.477782e-03 -1.417775e-02 5.428448e+00 -1.428688e-03 9.999930e-01 3.472274e-03 -3.172759e-01 1.418278e-02 -3.451666e-03 9.998935e-01 5.263500e+00
9.999410e-01 -1.175041e-03 1.080334e-02 5.876117e+00 1.198731e-03 9.999969e-01 -2.186669e-03 -3.715772e-01 -1.080074e-02 2.199491e-03 9.999393e-01 7.664605e+00
9.999626e-01 1.510141e-03 -8.519740e-03 5.934973e+00 -1.487634e-03 9.999954e-01 2.647500e-03 -4.153529e-01 8.523698e-03 -2.634728e-03 9.999602e-01 1.055142e+01
9.999508e-01 -1.091400e-03 9.859010e-03 6.153243e+00 1.105325e-03 9.999984e-01 -1.407069e-03 -4.573085e-01 -9.857458e-03 1.417898e-03 9.999504e-01 1.321580e+01
9.999616e-01 1.556659e-03 -8.618941e-03 6.261597e+00 -1.535115e-03 9.999957e-01 2.505678e-03 -4.979550e-01 8.622804e-03 -2.492351e-03 9.999597e-01 1.586727e+01
9.999588e-01 -9.709794e-04 9.025595e-03 6.520353e+00 9.780215e-04 9.999992e-01 -7.758412e-04 -5.342548e-01 -9.024834e-03 7.846371e-04 9.999590e-01 1.819658e+01
9.999673e-01 1.102087e-03 -8.010902e-03 6.590935e+00 -1.089405e-03 9.999981e-01 1.587264e-03 -5.616604e-01 8.012636e-03 -1.578485e-03 9.999667e-01 2.044844e+01
9.999429e-01 -1.241743e-03 1.061365e-02 6.355205e+00 1.262438e-03 9.999973e-01 -1.943390e-03 -5.817311e-01 -1.061121e-02 1.956678e-03 9.999418e-01 2.296806e+01
9.999676e-01 1.341780e-03 -7.932094e-03 6.350606e+00 -1.324870e-03 9.999968e-01 2.136756e-03 -6.196353e-01 7.934936e-03 -2.126178e-03 9.999663e-01 2.578160e+01
9.999623e-01 -3.262078e-04 8.678876e-03 6.793481e+00 3.286128e-04 9.999999e-01 -2.756823e-04 -6.652357e-01 -8.678785e-03 2.785246e-04 9.999623e-01 2.832688e+01
9.999803e-01 4.853442e-04 -6.258693e-03 7.343190e+00 -4.691333e-04 9.999965e-01 2.591361e-03 -7.133591e-01 6.259929e-03 -2.588375e-03 9.999771e-01 3.112252e+01
9.999422e-01 -3.664984e-04 1.074588e-02 7.623527e+00 3.769472e-04 9.999995e-01 -9.703349e-04 -7.508354e-01 -1.074552e-02 9.743301e-04 9.999418e-01 3.358632e+01
9.999570e-01 8.464927e-04 -9.229480e-03 7.856935e+00 -8.210717e-04 9.999959e-01 2.757778e-03 -7.974904e-01 9.231776e-03 -2.750082e-03 9.999536e-01 3.619357e+01
9.998138e-01 -1.474582e-03 1.923805e-02 7.650971e+00 1.519003e-03 9.999962e-01 -2.294578e-03 -8.238133e-01 -1.923460e-02 2.323374e-03 9.998123e-01 3.961110e+01
9.999804e-01 1.490937e-03 -6.077595e-03 7.243519e+00 -1.481606e-03 9.999977e-01 1.539664e-03 -8.520915e-01 6.079876e-03 -1.530630e-03 9.999803e-01 4.391645e+01
9.999010e-01 -1.120827e-03 1.402904e-02 7.107475e+00 1.133303e-03 9.999990e-01 -8.813161e-04 -8.868834e-01 -1.402803e-02 8.971287e-04 9.999012e-01 4.740098e+01
9.999917e-01 9.251020e-04 -3.975257e-03 6.807331e+00 -9.216278e-04 9.999992e-01 8.757067e-04 -9.157453e-01 3.976064e-03 -8.720364e-04 9.999917e-01 5.112490e+01
9.999657e-01 -3.653647e-04 8.270995e-03 6.843002e+00 3.697328e-04 9.999998e-01 -5.265928e-04 -9.677146e-01 -8.270801e-03 5.296336e-04 9.999657e-01 5.463772e+01
9.999969e-01 5.197593e-04 -2.441582e-03 6.646475e+00 -5.190266e-04 9.999998e-01 3.007320e-04 -1.007834e+00 2.441737e-03 -2.994645e-04 9.999970e-01 5.796044e+01
9.998830e-01 -6.035230e-04 1.528434e-02 6.236841e+00 6.232630e-04 9.999990e-01 -1.286787e-03 -1.044828e+00 -1.528355e-02 1.296163e-03 9.998824e-01 6.260074e+01
9.999947e-01 -3.724109e-04 3.238184e-03 4.941816e+00 3.762747e-04 9.999992e-01 -1.192677e-03 -1.011794e+00 -3.237737e-03 1.193889e-03 9.999940e-01 6.591558e+01
9.999396e-01 1.230357e-05 1.099478e-02 4.491840e+00 -7.285451e-06 9.999999e-01 -4.564449e-04 -1.054292e+00 -1.099478e-02 4.563379e-04 9.999395e-01 7.105789e+01
9.999781e-01 -6.071951e-04 6.586863e-03 3.965131e+00 6.225037e-04 9.999971e-01 -2.322307e-03 -1.107260e+00 -6.585434e-03 2.326356e-03 9.999756e-01 7.718024e+01
9.998729e-01 -2.781426e-04 1.593864e-02 2.761052e+00 2.888201e-04 9.999997e-01 -6.676102e-04 -1.106488e+00 -1.593845e-02 6.721295e-04 9.998727e-01 8.241897e+01
9.999790e-01 -1.320155e-03 6.349767e-03 1.587510e+00 1.339480e-03 9.999945e-01 -3.040168e-03 -1.110736e+00 -6.345718e-03 3.048609e-03 9.999752e-01 8.761314e+01
9.998819e-01 5.333357e-04 1.536013e-02 8.883258e-01 -5.043755e-04 9.999981e-01 -1.889220e-03 -1.186538e+00 -1.536111e-02 1.881250e-03 9.998802e-01 9.498370e+01
9.999818e-01 -7.628255e-04 5.979944e-03 -2.550860e-01 7.774966e-04 9.999967e-01 -2.451454e-03 -1.213858e+00 -5.978054e-03 2.456059e-03 9.999791e-01 1.011905e+02
9.998875e-01 2.900293e-05 1.499776e-02 -1.195733e+00 1.277127e-05 9.999961e-01 -2.785260e-03 -1.258089e+00 -1.499778e-02 2.785139e-03 9.998836e-01 1.075820e+02
9.999987e-01 1.916170e-04 -1.599970e-03 -1.670808e+00 -1.926934e-04 9.999998e-01 -6.726538e-04 -1.309029e+00 1.599840e-03 6.729605e-04 9.999985e-01 1.125608e+02
9.999431e-01 -1.793214e-04 1.066311e-02 -1.806340e+00 2.013582e-04 9.999978e-01 -2.065597e-03 -1.381990e+00 -1.066272e-02 2.067628e-03 9.999410e-01 1.171694e+02
9.999952e-01 2.695227e-04 3.082275e-03 -2.130306e+00 -2.669731e-04 9.999996e-01 -8.275705e-04 -1.454350e+00 -3.082497e-03 8.267429e-04 9.999949e-01 1.225532e+02
9.999955e-01 9.761858e-05 2.990567e-03 -2.160124e+00 -9.478408e-05 9.999995e-01 -9.479436e-04 -1.525566e+00 -2.990658e-03 9.476566e-04 9.999951e-01 1.265314e+02
9.999888e-01 9.535750e-04 -4.638584e-03 -2.095961e+00 -9.497476e-04 9.999992e-01 8.272523e-04 -1.574029e+00 4.639369e-03 -8.228383e-04 9.999889e-01 1.288210e+02
9.998526e-01 -1.836049e-03 1.707070e-02 -3.098456e+00 1.851158e-03 9.999979e-01 -8.693623e-04 -1.542102e+00 -1.706906e-02 9.008355e-04 9.998539e-01 1.299009e+02
9.998651e-01 1.230817e-03 -1.638182e-02 -3.122243e+00 -1.225208e-03 9.999992e-01 3.524299e-04 -1.584835e+00 1.638224e-02 -3.323119e-04 9.998657e-01 1.324551e+02
9.999284e-01 7.981074e-06 1.196783e-02 -2.992879e+00 -1.074618e-05 1.000000e+00 2.309798e-04 -1.636770e+00 -1.196782e-02 -2.310911e-04 9.999284e-01 1.346980e+02
9.998192e-01 -2.905761e-05 -1.901332e-02 -2.882388e+00 4.239739e-05 9.999998e-01 7.011986e-04 -1.632127e+00 1.901330e-02 -7.018787e-04 9.998190e-01 1.341202e+02
9.999402e-01 8.706434e-05 1.093277e-02 -2.719757e+00 -8.911884e-05 1.000000e+00 1.874341e-04 -1.626303e+00 -1.093276e-02 -1.883965e-04 9.999402e-01 1.334701e+02
9.998286e-01 -9.433946e-05 -1.851381e-02 -2.584176e+00 1.074887e-04 9.999997e-01 7.092433e-04 -1.622623e+00 1.851373e-02 -7.111125e-04 9.998284e-01 1.329614e+02
9.999585e-01 1.521763e-04 9.112436e-03 -2.449443e+00 -1.495108e-04 9.999999e-01 -2.931963e-04 -1.638820e+00 -9.112480e-03 2.918225e-04 9.999584e-01 1.334299e+02
9.998362e-01 3.535389e-04 -1.809614e-02 -2.346306e+00 -3.350554e-04 9.999994e-01 1.024432e-03 -1.661546e+00 1.809649e-02 -1.018202e-03 9.998357e-01 1.340927e+02
9.999105e-01 -3.358217e-04 1.337330e-02 -2.509098e+00 3.500946e-04 9.999994e-01 -1.064943e-03 -1.660361e+00 -1.337293e-02 1.069531e-03 9.999100e-01 1.344871e+02
9.998176e-01 4.152412e-04 -1.909459e-02 -2.714601e+00 -3.859925e-04 9.999987e-01 1.535435e-03 -1.653650e+00 1.909520e-02 -1.527785e-03 9.998165e-01 1.345933e+02
9.998845e-01 -5.200358e-04 1.518904e-02 -2.847516e+00 5.329931e-04 9.999995e-01 -8.490318e-04 -1.634377e+00 -1.518859e-02 8.570301e-04 9.998843e-01 1.338414e+02
9.998782e-01 7.635241e-05 -1.560952e-02 -3.125918e+00 -5.331859e-05 9.999989e-01 1.476038e-03 -1.604189e+00 1.560961e-02 -1.475027e-03 9.998771e-01 1.328766e+02
9.998661e-01 -7.013889e-04 1.634895e-02 -3.452016e+00 7.147717e-04 9.999994e-01 -8.127451e-04 -1.570293e+00 -1.634837e-02 8.243227e-04 9.998660e-01 1.317947e+02
9.998347e-01 3.111285e-04 -1.817821e-02 -3.613156e+00 -2.819302e-04 9.999987e-01 1.608763e-03 -1.546161e+00 1.817869e-02 -1.603373e-03 9.998335e-01 1.308019e+02
9.998924e-01 -5.787525e-04 1.465875e-02 -3.633925e+00 5.897714e-04 9.999995e-01 -7.473861e-04 -1.527842e+00 -1.465831e-02 7.559516e-04 9.998923e-01 1.297900e+02
9.998396e-01 3.064920e-04 -1.790905e-02 -3.745815e+00 -2.795915e-04 9.999988e-01 1.504548e-03 -1.508262e+00 1.790949e-02 -1.499300e-03 9.998385e-01 1.289417e+02
9.999148e-01 -4.564241e-04 1.304242e-02 -3.827332e+00 4.662814e-04 9.999996e-01 -7.527617e-04 -1.491297e+00 -1.304207e-02 7.587798e-04 9.999147e-01 1.282285e+02
9.997943e-01 7.137233e-04 -2.027058e-02 -3.685024e+00 -6.766231e-04 9.999981e-01 1.837050e-03 -1.485216e+00 2.027185e-02 -1.822957e-03 9.997928e-01 1.274995e+02
9.999003e-01 -5.542474e-04 1.411282e-02 -3.576871e+00 5.659977e-04 9.999995e-01 -8.286194e-04 -1.469954e+00 -1.411235e-02 8.365252e-04 9.999001e-01 1.264960e+02
9.998440e-01 2.998241e-04 -1.765766e-02 -3.573946e+00 -2.694381e-04 9.999985e-01 1.723195e-03 -1.450124e+00 1.765815e-02 -1.718169e-03 9.998426e-01 1.253770e+02
9.998608e-01 -7.872852e-04 1.666392e-02 -3.619245e+00 7.998380e-04 9.999994e-01 -7.466379e-04 -1.426731e+00 -1.666332e-02 7.598631e-04 9.998609e-01 1.240139e+02
9.998465e-01 2.893083e-04 -1.751765e-02 -3.681945e+00 -2.598452e-04 9.999985e-01 1.684166e-03 -1.402538e+00 1.751811e-02 -1.679356e-03 9.998451e-01 1.226271e+02
9.998683e-01 -7.585598e-04 1.620856e-02 -3.603293e+00 7.706844e-04 9.999994e-01 -7.418070e-04 -1.378186e+00 -1.620799e-02 7.542018e-04 9.998684e-01 1.210428e+02
9.998580e-01 1.823913e-04 -1.685316e-02 -3.601910e+00 -1.537971e-04 9.999985e-01 1.697947e-03 -1.354308e+00 1.685345e-02 -1.695115e-03 9.998565e-01 1.195360e+02
9.998625e-01 -6.756269e-04 1.656826e-02 -3.602882e+00 6.875534e-04 9.999995e-01 -7.141544e-04 -1.331220e+00 -1.656777e-02 7.254485e-04 9.998625e-01 1.180461e+02
9.998191e-01 2.802058e-04 -1.902023e-02 -3.513356e+00 -2.482026e-04 9.999985e-01 1.684928e-03 -1.310763e+00 1.902068e-02 -1.679903e-03 9.998177e-01 1.166397e+02
9.998913e-01 -5.922395e-04 1.473247e-02 -3.338768e+00 6.023715e-04 9.999996e-01 -6.833015e-04 -1.294373e+00 -1.473206e-02 6.921023e-04 9.998912e-01 1.153625e+02
9.997732e-01 5.798755e-04 -2.129093e-02 -3.091581e+00 -5.456312e-04 9.999985e-01 1.614174e-03 -1.280246e+00 2.129183e-02 -1.602191e-03 9.997720e-01 1.142010e+02
9.998284e-01 -9.956066e-04 1.849920e-02 -2.980949e+00 1.008523e-03 9.999993e-01 -6.888730e-04 -1.260244e+00 -1.849850e-02 7.074124e-04 9.998286e-01 1.128223e+02
9.996862e-01 9.392604e-04 -2.503352e-02 -2.671870e+00 -8.909917e-04 9.999977e-01 1.939246e-03 -1.250030e+00 2.503529e-02 -1.916333e-03 9.996847e-01 1.116813e+02
9.998350e-01 -9.416717e-04 1.814041e-02 -2.385478e+00 9.596970e-04 9.999991e-01 -9.849723e-04 -1.235748e+00 -1.813947e-02 1.002220e-03 9.998350e-01 1.104780e+02
9.997606e-01 6.162032e-04 -2.187323e-02 -2.253479e+00 -5.739567e-04 9.999980e-01 1.937650e-03 -1.217088e+00 2.187438e-02 -1.924633e-03 9.997589e-01 1.091545e+02
9.998184e-01 -1.052448e-03 1.902830e-02 -2.146509e+00 1.072195e-03 9.999989e-01 -1.027614e-03 -1.195500e+00 -1.902720e-02 1.047830e-03 9.998184e-01 1.077221e+02
9.997554e-01 6.814368e-04 -2.210661e-02 -2.108608e+00 -6.395383e-04 9.999980e-01 1.902306e-03 -1.174864e+00 2.210786e-02 -1.887704e-03 9.997538e-01 1.064911e+02
9.998143e-01 -1.021124e-03 1.924286e-02 -2.052560e+00 1.040025e-03 9.999990e-01 -9.722122e-04 -1.154543e+00 -1.924185e-02 9.920454e-04 9.998144e-01 1.051711e+02
9.997377e-01 6.620262e-04 -2.289476e-02 -1.910204e+00 -6.178269e-04 9.999979e-01 1.937563e-03 -1.135696e+00 2.289600e-02 -1.922910e-03 9.997360e-01 1.038366e+02
9.998866e-01 -6.974521e-04 1.504616e-02 -1.624336e+00 7.101442e-04 9.999994e-01 -8.382114e-04 -1.128827e+00 -1.504556e-02 8.488019e-04 9.998864e-01 1.029361e+02
9.997272e-01 9.032447e-04 -2.334078e-02 -1.379183e+00 -8.607374e-04 9.999980e-01 1.831140e-03 -1.119485e+00 2.334238e-02 -1.810551e-03 9.997259e-01 1.020237e+02
9.998101e-01 -1.233752e-03 1.944616e-02 -1.224915e+00 1.251100e-03 9.999988e-01 -8.799930e-04 -1.102312e+00 -1.944505e-02 9.041557e-04 9.998105e-01 1.007404e+02
9.997022e-01 9.073859e-04 -2.438813e-02 -1.086246e+00 -8.653053e-04 9.999981e-01 1.735953e-03 -1.084526e+00 2.438966e-02 -1.714334e-03 9.997011e-01 9.953919e+01
9.998038e-01 -1.249575e-03 1.976900e-02 -1.051412e+00 1.268978e-03 9.999987e-01 -9.689733e-04 -1.066476e+00 -1.976777e-02 9.938703e-04 9.998041e-01 9.861958e+01
9.996407e-01 1.214088e-03 -2.677704e-02 -9.452647e-01 -1.167483e-03 9.999978e-01 1.756019e-03 -1.053477e+00 2.677911e-02 -1.724127e-03 9.996399e-01 9.785696e+01
9.998010e-01 -1.318516e-03 1.990439e-02 -8.577740e-01 1.338783e-03 9.999986e-01 -1.004903e-03 -1.039923e+00 -1.990304e-02 1.031352e-03 9.998014e-01 9.709513e+01
9.996843e-01 1.150958e-03 -2.510060e-02 -9.408640e-01 -1.128705e-03 9.999990e-01 9.006848e-04 -1.037761e+00 2.510161e-02 -8.720700e-04 9.996845e-01 9.727251e+01
9.998365e-01 -7.951392e-04 1.806557e-02 -9.729509e-01 8.015756e-04 9.999996e-01 -3.490399e-04 -1.040487e+00 -1.806528e-02 3.634644e-04 9.998367e-01 9.738191e+01
9.997073e-01 6.351433e-04 -2.418570e-02 -8.712915e-01 -6.089359e-04 9.999992e-01 1.090940e-03 -1.027024e+00 2.418637e-02 -1.075894e-03 9.997069e-01 9.653438e+01
9.998091e-01 -8.994992e-04 1.951777e-02 -8.942041e-01 9.058645e-04 9.999995e-01 -3.172839e-04 -1.010980e+00 -1.951748e-02 3.349045e-04 9.998095e-01 9.576339e+01
9.996579e-01 7.745620e-04 -2.614494e-02 -6.907961e-01 -7.407864e-04 9.999989e-01 1.301524e-03 -9.990814e-01 2.614592e-02 -1.281712e-03 9.996573e-01 9.474056e+01
9.997939e-01 -9.849713e-04 2.027719e-02 -6.068790e-01 9.981584e-04 9.999993e-01 -6.402276e-04 -9.839804e-01 -2.027655e-02 6.603362e-04 9.997942e-01 9.386254e+01
9.995475e-01 1.036300e-03 -3.006057e-02 -4.162411e-01 -9.881456e-04 9.999982e-01 1.616728e-03 -9.763326e-01 3.006219e-02 -1.586293e-03 9.995468e-01 9.323693e+01
9.997761e-01 -8.951922e-04 2.114173e-02 -9.737448e-02 9.071207e-04 9.999994e-01 -5.546298e-04 -9.672005e-01 -2.114123e-02 5.736844e-04 9.997763e-01 9.226096e+01
9.996743e-01 4.553443e-04 -2.551545e-02 3.391062e-02 -4.162914e-04 9.999987e-01 1.535854e-03 -9.526491e-01 2.551612e-02 -1.524733e-03 9.996732e-01 9.121095e+01
9.998196e-01 -5.934732e-04 1.898538e-02 2.769208e-01 6.025609e-04 9.999997e-01 -4.729492e-04 -9.390751e-01 -1.898509e-02 4.843045e-04 9.998196e-01 9.007323e+01
9.995785e-01 6.356296e-04 -2.902399e-02 6.661407e-01 -5.855917e-04 9.999983e-01 1.732488e-03 -9.363235e-01 2.902504e-02 -1.714763e-03 9.995772e-01 8.946248e+01
9.999413e-01 5.041621e-04 1.082632e-02 1.344274e+00 -5.010533e-04 9.999998e-01 -2.898544e-04 -9.366205e-01 -1.082646e-02 2.844135e-04 9.999414e-01 8.913430e+01
9.997529e-01 -4.273898e-06 -2.222838e-02 1.698784e+00 3.003404e-05 9.999993e-01 1.158555e-03 -9.296605e-01 2.222836e-02 -1.158937e-03 9.997522e-01 8.848889e+01
9.999108e-01 2.693131e-04 1.335362e-02 2.072089e+00 -2.731684e-04 9.999999e-01 2.868885e-04 -9.277977e-01 -1.335354e-02 -2.905100e-04 9.999108e-01 8.770858e+01
9.996290e-01 4.434730e-04 -2.723481e-02 2.617238e+00 -4.165475e-04 9.999994e-01 9.943115e-04 -9.285488e-01 2.723524e-02 -9.825987e-04 9.996286e-01 8.703706e+01
9.997975e-01 -5.426509e-04 2.011773e-02 2.809110e+00 5.413670e-04 9.999999e-01 6.927140e-05 -9.198582e-01 -2.011777e-02 -5.836559e-05 9.997976e-01 8.617746e+01
9.995026e-01 9.758665e-04 -3.152143e-02 3.294510e+00 -9.336507e-04 9.999986e-01 1.353967e-03 -9.226195e-01 3.152271e-02 -1.323864e-03 9.995022e-01 8.554268e+01
9.998921e-01 -1.575419e-05 1.468976e-02 3.944631e+00 1.622183e-05 1.000000e+00 -3.170835e-05 -9.384565e-01 -1.468976e-02 3.194392e-05 9.998921e-01 8.541986e+01
9.996695e-01 5.540045e-04 -2.570304e-02 4.356270e+00 -5.229305e-04 9.999991e-01 1.215671e-03 -9.387190e-01 2.570369e-02 -1.201829e-03 9.996689e-01 8.480408e+01
9.998519e-01 -2.701776e-04 1.720957e-02 4.820419e+00 2.666921e-04 9.999999e-01 2.048321e-04 -9.339165e-01 -1.720963e-02 -2.002114e-04 9.998519e-01 8.382941e+01
9.994048e-01 1.573332e-03 -3.446042e-02 5.971094e+00 -1.486959e-03 9.999957e-01 2.531923e-03 -9.561792e-01 3.446425e-02 -2.479175e-03 9.994029e-01 8.322751e+01
9.998829e-01 -2.281859e-04 1.530116e-02 7.038733e+00 2.340129e-04 9.999999e-01 -3.790243e-04 -9.748151e-01 -1.530107e-02 3.825613e-04 9.998829e-01 8.264026e+01
9.997468e-01 5.548000e-04 -2.249589e-02 7.411222e+00 -5.186684e-04 9.999986e-01 1.611950e-03 -9.663367e-01 2.249675e-02 -1.599875e-03 9.997456e-01 8.156700e+01
9.998630e-01 -5.485767e-04 1.654237e-02 7.732105e+00 5.529770e-04 9.999998e-01 -2.614231e-04 -9.590394e-01 -1.654223e-02 2.705356e-04 9.998631e-01 8.058986e+01
9.996497e-01 1.099725e-03 -2.644330e-02 8.265567e+00 -1.051273e-03 9.999977e-01 1.846150e-03 -9.576485e-01 2.644527e-02 -1.817705e-03 9.996486e-01 7.970624e+01
9.999366e-01 -5.559448e-04 1.124466e-02 8.982325e+00 5.537348e-04 9.999998e-01 1.996656e-04 -9.642263e-01 -1.124477e-02 -1.934257e-04 9.999368e-01 7.920857e+01
9.996110e-01 1.483692e-03 -2.785150e-02 9.845935e+00 -1.430087e-03 9.999971e-01 1.944493e-03 -9.726564e-01 2.785430e-02 -1.903908e-03 9.996102e-01 7.859013e+01
9.999320e-01 -5.656343e-04 1.164392e-02 1.072088e+01 5.632309e-04 9.999998e-01 2.096999e-04 -9.809052e-01 -1.164404e-02 -2.031268e-04 9.999322e-01 7.793673e+01
9.995709e-01 1.642084e-03 -2.924730e-02 1.175098e+01 -1.577361e-03 9.999963e-01 2.235903e-03 -9.910147e-01 2.925087e-02 -2.188810e-03 9.995697e-01 7.722126e+01
9.998962e-01 -9.238649e-04 1.438037e-02 1.248277e+01 9.326674e-04 9.999994e-01 -6.054143e-04 -9.990706e-01 -1.437980e-02 6.187642e-04 9.998964e-01 7.673959e+01
9.996841e-01 1.364300e-03 -2.509528e-02 1.301141e+01 -1.309764e-03 9.999967e-01 2.189471e-03 -9.986396e-01 2.509819e-02 -2.155911e-03 9.996827e-01 7.594816e+01
9.999075e-01 -1.170444e-03 1.354868e-02 1.361041e+01 1.177462e-03 9.999992e-01 -5.099862e-04 -9.966610e-01 -1.354808e-02 5.258928e-04 9.999081e-01 7.511033e+01
9.998103e-01 1.016777e-03 -1.944952e-02 1.366368e+01 -9.966087e-04 9.999990e-01 1.046604e-03 -9.892046e-01 1.945056e-02 -1.027023e-03 9.998103e-01 7.485143e+01
9.998805e-01 -1.087447e-03 1.542189e-02 1.349572e+01 1.106512e-03 9.999986e-01 -1.227760e-03 -9.811448e-01 -1.542053e-02 1.244679e-03 9.998803e-01 7.527641e+01
9.997651e-01 1.299029e-03 -2.163377e-02 1.347999e+01 -1.265953e-03 9.999980e-01 1.542523e-03 -9.842023e-01 2.163574e-02 -1.514774e-03 9.997648e-01 7.564490e+01
9.999040e-01 -1.219377e-03 1.379909e-02 1.362684e+01 1.228667e-03 9.999990e-01 -6.647455e-04 -9.823610e-01 -1.379826e-02 6.816369e-04 9.999046e-01 7.527204e+01
9.997400e-01 1.263541e-03 -2.276766e-02 1.385089e+01 -1.224033e-03 9.999977e-01 1.749110e-03 -9.812114e-01 2.276982e-02 -1.720788e-03 9.997393e-01 7.481979e+01
9.998597e-01 -1.464235e-03 1.668793e-02 1.383400e+01 1.482808e-03 9.999983e-01 -1.100643e-03 -9.791917e-01 -1.668629e-02 1.125235e-03 9.998601e-01 7.479529e+01
9.997754e-01 1.445004e-03 -2.114333e-02 1.362929e+01 -1.414122e-03 9.999979e-01 1.475469e-03 -9.690405e-01 2.114542e-02 -1.445239e-03 9.997754e-01 7.475036e+01
9.998374e-01 -1.776247e-03 1.794571e-02 1.344008e+01 1.796842e-03 9.999977e-01 -1.131565e-03 -9.497600e-01 -1.794366e-02 1.163627e-03 9.998383e-01 7.439162e+01
9.997915e-01 1.433129e-03 -2.036730e-02 1.326138e+01 -1.402488e-03 9.999979e-01 1.518600e-03 -9.268692e-01 2.036943e-02 -1.489720e-03 9.997914e-01 7.379577e+01
9.998552e-01 -1.674728e-03 1.693465e-02 1.306931e+01 1.695462e-03 9.999978e-01 -1.210080e-03 -9.095736e-01 -1.693259e-02 1.238617e-03 9.998559e-01 7.358679e+01
9.998219e-01 1.336946e-03 -1.882676e-02 1.267387e+01 -1.314065e-03 9.999984e-01 1.227687e-03 -8.881433e-01 1.882837e-02 -1.202729e-03 9.998220e-01 7.352310e+01
9.998268e-01 -1.739364e-03 1.853112e-02 1.220568e+01 1.759031e-03 9.999979e-01 -1.045073e-03 -8.617232e-01 -1.852926e-02 1.077489e-03 9.998277e-01 7.333412e+01
9.997505e-01 1.769377e-03 -2.226743e-02 1.212956e+01 -1.727991e-03 9.999967e-01 1.877724e-03 -8.497694e-01 2.227068e-02 -1.838778e-03 9.997503e-01 7.257802e+01
9.997901e-01 -2.155509e-03 2.037426e-02 1.212341e+01 2.173244e-03 9.999973e-01 -8.483596e-04 -8.317349e-01 -2.037237e-02 8.924605e-04 9.997921e-01 7.135848e+01
9.997806e-01 1.834291e-03 -2.086826e-02 1.193833e+01 -1.795417e-03 9.999966e-01 1.881382e-03 -8.116609e-01 2.087164e-02 -1.843503e-03 9.997805e-01 7.029810e+01
9.997056e-01 -2.427884e-03 2.413978e-02 1.131405e+01 2.461920e-03 9.999960e-01 -1.380303e-03 -7.753559e-01 -2.413633e-02 1.439328e-03 9.997076e-01 6.948351e+01
9.996541e-01 2.178293e-03 -2.620884e-02 1.113925e+01 -2.118004e-03 9.999950e-01 2.327890e-03 -7.571873e-01 2.621378e-02 -2.271575e-03 9.996538e-01 6.860203e+01
9.997958e-01 -2.245680e-03 2.008308e-02 1.131163e+01 2.273723e-03 9.999965e-01 -1.373609e-03 -7.474178e-01 -2.007992e-02 1.418992e-03 9.997974e-01 6.766753e+01
9.996357e-01 2.216878e-03 -2.689828e-02 1.152940e+01 -2.152850e-03 9.999948e-01 2.409090e-03 -7.380302e-01 2.690348e-02 -2.350305e-03 9.996353e-01 6.670374e+01
9.997376e-01 -2.520478e-03 2.276779e-02 1.157272e+01 2.555773e-03 9.999956e-01 -1.521240e-03 -7.245436e-01 -2.276385e-02 1.579030e-03 9.997396e-01 6.574551e+01
9.996301e-01 2.339861e-03 -2.709458e-02 1.161621e+01 -2.274844e-03 9.999945e-01 2.430186e-03 -7.106696e-01 2.710012e-02 -2.367652e-03 9.996299e-01 6.475500e+01
9.997642e-01 -2.556938e-03 2.156255e-02 1.173001e+01 2.587932e-03 9.999957e-01 -1.409567e-03 -7.012241e-01 -2.155885e-02 1.465038e-03 9.997665e-01 6.392574e+01
9.996683e-01 2.350348e-03 -2.564636e-02 1.180045e+01 -2.288847e-03 9.999944e-01 2.427162e-03 -6.897924e-01 2.565192e-02 -2.367657e-03 9.996681e-01 6.299727e+01
9.997142e-01 -2.761115e-03 2.374676e-02 1.187293e+01 2.794070e-03 9.999952e-01 -1.354674e-03 -6.719644e-01 -2.374290e-02 1.420638e-03 9.997171e-01 6.170394e+01
9.993682e-01 3.611164e-03 -3.535806e-02 1.272304e+01 -3.463974e-03 9.999851e-01 4.223242e-03 -6.895976e-01 3.537278e-02 -4.098095e-03 9.993658e-01 6.103050e+01
9.998763e-01 -2.486347e-03 1.553241e-02 1.363947e+01 2.515401e-03 9.999951e-01 -1.851298e-03 -7.091722e-01 -1.552773e-02 1.890140e-03 9.998777e-01 6.067928e+01
9.998047e-01 2.358759e-03 -1.962218e-02 1.369954e+01 -2.302104e-03 9.999931e-01 2.909399e-03 -6.961535e-01 1.962891e-02 -2.863659e-03 9.998032e-01 5.965660e+01
9.998747e-01 -2.709935e-03 1.559679e-02 1.358285e+01 2.744136e-03 9.999939e-01 -2.171811e-03 -6.771650e-01 -1.559081e-02 2.214339e-03 9.998760e-01 5.913043e+01
9.997371e-01 2.793837e-03 -2.275742e-02 1.350666e+01 -2.727360e-03 9.999919e-01 2.951644e-03 -6.720949e-01 2.276549e-02 -2.888801e-03 9.997367e-01 5.899429e+01
9.998409e-01 -2.722504e-03 1.762773e-02 1.344391e+01 2.758715e-03 9.999941e-01 -2.030205e-03 -6.618707e-01 -1.762210e-02 2.078513e-03 9.998426e-01 5.841529e+01
9.997004e-01 2.690256e-03 -2.432976e-02 1.349311e+01 -2.621566e-03 9.999925e-01 2.854754e-03 -6.540404e-01 2.433726e-02 -2.790118e-03 9.996999e-01 5.789527e+01
9.999222e-01 -2.410029e-03 1.223707e-02 1.378493e+01 2.433009e-03 9.999953e-01 -1.863318e-03 -6.588198e-01 -1.223252e-02 1.892947e-03 9.999234e-01 5.763948e+01
9.996869e-01 2.653465e-03 -2.488043e-02 1.406968e+01 -2.584812e-03 9.999928e-01 2.791111e-03 -6.640660e-01 2.488766e-02 -2.725926e-03 9.996865e-01 5.745666e+01
9.997343e-01 -3.014289e-03 2.285236e-02 1.351873e+01 3.092232e-03 9.999895e-01 -3.376120e-03 -6.285946e-01 -2.284195e-02 3.445888e-03 9.997332e-01 5.791093e+01
9.997494e-01 2.623291e-03 -2.223397e-02 1.300940e+01 -2.556798e-03 9.999922e-01 3.018533e-03 -5.891859e-01 2.224171e-02 -2.960929e-03 9.997482e-01 5.865322e+01
9.999481e-01 -2.084344e-03 9.975393e-03 1.326356e+01 2.101775e-03 9.999963e-01 -1.737205e-03 -6.054134e-01 -9.971735e-03 1.758081e-03 9.999487e-01 5.921682e+01
9.997066e-01 2.738993e-03 -2.406693e-02 1.355172e+01 -2.666541e-03 9.999918e-01 3.042048e-03 -6.200447e-01 2.407507e-02 -2.976981e-03 9.997057e-01 5.949804e+01
9.999414e-01 -1.943031e-03 1.064984e-02 1.407899e+01 1.953107e-03 9.999977e-01 -9.358138e-04 -6.482550e-01 -1.064800e-02 9.565600e-04 9.999429e-01 5.985070e+01
9.996374e-01 2.792947e-03 -2.678299e-02 1.473589e+01 -2.693247e-03 9.999893e-01 3.757876e-03 -6.903958e-01 2.679320e-02 -3.684381e-03 9.996342e-01 6.052782e+01
9.997775e-01 -2.865460e-03 2.089823e-02 1.456355e+01 2.947701e-03 9.999880e-01 -3.905590e-03 -6.871644e-01 -2.088679e-02 3.966323e-03 9.997740e-01 6.111498e+01
9.996268e-01 3.111674e-03 -2.714158e-02 1.439500e+01 -3.000535e-03 9.999870e-01 4.134538e-03 -6.748145e-01 2.715409e-02 -4.051557e-03 9.996230e-01 6.135566e+01
9.999169e-01 -2.344118e-03 1.267477e-02 1.472047e+01 2.383084e-03 9.999925e-01 -3.059974e-03 -6.907931e-01 -1.266750e-02 3.089926e-03 9.999150e-01 6.151080e+01
9.998232e-01 2.398739e-03 -1.864809e-02 1.444334e+01 -2.343984e-03 9.999929e-01 2.957559e-03 -6.727620e-01 1.865505e-02 -2.913326e-03 9.998217e-01 6.165852e+01
9.999317e-01 -2.213330e-03 1.147853e-02 1.435834e+01 2.243184e-03 9.999941e-01 -2.588601e-03 -6.564144e-01 -1.147273e-02 2.614173e-03 9.999308e-01 6.136033e+01
9.997456e-01 2.455917e-03 -2.242229e-02 1.462715e+01 -2.374726e-03 9.999905e-01 3.646884e-03 -6.610156e-01 2.243104e-02 -3.592710e-03 9.997419e-01 6.107574e+01
9.998116e-01 -2.655831e-03 1.922847e-02 1.421576e+01 2.729206e-03 9.999891e-01 -3.790689e-03 -6.388710e-01 -1.921819e-02 3.842454e-03 9.998079e-01 6.122118e+01
9.996586e-01 2.913773e-03 -2.596448e-02 1.409560e+01 -2.807798e-03 9.999876e-01 4.117051e-03 -6.259170e-01 2.597615e-02 -4.042743e-03 9.996544e-01 6.151384e+01
9.999521e-01 -1.964444e-03 9.583322e-03 1.478148e+01 1.986668e-03 9.999954e-01 -2.310105e-03 -6.425955e-01 -9.578739e-03 2.329034e-03 9.999514e-01 6.135843e+01
9.994953e-01 2.924511e-03 -3.163368e-02 1.611419e+01 -2.733187e-03 9.999777e-01 6.089680e-03 -6.850404e-01 3.165078e-02 -6.000146e-03 9.994810e-01 6.132498e+01
9.998789e-01 -1.857910e-03 1.544876e-02 1.657000e+01 1.932490e-03 9.999865e-01 -4.814048e-03 -7.022257e-01 -1.543961e-02 4.843321e-03 9.998691e-01 6.146098e+01
9.995585e-01 2.439788e-03 -2.961089e-02 1.691254e+01 -2.269257e-03 9.999807e-01 5.791303e-03 -7.145887e-01 2.962445e-02 -5.721552e-03 9.995447e-01 6.143948e+01
9.998962e-01 -1.649584e-03 1.431639e-02 1.731593e+01 1.713956e-03 9.999885e-01 -4.485268e-03 -7.340947e-01 -1.430883e-02 4.509340e-03 9.998875e-01 6.156554e+01
9.996400e-01 2.221796e-03 -2.673723e-02 1.751460e+01 -2.081104e-03 9.999838e-01 5.288722e-03 -7.437803e-01 2.674855e-02 -5.231176e-03 9.996285e-01 6.164395e+01
9.999128e-01 -1.395424e-03 1.313212e-02 1.789430e+01 1.443768e-03 9.999922e-01 -3.672560e-03 -7.677197e-01 -1.312690e-02 3.691200e-03 9.999070e-01 6.188571e+01
9.996651e-01 1.958519e-03 -2.580426e-02 1.810394e+01 -1.835658e-03 9.999869e-01 4.784107e-03 -7.748008e-01 2.581329e-02 -4.735137e-03 9.996556e-01 6.229795e+01
9.999393e-01 -9.954692e-04 1.097144e-02 1.846871e+01 1.034374e-03 9.999932e-01 -3.540856e-03 -7.876570e-01 -1.096784e-02 3.551991e-03 9.999335e-01 6.254706e+01
9.994932e-01 2.448560e-03 -3.173728e-02 1.921273e+01 -2.268062e-03 9.999811e-01 5.721993e-03 -8.174637e-01 3.175069e-02 -5.647112e-03 9.994799e-01 6.262263e+01
9.999692e-01 9.887187e-05 7.847715e-03 2.062273e+01 -9.812452e-05 1.000000e+00 -9.557674e-05 -8.934830e-01 -7.847724e-03 9.480438e-05 9.999692e-01 6.328057e+01
9.993014e-01 3.067966e-03 -3.724646e-02 2.212356e+01 -2.899623e-03 9.999853e-01 4.572900e-03 -9.687862e-01 3.725994e-02 -4.461705e-03 9.992956e-01 6.394767e+01
9.998525e-01 -1.294875e-03 1.712703e-02 2.290724e+01 1.337807e-03 9.999960e-01 -2.495442e-03 -1.005096e+00 -1.712373e-02 2.517987e-03 9.998502e-01 6.418600e+01
9.993574e-01 3.050002e-03 -3.571278e-02 2.365898e+01 -2.878022e-03 9.999840e-01 4.866048e-03 -1.039249e+00 3.572705e-02 -4.760139e-03 9.993502e-01 6.434256e+01
9.998849e-01 -1.450171e-03 1.509958e-02 2.468830e+01 1.476085e-03 9.999975e-01 -1.705194e-03 -1.078125e+00 -1.509706e-02 1.727287e-03 9.998845e-01 6.428631e+01
9.990869e-01 4.828440e-03 -4.245011e-02 2.654564e+01 -4.491953e-03 9.999578e-01 8.018488e-03 -1.155333e+00 4.248703e-02 -7.820483e-03 9.990664e-01 6.436211e+01
9.998862e-01 -1.108296e-03 1.504451e-02 2.838010e+01 1.129167e-03 9.999984e-01 -1.378849e-03 -1.214734e+00 -1.504296e-02 1.395681e-03 9.998859e-01 6.418404e+01
9.995041e-01 3.011357e-03 -3.134472e-02 2.961937e+01 -2.829474e-03 9.999789e-01 5.845403e-03 -1.279556e+00 3.136166e-02 -5.753816e-03 9.994915e-01 6.452663e+01
9.999532e-01 1.746849e-03 -9.514826e-03 3.225354e+01 -1.716837e-03 9.999935e-01 3.161516e-03 -1.407295e+00 9.520288e-03 -3.145032e-03 9.999497e-01 6.547904e+01
9.995595e-01 1.884032e-03 -2.961955e-02 3.423872e+01 -1.863057e-03 9.999980e-01 7.357242e-04 -1.461104e+00 2.962088e-02 -6.802178e-04 9.995610e-01 6.521120e+01
9.998067e-01 -1.546833e-03 1.960214e-02 3.441731e+01 1.558786e-03 9.999986e-01 -5.945332e-04 -1.439021e+00 -1.960120e-02 6.249744e-04 9.998077e-01 6.477376e+01
9.997866e-01 6.716398e-04 -2.064564e-02 3.371586e+01 -6.987076e-04 9.999989e-01 -1.303861e-03 -1.353890e+00 2.064474e-02 1.318007e-03 9.997860e-01 6.601704e+01
9.984394e-01 -3.862862e-03 5.571300e-02 3.098764e+01 4.055735e-03 9.999862e-01 -3.349260e-03 -1.143440e+00 -5.569929e-02 3.569990e-03 9.984412e-01 6.873222e+01
9.993845e-01 1.540280e-03 -3.504507e-02 2.910173e+01 -1.538569e-03 9.999988e-01 7.582665e-05 -1.005127e+00 3.504515e-02 -2.186136e-05 9.993857e-01 7.084172e+01
9.982702e-01 -4.074869e-03 5.865225e-02 2.702512e+01 4.289217e-03 9.999846e-01 -3.529109e-03 -8.534636e-01 -5.863696e-02 3.774577e-03 9.982722e-01 7.286761e+01
9.991228e-01 2.289954e-03 -4.181403e-02 2.525761e+01 -2.280458e-03 9.999974e-01 2.748142e-04 -7.182507e-01 4.181455e-02 -1.792186e-04 9.991254e-01 7.493699e+01
9.980719e-01 -4.683086e-03 6.189135e-02 2.330032e+01 4.948111e-03 9.999792e-01 -4.129525e-03 -5.561705e-01 -6.187072e-02 4.427809e-03 9.980743e-01 7.749255e+01
9.996332e-01 1.416785e-03 -2.704436e-02 2.046128e+01 -1.454889e-03 9.999980e-01 -1.389328e-03 -3.370835e-01 2.704234e-02 1.428165e-03 9.996333e-01 8.074219e+01
9.986292e-01 -4.037022e-03 5.218620e-02 1.838092e+01 4.133487e-03 9.999899e-01 -1.740675e-03 -1.710956e-01 -5.217865e-02 1.954000e-03 9.986359e-01 8.304027e+01
9.995359e-01 1.721828e-03 -3.041428e-02 1.636451e+01 -1.794768e-03 9.999956e-01 -2.371066e-03 -2.232695e-02 3.041006e-02 2.424552e-03 9.995346e-01 8.517699e+01
9.986521e-01 -3.731374e-03 5.176873e-02 1.454730e+01 3.776415e-03 9.999926e-01 -7.722452e-04 1.192890e-01 -5.176547e-02 9.667051e-04 9.986588e-01 8.737622e+01
9.994111e-01 1.593654e-03 -3.427715e-02 1.288463e+01 -1.680680e-03 9.999954e-01 -2.510198e-03 2.508536e-01 3.427299e-02 2.566328e-03 9.994092e-01 8.956712e+01
9.986376e-01 -3.447023e-03 5.206725e-02 1.116665e+01 3.476600e-03 9.999938e-01 -4.774746e-04 3.803056e-01 -5.206528e-02 6.578417e-04 9.986435e-01 9.134397e+01
9.994487e-01 1.340275e-03 -3.317314e-02 9.424923e+00 -1.405298e-03 9.999971e-01 -1.936865e-03 5.094961e-01 3.317045e-02 1.982415e-03 9.994477e-01 9.269145e+01
9.993869e-01 -2.169770e-03 3.494424e-02 8.793804e+00 2.112291e-03 9.999964e-01 1.681711e-03 5.582259e-01 -3.494776e-02 -1.606867e-03 9.993878e-01 9.353749e+01
9.991296e-01 1.821560e-03 -4.167385e-02 8.589821e+00 -1.890040e-03 9.999969e-01 -1.603897e-03 5.767513e-01 4.167080e-02 1.681265e-03 9.991300e-01 9.421145e+01
9.990388e-01 -2.622184e-03 4.375607e-02 7.838569e+00 2.603455e-03 9.999965e-01 4.850290e-04 6.357971e-01 -4.375719e-02 -3.706452e-04 9.990421e-01 9.531664e+01
9.995055e-01 7.449447e-04 -3.143420e-02 6.480038e+00 -8.223986e-04 9.999967e-01 -2.451134e-03 7.360609e-01 3.143227e-02 2.475773e-03 9.995028e-01 9.677185e+01
9.993032e-01 -1.809655e-03 3.728060e-02 5.562686e+00 1.754674e-03 9.999973e-01 1.507450e-03 8.016774e-01 -3.728322e-02 -1.440984e-03 9.993037e-01 9.755704e+01
9.994470e-01 7.876260e-04 -3.324335e-02 4.687899e+00 -8.775372e-04 9.999960e-01 -2.690127e-03 8.619027e-01 3.324109e-02 2.717811e-03 9.994437e-01 9.830133e+01
9.992099e-01 -1.737130e-03 3.970707e-02 3.876067e+00 1.679942e-03 9.999975e-01 1.473562e-03 9.204748e-01 -3.970953e-02 -1.405691e-03 9.992103e-01 9.930714e+01
9.991982e-01 1.318382e-03 -4.001614e-02 3.443341e+00 -1.413100e-03 9.999963e-01 -2.338797e-03 9.447242e-01 4.001290e-02 2.393468e-03 9.991963e-01 9.998665e+01
9.993284e-01 -1.184680e-03 3.662495e-02 3.267034e+00 1.101409e-03 9.999968e-01 2.293712e-03 9.531857e-01 -3.662754e-02 -2.251832e-03 9.993264e-01 1.008873e+02
9.978592e-01 3.762622e-03 -6.529027e-02 5.022808e+00 -3.605168e-03 9.999903e-01 2.529247e-03 8.870187e-01 6.529915e-02 -2.288450e-03 9.978631e-01 1.011915e+02
9.991229e-01 -2.712966e-03 4.178592e-02 6.347088e+00 2.657843e-03 9.999955e-01 1.374695e-03 8.329295e-01 -4.178946e-02 -1.262428e-03 9.991256e-01 1.016168e+02
9.981766e-01 3.737972e-03 -6.024490e-02 7.316068e+00 -3.677776e-03 9.999926e-01 1.110058e-03 7.958574e-01 6.024861e-02 -8.864671e-04 9.981830e-01 1.023762e+02
9.990922e-01 -2.810360e-03 4.250712e-02 8.495854e+00 2.766439e-03 9.999956e-01 1.092078e-03 7.821135e-01 -4.251000e-02 -9.734927e-04 9.990956e-01 1.023364e+02
9.981266e-01 4.204929e-03 -6.103702e-02 9.429463e+00 -4.134763e-03 9.999906e-01 1.275844e-03 7.651568e-01 6.104182e-02 -1.021081e-03 9.981347e-01 1.018509e+02
9.988149e-01 -3.917105e-03 4.851338e-02 9.855072e+00 3.899829e-03 9.999923e-01 4.507562e-04 7.473201e-01 -4.851477e-02 -2.610275e-04 9.988224e-01 1.019697e+02
9.981904e-01 4.307734e-03 -5.997822e-02 1.006877e+01 -4.273313e-03 9.999906e-01 7.021567e-04 7.275323e-01 5.998068e-02 -4.445810e-04 9.981994e-01 1.024454e+02
9.987395e-01 -4.140091e-03 5.002305e-02 1.026762e+01 4.105241e-03 9.999913e-01 7.993930e-04 7.006529e-01 -5.002592e-02 -5.930280e-04 9.987477e-01 1.031618e+02
9.984830e-01 3.840204e-03 -5.492618e-02 1.004024e+01 -3.923210e-03 9.999913e-01 -1.403474e-03 7.115957e-01 5.492031e-02 1.616831e-03 9.984894e-01 1.043875e+02
9.989243e-01 -2.851483e-03 4.628232e-02 1.048019e+01 2.753246e-03 9.999938e-01 2.186195e-03 7.039385e-01 -4.628827e-02 -2.056416e-03 9.989260e-01 1.053492e+02
9.974229e-01 4.794060e-03 -7.158616e-02 1.189648e+01 -4.692468e-03 9.999877e-01 1.587259e-03 6.394021e-01 7.159289e-02 -1.247253e-03 9.974332e-01 1.059401e+02
9.983060e-01 -4.506531e-03 5.800633e-02 1.230355e+01 4.516086e-03 9.999898e-01 -3.361640e-05 6.333539e-01 -5.800559e-02 2.955216e-04 9.983162e-01 1.060926e+02
9.974926e-01 5.029223e-03 -7.059138e-02 1.270496e+01 -4.918904e-03 9.999864e-01 1.736531e-03 6.227432e-01 7.059916e-02 -1.384945e-03 9.975038e-01 1.059919e+02
9.983360e-01 -4.657766e-03 5.747712e-02 1.310822e+01 4.662075e-03 9.999891e-01 5.912138e-05 6.030401e-01 -5.747677e-02 2.089403e-04 9.983468e-01 1.063224e+02
9.975476e-01 5.275091e-03 -6.979186e-02 1.339719e+01 -5.176094e-03 9.999853e-01 1.599237e-03 5.797989e-01 6.979927e-02 -1.234067e-03 9.975603e-01 1.066594e+02
9.984265e-01 -4.714137e-03 5.587701e-02 1.376792e+01 4.718015e-03 9.999889e-01 6.252269e-05 5.612175e-01 -5.587668e-02 2.012049e-04 9.984377e-01 1.067762e+02
9.975671e-01 5.228488e-03 -6.951681e-02 1.416199e+01 -5.137010e-03 9.999857e-01 1.494632e-03 5.518808e-01 6.952363e-02 -1.133887e-03 9.975797e-01 1.066089e+02
9.983976e-01 -4.816490e-03 5.638312e-02 1.453838e+01 4.824907e-03 9.999884e-01 -1.315348e-05 5.439539e-01 -5.638240e-02 2.851763e-04 9.984092e-01 1.064229e+02
9.974308e-01 5.685199e-03 -7.141049e-02 1.511628e+01 -5.528017e-03 9.999818e-01 2.398546e-03 5.220174e-01 7.142283e-02 -1.997626e-03 9.974441e-01 1.063936e+02
9.984599e-01 -4.941838e-03 5.525771e-02 1.564790e+01 4.973302e-03 9.999875e-01 -4.318980e-04 5.066273e-01 -5.525489e-02 7.060467e-04 9.984720e-01 1.063378e+02
9.977597e-01 5.287741e-03 -6.669039e-02 1.585797e+01 -5.181471e-03 9.999850e-01 1.766355e-03 5.047705e-01 6.669873e-02 -1.416844e-03 9.977722e-01 1.061991e+02
9.983505e-01 -5.099420e-03 5.718636e-02 1.601741e+01 5.139246e-03 9.999866e-01 -5.493820e-04 5.077510e-01 -5.718279e-02 8.423712e-04 9.983634e-01 1.058148e+02
9.979239e-01 5.210149e-03 -6.419228e-02 1.617283e+01 -5.108771e-03 9.999854e-01 1.743335e-03 5.146664e-01 6.420043e-02 -1.411772e-03 9.979360e-01 1.051223e+02
9.983892e-01 -5.265829e-03 5.649207e-02 1.635027e+01 5.297766e-03 9.999859e-01 -4.155861e-04 5.175792e-01 -5.648908e-02 7.141990e-04 9.984030e-01 1.045691e+02
9.978273e-01 5.401988e-03 -6.566182e-02 1.657749e+01 -5.291291e-03 9.999843e-01 1.859669e-03 5.183834e-01 6.567083e-02 -1.508193e-03 9.978402e-01 1.040988e+02
9.983834e-01 -5.289033e-03 5.659245e-02 1.681948e+01 5.314714e-03 9.999858e-01 -3.032821e-04 5.166710e-01 -5.659005e-02 6.035650e-04 9.983973e-01 1.036776e+02
9.977658e-01 5.358245e-03 -6.659324e-02 1.694100e+01 -5.274973e-03 9.999851e-01 1.426241e-03 5.210567e-01 6.659989e-02 -1.071778e-03 9.977792e-01 1.035710e+02
9.979136e-01 -5.702654e-03 6.431141e-02 1.656330e+01 5.799017e-03 9.999823e-01 -1.311812e-03 5.492181e-01 -6.430279e-02 1.682018e-03 9.979290e-01 1.038782e+02
9.978129e-01 5.321388e-03 -6.588772e-02 1.614203e+01 -5.237624e-03 9.999852e-01 1.443984e-03 5.808645e-01 6.589443e-02 -1.095732e-03 9.978260e-01 1.041748e+02
9.976869e-01 -5.843844e-03 6.772502e-02 1.546251e+01 5.996166e-03 9.999799e-01 -2.046054e-03 6.318157e-01 -6.771171e-02 2.447413e-03 9.977019e-01 1.047257e+02
9.970791e-01 6.151537e-03 -7.612761e-02 1.554985e+01 -5.938528e-03 9.999778e-01 3.024106e-03 6.409340e-01 7.614453e-02 -2.563188e-03 9.970935e-01 1.046729e+02
9.979368e-01 -5.608623e-03 6.395875e-02 1.588651e+01 5.705509e-03 9.999828e-01 -1.332280e-03 6.275949e-01 -6.395017e-02 1.694449e-03 9.979517e-01 1.046221e+02
9.973309e-01 6.761230e-03 -7.270104e-02 1.640525e+01 -6.502418e-03 9.999717e-01 3.796051e-03 6.097208e-01 7.272465e-02 -3.313187e-03 9.973466e-01 1.044530e+02
9.973987e-01 -6.128957e-03 7.182131e-02 1.687759e+01 6.203318e-03 9.999804e-01 -8.123546e-04 6.022453e-01 -7.181492e-02 1.255772e-03 9.974172e-01 1.037363e+02
9.975974e-01 5.809800e-03 -6.903322e-02 1.710450e+01 -5.559955e-03 9.999773e-01 3.810790e-03 6.122546e-01 6.905379e-02 -3.417814e-03 9.976071e-01 1.029661e+02
