1.000000e+00 1.197625e-11 1.704638e-10 1.665335e-16 1.197625e-11 1.000000e+00 3.562503e-10 -1.110223e-16 1.704638e-10 3.562503e-10 1.000000e+00 2.220446e-16 0.000000e+00 0.000000e+00 0.000000e+00 1.000000e+00
6.986744e-01 -3.053852e-01 -6.469884e-01 -7.407213e-01 1.829602e-01 9.505184e-01 -2.510782e-01 2.085959e-02 6.916500e-01 5.704877e-02 7.199762e-01 -1.501960e+00
9.837699e-01 1.125539e-01 1.397440e-01 -8.640160e-01 -1.326912e-01 9.805941e-01 1.443200e-01 1.896282e-02 -1.207883e-01 -1.605205e-01 9.796139e-01 -2.112023e+00
6.985078e-01 1.111217e-02 -7.155162e-01 -3.627471e-01 -8.277250e-02 9.944228e-01 -6.536127e-02 -1.777959e-02 7.107992e-01 1.048804e-01 6.955318e-01 -2.087615e+00
9.963837e-01 -5.095888e-02 6.799092e-02 2.078795e-01 3.913017e-02 9.854871e-01 1.651787e-01 -5.394022e-02 -7.542150e-02 -1.619209e-01 9.839173e-01 -2.379735e+00
7.220005e-01 1.317299e-01 -6.792367e-01 5.867883e-01 -1.885258e-01 9.820179e-01 -9.944496e-03 -8.125382e-02 6.657126e-01 1.352336e-01 7.338519e-01 -2.668603e+00
9.244933e-01 -1.714322e-01 3.404750e-01 1.134395e+00 1.324448e-01 9.819803e-01 1.348078e-01 -1.185078e-01 -3.574501e-01 -7.953471e-02 9.305394e-01 -2.907179e+00
5.156348e-01 2.039410e-01 -8.321832e-01 1.529974e+00 -2.248921e-01 9.694200e-01 9.822637e-02 -1.469790e-01 8.267674e-01 1.365025e-01 5.457314e-01 -3.223329e+00
8.143158e-01 -2.134180e-01 5.397615e-01 2.090849e+00 2.120439e-01 9.750540e-01 6.562769e-02 -1.878368e-01 -5.403028e-01 6.101149e-02 8.392559e-01 -3.853191e+00
6.071125e-01 1.924963e-01 -7.709472e-01 2.892218e+00 -2.175400e-01 9.734115e-01 7.173883e-02 -2.445024e-01 7.642583e-01 1.241584e-01 6.328459e-01 -4.890542e+00
9.835680e-01 -1.690216e-01 -6.344807e-02 3.377158e+00 1.700700e-01 9.853653e-01 1.146512e-02 -2.763143e-01 6.058167e-02 -2.206734e-02 9.979193e-01 -5.569008e+00
5.953776e-01 2.277588e-01 -7.704878e-01 2.627473e+00 -1.765291e-01 9.726281e-01 1.511031e-01 -2.561209e-01 7.838131e-01 4.605010e-02 6.192870e-01 -6.443622e+00
4.333552e-01 -1.163440e-01 8.936819e-01 1.666761e+00 4.695131e-01 8.755759e-01 -1.136847e-01 -2.364638e-01 -7.692598e-01 4.688613e-01 4.340604e-01 -7.337785e+00
1.668598e-01 3.794949e-01 -9.100228e-01 1.759074e+00 9.584462e-02 9.123482e-01 3.980385e-01 -2.573789e-01 9.813112e-01 -1.536374e-01 1.158617e-01 -7.951573e+00
3.491837e-01 2.846524e-02 9.366219e-01 2.570721e+00 2.993622e-01 9.437698e-01 -1.402882e-01 -3.135151e-01 -8.879488e-01 3.293755e-01 3.210276e-01 -7.995856e+00
3.211987e-01 1.478202e-01 -9.354040e-01 2.886311e+00 1.328802e-01 9.709359e-01 1.990636e-01 -3.575245e-01 9.376429e-01 -1.882356e-01 2.922210e-01 -9.252029e+00
5.906676e-01 2.187651e-01 7.766941e-01 2.082997e+00 2.736124e-01 8.512221e-01 -4.478361e-01 -3.568685e-01 -7.591101e-01 4.770354e-01 4.429325e-01 -1.129803e+01
8.533340e-01 -3.262272e-01 -4.066902e-01 -6.936964e-02 4.601629e-01 8.379700e-01 2.933538e-01 -2.931937e-01 2.450942e-01 -4.374725e-01 8.651859e-01 -1.308617e+01
4.788951e-01 2.586708e-01 8.388974e-01 -3.136643e+00 7.480749e-01 3.798257e-01 -5.441657e-01 -1.912576e-01 -4.593946e-01 8.881564e-01 -1.160849e-02 -1.473317e+01
9.513510e-01 1.334296e-01 2.777190e-01 -6.353708e+00 -2.684274e-01 8.014229e-01 5.344792e-01 -8.183572e-02 -1.512550e-01 -5.830247e-01 7.982506e-01 -1.630947e+01
-2.173712e-01 -3.641592e-01 9.056146e-01 -9.937035e+00 9.477424e-01 1.432304e-01 2.850778e-01 3.421710e-02 -2.335252e-01 9.202571e-01 3.139950e-01 -1.781965e+01
8.612675e-01 5.078826e-01 1.654276e-02 -1.392556e+01 -4.429619e-01 7.663313e-01 -4.653182e-01 1.678258e-01 -2.490043e-01 3.934357e-01 8.849889e-01 -1.923014e+01
-1.827132e-01 -5.800507e-01 7.938243e-01 -1.794767e+01 1.943641e-01 7.701704e-01 6.075032e-01 3.128227e-01 -9.637627e-01 2.652898e-01 -2.797925e-02 -2.012703e+01
8.372916e-01 -5.376405e-01 9.942591e-02 -2.254890e+01 5.233457e-01 7.354359e-01 -4.303989e-01 4.805349e-01 1.582785e-01 4.124035e-01 8.971462e-01 -2.066994e+01
3.057659e-02 4.474478e-01 8.937872e-01 -2.666022e+01 3.213899e-01 8.423181e-01 -4.326762e-01 6.279842e-01 -9.464532e-01 3.004840e-01 -1.180500e-01 -2.139990e+01
8.819722e-01 -4.286281e-01 1.959670e-01 -3.110179e+01 2.626043e-01 7.922040e-01 5.508646e-01 7.917940e-01 -3.913619e-01 -4.343854e-01 8.112615e-01 -2.202215e+01
1.278954e-01 -8.841620e-02 9.878387e-01 -3.612697e+01 9.601412e-01 2.606371e-01 -1.009812e-01 9.744172e-01 -2.485391e-01 9.613797e-01 1.182263e-01 -2.252955e+01
5.895594e-01 5.743798e-01 5.678975e-01 -4.106912e+01 -3.413486e-01 8.143868e-01 -4.693136e-01 1.130859e+00 -7.320525e-01 8.283721e-02 6.761931e-01 -2.208386e+01
-1.904635e-01 -6.626191e-01 7.243339e-01 -4.483132e+01 -1.055285e-03 7.379784e-01 6.748235e-01 1.218310e+00 -9.816937e-01 1.277649e-01 -1.412572e-01 -2.147620e+01
7.476987e-01 -6.627436e-01 4.144367e-02 -4.924152e+01 5.971277e-01 6.437448e-01 -4.785720e-01 1.370404e+00 2.904914e-01 3.825748e-01 8.770697e-01 -2.219799e+01
7.782939e-02 5.839375e-01 8.080591e-01 -5.447080e+01 3.413551e-01 7.459189e-01 -5.719105e-01 1.569562e+00 -9.367066e-01 3.203465e-01 -1.412756e-01 -2.286305e+01
8.577278e-01 -4.622581e-01 2.249899e-01 -5.907447e+01 2.051446e-01 7.090291e-01 6.746802e-01 1.738382e+00 -4.714008e-01 -5.325365e-01 7.029838e-01 -2.385777e+01
3.478008e-01 -2.592963e-01 9.009995e-01 -6.279814e+01 9.357249e-01 1.562343e-01 -3.162431e-01 1.866195e+00 -5.876639e-02 9.530773e-01 2.969684e-01 -2.499631e+01
5.152467e-01 6.387730e-01 5.713929e-01 -6.709065e+01 -4.557850e-01 7.688355e-01 -4.484998e-01 2.014484e+00 -7.257967e-01 -2.934429e-02 6.872831e-01 -2.579682e+01
-1.279096e-01 -7.854052e-01 6.056218e-01 -7.178443e+01 9.309602e-02 5.984335e-01 7.957452e-01 2.166308e+00 -9.874068e-01 1.581644e-01 -3.427282e-03 -2.579448e+01
6.187538e-01 -5.231483e-01 5.860543e-01 -7.570662e+01 7.821438e-01 4.799937e-01 -3.973124e-01 2.239444e+00 -7.344902e-02 7.042173e-01 7.061751e-01 -2.446218e+01
-1.528410e-01 6.757494e-01 7.211119e-01 -7.872248e+01 3.089228e-01 7.257873e-01 -6.146539e-01 2.234364e+00 -9.387259e-01 1.288236e-01 -3.196845e-01 -2.248004e+01
6.892150e-01 -2.835789e-01 6.667576e-01 -8.155679e+01 -2.851781e-01 7.397834e-01 6.094210e-01 2.231998e+00 -6.660751e-01 -6.101668e-01 4.289993e-01 -2.061824e+01
-3.519278e-01 -5.292004e-01 7.720711e-01 -8.411220e+01 7.898029e-01 2.747928e-01 5.483615e-01 2.193529e+00 -5.023527e-01 8.027676e-01 3.212568e-01 -1.814340e+01
7.908060e-01 4.114134e-01 4.531721e-01 -8.577327e+01 1.381513e-01 6.013105e-01 -7.869815e-01 2.085960e+00 -5.962719e-01 6.849560e-01 4.186826e-01 -1.468282e+01
-2.028723e-01 -1.804860e-01 9.624280e-01 -8.882732e+01 -4.049528e-01 9.103446e-01 8.535779e-02 2.089213e+00 -8.915470e-01 -3.724212e-01 -2.577720e-01 -1.188769e+01
4.488500e-01 -8.360132e-01 3.156194e-01 -9.164928e+01 6.915506e-01 5.486596e-01 4.698195e-01 2.068713e+00 -5.659430e-01 7.388329e-03 8.244113e-01 -8.833108e+00
2.949534e-01 2.762201e-01 9.147158e-01 -9.427654e+01 8.229864e-01 4.129569e-01 -3.900770e-01 2.058383e+00 -4.854853e-01 8.678531e-01 -1.055223e-01 -6.153272e+00
5.803442e-01 3.364194e-01 7.416351e-01 -9.791499e+01 -4.565564e-01 8.885157e-01 -4.578267e-02 2.149032e+00 -6.743566e-01 -3.120285e-01 6.692394e-01 -5.411962e+00
-1.681335e-01 -7.505404e-01 6.390777e-01 -1.014835e+02 5.353190e-01 4.748660e-01 6.985241e-01 2.243350e+00 -8.277468e-01 4.595557e-01 3.219376e-01 -5.969000e+00
8.694968e-01 -1.348539e-01 4.751734e-01 -1.050894e+02 4.535605e-01 5.989324e-01 -6.599719e-01 2.329313e+00 -1.955970e-01 7.893633e-01 5.819342e-01 -6.399062e+00
-1.089612e-01 2.706516e-01 9.564911e-01 -1.083611e+02 -9.290748e-02 9.552353e-01 -2.808801e-01 2.411042e+00 -9.896947e-01 -1.194702e-01 -7.893803e-02 -6.275170e+00
7.080158e-01 -6.977297e-01 1.090265e-01 -1.109730e+02 5.658701e-01 6.528906e-01 5.035125e-01 2.477712e+00 -4.224981e-01 -2.948000e-01 8.570813e-01 -6.862697e+00
6.675236e-01 7.812523e-02 7.404787e-01 -1.135561e+02 6.409821e-01 4.457499e-01 -6.248592e-01 2.559294e+00 -3.788856e-01 8.917418e-01 2.474717e-01 -7.287906e+00
6.101717e-01 1.501902e-01 7.779032e-01 -1.168809e+02 -3.576220e-01 9.283589e-01 1.012728e-01 2.656190e+00 -7.069632e-01 -3.399891e-01 6.201697e-01 -8.577587e+00
2.528216e-01 -8.282609e-01 5.000651e-01 -1.202113e+02 9.047958e-01 3.854643e-01 1.810026e-01 2.765464e+00 -3.426746e-01 4.066954e-01 8.468607e-01 -9.958521e+00
7.068799e-01 4.229747e-01 5.669332e-01 -1.233081e+02 2.878596e-01 5.601071e-01 -7.767991e-01 2.852410e+00 -6.461097e-01 7.123008e-01 2.741712e-01 -1.130610e+01
4.050459e-01 -2.023579e-01 8.916216e-01 -1.257666e+02 -3.594385e-01 8.614358e-01 3.587928e-01 2.920650e+00 -8.406793e-01 -4.658107e-01 2.761858e-01 -1.182617e+01
6.213747e-01 -7.286371e-01 2.880652e-01 -1.268375e+02 7.794191e-01 6.123721e-01 -1.323114e-01 2.923544e+00 -7.999610e-02 3.067385e-01 9.484261e-01 -1.110535e+01
6.899212e-01 7.218339e-01 5.444699e-02 -1.270553e+02 -7.216294e-01 6.798914e-01 1.303791e-01 2.901882e+00 5.709399e-02 -1.292418e-01 9.899681e-01 -1.037152e+01
6.496055e-01 -5.753223e-01 -4.970079e-01 -1.265946e+02 4.139376e-01 8.159798e-01 -4.035253e-01 2.859298e+00 6.377055e-01 5.640200e-02 7.682125e-01 -1.008060e+01
7.281112e-01 4.003965e-01 5.563603e-01 -1.260178e+02 -6.214427e-01 7.280899e-01 2.892994e-01 2.799463e+00 -2.892458e-01 -5.563882e-01 7.789538e-01 -9.595725e+00
7.971557e-01 -5.596295e-01 -2.266220e-01 -1.254000e+02 4.502918e-01 8.010918e-01 -3.943213e-01 2.735528e+00 4.022189e-01 2.122894e-01 8.905915e-01 -9.150189e+00
7.926054e-01 4.565576e-01 4.041433e-01 -1.247700e+02 -5.971581e-01 7.151743e-01 3.632189e-01 2.670265e+00 -1.232025e-01 -5.292267e-01 8.394881e-01 -8.629530e+00
8.197520e-01 -4.960323e-01 -2.862840e-01 -1.242372e+02 3.366845e-01 8.217524e-01 -4.597462e-01 2.615538e+00 4.633035e-01 2.804905e-01 8.406396e-01 -8.233038e+00
7.358731e-01 3.252754e-01 5.938743e-01 -1.237362e+02 -5.509217e-01 7.975294e-01 2.458295e-01 2.571447e+00 -3.936699e-01 -5.080776e-01 7.660817e-01 -8.170116e+00
8.252518e-01 -5.641018e-01 -2.736249e-02 -1.231484e+02 5.354002e-01 7.968435e-01 -2.799768e-01 2.516303e+00 1.797390e-01 2.164015e-01 9.596167e-01 -8.023614e+00
6.129813e-01 5.009453e-01 6.109891e-01 -1.225172e+02 -5.630928e-01 8.194465e-01 -1.069291e-01 2.457395e+00 -5.542385e-01 -2.784981e-01 7.843842e-01 -7.857644e+00
6.337086e-01 -4.987802e-01 -5.912966e-01 -1.220502e+02 4.741269e-01 8.544062e-01 -2.125880e-01 2.412304e+00 6.112422e-01 -1.456308e-01 7.779297e-01 -7.659897e+00
7.515789e-01 4.794017e-01 4.531039e-01 -1.215987e+02 -5.799193e-01 8.075484e-01 1.075139e-01 2.373827e+00 -3.143610e-01 -3.435689e-01 8.849506e-01 -7.544610e+00
6.711799e-01 -4.751175e-01 -5.690176e-01 -1.211178e+02 3.074408e-01 8.768817e-01 -3.695383e-01 2.335286e+00 6.745352e-01 7.308750e-02 7.346158e-01 -7.482163e+00
7.205039e-01 2.779688e-01 6.353011e-01 -1.206032e+02 -5.265936e-01 8.154047e-01 2.404462e-01 2.277322e+00 -4.511910e-01 -5.077880e-01 7.338788e-01 -6.980642e+00
6.101590e-01 -3.580429e-01 -7.067611e-01 -1.201318e+02 4.837666e-02 9.072331e-01 -4.178370e-01 2.224027e+00 7.908007e-01 2.207562e-01 5.708774e-01 -6.424156e+00
7.923130e-01 3.617257e-02 6.090416e-01 -1.195246e+02 -3.577123e-01 8.362081e-01 4.156896e-01 2.176261e+00 -4.942490e-01 -5.472180e-01 6.754779e-01 -6.280305e+00
7.259405e-01 -2.454506e-01 -6.424674e-01 -1.188827e+02 -1.081711e-01 8.817737e-01 -4.591015e-01 2.127645e+00 6.791977e-01 4.027768e-01 6.135645e-01 -6.194714e+00
9.066828e-01 -8.644103e-02 4.128611e-01 -1.183367e+02 -1.709922e-01 8.194298e-01 5.470800e-01 2.086319e+00 -3.856009e-01 -5.666240e-01 7.281821e-01 -6.146780e+00
8.076959e-01 -4.605719e-02 -5.877977e-01 -1.176001e+02 -2.737378e-01 8.536902e-01 -4.430358e-01 2.034907e+00 5.222021e-01 5.187406e-01 6.769144e-01 -6.111579e+00
8.578733e-01 -2.488608e-01 4.495795e-01 -1.167390e+02 -6.304407e-02 8.173229e-01 5.727205e-01 1.976085e+00 -5.099793e-01 -5.196649e-01 6.854702e-01 -6.131475e+00
6.313049e-01 6.904889e-02 -7.724548e-01 -1.160549e+02 -4.817029e-01 8.155120e-01 -3.207841e-01 1.928060e+00 6.077964e-01 5.746063e-01 5.480978e-01 -6.137047e+00
6.889814e-01 -4.826696e-01 5.406799e-01 -1.152954e+02 4.492540e-02 7.729988e-01 6.328148e-01 1.873320e+00 -7.233853e-01 -4.117074e-01 5.542659e-01 -6.101753e+00
8.372730e-01 8.749716e-02 -5.397391e-01 -1.144621e+02 -3.942918e-01 7.805086e-01 -4.851188e-01 1.810961e+00 3.788245e-01 6.189915e-01 6.879982e-01 -6.050906e+00
8.326840e-01 -3.872611e-01 3.958107e-01 -1.138333e+02 3.090227e-02 7.461680e-01 6.650402e-01 1.761840e+00 -5.528855e-01 -5.415369e-01 6.332894e-01 -6.007622e+00
8.807870e-01 7.059070e-02 -4.682212e-01 -1.133473e+02 -3.502326e-01 7.625942e-01 -5.438632e-01 1.720448e+00 3.186711e-01 6.430140e-01 6.964063e-01 -5.963515e+00
9.525862e-01 -2.989514e-01 5.663523e-02 -1.127707e+02 1.860751e-01 7.196437e-01 6.689462e-01 1.679340e+00 -2.407396e-01 -6.266905e-01 7.411501e-01 -5.970432e+00
9.540946e-01 2.311424e-01 -1.904642e-01 -1.121264e+02 -2.995048e-01 7.350917e-01 -6.082246e-01 1.628238e+00 -5.778585e-04 6.373488e-01 7.705753e-01 -5.992840e+00
8.292740e-01 -3.299432e-01 4.510456e-01 -1.111715e+02 -8.072545e-02 7.279178e-01 6.808958e-01 1.553478e+00 -5.529811e-01 -6.010601e-01 5.770085e-01 -6.098905e+00
9.296852e-01 -1.175491e-01 -3.490956e-01 -1.102466e+02 -1.641941e-01 7.161091e-01 -6.784011e-01 1.489511e+00 3.297359e-01 6.880189e-01 6.464551e-01 -6.375476e+00
8.859198e-01 -1.626124e-01 4.343999e-01 -1.096729e+02 -2.028655e-01 7.063718e-01 6.781478e-01 1.443973e+00 -4.171231e-01 -6.889093e-01 5.928004e-01 -6.409732e+00
8.927853e-01 -1.681517e-01 -4.179228e-01 -1.091636e+02 -1.712293e-01 7.314229e-01 -6.600766e-01 1.403318e+00 4.166713e-01 6.608673e-01 6.242110e-01 -6.404587e+00
9.521955e-01 -1.482291e-01 2.671177e-01 -1.086199e+02 -9.399506e-02 6.898156e-01 7.178575e-01 1.362011e+00 -2.906693e-01 -7.086484e-01 6.429065e-01 -6.438016e+00
8.570745e-01 -2.788873e-02 -5.144371e-01 -1.081567e+02 -3.409482e-01 7.178876e-01 -6.069528e-01 1.325360e+00 3.862352e-01 6.956001e-01 6.057746e-01 -6.487626e+00
9.419023e-01 -3.148904e-01 1.168931e-01 -1.076820e+02 1.336619e-01 6.706598e-01 7.296232e-01 1.288600e+00 -3.081469e-01 -6.716096e-01 6.737849e-01 -6.573490e+00
8.148853e-01 2.148776e-01 -5.383211e-01 -1.072039e+02 -5.188706e-01 6.843632e-01 -5.122698e-01 1.251916e+00 2.583318e-01 6.967601e-01 6.691712e-01 -6.664464e+00
8.729524e-01 -4.815607e-01 -7.780294e-02 -1.068281e+02 4.179250e-01 6.560656e-01 6.284239e-01 1.220698e+00 -2.515804e-01 -5.810999e-01 7.739704e-01 -6.793350e+00
5.456471e-01 5.148831e-01 -6.611842e-01 -1.066107e+02 -7.609339e-01 6.349429e-01 -1.335181e-01 1.197653e+00 3.510680e-01 5.759713e-01 7.382468e-01 -7.062717e+00
6.649194e-01 -6.700287e-01 -3.300663e-01 -1.065209e+02 7.158253e-01 6.978144e-01 2.548090e-02 1.181899e+00 2.132520e-01 -2.532125e-01 9.436138e-01 -7.462609e+00
4.927784e-01 8.109625e-01 -3.154510e-01 -1.063558e+02 -6.395481e-01 5.833675e-01 5.006601e-01 1.165559e+00 5.900404e-01 -4.496839e-02 8.061204e-01 -7.700076e+00
4.799301e-01 -6.447346e-01 5.949659e-01 -1.055479e+02 7.925909e-01 6.093912e-01 2.102196e-02 1.109583e+00 -3.761206e-01 4.614755e-01 8.034760e-01 -7.787542e+00
9.440759e-02 8.504512e-01 -5.175133e-01 -1.049957e+02 -2.474641e-01 5.235663e-01 8.152545e-01 1.070873e+00 9.642866e-01 5.109976e-02 2.598848e-01 -8.147875e+00
8.959515e-01 -2.487770e-01 3.679415e-01 -1.047529e+02 4.354354e-01 6.553044e-01 -6.172294e-01 1.049286e+00 -8.756121e-02 7.132223e-01 6.954473e-01 -8.530615e+00
5.123158e-01 5.734953e-01 -6.392462e-01 -1.044240e+02 2.936958e-01 5.824708e-01 7.579384e-01 1.022691e+00 8.070163e-01 -5.760477e-01 1.299759e-01 -8.737533e+00
9.307847e-01 3.604886e-01 -6.072737e-02 -1.041052e+02 -3.048760e-01 6.738068e-01 -6.730788e-01 9.971779e-01 -2.017187e-01 6.450058e-01 7.370734e-01 -9.304670e+00
1.495635e-01 -1.432253e-01 -9.783237e-01 -1.037464e+02 6.967848e-01 7.172786e-01 1.513894e-03 9.709453e-01 7.015138e-01 -6.819075e-01 2.070759e-01 -9.864154e+00
5.198637e-01 6.782576e-01 5.193345e-01 -1.031599e+02 -6.102441e-01 7.202850e-01 -3.298356e-01 9.307176e-01 -5.977824e-01 -1.454513e-01 7.883528e-01 -1.003901e+01
2.765380e-01 -5.134985e-01 -8.123091e-01 -1.024223e+02 5.168557e-01 7.920818e-01 -3.247564e-01 8.807975e-01 8.101771e-01 -3.300390e-01 4.844453e-01 -1.013841e+01
6.044546e-01 5.010424e-01 6.193474e-01 -1.019048e+02 -6.778850e-01 7.318745e-01 6.950963e-02 8.408473e-01 -4.184573e-01 -4.618617e-01 7.820340e-01 -1.011956e+01
2.514429e-01 -5.635430e-01 -7.868899e-01 -1.014552e+02 5.828365e-02 8.203509e-01 -5.688827e-01 8.066071e-01 9.661157e-01 9.717871e-02 2.391168e-01 -1.019640e+01
7.024299e-01 3.411150e-02 7.109350e-01 -1.008117e+02 -4.853137e-01 7.535995e-01 4.433491e-01 7.624844e-01 -5.206370e-01 -6.564482e-01 5.459056e-01 -1.040384e+01
2.925937e-01 -3.915041e-01 -8.724182e-01 -1.001154e+02 -3.898903e-01 7.842190e-01 -4.826863e-01 7.166459e-01 8.731406e-01 4.813783e-01 7.681389e-02 -1.073075e+01
9.073755e-01 -3.724575e-01 1.947951e-01 -9.950831e+01 1.417536e-01 7.074590e-01 6.923927e-01 6.768447e-01 -3.956964e-01 -6.006473e-01 6.947281e-01 -1.117753e+01
3.403120e-01 2.789168e-01 -8.979940e-01 -9.888875e+01 -7.365021e-01 6.727886e-01 -7.014355e-02 6.360350e-01 5.845959e-01 6.852452e-01 4.343809e-01 -1.147632e+01
2.407051e-01 -7.373097e-01 6.312174e-01 -9.757136e+01 1.038369e-01 6.661679e-01 7.385379e-01 5.546753e-01 -9.650280e-01 -1.122262e-01 2.369099e-01 -1.163774e+01
5.577581e-01 1.046558e-01 -8.233791e-01 -9.623913e+01 -6.609805e-01 6.560039e-01 -3.643675e-01 4.664993e-01 5.020067e-01 7.474664e-01 4.350669e-01 -1.177493e+01
6.520401e-01 -6.577168e-01 3.771636e-01 -9.534491e+01 2.091611e-01 6.341953e-01 7.443440e-01 4.093999e-01 -7.287629e-01 -4.064542e-01 5.510895e-01 -1.201825e+01
5.243482e-01 2.516013e-01 -8.134837e-01 -9.428050e+01 -7.342256e-01 6.174316e-01 -2.822961e-01 3.425709e-01 4.312445e-01 7.453020e-01 5.084812e-01 -1.227564e+01
6.793867e-01 -7.182386e-01 1.502233e-01 -9.350068e+01 5.049757e-01 6.061756e-01 6.144515e-01 2.916092e-01 -5.323844e-01 -3.415911e-01 7.745207e-01 -1.255407e+01
5.290989e-01 5.392273e-01 -6.552009e-01 -9.256678e+01 -7.922072e-01 5.905820e-01 -1.536903e-01 2.327831e-01 3.040758e-01 6.003723e-01 7.396560e-01 -1.284623e+01
6.384324e-01 -7.695301e-01 -1.508237e-02 -9.168176e+01 7.338135e-01 6.026548e-01 3.135681e-01 1.775714e-01 -2.322106e-01 -2.112597e-01 9.494459e-01 -1.326669e+01
5.561215e-01 7.676607e-01 -3.184743e-01 -9.063578e+01 -8.190486e-01 5.712447e-01 -5.328056e-02 1.132050e-01 1.410254e-01 2.904764e-01 9.464329e-01 -1.356378e+01
5.599287e-01 -7.761556e-01 -2.899351e-01 -8.994772e+01 7.638303e-01 6.191362e-01 -1.823011e-01 6.852805e-02 3.210033e-01 -1.193856e-01 9.395233e-01 -1.395305e+01
6.101395e-01 7.899581e-01 6.079441e-02 -8.926813e+01 -7.600163e-01 5.618785e-01 3.266004e-01 2.336886e-02 2.238415e-01 -2.454765e-01 9.432053e-01 -1.422942e+01
6.725871e-01 -7.296403e-01 -1.234974e-01 -8.859674e+01 5.766826e-01 6.213667e-01 -5.304155e-01 -2.186377e-02 4.637497e-01 2.855319e-01 8.386941e-01 -1.445080e+01
7.964491e-01 5.993059e-01 -8.063023e-02 -8.794547e+01 -3.475080e-01 5.627325e-01 7.500469e-01 -6.368269e-02 4.948808e-01 -5.693545e-01 6.564514e-01 -1.495468e+01
8.044280e-01 -3.028724e-01 -5.110419e-01 -8.736720e+01 -2.402534e-01 6.209018e-01 -7.461630e-01 -9.913212e-02 5.432990e-01 7.230140e-01 4.267047e-01 -1.578769e+01
9.082860e-01 -2.197809e-01 -3.559675e-01 -8.666344e+01 4.131951e-01 6.044505e-01 6.811090e-01 -1.394068e-01 6.547001e-02 -7.657258e-01 6.398263e-01 -1.668794e+01
5.073432e-01 4.537020e-01 -7.326373e-01 -8.596402e+01 -7.791751e-01 6.046675e-01 -1.651163e-01 -1.793127e-01 3.680884e-01 6.546234e-01 6.602872e-01 -1.762246e+01
5.253799e-01 -7.838996e-01 -3.308736e-01 -8.507384e+01 7.826991e-01 5.977609e-01 -1.733899e-01 -2.272604e-01 3.337036e-01 -1.678789e-01 9.276091e-01 -1.898060e+01
5.399494e-01 7.941684e-01 -2.788389e-01 -8.406181e+01 -5.512659e-01 5.840098e-01 5.958510e-01 -2.799172e-01 6.360507e-01 -1.680150e-01 7.531337e-01 -2.015655e+01
8.443260e-01 -5.294310e-01 8.256099e-02 -8.329958e+01 4.512775e-01 6.195282e-01 -6.422876e-01 -3.244225e-01 2.888981e-01 5.795581e-01 7.620041e-01 -2.086412e+01
8.556861e-01 4.579408e-01 -2.410219e-01 -8.238398e+01 -1.052683e-01 6.100403e-01 7.853467e-01 -3.763602e-01 5.066753e-01 -6.466383e-01 5.702096e-01 -2.157007e+01
9.675436e-01 -5.273193e-02 -2.471411e-01 -8.143516e+01 -1.645784e-01 6.106517e-01 -7.746086e-01 -4.296346e-01 1.917638e-01 7.901416e-01 5.821536e-01 -2.246709e+01
5.744935e-01 -8.318361e-02 -8.142712e-01 -8.096417e+01 6.913208e-01 5.819228e-01 4.283006e-01 -4.601728e-01 4.382154e-01 -8.089786e-01 3.918174e-01 -2.333941e+01
6.277372e-01 7.311459e-01 -2.671547e-01 -8.063045e+01 -7.784216e-01 5.906630e-01 -2.125487e-01 -4.845415e-01 2.394286e-03 3.413837e-01 9.399210e-01 -2.415288e+01
3.652790e-01 -7.049772e-01 -6.079296e-01 -8.033758e+01 6.666879e-01 6.538960e-01 -3.576971e-01 -5.079506e-01 6.496911e-01 -2.746401e-01 7.088542e-01 -2.464870e+01
7.262008e-01 6.809027e-01 9.488930e-02 -8.016334e+01 -6.117882e-01 5.770964e-01 5.409944e-01 -5.256091e-01 3.136042e-01 -4.509227e-01 8.356561e-01 -2.518812e+01
7.172118e-01 -5.840059e-01 -3.801899e-01 -7.989788e+01 1.047780e-01 6.297524e-01 -7.696970e-01 -5.456270e-01 6.889331e-01 5.122002e-01 5.128568e-01 -2.576670e+01
9.680631e-01 1.634971e-01 -1.900594e-01 -7.971313e+01 6.800349e-02 5.584302e-01 8.267595e-01 -5.637925e-01 2.413077e-01 -8.132800e-01 5.294773e-01 -2.640363e+01
7.188551e-01 1.876153e-01 -6.693638e-01 -7.943341e+01 -6.236836e-01 5.993378e-01 -5.018097e-01 -5.851405e-01 3.070278e-01 7.781997e-01 5.478496e-01 -2.671051e+01
6.540135e-01 -5.371088e-01 -5.327106e-01 -7.895590e+01 7.434485e-01 5.865128e-01 3.213831e-01 -6.181877e-01 1.398239e-01 -6.062318e-01 7.829000e-01 -2.715041e+01
3.993238e-01 8.036864e-01 -4.411673e-01 -7.854042e+01 -7.908934e-01 5.453593e-01 2.776164e-01 -6.469682e-01 4.637112e-01 2.380575e-01 8.534052e-01 -2.785729e+01
6.358046e-01 -7.426449e-01 -2.103120e-01 -7.822479e+01 5.818378e-01 6.401878e-01 -5.016217e-01 -6.720502e-01 5.071660e-01 1.965660e-01 8.391332e-01 -2.835982e+01
7.200280e-01 6.542400e-01 -2.313648e-01 -7.801006e+01 -2.002793e-01 5.151347e-01 8.333813e-01 -6.930838e-01 6.644154e-01 -5.537203e-01 5.019422e-01 -2.880599e+01
9.593522e-01 -1.506406e-01 -2.386434e-01 -7.747514e+01 -1.017661e-01 6.040652e-01 -7.904106e-01 -7.296535e-01 2.632241e-01 7.825680e-01 5.641812e-01 -2.937321e+01
6.455949e-01 3.405705e-03 -7.636724e-01 -7.692249e+01 6.317319e-01 5.594900e-01 5.365499e-01 -7.656701e-01 4.290944e-01 -8.288301e-01 3.590524e-01 -3.013002e+01
6.268213e-01 6.901527e-01 -3.616411e-01 -7.646099e+01 -7.781469e-01 5.781862e-01 -2.453325e-01 -7.957742e-01 3.977903e-02 4.351896e-01 8.994597e-01 -3.093678e+01
5.585703e-01 -7.246053e-01 -4.036661e-01 -7.556386e+01 7.848894e-01 6.191202e-01 -2.527299e-02 -8.503379e-01 2.682308e-01 -3.027165e-01 9.145572e-01 -3.144862e+01
5.819376e-01 8.122553e-01 -3.987395e-02 -7.464097e+01 -7.945322e-01 5.783259e-01 1.850885e-01 -9.062633e-01 1.733992e-01 -7.602879e-02 9.819126e-01 -3.197177e+01
6.337257e-01 -7.613672e-01 -1.367909e-01 -7.385321e+01 6.715508e-01 6.292560e-01 -3.912241e-01 -9.564678e-01 3.839417e-01 1.560668e-01 9.100725e-01 -3.234712e+01
4.998218e-01 6.967550e-01 5.145004e-01 -7.269291e+01 -7.980394e-01 6.013367e-01 -3.908036e-02 -1.030001e+00 -3.366174e-01 -3.910584e-01 8.565991e-01 -3.257393e+01
6.182980e-01 -7.799682e-01 -9.673232e-02 -7.118237e+01 7.750432e-01 6.255142e-01 -8.966556e-02 -1.124548e+00 1.304437e-01 -1.953170e-02 9.912633e-01 -3.277447e+01
5.758178e-01 8.167573e-01 -3.662626e-02 -7.043685e+01 -7.796416e-01 5.620358e-01 2.761789e-01 -1.172717e+00 2.461564e-01 -1.304733e-01 9.604081e-01 -3.307544e+01
6.687753e-01 -7.304166e-01 -1.386768e-01 -6.993623e+01 6.017215e-01 6.413256e-01 -4.760595e-01 -1.207320e+00 4.366588e-01 2.349320e-01 8.684101e-01 -3.333699e+01
7.427871e-01 6.307009e-01 2.246857e-01 -6.953646e+01 -6.400820e-01 5.705103e-01 5.145999e-01 -1.240263e+00 1.963731e-01 -5.260555e-01 8.274680e-01 -3.338811e+01
7.939475e-01 -5.941745e-01 -1.288565e-01 -6.910703e+01 3.577287e-01 6.279037e-01 -6.912070e-01 -1.274768e+00 4.916071e-01 5.026863e-01 7.110759e-01 -3.364776e+01
8.241475e-01 3.777846e-01 4.219712e-01 -6.856012e+01 -5.660683e-01 5.739479e-01 5.917351e-01 -1.316692e+00 -1.864109e-02 -7.265415e-01 6.868696e-01 -3.368820e+01
8.195895e-01 -5.265327e-01 -2.259121e-01 -6.823780e+01 2.023939e-01 6.349380e-01 -7.455806e-01 -1.346040e+00 5.360128e-01 5.653469e-01 6.269555e-01 -3.365532e+01
9.170389e-01 2.130007e-01 3.371504e-01 -6.782307e+01 -3.961588e-01 5.836543e-01 7.088060e-01 -1.380031e+00 -4.580309e-02 -7.835677e-01 6.196158e-01 -3.373564e+01
8.690159e-01 -3.424119e-01 -3.571631e-01 -6.752764e+01 -6.591132e-02 6.353095e-01 -7.694398e-01 -1.407126e+00 4.903744e-01 6.921965e-01 5.295252e-01 -3.381235e+01
8.573606e-01 -7.090319e-02 5.098093e-01 -6.689303e+01 -3.724306e-01 5.982208e-01 7.095261e-01 -1.453909e+00 -3.552862e-01 -7.981883e-01 4.864844e-01 -3.387638e+01
8.161249e-01 -3.253168e-01 -4.776078e-01 -6.618104e+01 -1.874079e-01 6.328207e-01 -7.512764e-01 -1.503407e+00 5.466429e-01 7.026428e-01 4.554937e-01 -3.400988e+01
9.629948e-01 -1.602036e-01 2.167392e-01 -6.538594e+01 -9.076670e-02 5.644223e-01 8.204809e-01 -1.556335e+00 -2.537764e-01 -8.097915e-01 5.289946e-01 -3.425238e+01
9.055713e-01 -2.982198e-02 -4.231445e-01 -6.437862e+01 -3.216537e-01 6.020528e-01 -7.308018e-01 -1.624832e+00 2.765493e-01 7.978991e-01 5.356094e-01 -3.457211e+01
9.228969e-01 -3.150199e-01 2.214133e-01 -6.338043e+01 1.967332e-03 5.788792e-01 8.154110e-01 -1.694348e+00 -3.850422e-01 -7.521046e-01 5.348655e-01 -3.492966e+01
9.808506e-01 -5.841130e-02 -1.857961e-01 -6.215700e+01 -1.189435e-01 5.757478e-01 -8.089295e-01 -1.777036e+00 1.542223e-01 8.155383e-01 5.577749e-01 -3.541101e+01
7.185872e-01 -2.025233e-01 6.652945e-01 -6.102644e+01 -4.105539e-01 6.486199e-01 6.408883e-01 -1.860938e+00 -5.613180e-01 -7.336734e-01 3.829433e-01 -3.577196e+01
8.259411e-01 -5.224388e-01 -2.118466e-01 -5.986983e+01 1.911490e-01 6.130388e-01 -7.665804e-01 -1.943069e+00 5.303615e-01 5.926560e-01 6.061976e-01 -3.622844e+01
8.340571e-01 1.206791e-01 5.383170e-01 -5.889093e+01 -4.635931e-01 6.822609e-01 5.653332e-01 -2.013875e+00 -2.990488e-01 -7.210802e-01 6.249905e-01 -3.687095e+01
7.566468e-01 -4.809651e-01 -4.428975e-01 -5.789090e+01 2.295172e-02 6.965172e-01 -7.171729e-01 -2.084115e+00 6.534209e-01 5.324813e-01 5.380565e-01 -3.737898e+01
7.400576e-01 -5.004452e-03 6.725248e-01 -5.687776e+01 -4.775838e-01 7.001547e-01 5.307514e-01 -2.157560e+00 -4.735276e-01 -7.139736e-01 5.157648e-01 -3.779575e+01
7.529600e-01 -5.945647e-01 -2.820357e-01 -5.615985e+01 2.547520e-01 6.585249e-01 -7.081288e-01 -2.217186e+00 6.067559e-01 4.613434e-01 6.473095e-01 -3.823826e+01
7.967741e-01 1.905600e-01 5.734439e-01 -5.552115e+01 -5.087671e-01 7.235850e-01 4.664556e-01 -2.269506e+00 -3.260476e-01 -6.634091e-01 6.734844e-01 -3.876490e+01
6.754992e-01 -5.062414e-01 -5.361161e-01 -5.468174e+01 1.773529e-02 7.380189e-01 -6.745470e-01 -2.328907e+00 7.371474e-01 4.461478e-01 5.075095e-01 -3.927926e+01
9.641834e-01 -2.724684e-02 2.638331e-01 -5.411452e+01 -1.535141e-01 7.538410e-01 6.388718e-01 -2.379116e+00 -2.162954e-01 -6.564917e-01 7.226582e-01 -4.028189e+01
5.757476e-01 -8.952701e-02 -8.127112e-01 -5.356028e+01 -4.730511e-01 7.742576e-01 -4.204138e-01 -2.418931e+00 6.668863e-01 6.265062e-01 4.034261e-01 -4.083600e+01
7.982633e-01 -5.107401e-01 3.192496e-01 -5.307879e+01 2.216707e-01 7.419648e-01 6.327324e-01 -2.462201e+00 -5.600338e-01 -4.343188e-01 7.054994e-01 -4.136889e+01
2.574316e-01 2.261860e-01 -9.394513e-01 -5.248967e+01 -6.461538e-01 7.631779e-01 6.684475e-03 -2.508364e+00 7.184805e-01 6.053093e-01 3.426171e-01 -4.231035e+01
7.766834e-01 -6.288268e-01 3.660130e-02 -5.202971e+01 6.123899e-01 7.674300e-01 1.898150e-01 -2.544151e+00 -1.474497e-01 -1.250119e-01 9.811374e-01 -4.312710e+01
6.615403e-01 6.077161e-01 -4.393696e-01 -5.154180e+01 -6.039213e-01 7.790761e-01 1.682839e-01 -2.586867e+00 4.445712e-01 1.540181e-01 8.824029e-01 -4.380161e+01
7.906931e-01 -5.755427e-01 -2.086987e-01 -5.122029e+01 5.198908e-01 8.112533e-01 -2.675474e-01 -2.615885e+00 3.232924e-01 1.030474e-01 9.406717e-01 -4.442572e+01
7.341397e-01 5.942361e-01 -3.285154e-01 -5.120954e+01 -3.389144e-01 7.399373e-01 5.810593e-01 -2.626989e+00 5.883671e-01 -3.152401e-01 7.446125e-01 -4.483618e+01
9.266296e-01 -2.677672e-01 -2.639285e-01 -5.097318e+01 6.918215e-02 8.114305e-01 -5.803398e-01 -2.647958e+00 3.695556e-01 5.195009e-01 7.704203e-01 -4.518049e+01
7.784082e-01 1.804332e-01 -6.012690e-01 -5.031663e+01 2.990329e-01 7.355783e-01 6.078684e-01 -2.691699e+00 5.519601e-01 -6.529690e-01 5.186247e-01 -4.560344e+01
9.358876e-01 3.522068e-01 8.049215e-03 -4.940002e+01 -2.916663e-01 7.874291e-01 -5.430342e-01 -2.753108e+00 -1.975985e-01 5.058713e-01 8.396720e-01 -4.606115e+01
8.799986e-01 -2.917476e-01 -3.748145e-01 -4.847800e+01 4.457569e-01 7.797803e-01 4.395946e-01 -2.816013e+00 1.640223e-01 -5.539187e-01 8.162541e-01 -4.658252e+01
8.700785e-01 4.293764e-01 2.420729e-01 -4.784324e+01 -2.362725e-01 7.943127e-01 -5.596809e-01 -2.865698e+00 -4.325953e-01 4.297711e-01 7.925642e-01 -4.678436e+01
8.923387e-01 -2.470174e-01 -3.777753e-01 -4.671006e+01 4.131600e-01 7.840116e-01 4.632759e-01 -2.939969e+00 1.817430e-01 -5.694806e-01 8.016616e-01 -4.717999e+01
8.633219e-01 4.349905e-01 2.558487e-01 -4.541798e+01 -2.269146e-01 7.874391e-01 -5.731051e-01 -3.023179e+00 -4.507606e-01 4.367184e-01 7.785191e-01 -4.753545e+01
7.912802e-01 -1.089232e-01 -6.016738e-01 -4.422722e+01 4.399826e-01 7.847433e-01 4.365700e-01 -3.096762e+00 4.246069e-01 -6.101752e-01 6.688761e-01 -4.768720e+01
7.317929e-01 4.580849e-01 5.046160e-01 -4.267065e+01 -1.377760e-01 8.245677e-01 -5.487311e-01 -3.195208e+00 -6.674555e-01 3.320336e-01 6.665259e-01 -4.795345e+01
6.271566e-01 -1.413597e-01 -7.659583e-01 -4.113412e+01 5.033551e-01 8.240140e-01 2.600665e-01 -3.290121e+00 5.943974e-01 -5.486514e-01 5.879399e-01 -4.870172e+01
7.738547e-01 5.544663e-01 -3.061306e-01 -4.033808e+01 -5.786418e-01 8.154575e-01 1.423898e-02 -3.339370e+00 2.575316e-01 1.661211e-01 9.518830e-01 -4.982241e+01
5.048999e-01 -4.870344e-01 -7.126525e-01 -4.005615e+01 3.082348e-01 8.729104e-01 -3.781782e-01 -3.360750e+00 8.062676e-01 -2.872215e-02 5.908533e-01 -5.062756e+01
7.170375e-01 2.925145e-01 6.326868e-01 -3.902863e+01 -5.051832e-01 8.434814e-01 1.825623e-01 -3.424462e+00 -4.802574e-01 -4.505268e-01 7.525812e-01 -5.091089e+01
7.657968e-01 -6.428704e-01 -1.652141e-02 -3.780704e+01 6.012880e-01 7.249011e-01 -3.361118e-01 -3.515990e+00 2.280527e-01 2.474592e-01 9.416772e-01 -5.205397e+01
6.681084e-01 5.738757e-01 4.736009e-01 -3.608832e+01 -5.575942e-01 8.076044e-01 -1.919996e-01 -3.623616e+00 -4.926661e-01 -1.358006e-01 8.595571e-01 -5.303227e+01
8.369998e-01 -5.416920e-01 7.746664e-02 -3.396879e+01 5.120382e-01 8.252544e-01 2.382688e-01 -3.752918e+00 -1.929980e-01 -1.597650e-01 9.681048e-01 -5.324946e+01
7.811139e-01 5.878244e-01 -2.105318e-01 -3.259048e+01 -6.132579e-01 7.856448e-01 -8.171261e-02 -3.839016e+00 1.173705e-01 1.929371e-01 9.741660e-01 -5.342325e+01
8.344659e-01 -5.334300e-01 -1.382719e-01 -3.130762e+01 5.474821e-01 8.310709e-01 9.790099e-02 -3.916651e+00 6.269040e-02 -1.573964e-01 9.855436e-01 -5.365319e+01
8.055951e-01 5.728769e-01 1.510916e-01 -3.008344e+01 -5.394310e-01 8.146916e-01 -2.128187e-01 -3.995635e+00 -2.450119e-01 8.994219e-02 9.653391e-01 -5.388631e+01
5.200584e-01 -4.798170e-01 -7.066222e-01 -2.955027e+01 5.036192e-01 8.404483e-01 -2.000361e-01 -4.035360e+00 6.898601e-01 -2.518380e-01 6.787272e-01 -5.438291e+01
7.979128e-01 5.075465e-01 3.251642e-01 -2.894767e+01 -5.671715e-01 8.148228e-01 1.199176e-01 -4.077103e+00 -2.040875e-01 -2.801077e-01 9.380235e-01 -5.479428e+01
5.551641e-01 -4.759472e-01 -6.821049e-01 -2.862780e+01 2.061615e-01 8.732442e-01 -4.415224e-01 -4.104228e+00 8.057855e-01 1.044937e-01 5.829158e-01 -5.503701e+01
9.663559e-01 2.501773e-01 5.972883e-02 -2.824511e+01 -2.411668e-01 8.005897e-01 5.485387e-01 -4.133733e+00 8.941364e-02 -5.444882e-01 8.339891e-01 -5.550406e+01
6.312810e-01 -1.132360e-01 -7.672431e-01 -2.785863e+01 -3.490810e-01 8.419194e-01 -4.114781e-01 -4.163080e+00 6.925509e-01 5.275883e-01 4.919592e-01 -5.601864e+01
9.472730e-01 -3.191879e-01 2.815831e-02 -2.715270e+01 2.532160e-01 7.995314e-01 5.446386e-01 -4.210459e+00 -1.963555e-01 -5.087913e-01 8.381980e-01 -5.660266e+01
-3.128823e-01 4.492937e-01 -8.368033e-01 -2.754856e+01 -5.174823e-01 6.581476e-01 5.468581e-01 -4.198968e+00 7.964400e-01 6.041332e-01 2.657878e-02 -5.693592e+01
8.746203e-01 -4.606919e-01 -1.510042e-01 -2.887233e+01 3.594420e-01 8.252093e-01 -4.356961e-01 -4.135059e+00 3.253317e-01 3.267914e-01 8.873368e-01 -5.664257e+01
3.723296e-01 5.530331e-01 -7.453356e-01 -2.945008e+01 2.019632e-01 7.355521e-01 6.466637e-01 -4.113404e+00 9.058596e-01 -3.913024e-01 1.621755e-01 -5.668766e+01
8.140598e-01 1.748747e-01 5.538280e-01 -2.866802e+01 2.104224e-01 7.999951e-01 -5.618989e-01 -4.167048e+00 -5.413216e-01 5.739571e-01 6.144463e-01 -5.715564e+01
-3.958036e-01 3.778109e-01 -8.370176e-01 -2.894530e+01 5.455211e-01 8.299390e-01 1.166533e-01 -4.164793e+00 7.387464e-01 -4.104390e-01 -5.345966e-01 -5.744159e+01
7.780953e-01 5.545716e-01 2.949883e-01 -3.007576e+01 -5.740671e-01 8.184437e-01 -2.443059e-02 -4.114676e+00 -2.549798e-01 -1.503337e-01 9.551885e-01 -5.765207e+01
-3.968558e-01 -3.926324e-01 -8.296657e-01 -3.064333e+01 -3.168226e-01 9.069356e-01 -2.776533e-01 -4.096457e+00 8.614690e-01 1.526686e-01 -4.843175e-01 -5.798436e+01
9.307051e-01 -3.239453e-01 1.698452e-01 -3.126464e+01 1.690975e-01 7.928174e-01 5.855311e-01 -4.073784e+00 -3.243363e-01 -5.162364e-01 7.926575e-01 -5.818474e+01
-6.738928e-01 3.563123e-01 -6.472326e-01 -3.271637e+01 -3.748918e-01 5.899657e-01 7.151200e-01 -4.010269e+00 6.366511e-01 7.245564e-01 -2.639951e-01 -5.834138e+01
8.013012e-01 -4.022664e-01 4.428296e-01 -3.417361e+01 5.753097e-01 7.211746e-01 -3.859094e-01 -3.942546e+00 -1.641191e-01 5.639938e-01 8.093058e-01 -5.860475e+01
-1.001506e-01 6.700105e-01 -7.355649e-01 -3.515346e+01 4.546894e-01 6.883912e-01 5.651329e-01 -3.910976e+00 8.850014e-01 -2.778551e-01 -3.735894e-01 -5.969917e+01
8.410605e-01 4.982270e-01 2.106827e-01 -3.627523e+01 -2.781448e-01 7.323575e-01 -6.215207e-01 -3.871561e+00 -4.639534e-01 4.641362e-01 7.545362e-01 -6.100274e+01
-4.877309e-01 -1.842232e-01 -8.533349e-01 -3.771489e+01 3.734440e-01 8.395031e-01 -3.946822e-01 -3.820822e+00 7.890869e-01 -5.111715e-01 -3.406545e-01 -6.248057e+01
8.170435e-01 3.913995e-01 4.233750e-01 -3.943807e+01 -5.430876e-01 7.690286e-01 3.371215e-01 -3.745908e+00 -1.936383e-01 -5.053727e-01 8.408940e-01 -6.358793e+01
-1.378388e-01 -3.979726e-01 -9.069831e-01 -4.020048e+01 -5.516645e-01 7.913801e-01 -2.634082e-01 -3.723396e+00 8.225976e-01 4.640424e-01 -3.286302e-01 -6.453855e+01
8.099435e-01 -5.523897e-01 1.971222e-01 -4.027384e+01 3.505688e-01 7.254073e-01 5.923562e-01 -3.728401e+00 -4.702053e-01 -4.106701e-01 7.811895e-01 -6.528249e+01
9.407441e-01 2.549352e-01 2.236261e-01 -3.842861e+01 -3.630038e-02 7.313497e-01 -6.810359e-01 -3.847388e+00 -3.371688e-01 6.325628e-01 6.972671e-01 -6.546824e+01
9.040108e-01 -8.389824e-02 4.191962e-01 -3.677631e+01 -2.026037e-01 7.793685e-01 5.929051e-01 -3.960026e+00 -3.764520e-01 -6.209234e-01 6.875595e-01 -6.566586e+01
1.027654e-01 -4.210903e-02 -9.938139e-01 -3.675150e+01 -6.418485e-01 7.604670e-01 -9.859223e-02 -3.969997e+00 7.599143e-01 6.480098e-01 5.112206e-02 -6.578696e+01
8.077423e-01 -5.514500e-01 -2.084591e-01 -3.722434e+01 5.889000e-01 7.711607e-01 2.418842e-01 -3.956933e+00 2.736848e-02 -3.181417e-01 9.476481e-01 -6.619866e+01
6.425637e-02 7.173083e-01 -6.937866e-01 -3.791101e+01 -4.582325e-01 6.388047e-01 6.180223e-01 -3.928240e+00 8.865067e-01 2.782037e-01 3.697413e-01 -6.626644e+01
9.171869e-01 -3.923029e-01 6.976065e-02 -3.822110e+01 3.769825e-01 7.976526e-01 -4.707807e-01 -3.926537e+00 1.290439e-01 4.580925e-01 8.794879e-01 -6.652234e+01
1.771043e-01 4.764170e-01 -8.611974e-01 -3.933228e+01 3.560872e-01 7.847313e-01 5.073447e-01 -3.887119e+00 9.175162e-01 -3.965143e-01 -3.066675e-02 -6.782885e+01
9.159916e-01 3.932772e-01 7.932508e-02 -4.013843e+01 -2.953639e-01 7.948543e-01 -5.300630e-01 -3.861186e+00 -2.715136e-01 4.621035e-01 8.442397e-01 -6.893688e+01
3.380522e-02 -1.908987e-01 -9.810275e-01 -4.049848e+01 4.969489e-01 8.548535e-01 -1.492221e-01 -3.858362e+00 8.671211e-01 -4.824761e-01 1.237654e-01 -6.990588e+01
8.166073e-01 5.337254e-01 2.197494e-01 -4.129345e+01 -5.668101e-01 8.134151e-01 1.306988e-01 -3.835005e+00 -1.089902e-01 -2.312857e-01 9.667616e-01 -7.105243e+01
2.861673e-01 -5.092116e-01 -8.116722e-01 -4.155307e+01 -2.911698e-03 8.466321e-01 -5.321707e-01 -3.837749e+00 9.581752e-01 1.546532e-01 2.407958e-01 -7.203013e+01
8.270836e-01 1.516530e-01 -5.412338e-01 -4.159754e+01 2.744204e-01 7.314043e-01 6.242925e-01 -3.840262e+00 4.905366e-01 -6.648677e-01 5.633159e-01 -7.274187e+01
7.980193e-02 5.599998e-01 -8.246405e-01 -4.240048e+01 -6.760759e-01 6.383256e-01 3.680513e-01 -3.805887e+00 7.324978e-01 5.281484e-01 4.295420e-01 -7.258930e+01
7.906854e-01 -6.026606e-01 -1.077813e-01 -4.335903e+01 5.225833e-01 7.560887e-01 -3.940007e-01 -3.767196e+00 3.189410e-01 2.552059e-01 9.127686e-01 -7.283342e+01
8.880948e-01 4.577781e-01 -4.155563e-02 -4.330425e+01 -3.986504e-01 8.120723e-01 4.261648e-01 -3.788044e+00 2.288351e-01 -3.619086e-01 9.036906e-01 -7.350282e+01
8.820271e-01 -3.724458e-01 -2.886387e-01 -4.318093e+01 1.875739e-01 8.394649e-01 -5.100144e-01 -3.808153e+00 4.322548e-01 3.957054e-01 8.102919e-01 -7.393363e+01
9.682410e-01 2.260267e-01 -1.068708e-01 -4.274947e+01 -1.158247e-01 7.843229e-01 6.094441e-01 -3.842558e+00 2.215719e-01 -5.777105e-01 7.855931e-01 -7.428392e+01
7.301175e-01 -9.695414e-02 6.764084e-01 -4.101778e+01 4.726193e-01 7.865767e-01 -3.974016e-01 -3.947455e+00 -4.935174e-01 6.098335e-01 6.201159e-01 -7.452310e+01
8.490076e-01 4.993092e-01 -1.728482e-01 -3.952640e+01 -3.519149e-01 7.783633e-01 5.199101e-01 -4.044934e+00 3.941346e-01 -3.805798e-01 8.365506e-01 -7.467329e+01
9.515074e-01 -2.997797e-01 -6.903407e-02 -3.900374e+01 2.306843e-01 8.437856e-01 -4.845725e-01 -4.083356e+00 2.035150e-01 4.451493e-01 8.720228e-01 -7.481454e+01
9.038170e-01 3.217692e-01 -2.820983e-01 -3.860029e+01 -8.482203e-02 7.808651e-01 6.189143e-01 -4.115813e+00 4.194283e-01 -5.354571e-01 7.330522e-01 -7.485747e+01
9.566272e-01 2.834525e-02 -2.899328e-01 -3.834994e+01 -1.751089e-01 8.513339e-01 -4.945376e-01 -4.140915e+00 2.328118e-01 5.238579e-01 8.193727e-01 -7.476127e+01
8.378900e-01 -4.759881e-02 -5.437598e-01 -3.839394e+01 3.484359e-01 8.134567e-01 4.657044e-01 -4.151314e+00 4.201581e-01 -5.796745e-01 6.981724e-01 -7.467347e+01
8.845324e-01 4.246600e-01 -1.930448e-01 -3.848568e+01 -4.652584e-01 8.330438e-01 -2.992869e-01 -4.159188e+00 3.371966e-02 3.545447e-01 9.344309e-01 -7.464541e+01
5.574509e-01 -3.230687e-01 -7.647713e-01 -3.844303e+01 4.702603e-01 8.820238e-01 -2.982226e-02 -4.171684e+00 6.841811e-01 -3.430171e-01 6.436113e-01 -7.466207e+01
8.421887e-01 5.149940e-01 1.596855e-01 -3.803739e+01 -5.360045e-01 8.317745e-01 1.443967e-01 -4.207474e+00 -5.845883e-02 -2.072014e-01 9.765501e-01 -7.457594e+01
7.568503e-01 -4.393940e-01 -4.838496e-01 -3.763756e+01 3.155458e-01 8.939559e-01 -3.182352e-01 -4.242127e+00 5.723709e-01 8.817973e-02 8.152398e-01 -7.450752e+01
9.331485e-01 3.485549e-01 8.799674e-02 -3.724373e+01 -3.534676e-01 8.449782e-01 4.013384e-01 -4.274024e+00 6.553314e-02 -4.056123e-01 9.116930e-01 -7.465955e+01
7.876587e-01 -2.319860e-01 -5.707681e-01 -3.705805e+01 -3.934897e-02 9.055707e-01 -4.223664e-01 -4.296747e+00 6.148540e-01 3.551397e-01 7.041523e-01 -7.455749e+01
9.952751e-01 3.192115e-02 -9.169816e-02 -3.698639e+01 2.200995e-02 8.456560e-01 5.332743e-01 -4.312298e+00 9.456783e-02 -5.327729e-01 8.409578e-01 -7.455139e+01
6.848719e-01 1.762808e-01 -7.070188e-01 -3.722348e+01 -4.660125e-01 8.518826e-01 -2.390154e-01 -4.313703e+00 5.601632e-01 4.931745e-01 6.655795e-01 -7.465410e+01
