1.000000e+00 1.197625e-11 1.704638e-10 5.551115e-17 1.197625e-11 1.000000e+00 3.562503e-10 0.000000e+00 1.704638e-10 3.562503e-10 1.000000e+00 2.220446e-16 0.000000e+00 0.000000e+00 0.000000e+00 1.000000e+00
8.174525e-01 1.361694e-01 -5.596690e-01 -2.545465e-01 -5.359671e-02 9.854207e-01 1.614729e-01 -5.671140e-03 5.734970e-01 -1.020000e-01 8.128328e-01 1.036714e+00
9.937947e-01 -2.648883e-02 1.080294e-01 -4.863470e-01 2.689377e-02 9.996357e-01 -2.293008e-03 -1.524086e-02 -1.079293e-01 5.184098e-03 9.941451e-01 2.195780e+00
4.317249e-01 2.347376e-01 -8.709259e-01 -9.574357e-01 -8.059313e-02 9.717208e-01 2.219539e-01 -8.462381e-03 8.983977e-01 -2.563238e-02 4.384343e-01 3.343554e+00
6.020816e-01 -1.729602e-01 7.794758e-01 -1.147385e+00 2.181767e-01 9.747397e-01 4.776411e-02 -2.252123e-02 -7.680473e-01 1.413056e-01 6.246087e-01 4.620563e+00
-3.622242e-01 3.565079e-01 -8.612176e-01 -1.640983e+00 -4.005134e-02 9.171565e-01 3.965097e-01 -1.427643e-02 9.312301e-01 1.781183e-01 -3.179377e-01 5.814471e+00
-2.130467e-02 -1.567135e-01 9.874143e-01 -1.787437e+00 3.661993e-01 9.177781e-01 1.535627e-01 -2.567157e-02 -9.302925e-01 3.648620e-01 3.783542e-02 6.786604e+00
-3.516751e-01 4.866609e-01 -7.996785e-01 -1.913459e+00 -4.838597e-02 8.436543e-01 5.347020e-01 -4.138095e-02 9.348708e-01 2.267346e-01 -2.731446e-01 7.913580e+00
6.712618e-01 -1.807073e-01 7.188550e-01 -2.337640e+00 3.647175e-01 9.248235e-01 -1.080865e-01 -3.743449e-02 -6.452819e-01 3.347334e-01 6.867058e-01 9.000490e+00
1.901739e-02 4.962952e-01 -8.679455e-01 -2.632368e+00 3.366134e-02 8.672926e-01 4.966593e-01 -3.808609e-02 9.992523e-01 -3.866137e-02 -2.123166e-04 9.929436e+00
7.330525e-01 -5.750221e-02 6.777370e-01 -2.958290e+00 2.570515e-01 9.459441e-01 -1.977734e-01 -4.075701e-02 -6.297289e-01 3.191916e-01 7.082077e-01 1.100803e+01
7.326168e-02 4.183438e-01 -9.053293e-01 -3.262281e+00 1.141386e-01 8.982871e-01 4.243261e-01 -4.261587e-02 9.907599e-01 -1.344199e-01 1.806085e-02 1.201689e+01
1.908326e-01 3.872594e-03 9.816150e-01 -3.426389e+00 4.003363e-01 9.127432e-01 -8.142897e-02 -5.757610e-02 -8.962777e-01 4.085154e-01 1.726308e-01 1.322319e+01
4.311746e-01 4.570358e-01 -7.779504e-01 -3.583150e+00 -5.180483e-02 8.733338e-01 4.843598e-01 -7.528638e-02 9.007801e-01 -1.685420e-01 4.002360e-01 1.447786e+01
3.724592e-01 -1.424104e-01 9.170569e-01 -3.785691e+00 4.931538e-01 8.674665e-01 -6.558309e-02 -8.810636e-02 -7.861764e-01 4.766772e-01 3.933262e-01 1.562406e+01
4.402439e-01 5.554182e-01 -7.054757e-01 -3.920635e+00 -1.549083e-01 8.209166e-01 5.496357e-01 -1.046405e-01 8.844143e-01 -1.326897e-01 4.474424e-01 1.676875e+01
6.543716e-01 -2.334832e-01 7.192242e-01 -4.148616e+00 4.894438e-01 8.557988e-01 -1.674908e-01 -1.145922e-01 -5.764049e-01 4.616211e-01 6.742873e-01 1.787574e+01
4.354227e-01 5.554153e-01 -7.084638e-01 -4.489031e+00 -8.954019e-02 8.098021e-01 5.798302e-01 -1.155718e-01 8.957620e-01 -1.890352e-01 4.023382e-01 1.887903e+01
2.510795e-01 -1.819381e-01 9.507143e-01 -4.663885e+00 6.189283e-01 7.853371e-01 -1.316639e-02 -1.302994e-01 -7.442358e-01 5.917298e-01 3.097886e-01 2.001349e+01
3.393080e-01 6.712666e-01 -6.589926e-01 -4.800809e+00 -2.168916e-01 7.375048e-01 6.395660e-01 -1.458158e-01 9.153295e-01 -7.407989e-02 3.958334e-01 2.108743e+01
2.528923e-01 -3.130139e-01 9.154604e-01 -4.894160e+00 6.918039e-01 7.199825e-01 5.506801e-02 -1.630822e-01 -6.763526e-01 6.193928e-01 3.986223e-01 2.210615e+01
4.875670e-01 7.062468e-01 -5.133165e-01 -5.041522e+00 -4.333738e-01 7.061589e-01 5.599346e-01 -1.787491e-01 7.579350e-01 -5.054767e-02 6.503687e-01 2.316514e+01
2.003685e-01 -5.071985e-01 8.382137e-01 -5.192667e+00 7.342802e-01 6.441509e-01 2.142481e-01 -1.937588e-01 -6.486024e-01 5.725552e-01 5.014933e-01 2.421022e+01
5.404167e-01 7.199257e-01 -4.354960e-01 -5.304965e+00 -6.433870e-01 6.871262e-01 3.375067e-01 -2.107045e-01 5.422204e-01 9.779821e-02 8.345253e-01 2.517182e+01
1.313608e-01 -7.090925e-01 6.927713e-01 -5.403874e+00 6.437531e-01 5.924492e-01 4.843407e-01 -2.281631e-01 -7.538742e-01 3.823503e-01 5.343051e-01 2.611998e+01
5.777516e-01 6.362510e-01 -5.112609e-01 -5.407779e+00 -7.426296e-01 6.696772e-01 -5.814433e-03 -2.506488e-01 3.386803e-01 3.830368e-01 8.594059e-01 2.706014e+01
3.639354e-01 -8.037250e-01 4.707198e-01 -5.426088e+00 5.140421e-01 5.947573e-01 6.180813e-01 -2.673694e-01 -7.767314e-01 1.702814e-02 6.296017e-01 2.772242e+01
7.489708e-01 4.581232e-01 -4.787127e-01 -5.414924e+00 -6.425158e-01 6.786834e-01 -3.557559e-01 -2.840996e-01 1.619144e-01 5.740313e-01 8.026655e-01 2.824035e+01
5.577133e-01 -7.170643e-01 4.180607e-01 -5.429759e+00 2.410714e-01 6.218903e-01 7.450752e-01 -3.004087e-01 -7.942547e-01 -3.147558e-01 5.197002e-01 2.884610e+01
8.266046e-01 1.865029e-01 -5.309817e-01 -5.445042e+00 -4.963052e-01 6.864123e-01 -5.315254e-01 -3.140372e-01 2.653413e-01 7.028903e-01 6.599539e-01 2.929150e+01
3.699562e-01 -5.701837e-01 7.335005e-01 -5.284014e+00 -2.259533e-01 7.105899e-01 6.663385e-01 -3.298854e-01 -9.011534e-01 -4.122529e-01 1.340523e-01 2.954334e+01
8.325696e-01 -3.722984e-01 -4.101484e-01 -5.272521e+00 -5.308472e-03 7.350497e-01 -6.779924e-01 -3.404994e-01 5.538950e-01 5.666532e-01 6.100037e-01 2.974461e+01
3.719197e-01 -6.090426e-02 9.262647e-01 -5.032044e+00 -5.511186e-01 7.884588e-01 2.731318e-01 -3.548855e-01 -7.469565e-01 -6.120648e-01 2.596779e-01 2.987035e+01
6.508490e-01 -6.234250e-01 -4.332861e-01 -4.934239e+00 3.691841e-01 7.585766e-01 -5.369028e-01 -3.663166e-01 6.633993e-01 1.894803e-01 7.238774e-01 3.002275e+01
1.603585e-01 3.326187e-01 9.293277e-01 -4.895693e+00 -4.944619e-01 8.419289e-01 -2.160166e-01 -3.792792e-01 -8.542790e-01 -4.248770e-01 2.994777e-01 3.029620e+01
5.844584e-01 -5.730687e-01 -5.744568e-01 -4.849717e+00 6.435900e-01 7.585534e-01 -1.019251e-01 -3.932326e-01 4.941663e-01 -3.101437e-01 8.121641e-01 3.061134e+01
5.734911e-01 5.973641e-01 5.605926e-01 -5.052163e+00 -4.884795e-01 7.987019e-01 -3.513732e-01 -3.939909e-01 -6.576441e-01 -7.232861e-02 7.498485e-01 3.079778e+01
2.458753e-01 -4.589075e-01 -8.537852e-01 -5.493559e+00 4.965763e-01 8.160928e-01 -2.956426e-01 -3.797951e-01 8.324406e-01 -3.512783e-01 4.285397e-01 3.089605e+01
5.868691e-01 4.776008e-01 6.538212e-01 -5.756043e+00 -5.995690e-01 7.990287e-01 -4.549897e-02 -3.744625e-01 -5.441522e-01 -3.653090e-01 7.552799e-01 3.103181e+01
2.739839e-01 -5.196693e-01 -8.092445e-01 -5.933760e+00 1.979344e-01 8.538987e-01 -4.813305e-01 -3.734886e-01 9.411455e-01 -2.830058e-02 3.368149e-01 3.118189e+01
8.352046e-01 1.946423e-01 5.143420e-01 -6.097805e+00 -4.583380e-01 7.632179e-01 4.554391e-01 -3.732945e-01 -3.039073e-01 -6.161273e-01 7.266550e-01 3.140830e+01
3.072341e-01 -2.802643e-01 -9.094279e-01 -6.271649e+00 -4.326249e-01 8.100514e-01 -3.957934e-01 -3.737280e-01 8.476101e-01 5.150424e-01 1.276261e-01 3.174386e+01
8.781762e-01 -4.092450e-01 2.476390e-01 -6.544761e+00 1.514349e-01 7.289396e-01 6.676186e-01 -3.686818e-01 -4.537335e-01 -5.487856e-01 7.021114e-01 3.208980e+01
3.409393e-01 2.941483e-01 -8.928814e-01 -6.765746e+00 -7.208923e-01 6.914182e-01 -4.748787e-02 -3.672059e-01 6.033860e-01 6.598618e-01 4.477809e-01 3.248807e+01
6.822134e-01 -7.055448e-01 1.918109e-01 -6.990280e+00 5.926338e-01 6.872443e-01 4.200957e-01 -3.649880e-01 -4.282173e-01 -1.729213e-01 8.869770e-01 3.281054e+01
4.228244e-01 6.496463e-01 -6.318063e-01 -7.218709e+00 -7.359520e-01 6.529728e-01 1.788886e-01 -3.623218e-01 5.287666e-01 3.893407e-01 7.542014e-01 3.301607e+01
5.133966e-01 -7.516109e-01 4.141316e-01 -7.438278e+00 7.157847e-01 6.412601e-01 2.764738e-01 -3.604288e-01 -4.733667e-01 1.544884e-01 8.672123e-01 3.317334e+01
7.150209e-01 6.396639e-01 -2.820910e-01 -7.667454e+00 -6.845527e-01 7.225070e-01 -9.680504e-02 -3.607993e-01 1.418900e-01 2.623238e-01 9.544912e-01 3.343953e+01
3.291456e-01 -7.667987e-01 5.510743e-01 -7.857519e+00 4.658568e-01 6.394904e-01 6.115795e-01 -3.645287e-01 -8.213651e-01 5.542298e-02 5.677038e-01 3.375144e+01
8.339225e-01 3.444563e-01 -4.311880e-01 -7.955538e+00 -5.213706e-01 7.479014e-01 -4.108725e-01 -3.736733e-01 1.809585e-01 5.674446e-01 8.032812e-01 3.414059e+01
3.254383e-01 -6.273235e-01 7.074992e-01 -8.143198e+00 -1.668337e-03 7.478483e-01 6.638676e-01 -3.805825e-01 -9.455618e-01 -2.172283e-01 2.423319e-01 3.465883e+01
7.246714e-01 -1.073264e-01 -6.806852e-01 -8.348391e+00 -3.357555e-01 8.076167e-01 -4.847923e-01 -3.835634e-01 6.017637e-01 5.798589e-01 5.492213e-01 3.504944e+01
8.174853e-02 -3.785730e-01 9.219543e-01 -8.610787e+00 -2.889667e-01 8.763125e-01 3.854538e-01 -3.859891e-01 -9.538425e-01 -2.979243e-01 -3.775771e-02 3.550872e+01
6.355394e-01 -4.584008e-01 -6.212555e-01 -9.102186e+00 1.575440e-01 8.647310e-01 -4.768859e-01 -3.757194e-01 7.558237e-01 2.052047e-01 6.217890e-01 3.581083e+01
2.950820e-01 1.359508e-01 9.457505e-01 -9.616522e+00 -3.483190e-01 9.370149e-01 -2.601665e-02 -3.613003e-01 -8.897193e-01 -3.217458e-01 3.238505e-01 3.600891e+01
3.010215e-01 -3.346585e-01 -8.929668e-01 -9.933906e+00 1.872228e-01 9.389154e-01 -2.887654e-01 -3.591745e-01 9.350581e-01 -8.025914e-02 3.452894e-01 3.653841e+01
2.385328e-01 1.061975e-01 9.653104e-01 -1.002011e+01 -3.078899e-01 9.509938e-01 -2.854142e-02 -3.730861e-01 -9.210352e-01 -2.904012e-01 2.595404e-01 3.736733e+01
2.944929e-01 -2.684224e-01 -9.171823e-01 -1.022034e+01 1.645425e-01 9.596524e-01 -2.280197e-01 -3.806091e-01 9.413818e-01 -8.376526e-02 3.267777e-01 3.814231e+01
-1.795944e-02 1.559966e-01 9.875943e-01 -1.048740e+01 -1.094304e-01 9.815130e-01 -1.570260e-01 -3.831679e-01 -9.938322e-01 -1.108930e-01 -5.566553e-04 3.878568e+01
3.138119e-01 -9.591412e-02 -9.446283e-01 -1.058334e+01 2.660817e-01 9.639039e-01 -9.477165e-03 -3.956169e-01 9.114399e-01 -2.483742e-01 3.280055e-01 3.946499e+01
-3.643944e-01 3.035515e-01 8.803824e-01 -1.071651e+01 2.802606e-01 9.373006e-01 -2.071754e-01 -4.064528e-01 -8.880713e-01 1.712430e-01 -4.266206e-01 4.003387e+01
1.050637e-04 2.856468e-01 -9.583350e-01 -1.104712e+01 3.331314e-01 9.035853e-01 2.693643e-01 -4.035993e-01 9.428804e-01 -3.192797e-01 -9.506296e-02 4.043995e+01
2.212706e-02 2.694296e-01 9.627658e-01 -1.120064e+01 2.956303e-01 9.181729e-01 -2.637447e-01 -4.114887e-01 -9.550461e-01 2.904587e-01 -5.933510e-02 4.110501e+01
-4.542360e-02 3.696681e-01 -9.280529e-01 -1.131590e+01 2.933267e-01 8.929959e-01 3.413471e-01 -4.232727e-01 9.549325e-01 -2.567175e-01 -1.489966e-01 4.191835e+01
-3.535342e-01 3.341510e-01 8.737029e-01 -1.160390e+01 5.371430e-01 8.371984e-01 -1.028407e-01 -4.231447e-01 -7.658270e-01 4.329457e-01 -4.754651e-01 4.235731e+01
2.099211e-01 5.259713e-01 -8.241889e-01 -1.186740e+01 1.675902e-01 8.111386e-01 5.603282e-01 -4.259675e-01 9.632480e-01 -2.557507e-01 8.212746e-02 4.285431e+01
-2.165638e-01 1.765099e-01 9.601793e-01 -1.215677e+01 6.855704e-01 7.277076e-01 2.085246e-02 -4.270956e-01 -6.950492e-01 6.627864e-01 -2.786051e-01 4.336544e+01
5.611320e-02 6.971591e-01 -7.147171e-01 -1.235688e+01 4.396959e-02 7.134249e-01 6.993508e-01 -4.325625e-01 9.974558e-01 -7.066863e-02 9.378762e-03 4.393747e+01
5.413456e-01 -2.405180e-02 8.404561e-01 -1.267863e+01 5.368930e-01 7.791537e-01 -3.235203e-01 -4.279117e-01 -6.470632e-01 6.263713e-01 4.347047e-01 4.444994e+01
5.383150e-01 5.283028e-01 -6.565921e-01 -1.301805e+01 2.675383e-02 7.680066e-01 6.398829e-01 -4.242399e-01 8.423190e-01 -3.620249e-01 3.992953e-01 4.496042e+01
9.581435e-02 -2.354748e-02 9.951207e-01 -1.324491e+01 7.308941e-01 6.803294e-01 -5.427492e-02 -4.304493e-01 -6.757318e-01 7.325281e-01 8.239603e-02 4.561234e+01
5.461307e-01 6.581070e-01 -5.183015e-01 -1.350914e+01 -2.896715e-01 7.289129e-01 6.203034e-01 -4.331678e-01 7.860227e-01 -1.886296e-01 5.887166e-01 4.611938e+01
8.691415e-02 -2.723387e-01 9.582680e-01 -1.402870e+01 7.935180e-01 6.004914e-01 9.868757e-02 -4.158160e-01 -6.023081e-01 7.518256e-01 2.682969e-01 4.607351e+01
5.674664e-01 7.040877e-01 -4.268985e-01 -1.437614e+01 -5.469227e-01 7.098757e-01 4.437927e-01 -4.131397e-01 6.155139e-01 -1.835693e-02 7.879122e-01 4.647007e+01
1.270660e-02 -5.699954e-01 8.215497e-01 -1.465567e+01 6.974441e-01 5.938094e-01 4.012009e-01 -4.148515e-01 -7.165266e-01 5.678870e-01 4.050852e-01 4.695336e+01
2.070186e-01 7.410764e-01 -6.387090e-01 -1.461274e+01 -6.681579e-01 5.839800e-01 4.610123e-01 -4.343972e-01 7.146386e-01 3.313203e-01 6.160507e-01 4.768302e+01
1.256756e-01 -7.483228e-01 6.513207e-01 -1.455932e+01 7.121245e-01 5.251423e-01 4.659445e-01 -4.566835e-01 -6.907130e-01 4.052636e-01 5.988965e-01 4.858405e+01
5.319052e-01 6.658102e-01 -5.232339e-01 -1.475993e+01 -7.724422e-01 6.346901e-01 2.239362e-02 -4.654306e-01 3.470013e-01 3.922567e-01 8.518948e-01 4.933873e+01
1.765120e-01 -8.309963e-01 5.275306e-01 -1.490102e+01 4.587652e-01 5.436292e-01 7.028526e-01 -4.779403e-01 -8.708490e-01 1.179508e-01 4.771893e-01 5.011558e+01
6.810448e-01 4.208544e-01 -5.992158e-01 -1.493916e+01 -6.869179e-01 6.506357e-01 -3.237547e-01 -4.965618e-01 2.536176e-01 6.321034e-01 7.322045e-01 5.094381e+01
4.316698e-01 -7.684222e-01 4.724284e-01 -1.498212e+01 1.435394e-01 5.755811e-01 8.050484e-01 -5.163759e-01 -8.905378e-01 -2.797030e-01 3.587598e-01 5.188197e+01
8.022826e-01 6.578457e-02 -5.933085e-01 -1.516496e+01 -4.796610e-01 6.626849e-01 -5.751296e-01 -5.258658e-01 3.553419e-01 7.460034e-01 5.632149e-01 5.260589e+01
4.064423e-01 -5.509976e-01 7.288390e-01 -1.556601e+01 -2.153021e-01 7.174777e-01 6.624732e-01 -5.192263e-01 -8.879469e-01 -4.261777e-01 1.729823e-01 5.286272e+01
7.405429e-01 -3.767117e-01 -5.564931e-01 -1.595195e+01 -1.301915e-01 7.319891e-01 -6.687617e-01 -5.079893e-01 6.592772e-01 5.676974e-01 4.930246e-01 5.282838e+01
2.924551e-01 -1.652550e-01 9.418921e-01 -1.629563e+01 -4.817719e-01 8.253636e-01 2.943990e-01 -5.012543e-01 -8.260544e-01 -5.398757e-01 1.617666e-01 5.292305e+01
5.200458e-01 -5.729081e-01 -6.335051e-01 -1.664262e+01 1.751281e-01 7.974514e-01 -5.774093e-01 -4.931266e-01 8.359919e-01 1.893348e-01 5.150436e-01 5.299677e+01
2.882146e-01 1.523610e-01 9.453668e-01 -1.689931e+01 -5.194512e-01 8.542496e-01 2.068940e-02 -4.906435e-01 -8.044270e-01 -4.970349e-01 3.253513e-01 5.316891e+01
4.209716e-01 -5.720810e-01 -7.039221e-01 -1.722385e+01 3.508142e-01 8.183312e-01 -4.552619e-01 -4.849743e-01 8.364881e-01 -5.529356e-02 5.451884e-01 5.336497e+01
3.330794e-02 3.777289e-01 9.253170e-01 -1.755088e+01 -3.324967e-01 8.772826e-01 -3.461519e-01 -4.766228e-01 -9.425161e-01 -2.961353e-01 1.548141e-01 5.333870e+01
3.774684e-01 -3.975574e-01 -8.363407e-01 -1.785199e+01 5.847393e-01 8.026477e-01 -1.176290e-01 -4.721056e-01 7.180512e-01 -4.446401e-01 5.354415e-01 5.350235e+01
2.053711e-01 5.590852e-01 8.032723e-01 -1.810003e+01 -1.623517e-01 8.288577e-01 -5.353847e-01 -4.743081e-01 -9.651242e-01 -2.046005e-02 2.609918e-01 5.399822e+01
5.287908e-01 -2.035445e-01 -8.239842e-01 -1.830014e+01 6.167704e-01 7.590820e-01 2.082996e-01 -4.798697e-01 5.830733e-01 -6.183560e-01 5.269358e-01 5.453849e+01
5.181187e-01 5.672907e-01 6.401049e-01 -1.853808e+01 -1.228001e-01 7.899755e-01 -6.007153e-01 -4.834150e-01 -8.464474e-01 2.326369e-01 4.789644e-01 5.519143e+01
5.497889e-01 -1.159564e-01 -8.272160e-01 -1.875022e+01 5.876915e-01 7.574462e-01 2.844185e-01 -4.874137e-01 5.935914e-01 -6.425180e-01 4.845822e-01 5.578032e+01
6.578119e-01 5.637888e-01 4.994253e-01 -1.912394e+01 -2.337552e-01 7.831635e-01 -5.762060e-01 -4.794704e-01 -7.159902e-01 2.622919e-01 6.469629e-01 5.612411e+01
4.197930e-01 -1.812602e-01 -8.893361e-01 -1.942951e+01 6.053077e-01 7.860330e-01 1.255177e-01 -4.755556e-01 6.762961e-01 -5.910134e-01 4.396893e-01 5.660800e+01
4.066146e-01 5.732130e-01 7.114010e-01 -1.977966e+01 -9.241156e-02 8.004908e-01 -5.921778e-01 -4.712105e-01 -9.089140e-01 1.750465e-01 3.784628e-01 5.705013e+01
6.187514e-01 -1.558676e-01 -7.699688e-01 -2.010994e+01 5.884992e-01 7.412305e-01 3.228714e-01 -4.699526e-01 5.203992e-01 -6.529032e-01 5.503654e-01 5.760604e+01
4.745430e-01 5.351271e-01 6.988905e-01 -2.034911e+01 1.510149e-01 7.327173e-01 -6.635660e-01 -4.717847e-01 -8.671813e-01 4.204335e-01 2.668937e-01 5.804897e+01
7.593651e-01 2.482575e-02 -6.501910e-01 -2.066442e+01 4.525340e-01 6.978573e-01 5.551651e-01 -4.620602e-01 4.675229e-01 -7.158065e-01 5.186940e-01 5.789490e+01
3.141237e-01 3.924534e-01 8.644690e-01 -2.095505e+01 6.517478e-01 5.729550e-01 -4.969380e-01 -4.584806e-01 -6.903268e-01 7.195158e-01 -7.580186e-02 5.801514e+01
8.565135e-01 4.746404e-01 -2.027342e-01 -2.125488e+01 -1.467517e-01 6.005493e-01 7.860054e-01 -4.592026e-01 4.948218e-01 -6.434726e-01 5.840329e-01 5.842977e+01
4.276304e-01 -2.184023e-01 8.771731e-01 -2.162289e+01 8.389544e-01 4.572033e-01 -2.951620e-01 -4.534812e-01 -3.365824e-01 8.621285e-01 3.787436e-01 5.867950e+01
6.926410e-01 7.183000e-01 -6.552524e-02 -2.195285e+01 -5.555437e-01 5.892171e-01 5.866808e-01 -4.455888e-01 4.600215e-01 -3.699570e-01 8.071630e-01 5.867282e+01
4.637254e-01 -6.243257e-01 6.286305e-01 -2.212415e+01 8.484845e-01 5.171735e-01 -1.122744e-01 -4.514917e-01 -2.550152e-01 5.854477e-01 7.695571e-01 5.915549e+01
8.399921e-02 9.065288e-01 -4.137025e-01 -2.279990e+01 -2.953637e-02 4.172525e-01 9.083105e-01 -4.254150e-01 9.960280e-01 -6.407810e-02 6.182444e-02 5.968542e+01
7.764259e-01 -1.823832e-02 6.299445e-01 -2.358434e+01 5.587467e-01 4.822533e-01 -6.747102e-01 -3.911438e-01 -2.914873e-01 8.758419e-01 3.846246e-01 6.006216e+01
7.298059e-01 5.693839e-01 -3.783985e-01 -2.377308e+01 9.659629e-02 4.620594e-01 8.815726e-01 -3.910913e-01 6.767958e-01 -6.799287e-01 2.822133e-01 6.039999e+01
2.591800e-01 2.478213e-02 9.655111e-01 -2.285295e+01 8.613740e-01 4.462526e-01 -2.426797e-01 -4.166188e-01 -4.368759e-01 8.945639e-01 9.431304e-02 6.063732e+01
4.435062e-01 8.737195e-01 -1.997911e-01 -2.203749e+01 -4.113386e-01 3.964741e-01 8.207368e-01 -4.458163e-01 7.963057e-01 -2.818200e-01 5.352333e-01 6.096588e+01
1.172058e-01 -4.552157e-01 8.826333e-01 -2.170404e+01 9.313503e-01 3.589052e-01 6.142940e-02 -4.659559e-01 -3.447453e-01 8.148409e-01 4.660311e-01 6.133742e+01
2.256775e-01 9.441858e-01 -2.399642e-01 -2.081897e+01 -7.113628e-01 3.280055e-01 6.215910e-01 -4.870869e-01 6.656070e-01 3.042252e-02 7.456821e-01 6.136677e+01
-2.191393e-01 -7.363500e-01 6.401302e-01 -1.981764e+01 7.648371e-01 2.777153e-01 5.812904e-01 -5.121426e-01 -6.058071e-01 6.169788e-01 5.023295e-01 6.146872e+01
2.058474e-01 7.903331e-01 -5.770618e-01 -1.916514e+01 -9.486441e-01 3.059120e-01 8.057444e-02 -5.388382e-01 2.402108e-01 5.308403e-01 8.127161e-01 6.178753e+01
-1.851688e-01 -9.486731e-01 2.563822e-01 -1.879021e+01 1.218677e-01 2.367121e-01 9.639065e-01 -5.626153e-01 -9.751209e-01 2.097301e-01 7.178092e-02 6.230511e+01
5.436182e-01 1.236453e-01 -8.301753e-01 -1.786359e+01 -8.172659e-01 3.032861e-01 -4.899938e-01 -5.895138e-01 1.911952e-01 9.448436e-01 2.659230e-01 6.253196e+01
2.723771e-01 -8.561931e-01 4.390263e-01 -1.677065e+01 -4.876101e-01 2.705217e-01 8.300930e-01 -6.191241e-01 -8.294861e-01 -4.401719e-01 -3.438045e-01 6.277946e+01
7.475216e-01 -5.021659e-01 -4.347884e-01 -1.552529e+01 -3.006023e-01 3.279523e-01 -8.955923e-01 -6.501974e-01 5.923258e-01 8.001729e-01 9.419925e-02 6.296005e+01
1.667568e-01 -3.361485e-01 9.269285e-01 -1.432343e+01 -8.921323e-01 3.488842e-01 2.870189e-01 -6.787757e-01 -4.198716e-01 -8.748051e-01 -2.417101e-01 6.303619e+01
2.354362e-01 -8.562570e-01 -4.597758e-01 -1.396631e+01 -1.971614e-01 4.211584e-01 -8.852983e-01 -6.987272e-01 9.516812e-01 2.990813e-01 -6.966491e-02 6.339473e+01
8.638837e-01 -1.768891e-01 4.716092e-01 -1.486954e+01 -3.869575e-01 3.663114e-01 8.462150e-01 -6.591617e-01 -3.224421e-01 -9.135241e-01 2.480018e-01 6.380176e+01
7.863863e-01 -3.903076e-01 -4.788074e-01 -1.523987e+01 -3.441104e-01 3.669237e-01 -8.642656e-01 -6.524732e-01 5.130152e-01 8.444093e-01 1.542348e-01 6.437525e+01
3.756230e-01 -4.319407e-01 8.199601e-01 -1.514469e+01 -7.372537e-01 3.968419e-01 5.467847e-01 -6.744617e-01 -5.615731e-01 -8.099035e-01 -1.693869e-01 6.509664e+01
3.294848e-01 -6.770418e-01 -6.580685e-01 -1.518925e+01 -5.171840e-01 4.536988e-01 -7.257259e-01 -6.884791e-01 7.899117e-01 5.794582e-01 -2.006683e-01 6.577195e+01
8.829318e-01 -4.689180e-01 2.339557e-02 -1.567625e+01 1.246836e-01 2.822268e-01 9.512108e-01 -6.731731e-01 -4.526427e-01 -8.369372e-01 3.076534e-01 6.634624e+01
-2.027183e-02 2.286110e-01 -9.733068e-01 -1.652271e+01 -9.761920e-01 2.057549e-01 6.865980e-02 -6.341698e-01 2.159591e-01 9.515261e-01 2.189972e-01 6.673244e+01
1.313619e-01 -9.744253e-01 1.823165e-01 -1.719969e+01 7.089606e-01 2.208885e-01 6.697635e-01 -6.072720e-01 -6.929062e-01 4.127382e-02 7.198455e-01 6.722784e+01
3.204393e-01 7.223396e-01 -6.128165e-01 -1.732019e+01 -9.457923e-01 2.800791e-01 -1.644159e-01 -6.182581e-01 5.287301e-02 6.322825e-01 7.729316e-01 6.792967e+01
3.608853e-01 -9.182705e-01 -1.629141e-01 -1.752091e+01 8.693199e-01 2.679668e-01 4.153032e-01 -6.253626e-01 -3.377051e-01 -2.915013e-01 8.949761e-01 6.868997e+01
4.858736e-01 8.636663e-01 -1.341915e-01 -1.722828e+01 -7.478989e-01 3.313775e-01 -5.751836e-01 -6.490072e-01 -4.522986e-01 3.798283e-01 8.069426e-01 6.922578e+01
5.952122e-01 -7.696055e-01 -2.311491e-01 -1.694803e+01 6.046284e-01 2.394567e-01 7.596611e-01 -6.742316e-01 -5.292891e-01 -5.919188e-01 6.078529e-01 6.976499e+01
8.024250e-01 5.650078e-01 -1.920425e-01 -1.677861e+01 -4.190117e-01 3.043138e-01 -8.554661e-01 -6.958200e-01 -4.249038e-01 7.669155e-01 4.809339e-01 7.031738e+01
8.513650e-01 -4.619447e-01 2.485653e-01 -1.574755e+01 -1.575285e-01 2.268330e-01 9.611096e-01 -7.350344e-01 -5.003622e-01 -8.574112e-01 1.203482e-01 7.080615e+01
9.694837e-01 -2.120998e-01 1.229436e-01 -1.514677e+01 1.825361e-01 2.897506e-01 -9.395345e-01 -7.672695e-01 1.636521e-01 9.333050e-01 3.196243e-01 7.135139e+01
6.423757e-01 7.581369e-02 7.626308e-01 -1.476308e+01 -7.448426e-01 2.960619e-01 5.979606e-01 -7.986340e-01 -1.804523e-01 -9.521553e-01 2.466522e-01 7.205368e+01
4.599948e-01 -8.277359e-01 3.213378e-01 -1.443923e+01 8.096634e-01 2.424639e-01 -5.344684e-01 -8.277242e-01 3.644858e-01 5.060282e-01 7.817196e-01 7.272137e+01
1.544816e-01 7.620821e-01 6.287816e-01 -1.430591e+01 -8.992427e-01 3.720838e-01 -2.300353e-01 -8.523317e-01 -4.092652e-01 -5.298910e-01 7.427769e-01 7.343130e+01
2.863156e-01 -9.088709e-01 -3.032771e-01 -1.425095e+01 9.574593e-01 2.832915e-01 5.493374e-02 -8.774757e-01 3.598815e-02 -3.061039e-01 9.513176e-01 7.429277e+01
2.608277e-01 9.143217e-01 3.098140e-01 -1.400911e+01 -4.217392e-01 3.965976e-01 -8.153811e-01 -9.110130e-01 -8.683922e-01 8.201325e-02 4.890490e-01 7.524528e+01
7.717068e-01 -4.447607e-01 -4.545950e-01 -1.369310e+01 6.003275e-01 2.734670e-01 7.515469e-01 -9.458996e-01 -2.099418e-01 -8.528797e-01 4.780384e-01 7.622961e+01
7.615910e-01 4.767221e-01 4.389934e-01 -1.363073e+01 3.279412e-01 3.007626e-01 -8.955425e-01 -9.715303e-01 -5.589577e-01 8.260011e-01 7.272125e-02 7.709135e+01
9.810969e-01 1.736732e-01 8.536086e-02 -1.374253e+01 -1.305582e-01 2.684423e-01 9.544073e-01 -9.875897e-01 1.428405e-01 -9.475106e-01 2.860424e-01 7.792364e+01
7.616156e-01 -2.504508e-01 5.976755e-01 -1.379555e+01 6.476544e-01 2.628242e-01 -7.151694e-01 -1.007116e+00 2.203117e-02 9.317714e-01 3.623765e-01 7.886675e+01
7.603220e-01 5.840086e-01 2.843316e-01 -1.389265e+01 -4.857249e-01 2.205655e-01 8.458263e-01 -1.024110e+00 4.312561e-01 -7.812073e-01 4.513683e-01 7.984822e+01
7.975004e-01 -5.155825e-01 3.133173e-01 -1.405837e+01 5.067697e-01 2.906608e-01 -8.116038e-01 -1.035406e+00 3.273797e-01 8.060341e-01 4.930837e-01 8.082015e+01
7.849325e-01 4.485997e-01 4.273633e-01 -1.412471e+01 -5.563058e-01 2.066101e-01 8.048827e-01 -1.055206e+00 2.727725e-01 -8.695232e-01 4.117336e-01 8.192520e+01
7.603239e-01 -6.008797e-01 2.466802e-01 -1.420122e+01 4.989127e-01 2.970660e-01 -8.141486e-01 -1.075095e+00 4.159251e-01 7.420885e-01 5.256529e-01 8.308333e+01
8.160272e-01 4.786364e-01 3.240475e-01 -1.438722e+01 -4.673128e-01 2.163745e-01 8.572052e-01 -1.084672e+00 3.401740e-01 -8.509343e-01 4.002404e-01 8.401268e+01
8.680894e-01 -4.733191e-01 1.496323e-01 -1.458463e+01 3.129475e-01 2.878249e-01 -9.051081e-01 -1.091941e+00 3.853371e-01 8.325418e-01 3.979818e-01 8.483524e+01
9.042599e-01 2.878270e-01 3.153880e-01 -1.472675e+01 -3.815327e-01 2.130584e-01 8.994659e-01 -1.103342e+00 1.916945e-01 -9.336818e-01 3.024756e-01 8.572650e+01
9.244734e-01 -3.798575e-01 3.251454e-02 -1.485746e+01 1.541497e-01 2.944287e-01 -9.431594e-01 -1.113797e+00 3.486929e-01 8.769379e-01 3.307464e-01 8.651334e+01
9.636676e-01 1.421395e-01 2.261442e-01 -1.499542e+01 -2.533465e-01 2.181813e-01 9.424502e-01 -1.123959e+00 8.461896e-02 -9.655016e-01 2.462648e-01 8.730729e+01
9.498758e-01 -2.865037e-01 1.251061e-01 -1.509464e+01 2.081724e-01 2.810952e-01 -9.368296e-01 -1.137513e+00 2.332384e-01 9.159155e-01 3.266477e-01 8.813830e+01
9.210732e-01 1.545661e-01 3.573983e-01 -1.515585e+01 -3.851107e-01 2.259030e-01 8.947947e-01 -1.152210e+00 5.756762e-02 -9.618093e-01 2.675982e-01 8.888082e+01
9.105156e-01 -3.363863e-01 -2.404279e-01 -1.530883e+01 -1.298458e-01 3.194406e-01 -9.386681e-01 -1.160272e+00 3.925575e-01 8.858905e-01 2.471773e-01 8.958087e+01
9.896022e-01 -1.122054e-01 8.998527e-02 -1.552275e+01 -6.113595e-02 2.381571e-01 9.693006e-01 -1.164920e+00 -1.301914e-01 -9.647234e-01 2.288210e-01 9.031806e+01
9.585299e-01 -5.196385e-02 -2.802145e-01 -1.575921e+01 -2.544569e-01 2.867445e-01 -9.235959e-01 -1.167466e+00 1.283435e-01 9.565968e-01 2.616306e-01 9.095886e+01
9.652356e-01 -2.613660e-01 -2.853101e-03 -1.596613e+01 6.912476e-02 2.447234e-01 9.671258e-01 -1.170302e+00 -2.520756e-01 -9.337014e-01 2.542826e-01 9.147334e+01
9.924902e-01 3.165290e-02 -1.181582e-01 -1.610201e+01 -1.222140e-01 2.976255e-01 -9.468277e-01 -1.179870e+00 5.197055e-03 9.541578e-01 2.992588e-01 9.212742e+01
9.877851e-01 -1.513139e-01 3.721048e-02 -1.625557e+01 -7.805561e-04 2.339932e-01 9.722379e-01 -1.190003e+00 -1.558201e-01 -9.603912e-01 2.310169e-01 9.292124e+01
9.991257e-01 -4.158395e-02 4.306253e-03 -1.638593e+01 1.657208e-02 2.993816e-01 -9.539895e-01 -1.203386e+00 3.838144e-02 9.532269e-01 2.998090e-01 9.382226e+01
9.093478e-01 -7.961020e-02 4.083489e-01 -1.642824e+01 -3.803222e-01 2.388041e-01 8.934918e-01 -1.224607e+00 -1.686465e-01 -9.677989e-01 1.868785e-01 9.486659e+01
8.607823e-01 -4.651738e-01 2.065603e-01 -1.647011e+01 3.737909e-01 3.023119e-01 -8.768625e-01 -1.246756e+00 3.454478e-01 8.319981e-01 4.341025e-01 9.593675e+01
5.645805e-01 2.492804e-01 7.868343e-01 -1.649005e+01 -8.128919e-01 3.331247e-01 4.777391e-01 -1.269556e+00 -1.430230e-01 -9.093334e-01 3.907137e-01 9.696058e+01
4.721698e-01 -8.769298e-01 8.972088e-02 -1.665012e+01 6.820963e-01 2.989867e-01 -6.673467e-01 -1.282703e+00 5.583909e-01 3.762992e-01 7.393230e-01 9.787313e+01
2.103498e-01 6.238705e-01 7.526876e-01 -1.680533e+01 -9.048990e-01 4.156474e-01 -9.162473e-02 -1.295716e+00 -3.700146e-01 -6.618330e-01 6.519711e-01 9.873025e+01
2.697112e-01 -9.113022e-01 -3.111015e-01 -1.689541e+01 8.768153e-01 3.659699e-01 -3.118670e-01 -1.312277e+00 3.980589e-01 -1.886645e-01 8.977499e-01 9.963432e+01
1.180764e-01 8.293445e-01 5.461187e-01 -1.698794e+01 -6.514794e-01 4.797587e-01 -5.877127e-01 -1.330349e+00 -7.494215e-01 -2.863901e-01 5.969490e-01 1.006230e+02
4.037571e-01 -6.305900e-01 -6.628247e-01 -1.704519e+01 9.031625e-01 3.902547e-01 1.788822e-01 -1.350634e+00 1.458691e-01 -6.708633e-01 7.270933e-01 1.016389e+02
3.298169e-01 8.489216e-01 4.129805e-01 -1.693243e+01 -2.583951e-01 5.019312e-01 -8.254072e-01 -1.382163e+00 -9.079938e-01 1.655211e-01 3.849026e-01 1.028367e+02
6.010443e-01 -1.756040e-01 -7.796852e-01 -1.681693e+01 7.643703e-01 4.112251e-01 4.966205e-01 -1.411494e+00 2.334175e-01 -8.944592e-01 3.813910e-01 1.039701e+02
6.122141e-01 7.668876e-01 1.925547e-01 -1.688119e+01 -3.744625e-01 4.956940e-01 -7.836232e-01 -1.429697e+00 -6.963991e-01 4.076406e-01 5.906415e-01 1.050328e+02
6.348898e-01 -2.508199e-01 -7.307560e-01 -1.678961e+01 7.499463e-01 4.274424e-01 5.048500e-01 -1.460415e+00 1.857297e-01 -8.685519e-01 4.594803e-01 1.063112e+02
6.438754e-01 7.286071e-01 2.335725e-01 -1.676589e+01 -3.538829e-01 5.542430e-01 -7.533801e-01 -1.486231e+00 -6.783740e-01 4.024256e-01 6.147051e-01 1.075266e+02
5.562359e-01 -2.702116e-01 -7.858673e-01 -1.682788e+01 7.713039e-01 5.198789e-01 3.671734e-01 -1.502789e+00 3.093413e-01 -8.103774e-01 4.975906e-01 1.084605e+02
4.929876e-01 7.032514e-01 5.122506e-01 -1.683343e+01 -3.519722e-02 6.044077e-01 -7.958973e-01 -1.524232e+00 -8.693241e-01 3.743377e-01 3.227180e-01 1.094228e+02
7.658444e-01 -8.600684e-03 -6.429685e-01 -1.681298e+01 5.577803e-01 5.063994e-01 6.576023e-01 -1.548034e+00 3.199430e-01 -8.622562e-01 3.926204e-01 1.104485e+02
7.421607e-01 4.908624e-01 4.563459e-01 -1.681913e+01 7.387976e-02 6.168219e-01 -7.836278e-01 -1.571986e+00 -6.661376e-01 6.152925e-01 4.215162e-01 1.116080e+02
8.943158e-01 7.534259e-02 -4.410472e-01 -1.703159e+01 3.481991e-01 5.018459e-01 7.917753e-01 -1.593317e+00 2.809921e-01 -8.616694e-01 4.225745e-01 1.133460e+02
7.257552e-01 2.355896e-01 6.463566e-01 -1.721771e+01 4.536611e-01 5.424131e-01 -7.070923e-01 -1.615300e+00 -5.171760e-01 8.064028e-01 2.867813e-01 1.150652e+02
8.505147e-01 4.766482e-01 -2.223314e-01 -1.714205e+01 1.020866e-02 4.076819e-01 9.130670e-01 -1.647136e+00 5.258522e-01 -7.788466e-01 3.418735e-01 1.164244e+02
4.531350e-01 -1.645077e-01 8.761312e-01 -1.714222e+01 8.322568e-01 4.302138e-01 -3.496636e-01 -1.682597e+00 -3.194014e-01 8.876110e-01 3.318576e-01 1.182265e+02
4.643298e-01 8.560232e-01 -2.272049e-01 -1.744722e+01 -1.380088e-01 3.233360e-01 9.361663e-01 -1.698006e+00 8.748436e-01 -4.033337e-01 2.682733e-01 1.200262e+02
7.425961e-01 -2.117963e-01 6.353687e-01 -1.759048e+01 6.515849e-01 4.478581e-01 -6.122583e-01 -1.718760e+00 -1.548810e-01 8.686573e-01 4.705809e-01 1.216762e+02
7.197601e-01 6.899119e-01 -7.724636e-02 -1.751305e+01 -1.644653e-01 2.775591e-01 9.465263e-01 -1.751088e+00 6.744602e-01 -6.685676e-01 3.132425e-01 1.231361e+02
7.485868e-01 -2.652043e-01 6.076878e-01 -1.743778e+01 6.583345e-01 4.062608e-01 -6.336781e-01 -1.782487e+00 -7.882559e-02 8.744249e-01 4.787146e-01 1.245270e+02
7.556271e-01 6.426908e-01 1.263973e-01 -1.733530e+01 -3.764647e-01 2.682219e-01 8.867532e-01 -1.814023e+00 5.360056e-01 -7.176389e-01 4.446262e-01 1.258320e+02
-9.271658e-01 -2.225386e-01 3.013969e-01 -1.706779e+01 3.205861e-01 -5.494883e-02 9.456242e-01 -1.871509e+00 -1.938764e-01 9.733741e-01 1.222894e-01 1.281039e+02
3.459033e-01 4.345377e-01 -8.315816e-01 -1.619370e+01 -9.374023e-01 1.219369e-01 -3.262029e-01 -1.938889e+00 -4.034695e-02 8.923611e-01 4.495151e-01 1.302470e+02
2.571856e-01 -9.662298e-01 1.598755e-02 -1.571698e+01 -2.550008e-01 -5.189843e-02 9.655471e-01 -1.987668e+00 -9.321106e-01 -2.524016e-01 -2.597369e-01 1.318647e+02
4.588420e-01 -1.953242e-01 -8.667828e-01 -1.576507e+01 -8.798499e-01 3.604891e-02 -4.738826e-01 -2.007126e+00 1.238073e-01 9.800760e-01 -1.553152e-01 1.328322e+02
4.058201e-01 -9.093379e-01 9.173115e-02 -1.578431e+01 -3.633211e-01 -6.841366e-02 9.291487e-01 -2.030190e+00 -8.386345e-01 -4.103951e-01 -3.581453e-01 1.339502e+02
5.506103e-01 -2.861507e-01 -7.841850e-01 -1.578039e+01 -8.146639e-01 2.069892e-02 -5.795639e-01 -2.054505e+00 1.820744e-01 9.579610e-01 -2.217196e-01 1.350700e+02
4.717040e-01 -8.606458e-01 1.917919e-01 -1.571799e+01 -5.037264e-01 -8.449727e-02 8.597208e-01 -2.083094e+00 -7.237092e-01 -5.021444e-01 -4.733877e-01 1.362843e+02
5.896579e-01 -3.714920e-01 -7.171452e-01 -1.547756e+01 -7.662566e-01 2.330657e-02 -6.421119e-01 -2.121037e+00 2.552536e-01 9.281436e-01 -2.709153e-01 1.376711e+02
5.375865e-01 -8.132841e-01 2.226426e-01 -1.549344e+01 -4.841232e-01 -8.151275e-02 8.711948e-01 -2.145078e+00 -6.903807e-01 -5.761290e-01 -4.375498e-01 1.388412e+02
6.603247e-01 -4.383074e-01 -6.098015e-01 -1.548389e+01 -6.699607e-01 2.305383e-02 -7.420386e-01 -2.169533e+00 3.392993e-01 8.985294e-01 -2.784257e-01 1.399618e+02
6.485174e-01 -7.159189e-01 2.586221e-01 -1.541752e+01 -4.587167e-01 -9.642969e-02 8.833348e-01 -2.194778e+00 -6.074572e-01 -6.914922e-01 -3.909402e-01 1.410475e+02
6.638991e-01 -3.655507e-01 -6.523884e-01 -1.533380e+01 -6.979351e-01 1.041519e-02 -7.160853e-01 -2.221876e+00 2.685602e-01 9.307332e-01 -2.482160e-01 1.421649e+02
5.709970e-01 -7.610880e-01 3.077458e-01 -1.529368e+01 -5.566490e-01 -8.340350e-02 8.265505e-01 -2.248854e+00 -6.034106e-01 -6.432642e-01 -4.712820e-01 1.433455e+02
7.192380e-01 -4.905097e-01 -4.920335e-01 -1.506082e+01 -5.381303e-01 5.463731e-02 -8.410889e-01 -2.284446e+00 4.394456e-01 8.697212e-01 -2.246609e-01 1.445919e+02
6.153187e-01 -6.139576e-01 4.944077e-01 -1.508895e+01 -6.310602e-01 -7.807994e-03 7.756946e-01 -2.305745e+00 -4.723833e-01 -7.893004e-01 -3.922486e-01 1.456038e+02
6.545588e-01 -6.161940e-01 -4.380157e-01 -1.519320e+01 -4.904759e-01 9.477758e-02 -8.662855e-01 -2.322710e+00 5.753140e-01 7.818709e-01 -2.401908e-01 1.466070e+02
5.985600e-01 -5.660011e-01 5.668939e-01 -1.534713e+01 -6.662666e-01 4.115820e-02 7.445769e-01 -2.337719e+00 -4.447637e-01 -8.233764e-01 -3.524720e-01 1.477020e+02
7.008231e-01 -6.907854e-01 -1.779396e-01 -1.535792e+01 -7.827575e-02 1.734693e-01 -9.817236e-01 -2.369956e+00 7.090274e-01 7.019430e-01 6.749953e-02 1.493190e+02
-5.344309e-01 -2.256004e-01 8.145478e-01 -1.502223e+01 -8.286548e-01 3.296731e-01 -4.523790e-01 -2.437365e+00 -1.664777e-01 -9.167443e-01 -3.631324e-01 1.520957e+02
2.296905e-01 -6.637498e-01 -7.118135e-01 -1.407362e+01 9.398400e-01 3.412868e-01 -1.497120e-02 -2.540766e+00 2.528697e-01 -6.655520e-01 7.022090e-01 1.559943e+02
-1.819539e-01 8.289954e-01 5.288284e-01 -1.364356e+01 5.533666e-01 5.308884e-01 -6.418279e-01 -2.622652e+00 -8.128212e-01 1.758529e-01 -5.553355e-01 1.594522e+02
2.982525e-01 6.871244e-01 -6.624994e-01 -1.373869e+01 6.347552e-01 3.755763e-01 6.752987e-01 -2.663480e+00 7.128333e-01 -6.219345e-01 -3.241392e-01 1.620229e+02
9.612814e-02 4.424553e-01 8.916236e-01 -1.366806e+01 8.353509e-01 4.512286e-01 -3.139769e-01 -2.705756e+00 -5.412469e-01 7.750007e-01 -3.262297e-01 1.642061e+02
5.992700e-01 6.845391e-01 4.150683e-01 -1.284559e+01 -8.003478e-01 5.238681e-01 2.915573e-01 -2.788416e+00 -1.785869e-02 -5.069205e-01 8.618078e-01 1.672270e+02
-1.303450e-01 -9.169061e-01 3.772179e-01 -1.236962e+01 5.104320e-01 2.641118e-01 8.183545e-01 -2.855440e+00 -8.499820e-01 2.992125e-01 4.335926e-01 1.700526e+02
8.919389e-01 2.002594e-01 4.053900e-01 -1.209143e+01 2.950796e-01 4.215252e-01 -8.574640e-01 -2.918877e+00 -3.425974e-01 8.844279e-01 3.168823e-01 1.728798e+02
1.389391e-01 4.952598e-02 9.890617e-01 -1.095309e+01 -8.857883e-01 4.527960e-01 1.017585e-01 -3.016833e+00 -4.428035e-01 -8.902376e-01 1.067806e-01 1.762479e+02
3.457504e-01 -7.061267e-01 -6.179335e-01 -1.025125e+01 3.562969e-01 7.080237e-01 -6.097172e-01 -3.085002e+00 8.680491e-01 -9.357822e-03 4.963902e-01 1.787254e+02
-6.801914e-01 1.565966e-01 7.161126e-01 -9.050245e+00 -3.113733e-01 8.226783e-01 -4.756543e-01 -3.172177e+00 -6.636161e-01 -5.465143e-01 -5.108187e-01 1.814969e+02
9.197281e-01 -2.918874e-01 -2.624920e-01 -6.333936e+00 3.922133e-01 7.112131e-01 5.833906e-01 -3.309200e+00 1.640337e-02 -6.395136e-01 7.686048e-01 1.851931e+02
-3.248398e-01 2.348786e-01 9.161393e-01 -4.307668e+00 7.245387e-01 6.844062e-01 8.143591e-02 -3.414550e+00 -6.078838e-01 6.902320e-01 -3.925010e-01 1.880395e+02
7.114929e-01 5.436178e-01 4.452612e-01 -2.108840e+00 -5.184176e-01 8.338354e-01 -1.896356e-01 -3.557671e+00 -4.743638e-01 -9.590690e-02 8.750890e-01 1.924363e+02
-3.222605e-01 -6.897047e-01 6.484254e-01 -4.990636e-01 -2.564392e-01 7.229594e-01 6.415361e-01 -3.693186e+00 -9.112558e-01 4.046009e-02 -4.098486e-01 1.972008e+02
8.523448e-01 -4.259541e-01 3.034327e-01 8.176736e-01 5.114592e-01 8.000330e-01 -3.136189e-01 -3.829738e+00 -1.091689e-01 4.225048e-01 8.997621e-01 2.022567e+02
-4.269502e-01 3.359767e-01 8.395434e-01 1.600290e+00 6.478325e-02 9.373948e-01 -3.421903e-01 -3.946093e+00 -9.019516e-01 -9.170984e-02 -4.219865e-01 2.069523e+02
9.783308e-01 -1.643594e-01 1.259156e-01 1.842436e+00 6.178214e-02 8.121828e-01 5.801225e-01 -4.022593e+00 -1.976151e-01 -5.597724e-01 8.047380e-01 2.104582e+02
5.293046e-01 -1.546355e-01 8.342209e-01 2.283558e+00 4.914869e-01 8.573542e-01 -1.529198e-01 -4.091590e+00 -6.915759e-01 4.909498e-01 5.298028e-01 2.131622e+02
4.367826e-01 6.342092e-01 -6.379652e-01 2.360107e+00 -1.173332e-01 7.432982e-01 6.585899e-01 -4.123997e+00 8.918822e-01 -2.128061e-01 3.990735e-01 2.146296e+02
3.304547e-01 -2.815866e-01 9.008378e-01 2.379684e+00 6.606830e-01 7.506252e-01 -7.725927e-03 -4.155067e+00 -6.740160e-01 5.977213e-01 4.340871e-01 2.161380e+02
1.323555e-01 7.359075e-01 -6.640197e-01 2.159354e+00 -1.316598e-01 6.770298e-01 7.240831e-01 -4.165995e+00 9.824193e-01 -8.411713e-03 1.864980e-01 2.173646e+02
1.416167e-01 -2.766254e-01 9.504857e-01 2.216087e+00 7.300224e-01 6.776743e-01 8.845850e-02 -4.193721e+00 -6.685896e-01 6.813486e-01 2.979128e-01 2.186193e+02
5.393143e-02 8.233896e-01 -5.649080e-01 2.314513e+00 -1.994059e-01 5.632170e-01 8.018877e-01 -4.218578e+00 9.784318e-01 6.939901e-02 1.945638e-01 2.196665e+02
-2.833568e-03 -3.021345e-01 9.532611e-01 2.317248e+00 8.276542e-01 5.342956e-01 1.718043e-01 -4.238980e+00 -5.612312e-01 7.894574e-01 2.485489e-01 2.205785e+02
7.391179e-01 6.720867e-01 -4.476825e-02 2.656908e+00 -6.734662e-01 7.361626e-01 -6.714139e-02 -4.259921e+00 -1.216813e-02 7.977530e-02 9.967386e-01 2.211040e+02
-2.011177e-02 -7.542548e-01 6.562738e-01 3.070942e+00 2.306708e-01 6.351966e-01 7.370999e-01 -4.278275e+00 -9.728240e-01 1.662076e-01 1.612096e-01 2.214650e+02
8.661571e-01 9.243089e-02 -4.911501e-01 3.081962e+00 -3.746992e-01 7.704190e-01 -5.158053e-01 -4.295879e+00 3.307150e-01 6.308020e-01 7.019376e-01 2.221967e+02
-3.210100e-01 -3.873111e-01 8.642584e-01 3.245018e+00 -3.575718e-01 8.945791e-01 2.680869e-01 -4.304716e+00 -8.769806e-01 -2.229758e-01 -4.256604e-01 2.224816e+02
7.126627e-01 -6.019589e-01 -3.602185e-01 2.720785e+00 5.460051e-01 7.983724e-01 -2.539289e-01 -4.297441e+00 4.404433e-01 -1.571549e-02 8.976429e-01 2.229771e+02
-3.343999e-02 5.059267e-01 8.619281e-01 2.096041e+00 1.448548e-01 8.557577e-01 -4.966849e-01 -4.291139e+00 -9.888877e-01 1.082453e-01 -1.019025e-01 2.240048e+02
1.048202e-02 2.035903e-01 -9.790001e-01 1.830107e+00 5.422268e-01 8.214565e-01 1.766335e-01 -4.295560e+00 8.401668e-01 -5.326915e-01 -1.017816e-01 2.248213e+02
2.291765e-01 4.609126e-01 8.573434e-01 1.724991e+00 2.528318e-02 8.776697e-01 -4.785986e-01 -4.307469e+00 -9.730565e-01 1.313599e-01 1.894880e-01 2.256228e+02
4.641725e-01 4.866033e-02 -8.844072e-01 1.659570e+00 4.691633e-01 8.334082e-01 2.920901e-01 -4.322840e+00 7.512854e-01 -5.505116e-01 3.640155e-01 2.263773e+02
4.392964e-01 3.896903e-01 8.094196e-01 1.592524e+00 9.072595e-02 8.771628e-01 -4.715445e-01 -4.337963e+00 -8.937491e-01 2.805832e-01 3.499795e-01 2.271790e+02
2.564402e-01 1.817965e-01 -9.493095e-01 1.467595e+00 4.276932e-01 8.594258e-01 2.801176e-01 -4.349137e+00 8.667854e-01 -4.778466e-01 1.426382e-01 2.279911e+02
4.918342e-01 3.602282e-01 7.926757e-01 1.357021e+00 4.048350e-03 9.094447e-01 -4.158052e-01 -4.360457e+00 -8.706795e-01 2.077162e-01 4.458376e-01 2.287714e+02
3.338575e-01 6.545856e-02 -9.403480e-01 1.199438e+00 3.896743e-01 8.987703e-01 2.009127e-01 -4.367239e+00 8.583083e-01 -4.335056e-01 2.745537e-01 2.293742e+02
5.192450e-01 3.408237e-01 7.837243e-01 1.126372e+00 -6.330624e-02 9.298580e-01 -3.624312e-01 -4.376914e+00 -8.522775e-01 1.385760e-01 5.044004e-01 2.298858e+02
3.309772e-01 2.305822e-02 -9.433570e-01 1.069170e+00 3.431521e-01 9.283174e-01 1.430856e-01 -4.388389e+00 8.790340e-01 -3.710730e-01 2.993394e-01 2.304557e+02
4.680595e-01 2.785239e-01 8.386565e-01 1.039235e+00 -5.442205e-02 9.563156e-01 -2.872260e-01 -4.401657e+00 -8.820196e-01 8.879745e-02 4.627704e-01 2.310358e+02
6.732684e-01 -7.647685e-02 -7.354325e-01 7.812429e-01 3.321329e-01 9.199231e-01 2.083967e-01 -4.408991e+00 6.606038e-01 -3.845682e-01 6.447557e-01 2.318610e+02
