1.000000e+00 1.197625e-11 1.704638e-10 5.551115e-17 1.197625e-11 1.000000e+00 3.562503e-10 0.000000e+00 1.704638e-10 3.562503e-10 1.000000e+00 2.220446e-16 0.000000e+00 0.000000e+00 0.000000e+00 1.000000e+00
9.921209e-01 2.637132e-02 -1.224774e-01 3.464609e-02 -1.329728e-02 9.942386e-01 1.063615e-01 -1.713804e-02 1.245766e-01 -1.038949e-01 9.867556e-01 6.452946e-01
9.690668e-01 -5.974232e-02 2.394586e-01 -3.345300e-02 7.441891e-02 9.958327e-01 -5.271701e-02 -2.721586e-02 -2.353112e-01 6.890655e-02 9.694743e-01 1.105616e+00
9.912729e-01 4.753736e-02 -1.229564e-01 -1.060236e-01 -3.295148e-02 9.924607e-01 1.180504e-01 -3.852424e-02 1.276412e-01 -1.129686e-01 9.853658e-01 1.675862e+00
9.556545e-01 -9.144476e-02 2.799326e-01 -2.039132e-01 1.053934e-01 9.938090e-01 -3.515525e-02 -5.165088e-02 -2.749848e-01 6.309933e-02 9.593758e-01 2.440358e+00
8.048784e-01 -2.149873e-02 5.930502e-01 2.276450e-01 1.456618e-02 9.997582e-01 1.647335e-02 -8.100376e-02 -5.932610e-01 -4.620573e-03 8.049969e-01 3.056474e+00
9.596750e-01 -4.977464e-02 2.766702e-01 1.467625e+00 3.649259e-02 9.979300e-01 5.295320e-02 -1.182369e-01 -2.787332e-01 -4.072145e-02 9.595049e-01 3.423270e+00
9.103102e-01 -1.738691e-02 4.135614e-01 2.696733e+00 1.495525e-02 9.998466e-01 9.116745e-03 -1.515665e-01 -4.136565e-01 -2.114154e-03 9.104306e-01 3.679188e+00
9.836912e-01 1.951120e-02 -1.788040e-01 2.924337e+00 1.549484e-03 9.931429e-01 1.168968e-01 -1.779607e-01 1.798587e-01 -1.152674e-01 9.769157e-01 4.466931e+00
9.806350e-01 -2.785702e-02 1.938527e-01 2.874947e+00 3.132161e-02 9.993993e-01 -1.482973e-02 -1.956626e-01 -1.933232e-01 2.061434e-02 9.809185e-01 5.422951e+00
9.994329e-01 1.048971e-02 -3.199681e-02 2.878116e+00 -6.630749e-03 9.929428e-01 1.184085e-01 -2.161708e-01 3.301307e-02 -1.181292e-01 9.924493e-01 6.320569e+00
9.481706e-01 -8.631887e-02 3.058130e-01 2.797494e+00 9.917599e-02 9.947109e-01 -2.672688e-02 -2.320385e-01 -3.018885e-01 5.567095e-02 9.517164e-01 7.223318e+00
9.911721e-01 1.734668e-03 1.325700e-01 2.665019e+00 -1.240682e-02 9.967402e-01 7.971847e-02 -2.456495e-01 -1.319995e-01 -8.065950e-02 9.879626e-01 8.138083e+00
9.879002e-01 -7.223536e-02 1.372414e-01 2.556808e+00 7.472622e-02 9.971183e-01 -1.307805e-02 -2.582484e-01 -1.359012e-01 2.317534e-02 9.904513e-01 8.956738e+00
8.943496e-01 -5.292378e-02 4.442273e-01 2.565659e+00 4.969142e-02 9.985853e-01 1.892592e-02 -2.742353e-01 -4.446005e-01 5.147890e-03 8.957142e-01 9.487913e+00
9.894150e-01 -5.632185e-02 1.337379e-01 2.654494e+00 5.421178e-02 9.983416e-01 1.936992e-02 -2.918609e-01 -1.346070e-01 -1.191473e-02 9.908274e-01 9.965548e+00
9.716575e-01 -2.291203e-02 2.352802e-01 2.714606e+00 1.526647e-02 9.992961e-01 3.426602e-02 -3.103115e-01 -2.358997e-01 -2.970294e-02 9.713234e-01 1.057292e+01
9.764719e-01 -6.821021e-02 2.045728e-01 2.742123e+00 5.958450e-02 9.970667e-01 4.803931e-02 -3.322433e-01 -2.072495e-01 -3.471966e-02 9.776718e-01 1.141811e+01
9.607289e-01 -3.616247e-02 2.751223e-01 2.774186e+00 3.098013e-02 9.992516e-01 2.316023e-02 -3.548964e-01 -2.757539e-01 -1.372738e-02 9.611302e-01 1.229961e+01
8.984732e-01 -9.363045e-02 4.289279e-01 2.899368e+00 8.687646e-02 9.955918e-01 3.534750e-02 -3.801543e-01 -4.303467e-01 5.504961e-03 9.026469e-01 1.307931e+01
9.015920e-01 -3.984168e-02 4.307488e-01 3.223184e+00 5.145955e-02 9.985571e-01 -1.534843e-02 -4.062192e-01 -4.295157e-01 3.600416e-02 9.023414e-01 1.362825e+01
9.514644e-01 -1.303169e-02 3.074827e-01 3.794708e+00 -6.091065e-03 9.981100e-01 6.114974e-02 -4.344784e-01 -3.076984e-01 -6.005470e-02 9.495868e-01 1.404544e+01
9.040917e-01 -6.039471e-02 4.230492e-01 4.535269e+00 5.454903e-02 9.981745e-01 2.592403e-02 -4.665922e-01 -4.238426e-01 -3.607788e-04 9.057358e-01 1.451040e+01
9.948992e-01 5.525167e-02 8.439636e-02 5.380154e+00 -5.910806e-02 9.972859e-01 4.389828e-02 -4.963850e-01 -8.174185e-02 -4.866287e-02 9.954648e-01 1.478727e+01
9.685293e-01 -7.359306e-02 2.377710e-01 5.793383e+00 5.868884e-02 9.958767e-01 6.917480e-02 -5.233676e-01 -2.418813e-01 -5.304332e-02 9.688549e-01 1.529816e+01
9.582051e-01 1.751573e-02 2.855453e-01 6.252978e+00 -1.539583e-02 9.998347e-01 -9.667381e-03 -5.526710e-01 -2.856674e-01 4.867126e-03 9.583165e-01 1.584135e+01
8.268437e-01 -8.794691e-02 5.555132e-01 7.038576e+00 4.990379e-02 9.952750e-01 8.329008e-02 -5.857526e-01 -5.602135e-01 -4.114567e-02 8.273257e-01 1.626172e+01
8.860285e-01 -3.026674e-02 4.626419e-01 8.236774e+00 4.352606e-02 9.988899e-01 -1.801003e-02 -6.252301e-01 -4.615832e-01 3.609437e-02 8.863623e-01 1.665457e+01
9.910057e-01 8.614466e-03 1.335420e-01 8.864768e+00 -2.086982e-02 9.956645e-01 9.064558e-02 -6.547871e-01 -1.321822e-01 -9.261728e-02 9.868890e-01 1.702005e+01
9.860533e-01 -1.827667e-02 -1.654232e-01 8.845820e+00 7.729593e-03 9.979085e-01 -6.417877e-02 -6.624451e-01 1.662502e-01 6.200503e-02 9.841322e-01 1.717583e+01
9.793453e-01 8.699152e-02 -1.825244e-01 8.910330e+00 -5.989546e-02 9.870154e-01 1.490410e-01 -6.732627e-01 1.931197e-01 -1.350302e-01 9.718393e-01 1.740625e+01
9.517839e-01 4.299591e-02 -3.037413e-01 8.947232e+00 -5.741622e-02 9.975999e-01 -3.870109e-02 -6.829261e-01 3.013483e-01 5.427475e-02 9.519682e-01 1.765458e+01
9.940436e-01 -3.864023e-02 1.019031e-01 8.979429e+00 2.364793e-02 9.892334e-01 1.444229e-01 -6.973135e-01 -1.063864e-01 -1.411529e-01 9.842549e-01 1.809797e+01
9.360108e-01 8.878112e-02 -3.405901e-01 8.964267e+00 -1.051366e-01 9.940103e-01 -2.982962e-02 -7.103574e-01 3.359018e-01 6.372934e-02 9.397386e-01 1.861005e+01
9.975488e-01 -5.321150e-02 -4.544116e-02 8.910384e+00 5.918628e-02 9.880557e-01 1.422779e-01 -7.210890e-01 3.732757e-02 -1.446187e-01 9.887831e-01 1.913860e+01
8.269892e-01 1.898861e-01 -5.291807e-01 8.729803e+00 -1.977561e-01 9.793353e-01 4.236726e-02 -7.225992e-01 5.262902e-01 6.961145e-02 8.474508e-01 1.954731e+01
9.906236e-01 -1.126689e-01 -7.727024e-02 8.591135e+00 1.189563e-01 9.894857e-01 8.226507e-02 -7.273070e-01 6.718908e-02 -9.068549e-02 9.936105e-01 2.002430e+01
8.576844e-01 2.439445e-01 -4.526241e-01 8.496171e+00 -2.099607e-01 9.697151e-01 1.247759e-01 -7.365368e-01 4.693548e-01 -1.198507e-02 8.829283e-01 2.065228e+01
9.781334e-01 -1.826404e-01 9.948664e-02 8.416599e+00 1.822825e-01 9.831635e-01 1.275281e-02 -7.472266e-01 -1.001408e-01 5.660732e-03 9.949572e-01 2.129685e+01
9.833622e-01 1.745089e-01 -5.045150e-02 8.365273e+00 -1.701353e-01 9.820968e-01 8.086870e-02 -7.629573e-01 6.366057e-02 -7.093964e-02 9.954471e-01 2.210181e+01
9.858817e-01 -1.674381e-01 -1.329833e-03 8.348623e+00 1.674312e-01 9.858747e-01 -4.235338e-03 -7.769933e-01 2.020206e-03 3.952887e-03 9.999901e-01 2.265921e+01
9.718786e-01 1.965118e-01 -1.297505e-01 8.309554e+00 -1.820588e-01 9.765079e-01 1.152689e-01 -7.895364e-01 1.493541e-01 -8.840518e-02 9.848238e-01 2.321070e+01
9.856468e-01 -1.523025e-01 -7.283117e-02 8.259647e+00 1.500170e-01 9.880308e-01 -3.591576e-02 -8.018109e-01 7.742950e-02 2.447434e-02 9.966974e-01 2.381970e+01
9.761537e-01 1.844573e-01 -1.144532e-01 8.206363e+00 -1.668173e-01 9.747810e-01 1.482366e-01 -8.148199e-01 1.389101e-01 -1.256089e-01 9.823067e-01 2.449548e+01
9.907522e-01 -1.267435e-01 -4.843720e-02 8.304059e+00 1.225621e-01 9.891272e-01 -8.127643e-02 -8.298861e-01 5.821181e-02 7.458823e-02 9.955139e-01 2.487577e+01
9.900229e-01 1.390852e-01 2.258409e-02 8.479324e+00 -1.408600e-01 9.727661e-01 1.840777e-01 -8.487373e-01 3.633452e-03 -1.854224e-01 9.826522e-01 2.531559e+01
9.758981e-01 -1.000315e-01 -1.939500e-01 8.442504e+00 8.101819e-02 9.913118e-01 -1.036191e-01 -8.633887e-01 2.026301e-01 8.540819e-02 9.755237e-01 2.602657e+01
9.792137e-01 1.454050e-01 -1.414140e-01 8.411560e+00 -1.099058e-01 9.663468e-01 2.325823e-01 -8.770963e-01 1.704736e-01 -2.122055e-01 9.622409e-01 2.669812e+01
9.712945e-01 -2.556305e-02 -2.365026e-01 8.429264e+00 -4.999861e-03 9.917957e-01 -1.277350e-01 -8.896914e-01 2.378276e-01 1.252508e-01 9.631979e-01 2.714616e+01
9.886083e-01 6.562338e-02 -1.354520e-01 8.435444e+00 -3.238776e-02 9.716150e-01 2.343403e-01 -9.021832e-01 1.469854e-01 -2.272837e-01 9.626720e-01 2.758460e+01
9.926315e-01 2.109175e-02 -1.193224e-01 8.477297e+00 -3.576792e-02 9.918575e-01 -1.222264e-01 -9.184380e-01 1.157729e-01 1.255937e-01 9.853034e-01 2.813783e+01
9.957066e-01 1.540728e-03 -9.255243e-02 8.478656e+00 1.954572e-02 9.738174e-01 2.264899e-01 -9.345171e-01 9.047812e-02 -2.273265e-01 9.696063e-01 2.879338e+01
9.992608e-01 2.722643e-02 2.713932e-02 8.510182e+00 -2.374996e-02 9.923588e-01 -1.210783e-01 -9.535149e-01 -3.022847e-02 1.203442e-01 9.922719e-01 2.951638e+01
7.796148e-01 1.304665e-01 -6.125188e-01 8.309768e+00 2.355008e-02 9.712601e-01 2.368529e-01 -9.566196e-01 6.258164e-01 -1.990789e-01 7.541362e-01 3.011542e+01
9.744932e-01 1.337091e-01 -1.802357e-01 8.024830e+00 -1.536576e-01 9.828836e-01 -1.016323e-01 -9.504939e-01 1.635616e-01 1.267346e-01 9.783588e-01 3.057680e+01
9.509541e-01 -6.987435e-02 -3.013368e-01 7.919979e+00 1.205633e-01 9.808390e-01 1.530336e-01 -9.548545e-01 2.848698e-01 -1.818581e-01 9.411572e-01 3.087048e+01
9.872827e-01 1.588519e-01 6.245584e-03 7.857159e+00 -1.582752e-01 9.858615e-01 -5.500906e-02 -9.653306e-01 -1.489557e-02 5.332097e-02 9.984663e-01 3.143004e+01
9.178225e-01 -7.107391e-02 -3.905770e-01 7.754946e+00 1.234029e-01 9.861821e-01 1.105290e-01 -9.756043e-01 3.773243e-01 -1.496444e-01 9.139108e-01 3.213396e+01
9.641143e-01 2.019502e-01 -1.723360e-01 7.489156e+00 -1.989799e-01 9.793953e-01 3.452410e-02 -9.747668e-01 1.757572e-01 1.006220e-03 9.844330e-01 3.276841e+01
9.653244e-01 -1.219553e-01 -2.308151e-01 7.416181e+00 1.353222e-01 9.898710e-01 4.293400e-02 -9.874546e-01 2.232412e-01 -7.267965e-02 9.720499e-01 3.354801e+01
9.864668e-01 1.599841e-01 3.589451e-02 7.443191e+00 -1.623244e-01 9.837857e-01 7.626531e-02 -1.005528e+00 -2.311127e-02 -8.105974e-02 9.964413e-01 3.432217e+01
9.840610e-01 -1.500782e-01 -9.539656e-02 7.388106e+00 1.515278e-01 9.884198e-01 8.095810e-03 -1.021502e+00 9.307684e-02 -2.242200e-02 9.954064e-01 3.517926e+01
9.847115e-01 1.680451e-01 -4.586946e-02 7.289439e+00 -1.640692e-01 9.832111e-01 7.985713e-02 -1.033000e+00 5.851897e-02 -7.111048e-02 9.957504e-01 3.593263e+01
9.515510e-01 -9.275611e-02 -2.931671e-01 7.188257e+00 9.110058e-02 9.956541e-01 -1.932737e-02 -1.041770e+00 2.936858e-01 -8.316721e-03 9.558658e-01 3.653878e+01
9.919754e-01 1.178815e-01 4.570258e-02 7.128723e+00 -1.226477e-01 9.849885e-01 1.214712e-01 -1.054898e+00 -3.069730e-02 -1.261017e-01 9.915422e-01 3.727303e+01
9.420371e-01 -5.087811e-02 -3.316286e-01 7.078157e+00 3.985030e-02 9.984057e-01 -3.997406e-02 -1.068567e+00 3.331338e-01 2.444155e-02 9.425627e-01 3.798939e+01
9.957366e-01 8.711382e-02 3.032978e-02 7.080503e+00 -9.082054e-02 9.833882e-01 1.571598e-01 -1.084268e+00 -1.613515e-02 -1.592443e-01 9.871073e-01 3.861640e+01
9.350367e-01 3.993590e-03 -3.545285e-01 7.114647e+00 -1.893289e-02 9.990723e-01 -3.867971e-02 -1.102134e+00 3.540452e-01 4.287920e-02 9.342448e-01 3.933904e+01
9.936789e-01 2.474673e-03 1.122325e-01 7.151647e+00 -2.155384e-02 9.853622e-01 1.691055e-01 -1.121548e+00 -1.101712e-01 -1.704556e-01 9.791870e-01 4.010972e+01
9.503424e-01 4.380431e-02 -3.081080e-01 7.179218e+00 -6.209032e-02 9.968277e-01 -4.979328e-02 -1.139745e+00 3.049495e-01 6.645119e-02 9.500474e-01 4.081480e+01
9.950771e-01 4.366013e-03 -9.900715e-02 7.133100e+00 1.243282e-02 9.856367e-01 1.684213e-01 -1.151839e+00 9.832041e-02 -1.688231e-01 9.807303e-01 4.141179e+01
9.195958e-01 1.341431e-01 -3.692548e-01 7.077479e+00 -1.376836e-01 9.903324e-01 1.687989e-02 -1.169110e+00 3.679493e-01 3.531765e-02 9.291749e-01 4.238251e+01
9.767732e-01 -3.181329e-02 -2.119012e-01 7.057234e+00 7.239652e-02 9.797605e-01 1.866227e-01 -1.194901e+00 2.016754e-01 -1.976289e-01 9.593070e-01 4.381431e+01
8.813495e-01 2.272493e-01 -4.142232e-01 6.994907e+00 -2.102377e-01 9.737801e-01 8.690475e-02 -1.215748e+00 4.231113e-01 1.049185e-02 9.060170e-01 4.509506e+01
9.843894e-01 -1.340567e-01 -1.140455e-01 6.944013e+00 1.427890e-01 9.871188e-01 7.216451e-02 -1.234371e+00 1.029023e-01 -8.732241e-02 9.908511e-01 4.617056e+01
9.711477e-01 1.991084e-01 -1.312556e-01 6.955106e+00 -1.877073e-01 9.776898e-01 9.427966e-02 -1.256131e+00 1.470992e-01 -6.692184e-02 9.868553e-01 4.719815e+01
9.825636e-01 -1.828208e-01 3.384256e-02 6.985901e+00 1.812064e-01 9.823754e-01 4.585552e-02 -1.277840e+00 -4.162944e-02 -3.892348e-02 9.983747e-01 4.815882e+01
8.402057e-01 3.151109e-01 -4.413157e-01 6.890766e+00 -2.349210e-01 9.450146e-01 2.275071e-01 -1.296092e+00 4.887397e-01 -8.747840e-02 8.680328e-01 4.933490e+01
9.841035e-01 -1.724859e-01 -4.229531e-02 6.796613e+00 1.707964e-01 9.844623e-01 -4.077473e-02 -1.317469e+00 4.867120e-02 3.290267e-02 9.982728e-01 5.079884e+01
9.674967e-01 2.197472e-01 -1.251449e-01 6.735833e+00 -1.855289e-01 9.530756e-01 2.392194e-01 -1.343428e+00 1.718403e-01 -2.082260e-01 9.628670e-01 5.237708e+01
9.377144e-01 -2.349842e-01 2.558793e-01 6.740151e+00 2.533121e-01 9.665278e-01 -4.070529e-02 -1.370606e+00 -2.377493e-01 1.029873e-01 9.658514e-01 5.373612e+01
9.749955e-01 2.201828e-01 3.005383e-02 6.777119e+00 -2.221198e-01 9.614324e-01 1.622054e-01 -1.396215e+00 6.820121e-03 -1.648251e-01 9.862992e-01 5.485424e+01
9.729194e-01 -1.999039e-01 -1.160441e-01 6.774333e+00 1.924607e-01 9.786406e-01 -7.225963e-02 -1.415022e+00 1.280104e-01 4.796886e-02 9.906121e-01 5.570563e+01
9.058958e-01 2.896747e-01 -3.089358e-01 6.671161e+00 -2.159289e-01 9.434693e-01 2.514765e-01 -1.423034e+00 3.643178e-01 -1.611034e-01 9.172340e-01 5.626207e+01
9.855798e-01 -1.588819e-01 -5.821500e-02 6.583632e+00 1.492151e-01 9.782957e-01 -1.437791e-01 -1.433190e+00 7.979538e-02 1.330192e-01 9.878960e-01 5.690295e+01
9.158205e-01 2.399619e-01 -3.220109e-01 6.479580e+00 -1.359076e-01 9.397277e-01 3.137531e-01 -1.444059e+00 3.778914e-01 -2.435778e-01 8.932346e-01 5.768637e+01
9.912773e-01 -6.495557e-02 -1.146738e-01 6.337626e+00 4.052370e-02 9.781782e-01 -2.037772e-01 -1.451876e+00 1.254079e-01 1.973527e-01 9.722781e-01 5.840633e+01
9.886492e-01 8.282504e-02 -1.253506e-01 6.231551e+00 -3.929269e-02 9.478228e-01 3.163669e-01 -1.464520e+00 1.450132e-01 -3.078506e-01 9.403187e-01 5.928483e+01
9.973195e-01 -1.126271e-02 -7.229801e-02 6.124445e+00 -5.939350e-03 9.723610e-01 -2.334069e-01 -1.475387e+00 7.292856e-02 2.332106e-01 9.696877e-01 6.006512e+01
9.935930e-01 -2.783134e-02 1.095372e-01 6.063240e+00 -4.847345e-03 9.578185e-01 2.873330e-01 -1.487166e+00 -1.129137e-01 -2.860230e-01 9.515468e-01 6.064926e+01
9.578810e-01 3.903552e-02 -2.845000e-01 6.015666e+00 -1.000124e-01 9.740399e-01 -2.030855e-01 -1.497396e+00 2.691868e-01 2.229853e-01 9.369184e-01 6.111021e+01
9.978505e-01 -6.451275e-02 1.150933e-02 6.006076e+00 5.822846e-02 9.534396e-01 2.959093e-01 -1.509637e+00 -3.006338e-02 -2.946031e-01 9.551467e-01 6.155929e+01
9.805464e-01 9.954229e-02 -1.691745e-01 6.019436e+00 -1.285375e-01 9.769998e-01 -1.701452e-01 -1.528043e+00 1.483468e-01 1.885806e-01 9.707886e-01 6.234284e+01
9.754988e-01 -5.997936e-02 -2.116710e-01 5.975178e+00 1.167390e-01 9.566193e-01 2.669298e-01 -1.542278e+00 1.864783e-01 -2.850999e-01 9.401829e-01 6.308999e+01
9.415859e-01 2.122679e-01 -2.614544e-01 5.957430e+00 -2.468480e-01 9.631234e-01 -1.070487e-01 -1.554181e+00 2.290899e-01 1.653351e-01 9.592613e-01 6.361345e+01
9.743507e-01 -1.881021e-01 -1.235245e-01 6.040150e+00 2.104406e-01 9.560792e-01 2.040276e-01 -1.569005e+00 7.972119e-02 -2.247890e-01 9.711408e-01 6.408832e+01
8.925446e-01 3.114236e-01 -3.261588e-01 6.037340e+00 -3.261215e-01 9.452736e-01 1.012542e-02 -1.581689e+00 3.114626e-01 9.733002e-02 9.452608e-01 6.460780e+01
9.105792e-01 -2.088662e-01 -3.566797e-01 5.921754e+00 2.285960e-01 9.734268e-01 1.356626e-02 -1.585442e+00 3.443681e-01 -9.388871e-02 9.341282e-01 6.492214e+01
9.457194e-01 3.037858e-01 -1.154508e-01 5.879516e+00 -2.895984e-01 9.489783e-01 1.247917e-01 -1.593253e+00 1.474703e-01 -8.458355e-02 9.854431e-01 6.524492e+01
9.539654e-01 -2.844543e-01 9.505694e-02 6.048316e+00 2.868744e-01 9.578859e-01 -1.255588e-02 -1.611405e+00 -8.748213e-02 3.924727e-02 9.953927e-01 6.567770e+01
8.928060e-01 3.627197e-01 -2.670804e-01 6.115583e+00 -3.023742e-01 9.220899e-01 2.414954e-01 -1.631762e+00 3.338673e-01 -1.348504e-01 9.329245e-01 6.642933e+01
9.589109e-01 -2.797477e-01 4.723496e-02 6.108040e+00 2.831243e-01 9.542532e-01 -9.613300e-02 -1.650531e+00 -1.818112e-02 1.055563e-01 9.942471e-01 6.732165e+01
8.863123e-01 3.553306e-01 -2.969690e-01 6.033606e+00 -2.628662e-01 9.139875e-01 3.090763e-01 -1.663035e+00 3.812503e-01 -1.958750e-01 9.034828e-01 6.807902e+01
9.745982e-01 -2.238943e-01 5.448835e-03 5.927669e+00 2.199217e-01 9.521397e-01 -2.122839e-01 -1.672244e+00 4.234110e-02 2.080899e-01 9.771928e-01 6.875469e+01
9.176389e-01 2.908603e-01 -2.708121e-01 5.866389e+00 -1.742360e-01 9.068968e-01 3.836405e-01 -1.685190e+00 3.571844e-01 -3.048582e-01 8.828821e-01 6.954871e+01
9.895254e-01 -1.441070e-01 -8.523297e-03 5.761342e+00 1.370050e-01 9.560834e-01 -2.591028e-01 -1.698374e+00 4.548751e-02 2.552210e-01 9.658121e-01 7.054569e+01
9.462449e-01 2.019693e-01 -2.526440e-01 5.639865e+00 -8.259893e-02 9.060761e-01 4.149741e-01 -1.710250e+00 3.127267e-01 -3.717990e-01 8.740524e-01 7.151697e+01
9.992124e-01 -3.961661e-02 -2.241668e-03 5.559597e+00 3.748480e-02 9.609564e-01 -2.741490e-01 -1.727368e+00 1.301500e-02 2.738491e-01 9.616846e-01 7.257978e+01
9.473950e-01 1.292118e-01 -2.928261e-01 5.601541e+00 1.979567e-03 9.125074e-01 4.090555e-01 -1.749347e+00 3.200607e-01 -3.881168e-01 8.642491e-01 7.360162e+01
8.793386e-01 -6.582339e-02 4.716259e-01 5.873341e+00 1.704720e-01 9.682763e-01 -1.827027e-01 -1.790595e+00 -4.446380e-01 2.410565e-01 8.626638e-01 7.500904e+01
9.129825e-01 2.367094e-01 -3.323126e-01 6.056656e+00 -8.354988e-02 9.057025e-01 4.155988e-01 -1.824912e+00 3.993525e-01 -3.516697e-01 8.466676e-01 7.631756e+01
9.305132e-01 -1.085704e-01 3.497966e-01 6.010426e+00 2.202639e-01 9.289294e-01 -2.976137e-01 -1.836888e+00 -2.926244e-01 3.539811e-01 8.882952e-01 7.687101e+01
9.241621e-01 2.476338e-01 -2.908640e-01 6.014925e+00 -1.061854e-01 8.979458e-01 4.271042e-01 -1.852360e+00 3.669455e-01 -3.638280e-01 8.561426e-01 7.745772e+01
9.331359e-01 -1.431641e-01 3.297899e-01 6.082722e+00 2.323961e-01 9.400850e-01 -2.494640e-01 -1.874804e+00 -2.743162e-01 3.094257e-01 9.104979e-01 7.832295e+01
8.717809e-01 2.992634e-01 -3.878652e-01 6.039039e+00 -9.812285e-02 8.823516e-01 4.602474e-01 -1.894395e+00 4.799687e-01 -3.631764e-01 7.985818e-01 7.940937e+01
9.725974e-01 -9.069944e-02 2.140747e-01 5.979655e+00 1.582846e-01 9.327415e-01 -3.239433e-01 -1.909949e+00 -1.702949e-01 3.489511e-01 9.215383e-01 8.031781e+01
5.544376e-01 3.452977e-01 -7.572110e-01 5.883147e+00 1.086499e-01 8.720430e-01 4.772171e-01 -1.917144e+00 8.251025e-01 -3.468580e-01 4.459768e-01 8.085725e+01
9.869195e-01 1.609107e-01 9.877194e-03 5.737363e+00 -1.459285e-01 9.177081e-01 -3.694816e-01 -1.909626e+00 -6.851795e-02 3.632073e-01 9.291855e-01 8.085495e+01
9.236663e-01 -8.822709e-02 -3.729029e-01 5.645081e+00 2.399228e-01 8.919393e-01 3.832510e-01 -1.916630e+00 2.987936e-01 -4.434639e-01 8.450220e-01 8.128843e+01
9.539186e-01 2.621700e-01 1.459667e-01 5.689165e+00 -1.999278e-01 9.180552e-01 -3.423499e-01 -1.931576e+00 -2.237593e-01 2.973911e-01 9.281650e-01 8.178897e+01
9.029329e-01 -8.057839e-02 -4.221603e-01 6.114925e+00 2.532706e-01 8.933487e-01 3.711902e-01 -1.955823e+00 3.472264e-01 -4.420806e-01 8.270420e-01 8.235057e+01
9.528453e-01 2.861142e-01 1.011162e-01 6.270066e+00 -2.499139e-01 9.288873e-01 -2.733340e-01 -1.972955e+00 -1.721303e-01 2.351747e-01 9.565898e-01 8.288299e+01
8.729372e-01 -1.730587e-01 -4.561044e-01 6.250776e+00 3.043781e-01 9.238647e-01 2.320087e-01 -1.984929e+00 3.812276e-01 -3.413573e-01 8.591511e-01 8.337380e+01
9.178468e-01 3.006817e-01 2.591287e-01 6.219235e+00 -2.441282e-01 9.423716e-01 -2.287731e-01 -1.996552e+00 -3.129834e-01 1.467180e-01 9.383577e-01 8.386607e+01
8.427921e-01 -1.921992e-01 -5.027534e-01 6.097821e+00 3.073021e-01 9.386896e-01 1.562921e-01 -2.003319e+00 4.418902e-01 -2.862190e-01 8.501834e-01 8.435834e+01
8.546703e-01 2.729698e-01 4.416176e-01 6.060429e+00 -1.970336e-01 9.575241e-01 -2.105358e-01 -2.016849e+00 -4.803294e-01 9.292521e-02 8.721517e-01 8.497517e+01
7.825991e-01 -1.197243e-01 -6.109049e-01 6.044814e+00 2.708452e-01 9.490690e-01 1.609687e-01 -2.033943e+00 5.605190e-01 -2.914346e-01 7.751673e-01 8.574280e+01
7.910969e-01 2.222937e-01 5.698694e-01 6.063041e+00 -1.262261e-01 9.709039e-01 -2.035006e-01 -2.051991e+00 -5.985254e-01 8.905634e-02 7.961384e-01 8.647088e+01
8.452764e-01 -1.089595e-01 -5.231019e-01 6.144359e+00 2.369153e-01 9.539215e-01 1.841326e-01 -2.069006e+00 4.789352e-01 -2.795738e-01 8.321416e-01 8.696267e+01
8.055526e-01 1.821589e-01 5.638290e-01 6.091988e+00 -2.673502e-02 9.617761e-01 -2.725287e-01 -2.072733e+00 -5.919208e-01 2.044622e-01 7.796313e-01 8.705904e+01
5.662974e-01 4.884674e-02 -8.227522e-01 6.244646e+00 2.153078e-01 9.548118e-01 2.048827e-01 -2.079415e+00 7.955814e-01 -2.931695e-01 5.301904e-01 8.711876e+01
7.348570e-01 1.784139e-01 6.543345e-01 6.350404e+00 -6.905145e-02 9.794474e-01 -1.895118e-01 -2.096266e+00 -6.746978e-01 9.408133e-02 7.320735e-01 8.757189e+01
5.828519e-01 4.023781e-02 -8.115815e-01 6.488444e+00 1.574456e-01 9.742530e-01 1.613754e-01 -2.113361e+00 7.971791e-01 -2.218379e-01 5.615099e-01 8.803832e+01
7.587149e-01 1.246376e-01 6.393881e-01 6.839683e+00 -8.014130e-02 9.919285e-01 -9.826149e-02 -2.133891e+00 -6.464743e-01 2.331107e-02 7.625795e-01 8.845959e+01
1.869658e-01 9.554863e-02 -9.777087e-01 7.280437e+00 7.644354e-02 9.908257e-01 1.114487e-01 -2.140118e+00 9.793877e-01 -9.557661e-02 1.779464e-01 8.827910e+01
7.736880e-01 3.751765e-02 6.324550e-01 7.478151e+00 9.712483e-03 9.974255e-01 -7.104931e-02 -2.136222e+00 -6.334924e-01 6.111271e-02 7.713317e-01 8.789062e+01
4.491467e-01 1.182839e-01 -8.855937e-01 7.513518e+00 5.125291e-03 9.908404e-01 1.349406e-01 -2.143720e+00 8.934433e-01 -6.514704e-02 4.444265e-01 8.800873e+01
9.062876e-01 6.848131e-03 4.226061e-01 7.371768e+00 -2.413906e-02 9.990754e-01 3.557718e-02 -2.147141e+00 -4.219717e-01 -4.244447e-02 9.056149e-01 8.835952e+01
2.491484e-02 2.081418e-01 -9.777813e-01 7.174947e+00 -1.402438e-01 9.691402e-01 2.027288e-01 -2.149300e+00 9.898035e-01 1.320768e-01 5.333657e-02 8.897580e+01
9.750480e-01 -1.729113e-01 1.392232e-01 7.520621e+00 1.662701e-01 9.843679e-01 5.808650e-02 -2.150317e+00 -1.470906e-01 -3.348848e-02 9.885559e-01 8.880709e+01
-1.159097e-01 2.752028e-01 -9.543733e-01 8.302413e+00 3.284033e-02 9.613861e-01 2.732365e-01 -2.129317e+00 9.927167e-01 3.288439e-04 -1.204718e-01 8.735265e+01
8.884270e-01 -1.991001e-02 4.585860e-01 8.226912e+00 7.107781e-02 9.929757e-01 -9.458922e-02 -2.121526e+00 -4.534815e-01 1.166309e-01 8.836016e-01 8.745719e+01
6.120029e-01 2.074370e-01 -7.631660e-01 8.180791e+00 -2.594734e-02 9.697351e-01 2.427769e-01 -2.133089e+00 7.904297e-01 -1.287781e-01 5.988631e-01 8.802215e+01
5.449801e-01 -1.009420e-01 8.323505e-01 8.190972e+00 2.296202e-01 9.727417e-01 -3.237574e-02 -2.149175e+00 -8.063940e-01 2.087687e-01 5.533032e-01 8.860813e+01
8.438368e-02 3.722235e-01 -9.242992e-01 8.003528e+00 -4.122552e-02 9.281176e-01 3.699975e-01 -2.154507e+00 9.955802e-01 6.882961e-03 9.366309e-02 8.932055e+01
5.441813e-01 -8.591488e-02 8.345570e-01 7.799620e+00 2.784175e-01 9.568637e-01 -8.303899e-02 -2.155366e+00 -7.914230e-01 2.775436e-01 5.446275e-01 8.990494e+01
6.062318e-01 3.179453e-01 -7.289677e-01 7.756133e+00 -8.781530e-02 9.377650e-01 3.359841e-01 -2.167364e+00 7.904249e-01 -1.396697e-01 5.964234e-01 9.042396e+01
3.538902e-01 -1.501753e-01 9.231517e-01 7.722651e+00 3.954795e-01 9.184722e-01 -2.193064e-03 -2.180330e+00 -8.475598e-01 3.658637e-01 3.844296e-01 9.093210e+01
5.362440e-01 4.071333e-01 -7.393815e-01 7.648978e+00 -1.794308e-01 9.109426e-01 3.714677e-01 -2.190451e+00 8.247709e-01 -6.652945e-02 5.615397e-01 9.141744e+01
5.639270e-01 -2.301274e-01 7.931127e-01 7.618558e+00 3.949969e-01 9.185708e-01 -1.432469e-02 -2.202694e+00 -7.252336e-01 3.213551e-01 6.089065e-01 9.193730e+01
3.297702e-01 4.942857e-01 -8.043216e-01 7.598249e+00 -1.789874e-01 8.692627e-01 4.608100e-01 -2.213591e+00 9.269386e-01 -7.997999e-03 3.751279e-01 9.238875e+01
5.592432e-01 -2.133780e-01 8.010723e-01 7.460461e+00 4.437952e-01 8.932397e-01 -7.189336e-02 -2.217251e+00 -7.002091e-01 3.957179e-01 5.942344e-01 9.275199e+01
3.270460e-01 5.182378e-01 -7.902345e-01 7.385470e+00 -1.339575e-01 8.531988e-01 5.040904e-01 -2.223031e+00 9.354658e-01 -5.900295e-02 3.484571e-01 9.301552e+01
6.773814e-01 -1.584348e-01 7.183682e-01 7.140479e+00 4.183878e-01 8.861844e-01 -1.990702e-01 -2.219610e+00 -6.050670e-01 4.354029e-01 6.665720e-01 9.339859e+01
5.557242e-01 4.844496e-01 -6.756325e-01 7.068063e+00 -1.002111e-01 8.457850e-01 5.240282e-01 -2.228647e+00 8.253050e-01 -2.235093e-01 5.185704e-01 9.388809e+01
9.945770e-01 -4.512358e-02 9.370438e-02 6.684385e+00 7.538986e-02 9.334564e-01 -3.506786e-01 -2.218949e+00 -7.164507e-02 3.558413e-01 9.317961e-01 9.438603e+01
3.857699e-01 2.631335e-01 -8.842751e-01 6.196465e+00 2.130506e-01 9.071514e-01 3.628853e-01 -2.201305e+00 8.976587e-01 -3.283855e-01 2.938909e-01 9.489892e+01
8.634284e-01 2.344733e-01 4.466695e-01 5.976304e+00 -1.051910e-01 9.496389e-01 -2.951624e-01 -2.200422e+00 -4.933824e-01 2.078660e-01 8.446097e-01 9.541064e+01
-6.757462e-02 1.318977e-01 -9.889574e-01 5.552872e+00 2.141874e-01 9.700304e-01 1.147382e-01 -2.190272e+00 9.744524e-01 -2.040688e-01 -9.380026e-02 9.609216e+01
9.042223e-01 2.246388e-01 3.632072e-01 4.843175e+00 -2.413733e-01 9.704321e-01 7.114608e-04 -2.159003e+00 -3.523081e-01 -8.831181e-02 9.317081e-01 9.661784e+01
5.557416e-01 -1.456451e-01 -8.184979e-01 4.472246e+00 7.963864e-02 9.893335e-01 -1.219711e-01 -2.148343e+00 8.275319e-01 2.600362e-03 5.614127e-01 9.707246e+01
3.559995e-01 2.402103e-02 9.341774e-01 4.302143e+00 -7.832968e-02 9.969186e-01 4.215817e-03 -2.155008e+00 -9.311975e-01 -7.467464e-02 3.567841e-01 9.771407e+01
8.292986e-01 -1.648115e-01 -5.339486e-01 4.235984e+00 1.964565e-01 9.805094e-01 2.475698e-03 -2.169478e+00 5.231336e-01 -1.069508e-01 8.455133e-01 9.839316e+01
5.475265e-01 1.144148e-01 8.289294e-01 4.232191e+00 -2.438369e-02 9.923691e-01 -1.208679e-01 -2.184393e+00 -8.364330e-01 4.596602e-02 5.461382e-01 9.892124e+01
6.975218e-01 -9.288741e-03 -7.165034e-01 4.250580e+00 1.353448e-01 9.836254e-01 1.190075e-01 -2.199294e+00 7.036655e-01 -1.799853e-01 6.873573e-01 9.942399e+01
5.613795e-01 7.397564e-02 8.242455e-01 4.257859e+00 6.167801e-02 9.894865e-01 -1.308138e-01 -2.212585e+00 -8.252569e-01 1.242740e-01 5.509147e-01 9.981374e+01
8.397406e-01 2.131996e-05 -5.429878e-01 4.214777e+00 1.120519e-01 9.784690e-01 1.733287e-01 -2.224304e+00 5.313004e-01 -2.063939e-01 8.216578e-01 1.002419e+02
5.144461e-01 3.540790e-02 8.567914e-01 4.206992e+00 1.885079e-01 9.700370e-01 -1.532743e-01 -2.237947e+00 -8.365464e-01 2.403633e-01 4.923571e-01 1.006875e+02
8.896475e-01 1.158761e-01 -4.417012e-01 4.279102e+00 4.388483e-03 9.650546e-01 2.620120e-01 -2.253453e+00 4.566267e-01 -2.350367e-01 8.580500e-01 1.011045e+02
5.967535e-01 -8.049621e-02 7.983769e-01 4.222846e+00 3.123319e-01 9.397930e-01 -1.387007e-01 -2.263698e+00 -7.391441e-01 3.321287e-01 5.859663e-01 1.014908e+02
9.221693e-01 2.413314e-01 -3.022629e-01 4.305237e+00 -1.583463e-01 9.485377e-01 2.742310e-01 -2.280875e+00 3.528884e-01 -2.050252e-01 9.129263e-01 1.019944e+02
4.367800e-01 -2.444176e-01 8.657270e-01 4.550584e+00 4.029050e-01 9.136081e-01 5.466055e-02 -2.301282e+00 -8.042953e-01 3.249311e-01 4.975228e-01 1.024730e+02
9.205845e-01 2.920522e-01 -2.592871e-01 4.747571e+00 -2.763496e-01 9.562573e-01 9.593175e-02 -2.317527e+00 2.759622e-01 -1.665940e-02 9.610241e-01 1.028395e+02
4.493868e-01 -3.550834e-01 8.197361e-01 5.116395e+00 2.986274e-01 9.245337e-01 2.367681e-01 -2.339625e+00 -8.419460e-01 1.383952e-01 5.215109e-01 1.032797e+02
8.475689e-01 2.564114e-01 -4.646290e-01 5.321677e+00 -3.029002e-01 9.526449e-01 -2.681658e-02 -2.357513e+00 4.357504e-01 1.634651e-01 8.850993e-01 1.036490e+02
4.620091e-01 -3.676292e-01 8.070913e-01 5.471295e+00 2.216432e-01 9.290237e-01 2.962925e-01 -2.372410e+00 -8.587327e-01 4.199640e-02 5.106999e-01 1.039213e+02
8.534156e-01 1.901942e-01 -4.852917e-01 5.744192e+00 -2.794165e-01 9.529025e-01 -1.179123e-01 -2.390503e+00 4.400094e-01 2.362267e-01 8.663652e-01 1.042216e+02
5.912533e-01 -3.734161e-01 7.148287e-01 5.701121e+00 1.616526e-01 9.232347e-01 3.485773e-01 -2.404253e+00 -7.901190e-01 -9.054351e-02 6.062292e-01 1.048260e+02
9.010510e-01 6.335549e-02 -4.290608e-01 5.506647e+00 -1.720527e-01 9.603174e-01 -2.195187e-01 -2.411123e+00 3.981269e-01 2.716186e-01 8.761954e-01 1.055102e+02
7.805418e-01 -2.415940e-01 5.765300e-01 5.339431e+00 6.370950e-02 9.482381e-01 3.111039e-01 -2.416690e+00 -6.218486e-01 -2.060992e-01 7.555313e-01 1.060690e+02
9.146082e-01 1.495546e-02 -4.040646e-01 5.257948e+00 -1.201715e-01 9.642150e-01 -2.363224e-01 -2.425128e+00 3.860708e-01 2.646995e-01 8.836762e-01 1.064897e+02
6.415119e-01 -2.037722e-01 7.395535e-01 5.219372e+00 -3.127230e-03 9.633709e-01 2.681542e-01 -2.435737e+00 -7.671067e-01 -1.743369e-01 6.173767e-01 1.068364e+02
9.397919e-01 -6.203788e-02 -3.360692e-01 5.474911e+00 -1.483050e-02 9.750553e-01 -2.214661e-01 -2.453947e+00 3.414254e-01 2.131161e-01 9.154290e-01 1.071780e+02
4.395807e-01 -1.101207e-01 8.914271e-01 6.025821e+00 -1.152296e-01 9.773413e-01 1.775560e-01 -2.478881e+00 -8.907811e-01 -1.807689e-01 4.169312e-01 1.076021e+02
9.182069e-01 -1.836772e-01 -3.509399e-01 6.600819e+00 1.353738e-01 9.781546e-01 -1.577579e-01 -2.503378e+00 3.722500e-01 9.734628e-02 9.230134e-01 1.079744e+02
8.365903e-01 7.562132e-02 5.425847e-01 6.682112e+00 -1.652583e-01 9.791245e-01 1.183425e-01 -2.518080e+00 -5.223087e-01 -1.886708e-01 8.316230e-01 1.083318e+02
8.244344e-01 -1.292932e-01 -5.509911e-01 6.636419e+00 7.675819e-02 9.901041e-01 -1.174821e-01 -2.529742e+00 5.607282e-01 5.456321e-02 8.262002e-01 1.088377e+02
6.950844e-01 3.515383e-03 7.189195e-01 6.428765e+00 -5.801905e-02 9.970006e-01 5.122034e-02 -2.533424e+00 -7.165832e-01 -7.731349e-02 6.932036e-01 1.093193e+02
8.663040e-01 -1.152805e-01 -4.860328e-01 6.260318e+00 1.110761e-01 9.931016e-01 -3.756849e-02 -2.540460e+00 4.870108e-01 -2.144091e-02 8.731327e-01 1.098846e+02
7.009094e-01 3.668908e-02 7.123060e-01 6.183315e+00 -3.168918e-02 9.992918e-01 -2.028883e-02 -2.551383e+00 -7.125460e-01 -8.351764e-03 7.015757e-01 1.104214e+02
7.826741e-01 -3.036816e-02 -6.216904e-01 6.107941e+00 7.409490e-02 9.962526e-01 4.461675e-02 -2.560825e+00 6.180058e-01 -8.098446e-02 7.819913e-01 1.108730e+02
7.582336e-01 1.405360e-02 6.518315e-01 6.034629e+00 -5.263246e-03 9.998670e-01 -1.543491e-02 -2.572519e+00 -6.519617e-01 8.272519e-03 7.582067e-01 1.115103e+02
6.658786e-01 7.060579e-02 -7.427116e-01 5.964898e+00 5.778144e-03 9.949938e-01 9.976936e-02 -2.585836e+00 7.460378e-01 -7.072577e-02 6.621371e-01 1.122765e+02
8.325584e-01 -3.038765e-02 5.531031e-01 5.862254e+00 2.669091e-02 9.995351e-01 1.473826e-02 -2.595776e+00 -5.532938e-01 2.492368e-03 8.329824e-01 1.129769e+02
8.472190e-01 5.610579e-02 -5.282728e-01 5.810704e+00 -1.786836e-02 9.968543e-01 7.721558e-02 -2.609654e+00 5.309432e-01 -5.597914e-02 8.455564e-01 1.136759e+02
8.112804e-01 -7.236363e-02 5.801617e-01 5.699072e+00 8.957378e-02 9.959797e-01 -1.028588e-03 -2.618461e+00 -5.777549e-01 5.280175e-02 8.145006e-01 1.142534e+02
8.626387e-01 6.265544e-02 -5.019250e-01 5.443509e+00 -2.308284e-02 9.961410e-01 8.467699e-02 -2.619471e+00 5.052936e-01 -6.145979e-02 8.607561e-01 1.147637e+02
9.859198e-01 6.087385e-03 1.671080e-01 5.425026e+00 -1.580261e-02 9.982566e-01 5.686940e-02 -2.637088e+00 -1.664705e-01 -5.870941e-02 9.842971e-01 1.155997e+02
6.719906e-01 1.990893e-01 -7.132966e-01 5.438796e+00 -9.608684e-02 9.784838e-01 1.825835e-01 -2.660076e+00 7.342996e-01 -5.415598e-02 6.766618e-01 1.168109e+02
8.792324e-01 -1.337816e-01 4.572230e-01 5.369206e+00 1.400381e-01 9.899368e-01 2.036054e-02 -2.675899e+00 -4.553458e-01 4.612698e-02 8.891190e-01 1.177835e+02
7.241949e-01 2.514056e-01 -6.421347e-01 5.279422e+00 -1.476080e-01 9.661073e-01 2.117747e-01 -2.692153e+00 6.736124e-01 -5.858198e-02 7.367595e-01 1.188181e+02
9.572957e-01 -1.540998e-01 2.446186e-01 5.170886e+00 1.541974e-01 9.878598e-01 1.887211e-02 -2.712452e+00 -2.445571e-01 1.965337e-02 9.694357e-01 1.202553e+02
8.325073e-01 2.464962e-01 -4.961565e-01 5.087081e+00 -1.668155e-01 9.655350e-01 1.997870e-01 -2.729028e+00 5.283031e-01 -8.355753e-02 8.449343e-01 1.213415e+02
8.484243e-01 -2.138459e-01 4.841965e-01 5.039503e+00 2.435156e-01 9.698956e-01 1.659705e-03 -2.745085e+00 -4.699749e-01 1.165013e-01 8.749577e-01 1.221725e+02
8.609595e-01 2.941377e-01 -4.150082e-01 5.082949e+00 -2.206395e-01 9.510610e-01 2.163359e-01 -2.766507e+00 4.583307e-01 -9.468921e-02 8.837234e-01 1.230317e+02
9.094697e-01 -2.418342e-01 3.382028e-01 5.123144e+00 2.649230e-01 9.639928e-01 -2.310143e-02 -2.783573e+00 -3.204384e-01 1.106078e-01 9.407896e-01 1.236741e+02
9.470336e-01 2.584532e-01 -1.906024e-01 5.096042e+00 -2.301096e-01 9.601513e-01 1.586160e-01 -2.799006e+00 2.240020e-01 -1.063552e-01 9.687681e-01 1.243661e+02
7.421552e-01 -3.249055e-01 5.862099e-01 5.026055e+00 3.678924e-01 9.285815e-01 4.890390e-02 -2.811540e+00 -5.602329e-01 1.793679e-01 8.086818e-01 1.249604e+02
9.250117e-01 3.027738e-01 -2.295243e-01 5.019185e+00 -2.934258e-01 9.530609e-01 7.467402e-02 -2.824511e+00 2.413600e-01 -1.725966e-03 9.704341e-01 1.253654e+02
8.009182e-01 -3.633062e-01 4.759608e-01 5.048158e+00 3.365874e-01 9.305863e-01 1.439378e-01 -2.841450e+00 -4.952160e-01 4.492005e-02 8.676078e-01 1.259526e+02
8.038318e-01 3.816320e-01 -4.563019e-01 5.136505e+00 -3.660416e-01 9.219898e-01 1.262868e-01 -2.859566e+00 4.689008e-01 6.551208e-02 8.808179e-01 1.265381e+02
9.137242e-01 -3.563354e-01 1.952772e-01 5.212190e+00 3.449549e-01 9.342298e-01 9.066853e-02 -2.877900e+00 -2.147422e-01 -1.548420e-02 9.765480e-01 1.272039e+02
7.346834e-01 4.651462e-01 -4.938414e-01 5.222220e+00 -3.845010e-01 8.852305e-01 2.617746e-01 -2.894972e+00 5.589269e-01 -2.438904e-03 8.292134e-01 1.279738e+02
8.732563e-01 -3.831138e-01 3.010769e-01 5.267497e+00 4.111865e-01 9.109364e-01 -3.347606e-02 -2.909113e+00 -2.614368e-01 1.530319e-01 9.530121e-01 1.284390e+02
8.565237e-01 4.492771e-01 -2.540024e-01 5.387013e+00 -3.875611e-01 8.849100e-01 2.583227e-01 -2.927487e+00 3.408278e-01 -1.228181e-01 9.320687e-01 1.289866e+02
7.805849e-01 -4.501090e-01 4.336924e-01 5.487458e+00 4.763976e-01 8.776081e-01 5.338014e-02 -2.950634e+00 -4.046388e-01 1.649423e-01 8.994785e-01 1.297945e+02
8.971942e-01 4.379994e-01 -5.656106e-02 5.537690e+00 -4.338934e-01 8.980821e-01 7.200751e-02 -2.972694e+00 8.233572e-02 -4.006324e-02 9.957991e-01 1.306210e+02
7.342510e-01 -5.121928e-01 4.455714e-01 5.583152e+00 4.783498e-01 8.560640e-01 1.957958e-01 -2.990156e+00 -4.817228e-01 6.937576e-02 8.735732e-01 1.311941e+02
8.977727e-01 4.304410e-01 -9.340618e-02 5.687096e+00 -4.377072e-01 8.955399e-01 -8.012918e-02 -3.010737e+00 4.915808e-02 1.128223e-01 9.923984e-01 1.318743e+02
8.918745e-01 -4.503072e-01 4.222850e-02 5.694468e+00 4.271615e-01 8.693410e-01 2.485543e-01 -3.032720e+00 -1.486368e-01 -2.036409e-01 9.676970e-01 1.328748e+02
8.797059e-01 3.301376e-01 3.422378e-01 5.724015e+00 -2.243749e-01 9.227423e-01 -3.133728e-01 -3.056692e+00 -4.192535e-01 1.988863e-01 8.858164e-01 1.339288e+02
9.625786e-01 -2.540545e-01 9.433344e-02 6.178300e+00 1.913292e-01 8.836045e-01 4.273595e-01 -3.086384e+00 -1.919261e-01 -3.933183e-01 8.991469e-01 1.346245e+02
9.739847e-01 2.096565e-01 8.601183e-02 6.677560e+00 -1.684004e-01 9.236052e-01 -3.443757e-01 -3.116041e+00 -1.516416e-01 3.209323e-01 9.348836e-01 1.352563e+02
9.910618e-01 -1.334035e-01 -3.154935e-04 7.605968e+00 1.196116e-01 8.875489e-01 4.449157e-01 -3.142824e+00 -5.907330e-02 -4.409766e-01 8.955724e-01 1.355816e+02
9.788455e-01 1.720445e-01 -1.107350e-01 8.197348e+00 -2.000634e-01 9.181875e-01 -3.419158e-01 -3.163936e+00 4.285079e-02 3.568367e-01 9.331835e-01 1.358450e+02
9.777647e-01 -1.765589e-01 -1.131511e-01 8.155203e+00 2.077153e-01 8.895600e-01 4.068629e-01 -3.175871e+00 2.881945e-02 -4.213194e-01 9.064543e-01 1.363906e+02
9.602633e-01 1.478988e-01 2.366861e-01 8.090607e+00 -5.295660e-02 9.291945e-01 -3.657776e-01 -3.192164e+00 -2.740255e-01 3.387087e-01 9.001036e-01 1.372748e+02
9.938469e-01 -1.061004e-01 -3.179799e-02 8.014739e+00 1.098052e-01 9.061128e-01 4.085370e-01 -3.204465e+00 -1.453336e-02 -4.095148e-01 9.121877e-01 1.379556e+02
9.045875e-01 3.087943e-02 4.251682e-01 8.126186e+00 1.478165e-01 9.127711e-01 -3.807876e-01 -3.220654e+00 -3.998397e-01 4.073025e-01 8.211168e-01 1.383816e+02
9.836247e-01 1.285553e-01 -1.263169e-01 8.234058e+00 -5.360435e-02 8.778276e-01 4.759678e-01 -3.241087e+00 1.720726e-01 -4.614025e-01 8.703440e-01 1.390232e+02
9.941963e-01 -5.419509e-02 9.293311e-02 8.311839e+00 8.441727e-02 9.284908e-01 -3.616332e-01 -3.263235e+00 -6.668880e-02 3.673795e-01 9.276771e-01 1.399366e+02
9.965404e-01 7.764187e-02 -2.964841e-02 8.577607e+00 -5.650079e-02 8.945236e-01 4.434357e-01 -3.279889e+00 6.095038e-02 -4.402265e-01 8.958157e-01 1.403229e+02
9.953809e-01 -6.784135e-02 6.792988e-02 8.581585e+00 8.785870e-02 9.289303e-01 -3.596795e-01 -3.294969e+00 -3.870098e-02 3.639863e-01 9.305999e-01 1.409369e+02
9.904635e-01 1.078887e-01 -8.568627e-02 8.587678e+00 -5.519655e-02 8.805638e-01 4.707024e-01 -3.313580e+00 1.262357e-01 -4.614839e-01 8.781214e-01 1.417510e+02
9.828339e-01 -7.440098e-02 1.688253e-01 8.625984e+00 1.335034e-01 9.183911e-01 -3.724709e-01 -3.332851e+00 -1.273354e-01 3.886158e-01 9.125588e-01 1.424901e+02
9.934226e-01 1.144240e-01 4.315281e-03 8.638050e+00 -1.036741e-01 8.828147e-01 4.581375e-01 -3.350246e+00 4.861234e-02 -4.555715e-01 8.888709e-01 1.431558e+02
9.953139e-01 -9.458676e-02 2.008961e-02 8.659950e+00 9.567619e-02 9.332173e-01 -3.463402e-01 -3.371879e+00 1.401122e-02 3.466393e-01 9.378939e-01 1.440832e+02
9.939474e-01 9.555979e-02 5.419275e-02 8.773201e+00 -1.097740e-01 8.831002e-01 4.561619e-01 -3.396204e+00 -4.266899e-03 -4.593499e-01 8.882452e-01 1.450035e+02
9.670735e-01 -1.536923e-01 2.028486e-01 8.928184e+00 2.156411e-01 9.181541e-01 -3.324034e-01 -3.420057e+00 -1.351584e-01 3.652010e-01 9.210648e-01 1.457970e+02
9.744961e-01 2.174462e-01 -5.544876e-02 9.051495e+00 -1.716884e-01 8.815631e-01 4.397380e-01 -3.439343e+00 1.445010e-01 -4.190031e-01 8.964128e-01 1.464065e+02
9.836330e-01 -1.575397e-01 8.744963e-02 9.264997e+00 1.780723e-01 9.240220e-01 -3.383394e-01 -3.459396e+00 -2.750351e-02 3.483741e-01 9.369520e-01 1.469462e+02
9.836937e-01 1.674960e-01 6.551123e-02 9.476371e+00 -1.795145e-01 8.921016e-01 4.146436e-01 -3.477986e+00 1.100849e-02 -4.196425e-01 9.076227e-01 1.474210e+02
9.434341e-01 -2.277369e-01 2.409731e-01 9.606423e+00 2.986094e-01 8.994791e-01 -3.190139e-01 -3.492965e+00 -1.440990e-01 3.729254e-01 9.166036e-01 1.478061e+02
9.604313e-01 2.331501e-01 1.523574e-01 9.707092e+00 -2.710225e-01 9.084012e-01 3.183615e-01 -3.506023e+00 -6.417566e-02 -3.470566e-01 9.356459e-01 1.481262e+02
9.321229e-01 -2.465511e-01 -2.652536e-01 9.627822e+00 1.502368e-01 9.297215e-01 -3.362243e-01 -3.510623e+00 3.295084e-01 2.735515e-01 9.036558e-01 1.484386e+02
9.066876e-01 1.109308e-01 4.069544e-01 9.554979e+00 -2.387696e-01 9.303188e-01 2.783811e-01 -3.518555e+00 -3.477163e-01 -3.495730e-01 8.699954e-01 1.487888e+02
9.197638e-01 -2.630528e-01 -2.912692e-01 9.505882e+00 1.696408e-01 9.356916e-01 -3.093593e-01 -3.526690e+00 3.539160e-01 2.351264e-01 9.052398e-01 1.490362e+02
9.319057e-01 2.647760e-01 -2.478817e-01 9.253501e+00 -1.258156e-01 8.769847e-01 4.637546e-01 -3.522736e+00 3.401795e-01 -4.009882e-01 8.505800e-01 1.493235e+02
8.500725e-01 2.241579e-02 -5.261885e-01 8.977816e+00 -2.265423e-01 9.175049e-01 -3.268996e-01 -3.516205e+00 4.754528e-01 3.970923e-01 7.850238e-01 1.495689e+02
