9.999993e-01 1.105675e-03 4.289217e-04 -8.130796e-02 -1.105008e-03 9.999982e-01 -1.551954e-03 -8.078944e-03 -4.306372e-04 1.551479e-03 9.999987e-01 4.007359e-01
9.999991e-01 -1.648611e-05 1.354158e-03 -1.315135e-01 1.664076e-05 1.000000e+00 -1.141765e-04 -2.414498e-02 -1.354156e-03 1.141996e-04 9.999991e-01 1.475543e+00
9.999925e-01 6.195894e-04 -3.828180e-03 -1.601707e-01 -6.207331e-04 9.999998e-01 -2.975866e-04 -3.001327e-02 3.827994e-03 2.999599e-04 9.999926e-01 1.718061e+00
9.999999e-01 -1.568553e-04 -3.055651e-04 -1.244029e-01 1.570422e-04 9.999998e-01 6.117449e-04 -2.800663e-02 3.054695e-04 -6.117921e-04 9.999998e-01 1.246328e+00
9.999925e-01 4.754325e-04 -3.841649e-03 -8.039703e-02 -4.762454e-04 9.999999e-01 -2.106872e-04 -2.456268e-02 3.841548e-03 2.125145e-04 9.999926e-01 6.802890e-01
9.999997e-01 -2.145011e-04 6.987432e-04 -5.978233e-02 2.142090e-04 9.999999e-01 4.180511e-04 -1.681321e-02 -6.988325e-04 -4.179006e-04 9.999997e-01 -6.580050e-02
9.999800e-01 7.407271e-04 -6.287318e-03 6.071535e-02 -7.423953e-04 9.999997e-01 -2.629914e-04 -2.563907e-02 6.287121e-03 2.676531e-04 9.999802e-01 -6.508290e-02
9.999980e-01 -2.569436e-04 2.005659e-03 9.784393e-02 2.562757e-04 9.999999e-01 3.332611e-04 -2.934872e-02 -2.005744e-03 -3.327457e-04 9.999979e-01 -2.896331e-01
9.999849e-01 8.908794e-04 -5.416803e-03 5.556159e-02 -8.964024e-04 9.999991e-01 -1.017258e-03 -3.745062e-02 5.415892e-03 1.022098e-03 9.999848e-01 -2.494476e-02
9.999977e-01 -2.244235e-04 2.118580e-03 -1.013156e-03 2.231852e-04 9.999998e-01 5.847417e-04 -4.357363e-02 -2.118711e-03 -5.842668e-04 9.999976e-01 1.400569e-01
9.999993e-01 1.050409e-03 -6.140063e-04 -3.508554e-01 -1.051891e-03 9.999965e-01 -2.417912e-03 -3.823622e-02 6.114640e-04 2.418556e-03 9.999969e-01 5.552876e-01
9.999952e-01 -4.743672e-04 3.064173e-03 -6.803428e-01 4.692967e-04 9.999985e-01 1.655276e-03 -2.137476e-02 -3.064953e-03 -1.653830e-03 9.999939e-01 -1.154589e-01
9.999987e-01 1.289579e-03 9.320449e-04 -9.888045e-01 -1.287004e-03 9.999954e-01 -2.757638e-03 -8.845720e-04 -9.355971e-04 2.756434e-03 9.999958e-01 -1.059365e+00
9.999966e-01 -7.058723e-04 2.512362e-03 -1.301697e+00 7.008152e-04 9.999977e-01 2.013189e-03 1.792953e-02 -2.513777e-03 -2.011420e-03 9.999948e-01 -1.729626e+00
9.999820e-01 1.473112e-03 -5.817596e-03 -1.306819e+00 -1.489367e-03 9.999950e-01 -2.790785e-03 1.309603e-02 5.813456e-03 2.799398e-03 9.999792e-01 -1.738761e+00
9.999651e-01 -5.264464e-04 8.343635e-03 -1.525800e+00 5.144672e-04 9.999988e-01 1.437818e-03 1.658949e-02 -8.344382e-03 -1.433474e-03 9.999642e-01 -1.762506e+00
9.999617e-01 1.226116e-03 -8.661509e-03 -1.553812e+00 -1.246493e-03 9.999965e-01 -2.347610e-03 1.122205e-02 8.658600e-03 2.358316e-03 9.999597e-01 -1.317666e+00
9.999934e-01 -7.699016e-04 3.547011e-03 -1.499032e+00 7.619315e-04 9.999972e-01 2.247809e-03 8.547124e-04 -3.548732e-03 -2.245091e-03 9.999912e-01 -1.013927e+00
9.999692e-01 1.097090e-03 -7.771951e-03 -1.420345e+00 -1.107738e-03 9.999985e-01 -1.365873e-03 2.471521e-03 7.770440e-03 1.374440e-03 9.999689e-01 -1.497119e+00
9.999852e-01 -7.570819e-04 5.386315e-03 -1.420718e+00 7.469164e-04 9.999979e-01 1.889036e-03 1.065983e-02 -5.387733e-03 -1.884985e-03 9.999837e-01 -2.272715e+00
9.999561e-01 1.400173e-03 -9.270106e-03 -1.374109e+00 -1.423985e-03 9.999957e-01 -2.562609e-03 5.332483e-04 9.266478e-03 2.575696e-03 9.999537e-01 -2.094410e+00
9.999356e-01 -4.116971e-04 1.134068e-02 -1.350566e+00 4.025280e-04 9.999996e-01 8.107899e-04 -2.684059e-02 -1.134101e-02 -8.061720e-04 9.999354e-01 -5.481829e-01
9.999945e-01 1.346179e-03 -3.041835e-03 -1.488488e+00 -1.359211e-03 9.999899e-01 -4.286250e-03 -4.965748e-02 3.036034e-03 4.290360e-03 9.999862e-01 1.612707e+00
9.999556e-01 -4.866203e-04 9.412140e-03 -1.648754e+00 4.750804e-04 9.999991e-01 1.228266e-03 -6.457048e-02 -9.412729e-03 -1.223740e-03 9.999550e-01 3.395610e+00
9.999773e-01 1.276293e-03 -6.616798e-03 -1.621574e+00 -1.297128e-03 9.999942e-01 -3.145471e-03 -9.233727e-02 6.612745e-03 3.153982e-03 9.999732e-01 4.999997e+00
9.999670e-01 -5.222708e-04 8.108356e-03 -1.644291e+00 5.112941e-04 9.999990e-01 1.355777e-03 -1.135579e-01 -8.109055e-03 -1.351586e-03 9.999662e-01 6.335625e+00
9.999757e-01 1.190504e-03 -6.863649e-03 -1.869465e+00 -1.210334e-03 9.999951e-01 -2.885641e-03 -1.137508e-01 6.860180e-03 2.893877e-03 9.999723e-01 6.766811e+00
9.999986e-01 -7.569896e-04 1.517451e-03 -1.740574e+00 7.521922e-04 9.999947e-01 3.159562e-03 -1.219315e-01 -1.519834e-03 -3.158415e-03 9.999939e-01 6.707259e+00
9.999911e-01 1.593735e-03 -3.898026e-03 -1.639429e+00 -1.607952e-03 9.999921e-01 -3.646760e-03 -1.363030e-01 3.892183e-03 3.652995e-03 9.999858e-01 7.068860e+00
9.999957e-01 -1.071004e-03 2.727327e-03 -1.654615e+00 1.061740e-03 9.999937e-01 3.395966e-03 -1.434869e-01 -2.730946e-03 -3.393055e-03 9.999905e-01 7.238462e+00
9.999701e-01 1.567723e-03 -7.573225e-03 -1.582437e+00 -1.594446e-03 9.999925e-01 -3.523911e-03 -1.460917e-01 7.567643e-03 3.535880e-03 9.999651e-01 6.973617e+00
9.999905e-01 -1.013927e-03 4.233478e-03 -1.552927e+00 9.993487e-04 9.999936e-01 3.444240e-03 -1.496674e-01 -4.236942e-03 -3.439976e-03 9.999851e-01 6.823638e+00
9.999720e-01 1.400550e-03 -7.353925e-03 -1.560527e+00 -1.424161e-03 9.999938e-01 -3.206359e-03 -1.493908e-01 7.349389e-03 3.216741e-03 9.999678e-01 6.417838e+00
9.999923e-01 -8.562231e-04 3.837948e-03 -1.528168e+00 8.438364e-04 9.999944e-01 3.227899e-03 -1.511881e-01 -3.840690e-03 -3.224634e-03 9.999874e-01 6.067650e+00
9.999733e-01 1.272729e-03 -7.202538e-03 -1.527625e+00 -1.292182e-03 9.999955e-01 -2.696929e-03 -1.473342e-01 7.199073e-03 2.706163e-03 9.999704e-01 5.503503e+00
9.999901e-01 -1.011658e-03 4.337365e-03 -1.531053e+00 9.962938e-04 9.999932e-01 3.542978e-03 -1.400735e-01 -4.340919e-03 -3.538621e-03 9.999843e-01 4.775212e+00
9.999890e-01 1.232382e-03 -4.522451e-03 -1.579783e+00 -1.247197e-03 9.999939e-01 -3.274464e-03 -1.275906e-01 4.518387e-03 3.280068e-03 9.999844e-01 3.759955e+00
9.999957e-01 -9.991203e-04 2.741294e-03 -1.606233e+00 9.899415e-04 9.999939e-01 3.347703e-03 -1.168360e-01 -2.744622e-03 -3.344974e-03 9.999906e-01 2.884395e+00
9.999952e-01 1.156820e-03 -2.860120e-03 -1.671653e+00 -1.165970e-03 9.999942e-01 -3.199537e-03 -1.030219e-01 2.856402e-03 3.202855e-03 9.999908e-01 1.855439e+00
9.999961e-01 -9.231579e-04 -2.625810e-03 -1.628410e+00 9.327102e-04 9.999929e-01 3.638945e-03 -1.010265e-01 2.622433e-03 -3.641380e-03 9.999899e-01 1.381259e+00
9.999968e-01 1.269206e-03 -2.166577e-03 -1.602180e+00 -1.275452e-03 9.999950e-01 -2.883999e-03 -9.884944e-02 2.162906e-03 2.886753e-03 9.999935e-01 9.061862e-01
9.999934e-01 -9.993964e-04 -3.507200e-03 -1.551487e+00 1.011796e-03 9.999932e-01 3.535522e-03 -9.862197e-02 3.503643e-03 -3.539047e-03 9.999876e-01 5.318281e-01
9.999937e-01 1.281988e-03 -3.324457e-03 -1.478554e+00 -1.292120e-03 9.999945e-01 -3.047542e-03 -9.930247e-02 3.320531e-03 3.051817e-03 9.999898e-01 2.190374e-01
9.999915e-01 -1.005350e-03 -4.010927e-03 -1.368513e+00 1.020195e-03 9.999926e-01 3.700797e-03 -1.046133e-01 4.007177e-03 -3.704857e-03 9.999851e-01 9.529728e-02
9.999942e-01 1.347293e-03 -3.114501e-03 -1.287559e+00 -1.357883e-03 9.999933e-01 -3.400708e-03 -1.120505e-01 3.109898e-03 3.404917e-03 9.999894e-01 1.500892e-01
9.999928e-01 -1.007751e-03 -3.651966e-03 -1.229420e+00 1.021236e-03 9.999927e-01 3.692549e-03 -1.167337e-01 3.648218e-03 -3.696251e-03 9.999865e-01 1.100031e-01
9.999956e-01 1.379764e-03 -2.610534e-03 -1.156234e+00 -1.388271e-03 9.999937e-01 -3.259353e-03 -1.185947e-01 2.606020e-03 3.262963e-03 9.999913e-01 -1.231220e-01
9.999893e-01 -9.711065e-04 -4.514122e-03 -1.081346e+00 9.859791e-04 9.999941e-01 3.293604e-03 -1.273509e-01 4.510897e-03 -3.298019e-03 9.999844e-01 2.219333e-02
9.999986e-01 1.419650e-03 -8.330550e-04 -1.011253e+00 -1.422661e-03 9.999924e-01 -3.624482e-03 -1.458663e-01 8.279028e-04 3.625662e-03 9.999931e-01 7.109311e-01
9.999925e-01 -1.111344e-03 -3.714516e-03 -9.635547e-01 1.122977e-03 9.999945e-01 3.131139e-03 -1.639537e-01 3.711016e-03 -3.135286e-03 9.999882e-01 1.435147e+00
9.999921e-01 1.415939e-03 -3.705534e-03 -8.797495e-01 -1.427397e-03 9.999942e-01 -3.091371e-03 -1.771039e-01 3.701135e-03 3.096635e-03 9.999884e-01 1.813402e+00
9.999948e-01 -1.016751e-03 -3.064472e-03 -7.897274e-01 1.025606e-03 9.999953e-01 2.889484e-03 -1.940860e-01 3.061520e-03 -2.892611e-03 9.999911e-01 2.306427e+00
9.999963e-01 1.410635e-03 -2.309318e-03 -7.161645e-01 -1.418232e-03 9.999936e-01 -3.291665e-03 -2.137067e-01 2.304660e-03 3.294927e-03 9.999919e-01 2.998010e+00
9.999932e-01 -1.039528e-03 -3.533390e-03 -6.510720e-01 1.050195e-03 9.999949e-01 3.018212e-03 -2.301696e-01 3.530235e-03 -3.021901e-03 9.999892e-01 3.587162e+00
9.999928e-01 1.391882e-03 -3.535841e-03 -5.125147e-01 -1.402555e-03 9.999945e-01 -3.017819e-03 -2.427271e-01 3.531621e-03 3.022756e-03 9.999892e-01 3.838930e+00
9.999962e-01 -1.100754e-03 -2.544412e-03 -4.020007e-01 1.109212e-03 9.999939e-01 3.325281e-03 -2.511929e-01 2.540736e-03 -3.328089e-03 9.999912e-01 3.922277e+00
9.999929e-01 1.483107e-03 -3.462888e-03 -2.901754e-01 -1.494362e-03 9.999936e-01 -3.249802e-03 -2.624214e-01 3.458045e-03 3.254953e-03 9.999887e-01 4.144763e+00
9.999960e-01 -9.746265e-04 -2.652327e-03 -1.937424e-01 9.837692e-04 9.999936e-01 3.447907e-03 -2.740775e-01 2.648949e-03 -3.450502e-03 9.999905e-01 4.541964e+00
9.999949e-01 1.271906e-03 -2.916561e-03 -9.136980e-02 -1.279367e-03 9.999959e-01 -2.557809e-03 -2.699644e-01 2.913295e-03 2.561526e-03 9.999925e-01 3.945101e+00
9.999268e-01 -1.281379e-03 -1.203185e-02 8.543612e-01 1.326967e-03 9.999920e-01 3.781735e-03 -2.905288e-01 1.202691e-02 -3.797423e-03 9.999205e-01 3.587545e+00
9.999897e-01 1.260737e-03 4.353258e-03 1.113683e+00 -1.246260e-03 9.999937e-01 -3.326673e-03 -2.868975e-01 -4.357425e-03 3.321213e-03 9.999850e-01 3.004618e+00
9.999394e-01 -8.579591e-04 -1.097907e-02 1.184021e+00 8.937592e-04 9.999943e-01 3.256261e-03 -2.896972e-01 1.097622e-02 -3.265876e-03 9.999344e-01 2.914257e+00
9.999918e-01 1.343462e-03 3.808859e-03 1.325482e+00 -1.332481e-03 9.999950e-01 -2.884065e-03 -3.003980e-01 -3.812715e-03 2.878965e-03 9.999886e-01 3.072343e+00
9.999727e-01 -1.131697e-03 -7.297523e-03 1.370293e+00 1.159092e-03 9.999923e-01 3.750800e-03 -2.920117e-01 7.293222e-03 -3.759156e-03 9.999663e-01 2.296744e+00
9.999984e-01 1.385252e-03 1.109227e-03 1.412819e+00 -1.380868e-03 9.999913e-01 -3.944152e-03 -2.891184e-01 -1.114682e-03 3.942613e-03 9.999916e-01 1.925532e+00
9.999688e-01 -8.539791e-04 -7.855904e-03 1.455180e+00 8.845274e-04 9.999921e-01 3.885902e-03 -3.004151e-01 7.852523e-03 -3.892728e-03 9.999616e-01 2.349084e+00
9.999989e-01 1.450045e-03 1.337299e-05 1.502997e+00 -1.449981e-03 9.999912e-01 -3.946073e-03 -3.083268e-01 -1.909518e-05 3.946049e-03 9.999922e-01 2.633717e+00
9.999774e-01 -1.022609e-03 -6.650412e-03 1.543880e+00 1.048122e-03 9.999921e-01 3.833846e-03 -3.209972e-01 6.646439e-03 -3.840729e-03 9.999705e-01 3.086269e+00
9.999989e-01 1.464758e-03 -3.085501e-04 1.575967e+00 -1.465741e-03 9.999938e-01 -3.207611e-03 -3.223177e-01 3.038495e-04 3.208058e-03 9.999948e-01 2.957217e+00
9.999767e-01 -1.162638e-03 -6.733405e-03 1.645048e+00 1.186809e-03 9.999929e-01 3.586838e-03 -3.202952e-01 6.729187e-03 -3.594745e-03 9.999709e-01 2.615302e+00
9.999982e-01 1.635906e-03 -1.000423e-03 1.752969e+00 -1.639445e-03 9.999924e-01 -3.547415e-03 -3.237961e-01 9.946123e-04 3.549048e-03 9.999932e-01 2.618503e+00
9.999792e-01 -1.242957e-03 -6.325080e-03 1.834930e+00 1.267455e-03 9.999917e-01 3.870589e-03 -3.281015e-01 6.320217e-03 -3.878525e-03 9.999725e-01 2.523388e+00
9.999981e-01 1.646419e-03 -1.043673e-03 1.924831e+00 -1.650147e-03 9.999922e-01 -3.581163e-03 -3.350527e-01 1.037769e-03 3.582878e-03 9.999930e-01 2.578872e+00
9.999962e-01 -1.245600e-03 -2.479436e-03 1.916448e+00 1.256205e-03 9.999901e-01 4.280172e-03 -3.286353e-01 2.474080e-03 -4.283270e-03 9.999878e-01 1.928611e+00
9.999928e-01 1.739484e-03 -3.383226e-03 1.918864e+00 -1.754935e-03 9.999880e-01 -4.569354e-03 -3.360579e-01 3.375236e-03 4.575258e-03 9.999838e-01 2.012908e+00
9.999988e-01 -1.230687e-03 -9.384057e-04 1.969052e+00 1.234455e-03 9.999911e-01 4.025734e-03 -3.551618e-01 9.334433e-04 -4.026887e-03 9.999915e-01 2.774091e+00
9.999904e-01 1.624063e-03 -4.058742e-03 2.016108e+00 -1.642327e-03 9.999885e-01 -4.500523e-03 -3.719029e-01 4.051386e-03 4.507145e-03 9.999816e-01 3.456269e+00
9.999985e-01 -1.128248e-03 -1.333888e-03 2.072019e+00 1.133749e-03 9.999908e-01 4.130263e-03 -3.895326e-01 1.329216e-03 -4.131768e-03 9.999906e-01 4.100875e+00
9.999812e-01 1.571600e-03 -5.923563e-03 2.142860e+00 -1.595356e-03 9.999907e-01 -4.007807e-03 -4.010298e-01 5.917209e-03 4.017181e-03 9.999744e-01 4.420351e+00
9.999990e-01 -1.335891e-03 -4.807659e-04 2.212344e+00 1.337937e-03 9.999899e-01 4.281530e-03 -4.044590e-01 4.750417e-04 -4.282168e-03 9.999907e-01 4.295203e+00
9.999897e-01 1.886933e-03 -4.137109e-03 2.222978e+00 -1.904007e-03 9.999897e-01 -4.126809e-03 -4.069628e-01 4.129279e-03 4.134643e-03 9.999829e-01 4.193652e+00
9.999957e-01 -1.428510e-03 -2.558000e-03 2.255974e+00 1.439798e-03 9.999892e-01 4.416603e-03 -4.138964e-01 2.551663e-03 -4.420267e-03 9.999870e-01 4.374433e+00
9.999877e-01 1.850363e-03 -4.592914e-03 2.247304e+00 -1.870178e-03 9.999889e-01 -4.313773e-03 -4.151215e-01 4.584881e-03 4.322309e-03 9.999801e-01 4.469372e+00
9.999973e-01 -1.437459e-03 -1.831166e-03 2.270271e+00 1.445623e-03 9.999890e-01 4.464669e-03 -4.123489e-01 1.824728e-03 -4.467303e-03 9.999884e-01 4.299135e+00
9.999855e-01 1.936888e-03 -5.019229e-03 2.344849e+00 -1.958296e-03 9.999890e-01 -4.263856e-03 -4.167987e-01 5.010914e-03 4.273622e-03 9.999783e-01 4.251131e+00
9.999912e-01 -1.024378e-03 4.056535e-03 2.417295e+00 1.011829e-03 9.999947e-01 3.094401e-03 -4.448137e-01 -4.059683e-03 -3.090269e-03 9.999870e-01 5.513398e+00
9.999884e-01 1.860051e-03 4.437735e-03 2.406564e+00 -1.832134e-03 9.999786e-01 -6.286496e-03 -4.843706e-01 -4.449333e-03 6.278292e-03 9.999704e-01 7.826469e+00
9.999840e-01 -1.240849e-03 5.513490e-03 2.367305e+00 1.225966e-03 9.999956e-01 2.701886e-03 -5.223824e-01 -5.516818e-03 -2.695083e-03 9.999812e-01 1.021116e+01
9.999980e-01 1.957562e-03 3.103650e-04 2.431606e+00 -1.955886e-03 9.999840e-01 -5.313188e-03 -5.629681e-01 -3.207612e-04 5.312570e-03 9.999858e-01 1.230130e+01
9.999542e-01 -1.087335e-03 9.505745e-03 2.466547e+00 1.068987e-03 9.999976e-01 1.935098e-03 -6.096775e-01 -9.507826e-03 -1.924847e-03 9.999529e-01 1.486543e+01
9.999979e-01 1.508926e-03 -1.408904e-03 2.531387e+00 -1.516167e-03 9.999856e-01 -5.152576e-03 -6.589756e-01 1.401108e-03 5.154700e-03 9.999857e-01 1.723824e+01
9.999551e-01 -8.736576e-04 9.431592e-03 2.581310e+00 8.553243e-04 9.999977e-01 1.947694e-03 -7.092079e-01 -9.433272e-03 -1.939539e-03 9.999536e-01 1.968114e+01
9.999856e-01 1.099060e-03 -5.259188e-03 2.590049e+00 -1.122656e-03 9.999893e-01 -4.485818e-03 -7.440345e-01 5.254202e-03 4.491657e-03 9.999761e-01 2.145900e+01
9.999994e-01 -7.255786e-04 -8.221806e-04 2.691412e+00 7.290511e-04 9.999908e-01 4.231018e-03 -7.644929e-01 8.191034e-04 -4.231614e-03 9.999907e-01 2.209238e+01
9.999742e-01 9.875514e-04 -7.119787e-03 2.871339e+00 -1.011645e-03 9.999938e-01 -3.381152e-03 -7.724360e-01 7.116404e-03 3.388267e-03 9.999689e-01 2.193621e+01
9.999976e-01 -9.111649e-04 1.981445e-03 2.952264e+00 9.034903e-04 9.999921e-01 3.870759e-03 -7.709647e-01 -1.984956e-03 -3.868959e-03 9.999905e-01 2.142717e+01
9.999761e-01 1.073221e-03 -6.828459e-03 3.000086e+00 -1.093628e-03 9.999949e-01 -2.985473e-03 -7.690902e-01 6.825220e-03 2.992869e-03 9.999722e-01 2.096475e+01
9.999937e-01 -9.121116e-04 -3.417388e-03 3.442574e+00 9.256191e-04 9.999918e-01 3.953036e-03 -7.800277e-01 3.413754e-03 -3.956174e-03 9.999863e-01 2.079333e+01
9.999920e-01 1.387458e-03 -3.757183e-03 3.645024e+00 -1.402053e-03 9.999915e-01 -3.884633e-03 -7.989767e-01 3.751761e-03 3.889869e-03 9.999854e-01 2.134007e+01
9.999804e-01 -1.356233e-03 -6.107185e-03 4.065671e+00 1.385309e-03 9.999877e-01 4.759199e-03 -8.140003e-01 6.100655e-03 -4.767565e-03 9.999700e-01 2.133385e+01
9.999973e-01 1.358463e-03 1.879887e-03 4.178386e+00 -1.351053e-03 9.999913e-01 -3.937805e-03 -8.078658e-01 -1.885220e-03 3.935254e-03 9.999905e-01 2.056384e+01
9.999708e-01 -1.333292e-03 -7.523450e-03 4.322160e+00 1.369825e-03 9.999873e-01 4.852822e-03 -8.066801e-01 7.516885e-03 -4.862985e-03 9.999599e-01 2.001233e+01
9.999984e-01 1.381672e-03 1.171611e-03 4.483188e+00 -1.376881e-03 9.999907e-01 -4.080587e-03 -8.046707e-01 -1.177238e-03 4.078967e-03 9.999910e-01 1.942869e+01
9.999733e-01 -1.410021e-03 -7.170040e-03 4.628550e+00 1.445266e-03 9.999869e-01 4.912777e-03 -8.032344e-01 7.163019e-03 -4.923008e-03 9.999622e-01 1.886999e+01
9.999991e-01 1.355770e-03 2.358765e-04 4.858086e+00 -1.354861e-03 9.999918e-01 -3.812295e-03 -8.027066e-01 -2.410435e-04 3.811972e-03 9.999927e-01 1.828578e+01
9.999840e-01 -1.279444e-03 -5.516525e-03 4.943702e+00 1.303316e-03 9.999898e-01 4.325977e-03 -8.022166e-01 5.510934e-03 -4.333097e-03 9.999754e-01 1.781047e+01
9.999989e-01 1.475136e-03 2.384650e-04 5.004781e+00 -1.474295e-03 9.999928e-01 -3.488817e-03 -8.034084e-01 -2.436101e-04 3.488461e-03 9.999939e-01 1.741911e+01
9.999893e-01 -1.460717e-03 -4.381693e-03 5.084029e+00 1.480090e-03 9.999891e-01 4.421341e-03 -7.979068e-01 4.375187e-03 -4.427778e-03 9.999806e-01 1.670344e+01
9.999959e-01 1.430367e-03 2.460822e-03 5.127315e+00 -1.420948e-03 9.999917e-01 -3.825209e-03 -7.873751e-01 -2.466273e-03 3.821696e-03 9.999897e-01 1.573427e+01
9.999938e-01 -1.378129e-03 -3.245537e-03 5.110141e+00 1.392859e-03 9.999887e-01 4.540806e-03 -7.749702e-01 3.239243e-03 -4.545298e-03 9.999844e-01 1.471506e+01
9.999935e-01 1.333589e-03 3.347048e-03 5.082767e+00 -1.318869e-03 9.999895e-01 -4.396304e-03 -7.586259e-01 -3.352876e-03 4.391860e-03 9.999847e-01 1.353138e+01
9.999955e-01 -1.436397e-03 -2.623319e-03 5.053349e+00 1.448242e-03 9.999887e-01 4.519088e-03 -7.405638e-01 2.616799e-03 -4.522866e-03 9.999863e-01 1.226016e+01
9.999964e-01 1.364656e-03 2.300068e-03 5.062091e+00 -1.355101e-03 9.999905e-01 -4.150656e-03 -7.250575e-01 -2.305711e-03 4.147523e-03 9.999887e-01 1.107671e+01
9.999986e-01 -1.388198e-03 -9.672763e-04 5.010669e+00 1.392576e-03 9.999887e-01 4.539359e-03 -7.071936e-01 9.609642e-04 -4.540699e-03 9.999892e-01 9.809977e+00
9.999954e-01 1.351800e-03 2.705253e-03 4.955512e+00 -1.340529e-03 9.999904e-01 -4.163683e-03 -6.885904e-01 -2.710856e-03 4.160037e-03 9.999877e-01 8.501938e+00
9.999979e-01 -1.379679e-03 -1.490536e-03 4.914076e+00 1.386997e-03 9.999869e-01 4.919758e-03 -6.718893e-01 1.483729e-03 -4.921815e-03 9.999868e-01 7.276840e+00
9.999962e-01 1.422768e-03 2.379325e-03 4.867722e+00 -1.412325e-03 9.999894e-01 -4.384904e-03 -6.547941e-01 -2.385539e-03 4.381526e-03 9.999876e-01 6.068743e+00
9.999984e-01 -1.553254e-03 -8.614182e-04 4.840778e+00 1.557143e-03 9.999885e-01 4.532754e-03 -6.346310e-01 8.543681e-04 -4.534087e-03 9.999894e-01 4.692166e+00
9.999954e-01 1.466344e-03 2.673719e-03 4.783142e+00 -1.454064e-03 9.999884e-01 -4.589047e-03 -6.135768e-01 -2.680417e-03 4.585137e-03 9.999859e-01 3.327512e+00
9.999975e-01 -1.474314e-03 -1.662653e-03 4.742824e+00 1.481770e-03 9.999888e-01 4.491958e-03 -5.939751e-01 1.656012e-03 -4.494410e-03 9.999885e-01 2.010930e+00
9.999796e-01 1.329685e-03 6.249056e-03 4.640025e+00 -1.301771e-03 9.999892e-01 -4.468933e-03 -5.667812e-01 -6.254931e-03 4.460706e-03 9.999705e-01 3.272331e-01
9.999894e-01 -1.502793e-03 -4.361174e-03 4.622297e+00 1.522530e-03 9.999886e-01 4.525852e-03 -5.453491e-01 4.354323e-03 -4.532443e-03 9.999802e-01 -1.126165e+00
9.999828e-01 1.387794e-03 5.704999e-03 4.604929e+00 -1.363504e-03 9.999900e-01 -4.259411e-03 -5.257619e-01 -5.710854e-03 4.251558e-03 9.999747e-01 -2.481970e+00
9.998859e-01 -2.106837e-03 -1.496012e-02 5.136616e+00 2.169598e-03 9.999889e-01 4.180213e-03 -5.455590e-01 1.495115e-02 -4.212192e-03 9.998794e-01 -2.755678e+00
9.999859e-01 1.821298e-03 4.995303e-03 5.753754e+00 -1.805715e-03 9.999935e-01 -3.122361e-03 -5.689213e-01 -5.000957e-03 3.113296e-03 9.999826e-01 -2.856428e+00
9.999839e-01 -1.982792e-03 -5.316121e-03 5.795745e+00 2.001689e-03 9.999917e-01 3.551746e-03 -5.533729e-01 5.309035e-03 -3.562329e-03 9.999796e-01 -4.077769e+00
9.999857e-01 1.776948e-03 5.048678e-03 5.845900e+00 -1.761223e-03 9.999936e-01 -3.117492e-03 -5.374712e-01 -5.054186e-03 3.108554e-03 9.999824e-01 -5.326737e+00
9.999880e-01 -1.919812e-03 -4.501234e-03 5.860976e+00 1.936695e-03 9.999911e-01 3.749349e-03 -5.205760e-01 4.493996e-03 -3.758021e-03 9.999828e-01 -6.593744e+00
9.999785e-01 1.795368e-03 6.306403e-03 5.833369e+00 -1.774221e-03 9.999928e-01 -3.357350e-03 -5.005340e-01 -6.312385e-03 3.346088e-03 9.999745e-01 -7.992734e+00
9.999845e-01 -1.933130e-03 -5.227940e-03 5.837456e+00 1.953332e-03 9.999906e-01 3.861719e-03 -4.821144e-01 5.220427e-03 -3.871870e-03 9.999789e-01 -9.335660e+00
9.999785e-01 1.811076e-03 6.297292e-03 5.843597e+00 -1.789811e-03 9.999927e-01 -3.380877e-03 -4.630651e-01 -6.303369e-03 3.369532e-03 9.999745e-01 -1.070002e+01
9.999916e-01 -1.988062e-03 -3.573108e-03 5.801397e+00 2.001069e-03 9.999914e-01 3.640345e-03 -4.415441e-01 3.565840e-03 -3.647464e-03 9.999870e-01 -1.218194e+01
9.999831e-01 1.806368e-03 5.521028e-03 5.767124e+00 -1.789361e-03 9.999936e-01 -3.083908e-03 -4.231021e-01 -5.526564e-03 3.073976e-03 9.999800e-01 -1.355043e+01
9.999940e-01 -1.952792e-03 -2.844410e-03 5.713594e+00 1.962254e-03 9.999925e-01 3.327405e-03 -4.018163e-01 2.837892e-03 -3.332966e-03 9.999904e-01 -1.501149e+01
9.999823e-01 1.855761e-03 5.655087e-03 5.657974e+00 -1.838899e-03 9.999939e-01 -2.985580e-03 -3.800703e-01 -5.660593e-03 2.975128e-03 9.999796e-01 -1.648968e+01
9.999954e-01 -2.009848e-03 -2.282345e-03 5.593314e+00 2.017457e-03 9.999924e-01 3.336670e-03 -3.572534e-01 2.275622e-03 -3.341259e-03 9.999918e-01 -1.801793e+01
9.999944e-01 1.945737e-03 2.725731e-03 5.622129e+00 -1.937501e-03 9.999936e-01 -3.021053e-03 -3.372825e-01 -2.731592e-03 3.015754e-03 9.999917e-01 -1.934767e+01
9.999969e-01 -2.175874e-03 1.219222e-03 5.560855e+00 2.172286e-03 9.999933e-01 2.936702e-03 -3.111905e-01 -1.225604e-03 -2.934044e-03 9.999949e-01 -2.101107e+01
9.999896e-01 1.994604e-03 4.107192e-03 5.440829e+00 -1.983030e-03 9.999941e-01 -2.820132e-03 -2.837206e-01 -4.112793e-03 2.811957e-03 9.999876e-01 -2.273687e+01
9.999971e-01 -2.238805e-03 -8.538264e-04 5.353107e+00 2.241364e-03 9.999930e-01 3.007556e-03 -2.605174e-01 8.470874e-04 -3.009460e-03 9.999951e-01 -2.419204e+01
9.999861e-01 2.185398e-03 4.798262e-03 5.156190e+00 -2.171762e-03 9.999936e-01 -2.845283e-03 -2.400791e-01 -4.804450e-03 2.834822e-03 9.999844e-01 -2.549961e+01
9.999917e-01 -2.313467e-03 -3.338878e-03 5.045351e+00 2.322574e-03 9.999936e-01 2.726265e-03 -2.227091e-01 3.332550e-03 -2.733996e-03 9.999907e-01 -2.667937e+01
9.999840e-01 2.472083e-03 5.078942e-03 4.874536e+00 -2.458157e-03 9.999932e-01 -2.746425e-03 -2.040983e-01 -5.085697e-03 2.733896e-03 9.999833e-01 -2.779924e+01
9.999941e-01 -2.437923e-03 -2.432569e-03 4.755813e+00 2.443866e-03 9.999940e-01 2.443036e-03 -1.822102e-01 2.426599e-03 -2.448966e-03 9.999941e-01 -2.920099e+01
9.999714e-01 2.173882e-03 7.238618e-03 4.620926e+00 -2.150380e-03 9.999924e-01 -3.253006e-03 -1.544686e-01 -7.245635e-03 3.237347e-03 9.999685e-01 -3.089805e+01
9.999970e-01 -2.400969e-03 -3.799741e-04 4.430528e+00 2.401926e-03 9.999939e-01 2.535878e-03 -1.225159e-01 3.738835e-04 -2.536782e-03 9.999967e-01 -3.278680e+01
9.999483e-01 2.019795e-03 9.969727e-03 4.247258e+00 -1.988802e-03 9.999932e-01 -3.117654e-03 -8.301727e-02 -9.975956e-03 3.097664e-03 9.999454e-01 -3.505942e+01
9.999716e-01 -2.362803e-03 -7.151480e-03 4.250348e+00 2.379566e-03 9.999944e-01 2.336437e-03 -5.722374e-02 7.145920e-03 -2.353387e-03 9.999717e-01 -3.672590e+01
9.999281e-01 2.159089e-03 1.179500e-02 4.156475e+00 -2.135098e-03 9.999956e-01 -2.046219e-03 -3.205128e-02 -1.179936e-02 2.020888e-03 9.999283e-01 -3.837764e+01
9.999733e-01 -2.466319e-03 -6.871923e-03 4.077986e+00 2.481112e-03 9.999946e-01 2.144841e-03 -5.965277e-03 6.866597e-03 -2.161833e-03 9.999741e-01 -4.009701e+01
9.999509e-01 2.255503e-03 9.653662e-03 4.026247e+00 -2.237041e-03 9.999956e-01 -1.922839e-03 1.494320e-02 -9.657958e-03 1.901148e-03 9.999516e-01 -4.154501e+01
9.999751e-01 -2.428355e-03 -6.623931e-03 3.960584e+00 2.444563e-03 9.999940e-01 2.439868e-03 3.521320e-02 6.617967e-03 -2.455999e-03 9.999751e-01 -4.298067e+01
9.999446e-01 2.176872e-03 1.029793e-02 3.880114e+00 -2.152475e-03 9.999949e-01 -2.379622e-03 5.746571e-02 -1.030306e-02 2.357324e-03 9.999441e-01 -4.450516e+01
9.999717e-01 -2.362030e-03 -7.140705e-03 3.832759e+00 2.381136e-03 9.999936e-01 2.668318e-03 7.880587e-02 7.134357e-03 -2.685244e-03 9.999709e-01 -4.600569e+01
9.999435e-01 2.125743e-03 1.041948e-02 3.810383e+00 -2.102689e-03 9.999953e-01 -2.223018e-03 1.017260e-01 -1.042416e-02 2.200983e-03 9.999432e-01 -4.759166e+01
9.999733e-01 -2.361953e-03 -6.909346e-03 3.766857e+00 2.378840e-03 9.999942e-01 2.436790e-03 1.250341e-01 6.903551e-03 -2.453160e-03 9.999732e-01 -4.917989e+01
9.999623e-01 2.104795e-03 8.427475e-03 3.763994e+00 -2.087827e-03 9.999958e-01 -2.021671e-03 1.437398e-01 -8.431695e-03 2.003999e-03 9.999624e-01 -5.054676e+01
9.999581e-01 -2.223057e-03 -8.877275e-03 3.737525e+00 2.241947e-03 9.999952e-01 2.118519e-03 1.577227e-01 8.872523e-03 -2.138332e-03 9.999584e-01 -5.161758e+01
9.999569e-01 2.281876e-03 9.004339e-03 3.674300e+00 -2.262341e-03 9.999951e-01 -2.179190e-03 1.728473e-01 -9.009268e-03 2.158724e-03 9.999571e-01 -5.272142e+01
9.999891e-01 -2.231588e-03 -4.090699e-03 3.466937e+00 2.239900e-03 9.999954e-01 2.028612e-03 1.989061e-01 4.086154e-03 -2.037752e-03 9.999896e-01 -5.424245e+01
9.999063e-01 2.105473e-03 1.352952e-02 3.182305e+00 -2.065192e-03 9.999934e-01 -2.990529e-03 2.368759e-01 -1.353572e-02 2.962307e-03 9.999040e-01 -5.633038e+01
9.999888e-01 -2.496033e-03 -4.025461e-03 2.988503e+00 2.504992e-03 9.999944e-01 2.221871e-03 2.767477e-01 4.019893e-03 -2.231930e-03 9.999894e-01 -5.858152e+01
9.999511e-01 2.226130e-03 9.637828e-03 2.870653e+00 -2.201759e-03 9.999944e-01 -2.538541e-03 3.077692e-01 -9.643425e-03 2.517196e-03 9.999503e-01 -6.041902e+01
9.998601e-01 -2.639870e-03 -1.651456e-02 3.174750e+00 2.668742e-03 9.999949e-01 1.726464e-03 3.020382e-01 1.650992e-02 -1.770295e-03 9.998621e-01 -6.094895e+01
9.998874e-01 2.724692e-03 1.475713e-02 3.233914e+00 -2.707777e-03 9.999957e-01 -1.166081e-03 3.081026e-01 -1.476025e-02 1.125990e-03 9.998904e-01 -6.170554e+01
9.998662e-01 -2.091526e-03 -1.622415e-02 3.108947e+00 2.086762e-03 9.999978e-01 -3.105789e-04 3.046870e-01 1.622476e-02 2.766821e-04 9.998683e-01 -6.135842e+01
9.998716e-01 2.243545e-03 1.586428e-02 2.960222e+00 -2.239517e-03 9.999975e-01 -2.716205e-04 2.989854e-01 -1.586485e-02 2.360566e-04 9.998741e-01 -6.110240e+01
9.999839e-01 -2.120873e-03 -5.255932e-03 2.439277e+00 2.118914e-03 9.999977e-01 -3.782464e-04 3.381310e-01 5.256722e-03 3.671042e-04 9.999861e-01 -6.287336e+01
9.998745e-01 2.223029e-03 1.568669e-02 1.861576e+00 -2.215332e-03 9.999974e-01 -5.080236e-04 3.782548e-01 -1.568778e-02 4.732079e-04 9.998768e-01 -6.454399e+01
9.999798e-01 -2.066049e-03 -6.006508e-03 1.350915e+00 2.065722e-03 9.999979e-01 -6.059223e-05 4.162168e-01 6.006621e-03 4.818394e-05 9.999820e-01 -6.623101e+01
9.999013e-01 2.038984e-03 1.389961e-02 9.979610e-01 -2.030015e-03 9.999977e-01 -6.593153e-04 4.510452e-01 -1.390092e-02 6.310331e-04 9.999032e-01 -6.795043e+01
9.999225e-01 -2.203846e-03 -1.225362e-02 9.506830e-01 2.209381e-03 9.999975e-01 4.381322e-04 4.754467e-01 1.225262e-02 -4.651705e-04 9.999248e-01 -6.941219e+01
9.999034e-01 2.113561e-03 1.373939e-02 9.269451e-01 -2.105458e-03 9.999976e-01 -6.041617e-04 4.970053e-01 -1.374063e-02 5.751749e-04 9.999054e-01 -7.083596e+01
9.998758e-01 -2.127655e-03 -1.561509e-02 1.002877e+00 2.139413e-03 9.999974e-01 7.363030e-04 5.123465e-01 1.561349e-02 -7.696180e-04 9.998778e-01 -7.194486e+01
9.999259e-01 2.322726e-03 1.194772e-02 1.072785e+00 -2.315285e-03 9.999971e-01 -6.365961e-04 5.249270e-01 -1.194917e-02 6.088859e-04 9.999284e-01 -7.283853e+01
9.999294e-01 -2.273111e-03 -1.166205e-02 1.040608e+00 2.283077e-03 9.999970e-01 8.412872e-04 5.418795e-01 1.166011e-02 -8.678525e-04 9.999316e-01 -7.403635e+01
9.999463e-01 2.130563e-03 1.014067e-02 1.106175e+00 -2.122204e-03 9.999974e-01 -8.350221e-04 5.549834e-01 -1.014242e-02 8.134560e-04 9.999482e-01 -7.514636e+01
9.999127e-01 -2.243958e-03 -1.302090e-02 1.212705e+00 2.267387e-03 9.999958e-01 1.784824e-03 5.648996e-01 1.301684e-02 -1.814191e-03 9.999136e-01 -7.610739e+01
9.999446e-01 2.123125e-03 1.031387e-02 1.305707e+00 -2.107392e-03 9.999966e-01 -1.536021e-03 5.770219e-01 -1.031710e-02 1.514200e-03 9.999456e-01 -7.712880e+01
9.998898e-01 -1.864546e-03 -1.473088e-02 1.299468e+00 1.885371e-03 9.999972e-01 1.399926e-03 5.818662e-01 1.472823e-02 -1.427544e-03 9.998905e-01 -7.751005e+01
9.999286e-01 1.960143e-03 1.179029e-02 1.333285e+00 -1.951996e-03 9.999978e-01 -7.024738e-04 5.915475e-01 -1.179164e-02 6.794083e-04 9.999302e-01 -7.836589e+01
9.999678e-01 -2.077056e-03 -7.747822e-03 1.211965e+00 2.081827e-03 9.999976e-01 6.077408e-04 6.172361e-01 7.746541e-03 -6.238502e-04 9.999698e-01 -7.995784e+01
9.999383e-01 1.849426e-03 1.094943e-02 1.140516e+00 -1.839365e-03 9.999979e-01 -9.288586e-04 6.409307e-01 -1.095112e-02 9.086607e-04 9.999396e-01 -8.151450e+01
9.999479e-01 -2.063574e-03 -9.998498e-03 1.157966e+00 2.071399e-03 9.999976e-01 7.722942e-04 6.589553e-01 9.996880e-03 -7.929641e-04 9.999497e-01 -8.287886e+01
9.999953e-01 2.004354e-03 2.340397e-03 1.382782e+00 -1.999891e-03 9.999962e-01 -1.907700e-03 6.477836e-01 -2.344212e-03 1.903010e-03 9.999954e-01 -8.291982e+01
9.995412e-01 2.157801e-04 3.028831e-02 1.623609e+00 -3.840824e-05 9.999828e-01 -5.856571e-03 5.438003e-01 -3.028906e-02 5.852721e-03 9.995240e-01 -7.731382e+01
9.999405e-01 -4.063354e-05 1.091166e-02 1.905913e+00 9.237771e-05 9.999888e-01 -4.741644e-03 4.107113e-01 -1.091135e-02 4.742369e-03 9.999292e-01 -7.121330e+01
9.998736e-01 1.842535e-04 -1.589792e-02 1.992101e+00 -1.100897e-04 9.999891e-01 4.665740e-03 3.940269e-01 1.589860e-02 -4.663399e-03 9.998627e-01 -7.080725e+01
9.998060e-01 -2.877880e-04 1.969242e-02 1.920352e+00 3.855744e-04 9.999876e-01 -4.962080e-03 4.196168e-01 -1.969074e-02 4.968710e-03 9.997938e-01 -7.245613e+01
9.997245e-01 -1.811114e-04 -2.347148e-02 2.181481e+00 3.048063e-04 9.999861e-01 5.266536e-03 4.264429e-01 2.347020e-02 -5.272238e-03 9.997106e-01 -7.352004e+01
9.998696e-01 2.236737e-04 1.614557e-02 2.460295e+00 -1.328555e-04 9.999842e-01 -5.625824e-03 4.340235e-01 -1.614657e-02 5.622945e-03 9.998538e-01 -7.437796e+01
9.998281e-01 -2.942402e-04 -1.853724e-02 2.526279e+00 3.940791e-04 9.999854e-01 5.382427e-03 4.476177e-01 1.853538e-02 -5.388806e-03 9.998137e-01 -7.544956e+01
9.998605e-01 1.709554e-04 1.669902e-02 2.640373e+00 -8.227925e-05 9.999859e-01 -5.310810e-03 4.648395e-01 -1.669969e-02 5.308695e-03 9.998465e-01 -7.670668e+01
9.996063e-01 -1.023142e-03 -2.803765e-02 3.319752e+00 1.164258e-03 9.999867e-01 5.017230e-03 4.447432e-01 2.803214e-02 -5.047897e-03 9.995943e-01 -7.708113e+01
9.998538e-01 8.420209e-04 1.707863e-02 3.970757e+00 -7.700620e-04 9.999908e-01 -4.219533e-03 4.327182e-01 -1.708203e-02 4.205764e-03 9.998452e-01 -7.756222e+01
9.997904e-01 -1.080023e-03 -2.044638e-02 4.128408e+00 1.165754e-03 9.999906e-01 4.181508e-03 4.445580e-01 2.044168e-02 -4.204466e-03 9.997822e-01 -7.864511e+01
9.999050e-01 6.579275e-04 1.376970e-02 4.585036e+00 -6.094663e-04 9.999936e-01 -3.523316e-03 4.452696e-01 -1.377193e-02 3.514589e-03 9.998990e-01 -7.966602e+01
9.999737e-01 6.371267e-04 -7.218234e-03 4.626909e+00 -6.323476e-04 9.999996e-01 6.643344e-04 4.016026e-01 7.218654e-03 -6.597518e-04 9.999737e-01 -7.768864e+01
9.997964e-01 -1.458595e-04 2.017755e-02 4.717368e+00 2.508964e-04 9.999864e-01 -5.203205e-03 3.401588e-01 -2.017652e-02 5.207207e-03 9.997829e-01 -7.474820e+01
9.995904e-01 3.486636e-04 -2.861533e-02 5.238644e+00 -1.892802e-04 9.999845e-01 5.572375e-03 3.118033e-01 2.861683e-02 -5.564675e-03 9.995750e-01 -7.437684e+01
9.996348e-01 -2.423155e-04 2.702183e-02 5.285475e+00 3.991590e-04 9.999831e-01 -5.799089e-03 3.298999e-01 -2.701997e-02 5.807756e-03 9.996180e-01 -7.559049e+01
9.996837e-01 2.074800e-04 -2.514696e-02 5.259865e+00 -6.761377e-05 9.999845e-01 5.562674e-03 3.525557e-01 2.514773e-02 -5.559213e-03 9.996683e-01 -7.706461e+01
9.997022e-01 -1.688568e-04 2.440304e-02 5.301901e+00 2.992014e-04 9.999857e-01 -5.337779e-03 3.698743e-01 -2.440179e-02 5.343490e-03 9.996880e-01 -7.830208e+01
9.997751e-01 1.067889e-04 -2.120662e-02 5.257679e+00 1.136921e-05 9.999845e-01 5.571553e-03 3.938947e-01 2.120689e-02 -5.570541e-03 9.997596e-01 -7.989134e+01
9.996723e-01 -3.839822e-04 2.559701e-02 5.218696e+00 5.308992e-04 9.999834e-01 -5.733069e-03 4.213540e-01 -2.559439e-02 5.744779e-03 9.996559e-01 -8.165709e+01
9.996924e-01 8.683294e-05 -2.479996e-02 5.287792e+00 4.155352e-05 9.999866e-01 5.176316e-03 4.434407e-01 2.480007e-02 -5.175754e-03 9.996790e-01 -8.316407e+01
9.996463e-01 -8.873408e-05 2.659324e-02 5.246508e+00 2.285663e-04 9.999862e-01 -5.255198e-03 4.646761e-01 -2.659241e-02 5.259417e-03 9.996325e-01 -8.458520e+01
9.997186e-01 9.022712e-05 -2.372133e-02 5.178031e+00 3.480926e-05 9.999861e-01 5.270583e-03 4.867081e-01 2.372148e-02 -5.269925e-03 9.997047e-01 -8.605674e+01
9.996743e-01 -1.529377e-04 2.552023e-02 5.169138e+00 2.854197e-04 9.999865e-01 -5.187699e-03 5.077658e-01 -2.551909e-02 5.193293e-03 9.996608e-01 -8.751192e+01
9.995203e-01 7.684110e-04 -3.096079e-02 5.521170e+00 -6.608687e-04 9.999937e-01 3.483582e-03 4.763278e-01 3.096328e-02 -3.461449e-03 9.995145e-01 -8.660937e+01
9.995074e-01 -5.718239e-04 3.137929e-02 5.860983e+00 7.378904e-04 9.999858e-01 -5.280912e-03 4.227714e-01 -3.137582e-02 5.301464e-03 9.994936e-01 -8.476266e+01
9.999418e-01 2.032904e-03 -1.059585e-02 5.935091e+00 -2.036585e-03 9.999979e-01 -3.366672e-04 3.559955e-01 1.059515e-02 3.582277e-04 9.999438e-01 -8.085399e+01
9.990715e-01 -1.403219e-03 4.306068e-02 5.900919e+00 1.752701e-03 9.999658e-01 -8.079379e-03 2.707112e-01 -4.304787e-02 8.147349e-03 9.990398e-01 -7.600432e+01
9.993092e-01 1.990798e-03 -3.710950e-02 5.696325e+00 -1.803195e-03 9.999854e-01 5.088182e-03 2.575903e-01 3.711909e-02 -5.017751e-03 9.992983e-01 -7.470124e+01
9.993440e-01 -1.288143e-03 3.619145e-02 5.567731e+00 1.538219e-03 9.999751e-01 -6.882823e-03 2.653164e-01 -3.618168e-02 6.933978e-03 9.993212e-01 -7.496247e+01
9.990391e-01 1.700958e-03 -4.379501e-02 5.842817e+00 -1.341373e-03 9.999652e-01 8.238726e-03 2.635067e-01 4.380750e-02 -8.172064e-03 9.990066e-01 -7.555018e+01
9.988062e-01 -1.672040e-03 4.881992e-02 5.779025e+00 2.075255e-03 9.999641e-01 -8.209716e-03 2.921170e-01 -4.880444e-02 8.301228e-03 9.987739e-01 -7.737917e+01
9.989513e-01 1.619844e-03 -4.575747e-02 5.757100e+00 -1.271554e-03 9.999700e-01 7.639739e-03 3.181484e-01 4.576847e-02 -7.573544e-03 9.989234e-01 -7.903168e+01
9.980377e-01 7.642464e-04 6.261143e-02 5.837387e+00 1.351055e-06 9.999252e-01 -1.222681e-02 2.619270e-01 -6.261609e-02 1.220290e-02 9.979631e-01 -7.565078e+01
9.990384e-01 -1.768905e-04 -4.384423e-02 6.054990e+00 4.465479e-04 9.999810e-01 6.140632e-03 1.859079e-01 4.384232e-02 -6.154305e-03 9.990195e-01 -7.216132e+01
9.990339e-01 4.051854e-04 4.394494e-02 6.029279e+00 -1.477952e-04 9.999828e-01 -5.860199e-03 2.030704e-01 -4.394656e-02 5.848042e-03 9.990168e-01 -7.334785e+01
9.990742e-01 -1.601097e-04 -4.302018e-02 6.008146e+00 4.244502e-04 9.999811e-01 6.135505e-03 2.238547e-01 4.301838e-02 -6.148084e-03 9.990554e-01 -7.469742e+01
9.991353e-01 2.434053e-04 4.157632e-02 6.045884e+00 1.777058e-05 9.999803e-01 -6.281360e-03 2.392954e-01 -4.157703e-02 6.276667e-03 9.991156e-01 -7.582535e+01
9.989941e-01 -5.043957e-05 -4.484241e-02 6.137702e+00 3.481660e-04 9.999780e-01 6.631609e-03 2.501382e-01 4.484108e-02 -6.640550e-03 9.989721e-01 -7.676912e+01
9.990332e-01 2.899044e-04 4.396049e-02 6.167903e+00 -1.289628e-05 9.999801e-01 -6.301452e-03 2.653281e-01 -4.396144e-02 6.294793e-03 9.990134e-01 -7.789263e+01
9.991099e-01 -1.291931e-04 -4.218268e-02 6.135381e+00 4.013571e-04 9.999792e-01 6.443625e-03 2.872908e-01 4.218097e-02 -6.454819e-03 9.990891e-01 -7.930479e+01
9.989859e-01 3.029108e-04 4.502363e-02 6.047431e+00 -1.533096e-05 9.999796e-01 -6.387520e-03 3.112484e-01 -4.502465e-02 6.380352e-03 9.989655e-01 -8.078428e+01
9.990254e-01 -7.657100e-05 -4.413994e-02 5.980053e+00 3.629450e-04 9.999789e-01 6.479887e-03 3.284882e-01 4.413852e-02 -6.489591e-03 9.990043e-01 -8.196110e+01
9.989924e-01 3.271061e-04 4.487839e-02 5.934522e+00 -5.431612e-05 9.999815e-01 -6.079513e-03 3.458793e-01 -4.487955e-02 6.070949e-03 9.989740e-01 -8.317135e+01
9.989852e-01 -7.964755e-06 -4.504050e-02 5.902330e+00 2.990167e-04 9.999791e-01 6.455270e-03 3.616524e-01 4.503951e-02 -6.462186e-03 9.989643e-01 -8.428819e+01
9.990802e-01 1.283760e-03 4.286068e-02 6.030234e+00 -9.589846e-04 9.999707e-01 -7.597181e-03 3.368479e-01 -4.286918e-02 7.549090e-03 9.990522e-01 -8.319450e+01
9.990545e-01 -6.022935e-04 -4.347106e-02 6.449027e+00 8.563389e-04 9.999827e-01 5.825623e-03 2.814567e-01 4.346680e-02 -5.857340e-03 9.990377e-01 -8.138189e+01
9.997310e-01 8.542995e-04 2.317585e-02 7.885599e+00 -7.544058e-04 9.999904e-01 -4.318656e-03 2.274668e-01 -2.317932e-02 4.300010e-03 9.997221e-01 -8.123321e+01
9.990421e-01 -9.399150e-04 -4.374933e-02 9.243377e+00 1.167857e-03 9.999859e-01 5.184906e-03 1.881328e-01 4.374384e-02 -5.231031e-03 9.990291e-01 -8.141122e+01
9.996483e-01 7.185518e-04 2.650802e-02 1.038391e+01 -6.310787e-04 9.999943e-01 -3.308096e-03 1.525604e-01 -2.651024e-02 3.290203e-03 9.996431e-01 -8.151797e+01
9.992616e-01 -6.233059e-04 -3.841654e-02 1.098580e+01 8.298395e-04 9.999853e-01 5.360452e-03 1.413251e-01 3.841263e-02 -5.388372e-03 9.992474e-01 -8.190108e+01
9.997578e-01 5.849525e-04 2.200205e-02 1.204644e+01 -5.130303e-04 9.999945e-01 -3.274395e-03 1.125017e-01 -2.200385e-02 3.262313e-03 9.997526e-01 -8.238100e+01
9.993298e-01 -8.518377e-04 -3.659552e-02 1.300756e+01 1.007655e-03 9.999905e-01 4.239590e-03 1.002327e-01 3.659156e-02 -4.273624e-03 9.993212e-01 -8.322177e+01
9.991372e-01 1.063328e-03 4.151840e-02 1.292938e+01 -8.886967e-04 9.999907e-01 -4.224348e-03 1.227398e-01 -4.152251e-02 4.183806e-03 9.991288e-01 -8.484061e+01
9.994362e-01 -1.119332e-03 -3.355507e-02 1.275762e+01 1.252998e-03 9.999914e-01 3.962709e-03 1.501693e-01 3.355034e-02 -4.002519e-03 9.994290e-01 -8.668591e+01
9.993411e-01 8.749979e-04 3.628479e-02 1.276129e+01 -7.301726e-04 9.999917e-01 -4.004413e-03 1.687695e-01 -3.628799e-02 3.975280e-03 9.993335e-01 -8.814300e+01
9.991610e-01 -9.055060e-04 -4.094465e-02 1.297618e+01 1.109431e-03 9.999871e-01 4.958054e-03 1.756368e-01 4.093963e-02 -4.999318e-03 9.991491e-01 -8.905312e+01
9.993657e-01 1.305563e-03 3.558876e-02 1.314246e+01 -1.136008e-03 9.999879e-01 -4.784101e-03 1.837578e-01 -3.559458e-02 4.740636e-03 9.993551e-01 -8.986866e+01
9.994185e-01 -1.414476e-03 -3.406791e-02 1.311509e+01 1.571228e-03 9.999883e-01 4.574798e-03 2.031172e-01 3.406105e-02 -4.625666e-03 9.994090e-01 -9.124888e+01
9.994675e-01 1.228970e-03 3.260612e-02 1.323458e+01 -1.098061e-03 9.999913e-01 -4.032480e-03 2.169980e-01 -3.261079e-02 3.994529e-03 9.994601e-01 -9.245363e+01
9.991992e-01 -1.377677e-03 -3.998930e-02 1.355241e+01 1.571805e-03 9.999871e-01 4.823473e-03 2.165605e-01 3.998214e-02 -4.882465e-03 9.991885e-01 -9.309175e+01
9.994848e-01 1.414075e-03 3.206610e-02 1.389068e+01 -1.287251e-03 9.999913e-01 -3.975389e-03 2.108545e-01 -3.207144e-02 3.932063e-03 9.994778e-01 -9.349852e+01
9.992764e-01 -1.466989e-03 -3.800706e-02 1.418975e+01 1.665417e-03 9.999851e-01 5.189677e-03 2.107267e-01 3.799888e-02 -5.249219e-03 9.992640e-01 -9.417834e+01
9.994506e-01 1.369389e-03 3.311503e-02 1.443874e+01 -1.240475e-03 9.999916e-01 -3.913139e-03 2.161992e-01 -3.312011e-02 3.869910e-03 9.994439e-01 -9.501159e+01
