9.999711e-01 4.446156e-04 -7.595691e-03 2.101225e-01 -4.472628e-04 9.999998e-01 -3.468200e-04 -2.113819e-02 7.595535e-03 3.502066e-04 9.999711e-01 5.142223e-01
9.999982e-01 -1.437562e-04 -1.891278e-03 3.517881e-01 1.445405e-04 9.999999e-01 4.145229e-04 -2.094987e-02 1.891219e-03 -4.147948e-04 9.999981e-01 2.403336e-01
9.999770e-01 6.410189e-04 -6.746790e-03 4.882656e-01 -6.478957e-04 9.999993e-01 -1.017121e-03 -3.344506e-02 6.746133e-03 1.021468e-03 9.999767e-01 5.244317e-01
9.999420e-01 3.549118e-04 1.076056e-02 5.134868e-01 -3.417262e-04 9.999992e-01 -1.227179e-03 -7.027165e-02 -1.076098e-02 1.223431e-03 9.999414e-01 2.260897e+00
9.998983e-01 1.649005e-04 -1.426055e-02 5.407045e-01 -1.595236e-04 9.999999e-01 3.781837e-04 -8.462308e-02 1.426061e-02 -3.758711e-04 9.998982e-01 2.992295e+00
9.999792e-01 3.294502e-04 6.447242e-03 6.234669e-01 -3.258481e-04 9.999998e-01 -5.597418e-04 -9.643893e-02 -6.447425e-03 5.576300e-04 9.999791e-01 3.282467e+00
9.998973e-01 1.667662e-04 -1.433384e-02 7.123972e-01 -1.571857e-04 9.999998e-01 6.695105e-04 -1.057791e-01 1.433394e-02 -6.671894e-04 9.998970e-01 3.518161e+00
9.999840e-01 1.763985e-04 5.659645e-03 8.384722e-01 -1.707434e-04 9.999995e-01 -9.996668e-04 -1.059915e-01 -5.659818e-03 9.986851e-04 9.999835e-01 3.321657e+00
9.998986e-01 2.244814e-04 -1.423838e-02 9.326257e-01 -2.180790e-04 9.999999e-01 4.512116e-04 -1.092924e-01 1.423848e-02 -4.480614e-04 9.998985e-01 3.276769e+00
9.999550e-01 3.386600e-04 9.482927e-03 9.593726e-01 -3.302006e-04 9.999995e-01 -8.936159e-04 -1.258758e-01 -9.483225e-03 8.904451e-04 9.999546e-01 3.921152e+00
9.998926e-01 5.891373e-05 -1.465527e-02 1.012767e+00 -5.372180e-05 9.999999e-01 3.546671e-04 -1.433435e-01 1.465529e-02 -3.538424e-04 9.998925e-01 4.550222e+00
9.999798e-01 4.075930e-04 6.342666e-03 1.085020e+00 -4.049478e-04 9.999998e-01 -4.183255e-04 -1.526456e-01 -6.342835e-03 4.157493e-04 9.999798e-01 4.775542e+00
9.999229e-01 6.955617e-05 -1.242123e-02 1.023961e+00 -6.871658e-05 1.000000e+00 6.802394e-05 -1.548937e-01 1.242124e-02 -6.716586e-05 9.999229e-01 4.930053e+00
9.999679e-01 5.395184e-04 7.989115e-03 8.178229e-01 -5.334781e-04 9.999996e-01 -7.581704e-04 -1.441677e-01 -7.989520e-03 7.538848e-04 9.999678e-01 4.981159e+00
9.998938e-01 -1.717945e-04 -1.457289e-02 7.903835e-01 1.786184e-04 9.999999e-01 4.669698e-04 -1.327893e-01 1.457281e-02 -4.695239e-04 9.998937e-01 4.717103e+00
9.999844e-01 3.841992e-04 5.569338e-03 9.500986e-01 -3.801491e-04 9.999997e-01 -7.282370e-04 -1.294669e-01 -5.569616e-03 7.261092e-04 9.999842e-01 4.325100e+00
9.998940e-01 -8.315357e-05 -1.456087e-02 1.065930e+00 8.665741e-05 1.000000e+00 2.400075e-04 -1.268809e-01 1.456085e-02 -2.412445e-04 9.998940e-01 4.097512e+00
9.999728e-01 5.643711e-04 7.351051e-03 1.077344e+00 -5.583508e-04 9.999995e-01 -8.209891e-04 -1.292710e-01 -7.351511e-03 8.168631e-04 9.999726e-01 4.232888e+00
9.999240e-01 -6.613896e-05 -1.232890e-02 1.016747e+00 7.109685e-05 9.999999e-01 4.017024e-04 -1.329751e-01 1.232888e-02 -4.025491e-04 9.999239e-01 4.665477e+00
9.999789e-01 6.017769e-04 6.464065e-03 9.314041e-01 -5.964366e-04 9.999995e-01 -8.280468e-04 -1.276977e-01 -6.464560e-03 8.241746e-04 9.999788e-01 4.832789e+00
9.998868e-01 -3.144480e-04 -1.504285e-02 1.048124e+00 3.238061e-04 9.999998e-01 6.196672e-04 -1.249216e-01 1.504265e-02 -6.244688e-04 9.998867e-01 4.532208e+00
9.999828e-01 5.818810e-04 5.830215e-03 1.181043e+00 -5.779877e-04 9.999996e-01 -6.694279e-04 -1.245382e-01 -5.830602e-03 6.660474e-04 9.999828e-01 4.331503e+00
9.998729e-01 -3.107220e-04 -1.594101e-02 1.362714e+00 3.179108e-04 9.999998e-01 4.484337e-04 -1.243318e-01 1.594086e-02 -4.534452e-04 9.998728e-01 4.074064e+00
9.999790e-01 5.584104e-04 6.459541e-03 1.519147e+00 -5.547672e-04 9.999997e-01 -5.657665e-04 -1.222975e-01 -6.459855e-03 5.621718e-04 9.999790e-01 3.732213e+00
9.998820e-01 -3.117800e-04 -1.535871e-02 1.662022e+00 3.183784e-04 9.999999e-01 4.271815e-04 -1.192051e-01 1.535857e-02 -4.320217e-04 9.998820e-01 3.344299e+00
9.999764e-01 5.573782e-04 6.844786e-03 1.778820e+00 -5.533068e-04 9.999997e-01 -5.966817e-04 -1.133747e-01 -6.845116e-03 5.928811e-04 9.999764e-01 2.902562e+00
9.999088e-01 -3.265146e-04 -1.349869e-02 1.928964e+00 3.366508e-04 9.999997e-01 7.486435e-04 -1.065032e-01 1.349844e-02 -7.531203e-04 9.999086e-01 2.198750e+00
9.999849e-01 2.292952e-04 5.484892e-03 2.144046e+00 -2.219952e-04 9.999991e-01 -1.331471e-03 -9.735846e-02 -5.485192e-03 1.330234e-03 9.999841e-01 1.420966e+00
9.998792e-01 -2.515687e-05 -1.554211e-02 2.368072e+00 4.366326e-05 9.999993e-01 1.190394e-03 -9.477232e-02 1.554207e-02 -1.190929e-03 9.998785e-01 9.773452e-01
9.999595e-01 4.021882e-04 8.986973e-03 2.270284e+00 -3.851417e-04 9.999981e-01 -1.898440e-03 -8.482627e-02 -8.987720e-03 1.894903e-03 9.999578e-01 8.463688e-01
9.999372e-01 1.284905e-04 -1.120904e-02 1.912195e+00 -1.213410e-04 9.999998e-01 6.385250e-04 -6.301496e-02 1.120912e-02 -6.371255e-04 9.999370e-01 9.366993e-01
9.999781e-01 3.831203e-04 6.603700e-03 1.700124e+00 -3.737418e-04 9.999989e-01 -1.421345e-03 -4.944780e-02 -6.604237e-03 1.418847e-03 9.999772e-01 1.030679e+00
9.999023e-01 -3.086998e-05 -1.397929e-02 1.698685e+00 4.818655e-05 9.999992e-01 1.238402e-03 -4.338179e-02 1.397924e-02 -1.238955e-03 9.999015e-01 7.985330e-01
9.999838e-01 2.957016e-04 5.684618e-03 1.806599e+00 -2.872467e-04 9.999989e-01 -1.488068e-03 -4.023034e-02 -5.685051e-03 1.486412e-03 9.999827e-01 4.202319e-01
9.998960e-01 -2.710817e-05 -1.442307e-02 1.905640e+00 4.443975e-05 9.999993e-01 1.201346e-03 -3.856019e-02 1.442303e-02 -1.201862e-03 9.998953e-01 1.166410e-01
9.999742e-01 4.643894e-04 7.169297e-03 1.856562e+00 -4.529066e-04 9.999986e-01 -1.603189e-03 -3.737172e-02 -7.170031e-03 1.599901e-03 9.999730e-01 9.463429e-04
9.999183e-01 4.429418e-05 -1.278509e-02 1.686708e+00 -2.860150e-05 9.999992e-01 1.227609e-03 -3.170939e-02 1.278513e-02 -1.227144e-03 9.999175e-01 -4.075756e-02
9.999812e-01 3.463071e-04 6.114030e-03 1.640455e+00 -3.385696e-04 9.999991e-01 -1.266500e-03 -2.697478e-02 -6.114463e-03 1.264407e-03 9.999805e-01 -2.393129e-01
9.999232e-01 -2.581696e-05 -1.238939e-02 1.582581e+00 3.695007e-05 9.999996e-01 8.983816e-04 -2.167908e-02 1.238936e-02 -8.987711e-04 9.999228e-01 -4.921938e-01
9.999396e-01 3.808483e-04 1.098609e-02 1.380827e+00 -3.671970e-04 9.999992e-01 -1.244580e-03 -5.712997e-03 -1.098655e-02 1.240471e-03 9.999389e-01 -1.222237e+00
9.999153e-01 -4.274069e-04 -1.300657e-02 1.397761e+00 4.380952e-04 9.999996e-01 8.189299e-04 1.031934e-02 1.300621e-02 -8.245593e-04 9.999151e-01 -2.285563e+00
9.999416e-01 5.612935e-04 1.078994e-02 1.367035e+00 -5.495619e-04 9.999993e-01 -1.090199e-03 2.514133e-02 -1.079055e-02 1.084206e-03 9.999412e-01 -3.248649e+00
9.998964e-01 -4.337503e-04 -1.438762e-02 1.260027e+00 4.404649e-04 9.999998e-01 4.635355e-04 3.847434e-02 1.438742e-02 -4.698255e-04 9.998964e-01 -3.848235e+00
9.999722e-01 7.387793e-04 7.419570e-03 1.260455e+00 -7.335844e-04 9.999995e-01 -7.028453e-04 4.764462e-02 -7.420085e-03 6.973835e-04 9.999722e-01 -4.179256e+00
9.999310e-01 -2.655310e-04 -1.174777e-02 1.067494e+00 2.617669e-04 9.999999e-01 -3.219395e-04 5.901196e-02 1.174786e-02 3.188413e-04 9.999309e-01 -4.367403e+00
9.999609e-01 8.853925e-04 8.803281e-03 7.428434e-01 -8.760799e-04 9.999991e-01 -1.061642e-03 7.271606e-02 -8.804213e-03 1.053889e-03 9.999607e-01 -4.393464e+00
9.999879e-01 -1.387604e-04 -4.910800e-03 1.887301e-01 1.335010e-04 9.999994e-01 -1.071276e-03 9.156229e-02 4.910946e-03 1.070607e-03 9.999874e-01 -3.889395e+00
9.999470e-01 7.372950e-04 1.027321e-02 -5.178386e-01 -7.185662e-04 9.999981e-01 -1.826635e-03 1.279879e-01 -1.027454e-02 1.819157e-03 9.999456e-01 -3.568388e+00
9.999377e-01 -2.875958e-04 -1.115573e-02 -9.692366e-01 2.956091e-04 9.999997e-01 7.166812e-04 1.514899e-01 1.115552e-02 -7.199350e-04 9.999375e-01 -3.746774e+00
9.999445e-01 7.257161e-04 1.050731e-02 -1.410811e+00 -7.073992e-04 9.999982e-01 -1.746853e-03 1.747683e-01 -1.050856e-02 1.739324e-03 9.999433e-01 -3.994472e+00
9.999552e-01 -3.080676e-04 -9.463958e-03 -1.922201e+00 3.136027e-04 9.999998e-01 5.833895e-04 2.041890e-01 9.463776e-03 -5.863320e-04 9.999550e-01 -4.368301e+00
9.999558e-01 7.092164e-04 9.377325e-03 -2.352954e+00 -6.935331e-04 9.999984e-01 -1.675599e-03 2.290401e-01 -9.378498e-03 1.669022e-03 9.999546e-01 -4.746037e+00
9.999451e-01 -1.391418e-04 -1.047897e-02 -2.799410e+00 1.437306e-04 9.999999e-01 4.371673e-04 2.500149e-01 1.047891e-02 -4.386502e-04 9.999450e-01 -4.833733e+00
9.999449e-01 7.270111e-04 1.047214e-02 -3.301495e+00 -7.059427e-04 9.999977e-01 -2.015393e-03 2.749032e-01 -1.047358e-02 2.007890e-03 9.999431e-01 -4.947954e+00
9.999001e-01 -3.034162e-04 -1.413010e-02 -3.556297e+00 3.168072e-04 9.999995e-01 9.454740e-04 2.893277e-01 1.412980e-02 -9.498568e-04 9.998997e-01 -5.161895e+00
9.999317e-01 7.964191e-04 1.165995e-02 -3.892587e+00 -7.764554e-04 9.999982e-01 -1.716577e-03 3.049165e-01 -1.166130e-02 1.707407e-03 9.999305e-01 -5.286923e+00
9.999051e-01 -1.790793e-04 -1.377839e-02 -4.269535e+00 1.888108e-04 9.999997e-01 7.050009e-04 3.229366e-01 1.377826e-02 -7.075361e-04 9.999048e-01 -5.238511e+00
9.998828e-01 8.286330e-04 1.528649e-02 -4.878120e+00 -7.897751e-04 9.999964e-01 -2.547834e-03 3.526719e-01 -1.528854e-02 2.535463e-03 9.998799e-01 -5.407149e+00
9.998979e-01 -1.906044e-04 -1.429145e-02 -5.170973e+00 2.031163e-04 9.999996e-01 8.740400e-04 3.560042e-01 1.429127e-02 -8.768543e-04 9.998975e-01 -4.848179e+00
9.998728e-01 6.808425e-04 1.593499e-02 -5.299107e+00 -6.361932e-04 9.999959e-01 -2.806858e-03 3.435192e-01 -1.593683e-02 2.796364e-03 9.998691e-01 -3.609024e+00
9.998457e-01 -1.958039e-04 -1.756277e-02 -5.555973e+00 2.216289e-04 9.999989e-01 1.468512e-03 3.524312e-01 1.756247e-02 -1.472179e-03 9.998447e-01 -3.114001e+00
9.998932e-01 8.123586e-04 1.459394e-02 -5.876547e+00 -7.790682e-04 9.999971e-01 -2.286644e-03 3.675505e-01 -1.459575e-02 2.275030e-03 9.998909e-01 -3.105571e+00
9.998904e-01 -1.473661e-04 -1.480761e-02 -6.307114e+00 1.608854e-04 9.999996e-01 9.118234e-04 3.892271e-01 1.480747e-02 -9.141064e-04 9.998899e-01 -2.856815e+00
9.999390e-01 6.965935e-04 1.102353e-02 -6.439493e+00 -6.799443e-04 9.999986e-01 -1.513998e-03 3.928622e-01 -1.102456e-02 1.506411e-03 9.999381e-01 -2.400746e+00
9.999252e-01 -2.082723e-04 -1.223154e-02 -6.488473e+00 2.119833e-04 9.999999e-01 3.021082e-04 3.772400e-01 1.223147e-02 -3.046792e-04 9.999251e-01 -1.353042e+00
9.998963e-01 4.938479e-04 1.439068e-02 -6.525519e+00 -4.615256e-04 9.999974e-01 -2.249283e-03 3.531949e-01 -1.439175e-02 2.242409e-03 9.998939e-01 1.590330e-01
9.998811e-01 -2.091425e-04 -1.542128e-02 -6.454335e+00 2.247540e-04 9.999995e-01 1.010620e-03 3.257912e-01 1.542106e-02 -1.013966e-03 9.998806e-01 1.417975e+00
9.999088e-01 4.940268e-04 1.349908e-02 -6.269079e+00 -4.626813e-04 9.999972e-01 -2.325066e-03 2.940264e-01 -1.350019e-02 2.318609e-03 9.999062e-01 2.771325e+00
9.998635e-01 -2.663796e-04 -1.652121e-02 -6.123699e+00 2.901167e-04 9.999989e-01 1.434394e-03 2.688854e-01 1.652081e-02 -1.438992e-03 9.998625e-01 3.822839e+00
9.999459e-01 7.460936e-04 1.037326e-02 -6.140919e+00 -7.294434e-04 9.999984e-01 -1.608784e-03 2.615328e-01 -1.037444e-02 1.601131e-03 9.999449e-01 4.197573e+00
9.998832e-01 -2.457184e-04 -1.528068e-02 -6.265534e+00 2.646072e-04 9.999992e-01 1.234127e-03 2.618306e-01 1.528037e-02 -1.238027e-03 9.998825e-01 4.474850e+00
9.999508e-01 7.587315e-04 9.892240e-03 -6.418334e+00 -7.434088e-04 9.999985e-01 -1.552532e-03 2.647094e-01 -9.893403e-03 1.545102e-03 9.999499e-01 4.655745e+00
9.998654e-01 -2.669257e-04 -1.640682e-02 -6.476260e+00 2.896998e-04 9.999990e-01 1.385738e-03 2.631383e-01 1.640643e-02 -1.390305e-03 9.998644e-01 4.838488e+00
9.998983e-01 8.770181e-04 1.423753e-02 -6.876864e+00 -8.436770e-04 9.999969e-01 -2.347599e-03 2.812041e-01 -1.423955e-02 2.335349e-03 9.998959e-01 4.820049e+00
9.998776e-01 -3.407749e-04 -1.564265e-02 -7.323519e+00 3.579227e-04 9.999993e-01 1.093447e-03 3.025312e-01 1.564227e-02 -1.098912e-03 9.998770e-01 4.774178e+00
9.999311e-01 6.873873e-04 1.171753e-02 -7.502190e+00 -6.678289e-04 9.999984e-01 -1.672978e-03 3.157399e-01 -1.171866e-02 1.665038e-03 9.999299e-01 4.446573e+00
9.998731e-01 -8.425513e-05 -1.593075e-02 -7.697599e+00 1.020794e-04 9.999994e-01 1.118062e-03 3.211976e-01 1.593065e-02 -1.119547e-03 9.998725e-01 4.593556e+00
9.999302e-01 5.882217e-04 1.180001e-02 -7.761321e+00 -5.687158e-04 9.999985e-01 -1.656310e-03 3.172990e-01 -1.180097e-02 1.649484e-03 9.999290e-01 5.065352e+00
9.998906e-01 -4.175022e-05 -1.479022e-02 -7.772080e+00 5.483265e-05 9.999996e-01 8.841379e-04 3.038017e-01 1.479018e-02 -8.848529e-04 9.998902e-01 5.826274e+00
9.999288e-01 5.293129e-04 1.192378e-02 -7.756886e+00 -5.084686e-04 9.999983e-01 -1.751083e-03 2.845794e-01 -1.192469e-02 1.744896e-03 9.999274e-01 6.662477e+00
9.998531e-01 -3.292683e-05 -1.714233e-02 -7.785101e+00 5.547637e-05 9.999991e-01 1.314965e-03 2.761533e-01 1.714227e-02 -1.315724e-03 9.998522e-01 7.121734e+00
9.999381e-01 5.239933e-04 1.111102e-02 -7.843845e+00 -5.075458e-04 9.999988e-01 -1.483040e-03 2.717373e-01 -1.111178e-02 1.477309e-03 9.999372e-01 7.424421e+00
9.999171e-01 1.328407e-04 -1.287487e-02 -8.210328e+00 -1.261059e-04 9.999999e-01 5.239198e-04 2.899577e-01 1.287494e-02 -5.222535e-04 9.999170e-01 7.669677e+00
9.999307e-01 5.855581e-04 1.175485e-02 -8.617235e+00 -5.667769e-04 9.999986e-01 -1.600997e-03 3.110768e-01 -1.175577e-02 1.594224e-03 9.999296e-01 7.838029e+00
9.999121e-01 9.610305e-05 -1.326105e-02 -8.979609e+00 -8.865521e-05 9.999998e-01 5.622311e-04 3.278064e-01 1.326110e-02 -5.610067e-04 9.999119e-01 8.041064e+00
9.999430e-01 4.909284e-04 1.066786e-02 -9.316917e+00 -4.751125e-04 9.999988e-01 -1.485045e-03 3.426350e-01 -1.066857e-02 1.479893e-03 9.999420e-01 8.084140e+00
9.999364e-01 1.490387e-04 -1.127927e-02 -9.785649e+00 -1.468252e-04 1.000000e+00 1.970827e-04 3.666916e-01 1.127930e-02 -1.954148e-04 9.999364e-01 8.114657e+00
9.999231e-01 5.385214e-04 1.238745e-02 -1.034063e+01 -5.156428e-04 9.999982e-01 -1.850024e-03 3.953987e-01 -1.238842e-02 1.843495e-03 9.999216e-01 8.094895e+00
9.999078e-01 1.258399e-04 -1.357974e-02 -1.073564e+01 -1.171466e-04 9.999998e-01 6.409758e-04 4.160031e-01 1.357981e-02 -6.393266e-04 9.999076e-01 8.132799e+00
9.999610e-01 4.782508e-04 8.818423e-03 -1.089483e+01 -4.666804e-04 9.999990e-01 -1.314073e-03 4.215620e-01 -8.819043e-03 1.309907e-03 9.999603e-01 8.234515e+00
9.999045e-01 2.687755e-05 -1.382206e-02 -1.103773e+01 -1.447200e-05 9.999996e-01 8.976285e-04 4.243153e-01 1.382208e-02 -8.973434e-04 9.999041e-01 8.433988e+00
9.999714e-01 4.581365e-04 7.547667e-03 -1.105314e+01 -4.489529e-04 9.999992e-01 -1.218368e-03 4.195821e-01 -7.548218e-03 1.214945e-03 9.999708e-01 8.792215e+00
9.999063e-01 7.226832e-05 -1.369082e-02 -1.105627e+01 -5.760925e-05 9.999994e-01 1.071126e-03 4.105941e-01 1.369089e-02 -1.070238e-03 9.999057e-01 9.182144e+00
9.999673e-01 3.642303e-04 8.074565e-03 -1.110067e+01 -3.534483e-04 9.999990e-01 -1.336672e-03 4.061656e-01 -8.075044e-03 1.333775e-03 9.999665e-01 9.523884e+00
9.998796e-01 -4.111097e-05 -1.551785e-02 -1.110521e+01 5.777901e-05 9.999994e-01 1.073685e-03 4.094305e-01 1.551779e-02 -1.074453e-03 9.998790e-01 9.356843e+00
9.999489e-01 5.350317e-04 1.009402e-02 -1.126105e+01 -5.194987e-04 9.999987e-01 -1.541370e-03 4.144604e-01 -1.009483e-02 1.536048e-03 9.999479e-01 9.283309e+00
9.998828e-01 -6.284030e-05 -1.531125e-02 -1.144923e+01 7.932925e-05 9.999994e-01 1.076324e-03 4.226518e-01 1.531118e-02 -1.077413e-03 9.998822e-01 9.201869e+00
9.999726e-01 4.402954e-04 7.390179e-03 -1.141791e+01 -4.293112e-04 9.999988e-01 -1.487811e-03 4.255006e-01 -7.390825e-03 1.484598e-03 9.999716e-01 8.982841e+00
9.998982e-01 9.955017e-05 -1.426797e-02 -1.143895e+01 -8.283317e-05 9.999993e-01 1.172245e-03 4.221234e-01 1.426807e-02 -1.170944e-03 9.998975e-01 9.154201e+00
9.999742e-01 3.528488e-04 7.177843e-03 -1.141369e+01 -3.442919e-04 9.999992e-01 -1.193293e-03 4.116286e-01 -7.178258e-03 1.190792e-03 9.999735e-01 9.466032e+00
9.999002e-01 1.189095e-04 -1.412728e-02 -1.144805e+01 -1.021476e-04 9.999993e-01 1.187222e-03 4.077491e-01 1.412741e-02 -1.185661e-03 9.998995e-01 9.610166e+00
9.999816e-01 3.405961e-04 6.058938e-03 -1.144783e+01 -3.332399e-04 9.999992e-01 -1.215045e-03 4.046355e-01 -6.059347e-03 1.213004e-03 9.999809e-01 9.626669e+00
9.998888e-01 1.698392e-05 -1.490959e-02 -1.136667e+01 5.260362e-07 9.999993e-01 1.174417e-03 4.042942e-01 1.490960e-02 -1.174295e-03 9.998882e-01 9.441023e+00
9.999631e-01 3.298170e-04 8.584546e-03 -1.128330e+01 -3.212674e-04 9.999995e-01 -9.972683e-04 4.100046e-01 -8.584870e-03 9.944743e-04 9.999627e-01 8.847178e+00
9.999132e-01 -3.423055e-04 -1.317179e-02 -1.122264e+01 3.485843e-04 9.999998e-01 4.744041e-04 4.213486e-01 1.317162e-02 -4.789551e-04 9.999131e-01 8.022949e+00
9.999768e-01 5.491126e-04 6.790765e-03 -1.116713e+01 -5.447107e-04 9.999996e-01 -6.500202e-04 4.272626e-01 -6.791120e-03 6.463068e-04 9.999767e-01 7.506636e+00
9.999357e-01 -3.546009e-04 -1.133298e-02 -1.111370e+01 3.613811e-04 9.999998e-01 5.962501e-04 4.371523e-01 1.133277e-02 -6.003079e-04 9.999356e-01 6.715190e+00
9.999526e-01 6.427568e-04 9.714726e-03 -1.132734e+01 -6.329236e-04 9.999993e-01 -1.015221e-03 4.521040e-01 -9.715372e-03 1.009025e-03 9.999523e-01 6.095412e+00
9.999446e-01 1.385962e-05 -1.052521e-02 -1.134750e+01 -1.828341e-05 9.999999e-01 -4.201893e-04 4.322297e-01 1.052520e-02 4.203578e-04 9.999445e-01 7.173044e+00
9.999791e-01 2.718223e-04 6.461745e-03 -1.118485e+01 -2.692784e-04 9.999999e-01 -3.945208e-04 4.033430e-01 -6.461851e-03 3.927732e-04 9.999790e-01 8.039651e+00
9.999578e-01 -8.215935e-05 -9.184917e-03 -1.128518e+01 8.055998e-05 1.000000e+00 -1.744767e-04 4.152050e-01 9.184931e-03 1.737287e-04 9.999578e-01 7.364994e+00
9.999732e-01 6.049911e-04 7.302846e-03 -1.160672e+01 -5.974354e-04 9.999993e-01 -1.036738e-03 4.297138e-01 -7.303468e-03 1.032348e-03 9.999728e-01 7.165079e+00
9.999452e-01 3.034879e-05 -1.046710e-02 -1.183069e+01 -2.755631e-05 1.000000e+00 2.669504e-04 4.353056e-01 1.046710e-02 -2.666480e-04 9.999452e-01 7.236373e+00
9.998914e-01 7.017666e-04 1.472282e-02 -1.247381e+01 -6.674218e-04 9.999970e-01 -2.337533e-03 4.664561e-01 -1.472442e-02 2.327453e-03 9.998889e-01 7.675717e+00
9.999791e-01 2.824810e-04 -6.465563e-03 -1.340934e+01 -2.866636e-04 9.999998e-01 -6.459635e-04 5.211043e-01 6.465379e-03 6.478027e-04 9.999789e-01 7.937452e+00
9.999815e-01 3.822611e-04 6.072511e-03 -1.379333e+01 -3.781489e-04 9.999997e-01 -6.782879e-04 5.419690e-01 -6.072768e-03 6.759798e-04 9.999813e-01 8.280650e+00
9.999311e-01 8.386193e-06 -1.173644e-02 -1.386600e+01 -3.103216e-06 9.999999e-01 4.501701e-04 5.480821e-01 1.173645e-02 -4.501034e-04 9.999310e-01 7.932203e+00
9.999723e-01 2.395567e-04 7.439889e-03 -1.378486e+01 -2.350477e-04 9.999998e-01 -6.069073e-04 5.591045e-01 -7.440032e-03 6.051424e-04 9.999721e-01 7.064474e+00
9.998817e-01 -1.746099e-04 -1.537884e-02 -1.363289e+01 1.684633e-04 9.999999e-01 -4.009589e-04 5.599201e-01 1.537891e-02 3.983200e-04 9.998817e-01 6.672507e+00
9.999849e-01 5.928811e-04 5.458003e-03 -1.334036e+01 -5.962376e-04 9.999996e-01 6.133964e-04 5.456975e-01 -5.457637e-03 -6.166408e-04 9.999849e-01 6.746713e+00
9.999306e-01 -4.197836e-04 -1.177259e-02 -1.320541e+01 4.086759e-04 9.999995e-01 -9.458934e-04 5.549333e-01 1.177298e-02 9.410159e-04 9.999303e-01 5.979842e+00
9.999539e-01 3.702870e-04 9.599347e-03 -1.319884e+01 -3.722672e-04 9.999999e-01 2.045230e-04 5.717340e-01 -9.599270e-03 -2.080864e-04 9.999539e-01 4.899345e+00
9.999484e-01 -3.366069e-04 -1.015052e-02 -1.343091e+01 3.247063e-04 9.999993e-01 -1.174015e-03 5.984759e-01 1.015091e-02 1.170658e-03 9.999478e-01 3.934704e+00
9.999252e-01 5.869611e-04 1.221680e-02 -1.377337e+01 -5.829732e-04 9.999998e-01 -3.299617e-04 6.288923e-01 -1.221699e-02 3.228156e-04 9.999253e-01 2.956349e+00
9.998506e-01 -4.381050e-04 -1.728023e-02 -1.377117e+01 4.309689e-04 9.999998e-01 -4.166699e-04 6.393395e-01 1.728041e-02 4.091597e-04 9.998506e-01 2.368423e+00
9.999567e-01 6.085610e-04 9.286050e-03 -1.364542e+01 -6.109150e-04 9.999998e-01 2.506880e-04 6.443088e-01 -9.285895e-03 -2.563495e-04 9.999569e-01 1.865365e+00
9.998324e-01 -2.886096e-04 -1.830489e-02 -1.346091e+01 2.763085e-04 9.999997e-01 -6.745253e-04 6.451763e-01 1.830508e-02 6.693538e-04 9.998322e-01 1.560148e+00
9.999560e-01 4.694633e-04 9.370602e-03 -1.328632e+01 -4.722535e-04 9.999998e-01 2.955660e-04 6.493569e-01 -9.370461e-03 -2.999776e-04 9.999561e-01 1.087876e+00
9.998381e-01 -2.980638e-04 -1.799006e-02 -1.300070e+01 2.873046e-04 9.999998e-01 -6.006308e-04 6.503961e-01 1.799024e-02 5.953642e-04 9.998380e-01 5.080856e-01
9.999699e-01 6.342055e-04 7.737299e-03 -1.272454e+01 -6.337550e-04 9.999998e-01 -6.064372e-05 6.449144e-01 -7.737335e-03 5.573901e-05 9.999701e-01 2.795748e-01
9.998405e-01 -3.079042e-04 -1.785875e-02 -1.254956e+01 3.009134e-04 9.999999e-01 -3.941215e-04 6.355588e-01 1.785887e-02 3.886840e-04 9.998404e-01 4.030056e-01
9.999530e-01 7.239762e-04 9.670919e-03 -1.243582e+01 -7.233316e-04 9.999997e-01 -7.011765e-05 6.197847e-01 -9.670967e-03 6.311974e-05 9.999532e-01 7.713652e-01
9.998776e-01 -3.664016e-04 -1.564109e-02 -1.225219e+01 3.567479e-04 9.999997e-01 -6.199754e-04 5.898542e-01 1.564132e-02 6.143189e-04 9.998775e-01 1.541098e+00
9.999590e-01 6.844948e-04 9.034098e-03 -1.174900e+01 -6.746027e-04 9.999992e-01 -1.097949e-03 5.535637e-01 -9.034842e-03 1.091810e-03 9.999586e-01 2.163159e+00
9.998398e-01 -5.345416e-05 -1.790133e-02 -1.128509e+01 4.713751e-05 9.999999e-01 -3.532673e-04 5.413531e-01 1.790135e-02 3.523662e-04 9.998397e-01 2.140728e+00
9.999670e-01 4.416655e-04 8.106093e-03 -1.112518e+01 -4.402285e-04 9.999999e-01 -1.790287e-04 5.305658e-01 -8.106171e-03 1.754550e-04 9.999671e-01 2.323861e+00
9.998528e-01 -5.157972e-05 -1.715996e-02 -1.101290e+01 5.003500e-05 1.000000e+00 -9.043297e-05 5.185264e-01 1.715996e-02 8.956038e-05 9.998528e-01 2.561688e+00
9.999179e-01 6.143456e-04 1.279958e-02 -1.089584e+01 -6.063532e-04 9.999996e-01 -6.282798e-04 4.912287e-01 -1.279996e-02 6.204678e-04 9.999179e-01 3.422691e+00
9.998226e-01 -1.261227e-04 -1.883722e-02 -1.072012e+01 1.285556e-04 1.000000e+00 1.279580e-04 4.632758e-01 1.883720e-02 -1.303575e-04 9.998226e-01 4.159150e+00
9.999677e-01 3.876761e-04 8.025601e-03 -1.053257e+01 -3.845869e-04 9.999999e-01 -3.864175e-04 4.579344e-01 -8.025750e-03 3.833191e-04 9.999677e-01 4.074718e+00
9.998926e-01 9.387860e-05 -1.465434e-02 -1.049472e+01 -9.109251e-05 1.000000e+00 1.908061e-04 4.447118e-01 1.465436e-02 -1.894514e-04 9.998926e-01 4.493148e+00
9.999659e-01 2.909298e-04 8.252259e-03 -1.046116e+01 -2.880659e-04 9.999999e-01 -3.481987e-04 4.322328e-01 -8.252359e-03 3.458103e-04 9.999659e-01 4.929477e+00
9.998900e-01 1.672799e-04 -1.483364e-02 -1.046299e+01 -1.632711e-04 9.999999e-01 2.714762e-04 4.235620e-01 1.483368e-02 -2.690251e-04 9.998899e-01 5.264623e+00
9.999362e-01 4.023390e-04 1.128562e-02 -1.068750e+01 -3.914991e-04 9.999995e-01 -9.626697e-04 4.325861e-01 -1.128600e-02 9.581906e-04 9.999359e-01 5.610629e+00
9.998857e-01 2.132001e-04 -1.511701e-02 -1.089763e+01 -2.084198e-04 9.999999e-01 3.178165e-04 4.433996e-01 1.511708e-02 -3.146302e-04 9.998857e-01 5.822563e+00
9.999581e-01 3.183952e-04 9.153519e-03 -1.101801e+01 -3.123503e-04 9.999997e-01 -6.617784e-04 4.473350e-01 -9.153727e-03 6.588921e-04 9.999579e-01 5.901309e+00
9.999341e-01 4.166564e-04 -1.147336e-02 -1.125888e+01 -4.173055e-04 9.999999e-01 -5.415641e-05 4.579650e-01 1.147333e-02 5.894008e-05 9.999342e-01 6.217450e+00
9.999760e-01 2.096436e-04 6.921572e-03 -1.141922e+01 -2.041680e-04 9.999997e-01 -7.917375e-04 4.669590e-01 -6.921735e-03 7.903061e-04 9.999757e-01 6.247437e+00
9.998969e-01 -1.974724e-04 -1.436121e-02 -1.130437e+01 1.999384e-04 1.000000e+00 1.702972e-04 4.742020e-01 1.436118e-02 -1.731516e-04 9.998969e-01 5.672307e+00
9.999620e-01 6.104852e-04 8.692341e-03 -1.142835e+01 -6.039906e-04 9.999995e-01 -7.497415e-04 4.830013e-01 -8.692795e-03 7.444636e-04 9.999619e-01 5.523511e+00
9.999185e-01 -1.582088e-05 -1.276358e-02 -1.166648e+01 1.595306e-05 1.000000e+00 1.027636e-05 4.949968e-01 1.276358e-02 -1.047980e-05 9.999185e-01 5.545459e+00
9.999219e-01 7.821780e-04 1.247217e-02 -1.206520e+01 -7.659676e-04 9.999989e-01 -1.304420e-03 5.141395e-01 -1.247318e-02 1.294766e-03 9.999214e-01 5.638231e+00
9.999289e-01 1.045936e-05 -1.192561e-02 -1.246115e+01 -1.170291e-05 1.000000e+00 -1.041820e-04 5.310010e-01 1.192561e-02 1.043135e-04 9.999289e-01 5.831647e+00
9.999138e-01 7.929687e-04 1.310288e-02 -1.290035e+01 -7.740373e-04 9.999986e-01 -1.449814e-03 5.517910e-01 -1.310401e-02 1.439547e-03 9.999131e-01 5.966391e+00
9.999293e-01 4.262103e-06 -1.188967e-02 -1.339124e+01 -5.727991e-06 1.000000e+00 -1.232331e-04 5.761902e-01 1.188967e-02 1.232918e-04 9.999293e-01 5.954089e+00
9.999210e-01 7.720317e-04 1.254223e-02 -1.385644e+01 -7.553371e-04 9.999988e-01 -1.335729e-03 5.998718e-01 -1.254325e-02 1.326150e-03 9.999205e-01 6.078546e+00
9.999069e-01 -3.237798e-05 -1.364383e-02 -1.421339e+01 3.494294e-05 1.000000e+00 1.877764e-04 6.181907e-01 1.364383e-02 -1.882363e-04 9.999069e-01 6.205456e+00
9.999567e-01 6.691311e-04 9.280830e-03 -1.437309e+01 -6.611964e-04 9.999994e-01 -8.579658e-04 6.240588e-01 -9.281398e-03 8.517929e-04 9.999566e-01 6.250112e+00
9.999049e-01 -1.174811e-04 -1.379318e-02 -1.454304e+01 1.161856e-04 1.000000e+00 -9.470467e-05 6.333900e-01 1.379319e-02 9.309243e-05 9.999049e-01 6.239178e+00
9.999484e-01 7.411268e-04 1.013233e-02 -1.476782e+01 -7.338982e-04 9.999995e-01 -7.170923e-04 6.447766e-01 -1.013285e-02 7.096198e-04 9.999484e-01 6.292362e+00
9.999059e-01 -3.392636e-04 -1.371390e-02 -1.498941e+01 3.351335e-04 9.999999e-01 -3.034362e-04 6.614420e-01 1.371400e-02 2.988111e-04 9.999059e-01 5.960996e+00
9.999581e-01 7.254464e-04 9.120401e-03 -1.510893e+01 -7.157149e-04 9.999992e-01 -1.070181e-03 6.741934e-01 -9.121170e-03 1.063610e-03 9.999578e-01 5.640335e+00
9.999209e-01 -1.339784e-04 -1.257649e-02 -1.530660e+01 1.371389e-04 1.000000e+00 2.504650e-04 6.816967e-01 1.257646e-02 -2.521706e-04 9.999209e-01 5.799189e+00
9.998864e-01 1.004429e-03 1.503668e-02 -1.588031e+01 -9.726586e-04 9.999973e-01 -2.120023e-03 7.105944e-01 -1.503877e-02 2.105157e-03 9.998847e-01 6.028334e+00
9.999228e-01 -1.897534e-04 -1.242132e-02 -1.641804e+01 1.921613e-04 1.000000e+00 1.926901e-04 7.388321e-01 1.242128e-02 -1.950628e-04 9.999228e-01 6.349110e+00
9.999106e-01 9.562462e-04 1.333432e-02 -1.690167e+01 -9.331797e-04 9.999981e-01 -1.735955e-03 7.661463e-01 -1.333595e-02 1.723358e-03 9.999096e-01 6.673042e+00
9.999090e-01 -2.155293e-04 -1.348518e-02 -1.733789e+01 2.195439e-04 9.999999e-01 2.962507e-04 7.932007e-01 1.348512e-02 -2.991850e-04 9.999090e-01 6.808778e+00
9.999436e-01 8.013068e-04 1.058971e-02 -1.765465e+01 -7.880000e-04 9.999989e-01 -1.260659e-03 8.095018e-01 -1.059071e-02 1.252244e-03 9.999431e-01 6.803595e+00
9.999633e-01 2.598520e-05 -8.563003e-03 -1.821381e+01 -2.939787e-05 9.999999e-01 -3.983770e-04 8.431824e-01 8.562991e-03 3.986134e-04 9.999633e-01 7.027431e+00
9.999624e-01 7.228563e-04 8.643013e-03 -1.860616e+01 -7.140425e-04 9.999992e-01 -1.022758e-03 8.628238e-01 -8.643745e-03 1.016549e-03 9.999621e-01 7.319498e+00
9.999568e-01 -1.789218e-04 -9.294727e-03 -1.902646e+01 1.757467e-04 9.999999e-01 -3.423893e-04 8.853255e-01 9.294788e-03 3.407403e-04 9.999567e-01 7.523115e+00
9.999601e-01 8.085806e-04 8.896389e-03 -1.944468e+01 -7.955284e-04 9.999986e-01 -1.470532e-03 9.137410e-01 -8.897566e-03 1.463397e-03 9.999593e-01 7.559680e+00
9.999707e-01 -5.517783e-05 -7.655864e-03 -1.997176e+01 5.489177e-05 1.000000e+00 -3.753640e-05 9.433691e-01 7.655866e-03 3.711441e-05 9.999707e-01 7.709304e+00
9.999789e-01 7.739481e-04 6.455418e-03 -2.034916e+01 -7.655756e-04 9.999989e-01 -1.299294e-03 9.648613e-01 -6.456416e-03 1.294325e-03 9.999783e-01 7.770426e+00
9.999116e-01 -3.720741e-04 -1.328757e-02 -2.036723e+01 3.787430e-04 9.999998e-01 4.993996e-04 9.674320e-01 1.328738e-02 -5.043887e-04 9.999116e-01 7.760590e+00
9.999466e-01 1.012397e-03 1.028680e-02 -2.063908e+01 -1.001071e-03 9.999989e-01 -1.106022e-03 9.813108e-01 -1.028791e-02 1.095666e-03 9.999465e-01 7.956649e+00
9.999239e-01 -3.480649e-04 -1.232954e-02 -2.095414e+01 3.486374e-04 9.999999e-01 4.430656e-05 9.987614e-01 1.232952e-02 -4.860238e-05 9.999240e-01 8.064558e+00
9.999907e-01 5.340268e-04 4.282801e-03 -2.080933e+01 -5.321784e-04 9.999998e-01 -4.326467e-04 1.002524e+00 -4.283031e-03 4.303641e-04 9.999907e-01 7.652189e+00
9.999337e-01 -4.505504e-04 -1.150932e-02 -2.060641e+01 4.538357e-04 9.999999e-01 2.828556e-04 1.008977e+00 1.150919e-02 -2.880609e-04 9.999337e-01 6.911923e+00
9.999819e-01 3.251306e-04 6.003286e-03 -2.042925e+01 -3.201895e-04 9.999996e-01 -8.239502e-04 1.020932e+00 -6.003552e-03 8.220138e-04 9.999816e-01 5.944212e+00
9.999292e-01 -2.838266e-04 -1.189205e-02 -2.026578e+01 2.926656e-04 9.999997e-01 7.415612e-04 1.030047e+00 1.189184e-02 -7.449897e-04 9.999290e-01 5.102871e+00
9.999860e-01 3.167588e-04 5.277651e-03 -2.012610e+01 -3.119886e-04 9.999995e-01 -9.045882e-04 1.035932e+00 -5.277935e-03 9.029296e-04 9.999857e-01 4.456177e+00
9.998978e-01 -8.796979e-05 -1.429690e-02 -1.994745e+01 1.005053e-04 9.999996e-01 8.761036e-04 1.035339e+00 1.429681e-02 -8.774516e-04 9.998974e-01 4.083259e+00
9.999847e-01 3.515006e-04 5.529380e-03 -1.977080e+01 -3.463718e-04 9.999995e-01 -9.284260e-04 1.032455e+00 -5.529704e-03 9.264972e-04 9.999843e-01 3.874996e+00
9.999274e-01 -1.436006e-04 -1.204573e-02 -1.969859e+01 1.550845e-04 9.999995e-01 9.524500e-04 1.038460e+00 1.204559e-02 -9.542496e-04 9.999270e-01 3.354921e+00
9.999751e-01 4.293650e-04 7.037862e-03 -1.979877e+01 -4.158954e-04 9.999981e-01 -1.915193e-03 1.049984e+00 -7.038671e-03 1.912219e-03 9.999734e-01 2.970608e+00
9.999567e-01 -2.158816e-05 -9.309231e-03 -2.002299e+01 3.506571e-05 9.999990e-01 1.447636e-03 1.065024e+00 9.309190e-03 -1.447900e-03 9.999556e-01 2.484338e+00
9.999880e-01 1.621040e-04 4.902918e-03 -1.997610e+01 -1.529961e-04 9.999983e-01 -1.857905e-03 1.075614e+00 -4.903210e-03 1.857133e-03 9.999863e-01 1.688161e+00
9.999246e-01 -5.749578e-05 -1.227896e-02 -1.977849e+01 7.747330e-05 9.999987e-01 1.626529e-03 1.078497e+00 1.227885e-02 -1.627358e-03 9.999233e-01 1.075340e+00
9.999943e-01 2.855421e-04 3.359213e-03 -1.949374e+01 -2.806368e-04 9.999989e-01 -1.460525e-03 1.079012e+00 -3.359626e-03 1.459574e-03 9.999933e-01 5.056444e-01
9.999648e-01 -3.155920e-04 -8.390006e-03 -1.937660e+01 3.258245e-04 9.999992e-01 1.218310e-03 1.086135e+00 8.389614e-03 -1.221001e-03 9.999641e-01 -2.454628e-01
9.999999e-01 3.796494e-04 -3.826138e-04 -1.920458e+01 -3.803376e-04 9.999983e-01 -1.801244e-03 1.088334e+00 3.819295e-04 1.801390e-03 9.999983e-01 -6.965323e-01
9.999670e-01 6.674489e-05 -8.123077e-03 -1.904289e+01 -5.478437e-05 9.999989e-01 1.472667e-03 1.076116e+00 8.123167e-03 -1.472174e-03 9.999659e-01 -4.608174e-01
9.999992e-01 3.088687e-04 -1.205295e-03 -1.880245e+01 -3.101205e-04 9.999994e-01 -1.038845e-03 1.069893e+00 1.204974e-03 1.039218e-03 9.999987e-01 -6.716426e-01
9.999689e-01 -1.969566e-04 -7.877988e-03 -1.856779e+01 2.061662e-04 9.999993e-01 1.168281e-03 1.070685e+00 7.877752e-03 -1.169869e-03 9.999683e-01 -1.133997e+00
9.999966e-01 4.554482e-04 -2.583075e-03 -1.837065e+01 -4.591367e-04 9.999989e-01 -1.427691e-03 1.069782e+00 2.582422e-03 1.428873e-03 9.999956e-01 -1.420093e+00
9.999955e-01 -2.337935e-04 -2.985553e-03 -1.830001e+01 2.383432e-04 9.999988e-01 1.523762e-03 1.075809e+00 2.985193e-03 -1.524467e-03 9.999944e-01 -2.093748e+00
9.999981e-01 2.730290e-04 -1.953057e-03 -1.826696e+01 -2.761454e-04 9.999987e-01 -1.595724e-03 1.083260e+00 1.952619e-03 1.596261e-03 9.999968e-01 -2.756090e+00
9.999910e-01 1.873162e-04 -4.236667e-03 -1.835921e+01 -1.816832e-04 9.999991e-01 1.330012e-03 1.088952e+00 4.236912e-03 -1.329231e-03 9.999901e-01 -2.924250e+00
9.999957e-01 1.897626e-04 -2.942648e-03 -1.838601e+01 -1.945607e-04 9.999987e-01 -1.630458e-03 1.091199e+00 2.942335e-03 1.631024e-03 9.999943e-01 -3.095321e+00
9.999967e-01 7.645468e-05 -2.574813e-03 -1.843955e+01 -7.315421e-05 9.999992e-01 1.282037e-03 1.101211e+00 2.574909e-03 -1.281845e-03 9.999959e-01 -3.598791e+00
9.999634e-01 1.619189e-04 -8.555410e-03 -1.802921e+01 -1.696602e-04 9.999996e-01 -9.041751e-04 1.088865e+00 8.555260e-03 9.055941e-04 9.999630e-01 -3.835579e+00
9.999893e-01 -2.205135e-04 -4.622506e-03 -1.747628e+01 2.199670e-04 1.000000e+00 -1.186543e-04 1.086404e+00 4.622531e-03 1.176356e-04 9.999893e-01 -4.404316e+00
9.999995e-01 1.556464e-04 -9.542615e-04 -1.732410e+01 -1.561189e-04 9.999999e-01 -4.954905e-04 1.098731e+00 9.541844e-04 4.956398e-04 9.999994e-01 -5.339062e+00
9.999672e-01 -5.323687e-05 -8.097019e-03 -1.715764e+01 5.278553e-05 1.000000e+00 -5.590960e-05 1.101330e+00 8.097022e-03 5.547975e-05 9.999672e-01 -5.775190e+00
9.999993e-01 5.107304e-04 -1.066532e-03 -1.702691e+01 -5.112631e-04 9.999997e-01 -4.996140e-04 1.095472e+00 1.066277e-03 5.001596e-04 9.999993e-01 -5.705785e+00
9.999901e-01 2.703717e-04 -4.435196e-03 -1.706610e+01 -2.711441e-04 9.999999e-01 -1.734744e-04 1.097117e+00 4.435149e-03 1.746746e-04 9.999901e-01 -5.692081e+00
9.999981e-01 8.242452e-05 -1.953802e-03 -1.700185e+01 -8.266104e-05 1.000000e+00 -1.211677e-04 1.099678e+00 1.953792e-03 1.213296e-04 9.999981e-01 -6.111545e+00
9.999782e-01 4.702621e-05 -6.596179e-03 -1.686276e+01 -5.065288e-05 9.999998e-01 -5.495913e-04 1.102700e+00 6.596152e-03 5.499129e-04 9.999781e-01 -6.513089e+00
9.999973e-01 3.646707e-04 -2.303356e-03 -1.675590e+01 -3.648340e-04 9.999999e-01 -7.061553e-05 1.098327e+00 2.303330e-03 7.145629e-05 9.999973e-01 -6.466701e+00
9.999750e-01 7.812551e-05 -7.067280e-03 -1.656791e+01 -7.979657e-05 1.000000e+00 -2.361152e-04 1.095510e+00 7.067261e-03 2.366727e-04 9.999750e-01 -6.691175e+00
9.999948e-01 1.886454e-04 -3.229288e-03 -1.628649e+01 -1.887484e-04 1.000000e+00 -3.170414e-05 1.089845e+00 3.229282e-03 3.231410e-05 9.999948e-01 -6.945289e+00
9.999809e-01 1.695712e-04 -6.182052e-03 -1.610668e+01 -1.698596e-04 1.000000e+00 -4.606973e-05 1.088308e+00 6.182044e-03 4.711833e-05 9.999809e-01 -7.235386e+00
9.999990e-01 3.157043e-04 -1.406051e-03 -1.607119e+01 -3.162859e-04 9.999999e-01 -4.137119e-04 1.085942e+00 1.405920e-03 4.141568e-04 9.999989e-01 -7.179624e+00
9.999820e-01 2.313908e-04 -6.003556e-03 -1.605133e+01 -2.307790e-04 1.000000e+00 1.026729e-04 1.082120e+00 6.003580e-03 -1.012862e-04 9.999820e-01 -6.960357e+00
9.999876e-01 2.716519e-04 -4.964075e-03 -1.583428e+01 -2.734869e-04 9.999999e-01 -3.690631e-04 1.074106e+00 4.963974e-03 3.704168e-04 9.999876e-01 -6.944712e+00
9.999852e-01 1.401125e-04 -5.436678e-03 -1.559194e+01 -1.387634e-04 1.000000e+00 2.485937e-04 1.067905e+00 5.436712e-03 -2.478362e-04 9.999852e-01 -7.049118e+00
9.999998e-01 3.275145e-04 4.950468e-04 -1.575359e+01 -3.270465e-04 9.999995e-01 -9.444070e-04 1.079733e+00 -4.953558e-04 9.442455e-04 9.999994e-01 -7.051309e+00
9.999966e-01 2.528771e-04 -2.601482e-03 -1.611177e+01 -2.540440e-04 9.999999e-01 -4.480945e-04 1.105061e+00 2.601368e-03 4.487532e-04 9.999965e-01 -7.046941e+00
9.999786e-01 -8.165822e-05 -6.547887e-03 -1.588806e+01 8.534867e-05 9.999998e-01 5.632703e-04 1.107359e+00 6.547840e-03 -5.638165e-04 9.999784e-01 -7.584739e+00
9.999977e-01 1.022393e-04 -2.145802e-03 -1.564655e+01 -1.037092e-04 9.999998e-01 -6.847567e-04 1.112203e+00 2.145731e-03 6.849771e-04 9.999975e-01 -8.249853e+00
9.999878e-01 1.267062e-04 -4.934674e-03 -1.551918e+01 -1.223164e-04 9.999996e-01 8.897937e-04 1.117550e+00 4.934784e-03 -8.891786e-04 9.999874e-01 -8.834623e+00
9.999996e-01 1.666381e-05 8.792547e-04 -1.551545e+01 -1.562070e-05 9.999993e-01 -1.186816e-03 1.131108e+00 -8.792739e-04 1.186801e-03 9.999989e-01 -9.656512e+00
9.999613e-01 2.059820e-04 -8.796165e-03 -1.530014e+01 -1.916664e-04 9.999987e-01 1.628249e-03 1.131358e+00 8.796489e-03 -1.626499e-03 9.999600e-01 -1.017757e+01
9.999847e-01 -1.127857e-04 -5.536685e-03 -1.488549e+01 1.023016e-04 9.999982e-01 -1.893730e-03 1.124562e+00 5.536889e-03 1.893134e-03 9.999829e-01 -1.039489e+01
9.999938e-01 5.515520e-04 -3.484654e-03 -1.476206e+01 -5.457384e-04 9.999985e-01 1.668967e-03 1.124769e+00 3.485569e-03 -1.667054e-03 9.999925e-01 -1.052586e+01
9.999878e-01 -1.521947e-04 -4.935203e-03 -1.465495e+01 1.440477e-04 9.999986e-01 -1.651026e-03 1.122285e+00 4.935448e-03 1.650294e-03 9.999865e-01 -1.072956e+01
9.999915e-01 4.379835e-04 -4.108719e-03 -1.447289e+01 -4.322790e-04 9.999989e-01 1.389091e-03 1.123165e+00 4.109323e-03 -1.387302e-03 9.999906e-01 -1.113506e+01
9.999955e-01 -2.157155e-04 -2.996926e-03 -1.430831e+01 2.117070e-04 9.999991e-01 -1.337630e-03 1.127894e+00 2.997211e-03 1.336989e-03 9.999946e-01 -1.178791e+01
9.999711e-01 1.007772e-04 -7.599686e-03 -1.392492e+01 -8.703442e-05 9.999984e-01 1.808591e-03 1.122877e+00 7.599855e-03 -1.807877e-03 9.999695e-01 -1.228069e+01
9.999725e-01 -8.534703e-05 -7.419841e-03 -1.338776e+01 6.916076e-05 9.999976e-01 -2.181655e-03 1.112357e+00 7.420010e-03 2.181081e-03 9.999701e-01 -1.248512e+01
9.999996e-01 4.280122e-04 -7.694880e-04 -1.334747e+01 -4.265924e-04 9.999982e-01 1.843890e-03 1.115320e+00 7.702759e-04 -1.843561e-03 9.999980e-01 -1.273948e+01
9.999881e-01 -1.713193e-04 -4.876830e-03 -1.337035e+01 1.602059e-04 9.999974e-01 -2.279018e-03 1.123999e+00 4.877208e-03 2.278209e-03 9.999855e-01 -1.323402e+01
1.000000e+00 2.864108e-04 -9.703208e-06 -1.327645e+01 -2.863895e-04 9.999978e-01 2.079531e-03 1.132399e+00 1.029885e-05 -2.079528e-03 9.999978e-01 -1.401352e+01
9.999748e-01 4.843063e-05 -7.102115e-03 -1.317938e+01 -7.070482e-05 9.999951e-01 -3.135996e-03 1.129334e+00 7.101928e-03 3.136419e-03 9.999699e-01 -1.414240e+01
9.999994e-01 4.332842e-04 -9.866428e-04 -1.299971e+01 -4.304528e-04 9.999958e-01 2.867730e-03 1.110010e+00 9.878812e-04 -2.867303e-03 9.999954e-01 -1.377435e+01
9.999452e-01 -1.335326e-04 -1.046539e-02 -1.264082e+01 1.020586e-04 9.999955e-01 -3.007873e-03 1.096897e+00 1.046574e-02 3.006639e-03 9.999407e-01 -1.381036e+01
9.999981e-01 5.075703e-04 -1.893879e-03 -1.226514e+01 -5.028630e-04 9.999968e-01 2.484964e-03 1.085374e+00 1.895135e-03 -2.484006e-03 9.999951e-01 -1.385544e+01
9.999830e-01 -2.911445e-04 -5.825103e-03 -1.203602e+01 2.749491e-04 9.999961e-01 -2.780812e-03 1.090603e+00 5.825890e-03 2.779162e-03 9.999792e-01 -1.452845e+01
9.999856e-01 7.283321e-05 -5.370547e-03 -1.142084e+01 -6.399641e-05 9.999986e-01 1.645486e-03 1.060275e+00 5.370660e-03 -1.645119e-03 9.999842e-01 -1.443231e+01
9.999852e-01 3.625516e-04 -5.431222e-03 -1.084989e+01 -3.791790e-04 9.999952e-01 -3.060631e-03 1.024325e+00 5.430087e-03 3.062644e-03 9.999806e-01 -1.391554e+01
9.999880e-01 -1.476672e-04 -4.886987e-03 -1.053926e+01 1.607688e-04 9.999964e-01 2.680531e-03 1.018172e+00 4.886573e-03 -2.681284e-03 9.999845e-01 -1.420412e+01
9.999906e-01 4.225774e-04 -4.324615e-03 -1.029288e+01 -4.352305e-04 9.999956e-01 -2.925220e-03 1.019392e+00 4.323360e-03 2.927074e-03 9.999864e-01 -1.468235e+01
9.999955e-01 -9.376195e-05 -2.995996e-03 -1.021117e+01 1.013479e-04 9.999968e-01 2.531825e-03 1.022899e+00 2.995749e-03 -2.532117e-03 9.999923e-01 -1.507589e+01
9.999592e-01 4.333882e-04 -9.020994e-03 -9.931697e+00 -4.596916e-04 9.999956e-01 -2.913888e-03 1.016357e+00 9.019692e-03 2.917915e-03 9.999551e-01 -1.519653e+01
9.999728e-01 3.169333e-04 7.372388e-03 -1.036599e+01 -3.293141e-04 9.999985e-01 1.678255e-03 1.038397e+00 -7.371845e-03 -1.680637e-03 9.999714e-01 -1.516886e+01
9.999999e-01 2.817973e-04 -3.003746e-04 -1.118547e+01 -2.830290e-04 9.999915e-01 -4.106895e-03 1.084258e+00 2.992147e-04 4.106979e-03 9.999915e-01 -1.587875e+01
9.999855e-01 -1.694652e-04 -5.378043e-03 -1.109392e+01 1.873195e-04 9.999945e-01 3.319431e-03 1.091224e+00 5.377451e-03 -3.320390e-03 9.999800e-01 -1.654823e+01
9.999321e-01 9.176200e-04 -1.161592e-02 -1.010273e+01 -9.556466e-04 9.999942e-01 -3.268486e-03 1.043502e+00 1.161286e-02 3.279364e-03 9.999272e-01 -1.629320e+01
