9.999951e-01 4.151210e-04 -3.108210e-03 -5.720369e-02 -4.166700e-04 9.999998e-01 -4.977313e-04 1.145372e-03 3.108002e-03 4.990232e-04 9.999950e-01 -1.576007e-01
9.999999e-01 1.394970e-05 -5.266627e-04 -7.728401e-02 -1.389098e-05 1.000000e+00 1.114565e-04 -2.864895e-03 5.266646e-04 -1.114485e-04 9.999999e-01 -1.012077e-01
9.999968e-01 6.130232e-04 -2.468047e-03 -1.698120e-01 -6.153488e-04 9.999994e-01 -9.416131e-04 -7.990104e-03 2.467468e-03 9.431281e-04 9.999965e-01 3.047430e-01
1.000000e+00 -2.329783e-04 2.058118e-04 -2.629441e-01 2.328889e-04 9.999999e-01 4.344829e-04 -6.406637e-03 -2.059127e-04 -4.344342e-04 9.999999e-01 1.572434e-01
9.999970e-01 4.562587e-04 -2.426843e-03 -3.156342e-01 -4.572871e-04 9.999998e-01 -4.232087e-04 -1.329728e-03 2.426649e-03 4.243165e-04 9.999970e-01 -3.516047e-01
9.999978e-01 1.302594e-04 -2.083295e-03 -3.151794e-01 -1.308301e-04 1.000000e+00 -2.738221e-04 -1.346161e-02 2.083260e-03 2.740947e-04 9.999978e-01 7.714110e-02
9.999964e-01 3.462656e-04 -2.677746e-03 -3.252908e-01 -3.468202e-04 9.999999e-01 -2.066520e-04 -2.398744e-02 2.677674e-03 2.075792e-04 9.999964e-01 5.243913e-01
9.999991e-01 2.827389e-04 -1.333873e-03 -3.566669e-01 -2.835501e-04 9.999998e-01 -6.079928e-04 -3.410911e-02 1.333701e-03 6.083711e-04 9.999989e-01 9.432466e-01
9.999984e-01 3.182874e-04 -1.764001e-03 -4.650656e-01 -3.188220e-04 9.999999e-01 -3.027670e-04 -4.116529e-02 1.763904e-03 3.033282e-04 9.999984e-01 1.431625e+00
9.999995e-01 2.326277e-04 -9.444010e-04 -6.258596e-01 -2.331207e-04 9.999998e-01 -5.220080e-04 -4.037117e-02 9.442798e-04 5.222286e-04 9.999994e-01 1.608733e+00
9.999984e-01 2.686597e-04 -1.762930e-03 -7.192962e-01 -2.689414e-04 1.000000e+00 -1.595046e-04 -4.088895e-02 1.762887e-03 1.599778e-04 9.999984e-01 1.627969e+00
9.999998e-01 2.127203e-04 6.662320e-04 -8.857882e-01 -2.122011e-04 9.999997e-01 -7.792120e-04 -3.772697e-02 -6.663972e-04 7.790712e-04 9.999995e-01 1.626592e+00
9.999978e-01 3.135502e-05 -2.074575e-03 -1.005922e+00 -3.034775e-05 9.999999e-01 4.855813e-04 -3.058772e-02 2.074590e-03 -4.855180e-04 9.999977e-01 1.151624e+00
9.999995e-01 1.682431e-04 9.785840e-04 -1.107384e+00 -1.676703e-04 9.999998e-01 -5.853474e-04 -2.139806e-02 -9.786820e-04 5.851837e-04 9.999993e-01 4.497310e-01
9.999890e-01 1.966521e-04 -4.682984e-03 -1.183673e+00 -1.956268e-04 1.000000e+00 2.194193e-04 -2.143056e-02 4.683026e-03 -2.185015e-04 9.999890e-01 2.990602e-01
9.999992e-01 2.317749e-04 1.207229e-03 -1.313066e+00 -2.307100e-04 9.999996e-01 -8.822034e-04 -2.193488e-02 -1.207432e-03 8.819250e-04 9.999989e-01 4.171684e-01
9.999990e-01 1.605885e-05 -1.380812e-03 -1.474130e+00 -1.489936e-05 9.999996e-01 8.397480e-04 -8.519202e-03 1.380825e-03 -8.397274e-04 9.999987e-01 -3.865107e-01
9.999999e-01 1.959608e-04 -4.112333e-04 -1.538312e+00 -1.964090e-04 9.999994e-01 -1.090287e-03 3.028078e-03 4.110197e-04 1.090369e-03 9.999993e-01 -1.144897e+00
9.999941e-01 2.344084e-04 -3.417166e-03 -1.582405e+00 -2.320253e-04 9.999997e-01 6.978000e-04 5.841483e-03 3.417329e-03 -6.970037e-04 9.999939e-01 -1.398635e+00
9.999999e-01 1.407161e-04 3.481512e-04 -1.655202e+00 -1.402915e-04 9.999992e-01 -1.219080e-03 9.382910e-03 -3.483222e-04 1.219031e-03 9.999992e-01 -1.683924e+00
9.999975e-01 3.170512e-05 -2.228109e-03 -1.674992e+00 -2.886555e-05 9.999992e-01 1.274468e-03 2.100905e-02 2.228148e-03 -1.274401e-03 9.999967e-01 -2.544242e+00
9.999995e-01 3.405886e-05 1.028036e-03 -1.726278e+00 -3.222582e-05 9.999984e-01 -1.782971e-03 3.485073e-02 -1.028094e-03 1.782937e-03 9.999979e-01 -3.488037e+00
9.999983e-01 1.416596e-04 -1.850541e-03 -1.840418e+00 -1.391098e-04 9.999990e-01 1.377980e-03 4.876155e-02 1.850735e-03 -1.377721e-03 9.999973e-01 -4.303597e+00
9.999980e-01 9.647172e-05 -1.995360e-03 -1.840642e+00 -9.961013e-05 9.999988e-01 -1.572841e-03 5.624088e-02 1.995206e-03 1.573037e-03 9.999968e-01 -4.837984e+00
9.999959e-01 3.210084e-04 -2.856898e-03 -1.813510e+00 -3.194484e-04 9.999998e-01 5.465086e-04 5.419707e-02 2.857073e-03 -5.455944e-04 9.999958e-01 -4.906842e+00
9.999959e-01 1.769856e-04 -2.868456e-03 -1.780958e+00 -1.811445e-04 9.999989e-01 -1.449683e-03 4.557339e-02 2.868197e-03 1.450198e-03 9.999948e-01 -4.621994e+00
9.999989e-01 8.359482e-05 -1.474969e-03 -1.747940e+00 -8.186661e-05 9.999993e-01 1.171756e-03 4.666620e-02 1.475065e-03 -1.171634e-03 9.999982e-01 -4.937789e+00
9.999991e-01 -1.815430e-04 1.313710e-03 -1.743453e+00 1.831733e-04 9.999992e-01 -1.240886e-03 6.360700e-02 -1.313483e-03 1.241126e-03 9.999984e-01 -6.118610e+00
9.999999e-01 2.358562e-04 -2.138613e-04 -1.950114e+00 -2.356772e-04 9.999996e-01 8.371352e-04 8.352667e-02 2.140583e-04 -8.370855e-04 9.999996e-01 -7.040862e+00
9.999976e-01 1.276707e-04 2.209277e-03 -2.404473e+00 -1.230960e-04 9.999978e-01 -2.070675e-03 1.123845e-01 -2.209537e-03 2.070399e-03 9.999954e-01 -7.523362e+00
9.999996e-01 3.759350e-04 -8.362147e-04 -2.853092e+00 -3.751429e-04 9.999995e-01 9.471841e-04 1.401025e-01 8.365700e-04 -9.468707e-04 9.999992e-01 -7.852811e+00
1.000000e+00 -2.182863e-04 -8.465641e-06 -3.016741e+00 2.182741e-04 9.999990e-01 -1.420355e-03 1.576243e-01 8.776012e-06 1.420353e-03 9.999990e-01 -8.657035e+00
9.999996e-01 1.933404e-04 -8.352656e-04 -3.023941e+00 -1.924420e-04 9.999994e-01 1.075562e-03 1.743079e-01 8.354728e-04 -1.075401e-03 9.999991e-01 -9.785631e+00
9.999996e-01 -3.196852e-04 -8.766317e-04 -2.966251e+00 3.184074e-04 9.999989e-01 -1.457543e-03 1.910998e-01 8.770970e-04 1.457264e-03 9.999986e-01 -1.096231e+01
1.000000e+00 2.404795e-04 1.350948e-04 -2.953493e+00 -2.406622e-04 9.999991e-01 1.353219e-03 2.077630e-01 -1.347696e-04 -1.353252e-03 9.999991e-01 -1.213980e+01
9.999974e-01 -2.680832e-04 -2.265675e-03 -2.950259e+00 2.641341e-04 9.999984e-01 -1.743140e-03 2.222453e-01 2.266139e-03 1.742537e-03 9.999959e-01 -1.313672e+01
9.999989e-01 3.913484e-04 -1.439679e-03 -2.964491e+00 -3.894148e-04 9.999990e-01 1.343152e-03 2.328673e-01 1.440203e-03 -1.342590e-03 9.999981e-01 -1.386561e+01
9.999848e-01 -7.759363e-05 -5.508071e-03 -2.900046e+00 6.790158e-05 9.999984e-01 -1.759784e-03 2.326352e-01 5.508200e-03 1.759384e-03 9.999833e-01 -1.402513e+01
9.999985e-01 4.578685e-04 -1.641776e-03 -2.813238e+00 -4.544829e-04 9.999978e-01 2.061997e-03 2.308403e-01 1.642716e-03 -2.061249e-03 9.999965e-01 -1.413652e+01
9.999923e-01 -1.787067e-04 -3.928542e-03 -2.809754e+00 1.703307e-04 9.999977e-01 -2.132332e-03 2.372521e-01 3.928914e-03 2.131647e-03 9.999900e-01 -1.463432e+01
9.999979e-01 3.323246e-04 -2.033657e-03 -2.741409e+00 -3.282189e-04 9.999979e-01 2.018934e-03 2.429590e-01 2.034324e-03 -2.018263e-03 9.999959e-01 -1.522506e+01
9.999906e-01 -1.676313e-04 -4.335177e-03 -2.667737e+00 1.587995e-04 9.999979e-01 -2.037533e-03 2.478795e-01 4.335510e-03 2.036826e-03 9.999885e-01 -1.575814e+01
9.999993e-01 4.019450e-04 -1.131065e-03 -2.629938e+00 -3.997219e-04 9.999980e-01 1.965105e-03 2.547324e-01 1.131852e-03 -1.964652e-03 9.999974e-01 -1.637010e+01
9.999931e-01 -1.838475e-04 -3.698602e-03 -2.667480e+00 1.758375e-04 9.999976e-01 -2.165908e-03 2.629671e-01 3.698992e-03 2.165244e-03 9.999908e-01 -1.690636e+01
9.999999e-01 4.399679e-04 2.507174e-05 -2.773163e+00 -4.400145e-04 9.999981e-01 1.885311e-03 2.737104e-01 -2.424255e-05 -1.885322e-03 9.999982e-01 -1.741208e+01
9.999885e-01 -2.368118e-04 -4.797791e-03 -2.828818e+00 2.257444e-04 9.999973e-01 -2.307212e-03 2.858249e-01 4.798325e-03 2.306103e-03 9.999858e-01 -1.795807e+01
9.999999e-01 4.337760e-04 1.120665e-04 -2.901102e+00 -4.339797e-04 9.999982e-01 1.823793e-03 2.970514e-01 -1.112755e-04 -1.823842e-03 9.999983e-01 -1.847584e+01
9.999892e-01 -1.034999e-04 -4.638672e-03 -3.034439e+00 9.225956e-05 9.999971e-01 -2.423344e-03 3.068902e-01 4.638909e-03 2.422890e-03 9.999863e-01 -1.882477e+01
9.999998e-01 6.079191e-04 1.497123e-04 -3.230298e+00 -6.081610e-04 9.999985e-01 1.620352e-03 3.151799e-01 -1.487273e-04 -1.620444e-03 9.999987e-01 -1.894779e+01
9.999751e-01 -5.653644e-05 -7.059715e-03 -3.223722e+00 4.411196e-05 9.999985e-01 -1.760068e-03 3.134248e-01 7.059804e-03 1.759713e-03 9.999735e-01 -1.897278e+01
9.999991e-01 3.838361e-04 -1.277454e-03 -3.150377e+00 -3.822547e-04 9.999992e-01 1.238036e-03 3.147582e-01 1.277928e-03 -1.237548e-03 9.999984e-01 -1.918707e+01
9.999918e-01 -4.562396e-05 -4.050234e-03 -3.184890e+00 4.009612e-05 9.999991e-01 -1.364913e-03 3.210227e-01 4.050293e-03 1.364740e-03 9.999909e-01 -1.964027e+01
9.999884e-01 2.590461e-04 4.807906e-03 -3.350152e+00 -2.636110e-04 9.999995e-01 9.488430e-04 3.393663e-01 -4.807659e-03 -9.501002e-04 9.999880e-01 -2.071236e+01
9.999941e-01 -2.433114e-04 -3.420544e-03 -3.424360e+00 2.383454e-04 9.999989e-01 -1.452163e-03 3.603148e-01 3.420894e-03 1.451340e-03 9.999931e-01 -2.203414e+01
9.999908e-01 1.499492e-04 4.290405e-03 -3.427220e+00 -1.556199e-04 9.999991e-01 1.321396e-03 3.816583e-01 -4.290204e-03 -1.322052e-03 9.999899e-01 -2.342895e+01
9.999784e-01 -2.600901e-04 -6.567411e-03 -3.346747e+00 2.517972e-04 9.999992e-01 -1.263543e-03 3.925030e-01 6.567735e-03 1.261863e-03 9.999776e-01 -2.442243e+01
9.999891e-01 3.095735e-04 4.664731e-03 -3.320179e+00 -3.160959e-04 9.999990e-01 1.397540e-03 4.038955e-01 -4.664294e-03 -1.399000e-03 9.999881e-01 -2.538218e+01
9.999732e-01 -1.403855e-04 -7.316707e-03 -3.312009e+00 1.297206e-04 9.999989e-01 -1.458069e-03 4.141609e-01 7.316904e-03 1.457081e-03 9.999722e-01 -2.621742e+01
9.999527e-01 2.017953e-04 9.721523e-03 -3.454890e+00 -2.152224e-04 9.999990e-01 1.380135e-03 4.346229e-01 -9.721236e-03 -1.382162e-03 9.999518e-01 -2.751846e+01
9.999791e-01 -3.829294e-04 -6.447974e-03 -3.571417e+00 3.718384e-04 9.999984e-01 -1.721205e-03 4.583487e-01 6.448623e-03 1.718772e-03 9.999777e-01 -2.901495e+01
9.999465e-01 2.513138e-04 1.034010e-02 -3.721383e+00 -2.633303e-04 9.999993e-01 1.160772e-03 4.837998e-01 -1.033980e-02 -1.163434e-03 9.999459e-01 -3.055383e+01
9.998861e-01 1.964089e-04 -1.508907e-02 -3.738041e+00 -2.303860e-04 9.999974e-01 -2.250065e-03 4.793772e-01 1.508859e-02 2.253286e-03 9.998836e-01 -3.042970e+01
9.999689e-01 -1.183293e-04 7.884639e-03 -3.592406e+00 9.606683e-05 9.999960e-01 2.823829e-03 4.618153e-01 -7.884942e-03 -2.822985e-03 9.999649e-01 -3.011556e+01
9.999769e-01 1.597517e-05 -6.792270e-03 -3.644760e+00 -3.692922e-05 9.999952e-01 -3.084883e-03 4.804493e-01 6.792189e-03 3.085063e-03 9.999722e-01 -3.139479e+01
9.999511e-01 -2.029879e-04 9.886735e-03 -3.771254e+00 1.803187e-04 9.999974e-01 2.293716e-03 5.042355e-01 -9.887175e-03 -2.291822e-03 9.999485e-01 -3.286806e+01
9.999766e-01 1.497979e-04 -6.839808e-03 -3.920305e+00 -1.660081e-04 9.999972e-01 -2.369492e-03 5.253629e-01 6.839435e-03 2.370573e-03 9.999738e-01 -3.420768e+01
9.999754e-01 -2.282010e-04 7.009603e-03 -4.001409e+00 2.154790e-04 9.999983e-01 1.815618e-03 5.429864e-01 -7.010006e-03 -1.814064e-03 9.999738e-01 -3.535346e+01
9.999794e-01 2.355523e-04 -6.411627e-03 -4.091409e+00 -2.490126e-04 9.999978e-01 -2.098655e-03 5.600467e-01 6.411119e-03 2.100209e-03 9.999772e-01 -3.651216e+01
9.999697e-01 -3.030834e-04 7.779469e-03 -4.209342e+00 2.908938e-04 9.999987e-01 1.567972e-03 5.796910e-01 -7.779935e-03 -1.565663e-03 9.999685e-01 -3.774531e+01
9.999845e-01 3.329838e-04 -5.559991e-03 -4.352857e+00 -3.432611e-04 9.999982e-01 -1.847588e-03 6.003700e-01 5.559366e-03 1.849469e-03 9.999828e-01 -3.902764e+01
9.999683e-01 -2.458864e-04 7.959556e-03 -4.572309e+00 2.349234e-04 9.999990e-01 1.378237e-03 6.225508e-01 -7.959888e-03 -1.376324e-03 9.999674e-01 -4.020948e+01
9.999890e-01 3.891274e-04 -4.663627e-03 -4.810915e+00 -3.970102e-04 9.999985e-01 -1.689472e-03 6.457477e-01 4.662963e-03 1.691306e-03 9.999877e-01 -4.145803e+01
9.999755e-01 -2.325525e-04 6.998233e-03 -5.037178e+00 2.234617e-04 9.999991e-01 1.299763e-03 6.673455e-01 -6.998530e-03 -1.298168e-03 9.999747e-01 -4.260596e+01
9.999848e-01 4.262493e-04 -5.505183e-03 -5.256726e+00 -4.352554e-04 9.999986e-01 -1.634850e-03 6.880029e-01 5.504478e-03 1.637222e-03 9.999835e-01 -4.366871e+01
9.999998e-01 -2.016636e-04 5.461870e-04 -5.208679e+00 2.012350e-04 9.999997e-01 7.843862e-04 6.911289e-01 -5.463454e-04 -7.842769e-04 9.999995e-01 -4.418890e+01
9.999973e-01 4.997512e-04 -2.254659e-03 -5.315486e+00 -4.998519e-04 9.999999e-01 -4.413803e-05 7.000082e-01 2.254637e-03 4.526562e-05 9.999975e-01 -4.484528e+01
9.999656e-01 -2.373730e-04 8.293581e-03 -5.820343e+00 2.437527e-04 9.999997e-01 -7.682452e-04 7.324568e-01 -8.293396e-03 7.702397e-04 9.999653e-01 -4.602793e+01
9.999935e-01 4.022896e-04 -3.572505e-03 -6.201511e+00 -4.018541e-04 9.999999e-01 1.225898e-04 7.608375e-01 3.572555e-03 -1.211526e-04 9.999936e-01 -4.726280e+01
9.999569e-01 -2.468680e-04 9.276264e-03 -6.492155e+00 2.510742e-04 9.999999e-01 -4.522865e-04 7.870247e-01 -9.276152e-03 4.545953e-04 9.999569e-01 -4.872649e+01
9.999954e-01 4.220015e-05 -3.020037e-03 -6.695165e+00 -4.240634e-05 1.000000e+00 -6.823420e-05 8.158781e-01 3.020035e-03 6.836267e-05 9.999954e-01 -5.041143e+01
9.999554e-01 7.369323e-05 9.444387e-03 -7.088135e+00 -6.727137e-05 9.999998e-01 -6.802907e-04 8.473328e-01 -9.444435e-03 6.796243e-04 9.999552e-01 -5.185134e+01
9.999864e-01 9.728544e-05 -5.214053e-03 -7.401856e+00 -9.694390e-05 1.000000e+00 6.574352e-05 8.734681e-01 5.214060e-03 -6.523644e-05 9.999864e-01 -5.309777e+01
9.999661e-01 1.249591e-04 8.228286e-03 -7.725913e+00 -1.190403e-04 9.999997e-01 -7.198108e-04 8.988703e-01 -8.228374e-03 7.188063e-04 9.999659e-01 -5.411263e+01
9.999987e-01 1.339808e-04 -1.626631e-03 -8.192828e+00 -1.338438e-04 1.000000e+00 8.433486e-05 9.310407e-01 1.626642e-03 -8.411632e-05 9.999987e-01 -5.543864e+01
9.999648e-01 -6.515015e-05 8.386762e-03 -8.500285e+00 7.133551e-05 9.999997e-01 -7.372258e-04 9.616566e-01 -8.386712e-03 7.377974e-04 9.999646e-01 -5.704167e+01
9.999701e-01 -2.105905e-05 -7.735479e-03 -8.539621e+00 2.168001e-05 1.000000e+00 8.018283e-05 9.827176e-01 7.735478e-03 -8.034742e-05 9.999701e-01 -5.828043e+01
9.999031e-01 9.393925e-05 1.392028e-02 -8.828707e+00 -8.102827e-05 9.999996e-01 -9.280604e-04 1.012901e+00 -1.392036e-02 9.268418e-04 9.999027e-01 -5.986301e+01
9.999531e-01 3.875206e-05 -9.689008e-03 -9.075032e+00 -3.728915e-05 1.000000e+00 1.511604e-04 1.038364e+00 9.689014e-03 -1.507913e-04 9.999530e-01 -6.122995e+01
9.999373e-01 1.835393e-04 1.120015e-02 -9.309993e+00 -1.776356e-04 9.999998e-01 -5.281066e-04 1.058991e+00 -1.120024e-02 5.260832e-04 9.999371e-01 -6.216039e+01
9.999479e-01 -5.011383e-05 -1.020855e-02 -9.487407e+00 4.553104e-05 9.999999e-01 -4.491542e-04 1.081972e+00 1.020857e-02 4.486667e-04 9.999478e-01 -6.326122e+01
9.999015e-01 1.706414e-04 1.403430e-02 -9.678966e+00 -1.679650e-04 1.000000e+00 -1.918883e-04 1.106809e+00 -1.403433e-02 1.895114e-04 9.999015e-01 -6.465370e+01
9.999398e-01 -8.788515e-05 -1.096776e-02 -9.776638e+00 8.994121e-05 1.000000e+00 1.869659e-04 1.128346e+00 1.096774e-02 -1.879404e-04 9.999398e-01 -6.603364e+01
9.998664e-01 -2.294118e-04 1.634437e-02 -9.855872e+00 2.525802e-04 9.999990e-01 -1.415467e-03 1.163243e+00 -1.634403e-02 1.419406e-03 9.998654e-01 -6.802400e+01
9.999352e-01 -8.629005e-05 -1.138619e-02 -9.960120e+00 9.436855e-05 9.999997e-01 7.089598e-04 1.193372e+00 1.138613e-02 -7.099876e-04 9.999349e-01 -6.983162e+01
9.999378e-01 1.782493e-04 1.115441e-02 -1.006170e+01 -1.655171e-04 9.999993e-01 -1.142364e-03 1.210151e+00 -1.115461e-02 1.140446e-03 9.999371e-01 -7.084766e+01
9.999900e-01 2.259552e-04 -4.475080e-03 -1.073599e+01 -2.265897e-04 1.000000e+00 -1.412944e-04 1.253391e+00 4.475048e-03 1.423077e-04 9.999900e-01 -7.180277e+01
9.999190e-01 1.114641e-04 1.272559e-02 -1.140831e+01 -9.264461e-05 9.999989e-01 -1.479457e-03 1.296273e+00 -1.272574e-02 1.478158e-03 9.999179e-01 -7.306911e+01
9.999589e-01 -7.139481e-05 -9.061877e-03 -1.170915e+01 7.699020e-05 9.999998e-01 6.171121e-04 1.326298e+00 9.061831e-03 -6.177837e-04 9.999587e-01 -7.440839e+01
9.999224e-01 2.694253e-04 1.245382e-02 -1.201845e+01 -2.494259e-04 9.999987e-01 -1.607411e-03 1.354100e+00 -1.245423e-02 1.604179e-03 9.999212e-01 -7.561252e+01
9.999414e-01 -1.421875e-04 -1.082867e-02 -1.214959e+01 1.540563e-04 9.999994e-01 1.095224e-03 1.374286e+00 1.082851e-02 -1.096827e-03 9.999408e-01 -7.681546e+01
9.998838e-01 3.021455e-04 1.523945e-02 -1.244124e+01 -2.785654e-04 9.999988e-01 -1.549409e-03 1.401069e+00 -1.523990e-02 1.544983e-03 9.998827e-01 -7.815438e+01
9.999467e-01 -2.986334e-04 -1.031562e-02 -1.269045e+01 3.063348e-04 9.999997e-01 7.450061e-04 1.430749e+00 1.031539e-02 -7.481257e-04 9.999465e-01 -7.970378e+01
9.998816e-01 3.333590e-04 1.538278e-02 -1.294531e+01 -3.107586e-04 9.999989e-01 -1.471576e-03 1.459985e+00 -1.538325e-02 1.466620e-03 9.998806e-01 -8.126046e+01
9.999514e-01 -4.827039e-04 -9.848667e-03 -1.318623e+01 4.905542e-04 9.999996e-01 7.946963e-04 1.489094e+00 9.848279e-03 -7.994882e-04 9.999512e-01 -8.287154e+01
9.999002e-01 3.487371e-04 1.412021e-02 -1.334263e+01 -3.280685e-04 9.999989e-01 -1.466052e-03 1.515798e+00 -1.412071e-02 1.461273e-03 9.998992e-01 -8.446162e+01
9.999379e-01 -4.947803e-04 -1.113176e-02 -1.347284e+01 5.027060e-04 9.999996e-01 7.091967e-04 1.541792e+00 1.113140e-02 -7.147480e-04 9.999378e-01 -8.596090e+01
9.999473e-01 5.392746e-04 1.025627e-02 -1.355957e+01 -5.273269e-04 9.999992e-01 -1.167591e-03 1.560987e+00 -1.025689e-02 1.162120e-03 9.999467e-01 -8.700190e+01
9.999056e-01 -3.885486e-04 -1.373709e-02 -1.363366e+01 3.953860e-04 9.999998e-01 4.950170e-04 1.577486e+00 1.373690e-02 -5.004010e-04 9.999055e-01 -8.766686e+01
9.998857e-01 6.844621e-04 1.510051e-02 -1.395127e+01 -6.654178e-04 9.999990e-01 -1.266161e-03 1.603702e+00 -1.510136e-02 1.255968e-03 9.998852e-01 -8.856236e+01
9.999591e-01 -5.333315e-04 -9.031073e-03 -1.439960e+01 5.375697e-04 9.999997e-01 4.668685e-04 1.636613e+00 9.030822e-03 -4.717035e-04 9.999591e-01 -8.986846e+01
9.998858e-01 7.092699e-04 1.509345e-02 -1.483337e+01 -6.889019e-04 9.999988e-01 -1.354625e-03 1.669744e+00 -1.509439e-02 1.344072e-03 9.998852e-01 -9.122653e+01
9.998600e-01 -5.318397e-04 -1.672162e-02 -1.498490e+01 5.398286e-04 9.999997e-01 4.732410e-04 1.685519e+00 1.672136e-02 -4.822008e-04 9.998601e-01 -9.194020e+01
9.998882e-01 8.030774e-04 1.492917e-02 -1.526316e+01 -7.849915e-04 9.999990e-01 -1.217269e-03 1.707608e+00 -1.493013e-02 1.205413e-03 9.998878e-01 -9.228533e+01
9.999101e-01 -4.381084e-04 -1.340024e-02 -1.577579e+01 4.334490e-04 9.999998e-01 -3.506152e-04 1.745933e+00 1.340039e-02 3.447761e-04 9.999102e-01 -9.250353e+01
9.999430e-01 6.187482e-04 1.065506e-02 -1.587076e+01 -6.152772e-04 9.999998e-01 -3.290400e-04 1.764922e+00 -1.065526e-02 3.224647e-04 9.999432e-01 -9.324184e+01
9.999410e-01 -1.442244e-04 -1.085960e-02 -1.629269e+01 1.294600e-04 9.999991e-01 -1.360264e-03 1.794310e+00 1.085979e-02 1.358779e-03 9.999401e-01 -9.340991e+01
9.999532e-01 7.326306e-04 9.644589e-03 -1.664473e+01 -7.263542e-04 9.999995e-01 -6.542606e-04 1.822553e+00 -9.645064e-03 6.472239e-04 9.999533e-01 -9.330824e+01
9.999988e-01 9.617048e-05 -1.531503e-03 -1.754447e+01 -1.005758e-04 9.999959e-01 -2.876661e-03 1.887402e+00 1.531220e-03 2.876812e-03 9.999947e-01 -9.224950e+01
9.999930e-01 5.642811e-04 3.690293e-03 -1.809865e+01 -5.677117e-04 9.999994e-01 9.286314e-04 1.927449e+00 -3.689767e-03 -9.307207e-04 9.999928e-01 -9.230141e+01
9.999970e-01 -1.598258e-04 -2.434990e-03 -1.847292e+01 1.537310e-04 9.999969e-01 -2.502979e-03 1.954964e+00 2.435383e-03 2.502598e-03 9.999939e-01 -9.282347e+01
9.999997e-01 6.643377e-04 -4.817230e-04 -1.857390e+01 -6.636710e-04 9.999988e-01 1.383018e-03 1.962279e+00 4.826409e-04 -1.382699e-03 9.999989e-01 -9.307774e+01
9.999959e-01 -2.044012e-04 -2.851862e-03 -1.864508e+01 1.973267e-04 9.999969e-01 -2.480720e-03 1.964582e+00 2.852360e-03 2.480148e-03 9.999929e-01 -9.313802e+01
9.999991e-01 8.858223e-04 -1.021072e-03 -1.869807e+01 -8.841716e-04 9.999983e-01 1.616056e-03 1.955715e+00 1.022501e-03 -1.615152e-03 9.999982e-01 -9.267047e+01
9.999972e-01 -3.292554e-04 2.347841e-03 -1.903430e+01 3.350804e-04 9.999969e-01 -2.481025e-03 1.973536e+00 -2.347016e-03 2.481805e-03 9.999942e-01 -9.316509e+01
9.999983e-01 4.449425e-04 1.803146e-03 -1.934985e+01 -4.476643e-04 9.999988e-01 1.509314e-03 2.002071e+00 -1.802473e-03 -1.510119e-03 9.999972e-01 -9.442518e+01
9.999933e-01 -2.346178e-04 -3.659189e-03 -1.947336e+01 2.257015e-04 9.999970e-01 -2.436920e-03 2.016728e+00 3.659751e-03 2.436079e-03 9.999903e-01 -9.509931e+01
9.999889e-01 6.414069e-04 -4.665087e-03 -1.931227e+01 -6.337359e-04 9.999984e-01 1.645640e-03 2.009304e+00 4.666135e-03 -1.642666e-03 9.999878e-01 -9.507826e+01
9.999996e-01 5.616066e-05 9.059962e-04 -1.950003e+01 -5.372366e-05 9.999964e-01 -2.689598e-03 2.015516e+00 -9.061437e-04 2.689549e-03 9.999960e-01 -9.450786e+01
9.999995e-01 6.270933e-04 -7.731560e-04 -1.988319e+01 -6.264882e-04 9.999995e-01 7.826634e-04 2.043490e+00 7.736461e-04 -7.821793e-04 9.999994e-01 -9.383877e+01
9.999994e-01 2.354714e-04 1.046146e-03 -2.034101e+01 -2.327702e-04 9.999966e-01 -2.581460e-03 2.073817e+00 -1.046750e-03 2.581216e-03 9.999961e-01 -9.302910e+01
9.999866e-01 4.356965e-04 -5.149082e-03 -2.050638e+01 -4.295222e-04 9.999992e-01 1.200160e-03 2.093296e+00 5.149600e-03 -1.197933e-03 9.999860e-01 -9.268662e+01
9.999976e-01 2.515507e-04 2.164049e-03 -2.076562e+01 -2.452223e-04 9.999957e-01 -2.924072e-03 2.117758e+00 -2.164775e-03 2.923535e-03 9.999934e-01 -9.242846e+01
9.999756e-01 2.699234e-04 -6.975865e-03 -2.092588e+01 -2.591696e-04 9.999988e-01 1.542444e-03 2.132590e+00 6.976273e-03 -1.540599e-03 9.999745e-01 -9.220575e+01
9.999994e-01 4.190115e-04 -1.051458e-03 -2.079559e+01 -4.216120e-04 9.999969e-01 -2.474292e-03 2.126764e+00 1.050418e-03 2.474735e-03 9.999964e-01 -9.194447e+01
9.999900e-01 1.881151e-04 -4.478264e-03 -2.093412e+01 -1.814575e-04 9.999989e-01 1.487022e-03 2.132114e+00 4.478539e-03 -1.486195e-03 9.999889e-01 -9.169289e+01
9.999857e-01 2.832085e-04 -5.337283e-03 -2.076931e+01 -2.950403e-04 9.999975e-01 -2.216175e-03 2.126530e+00 5.336642e-03 2.217719e-03 9.999833e-01 -9.164557e+01
9.999885e-01 1.304221e-04 -4.796896e-03 -2.052368e+01 -1.217206e-04 9.999983e-01 1.814246e-03 2.117422e+00 4.797124e-03 -1.813642e-03 9.999868e-01 -9.156404e+01
9.999828e-01 3.221920e-04 -5.850884e-03 -2.028161e+01 -3.367150e-04 9.999969e-01 -2.481400e-03 2.105520e+00 5.850067e-03 2.483328e-03 9.999798e-01 -9.141499e+01
9.999990e-01 1.685163e-04 -1.373185e-03 -2.019938e+01 -1.657329e-04 9.999979e-01 2.026880e-03 2.088689e+00 1.373523e-03 -2.026652e-03 9.999970e-01 -9.097286e+01
9.999754e-01 3.328552e-04 -7.000329e-03 -2.009113e+01 -3.482815e-04 9.999975e-01 -2.202557e-03 2.076356e+00 6.999579e-03 2.204942e-03 9.999731e-01 -9.061367e+01
1.000000e+00 3.001009e-04 -6.038983e-05 -2.000549e+01 -3.000314e-04 9.999993e-01 1.148790e-03 2.067041e+00 6.073422e-05 -1.148772e-03 9.999993e-01 -9.033950e+01
9.999996e-01 4.737462e-04 -7.500314e-04 -2.036088e+01 -4.757496e-04 9.999963e-01 -2.673268e-03 2.079777e+00 7.487625e-04 2.673624e-03 9.999961e-01 -8.990369e+01
9.999994e-01 3.767298e-04 1.004434e-03 -2.072455e+01 -3.774673e-04 9.999997e-01 7.341195e-04 2.098554e+00 -1.004157e-03 -7.344989e-04 9.999992e-01 -8.944998e+01
9.999950e-01 2.916512e-04 -3.150352e-03 -2.090197e+01 -2.976250e-04 9.999982e-01 -1.895934e-03 2.097402e+00 3.149793e-03 1.896863e-03 9.999932e-01 -8.918315e+01
9.999988e-01 3.692187e-04 1.506195e-03 -2.117373e+01 -3.700681e-04 9.999998e-01 5.636109e-04 2.107485e+00 -1.505986e-03 -5.641683e-04 9.999987e-01 -8.896464e+01
9.999835e-01 2.601156e-04 -5.743854e-03 -2.123686e+01 -2.691529e-04 9.999987e-01 -1.572683e-03 2.105821e+00 5.743438e-03 1.574204e-03 9.999823e-01 -8.861440e+01
9.999983e-01 4.024200e-04 1.771988e-03 -2.131216e+01 -4.036355e-04 9.999997e-01 6.856126e-04 2.101878e+00 -1.771712e-03 -6.863274e-04 9.999982e-01 -8.822395e+01
9.999875e-01 3.156676e-04 -4.988361e-03 -2.144583e+01 -3.249644e-04 9.999982e-01 -1.863017e-03 2.097030e+00 4.987764e-03 1.864615e-03 9.999858e-01 -8.773837e+01
9.999984e-01 4.225782e-04 1.762482e-03 -2.161513e+01 -4.239538e-04 9.999996e-01 7.801160e-04 2.093238e+00 -1.762152e-03 -7.808627e-04 9.999981e-01 -8.726835e+01
9.999970e-01 2.887708e-04 -2.416814e-03 -2.201791e+01 -2.943146e-04 9.999973e-01 -2.293822e-03 2.108649e+00 2.416145e-03 2.294528e-03 9.999944e-01 -8.731934e+01
9.999932e-01 1.358472e-04 3.681286e-03 -2.244784e+01 -1.400182e-04 9.999993e-01 1.132769e-03 2.133111e+00 -3.681130e-03 -1.133278e-03 9.999926e-01 -8.784766e+01
9.999745e-01 1.467234e-04 -7.146494e-03 -2.255094e+01 -1.607457e-04 9.999981e-01 -1.961602e-03 2.145392e+00 7.146193e-03 1.962702e-03 9.999725e-01 -8.840990e+01
9.999939e-01 4.582661e-04 3.471639e-03 -2.278698e+01 -4.603922e-04 9.999997e-01 6.116322e-04 2.154095e+00 -3.471358e-03 -6.132275e-04 9.999938e-01 -8.851228e+01
9.999827e-01 1.197179e-04 -5.884862e-03 -2.298977e+01 -1.297214e-04 9.999985e-01 -1.699534e-03 2.156043e+00 5.884651e-03 1.700268e-03 9.999812e-01 -8.812086e+01
9.999974e-01 5.675829e-04 2.197090e-03 -2.315460e+01 -5.691360e-04 9.999996e-01 7.063207e-04 2.154353e+00 -2.196689e-03 -7.075701e-04 9.999973e-01 -8.781421e+01
9.999683e-01 2.319463e-05 -7.966548e-03 -2.321411e+01 -3.746497e-05 9.999984e-01 -1.791149e-03 2.150861e+00 7.966494e-03 1.791392e-03 9.999667e-01 -8.765489e+01
9.999983e-01 4.949562e-04 -1.771752e-03 -2.297134e+01 -4.930811e-04 9.999993e-01 1.058689e-03 2.137408e+00 1.772274e-03 -1.057814e-03 9.999979e-01 -8.749786e+01
9.999934e-01 1.817266e-04 -3.626743e-03 -2.304320e+01 -1.881418e-04 9.999984e-01 -1.768613e-03 2.143784e+00 3.626416e-03 1.769284e-03 9.999919e-01 -8.754458e+01
9.999728e-01 5.257609e-04 7.363314e-03 -2.374839e+01 -5.185838e-04 9.999994e-01 -9.766071e-04 2.188607e+00 -7.363824e-03 9.727613e-04 9.999724e-01 -8.725704e+01
9.999894e-01 2.101396e-04 -4.591585e-03 -2.421495e+01 -2.170438e-04 9.999988e-01 -1.503250e-03 2.232565e+00 4.591264e-03 1.504232e-03 9.999883e-01 -8.709378e+01
9.999980e-01 -3.349986e-05 1.986227e-03 -2.419616e+01 3.119562e-05 9.999993e-01 1.160078e-03 2.246725e+00 -1.986265e-03 -1.160015e-03 9.999974e-01 -8.802445e+01
9.999892e-01 3.961105e-06 -4.652442e-03 -2.414112e+01 -1.176217e-05 9.999986e-01 -1.676763e-03 2.260468e+00 4.652429e-03 1.676800e-03 9.999878e-01 -8.900853e+01
9.999893e-01 2.868926e-04 -4.624662e-03 -2.383041e+01 -2.813256e-04 9.999992e-01 1.204383e-03 2.255354e+00 4.625004e-03 -1.203070e-03 9.999886e-01 -8.920276e+01
9.999997e-01 5.745490e-04 5.079284e-04 -2.399762e+01 -5.729271e-04 9.999948e-01 -3.187379e-03 2.275535e+00 -5.097567e-04 3.187088e-03 9.999948e-01 -8.866995e+01
9.999994e-01 1.648227e-04 1.119299e-03 -2.446876e+01 -1.654645e-04 9.999998e-01 5.732537e-04 2.316059e+00 -1.119205e-03 -5.734392e-04 9.999992e-01 -8.840974e+01
9.999909e-01 3.182757e-04 -4.261674e-03 -2.462880e+01 -3.273486e-04 9.999977e-01 -2.128451e-03 2.335904e+00 4.260987e-03 2.129827e-03 9.999887e-01 -8.868278e+01
9.999928e-01 1.907759e-04 3.777002e-03 -2.495646e+01 -1.927577e-04 9.999998e-01 5.243020e-04 2.364227e+00 -3.776902e-03 -5.250270e-04 9.999927e-01 -8.898036e+01
9.999580e-01 4.685442e-05 -9.165149e-03 -2.488653e+01 -5.702080e-05 9.999994e-01 -1.108997e-03 2.371580e+00 9.165092e-03 1.109474e-03 9.999574e-01 -8.957522e+01
9.999992e-01 3.471106e-04 1.193312e-03 -2.454126e+01 -3.468877e-04 9.999999e-01 -1.870885e-04 2.351442e+00 -1.193377e-03 1.866737e-04 9.999993e-01 -8.916688e+01
9.999914e-01 1.571059e-04 -4.141264e-03 -2.435940e+01 -1.624601e-04 9.999992e-01 -1.292626e-03 2.320017e+00 4.141058e-03 1.293288e-03 9.999906e-01 -8.806359e+01
9.999999e-01 3.653925e-04 -1.406392e-04 -2.423142e+01 -3.652854e-04 9.999996e-01 7.617268e-04 2.305201e+00 1.409171e-04 -7.616761e-04 9.999997e-01 -8.734917e+01
9.999815e-01 4.629901e-04 -6.070968e-03 -2.408943e+01 -4.761125e-04 9.999976e-01 -2.160248e-03 2.283264e+00 6.069953e-03 2.163099e-03 9.999792e-01 -8.687126e+01
9.999401e-01 6.826892e-04 1.092492e-02 -2.469997e+01 -6.746554e-04 9.999995e-01 -7.390399e-04 2.300353e+00 -1.092542e-02 7.316244e-04 9.999400e-01 -8.700292e+01
9.999922e-01 1.160360e-04 -3.947314e-03 -2.529036e+01 -1.219611e-04 9.999989e-01 -1.500889e-03 2.331237e+00 3.947136e-03 1.501359e-03 9.999911e-01 -8.792549e+01
9.999925e-01 -5.936544e-05 3.868981e-03 -2.533091e+01 5.613919e-05 9.999997e-01 8.339496e-04 2.349866e+00 -3.869029e-03 -8.337268e-04 9.999922e-01 -8.911443e+01
9.999907e-01 7.011314e-05 -4.303911e-03 -2.535491e+01 -7.467520e-05 9.999994e-01 -1.059853e-03 2.366445e+00 4.303835e-03 1.060165e-03 9.999902e-01 -9.025666e+01
9.999616e-01 -8.603986e-05 8.766597e-03 -2.547365e+01 7.763730e-05 9.999995e-01 9.587974e-04 2.393542e+00 -8.766676e-03 -9.580807e-04 9.999611e-01 -9.189931e+01
9.999684e-01 2.106105e-04 -7.953282e-03 -2.564039e+01 -2.299443e-04 9.999970e-01 -2.430108e-03 2.414074e+00 7.952747e-03 2.431861e-03 9.999654e-01 -9.295625e+01
9.999092e-01 4.436151e-05 1.347499e-02 -2.594816e+01 -7.126241e-05 9.999980e-01 1.995875e-03 2.441253e+00 -1.347487e-02 -1.996655e-03 9.999072e-01 -9.435715e+01
9.999471e-01 -4.417626e-04 -1.027776e-02 -2.596702e+01 4.126129e-04 9.999959e-01 -2.838152e-03 2.471147e+00 1.027897e-02 2.833761e-03 9.999432e-01 -9.611994e+01
9.999881e-01 8.212612e-04 4.817223e-03 -2.584680e+01 -8.307511e-04 9.999977e-01 1.968280e-03 2.472288e+00 -4.815596e-03 -1.972259e-03 9.999865e-01 -9.650970e+01
9.999879e-01 -5.287089e-04 -4.887274e-03 -2.582796e+01 5.218476e-04 9.999989e-01 -1.405089e-03 2.490207e+00 4.888012e-03 1.402523e-03 9.999871e-01 -9.771921e+01
9.999926e-01 4.848490e-04 3.803346e-03 -2.583172e+01 -4.881473e-04 9.999995e-01 8.663218e-04 2.506343e+00 -3.802924e-03 -8.681728e-04 9.999924e-01 -9.882101e+01
9.999872e-01 -1.511217e-04 -5.056107e-03 -2.589245e+01 1.482992e-04 9.999998e-01 -5.586353e-04 2.518521e+00 5.056191e-03 5.578791e-04 9.999871e-01 -9.972519e+01
9.999693e-01 2.101489e-04 7.827389e-03 -2.604988e+01 -2.114950e-04 1.000000e+00 1.711230e-04 2.540924e+00 -7.827353e-03 -1.727739e-04 9.999694e-01 -1.010899e+02
9.999823e-01 -1.166931e-04 -5.948907e-03 -2.616523e+01 1.153088e-04 1.000000e+00 -2.330563e-04 2.559741e+00 5.948935e-03 2.323669e-04 9.999823e-01 -1.023373e+02
9.999773e-01 1.317856e-04 6.738758e-03 -2.622937e+01 -1.325120e-04 1.000000e+00 1.073301e-04 2.575397e+00 -6.738744e-03 -1.082213e-04 9.999773e-01 -1.035082e+02
9.999598e-01 -2.136647e-04 -8.962977e-03 -2.621886e+01 2.131237e-04 1.000000e+00 -6.132395e-05 2.586444e+00 8.962990e-03 5.941197e-05 9.999598e-01 -1.044207e+02
9.999878e-01 3.814748e-04 4.915099e-03 -2.619017e+01 -3.823271e-04 9.999999e-01 1.724343e-04 2.594038e+00 -4.915033e-03 -1.743121e-04 9.999879e-01 -1.051449e+02
9.999420e-01 -2.673447e-04 -1.077063e-02 -2.609139e+01 2.691557e-04 9.999999e-01 1.666759e-04 2.596615e+00 1.077058e-02 -1.695645e-04 9.999420e-01 -1.057054e+02
9.999983e-01 5.783766e-04 1.771171e-03 -2.592323e+01 -5.776959e-04 9.999998e-01 -3.849070e-04 2.586347e+00 -1.771394e-03 3.838825e-04 9.999984e-01 -1.056438e+02
9.999539e-01 -1.310010e-04 -9.599294e-03 -2.577339e+01 1.345184e-04 9.999999e-01 3.657612e-04 2.573657e+00 9.599246e-03 -3.670350e-04 9.999539e-01 -1.054110e+02
9.999910e-01 3.011366e-04 4.234978e-03 -2.567166e+01 -3.012160e-04 1.000000e+00 1.807400e-05 2.578874e+00 -4.234973e-03 -1.935019e-05 9.999910e-01 -1.060760e+02
9.999607e-01 -2.256682e-04 -8.857232e-03 -2.557633e+01 2.297227e-04 9.999999e-01 4.567262e-04 2.585247e+00 8.857128e-03 -4.587423e-04 9.999607e-01 -1.067900e+02
9.999997e-01 6.161593e-04 4.912642e-04 -2.542621e+01 -6.158770e-04 9.999996e-01 -5.747522e-04 2.574657e+00 -4.916184e-04 5.744488e-04 9.999997e-01 -1.067061e+02
9.999759e-01 -3.302284e-04 -6.928297e-03 -2.532803e+01 3.368439e-04 9.999995e-01 9.536836e-04 2.567472e+00 6.927979e-03 -9.559937e-04 9.999755e-01 -1.067431e+02
9.999961e-01 4.715044e-04 2.761346e-03 -2.526358e+01 -4.708770e-04 9.999999e-01 -2.278879e-04 2.573164e+00 -2.761453e-03 2.265861e-04 9.999962e-01 -1.074200e+02
9.999426e-01 -1.613207e-04 -1.071509e-02 -2.507920e+01 1.684921e-04 9.999998e-01 6.683682e-04 2.562207e+00 1.071498e-02 -6.701346e-04 9.999424e-01 -1.074479e+02
9.999984e-01 6.262340e-04 1.646421e-03 -2.489293e+01 -6.260452e-04 9.999998e-01 -1.152844e-04 2.549950e+00 -1.646493e-03 1.142528e-04 9.999986e-01 -1.073426e+02
9.999468e-01 -1.757521e-04 -1.031553e-02 -2.477470e+01 1.762848e-04 1.000000e+00 5.071568e-05 2.544240e+00 1.031552e-02 -5.253075e-05 9.999468e-01 -1.074216e+02
9.999986e-01 5.452059e-04 1.597787e-03 -2.459716e+01 -5.460170e-04 9.999997e-01 5.071429e-04 2.537012e+00 -1.597511e-03 -5.080153e-04 9.999986e-01 -1.075065e+02
9.999274e-01 -2.511548e-04 -1.205112e-02 -2.429329e+01 2.505989e-04 1.000000e+00 -4.764892e-05 2.526797e+00 1.205113e-02 4.462617e-05 9.999274e-01 -1.076161e+02
9.999994e-01 6.206441e-04 8.934794e-04 -2.388183e+01 -6.211795e-04 9.999996e-01 5.988710e-04 2.508716e+00 -8.931076e-04 -5.994263e-04 9.999994e-01 -1.076571e+02
9.999328e-01 -2.469504e-04 -1.159187e-02 -2.355277e+01 2.395617e-04 9.999998e-01 -6.388028e-04 2.494944e+00 1.159202e-02 6.359836e-04 9.999326e-01 -1.077023e+02
9.999979e-01 9.227982e-04 1.829792e-03 -2.325089e+01 -9.239459e-04 9.999994e-01 6.263832e-04 2.477001e+00 -1.829213e-03 -6.280732e-04 9.999981e-01 -1.075345e+02
9.999766e-01 -5.942960e-05 -6.837518e-03 -2.304254e+01 4.880999e-05 9.999988e-01 -1.553317e-03 2.448664e+00 6.837603e-03 1.552947e-03 9.999754e-01 -1.066609e+02
9.999801e-01 1.094715e-03 6.212749e-03 -2.306790e+01 -1.097032e-03 9.999993e-01 3.694226e-04 2.432436e+00 -6.212341e-03 -3.762315e-04 9.999806e-01 -1.059407e+02
9.999821e-01 -3.827570e-04 -5.978069e-03 -2.317029e+01 3.812994e-04 9.999999e-01 -2.449853e-04 2.438010e+00 5.978163e-03 2.427021e-04 9.999821e-01 -1.064837e+02
9.999740e-01 7.507391e-04 7.173430e-03 -2.326219e+01 -7.543374e-04 9.999996e-01 4.989027e-04 2.453411e+00 -7.173053e-03 -5.043016e-04 9.999741e-01 -1.075934e+02
9.997781e-01 -6.560215e-04 -2.105700e-02 -2.232756e+01 6.611170e-04 9.999998e-01 2.350178e-04 2.412157e+00 2.105684e-02 -2.488861e-04 9.997782e-01 -1.076190e+02
9.999508e-01 9.566197e-04 9.876685e-03 -2.173282e+01 -9.562693e-04 9.999995e-01 -4.021667e-05 2.391541e+00 -9.876720e-03 3.076922e-05 9.999512e-01 -1.077702e+02
9.999597e-01 -6.155803e-04 -8.961802e-03 -2.179542e+01 6.188010e-04 9.999997e-01 3.565866e-04 2.406275e+00 8.961580e-03 -3.621171e-04 9.999598e-01 -1.088992e+02
9.999912e-01 1.025023e-03 4.076163e-03 -2.170218e+01 -1.021860e-03 9.999992e-01 -7.780098e-04 2.410372e+00 -4.076958e-03 7.738369e-04 9.999914e-01 -1.095714e+02
9.999411e-01 -7.782918e-04 -1.082530e-02 -2.148432e+01 8.013769e-04 9.999974e-01 2.128324e-03 2.406242e+00 1.082361e-02 -2.136873e-03 9.999391e-01 -1.100200e+02
9.999914e-01 8.526626e-04 4.050499e-03 -2.131583e+01 -8.461033e-04 9.999983e-01 -1.620871e-03 2.409124e+00 -4.051875e-03 1.617430e-03 9.999905e-01 -1.105999e+02
9.999649e-01 -5.093065e-04 -8.363275e-03 -2.123388e+01 5.277795e-04 9.999974e-01 2.206739e-03 2.414280e+00 8.362130e-03 -2.211075e-03 9.999626e-01 -1.112220e+02
9.999503e-01 8.129100e-04 9.937696e-03 -2.129352e+01 -7.937737e-04 9.999978e-01 -1.929438e-03 2.430197e+00 -9.939243e-03 1.921453e-03 9.999488e-01 -1.124353e+02
9.999599e-01 -6.580696e-04 -8.930316e-03 -2.131789e+01 6.737615e-04 9.999982e-01 1.754233e-03 2.445839e+00 8.929146e-03 -1.760179e-03 9.999586e-01 -1.136407e+02
9.999961e-01 1.076095e-03 2.589835e-03 -2.112230e+01 -1.072618e-03 9.999985e-01 -1.343919e-03 2.441198e+00 -2.591277e-03 1.341135e-03 9.999957e-01 -1.140234e+02
9.999308e-01 -5.681561e-04 -1.174632e-02 -2.080502e+01 5.829696e-04 9.999990e-01 1.257724e-03 2.422791e+00 1.174559e-02 -1.264484e-03 9.999302e-01 -1.138588e+02
9.999973e-01 9.924859e-04 2.098314e-03 -2.055526e+01 -9.904272e-04 9.999990e-01 -9.820414e-04 2.407838e+00 -2.099286e-03 9.799598e-04 9.999973e-01 -1.137370e+02
9.999436e-01 -7.153199e-04 -1.059187e-02 -2.028969e+01 7.344054e-04 9.999981e-01 1.798112e-03 2.401895e+00 1.059057e-02 -1.805789e-03 9.999423e-01 -1.141380e+02
9.999984e-01 8.638356e-04 -1.595091e-03 -1.985314e+01 -8.661200e-04 9.999986e-01 -1.431882e-03 2.390672e+00 1.593852e-03 1.433260e-03 9.999977e-01 -1.143426e+02
9.999973e-01 -5.703740e-04 -2.251542e-03 -1.980824e+01 5.745258e-04 9.999981e-01 1.843685e-03 2.396019e+00 2.250487e-03 -1.844973e-03 9.999958e-01 -1.150332e+02
9.999982e-01 5.493868e-04 -1.833151e-03 -1.971211e+01 -5.526536e-04 9.999983e-01 -1.781935e-03 2.404538e+00 1.832168e-03 1.782945e-03 9.999967e-01 -1.158836e+02
9.999767e-01 -7.429348e-04 -6.784486e-03 -1.927794e+01 7.632693e-04 9.999952e-01 2.995075e-03 2.403101e+00 6.782228e-03 -3.000183e-03 9.999725e-01 -1.166332e+02
9.999955e-01 4.450336e-04 -2.958489e-03 -1.883908e+01 -4.522056e-04 9.999970e-01 -2.423912e-03 2.403920e+00 2.957401e-03 2.425238e-03 9.999927e-01 -1.173529e+02
9.999971e-01 -4.644195e-04 -2.377230e-03 -1.867719e+01 4.721578e-04 9.999946e-01 3.255558e-03 2.409125e+00 2.375705e-03 -3.256670e-03 9.999919e-01 -1.180960e+02
9.999999e-01 3.626706e-04 -3.449797e-05 -1.852540e+01 -3.627491e-04 9.999973e-01 -2.298501e-03 2.419281e+00 3.366401e-05 2.298513e-03 9.999974e-01 -1.191800e+02
9.999937e-01 -5.891173e-04 3.509136e-03 -1.859154e+01 5.813902e-04 9.999974e-01 2.202657e-03 2.442699e+00 -3.510425e-03 -2.200602e-03 9.999914e-01 -1.207571e+02
9.999919e-01 2.759669e-04 -4.021015e-03 -1.850167e+01 -2.851261e-04 9.999974e-01 -2.277384e-03 2.458590e+00 4.020376e-03 2.278511e-03 9.999893e-01 -1.220413e+02
9.999958e-01 -3.946828e-04 2.878669e-03 -1.824555e+01 3.856049e-04 9.999950e-01 3.153458e-03 2.467684e+00 -2.879899e-03 -3.152334e-03 9.999909e-01 -1.233542e+02
9.999898e-01 2.415291e-04 4.500873e-03 -1.838309e+01 -2.252711e-04 9.999934e-01 -3.612388e-03 2.498654e+00 -4.501716e-03 3.611336e-03 9.999833e-01 -1.252992e+02
9.999953e-01 -4.111778e-04 3.049351e-03 -1.859967e+01 4.025357e-04 9.999959e-01 2.834210e-03 2.530978e+00 -3.050503e-03 -2.832968e-03 9.999913e-01 -1.272180e+02
9.999933e-01 4.478536e-04 3.624000e-03 -1.879912e+01 -4.355543e-04 9.999941e-01 -3.393967e-03 2.559061e+00 -3.625499e-03 3.392365e-03 9.999877e-01 -1.289681e+02
9.999842e-01 -3.529639e-04 5.606625e-03 -1.898825e+01 3.363071e-04 9.999955e-01 2.971617e-03 2.590135e+00 -5.607648e-03 -2.969684e-03 9.999799e-01 -1.309550e+02
9.999962e-01 2.121043e-04 2.765138e-03 -1.922863e+01 -2.013167e-04 9.999924e-01 -3.901058e-03 2.623165e+00 -2.765944e-03 3.900486e-03 9.999886e-01 -1.328904e+02
9.999919e-01 -8.902251e-05 4.014035e-03 -1.935439e+01 7.364115e-05 9.999927e-01 3.831927e-03 2.649885e+00 -4.014347e-03 -3.831600e-03 9.999846e-01 -1.347056e+02
9.999979e-01 -1.023377e-04 2.059339e-03 -1.944595e+01 1.113791e-04 9.999904e-01 -4.390894e-03 2.677865e+00 -2.058870e-03 4.391114e-03 9.999882e-01 -1.365207e+02
9.999998e-01 7.434474e-05 -6.275390e-04 -1.950301e+01 -7.163893e-05 9.999907e-01 4.310420e-03 2.696036e+00 6.278539e-04 -4.310374e-03 9.999905e-01 -1.378344e+02
9.999999e-01 -3.049815e-04 1.868281e-04 -1.948123e+01 3.057999e-04 9.999903e-01 -4.397393e-03 2.711786e+00 -1.854854e-04 4.397449e-03 9.999903e-01 -1.390567e+02
9.999923e-01 4.666508e-04 3.894264e-03 -1.956577e+01 -4.835866e-04 9.999904e-01 4.349150e-03 2.732557e+00 -3.892197e-03 -4.350999e-03 9.999830e-01 -1.405698e+02
9.999990e-01 -7.139405e-04 -1.259813e-03 -1.962853e+01 7.079631e-04 9.999885e-01 -4.738601e-03 2.755253e+00 1.263182e-03 4.737703e-03 9.999880e-01 -1.420635e+02
9.999954e-01 5.947551e-04 -2.989775e-03 -1.949318e+01 -5.794258e-04 9.999867e-01 5.125434e-03 2.762576e+00 2.992784e-03 -5.123677e-03 9.999824e-01 -1.429543e+02
9.999973e-01 -7.340812e-04 -2.226890e-03 -1.936865e+01 7.226466e-04 9.999866e-01 -5.131185e-03 2.770143e+00 2.230627e-03 5.129561e-03 9.999844e-01 -1.437515e+02
9.999977e-01 6.442424e-04 -2.062670e-03 -1.928254e+01 -6.331461e-04 9.999854e-01 5.375611e-03 2.778786e+00 2.066103e-03 -5.374292e-03 9.999834e-01 -1.445730e+02
9.999960e-01 -5.681397e-04 -2.753358e-03 -1.918825e+01 5.543599e-04 9.999873e-01 -5.002858e-03 2.786163e+00 2.756165e-03 5.001311e-03 9.999837e-01 -1.453376e+02
9.999999e-01 4.279873e-04 -2.870889e-04 -1.911657e+01 -4.265249e-04 9.999870e-01 5.074253e-03 2.797526e+00 2.892572e-04 -5.074129e-03 9.999871e-01 -1.463079e+02
