1.000000e+00 1.197624e-11 1.704639e-10 3.214096e-14 1.197625e-11 1.000000e+00 3.562503e-10 -1.998401e-15 1.704639e-10 3.562503e-10 1.000000e+00 -4.041212e-14 0.000000e+00 0.000000e+00 0.000000e+00 1.000000e+00
-2.041759e-01 -1.691342e-01 9.642126e-01 -1.232804e+00 4.015867e-01 8.837967e-01 2.400659e-01 1.167643e-02 -8.927712e-01 4.362306e-01 -1.125279e-01 2.531788e+00
9.430604e-01 -1.180077e-01 3.109843e-01 -3.296075e+00 1.341903e-01 9.904679e-01 -3.108411e-02 5.714308e-02 -3.043518e-01 7.104527e-02 9.499066e-01 5.643381e+00
7.426219e-01 -1.789402e-01 6.453628e-01 -4.398100e+00 2.371717e-01 9.714612e-01 -3.556749e-03 7.397152e-02 -6.263085e-01 1.557031e-01 7.638679e-01 8.134823e+00
8.976626e-01 1.931921e-01 -3.960792e-01 -4.935220e+00 -1.283505e-01 9.744343e-01 1.844013e-01 6.308267e-02 4.215781e-01 -1.146932e-01 8.995095e-01 1.043555e+01
7.102344e-01 -2.583623e-01 6.548405e-01 -5.787038e+00 3.633999e-01 9.312499e-01 -2.672289e-02 6.819993e-02 -6.029159e-01 2.569485e-01 7.552945e-01 1.295133e+01
9.463882e-01 2.329393e-01 -2.238050e-01 -6.494176e+00 -2.014073e-01 9.671711e-01 1.549682e-01 6.514328e-02 2.525559e-01 -1.015841e-01 9.622350e-01 1.551941e+01
-2.921007e-02 -3.400507e-01 9.399533e-01 -7.450443e+00 4.775364e-01 8.213552e-01 3.119850e-01 6.738620e-02 -8.781263e-01 4.579750e-01 1.383948e-01 1.823002e+01
9.473018e-01 -8.181947e-02 3.097175e-01 -9.773554e+00 1.469421e-01 9.701015e-01 -1.931609e-01 1.324877e-01 -2.846531e-01 2.284922e-01 9.310016e-01 2.094286e+01
9.913931e-02 -1.660242e-01 9.811256e-01 -1.199281e+01 3.069243e-01 9.430109e-01 1.285609e-01 1.982711e-01 -9.465563e-01 2.883859e-01 1.444463e-01 2.340796e+01
9.825586e-01 -1.413579e-01 1.208165e-01 -1.329169e+01 1.387715e-01 9.898819e-01 2.960325e-02 2.159685e-01 -1.237787e-01 -1.232105e-02 9.922334e-01 2.614644e+01
-7.163015e-02 -7.946181e-02 9.942610e-01 -1.381068e+01 2.988384e-01 9.493202e-01 9.739953e-02 1.826928e-01 -9.516116e-01 3.041001e-01 -4.425371e-02 2.942372e+01
9.181031e-01 1.945977e-01 -3.452802e-01 -1.411673e+01 -1.310259e-01 9.712076e-01 1.989673e-01 1.531602e-01 3.740573e-01 -1.374318e-01 9.171661e-01 3.212151e+01
1.011059e-01 -3.124390e-01 9.445419e-01 -1.440610e+01 3.375072e-01 9.038769e-01 2.628602e-01 1.177173e-01 -9.358774e-01 2.922130e-01 1.968377e-01 3.508472e+01
6.825733e-01 2.939335e-01 -6.691014e-01 -1.509024e+01 -2.646944e-01 9.528225e-01 1.485472e-01 1.098773e-01 6.811979e-01 7.571304e-02 7.281737e-01 3.787722e+01
7.141475e-01 -3.460513e-01 6.084750e-01 -1.583190e+01 3.579000e-01 9.275556e-01 1.074628e-01 1.128602e-01 -6.015820e-01 1.410290e-01 7.862632e-01 4.030951e+01
8.531998e-01 3.372792e-01 -3.978604e-01 -1.635056e+01 -3.094402e-01 9.413671e-01 1.344422e-01 9.928404e-02 4.198772e-01 8.407949e-03 9.075420e-01 4.293896e+01
7.353341e-01 -4.433973e-01 5.125257e-01 -1.663366e+01 3.695161e-01 8.962795e-01 2.452367e-01 7.271198e-02 -5.681036e-01 9.055629e-03 8.229073e-01 4.549566e+01
4.272504e-01 4.761404e-01 -7.686009e-01 -1.712065e+01 -4.151061e-01 8.585067e-01 3.010867e-01 6.589406e-02 8.032086e-01 1.904115e-01 5.644462e-01 4.760477e+01
8.270524e-01 -4.617695e-01 3.205514e-01 -1.735654e+01 4.643769e-01 8.825998e-01 7.329148e-02 4.553577e-02 -3.167624e-01 8.824076e-02 9.443914e-01 4.964349e+01
5.289404e-01 6.231083e-01 -5.761580e-01 -1.760971e+01 -3.780897e-01 7.808267e-01 4.973509e-01 2.475343e-02 7.597830e-01 -4.522956e-02 6.486016e-01 5.172588e+01
4.082859e-01 -5.007150e-01 7.632739e-01 -1.793316e+01 6.491727e-01 7.471055e-01 1.428568e-01 2.198958e-03 -6.417767e-01 4.371702e-01 6.300832e-01 5.413829e+01
1.755356e-01 7.660053e-01 -6.184037e-01 -1.821571e+01 -3.576663e-01 6.348559e-01 6.848597e-01 -1.751837e-02 9.172034e-01 1.009650e-01 3.854141e-01 5.627357e+01
-3.747838e-01 -4.342931e-01 8.191011e-01 -1.862048e+01 6.467721e-01 5.105217e-01 5.666159e-01 -4.058879e-02 -6.642462e-01 7.421301e-01 8.955340e-02 5.895770e+01
2.184193e-02 7.298296e-01 -6.832801e-01 -1.893125e+01 -6.945412e-01 5.026727e-01 5.147161e-01 -6.729192e-02 7.191213e-01 4.633238e-01 5.178761e-01 6.160722e+01
-2.663120e-01 -8.058123e-01 5.289087e-01 -1.911001e+01 5.364245e-01 3.319958e-01 7.759044e-01 -1.025385e-01 -8.008288e-01 4.903522e-01 3.438430e-01 6.428764e+01
-5.939563e-02 6.354327e-01 -7.698685e-01 -1.955151e+01 -8.767172e-01 3.355723e-01 3.446132e-01 -1.223250e-01 4.773250e-01 6.954254e-01 5.371632e-01 6.694407e+01
-5.649340e-01 -8.187808e-01 1.022132e-01 -2.004504e+01 -1.754256e-01 2.402235e-01 9.547348e-01 -1.457348e-01 -8.062725e-01 5.214314e-01 -2.793455e-01 6.986633e+01
-3.931958e-01 -7.020250e-02 -9.167708e-01 -2.059890e+01 -8.905992e-01 2.769131e-01 3.607662e-01 -1.579285e-01 2.285392e-01 9.583270e-01 -1.714034e-01 7.244542e+01
-5.650930e-01 -8.242999e-01 3.463443e-02 -2.135263e+01 -3.605278e-01 2.844811e-01 8.883075e-01 -1.600995e-01 -7.420847e-01 4.894896e-01 -4.579413e-01 7.511864e+01
-4.549701e-01 -2.631500e-01 -8.507375e-01 -2.178778e+01 -8.767506e-01 2.996401e-01 3.761971e-01 -1.750291e-01 1.559188e-01 9.170430e-01 -3.670441e-01 7.745016e+01
-4.170041e-01 -9.084364e-01 2.916921e-02 -2.178881e+01 -1.916326e-01 1.192467e-01 9.741957e-01 -2.086608e-01 -8.884732e-01 4.006538e-01 -2.238124e-01 7.934788e+01
-4.998144e-01 -1.436348e-02 -8.660134e-01 -2.178449e+01 -8.660829e-01 -2.415551e-03 4.998946e-01 -2.437190e-01 -9.272123e-03 9.998939e-01 -1.123263e-02 8.129350e+01
-4.994261e-01 -8.618302e-01 -8.844345e-02 -2.207775e+01 1.223964e-01 -1.712516e-01 9.775950e-01 -2.652292e-01 -8.576670e-01 4.774113e-01 1.910125e-01 8.347412e+01
-5.281056e-01 2.439536e-01 -8.133825e-01 -2.238548e+01 -8.457516e-01 -2.370713e-01 4.780183e-01 -2.874453e-01 -7.621532e-02 9.403637e-01 3.315228e-01 8.578090e+01
-5.321735e-01 -8.365742e-01 -1.301347e-01 -2.260641e+01 3.701429e-01 -3.681376e-01 8.529179e-01 -3.097353e-01 -7.614365e-01 4.057318e-01 5.055651e-01 8.780723e+01
-6.981830e-01 4.596889e-01 -5.488411e-01 -2.271011e+01 -7.151709e-01 -4.828754e-01 5.053335e-01 -3.363692e-01 -3.272571e-02 7.453305e-01 6.658915e-01 8.964227e+01
-7.038168e-01 -6.860290e-01 -1.844073e-01 -2.287303e+01 4.276234e-01 -6.164360e-01 6.611693e-01 -3.649659e-01 -5.672566e-01 3.864852e-01 7.272201e-01 9.173801e+01
-6.189193e-01 5.344924e-01 -5.755490e-01 -2.305350e+01 -7.414798e-01 -6.393295e-01 2.036307e-01 -3.918206e-01 -2.591264e-01 5.527890e-01 7.920088e-01 9.383636e+01
-6.271310e-01 -6.859627e-01 -3.690012e-01 -2.333797e+01 5.157092e-01 -7.206982e-01 4.632906e-01 -4.133182e-01 -5.837386e-01 1.002466e-01 8.057294e-01 9.597765e+01
4.427533e-02 5.744571e-01 -8.173364e-01 -2.394723e+01 -7.011824e-01 -5.648947e-01 -4.350140e-01 -4.234186e-01 -7.116059e-01 5.923623e-01 3.777883e-01 9.837745e+01
4.925312e-01 -8.398868e-01 -2.280420e-01 -2.430803e+01 -6.242388e-01 -5.235151e-01 5.798774e-01 -4.481862e-01 -6.064148e-01 -1.432551e-01 -7.821375e-01 1.005138e+02
4.676475e-01 -4.852696e-01 -7.387958e-01 -2.423099e+01 -8.377789e-01 -5.098410e-01 -1.954192e-01 -4.817259e-01 -2.818374e-01 7.103349e-01 -6.449745e-01 1.020870e+02
4.289744e-01 -7.442701e-01 -5.119014e-01 -2.416449e+01 -3.435176e-01 -6.585250e-01 6.695824e-01 -5.125113e-01 -8.354500e-01 -1.113865e-01 -5.381602e-01 1.035789e+02
2.357234e-01 -1.727204e-01 -9.563483e-01 -2.413917e+01 -7.333741e-01 -6.773088e-01 -5.843932e-02 -5.397211e-01 -6.376495e-01 7.151366e-01 -2.863262e-01 1.049504e+02
5.081811e-02 -6.050448e-01 -7.945680e-01 -2.414554e+01 7.149588e-02 -7.913507e-01 6.071675e-01 -5.641519e-01 -9.961455e-01 -8.766345e-02 3.043258e-03 1.062558e+02
-3.557365e-01 2.353599e-01 -9.044652e-01 -2.405307e+01 -5.553217e-01 -8.316332e-01 2.006851e-03 -5.914623e-01 -7.517110e-01 5.029830e-01 4.265427e-01 1.075480e+02
-5.130677e-01 -4.453797e-01 -7.337564e-01 -2.405855e+01 3.713851e-01 -8.858745e-01 2.780279e-01 -6.194419e-01 -7.738441e-01 -1.298590e-01 6.199210e-01 1.090703e+02
-6.200414e-01 4.604075e-01 -6.352745e-01 -2.406883e+01 -4.435799e-01 -8.735925e-01 -2.001823e-01 -6.457884e-01 -6.471364e-01 1.576737e-01 7.458910e-01 1.105134e+02
-8.176554e-01 -3.868804e-01 -4.263370e-01 -2.383314e+01 5.144342e-01 -8.234405e-01 -2.393807e-01 -6.784944e-01 -2.584515e-01 -4.150533e-01 8.723151e-01 1.119156e+02
-8.698272e-01 4.848471e-01 9.123554e-02 -2.369730e+01 -4.737996e-01 -7.693873e-01 -4.284356e-01 -7.057916e-01 -1.375303e-01 -4.158923e-01 8.989544e-01 1.131388e+02
-8.516732e-01 -5.186751e-01 7.502609e-02 -2.365267e+01 3.484476e-01 -6.673632e-01 -6.581874e-01 -7.272503e-01 3.914551e-01 -5.344179e-01 7.491065e-01 1.141533e+02
-6.787774e-01 2.109594e-01 7.033900e-01 -2.359133e+01 -6.474536e-01 -6.238893e-01 -4.376825e-01 -7.509732e-01 3.465042e-01 -7.525013e-01 5.600684e-01 1.152565e+02
-6.062279e-01 -7.178520e-01 3.423100e-01 -2.351057e+01 9.782028e-02 -4.944579e-01 -8.636797e-01 -7.767810e-01 7.892521e-01 -4.901019e-01 3.699747e-01 1.164301e+02
-5.522090e-01 -2.895598e-02 8.332027e-01 -2.345228e+01 -7.471040e-01 -4.263484e-01 -5.099634e-01 -8.020113e-01 3.700011e-01 -9.040955e-01 2.138003e-01 1.175687e+02
-5.546160e-01 -7.904186e-01 2.600761e-01 -2.344418e+01 -2.729524e-02 -2.951019e-01 -9.550758e-01 -8.265906e-01 8.316586e-01 -5.367992e-01 1.420936e-01 1.187672e+02
-6.463508e-01 -1.434164e-01 7.494414e-01 -2.341116e+01 -7.257772e-01 -1.876306e-01 -6.618476e-01 -8.565406e-01 2.355379e-01 -9.717132e-01 1.718682e-02 1.201803e+02
-6.286588e-01 -7.682558e-01 1.207114e-01 -2.337160e+01 -1.799837e-01 -7.274286e-03 -9.836427e-01 -8.881576e-01 7.565673e-01 -6.401017e-01 -1.337005e-01 1.217174e+02
-5.413769e-01 -3.339081e-01 7.716323e-01 -2.334114e+01 -8.320261e-01 8.067435e-02 -5.488390e-01 -9.181200e-01 1.210109e-01 -9.391470e-01 -3.214955e-01 1.232006e+02
-5.582151e-01 -8.295337e-01 1.642357e-02 -2.350800e+01 -3.270205e-01 2.017822e-01 -9.232234e-01 -9.369237e-01 7.625310e-01 -5.207281e-01 -3.839124e-01 1.246494e+02
-9.861324e-01 -5.452129e-02 1.567492e-01 -2.439487e+01 -1.659218e-01 3.035085e-01 -9.382710e-01 -9.225607e-01 3.581026e-03 -9.512676e-01 -3.083459e-01 1.262212e+02
-4.148066e-01 8.234895e-02 -9.061756e-01 -2.538629e+01 9.098819e-01 2.976889e-02 -4.137979e-01 -9.085049e-01 -7.099980e-03 -9.961589e-01 -8.727615e-02 1.281873e+02
1.587053e-01 9.438198e-01 -2.898565e-01 -2.630584e+01 8.790753e-01 -2.687315e-01 -3.937130e-01 -8.949197e-01 -4.494877e-01 -1.923214e-01 -8.723379e-01 1.300951e+02
4.274668e-01 8.894515e-01 -1.617038e-01 -2.643073e+01 8.774975e-01 -3.652113e-01 3.108358e-01 -9.323700e-01 2.174173e-01 -2.747667e-01 -9.366072e-01 1.326882e+02
9.059989e-02 7.735703e-01 6.272007e-01 -2.660414e+01 4.641564e-01 -5.900048e-01 6.606461e-01 -9.690219e-01 8.811075e-01 2.312647e-01 -4.125120e-01 1.350279e+02
-3.055340e-01 3.642039e-01 8.797752e-01 -2.671406e+01 5.504898e-01 -6.863310e-01 4.753007e-01 -1.001672e+00 7.769234e-01 6.295278e-01 9.206946e-03 1.372867e+02
1.364767e-01 3.176687e-01 9.383287e-01 -2.660613e+01 6.738303e-01 -7.240890e-01 1.471321e-01 -1.036525e+00 7.261727e-01 6.121942e-01 -3.128761e-01 1.390580e+02
2.930817e-01 5.905453e-01 7.519039e-01 -2.732383e+01 3.616614e-01 -7.964793e-01 4.845842e-01 -1.029491e+00 8.850447e-01 1.299118e-01 -4.470109e-01 1.408134e+02
4.302528e-01 3.731529e-01 8.219729e-01 -2.848972e+01 4.888183e-01 -8.618180e-01 1.353749e-01 -9.954393e-01 7.589066e-01 3.435499e-01 -5.532036e-01 1.426690e+02
7.874546e-01 4.742819e-01 3.936647e-01 -2.863065e+01 5.584579e-01 -8.192768e-01 -1.300397e-01 -1.010411e+00 2.608449e-01 3.222455e-01 -9.100098e-01 1.440050e+02
7.406561e-01 4.846864e-01 4.653038e-01 -2.854804e+01 3.795751e-01 -8.732792e-01 3.054606e-01 -1.035312e+00 5.543927e-01 -4.962346e-02 -8.307745e-01 1.451117e+02
8.312468e-01 3.365076e-01 4.424833e-01 -2.862117e+01 4.773889e-01 -8.399493e-01 -2.580407e-01 -1.052635e+00 2.848309e-01 4.257321e-01 -8.588501e-01 1.461880e+02
8.208493e-01 5.558662e-01 -1.312219e-01 -2.873884e+01 5.647367e-01 -8.242473e-01 4.109454e-02 -1.066740e+00 -8.531625e-02 -1.078383e-01 -9.905009e-01 1.472889e+02
5.589715e-01 7.085864e-01 -4.306462e-01 -2.879567e+01 4.277706e-01 -6.913386e-01 -5.822913e-01 -1.086280e+00 -7.103261e-01 1.412665e-01 -6.895511e-01 1.484653e+02
-4.324770e-02 6.197981e-01 -7.835687e-01 -2.882653e+01 6.810146e-01 -5.555668e-01 -4.770374e-01 -1.108845e+00 -7.309916e-01 -5.542525e-01 -3.980646e-01 1.497614e+02
-6.594850e-01 7.176944e-01 -2.235941e-01 -2.915284e+01 -5.869020e-02 -3.456950e-01 -9.365097e-01 -1.114378e+00 -7.494231e-01 -6.044913e-01 2.701023e-01 1.511269e+02
-9.599271e-01 -7.687607e-02 -2.694995e-01 -2.935047e+01 2.796739e-01 -2.011656e-01 -9.387837e-01 -1.123829e+00 1.795598e-02 -9.765360e-01 2.146045e-01 1.523028e+02
-8.188423e-01 1.489131e-01 5.543664e-01 -2.953788e+01 -5.692924e-01 -8.700259e-02 -8.175186e-01 -1.136680e+00 -7.350796e-02 -9.850154e-01 1.560165e-01 1.536250e+02
-7.059383e-01 -6.574121e-01 2.635537e-01 -2.975410e+01 -3.874063e-01 4.689129e-02 -9.207158e-01 -1.149355e+00 5.929313e-01 -7.520709e-01 -2.877879e-01 1.550341e+02
8.059393e-02 -5.728429e-01 8.156933e-01 -2.993826e+01 -9.967118e-01 -3.943664e-02 7.078386e-02 -1.157778e+00 -8.379836e-03 -8.187159e-01 -5.741377e-01 1.560823e+02
9.575645e-02 -9.584772e-01 -2.686114e-01 -3.039637e+01 -9.677280e-01 -1.528317e-01 2.003620e-01 -1.145806e+00 -2.330948e-01 2.407569e-01 -9.421799e-01 1.568735e+02
-2.182243e-02 -9.019852e-01 -4.312151e-01 -3.058063e+01 -5.653374e-01 -3.446038e-01 7.494277e-01 -1.156834e+00 -8.245710e-01 2.601364e-01 -5.024059e-01 1.579909e+02
-5.643068e-01 -4.989274e-01 -6.577456e-01 -3.078341e+01 -4.172657e-01 -5.150948e-01 7.487100e-01 -1.164377e+00 -7.123532e-01 6.969569e-01 8.248619e-02 1.590667e+02
-8.420778e-01 -4.178199e-01 -3.410741e-01 -3.088974e+01 2.170764e-02 -6.581149e-01 7.526046e-01 -1.178114e+00 -5.389191e-01 6.263477e-01 5.632538e-01 1.600415e+02
-8.547285e-01 -1.564267e-01 4.949444e-01 -3.128053e+01 4.259281e-01 -7.563569e-01 4.964973e-01 -1.173093e+00 2.966891e-01 6.351811e-01 7.131063e-01 1.609610e+02
-6.754000e-01 2.611976e-01 6.896453e-01 -3.139015e+01 1.472648e-01 -8.685669e-01 4.731856e-01 -1.201836e+00 7.225980e-01 4.211500e-01 5.481649e-01 1.629600e+02
-4.369844e-01 3.530256e-02 8.987760e-01 -3.183544e+01 3.536697e-01 -9.120016e-01 2.077760e-01 -1.208608e+00 8.270202e-01 4.086647e-01 3.860451e-01 1.649237e+02
-8.100842e-02 3.747240e-01 9.235906e-01 -3.282389e+01 1.200133e-01 -9.162270e-01 3.822628e-01 -1.180165e+00 9.894617e-01 1.418097e-01 2.925023e-02 1.665313e+02
-2.004981e-01 -7.827511e-02 9.765621e-01 -3.291856e+01 3.341869e-01 -9.424813e-01 -6.931464e-03 -1.212817e+00 9.209341e-01 3.249645e-01 2.151242e-01 1.687648e+02
6.012217e-01 1.834250e-01 7.777453e-01 -3.320731e+01 2.734739e-01 -9.617558e-01 1.541843e-02 -1.229008e+00 7.508292e-01 2.034231e-01 -6.283904e-01 1.707901e+02
9.065066e-01 3.840800e-01 -1.752951e-01 -3.356420e+01 2.981077e-01 -8.763113e-01 -3.784313e-01 -1.240932e+00 -2.989610e-01 2.907937e-01 -9.088792e-01 1.728658e+02
-3.414600e-02 5.662599e-01 -8.235191e-01 -3.391704e+01 4.414430e-01 -7.307161e-01 -5.207514e-01 -1.250435e+00 -8.966394e-01 -3.813183e-01 -2.250204e-01 1.747813e+02
-9.116866e-01 4.108286e-01 -6.880313e-03 -3.420862e+01 -2.244869e-01 -5.120534e-01 -8.291001e-01 -1.259748e+00 -3.441411e-01 -7.543349e-01 5.590579e-01 1.763892e+02
-9.629890e-01 -2.685626e-01 2.294178e-02 -3.429838e+01 5.333570e-02 -2.732925e-01 -9.604512e-01 -1.296751e+00 2.642111e-01 -9.236803e-01 2.775017e-01 1.789538e+02
-7.983779e-01 -8.034823e-02 5.967721e-01 -3.467769e+01 -5.872620e-01 -1.151695e-01 -8.011612e-01 -1.313347e+00 1.331018e-01 -9.900910e-01 4.476329e-02 1.813601e+02
2.122282e-01 -7.535994e-01 6.221311e-01 -3.554452e+01 -9.755584e-01 -2.004966e-01 8.992774e-02 -1.280457e+00 5.696567e-02 -6.260104e-01 -7.777313e-01 1.825500e+02
1.824175e-01 -8.824806e-01 -4.335342e-01 -3.597649e+01 -7.961037e-01 -3.913332e-01 4.616029e-01 -1.275723e+00 -5.770119e-01 2.609337e-01 -7.739320e-01 1.837565e+02
-4.633713e-01 -7.122426e-01 -5.272547e-01 -3.646904e+01 6.541227e-02 -6.208530e-01 7.811932e-01 -1.267108e+00 -8.837467e-01 3.274936e-01 3.342749e-01 1.849135e+02
-9.866151e-01 -1.512372e-02 1.623636e-01 -3.758940e+01 1.207494e-01 -7.369269e-01 6.651002e-01 -1.227749e+00 1.095913e-01 6.758032e-01 7.288894e-01 1.864044e+02
-4.085641e-01 -3.619055e-03 9.127224e-01 -3.845694e+01 6.247137e-01 -7.301671e-01 2.767469e-01 -1.200435e+00 6.654383e-01 6.832590e-01 3.005809e-01 1.877755e+02
1.493698e-01 5.036684e-01 8.508859e-01 -3.881608e+01 5.358573e-01 -7.644482e-01 3.584352e-01 -1.203179e+00 8.309907e-01 4.024141e-01 -3.840799e-01 1.891111e+02
4.809314e-01 5.039685e-01 7.174404e-01 -3.962083e+01 6.174162e-01 -7.756553e-01 1.309809e-01 -1.193279e+00 6.224967e-01 3.799665e-01 -6.841954e-01 1.913152e+02
5.888393e-01 7.481506e-01 -3.058413e-01 -4.048528e+01 4.542871e-01 -6.193269e-01 -6.403573e-01 -1.161311e+00 -6.684994e-01 2.381278e-01 -7.045592e-01 1.925714e+02
-5.939667e-01 5.783104e-01 -5.592500e-01 -4.099781e+01 3.961626e-01 -3.947716e-01 -8.289816e-01 -1.149316e+00 -7.001847e-01 -7.139415e-01 5.376224e-03 1.935891e+02
-9.339613e-01 3.526323e-01 -5.802333e-02 -4.118769e+01 -2.621630e-02 -2.295273e-01 -9.729491e-01 -1.158332e+00 -3.564112e-01 -9.071756e-01 2.236143e-01 1.946798e+02
-9.882420e-01 -2.846272e-02 -1.502252e-01 -4.124584e+01 1.523039e-01 -9.674420e-02 -9.835873e-01 -1.177611e+00 1.346216e-02 -9.949022e-01 9.994167e-02 1.958299e+02
-9.874968e-01 1.552416e-01 2.738689e-02 -4.126312e+01 -2.534723e-02 1.510327e-02 -9.995646e-01 -1.197506e+00 -1.555876e-01 -9.877611e-01 -1.097949e-02 1.968101e+02
-8.823212e-01 -1.525043e-01 4.452547e-01 -4.142289e+01 -4.639287e-01 1.225310e-01 -8.773576e-01 -1.204863e+00 7.924337e-02 -9.806776e-01 -1.788628e-01 1.976155e+02
-6.106519e-01 -5.593698e-01 5.605441e-01 -4.181228e+01 -7.407986e-01 1.533529e-01 -6.539880e-01 -1.197697e+00 2.798601e-01 -8.146093e-01 -5.080256e-01 1.983293e+02
-5.753455e-01 -7.584976e-01 3.060375e-01 -4.200746e+01 -6.543662e-01 2.023878e-01 -7.285904e-01 -1.204391e+00 4.906958e-01 -6.194518e-01 -6.127781e-01 1.991199e+02
-5.622036e-01 -6.919654e-01 4.528919e-01 -4.216480e+01 -7.813201e-01 2.649388e-01 -5.651073e-01 -1.216730e+00 2.710460e-01 -6.715589e-01 -6.895960e-01 2.001152e+02
-5.939670e-01 -7.787235e-01 2.019726e-01 -4.233797e+01 -6.605536e-01 3.287721e-01 -6.749651e-01 -1.227089e+00 4.592082e-01 -5.343207e-01 -7.096683e-01 2.010344e+02
-6.919629e-01 -6.596833e-01 2.932667e-01 -4.244058e+01 -6.583650e-01 4.099453e-01 -6.312688e-01 -1.242832e+00 2.962142e-01 -6.298911e-01 -7.179793e-01 2.020160e+02
-7.543745e-01 -6.456238e-01 1.186968e-01 -4.250112e+01 -5.306978e-01 4.933914e-01 -6.891479e-01 -1.261061e+00 3.863663e-01 -5.828678e-01 -7.148330e-01 2.030170e+02
-8.215735e-01 -5.213350e-01 2.307093e-01 -4.258526e+01 -5.361258e-01 5.689022e-01 -6.236341e-01 -1.276750e+00 1.938713e-01 -6.360504e-01 -7.468961e-01 2.039249e+02
-8.643398e-01 -5.029061e-01 1.473534e-03 -4.266314e+01 -3.731848e-01 6.394194e-01 -6.722172e-01 -1.293016e+00 3.371199e-01 -5.815740e-01 -7.403525e-01 2.048521e+02
-9.553567e-01 -2.733947e-01 -1.120220e-01 -4.268609e+01 -1.208427e-01 7.075583e-01 -6.962458e-01 -1.311743e+00 2.696120e-01 -6.516261e-01 -7.090083e-01 2.056703e+02
-9.636127e-01 8.691439e-03 -2.671609e-01 -4.273862e+01 1.941049e-01 7.099116e-01 -6.770146e-01 -1.323364e+00 1.837764e-01 -7.042372e-01 -6.857669e-01 2.061267e+02
-9.087699e-01 3.051262e-01 -2.846668e-01 -4.276325e+01 4.171385e-01 6.830677e-01 -5.995115e-01 -1.333701e+00 1.152008e-02 -6.635635e-01 -7.480313e-01 2.064553e+02
-7.363167e-01 5.288613e-01 -4.220705e-01 -4.288807e+01 6.755593e-01 6.097833e-01 -4.144683e-01 -1.341768e+00 3.817532e-02 -5.903135e-01 -8.062708e-01 2.069049e+02
-5.306381e-01 7.705906e-01 -3.530061e-01 -4.307225e+01 8.473082e-01 4.931610e-01 -1.971322e-01 -1.347120e+00 2.218060e-02 -4.037108e-01 -9.146177e-01 2.073469e+02
-2.669000e-01 9.174132e-01 -2.951567e-01 -4.327091e+01 9.257390e-01 3.291980e-01 1.861073e-01 -1.354323e+00 2.679023e-01 -2.235660e-01 -9.371481e-01 2.079136e+02
-1.812944e-01 9.833778e-01 -1.001849e-02 -4.335461e+01 8.291840e-01 1.583289e-01 5.360838e-01 -1.359739e+00 5.287591e-01 8.888179e-02 -8.441053e-01 2.080644e+02
-3.393873e-01 9.133512e-01 2.249574e-01 -4.330753e+01 6.183400e-01 3.640452e-02 7.850671e-01 -1.364929e+00 7.088525e-01 4.055420e-01 -5.771168e-01 2.079912e+02
-5.768223e-01 6.430497e-01 5.037490e-01 -4.326031e+01 6.170193e-01 -6.113922e-02 7.845694e-01 -1.383637e+00 5.353159e-01 7.633800e-01 -3.615076e-01 2.085983e+02
-6.641344e-01 6.209976e-01 4.162783e-01 -4.314997e+01 4.319483e-01 -1.357375e-01 8.916255e-01 -1.400545e+00 6.102018e-01 7.719698e-01 -1.780909e-01 2.091057e+02
-8.187089e-01 5.579784e-01 1.355575e-01 -4.315177e+01 5.596297e-02 -1.574163e-01 9.859454e-01 -1.407023e+00 5.714751e-01 8.147885e-01 9.765196e-02 2.093021e+02
-9.713080e-01 2.199212e-01 -9.052909e-02 -4.316886e+01 -1.252871e-01 -1.496162e-01 9.807743e-01 -1.413939e+00 2.021484e-01 9.639760e-01 1.728767e-01 2.094722e+02
-9.142530e-01 -1.992476e-03 -4.051389e-01 -4.308221e+01 -4.000837e-01 -1.531121e-01 9.035982e-01 -1.431512e+00 -6.383205e-02 9.882068e-01 1.391860e-01 2.100095e+02
-7.552899e-01 -2.772360e-01 -5.938665e-01 -4.316401e+01 -5.925128e-01 -9.844071e-02 7.995236e-01 -1.442690e+00 -2.801174e-01 9.557456e-01 -8.991461e-02 2.105102e+02
-6.318545e-01 -5.096017e-01 -5.840086e-01 -4.332585e+01 -6.677587e-01 -2.464351e-02 7.439698e-01 -1.445696e+00 -3.935203e-01 8.600575e-01 -3.247198e-01 2.107937e+02
-3.989554e-01 -6.156562e-01 -6.795602e-01 -4.337519e+01 -8.982277e-01 1.133131e-01 4.246730e-01 -1.450610e+00 -1.844495e-01 7.798253e-01 -5.982063e-01 2.109555e+02
-4.184485e-01 -8.575308e-01 -2.992354e-01 -4.352220e+01 -8.469408e-01 2.494323e-01 4.695474e-01 -1.443942e+00 -3.280124e-01 4.499161e-01 -8.306524e-01 2.106530e+02
-2.553663e-01 -8.146127e-01 -5.207630e-01 -4.366185e+01 -8.781390e-01 4.207892e-01 -2.276144e-01 -1.445166e+00 4.045490e-01 3.991773e-01 -8.227986e-01 2.106526e+02
-6.449297e-01 -7.629721e-01 -4.403732e-02 -4.345041e+01 -6.543438e-01 5.810415e-01 -4.839680e-01 -1.460979e+00 3.948416e-01 -2.833098e-01 -8.739769e-01 2.109022e+02
-7.821321e-01 -4.997090e-01 -3.722369e-01 -4.328714e+01 -3.722329e-02 6.337857e-01 -7.726125e-01 -1.478673e+00 6.219998e-01 -5.904292e-01 -5.143050e-01 2.112577e+02
-9.871464e-01 1.134674e-01 -1.125483e-01 -4.325753e+01 1.597350e-01 6.777196e-01 -7.177610e-01 -1.501020e+00 -5.166246e-03 -7.265131e-01 -6.871332e-01 2.121274e+02
-7.991714e-01 2.927248e-01 -5.250116e-01 -4.335019e+01 5.754453e-01 6.250242e-01 -5.274537e-01 -1.513398e+00 1.737462e-01 -7.236414e-01 -6.679486e-01 2.127536e+02
-7.325506e-01 6.669173e-01 -1.363487e-01 -4.365201e+01 6.049194e-01 5.459390e-01 -5.796750e-01 -1.507883e+00 -3.121572e-01 -5.071213e-01 -8.033591e-01 2.128351e+02
-1.541475e-01 6.459602e-01 -7.476456e-01 -4.341147e+01 9.043406e-01 3.970479e-01 1.565919e-01 -1.521450e+00 3.980032e-01 -6.519880e-01 -6.453720e-01 2.129195e+02
-2.633815e-01 9.448939e-01 1.944369e-01 -4.322203e+01 9.642429e-01 2.640039e-01 2.318548e-02 -1.538733e+00 -2.942427e-02 1.935910e-01 -9.806410e-01 2.132576e+02
-1.542283e-01 9.851171e-01 -7.588060e-02 -4.323003e+01 8.250762e-01 1.706617e-01 5.386314e-01 -1.552828e+00 5.435649e-01 2.046495e-02 -8.391176e-01 2.137658e+02
-1.274904e-01 8.181753e-01 5.606562e-01 -4.348536e+01 9.912368e-01 1.248126e-01 4.326098e-02 -1.553905e+00 -3.458190e-02 5.612584e-01 -8.269178e-01 2.143197e+02
1.275846e-02 9.987766e-01 -4.777581e-02 -4.384712e+01 5.964009e-01 3.074932e-02 8.020975e-01 -1.551960e+00 8.025853e-01 -3.872707e-02 -5.952789e-01 2.149058e+02
2.341796e-01 5.279491e-01 8.163515e-01 -4.413167e+01 9.430378e-01 8.074263e-02 -3.227388e-01 -1.556271e+00 -2.363040e-01 8.454291e-01 -4.789676e-01 2.158101e+02
7.972894e-02 9.645495e-01 -2.515703e-01 -4.458196e+01 8.610103e-01 6.053449e-02 5.049720e-01 -1.547312e+00 5.022992e-01 -2.568655e-01 -8.256607e-01 2.164863e+02
1.736562e-01 8.352683e-01 5.216995e-01 -4.487116e+01 9.090268e-01 6.782810e-02 -4.111807e-01 -1.546032e+00 -3.788321e-01 5.456430e-01 -7.475025e-01 2.170531e+02
3.537383e-01 8.877210e-01 -2.946533e-01 -4.511721e+01 6.418480e-01 -1.235735e-03 7.668309e-01 -1.547370e+00 6.803678e-01 -4.603801e-01 -5.702191e-01 2.174342e+02
2.190213e-01 5.723549e-01 7.902149e-01 -4.522884e+01 9.686348e-01 -3.012125e-02 -2.466564e-01 -1.560164e+00 -1.173728e-01 8.194526e-01 -5.610001e-01 2.181934e+02
3.457438e-01 9.285066e-01 1.354135e-01 -4.530314e+01 -2.643621e-02 -1.346173e-01 9.905450e-01 -1.582738e+00 9.379565e-01 -3.460546e-01 -2.199689e-02 2.194115e+02
5.016727e-01 -1.249668e-01 8.559835e-01 -4.550287e+01 8.558189e-01 -7.253110e-02 -5.121652e-01 -1.593936e+00 1.260891e-01 9.895062e-01 7.056207e-02 2.205221e+02
5.374271e-01 7.705602e-01 3.426501e-01 -4.586134e+01 -5.896254e-01 5.284885e-02 8.059460e-01 -1.592830e+00 6.029212e-01 -6.351724e-01 4.827443e-01 2.210809e+02
3.132318e-01 -6.955198e-01 6.466360e-01 -4.573905e+01 9.252877e-01 7.019077e-02 -3.727142e-01 -1.622247e+00 2.138423e-01 7.150702e-01 6.655419e-01 2.222876e+02
2.888382e-01 8.785539e-01 3.804149e-01 -4.583072e+01 -8.851675e-01 9.367437e-02 4.557452e-01 -1.639945e+00 3.647616e-01 -4.683675e-01 8.047241e-01 2.233132e+02
-1.476698e-02 -9.072112e-01 4.204162e-01 -4.611213e+01 9.981203e-01 -3.838612e-02 -4.777430e-02 -1.644395e+00 5.947953e-02 4.189205e-01 9.060727e-01 2.240635e+02
2.074706e-02 9.928340e-01 1.176871e-01 -4.644162e+01 -8.896003e-01 -3.538782e-02 4.553669e-01 -1.645082e+00 4.562684e-01 -1.141420e-01 8.824912e-01 2.249087e+02
5.300000e-02 -9.127820e-01 4.049938e-01 -4.676948e+01 9.728703e-01 -4.426335e-02 -2.270773e-01 -1.644499e+00 2.251985e-01 4.060416e-01 8.856726e-01 2.256627e+02
4.438625e-02 9.363212e-01 3.483280e-01 -4.678645e+01 -9.521680e-01 -6.586930e-02 2.983911e-01 -1.667428e+00 3.023341e-01 -3.449113e-01 8.886115e-01 2.268105e+02
6.162548e-02 -9.769928e-01 2.041748e-01 -4.690068e+01 9.071706e-01 -3.047994e-02 -4.196575e-01 -1.681152e+00 4.162256e-01 2.110830e-01 8.844208e-01 2.277437e+02
1.212553e-01 8.729584e-01 4.724836e-01 -4.707700e+01 -9.346822e-01 -5.983031e-02 3.504133e-01 -1.689380e+00 3.341650e-01 -4.841115e-01 8.086840e-01 2.285596e+02
5.591357e-02 -9.633141e-01 2.624873e-01 -4.719412e+01 9.170891e-01 -5.438824e-02 -3.949551e-01 -1.705086e+00 3.947421e-01 2.628075e-01 8.804038e-01 2.295938e+02
-2.453672e-02 8.956724e-01 4.440370e-01 -4.729866e+01 -9.834831e-01 5.804978e-02 -1.714385e-01 -1.721454e+00 -1.793290e-01 -4.409094e-01 8.794544e-01 2.305408e+02
-4.670704e-02 -9.712240e-01 -2.335433e-01 -4.742369e+01 9.967094e-01 -2.980707e-02 -7.537789e-02 -1.734800e+00 6.624757e-02 -2.362955e-01 9.694203e-01 2.313536e+02
-1.527789e-02 9.874390e-01 1.572604e-01 -4.755812e+01 -9.261810e-01 4.528919e-02 -3.743497e-01 -1.751035e+00 -3.767697e-01 -1.513709e-01 9.138553e-01 2.324765e+02
-6.115891e-02 -8.633190e-01 -5.009391e-01 -4.760116e+01 9.490619e-01 1.051220e-01 -2.970369e-01 -1.773600e+00 3.090973e-01 -4.935886e-01 8.129140e-01 2.337309e+02
-2.557483e-02 8.987714e-01 4.376711e-01 -4.763076e+01 -9.186669e-01 1.515145e-01 -3.648211e-01 -1.794473e+00 -3.942042e-01 -4.114042e-01 8.217966e-01 2.348349e+02
-1.657130e-02 -8.678406e-01 -4.965663e-01 -4.768705e+01 9.234574e-01 1.771234e-01 -3.403729e-01 -1.814050e+00 3.833429e-01 -4.641983e-01 7.984786e-01 2.359041e+02
-2.630984e-02 8.635203e-01 5.036273e-01 -4.770106e+01 -8.391438e-01 2.547188e-01 -4.805788e-01 -1.838065e+00 -5.432729e-01 -4.352597e-01 7.179161e-01 2.371218e+02
9.775821e-02 -7.944321e-01 -5.994339e-01 -4.770729e+01 9.697345e-01 2.114481e-01 -1.220846e-01 -1.859245e+00 2.237370e-01 -5.693570e-01 7.910590e-01 2.380527e+02
7.341584e-02 9.424030e-01 3.263229e-01 -4.770903e+01 -5.083479e-01 3.168696e-01 -8.007347e-01 -1.879869e+00 -8.580166e-01 -1.070990e-01 5.023319e-01 2.389275e+02
4.054130e-01 -5.100061e-01 -7.586396e-01 -4.775398e+01 9.137575e-01 2.022885e-01 3.523160e-01 -1.896413e+00 -2.621926e-02 -8.360461e-01 5.480323e-01 2.396628e+02
4.682561e-01 8.661774e-01 1.745651e-01 -4.782880e+01 -1.056749e-01 2.510430e-01 -9.621903e-01 -1.908550e+00 -8.772508e-01 4.321043e-01 2.090856e-01 2.402223e+02
8.949175e-01 -2.405862e-01 -3.758203e-01 -4.786970e+01 4.211536e-01 1.770167e-01 8.895475e-01 -1.918783e+00 -1.474864e-01 -9.543497e-01 2.597391e-01 2.405091e+02
9.264398e-01 3.516701e-01 1.343033e-01 -4.780086e+01 7.116257e-02 1.867280e-01 -9.798309e-01 -1.929741e+00 -3.696554e-01 9.173117e-01 1.479665e-01 2.406184e+02
9.566466e-01 8.546299e-02 -2.784302e-01 -4.766384e+01 2.632568e-01 1.552199e-01 9.521568e-01 -1.941133e+00 1.245921e-01 -9.841762e-01 1.259919e-01 2.408055e+02
7.398019e-01 1.674412e-01 6.516568e-01 -4.757339e+01 6.458603e-01 9.471412e-02 -7.575578e-01 -1.952965e+00 -1.885675e-01 9.813219e-01 -3.807393e-02 2.410294e+02
7.657082e-01 5.301921e-01 3.641253e-01 -4.760975e+01 -4.969046e-01 1.281801e-01 8.582865e-01 -1.966847e+00 4.083831e-01 -8.381325e-01 3.616035e-01 2.415655e+02
5.395547e-02 -5.583082e-01 8.278773e-01 -4.750617e+01 9.954188e-01 -3.546279e-02 -8.879028e-02 -1.987451e+00 7.893118e-02 8.288754e-01 5.538371e-01 2.421696e+02
1.220394e-01 9.816791e-01 1.463300e-01 -4.727827e+01 -9.923507e-01 1.234496e-01 -5.603189e-04 -2.010071e+00 -1.861442e-02 -1.451423e-01 9.892357e-01 2.427251e+02
8.708038e-02 -9.904768e-01 -1.066428e-01 -4.716900e+01 9.793941e-01 6.553834e-02 1.910284e-01 -2.037734e+00 -1.822200e-01 -1.210802e-01 9.757743e-01 2.437577e+02
1.299990e-01 9.898483e-01 -5.745146e-02 -4.688790e+01 -9.367472e-01 1.036211e-01 -3.343162e-01 -2.064094e+00 -3.249691e-01 9.727825e-02 9.407083e-01 2.444577e+02
1.977484e-01 -9.614095e-01 -1.912783e-01 -4.667764e+01 6.466205e-01 -1.871966e-02 7.625821e-01 -2.085548e+00 -7.367343e-01 -2.744839e-01 6.179653e-01 2.449426e+02
8.424548e-01 4.787679e-01 -2.470853e-01 -4.679557e+01 -3.246266e-01 8.506544e-02 -9.420092e-01 -2.092976e+00 -4.299854e-01 8.738107e-01 2.270846e-01 2.452658e+02
8.166972e-01 -4.911610e-01 3.029300e-01 -4.686694e+01 -2.949884e-01 9.584211e-02 9.506819e-01 -2.105910e+00 -4.959713e-01 -8.657801e-01 -6.661279e-02 2.458151e+02
8.211724e-01 -4.669551e-01 3.280684e-01 -4.676964e+01 3.988769e-01 5.850556e-02 -9.151362e-01 -2.121475e+00 4.081337e-01 8.823435e-01 2.343008e-01 2.462230e+02
-8.519923e-03 3.519258e-01 9.359891e-01 -4.682408e+01 -9.402884e-01 3.156946e-01 -1.272582e-01 -2.134397e+00 -3.402722e-01 -8.811839e-01 3.282221e-01 2.466125e+02
5.170805e-02 -9.789006e-01 -1.976862e-01 -4.695207e+01 9.961290e-01 6.464667e-02 -5.956300e-02 -2.140939e+00 7.108601e-02 -1.938410e-01 9.784541e-01 2.468506e+02
2.234699e-01 9.698997e-01 9.672495e-02 -4.707113e+01 -3.296283e-01 1.685879e-01 -9.289367e-01 -2.141097e+00 -9.172821e-01 1.757061e-01 3.573807e-01 2.467489e+02
8.023704e-01 -5.597846e-01 -2.069853e-01 -4.715276e+01 2.871170e-01 5.800023e-02 9.561380e-01 -2.143673e+00 -5.232261e-01 -8.266058e-01 2.072613e-01 2.467175e+02
7.928113e-01 6.752230e-02 6.057153e-01 -4.686060e+01 6.090912e-01 -5.287707e-02 -7.913355e-01 -2.159042e+00 -2.140435e-02 9.963156e-01 -8.304878e-02 2.468637e+02
7.134650e-01 5.112552e-01 4.791512e-01 -4.665710e+01 -5.364893e-01 -4.128762e-02 8.428965e-01 -2.177848e+00 4.507182e-01 -8.584366e-01 2.448257e-01 2.473201e+02
6.113789e-01 -6.004652e-01 5.154196e-01 -4.693437e+01 6.082188e-01 -6.011552e-02 -7.914898e-01 -2.178995e+00 5.062468e-01 7.973880e-01 3.284609e-01 2.479048e+02
4.863945e-01 5.680812e-01 6.638555e-01 -4.731431e+01 -8.324338e-01 7.044279e-02 5.496287e-01 -2.171675e+00 2.654699e-01 -8.199521e-01 5.071530e-01 2.482351e+02
2.032387e-01 -8.702825e-01 4.486674e-01 -4.760170e+01 8.644646e-01 -5.568492e-02 -4.996000e-01 -2.168809e+00 4.597772e-01 4.893951e-01 7.410111e-01 2.485397e+02
1.430550e-01 8.269842e-01 5.437209e-01 -4.763642e+01 -9.517712e-01 -3.570700e-02 3.047238e-01 -2.184801e+00 2.714164e-01 -5.610902e-01 7.819917e-01 2.492740e+02
-3.112554e-02 -9.728093e-01 2.295067e-01 -4.751107e+01 9.765296e-01 -7.855764e-02 -2.005457e-01 -2.205936e+00 2.131222e-01 2.178780e-01 9.524222e-01 2.499834e+02
-4.756408e-02 9.471307e-01 3.173028e-01 -4.745708e+01 -9.980691e-01 -5.776799e-02 2.282235e-02 -2.230010e+00 3.994570e-02 -3.156046e-01 9.480496e-01 2.509282e+02
-7.743359e-02 -9.932401e-01 -8.647670e-02 -4.743403e+01 9.821188e-01 -6.106159e-02 -1.780846e-01 -2.253418e+00 1.716004e-01 -9.872012e-02 9.802080e-01 2.519599e+02
-1.105181e-01 9.676420e-01 2.268363e-01 -4.727936e+01 -7.539630e-01 6.707769e-02 -6.534832e-01 -2.290841e+00 -6.475535e-01 -2.432479e-01 7.221530e-01 2.532566e+02
9.807413e-02 -6.483305e-01 -7.550159e-01 -4.705140e+01 9.941279e-01 2.896262e-02 1.042639e-01 -2.326104e+00 -4.573021e-02 -7.608079e-01 6.473639e-01 2.544860e+02
1.667625e-01 9.839480e-01 6.353391e-02 -4.701844e+01 -3.782909e-01 1.233528e-01 -9.174312e-01 -2.344910e+00 -9.105417e-01 1.289589e-01 3.927892e-01 2.551893e+02
5.563107e-01 -5.000634e-01 -6.636679e-01 -4.721751e+01 7.688857e-01 6.846045e-03 6.393496e-01 -2.339849e+00 -3.151718e-01 -8.659618e-01 3.883001e-01 2.550067e+02
7.505939e-01 6.600387e-01 -3.094495e-02 -4.735374e+01 -2.865403e-02 -1.427424e-02 -9.994875e-01 -2.335030e+00 -6.601422e-01 7.510959e-01 8.198607e-03 2.547299e+02
9.443714e-01 -2.323926e-01 2.327152e-01 -4.717180e+01 -2.341722e-01 2.169910e-02 9.719530e-01 -2.344603e+00 -2.309244e-01 -9.723800e-01 -3.392787e-02 2.546859e+02
7.989184e-01 -3.829597e-01 4.637577e-01 -4.705430e+01 4.668151e-01 -9.135437e-02 -8.796238e-01 -2.346185e+00 3.792268e-01 9.192368e-01 1.057867e-01 2.542911e+02
6.740604e-01 4.073629e-01 6.161965e-01 -4.694136e+01 -6.802387e-01 1.713249e-02 7.327904e-01 -2.346547e+00 2.879546e-01 -9.131057e-01 2.886523e-01 2.539197e+02
3.672749e-01 -7.355150e-01 5.693213e-01 -4.696168e+01 7.998957e-01 -6.257892e-02 -5.968674e-01 -2.355482e+00 4.746325e-01 6.746121e-01 5.653517e-01 2.541442e+02
7.036981e-02 7.842950e-01 6.163842e-01 -4.708204e+01 -9.911757e-01 1.245610e-01 -4.533487e-02 -2.364102e+00 -1.123333e-01 -6.077548e-01 7.861395e-01 2.545320e+02
-6.633055e-02 -9.965247e-01 -5.038558e-02 -4.715130e+01 9.703690e-01 -7.618345e-02 2.293033e-01 -2.375642e+00 -2.323450e-01 -3.368279e-02 9.720500e-01 2.549536e+02
2.987870e-01 9.336553e-01 -1.975198e-01 -4.726173e+01 -6.836759e-01 6.501265e-02 -7.268842e-01 -2.382187e+00 -6.658180e-01 3.522231e-01 6.577425e-01 2.552098e+02
5.283479e-01 -8.373965e-01 -1.400555e-01 -4.738475e+01 2.399444e-01 -1.096394e-02 9.707247e-01 -2.383906e+00 -8.144171e-01 -5.464859e-01 1.951359e-01 2.552408e+02
9.912690e-01 -7.483826e-03 1.316427e-01 -4.746268e+01 1.317508e-01 1.650145e-02 -9.911455e-01 -2.395623e+00 5.245266e-03 9.998358e-01 1.734337e-02 2.556801e+02
5.406418e-01 -3.940572e-02 8.403295e-01 -4.749247e+01 -8.288413e-01 1.460037e-01 5.400972e-01 -2.414543e+00 -1.439741e-01 -9.884989e-01 4.627462e-02 2.564496e+02
2.683086e-01 -9.166099e-01 2.963728e-01 -4.750176e+01 7.821226e-01 2.766181e-02 -6.225103e-01 -2.431233e+00 5.624009e-01 3.988247e-01 7.243232e-01 2.570846e+02
-1.705932e-01 8.294469e-01 5.318983e-01 -4.785196e+01 -7.102546e-01 2.706426e-01 -6.498392e-01 -2.431035e+00 -6.829614e-01 -4.886414e-01 5.429487e-01 2.575973e+02
1.886248e-01 -7.977387e-01 -5.727422e-01 -4.840606e+01 9.532186e-01 8.447180e-03 3.021639e-01 -2.415566e+00 -2.362098e-01 -6.029441e-01 7.620127e-01 2.577867e+02
4.549217e-01 8.819868e-01 -1.230676e-01 -4.859983e+01 -3.372078e-01 4.270226e-02 -9.404613e-01 -2.408460e+00 -8.242191e-01 4.693356e-01 3.168390e-01 2.574667e+02
7.839427e-01 -5.121483e-01 -3.509102e-01 -4.859524e+01 4.035956e-01 -9.078017e-03 9.148925e-01 -2.406570e+00 -4.717462e-01 -8.588491e-01 1.995841e-01 2.570594e+02
9.681900e-01 2.460581e-01 4.542697e-02 -4.861059e+01 5.723866e-02 -4.106261e-02 -9.975157e-01 -2.406662e+00 -2.435814e-01 9.683849e-01 -5.384044e-02 2.568079e+02
9.349501e-01 -9.937182e-02 3.405781e-01 -4.885595e+01 -3.408773e-01 1.448035e-02 9.399963e-01 -2.406168e+00 -9.834084e-02 -9.949450e-01 -2.033518e-02 2.570277e+02
6.934011e-01 -4.898718e-01 5.284133e-01 -4.919407e+01 5.579524e-01 -9.900425e-02 -8.239462e-01 -2.402405e+00 4.559431e-01 8.661546e-01 2.046754e-01 2.572907e+02
3.161981e-01 5.092014e-01 8.004578e-01 -4.965110e+01 -9.478596e-01 1.342047e-01 2.890523e-01 -2.390503e+00 3.976065e-02 -8.501194e-01 5.250867e-01 2.573495e+02
-8.445832e-02 -9.589803e-01 2.705984e-01 -4.999470e+01 9.853795e-01 -1.207102e-01 -1.202342e-01 -2.383269e+00 1.479662e-01 2.564874e-01 9.551546e-01 2.573525e+02
4.353926e-02 9.979227e-01 4.748314e-02 -5.021752e+01 -9.932508e-01 4.835188e-02 -1.054276e-01 -2.367157e+00 -1.075045e-01 -4.257243e-02 9.932927e-01 2.567037e+02
-8.040767e-02 -9.959093e-01 -4.122190e-02 -5.047549e+01 9.475383e-01 -8.920699e-02 3.069418e-01 -2.351148e+00 -3.093635e-01 -1.437885e-02 9.508352e-01 2.561361e+02
3.360847e-01 8.965061e-01 -2.886588e-01 -5.078926e+01 -7.390628e-01 6.105585e-02 -6.708638e-01 -2.346432e+00 -5.838092e-01 4.388041e-01 6.830943e-01 2.562603e+02
4.716346e-01 -8.136890e-01 -3.398102e-01 -5.104346e+01 5.577599e-01 -2.319588e-02 8.296781e-01 -2.347292e+00 -6.829822e-01 -5.808375e-01 4.429031e-01 2.566053e+02
9.023934e-01 4.115853e-01 -1.276074e-01 -5.113160e+01 -1.632161e-01 5.239864e-02 -9.851979e-01 -2.361461e+00 -3.988065e-01 9.098637e-01 1.144615e-01 2.572304e+02
7.582883e-01 -3.696632e-01 5.369805e-01 -5.128912e+01 -5.246442e-01 1.429010e-01 8.392424e-01 -2.368244e+00 -3.869720e-01 -9.181114e-01 -8.558147e-02 2.575708e+02
6.056225e-01 -6.957539e-01 3.861967e-01 -5.145106e+01 5.718511e-01 4.303657e-02 -8.192278e-01 -2.375666e+00 5.533604e-01 7.169898e-01 4.239316e-01 2.579594e+02
-2.513916e-02 5.535296e-01 8.324500e-01 -5.140637e+01 -9.499487e-01 2.461558e-01 -1.923665e-01 -2.390788e+00 -3.113930e-01 -7.956207e-01 5.196366e-01 2.583573e+02
4.788553e-02 -9.384291e-01 -3.421371e-01 -5.123628e+01 9.040125e-01 1.863963e-01 -3.847307e-01 -2.412412e+00 4.248156e-01 -2.908732e-01 8.572774e-01 2.590150e+02
9.983642e-03 8.830354e-01 4.692002e-01 -5.112875e+01 -8.275892e-01 2.706594e-01 -4.917720e-01 -2.425336e+00 -5.612455e-01 -3.833953e-01 7.334927e-01 2.594305e+02
5.547352e-02 -8.650699e-01 -4.985748e-01 -5.123706e+01 9.858365e-01 1.266074e-01 -1.099863e-01 -2.419655e+00 1.582691e-01 -4.854118e-01 8.598408e-01 2.593689e+02
4.301923e-02 9.879841e-01 1.484477e-01 -4.994778e+01 1.273686e-01 1.419493e-01 -9.816454e-01 -2.442257e+00 -9.909221e-01 6.113720e-02 -1.197316e-01 2.592342e+02
9.971201e-01 1.036355e-03 -7.583205e-02 -4.754602e+01 7.538383e-02 9.585815e-02 9.925364e-01 -2.478568e+00 8.297740e-03 -9.953945e-01 9.550396e-02 2.589455e+02
4.100217e-01 8.243055e-03 9.120385e-01 -4.527988e+01 9.120635e-01 1.485664e-03 -4.100463e-01 -2.506586e+00 -4.735017e-03 9.999649e-01 -6.909035e-03 2.585058e+02
3.061481e-01 8.869233e-01 3.458907e-01 -4.259557e+01 -8.021276e-01 4.464691e-02 5.954813e-01 -2.532393e+00 5.127033e-01 -4.597540e-01 7.250942e-01 2.578648e+02
-3.039390e-01 -7.734126e-01 5.562859e-01 -4.016643e+01 8.956153e-01 -3.288992e-02 4.436118e-01 -2.554773e+00 -3.247988e-01 6.330491e-01 7.026767e-01 2.571279e+02
1.121345e-02 8.954983e-01 -4.449236e-01 -3.842283e+01 -9.889887e-01 7.559595e-02 1.272265e-01 -2.565233e+00 1.475655e-01 4.385977e-01 8.864854e-01 2.563524e+02
-1.738924e-01 -9.738094e-01 1.464811e-01 -3.685841e+01 6.023327e-01 1.249977e-02 7.981473e-01 -2.572739e+00 -7.790743e-01 2.270221e-01 5.843836e-01 2.555918e+02
3.983070e-01 5.663936e-01 -7.214914e-01 -3.568307e+01 -9.060857e-01 1.205945e-01 -4.055437e-01 -2.586581e+00 -1.426895e-01 8.152639e-01 5.612347e-01 2.552518e+02
3.224844e-01 -9.438661e-01 7.155852e-02 -3.525465e+01 4.092536e-02 8.942942e-02 9.951520e-01 -2.601785e+00 -9.456897e-01 -3.179924e-01 6.746766e-02 2.554327e+02
8.605028e-01 -4.890027e-02 -5.070935e-01 -3.528210e+01 -4.860882e-01 2.191336e-01 -8.459898e-01 -2.620985e+00 1.524903e-01 9.744687e-01 1.647952e-01 2.562360e+02
1.658649e-01 -5.783995e-01 7.987132e-01 -3.485026e+01 -8.379072e-01 3.444210e-01 4.234215e-01 -2.645052e+00 -5.200004e-01 -7.394783e-01 -4.275177e-01 2.567263e+02
3.574417e-01 -8.875803e-01 -2.905800e-01 -3.485564e+01 2.099635e-01 3.795403e-01 -9.010352e-01 -2.664384e+00 9.100279e-01 2.610563e-01 3.220230e-01 2.574760e+02
