9.999453e-01 4.473141e-04 -1.045107e-02 3.937891e-01 -4.434848e-04 9.999998e-01 3.687182e-04 -2.275650e-02 1.045123e-02 -3.640638e-04 9.999453e-01 2.051143e-01
9.999993e-01 -2.072134e-04 -1.169030e-03 8.303360e-01 2.079197e-04 9.999998e-01 6.041242e-04 -3.733948e-02 1.168905e-03 -6.043661e-04 9.999991e-01 5.668196e-02
9.999787e-01 3.220230e-04 -6.522457e-03 1.045783e+00 -3.223605e-04 9.999999e-01 -5.068923e-05 -3.725606e-02 6.522440e-03 5.279002e-05 9.999787e-01 -4.726724e-01
9.999844e-01 -4.493752e-04 -5.559594e-03 1.543677e+00 4.547363e-04 9.999994e-01 9.630519e-04 -5.184488e-02 5.559159e-03 -9.655643e-04 9.999841e-01 -7.466455e-01
9.999857e-01 5.273790e-04 -5.329959e-03 1.900561e+00 -5.315149e-04 9.999996e-01 -7.745809e-04 -5.881180e-02 5.329548e-03 7.774021e-04 9.999855e-01 -1.076379e+00
9.999957e-01 -4.222678e-04 -2.900827e-03 2.107887e+00 4.260248e-04 9.999991e-01 1.294626e-03 -6.589990e-02 2.900278e-03 -1.295856e-03 9.999950e-01 -1.290093e+00
9.999743e-01 6.345952e-04 -7.136301e-03 2.455722e+00 -6.356062e-04 9.999998e-01 -1.393882e-04 -7.989345e-02 7.136211e-03 1.439198e-04 9.999745e-01 -1.442730e+00
9.999826e-01 -5.536152e-04 -5.873327e-03 3.098344e+00 5.565477e-04 9.999997e-01 4.976586e-04 -1.050584e-01 5.873051e-03 -5.009181e-04 9.999826e-01 -1.562435e+00
9.999785e-01 7.623567e-04 -6.513112e-03 3.599224e+00 -7.663349e-04 9.999995e-01 -6.083239e-04 -1.214825e-01 6.512645e-03 6.133013e-04 9.999786e-01 -1.719879e+00
9.999996e-01 -6.272440e-04 5.885059e-04 3.707757e+00 6.266880e-04 9.999994e-01 9.444938e-04 -1.178217e-01 -5.890976e-04 -9.441239e-04 9.999994e-01 -2.302917e+00
9.999994e-01 9.250875e-04 5.593114e-04 3.727308e+00 -9.249610e-04 9.999995e-01 -2.266387e-04 -1.041463e-01 -5.595211e-04 2.261205e-04 9.999998e-01 -3.534049e+00
9.999994e-01 -1.106435e-03 2.454447e-04 3.783804e+00 1.106594e-03 9.999992e-01 -6.462401e-04 -8.857576e-02 -2.447291e-04 6.465120e-04 9.999998e-01 -4.834274e+00
9.999805e-01 1.084485e-03 -6.147548e-03 3.985179e+00 -1.086600e-03 9.999994e-01 -3.407398e-04 -8.178480e-02 6.147174e-03 3.474124e-04 9.999810e-01 -5.620853e+00
9.999889e-01 -1.052094e-03 -4.598080e-03 4.419263e+00 1.059481e-03 9.999982e-01 1.604406e-03 -9.292841e-02 4.596384e-03 -1.609259e-03 9.999881e-01 -5.978895e+00
9.999635e-01 1.299974e-03 -8.446987e-03 4.952561e+00 -1.312247e-03 9.999981e-01 -1.447553e-03 -1.059903e-01 8.445089e-03 1.458584e-03 9.999633e-01 -6.194990e+00
9.999877e-01 -9.859390e-04 -4.858397e-03 5.633835e+00 9.951317e-04 9.999977e-01 1.890061e-03 -1.287849e-01 4.856523e-03 -1.894872e-03 9.999864e-01 -6.261650e+00
9.999540e-01 1.521600e-03 -9.469832e-03 6.675939e+00 -1.533829e-03 9.999980e-01 -1.284290e-03 -1.707035e-01 9.467859e-03 1.298756e-03 9.999543e-01 -5.804285e+00
9.999953e-01 -1.291844e-03 -2.787776e-03 7.727563e+00 1.302400e-03 9.999920e-01 3.787838e-03 -2.059743e-01 2.782861e-03 -3.791450e-03 9.999889e-01 -5.663061e+00
9.999965e-01 1.807909e-03 -1.953397e-03 8.267077e+00 -1.816458e-03 9.999887e-01 -4.383745e-03 -2.280333e-01 1.945450e-03 4.387277e-03 9.999885e-01 -5.338127e+00
9.999982e-01 -1.147450e-03 1.518031e-03 8.621669e+00 1.143039e-03 9.999951e-01 2.903373e-03 -2.564647e-01 -1.521355e-03 -2.901632e-03 9.999946e-01 -4.166491e+00
9.999937e-01 1.386388e-03 -3.279376e-03 9.195442e+00 -1.396797e-03 9.999940e-01 -3.173855e-03 -2.779438e-01 3.274955e-03 3.178415e-03 9.999896e-01 -3.668704e+00
9.999852e-01 -1.007542e-03 5.355281e-03 9.470447e+00 9.944187e-04 9.999965e-01 2.452742e-03 -2.781137e-01 -5.357733e-03 -2.447379e-03 9.999827e-01 -3.842788e+00
9.999393e-01 1.859382e-03 -1.086430e-02 9.969780e+00 -1.898935e-03 9.999916e-01 -3.631474e-03 -2.958623e-01 1.085746e-02 3.651884e-03 9.999344e-01 -3.647800e+00
9.999721e-01 -1.315066e-03 7.347476e-03 1.046821e+01 1.296450e-03 9.999959e-01 2.537798e-03 -3.234508e-01 -7.350783e-03 -2.528201e-03 9.999698e-01 -2.904528e+00
9.999531e-01 1.930899e-03 -9.490920e-03 1.092166e+01 -1.964950e-03 9.999917e-01 -3.579680e-03 -3.538627e-01 9.483929e-03 3.598161e-03 9.999486e-01 -1.737288e+00
9.999738e-01 -1.622148e-03 7.054201e-03 1.163309e+01 1.597179e-03 9.999924e-01 3.543880e-03 -3.666301e-01 -7.059896e-03 -3.532519e-03 9.999688e-01 -1.972766e+00
9.999825e-01 1.280887e-03 -5.769058e-03 1.239057e+01 -1.301481e-03 9.999928e-01 -3.567420e-03 -3.655351e-01 5.764447e-03 3.574865e-03 9.999770e-01 -3.047149e+00
9.999896e-01 -2.569438e-03 3.758970e-03 1.329845e+01 2.553045e-03 9.999872e-01 4.359326e-03 -3.653109e-01 -3.770123e-03 -4.349684e-03 9.999834e-01 -4.662723e+00
9.999820e-01 2.503994e-03 -5.461368e-03 1.400820e+01 -2.521420e-03 9.999917e-01 -3.186242e-03 -3.745739e-01 5.453344e-03 3.199954e-03 9.999800e-01 -5.443956e+00
9.999034e-01 -2.193629e-03 1.372318e-02 1.418799e+01 2.172601e-03 9.999964e-01 1.547004e-03 -3.680161e-01 -1.372652e-02 -1.517039e-03 9.999046e-01 -5.908622e+00
9.999890e-01 2.005647e-03 4.228655e-03 1.376957e+01 -1.989218e-03 9.999905e-01 -3.885621e-03 -3.258415e-01 -4.236409e-03 3.877166e-03 9.999835e-01 -6.799020e+00
9.999129e-01 -1.673983e-03 1.309281e-02 1.331655e+01 1.652140e-03 9.999972e-01 1.678964e-03 -2.766683e-01 -1.309558e-02 -1.657186e-03 9.999129e-01 -8.242703e+00
9.999876e-01 2.054488e-03 4.539238e-03 1.282708e+01 -2.032894e-03 9.999866e-01 -4.756637e-03 -2.383211e-01 -4.548950e-03 4.747349e-03 9.999784e-01 -8.881329e+00
9.999305e-01 -1.166152e-03 1.172824e-02 1.224877e+01 1.152382e-03 9.999986e-01 1.180755e-03 -2.114134e-01 -1.172960e-02 -1.167157e-03 9.999305e-01 -8.702136e+00
9.999774e-01 2.001273e-03 6.417518e-03 1.169651e+01 -1.968460e-03 9.999850e-01 -5.115392e-03 -1.831925e-01 -6.427659e-03 5.102643e-03 9.999663e-01 -8.508688e+00
9.999686e-01 -4.994121e-04 7.914424e-03 1.095300e+01 4.946679e-04 9.999997e-01 6.013833e-04 -1.582161e-01 -7.914722e-03 -5.974487e-04 9.999685e-01 -7.609307e+00
9.999415e-01 1.840618e-03 1.065887e-02 1.036692e+01 -1.779115e-03 9.999817e-01 -5.776742e-03 -1.412964e-01 -1.066931e-02 5.757440e-03 9.999265e-01 -6.272052e+00
9.999812e-01 -7.295525e-04 -6.081449e-03 1.021484e+01 7.494703e-04 9.999944e-01 3.273526e-03 -1.578367e-01 6.079027e-03 -3.278022e-03 9.999761e-01 -4.716993e+00
9.996278e-01 2.618334e-03 2.715662e-02 9.619756e+00 -2.376467e-03 9.999573e-01 -8.934824e-03 -1.557282e-01 -2.717885e-02 8.866960e-03 9.995913e-01 -2.626031e+00
9.999996e-01 -9.208890e-04 -1.183464e-04 8.459275e+00 9.212010e-04 9.999960e-01 2.663210e-03 -1.163478e-01 1.158937e-04 -2.663318e-03 9.999964e-01 -1.494794e+00
9.998559e-01 2.391282e-03 1.680703e-02 8.246635e+00 -2.255006e-03 9.999645e-01 -8.122552e-03 -1.538747e-01 -1.682586e-02 8.083481e-03 9.998258e-01 1.090805e+00
9.999285e-01 -1.082236e-03 1.191109e-02 8.360187e+00 1.073428e-03 9.999991e-01 7.458788e-04 -2.451343e-01 -1.191189e-02 -7.330390e-04 9.999288e-01 6.017261e+00
9.999450e-01 2.594569e-03 1.015895e-02 7.999185e+00 -2.519929e-03 9.999698e-01 -7.353168e-03 -2.805931e-01 -1.017772e-02 7.327163e-03 9.999214e-01 8.871001e+00
9.996481e-01 -1.494107e-03 2.648552e-02 7.938147e+00 1.539286e-03 9.999974e-01 -1.685498e-03 -3.772267e-01 -2.648293e-02 1.725674e-03 9.996478e-01 1.454778e+01
9.999292e-01 2.041643e-03 1.172401e-02 7.784843e+00 -1.947511e-03 9.999658e-01 -8.034868e-03 -4.716117e-01 -1.174002e-02 8.011466e-03 9.998990e-01 2.019040e+01
9.996681e-01 -9.056112e-04 2.574618e-02 7.602387e+00 9.409440e-04 9.999986e-01 -1.360271e-03 -5.589529e-01 -2.574491e-02 1.384046e-03 9.996676e-01 2.566548e+01
9.999753e-01 1.944974e-03 6.755346e-03 7.338129e+00 -1.891309e-03 9.999667e-01 -7.941339e-03 -6.266506e-01 -6.770567e-03 7.928366e-03 9.999456e-01 3.040936e+01
9.998352e-01 -9.297494e-04 1.812831e-02 7.309585e+00 9.084706e-04 9.999989e-01 1.181983e-03 -7.010543e-01 -1.812939e-02 -1.165319e-03 9.998350e-01 3.453995e+01
9.999447e-01 9.269594e-04 -1.047430e-02 7.384449e+00 -9.752775e-04 9.999889e-01 -4.608848e-03 -7.453022e-01 1.046991e-02 4.618808e-03 9.999345e-01 3.665782e+01
9.998949e-01 -9.523123e-04 1.446979e-02 7.157007e+00 8.874470e-04 9.999895e-01 4.488560e-03 -7.282649e-01 -1.447392e-02 -4.475247e-03 9.998852e-01 3.558553e+01
9.999914e-01 2.179914e-03 -3.526493e-03 7.225754e+00 -2.208731e-03 9.999640e-01 -8.188509e-03 -7.802871e-01 3.508516e-03 8.196227e-03 9.999603e-01 3.829814e+01
9.999154e-01 -2.025657e-03 1.284808e-02 7.422295e+00 1.971693e-03 9.999892e-01 4.211476e-03 -8.371403e-01 -1.285647e-02 -4.185786e-03 9.999086e-01 4.071522e+01
9.998486e-01 2.058741e-03 -1.727580e-02 7.463964e+00 -2.132278e-03 9.999887e-01 -4.239321e-03 -8.281877e-01 1.726688e-02 4.275515e-03 9.998418e-01 3.995627e+01
9.999310e-01 -2.050038e-03 1.156553e-02 7.519873e+00 2.008344e-03 9.999914e-01 3.615552e-03 -8.196291e-01 -1.157284e-02 -3.592074e-03 9.999266e-01 3.930748e+01
9.998349e-01 2.314531e-03 -1.802282e-02 7.586320e+00 -2.387008e-03 9.999891e-01 -4.000940e-03 -8.186339e-01 1.801337e-02 4.043299e-03 9.998296e-01 3.903631e+01
9.997874e-01 -1.325553e-03 2.057874e-02 7.736461e+00 1.285207e-03 9.999972e-01 1.973655e-03 -8.590125e-01 -2.058130e-02 -1.946786e-03 9.997863e-01 4.078622e+01
9.998625e-01 1.844249e-03 -1.648046e-02 7.975714e+00 -1.921860e-03 9.999871e-01 -4.694670e-03 -9.162053e-01 1.647159e-02 4.725697e-03 9.998532e-01 4.280900e+01
9.999055e-01 -1.168813e-03 1.369961e-02 7.960994e+00 1.116441e-03 9.999920e-01 3.829893e-03 -9.324375e-01 -1.370398e-02 -3.814235e-03 9.998988e-01 4.361311e+01
9.998311e-01 1.708725e-03 -1.829728e-02 8.025955e+00 -1.793729e-03 9.999877e-01 -4.630314e-03 -9.486775e-01 1.828914e-02 4.662352e-03 9.998219e-01 4.428397e+01
9.999029e-01 -1.389077e-03 1.386495e-02 7.931677e+00 1.333930e-03 9.999912e-01 3.985855e-03 -9.368342e-01 -1.387037e-02 -3.966972e-03 9.998959e-01 4.383398e+01
9.998515e-01 1.311703e-03 -1.718334e-02 7.951534e+00 -1.390156e-03 9.999887e-01 -4.554526e-03 -9.193868e-01 1.717717e-02 4.577737e-03 9.998420e-01 4.291170e+01
9.999278e-01 -1.371833e-03 1.194096e-02 8.114259e+00 1.322971e-03 9.999907e-01 4.098826e-03 -9.082201e-01 -1.194647e-02 -4.082732e-03 9.999203e-01 4.199312e+01
9.998642e-01 1.274584e-03 -1.643170e-02 8.216273e+00 -1.348087e-03 9.999891e-01 -4.462937e-03 -8.975363e-01 1.642583e-02 4.484481e-03 9.998550e-01 4.112386e+01
9.999281e-01 -1.351829e-03 1.191805e-02 8.318260e+00 1.302384e-03 9.999905e-01 4.155590e-03 -8.864435e-01 -1.192356e-02 -4.139769e-03 9.999203e-01 4.024564e+01
9.999119e-01 1.328745e-03 -1.320368e-02 8.153580e+00 -1.395731e-03 9.999862e-01 -5.065418e-03 -8.642372e-01 1.319677e-02 5.083400e-03 9.999000e-01 3.940172e+01
9.999740e-01 -1.176390e-03 7.113469e-03 8.189485e+00 1.144069e-03 9.999890e-01 4.545868e-03 -8.545638e-01 -7.118738e-03 -4.537611e-03 9.999644e-01 3.888986e+01
9.999198e-01 1.247243e-03 -1.260160e-02 8.320337e+00 -1.305847e-03 9.999884e-01 -4.643366e-03 -8.454395e-01 1.259566e-02 4.659448e-03 9.999098e-01 3.806747e+01
9.999369e-01 -1.392682e-03 1.115106e-02 8.314260e+00 1.350364e-03 9.999919e-01 3.801598e-03 -8.271177e-01 -1.115626e-02 -3.786299e-03 9.999306e-01 3.691806e+01
9.999125e-01 1.330011e-03 -1.316102e-02 8.355822e+00 -1.389186e-03 9.999890e-01 -4.488119e-03 -8.101767e-01 1.315490e-02 4.506009e-03 9.999033e-01 3.580271e+01
9.999292e-01 -1.409391e-03 1.181622e-02 8.385385e+00 1.363203e-03 9.999914e-01 3.916013e-03 -7.918787e-01 -1.182163e-02 -3.899628e-03 9.999225e-01 3.462102e+01
9.999308e-01 1.211412e-03 -1.169762e-02 8.443589e+00 -1.265257e-03 9.999886e-01 -4.596731e-03 -7.682647e-01 1.169192e-02 4.611213e-03 9.999210e-01 3.310848e+01
9.998813e-01 -1.600624e-03 1.532452e-02 8.461736e+00 1.545780e-03 9.999924e-01 3.590038e-03 -7.355428e-01 -1.533015e-02 -3.565923e-03 9.998761e-01 3.115165e+01
9.999263e-01 1.151600e-03 -1.208353e-02 8.410965e+00 -1.206532e-03 9.999890e-01 -4.539691e-03 -7.070076e-01 1.207817e-02 4.553935e-03 9.999167e-01 2.944944e+01
9.998781e-01 -1.270039e-03 1.556346e-02 8.352464e+00 1.200222e-03 9.999892e-01 4.494442e-03 -6.814936e-01 -1.556900e-02 -4.475214e-03 9.998688e-01 2.781559e+01
9.999076e-01 6.431951e-04 -1.357816e-02 8.373159e+00 -7.196617e-04 9.999839e-01 -5.627454e-03 -6.538083e-01 1.357432e-02 5.636705e-03 9.998920e-01 2.613518e+01
9.999338e-01 -8.474498e-04 1.147367e-02 8.492746e+00 7.865684e-04 9.999856e-01 5.309661e-03 -6.364317e-01 -1.147800e-02 -5.300284e-03 9.999201e-01 2.485646e+01
9.999284e-01 4.279449e-04 -1.196004e-02 8.566453e+00 -5.007645e-04 9.999814e-01 -6.086254e-03 -6.151470e-01 1.195721e-02 6.091806e-03 9.999100e-01 2.343121e+01
9.999257e-01 -6.443300e-04 1.217651e-02 8.612635e+00 5.768225e-04 9.999845e-01 5.546772e-03 -5.931621e-01 -1.217989e-02 -5.539335e-03 9.999105e-01 2.199631e+01
9.999625e-01 2.404268e-04 -8.661705e-03 8.563040e+00 -2.934430e-04 9.999812e-01 -6.120006e-03 -5.650516e-01 8.660071e-03 6.122318e-03 9.999438e-01 2.026039e+01
9.999734e-01 -7.256727e-04 7.250901e-03 8.682810e+00 6.871815e-04 9.999857e-01 5.309553e-03 -5.455464e-01 -7.254649e-03 -5.304429e-03 9.999596e-01 1.889042e+01
9.999228e-01 6.829306e-04 -1.240359e-02 8.914872e+00 -7.517940e-04 9.999843e-01 -5.548079e-03 -5.337154e-01 1.239960e-02 5.556975e-03 9.999077e-01 1.781828e+01
9.999695e-01 -9.161568e-04 7.760996e-03 9.132821e+00 8.772338e-04 9.999870e-01 5.017125e-03 -5.207840e-01 -7.765491e-03 -5.010163e-03 9.999573e-01 1.671556e+01
9.999001e-01 7.681259e-04 -1.411622e-02 9.368116e+00 -8.472900e-04 9.999839e-01 -5.602896e-03 -5.104664e-01 1.411169e-02 5.614296e-03 9.998847e-01 1.577485e+01
9.999337e-01 -1.017964e-03 1.146949e-02 9.541778e+00 9.580828e-04 9.999859e-01 5.225180e-03 -4.923218e-01 -1.147464e-02 -5.213844e-03 9.999206e-01 1.443996e+01
9.998929e-01 5.840579e-04 -1.462669e-02 9.718773e+00 -6.719585e-04 9.999817e-01 -6.005411e-03 -4.757789e-01 1.462292e-02 6.014595e-03 9.998750e-01 1.318082e+01
9.999592e-01 -7.382999e-04 9.003537e-03 9.907571e+00 6.871536e-04 9.999836e-01 5.682462e-03 -4.660138e-01 -9.007585e-03 -5.676043e-03 9.999433e-01 1.226779e+01
9.998848e-01 6.956508e-04 -1.515969e-02 1.009089e+01 -7.879174e-04 9.999812e-01 -6.081189e-03 -4.576562e-01 1.515517e-02 6.092433e-03 9.998666e-01 1.144044e+01
9.999775e-01 -6.812262e-04 6.667480e-03 1.033910e+01 6.404899e-04 9.999811e-01 6.109929e-03 -4.533468e-01 -6.671516e-03 -6.105521e-03 9.999591e-01 1.081626e+01
9.998907e-01 6.659408e-04 -1.476894e-02 1.061720e+01 -7.580124e-04 9.999803e-01 -6.229413e-03 -4.466381e-01 1.476450e-02 6.239926e-03 9.998715e-01 1.003109e+01
9.999872e-01 -7.294364e-04 5.012755e-03 1.094486e+01 6.996535e-04 9.999821e-01 5.940610e-03 -4.426627e-01 -5.016998e-03 -5.937025e-03 9.999698e-01 9.374405e+00
9.998809e-01 8.396814e-04 -1.540955e-02 1.128322e+01 -9.306747e-04 9.999822e-01 -5.898773e-03 -4.407950e-01 1.540433e-02 5.912411e-03 9.998639e-01 8.812105e+00
9.999803e-01 -8.069456e-04 6.223491e-03 1.156940e+01 7.709435e-04 9.999830e-01 5.785097e-03 -4.362682e-01 -6.228053e-03 -5.780185e-03 9.999639e-01 8.166803e+00
9.999108e-01 1.355564e-03 -1.328643e-02 1.167492e+01 -1.441459e-03 9.999781e-01 -6.457439e-03 -4.470507e-01 1.327738e-02 6.476014e-03 9.998909e-01 8.565095e+00
9.999704e-01 -1.089860e-03 7.618194e-03 1.176929e+01 1.042667e-03 9.999803e-01 6.195990e-03 -4.616929e-01 -7.624796e-03 -6.187863e-03 9.999518e-01 9.092044e+00
9.998689e-01 1.100549e-03 -1.615586e-02 1.201364e+01 -1.204689e-03 9.999786e-01 -6.437657e-03 -4.554949e-01 1.614843e-02 6.456275e-03 9.998488e-01 8.437404e+00
9.999647e-01 -1.172839e-03 8.319474e-03 1.225329e+01 1.122709e-03 9.999812e-01 6.027724e-03 -4.485233e-01 -8.326387e-03 -6.018171e-03 9.999472e-01 7.700385e+00
9.999016e-01 1.222535e-03 -1.397235e-02 1.236300e+01 -1.313406e-03 9.999780e-01 -6.496303e-03 -4.384750e-01 1.396410e-02 6.514014e-03 9.998813e-01 7.005406e+00
9.999831e-01 -1.248403e-03 5.679513e-03 1.261786e+01 1.213095e-03 9.999799e-01 6.215902e-03 -4.302737e-01 -5.687159e-03 -6.208907e-03 9.999646e-01 6.254751e+00
9.998543e-01 1.413468e-03 -1.701185e-02 1.296636e+01 -1.522176e-03 9.999785e-01 -6.378868e-03 -4.304718e-01 1.700247e-02 6.403833e-03 9.998349e-01 5.787165e+00
9.999693e-01 -1.362319e-03 7.710094e-03 1.322409e+01 1.314565e-03 9.999799e-01 6.195396e-03 -4.273702e-01 -7.718380e-03 -6.185070e-03 9.999511e-01 5.219591e+00
9.999076e-01 1.259597e-03 -1.353510e-02 1.340557e+01 -1.344127e-03 9.999796e-01 -6.237998e-03 -4.177586e-01 1.352697e-02 6.255613e-03 9.998889e-01 4.378645e+00
9.999672e-01 -1.465327e-03 7.970898e-03 1.361356e+01 1.419250e-03 9.999823e-01 5.783193e-03 -4.066401e-01 -7.979230e-03 -5.771690e-03 9.999515e-01 3.386467e+00
9.998407e-01 1.594200e-03 -1.777996e-02 1.404742e+01 -1.679387e-03 9.999872e-01 -4.777314e-03 -4.067026e-01 1.777211e-02 4.806411e-03 9.998305e-01 2.735377e+00
9.999938e-01 -1.980453e-03 2.900985e-03 1.472661e+01 1.966495e-03 9.999865e-01 4.806479e-03 -4.068475e-01 -2.910465e-03 -4.800744e-03 9.999842e-01 2.001657e+00
9.999685e-01 1.753957e-03 -7.743370e-03 1.490023e+01 -1.792493e-03 9.999860e-01 -4.972568e-03 -3.960442e-01 7.734539e-03 4.986291e-03 9.999577e-01 1.023255e+00
9.999967e-01 -1.702726e-03 1.939949e-03 1.507370e+01 1.692625e-03 9.999851e-01 5.196238e-03 -3.886491e-01 -1.948767e-03 -5.192937e-03 9.999846e-01 1.979310e-01
9.999525e-01 1.665239e-03 -9.603097e-03 1.529235e+01 -1.715813e-03 9.999847e-01 -5.260624e-03 -3.825620e-01 9.594189e-03 5.276850e-03 9.999401e-01 -4.989264e-01
9.999959e-01 -1.630164e-03 2.374160e-03 1.551477e+01 1.617426e-03 9.999843e-01 5.357167e-03 -3.761758e-01 -2.382856e-03 -5.353304e-03 9.999828e-01 -1.252552e+00
9.999604e-01 1.407596e-03 -8.782975e-03 1.581111e+01 -1.453576e-03 9.999853e-01 -5.230920e-03 -3.707493e-01 8.775482e-03 5.243480e-03 9.999477e-01 -2.150775e+00
9.999940e-01 -1.700512e-03 3.009661e-03 1.606016e+01 1.683993e-03 9.999836e-01 5.482680e-03 -3.649116e-01 -3.018935e-03 -5.477578e-03 9.999804e-01 -3.029499e+00
9.999891e-01 1.593381e-03 -4.390817e-03 1.613470e+01 -1.616449e-03 9.999849e-01 -5.255224e-03 -3.518380e-01 4.382377e-03 5.262264e-03 9.999766e-01 -4.142048e+00
9.999969e-01 -2.039899e-03 1.429154e-03 1.630772e+01 2.032675e-03 9.999852e-01 5.038738e-03 -3.400445e-01 -1.439411e-03 -5.035817e-03 9.999863e-01 -5.266521e+00
9.999726e-01 1.774940e-03 -7.186911e-03 1.657714e+01 -1.807892e-03 9.999879e-01 -4.581093e-03 -3.319387e-01 7.178693e-03 4.593960e-03 9.999637e-01 -6.227276e+00
9.999968e-01 -2.158349e-03 1.335739e-03 1.687580e+01 2.152180e-03 9.999871e-01 4.602189e-03 -3.241092e-01 -1.345655e-03 -4.599298e-03 9.999885e-01 -7.240197e+00
9.999734e-01 1.891765e-03 -7.044216e-03 1.718033e+01 -1.920267e-03 9.999900e-01 -4.041501e-03 -3.169508e-01 7.036499e-03 4.054919e-03 9.999670e-01 -8.229065e+00
9.999901e-01 -2.179166e-03 3.882857e-03 1.735488e+01 2.162317e-03 9.999883e-01 4.338460e-03 -3.059753e-01 -3.892265e-03 -4.330020e-03 9.999831e-01 -9.304305e+00
9.999633e-01 1.977682e-03 -8.340679e-03 1.756389e+01 -2.011272e-03 9.999899e-01 -4.020693e-03 -2.982492e-01 8.332643e-03 4.037320e-03 9.999571e-01 -1.025965e+01
9.999964e-01 -2.256960e-03 -1.477925e-03 1.806931e+01 2.264182e-03 9.999854e-01 4.903347e-03 -3.003995e-01 1.466838e-03 -4.906675e-03 9.999869e-01 -1.101190e+01
9.998454e-01 2.284452e-03 -1.743680e-02 1.911835e+01 -2.343342e-03 9.999916e-01 -3.357633e-03 -3.183691e-01 1.742898e-02 3.397973e-03 9.998423e-01 -1.154773e+01
9.999528e-01 -2.401917e-03 9.413914e-03 1.945836e+01 2.365097e-03 9.999895e-01 3.920405e-03 -3.175809e-01 -9.423231e-03 -3.897954e-03 9.999480e-01 -1.229872e+01
9.997576e-01 2.050642e-03 -2.192192e-02 2.005486e+01 -2.119442e-03 9.999929e-01 -3.115607e-03 -3.193600e-01 2.191538e-02 3.161313e-03 9.997548e-01 -1.303320e+01
9.999241e-01 -2.285555e-03 1.210833e-02 2.041738e+01 2.244522e-03 9.999917e-01 3.401305e-03 -3.192673e-01 -1.211600e-02 -3.373868e-03 9.999209e-01 -1.362658e+01
9.997316e-01 2.117461e-03 -2.307010e-02 2.100100e+01 -2.167597e-03 9.999953e-01 -2.148408e-03 -3.220702e-01 2.306544e-02 2.197838e-03 9.997315e-01 -1.439986e+01
9.998896e-01 -2.402089e-03 1.466557e-02 2.139939e+01 2.365718e-03 9.999941e-01 2.496874e-03 -3.184093e-01 -1.467148e-02 -2.461903e-03 9.998893e-01 -1.522033e+01
9.997328e-01 2.374406e-03 -2.299170e-02 2.173195e+01 -2.427177e-03 9.999945e-01 -2.267608e-03 -3.140139e-01 2.298619e-02 2.322807e-03 9.997331e-01 -1.595331e+01
9.998878e-01 -2.261821e-03 1.480824e-02 2.195751e+01 2.228248e-03 9.999949e-01 2.283297e-03 -3.117512e-01 -1.481333e-02 -2.250043e-03 9.998877e-01 -1.634131e+01
9.997339e-01 2.456525e-03 -2.293787e-02 2.213236e+01 -2.505030e-03 9.999947e-01 -2.086158e-03 -3.126584e-01 2.293262e-02 2.143062e-03 9.997347e-01 -1.663943e+01
9.998757e-01 -2.415683e-03 1.557792e-02 2.231389e+01 2.377084e-03 9.999941e-01 2.495846e-03 -3.099830e-01 -1.558385e-02 -2.458505e-03 9.998755e-01 -1.719702e+01
9.996969e-01 2.656545e-03 -2.447549e-02 2.249377e+01 -2.711357e-03 9.999939e-01 -2.206554e-03 -3.124804e-01 2.446948e-02 2.272247e-03 9.996980e-01 -1.746565e+01
9.998600e-01 -2.183073e-03 1.659205e-02 2.260215e+01 2.145720e-03 9.999951e-01 2.268732e-03 -3.217185e-01 -1.659692e-02 -2.232811e-03 9.998598e-01 -1.729367e+01
9.997099e-01 2.618566e-03 -2.394448e-02 2.269709e+01 -2.666257e-03 9.999945e-01 -1.960022e-03 -3.257969e-01 2.393922e-02 2.023295e-03 9.997114e-01 -1.731488e+01
9.997655e-01 -2.224750e-03 2.153896e-02 2.245718e+01 2.200495e-03 9.999969e-01 1.149739e-03 -3.071612e-01 -2.154145e-02 -1.102073e-03 9.997673e-01 -1.753370e+01
9.997731e-01 2.705824e-03 -2.112929e-02 2.202979e+01 -2.757079e-03 9.999933e-01 -2.396989e-03 -2.790542e-01 2.112267e-02 2.454699e-03 9.997739e-01 -1.768388e+01
9.998210e-01 -2.220889e-03 1.878992e-02 2.177243e+01 2.200144e-03 9.999969e-01 1.124653e-03 -2.627675e-01 -1.879236e-02 -1.083110e-03 9.998228e-01 -1.778733e+01
9.996910e-01 2.630765e-03 -2.471824e-02 2.179376e+01 -2.656324e-03 9.999960e-01 -1.001258e-03 -2.568893e-01 2.471550e-02 1.066607e-03 9.996940e-01 -1.810616e+01
9.997893e-01 -2.628426e-03 2.035619e-02 2.183294e+01 2.618255e-03 9.999964e-01 5.263108e-04 -2.438396e-01 -2.035751e-02 -4.729015e-04 9.997927e-01 -1.885971e+01
9.997363e-01 2.782258e-03 -2.279549e-02 2.175266e+01 -2.802865e-03 9.999957e-01 -8.720735e-04 -2.275632e-01 2.279296e-02 9.357355e-04 9.997398e-01 -1.968248e+01
9.997886e-01 -2.794866e-03 2.036982e-02 2.179365e+01 2.781585e-03 9.999959e-01 6.802969e-04 -2.138311e-01 -2.037164e-02 -6.234920e-04 9.997923e-01 -2.070779e+01
9.997907e-01 2.783842e-03 -2.026997e-02 2.170206e+01 -2.804138e-03 9.999956e-01 -9.729401e-04 -1.960981e-01 2.026717e-02 1.029575e-03 9.997941e-01 -2.180632e+01
9.998086e-01 -2.626298e-03 1.938903e-02 2.150887e+01 2.614841e-03 9.999964e-01 6.162222e-04 -1.769236e-01 -1.939058e-02 -5.654043e-04 9.998118e-01 -2.259991e+01
9.996563e-01 2.714979e-03 -2.607503e-02 2.162540e+01 -2.733443e-03 9.999960e-01 -6.724914e-04 -1.711625e-01 2.607310e-02 7.435342e-04 9.996598e-01 -2.320980e+01
9.998330e-01 -2.629326e-03 1.808511e-02 2.186819e+01 2.610099e-03 9.999960e-01 1.086694e-03 -1.681376e-01 -1.808789e-02 -1.039308e-03 9.998359e-01 -2.386560e+01
9.996852e-01 2.654542e-03 -2.494754e-02 2.206025e+01 -2.683793e-03 9.999957e-01 -1.139104e-03 -1.596866e-01 2.494441e-02 1.205699e-03 9.996881e-01 -2.466092e+01
9.997324e-01 -2.666443e-03 2.297887e-02 2.196538e+01 2.651684e-03 9.999963e-01 6.727026e-04 -1.406438e-01 -2.298058e-02 -6.115891e-04 9.997357e-01 -2.557485e+01
9.996447e-01 2.813244e-03 -2.650658e-02 2.197840e+01 -2.835435e-03 9.999957e-01 -7.996382e-04 -1.289737e-01 2.650422e-02 8.745110e-04 9.996483e-01 -2.641381e+01
9.998117e-01 -2.626764e-03 1.922622e-02 2.209450e+01 2.617875e-03 9.999965e-01 4.874749e-04 -1.248103e-01 -1.922744e-02 -4.370505e-04 9.998150e-01 -2.687114e+01
9.996179e-01 2.961832e-03 -2.748093e-02 2.226025e+01 -2.970753e-03 9.999955e-01 -2.838110e-04 -1.250515e-01 2.747997e-02 3.653409e-04 9.996223e-01 -2.716286e+01
9.997062e-01 -2.896984e-03 2.406463e-02 2.238823e+01 2.887815e-03 9.999957e-01 4.157361e-04 -1.132330e-01 -2.406573e-02 -3.461190e-04 9.997103e-01 -2.820027e+01
9.996612e-01 3.031506e-03 -2.585113e-02 2.269973e+01 -3.020504e-03 9.999953e-01 4.646276e-04 -1.052164e-01 2.585242e-02 -3.863874e-04 9.996657e-01 -2.951626e+01
9.998166e-01 -3.279354e-03 1.886792e-02 2.311237e+01 3.294652e-03 9.999943e-01 -7.797966e-04 -9.817499e-02 -1.886525e-02 8.418175e-04 9.998217e-01 -3.045246e+01
9.997485e-01 3.367323e-03 -2.217094e-02 2.315912e+01 -3.355844e-03 9.999942e-01 5.549174e-04 -8.591050e-02 2.217268e-02 -4.803764e-04 9.997540e-01 -3.139733e+01
9.998546e-01 -3.299059e-03 1.672887e-02 2.318961e+01 3.323200e-03 9.999935e-01 -1.415497e-03 -7.872223e-02 -1.672409e-02 1.470885e-03 9.998591e-01 -3.197722e+01
9.997310e-01 3.857726e-03 -2.287223e-02 2.310735e+01 -3.846194e-03 9.999925e-01 5.481404e-04 -7.658156e-02 2.287417e-02 -4.600226e-04 9.997382e-01 -3.186842e+01
9.997559e-01 -3.214852e-03 2.185659e-02 2.269458e+01 3.257461e-03 9.999929e-01 -1.914126e-03 -5.750310e-02 -2.185028e-02 1.984857e-03 9.997593e-01 -3.196948e+01
9.996230e-01 3.687844e-03 -2.720703e-02 2.262565e+01 -3.667234e-03 9.999929e-01 8.073611e-04 -5.994481e-02 2.720982e-02 -7.072829e-04 9.996295e-01 -3.176849e+01
9.998321e-01 -3.228120e-03 1.803939e-02 2.282963e+01 3.246120e-03 9.999943e-01 -9.686117e-04 -7.631509e-02 -1.803616e-02 1.027008e-03 9.998368e-01 -3.149061e+01
9.996499e-01 3.645806e-03 -2.620706e-02 2.285847e+01 -3.637700e-03 9.999933e-01 3.569789e-04 -8.267925e-02 2.620818e-02 -2.615212e-04 9.996565e-01 -3.134312e+01
9.996149e-01 -2.830924e-03 2.760460e-02 2.232699e+01 2.884969e-03 9.999940e-01 -1.918168e-03 -5.166928e-02 -2.759901e-02 1.997068e-03 9.996171e-01 -3.094935e+01
9.996107e-01 3.534056e-03 -2.767578e-02 2.187899e+01 -3.519413e-03 9.999936e-01 5.777790e-04 -2.512100e-02 2.767765e-02 -4.801523e-04 9.996168e-01 -3.068997e+01
9.993834e-01 -2.684440e-03 3.500766e-02 2.094678e+01 2.799959e-03 9.999908e-01 -3.251212e-03 3.525526e-02 -3.499861e-02 3.347228e-03 9.993818e-01 -2.978075e+01
9.996055e-01 3.387283e-03 -2.788210e-02 2.016025e+01 -3.387191e-03 9.999943e-01 5.051760e-05 9.771866e-02 2.788211e-02 4.394365e-05 9.996112e-01 -2.901543e+01
9.998363e-01 -2.904876e-03 1.786025e-02 2.045376e+01 2.914604e-03 9.999956e-01 -5.186333e-04 7.646687e-02 -1.785867e-02 5.706047e-04 9.998404e-01 -2.869616e+01
9.996521e-01 3.480369e-03 -2.614419e-02 2.065685e+01 -3.474988e-03 9.999939e-01 2.512374e-04 5.449541e-02 2.614491e-02 -1.603000e-04 9.996582e-01 -2.825015e+01
9.997007e-01 -2.807480e-03 2.430361e-02 2.025857e+01 2.834511e-03 9.999954e-01 -1.077839e-03 7.630143e-02 -2.430047e-02 1.146406e-03 9.997040e-01 -2.802860e+01
9.995063e-01 3.448721e-03 -3.122946e-02 2.019473e+01 -3.434126e-03 9.999940e-01 5.209999e-04 8.374885e-02 3.123107e-02 -4.134975e-04 9.995121e-01 -2.798131e+01
9.996923e-01 -2.933676e-03 2.463190e-02 2.016786e+01 2.950163e-03 9.999954e-01 -6.330372e-04 7.785041e-02 -2.462993e-02 7.055112e-04 9.996964e-01 -2.769912e+01
9.998491e-01 3.820762e-03 -1.694494e-02 1.925165e+01 -3.857085e-03 9.999903e-01 -2.111451e-03 1.305476e-01 1.693671e-02 2.176490e-03 9.998542e-01 -2.737966e+01
9.997545e-01 -2.956854e-03 2.196061e-02 1.849620e+01 2.971062e-03 9.999954e-01 -6.143433e-04 1.760301e-01 -2.195869e-02 6.794395e-04 9.997586e-01 -2.740519e+01
9.994165e-01 3.271969e-03 -3.400069e-02 1.885142e+01 -3.265804e-03 9.999946e-01 2.368475e-04 1.615280e-01 3.400128e-02 -1.256704e-04 9.994218e-01 -2.736759e+01
9.995567e-01 -2.624480e-03 2.965715e-02 1.859095e+01 2.646240e-03 9.999963e-01 -6.944927e-04 1.748723e-01 -2.965522e-02 7.726654e-04 9.995599e-01 -2.709456e+01
9.993854e-01 3.251824e-03 -3.490435e-02 1.844252e+01 -3.255295e-03 9.999947e-01 -4.260258e-05 1.878008e-01 3.490403e-02 1.561997e-04 9.993907e-01 -2.686264e+01
9.997274e-01 -2.652121e-03 2.319701e-02 1.885869e+01 2.661883e-03 9.999964e-01 -3.899428e-04 1.711385e-01 -2.319590e-02 4.515849e-04 9.997308e-01 -2.671085e+01
9.993771e-01 3.175175e-03 -3.514855e-02 1.944527e+01 -3.190975e-03 9.999948e-01 -3.934456e-04 1.387663e-01 3.514711e-02 5.053579e-04 9.993820e-01 -2.620502e+01
9.996874e-01 -2.718918e-03 2.485337e-02 1.973754e+01 2.730031e-03 9.999962e-01 -4.132148e-04 1.201953e-01 -2.485215e-02 4.809368e-04 9.996910e-01 -2.586427e+01
9.993118e-01 3.083759e-03 -3.696429e-02 2.002326e+01 -3.075128e-03 9.999952e-01 2.903427e-04 1.123156e-01 3.696501e-02 -1.764736e-04 9.993165e-01 -2.594787e+01
9.996859e-01 -2.608977e-03 2.492721e-02 2.029687e+01 2.623578e-03 9.999964e-01 -5.530379e-04 1.026778e-01 -2.492568e-02 6.182634e-04 9.996891e-01 -2.594311e+01
9.993438e-01 3.130930e-03 -3.608579e-02 2.049442e+01 -3.118958e-03 9.999951e-01 3.880773e-04 9.426652e-02 3.608682e-02 -2.752733e-04 9.993486e-01 -2.589151e+01
9.997062e-01 -2.673708e-03 2.409002e-02 2.078168e+01 2.689840e-03 9.999962e-01 -6.372432e-04 8.275050e-02 -2.408823e-02 7.018550e-04 9.997096e-01 -2.585505e+01
9.994351e-01 3.207478e-03 -3.345535e-02 2.086198e+01 -3.196736e-03 9.999948e-01 3.745712e-04 7.928271e-02 3.345638e-02 -2.674123e-04 9.994401e-01 -2.578232e+01
9.995288e-01 -2.508643e-03 3.059363e-02 2.054115e+01 2.559743e-03 9.999954e-01 -1.631234e-03 1.014435e-01 -3.058940e-02 1.708777e-03 9.995306e-01 -2.579146e+01
9.990941e-01 2.678018e-03 -4.247024e-02 2.086653e+01 -2.612755e-03 9.999953e-01 1.592123e-03 1.037007e-01 4.247430e-02 -1.479717e-03 9.990965e-01 -2.629198e+01
9.996832e-01 -1.696149e-03 2.511093e-02 2.206575e+01 1.737785e-03 9.999972e-01 -1.636336e-03 4.756184e-02 -2.510808e-02 1.679455e-03 9.996833e-01 -2.592884e+01
9.988114e-01 1.251558e-03 -4.872592e-02 2.371851e+01 -1.279148e-03 9.999990e-01 -5.350569e-04 -2.247453e-02 4.872520e-02 5.967479e-04 9.988120e-01 -2.545218e+01
9.994939e-01 -8.717637e-04 3.179930e-02 2.441136e+01 8.828045e-04 9.999996e-01 -3.331593e-04 -4.390624e-02 -3.179900e-02 3.610639e-04 9.994942e-01 -2.548455e+01
9.993988e-01 1.303761e-03 -3.464686e-02 2.459168e+01 -1.293951e-03 9.999991e-01 3.055784e-04 -3.304462e-02 3.464723e-02 -2.605640e-04 9.993996e-01 -2.667121e+01
9.997458e-01 -1.720951e-03 2.247906e-02 2.527433e+01 1.731645e-03 9.999984e-01 -4.562507e-04 -4.205052e-02 -2.247824e-02 4.950612e-04 9.997472e-01 -2.733789e+01
9.991112e-01 1.805099e-03 -4.211459e-02 2.658890e+01 -1.751351e-03 9.999976e-01 1.313090e-03 -8.556446e-02 4.211686e-02 -1.238166e-03 9.991119e-01 -2.761128e+01
9.997844e-01 -1.908970e-03 2.067462e-02 2.822486e+01 1.929466e-03 9.999977e-01 -9.714455e-04 -1.369721e-01 -2.067272e-02 1.011128e-03 9.997858e-01 -2.793423e+01
9.991611e-01 2.327393e-03 -4.088657e-02 2.990689e+01 -2.284666e-03 9.999968e-01 1.091716e-03 -2.120044e-01 4.088898e-02 -9.973882e-04 9.991632e-01 -2.773179e+01
9.999552e-01 -1.545317e-03 9.336464e-03 3.268173e+01 1.553277e-03 9.999984e-01 -8.453096e-04 -3.378583e-01 -9.335143e-03 8.597746e-04 9.999561e-01 -2.687292e+01
9.991783e-01 1.403487e-03 -4.050522e-02 3.467540e+01 -1.450142e-03 9.999983e-01 -1.122466e-03 -3.915472e-01 4.050358e-02 1.180282e-03 9.991787e-01 -2.679134e+01
9.994346e-01 -1.198213e-03 3.360150e-02 3.490345e+01 1.182374e-03 9.999992e-01 4.912425e-04 -3.911726e-01 -3.360206e-02 -4.512346e-04 9.994352e-01 -2.705660e+01
9.998330e-01 1.781864e-03 -1.818959e-02 3.343120e+01 -1.880537e-03 9.999836e-01 -5.409020e-03 -2.867835e-01 1.817966e-02 5.442322e-03 9.998199e-01 -2.549961e+01
9.989419e-01 -3.824978e-04 4.598876e-02 3.147055e+01 4.446788e-04 9.999990e-01 -1.341862e-03 -1.457657e-01 -4.598820e-02 1.360893e-03 9.989411e-01 -2.357267e+01
9.998793e-01 1.390609e-03 -1.547733e-02 2.937011e+01 -1.485350e-03 9.999802e-01 -6.111486e-03 4.846062e-03 1.546853e-02 6.133737e-03 9.998615e-01 -2.170789e+01
9.991590e-01 -9.571743e-05 4.100360e-02 2.753887e+01 1.042331e-04 1.000000e+00 -2.055368e-04 1.349264e-01 -4.100358e-02 2.096386e-04 9.991590e-01 -2.020522e+01
9.999364e-01 8.062829e-04 -1.124744e-02 2.545756e+01 -8.866710e-04 9.999741e-01 -7.144054e-03 2.859340e-01 1.124139e-02 7.153572e-03 9.999112e-01 -1.811775e+01
9.986270e-01 7.981289e-04 5.237802e-02 2.278917e+01 -6.738062e-04 9.999969e-01 -2.391178e-03 4.816637e-01 -5.237977e-02 2.352603e-03 9.986245e-01 -1.520433e+01
9.999994e-01 4.425378e-04 9.719583e-04 1.951982e+01 -4.329777e-04 9.999517e-01 -9.814446e-03 7.254228e-01 -9.762549e-04 9.814019e-03 9.999514e-01 -1.173667e+01
9.994083e-01 1.047263e-03 3.437878e-02 1.720105e+01 -1.084095e-03 9.999989e-01 1.052730e-03 9.006614e-01 -3.437763e-02 -1.089376e-03 9.994083e-01 -9.346233e+00
9.999926e-01 -2.274838e-04 -3.827683e-03 1.507364e+01 1.950265e-04 9.999640e-01 -8.477811e-03 1.054336e+00 3.829474e-03 8.477002e-03 9.999567e-01 -7.238939e+00
9.992004e-01 1.641144e-03 3.994722e-02 1.273068e+01 -1.630898e-03 9.999986e-01 -2.890599e-04 1.230317e+00 -3.994764e-02 2.236796e-04 9.992017e-01 -4.660469e+00
9.999909e-01 -4.989824e-04 -4.239099e-03 1.039861e+01 4.636548e-04 9.999652e-01 -8.330611e-03 1.405284e+00 4.243108e-03 8.328569e-03 9.999563e-01 -1.945655e+00
9.985763e-01 2.198232e-03 5.329646e-02 7.272093e+00 -2.061277e-03 9.999944e-01 -2.624506e-03 1.634438e+00 -5.330193e-02 2.510912e-03 9.985753e-01 6.670611e-01
9.999969e-01 -7.559031e-04 -2.365463e-03 4.000134e+00 7.351141e-04 9.999612e-01 -8.777066e-03 1.867779e+00 2.372006e-03 8.775300e-03 9.999587e-01 2.742818e+00
9.995155e-01 1.980682e-03 3.106214e-02 1.957364e+00 -2.023359e-03 9.999971e-01 1.342531e-03 2.012456e+00 -3.105939e-02 -1.404730e-03 9.995166e-01 3.866747e+00
9.998345e-01 -1.161670e-03 -1.815632e-02 7.494535e-01 1.063149e-03 9.999847e-01 -5.434952e-03 2.095240e+00 1.816236e-02 5.414749e-03 9.998204e-01 4.720176e+00
9.995022e-01 1.963206e-03 3.148705e-02 -4.335265e-01 -2.000199e-03 9.999973e-01 1.143421e-03 2.179002e+00 -3.148472e-02 -1.205831e-03 9.995035e-01 5.869461e+00
9.999812e-01 -7.816621e-04 -6.085396e-03 -2.334953e+00 7.371844e-04 9.999730e-01 -7.307713e-03 2.309764e+00 6.090944e-03 7.303088e-03 9.999548e-01 7.338793e+00
9.996396e-01 1.866043e-03 2.678216e-02 -3.933385e+00 -1.914805e-03 9.999966e-01 1.795192e-03 2.420253e+00 -2.677872e-02 -1.845827e-03 9.996397e-01 8.250643e+00
9.999309e-01 -9.971204e-04 -1.171526e-02 -5.244996e+00 9.261792e-04 9.999812e-01 -6.059314e-03 2.506487e+00 1.172108e-02 6.048044e-03 9.999130e-01 8.995109e+00
9.996354e-01 2.018491e-03 2.692439e-02 -6.476686e+00 -2.063099e-03 9.999965e-01 1.629128e-03 2.591047e+00 -2.692101e-02 -1.684081e-03 9.996361e-01 9.733899e+00
9.999151e-01 -1.201615e-03 -1.297457e-02 -7.788835e+00 1.125124e-03 9.999820e-01 -5.901170e-03 2.668672e+00 1.298143e-02 5.886070e-03 9.998984e-01 9.962175e+00
9.997999e-01 1.904169e-03 1.991463e-02 -8.646567e+00 -1.957970e-03 9.999945e-01 2.682426e-03 2.723797e+00 -1.990942e-02 -2.720881e-03 9.997981e-01 1.025394e+01
9.998062e-01 -9.162637e-04 -1.966566e-02 -8.899723e+00 8.134246e-04 9.999860e-01 -5.236731e-03 2.733426e+00 1.967019e-02 5.219719e-03 9.997929e-01 1.091190e+01
9.998024e-01 1.506475e-03 1.982188e-02 -8.711793e+00 -1.560246e-03 9.999951e-01 2.697552e-03 2.710761e+00 -1.981772e-02 -2.727945e-03 9.997999e-01 1.226757e+01
9.998189e-01 -5.050290e-04 -1.902303e-02 -8.968246e+00 4.178341e-04 9.999894e-01 -4.587340e-03 2.725660e+00 1.902515e-02 4.578560e-03 9.998085e-01 1.349556e+01
9.998743e-01 1.087151e-03 1.582008e-02 -9.106501e+00 -1.138224e-03 9.999942e-01 3.219725e-03 2.740203e+00 -1.581649e-02 -3.237326e-03 9.998697e-01 1.414795e+01
9.996922e-01 -7.769175e-04 -2.479893e-02 -8.937221e+00 7.030015e-04 9.999953e-01 -2.989187e-03 2.736089e+00 2.480113e-02 2.970833e-03 9.996880e-01 1.397868e+01
9.998757e-01 1.100451e-03 1.573043e-02 -8.854783e+00 -1.143768e-03 9.999956e-01 2.745041e-03 2.731612e+00 -1.572734e-02 -2.762691e-03 9.998725e-01 1.397035e+01
9.997251e-01 -6.564771e-04 -2.343534e-02 -8.793470e+00 5.895683e-04 9.999957e-01 -2.861831e-03 2.720750e+00 2.343712e-02 2.847227e-03 9.997213e-01 1.433815e+01
9.998799e-01 1.011966e-03 1.546765e-02 -8.700519e+00 -1.054244e-03 9.999957e-01 2.725371e-03 2.706663e+00 -1.546483e-02 -2.741350e-03 9.998767e-01 1.472429e+01
9.999948e-01 -1.074188e-04 -3.237113e-03 -9.930735e+00 8.707011e-05 9.999802e-01 -6.285524e-03 2.784273e+00 3.237723e-03 6.285209e-03 9.999750e-01 1.586839e+01
9.998482e-01 9.595919e-04 1.739417e-02 -1.098112e+01 -9.858975e-04 9.999984e-01 1.503816e-03 2.864863e+00 -1.739270e-02 -1.520736e-03 9.998476e-01 1.706725e+01
9.997009e-01 -2.946530e-04 -2.445439e-02 -1.089572e+01 2.409320e-04 9.999976e-01 -2.199700e-03 2.858097e+00 2.445498e-02 2.193149e-03 9.996985e-01 1.763706e+01
9.997334e-01 8.987638e-04 2.307120e-02 -1.130171e+01 -9.204040e-04 9.999991e-01 9.273774e-04 2.886339e+00 -2.307035e-02 -9.483643e-04 9.997334e-01 1.819303e+01
9.996866e-01 -4.165954e-04 -2.502933e-02 -1.160798e+01 3.499991e-04 9.999964e-01 -2.665050e-03 2.914799e+00 2.503035e-02 2.655454e-03 9.996832e-01 1.856570e+01
9.998810e-01 8.486923e-04 1.540526e-02 -1.139602e+01 -8.823180e-04 9.999972e-01 2.176086e-03 2.898238e+00 -1.540337e-02 -2.189418e-03 9.998790e-01 1.883757e+01
9.996583e-01 -3.579832e-04 -2.613710e-02 -1.110672e+01 2.879580e-04 9.999964e-01 -2.682863e-03 2.884554e+00 2.613796e-02 2.674419e-03 9.996548e-01 1.898343e+01
9.998800e-01 7.558779e-04 1.547109e-02 -1.088577e+01 -7.953964e-04 9.999964e-01 2.548359e-03 2.881642e+00 -1.546911e-02 -2.560358e-03 9.998771e-01 1.878378e+01
9.997081e-01 -4.538301e-04 -2.415633e-02 -1.075353e+01 3.841199e-04 9.999957e-01 -2.890352e-03 2.886421e+00 2.415754e-02 2.880229e-03 9.997040e-01 1.833283e+01
9.998851e-01 6.335527e-04 1.514527e-02 -1.058225e+01 -6.775080e-04 9.999956e-01 2.897295e-03 2.887508e+00 -1.514337e-02 -2.907223e-03 9.998811e-01 1.793067e+01
9.996597e-01 -2.983422e-04 -2.608392e-02 -1.029277e+01 2.293487e-04 9.999965e-01 -2.648005e-03 2.885022e+00 2.608462e-02 2.641120e-03 9.996562e-01 1.758112e+01
9.998937e-01 4.773071e-04 1.457187e-02 -9.997183e+00 -5.148290e-04 9.999966e-01 2.571321e-03 2.883420e+00 -1.457059e-02 -2.578549e-03 9.998905e-01 1.724146e+01
9.996887e-01 -1.193178e-04 -2.494949e-02 -9.800446e+00 5.405875e-05 9.999966e-01 -2.616300e-03 2.882029e+00 2.494972e-02 2.614136e-03 9.996853e-01 1.698547e+01
9.998484e-01 3.021378e-04 1.740960e-02 -9.699972e+00 -3.457718e-04 9.999968e-01 2.503372e-03 2.887561e+00 -1.740879e-02 -2.509012e-03 9.998453e-01 1.645630e+01
9.997542e-01 -1.034376e-04 -2.217034e-02 -9.805943e+00 3.826636e-05 9.999957e-01 -2.939969e-03 2.896868e+00 2.217055e-02 2.938398e-03 9.997499e-01 1.606111e+01
9.998716e-01 5.025759e-04 1.601697e-02 -9.866244e+00 -5.500140e-04 9.999955e-01 2.957479e-03 2.901823e+00 -1.601541e-02 -2.965908e-03 9.998673e-01 1.582044e+01
9.997239e-01 -2.695914e-04 -2.349462e-02 -9.747138e+00 2.010297e-04 9.999957e-01 -2.920496e-03 2.905265e+00 2.349531e-02 2.914966e-03 9.997197e-01 1.532989e+01
9.999125e-01 6.310925e-04 1.321374e-02 -9.391240e+00 -6.720735e-04 9.999950e-01 3.097193e-03 2.887054e+00 -1.321172e-02 -3.105802e-03 9.999079e-01 1.537779e+01
9.997219e-01 -6.315828e-06 -2.358377e-02 -9.115761e+00 -7.196532e-05 9.999945e-01 -3.318425e-03 2.870887e+00 2.358366e-02 3.319198e-03 9.997164e-01 1.565926e+01
9.998107e-01 4.305792e-04 1.945036e-02 -9.366293e+00 -4.854353e-04 9.999959e-01 2.815683e-03 2.887353e+00 -1.944907e-02 -2.824591e-03 9.998069e-01 1.592303e+01
9.997671e-01 3.327350e-05 -2.158188e-02 -9.714015e+00 -1.130049e-04 9.999932e-01 -3.693153e-03 2.911330e+00 2.158161e-02 3.694731e-03 9.997603e-01 1.627558e+01
9.996662e-01 5.706434e-04 2.582774e-02 -1.045395e+01 -6.134898e-04 9.999984e-01 1.651043e-03 2.961350e+00 -2.582676e-02 -1.666336e-03 9.996650e-01 1.683800e+01
9.996184e-01 -1.133124e-04 -2.762470e-02 -1.081194e+01 2.637494e-05 9.999950e-01 -3.147432e-03 2.988237e+00 2.762492e-02 3.145501e-03 9.996134e-01 1.705772e+01
9.998525e-01 4.878676e-04 1.716664e-02 -1.059834e+01 -5.501256e-04 9.999933e-01 3.622160e-03 2.982201e+00 -1.716476e-02 -3.631069e-03 9.998461e-01 1.687585e+01
9.997174e-01 7.150109e-05 -2.377116e-02 -1.035051e+01 -1.764188e-04 9.999903e-01 -4.411583e-03 2.969482e+00 2.377061e-02 4.414529e-03 9.997077e-01 1.676157e+01
9.997603e-01 6.924732e-04 2.188222e-02 -1.014943e+01 -7.797951e-04 9.999918e-01 3.982268e-03 2.960234e+00 -2.187928e-02 -3.998377e-03 9.997526e-01 1.657775e+01
9.999303e-01 3.653188e-04 -1.179789e-02 -1.055942e+01 -4.223840e-04 9.999882e-01 -4.834766e-03 2.997384e+00 1.179598e-02 4.839412e-03 9.999187e-01 1.485914e+01
