1.000000e+00 1.197625e-11 1.704638e-10 1.665335e-16 1.197625e-11 1.000000e+00 3.562503e-10 -1.110223e-16 1.704638e-10 3.562503e-10 1.000000e+00 2.220446e-16 0.000000e+00 0.000000e+00 0.000000e+00 1.000000e+00
9.981076e-01 3.149425e-03 -6.141027e-02 -3.189043e-02 1.931439e-03 9.965890e-01 8.250195e-02 -1.463325e-02 6.146063e-02 -8.246443e-02 9.946970e-01 6.861804e-01
9.983706e-01 4.738246e-04 5.706015e-02 3.933024e-03 -3.312057e-03 9.987608e-01 4.965677e-02 -3.856740e-02 -5.696591e-02 -4.976485e-02 9.971351e-01 1.694968e+00
9.788532e-01 5.014905e-02 -1.983216e-01 8.324966e-02 -2.581279e-02 9.920157e-01 1.234445e-01 -6.729786e-02 2.029287e-01 -1.157148e-01 9.723322e-01 2.987760e+00
9.844767e-01 -4.482262e-02 1.696957e-01 1.339560e-01 4.062121e-02 9.987780e-01 2.815164e-02 -9.290398e-02 -1.707501e-01 -2.082139e-02 9.850943e-01 4.104640e+00
9.926983e-01 -1.300673e-02 1.199204e-01 2.501839e-01 3.236868e-03 9.966839e-01 8.130698e-02 -1.194912e-01 -1.205802e-01 -8.032513e-02 9.894485e-01 5.159198e+00
8.191425e-01 -1.417659e-01 5.557949e-01 3.586884e-01 1.838353e-01 9.827480e-01 -2.027211e-02 -1.371662e-01 -5.433324e-01 1.187805e-01 8.310722e-01 5.721772e+00
8.621149e-01 1.676924e-01 -4.781602e-01 1.789561e-01 -1.061436e-01 9.824806e-01 1.531841e-01 -1.434424e-01 4.954709e-01 -8.130860e-02 8.648107e-01 6.329695e+00
1.500684e-01 -1.745993e-01 9.731365e-01 6.359719e-03 3.853507e-01 9.167699e-01 1.050608e-01 -1.532420e-01 -9.104858e-01 3.592325e-01 2.048601e-01 6.961819e+00
9.762402e-01 1.474984e-01 -1.587430e-01 -1.257735e-01 -1.459271e-01 9.890601e-01 2.157473e-02 -1.653256e-01 1.601886e-01 2.102785e-03 9.870842e-01 7.583786e+00
3.997002e-01 -2.691769e-01 8.762326e-01 6.237692e-02 2.556722e-01 9.507134e-01 1.754304e-01 -1.860828e-01 -8.802679e-01 1.539087e-01 4.488214e-01 8.250783e+00
9.640371e-01 6.363813e-02 -2.580362e-01 -8.003101e-02 -8.200879e-02 9.947596e-01 -6.105684e-02 -1.971322e-01 2.527984e-01 8.002230e-02 9.642040e-01 8.924673e+00
3.692479e-01 -2.101414e-01 9.052605e-01 -3.935109e-01 2.304148e-01 9.643856e-01 1.298821e-01 -2.001345e-01 -9.003138e-01 1.606267e-01 4.045171e-01 9.481512e+00
2.226603e-01 2.833410e-01 -9.328131e-01 -5.599617e-01 -1.886808e-01 9.512666e-01 2.439085e-01 -2.059655e-01 9.564632e-01 1.216952e-01 2.652704e-01 9.975263e+00
-5.661500e-01 -7.663747e-02 8.207319e-01 -8.197443e-01 3.191928e-01 8.976083e-01 3.039987e-01 -2.097351e-01 -7.599935e-01 4.340806e-01 -4.837189e-01 1.048072e+01
1.916485e-01 3.458340e-01 -9.185149e-01 -9.347768e-01 -1.957478e-01 9.305286e-01 3.095145e-01 -2.258173e-01 9.617451e-01 1.204793e-01 2.460307e-01 1.141441e+01
-2.255684e-01 -2.599696e-01 9.389008e-01 -9.194467e-01 3.368894e-01 8.834690e-01 3.255580e-01 -2.479753e-01 -9.141249e-01 3.897414e-01 -1.117017e-01 1.243393e+01
5.809249e-01 2.665356e-01 -7.690806e-01 -1.326390e+00 -2.457299e-01 9.582086e-01 1.464686e-01 -2.546568e-01 7.759788e-01 1.038988e-01 6.221430e-01 1.363076e+01
-8.984058e-01 3.956620e-02 4.373803e-01 -2.501934e+00 2.587902e-01 8.523426e-01 4.544663e-01 -2.354029e-01 -3.548164e-01 5.214849e-01 -7.759889e-01 1.527777e+01
5.383974e-01 2.222338e-01 -8.128594e-01 -3.964128e+00 -9.029894e-02 9.742601e-01 2.065509e-01 -2.005222e-01 8.378391e-01 -3.780614e-02 5.446066e-01 1.702269e+01
-9.312253e-01 3.640135e-01 1.770862e-02 -5.904003e+00 3.232970e-01 8.026822e-01 5.011790e-01 -1.540068e-01 1.682215e-01 4.724357e-01 -8.651624e-01 1.872000e+01
6.858499e-01 3.412256e-01 -6.427869e-01 -7.538611e+00 -2.366760e-01 9.398304e-01 2.463802e-01 -1.302749e-01 6.881820e-01 -1.684762e-02 7.253425e-01 2.081524e+01
-9.750499e-01 1.553279e-01 1.585907e-01 -9.592094e+00 2.199515e-01 7.725087e-01 5.956942e-01 -7.921342e-02 -2.998473e-02 6.157138e-01 -7.873991e-01 2.273108e+01
6.143497e-01 2.188263e-01 -7.580827e-01 -1.114362e+01 -2.071755e-01 9.717996e-01 1.126224e-01 -5.203074e-02 7.613493e-01 8.786664e-02 6.423603e-01 2.472679e+01
-9.451907e-01 2.007229e-01 2.575362e-01 -1.335844e+01 3.017481e-01 8.383078e-01 4.540794e-01 1.391750e-02 -1.247505e-01 5.069026e-01 -8.529285e-01 2.643894e+01
6.573312e-01 2.296692e-01 -7.177518e-01 -1.572161e+01 -5.348589e-02 9.642448e-01 2.595596e-01 8.583893e-02 7.517013e-01 -1.322271e-01 6.461123e-01 2.822671e+01
-8.431970e-01 3.177818e-01 4.336283e-01 -1.830252e+01 5.213443e-01 6.802207e-01 5.152668e-01 1.729154e-01 -1.312205e-01 6.605411e-01 -7.392338e-01 2.997274e+01
7.860542e-01 3.480033e-01 -5.108938e-01 -2.204641e+01 -2.437961e-01 9.340137e-01 2.611167e-01 3.110988e-01 5.680513e-01 -8.069800e-02 8.190272e-01 3.186868e+01
-9.394294e-01 1.512914e-01 3.075441e-01 -2.512403e+01 3.239983e-01 6.846729e-01 6.528768e-01 4.149462e-01 -1.117924e-01 7.129754e-01 -6.922200e-01 3.403201e+01
6.025714e-01 2.816623e-01 -7.467088e-01 -2.794303e+01 -2.419011e-01 9.560934e-01 1.654363e-01 5.156655e-01 7.605206e-01 8.094251e-02 6.442490e-01 3.575432e+01
-8.470125e-01 2.170468e-01 4.852427e-01 -3.135531e+01 4.600874e-01 7.565538e-01 4.646998e-01 6.541621e-01 -2.662506e-01 6.168606e-01 -7.406711e-01 3.710148e+01
6.169619e-01 3.210020e-01 -7.185512e-01 -3.454832e+01 -9.706266e-02 9.370997e-01 3.352954e-01 7.786026e-01 7.809846e-01 -1.371200e-01 6.093121e-01 3.868981e+01
-8.600723e-01 3.348648e-01 3.848912e-01 -3.736100e+01 5.067163e-01 6.483711e-01 5.682020e-01 8.814708e-01 -5.928150e-02 6.837254e-01 -7.273274e-01 4.023635e+01
5.724828e-01 4.604190e-01 -6.784377e-01 -4.053963e+01 -2.859730e-01 8.876110e-01 3.610625e-01 9.997821e-01 7.684288e-01 -1.268719e-02 6.398095e-01 4.189317e+01
-8.269972e-01 1.668856e-01 5.368658e-01 -4.399971e+01 5.183113e-01 5.962305e-01 6.130763e-01 1.136446e+00 -2.177822e-01 7.852760e-01 -5.795797e-01 4.373405e+01
8.728316e-01 3.616156e-01 -3.277180e-01 -4.586707e+01 -4.069590e-01 9.099537e-01 -7.980397e-02 1.152125e+00 2.693499e-01 2.030232e-01 9.413991e-01 4.771413e+01
-9.432464e-01 -2.438436e-01 2.254474e-01 -4.719303e+01 -1.232487e-01 8.874219e-01 4.441758e-01 1.122394e+00 -3.083764e-01 3.911811e-01 -8.671109e-01 5.271362e+01
8.417615e-01 -2.453639e-01 -4.808680e-01 -4.858583e+01 2.372510e-01 9.682517e-01 -7.874358e-02 1.106543e+00 4.849221e-01 -4.780309e-02 8.732499e-01 5.696898e+01
-8.329756e-01 4.082794e-01 3.734429e-01 -4.995854e+01 5.070057e-01 8.334848e-01 2.196551e-01 1.085757e+00 -2.215783e-01 3.723050e-01 -9.012725e-01 6.173318e+01
8.839435e-01 3.787531e-01 -2.742078e-01 -5.147574e+01 -2.640894e-01 8.883237e-01 3.756831e-01 1.067560e+00 3.858764e-01 -2.596673e-01 8.852527e-01 6.700968e+01
-8.330173e-01 -9.725725e-02 5.446312e-01 -5.383170e+01 4.156375e-01 5.397023e-01 7.320976e-01 1.118386e+00 -3.651405e-01 8.362192e-01 -4.091576e-01 7.103285e+01
7.984329e-01 2.251317e-01 -5.584090e-01 -5.628347e+01 -3.611556e-01 9.211613e-01 -1.450118e-01 1.179873e+00 4.817380e-01 3.174548e-01 8.167931e-01 7.461711e+01
-7.747278e-01 -2.175133e-01 5.937043e-01 -5.816942e+01 7.969823e-02 8.978859e-01 4.329539e-01 1.214571e+00 -6.272519e-01 3.827386e-01 -6.782818e-01 7.835637e+01
5.846973e-01 -1.370345e-01 -7.995940e-01 -6.126899e+01 2.315339e-01 9.728234e-01 2.585002e-03 1.325104e+00 7.775095e-01 -1.866446e-01 6.005354e-01 8.104267e+01
-6.904362e-01 7.164868e-01 9.972207e-02 -6.589832e+01 6.922185e-01 6.143412e-01 3.787064e-01 1.507709e+00 2.100748e-01 3.305021e-01 -9.201288e-01 8.263141e+01
6.288346e-01 6.502677e-01 -4.262852e-01 -6.945831e+01 -3.024185e-01 7.096277e-01 6.363738e-01 1.650038e+00 7.163171e-01 -2.712573e-01 6.428913e-01 8.382870e+01
1.140007e-01 -2.707622e-01 9.558722e-01 -7.115227e+01 9.015711e-01 4.323725e-01 1.495011e-02 1.714282e+00 -4.173408e-01 8.600825e-01 2.934022e-01 8.476314e+01
8.052470e-01 5.245728e-01 2.764067e-01 -7.356847e+01 -4.916337e-01 8.512847e-01 -1.833324e-01 1.800330e+00 -3.314720e-01 1.173699e-02 9.433920e-01 8.624414e+01
-2.458790e-01 -6.669923e-01 7.033241e-01 -7.627434e+01 2.601616e-01 6.535635e-01 7.107536e-01 1.892436e+00 -9.337342e-01 3.577373e-01 1.282829e-02 8.787705e+01
8.540963e-01 -3.453100e-01 3.889481e-01 -7.949489e+01 5.069609e-01 7.198214e-01 -4.741813e-01 2.006273e+00 -1.162336e-01 6.021779e-01 7.898554e-01 8.973976e+01
-3.271435e-02 3.011554e-01 9.530138e-01 -8.163999e+01 4.164188e-03 9.535569e-01 -3.011841e-01 2.072587e+00 -9.994561e-01 -5.884512e-03 -3.244906e-02 9.157220e+01
6.873958e-01 -5.715189e-01 4.481664e-01 -8.456758e+01 2.817227e-01 7.785742e-01 5.607624e-01 2.174824e+00 -6.694172e-01 -2.592071e-01 6.961985e-01 9.296946e+01
5.462736e-01 -1.936336e-01 8.149179e-01 -8.657890e+01 7.333624e-01 5.806176e-01 -3.536423e-01 2.244133e+00 -4.046786e-01 7.908156e-01 4.591797e-01 9.419456e+01
-7.870630e-02 8.147844e-01 -5.743968e-01 -8.728518e+01 5.134855e-01 5.270050e-01 6.771989e-01 2.268985e+00 8.544811e-01 -2.416446e-01 -4.598586e-01 9.495124e+01
7.700895e-01 4.974576e-01 3.993720e-01 -8.783289e+01 -8.829953e-02 7.031312e-01 -7.055563e-01 2.287662e+00 -6.317953e-01 5.080772e-01 5.853992e-01 9.559122e+01
-6.205951e-03 9.369467e-02 -9.955816e-01 -8.803317e+01 6.228710e-01 7.792357e-01 6.945158e-02 2.285250e+00 7.822999e-01 -6.196879e-01 -6.319559e-02 9.612273e+01
1.248728e-01 5.460558e-01 8.283899e-01 -8.774359e+01 -9.199441e-02 8.377006e-01 -5.383258e-01 2.260089e+00 -9.878987e-01 -8.984970e-03 1.548401e-01 9.673862e+01
2.770981e-01 2.159265e-02 -9.605990e-01 -8.730295e+01 5.362201e-01 8.261069e-01 1.732496e-01 2.230997e+00 7.972983e-01 -5.630996e-01 2.173342e-01 9.723889e+01
-1.190931e-01 4.465359e-01 8.868046e-01 -8.650073e+01 2.634486e-01 8.753581e-01 -4.053925e-01 2.195220e+00 -9.572939e-01 1.853480e-01 -2.218884e-01 9.773329e+01
4.508515e-01 3.747672e-01 -8.101126e-01 -8.530194e+01 2.238785e-01 8.310989e-01 5.090707e-01 2.153820e+00 8.640667e-01 -4.108821e-01 2.907999e-01 9.817200e+01
-2.308371e-01 1.785311e-01 9.564731e-01 -8.458772e+01 5.777063e-01 8.161426e-01 -1.291278e-02 2.127139e+00 -7.829238e-01 5.495798e-01 -2.915345e-01 9.840144e+01
7.087598e-01 4.937351e-01 -5.038702e-01 -8.409112e+01 -2.848861e-01 8.537453e-01 4.358428e-01 2.102208e+00 6.453677e-01 -1.653622e-01 7.457586e-01 9.873208e+01
-2.866345e-01 -2.969019e-01 9.108732e-01 -8.352789e+01 4.901466e-01 7.714675e-01 4.057021e-01 2.076314e+00 -8.231628e-01 5.627496e-01 -7.560372e-02 9.902365e+01
4.585351e-01 4.466246e-01 -7.682917e-01 -8.336821e+01 -4.822594e-01 8.512189e-01 2.070079e-01 2.060138e+00 7.464392e-01 2.755955e-01 6.057026e-01 9.927225e+01
-3.788246e-02 -5.145672e-01 8.566128e-01 -8.291616e+01 2.834669e-01 8.164812e-01 5.029960e-01 2.037846e+00 -9.582335e-01 2.618761e-01 1.149325e-01 9.950634e+01
4.246346e-01 3.335168e-01 -8.416959e-01 -8.213815e+01 -5.730332e-01 8.187699e-01 3.533793e-02 2.012465e+00 7.009411e-01 4.673140e-01 5.387942e-01 9.966446e+01
-1.811769e-01 -6.346304e-01 7.512784e-01 -8.090946e+01 -1.013468e-01 7.719021e-01 6.276113e-01 1.975616e+00 -9.782146e-01 3.756896e-02 -2.041686e-01 9.994765e+01
4.918954e-01 -3.239955e-02 -8.700513e-01 -7.991310e+01 -5.089020e-01 8.001286e-01 -3.175104e-01 1.939734e+00 7.064402e-01 5.989528e-01 3.770914e-01 1.003054e+02
-1.584387e-01 -5.363514e-01 8.289900e-01 -7.958139e+01 -3.506291e-01 8.154358e-01 4.605688e-01 1.916725e+00 -9.230148e-01 -2.176961e-01 -3.172570e-01 1.006988e+02
5.083975e-01 -3.429136e-01 -7.899001e-01 -7.891400e+01 -1.742962e-01 8.573274e-01 -4.843662e-01 1.887955e+00 8.432987e-01 3.839272e-01 3.760946e-01 1.010216e+02
-1.984406e-01 -2.299779e-01 9.527494e-01 -7.796374e+01 -5.059012e-01 8.566106e-01 1.014015e-01 1.856189e+00 -8.394554e-01 -4.618749e-01 -2.863324e-01 1.012695e+02
4.070114e-01 -5.455063e-01 -7.326422e-01 -7.773724e+01 3.009121e-01 8.373868e-01 -4.563280e-01 1.838234e+00 8.624347e-01 -3.473016e-02 5.049754e-01 1.015657e+02
-9.868268e-02 2.747692e-01 9.564328e-01 -7.746530e+01 -3.634919e-01 8.847571e-01 -2.916821e-01 1.819229e+00 -9.263560e-01 -3.764395e-01 1.256615e-02 1.018094e+02
2.770118e-01 -3.544073e-01 -8.931181e-01 -7.726151e+01 4.694185e-01 8.609378e-01 -1.960415e-01 1.802304e+00 8.383977e-01 -3.649404e-01 4.048553e-01 1.020521e+02
-3.185216e-01 4.918318e-01 8.103366e-01 -7.708178e+01 1.087054e-01 8.681743e-01 -4.842071e-01 1.785718e+00 -9.416619e-01 -6.614242e-02 -3.299971e-01 1.023648e+02
6.364630e-01 8.049740e-02 -7.670952e-01 -7.641640e+01 4.140437e-01 8.034400e-01 4.278457e-01 1.756536e+00 6.507554e-01 -5.899189e-01 4.780304e-01 1.027290e+02
-9.417835e-03 3.518143e-01 9.360224e-01 -7.536086e+01 4.939323e-01 8.155330e-01 -3.015573e-01 1.720120e+00 -8.694494e-01 4.594917e-01 -1.814530e-01 1.030433e+02
4.341245e-01 4.355025e-01 -7.885896e-01 -7.547915e+01 2.200386e-01 7.976045e-01 5.616139e-01 1.714432e+00 8.735668e-01 -4.173305e-01 2.504323e-01 1.032932e+02
-1.770913e-01 2.140704e-01 9.606313e-01 -7.516867e+01 6.724816e-01 7.389934e-01 -4.070862e-02 1.696574e+00 -7.186148e-01 6.387978e-01 -2.748277e-01 1.035411e+02
3.913136e-01 6.605358e-01 -6.407543e-01 -7.476499e+01 -1.839521e-01 7.383695e-01 6.488236e-01 1.676501e+00 9.016847e-01 -1.360254e-01 4.104410e-01 1.038004e+02
-2.194049e-01 -2.085195e-01 9.530903e-01 -7.410410e+01 6.460694e-01 7.009560e-01 3.020844e-01 1.653651e+00 -7.310649e-01 6.820413e-01 -1.907513e-02 1.039557e+02
2.590479e-01 6.392623e-01 -7.240427e-01 -7.398467e+01 -4.600384e-01 7.408017e-01 4.894665e-01 1.640534e+00 8.492696e-01 2.062922e-01 4.859884e-01 1.041043e+02
-3.185408e-01 -4.550057e-01 8.315657e-01 -7.397312e+01 5.031130e-01 6.623448e-01 5.551367e-01 1.625903e+00 -8.033736e-01 5.952052e-01 1.793543e-02 1.045199e+02
1.908488e-01 5.157358e-01 -8.352205e-01 -7.354367e+01 -6.474802e-01 7.056564e-01 2.877820e-01 1.608209e+00 7.377982e-01 4.858659e-01 4.686024e-01 1.047172e+02
9.959455e-03 -6.726716e-01 7.398741e-01 -7.295056e+01 4.053813e-01 6.790973e-01 6.119583e-01 1.593674e+00 -9.140935e-01 2.938363e-01 2.794519e-01 1.047044e+02
1.726954e-01 4.489381e-01 -8.767160e-01 -7.251746e+01 -7.132977e-01 6.708186e-01 2.029993e-01 1.579119e+00 6.792515e-01 5.903024e-01 4.360738e-01 1.047657e+02
-3.935286e-02 -7.405346e-01 6.708650e-01 -7.208449e+01 2.624993e-01 6.401422e-01 7.220194e-01 1.563407e+00 -9.641294e-01 2.045151e-01 1.691984e-01 1.048445e+02
3.698255e-01 3.131083e-01 -8.747527e-01 -7.129047e+01 -7.594847e-01 6.441981e-01 -9.050909e-02 1.540829e+00 5.351749e-01 6.978338e-01 4.760418e-01 1.049382e+02
1.745747e-01 -7.912414e-01 5.860552e-01 -7.069423e+01 6.259337e-02 6.029091e-01 7.953507e-01 1.521115e+00 -9.826524e-01 -1.021649e-01 1.547791e-01 1.050670e+02
6.110455e-01 3.948958e-02 -7.906098e-01 -7.039656e+01 -6.131347e-01 6.553288e-01 -4.411462e-01 1.507134e+00 5.006887e-01 7.543108e-01 4.246482e-01 1.052361e+02
4.904286e-01 -6.418209e-01 5.895301e-01 -7.049776e+01 -2.713350e-02 6.648955e-01 7.464434e-01 1.507904e+00 -8.710589e-01 -3.820732e-01 3.086689e-01 1.053164e+02
6.344474e-01 -6.687398e-02 -7.700677e-01 -7.050072e+01 -5.299861e-01 6.875641e-01 -4.963570e-01 1.506674e+00 5.626643e-01 7.230377e-01 4.007810e-01 1.053795e+02
1.378645e-01 -5.669975e-01 8.121005e-01 -6.972933e+01 -4.560866e-01 6.914831e-01 5.602107e-01 1.485646e+00 -8.791919e-01 -4.476213e-01 -1.632690e-01 1.054992e+02
6.057163e-01 -4.391938e-01 -6.634882e-01 -6.838342e+01 -1.698575e-01 7.432679e-01 -6.470713e-01 1.457535e+00 7.773392e-01 5.046400e-01 3.756091e-01 1.055536e+02
1.601549e-01 -2.134854e-01 9.637294e-01 -6.668054e+01 -6.364961e-01 7.239095e-01 2.661349e-01 1.429346e+00 -7.544688e-01 -6.560328e-01 -1.994496e-02 1.054141e+02
4.932776e-01 -6.115048e-01 -6.186590e-01 -6.533102e+01 1.235145e-01 7.532388e-01 -6.460461e-01 1.403452e+00 8.610583e-01 2.422667e-01 4.470855e-01 1.053678e+02
2.506181e-01 7.427151e-02 9.652328e-01 -6.430445e+01 -6.646556e-01 7.381249e-01 1.157783e-01 1.381707e+00 -7.038633e-01 -6.705635e-01 2.343524e-01 1.053725e+02
2.660789e-01 -5.862682e-01 -7.651743e-01 -6.314649e+01 6.181053e-02 8.025325e-01 -5.933979e-01 1.362699e+00 9.619675e-01 1.105948e-01 2.497745e-01 1.053154e+02
4.474743e-01 -1.962835e-02 8.940814e-01 -6.186876e+01 -6.147302e-01 7.193629e-01 3.234559e-01 1.341188e+00 -6.495179e-01 -6.943570e-01 3.098303e-01 1.052738e+02
1.804300e-01 -5.399572e-01 -8.221261e-01 -6.089654e+01 -2.825391e-01 7.721646e-01 -5.691516e-01 1.334916e+00 9.421341e-01 3.349747e-01 -1.323735e-02 1.049029e+02
7.368020e-02 -3.614374e-01 9.294806e-01 -5.944286e+01 -6.324774e-01 7.036681e-01 3.237647e-01 1.308915e+00 -7.710665e-01 -6.117305e-01 -1.767546e-01 1.047951e+02
3.895608e-01 -5.624829e-01 -7.292841e-01 -5.830214e+01 -9.913541e-02 7.616292e-01 -6.403851e-01 1.278717e+00 9.156498e-01 3.217668e-01 2.409389e-01 1.049817e+02
1.853860e-01 -1.601636e-01 9.695255e-01 -5.735692e+01 -6.431468e-01 7.261827e-01 2.429420e-01 1.256614e+00 -7.429631e-01 -6.685853e-01 3.161541e-02 1.050356e+02
1.234131e-01 -5.809376e-01 -8.045376e-01 -5.629196e+01 -2.255126e-01 7.731054e-01 -5.928340e-01 1.243525e+00 9.663919e-01 2.545968e-01 -3.559747e-02 1.047901e+02
8.329504e-01 -2.539487e-01 4.916336e-01 -5.538202e+01 -2.215777e-01 6.610585e-01 7.168716e-01 1.242968e+00 -5.070473e-01 -7.060536e-01 4.943596e-01 1.042360e+02
2.161686e-01 -9.328471e-02 -9.718895e-01 -5.472864e+01 -7.091945e-01 6.691589e-01 -2.219675e-01 1.242885e+00 6.710547e-01 7.372410e-01 7.849412e-02 1.038124e+02
6.734490e-01 -7.156137e-01 1.853738e-01 -5.371480e+01 4.592094e-01 6.014904e-01 6.537094e-01 1.241715e+00 -5.793040e-01 -3.551145e-01 7.336897e-01 1.032195e+02
-4.286400e-02 5.917216e-01 -8.050020e-01 -5.305937e+01 -7.735309e-01 4.902901e-01 4.015789e-01 1.239850e+00 6.323074e-01 6.399072e-01 4.366991e-01 1.028847e+02
4.330552e-01 -8.071124e-01 4.012889e-01 -5.263481e+01 8.300985e-01 5.306153e-01 1.714171e-01 1.237872e+00 -3.512829e-01 2.588763e-01 8.997685e-01 1.027061e+02
6.945473e-02 8.964577e-01 -4.376525e-01 -5.231436e+01 -5.149127e-01 4.079691e-01 7.539404e-01 1.233884e+00 8.544244e-01 1.729881e-01 4.899328e-01 1.026940e+02
3.481874e-01 -5.827034e-01 7.343176e-01 -5.204369e+01 8.861526e-01 4.601095e-01 -5.507132e-02 1.220726e+00 -3.057762e-01 6.698926e-01 6.765684e-01 1.029386e+02
2.997420e-01 9.149259e-01 -2.703058e-01 -5.179943e+01 -5.205714e-01 3.942903e-01 7.573246e-01 1.206262e+00 7.994749e-01 -8.628851e-02 5.944696e-01 1.031886e+02
7.479747e-01 -5.342167e-01 3.938862e-01 -5.141683e+01 6.543402e-01 4.940567e-01 -5.724917e-01 1.203866e+00 1.112325e-01 6.859449e-01 7.191014e-01 1.030306e+02
5.574315e-01 7.452958e-01 -3.657927e-01 -5.111948e+01 9.587088e-02 3.798629e-01 9.200614e-01 1.204825e+00 8.246690e-01 -5.479401e-01 1.402954e-01 1.028973e+02
9.795625e-01 1.291800e-01 1.541746e-01 -5.087494e+01 6.971421e-02 5.009443e-01 -8.626672e-01 1.208533e+00 -1.886722e-01 8.557846e-01 4.817006e-01 1.026967e+02
6.004848e-01 2.038064e-01 -7.732276e-01 -5.068749e+01 6.309820e-01 4.732271e-01 6.147502e-01 1.209000e+00 4.912023e-01 -8.570409e-01 1.555675e-01 1.026769e+02
7.169376e-01 6.333268e-01 2.913720e-01 -5.074915e+01 -1.325339e-01 5.341550e-01 -8.349331e-01 1.206070e+00 -6.844233e-01 5.599782e-01 4.668931e-01 1.030093e+02
7.149109e-01 -8.564824e-02 -6.939502e-01 -5.069019e+01 6.354429e-01 4.936871e-01 5.937048e-01 1.190927e+00 2.917445e-01 -8.654117e-01 4.073668e-01 1.035428e+02
7.140854e-01 6.038128e-01 3.542487e-01 -5.061744e+01 -8.242458e-02 5.750246e-01 -8.139735e-01 1.172593e+00 -6.951893e-01 5.520478e-01 4.603857e-01 1.041810e+02
8.128582e-01 -3.730620e-02 -5.812657e-01 -5.042932e+01 5.167904e-01 5.065302e-01 6.901846e-01 1.150353e+00 2.686805e-01 -8.614147e-01 4.310167e-01 1.048708e+02
7.240241e-01 4.586819e-01 5.151698e-01 -5.006731e+01 2.092751e-01 5.655907e-01 -7.976911e-01 1.128492e+00 -6.572618e-01 6.853598e-01 3.135106e-01 1.054065e+02
9.008064e-01 2.068774e-01 -3.817717e-01 -4.964726e+01 2.366351e-01 5.032972e-01 8.310811e-01 1.107605e+00 3.640765e-01 -8.389837e-01 4.044189e-01 1.058640e+02
8.689579e-01 1.852982e-01 4.588865e-01 -4.947829e+01 2.849940e-01 5.706976e-01 -7.701186e-01 1.088395e+00 -4.045870e-01 7.999805e-01 4.431034e-01 1.064653e+02
9.710254e-01 2.389543e-01 3.251031e-03 -4.928525e+01 -1.247244e-01 4.951376e-01 8.598154e-01 1.062289e+00 2.038469e-01 -8.353081e-01 5.105946e-01 1.073232e+02
8.628823e-01 -2.009314e-01 4.637464e-01 -4.906741e+01 4.908452e-01 5.518262e-01 -6.742098e-01 1.036415e+00 -1.204375e-01 8.093914e-01 5.747872e-01 1.081805e+02
8.775886e-01 4.734644e-01 7.529711e-02 -4.862042e+01 -3.320102e-01 4.869146e-01 8.078882e-01 1.014874e+00 3.458431e-01 -7.339929e-01 5.845058e-01 1.086564e+02
8.832412e-01 -3.710862e-01 2.866706e-01 -4.849268e+01 4.593322e-01 5.616901e-01 -6.881266e-01 9.963147e-01 9.433424e-02 7.394588e-01 6.665596e-01 1.093117e+02
8.658356e-01 4.095743e-01 2.873631e-01 -4.848300e+01 -4.799841e-01 5.178454e-01 7.081323e-01 9.776416e-01 1.412231e-01 -7.510559e-01 6.449582e-01 1.100996e+02
6.793154e-01 -5.729262e-01 4.585697e-01 -4.844551e+01 7.333693e-01 5.074781e-01 -4.523665e-01 9.556069e-01 2.645855e-02 6.436005e-01 7.649042e-01 1.109909e+02
6.833859e-01 6.966361e-01 2.183617e-01 -4.843049e+01 -6.664749e-01 4.732248e-01 5.760812e-01 9.358955e-01 2.979848e-01 -5.392183e-01 7.876856e-01 1.117863e+02
6.454093e-01 -7.081388e-01 2.863323e-01 -4.846255e+01 7.453881e-01 5.020053e-01 -4.386198e-01 9.186275e-01 1.668633e-01 4.965180e-01 8.518371e-01 1.126081e+02
6.541709e-01 7.434401e-01 1.391306e-01 -4.852080e+01 -6.255315e-01 4.283894e-01 6.520682e-01 9.053765e-01 4.251715e-01 -5.135946e-01 7.452850e-01 1.133039e+02
6.963714e-01 -6.534900e-01 2.966778e-01 -4.858252e+01 6.872296e-01 4.880419e-01 -5.380805e-01 8.905883e-01 2.068390e-01 5.785896e-01 7.889561e-01 1.141369e+02
6.916377e-01 7.222359e-01 3.553723e-03 -4.867297e+01 -4.007131e-01 3.796336e-01 8.338509e-01 8.836308e-01 6.008880e-01 -5.781467e-01 5.519783e-01 1.146264e+02
8.573338e-01 -3.989902e-01 3.252471e-01 -4.883362e+01 4.930024e-01 4.546698e-01 -7.417708e-01 8.805435e-01 1.480792e-01 7.962928e-01 5.865069e-01 1.151040e+02
8.558681e-01 4.547743e-01 2.463130e-01 -4.888793e+01 -4.398017e-01 3.893576e-01 8.093054e-01 8.642827e-01 2.721475e-01 -8.009875e-01 5.332492e-01 1.159798e+02
8.335299e-01 -3.086560e-01 -4.582132e-01 -4.925663e+01 -2.486610e-01 5.310331e-01 -8.100441e-01 8.680513e-01 4.933514e-01 7.891358e-01 3.658813e-01 1.168314e+02
9.577765e-01 -1.523641e-01 -2.438226e-01 -4.957049e+01 2.873761e-01 4.810669e-01 8.282449e-01 8.788340e-01 -8.899771e-03 -8.633422e-01 5.045404e-01 1.170950e+02
8.506913e-01 3.443969e-01 -3.971336e-01 -4.963404e+01 -5.242983e-01 5.014367e-01 -6.882387e-01 8.827106e-01 -3.788995e-02 7.936952e-01 6.071345e-01 1.171527e+02
7.298175e-01 -5.903904e-01 3.446819e-01 -4.941278e+01 -2.384914e-02 4.818907e-01 8.759067e-01 8.683798e-01 -6.832259e-01 -6.474724e-01 3.376120e-01 1.174069e+02
7.422981e-01 -1.051821e-03 -6.700690e-01 -4.897066e+01 -5.703388e-01 5.239086e-01 -6.326401e-01 8.583832e-01 3.517203e-01 8.517739e-01 3.882964e-01 1.173434e+02
8.154597e-01 -5.596548e-01 1.476888e-01 -4.865330e+01 1.627137e-01 4.665188e-01 8.694161e-01 8.513010e-01 -5.554725e-01 -6.849429e-01 4.714908e-01 1.173312e+02
7.933993e-01 1.549271e-01 -5.886554e-01 -4.873708e+01 -5.774855e-01 4.972964e-01 -6.474618e-01 8.515300e-01 1.924269e-01 8.536357e-01 4.840228e-01 1.175596e+02
8.254202e-01 -5.644685e-01 7.536354e-03 -4.858725e+01 2.990562e-01 4.485537e-01 8.422380e-01 8.438353e-01 -4.787973e-01 -6.929465e-01 5.390531e-01 1.177839e+02
3.974314e-01 4.368590e-01 -8.069712e-01 -4.844895e+01 -8.825258e-01 4.228845e-01 -2.057107e-01 8.352792e-01 2.513890e-01 7.939288e-01 5.536069e-01 1.180551e+02
4.802136e-01 -8.753573e-01 5.607555e-02 -4.826925e+01 5.877720e-01 3.685822e-01 7.201884e-01 8.187352e-01 -6.510906e-01 -3.128846e-01 6.915087e-01 1.184886e+02
5.242513e-01 6.330844e-01 -5.695303e-01 -4.823948e+01 -8.513061e-01 4.060755e-01 -3.322356e-01 8.015027e-01 2.093911e-02 6.590196e-01 7.518343e-01 1.191159e+02
4.529902e-01 -8.809393e-01 1.369153e-01 -4.815072e+01 4.223724e-01 3.473132e-01 8.372426e-01 7.844795e-01 -7.851124e-01 -3.214334e-01 5.294139e-01 1.196415e+02
5.453895e-01 4.637710e-01 -6.981882e-01 -4.790637e+01 -8.354044e-01 3.685321e-01 -4.077788e-01 7.692389e-01 6.818885e-02 8.056678e-01 5.884299e-01 1.198538e+02
5.411376e-01 -8.407565e-01 1.728262e-02 -4.792820e+01 4.515993e-01 3.078776e-01 8.374183e-01 7.565391e-01 -7.093858e-01 -4.453537e-01 5.462892e-01 1.203926e+02
7.380855e-01 4.584259e-01 -4.950511e-01 -4.777057e+01 -6.660461e-01 3.778627e-01 -6.431193e-01 7.384034e-01 -1.077612e-01 8.044038e-01 5.842277e-01 1.210062e+02
7.225347e-01 -6.899852e-01 4.317334e-02 -4.761011e+01 2.498225e-01 3.188167e-01 9.143000e-01 7.218790e-01 -6.446179e-01 -6.498279e-01 4.027300e-01 1.213828e+02
8.855698e-01 2.591355e-01 -3.855059e-01 -4.728193e+01 -4.597963e-01 3.711406e-01 -8.067478e-01 7.028854e-01 -6.598008e-02 8.916857e-01 4.478205e-01 1.216753e+02
7.330765e-01 -5.012454e-01 4.597302e-01 -4.623643e+01 -3.356530e-01 3.212698e-01 8.855071e-01 6.744585e-01 -5.915538e-01 -8.034543e-01 6.727078e-02 1.218427e+02
7.270917e-01 -2.874666e-01 -6.234586e-01 -4.603465e+01 -5.124318e-01 3.771144e-01 -7.714910e-01 6.608574e-01 4.568931e-01 8.804247e-01 1.268898e-01 1.220294e+02
8.932393e-01 -4.347729e-01 -1.144379e-01 -4.638364e+01 2.739824e-01 3.246099e-01 9.052967e-01 6.721264e-01 -3.564508e-01 -8.400005e-01 4.090745e-01 1.221449e+02
4.891188e-01 3.124608e-01 -8.143286e-01 -4.710437e+01 -8.603613e-01 3.262522e-01 -3.915838e-01 7.027093e-01 1.433219e-01 8.921478e-01 4.284053e-01 1.221256e+02
3.898843e-01 -9.034579e-01 1.781966e-01 -4.782854e+01 4.327063e-01 3.505568e-01 8.305872e-01 7.359289e-01 -8.128686e-01 -2.467261e-01 5.276086e-01 1.221516e+02
9.231906e-01 3.018611e-01 -2.379053e-01 -4.734150e+01 -3.530208e-01 4.212272e-01 -8.354304e-01 7.174620e-01 -1.519718e-01 8.552470e-01 4.954363e-01 1.222907e+02
7.088048e-01 -4.170901e-01 5.688863e-01 -4.642558e+01 -4.062257e-01 4.179674e-01 8.125786e-01 6.913422e-01 -5.766944e-01 -8.070558e-01 1.268246e-01 1.223906e+02
8.655845e-01 -4.945332e-01 7.874173e-02 -4.571597e+01 3.144507e-01 4.144001e-01 -8.540453e-01 6.702623e-01 3.897232e-01 7.640088e-01 5.142046e-01 1.224341e+02
9.235330e-01 3.086906e-01 2.275891e-01 -4.560878e+01 -3.339097e-01 3.552797e-01 8.730869e-01 6.653668e-01 1.886559e-01 -8.823188e-01 4.311873e-01 1.224572e+02
9.359604e-01 -2.998579e-01 -1.845628e-01 -4.571054e+01 -5.499314e-02 3.932461e-01 -9.177872e-01 6.703101e-01 3.477843e-01 8.691621e-01 3.515726e-01 1.224520e+02
9.545055e-01 -8.429493e-02 2.860309e-01 -4.570837e+01 -2.350931e-01 3.773552e-01 8.957311e-01 6.709273e-01 -1.834409e-01 -9.222242e-01 3.403705e-01 1.224878e+02
9.020043e-01 -3.538385e-01 -2.473591e-01 -4.644110e+01 -1.194275e-01 3.460913e-01 -9.305686e-01 7.018903e-01 4.148798e-01 8.689184e-01 2.699178e-01 1.224186e+02
8.588261e-01 -2.340789e-01 4.556586e-01 -4.713927e+01 -2.887194e-01 5.135757e-01 8.080106e-01 7.391417e-01 -4.231534e-01 -8.254981e-01 3.734890e-01 1.221441e+02
8.015303e-01 -4.389589e-01 -4.060348e-01 -4.773077e+01 -1.708055e-01 4.826696e-01 -8.589852e-01 7.683712e-01 5.730399e-01 7.578556e-01 3.118978e-01 1.219313e+02
6.227444e-01 -2.552848e-01 7.396074e-01 -4.835035e+01 -4.703581e-01 6.332554e-01 6.146144e-01 7.961406e-01 -6.252621e-01 -7.306280e-01 2.742810e-01 1.217837e+02
3.108903e-01 -4.839738e-01 -8.179955e-01 -4.877147e+01 -5.217169e-01 6.324939e-01 -5.725059e-01 8.181806e-01 7.944550e-01 6.047486e-01 -5.586105e-02 1.217774e+02
4.495397e-01 -5.398653e-01 7.116597e-01 -4.907481e+01 -3.132270e-01 6.508421e-01 6.915877e-01 8.292783e-01 -8.365422e-01 -5.338071e-01 1.234790e-01 1.217750e+02
7.067341e-01 -5.193165e-01 -4.804553e-01 -4.922479e+01 -3.146199e-02 6.553668e-01 -7.546552e-01 8.421460e-01 7.067793e-01 5.484567e-01 4.468313e-01 1.216477e+02
5.069814e-01 -9.704571e-02 8.564765e-01 -4.977690e+01 -4.888072e-01 7.860494e-01 3.784096e-01 8.662111e-01 -7.099558e-01 -6.104985e-01 3.510758e-01 1.215966e+02
5.515361e-01 -6.584462e-01 -5.121098e-01 -5.025776e+01 2.182614e-01 7.064559e-01 -6.732622e-01 8.886858e-01 8.050900e-01 2.595546e-01 5.333494e-01 1.215358e+02
3.586974e-02 2.190821e-01 9.750469e-01 -5.026921e+01 -5.183960e-01 8.382207e-01 -1.692682e-01 8.942204e-01 -8.543881e-01 -4.993888e-01 1.436380e-01 1.214584e+02
4.218502e-01 -5.676981e-01 -7.069379e-01 -5.013810e+01 5.427981e-01 7.826750e-01 -3.046146e-01 8.837209e-01 7.262318e-01 -2.552228e-01 6.383171e-01 1.216925e+02
1.029218e-03 5.214279e-01 8.532947e-01 -4.994831e+01 -2.220270e-01 8.321165e-01 -5.082185e-01 8.668305e-01 -9.750400e-01 -1.889314e-01 1.166275e-01 1.219624e+02
6.955788e-01 -3.443090e-01 -6.305723e-01 -4.964106e+01 6.281297e-01 7.174812e-01 3.011209e-01 8.520261e-01 3.487451e-01 -6.055345e-01 7.153354e-01 1.220597e+02
2.364142e-01 5.654144e-01 7.901993e-01 -4.916998e+01 4.334349e-01 6.664878e-01 -6.065709e-01 8.359436e-01 -8.696221e-01 4.859019e-01 -8.750314e-02 1.220621e+02
7.757782e-01 3.033323e-01 -5.533151e-01 -4.908423e+01 2.838273e-01 6.154222e-01 7.353215e-01 8.293226e-01 5.635692e-01 -7.274923e-01 3.913371e-01 1.221022e+02
3.409144e-01 2.192627e-01 9.141669e-01 -4.918164e+01 8.010474e-01 4.412037e-01 -4.045521e-01 8.327280e-01 -4.920371e-01 8.702087e-01 -2.522714e-02 1.221075e+02
6.952194e-01 7.116669e-01 -1.009959e-01 -4.852093e+01 -3.795816e-01 4.828061e-01 7.891870e-01 8.157830e-01 6.103997e-01 -5.103220e-01 6.057918e-01 1.220470e+02
1.777447e-01 -4.210926e-01 8.894312e-01 -4.749709e+01 8.930858e-01 4.486064e-01 3.391327e-02 7.920145e-01 -4.132851e-01 7.883104e-01 4.558092e-01 1.219969e+02
2.687634e-01 9.027265e-01 -3.359333e-01 -4.705832e+01 -5.357107e-01 4.299407e-01 7.267497e-01 7.797370e-01 8.004875e-01 -1.536071e-02 5.991525e-01 1.219397e+02
-1.716006e-01 -5.600058e-01 8.105225e-01 -4.629785e+01 8.224536e-01 3.714749e-01 4.307859e-01 7.601373e-01 -5.423314e-01 7.405403e-01 3.968334e-01 1.219109e+02
2.504247e-01 8.392857e-01 -4.825837e-01 -4.523605e+01 -8.877101e-01 3.979763e-01 2.314858e-01 7.348665e-01 3.863396e-01 3.704247e-01 8.447054e-01 1.218741e+02
-3.052190e-03 -9.112317e-01 4.118827e-01 -4.487794e+01 6.072947e-01 3.255428e-01 7.247172e-01 7.167197e-01 -7.944708e-01 2.523462e-01 5.523926e-01 1.221753e+02
2.575125e-01 6.666868e-01 -6.994398e-01 -4.484578e+01 -9.314124e-01 3.639437e-01 3.983387e-03 6.951336e-01 2.572124e-01 6.504411e-01 7.146805e-01 1.230814e+02
2.889855e-01 -9.462148e-01 1.454815e-01 -4.451257e+01 6.459180e-01 3.048792e-01 6.998847e-01 6.689566e-01 -7.065955e-01 -1.082874e-01 6.992829e-01 1.238254e+02
6.852058e-01 6.561907e-01 -3.160804e-01 -4.310873e+01 -6.647498e-01 3.860643e-01 -6.395796e-01 6.401020e-01 -2.976588e-01 6.483580e-01 7.007361e-01 1.240524e+02
5.532478e-01 -7.286614e-01 4.036946e-01 -4.064187e+01 -1.927866e-01 3.594617e-01 9.130283e-01 6.039367e-01 -8.104012e-01 -5.829578e-01 5.839528e-02 1.237978e+02
9.046010e-01 -8.598730e-02 -4.174963e-01 -3.843025e+01 -3.544491e-01 3.923154e-01 -8.487959e-01 5.636383e-01 2.367759e-01 9.158028e-01 3.244108e-01 1.237352e+02
9.574546e-01 -2.605289e-01 -1.241186e-01 -3.713361e+01 1.870483e-01 2.327324e-01 9.543838e-01 5.399095e-01 -2.197582e-01 -9.369954e-01 2.715622e-01 1.237618e+02
5.487925e-01 3.739140e-01 -7.476731e-01 -3.616234e+01 -8.354425e-01 2.767396e-01 -4.748168e-01 5.286628e-01 2.937008e-02 8.852138e-01 4.642563e-01 1.235666e+02
5.507745e-01 -7.891497e-01 -2.718277e-01 -3.561784e+01 6.890114e-01 2.460690e-01 6.816988e-01 5.253376e-01 -4.710741e-01 -5.627547e-01 6.792617e-01 1.232298e+02
4.626851e-01 7.332399e-01 -4.982787e-01 -3.518829e+01 -8.679903e-01 2.603617e-01 -4.228529e-01 5.179732e-01 -1.803200e-01 6.281489e-01 7.569106e-01 1.230999e+02
3.842834e-01 -7.817872e-01 -4.910551e-01 -3.454257e+01 9.223252e-01 3.017512e-01 2.413763e-01 5.084832e-01 -4.052849e-02 -5.456694e-01 8.370199e-01 1.230078e+02
2.554152e-01 9.653328e-01 -5.381109e-02 -3.399141e+01 -9.581604e-01 2.452947e-01 -1.475100e-01 4.953510e-01 -1.291967e-01 8.923596e-02 9.875956e-01 1.231166e+02
1.808988e-01 -8.947714e-01 -4.082399e-01 -3.388970e+01 7.478745e-01 3.947200e-01 -5.337414e-01 4.941866e-01 6.387170e-01 -2.087590e-01 7.405811e-01 1.231916e+02
5.830864e-01 7.516172e-01 3.083534e-01 -3.388048e+01 -6.685073e-01 2.282257e-01 7.078213e-01 5.027335e-01 4.616365e-01 -6.188575e-01 6.355369e-01 1.230762e+02
7.552747e-01 -5.615578e-01 -3.379540e-01 -3.405109e+01 -1.364779e-01 3.695827e-01 -9.191204e-01 5.130455e-01 6.410412e-01 7.403117e-01 2.024963e-01 1.231173e+02
5.998291e-01 1.281201e-01 -7.898039e-01 -3.490454e+01 7.554133e-01 2.346820e-01 6.117802e-01 5.455049e-01 2.637341e-01 -9.635920e-01 4.398546e-02 1.239939e+02
-7.204266e-02 9.185590e-01 -3.886633e-01 -3.651038e+01 -9.000101e-01 1.080786e-01 4.222568e-01 6.215442e-01 4.298740e-01 3.802214e-01 8.189261e-01 1.254498e+02
4.660688e-01 -8.239022e-01 -3.224360e-01 -3.785022e+01 -4.340814e-03 3.623043e-01 -9.320498e-01 6.875943e-01 8.847378e-01 4.357990e-01 1.652823e-01 1.264927e+02
9.858317e-01 1.351808e-01 -9.930809e-02 -3.823602e+01 7.081003e-02 2.013132e-01 9.769642e-01 7.027674e-01 1.520588e-01 -9.701542e-01 1.888887e-01 1.268908e+02
1.186751e-01 3.902523e-01 -9.130276e-01 -3.889328e+01 -9.820853e-01 1.816839e-01 -4.999469e-02 7.257407e-01 1.463719e-01 9.026041e-01 4.048224e-01 1.275174e+02
1.189961e-01 -8.984827e-01 -4.225739e-01 -4.018600e+01 6.472284e-01 3.929406e-01 -6.532175e-01 7.926987e-01 7.529511e-01 -1.957714e-01 6.282819e-01 1.280913e+02
6.633785e-01 7.402577e-01 -1.093045e-01 -4.120400e+01 4.727457e-02 1.043209e-01 9.934195e-01 8.389912e-01 7.467892e-01 -6.641804e-01 3.420884e-02 1.286822e+02
3.959203e-01 3.149824e-01 -8.625736e-01 -4.260874e+01 -9.175994e-01 1.719909e-01 -3.583719e-01 9.097490e-01 3.547393e-02 9.333838e-01 3.571223e-01 1.294309e+02
-1.413576e-01 -7.605121e-01 -6.337503e-01 -4.421435e+01 6.595612e-01 4.050474e-01 -6.331790e-01 9.874065e-01 7.382392e-01 -5.075018e-01 4.443477e-01 1.301672e+02
6.794180e-01 7.328572e-01 3.621544e-02 -4.564733e+01 -2.169770e-01 1.535160e-01 9.640300e-01 1.062438e+00 7.009366e-01 -6.628372e-01 2.633147e-01 1.306834e+02
8.745145e-01 -6.870641e-02 -4.801081e-01 -4.633484e+01 -4.439654e-01 2.850946e-01 -8.494797e-01 1.097996e+00 1.952409e-01 9.560337e-01 2.188161e-01 1.303908e+02
2.940792e-01 -2.713519e-01 -9.164527e-01 -4.752957e+01 9.206143e-01 3.381229e-01 1.953001e-01 1.160044e+00 2.568786e-01 -9.011332e-01 3.492454e-01 1.299270e+02
8.948450e-02 9.910913e-01 -9.864361e-02 -4.946918e+01 -7.897562e-01 1.309527e-01 5.992801e-01 1.260599e+00 6.068589e-01 2.427812e-02 7.944387e-01 1.292859e+02
5.834498e-01 -6.512419e-01 -4.852528e-01 -5.114703e+01 -3.708335e-01 3.179442e-01 -8.725789e-01 1.356438e+00 7.225433e-01 6.890540e-01 -5.599784e-02 1.287407e+02
5.865198e-01 -1.267758e-01 -7.999515e-01 -5.182193e+01 8.040195e-01 2.102869e-01 5.561762e-01 1.399660e+00 9.770965e-02 -9.693850e-01 2.252677e-01 1.284229e+02
2.827500e-01 8.897880e-01 -3.582315e-01 -5.201242e+01 -9.382960e-01 1.790427e-01 -2.958790e-01 1.411740e+00 -1.991308e-01 4.197869e-01 8.855088e-01 1.284027e+02
-9.158807e-02 -8.159199e-01 -5.708645e-01 -5.240195e+01 5.154128e-01 4.516684e-01 -7.282481e-01 1.424450e+00 8.520336e-01 -3.609297e-01 3.791682e-01 1.287555e+02
7.964377e-01 5.583599e-01 2.322093e-01 -5.326151e+01 -4.321619e-01 2.569385e-01 8.644181e-01 1.467170e+00 4.229929e-01 -7.888072e-01 4.459374e-01 1.289390e+02
8.539605e-01 -2.885367e-01 -4.330104e-01 -5.332429e+01 -3.231740e-01 3.581025e-01 -8.759687e-01 1.471233e+00 4.078113e-01 8.879804e-01 2.125578e-01 1.290947e+02
6.549956e-01 -9.928444e-02 -7.490817e-01 -5.355071e+01 7.404297e-01 2.821850e-01 6.100291e-01 1.485122e+00 1.508132e-01 -9.542087e-01 2.583431e-01 1.290326e+02
2.976831e-01 8.276673e-01 -4.757642e-01 -5.437092e+01 -9.535820e-01 2.340622e-01 -1.894629e-01 1.529401e+00 -4.545379e-02 5.100801e-01 8.589250e-01 1.288860e+02
2.570398e-01 -9.468328e-01 -1.934897e-01 -5.491133e+01 9.646939e-01 2.632848e-01 -6.832466e-03 1.554184e+00 5.741212e-02 -1.849022e-01 9.810785e-01 1.288465e+02
3.011459e-01 9.534224e-01 1.723182e-02 -5.463859e+01 -9.530548e-01 3.003330e-01 3.855619e-02 1.558844e+00 3.158505e-02 -2.803391e-02 9.991078e-01 1.284242e+02
2.165675e-01 -9.758299e-01 -2.923292e-02 -5.443090e+01 9.423383e-01 2.167727e-01 -2.549667e-01 1.570505e+00 2.551411e-01 2.767021e-02 9.665078e-01 1.278889e+02
3.350905e-01 9.374482e-01 9.436788e-02 -5.491404e+01 -8.048930e-01 2.327592e-01 5.458666e-01 1.599835e+00 4.897567e-01 -2.588708e-01 8.325409e-01 1.275720e+02
3.570519e-01 -8.225655e-01 4.426059e-01 -5.507648e+01 8.829941e-01 1.426647e-01 -4.471781e-01 1.617410e+00 3.046890e-01 5.504842e-01 7.772591e-01 1.271794e+02
4.723576e-01 8.813073e-01 1.326007e-02 -5.506535e+01 -2.427859e-01 1.156352e-01 9.631633e-01 1.638496e+00 8.473095e-01 -4.581768e-01 2.685901e-01 1.266493e+02
8.122415e-01 -7.166808e-02 -5.789019e-01 -5.613998e+01 -5.433506e-01 2.680871e-01 -7.955497e-01 1.697743e+00 2.122117e-01 9.607252e-01 1.788106e-01 1.265071e+02
-1.107476e-01 -3.429950e-01 -9.327858e-01 -5.835145e+01 8.824010e-01 3.979043e-01 -2.510790e-01 1.811687e+00 4.572783e-01 -8.508976e-01 2.585922e-01 1.271137e+02
3.124694e-01 9.083646e-01 2.779148e-01 -5.985735e+01 -9.036203e-01 3.744632e-01 -2.079606e-01 1.884184e+00 -2.929729e-01 -1.861481e-01 9.378250e-01 1.273188e+02
1.458330e-01 -9.880835e-01 -4.923096e-02 -5.986407e+01 9.388385e-01 1.225302e-01 3.218209e-01 1.899425e+00 -3.119536e-01 -9.315202e-02 9.455198e-01 1.270534e+02
3.791491e-01 8.665623e-01 -3.245239e-01 -6.016342e+01 -9.053179e-01 2.748325e-01 -3.238311e-01 1.913974e+00 -1.914301e-01 4.165776e-01 8.887169e-01 1.269600e+02
3.172235e-01 -9.418851e-01 -1.105519e-01 -5.988722e+01 7.792608e-01 1.924488e-01 5.964193e-01 1.908333e+00 -5.404829e-01 -2.753470e-01 7.950234e-01 1.268648e+02
5.655464e-01 7.803047e-01 -2.669866e-01 -5.879830e+01 -6.603901e-01 2.345578e-01 -7.133495e-01 1.884769e+00 -4.940062e-01 5.797476e-01 6.479588e-01 1.268643e+02
7.248124e-01 -6.374329e-01 -2.613929e-01 -5.787434e+01 4.706686e-01 1.810799e-01 8.635283e-01 1.857188e+00 -5.031084e-01 -7.489255e-01 4.312686e-01 1.270115e+02
7.723372e-01 5.118836e-01 -3.761256e-01 -5.749714e+01 -5.458536e-01 2.319985e-01 -8.051214e-01 1.837747e+00 -3.248678e-01 8.271347e-01 4.585946e-01 1.272535e+02
7.907152e-01 -4.681676e-01 -3.944472e-01 -5.712463e+01 5.144957e-01 1.590273e-01 8.426176e-01 1.814404e+00 -3.317584e-01 -8.692119e-01 3.666155e-01 1.277342e+02
7.566805e-01 5.787543e-01 -3.041019e-01 -5.690617e+01 -5.219687e-01 2.547018e-01 -8.140489e-01 1.790282e+00 -3.936790e-01 7.747067e-01 4.948195e-01 1.284572e+02
7.763830e-01 -4.784049e-01 -4.103148e-01 -5.681068e+01 5.341664e-01 1.539394e-01 8.312454e-01 1.767717e+00 -3.345082e-01 -8.645412e-01 3.750637e-01 1.292780e+02
8.072117e-01 5.526567e-01 -2.073156e-01 -5.676268e+01 -3.976337e-01 2.495671e-01 -8.829517e-01 1.747155e+00 -4.362300e-01 7.951646e-01 4.212085e-01 1.300879e+02
7.962112e-01 -2.941685e-01 -5.286895e-01 -5.646733e+01 5.879480e-01 1.700939e-01 7.908130e-01 1.719408e+00 -1.427054e-01 -9.404961e-01 3.083865e-01 1.309529e+02
7.408411e-01 6.652794e-01 -9.250874e-02 -5.586489e+01 -3.746402e-01 2.949643e-01 -8.789999e-01 1.689169e+00 -5.574937e-01 6.858567e-01 4.677621e-01 1.315791e+02
4.594983e-01 -2.441002e-01 -8.539768e-01 -5.529031e+01 8.757955e-01 2.845196e-01 3.899113e-01 1.675228e+00 1.477957e-01 -9.270727e-01 3.445181e-01 1.316321e+02
4.325314e-01 8.988061e-01 7.116256e-02 -5.521433e+01 -5.601832e-01 3.297419e-01 -7.599112e-01 1.664722e+00 -7.064781e-01 2.888214e-01 6.461199e-01 1.318563e+02
2.951465e-01 -5.549016e-01 -7.778000e-01 -5.537198e+01 9.441929e-01 2.939995e-01 1.485401e-01 1.667576e+00 1.462476e-01 -7.782343e-01 6.107070e-01 1.318330e+02
2.884895e-01 9.534176e-01 8.813971e-02 -5.534613e+01 -8.075512e-01 2.917396e-01 -5.125905e-01 1.667316e+00 -5.144267e-01 7.669967e-02 8.540974e-01 1.319330e+02
1.301840e-01 -7.672931e-01 -6.279439e-01 -5.548480e+01 9.280570e-01 3.171964e-01 -1.951837e-01 1.667620e+00 3.489446e-01 -5.573579e-01 7.533856e-01 1.319374e+02
2.017084e-01 9.027092e-01 3.800392e-01 -5.557755e+01 -9.602372e-01 2.587271e-01 -1.049035e-01 1.654565e+00 -1.930237e-01 -3.437679e-01 9.190024e-01 1.328533e+02
7.314388e-02 -8.513120e-01 -5.195361e-01 -5.563615e+01 3.924805e-01 5.034680e-01 -7.697266e-01 1.627801e+00 9.168473e-01 -1.476070e-01 3.709490e-01 1.346455e+02
