9.999450e-01 1.164508e-03 -1.042649e-02 1.234450e-01 -1.153742e-03 9.999988e-01 1.038581e-03 -2.830450e-02 1.042768e-02 -1.026495e-03 9.999451e-01 1.146122e+00
9.999991e-01 3.176182e-04 1.276943e-03 1.872756e-01 -3.169354e-04 9.999998e-01 -5.348217e-04 -5.954146e-02 -1.277112e-03 5.344172e-04 9.999990e-01 2.538875e+00
9.999528e-01 7.159538e-04 -9.693839e-03 2.723591e-01 -7.039865e-04 9.999990e-01 1.237888e-03 -8.091711e-02 9.694715e-03 -1.231006e-03 9.999522e-01 3.407727e+00
9.999973e-01 -1.828012e-04 2.327468e-03 3.242900e-01 1.833298e-04 1.000000e+00 -2.268618e-04 -8.820317e-02 -2.327426e-03 2.272886e-04 9.999973e-01 3.725450e+00
9.999397e-01 1.149898e-03 -1.092118e-02 3.669770e-01 -1.135919e-03 9.999985e-01 1.286097e-03 -1.066489e-01 1.092264e-02 -1.273614e-03 9.999395e-01 4.479004e+00
9.999958e-01 -4.967157e-04 2.843577e-03 4.876865e-01 4.979025e-04 9.999998e-01 -4.166296e-04 -1.223238e-01 -2.843369e-03 4.180444e-04 9.999959e-01 4.855843e+00
9.999441e-01 8.957083e-04 -1.053418e-02 8.926886e-01 -8.890792e-04 9.999994e-01 6.339656e-04 -1.351861e-01 1.053475e-02 -6.245652e-04 9.999443e-01 4.464093e+00
9.999896e-01 -6.834695e-04 4.513233e-03 1.138032e+00 6.824580e-04 9.999997e-01 2.256624e-04 -1.429440e-01 -4.513385e-03 -2.225793e-04 9.999898e-01 4.142807e+00
9.999139e-01 1.963697e-03 -1.297758e-02 1.157937e+00 -1.953138e-03 9.999978e-01 8.262830e-04 -1.651807e-01 1.297917e-02 -8.008655e-04 9.999154e-01 5.223283e+00
9.999901e-01 -9.110629e-04 4.346162e-03 1.161453e+00 9.103890e-04 9.999996e-01 1.570459e-04 -1.815900e-01 -4.346303e-03 -1.530870e-04 9.999905e-01 6.051078e+00
9.999292e-01 1.635958e-03 -1.178785e-02 1.083468e+00 -1.626984e-03 9.999984e-01 7.708366e-04 -1.878787e-01 1.178909e-02 -7.516041e-04 9.999302e-01 6.436963e+00
9.999819e-01 -1.600488e-03 5.797396e-03 1.120305e+00 1.599928e-03 9.999987e-01 1.012716e-04 -1.887504e-01 -5.797551e-03 -9.199359e-05 9.999832e-01 6.108092e+00
9.998783e-01 2.368927e-03 -1.542095e-02 1.244243e+00 -2.357089e-03 9.999969e-01 7.857646e-04 -2.044321e-01 1.542277e-02 -7.493211e-04 9.998808e-01 6.613371e+00
9.999752e-01 -1.216454e-03 6.934419e-03 1.341559e+00 1.217017e-03 9.999993e-01 -7.686473e-05 -2.279976e-01 -6.934320e-03 8.530284e-05 9.999760e-01 7.529735e+00
9.998714e-01 1.904624e-03 -1.592613e-02 1.449563e+00 -1.889372e-03 9.999977e-01 9.726854e-04 -2.424813e-01 1.592794e-02 -9.424706e-04 9.998727e-01 7.992294e+00
9.999817e-01 -6.598174e-04 6.014977e-03 1.536137e+00 6.600744e-04 9.999998e-01 -4.072466e-05 -2.679658e-01 -6.014949e-03 4.469496e-05 9.999819e-01 9.016909e+00
9.998904e-01 1.771927e-03 -1.470124e-02 1.610570e+00 -1.761223e-03 9.999982e-01 7.410250e-04 -2.940748e-01 1.470252e-02 -7.150523e-04 9.998917e-01 1.005725e+01
9.999826e-01 -7.455950e-04 5.860108e-03 1.672690e+00 7.445052e-04 9.999997e-01 1.881636e-04 -3.155150e-01 -5.860247e-03 -1.837967e-04 9.999828e-01 1.087460e+01
9.998997e-01 1.394978e-03 -1.409722e-02 1.795265e+00 -1.385625e-03 9.999988e-01 6.731652e-04 -3.324748e-01 1.409814e-02 -6.535649e-04 9.999004e-01 1.132130e+01
9.999806e-01 -8.600671e-04 6.176227e-03 1.928540e+00 8.587893e-04 9.999996e-01 2.095477e-04 -3.473054e-01 -6.176404e-03 -2.042389e-04 9.999809e-01 1.161299e+01
9.998842e-01 1.826115e-03 -1.510566e-02 2.022637e+00 -1.815925e-03 9.999981e-01 6.882589e-04 -3.690264e-01 1.510689e-02 -6.607491e-04 9.998857e-01 1.238167e+01
9.999824e-01 -4.067972e-04 5.924429e-03 2.086603e+00 4.050757e-04 9.999999e-01 2.917834e-04 -4.039991e-01 -5.924547e-03 -2.893777e-04 9.999824e-01 1.392545e+01
9.998794e-01 2.260080e-03 -1.536392e-02 2.167146e+00 -2.251178e-03 9.999973e-01 5.967059e-04 -4.447657e-01 1.536523e-02 -5.620478e-04 9.998818e-01 1.585423e+01
9.999791e-01 -2.509507e-04 6.456114e-03 2.224856e+00 2.518010e-04 1.000000e+00 -1.308760e-04 -4.884769e-01 -6.456081e-03 1.324997e-04 9.999792e-01 1.783793e+01
9.998779e-01 1.622600e-03 -1.553950e-02 2.316871e+00 -1.609331e-03 9.999983e-01 8.663696e-04 -5.210028e-01 1.554088e-02 -8.412564e-04 9.998789e-01 1.910356e+01
9.999812e-01 -7.171279e-05 6.137542e-03 2.394564e+00 7.186433e-05 1.000000e+00 -2.445350e-05 -5.573804e-01 -6.137540e-03 2.489482e-05 9.999812e-01 2.062458e+01
9.998859e-01 1.434217e-03 -1.503494e-02 2.470199e+00 -1.424588e-03 9.999988e-01 6.511471e-04 -5.873278e-01 1.503586e-02 -6.296550e-04 9.998868e-01 2.181870e+01
9.999811e-01 -4.309015e-04 6.132359e-03 2.552478e+00 4.293161e-04 9.999999e-01 2.598600e-04 -6.095541e-01 -6.132470e-03 -2.572217e-04 9.999812e-01 2.265558e+01
9.998692e-01 1.693281e-03 -1.608545e-02 2.653272e+00 -1.681685e-03 9.999983e-01 7.344338e-04 -6.364518e-01 1.608667e-02 -7.072878e-04 9.998704e-01 2.374567e+01
9.999722e-01 -5.214459e-04 7.435168e-03 2.736142e+00 5.212730e-04 9.999999e-01 2.520649e-05 -6.628230e-01 -7.435180e-03 -2.132933e-05 9.999724e-01 2.478248e+01
9.998633e-01 1.600030e-03 -1.645812e-02 2.803909e+00 -1.583487e-03 9.999982e-01 1.018141e-03 -6.863865e-01 1.645972e-02 -9.919416e-04 9.998640e-01 2.568945e+01
9.999683e-01 -7.618779e-04 7.931680e-03 2.903819e+00 7.620349e-04 9.999997e-01 -1.675539e-05 -7.048300e-01 -7.931665e-03 2.279978e-05 9.999685e-01 2.630444e+01
9.998677e-01 1.451254e-03 -1.619881e-02 2.998193e+00 -1.436239e-03 9.999985e-01 9.385296e-04 -7.218638e-01 1.620015e-02 -9.151408e-04 9.998684e-01 2.683541e+01
9.999689e-01 -6.126486e-04 7.866182e-03 3.003546e+00 6.111819e-04 9.999998e-01 1.888765e-04 -7.365811e-01 -7.866296e-03 -1.840623e-04 9.999690e-01 2.746452e+01
9.998631e-01 1.567296e-03 -1.647468e-02 3.035622e+00 -1.553123e-03 9.999984e-01 8.730670e-04 -7.544911e-01 1.647602e-02 -8.473609e-04 9.998639e-01 2.820137e+01
9.999687e-01 -7.293657e-04 7.871925e-03 3.072691e+00 7.275641e-04 9.999997e-01 2.317334e-04 -7.715504e-01 -7.872092e-03 -2.259981e-04 9.999690e-01 2.886125e+01
9.998738e-01 1.359329e-03 -1.583004e-02 3.072653e+00 -1.346833e-03 9.999988e-01 8.000397e-04 -7.830447e-01 1.583111e-02 -7.786190e-04 9.998744e-01 2.924407e+01
9.999747e-01 -6.653448e-04 7.088395e-03 3.130690e+00 6.633435e-04 9.999997e-01 2.847090e-04 -7.983442e-01 -7.088582e-03 -2.799990e-04 9.999748e-01 2.972007e+01
9.998811e-01 1.338451e-03 -1.536444e-02 3.167826e+00 -1.327542e-03 9.999989e-01 7.202119e-04 -8.125702e-01 1.536539e-02 -6.997301e-04 9.998817e-01 3.016406e+01
9.999800e-01 -5.953352e-04 6.303305e-03 3.242577e+00 5.927636e-04 9.999997e-01 4.098532e-04 -8.307056e-01 -6.303547e-03 -4.061079e-04 9.999800e-01 3.069182e+01
9.998845e-01 1.618030e-03 -1.511201e-02 3.292832e+00 -1.607309e-03 9.999984e-01 7.216116e-04 -8.522598e-01 1.511316e-02 -6.972392e-04 9.998855e-01 3.153567e+01
9.999808e-01 -6.076940e-04 6.165433e-03 3.351364e+00 6.053944e-04 9.999997e-01 3.748634e-04 -8.733158e-01 -6.165659e-03 -3.711230e-04 9.999809e-01 3.230194e+01
9.998839e-01 1.491042e-03 -1.516761e-02 3.412546e+00 -1.480257e-03 9.999986e-01 7.222965e-04 -8.917891e-01 1.516867e-02 -6.997613e-04 9.998847e-01 3.290909e+01
9.999823e-01 -8.615799e-04 5.888576e-03 3.541513e+00 8.595618e-04 9.999996e-01 3.452639e-04 -9.094829e-01 -5.888871e-03 -3.401955e-04 9.999826e-01 3.328560e+01
9.998962e-01 1.522779e-03 -1.432939e-02 3.603677e+00 -1.513565e-03 9.999986e-01 6.538199e-04 -9.251075e-01 1.433037e-02 -6.320642e-04 9.998971e-01 3.371796e+01
9.999843e-01 -7.099472e-04 5.560049e-03 3.645289e+00 7.073039e-04 9.999996e-01 4.773916e-04 -9.414030e-01 -5.560385e-03 -4.734508e-04 9.999844e-01 3.431207e+01
9.999077e-01 1.265871e-03 -1.352919e-02 3.712807e+00 -1.260435e-03 9.999991e-01 4.103549e-04 -9.527030e-01 1.352970e-02 -3.932651e-04 9.999084e-01 3.455816e+01
9.999874e-01 -6.761504e-04 4.969551e-03 3.828021e+00 6.732434e-04 9.999996e-01 5.866320e-04 -9.676739e-01 -4.969945e-03 -5.832782e-04 9.999875e-01 3.491843e+01
9.999228e-01 1.343426e-03 -1.235511e-02 3.741119e+00 -1.339786e-03 9.999991e-01 3.029254e-04 -9.745638e-01 1.235550e-02 -2.863495e-04 9.999236e-01 3.541697e+01
9.999807e-01 -5.888496e-04 6.182153e-03 3.552603e+00 5.847838e-04 9.999996e-01 6.594832e-04 -9.744528e-01 -6.182539e-03 -6.558546e-04 9.999807e-01 3.605436e+01
9.998846e-01 1.660420e-03 -1.509924e-02 3.608085e+00 -1.654680e-03 9.999986e-01 3.926037e-04 -9.949858e-01 1.509986e-02 -3.675747e-04 9.998859e-01 3.681710e+01
9.999824e-01 -7.708741e-04 5.880132e-03 3.686901e+00 7.663934e-04 9.999994e-01 7.642405e-04 -1.017337e+00 -5.880717e-03 -7.597199e-04 9.999824e-01 3.752949e+01
9.998907e-01 1.935209e-03 -1.465679e-02 3.729178e+00 -1.930738e-03 9.999981e-01 3.192209e-04 -1.039831e+00 1.465738e-02 -2.908883e-04 9.998925e-01 3.848095e+01
9.999834e-01 -1.148500e-03 5.649850e-03 3.851622e+00 1.144616e-03 9.999991e-01 6.906503e-04 -1.059062e+00 -5.650638e-03 -6.841712e-04 9.999838e-01 3.905545e+01
9.999096e-01 1.591557e-03 -1.334895e-02 4.044145e+00 -1.590647e-03 9.999987e-01 7.880657e-05 -1.071626e+00 1.334906e-02 -5.756668e-05 9.999109e-01 3.919253e+01
9.999869e-01 -9.510015e-04 5.021822e-03 4.206678e+00 9.471582e-04 9.999993e-01 7.676670e-04 -1.088270e+00 -5.022548e-03 -7.628998e-04 9.999871e-01 3.959036e+01
9.999123e-01 1.515644e-03 -1.315761e-02 4.399118e+00 -1.514643e-03 9.999988e-01 8.602437e-05 -1.105167e+00 1.315773e-02 -6.608843e-05 9.999134e-01 3.988752e+01
9.999904e-01 -6.360556e-04 4.326881e-03 4.477669e+00 6.323791e-04 9.999994e-01 8.510497e-04 -1.123921e+00 -4.327419e-03 -8.483047e-04 9.999903e-01 4.052711e+01
9.999100e-01 1.081437e-03 -1.337520e-02 4.715076e+00 -1.081052e-03 9.999994e-01 3.609114e-05 -1.134056e+00 1.337523e-02 -2.162931e-05 9.999105e-01 4.050401e+01
9.999585e-01 -1.326403e-03 9.018500e-03 4.838744e+00 1.322527e-03 9.999990e-01 4.358355e-04 -1.129825e+00 -9.019069e-03 -4.238895e-04 9.999592e-01 3.975241e+01
9.998957e-01 1.292356e-03 -1.438789e-02 4.898433e+00 -1.289038e-03 9.999991e-01 2.398885e-04 -1.130264e+00 1.438819e-02 -2.213176e-04 9.998965e-01 3.927465e+01
9.999868e-01 -5.142110e-04 5.108522e-03 4.970233e+00 5.091253e-04 9.999994e-01 9.968204e-04 -1.149107e+00 -5.109031e-03 -9.942057e-04 9.999865e-01 3.988362e+01
9.998954e-01 1.663338e-03 -1.436513e-02 5.034567e+00 -1.663600e-03 9.999986e-01 -6.210323e-06 -1.175656e+00 1.436510e-02 3.010680e-05 9.998968e-01 4.089853e+01
9.999848e-01 -8.143553e-04 5.451797e-03 5.135295e+00 8.090704e-04 9.999992e-01 9.715689e-04 -1.196354e+00 -5.452584e-03 -9.671425e-04 9.999847e-01 4.153149e+01
9.998858e-01 1.667306e-03 -1.502262e-02 5.225418e+00 -1.665592e-03 9.999986e-01 1.266675e-04 -1.217494e+00 1.502281e-02 -1.016322e-04 9.998871e-01 4.217896e+01
9.999814e-01 -5.715374e-04 6.068305e-03 5.277872e+00 5.663697e-04 9.999995e-01 8.532965e-04 -1.240883e+00 -6.068789e-03 -8.498431e-04 9.999812e-01 4.307339e+01
9.998975e-01 1.181303e-03 -1.426990e-02 5.335198e+00 -1.177273e-03 9.999993e-01 2.908379e-04 -1.251538e+00 1.427023e-02 -2.740092e-04 9.998981e-01 4.335876e+01
9.999754e-01 -9.594731e-04 6.954707e-03 5.404036e+00 9.547747e-04 9.999993e-01 6.789016e-04 -1.254947e+00 -6.955353e-03 -6.722440e-04 9.999756e-01 4.318519e+01
9.998898e-01 1.392249e-03 -1.478136e-02 5.455222e+00 -1.387194e-03 9.999990e-01 3.522464e-04 -1.262183e+00 1.478184e-02 -3.317037e-04 9.998907e-01 4.329046e+01
9.999602e-01 -1.340326e-03 8.817388e-03 5.464854e+00 1.335946e-03 9.999990e-01 5.026452e-04 -1.261492e+00 -8.818052e-03 -4.908450e-04 9.999610e-01 4.297077e+01
9.998517e-01 1.923870e-03 -1.711262e-02 5.494372e+00 -1.913349e-03 9.999980e-01 6.311597e-04 -1.273120e+00 1.711380e-02 -5.983244e-04 9.998534e-01 4.328793e+01
9.999686e-01 -1.053318e-03 7.850477e-03 5.538264e+00 1.049007e-03 9.999993e-01 5.533576e-04 -1.289819e+00 -7.851054e-03 -5.451043e-04 9.999690e-01 4.388380e+01
9.998529e-01 1.934953e-03 -1.704011e-02 5.587867e+00 -1.924949e-03 9.999980e-01 6.035199e-04 -1.306556e+00 1.704124e-02 -5.706305e-04 9.998546e-01 4.444038e+01
9.999668e-01 -1.051786e-03 8.083415e-03 5.619135e+00 1.047004e-03 9.999993e-01 5.958490e-04 -1.323433e+00 -8.084035e-03 -5.873651e-04 9.999672e-01 4.510739e+01
9.998536e-01 2.217797e-03 -1.696808e-02 5.641152e+00 -2.209044e-03 9.999974e-01 5.345829e-04 -1.345854e+00 1.696922e-02 -4.970221e-04 9.998559e-01 4.609010e+01
9.999630e-01 -9.772774e-04 8.550160e-03 5.638870e+00 9.725001e-04 9.999994e-01 5.629103e-04 -1.369486e+00 -8.550705e-03 -5.545737e-04 9.999633e-01 4.726344e+01
9.998413e-01 2.020642e-03 -1.770276e-02 5.698919e+00 -2.012196e-03 9.999979e-01 4.949292e-04 -1.390341e+00 1.770373e-02 -4.592299e-04 9.998432e-01 4.799691e+01
9.999591e-01 -1.133668e-03 8.974099e-03 5.741975e+00 1.127439e-03 9.999991e-01 6.991812e-04 -1.410298e+00 -8.974883e-03 -6.890342e-04 9.999595e-01 4.877728e+01
9.998412e-01 2.197411e-03 -1.768544e-02 5.765628e+00 -2.190518e-03 9.999975e-01 4.091364e-04 -1.428855e+00 1.768630e-02 -3.703318e-04 9.998435e-01 4.957840e+01
9.999607e-01 -1.302652e-03 8.773458e-03 5.806952e+00 1.295898e-03 9.999989e-01 7.754444e-04 -1.446404e+00 -8.774458e-03 -7.640437e-04 9.999612e-01 5.022942e+01
9.998447e-01 2.172857e-03 -1.748912e-02 5.832277e+00 -2.165610e-03 9.999976e-01 4.333072e-04 -1.463026e+00 1.749001e-02 -3.953659e-04 9.998470e-01 5.092399e+01
9.999619e-01 -1.274780e-03 8.633394e-03 5.860739e+00 1.268647e-03 9.999989e-01 7.158437e-04 -1.478501e+00 -8.634298e-03 -7.048631e-04 9.999625e-01 5.153845e+01
9.998562e-01 2.070534e-03 -1.683108e-02 5.832540e+00 -2.061616e-03 9.999977e-01 5.472110e-04 -1.486450e+00 1.683218e-02 -5.124338e-04 9.998582e-01 5.206295e+01
9.999619e-01 -1.487697e-03 8.597389e-03 5.834964e+00 1.481612e-03 9.999986e-01 7.140512e-04 -1.496785e+00 -8.598439e-03 -7.012854e-04 9.999628e-01 5.246445e+01
9.998421e-01 2.397488e-03 -1.760521e-02 5.863261e+00 -2.388283e-03 9.999970e-01 5.438840e-04 -1.512058e+00 1.760646e-02 -5.017526e-04 9.998449e-01 5.311181e+01
9.999645e-01 -1.034533e-03 8.368214e-03 5.926655e+00 1.029396e-03 9.999993e-01 6.182443e-04 -1.547268e+00 -8.368848e-03 -6.096074e-04 9.999648e-01 5.463891e+01
9.998433e-01 2.919167e-03 -1.746265e-02 5.964733e+00 -2.917878e-03 9.999957e-01 9.935167e-05 -1.591075e+00 1.746286e-02 -4.838290e-05 9.998475e-01 5.658918e+01
9.999633e-01 -1.090129e-03 8.499446e-03 6.011968e+00 1.084164e-03 9.999992e-01 7.064353e-04 -1.632048e+00 -8.500209e-03 -6.971939e-04 9.999636e-01 5.840888e+01
9.998395e-01 2.862160e-03 -1.768574e-02 6.042478e+00 -2.861359e-03 9.999959e-01 7.064785e-05 -1.670598e+00 1.768587e-02 -2.003192e-05 9.998436e-01 6.016415e+01
9.999706e-01 -1.077744e-03 7.586956e-03 6.158876e+00 1.072479e-03 9.999992e-01 6.980040e-04 -1.715446e+00 -7.587702e-03 -6.898460e-04 9.999710e-01 6.202344e+01
9.998478e-01 3.012564e-03 -1.718322e-02 6.264420e+00 -3.017839e-03 9.999954e-01 -2.810741e-04 -1.763929e+00 1.718229e-02 3.328869e-04 9.998523e-01 6.388005e+01
9.999734e-01 -1.685340e-03 7.091359e-03 6.392537e+00 1.676921e-03 9.999979e-01 1.193063e-03 -1.799286e+00 -7.093354e-03 -1.181139e-03 9.999741e-01 6.514377e+01
9.998483e-01 2.771062e-03 -1.719520e-02 6.509571e+00 -2.776973e-03 9.999961e-01 -3.198791e-04 -1.826170e+00 1.719424e-02 3.675805e-04 9.998521e-01 6.606508e+01
9.999673e-01 -1.862112e-03 7.872818e-03 6.580132e+00 1.850957e-03 9.999973e-01 1.423931e-03 -1.844673e+00 -7.875448e-03 -1.409312e-03 9.999680e-01 6.661372e+01
9.998707e-01 2.224906e-03 -1.592342e-02 6.673873e+00 -2.231545e-03 9.999974e-01 -3.991536e-04 -1.854752e+00 1.592249e-02 4.346351e-04 9.998731e-01 6.662579e+01
9.999600e-01 -1.984350e-03 8.716639e-03 6.724762e+00 1.973206e-03 9.999972e-01 1.286903e-03 -1.862401e+00 -8.719168e-03 -1.269651e-03 9.999612e-01 6.652739e+01
9.998595e-01 2.593230e-03 -1.656284e-02 6.755027e+00 -2.596519e-03 9.999966e-01 -1.770926e-04 -1.874827e+00 1.656232e-02 2.200728e-04 9.998628e-01 6.685996e+01
9.999634e-01 -2.068491e-03 8.304291e-03 6.803303e+00 2.057894e-03 9.999971e-01 1.284434e-03 -1.886691e+00 -8.306923e-03 -1.267297e-03 9.999647e-01 6.716065e+01
9.998371e-01 2.963602e-03 -1.780407e-02 6.937942e+00 -2.963764e-03 9.999956e-01 1.727242e-05 -1.903987e+00 1.780404e-02 3.549679e-05 9.998415e-01 6.778555e+01
9.999603e-01 -2.184514e-03 8.635688e-03 7.034593e+00 2.174870e-03 9.999970e-01 1.126000e-03 -1.923750e+00 -8.638121e-03 -1.107174e-03 9.999621e-01 6.832217e+01
9.998436e-01 2.789339e-03 -1.746612e-02 7.211583e+00 -2.791326e-03 9.999961e-01 -8.941574e-05 -1.943358e+00 1.746580e-02 1.381547e-04 9.998475e-01 6.865871e+01
9.999497e-01 -2.384161e-03 9.747122e-03 7.297137e+00 2.374307e-03 9.999967e-01 1.022469e-03 -1.956073e+00 -9.749527e-03 -9.992743e-04 9.999520e-01 6.880679e+01
9.998422e-01 2.752939e-03 -1.754811e-02 7.433682e+00 -2.753793e-03 9.999962e-01 -2.448369e-05 -1.967984e+00 1.754798e-02 7.280305e-05 9.998460e-01 6.879479e+01
9.999551e-01 -2.259068e-03 9.202199e-03 7.610160e+00 2.249881e-03 9.999970e-01 1.008693e-03 -1.984028e+00 -9.204450e-03 -9.879430e-04 9.999572e-01 6.896946e+01
9.998903e-01 2.191298e-03 -1.464691e-02 7.749895e+00 -2.198015e-03 9.999975e-01 -4.425106e-04 -1.984666e+00 1.464590e-02 4.746555e-04 9.998926e-01 6.840369e+01
9.999602e-01 -2.128811e-03 8.659173e-03 7.831753e+00 2.118919e-03 9.999971e-01 1.151437e-03 -1.989217e+00 -8.661599e-03 -1.133042e-03 9.999618e-01 6.806013e+01
9.998794e-01 2.352329e-03 -1.535018e-02 7.927134e+00 -2.357366e-03 9.999972e-01 -3.100236e-04 -1.996946e+00 1.534941e-02 3.461715e-04 9.998821e-01 6.785058e+01
9.999380e-01 -2.577477e-03 1.083017e-02 8.037580e+00 2.568667e-03 9.999964e-01 8.273068e-04 -1.993303e+00 -1.083227e-02 -7.994358e-04 9.999410e-01 6.711563e+01
9.999040e-01 2.174311e-03 -1.368640e-02 8.105178e+00 -2.181119e-03 9.999975e-01 -4.824952e-04 -1.984218e+00 1.368531e-02 5.122999e-04 9.999062e-01 6.614305e+01
9.999295e-01 -2.650922e-03 1.157691e-02 8.142592e+00 2.643122e-03 9.999963e-01 6.890409e-04 -1.973646e+00 -1.157870e-02 -6.583925e-04 9.999327e-01 6.509517e+01
9.998887e-01 2.307957e-03 -1.474029e-02 8.167640e+00 -2.312653e-03 9.999973e-01 -3.015568e-04 -1.965212e+00 1.473956e-02 3.356117e-04 9.998913e-01 6.419002e+01
9.999360e-01 -2.598240e-03 1.100705e-02 8.184707e+00 2.589215e-03 9.999963e-01 8.341796e-04 -1.958714e+00 -1.100918e-02 -8.056260e-04 9.999391e-01 6.340019e+01
9.999060e-01 2.183451e-03 -1.353445e-02 8.223787e+00 -2.190224e-03 9.999975e-01 -4.855457e-04 -1.948399e+00 1.353336e-02 5.151429e-04 9.999083e-01 6.238749e+01
9.999452e-01 -2.527157e-03 1.015568e-02 8.242312e+00 2.518194e-03 9.999964e-01 8.953099e-04 -1.941029e+00 -1.015790e-02 -8.696863e-04 9.999480e-01 6.155263e+01
9.999151e-01 2.077320e-03 -1.286260e-02 8.261582e+00 -2.083262e-03 9.999977e-01 -4.485486e-04 -1.931617e+00 1.286164e-02 4.753061e-04 9.999172e-01 6.062035e+01
9.999313e-01 -2.663106e-03 1.141711e-02 8.282014e+00 2.656441e-03 9.999963e-01 5.989670e-04 -1.918373e+00 -1.141866e-02 -5.685963e-04 9.999346e-01 5.946325e+01
9.999134e-01 2.112696e-03 -1.298868e-02 8.299333e+00 -2.118017e-03 9.999977e-01 -3.958755e-04 -1.905322e+00 1.298781e-02 4.233508e-04 9.999156e-01 5.832524e+01
9.999379e-01 -2.596743e-03 1.083680e-02 8.333915e+00 2.590575e-03 9.999965e-01 5.832378e-04 -1.893491e+00 -1.083827e-02 -5.551274e-04 9.999411e-01 5.724360e+01
9.999136e-01 2.111126e-03 -1.297182e-02 8.369668e+00 -2.114804e-03 9.999977e-01 -2.697382e-04 -1.881339e+00 1.297122e-02 2.971471e-04 9.999158e-01 5.618405e+01
9.999225e-01 -2.747131e-03 1.214004e-02 8.390506e+00 2.743966e-03 9.999962e-01 2.774237e-04 -1.865957e+00 -1.214076e-02 -2.440897e-04 9.999263e-01 5.492326e+01
9.999311e-01 1.945957e-03 -1.157958e-02 8.378726e+00 -1.950890e-03 9.999980e-01 -4.147586e-04 -1.846711e+00 1.157875e-02 4.373199e-04 9.999329e-01 5.345586e+01
9.999303e-01 -2.636235e-03 1.150970e-02 8.426319e+00 2.632762e-03 9.999965e-01 3.168433e-04 -1.828681e+00 -1.151050e-02 -2.865182e-04 9.999337e-01 5.202512e+01
9.999247e-01 1.967649e-03 -1.211440e-02 8.453351e+00 -1.971624e-03 9.999980e-01 -3.161397e-04 -1.812634e+00 1.211375e-02 3.400003e-04 9.999266e-01 5.071158e+01
9.999650e-01 -2.163475e-03 8.083300e-03 8.821301e+00 2.161300e-03 9.999976e-01 2.777795e-04 -1.813162e+00 -8.083882e-03 -2.602987e-04 9.999673e-01 4.968103e+01
9.999326e-01 1.960301e-03 -1.144350e-02 9.253195e+00 -1.962471e-03 9.999981e-01 -1.783847e-04 -1.817583e+00 1.144313e-02 2.008296e-04 9.999345e-01 4.876168e+01
9.999459e-01 -2.542743e-03 1.008516e-02 9.314021e+00 2.540022e-03 9.999967e-01 2.826930e-04 -1.804250e+00 -1.008585e-02 -2.570606e-04 9.999491e-01 4.756130e+01
9.999143e-01 2.099609e-03 -1.291842e-02 9.377778e+00 -2.099799e-03 9.999978e-01 -1.162005e-06 -1.795791e+00 1.291839e-02 2.828736e-05 9.999166e-01 4.660756e+01
9.999341e-01 -2.679693e-03 1.115978e-02 9.432303e+00 2.678181e-03 9.999964e-01 1.505126e-04 -1.783931e+00 -1.116014e-02 -1.206141e-04 9.999377e-01 4.548914e+01
9.999250e-01 2.055232e-03 -1.207193e-02 9.491739e+00 -2.056087e-03 9.999979e-01 -5.836196e-05 -1.768876e+00 1.207178e-02 8.317787e-05 9.999271e-01 4.420974e+01
9.999219e-01 -2.811572e-03 1.217752e-02 9.557261e+00 2.812392e-03 9.999960e-01 -5.025390e-05 -1.750944e+00 -1.217733e-02 8.449859e-05 9.999258e-01 4.276351e+01
9.999195e-01 2.125141e-03 -1.251252e-02 9.611210e+00 -2.124957e-03 9.999977e-01 2.802862e-05 -1.734585e+00 1.251255e-02 -1.438438e-06 9.999217e-01 4.140215e+01
9.999217e-01 -2.806301e-03 1.219150e-02 9.619132e+00 2.806785e-03 9.999961e-01 -2.254876e-05 -1.718805e+00 -1.219139e-02 5.676656e-05 9.999257e-01 4.007509e+01
9.999131e-01 2.150248e-03 -1.300610e-02 9.629396e+00 -2.149693e-03 9.999977e-01 5.670369e-05 -1.705281e+00 1.300620e-02 -2.874028e-05 9.999154e-01 3.884900e+01
9.999045e-01 -2.928858e-03 1.350932e-02 9.624143e+00 2.931125e-03 9.999957e-01 -1.479353e-04 -1.687199e+00 -1.350883e-02 1.875193e-04 9.999087e-01 3.740670e+01
9.999220e-01 2.038255e-03 -1.232206e-02 9.595381e+00 -2.039018e-03 9.999979e-01 -4.937241e-05 -1.666881e+00 1.232193e-02 7.449282e-05 9.999241e-01 3.586497e+01
9.999066e-01 -2.893399e-03 1.335933e-02 9.572866e+00 2.895136e-03 9.999958e-01 -1.105976e-04 -1.647596e+00 -1.335896e-02 1.492650e-04 9.999108e-01 3.436520e+01
9.999285e-01 1.976816e-03 -1.179142e-02 9.522587e+00 -1.977943e-03 9.999980e-01 -8.392220e-05 -1.626665e+00 1.179123e-02 1.072383e-04 9.999305e-01 3.279504e+01
9.999177e-01 -2.660289e-03 1.254933e-02 9.401800e+00 2.661173e-03 9.999965e-01 -5.369160e-05 -1.605617e+00 -1.254915e-02 8.708376e-05 9.999213e-01 3.136116e+01
9.999466e-01 1.690560e-03 -1.019322e-02 9.313506e+00 -1.694277e-03 9.999985e-01 -3.560718e-04 -1.583013e+00 1.019260e-02 3.733223e-04 9.999480e-01 2.969141e+01
9.999478e-01 -2.188990e-03 9.982021e-03 9.004992e+00 2.187583e-03 9.999976e-01 1.519959e-04 -1.567586e+00 -9.982330e-03 -1.301508e-04 9.999502e-01 2.853745e+01
9.999375e-01 1.742627e-03 -1.104186e-02 8.884402e+00 -1.739602e-03 9.999984e-01 2.836470e-04 -1.557875e+00 1.104234e-02 -2.644215e-04 9.999390e-01 2.751284e+01
9.999725e-01 -2.082331e-03 7.115529e-03 9.007978e+00 2.083485e-03 9.999978e-01 -1.547151e-04 -1.553683e+00 -7.115191e-03 1.695365e-04 9.999747e-01 2.667499e+01
9.999574e-01 1.581063e-03 -9.090451e-03 8.926804e+00 -1.577011e-03 9.999987e-01 4.529316e-04 -1.543869e+00 9.091155e-03 -4.385772e-04 9.999586e-01 2.571749e+01
9.999557e-01 -2.185348e-03 9.157313e-03 8.875314e+00 2.191799e-03 9.999974e-01 -6.943961e-04 -1.529264e+00 -9.155771e-03 7.144370e-04 9.999578e-01 2.437037e+01
9.999685e-01 1.439538e-03 -7.799414e-03 8.825802e+00 -1.437232e-03 9.999989e-01 3.013409e-04 -1.508788e+00 7.799839e-03 -2.901225e-04 9.999695e-01 2.277414e+01
9.999402e-01 -2.464626e-03 1.065015e-02 8.740832e+00 2.473530e-03 9.999966e-01 -8.228860e-04 -1.484184e+00 -1.064809e-02 8.491809e-04 9.999429e-01 2.100074e+01
9.999841e-01 1.205103e-03 -5.502334e-03 8.617548e+00 -1.205026e-03 9.999993e-01 1.740964e-05 -1.452617e+00 5.502351e-03 -1.077955e-05 9.999849e-01 1.887373e+01
9.999825e-01 -1.930591e-03 5.585718e-03 8.644681e+00 1.932007e-03 9.999981e-01 -2.481551e-04 -1.433778e+00 -5.585228e-03 2.589430e-04 9.999844e-01 1.741708e+01
9.999737e-01 1.379461e-03 -7.114289e-03 8.666467e+00 -1.376038e-03 9.999989e-01 4.860754e-04 -1.422131e+00 7.114952e-03 -4.762738e-04 9.999746e-01 1.631760e+01
9.999749e-01 -2.107103e-03 6.758472e-03 8.692267e+00 2.111002e-03 9.999976e-01 -5.697069e-04 -1.406802e+00 -6.757255e-03 5.839604e-04 9.999770e-01 1.498257e+01
9.999743e-01 1.462595e-03 -7.024102e-03 8.663971e+00 -1.459156e-03 9.999988e-01 4.946794e-04 -1.390626e+00 7.024817e-03 -4.844180e-04 9.999752e-01 1.363937e+01
9.999773e-01 -2.103041e-03 6.397268e-03 8.619754e+00 2.106257e-03 9.999977e-01 -4.959933e-04 -1.376185e+00 -6.396209e-03 5.094570e-04 9.999794e-01 1.239066e+01
9.999818e-01 1.324614e-03 -5.887249e-03 8.606885e+00 -1.323041e-03 9.999991e-01 2.711339e-04 -1.357705e+00 5.887602e-03 -2.633405e-04 9.999826e-01 1.090474e+01
9.999825e-01 -2.021229e-03 5.564726e-03 8.637991e+00 2.023240e-03 9.999979e-01 -3.556712e-04 -1.342495e+00 -5.563995e-03 3.669243e-04 9.999845e-01 9.542792e+00
9.999706e-01 1.512114e-03 -7.520926e-03 8.702586e+00 -1.508169e-03 9.999987e-01 5.303057e-04 -1.330909e+00 7.521718e-03 -5.189479e-04 9.999716e-01 8.402518e+00
9.999782e-01 -2.123355e-03 6.257266e-03 8.704247e+00 2.125867e-03 9.999977e-01 -3.948279e-04 -1.318496e+00 -6.256413e-03 4.081220e-04 9.999803e-01 7.239046e+00
9.999545e-01 1.719506e-03 -9.381435e-03 8.739104e+00 -1.713198e-03 9.999983e-01 6.803959e-04 -1.311713e+00 9.382588e-03 -6.642933e-04 9.999558e-01 6.320243e+00
9.999862e-01 -1.873599e-03 4.903167e-03 8.743732e+00 1.874189e-03 9.999982e-01 -1.155263e-04 -1.311275e+00 -4.902941e-03 1.247148e-04 9.999880e-01 5.755280e+00
9.999798e-01 1.233329e-03 -6.233346e-03 8.694759e+00 -1.231857e-03 9.999992e-01 2.400071e-04 -1.298986e+00 6.233637e-03 -2.323243e-04 9.999805e-01 4.638255e+00
9.999684e-01 -2.085367e-03 7.673259e-03 8.508948e+00 2.088182e-03 9.999978e-01 -3.588869e-04 -1.279458e+00 -7.672494e-03 3.748993e-04 9.999705e-01 3.220939e+00
9.999951e-01 8.851777e-04 -3.002058e-03 8.344867e+00 -8.865499e-04 9.999995e-01 -4.556961e-04 -1.249351e+00 3.001653e-03 4.583547e-04 9.999954e-01 1.225757e+00
9.999646e-01 -2.165571e-03 8.131454e-03 8.192260e+00 2.168786e-03 9.999976e-01 -3.865299e-04 -1.218460e+00 -8.130597e-03 4.041523e-04 9.999669e-01 -8.414145e-01
9.999845e-01 1.246052e-03 -5.424072e-03 8.088871e+00 -1.245877e-03 9.999992e-01 3.581492e-05 -1.192722e+00 5.424112e-03 -2.905728e-05 9.999853e-01 -2.593585e+00
9.999972e-01 -1.504275e-03 1.844631e-03 8.336300e+00 1.504477e-03 9.999989e-01 -1.082478e-04 -1.188533e+00 -1.844466e-03 1.110233e-04 9.999983e-01 -3.541897e+00
9.999944e-01 1.056630e-03 -3.165493e-03 8.417092e+00 -1.055750e-03 9.999994e-01 2.797258e-04 -1.184932e+00 3.165787e-03 -2.763829e-04 9.999950e-01 -4.455167e+00
9.999981e-01 -1.302645e-03 1.445461e-03 8.173423e+00 1.302749e-03 9.999991e-01 -7.071823e-05 -1.171627e+00 -1.445368e-03 7.260180e-05 9.999990e-01 -5.285022e+00
9.999887e-01 1.597051e-03 -4.482762e-03 7.691875e+00 -1.594711e-03 9.999986e-01 5.257870e-04 -1.162358e+00 4.483595e-03 -5.186330e-04 9.999898e-01 -5.174436e+00
9.999672e-01 -1.954279e-03 7.854852e-03 6.947384e+00 1.964404e-03 9.999972e-01 -1.281447e-03 -1.129416e+00 -7.852326e-03 1.296835e-03 9.999683e-01 -6.267739e+00
9.999785e-01 1.517789e-03 -6.381058e-03 6.480971e+00 -1.512663e-03 9.999985e-01 8.081739e-04 -1.105157e+00 6.382275e-03 -7.985047e-04 9.999793e-01 -7.498232e+00
9.999592e-01 -2.182026e-03 8.760389e-03 6.075881e+00 2.193217e-03 9.999968e-01 -1.268032e-03 -1.080389e+00 -8.757594e-03 1.287194e-03 9.999608e-01 -8.940350e+00
9.999691e-01 1.563779e-03 -7.703329e-03 5.891865e+00 -1.555082e-03 9.999981e-01 1.134903e-03 -1.059032e+00 7.705089e-03 -1.122889e-03 9.999697e-01 -1.031808e+01
9.999595e-01 -2.283723e-03 8.706986e-03 5.850025e+00 2.295758e-03 9.999964e-01 -1.372410e-03 -1.037363e+00 -8.703821e-03 1.392344e-03 9.999612e-01 -1.183698e+01
9.999580e-01 1.628167e-03 -9.024495e-03 5.865248e+00 -1.616035e-03 9.999978e-01 1.351456e-03 -1.020357e+00 9.026675e-03 -1.336816e-03 9.999584e-01 -1.319149e+01
9.999764e-01 -1.997962e-03 6.567497e-03 5.910652e+00 2.004641e-03 9.999975e-01 -1.010400e-03 -1.007918e+00 -6.565462e-03 1.023542e-03 9.999779e-01 -1.420430e+01
9.999469e-01 1.750286e-03 -1.015476e-02 6.008208e+00 -1.735901e-03 9.999975e-01 1.425188e-03 -9.957635e-01 1.015723e-02 -1.407485e-03 9.999474e-01 -1.500309e+01
9.999774e-01 -2.011301e-03 6.414922e-03 6.037819e+00 2.017067e-03 9.999976e-01 -8.924114e-04 -9.880004e-01 -6.413111e-03 9.053312e-04 9.999790e-01 -1.578359e+01
9.999478e-01 1.717835e-03 -1.007679e-02 6.132539e+00 -1.705135e-03 9.999977e-01 1.268891e-03 -9.811653e-01 1.007895e-02 -1.251643e-03 9.999484e-01 -1.661688e+01
9.999854e-01 -1.791876e-03 5.097685e-03 6.259785e+00 1.795224e-03 9.999982e-01 -6.523013e-04 -9.799575e-01 -5.096506e-03 6.614439e-04 9.999868e-01 -1.719564e+01
9.999458e-01 1.770488e-03 -1.025826e-02 6.381939e+00 -1.758108e-03 9.999977e-01 1.215723e-03 -9.791746e-01 1.026039e-02 -1.197622e-03 9.999466e-01 -1.772548e+01
9.999920e-01 -1.380783e-03 3.759927e-03 6.338964e+00 1.381408e-03 9.999990e-01 -1.636573e-04 -9.829191e-01 -3.759697e-03 1.688506e-04 9.999929e-01 -1.753536e+01
9.999915e-01 1.287133e-03 -3.906419e-03 5.876074e+00 -1.287107e-03 9.999992e-01 9.409053e-06 -9.574649e-01 3.906428e-03 -4.381628e-06 9.999924e-01 -1.825279e+01
9.999902e-01 -1.697092e-03 4.091371e-03 5.496247e+00 1.698385e-03 9.999985e-01 -3.125034e-04 -9.378336e-01 -4.090834e-03 3.194497e-04 9.999916e-01 -1.930062e+01
9.999881e-01 1.147347e-03 -4.742745e-03 5.500582e+00 -1.145824e-03 9.999993e-01 3.237991e-04 -9.224555e-01 4.743113e-03 -3.183616e-04 9.999887e-01 -2.057899e+01
9.999971e-01 -1.545068e-03 1.849384e-03 5.628872e+00 1.545709e-03 9.999987e-01 -3.448243e-04 -9.136202e-01 -1.848849e-03 3.476826e-04 9.999982e-01 -2.163546e+01
9.999136e-01 1.939170e-03 -1.300453e-02 6.502494e+00 -1.929590e-03 9.999979e-01 7.492370e-04 -9.374722e-01 1.300596e-02 -7.240795e-04 9.999152e-01 -2.192939e+01
9.999811e-01 -9.753369e-04 6.066735e-03 7.099992e+00 9.790343e-04 9.999993e-01 -6.064588e-04 -1.058930e+00 -6.066139e-03 6.123875e-04 9.999814e-01 -1.730795e+01
9.998763e-01 4.848250e-03 -1.496507e-02 7.557032e+00 -4.855125e-03 9.999881e-01 -4.230952e-04 -1.194659e+00 1.496284e-02 4.956995e-04 9.998879e-01 -1.261407e+01
9.999503e-01 -4.732704e-03 8.774673e-03 7.640478e+00 4.722888e-03 9.999882e-01 1.139170e-03 -1.196584e+00 -8.779960e-03 -1.097671e-03 9.999609e-01 -1.295613e+01
9.999599e-01 4.001303e-03 -8.006906e-03 7.598173e+00 -4.012836e-03 9.999909e-01 -1.424792e-03 -1.175996e+00 8.001133e-03 1.456865e-03 9.999669e-01 -1.445242e+01
9.999674e-01 -4.522054e-03 6.692535e-03 7.658545e+00 4.512437e-03 9.999888e-01 1.451474e-03 -1.161944e+00 -6.699023e-03 -1.421226e-03 9.999766e-01 -1.571823e+01
9.999580e-01 4.174766e-03 -8.155792e-03 7.544758e+00 -4.186064e-03 9.999903e-01 -1.368627e-03 -1.146866e+00 8.149999e-03 1.402709e-03 9.999658e-01 -1.680968e+01
9.999668e-01 -4.597125e-03 6.731168e-03 7.481526e+00 4.587877e-03 9.999885e-01 1.388836e-03 -1.131898e+00 -6.737475e-03 -1.357907e-03 9.999764e-01 -1.792765e+01
9.999522e-01 4.131735e-03 -8.863990e-03 7.594726e+00 -4.142284e-03 9.999907e-01 -1.171972e-03 -1.116402e+00 8.859066e-03 1.208632e-03 9.999600e-01 -1.913794e+01
9.999695e-01 -4.494015e-03 6.389511e-03 7.986951e+00 4.488665e-03 9.999896e-01 8.514350e-04 -1.106044e+00 -6.393270e-03 -8.227280e-04 9.999792e-01 -2.055638e+01
9.999609e-01 3.930005e-03 -7.922817e-03 8.327303e+00 -3.937244e-03 9.999918e-01 -8.981531e-04 -1.090086e+00 7.919223e-03 9.293114e-04 9.999682e-01 -2.203434e+01
9.999859e-01 -4.094789e-03 3.379696e-03 8.465727e+00 4.090503e-03 9.999908e-01 1.274245e-03 -1.082858e+00 -3.384883e-03 -1.260402e-03 9.999935e-01 -2.282384e+01
9.999726e-01 3.868078e-03 -6.311913e-03 8.714287e+00 -3.875585e-03 9.999918e-01 -1.177506e-03 -1.083565e+00 6.307306e-03 1.201936e-03 9.999794e-01 -2.375757e+01
9.999849e-01 -4.129499e-03 3.613671e-03 8.690440e+00 4.123092e-03 9.999899e-01 1.778918e-03 -1.091864e+00 -3.620980e-03 -1.763991e-03 9.999919e-01 -2.357474e+01
9.999191e-01 5.354906e-03 -1.153627e-02 8.816201e+00 -5.375050e-03 9.999841e-01 -1.715787e-03 -1.128165e+00 1.152689e-02 1.777655e-03 9.999320e-01 -2.219389e+01
9.999797e-01 -5.162957e-03 3.736226e-03 9.273829e+00 5.154585e-03 9.999842e-01 2.246985e-03 -1.140515e+00 -3.747768e-03 -2.227680e-03 9.999905e-01 -2.248553e+01
9.999798e-01 4.672146e-03 -4.298307e-03 9.190046e+00 -4.682236e-03 9.999863e-01 -2.340097e-03 -1.119871e+00 4.287315e-03 2.360175e-03 9.999880e-01 -2.373016e+01
9.999687e-01 -5.447234e-03 5.746237e-03 9.123480e+00 5.435794e-03 9.999832e-01 2.004650e-03 -1.096730e+00 -5.757060e-03 -1.973351e-03 9.999815e-01 -2.531153e+01
9.999723e-01 4.745907e-03 -5.740217e-03 9.122281e+00 -4.757980e-03 9.999865e-01 -2.091322e-03 -1.077461e+00 5.730214e-03 2.118575e-03 9.999813e-01 -2.671127e+01
9.999585e-01 -5.638436e-03 7.158602e-03 9.108549e+00 5.625332e-03 9.999825e-01 1.849428e-03 -1.054987e+00 -7.168904e-03 -1.809081e-03 9.999727e-01 -2.832697e+01
9.999789e-01 4.650430e-03 -4.546062e-03 9.095059e+00 -4.661341e-03 9.999863e-01 -2.392308e-03 -1.029240e+00 4.534874e-03 2.413447e-03 9.999868e-01 -3.014555e+01
9.999656e-01 -5.505057e-03 6.210443e-03 9.094299e+00 5.492186e-03 9.999827e-01 2.087671e-03 -1.006085e+00 -6.221829e-03 -2.053490e-03 9.999785e-01 -3.182931e+01
9.999702e-01 4.786429e-03 -6.055274e-03 9.068830e+00 -4.800050e-03 9.999860e-01 -2.236872e-03 -9.878135e-01 6.044482e-03 2.265870e-03 9.999792e-01 -3.323121e+01
9.999688e-01 -5.459915e-03 5.714617e-03 9.049402e+00 5.447362e-03 9.999827e-01 2.209914e-03 -9.705149e-01 -5.726584e-03 -2.178715e-03 9.999812e-01 -3.456222e+01
9.999741e-01 4.699892e-03 -5.454534e-03 9.027906e+00 -4.712308e-03 9.999863e-01 -2.265684e-03 -9.519615e-01 5.443811e-03 2.291328e-03 9.999826e-01 -3.596661e+01
9.999792e-01 -4.103285e-03 -4.981634e-03 9.772608e+00 4.113845e-03 9.999893e-01 2.111319e-03 -9.653525e-01 4.972918e-03 -2.131768e-03 9.999854e-01 -3.639194e+01
9.999593e-01 5.728578e-03 -6.967821e-03 1.049136e+01 -5.745359e-03 9.999806e-01 -2.390640e-03 -1.005497e+00 6.953990e-03 2.430575e-03 9.999729e-01 -3.554818e+01
9.999890e-01 -4.457125e-03 -1.438794e-03 1.085534e+01 4.460829e-03 9.999867e-01 2.580728e-03 -1.071834e+00 1.427273e-03 -2.587117e-03 9.999956e-01 -3.294160e+01
9.998876e-01 7.491844e-03 -1.298877e-02 1.150619e+01 -7.521789e-03 9.999692e-01 -2.258125e-03 -1.144403e+00 1.297145e-02 2.355569e-03 9.999131e-01 -3.099474e+01
9.998482e-01 -8.173130e-03 1.538885e-02 1.154878e+01 8.160681e-03 9.999663e-01 8.716430e-04 -1.109360e+00 -1.539546e-02 -7.459266e-04 9.998812e-01 -3.279489e+01
9.998719e-01 7.758702e-03 -1.399797e-02 1.139580e+01 -7.783365e-03 9.999683e-01 -1.708251e-03 -1.079530e+00 1.398427e-02 1.816983e-03 9.999006e-01 -3.401219e+01
9.998916e-01 -8.287688e-03 1.216856e-02 1.148486e+01 8.264830e-03 9.999640e-01 1.927604e-03 -1.066136e+00 -1.218409e-02 -1.826823e-03 9.999241e-01 -3.516923e+01
9.999236e-01 7.241678e-03 -1.001675e-02 1.147568e+01 -7.265354e-03 9.999709e-01 -2.329178e-03 -1.042956e+00 9.999588e-03 2.401775e-03 9.999471e-01 -3.686770e+01
9.999146e-01 -7.973248e-03 1.035118e-02 1.151216e+01 7.950501e-03 9.999659e-01 2.236944e-03 -1.023511e+00 -1.036867e-02 -2.154455e-03 9.999439e-01 -3.834727e+01
9.998192e-01 8.526362e-03 -1.699796e-02 1.172103e+01 -8.553292e-03 9.999623e-01 -1.512205e-03 -1.084594e+00 1.698442e-02 1.657319e-03 9.998544e-01 -3.558423e+01
9.999594e-01 -5.826625e-03 6.877514e-03 1.203442e+01 5.817432e-03 9.999822e-01 1.355974e-03 -1.168186e+00 -6.885291e-03 -1.315909e-03 9.999754e-01 -3.280794e+01
9.999589e-01 5.136912e-03 -7.476296e-03 1.203886e+01 -5.146632e-03 9.999859e-01 -1.281398e-03 -1.152696e+00 7.469608e-03 1.319823e-03 9.999712e-01 -3.406323e+01
9.999509e-01 -5.865088e-03 7.987766e-03 1.199971e+01 5.854814e-03 9.999820e-01 1.309048e-03 -1.133114e+00 -7.995300e-03 -1.262217e-03 9.999672e-01 -3.550834e+01
9.999307e-01 5.476497e-03 -1.042578e-02 1.206023e+01 -5.487518e-03 9.999844e-01 -1.028744e-03 -1.120412e+00 1.041999e-02 1.085884e-03 9.999451e-01 -3.657490e+01
9.999652e-01 -5.641330e-03 6.153054e-03 1.214098e+01 5.631675e-03 9.999829e-01 1.585418e-03 -1.112287e+00 -6.161892e-03 -1.550710e-03 9.999798e-01 -3.726705e+01
9.999574e-01 5.049034e-03 -7.730225e-03 1.214443e+01 -5.060421e-03 9.999861e-01 -1.454152e-03 -1.099478e+00 7.722776e-03 1.493208e-03 9.999691e-01 -3.836872e+01
9.999545e-01 -5.749559e-03 7.613924e-03 1.209111e+01 5.737944e-03 9.999823e-01 1.546404e-03 -1.082291e+00 -7.622680e-03 -1.502645e-03 9.999698e-01 -3.966275e+01
9.999579e-01 5.105479e-03 -7.622294e-03 1.196779e+01 -5.117078e-03 9.999858e-01 -1.503055e-03 -1.064785e+00 7.614511e-03 1.541995e-03 9.999698e-01 -4.094535e+01
9.999550e-01 -5.722073e-03 7.572018e-03 1.183143e+01 5.710535e-03 9.999825e-01 1.544469e-03 -1.048360e+00 -7.580723e-03 -1.501158e-03 9.999701e-01 -4.219302e+01
9.999491e-01 5.117650e-03 -8.690058e-03 1.179775e+01 -5.129334e-03 9.999860e-01 -1.322751e-03 -1.034303e+00 8.683167e-03 1.367257e-03 9.999614e-01 -4.336160e+01
9.999623e-01 -5.597578e-03 6.636938e-03 1.177103e+01 5.586515e-03 9.999830e-01 1.684233e-03 -1.023168e+00 -6.646252e-03 -1.647091e-03 9.999766e-01 -4.436277e+01
9.999073e-01 5.605441e-03 -1.240877e-02 1.188593e+01 -5.618904e-03 9.999837e-01 -1.050305e-03 -1.024021e+00 1.240268e-02 1.119930e-03 9.999225e-01 -4.471075e+01
9.999842e-01 -4.722557e-03 3.054350e-03 1.214976e+01 4.716241e-03 9.999867e-01 2.072020e-03 -1.048148e+00 -3.064094e-03 -2.057582e-03 9.999932e-01 -4.414166e+01
9.998504e-01 5.294727e-03 -1.646876e-02 1.285858e+01 -5.321578e-03 9.999846e-01 -1.587015e-03 -1.071467e+00 1.646010e-02 1.674417e-03 9.998631e-01 -4.433474e+01
9.999788e-01 -4.981419e-03 4.202079e-03 1.358889e+01 4.974259e-03 9.999862e-01 1.712882e-03 -1.088472e+00 -4.210553e-03 -1.691943e-03 9.999897e-01 -4.473156e+01
9.999287e-01 5.067354e-03 -1.081349e-02 1.382667e+01 -5.079261e-03 9.999865e-01 -1.073889e-03 -1.092336e+00 1.080790e-02 1.128737e-03 9.999410e-01 -4.523598e+01
9.999776e-01 -5.089548e-03 4.337312e-03 1.399631e+01 5.082114e-03 9.999856e-01 1.723404e-03 -1.091978e+00 -4.346021e-03 -1.701323e-03 9.999891e-01 -4.575093e+01
9.998452e-01 5.726653e-03 -1.663527e-02 1.473385e+01 -5.751698e-03 9.999824e-01 -1.458053e-03 -1.112708e+00 1.662663e-02 1.553508e-03 9.998606e-01 -4.612438e+01
9.999724e-01 -5.701780e-03 4.756364e-03 1.570739e+01 5.696299e-03 9.999831e-01 1.165014e-03 -1.127842e+00 -4.762926e-03 -1.137887e-03 9.999880e-01 -4.683612e+01
9.999609e-01 5.207634e-03 -7.149016e-03 1.586574e+01 -5.216648e-03 9.999856e-01 -1.242752e-03 -1.118968e+00 7.142442e-03 1.279997e-03 9.999737e-01 -4.798740e+01
9.999687e-01 -5.764267e-03 5.412662e-03 1.593782e+01 5.758396e-03 9.999828e-01 1.099687e-03 -1.110925e+00 -5.418907e-03 -1.068484e-03 9.999847e-01 -4.913124e+01
9.999747e-01 4.979320e-03 -5.079039e-03 1.586920e+01 -4.987196e-03 9.999864e-01 -1.539142e-03 -1.093776e+00 5.071306e-03 1.564432e-03 9.999859e-01 -5.058432e+01
9.999779e-01 -5.584181e-03 3.595877e-03 1.593749e+01 5.578816e-03 9.999833e-01 1.500385e-03 -1.083540e+00 -3.604195e-03 -1.480290e-03 9.999924e-01 -5.175130e+01
9.999729e-01 5.088012e-03 -5.326258e-03 1.597743e+01 -5.095755e-03 9.999860e-01 -1.441096e-03 -1.072305e+00 5.318851e-03 1.468197e-03 9.999848e-01 -5.289315e+01
9.999724e-01 -5.711775e-03 4.746052e-03 1.592217e+01 5.705218e-03 9.999828e-01 1.393985e-03 -1.056855e+00 -4.753932e-03 -1.366869e-03 9.999878e-01 -5.419024e+01
9.999620e-01 5.223855e-03 -6.981491e-03 1.600682e+01 -5.232660e-03 9.999855e-01 -1.243504e-03 -1.045090e+00 6.974894e-03 1.279988e-03 9.999749e-01 -5.529723e+01
9.999831e-01 -5.357915e-03 2.262652e-03 1.620578e+01 5.354039e-03 9.999842e-01 1.715793e-03 -1.042728e+00 -2.271809e-03 -1.703649e-03 9.999960e-01 -5.602486e+01
9.999557e-01 5.344273e-03 -7.749336e-03 1.644033e+01 -5.353601e-03 9.999850e-01 -1.183444e-03 -1.044815e+00 7.742895e-03 1.224877e-03 9.999693e-01 -5.660062e+01
9.999801e-01 -5.473692e-03 3.122802e-03 1.667012e+01 5.468877e-03 9.999838e-01 1.548221e-03 -1.044784e+00 -3.131226e-03 -1.531112e-03 9.999939e-01 -5.730693e+01
9.999598e-01 5.262963e-03 -7.258607e-03 1.684615e+01 -5.271095e-03 9.999855e-01 -1.101576e-03 -1.042041e+00 7.252704e-03 1.139792e-03 9.999730e-01 -5.807755e+01
