9.999425e-01 1.221676e-03 -1.065682e-02 1.534753e-01 -1.212012e-03 9.999988e-01 9.132982e-04 -3.347655e-02 1.065792e-02 -9.003302e-04 9.999428e-01 9.189774e-01
9.999976e-01 -7.510014e-04 2.069910e-03 1.694632e-01 7.505988e-04 9.999997e-01 1.952822e-04 -3.764405e-02 -2.070056e-03 -1.937274e-04 9.999978e-01 1.021526e+00
9.999393e-01 1.242655e-03 -1.094500e-02 3.192572e-01 -1.233615e-03 9.999989e-01 8.327473e-04 -5.172237e-02 1.094602e-02 -8.191955e-04 9.999398e-01 1.370198e+00
9.999962e-01 -5.587877e-04 2.715036e-03 3.352276e-01 5.583568e-04 9.999998e-01 1.594962e-04 -7.025780e-02 -2.715124e-03 -1.579789e-04 9.999963e-01 2.120732e+00
9.999500e-01 9.131046e-04 -9.954097e-03 2.700547e-01 -9.037819e-04 9.999991e-01 9.410335e-04 -7.082812e-02 9.954947e-03 -9.319909e-04 9.999500e-01 2.353784e+00
9.999997e-01 -3.851922e-04 -6.118804e-04 6.246310e-01 3.851136e-04 9.999999e-01 -1.287087e-04 -1.067628e-01 6.119303e-04 1.284737e-04 9.999998e-01 2.996827e+00
9.999534e-01 1.064790e-03 -9.598008e-03 8.302469e-01 -1.054044e-03 9.999988e-01 1.124540e-03 -1.285356e-01 9.599194e-03 -1.114371e-03 9.999533e-01 3.434544e+00
9.999972e-01 -8.207181e-04 2.215802e-03 9.408784e-01 8.212218e-04 9.999996e-01 -2.264185e-04 -1.314470e-01 -2.215615e-03 2.282382e-04 9.999975e-01 3.351780e+00
9.999514e-01 1.180372e-03 -9.792560e-03 1.010177e+00 -1.169054e-03 9.999986e-01 1.161462e-03 -1.380464e-01 9.793917e-03 -1.149959e-03 9.999514e-01 3.492719e+00
9.999985e-01 -6.606448e-04 1.587170e-03 1.016966e+00 6.605478e-04 9.999998e-01 6.170105e-05 -1.485997e-01 -1.587210e-03 -6.065185e-05 9.999987e-01 3.904441e+00
9.999540e-01 1.069369e-03 -9.529121e-03 1.005619e+00 -1.057325e-03 9.999986e-01 1.268816e-03 -1.550724e-01 9.530465e-03 -1.258683e-03 9.999538e-01 4.139253e+00
9.999942e-01 -8.692172e-04 3.304129e-03 9.770992e-01 8.702953e-04 9.999996e-01 -3.248538e-04 -1.552948e-01 -3.303845e-03 3.277282e-04 9.999945e-01 4.190742e+00
9.999519e-01 1.081543e-03 -9.745930e-03 9.138119e-01 -1.069016e-03 9.999986e-01 1.290421e-03 -1.553824e-01 9.747311e-03 -1.279941e-03 9.999517e-01 4.276220e+00
9.999903e-01 -7.948778e-04 4.330174e-03 7.061009e-01 7.967826e-04 9.999996e-01 -4.381695e-04 -1.476226e-01 -4.329823e-03 4.416161e-04 9.999905e-01 4.466506e+00
9.999458e-01 1.187165e-03 -1.034751e-02 5.072767e-01 -1.173657e-03 9.999985e-01 1.311445e-03 -1.385118e-01 1.034905e-02 -1.299230e-03 9.999456e-01 4.666859e+00
9.999786e-01 -9.155935e-04 6.474715e-03 1.412023e-01 9.208766e-04 9.999992e-01 -8.130168e-04 -1.176668e-01 -6.473965e-03 8.189625e-04 9.999787e-01 4.833761e+00
9.999231e-01 1.198474e-03 -1.234368e-02 2.341012e-02 -1.179401e-03 9.999981e-01 1.552311e-03 -1.067036e-01 1.234552e-02 -1.537635e-03 9.999226e-01 4.971386e+00
9.999899e-01 -7.065576e-04 4.431336e-03 6.016004e-02 7.084112e-04 9.999997e-01 -4.167145e-04 -1.132536e-01 -4.431040e-03 4.198502e-04 9.999901e-01 5.218153e+00
9.999479e-01 1.255505e-03 -1.013266e-02 -2.215076e-01 -1.241451e-03 9.999983e-01 1.393121e-03 -1.040471e-01 1.013439e-02 -1.380470e-03 9.999477e-01 5.874274e+00
9.999900e-01 -7.396565e-04 4.407103e-03 -4.096270e-01 7.423571e-04 9.999995e-01 -6.111779e-04 -9.439492e-02 -4.406648e-03 6.144442e-04 9.999901e-01 6.203493e+00
9.999356e-01 8.205249e-04 -1.131746e-02 -2.655958e-01 -8.039467e-04 9.999986e-01 1.469316e-03 -9.287067e-02 1.131865e-02 -1.460124e-03 9.999349e-01 5.914786e+00
9.999898e-01 -6.247889e-04 4.480411e-03 -1.670842e-01 6.276058e-04 9.999996e-01 -6.273110e-04 -9.011911e-02 -4.480017e-03 6.301172e-04 9.999898e-01 5.640934e+00
9.999190e-01 1.080422e-03 -1.267791e-02 -1.292995e-01 -1.059118e-03 9.999980e-01 1.686994e-03 -9.368832e-02 1.267971e-02 -1.673431e-03 9.999182e-01 5.653492e+00
9.999825e-01 -7.918435e-04 5.858844e-03 -8.980045e-02 7.975409e-04 9.999992e-01 -9.701551e-04 -8.906254e-02 -5.858071e-03 9.748116e-04 9.999824e-01 5.320446e+00
9.999493e-01 1.031099e-03 -1.002038e-02 -4.735919e-01 -1.015761e-03 9.999983e-01 1.535618e-03 -7.080372e-02 1.002194e-02 -1.525363e-03 9.999486e-01 5.427435e+00
9.999753e-01 -7.608738e-04 6.983388e-03 -8.383925e-01 7.701743e-04 9.999988e-01 -1.329191e-03 -4.623040e-02 -6.982368e-03 1.334538e-03 9.999747e-01 5.380434e+00
9.999256e-01 6.217368e-04 -1.217975e-02 -6.795496e-01 -5.988974e-04 9.999981e-01 1.878757e-03 -3.920621e-02 1.218089e-02 -1.871323e-03 9.999241e-01 4.593998e+00
9.999706e-01 -3.092369e-04 7.656397e-03 -9.163640e-01 3.222859e-04 9.999985e-01 -1.703140e-03 -2.366933e-02 -7.655858e-03 1.705559e-03 9.999692e-01 4.285911e+00
9.999060e-01 7.228207e-04 -1.369228e-02 -1.082014e+00 -6.910552e-04 9.999971e-01 2.324556e-03 -1.149120e-02 1.369392e-02 -2.314876e-03 9.999036e-01 4.291162e+00
9.999620e-01 -3.363292e-04 8.713508e-03 -1.304517e+00 3.525826e-04 9.999982e-01 -1.863836e-03 4.047594e-03 -8.712865e-03 1.866838e-03 9.999603e-01 4.193961e+00
9.999035e-01 6.782620e-04 -1.387762e-02 -1.408697e+00 -6.447340e-04 9.999969e-01 2.420317e-03 1.665475e-02 1.387922e-02 -2.411137e-03 9.999008e-01 3.958455e+00
9.999429e-01 -3.129745e-04 1.068026e-02 -1.912103e+00 3.345710e-04 9.999979e-01 -2.020360e-03 4.318025e-02 -1.067960e-02 2.023818e-03 9.999409e-01 4.253098e+00
9.998909e-01 5.683443e-04 -1.475705e-02 -2.264013e+00 -5.328533e-04 9.999970e-01 2.408841e-03 6.445920e-02 1.475838e-02 -2.400716e-03 9.998882e-01 4.370282e+00
9.999566e-01 -5.097391e-04 9.297380e-03 -2.204611e+00 5.268234e-04 9.999982e-01 -1.835181e-03 7.218412e-02 -9.296427e-03 1.840000e-03 9.999551e-01 3.739459e+00
9.998950e-01 5.345648e-04 -1.447967e-02 -2.137860e+00 -5.000907e-04 9.999970e-01 2.384386e-03 7.827800e-02 1.448090e-02 -2.376895e-03 9.998923e-01 3.129836e+00
9.999636e-01 -1.468914e-04 8.535955e-03 -2.313224e+00 1.616887e-04 9.999985e-01 -1.732848e-03 8.426522e-02 -8.535687e-03 1.734166e-03 9.999621e-01 2.947974e+00
9.999447e-01 3.439718e-04 -1.051325e-02 -2.879676e+00 -3.276669e-04 9.999987e-01 1.552581e-03 1.081516e-01 1.051377e-02 -1.549051e-03 9.999435e-01 2.642322e+00
9.999640e-01 -5.843225e-04 8.460064e-03 -3.081476e+00 5.967015e-04 9.999988e-01 -1.460769e-03 1.240130e-01 -8.459200e-03 1.465766e-03 9.999631e-01 1.828430e+00
9.999534e-01 4.558902e-04 -9.645089e-03 -3.516706e+00 -4.441581e-04 9.999992e-01 1.218502e-03 1.463853e-01 9.645637e-03 -1.214162e-03 9.999527e-01 1.231341e+00
9.999575e-01 -9.600352e-04 9.167634e-03 -3.696106e+00 9.720324e-04 9.999987e-01 -1.304270e-03 1.635663e-01 -9.166370e-03 1.313127e-03 9.999571e-01 5.821054e-02
9.999586e-01 2.764603e-04 -9.098462e-03 -3.667214e+00 -2.665049e-04 9.999994e-01 1.095396e-03 1.825006e-01 9.098759e-03 -1.092926e-03 9.999580e-01 -1.369014e+00
9.999343e-01 -1.050142e-03 1.141809e-02 -3.950500e+00 1.068455e-03 9.999982e-01 -1.597819e-03 2.085330e-01 -1.141639e-02 1.609914e-03 9.999335e-01 -2.932046e+00
9.999452e-01 4.816997e-04 -1.045890e-02 -4.092196e+00 -4.679797e-04 9.999990e-01 1.314221e-03 2.313219e-01 1.045952e-02 -1.309255e-03 9.999444e-01 -4.399347e+00
9.999633e-01 -6.605117e-04 8.538173e-03 -4.237479e+00 6.710814e-04 9.999990e-01 -1.235107e-03 2.502660e-01 -8.537349e-03 1.240792e-03 9.999628e-01 -5.240344e+00
9.999158e-01 7.847700e-04 -1.295598e-02 -4.430538e+00 -7.635908e-04 9.999984e-01 1.639576e-03 2.636298e-01 1.295724e-02 -1.629546e-03 9.999147e-01 -5.549579e+00
9.999807e-01 -2.775439e-04 6.208062e-03 -4.625560e+00 2.830597e-04 9.999996e-01 -8.876152e-04 2.670782e-01 -6.207812e-03 8.893560e-04 9.999803e-01 -5.431461e+00
9.999799e-01 3.742742e-04 -6.336797e-03 -5.510389e+00 -3.724791e-04 9.999999e-01 2.844853e-04 3.070385e-01 6.336903e-03 -2.821199e-04 9.999799e-01 -5.378134e+00
9.999404e-01 -2.341370e-04 1.091089e-02 -6.524880e+00 2.544721e-04 9.999982e-01 -1.862386e-03 3.633500e-01 -1.091043e-02 1.865052e-03 9.999387e-01 -5.821934e+00
9.999322e-01 2.600953e-04 -1.164296e-02 -6.983838e+00 -2.420216e-04 9.999988e-01 1.553717e-03 3.907354e-01 1.164335e-02 -1.550795e-03 9.999310e-01 -6.351860e+00
9.999184e-01 -3.932959e-04 1.277057e-02 -7.549024e+00 4.213161e-04 9.999975e-01 -2.191496e-03 4.220807e-01 -1.276967e-02 2.196698e-03 9.999161e-01 -7.124789e+00
9.999415e-01 1.026601e-04 -1.081168e-02 -8.138025e+00 -8.676948e-05 9.999989e-01 1.470232e-03 4.558658e-01 1.081182e-02 -1.469208e-03 9.999405e-01 -8.032231e+00
9.999298e-01 -3.844779e-04 1.184081e-02 -8.588818e+00 4.084930e-04 9.999979e-01 -2.025805e-03 4.851582e-01 -1.184000e-02 2.030501e-03 9.999278e-01 -8.981847e+00
9.999127e-01 4.024348e-04 -1.320582e-02 -9.058329e+00 -3.785172e-04 9.999983e-01 1.813599e-03 5.082751e-01 1.320653e-02 -1.808442e-03 9.999112e-01 -9.508650e+00
9.999335e-01 -2.208939e-04 1.152973e-02 -9.657077e+00 2.434889e-04 9.999981e-01 -1.958340e-03 5.338058e-01 -1.152928e-02 1.961018e-03 9.999316e-01 -9.748118e+00
9.999249e-01 2.218151e-04 -1.224985e-02 -1.021511e+01 -2.009913e-04 9.999985e-01 1.701133e-03 5.592994e-01 1.225021e-02 -1.698544e-03 9.999235e-01 -1.023629e+01
9.999339e-01 -2.693158e-04 1.149345e-02 -1.067877e+01 2.912105e-04 9.999981e-01 -1.903330e-03 5.833800e-01 -1.149291e-02 1.906552e-03 9.999321e-01 -1.087778e+01
9.999161e-01 4.783095e-04 -1.294502e-02 -1.136871e+01 -4.576029e-04 9.999986e-01 1.602499e-03 6.124376e-01 1.294577e-02 -1.596441e-03 9.999149e-01 -1.102006e+01
9.999227e-01 -2.381269e-04 1.243486e-02 -1.215864e+01 2.647839e-04 9.999977e-01 -2.142126e-03 6.481846e-01 -1.243432e-02 2.145253e-03 9.999204e-01 -1.114415e+01
9.998974e-01 6.215725e-04 -1.431308e-02 -1.286029e+01 -5.921240e-04 9.999977e-01 2.061609e-03 6.756616e-01 1.431433e-02 -2.052923e-03 9.998954e-01 -1.092155e+01
9.999056e-01 1.211210e-04 1.373747e-02 -1.352755e+01 -8.175391e-05 9.999959e-01 -2.866190e-03 7.032074e-01 -1.373776e-02 2.864797e-03 9.999015e-01 -1.058139e+01
9.998842e-01 1.811008e-04 -1.521411e-02 -1.396596e+01 -1.437967e-04 9.999970e-01 2.453013e-03 7.314346e-01 1.521450e-02 -2.450542e-03 9.998812e-01 -1.077131e+01
9.999347e-01 1.044921e-04 1.142707e-02 -1.435080e+01 -8.012178e-05 9.999977e-01 -2.133112e-03 7.489121e-01 -1.142726e-02 2.132058e-03 9.999324e-01 -1.088100e+01
9.999181e-01 8.190208e-05 -1.279487e-02 -1.501517e+01 -5.717953e-05 9.999981e-01 1.932585e-03 7.792652e-01 1.279501e-02 -1.931696e-03 9.999163e-01 -1.093998e+01
9.999542e-01 2.335598e-04 9.566507e-03 -1.545300e+01 -2.191602e-04 9.999988e-01 -1.506214e-03 8.031711e-01 -9.566847e-03 1.504049e-03 9.999531e-01 -1.077761e+01
9.998765e-01 5.661142e-04 -1.570728e-02 -1.573575e+01 -5.279105e-04 9.999969e-01 2.436278e-03 8.010622e-01 1.570861e-02 -2.427685e-03 9.998737e-01 -1.000043e+01
9.999300e-01 6.223467e-04 1.181784e-02 -1.624746e+01 -5.967089e-04 9.999975e-01 -2.172814e-03 8.139761e-01 -1.181916e-02 2.165610e-03 9.999278e-01 -9.041205e+00
9.998951e-01 -1.252373e-04 -1.448162e-02 -1.690450e+01 1.552453e-04 9.999978e-01 2.071042e-03 8.426742e-01 1.448133e-02 -2.073074e-03 9.998930e-01 -8.857370e+00
9.999458e-01 6.221820e-04 1.039217e-02 -1.739579e+01 -6.081158e-04 9.999989e-01 -1.356635e-03 8.606500e-01 -1.039300e-02 1.350243e-03 9.999451e-01 -8.381883e+00
9.999145e-01 1.323090e-04 -1.307277e-02 -1.806339e+01 -1.129444e-04 9.999989e-01 1.482026e-03 8.925709e-01 1.307295e-02 -1.480423e-03 9.999134e-01 -7.646790e+00
9.999045e-01 1.717936e-04 1.381604e-02 -1.887147e+01 -1.456328e-04 9.999982e-01 -1.894489e-03 9.391142e-01 -1.381634e-02 1.892297e-03 9.999028e-01 -7.267125e+00
9.999020e-01 2.374953e-04 -1.399430e-02 -1.970290e+01 -2.202076e-04 9.999992e-01 1.236874e-03 9.817046e-01 1.399458e-02 -1.233672e-03 9.999013e-01 -7.143709e+00
9.999083e-01 9.857250e-05 1.353974e-02 -2.051155e+01 -7.436766e-05 9.999984e-01 -1.788172e-03 1.022161e+00 -1.353989e-02 1.787001e-03 9.999067e-01 -7.029835e+00
9.998090e-01 2.982693e-04 -1.954267e-02 -2.077141e+01 -2.530116e-04 9.999973e-01 2.318276e-03 1.034108e+00 1.954331e-02 -2.312890e-03 9.998063e-01 -6.823199e+00
9.998707e-01 1.944902e-04 1.608238e-02 -2.133030e+01 -1.546760e-04 9.999969e-01 -2.476845e-03 1.058479e+00 -1.608281e-02 2.474038e-03 9.998676e-01 -6.777837e+00
9.998611e-01 2.063744e-04 -1.666443e-02 -2.209159e+01 -1.721994e-04 9.999979e-01 2.052189e-03 1.098569e+00 1.666482e-02 -2.049035e-03 9.998590e-01 -6.588479e+00
9.998731e-01 5.286122e-05 1.593031e-02 -2.287682e+01 -1.243259e-05 9.999968e-01 -2.537923e-03 1.136535e+00 -1.593039e-02 2.537404e-03 9.998699e-01 -6.599588e+00
9.998713e-01 2.905700e-04 -1.604045e-02 -2.369744e+01 -2.596844e-04 9.999981e-01 1.927536e-03 1.177647e+00 1.604098e-02 -1.923123e-03 9.998695e-01 -6.478468e+00
9.998517e-01 -1.582181e-05 1.722076e-02 -2.461035e+01 6.130024e-05 9.999965e-01 -2.640376e-03 1.227634e+00 -1.722065e-02 2.641040e-03 9.998482e-01 -6.101793e+00
9.997690e-01 1.024160e-03 -2.146774e-02 -2.497956e+01 -9.476415e-04 9.999932e-01 3.574222e-03 1.237529e+00 2.147126e-02 -3.553054e-03 9.997632e-01 -4.918195e+00
9.998277e-01 -2.285212e-05 1.856110e-02 -2.555643e+01 8.735752e-05 9.999940e-01 -3.474490e-03 1.259278e+00 -1.856091e-02 3.475514e-03 9.998217e-01 -3.747744e+00
9.998829e-01 4.443091e-04 -1.529834e-02 -2.658733e+01 -4.052890e-04 9.999967e-01 2.553622e-03 1.320455e+00 1.529943e-02 -2.547124e-03 9.998797e-01 -3.174059e+00
9.998926e-01 -1.122025e-04 1.465324e-02 -2.733241e+01 1.541407e-04 9.999959e-01 -2.860934e-03 1.360208e+00 -1.465286e-02 2.862886e-03 9.998885e-01 -2.987508e+00
9.999623e-01 3.158126e-04 -8.673360e-03 -2.869038e+01 -3.074691e-04 9.999995e-01 9.632975e-04 1.435177e+00 8.673659e-03 -9.605951e-04 9.999619e-01 -2.846025e+00
9.998464e-01 4.117698e-05 1.752785e-02 -3.030863e+01 2.584419e-05 9.999927e-01 -3.823445e-03 1.525475e+00 -1.752788e-02 3.823311e-03 9.998391e-01 -2.745398e+00
9.998539e-01 2.709000e-04 -1.709357e-02 -3.115794e+01 -2.209508e-04 9.999957e-01 2.923935e-03 1.567112e+00 1.709429e-02 -2.919731e-03 9.998496e-01 -2.812436e+00
9.998731e-01 -3.728434e-05 1.592754e-02 -3.183952e+01 8.746303e-05 9.999950e-01 -3.149743e-03 1.596398e+00 -1.592734e-02 3.150738e-03 9.998682e-01 -3.030916e+00
9.999376e-01 1.943036e-04 -1.117191e-02 -3.311295e+01 -1.783068e-04 9.999990e-01 1.432865e-03 1.663394e+00 1.117218e-02 -1.430785e-03 9.999366e-01 -2.991940e+00
9.998587e-01 9.186555e-05 1.680989e-02 -3.440725e+01 -3.486443e-05 9.999942e-01 -3.391183e-03 1.733852e+00 -1.681010e-02 3.390118e-03 9.998530e-01 -2.949726e+00
9.998955e-01 1.021138e-04 -1.445572e-02 -3.538781e+01 -6.614085e-05 9.999969e-01 2.488955e-03 1.785056e+00 1.445593e-02 -2.487739e-03 9.998924e-01 -2.939328e+00
9.999395e-01 1.169499e-04 1.099828e-02 -3.579978e+01 -9.289416e-05 9.999976e-01 -2.187702e-03 1.803727e+00 -1.099850e-02 2.186549e-03 9.999371e-01 -2.973798e+00
9.998777e-01 1.584972e-04 -1.563978e-02 -3.618437e+01 -1.159303e-04 9.999963e-01 2.722580e-03 1.818702e+00 1.564015e-02 -2.720435e-03 9.998740e-01 -2.915275e+00
9.999376e-01 1.141641e-05 1.116996e-02 -3.642151e+01 1.032757e-05 9.999981e-01 -1.946577e-03 1.830605e+00 -1.116996e-02 1.946571e-03 9.999357e-01 -2.918141e+00
9.998609e-01 3.576564e-04 -1.667302e-02 -3.666707e+01 -3.127208e-04 9.999963e-01 2.697647e-03 1.836375e+00 1.667393e-02 -2.692058e-03 9.998574e-01 -2.803400e+00
9.999240e-01 -7.775965e-05 1.233006e-02 -3.699274e+01 1.042154e-04 9.999977e-01 -2.144994e-03 1.849371e+00 -1.232987e-02 2.146117e-03 9.999217e-01 -2.884503e+00
9.998532e-01 2.132465e-04 -1.713262e-02 -3.712092e+01 -1.660938e-04 9.999962e-01 2.753598e-03 1.859186e+00 1.713314e-02 -2.750349e-03 9.998494e-01 -3.258111e+00
9.998928e-01 -4.360832e-05 1.463996e-02 -3.755607e+01 8.462705e-05 9.999961e-01 -2.801216e-03 1.879451e+00 -1.463978e-02 2.802156e-03 9.998889e-01 -3.616462e+00
9.998404e-01 2.040130e-04 -1.786570e-02 -3.788225e+01 -1.516647e-04 9.999957e-01 2.931415e-03 1.895646e+00 1.786622e-02 -2.928238e-03 9.998361e-01 -3.952265e+00
9.999305e-01 1.070478e-04 1.178824e-02 -3.806060e+01 -8.122180e-05 9.999976e-01 -2.191271e-03 1.901781e+00 -1.178845e-02 2.190162e-03 9.999281e-01 -3.956899e+00
9.998269e-01 3.060220e-04 -1.860064e-02 -3.811702e+01 -2.446591e-04 9.999945e-01 3.301162e-03 1.895966e+00 1.860154e-02 -3.296041e-03 9.998215e-01 -3.543910e+00
9.999409e-01 2.999444e-04 1.086905e-02 -3.818074e+01 -2.748452e-04 9.999973e-01 -2.310636e-03 1.889056e+00 -1.086971e-02 2.307513e-03 9.999383e-01 -3.291383e+00
9.998514e-01 5.771115e-05 -1.723793e-02 -3.838796e+01 -3.608128e-06 9.999951e-01 3.138625e-03 1.893242e+00 1.723802e-02 -3.138098e-03 9.998465e-01 -3.220558e+00
9.999484e-01 2.844425e-04 1.015722e-02 -3.845104e+01 -2.625670e-04 9.999976e-01 -2.154942e-03 1.893733e+00 -1.015780e-02 2.152164e-03 9.999461e-01 -3.223127e+00
9.998918e-01 -2.871162e-04 -1.470729e-02 -3.851049e+01 3.253811e-04 9.999966e-01 2.599447e-03 1.901254e+00 1.470649e-02 -2.603951e-03 9.998885e-01 -3.753865e+00
9.999777e-01 2.638187e-04 6.679896e-03 -3.818132e+01 -2.500335e-04 9.999978e-01 -2.064416e-03 1.891415e+00 -6.680426e-03 2.062701e-03 9.999756e-01 -4.095642e+00
9.999285e-01 -3.914199e-04 -1.194797e-02 -3.812087e+01 4.233225e-04 9.999964e-01 2.667730e-03 1.890519e+00 1.194688e-02 -2.672598e-03 9.999251e-01 -4.528799e+00
9.999393e-01 4.945496e-04 1.100238e-02 -3.867542e+01 -4.622002e-04 9.999956e-01 -2.942549e-03 1.916804e+00 -1.100378e-02 2.937286e-03 9.999351e-01 -5.023419e+00
9.999300e-01 -3.530946e-04 -1.182295e-02 -3.933494e+01 3.817911e-04 9.999970e-01 2.425024e-03 1.946353e+00 1.182206e-02 -2.429369e-03 9.999272e-01 -5.355644e+00
9.999526e-01 3.253200e-04 9.735270e-03 -3.979437e+01 -3.009200e-04 9.999968e-01 -2.507696e-03 1.967102e+00 -9.736054e-03 2.504648e-03 9.999495e-01 -5.782509e+00
9.998285e-01 4.350292e-04 -1.851337e-02 -3.981639e+01 -3.689406e-04 9.999935e-01 3.573050e-03 1.953151e+00 1.851480e-02 -3.565608e-03 9.998222e-01 -5.120047e+00
9.999605e-01 4.924681e-04 8.875599e-03 -3.971086e+01 -4.706613e-04 9.999969e-01 -2.458841e-03 1.935481e+00 -8.876782e-03 2.454567e-03 9.999576e-01 -4.662913e+00
9.999502e-01 -7.095668e-04 -9.954527e-03 -3.998736e+01 7.335747e-04 9.999968e-01 2.408328e-03 1.952964e+00 9.952786e-03 -2.415511e-03 9.999476e-01 -5.593379e+00
9.999306e-01 6.526276e-04 1.176567e-02 -4.084983e+01 -6.145065e-04 9.999946e-01 -3.243337e-03 1.991001e+00 -1.176772e-02 3.235883e-03 9.999255e-01 -6.131407e+00
9.999160e-01 -4.240991e-04 -1.295292e-02 -4.150359e+01 4.663946e-04 9.999946e-01 3.262495e-03 2.019947e+00 1.295147e-02 -3.268263e-03 9.999108e-01 -6.175417e+00
9.998650e-01 4.629080e-04 1.642469e-02 -4.275884e+01 -3.899307e-04 9.999900e-01 -4.446061e-03 2.080631e+00 -1.642659e-02 4.439057e-03 9.998552e-01 -5.964990e+00
9.999698e-01 7.004943e-05 -7.772647e-03 -4.428758e+01 -5.114143e-05 9.999970e-01 2.432825e-03 2.167178e+00 7.772795e-03 -2.432354e-03 9.999668e-01 -5.575415e+00
9.999981e-01 3.864158e-04 1.933916e-03 -4.450596e+01 -3.836947e-04 9.999989e-01 -1.407138e-03 2.172676e+00 -1.934457e-03 1.406394e-03 9.999971e-01 -5.259525e+00
9.999702e-01 -3.436677e-04 -7.714845e-03 -4.446828e+01 3.608504e-04 9.999975e-01 2.225959e-03 2.176424e+00 7.714061e-03 -2.228677e-03 9.999678e-01 -5.656975e+00
9.999873e-01 1.133616e-04 5.042930e-03 -4.460567e+01 -1.031197e-04 9.999979e-01 -2.031110e-03 2.188535e+00 -5.043150e-03 2.030565e-03 9.999852e-01 -6.422283e+00
9.999553e-01 -2.290797e-04 -9.453475e-03 -4.482649e+01 2.534248e-04 9.999967e-01 2.574149e-03 2.193101e+00 9.452853e-03 -2.576430e-03 9.999520e-01 -6.487614e+00
9.999995e-01 9.503761e-04 -4.074847e-04 -4.457307e+01 -9.510042e-04 9.999984e-01 -1.544454e-03 2.175787e+00 4.060165e-04 1.544842e-03 9.999987e-01 -6.254214e+00
9.999928e-01 -1.252040e-03 -3.577273e-03 -4.448820e+01 1.258530e-03 9.999976e-01 1.812345e-03 2.185679e+00 3.574995e-03 -1.816835e-03 9.999920e-01 -7.149617e+00
9.999964e-01 8.467312e-04 2.541857e-03 -4.447545e+01 -8.421269e-04 9.999980e-01 -1.811872e-03 2.203326e+00 -2.543386e-03 1.809725e-03 9.999951e-01 -8.444563e+00
9.999997e-01 -7.869468e-04 1.473625e-04 -4.536950e+01 7.868570e-04 9.999995e-01 6.077634e-04 2.248331e+00 -1.478410e-04 -6.076480e-04 9.999998e-01 -9.101028e+00
9.999928e-01 5.153152e-04 3.751222e-03 -4.630082e+01 -5.079240e-04 9.999979e-01 -1.970986e-03 2.293562e+00 -3.752230e-03 1.969068e-03 9.999910e-01 -9.827124e+00
9.999848e-01 -4.773482e-04 -5.488834e-03 -4.658799e+01 4.874518e-04 9.999982e-01 1.839600e-03 2.315117e+00 5.487945e-03 -1.842249e-03 9.999832e-01 -1.054883e+01
9.999941e-01 3.777610e-04 3.419968e-03 -4.682578e+01 -3.714225e-04 9.999982e-01 -1.853769e-03 2.335507e+00 -3.420662e-03 1.852489e-03 9.999924e-01 -1.123983e+01
9.999795e-01 -4.219249e-04 -6.388731e-03 -4.693122e+01 4.350874e-04 9.999978e-01 2.059039e-03 2.351507e+00 6.387848e-03 -2.061777e-03 9.999775e-01 -1.202908e+01
9.999949e-01 4.435742e-04 3.148780e-03 -4.706584e+01 -4.372727e-04 9.999979e-01 -2.001600e-03 2.367071e+00 -3.149661e-03 2.000214e-03 9.999930e-01 -1.268595e+01
9.999599e-01 -4.011734e-04 -8.943112e-03 -4.691406e+01 4.241199e-04 9.999966e-01 2.564098e-03 2.372814e+00 8.942052e-03 -2.567789e-03 9.999567e-01 -1.334579e+01
9.999952e-01 5.413633e-04 3.037970e-03 -4.694213e+01 -5.354516e-04 9.999980e-01 -1.946367e-03 2.377876e+00 -3.039017e-03 1.944732e-03 9.999935e-01 -1.367543e+01
9.999400e-01 -1.949094e-04 -1.095234e-02 -4.685785e+01 2.268923e-04 9.999957e-01 2.919039e-03 2.375871e+00 1.095172e-02 -2.921349e-03 9.999358e-01 -1.379903e+01
9.999968e-01 6.154306e-04 2.470561e-03 -4.675455e+01 -6.103326e-04 9.999977e-01 -2.063624e-03 2.366294e+00 -2.471825e-03 2.062110e-03 9.999948e-01 -1.368358e+01
9.999287e-01 3.498501e-04 -1.193491e-02 -4.661301e+01 -3.129012e-04 9.999952e-01 3.097608e-03 2.337414e+00 1.193594e-02 -3.093653e-03 9.999240e-01 -1.284119e+01
9.999992e-01 7.831495e-04 9.536805e-04 -4.636638e+01 -7.808307e-04 9.999967e-01 -2.429247e-03 2.296160e+00 -9.555795e-04 2.428501e-03 9.999966e-01 -1.188786e+01
9.999409e-01 -3.455875e-04 -1.086457e-02 -4.616647e+01 3.804142e-04 9.999948e-01 3.203635e-03 2.278407e+00 1.086341e-02 -3.207579e-03 9.999358e-01 -1.156477e+01
9.999985e-01 8.344267e-04 1.491262e-03 -4.595679e+01 -8.310999e-04 9.999972e-01 -2.230002e-03 2.272147e+00 -1.493118e-03 2.228760e-03 9.999964e-01 -1.163935e+01
9.999338e-01 -2.653742e-04 -1.149930e-02 -4.576422e+01 3.023118e-04 9.999948e-01 3.210559e-03 2.261684e+00 1.149839e-02 -3.213823e-03 9.999287e-01 -1.156298e+01
9.999959e-01 1.056151e-03 2.649286e-03 -4.565347e+01 -1.050960e-03 9.999975e-01 -1.960033e-03 2.230638e+00 -2.651349e-03 1.957242e-03 9.999946e-01 -1.053521e+01
9.998937e-01 2.249181e-04 -1.457644e-02 -4.531530e+01 -1.829232e-04 9.999958e-01 2.882289e-03 2.173190e+00 1.457703e-02 -2.879317e-03 9.998896e-01 -9.077127e+00
9.999988e-01 8.263773e-04 1.318821e-03 -4.484899e+01 -8.230825e-04 9.999965e-01 -2.496683e-03 2.114470e+00 -1.320880e-03 2.495595e-03 9.999960e-01 -7.604368e+00
9.999366e-01 5.791528e-04 -1.124223e-02 -4.465008e+01 -5.475460e-04 9.999959e-01 2.814328e-03 2.064637e+00 1.124381e-02 -2.807995e-03 9.999328e-01 -5.954411e+00
9.999962e-01 3.619237e-04 2.719536e-03 -4.464587e+01 -3.567249e-04 9.999981e-01 -1.911826e-03 2.048521e+00 -2.720222e-03 1.910849e-03 9.999945e-01 -5.270301e+00
9.999673e-01 -5.217176e-05 -8.085640e-03 -4.487973e+01 7.459891e-05 9.999962e-01 2.773450e-03 2.057605e+00 8.085464e-03 -2.773963e-03 9.999635e-01 -4.970969e+00
9.999606e-01 3.385206e-04 8.868432e-03 -4.579648e+01 -3.076110e-04 9.999939e-01 -3.486455e-03 2.107149e+00 -8.869558e-03 3.483591e-03 9.999546e-01 -4.682141e+00
9.999675e-01 2.047480e-05 -8.056787e-03 -4.660673e+01 1.819262e-06 9.999962e-01 2.767124e-03 2.153019e+00 8.056813e-03 -2.767049e-03 9.999637e-01 -4.503478e+00
9.999986e-01 3.501842e-04 1.657376e-03 -4.679657e+01 -3.471570e-04 9.999983e-01 -1.826278e-03 2.158579e+00 -1.658012e-03 1.825700e-03 9.999970e-01 -4.371392e+00
9.999915e-01 -2.251994e-04 -4.119722e-03 -4.728756e+01 2.341893e-04 9.999976e-01 2.181850e-03 2.184604e+00 4.119221e-03 -2.182797e-03 9.999891e-01 -4.176297e+00
9.999963e-01 5.747136e-04 -2.648287e-03 -4.740313e+01 -5.781160e-04 9.999990e-01 -1.284242e-03 2.188999e+00 2.647547e-03 1.285769e-03 9.999957e-01 -4.058585e+00
9.999890e-01 -3.461379e-04 -4.670570e-03 -4.728510e+01 3.557132e-04 9.999978e-01 2.049514e-03 2.191246e+00 4.669850e-03 -2.051154e-03 9.999870e-01 -4.444381e+00
9.999997e-01 6.112232e-04 -4.529769e-04 -4.760400e+01 -6.118371e-04 9.999989e-01 -1.356835e-03 2.203386e+00 4.521473e-04 1.357113e-03 9.999990e-01 -4.386617e+00
9.999993e-01 -3.588064e-04 -1.097136e-03 -4.825044e+01 3.604311e-04 9.999988e-01 1.481254e-03 2.238577e+00 1.096603e-03 -1.481650e-03 9.999983e-01 -4.061630e+00
9.999993e-01 5.533538e-04 1.048283e-03 -4.898135e+01 -5.515466e-04 9.999984e-01 -1.723262e-03 2.277509e+00 -1.049235e-03 1.722683e-03 9.999980e-01 -3.935989e+00
9.999969e-01 -4.152136e-04 -2.444710e-03 -4.960181e+01 4.196718e-04 9.999982e-01 1.823459e-03 2.305632e+00 2.443949e-03 -1.824481e-03 9.999953e-01 -3.834086e+00
9.999995e-01 5.468087e-04 7.930951e-04 -5.013951e+01 -5.455827e-04 9.999987e-01 -1.544891e-03 2.330560e+00 -7.939386e-04 1.544458e-03 9.999985e-01 -3.598759e+00
9.999982e-01 -3.974394e-04 -1.866935e-03 -5.074579e+01 4.004565e-04 9.999986e-01 1.616139e-03 2.360851e+00 1.866290e-03 -1.616884e-03 9.999970e-01 -3.362336e+00
9.999997e-01 5.638365e-04 -5.334327e-04 -5.124904e+01 -5.645469e-04 9.999990e-01 -1.332894e-03 2.386079e+00 5.326809e-04 1.333196e-03 9.999990e-01 -3.196521e+00
9.999985e-01 -2.839122e-04 -1.689018e-03 -5.176263e+01 2.867161e-04 9.999986e-01 1.660198e-03 2.413468e+00 1.688544e-03 -1.660681e-03 9.999972e-01 -2.832903e+00
9.999972e-01 4.939208e-04 -2.332455e-03 -5.207807e+01 -4.960754e-04 9.999995e-01 -9.233310e-04 2.426432e+00 2.331998e-03 9.244862e-04 9.999969e-01 -2.556547e+00
9.999971e-01 -2.196173e-04 -2.379689e-03 -5.234783e+01 2.238039e-04 9.999984e-01 1.759252e-03 2.438028e+00 2.379299e-03 -1.759780e-03 9.999956e-01 -2.328820e+00
9.999995e-01 4.160686e-04 -8.709374e-04 -5.280304e+01 -4.171979e-04 9.999991e-01 -1.297083e-03 2.460593e+00 8.703972e-04 1.297446e-03 9.999988e-01 -2.147795e+00
9.999990e-01 -3.140077e-04 -1.396665e-03 -5.331822e+01 3.161661e-04 9.999988e-01 1.545624e-03 2.485549e+00 1.396178e-03 -1.546064e-03 9.999978e-01 -2.162297e+00
9.999970e-01 4.857458e-04 -2.416320e-03 -5.366055e+01 -4.883521e-04 9.999993e-01 -1.078230e-03 2.502347e+00 2.415795e-03 1.079408e-03 9.999965e-01 -2.236672e+00
9.999980e-01 -3.031480e-04 -1.954781e-03 -5.400576e+01 3.066450e-04 9.999984e-01 1.789014e-03 2.517478e+00 1.954236e-03 -1.789610e-03 9.999965e-01 -2.018061e+00
9.999995e-01 5.446736e-04 8.770490e-04 -5.471028e+01 -5.430805e-04 9.999982e-01 -1.815317e-03 2.552337e+00 -8.780359e-04 1.814840e-03 9.999980e-01 -1.755564e+00
9.999982e-01 -2.463307e-04 -1.869820e-03 -5.537428e+01 2.494079e-04 9.999986e-01 1.645813e-03 2.583963e+00 1.869412e-03 -1.646277e-03 9.999969e-01 -1.446618e+00
9.999999e-01 4.840940e-04 -2.537369e-04 -5.597469e+01 -4.845200e-04 9.999985e-01 -1.682578e-03 2.613105e+00 2.529223e-04 1.682702e-03 9.999986e-01 -1.357244e+00
9.999972e-01 -2.737678e-04 -2.367167e-03 -5.641871e+01 2.778350e-04 9.999985e-01 1.718072e-03 2.636722e+00 2.366693e-03 -1.718726e-03 9.999957e-01 -1.457911e+00
9.999971e-01 4.898789e-04 -2.361647e-03 -5.666771e+01 -4.927379e-04 9.999991e-01 -1.210230e-03 2.650075e+00 2.361053e-03 1.211391e-03 9.999965e-01 -1.614561e+00
9.999996e-01 -3.020407e-04 -8.045181e-04 -5.710624e+01 3.032878e-04 9.999988e-01 1.550733e-03 2.671224e+00 8.040485e-04 -1.550977e-03 9.999985e-01 -1.586202e+00
9.999980e-01 4.826951e-04 -1.951919e-03 -5.761865e+01 -4.851566e-04 9.999991e-01 -1.260881e-03 2.694922e+00 1.951308e-03 1.261826e-03 9.999973e-01 -1.543359e+00
9.999993e-01 -3.278369e-04 1.127822e-03 -5.827732e+01 3.265117e-04 9.999993e-01 1.174797e-03 2.728651e+00 -1.128207e-03 -1.174428e-03 9.999987e-01 -1.528638e+00
9.999981e-01 4.949222e-04 -1.866895e-03 -5.872580e+01 -4.973870e-04 9.999990e-01 -1.320176e-03 2.762073e+00 1.866240e-03 1.321103e-03 9.999974e-01 -1.780271e+00
9.999999e-01 -4.179364e-04 2.852897e-04 -5.928040e+01 4.175826e-04 9.999991e-01 1.238080e-03 2.790121e+00 -2.858071e-04 -1.237961e-03 9.999992e-01 -1.950241e+00
9.999972e-01 5.158868e-04 -2.307640e-03 -5.974851e+01 -5.187841e-04 9.999991e-01 -1.255201e-03 2.813662e+00 2.306991e-03 1.256395e-03 9.999965e-01 -2.257446e+00
9.999973e-01 -2.915237e-04 -2.302997e-03 -6.011809e+01 2.958712e-04 9.999982e-01 1.887724e-03 2.828527e+00 2.302443e-03 -1.888401e-03 9.999956e-01 -2.166059e+00
9.999996e-01 4.998540e-04 -7.801285e-04 -6.057005e+01 -5.010617e-04 9.999987e-01 -1.548930e-03 2.851803e+00 7.793535e-04 1.549321e-03 9.999985e-01 -2.090080e+00
9.999948e-01 -3.725912e-04 -3.204178e-03 -6.092096e+01 3.794227e-04 9.999977e-01 2.131815e-03 2.867575e+00 3.203376e-03 -2.133020e-03 9.999926e-01 -2.083250e+00
9.999998e-01 4.614937e-04 3.096398e-04 -6.134752e+01 -4.609347e-04 9.999983e-01 -1.802222e-03 2.887756e+00 -3.104707e-04 1.802079e-03 9.999983e-01 -2.190095e+00
9.999883e-01 -3.889836e-04 -4.826051e-03 -6.145942e+01 3.993482e-04 9.999976e-01 2.146924e-03 2.901375e+00 4.825204e-03 -2.148826e-03 9.999860e-01 -2.725442e+00
9.999984e-01 3.907766e-04 -1.726807e-03 -6.125793e+01 -3.936376e-04 9.999985e-01 -1.656950e-03 2.906574e+00 1.726158e-03 1.657627e-03 9.999971e-01 -3.375227e+00
9.999939e-01 -2.380031e-04 -3.488744e-03 -6.130531e+01 2.450727e-04 9.999979e-01 2.026177e-03 2.915033e+00 3.488254e-03 -2.027020e-03 9.999919e-01 -3.878746e+00
9.999994e-01 2.760176e-04 -1.028647e-03 -6.139216e+01 -2.776918e-04 9.999986e-01 -1.628051e-03 2.925121e+00 1.028196e-03 1.628336e-03 9.999981e-01 -4.418352e+00
9.999863e-01 -2.099818e-04 -5.221783e-03 -6.124878e+01 2.215810e-04 9.999975e-01 2.220890e-03 2.929487e+00 5.221304e-03 -2.222018e-03 9.999839e-01 -4.985979e+00
9.999999e-01 3.133235e-04 -2.088911e-04 -6.124739e+01 -3.136396e-04 9.999988e-01 -1.516113e-03 2.935446e+00 2.084161e-04 1.516179e-03 9.999988e-01 -5.409162e+00
9.999974e-01 -3.942560e-04 -2.249093e-03 -6.151107e+01 3.979777e-04 9.999986e-01 1.654637e-03 2.952877e+00 2.248437e-03 -1.655529e-03 9.999961e-01 -5.959090e+00
9.999966e-01 5.317376e-04 -2.565537e-03 -6.165663e+01 -5.349932e-04 9.999991e-01 -1.268562e-03 2.964027e+00 2.564860e-03 1.269931e-03 9.999959e-01 -6.279250e+00
9.999990e-01 -4.142611e-04 -1.386458e-03 -6.198237e+01 4.166987e-04 9.999984e-01 1.758485e-03 2.978300e+00 1.385727e-03 -1.759062e-03 9.999975e-01 -6.337544e+00
9.999933e-01 4.825819e-04 -3.628407e-03 -6.204532e+01 -4.874249e-04 9.999990e-01 -1.334047e-03 2.988230e+00 3.627759e-03 1.335807e-03 9.999925e-01 -6.846081e+00
9.999949e-01 -4.263007e-04 -3.177342e-03 -6.183202e+01 4.323043e-04 9.999981e-01 1.889127e-03 2.990244e+00 3.176530e-03 -1.890492e-03 9.999932e-01 -7.427302e+00
9.999983e-01 3.090212e-04 -1.814750e-03 -6.170682e+01 -3.116473e-04 9.999989e-01 -1.447138e-03 2.996612e+00 1.814301e-03 1.447702e-03 9.999973e-01 -8.151593e+00
9.999972e-01 -4.496010e-04 -2.318035e-03 -6.163285e+01 4.538443e-04 9.999982e-01 1.830463e-03 3.005249e+00 2.317208e-03 -1.831511e-03 9.999956e-01 -8.957422e+00
9.999920e-01 5.372668e-04 -3.971563e-03 -6.147491e+01 -5.421895e-04 9.999991e-01 -1.238575e-03 3.008457e+00 3.970894e-03 1.240719e-03 9.999913e-01 -9.492061e+00
9.999938e-01 -2.180534e-04 -3.508450e-03 -6.132072e+01 2.251801e-04 9.999979e-01 2.031096e-03 3.005110e+00 3.508000e-03 -2.031874e-03 9.999918e-01 -9.699856e+00
9.999985e-01 1.441156e-04 -1.700580e-03 -6.120182e+01 -1.465013e-04 9.999990e-01 -1.403016e-03 3.010228e+00 1.700376e-03 1.403264e-03 9.999976e-01 -1.039422e+01
9.999939e-01 -2.145676e-04 -3.487933e-03 -6.105069e+01 2.213522e-04 9.999981e-01 1.944983e-03 3.017075e+00 3.487508e-03 -1.945744e-03 9.999920e-01 -1.115745e+01
9.999949e-01 4.123833e-04 -3.164432e-03 -6.099677e+01 -4.162487e-04 9.999992e-01 -1.221037e-03 3.019939e+00 3.163926e-03 1.222349e-03 9.999942e-01 -1.148407e+01
9.999973e-01 -3.716485e-04 -2.302338e-03 -6.100126e+01 3.759009e-04 9.999982e-01 1.846944e-03 3.022542e+00 2.301647e-03 -1.847805e-03 9.999956e-01 -1.195749e+01
9.999969e-01 3.488578e-04 -2.472681e-03 -6.096770e+01 -3.519240e-04 9.999992e-01 -1.239810e-03 3.029364e+00 2.472246e-03 1.240677e-03 9.999962e-01 -1.267004e+01
9.999921e-01 -1.382557e-04 -3.979950e-03 -6.101049e+01 1.455041e-04 9.999983e-01 1.821059e-03 3.035416e+00 3.979691e-03 -1.821624e-03 9.999904e-01 -1.295567e+01
9.999998e-01 3.973100e-04 -5.665053e-04 -6.126535e+01 -3.982398e-04 9.999986e-01 -1.642534e-03 3.047943e+00 5.658521e-04 1.642760e-03 9.999985e-01 -1.326766e+01
9.999940e-01 -3.262007e-04 -3.450818e-03 -6.142980e+01 3.325095e-04 9.999983e-01 1.827884e-03 3.061145e+00 3.450216e-03 -1.829022e-03 9.999924e-01 -1.377097e+01
9.999976e-01 3.422696e-04 -2.178825e-03 -6.132429e+01 -3.450036e-04 9.999992e-01 -1.254699e-03 3.065551e+00 2.178394e-03 1.255449e-03 9.999968e-01 -1.444598e+01
9.999847e-01 -4.045441e-04 -5.512344e-03 -6.091648e+01 4.139228e-04 9.999985e-01 1.700418e-03 3.068053e+00 5.511647e-03 -1.702675e-03 9.999834e-01 -1.512526e+01
9.999998e-01 3.399032e-04 -6.082229e-04 -6.067898e+01 -3.406693e-04 9.999991e-01 -1.260377e-03 3.074910e+00 6.077942e-04 1.260585e-03 9.999990e-01 -1.590193e+01
9.999715e-01 -5.590972e-05 -7.555880e-03 -6.046234e+01 7.125082e-05 9.999979e-01 2.030137e-03 3.073912e+00 7.555751e-03 -2.030618e-03 9.999694e-01 -1.623647e+01
9.999999e-01 3.941153e-04 -1.123070e-04 -6.045421e+01 -3.942346e-04 9.999994e-01 -1.067140e-03 3.069294e+00 1.118866e-04 1.067185e-03 9.999994e-01 -1.608634e+01
9.999816e-01 -7.773086e-05 -6.063387e-03 -6.059380e+01 8.885572e-05 9.999983e-01 1.834561e-03 3.068932e+00 6.063234e-03 -1.835066e-03 9.999799e-01 -1.581946e+01
9.999988e-01 3.560800e-04 -1.516838e-03 -6.054535e+01 -3.575884e-04 9.999994e-01 -9.944921e-04 3.065797e+00 1.516483e-03 9.950340e-04 9.999984e-01 -1.598618e+01
9.999842e-01 -1.900818e-04 -5.616736e-03 -6.043502e+01 1.995365e-04 9.999986e-01 1.682850e-03 3.068102e+00 5.616408e-03 -1.683945e-03 9.999828e-01 -1.638500e+01
9.999986e-01 4.242980e-04 -1.587940e-03 -6.037953e+01 -4.257291e-04 9.999995e-01 -9.011929e-04 3.069150e+00 1.587557e-03 9.018684e-04 9.999983e-01 -1.653743e+01
9.999838e-01 -2.019289e-04 -5.690889e-03 -6.032979e+01 2.127331e-04 9.999982e-01 1.898025e-03 3.065806e+00 5.690495e-03 -1.899205e-03 9.999820e-01 -1.648919e+01
9.999939e-01 4.499562e-04 -3.466274e-03 -5.997795e+01 -4.536726e-04 9.999993e-01 -1.071547e-03 3.058280e+00 3.465790e-03 1.073113e-03 9.999934e-01 -1.673791e+01
9.999841e-01 -2.011713e-04 -5.643782e-03 -5.972386e+01 2.125578e-04 9.999979e-01 2.017043e-03 3.049474e+00 5.643364e-03 -2.018211e-03 9.999820e-01 -1.675205e+01
9.999999e-01 3.604351e-04 -1.878763e-04 -5.978655e+01 -3.606621e-04 9.999992e-01 -1.211392e-03 3.054200e+00 1.874398e-04 1.211461e-03 9.999992e-01 -1.690674e+01
9.999649e-01 3.930237e-05 -8.376826e-03 -5.964638e+01 -2.057373e-05 9.999975e-01 2.235880e-03 3.047745e+00 8.376892e-03 -2.235630e-03 9.999624e-01 -1.684433e+01
9.999998e-01 2.682920e-04 5.185838e-04 -5.959873e+01 -2.676817e-04 9.999993e-01 -1.175926e-03 3.042669e+00 -5.188987e-04 1.175788e-03 9.999992e-01 -1.679523e+01
9.999692e-01 -9.068135e-05 -7.850950e-03 -5.954205e+01 1.079790e-04 9.999976e-01 2.202900e-03 3.038873e+00 7.850731e-03 -2.203680e-03 9.999668e-01 -1.676934e+01
9.999932e-01 3.700960e-04 3.673762e-03 -5.990620e+01 -3.637640e-04 9.999984e-01 -1.724005e-03 3.057825e+00 -3.674395e-03 1.722657e-03 9.999918e-01 -1.660442e+01
9.999860e-01 -4.940918e-05 -5.299206e-03 -6.041648e+01 5.819666e-05 9.999986e-01 1.658182e-03 3.086735e+00 5.299116e-03 -1.658468e-03 9.999846e-01 -1.664490e+01
9.999997e-01 -6.047664e-07 8.056443e-04 -6.039550e+01 1.601531e-06 9.999992e-01 -1.236827e-03 3.098594e+00 -8.056427e-04 1.236828e-03 9.999989e-01 -1.733216e+01
9.999909e-01 -2.541459e-04 -4.270031e-03 -6.029257e+01 2.603176e-04 9.999989e-01 1.444948e-03 3.109132e+00 4.269659e-03 -1.446047e-03 9.999898e-01 -1.829808e+01
9.999968e-01 -2.436095e-04 2.524411e-03 -6.029303e+01 2.467224e-04 9.999992e-01 -1.232721e-03 3.123577e+00 -2.524109e-03 1.233340e-03 9.999961e-01 -1.942021e+01
9.999914e-01 -1.734295e-04 -4.135892e-03 -6.025924e+01 1.790949e-04 9.999990e-01 1.369560e-03 3.138813e+00 4.135650e-03 -1.370290e-03 9.999905e-01 -2.062441e+01
9.999912e-01 4.070132e-04 -4.179811e-03 -5.983466e+01 -4.107149e-04 9.999995e-01 -8.848700e-04 3.137081e+00 4.179449e-03 8.865796e-04 9.999909e-01 -2.130205e+01
9.999795e-01 -3.388850e-04 -6.399206e-03 -5.929151e+01 3.478920e-04 9.999990e-01 1.406503e-03 3.128647e+00 6.398722e-03 -1.408701e-03 9.999785e-01 -2.168004e+01
9.999993e-01 4.233991e-04 1.074945e-03 -5.931687e+01 -4.224178e-04 9.999995e-01 -9.126215e-04 3.135872e+00 -1.075330e-03 9.121675e-04 9.999990e-01 -2.215299e+01
9.999837e-01 -2.707059e-04 -5.701684e-03 -5.955041e+01 2.782997e-04 9.999991e-01 1.331155e-03 3.146929e+00 5.701318e-03 -1.332721e-03 9.999829e-01 -2.241743e+01
9.999992e-01 4.337611e-04 1.218892e-03 -5.978397e+01 -4.325865e-04 9.999994e-01 -9.634696e-04 3.158483e+00 -1.219309e-03 9.629422e-04 9.999988e-01 -2.268332e+01
9.999701e-01 -2.818242e-04 -7.729358e-03 -5.974069e+01 2.943484e-04 9.999986e-01 1.619301e-03 3.159153e+00 7.728891e-03 -1.621528e-03 9.999688e-01 -2.309169e+01
9.999925e-01 6.201066e-04 -3.834371e-03 -5.914933e+01 -6.226583e-04 9.999996e-01 -6.643993e-04 3.147433e+00 3.833958e-03 6.667824e-04 9.999924e-01 -2.338326e+01
9.999639e-01 -1.968673e-04 -8.499205e-03 -5.853081e+01 2.051700e-04 9.999995e-01 9.760640e-04 3.140433e+00 8.499008e-03 -9.777732e-04 9.999634e-01 -2.361394e+01
9.999888e-01 4.252108e-04 4.710200e-03 -5.897970e+01 -4.215651e-04 9.999996e-01 -7.748936e-04 3.159662e+00 -4.710527e-03 7.728999e-04 9.999886e-01 -2.366469e+01
9.999674e-01 -1.246349e-04 -8.079439e-03 -5.944271e+01 1.321855e-04 9.999996e-01 9.340705e-04 3.181426e+00 8.079319e-03 -9.351086e-04 9.999669e-01 -2.365125e+01
9.999984e-01 3.020967e-04 1.736384e-03 -5.929373e+01 -3.016032e-04 9.999999e-01 -2.842397e-04 3.183821e+00 -1.736470e-03 2.837162e-04 9.999985e-01 -2.425125e+01
9.999618e-01 -1.619865e-04 -8.743028e-03 -5.916690e+01 1.699769e-04 9.999996e-01 9.132294e-04 3.177619e+00 8.742877e-03 -9.146812e-04 9.999614e-01 -2.431420e+01
9.999991e-01 1.006488e-03 -9.208118e-04 -5.903986e+01 -1.006362e-03 9.999995e-01 1.372968e-04 3.157130e+00 9.209497e-04 -1.363694e-04 9.999996e-01 -2.380118e+01
9.999526e-01 -6.125766e-04 -9.720059e-03 -5.865913e+01 6.187197e-04 9.999996e-01 6.290505e-04 3.144393e+00 9.719670e-03 -6.350353e-04 9.999526e-01 -2.387351e+01
9.999994e-01 8.611134e-04 -6.821462e-04 -5.825138e+01 -8.610250e-04 9.999996e-01 1.293315e-04 3.136173e+00 6.822575e-04 -1.287435e-04 9.999998e-01 -2.405104e+01
9.999960e-01 -1.230445e-03 -2.558945e-03 -5.810451e+01 1.230671e-03 9.999992e-01 8.690851e-05 3.146896e+00 2.558836e-03 -9.005800e-05 9.999967e-01 -2.509596e+01
9.999869e-01 1.497722e-03 -4.896348e-03 -5.760544e+01 -1.497357e-03 9.999989e-01 7.819890e-05 3.133846e+00 4.896460e-03 -7.086567e-05 9.999880e-01 -2.562173e+01
9.999858e-01 -8.253497e-04 -5.268748e-03 -5.710324e+01 8.274349e-04 9.999996e-01 3.936729e-04 3.100629e+00 5.268421e-03 -3.980275e-04 9.999860e-01 -2.531060e+01
9.999984e-01 8.088259e-04 -1.604114e-03 -5.681074e+01 -8.086065e-04 9.999997e-01 1.372328e-04 3.102930e+00 1.604224e-03 -1.359349e-04 9.999987e-01 -2.598192e+01
9.999976e-01 -6.394295e-04 -2.116792e-03 -5.712498e+01 6.393665e-04 9.999998e-01 -3.025772e-05 3.118623e+00 2.116811e-03 2.890361e-05 9.999978e-01 -2.635713e+01
9.999930e-01 8.513212e-04 3.633587e-03 -5.806381e+01 -8.474833e-04 9.999991e-01 -1.057550e-03 3.165730e+00 -3.634484e-03 1.054464e-03 9.999928e-01 -2.643354e+01
9.999569e-01 -3.865568e-04 -9.279386e-03 -5.831829e+01 3.997018e-04 9.999989e-01 1.414803e-03 3.179634e+00 9.278829e-03 -1.418452e-03 9.999559e-01 -2.644733e+01
9.999470e-01 5.771406e-04 1.027937e-02 -5.930371e+01 -5.517561e-04 9.999968e-01 -2.472090e-03 3.228896e+00 -1.028077e-02 2.466288e-03 9.999441e-01 -2.639005e+01
1.000000e+00 -2.598079e-04 1.113677e-04 -6.118313e+01 2.599337e-04 9.999993e-01 -1.134014e-03 3.323043e+00 -1.110732e-04 1.134042e-03 9.999994e-01 -2.677164e+01
9.999963e-01 6.305599e-04 2.627655e-03 -6.233027e+01 -6.288504e-04 9.999996e-01 -6.511964e-04 3.378360e+00 -2.628064e-03 6.495422e-04 9.999963e-01 -2.695918e+01
