1.000000e+00 1.197625e-11 1.704638e-10 5.551115e-17 1.197625e-11 1.000000e+00 3.562503e-10 0.000000e+00 1.704638e-10 3.562503e-10 1.000000e+00 2.220446e-16 0.000000e+00 0.000000e+00 0.000000e+00 1.000000e+00
9.995155e-01 -4.120044e-03 3.085001e-02 1.779094e-01 -1.340703e-06 9.911939e-01 1.324182e-01 -9.611714e-03 -3.112391e-02 -1.323541e-01 9.907137e-01 5.569140e-01
9.450926e-01 -6.430482e-02 3.204135e-01 4.084961e-01 7.171456e-02 9.973604e-01 -1.136600e-02 -2.269953e-02 -3.188369e-01 3.372024e-02 9.472096e-01 1.192975e+00
9.919315e-01 8.354404e-02 -9.535388e-02 7.033892e-01 -6.944358e-02 9.873336e-01 1.426536e-01 -3.782828e-02 1.060639e-01 -1.348808e-01 9.851688e-01 1.789599e+00
9.886919e-01 -9.363702e-02 1.171342e-01 7.894050e-01 8.933522e-02 9.951382e-01 4.146326e-02 -4.056560e-02 -1.204472e-01 -3.053018e-02 9.922502e-01 2.582752e+00
9.755475e-01 1.292142e-01 -1.777943e-01 7.995192e-01 -1.045290e-01 9.843542e-01 1.418466e-01 -3.722554e-02 1.933411e-01 -1.197934e-01 9.737909e-01 3.423931e+00
9.381474e-01 -1.345298e-01 3.190317e-01 1.165475e+00 1.306215e-01 9.908587e-01 3.372009e-02 -5.475361e-02 -3.206517e-01 1.003799e-02 9.471440e-01 4.000997e+00
9.513257e-01 2.005697e-01 -2.339897e-01 1.540434e+00 -1.641124e-01 9.723344e-01 1.662314e-01 -7.249047e-02 2.608572e-01 -1.197396e-01 9.579227e-01 4.647689e+00
9.866961e-01 -9.847468e-02 -1.293579e-01 1.671735e+00 1.010917e-01 9.947813e-01 1.380653e-02 -7.611482e-02 1.273232e-01 -2.669985e-02 9.915019e-01 5.315108e+00
9.655244e-01 1.840976e-01 -1.840398e-01 1.896492e+00 -1.536470e-01 9.737439e-01 1.679745e-01 -8.514562e-02 2.101313e-01 -1.339064e-01 9.684596e-01 5.850235e+00
9.896851e-01 -1.410026e-01 2.533171e-02 2.065078e+00 1.413722e-01 9.898653e-01 -1.343617e-02 -9.340197e-02 -2.318045e-02 1.687878e-02 9.995888e-01 6.400153e+00
8.797465e-01 2.523750e-01 -4.029304e-01 2.069612e+00 -1.670948e-01 9.575432e-01 2.349262e-01 -9.175266e-02 4.451128e-01 -1.393480e-01 8.845659e-01 6.952787e+00
7.672619e-01 -2.552418e-01 5.883543e-01 2.248341e+00 2.856419e-01 9.573787e-01 4.283285e-02 -1.021329e-01 -5.742106e-01 1.351946e-01 8.074680e-01 7.647007e+00
9.554005e-01 2.716256e-01 -1.158855e-01 2.554809e+00 -2.589975e-01 9.592339e-01 1.130958e-01 -1.191119e-01 1.418810e-01 -7.803771e-02 9.868029e-01 8.307133e+00
8.364181e-01 -3.379827e-01 4.314771e-01 2.787343e+00 3.022754e-01 9.411442e-01 1.512522e-01 -1.321381e-01 -4.572028e-01 3.914826e-03 8.893539e-01 9.014633e+00
9.322531e-01 3.240587e-01 -1.609042e-01 3.122658e+00 -3.222414e-01 9.458944e-01 3.800273e-02 -1.486682e-01 1.645135e-01 1.642184e-02 9.862381e-01 9.668867e+00
9.232237e-01 -3.479625e-01 1.630340e-01 3.361624e+00 3.147674e-01 9.281724e-01 1.985384e-01 -1.604041e-01 -2.204076e-01 -1.319775e-01 9.664380e-01 1.041607e+01
9.530511e-01 3.019655e-01 -2.259164e-02 3.437472e+00 -3.027718e-01 9.514524e-01 -5.538516e-02 -1.655867e-01 4.770465e-03 5.962500e-02 9.982094e-01 1.112923e+01
8.414449e-01 -3.943587e-01 3.693937e-01 3.556788e+00 3.021630e-01 9.101626e-01 2.833752e-01 -1.750339e-01 -4.479598e-01 -1.268275e-01 8.850123e-01 1.180571e+01
9.527604e-01 3.018570e-01 -3.361642e-02 3.957238e+00 -3.032342e-01 9.391048e-01 -1.616516e-01 -1.949250e-01 -1.722631e-02 1.642089e-01 9.862752e-01 1.244547e+01
9.334070e-01 -3.118109e-01 1.775538e-01 4.414726e+00 2.322328e-01 9.021810e-01 3.635072e-01 -2.164283e-01 -2.735312e-01 -2.980663e-01 9.145147e-01 1.305686e+01
9.700683e-01 1.872270e-01 1.546403e-01 4.667175e+00 -1.386208e-01 9.498219e-01 -2.803974e-01 -2.315333e-01 -1.993787e-01 2.505683e-01 9.473456e-01 1.374466e+01
9.667937e-01 -2.040771e-01 1.538263e-01 4.784687e+00 1.286235e-01 9.086967e-01 3.971478e-01 -2.404303e-01 -2.208303e-01 -3.641742e-01 9.047713e-01 1.439314e+01
9.910671e-01 1.150642e-01 -6.742516e-02 4.859598e+00 -1.292863e-01 9.529945e-01 -2.740193e-01 -2.461399e-01 3.272599e-02 2.802887e-01 9.593577e-01 1.500864e+01
7.859178e-01 -2.506322e-01 5.652581e-01 4.889848e+00 5.997104e-02 9.407544e-01 3.337433e-01 -2.552150e-01 -6.154159e-01 -2.283956e-01 7.543863e-01 1.542421e+01
9.973921e-01 -7.208520e-02 3.579600e-03 5.310601e+00 6.933705e-02 9.432391e-01 -3.247958e-01 -2.834148e-01 2.003655e-02 3.241969e-01 9.457774e-01 1.544143e+01
8.907862e-01 -3.982333e-03 4.544051e-01 5.841806e+00 -1.267472e-01 9.581003e-01 2.568636e-01 -3.156802e-01 -4.363886e-01 -2.864051e-01 8.529578e-01 1.529324e+01
9.769048e-01 -2.129851e-01 -1.715774e-02 6.408788e+00 1.996907e-01 9.385934e-01 -2.813646e-01 -3.490450e-01 7.603060e-02 2.714402e-01 9.594475e-01 1.504389e+01
8.030014e-01 1.113990e-01 5.854734e-01 6.809207e+00 -2.200461e-01 9.683813e-01 1.175470e-01 -3.796564e-01 -5.538669e-01 -2.232215e-01 8.021245e-01 1.494566e+01
9.454138e-01 -3.257823e-01 -7.657179e-03 7.004224e+00 3.244259e-01 9.431692e-01 -7.197039e-02 -3.971287e-01 3.066869e-02 6.555761e-02 9.973774e-01 1.529729e+01
8.076800e-01 2.355466e-01 5.405283e-01 7.345019e+00 -2.132207e-01 9.713783e-01 -1.046952e-01 -4.225716e-01 -5.497180e-01 -3.069158e-02 8.347863e-01 1.535879e+01
8.721773e-01 -2.531847e-01 -4.185740e-01 7.448113e+00 2.856240e-01 9.582156e-01 1.555098e-02 -4.365086e-01 3.971469e-01 -1.331180e-01 9.080495e-01 1.531867e+01
7.826155e-01 2.550223e-01 5.678702e-01 7.766212e+00 -1.975345e-01 9.668253e-01 -1.619533e-01 -4.568748e-01 -5.903330e-01 1.457317e-02 8.070282e-01 1.529998e+01
9.595753e-01 -2.595291e-01 -1.089030e-01 8.285728e+00 2.745228e-01 9.483776e-01 1.587994e-01 -4.861541e-01 6.206812e-02 -1.822763e-01 9.812863e-01 1.529313e+01
6.966561e-01 1.974308e-01 6.897038e-01 8.811357e+00 1.393717e-02 9.574806e-01 -2.881607e-01 -5.150781e-01 -7.172699e-01 2.103614e-01 6.642831e-01 1.539550e+01
9.883415e-01 -6.929787e-02 -1.355689e-01 9.178261e+00 1.100060e-01 9.406091e-01 3.211747e-01 -5.379128e-01 1.052607e-01 -3.323436e-01 9.372662e-01 1.561219e+01
9.893249e-01 1.365508e-01 -5.089369e-02 9.363543e+00 -1.449331e-01 9.583803e-01 -2.459708e-01 -5.511658e-01 1.518800e-02 2.507212e-01 9.679402e-01 1.572316e+01
8.940810e-01 -8.031093e-02 -4.406464e-01 9.448810e+00 1.996293e-01 9.521274e-01 2.315202e-01 -5.601263e-01 4.009579e-01 -2.949637e-01 8.673114e-01 1.564307e+01
9.616995e-01 2.677635e-01 -5.862451e-02 9.833400e+00 -2.725434e-01 9.568958e-01 -1.003520e-01 -5.766737e-01 2.922694e-02 1.124862e-01 9.932234e-01 1.569089e+01
8.313379e-01 -1.374775e-01 -5.384953e-01 1.019543e+01 2.167225e-01 9.724091e-01 8.632431e-02 -5.918164e-01 5.117701e-01 -1.884687e-01 8.381950e-01 1.579729e+01
9.331218e-01 3.246366e-01 -1.545794e-01 1.057958e+01 -3.046920e-01 9.421888e-01 1.394383e-01 -6.055796e-01 1.909097e-01 -8.301383e-02 9.780911e-01 1.594154e+01
8.441781e-01 -1.415914e-01 -5.170253e-01 1.101203e+01 1.141433e-01 9.898463e-01 -8.470852e-02 -6.212782e-01 5.237696e-01 1.249409e-02 8.517683e-01 1.616054e+01
9.828910e-01 1.839631e-01 9.098272e-03 1.136005e+01 -1.810001e-01 9.555497e-01 2.327310e-01 -6.359334e-01 3.412006e-02 -2.303960e-01 9.724986e-01 1.628306e+01
8.000262e-01 -3.159303e-02 -5.991327e-01 1.168811e+01 -6.673746e-02 9.877292e-01 -1.411992e-01 -6.493010e-01 5.962418e-01 1.529477e-01 7.881007e-01 1.638202e+01
9.999298e-01 -2.224048e-04 -1.184622e-02 1.191507e+01 3.410544e-03 9.629094e-01 2.698033e-01 -6.610615e-01 1.134683e-02 -2.698247e-01 9.628426e-01 1.639489e+01
9.730027e-01 5.817578e-02 -2.233412e-01 1.230570e+01 -1.025513e-01 9.759103e-01 -1.925678e-01 -6.822545e-01 2.067582e-01 2.102729e-01 9.555294e-01 1.634737e+01
9.872859e-01 -2.482120e-02 -1.570044e-01 1.263001e+01 7.102197e-02 9.525389e-01 2.960161e-01 -6.973721e-01 1.422054e-01 -3.034033e-01 9.421911e-01 1.649289e+01
7.775428e-01 -4.352419e-02 6.273220e-01 1.273652e+01 2.601397e-01 9.304987e-01 -2.578749e-01 -7.085306e-01 -5.724985e-01 3.637001e-01 7.348249e-01 1.660711e+01
9.279417e-01 1.444535e-01 -3.435949e-01 1.262094e+01 -2.552233e-02 9.443066e-01 3.280758e-01 -7.042914e-01 3.718506e-01 -2.956658e-01 8.799482e-01 1.677350e+01
7.862484e-01 -1.286415e-01 6.043714e-01 1.252599e+01 3.214969e-01 9.204397e-01 -2.223298e-01 -7.012335e-01 -5.276866e-01 3.691100e-01 7.650521e-01 1.702839e+01
9.738766e-01 1.783478e-01 -1.405577e-01 1.232433e+01 -1.350885e-01 9.525698e-01 2.726938e-01 -6.917444e-01 1.825254e-01 -2.465824e-01 9.517781e-01 1.737892e+01
5.415895e-01 -2.448963e-01 8.041807e-01 1.244904e+01 4.534410e-01 8.906317e-01 -3.415463e-02 -7.047459e-01 -7.078645e-01 3.831463e-01 5.934027e-01 1.761273e+01
9.562589e-01 2.659528e-01 -1.218112e-01 1.247134e+01 -2.580679e-01 9.630716e-01 7.677320e-02 -7.210404e-01 1.377310e-01 -4.197949e-02 9.895797e-01 1.752714e+01
6.322743e-01 -3.714633e-01 6.798855e-01 1.229646e+01 4.559559e-01 8.879033e-01 6.109017e-02 -7.370180e-01 -6.263653e-01 2.713721e-01 7.307693e-01 1.704893e+01
7.703718e-01 3.454145e-01 -5.359254e-01 1.226257e+01 -3.133400e-01 9.371383e-01 1.535901e-01 -7.532822e-01 5.552885e-01 4.960539e-02 8.301771e-01 1.663266e+01
6.296729e-01 -3.398154e-01 6.985968e-01 1.241273e+01 4.051901e-01 9.109096e-01 7.787602e-02 -7.724395e-01 -6.628220e-01 2.340281e-01 7.112649e-01 1.632490e+01
5.976778e-01 3.861892e-01 -7.025946e-01 1.288058e+01 -3.024673e-01 9.201973e-01 2.484964e-01 -8.022048e-01 7.424923e-01 6.399107e-02 6.667911e-01 1.598298e+01
6.817219e-01 -2.992093e-01 6.676294e-01 1.290305e+01 4.276497e-01 9.033847e-01 -3.180967e-02 -8.222676e-01 -5.936084e-01 3.071969e-01 7.438139e-01 1.539786e+01
5.513462e-01 3.747656e-01 -7.453644e-01 1.280497e+01 -1.892604e-01 9.263184e-01 3.257524e-01 -8.342798e-01 8.125256e-01 -3.853438e-02 5.816504e-01 1.491824e+01
6.963868e-01 -1.710570e-01 6.969828e-01 1.299745e+01 3.736465e-01 9.155876e-01 -1.486190e-01 -8.602797e-01 -6.127265e-01 3.639215e-01 7.015179e-01 1.424911e+01
7.694095e-01 2.266334e-01 -5.971987e-01 1.291517e+01 -8.679424e-02 9.633631e-01 2.537680e-01 -8.864375e-01 6.328315e-01 -1.434181e-01 7.608913e-01 1.333508e+01
7.355197e-01 -9.976504e-02 6.701177e-01 1.281398e+01 3.372139e-01 9.117851e-01 -2.343816e-01 -9.112262e-01 -5.876202e-01 3.983653e-01 7.042781e-01 1.242792e+01
5.588974e-01 3.102225e-01 -7.690225e-01 1.286534e+01 1.711664e-02 9.228725e-01 3.847251e-01 -9.311334e-01 8.290601e-01 -2.281850e-01 5.104811e-01 1.184825e+01
7.690051e-01 2.610510e-02 6.387094e-01 1.305819e+01 2.264631e-01 9.232383e-01 -3.103956e-01 -9.545514e-01 -5.977839e-01 3.833399e-01 7.040632e-01 1.135841e+01
7.704146e-01 1.209708e-01 -6.259612e-01 1.328503e+01 9.711816e-02 9.481065e-01 3.027575e-01 -9.856990e-01 6.301027e-01 -2.940410e-01 7.186866e-01 1.049749e+01
7.991481e-01 8.696219e-02 5.948108e-01 1.334232e+01 1.925466e-01 9.003197e-01 -3.903208e-01 -1.015213e+00 -5.694630e-01 4.264529e-01 7.027445e-01 9.532628e+00
7.682016e-01 5.422568e-02 -6.379075e-01 1.327771e+01 2.029834e-01 9.243679e-01 3.230196e-01 -1.041570e+00 6.071771e-01 -3.776288e-01 6.990940e-01 8.539772e+00
8.392385e-01 1.860458e-01 5.109459e-01 1.328308e+01 7.282068e-02 8.927292e-01 -4.446703e-01 -1.064419e+00 -5.388654e-01 4.103919e-01 7.356648e-01 7.788185e+00
7.048549e-01 2.361893e-02 -7.089582e-01 1.340482e+01 2.939559e-01 8.998642e-01 3.222335e-01 -1.087467e+00 6.455769e-01 -4.355303e-01 6.273307e-01 7.116362e+00
7.996330e-01 2.868879e-01 5.275248e-01 1.340148e+01 1.738947e-02 8.670603e-01 -4.978996e-01 -1.111294e+00 -6.002372e-01 4.073103e-01 6.883412e-01 6.319725e+00
8.413105e-01 -1.357664e-01 -5.232247e-01 1.341357e+01 3.559142e-01 8.676478e-01 3.471490e-01 -1.137282e+00 4.068436e-01 -4.782832e-01 7.782824e-01 5.482132e+00
8.817724e-01 3.075892e-01 3.575840e-01 1.340669e+01 -5.265826e-02 8.175718e-01 -5.734139e-01 -1.165645e+00 -4.687265e-01 4.867908e-01 7.371093e-01 4.490594e+00
8.634092e-01 -1.915086e-01 -4.667430e-01 1.326116e+01 3.983154e-01 8.265537e-01 3.976857e-01 -1.188751e+00 3.096279e-01 -5.292764e-01 7.899349e-01 3.577272e+00
8.831077e-01 3.305901e-01 3.329129e-01 1.310528e+01 -5.754833e-02 7.805461e-01 -6.224436e-01 -1.209622e+00 -4.656275e-01 5.305261e-01 7.083311e-01 2.761333e+00
8.606037e-01 -2.122134e-01 -4.629544e-01 1.302232e+01 4.285395e-01 7.929219e-01 4.331614e-01 -1.236330e+00 2.751640e-01 -5.711746e-01 7.733333e-01 1.739558e+00
9.160825e-01 4.009203e-01 7.463968e-03 1.314918e+01 -3.300955e-01 7.645580e-01 -5.536137e-01 -1.265620e+00 -2.276616e-01 5.046920e-01 8.327402e-01 7.861384e-01
8.661108e-01 -3.778002e-01 -3.272905e-01 1.332079e+01 4.892186e-01 7.750399e-01 3.999729e-01 -1.293934e+00 1.025534e-01 -5.065375e-01 8.560973e-01 1.484527e-02
9.120003e-01 3.950699e-01 1.103414e-01 1.332247e+01 -2.504045e-01 7.492799e-01 -6.130882e-01 -1.320543e+00 -3.248893e-01 5.315067e-01 7.822708e-01 -8.818419e-01
8.732483e-01 -3.615894e-01 -3.266352e-01 1.350758e+01 4.793642e-01 7.577864e-01 4.426847e-01 -1.350167e+00 8.744963e-02 -5.431509e-01 8.350687e-01 -1.791381e+00
9.104449e-01 4.114387e-01 4.252353e-02 1.381805e+01 -3.057268e-01 7.386179e-01 -6.008117e-01 -1.381050e+00 -2.786059e-01 5.340054e-01 7.982587e-01 -2.600000e+00
8.728854e-01 -4.030973e-01 -2.749247e-01 1.413473e+01 4.871706e-01 7.513415e-01 4.451414e-01 -1.415050e+00 2.712705e-02 -5.224927e-01 8.522121e-01 -3.556945e+00
9.068911e-01 4.024754e-01 -1.247483e-01 1.423498e+01 -3.994194e-01 7.268206e-01 -5.587450e-01 -1.447571e+00 -1.342114e-01 5.565477e-01 8.199036e-01 -4.674372e+00
8.567514e-01 -4.962439e-01 -1.404248e-01 1.416933e+01 5.015979e-01 7.384877e-01 4.505946e-01 -1.474577e+00 -1.199029e-01 -4.564843e-01 8.816152e-01 -5.675473e+00
8.914865e-01 4.083130e-01 -1.962965e-01 1.413338e+01 -4.485989e-01 7.350030e-01 -5.084581e-01 -1.500958e+00 -6.333148e-02 5.413419e-01 8.384140e-01 -6.574513e+00
8.537393e-01 -5.182958e-01 -4.998584e-02 1.418419e+01 4.815693e-01 7.494219e-01 4.543762e-01 -1.528566e+00 -1.980408e-01 -4.119905e-01 8.894063e-01 -7.439060e+00
8.581466e-01 3.985727e-01 -3.236112e-01 1.422736e+01 -5.079975e-01 7.504309e-01 -4.228381e-01 -1.556166e+00 7.431609e-02 5.272508e-01 8.464536e-01 -8.356641e+00
8.291425e-01 -5.497826e-01 -1.013011e-01 1.431158e+01 5.472722e-01 7.612749e-01 3.477839e-01 -1.584849e+00 -1.140875e-01 -3.438017e-01 9.320861e-01 -9.351186e+00
8.176563e-01 4.924301e-01 -2.982462e-01 1.434066e+01 -5.696312e-01 7.670644e-01 -2.951820e-01 -1.609654e+00 8.341757e-02 4.112478e-01 9.076986e-01 -1.018768e+01
7.846739e-01 -6.190764e-01 3.211222e-02 1.437287e+01 5.856310e-01 7.572771e-01 2.890807e-01 -1.634920e+00 -2.032809e-01 -2.080282e-01 9.567660e-01 -1.102370e+01
7.738722e-01 5.096531e-01 -3.759993e-01 1.440728e+01 -5.975373e-01 7.843164e-01 -1.667244e-01 -1.660170e+00 2.099308e-01 3.536970e-01 9.114974e-01 -1.190594e+01
7.599031e-01 -6.350132e-01 1.389443e-01 1.445863e+01 6.042912e-01 7.688667e-01 2.089883e-01 -1.685327e+00 -2.395400e-01 -7.484807e-02 9.679971e-01 -1.275201e+01
7.449643e-01 5.377480e-01 -3.947852e-01 1.450662e+01 -5.947431e-01 8.034312e-01 -2.791101e-02 -1.708474e+00 3.021736e-01 2.555885e-01 9.183494e-01 -1.352421e+01
7.580311e-01 -6.242181e-01 1.890522e-01 1.446196e+01 6.199092e-01 7.796491e-01 8.865593e-02 -1.729846e+00 -2.027350e-01 4.999122e-02 9.779568e-01 -1.432484e+01
6.977243e-01 5.724607e-01 -4.306616e-01 1.433041e+01 -5.617599e-01 8.102796e-01 1.669517e-01 -1.747664e+00 4.445296e-01 1.254421e-01 8.869372e-01 -1.509915e+01
7.310493e-01 -5.784092e-01 3.619527e-01 1.425117e+01 6.267695e-01 7.789167e-01 -2.118171e-02 -1.768213e+00 -2.696793e-01 2.423458e-01 9.319558e-01 -1.586094e+01
6.423753e-01 5.784977e-01 -5.026872e-01 1.404312e+01 -4.619579e-01 8.156401e-01 3.483191e-01 -1.782281e+00 6.115136e-01 8.468753e-03 7.911886e-01 -1.660509e+01
8.094583e-01 -4.545141e-01 3.717447e-01 1.380640e+01 5.569173e-01 7.949028e-01 -2.407749e-01 -1.794119e+00 -1.860653e-01 4.019283e-01 8.965675e-01 -1.734752e+01
8.399138e-01 4.584984e-01 -2.903860e-01 1.354510e+01 -3.494621e-01 8.662733e-01 3.569968e-01 -1.808928e+00 4.152361e-01 -1.983676e-01 8.878228e-01 -1.814250e+01
8.136215e-01 -3.907126e-01 4.305388e-01 1.338396e+01 5.361769e-01 7.905771e-01 -2.958076e-01 -1.830856e+00 -2.247984e-01 4.715204e-01 8.527216e-01 -1.904255e+01
7.987266e-01 4.336239e-01 -4.171405e-01 1.309813e+01 -2.339773e-01 8.625502e-01 4.486222e-01 -1.848208e+00 5.543379e-01 -2.607251e-01 7.903999e-01 -2.003246e+01
7.899593e-01 -2.675224e-01 5.517210e-01 1.283953e+01 5.199867e-01 7.691136e-01 -3.715885e-01 -1.867683e+00 -3.249279e-01 5.804274e-01 7.466766e-01 -2.103241e+01
9.081477e-01 3.551014e-01 -2.217447e-01 1.252441e+01 -2.332990e-01 8.690596e-01 4.362419e-01 -1.881580e+00 3.476195e-01 -3.444393e-01 8.720793e-01 -2.181687e+01
8.827337e-01 -3.006546e-01 3.610928e-01 1.215437e+01 4.437873e-01 7.859673e-01 -4.304745e-01 -1.890457e+00 -1.543830e-01 5.402427e-01 8.272265e-01 -2.254981e+01
9.033623e-01 3.405282e-01 -2.607243e-01 1.186194e+01 -1.802608e-01 8.530895e-01 4.896369e-01 -1.903076e+00 3.891563e-01 -3.953211e-01 8.320328e-01 -2.331312e+01
9.187047e-01 -2.357987e-01 3.168289e-01 1.136870e+01 3.687295e-01 7.994954e-01 -4.741789e-01 -1.895329e+00 -1.414925e-01 5.524546e-01 8.214462e-01 -2.371197e+01
6.461005e-01 3.900950e-01 -6.560336e-01 1.047007e+01 1.481173e-01 7.791012e-01 6.091490e-01 -1.835020e+00 7.487426e-01 -4.907414e-01 4.455979e-01 -2.329685e+01
9.754605e-01 1.567697e-01 1.545963e-01 9.471217e+00 -2.520631e-02 7.770522e-01 -6.289313e-01 -1.775815e+00 -2.187268e-01 6.096009e-01 7.619353e-01 -2.309323e+01
7.077166e-01 -7.962365e-02 -7.019953e-01 8.530037e+00 4.714763e-01 7.932327e-01 3.853466e-01 -1.734424e+00 5.261629e-01 -6.036903e-01 5.989246e-01 -2.331113e+01
8.695975e-01 4.445820e-01 2.148185e-01 7.700922e+00 -2.518225e-01 7.735589e-01 -5.815428e-01 -1.693801e+00 -4.247182e-01 4.516120e-01 7.846407e-01 -2.330582e+01
7.961765e-01 -3.702600e-01 -4.785505e-01 7.203210e+00 5.569693e-01 7.574995e-01 3.405578e-01 -1.683127e+00 2.364068e-01 -5.376821e-01 8.093268e-01 -2.360652e+01
8.453975e-01 5.314626e-01 -5.339025e-02 6.835770e+00 -4.977759e-01 7.476515e-01 -4.395867e-01 -1.684303e+00 -1.937066e-01 3.982019e-01 8.966120e-01 -2.417145e+01
6.548941e-01 -4.956352e-01 -5.704906e-01 6.314294e+00 6.468924e-01 7.579273e-01 8.412142e-02 -1.663306e+00 3.906969e-01 -4.241366e-01 8.169847e-01 -2.427262e+01
7.619333e-01 6.405748e-01 9.550685e-02 5.712243e+00 -6.249254e-01 7.658796e-01 -1.513165e-01 -1.631156e+00 -1.700763e-01 5.560844e-02 9.838606e-01 -2.412670e+01
6.543300e-01 -6.537540e-01 -3.800762e-01 5.086935e+00 6.646860e-01 7.368954e-01 -1.231973e-01 -1.590956e+00 3.606172e-01 -1.720197e-01 9.167140e-01 -2.371352e+01
6.392580e-01 5.932333e-01 4.893092e-01 4.609387e+00 -4.801323e-01 8.049402e-01 -3.486321e-01 -1.572140e+00 -6.006848e-01 -1.206727e-02 7.993949e-01 -2.355543e+01
1.275116e-01 -4.334158e-01 -8.921275e-01 3.651563e+00 4.632293e-01 8.213667e-01 -3.328293e-01 -1.506447e+00 8.770173e-01 -3.708200e-01 3.055047e-01 -2.308933e+01
4.927324e-01 4.671898e-01 7.341311e-01 2.858443e+00 -5.226903e-01 8.334015e-01 -1.795459e-01 -1.456203e+00 -6.957080e-01 -2.952552e-01 6.548395e-01 -2.274345e+01
2.049477e-01 -5.360390e-01 -8.189375e-01 2.157859e+00 3.758359e-01 8.156553e-01 -4.398338e-01 -1.411747e+00 9.037388e-01 -2.176432e-01 3.686293e-01 -2.237505e+01
3.857153e-01 3.332281e-01 8.603387e-01 1.458891e+00 -5.077516e-01 8.552496e-01 -1.036169e-01 -1.364460e+00 -7.703324e-01 -3.968717e-01 4.990800e-01 -2.185427e+01
2.439229e-01 -5.541902e-01 -7.958485e-01 7.899250e-01 3.574390e-01 8.142380e-01 -4.574428e-01 -1.328977e+00 9.015204e-01 -1.728865e-01 3.967005e-01 -2.163050e+01
5.381354e-01 3.999343e-01 7.419319e-01 2.434613e-01 -5.368996e-01 8.412129e-01 -6.402903e-02 -1.323161e+00 -6.497300e-01 -3.638867e-01 6.674109e-01 -2.229830e+01
4.077890e-01 -6.158890e-01 -6.740837e-01 -4.006235e-01 4.360429e-01 7.799903e-01 -4.488671e-01 -1.296454e+00 8.022311e-01 -1.108863e-01 5.866255e-01 -2.236743e+01
7.635675e-01 3.616073e-01 5.349811e-01 -1.167302e+00 -5.701441e-01 7.664998e-01 2.956581e-01 -1.235061e+00 -3.031508e-01 -5.307713e-01 7.914426e-01 -2.157202e+01
9.515162e-02 -4.522786e-01 -8.867865e-01 -2.054609e+00 -3.388303e-01 8.229221e-01 -4.560628e-01 -1.165150e+00 9.360236e-01 3.438652e-01 -7.494331e-02 -2.098529e+01
9.294884e-01 -3.273097e-01 1.700581e-01 -2.908721e+00 1.378220e-01 7.358435e-01 6.629778e-01 -1.100092e+00 -3.421352e-01 -5.927924e-01 7.290684e-01 -2.050780e+01
3.914927e-01 2.018421e-01 -8.977713e-01 -3.811235e+00 -6.668332e-01 7.345386e-01 -1.256440e-01 -1.036591e+00 6.340874e-01 6.478524e-01 4.221615e-01 -2.004989e+01
5.091709e-01 -6.979476e-01 5.036012e-01 -4.486215e+00 4.055152e-01 7.106583e-01 5.749107e-01 -9.911108e-01 -7.591458e-01 -8.850989e-02 6.448749e-01 -1.952151e+01
4.921196e-01 4.588029e-01 -7.398096e-01 -4.829609e+00 -6.690351e-01 7.430633e-01 1.578018e-02 -9.627349e-01 5.569653e-01 4.871928e-01 6.726312e-01 -1.875449e+01
7.624053e-01 -6.451560e-01 -5.011918e-02 -5.340629e+00 6.440989e-01 7.491394e-01 1.546829e-01 -9.206054e-01 -6.224837e-02 -1.502128e-01 9.866921e-01 -1.812391e+01
5.196978e-01 7.067640e-01 -4.799988e-01 -5.808556e+00 -6.190924e-01 6.987112e-01 3.585070e-01 -8.862215e-01 5.887604e-01 1.108482e-01 8.006709e-01 -1.768342e+01
4.337807e-01 -6.656444e-01 6.072494e-01 -5.652490e+00 6.942112e-01 6.765385e-01 2.456960e-01 -8.944300e-01 -5.743737e-01 3.149811e-01 7.555671e-01 -1.727943e+01
3.984698e-01 7.204150e-01 -5.676479e-01 -5.894869e+00 -6.160328e-01 6.687409e-01 4.162802e-01 -8.793696e-01 6.795038e-01 1.838146e-01 7.102723e-01 -1.681019e+01
7.743977e-01 -6.172038e-01 1.391674e-01 -6.438939e+00 6.301731e-01 7.327808e-01 -2.567375e-01 -8.385044e-01 5.648014e-02 2.865165e-01 9.564090e-01 -1.630226e+01
5.562669e-01 7.019278e-01 -4.448197e-01 -7.006459e+00 -2.404928e-01 6.483534e-01 7.223580e-01 -7.949435e-01 7.954435e-01 -2.948479e-01 5.294661e-01 -1.577644e+01
6.687301e-01 -2.929485e-01 6.833602e-01 -7.361964e+00 6.632494e-01 6.504092e-01 -3.702271e-01 -7.700409e-01 -3.360064e-01 7.008202e-01 6.292461e-01 -1.521081e+01
7.448686e-01 6.314600e-01 -2.154740e-01 -7.577041e+00 -3.311027e-01 6.302101e-01 7.022864e-01 -7.600549e-01 5.792597e-01 -4.517671e-01 6.785018e-01 -1.474921e+01
5.812506e-01 -3.982917e-01 7.095854e-01 -7.794611e+00 7.576627e-01 5.829740e-01 -2.934083e-01 -7.484527e-01 -2.968078e-01 7.081702e-01 6.406248e-01 -1.420846e+01
5.629442e-01 7.659199e-01 -3.105809e-01 -8.202097e+00 -2.768561e-01 5.288227e-01 8.023075e-01 -7.191248e-01 7.787455e-01 -3.656681e-01 5.097472e-01 -1.359964e+01
9.710949e-01 -2.250724e-01 -7.947993e-02 -8.821389e+00 9.373881e-02 6.658290e-01 -7.401924e-01 -6.703514e-01 2.195169e-01 7.113467e-01 6.676812e-01 -1.308232e+01
9.698977e-01 1.074273e-01 -2.185355e-01 -9.321735e+00 1.058155e-01 6.223443e-01 7.755583e-01 -6.343167e-01 2.193205e-01 -7.753367e-01 5.922428e-01 -1.254011e+01
7.863210e-01 3.442648e-03 6.178085e-01 -9.414903e+00 4.974477e-01 5.895088e-01 -6.364158e-01 -6.336883e-01 -3.663945e-01 8.077546e-01 4.618307e-01 -1.205757e+01
9.124364e-01 3.530674e-01 2.068896e-01 -9.186428e+00 -3.987997e-01 6.538346e-01 6.430079e-01 -6.542652e-01 9.175354e-02 -6.692113e-01 7.373856e-01 -1.201954e+01
5.369410e-01 -5.178052e-01 6.660121e-01 -8.868717e+00 7.935315e-01 5.779805e-01 -1.903844e-01 -6.717508e-01 -2.863600e-01 6.307268e-01 7.212362e-01 -1.152672e+01
6.868001e-01 7.264225e-01 2.481839e-02 -8.698935e+00 -6.791085e-01 6.291478e-01 3.781332e-01 -6.839567e-01 2.590700e-01 -2.765563e-01 9.254185e-01 -1.118266e+01
5.993709e-01 -7.416874e-01 3.010885e-01 -8.779555e+00 7.956414e-01 5.932622e-01 -1.224528e-01 -6.792409e-01 -8.780270e-02 3.129531e-01 9.457013e-01 -1.063040e+01
6.292436e-01 7.718857e-01 9.080144e-02 -8.730948e+00 -7.620579e-01 5.897972e-01 2.672208e-01 -6.803895e-01 1.527095e-01 -2.373430e-01 9.593478e-01 -9.999050e+00
5.771948e-01 -8.060163e-01 1.310871e-01 -8.853014e+00 8.165789e-01 5.710099e-01 -8.453806e-02 -6.685584e-01 -6.712967e-03 1.558379e-01 9.877598e-01 -9.218618e+00
6.009315e-01 7.981090e-01 -4.362752e-02 -9.070291e+00 -7.592378e-01 5.870241e-01 2.809994e-01 -6.608372e-01 2.498785e-01 -1.357377e-01 9.587158e-01 -8.972357e+00
5.214297e-01 -8.068706e-01 2.776165e-01 -9.161011e+00 8.402929e-01 5.421264e-01 -2.621450e-03 -6.599441e-01 -1.483881e-01 2.346461e-01 9.606884e-01 -8.584495e+00
5.966430e-01 8.002068e-01 -6.071426e-02 -9.224072e+00 -7.860851e-01 5.979857e-01 1.564716e-01 -6.635615e-01 1.615159e-01 -4.563109e-02 9.858146e-01 -8.419818e+00
5.870689e-01 -8.073864e-01 5.896862e-02 -9.271008e+00 8.026347e-01 5.710253e-01 -1.723591e-01 -6.697014e-01 1.054878e-01 1.485169e-01 9.832675e-01 -8.559174e+00
6.113193e-01 7.615524e-01 2.152363e-01 -9.204331e+00 -7.906851e-01 5.991838e-01 1.256814e-01 -6.731294e-01 -3.325314e-02 -2.470156e-01 9.684408e-01 -8.156398e+00
5.659586e-01 -8.238845e-01 -3.008500e-02 -9.074596e+00 8.010499e-01 5.581694e-01 -2.162546e-01 -6.860582e-01 1.949613e-01 9.829154e-02 9.758734e-01 -8.197058e+00
5.770137e-01 7.444154e-01 3.360072e-01 -9.090578e+00 -7.545634e-01 6.433255e-01 -1.294853e-01 -6.971824e-01 -3.125528e-01 -1.788240e-01 9.329162e-01 -8.272676e+00
5.896401e-01 -7.885612e-01 -1.746305e-01 -9.152030e+00 8.076197e-01 5.733425e-01 1.379445e-01 -6.937012e-01 -8.654577e-03 -2.223726e-01 9.749233e-01 -7.591985e+00
6.086942e-01 7.919945e-01 -4.728734e-02 -9.428165e+00 -7.925315e-01 6.041475e-01 -8.306360e-02 -6.828993e-01 -3.721739e-02 8.803704e-02 9.954217e-01 -7.334025e+00
5.544596e-01 -8.190928e-01 -1.471786e-01 -9.769376e+00 8.110612e-01 5.714682e-01 -1.249151e-01 -6.815888e-01 1.864249e-01 -5.011047e-02 9.811905e-01 -7.698519e+00
6.135127e-01 7.772498e-01 1.395887e-01 -9.856828e+00 -7.771324e-01 6.256450e-01 -6.806997e-02 -6.932642e-01 -1.402404e-01 -6.671715e-02 9.878671e-01 -8.110132e+00
4.623005e-01 -8.660865e-01 1.901902e-01 -9.945517e+00 7.735749e-01 4.987639e-01 3.909174e-01 -6.982274e-01 -4.334283e-01 -3.359495e-02 9.005617e-01 -7.860888e+00
6.576390e-01 6.979887e-01 -2.834128e-01 -1.040502e+01 -7.533305e-01 6.083144e-01 -2.498932e-01 -6.749337e-01 -2.018553e-03 3.778430e-01 9.258675e-01 -7.454724e+00
4.482493e-01 -8.466995e-01 2.866575e-01 -1.083952e+01 5.541746e-01 5.148332e-01 6.540927e-01 -6.562087e-01 -7.014007e-01 -1.343383e-01 6.999930e-01 -7.088506e+00
8.954421e-01 4.152035e-01 -1.605912e-01 -1.088482e+01 -4.123526e-01 6.376189e-01 -6.506977e-01 -6.582763e-01 -1.677760e-01 6.488823e-01 7.421610e-01 -6.541374e+00
6.193556e-01 -5.792332e-01 5.299882e-01 -1.098017e+01 -8.843914e-02 6.192799e-01 7.801736e-01 -6.592680e-01 -7.801135e-01 -5.300766e-01 3.323276e-01 -6.048877e+00
9.558655e-01 -2.928281e-01 2.393293e-02 -1.109105e+01 2.168858e-01 6.483219e-01 -7.298214e-01 -6.590389e-01 1.981960e-01 7.028018e-01 6.832188e-01 -5.423377e+00
4.661356e-01 7.020755e-02 8.819232e-01 -1.128885e+01 -5.762245e-01 7.805094e-01 2.424260e-01 -6.592003e-01 -6.713292e-01 -6.211891e-01 4.042785e-01 -5.011495e+00
5.941446e-01 -7.409357e-01 -3.130599e-01 -1.160648e+01 5.278210e-01 6.528254e-01 -5.433452e-01 -6.640671e-01 6.069573e-01 1.575860e-01 7.789541e-01 -5.346352e+00
3.347231e-01 5.142249e-01 7.896412e-01 -1.187353e+01 -5.751620e-01 7.752664e-01 -2.610569e-01 -6.716606e-01 -7.464243e-01 -3.667898e-01 5.552622e-01 -5.701300e+00
6.283218e-01 -7.301303e-01 -2.685544e-01 -1.192307e+01 7.743509e-01 6.201495e-01 1.256789e-01 -6.862610e-01 7.478194e-02 -2.869222e-01 9.550305e-01 -5.749289e+00
5.027792e-01 6.588540e-01 5.595752e-01 -1.206166e+01 -1.177556e-01 6.935150e-01 -7.107535e-01 -6.911473e-01 -8.563566e-01 2.914590e-01 4.262687e-01 -5.468116e+00
8.593600e-01 -2.084686e-01 -4.669489e-01 -1.183205e+01 4.824705e-01 6.331604e-01 6.052521e-01 -7.136629e-01 1.694774e-01 -7.454185e-01 6.446926e-01 -5.363334e+00
8.677669e-01 4.533830e-01 2.035297e-01 -1.183563e+01 -2.285160e-01 7.276946e-01 -6.467155e-01 -7.157918e-01 -4.413173e-01 5.146886e-01 7.350746e-01 -4.832225e+00
8.501103e-01 -1.893696e-01 -4.913773e-01 -1.187908e+01 4.751695e-01 6.780620e-01 5.607547e-01 -7.123732e-01 2.269945e-01 -7.101908e-01 6.664102e-01 -4.270335e+00
8.335283e-01 5.285190e-01 -1.609295e-01 -1.143669e+01 -5.390370e-01 7.141267e-01 -4.466119e-01 -7.336113e-01 -1.211188e-01 4.590106e-01 8.801361e-01 -4.318774e+00
8.108766e-01 -5.207388e-01 -2.670397e-01 -1.099844e+01 5.825984e-01 6.751869e-01 4.524398e-01 -7.564373e-01 -5.530127e-02 -5.224498e-01 8.508748e-01 -4.246693e+00
8.313626e-01 5.224358e-01 1.894651e-01 -1.062451e+01 -3.126907e-01 7.215957e-01 -6.176765e-01 -7.788246e-01 -4.594135e-01 4.542691e-01 7.632685e-01 -4.135318e+00
8.697749e-01 -4.314194e-01 2.395182e-01 -1.030202e+01 1.122620e-01 6.456714e-01 7.553183e-01 -7.969385e-01 -4.805090e-01 -6.300681e-01 6.100207e-01 -3.533426e+00
9.986849e-01 3.577284e-02 -3.672535e-02 -9.680838e+00 -5.126027e-02 7.094707e-01 -7.028682e-01 -8.246555e-01 9.119687e-04 7.038264e-01 7.103714e-01 -3.243370e+00
9.981797e-01 -5.077016e-02 3.255327e-02 -9.175193e+00 1.195158e-03 5.563094e-01 8.309744e-01 -8.396863e-01 -6.029839e-02 -8.294228e-01 5.553574e-01 -2.380161e+00
9.694169e-01 -7.713809e-02 2.329818e-01 -9.124189e+00 2.094114e-01 7.550202e-01 -6.213625e-01 -8.295154e-01 -1.279752e-01 6.511484e-01 7.480829e-01 -6.724431e-01
8.453097e-01 4.331290e-02 5.325181e-01 -9.060133e+00 -4.409365e-01 6.193969e-01 6.495556e-01 -8.173283e-01 -3.017059e-01 -7.838823e-01 5.426805e-01 1.240700e+00
8.688577e-01 -4.754454e-01 1.379779e-01 -8.583919e+00 4.851973e-01 7.624425e-01 -4.280946e-01 -8.326218e-01 9.833536e-02 4.388998e-01 8.931389e-01 2.780047e+00
6.607328e-01 3.069132e-01 6.850083e-01 -8.476471e+00 -6.118994e-01 7.487963e-01 2.547218e-01 -8.303307e-01 -4.347543e-01 -5.874592e-01 6.825543e-01 4.345124e+00
7.545566e-01 -5.277701e-01 -3.900038e-01 -8.162403e+00 4.380798e-01 8.475989e-01 -2.994364e-01 -8.361808e-01 4.886004e-01 5.508896e-02 8.707668e-01 5.749312e+00
6.707759e-01 3.127872e-01 6.724759e-01 -7.291564e+00 -5.878519e-01 7.770694e-01 2.249293e-01 -8.652074e-01 -4.522055e-01 -5.461934e-01 7.051120e-01 6.933349e+00
7.987179e-01 -6.015434e-01 1.397191e-02 -6.579275e+00 6.016056e-01 7.979465e-01 -3.677105e-02 -8.922242e-01 1.097055e-02 3.777527e-02 9.992260e-01 8.166351e+00
7.261155e-01 5.593482e-01 3.998573e-01 -5.670255e+00 -5.948677e-01 8.026929e-01 -4.262060e-02 -9.260465e-01 -3.448023e-01 -2.069147e-01 9.155860e-01 8.943241e+00
6.900394e-01 -6.835248e-01 2.379905e-01 -5.116973e+00 5.666977e-01 7.147841e-01 4.098017e-01 -9.520333e-01 -4.502214e-01 -1.479106e-01 8.805811e-01 9.975280e+00
7.848354e-01 4.596742e-01 4.156116e-01 -3.956670e+00 -1.675064e-01 8.030553e-01 -5.718774e-01 -1.000212e+00 -5.966364e-01 3.792120e-01 7.072647e-01 1.063095e+01
8.761282e-01 -2.533070e-01 4.101645e-01 -2.937951e+00 -1.306209e-01 6.942621e-01 7.077700e-01 -1.042003e+00 -4.640448e-01 -6.736733e-01 5.751754e-01 1.190820e+01
9.930441e-01 -1.004460e-01 6.143313e-02 -2.086161e+00 1.176345e-01 8.239817e-01 -5.542709e-01 -1.073473e+00 5.054511e-03 5.576421e-01 8.300661e-01 1.301855e+01
8.780724e-01 7.111238e-02 4.732144e-01 -1.196424e+00 -3.688826e-01 7.305086e-01 5.747024e-01 -1.108089e+00 -3.048187e-01 -6.791909e-01 6.676715e-01 1.381343e+01
9.471070e-01 -3.175854e-01 -4.612844e-02 -4.286551e-01 2.617399e-01 8.476069e-01 -4.615786e-01 -1.138999e+00 1.856894e-01 4.250907e-01 8.858992e-01 1.470529e+01
7.928670e-01 2.062345e-01 5.734363e-01 5.452752e-01 -5.084513e-01 7.425811e-01 4.359480e-01 -1.176103e+00 -3.359155e-01 -6.372132e-01 6.936282e-01 1.563432e+01
8.738459e-01 -4.831112e-01 -5.474346e-02 1.449854e+00 4.250866e-01 8.137959e-01 -3.962798e-01 -1.211960e+00 2.359972e-01 3.230167e-01 9.164963e-01 1.617939e+01
7.758171e-01 3.708710e-01 5.104532e-01 2.253672e+00 -5.678822e-01 7.630181e-01 3.087283e-01 -1.244355e+00 -2.749867e-01 -5.293940e-01 8.025736e-01 1.674716e+01
8.501137e-01 -5.144247e-01 -1.125785e-01 3.072704e+00 4.794822e-01 8.445447e-01 -2.384136e-01 -1.276000e+00 2.177234e-01 1.486993e-01 9.646165e-01 1.753655e+01
7.596775e-01 4.209932e-01 4.956358e-01 3.742075e+00 -5.399697e-01 8.330853e-01 1.200067e-01 -1.302303e+00 -3.623849e-01 -3.587947e-01 8.601997e-01 1.806259e+01
8.083741e-01 -4.993103e-01 -3.118020e-01 4.462890e+00 4.665225e-01 8.664217e-01 -1.779610e-01 -1.329913e+00 3.590098e-01 -1.603571e-03 9.333324e-01 1.849139e+01
7.294782e-01 4.094110e-01 5.479454e-01 5.142641e+00 -5.107357e-01 8.588887e-01 3.820099e-02 -1.356061e+00 -4.549842e-01 -3.077220e-01 8.356414e-01 1.899143e+01
8.543375e-01 -4.614460e-01 -2.391132e-01 6.003822e+00 4.698133e-01 8.824308e-01 -2.431905e-02 -1.390038e+00 2.222228e-01 -9.156187e-02 9.706871e-01 1.953861e+01
7.149427e-01 4.149623e-01 5.627283e-01 6.939495e+00 -4.266493e-01 8.965452e-01 -1.190675e-01 -1.427527e+00 -5.539199e-01 -1.549612e-01 8.180219e-01 2.005918e+01
8.811660e-01 -3.459443e-01 -3.222871e-01 7.765514e+00 4.110307e-01 8.973710e-01 1.605585e-01 -1.460493e+00 2.336668e-01 -2.739486e-01 9.329266e-01 2.082851e+01
8.779357e-01 3.929474e-01 2.735348e-01 8.200058e+00 -3.970275e-01 9.168105e-01 -4.275041e-02 -1.475637e+00 -2.675782e-01 -7.106871e-02 9.609116e-01 2.177663e+01
8.155864e-01 -2.285741e-01 -5.315756e-01 8.581057e+00 3.216424e-01 9.427526e-01 8.811222e-02 -1.487163e+00 4.810041e-01 -2.428404e-01 8.424153e-01 2.286265e+01
6.162688e-01 1.726384e-01 7.683806e-01 9.349438e+00 -2.206186e-01 9.744557e-01 -4.199495e-02 -1.514909e+00 -7.560027e-01 -1.436389e-01 6.386139e-01 2.422185e+01
9.637136e-01 -6.952944e-02 -2.577240e-01 1.038921e+01 1.364783e-01 9.580919e-01 2.518603e-01 -1.553927e+00 2.294116e-01 -2.778949e-01 9.328155e-01 2.576875e+01
4.064588e-01 -4.788764e-02 9.124133e-01 1.149864e+01 9.824582e-02 9.951262e-01 8.462577e-03 -1.596046e+00 -9.083716e-01 8.620110e-02 4.091825e-01 2.742153e+01
7.268301e-01 3.511523e-01 -5.902627e-01 1.233389e+01 -1.578934e-01 9.218289e-01 3.539790e-01 -1.625958e+00 6.684218e-01 -1.640840e-01 7.254576e-01 2.896148e+01
4.014507e-01 -3.731087e-01 8.364373e-01 1.321559e+01 3.018282e-01 9.161389e-01 2.637977e-01 -1.657586e+00 -8.647179e-01 1.465586e-01 4.803993e-01 3.046800e+01
4.679878e-01 5.504921e-01 -6.913363e-01 1.391365e+01 -4.495172e-01 8.218092e-01 3.500914e-01 -1.681642e+00 7.608690e-01 1.469290e-01 6.320524e-01 3.167302e+01
2.462663e-01 -6.418299e-01 7.262282e-01 1.498819e+01 3.931456e-01 7.510431e-01 5.304440e-01 -1.719934e+00 -8.858834e-01 1.548829e-01 4.372892e-01 3.293386e+01
9.217618e-01 3.790438e-01 -8.173786e-02 1.623502e+01 -3.790910e-01 8.365966e-01 -3.954696e-01 -1.768876e+00 -8.151870e-02 3.955149e-01 9.148348e-01 3.405176e+01
2.188774e-01 -5.294043e-01 8.196486e-01 1.722304e+01 -2.382609e-01 7.855916e-01 5.710320e-01 -1.813444e+00 -9.462159e-01 -3.202762e-01 4.581190e-02 3.518684e+01
5.658756e-01 8.779122e-02 -8.198033e-01 1.838195e+01 -4.737529e-01 8.484031e-01 -2.361577e-01 -1.852624e+00 6.747911e-01 5.220201e-01 5.216820e-01 3.668664e+01
2.925100e-01 -6.976945e-01 6.539574e-01 1.945920e+01 -2.277280e-01 6.133692e-01 7.562527e-01 -1.889077e+00 -9.287507e-01 -3.701359e-01 2.053205e-02 3.840763e+01
9.568908e-01 -1.113993e-01 -2.682355e-01 2.068531e+01 -8.549343e-02 7.745797e-01 -6.266714e-01 -1.933235e+00 2.775805e-01 6.225885e-01 7.316643e-01 4.010908e+01
-1.630655e-01 -2.631980e-01 9.508609e-01 2.195055e+01 -6.124594e-01 7.825865e-01 1.115876e-01 -1.984980e+00 -7.735006e-01 -5.641676e-01 -2.888109e-01 4.174148e+01
7.160537e-01 -6.945563e-01 -6.970344e-02 2.312337e+01 6.979799e-01 7.137732e-01 5.789437e-02 -2.040962e+00 9.541554e-03 -9.010708e-02 9.958864e-01 4.345344e+01
-1.606077e-01 5.634564e-01 8.103839e-01 2.413450e+01 4.164236e-01 7.830738e-01 -4.619381e-01 -2.090756e+00 -8.948724e-01 2.632721e-01 -3.604042e-01 4.521300e+01
9.537204e-01 2.586076e-01 1.534260e-01 2.497336e+01 -2.956749e-01 7.136927e-01 6.349953e-01 -2.133604e+00 5.471558e-02 -6.509722e-01 7.571271e-01 4.689500e+01
-2.289727e-01 -4.967539e-01 8.371422e-01 2.551136e+01 6.688545e-01 5.445423e-01 5.060705e-01 -2.160709e+00 -7.072518e-01 6.758026e-01 2.075707e-01 4.899339e+01
7.700543e-01 6.379760e-01 -1.705281e-03 2.609944e+01 -5.863554e-01 7.066885e-01 -3.959529e-01 -2.185384e+00 -2.514034e-01 3.059052e-01 9.182692e-01 5.126440e+01
3.194129e-01 -7.513514e-01 5.774482e-01 2.688137e+01 -2.206883e-01 5.336334e-01 8.164142e-01 -2.216900e+00 -9.215596e-01 -3.882093e-01 4.634860e-03 5.334238e+01
8.685407e-01 -2.521752e-02 -4.949759e-01 2.793852e+01 -3.438419e-01 6.886105e-01 -6.384265e-01 -2.256092e+00 3.569451e-01 7.246928e-01 5.894154e-01 5.485748e+01
7.262030e-01 -4.259923e-01 5.395922e-01 2.881953e+01 -3.116438e-01 4.956225e-01 8.107012e-01 -2.289156e+00 -6.127866e-01 -7.568942e-01 2.271647e-01 5.592523e+01
9.205093e-01 -1.307008e-01 -3.682119e-01 2.979169e+01 -1.808267e-01 6.928867e-01 -6.980041e-01 -2.326107e+00 3.463588e-01 7.091018e-01 6.141744e-01 5.722810e+01
8.133930e-01 -2.686232e-01 5.159782e-01 3.077504e+01 -3.762472e-01 4.335441e-01 8.188269e-01 -2.360434e+00 -4.436552e-01 -8.601634e-01 2.515730e-01 5.863771e+01
9.322559e-01 -2.553726e-01 -2.562886e-01 3.165829e+01 -2.819998e-02 6.549279e-01 -7.551651e-01 -2.390437e+00 3.606990e-01 7.112344e-01 6.033588e-01 5.989877e+01
7.960893e-01 -1.387026e-01 5.890700e-01 3.242590e+01 -4.659690e-01 4.806099e-01 7.428910e-01 -2.416398e+00 -3.861538e-01 -8.658959e-01 3.179773e-01 6.096386e+01
8.804511e-01 -4.450354e-01 -1.635524e-01 3.295399e+01 1.718317e-01 6.209967e-01 -7.647463e-01 -2.435714e+00 4.419046e-01 6.452182e-01 6.232285e-01 6.183062e+01
3.298616e-01 5.887863e-02 9.421914e-01 3.340230e+01 -6.840902e-01 7.026846e-01 1.955887e-01 -2.459404e+00 -6.505474e-01 -7.090611e-01 2.720670e-01 6.225027e+01
5.606382e-01 -6.757370e-01 -4.786066e-01 3.384063e+01 4.430494e-01 7.330822e-01 -5.160405e-01 -2.479142e+00 6.995656e-01 7.726567e-02 7.103787e-01 6.280197e+01
2.245080e-01 3.398511e-01 9.132893e-01 3.437263e+01 -6.185827e-01 7.738758e-01 -1.359107e-01 -2.502187e+00 -7.529619e-01 -5.344319e-01 3.839673e-01 6.332570e+01
6.198593e-01 -6.739368e-01 -4.019746e-01 3.495482e+01 7.159568e-01 6.953994e-01 -6.185151e-02 -2.533022e+00 3.212169e-01 -2.494572e-01 9.135594e-01 6.369328e+01
4.422163e-01 6.640025e-01 6.029473e-01 3.557589e+01 -3.298210e-01 7.455365e-01 -5.791317e-01 -2.569418e+00 -8.340641e-01 5.723675e-02 5.486903e-01 6.349822e+01
5.579430e-01 -3.063454e-01 -7.712666e-01 3.618785e+01 6.735185e-01 7.101252e-01 2.051707e-01 -2.598314e+00 4.848428e-01 -6.339358e-01 6.025387e-01 6.358434e+01
5.961406e-01 6.196051e-01 5.105937e-01 3.656060e+01 -3.568083e-01 7.741559e-01 -5.228484e-01 -2.614774e+00 -7.192387e-01 1.295071e-01 6.825860e-01 6.393040e+01
4.115318e-01 -1.975265e-01 -8.897330e-01 3.692126e+01 6.035718e-01 7.905404e-01 1.036674e-01 -2.627202e+00 6.828928e-01 -5.796802e-01 4.445540e-01 6.445387e+01
3.524078e-01 5.058575e-01 7.873480e-01 3.746335e+01 -1.763205e-01 8.621439e-01 -4.749936e-01 -2.647505e+00 -9.190864e-01 2.856587e-02 3.930193e-01 6.496496e+01
4.853147e-01 -7.606321e-02 -8.710247e-01 3.813359e+01 4.844178e-01 8.527264e-01 1.954410e-01 -2.676730e+00 7.278798e-01 -5.167902e-01 4.506870e-01 6.528779e+01
6.153606e-01 3.839560e-01 6.884106e-01 3.856816e+01 -2.249812e-01 9.225689e-01 -3.134486e-01 -2.691909e+00 -7.554567e-01 3.800451e-02 6.540954e-01 6.594983e+01
3.862081e-01 -4.754762e-02 -9.211854e-01 3.887266e+01 3.409780e-01 9.352913e-01 9.467974e-02 -2.703507e+00 8.570749e-01 -3.506700e-01 3.774298e-01 6.651050e+01
6.097013e-01 2.412465e-01 7.550261e-01 3.922410e+01 -1.887021e-01 9.693472e-01 -1.573451e-01 -2.715414e+00 -7.698414e-01 -4.654152e-02 6.365360e-01 6.705187e+01
3.786857e-01 -3.613962e-02 -9.248195e-01 3.982153e+01 1.721261e-01 9.845548e-01 3.200651e-02 -2.736562e+00 9.093788e-01 -1.713059e-01 3.790574e-01 6.735854e+01
5.520457e-01 6.229882e-02 8.314833e-01 4.041338e+01 -1.261390e-01 9.919678e-01 9.424230e-03 -2.757884e+00 -8.242175e-01 -1.100851e-01 5.554699e-01 6.782002e+01
6.327851e-02 3.332410e-02 -9.974394e-01 4.091329e+01 -6.079115e-02 9.977152e-01 2.947667e-02 -2.775348e+00 9.961427e-01 5.877025e-02 6.515974e-02 6.801286e+01
-2.908927e-01 -2.208702e-01 9.309123e-01 4.147472e+01 -1.203453e-02 9.737563e-01 2.272749e-01 -2.799399e+00 -9.566800e-01 5.490952e-02 -2.859166e-01 6.883215e+01
-1.524968e-03 1.719460e-01 -9.851052e-01 4.194741e+01 -2.500861e-01 9.537376e-01 1.668580e-01 -2.819016e+00 9.682224e-01 2.466156e-01 4.154689e-02 6.972988e+01
