1.000000e+00 1.197625e-11 1.704638e-10 5.551115e-17 1.197625e-11 1.000000e+00 3.562503e-10 0.000000e+00 1.704638e-10 3.562503e-10 1.000000e+00 2.220446e-16 0.000000e+00 0.000000e+00 0.000000e+00 1.000000e+00
9.951346e-01 4.960223e-02 -8.512806e-02 3.901025e-01 -3.872555e-02 9.914041e-01 1.249731e-01 -1.872315e-02 9.059525e-02 -1.210684e-01 9.885014e-01 2.982694e-01
9.070529e-01 -1.249867e-01 4.020366e-01 3.736404e-01 1.658008e-01 9.837965e-01 -6.822403e-02 -2.468955e-02 -3.869951e-01 1.285408e-01 9.130783e-01 5.435673e-01
9.617706e-01 1.563408e-01 -2.248441e-01 3.302513e-01 -1.074882e-01 9.706496e-01 2.151409e-01 -2.122071e-02 2.518801e-01 -1.827481e-01 9.503471e-01 1.196107e+00
9.793148e-01 -1.392983e-01 1.467601e-01 1.986949e-01 1.434670e-01 9.894885e-01 -1.816069e-02 -2.768570e-03 -1.426877e-01 3.884026e-02 9.890054e-01 2.233949e+00
9.874277e-01 9.833556e-02 1.237603e-01 1.500592e-01 -1.177718e-01 9.798926e-01 1.610601e-01 7.228261e-03 -1.054339e-01 -1.736106e-01 9.791543e-01 3.298556e+00
9.266584e-01 1.179879e-02 -3.757193e-01 1.076808e-01 3.578752e-02 9.921983e-01 1.194231e-01 3.133901e-02 3.741971e-01 -1.241104e-01 9.190066e-01 4.977246e+00
9.671407e-01 1.252448e-01 -2.212522e-01 -4.675722e-02 -6.901366e-02 9.668962e-01 2.456600e-01 6.912924e-02 2.446956e-01 -2.223183e-01 9.437683e-01 6.837078e+00
9.688409e-01 1.194647e-02 -2.473955e-01 -2.561741e-01 -1.404029e-04 9.988625e-01 4.768420e-02 1.070624e-01 2.476837e-01 -4.616367e-02 9.677405e-01 8.505896e+00
9.909938e-01 4.460269e-02 -1.262610e-01 -4.411813e-01 -1.566488e-02 9.750369e-01 2.214894e-01 1.408952e-01 1.329881e-01 -2.175168e-01 9.669543e-01 1.004330e+01
9.358979e-01 1.057112e-01 -3.360360e-01 -6.145838e-01 -7.561299e-02 9.919616e-01 1.014635e-01 1.773310e-01 3.440607e-01 -6.955083e-02 9.363680e-01 1.177339e+01
9.843969e-01 -2.793309e-02 -1.737311e-01 -9.188334e-01 5.850115e-02 9.831103e-01 1.734119e-01 2.232217e-01 1.659529e-01 -1.808696e-01 9.694049e-01 1.337742e+01
9.509413e-01 -4.070955e-02 3.066814e-01 -1.303716e+00 6.324044e-02 9.959513e-01 -6.388786e-02 2.617125e-01 -3.028389e-01 8.014827e-02 9.496657e-01 1.455112e+01
9.447400e-01 4.767883e-02 -3.243348e-01 -1.823822e+00 1.922177e-02 9.796078e-01 1.999975e-01 3.079180e-01 3.272565e-01 -1.951799e-01 9.245583e-01 1.557355e+01
7.341104e-01 -1.007671e-01 6.715117e-01 -2.058873e+00 2.124531e-01 9.733622e-01 -8.619537e-02 3.283067e-01 -6.449385e-01 2.059417e-01 7.359636e-01 1.649607e+01
9.764287e-01 1.038517e-01 1.892136e-01 -1.691615e+00 -1.315969e-01 9.812951e-01 1.405067e-01 3.084679e-01 -1.710825e-01 -1.620947e-01 9.718313e-01 1.714414e+01
8.591393e-01 -2.270252e-01 4.586276e-01 -1.239687e+00 2.339027e-01 9.713241e-01 4.264918e-02 2.889139e-01 -4.551585e-01 7.063264e-02 8.876045e-01 1.778082e+01
9.311970e-01 1.213548e-01 3.437224e-01 -9.612521e-01 -1.259777e-01 9.919928e-01 -8.940469e-03 2.728589e-01 -3.420551e-01 -3.497602e-02 9.390287e-01 1.854409e+01
8.449589e-01 -2.683038e-01 4.626635e-01 -7.845107e-01 1.910355e-01 9.594042e-01 2.074827e-01 2.624328e-01 -4.995497e-01 -8.692919e-02 8.619127e-01 1.953339e+01
9.058516e-01 7.081480e-02 4.176339e-01 -4.325001e-01 -4.547812e-03 9.874962e-01 -1.575775e-01 2.407322e-01 -4.235707e-01 1.408425e-01 8.948470e-01 2.032405e+01
7.467967e-01 -1.507323e-01 6.477456e-01 6.204541e-02 9.766944e-03 9.763576e-01 2.159409e-01 2.103110e-01 -6.649806e-01 -1.549374e-01 7.306128e-01 2.098106e+01
9.423375e-01 -1.167606e-01 3.136352e-01 4.895917e-01 1.628660e-01 9.786993e-01 -1.249897e-01 1.831082e-01 -2.923606e-01 1.688630e-01 9.412813e-01 2.155995e+01
8.524057e-01 4.075464e-02 5.212903e-01 7.562852e-01 -1.133640e-01 9.876491e-01 1.081562e-01 1.650723e-01 -5.104440e-01 -1.512885e-01 8.464979e-01 2.218328e+01
9.530247e-01 -2.044756e-01 2.234584e-01 1.124304e+00 2.117765e-01 9.772772e-01 -8.945361e-03 1.420121e-01 -2.165517e-01 5.584839e-02 9.746724e-01 2.265089e+01
8.319428e-01 1.226306e-01 5.411405e-01 1.622924e+00 -1.098624e-01 9.923689e-01 -5.598456e-02 1.128109e-01 -5.438764e-01 -1.287505e-02 8.390666e-01 2.299926e+01
9.582746e-01 -1.530791e-01 2.414054e-01 2.415043e+00 1.166755e-01 9.804318e-01 1.585570e-01 7.266984e-02 -2.609533e-01 -1.237750e-01 9.573835e-01 2.340395e+01
8.165194e-01 5.706215e-02 5.744911e-01 3.266128e+00 1.457909e-02 9.927479e-01 -1.193272e-01 2.929845e-02 -5.771340e-01 1.058086e-01 8.097660e-01 2.382528e+01
9.846192e-01 -3.204276e-03 1.746847e-01 4.183278e+00 -2.962995e-02 9.822863e-01 1.850290e-01 -1.644787e-02 -1.721832e-01 -1.873590e-01 9.670830e-01 2.413031e+01
8.908588e-01 -5.334827e-02 4.511370e-01 5.008952e+00 1.035492e-01 9.907844e-01 -8.731511e-02 -5.916564e-02 -4.423214e-01 1.245003e-01 8.881731e-01 2.436248e+01
7.296130e-01 2.130993e-01 -6.498104e-01 5.208853e+00 -6.411471e-02 9.673396e-01 2.452415e-01 -7.278179e-02 6.808481e-01 -1.372690e-01 7.194463e-01 2.450826e+01
9.122705e-01 9.505129e-02 -3.984067e-01 4.888434e+00 -1.213119e-01 9.917604e-01 -4.116690e-02 -5.561899e-02 3.912110e-01 8.588682e-02 9.162846e-01 2.465732e+01
9.664691e-01 -1.006295e-02 -2.565857e-01 5.043575e+00 5.266692e-02 9.857568e-01 1.597179e-01 -6.487177e-02 2.513238e-01 -1.678760e-01 9.532334e-01 2.481118e+01
9.483353e-01 5.081724e-02 3.131736e-01 5.441177e+00 -3.434847e-02 9.977322e-01 -5.788522e-02 -8.702915e-02 -3.154050e-01 4.413757e-02 9.479302e-01 2.512204e+01
8.607967e-01 8.460722e-02 -5.018672e-01 5.664924e+00 1.594113e-02 9.811196e-01 1.927439e-01 -9.866368e-02 5.086993e-01 -1.739137e-01 8.431957e-01 2.563168e+01
9.059462e-01 -6.952461e-03 4.233358e-01 6.033678e+00 1.797500e-02 9.995953e-01 -2.205043e-02 -1.155911e-01 -4.230111e-01 2.758596e-02 9.057045e-01 2.614317e+01
8.437435e-01 1.340562e-01 -5.197363e-01 6.384458e+00 -5.291183e-02 9.843657e-01 1.680012e-01 -1.318390e-01 5.341323e-01 -1.142498e-01 8.376453e-01 2.657900e+01
9.872831e-01 -2.311878e-02 1.572819e-01 6.575058e+00 2.267215e-02 9.997322e-01 4.633486e-03 -1.408374e-01 -1.573469e-01 -1.008645e-03 9.875429e-01 2.698469e+01
8.591298e-01 1.575677e-01 -4.868967e-01 6.698034e+00 -7.220432e-02 9.792245e-01 1.894885e-01 -1.457635e-01 5.066385e-01 -1.276391e-01 8.526580e-01 2.757320e+01
9.612374e-01 -8.301537e-02 2.629280e-01 6.685036e+00 9.103815e-02 9.956764e-01 -1.845690e-02 -1.437356e-01 -2.602590e-01 4.167794e-02 9.646389e-01 2.815066e+01
9.584047e-01 -1.009079e-02 2.852343e-01 6.737651e+00 -2.115219e-02 9.941153e-01 1.062417e-01 -1.475279e-01 -2.846278e-01 -1.078559e-01 9.525514e-01 2.894919e+01
8.064835e-01 -1.827852e-01 5.622935e-01 6.917168e+00 1.938845e-01 9.801861e-01 4.054625e-02 -1.574273e-01 -5.585635e-01 7.632010e-02 8.259431e-01 2.982263e+01
9.899670e-01 1.397627e-01 -2.077668e-02 7.241958e+00 -1.391599e-01 9.898717e-01 2.808225e-02 -1.781015e-01 2.449110e-02 -2.490922e-02 9.993897e-01 3.022568e+01
9.811524e-01 -1.399391e-01 1.332557e-01 7.523222e+00 1.242901e-01 9.850466e-01 1.193115e-01 -1.929094e-01 -1.479594e-01 -1.005004e-01 9.838738e-01 3.073748e+01
9.139953e-01 1.927552e-01 -3.570125e-01 7.517429e+00 -1.809331e-01 9.812397e-01 6.657197e-02 -1.902578e-01 3.631470e-01 3.748915e-03 9.317243e-01 3.129792e+01
7.690148e-01 -2.397851e-01 5.925532e-01 7.892527e+00 1.984347e-01 9.707315e-01 1.352921e-01 -2.103359e-01 -6.076511e-01 1.354148e-02 7.940886e-01 3.161159e+01
8.744769e-01 2.407523e-01 -4.211039e-01 8.155854e+00 -2.365178e-01 9.695721e-01 6.316116e-02 -2.256559e-01 4.234968e-01 4.436559e-02 9.048106e-01 3.205522e+01
8.835441e-01 -2.613874e-01 3.886213e-01 8.462388e+00 2.111529e-01 9.629713e-01 1.676328e-01 -2.403855e-01 -4.180482e-01 -6.605243e-02 9.060203e-01 3.249777e+01
8.805289e-01 2.777114e-01 -3.841161e-01 8.508710e+00 -2.663661e-01 9.602366e-01 8.363512e-02 -2.398277e-01 3.920687e-01 2.867237e-02 9.194890e-01 3.332880e+01
7.660755e-01 -3.349424e-01 5.485818e-01 8.772998e+00 2.634403e-01 9.421298e-01 2.073419e-01 -2.532180e-01 -5.862828e-01 -1.432101e-02 8.099799e-01 3.396398e+01
6.657309e-01 3.973034e-01 -6.316267e-01 9.352878e+00 -3.959777e-01 9.055508e-01 1.522478e-01 -2.788786e-01 6.324587e-01 1.487541e-01 7.601765e-01 3.420843e+01
7.397800e-01 -4.177595e-01 5.274490e-01 9.956275e+00 3.456156e-01 9.085172e-01 2.348325e-01 -3.058480e-01 -5.773000e-01 8.570180e-03 8.164871e-01 3.442805e+01
6.737422e-01 4.675977e-01 -5.722096e-01 1.034000e+01 -4.591718e-01 8.716128e-01 1.716167e-01 -3.237605e-01 5.789928e-01 1.471171e-01 8.019501e-01 3.485622e+01
8.050957e-01 -4.886826e-01 3.361700e-01 1.035799e+01 4.636516e-01 8.719682e-01 1.571579e-01 -3.241276e-01 -3.699299e-01 2.933859e-02 9.285963e-01 3.534968e+01
1.990812e-01 6.117735e-01 -7.655716e-01 9.814151e+00 -3.232366e-01 7.784829e-01 5.380357e-01 -2.843562e-01 9.251404e-01 1.403480e-01 3.527289e-01 3.577822e+01
7.962644e-01 -3.273216e-01 5.087470e-01 9.510649e+00 4.922353e-01 8.394330e-01 -2.303403e-01 -2.649828e-01 -3.516637e-01 4.338350e-01 8.295299e-01 3.603195e+01
6.714439e-01 5.862364e-01 -4.533099e-01 9.798906e+00 -2.681014e-01 7.624405e-01 5.889025e-01 -2.799071e-01 6.908579e-01 -2.738820e-01 6.691068e-01 3.626829e+01
7.060106e-01 -3.109762e-01 6.362726e-01 1.003887e+01 5.496353e-01 8.071635e-01 -2.153790e-01 -2.944362e-01 -4.465983e-01 5.017778e-01 7.407895e-01 3.657004e+01
6.075189e-01 6.369096e-01 -4.746229e-01 1.012290e+01 -2.462210e-01 7.191028e-01 6.498203e-01 -2.986264e-01 7.551794e-01 -2.779160e-01 5.936891e-01 3.709676e+01
7.350442e-01 -3.473879e-01 5.822643e-01 1.005585e+01 5.674305e-01 7.852401e-01 -2.478318e-01 -2.873564e-01 -3.711235e-01 5.125619e-01 7.743046e-01 3.796282e+01
6.764590e-01 6.541555e-01 -3.383547e-01 1.000680e+01 -2.914444e-01 6.596873e-01 6.927285e-01 -2.737973e-01 6.763604e-01 -3.699908e-01 6.369014e-01 3.908233e+01
5.690374e-01 -4.677078e-01 6.763474e-01 1.001663e+01 7.055577e-01 7.001500e-01 -1.094454e-01 -2.631929e-01 -4.223562e-01 5.394806e-01 7.284064e-01 4.048704e+01
7.333899e-01 6.781835e-01 -4.697122e-02 9.924521e+00 -6.032154e-01 6.810667e-01 4.150654e-01 -2.497211e-01 3.134811e-01 -2.760710e-01 9.085782e-01 4.163130e+01
5.915462e-01 -6.605010e-01 4.623976e-01 1.000593e+01 7.541810e-01 6.560839e-01 -2.765753e-02 -2.563327e-01 -2.851038e-01 3.650922e-01 8.862412e-01 4.211668e+01
5.832075e-01 7.935232e-01 -1.737522e-01 1.006549e+01 -6.562565e-01 5.863150e-01 4.749338e-01 -2.582539e-01 4.787445e-01 -1.629589e-01 8.626981e-01 4.280182e+01
5.021133e-01 -7.419809e-01 4.442371e-01 1.003195e+01 8.178906e-01 5.743202e-01 3.480316e-02 -2.506827e-01 -2.809576e-01 3.458622e-01 8.952330e-01 4.374463e+01
5.021317e-01 8.596080e-01 -9.453976e-02 1.014103e+01 -7.610617e-01 4.911677e-01 4.237208e-01 -2.507409e-01 4.106687e-01 -1.408131e-01 9.008457e-01 4.477236e+01
5.895120e-01 -7.867377e-01 1.830831e-01 1.052106e+01 8.077212e-01 5.763531e-01 -1.241109e-01 -2.637144e-01 -7.877741e-03 2.210450e-01 9.752318e-01 4.564657e+01
5.252363e-01 8.479331e-01 7.166831e-02 1.102988e+01 -7.697501e-01 4.375198e-01 4.648238e-01 -2.813530e-01 3.627832e-01 -2.993090e-01 8.824979e-01 4.639782e+01
6.279341e-01 -7.686896e-01 1.217175e-01 1.158561e+01 7.537577e-01 5.617363e-01 -3.410302e-01 -3.019269e-01 1.937732e-01 3.058900e-01 9.321391e-01 4.699804e+01
5.520073e-01 7.354386e-01 3.929605e-01 1.219747e+01 -8.336046e-01 4.755471e-01 2.809953e-01 -3.288648e-01 1.978359e-02 -4.826851e-01 8.755705e-01 4.753771e+01
5.741662e-01 -8.187091e-01 -6.973201e-03 1.274754e+01 7.777682e-01 5.480750e-01 -3.077181e-01 -3.537155e-01 2.557534e-01 1.712578e-01 9.514520e-01 4.795931e+01
6.018320e-01 7.744930e-01 1.948306e-01 1.279304e+01 -5.501617e-01 2.252307e-01 8.041102e-01 -3.303884e-01 5.788958e-01 -5.911275e-01 5.616474e-01 4.988160e+01
6.401664e-01 -2.917924e-01 -7.106646e-01 1.254599e+01 -3.641880e-01 6.992433e-01 -6.151633e-01 -2.567403e-01 6.764274e-01 6.526224e-01 3.413648e-01 5.318915e+01
7.235185e-01 -1.277600e-01 -6.783792e-01 1.222263e+01 6.740796e-01 3.425747e-01 6.544152e-01 -1.794010e-01 1.487875e-01 -9.307631e-01 3.339795e-01 5.639225e+01
6.452844e-01 7.582711e-01 -9.291378e-02 1.215874e+01 -6.882479e-01 5.242472e-01 -5.014776e-01 -1.536518e-01 -3.315462e-01 3.875434e-01 8.601670e-01 5.805039e+01
5.437419e-01 -5.382147e-01 -6.439486e-01 1.220517e+01 8.227773e-01 4.931443e-01 2.825707e-01 -1.467004e-01 1.654759e-01 -6.834718e-01 7.109740e-01 5.907118e+01
5.536383e-01 7.806589e-01 2.899245e-01 1.216958e+01 -6.030010e-01 6.159271e-01 -5.069750e-01 -1.304000e-01 -5.743469e-01 1.058560e-01 8.117390e-01 6.042833e+01
2.185755e-01 -2.598922e-01 -9.405747e-01 1.210374e+01 7.231394e-01 6.903291e-01 -2.269951e-02 -9.965452e-02 6.552055e-01 -6.752050e-01 3.388274e-01 6.238482e+01
5.816028e-01 4.680106e-01 6.653602e-01 1.205734e+01 -6.092528e-01 7.925838e-01 -2.494063e-02 -5.898333e-02 -5.390262e-01 -3.908670e-01 7.461057e-01 6.498148e+01
2.036548e-01 -2.056116e-01 -9.572087e-01 1.198415e+01 1.967454e-01 9.663486e-01 -1.657155e-01 -1.699285e-02 9.590704e-01 -1.545777e-01 2.372547e-01 6.753702e+01
4.188527e-01 -9.754749e-02 9.027995e-01 1.190666e+01 -2.372798e-01 9.479129e-01 2.125076e-01 1.454066e-02 -8.765048e-01 -3.032255e-01 3.738898e-01 6.955280e+01
7.516927e-01 -1.555350e-01 -6.409110e-01 1.199110e+01 8.459566e-02 9.865048e-01 -1.401850e-01 1.397581e-02 6.540655e-01 5.115771e-02 7.547060e-01 7.067116e+01
6.469738e-01 -4.518925e-02 7.611720e-01 1.211955e+01 -1.533817e-01 9.701255e-01 1.879644e-01 8.780058e-03 -7.469263e-01 -2.383579e-01 6.207146e-01 7.146739e+01
7.388245e-01 -1.556209e-02 -6.737182e-01 1.227923e+01 -2.245550e-02 9.986096e-01 -4.769224e-02 2.719673e-03 6.735237e-01 5.036487e-02 7.374478e-01 7.242992e+01
6.240484e-01 -2.003735e-01 7.552576e-01 1.239965e+01 -3.307799e-02 9.589211e-01 2.817379e-01 2.309693e-03 -7.806852e-01 -2.008005e-01 5.917852e-01 7.364311e+01
6.297253e-01 1.522376e-01 -7.617544e-01 1.244113e+01 -2.077744e-01 9.778903e-01 2.367026e-02 9.301268e-03 7.485158e-01 1.433673e-01 6.474334e-01 7.486291e+01
6.519313e-01 -3.490672e-01 6.731550e-01 1.245741e+01 1.475734e-01 9.291741e-01 3.389064e-01 1.674288e-02 -7.437793e-01 -1.216040e-01 6.572707e-01 7.597201e+01
8.061906e-01 2.232531e-01 -5.479186e-01 1.241730e+01 -2.879951e-01 9.570353e-01 -3.379671e-02 2.665846e-02 5.168322e-01 1.850445e-01 8.358487e-01 7.703688e+01
6.913158e-01 -4.037949e-01 5.991928e-01 1.229603e+01 2.195361e-01 9.074510e-01 3.582409e-01 4.301670e-02 -6.883940e-01 -1.161132e-01 7.159828e-01 7.808242e+01
8.833966e-01 2.275920e-01 -4.096491e-01 1.227556e+01 -3.018695e-01 9.449920e-01 -1.259564e-01 4.676361e-02 3.584485e-01 2.349300e-01 9.035057e-01 7.891071e+01
7.981154e-01 -3.930537e-01 4.566405e-01 1.232951e+01 1.978858e-01 8.868654e-01 4.175056e-01 4.602696e-02 -5.690808e-01 -2.428549e-01 7.856007e-01 7.973919e+01
8.694502e-01 2.680760e-01 -4.149598e-01 1.237796e+01 -3.513426e-01 9.260340e-01 -1.379107e-01 4.681192e-02 3.472963e-01 2.656996e-01 8.993270e-01 8.065280e+01
8.380648e-01 -4.245227e-01 3.426776e-01 1.240450e+01 2.529776e-01 8.588850e-01 4.453301e-01 5.105727e-02 -4.833733e-01 -2.865257e-01 8.271960e-01 8.161674e+01
8.358662e-01 3.282576e-01 -4.399712e-01 1.248272e+01 -4.289015e-01 8.907698e-01 -1.502422e-01 5.182037e-02 3.425949e-01 3.142867e-01 8.853545e-01 8.244288e+01
8.582651e-01 -4.459351e-01 2.540138e-01 1.283979e+01 3.058857e-01 8.419259e-01 4.445163e-01 3.729827e-02 -4.120862e-01 -3.038136e-01 8.590008e-01 8.303372e+01
7.792144e-01 4.176764e-01 -4.673021e-01 1.313697e+01 -5.165059e-01 8.502724e-01 -1.012837e-01 2.532472e-02 3.550302e-01 3.202860e-01 8.782769e-01 8.358633e+01
8.537841e-01 -5.023033e-01 1.369093e-01 1.347600e+01 4.278989e-01 8.268193e-01 3.650650e-01 1.093307e-02 -2.965726e-01 -2.531034e-01 9.208601e-01 8.403633e+01
6.886193e-01 5.593186e-01 -4.614826e-01 1.396640e+01 -6.160709e-01 7.869359e-01 3.447479e-02 -9.490846e-03 3.824396e-01 2.605660e-01 8.864792e-01 8.430255e+01
7.735990e-01 -6.071154e-01 1.815366e-01 1.448392e+01 5.487285e-01 7.850970e-01 2.872623e-01 -3.091051e-02 -3.169252e-01 -1.226115e-01 9.404918e-01 8.463716e+01
7.756854e-01 6.123057e-01 -1.529509e-01 1.523885e+01 -6.280754e-01 7.727069e-01 -9.189921e-02 -6.244964e-02 6.191578e-02 1.673495e-01 9.839515e-01 8.494248e+01
6.645199e-01 -4.263070e-01 -6.137391e-01 1.538748e+01 5.689964e-01 8.210659e-01 4.575778e-02 -5.123483e-02 4.844134e-01 -3.796223e-01 7.881818e-01 8.631277e+01
7.907096e-01 6.121378e-01 8.101533e-03 1.524253e+01 -5.810640e-01 7.462734e-01 3.247162e-01 -2.257552e-02 1.927251e-01 -2.614638e-01 9.457768e-01 8.774684e+01
8.032622e-01 -5.924159e-01 6.175113e-02 1.527236e+01 5.913911e-01 7.809136e-01 -2.010736e-01 -2.141688e-02 7.089688e-02 1.980339e-01 9.776279e-01 8.838489e+01
7.971781e-01 6.037367e-01 -3.021854e-03 1.537229e+01 -5.594773e-01 7.406004e-01 3.721508e-01 -2.324071e-02 2.269191e-01 -2.949798e-01 9.281674e-01 8.881341e+01
8.408714e-01 -5.408317e-01 -2.088858e-02 1.561523e+01 5.266406e-01 8.264898e-01 -1.989077e-01 -2.855161e-02 1.248398e-01 1.562550e-01 9.797956e-01 8.981172e+01
8.283650e-01 5.531576e-01 8.847660e-02 1.565217e+01 -4.698747e-01 6.001002e-01 6.473774e-01 1.562874e-03 3.050069e-01 -5.778377e-01 7.570168e-01 9.220733e+01
8.498240e-01 -3.697552e-01 -3.756064e-01 1.546916e+01 1.247728e-01 8.335135e-01 -5.382258e-01 4.394477e-02 5.120848e-01 4.105317e-01 7.544752e-01 9.409987e+01
8.571613e-01 3.086677e-01 -4.123091e-01 1.514255e+01 1.803759e-01 5.699263e-01 8.016536e-01 9.919519e-02 4.824304e-01 -7.615171e-01 4.328425e-01 9.598062e+01
7.137151e-01 4.482965e-01 -5.381830e-01 1.497955e+01 -6.044559e-01 7.824150e-01 -1.498661e-01 1.582994e-01 3.538980e-01 4.322696e-01 8.293969e-01 9.880619e+01
8.041669e-01 -5.067834e-01 -3.106224e-01 1.517555e+01 5.937332e-01 6.600403e-01 4.602475e-01 1.724945e-01 -2.822248e-02 -5.545426e-01 8.316766e-01 1.010028e+02
7.789321e-01 6.260427e-01 3.654212e-02 1.544345e+01 -5.837834e-01 7.451690e-01 -3.223664e-01 1.658947e-01 -2.290452e-01 2.297689e-01 9.459094e-01 1.020082e+02
7.647194e-01 -5.502002e-01 -3.353864e-01 1.537625e+01 6.401012e-01 7.084166e-01 2.973491e-01 1.739659e-01 7.399179e-02 -4.420698e-01 8.939236e-01 1.027176e+02
7.386731e-01 6.186442e-01 2.676590e-01 1.558259e+01 -4.890839e-01 7.651471e-01 -4.187443e-01 1.654927e-01 -4.638523e-01 1.784075e-01 8.677626e-01 1.034255e+02
8.318747e-01 -3.949775e-01 -3.898427e-01 1.582772e+01 5.513172e-01 6.685644e-01 4.990702e-01 1.574210e-01 6.351343e-02 -6.300908e-01 7.739196e-01 1.046678e+02
7.466507e-01 4.136766e-01 5.209458e-01 1.584475e+01 -8.945203e-02 8.384468e-01 -5.375922e-01 1.692446e-01 -6.591746e-01 3.547939e-01 6.630310e-01 1.063070e+02
9.477945e-01 -5.628302e-02 -3.138754e-01 1.583254e+01 2.621506e-01 6.979393e-01 6.664516e-01 1.825060e-01 1.815561e-01 -7.139418e-01 6.762577e-01 1.078007e+02
9.534742e-01 3.010398e-01 1.618750e-02 1.602446e+01 -2.520002e-01 8.253242e-01 -5.053077e-01 1.807328e-01 -1.654777e-01 4.777186e-01 8.627874e-01 1.088058e+02
8.206189e-01 -1.157851e-01 -5.596235e-01 1.633104e+01 4.325357e-01 7.658456e-01 4.758082e-01 1.703337e-01 3.734936e-01 -6.325143e-01 6.785486e-01 1.094115e+02
7.711745e-01 3.821078e-01 5.091990e-01 1.667941e+01 -7.229144e-02 8.472297e-01 -5.262849e-01 1.540882e-01 -6.325060e-01 3.690467e-01 6.809850e-01 1.099542e+02
6.882779e-01 8.950807e-02 -7.199041e-01 1.731785e+01 3.675303e-01 8.125546e-01 4.524119e-01 1.291675e-01 6.254558e-01 -5.759717e-01 5.263664e-01 1.103388e+02
8.272998e-01 3.473036e-01 4.415375e-01 1.771110e+01 -1.444254e-01 8.910647e-01 -4.302848e-01 1.141278e-01 -5.428779e-01 2.922053e-01 7.873371e-01 1.107283e+02
4.886772e-01 5.908285e-03 -8.724447e-01 1.775460e+01 4.097132e-01 8.813027e-01 2.354585e-01 1.143034e-01 7.702790e-01 -4.725153e-01 4.282518e-01 1.111466e+02
8.306856e-01 3.833378e-01 4.037494e-01 1.768339e+01 -3.285848e-01 9.229927e-01 -2.002910e-01 1.239969e-01 -4.494369e-01 3.371290e-02 8.926757e-01 1.117435e+02
5.936946e-01 -1.815335e-01 -7.839466e-01 1.763286e+01 3.231203e-01 9.460104e-01 2.564228e-02 1.315499e-01 7.369667e-01 -2.685327e-01 6.202985e-01 1.123819e+02
5.311665e-01 2.189617e-01 8.184851e-01 1.764904e+01 -1.400685e-01 9.754303e-01 -1.700485e-01 1.316534e-01 -8.356093e-01 -2.431995e-02 5.487855e-01 1.130515e+02
7.601721e-01 -7.528375e-02 -6.453454e-01 1.768729e+01 2.478407e-01 9.517597e-01 1.809102e-01 1.307844e-01 6.005941e-01 -2.974658e-01 7.421595e-01 1.139244e+02
6.372117e-01 1.043083e-01 7.635974e-01 1.791025e+01 -2.074714e-02 9.927612e-01 -1.182991e-01 1.222152e-01 -7.704095e-01 5.953911e-02 6.347632e-01 1.148776e+02
7.957988e-01 9.945883e-02 -5.973376e-01 1.811087e+01 8.912131e-02 9.564430e-01 2.779824e-01 1.143572e-01 5.989672e-01 -2.744536e-01 7.522723e-01 1.158881e+02
6.027084e-01 -1.949084e-02 7.977235e-01 1.842088e+01 1.829640e-01 9.764434e-01 -1.143783e-01 1.007217e-01 -7.767025e-01 2.148914e-01 5.920767e-01 1.165295e+02
5.031659e-01 3.142334e-01 -8.050350e-01 1.872574e+01 -2.022951e-02 9.355764e-01 3.525443e-01 8.833800e-02 8.639530e-01 -1.611028e-01 4.771070e-01 1.169750e+02
7.063033e-01 -9.390002e-02 7.016541e-01 1.918888e+01 2.132447e-01 9.733466e-01 -8.439799e-02 7.157146e-02 -6.750277e-01 2.092346e-01 7.075016e-01 1.174153e+02
4.453892e-01 3.983971e-01 -8.018156e-01 2.004172e+01 -1.112222e-01 9.132286e-01 3.919735e-01 3.936899e-02 8.884020e-01 -8.540109e-02 4.510527e-01 1.176371e+02
6.108954e-01 -1.905460e-01 7.684393e-01 2.085951e+01 2.879106e-01 9.576189e-01 8.572247e-03 6.056790e-03 -7.375055e-01 2.160051e-01 6.398652e-01 1.179232e+02
5.247327e-01 4.519039e-01 -7.214142e-01 2.170100e+01 -2.501968e-01 8.919012e-01 3.767145e-01 -2.806293e-02 8.136689e-01 -1.717891e-02 5.810747e-01 1.182164e+02
8.122284e-01 -3.760750e-01 4.459289e-01 2.214143e+01 3.704171e-01 9.230511e-01 1.037680e-01 -3.790141e-02 -4.506397e-01 8.089644e-02 8.890330e-01 1.194442e+02
4.466567e-01 5.937376e-01 -6.693082e-01 2.239995e+01 -3.314333e-01 8.046567e-01 4.926252e-01 -3.923220e-02 8.310534e-01 1.796655e-03 5.561897e-01 1.204297e+02
9.198473e-01 -3.141891e-01 2.348747e-01 2.282958e+01 3.667122e-01 9.013390e-01 -2.304565e-01 -5.586588e-02 -1.392948e-01 2.981162e-01 9.443112e-01 1.206037e+02
5.989889e-01 5.477736e-01 -5.840859e-01 2.318089e+01 -1.261743e-01 7.848688e-01 6.066803e-01 -7.131493e-02 7.907543e-01 -2.896981e-01 5.392426e-01 1.209402e+02
9.145702e-01 -1.292992e-01 3.832010e-01 2.384998e+01 2.581894e-01 9.159696e-01 -3.071449e-01 -9.676760e-02 -3.112869e-01 3.798441e-01 8.711022e-01 1.214615e+02
5.791238e-01 5.036804e-01 -6.410317e-01 2.432603e+01 2.597587e-02 7.745110e-01 6.320269e-01 -1.148227e-01 8.148257e-01 -3.826732e-01 4.354542e-01 1.221901e+02
5.738164e-01 -5.743395e-02 8.169676e-01 2.485664e+01 4.545161e-01 8.521512e-01 -2.593326e-01 -1.411343e-01 -6.812855e-01 5.201342e-01 5.150830e-01 1.226097e+02
1.604260e-01 6.599882e-01 -7.339476e-01 2.490303e+01 1.446542e-01 7.198296e-01 6.789113e-01 -1.395411e-01 9.763906e-01 -2.150836e-01 2.000935e-02 1.233589e+02
8.924764e-01 3.420041e-02 4.497958e-01 2.473287e+01 1.660451e-01 9.022055e-01 -3.980631e-01 -1.110741e-01 -4.194222e-01 4.299483e-01 7.995183e-01 1.245480e+02
3.027808e-01 4.422085e-01 -8.442603e-01 2.453961e+01 3.035348e-01 7.949712e-01 5.252498e-01 -8.037799e-02 9.034326e-01 -4.152980e-01 1.064763e-01 1.257840e+02
7.709971e-01 6.784627e-02 6.332143e-01 2.431251e+01 1.169719e-01 9.623056e-01 -2.455312e-01 -3.358971e-02 -6.260040e-01 2.633721e-01 7.339987e-01 1.278624e+02
2.597599e-01 4.132902e-01 -8.727634e-01 2.411822e+01 1.954975e-01 8.625665e-01 4.666473e-01 7.062552e-03 9.456773e-01 -2.918393e-01 1.432630e-01 1.296364e+02
3.075414e-01 6.325415e-02 9.494299e-01 2.399877e+01 4.043003e-01 8.945547e-01 -1.905600e-01 2.005256e-02 -8.613707e-01 4.424599e-01 2.495390e-01 1.303881e+02
2.923704e-01 4.995132e-01 -8.154791e-01 2.382911e+01 8.565424e-02 8.356336e-01 5.425679e-01 3.723347e-02 9.524615e-01 -2.284800e-01 2.015291e-01 1.311946e+02
5.193699e-01 -4.223650e-02 8.535051e-01 2.359843e+01 4.194001e-01 8.828144e-01 -2.115239e-01 6.152155e-02 -7.445526e-01 4.678193e-01 4.762212e-01 1.320190e+02
-1.083263e-01 7.011360e-01 -7.047508e-01 2.335386e+01 2.622786e-01 7.039616e-01 6.600364e-01 1.049310e-01 9.588928e-01 -1.133417e-01 -2.601505e-01 1.337583e+02
7.705117e-01 5.709813e-02 6.348634e-01 2.301173e+01 2.507939e-01 8.884955e-01 -3.842891e-01 1.581793e-01 -5.860155e-01 4.553191e-01 6.702763e-01 1.353759e+02
2.571309e-01 4.288351e-01 -8.660163e-01 2.285882e+01 2.537600e-01 8.347377e-01 4.886910e-01 1.753673e-01 9.324643e-01 -3.454178e-01 1.058157e-01 1.360351e+02
3.963054e-01 7.167729e-02 9.153166e-01 2.279725e+01 3.558685e-01 9.070192e-01 -2.251082e-01 1.875754e-01 -8.463449e-01 4.149440e-01 3.339489e-01 1.370563e+02
5.117422e-01 4.913564e-01 -7.047615e-01 2.271881e+01 3.300192e-02 8.084635e-01 5.876203e-01 2.051844e-01 8.585050e-01 -3.239686e-01 3.975092e-01 1.383035e+02
7.310853e-01 -8.800393e-02 6.765867e-01 2.260635e+01 3.614045e-01 8.910516e-01 -2.746159e-01 2.231363e-01 -5.787064e-01 4.452892e-01 6.832397e-01 1.392733e+02
3.588321e-01 5.471809e-01 -7.561961e-01 2.247654e+01 9.247820e-02 7.853231e-01 6.121401e-01 2.415914e-01 9.288096e-01 -2.895872e-01 2.311968e-01 1.401603e+02
7.430739e-01 2.088834e-03 6.692061e-01 2.236726e+01 3.116316e-01 8.838734e-01 -3.487888e-01 2.564597e-01 -5.922220e-01 4.677216e-01 6.561323e-01 1.409323e+02
5.567861e-01 4.448219e-01 -7.015146e-01 2.231535e+01 9.291144e-02 8.058808e-01 5.847423e-01 2.641970e-01 8.254433e-01 -3.907551e-01 4.073742e-01 1.416299e+02
9.829051e-01 1.199699e-01 1.396598e-01 2.198690e+01 -5.316019e-02 9.111738e-01 -4.085783e-01 2.933628e-01 -1.762714e-01 3.941694e-01 9.019750e-01 1.421913e+02
4.717962e-01 1.280942e-01 -8.723532e-01 2.158617e+01 3.369375e-01 8.881065e-01 3.126339e-01 3.277802e-01 8.147892e-01 -4.414280e-01 3.758456e-01 1.427579e+02
6.434047e-01 2.559745e-01 7.214620e-01 2.129232e+01 1.979951e-02 9.365597e-01 -3.499485e-01 3.539921e-01 -7.652701e-01 2.394431e-01 5.975187e-01 1.434864e+02
7.515448e-01 -1.300157e-03 -6.596808e-01 2.067186e+01 3.136227e-01 8.804642e-01 3.555610e-01 4.046898e-01 5.803630e-01 -4.741109e-01 6.621160e-01 1.444328e+02
5.345436e-01 2.278608e-01 8.138444e-01 2.021802e+01 2.952462e-01 8.519484e-01 -4.324507e-01 4.377957e-01 -7.918920e-01 4.714482e-01 3.881285e-01 1.451606e+02
7.018579e-01 3.013858e-01 -6.454162e-01 1.994071e+01 1.827389e-01 7.995738e-01 5.720911e-01 4.617398e-01 6.884780e-01 -5.194694e-01 5.061123e-01 1.459615e+02
7.301592e-01 1.065955e-01 6.749111e-01 1.990680e+01 2.630300e-01 8.677857e-01 -4.216197e-01 4.700644e-01 -6.306209e-01 4.853713e-01 6.055839e-01 1.467708e+02
8.317815e-01 3.161876e-01 -4.562510e-01 2.006176e+01 2.358281e-02 8.010509e-01 5.981316e-01 4.604285e-01 5.546020e-01 -5.082744e-01 6.588427e-01 1.473868e+02
5.781223e-01 -1.054907e-01 8.091022e-01 2.015725e+01 5.082873e-01 8.222653e-01 -2.559762e-01 4.537716e-01 -6.382935e-01 5.592419e-01 5.289895e-01 1.481214e+02
8.126133e-01 5.141703e-01 -2.743876e-01 2.015281e+01 -2.831916e-01 7.598476e-01 5.851788e-01 4.568777e-01 5.093743e-01 -3.978198e-01 7.630709e-01 1.490440e+02
5.988065e-01 -4.083975e-01 6.889429e-01 2.006229e+01 6.499172e-01 7.504688e-01 -1.200173e-01 4.676138e-01 -4.680154e-01 5.196230e-01 7.148101e-01 1.499613e+02
7.711829e-01 6.239737e-01 -1.262286e-01 2.001452e+01 -5.359208e-01 7.433363e-01 4.002999e-01 4.734478e-01 3.436069e-01 -2.410559e-01 9.076488e-01 1.507967e+02
2.873557e-01 -6.227805e-01 7.277164e-01 2.017905e+01 6.909341e-01 6.609595e-01 2.928186e-01 4.628811e-01 -6.633527e-01 4.186610e-01 6.202307e-01 1.513977e+02
7.503099e-01 6.096468e-01 -2.556674e-01 2.017777e+01 -6.415524e-01 7.648007e-01 -5.907968e-02 4.621251e-01 1.595168e-01 2.083521e-01 9.649579e-01 1.519719e+02
2.851378e-01 -7.411522e-01 6.077745e-01 2.013164e+01 3.929850e-01 6.687496e-01 6.311392e-01 4.664695e-01 -8.742192e-01 5.888465e-02 4.819475e-01 1.525912e+02
9.150189e-01 2.990443e-01 -2.707637e-01 2.038213e+01 -3.996775e-01 7.631198e-01 -5.078446e-01 4.554205e-01 5.475714e-02 5.729055e-01 8.177903e-01 1.532019e+02
6.831074e-01 -4.589007e-01 5.681324e-01 2.119686e+01 -9.776674e-02 7.134615e-01 6.938403e-01 4.209447e-01 -7.237444e-01 -5.295119e-01 4.425056e-01 1.535528e+02
9.822324e-01 -6.254106e-02 -1.769408e-01 2.233084e+01 -6.742095e-02 7.622970e-01 -6.437062e-01 3.719282e-01 1.751396e-01 6.441986e-01 7.445363e-01 1.537443e+02
6.493020e-01 -1.406793e-01 7.474063e-01 2.308158e+01 -4.247546e-01 7.481132e-01 5.098138e-01 3.375983e-01 -6.308648e-01 -6.484874e-01 4.259973e-01 1.540156e+02
7.153554e-01 -4.364528e-01 -5.456881e-01 2.277195e+01 5.163004e-02 8.118168e-01 -5.816251e-01 3.638079e-01 6.968507e-01 3.878948e-01 6.032717e-01 1.547588e+02
8.444105e-01 -5.036294e-02 5.333240e-01 2.196984e+01 -2.839577e-01 8.021166e-01 5.253352e-01 4.309695e-01 -4.542454e-01 -5.950400e-01 6.630147e-01 1.557681e+02
7.182687e-01 -2.447327e-01 -6.513033e-01 2.149104e+01 -1.539941e-01 8.569607e-01 -4.918376e-01 4.742129e-01 6.785101e-01 4.535684e-01 5.778406e-01 1.566698e+02
7.021810e-01 -2.202224e-01 6.770848e-01 2.147271e+01 -2.516135e-01 8.128524e-01 5.253205e-01 4.809433e-01 -6.660574e-01 -5.392338e-01 5.153586e-01 1.573256e+02
8.959333e-01 -2.329330e-01 -3.782139e-01 2.190046e+01 7.042416e-03 8.588133e-01 -5.122403e-01 4.598704e-01 4.441327e-01 4.562696e-01 7.710799e-01 1.577313e+02
8.088978e-01 -4.195841e-02 5.864503e-01 2.242114e+01 -3.191848e-01 8.063320e-01 4.979455e-01 4.358500e-01 -4.937666e-01 -5.899730e-01 6.388477e-01 1.580696e+02
8.892905e-01 -3.064499e-01 -3.394862e-01 2.236854e+01 1.396513e-01 8.888035e-01 -4.364926e-01 4.491646e-01 4.354997e-01 3.407591e-01 8.332006e-01 1.590920e+02
8.234999e-01 4.219641e-02 5.657449e-01 2.199155e+01 -2.869802e-01 8.912129e-01 3.512575e-01 4.849014e-01 -4.893774e-01 -4.516181e-01 7.460233e-01 1.600887e+02
7.628099e-01 -2.378725e-01 -6.012801e-01 2.201539e+01 -1.163432e-02 9.246782e-01 -3.805718e-01 4.868510e-01 6.465182e-01 2.972994e-01 7.025862e-01 1.605107e+02
7.834761e-01 -8.057887e-02 6.161754e-01 2.210728e+01 -2.291963e-01 8.841814e-01 4.070532e-01 4.825633e-01 -5.776107e-01 -4.601416e-01 6.742667e-01 1.610183e+02
7.810501e-01 -1.913621e-01 -5.944251e-01 2.215615e+01 -6.627792e-02 9.211105e-01 -3.836178e-01 4.809762e-01 6.209412e-01 3.390220e-01 7.067504e-01 1.614746e+02
6.524967e-01 -1.477827e-01 7.432418e-01 2.205752e+01 -1.978264e-01 9.135701e-01 3.553230e-01 4.839349e-01 -7.315140e-01 -3.788800e-01 5.668661e-01 1.619167e+02
8.409356e-01 -2.209268e-01 -4.939825e-01 2.209644e+01 4.123685e-02 9.363717e-01 -3.485792e-01 4.804934e-01 5.395617e-01 2.727624e-01 7.965387e-01 1.624164e+02
6.677371e-01 -7.362151e-03 7.443607e-01 2.209568e+01 -1.908570e-01 9.648326e-01 1.807532e-01 4.654190e-01 -7.195142e-01 -2.627621e-01 6.428494e-01 1.621792e+02
7.163413e-01 -2.401391e-01 -6.551247e-01 2.203823e+01 9.650939e-02 9.639856e-01 -2.478261e-01 4.609030e-01 6.910434e-01 1.143024e-01 7.137184e-01 1.622195e+02
6.933005e-01 -1.494962e-02 7.204936e-01 2.208889e+01 -2.310555e-01 9.423923e-01 2.418887e-01 4.631653e-01 -6.826037e-01 -3.341755e-01 6.499068e-01 1.629748e+02
5.938451e-01 -1.162479e-01 -7.961372e-01 2.204916e+01 -6.870468e-02 9.785664e-01 -1.941326e-01 4.696978e-01 8.016406e-01 1.699830e-01 5.731301e-01 1.636643e+02
6.774335e-01 -1.556183e-01 7.189345e-01 2.192406e+01 -8.806502e-02 9.531779e-01 2.893033e-01 4.806533e-01 -7.302933e-01 -2.592967e-01 6.320102e-01 1.642966e+02
6.535937e-01 -1.141894e-02 -7.567595e-01 2.184620e+01 -1.497764e-01 9.781601e-01 -1.441177e-01 4.885737e-01 7.418776e-01 2.075392e-01 6.376089e-01 1.649476e+02
4.864830e-01 -2.680615e-01 8.315512e-01 2.180186e+01 -2.304072e-02 9.475018e-01 3.189193e-01 4.938176e-01 -8.733862e-01 -1.743083e-01 4.547672e-01 1.657529e+02
2.411456e-01 1.479275e-01 -9.591487e-01 2.199525e+01 -3.449955e-01 9.368262e-01 5.774729e-02 4.878093e-01 9.070981e-01 3.169765e-01 2.769459e-01 1.663536e+02
9.190876e-01 -3.931048e-01 -2.732446e-02 2.199549e+01 3.694768e-01 8.355858e-01 4.065505e-01 5.187578e-01 -1.369850e-01 -3.837512e-01 9.132196e-01 1.682392e+02
7.232959e-01 5.250494e-01 -4.485155e-01 2.193351e+01 -5.506544e-01 8.304779e-01 8.417972e-02 5.372582e-01 4.166807e-01 1.860902e-01 8.898020e-01 1.695021e+02
7.181532e-01 -3.300652e-01 -6.126279e-01 2.170334e+01 4.480579e-01 8.929131e-01 4.416171e-02 5.915616e-01 5.324472e-01 -3.062077e-01 7.891367e-01 1.718200e+02
7.064438e-01 6.253356e-01 -3.315004e-01 2.135899e+01 -2.657608e-01 6.684690e-01 6.946368e-01 6.722820e-01 6.559790e-01 -4.026220e-01 6.384255e-01 1.750584e+02
9.150734e-01 -1.514893e-01 -3.737534e-01 2.112730e+01 -3.913057e-02 8.890421e-01 -4.561502e-01 7.167490e-01 4.013844e-01 4.320361e-01 8.076109e-01 1.768623e+02
9.521072e-01 -8.049830e-02 2.949779e-01 2.109725e+01 -1.118791e-01 8.061066e-01 5.810983e-01 7.230900e-01 -2.845610e-01 -5.862697e-01 7.584938e-01 1.776482e+02
9.570381e-01 -4.988225e-02 -2.856393e-01 2.118001e+01 -8.468214e-02 8.940639e-01 -4.398622e-01 7.239230e-01 2.773211e-01 4.451534e-01 8.514290e-01 1.785732e+02
9.743289e-01 -1.050034e-01 1.991417e-01 2.135726e+01 -3.482198e-02 8.036300e-01 5.941097e-01 7.187043e-01 -2.224198e-01 -5.857927e-01 7.793435e-01 1.793138e+02
9.911501e-01 -2.821783e-02 -1.297124e-01 2.138707e+01 -3.680910e-02 8.804069e-01 -4.727883e-01 7.195561e-01 1.275408e-01 4.733787e-01 8.715767e-01 1.800650e+02
8.967494e-01 -1.296853e-01 4.231103e-01 2.137657e+01 -1.289010e-01 8.380955e-01 5.300759e-01 7.223619e-01 -4.233499e-01 -5.298846e-01 7.348450e-01 1.807978e+02
9.270777e-01 -1.181351e-01 -3.557682e-01 2.132004e+01 -6.567977e-02 8.831781e-01 -4.644164e-01 7.262684e-01 3.690706e-01 4.539168e-01 8.110156e-01 1.813564e+02
8.932490e-01 -1.385015e-01 4.276956e-01 2.129317e+01 -1.393879e-01 8.191524e-01 5.563814e-01 7.308918e-01 -4.274076e-01 -5.566027e-01 7.124017e-01 1.820862e+02
8.461928e-01 -5.157728e-02 -5.303748e-01 2.132172e+01 -2.090430e-01 8.833922e-01 -4.194273e-01 7.333230e-01 4.901619e-01 4.657875e-01 7.367383e-01 1.827909e+02
8.516644e-01 -2.806050e-01 4.426382e-01 2.159899e+01 -8.060137e-02 7.644110e-01 6.396712e-01 7.230749e-01 -5.178524e-01 -5.804624e-01 6.284045e-01 1.836970e+02
8.771195e-01 4.800010e-02 -4.778675e-01 2.195071e+01 -2.810108e-01 8.581874e-01 -4.295897e-01 7.097460e-01 3.894795e-01 5.110875e-01 7.662214e-01 1.845999e+02
8.303039e-01 -3.431178e-01 4.391646e-01 2.236643e+01 -4.986133e-02 7.391114e-01 6.717352e-01 6.928610e-01 -5.550759e-01 -5.796417e-01 5.965788e-01 1.854602e+02
9.281790e-01 1.863506e-02 -3.716672e-01 2.281990e+01 -2.280527e-01 8.177119e-01 -5.285255e-01 6.745563e-01 2.940676e-01 5.753260e-01 7.632328e-01 1.860786e+02
7.288927e-01 -3.153114e-01 6.076957e-01 2.322319e+01 -2.194926e-01 7.331498e-01 6.436726e-01 6.558971e-01 -6.484893e-01 -6.025529e-01 4.651791e-01 1.868074e+02
8.910170e-01 -1.525392e-01 -4.275752e-01 2.359073e+01 -1.234893e-01 8.249008e-01 -5.516241e-01 6.378482e-01 4.368513e-01 5.443074e-01 7.161637e-01 1.875144e+02
7.243307e-01 -1.852576e-01 6.640969e-01 2.404169e+01 -3.187483e-01 7.641211e-01 5.608194e-01 6.154396e-01 -6.113466e-01 -6.178985e-01 4.944258e-01 1.879740e+02
9.157948e-01 -2.941417e-01 -2.734968e-01 2.447516e+01 1.092646e-01 8.377091e-01 -5.350745e-01 5.960659e-01 3.864985e-01 4.601349e-01 7.993089e-01 1.886469e+02
9.337966e-01 3.137517e-02 3.564260e-01 2.460579e+01 -2.805202e-01 6.825603e-01 6.748480e-01 5.980874e-01 -2.221087e-01 -7.301555e-01 6.461739e-01 1.898558e+02
9.490042e-01 -3.014800e-01 -9.220009e-02 2.453787e+01 2.016671e-01 8.053090e-01 -5.575014e-01 6.161002e-01 2.423251e-01 5.104774e-01 8.250402e-01 1.912013e+02
7.489776e-01 1.236766e-01 6.509506e-01 2.475140e+01 -4.575396e-01 8.071312e-01 3.730907e-01 6.080571e-01 -4.792600e-01 -5.772723e-01 6.611101e-01 1.917534e+02
8.679222e-01 -4.687704e-01 -1.642114e-01 2.526966e+01 3.703545e-01 8.310609e-01 -4.149401e-01 5.825262e-01 3.309814e-01 2.993193e-01 8.949074e-01 1.920650e+02
7.738187e-01 3.315395e-01 5.397093e-01 2.614686e+01 -5.184852e-01 8.209891e-01 2.390607e-01 5.464947e-01 -3.638374e-01 -4.648209e-01 8.071951e-01 1.920824e+02
7.823154e-01 -4.607053e-01 -4.192055e-01 2.695862e+01 2.913107e-01 8.654840e-01 -4.075237e-01 5.114066e-01 5.505640e-01 1.966930e-01 8.112898e-01 1.921129e+02
7.557477e-01 2.176671e-01 6.176297e-01 2.725314e+01 -4.854622e-01 8.192128e-01 3.053144e-01 4.970910e-01 -4.395132e-01 -5.305765e-01 7.247873e-01 1.926948e+02
8.490010e-01 -5.077628e-01 -1.461994e-01 2.730772e+01 4.621469e-01 8.477078e-01 -2.604069e-01 4.962272e-01 2.561593e-01 1.535201e-01 9.543658e-01 1.936299e+02
6.935629e-01 3.551002e-01 6.267968e-01 2.742202e+01 -4.966069e-01 8.659746e-01 5.890324e-02 4.911642e-01 -5.218736e-01 -3.521248e-01 7.769531e-01 1.944796e+02
8.421029e-01 -5.172393e-01 -1.527293e-01 2.766690e+01 5.201050e-01 8.537729e-01 -2.372116e-02 4.776206e-01 1.426656e-01 -5.945959e-02 9.879833e-01 1.951872e+02
6.691692e-01 4.410029e-01 5.981045e-01 2.804750e+01 -3.951103e-01 8.928181e-01 -2.162493e-01 4.585104e-01 -6.293651e-01 -9.160985e-02 7.716912e-01 1.957974e+02
7.644511e-01 -3.375575e-01 -5.492444e-01 2.839230e+01 4.466826e-01 8.916512e-01 7.370756e-02 4.439764e-01 4.648539e-01 -3.016837e-01 8.324048e-01 1.962414e+02
8.204957e-01 4.149768e-01 3.931679e-01 2.883482e+01 -3.757426e-01 9.098264e-01 -1.761630e-01 4.236083e-01 -4.308181e-01 -3.188920e-03 9.024331e-01 1.963733e+02
8.608817e-01 -3.160046e-01 -3.987778e-01 2.936526e+01 3.950274e-01 9.090782e-01 1.324019e-01 4.017817e-01 3.206806e-01 -2.715105e-01 9.074393e-01 1.967141e+02
8.192793e-01 3.176487e-01 4.773686e-01 2.954454e+01 -2.825046e-01 9.480863e-01 -1.460260e-01 3.932238e-01 -4.989716e-01 -1.522273e-02 8.664846e-01 1.974838e+02
8.596237e-01 -2.209431e-01 -4.606857e-01 2.967915e+01 3.160033e-01 9.384342e-01 1.395818e-01 3.871380e-01 4.014836e-01 -2.655660e-01 8.765190e-01 1.981736e+02
7.695821e-01 2.291198e-01 5.960264e-01 2.987683e+01 -1.654093e-01 9.730792e-01 -1.604889e-01 3.750137e-01 -6.167520e-01 2.492109e-02 7.867629e-01 1.988581e+02
9.410136e-01 -1.439281e-01 -3.062321e-01 2.997794e+01 2.315348e-01 9.338628e-01 2.725655e-01 3.729895e-01 2.467489e-01 -3.273912e-01 9.121019e-01 1.998540e+02
8.096605e-01 1.256072e-01 5.732998e-01 3.016676e+01 -6.241215e-03 9.786171e-01 -2.055959e-01 3.673080e-01 -5.868653e-01 1.628848e-01 7.931315e-01 2.007827e+02
9.919250e-01 -5.566097e-03 -1.267038e-01 3.050767e+01 4.980217e-02 9.358833e-01 3.487724e-01 3.529145e-01 1.166387e-01 -3.522662e-01 9.286032e-01 2.016683e+02
9.752177e-01 4.969043e-02 2.155954e-01 3.104152e+01 7.103400e-04 9.737447e-01 -2.276418e-01 3.314946e-01 -2.212465e-01 2.221535e-01 9.495777e-01 2.021392e+02
8.501609e-01 1.136869e-01 -5.141029e-01 3.170709e+01 6.678775e-02 9.452390e-01 3.194723e-01 3.047686e-01 5.222699e-01 -3.059386e-01 7.960124e-01 2.022528e+02
7.718653e-01 -6.116245e-03 6.357566e-01 3.224209e+01 1.454757e-01 9.751245e-01 -1.672394e-01 2.827852e-01 -6.189190e-01 2.215735e-01 7.535545e-01 2.026686e+02
9.025335e-01 1.380985e-01 -4.078752e-01 3.259740e+01 -2.130941e-02 9.603444e-01 2.780008e-01 2.649468e-01 4.300922e-01 -2.422135e-01 8.696858e-01 2.028895e+02
8.610692e-01 -8.448996e-02 5.014193e-01 3.262790e+01 2.014430e-01 9.620980e-01 -1.838157e-01 2.606966e-01 -4.668839e-01 2.592854e-01 8.454528e-01 2.031087e+02
5.886784e-01 2.727486e-01 -7.609639e-01 3.258215e+01 8.656182e-03 9.391781e-01 3.433214e-01 2.647075e-01 8.083210e-01 -2.086929e-01 5.505129e-01 2.032838e+02
7.595420e-01 -3.129172e-02 6.497052e-01 3.291579e+01 1.857010e-01 9.677030e-01 -1.704875e-01 2.501917e-01 -6.233868e-01 2.501433e-01 7.408220e-01 2.034605e+02
7.076917e-01 2.354186e-01 -6.661460e-01 3.297273e+01 -9.717309e-03 9.460074e-01 3.239994e-01 2.449977e-01 7.064545e-01 -2.228186e-01 6.717692e-01 2.037487e+02
8.815330e-01 -1.352813e-02 4.719285e-01 3.330454e+01 1.366348e-01 9.641237e-01 -2.275881e-01 2.259902e-01 -4.519187e-01 2.651083e-01 8.517553e-01 2.035610e+02
5.654801e-01 2.385395e-01 -7.895133e-01 3.376367e+01 4.839805e-02 9.460151e-01 3.204887e-01 2.057019e-01 8.233407e-01 -2.194409e-01 5.234079e-01 2.033830e+02
9.272851e-01 7.281464e-02 3.672063e-01 3.426247e+01 2.934281e-03 9.794574e-01 -2.016299e-01 1.839396e-01 -3.743445e-01 1.880458e-01 9.080225e-01 2.032619e+02
