9.999905e-01 2.429725e-04 -4.361846e-03 -2.818824e-01 -2.404762e-04 9.999998e-01 5.728367e-04 5.482901e-03 4.361984e-03 -5.717830e-04 9.999903e-01 -3.685805e-02
9.999985e-01 2.334479e-04 -1.738172e-03 -4.382677e-01 -2.329676e-04 9.999999e-01 2.764655e-04 4.639416e-04 1.738237e-03 -2.760594e-04 9.999985e-01 2.574460e-01
9.999874e-01 4.227164e-04 -4.994070e-03 -5.887668e-01 -4.193028e-04 9.999997e-01 6.845475e-04 -5.374661e-03 4.994357e-03 -6.824456e-04 9.999873e-01 7.327279e-01
9.999998e-01 -3.386031e-05 -5.788978e-04 -7.863967e-01 3.391276e-05 1.000000e+00 9.053736e-05 -7.034001e-03 5.788951e-04 -9.055626e-05 9.999998e-01 9.397382e-01
9.999951e-01 3.023040e-04 -3.104884e-03 -1.127596e+00 -3.012612e-04 9.999999e-01 3.363262e-04 5.640816e-04 3.104985e-03 -3.353899e-04 9.999951e-01 8.894675e-01
9.999963e-01 1.650451e-04 -2.703916e-03 -1.386446e+00 -1.640769e-04 9.999999e-01 3.582705e-04 -7.397747e-04 2.703975e-03 -3.578248e-04 9.999963e-01 1.153455e+00
9.999947e-01 2.710569e-04 -3.253323e-03 -1.549060e+00 -2.695971e-04 9.999999e-01 4.491240e-04 -2.312195e-03 3.253444e-03 -4.482453e-04 9.999946e-01 1.236690e+00
9.999971e-01 -1.769421e-05 -2.400531e-03 -1.686413e+00 1.834279e-05 1.000000e+00 2.701456e-04 -4.478618e-03 2.400526e-03 -2.701881e-04 9.999971e-01 1.331042e+00
9.999979e-01 3.518088e-04 -2.028731e-03 -2.036240e+00 -3.514445e-04 9.999999e-01 1.799753e-04 4.128153e-03 2.028793e-03 -1.792627e-04 9.999979e-01 1.402582e+00
9.999946e-01 -1.159780e-04 -3.287643e-03 -2.234399e+00 1.175836e-04 9.999999e-01 4.881596e-04 7.341395e-03 3.287586e-03 -4.885428e-04 9.999945e-01 1.430095e+00
9.999996e-01 5.548269e-05 -8.778846e-04 -2.337789e+00 -5.544527e-05 1.000000e+00 4.269715e-05 1.151963e-02 8.778867e-04 -4.264917e-05 9.999996e-01 1.062231e+00
9.999962e-01 -5.992540e-05 -2.762384e-03 -2.531497e+00 6.106295e-05 9.999999e-01 4.117044e-04 1.872263e-02 2.762359e-03 -4.118708e-04 9.999961e-01 7.750685e-01
9.999989e-01 -4.290824e-07 1.512445e-03 -2.989638e+00 1.107742e-06 9.999999e-01 -4.487463e-04 3.976396e-02 -1.512445e-03 4.487468e-04 9.999988e-01 2.625997e-01
9.999972e-01 -2.967195e-04 -2.328378e-03 -3.324055e+00 2.976689e-04 9.999999e-01 4.073925e-04 5.777617e-02 2.328258e-03 -4.080837e-04 9.999972e-01 -6.120285e-01
9.999964e-01 4.677057e-04 -2.626586e-03 -3.549955e+00 -4.674704e-04 9.999999e-01 9.021744e-05 6.271613e-02 2.626628e-03 -8.898998e-05 9.999965e-01 -9.537285e-01
9.999969e-01 1.147008e-04 -2.487628e-03 -3.943220e+00 -1.141143e-04 1.000000e+00 2.359158e-04 7.583611e-02 2.487655e-03 -2.356304e-04 9.999969e-01 -7.770784e-01
9.999996e-01 -4.070793e-04 8.354722e-04 -4.139244e+00 4.071471e-04 9.999999e-01 -8.102231e-05 9.058102e-02 -8.354394e-04 8.136172e-05 9.999996e-01 -1.629678e+00
9.999986e-01 -8.705616e-05 -1.656075e-03 -4.267661e+00 8.705607e-05 1.000000e+00 -1.546476e-07 1.065040e-01 1.656076e-03 1.118765e-08 9.999986e-01 -2.753024e+00
9.999991e-01 -5.197169e-05 -1.348590e-03 -4.394969e+00 5.242542e-05 9.999999e-01 3.364501e-04 1.167834e-01 1.348572e-03 -3.365212e-04 9.999990e-01 -3.371983e+00
9.999969e-01 8.575399e-05 -2.477891e-03 -4.622329e+00 -8.545936e-05 1.000000e+00 1.189883e-04 1.261536e-01 2.477902e-03 -1.187755e-04 9.999969e-01 -3.606926e+00
9.999999e-01 -3.778913e-04 -7.801918e-05 -4.688482e+00 3.778997e-04 9.999999e-01 1.085372e-04 1.373107e-01 7.797782e-05 -1.085674e-04 1.000000e+00 -4.453822e+00
9.999985e-01 8.926504e-05 -1.728955e-03 -4.860236e+00 -8.934545e-05 1.000000e+00 -4.645982e-05 1.527619e-01 1.728951e-03 4.661493e-05 9.999985e-01 -5.256220e+00
9.999994e-01 -4.587214e-04 1.029220e-03 -5.090328e+00 4.587235e-04 9.999999e-01 -1.920610e-06 1.704951e-01 -1.029220e-03 2.392026e-06 9.999995e-01 -6.204232e+00
9.999923e-01 1.913213e-04 -3.921329e-03 -5.123139e+00 -1.903014e-04 9.999999e-01 2.604682e-04 1.818978e-01 3.921379e-03 -2.597193e-04 9.999923e-01 -6.978277e+00
9.999983e-01 3.726529e-05 -1.844108e-03 -5.099749e+00 -3.660131e-05 9.999999e-01 3.601186e-04 1.775736e-01 1.844121e-03 -3.600512e-04 9.999982e-01 -7.005886e+00
9.999800e-01 5.745415e-04 -6.305627e-03 -5.029869e+00 -5.703675e-04 9.999996e-01 6.637144e-04 1.659841e-01 6.306006e-03 -6.601038e-04 9.999799e-01 -6.649086e+00
9.999997e-01 -4.597330e-04 6.304504e-04 -4.985387e+00 4.597349e-04 9.999999e-01 -2.977485e-06 1.663970e-01 -6.304493e-04 3.266614e-06 9.999998e-01 -6.917376e+00
9.999957e-01 2.227227e-04 -2.925467e-03 -5.057613e+00 -2.219604e-04 9.999999e-01 2.608579e-04 1.796447e-01 2.925525e-03 -2.602067e-04 9.999957e-01 -7.770269e+00
9.999969e-01 -5.160070e-04 2.422805e-03 -5.348901e+00 5.169222e-04 9.999998e-01 -3.771890e-04 2.017726e-01 -2.422610e-03 3.784395e-04 9.999970e-01 -8.603404e+00
9.999926e-01 4.389062e-04 -3.834216e-03 -5.811669e+00 -4.378904e-04 9.999999e-01 2.657442e-04 2.247421e-01 3.834332e-03 -2.640625e-04 9.999926e-01 -8.984190e+00
9.999996e-01 -6.751510e-05 9.291738e-04 -6.336438e+00 6.762431e-05 1.000000e+00 -1.175703e-04 2.501110e-01 -9.291662e-04 1.176324e-04 9.999996e-01 -8.753128e+00
9.999891e-01 1.850731e-04 -4.673474e-03 -6.629701e+00 -1.825893e-04 9.999998e-01 5.318758e-04 2.662297e-01 4.673572e-03 -5.310159e-04 9.999889e-01 -8.907289e+00
9.999995e-01 -3.502267e-04 9.237989e-04 -6.639419e+00 3.504419e-04 9.999999e-01 -2.327918e-04 2.763442e-01 -9.237176e-04 2.331147e-04 9.999995e-01 -9.672897e+00
9.999961e-01 -8.567082e-05 -2.782795e-03 -6.595079e+00 8.654231e-05 9.999999e-01 3.130314e-04 2.905890e-01 2.782769e-03 -3.132703e-04 9.999961e-01 -1.080340e+01
9.999997e-01 -1.384165e-04 -8.088158e-04 -6.512471e+00 1.384428e-04 1.000000e+00 3.246532e-05 3.004145e-01 8.088109e-04 -3.257800e-05 9.999997e-01 -1.170922e+01
9.999870e-01 1.016510e-04 -5.099182e-03 -6.349699e+00 -9.913151e-05 9.999999e-01 4.943331e-04 3.059673e-01 5.099232e-03 -4.938204e-04 9.999869e-01 -1.236734e+01
9.999997e-01 -1.063040e-04 -8.082040e-04 -6.324001e+00 1.063605e-04 1.000000e+00 7.001723e-05 3.113839e-01 8.081962e-04 -7.010388e-05 9.999997e-01 -1.280017e+01
9.999856e-01 2.800267e-04 -5.355078e-03 -6.332427e+00 -2.766873e-04 9.999998e-01 6.243033e-04 3.154539e-01 5.355252e-03 -6.228119e-04 9.999855e-01 -1.308925e+01
9.999987e-01 -4.324149e-05 -1.593644e-03 -6.260246e+00 4.354860e-05 1.000000e+00 1.927216e-04 3.177435e-01 1.593635e-03 -1.927915e-04 9.999987e-01 -1.339461e+01
9.999908e-01 1.666992e-04 -4.288763e-03 -6.223023e+00 -1.647743e-04 9.999999e-01 4.491445e-04 3.225018e-01 4.288838e-03 -4.484330e-04 9.999907e-01 -1.389832e+01
9.999995e-01 -1.091935e-04 -1.025810e-03 -6.195191e+00 1.093086e-04 1.000000e+00 1.122823e-04 3.284092e-01 1.025797e-03 -1.123951e-04 9.999995e-01 -1.447654e+01
9.999934e-01 9.654815e-05 -3.622809e-03 -6.196280e+00 -9.514410e-05 9.999999e-01 3.877058e-04 3.360991e-01 3.622847e-03 -3.873579e-04 9.999934e-01 -1.512756e+01
9.999997e-01 -6.925984e-05 -7.603770e-04 -6.236779e+00 6.928485e-05 1.000000e+00 3.296758e-05 3.446043e-01 7.603744e-04 -3.302096e-05 9.999997e-01 -1.579847e+01
9.999961e-01 -5.507910e-05 -2.804924e-03 -6.280371e+00 5.586054e-05 1.000000e+00 2.784856e-04 3.546404e-01 2.804909e-03 -2.786405e-04 9.999960e-01 -1.659783e+01
9.999997e-01 -2.435171e-04 6.924047e-04 -6.393525e+00 2.436488e-04 1.000000e+00 -1.903027e-04 3.682119e-01 -6.923587e-04 1.904707e-04 9.999997e-01 -1.756112e+01
9.999964e-01 1.762800e-05 -2.685722e-03 -6.546537e+00 -1.687189e-05 1.000000e+00 2.815184e-04 3.847419e-01 2.685727e-03 -2.814714e-04 9.999964e-01 -1.846817e+01
9.999993e-01 -8.635048e-05 1.149819e-03 -6.900684e+00 8.688867e-05 9.999999e-01 -4.681029e-04 4.055897e-01 -1.149779e-03 4.682018e-04 9.999992e-01 -1.916377e+01
9.999963e-01 7.608703e-05 -2.731168e-03 -7.366631e+00 -7.527838e-05 1.000000e+00 2.961524e-04 4.277347e-01 2.731191e-03 -2.959449e-04 9.999962e-01 -1.965012e+01
9.999994e-01 -5.221783e-05 -1.086920e-03 -7.584976e+00 5.214715e-05 1.000000e+00 -6.497294e-05 4.408247e-01 1.086923e-03 6.491551e-05 9.999994e-01 -2.007565e+01
9.999904e-01 1.071439e-04 -4.388976e-03 -7.668586e+00 -1.042005e-04 9.999998e-01 6.708369e-04 4.460133e-01 4.389047e-03 -6.703724e-04 9.999901e-01 -2.040153e+01
9.999980e-01 -2.880216e-05 -2.020116e-03 -7.634634e+00 2.896173e-05 1.000000e+00 7.900809e-05 4.486737e-01 2.020114e-03 -7.906715e-05 9.999980e-01 -2.073310e+01
9.999987e-01 -5.730410e-05 -1.586056e-03 -7.729772e+00 5.765027e-05 1.000000e+00 2.181517e-04 4.589171e-01 1.586044e-03 -2.182421e-04 9.999987e-01 -2.143167e+01
9.999996e-01 -3.898594e-04 8.305649e-04 -7.948238e+00 3.901186e-04 9.999999e-01 -3.120432e-04 4.752788e-01 -8.304435e-04 3.123664e-04 9.999996e-01 -2.251030e+01
9.999993e-01 -2.835285e-04 -1.158286e-03 -8.030350e+00 2.837501e-04 9.999999e-01 1.910796e-04 4.916936e-01 1.158232e-03 -1.914075e-04 9.999993e-01 -2.374681e+01
9.999999e-01 -2.151063e-04 -2.439060e-04 -8.039182e+00 2.151061e-04 1.000000e+00 -4.850074e-07 5.059310e-01 2.439058e-04 4.318352e-07 1.000000e+00 -2.489295e+01
9.999992e-01 -2.710832e-04 -1.245092e-03 -8.129737e+00 2.709459e-04 1.000000e+00 -1.105295e-04 5.188324e-01 1.245122e-03 1.101928e-04 9.999992e-01 -2.596808e+01
9.999999e-01 -3.306490e-04 2.527977e-04 -8.215340e+00 3.306466e-04 9.999999e-01 9.402648e-06 5.328708e-01 -2.528011e-04 -9.319767e-06 1.000000e+00 -2.711420e+01
9.999995e-01 1.316358e-04 -1.012719e-03 -8.596218e+00 -1.318202e-04 1.000000e+00 -1.821252e-04 5.522206e-01 1.012696e-03 1.822593e-04 9.999995e-01 -2.803117e+01
9.999989e-01 -6.036411e-04 1.387337e-03 -8.966923e+00 6.037337e-04 9.999998e-01 -6.643341e-05 5.721363e-01 -1.387297e-03 6.727021e-05 9.999990e-01 -2.910667e+01
9.999998e-01 -2.148636e-04 5.926349e-04 -9.150735e+00 2.150782e-04 9.999999e-01 -3.618323e-04 5.949012e-01 -5.925567e-04 3.619604e-04 9.999998e-01 -3.065336e+01
9.999986e-01 -6.599953e-04 1.526748e-03 -9.336412e+00 6.601340e-04 9.999998e-01 -9.042708e-05 6.175079e-01 -1.526689e-03 9.143411e-05 9.999988e-01 -3.222079e+01
9.999912e-01 2.932878e-04 -4.180728e-03 -9.339699e+00 -2.919189e-04 9.999999e-01 3.280100e-04 6.289394e-01 4.180824e-03 -3.267860e-04 9.999912e-01 -3.322409e+01
9.999996e-01 -5.680526e-04 7.250876e-04 -9.371310e+00 5.679048e-04 9.999998e-01 2.039662e-04 6.365670e-01 -7.252037e-04 -2.035550e-04 9.999997e-01 -3.401658e+01
9.999981e-01 -7.472278e-06 -1.970707e-03 -9.366316e+00 7.049252e-06 1.000000e+00 -2.147128e-04 6.494717e-01 1.970709e-03 2.146992e-04 9.999980e-01 -3.516728e+01
9.999997e-01 -1.538109e-04 7.576127e-04 -9.807964e+00 1.538009e-04 1.000000e+00 1.308417e-05 6.674969e-01 -7.576150e-04 -1.296835e-05 9.999997e-01 -3.597417e+01
9.999993e-01 -1.616039e-04 -1.157313e-03 -1.017490e+01 1.615590e-04 1.000000e+00 -3.901874e-05 6.831783e-01 1.157319e-03 3.883245e-05 9.999993e-01 -3.687794e+01
9.999996e-01 -3.937653e-04 8.150455e-04 -1.028074e+01 3.937824e-04 9.999999e-01 -2.098394e-05 6.997515e-01 -8.150375e-04 2.130418e-05 9.999997e-01 -3.813214e+01
9.999999e-01 -2.351979e-04 -2.395179e-04 -1.043298e+01 2.351525e-04 1.000000e+00 -1.899598e-04 7.191098e-01 2.395629e-04 1.899042e-04 1.000000e+00 -3.949841e+01
9.999993e-01 -1.378455e-04 -1.204841e-03 -1.058184e+01 1.380567e-04 1.000000e+00 1.753036e-04 7.335490e-01 1.204816e-03 -1.754705e-04 9.999993e-01 -4.056831e+01
9.999997e-01 -4.814127e-04 6.239777e-04 -1.064934e+01 4.814772e-04 9.999999e-01 -1.030657e-04 7.474699e-01 -6.239276e-04 1.033668e-04 9.999998e-01 -4.174188e+01
9.999983e-01 5.564533e-05 -1.819607e-03 -1.078860e+01 -5.538719e-05 1.000000e+00 1.419709e-04 7.610069e-01 1.819615e-03 -1.418706e-04 9.999983e-01 -4.284124e+01
9.999991e-01 -4.634316e-04 1.227082e-03 -1.102875e+01 4.635578e-04 9.999999e-01 -1.024704e-04 7.763287e-01 -1.227035e-03 1.030399e-04 9.999992e-01 -4.391056e+01
9.999994e-01 -1.222758e-04 -1.114243e-03 -1.117528e+01 1.221310e-04 1.000000e+00 -1.299215e-04 7.951410e-01 1.114258e-03 1.297846e-04 9.999994e-01 -4.519815e+01
9.999979e-01 -4.626657e-04 2.002824e-03 -1.139456e+01 4.629857e-04 9.999999e-01 -1.592640e-04 8.161508e-01 -2.002750e-03 1.601916e-04 9.999980e-01 -4.655699e+01
9.999860e-01 1.419854e-04 -5.283952e-03 -1.145030e+01 -1.399142e-04 9.999999e-01 3.923682e-04 8.224926e-01 5.284007e-03 -3.916241e-04 9.999860e-01 -4.725566e+01
9.999988e-01 3.552441e-05 1.538673e-03 -1.172204e+01 -3.577274e-05 1.000000e+00 1.614290e-04 8.256611e-01 -1.538667e-03 -1.614831e-04 9.999988e-01 -4.746097e+01
9.999995e-01 -4.133234e-04 9.469235e-04 -1.234031e+01 4.142746e-04 9.999994e-01 -1.004598e-03 8.576191e-01 -9.465081e-04 1.004989e-03 9.999990e-01 -4.857527e+01
9.999998e-01 1.443279e-04 5.569601e-04 -1.285667e+01 -1.445762e-04 9.999999e-01 4.459881e-04 8.857159e-01 -5.568953e-04 -4.460678e-04 9.999997e-01 -4.968127e+01
9.999991e-01 -7.328032e-04 1.081963e-03 -1.323330e+01 7.337646e-04 9.999993e-01 -8.885081e-04 9.085385e-01 -1.081312e-03 8.893006e-04 9.999990e-01 -5.098007e+01
9.999979e-01 -6.408940e-05 2.048456e-03 -1.351439e+01 6.336106e-05 9.999999e-01 3.556647e-04 9.347235e-01 -2.048478e-03 -3.555335e-04 9.999978e-01 -5.264581e+01
9.999993e-01 -4.560200e-04 -1.080353e-03 -1.379063e+01 4.552638e-04 9.999997e-01 -7.000539e-04 9.563340e-01 1.080672e-03 6.995609e-04 9.999992e-01 -5.396836e+01
9.999994e-01 2.461935e-05 1.056834e-03 -1.401790e+01 -2.522577e-05 9.999998e-01 5.738861e-04 9.750661e-01 -1.056819e-03 -5.739117e-04 9.999993e-01 -5.515019e+01
9.999985e-01 -2.952099e-04 -1.697485e-03 -1.431376e+01 2.940376e-04 9.999997e-01 -6.907465e-04 9.938135e-01 1.697688e-03 6.902457e-04 9.999983e-01 -5.610984e+01
1.000000e+00 2.327205e-04 -7.291296e-05 -1.446780e+01 -2.326889e-04 9.999999e-01 4.318585e-04 1.016014e+00 7.301379e-05 -4.318408e-04 9.999999e-01 -5.675508e+01
9.999922e-01 -1.175340e-03 3.770755e-03 -1.473451e+01 1.179675e-03 9.999986e-01 -1.147724e-03 1.044686e+00 -3.769401e-03 1.152163e-03 9.999922e-01 -5.853843e+01
9.999999e-01 3.071162e-04 2.918563e-04 -1.505407e+01 -3.072124e-04 9.999999e-01 3.299132e-04 1.075789e+00 -2.917547e-04 -3.300021e-04 9.999999e-01 -6.036564e+01
9.999946e-01 -1.085008e-03 3.094543e-03 -1.537822e+01 1.088314e-03 9.999988e-01 -1.066692e-03 1.104739e+00 -3.093383e-03 1.070053e-03 9.999946e-01 -6.206330e+01
9.999995e-01 4.259879e-04 -8.606434e-04 -1.569035e+01 -4.255373e-04 9.999998e-01 5.236015e-04 1.130538e+00 8.608666e-04 -5.232343e-04 9.999995e-01 -6.355855e+01
9.999948e-01 -8.908948e-04 3.104827e-03 -1.609381e+01 8.943552e-04 9.999990e-01 -1.113351e-03 1.158494e+00 -3.103832e-03 1.116121e-03 9.999946e-01 -6.496135e+01
9.999999e-01 3.170544e-04 -2.826067e-04 -1.657641e+01 -3.169674e-04 9.999999e-01 3.075599e-04 1.189209e+00 2.827045e-04 -3.074696e-04 9.999999e-01 -6.630286e+01
9.999978e-01 -9.744139e-04 1.857313e-03 -1.681417e+01 9.758674e-04 9.999992e-01 -7.819217e-04 1.212146e+00 -1.856550e-03 7.837318e-04 9.999980e-01 -6.774902e+01
9.999965e-01 1.597957e-04 2.634685e-03 -1.723006e+01 -1.595816e-04 1.000000e+00 -8.143185e-05 1.245144e+00 -2.634697e-03 8.101183e-05 9.999965e-01 -6.950061e+01
9.999966e-01 -1.190361e-03 2.338407e-03 -1.760068e+01 1.192602e-03 9.999988e-01 -9.570432e-04 1.279323e+00 -2.337266e-03 9.598280e-04 9.999968e-01 -7.141480e+01
9.999998e-01 1.947417e-04 6.514411e-04 -1.775420e+01 -1.949216e-04 9.999999e-01 2.761756e-04 1.303819e+00 -6.513870e-04 -2.763018e-04 9.999997e-01 -7.312822e+01
9.999995e-01 -2.362888e-05 -1.008055e-03 -1.832930e+01 2.288640e-05 9.999997e-01 -7.364642e-04 1.328625e+00 1.008071e-03 7.364400e-04 9.999992e-01 -7.393206e+01
9.999645e-01 2.576168e-04 8.419564e-03 -1.985143e+01 -2.418975e-04 9.999982e-01 -1.867947e-03 1.409445e+00 -8.420030e-03 1.865845e-03 9.999628e-01 -7.398502e+01
9.999987e-01 -1.484606e-04 -1.625381e-03 -2.118740e+01 1.479499e-04 9.999999e-01 -3.142575e-04 1.475650e+00 1.625427e-03 3.140159e-04 9.999986e-01 -7.449828e+01
9.999779e-01 -1.885194e-04 6.649892e-03 -2.198383e+01 1.948816e-04 9.999995e-01 -9.560922e-04 1.521118e+00 -6.649709e-03 9.573677e-04 9.999774e-01 -7.576096e+01
9.999996e-01 3.900550e-04 8.471378e-04 -2.337815e+01 -3.889342e-04 9.999990e-01 -1.322865e-03 1.595082e+00 -8.476533e-04 1.322534e-03 9.999988e-01 -7.601977e+01
9.999990e-01 -9.382471e-04 1.100208e-03 -2.369114e+01 9.373715e-04 9.999992e-01 7.961514e-04 1.620689e+00 -1.100954e-03 -7.951186e-04 9.999991e-01 -7.745613e+01
9.999969e-01 2.557614e-04 2.460717e-03 -2.410536e+01 -2.518797e-04 9.999987e-01 -1.577699e-03 1.651736e+00 -2.461118e-03 1.577074e-03 9.999957e-01 -7.907354e+01
9.999989e-01 -1.021878e-03 1.120406e-03 -2.447684e+01 1.020956e-03 9.999991e-01 8.229750e-04 1.682462e+00 -1.121246e-03 -8.218295e-04 9.999990e-01 -8.073879e+01
9.999971e-01 3.001557e-04 2.398233e-03 -2.487802e+01 -2.961158e-04 9.999985e-01 -1.684751e-03 1.713715e+00 -2.398735e-03 1.684035e-03 9.999957e-01 -8.234625e+01
9.999987e-01 -1.083502e-03 1.221515e-03 -2.520702e+01 1.082323e-03 9.999989e-01 9.650914e-04 1.744396e+00 -1.222559e-03 -9.637674e-04 9.999988e-01 -8.409227e+01
9.999959e-01 1.313712e-04 2.875308e-03 -2.553311e+01 -1.262150e-04 9.999984e-01 -1.793391e-03 1.775190e+00 -2.875539e-03 1.793020e-03 9.999943e-01 -8.586569e+01
9.999995e-01 -8.739711e-04 3.845313e-04 -2.582860e+01 8.735506e-04 9.999990e-01 1.092498e-03 1.805762e+00 -3.854854e-04 -1.092161e-03 9.999993e-01 -8.757679e+01
9.999978e-01 2.988034e-04 2.095948e-03 -2.618172e+01 -2.950774e-04 9.999984e-01 -1.777825e-03 1.836120e+00 -2.096476e-03 1.777202e-03 9.999962e-01 -8.902145e+01
9.999998e-01 -5.997283e-04 -9.410357e-05 -2.670751e+01 5.998283e-04 9.999993e-01 1.065892e-03 1.871573e+00 9.346460e-05 -1.065948e-03 9.999994e-01 -8.997703e+01
9.999984e-01 3.626760e-04 1.762766e-03 -2.727453e+01 -3.596661e-04 9.999985e-01 -1.707517e-03 1.905964e+00 -1.763383e-03 1.706879e-03 9.999970e-01 -9.073850e+01
9.999998e-01 -6.943124e-04 4.419700e-05 -2.784321e+01 6.942679e-04 9.999993e-01 1.001172e-03 1.938622e+00 -4.489175e-05 -1.001140e-03 9.999995e-01 -9.166011e+01
9.999944e-01 1.127340e-04 3.351985e-03 -2.838083e+01 -1.062865e-04 9.999981e-01 -1.923646e-03 1.973321e+00 -3.352196e-03 1.923278e-03 9.999925e-01 -9.298692e+01
9.999856e-01 -1.841606e-04 -5.365579e-03 -2.862882e+01 1.946599e-04 9.999981e-01 1.956312e-03 1.991707e+00 5.365209e-03 -1.957327e-03 9.999837e-01 -9.366453e+01
9.999889e-01 3.298775e-04 4.701643e-03 -2.928357e+01 -3.200431e-04 9.999978e-01 -2.092313e-03 2.026565e+00 -4.702323e-03 2.090785e-03 9.999868e-01 -9.366575e+01
9.999981e-01 -5.275536e-05 -1.950170e-03 -3.021250e+01 5.538546e-05 9.999991e-01 1.348589e-03 2.084527e+00 1.950097e-03 -1.348694e-03 9.999972e-01 -9.344233e+01
9.999863e-01 5.403267e-04 5.200576e-03 -3.115679e+01 -5.273049e-04 9.999967e-01 -2.504983e-03 2.145299e+00 -5.201912e-03 2.502206e-03 9.999833e-01 -9.339751e+01
9.999973e-01 -1.550720e-04 -2.339491e-03 -3.215026e+01 1.585875e-04 9.999989e-01 1.502513e-03 2.204457e+00 2.339256e-03 -1.502879e-03 9.999961e-01 -9.314898e+01
9.999960e-01 1.080906e-03 2.624871e-03 -3.286558e+01 -1.075134e-03 9.999970e-01 -2.199425e-03 2.255287e+00 -2.627241e-03 2.196594e-03 9.999941e-01 -9.252259e+01
9.999967e-01 -4.045274e-04 -2.551046e-03 -3.363057e+01 4.087762e-04 9.999985e-01 1.665202e-03 2.306115e+00 2.550369e-03 -1.666238e-03 9.999954e-01 -9.199590e+01
9.999946e-01 4.921909e-04 3.255343e-03 -3.414024e+01 -4.845012e-04 9.999971e-01 -2.362575e-03 2.341611e+00 -3.256497e-03 2.360984e-03 9.999919e-01 -9.251618e+01
9.999946e-01 -7.662684e-04 -3.201599e-03 -3.454449e+01 7.725709e-04 9.999978e-01 1.967758e-03 2.367949e+00 3.200084e-03 -1.970220e-03 9.999929e-01 -9.324094e+01
9.999980e-01 6.156554e-04 1.908812e-03 -3.495433e+01 -6.117045e-04 9.999977e-01 -2.069774e-03 2.390049e+00 -1.910083e-03 2.068602e-03 9.999960e-01 -9.367171e+01
9.999743e-01 -4.575684e-04 -7.155710e-03 -3.510111e+01 4.753569e-04 9.999968e-01 2.484409e-03 2.393134e+00 7.154551e-03 -2.487746e-03 9.999713e-01 -9.371500e+01
9.999993e-01 1.155311e-03 2.450263e-04 -3.523774e+01 -1.154921e-03 9.999981e-01 -1.584598e-03 2.386604e+00 -2.468569e-04 1.584313e-03 9.999987e-01 -9.309801e+01
9.999982e-01 -1.311341e-03 -1.340572e-03 -3.559609e+01 1.313314e-03 9.999981e-01 1.471251e-03 2.406692e+00 1.338641e-03 -1.473008e-03 9.999980e-01 -9.377911e+01
9.999955e-01 8.713524e-04 2.873055e-03 -3.596967e+01 -8.652927e-04 9.999974e-01 -2.109717e-03 2.433802e+00 -2.874887e-03 2.107220e-03 9.999936e-01 -9.498015e+01
9.999905e-01 -1.097964e-03 -4.206570e-03 -3.627083e+01 1.106695e-03 9.999972e-01 2.073837e-03 2.452135e+00 4.204282e-03 -2.078472e-03 9.999890e-01 -9.566576e+01
9.999973e-01 1.322554e-03 -1.919546e-03 -3.619180e+01 -1.325552e-03 9.999979e-01 -1.561839e-03 2.450037e+00 1.917476e-03 1.564379e-03 9.999969e-01 -9.583088e+01
9.999849e-01 -7.775505e-04 -5.442984e-03 -3.617408e+01 7.906437e-04 9.999968e-01 2.403769e-03 2.441747e+00 5.441097e-03 -2.408036e-03 9.999823e-01 -9.536840e+01
9.999985e-01 1.357112e-03 1.036448e-03 -3.656822e+01 -1.355217e-03 9.999974e-01 -1.826242e-03 2.461779e+00 -1.038925e-03 1.824834e-03 9.999978e-01 -9.476215e+01
9.999920e-01 -6.109007e-04 -3.942703e-03 -3.699272e+01 6.182360e-04 9.999981e-01 1.859523e-03 2.493188e+00 3.941560e-03 -1.861945e-03 9.999905e-01 -9.429544e+01
9.999987e-01 9.641958e-04 1.280974e-03 -3.757621e+01 -9.621874e-04 9.999983e-01 -1.567599e-03 2.527162e+00 -1.282483e-03 1.566363e-03 9.999980e-01 -9.370663e+01
9.999966e-01 -5.486149e-04 -2.542490e-03 -3.807473e+01 5.520474e-04 9.999989e-01 1.349516e-03 2.560554e+00 2.541747e-03 -1.350915e-03 9.999959e-01 -9.372776e+01
9.999991e-01 8.545669e-04 -1.009082e-03 -3.839987e+01 -8.556211e-04 9.999991e-01 -1.044737e-03 2.581993e+00 1.008188e-03 1.045599e-03 9.999989e-01 -9.369628e+01
9.999875e-01 -1.918936e-04 -4.999917e-03 -3.860433e+01 1.982117e-04 9.999992e-01 1.263151e-03 2.598478e+00 4.999671e-03 -1.264126e-03 9.999867e-01 -9.341458e+01
9.999920e-01 6.896618e-04 -3.933691e-03 -3.853308e+01 -6.912982e-04 9.999997e-01 -4.146163e-04 2.595718e+00 3.933403e-03 4.173316e-04 9.999922e-01 -9.330322e+01
9.999987e-01 -3.312584e-04 -1.568899e-03 -3.867237e+01 3.325024e-04 9.999996e-01 7.926330e-04 2.609081e+00 1.568636e-03 -7.931530e-04 9.999985e-01 -9.335719e+01
9.999891e-01 6.035081e-04 -4.626337e-03 -3.866898e+01 -6.044207e-04 9.999998e-01 -1.958394e-04 2.609604e+00 4.626217e-03 1.986328e-04 9.999893e-01 -9.342316e+01
9.999937e-01 -1.740660e-04 -3.548012e-03 -3.850855e+01 1.777576e-04 9.999994e-01 1.040151e-03 2.605360e+00 3.547829e-03 -1.040775e-03 9.999932e-01 -9.343792e+01
9.999855e-01 6.813881e-04 -5.333450e-03 -3.847082e+01 -6.809757e-04 9.999998e-01 7.916666e-05 2.592714e+00 5.333502e-03 -7.553426e-05 9.999858e-01 -9.308595e+01
9.999926e-01 -8.686307e-05 -3.847032e-03 -3.842362e+01 9.009558e-05 9.999996e-01 8.400720e-04 2.585787e+00 3.846958e-03 -8.404117e-04 9.999922e-01 -9.277999e+01
9.999972e-01 3.068943e-04 -2.327117e-03 -3.845588e+01 -3.076547e-04 9.999999e-01 -3.263883e-04 2.591243e+00 2.327016e-03 3.271027e-04 9.999972e-01 -9.286245e+01
9.999926e-01 2.982565e-05 -3.858611e-03 -3.849970e+01 -2.673509e-05 9.999997e-01 8.009725e-04 2.587408e+00 3.858634e-03 -8.008627e-04 9.999922e-01 -9.277243e+01
9.999985e-01 1.886688e-04 -1.721860e-03 -3.862467e+01 -1.894639e-04 9.999999e-01 -4.615202e-04 2.587592e+00 1.721773e-03 4.618450e-04 9.999984e-01 -9.271546e+01
9.999867e-01 3.416535e-04 -5.137510e-03 -3.869922e+01 -3.360794e-04 9.999994e-01 1.085789e-03 2.580337e+00 5.137877e-03 -1.084047e-03 9.999862e-01 -9.236395e+01
9.999988e-01 1.209286e-04 -1.552948e-03 -3.877935e+01 -1.213515e-04 1.000000e+00 -2.721605e-04 2.573406e+00 1.552914e-03 2.723479e-04 9.999988e-01 -9.201419e+01
9.999796e-01 5.520149e-04 -6.370174e-03 -3.878463e+01 -5.427703e-04 9.999988e-01 1.452852e-03 2.558879e+00 6.370969e-03 -1.449365e-03 9.999787e-01 -9.131333e+01
1.000000e+00 7.996651e-05 2.656677e-04 -3.898266e+01 -7.979913e-05 9.999998e-01 -6.304337e-04 2.555568e+00 -2.657184e-04 6.304118e-04 9.999998e-01 -9.077616e+01
9.999838e-01 3.148231e-04 -5.691992e-03 -3.917957e+01 -3.089865e-04 9.999994e-01 1.026238e-03 2.554761e+00 5.692312e-03 -1.024462e-03 9.999833e-01 -9.055705e+01
9.999985e-01 4.160191e-04 -1.697923e-03 -3.932315e+01 -4.166536e-04 9.999998e-01 -3.732728e-04 2.546063e+00 1.697767e-03 3.739790e-04 9.999985e-01 -8.991374e+01
9.999990e-01 -1.965403e-04 -1.402445e-03 -3.976969e+01 1.972482e-04 9.999999e-01 5.046149e-04 2.562557e+00 1.402346e-03 -5.048903e-04 9.999989e-01 -8.999116e+01
9.999997e-01 6.538771e-05 8.196415e-04 -4.018478e+01 -6.476299e-05 9.999997e-01 -7.623353e-04 2.585323e+00 -8.196914e-04 7.622812e-04 9.999994e-01 -9.070381e+01
9.999977e-01 -2.207858e-04 -2.132845e-03 -4.042818e+01 2.220978e-04 9.999998e-01 6.148477e-04 2.603161e+00 2.132709e-03 -6.153193e-04 9.999975e-01 -9.159540e+01
9.999959e-01 3.137212e-04 -2.833482e-03 -4.046491e+01 -3.147075e-04 9.999999e-01 -3.475892e-04 2.609719e+00 2.833373e-03 3.484789e-04 9.999959e-01 -9.208928e+01
9.999916e-01 -8.369425e-05 -4.104419e-03 -4.036293e+01 8.801988e-05 9.999994e-01 1.053698e-03 2.606049e+00 4.104329e-03 -1.054050e-03 9.999910e-01 -9.222869e+01
9.999951e-01 4.869546e-04 -3.089733e-03 -4.034466e+01 -4.882555e-04 9.999998e-01 -4.202725e-04 2.599937e+00 3.089527e-03 4.217783e-04 9.999951e-01 -9.217818e+01
9.999925e-01 -1.428679e-04 -3.881231e-03 -4.034149e+01 1.467672e-04 9.999995e-01 1.004365e-03 2.595425e+00 3.881086e-03 -1.004926e-03 9.999920e-01 -9.222392e+01
9.999905e-01 4.575952e-04 -4.329699e-03 -4.009733e+01 -4.592571e-04 9.999998e-01 -3.828209e-04 2.584848e+00 4.329523e-03 3.848050e-04 9.999906e-01 -9.229072e+01
9.999996e-01 -5.874401e-04 -6.773169e-04 -4.004394e+01 5.879836e-04 9.999995e-01 8.022688e-04 2.590485e+00 6.768456e-04 -8.026661e-04 9.999994e-01 -9.286029e+01
9.999967e-01 5.155936e-04 -2.512175e-03 -4.014077e+01 -5.168883e-04 9.999997e-01 -5.146836e-04 2.607121e+00 2.511909e-03 5.159798e-04 9.999967e-01 -9.346161e+01
9.999999e-01 -4.033557e-04 9.900401e-05 -4.031818e+01 4.033163e-04 9.999998e-01 3.990421e-04 2.629668e+00 -9.916462e-05 -3.990014e-04 9.999999e-01 -9.388687e+01
9.999942e-01 1.338065e-04 -3.398146e-03 -4.027464e+01 -1.341317e-04 1.000000e+00 -9.543365e-05 2.639386e+00 3.398133e-03 9.588820e-05 9.999942e-01 -9.474121e+01
9.999998e-01 -4.519757e-04 4.959781e-04 -4.016263e+01 4.518359e-04 9.999999e-01 2.822199e-04 2.650985e+00 -4.961052e-04 -2.819950e-04 9.999998e-01 -9.575708e+01
9.999743e-01 4.901033e-04 -7.155880e-03 -3.986378e+01 -4.879613e-04 9.999998e-01 3.010876e-04 2.649978e+00 7.156026e-03 -2.975888e-04 9.999744e-01 -9.626765e+01
9.999996e-01 -1.874823e-04 9.149598e-04 -3.989031e+01 1.871852e-04 9.999999e-01 3.248535e-04 2.659963e+00 -9.150204e-04 -3.246814e-04 9.999995e-01 -9.626053e+01
9.999979e-01 6.313246e-04 -1.967093e-03 -4.035535e+01 -6.330535e-04 9.999994e-01 -8.783197e-04 2.698301e+00 1.966537e-03 8.795624e-04 9.999977e-01 -9.625430e+01
9.999996e-01 -7.439350e-04 4.675013e-04 -4.054472e+01 7.436143e-04 9.999995e-01 6.861643e-04 2.717775e+00 -4.680112e-04 -6.858157e-04 9.999997e-01 -9.718963e+01
9.999990e-01 7.787097e-04 -1.193337e-03 -4.101744e+01 -7.801536e-04 9.999990e-01 -1.209871e-03 2.747485e+00 1.192393e-03 1.210800e-03 9.999986e-01 -9.767944e+01
9.999988e-01 -8.936233e-04 1.298471e-03 -4.155797e+01 8.925796e-04 9.999993e-01 8.042645e-04 2.775428e+00 -1.299188e-03 -8.031038e-04 9.999988e-01 -9.829649e+01
9.999850e-01 1.386383e-03 -5.306989e-03 -4.193345e+01 -1.388609e-03 9.999989e-01 -4.158398e-04 2.789285e+00 5.306407e-03 4.232021e-04 9.999858e-01 -9.777231e+01
9.999980e-01 -7.152423e-04 -1.859262e-03 -4.203534e+01 7.167013e-04 9.999994e-01 7.840727e-04 2.775042e+00 1.858701e-03 -7.854030e-04 9.999980e-01 -9.690502e+01
9.999852e-01 1.627199e-03 -5.185937e-03 -4.171087e+01 -1.632810e-03 9.999981e-01 -1.077880e-03 2.765402e+00 5.184173e-03 1.086331e-03 9.999860e-01 -9.724660e+01
9.999735e-01 -5.460828e-04 -7.253424e-03 -4.009789e+01 5.477884e-04 9.999998e-01 2.331291e-04 2.729659e+00 7.253296e-03 -2.370956e-04 9.999737e-01 -9.799322e+01
9.999865e-01 -4.738372e-05 5.190089e-03 -3.982342e+01 5.196242e-05 9.999996e-01 -8.820987e-04 2.734088e+00 -5.190046e-03 8.823558e-04 9.999861e-01 -9.903459e+01
9.999981e-01 -4.779020e-04 -1.872837e-03 -4.041565e+01 4.778185e-04 9.999999e-01 -4.508397e-05 2.766771e+00 1.872859e-03 4.418971e-05 9.999982e-01 -1.003362e+02
9.999997e-01 -3.302994e-05 8.016971e-04 -4.046454e+01 3.298700e-05 1.000000e+00 5.338814e-05 2.782217e+00 -8.016992e-04 -5.336237e-05 9.999997e-01 -1.015061e+02
9.999913e-01 6.252264e-05 -4.180022e-03 -4.078981e+01 -6.181586e-05 1.000000e+00 1.691792e-04 2.794480e+00 4.180033e-03 -1.689186e-04 9.999912e-01 -1.020071e+02
9.999992e-01 -2.257502e-04 1.264663e-03 -4.107067e+01 2.255184e-04 1.000000e+00 1.832632e-04 2.806131e+00 -1.264705e-03 -1.829785e-04 9.999992e-01 -1.024805e+02
9.999981e-01 -4.040254e-04 1.899768e-03 -4.151952e+01 4.062234e-04 9.999992e-01 -1.156678e-03 2.846299e+00 -1.899299e-03 1.157449e-03 9.999975e-01 -1.037960e+02
9.999879e-01 -1.324567e-04 4.917317e-03 -4.240849e+01 1.367949e-04 9.999996e-01 -8.819429e-04 2.899659e+00 -4.917199e-03 8.826042e-04 9.999875e-01 -1.050526e+02
9.999834e-01 -2.402433e-04 -5.749689e-03 -4.279053e+01 2.446538e-04 9.999997e-01 7.663782e-04 2.919171e+00 5.749503e-03 -7.677715e-04 9.999832e-01 -1.057677e+02
9.999999e-01 4.301465e-04 -2.507187e-04 -4.266223e+01 -4.301940e-04 9.999999e-01 -1.886777e-04 2.917520e+00 2.506372e-04 1.887848e-04 1.000000e+00 -1.059699e+02
9.999935e-01 -7.380955e-04 -3.539403e-03 -4.259423e+01 7.400292e-04 9.999996e-01 5.450159e-04 2.924113e+00 3.538999e-03 -5.476309e-04 9.999936e-01 -1.067400e+02
9.999982e-01 2.035465e-04 1.893520e-03 -4.259629e+01 -2.026943e-04 9.999999e-01 -4.503196e-04 2.938159e+00 -1.893612e-03 4.499343e-04 9.999981e-01 -1.078732e+02
9.999916e-01 -6.943624e-04 -4.043647e-03 -4.263025e+01 6.974159e-04 9.999995e-01 7.537556e-04 2.948494e+00 4.043122e-03 -7.565687e-04 9.999915e-01 -1.088156e+02
9.999983e-01 1.936109e-04 1.840376e-03 -4.261911e+01 -1.924947e-04 9.999998e-01 -6.067722e-04 2.958646e+00 -1.840493e-03 6.064162e-04 9.999981e-01 -1.098337e+02
9.999936e-01 -7.917888e-04 -3.481514e-03 -4.264266e+01 7.941888e-04 9.999994e-01 6.880008e-04 2.969003e+00 3.480968e-03 -6.907607e-04 9.999937e-01 -1.108785e+02
9.999990e-01 3.785233e-04 1.353316e-03 -4.265245e+01 -3.776325e-04 9.999997e-01 -6.585550e-04 2.978430e+00 -1.353565e-03 6.580426e-04 9.999989e-01 -1.119162e+02
9.999814e-01 -5.260082e-04 -6.077683e-03 -4.262512e+01 5.322384e-04 9.999993e-01 1.023497e-03 2.981411e+00 6.077141e-03 -1.026712e-03 9.999810e-01 -1.125878e+02
9.999985e-01 3.268425e-04 1.679699e-03 -4.261596e+01 -3.260077e-04 9.999998e-01 -4.973607e-04 2.986312e+00 -1.679861e-03 4.968117e-04 9.999985e-01 -1.132844e+02
9.999625e-01 -1.714024e-04 -8.657817e-03 -4.254641e+01 1.825140e-04 9.999992e-01 1.282629e-03 2.982872e+00 8.657590e-03 -1.284160e-03 9.999617e-01 -1.135739e+02
9.999994e-01 8.427227e-04 -7.648475e-04 -4.247662e+01 -8.428161e-04 9.999996e-01 -1.216047e-04 2.968053e+00 7.647444e-04 1.222486e-04 9.999997e-01 -1.131405e+02
9.999661e-01 -8.220987e-05 -8.236416e-03 -4.242795e+01 9.262708e-05 9.999992e-01 1.264381e-03 2.954548e+00 8.236306e-03 -1.265100e-03 9.999653e-01 -1.126531e+02
9.999956e-01 6.332349e-05 2.951522e-03 -4.237682e+01 -6.131844e-05 9.999998e-01 -6.794731e-04 2.956659e+00 -2.951565e-03 6.792884e-04 9.999954e-01 -1.131592e+02
9.999703e-01 -2.280978e-04 -7.704648e-03 -4.231686e+01 2.369000e-04 9.999993e-01 1.141535e-03 2.960994e+00 7.704382e-03 -1.143326e-03 9.999697e-01 -1.138201e+02
9.999995e-01 7.431203e-04 -6.594556e-04 -4.231613e+01 -7.431833e-04 9.999997e-01 -9.512053e-05 2.950046e+00 6.593844e-04 9.560989e-05 9.999998e-01 -1.135268e+02
9.999737e-01 -8.866739e-05 -7.255655e-03 -4.236004e+01 9.693760e-05 9.999993e-01 1.139460e-03 2.939225e+00 7.255549e-03 -1.140133e-03 9.999730e-01 -1.132012e+02
9.999948e-01 -1.250376e-04 3.237331e-03 -4.236703e+01 1.271531e-04 9.999998e-01 -6.533367e-04 2.944449e+00 -3.237249e-03 6.537442e-04 9.999945e-01 -1.138813e+02
9.999480e-01 3.349051e-04 -1.019048e-02 -4.231017e+01 -3.211622e-04 9.999990e-01 1.350193e-03 2.940474e+00 1.019093e-02 -1.346850e-03 9.999472e-01 -1.140514e+02
9.999992e-01 3.172721e-04 1.262142e-03 -4.225042e+01 -3.169781e-04 9.999999e-01 -2.332296e-04 2.928387e+00 -1.262216e-03 2.328287e-04 9.999992e-01 -1.137096e+02
9.999592e-01 2.509188e-04 -9.034986e-03 -4.231577e+01 -2.395333e-04 9.999992e-01 1.261191e-03 2.921829e+00 9.035295e-03 -1.258974e-03 9.999584e-01 -1.134109e+02
9.999989e-01 1.734825e-04 1.462695e-03 -4.231231e+01 -1.728324e-04 9.999999e-01 -4.446630e-04 2.917950e+00 -1.462773e-03 4.444090e-04 9.999988e-01 -1.134322e+02
9.999325e-01 2.077702e-04 -1.161430e-02 -4.200237e+01 -1.940875e-04 9.999993e-01 1.179186e-03 2.904644e+00 1.161454e-02 -1.176852e-03 9.999319e-01 -1.134823e+02
9.999947e-01 -1.375894e-06 3.268826e-03 -4.175815e+01 3.626099e-06 9.999998e-01 -6.884385e-04 2.897231e+00 -3.268824e-03 6.884460e-04 9.999944e-01 -1.137697e+02
9.999483e-01 -2.977853e-05 -1.016780e-02 -4.151927e+01 4.300538e-05 9.999992e-01 1.300621e-03 2.895887e+00 1.016775e-02 -1.300990e-03 9.999475e-01 -1.142547e+02
9.999877e-01 -1.460381e-04 4.958894e-03 -4.141329e+01 1.502378e-04 9.999996e-01 -8.465743e-04 2.897118e+00 -4.958768e-03 8.473082e-04 9.999873e-01 -1.147832e+02
9.999612e-01 -1.241411e-04 -8.805787e-03 -4.139103e+01 1.346921e-04 9.999993e-01 1.197581e-03 2.901852e+00 8.805632e-03 -1.198720e-03 9.999605e-01 -1.154603e+02
9.999563e-01 -8.734385e-04 9.305919e-03 -4.151962e+01 8.849288e-04 9.999989e-01 -1.230700e-03 2.918165e+00 -9.304834e-03 1.238881e-03 9.999559e-01 -1.166767e+02
9.999737e-01 -2.191656e-04 -7.243742e-03 -4.166467e+01 2.262585e-04 9.999995e-01 9.783511e-04 2.939165e+00 7.243524e-03 -9.799637e-04 9.999733e-01 -1.182169e+02
9.999863e-01 -3.089407e-04 5.234198e-03 -4.166341e+01 3.116835e-04 9.999998e-01 -5.232430e-04 2.950060e+00 -5.234036e-03 5.248665e-04 9.999862e-01 -1.192164e+02
9.999585e-01 -3.288836e-05 -9.114464e-03 -4.147465e+01 4.018079e-05 9.999997e-01 7.998902e-04 2.951660e+00 9.114435e-03 -8.002225e-04 9.999581e-01 -1.199707e+02
9.999995e-01 6.899218e-05 9.894950e-04 -4.111755e+01 -6.845460e-05 9.999998e-01 -5.435155e-04 2.944105e+00 -9.895327e-04 5.434468e-04 9.999994e-01 -1.203764e+02
9.999908e-01 -4.587017e-04 -4.266579e-03 -4.109061e+01 4.626924e-04 9.999995e-01 9.343547e-04 2.951423e+00 4.266149e-03 -9.363195e-04 9.999905e-01 -1.212163e+02
9.999928e-01 6.929389e-04 -3.734191e-03 -4.091932e+01 -6.940694e-04 9.999997e-01 -3.013971e-04 2.941089e+00 3.733981e-03 3.039861e-04 9.999930e-01 -1.213679e+02
9.999915e-01 -2.782348e-04 -4.104098e-03 -4.067049e+01 2.817545e-04 9.999996e-01 8.569919e-04 2.924057e+00 4.103858e-03 -8.581404e-04 9.999912e-01 -1.214401e+02
9.999813e-01 1.025341e-03 -6.036578e-03 -4.047250e+01 -1.024748e-03 9.999995e-01 1.013170e-04 2.899289e+00 6.036678e-03 -9.512977e-05 9.999818e-01 -1.209633e+02
9.999990e-01 -5.241616e-04 -1.347282e-03 -4.036949e+01 5.250309e-04 9.999997e-01 6.447633e-04 2.887116e+00 1.346944e-03 -6.454693e-04 9.999989e-01 -1.209048e+02
1.000000e+00 -9.673328e-05 -1.512765e-04 -4.035254e+01 9.662160e-05 9.999997e-01 -7.366619e-04 2.898561e+00 1.513474e-04 7.366466e-04 9.999997e-01 -1.220537e+02
9.999997e-01 -5.746066e-04 -5.261762e-04 -4.034832e+01 5.750244e-04 9.999995e-01 7.938897e-04 2.912418e+00 5.257201e-04 -7.941913e-04 9.999995e-01 -1.233002e+02
1.000000e+00 -1.626073e-04 8.657519e-05 -4.039071e+01 1.626736e-04 9.999997e-01 -7.687738e-04 2.925371e+00 -8.645044e-05 7.687872e-04 9.999997e-01 -1.244812e+02
9.999953e-01 -2.809054e-04 -3.054978e-03 -4.030788e+01 2.836784e-04 9.999995e-01 9.072176e-04 2.932536e+00 3.054722e-03 -9.080793e-04 9.999949e-01 -1.254408e+02
9.999991e-01 9.259302e-05 -1.324400e-03 -4.015946e+01 -9.311036e-05 9.999999e-01 -3.903964e-04 2.938977e+00 1.324364e-03 3.905187e-04 9.999990e-01 -1.262854e+02
9.999996e-01 -5.579184e-04 -7.428659e-04 -4.005895e+01 5.582051e-04 9.999998e-01 3.853935e-04 2.948215e+00 7.426510e-04 -3.858074e-04 9.999996e-01 -1.274217e+02
9.999875e-01 4.454626e-04 -4.977350e-03 -3.989176e+01 -4.443521e-04 9.999999e-01 2.242611e-04 2.950617e+00 4.977449e-03 -2.220473e-04 9.999876e-01 -1.280730e+02
9.999992e-01 -2.892277e-04 -1.237655e-03 -3.985886e+01 2.899027e-04 9.999998e-01 5.450889e-04 2.947187e+00 1.237498e-03 -5.454466e-04 9.999991e-01 -1.282513e+02
9.999868e-01 4.677204e-04 -5.126069e-03 -3.983455e+01 -4.666219e-04 9.999999e-01 2.155340e-04 2.943282e+00 5.126169e-03 -2.131399e-04 9.999868e-01 -1.283999e+02
9.999989e-01 -3.784737e-04 -1.458490e-03 -3.971043e+01 3.790521e-04 9.999998e-01 3.961662e-04 2.940406e+00 1.458340e-03 -3.967179e-04 9.999989e-01 -1.288113e+02
9.999807e-01 5.674466e-04 -6.191532e-03 -3.952258e+01 -5.655744e-04 9.999998e-01 3.041685e-04 2.933339e+00 6.191703e-03 -3.006615e-04 9.999808e-01 -1.290474e+02
9.999998e-01 -3.456868e-04 -4.557891e-04 -3.937015e+01 3.458450e-04 9.999999e-01 3.466333e-04 2.925751e+00 4.556695e-04 -3.467902e-04 9.999998e-01 -1.292905e+02
9.999928e-01 2.069147e-04 -3.794571e-03 -3.931007e+01 -2.065824e-04 1.000000e+00 8.802586e-05 2.925946e+00 3.794589e-03 -8.724201e-05 9.999928e-01 -1.298487e+02
9.999993e-01 -6.228835e-04 9.873254e-04 -3.921983e+01 6.227546e-04 9.999998e-01 1.311155e-04 2.934450e+00 -9.874066e-04 -1.304998e-04 9.999995e-01 -1.308520e+02
9.999939e-01 1.913126e-04 -3.489971e-03 -3.915298e+01 -1.909277e-04 1.000000e+00 1.106762e-04 2.945008e+00 3.489992e-03 -1.100099e-04 9.999939e-01 -1.318901e+02
9.999999e-01 -4.643425e-04 1.920330e-04 -3.894158e+01 4.643808e-04 9.999999e-01 -1.982489e-04 2.952807e+00 -1.919406e-04 1.983387e-04 1.000000e+00 -1.329836e+02
9.999990e-01 -3.874909e-04 1.395955e-03 -3.893922e+01 3.874401e-04 9.999999e-01 3.652209e-05 2.975067e+00 -1.395969e-03 -3.598187e-05 9.999990e-01 -1.346506e+02
9.999999e-01 -4.744434e-04 -5.666629e-05 -3.895735e+01 4.744202e-04 9.999998e-01 -4.128155e-04 2.996010e+00 5.686242e-05 4.127892e-04 9.999999e-01 -1.362332e+02
9.999988e-01 -4.531041e-04 1.449878e-03 -3.898014e+01 4.530337e-04 9.999999e-01 4.871909e-05 3.015715e+00 -1.449900e-03 -4.806286e-05 9.999989e-01 -1.377905e+02
9.999813e-01 -1.174823e-03 6.002632e-03 -3.918179e+01 1.181925e-03 9.999986e-01 -1.179652e-03 3.048984e+00 -6.001237e-03 1.186726e-03 9.999813e-01 -1.401233e+02
9.999935e-01 2.787482e-04 -3.594736e-03 -3.923635e+01 -2.751215e-04 9.999995e-01 1.009391e-03 3.075196e+00 3.595015e-03 -1.008396e-03 9.999930e-01 -1.419717e+02
9.999817e-01 -1.419438e-03 5.885960e-03 -3.929113e+01 1.429127e-03 9.999976e-01 -1.642215e-03 3.095675e+00 -5.883615e-03 1.650597e-03 9.999813e-01 -1.436288e+02
9.999790e-01 8.328806e-04 -6.432145e-03 -3.909339e+01 -8.230306e-04 9.999985e-01 1.533908e-03 3.110048e+00 6.433412e-03 -1.528582e-03 9.999781e-01 -1.450853e+02
9.999902e-01 -1.230627e-03 4.247069e-03 -3.897577e+01 1.237320e-03 9.999980e-01 -1.573798e-03 3.118881e+00 -4.245123e-03 1.579038e-03 9.999897e-01 -1.462491e+02
9.999615e-01 1.134981e-03 -8.700135e-03 -3.877306e+01 -1.119511e-03 9.999978e-01 1.782879e-03 3.124322e+00 8.702139e-03 -1.773071e-03 9.999606e-01 -1.472274e+02
9.999519e-01 -2.081401e-03 9.588187e-03 -3.879276e+01 2.104450e-03 9.999949e-01 -2.394312e-03 3.140305e+00 -9.583155e-03 2.414375e-03 9.999512e-01 -1.486819e+02
9.999492e-01 1.592825e-03 -9.956082e-03 -3.879307e+01 -1.566797e-03 9.999953e-01 2.621578e-03 3.157424e+00 9.960211e-03 -2.605846e-03 9.999470e-01 -1.500881e+02
9.999861e-01 -1.613191e-03 5.020945e-03 -3.863919e+01 1.624379e-03 9.999962e-01 -2.224941e-03 3.161287e+00 -5.017336e-03 2.233066e-03 9.999849e-01 -1.508597e+02
9.999447e-01 1.561242e-03 -1.039648e-02 -3.850757e+01 -1.532296e-03 9.999949e-01 2.791582e-03 3.165581e+00 1.040079e-02 -2.775498e-03 9.999421e-01 -1.515355e+02
9.999849e-01 -1.622313e-03 5.252257e-03 -3.843003e+01 1.633490e-03 9.999964e-01 -2.124353e-03 3.169427e+00 -5.248792e-03 2.132901e-03 9.999840e-01 -1.521402e+02
9.999409e-01 1.610292e-03 -1.074918e-02 -3.834632e+01 -1.580561e-03 9.999949e-01 2.773888e-03 3.169830e+00 1.075359e-02 -2.756735e-03 9.999384e-01 -1.526410e+02
9.999833e-01 -1.643894e-03 5.534162e-03 -3.827073e+01 1.655854e-03 9.999963e-01 -2.157107e-03 3.170768e+00 -5.530595e-03 2.166236e-03 9.999824e-01 -1.531918e+02
