9.999537e-01 4.746319e-04 -9.614474e-03 2.987773e-01 -4.675862e-04 9.999996e-01 7.350559e-04 -1.150205e-02 9.614819e-03 -7.305270e-04 9.999535e-01 -1.257980e-01
9.999994e-01 -1.795217e-04 1.119562e-03 5.831047e-01 1.794446e-04 1.000000e+00 6.895699e-05 -1.661377e-02 -1.119574e-03 -6.875534e-05 9.999994e-01 -4.630197e-01
9.999653e-01 2.952792e-04 -8.322331e-03 8.601787e-01 -2.904580e-04 9.999998e-01 5.805092e-04 -1.935004e-02 8.322500e-03 -5.780725e-04 9.999652e-01 -9.340969e-01
9.999988e-01 8.490704e-05 -1.545270e-03 1.354068e+00 -8.472412e-05 1.000000e+00 1.184215e-04 -3.089877e-02 1.545280e-03 -1.182898e-04 9.999988e-01 -1.254860e+00
9.999606e-01 3.911669e-04 -8.866889e-03 1.824705e+00 -3.866490e-04 9.999998e-01 5.112412e-04 -4.761883e-02 8.867087e-03 -5.077934e-04 9.999606e-01 -1.363619e+00
9.999997e-01 -8.531340e-05 8.085663e-04 2.062175e+00 8.512201e-05 1.000000e+00 2.367847e-04 -5.798221e-02 -8.085861e-04 -2.367151e-04 9.999996e-01 -1.472868e+00
9.999311e-01 7.637300e-04 -1.171393e-02 2.608703e+00 -7.588553e-04 9.999996e-01 4.205931e-04 -8.033937e-02 1.171424e-02 -4.116756e-04 9.999313e-01 -1.573313e+00
9.999968e-01 -2.371011e-04 -2.535510e-03 3.451962e+00 2.365096e-04 9.999999e-01 -2.336084e-04 -1.106511e-01 2.535566e-03 2.330087e-04 9.999968e-01 -1.716046e+00
9.999381e-01 7.232371e-04 -1.110178e-02 4.251083e+00 -7.203829e-04 9.999997e-01 2.610955e-04 -1.387252e-01 1.110197e-02 -2.530825e-04 9.999383e-01 -1.868922e+00
9.999999e-01 -3.482341e-04 2.392614e-04 4.664362e+00 3.481161e-04 9.999998e-01 4.933938e-04 -1.575244e-01 -2.394328e-04 -4.933097e-04 9.999998e-01 -1.853212e+00
9.999432e-01 8.475140e-04 -1.062290e-02 5.185406e+00 -8.494036e-04 9.999996e-01 -1.733666e-04 -1.728506e-01 1.062275e-02 1.823792e-04 9.999436e-01 -2.147450e+00
9.999987e-01 -3.432607e-04 -1.553455e-03 6.089242e+00 3.436843e-04 9.999999e-01 2.723651e-04 -1.961918e-01 1.553362e-03 -2.728980e-04 9.999988e-01 -2.619525e+00
9.999514e-01 5.858055e-04 -9.844433e-03 6.686419e+00 -5.855001e-04 9.999998e-01 3.391132e-05 -2.141394e-01 9.844451e-03 -2.814647e-05 9.999515e-01 -2.835065e+00
9.999999e-01 -1.348506e-04 3.902036e-04 7.030713e+00 1.345271e-04 9.999996e-01 8.289423e-04 -2.266539e-01 -3.903149e-04 -8.288891e-04 9.999996e-01 -2.962678e+00
9.999257e-01 4.788233e-04 -1.218359e-02 7.494237e+00 -4.827650e-04 9.999998e-01 -3.205830e-04 -2.488324e-01 1.218344e-02 3.264403e-04 9.999257e-01 -2.797321e+00
9.999998e-01 2.341176e-04 5.706366e-04 7.808797e+00 -2.348122e-04 9.999992e-01 1.217725e-03 -2.742006e-01 -5.703508e-04 -1.217858e-03 9.999991e-01 -2.428347e+00
9.998757e-01 8.422456e-04 -1.574096e-02 8.790022e+00 -8.649584e-04 9.999986e-01 -1.436152e-03 -3.052171e-01 1.573973e-02 1.449588e-03 9.998751e-01 -2.343423e+00
9.999999e-01 2.798138e-04 -3.305628e-04 1.024555e+01 -2.796276e-04 9.999998e-01 5.629133e-04 -3.333235e-01 3.307206e-04 -5.628201e-04 9.999998e-01 -2.795092e+00
9.999216e-01 1.242935e-04 -1.252310e-02 1.167223e+01 -1.374743e-04 9.999994e-01 -1.051650e-03 -3.589720e-01 1.252296e-02 1.053289e-03 9.999210e-01 -3.407843e+00
9.999995e-01 6.283886e-04 -7.934668e-04 1.264139e+01 -6.276217e-04 9.999993e-01 9.661803e-04 -3.851052e-01 7.940738e-04 -9.656811e-04 9.999992e-01 -3.516483e+00
9.999186e-01 3.649759e-04 -1.275389e-02 1.358820e+01 -3.809596e-04 9.999991e-01 -1.250819e-03 -4.137351e-01 1.275342e-02 1.255575e-03 9.999179e-01 -3.521360e+00
9.999992e-01 5.770962e-04 -1.153625e-03 1.490656e+01 -5.763556e-04 9.999996e-01 6.420345e-04 -4.363706e-01 1.153995e-03 -6.413683e-04 9.999991e-01 -4.046991e+00
9.999298e-01 2.884887e-04 -1.184455e-02 1.549729e+01 -2.924558e-04 9.999999e-01 -3.331876e-04 -4.633014e-01 1.184446e-02 3.366276e-04 9.999298e-01 -3.732311e+00
9.999971e-01 2.964739e-04 -2.381361e-03 1.630583e+01 -2.955435e-04 9.999999e-01 3.909913e-04 -5.008817e-01 2.381477e-03 -3.902857e-04 9.999971e-01 -3.374205e+00
9.999169e-01 1.131702e-03 -1.284441e-02 1.747321e+01 -1.143526e-03 9.999989e-01 -9.132720e-04 -5.391582e-01 1.284336e-02 9.278833e-04 9.999171e-01 -3.081335e+00
9.999905e-01 5.994889e-04 -4.307425e-03 1.903620e+01 -6.008938e-04 9.999998e-01 -3.249088e-04 -5.744279e-01 4.307229e-03 3.274948e-04 9.999907e-01 -3.414897e+00
9.999336e-01 6.482134e-04 -1.150159e-02 2.105264e+01 -6.643723e-04 9.999988e-01 -1.401153e-03 -5.894846e-01 1.150066e-02 1.408701e-03 9.999329e-01 -4.903072e+00
9.999967e-01 3.534880e-04 -2.563540e-03 2.281404e+01 -3.530186e-04 9.999999e-01 1.835123e-04 -6.145323e-01 2.563605e-03 -1.826060e-04 9.999967e-01 -5.872655e+00
9.999460e-01 6.597348e-04 -1.037443e-02 2.366881e+01 -6.604411e-04 9.999998e-01 -6.463774e-05 -6.576821e-01 1.037438e-02 7.148524e-05 9.999462e-01 -5.360555e+00
9.999900e-01 6.108214e-04 -4.421368e-03 2.492146e+01 -6.139066e-04 9.999996e-01 -6.965206e-04 -6.874117e-01 4.420941e-03 6.992287e-04 9.999900e-01 -5.468715e+00
9.999881e-01 4.910956e-05 -4.883857e-03 2.552283e+01 -4.538460e-05 9.999997e-01 7.628494e-04 -7.188855e-01 4.883893e-03 -7.626194e-04 9.999878e-01 -4.891123e+00
9.999933e-01 6.426574e-04 -3.603039e-03 2.603144e+01 -6.446290e-04 9.999996e-01 -5.461223e-04 -7.389114e-01 3.602687e-03 5.484420e-04 9.999934e-01 -4.706796e+00
9.999931e-01 -3.798703e-05 -3.719776e-03 2.638125e+01 4.079001e-05 9.999997e-01 7.535053e-04 -7.559526e-01 3.719746e-03 -7.536525e-04 9.999928e-01 -4.390797e+00
1.000000e+00 4.273286e-05 7.354506e-05 2.650809e+01 -4.265145e-05 9.999994e-01 -1.104425e-03 -7.560968e-01 -7.359190e-05 1.104423e-03 9.999994e-01 -4.792798e+00
9.999846e-01 3.532081e-04 -5.544646e-03 2.662190e+01 -3.477169e-04 9.999994e-01 9.913152e-04 -7.656207e-01 5.544993e-03 -9.893726e-04 9.999841e-01 -4.435658e+00
9.999929e-01 1.104968e-03 -3.608255e-03 2.663297e+01 -1.105728e-03 9.999994e-01 -2.085045e-04 -7.905061e-01 3.608022e-03 2.124935e-04 9.999935e-01 -3.077615e+00
9.999919e-01 -2.616110e-05 -4.029472e-03 2.655627e+01 3.123666e-05 9.999992e-01 1.259594e-03 -8.039260e-01 4.029436e-03 -1.259710e-03 9.999911e-01 -1.998615e+00
9.999978e-01 8.083878e-04 -1.918113e-03 2.641270e+01 -8.108236e-04 9.999989e-01 -1.269541e-03 -8.114675e-01 1.917085e-03 1.271094e-03 9.999974e-01 -1.319107e+00
9.999990e-01 -6.910429e-04 1.218316e-03 2.612730e+01 6.903155e-04 9.999996e-01 5.972122e-04 -7.986863e-01 -1.218729e-03 -5.963713e-04 9.999991e-01 -1.545036e+00
9.999038e-01 -1.395020e-03 1.379964e-02 2.545736e+01 1.438950e-03 9.999939e-01 -3.173993e-03 -7.368264e-01 -1.379513e-02 3.193545e-03 9.998997e-01 -4.696164e+00
9.999789e-01 -1.823316e-04 -6.493213e-03 2.534574e+01 1.920365e-04 9.999989e-01 1.494064e-03 -6.955751e-01 6.492933e-03 -1.495280e-03 9.999778e-01 -7.203242e+00
9.999980e-01 1.223875e-03 -1.557416e-03 2.571212e+01 -1.227020e-03 9.999972e-01 -2.020126e-03 -7.593046e-01 1.554940e-03 2.022034e-03 9.999967e-01 -4.703902e+00
9.999935e-01 -4.142486e-06 3.596296e-03 2.480626e+01 3.074160e-06 1.000000e+00 2.970200e-04 -7.595170e-01 -3.596297e-03 -2.970078e-04 9.999935e-01 -2.544851e+00
9.999917e-01 1.832041e-03 -3.643804e-03 2.407871e+01 -1.836056e-03 9.999977e-01 -1.098918e-03 -7.776172e-01 3.641782e-03 1.105600e-03 9.999928e-01 2.627089e-01
9.999989e-01 6.620325e-04 -1.361034e-03 2.394441e+01 -6.606404e-04 9.999993e-01 1.023143e-03 -8.532002e-01 1.361710e-03 -1.022243e-03 9.999986e-01 4.422043e+00
9.999939e-01 1.879748e-03 -2.945493e-03 2.393375e+01 -1.882615e-03 9.999978e-01 -9.711536e-04 -9.505482e-01 2.943661e-03 9.766936e-04 9.999952e-01 9.150715e+00
9.999974e-01 6.137882e-04 -2.208267e-03 2.402366e+01 -6.121149e-04 9.999995e-01 7.584590e-04 -1.038799e+00 2.208731e-03 -7.571060e-04 9.999973e-01 1.305088e+01
9.999942e-01 1.409716e-03 -3.090751e-03 2.402861e+01 -1.411243e-03 9.999989e-01 -4.919810e-04 -1.121012e+00 3.090054e-03 4.963406e-04 9.999951e-01 1.689264e+01
9.999980e-01 7.027859e-04 -1.855267e-03 2.394571e+01 -7.023728e-04 9.999997e-01 2.234476e-04 -1.169125e+00 1.855424e-03 -2.221448e-04 9.999983e-01 1.958373e+01
9.999818e-01 2.756945e-04 -6.024422e-03 2.392844e+01 -2.717009e-04 9.999997e-01 6.636735e-04 -1.191700e+00 6.024603e-03 -6.620239e-04 9.999816e-01 2.064192e+01
9.999966e-01 7.915679e-04 -2.488790e-03 2.410938e+01 -7.907816e-04 9.999996e-01 3.169578e-04 -1.247288e+00 2.489040e-03 -3.149894e-04 9.999969e-01 2.287234e+01
9.999744e-01 1.165446e-03 -7.063863e-03 2.431728e+01 -1.166974e-03 9.999993e-01 -2.121128e-04 -1.305666e+00 7.063611e-03 2.203514e-04 9.999750e-01 2.483491e+01
9.999981e-01 -1.118496e-03 1.573012e-03 2.434874e+01 1.117169e-03 9.999990e-01 8.440648e-04 -1.300676e+00 -1.573955e-03 -8.423066e-04 9.999984e-01 2.426946e+01
9.999684e-01 1.214296e-03 -7.857754e-03 2.441112e+01 -1.215922e-03 9.999992e-01 -2.021546e-04 -1.297654e+00 7.857502e-03 2.117034e-04 9.999691e-01 2.382772e+01
9.999992e-01 -8.927723e-04 9.218559e-04 2.430996e+01 8.918114e-04 9.999991e-01 1.042008e-03 -1.301464e+00 -9.227856e-04 -1.041186e-03 9.999990e-01 2.392990e+01
9.999532e-01 1.640736e-03 -9.533980e-03 2.441065e+01 -1.639664e-03 9.999986e-01 1.202113e-04 -1.331084e+00 9.534165e-03 -1.045724e-04 9.999545e-01 2.497248e+01
9.999997e-01 -4.384381e-04 -5.635884e-04 2.455689e+01 4.387736e-04 9.999997e-01 5.957588e-04 -1.373207e+00 5.633267e-04 -5.960066e-04 9.999997e-01 2.614585e+01
9.999483e-01 1.179464e-03 -1.009955e-02 2.488357e+01 -1.178715e-03 9.999993e-01 8.009177e-05 -1.417976e+00 1.009964e-02 -6.818245e-05 9.999490e-01 2.724430e+01
9.999980e-01 1.537553e-04 -1.974967e-03 2.521139e+01 -1.523501e-04 9.999997e-01 7.117687e-04 -1.476555e+00 1.975076e-03 -7.114671e-04 9.999978e-01 2.859477e+01
9.999891e-01 4.001134e-04 -4.649760e-03 2.503510e+01 -4.003066e-04 9.999999e-01 -4.067756e-05 -1.477382e+00 4.649743e-03 4.253913e-05 9.999892e-01 2.890221e+01
9.999977e-01 -4.344515e-04 2.117353e-03 2.483302e+01 4.344837e-04 9.999999e-01 -1.483456e-05 -1.456949e+00 -2.117346e-03 1.575380e-05 9.999978e-01 2.823366e+01
9.999943e-01 3.965963e-04 -3.341853e-03 2.455802e+01 -3.976105e-04 9.999999e-01 -3.028886e-04 -1.431435e+00 3.341733e-03 3.042164e-04 9.999944e-01 2.749825e+01
9.999998e-01 -2.873862e-04 -6.274783e-04 2.448289e+01 2.876701e-04 9.999999e-01 4.527461e-04 -1.414341e+00 6.273478e-04 -4.529272e-04 9.999997e-01 2.685815e+01
9.999894e-01 3.847608e-04 -4.593824e-03 2.452525e+01 -3.853582e-04 9.999999e-01 -1.291965e-04 -1.402659e+00 4.593774e-03 1.309661e-04 9.999894e-01 2.624125e+01
9.999992e-01 -2.292390e-04 1.269831e-03 2.429534e+01 2.289294e-04 9.999999e-01 2.437639e-04 -1.385232e+00 -1.269887e-03 -2.434737e-04 9.999992e-01 2.574480e+01
9.999594e-01 4.545563e-04 -8.998605e-03 2.437756e+01 -4.487317e-04 9.999997e-01 6.492621e-04 -1.383923e+00 8.998897e-03 -6.451971e-04 9.999593e-01 2.546576e+01
9.999987e-01 -1.681683e-04 -1.601831e-03 2.473212e+01 1.685468e-04 1.000000e+00 2.363054e-04 -1.393978e+00 1.601791e-03 -2.365758e-04 9.999987e-01 2.527470e+01
9.999872e-01 1.046549e-04 -5.064460e-03 2.497813e+01 -1.028717e-04 9.999999e-01 3.523249e-04 -1.390203e+00 5.064496e-03 -3.517987e-04 9.999871e-01 2.462112e+01
9.999998e-01 -2.376162e-04 6.202049e-04 2.509069e+01 2.376723e-04 1.000000e+00 -9.080463e-05 -1.377726e+00 -6.201836e-04 9.095133e-05 9.999998e-01 2.372015e+01
9.999774e-01 2.133171e-04 -6.720888e-03 2.529184e+01 -2.092850e-04 9.999998e-01 6.005932e-04 -1.373223e+00 6.721015e-03 -5.991723e-04 9.999772e-01 2.308970e+01
9.999999e-01 -3.352700e-04 9.091465e-06 2.560151e+01 3.352706e-04 9.999999e-01 -8.270046e-05 -1.366751e+00 -9.064006e-06 8.270282e-05 1.000000e+00 2.226129e+01
9.999992e-01 -3.257382e-04 -1.195495e-03 2.576806e+01 3.256064e-04 9.999999e-01 -1.106074e-04 -1.346980e+00 1.195532e-03 1.102187e-04 9.999993e-01 2.080837e+01
9.999996e-01 -2.518062e-04 8.596789e-04 2.577576e+01 2.518314e-04 1.000000e+00 -2.949274e-05 -1.327434e+00 -8.596717e-04 2.970854e-05 9.999996e-01 1.943244e+01
9.999984e-01 -3.009757e-04 -1.774056e-03 2.579823e+01 3.010590e-04 1.000000e+00 4.657604e-05 -1.311585e+00 1.774042e-03 -4.710938e-05 9.999984e-01 1.814913e+01
1.000000e+00 -1.249475e-04 -2.891767e-04 2.595448e+01 1.249411e-04 1.000000e+00 -2.149838e-05 -1.294895e+00 2.891791e-04 2.146157e-05 1.000000e+00 1.686061e+01
9.999898e-01 -9.062378e-05 -4.507025e-03 2.619218e+01 9.222651e-05 9.999999e-01 3.553483e-04 -1.285427e+00 4.506993e-03 -3.557597e-04 9.999898e-01 1.588576e+01
9.999992e-01 -2.397278e-04 1.235263e-03 2.638868e+01 2.399781e-04 1.000000e+00 -2.026495e-04 -1.271881e+00 -1.235215e-03 2.029451e-04 9.999992e-01 1.474618e+01
9.999891e-01 -1.591566e-04 -4.662177e-03 2.657256e+01 1.610960e-04 9.999999e-01 4.155634e-04 -1.258862e+00 4.662110e-03 -4.163093e-04 9.999890e-01 1.363373e+01
9.999955e-01 -3.429294e-04 2.996824e-03 2.671709e+01 3.441977e-04 9.999999e-01 -4.227867e-04 -1.242196e+00 -2.996678e-03 4.238156e-04 9.999954e-01 1.229651e+01
9.999837e-01 -5.272396e-05 -5.708293e-03 2.689230e+01 5.569380e-05 9.999999e-01 5.200678e-04 -1.228066e+00 5.708265e-03 -5.203765e-04 9.999836e-01 1.111477e+01
9.999976e-01 -3.133380e-04 2.152025e-03 2.708782e+01 3.140640e-04 9.999999e-01 -3.371084e-04 -1.215356e+00 -2.151920e-03 3.377828e-04 9.999976e-01 9.983456e+00
9.999870e-01 -7.974198e-05 -5.096646e-03 2.728828e+01 8.193989e-05 9.999999e-01 4.309926e-04 -1.200933e+00 5.096611e-03 -4.314039e-04 9.999869e-01 8.759124e+00
9.999996e-01 -8.821760e-05 9.268773e-04 2.742301e+01 8.840851e-05 1.000000e+00 -2.062015e-04 -1.189642e+00 -9.268593e-04 2.062827e-04 9.999995e-01 7.858312e+00
9.999810e-01 -9.998923e-05 -6.165676e-03 2.765500e+01 1.038618e-04 9.999998e-01 6.277354e-04 -1.180569e+00 6.165613e-03 -6.283632e-04 9.999808e-01 6.932704e+00
9.999997e-01 2.374567e-05 7.881214e-04 2.787797e+01 -2.354771e-05 1.000000e+00 -2.514942e-04 -1.171591e+00 -7.881276e-04 2.514749e-04 9.999997e-01 6.078843e+00
9.999622e-01 1.799196e-04 -8.691607e-03 2.815225e+01 -1.733049e-04 9.999997e-01 7.617648e-04 -1.173094e+00 8.691742e-03 -7.602291e-04 9.999619e-01 5.518149e+00
1.000000e+00 -1.106278e-04 2.764973e-04 2.845167e+01 1.106272e-04 1.000000e+00 1.372633e-06 -1.174860e+00 -2.764977e-04 -1.342720e-06 1.000000e+00 5.069689e+00
9.999763e-01 1.673591e-04 -6.887086e-03 2.865577e+01 -1.626654e-04 9.999998e-01 6.820357e-04 -1.169465e+00 6.887199e-03 -6.808986e-04 9.999761e-01 4.429077e+00
1.000000e+00 -1.303386e-04 -2.170963e-04 2.892870e+01 1.303365e-04 1.000000e+00 -8.562010e-06 -1.165747e+00 2.170972e-04 8.533040e-06 1.000000e+00 3.756212e+00
9.999806e-01 1.946774e-04 -6.223421e-03 2.905939e+01 -1.901524e-04 9.999997e-01 7.276195e-04 -1.160637e+00 6.223561e-03 -7.264213e-04 9.999804e-01 3.276150e+00
9.999999e-01 -1.212175e-04 3.526558e-04 2.906796e+01 1.212649e-04 1.000000e+00 -1.352132e-04 -1.149380e+00 -3.526397e-04 1.352553e-04 9.999999e-01 2.913343e+00
9.999660e-01 1.977973e-04 -8.245395e-03 2.935913e+01 -1.901699e-04 9.999996e-01 9.257847e-04 -1.146502e+00 8.245575e-03 -9.241845e-04 9.999656e-01 2.340129e+00
9.999995e-01 1.846896e-04 9.900825e-04 2.937414e+01 -1.849450e-04 9.999999e-01 2.575644e-04 -1.163836e+00 -9.900351e-04 -2.577481e-04 9.999995e-01 3.184085e+00
9.999583e-01 8.018809e-04 -9.099804e-03 2.940232e+01 -7.973873e-04 9.999996e-01 4.973991e-04 -1.185952e+00 9.100199e-03 -4.901216e-04 9.999585e-01 4.147165e+00
9.999927e-01 -5.684479e-04 3.776551e-03 2.917940e+01 5.673599e-04 9.999998e-01 2.891072e-04 -1.177644e+00 -3.776715e-03 -2.869631e-04 9.999928e-01 4.146973e+00
9.999743e-01 6.588884e-04 -7.145327e-03 2.872357e+01 -6.575862e-04 9.999998e-01 1.845555e-04 -1.159746e+00 7.145448e-03 -1.798514e-04 9.999745e-01 4.387297e+00
9.999955e-01 -4.589265e-04 2.974352e-03 2.842667e+01 4.582701e-04 9.999999e-01 2.212702e-04 -1.147696e+00 -2.974453e-03 -2.199068e-04 9.999956e-01 4.307448e+00
9.999522e-01 4.859496e-04 -9.761014e-03 2.862471e+01 -4.809230e-04 9.999998e-01 5.172797e-04 -1.139705e+00 9.761264e-03 -5.125600e-04 9.999522e-01 3.713122e+00
1.000000e+00 -1.999213e-04 1.850538e-04 2.913549e+01 1.998720e-04 9.999999e-01 2.646214e-04 -1.138851e+00 -1.851070e-04 -2.645851e-04 9.999999e-01 3.031172e+00
9.999688e-01 3.661867e-04 -7.895938e-03 2.923398e+01 -3.617902e-04 9.999998e-01 5.581949e-04 -1.140452e+00 7.896141e-03 -5.553201e-04 9.999687e-01 3.017928e+00
9.999962e-01 -2.550828e-05 2.754386e-03 2.901388e+01 2.508492e-05 1.000000e+00 1.536373e-04 -1.138440e+00 -2.754391e-03 -1.535683e-04 9.999962e-01 3.439385e+00
9.999690e-01 3.301806e-04 -7.867429e-03 2.872756e+01 -3.255074e-04 9.999998e-01 5.952268e-04 -1.134855e+00 7.867624e-03 -5.926468e-04 9.999689e-01 3.915918e+00
9.999971e-01 1.222725e-04 2.388478e-03 2.854696e+01 -1.223167e-04 1.000000e+00 1.824512e-05 -1.134891e+00 -2.388476e-03 -1.853788e-05 9.999971e-01 4.184045e+00
9.999325e-01 1.657093e-04 -1.161633e-02 2.885640e+01 -1.564127e-04 9.999997e-01 8.011771e-04 -1.137460e+00 1.161645e-02 -7.993054e-04 9.999322e-01 3.805994e+00
9.999919e-01 -1.301361e-04 4.032883e-03 2.915658e+01 1.308693e-04 1.000000e+00 -1.816310e-04 -1.136832e+00 -4.032859e-03 1.821567e-04 9.999919e-01 3.208383e+00
9.999074e-01 3.918797e-04 -1.360238e-02 2.954732e+01 -3.818273e-04 9.999997e-01 7.415882e-04 -1.141028e+00 1.360267e-02 -7.363251e-04 9.999072e-01 2.717867e+00
9.999877e-01 -2.713161e-04 4.944909e-03 2.986226e+01 2.708932e-04 1.000000e+00 8.614377e-05 -1.143562e+00 -4.944932e-03 -8.480383e-05 9.999878e-01 2.336088e+00
9.999372e-01 3.791572e-04 -1.119829e-02 2.995376e+01 -3.712554e-04 9.999997e-01 7.076717e-04 -1.136016e+00 1.119856e-02 -7.034692e-04 9.999370e-01 1.895512e+00
9.999858e-01 -4.044246e-04 5.308575e-03 3.012282e+01 4.065058e-04 9.999998e-01 -3.910373e-04 -1.130919e+00 -5.308416e-03 3.931891e-04 9.999858e-01 1.174711e+00
9.999336e-01 3.854229e-04 -1.151520e-02 3.032962e+01 -3.757979e-04 9.999996e-01 8.379791e-04 -1.128119e+00 1.151552e-02 -8.335954e-04 9.999333e-01 4.726500e-01
9.999715e-01 -4.874242e-04 7.530401e-03 3.035556e+01 4.910065e-04 9.999998e-01 -4.739155e-04 -1.120468e+00 -7.530168e-03 4.775988e-04 9.999715e-01 -3.386800e-01
9.999319e-01 3.670388e-04 -1.166704e-02 3.045552e+01 -3.588140e-04 9.999997e-01 7.070204e-04 -1.112436e+00 1.166730e-02 -7.027852e-04 9.999317e-01 -1.233491e+00
9.999881e-01 -3.528461e-04 4.873480e-03 3.080085e+01 3.538837e-04 9.999999e-01 -2.120988e-04 -1.109792e+00 -4.873405e-03 2.138203e-04 9.999881e-01 -2.017981e+00
9.999448e-01 2.863447e-04 -1.050331e-02 3.107031e+01 -2.818511e-04 9.999999e-01 4.292793e-04 -1.104342e+00 1.050343e-02 -4.262946e-04 9.999447e-01 -2.903963e+00
9.999966e-01 -1.674708e-04 2.607021e-03 3.146277e+01 1.674350e-04 1.000000e+00 1.383921e-05 -1.105269e+00 -2.607024e-03 -1.340331e-05 9.999966e-01 -3.572530e+00
9.999698e-01 1.037172e-04 -7.776033e-03 3.169168e+01 -1.013131e-04 9.999999e-01 3.095246e-04 -1.099433e+00 7.776065e-03 -3.087268e-04 9.999697e-01 -4.473027e+00
9.999976e-01 -1.010848e-04 2.177376e-03 3.192129e+01 1.010780e-04 1.000000e+00 3.096959e-06 -1.094290e+00 -2.177376e-03 -2.877517e-06 9.999976e-01 -5.321722e+00
9.999459e-01 2.627363e-04 -1.039761e-02 3.231201e+01 -2.584179e-04 9.999999e-01 4.166414e-04 -1.093877e+00 1.039772e-02 -4.139313e-04 9.999459e-01 -6.006508e+00
9.999973e-01 -1.133981e-04 2.300379e-03 3.266490e+01 1.131849e-04 1.000000e+00 9.266597e-05 -1.093818e+00 -2.300390e-03 -9.240600e-05 9.999973e-01 -6.614128e+00
9.999460e-01 2.963499e-04 -1.038626e-02 3.302085e+01 -2.933804e-04 9.999999e-01 2.874018e-04 -1.093131e+00 1.038635e-02 -2.843385e-04 9.999460e-01 -7.270183e+00
9.999997e-01 4.196637e-05 8.305771e-04 3.348770e+01 -4.215945e-05 1.000000e+00 2.320615e-04 -1.096606e+00 -8.305675e-04 -2.320971e-04 9.999996e-01 -7.844622e+00
9.999496e-01 2.047953e-04 -1.003340e-02 3.397493e+01 -2.023337e-04 9.999999e-01 2.463270e-04 -1.101166e+00 1.003345e-02 -2.442839e-04 9.999496e-01 -8.390908e+00
9.999991e-01 1.635724e-06 1.307046e-03 3.441680e+01 -1.868876e-06 1.000000e+00 1.781264e-04 -1.103132e+00 -1.307045e-03 -1.781293e-04 9.999991e-01 -8.998071e+00
9.999590e-01 -7.299217e-05 -9.051123e-03 3.482618e+01 7.710404e-05 9.999999e-01 4.539095e-04 -1.103532e+00 9.051089e-03 -4.545881e-04 9.999589e-01 -9.552424e+00
9.999984e-01 -1.710079e-05 1.785695e-03 3.514787e+01 1.683405e-05 1.000000e+00 1.492027e-04 -1.102856e+00 -1.785698e-03 -1.491730e-04 9.999984e-01 -1.002198e+01
9.999566e-01 2.285311e-04 -9.316679e-03 3.530615e+01 -2.226658e-04 9.999998e-01 6.305409e-04 -1.108288e+00 9.316822e-03 -6.284383e-04 9.999564e-01 -9.849463e+00
9.999996e-01 2.375976e-04 8.347460e-04 3.542965e+01 -2.379639e-04 9.999999e-01 4.383377e-04 -1.120605e+00 -8.346419e-04 -4.385368e-04 9.999996e-01 -9.451892e+00
9.999612e-01 2.231830e-04 -8.801262e-03 3.550334e+01 -2.173183e-04 9.999998e-01 6.672649e-04 -1.131693e+00 8.801409e-03 -6.653258e-04 9.999610e-01 -9.066704e+00
9.999992e-01 1.820199e-04 1.229955e-03 3.552203e+01 -1.827174e-04 9.999998e-01 5.666801e-04 -1.140995e+00 -1.229851e-03 -5.669050e-04 9.999991e-01 -8.692441e+00
9.999647e-01 1.995084e-04 -8.397453e-03 3.549518e+01 -1.944264e-04 9.999998e-01 6.059538e-04 -1.147302e+00 8.397573e-03 -6.042991e-04 9.999646e-01 -8.328519e+00
9.999925e-01 -9.519084e-07 3.878883e-03 3.516531e+01 1.049243e-06 1.000000e+00 -2.518156e-05 -1.134938e+00 -3.878883e-03 2.518481e-05 9.999925e-01 -8.302714e+00
9.999710e-01 1.911899e-04 -7.615408e-03 3.484343e+01 -1.882791e-04 9.999999e-01 3.828826e-04 -1.117957e+00 7.615481e-03 -3.814370e-04 9.999709e-01 -8.281615e+00
9.999901e-01 -8.571238e-05 4.441893e-03 3.441104e+01 8.598744e-05 1.000000e+00 -6.181195e-05 -1.096920e+00 -4.441888e-03 6.219266e-05 9.999901e-01 -8.197894e+00
9.999603e-01 4.823589e-04 -8.894011e-03 3.411300e+01 -4.750988e-04 9.999996e-01 8.183501e-04 -1.084530e+00 8.894402e-03 -8.140915e-04 9.999601e-01 -7.826392e+00
9.999978e-01 -7.226813e-06 2.110938e-03 3.406328e+01 6.679531e-06 1.000000e+00 2.590990e-04 -1.089156e+00 -2.110940e-03 -2.590849e-04 9.999977e-01 -7.258360e+00
9.999777e-01 2.303419e-04 -6.671899e-03 3.380054e+01 -2.284976e-04 9.999999e-01 2.771299e-04 -1.074963e+00 6.671963e-03 -2.755986e-04 9.999777e-01 -7.222326e+00
9.999902e-01 -3.549350e-04 4.404406e-03 3.361451e+01 3.552878e-04 9.999999e-01 -7.939421e-05 -1.058402e+00 -4.404377e-03 8.095764e-05 9.999903e-01 -7.881067e+00
9.999798e-01 -5.385622e-05 -6.360600e-03 3.357277e+01 5.541585e-05 1.000000e+00 2.449696e-04 -1.045024e+00 6.360587e-03 -2.453165e-04 9.999797e-01 -8.909711e+00
9.999924e-01 -1.072344e-04 3.897584e-03 3.345818e+01 1.075527e-04 1.000000e+00 -8.156352e-05 -1.031432e+00 -3.897575e-03 8.198147e-05 9.999924e-01 -9.787593e+00
9.999893e-01 -5.800914e-05 -4.634662e-03 3.310126e+01 5.773849e-05 1.000000e+00 -5.860724e-05 -1.008271e+00 4.634666e-03 5.833965e-05 9.999893e-01 -1.049031e+01
9.999979e-01 -1.108724e-04 2.026750e-03 3.296066e+01 1.104590e-04 1.000000e+00 2.038743e-04 -9.937388e-01 -2.026773e-03 -2.036507e-04 9.999979e-01 -1.123208e+01
9.999726e-01 2.727335e-05 -7.405295e-03 3.314602e+01 -2.567788e-05 1.000000e+00 2.154964e-04 -9.872150e-01 7.405301e-03 -2.152997e-04 9.999726e-01 -1.204764e+01
9.999909e-01 -4.092019e-04 4.257761e-03 3.326410e+01 4.090651e-04 9.999999e-01 3.293289e-05 -9.759870e-01 -4.257775e-03 -3.119152e-05 9.999909e-01 -1.307974e+01
9.999768e-01 2.273734e-04 -6.806223e-03 3.320893e+01 -2.263773e-04 1.000000e+00 1.470662e-04 -9.615853e-01 6.806256e-03 -1.455214e-04 9.999768e-01 -1.402618e+01
9.999866e-01 -6.162001e-04 5.143982e-03 3.310594e+01 6.165447e-04 9.999998e-01 -6.547181e-05 -9.462521e-01 -5.143941e-03 6.864181e-05 9.999868e-01 -1.504071e+01
9.999671e-01 4.138138e-04 -8.103535e-03 3.308981e+01 -4.116777e-04 9.999999e-01 2.652260e-04 -9.343203e-01 8.103644e-03 -2.618806e-04 9.999671e-01 -1.595340e+01
9.999901e-01 -4.908332e-04 4.422068e-03 3.300918e+01 4.905401e-04 9.999999e-01 6.728673e-05 -9.237064e-01 -4.422100e-03 -6.511749e-05 9.999902e-01 -1.662311e+01
9.999624e-01 3.343320e-04 -8.662569e-03 3.311447e+01 -3.311122e-04 9.999999e-01 3.730857e-04 -9.158884e-01 8.662693e-03 -3.702028e-04 9.999624e-01 -1.748039e+01
9.999618e-01 -1.081546e-03 8.672176e-03 3.317017e+01 1.088296e-03 9.999991e-01 -7.736630e-04 -9.023959e-01 -8.671332e-03 7.830708e-04 9.999621e-01 -1.881594e+01
9.999508e-01 6.191931e-04 -9.895698e-03 3.319809e+01 -6.096034e-04 9.999993e-01 9.720294e-04 -8.849393e-01 9.896294e-03 -9.659485e-04 9.999506e-01 -2.011891e+01
9.999737e-01 -8.897394e-04 7.200389e-03 3.320496e+01 8.951143e-04 9.999993e-01 -7.433288e-04 -8.730430e-01 -7.199723e-03 7.497537e-04 9.999738e-01 -2.111835e+01
9.999198e-01 1.040831e-03 -1.262274e-02 3.322024e+01 -1.024836e-03 9.999987e-01 1.273522e-03 -8.677202e-01 1.262405e-02 -1.260483e-03 9.999195e-01 -2.165224e+01
9.999828e-01 -6.584767e-04 5.824726e-03 3.307594e+01 6.614009e-04 9.999997e-01 -5.001877e-04 -8.643553e-01 -5.824395e-03 5.040309e-04 9.999829e-01 -2.152867e+01
9.999492e-01 8.662339e-04 -1.004660e-02 3.277740e+01 -8.587396e-04 9.999993e-01 7.502061e-04 -8.488532e-01 1.004724e-02 -7.415399e-04 9.999493e-01 -2.179916e+01
9.999909e-01 -5.377765e-04 4.232265e-03 3.257716e+01 5.387653e-04 9.999998e-01 -2.325841e-04 -8.417487e-01 -4.232139e-03 2.348616e-04 9.999910e-01 -2.184444e+01
9.999346e-01 5.501079e-04 -1.142095e-02 3.276974e+01 -5.372913e-04 9.999992e-01 1.125210e-03 -8.404020e-01 1.142156e-02 -1.118999e-03 9.999341e-01 -2.237652e+01
9.999815e-01 -2.432572e-04 6.083868e-03 3.244224e+01 2.461300e-04 9.999999e-01 -4.715203e-04 -8.309018e-01 -6.083753e-03 4.730083e-04 9.999814e-01 -2.245169e+01
9.999395e-01 7.103812e-04 -1.097757e-02 3.216247e+01 -6.990790e-04 9.999992e-01 1.033347e-03 -8.157307e-01 1.097829e-02 -1.025610e-03 9.999392e-01 -2.203123e+01
9.999933e-01 -2.085622e-04 3.645921e-03 3.200194e+01 2.089070e-04 1.000000e+00 -9.431124e-05 -8.123003e-01 -3.645902e-03 9.507165e-05 9.999933e-01 -2.166534e+01
9.999999e-01 2.107225e-04 4.375672e-04 3.091458e+01 -2.105403e-04 9.999999e-01 -4.155297e-04 -7.370059e-01 -4.376546e-04 4.154381e-04 9.999998e-01 -2.054984e+01
9.999946e-01 7.182702e-04 3.201554e-03 2.993615e+01 -7.144498e-04 9.999990e-01 -1.194391e-03 -6.608951e-01 -3.202409e-03 1.192097e-03 9.999942e-01 -1.959351e+01
9.999469e-01 -2.872102e-04 -1.030437e-02 2.994579e+01 3.102067e-04 9.999975e-01 2.230158e-03 -6.724137e-01 1.030370e-02 -2.233235e-03 9.999444e-01 -1.893660e+01
9.999898e-01 9.042362e-04 4.424020e-03 2.980499e+01 -8.968785e-04 9.999982e-01 -1.664915e-03 -6.763898e-01 -4.425518e-03 1.660929e-03 9.999888e-01 -1.799845e+01
9.999996e-01 -6.551351e-04 6.035591e-04 2.860981e+01 6.547836e-04 9.999996e-01 5.831460e-04 -6.001280e-01 -6.039408e-04 -5.827499e-04 9.999996e-01 -1.719471e+01
9.999971e-01 1.057672e-03 2.146522e-03 2.770535e+01 -1.054812e-03 9.999986e-01 -1.333153e-03 -5.386265e-01 -2.147929e-03 1.330884e-03 9.999968e-01 -1.656210e+01
9.999919e-01 -5.766908e-04 -3.979312e-03 2.702298e+01 5.818209e-04 9.999990e-01 1.288072e-03 -5.019312e-01 3.978566e-03 -1.290377e-03 9.999913e-01 -1.569761e+01
9.998375e-01 6.899382e-04 1.801298e-02 2.503160e+01 -6.219743e-04 9.999927e-01 -3.778401e-03 -3.758333e-01 -1.801545e-02 3.766583e-03 9.998306e-01 -1.469087e+01
9.999481e-01 -3.446440e-04 -1.017805e-02 2.372519e+01 3.614619e-04 9.999986e-01 1.650539e-03 -2.909993e-01 1.017747e-02 -1.654132e-03 9.999468e-01 -1.430831e+01
9.999985e-01 8.788577e-04 -1.482103e-03 2.415640e+01 -8.800358e-04 9.999993e-01 -7.941652e-04 -3.075653e-01 1.481403e-03 7.954677e-04 9.999986e-01 -1.430469e+01
9.999967e-01 -6.370669e-04 -2.479115e-03 2.369910e+01 6.401379e-04 9.999990e-01 1.238007e-03 -2.832422e-01 2.478324e-03 -1.239589e-03 9.999962e-01 -1.397496e+01
9.999729e-01 8.238725e-04 7.318254e-03 2.259117e+01 -8.079228e-04 9.999973e-01 -2.182184e-03 -2.096264e-01 -7.320032e-03 2.176212e-03 9.999708e-01 -1.325290e+01
9.999557e-01 -4.263837e-04 -9.402268e-03 2.207666e+01 4.457316e-04 9.999978e-01 2.055750e-03 -1.695105e-01 9.401370e-03 -2.059849e-03 9.999537e-01 -1.252008e+01
9.999978e-01 8.030893e-04 1.913121e-03 2.200617e+01 -8.000523e-04 9.999984e-01 -1.587882e-03 -1.650199e-01 -1.914394e-03 1.586348e-03 9.999969e-01 -1.184023e+01
9.999998e-01 -4.802333e-04 4.629584e-04 2.107721e+01 4.798056e-04 9.999995e-01 9.242078e-04 -1.040029e-01 -4.634018e-04 -9.239849e-04 9.999995e-01 -1.109197e+01
9.999912e-01 6.454521e-04 4.138459e-03 2.000130e+01 -6.381326e-04 9.999982e-01 -1.769811e-03 -3.502529e-02 -4.139594e-03 1.767154e-03 9.999899e-01 -1.032401e+01
9.999996e-01 -3.462352e-04 -8.053325e-04 1.903590e+01 3.470852e-04 9.999994e-01 1.055131e-03 3.051420e-02 8.049668e-04 -1.055410e-03 9.999991e-01 -9.569666e+00
9.999889e-01 5.653159e-04 4.672225e-03 1.798647e+01 -5.563764e-04 9.999980e-01 -1.914493e-03 9.681102e-02 -4.673298e-03 1.911871e-03 9.999873e-01 -8.775775e+00
9.999999e-01 -3.058240e-04 -3.852761e-04 1.693545e+01 3.063033e-04 9.999992e-01 1.243644e-03 1.652565e-01 3.848956e-04 -1.243761e-03 9.999992e-01 -7.819572e+00
9.999088e-01 2.322621e-04 1.350164e-02 1.513123e+01 -1.831585e-04 9.999934e-01 -3.638016e-03 2.857563e-01 -1.350239e-02 3.635210e-03 9.999022e-01 -6.833044e+00
9.999997e-01 -7.729624e-05 -7.588133e-04 1.340217e+01 7.821582e-05 9.999993e-01 1.211426e-03 4.022679e-01 7.587193e-04 -1.211485e-03 9.999990e-01 -5.909351e+00
9.999758e-01 3.539632e-04 6.946978e-03 1.218586e+01 -3.366665e-04 9.999968e-01 -2.490885e-03 4.818793e-01 -6.947838e-03 2.488485e-03 9.999728e-01 -5.228223e+00
9.999847e-01 -1.926336e-04 -5.537137e-03 1.134773e+01 2.047990e-04 9.999976e-01 2.196523e-03 5.414673e-01 5.536701e-03 -2.197623e-03 9.999823e-01 -4.473675e+00
9.998200e-01 1.191450e-03 -1.893709e-02 1.311680e+01 -1.234505e-03 9.999967e-01 -2.262071e-03 4.632132e-01 1.893433e-02 2.285041e-03 9.998181e-01 -4.014168e+00
9.999959e-01 -6.927087e-04 2.775732e-03 1.402386e+01 6.844640e-04 9.999954e-01 2.970253e-03 4.189176e-01 -2.777777e-03 -2.968340e-03 9.999917e-01 -3.658587e+00
9.999589e-01 4.129588e-04 -9.051937e-03 1.433473e+01 -4.399940e-04 9.999954e-01 -2.984850e-03 4.237521e-01 9.050663e-03 2.988710e-03 9.999546e-01 -4.388844e+00
9.999941e-01 -3.138288e-04 3.424125e-03 1.483500e+01 3.013859e-04 9.999934e-01 3.633936e-03 4.284229e-01 -3.425243e-03 -3.632882e-03 9.999875e-01 -5.434074e+00
9.997581e-01 1.195799e-03 -2.196128e-02 1.630326e+01 -1.288979e-03 9.999902e-01 -4.229268e-03 3.804322e-01 2.195601e-02 4.256552e-03 9.997499e-01 -5.770162e+00
9.999730e-01 -1.449708e-03 7.205483e-03 1.749443e+01 1.421832e-03 9.999915e-01 3.872428e-03 3.514901e-01 -7.211035e-03 -3.862078e-03 9.999665e-01 -6.221991e+00
9.997542e-01 1.999059e-03 -2.208173e-02 1.818264e+01 -2.073450e-03 9.999923e-01 -3.346527e-03 3.209084e-01 2.207486e-02 3.391489e-03 9.997506e-01 -6.114938e+00
9.999810e-01 -1.478825e-03 -5.992252e-03 2.024543e+01 1.492073e-03 9.999965e-01 2.206958e-03 2.219096e-01 5.988967e-03 -2.215856e-03 9.999796e-01 -5.494208e+00
9.999512e-01 2.350791e-03 -9.598592e-03 2.100277e+01 -2.378763e-03 9.999930e-01 -2.903782e-03 1.922702e-01 9.591698e-03 2.926472e-03 9.999497e-01 -4.940742e+00
9.999154e-01 -2.199303e-03 1.282340e-02 1.987505e+01 2.182456e-03 9.999967e-01 1.327643e-03 2.496204e-01 -1.282628e-02 -1.299544e-03 9.999169e-01 -5.022712e+00
9.999880e-01 1.978122e-03 4.486657e-03 1.756872e+01 -1.957214e-03 9.999872e-01 -4.659765e-03 3.955486e-01 -4.495817e-03 4.650927e-03 9.999791e-01 -4.120478e+00
9.999883e-01 -9.689420e-04 4.729402e-03 1.592899e+01 9.561910e-04 9.999959e-01 2.697720e-03 5.101147e-01 -4.731997e-03 -2.693166e-03 9.999852e-01 -2.586164e+00
9.999888e-01 1.720254e-03 4.397795e-03 1.438384e+01 -1.699768e-03 9.999877e-01 -4.657905e-03 6.140169e-01 -4.405754e-03 4.650377e-03 9.999795e-01 -1.545906e+00
9.999960e-01 -9.812517e-04 2.636506e-03 1.297368e+01 9.738753e-04 9.999956e-01 2.797789e-03 7.042185e-01 -2.639240e-03 -2.795210e-03 9.999926e-01 -7.702850e-01
9.999887e-01 1.618439e-03 4.467480e-03 1.159676e+01 -1.600422e-03 9.999906e-01 -4.033631e-03 8.001208e-01 -4.473966e-03 4.026435e-03 9.999819e-01 4.085361e-01
9.999728e-01 -4.803447e-04 7.365249e-03 9.685693e+00 4.674171e-04 9.999983e-01 1.756893e-03 9.367614e-01 -7.366080e-03 -1.753402e-03 9.999713e-01 2.353115e+00
9.998895e-01 1.921056e-03 1.474215e-02 6.890580e+00 -1.833184e-03 9.999805e-01 -5.971843e-03 1.140224e+00 -1.475334e-02 5.944157e-03 9.998735e-01 5.012651e+00
9.999995e-01 -9.813984e-05 1.027769e-03 4.745598e+00 9.636157e-05 9.999985e-01 1.730503e-03 1.294385e+00 -1.027937e-03 -1.730403e-03 9.999980e-01 6.569140e+00
9.999335e-01 9.774087e-04 1.148795e-02 2.875921e+00 -9.314492e-04 9.999915e-01 -4.005376e-03 1.426799e+00 -1.149177e-02 3.994409e-03 9.999260e-01 8.210859e+00
9.999988e-01 3.099734e-04 1.530897e-03 9.718260e-01 -3.119568e-04 9.999991e-01 1.295781e-03 1.568374e+00 -1.530494e-03 -1.296256e-03 9.999980e-01 1.011650e+01
9.998958e-01 7.767509e-04 1.441639e-02 -1.209573e+00 -7.172130e-04 9.999912e-01 -4.134608e-03 1.728671e+00 -1.441948e-02 4.123837e-03 9.998875e-01 1.216109e+01
9.999477e-01 2.176247e-04 1.022869e-02 -4.055763e+00 -2.116706e-04 9.999998e-01 -5.831451e-04 1.928901e+00 -1.022881e-02 5.809501e-04 9.999475e-01 1.406383e+01
9.998868e-01 3.331130e-04 1.504560e-02 -6.882147e+00 -2.667703e-04 9.999902e-01 -4.411256e-03 2.121977e+00 -1.504692e-02 4.406742e-03 9.998771e-01 1.553636e+01
9.999997e-01 5.944721e-04 4.059197e-04 -9.000398e+00 -5.945590e-04 9.999998e-01 2.147014e-04 2.256997e+00 -4.057918e-04 -2.149421e-04 9.999999e-01 1.620000e+01
9.999801e-01 4.254735e-05 6.307826e-03 -1.040497e+01 -2.692362e-05 9.999969e-01 -2.476999e-03 2.341216e+00 -6.307913e-03 2.476780e-03 9.999770e-01 1.657657e+01
9.999948e-01 6.458848e-04 -3.154530e-03 -1.145248e+01 -6.410748e-04 9.999986e-01 1.525438e-03 2.411605e+00 3.155511e-03 -1.523407e-03 9.999939e-01 1.732402e+01
9.999699e-01 1.492908e-04 7.758571e-03 -1.264963e+01 -1.260819e-04 9.999955e-01 -2.991839e-03 2.492303e+00 -7.758983e-03 2.990770e-03 9.999654e-01 1.818344e+01
9.999729e-01 3.095320e-04 -7.351209e-03 -1.339351e+01 -2.910510e-04 9.999968e-01 2.514909e-03 2.537257e+00 7.351964e-03 -2.512701e-03 9.999698e-01 1.845811e+01
9.999810e-01 6.745547e-05 6.159889e-03 -1.408553e+01 -5.142354e-05 9.999966e-01 -2.602813e-03 2.574547e+00 -6.160043e-03 2.602446e-03 9.999776e-01 1.871562e+01
1.000000e+00 2.987285e-05 -2.328550e-04 -1.546489e+01 -2.966872e-05 9.999996e-01 8.751006e-04 2.650936e+00 2.328813e-04 -8.750931e-04 9.999996e-01 1.904315e+01
9.998645e-01 5.313040e-06 1.646012e-02 -1.787877e+01 8.257287e-05 9.999857e-01 -5.338661e-03 2.783568e+00 -1.645991e-02 5.339297e-03 9.998503e-01 1.922960e+01
9.999819e-01 4.044366e-04 -6.007945e-03 -1.970024e+01 -3.920644e-04 9.999978e-01 2.060281e-03 2.883991e+00 6.008766e-03 -2.057887e-03 9.999798e-01 1.934973e+01
9.999957e-01 2.431048e-04 -2.909830e-03 -1.932511e+01 -2.468540e-04 9.999991e-01 -1.288046e-03 2.866827e+00 2.909515e-03 1.288758e-03 9.999949e-01 1.942369e+01
9.999421e-01 8.347268e-04 -1.072537e-02 -1.848824e+01 -8.193264e-04 9.999986e-01 1.440169e-03 2.818423e+00 1.072655e-02 -1.431297e-03 9.999414e-01 2.020388e+01
9.999911e-01 5.530934e-04 4.182016e-03 -1.868505e+01 -5.462420e-04 9.999985e-01 -1.639347e-03 2.831605e+00 -4.182917e-03 1.637047e-03 9.999899e-01 2.144650e+01
9.999304e-01 2.799832e-04 -1.179219e-02 -1.858786e+01 -2.567927e-04 9.999980e-01 1.968040e-03 2.843298e+00 1.179272e-02 -1.964874e-03 9.999285e-01 2.164232e+01
9.999863e-01 -1.752177e-04 5.231499e-03 -1.840543e+01 1.820942e-04 9.999991e-01 -1.314060e-03 2.845957e+00 -5.231264e-03 1.314994e-03 9.999855e-01 2.110762e+01
9.999203e-01 4.873744e-04 -1.261405e-02 -1.836370e+01 -4.585356e-04 9.999973e-01 2.289010e-03 2.845315e+00 1.261513e-02 -2.283043e-03 9.999178e-01 2.098359e+01
9.999912e-01 5.550233e-05 4.200891e-03 -1.832913e+01 -5.093203e-05 9.999994e-01 -1.088122e-03 2.838970e+00 -4.200949e-03 1.087898e-03 9.999906e-01 2.125126e+01
9.999056e-01 6.751453e-04 -1.372652e-02 -1.823778e+01 -6.443248e-04 9.999973e-01 2.249600e-03 2.825889e+00 1.372800e-02 -2.240543e-03 9.999033e-01 2.161455e+01
9.998737e-01 -3.654581e-04 1.588783e-02 -1.932737e+01 4.052067e-04 9.999968e-01 -2.498699e-03 2.897731e+00 -1.588687e-02 2.504821e-03 9.998707e-01 2.285703e+01
9.999196e-01 1.760569e-03 -1.255585e-02 -2.024165e+01 -1.746788e-03 9.999979e-01 1.108444e-03 2.965414e+00 1.255778e-02 -1.086422e-03 9.999206e-01 2.423027e+01
9.999894e-01 -1.126309e-03 4.472608e-03 -2.027370e+01 1.129620e-03 9.999991e-01 -7.377844e-04 2.977384e+00 -4.471773e-03 7.428283e-04 9.999897e-01 2.484204e+01
9.999627e-01 1.650503e-03 -8.476570e-03 -2.051148e+01 -1.642805e-03 9.999982e-01 9.149981e-04 3.001748e+00 8.478065e-03 -9.010380e-04 9.999637e-01 2.481776e+01
9.999956e-01 -1.655090e-03 2.442898e-03 -2.036950e+01 1.655697e-03 9.999986e-01 -2.465122e-04 3.006300e+00 -2.442487e-03 2.505552e-04 9.999970e-01 2.421426e+01
9.999320e-01 1.988019e-03 -1.148806e-02 -2.008235e+01 -1.974945e-03 9.999974e-01 1.149210e-03 2.999653e+00 1.149032e-02 -1.126443e-03 9.999333e-01 2.406708e+01
9.999974e-01 -1.333359e-03 1.874276e-03 -1.999596e+01 1.334001e-03 9.999991e-01 -3.420376e-04 2.993754e+00 -1.873819e-03 3.445364e-04 9.999982e-01 2.432636e+01
9.999967e-01 1.505381e-03 -2.077789e-03 -2.071286e+01 -1.505285e-03 9.999989e-01 4.737431e-05 3.034415e+00 2.077858e-03 -4.424587e-05 9.999978e-01 2.449175e+01
9.999887e-01 -1.325996e-03 4.573499e-03 -2.170652e+01 1.331326e-03 9.999984e-01 -1.162782e-03 3.088511e+00 -4.571951e-03 1.168857e-03 9.999889e-01 2.455343e+01
9.999990e-01 1.366213e-03 -3.190542e-04 -2.283658e+01 -1.366258e-03 9.999991e-01 -1.434901e-04 3.151962e+00 3.188580e-04 1.439265e-04 9.999999e-01 2.467969e+01
9.999969e-01 -1.224308e-03 2.146856e-03 -2.367775e+01 1.225387e-03 9.999991e-01 -5.017220e-04 3.203016e+00 -2.146240e-03 5.043505e-04 9.999976e-01 2.492455e+01
9.999973e-01 1.181204e-03 -1.990642e-03 -2.440232e+01 -1.180544e-03 9.999992e-01 3.324980e-04 3.246910e+00 1.991033e-03 -3.301464e-04 9.999980e-01 2.521165e+01
9.999728e-01 -1.048693e-03 7.306171e-03 -2.562136e+01 1.062614e-03 9.999976e-01 -1.901859e-03 3.317163e+00 -7.304159e-03 1.909570e-03 9.999715e-01 2.541044e+01
9.999987e-01 1.188527e-03 -1.070658e-03 -2.696258e+01 -1.188680e-03 9.999993e-01 -1.422921e-04 3.392444e+00 1.070488e-03 1.435652e-04 9.999994e-01 2.552217e+01
9.999983e-01 -9.923779e-04 1.538728e-03 -2.779214e+01 9.935564e-04 9.999992e-01 -7.654988e-04 3.434512e+00 -1.537967e-03 7.670257e-04 9.999985e-01 2.547771e+01
9.999986e-01 1.163772e-03 1.226275e-03 -2.882742e+01 -1.163018e-03 9.999991e-01 -6.152692e-04 3.483635e+00 -1.226990e-03 6.138428e-04 9.999991e-01 2.516797e+01
9.999963e-01 -1.039318e-03 -2.498801e-03 -2.937411e+01 1.040034e-03 9.999994e-01 2.856020e-04 3.510951e+00 2.498503e-03 -2.882004e-04 9.999968e-01 2.483558e+01
9.999866e-01 1.184193e-03 -5.044994e-03 -2.923686e+01 -1.180945e-03 9.999991e-01 6.467140e-04 3.505033e+00 5.045755e-03 -6.407469e-04 9.999871e-01 2.482453e+01
9.999965e-01 -7.430081e-04 -2.531002e-03 -2.934817e+01 7.435350e-04 9.999997e-01 2.073867e-04 3.506669e+00 2.530847e-03 -2.092685e-04 9.999968e-01 2.521117e+01
9.999854e-01 9.313971e-04 5.325710e-03 -3.031855e+01 -9.262678e-04 9.999991e-01 -9.654349e-04 3.565848e+00 -5.326604e-03 9.604884e-04 9.999854e-01 2.561934e+01
9.999988e-01 -7.854031e-04 1.317439e-03 -3.155869e+01 7.858864e-04 9.999996e-01 -3.666852e-04 3.646658e+00 -1.317150e-03 3.677195e-04 9.999991e-01 2.622443e+01
9.999318e-01 8.660349e-04 1.164319e-02 -3.338272e+01 -8.421348e-04 9.999975e-01 -2.057428e-03 3.765695e+00 -1.164494e-02 2.047483e-03 9.999301e-01 2.711542e+01
9.999983e-01 -6.720658e-04 1.742005e-03 -3.517796e+01 6.734485e-04 9.999995e-01 -7.935030e-04 3.884056e+00 -1.741471e-03 7.946741e-04 9.999982e-01 2.782537e+01
9.999969e-01 9.549030e-04 -2.303520e-03 -3.577026e+01 -9.541059e-04 9.999995e-01 3.469341e-04 3.918137e+00 2.303850e-03 -3.447346e-04 9.999973e-01 2.774218e+01
9.999921e-01 -4.882752e-04 -3.951987e-03 -3.460394e+01 4.729912e-04 9.999924e-01 -3.867326e-03 3.941265e+00 3.953845e-03 3.865425e-03 9.999847e-01 2.471426e+01
9.999896e-01 2.914424e-04 4.541489e-03 -3.261318e+01 -2.833381e-04 9.999984e-01 -1.784971e-03 3.994632e+00 -4.542002e-03 1.783667e-03 9.999881e-01 1.927214e+01
9.999957e-01 -1.690059e-03 2.394564e-03 -3.166443e+01 1.694402e-03 9.999969e-01 -1.812946e-03 4.042733e+00 -2.391493e-03 1.816995e-03 9.999955e-01 1.511993e+01
