1.000000e+00 1.197625e-11 1.704638e-10 5.551115e-17 1.197625e-11 1.000000e+00 3.562503e-10 0.000000e+00 1.704638e-10 3.562503e-10 1.000000e+00 2.220446e-16 0.000000e+00 0.000000e+00 0.000000e+00 1.000000e+00
8.430261e-01 1.090523e-01 -5.267016e-01 2.260438e-02 -5.847017e-02 9.920083e-01 1.118070e-01 -4.344912e-03 5.346852e-01 -6.345989e-02 8.426652e-01 2.915942e-02
9.490501e-01 -5.960889e-02 3.094361e-01 -1.327222e-01 8.846798e-02 9.928553e-01 -8.007323e-02 1.535517e-03 -3.024522e-01 1.033687e-01 9.475429e-01 -1.590209e-01
8.910763e-01 6.397319e-02 -4.493223e-01 -4.198794e-01 -2.167381e-02 9.948845e-01 9.866618e-02 1.144837e-02 4.533358e-01 -7.818057e-02 8.879045e-01 -2.720167e-01
8.854316e-01 -5.461729e-02 4.615494e-01 -8.644468e-01 1.187839e-01 9.866833e-01 -1.111149e-01 2.700515e-02 -4.493343e-01 1.532093e-01 8.801282e-01 -2.881331e-01
9.135045e-01 1.128768e-01 -3.908559e-01 -9.065900e-01 -4.639650e-02 9.833756e-01 1.755555e-01 1.894764e-02 4.041743e-01 -1.422364e-01 9.035552e-01 -1.664869e-02
9.199954e-01 -5.419380e-02 3.881643e-01 -2.630064e-01 8.936806e-02 9.933102e-01 -7.313127e-02 -7.471788e-03 -3.816043e-01 1.019699e-01 9.186840e-01 1.179836e-01
5.459708e-01 2.672232e-01 -7.940451e-01 -2.494990e-01 -4.588209e-02 9.558838e-01 2.901398e-01 -2.285506e-02 8.365469e-01 -1.219754e-01 5.341454e-01 7.674053e-01
9.167241e-01 -8.164669e-02 3.910892e-01 -2.436246e-01 1.119776e-01 9.921682e-01 -5.534632e-02 -3.777575e-02 -3.835074e-01 9.453055e-02 9.186871e-01 1.433412e+00
8.365060e-01 1.794450e-01 -5.177424e-01 -2.836934e-01 -8.506259e-02 9.759292e-01 2.008146e-01 -5.009806e-02 5.413151e-01 -1.239421e-01 8.316347e-01 1.941697e+00
9.927610e-01 -5.398996e-02 1.072883e-01 -3.126789e-01 5.496658e-02 9.984692e-01 -6.164400e-03 -6.660489e-02 -1.067912e-01 1.201705e-02 9.942088e-01 2.715577e+00
8.426934e-01 2.074000e-01 -4.968431e-01 -3.265909e-01 -9.926092e-02 9.668546e-01 2.352435e-01 -8.768118e-02 5.291645e-01 -1.489211e-01 8.353487e-01 3.654624e+00
8.217059e-01 -1.462444e-01 5.508284e-01 -2.468928e-01 2.137444e-01 9.750464e-01 -5.998234e-02 -1.063129e-01 -5.283112e-01 1.670243e-01 8.324603e-01 4.090263e+00
8.091816e-01 1.779879e-01 -5.599512e-01 -2.728126e-01 -1.035427e-01 9.812957e-01 1.622890e-01 -1.058509e-01 5.783632e-01 -7.334244e-02 8.124758e-01 3.817700e+00
6.851128e-01 -1.328406e-01 7.162219e-01 -9.799514e-02 2.469461e-01 9.673632e-01 -5.679914e-02 -1.124954e-01 -6.853015e-01 2.157820e-01 6.955573e-01 3.564490e+00
8.257013e-01 2.075719e-01 -5.245296e-01 3.925720e-01 -1.330719e-01 9.752702e-01 1.764649e-01 -1.272429e-01 5.481872e-01 -7.590719e-02 8.329039e-01 3.320027e+00
8.303262e-01 -1.455873e-01 5.379245e-01 9.269565e-01 2.176984e-01 9.733114e-01 -7.261041e-02 -1.407898e-01 -5.129969e-01 1.773956e-01 8.398601e-01 3.024103e+00
8.296758e-01 2.124031e-01 -5.162586e-01 1.351089e+00 -1.327535e-01 9.733281e-01 1.871069e-01 -1.537231e-01 5.422311e-01 -8.670293e-02 8.357440e-01 2.773231e+00
5.592754e-01 -1.661529e-01 8.121602e-01 1.857366e+00 2.879591e-01 9.576397e-01 -2.381061e-03 -1.735556e-01 -7.773613e-01 2.352006e-01 5.834296e-01 2.657601e+00
9.410634e-01 1.822366e-01 -2.849378e-01 2.289337e+00 -1.663761e-01 9.828823e-01 7.912839e-02 -1.933541e-01 2.944804e-01 -2.705798e-02 9.552744e-01 2.605654e+00
2.789174e-01 -2.264682e-01 9.332295e-01 2.669014e+00 2.940356e-01 9.452610e-01 1.415085e-01 -2.148558e-01 -9.141926e-01 2.349335e-01 3.302394e-01 2.620058e+00
6.934334e-01 1.668095e-01 -7.009456e-01 2.472822e+00 -1.598666e-01 9.842036e-01 7.606533e-02 -2.124838e-01 7.025616e-01 5.931158e-02 7.091470e-01 2.463712e+00
9.581182e-01 -1.171986e-01 2.612931e-01 1.974392e+00 1.261926e-01 9.918451e-01 -1.785203e-02 -1.906223e-01 -2.570700e-01 5.007762e-02 9.650944e-01 2.138037e+00
3.547676e-01 2.091880e-01 -9.112521e-01 1.138396e+00 -1.214307e-01 9.767025e-01 1.769376e-01 -1.487369e-01 9.270353e-01 4.788223e-02 3.719042e-01 1.670449e+00
9.212025e-01 -6.699187e-02 3.832728e-01 5.907933e-01 1.016663e-01 9.922877e-01 -7.091555e-02 -1.207780e-01 -3.755662e-01 1.042935e-01 9.209088e-01 1.226931e+00
2.440754e-01 2.301232e-01 -9.420565e-01 2.506250e-01 -4.216168e-02 9.730360e-01 2.267672e-01 -1.031724e-01 9.688393e-01 -1.562960e-02 2.471965e-01 9.057107e-01
8.644976e-01 -2.419750e-02 5.020542e-01 -3.373703e-02 7.417860e-02 9.940454e-01 -7.981967e-02 -8.950093e-02 -4.971333e-01 1.062456e-01 8.611448e-01 5.521974e-01
5.196700e-01 1.756740e-01 -8.361111e-01 2.164763e-02 -2.450264e-02 9.812941e-01 1.909490e-01 -9.025181e-02 8.540157e-01 -7.874352e-02 5.142536e-01 2.865583e-01
9.597186e-01 2.479732e-02 2.798666e-01 -2.128443e-01 -5.303013e-03 9.975189e-01 -7.019914e-02 -8.082950e-02 -2.809130e-01 6.588728e-02 9.574689e-01 -4.746548e-02
1.521529e-01 1.500386e-01 -9.769022e-01 -7.602246e-01 -3.388179e-02 9.886212e-01 1.465614e-01 -5.319049e-02 9.877760e-01 1.079945e-02 1.555052e-01 -3.864107e-01
9.966349e-01 7.620327e-02 -3.019695e-02 -1.350324e+00 -7.406846e-02 9.950382e-01 6.642896e-02 -2.082981e-02 3.510923e-02 -6.396878e-02 9.973341e-01 -6.079948e-01
2.118350e-01 1.496979e-01 -9.657725e-01 -1.782605e+00 -1.380702e-01 9.828718e-01 1.220637e-01 1.164575e-03 9.675033e-01 1.074871e-01 2.288754e-01 -5.305922e-01
9.639677e-01 -7.924936e-02 2.539404e-01 -2.203604e+00 6.184181e-02 9.952014e-01 7.582711e-02 2.013182e-02 -2.587311e-01 -5.739076e-02 9.642430e-01 -7.071191e-01
4.721519e-02 2.571393e-01 -9.652202e-01 -2.531296e+00 -1.736858e-01 9.536916e-01 2.455719e-01 3.653896e-02 9.836686e-01 1.560503e-01 8.969017e-02 -7.741577e-01
9.778634e-01 -1.198107e-01 1.715473e-01 -2.964598e+00 1.214286e-01 9.925996e-01 1.069597e-03 5.751560e-02 -1.704059e-01 1.978483e-02 9.851753e-01 -8.213675e-01
1.402367e-01 3.137427e-01 -9.390949e-01 -3.416574e+00 -1.185935e-01 9.469620e-01 2.986613e-01 7.924346e-02 9.829900e-01 6.948732e-02 1.700067e-01 -8.372883e-01
9.405774e-01 -7.462707e-02 3.312779e-01 -3.819436e+00 1.117899e-01 9.892230e-01 -9.455584e-02 9.717107e-02 -3.206513e-01 1.259706e-01 9.387833e-01 -9.224298e-01
1.997050e-01 2.721184e-01 -9.413127e-01 -4.129459e+00 -1.856472e-02 9.615425e-01 2.740279e-01 1.110621e-01 9.796802e-01 -3.724952e-02 1.970766e-01 -9.640412e-01
9.485826e-01 2.557216e-03 3.165195e-01 -4.359216e+00 2.557854e-02 9.960778e-01 -8.470424e-02 1.206024e-01 -3.154946e-01 8.844507e-02 9.447966e-01 -8.768537e-01
3.692484e-01 1.703196e-01 -9.135901e-01 -4.655741e+00 -2.167354e-02 9.843733e-01 1.747557e-01 1.319646e-01 9.290780e-01 -4.472753e-02 3.671697e-01 -8.692866e-01
8.204165e-01 -7.718277e-03 5.717142e-01 -4.957309e+00 5.649599e-02 9.961100e-01 -6.762468e-02 1.422884e-01 -5.689683e-01 8.777996e-02 8.176611e-01 -9.931217e-01
8.094600e-01 -7.751718e-03 -5.871238e-01 -5.377474e+00 4.733495e-02 9.975199e-01 5.208996e-02 1.559702e-01 5.852640e-01 -6.995621e-02 8.078194e-01 -1.174932e+00
9.949562e-01 9.620856e-02 2.838971e-02 -5.666402e+00 -9.638093e-02 9.953331e-01 4.763768e-03 1.671234e-01 -2.779890e-02 -7.475968e-03 9.995856e-01 -1.233102e+00
7.672211e-01 3.493365e-02 -6.404306e-01 -5.590317e+00 1.295877e-02 9.974675e-01 6.993329e-02 1.620070e-01 6.412517e-01 -6.195349e-02 7.648254e-01 -1.149383e+00
9.947183e-01 6.427236e-02 8.002886e-02 -5.444507e+00 -6.848064e-02 9.963481e-01 5.099783e-02 1.552004e-01 -7.645885e-02 -5.620890e-02 9.954871e-01 -1.134128e+00
9.909696e-01 -1.097646e-01 7.701278e-02 -5.341125e+00 1.126251e-01 9.930617e-01 -3.382495e-02 1.482816e-01 -7.276565e-02 4.219307e-02 9.964562e-01 -1.271004e+00
9.746464e-01 1.231699e-01 -1.867980e-01 -5.210531e+00 -1.087170e-01 9.903652e-01 8.577514e-02 1.419816e-01 1.955632e-01 -6.329232e-02 9.786466e-01 -1.357215e+00
7.858821e-01 -2.240407e-01 5.763638e-01 -6.095778e+00 3.267923e-01 9.417450e-01 -7.951756e-02 1.771750e-01 -5.249726e-01 2.508427e-01 8.133153e-01 -1.378885e+00
9.685853e-01 4.859456e-02 -2.438873e-01 -7.194546e+00 -4.526046e-02 9.987896e-01 1.925942e-02 2.257797e-01 2.445280e-01 -7.615944e-03 9.696123e-01 -1.493809e+00
9.878863e-01 -2.161748e-02 -1.536665e-01 -7.488003e+00 2.123155e-02 9.997660e-01 -4.152291e-03 2.374358e-01 1.537203e-01 8.394138e-04 9.881140e-01 -1.734369e+00
9.999460e-01 9.306272e-03 4.616458e-03 -7.602067e+00 -9.367910e-03 9.998648e-01 1.351452e-02 2.413084e-01 -4.490064e-03 -1.355704e-02 9.998980e-01 -1.928434e+00
8.579605e-01 9.394921e-02 -5.050519e-01 -7.519253e+00 -5.766736e-02 9.945344e-01 8.703939e-02 2.369668e-01 5.104687e-01 -4.555135e-02 8.586890e-01 -1.927751e+00
9.814217e-01 -4.075347e-02 1.874850e-01 -7.732008e+00 4.880734e-02 9.980643e-01 -3.854173e-02 2.429829e-01 -1.855514e-01 4.697633e-02 9.815110e-01 -2.033767e+00
8.838888e-01 4.428885e-02 -4.655954e-01 -8.360920e+00 -2.877326e-02 9.987699e-01 4.038273e-02 2.678511e-01 4.668111e-01 -2.229715e-02 8.840759e-01 -2.226548e+00
9.772257e-01 3.705210e-02 -2.089427e-01 -8.873381e+00 -3.898834e-02 9.992264e-01 -5.154404e-03 2.912272e-01 2.085901e-01 1.318335e-02 9.779143e-01 -2.297970e+00
9.137611e-01 6.723564e-02 -4.006496e-01 -8.991354e+00 -3.230681e-02 9.951124e-01 9.331425e-02 2.934386e-01 4.049654e-01 -7.232321e-02 9.114671e-01 -2.369855e+00
9.602649e-01 6.601240e-02 -2.711710e-01 -9.311405e+00 -7.178871e-02 9.973544e-01 -1.142609e-02 3.045352e-01 2.696993e-01 3.043909e-02 9.624634e-01 -2.391587e+00
8.326074e-01 7.092265e-02 -5.493041e-01 -9.624364e+00 -1.544336e-02 9.943548e-01 1.049765e-01 3.167126e-01 5.536483e-01 -7.892111e-02 8.290024e-01 -2.220621e+00
9.651054e-01 9.167244e-02 -2.452910e-01 -1.003821e+01 -8.822477e-02 9.957860e-01 2.503119e-02 3.349241e-01 2.465520e-01 -2.516990e-03 9.691263e-01 -1.985835e+00
9.898051e-01 -1.337721e-01 4.889658e-02 -1.084267e+01 1.340974e-01 9.909623e-01 -3.417648e-03 3.668698e-01 -4.799748e-02 9.939708e-03 9.987980e-01 -1.360991e+00
5.519966e-01 -1.150918e-01 8.258654e-01 -1.207266e+01 3.013810e-01 9.510107e-01 -6.890685e-02 4.113943e-01 -7.774762e-01 2.869365e-01 5.596412e-01 -4.738289e-01
9.796384e-01 2.749736e-02 -1.988783e-01 -1.283119e+01 -1.869340e-03 9.917830e-01 1.279181e-01 4.362358e-01 2.007615e-01 -1.249417e-01 9.716400e-01 2.295285e-01
9.659725e-01 6.926513e-02 -2.491978e-01 -1.303113e+01 -7.987447e-02 9.962683e-01 -3.270450e-02 4.387317e-01 2.460026e-01 5.149619e-02 9.679002e-01 5.367806e-01
9.364524e-01 2.645324e-02 -3.497959e-01 -1.320395e+01 2.166910e-02 9.908863e-01 1.329468e-01 4.402855e-01 3.501249e-01 -1.320781e-01 9.273446e-01 8.101291e-01
9.918483e-01 7.509776e-02 -1.029431e-01 -1.350351e+01 -7.908600e-02 9.962455e-01 -3.521853e-02 4.480247e-01 9.991180e-02 4.307280e-02 9.940636e-01 1.229686e+00
9.358036e-01 -1.344690e-02 -3.522653e-01 -1.382456e+01 4.290185e-02 9.961888e-01 7.594290e-02 4.580754e-01 3.499015e-01 -8.618047e-02 9.328139e-01 1.474242e+00
9.954377e-01 9.164512e-02 -2.655191e-02 -1.401705e+01 -9.177199e-02 9.957735e-01 -3.597156e-03 4.596298e-01 2.611003e-02 6.017466e-03 9.996410e-01 1.712494e+00
9.524844e-01 -4.310107e-02 -3.015223e-01 -1.401771e+01 5.839107e-02 9.974150e-01 4.187729e-02 4.550488e-01 2.989379e-01 -5.749368e-02 9.525390e-01 1.818870e+00
6.608889e-01 -3.647465e-02 7.495969e-01 -1.422519e+01 1.557185e-01 9.837456e-01 -8.942257e-02 4.545046e-01 -7.341509e-01 1.758245e-01 6.558263e-01 1.909255e+00
8.486342e-01 1.192716e-02 -5.288457e-01 -1.464859e+01 4.758691e-02 9.939709e-01 9.877953e-02 4.669127e-01 5.268354e-01 -1.089938e-01 8.429501e-01 1.772098e+00
9.951251e-01 9.696908e-02 1.797045e-02 -1.489120e+01 -9.627357e-02 9.946964e-01 -3.620041e-02 4.754009e-01 -2.138546e-02 3.429386e-02 9.991830e-01 1.616972e+00
6.512452e-01 1.354262e-01 -7.466857e-01 -1.495623e+01 1.009565e-02 9.823142e-01 1.869674e-01 4.663700e-01 7.588003e-01 -1.292999e-01 6.383602e-01 2.284161e+00
9.685443e-01 1.403868e-01 -2.054593e-01 -1.500269e+01 -1.069322e-01 9.803494e-01 1.657726e-01 4.464472e-01 2.246942e-01 -1.385879e-01 9.645237e-01 3.541071e+00
5.790030e-01 2.046502e-01 -7.892235e-01 -1.507726e+01 -1.039958e-01 9.786168e-01 1.774658e-01 4.254751e-01 8.086658e-01 -2.067727e-02 5.879049e-01 4.954125e+00
9.978642e-01 -2.725975e-02 -5.936326e-02 -1.512228e+01 3.143219e-02 9.970145e-01 7.052667e-02 4.145812e-01 5.726350e-02 -7.224195e-02 9.957419e-01 5.657135e+00
2.649026e-01 3.043206e-01 -9.149948e-01 -1.542131e+01 -1.369863e-01 9.511467e-01 2.766852e-01 4.241412e-01 9.544953e-01 5.204718e-02 2.936490e-01 6.218302e+00
9.175845e-01 -1.599726e-01 3.639334e-01 -1.558635e+01 1.651702e-01 9.861182e-01 1.702026e-02 4.192306e-01 -3.616042e-01 4.449345e-02 9.312694e-01 7.016560e+00
4.981578e-01 3.683848e-01 -7.849404e-01 -1.556256e+01 -1.740526e-01 9.293203e-01 3.256831e-01 4.039262e-01 8.494378e-01 -2.562068e-02 5.270665e-01 7.646211e+00
8.851874e-01 -2.087284e-01 4.157833e-01 -1.549823e+01 2.320567e-01 9.726853e-01 -5.740043e-03 3.818546e-01 -4.032282e-01 1.015663e-01 9.094456e-01 8.409139e+00
5.659024e-01 4.393685e-01 -6.976459e-01 -1.553511e+01 -1.896895e-01 8.928569e-01 4.084414e-01 3.612562e-01 8.023542e-01 -9.880187e-02 5.886135e-01 9.438820e+00
7.913425e-01 -2.673518e-01 5.498182e-01 -1.554390e+01 3.491421e-01 9.358680e-01 -4.744297e-02 3.359627e-01 -5.018733e-01 2.295083e-01 8.339359e-01 1.057957e+01
7.596668e-01 3.899618e-01 -5.204193e-01 -1.560770e+01 -2.583430e-01 9.153700e-01 3.087987e-01 3.264231e-01 5.967959e-01 -1.001374e-01 7.961201e-01 1.095034e+01
9.584753e-01 -2.224694e-01 1.784167e-01 -1.583272e+01 2.558680e-01 9.471356e-01 -1.935606e-01 3.317012e-01 -1.259235e-01 2.311741e-01 9.647289e-01 1.103952e+01
6.097501e-01 3.925208e-01 -6.885726e-01 -1.605208e+01 -9.465005e-02 8.986025e-01 4.284331e-01 3.371901e-01 7.869220e-01 -1.960637e-01 5.850751e-01 1.114275e+01
9.609960e-01 -6.197205e-02 2.695294e-01 -1.616844e+01 1.314365e-01 9.598168e-01 -2.479437e-01 3.342870e-01 -2.433333e-01 2.736989e-01 9.305256e-01 1.145528e+01
5.937256e-01 3.138575e-01 -7.409341e-01 -1.621541e+01 5.230242e-02 9.037957e-01 4.247561e-01 3.253430e-01 8.029660e-01 -2.909413e-01 5.201912e-01 1.192631e+01
9.675061e-01 9.901304e-02 2.326552e-01 -1.647944e+01 -2.020541e-02 9.474723e-01 -3.191988e-01 3.337833e-01 -2.520392e-01 3.041259e-01 9.186858e-01 1.207509e+01
7.771315e-01 4.247405e-02 -6.279033e-01 -1.684677e+01 1.885147e-01 9.361963e-01 2.966456e-01 3.470630e-01 6.004405e-01 -3.489017e-01 7.195407e-01 1.230122e+01
9.311487e-01 1.917870e-01 3.101286e-01 -1.723490e+01 -8.884229e-02 9.442018e-01 -3.171594e-01 3.613950e-01 -3.536510e-01 2.677700e-01 8.962311e-01 1.250714e+01
8.708748e-01 -1.244629e-01 -4.754850e-01 -1.766798e+01 2.548720e-01 9.415327e-01 2.203554e-01 3.764810e-01 4.202586e-01 -3.130898e-01 8.516792e-01 1.257704e+01
9.554724e-01 2.883699e-01 6.257194e-02 -1.776876e+01 -2.725075e-01 9.436556e-01 -1.877598e-01 3.778949e-01 -1.131906e-01 1.623480e-01 9.802199e-01 1.255205e+01
7.554609e-01 -1.578648e-01 -6.358911e-01 -1.785044e+01 2.677165e-01 9.601973e-01 7.968021e-02 3.772563e-01 5.980023e-01 -2.304338e-01 7.676546e-01 1.260247e+01
9.417911e-01 3.139990e-01 1.201422e-01 -1.794728e+01 -3.197226e-01 9.469952e-01 3.126624e-02 3.739777e-01 -1.039565e-01 -6.785843e-02 9.922642e-01 1.293289e+01
6.597425e-01 -1.578575e-01 -7.347250e-01 -1.800618e+01 1.342638e-01 9.867180e-01 -9.143739e-02 3.687646e-01 7.394005e-01 -3.832183e-02 6.721743e-01 1.334065e+01
9.779966e-01 1.883270e-01 8.975335e-02 -1.799908e+01 -2.041805e-01 9.523602e-01 2.265401e-01 3.665759e-01 -4.281389e-02 -2.398814e-01 9.698577e-01 1.343819e+01
6.923533e-01 -5.834017e-02 -7.191963e-01 -1.790514e+01 -9.102053e-02 9.817027e-01 -1.672576e-01 3.636738e-01 7.157948e-01 1.812630e-01 6.743750e-01 1.343580e+01
9.993806e-01 -7.505688e-03 -3.438196e-02 -1.805778e+01 1.737195e-02 9.548753e-01 2.964984e-01 3.695638e-01 3.060506e-02 -2.969120e-01 9.544143e-01 1.337940e+01
5.252541e-01 1.865937e-01 -8.302355e-01 -1.848610e+01 -3.482769e-01 9.373418e-01 -9.674153e-03 3.891843e-01 7.764093e-01 2.942332e-01 5.573289e-01 1.324552e+01
9.602847e-01 -2.789682e-01 5.482857e-03 -1.872751e+01 2.753411e-01 9.506145e-01 1.432457e-01 4.013583e-01 -4.517309e-02 -1.360470e-01 9.896720e-01 1.314265e+01
6.006692e-01 4.249028e-01 -6.772401e-01 -1.852600e+01 -3.543327e-01 9.008282e-01 2.509120e-01 3.970166e-01 7.166902e-01 8.925323e-02 6.916567e-01 1.308485e+01
9.426879e-01 -2.595357e-01 -2.097160e-01 -1.850796e+01 2.407188e-01 9.642027e-01 -1.112095e-01 3.921968e-01 2.310715e-01 5.435326e-02 9.714173e-01 1.341471e+01
6.582080e-01 4.386091e-01 -6.118694e-01 -1.863871e+01 -1.552982e-01 8.743774e-01 4.597245e-01 3.901803e-01 7.366442e-01 -2.075721e-01 6.436375e-01 1.387864e+01
9.967997e-01 -7.621027e-02 -2.413012e-02 -1.883116e+01 6.406213e-02 9.421137e-01 -3.291167e-01 3.960968e-01 4.781539e-02 3.265176e-01 9.439809e-01 1.400505e+01
7.463709e-01 1.980800e-01 -6.353698e-01 -1.875653e+01 1.094306e-01 9.051626e-01 4.107378e-01 3.951838e-01 6.564720e-01 -3.760916e-01 6.539110e-01 1.403399e+01
9.297557e-01 2.279132e-01 -2.891539e-01 -1.824520e+01 -2.847520e-01 9.429829e-01 -1.723356e-01 3.836818e-01 2.333897e-01 2.425672e-01 9.416424e-01 1.414020e+01
5.751889e-01 -2.581917e-02 -8.176131e-01 -1.814866e+01 2.667452e-01 9.507891e-01 1.576299e-01 3.700741e-01 7.733077e-01 -3.087613e-01 5.537704e-01 1.479341e+01
9.182821e-01 3.718884e-01 -1.358566e-01 -1.841783e+01 -3.577037e-01 9.263535e-01 1.179715e-01 3.782173e-01 1.697234e-01 -5.973477e-02 9.836797e-01 1.529681e+01
5.221998e-01 -1.118101e-01 -8.454619e-01 -1.870503e+01 2.847358e-02 9.931015e-01 -1.137484e-01 3.838195e-01 8.523477e-01 3.532605e-02 5.217811e-01 1.603298e+01
9.683927e-01 1.460744e-01 -2.021829e-01 -1.868656e+01 -3.267361e-02 8.778819e-01 4.777612e-01 3.577850e-01 2.472814e-01 -4.560544e-01 8.549072e-01 1.757883e+01
6.085798e-01 2.679740e-01 -7.468739e-01 -1.845012e+01 -3.936996e-01 9.191951e-01 9.001211e-03 3.290431e-01 6.889349e-01 2.885660e-01 6.649048e-01 1.871267e+01
9.424409e-01 -3.342944e-01 7.237850e-03 -1.842922e+01 3.255636e-01 9.223329e-01 2.081117e-01 3.190352e-01 -7.624627e-02 -1.937766e-01 9.780783e-01 1.912553e+01
7.921493e-01 3.847615e-01 -4.737700e-01 -1.869847e+01 -4.237247e-01 9.053938e-01 2.682195e-02 3.277770e-01 4.392685e-01 1.795011e-01 8.802401e-01 1.919667e+01
9.249977e-01 -3.798323e-01 -1.032817e-02 -1.891213e+01 3.799661e-01 9.244800e-01 3.102447e-02 3.340379e-01 -2.235908e-03 -3.262192e-02 9.994653e-01 1.913770e+01
3.604177e-01 5.420108e-01 -7.591596e-01 -1.959782e+01 -2.754181e-01 8.394088e-01 4.685485e-01 3.657868e-01 8.912036e-01 4.021311e-02 4.518174e-01 1.945696e+01
8.460002e-01 -2.370686e-01 4.775795e-01 -2.050900e+01 4.130072e-01 8.578615e-01 -3.057756e-01 4.075831e-01 -3.372072e-01 4.559300e-01 8.236620e-01 1.977700e+01
1.643132e-01 5.409187e-01 -8.248686e-01 -2.127616e+01 1.704898e-01 8.080756e-01 5.638679e-01 4.441570e-01 9.715629e-01 -2.332826e-01 4.055636e-02 2.019508e+01
9.705627e-01 2.078301e-01 1.217153e-01 -2.147859e+01 -1.523555e-01 9.211884e-01 -3.580500e-01 4.487390e-01 -1.865363e-01 3.289659e-01 9.257352e-01 2.085821e+01
5.865693e-01 1.082943e-02 -8.098267e-01 -2.048426e+01 3.219153e-01 9.144131e-01 2.453960e-01 4.283156e-01 7.431736e-01 -4.046374e-01 5.328805e-01 2.066013e+01
7.674557e-01 3.393929e-01 5.438972e-01 -2.008287e+01 -1.583615e-01 9.224468e-01 -3.521556e-01 4.191291e-01 -6.212354e-01 1.841314e-01 7.616838e-01 2.038871e+01
1.230476e-01 -2.707871e-02 -9.920313e-01 -2.005297e+01 3.066901e-01 9.517330e-01 1.206191e-02 4.202632e-01 9.438223e-01 -3.057304e-01 1.254132e-01 2.036384e+01
6.834376e-01 2.511539e-01 6.854449e-01 -1.964011e+01 -2.894890e-01 9.552127e-01 -6.135826e-02 4.087065e-01 -6.701561e-01 -1.564942e-01 7.255346e-01 2.032408e+01
2.482986e-01 -1.985317e-01 -9.481207e-01 -1.955465e+01 7.810406e-02 9.796888e-01 -1.846877e-01 4.072631e-01 9.655297e-01 -2.819438e-02 2.587615e-01 2.015582e+01
8.099199e-01 6.667333e-02 5.827388e-01 -1.954770e+01 -2.301590e-01 9.499590e-01 2.111982e-01 4.087545e-01 -5.394967e-01 -3.051762e-01 7.847362e-01 2.007509e+01
1.493344e-01 -8.113299e-02 -9.854525e-01 -1.953659e+01 -2.495983e-01 9.612595e-01 -1.169650e-01 4.107087e-01 9.567653e-01 2.634342e-01 1.232985e-01 1.997850e+01
6.986821e-01 -2.424735e-01 6.730898e-01 -1.994687e+01 2.394888e-02 9.482150e-01 3.167249e-01 4.280653e-01 -7.150313e-01 -2.051703e-01 6.683079e-01 1.981102e+01
-3.579968e-01 1.080276e-01 -9.274526e-01 -2.080088e+01 -3.812636e-01 8.897938e-01 2.508089e-01 4.717842e-01 8.523358e-01 4.433927e-01 -2.773564e-01 1.992801e+01
3.691285e-01 -4.196405e-01 8.292442e-01 -2.119555e+01 3.144387e-01 8.960280e-01 3.134678e-01 4.873385e-01 -8.745699e-01 1.450366e-01 4.627007e-01 2.001588e+01
-5.196888e-01 3.576593e-01 -7.758888e-01 -2.173144e+01 -2.144187e-01 8.244900e-01 5.236801e-01 5.117454e-01 8.270116e-01 4.385157e-01 -3.517894e-01 1.999336e+01
3.396850e-01 -2.555331e-01 9.051613e-01 -2.226831e+01 4.845726e-01 8.723751e-01 6.442904e-02 5.361474e-01 -8.061039e-01 4.167308e-01 4.201571e-01 1.998495e+01
-5.296368e-01 5.146228e-01 -6.742761e-01 -2.234764e+01 1.307058e-01 8.349474e-01 5.345828e-01 5.525908e-01 8.380936e-01 1.950029e-01 -5.094831e-01 1.901425e+01
6.137655e-01 7.687422e-02 7.857368e-01 -2.227247e+01 2.793785e-01 9.097003e-01 -3.072344e-01 5.703717e-01 -7.384034e-01 4.080879e-01 5.368656e-01 1.790040e+01
-6.122486e-01 3.830484e-01 -6.916831e-01 -2.230410e+01 3.505367e-01 9.156398e-01 1.967936e-01 5.821061e-01 7.087141e-01 -1.219737e-01 -6.948717e-01 1.750910e+01
4.372440e-01 2.119217e-01 8.740177e-01 -2.240855e+01 -5.108021e-02 9.761234e-01 -2.111253e-01 5.907154e-01 -8.978912e-01 4.766824e-02 4.376291e-01 1.735957e+01
-4.098809e-01 7.986457e-02 -9.086359e-01 -2.219043e+01 9.440714e-02 9.945239e-01 4.482713e-02 5.847273e-01 9.072403e-01 -6.740794e-02 -4.151762e-01 1.737933e+01
6.776279e-01 2.828921e-03 7.353995e-01 -2.152669e+01 -5.275943e-02 9.976029e-01 4.477719e-02 5.878625e-01 -7.335099e-01 -6.914153e-02 6.761528e-01 1.624769e+01
-6.961458e-01 -5.922264e-03 -7.178760e-01 -2.129687e+01 -1.298162e-01 9.845198e-01 1.177646e-01 6.098883e-01 7.060657e-01 1.751732e-01 -6.861381e-01 1.491089e+01
6.374558e-01 -2.488792e-01 7.291840e-01 -2.157320e+01 9.426097e-02 9.644754e-01 2.467836e-01 6.292516e-01 -7.646993e-01 -8.858001e-02 6.382700e-01 1.468561e+01
-7.590217e-01 1.955337e-01 -6.210094e-01 -2.191365e+01 -1.648735e-01 8.650181e-01 4.738781e-01 6.511712e-01 6.298435e-01 4.620718e-01 -6.243291e-01 1.455295e+01
6.836934e-01 -3.178044e-01 6.569350e-01 -2.217482e+01 4.084474e-01 9.126342e-01 1.641926e-02 6.686068e-01 -6.047595e-01 2.570976e-01 7.537684e-01 1.469623e+01
-1.497556e-01 5.805937e-01 -8.003026e-01 -2.191051e+01 -2.192515e-02 8.072814e-01 5.897593e-01 6.558565e-01 9.884799e-01 1.058665e-01 -1.081653e-01 1.485988e+01
1.806764e-01 -9.932659e-02 9.785143e-01 -2.158844e+01 5.542851e-01 8.321348e-01 -1.787721e-02 6.438655e-01 -8.124802e-01 5.456059e-01 2.054023e-01 1.478310e+01
-5.215912e-01 6.005926e-01 -6.059959e-01 -2.169269e+01 2.655109e-01 7.892589e-01 5.536916e-01 6.480793e-01 8.108308e-01 1.279022e-01 -5.711344e-01 1.468277e+01
3.191162e-01 1.598766e-01 9.341329e-01 -2.194679e+01 3.814272e-01 8.806466e-01 -2.810247e-01 6.568999e-01 -8.675702e-01 4.459833e-01 2.200473e-01 1.470276e+01
-4.551875e-01 4.456401e-01 -7.708497e-01 -2.213757e+01 3.485572e-01 8.858302e-01 3.062887e-01 6.619407e-01 8.193364e-01 -1.292664e-01 -5.585499e-01 1.475445e+01
2.921929e-01 9.127519e-02 9.519938e-01 -2.213222e+01 1.302441e-01 9.823629e-01 -1.341624e-01 6.393621e-01 -9.474491e-01 1.631929e-01 2.751515e-01 1.583171e+01
-2.520865e-01 3.076356e-01 -9.175036e-01 -2.208428e+01 8.066010e-02 9.515039e-01 2.968742e-01 6.181253e-01 9.643373e-01 8.320320e-04 -2.646752e-01 1.657199e+01
2.499987e-01 1.393680e-02 9.681459e-01 -2.195526e+01 2.056838e-01 9.763108e-01 -6.716686e-02 6.145000e-01 -9.461474e-01 2.159235e-01 2.412098e-01 1.635942e+01
-2.710568e-01 2.491362e-01 -9.297631e-01 -2.208438e+01 7.368841e-02 9.684602e-01 2.380227e-01 6.202481e-01 9.597386e-01 -3.995086e-03 -2.808662e-01 1.620500e+01
9.442301e-02 1.798180e-02 9.953698e-01 -2.200812e+01 1.852460e-01 9.820575e-01 -3.531415e-02 6.157868e-01 -9.781453e-01 1.877227e-01 8.939777e-02 1.606399e+01
-5.621279e-01 2.239957e-01 -7.961395e-01 -2.217077e+01 3.086614e-02 9.676365e-01 2.504532e-01 6.188000e-01 8.264741e-01 1.162130e-01 -5.508494e-01 1.605053e+01
1.018401e-01 -7.352679e-02 9.920798e-01 -2.236251e+01 1.615460e-01 9.852501e-01 5.643741e-02 6.235474e-01 -9.815964e-01 1.545189e-01 1.122159e-01 1.607177e+01
-8.967984e-02 1.992665e-01 -9.758332e-01 -2.229751e+01 -6.779421e-02 9.762873e-01 2.055896e-01 6.192683e-01 9.936606e-01 8.459308e-02 -7.404417e-02 1.592237e+01
3.470282e-01 -1.327705e-01 9.284091e-01 -2.221281e+01 1.601364e-01 9.837797e-01 8.083197e-02 6.137583e-01 -9.240821e-01 1.206211e-01 3.626607e-01 1.587679e+01
-1.253551e-01 2.356422e-01 -9.637214e-01 -2.224991e+01 -1.187513e-01 9.608363e-01 2.503832e-01 6.117545e-01 9.849793e-01 1.458300e-01 -9.246288e-02 1.580870e+01
3.464207e-01 -1.745416e-01 9.216984e-01 -2.227414e+01 2.242161e-01 9.694656e-01 9.931551e-02 6.107862e-01 -9.108896e-01 1.722546e-01 3.749780e-01 1.565543e+01
-1.625675e-01 3.040629e-01 -9.386786e-01 -2.224286e+01 -1.242410e-01 9.374540e-01 3.251832e-01 6.078306e-01 9.788442e-01 1.694866e-01 -1.146225e-01 1.556621e+01
4.242029e-01 -1.857354e-01 8.863150e-01 -2.233083e+01 2.802133e-01 9.576271e-01 6.656543e-02 6.085914e-01 -8.611228e-01 2.201200e-01 4.582737e-01 1.544887e+01
-8.424491e-02 3.623886e-01 -9.282119e-01 -2.231065e+01 -1.029404e-01 9.233741e-01 3.698427e-01 6.081034e-01 9.911136e-01 1.267079e-01 -4.048514e-02 1.525119e+01
6.091878e-01 -1.390817e-01 7.807346e-01 -2.248887e+01 2.790292e-01 9.591388e-01 -4.685654e-02 6.148613e-01 -7.423159e-01 2.463921e-01 6.231035e-01 1.509394e+01
-2.680871e-01 3.840216e-01 -8.835478e-01 -2.289458e+01 2.301955e-02 9.194108e-01 3.926243e-01 6.313273e-01 9.631196e-01 8.491865e-02 -2.553222e-01 1.506779e+01
4.718933e-01 3.695246e-03 8.816479e-01 -2.343801e+01 2.619640e-01 9.542418e-01 -1.442132e-01 6.555745e-01 -8.418382e-01 2.990132e-01 4.493323e-01 1.500091e+01
1.955340e-01 2.244894e-01 -9.546575e-01 -2.404239e+01 1.015792e-01 9.635760e-01 2.473922e-01 6.822221e-01 9.754220e-01 -1.453469e-01 1.656084e-01 1.466163e+01
3.087760e-01 1.275172e-01 9.425480e-01 -2.435482e+01 2.446672e-01 9.469753e-01 -2.082684e-01 6.954224e-01 -9.191275e-01 2.949188e-01 2.612040e-01 1.429786e+01
2.715347e-01 2.248077e-01 -9.358047e-01 -2.452966e+01 1.738519e-01 9.448841e-01 2.774340e-01 7.007909e-01 9.465962e-01 -2.380243e-01 2.174856e-01 1.401928e+01
3.805528e-01 1.754767e-01 9.079579e-01 -2.466829e+01 2.103575e-01 9.396663e-01 -2.697721e-01 7.048069e-01 -9.005161e-01 2.936583e-01 3.206798e-01 1.371828e+01
1.074287e-01 2.040580e-01 -9.730464e-01 -2.499631e+01 2.460608e-01 9.428054e-01 2.248824e-01 7.178414e-01 9.632825e-01 -2.635874e-01 5.107368e-02 1.337331e+01
1.307899e-01 2.609966e-01 9.564386e-01 -2.521379e+01 2.411107e-01 9.273870e-01 -2.860400e-01 7.239234e-01 -9.616442e-01 2.680188e-01 5.836372e-02 1.314392e+01
2.630502e-01 1.964372e-01 -9.445724e-01 -2.548011e+01 2.913000e-01 9.171879e-01 2.718652e-01 7.300724e-01 9.197548e-01 -3.466681e-01 1.840443e-01 1.299440e+01
1.591282e-01 3.107044e-01 9.370918e-01 -2.574592e+01 3.082384e-01 8.861016e-01 -3.461402e-01 7.365705e-01 -9.379058e-01 3.439284e-01 4.523276e-02 1.287191e+01
4.097697e-01 2.336902e-01 -8.817470e-01 -2.604504e+01 3.078181e-01 8.745039e-01 3.748212e-01 7.433663e-01 8.586832e-01 -4.250080e-01 2.864111e-01 1.276417e+01
-1.384751e-01 3.802080e-01 9.144761e-01 -2.642211e+01 6.211660e-01 7.525128e-01 -2.188088e-01 7.515645e-01 -7.713478e-01 5.377419e-01 -3.403765e-01 1.267823e+01
2.185507e-01 5.392225e-01 -8.133109e-01 -2.688834e+01 2.906449e-01 7.596623e-01 5.817549e-01 7.665255e-01 9.315370e-01 -3.635276e-01 9.302469e-03 1.245074e+01
7.902874e-01 3.141376e-01 5.260831e-01 -2.712187e+01 6.514071e-02 8.106407e-01 -5.819092e-01 7.843336e-01 -6.092640e-01 4.941449e-01 6.201760e-01 1.191973e+01
1.926651e-01 1.391390e-01 -9.713498e-01 -2.732476e+01 4.996743e-01 8.380323e-01 2.191515e-01 7.986429e-01 8.445151e-01 -5.275814e-01 9.193540e-02 1.140091e+01
6.882438e-01 5.054739e-01 5.204004e-01 -2.737061e+01 -3.234310e-01 8.558725e-01 -4.035773e-01 8.089326e-01 -6.493942e-01 1.094459e-01 7.525349e-01 1.079341e+01
1.456796e-01 -2.539496e-01 -9.561836e-01 -2.745370e+01 4.006271e-01 8.988472e-01 -1.776841e-01 8.188311e-01 9.045858e-01 -3.571881e-01 2.326828e-01 1.018781e+01
6.639536e-01 4.114648e-01 6.243895e-01 -2.767411e+01 -4.843850e-01 8.727896e-01 -6.007945e-02 8.336989e-01 -5.696812e-01 -2.625550e-01 7.787992e-01 9.602483e+00
2.679935e-01 -4.677540e-01 -8.422504e-01 -2.805905e+01 1.769046e-01 8.832563e-01 -4.342384e-01 8.550544e-01 9.470397e-01 -3.262496e-02 3.194548e-01 9.104994e+00
6.500987e-01 2.025116e-01 7.323665e-01 -2.842264e+01 -4.417527e-01 8.849402e-01 1.474291e-01 8.772571e-01 -6.182445e-01 -4.193684e-01 6.647585e-01 8.590966e+00
-1.789286e-01 -3.536825e-01 -9.180922e-01 -2.832095e+01 -3.209756e-01 9.030800e-01 -2.853438e-01 8.908378e-01 9.300318e-01 2.436291e-01 -2.751103e-01 7.692492e+00
7.930887e-01 -3.508446e-01 4.979141e-01 -2.812030e+01 2.331421e-02 8.343365e-01 5.507622e-01 8.984712e-01 -6.086599e-01 -4.251948e-01 6.698825e-01 7.000512e+00
-7.759901e-02 1.419482e-01 -9.868278e-01 -2.779771e+01 -5.839768e-01 7.957683e-01 1.603865e-01 9.006541e-01 8.080529e-01 5.887304e-01 2.114359e-02 6.422088e+00
6.907267e-01 -6.045893e-01 3.966970e-01 -2.758874e+01 5.235885e-01 7.965366e-01 3.022987e-01 9.034607e-01 -4.987502e-01 -1.099805e-03 8.667451e-01 5.937664e+00
-4.425849e-02 6.215720e-01 -7.821058e-01 -2.751914e+01 -3.975029e-01 7.072759e-01 5.845958e-01 9.117570e-01 9.165329e-01 3.367627e-01 2.157737e-01 5.388494e+00
6.025794e-01 -4.207016e-01 6.781654e-01 -2.736691e+01 6.459180e-01 7.561748e-01 -1.048314e-01 9.163102e-01 -4.687088e-01 5.012085e-01 7.273941e-01 4.871074e+00
1.164360e-01 7.291013e-01 -6.744286e-01 -2.726189e+01 -4.807558e-02 6.823888e-01 7.294068e-01 9.170589e-01 9.920340e-01 -5.250566e-02 1.145066e-01 4.554654e+00
8.519549e-01 -5.979177e-02 5.201901e-01 -2.721022e+01 3.668499e-01 7.770360e-01 -5.115038e-01 9.226996e-01 -3.736227e-01 6.266099e-01 6.839342e-01 4.180068e+00
1.329607e-01 5.006996e-01 -8.553487e-01 -2.729630e+01 4.295700e-01 7.486269e-01 5.050024e-01 9.340206e-01 8.931915e-01 -4.345776e-01 -1.155476e-01 3.778855e+00
7.807785e-01 4.398879e-01 4.437157e-01 -2.744522e+01 -1.419720e-01 8.164920e-01 -5.596291e-01 9.478298e-01 -6.084644e-01 3.739512e-01 6.999512e-01 3.386661e+00
5.339543e-02 -4.320979e-02 -9.976381e-01 -2.766157e+01 4.997696e-01 8.660915e-01 -1.076365e-02 9.617464e-01 8.645110e-01 -4.980145e-01 6.784027e-02 3.040751e+00
5.936371e-01 4.943478e-01 6.349923e-01 -2.767640e+01 -4.390246e-01 8.602503e-01 -2.592812e-01 9.681085e-01 -6.744274e-01 -1.248583e-01 7.277074e-01 2.482725e+00
-6.245556e-02 -3.510446e-01 -9.342735e-01 -2.770264e+01 1.789005e-01 9.170017e-01 -3.565143e-01 9.753404e-01 9.818828e-01 -1.894083e-01 5.530196e-03 2.044632e+00
7.862358e-01 1.419882e-01 6.013922e-01 -2.757572e+01 -4.067086e-01 8.516224e-01 3.306469e-01 9.787386e-01 -4.652112e-01 -5.045578e-01 7.273238e-01 1.803876e+00
-3.417832e-02 -2.488602e-01 -9.679362e-01 -2.761493e+01 -4.461113e-01 8.704604e-01 -2.080464e-01 9.873081e-01 8.943246e-01 4.246966e-01 -1.407702e-01 1.557448e+00
8.499925e-01 -4.305825e-01 3.034985e-01 -2.778251e+01 2.339358e-01 8.247219e-01 5.148862e-01 1.005179e+00 -4.720029e-01 -3.666502e-01 8.017362e-01 1.194592e+00
1.371444e-01 3.498010e-01 -9.267312e-01 -2.785928e+01 -6.102736e-01 7.667612e-01 1.991065e-01 1.014683e+00 7.802291e-01 5.382533e-01 3.186313e-01 9.112791e-01
6.136941e-01 -6.135918e-01 4.968749e-01 -2.801697e+01 5.549240e-01 7.828705e-01 2.813773e-01 1.021957e+00 -5.616395e-01 1.030483e-01 8.209398e-01 7.873351e-01
-1.635719e-01 6.827776e-01 -7.120808e-01 -2.793454e+01 -3.023018e-01 6.523888e-01 6.949837e-01 1.020517e+00 9.390729e-01 3.289431e-01 9.969245e-02 8.758128e-01
8.591059e-01 -3.857785e-01 3.363213e-01 -2.784360e+01 4.949255e-01 7.935612e-01 -3.539906e-01 1.012569e+00 -1.303296e-01 4.705694e-01 8.726847e-01 1.436217e+00
3.294883e-01 6.373630e-01 -6.965672e-01 -2.774884e+01 1.325838e-01 6.992200e-01 7.025048e-01 1.014435e+00 9.348042e-01 -3.238206e-01 1.458808e-01 1.163291e+00
9.795720e-01 1.938485e-01 5.349333e-02 -2.791893e+01 -1.319479e-01 8.203285e-01 -5.564628e-01 1.025822e+00 -1.517516e-01 5.380370e-01 8.291487e-01 1.267392e+00
2.470592e-01 1.086173e-01 -9.628936e-01 -2.815488e+01 5.161860e-01 8.262187e-01 2.256429e-01 1.030403e+00 8.200694e-01 -5.527793e-01 1.480581e-01 1.779543e+00
8.164666e-01 5.426873e-01 1.971620e-01 -2.834943e+01 -5.347599e-01 8.395054e-01 -9.624242e-02 1.034663e+00 -2.177481e-01 -2.685560e-02 9.756355e-01 2.140946e+00
3.315311e-01 -4.084159e-01 -8.504608e-01 -2.831086e+01 2.328825e-01 9.089746e-01 -3.457325e-01 1.040903e+00 9.142499e-01 -8.343636e-02 3.964663e-01 1.806615e+00
8.919596e-01 2.404886e-01 3.828488e-01 -2.811771e+01 -3.856736e-01 8.466186e-01 3.667327e-01 1.039180e+00 -2.359319e-01 -4.747654e-01 8.478997e-01 1.541013e+00
2.992070e-01 -2.179744e-01 -9.289576e-01 -2.815217e+01 -3.372753e-01 8.865516e-01 -3.166568e-01 1.043815e+00 8.925920e-01 4.080604e-01 1.917451e-01 1.374616e+00
9.320401e-01 -2.935573e-01 2.124274e-01 -2.832984e+01 1.417469e-01 8.348990e-01 5.318379e-01 1.054786e+00 -3.334803e-01 -4.655833e-01 8.197701e-01 1.148791e+00
3.448016e-01 2.515452e-01 -9.043434e-01 -2.853263e+01 -6.062615e-01 7.952030e-01 -9.963525e-03 1.070560e+00 7.166303e-01 5.517040e-01 4.266894e-01 7.075498e-01
8.402661e-01 -5.384215e-01 6.368093e-02 -2.894959e+01 5.180967e-01 8.320063e-01 1.983466e-01 1.094091e+00 -1.597770e-01 -1.336710e-01 9.780610e-01 2.737334e-01
2.454653e-01 6.282425e-01 -7.382805e-01 -2.942423e+01 -4.771694e-01 7.412331e-01 4.721046e-01 1.120227e+00 8.438342e-01 2.363996e-01 4.817251e-01 -1.401707e-01
9.026909e-01 -4.163889e-01 1.084872e-01 -2.967983e+01 4.273428e-01 8.380894e-01 -3.390935e-01 1.140479e+00 5.027277e-02 3.524578e-01 9.344764e-01 -5.900169e-01
3.385410e-01 5.838023e-01 -7.379464e-01 -2.977240e+01 1.166886e-01 7.521538e-01 6.485742e-01 1.153996e+00 9.336883e-01 -3.056788e-01 1.865118e-01 -9.343164e-01
9.501862e-01 1.311627e-01 2.827411e-01 -2.960872e+01 3.930944e-02 8.494699e-01 -5.261707e-01 1.151293e+00 -3.091940e-01 5.110746e-01 8.019986e-01 -1.067918e+00
4.251143e-01 1.754238e-01 -8.879776e-01 -2.952037e+01 4.125516e-01 8.356591e-01 3.625949e-01 1.151674e+00 8.056544e-01 -5.204809e-01 2.828793e-01 -1.353457e+00
8.593331e-01 4.286725e-01 2.789023e-01 -2.919425e+01 -2.973716e-01 8.625126e-01 -4.094412e-01 1.153066e+00 -4.160730e-01 2.689088e-01 8.686607e-01 -1.973991e+00
3.782691e-01 -1.948935e-01 -9.049470e-01 -2.904474e+01 4.507267e-01 8.926537e-01 -3.841594e-03 1.155137e+00 8.085530e-01 -4.064306e-01 4.255070e-01 -2.460902e+00
8.292237e-01 4.617812e-01 3.148749e-01 -2.876884e+01 -4.686799e-01 8.814353e-01 -5.840334e-02 1.158122e+00 -3.045114e-01 -9.914610e-02 9.473346e-01 -3.143266e+00
1.939032e-01 -3.684737e-01 -9.091912e-01 -2.845133e+01 1.174628e-01 9.288339e-01 -3.513831e-01 1.163683e+00 9.739631e-01 -3.866182e-02 2.233858e-01 -4.012612e+00
9.300394e-01 1.259603e-01 3.451966e-01 -2.809209e+01 -2.631542e-01 8.839761e-01 3.864403e-01 1.169167e+00 -2.564694e-01 -4.502447e-01 8.552796e-01 -4.844355e+00
2.451178e-01 -1.300799e-01 -9.607271e-01 -2.776943e+01 -3.732282e-01 9.019218e-01 -2.173424e-01 1.171993e+00 8.947726e-01 4.118450e-01 1.725276e-01 -5.478790e+00
9.368484e-01 -3.417707e-01 7.421541e-02 -2.755429e+01 2.835212e-01 8.664260e-01 4.110008e-01 1.179514e+00 -2.047702e-01 -3.640038e-01 9.086091e-01 -6.151895e+00
6.028509e-01 3.735665e-01 -7.049956e-01 -2.719493e+01 -5.376990e-01 8.430354e-01 -1.308184e-02 1.176254e+00 5.894493e-01 3.869619e-01 7.090910e-01 -6.514660e+00
6.453986e-01 -5.573575e-01 5.223152e-01 -2.672092e+01 3.648716e-01 8.256919e-01 4.302344e-01 1.156213e+00 -6.710658e-01 -8.709465e-02 7.362644e-01 -6.425107e+00
6.597478e-01 4.078366e-01 -6.311911e-01 -2.571776e+01 -5.697598e-01 8.191356e-01 -6.626238e-02 1.133330e+00 4.900068e-01 4.033437e-01 7.727918e-01 -6.660691e+00
8.167373e-01 -5.269905e-01 2.349920e-01 -2.475419e+01 4.506155e-01 8.369101e-01 3.106883e-01 1.114392e+00 -3.603970e-01 -1.478597e-01 9.210057e-01 -6.973150e+00
1.008681e-01 5.877714e-01 -8.027144e-01 -2.452346e+01 -4.510864e-01 7.461519e-01 4.896717e-01 1.113916e+00 8.867619e-01 3.127013e-01 3.403986e-01 -7.275565e+00
7.229534e-01 -4.704013e-01 5.060246e-01 -2.433498e+01 5.992548e-01 7.914502e-01 -1.204173e-01 1.114238e+00 -3.438488e-01 3.902938e-01 8.540719e-01 -7.699336e+00
1.698124e-01 6.871442e-01 -7.063969e-01 -2.426041e+01 -4.906237e-02 7.218135e-01 6.903464e-01 1.120083e+00 9.842544e-01 -8.257186e-02 1.562858e-01 -8.142781e+00
6.400345e-01 -7.001327e-02 7.651496e-01 -2.396685e+01 5.291433e-01 7.622152e-01 -3.728745e-01 1.117454e+00 -5.571025e-01 6.435264e-01 5.248911e-01 -8.567745e+00
7.200671e-02 6.130360e-01 -7.867668e-01 -2.382813e+01 3.430171e-01 7.254782e-01 5.966746e-01 1.119344e+00 9.365651e-01 -3.128391e-01 -1.580425e-01 -8.982374e+00
6.818205e-01 3.125776e-01 6.613743e-01 -2.330881e+01 2.036336e-01 7.872733e-01 -5.820086e-01 1.117141e+00 -7.026052e-01 5.315035e-01 4.731278e-01 -9.597074e+00
-3.133431e-01 2.820473e-01 -9.067885e-01 -2.263806e+01 5.804801e-01 8.126018e-01 5.216505e-02 1.122044e+00 7.515710e-01 -5.100271e-01 -4.183460e-01 -1.058500e+01
4.987758e-01 5.237551e-01 6.905818e-01 -2.215003e+01 -3.629670e-01 8.497557e-01 -3.823221e-01 1.126409e+00 -7.870690e-01 -5.996542e-02 6.139434e-01 -1.137917e+01
-1.617976e-01 -2.771757e-01 -9.470983e-01 -2.183229e+01 2.962249e-01 9.018412e-01 -3.145364e-01 1.123076e+00 9.413142e-01 -3.314453e-01 -6.380940e-02 -1.174617e+01
4.070508e-01 2.422959e-01 8.806829e-01 -2.150666e+01 -4.479617e-01 8.932149e-01 -3.869623e-02 1.120250e+00 -7.960150e-01 -3.787609e-01 4.721232e-01 -1.218902e+01
-9.297944e-02 -3.934162e-01 -9.146467e-01 -2.129043e+01 -4.615634e-02 9.193416e-01 -3.907436e-01 1.118369e+00 9.945976e-01 5.885623e-03 -1.036385e-01 -1.259875e+01
5.031899e-01 -8.928970e-02 8.595506e-01 -2.105801e+01 -3.439827e-01 8.917600e-01 2.940066e-01 1.117652e+00 -7.927647e-01 -4.436117e-01 4.180105e-01 -1.306094e+01
-3.118553e-01 -2.693723e-01 -9.111448e-01 -2.081146e+01 -4.436263e-01 8.893019e-01 -1.110757e-01 1.122015e+00 8.402035e-01 3.695682e-01 -3.968342e-01 -1.374396e+01
6.649483e-01 -4.840242e-01 5.688271e-01 -2.066448e+01 1.770458e-01 8.420361e-01 5.095390e-01 1.133775e+00 -7.256022e-01 -2.381087e-01 6.456049e-01 -1.455979e+01
-2.008835e-01 2.666429e-01 -9.426279e-01 -2.039460e+01 -5.201700e-01 7.863470e-01 3.332889e-01 1.137912e+00 8.301018e-01 5.572791e-01 -1.926453e-02 -1.518903e+01
4.388226e-01 -5.726873e-01 6.924334e-01 -2.001021e+01 5.234393e-01 7.892648e-01 3.210489e-01 1.133465e+00 -7.303739e-01 2.215633e-01 6.461143e-01 -1.549258e+01
-1.353221e-01 6.089709e-01 -7.815641e-01 -1.966691e+01 -3.413203e-01 7.118846e-01 6.137758e-01 1.126604e+00 9.301550e-01 3.498211e-01 1.115204e-01 -1.572738e+01
3.525924e-01 -3.756857e-01 8.570524e-01 -1.933791e+01 6.826697e-01 7.296854e-01 3.900377e-02 1.123433e+00 -6.400318e-01 5.713313e-01 5.137508e-01 -1.616999e+01
2.082963e-02 7.138858e-01 -6.999523e-01 -1.902608e+01 -1.123410e-01 6.973416e-01 7.078801e-01 1.119752e+00 9.934514e-01 6.388847e-02 9.472403e-02 -1.657463e+01
7.567136e-01 -1.333633e-01 6.399990e-01 -1.905551e+01 4.802802e-01 7.775787e-01 -4.058352e-01 1.128540e+00 -4.435261e-01 6.144799e-01 6.524562e-01 -1.688042e+01
2.592005e-01 5.575523e-01 -7.886384e-01 -1.918723e+01 2.511961e-01 7.495273e-01 6.124617e-01 1.138769e+00 9.325855e-01 -3.568532e-01 5.422289e-02 -1.717430e+01
7.817465e-01 2.829358e-01 5.557155e-01 -1.974544e+01 1.531314e-01 7.767616e-01 -6.108946e-01 1.167191e+00 -6.045024e-01 5.626622e-01 5.639043e-01 -1.742637e+01
2.402389e-01 2.315012e-01 -9.427049e-01 -1.994439e+01 5.217870e-01 7.881173e-01 3.265111e-01 1.178079e+00 8.185497e-01 -5.703318e-01 6.854213e-02 -1.769595e+01
4.997249e-01 5.196192e-01 6.930158e-01 -1.954962e+01 -4.266661e-02 8.138745e-01 -5.794720e-01 1.171023e+00 -8.651327e-01 2.600080e-01 4.288838e-01 -1.814607e+01
