1.000000e+00 1.197624e-11 1.704639e-10 3.214096e-14 1.197625e-11 1.000000e+00 3.562503e-10 -1.998401e-15 1.704639e-10 3.562503e-10 1.000000e+00 -4.041212e-14 0.000000e+00 0.000000e+00 0.000000e+00 1.000000e+00
1.453722e-01 -2.507604e-01 9.570716e-01 -2.868430e+00 5.770896e-01 8.072358e-01 1.238465e-01 1.219045e-01 -8.036383e-01 5.343123e-01 2.620609e-01 2.092089e+00
9.166035e-01 -5.619451e-02 3.958284e-01 -6.274718e+00 1.119577e-01 9.865378e-01 -1.192002e-01 2.703358e-01 -3.838013e-01 1.535754e-01 9.105554e-01 4.256702e+00
9.768725e-01 -1.157474e-01 -1.797852e-01 -7.440306e+00 1.410556e-01 9.807517e-01 1.350161e-01 3.078412e-01 1.606969e-01 -1.572532e-01 9.743962e-01 6.486637e+00
9.235185e-01 -6.204472e-02 3.785023e-01 -8.468754e+00 9.428833e-02 9.932717e-01 -6.723803e-02 3.300365e-01 -3.717839e-01 9.778392e-02 9.231550e-01 8.981958e+00
9.740094e-01 -1.913848e-01 1.211507e-01 -9.767798e+00 1.774851e-01 9.771739e-01 1.167482e-01 3.636888e-01 -1.407291e-01 -9.221138e-02 9.857446e-01 1.169787e+01
8.708910e-01 1.277916e-01 -4.745716e-01 -1.117319e+01 -9.088845e-02 9.908259e-01 1.000171e-01 4.121272e-01 4.829992e-01 -4.397090e-02 8.745161e-01 1.459894e+01
1.888990e-01 -1.939137e-01 9.626602e-01 -1.513319e+01 7.173476e-01 6.967153e-01 -4.192731e-04 6.007178e-01 -6.706188e-01 6.906412e-01 2.707123e-01 1.717113e+01
7.715821e-01 3.040117e-02 6.354029e-01 -2.066392e+01 1.069656e-01 9.784345e-01 -1.767041e-01 8.613819e-01 -6.270721e-01 2.043080e-01 7.516907e-01 1.931815e+01
5.562651e-01 -4.273622e-01 7.126926e-01 -2.358247e+01 3.596364e-01 8.969576e-01 2.571552e-01 9.786418e-01 -7.491534e-01 1.132638e-01 6.526412e-01 2.217003e+01
5.940245e-01 -2.584708e-01 7.617925e-01 -2.735351e+01 5.687989e-01 8.046022e-01 -1.705377e-01 1.143116e+00 -5.688609e-01 5.346103e-01 6.249713e-01 2.488886e+01
4.537864e-01 1.998071e-02 8.908865e-01 -3.143157e+01 1.983729e-01 9.723967e-01 -1.228530e-01 1.318456e+00 -8.687498e-01 2.324768e-01 4.372967e-01 2.748535e+01
7.493109e-01 -4.560167e-01 4.801896e-01 -3.505927e+01 3.890458e-01 8.899311e-01 2.380460e-01 1.478985e+00 -5.358886e-01 8.445292e-03 8.442465e-01 3.037836e+01
6.767644e-01 -2.491604e-01 6.927547e-01 -3.933203e+01 5.810603e-01 7.585883e-01 -2.948096e-01 1.680938e+00 -4.520608e-01 6.020489e-01 6.581627e-01 3.292948e+01
9.954391e-01 9.084929e-02 -2.910975e-02 -4.219309e+01 -7.750502e-02 9.480680e-01 3.084801e-01 1.813621e+00 5.562322e-02 -3.048170e-01 9.507853e-01 3.571113e+01
8.467272e-01 -4.424414e-01 2.954634e-01 -4.516294e+01 5.301060e-01 7.487613e-01 -3.979248e-01 1.955690e+00 -4.517319e-02 4.935607e-01 8.685374e-01 3.829383e+01
9.675995e-01 9.317692e-02 2.346686e-01 -4.855104e+01 -1.430588e-01 9.681540e-01 2.054558e-01 2.113687e+00 -2.080516e-01 -2.323703e-01 9.501150e-01 4.147731e+01
6.131940e-01 -2.504119e-01 -7.491909e-01 -5.060130e+01 7.363040e-02 9.624139e-01 -2.614155e-01 2.206082e+00 7.864933e-01 1.051352e-01 6.085843e-01 4.448967e+01
9.602055e-01 -4.460311e-02 2.757098e-01 -5.234496e+01 -3.858444e-02 9.565156e-01 2.891177e-01 2.277354e+00 -2.766162e-01 -2.882505e-01 9.167306e-01 4.720326e+01
1.297910e-01 3.219398e-01 -9.378215e-01 -5.280852e+01 -2.719783e-01 9.211037e-01 2.785600e-01 2.265642e+00 9.535104e-01 2.189125e-01 2.071116e-01 5.009159e+01
6.869940e-01 -4.513303e-01 5.695088e-01 -5.360202e+01 4.152105e-01 8.869988e-01 2.020729e-01 2.271334e+00 -5.963552e-01 9.764316e-02 7.967598e-01 5.301876e+01
6.463706e-01 4.060822e-01 -6.459894e-01 -5.478210e+01 -3.104019e-01 9.133387e-01 2.635584e-01 2.303314e+00 6.970335e-01 3.015994e-02 7.164040e-01 5.595735e+01
6.602640e-01 -4.787490e-01 5.786630e-01 -5.619371e+01 5.586570e-01 8.280305e-01 4.762302e-02 2.348135e+00 -5.019500e-01 2.918303e-01 8.141752e-01 5.889148e+01
4.120798e-01 5.031574e-01 -7.596202e-01 -5.812759e+01 -1.406427e-01 8.588299e-01 4.925758e-01 2.433010e+00 9.002277e-01 -9.614546e-02 4.246719e-01 6.168549e+01
3.590468e-01 -1.865116e-01 9.144938e-01 -6.116352e+01 7.845522e-01 5.910385e-01 -1.874867e-01 2.576545e+00 -5.055326e-01 7.847846e-01 3.585386e-01 6.443181e+01
6.834027e-01 4.495999e-01 -5.751701e-01 -6.395168e+01 8.489134e-04 7.873694e-01 6.164809e-01 2.710198e+00 7.300411e-01 -4.217930e-01 5.377088e-01 6.715683e+01
8.711813e-01 -1.559702e-01 4.655281e-01 -6.526649e+01 3.898436e-01 7.961331e-01 -4.628109e-01 2.751955e+00 -2.984376e-01 5.846754e-01 7.543803e-01 6.985274e+01
8.502262e-01 1.823351e-01 -4.938313e-01 -6.727577e+01 1.583583e-01 8.060555e-01 5.702607e-01 2.838768e+00 5.020340e-01 -5.630528e-01 6.564552e-01 7.255728e+01
9.463950e-01 2.510075e-02 3.220350e-01 -6.830477e+01 1.484965e-01 8.515666e-01 -5.027754e-01 2.864138e+00 -2.868543e-01 5.236451e-01 8.021910e-01 7.523639e+01
6.200867e-01 2.836641e-01 -7.314555e-01 -6.920859e+01 3.445274e-01 7.391721e-01 5.787275e-01 2.883144e+00 7.048357e-01 -6.108677e-01 3.606207e-01 7.801062e+01
8.507667e-01 2.396876e-01 4.677028e-01 -6.968999e+01 1.498012e-02 8.785194e-01 -4.774717e-01 2.869734e+00 -5.253300e-01 4.132232e-01 7.438245e-01 8.070251e+01
4.704807e-01 3.949282e-01 -7.891005e-01 -6.937591e+01 3.746954e-01 7.202185e-01 5.838567e-01 2.805759e+00 7.989063e-01 -5.703657e-01 1.908711e-01 8.318273e+01
9.128986e-01 2.992373e-01 2.776204e-01 -6.949694e+01 -1.978837e-01 9.193026e-01 -3.401835e-01 2.769972e+00 -3.570127e-01 2.556165e-01 8.984443e-01 8.576362e+01
6.497832e-01 8.652569e-02 -7.551789e-01 -6.951299e+01 3.483287e-01 8.491481e-01 3.970070e-01 2.726297e+00 6.756100e-01 -5.210189e-01 5.216228e-01 8.820867e+01
8.387850e-01 2.204233e-01 4.978487e-01 -6.948741e+01 -1.380525e-01 9.706059e-01 -1.971439e-01 2.680376e+00 -5.266700e-01 9.663208e-02 8.445596e-01 9.055997e+01
3.780335e-01 1.519745e-01 -9.132329e-01 -6.957997e+01 1.935149e-01 9.516726e-01 2.384770e-01 2.650149e+00 9.053412e-01 -2.668765e-01 3.303548e-01 9.268026e+01
8.004535e-01 3.869131e-02 5.981447e-01 -6.926609e+01 -7.459796e-02 9.965864e-01 3.536429e-02 2.598485e+00 -5.947346e-01 -7.292785e-02 8.006074e-01 9.455397e+01
3.593367e-01 2.982493e-01 -8.842650e-01 -6.870115e+01 -5.370737e-02 9.525928e-01 2.994703e-01 2.537595e+00 9.316612e-01 -6.011912e-02 3.583197e-01 9.649005e+01
8.977526e-01 -1.886177e-01 3.980750e-01 -6.822796e+01 1.452069e-01 9.798951e-01 1.368228e-01 2.484010e+00 -4.158789e-01 -6.502981e-02 9.070920e-01 9.838752e+01
2.296854e-01 5.092870e-01 -8.293801e-01 -6.803746e+01 -1.910053e-01 8.591785e-01 4.746887e-01 2.440475e+00 9.543383e-01 4.938688e-02 2.946173e-01 1.003876e+02
-5.414432e-01 -2.199622e-01 8.114529e-01 -6.833413e+01 4.580211e-01 7.321935e-01 5.040925e-01 2.412713e+00 -7.050219e-01 6.446001e-01 -2.956939e-01 1.025237e+02
-5.897379e-01 5.707833e-01 -5.713280e-01 -6.826699e+01 -2.053707e-01 5.781930e-01 7.896301e-01 2.377064e+00 7.810455e-01 5.830088e-01 -2.237601e-01 1.041592e+02
-7.526900e-01 -3.097531e-01 5.809567e-01 -6.826647e+01 4.218227e-01 4.506148e-01 7.867731e-01 2.339395e+00 -5.054931e-01 8.372570e-01 -2.085124e-01 1.060539e+02
-9.352934e-01 3.345052e-01 1.154667e-01 -6.756794e+01 1.723950e-01 1.457492e-01 9.741854e-01 2.287158e+00 3.090409e-01 9.310550e-01 -1.939853e-01 1.074371e+02
-6.510882e-02 -8.593841e-02 9.941707e-01 -6.717316e+01 9.848415e-01 1.549827e-01 7.789491e-02 2.274338e+00 -1.607735e-01 9.841722e-01 7.454497e-02 1.079677e+02
-1.995206e-01 9.490165e-01 2.440475e-01 -6.678153e+01 9.155523e-01 9.178558e-02 3.915858e-01 2.262823e+00 3.492213e-01 3.015677e-01 -8.871873e-01 1.083920e+02
1.789919e-01 7.551483e-01 6.306448e-01 -6.652732e+01 7.269000e-01 3.304575e-01 -6.020085e-01 2.235094e+00 -6.630070e-01 5.661704e-01 -4.897681e-01 1.096536e+02
-5.503767e-01 8.271183e-01 -1.138459e-01 -6.616240e+01 8.085741e-01 4.940518e-01 -3.195634e-01 2.195352e+00 -2.080710e-01 -2.679331e-01 -9.407010e-01 1.113547e+02
-5.514844e-01 6.432196e-01 5.311624e-01 -6.583631e+01 3.036177e-01 7.478431e-01 -5.903786e-01 2.158612e+00 -7.769693e-01 -1.643143e-01 -6.077166e-01 1.127565e+02
-9.600972e-01 2.446642e-01 1.354728e-01 -6.577608e+01 1.793967e-01 9.104031e-01 -3.728043e-01 2.135495e+00 -2.145467e-01 -3.336250e-01 -9.179674e-01 1.139738e+02
-7.213553e-01 -3.744689e-02 6.915521e-01 -6.560564e+01 -1.827304e-01 9.734448e-01 -1.378942e-01 2.114152e+00 -6.680241e-01 -2.258383e-01 -7.090422e-01 1.149394e+02
-7.549856e-01 -3.895241e-01 5.275108e-01 -6.503002e+01 -2.471622e-01 9.141581e-01 3.212876e-01 2.093843e+00 -6.073776e-01 1.121868e-01 -7.864519e-01 1.156556e+02
-8.236231e-01 -4.294555e-01 3.704228e-01 -6.434385e+01 -8.274333e-02 7.371476e-01 6.706466e-01 2.065332e+00 -5.610692e-01 5.217100e-01 -6.426664e-01 1.163346e+02
-9.461071e-01 -1.992890e-01 2.552747e-01 -6.429021e+01 1.137312e-01 5.335772e-01 8.380696e-01 2.046393e+00 -3.032268e-01 8.219363e-01 -4.821558e-01 1.173744e+02
-6.541450e-01 -1.206718e-01 7.466811e-01 -6.427318e+01 6.573591e-01 3.976022e-01 6.401496e-01 2.032733e+00 -3.741300e-01 9.095883e-01 -1.807648e-01 1.183138e+02
-7.744820e-01 5.272855e-01 3.494961e-01 -6.386837e+01 5.173001e-01 2.098956e-01 8.296652e-01 2.001579e+00 3.641128e-01 8.233552e-01 -4.353253e-01 1.192145e+02
2.993178e-02 2.644070e-01 9.639466e-01 -6.352746e+01 9.574081e-01 2.694931e-01 -1.036497e-01 1.985756e+00 -2.871827e-01 9.259927e-01 -2.450790e-01 1.199508e+02
-2.858147e-01 9.107225e-01 2.981518e-01 -6.365184e+01 8.414565e-01 3.873905e-01 -3.766690e-01 2.006899e+00 -4.585421e-01 1.432243e-01 -8.770553e-01 1.204342e+02
-5.341256e-01 7.319904e-01 4.229656e-01 -6.359603e+01 2.847281e-01 6.268396e-01 -7.252599e-01 2.000909e+00 -7.960149e-01 -2.669497e-01 -5.432293e-01 1.212942e+02
-9.662232e-01 2.543944e-01 -4.118634e-02 -6.372940e+01 2.374686e-01 8.168173e-01 -5.257548e-01 1.986109e+00 -1.001074e-01 -5.177769e-01 -8.496385e-01 1.225710e+02
-5.633797e-01 4.337162e-01 -7.032023e-01 -6.448656e+01 7.333804e-01 6.544735e-01 -1.838957e-01 1.994536e+00 3.804688e-01 -6.193179e-01 -6.867961e-01 1.242742e+02
-2.399680e-01 9.255304e-01 -2.929315e-01 -6.518419e+01 9.087712e-01 3.202847e-01 2.674933e-01 1.997950e+00 3.413947e-01 -2.020178e-01 -9.179534e-01 1.260900e+02
-9.360553e-02 9.743111e-01 2.048312e-01 -6.650485e+01 9.571488e-01 3.143401e-02 2.878854e-01 2.040717e+00 2.740513e-01 2.230016e-01 -9.355032e-01 1.281094e+02
1.504892e-01 9.683199e-01 1.992725e-01 -6.868707e+01 9.178517e-01 -6.196355e-02 -3.920571e-01 2.143766e+00 -3.672891e-01 2.419029e-01 -8.980989e-01 1.301476e+02
-2.426517e-01 9.481717e-01 -2.051598e-01 -6.972166e+01 7.163859e-01 3.253328e-02 -6.969453e-01 2.183537e+00 -6.541493e-01 -3.160886e-01 -6.871511e-01 1.322068e+02
-6.393280e-01 5.741036e-01 5.115318e-01 -7.025959e+01 -3.277053e-01 3.983764e-01 -8.566828e-01 2.186060e+00 -6.956069e-01 -7.153330e-01 -6.655640e-02 1.347788e+02
-5.357245e-01 -5.795111e-01 6.141385e-01 -7.055918e+01 -8.125341e-01 5.516971e-01 -1.881984e-01 2.176137e+00 -2.297553e-01 -5.998310e-01 -7.664302e-01 1.371618e+02
-2.854229e-01 -9.392792e-01 1.904951e-01 -7.094856e+01 -6.789297e-01 3.384486e-01 6.515420e-01 2.178617e+00 -6.764526e-01 5.663224e-02 -7.343055e-01 1.386816e+02
-7.110997e-01 -7.001460e-01 -6.428651e-02 -7.205578e+01 -2.987231e-01 2.180891e-01 9.290865e-01 2.233066e+00 -6.364760e-01 6.798770e-01 -3.642329e-01 1.398999e+02
-7.039461e-01 -5.038632e-01 5.005814e-01 -7.220183e+01 5.833610e-01 -8.130054e-03 8.121723e-01 2.231328e+00 -4.051540e-01 8.637452e-01 2.996573e-01 1.408266e+02
-4.692493e-01 3.137864e-01 8.254351e-01 -7.167313e+01 8.178793e-01 -1.980355e-01 5.402364e-01 2.209196e+00 3.329843e-01 9.286119e-01 -1.637114e-01 1.416789e+02
1.059751e-01 5.962590e-01 7.957666e-01 -7.087211e+01 9.866536e-01 -1.625500e-01 -9.599243e-03 2.177556e+00 1.236283e-01 7.861633e-01 -6.055274e-01 1.424865e+02
1.007213e-01 9.679694e-01 2.299794e-01 -7.082231e+01 9.788912e-01 -5.509637e-02 -1.968158e-01 2.161424e+00 -1.778406e-01 2.449484e-01 -9.530860e-01 1.436381e+02
-1.645762e-01 9.494490e-01 2.673225e-01 -7.044471e+01 1.874131e-01 2.961808e-01 -9.365646e-01 2.142516e+00 -9.683961e-01 -1.040365e-01 -2.266835e-01 1.446955e+02
-9.324509e-01 9.017131e-02 3.498634e-01 -7.008389e+01 -2.300630e-01 5.984655e-01 -7.674048e-01 2.131405e+00 -2.785791e-01 -7.960579e-01 -5.372946e-01 1.454542e+02
-4.084465e-01 -5.067971e-01 7.591628e-01 -7.024007e+01 -7.863429e-01 6.176974e-01 -1.071150e-02 2.128366e+00 -4.635043e-01 -6.013374e-01 -6.508127e-01 1.465446e+02
-6.019177e-01 -7.475544e-01 -2.808158e-01 -7.113249e+01 -6.942100e-01 6.636428e-01 -2.786588e-01 2.159095e+00 3.946740e-01 2.721547e-02 -9.184181e-01 1.478989e+02
-3.747969e-01 -7.192362e-01 5.850013e-01 -7.194802e+01 -6.333641e-01 6.594335e-01 4.049659e-01 2.187391e+00 -6.770356e-01 -2.187388e-01 -7.026920e-01 1.493292e+02
-7.212965e-01 -5.929671e-01 -3.579405e-01 -7.241151e+01 -6.906113e-01 5.763222e-01 4.369311e-01 2.195631e+00 -5.279669e-02 5.623546e-01 -8.252090e-01 1.507612e+02
5.906559e-02 -8.830536e-01 4.655400e-01 -7.260758e+01 6.407000e-01 3.911607e-01 6.606790e-01 2.204480e+00 -7.655160e-01 2.592481e-01 5.888766e-01 1.515491e+02
-7.706869e-01 6.346421e-01 5.719389e-02 -7.252113e+01 1.701727e-01 1.184906e-01 9.782644e-01 2.202310e+00 6.140708e-01 7.636684e-01 -1.993179e-01 1.520615e+02
5.335699e-01 -6.811877e-02 8.430083e-01 -7.250023e+01 8.192655e-01 2.891410e-01 -4.951783e-01 2.201640e+00 -2.100174e-01 9.548598e-01 2.100843e-01 1.527201e+02
-2.438539e-01 9.389571e-01 -2.426824e-01 -7.251134e+01 9.521305e-01 2.793568e-01 1.241264e-01 2.200721e+00 1.843443e-01 -2.007966e-01 -9.621320e-01 1.534712e+02
1.633425e-01 8.355341e-01 5.245969e-01 -7.239268e+01 -1.653204e-01 5.474008e-01 -8.203789e-01 2.197318e+00 -9.726193e-01 4.727612e-02 2.275447e-01 1.540853e+02
-9.780097e-01 -1.813678e-01 1.029694e-01 -7.259608e+01 -2.077037e-01 8.023332e-01 -5.595718e-01 2.207823e+00 1.887258e-02 -5.686537e-01 -8.223605e-01 1.550902e+02
-1.291480e-01 -4.408803e-01 8.882260e-01 -7.329156e+01 -6.267177e-01 7.304425e-01 2.714381e-01 2.232059e+00 -7.684697e-01 -5.216113e-01 -3.706427e-01 1.562831e+02
-7.497200e-01 -6.240702e-01 -2.201279e-01 -7.378005e+01 -6.540415e-01 6.481428e-01 3.900520e-01 2.253085e+00 -1.007455e-01 4.364026e-01 -8.940935e-01 1.573408e+02
-6.442881e-01 -3.400804e-01 -6.850096e-01 -7.733291e+01 -8.378473e-02 9.216874e-01 -3.787777e-01 2.430774e+00 7.601795e-01 -1.866486e-01 -6.223258e-01 1.580396e+02
-4.782589e-03 1.493334e-01 9.887753e-01 -8.008657e+01 -2.579679e-01 9.551347e-01 -1.455004e-01 2.579175e+00 -9.661417e-01 -2.557681e-01 3.395520e-02 1.594801e+02
-9.484573e-01 -2.887736e-01 1.305317e-01 -8.115741e+01 -2.549090e-01 9.399070e-01 2.271481e-01 2.624377e+00 -1.882820e-01 1.821666e-01 -9.650727e-01 1.618714e+02
-1.909671e-01 -4.245913e-01 8.850163e-01 -8.318365e+01 2.195126e-01 8.603030e-01 4.601009e-01 2.720789e+00 -9.567370e-01 2.821364e-01 -7.108642e-02 1.647054e+02
-7.685983e-01 2.141735e-01 -6.028154e-01 -8.562122e+01 -2.355791e-02 9.321793e-01 3.612295e-01 2.845499e+00 6.392978e-01 2.918414e-01 -7.114259e-01 1.670218e+02
8.409671e-01 -2.403357e-01 4.847815e-01 -8.648919e+01 2.476838e-01 9.675495e-01 5.000757e-02 2.880183e+00 -4.810687e-01 7.801781e-02 8.732045e-01 1.692035e+02
-7.459166e-01 4.322649e-01 -5.067104e-01 -8.782847e+01 1.778347e-01 8.624197e-01 4.739273e-01 2.951561e+00 6.418592e-01 2.633996e-01 -7.201649e-01 1.711117e+02
4.721707e-01 1.264551e-01 8.723898e-01 -8.950943e+01 3.277488e-01 8.935254e-01 -3.069089e-01 3.042463e+00 -8.183126e-01 4.308381e-01 3.804510e-01 1.727179e+02
-9.164827e-01 3.788070e-01 -1.287039e-01 -9.021758e+01 3.754228e-01 9.254736e-01 5.056062e-02 3.079851e+00 1.382648e-01 -1.980455e-03 -9.903933e-01 1.737847e+02
4.422649e-01 7.748717e-02 8.935309e-01 -9.051662e+01 -1.103905e-01 9.933888e-01 -3.150765e-02 3.098777e+00 -8.900650e-01 -8.470256e-02 4.478948e-01 1.746136e+02
-9.952625e-01 -6.110446e-02 -7.562230e-02 -9.078736e+01 -8.058255e-02 9.536313e-01 2.899894e-01 3.120870e+00 5.439614e-02 2.947094e-01 -9.540374e-01 1.754456e+02
3.688760e-01 -3.978942e-01 8.400064e-01 -9.136187e+01 3.143774e-01 9.038859e-01 2.900986e-01 3.144125e+00 -8.746984e-01 1.570686e-01 4.585107e-01 1.768830e+02
-8.725782e-01 3.967034e-01 -2.850152e-01 -9.185602e+01 1.216197e-01 7.415433e-01 6.597895e-01 3.159530e+00 4.730918e-01 5.410545e-01 -6.953015e-01 1.782353e+02
5.092803e-01 -1.516844e-01 8.471277e-01 -9.233325e+01 5.087691e-01 8.469796e-01 -1.542064e-01 3.177189e+00 -6.941092e-01 5.095267e-01 5.085224e-01 1.793464e+02
-3.735868e-01 5.918574e-01 -7.142392e-01 -9.327494e+01 3.383298e-01 8.038880e-01 4.891800e-01 3.217876e+00 8.636932e-01 -5.889720e-02 -5.005649e-01 1.804731e+02
8.357858e-01 2.401038e-01 4.937735e-01 -9.401315e+01 -5.067288e-02 9.292075e-01 -3.660678e-01 3.252306e+00 -5.467123e-01 2.809333e-01 7.887852e-01 1.817048e+02
-7.557336e-01 1.536699e-01 -6.365944e-01 -9.469153e+01 1.981182e-01 9.801771e-01 1.412332e-03 3.286280e+00 6.241922e-01 -1.250536e-01 -7.711975e-01 1.828545e+02
7.304085e-01 -2.800382e-02 6.824363e-01 -9.485871e+01 -1.492374e-01 9.684731e-01 1.994695e-01 3.289907e+00 -6.665071e-01 -2.475392e-01 7.032017e-01 1.838093e+02
-6.572367e-01 3.822390e-02 -7.527143e-01 -9.472097e+01 -2.669437e-01 9.221660e-01 2.799123e-01 3.293996e+00 7.048269e-01 3.849010e-01 -5.958778e-01 1.840127e+02
7.175864e-01 -4.121448e-01 5.614324e-01 -9.420847e+01 3.673183e-01 9.088422e-01 1.976944e-01 3.293346e+00 -5.917322e-01 6.436159e-02 8.035612e-01 1.839043e+02
-4.770957e-01 5.244559e-01 -7.052132e-01 -9.367687e+01 -4.910684e-02 7.852641e-01 6.172105e-01 3.289485e+00 8.774783e-01 3.290993e-01 -3.488917e-01 1.838415e+02
8.432053e-01 -1.817408e-01 5.059398e-01 -9.368579e+01 3.475026e-01 9.023338e-01 -2.550208e-01 3.288559e+00 -4.101789e-01 3.908503e-01 8.240081e-01 1.844176e+02
2.577885e-01 5.322013e-01 -8.064161e-01 -9.377121e+01 1.087743e-01 8.133337e-01 5.715387e-01 3.283771e+00 9.600590e-01 -2.350535e-01 1.517782e-01 1.850147e+02
8.804807e-01 5.140484e-02 4.712868e-01 -9.385511e+01 1.337642e-01 9.267752e-01 -3.509912e-01 3.275442e+00 -4.548196e-01 3.720823e-01 8.091316e-01 1.857900e+02
-7.435727e-02 3.500523e-01 -9.337743e-01 -9.408117e+01 3.106009e-01 8.979195e-01 3.118777e-01 3.282722e+00 9.476276e-01 -2.668407e-01 -1.754934e-01 1.863458e+02
6.248563e-01 2.011575e-01 7.543807e-01 -9.386610e+01 1.992599e-03 9.658243e-01 -2.591899e-01 3.270664e+00 -7.807372e-01 1.634596e-01 6.031006e-01 1.868029e+02
2.042755e-01 1.476801e-01 -9.677097e-01 -9.356057e+01 2.254342e-01 9.548876e-01 1.933107e-01 3.255193e+00 9.526022e-01 -2.576435e-01 1.617680e-01 1.871741e+02
6.494631e-01 1.504512e-01 7.453604e-01 -9.305714e+01 -4.030519e-02 9.856637e-01 -1.638370e-01 3.239271e+00 -7.593241e-01 7.636420e-02 6.462162e-01 1.873295e+02
4.067211e-01 8.821255e-02 -9.092835e-01 -9.262616e+01 1.344488e-01 9.787092e-01 1.550865e-01 3.219184e+00 9.036047e-01 -1.853290e-01 3.862016e-01 1.876515e+02
3.607635e-01 9.561079e-02 9.277436e-01 -9.181519e+01 9.807967e-02 9.853267e-01 -1.396845e-01 3.196748e+00 -9.274859e-01 1.413859e-01 3.460925e-01 1.874936e+02
2.866246e-01 7.756516e-02 -9.548979e-01 -9.127596e+01 1.546803e-01 9.798937e-01 1.260248e-01 3.189565e+00 9.454736e-01 -1.838257e-01 2.688639e-01 1.870248e+02
1.625255e-01 1.257213e-01 9.786622e-01 -9.057767e+01 1.082597e-01 9.835893e-01 -1.443328e-01 3.168273e+00 -9.807473e-01 1.294074e-01 1.462478e-01 1.868861e+02
1.351306e-01 1.279732e-01 -9.825287e-01 -8.984007e+01 1.286824e-01 9.809588e-01 1.454669e-01 3.151304e+00 9.824360e-01 -1.460912e-01 1.160897e-01 1.865993e+02
5.420234e-01 7.696015e-02 8.368320e-01 -8.938057e+01 7.330963e-03 9.953268e-01 -9.628463e-02 3.139539e+00 -8.403314e-01 5.832331e-02 5.389263e-01 1.865331e+02
2.282649e-01 9.961442e-02 -9.684896e-01 -8.893206e+01 5.913777e-02 9.914966e-01 1.159191e-01 3.124643e+00 9.718013e-01 -8.373458e-02 2.204329e-01 1.865575e+02
-3.573495e-01 7.325559e-02 9.310934e-01 -8.831187e+01 2.170974e-01 9.761282e-01 6.522212e-03 3.099040e+00 -9.083887e-01 2.044687e-01 -3.647225e-01 1.866175e+02
1.772551e-01 2.014944e-01 -9.633175e-01 -8.768749e+01 4.309101e-02 9.762895e-01 2.121367e-01 3.076563e+00 9.832211e-01 -7.911264e-02 1.643697e-01 1.865219e+02
4.066167e-02 -5.183647e-02 9.978274e-01 -8.735790e+01 2.000041e-01 9.788641e-01 4.270113e-02 3.049365e+00 -9.789510e-01 1.978333e-01 5.016976e-02 1.869890e+02
2.112211e-01 3.031717e-01 -9.292322e-01 -8.707940e+01 -8.424220e-02 9.527902e-01 2.917089e-01 3.021575e+00 9.738013e-01 1.666548e-02 2.267893e-01 1.875481e+02
1.675285e-01 -7.529931e-02 9.829874e-01 -8.644919e+01 3.421550e-01 9.395443e-01 1.365870e-02 3.012039e+00 -9.245887e-01 3.340458e-01 1.831645e-01 1.872303e+02
3.021935e-01 3.495458e-01 -8.868466e-01 -8.589481e+01 -8.529439e-02 9.365267e-01 3.400628e-01 2.997238e+00 9.494230e-01 -2.712171e-02 3.128265e-01 1.872454e+02
1.421522e-01 -1.538509e-01 9.778153e-01 -8.527140e+01 3.565166e-01 9.295056e-01 9.442032e-02 2.973009e+00 -9.234114e-01 3.351853e-01 1.869816e-01 1.874093e+02
2.686140e-01 4.210866e-01 -8.663328e-01 -8.453921e+01 -1.934762e-01 9.046438e-01 3.797189e-01 2.947928e+00 9.436172e-01 6.561697e-02 3.244703e-01 1.875908e+02
3.030416e-01 -2.537484e-01 9.185736e-01 -8.377584e+01 4.029603e-01 9.076072e-01 1.177806e-01 2.925235e+00 -8.635907e-01 3.344563e-01 3.772932e-01 1.876308e+02
3.528627e-01 4.195413e-01 -8.363450e-01 -8.301201e+01 -2.694283e-01 9.015418e-01 3.385718e-01 2.906766e+00 8.960448e-01 1.058657e-01 4.311568e-01 1.873689e+02
5.271697e-01 -2.667849e-01 8.067949e-01 -8.222860e+01 4.445892e-01 8.957165e-01 5.688730e-03 2.898275e+00 -7.241772e-01 3.556934e-01 5.908042e-01 1.867116e+02
1.323560e-01 4.290855e-01 -8.935142e-01 -8.156165e+01 -6.703337e-02 9.032559e-01 4.238340e-01 2.900498e+00 9.889330e-01 3.798272e-03 1.483144e-01 1.860039e+02
-7.677402e-02 -8.273469e-02 9.936099e-01 -8.050263e+01 4.289153e-01 8.968869e-01 1.078222e-01 2.875032e+00 -9.000763e-01 4.344524e-01 -3.337144e-02 1.857025e+02
1.022956e-01 5.048695e-01 -8.571128e-01 -8.002807e+01 -1.643006e-01 8.583741e-01 4.860034e-01 2.847663e+00 9.810917e-01 9.110811e-02 1.707582e-01 1.860582e+02
-2.296434e-01 -2.714476e-01 9.346551e-01 -7.991193e+01 4.754774e-01 8.066328e-01 3.510908e-01 2.819318e+00 -8.492262e-01 5.250331e-01 -5.617068e-02 1.869476e+02
2.310428e-01 5.153977e-01 -8.252178e-01 -7.953176e+01 -4.377147e-01 8.125467e-01 3.849333e-01 2.793612e+00 8.689218e-01 2.722739e-01 4.133302e-01 1.873690e+02
1.358292e-01 -4.413063e-01 8.870170e-01 -7.866810e+01 4.947986e-01 8.058778e-01 3.251695e-01 2.775911e+00 -8.583267e-01 3.947273e-01 3.278195e-01 1.870416e+02
4.227051e-01 4.658911e-01 -7.773454e-01 -7.796799e+01 -5.112275e-01 8.308246e-01 2.199476e-01 2.756728e+00 7.483093e-01 3.044274e-01 5.893701e-01 1.867357e+02
-9.430340e-02 -4.731263e-01 8.759328e-01 -7.740676e+01 3.245600e-01 8.171724e-01 4.763298e-01 2.738215e+00 -9.411523e-01 3.292123e-01 7.649576e-02 1.864061e+02
3.458438e-01 2.290125e-01 -9.099150e-01 -7.699010e+01 -4.380778e-01 8.969822e-01 5.925136e-02 2.732313e+00 8.297469e-01 3.781218e-01 4.105410e-01 1.859059e+02
4.479638e-01 -4.200365e-01 7.892387e-01 -7.667264e+01 2.974000e-01 9.025030e-01 3.115151e-01 2.731562e+00 -8.431380e-01 9.517209e-02 5.292075e-01 1.853016e+02
6.912025e-01 1.863600e-01 -6.982185e-01 -7.679523e+01 -3.234906e-01 9.437601e-01 -6.834310e-02 2.734841e+00 6.462143e-01 2.731060e-01 7.126150e-01 1.850953e+02
5.748506e-01 -4.118444e-01 7.070580e-01 -7.631979e+01 1.803575e-01 9.066230e-01 3.814524e-01 2.709602e+00 -7.981340e-01 -9.175500e-02 5.954520e-01 1.855238e+02
4.238448e-01 3.209807e-01 -8.469516e-01 -7.564532e+01 -4.307011e-01 8.940342e-01 1.232861e-01 2.676892e+00 7.967761e-01 3.125289e-01 5.171785e-01 1.861430e+02
8.909564e-01 -4.364459e-01 1.253462e-01 -7.465426e+01 4.437389e-01 8.954209e-01 -3.629317e-02 2.673905e+00 -9.639757e-02 8.795660e-02 9.914490e-01 1.851107e+02
4.020542e-02 5.131013e-01 -8.573859e-01 -7.362632e+01 -2.849408e-02 8.583195e-01 5.123238e-01 2.694234e+00 9.987851e-01 3.832227e-03 4.912945e-02 1.836124e+02
9.898308e-01 2.555722e-02 1.399347e-01 -7.345631e+01 3.541157e-02 9.084881e-01 -4.164078e-01 2.731897e+00 -1.377712e-01 4.171286e-01 8.983445e-01 1.832982e+02
5.017630e-01 2.699899e-01 -8.217904e-01 -7.338524e+01 3.036705e-01 8.345921e-01 4.596088e-01 2.717791e+00 8.099495e-01 -4.801682e-01 3.367794e-01 1.840617e+02
9.385135e-01 3.320129e-01 9.465678e-02 -7.284807e+01 -2.898107e-01 9.066373e-01 -3.066243e-01 2.705047e+00 -1.876226e-01 2.603385e-01 9.471122e-01 1.842414e+02
4.649350e-01 -2.075128e-01 -8.606822e-01 -7.149399e+01 3.766876e-01 9.261286e-01 -1.980796e-02 2.693544e+00 8.012128e-01 -3.149989e-01 5.087571e-01 1.833788e+02
8.850219e-01 3.914786e-01 2.519537e-01 -7.002060e+01 -3.977065e-01 9.170870e-01 -2.794558e-02 2.680146e+00 -2.420036e-01 -7.547117e-02 9.673357e-01 1.824574e+02
6.677467e-01 -4.003970e-01 -6.275322e-01 -6.929528e+01 3.246886e-01 9.152604e-01 -2.384862e-01 2.678535e+00 6.698445e-01 -4.450424e-02 7.411664e-01 1.818718e+02
9.284472e-01 3.336019e-01 -1.633880e-01 -6.916845e+01 -2.856120e-01 9.223380e-01 2.602278e-01 2.710475e+00 2.375115e-01 -1.949422e-01 9.516227e-01 1.812431e+02
8.087347e-01 -1.130221e-01 -5.772124e-01 -6.874338e+01 2.965753e-02 9.879517e-01 -1.518943e-01 2.693548e+00 5.874254e-01 1.057235e-01 8.023428e-01 1.817487e+02
9.416823e-01 1.497005e-01 -3.013705e-01 -6.886898e+01 -3.114880e-02 9.305279e-01 3.648939e-01 2.690783e+00 3.350584e-01 -3.342268e-01 8.809247e-01 1.823983e+02
8.212881e-01 1.363406e-01 -5.539829e-01 -6.839794e+01 -2.361009e-01 9.651968e-01 -1.124789e-01 2.674908e+00 5.193671e-01 2.231735e-01 8.248948e-01 1.827279e+02
9.664400e-01 -1.367663e-01 -2.174599e-01 -6.747281e+01 1.886968e-01 9.523436e-01 2.396563e-01 2.649497e+00 1.743196e-01 -2.726474e-01 9.461903e-01 1.828000e+02
6.420098e-01 3.090044e-01 -7.016692e-01 -6.701487e+01 -3.603320e-01 9.294210e-01 7.960805e-02 2.652277e+00 6.767453e-01 2.017247e-01 7.080416e-01 1.824689e+02
9.452021e-01 -3.254532e-01 2.594490e-02 -6.667559e+01 3.205457e-01 9.401602e-01 1.155392e-01 2.638238e+00 -6.199497e-02 -1.008914e-01 9.929640e-01 1.828055e+02
8.578154e-01 3.760526e-01 -3.503386e-01 -6.628779e+01 -3.611740e-01 9.260291e-01 1.096510e-01 2.623892e+00 3.656583e-01 3.247285e-02 9.301825e-01 1.829775e+02
8.468834e-01 -3.818300e-01 3.701275e-01 -6.561663e+01 3.872446e-01 9.198313e-01 6.286528e-02 2.606033e+00 -3.644587e-01 9.009031e-02 9.268515e-01 1.827782e+02
9.001346e-01 3.584286e-01 -2.475615e-01 -6.497615e+01 -3.531985e-01 9.331584e-01 6.682984e-02 2.588539e+00 2.549679e-01 2.728252e-02 9.665646e-01 1.827645e+02
9.154776e-01 -2.515390e-01 -3.140525e-01 -6.461548e+01 2.557284e-01 9.663280e-01 -2.851614e-02 2.574321e+00 3.106506e-01 -5.420625e-02 9.489773e-01 1.829967e+02
8.798224e-01 3.700199e-01 -2.983251e-01 -6.431987e+01 -2.765012e-01 9.089710e-01 3.119596e-01 2.557733e+00 3.866001e-01 -1.919818e-01 9.020440e-01 1.834180e+02
8.679645e-01 -1.360668e-01 -4.776226e-01 -6.365993e+01 1.795027e-02 9.697017e-01 -2.436317e-01 2.548074e+00 4.963017e-01 2.028902e-01 8.441091e-01 1.834090e+02
9.920096e-01 6.346269e-02 1.090383e-01 -6.285731e+01 -9.770507e-02 9.332287e-01 3.457425e-01 2.528775e+00 -7.981592e-02 -3.536335e-01 9.319725e-01 1.832613e+02
8.970620e-01 -1.180927e-01 -4.258331e-01 -6.250786e+01 -5.762185e-02 9.241449e-01 -3.776717e-01 2.532729e+00 4.381318e-01 3.633323e-01 8.222106e-01 1.827958e+02
5.281808e-01 -1.197050e-01 8.406520e-01 -6.238343e+01 -1.634311e-01 9.571722e-01 2.389805e-01 2.521441e+00 -8.332558e-01 -2.636136e-01 4.859965e-01 1.828579e+02
8.266895e-01 -3.023861e-01 -4.744967e-01 -6.209339e+01 1.422843e-01 9.282525e-01 -3.436604e-01 2.510760e+00 5.443709e-01 2.165870e-01 8.104014e-01 1.823993e+02
7.083203e-01 1.340692e-01 6.930424e-01 -6.192910e+01 -2.621803e-01 9.615329e-01 8.195128e-02 2.505874e+00 -6.553959e-01 -2.397499e-01 7.162235e-01 1.817767e+02
8.701081e-01 -3.883665e-01 -3.034524e-01 -6.188640e+01 3.312072e-01 9.166996e-01 -2.235253e-01 2.501704e+00 3.649844e-01 9.398551e-02 9.262576e-01 1.813359e+02
6.952342e-01 2.903923e-01 6.575117e-01 -6.178260e+01 -2.854057e-01 9.510816e-01 -1.182685e-01 2.495438e+00 -6.596916e-01 -1.054333e-01 7.441041e-01 1.808954e+02
4.568708e-01 -2.451663e-01 -8.550804e-01 -6.188540e+01 2.169506e-01 9.629515e-01 -1.601777e-01 2.498418e+00 8.626711e-01 -1.123297e-01 4.931334e-01 1.807060e+02
5.916121e-01 2.238459e-01 7.745244e-01 -6.209390e+01 -2.381045e-01 9.663424e-01 -9.740981e-02 2.506616e+00 -7.702606e-01 -1.267889e-01 6.249986e-01 1.805026e+02
8.811897e-01 -4.681772e-01 -6.568767e-02 -6.225971e+01 4.717890e-01 8.797584e-01 5.865339e-02 2.508198e+00 3.032911e-02 -8.267548e-02 9.961149e-01 1.804514e+02
7.094358e-01 3.748281e-01 5.968290e-01 -6.202579e+01 -1.805408e-01 9.152397e-01 -3.601961e-01 2.489166e+00 -6.812532e-01 1.477840e-01 7.169756e-01 1.805380e+02
9.291023e-01 -2.565739e-01 -2.663431e-01 -6.172404e+01 3.356964e-01 8.872788e-01 3.162977e-01 2.469309e+00 1.551669e-01 -3.832834e-01 9.105037e-01 1.805898e+02
8.645767e-01 2.766428e-01 4.194948e-01 -6.147793e+01 -1.113353e-01 9.195244e-01 -3.769341e-01 2.446904e+00 -4.900119e-01 2.791839e-01 8.257995e-01 1.809814e+02
9.257894e-01 -1.275680e-01 -3.558657e-01 -6.121578e+01 2.529636e-01 9.085865e-01 3.323853e-01 2.434182e+00 2.809330e-01 -3.977399e-01 8.734298e-01 1.809756e+02
7.040929e-01 1.928437e-01 6.834212e-01 -6.089168e+01 1.667202e-01 8.906248e-01 -4.230742e-01 2.418653e+00 -6.902591e-01 4.118237e-01 5.949317e-01 1.808763e+02
9.657028e-01 4.813422e-02 -2.551493e-01 -6.041649e+01 6.562289e-02 9.055191e-01 4.192003e-01 2.403939e+00 2.512205e-01 -4.215665e-01 8.713036e-01 1.805343e+02
8.620089e-01 3.290989e-02 5.058236e-01 -5.984521e+01 2.140255e-01 8.809458e-01 -4.220516e-01 2.389205e+00 -4.594929e-01 4.720714e-01 7.523396e-01 1.801318e+02
9.284281e-01 1.713706e-01 -3.296261e-01 -5.922696e+01 -5.154136e-03 8.931114e-01 4.498060e-01 2.374249e+00 3.714763e-01 -4.159136e-01 8.300730e-01 1.797353e+02
8.989442e-01 -2.648713e-02 4.372617e-01 -5.838212e+01 1.981710e-01 9.147822e-01 -3.519969e-01 2.347408e+00 -3.906758e-01 4.030781e-01 8.275871e-01 1.797113e+02
9.796161e-01 1.941018e-01 -5.173795e-02 -5.779019e+01 -1.568027e-01 8.998610e-01 4.070173e-01 2.318089e+00 1.255598e-01 -3.906080e-01 9.119540e-01 1.799094e+02
3.556034e-01 -2.291023e-01 9.061227e-01 -5.749778e+01 6.211878e-01 7.823115e-01 -4.598396e-02 2.302016e+00 -6.983352e-01 5.792244e-01 4.205081e-01 1.797153e+02
8.746121e-01 4.554945e-01 -1.660674e-01 -5.700707e+01 -4.329328e-01 8.879358e-01 1.553683e-01 2.284322e+00 2.182266e-01 -6.399097e-02 9.737979e-01 1.794041e+02
4.582005e-01 -4.807995e-01 7.475855e-01 -5.640883e+01 5.200126e-01 8.271157e-01 2.132288e-01 2.266328e+00 -7.208600e-01 2.910523e-01 6.290066e-01 1.790426e+02
8.525691e-01 3.843803e-01 -3.540873e-01 -5.577065e+01 -4.320294e-01 8.996096e-01 -6.366435e-02 2.251491e+00 2.940690e-01 2.072544e-01 9.330429e-01 1.786755e+02
7.080957e-01 -4.768672e-01 5.207669e-01 -5.543155e+01 4.003619e-01 8.786407e-01 2.601939e-01 2.243258e+00 -5.816449e-01 2.425307e-02 8.130812e-01 1.783622e+02
9.481031e-01 2.690837e-01 -1.693945e-01 -5.505007e+01 -3.061131e-01 9.165386e-01 -2.573942e-01 2.232856e+00 8.599607e-02 2.958901e-01 9.513431e-01 1.779948e+02
8.003427e-01 -3.789553e-01 4.645906e-01 -5.453337e+01 2.240169e-01 9.078011e-01 3.545612e-01 2.219835e+00 -5.561187e-01 -1.796943e-01 8.114443e-01 1.777074e+02
9.033578e-01 2.461643e-01 -3.512091e-01 -5.425143e+01 -3.256609e-01 9.265645e-01 -1.882105e-01 2.194718e+00 2.790872e-01 2.843965e-01 9.171853e-01 1.780945e+02
5.340595e-01 -4.360048e-01 7.243482e-01 -5.404227e+01 1.025720e-01 8.838495e-01 4.563870e-01 2.165271e+00 -8.392017e-01 -1.694399e-01 5.167501e-01 1.787981e+02
8.295361e-01 6.785804e-02 -5.543151e-01 -5.352559e+01 -2.756254e-01 9.130208e-01 -3.007052e-01 2.142610e+00 4.856959e-01 4.022292e-01 7.760871e-01 1.789451e+02
2.895264e-01 -3.514265e-01 8.903223e-01 -5.312651e+01 -1.205277e-01 9.093719e-01 3.981405e-01 2.114131e+00 -9.495512e-01 -2.225807e-01 2.209305e-01 1.793437e+02
6.691050e-01 -1.642502e-02 -7.429863e-01 -5.291235e+01 -2.009150e-01 9.585291e-01 -2.021264e-01 2.072624e+00 7.154939e-01 2.845209e-01 6.380566e-01 1.803734e+02
4.619424e-01 -3.394790e-01 8.193676e-01 -5.270649e+01 -9.425287e-02 8.998233e-01 4.259511e-01 2.033007e+00 -8.818876e-01 -2.739926e-01 3.836696e-01 1.814002e+02
9.508309e-01 -2.239337e-01 -2.139492e-01 -5.258030e+01 1.303226e-01 9.159571e-01 -3.795243e-01 2.006527e+00 2.809565e-01 3.329810e-01 9.001039e-01 1.819439e+02
4.623199e-01 5.914217e-02 8.847387e-01 -5.264336e+01 -1.831321e-01 9.826302e-01 3.000967e-02 2.004818e+00 -8.675961e-01 -1.758981e-01 4.651203e-01 1.817237e+02
8.480977e-01 -4.123081e-01 -3.327646e-01 -5.287360e+01 3.820950e-01 9.110344e-01 -1.549832e-01 2.009452e+00 3.670608e-01 4.293250e-03 9.301870e-01 1.813602e+02
3.406798e-01 3.497209e-01 8.727156e-01 -5.237369e+01 -1.042295e-01 9.365707e-01 -3.346216e-01 1.989595e+00 -9.343840e-01 2.303610e-02 3.555220e-01 1.810389e+02
7.831607e-01 -2.360334e-01 -5.752804e-01 -5.172211e+01 3.910605e-01 9.062549e-01 1.605422e-01 1.970520e+00 4.834573e-01 -3.506998e-01 8.020466e-01 1.805133e+02
7.428485e-01 4.008988e-01 5.361495e-01 -5.098716e+01 -1.865225e-01 8.930984e-01 -4.093710e-01 1.955482e+00 -6.429506e-01 2.040967e-01 7.382135e-01 1.799161e+02
7.611082e-01 -1.839203e-01 -6.220029e-01 -5.007169e+01 3.912717e-01 8.950171e-01 2.141281e-01 1.937890e+00 5.173207e-01 -4.063468e-01 7.531677e-01 1.794974e+02
6.410877e-01 3.781288e-01 6.678512e-01 -4.936640e+01 -7.063739e-02 8.955792e-01 -4.392588e-01 1.919688e+00 -7.642100e-01 2.344281e-01 6.008548e-01 1.792224e+02
8.231388e-01 -9.162131e-02 -5.603999e-01 -4.853848e+01 3.247631e-01 8.855161e-01 3.322502e-01 1.898366e+00 4.658020e-01 -4.554852e-01 7.586579e-01 1.789699e+02
6.944572e-01 2.792839e-01 6.631212e-01 -4.784763e+01 1.344572e-01 8.549943e-01 -5.009052e-01 1.886635e+00 -7.068596e-01 4.370186e-01 5.562052e-01 1.784372e+02
9.516099e-01 -2.188943e-01 2.156939e-01 -4.790763e+01 1.032969e-01 8.888816e-01 4.463398e-01 1.897283e+00 -2.894276e-01 -4.024609e-01 8.684797e-01 1.779197e+02
3.909930e-01 -1.622562e-01 9.059787e-01 -4.869133e+01 7.573413e-01 6.160830e-01 -2.165083e-01 1.930489e+00 -5.230283e-01 7.707883e-01 3.637675e-01 1.773872e+02
6.903696e-01 3.903545e-01 6.091085e-01 -4.964994e+01 -3.542912e-01 9.164935e-01 -1.857886e-01 1.956535e+00 -6.307674e-01 -8.753901e-02 7.710184e-01 1.775399e+02
1.314317e-01 -6.578438e-01 7.415978e-01 -5.076924e+01 3.899104e-01 7.220967e-01 5.714422e-01 1.993417e+00 -9.114250e-01 2.140511e-01 3.514065e-01 1.773700e+02
9.213577e-01 -1.818032e-01 3.435804e-01 -5.251437e+01 3.545222e-01 7.555082e-01 -5.509278e-01 2.066072e+00 -1.594174e-01 6.294085e-01 7.605465e-01 1.770231e+02
6.270163e-01 8.672802e-02 7.741633e-01 -5.366568e+01 -2.197814e-01 9.731065e-01 6.899176e-02 2.115386e+00 -7.473599e-01 -2.134056e-01 6.292148e-01 1.766231e+02
8.635105e-01 -3.795143e-01 -3.321424e-01 -5.372193e+01 3.247448e-01 9.222940e-01 -2.095582e-01 2.114197e+00 3.858632e-01 7.309422e-02 9.196558e-01 1.761773e+02
7.270153e-01 2.986387e-01 6.182747e-01 -5.329081e+01 -3.079834e-01 9.466279e-01 -9.508893e-02 2.101897e+00 -6.136733e-01 -1.212872e-01 7.801887e-01 1.756851e+02
7.834985e-01 -3.402041e-01 -5.199917e-01 -5.273618e+01 3.265622e-01 9.373695e-01 -1.212250e-01 2.088175e+00 5.286656e-01 -7.483007e-02 8.455254e-01 1.752488e+02
5.454052e-01 3.154329e-01 7.765535e-01 -5.231371e+01 -2.156897e-01 9.481014e-01 -2.336273e-01 2.075254e+00 -8.099451e-01 -4.007308e-02 5.851350e-01 1.749426e+02
8.734594e-01 -3.623200e-01 -3.252581e-01 -5.175049e+01 4.206197e-01 8.979844e-01 1.292404e-01 2.062345e+00 2.452503e-01 -2.496962e-01 9.367519e-01 1.746640e+02
5.461636e-01 3.441872e-01 7.637018e-01 -5.173111e+01 9.803783e-02 8.791594e-01 -4.663340e-01 2.059933e+00 -8.319218e-01 3.295663e-01 4.464215e-01 1.744358e+02
6.359245e-01 8.478779e-02 -7.670796e-01 -5.087385e+01 3.170902e-01 8.774691e-01 3.598637e-01 2.042988e+00 7.036006e-01 -4.720795e-01 5.311187e-01 1.740643e+02
6.313271e-01 3.314802e-01 7.011041e-01 -4.997604e+01 7.208227e-02 8.750524e-01 -4.786308e-01 2.027374e+00 -7.721595e-01 3.527097e-01 5.285504e-01 1.735875e+02
6.776175e-01 5.166395e-02 -7.335975e-01 -4.901032e+01 3.240257e-01 8.745099e-01 3.608875e-01 2.010892e+00 6.601832e-01 -4.822482e-01 5.758428e-01 1.730705e+02
6.656196e-01 3.233823e-01 6.725879e-01 -4.802048e+01 6.804687e-02 8.711876e-01 -4.862116e-01 1.994272e+00 -7.431825e-01 3.693994e-01 5.578744e-01 1.725856e+02
5.319083e-01 8.633723e-02 -8.423892e-01 -4.725041e+01 3.680243e-01 8.723586e-01 3.217898e-01 1.981373e+00 7.626478e-01 -4.811823e-01 4.322405e-01 1.721582e+02
5.801806e-01 3.741946e-01 7.234424e-01 -4.650865e+01 5.703205e-02 8.673731e-01 -4.943797e-01 1.968452e+00 -8.124887e-01 3.280889e-01 4.818919e-01 1.716988e+02
7.906103e-01 -1.186547e-01 -6.007133e-01 -4.612263e+01 4.014207e-01 8.412541e-01 3.621504e-01 1.971377e+00 4.623817e-01 -5.274586e-01 7.127346e-01 1.710280e+02
9.214480e-01 3.773825e-01 9.228269e-02 -4.555449e+01 -2.874182e-01 8.220038e-01 -4.916304e-01 1.982539e+00 -2.613895e-01 4.264881e-01 8.659004e-01 1.703807e+02
3.755924e-01 -4.706749e-01 -7.983705e-01 -4.562186e+01 5.987780e-01 7.807495e-01 -1.785922e-01 2.048363e+00 7.073862e-01 -4.109688e-01 5.750734e-01 1.687123e+02
6.422564e-01 6.109411e-01 4.628798e-01 -4.459540e+01 -6.175252e-01 7.701693e-01 -1.596927e-01 2.042890e+00 -4.540586e-01 -1.832763e-01 8.719177e-01 1.680875e+02
3.632579e-01 -6.569508e-01 -6.606507e-01 -4.360993e+01 4.781273e-01 7.400433e-01 -4.730012e-01 2.045874e+00 7.996486e-01 -1.440538e-01 5.829327e-01 1.670050e+02
8.014307e-01 4.939810e-01 3.371818e-01 -4.374975e+01 -5.541293e-01 8.254183e-01 1.078209e-01 2.101811e+00 -2.250546e-01 -2.732533e-01 9.352449e-01 1.658295e+02
7.008699e-01 -6.261123e-01 -3.417086e-01 -4.161967e+01 4.722527e-01 7.663421e-01 -4.355424e-01 2.084710e+00 5.345641e-01 1.438858e-01 8.327893e-01 1.643370e+02
4.693782e-01 5.425691e-01 6.966368e-01 -3.848649e+01 -5.933375e-01 7.780876e-01 -2.062288e-01 2.043475e+00 -6.539378e-01 -3.165415e-01 6.871440e-01 1.626939e+02
6.635371e-01 -6.687028e-01 -3.354923e-01 -3.650761e+01 6.694507e-01 7.308941e-01 -1.327764e-01 2.012453e+00 3.339973e-01 -1.364935e-01 9.326389e-01 1.615745e+02
5.804619e-01 6.755037e-01 4.547073e-01 -3.478817e+01 -5.510199e-01 7.369873e-01 -3.914420e-01 1.987457e+00 -5.995340e-01 -2.333561e-02 8.000090e-01 1.604151e+02
7.331010e-01 -6.542146e-01 -1.859200e-01 -3.260887e+01 6.797509e-01 6.957921e-01 2.319743e-01 1.955150e+00 -2.239928e-02 -2.964399e-01 9.547888e-01 1.591439e+02
7.278681e-01 6.238755e-01 2.845829e-01 -3.073686e+01 -3.424683e-01 6.902853e-01 -6.373552e-01 1.926251e+00 -5.940737e-01 3.664499e-01 7.160942e-01 1.580254e+02
8.564313e-01 -4.438398e-01 -2.636885e-01 -2.897191e+01 5.141142e-01 6.866987e-01 5.139372e-01 1.899749e+00 -4.703125e-02 -5.757179e-01 8.162946e-01 1.569799e+02
8.580200e-01 5.135138e-01 1.025900e-02 -2.741721e+01 -3.979932e-01 6.773592e-01 -6.186970e-01 1.874073e+00 -3.246585e-01 5.267714e-01 7.855627e-01 1.563363e+02
8.790844e-01 -3.657871e-01 -3.056311e-01 -2.623392e+01 4.766147e-01 6.651031e-01 5.748707e-01 1.847063e+00 -7.004071e-03 -6.510281e-01 7.590213e-01 1.560658e+02
8.522337e-01 4.654395e-01 2.388801e-01 -2.484414e+01 -1.842259e-01 6.943560e-01 -6.956511e-01 1.813091e+00 -4.896514e-01 5.488494e-01 6.774997e-01 1.558644e+02
8.481884e-01 -1.400839e-01 -5.108355e-01 -2.324635e+01 4.540635e-01 6.889054e-01 5.650094e-01 1.783156e+00 2.727686e-01 -7.111862e-01 6.479286e-01 1.553812e+02
8.045722e-01 4.520390e-01 3.851291e-01 -2.188915e+01 -6.135499e-02 7.083280e-01 -7.032119e-01 1.753594e+00 -5.906769e-01 5.421551e-01 5.976358e-01 1.550079e+02
8.447488e-01 -5.081782e-02 -5.327447e-01 -2.070728e+01 4.041424e-01 7.131364e-01 5.728049e-01 1.730091e+00 3.508109e-01 -6.991810e-01 6.229588e-01 1.545578e+02
7.081864e-01 3.693893e-01 6.016839e-01 -1.999599e+01 2.229777e-01 6.915775e-01 -6.870237e-01 1.710268e+00 -6.698903e-01 6.207029e-01 4.074002e-01 1.542448e+02
9.384188e-01 1.440844e-01 -3.140220e-01 -1.927556e+01 1.250353e-01 7.056571e-01 6.974340e-01 1.690060e+00 3.220812e-01 -6.937490e-01 6.441863e-01 1.539012e+02
