1.000000e+00 1.197625e-11 1.704638e-10 5.551115e-17 1.197625e-11 1.000000e+00 3.562503e-10 0.000000e+00 1.704638e-10 3.562503e-10 1.000000e+00 2.220446e-16 0.000000e+00 0.000000e+00 0.000000e+00 1.000000e+00
9.191323e-01 -1.184061e-01 3.757336e-01 -8.047662e-02 1.184985e-01 9.926889e-01 2.295430e-02 -1.052696e-02 -3.757045e-01 2.342581e-02 9.264434e-01 4.775552e-01
7.189789e-01 2.360166e-01 -6.537320e-01 1.662498e-01 -1.438326e-01 9.707425e-01 1.922787e-01 -2.912147e-02 6.799864e-01 -4.421636e-02 7.318903e-01 8.065247e-01
8.638071e-01 -1.653098e-01 4.759306e-01 5.138045e-01 1.963034e-01 9.804167e-01 -1.574976e-02 -4.616378e-02 -4.640067e-01 1.070315e-01 8.793418e-01 9.438232e-01
7.664677e-01 2.641832e-01 -5.854353e-01 9.093156e-01 -1.679317e-01 9.622132e-01 2.143472e-01 -6.542804e-02 6.199405e-01 -6.597707e-02 7.818701e-01 1.094307e+00
9.660936e-01 -1.464946e-01 2.126086e-01 1.162653e+00 1.653797e-01 9.834613e-01 -7.384733e-02 -7.879621e-02 -1.982741e-01 1.065046e-01 9.743429e-01 1.192164e+00
7.717784e-01 2.734581e-01 -5.740895e-01 1.668139e+00 -1.336582e-01 9.524031e-01 2.739778e-01 -9.612304e-02 6.216861e-01 -1.347184e-01 7.715940e-01 1.239515e+00
9.936792e-01 -8.322599e-02 7.533371e-02 2.182160e+00 9.354792e-02 9.848690e-01 -1.458832e-01 -1.101309e-01 -6.205256e-02 1.520084e-01 9.864294e-01 1.185862e+00
7.530218e-01 2.350365e-01 -6.145860e-01 2.618941e+00 -4.212560e-02 9.493319e-01 3.114392e-01 -1.243668e-01 6.566457e-01 -2.086307e-01 7.247687e-01 1.246847e+00
9.773260e-01 2.059185e-03 2.117303e-01 3.248643e+00 2.977735e-02 9.886786e-01 -1.470647e-01 -1.470142e-01 -2.096361e-01 1.500349e-01 9.661999e-01 1.403378e+00
9.484708e-01 1.089186e-01 -2.975565e-01 4.025329e+00 -3.568975e-02 9.698112e-01 2.412310e-01 -1.729801e-01 3.148482e-01 -2.181808e-01 9.237249e-01 1.469599e+00
9.996587e-01 2.601035e-02 2.438282e-03 4.544616e+00 -2.534860e-02 9.883152e-01 -1.503013e-01 -1.913446e-01 -6.319180e-03 1.501882e-01 9.886372e-01 1.486541e+00
9.991394e-01 -2.283273e-02 3.462852e-02 5.023054e+00 1.531205e-02 9.789212e-01 2.036636e-01 -2.118065e-01 -3.854879e-02 -2.029581e-01 9.784283e-01 1.576635e+00
9.484240e-01 -4.147072e-02 3.142802e-01 5.377458e+00 9.570698e-02 9.826024e-01 -1.591624e-01 -2.350267e-01 -3.022119e-01 1.810322e-01 9.358928e-01 1.791676e+00
9.787777e-01 6.245418e-02 -1.951759e-01 5.399126e+00 -2.348629e-02 9.803390e-01 1.959177e-01 -2.458604e-01 2.035744e-01 -1.871759e-01 9.610008e-01 2.019264e+00
9.922554e-01 3.465360e-02 -1.192830e-01 5.605694e+00 -4.553013e-02 9.949276e-01 -8.970011e-02 -2.615209e-01 1.155695e-01 9.443639e-02 9.888000e-01 2.268319e+00
8.455881e-01 7.867408e-02 -5.280067e-01 5.618382e+00 2.448334e-02 9.823245e-01 1.855777e-01 -2.653003e-01 5.332741e-01 -1.698497e-01 8.287157e-01 2.393503e+00
9.977914e-01 6.605201e-02 7.027057e-03 5.476470e+00 -6.475783e-02 9.908444e-01 -1.184640e-01 -2.609577e-01 -1.478751e-02 1.177473e-01 9.929335e-01 2.413735e+00
9.958763e-01 -7.124346e-02 -5.616655e-02 5.623357e+00 7.899895e-02 9.854035e-01 1.507950e-01 -2.734947e-01 4.460356e-02 -1.546102e-01 9.869682e-01 2.572434e+00
9.809749e-01 1.436996e-01 -1.305321e-01 6.098994e+00 -1.485190e-01 9.885154e-01 -2.791730e-02 -2.974748e-01 1.250213e-01 4.677266e-02 9.910510e-01 2.819354e+00
9.956095e-01 -9.291233e-02 1.135902e-02 6.784144e+00 9.025252e-02 9.850484e-01 1.467449e-01 -3.267126e-01 -2.482360e-02 -1.450755e-01 9.891091e-01 3.073342e+00
9.916532e-01 1.018921e-01 7.900623e-02 7.236601e+00 -9.726405e-02 9.934256e-01 -6.037588e-02 -3.551805e-01 -8.463864e-02 5.218747e-02 9.950441e-01 3.403107e+00
9.547904e-01 -1.419567e-01 2.611966e-01 7.701233e+00 1.113523e-01 9.854346e-01 1.285275e-01 -3.800671e-01 -2.756375e-01 -9.363201e-02 9.566907e-01 3.610061e+00
9.959056e-01 2.365404e-02 8.725002e-02 7.829935e+00 -1.213528e-02 9.914057e-01 -1.302596e-01 -3.932410e-01 -8.958133e-02 1.286675e-01 9.876335e-01 3.724678e+00
8.494557e-01 -1.146828e-01 5.150465e-01 8.211080e+00 5.580545e-02 9.901469e-01 1.284323e-01 -4.138230e-01 -5.247007e-01 -8.035513e-02 8.474858e-01 3.826446e+00
9.996449e-01 -4.129844e-03 2.632649e-02 8.807466e+00 6.602385e-03 9.954996e-01 -9.453534e-02 -4.440087e-01 -2.581759e-02 9.467558e-02 9.951733e-01 4.001616e+00
9.761274e-01 -3.526466e-02 2.143170e-01 9.290636e+00 1.406530e-02 9.949234e-01 9.964731e-02 -4.618478e-01 -2.167430e-01 -9.425404e-02 9.716680e-01 3.919718e+00
9.952300e-01 -3.665073e-02 9.041012e-02 9.771124e+00 4.438382e-02 9.953866e-01 -8.506201e-02 -4.811172e-01 -8.687544e-02 8.866901e-02 9.922653e-01 3.918763e+00
9.085948e-01 -3.752656e-02 4.159895e-01 1.010635e+01 1.787209e-03 9.962959e-01 8.597262e-02 -5.042166e-01 -4.176749e-01 -7.737082e-02 9.052963e-01 4.116595e+00
9.839947e-01 -6.429340e-02 -1.661948e-01 1.011055e+01 5.237726e-02 9.957981e-01 -7.511851e-02 -5.140709e-01 1.703261e-01 6.521139e-02 9.832276e-01 4.333220e+00
8.914172e-01 -3.282734e-02 4.519931e-01 9.880061e+00 2.657439e-02 9.994432e-01 2.017773e-02 -5.110821e-01 -4.524038e-01 -5.975335e-03 8.917932e-01 4.389515e+00
9.841250e-01 -1.370201e-01 -1.127983e-01 9.411880e+00 1.283819e-01 9.884432e-01 -8.061081e-02 -4.953938e-01 1.225400e-01 6.484986e-02 9.903426e-01 4.342274e+00
8.251894e-01 1.510663e-02 5.646540e-01 9.105158e+00 1.748670e-02 9.984800e-01 -5.226830e-02 -4.862550e-01 -5.645853e-01 5.300519e-02 8.236710e-01 4.275732e+00
9.781325e-01 -7.284223e-02 -1.948096e-01 9.200899e+00 7.999065e-02 9.963716e-01 2.907211e-02 -4.901556e-01 1.919851e-01 -4.401932e-02 9.804101e-01 4.190150e+00
7.628042e-01 8.216394e-03 6.465773e-01 9.415114e+00 6.522284e-02 9.938421e-01 -8.957638e-02 -5.000020e-01 -6.433318e-01 1.105009e-01 7.575710e-01 4.102931e+00
9.719862e-01 -8.707914e-02 -2.183118e-01 9.353939e+00 1.034634e-01 9.925231e-01 6.475569e-02 -4.999070e-01 2.110406e-01 -8.552891e-02 9.737282e-01 4.027589e+00
9.751252e-01 2.700807e-02 2.200030e-01 8.734203e+00 8.432225e-03 9.873103e-01 -1.585788e-01 -4.760938e-01 -2.214942e-01 1.564893e-01 9.625235e-01 3.969375e+00
6.903437e-01 5.253089e-02 -7.215720e-01 8.304045e+00 7.411500e-02 9.869785e-01 1.427601e-01 -4.575428e-01 7.196753e-01 -1.520328e-01 6.774610e-01 3.913954e+00
9.877795e-01 1.474939e-01 -5.037032e-02 8.186424e+00 -1.482962e-01 9.888632e-01 -1.255946e-02 -4.501235e-01 4.795692e-02 1.987570e-02 9.986516e-01 3.852090e+00
5.590087e-01 3.458651e-02 -8.284401e-01 8.208206e+00 2.044650e-02 9.982508e-01 5.547266e-02 -4.463162e-01 8.289096e-01 -4.794840e-02 5.573237e-01 3.756687e+00
9.945146e-01 9.827688e-02 -3.580936e-02 8.195687e+00 -9.339464e-02 9.884863e-01 1.190475e-01 -4.424629e-01 4.709668e-02 -1.150500e-01 9.922426e-01 3.721576e+00
4.839143e-01 1.040493e-01 -8.689078e-01 8.106575e+00 -1.306108e-01 9.903728e-01 4.585430e-02 -4.358239e-01 8.653137e-01 9.129918e-02 4.928455e-01 3.699754e+00
9.972860e-01 -7.084563e-02 2.004002e-02 8.179590e+00 6.743570e-02 9.881955e-01 1.375575e-01 -4.347024e-01 -2.954881e-02 -1.358327e-01 9.902910e-01 3.685637e+00
5.994923e-01 2.165606e-01 -7.705261e-01 8.027995e+00 -2.196045e-01 9.702592e-01 1.018378e-01 -4.267472e-01 7.696641e-01 1.081600e-01 6.292206e-01 3.655128e+00
9.810357e-01 -1.112730e-01 -1.587053e-01 7.664602e+00 1.153647e-01 9.931815e-01 1.677705e-02 -4.096857e-01 1.557563e-01 -3.476787e-02 9.871835e-01 3.582815e+00
5.374738e-01 2.983838e-01 -7.887262e-01 7.347642e+00 -1.644409e-01 9.544370e-01 2.490165e-01 -3.938065e-01 8.270920e-01 -4.141061e-03 5.620514e-01 3.563486e+00
9.952490e-01 -9.531631e-02 1.985339e-02 7.264753e+00 9.680584e-02 9.905363e-01 -9.729594e-02 -3.884904e-01 -1.039162e-02 9.875561e-02 9.950575e-01 3.516084e+00
9.317565e-01 1.333890e-01 -3.376940e-01 7.269341e+00 -8.465102e-02 9.842479e-01 1.552107e-01 -3.871046e-01 3.530780e-01 -1.160325e-01 9.283708e-01 3.261998e+00
9.672844e-01 -2.394760e-02 -2.525616e-01 7.070335e+00 -6.528871e-03 9.928552e-01 -1.191463e-01 -3.750264e-01 2.536104e-01 1.168973e-01 9.602171e-01 2.907441e+00
8.108634e-01 1.303552e-01 -5.705332e-01 6.884436e+00 -8.724885e-03 9.774622e-01 2.109300e-01 -3.628122e-01 5.851704e-01 -1.660576e-01 7.937257e-01 2.606050e+00
9.991930e-01 3.622577e-02 1.734806e-02 6.707598e+00 -3.297025e-02 9.864278e-01 -1.608514e-01 -3.514454e-01 -2.293957e-02 1.601496e-01 9.868262e-01 2.393980e+00
9.047024e-01 -1.229138e-01 4.079287e-01 6.867437e+00 7.888777e-02 9.892518e-01 1.231165e-01 -3.568129e-01 -4.186769e-01 -7.920319e-02 9.046748e-01 2.200890e+00
9.877642e-01 -1.271217e-01 9.034400e-02 6.345293e+00 1.430732e-01 9.691790e-01 -2.005547e-01 -3.391819e-01 -6.206466e-02 2.110265e-01 9.755080e-01 2.072997e+00
9.566380e-01 1.230523e-02 2.910193e-01 5.899478e+00 -3.818220e-02 9.957838e-01 8.340748e-02 -3.247952e-01 -2.887660e-01 -9.090252e-02 9.530745e-01 1.952798e+00
9.682983e-01 -1.149567e-01 -2.217732e-01 5.718680e+00 8.722415e-02 9.875307e-01 -1.310539e-01 -3.181788e-01 2.340734e-01 1.075553e-01 9.662513e-01 1.786113e+00
9.761078e-01 3.107782e-02 2.150527e-01 5.404349e+00 -4.580091e-02 9.969098e-01 6.382084e-02 -3.073537e-01 -2.124047e-01 -7.214563e-02 9.745149e-01 1.727941e+00
8.091367e-01 2.868554e-02 -5.869199e-01 5.563727e+00 -4.262151e-02 9.990419e-01 -9.930770e-03 -3.132386e-01 5.860727e-01 3.305076e-02 8.095841e-01 1.723090e+00
9.919733e-01 -2.221046e-02 1.244816e-01 5.096216e+00 1.785930e-02 9.991936e-01 3.596200e-02 -2.952003e-01 -1.251799e-01 -3.345019e-02 9.915700e-01 1.799491e+00
9.803428e-01 -4.147416e-02 -1.928934e-01 4.870905e+00 2.897751e-02 9.973212e-01 -6.716230e-02 -2.862201e-01 1.951622e-01 6.025251e-02 9.789185e-01 1.655586e+00
9.987904e-01 4.868149e-02 -6.913583e-03 5.078138e+00 -4.802587e-02 9.960138e-01 7.516610e-02 -2.892674e-01 1.054522e-02 -7.474315e-02 9.971471e-01 1.357606e+00
9.554401e-01 -2.082592e-02 -2.944494e-01 4.973347e+00 -1.711354e-03 9.971005e-01 -7.607635e-02 -2.839341e-01 2.951800e-01 7.319030e-02 9.526342e-01 1.042873e+00
9.883841e-01 -2.552349e-02 1.498179e-01 4.614820e+00 2.106161e-02 9.992883e-01 3.129377e-02 -2.702992e-01 -1.505100e-01 -2.777486e-02 9.882182e-01 8.018042e-01
5.239131e-01 1.950636e-01 -8.291352e-01 4.719615e+00 -1.054875e-01 9.807894e-01 1.640867e-01 -2.732515e-01 8.452144e-01 1.496196e-03 5.344252e-01 9.341651e-01
9.720452e-01 -6.820294e-02 2.246696e-01 4.825904e+00 6.943646e-02 9.975835e-01 2.415740e-03 -2.768492e-01 -2.242914e-01 1.325205e-02 9.744320e-01 1.015142e+00
9.044793e-01 1.130751e-01 -4.112558e-01 5.235811e+00 -9.358837e-02 9.933345e-01 6.728812e-02 -2.880376e-01 4.161232e-01 -2.237195e-02 9.090330e-01 8.109550e-01
9.553812e-01 -8.429057e-02 2.830934e-01 5.467149e+00 9.347921e-02 9.954383e-01 -1.908278e-02 -2.961779e-01 -2.801935e-01 4.469468e-02 9.589025e-01 5.968582e-01
8.776307e-01 1.278154e-01 -4.619823e-01 5.716512e+00 -9.505937e-02 9.910606e-01 9.360925e-02 -3.053728e-01 4.698171e-01 -3.823860e-02 8.819352e-01 4.520158e-01
9.847561e-01 -7.063420e-02 1.589535e-01 6.112749e+00 7.195761e-02 9.974044e-01 -2.578344e-03 -3.190391e-01 -1.583588e-01 1.397695e-02 9.872827e-01 4.472486e-01
6.479758e-01 2.125701e-01 -7.313968e-01 6.282350e+00 -1.117504e-01 9.764068e-01 1.847744e-01 -3.241430e-01 7.534184e-01 -3.799545e-02 6.564428e-01 4.751781e-01
8.182219e-01 -1.154977e-01 5.631813e-01 6.045016e+00 1.991341e-01 9.759066e-01 -8.917358e-02 -3.167828e-01 -5.393130e-01 1.851124e-01 8.215077e-01 5.018683e-01
7.883364e-01 1.887057e-01 -5.855902e-01 6.338726e+00 -8.115251e-02 9.753782e-01 2.050649e-01 -3.251264e-01 6.098689e-01 -1.141380e-01 7.842401e-01 2.882112e-01
9.398272e-01 -6.120382e-02 3.361233e-01 6.628211e+00 1.160243e-01 9.825305e-01 -1.455066e-01 -3.290820e-01 -3.213458e-01 1.757495e-01 9.305100e-01 -8.955913e-02
9.141242e-01 5.494980e-02 -4.016933e-01 6.252669e+00 -1.320078e-03 9.911709e-01 1.325836e-01 -3.135341e-01 4.054321e-01 -1.206676e-01 9.061259e-01 -3.936273e-01
5.929464e-01 -7.760441e-02 8.014937e-01 5.470379e+00 3.482253e-01 9.221739e-01 -1.683284e-01 -2.830373e-01 -7.260536e-01 3.789101e-01 5.738235e-01 -5.512694e-01
8.915695e-01 1.403257e-01 -4.305956e-01 4.918881e+00 -3.820279e-02 9.707001e-01 2.372382e-01 -2.639995e-01 4.512698e-01 -1.950644e-01 8.708074e-01 -6.636518e-01
9.927454e-01 3.094203e-02 -1.161861e-01 5.300361e+00 -4.851959e-02 9.872417e-01 -1.516561e-01 -2.703056e-01 1.100112e-01 1.561932e-01 9.815810e-01 -8.419387e-01
7.989932e-01 8.411748e-02 -5.954277e-01 5.476611e+00 6.799316e-02 9.711808e-01 2.284397e-01 -2.736917e-01 5.974838e-01 -2.230068e-01 7.702474e-01 -9.355708e-01
9.088856e-01 4.856624e-02 4.142081e-01 5.253556e+00 7.204751e-02 9.599780e-01 -2.706501e-01 -2.615178e-01 -4.107751e-01 2.758327e-01 8.690110e-01 -1.192965e+00
8.147663e-01 4.281112e-02 -5.782067e-01 5.231442e+00 1.251174e-01 9.607897e-01 2.474443e-01 -2.559428e-01 5.661285e-01 -2.739530e-01 7.774627e-01 -1.495329e+00
8.301656e-01 9.508440e-02 5.493487e-01 5.357636e+00 7.868036e-02 9.555059e-01 -2.842847e-01 -2.580999e-01 -5.519370e-01 2.792264e-01 7.857469e-01 -1.645664e+00
8.124480e-01 5.837114e-02 -5.801043e-01 5.489544e+00 1.257528e-01 9.540127e-01 2.721139e-01 -2.629852e-01 5.693105e-01 -2.940282e-01 7.677454e-01 -1.817334e+00
9.238589e-01 1.261640e-01 3.613411e-01 5.363547e+00 -7.804752e-03 9.501208e-01 -3.117845e-01 -2.570018e-01 -3.826536e-01 2.852247e-01 8.787622e-01 -2.121664e+00
9.167459e-01 -1.066744e-01 -3.849643e-01 4.845449e+00 2.007748e-01 9.561641e-01 2.131659e-01 -2.361041e-01 3.453497e-01 -2.727100e-01 8.979771e-01 -2.414231e+00
9.270999e-01 1.744919e-01 3.317202e-01 4.866793e+00 -7.156602e-02 9.511525e-01 -3.003119e-01 -2.348980e-01 -3.679185e-01 2.546792e-01 8.943011e-01 -2.776865e+00
8.684701e-01 -8.427175e-02 -4.885262e-01 4.981683e+00 2.159341e-01 9.513552e-01 2.197629e-01 -2.358693e-01 4.462422e-01 -2.963470e-01 8.444207e-01 -3.157638e+00
9.694873e-01 2.348585e-01 7.025569e-02 4.963429e+00 -2.139403e-01 9.505207e-01 -2.252552e-01 -2.302359e-01 -1.196826e-01 2.033516e-01 9.717635e-01 -3.621845e+00
7.858621e-01 -1.597419e-01 -5.974138e-01 4.976151e+00 2.648378e-01 9.599224e-01 9.170558e-02 -2.248071e-01 5.588217e-01 -2.302857e-01 7.966723e-01 -4.089518e+00
8.589901e-01 2.557809e-01 4.435224e-01 4.547200e+00 -1.538757e-01 9.551921e-01 -2.528445e-01 -2.077133e-01 -4.883219e-01 1.489436e-01 8.598590e-01 -4.345444e+00
8.192072e-01 -2.594171e-01 -5.114707e-01 4.081531e+00 3.393783e-01 9.382096e-01 6.771358e-02 -1.885685e-01 4.623007e-01 -2.290535e-01 8.566286e-01 -4.595562e+00
9.281066e-01 3.580392e-01 1.021077e-01 4.056434e+00 -3.502859e-01 9.326492e-01 -8.640167e-02 -1.822696e-01 -1.261659e-01 4.442305e-02 9.910140e-01 -4.939836e+00
8.412444e-01 -3.406126e-01 -4.198702e-01 4.002866e+00 3.448801e-01 9.361484e-01 -6.843890e-02 -1.758343e-01 4.163720e-01 -8.723104e-02 9.050001e-01 -5.310117e+00
9.328573e-01 3.342075e-01 1.344714e-01 3.573217e+00 -3.351366e-01 9.420277e-01 -1.634667e-02 -1.562711e-01 -1.321390e-01 -2.981717e-02 9.907826e-01 -5.544227e+00
8.485883e-01 -3.656877e-01 -3.823224e-01 3.049109e+00 3.248885e-01 9.305406e-01 -1.689429e-01 -1.330834e-01 4.175468e-01 1.915080e-02 9.084536e-01 -5.810185e+00
9.432802e-01 2.987611e-01 1.447903e-01 2.175994e+00 -3.068304e-01 9.510637e-01 3.650904e-02 -9.393781e-02 -1.267973e-01 -7.886432e-02 9.887886e-01 -6.069395e+00
8.928002e-01 -4.438117e-01 -7.706514e-02 1.204590e+00 4.227364e-01 8.845986e-01 -1.969247e-01 -5.060904e-02 1.555692e-01 1.432361e-01 9.773851e-01 -6.286976e+00
8.868022e-01 4.131767e-01 -2.070433e-01 5.828813e-01 -3.566856e-01 8.967742e-01 2.618614e-01 -2.293735e-02 2.938661e-01 -1.583699e-01 9.426355e-01 -6.544803e+00
9.240174e-01 -3.061596e-01 -2.290373e-01 1.574112e-01 2.166083e-01 9.127863e-01 -3.462686e-01 -2.135963e-03 3.150756e-01 2.703468e-01 9.097472e-01 -6.861533e+00
9.722198e-01 2.278030e-01 -5.380072e-02 -1.055309e-01 -1.950637e-01 9.155593e-01 3.517119e-01 1.187188e-02 1.293788e-01 -3.314467e-01 9.345610e-01 -7.153098e+00
9.720877e-01 -2.264564e-01 -6.134385e-02 -5.915692e-01 1.815261e-01 8.915974e-01 -4.148523e-01 3.296737e-02 1.486400e-01 3.921373e-01 9.078185e-01 -7.440649e+00
9.858958e-01 1.408860e-01 -9.033577e-02 -1.126339e+00 -9.766909e-02 9.226616e-01 3.730366e-01 5.701938e-02 1.359050e-01 -3.589522e-01 9.234084e-01 -7.873774e+00
9.920278e-01 -1.078978e-01 -6.510666e-02 -1.029894e+00 7.475109e-02 9.197619e-01 -3.852925e-01 5.902621e-02 1.014548e-01 3.773541e-01 9.204949e-01 -8.293166e+00
9.986378e-01 2.839885e-02 4.377188e-02 -1.191524e+00 -4.205491e-02 9.346505e-01 3.530721e-01 6.757572e-02 -3.088457e-02 -3.544319e-01 9.345716e-01 -8.532781e+00
9.832632e-01 -8.569884e-02 -1.607769e-01 -1.709651e+00 1.432366e-02 9.160946e-01 -4.007062e-01 8.885917e-02 1.816269e-01 3.916968e-01 9.019896e-01 -8.760051e+00
9.998904e-01 -6.384185e-03 1.335549e-02 -1.920204e+00 1.026237e-03 9.299440e-01 3.676998e-01 9.862977e-02 -1.476732e-02 -3.676458e-01 9.298486e-01 -9.144582e+00
9.751816e-01 -6.519157e-03 -2.213106e-01 -1.991929e+00 -7.562740e-02 9.296384e-01 -3.606285e-01 1.045146e-01 2.080898e-01 3.684154e-01 9.060732e-01 -9.367667e+00
9.623088e-01 -4.823701e-02 -2.676472e-01 -2.660678e+00 1.367643e-01 9.364826e-01 3.229487e-01 1.356338e-01 2.350689e-01 -3.473810e-01 9.077825e-01 -9.400819e+00
9.347763e-01 1.790899e-01 -3.067899e-01 -3.349617e+00 -2.672493e-01 9.234934e-01 -2.752048e-01 1.681978e-01 2.340321e-01 3.392443e-01 9.111214e-01 -9.534370e+00
9.265320e-01 -2.343291e-01 -2.943268e-01 -3.952570e+00 2.955150e-01 9.374704e-01 1.839027e-01 1.976602e-01 2.328289e-01 -2.573697e-01 9.378441e-01 -9.700000e+00
8.905275e-01 3.314983e-01 -3.115600e-01 -4.063739e+00 -3.657061e-01 9.289926e-01 -5.684907e-02 2.114695e-01 2.705916e-01 1.645651e-01 9.485244e-01 -9.983159e+00
8.361931e-01 -4.075047e-01 3.670436e-01 -4.050372e+00 3.662326e-01 9.130704e-01 1.793773e-01 2.118916e-01 -4.082338e-01 -1.557072e-02 9.127446e-01 -1.008636e+01
6.421816e-01 3.899355e-01 -6.599645e-01 -4.453156e+00 -4.044400e-01 9.037211e-01 1.404152e-01 2.273484e-01 6.511767e-01 1.767440e-01 7.380586e-01 -1.004818e+01
8.780318e-01 -3.735883e-01 2.991520e-01 -4.864927e+00 3.923690e-01 9.198031e-01 -2.957562e-03 2.452787e-01 -2.740560e-01 1.199748e-01 9.542009e-01 -1.016074e+01
6.742350e-01 4.213346e-01 -6.065347e-01 -5.389201e+00 -3.178004e-01 9.068841e-01 2.767023e-01 2.679205e-01 6.666410e-01 6.194610e-03 7.453533e-01 -1.015954e+01
8.338204e-01 -3.222506e-01 4.482166e-01 -5.993683e+00 4.212111e-01 8.962104e-01 -1.392409e-01 2.955618e-01 -3.568259e-01 3.048957e-01 8.830141e-01 -1.001431e+01
8.534426e-01 3.552037e-01 -3.814001e-01 -6.464078e+00 -2.540193e-01 9.224765e-01 2.907082e-01 3.137657e-01 4.550933e-01 -1.512198e-01 8.775094e-01 -9.746925e+00
9.256876e-01 -2.775320e-01 2.570575e-01 -7.011549e+00 3.372892e-01 9.132076e-01 -2.286653e-01 3.368637e-01 -1.712849e-01 2.983754e-01 9.389535e-01 -9.579211e+00
6.859921e-01 3.582874e-01 -6.332811e-01 -7.668275e+00 -1.025574e-01 9.092825e-01 4.033452e-01 3.698602e-01 7.203449e-01 -2.117439e-01 6.605056e-01 -9.383462e+00
8.267918e-01 -1.161267e-01 5.503907e-01 -7.640480e+00 2.745358e-01 9.373149e-01 -2.146414e-01 3.624070e-01 -4.909638e-01 3.285657e-01 8.068452e-01 -9.228740e+00
8.941382e-01 1.656936e-01 -4.160078e-01 -8.227876e+00 -4.971366e-02 9.600103e-01 2.755156e-01 3.865734e-01 4.450229e-01 -2.256678e-01 8.666191e-01 -9.001499e+00
8.811159e-01 -1.069589e-01 4.606459e-01 -8.763236e+00 2.418711e-01 9.389658e-01 -2.446253e-01 4.070350e-01 -4.063659e-01 3.269601e-01 8.532080e-01 -8.747912e+00
6.828031e-01 2.075907e-01 -7.004898e-01 -9.525173e+00 2.322399e-02 9.521323e-01 3.048027e-01 4.432301e-01 7.302332e-01 -2.243884e-01 6.452978e-01 -8.746524e+00
8.485074e-01 2.163948e-02 5.287409e-01 -1.027364e+01 1.810869e-01 9.269676e-01 -3.285402e-01 4.783081e-01 -4.972351e-01 3.745168e-01 7.826202e-01 -8.777552e+00
4.385396e-01 1.979421e-01 -8.766424e-01 -1.105413e+01 2.048813e-01 9.277380e-01 3.119709e-01 5.182020e-01 8.750467e-01 -3.164192e-01 3.662952e-01 -8.594329e+00
9.588139e-01 2.715693e-01 8.322255e-02 -1.187422e+01 -2.453535e-01 9.395046e-01 -2.390244e-01 5.621431e-01 -1.430997e-01 2.087610e-01 9.674406e-01 -8.396038e+00
3.963909e-01 -1.352121e-01 -9.080704e-01 -1.275728e+01 2.365769e-01 9.707358e-01 -4.127249e-02 6.079571e-01 8.870770e-01 -1.984684e-01 4.167789e-01 -8.411407e+00
8.643804e-01 2.820336e-01 4.162974e-01 -1.369976e+01 -2.763932e-01 9.580977e-01 -7.520322e-02 6.569213e-01 -4.200635e-01 -5.005759e-02 9.061131e-01 -8.477646e+00
7.067404e-01 -3.473673e-01 -6.163229e-01 -1.438465e+01 2.981125e-01 9.362645e-01 -1.858433e-01 6.908309e-01 6.415972e-01 -5.239055e-02 7.652505e-01 -8.489268e+00
7.909468e-01 2.788120e-01 5.446714e-01 -1.457584e+01 -3.029459e-01 9.518327e-01 -4.730994e-02 7.026657e-01 -5.316267e-01 -1.275863e-01 8.373140e-01 -8.569830e+00
4.476448e-01 -2.485906e-01 -8.589627e-01 -1.489439e+01 1.571361e-01 9.675019e-01 -1.981119e-01 7.181515e-01 8.802968e-01 -4.629030e-02 4.721597e-01 -8.491294e+00
6.209829e-01 1.554853e-01 7.682477e-01 -1.528976e+01 -2.377339e-01 9.713203e-01 -4.422178e-03 7.337365e-01 -7.469021e-01 -1.798924e-01 6.401374e-01 -8.370259e+00
6.873063e-01 -2.479166e-01 -6.827499e-01 -1.528484e+01 1.934429e-01 9.684788e-01 -1.569352e-01 7.273824e-01 7.001356e-01 -2.421052e-02 7.135993e-01 -8.144947e+00
7.405844e-01 1.677525e-01 6.506872e-01 -1.548063e+01 -2.180215e-01 9.759378e-01 -3.461973e-03 7.331957e-01 -6.356110e-01 -1.392999e-01 7.593380e-01 -7.966482e+00
5.597002e-01 -1.995062e-01 -8.043214e-01 -1.586763e+01 1.384528e-01 9.794582e-01 -1.466030e-01 7.467117e-01 8.170474e-01 -2.930684e-02 5.758252e-01 -7.668517e+00
8.476601e-01 1.377846e-01 5.123356e-01 -1.629463e+01 -2.144899e-01 9.722500e-01 9.340259e-02 7.646700e-01 -4.852489e-01 -1.890645e-01 8.536909e-01 -7.382237e+00
9.149634e-01 -2.368979e-01 -3.266823e-01 -1.630070e+01 2.137842e-01 9.711680e-01 -1.054938e-01 7.510766e-01 3.422547e-01 2.668341e-02 9.392283e-01 -6.924616e+00
9.125834e-01 1.691661e-01 3.722558e-01 -1.662036e+01 -1.866682e-01 9.823592e-01 1.119756e-02 7.590911e-01 -3.637947e-01 -7.970703e-02 9.280626e-01 -6.661418e+00
9.575535e-01 -2.882212e-01 -4.448512e-03 -1.677618e+01 2.882258e-01 9.575624e-01 4.261117e-04 7.514956e-01 4.136913e-03 -1.690201e-03 9.999900e-01 -6.193730e+00
9.477697e-01 2.164344e-01 2.342836e-01 -1.692254e+01 -2.172210e-01 9.758570e-01 -2.276549e-02 7.444611e-01 -2.335545e-01 -2.931486e-02 9.719017e-01 -5.713793e+00
5.865243e-01 -7.420502e-02 -8.065252e-01 -1.728120e+01 7.970677e-02 9.962487e-01 -3.369603e-02 7.584100e-01 8.060001e-01 -4.452198e-02 5.902386e-01 -5.363797e+00
4.803656e-01 3.838648e-02 8.762279e-01 -1.734781e+01 -4.374698e-02 9.988469e-01 -1.977530e-02 7.465948e-01 -8.759767e-01 -2.883295e-02 4.814910e-01 -4.883954e+00
9.430859e-01 -1.765025e-01 -2.818436e-01 -1.725100e+01 1.991905e-01 9.784857e-01 5.374828e-02 7.254981e-01 2.662933e-01 -1.068298e-01 9.579537e-01 -4.476058e+00
8.866092e-01 1.182458e-01 4.471488e-01 -1.754939e+01 -6.082059e-02 9.881791e-01 -1.407226e-01 7.284193e-01 -4.585030e-01 9.757010e-02 8.833205e-01 -4.115481e+00
9.794136e-01 -1.978761e-01 3.992558e-02 -1.769346e+01 1.895578e-01 9.695393e-01 1.551177e-01 7.211223e-01 -6.940349e-02 -1.443562e-01 9.870889e-01 -3.714744e+00
9.675916e-01 7.981971e-02 2.395731e-01 -1.800542e+01 -3.226473e-02 9.800309e-01 -1.962103e-01 7.245245e-01 -2.504504e-01 1.821217e-01 9.508450e-01 -3.382017e+00
9.585285e-01 -9.374344e-02 -2.691380e-01 -1.836452e+01 1.408065e-01 9.768184e-01 1.612433e-01 7.356646e-01 2.477835e-01 -1.924527e-01 9.495079e-01 -3.243377e+00
9.893453e-01 1.398496e-01 4.047237e-02 -1.846987e+01 -1.353450e-01 9.859143e-01 -9.825800e-02 7.324450e-01 -5.364363e-02 9.173335e-02 9.943376e-01 -2.889721e+00
9.770594e-01 -1.430485e-01 -1.577720e-01 -1.870465e+01 1.654748e-01 9.762860e-01 1.395842e-01 7.320753e-01 1.340633e-01 -1.624893e-01 9.775604e-01 -2.362568e+00
9.865045e-01 1.614288e-01 -2.737945e-02 -1.892126e+01 -1.632050e-01 9.829045e-01 -8.522307e-02 7.327104e-01 1.315393e-02 8.854140e-02 9.959856e-01 -1.980352e+00
9.571105e-01 -1.545570e-01 -2.450544e-01 -1.912771e+01 1.802035e-01 9.798795e-01 8.580691e-02 7.360257e-01 2.268617e-01 -1.262863e-01 9.657047e-01 -1.756656e+00
9.819770e-01 1.863483e-01 -3.155192e-02 -1.937310e+01 -1.871049e-01 9.820708e-01 -2.299254e-02 7.397253e-01 2.670160e-02 2.848166e-02 9.992376e-01 -1.458233e+00
9.525346e-01 -1.773186e-01 -2.474590e-01 -1.967408e+01 1.848279e-01 9.827441e-01 7.258308e-03 7.479668e-01 2.419019e-01 -5.265112e-02 9.688712e-01 -1.258665e+00
9.801567e-01 1.903799e-01 -5.521271e-02 -1.971014e+01 -1.881943e-01 9.812142e-01 4.244518e-02 7.494926e-01 6.225620e-02 -3.121220e-02 9.975720e-01 -1.229944e+00
9.760314e-01 -2.088760e-01 -6.110179e-02 -1.984850e+01 2.066126e-01 9.775490e-01 -4.134361e-02 7.513724e-01 6.836567e-02 2.772826e-02 9.972749e-01 -1.108991e+00
9.453054e-01 1.280921e-01 2.999835e-01 -1.996973e+01 -1.282315e-01 9.915563e-01 -1.930963e-02 7.475336e-01 -2.999239e-01 -2.021384e-02 9.537489e-01 -8.911348e-01
9.549863e-01 -2.019711e-01 -2.172760e-01 -2.035733e+01 1.991333e-01 9.793431e-01 -3.511385e-02 7.589488e-01 2.198798e-01 -9.733652e-03 9.754784e-01 -8.237574e-01
9.783387e-01 1.962672e-01 -6.582203e-02 -2.084653e+01 -1.934539e-01 9.799948e-01 4.675321e-02 7.780658e-01 7.368136e-02 -3.300695e-02 9.967355e-01 -7.470404e-01
9.545427e-01 -1.956555e-01 -2.248714e-01 -2.132066e+01 1.779471e-01 9.792781e-01 -9.669112e-02 7.966681e-01 2.391298e-01 5.228059e-02 9.695791e-01 -6.697075e-01
9.664509e-01 1.309708e-01 2.209509e-01 -2.165473e+01 -1.388376e-01 9.901053e-01 2.038869e-02 8.075501e-01 -2.160943e-01 -5.038096e-02 9.750718e-01 -6.911743e-01
9.467119e-01 -1.855521e-01 -2.632624e-01 -2.196818e+01 1.722806e-01 9.823508e-01 -7.284419e-02 8.175924e-01 2.721324e-01 2.360744e-02 9.619702e-01 -6.771892e-01
9.712725e-01 1.285812e-01 2.002414e-01 -2.241337e+01 -1.354862e-01 9.905543e-01 2.111154e-02 8.330782e-01 -1.956354e-01 -4.763501e-02 9.795191e-01 -5.029973e-01
9.582109e-01 -1.801256e-01 -2.222312e-01 -2.261813e+01 1.737111e-01 9.836140e-01 -4.824805e-02 8.384569e-01 2.272804e-01 7.627790e-03 9.737995e-01 -3.345886e-01
9.366427e-01 1.311598e-01 3.248039e-01 -2.244944e+01 -1.348476e-01 9.908026e-01 -1.123594e-02 8.311588e-01 -3.232903e-01 -3.327497e-02 9.457146e-01 -4.074390e-01
5.860449e-01 -5.063820e-02 -8.086947e-01 -2.268270e+01 3.289890e-02 9.987093e-01 -3.869521e-02 8.423756e-01 8.096105e-01 -3.928035e-03 5.869544e-01 -6.245734e-01
8.773890e-01 5.609644e-02 4.764890e-01 -2.324297e+01 -7.012652e-02 9.974695e-01 1.169752e-02 8.675283e-01 -4.746271e-01 -4.367779e-02 8.791026e-01 -6.401774e-01
7.982529e-01 -3.053479e-01 5.191868e-01 -2.348331e+01 3.263488e-01 9.437466e-01 5.327980e-02 8.631526e-01 -5.062497e-01 1.269053e-01 8.529984e-01 -4.299778e-01
9.128954e-01 1.325159e-01 3.860848e-01 -2.347639e+01 -8.106763e-02 9.858549e-01 -1.466910e-01 8.463905e-01 -4.000625e-01 1.026145e-01 9.107251e-01 -9.334581e-02
8.543354e-01 -2.292459e-01 4.664304e-01 -2.321455e+01 1.433496e-01 9.665885e-01 2.125028e-01 8.194449e-01 -4.995617e-01 -1.146861e-01 8.586531e-01 3.036787e-01
9.757801e-01 -6.374589e-04 2.187528e-01 -2.292890e+01 5.211344e-02 9.718823e-01 -2.296277e-01 8.006902e-01 -2.124556e-01 2.354661e-01 9.483767e-01 4.009265e-01
9.579744e-01 -3.561659e-03 2.868314e-01 -2.222681e+01 -7.083507e-02 9.660193e-01 2.485740e-01 7.710538e-01 -2.779701e-01 -2.584452e-01 9.251696e-01 5.612414e-01
9.949808e-01 -3.271108e-02 -9.456858e-02 -2.148209e+01 1.653872e-02 9.858207e-01 -1.669851e-01 7.369387e-01 9.868993e-02 1.645830e-01 9.814136e-01 8.170209e-01
3.623373e-01 -1.377833e-01 9.218066e-01 -2.187601e+01 1.154551e-01 9.880308e-01 1.022996e-01 7.342005e-01 -9.248685e-01 6.936029e-02 3.739082e-01 1.331376e+00
9.537309e-01 -2.120922e-01 -2.131062e-01 -2.251108e+01 2.017385e-01 9.769728e-01 -6.946782e-02 7.518356e-01 2.229325e-01 2.326189e-02 9.745563e-01 1.696572e+00
9.353447e-01 2.815676e-01 -2.141259e-01 -2.217195e+01 -2.247980e-01 9.405090e-01 2.547718e-01 7.357659e-01 2.731228e-01 -1.901644e-01 9.429960e-01 1.947421e+00
9.644044e-01 -1.455521e-01 -2.207683e-01 -2.166573e+01 1.088690e-01 9.793899e-01 -1.701262e-01 7.178235e-01 2.409805e-01 1.400356e-01 9.603741e-01 2.081904e+00
9.882242e-01 1.507854e-01 2.601474e-02 -2.109678e+01 -1.518193e-01 9.450432e-01 2.895589e-01 6.931335e-01 1.907621e-02 -2.900986e-01 9.568066e-01 2.358001e+00
9.444052e-01 -1.798382e-01 2.752398e-01 -2.052890e+01 2.270052e-01 9.622439e-01 -1.501841e-01 6.615791e-01 -2.378390e-01 2.043155e-01 9.495724e-01 2.745501e+00
9.637221e-01 2.491755e-01 -9.566216e-02 -1.986199e+01 -2.145430e-01 9.363979e-01 2.777234e-01 6.311271e-01 1.587797e-01 -2.471246e-01 9.558862e-01 3.065680e+00
9.623824e-01 -1.229899e-01 -2.422675e-01 -1.929628e+01 8.995426e-02 9.856222e-01 -1.430284e-01 6.007803e-01 2.563752e-01 1.158551e-01 9.596090e-01 3.664033e+00
9.684118e-01 1.524406e-01 -1.973332e-01 -1.961120e+01 -7.525992e-02 9.331491e-01 3.515234e-01 5.941589e-01 2.377277e-01 -3.255681e-01 9.151453e-01 5.016190e+00
9.173245e-01 2.701163e-02 -3.972231e-01 -1.997115e+01 -1.115415e-01 9.751782e-01 -1.912744e-01 5.950193e-01 3.821967e-01 2.197675e-01 8.975678e-01 6.509370e+00
7.718924e-01 1.113382e-01 -6.259280e-01 -1.953217e+01 1.723456e-01 9.110329e-01 3.745878e-01 5.654066e-01 6.119470e-01 -3.970174e-01 6.840308e-01 7.514468e+00
9.237128e-01 1.332879e-01 3.591504e-01 -1.937286e+01 -6.899158e-02 9.800710e-01 -1.862819e-01 5.306280e-01 -3.768220e-01 1.472926e-01 9.144999e-01 8.843710e+00
9.807100e-01 -5.241205e-02 -1.883105e-01 -1.923739e+01 1.123325e-01 9.395284e-01 3.235241e-01 4.953519e-01 1.599665e-01 -3.384368e-01 9.272924e-01 1.024985e+01
9.863693e-01 1.461148e-01 7.567107e-02 -1.853150e+01 -1.379948e-01 9.850346e-01 -1.032678e-01 4.467166e-01 -8.962758e-02 9.141797e-02 9.917710e-01 1.139746e+01
9.498758e-01 -4.591391e-02 -3.092376e-01 -1.815337e+01 1.322569e-01 9.552980e-01 2.644121e-01 4.094760e-01 2.832739e-01 -2.920575e-01 9.134869e-01 1.250493e+01
9.621050e-01 2.114462e-01 -1.721757e-01 -1.792555e+01 -2.197084e-01 9.750976e-01 -3.021281e-02 3.815164e-01 1.614997e-01 6.689634e-02 9.846028e-01 1.352572e+01
9.385231e-01 -1.146261e-01 -3.256305e-01 -1.784639e+01 1.733692e-01 9.721885e-01 1.574571e-01 3.589231e-01 2.985256e-01 -2.042314e-01 9.322940e-01 1.448996e+01
9.403552e-01 8.848259e-02 3.284859e-01 -1.735739e+01 -1.735499e-02 9.768032e-01 -2.134345e-01 3.478298e-01 -3.397514e-01 1.950034e-01 9.200776e-01 1.421174e+01
5.490857e-01 -2.720281e-01 7.902567e-01 -1.658631e+01 2.203517e-01 9.592116e-01 1.770824e-01 3.279384e-01 -8.061948e-01 7.690098e-02 5.866312e-01 1.401129e+01
6.203775e-03 4.363420e-01 -8.997595e-01 -1.599452e+01 -2.437231e-01 8.733027e-01 4.218312e-01 2.956504e-01 9.698250e-01 2.166752e-01 1.117644e-01 1.470185e+01
7.033972e-01 -3.310072e-01 6.290203e-01 -1.577032e+01 4.053785e-01 9.137346e-01 2.752003e-02 2.815733e-01 -5.838670e-01 2.356338e-01 7.769016e-01 1.508911e+01
2.279649e-01 5.678159e-01 -7.909596e-01 -1.562205e+01 -1.913045e-01 8.226355e-01 5.354190e-01 2.653699e-01 9.546908e-01 2.925735e-02 2.961577e-01 1.558315e+01
7.405088e-01 -2.818901e-01 6.100694e-01 -1.514694e+01 4.205649e-01 9.024309e-01 -9.350689e-02 2.349671e-01 -5.241868e-01 3.258165e-01 7.868112e-01 1.626295e+01
4.356997e-01 5.770883e-01 -6.907495e-01 -1.495320e+01 -1.742201e-01 8.069778e-01 5.642998e-01 2.124505e-01 8.830703e-01 -1.255228e-01 4.521404e-01 1.689780e+01
6.657991e-01 -2.637410e-01 6.979629e-01 -1.478250e+01 4.958031e-01 8.554332e-01 -1.497106e-01 1.899493e-01 -5.575758e-01 4.457293e-01 7.003103e-01 1.757917e+01
6.072823e-01 6.052705e-01 -5.146414e-01 -1.453854e+01 -2.526159e-01 7.612549e-01 5.972237e-01 1.602749e-01 7.532552e-01 -2.326768e-01 6.151976e-01 1.837288e+01
8.128242e-01 -2.910478e-01 5.045869e-01 -1.374745e+01 4.690623e-01 8.406537e-01 -2.707062e-01 1.320149e-01 -3.453944e-01 4.567192e-01 8.198233e-01 1.862425e+01
5.387304e-01 5.378113e-01 -6.484817e-01 -1.311187e+01 -1.083898e-01 8.075800e-01 5.797121e-01 1.168452e-01 8.354766e-01 -2.420197e-01 4.933612e-01 1.844814e+01
9.277855e-01 -1.342769e-01 3.481147e-01 -1.282188e+01 2.584735e-01 9.041638e-01 -3.401167e-01 9.697737e-02 -2.690829e-01 4.055338e-01 8.735770e-01 1.903545e+01
8.167182e-01 3.969710e-01 -4.187904e-01 -1.211343e+01 -1.000447e-01 8.121825e-01 5.747614e-01 6.289009e-02 5.682978e-01 -4.275204e-01 7.030391e-01 1.952600e+01
9.651836e-01 -7.982414e-02 2.490958e-01 -1.151397e+01 1.729333e-01 9.092156e-01 -3.787097e-01 3.241254e-02 -1.962516e-01 4.086013e-01 8.913643e-01 2.003046e+01
8.090404e-01 3.217721e-01 -4.918499e-01 -1.115359e+01 2.053587e-02 8.208446e-01 5.707822e-01 5.461706e-03 5.873942e-01 -4.718865e-01 6.574886e-01 2.063717e+01
9.224383e-01 -9.876770e-03 3.860181e-01 -1.089826e+01 1.636538e-01 9.154520e-01 -3.676481e-01 -2.429662e-02 -3.497498e-01 4.023060e-01 8.460644e-01 2.144519e+01
2.851776e-01 4.079304e-01 -8.673330e-01 -1.039328e+01 2.533971e-01 8.406249e-01 4.786854e-01 -4.610498e-02 9.243720e-01 -3.562900e-01 1.363590e-01 2.194482e+01
5.209899e-01 1.621748e-01 8.380148e-01 -9.990000e+00 2.431896e-01 9.128910e-01 -3.278549e-01 -7.600554e-02 -8.181860e-01 3.746056e-01 4.361678e-01 2.252257e+01
8.886651e-01 -2.539093e-01 3.818435e-01 -1.152066e+01 1.060709e-01 9.239452e-01 3.675244e-01 -2.234160e-02 -4.461204e-01 -2.861036e-01 8.480102e-01 2.367358e+01
4.222424e-01 -3.321231e-01 8.434486e-01 -1.415770e+01 7.800700e-01 6.070827e-01 -1.514644e-01 9.994615e-02 -4.617382e-01 7.219036e-01 5.154153e-01 2.483893e+01
7.121553e-01 4.766063e-01 -5.154428e-01 -1.608865e+01 -1.759504e-01 8.319689e-01 5.261837e-01 2.003526e-01 6.796148e-01 -2.840321e-01 6.763501e-01 2.591478e+01
9.383673e-01 -1.363355e-01 -3.176153e-01 -1.721296e+01 -2.925736e-02 8.842914e-01 -4.660180e-01 2.533012e-01 3.443992e-01 4.465887e-01 8.258013e-01 2.726251e+01
9.890672e-01 -4.971955e-02 -1.388312e-01 -1.780297e+01 1.158553e-01 8.444466e-01 5.229603e-01 2.720470e-01 9.123419e-02 -5.333272e-01 8.409747e-01 2.854530e+01
-2.557767e-01 1.167842e-02 9.666653e-01 -1.723610e+01 7.825776e-01 5.895713e-01 1.999450e-01 2.292152e-01 -5.675831e-01 8.076319e-01 -1.599379e-01 2.935615e+01
8.503680e-01 5.011404e-01 -1.604135e-01 -1.691782e+01 -4.825677e-01 8.642830e-01 1.419271e-01 2.201164e-01 2.097681e-01 -4.327991e-02 9.767928e-01 2.977807e+01
-8.209837e-01 -2.932901e-01 4.898640e-01 -1.805642e+01 1.728035e-01 6.900984e-01 7.027825e-01 2.517303e-01 -5.441735e-01 6.616231e-01 -5.158780e-01 3.021113e+01
-3.624466e-01 2.863478e-01 -8.869258e-01 -1.886980e+01 -3.277605e-01 8.516837e-01 4.089107e-01 2.831717e-01 8.724709e-01 4.389076e-01 -2.148364e-01 3.152477e+01
8.597514e-01 -4.205171e-01 2.898152e-01 -1.966865e+01 4.455316e-01 8.949679e-01 -2.310828e-02 3.109841e-01 -2.496579e-01 1.489892e-01 9.568036e-01 3.340472e+01
2.251656e-01 4.855749e-01 -8.446997e-01 -2.152576e+01 -1.004532e-01 8.739123e-01 4.755906e-01 3.961656e-01 9.691283e-01 -2.223385e-02 2.455525e-01 3.513564e+01
-6.763058e-01 3.101698e-01 6.681356e-01 -2.275152e+01 6.747157e-01 6.248023e-01 3.929132e-01 4.450872e-01 -2.955829e-01 7.165310e-01 -6.318338e-01 3.559524e+01
5.868405e-01 4.969329e-01 -6.392776e-01 -2.114824e+01 -2.739199e-01 8.648111e-01 4.207964e-01 4.340808e-01 7.619620e-01 -7.182953e-02 6.436260e-01 3.408416e+01
-9.658527e-01 2.118926e-01 -1.490978e-01 -2.173085e+01 5.319413e-02 7.253784e-01 6.862919e-01 4.410560e-01 2.535726e-01 6.549257e-01 -7.118801e-01 3.423710e+01
6.285923e-01 9.505977e-02 -7.719038e-01 -2.379445e+01 -1.821943e-01 9.828828e-01 -2.732632e-02 4.977053e-01 7.560933e-01 1.578135e-01 6.351518e-01 3.498310e+01
-9.435940e-01 3.162092e-01 -9.819410e-02 -2.633554e+01 2.684292e-01 9.041890e-01 3.322470e-01 5.756239e-01 1.938456e-01 2.871481e-01 -9.380671e-01 3.647249e+01
6.769037e-01 2.876861e-01 -6.775235e-01 -2.870872e+01 -1.321626e-03 9.209323e-01 3.897205e-01 6.453158e-01 7.360704e-01 -2.629078e-01 6.237627e-01 3.822446e+01
-8.840755e-01 4.065693e-01 2.304604e-01 -3.068387e+01 4.516211e-01 6.163967e-01 6.450531e-01 7.105989e-01 1.202038e-01 6.743564e-01 -7.285565e-01 3.948792e+01
-8.162480e-01 3.304305e-01 4.738722e-01 -3.071829e+01 5.761528e-01 5.256465e-01 6.258944e-01 6.861952e-01 -4.227467e-02 7.839078e-01 -6.194363e-01 4.101829e+01
-4.783900e-01 2.359596e-01 8.458522e-01 -3.022414e+01 8.184213e-01 4.689640e-01 3.320533e-01 6.384379e-01 -3.183231e-01 8.511144e-01 -4.174621e-01 4.256371e+01
-5.762700e-01 6.609970e-01 4.806202e-01 -2.972972e+01 8.113878e-01 3.923692e-01 4.332392e-01 6.005208e-01 9.778925e-02 6.396321e-01 -7.624356e-01 4.370104e+01
-4.442245e-01 6.770648e-01 5.867264e-01 -2.904007e+01 8.908739e-01 4.032000e-01 2.092210e-01 5.689776e-01 -9.491190e-02 6.156403e-01 -7.822907e-01 4.429468e+01
-4.414467e-01 8.125542e-01 3.806317e-01 -2.889839e+01 8.961441e-01 4.206588e-01 1.413224e-01 5.499102e-01 -4.528391e-02 4.034871e-01 -9.138641e-01 4.508109e+01
-3.101881e-01 7.641369e-01 5.655777e-01 -2.913433e+01 7.398961e-01 5.676035e-01 -3.610818e-01 5.453267e-01 -5.969398e-01 3.064654e-01 -7.414458e-01 4.615373e+01
-3.096686e-01 7.800664e-01 -5.436927e-01 -2.931383e+01 7.899469e-01 5.293213e-01 3.095205e-01 5.357685e-01 5.292346e-01 -3.336396e-01 -7.801252e-01 4.696935e+01
-2.538238e-02 9.584796e-01 -2.840292e-01 -2.985166e+01 2.750554e-01 2.798506e-01 9.197979e-01 5.417133e-01 9.610933e-01 -5.477712e-02 -2.707383e-01 4.697754e+01
-8.036485e-01 5.814252e-01 1.268615e-01 -2.980622e+01 2.489058e-01 1.347710e-01 9.591052e-01 5.315604e-01 5.405507e-01 8.023599e-01 -2.530286e-01 4.695880e+01
-7.483387e-01 4.639263e-01 -4.740902e-01 -2.963878e+01 -4.331492e-01 1.995239e-01 8.789607e-01 5.116417e-01 5.023653e-01 8.631122e-01 5.163784e-02 4.730019e+01
-7.386083e-01 -1.907431e-01 -6.465871e-01 -2.900720e+01 -6.619108e-01 3.870199e-01 6.419421e-01 4.866265e-01 1.277960e-01 9.021267e-01 -4.121111e-01 4.696467e+01
-3.807292e-01 -4.808790e-01 -7.898105e-01 -2.901397e+01 -6.671195e-01 7.343037e-01 -1.254976e-01 4.834194e-01 6.403100e-01 4.791174e-01 -6.003746e-01 4.647652e+01
-8.637153e-01 -3.759699e-01 -3.356226e-01 -2.874968e+01 -2.571874e-01 9.015159e-01 -3.480283e-01 4.646675e-01 4.334172e-01 -2.142795e-01 -8.753478e-01 4.659511e+01
-6.825939e-01 -3.735922e-01 6.280879e-01 -2.800423e+01 -4.717290e-01 8.816652e-01 1.175619e-02 4.403687e-01 -5.581553e-01 -2.882626e-01 -7.780536e-01 4.673886e+01
-4.931695e-01 -3.987700e-01 -7.731535e-01 -2.815624e+01 -1.349048e-01 9.130559e-01 -3.848761e-01 4.328818e-01 8.594094e-01 -8.550709e-02 -5.040873e-01 4.738790e+01
-1.406415e-01 -2.755483e-01 9.509433e-01 -2.764622e+01 -4.634760e-01 8.670705e-01 1.826984e-01 4.112292e-01 -8.748771e-01 -4.150444e-01 -2.496561e-01 4.761526e+01
1.011076e-01 -4.057404e-01 -9.083788e-01 -2.694153e+01 -1.304688e-01 8.997648e-01 -4.164148e-01 3.787557e-01 9.862835e-01 1.606178e-01 3.803658e-02 4.790663e+01
3.940165e-01 -2.585371e-01 8.819918e-01 -2.635153e+01 -3.870869e-01 8.236869e-01 4.143714e-01 3.485740e-01 -8.336155e-01 -5.046766e-01 2.244699e-01 4.846880e+01
3.071142e-02 -2.429353e-01 -9.695562e-01 -2.564049e+01 -5.116235e-01 8.294850e-01 -2.240447e-01 3.244441e-01 8.586607e-01 5.029284e-01 -9.881676e-02 4.867251e+01
1.458945e-01 -5.844785e-01 7.981853e-01 -2.493309e+01 -2.314394e-01 7.642647e-01 6.019429e-01 2.985173e-01 -9.618475e-01 -2.725517e-01 -2.376938e-02 4.878707e+01
-3.105445e-01 -1.317710e-01 -9.413812e-01 -2.435573e+01 -6.964137e-01 7.055886e-01 1.309685e-01 2.807593e-01 6.469700e-01 6.962623e-01 -3.108838e-01 4.884879e+01
-2.235662e-02 -7.732358e-01 6.337244e-01 -2.393602e+01 9.101914e-02 6.296762e-01 7.715073e-01 2.637686e-01 -9.955982e-01 7.492935e-02 5.630182e-02 4.901980e+01
-7.126002e-01 1.677109e-01 -6.812298e-01 -2.362399e+01 -5.382146e-01 4.921783e-01 6.841678e-01 2.533289e-01 4.500289e-01 8.541859e-01 -2.604619e-01 4.918995e+01
-5.260488e-01 -6.090360e-01 5.935889e-01 -2.335059e+01 4.123330e-01 4.277963e-01 8.043456e-01 2.396494e-01 -7.438106e-01 6.678813e-01 2.608394e-02 4.946906e+01
9.366537e-01 1.602056e-01 -3.114707e-01 -2.374898e+01 -3.261875e-01 7.229405e-01 -6.090639e-01 2.263200e-01 1.275993e-01 6.720798e-01 7.294019e-01 5.026212e+01
