9.999636e-01 1.102737e-03 -8.462843e-03 1.479410e-01 -1.097141e-03 9.999992e-01 6.658354e-04 -1.342321e-02 8.463570e-03 -6.565269e-04 9.999640e-01 2.643246e-01
9.999987e-01 -4.552118e-04 -1.525757e-03 3.106567e-01 4.564414e-04 9.999996e-01 8.056444e-04 -1.519141e-02 1.525390e-03 -8.063391e-04 9.999985e-01 3.535303e-02
9.999577e-01 8.728715e-04 -9.156558e-03 5.774163e-01 -8.675272e-04 9.999995e-01 5.876246e-04 -2.152482e-02 9.157066e-03 -5.796569e-04 9.999579e-01 -7.870737e-02
1.000000e+00 1.197070e-04 -9.752124e-05 7.396568e-01 -1.196770e-04 9.999999e-01 3.069647e-04 -3.489833e-02 9.755832e-05 -3.069523e-04 9.999999e-01 1.332427e-01
9.999785e-01 1.943125e-03 -6.258029e-03 8.969623e-01 -1.948847e-03 9.999977e-01 -9.084802e-04 -6.747531e-02 6.256249e-03 9.206559e-04 9.999800e-01 1.134480e+00
9.999829e-01 -1.700441e-04 -5.840416e-03 1.489298e+00 1.782368e-04 9.999990e-01 1.402260e-03 -1.122073e-01 5.840172e-03 -1.403277e-03 9.999820e-01 1.755757e+00
9.999749e-01 2.179488e-03 -6.746386e-03 2.011296e+00 -2.185453e-03 9.999972e-01 -8.768567e-04 -1.490627e-01 6.744456e-03 8.915779e-04 9.999769e-01 2.282611e+00
9.999955e-01 -9.967674e-04 -2.820979e-03 2.283500e+00 1.000928e-03 9.999984e-01 1.473798e-03 -1.639961e-01 2.819506e-03 -1.476615e-03 9.999949e-01 2.483747e+00
9.999854e-01 1.852142e-03 -5.085839e-03 2.446383e+00 -1.855341e-03 9.999981e-01 -6.243288e-04 -1.683691e-01 5.084672e-03 6.337549e-04 9.999869e-01 2.444585e+00
9.999982e-01 -9.922554e-04 -1.613623e-03 2.498489e+00 9.943291e-04 9.999987e-01 1.284784e-03 -1.818848e-01 1.612346e-03 -1.286386e-03 9.999979e-01 2.797044e+00
9.999772e-01 1.559283e-03 -6.562910e-03 2.583189e+00 -1.561920e-03 9.999987e-01 -3.966000e-04 -1.910607e-01 6.562283e-03 4.068410e-04 9.999784e-01 2.979838e+00
9.999976e-01 -8.850634e-04 -1.985284e-03 2.717142e+00 8.876749e-04 9.999987e-01 1.314890e-03 -1.951910e-01 1.984119e-03 -1.316648e-03 9.999972e-01 2.959125e+00
9.999912e-01 1.472295e-03 -3.924376e-03 2.762022e+00 -1.474071e-03 9.999988e-01 -4.496539e-04 -1.952849e-01 3.923709e-03 4.554340e-04 9.999922e-01 2.855887e+00
9.999985e-01 -1.046761e-03 -1.361749e-03 2.668977e+00 1.048517e-03 9.999986e-01 1.289115e-03 -1.884501e-01 1.360398e-03 -1.290540e-03 9.999982e-01 2.857645e+00
9.999953e-01 1.286229e-03 -2.797479e-03 2.477625e+00 -1.288098e-03 9.999989e-01 -6.665576e-04 -1.737449e-01 2.796619e-03 6.701572e-04 9.999959e-01 2.833944e+00
9.999900e-01 -1.195634e-03 -4.313611e-03 2.491096e+00 1.202544e-03 9.999980e-01 1.599781e-03 -1.651742e-01 4.311690e-03 -1.604952e-03 9.999894e-01 2.890112e+00
9.999825e-01 1.778911e-03 -5.636155e-03 2.689343e+00 -1.781699e-03 9.999983e-01 -4.896785e-04 -1.641662e-01 5.635274e-03 4.997111e-04 9.999840e-01 2.922290e+00
9.999913e-01 -9.980238e-04 -4.056881e-03 2.899368e+00 1.003186e-03 9.999987e-01 1.270590e-03 -1.723145e-01 4.055608e-03 -1.274648e-03 9.999910e-01 2.992029e+00
9.999991e-01 1.201032e-03 5.890071e-04 2.724226e+00 -1.200637e-03 9.999991e-01 -6.702277e-04 -1.676154e-01 -5.898119e-04 6.695192e-04 9.999996e-01 3.217473e+00
9.999729e-01 -1.078104e-03 -7.284202e-03 2.690972e+00 1.088997e-03 9.999983e-01 1.491672e-03 -1.607041e-01 7.282581e-03 -1.499563e-03 9.999724e-01 3.365541e+00
9.999860e-01 1.607118e-03 -5.045867e-03 3.082880e+00 -1.607628e-03 9.999987e-01 -9.710237e-05 -1.638541e-01 5.045704e-03 1.052122e-04 9.999873e-01 3.018761e+00
9.999805e-01 -1.116943e-03 -6.143875e-03 3.477843e+00 1.125872e-03 9.999983e-01 1.450024e-03 -1.694992e-01 6.142245e-03 -1.456913e-03 9.999801e-01 2.710339e+00
9.999953e-01 1.724922e-03 -2.535340e-03 3.725090e+00 -1.725571e-03 9.999985e-01 -2.538906e-04 -1.649390e-01 2.534898e-03 2.582636e-04 9.999968e-01 2.036368e+00
9.999532e-01 -1.213281e-03 -9.600652e-03 4.134460e+00 1.229795e-03 9.999978e-01 1.714425e-03 -1.676360e-01 9.598551e-03 -1.726151e-03 9.999524e-01 1.662446e+00
9.999983e-01 1.292543e-03 1.300915e-03 4.261722e+00 -1.291643e-03 9.999989e-01 -6.924312e-04 -1.667210e-01 -1.301809e-03 6.907490e-04 9.999989e-01 1.623568e+00
9.999566e-01 -7.753127e-04 -9.283710e-03 4.313813e+00 7.916823e-04 9.999981e-01 1.759710e-03 -1.592714e-01 9.282329e-03 -1.766983e-03 9.999554e-01 1.399754e+00
9.999991e-01 1.216903e-03 -5.894833e-04 4.609692e+00 -1.217149e-03 9.999992e-01 -4.169884e-04 -1.535385e-01 5.889750e-04 4.177048e-04 9.999997e-01 5.988913e-01
9.999817e-01 -5.199410e-04 -6.020737e-03 4.652823e+00 5.294830e-04 9.999986e-01 1.583358e-03 -1.433827e-01 6.019906e-03 -1.586516e-03 9.999806e-01 -1.200406e-01
9.999872e-01 1.022357e-03 -4.956798e-03 4.931749e+00 -1.023628e-03 9.999994e-01 -2.537770e-04 -1.454848e-01 4.956535e-03 2.588470e-04 9.999877e-01 -2.058553e-01
9.999810e-01 -3.639673e-04 -6.151740e-03 5.168982e+00 3.733798e-04 9.999988e-01 1.528959e-03 -1.443140e-01 6.151176e-03 -1.531226e-03 9.999799e-01 -3.560019e-01
9.999982e-01 9.685076e-04 -1.624777e-03 5.220835e+00 -9.688613e-04 9.999995e-01 -2.168511e-04 -1.379141e-01 1.624566e-03 2.184241e-04 9.999987e-01 -6.927264e-01
9.999976e-01 -8.609614e-04 -2.029457e-03 4.999333e+00 8.626489e-04 9.999993e-01 8.307611e-04 -1.272275e-01 2.028741e-03 -8.325091e-04 9.999976e-01 -4.637319e-01
9.999922e-01 1.099328e-03 -3.794900e-03 4.848680e+00 -1.099124e-03 9.999994e-01 5.599210e-05 -1.152743e-01 3.794959e-03 -5.182130e-05 9.999928e-01 -4.433860e-01
9.999914e-01 -3.637167e-04 -4.119964e-03 4.995860e+00 3.689166e-04 9.999991e-01 1.261423e-03 -1.074535e-01 4.119502e-03 -1.262931e-03 9.999907e-01 -1.236536e+00
9.999922e-01 1.127202e-03 -3.785606e-03 5.163417e+00 -1.126810e-03 9.999994e-01 1.057266e-04 -1.003936e-01 3.785722e-03 -1.014608e-04 9.999928e-01 -1.995417e+00
9.999968e-01 -7.248340e-04 -2.408669e-03 5.093636e+00 7.270523e-04 9.999993e-01 9.201463e-04 -9.769648e-02 2.408001e-03 -9.218939e-04 9.999967e-01 -2.199939e+00
9.999989e-01 1.205997e-03 9.069079e-04 4.486928e+00 -1.206161e-03 9.999993e-01 1.802570e-04 -7.442714e-02 -9.066901e-04 -1.813514e-04 9.999996e-01 -2.463754e+00
9.999883e-01 -5.760089e-04 -4.799720e-03 4.256959e+00 5.808843e-04 9.999993e-01 1.014397e-03 -6.292928e-02 4.799133e-03 -1.017173e-03 9.999880e-01 -3.030732e+00
9.999991e-01 1.221693e-03 -5.546142e-04 4.116286e+00 -1.221618e-03 9.999992e-01 1.363566e-04 -5.323110e-02 5.547800e-04 -1.356797e-04 9.999998e-01 -3.544964e+00
9.999935e-01 -5.127324e-04 -3.564302e-03 4.044403e+00 5.163593e-04 9.999993e-01 1.016677e-03 -4.110122e-02 3.563779e-03 -1.018511e-03 9.999931e-01 -4.610435e+00
9.999959e-01 1.541136e-03 -2.421069e-03 4.166077e+00 -1.540285e-03 9.999988e-01 3.535276e-04 -2.563251e-02 2.421611e-03 -3.497977e-04 9.999970e-01 -5.856797e+00
9.999937e-01 -6.863488e-04 -3.469598e-03 4.308069e+00 6.895935e-04 9.999993e-01 9.340119e-04 -9.828304e-03 3.468954e-03 -9.363979e-04 9.999935e-01 -7.185270e+00
9.999972e-01 1.715776e-03 -1.617860e-03 4.353957e+00 -1.714962e-03 9.999984e-01 5.044167e-04 6.069916e-03 1.618722e-03 -5.016415e-04 9.999986e-01 -8.402283e+00
9.999925e-01 -9.073109e-04 -3.769459e-03 4.281586e+00 9.097759e-04 9.999994e-01 6.522273e-04 1.790944e-02 3.768865e-03 -6.556511e-04 9.999927e-01 -9.111930e+00
9.999987e-01 1.442084e-03 -7.858016e-04 4.107067e+00 -1.441730e-03 9.999989e-01 4.508393e-04 3.020617e-02 7.864505e-04 -4.497065e-04 9.999996e-01 -9.533032e+00
9.999828e-01 -1.133161e-03 -5.752456e-03 4.107235e+00 1.134973e-03 9.999993e-01 3.116741e-04 2.833425e-02 5.752099e-03 -3.181969e-04 9.999834e-01 -9.473132e+00
9.999777e-01 1.397168e-03 6.528440e-03 3.412262e+00 -1.398167e-03 9.999990e-01 1.484067e-04 5.576341e-02 -6.528227e-03 -1.575319e-04 9.999787e-01 -9.509100e+00
9.999973e-01 -7.713012e-04 -2.177467e-03 2.391663e+00 7.725075e-04 9.999995e-01 5.531557e-04 1.011134e-01 2.177039e-03 -5.548356e-04 9.999975e-01 -9.945285e+00
9.999985e-01 1.367243e-03 -1.101311e-03 2.056816e+00 -1.366599e-03 9.999989e-01 5.858404e-04 1.214376e-01 1.102111e-03 -5.843352e-04 9.999992e-01 -1.043456e+01
9.999996e-01 -7.011331e-04 -4.849817e-04 1.536504e+00 7.013855e-04 9.999996e-01 5.202500e-04 1.471724e-01 4.846171e-04 -5.205893e-04 9.999997e-01 -1.100956e+01
9.999975e-01 1.583328e-03 -1.569216e-03 1.097352e+00 -1.582298e-03 9.999985e-01 6.573342e-04 1.724374e-01 1.570254e-03 -6.548503e-04 9.999986e-01 -1.181475e+01
9.999992e-01 -6.476987e-04 -1.046976e-03 7.993374e-01 6.482311e-04 9.999997e-01 5.080459e-04 1.941928e-01 1.046647e-03 -5.087235e-04 9.999993e-01 -1.276632e+01
9.999976e-01 1.196559e-03 -1.823997e-03 4.909705e-01 -1.195701e-03 9.999992e-01 4.715501e-04 2.089128e-01 1.824560e-03 -4.693687e-04 9.999982e-01 -1.310436e+01
9.999954e-01 -7.493891e-04 -2.943796e-03 3.423366e-01 7.511405e-04 9.999995e-01 5.938666e-04 2.195964e-01 2.943350e-03 -5.960743e-04 9.999955e-01 -1.336439e+01
9.999905e-01 1.283239e-03 -4.173057e-03 4.391248e-01 -1.280717e-03 9.999990e-01 6.070350e-04 2.269811e-01 4.173832e-03 -6.016855e-04 9.999911e-01 -1.383238e+01
9.999910e-01 -5.385077e-04 -4.220159e-03 6.636179e-01 5.408658e-04 9.999997e-01 5.575980e-04 2.343669e-01 4.219858e-03 -5.598748e-04 9.999909e-01 -1.440610e+01
9.999993e-01 9.765802e-04 6.384688e-04 4.868371e-01 -9.768119e-04 9.999995e-01 3.624974e-04 2.475606e-01 -6.381148e-04 -3.631215e-04 9.999997e-01 -1.476604e+01
9.999987e-01 -6.168800e-04 -1.515416e-03 -1.179697e-01 6.177163e-04 9.999997e-01 5.513852e-04 2.709364e-01 1.515076e-03 -5.523199e-04 9.999987e-01 -1.494968e+01
9.999988e-01 1.049555e-03 -1.099682e-03 -3.256428e-01 -1.049742e-03 9.999994e-01 -1.692389e-04 2.757190e-01 1.099504e-03 1.703924e-04 9.999994e-01 -1.490312e+01
9.999982e-01 -2.263820e-05 -1.884261e-03 -3.568324e-01 2.269471e-05 1.000000e+00 2.988444e-05 2.748824e-01 1.884260e-03 -2.992645e-05 9.999982e-01 -1.482011e+01
9.999925e-01 6.001018e-04 -3.830191e-03 -4.116892e-01 -5.954635e-04 9.999991e-01 1.212070e-03 2.837436e-01 3.830915e-03 -1.209781e-03 9.999919e-01 -1.498325e+01
9.999852e-01 -7.147440e-05 -5.440250e-03 -2.248922e-01 6.947084e-05 9.999999e-01 -3.685030e-04 2.820666e-01 5.440276e-03 3.681203e-04 9.999851e-01 -1.502288e+01
9.999904e-01 2.978026e-04 4.382371e-03 -6.160480e-01 -3.016569e-04 9.999996e-01 8.788254e-04 3.000281e-01 -4.382108e-03 -8.801395e-04 9.999900e-01 -1.499345e+01
9.999697e-01 -3.631745e-05 -7.784697e-03 -8.829609e-01 3.493443e-05 1.000000e+00 -1.778152e-04 3.159602e-01 7.784703e-03 1.775385e-04 9.999697e-01 -1.487856e+01
9.999962e-01 6.380561e-04 2.693177e-03 -9.023975e-01 -6.395842e-04 9.999996e-01 5.665303e-04 3.066176e-01 -2.692814e-03 -5.682514e-04 9.999962e-01 -1.444448e+01
9.999826e-01 -3.688690e-06 -5.904338e-03 -1.031717e+00 -3.359354e-07 9.999998e-01 -6.816649e-04 3.029115e-01 5.904339e-03 6.816557e-04 9.999823e-01 -1.386975e+01
9.999968e-01 4.456140e-04 2.497443e-03 -1.278405e+00 -4.484592e-04 9.999993e-01 1.138745e-03 3.088275e-01 -2.496934e-03 -1.139862e-03 9.999962e-01 -1.365991e+01
9.999709e-01 9.572758e-05 -7.621896e-03 -1.294895e+00 -1.022566e-04 9.999996e-01 -8.562442e-04 3.008263e-01 7.621812e-03 8.569994e-04 9.999706e-01 -1.324317e+01
9.999930e-01 5.192116e-04 3.695197e-03 -1.416252e+00 -5.235705e-04 9.999992e-01 1.178681e-03 2.992385e-01 -3.694582e-03 -1.180608e-03 9.999925e-01 -1.277898e+01
9.999760e-01 -5.186119e-04 -6.906247e-03 -1.711657e+00 5.149421e-04 9.999997e-01 -5.331584e-04 3.134363e-01 6.906522e-03 5.295899e-04 9.999760e-01 -1.267453e+01
9.999946e-01 7.590087e-04 3.209792e-03 -2.054946e+00 -7.635411e-04 9.999987e-01 1.411015e-03 3.254240e-01 -3.208718e-03 -1.413458e-03 9.999939e-01 -1.273939e+01
9.999815e-01 -5.150888e-04 -6.067844e-03 -2.429273e+00 5.108488e-04 9.999996e-01 -7.003297e-04 3.416094e-01 6.068202e-03 6.972177e-04 9.999813e-01 -1.262227e+01
9.999897e-01 9.221057e-04 -4.440238e-03 -2.108315e+00 -9.154624e-04 9.999985e-01 1.497995e-03 3.190798e-01 4.441613e-03 -1.493916e-03 9.999890e-01 -1.229434e+01
9.999853e-01 -2.880147e-04 -5.405381e-03 -1.867566e+00 2.825798e-04 9.999995e-01 -1.006235e-03 3.043344e-01 5.405668e-03 1.004693e-03 9.999849e-01 -1.204265e+01
9.999985e-01 4.631170e-04 1.673395e-03 -2.199020e+00 -4.663286e-04 9.999980e-01 1.919226e-03 3.167603e-01 -1.672504e-03 -1.920004e-03 9.999968e-01 -1.208365e+01
9.999806e-01 -2.188588e-04 -6.226035e-03 -2.498135e+00 2.122626e-04 9.999994e-01 -1.060118e-03 3.326681e-01 6.226263e-03 1.058777e-03 9.999801e-01 -1.221100e+01
9.999862e-01 3.852249e-04 5.239417e-03 -2.986366e+00 -3.947810e-04 9.999983e-01 1.822933e-03 3.537894e-01 -5.238706e-03 -1.824977e-03 9.999846e-01 -1.217557e+01
9.999727e-01 -1.164201e-04 -7.385081e-03 -3.375004e+00 1.066575e-04 9.999991e-01 -1.322336e-03 3.699116e-01 7.385229e-03 1.321513e-03 9.999719e-01 -1.201405e+01
9.999877e-01 3.851042e-04 4.946563e-03 -3.533902e+00 -3.915080e-04 9.999991e-01 1.293673e-03 3.717795e-01 -4.946061e-03 -1.295594e-03 9.999869e-01 -1.152164e+01
9.999806e-01 6.155594e-05 -6.234779e-03 -3.800210e+00 -6.974488e-05 9.999991e-01 -1.313250e-03 3.783002e-01 6.234693e-03 1.313660e-03 9.999797e-01 -1.092177e+01
9.999916e-01 -5.620680e-05 4.100928e-03 -4.157344e+00 4.930463e-05 9.999986e-01 1.683111e-03 3.969128e-01 -4.101017e-03 -1.682895e-03 9.999902e-01 -1.069376e+01
9.999667e-01 2.423877e-04 -8.161962e-03 -4.453918e+00 -2.514799e-04 9.999993e-01 -1.112986e-03 4.089988e-01 8.161687e-03 1.115002e-03 9.999661e-01 -1.058073e+01
9.998326e-01 -3.564618e-04 1.829250e-02 -5.853863e+00 3.463287e-04 9.999998e-01 5.571065e-04 4.840410e-01 -1.829269e-02 -5.506787e-04 9.998325e-01 -1.035752e+01
9.999397e-01 3.154812e-04 -1.097434e-02 -7.010978e+00 -3.245763e-04 9.999996e-01 -8.270029e-04 5.458249e-01 1.097407e-02 8.305157e-04 9.999394e-01 -1.015516e+01
9.999496e-01 -1.684248e-04 1.003492e-02 -7.477033e+00 1.544790e-04 9.999990e-01 1.390471e-03 5.670426e-01 -1.003515e-02 -1.388851e-03 9.999487e-01 -1.002507e+01
9.999252e-01 4.018594e-04 -1.222179e-02 -7.872602e+00 -4.111872e-04 9.999996e-01 -7.607216e-04 5.827770e-01 1.222148e-02 7.656909e-04 9.999250e-01 -9.934790e+00
9.999013e-01 -2.930846e-04 1.404847e-02 -8.641993e+00 2.780716e-04 9.999994e-01 1.070591e-03 6.198565e-01 -1.404877e-02 -1.066579e-03 9.999007e-01 -9.876059e+00
9.999356e-01 5.662448e-04 -1.133534e-02 -9.529218e+00 -5.710968e-04 9.999997e-01 -4.248257e-04 6.605442e-01 1.133510e-02 4.312726e-04 9.999357e-01 -1.002439e+01
9.999264e-01 -1.886813e-04 1.212772e-02 -1.017047e+01 1.753989e-04 9.999994e-01 1.096248e-03 6.941350e-01 -1.212792e-02 -1.094041e-03 9.999259e-01 -1.032248e+01
9.998932e-01 5.951842e-04 -1.459949e-02 -1.051488e+01 -5.987850e-04 9.999998e-01 -2.422782e-04 7.139566e-01 1.459934e-02 2.509950e-04 9.998934e-01 -1.053585e+01
9.999536e-01 -2.407502e-04 9.625547e-03 -1.068790e+01 2.290533e-04 9.999992e-01 1.216257e-03 7.230228e-01 -9.625833e-03 -1.213997e-03 9.999529e-01 -1.075160e+01
9.998802e-01 7.844972e-04 -1.545668e-02 -1.075918e+01 -7.874648e-04 9.999997e-01 -1.859201e-04 7.299490e-01 1.545653e-02 1.980701e-04 9.998805e-01 -1.103046e+01
9.999485e-01 -2.332456e-04 1.015044e-02 -1.083085e+01 2.216819e-04 9.999993e-01 1.140332e-03 7.323752e-01 -1.015070e-02 -1.138023e-03 9.999478e-01 -1.126555e+01
9.998818e-01 8.239611e-04 -1.535495e-02 -1.097419e+01 -8.245243e-04 9.999997e-01 -3.036187e-05 7.392859e-01 1.535492e-02 4.301951e-05 9.998821e-01 -1.153827e+01
9.999727e-01 -3.112005e-04 7.377569e-03 -1.089618e+01 3.014148e-04 9.999991e-01 1.327463e-03 7.405292e-01 -7.377976e-03 -1.325204e-03 9.999719e-01 -1.183638e+01
9.998915e-01 1.033931e-03 -1.469375e-02 -1.091426e+01 -1.034299e-03 9.999995e-01 -1.743330e-05 7.467645e-01 1.469373e-02 3.262983e-05 9.998920e-01 -1.226337e+01
9.999723e-01 -4.617295e-04 7.427009e-03 -1.086448e+01 4.515247e-04 9.999990e-01 1.375601e-03 7.511716e-01 -7.427637e-03 -1.372210e-03 9.999715e-01 -1.270654e+01
9.999311e-01 8.637089e-04 -1.170661e-02 -1.101222e+01 -8.716591e-04 9.999994e-01 -6.740578e-04 7.565194e-01 1.170603e-02 6.842162e-04 9.999312e-01 -1.276647e+01
9.999827e-01 -4.314086e-04 5.860218e-03 -1.100351e+01 4.228327e-04 9.999988e-01 1.464526e-03 7.492184e-01 -5.860844e-03 -1.462024e-03 9.999818e-01 -1.253779e+01
9.999218e-01 8.716970e-04 -1.247281e-02 -1.105697e+01 -8.792649e-04 9.999994e-01 -6.012959e-04 7.447556e-01 1.247228e-02 6.122165e-04 9.999220e-01 -1.240774e+01
9.999774e-01 -4.939653e-04 6.706903e-03 -1.115368e+01 4.826611e-04 9.999985e-01 1.686938e-03 7.494664e-01 -6.707727e-03 -1.683663e-03 9.999761e-01 -1.263737e+01
9.999020e-01 8.115926e-04 -1.397511e-02 -1.111425e+01 -8.230175e-04 9.999993e-01 -8.118051e-04 7.425094e-01 1.397444e-02 8.232280e-04 9.999020e-01 -1.248557e+01
9.999845e-01 -4.979092e-04 5.541793e-03 -1.102291e+01 4.883320e-04 9.999984e-01 1.729353e-03 7.388927e-01 -5.542645e-03 -1.726621e-03 9.999831e-01 -1.248122e+01
9.998943e-01 1.187693e-03 -1.448904e-02 -1.084598e+01 -1.195435e-03 9.999991e-01 -5.257439e-04 7.410864e-01 1.448841e-02 5.430098e-04 9.998949e-01 -1.300950e+01
9.999519e-01 -1.160439e-04 9.808443e-03 -1.086951e+01 9.833389e-05 9.999984e-01 1.806026e-03 7.555947e-01 -9.808637e-03 -1.804975e-03 9.999503e-01 -1.419677e+01
9.999221e-01 7.751455e-04 -1.245733e-02 -1.115856e+01 -7.847700e-04 9.999994e-01 -7.677455e-04 7.732928e-01 1.245673e-02 7.774626e-04 9.999221e-01 -1.497912e+01
9.999660e-01 -8.715590e-06 8.250506e-03 -1.144203e+01 -7.293502e-06 9.999981e-01 1.940319e-03 7.865809e-01 -8.250507e-03 -1.940314e-03 9.999641e-01 -1.552612e+01
9.999335e-01 1.151022e-03 -1.147843e-02 -1.170999e+01 -1.157461e-03 9.999992e-01 -5.543455e-04 8.045574e-01 1.147778e-02 5.675951e-04 9.999340e-01 -1.661895e+01
9.999761e-01 -3.405208e-04 6.901947e-03 -1.180922e+01 3.317368e-04 9.999991e-01 1.273758e-03 8.007794e-01 -6.902375e-03 -1.271438e-03 9.999754e-01 -1.656769e+01
9.999050e-01 1.209939e-03 -1.373127e-02 -1.175511e+01 -1.216924e-03 9.999991e-01 -5.003771e-04 7.983246e-01 1.373066e-02 5.170401e-04 9.999056e-01 -1.697732e+01
9.999305e-01 7.667691e-05 1.179225e-02 -1.193933e+01 -9.874844e-05 9.999982e-01 1.871109e-03 8.209660e-01 -1.179208e-02 -1.872144e-03 9.999287e-01 -1.854463e+01
9.999147e-01 1.157296e-03 -1.300784e-02 -1.227865e+01 -1.166751e-03 9.999991e-01 -7.193158e-04 8.462678e-01 1.300700e-02 7.344320e-04 9.999151e-01 -1.991685e+01
9.999341e-01 -4.547801e-04 1.147269e-02 -1.255422e+01 4.357842e-04 9.999985e-01 1.658173e-03 8.670809e-01 -1.147343e-02 -1.653065e-03 9.999328e-01 -2.086730e+01
9.999952e-01 6.258341e-04 -3.034283e-03 -1.389208e+01 -6.312087e-04 9.999982e-01 -1.770735e-03 9.307516e-01 3.033169e-03 1.772642e-03 9.999938e-01 -2.115865e+01
9.999155e-01 -2.659576e-04 1.299645e-02 -1.532941e+01 2.420195e-04 9.999983e-01 1.843416e-03 1.001559e+00 -1.299692e-02 -1.840116e-03 9.999138e-01 -2.160432e+01
9.998811e-01 9.452223e-04 -1.539390e-02 -1.571795e+01 -9.575583e-04 9.999992e-01 -7.940190e-04 1.022384e+00 1.539314e-02 8.086658e-04 9.998812e-01 -2.219474e+01
9.999844e-01 -2.529439e-04 5.588553e-03 -1.546729e+01 2.404460e-04 9.999975e-01 2.236868e-03 1.026561e+00 -5.589105e-03 -2.235490e-03 9.999819e-01 -2.278418e+01
9.999230e-01 9.279221e-04 -1.237389e-02 -1.542093e+01 -9.398599e-04 9.999991e-01 -9.589933e-04 1.036809e+00 1.237298e-02 9.705498e-04 9.999230e-01 -2.365277e+01
9.999588e-01 -1.124842e-04 9.075396e-03 -1.558010e+01 9.232505e-05 9.999975e-01 2.221664e-03 1.053213e+00 -9.075624e-03 -2.220735e-03 9.999563e-01 -2.463242e+01
9.998541e-01 8.263839e-04 -1.706122e-02 -1.533970e+01 -8.520744e-04 9.999985e-01 -1.498583e-03 1.040159e+00 1.705995e-02 1.512903e-03 9.998533e-01 -2.446119e+01
9.999888e-01 9.441235e-05 4.724294e-03 -1.494826e+01 -1.056897e-04 9.999971e-01 2.386859e-03 1.028907e+00 -4.724055e-03 -2.387333e-03 9.999860e-01 -2.443807e+01
9.999033e-01 4.318362e-04 -1.389892e-02 -1.467740e+01 -4.446530e-04 9.999995e-01 -9.190850e-04 1.036242e+00 1.389851e-02 9.251770e-04 9.999030e-01 -2.527422e+01
9.998676e-01 -6.200243e-05 1.626982e-02 -1.553327e+01 3.575468e-05 9.999987e-01 1.613550e-03 1.076864e+00 -1.626990e-02 -1.612756e-03 9.998663e-01 -2.579425e+01
9.998884e-01 7.592054e-04 -1.491757e-02 -1.622234e+01 -7.702494e-04 9.999994e-01 -7.346188e-04 1.113093e+00 1.491700e-02 7.460277e-04 9.998885e-01 -2.649024e+01
9.999349e-01 1.208979e-04 1.140970e-02 -1.636619e+01 -1.428642e-04 9.999981e-01 1.924413e-03 1.131997e+00 -1.140945e-02 -1.925918e-03 9.999331e-01 -2.760717e+01
9.998646e-01 5.257829e-04 -1.644681e-02 -1.644525e+01 -5.384740e-04 9.999996e-01 -7.672411e-04 1.145227e+00 1.644640e-02 7.759941e-04 9.998644e-01 -2.838837e+01
9.999620e-01 1.253312e-04 8.712558e-03 -1.626282e+01 -1.427879e-04 9.999980e-01 2.003003e-03 1.152261e+00 -8.712290e-03 -2.004171e-03 9.999600e-01 -2.909755e+01
9.998544e-01 5.086170e-04 -1.705559e-02 -1.610765e+01 -5.212191e-04 9.999996e-01 -7.344568e-04 1.159425e+00 1.705521e-02 7.432402e-04 9.998543e-01 -2.972400e+01
9.999676e-01 5.912003e-05 8.051312e-03 -1.587648e+01 -7.580254e-05 9.999979e-01 2.071704e-03 1.163828e+00 -8.051172e-03 -2.072248e-03 9.999654e-01 -3.036192e+01
9.998431e-01 7.251531e-04 -1.769887e-02 -1.564147e+01 -7.385770e-04 9.999994e-01 -7.519459e-04 1.164592e+00 1.769832e-02 7.649005e-04 9.998431e-01 -3.076595e+01
9.999625e-01 -1.515885e-04 8.658557e-03 -1.544893e+01 1.339859e-04 9.999979e-01 2.033476e-03 1.165615e+00 -8.658848e-03 -2.032240e-03 9.999604e-01 -3.119850e+01
9.998364e-01 1.029452e-03 -1.806091e-02 -1.521639e+01 -1.043880e-03 9.999991e-01 -7.894940e-04 1.164922e+00 1.806009e-02 8.082190e-04 9.998366e-01 -3.158520e+01
9.999645e-01 -1.004733e-05 8.420226e-03 -1.501132e+01 -2.522514e-06 9.999989e-01 1.492773e-03 1.152387e+00 -8.420232e-03 -1.492742e-03 9.999634e-01 -3.141292e+01
9.998401e-01 1.356188e-03 -1.783304e-02 -1.480369e+01 -1.371883e-03 9.999987e-01 -8.679454e-04 1.136461e+00 1.783184e-02 8.922721e-04 9.998406e-01 -3.114623e+01
9.999660e-01 -4.336444e-04 8.233956e-03 -1.459240e+01 4.199265e-04 9.999985e-01 1.667639e-03 1.125274e+00 -8.234667e-03 -1.664125e-03 9.999647e-01 -3.104200e+01
9.998114e-01 1.171726e-03 -1.938377e-02 -1.426541e+01 -1.180641e-03 9.999992e-01 -4.485226e-04 1.122309e+00 1.938323e-02 4.713240e-04 9.998120e-01 -3.128331e+01
9.999660e-01 -3.040107e-04 8.235776e-03 -1.395915e+01 2.908057e-04 9.999987e-01 1.604477e-03 1.113746e+00 -8.236253e-03 -1.602028e-03 9.999648e-01 -3.131599e+01
9.998718e-01 1.459332e-03 -1.594585e-02 -1.382631e+01 -1.478784e-03 9.999982e-01 -1.208193e-03 1.095737e+00 1.594406e-02 1.231619e-03 9.998721e-01 -3.088778e+01
9.999727e-01 -2.621367e-04 7.378052e-03 -1.367250e+01 2.498423e-04 9.999986e-01 1.667183e-03 1.076660e+00 -7.378479e-03 -1.665295e-03 9.999714e-01 -3.044734e+01
9.998742e-01 1.210561e-03 -1.581601e-02 -1.348403e+01 -1.234312e-03 9.999981e-01 -1.492043e-03 1.056581e+00 1.581418e-02 1.511378e-03 9.998738e-01 -2.996897e+01
9.999547e-01 -3.500416e-05 9.513839e-03 -1.341281e+01 1.875467e-05 9.999985e-01 1.708039e-03 1.037125e+00 -9.513885e-03 -1.707784e-03 9.999533e-01 -2.941211e+01
9.998844e-01 7.803107e-04 -1.518803e-02 -1.339631e+01 -7.998094e-04 9.999989e-01 -1.277804e-03 1.026425e+00 1.518702e-02 1.289805e-03 9.998838e-01 -2.898477e+01
9.999583e-01 -4.265433e-04 9.123133e-03 -1.341429e+01 4.094117e-04 9.999981e-01 1.879578e-03 1.026985e+00 -9.123918e-03 -1.875765e-03 9.999566e-01 -2.876485e+01
9.999649e-01 4.890169e-04 -8.364100e-03 -1.399599e+01 -5.037562e-04 9.999983e-01 -1.760232e-03 1.056021e+00 8.363226e-03 1.764385e-03 9.999635e-01 -2.845972e+01
9.999479e-01 -5.965496e-04 1.019139e-02 -1.458032e+01 5.780116e-04 9.999982e-01 1.821804e-03 1.088413e+00 -1.019246e-02 -1.815819e-03 9.999464e-01 -2.813510e+01
9.998840e-01 8.024136e-04 -1.521107e-02 -1.471338e+01 -8.191478e-04 9.999991e-01 -1.093955e-03 1.091913e+00 1.521018e-02 1.106289e-03 9.998837e-01 -2.803470e+01
9.999120e-01 -6.881405e-04 1.324878e-02 -1.503495e+01 6.657853e-04 9.999983e-01 1.691654e-03 1.105186e+00 -1.324993e-02 -1.682685e-03 9.999108e-01 -2.794641e+01
9.998143e-01 9.272075e-04 -1.924928e-02 -1.508952e+01 -9.402251e-04 9.999993e-01 -6.672391e-04 1.108536e+00 1.924865e-02 6.852145e-04 9.998145e-01 -2.810754e+01
9.999329e-01 -4.414812e-04 1.157508e-02 -1.497975e+01 4.190755e-04 9.999980e-01 1.938013e-03 1.114709e+00 -1.157591e-02 -1.933033e-03 9.999311e-01 -2.871318e+01
9.998768e-01 6.207941e-04 -1.568586e-02 -1.517899e+01 -6.396307e-04 9.999991e-01 -1.195894e-03 1.121311e+00 1.568510e-02 1.205780e-03 9.998763e-01 -2.867152e+01
9.998891e-01 -5.520152e-04 1.488030e-02 -1.560262e+01 5.303604e-04 9.999988e-01 1.459150e-03 1.141061e+00 -1.488109e-02 -1.451097e-03 9.998882e-01 -2.843628e+01
9.999122e-01 4.614329e-04 -1.324595e-02 -1.619344e+01 -4.771016e-04 9.999992e-01 -1.179796e-03 1.169499e+00 1.324540e-02 1.186012e-03 9.999116e-01 -2.827323e+01
9.999041e-01 -3.678826e-04 1.384138e-02 -1.674968e+01 3.449388e-04 9.999986e-01 1.659953e-03 1.191210e+00 -1.384197e-02 -1.655020e-03 9.999028e-01 -2.823567e+01
9.999201e-01 3.989307e-04 -1.263183e-02 -1.732932e+01 -4.148011e-04 9.999991e-01 -1.253803e-03 1.214923e+00 1.263132e-02 1.258944e-03 9.999194e-01 -2.818830e+01
9.999208e-01 -3.445959e-04 1.258070e-02 -1.779616e+01 3.235317e-04 9.999985e-01 1.676307e-03 1.234523e+00 -1.258126e-02 -1.672105e-03 9.999195e-01 -2.813316e+01
9.999147e-01 3.898621e-04 -1.305431e-02 -1.825307e+01 -4.074896e-04 9.999990e-01 -1.347706e-03 1.255136e+00 1.305377e-02 1.352911e-03 9.999139e-01 -2.797974e+01
9.999239e-01 -3.843312e-04 1.232728e-02 -1.862437e+01 3.660247e-04 9.999988e-01 1.487238e-03 1.273641e+00 -1.232784e-02 -1.482613e-03 9.999229e-01 -2.766050e+01
9.998884e-01 6.414131e-04 -1.492755e-02 -1.880883e+01 -6.599652e-04 9.999990e-01 -1.237937e-03 1.279495e+00 1.492674e-02 1.247651e-03 9.998878e-01 -2.731555e+01
9.999392e-01 -4.894339e-04 1.101215e-02 -1.901106e+01 4.701497e-04 9.999984e-01 1.753667e-03 1.289313e+00 -1.101299e-02 -1.748383e-03 9.999378e-01 -2.717989e+01
9.999275e-01 6.292868e-04 -1.202599e-02 -1.944871e+01 -6.428351e-04 9.999992e-01 -1.122776e-03 1.305983e+00 1.202527e-02 1.130426e-03 9.999271e-01 -2.716625e+01
9.999508e-01 -7.009885e-04 9.894915e-03 -1.984044e+01 6.841951e-04 9.999983e-01 1.700423e-03 1.324399e+00 -9.896091e-03 -1.693570e-03 9.999496e-01 -2.716929e+01
9.999119e-01 5.031185e-04 -1.326625e-02 -2.002275e+01 -5.170231e-04 9.999993e-01 -1.044733e-03 1.334523e+00 1.326572e-02 1.051500e-03 9.999115e-01 -2.728533e+01
9.999390e-01 -2.699164e-04 1.104381e-02 -2.023846e+01 2.560414e-04 9.999992e-01 1.257731e-03 1.341613e+00 -1.104414e-02 -1.254827e-03 9.999382e-01 -2.692084e+01
9.999657e-01 2.168219e-04 -8.280441e-03 -2.099170e+01 -2.274801e-04 9.999991e-01 -1.286271e-03 1.378322e+00 8.280155e-03 1.288111e-03 9.999649e-01 -2.672354e+01
9.999659e-01 -1.386429e-04 8.260021e-03 -2.150385e+01 1.236209e-04 9.999983e-01 1.819093e-03 1.400506e+00 -8.260259e-03 -1.818011e-03 9.999642e-01 -2.666340e+01
9.999479e-01 2.946000e-04 -1.020630e-02 -2.188271e+01 -3.080684e-04 9.999991e-01 -1.318089e-03 1.417356e+00 1.020591e-02 1.321165e-03 9.999470e-01 -2.652009e+01
9.999742e-01 -2.535866e-04 7.180138e-03 -2.218952e+01 2.401809e-04 9.999982e-01 1.867821e-03 1.434304e+00 -7.180599e-03 -1.866049e-03 9.999725e-01 -2.638615e+01
9.999228e-01 4.632952e-04 -1.241947e-02 -2.236493e+01 -4.768672e-04 9.999993e-01 -1.089889e-03 1.445118e+00 1.241895e-02 1.095728e-03 9.999223e-01 -2.642956e+01
9.999509e-01 -3.500952e-04 9.899355e-03 -2.269532e+01 3.330305e-04 9.999985e-01 1.725382e-03 1.459675e+00 -9.899944e-03 -1.722001e-03 9.999495e-01 -2.643031e+01
9.999240e-01 3.830686e-04 -1.231926e-02 -2.300838e+01 -3.984682e-04 9.999991e-01 -1.247634e-03 1.474247e+00 1.231877e-02 1.252449e-03 9.999233e-01 -2.636591e+01
9.999191e-01 -2.483169e-04 1.272012e-02 -2.357078e+01 2.277210e-04 9.999987e-01 1.620558e-03 1.500889e+00 -1.272050e-02 -1.617531e-03 9.999178e-01 -2.622856e+01
9.999003e-01 3.597529e-04 -1.411445e-02 -2.400911e+01 -3.738052e-04 9.999994e-01 -9.929928e-04 1.530536e+00 1.411409e-02 9.981705e-04 9.998999e-01 -2.625941e+01
9.999894e-01 2.024985e-04 4.596600e-03 -2.378814e+01 -2.146970e-04 9.999965e-01 2.653414e-03 1.540011e+00 -4.596046e-03 -2.654374e-03 9.999859e-01 -2.692175e+01
9.999112e-01 6.964256e-05 -1.332734e-02 -2.360758e+01 -8.556699e-05 9.999993e-01 -1.194325e-03 1.544185e+00 1.332725e-02 1.195360e-03 9.999105e-01 -2.750931e+01
9.999719e-01 1.097909e-04 7.493169e-03 -2.362007e+01 -1.260606e-04 9.999976e-01 2.170796e-03 1.549818e+00 -7.492913e-03 -2.171681e-03 9.999696e-01 -2.776915e+01
9.999450e-01 -1.029833e-04 -1.048410e-02 -2.389453e+01 8.529627e-05 9.999986e-01 -1.687495e-03 1.564928e+00 1.048426e-02 1.686509e-03 9.999436e-01 -2.762747e+01
9.999710e-01 3.336157e-04 7.605340e-03 -2.416498e+01 -3.513247e-04 9.999972e-01 2.327243e-03 1.575061e+00 -7.604543e-03 -2.329849e-03 9.999684e-01 -2.763863e+01
9.999241e-01 -4.025284e-05 -1.232440e-02 -2.431899e+01 2.193697e-05 9.999989e-01 -1.486302e-03 1.587151e+00 1.232445e-02 1.485920e-03 9.999229e-01 -2.794409e+01
9.999872e-01 3.754884e-04 5.050142e-03 -2.428034e+01 -3.902027e-04 9.999957e-01 2.912904e-03 1.596100e+00 -5.049026e-03 -2.914838e-03 9.999830e-01 -2.863244e+01
9.999115e-01 2.238386e-04 -1.330491e-02 -2.411910e+01 -2.455315e-04 9.999986e-01 -1.628855e-03 1.602262e+00 1.330453e-02 1.631978e-03 9.999102e-01 -2.932396e+01
9.999859e-01 5.393667e-04 5.286245e-03 -2.396295e+01 -5.554208e-04 9.999952e-01 3.035895e-03 1.609844e+00 -5.284582e-03 -3.038789e-03 9.999814e-01 -3.011763e+01
9.999266e-01 1.943392e-04 -1.211064e-02 -2.392393e+01 -2.146756e-04 9.999986e-01 -1.677966e-03 1.617639e+00 1.211029e-02 1.680444e-03 9.999253e-01 -3.080581e+01
9.999910e-01 4.429921e-04 4.222006e-03 -2.383381e+01 -4.555530e-04 9.999955e-01 2.974538e-03 1.619687e+00 -4.220670e-03 -2.976435e-03 9.999867e-01 -3.118098e+01
9.999219e-01 2.014665e-04 -1.249556e-02 -2.368061e+01 -2.230823e-04 9.999985e-01 -1.728531e-03 1.622689e+00 1.249519e-02 1.731185e-03 9.999204e-01 -3.165805e+01
9.999830e-01 2.951615e-04 5.815953e-03 -2.365599e+01 -3.124549e-04 9.999955e-01 2.972706e-03 1.632572e+00 -5.815049e-03 -2.974474e-03 9.999787e-01 -3.234916e+01
9.999427e-01 2.295647e-04 -1.070352e-02 -2.375262e+01 -2.494767e-04 9.999982e-01 -1.859057e-03 1.645410e+00 1.070308e-02 1.861621e-03 9.999410e-01 -3.289822e+01
9.999766e-01 1.317524e-04 6.846976e-03 -2.396168e+01 -1.501502e-04 9.999964e-01 2.686505e-03 1.658929e+00 -6.846598e-03 -2.687471e-03 9.999730e-01 -3.315226e+01
9.998957e-01 3.138603e-04 -1.443663e-02 -2.388269e+01 -3.344586e-04 9.999989e-01 -1.424440e-03 1.663503e+00 1.443617e-02 1.429120e-03 9.998948e-01 -3.364092e+01
9.999886e-01 5.907040e-05 4.770330e-03 -2.359577e+01 -7.193404e-05 9.999964e-01 2.696395e-03 1.662350e+00 -4.770154e-03 -2.696708e-03 9.999850e-01 -3.410373e+01
9.999001e-01 3.942504e-04 -1.413224e-02 -2.332040e+01 -4.143380e-04 9.999989e-01 -1.418521e-03 1.665768e+00 1.413166e-02 1.424236e-03 9.998991e-01 -3.476942e+01
9.999783e-01 1.947502e-04 6.587349e-03 -2.312892e+01 -2.118493e-04 9.999966e-01 2.595102e-03 1.672738e+00 -6.586821e-03 -2.596442e-03 9.999749e-01 -3.558068e+01
9.998826e-01 5.062049e-04 -1.531628e-02 -2.290198e+01 -5.253267e-04 9.999991e-01 -1.244487e-03 1.677161e+00 1.531564e-02 1.252388e-03 9.998819e-01 -3.622017e+01
9.999786e-01 1.570167e-04 6.542454e-03 -2.269916e+01 -1.726450e-04 9.999971e-01 2.388192e-03 1.675168e+00 -6.542061e-03 -2.389271e-03 9.999757e-01 -3.654515e+01
9.998934e-01 4.979195e-04 -1.459419e-02 -2.252434e+01 -5.162186e-04 9.999991e-01 -1.250147e-03 1.676399e+00 1.459355e-02 1.257548e-03 9.998927e-01 -3.702771e+01
9.999854e-01 5.573943e-05 5.395789e-03 -2.228236e+01 -6.935912e-05 9.999968e-01 2.523914e-03 1.679100e+00 -5.395631e-03 -2.524252e-03 9.999823e-01 -3.759748e+01
9.999077e-01 5.884306e-04 -1.357069e-02 -2.215038e+01 -6.043774e-04 9.999991e-01 -1.171053e-03 1.683006e+00 1.356999e-02 1.179147e-03 9.999072e-01 -3.815505e+01
9.999775e-01 8.016595e-05 6.700236e-03 -2.206353e+01 -9.629572e-05 9.999971e-01 2.407003e-03 1.689731e+00 -6.700024e-03 -2.407594e-03 9.999747e-01 -3.893099e+01
9.999126e-01 7.047210e-04 -1.320352e-02 -2.200608e+01 -7.183052e-04 9.999992e-01 -1.024145e-03 1.696232e+00 1.320278e-02 1.033540e-03 9.999123e-01 -3.966674e+01
9.999863e-01 -2.235244e-04 5.221121e-03 -2.196738e+01 2.109755e-04 9.999971e-01 2.403837e-03 1.700500e+00 -5.221644e-03 -2.402703e-03 9.999835e-01 -4.005320e+01
9.999355e-01 6.662556e-04 -1.133844e-02 -2.203750e+01 -6.797973e-04 9.999991e-01 -1.190540e-03 1.709373e+00 1.133763e-02 1.198171e-03 9.999350e-01 -4.058105e+01
9.999842e-01 4.603100e-05 5.623440e-03 -2.212235e+01 -5.944196e-05 9.999972e-01 2.384623e-03 1.721009e+00 -5.623314e-03 -2.384920e-03 9.999813e-01 -4.129267e+01
9.998832e-01 -3.969943e-05 -1.528556e-02 -2.167146e+01 1.551596e-05 9.999987e-01 -1.582252e-03 1.716465e+00 1.528560e-02 1.581830e-03 9.998819e-01 -4.172576e+01
9.999996e-01 4.605500e-04 7.722802e-04 -2.100222e+01 -4.626379e-04 9.999962e-01 2.704995e-03 1.714714e+00 -7.710316e-04 -2.705351e-03 9.999960e-01 -4.230696e+01
9.999385e-01 2.217999e-04 -1.109099e-02 -2.065712e+01 -2.350626e-04 9.999993e-01 -1.194555e-03 1.723235e+00 1.109072e-02 1.197089e-03 9.999378e-01 -4.320011e+01
9.999988e-01 4.282992e-04 1.511871e-03 -2.038602e+01 -4.322181e-04 9.999965e-01 2.592481e-03 1.727522e+00 -1.510755e-03 -2.593132e-03 9.999955e-01 -4.380945e+01
9.999612e-01 1.374381e-04 -8.813162e-03 -2.029517e+01 -1.520342e-04 9.999986e-01 -1.655567e-03 1.724244e+00 8.812923e-03 1.656844e-03 9.999598e-01 -4.386603e+01
9.999985e-01 3.985604e-04 1.714645e-03 -2.024065e+01 -4.031207e-04 9.999964e-01 2.659897e-03 1.724892e+00 -1.713579e-03 -2.660585e-03 9.999950e-01 -4.403817e+01
9.999614e-01 1.069370e-04 -8.790897e-03 -2.023135e+01 -1.196170e-04 9.999990e-01 -1.441935e-03 1.729752e+00 8.790734e-03 1.442931e-03 9.999603e-01 -4.448248e+01
9.999992e-01 4.391959e-04 1.154048e-03 -2.012055e+01 -4.423233e-04 9.999962e-01 2.710719e-03 1.734751e+00 -1.152853e-03 -2.711228e-03 9.999957e-01 -4.507196e+01
9.999510e-01 -2.398159e-05 -9.900066e-03 -1.993012e+01 8.680525e-06 9.999988e-01 -1.545631e-03 1.733664e+00 9.900092e-03 1.545470e-03 9.999498e-01 -4.531047e+01
9.999993e-01 5.560359e-04 -1.062671e-03 -1.959258e+01 -5.532386e-04 9.999964e-01 2.631267e-03 1.729271e+00 1.064130e-03 -2.630678e-03 9.999960e-01 -4.551393e+01
9.999490e-01 9.121521e-06 -1.010160e-02 -1.919590e+01 -2.092015e-05 9.999993e-01 -1.167929e-03 1.727541e+00 1.010159e-02 1.168082e-03 9.999483e-01 -4.598794e+01
9.999991e-01 6.229352e-04 -1.192623e-03 -1.884403e+01 -6.197399e-04 9.999962e-01 2.678029e-03 1.725561e+00 1.194286e-03 -2.677288e-03 9.999957e-01 -4.633935e+01
9.999590e-01 -1.953953e-05 -9.058340e-03 -1.854887e+01 6.357839e-06 9.999989e-01 -1.455270e-03 1.722813e+00 9.058359e-03 1.455153e-03 9.999579e-01 -4.660549e+01
9.999981e-01 6.520133e-04 -1.839853e-03 -1.823805e+01 -6.468164e-04 9.999958e-01 2.824029e-03 1.719326e+00 1.841686e-03 -2.822834e-03 9.999943e-01 -4.683160e+01
9.999789e-01 -8.841109e-05 -6.487846e-03 -1.809966e+01 7.714139e-05 9.999985e-01 -1.737340e-03 1.717420e+00 6.487990e-03 1.736804e-03 9.999774e-01 -4.702740e+01
9.999971e-01 4.512844e-04 -2.380785e-03 -1.784515e+01 -4.444561e-04 9.999958e-01 2.868015e-03 1.713426e+00 2.382069e-03 -2.866949e-03 9.999931e-01 -4.725508e+01
9.999993e-01 -1.798999e-04 -1.127184e-03 -1.809047e+01 1.772714e-04 9.999973e-01 -2.331959e-03 1.730456e+00 1.127600e-03 2.331758e-03 9.999966e-01 -4.708568e+01
9.999998e-01 4.593483e-04 -3.406700e-04 -1.854871e+01 -4.583355e-04 9.999955e-01 2.968307e-03 1.759585e+00 3.420318e-04 -2.968151e-03 9.999955e-01 -4.699816e+01
9.999560e-01 2.969738e-05 -9.376925e-03 -1.826560e+01 -4.379045e-05 9.999989e-01 -1.502795e-03 1.762755e+00 9.376870e-03 1.503140e-03 9.999549e-01 -4.764550e+01
9.999992e-01 9.039550e-04 -8.938386e-04 -1.798120e+01 -9.011071e-04 9.999945e-01 3.181840e-03 1.769956e+00 8.967098e-04 -3.181033e-03 9.999945e-01 -4.842809e+01
9.999687e-01 -1.038793e-04 -7.905387e-03 -1.785281e+01 9.031013e-05 9.999985e-01 -1.716833e-03 1.777060e+00 7.905554e-03 1.716066e-03 9.999673e-01 -4.900902e+01
9.999997e-01 7.134285e-04 1.969737e-04 -1.776446e+01 -7.140425e-04 9.999948e-01 3.132812e-03 1.787100e+00 -1.947378e-04 -3.132952e-03 9.999951e-01 -4.963787e+01
9.999089e-01 -8.068044e-04 -1.347350e-02 -1.709673e+01 7.811393e-04 9.999979e-01 -1.910044e-03 1.772563e+00 1.347501e-02 1.899346e-03 9.999074e-01 -4.992424e+01
9.999890e-01 1.708913e-03 -4.368759e-03 -1.632449e+01 -1.694033e-03 9.999928e-01 3.407682e-03 1.749532e+00 4.374551e-03 -3.400244e-03 9.999847e-01 -4.993375e+01
9.999934e-01 -1.266388e-03 -3.402737e-03 -1.624173e+01 1.258844e-03 9.999967e-01 -2.218158e-03 1.752865e+00 3.405535e-03 2.213861e-03 9.999918e-01 -5.021242e+01
9.999988e-01 1.521140e-03 3.449877e-04 -1.656277e+01 -1.522153e-03 9.999945e-01 2.954441e-03 1.766850e+00 -3.404918e-04 -2.954963e-03 9.999956e-01 -5.027997e+01
9.999897e-01 -1.214496e-03 -4.376754e-03 -1.682242e+01 1.205883e-03 9.999973e-01 -1.970253e-03 1.779184e+00 4.379136e-03 1.964955e-03 9.999885e-01 -5.047445e+01
9.999941e-01 1.752446e-03 -2.939985e-03 -1.675367e+01 -1.743013e-03 9.999933e-01 3.208170e-03 1.782338e+00 2.945588e-03 -3.203028e-03 9.999905e-01 -5.103006e+01
9.999359e-01 -1.330530e-03 -1.124785e-02 -1.602484e+01 1.312235e-03 9.999978e-01 -1.633790e-03 1.765852e+00 1.125000e-02 1.618926e-03 9.999354e-01 -5.129392e+01
9.999744e-01 2.058253e-03 -6.852904e-03 -1.523916e+01 -2.033248e-03 9.999913e-01 3.653946e-03 1.755169e+00 6.860365e-03 -3.639919e-03 9.999698e-01 -5.166846e+01
9.999949e-01 -1.386088e-03 2.866616e-03 -1.548799e+01 1.393248e-03 9.999959e-01 -2.496943e-03 1.770014e+00 -2.863144e-03 2.500925e-03 9.999928e-01 -5.225532e+01
9.999871e-01 1.974674e-03 -4.670798e-03 -1.597450e+01 -1.957939e-03 9.999917e-01 3.584960e-03 1.790929e+00 4.677838e-03 -3.575770e-03 9.999827e-01 -5.259989e+01
9.999973e-01 -1.376200e-03 -1.884842e-03 -1.582588e+01 1.371690e-03 9.999962e-01 -2.391703e-03 1.800199e+00 1.888126e-03 2.389112e-03 9.999954e-01 -5.358708e+01
9.999759e-01 2.266992e-03 -6.568120e-03 -1.560877e+01 -2.240678e-03 9.999894e-01 4.011108e-03 1.802310e+00 6.577144e-03 -3.996294e-03 9.999704e-01 -5.409961e+01
9.999984e-01 -1.039996e-03 -1.485748e-03 -1.544241e+01 1.034556e-03 9.999928e-01 -3.657598e-03 1.785041e+00 1.489541e-03 3.656055e-03 9.999922e-01 -5.371524e+01
9.999503e-01 1.936524e-03 -9.777721e-03 -1.507171e+01 -1.890398e-03 9.999871e-01 4.724502e-03 1.770777e+00 9.786743e-03 -4.705785e-03 9.999410e-01 -5.366089e+01
9.999955e-01 -1.246780e-03 -2.730619e-03 -1.464817e+01 1.236945e-03 9.999928e-01 -3.600583e-03 1.766988e+00 2.735088e-03 3.597189e-03 9.999898e-01 -5.391620e+01
9.999892e-01 1.973139e-03 -4.202044e-03 -1.447214e+01 -1.952512e-03 9.999861e-01 4.907211e-03 1.780093e+00 4.211668e-03 -4.898955e-03 9.999791e-01 -5.508995e+01
9.999925e-01 -1.171686e-03 -3.688658e-03 -1.423364e+01 1.158042e-03 9.999925e-01 -3.698903e-03 1.785975e+00 3.692964e-03 3.694604e-03 9.999864e-01 -5.587567e+01
9.999564e-01 2.080065e-03 -9.100882e-03 -1.365857e+01 -2.035657e-03 9.999860e-01 4.886059e-03 1.777064e+00 9.110918e-03 -4.867320e-03 9.999466e-01 -5.622060e+01
9.999964e-01 -1.607571e-03 -2.155500e-03 -1.321717e+01 1.600412e-03 9.999932e-01 -3.319172e-03 1.781566e+00 2.160821e-03 3.315711e-03 9.999922e-01 -5.700983e+01
9.999831e-01 1.984400e-03 -5.472440e-03 -1.307827e+01 -1.960349e-03 9.999884e-01 4.396981e-03 1.784897e+00 5.481102e-03 -4.386180e-03 9.999754e-01 -5.730205e+01
9.999923e-01 -1.607332e-03 3.575782e-03 -1.350026e+01 1.621319e-03 9.999910e-01 -3.912065e-03 1.806843e+00 -3.569462e-03 3.917833e-03 9.999860e-01 -5.718725e+01
9.999193e-01 2.028255e-03 -1.253967e-02 -1.337899e+01 -1.965666e-03 9.999856e-01 5.001636e-03 1.805883e+00 1.254964e-02 -4.976584e-03 9.999089e-01 -5.710502e+01
9.999835e-01 -1.550389e-03 5.538490e-03 -1.343220e+01 1.574729e-03 9.999891e-01 -4.392891e-03 1.811749e+00 -5.531618e-03 4.401541e-03 9.999750e-01 -5.706666e+01
9.999692e-01 2.117284e-03 -7.558938e-03 -1.390423e+01 -2.076859e-03 9.999835e-01 5.351894e-03 1.837193e+00 7.570145e-03 -5.336031e-03 9.999571e-01 -5.752382e+01
9.999962e-01 -2.209096e-03 -1.659530e-03 -1.349302e+01 2.201284e-03 9.999866e-01 -4.695318e-03 1.820047e+00 1.669880e-03 4.691647e-03 9.999876e-01 -5.741573e+01
