9.999915e-01 2.194188e-03 -3.478796e-03 2.137671e-01 -2.202143e-03 9.999950e-01 -2.284676e-03 -3.936306e-02 3.473765e-03 2.292316e-03 9.999913e-01 1.559813e+00
9.999930e-01 9.849364e-05 -3.732943e-03 5.410332e-01 -9.498258e-05 9.999996e-01 9.407200e-04 -6.648138e-02 3.733034e-03 -9.403582e-04 9.999926e-01 2.229205e+00
9.999717e-01 2.044748e-03 -7.240816e-03 9.900214e-01 -2.048971e-03 9.999977e-01 -5.757677e-04 -8.403560e-02 7.239622e-03 5.905869e-04 9.999736e-01 2.265997e+00
9.999993e-01 -1.202922e-03 -6.478731e-05 1.159151e+00 1.203042e-03 9.999975e-01 1.869638e-03 -7.797350e-02 6.253846e-05 -1.869714e-03 9.999983e-01 1.491919e+00
9.999661e-01 2.073381e-03 -7.965787e-03 1.315052e+00 -2.080596e-03 9.999974e-01 -8.975846e-04 -8.094685e-02 7.963905e-03 9.141271e-04 9.999679e-01 1.098127e+00
9.999991e-01 -1.211591e-03 5.446084e-04 1.474484e+00 1.210542e-03 9.999974e-01 1.922866e-03 -8.140607e-02 -5.469364e-04 -1.922204e-03 9.999980e-01 5.246194e-01
9.999603e-01 2.029217e-03 -8.681159e-03 1.744846e+00 -2.035060e-03 9.999977e-01 -6.642447e-04 -7.812415e-02 8.679791e-03 6.818843e-04 9.999621e-01 -3.035793e-01
9.999994e-01 -1.045337e-03 -1.443219e-04 2.015455e+00 1.045600e-03 9.999978e-01 1.830631e-03 -8.366641e-02 1.424083e-04 -1.830780e-03 9.999983e-01 -7.472169e-01
9.999744e-01 2.050621e-03 -6.852524e-03 2.117083e+00 -2.060138e-03 9.999969e-01 -1.382050e-03 -9.036798e-02 6.849669e-03 1.396132e-03 9.999756e-01 -7.655156e-01
9.999995e-01 -9.666325e-04 -3.902504e-04 2.226274e+00 9.673442e-04 9.999979e-01 1.827575e-03 -9.770147e-02 3.884833e-04 -1.827951e-03 9.999983e-01 -7.769406e-01
9.999859e-01 1.737065e-03 -5.026322e-03 2.238564e+00 -1.741194e-03 9.999982e-01 -8.172330e-04 -9.176790e-02 5.024893e-03 8.259725e-04 9.999870e-01 -1.482217e+00
9.999983e-01 -9.583291e-04 -1.551087e-03 2.320251e+00 9.613794e-04 9.999976e-01 1.966915e-03 -8.724877e-02 1.549199e-03 -1.968402e-03 9.999969e-01 -2.130751e+00
9.999859e-01 1.912277e-03 -4.960214e-03 2.468468e+00 -1.919171e-03 9.999972e-01 -1.385480e-03 -8.444203e-02 4.957550e-03 1.394980e-03 9.999867e-01 -2.748990e+00
9.999954e-01 -6.962337e-04 -2.948236e-03 2.645416e+00 7.016039e-04 9.999981e-01 1.820834e-03 -9.319303e-02 2.946963e-03 -1.822893e-03 9.999940e-01 -2.846263e+00
9.999910e-01 1.482040e-03 -3.964627e-03 2.767556e+00 -1.485304e-03 9.999986e-01 -8.204126e-04 -9.116354e-02 3.963405e-03 8.262932e-04 9.999918e-01 -3.466865e+00
9.999943e-01 -5.861010e-04 -3.322448e-03 2.945883e+00 5.910821e-04 9.999987e-01 1.498401e-03 -9.472039e-02 3.321565e-03 -1.500355e-03 9.999934e-01 -3.932526e+00
9.999912e-01 1.806148e-03 -3.799044e-03 3.101729e+00 -1.809442e-03 9.999980e-01 -8.639352e-04 -9.792259e-02 3.797476e-03 8.708010e-04 9.999924e-01 -4.401785e+00
9.999962e-01 -9.318413e-04 -2.597734e-03 3.196504e+00 9.365449e-04 9.999979e-01 1.810007e-03 -9.731800e-02 2.596042e-03 -1.812432e-03 9.999950e-01 -4.990378e+00
9.999943e-01 1.694723e-03 -2.925877e-03 3.314619e+00 -1.696568e-03 9.999984e-01 -6.281051e-04 -8.711188e-02 2.924807e-03 6.330648e-04 9.999955e-01 -6.061018e+00
9.999946e-01 -9.699698e-04 -3.128074e-03 3.462440e+00 9.757460e-04 9.999978e-01 1.845548e-03 -7.894167e-02 3.126278e-03 -1.848589e-03 9.999934e-01 -7.019182e+00
9.999915e-01 1.940686e-03 -3.638032e-03 3.579480e+00 -1.944473e-03 9.999976e-01 -1.037616e-03 -8.070660e-02 3.636009e-03 1.044680e-03 9.999928e-01 -7.513112e+00
9.999990e-01 -4.121959e-04 -1.332761e-03 3.689909e+00 4.127851e-04 9.999998e-01 4.417955e-04 -1.048546e-01 1.332579e-03 -4.423445e-04 9.999990e-01 -6.667044e+00
9.999941e-01 2.946646e-03 -1.792308e-03 3.825648e+00 -2.951477e-03 9.999920e-01 -2.698709e-03 -1.456665e-01 1.784341e-03 2.703983e-03 9.999948e-01 -4.922341e+00
9.999784e-01 5.594272e-05 -6.579799e-03 4.183506e+00 -4.559202e-05 9.999988e-01 1.573230e-03 -1.839500e-01 6.579879e-03 -1.572895e-03 9.999771e-01 -3.789009e+00
9.999990e-01 1.195480e-03 -7.031102e-04 4.350172e+00 -1.196668e-03 9.999979e-01 -1.691973e-03 -1.992007e-01 7.010856e-04 1.692812e-03 9.999983e-01 -3.523187e+00
9.999900e-01 3.223548e-04 -4.470751e-03 4.470413e+00 -3.185511e-04 9.999996e-01 8.514657e-04 -2.178313e-01 4.471024e-03 -8.500323e-04 9.999896e-01 -2.828198e+00
9.999974e-01 1.232971e-03 -1.926360e-03 4.617304e+00 -1.235161e-03 9.999986e-01 -1.135996e-03 -2.321268e-01 1.924957e-03 1.138372e-03 9.999975e-01 -2.557830e+00
9.999806e-01 -2.463226e-04 -6.216054e-03 4.823125e+00 2.571292e-04 9.999985e-01 1.737743e-03 -2.373498e-01 6.215617e-03 -1.739307e-03 9.999792e-01 -2.890932e+00
9.999980e-01 1.639135e-03 -1.127504e-03 5.058537e+00 -1.641343e-03 9.999967e-01 -1.959393e-03 -2.467773e-01 1.124289e-03 1.961239e-03 9.999974e-01 -3.007548e+00
9.999825e-01 -5.334911e-04 -5.895349e-03 5.252984e+00 5.500322e-04 9.999959e-01 2.804499e-03 -2.446953e-01 5.893829e-03 -2.807692e-03 9.999787e-01 -3.685250e+00
9.999971e-01 1.569931e-03 -1.820692e-03 5.416390e+00 -1.573847e-03 9.999964e-01 -2.151127e-03 -2.504119e-01 1.817308e-03 2.153985e-03 9.999960e-01 -3.926725e+00
9.999835e-01 -6.919765e-04 -5.696719e-03 5.599667e+00 7.089662e-04 9.999953e-01 2.980864e-03 -2.543708e-01 5.694630e-03 -2.984853e-03 9.999793e-01 -4.363310e+00
9.999953e-01 1.672997e-03 -2.560476e-03 5.791146e+00 -1.678029e-03 9.999967e-01 -1.964036e-03 -2.587851e-01 2.557181e-03 1.968323e-03 9.999948e-01 -4.754008e+00
9.999875e-01 -7.456598e-04 -4.935822e-03 5.904510e+00 7.588765e-04 9.999961e-01 2.676360e-03 -2.628441e-01 4.933808e-03 -2.680072e-03 9.999842e-01 -5.019052e+00
9.999951e-01 1.665188e-03 -2.645243e-03 6.036933e+00 -1.670560e-03 9.999965e-01 -2.030039e-03 -2.697859e-01 2.641853e-03 2.034447e-03 9.999944e-01 -5.165612e+00
9.999879e-01 -8.195796e-04 -4.851859e-03 6.137411e+00 8.345883e-04 9.999949e-01 3.092144e-03 -2.720441e-01 4.849301e-03 -3.096155e-03 9.999834e-01 -5.529598e+00
9.999954e-01 1.625266e-03 -2.553119e-03 6.246242e+00 -1.630630e-03 9.999965e-01 -2.100175e-03 -2.731614e-01 2.549696e-03 2.104328e-03 9.999945e-01 -5.930125e+00
9.999891e-01 -8.410186e-04 -4.584201e-03 6.347605e+00 8.552726e-04 9.999948e-01 3.108259e-03 -2.736281e-01 4.581564e-03 -3.112145e-03 9.999847e-01 -6.375903e+00
9.999968e-01 1.619086e-03 -1.969324e-03 6.419718e+00 -1.622901e-03 9.999968e-01 -1.937342e-03 -2.703533e-01 1.966181e-03 1.940531e-03 9.999962e-01 -6.969694e+00
9.999863e-01 -8.526374e-04 -5.167217e-03 6.510337e+00 8.679859e-04 9.999952e-01 2.968819e-03 -2.711812e-01 5.164661e-03 -2.973263e-03 9.999822e-01 -7.403603e+00
9.999967e-01 1.754757e-03 -1.869811e-03 6.584959e+00 -1.759246e-03 9.999956e-01 -2.401702e-03 -2.826599e-01 1.865588e-03 2.404983e-03 9.999954e-01 -7.277834e+00
9.999816e-01 -8.334841e-04 -6.015953e-03 6.706754e+00 8.517562e-04 9.999950e-01 3.035326e-03 -2.942848e-01 6.013393e-03 -3.040393e-03 9.999773e-01 -7.185689e+00
9.999959e-01 1.617523e-03 -2.375031e-03 6.854245e+00 -1.622434e-03 9.999965e-01 -2.067258e-03 -3.027246e-01 2.371679e-03 2.071102e-03 9.999950e-01 -7.346968e+00
9.999853e-01 -8.029251e-04 -5.360424e-03 7.004443e+00 8.206866e-04 9.999942e-01 3.312060e-03 -3.018242e-01 5.357734e-03 -3.316410e-03 9.999801e-01 -7.908517e+00
9.999927e-01 1.745690e-03 -3.404789e-03 7.188107e+00 -1.753945e-03 9.999955e-01 -2.423090e-03 -3.113208e-01 3.400544e-03 2.429043e-03 9.999913e-01 -8.052365e+00
9.999838e-01 -7.571456e-04 -5.633791e-03 7.383431e+00 7.752948e-04 9.999945e-01 3.219982e-03 -3.213831e-01 5.631323e-03 -3.224297e-03 9.999789e-01 -8.176094e+00
9.999949e-01 1.639085e-03 -2.751797e-03 7.563121e+00 -1.644542e-03 9.999967e-01 -1.982027e-03 -3.230776e-01 2.748539e-03 1.986542e-03 9.999942e-01 -8.637081e+00
9.999842e-01 -8.006277e-04 -5.557540e-03 7.734276e+00 8.177352e-04 9.999949e-01 3.076641e-03 -3.255695e-01 5.555049e-03 -3.081136e-03 9.999798e-01 -9.021889e+00
9.999985e-01 1.714822e-03 3.701853e-04 7.733186e+00 -1.713867e-03 9.999952e-01 -2.565180e-03 -3.334967e-01 -3.745827e-04 2.564541e-03 9.999966e-01 -8.957923e+00
9.999872e-01 -9.608046e-04 -4.973264e-03 7.673882e+00 9.755175e-04 9.999952e-01 2.956790e-03 -3.417538e-01 4.970400e-03 -2.961603e-03 9.999833e-01 -8.669235e+00
9.999924e-01 2.035163e-03 -3.322782e-03 7.801345e+00 -2.044300e-03 9.999941e-01 -2.748839e-03 -3.610876e-01 3.317168e-03 2.755610e-03 9.999907e-01 -8.149181e+00
9.999987e-01 -6.306315e-04 -1.458141e-03 7.846550e+00 6.342683e-04 9.999967e-01 2.494945e-03 -3.812782e-01 1.456563e-03 -2.495866e-03 9.999958e-01 -7.354522e+00
9.999964e-01 1.424370e-03 -2.281914e-03 7.780632e+00 -1.429086e-03 9.999968e-01 -2.066545e-03 -3.827404e-01 2.278963e-03 2.069797e-03 9.999953e-01 -7.435843e+00
9.999910e-01 -5.905508e-04 -4.207894e-03 7.869580e+00 6.039088e-04 9.999948e-01 3.173927e-03 -3.798070e-01 4.205998e-03 -3.176439e-03 9.999861e-01 -8.072285e+00
9.999897e-01 1.506957e-03 -4.285384e-03 8.063245e+00 -1.517283e-03 9.999960e-01 -2.407230e-03 -3.851886e-01 4.281739e-03 2.413706e-03 9.999879e-01 -8.326714e+00
9.999878e-01 -4.981952e-04 -4.917939e-03 8.280819e+00 5.124645e-04 9.999957e-01 2.900624e-03 -3.976420e-01 4.916473e-03 -2.903108e-03 9.999837e-01 -8.345297e+00
9.999905e-01 1.564252e-03 -4.078410e-03 8.504363e+00 -1.573877e-03 9.999960e-01 -2.357721e-03 -4.102793e-01 4.074705e-03 2.364117e-03 9.999889e-01 -8.382804e+00
9.999916e-01 -3.565156e-04 -4.075653e-03 8.667430e+00 3.681692e-04 9.999958e-01 2.858907e-03 -4.229918e-01 4.074617e-03 -2.860383e-03 9.999876e-01 -8.223983e+00
9.999918e-01 1.222123e-03 -3.855397e-03 8.821393e+00 -1.230385e-03 9.999970e-01 -2.141312e-03 -4.289661e-01 3.852768e-03 2.146037e-03 9.999903e-01 -8.386527e+00
9.999807e-01 -2.522645e-04 -6.200126e-03 9.126205e+00 2.698085e-04 9.999960e-01 2.828925e-03 -4.368661e-01 6.199387e-03 -2.830542e-03 9.999768e-01 -8.525206e+00
9.999929e-01 1.194532e-03 -3.567358e-03 9.401341e+00 -1.202116e-03 9.999970e-01 -2.124502e-03 -4.454191e-01 3.564809e-03 2.128774e-03 9.999914e-01 -8.596180e+00
9.999894e-01 -2.970263e-04 -4.596749e-03 9.554498e+00 3.108106e-04 9.999955e-01 2.998245e-03 -4.500322e-01 4.595838e-03 -2.999641e-03 9.999849e-01 -8.842687e+00
9.999919e-01 1.100933e-03 -3.871589e-03 9.746183e+00 -1.108684e-03 9.999974e-01 -2.000341e-03 -4.520260e-01 3.869376e-03 2.004617e-03 9.999905e-01 -9.267423e+00
9.999919e-01 -2.150256e-04 -4.013995e-03 9.903882e+00 2.277044e-04 9.999950e-01 3.158411e-03 -4.505373e-01 4.013296e-03 -3.159298e-03 9.999870e-01 -9.814364e+00
9.999933e-01 1.200173e-03 -3.461007e-03 1.003346e+01 -1.208463e-03 9.999964e-01 -2.393917e-03 -4.556751e-01 3.458122e-03 2.398082e-03 9.999911e-01 -1.002049e+01
9.999902e-01 -3.653113e-04 -4.403591e-03 1.013225e+01 3.796096e-04 9.999947e-01 3.246519e-03 -4.610505e-01 4.402382e-03 -3.248158e-03 9.999850e-01 -1.008650e+01
9.999910e-01 1.172117e-03 -4.081533e-03 1.025205e+01 -1.181498e-03 9.999967e-01 -2.296887e-03 -4.654281e-01 4.078827e-03 2.301687e-03 9.999890e-01 -1.019213e+01
9.999898e-01 -3.834741e-04 -4.498247e-03 1.039826e+01 3.970625e-04 9.999954e-01 3.020283e-03 -4.703444e-01 4.497068e-03 -3.022038e-03 9.999853e-01 -1.025542e+01
9.999913e-01 1.295778e-03 -3.970323e-03 1.054488e+01 -1.304389e-03 9.999968e-01 -2.166940e-03 -4.754551e-01 3.967503e-03 2.172099e-03 9.999898e-01 -1.037197e+01
9.999905e-01 -5.591096e-04 -4.327059e-03 1.067571e+01 5.720156e-04 9.999954e-01 2.981908e-03 -4.791351e-01 4.325372e-03 -2.984354e-03 9.999862e-01 -1.053220e+01
9.999924e-01 1.368867e-03 -3.652904e-03 1.079566e+01 -1.376264e-03 9.999970e-01 -2.023091e-03 -4.818875e-01 3.650123e-03 2.028103e-03 9.999913e-01 -1.079725e+01
9.999901e-01 -4.867493e-04 -4.429210e-03 1.091434e+01 4.978617e-04 9.999967e-01 2.508081e-03 -4.936830e-01 4.427975e-03 -2.510261e-03 9.999870e-01 -1.057654e+01
9.999917e-01 1.324369e-03 -3.841338e-03 1.103638e+01 -1.331033e-03 9.999976e-01 -1.732536e-03 -5.001899e-01 3.839034e-03 1.737634e-03 9.999911e-01 -1.060439e+01
9.999919e-01 -3.813823e-04 -4.018005e-03 1.115553e+01 3.901926e-04 9.999975e-01 2.192104e-03 -5.090884e-01 4.017159e-03 -2.193653e-03 9.999895e-01 -1.047844e+01
9.999925e-01 1.258916e-03 -3.659011e-03 1.125981e+01 -1.265544e-03 9.999976e-01 -1.809557e-03 -5.204343e-01 3.656724e-03 1.814173e-03 9.999917e-01 -1.022142e+01
9.999946e-01 -1.714361e-04 -3.274449e-03 1.131663e+01 1.779884e-04 9.999980e-01 2.000782e-03 -5.367953e-01 3.274100e-03 -2.001354e-03 9.999926e-01 -9.677086e+00
9.999877e-01 1.004301e-03 -4.848844e-03 1.146051e+01 -1.011408e-03 9.999984e-01 -1.463518e-03 -5.475680e-01 4.847366e-03 1.468403e-03 9.999872e-01 -9.550047e+00
9.999935e-01 -1.229850e-05 -3.595834e-03 1.159951e+01 1.981226e-05 9.999978e-01 2.089484e-03 -5.593105e-01 3.595801e-03 -2.089541e-03 9.999914e-01 -9.340966e+00
9.999902e-01 7.887041e-04 -4.366276e-03 1.170799e+01 -7.952792e-04 9.999986e-01 -1.504288e-03 -5.704505e-01 4.365083e-03 1.507744e-03 9.999893e-01 -9.176546e+00
9.999938e-01 2.192129e-05 -3.515814e-03 1.181895e+01 -1.347582e-05 9.999971e-01 2.402078e-03 -5.766365e-01 3.515857e-03 -2.402016e-03 9.999909e-01 -9.279312e+00
9.999899e-01 9.287256e-04 -4.391798e-03 1.193549e+01 -9.366428e-04 9.999979e-01 -1.800960e-03 -5.840100e-01 4.390116e-03 1.805055e-03 9.999887e-01 -9.255055e+00
9.999945e-01 -1.837842e-04 -3.321874e-03 1.204174e+01 1.920887e-04 9.999969e-01 2.499710e-03 -5.927092e-01 3.321404e-03 -2.500333e-03 9.999914e-01 -9.165223e+00
9.999896e-01 9.023232e-04 -4.480538e-03 1.212373e+01 -9.091685e-04 9.999984e-01 -1.525923e-03 -5.957013e-01 4.479154e-03 1.529980e-03 9.999888e-01 -9.263808e+00
9.999959e-01 -2.032082e-04 -2.854113e-03 1.221630e+01 2.103662e-04 9.999968e-01 2.507793e-03 -5.972459e-01 2.853595e-03 -2.508383e-03 9.999928e-01 -9.485858e+00
9.999963e-01 7.633735e-04 -2.626353e-03 1.216597e+01 -7.690043e-04 9.999974e-01 -2.143531e-03 -5.994281e-01 2.624709e-03 2.145542e-03 9.999943e-01 -9.013575e+00
9.999980e-01 1.139160e-03 -1.653261e-03 1.226152e+01 -1.137197e-03 9.999986e-01 1.187564e-03 -6.298840e-01 1.654611e-03 -1.185681e-03 9.999979e-01 -7.873656e+00
9.999983e-01 1.756728e-03 5.604427e-04 1.237324e+01 -1.754578e-03 9.999912e-01 -3.814131e-03 -6.764578e-01 -5.671384e-04 3.813141e-03 9.999926e-01 -5.928271e+00
9.999948e-01 1.226330e-03 -2.997564e-03 1.248795e+01 -1.222142e-03 9.999983e-01 1.398635e-03 -7.224873e-01 2.999275e-03 -1.394963e-03 9.999945e-01 -4.063314e+00
9.999976e-01 5.834553e-04 -2.133193e-03 1.259573e+01 -5.888102e-04 9.999967e-01 -2.510377e-03 -7.539062e-01 2.131721e-03 2.511626e-03 9.999946e-01 -2.880021e+00
9.999965e-01 2.608765e-03 4.592217e-04 1.279023e+01 -2.608416e-03 9.999963e-01 -7.591666e-04 -8.105391e-01 -4.612002e-04 7.579668e-04 9.999996e-01 -5.565304e-01
9.999887e-01 1.514164e-03 -4.498483e-03 1.306989e+01 -1.525508e-03 9.999957e-01 -2.519423e-03 -8.750617e-01 4.494648e-03 2.526256e-03 9.999867e-01 1.720732e+00
9.999997e-01 4.916456e-04 -5.365116e-04 1.317376e+01 -4.909745e-04 9.999991e-01 1.249761e-03 -9.094510e-01 5.371258e-04 -1.249497e-03 9.999991e-01 2.963997e+00
9.999781e-01 1.143147e-03 -6.519815e-03 1.327993e+01 -1.154950e-03 9.999977e-01 -1.806736e-03 -9.351325e-01 6.517735e-03 1.814226e-03 9.999771e-01 3.826170e+00
9.999978e-01 -3.378958e-04 -2.073212e-03 1.346283e+01 3.421047e-04 9.999979e-01 2.029967e-03 -9.513671e-01 2.072521e-03 -2.030671e-03 9.999958e-01 4.197224e+00
9.999806e-01 1.081758e-03 -6.137165e-03 1.362735e+01 -1.087190e-03 9.999990e-01 -8.817609e-04 -9.527340e-01 6.136205e-03 8.884154e-04 9.999808e-01 3.739454e+00
9.999983e-01 -3.437501e-04 -1.819007e-03 1.377046e+01 3.474953e-04 9.999978e-01 2.058860e-03 -9.551818e-01 1.818296e-03 -2.059488e-03 9.999962e-01 3.353157e+00
9.999874e-01 1.051085e-03 -4.898614e-03 1.385039e+01 -1.055030e-03 9.999991e-01 -8.027367e-04 -9.519133e-01 4.897766e-03 8.078941e-04 9.999877e-01 2.751381e+00
9.999957e-01 -3.918674e-04 -2.890956e-03 1.401004e+01 3.976124e-04 9.999979e-01 1.986818e-03 -9.506299e-01 2.890172e-03 -1.987959e-03 9.999938e-01 2.237220e+00
9.999805e-01 1.137388e-03 -6.138423e-03 1.422702e+01 -1.142335e-03 9.999990e-01 -8.024187e-04 -9.526455e-01 6.137504e-03 8.094145e-04 9.999808e-01 1.870477e+00
9.999979e-01 -4.034170e-04 -2.007505e-03 1.438268e+01 4.071025e-04 9.999982e-01 1.835692e-03 -9.564502e-01 2.006761e-03 -1.836505e-03 9.999963e-01 1.558469e+00
9.999732e-01 1.134512e-03 -7.228362e-03 1.461138e+01 -1.138146e-03 9.999992e-01 -4.985492e-04 -9.579558e-01 7.227791e-03 5.067621e-04 9.999738e-01 1.076404e+00
9.999992e-01 -3.826753e-04 -1.167258e-03 1.477693e+01 3.846848e-04 9.999984e-01 1.721537e-03 -9.610768e-01 1.166598e-03 -1.721984e-03 9.999978e-01 6.779260e-01
9.999739e-01 1.093753e-03 -7.137948e-03 1.496256e+01 -1.097870e-03 9.999992e-01 -5.728494e-04 -9.637004e-01 7.137316e-03 5.806704e-04 9.999744e-01 2.352031e-01
9.999994e-01 -3.018842e-04 -1.051411e-03 1.515312e+01 3.038739e-04 9.999982e-01 1.892485e-03 -9.628820e-01 1.050838e-03 -1.892803e-03 9.999977e-01 -3.587342e-01
9.999712e-01 1.061979e-03 -7.513625e-03 1.534115e+01 -1.066589e-03 9.999992e-01 -6.094695e-04 -9.629528e-01 7.512972e-03 6.174652e-04 9.999716e-01 -8.855344e-01
9.999974e-01 -2.639694e-04 -2.251615e-03 1.558407e+01 2.680377e-04 9.999983e-01 1.806591e-03 -9.685137e-01 2.251134e-03 -1.807189e-03 9.999958e-01 -1.152705e+00
9.999838e-01 9.365547e-04 -5.611601e-03 1.574088e+01 -9.407794e-04 9.999993e-01 -7.501968e-04 -9.719002e-01 5.610894e-03 7.554633e-04 9.999840e-01 -1.559680e+00
9.999972e-01 -1.928873e-04 -2.367769e-03 1.591449e+01 1.979783e-04 9.999977e-01 2.149939e-03 -9.688573e-01 2.367349e-03 -2.150401e-03 9.999949e-01 -2.230994e+00
9.999888e-01 9.903517e-04 -4.634236e-03 1.604618e+01 -9.939660e-04 9.999992e-01 -7.776000e-04 -9.632094e-01 4.633462e-03 7.821969e-04 9.999890e-01 -3.007565e+00
9.999991e-01 -6.519521e-05 -1.305568e-03 1.613122e+01 6.797524e-05 9.999977e-01 2.129203e-03 -9.537472e-01 1.305426e-03 -2.129289e-03 9.999969e-01 -3.970975e+00
9.999915e-01 1.036641e-03 -3.989738e-03 1.619012e+01 -1.039968e-03 9.999991e-01 -8.316176e-04 -9.424757e-01 3.988872e-03 8.357590e-04 9.999917e-01 -5.025400e+00
9.999988e-01 -7.456838e-05 -1.525082e-03 1.626178e+01 7.780542e-05 9.999977e-01 2.122383e-03 -9.313569e-01 1.524921e-03 -2.122499e-03 9.999966e-01 -6.066473e+00
9.999897e-01 9.812915e-04 -4.425793e-03 1.636324e+01 -9.848539e-04 9.999992e-01 -8.027568e-04 -9.216569e-01 4.425001e-03 8.071067e-04 9.999899e-01 -7.045366e+00
9.999994e-01 -1.190561e-04 -1.131622e-03 1.641835e+01 1.213922e-04 9.999979e-01 2.064213e-03 -9.130013e-01 1.131374e-03 -2.064349e-03 9.999972e-01 -7.974563e+00
9.999930e-01 1.095816e-03 -3.571272e-03 1.646551e+01 -1.098809e-03 9.999990e-01 -8.360694e-04 -8.999211e-01 3.570352e-03 8.399871e-04 9.999933e-01 -9.135740e+00
9.999984e-01 -2.029568e-04 -1.776367e-03 1.654963e+01 2.067070e-04 9.999978e-01 2.111025e-03 -8.886806e-01 1.775935e-03 -2.111388e-03 9.999962e-01 -1.021263e+01
9.999943e-01 1.186160e-03 -3.150058e-03 1.662014e+01 -1.188749e-03 9.999990e-01 -8.200962e-04 -8.753112e-01 3.149082e-03 8.238355e-04 9.999947e-01 -1.139158e+01
9.999977e-01 -2.247467e-04 -2.152679e-03 1.670500e+01 2.293210e-04 9.999977e-01 2.124756e-03 -8.628321e-01 2.152197e-03 -2.125244e-03 9.999954e-01 -1.251384e+01
9.999940e-01 1.263358e-03 -3.223662e-03 1.679582e+01 -1.265834e-03 9.999989e-01 -7.662563e-04 -8.489939e-01 3.222690e-03 7.703317e-04 9.999945e-01 -1.370296e+01
9.999984e-01 -2.743968e-04 -1.790861e-03 1.687328e+01 2.780639e-04 9.999979e-01 2.047560e-03 -8.353330e-01 1.790296e-03 -2.048054e-03 9.999963e-01 -1.489657e+01
9.999976e-01 1.464666e-03 -1.602926e-03 1.691020e+01 -1.465803e-03 9.999987e-01 -7.081996e-04 -8.143171e-01 1.601887e-03 7.105469e-04 9.999985e-01 -1.651408e+01
9.999951e-01 -3.676833e-04 -3.097700e-03 1.700991e+01 3.741110e-04 9.999978e-01 2.074558e-03 -7.963494e-01 3.096930e-03 -2.075706e-03 9.999931e-01 -1.794184e+01
9.999981e-01 1.440625e-03 -1.346877e-03 1.707654e+01 -1.441633e-03 9.999987e-01 -7.470465e-04 -7.799684e-01 1.345799e-03 7.489861e-04 9.999988e-01 -1.929560e+01
9.999803e-01 -4.907713e-04 -6.261351e-03 1.728220e+01 5.027126e-04 9.999981e-01 1.905662e-03 -7.775545e-01 6.260404e-03 -1.908771e-03 9.999786e-01 -1.999135e+01
9.999963e-01 1.695134e-03 -2.125510e-03 1.750476e+01 -1.696984e-03 9.999982e-01 -8.686665e-04 -7.832177e-01 2.124034e-03 8.722696e-04 9.999974e-01 -2.039161e+01
9.999912e-01 -8.266321e-04 -4.118150e-03 1.763305e+01 8.355204e-04 9.999973e-01 2.156986e-03 -7.738855e-01 4.116356e-03 -2.160407e-03 9.999892e-01 -2.135117e+01
9.999957e-01 1.735342e-03 -2.354761e-03 1.778974e+01 -1.737316e-03 9.999981e-01 -8.362297e-04 -7.638666e-01 2.353306e-03 8.403164e-04 9.999969e-01 -2.236129e+01
9.999920e-01 -8.703918e-04 -3.900981e-03 1.792180e+01 8.787884e-04 9.999973e-01 2.151138e-03 -7.546695e-01 3.899098e-03 -2.154549e-03 9.999901e-01 -2.334606e+01
9.999978e-01 1.884193e-03 -9.106805e-04 1.800984e+01 -1.884990e-03 9.999978e-01 -8.744896e-04 -7.397336e-01 9.090307e-04 8.762037e-04 9.999992e-01 -2.462798e+01
9.999896e-01 -8.600800e-04 -4.486844e-03 1.814896e+01 8.703276e-04 9.999970e-01 2.282412e-03 -7.244139e-01 4.484867e-03 -2.286293e-03 9.999873e-01 -2.594782e+01
9.999982e-01 1.857530e-03 -4.320584e-04 1.824406e+01 -1.857933e-03 9.999978e-01 -9.352405e-04 -7.088943e-01 4.303201e-04 9.360409e-04 9.999995e-01 -2.726603e+01
9.999901e-01 -8.305488e-04 -4.360650e-03 1.831944e+01 8.404780e-04 9.999971e-01 2.275569e-03 -6.941843e-01 4.358747e-03 -2.279211e-03 9.999879e-01 -2.853796e+01
9.999982e-01 1.882154e-03 3.678229e-04 1.836324e+01 -1.881798e-03 9.999978e-01 -9.681271e-04 -6.772724e-01 -3.696445e-04 9.674325e-04 9.999995e-01 -2.994391e+01
9.999860e-01 -8.287400e-04 -5.224069e-03 1.846652e+01 8.410398e-04 9.999969e-01 2.352628e-03 -6.609434e-01 5.222103e-03 -2.356988e-03 9.999836e-01 -3.133060e+01
9.999974e-01 1.885427e-03 1.269528e-03 1.852039e+01 -1.884104e-03 9.999977e-01 -1.042695e-03 -6.434605e-01 -1.271491e-03 1.040300e-03 9.999987e-01 -3.277886e+01
9.999676e-01 -1.084369e-03 -7.977909e-03 1.869522e+01 1.102764e-03 9.999967e-01 2.301632e-03 -6.318312e-01 7.975387e-03 -2.310355e-03 9.999655e-01 -3.385994e+01
9.999825e-01 2.116804e-03 5.520495e-03 1.855722e+01 -2.111648e-03 9.999973e-01 -9.396014e-04 -6.129314e-01 -5.522469e-03 9.279269e-04 9.999843e-01 -3.520070e+01
9.999629e-01 -8.847197e-04 -8.564438e-03 1.857092e+01 9.040983e-04 9.999970e-01 2.259036e-03 -5.910364e-01 8.562414e-03 -2.266695e-03 9.999608e-01 -3.684878e+01
9.999843e-01 2.007337e-03 5.226065e-03 1.864320e+01 -2.002314e-03 9.999975e-01 -9.663334e-04 -5.691337e-01 -5.227992e-03 9.558533e-04 9.999859e-01 -3.857166e+01
9.999223e-01 -1.207667e-03 -1.241088e-02 1.889800e+01 1.238256e-03 9.999962e-01 2.457280e-03 -5.598859e-01 1.240786e-02 -2.472456e-03 9.999200e-01 -3.967958e+01
9.999686e-01 2.474058e-03 -7.530999e-03 2.001606e+01 -2.473237e-03 9.999969e-01 1.183950e-04 -5.799677e-01 7.531269e-03 -9.976596e-05 9.999716e-01 -4.029535e+01
9.999940e-01 -1.884181e-03 -2.891668e-03 2.041149e+01 1.888207e-03 9.999973e-01 1.389889e-03 -5.829012e-01 2.889041e-03 -1.395340e-03 9.999949e-01 -4.091784e+01
9.999847e-01 2.812117e-03 -4.771734e-03 2.051418e+01 -2.812343e-03 9.999960e-01 -4.070982e-05 -5.810421e-01 4.771600e-03 5.412831e-05 9.999886e-01 -4.137311e+01
9.999978e-01 -2.080498e-03 -3.250333e-04 2.060681e+01 2.080892e-03 9.999971e-01 1.212804e-03 -5.677893e-01 3.225092e-04 -1.213477e-03 9.999992e-01 -4.261921e+01
9.999875e-01 2.990301e-03 -4.004512e-03 2.072114e+01 -2.989586e-03 9.999955e-01 1.846028e-04 -5.491681e-01 4.005046e-03 -1.726293e-04 9.999920e-01 -4.413933e+01
9.999982e-01 -1.825958e-03 4.228848e-04 2.077253e+01 1.825420e-03 9.999975e-01 1.268896e-03 -5.277103e-01 -4.252006e-04 -1.268121e-03 9.999991e-01 -4.581521e+01
9.999925e-01 3.190543e-03 -2.176804e-03 2.079087e+01 -3.190433e-03 9.999949e-01 5.396793e-05 -4.978202e-01 2.176965e-03 -4.702322e-05 9.999976e-01 -4.795946e+01
9.999960e-01 -2.026004e-03 -1.969514e-03 2.090712e+01 2.028587e-03 9.999971e-01 1.310446e-03 -4.771220e-01 1.966854e-03 -1.314436e-03 9.999972e-01 -4.954987e+01
9.999886e-01 2.919699e-03 -3.788091e-03 2.102611e+01 -2.919399e-03 9.999957e-01 8.491032e-05 -4.655236e-01 3.788322e-03 -7.385104e-05 9.999928e-01 -5.068438e+01
9.999976e-01 -1.967063e-03 -9.599463e-04 2.111994e+01 1.968238e-03 9.999973e-01 1.223941e-03 -4.506171e-01 9.575364e-04 -1.225827e-03 9.999988e-01 -5.198751e+01
9.999907e-01 2.881462e-03 -3.194768e-03 2.117370e+01 -2.881096e-03 9.999958e-01 1.194189e-04 -4.354126e-01 3.195099e-03 -1.102140e-04 9.999949e-01 -5.332077e+01
9.999968e-01 -1.954104e-03 -1.616313e-03 2.124613e+01 1.956143e-03 9.999973e-01 1.260921e-03 -4.214783e-01 1.613845e-03 -1.264079e-03 9.999979e-01 -5.459715e+01
9.999913e-01 2.868435e-03 -3.020624e-03 2.133100e+01 -2.868357e-03 9.999959e-01 3.045001e-05 -4.073705e-01 3.020699e-03 -2.178615e-05 9.999954e-01 -5.587215e+01
9.999967e-01 -1.900271e-03 -1.726421e-03 2.142810e+01 1.902592e-03 9.999973e-01 1.343110e-03 -3.919983e-01 1.723864e-03 -1.346390e-03 9.999976e-01 -5.722998e+01
9.999882e-01 2.686363e-03 -4.050271e-03 2.163127e+01 -2.686148e-03 9.999964e-01 5.872019e-05 -3.784481e-01 4.050414e-03 -4.784051e-05 9.999918e-01 -5.852823e+01
9.999986e-01 -1.673640e-03 5.907368e-05 2.168094e+01 1.673563e-03 9.999978e-01 1.293640e-03 -3.612197e-01 -6.123848e-05 -1.293539e-03 9.999992e-01 -5.996370e+01
9.999849e-01 2.572691e-03 -4.856861e-03 2.175622e+01 -2.572396e-03 9.999967e-01 6.701998e-05 -3.480983e-01 4.857017e-03 -5.452583e-05 9.999882e-01 -6.118767e+01
9.999987e-01 -1.512671e-03 -5.618061e-04 2.182055e+01 1.513470e-03 9.999978e-01 1.424275e-03 -3.350138e-01 5.596506e-04 -1.425122e-03 9.999988e-01 -6.235645e+01
9.999903e-01 2.580361e-03 -3.555506e-03 2.180511e+01 -2.580917e-03 9.999967e-01 -1.515594e-04 -3.204314e-01 3.555103e-03 1.607338e-04 9.999937e-01 -6.357585e+01
9.999982e-01 -1.289609e-03 1.392670e-03 2.173396e+01 1.287618e-03 9.999981e-01 1.430048e-03 -2.971131e-01 -1.394512e-03 -1.428252e-03 9.999980e-01 -6.526406e+01
9.999932e-01 2.756062e-03 -2.450996e-03 2.165583e+01 -2.756321e-03 9.999962e-01 -1.023224e-04 -2.667076e-01 2.450704e-03 1.090768e-04 9.999970e-01 -6.738095e+01
9.999984e-01 -1.092400e-03 1.418982e-03 2.167179e+01 1.090126e-03 9.999981e-01 1.602687e-03 -2.311226e-01 -1.420730e-03 -1.601136e-03 9.999977e-01 -6.984441e+01
9.999900e-01 2.515604e-03 -3.698943e-03 2.172261e+01 -2.515991e-03 9.999968e-01 -9.990946e-05 -2.020678e-01 3.698679e-03 1.092143e-04 9.999932e-01 -7.190111e+01
9.999991e-01 -1.181812e-03 -6.761440e-04 2.188244e+01 1.182825e-03 9.999982e-01 1.499121e-03 -1.765377e-01 6.743713e-04 -1.499919e-03 9.999986e-01 -7.378100e+01
9.999943e-01 2.384338e-03 -2.406766e-03 2.195464e+01 -2.384293e-03 9.999972e-01 2.168110e-05 -1.517244e-01 2.406810e-03 -1.594317e-05 9.999971e-01 -7.560808e+01
9.999994e-01 -1.093178e-03 -1.010634e-04 2.190508e+01 1.093312e-03 9.999985e-01 1.330800e-03 -1.281999e-01 9.960855e-05 -1.330909e-03 9.999991e-01 -7.730143e+01
9.999933e-01 2.157799e-03 -2.944021e-03 2.187874e+01 -2.157888e-03 9.999977e-01 -2.672511e-05 -1.092585e-01 2.943956e-03 3.307716e-05 9.999957e-01 -7.875945e+01
9.999974e-01 -9.868723e-04 2.066869e-03 2.167302e+01 9.840956e-04 9.999986e-01 1.344225e-03 -8.408565e-02 -2.068193e-03 -1.342187e-03 9.999970e-01 -8.047753e+01
9.999928e-01 2.176278e-03 -3.094941e-03 2.138516e+01 -2.176304e-03 9.999976e-01 -4.777139e-06 -6.112246e-02 3.094923e-03 1.151201e-05 9.999952e-01 -8.203317e+01
9.999988e-01 -1.409771e-03 -6.615206e-04 2.134696e+01 1.410600e-03 9.999982e-01 1.253426e-03 -4.953693e-02 6.597525e-04 -1.254357e-03 9.999990e-01 -8.307160e+01
9.999898e-01 2.513039e-03 -3.745481e-03 2.137891e+01 -2.512228e-03 9.999968e-01 2.212392e-04 -3.238254e-02 3.746025e-03 -2.118281e-04 9.999930e-01 -8.446459e+01
9.999991e-01 -1.193839e-03 6.829254e-04 2.142020e+01 1.193060e-03 9.999986e-01 1.141341e-03 -7.145297e-03 -6.842869e-04 -1.140525e-03 9.999991e-01 -8.627222e+01
9.999907e-01 2.363763e-03 -3.604171e-03 2.139557e+01 -2.362970e-03 9.999972e-01 2.242675e-04 1.360876e-02 3.604691e-03 -2.157495e-04 9.999935e-01 -8.784679e+01
9.999991e-01 -1.241769e-03 -5.639487e-04 2.146010e+01 1.242399e-03 9.999986e-01 1.118350e-03 3.187537e-02 5.625593e-04 -1.119049e-03 9.999992e-01 -8.929685e+01
9.999850e-01 2.404332e-03 -4.919519e-03 2.155674e+01 -2.403240e-03 9.999971e-01 2.279437e-04 4.715173e-02 4.920053e-03 -2.161182e-04 9.999879e-01 -9.053118e+01
9.999979e-01 -1.556595e-03 -1.328353e-03 2.170062e+01 1.557886e-03 9.999983e-01 9.712738e-04 5.681118e-02 1.326839e-03 -9.733405e-04 9.999986e-01 -9.152366e+01
9.999789e-01 2.489520e-03 -6.001139e-03 2.188315e+01 -2.487668e-03 9.999969e-01 3.161702e-04 6.475100e-02 6.001907e-03 -3.012353e-04 9.999819e-01 -9.240011e+01
9.999987e-01 -1.496063e-03 -5.144002e-04 2.206289e+01 1.496639e-03 9.999983e-01 1.120523e-03 7.808528e-02 5.127231e-04 -1.121291e-03 9.999992e-01 -9.357394e+01
9.999826e-01 2.501221e-03 -5.345471e-03 2.219504e+01 -2.499667e-03 9.999968e-01 2.975130e-04 9.173465e-02 5.346198e-03 -2.841466e-04 9.999857e-01 -9.477165e+01
9.999986e-01 -1.595225e-03 4.463429e-04 2.223573e+01 1.594766e-03 9.999982e-01 1.028116e-03 1.034806e-01 -4.479821e-04 -1.027402e-03 9.999994e-01 -9.583067e+01
9.999864e-01 2.463976e-03 -4.596915e-03 2.215743e+01 -2.462860e-03 9.999969e-01 2.485106e-04 1.151491e-01 4.597513e-03 -2.371863e-04 9.999894e-01 -9.685677e+01
9.999981e-01 -1.390047e-03 1.343543e-03 2.207284e+01 1.388736e-03 9.999986e-01 9.763902e-04 1.316540e-01 -1.344898e-03 -9.745219e-04 9.999986e-01 -9.816420e+01
9.999775e-01 2.149643e-03 -6.354212e-03 2.220557e+01 -2.149669e-03 9.999977e-01 2.778325e-06 1.435598e-01 6.354204e-03 1.088057e-05 9.999798e-01 -9.925589e+01
9.999981e-01 -1.399731e-03 1.346306e-03 2.227391e+01 1.398363e-03 9.999985e-01 1.016662e-03 1.553356e-01 -1.347727e-03 -1.014777e-03 9.999986e-01 -1.003193e+02
9.999650e-01 2.346051e-03 -8.027737e-03 2.245748e+01 -2.351837e-03 9.999970e-01 -7.113719e-04 1.408478e-01 8.026044e-03 7.302264e-04 9.999675e-01 -1.000561e+02
9.999037e-01 2.513202e-03 1.364986e-02 2.271753e+01 -2.455394e-03 9.999880e-01 -4.250176e-03 6.244452e-02 -1.366037e-02 4.216251e-03 9.998978e-01 -9.669306e+01
9.998717e-01 3.220255e-03 -1.569075e-02 2.303262e+01 -3.226192e-03 9.999947e-01 -3.530184e-04 -2.307584e-02 1.568953e-02 4.035939e-04 9.998768e-01 -9.367413e+01
9.999629e-01 -2.491357e-03 8.247731e-03 2.313795e+01 2.478514e-03 9.999957e-01 1.567043e-03 -2.020192e-02 -8.251600e-03 -1.546542e-03 9.999648e-01 -9.430616e+01
9.999292e-01 3.578729e-03 -1.135281e-02 2.312261e+01 -3.582097e-03 9.999935e-01 -2.762956e-04 -4.316471e-05 1.135174e-02 3.169422e-04 9.999355e-01 -9.584479e+01
9.999826e-01 -3.170517e-03 4.967991e-03 2.337135e+01 3.162901e-03 9.999938e-01 1.540192e-03 9.448858e-03 -4.972844e-03 -1.524451e-03 9.999865e-01 -9.696442e+01
9.999180e-01 3.826112e-03 -1.222071e-02 2.362090e+01 -3.830555e-03 9.999926e-01 -3.401162e-04 2.111852e-02 1.221932e-02 3.868998e-04 9.999253e-01 -9.808619e+01
9.999744e-01 -2.873624e-03 6.556804e-03 2.371034e+01 2.861619e-03 9.999942e-01 1.839626e-03 3.468808e-02 -6.562053e-03 -1.820815e-03 9.999768e-01 -9.924907e+01
9.998994e-01 3.902878e-03 -1.363635e-02 2.392170e+01 -3.908727e-03 9.999923e-01 -4.022338e-04 4.979283e-02 1.363467e-02 4.554934e-04 9.999069e-01 -1.004924e+02
9.999772e-01 -3.049447e-03 6.031919e-03 2.415707e+01 3.039396e-03 9.999940e-01 1.674932e-03 5.871965e-02 -6.036990e-03 -1.656560e-03 9.999804e-01 -1.013821e+02
9.999046e-01 4.025671e-03 -1.321075e-02 2.433763e+01 -4.029225e-03 9.999919e-01 -2.423660e-04 6.986878e-02 1.320967e-02 2.955714e-04 9.999127e-01 -1.024105e+02
9.999687e-01 -3.209597e-03 7.226227e-03 2.443097e+01 3.200543e-03 9.999941e-01 1.264217e-03 7.204364e-02 -7.230241e-03 -1.241049e-03 9.999731e-01 -1.029113e+02
9.998473e-01 4.560333e-03 -1.686684e-02 2.476097e+01 -4.577953e-03 9.999890e-01 -1.006148e-03 5.301674e-02 1.686207e-02 1.083209e-03 9.998572e-01 -1.025972e+02
9.998526e-01 -2.024335e-03 1.705165e-02 2.486604e+01 2.040984e-03 9.999975e-01 -9.590335e-04 1.259925e-02 -1.704966e-02 9.936949e-04 9.998542e-01 -1.008747e+02
9.997767e-01 5.491846e-03 -2.040376e-02 2.502739e+01 -5.524471e-03 9.999835e-01 -1.542954e-03 -3.982353e-02 2.039496e-02 1.655329e-03 9.997906e-01 -9.890815e+01
9.999079e-01 -4.462329e-03 1.281693e-02 2.517744e+01 4.427444e-03 9.999864e-01 2.748915e-03 -3.690844e-02 -1.282902e-02 -2.691915e-03 9.999141e-01 -9.947941e+01
9.998423e-01 5.616961e-03 -1.684482e-02 2.519773e+01 -5.640740e-03 9.999832e-01 -1.364421e-03 -1.774135e-02 1.683687e-02 1.459222e-03 9.998572e-01 -1.009157e+02
9.999083e-01 -4.550308e-03 1.275366e-02 2.525776e+01 4.515407e-03 9.999860e-01 2.764014e-03 1.117102e-03 -1.276606e-02 -2.706172e-03 9.999148e-01 -1.023937e+02
9.998339e-01 5.632236e-03 -1.733259e-02 2.534609e+01 -5.657372e-03 9.999830e-01 -1.401471e-03 1.858171e-02 1.732440e-02 1.499295e-03 9.998488e-01 -1.037744e+02
9.998925e-01 -4.501779e-03 1.395496e-02 2.538595e+01 4.463331e-03 9.999862e-01 2.785132e-03 4.050483e-02 -1.396730e-02 -2.722547e-03 9.998987e-01 -1.054362e+02
9.998387e-01 5.377083e-03 -1.713587e-02 2.554620e+01 -5.400507e-03 9.999845e-01 -1.320988e-03 6.522188e-02 1.712851e-02 1.413317e-03 9.998523e-01 -1.074295e+02
9.998984e-01 -4.154094e-03 1.363778e-02 2.564930e+01 4.113689e-03 9.999871e-01 2.989444e-03 9.110597e-02 -1.365002e-02 -2.933038e-03 9.999025e-01 -1.093107e+02
9.998233e-01 5.193726e-03 -1.806422e-02 2.571060e+01 -5.222516e-03 9.999852e-01 -1.546921e-03 1.077722e-01 1.805592e-02 1.640987e-03 9.998356e-01 -1.106840e+02
9.999034e-01 -4.155498e-03 1.326280e-02 2.579198e+01 4.116636e-03 9.999872e-01 2.956168e-03 1.238020e-01 -1.327491e-02 -2.901284e-03 9.999077e-01 -1.120064e+02
9.997943e-01 4.993640e-03 -1.965717e-02 2.592380e+01 -5.025098e-03 9.999862e-01 -1.551248e-03 1.323424e-01 1.964915e-02 1.649708e-03 9.998056e-01 -1.129160e+02
9.999168e-01 -3.617641e-03 1.238555e-02 2.626558e+01 3.603051e-03 9.999928e-01 1.200176e-03 1.124568e-01 -1.238980e-02 -1.155450e-03 9.999226e-01 -1.125261e+02
9.997477e-01 5.972049e-03 -2.165250e-02 2.660622e+01 -6.010639e-03 9.999805e-01 -1.717577e-03 7.945467e-02 2.164182e-02 1.847288e-03 9.997641e-01 -1.115033e+02
9.997249e-01 -3.602477e-03 2.317556e-02 2.667751e+01 3.610463e-03 9.999934e-01 -3.027541e-04 4.185448e-02 -2.317432e-02 3.863459e-04 9.997314e-01 -1.097290e+02
9.998265e-01 5.556629e-03 -1.778111e-02 2.610226e+01 -5.590656e-03 9.999826e-01 -1.864533e-03 4.274026e-02 1.777044e-02 1.963617e-03 9.998402e-01 -1.083522e+02
9.995955e-01 -4.799995e-03 2.803093e-02 2.467570e+01 4.738850e-03 9.999862e-01 2.247358e-03 1.234562e-01 -2.804134e-02 -2.113614e-03 9.996045e-01 -1.098313e+02
9.996799e-01 5.900681e-03 -2.460051e-02 2.394873e+01 -5.930639e-03 9.999818e-01 -1.144994e-03 1.719889e-01 2.459330e-02 1.290524e-03 9.996967e-01 -1.116351e+02
9.997648e-01 -4.661981e-03 2.118136e-02 2.400383e+01 4.607054e-03 9.999859e-01 2.641257e-03 1.956530e-01 -2.119337e-02 -2.543051e-03 9.997722e-01 -1.133664e+02
9.996322e-01 4.952319e-03 -2.666237e-02 2.430626e+01 -4.990800e-03 9.999866e-01 -1.376888e-03 2.094731e-01 2.665520e-02 1.509448e-03 9.996435e-01 -1.147943e+02
9.998283e-01 -4.223458e-03 1.804085e-02 2.467727e+01 4.170180e-03 9.999868e-01 2.989792e-03 2.241559e-01 -1.805324e-02 -2.914045e-03 9.998328e-01 -1.160700e+02
9.998406e-01 6.903764e-03 -1.646276e-02 2.478575e+01 -6.989021e-03 9.999624e-01 -5.126845e-03 1.842133e-01 1.642675e-02 5.241086e-03 9.998513e-01 -1.141844e+02
9.999494e-01 -2.767651e-03 9.667954e-03 2.510020e+01 2.741036e-03 9.999924e-01 2.765110e-03 1.198841e-01 -9.675534e-03 -2.738470e-03 9.999494e-01 -1.122124e+02
9.998657e-01 3.651236e-03 -1.597557e-02 2.526618e+01 -3.672939e-03 9.999924e-01 -1.329389e-03 1.336115e-01 1.597059e-02 1.387887e-03 9.998715e-01 -1.134280e+02
9.999224e-01 -2.807690e-03 1.213506e-02 2.531711e+01 2.775596e-03 9.999926e-01 2.660765e-03 1.508146e-01 -1.214244e-02 -2.626876e-03 9.999228e-01 -1.148738e+02
9.997826e-01 3.142676e-03 -2.061017e-02 2.572153e+01 -3.164999e-03 9.999944e-01 -1.050565e-03 1.567947e-01 2.060675e-02 1.115567e-03 9.997870e-01 -1.159025e+02
9.999772e-01 -2.557598e-03 6.248197e-03 2.641663e+01 2.539108e-03 9.999924e-01 2.965417e-03 1.500402e-01 -6.255733e-03 -2.949484e-03 9.999761e-01 -1.165210e+02
9.999264e-01 3.263469e-03 -1.168529e-02 2.653856e+01 -3.282176e-03 9.999934e-01 -1.582027e-03 1.616652e-01 1.168005e-02 1.620263e-03 9.999305e-01 -1.176796e+02
9.999827e-01 -2.457812e-03 5.339805e-03 2.669608e+01 2.441511e-03 9.999923e-01 3.057262e-03 1.729122e-01 -5.347278e-03 -3.044171e-03 9.999811e-01 -1.187754e+02
9.999506e-01 3.483418e-03 -9.308313e-03 2.673547e+01 -3.499554e-03 9.999924e-01 -1.717765e-03 1.902412e-01 9.302258e-03 1.750254e-03 9.999552e-01 -1.201985e+02
9.999871e-01 -2.895980e-03 4.180172e-03 2.683250e+01 2.883238e-03 9.999912e-01 3.051114e-03 2.000915e-01 -4.188971e-03 -3.039021e-03 9.999866e-01 -1.212663e+02
9.999525e-01 3.763884e-03 -8.996143e-03 2.687228e+01 -3.779822e-03 9.999913e-01 -1.755231e-03 2.112611e-01 8.989459e-03 1.789151e-03 9.999580e-01 -1.223276e+02
9.999930e-01 -3.097179e-03 2.093762e-03 2.703389e+01 3.090715e-03 9.999905e-01 3.083617e-03 2.170620e-01 -2.103293e-03 -3.077124e-03 9.999931e-01 -1.231374e+02
9.999585e-01 4.047477e-03 -8.163311e-03 2.715430e+01 -4.071094e-03 9.999876e-01 -2.878416e-03 2.022078e-01 8.151559e-03 2.911529e-03 9.999625e-01 -1.227626e+02
9.999940e-01 -2.274853e-03 2.615293e-03 2.733192e+01 2.269067e-03 9.999950e-01 2.213311e-03 1.719693e-01 -2.620315e-03 -2.207362e-03 9.999941e-01 -1.216699e+02
9.997033e-01 4.380020e-03 -2.395912e-02 2.849358e+01 -4.401664e-03 9.999900e-01 -8.506774e-04 1.151142e-01 2.395516e-02 9.558845e-04 9.997126e-01 -1.210402e+02
9.999952e-01 -2.333381e-03 2.027790e-03 2.956864e+01 2.329251e-03 9.999952e-01 2.036931e-03 6.873815e-02 -2.032533e-03 -2.032198e-03 9.999959e-01 -1.205140e+02
9.999106e-01 4.188007e-03 -1.269950e-02 2.996578e+01 -4.216472e-03 9.999887e-01 -2.215467e-03 3.179755e-02 1.269008e-02 2.268815e-03 9.999169e-01 -1.196134e+02
9.999961e-01 -2.733464e-03 -5.334788e-04 3.051797e+01 2.734603e-03 9.999940e-01 2.145738e-03 -5.186306e-03 5.276104e-04 -2.147188e-03 9.999976e-01 -1.189897e+02
9.997971e-01 3.102743e-03 -1.990088e-02 3.194274e+01 -3.107058e-03 9.999952e-01 -1.858960e-04 -5.219571e-02 1.990020e-02 2.476909e-04 9.998019e-01 -1.191543e+02
9.999872e-01 -3.071006e-03 -4.031184e-03 3.353631e+01 3.079016e-03 9.999933e-01 1.982282e-03 -1.014959e-01 4.025069e-03 -1.994669e-03 9.999899e-01 -1.194097e+02
9.999888e-01 3.216434e-03 -3.475675e-03 3.395205e+01 -3.220685e-03 9.999941e-01 -1.217828e-03 -9.456962e-02 3.471737e-03 1.229007e-03 9.999932e-01 -1.205305e+02
9.999893e-01 -2.973686e-03 3.538358e-03 3.385055e+01 2.967155e-03 9.999939e-01 1.849644e-03 -7.567618e-02 -3.543836e-03 -1.839125e-03 9.999920e-01 -1.221773e+02
9.999231e-01 3.534191e-03 -1.188821e-02 3.422676e+01 -3.545470e-03 9.999933e-01 -9.278205e-04 -6.981957e-02 1.188485e-02 9.698978e-04 9.999289e-01 -1.231706e+02
9.999955e-01 -2.812820e-03 9.942153e-04 3.470729e+01 2.810537e-03 9.999934e-01 2.291372e-03 -7.115495e-02 -1.000654e-03 -2.288567e-03 9.999969e-01 -1.238259e+02
9.999308e-01 3.396947e-03 -1.126559e-02 3.511707e+01 -3.405770e-03 9.999939e-01 -7.640760e-04 -6.813249e-02 1.126292e-02 8.023906e-04 9.999362e-01 -1.245576e+02
9.999687e-01 -2.485602e-03 7.506088e-03 3.506111e+01 2.470370e-03 9.999949e-01 2.037909e-03 -5.299409e-02 -7.511115e-03 -2.019302e-03 9.999698e-01 -1.257632e+02
9.999083e-01 3.378862e-03 -1.311410e-02 3.517517e+01 -3.389814e-03 9.999939e-01 -8.129053e-04 -4.222518e-02 1.311127e-02 8.572846e-04 9.999137e-01 -1.268206e+02
9.999823e-01 -2.711133e-03 5.292939e-03 3.542580e+01 2.700411e-03 9.999943e-01 2.031982e-03 -3.938972e-02 -5.298418e-03 -2.017653e-03 9.999839e-01 -1.275827e+02
9.998932e-01 3.598313e-03 -1.416824e-02 3.571228e+01 -3.609712e-03 9.999932e-01 -7.790800e-04 -3.920907e-02 1.416534e-02 8.301395e-04 9.998993e-01 -1.282372e+02
9.999775e-01 -2.898638e-03 6.052136e-03 3.599200e+01 2.885791e-03 9.999936e-01 2.130347e-03 -3.630191e-02 -6.058272e-03 -2.112834e-03 9.999794e-01 -1.290575e+02
