9.999953e-01 6.385100e-04 -3.010444e-03 -2.280981e-01 -6.356913e-04 9.999994e-01 9.371827e-04 1.254884e-02 3.011040e-03 -9.352652e-04 9.999950e-01 -4.561453e-01
9.999999e-01 2.198627e-04 -3.208538e-04 -3.219853e-01 -2.200792e-04 9.999997e-01 -6.751026e-04 8.994007e-03 3.207056e-04 6.751738e-04 9.999997e-01 -2.402281e-01
9.999954e-01 5.647288e-04 -2.968330e-03 -5.319824e-01 -5.609145e-04 9.999990e-01 1.285661e-03 1.290214e-02 2.969053e-03 -1.283991e-03 9.999948e-01 -2.254090e-01
9.999989e-01 1.022647e-04 1.470743e-03 -8.793683e-01 -1.014003e-04 9.999998e-01 -5.877629e-04 2.483231e-02 -1.470803e-03 5.876138e-04 9.999987e-01 -4.032896e-01
9.999849e-01 6.439645e-04 -5.451658e-03 -9.815956e-01 -6.357388e-04 9.999987e-01 1.510443e-03 3.162086e-02 5.452623e-03 -1.506955e-03 9.999840e-01 -8.867221e-01
9.999994e-01 1.898216e-04 1.096189e-03 -1.031026e+00 -1.891347e-04 9.999998e-01 -6.266520e-04 3.432820e-02 -1.096308e-03 6.264450e-04 9.999992e-01 -1.211418e+00
9.999830e-01 5.860891e-04 -5.797896e-03 -1.127844e+00 -5.779381e-04 9.999988e-01 1.407433e-03 3.411446e-02 5.798713e-03 -1.404059e-03 9.999822e-01 -1.342009e+00
9.999994e-01 3.324247e-04 1.087180e-03 -1.138735e+00 -3.316975e-04 9.999997e-01 -6.689945e-04 3.594884e-02 -1.087402e-03 6.686341e-04 9.999992e-01 -1.639426e+00
9.999884e-01 5.087319e-04 -4.791235e-03 -1.257911e+00 -5.039254e-04 9.999994e-01 1.004345e-03 2.976282e-02 4.791743e-03 -1.001920e-03 9.999880e-01 -1.268823e+00
9.999999e-01 3.499040e-04 -1.982591e-04 -1.287911e+00 -3.499831e-04 9.999999e-01 -3.993827e-04 2.938064e-02 1.981197e-04 3.994527e-04 9.999999e-01 -1.312577e+00
9.999930e-01 5.051230e-04 -3.718060e-03 -1.375261e+00 -5.017882e-04 9.999995e-01 8.977818e-04 2.883406e-02 3.718511e-03 -8.959105e-04 9.999927e-01 -1.282317e+00
9.999998e-01 1.629336e-04 5.585663e-04 -1.551838e+00 -1.629317e-04 1.000000e+00 -3.270466e-06 4.057658e-02 -5.585665e-04 3.180170e-06 9.999998e-01 -1.792105e+00
9.999898e-01 5.974034e-04 -4.481926e-03 -1.683339e+00 -5.921542e-04 9.999991e-01 1.172445e-03 5.251269e-02 4.482622e-03 -1.169779e-03 9.999893e-01 -2.587503e+00
9.999997e-01 2.988434e-04 -7.783022e-04 -1.647735e+00 -2.986885e-04 9.999999e-01 1.990885e-04 6.279468e-02 7.783619e-04 -1.988553e-04 9.999997e-01 -3.561470e+00
9.999981e-01 2.101044e-04 -1.913697e-03 -1.814932e+00 -2.084327e-04 9.999996e-01 8.736929e-04 7.230114e-02 1.913880e-03 -8.732932e-04 9.999978e-01 -4.109367e+00
9.999951e-01 4.468533e-04 -3.107246e-03 -1.908111e+00 -4.465762e-04 9.999999e-01 8.986064e-05 7.639630e-02 3.107286e-03 -8.847186e-05 9.999952e-01 -4.435880e+00
9.999967e-01 4.799324e-04 -2.507793e-03 -1.848233e+00 -4.764773e-04 9.999989e-01 1.378200e-03 8.775652e-02 2.508451e-03 -1.377002e-03 9.999959e-01 -5.480006e+00
9.999936e-01 4.485326e-04 -3.540070e-03 -1.720582e+00 -4.490755e-04 9.999999e-01 -1.525800e-04 9.931957e-02 3.540002e-03 1.541695e-04 9.999937e-01 -6.513819e+00
9.999906e-01 3.844097e-04 -4.322018e-03 -1.520373e+00 -3.768155e-04 9.999984e-01 1.757786e-03 1.068470e-01 4.322686e-03 -1.756141e-03 9.999891e-01 -7.356719e+00
9.999999e-01 2.843865e-04 -4.188804e-04 -1.546393e+00 -2.847117e-04 9.999997e-01 -7.765422e-04 1.137292e-01 4.186598e-04 7.766621e-04 9.999996e-01 -7.917060e+00
9.999797e-01 4.976636e-04 -6.346476e-03 -1.398207e+00 -4.845871e-04 9.999978e-01 2.061814e-03 1.235400e-01 6.347487e-03 -2.058697e-03 9.999777e-01 -8.886146e+00
9.999997e-01 4.096125e-04 6.355990e-04 -1.300831e+00 -4.092161e-04 9.999997e-01 -6.235423e-04 1.356567e-01 -6.358539e-04 6.232827e-04 9.999996e-01 -9.989803e+00
9.999665e-01 2.874102e-04 -8.181207e-03 -1.103141e+00 -2.717856e-04 9.999981e-01 1.910867e-03 1.431687e-01 8.181740e-03 -1.908580e-03 9.999647e-01 -1.084198e+01
9.999988e-01 6.558139e-04 -1.437403e-03 -7.788923e-01 -6.562827e-04 9.999997e-01 -3.257670e-04 1.480326e-01 1.437189e-03 3.267107e-04 9.999989e-01 -1.164065e+01
9.999930e-01 2.631825e-04 -3.742651e-03 -7.377938e-01 -2.584217e-04 9.999992e-01 1.272481e-03 1.506330e-01 3.742983e-03 -1.271505e-03 9.999922e-01 -1.201244e+01
9.999960e-01 6.583790e-04 -2.761132e-03 -6.514313e-01 -6.596502e-04 9.999997e-01 -4.595285e-04 1.492147e-01 2.760829e-03 4.613487e-04 9.999961e-01 -1.224133e+01
9.999946e-01 1.897561e-04 -3.265912e-03 -5.788670e-01 -1.854445e-04 9.999991e-01 1.320456e-03 1.512700e-01 3.266160e-03 -1.319844e-03 9.999938e-01 -1.268527e+01
9.999978e-01 7.562263e-04 -1.939638e-03 -5.264811e-01 -7.561594e-04 9.999997e-01 3.518781e-05 1.642453e-01 1.939665e-03 -3.372034e-05 9.999981e-01 -1.376986e+01
9.999986e-01 1.995957e-04 -1.669003e-03 -5.883462e-01 -1.973607e-04 9.999991e-01 1.339248e-03 1.828169e-01 1.669269e-03 -1.338918e-03 9.999977e-01 -1.507327e+01
9.999989e-01 3.515464e-04 1.458306e-03 -1.062453e+00 -3.509159e-04 9.999998e-01 -4.325304e-04 2.094742e-01 -1.458457e-03 4.320189e-04 9.999988e-01 -1.572189e+01
9.999979e-01 1.380702e-04 -2.040196e-03 -1.520224e+00 -1.356018e-04 9.999993e-01 1.210028e-03 2.325850e-01 2.040361e-03 -1.209750e-03 9.999972e-01 -1.608534e+01
9.999920e-01 4.711345e-04 -3.960163e-03 -1.504945e+00 -4.718202e-04 9.999999e-01 -1.722575e-04 2.405667e-01 3.960082e-03 1.741254e-04 9.999921e-01 -1.658733e+01
9.999983e-01 4.613914e-04 -1.776342e-03 -1.441603e+00 -4.588283e-04 9.999989e-01 1.443124e-03 2.534869e-01 1.777005e-03 -1.442307e-03 9.999974e-01 -1.767342e+01
9.999953e-01 5.960853e-04 -2.996892e-03 -1.399388e+00 -5.963188e-04 9.999998e-01 -7.703792e-05 2.699423e-01 2.996846e-03 7.882538e-05 9.999955e-01 -1.897668e+01
9.999946e-01 2.596950e-04 -3.290216e-03 -1.261865e+00 -2.550618e-04 9.999990e-01 1.408553e-03 2.811696e-01 3.290578e-03 -1.407707e-03 9.999936e-01 -2.002118e+01
9.999832e-01 3.337234e-04 -5.785385e-03 -9.913178e-01 -3.350493e-04 9.999999e-01 -2.282154e-04 2.850485e-01 5.785309e-03 2.301506e-04 9.999832e-01 -2.065917e+01
9.999981e-01 4.211174e-04 -1.883338e-03 -8.630913e-01 -4.184541e-04 9.999989e-01 1.414340e-03 2.904949e-01 1.883931e-03 -1.413550e-03 9.999972e-01 -2.124839e+01
9.999870e-01 3.893826e-04 -5.092649e-03 -7.744343e-01 -3.897251e-04 9.999999e-01 -6.627219e-05 2.966096e-01 5.092623e-03 6.825677e-05 9.999870e-01 -2.194713e+01
9.999977e-01 3.853626e-04 -2.088832e-03 -7.099195e-01 -3.823783e-04 9.999989e-01 1.428947e-03 3.016695e-01 2.089380e-03 -1.428146e-03 9.999968e-01 -2.255244e+01
9.999890e-01 3.563866e-04 -4.674160e-03 -6.989192e-01 -3.568765e-04 9.999999e-01 -1.039943e-04 3.085795e-01 4.674123e-03 1.056620e-04 9.999891e-01 -2.316724e+01
9.999955e-01 3.639234e-04 -2.968399e-03 -5.902897e-01 -3.597768e-04 9.999990e-01 1.397371e-03 3.121324e-01 2.968904e-03 -1.396298e-03 9.999946e-01 -2.372107e+01
9.999918e-01 3.446762e-04 -4.036333e-03 -5.323369e-01 -3.449735e-04 9.999999e-01 -7.296390e-05 3.186215e-01 4.036308e-03 7.435645e-05 9.999919e-01 -2.440094e+01
9.999953e-01 2.420246e-04 -3.068133e-03 -4.924914e-01 -2.376250e-04 9.999989e-01 1.434284e-03 3.249547e-01 3.068477e-03 -1.433549e-03 9.999943e-01 -2.505885e+01
9.999947e-01 5.030731e-04 -3.218100e-03 -5.199154e-01 -5.036723e-04 9.999999e-01 -1.854155e-04 3.317923e-01 3.218006e-03 1.870361e-04 9.999948e-01 -2.567999e+01
9.999985e-01 9.866187e-05 -1.718824e-03 -6.127943e-01 -9.654232e-05 9.999992e-01 1.233234e-03 3.396450e-01 1.718944e-03 -1.233067e-03 9.999978e-01 -2.611883e+01
9.999893e-01 7.461364e-04 -4.555360e-03 -5.889922e-01 -7.461038e-04 9.999997e-01 8.828897e-06 3.506190e-01 4.555366e-03 -5.429320e-06 9.999896e-01 -2.689120e+01
1.000000e+00 -2.335673e-06 -3.572067e-05 -7.241628e-01 2.375055e-06 9.999994e-01 1.105459e-03 3.646466e-01 3.571775e-05 -1.105459e-03 9.999994e-01 -2.767670e+01
9.999964e-01 6.663266e-04 -2.606323e-03 -1.076113e+00 -6.663515e-04 9.999998e-01 -8.747630e-06 3.844994e-01 2.606317e-03 1.048504e-05 9.999966e-01 -2.836281e+01
9.999990e-01 1.412953e-05 -1.383530e-03 -1.251651e+00 -1.260921e-05 9.999994e-01 1.098947e-03 3.986782e-01 1.383545e-03 -1.098929e-03 9.999984e-01 -2.902091e+01
9.999924e-01 2.984263e-04 -3.883728e-03 -1.289550e+00 -2.991118e-04 9.999999e-01 -1.759632e-04 4.047375e-01 3.883676e-03 1.771243e-04 9.999924e-01 -2.948737e+01
9.999873e-01 4.597269e-04 -5.023577e-03 -1.100708e+00 -4.531679e-04 9.999990e-01 1.306725e-03 4.046438e-01 5.024173e-03 -1.304433e-03 9.999865e-01 -2.983357e+01
1.000000e+00 2.667850e-04 -2.813310e-05 -1.219138e+00 -2.667879e-04 1.000000e+00 -1.069507e-04 4.123293e-01 2.810489e-05 1.069589e-04 1.000000e+00 -3.046950e+01
9.999948e-01 7.426144e-04 -3.124164e-03 -1.361437e+00 -7.385248e-04 9.999989e-01 1.310022e-03 4.294391e-01 3.125133e-03 -1.307708e-03 9.999943e-01 -3.174186e+01
9.999997e-01 4.179775e-04 -5.978214e-04 -1.394319e+00 -4.180358e-04 9.999999e-01 -9.761667e-05 4.461940e-01 5.977809e-04 9.786726e-05 9.999998e-01 -3.305872e+01
9.999904e-01 5.015015e-04 -4.347834e-03 -1.326907e+00 -4.960557e-04 9.999991e-01 1.253550e-03 4.581878e-01 4.348458e-03 -1.251382e-03 9.999898e-01 -3.412351e+01
9.999992e-01 1.408971e-04 -1.253446e-03 -1.178935e+00 -1.412092e-04 1.000000e+00 -2.490049e-04 4.673640e-01 1.253411e-03 2.491824e-04 9.999992e-01 -3.516397e+01
9.999919e-01 7.536865e-04 -3.957766e-03 -1.117599e+00 -7.476585e-04 9.999986e-01 1.524363e-03 4.783969e-01 3.958909e-03 -1.521392e-03 9.999910e-01 -3.624591e+01
9.999967e-01 -1.210067e-05 -2.562212e-03 -1.003638e+00 1.093532e-05 9.999999e-01 -4.548843e-04 4.856853e-01 2.562218e-03 4.548555e-04 9.999966e-01 -3.706477e+01
9.999986e-01 1.014474e-03 -1.306797e-03 -1.025748e+00 -1.012274e-03 9.999981e-01 1.682996e-03 5.011275e-01 1.308501e-03 -1.681672e-03 9.999977e-01 -3.833766e+01
9.999937e-01 -3.307858e-04 -3.534854e-03 -9.369557e-01 3.289515e-04 9.999998e-01 -5.195133e-04 5.122945e-01 3.535025e-03 5.183479e-04 9.999936e-01 -3.945706e+01
9.999991e-01 1.360488e-03 5.792696e-05 -9.743757e-01 -1.360587e-03 9.999976e-01 1.733756e-03 5.300136e-01 -5.556837e-05 -1.733834e-03 9.999985e-01 -4.088283e+01
9.999878e-01 -3.109680e-04 -4.931696e-03 -9.201640e-01 3.092451e-04 9.999999e-01 -3.501297e-04 5.443406e-01 4.931805e-03 3.486010e-04 9.999878e-01 -4.206943e+01
9.999948e-01 7.959651e-04 -3.115245e-03 -6.965771e-01 -7.908934e-04 9.999984e-01 1.628956e-03 5.495552e-01 3.116536e-03 -1.626485e-03 9.999938e-01 -4.283601e+01
9.999923e-01 -1.641392e-04 -3.913591e-03 -5.161937e-01 1.627424e-04 9.999999e-01 -3.572621e-04 5.592239e-01 3.913650e-03 3.566232e-04 9.999923e-01 -4.385952e+01
9.999968e-01 1.011619e-03 -2.301360e-03 -3.811026e-01 -1.007838e-03 9.999981e-01 1.643230e-03 5.699651e-01 2.303018e-03 -1.640906e-03 9.999960e-01 -4.490163e+01
9.999972e-01 -3.200008e-04 -2.337523e-03 -3.593729e-01 3.193251e-04 9.999999e-01 -2.895059e-04 5.800221e-01 2.337615e-03 2.887593e-04 9.999972e-01 -4.591365e+01
9.999982e-01 1.270729e-03 -1.385434e-03 -4.148636e-01 -1.268506e-03 9.999979e-01 1.604780e-03 5.950524e-01 1.387470e-03 -1.603020e-03 9.999978e-01 -4.715096e+01
9.999973e-01 -3.309958e-04 -2.301944e-03 -4.845988e-01 3.302425e-04 9.999999e-01 -3.277140e-04 6.098495e-01 2.302053e-03 3.269536e-04 9.999973e-01 -4.836749e+01
9.999953e-01 1.290252e-03 -2.781354e-03 -4.390404e-01 -1.285757e-03 9.999979e-01 1.617039e-03 6.219265e-01 2.783434e-03 -1.613456e-03 9.999948e-01 -4.946538e+01
9.999974e-01 -4.982764e-04 -2.218316e-03 -3.733358e-01 4.974427e-04 9.999998e-01 -3.764095e-04 6.330598e-01 2.218503e-03 3.753058e-04 9.999975e-01 -5.054370e+01
9.999988e-01 1.477656e-03 -5.029584e-04 -5.554815e-01 -1.476814e-03 9.999975e-01 1.669848e-03 6.497264e-01 5.054243e-04 -1.669104e-03 9.999985e-01 -5.178286e+01
9.999964e-01 -4.988731e-04 -2.654002e-03 -6.941070e-01 4.978537e-04 9.999998e-01 -3.847764e-04 6.679604e-01 2.654193e-03 3.834544e-04 9.999964e-01 -5.305205e+01
9.999988e-01 1.563013e-03 -1.116878e-04 -8.562470e-01 -1.562826e-03 9.999974e-01 1.650884e-03 6.865862e-01 1.142675e-04 -1.650708e-03 9.999986e-01 -5.438713e+01
9.999981e-01 -4.971369e-04 -1.898593e-03 -1.034027e+00 4.963365e-04 9.999998e-01 -4.221204e-04 7.064724e-01 1.898803e-03 4.211779e-04 9.999981e-01 -5.582555e+01
9.999988e-01 1.532889e-03 -2.868261e-04 -1.152628e+00 -1.532413e-03 9.999975e-01 1.654156e-03 7.257840e-01 2.893607e-04 -1.653715e-03 9.999986e-01 -5.731712e+01
9.999992e-01 -4.839126e-04 -1.130494e-03 -1.461617e+00 4.835027e-04 9.999998e-01 -3.629301e-04 7.456438e-01 1.130670e-03 3.623840e-04 9.999993e-01 -5.868689e+01
9.999988e-01 1.516199e-03 2.033647e-04 -1.914645e+00 -1.516541e-03 9.999974e-01 1.692659e-03 7.702238e-01 -2.007980e-04 -1.692966e-03 9.999985e-01 -5.994780e+01
9.999984e-01 -5.935873e-04 -1.664465e-03 -2.326274e+00 5.930347e-04 9.999998e-01 -3.325635e-04 7.920309e-01 1.664663e-03 3.315766e-04 9.999986e-01 -6.108144e+01
9.999988e-01 1.549886e-03 -2.558620e-04 -2.525301e+00 -1.549491e-03 9.999976e-01 1.535829e-03 8.101012e-01 2.582414e-04 -1.535431e-03 9.999988e-01 -6.243407e+01
9.999993e-01 -4.838514e-04 -1.048789e-03 -2.728761e+00 4.835412e-04 9.999998e-01 -2.961110e-04 8.321691e-01 1.048932e-03 2.956044e-04 9.999994e-01 -6.400167e+01
9.999985e-01 1.707749e-03 1.196288e-04 -2.933044e+00 -1.707928e-03 9.999974e-01 1.514040e-03 8.565639e-01 -1.170432e-04 -1.514243e-03 9.999988e-01 -6.570506e+01
9.999979e-01 -5.762418e-04 -1.969969e-03 -3.135557e+00 5.757661e-04 9.999998e-01 -2.421439e-04 8.780487e-01 1.970109e-03 2.410099e-04 9.999980e-01 -6.714862e+01
9.999965e-01 1.101861e-03 -2.394954e-03 -3.166564e+00 -1.098331e-03 9.999983e-01 1.475019e-03 8.922249e-01 2.396575e-03 -1.472384e-03 9.999960e-01 -6.801425e+01
9.999998e-01 3.250537e-05 -6.049408e-04 -3.198253e+00 -3.260104e-05 1.000000e+00 -1.583783e-04 9.138598e-01 6.049360e-04 1.583987e-04 9.999998e-01 -6.961330e+01
9.999930e-01 8.586212e-04 -3.638935e-03 -3.027787e+00 -8.531694e-04 9.999985e-01 1.499525e-03 9.353889e-01 3.640217e-03 -1.496411e-03 9.999923e-01 -7.130940e+01
9.999998e-01 1.159582e-04 -6.137624e-04 -2.983516e+00 -1.160513e-04 1.000000e+00 -1.519320e-04 9.561055e-01 6.137451e-04 1.520039e-04 9.999998e-01 -7.277770e+01
9.999980e-01 9.244814e-04 -1.768201e-03 -3.156892e+00 -9.221132e-04 9.999987e-01 1.339777e-03 9.776348e-01 1.769437e-03 -1.338144e-03 9.999975e-01 -7.418427e+01
9.999997e-01 -1.069589e-05 -7.827417e-04 -3.296291e+00 1.056561e-05 1.000000e+00 -1.666402e-04 9.962710e-01 7.827437e-04 1.666326e-04 9.999997e-01 -7.552129e+01
9.999982e-01 9.565141e-04 -1.640399e-03 -3.536306e+00 -9.541876e-04 9.999985e-01 1.418561e-03 1.018521e+00 1.641753e-03 -1.416994e-03 9.999976e-01 -7.675210e+01
9.999999e-01 2.533026e-04 4.447816e-04 -3.836936e+00 -2.532031e-04 9.999999e-01 -2.234430e-04 1.043185e+00 -4.448379e-04 2.233311e-04 9.999999e-01 -7.826969e+01
9.999959e-01 8.041284e-04 -2.731135e-03 -3.939466e+00 -8.004866e-04 9.999988e-01 1.334320e-03 1.062271e+00 2.732205e-03 -1.332129e-03 9.999954e-01 -7.967354e+01
9.999992e-01 3.988374e-04 1.236106e-03 -4.181987e+00 -3.987116e-04 9.999999e-01 -1.019069e-04 1.088449e+00 -1.236146e-03 1.014147e-04 9.999992e-01 -8.125867e+01
9.999939e-01 8.564914e-04 -3.386590e-03 -4.270459e+00 -8.517333e-04 9.999986e-01 1.406221e-03 1.113714e+00 3.387790e-03 -1.403329e-03 9.999933e-01 -8.302537e+01
9.999994e-01 3.090569e-04 1.059691e-03 -4.298361e+00 -3.088258e-04 9.999999e-01 -2.180352e-04 1.136786e+00 -1.059758e-03 2.177085e-04 9.999994e-01 -8.469848e+01
9.999117e-01 -8.796429e-05 -1.328696e-02 -3.823407e+00 1.147228e-04 9.999980e-01 2.013156e-03 1.132610e+00 1.328675e-02 -2.014504e-03 9.999097e-01 -8.501682e+01
9.997916e-01 1.353315e-04 2.041199e-02 -5.004638e+00 -9.184501e-05 9.999977e-01 -2.131352e-03 1.194785e+00 -2.041223e-02 2.129034e-03 9.997894e-01 -8.491870e+01
9.998036e-01 4.255710e-04 -1.981159e-02 -5.647564e+00 -3.675878e-04 9.999956e-01 2.930291e-03 1.230203e+00 1.981275e-02 -2.922434e-03 9.997994e-01 -8.530314e+01
9.997774e-01 2.886584e-04 2.109457e-02 -6.267380e+00 -2.490361e-04 9.999982e-01 -1.880914e-03 1.273235e+00 -2.109508e-02 1.875243e-03 9.997757e-01 -8.630488e+01
9.997861e-01 7.243802e-04 -2.066969e-02 -6.709550e+00 -6.685286e-04 9.999961e-01 2.708891e-03 1.307290e+00 2.067157e-02 -2.694494e-03 9.997827e-01 -8.764301e+01
9.998485e-01 1.347226e-04 1.740643e-02 -6.827630e+00 -1.086462e-04 9.999989e-01 -1.499015e-03 1.324274e+00 -1.740661e-02 1.496898e-03 9.998474e-01 -8.879870e+01
9.998094e-01 1.045566e-03 -1.949375e-02 -7.085363e+00 -9.904516e-04 9.999955e-01 2.836719e-03 1.348639e+00 1.949663e-02 -2.816872e-03 9.998060e-01 -9.027553e+01
9.998820e-01 -3.243580e-04 1.536068e-02 -7.057386e+00 3.476431e-04 9.999988e-01 -1.513234e-03 1.363670e+00 -1.536017e-02 1.518396e-03 9.998809e-01 -9.152013e+01
9.998204e-01 1.274010e-03 -1.890801e-02 -7.109220e+00 -1.223516e-03 9.999957e-01 2.681842e-03 1.383338e+00 1.891134e-02 -2.658226e-03 9.998176e-01 -9.299870e+01
9.998451e-01 -6.721112e-05 1.759972e-02 -7.269554e+00 9.063241e-05 9.999991e-01 -1.329972e-03 1.409017e+00 -1.759961e-02 1.331362e-03 9.998442e-01 -9.478998e+01
9.998176e-01 1.423455e-03 -1.904645e-02 -7.427287e+00 -1.371594e-03 9.999953e-01 2.735674e-03 1.436855e+00 1.905026e-02 -2.709052e-03 9.998149e-01 -9.667030e+01
9.998390e-01 -7.609725e-05 1.794419e-02 -7.608342e+00 1.008319e-04 9.999990e-01 -1.377509e-03 1.465293e+00 -1.794407e-02 1.379097e-03 9.998380e-01 -9.854735e+01
9.997988e-01 1.301842e-03 -2.001461e-02 -7.880473e+00 -1.246191e-03 9.999953e-01 2.792763e-03 1.491414e+00 2.001815e-02 -2.767260e-03 9.997958e-01 -9.998794e+01
9.998674e-01 -5.169754e-04 1.627659e-02 -8.103012e+00 5.425725e-04 9.999986e-01 -1.568243e-03 1.513265e+00 -1.627575e-02 1.576867e-03 9.998663e-01 -1.007988e+02
9.997997e-01 1.374238e-03 -1.996536e-02 -8.341537e+00 -1.322817e-03 9.999958e-01 2.588489e-03 1.532357e+00 1.996883e-02 -2.561561e-03 9.997973e-01 -1.016119e+02
9.997981e-01 -3.940728e-04 2.009183e-02 -8.959153e+00 4.201375e-04 9.999991e-01 -1.293063e-03 1.565124e+00 -2.009131e-02 1.301244e-03 9.997973e-01 -1.027614e+02
9.997883e-01 1.621161e-03 -2.051087e-02 -9.397130e+00 -1.568736e-03 9.999955e-01 2.571803e-03 1.594157e+00 2.051495e-02 -2.539083e-03 9.997863e-01 -1.042044e+02
9.998576e-01 -7.256962e-04 1.685804e-02 -9.543833e+00 7.481466e-04 9.999988e-01 -1.325457e-03 1.610621e+00 -1.685706e-02 1.337881e-03 9.998570e-01 -1.050747e+02
9.998700e-01 9.082006e-04 -1.609916e-02 -1.015418e+01 -8.811216e-04 9.999982e-01 1.689039e-03 1.640001e+00 1.610066e-02 -1.674635e-03 9.998690e-01 -1.050648e+02
9.998333e-01 -6.006628e-04 1.824965e-02 -1.085168e+01 6.280032e-04 9.999987e-01 -1.492427e-03 1.685067e+00 -1.824873e-02 1.503640e-03 9.998323e-01 -1.049751e+02
9.998041e-01 1.474775e-03 -1.973739e-02 -1.124137e+01 -1.435457e-03 9.999970e-01 2.006123e-03 1.721758e+00 1.974029e-02 -1.977399e-03 9.998032e-01 -1.053150e+02
9.996852e-01 -1.158777e-03 2.506166e-02 -1.210925e+01 1.213680e-03 9.999969e-01 -2.175611e-03 1.771426e+00 -2.505906e-02 2.205344e-03 9.996835e-01 -1.053031e+02
9.997540e-01 1.597862e-03 -2.212216e-02 -1.278237e+01 -1.550747e-03 9.999965e-01 2.146774e-03 1.814203e+00 2.212551e-02 -2.111941e-03 9.997530e-01 -1.051383e+02
9.997975e-01 -7.738013e-04 2.010975e-02 -1.303559e+01 8.101759e-04 9.999981e-01 -1.800709e-03 1.840327e+00 -2.010832e-02 1.816638e-03 9.997962e-01 -1.053760e+02
9.998262e-01 1.474238e-03 -1.858237e-02 -1.362230e+01 -1.437158e-03 9.999970e-01 2.008625e-03 1.880718e+00 1.858527e-02 -1.981571e-03 9.998253e-01 -1.056233e+02
9.998256e-01 -8.895043e-04 1.865382e-02 -1.405516e+01 9.153464e-04 9.999986e-01 -1.376852e-03 1.910529e+00 -1.865257e-02 1.393688e-03 9.998251e-01 -1.061513e+02
9.997484e-01 1.662769e-03 -2.237109e-02 -1.415946e+01 -1.609955e-03 9.999959e-01 2.378634e-03 1.925700e+00 2.237495e-02 -2.342020e-03 9.997469e-01 -1.069558e+02
9.998388e-01 -6.845001e-04 1.794269e-02 -1.415106e+01 7.182982e-04 9.999980e-01 -1.877281e-03 1.925358e+00 -1.794137e-02 1.889867e-03 9.998373e-01 -1.069748e+02
9.997530e-01 1.759014e-03 -2.215280e-02 -1.415240e+01 -1.713574e-03 9.999964e-01 2.070017e-03 1.922269e+00 2.215636e-02 -2.031546e-03 9.997525e-01 -1.067852e+02
9.998397e-01 -1.070323e-03 1.787109e-02 -1.420860e+01 1.090022e-03 9.999988e-01 -1.092555e-03 1.931511e+00 -1.786990e-02 1.111860e-03 9.998397e-01 -1.075631e+02
9.997859e-01 2.219350e-03 -2.057478e-02 -1.437331e+01 -2.166949e-03 9.999944e-01 2.568818e-03 1.954923e+00 2.058036e-02 -2.523684e-03 9.997850e-01 -1.089759e+02
9.998362e-01 -1.544702e-03 1.803167e-02 -1.457750e+01 1.573293e-03 9.999975e-01 -1.571502e-03 1.976594e+00 -1.802920e-02 1.599614e-03 9.998362e-01 -1.096774e+02
9.997042e-01 2.410225e-03 -2.420217e-02 -1.443821e+01 -2.350328e-03 9.999941e-01 2.503029e-03 1.981399e+00 2.420806e-02 -2.445407e-03 9.997040e-01 -1.100186e+02
9.997968e-01 -1.240742e-03 2.011797e-02 -1.441290e+01 1.293306e-03 9.999958e-01 -2.599950e-03 1.983283e+00 -2.011465e-02 2.625441e-03 9.997942e-01 -1.096827e+02
9.997873e-01 1.855904e-03 -2.054147e-02 -1.474661e+01 -1.806554e-03 9.999954e-01 2.420760e-03 2.008694e+00 2.054587e-02 -2.383137e-03 9.997861e-01 -1.093445e+02
9.997467e-01 -1.288141e-03 2.246971e-02 -1.528834e+01 1.353675e-03 9.999949e-01 -2.901570e-03 2.047641e+00 -2.246586e-02 2.931252e-03 9.997433e-01 -1.088513e+02
9.996757e-01 2.182391e-03 -2.537188e-02 -1.543723e+01 -2.099705e-03 9.999924e-01 3.285148e-03 2.070493e+00 2.537886e-02 -3.230810e-03 9.996727e-01 -1.087888e+02
9.998503e-01 -1.264700e-03 1.725433e-02 -1.535840e+01 1.305289e-03 9.999964e-01 -2.341321e-03 2.083970e+00 -1.725131e-02 2.363493e-03 9.998484e-01 -1.088621e+02
9.997913e-01 2.069536e-03 -2.032235e-02 -1.547686e+01 -2.009493e-03 9.999936e-01 2.974501e-03 2.103363e+00 2.032838e-02 -2.933044e-03 9.997891e-01 -1.091991e+02
9.998993e-01 -1.199270e-03 1.414266e-02 -1.545920e+01 1.233512e-03 9.999963e-01 -2.412685e-03 2.114901e+00 -1.413971e-02 2.429887e-03 9.998971e-01 -1.090896e+02
9.998454e-01 1.653021e-03 -1.750708e-02 -1.574501e+01 -1.603110e-03 9.999946e-01 2.864577e-03 2.135314e+00 1.751172e-02 -2.836069e-03 9.998426e-01 -1.088467e+02
9.999469e-01 -9.926260e-04 1.025632e-02 -1.569135e+01 1.013656e-03 9.999974e-01 -2.045434e-03 2.143697e+00 -1.025426e-02 2.055722e-03 9.999453e-01 -1.088656e+02
9.998531e-01 1.789079e-03 -1.704521e-02 -1.565001e+01 -1.737599e-03 9.999939e-01 3.034590e-03 2.151263e+00 1.705053e-02 -3.004527e-03 9.998501e-01 -1.090715e+02
9.999767e-01 -9.277641e-04 6.763553e-03 -1.536116e+01 9.407637e-04 9.999977e-01 -1.919052e-03 2.142144e+00 -6.761757e-03 1.925371e-03 9.999753e-01 -1.090489e+02
9.998726e-01 1.938694e-03 -1.584116e-02 -1.514400e+01 -1.896791e-03 9.999947e-01 2.659790e-03 2.124509e+00 1.584623e-02 -2.629404e-03 9.998710e-01 -1.087644e+02
9.999691e-01 -1.112084e-03 7.779551e-03 -1.501595e+01 1.129418e-03 9.999969e-01 -2.224112e-03 2.109780e+00 -7.777053e-03 2.232830e-03 9.999673e-01 -1.083869e+02
9.998814e-01 2.098233e-03 -1.525598e-02 -1.483878e+01 -2.054512e-03 9.999937e-01 2.880914e-03 2.103663e+00 1.526193e-02 -2.849230e-03 9.998795e-01 -1.083902e+02
9.999443e-01 -1.152305e-03 1.049155e-02 -1.486524e+01 1.177381e-03 9.999965e-01 -2.384267e-03 2.105181e+00 -1.048876e-02 2.396487e-03 9.999421e-01 -1.084162e+02
9.998891e-01 1.945401e-03 -1.476214e-02 -1.492785e+01 -1.901929e-03 9.999938e-01 2.958324e-03 2.114432e+00 1.476781e-02 -2.929920e-03 9.998867e-01 -1.085198e+02
9.999432e-01 -1.177248e-03 1.059051e-02 -1.503586e+01 1.200562e-03 9.999969e-01 -2.195287e-03 2.124585e+00 -1.058789e-02 2.207877e-03 9.999415e-01 -1.089277e+02
9.999016e-01 2.034083e-03 -1.387871e-02 -1.515069e+01 -1.997324e-03 9.999945e-01 2.661953e-03 2.128477e+00 1.388405e-02 -2.633971e-03 9.999001e-01 -1.089464e+02
9.999245e-01 -1.213796e-03 1.222563e-02 -1.543381e+01 1.243507e-03 9.999963e-01 -2.422863e-03 2.141684e+00 -1.222264e-02 2.437884e-03 9.999223e-01 -1.088770e+02
9.999195e-01 1.915092e-03 -1.254249e-02 -1.580257e+01 -1.880789e-03 9.999945e-01 2.746180e-03 2.160869e+00 1.254768e-02 -2.722370e-03 9.999176e-01 -1.089999e+02
9.999506e-01 -1.176312e-03 9.873546e-03 -1.605391e+01 1.194615e-03 9.999976e-01 -1.848051e-03 2.172420e+00 -9.871348e-03 1.859756e-03 9.999495e-01 -1.093973e+02
9.999153e-01 2.097604e-03 -1.284680e-02 -1.631751e+01 -2.067565e-03 9.999951e-01 2.351065e-03 2.176049e+00 1.285167e-02 -2.324305e-03 9.999147e-01 -1.092498e+02
9.999250e-01 -1.536041e-03 1.215213e-02 -1.687503e+01 1.554319e-03 9.999977e-01 -1.494766e-03 2.198269e+00 -1.214980e-02 1.513543e-03 9.999250e-01 -1.095787e+02
9.998765e-01 2.331283e-03 -1.553964e-02 -1.704288e+01 -2.289238e-03 9.999937e-01 2.722891e-03 2.215277e+00 1.554589e-02 -2.686981e-03 9.998755e-01 -1.105737e+02
9.999299e-01 -1.503155e-03 1.174352e-02 -1.723923e+01 1.520198e-03 9.999978e-01 -1.442463e-03 2.230350e+00 -1.174133e-02 1.460215e-03 9.999300e-01 -1.113980e+02
9.998773e-01 2.337918e-03 -1.549122e-02 -1.743980e+01 -2.297211e-03 9.999939e-01 2.645040e-03 2.245984e+00 1.549731e-02 -2.609130e-03 9.998765e-01 -1.121767e+02
9.999349e-01 -1.645692e-03 1.129281e-02 -1.761689e+01 1.664206e-03 9.999973e-01 -1.630267e-03 2.257660e+00 -1.129010e-02 1.648955e-03 9.999349e-01 -1.126820e+02
9.998660e-01 2.394368e-03 -1.619327e-02 -1.770016e+01 -2.352056e-03 9.999938e-01 2.631492e-03 2.263966e+00 1.619947e-02 -2.593053e-03 9.998654e-01 -1.130572e+02
9.999379e-01 -1.736565e-03 1.100732e-02 -1.776532e+01 1.754267e-03 9.999972e-01 -1.598785e-03 2.270941e+00 -1.100451e-02 1.617996e-03 9.999381e-01 -1.135011e+02
9.998207e-01 2.339274e-03 -1.879331e-02 -1.758364e+01 -2.290327e-03 9.999939e-01 2.625610e-03 2.269403e+00 1.879934e-02 -2.582097e-03 9.998199e-01 -1.138712e+02
9.999466e-01 -1.556451e-03 1.021887e-02 -1.737048e+01 1.572840e-03 9.999975e-01 -1.595901e-03 2.271797e+00 -1.021636e-02 1.611889e-03 9.999465e-01 -1.142981e+02
9.998357e-01 2.191944e-03 -1.799593e-02 -1.720446e+01 -2.143532e-03 9.999940e-01 2.709028e-03 2.277882e+00 1.800176e-02 -2.670008e-03 9.998344e-01 -1.144569e+02
9.999251e-01 -1.447575e-03 1.215704e-02 -1.720575e+01 1.471723e-03 9.999970e-01 -1.977608e-03 2.292993e+00 -1.215414e-02 1.995352e-03 9.999241e-01 -1.146611e+02
9.998100e-01 2.353028e-03 -1.935195e-02 -1.704581e+01 -2.289927e-03 9.999920e-01 3.282238e-03 2.304052e+00 1.935951e-02 -3.237301e-03 9.998073e-01 -1.156343e+02
9.999127e-01 -1.437713e-03 1.313813e-02 -1.689791e+01 1.462445e-03 9.999972e-01 -1.873016e-03 2.316208e+00 -1.313540e-02 1.892067e-03 9.999119e-01 -1.167063e+02
9.997634e-01 2.221213e-03 -2.164020e-02 -1.661068e+01 -2.154820e-03 9.999929e-01 3.090890e-03 2.321061e+00 2.164691e-02 -3.043529e-03 9.997610e-01 -1.173781e+02
9.998493e-01 -1.413201e-03 1.730026e-02 -1.668082e+01 1.455532e-03 9.999960e-01 -2.434495e-03 2.339799e+00 -1.729675e-02 2.459310e-03 9.998474e-01 -1.176402e+02
9.998353e-01 2.003537e-03 -1.803738e-02 -1.708892e+01 -1.948007e-03 9.999933e-01 3.095702e-03 2.376595e+00 1.804346e-02 -3.060056e-03 9.998325e-01 -1.180538e+02
9.998620e-01 -1.305052e-03 1.656224e-02 -1.744333e+01 1.344710e-03 9.999963e-01 -2.383603e-03 2.408237e+00 -1.655907e-02 2.405547e-03 9.998600e-01 -1.186399e+02
9.997936e-01 1.917943e-03 -2.022674e-02 -1.767481e+01 -1.846773e-03 9.999920e-01 3.536719e-03 2.430587e+00 2.023336e-02 -3.498635e-03 9.997892e-01 -1.192369e+02
9.998683e-01 -1.092878e-03 1.619385e-02 -1.785151e+01 1.132321e-03 9.999964e-01 -2.426686e-03 2.452213e+00 -1.619114e-02 2.444704e-03 9.998659e-01 -1.200701e+02
9.998850e-01 1.551546e-03 -1.508681e-02 -1.841355e+01 -1.507916e-03 9.999946e-01 2.902928e-03 2.491927e+00 1.509123e-02 -2.879845e-03 9.998820e-01 -1.202927e+02
9.999073e-01 -7.777281e-04 1.359325e-02 -1.862203e+01 8.178895e-04 9.999953e-01 -2.949182e-03 2.513066e+00 -1.359089e-02 2.960027e-03 9.999033e-01 -1.205051e+02
9.997102e-01 1.728006e-03 -2.401073e-02 -1.825372e+01 -1.615345e-03 9.999876e-01 4.710716e-03 2.516781e+00 2.401857e-02 -4.670566e-03 9.997006e-01 -1.210746e+02
9.998828e-01 -1.013794e-03 1.527581e-02 -1.807883e+01 1.065520e-03 9.999937e-01 -3.378355e-03 2.523844e+00 -1.527229e-02 3.394236e-03 9.998776e-01 -1.215334e+02
9.998614e-01 1.672293e-03 -1.656744e-02 -1.851052e+01 -1.602435e-03 9.999898e-01 4.228992e-03 2.553193e+00 1.657434e-02 -4.201858e-03 9.998538e-01 -1.221203e+02
9.998468e-01 -9.895465e-04 1.747334e-02 -1.917051e+01 1.046072e-03 9.999942e-01 -3.226086e-03 2.586380e+00 -1.747005e-02 3.243871e-03 9.998421e-01 -1.227502e+02
9.997576e-01 1.998433e-03 -2.192477e-02 -1.922639e+01 -1.899854e-03 9.999880e-01 4.516144e-03 2.598552e+00 2.193353e-02 -4.473397e-03 9.997494e-01 -1.237530e+02
9.998572e-01 -1.044991e-03 1.686967e-02 -1.916419e+01 1.099935e-03 9.999941e-01 -3.247993e-03 2.610696e+00 -1.686617e-02 3.266085e-03 9.998524e-01 -1.248366e+02
9.997626e-01 2.154029e-03 -2.168130e-02 -1.913241e+01 -2.055188e-03 9.999874e-01 4.580089e-03 2.625059e+00 2.169090e-02 -4.534443e-03 9.997544e-01 -1.260204e+02
9.997569e-01 -1.119346e-03 2.202113e-02 -1.948832e+01 1.210794e-03 9.999907e-01 -4.139819e-03 2.663536e+00 -2.201629e-02 4.165477e-03 9.997489e-01 -1.274621e+02
9.997596e-01 2.238531e-03 -2.181250e-02 -1.988509e+01 -2.124640e-03 9.999840e-01 5.243155e-03 2.698106e+00 2.182389e-02 -5.195551e-03 9.997483e-01 -1.289175e+02
9.998416e-01 -8.515124e-04 1.777839e-02 -1.984190e+01 9.188004e-04 9.999924e-01 -3.776979e-03 2.718509e+00 -1.777504e-02 3.792716e-03 9.998348e-01 -1.304274e+02
9.996807e-01 1.797083e-03 -2.520295e-02 -1.963754e+01 -1.675718e-03 9.999869e-01 4.835821e-03 2.722542e+00 2.521131e-02 -4.792045e-03 9.996707e-01 -1.310861e+02
9.998292e-01 -1.058634e-03 1.845300e-02 -1.948102e+01 1.130845e-03 9.999917e-01 -3.903246e-03 2.725430e+00 -1.844872e-02 3.923447e-03 9.998221e-01 -1.317730e+02
9.996873e-01 2.061841e-03 -2.492274e-02 -1.935136e+01 -1.936871e-03 9.999854e-01 5.037401e-03 2.733403e+00 2.493277e-02 -4.987554e-03 9.996767e-01 -1.325996e+02
9.997987e-01 -1.109599e-03 2.003443e-02 -1.932559e+01 1.189344e-03 9.999914e-01 -3.968915e-03 2.742197e+00 -2.002986e-02 3.991944e-03 9.997914e-01 -1.334980e+02
9.996838e-01 2.112699e-03 -2.505637e-02 -1.927811e+01 -1.985859e-03 9.999851e-01 5.086002e-03 2.752768e+00 2.506674e-02 -5.034636e-03 9.996731e-01 -1.344956e+02
9.997660e-01 -1.223930e-03 2.159844e-02 -1.931759e+01 1.313552e-03 9.999906e-01 -4.135767e-03 2.764324e+00 -2.159317e-02 4.163171e-03 9.997582e-01 -1.355245e+02
9.996900e-01 2.017801e-03 -2.481503e-02 -1.939879e+01 -1.891565e-03 9.999852e-01 5.109517e-03 2.776992e+00 2.482497e-02 -5.060994e-03 9.996790e-01 -1.365334e+02
9.998058e-01 -1.098743e-03 1.967699e-02 -1.944828e+01 1.175725e-03 9.999917e-01 -3.901111e-03 2.787761e+00 -1.967254e-02 3.923489e-03 9.997988e-01 -1.374125e+02
9.996711e-01 2.033445e-03 -2.556475e-02 -1.941581e+01 -1.901506e-03 9.999848e-01 5.184234e-03 2.794486e+00 2.557490e-02 -5.133918e-03 9.996597e-01 -1.381636e+02
9.998441e-01 -1.128115e-03 1.762267e-02 -1.929607e+01 1.200923e-03 9.999908e-01 -4.121450e-03 2.792520e+00 -1.761786e-02 4.141972e-03 9.998362e-01 -1.384277e+02
9.996988e-01 2.182815e-03 -2.444504e-02 -1.922225e+01 -2.075401e-03 9.999881e-01 4.418630e-03 2.780264e+00 2.445439e-02 -4.366567e-03 9.996914e-01 -1.380280e+02
9.998706e-01 -1.044112e-03 1.605453e-02 -1.910540e+01 1.108810e-03 9.999913e-01 -4.021516e-03 2.765234e+00 -1.605019e-02 4.038798e-03 9.998630e-01 -1.376586e+02
9.997039e-01 1.942750e-03 -2.425445e-02 -1.892568e+01 -1.828242e-03 9.999871e-01 4.742414e-03 2.759357e+00 2.426335e-02 -4.696668e-03 9.996946e-01 -1.378620e+02
9.998652e-01 -9.458205e-04 1.639336e-02 -1.880055e+01 1.010005e-03 9.999919e-01 -3.907446e-03 2.751235e+00 -1.638953e-02 3.923478e-03 9.998580e-01 -1.378869e+02
9.997304e-01 2.109787e-03 -2.312469e-02 -1.873583e+01 -2.013021e-03 9.999891e-01 4.207004e-03 2.735915e+00 2.313331e-02 -4.159320e-03 9.997237e-01 -1.373992e+02
9.998545e-01 -7.309727e-04 1.704347e-02 -1.867232e+01 8.050647e-04 9.999903e-01 -4.340767e-03 2.715358e+00 -1.704014e-02 4.353857e-03 9.998453e-01 -1.366726e+02
9.997162e-01 2.108975e-03 -2.372865e-02 -1.860750e+01 -2.012825e-03 9.999897e-01 4.075241e-03 2.694372e+00 2.373700e-02 -4.026324e-03 9.997101e-01 -1.359353e+02
9.998645e-01 -8.894362e-04 1.643736e-02 -1.853236e+01 9.509891e-04 9.999926e-01 -3.737237e-03 2.677459e+00 -1.643391e-02 3.752363e-03 9.998579e-01 -1.354410e+02
9.997014e-01 1.995682e-03 -2.435539e-02 -1.844550e+01 -1.893010e-03 9.999892e-01 4.237908e-03 2.663314e+00 2.436359e-02 -4.190538e-03 9.996944e-01 -1.350938e+02
9.998473e-01 -1.046611e-03 1.744641e-02 -1.838861e+01 1.111913e-03 9.999924e-01 -3.733694e-03 2.651195e+00 -1.744237e-02 3.752523e-03 9.998408e-01 -1.347423e+02
9.996741e-01 1.795021e-03 -2.546437e-02 -1.822500e+01 -1.683826e-03 9.999890e-01 4.387460e-03 2.639432e+00 2.547196e-02 -4.343153e-03 9.996661e-01 -1.345708e+02
9.998731e-01 -1.437962e-03 1.586390e-02 -1.780171e+01 1.497752e-03 9.999918e-01 -3.757687e-03 2.627083e+00 -1.585837e-02 3.780971e-03 9.998671e-01 -1.346842e+02
9.996130e-01 1.447261e-03 -2.777985e-02 -1.723994e+01 -1.319224e-03 9.999884e-01 4.626784e-03 2.616780e+00 2.778623e-02 -4.588346e-03 9.996034e-01 -1.350016e+02
9.998050e-01 -1.012917e-03 1.971928e-02 -1.691330e+01 1.088023e-03 9.999922e-01 -3.798400e-03 2.620051e+00 -1.971528e-02 3.819115e-03 9.997983e-01 -1.356816e+02
9.996292e-01 2.001764e-03 -2.715579e-02 -1.670048e+01 -1.874708e-03 9.999872e-01 4.703445e-03 2.625739e+00 2.716486e-02 -4.650793e-03 9.996201e-01 -1.363830e+02
9.998105e-01 -7.420251e-04 1.945120e-02 -1.624660e+01 8.605381e-04 9.999811e-01 -6.085162e-03 2.610291e+00 -1.944631e-02 6.100748e-03 9.997923e-01 -1.363057e+02
9.996513e-01 2.926334e-03 -2.624485e-02 -1.583549e+01 -2.821872e-03 9.999880e-01 4.016444e-03 2.586140e+00 2.625629e-02 -3.940985e-03 9.996475e-01 -1.356675e+02
9.997020e-01 -1.817008e-03 2.434421e-02 -1.579061e+01 1.903142e-03 9.999920e-01 -3.515442e-03 2.606340e+00 -2.433762e-02 3.560725e-03 9.996975e-01 -1.371901e+02
9.996520e-01 2.993669e-03 -2.620910e-02 -1.583398e+01 -2.876108e-03 9.999856e-01 4.522070e-03 2.626741e+00 2.622226e-02 -4.445117e-03 9.996463e-01 -1.387640e+02
9.998000e-01 -2.989269e-03 1.977245e-02 -1.531176e+01 3.073834e-03 9.999863e-01 -4.247902e-03 2.616837e+00 -1.975948e-02 4.307831e-03 9.997955e-01 -1.393315e+02
9.994188e-01 3.636463e-03 -3.389595e-02 -1.462186e+01 -3.465700e-03 9.999810e-01 5.095256e-03 2.599650e+00 3.391383e-02 -4.974822e-03 9.994124e-01 -1.395707e+02
9.995547e-01 -2.568153e-03 2.972794e-02 -1.458351e+01 2.695793e-03 9.999873e-01 -4.254316e-03 2.609948e+00 -2.971664e-02 4.332563e-03 9.995490e-01 -1.405410e+02
9.994897e-01 3.480654e-03 -3.175170e-02 -1.467045e+01 -3.319695e-03 9.999814e-01 5.120616e-03 2.623845e+00 3.176893e-02 -5.012598e-03 9.994827e-01 -1.416548e+02
9.994786e-01 -2.483283e-03 3.219121e-02 -1.507612e+01 2.611908e-03 9.999888e-01 -3.954193e-03 2.647664e+00 -3.218103e-02 4.036213e-03 9.994739e-01 -1.428525e+02
9.993871e-01 3.209150e-03 -3.485963e-02 -1.532372e+01 -3.037625e-03 9.999830e-01 4.972278e-03 2.659671e+00 3.487499e-02 -4.863340e-03 9.993798e-01 -1.433276e+02
9.995207e-01 -2.809576e-03 3.082983e-02 -1.535889e+01 2.934871e-03 9.999876e-01 -4.019554e-03 2.664126e+00 -3.081815e-02 4.108110e-03 9.995166e-01 -1.439557e+02
9.993379e-01 3.526676e-03 -3.621260e-02 -1.521072e+01 -3.351073e-03 9.999823e-01 4.908799e-03 2.674251e+00 3.622927e-02 -4.784198e-03 9.993321e-01 -1.449994e+02
9.994487e-01 -2.287928e-03 3.312155e-02 -1.516790e+01 2.416675e-03 9.999897e-01 -3.847563e-03 2.693789e+00 -3.311241e-02 3.925486e-03 9.994439e-01 -1.464599e+02
9.993120e-01 3.098337e-03 -3.695720e-02 -1.505656e+01 -2.939805e-03 9.999862e-01 4.343168e-03 2.706661e+00 3.697015e-02 -4.231534e-03 9.993074e-01 -1.476154e+02
9.994612e-01 -2.395732e-03 3.273468e-02 -1.499471e+01 2.498465e-03 9.999921e-01 -3.097793e-03 2.718416e+00 -3.272699e-02 3.177911e-03 9.994593e-01 -1.487258e+02
9.992074e-01 3.093300e-03 -3.968723e-02 -1.477443e+01 -2.921691e-03 9.999861e-01 4.381319e-03 2.724919e+00 3.970024e-02 -4.261893e-03 9.992025e-01 -1.495599e+02
9.994981e-01 -2.844839e-03 3.155080e-02 -1.434671e+01 2.956251e-03 9.999896e-01 -3.485109e-03 2.718283e+00 -3.154056e-02 3.576632e-03 9.994961e-01 -1.500891e+02
9.991549e-01 3.620287e-03 -4.094452e-02 -1.404896e+01 -3.431600e-03 9.999832e-01 4.677729e-03 2.715173e+00 4.096077e-02 -4.533271e-03 9.991505e-01 -1.505425e+02
9.994684e-01 -2.614509e-03 3.249795e-02 -1.387959e+01 2.734076e-03 9.999897e-01 -3.635302e-03 2.709208e+00 -3.248811e-02 3.722222e-03 9.994652e-01 -1.508045e+02
9.991529e-01 3.631010e-03 -4.099101e-02 -1.370792e+01 -3.446457e-03 9.999836e-01 4.572075e-03 2.702734e+00 4.100694e-02 -4.426929e-03 9.991491e-01 -1.510261e+02
9.994696e-01 -2.817223e-03 3.244320e-02 -1.345955e+01 2.923808e-03 9.999905e-01 -3.238303e-03 2.700401e+00 -3.243377e-02 3.331444e-03 9.994683e-01 -1.515550e+02
9.989000e-01 4.193656e-03 -4.670364e-02 -1.287130e+01 -3.970015e-03 9.999802e-01 4.880259e-03 2.689784e+00 4.672318e-02 -4.689477e-03 9.988969e-01 -1.518835e+02
9.992215e-01 -3.157347e-03 3.932375e-02 -1.270651e+01 3.301880e-03 9.999880e-01 -3.611029e-03 2.689821e+00 -3.931188e-02 3.738061e-03 9.992200e-01 -1.525052e+02
9.987600e-01 4.371601e-03 -4.959097e-02 -1.234299e+01 -4.133451e-03 9.999794e-01 4.903824e-03 2.685066e+00 4.961139e-02 -4.692762e-03 9.987576e-01 -1.530345e+02
9.990998e-01 -3.583612e-03 4.227090e-02 -1.205474e+01 3.738175e-03 9.999866e-01 -3.577988e-03 2.693696e+00 -4.225751e-02 3.732784e-03 9.990998e-01 -1.540533e+02
9.987312e-01 4.670474e-03 -5.014187e-02 -1.180877e+01 -4.417910e-03 9.999770e-01 5.146653e-03 2.699950e+00 5.016476e-02 -4.918601e-03 9.987288e-01 -1.549203e+02
9.989555e-01 -3.630936e-03 4.554944e-02 -1.167558e+01 3.815137e-03 9.999849e-01 -3.957677e-03 2.714303e+00 -4.553438e-02 4.127321e-03 9.989542e-01 -1.562773e+02
9.987826e-01 5.244840e-03 -4.904835e-02 -1.157123e+01 -4.975748e-03 9.999719e-01 5.606762e-03 2.738719e+00 4.907638e-02 -5.355885e-03 9.987807e-01 -1.580827e+02
9.989993e-01 -3.765790e-03 4.456597e-02 -1.151034e+01 3.957019e-03 9.999833e-01 -4.203460e-03 2.755800e+00 -4.454940e-02 4.375603e-03 9.989976e-01 -1.594296e+02
9.988567e-01 5.110989e-03 -4.753173e-02 -1.146640e+01 -4.867340e-03 9.999744e-01 5.240369e-03 2.774496e+00 4.755730e-02 -5.003025e-03 9.988560e-01 -1.609345e+02
9.987164e-01 -3.451691e-03 5.053367e-02 -1.165709e+01 3.672219e-03 9.999841e-01 -4.271769e-03 2.811736e+00 -5.051813e-02 4.451858e-03 9.987132e-01 -1.635382e+02
9.986604e-01 5.131398e-03 -5.148836e-02 -1.164659e+01 -4.844106e-03 9.999720e-01 5.702992e-03 2.842187e+00 5.151618e-02 -5.445937e-03 9.986573e-01 -1.656061e+02
9.986985e-01 -3.732633e-03 5.086677e-02 -1.172135e+01 3.981641e-03 9.999806e-01 -4.794821e-03 2.866203e+00 -5.084789e-02 4.991114e-03 9.986939e-01 -1.675171e+02
9.985919e-01 5.228464e-03 -5.279133e-02 -1.166052e+01 -4.908962e-03 9.999689e-01 6.180028e-03 2.891840e+00 5.282199e-02 -5.912176e-03 9.985864e-01 -1.693853e+02
9.989842e-01 -4.816462e-03 4.480261e-02 -1.135514e+01 5.031666e-03 9.999763e-01 -4.691838e-03 2.891905e+00 -4.477895e-02 4.912504e-03 9.989848e-01 -1.701229e+02
9.984105e-01 5.101683e-03 -5.612844e-02 -1.087177e+01 -4.746602e-03 9.999679e-01 6.457726e-03 2.884270e+00 5.615959e-02 -6.181043e-03 9.984027e-01 -1.705763e+02
9.987251e-01 -4.406722e-03 5.028673e-02 -1.060534e+01 4.681984e-03 9.999747e-01 -5.357353e-03 2.895318e+00 -5.026184e-02 5.585965e-03 9.987205e-01 -1.720004e+02
9.986333e-01 5.885752e-03 -5.193132e-02 -1.058360e+01 -5.523524e-03 9.999594e-01 7.115907e-03 2.922057e+00 5.197110e-02 -6.819339e-03 9.986253e-01 -1.739228e+02
9.990552e-01 -5.372505e-03 4.312650e-02 -1.028642e+01 5.620970e-03 9.999683e-01 -5.642093e-03 2.921856e+00 -4.309482e-02 5.879176e-03 9.990537e-01 -1.745156e+02
9.985344e-01 6.422266e-03 -5.373784e-02 -9.955373e+00 -6.028942e-03 9.999539e-01 7.478218e-03 2.923515e+00 5.378339e-02 -7.143276e-03 9.985271e-01 -1.750919e+02
9.989094e-01 -5.316169e-03 4.638723e-02 -9.825932e+00 5.594910e-03 9.999671e-01 -5.881226e-03 2.927320e+00 -4.635444e-02 6.134345e-03 9.989062e-01 -1.757018e+02
9.985460e-01 6.518379e-03 -5.351043e-02 -9.694096e+00 -6.129039e-03 9.999536e-01 7.436842e-03 2.932072e+00 5.355642e-02 -7.098062e-03 9.985396e-01 -1.763987e+02
9.989441e-01 -5.406542e-03 4.562276e-02 -9.528113e+00 5.687561e-03 9.999656e-01 -6.032046e-03 2.933343e+00 -4.558858e-02 6.285160e-03 9.989405e-01 -1.769301e+02
