9.999553e-01 9.192281e-04 -9.405547e-03 3.101130e-01 -9.160251e-04 9.999995e-01 3.448434e-04 -2.021109e-02 9.405859e-03 -3.362130e-04 9.999557e-01 3.067934e-01
9.999935e-01 1.283631e-04 -3.597711e-03 8.034050e-01 -1.254852e-04 9.999997e-01 8.001255e-04 -3.583692e-02 3.597813e-03 -7.996681e-04 9.999932e-01 2.892439e-01
9.999666e-01 4.656552e-04 -8.158361e-03 1.278252e+00 -4.615551e-04 9.999998e-01 5.044450e-04 -4.503227e-02 8.158594e-03 -5.006633e-04 9.999666e-01 2.674212e-02
9.999899e-01 1.001148e-04 -4.488995e-03 1.840242e+00 -9.607607e-05 9.999996e-01 8.998984e-04 -5.863067e-02 4.489084e-03 -8.994574e-04 9.999895e-01 -1.954665e-01
9.999604e-01 5.379299e-04 -8.881092e-03 2.419270e+00 -5.329523e-04 9.999997e-01 5.628322e-04 -6.930357e-02 8.881392e-03 -5.580774e-04 9.999604e-01 -4.818630e-01
9.999954e-01 3.041618e-04 -3.028067e-03 2.834371e+00 -3.020858e-04 9.999997e-01 6.860080e-04 -7.913051e-02 3.028275e-03 -6.850894e-04 9.999952e-01 -6.733423e-01
9.999577e-01 2.806814e-04 -9.191315e-03 3.443089e+00 -2.790024e-04 9.999999e-01 1.839609e-04 -1.010680e-01 9.191365e-03 -1.813894e-04 9.999577e-01 -7.333616e-01
9.999649e-01 3.164614e-04 -8.370528e-03 4.551563e+00 -3.066481e-04 9.999993e-01 1.173611e-03 -1.343528e-01 8.370894e-03 -1.171002e-03 9.999643e-01 -8.623220e-01
9.999454e-01 8.800448e-04 -1.041371e-02 5.577436e+00 -8.770122e-04 9.999996e-01 2.957835e-04 -1.675515e-01 1.041396e-02 -2.866351e-04 9.999457e-01 -8.813707e-01
9.999999e-01 1.218649e-04 -3.749599e-04 5.964149e+00 -1.216816e-04 9.999999e-01 4.886191e-04 -1.788928e-01 3.750198e-04 -4.885727e-04 9.999998e-01 -9.847550e-01
9.999499e-01 -5.032603e-04 -9.994013e-03 6.546616e+00 5.074360e-04 9.999998e-01 4.152935e-04 -1.848060e-01 9.993802e-03 -4.203448e-04 9.999500e-01 -1.679253e+00
9.999946e-01 5.599736e-05 -3.272886e-03 7.506819e+00 -5.292990e-05 9.999996e-01 9.372904e-04 -1.878374e-01 3.272937e-03 -9.371114e-04 9.999942e-01 -2.628228e+00
9.999521e-01 7.181544e-04 -9.763545e-03 8.102791e+00 -7.139483e-04 9.999997e-01 4.342823e-04 -1.941729e-01 9.763853e-03 -4.272916e-04 9.999522e-01 -3.046627e+00
1.000000e+00 7.930886e-05 8.035347e-05 8.379785e+00 -7.932762e-05 1.000000e+00 2.345270e-04 -2.038981e-01 -8.033453e-05 -2.345326e-04 1.000000e+00 -3.085124e+00
9.999559e-01 1.853599e-03 -9.204895e-03 8.699269e+00 -1.864611e-03 9.999976e-01 -1.187898e-03 -2.273463e-01 9.202670e-03 1.205008e-03 9.999569e-01 -2.259985e+00
9.999948e-01 1.550798e-03 -2.830325e-03 9.297766e+00 -1.553556e-03 9.999983e-01 -9.722737e-04 -2.712626e-01 2.828813e-03 9.766664e-04 9.999955e-01 -8.615314e-01
9.997567e-01 3.507002e-03 -2.177512e-02 1.066833e+01 -3.512736e-03 9.999938e-01 -2.250817e-04 -3.362103e-01 2.177420e-02 3.015165e-04 9.997629e-01 5.576568e-01
9.999683e-01 2.027137e-03 -7.697200e-03 1.233335e+01 -2.029547e-03 9.999979e-01 -3.052983e-04 -4.041674e-01 7.696565e-03 3.209111e-04 9.999703e-01 1.739314e+00
9.999656e-01 1.724418e-03 -8.108104e-03 1.321224e+01 -1.739930e-03 9.999967e-01 -1.906511e-03 -4.580069e-01 8.104789e-03 1.920553e-03 9.999653e-01 3.158596e+00
9.999494e-01 2.965010e-03 -9.611185e-03 1.433292e+01 -2.962567e-03 9.999956e-01 2.683760e-04 -5.208992e-01 9.611939e-03 -2.398879e-04 9.999538e-01 4.756136e+00
9.999630e-01 1.502535e-03 -8.473852e-03 1.538093e+01 -1.518346e-03 9.999971e-01 -1.859762e-03 -5.823733e-01 8.471033e-03 1.872559e-03 9.999624e-01 6.349203e+00
9.998626e-01 3.160373e-03 -1.627273e-02 1.687745e+01 -3.142099e-03 9.999944e-01 1.148436e-03 -6.383664e-01 1.627627e-02 -1.097147e-03 9.998669e-01 7.298877e+00
9.999989e-01 1.153940e-03 9.782890e-04 1.768026e+01 -1.150409e-03 9.999928e-01 -3.602750e-03 -6.900959e-01 -9.824397e-04 3.601619e-03 9.999930e-01 8.882505e+00
9.998989e-01 3.120881e-03 -1.387163e-02 1.845761e+01 -3.092399e-03 9.999931e-01 2.074199e-03 -7.491153e-01 1.387800e-02 -2.031092e-03 9.999016e-01 1.061475e+01
9.999708e-01 1.459365e-03 -7.502386e-03 1.986018e+01 -1.486240e-03 9.999925e-01 -3.577788e-03 -8.146063e-01 7.497108e-03 3.588833e-03 9.999655e-01 1.189524e+01
9.999789e-01 2.501952e-03 -5.996091e-03 2.078116e+01 -2.486525e-03 9.999936e-01 2.578962e-03 -8.659015e-01 6.002506e-03 -2.563998e-03 9.999787e-01 1.314993e+01
9.998779e-01 2.193732e-03 -1.547466e-02 2.248404e+01 -2.258286e-03 9.999888e-01 -4.155312e-03 -9.314927e-01 1.546537e-02 4.189750e-03 9.998716e-01 1.428068e+01
9.999819e-01 2.267243e-03 -5.569520e-03 2.395590e+01 -2.247828e-03 9.999914e-01 3.489711e-03 -9.974358e-01 5.577385e-03 -3.477128e-03 9.999784e-01 1.542749e+01
9.999674e-01 2.011238e-03 -7.823053e-03 2.493123e+01 -2.056176e-03 9.999814e-01 -5.740475e-03 -1.067924e+00 7.811362e-03 5.756373e-03 9.999529e-01 1.727661e+01
9.999964e-01 2.478959e-03 -9.932993e-04 2.594503e+01 -2.477476e-03 9.999958e-01 1.491350e-03 -1.147728e+00 9.969924e-04 -1.488883e-03 9.999984e-01 1.970436e+01
9.999985e-01 1.653560e-03 5.808314e-04 2.641358e+01 -1.649635e-03 9.999762e-01 -6.695060e-03 -1.219896e+00 -5.918886e-04 6.694091e-03 9.999774e-01 2.271130e+01
9.999977e-01 2.129379e-03 2.560927e-04 2.674892e+01 -2.129827e-03 9.999962e-01 1.761412e-03 -1.281022e+00 -2.523408e-04 -1.761953e-03 9.999984e-01 2.553060e+01
9.999977e-01 1.737492e-03 -1.250787e-03 2.715799e+01 -1.744704e-03 9.999817e-01 -5.787607e-03 -1.340561e+00 1.240708e-03 5.789776e-03 9.999825e-01 2.796473e+01
9.999947e-01 2.627600e-03 -1.918516e-03 2.780174e+01 -2.626005e-03 9.999962e-01 8.332989e-04 -1.416828e+00 1.920698e-03 -8.282558e-04 9.999978e-01 3.082956e+01
9.999962e-01 2.266411e-03 1.589789e-03 2.832371e+01 -2.256179e-03 9.999769e-01 -6.408540e-03 -1.497197e+00 -1.604277e-03 6.404928e-03 9.999782e-01 3.415272e+01
9.999945e-01 2.932787e-03 1.530016e-03 2.873417e+01 -2.932924e-03 9.999957e-01 8.738990e-05 -1.581469e+00 -1.529753e-03 -9.187614e-05 9.999988e-01 3.788598e+01
9.999828e-01 8.869491e-04 5.800436e-03 2.858491e+01 -8.545625e-04 9.999840e-01 -5.583606e-03 -1.618661e+00 -5.805296e-03 5.578552e-03 9.999676e-01 4.099286e+01
9.999966e-01 2.541512e-03 -5.706292e-04 2.862785e+01 -2.541245e-03 9.999967e-01 4.682046e-04 -1.665299e+00 5.718175e-04 -4.667522e-04 9.999997e-01 4.412088e+01
9.999774e-01 2.187649e-03 -6.355377e-03 2.961447e+01 -2.220051e-03 9.999846e-01 -5.095651e-03 -1.742815e+00 6.344131e-03 5.109644e-03 9.999668e-01 4.676952e+01
9.999853e-01 1.847460e-03 5.103241e-03 3.011719e+01 -1.851048e-03 9.999980e-01 6.986027e-04 -1.790495e+00 -5.101940e-03 -7.080381e-04 9.999867e-01 4.897755e+01
9.998222e-01 2.676164e-03 -1.866616e-02 3.144193e+01 -2.731668e-03 9.999919e-01 -2.948657e-03 -1.845083e+00 1.865812e-02 2.999122e-03 9.998214e-01 5.024570e+01
9.999006e-01 3.697865e-03 -1.360593e-02 3.351992e+01 -3.671029e-03 9.999913e-01 1.996769e-03 -1.933715e+00 1.361320e-02 -1.946622e-03 9.999054e-01 5.157055e+01
9.999594e-01 1.674351e-03 8.848889e-03 3.434095e+01 -1.622848e-03 9.999817e-01 -5.824358e-03 -2.010687e+00 -8.858480e-03 5.809760e-03 9.999439e-01 5.437195e+01
9.999854e-01 4.971723e-03 2.127375e-03 3.455702e+01 -4.965974e-03 9.999840e-01 -2.699255e-03 -2.101233e+00 -2.140760e-03 2.688651e-03 9.999941e-01 5.896302e+01
9.999886e-01 4.833594e-04 4.741048e-03 3.470562e+01 -4.654503e-04 9.999928e-01 -3.777886e-03 -2.181368e+00 -4.742840e-03 3.775636e-03 9.999816e-01 6.264601e+01
9.999942e-01 3.297616e-03 -8.276611e-04 3.477683e+01 -3.298125e-03 9.999944e-01 -6.147960e-04 -2.241992e+00 8.256293e-04 6.175229e-04 9.999995e-01 6.544378e+01
9.999956e-01 3.350956e-04 2.956454e-03 3.487285e+01 -3.253055e-04 9.999945e-01 -3.311384e-03 -2.302109e+00 -2.957548e-03 3.310407e-03 9.999901e-01 6.802387e+01
9.999958e-01 2.812181e-03 6.367287e-04 3.491059e+01 -2.811812e-03 9.999959e-01 -5.791136e-04 -2.354330e+00 -6.383544e-04 5.773215e-04 9.999996e-01 7.056904e+01
9.999995e-01 3.715834e-05 -9.571010e-04 3.492324e+01 -3.922504e-05 9.999977e-01 -2.159180e-03 -2.394438e+00 9.570183e-04 2.159216e-03 9.999972e-01 7.249055e+01
9.999949e-01 8.224697e-04 -3.094117e-03 3.479993e+01 -8.136781e-04 9.999956e-01 2.841497e-03 -2.398685e+00 3.096441e-03 -2.838964e-03 9.999912e-01 7.243455e+01
9.999991e-01 4.697975e-04 -1.293542e-03 3.489097e+01 -4.738772e-04 9.999949e-01 -3.155249e-03 -2.419793e+00 1.292053e-03 3.155858e-03 9.999942e-01 7.318740e+01
9.999712e-01 2.062512e-03 -7.305473e-03 3.512745e+01 -2.044565e-03 9.999949e-01 2.463272e-03 -2.459551e+00 7.310516e-03 -2.448263e-03 9.999703e-01 7.422945e+01
9.999989e-01 -1.466170e-03 9.079445e-05 3.527843e+01 1.466267e-03 9.999983e-01 -1.089487e-03 -2.452114e+00 -8.919716e-05 1.089618e-03 9.999994e-01 7.334300e+01
9.999627e-01 2.052042e-03 -8.383833e-03 3.548490e+01 -2.032322e-03 9.999952e-01 2.359982e-03 -2.447069e+00 8.388636e-03 -2.342855e-03 9.999621e-01 7.266023e+01
9.999990e-01 -1.351826e-03 5.157594e-04 3.563237e+01 1.352435e-03 9.999984e-01 -1.182686e-03 -2.447037e+00 -5.141600e-04 1.183382e-03 9.999992e-01 7.226825e+01
9.999785e-01 2.497488e-03 -6.056642e-03 3.570648e+01 -2.490790e-03 9.999963e-01 1.113216e-03 -2.461360e+00 6.059400e-03 -1.098105e-03 9.999810e-01 7.280196e+01
9.999996e-01 -9.453577e-04 5.049424e-05 3.578678e+01 9.454187e-04 9.999988e-01 -1.227384e-03 -2.482536e+00 -4.933409e-05 1.227431e-03 9.999992e-01 7.350387e+01
9.999940e-01 1.707255e-03 -3.015010e-03 3.573902e+01 -1.703898e-03 9.999979e-01 1.115301e-03 -2.493549e+00 3.016908e-03 -1.110157e-03 9.999948e-01 7.412946e+01
9.999961e-01 -4.791999e-04 -2.743052e-03 3.578131e+01 4.763055e-04 9.999993e-01 -1.055665e-03 -2.508482e+00 2.743556e-03 1.054353e-03 9.999957e-01 7.469257e+01
9.999834e-01 1.012018e-03 -5.673901e-03 3.590157e+01 -9.982176e-04 9.999965e-01 2.434547e-03 -2.498711e+00 5.676345e-03 -2.428842e-03 9.999809e-01 7.393032e+01
9.999985e-01 -3.882075e-04 1.690512e-03 3.566631e+01 3.904932e-04 9.999990e-01 -1.352120e-03 -2.474197e+00 -1.689985e-03 1.352777e-03 9.999977e-01 7.318021e+01
9.999826e-01 9.644391e-04 -5.812354e-03 3.550395e+01 -9.498937e-04 9.999964e-01 2.504709e-03 -2.450234e+00 5.814749e-03 -2.499144e-03 9.999800e-01 7.223355e+01
9.999980e-01 -3.543400e-04 -1.976117e-03 3.562731e+01 3.522954e-04 9.999994e-01 -1.034798e-03 -2.436538e+00 1.976482e-03 1.034099e-03 9.999975e-01 7.128482e+01
9.999789e-01 1.030714e-03 -6.407730e-03 3.582183e+01 -1.014446e-03 9.999963e-01 2.541506e-03 -2.424521e+00 6.410325e-03 -2.534951e-03 9.999762e-01 7.029046e+01
9.999986e-01 -5.177781e-04 -1.571791e-03 3.598856e+01 5.159745e-04 9.999992e-01 -1.147567e-03 -2.412768e+00 1.572383e-03 1.146754e-03 9.999981e-01 6.937367e+01
9.999530e-01 4.043642e-04 -9.685515e-03 3.642990e+01 -3.798432e-04 9.999967e-01 2.533392e-03 -2.417562e+00 9.686508e-03 -2.529593e-03 9.999499e-01 6.895997e+01
9.999827e-01 -6.631226e-04 -5.839754e-03 3.723433e+01 6.562844e-04 9.999991e-01 -1.172766e-03 -2.431278e+00 5.840527e-03 1.168912e-03 9.999823e-01 6.853814e+01
9.999779e-01 8.107394e-04 -6.601881e-03 3.774960e+01 -7.937261e-04 9.999964e-01 2.579213e-03 -2.426759e+00 6.603948e-03 -2.573915e-03 9.999749e-01 6.773532e+01
9.999995e-01 -9.479466e-06 -9.680318e-04 3.794877e+01 8.397843e-06 9.999994e-01 -1.117071e-03 -2.411454e+00 9.680416e-04 1.117061e-03 9.999989e-01 6.648811e+01
9.999531e-01 4.080185e-04 -9.681053e-03 3.839239e+01 -3.834582e-04 9.999967e-01 2.538645e-03 -2.400193e+00 9.682057e-03 -2.534813e-03 9.999499e-01 6.537578e+01
9.999996e-01 1.072113e-04 -9.230049e-04 3.884528e+01 -1.082511e-04 9.999994e-01 -1.126210e-03 -2.384915e+00 9.228834e-04 1.126309e-03 9.999989e-01 6.404188e+01
9.999940e-01 1.024357e-03 -3.316265e-03 3.893973e+01 -1.016221e-03 9.999965e-01 2.453961e-03 -2.358283e+00 3.318768e-03 -2.450575e-03 9.999915e-01 6.214543e+01
9.999989e-01 -8.477249e-07 -1.499444e-03 3.905593e+01 -7.854406e-07 9.999994e-01 -1.088999e-03 -2.339011e+00 1.499444e-03 1.088998e-03 9.999983e-01 6.068201e+01
9.999931e-01 8.699788e-04 -3.611354e-03 3.919110e+01 -8.611617e-04 9.999966e-01 2.442269e-03 -2.320606e+00 3.613467e-03 -2.439142e-03 9.999905e-01 5.915279e+01
9.999974e-01 1.215699e-04 -2.289000e-03 3.939853e+01 -1.239536e-04 9.999995e-01 -1.041146e-03 -2.299359e+00 2.288872e-03 1.041426e-03 9.999968e-01 5.754353e+01
9.999685e-01 4.102965e-05 -7.937937e-03 3.987293e+01 -2.108265e-05 9.999968e-01 2.512902e-03 -2.288289e+00 7.938015e-03 -2.512655e-03 9.999653e-01 5.630316e+01
9.999985e-01 6.252006e-04 -1.594837e-03 4.023245e+01 -6.269449e-04 9.999992e-01 -1.093270e-03 -2.273998e+00 1.594152e-03 1.094268e-03 9.999981e-01 5.508324e+01
9.999925e-01 3.728145e-04 -3.843396e-03 4.036270e+01 -3.631108e-04 9.999967e-01 2.525077e-03 -2.252292e+00 3.844325e-03 -2.523662e-03 9.999894e-01 5.343976e+01
9.999909e-01 -2.284372e-04 -4.252263e-03 4.076353e+01 2.239244e-04 9.999994e-01 -1.061657e-03 -2.238516e+00 4.252503e-03 1.060694e-03 9.999904e-01 5.201968e+01
9.999708e-01 7.020477e-04 -7.611184e-03 4.128004e+01 -6.823682e-04 9.999964e-01 2.587857e-03 -2.227177e+00 7.612974e-03 -2.582588e-03 9.999677e-01 5.087861e+01
1.000000e+00 1.986986e-04 -2.828902e-05 4.152894e+01 -1.987271e-04 9.999995e-01 -1.001104e-03 -2.210446e+00 2.808990e-05 1.001109e-03 9.999995e-01 4.950282e+01
9.999712e-01 6.164677e-04 -7.566562e-03 4.179102e+01 -5.971805e-04 9.999966e-01 2.550959e-03 -2.192848e+00 7.568108e-03 -2.546367e-03 9.999681e-01 4.807970e+01
9.999994e-01 1.634728e-04 -1.087868e-03 4.208571e+01 -1.646369e-04 9.999994e-01 -1.069803e-03 -2.178664e+00 1.087692e-03 1.069981e-03 9.999988e-01 4.688083e+01
9.999709e-01 5.454845e-04 -7.607607e-03 4.235779e+01 -5.251180e-04 9.999963e-01 2.678820e-03 -2.166397e+00 7.609040e-03 -2.674746e-03 9.999675e-01 4.576164e+01
1.000000e+00 1.308933e-04 1.306668e-05 4.253886e+01 -1.308770e-04 9.999992e-01 -1.261577e-03 -2.150689e+00 -1.323198e-05 1.261574e-03 9.999992e-01 4.464681e+01
9.998941e-01 -1.163668e-04 -1.455204e-02 4.329527e+01 1.582693e-04 9.999958e-01 2.878353e-03 -2.167471e+00 1.455164e-02 -2.880351e-03 9.998900e-01 4.431636e+01
9.999951e-01 4.894187e-04 3.088729e-03 4.371426e+01 -4.852048e-04 9.999990e-01 -1.365007e-03 -2.165330e+00 -3.089394e-03 1.363501e-03 9.999943e-01 4.366609e+01
9.999169e-01 1.544143e-04 -1.289238e-02 4.401694e+01 -1.168759e-04 9.999958e-01 2.912351e-03 -2.157214e+00 1.289277e-02 -2.910602e-03 9.999126e-01 4.279462e+01
9.999953e-01 4.273378e-04 3.041461e-03 4.430247e+01 -4.233158e-04 9.999990e-01 -1.323011e-03 -2.147811e+00 -3.042023e-03 1.321716e-03 9.999945e-01 4.199195e+01
9.999423e-01 2.045306e-05 -1.073811e-02 4.444717e+01 8.076647e-06 9.999965e-01 2.656785e-03 -2.136040e+00 1.073813e-02 -2.656718e-03 9.999388e-01 4.125060e+01
9.999926e-01 4.012039e-04 3.822736e-03 4.451237e+01 -3.956906e-04 9.999989e-01 -1.442987e-03 -2.123937e+00 -3.823311e-03 1.441463e-03 9.999917e-01 4.069905e+01
9.998884e-01 -3.038538e-05 -1.494040e-02 4.485543e+01 7.532704e-05 9.999955e-01 3.007487e-03 -2.121591e+00 1.494025e-02 -3.008276e-03 9.998839e-01 4.015681e+01
9.999428e-01 1.017877e-03 1.065033e-02 4.489695e+01 -9.866961e-04 9.999952e-01 -2.932530e-03 -2.133449e+00 -1.065326e-02 2.921852e-03 9.999390e-01 4.072466e+01
9.998530e-01 4.612158e-04 -1.713926e-02 4.497402e+01 -4.130143e-04 9.999960e-01 2.815758e-03 -2.149926e+00 1.714049e-02 -2.808265e-03 9.998491e-01 4.135425e+01
9.999092e-01 -1.571264e-04 1.347243e-02 4.474077e+01 1.853751e-04 9.999978e-01 -2.095581e-03 -2.138727e+00 -1.347207e-02 2.097888e-03 9.999070e-01 4.132948e+01
9.998776e-01 2.865335e-04 -1.564560e-02 4.441568e+01 -2.465510e-04 9.999967e-01 2.557359e-03 -2.124857e+00 1.564628e-02 -2.553188e-03 9.998743e-01 4.140295e+01
9.999642e-01 1.908490e-04 8.462144e-03 4.454282e+01 -1.801093e-04 9.999992e-01 -1.269926e-03 -2.116867e+00 -8.462380e-03 1.268356e-03 9.999634e-01 4.059425e+01
9.998278e-01 5.360457e-04 -1.854872e-02 4.486679e+01 -4.817636e-04 9.999956e-01 2.930788e-03 -2.108935e+00 1.855021e-02 -2.921346e-03 9.998237e-01 3.978904e+01
9.999805e-01 -4.493857e-05 6.252579e-03 4.530953e+01 5.238908e-05 9.999993e-01 -1.191486e-03 -2.105605e+00 -6.252521e-03 1.191790e-03 9.999797e-01 3.915903e+01
9.998113e-01 7.026373e-04 -1.941097e-02 4.584253e+01 -6.520834e-04 9.999964e-01 2.610589e-03 -2.111669e+00 1.941273e-02 -2.597438e-03 9.998082e-01 3.885559e+01
9.999499e-01 -2.788158e-05 1.000780e-02 4.617288e+01 4.362136e-05 9.999988e-01 -1.572572e-03 -2.120076e+00 -1.000774e-02 1.572929e-03 9.999487e-01 3.871690e+01
9.997992e-01 6.333437e-04 -2.002920e-02 4.649045e+01 -5.752875e-04 9.999956e-01 2.904193e-03 -2.123892e+00 2.003095e-02 -2.892086e-03 9.997952e-01 3.844865e+01
9.999677e-01 -2.337990e-04 8.038516e-03 4.697232e+01 2.442911e-04 9.999991e-01 -1.304320e-03 -2.127474e+00 -8.038204e-03 1.306241e-03 9.999668e-01 3.805637e+01
9.996139e-01 1.206224e-03 -2.775941e-02 4.789889e+01 -1.093979e-03 9.999912e-01 4.058315e-03 -2.132423e+00 2.776406e-02 -4.026379e-03 9.996064e-01 3.735960e+01
9.999112e-01 -3.336623e-04 1.332405e-02 4.849271e+01 3.568435e-04 9.999984e-01 -1.737489e-03 -2.132056e+00 -1.332345e-02 1.742088e-03 9.999097e-01 3.668527e+01
9.994820e-01 9.190836e-04 -3.217089e-02 4.957217e+01 -7.892123e-04 9.999915e-01 4.049373e-03 -2.163465e+00 3.217434e-02 -4.021885e-03 9.994742e-01 3.649740e+01
9.999395e-01 2.702593e-04 1.099729e-02 5.051408e+01 -2.552929e-04 9.999990e-01 -1.362330e-03 -2.184123e+00 -1.099765e-02 1.359440e-03 9.999386e-01 3.630269e+01
9.997236e-01 3.779753e-04 -2.350736e-02 5.102188e+01 -3.093560e-04 9.999957e-01 2.922611e-03 -2.187722e+00 2.350836e-02 -2.914531e-03 9.997194e-01 3.591212e+01
9.999716e-01 5.072469e-04 7.525017e-03 5.173049e+01 -5.014184e-04 9.999996e-01 -7.764724e-04 -2.194037e+00 -7.525408e-03 7.726765e-04 9.999714e-01 3.534078e+01
9.998165e-01 2.688350e-04 -1.915584e-02 5.216990e+01 -2.182167e-04 9.999965e-01 2.644468e-03 -2.190079e+00 1.915648e-02 -2.639802e-03 9.998130e-01 3.453174e+01
9.999321e-01 4.904068e-04 1.163993e-02 5.238461e+01 -4.774599e-04 9.999993e-01 -1.115072e-03 -2.181375e+00 -1.164047e-02 1.109438e-03 9.999316e-01 3.355411e+01
9.997368e-01 2.544070e-04 -2.294121e-02 5.290106e+01 -1.861277e-04 9.999955e-01 2.978343e-03 -2.180062e+00 2.294186e-02 -2.973288e-03 9.997324e-01 3.273927e+01
9.999974e-01 1.017490e-03 2.028097e-03 5.400335e+01 -1.017401e-03 9.999995e-01 -4.522231e-05 -2.202282e+00 -2.028142e-03 4.315819e-05 9.999979e-01 3.230883e+01
9.996342e-01 7.583080e-04 -2.703633e-02 5.526861e+01 -6.685381e-04 9.999942e-01 3.329212e-03 -2.230657e+00 2.703870e-02 -3.309918e-03 9.996289e-01 3.193827e+01
9.999061e-01 -2.658622e-06 1.370025e-02 5.583358e+01 1.913841e-05 9.999993e-01 -1.202781e-03 -2.227242e+00 -1.370024e-02 1.202930e-03 9.999054e-01 3.102544e+01
9.997195e-01 6.607607e-04 -2.367330e-02 5.618051e+01 -5.974379e-04 9.999962e-01 2.681815e-03 -2.224323e+00 2.367498e-02 -2.666919e-03 9.997162e-01 3.032935e+01
9.999022e-01 2.828331e-05 1.398695e-02 5.651202e+01 -1.382541e-05 9.999995e-01 -1.033796e-03 -2.220508e+00 -1.398697e-02 1.033501e-03 9.999016e-01 2.956708e+01
9.995399e-01 8.630110e-04 -3.031901e-02 5.723345e+01 -7.618500e-04 9.999941e-01 3.347933e-03 -2.229203e+00 3.032172e-02 -3.323294e-03 9.995347e-01 2.912996e+01
9.998792e-01 1.235563e-05 1.554083e-02 5.781582e+01 7.982364e-06 9.999991e-01 -1.308647e-03 -2.231973e+00 -1.554083e-02 1.308612e-03 9.998784e-01 2.855421e+01
9.996108e-01 7.959856e-04 -2.788501e-02 5.827984e+01 -7.074904e-04 9.999947e-01 3.183284e-03 -2.231201e+00 2.788739e-02 -3.162316e-03 9.996061e-01 2.787423e+01
9.998941e-01 -4.030451e-05 1.455162e-02 5.881604e+01 5.833343e-05 9.999992e-01 -1.238571e-03 -2.233619e+00 -1.455156e-02 1.239288e-03 9.998934e-01 2.729203e+01
9.995301e-01 1.294687e-03 -3.062397e-02 5.945911e+01 -1.203865e-03 9.999948e-01 2.983960e-03 -2.248708e+00 3.062767e-02 -2.945690e-03 9.995265e-01 2.715188e+01
9.998613e-01 -3.224556e-04 1.665439e-02 6.003420e+01 3.388437e-04 9.999995e-01 -9.812257e-04 -2.253560e+00 -1.665407e-02 9.867322e-04 9.998608e-01 2.660025e+01
9.995167e-01 1.313759e-03 -3.105727e-02 6.060492e+01 -1.219725e-03 9.999946e-01 3.046485e-03 -2.255875e+00 3.106111e-02 -3.007131e-03 9.995130e-01 2.601061e+01
9.998093e-01 -4.487155e-04 1.952546e-02 6.099531e+01 4.749650e-04 9.999990e-01 -1.339781e-03 -2.254711e+00 -1.952484e-02 1.348799e-03 9.998085e-01 2.543070e+01
9.995589e-01 1.247541e-03 -2.967160e-02 6.132081e+01 -1.162230e-03 9.999951e-01 2.892228e-03 -2.255134e+00 2.967506e-02 -2.856466e-03 9.995555e-01 2.500129e+01
9.997804e-01 -3.663805e-04 2.095351e-02 6.155314e+01 4.106552e-04 9.999977e-01 -2.108759e-03 -2.265726e+00 -2.095268e-02 2.116900e-03 9.997782e-01 2.516849e+01
9.995806e-01 1.200274e-03 -2.893260e-02 6.172555e+01 -1.113116e-03 9.999948e-01 3.028338e-03 -2.273600e+00 2.893608e-02 -2.994863e-03 9.995768e-01 2.520750e+01
9.997794e-01 -5.145312e-04 2.099892e-02 6.187479e+01 5.581860e-04 9.999977e-01 -2.073125e-03 -2.281489e+00 -2.099780e-02 2.084388e-03 9.997773e-01 2.523220e+01
9.995874e-01 1.206160e-03 -2.869921e-02 6.199331e+01 -1.125657e-03 9.999954e-01 2.821043e-03 -2.289959e+00 2.870248e-02 -2.787573e-03 9.995841e-01 2.531974e+01
9.997552e-01 -6.337726e-04 2.211865e-02 6.205727e+01 6.719495e-04 9.999983e-01 -1.718639e-03 -2.288312e+00 -2.211752e-02 1.733080e-03 9.997539e-01 2.500303e+01
9.996972e-01 1.031498e-03 -2.458416e-02 6.181485e+01 -9.809645e-04 9.999974e-01 2.067475e-03 -2.273979e+00 2.458622e-02 -2.042732e-03 9.996956e-01 2.503144e+01
9.997029e-01 -7.849621e-04 2.436079e-02 6.135248e+01 8.241354e-04 9.999984e-01 -1.598069e-03 -2.249445e+00 -2.435950e-02 1.617670e-03 9.997020e-01 2.504017e+01
9.996967e-01 9.609390e-04 -2.460907e-02 6.096560e+01 -9.120888e-04 9.999976e-01 1.996175e-03 -2.233552e+00 2.461093e-02 -1.973123e-03 9.996952e-01 2.516558e+01
9.997287e-01 -7.824799e-04 2.328069e-02 6.058338e+01 8.158326e-04 9.999987e-01 -1.423191e-03 -2.216318e+00 -2.327954e-02 1.441798e-03 9.997280e-01 2.531051e+01
9.997118e-01 1.227341e-03 -2.397552e-02 6.009432e+01 -1.178049e-03 9.999972e-01 2.069949e-03 -2.190543e+00 2.397799e-02 -2.041108e-03 9.997104e-01 2.512358e+01
9.998141e-01 -4.114316e-04 1.927595e-02 6.001276e+01 4.269770e-04 9.999996e-01 -8.023801e-04 -2.174983e+00 -1.927562e-02 8.104607e-04 9.998139e-01 2.412902e+01
9.997024e-01 1.389669e-03 -2.435346e-02 6.009829e+01 -1.340524e-03 9.999970e-01 2.034151e-03 -2.160288e+00 2.435622e-02 -2.000898e-03 9.997013e-01 2.288390e+01
9.997898e-01 -3.958716e-04 2.049741e-02 6.007178e+01 4.101994e-04 9.999997e-01 -6.948259e-04 -2.144362e+00 -2.049713e-02 7.030873e-04 9.997897e-01 2.162014e+01
9.997205e-01 1.331579e-03 -2.360210e-02 5.986341e+01 -1.287464e-03 9.999974e-01 1.884185e-03 -2.125340e+00 2.360455e-02 -1.853271e-03 9.997197e-01 2.055238e+01
9.998338e-01 -5.738252e-04 1.822105e-02 5.985699e+01 5.842398e-04 9.999997e-01 -5.662809e-04 -2.114429e+00 -1.822072e-02 5.768316e-04 9.998338e-01 1.966919e+01
9.995605e-01 1.168226e-03 -2.962087e-02 6.027494e+01 -1.100952e-03 9.999968e-01 2.287368e-03 -2.111974e+00 2.962345e-02 -2.253751e-03 9.995586e-01 1.895381e+01
9.998757e-01 -8.353408e-04 1.574496e-02 6.086533e+01 8.398782e-04 9.999996e-01 -2.816019e-04 -2.115435e+00 -1.574472e-02 2.947902e-04 9.998760e-01 1.841241e+01
9.994668e-01 1.661945e-03 -3.260782e-02 6.157475e+01 -1.594159e-03 9.999965e-01 2.104724e-03 -2.128291e+00 3.261120e-02 -2.051619e-03 9.994660e-01 1.818371e+01
9.997320e-01 -1.079287e-03 2.312675e-02 6.183862e+01 1.093233e-03 9.999992e-01 -5.904098e-04 -2.122856e+00 -2.312610e-02 6.155339e-04 9.997324e-01 1.742351e+01
9.995437e-01 1.947649e-03 -3.014260e-02 6.197017e+01 -1.889109e-03 9.999963e-01 1.970440e-03 -2.115416e+00 3.014633e-02 -1.912597e-03 9.995437e-01 1.664442e+01
9.997953e-01 -1.342875e-03 2.018623e-02 6.226174e+01 1.353835e-03 9.999989e-01 -5.293242e-04 -2.114744e+00 -2.018550e-02 5.565441e-04 9.997961e-01 1.617022e+01
9.995681e-01 1.893319e-03 -2.932550e-02 6.250121e+01 -1.835348e-03 9.999963e-01 2.003587e-03 -2.111337e+00 2.932918e-02 -1.948899e-03 9.995679e-01 1.549684e+01
9.997345e-01 -1.650156e-03 2.298307e-02 6.272758e+01 1.677632e-03 9.999979e-01 -1.176258e-03 -2.103776e+00 -2.298108e-02 1.214502e-03 9.997352e-01 1.445504e+01
9.995666e-01 2.476409e-03 -2.933330e-02 6.293682e+01 -2.405831e-03 9.999941e-01 2.441125e-03 -2.088904e+00 2.933917e-02 -2.369496e-03 9.995667e-01 1.326715e+01
9.997431e-01 -1.794192e-03 2.259355e-02 6.309850e+01 1.818782e-03 9.999978e-01 -1.067855e-03 -2.078338e+00 -2.259159e-02 1.108673e-03 9.997442e-01 1.222233e+01
9.995164e-01 2.427953e-03 -3.100080e-02 6.329376e+01 -2.351406e-03 9.999941e-01 2.505392e-03 -2.074308e+00 3.100670e-02 -2.431285e-03 9.995162e-01 1.167261e+01
9.997514e-01 -1.713064e-03 2.222939e-02 6.345691e+01 1.743700e-03 9.999976e-01 -1.358870e-03 -2.075401e+00 -2.222701e-02 1.397293e-03 9.997520e-01 1.154515e+01
9.994815e-01 2.043189e-03 -3.213280e-02 6.375650e+01 -1.958457e-03 9.999945e-01 2.668147e-03 -2.072761e+00 3.213807e-02 -2.603832e-03 9.994800e-01 1.096637e+01
9.997780e-01 -1.539213e-03 2.101223e-02 6.413564e+01 1.566112e-03 9.999980e-01 -1.263786e-03 -2.071590e+00 -2.101024e-02 1.296413e-03 9.997784e-01 1.045219e+01
9.994998e-01 1.954572e-03 -3.156614e-02 6.442589e+01 -1.870900e-03 9.999947e-01 2.679979e-03 -2.071283e+00 3.157121e-02 -2.619581e-03 9.994981e-01 9.976762e+00
9.997126e-01 -1.562541e-03 2.392085e-02 6.459430e+01 1.606768e-03 9.999970e-01 -1.829793e-03 -2.076801e+00 -2.391792e-02 1.867702e-03 9.997122e-01 9.944297e+00
9.996179e-01 1.688910e-03 -2.759140e-02 6.434723e+01 -1.628676e-03 9.999962e-01 2.205399e-03 -2.060309e+00 2.759502e-02 -2.159619e-03 9.996169e-01 1.021569e+01
9.996657e-01 -1.502462e-03 2.581329e-02 6.401198e+01 1.551556e-03 9.999970e-01 -1.881997e-03 -2.039960e+00 -2.581038e-02 1.921418e-03 9.996650e-01 1.055950e+01
9.998571e-01 1.548529e-03 -1.683322e-02 6.296433e+01 -1.541926e-03 9.999987e-01 4.051772e-04 -1.971622e+00 1.683383e-02 -3.791632e-04 9.998582e-01 1.154703e+01
9.997582e-01 -1.577307e-03 2.193301e-02 6.215503e+01 1.602517e-03 9.999981e-01 -1.131895e-03 -1.909322e+00 -2.193118e-02 1.166769e-03 9.997588e-01 1.229432e+01
9.995850e-01 2.096921e-03 -2.872974e-02 6.220143e+01 -2.052350e-03 9.999966e-01 1.580760e-03 -1.907470e+00 2.873296e-02 -1.521140e-03 9.995860e-01 1.262636e+01
9.997168e-01 -1.479298e-03 2.375340e-02 6.217201e+01 1.514465e-03 9.999978e-01 -1.462618e-03 -1.903029e+00 -2.375118e-02 1.498177e-03 9.997168e-01 1.310753e+01
9.996796e-01 1.596379e-03 -2.526061e-02 6.181357e+01 -1.560015e-03 9.999977e-01 1.459205e-03 -1.879108e+00 2.526288e-02 -1.419330e-03 9.996798e-01 1.354692e+01
9.997888e-01 -1.557721e-03 2.049061e-02 6.170652e+01 1.582472e-03 9.999980e-01 -1.191767e-03 -1.867370e+00 -2.048872e-02 1.223940e-03 9.997893e-01 1.389253e+01
9.996509e-01 2.205181e-03 -2.632871e-02 6.172082e+01 -2.164745e-03 9.999964e-01 1.564193e-03 -1.874173e+00 2.633207e-02 -1.506651e-03 9.996521e-01 1.426484e+01
9.994853e-01 -2.373072e-03 3.199129e-02 6.075919e+01 2.440829e-03 9.999949e-01 -2.079136e-03 -1.819053e+00 -3.198619e-02 2.156151e-03 9.994860e-01 1.470741e+01
9.993644e-01 2.345502e-03 -3.557019e-02 6.044315e+01 -2.240451e-03 9.999930e-01 2.992908e-03 -1.790034e+00 3.557696e-02 -2.911312e-03 9.993627e-01 1.483334e+01
9.997783e-01 -1.296767e-03 2.101415e-02 6.101558e+01 1.327465e-03 9.999981e-01 -1.446922e-03 -1.810060e+00 -2.101224e-02 1.474496e-03 9.997781e-01 1.485456e+01
9.996749e-01 1.502334e-03 -2.545119e-02 6.088574e+01 -1.459076e-03 9.999975e-01 1.718127e-03 -1.801051e+00 2.545370e-02 -1.680433e-03 9.996746e-01 1.510854e+01
9.997147e-01 -1.343072e-03 2.384775e-02 6.058493e+01 1.384096e-03 9.999976e-01 -1.703848e-03 -1.777862e+00 -2.384541e-02 1.736369e-03 9.997142e-01 1.555097e+01
9.994997e-01 2.286676e-03 -3.154435e-02 6.069163e+01 -2.226125e-03 9.999956e-01 1.954495e-03 -1.775929e+00 3.154868e-02 -1.883295e-03 9.995004e-01 1.594745e+01
9.997827e-01 -1.669338e-03 2.077806e-02 6.109544e+01 1.687894e-03 9.999982e-01 -8.756221e-04 -1.790131e+00 -2.077656e-02 9.105025e-04 9.997837e-01 1.613427e+01
9.997702e-01 1.927624e-03 -2.134791e-02 6.071792e+01 -1.915939e-03 9.999980e-01 5.677827e-04 -1.767081e+00 2.134896e-02 -5.267505e-04 9.997719e-01 1.666724e+01
9.997389e-01 -2.182256e-03 2.274626e-02 6.020478e+01 2.203517e-03 9.999972e-01 -9.097072e-04 -1.734233e+00 -2.274421e-02 9.595909e-04 9.997409e-01 1.714575e+01
9.996322e-01 2.392315e-03 -2.701545e-02 6.014622e+01 -2.370713e-03 9.999968e-01 8.315844e-04 -1.728046e+00 2.701736e-02 -7.672321e-04 9.996347e-01 1.759383e+01
9.996727e-01 -2.139075e-03 2.549302e-02 5.989646e+01 2.165113e-03 9.999972e-01 -9.938675e-04 -1.711629e+00 -2.549082e-02 1.048737e-03 9.996745e-01 1.808093e+01
9.996410e-01 2.223926e-03 -2.670030e-02 5.957166e+01 -2.206612e-03 9.999973e-01 6.778970e-04 -1.690270e+00 2.670174e-02 -6.187359e-04 9.996433e-01 1.863177e+01
9.994607e-01 -2.455503e-03 3.274440e-02 5.870162e+01 2.507442e-03 9.999957e-01 -1.545231e-03 -1.631816e+00 -3.274046e-02 1.626502e-03 9.994626e-01 1.938144e+01
9.994732e-01 1.944548e-03 -3.239559e-02 5.834382e+01 -1.905303e-03 9.999974e-01 1.242244e-03 -1.596033e+00 3.239792e-02 -1.179866e-03 9.994744e-01 1.997934e+01
9.997776e-01 -1.429283e-03 2.103891e-02 5.883811e+01 1.447060e-03 9.999986e-01 -8.298241e-04 -1.616087e+00 -2.103769e-02 8.600836e-04 9.997783e-01 2.033860e+01
9.989892e-01 2.803919e-03 -4.486276e-02 6.080258e+01 -2.767009e-03 9.999958e-01 8.848068e-04 -1.714064e+00 4.486505e-02 -7.597763e-04 9.989928e-01 2.142126e+01
9.999319e-01 3.685703e-04 1.166753e-02 6.332066e+01 -3.569669e-04 9.999994e-01 -9.966186e-04 -1.836957e+00 -1.166789e-02 9.923852e-04 9.999314e-01 2.273538e+01
9.993620e-01 1.420168e-03 -3.568732e-02 6.491568e+01 -1.372609e-03 9.999981e-01 1.357110e-03 -1.909669e+00 3.568918e-02 -1.307259e-03 9.993621e-01 2.341927e+01
9.998493e-01 -1.678556e-03 1.728035e-02 6.599795e+01 1.685109e-03 9.999985e-01 -3.646683e-04 -1.910899e+00 -1.727972e-02 3.937321e-04 9.998506e-01 2.236978e+01
9.995817e-01 1.656386e-03 -2.887399e-02 6.690840e+01 -1.593564e-03 9.999963e-01 2.198554e-03 -1.903427e+00 2.887752e-02 -2.151621e-03 9.995806e-01 2.108869e+01
9.999931e-01 -1.373365e-03 3.455474e-03 6.884331e+01 1.376022e-03 9.999988e-01 -7.667122e-04 -1.978355e+00 -3.454416e-03 7.714612e-04 9.999937e-01 2.120543e+01
9.995680e-01 9.366561e-04 -2.937579e-02 7.071800e+01 -8.782478e-04 9.999976e-01 2.001135e-03 -2.022430e+00 2.937760e-02 -1.974470e-03 9.995664e-01 2.063408e+01
9.999803e-01 -6.826297e-04 6.233276e-03 7.250482e+01 6.879845e-04 9.999994e-01 -8.570668e-04 -2.094197e+00 -6.232688e-03 8.613379e-04 9.999802e-01 2.076954e+01
9.988125e-01 4.717192e-03 -4.849048e-02 7.573498e+01 -4.619512e-03 9.999871e-01 2.126261e-03 -2.254640e+00 4.849989e-02 -1.899733e-03 9.988214e-01 2.245394e+01
9.999036e-01 -6.084092e-04 1.387501e-02 7.764544e+01 6.205103e-04 9.999994e-01 -8.679066e-04 -2.330963e+00 -1.387447e-02 8.764321e-04 9.999034e-01 2.346103e+01
9.998754e-01 4.142828e-04 -1.578231e-02 7.738269e+01 -3.995839e-04 9.999995e-01 9.344551e-04 -2.306345e+00 1.578269e-02 -9.280318e-04 9.998750e-01 2.379033e+01
9.995565e-01 -8.541652e-04 2.976855e-02 7.574563e+01 9.356898e-04 9.999958e-01 -2.724813e-03 -2.203145e+00 -2.976610e-02 2.751458e-03 9.995531e-01 2.461990e+01
9.999741e-01 2.298261e-04 -7.191429e-03 7.367390e+01 -2.262585e-04 9.999999e-01 4.968281e-04 -2.070551e+00 7.191543e-03 -4.951876e-04 9.999740e-01 2.553756e+01
9.998431e-01 -3.755291e-04 1.771179e-02 7.243988e+01 4.059764e-04 9.999984e-01 -1.715512e-03 -1.992880e+00 -1.771112e-02 1.722433e-03 9.998417e-01 2.635114e+01
9.999723e-01 2.078014e-04 -7.441097e-03 7.119120e+01 -2.028337e-04 9.999998e-01 6.682730e-04 -1.917064e+00 7.441234e-03 -6.667447e-04 9.999721e-01 2.704489e+01
9.998620e-01 -2.688325e-04 1.661108e-02 7.008997e+01 3.045772e-04 9.999976e-01 -2.149401e-03 -1.844833e+00 -1.661046e-02 2.154163e-03 9.998597e-01 2.797112e+01
9.999979e-01 2.978800e-04 -2.048292e-03 6.865610e+01 -2.984913e-04 9.999999e-01 -2.984537e-04 -1.749533e+00 2.048202e-03 2.990650e-04 9.999979e-01 2.926332e+01
9.996834e-01 -8.732036e-04 2.514540e-02 6.659837e+01 9.437784e-04 9.999956e-01 -2.794961e-03 -1.615857e+00 -2.514285e-02 2.817808e-03 9.996799e-01 3.070160e+01
9.999761e-01 3.706875e-04 -6.897745e-03 6.482657e+01 -3.644024e-04 9.999995e-01 9.123353e-04 -1.501021e+00 6.898080e-03 -9.097995e-04 9.999758e-01 3.167187e+01
9.998363e-01 -5.464579e-04 1.808428e-02 6.354313e+01 5.912335e-04 9.999968e-01 -2.470719e-03 -1.418427e+00 -1.808287e-02 2.481006e-03 9.998334e-01 3.259303e+01
9.999955e-01 3.441198e-04 -2.968874e-03 6.207578e+01 -3.437725e-04 9.999999e-01 1.173073e-04 -1.319123e+00 2.968914e-03 -1.162857e-04 9.999956e-01 3.386642e+01
9.997537e-01 -7.991784e-04 2.218002e-02 6.032585e+01 8.663770e-04 9.999951e-01 -3.020275e-03 -1.201874e+00 -2.217750e-02 3.038747e-03 9.997494e-01 3.528287e+01
9.999979e-01 8.996318e-05 2.067478e-03 5.822803e+01 -9.001087e-05 1.000000e+00 2.324339e-05 -1.064401e+00 -2.067476e-03 -2.342894e-05 9.999979e-01 3.665280e+01
9.998363e-01 -7.092637e-04 1.807736e-02 5.630662e+01 7.517585e-04 9.999970e-01 -2.344062e-03 -9.407834e-01 -1.807564e-02 2.357268e-03 9.998338e-01 3.768278e+01
9.999078e-01 6.701044e-04 -1.356584e-02 5.548691e+01 -6.434018e-04 9.999978e-01 1.972596e-03 -8.853739e-01 1.356714e-02 -1.963686e-03 9.999060e-01 3.827723e+01
9.999589e-01 4.229472e-04 9.053782e-03 5.527661e+01 -4.080795e-04 9.999986e-01 -1.644006e-03 -8.642519e-01 -9.054464e-03 1.640243e-03 9.999577e-01 3.871652e+01
9.999594e-01 1.785854e-04 -9.008430e-03 5.484698e+01 -1.660671e-04 9.999990e-01 1.390284e-03 -8.320353e-01 9.008670e-03 -1.388731e-03 9.999585e-01 3.925419e+01
9.999182e-01 7.208235e-05 1.279211e-02 5.411256e+01 -4.676995e-05 9.999980e-01 -1.979082e-03 -7.836999e-01 -1.279223e-02 1.978321e-03 9.999162e-01 3.985658e+01
9.999258e-01 1.913432e-05 -1.218491e-02 5.356821e+01 7.282688e-06 9.999977e-01 2.167917e-03 -7.502759e-01 1.218492e-02 -2.167844e-03 9.999234e-01 4.018727e+01
9.999157e-01 1.479854e-04 1.298586e-02 5.298992e+01 -1.213246e-04 9.999979e-01 -2.053868e-03 -7.173581e-01 -1.298614e-02 2.052119e-03 9.999136e-01 4.052706e+01
9.999628e-01 -1.728989e-04 -8.627371e-03 5.209439e+01 1.913208e-04 9.999977e-01 2.134433e-03 -6.675742e-01 8.626982e-03 -2.136004e-03 9.999605e-01 4.075595e+01
9.998632e-01 9.678875e-05 1.654197e-02 5.085696e+01 -5.552977e-05 9.999969e-01 -2.494675e-03 -6.022716e-01 -1.654216e-02 2.493414e-03 9.998601e-01 4.102631e+01
9.998707e-01 -4.819255e-04 -1.607573e-02 5.031754e+01 5.217670e-04 9.999968e-01 2.474226e-03 -5.676878e-01 1.607449e-02 -2.482294e-03 9.998677e-01 4.147535e+01
9.999987e-01 1.624250e-03 -1.334109e-04 5.097167e+01 -1.624361e-03 9.999983e-01 -8.336174e-04 -5.822764e-01 1.320567e-04 8.338325e-04 9.999996e-01 4.135349e+01
9.999989e-01 -3.829414e-04 -1.423201e-03 5.095327e+01 3.830774e-04 9.999999e-01 9.485714e-05 -5.935694e-01 1.423165e-03 -9.540173e-05 9.999990e-01 4.250223e+01
9.999906e-01 2.324476e-03 3.662686e-03 5.066955e+01 -2.315541e-03 9.999943e-01 -2.441829e-03 -5.931147e-01 -3.668341e-03 2.433324e-03 9.999903e-01 4.401938e+01
9.999302e-01 -1.600389e-03 -1.170563e-02 5.079972e+01 1.637453e-03 9.999937e-01 3.157340e-03 -5.958882e-01 1.170051e-02 -3.176286e-03 9.999265e-01 4.414181e+01
9.999943e-01 2.592699e-03 2.182926e-03 5.103858e+01 -2.587804e-03 9.999941e-01 -2.242442e-03 -6.023562e-01 -2.188727e-03 2.236779e-03 9.999951e-01 4.402532e+01
9.999320e-01 -1.889007e-03 -1.151087e-02 5.123437e+01 1.927432e-03 9.999926e-01 3.327939e-03 -6.064146e-01 1.150450e-02 -3.349899e-03 9.999282e-01 4.386958e+01
9.999924e-01 2.912214e-03 2.606549e-03 5.137631e+01 -2.905335e-03 9.999923e-01 -2.639427e-03 -6.197829e-01 -2.614216e-03 2.631833e-03 9.999931e-01 4.414630e+01
9.999364e-01 -1.700548e-03 -1.114620e-02 5.152827e+01 1.733713e-03 9.999941e-01 2.966439e-03 -6.382911e-01 1.114109e-02 -2.985574e-03 9.999335e-01 4.458037e+01
9.999339e-01 2.225738e-03 1.128178e-02 5.109707e+01 -2.187713e-03 9.999919e-01 -3.381830e-03 -6.135693e-01 -1.128921e-02 3.356924e-03 9.999306e-01 4.526572e+01
9.999473e-01 -1.964181e-03 -1.007381e-02 5.058140e+01 1.995573e-03 9.999932e-01 3.107042e-03 -5.705370e-01 1.006764e-02 -3.126981e-03 9.999444e-01 4.582804e+01
9.999948e-01 3.095873e-03 -8.867558e-04 5.089647e+01 -3.097552e-03 9.999934e-01 -1.897675e-03 -5.807710e-01 8.808750e-04 1.900411e-03 9.999978e-01 4.596208e+01
9.999408e-01 -2.104190e-03 -1.067313e-02 5.121275e+01 2.138303e-03 9.999926e-01 3.185713e-03 -5.865163e-01 1.066635e-02 -3.208347e-03 9.999380e-01 4.595963e+01
9.999955e-01 2.991267e-03 1.644319e-04 5.147451e+01 -2.990922e-03 9.999934e-01 -2.065342e-03 -5.944891e-01 -1.706087e-04 2.064841e-03 9.999979e-01 4.596331e+01
9.999394e-01 -2.020586e-03 -1.082446e-02 5.178878e+01 2.054010e-03 9.999932e-01 3.077608e-03 -6.075321e-01 1.081817e-02 -3.099654e-03 9.999367e-01 4.607194e+01
9.999956e-01 2.969045e-03 -4.284278e-06 5.212074e+01 -2.969048e-03 9.999933e-01 -2.158282e-03 -6.130792e-01 -2.123742e-06 2.158284e-03 9.999977e-01 4.602232e+01
9.999765e-01 -2.417111e-03 -6.410513e-03 5.209296e+01 2.436694e-03 9.999924e-01 3.048634e-03 -5.990610e-01 6.403096e-03 -3.064182e-03 9.999748e-01 4.583189e+01
9.999926e-01 2.851962e-03 2.587603e-03 5.179744e+01 -2.846044e-03 9.999933e-01 -2.287797e-03 -5.762690e-01 -2.594110e-03 2.280415e-03 9.999940e-01 4.570394e+01
9.999855e-01 -2.502975e-03 -4.768780e-03 5.136477e+01 2.517436e-03 9.999922e-01 3.028789e-03 -5.495876e-01 4.761162e-03 -3.040750e-03 9.999840e-01 4.557448e+01
9.999796e-01 2.680458e-03 -5.793056e-03 5.167029e+01 -2.689974e-03 9.999950e-01 -1.635450e-03 -5.487079e-01 5.788643e-03 1.650999e-03 9.999819e-01 4.544659e+01
9.999782e-01 -1.974063e-03 -6.301476e-03 5.192035e+01 1.992670e-03 9.999937e-01 2.947688e-03 -5.430187e-01 6.295617e-03 -2.960180e-03 9.999758e-01 4.534864e+01
9.999912e-01 2.303128e-03 3.507985e-03 5.153115e+01 -2.295463e-03 9.999950e-01 -2.187596e-03 -5.226679e-01 -3.513005e-03 2.179524e-03 9.999915e-01 4.528500e+01
9.999875e-01 -2.030377e-03 -4.569025e-03 5.094072e+01 2.043776e-03 9.999936e-01 2.929506e-03 -4.958759e-01 4.563048e-03 -2.938807e-03 9.999853e-01 4.523627e+01
9.999908e-01 2.348277e-03 3.578255e-03 5.038671e+01 -2.340484e-03 9.999949e-01 -2.180687e-03 -4.696740e-01 -3.583358e-03 2.172292e-03 9.999912e-01 4.513219e+01
9.999378e-01 -1.413315e-03 -1.106662e-02 5.043830e+01 1.452005e-03 9.999929e-01 3.488791e-03 -4.599905e-01 1.106161e-02 -3.504642e-03 9.999327e-01 4.458851e+01
9.999839e-01 2.217921e-03 5.223527e-03 5.033079e+01 -2.206300e-03 9.999951e-01 -2.229641e-03 -4.480023e-01 -5.228446e-03 2.218080e-03 9.999839e-01 4.402417e+01
9.999058e-01 -1.740071e-03 -1.361814e-02 5.048524e+01 1.787898e-03 9.999923e-01 3.500559e-03 -4.466527e-01 1.361194e-02 -3.524576e-03 9.999011e-01 4.365471e+01
9.999780e-01 2.186760e-03 6.263939e-03 5.043114e+01 -2.171045e-03 9.999945e-01 -2.514584e-03 -4.354406e-01 -6.269403e-03 2.500929e-03 9.999772e-01 4.369674e+01
9.999888e-01 -2.155629e-03 -4.224163e-03 4.981126e+01 2.165692e-03 9.999948e-01 2.378946e-03 -3.983896e-01 4.219012e-03 -2.388067e-03 9.999882e-01 4.406618e+01
9.999399e-01 1.972345e-03 1.078294e-02 4.889681e+01 -1.939849e-03 9.999935e-01 -3.023301e-03 -3.413262e-01 -1.078884e-02 3.002202e-03 9.999373e-01 4.461494e+01
9.999952e-01 -2.241593e-03 -2.125681e-03 4.779080e+01 2.246215e-03 9.999951e-01 2.174093e-03 -2.722616e-01 2.120797e-03 -2.178857e-03 9.999954e-01 4.520318e+01
9.999721e-01 2.122112e-03 7.158773e-03 4.691058e+01 -2.104627e-03 9.999948e-01 -2.449222e-03 -2.176274e-01 -7.163933e-03 2.434087e-03 9.999714e-01 4.557479e+01
9.998764e-01 -1.507008e-03 -1.564705e-02 4.702858e+01 1.564784e-03 9.999920e-01 3.680858e-03 -2.090910e-01 1.564138e-02 -3.704887e-03 9.998708e-01 4.552136e+01
9.998568e-01 2.368215e-03 1.675638e-02 4.659804e+01 -2.306782e-03 9.999906e-01 -3.684636e-03 -2.051103e-01 -1.676495e-02 3.645455e-03 9.998528e-01 4.603092e+01
9.999344e-01 -1.400863e-03 -1.136493e-02 4.574933e+01 1.430738e-03 9.999955e-01 2.620911e-03 -1.750685e-01 1.136121e-02 -2.636999e-03 9.999320e-01 4.673216e+01
9.999786e-01 1.370824e-03 6.389318e-03 4.588628e+01 -1.348667e-03 9.999931e-01 -3.470908e-03 -1.719573e-01 -6.394032e-03 3.462216e-03 9.999736e-01 4.582219e+01
