1.000000e+00 1.197625e-11 1.704638e-10 1.665335e-16 1.197625e-11 1.000000e+00 3.562503e-10 -1.110223e-16 1.704638e-10 3.562503e-10 1.000000e+00 2.220446e-16 0.000000e+00 0.000000e+00 0.000000e+00 1.000000e+00
6.797147e-01 -3.936917e-01 6.188658e-01 -8.625726e-01 6.415546e-01 7.280813e-01 -2.414651e-01 8.979213e-02 -3.555218e-01 5.611635e-01 7.474622e-01 -2.100424e+00
6.701592e-01 4.206512e-01 -6.115057e-01 -6.751543e-01 -8.738853e-02 8.628787e-01 4.977987e-01 1.186482e-01 7.370549e-01 -2.801658e-01 6.150262e-01 -2.996990e+00
8.049288e-01 -1.016755e-01 5.845953e-01 1.458705e-01 3.071260e-01 9.143609e-01 -2.638517e-01 9.335575e-02 -5.077039e-01 3.919263e-01 7.672226e-01 -2.939607e+00
6.539717e-01 4.302002e-01 -6.222932e-01 9.883932e-01 -7.690265e-02 8.561168e-01 5.110283e-01 6.520856e-02 7.526002e-01 -2.863421e-01 5.929597e-01 -2.778191e+00
7.781820e-01 -9.458616e-02 6.208754e-01 1.731927e+00 3.217607e-01 9.090395e-01 -2.647968e-01 3.961719e-02 -5.393542e-01 4.058333e-01 7.378322e-01 -2.648461e+00
6.287461e-01 4.437654e-01 -6.385535e-01 2.500744e+00 -6.380157e-02 8.478450e-01 5.263917e-01 1.184899e-02 7.749888e-01 -2.902260e-01 5.613922e-01 -2.430899e+00
8.964438e-01 -6.296000e-02 4.386622e-01 3.068916e+00 2.271581e-01 9.152068e-01 -3.328599e-01 -7.540341e-03 -3.805097e-01 3.980359e-01 8.347334e-01 -2.300198e+00
9.742631e-01 2.106851e-01 -8.014530e-02 3.869173e+00 -1.647412e-01 9.081828e-01 3.847914e-01 -3.381094e-02 1.538564e-01 -3.616848e-01 9.195174e-01 -2.373194e+00
9.027579e-01 -1.917897e-01 3.850259e-01 4.861294e+00 3.216360e-01 8.953167e-01 -3.081529e-01 -5.580018e-02 -2.856196e-01 4.020257e-01 8.699407e-01 -2.720208e+00
8.076560e-01 4.150269e-01 -4.188609e-01 6.181340e+00 -1.671084e-01 8.423312e-01 5.123992e-01 -8.657663e-02 5.654790e-01 -3.438471e-01 7.496683e-01 -2.864098e+00
9.930174e-01 -6.995403e-02 -9.498916e-02 7.240888e+00 2.872648e-02 9.243624e-01 -3.804326e-01 -1.102207e-01 1.144172e-01 3.750475e-01 9.199174e-01 -2.891320e+00
9.965883e-01 3.403064e-02 7.519039e-02 8.690560e+00 -6.420835e-02 8.920874e-01 4.472777e-01 -1.434959e-01 -5.185525e-02 -4.505796e-01 8.912289e-01 -3.040911e+00
9.581308e-01 8.408308e-03 -2.862074e-01 9.989551e+00 -1.178928e-01 9.224947e-01 -3.675661e-01 -1.742198e-01 2.609342e-01 3.859182e-01 8.848618e-01 -3.125948e+00
9.953902e-01 -4.689432e-02 -8.366152e-02 1.056748e+01 8.245112e-02 8.639990e-01 4.966967e-01 -1.999148e-01 4.899121e-02 -5.013050e-01 8.638826e-01 -2.748056e+00
9.115190e-01 -2.745396e-02 4.103407e-01 1.092309e+01 2.184580e-01 8.776829e-01 -4.265547e-01 -2.217991e-01 -3.484383e-01 4.784549e-01 8.060221e-01 -2.234214e+00
9.475671e-01 2.239471e-01 -2.279568e-01 1.111268e+01 -5.984120e-02 8.250873e-01 5.618273e-01 -2.449022e-01 3.139039e-01 -5.187278e-01 7.952269e-01 -1.432257e+00
2.067563e-01 -1.447487e-01 9.676258e-01 1.034156e+01 8.123349e-01 5.766174e-01 -8.731760e-02 -2.229013e-01 -5.453107e-01 8.040897e-01 2.368038e-01 -1.116688e+00
8.245401e-01 3.778122e-01 4.211788e-01 8.885115e+00 -3.461403e-01 9.256692e-01 -1.527203e-01 -1.688545e-01 -4.475718e-01 -1.986295e-02 8.940274e-01 -1.034464e+00
3.177917e-01 -6.451254e-01 6.948537e-01 7.410036e+00 4.923634e-01 7.385719e-01 4.605322e-01 -1.142745e-01 -8.103004e-01 1.957672e-01 5.523481e-01 -2.632581e-01
7.080528e-01 -9.607870e-02 6.995929e-01 5.664401e+00 5.528379e-01 6.918073e-01 -4.645136e-01 -4.518785e-02 -4.393536e-01 7.156616e-01 5.429520e-01 -8.299093e-01
2.515257e-01 1.987336e-01 9.472274e-01 4.299167e+00 -7.761605e-02 9.796814e-01 -1.849326e-01 8.726399e-03 -9.647334e-01 -2.700476e-02 2.618400e-01 -1.430155e+00
6.130398e-01 -6.035136e-01 5.098563e-01 2.360258e+00 4.155585e-01 7.951789e-01 4.415899e-01 7.607813e-02 -6.719325e-01 -5.883706e-02 7.382716e-01 -5.267502e-01
4.219230e-01 -3.520837e-02 9.059478e-01 6.309497e-01 7.044298e-01 6.417879e-01 -3.031287e-01 1.332466e-01 -5.707536e-01 7.660735e-01 2.955869e-01 1.774275e-01
6.516811e-01 2.675475e-01 7.097394e-01 -1.017565e+00 -2.997786e-01 9.503906e-01 -8.300877e-02 1.881940e-01 -6.967385e-01 -1.586694e-01 6.995567e-01 9.379618e-01
1.001654e-03 -6.414690e-01 7.671483e-01 -3.111329e+00 4.172567e-01 6.974441e-01 5.826394e-01 2.572350e-01 -9.087881e-01 3.195142e-01 2.683558e-01 1.952505e+00
8.142789e-01 -1.929796e-01 5.474566e-01 -5.690028e+00 4.827932e-01 7.487668e-01 -4.541575e-01 3.554038e-01 -3.222742e-01 6.341192e-01 7.028742e-01 3.096425e+00
-5.454632e-02 2.098706e-01 9.762064e-01 -1.021930e+01 1.531279e-01 9.678554e-01 -1.995191e-01 5.554571e-01 -9.866998e-01 1.386014e-01 -8.492998e-02 4.129385e+00
5.922857e-01 -5.602932e-01 5.790243e-01 -1.600361e+01 3.350322e-01 8.248228e-01 4.554348e-01 8.267350e-01 -7.327695e-01 -7.575572e-02 6.762470e-01 4.977921e+00
3.911123e-01 -2.170583e-01 8.943807e-01 -1.983680e+01 7.827018e-01 5.896696e-01 -1.991675e-01 9.990507e-01 -4.841582e-01 7.779302e-01 4.005190e-01 6.337319e+00
5.534268e-01 3.076548e-01 7.739944e-01 -2.331759e+01 -8.019740e-02 9.446446e-01 -3.181431e-01 1.150128e+00 -8.290279e-01 1.139966e-01 5.474647e-01 7.543749e+00
1.752835e-01 -5.345481e-01 8.267612e-01 -2.608723e+01 2.102032e-01 8.407182e-01 4.990065e-01 1.256289e+00 -9.618162e-01 8.632026e-02 2.597277e-01 8.592578e+00
6.303313e-01 -3.795676e-01 6.772082e-01 -2.863169e+01 6.601961e-01 7.210319e-01 -2.103665e-01 1.350469e+00 -4.084404e-01 5.796908e-01 7.050780e-01 9.457141e+00
2.532531e-01 3.022304e-01 9.189775e-01 -3.125902e+01 1.681210e-01 9.217407e-01 -3.494702e-01 1.448653e+00 -9.526795e-01 2.430039e-01 1.826224e-01 1.048279e+01
5.019386e-01 -4.994175e-01 7.061443e-01 -3.606608e+01 2.065116e-01 8.620316e-01 4.628763e-01 1.669106e+00 -8.398873e-01 -8.650850e-02 5.358224e-01 1.135266e+01
1.904529e-01 -3.615437e-01 9.126959e-01 -4.204964e+01 8.653125e-01 5.009145e-01 1.786057e-02 1.950024e+00 -4.636400e-01 7.863655e-01 4.082489e-01 1.216529e+01
5.402219e-01 3.661271e-01 7.577013e-01 -4.760943e+01 1.509725e-01 8.436181e-01 -5.152823e-01 2.203095e+00 -8.278693e-01 3.927588e-01 4.004658e-01 1.322161e+01
1.433874e-02 -3.490249e-01 9.370038e-01 -5.403297e+01 1.401079e-02 9.370782e-01 3.488382e-01 2.500354e+00 -9.997990e-01 8.126261e-03 1.832664e-02 1.446824e+01
4.323980e-01 -6.270971e-01 6.479052e-01 -5.977900e+01 7.234740e-01 6.701476e-01 1.657941e-01 2.752289e+00 -5.381611e-01 3.970535e-01 7.434589e-01 1.616307e+01
2.813143e-01 2.434895e-01 9.282107e-01 -6.606033e+01 6.273423e-01 6.852877e-01 -3.698952e-01 3.029284e+00 -7.261570e-01 6.863626e-01 4.002994e-02 1.840664e+01
5.169404e-01 -4.193786e-02 8.549935e-01 -7.296401e+01 -9.108762e-02 9.904337e-01 1.036541e-01 3.362225e+00 -8.511613e-01 -1.314623e-01 5.081752e-01 2.020046e+01
8.985211e-02 -6.473288e-01 7.568963e-01 -7.995440e+01 7.317914e-01 5.584159e-01 3.907084e-01 3.707284e+00 -6.755797e-01 5.187842e-01 5.238845e-01 2.134215e+01
7.603283e-01 1.024868e-03 6.495382e-01 -8.682189e+01 4.599230e-01 7.052859e-01 -5.394837e-01 4.044241e+00 -4.586630e-01 7.089223e-01 5.357774e-01 2.265787e+01
2.493382e-01 -2.412563e-02 9.681159e-01 -9.314732e+01 1.042633e-01 9.945476e-01 -2.068677e-03 4.364946e+00 -9.627874e-01 1.014547e-01 2.504941e-01 2.302230e+01
3.663508e-01 -5.585567e-01 7.441784e-01 -9.801776e+01 5.744031e-01 7.649567e-01 2.913799e-01 4.595323e+00 -7.320165e-01 3.207111e-01 6.010793e-01 2.211073e+01
2.954782e-01 3.494139e-02 9.547103e-01 -1.017853e+02 7.036590e-01 6.679749e-01 -2.422262e-01 4.765721e+00 -6.461862e-01 7.433630e-01 1.727852e-01 2.006986e+01
5.087189e-01 1.577833e-01 8.463507e-01 -1.045496e+02 -3.901853e-02 9.862779e-01 -1.604166e-01 4.890812e+00 -8.600480e-01 4.858361e-02 5.078947e-01 1.931236e+01
1.862098e-01 -4.777041e-01 8.585597e-01 -1.062638e+02 3.139441e-01 8.569616e-01 4.087248e-01 4.939439e+00 -9.310022e-01 1.934311e-01 3.095470e-01 1.971804e+01
6.825829e-01 -2.683864e-01 6.797422e-01 -1.072208e+02 5.580334e-01 7.920010e-01 -2.476553e-01 4.975261e+00 -4.718892e-01 5.483641e-01 6.903749e-01 1.912454e+01
5.062805e-01 1.618680e-01 8.470412e-01 -1.090211e+02 -1.044265e-02 9.833048e-01 -1.816661e-01 5.042970e+00 -8.623057e-01 8.312866e-02 4.995184e-01 1.986996e+01
4.095759e-01 -4.963629e-01 7.654224e-01 -1.108581e+02 3.342875e-01 8.623248e-01 3.803259e-01 5.104477e+00 -8.488224e-01 1.000988e-01 5.191154e-01 2.067141e+01
4.043158e-01 -1.871407e-01 8.952693e-01 -1.129222e+02 6.742870e-01 7.223344e-01 -1.535255e-01 5.175645e+00 -6.179530e-01 6.657412e-01 4.182377e-01 2.071078e+01
5.927619e-01 2.231929e-01 7.738335e-01 -1.143510e+02 -4.862197e-02 9.689977e-01 -2.422383e-01 5.226604e+00 -8.039087e-01 1.059643e-01 5.852369e-01 2.059962e+01
4.994058e-01 -4.984320e-01 7.086321e-01 -1.158508e+02 3.243343e-01 8.660156e-01 3.805578e-01 5.282820e+00 -8.033686e-01 3.978092e-02 5.941518e-01 2.098123e+01
-4.068252e-01 4.510691e-01 -7.943739e-01 -1.158618e+02 -3.133370e-01 7.479301e-01 5.851671e-01 5.281191e+00 8.580869e-01 4.869675e-01 -1.629402e-01 2.111230e+01
3.579537e-01 -4.338504e-01 8.268270e-01 -1.158138e+02 6.015551e-01 7.843992e-01 1.511599e-01 5.275557e+00 -7.141433e-01 4.432738e-01 5.417635e-01 2.124234e+01
1.706891e-01 7.306864e-01 -6.610315e-01 -1.154410e+02 -3.915579e-01 6.659306e-01 6.349951e-01 5.243009e+00 9.041834e-01 1.504453e-01 3.997731e-01 2.177342e+01
-1.806552e-01 -4.583376e-01 8.702243e-01 -1.152098e+02 6.493080e-01 6.089969e-01 4.555458e-01 5.215093e+00 -7.387576e-01 6.473403e-01 1.875838e-01 2.224183e+01
-6.117638e-01 6.816696e-01 -4.013372e-01 -1.150148e+02 -7.273666e-02 4.567297e-01 8.866270e-01 5.195969e+00 7.876893e-01 5.715982e-01 -2.298283e-01 2.267366e+01
-1.566172e-01 -2.806372e-01 9.469497e-01 -1.147019e+02 8.237939e-01 4.917770e-01 2.819909e-01 5.171053e+00 -5.448253e-01 8.242561e-01 1.541665e-01 2.307518e+01
4.140585e-01 7.588993e-01 -5.026206e-01 -1.146610e+02 -6.839417e-01 6.237514e-01 3.783622e-01 5.163823e+00 6.006491e-01 1.870991e-01 7.773124e-01 2.303323e+01
-4.756946e-01 -5.980736e-01 6.449981e-01 -1.144899e+02 3.399611e-01 5.512903e-01 7.619090e-01 5.150800e+00 -8.112589e-01 5.817103e-01 -5.892403e-02 2.300335e+01
5.463434e-01 2.216109e-01 -8.077113e-01 -1.144611e+02 -6.395732e-01 7.330482e-01 -2.314875e-01 5.143031e+00 5.407912e-01 6.430621e-01 5.422324e-01 2.299148e+01
9.762824e-02 -6.551601e-01 7.491555e-01 -1.143593e+02 -5.997267e-02 7.475105e-01 6.615370e-01 5.131637e+00 -9.934143e-01 -1.095136e-01 3.368644e-02 2.309948e+01
9.518270e-02 -7.969821e-03 -9.954279e-01 -1.141178e+02 -6.670392e-01 7.417531e-01 -6.972100e-02 5.116765e+00 7.389174e-01 6.706257e-01 6.528588e-02 2.323840e+01
8.467352e-02 -6.842097e-01 7.243532e-01 -1.140849e+02 -1.078374e-02 7.262921e-01 6.873017e-01 5.112853e+00 -9.963504e-01 -6.600749e-02 5.411937e-02 2.323242e+01
-1.673357e-01 6.388939e-02 -9.838277e-01 -1.139683e+02 -7.197122e-01 6.740889e-01 1.661883e-01 5.100381e+00 6.738050e-01 7.358820e-01 -6.681718e-02 2.345997e+01
-8.368405e-02 -7.719634e-01 6.301345e-01 -1.139166e+02 1.137030e-01 6.208255e-01 7.756593e-01 5.087718e+00 -9.899841e-01 1.365585e-01 3.582138e-02 2.382630e+01
6.575484e-01 -3.321696e-02 -7.526797e-01 -1.140113e+02 -5.004922e-01 7.274804e-01 -4.693398e-01 5.085279e+00 5.631497e-01 6.853240e-01 4.617287e-01 2.386373e+01
5.815375e-03 -4.905781e-01 8.713778e-01 -1.139809e+02 -3.542645e-01 8.138659e-01 4.605637e-01 5.079782e+00 -9.351272e-01 -3.113766e-01 -1.690615e-01 2.385195e+01
4.366748e-01 -4.354465e-01 -7.872112e-01 -1.139937e+02 -1.452676e-01 8.294348e-01 -5.393841e-01 5.076766e+00 8.878133e-01 3.498917e-01 2.989371e-01 2.381961e+01
-1.439680e-01 -9.258085e-02 9.852421e-01 -1.140197e+02 -4.287990e-01 9.031270e-01 2.220665e-02 5.075026e+00 -8.918546e-01 -4.192738e-01 -1.697200e-01 2.377375e+01
2.990716e-01 -5.224753e-01 -7.984834e-01 -1.141848e+02 3.168160e-01 8.436838e-01 -4.333881e-01 5.078908e+00 9.001021e-01 -1.233583e-01 4.178504e-01 2.366153e+01
1.323684e-01 3.340467e-01 9.332157e-01 -1.144052e+02 -4.145344e-01 8.738667e-01 -2.540045e-01 5.084707e+00 -9.003554e-01 -3.532278e-01 2.541461e-01 2.361556e+01
5.216599e-01 -4.584914e-01 -7.194836e-01 -1.141066e+02 5.303129e-01 8.348691e-01 -1.475188e-01 5.069615e+00 6.683107e-01 -3.045968e-01 6.786616e-01 2.360433e+01
5.018129e-03 5.391104e-01 8.422202e-01 -1.137150e+02 -2.939809e-02 8.419463e-01 -5.387599e-01 5.051066e+00 -9.995552e-01 -2.205610e-02 2.007381e-02 2.357793e+01
3.866107e-01 -3.973972e-02 -9.213864e-01 -1.133349e+02 5.479151e-01 8.135331e-01 1.948154e-01 5.033236e+00 7.418364e-01 -5.801592e-01 3.362946e-01 2.356618e+01
-3.281078e-02 5.803292e-01 8.137208e-01 -1.133361e+02 4.190750e-01 7.471205e-01 -5.159333e-01 5.028720e+00 -9.073586e-01 3.240818e-01 -2.677150e-01 2.355045e+01
3.996686e-01 3.715628e-01 -8.379774e-01 -1.130993e+02 4.471240e-01 7.190158e-01 5.320680e-01 5.017969e+00 8.002157e-01 -5.873307e-01 1.212334e-01 2.341492e+01
8.629360e-02 4.447614e-01 8.914823e-01 -1.127448e+02 6.150968e-01 6.801253e-01 -3.988552e-01 5.004699e+00 -7.837151e-01 5.827666e-01 -2.148809e-01 2.331132e+01
2.047648e-01 6.030287e-01 -7.709914e-01 -1.125083e+02 3.733007e-01 6.800345e-01 6.310306e-01 4.995655e+00 9.048304e-01 -4.170245e-01 -8.586388e-02 2.300700e+01
-3.102154e-01 4.274894e-01 8.491285e-01 -1.120515e+02 8.055293e-01 5.925423e-01 -4.025233e-03 4.978496e+00 -5.048653e-01 6.827492e-01 -5.281710e-01 2.287237e+01
-2.787672e-01 8.127352e-01 -5.116154e-01 -1.120307e+02 4.308780e-01 5.819513e-01 6.896933e-01 4.977029e+00 8.582733e-01 -2.817992e-02 -5.124187e-01 2.271686e+01
2.503085e-01 3.830586e-01 8.891635e-01 -1.120072e+02 6.105707e-01 6.502861e-01 -4.520302e-01 4.983871e+00 -7.513648e-01 6.560442e-01 -7.111223e-02 2.237259e+01
5.015257e-02 6.310790e-01 -7.740956e-01 -1.117590e+02 5.125276e-01 6.489692e-01 5.622761e-01 4.980831e+00 8.572049e-01 -4.249450e-01 -2.908979e-01 2.208582e+01
5.098436e-01 4.992766e-01 7.005586e-01 -1.116143e+02 2.190948e-01 7.121363e-01 -6.669778e-01 4.986043e+00 -8.318996e-01 4.935431e-01 2.536892e-01 2.171323e+01
1.576935e-02 2.633404e-01 -9.645741e-01 -1.116790e+02 6.424893e-01 7.365065e-01 2.115789e-01 4.994698e+00 7.661323e-01 -6.230650e-01 -1.575792e-01 2.135774e+01
5.969460e-01 6.629984e-01 4.517616e-01 -1.122155e+02 -4.720105e-01 7.455615e-01 -4.704723e-01 5.026574e+00 -6.487384e-01 6.761034e-02 7.580022e-01 2.103544e+01
-2.814658e-01 -3.905106e-01 -8.765149e-01 -1.128408e+02 2.557094e-01 8.498892e-01 -4.607614e-01 5.060680e+00 9.248728e-01 -3.538216e-01 -1.393575e-01 2.071299e+01
7.511211e-01 2.645111e-01 6.048561e-01 -1.134882e+02 -5.486073e-01 7.597446e-01 3.490246e-01 5.101420e+00 -3.672153e-01 -5.939882e-01 7.157730e-01 2.028704e+01
-1.171724e-01 -4.229854e-01 -8.985288e-01 -1.139397e+02 -5.901837e-01 7.573214e-01 -2.795488e-01 5.138890e+00 7.987201e-01 4.975417e-01 -3.383762e-01 1.980238e+01
6.763449e-01 -5.644442e-01 4.732445e-01 -1.145514e+02 1.272230e-01 7.223462e-01 6.797281e-01 5.178582e+00 -7.255149e-01 -3.995230e-01 5.603655e-01 1.954302e+01
-1.797410e-01 1.703289e-01 -9.688556e-01 -1.152635e+02 -7.257815e-01 6.418649e-01 2.474887e-01 5.218140e+00 6.640289e-01 7.476613e-01 8.252073e-03 1.937747e+01
6.005155e-01 -7.302126e-01 3.258385e-01 -1.152533e+02 6.857238e-01 6.798895e-01 2.598713e-01 5.234748e+00 -4.112955e-01 6.737842e-02 9.090084e-01 1.873011e+01
-2.070043e-01 7.646030e-01 -6.103536e-01 -1.145209e+02 -2.309779e-01 5.680354e-01 7.899272e-01 5.239489e+00 9.506832e-01 3.044965e-01 5.902062e-02 1.773159e+01
7.260906e-01 -2.606904e-01 6.362649e-01 -1.139946e+02 6.133023e-01 6.639222e-01 -4.278641e-01 5.244328e+00 -3.108903e-01 7.008908e-01 6.419497e-01 1.698644e+01
-6.861683e-02 7.126306e-01 -6.981758e-01 -1.133611e+02 5.351377e-01 6.169175e-01 5.770965e-01 5.252089e+00 8.419735e-01 -3.340216e-01 -4.236864e-01 1.607789e+01
7.381962e-01 5.237267e-01 4.251784e-01 -1.124733e+02 -1.093725e-01 7.148614e-01 -6.906597e-01 5.255780e+00 -6.656605e-01 4.633396e-01 5.849893e-01 1.502466e+01
-5.375560e-01 -9.552144e-03 -8.431739e-01 -1.122713e+02 4.868135e-01 8.129491e-01 -3.195722e-01 5.277771e+00 6.885100e-01 -5.822565e-01 -4.323556e-01 1.423377e+01
5.625891e-01 4.036245e-01 7.215128e-01 -1.119153e+02 -6.320444e-01 7.725552e-01 6.064913e-02 5.294318e+00 -5.329290e-01 -4.901487e-01 6.897397e-01 1.336582e+01
-8.656124e-02 -5.389115e-01 -8.379030e-01 -1.114396e+02 -2.363208e-01 8.281618e-01 -5.082327e-01 5.297476e+00 9.678118e-01 1.540207e-01 -1.990427e-01 1.266230e+01
2.022577e-01 -2.574504e-01 9.448868e-01 -1.105922e+02 -4.830531e-01 8.130669e-01 3.249337e-01 5.283945e+00 -8.519105e-01 -5.221509e-01 4.008680e-02 1.212165e+01
-4.552631e-01 -4.453011e-01 -7.710009e-01 -1.097147e+02 -6.162817e-01 7.825839e-01 -8.808703e-02 5.278691e+00 6.425982e-01 4.350510e-01 -6.307125e-01 1.137251e+01
4.951069e-01 -6.718326e-01 5.509175e-01 -1.091960e+02 2.301346e-01 7.128489e-01 6.624836e-01 5.289097e+00 -8.377990e-01 -2.012150e-01 5.075484e-01 1.047332e+01
-8.654695e-01 2.732756e-01 -4.198608e-01 -1.086674e+02 -2.043110e-01 5.726933e-01 7.939014e-01 5.309894e+00 4.574053e-01 7.728795e-01 -4.398154e-01 9.149455e+00
5.606731e-01 -3.219707e-01 7.628765e-01 -1.084273e+02 7.060232e-01 6.672572e-01 -2.372743e-01 5.340844e+00 -4.326394e-01 6.716418e-01 6.014320e-01 7.917875e+00
-4.693964e-01 7.699245e-01 -4.323000e-01 -1.081947e+02 6.315335e-01 6.349062e-01 4.450388e-01 5.366601e+00 6.171162e-01 -6.411232e-02 -7.842558e-01 6.904009e+00
6.098446e-01 5.863985e-01 5.331288e-01 -1.084637e+02 -1.885445e-01 7.607362e-01 -6.210728e-01 5.408355e+00 -7.697665e-01 2.782394e-01 5.744931e-01 5.983581e+00
-7.877427e-01 -1.494040e-01 -5.976118e-01 -1.087695e+02 1.817821e-01 8.705579e-01 -4.572572e-01 5.454503e+00 5.885717e-01 -4.688362e-01 -6.586167e-01 5.045203e+00
5.658189e-01 8.214389e-02 8.204275e-01 -1.085315e+02 -5.164127e-01 8.109992e-01 2.749511e-01 5.482600e+00 -6.427805e-01 -5.792518e-01 5.012989e-01 4.085579e+00
-2.501932e-01 -4.349126e-01 -8.650170e-01 -1.078621e+02 -5.025890e-01 8.219687e-01 -2.679025e-01 5.485967e+00 8.275311e-01 3.677207e-01 -4.242332e-01 3.322571e+00
6.561108e-01 -5.382156e-01 5.290014e-01 -1.072796e+02 1.017860e-01 7.576827e-01 6.446368e-01 5.492300e+00 -7.477688e-01 -3.691082e-01 5.519067e-01 2.460055e+00
-7.399479e-01 1.804519e-01 -6.480079e-01 -1.068564e+02 -4.143255e-01 6.366450e-01 6.503980e-01 5.512972e+00 5.299165e-01 7.497468e-01 -3.963183e-01 1.325616e+00
5.358082e-01 -5.095044e-01 6.732867e-01 -1.064935e+02 7.193248e-01 6.930126e-01 -4.801393e-02 5.536445e+00 -4.421328e-01 5.100380e-01 7.378209e-01 2.819781e-01
-4.932253e-01 7.792331e-01 -3.866842e-01 -1.061250e+02 4.908234e-01 6.162856e-01 6.158608e-01 5.560734e+00 7.182070e-01 1.139645e-01 -6.864334e-01 -8.959592e-01
5.837608e-01 4.247899e-01 6.919370e-01 -1.057165e+02 2.171456e-01 7.394913e-01 -6.371817e-01 5.577322e+00 -7.823497e-01 5.222128e-01 3.394448e-01 -1.781270e+00
-6.521518e-01 2.878245e-01 -7.013238e-01 -1.052500e+02 5.632854e-01 8.031187e-01 -1.941905e-01 5.593097e+00 5.073535e-01 -5.216872e-01 -6.858826e-01 -2.685156e+00
-1.313485e-01 4.799416e-01 8.674121e-01 -1.045402e+02 -2.015791e-01 8.437819e-01 -4.973912e-01 5.588618e+00 -9.706253e-01 -2.401837e-01 -1.408327e-02 -3.279337e+00
-8.518836e-01 -1.889840e-01 -4.884460e-01 -1.038128e+02 6.166788e-02 8.899445e-01 -4.518803e-01 5.588385e+00 5.200880e-01 -4.150708e-01 -7.464749e-01 -4.072530e+00
-7.576251e-02 -1.613192e-02 9.969954e-01 -1.030419e+02 -4.721962e-01 8.812282e-01 -2.162383e-02 5.589638e+00 -8.782316e-01 -4.724157e-01 -7.438149e-02 -4.971801e+00
-6.828758e-01 -4.631102e-01 -5.649864e-01 -1.021775e+02 -3.854571e-01 8.853824e-01 -2.598475e-01 5.587572e+00 6.205670e-01 4.033448e-02 -7.831154e-01 -5.866509e+00
4.116863e-01 -4.510317e-01 7.918869e-01 -1.014167e+02 -1.113221e-01 8.375432e-01 5.349101e-01 5.598493e+00 -9.045009e-01 -3.083697e-01 2.945952e-01 -7.191503e+00
-6.886733e-01 -6.430652e-02 -7.222145e-01 -1.006149e+02 -4.794810e-01 7.875668e-01 3.870873e-01 5.605592e+00 5.438999e-01 6.128648e-01 -5.732099e-01 -8.313556e+00
3.924850e-02 -5.405132e-01 8.404196e-01 -9.990638e+01 4.233259e-01 7.708544e-01 4.760028e-01 5.609129e+00 -9.051269e-01 3.370890e-01 2.590681e-01 -9.306257e+00
-8.848598e-01 4.041652e-01 -2.316755e-01 -9.925786e+01 1.559002e-01 7.255419e-01 6.702866e-01 5.628655e+00 4.389968e-01 5.569914e-01 -7.050123e-01 -1.053086e+01
-7.598304e-02 6.073945e-02 9.952574e-01 -9.851807e+01 6.607723e-01 7.505721e-01 4.640162e-03 5.630607e+00 -7.467306e-01 6.579911e-01 -9.716570e-02 -1.141752e+01
-7.390234e-01 6.515682e-01 -1.711820e-01 -9.778047e+01 5.950721e-01 7.504817e-01 2.875177e-01 5.637575e+00 3.158064e-01 1.106167e-01 -9.423536e-01 -1.251105e+01
-2.737597e-01 5.313889e-01 8.016742e-01 -9.713856e+01 4.821904e-01 7.970273e-01 -3.636480e-01 5.638580e+00 -8.321947e-01 2.870074e-01 -4.744246e-01 -1.326926e+01
-6.605669e-01 4.968378e-01 -5.628530e-01 -9.670130e+01 5.799334e-01 8.137897e-01 3.773029e-02 5.632302e+00 4.767898e-01 -3.014939e-01 -8.256954e-01 -1.366750e+01
-2.354221e-01 5.237645e-01 8.186862e-01 -9.625163e+01 1.773652e-01 8.513698e-01 -4.936710e-01 5.630905e+00 -9.555721e-01 2.898541e-02 -2.933289e-01 -1.428045e+01
-7.902126e-01 1.871213e-01 -5.835664e-01 -9.583014e+01 3.914453e-01 8.867906e-01 -2.457092e-01 5.628549e+00 4.715238e-01 -4.225968e-01 -7.740008e-01 -1.477864e+01
-3.448879e-01 2.977703e-01 8.901602e-01 -9.548804e+01 -1.537705e-01 9.176110e-01 -3.665306e-01 5.624018e+00 -9.259627e-01 -2.632924e-01 -2.706847e-01 -1.510754e+01
-8.956527e-01 -1.489369e-01 -4.190752e-01 -9.503648e+01 -1.069490e-02 9.492026e-01 -3.144839e-01 5.623312e+00 4.446255e-01 -2.771864e-01 -8.517487e-01 -1.568393e+01
4.048538e-01 -1.289513e-01 9.052430e-01 -9.499513e+01 -3.476320e-01 8.939613e-01 2.828165e-01 5.656632e+00 -8.457218e-01 -4.291908e-01 3.170961e-01 -1.700676e+01
-8.309394e-01 -3.415569e-01 -4.391794e-01 -9.480610e+01 -4.762715e-01 8.447172e-01 2.441685e-01 5.693702e+00 2.875850e-01 4.120579e-01 -8.645826e-01 -1.834762e+01
-1.336977e-01 -5.898250e-01 7.963865e-01 -9.432346e+01 1.343125e-01 7.854021e-01 6.042381e-01 5.697559e+00 -9.818783e-01 1.877500e-01 -2.578559e-02 -1.902470e+01
-9.138893e-01 1.394950e-01 -3.812446e-01 -9.388124e+01 -1.832937e-01 6.961564e-01 6.940963e-01 5.700411e+00 3.622288e-01 7.042069e-01 -6.106414e-01 -1.961981e+01
-1.621523e-01 -2.881197e-01 9.437657e-01 -9.304287e+01 6.437493e-01 6.939753e-01 3.224672e-01 5.699820e+00 -7.478592e-01 6.598373e-01 7.294719e-02 -2.053766e+01
-7.912607e-01 6.038055e-01 9.656884e-02 -9.246832e+01 5.607074e-01 6.534503e-01 5.085370e-01 5.712287e+00 2.439545e-01 4.565322e-01 -8.556077e-01 -2.169904e+01
2.929502e-02 4.432308e-01 8.959287e-01 -9.190027e+01 5.546431e-01 7.384617e-01 -3.834649e-01 5.724309e+00 -8.315725e-01 5.081543e-01 -2.242016e-01 -2.287484e+01
-8.199446e-01 5.373627e-01 -1.973122e-01 -9.149518e+01 5.676536e-01 8.077508e-01 -1.590848e-01 5.737623e+00 7.389283e-02 -2.424458e-01 -9.673468e-01 -2.386861e+01
-1.115519e-01 4.361516e-01 8.929322e-01 -9.105836e+01 -1.844444e-01 8.738412e-01 -4.498688e-01 5.754866e+00 -9.764919e-01 -2.148800e-01 -1.703295e-02 -2.496119e+01
-9.423354e-01 -2.109560e-01 -2.598108e-01 -9.063250e+01 -1.067835e-01 9.252671e-01 -3.639754e-01 5.767437e+00 3.171771e-01 -3.152434e-01 -8.944385e-01 -2.585741e+01
-7.987484e-01 -1.502542e-01 5.826016e-01 -8.956501e+01 -3.249088e-01 9.227053e-01 -2.074832e-01 5.753423e+00 -5.063944e-01 -3.550192e-01 -7.858283e-01 -2.645059e+01
-8.065891e-01 -3.401296e-01 -4.834520e-01 -8.825196e+01 -1.816553e-01 9.209186e-01 -3.448336e-01 5.732169e+00 5.625081e-01 -1.903174e-01 -8.045893e-01 -2.698196e+01
-5.908898e-01 -2.276224e-01 7.739750e-01 -8.738299e+01 -4.184707e-01 9.066927e-01 -5.282667e-02 5.718888e+00 -6.897329e-01 -3.551006e-01 -6.310088e-01 -2.745131e+01
-8.755570e-01 -4.717361e-01 -1.042358e-01 -8.710875e+01 -4.742669e-01 8.803809e-01 -5.733912e-04 5.722369e+00 9.203767e-02 4.893353e-02 -9.945525e-01 -2.791240e+01
-8.253188e-01 -4.929938e-01 2.753289e-01 -8.678136e+01 -4.600007e-01 8.697869e-01 1.785221e-01 5.718072e+00 -3.274877e-01 2.068617e-02 -9.446290e-01 -2.817163e+01
-8.644234e-01 -4.814505e-01 -1.448368e-01 -8.632492e+01 -5.011007e-01 8.484555e-01 1.703564e-01 5.709156e+00 4.086944e-02 2.198379e-01 -9.746800e-01 -2.846796e+01
-6.910368e-01 -5.767891e-01 4.356403e-01 -8.609108e+01 -3.448242e-01 7.927543e-01 5.026299e-01 5.706376e+00 -6.352672e-01 1.971165e-01 -7.467133e-01 -2.846886e+01
-8.496395e-01 -3.431234e-01 -4.004735e-01 -8.589805e+01 -4.995858e-01 7.668986e-01 4.028406e-01 5.701622e+00 1.688986e-01 5.423402e-01 -8.230069e-01 -2.841887e+01
-7.270783e-01 -5.367821e-01 4.280446e-01 -8.540993e+01 -1.564180e-01 7.365847e-01 6.580094e-01 5.694754e+00 -6.684988e-01 4.114705e-01 -6.195171e-01 -2.881680e+01
-8.803916e-01 -1.515913e-01 -4.493671e-01 -8.537535e+01 -4.046950e-01 7.341428e-01 5.452121e-01 5.700621e+00 2.472502e-01 6.618568e-01 -7.076814e-01 -2.916269e+01
-9.232693e-01 -2.750644e-01 2.681667e-01 -8.613458e+01 -7.420035e-02 8.126172e-01 5.780551e-01 5.736524e+00 -3.769192e-01 5.138024e-01 -7.706744e-01 -2.941162e+01
-8.586805e-01 1.307222e-02 -5.123445e-01 -8.689461e+01 -1.985534e-01 9.131215e-01 3.560699e-01 5.774869e+00 4.724874e-01 4.074780e-01 -7.814841e-01 -2.976492e+01
-7.338325e-01 -5.291351e-02 6.772666e-01 -8.796476e+01 1.801790e-01 9.460956e-01 2.691443e-01 5.829628e+00 -6.550003e-01 3.195360e-01 -6.847418e-01 -3.013480e+01
-7.001082e-01 1.868356e-01 -6.891596e-01 -8.878918e+01 7.155595e-02 9.786594e-01 1.926281e-01 5.870843e+00 7.104423e-01 8.554702e-02 -6.985367e-01 -3.053634e+01
-7.225694e-01 3.283218e-01 6.083569e-01 -8.982191e+01 3.751147e-01 9.254105e-01 -5.389278e-02 5.923148e+00 -5.806741e-01 1.892623e-01 -7.918317e-01 -3.090176e+01
-1.895684e-01 3.437498e-01 -9.197282e-01 -9.085174e+01 4.761542e-01 8.513809e-01 2.200631e-01 5.971535e+00 8.586856e-01 -3.962155e-01 -3.250728e-01 -3.117502e+01
-4.464390e-01 7.525962e-01 4.840364e-01 -9.198642e+01 7.888187e-01 5.863816e-01 -1.841784e-01 6.024510e+00 -4.224420e-01 2.995925e-01 -8.554456e-01 -3.141293e+01
2.613797e-01 7.099710e-01 -6.539280e-01 -9.256102e+01 4.793373e-01 4.925639e-01 7.263722e-01 6.052744e+00 8.378045e-01 -5.033111e-01 -2.115694e-01 -3.159695e+01
1.590262e-01 5.767065e-01 8.013241e-01 -9.347726e+01 9.048745e-01 2.394781e-01 -3.519266e-01 6.097482e+00 -3.948579e-01 7.810633e-01 -4.837637e-01 -3.182363e+01
3.503247e-01 8.194710e-01 -4.535856e-01 -9.414433e+01 5.006443e-01 2.454564e-01 8.301243e-01 6.131545e+00 7.915983e-01 -5.178981e-01 -3.242740e-01 -3.206803e+01
1.248890e-01 5.629952e-01 8.169695e-01 -9.482510e+01 9.893388e-01 -8.495666e-03 -1.453843e-01 6.163464e+00 -7.490995e-02 8.264165e-01 -5.580540e-01 -3.229209e+01
4.145410e-01 8.859879e-01 -2.078008e-01 -9.615171e+01 2.932534e-01 8.610926e-02 9.521490e-01 6.227557e+00 8.614860e-01 -4.556431e-01 -2.241232e-01 -3.265870e+01
2.242707e-01 4.130316e-01 8.826707e-01 -9.735462e+01 9.628526e-01 -2.336896e-01 -1.352922e-01 6.285846e+00 1.503910e-01 8.802239e-01 -4.500983e-01 -3.311760e+01
4.413834e-01 8.937465e-01 7.998698e-02 -9.847628e+01 -2.043050e-02 -7.910730e-02 9.966567e-01 6.338779e+00 8.970860e-01 -4.415419e-01 -1.665696e-02 -3.352267e+01
3.124138e-01 7.135953e-02 9.472621e-01 -9.955072e+01 9.041822e-01 -3.281139e-01 -2.734882e-01 6.389398e+00 2.912939e-01 9.419390e-01 -1.670293e-01 -3.400818e+01
4.057089e-01 9.108574e-01 7.575637e-02 -9.996374e+01 5.212232e-01 -2.986516e-01 7.994583e-01 6.415312e+00 7.508173e-01 -2.848614e-01 -5.959256e-01 -3.439820e+01
3.042583e-01 5.216213e-01 7.970810e-01 -1.003407e+02 8.967883e-01 -4.390266e-01 -5.501277e-02 6.429992e+00 3.212439e-01 7.315510e-01 -6.013614e-01 -3.468431e+01
3.484610e-01 8.659188e-01 3.588309e-01 -1.012154e+02 -2.216506e-01 -2.958436e-01 9.291650e-01 6.470903e+00 9.107392e-01 -4.033129e-01 8.884152e-02 -3.498094e+01
8.614102e-02 -1.200382e-01 9.890251e-01 -1.019645e+02 8.478521e-01 -5.124827e-01 -1.360454e-01 6.508560e+00 5.231889e-01 8.502660e-01 5.762887e-02 -3.535114e+01
1.051462e-01 9.014470e-01 4.199256e-01 -1.027326e+02 -5.180620e-01 -3.107884e-01 7.968829e-01 6.544739e+00 8.488557e-01 -3.013367e-01 4.343273e-01 -3.575753e+01
-1.234159e-01 -3.806402e-01 9.164505e-01 -1.034344e+02 8.524172e-01 -5.135030e-01 -9.848657e-02 6.580566e+00 5.080881e-01 7.690433e-01 3.878387e-01 -3.617156e+01
5.416762e-02 8.913085e-01 4.501500e-01 -1.040966e+02 -2.011943e-01 -4.318237e-01 8.792321e-01 6.613279e+00 9.780525e-01 -1.381935e-01 1.559353e-01 -3.661379e+01
-2.896570e-01 -1.001356e-01 9.518780e-01 -1.042827e+02 8.090374e-01 -5.570163e-01 1.875936e-01 6.622985e+00 5.114267e-01 8.244427e-01 2.423571e-01 -3.698915e+01
-3.206715e-01 9.090717e-01 2.660046e-01 -1.043614e+02 -6.007623e-01 -4.123231e-01 6.848900e-01 6.626634e+00 7.322940e-01 5.981915e-02 6.783562e-01 -3.728542e+01
-8.474414e-01 -3.707361e-01 3.799970e-01 -1.046689e+02 5.303103e-01 -5.577409e-01 6.385109e-01 6.639404e+00 -2.477915e-02 7.426169e-01 6.692579e-01 -3.752459e+01
-3.810961e-01 6.565519e-01 -6.509265e-01 -1.052474e+02 -9.243938e-01 -2.582697e-01 2.807006e-01 6.662936e+00 1.617990e-02 7.086863e-01 7.053381e-01 -3.777776e+01
-5.455629e-01 -7.968002e-01 -2.597510e-01 -1.057141e+02 -1.911532e-01 -1.834614e-01 9.642626e-01 6.680701e+00 -8.159789e-01 5.757181e-01 -5.222115e-02 -3.805122e+01
4.835434e-01 -2.730110e-01 -8.316555e-01 -1.051304e+02 -8.565716e-01 4.800835e-02 -5.137901e-01 6.654773e+00 1.801968e-01 9.608122e-01 -2.106394e-01 -3.822770e+01
-1.320927e-01 -8.648224e-01 4.843900e-01 -1.044659e+02 -9.438703e-01 2.589950e-01 2.050131e-01 6.628324e+00 -3.027545e-01 -4.301207e-01 -8.504916e-01 -3.841857e+01
-1.933060e-01 -9.380916e-01 -2.874318e-01 -1.044652e+02 -8.109058e-01 3.176754e-01 -4.914409e-01 6.629568e+00 5.523265e-01 1.380816e-01 -8.221124e-01 -3.875003e+01
-1.610090e-01 -7.694615e-01 6.180656e-01 -1.048658e+02 -8.801614e-01 3.952775e-01 2.628149e-01 6.647988e+00 -4.465334e-01 -5.016819e-01 -7.408935e-01 -3.919903e+01
-2.035297e-01 -8.889026e-01 -4.103996e-01 -1.049400e+02 -6.297644e-01 4.398099e-01 -6.402843e-01 6.657128e+00 7.496482e-01 1.281381e-01 -6.493136e-01 -3.979640e+01
3.629450e-01 -6.471228e-01 6.704498e-01 -1.046284e+02 -6.205489e-01 3.688870e-01 6.919837e-01 6.663507e+00 -6.951187e-01 -6.671989e-01 -2.676856e-01 -4.021789e+01
-2.129190e-01 -5.337641e-01 -8.183895e-01 -1.037809e+02 -9.468139e-01 3.195391e-01 3.792348e-02 6.653107e+00 2.412652e-01 7.829372e-01 -5.734112e-01 -4.068405e+01
3.206613e-02 -9.848202e-01 1.705901e-01 -1.026610e+02 -6.512981e-02 1.682563e-01 9.835893e-01 6.626227e+00 -9.973615e-01 -4.265041e-02 -5.874582e-02 -4.072018e+01
4.039641e-01 -5.103106e-02 -9.133503e-01 -1.010067e+02 -8.954669e-01 1.819942e-01 -4.062230e-01 6.589254e+00 1.869544e-01 9.819745e-01 2.782250e-02 -4.117663e+01
2.918807e-01 -8.832885e-01 3.668883e-01 -9.911274e+01 -3.297288e-01 2.671512e-01 9.054884e-01 6.559260e+00 -8.978221e-01 -3.852682e-01 -2.132693e-01 -4.208761e+01
5.493333e-01 -3.359671e-01 -7.650876e-01 -9.787122e+01 -7.254864e-01 2.625480e-01 -6.361902e-01 6.531230e+00 4.146112e-01 9.045411e-01 -9.951318e-02 -4.241332e+01
5.205430e-01 -7.251284e-01 4.508035e-01 -9.690870e+01 -4.311808e-01 2.324620e-01 8.718054e-01 6.509025e+00 -7.369655e-01 -6.481900e-01 -1.916549e-01 -4.272774e+01
-1.402796e-01 -3.294149e-01 -9.337063e-01 -9.667942e+01 -9.856425e-01 1.359638e-01 1.001140e-01 6.512096e+00 9.397121e-02 9.343445e-01 -3.437583e-01 -4.311493e+01
5.743481e-02 -9.886863e-01 1.385662e-01 -9.718497e+01 4.893148e-01 1.488590e-01 8.593091e-01 6.545845e+00 -8.702139e-01 1.844824e-02 4.923285e-01 -4.376535e+01
-6.291051e-01 4.935818e-01 -6.005030e-01 -9.722162e+01 -6.559729e-01 7.736713e-02 7.508088e-01 6.563576e+00 4.170447e-01 8.662513e-01 2.751042e-01 -4.448541e+01
1.203149e-01 -7.276664e-01 6.752969e-01 -9.691183e+01 9.890382e-01 1.465172e-01 -1.833330e-02 6.575873e+00 -8.560207e-02 6.701002e-01 7.373181e-01 -4.523800e+01
-1.383395e-01 9.903689e-01 -5.625522e-03 -9.702163e+01 5.296181e-01 7.877695e-02 8.445702e-01 6.610799e+00 8.368793e-01 1.138580e-01 -5.354152e-01 -4.596762e+01
7.377452e-01 5.903803e-01 3.273883e-01 -9.794723e+01 2.690059e-01 1.877034e-01 -9.446710e-01 6.677124e+00 -6.191671e-01 7.849959e-01 -2.033854e-02 -4.673938e+01
-8.104741e-01 3.067096e-01 -4.990600e-01 -9.848928e+01 5.849831e-01 3.795194e-01 -7.167704e-01 6.741566e+00 -3.043741e-02 -8.728655e-01 -4.870107e-01 -4.775083e+01
1.213707e-01 4.270210e-01 8.960593e-01 -9.942375e+01 -9.566222e-01 2.911863e-01 -9.192192e-03 6.819995e+00 -2.648455e-01 -8.560745e-01 4.438393e-01 -4.892411e+01
-2.332870e-01 -9.513726e-01 -2.011652e-01 -1.014128e+02 -9.588034e-01 1.905636e-01 2.106694e-01 6.952582e+00 -1.620904e-01 2.420243e-01 -9.566352e-01 -4.919096e+01
6.075524e-02 -9.980188e-01 -1.635131e-02 -1.036556e+02 8.398089e-01 4.225661e-02 5.412351e-01 7.099649e+00 -5.394719e-01 -4.661485e-02 8.407123e-01 -4.904244e+01
-5.922440e-01 7.223842e-01 3.569428e-01 -1.061658e+02 4.284525e-01 -9.283898e-02 8.987822e-01 7.253615e+00 6.824042e-01 6.852313e-01 -2.545240e-01 -4.938673e+01
5.473618e-01 4.639477e-01 6.965254e-01 -1.079834e+02 7.708074e-01 4.468361e-02 -6.354993e-01 7.358983e+00 -3.259617e-01 8.847349e-01 -3.331562e-01 -4.986725e+01
-5.265862e-01 7.975640e-01 -2.942766e-01 -1.098571e+02 7.379366e-01 2.569688e-01 -6.240326e-01 7.464543e+00 -4.220860e-01 -5.457644e-01 -7.238678e-01 -5.027119e+01
-9.878764e-03 5.081434e-01 8.612158e-01 -1.120284e+02 -9.452495e-01 2.762097e-01 -1.738148e-01 7.600335e+00 -3.261991e-01 -8.157809e-01 4.775937e-01 -5.020601e+01
-2.269623e-01 -9.674745e-01 -1.117189e-01 -1.138012e+02 -9.659110e-01 2.089476e-01 1.528292e-01 7.706241e+00 -1.245149e-01 1.425970e-01 -9.819176e-01 -5.022365e+01
7.512899e-02 -9.969818e-01 -1.956712e-02 -1.157982e+02 6.403964e-01 3.319816e-02 7.673267e-01 7.826678e+00 -7.643612e-01 -7.017920e-02 6.409577e-01 -5.021768e+01
-6.645562e-01 4.656776e-01 5.843881e-01 -1.181500e+02 5.714598e-01 -1.871668e-01 7.990008e-01 7.970711e+00 4.814548e-01 8.649353e-01 -1.417332e-01 -5.010189e+01
7.010516e-01 5.482043e-01 4.560688e-01 -1.205515e+02 5.111038e-01 5.972622e-02 -8.574414e-01 8.114307e+00 -4.972923e-01 8.342091e-01 -2.383181e-01 -5.024276e+01
-6.985213e-01 5.274574e-01 -4.835873e-01 -1.225247e+02 6.788687e-01 2.747558e-01 -6.809159e-01 8.223943e+00 -2.262857e-01 -8.039266e-01 -5.499971e-01 -5.101985e+01
-1.186585e-01 5.172249e-01 8.475839e-01 -1.245088e+02 -9.399228e-01 2.166780e-01 -2.638100e-01 8.336587e+00 -3.201019e-01 -8.279668e-01 4.604408e-01 -5.196681e+01
-1.281247e-01 -9.916771e-01 1.267331e-02 -1.269548e+02 -9.911384e-01 1.275826e-01 -3.697793e-02 8.476389e+00 3.505327e-02 -1.729879e-02 -9.992357e-01 -5.292806e+01
1.950673e-01 -9.735982e-01 -1.185547e-01 -1.293613e+02 4.262313e-01 -2.471489e-02 9.042765e-01 8.616696e+00 -8.833321e-01 -2.269265e-01 4.101570e-01 -5.364428e+01
-9.497495e-01 3.129778e-01 4.566355e-03 -1.309775e+02 -6.606600e-02 -2.146983e-01 9.744434e-01 8.710238e+00 3.059596e-01 9.251754e-01 2.245868e-01 -5.458118e+01
4.352604e-01 -1.809243e-01 8.819381e-01 -1.320730e+02 8.930923e-01 -3.697830e-02 -4.483512e-01 8.783909e+00 1.137302e-01 9.828016e-01 1.454869e-01 -5.553738e+01
-1.101297e-01 9.786090e-01 -1.737696e-01 -1.325482e+02 9.702114e-01 6.789080e-02 -2.325525e-01 8.833344e+00 -2.157806e-01 -1.942041e-01 -9.569344e-01 -5.600254e+01
-1.720717e-01 8.608073e-01 4.789595e-01 -1.337713e+02 -6.896968e-01 2.418825e-01 -6.825036e-01 8.919280e+00 -7.033560e-01 -4.477764e-01 5.520749e-01 -5.651232e+01
-5.556012e-01 -8.113720e-01 1.816119e-01 -1.348548e+02 -7.006215e-01 3.392582e-01 -6.277208e-01 8.991602e+00 4.477018e-01 -4.760036e-01 -7.569569e-01 -5.696877e+01
7.190685e-01 -6.937165e-01 4.120706e-02 -1.367349e+02 6.971377e-03 6.649367e-02 9.977625e-01 9.105974e+00 -6.949043e-01 -7.171723e-01 5.264966e-02 -5.754257e+01
-9.537696e-01 8.490035e-03 -3.004190e-01 -1.386328e+02 -2.961248e-01 -1.972394e-01 9.345623e-01 9.223978e+00 -5.132000e-02 9.803186e-01 1.906351e-01 -5.770072e+01
1.836123e-01 -4.502394e-01 8.738255e-01 -1.400851e+02 9.734079e-01 -4.059414e-02 -2.254532e-01 9.311302e+00 1.369801e-01 8.919847e-01 4.308130e-01 -5.793325e+01
1.260738e-01 9.830329e-01 -1.332355e-01 -1.416134e+02 5.020713e-01 5.260675e-02 8.632247e-01 9.393830e+00 8.555874e-01 -1.757238e-01 -4.869203e-01 -5.866654e+01
7.973640e-01 5.908740e-01 1.227948e-01 -1.433874e+02 1.072601e-01 6.148078e-02 -9.923283e-01 9.493302e+00 -5.938905e-01 8.044178e-01 -1.435464e-02 -5.942404e+01
-3.537410e-01 1.076911e-01 -9.291232e-01 -1.447235e+02 9.233640e-01 1.986790e-01 -3.285202e-01 9.571771e+00 1.492185e-01 -9.741300e-01 -1.697190e-01 -6.014236e+01
-1.119397e-01 9.279323e-01 3.555434e-01 -1.460553e+02 -8.062801e-01 1.243234e-01 -5.783219e-01 9.647472e+00 -5.808459e-01 -3.514047e-01 7.342566e-01 -6.079902e+01
-4.197453e-01 -8.503660e-01 -3.173193e-01 -1.474591e+02 5.902225e-01 9.867233e-03 -8.071803e-01 9.721583e+00 6.895297e-01 -5.260992e-01 4.977634e-01 -6.108274e+01
7.789540e-01 6.078305e-01 1.541842e-01 -1.486608e+02 2.675662e-02 -2.778686e-01 9.602464e-01 9.807516e+00 6.265100e-01 -7.438623e-01 -2.327104e-01 -6.132411e+01
-7.429213e-03 3.484128e-01 -9.373118e-01 -1.503422e+02 -9.570133e-01 -2.742647e-01 -9.436292e-02 9.912401e+00 -2.899488e-01 8.963188e-01 3.354733e-01 -6.098186e+01
-1.866326e-01 -9.766028e-01 -1.068422e-01 -1.517902e+02 9.321725e-01 -1.416966e-01 -3.331313e-01 9.996724e+00 3.101978e-01 -1.617685e-01 9.368075e-01 -6.088356e+01
3.255334e-02 9.978505e-01 5.687487e-02 -1.532548e+02 -9.268075e-01 5.143855e-02 -3.719972e-01 1.006728e+01 -3.741232e-01 -4.060230e-02 9.264898e-01 -6.122924e+01
-6.895543e-02 -9.720974e-01 -2.242135e-01 -1.540190e+02 9.531640e-01 -1.305410e-01 2.728323e-01 1.010091e+01 -2.944887e-01 -1.948990e-01 9.355698e-01 -6.149491e+01
1.662501e-01 9.197418e-01 -3.555782e-01 -1.542322e+02 -8.814835e-01 -2.300979e-02 -4.716538e-01 1.011023e+01 -4.419815e-01 3.918488e-01 8.069119e-01 -6.176482e+01
3.350008e-01 -9.284034e-01 -1.607529e-01 -1.531651e+02 2.762576e-01 -6.633120e-02 9.587919e-01 1.007850e+01 -9.008086e-01 -3.656053e-01 2.342575e-01 -6.196865e+01
8.637715e-01 1.950398e-01 -4.646055e-01 -1.521462e+02 -4.674039e-01 -3.431100e-02 -8.833778e-01 1.004804e+01 -1.882349e-01 9.801950e-01 6.152550e-02 -6.218041e+01
8.256704e-01 -5.633504e-01 -3.007713e-02 -1.524051e+02 4.072610e-02 6.345546e-03 9.991502e-01 1.005606e+01 -5.626808e-01 -8.261937e-01 2.818240e-02 -6.239552e+01
7.411842e-01 2.022633e-02 -6.709970e-01 -1.525276e+02 -6.712873e-01 1.577596e-02 -7.410293e-01 1.005996e+01 -4.402684e-03 9.996710e-01 2.527057e-02 -6.260724e+01
7.141530e-01 -6.151407e-01 -3.340471e-01 -1.524489e+02 4.009427e-01 -3.170640e-02 9.155543e-01 1.005644e+01 -5.737861e-01 -7.877796e-01 2.239929e-01 -6.272164e+01
3.224455e-01 5.125401e-01 -7.958213e-01 -1.522938e+02 -9.143471e-01 -4.890705e-02 -4.019670e-01 1.004891e+01 -2.449455e-01 8.572694e-01 4.528697e-01 -6.269138e+01
8.635871e-02 -8.383424e-01 -5.382604e-01 -1.522461e+02 9.788934e-01 -2.904828e-02 2.022968e-01 1.004810e+01 -1.852295e-01 -5.443696e-01 8.181392e-01 -6.267279e+01
-2.199313e-01 9.733304e-01 6.525422e-02 -1.523088e+02 -7.744947e-01 -2.148905e-01 5.949622e-01 1.005599e+01 5.931173e-01 8.031180e-02 8.011004e-01 -6.272702e+01
4.727328e-01 -8.105426e-01 3.457519e-01 -1.524998e+02 5.667175e-01 -2.081602e-02 -8.236492e-01 1.006471e+01 6.747999e-01 5.853097e-01 4.495083e-01 -6.281660e+01
7.020725e-01 5.713773e-01 4.249967e-01 -1.530721e+02 -5.168895e-01 -1.618432e-03 8.560506e-01 1.008984e+01 4.898157e-01 -8.206859e-01 2.942027e-01 -6.295254e+01
8.506956e-01 -5.052789e-01 1.449494e-01 -1.538139e+02 1.411342e-01 -4.607508e-02 -9.889177e-01 1.012414e+01 5.063578e-01 8.617252e-01 3.211627e-02 -6.307615e+01
9.701257e-01 1.400696e-01 1.980823e-01 -1.544357e+02 -1.992656e-01 -5.668344e-03 9.799291e-01 1.015124e+01 1.383811e-01 -9.901254e-01 2.241205e-02 -6.321021e+01
7.755666e-01 -1.000719e-01 -6.232833e-01 -1.549231e+02 -6.261982e-01 2.894994e-03 -7.796585e-01 1.017371e+01 7.982632e-02 9.949760e-01 -6.041959e-02 -6.332151e+01
5.284711e-01 -4.773538e-01 -7.020339e-01 -1.552082e+02 7.953361e-01 -1.083248e-02 6.060719e-01 1.018727e+01 -2.969155e-01 -8.786444e-01 3.739321e-01 -6.346934e+01
