9.999989e-01 -6.668620e-04 -1.334486e-03 2.199941e-01 6.677101e-04 9.999996e-01 6.352436e-04 -3.965694e-02 1.334061e-03 -6.361346e-04 9.999989e-01 1.703546e+00
9.999957e-01 -8.280989e-04 2.819456e-03 5.618442e-01 8.315795e-04 9.999989e-01 -1.233552e-03 -1.088481e-01 -2.818431e-03 1.235892e-03 9.999953e-01 4.532144e+00
9.999312e-01 4.157260e-04 -1.172616e-02 8.152820e-01 -3.985709e-04 9.999988e-01 1.465277e-03 -1.297205e-01 1.172675e-02 -1.460503e-03 9.999302e-01 5.149471e+00
9.999993e-01 -7.658286e-04 8.602809e-04 9.463385e-01 7.671117e-04 9.999986e-01 -1.492136e-03 -1.334211e-01 -8.591366e-04 1.492796e-03 9.999985e-01 5.060236e+00
9.999371e-01 4.954793e-04 -1.120607e-02 1.066078e+00 -4.782923e-04 9.999987e-01 1.536358e-03 -1.399421e-01 1.120682e-02 -1.530902e-03 9.999360e-01 5.092953e+00
9.999995e-01 -8.588687e-04 -4.404113e-04 1.199897e+00 8.580737e-04 9.999980e-01 -1.802230e-03 -1.450282e-01 4.419586e-04 1.801852e-03 9.999983e-01 4.887689e+00
9.999565e-01 5.772597e-04 -9.313915e-03 1.361422e+00 -5.591140e-04 9.999979e-01 1.950728e-03 -1.574829e-01 9.315022e-03 -1.945436e-03 9.999547e-01 5.181526e+00
9.999993e-01 -8.940944e-04 -7.354266e-04 1.555850e+00 8.928892e-04 9.999983e-01 -1.637603e-03 -1.722734e-01 7.368899e-04 1.636946e-03 9.999984e-01 5.528515e+00
9.999869e-01 7.330467e-04 -5.072741e-03 1.575827e+00 -7.208065e-04 9.999968e-01 2.414354e-03 -1.862352e-01 5.074494e-03 -2.410667e-03 9.999842e-01 6.213061e+00
9.999994e-01 -1.021476e-03 3.838072e-04 1.588153e+00 1.022147e-03 9.999979e-01 -1.750154e-03 -2.025073e-01 -3.820183e-04 1.750546e-03 9.999984e-01 7.073321e+00
9.999743e-01 8.817667e-04 -7.119306e-03 1.602269e+00 -8.647128e-04 9.999968e-01 2.398179e-03 -2.133411e-01 7.121397e-03 -2.391962e-03 9.999718e-01 7.544231e+00
9.999952e-01 -1.188113e-03 -2.852678e-03 1.630384e+00 1.181028e-03 9.999962e-01 -2.484107e-03 -2.171311e-01 2.855619e-03 2.480727e-03 9.999928e-01 7.529531e+00
9.999969e-01 6.577405e-04 -2.416387e-03 1.750983e+00 -6.503989e-04 9.999952e-01 3.037828e-03 -2.370953e-01 2.418373e-03 -3.036248e-03 9.999925e-01 8.282985e+00
9.999944e-01 -9.787565e-04 -3.200005e-03 1.900279e+00 9.697061e-04 9.999955e-01 -2.828587e-03 -2.692007e-01 3.202759e-03 2.825468e-03 9.999909e-01 9.483706e+00
9.999783e-01 5.560662e-04 -6.567124e-03 2.010974e+00 -5.373966e-04 9.999958e-01 2.844309e-03 -2.785934e-01 6.568678e-03 -2.840719e-03 9.999744e-01 9.545103e+00
9.999989e-01 -7.668014e-04 1.301669e-03 2.083950e+00 7.698785e-04 9.999969e-01 -2.365080e-03 -3.008536e-01 -1.299851e-03 2.366081e-03 9.999964e-01 1.040433e+01
9.999857e-01 1.692428e-04 -5.347252e-03 2.160256e+00 -1.538848e-04 9.999959e-01 2.872413e-03 -3.301310e-01 5.347716e-03 -2.871550e-03 9.999816e-01 1.166445e+01
9.999902e-01 -3.063755e-04 -4.415597e-03 2.185739e+00 2.941506e-04 9.999961e-01 -2.768974e-03 -3.390018e-01 4.416429e-03 2.767649e-03 9.999864e-01 1.178366e+01
9.999585e-01 -4.417071e-04 -9.094953e-03 2.259476e+00 4.585223e-04 9.999982e-01 1.846856e-03 -3.372207e-01 9.094120e-03 -1.850950e-03 9.999569e-01 1.114637e+01
9.999969e-01 4.399341e-05 -2.508627e-03 2.411217e+00 -4.904746e-05 9.999980e-01 -2.014673e-03 -3.436226e-01 2.508533e-03 2.014790e-03 9.999948e-01 1.099432e+01
9.999742e-01 -4.564341e-04 -7.174068e-03 2.545630e+00 4.717750e-04 9.999976e-01 2.136855e-03 -3.546310e-01 7.173075e-03 -2.140185e-03 9.999720e-01 1.119188e+01
9.999785e-01 -4.870132e-04 6.531958e-03 2.658656e+00 4.984371e-04 9.999983e-01 -1.747397e-03 -3.912232e-01 -6.531095e-03 1.750616e-03 9.999771e-01 1.295523e+01
9.999842e-01 -7.682857e-04 -5.561326e-03 2.818960e+00 7.788930e-04 9.999979e-01 1.905419e-03 -4.402717e-01 5.559850e-03 -1.909721e-03 9.999827e-01 1.533966e+01
9.999777e-01 -8.356746e-04 6.621490e-03 3.004391e+00 8.511497e-04 9.999969e-01 -2.334620e-03 -4.988179e-01 -6.619518e-03 2.340205e-03 9.999754e-01 1.790106e+01
9.999737e-01 -2.674558e-04 -7.247780e-03 3.108315e+00 2.865302e-04 9.999965e-01 2.630859e-03 -5.394086e-01 7.247051e-03 -2.632868e-03 9.999703e-01 1.981542e+01
9.999542e-01 -1.270485e-03 9.482033e-03 3.227199e+00 1.294050e-03 9.999961e-01 -2.479484e-03 -5.878904e-01 -9.478846e-03 2.491642e-03 9.999520e-01 2.225806e+01
9.999438e-01 2.197409e-04 -1.059829e-02 3.340120e+00 -1.934526e-04 9.999969e-01 2.481400e-03 -6.322480e-01 1.059880e-02 -2.479211e-03 9.999408e-01 2.431025e+01
9.999769e-01 -5.724140e-04 6.770945e-03 3.450794e+00 5.863212e-04 9.999977e-01 -2.052140e-03 -6.608108e-01 -6.769754e-03 2.056063e-03 9.999750e-01 2.558025e+01
9.999681e-01 -2.785947e-04 -7.983968e-03 3.653705e+00 2.967824e-04 9.999974e-01 2.276952e-03 -7.034755e-01 7.983313e-03 -2.279250e-03 9.999655e-01 2.744689e+01
9.999934e-01 -1.714962e-04 3.632791e-03 3.775865e+00 1.789210e-04 9.999979e-01 -2.043586e-03 -7.354606e-01 -3.632432e-03 2.044223e-03 9.999913e-01 2.878265e+01
9.999542e-01 1.843169e-05 -9.566488e-03 3.885151e+00 5.512006e-06 9.999969e-01 2.502848e-03 -7.576225e-01 9.566504e-03 -2.502787e-03 9.999511e-01 2.962344e+01
1.000000e+00 -2.680946e-04 1.435962e-04 4.067946e+00 2.684464e-04 9.999969e-01 -2.455347e-03 -7.757672e-01 -1.429372e-04 2.455386e-03 9.999970e-01 2.999342e+01
9.999524e-01 -8.484909e-05 -9.758190e-03 4.175684e+00 1.103454e-04 9.999966e-01 2.612314e-03 -7.862529e-01 9.757935e-03 -2.613267e-03 9.999490e-01 3.016289e+01
9.999999e-01 -1.540436e-04 -3.365036e-04 4.192707e+00 1.531463e-04 9.999964e-01 -2.665131e-03 -7.913539e-01 3.369132e-04 2.665080e-03 9.999964e-01 3.015153e+01
9.999384e-01 -4.326300e-04 -1.109500e-02 4.207902e+00 4.578097e-04 9.999973e-01 2.267033e-03 -7.907253e-01 1.109399e-02 -2.271974e-03 9.999359e-01 2.976218e+01
9.999992e-01 1.552690e-04 1.243232e-03 4.208913e+00 -1.524408e-04 9.999974e-01 -2.274563e-03 -7.920803e-01 -1.243581e-03 2.274372e-03 9.999966e-01 2.962579e+01
9.999251e-01 -5.665406e-04 -1.222456e-02 4.194507e+00 5.898281e-04 9.999980e-01 1.901466e-03 -7.920561e-01 1.222346e-02 -1.908535e-03 9.999235e-01 2.928617e+01
9.999998e-01 2.830466e-05 5.945968e-04 4.208885e+00 -2.687479e-05 9.999971e-01 -2.404468e-03 -7.898691e-01 -5.946628e-04 2.404452e-03 9.999969e-01 2.880224e+01
9.999216e-01 -6.345033e-04 -1.250910e-02 4.231318e+00 6.568804e-04 9.999982e-01 1.784843e-03 -7.880259e-01 1.250795e-02 -1.792921e-03 9.999202e-01 2.831035e+01
9.999996e-01 2.946150e-04 8.812108e-04 4.332412e+00 -2.928954e-04 9.999981e-01 -1.950860e-03 -7.919705e-01 -8.817835e-04 1.950602e-03 9.999977e-01 2.804663e+01
9.999513e-01 -4.288970e-04 -9.859186e-03 4.395082e+00 4.512531e-04 9.999973e-01 2.265445e-03 -8.002690e-01 9.858188e-03 -2.269784e-03 9.999488e-01 2.816958e+01
1.000000e+00 2.967362e-04 1.219994e-05 4.414022e+00 -2.967088e-04 9.999976e-01 -2.174250e-03 -8.043427e-01 -1.284476e-05 2.174247e-03 9.999976e-01 2.808682e+01
9.999441e-01 -4.605521e-04 -1.056698e-02 4.560104e+00 4.850840e-04 9.999972e-01 2.319125e-03 -8.127883e-01 1.056589e-02 -2.324122e-03 9.999415e-01 2.798290e+01
9.999997e-01 4.111136e-04 -6.144832e-04 4.819643e+00 -4.123185e-04 9.999980e-01 -1.962187e-03 -8.271169e-01 6.136756e-04 1.962441e-03 9.999979e-01 2.810331e+01
9.999545e-01 -4.721135e-04 -9.526623e-03 4.978926e+00 4.938136e-04 9.999973e-01 2.275631e-03 -8.393492e-01 9.525522e-03 -2.280233e-03 9.999520e-01 2.817888e+01
9.999994e-01 6.560979e-04 8.423028e-04 5.059090e+00 -6.546570e-04 9.999983e-01 -1.709661e-03 -8.481014e-01 -8.434227e-04 1.709109e-03 9.999982e-01 2.836570e+01
9.999533e-01 -7.170824e-04 -9.633479e-03 5.205083e+00 7.384061e-04 9.999973e-01 2.210142e-03 -8.617936e-01 9.631867e-03 -2.217153e-03 9.999512e-01 2.871861e+01
9.999963e-01 7.794634e-04 2.603843e-03 5.283958e+00 -7.755084e-04 9.999985e-01 -1.519500e-03 -8.748892e-01 -2.605024e-03 1.517476e-03 9.999955e-01 2.913446e+01
9.999674e-01 -8.332742e-04 -8.029511e-03 5.336859e+00 8.518733e-04 9.999970e-01 2.313221e-03 -8.911194e-01 8.027559e-03 -2.319986e-03 9.999651e-01 2.977220e+01
9.999958e-01 6.428823e-04 2.825117e-03 5.377874e+00 -6.385371e-04 9.999986e-01 -1.538646e-03 -9.094884e-01 -2.826102e-03 1.536837e-03 9.999948e-01 3.059266e+01
9.999552e-01 -6.341352e-04 -9.445942e-03 5.517864e+00 6.548174e-04 9.999974e-01 2.186616e-03 -9.318473e-01 9.444531e-03 -2.192704e-03 9.999530e-01 3.129981e+01
9.999884e-01 3.146628e-04 4.812538e-03 5.623994e+00 -3.064408e-04 9.999985e-01 -1.709045e-03 -9.586284e-01 -4.813068e-03 1.707551e-03 9.999870e-01 3.226260e+01
9.999571e-01 -6.020412e-04 -9.240239e-03 5.704750e+00 6.241342e-04 9.999970e-01 2.388276e-03 -9.826387e-01 9.238773e-03 -2.393941e-03 9.999545e-01 3.330407e+01
9.999992e-01 7.268882e-04 1.020613e-03 5.832642e+00 -7.250226e-04 9.999981e-01 -1.826941e-03 -1.001476e+00 -1.021938e-03 1.826200e-03 9.999978e-01 3.374094e+01
9.999357e-01 -9.714996e-04 -1.129699e-02 6.024797e+00 9.937758e-04 9.999976e-01 1.966437e-03 -1.013762e+00 1.129505e-02 -1.977538e-03 9.999343e-01 3.380019e+01
9.999994e-01 8.005570e-04 7.308359e-04 6.263375e+00 -7.993061e-04 9.999982e-01 -1.710112e-03 -1.029516e+00 -7.322033e-04 1.709528e-03 9.999983e-01 3.402221e+01
9.999445e-01 -9.996463e-04 -1.048549e-02 6.460370e+00 1.020744e-03 9.999975e-01 2.006956e-03 -1.044250e+00 1.048346e-02 -2.017549e-03 9.999430e-01 3.421591e+01
9.999996e-01 8.806710e-04 5.076634e-06 6.595688e+00 -8.806602e-04 9.999980e-01 -1.804555e-03 -1.054412e+00 -6.665524e-06 1.804551e-03 9.999984e-01 3.426971e+01
9.999283e-01 -1.144339e-03 -1.192349e-02 6.716953e+00 1.162718e-03 9.999981e-01 1.534608e-03 -1.057291e+00 1.192171e-02 -1.548362e-03 9.999277e-01 3.395236e+01
9.999975e-01 7.541299e-04 -2.122487e-03 7.010434e+00 -7.578335e-04 9.999982e-01 -1.744764e-03 -1.061801e+00 2.121168e-03 1.746369e-03 9.999962e-01 3.362351e+01
9.999393e-01 -1.450433e-03 -1.092270e-02 7.072682e+00 1.460395e-03 9.999985e-01 9.041725e-04 -1.059232e+00 1.092138e-02 -9.200697e-04 9.999399e-01 3.296864e+01
9.999858e-01 1.394854e-03 5.134443e-03 7.119717e+00 -1.394224e-03 9.999990e-01 -1.261056e-04 -1.074919e+00 -5.134614e-03 1.189459e-04 9.999868e-01 3.359263e+01
9.999359e-01 -1.371389e-03 -1.124102e-02 7.201591e+00 1.379954e-03 9.999988e-01 7.542189e-04 -1.097692e+00 1.123997e-02 -7.696833e-04 9.999365e-01 3.443679e+01
9.999987e-01 1.199497e-03 1.033826e-03 7.354630e+00 -1.198734e-03 9.999990e-01 -7.383540e-04 -1.111191e+00 -1.034710e-03 7.371145e-04 9.999992e-01 3.460786e+01
9.999447e-01 -1.477467e-03 -1.040851e-02 7.490445e+00 1.487578e-03 9.999984e-01 9.638124e-04 -1.123061e+00 1.040707e-02 -9.792433e-04 9.999454e-01 3.480038e+01
9.999920e-01 1.504785e-03 3.703860e-03 7.561447e+00 -1.503745e-03 9.999988e-01 -2.836941e-04 -1.140098e+00 -3.704282e-03 2.781228e-04 9.999931e-01 3.539170e+01
9.999328e-01 -1.255688e-03 -1.152854e-02 7.633471e+00 1.268486e-03 9.999986e-01 1.102932e-03 -1.149878e+00 1.152714e-02 -1.117483e-03 9.999329e-01 3.570238e+01
9.999926e-01 1.493633e-03 3.546728e-03 7.694121e+00 -1.492680e-03 9.999988e-01 -2.710729e-04 -1.157087e+00 -3.547129e-03 2.657774e-04 9.999937e-01 3.594463e+01
9.999160e-01 -1.415771e-03 -1.288696e-02 7.739923e+00 1.424765e-03 9.999987e-01 6.887905e-04 -1.160912e+00 1.288596e-02 -7.070942e-04 9.999167e-01 3.595246e+01
9.999977e-01 1.162620e-03 1.805840e-03 7.806634e+00 -1.161064e-03 9.999990e-01 -8.624112e-04 -1.161320e+00 -1.806841e-03 8.603132e-04 9.999980e-01 3.564701e+01
9.999366e-01 -1.273090e-03 -1.118529e-02 7.886565e+00 1.285169e-03 9.999986e-01 1.072790e-03 -1.168620e+00 1.118390e-02 -1.087098e-03 9.999369e-01 3.571427e+01
9.999927e-01 1.401762e-03 3.563313e-03 7.958731e+00 -1.400280e-03 9.999989e-01 -4.181285e-04 -1.181083e+00 -3.563895e-03 4.131365e-04 9.999936e-01 3.609287e+01
9.999293e-01 -1.302914e-03 -1.181933e-02 8.050162e+00 1.313527e-03 9.999987e-01 8.902245e-04 -1.192770e+00 1.181815e-02 -9.056872e-04 9.999298e-01 3.638191e+01
9.999977e-01 1.139458e-03 1.819178e-03 8.150809e+00 -1.137952e-03 9.999990e-01 -8.281934e-04 -1.201001e+00 -1.820120e-03 8.261220e-04 9.999980e-01 3.641824e+01
9.999639e-01 -1.132040e-03 -8.415778e-03 8.194843e+00 1.144937e-03 9.999982e-01 1.527908e-03 -1.215120e+00 8.414033e-03 -1.537490e-03 9.999634e-01 3.695994e+01
9.999969e-01 1.155810e-03 2.220360e-03 8.227922e+00 -1.154141e-03 9.999991e-01 -7.528520e-04 -1.229421e+00 -2.221228e-03 7.502877e-04 9.999973e-01 3.758047e+01
9.999498e-01 -1.010167e-03 -9.965157e-03 8.303550e+00 1.023973e-03 9.999985e-01 1.380484e-03 -1.241815e+00 9.963748e-03 -1.390620e-03 9.999494e-01 3.798406e+01
9.999971e-01 1.027679e-03 2.191051e-03 8.394035e+00 -1.025974e-03 9.999992e-01 -7.789835e-04 -1.253359e+00 -2.191849e-03 7.767339e-04 9.999973e-01 3.832244e+01
9.999383e-01 -9.315592e-04 -1.106938e-02 8.445340e+00 9.442980e-04 9.999989e-01 1.145667e-03 -1.262727e+00 1.106830e-02 -1.156049e-03 9.999381e-01 3.848322e+01
9.999994e-01 7.869901e-04 7.786059e-04 8.513849e+00 -7.860640e-04 9.999990e-01 -1.188665e-03 -1.268962e+00 -7.795403e-04 1.188053e-03 9.999990e-01 3.828895e+01
9.999506e-01 -9.425293e-04 -9.899779e-03 8.564895e+00 9.564868e-04 9.999986e-01 1.405270e-03 -1.277141e+00 9.898440e-03 -1.414670e-03 9.999500e-01 3.833617e+01
9.999946e-01 1.052545e-03 3.120966e-03 8.609237e+00 -1.050559e-03 9.999992e-01 -6.377124e-04 -1.289337e+00 -3.121634e-03 6.344309e-04 9.999949e-01 3.875084e+01
9.999448e-01 -6.900388e-04 -1.048869e-02 8.650705e+00 7.065018e-04 9.999985e-01 1.566000e-03 -1.297510e+00 1.048760e-02 -1.573324e-03 9.999438e-01 3.904171e+01
9.999987e-01 6.310198e-04 1.473196e-03 8.721616e+00 -6.290683e-04 9.999989e-01 -1.324589e-03 -1.304267e+00 -1.474030e-03 1.323662e-03 9.999980e-01 3.909917e+01
9.999766e-01 -6.308731e-04 -6.817431e-03 8.808039e+00 6.448230e-04 9.999977e-01 2.044238e-03 -1.322896e+00 6.816126e-03 -2.048587e-03 9.999747e-01 3.985472e+01
9.999941e-01 1.444932e-05 3.448525e-03 8.903825e+00 -9.003690e-06 9.999988e-01 -1.579055e-03 -1.353585e+00 -3.448543e-03 1.579016e-03 9.999928e-01 4.111750e+01
9.999970e-01 -1.891915e-03 -1.567242e-03 9.032703e+00 1.894401e-03 9.999969e-01 1.586471e-03 -1.411419e+00 1.564235e-03 -1.589436e-03 9.999975e-01 4.377820e+01
9.999983e-01 3.583653e-04 1.788114e-03 9.161183e+00 -3.553444e-04 9.999985e-01 -1.689345e-03 -1.465087e+00 -1.788717e-03 1.688708e-03 9.999970e-01 4.617729e+01
9.999950e-01 -1.613700e-03 -2.727269e-03 9.265076e+00 1.618888e-03 9.999969e-01 1.901276e-03 -1.509754e+00 2.724192e-03 -1.905682e-03 9.999945e-01 4.816241e+01
9.999882e-01 -2.218928e-04 4.850477e-03 9.441985e+00 2.314004e-04 9.999981e-01 -1.959623e-03 -1.571964e+00 -4.850033e-03 1.960723e-03 9.999863e-01 5.091848e+01
9.999885e-01 -1.546691e-03 -4.532889e-03 9.638936e+00 1.553423e-03 9.999977e-01 1.481942e-03 -1.637582e+00 4.530586e-03 -1.488968e-03 9.999886e-01 5.358262e+01
9.999980e-01 6.848312e-04 1.887531e-03 9.705704e+00 -6.831922e-04 9.999994e-01 -8.686725e-04 -1.672026e+00 -1.888124e-03 8.673819e-04 9.999978e-01 5.513751e+01
9.999724e-01 -1.031819e-03 -7.352567e-03 9.796100e+00 1.041759e-03 9.999985e-01 1.348341e-03 -1.701242e+00 7.351165e-03 -1.355964e-03 9.999721e-01 5.630291e+01
9.999943e-01 1.048965e-03 -3.214799e-03 9.925456e+00 -1.052503e-03 9.999988e-01 -1.099314e-03 -1.710559e+00 3.213642e-03 1.102692e-03 9.999942e-01 5.631347e+01
9.999424e-01 -1.685683e-03 -1.059607e-02 1.005873e+01 1.688970e-03 9.999985e-01 3.013469e-04 -1.708129e+00 1.059555e-02 -3.192266e-04 9.999438e-01 5.562683e+01
9.999967e-01 1.046075e-03 -2.340255e-03 1.014407e+01 -1.048493e-03 9.999989e-01 -1.032443e-03 -1.705890e+00 2.339172e-03 1.034894e-03 9.999967e-01 5.497242e+01
9.999420e-01 -1.671529e-03 -1.063508e-02 1.023831e+01 1.675202e-03 9.999985e-01 3.365030e-04 -1.703572e+00 1.063450e-02 -3.543001e-04 9.999434e-01 5.433933e+01
9.999969e-01 1.116744e-03 -2.247053e-03 1.035418e+01 -1.118702e-03 9.999990e-01 -8.702010e-04 -1.701638e+00 2.246079e-03 8.727127e-04 9.999971e-01 5.374691e+01
9.999655e-01 -1.305013e-03 -8.208593e-03 1.050465e+01 1.312367e-03 9.999987e-01 8.905287e-04 -1.710455e+00 8.207420e-03 -9.012713e-04 9.999659e-01 5.366922e+01
9.999931e-01 1.103080e-03 -3.549349e-03 1.070917e+01 -1.106369e-03 9.999990e-01 -9.248953e-04 -1.719950e+00 3.548326e-03 9.288165e-04 9.999933e-01 5.353752e+01
9.999492e-01 -1.499633e-03 -9.967093e-03 1.093074e+01 1.505513e-03 9.999987e-01 5.824781e-04 -1.724201e+00 9.966206e-03 -5.974548e-04 9.999502e-01 5.308719e+01
9.999943e-01 1.019666e-03 -3.211076e-03 1.108539e+01 -1.022992e-03 9.999989e-01 -1.034177e-03 -1.724107e+00 3.210018e-03 1.037457e-03 9.999943e-01 5.250665e+01
9.999451e-01 -1.558421e-03 -1.035856e-02 1.125817e+01 1.563516e-03 9.999987e-01 4.837643e-04 -1.723443e+00 1.035780e-02 -4.999342e-04 9.999462e-01 5.188919e+01
9.999957e-01 1.132856e-03 -2.714860e-03 1.149304e+01 -1.134686e-03 9.999991e-01 -6.728079e-04 -1.728315e+00 2.714095e-03 6.758862e-04 9.999961e-01 5.145001e+01
9.999457e-01 -1.538191e-03 -1.030886e-02 1.167502e+01 1.542083e-03 9.999987e-01 3.696168e-04 -1.732268e+00 1.030828e-02 -3.854945e-04 9.999468e-01 5.098267e+01
9.999985e-01 1.242081e-03 -1.176712e-03 1.178390e+01 -1.242725e-03 9.999991e-01 -5.472051e-04 -1.736086e+00 1.176031e-03 5.486673e-04 9.999992e-01 5.060114e+01
9.999442e-01 -1.469063e-03 -1.046505e-02 1.193233e+01 1.472705e-03 9.999989e-01 3.402725e-04 -1.742848e+00 1.046453e-02 -3.556660e-04 9.999452e-01 5.029069e+01
9.999924e-01 8.252572e-04 -3.816166e-03 1.211373e+01 -8.287212e-04 9.999992e-01 -9.063243e-04 -1.741644e+00 3.815416e-03 9.094805e-04 9.999923e-01 4.961368e+01
9.999369e-01 -1.791400e-03 -1.108660e-02 1.222550e+01 1.787201e-03 9.999983e-01 -3.886259e-04 -1.736106e+00 1.108728e-02 3.687867e-04 9.999385e-01 4.871427e+01
9.999892e-01 5.495216e-04 -4.616967e-03 1.227129e+01 -5.560542e-04 9.999988e-01 -1.413807e-03 -1.727100e+00 4.616185e-03 1.416360e-03 9.999883e-01 4.762645e+01
9.999352e-01 -1.987063e-03 -1.120670e-02 1.229296e+01 1.979759e-03 9.999978e-01 -6.628053e-04 -1.716468e+00 1.120799e-02 6.405752e-04 9.999370e-01 4.646065e+01
9.999879e-01 6.092926e-04 -4.871256e-03 1.234119e+01 -6.156422e-04 9.999990e-01 -1.302169e-03 -1.706151e+00 4.870458e-03 1.305153e-03 9.999873e-01 4.530759e+01
9.999351e-01 -2.150523e-03 -1.119133e-02 1.235784e+01 2.140549e-03 9.999973e-01 -9.030902e-04 -1.694584e+00 1.119324e-02 8.790753e-04 9.999370e-01 4.408659e+01
9.999852e-01 5.190270e-04 -5.409377e-03 1.236936e+01 -5.264515e-04 9.999989e-01 -1.371263e-03 -1.682235e+00 5.408660e-03 1.374091e-03 9.999844e-01 4.281604e+01
9.999486e-01 -1.861432e-03 -9.967735e-03 1.242577e+01 1.856958e-03 9.999982e-01 -4.580760e-04 -1.672842e+00 9.968569e-03 4.395422e-04 9.999502e-01 4.174505e+01
9.999748e-01 1.177129e-04 -7.094103e-03 1.241849e+01 -1.327289e-04 9.999978e-01 -2.116304e-03 -1.658639e+00 7.093838e-03 2.117193e-03 9.999726e-01 4.037577e+01
9.999438e-01 -1.903843e-03 -1.043195e-02 1.241877e+01 1.898924e-03 9.999981e-01 -4.814185e-04 -1.644018e+00 1.043285e-02 4.615813e-04 9.999455e-01 3.896983e+01
9.999772e-01 1.595345e-04 -6.749090e-03 1.243663e+01 -1.728733e-04 9.999980e-01 -1.975903e-03 -1.630093e+00 6.748762e-03 1.977025e-03 9.999753e-01 3.761923e+01
9.999458e-01 -1.803665e-03 -1.025269e-02 1.249038e+01 1.801272e-03 9.999983e-01 -2.426343e-04 -1.617011e+00 1.025311e-02 2.241527e-04 9.999474e-01 3.633969e+01
9.999730e-01 1.205163e-06 -7.350665e-03 1.250646e+01 -1.842091e-05 9.999973e-01 -2.342050e-03 -1.602097e+00 7.350642e-03 2.342122e-03 9.999702e-01 3.494092e+01
9.999664e-01 -1.086476e-03 -8.126396e-03 1.262867e+01 1.095422e-03 9.999988e-01 1.096544e-03 -1.595088e+00 8.125194e-03 -1.105409e-03 9.999664e-01 3.402542e+01
9.999607e-01 -4.565175e-04 -8.848881e-03 1.268606e+01 4.276688e-04 9.999946e-01 -3.261810e-03 -1.582255e+00 8.850322e-03 3.257898e-03 9.999555e-01 3.277742e+01
9.999598e-01 -1.543663e-03 -8.833470e-03 1.266610e+01 1.547154e-03 9.999987e-01 3.884238e-04 -1.565989e+00 8.832859e-03 -4.020755e-04 9.999609e-01 3.129247e+01
9.999786e-01 4.467597e-04 -6.531594e-03 1.281252e+01 -4.575447e-04 9.999985e-01 -1.649865e-03 -1.560046e+00 6.530848e-03 1.652819e-03 9.999773e-01 3.036722e+01
9.999647e-01 -1.171573e-03 -8.320746e-03 1.300014e+01 1.178052e-03 9.999990e-01 7.738301e-04 -1.560968e+00 8.319831e-03 -7.836056e-04 9.999651e-01 2.970545e+01
9.999635e-01 -1.800138e-04 -8.538921e-03 1.311613e+01 1.573764e-04 9.999965e-01 -2.651732e-03 -1.551375e+00 8.539368e-03 2.650292e-03 9.999600e-01 2.854855e+01
9.999587e-01 -1.536541e-03 -8.957892e-03 1.318110e+01 1.538736e-03 9.999988e-01 2.381814e-04 -1.538386e+00 8.957515e-03 -2.519560e-04 9.999598e-01 2.721227e+01
9.999668e-01 -2.668068e-05 -8.148910e-03 1.325925e+01 7.253817e-06 9.999972e-01 -2.384053e-03 -1.527001e+00 8.148951e-03 2.383915e-03 9.999640e-01 2.596058e+01
9.999373e-01 -2.076211e-03 -1.100599e-02 1.329604e+01 2.068838e-03 9.999976e-01 -6.812703e-04 -1.509742e+00 1.100738e-02 6.584574e-04 9.999392e-01 2.435858e+01
9.999562e-01 -1.466870e-04 -9.356482e-03 1.337116e+01 1.234419e-04 9.999969e-01 -2.484950e-03 -1.491271e+00 9.356818e-03 2.483687e-03 9.999531e-01 2.264616e+01
9.999485e-01 -1.765383e-03 -9.997451e-03 1.347873e+01 1.763090e-03 9.999984e-01 -2.381855e-04 -1.475858e+00 9.997855e-03 2.205463e-04 9.999500e-01 2.112899e+01
9.999653e-01 -2.220092e-05 -8.329365e-03 1.352972e+01 2.671634e-06 9.999973e-01 -2.344686e-03 -1.461410e+00 8.329394e-03 2.344583e-03 9.999626e-01 1.969026e+01
9.999741e-01 -1.144640e-03 -7.109027e-03 1.365985e+01 1.152113e-03 9.999988e-01 1.047168e-03 -1.455054e+00 7.107820e-03 -1.055332e-03 9.999742e-01 1.875566e+01
9.999607e-01 -6.001678e-05 -8.869013e-03 1.378558e+01 3.726898e-05 9.999967e-01 -2.565054e-03 -1.446950e+00 8.869138e-03 2.564623e-03 9.999574e-01 1.772536e+01
9.999635e-01 -1.531146e-03 -8.409340e-03 1.387716e+01 1.535268e-03 9.999987e-01 4.838384e-04 -1.435641e+00 8.408588e-03 -4.967319e-04 9.999645e-01 1.647351e+01
9.999587e-01 -9.204583e-05 -9.087799e-03 1.393808e+01 6.682251e-05 9.999961e-01 -2.775829e-03 -1.422777e+00 9.088019e-03 2.775108e-03 9.999549e-01 1.515383e+01
9.999463e-01 -2.244187e-03 -1.011730e-02 1.391623e+01 2.237949e-03 9.999973e-01 -6.278534e-04 -1.402934e+00 1.011869e-02 6.051771e-04 9.999486e-01 1.342671e+01
9.999637e-01 4.084299e-05 -8.521285e-03 1.388396e+01 -6.187568e-05 9.999970e-01 -2.468057e-03 -1.383624e+00 8.521159e-03 2.468495e-03 9.999606e-01 1.180315e+01
9.999383e-01 -2.505781e-03 -1.082072e-02 1.381351e+01 2.492472e-03 9.999961e-01 -1.243226e-03 -1.362434e+00 1.082379e-02 1.216179e-03 9.999407e-01 9.978189e+00
9.999796e-01 1.576476e-03 -6.187553e-03 1.428199e+01 -1.572705e-03 9.999986e-01 6.141472e-04 -1.364156e+00 6.188513e-03 -6.044030e-04 9.999807e-01 9.160530e+00
9.999560e-01 -2.030685e-03 -9.154917e-03 1.462641e+01 2.021873e-03 9.999975e-01 -9.716968e-04 -1.372100e+00 9.156867e-03 9.531435e-04 9.999576e-01 8.692693e+00
9.999704e-01 7.333149e-04 -7.661942e-03 1.479281e+01 -7.374490e-04 9.999996e-01 -5.368247e-04 -1.364308e+00 7.661545e-03 5.424596e-04 9.999705e-01 7.605149e+00
9.999836e-01 -1.494430e-03 -5.524858e-03 1.476121e+01 1.491662e-03 9.999988e-01 -5.049244e-04 -1.358316e+00 5.525605e-03 4.966744e-04 9.999846e-01 6.818888e+00
9.999682e-01 1.344343e-03 -7.860736e-03 1.486697e+01 -1.345076e-03 9.999991e-01 -8.813030e-05 -1.355785e+00 7.860611e-03 9.870129e-05 9.999691e-01 6.222344e+00
9.999416e-01 -3.043077e-03 -1.037168e-02 1.500663e+01 3.021134e-03 9.999932e-01 -2.130570e-03 -1.343909e+00 1.037809e-02 2.099111e-03 9.999439e-01 4.858345e+00
9.999582e-01 6.228612e-04 -9.118671e-03 1.495384e+01 -6.359167e-04 9.999988e-01 -1.428954e-03 -1.323511e+00 9.117770e-03 1.434694e-03 9.999574e-01 3.061536e+00
9.999187e-01 -3.645796e-03 -1.221538e-02 1.482708e+01 3.606822e-03 9.999883e-01 -3.211047e-03 -1.295541e+00 1.222695e-02 3.166727e-03 9.999202e-01 8.548797e-01
9.999631e-01 1.051385e-03 -8.530056e-03 1.483909e+01 -1.054454e-03 9.999994e-01 -3.553217e-04 -1.273848e+00 8.529678e-03 3.643036e-04 9.999636e-01 -1.006786e+00
9.999426e-01 -3.193604e-03 -1.022713e-02 1.484654e+01 3.165717e-03 9.999912e-01 -2.741766e-03 -1.256903e+00 1.023580e-02 2.709232e-03 9.999439e-01 -2.615881e+00
9.999648e-01 1.368723e-03 -8.283213e-03 1.490033e+01 -1.367944e-03 9.999991e-01 9.954684e-05 -1.242697e+00 8.283342e-03 -8.821189e-05 9.999657e-01 -4.091631e+00
9.999501e-01 -3.164548e-03 -9.472459e-03 1.488964e+01 3.138145e-03 9.999912e-01 -2.800843e-03 -1.227811e+00 9.481238e-03 2.770977e-03 9.999512e-01 -5.562972e+00
9.999644e-01 1.462615e-03 -8.309456e-03 1.492390e+01 -1.459957e-03 9.999989e-01 3.258675e-04 -1.214408e+00 8.309923e-03 -3.137240e-04 9.999654e-01 -6.958339e+00
9.999515e-01 -3.122348e-03 -9.338946e-03 1.500327e+01 3.097153e-03 9.999915e-01 -2.710996e-03 -1.202153e+00 9.347332e-03 2.681940e-03 9.999527e-01 -8.301909e+00
9.999634e-01 1.609494e-03 -8.399585e-03 1.510389e+01 -1.605008e-03 9.999986e-01 5.406425e-04 -1.191174e+00 8.400443e-03 -5.271408e-04 9.999646e-01 -9.599850e+00
9.999321e-01 -3.813244e-03 -1.101421e-02 1.510782e+01 3.770987e-03 9.999855e-01 -3.854734e-03 -1.172880e+00 1.102875e-02 3.812937e-03 9.999319e-01 -1.130454e+01
9.999693e-01 1.692879e-03 -7.652318e-03 1.509651e+01 -1.686842e-03 9.999983e-01 7.952204e-04 -1.156116e+00 7.653651e-03 -7.822873e-04 9.999704e-01 -1.290806e+01
9.999459e-01 -3.160506e-03 -9.910425e-03 1.521597e+01 3.131084e-03 9.999906e-01 -2.982909e-03 -1.145646e+00 9.919760e-03 2.951717e-03 9.999464e-01 -1.419202e+01
9.999799e-01 1.766683e-03 -6.091225e-03 1.523895e+01 -1.760917e-03 9.999980e-01 9.517224e-04 -1.135135e+00 6.092894e-03 -9.409767e-04 9.999810e-01 -1.536637e+01
9.999487e-01 -3.429682e-03 -9.532806e-03 1.515428e+01 3.396696e-03 9.999882e-01 -3.474307e-03 -1.121562e+00 9.544610e-03 3.441749e-03 9.999485e-01 -1.666953e+01
9.999631e-01 1.118613e-03 -8.515316e-03 1.501947e+01 -1.119301e-03 9.999994e-01 -7.601644e-05 -1.100829e+00 8.515225e-03 8.554525e-05 9.999637e-01 -1.839115e+01
9.998951e-01 -4.507126e-03 -1.376738e-02 1.484854e+01 4.434096e-03 9.999760e-01 -5.330488e-03 -1.069221e+00 1.379107e-02 5.268883e-03 9.998910e-01 -2.083708e+01
9.999529e-01 1.065411e-03 -9.650596e-03 1.473841e+01 -1.064520e-03 9.999994e-01 9.732885e-05 -1.037991e+00 9.650694e-03 -8.705060e-05 9.999534e-01 -2.328359e+01
9.999239e-01 -3.791183e-03 -1.174106e-02 1.471102e+01 3.742744e-03 9.999844e-01 -4.144754e-03 -1.013363e+00 1.175659e-02 4.100495e-03 9.999225e-01 -2.530708e+01
9.999549e-01 1.101937e-03 -9.432037e-03 1.476042e+01 -1.099484e-03 9.999994e-01 2.651356e-04 -9.921258e-01 9.432323e-03 -2.547529e-04 9.999555e-01 -2.722769e+01
9.999222e-01 -3.461594e-03 -1.198553e-02 1.469216e+01 3.412875e-03 9.999858e-01 -4.082838e-03 -9.690770e-01 1.199949e-02 4.041615e-03 9.999198e-01 -2.917414e+01
9.999960e-01 2.130436e-03 -1.869659e-03 1.471554e+01 -2.125241e-03 9.999939e-01 2.776129e-03 -9.609174e-01 1.875562e-03 -2.772144e-03 9.999944e-01 -3.007236e+01
9.999182e-01 -3.078947e-03 -1.241722e-02 1.473654e+01 3.027877e-03 9.999869e-01 -4.129505e-03 -9.544456e-01 1.242978e-02 4.091569e-03 9.999144e-01 -3.093468e+01
9.999832e-01 4.434899e-04 -5.785164e-03 1.445449e+01 -4.434570e-04 9.999999e-01 6.864969e-06 -9.276751e-01 5.785166e-03 -4.299015e-06 9.999833e-01 -3.289376e+01
9.999447e-01 -2.899173e-03 -1.010910e-02 1.391883e+01 2.857874e-03 9.999875e-01 -4.097355e-03 -8.972720e-01 1.012085e-02 4.068238e-03 9.999405e-01 -3.472925e+01
9.999788e-01 6.400984e-04 -6.485993e-03 1.361146e+01 -6.358964e-04 9.999996e-01 6.498173e-04 -8.747501e-01 6.486406e-03 -6.456787e-04 9.999788e-01 -3.644145e+01
9.999490e-01 -2.493594e-03 -9.784892e-03 1.348804e+01 2.461010e-03 9.999914e-01 -3.340563e-03 -8.573426e-01 9.793138e-03 3.316311e-03 9.999465e-01 -3.788419e+01
9.999614e-01 3.891739e-04 -8.775604e-03 1.346879e+01 -3.870158e-04 9.999999e-01 2.475589e-04 -8.380713e-01 8.775699e-03 -2.441527e-04 9.999615e-01 -3.948823e+01
9.999326e-01 -2.974404e-03 -1.122112e-02 1.341653e+01 2.928673e-03 9.999873e-01 -4.089648e-03 -8.151786e-01 1.123314e-02 4.056509e-03 9.999287e-01 -4.138849e+01
9.999652e-01 5.177736e-04 -8.323838e-03 1.337358e+01 -5.129431e-04 9.999997e-01 5.823695e-04 -7.933412e-01 8.324137e-03 -5.780792e-04 9.999652e-01 -4.319618e+01
9.999578e-01 -2.187896e-03 -8.922776e-03 1.343643e+01 2.162026e-03 9.999934e-01 -2.907819e-03 -7.796212e-01 8.929080e-03 2.888405e-03 9.999560e-01 -4.449914e+01
9.999700e-01 5.556860e-04 -7.720399e-03 1.345101e+01 -5.519462e-04 9.999997e-01 4.864495e-04 -7.667397e-01 7.720667e-03 -4.821733e-04 9.999701e-01 -4.578675e+01
9.999572e-01 -2.211919e-03 -8.979931e-03 1.352401e+01 2.187962e-03 9.999940e-01 -2.676741e-03 -7.549798e-01 8.985798e-03 2.656978e-03 9.999561e-01 -4.703500e+01
9.999645e-01 7.272406e-04 -8.395153e-03 1.365543e+01 -7.213263e-04 9.999995e-01 7.074247e-04 -7.439628e-01 8.395663e-03 -7.013436e-04 9.999645e-01 -4.824982e+01
9.999511e-01 -2.482262e-03 -9.568495e-03 1.372119e+01 2.452169e-03 9.999920e-01 -3.155389e-03 -7.298440e-01 9.576251e-03 3.131771e-03 9.999492e-01 -4.964065e+01
9.999761e-01 9.959477e-04 -6.844088e-03 1.377340e+01 -9.874591e-04 9.999987e-01 1.243464e-03 -7.179554e-01 6.845317e-03 -1.236675e-03 9.999758e-01 -5.081601e+01
9.999740e-01 -2.133542e-03 -6.889918e-03 1.376027e+01 2.114108e-03 9.999938e-01 -2.826603e-03 -7.096608e-01 6.895906e-03 2.811963e-03 9.999723e-01 -5.175071e+01
9.999472e-01 1.872513e-04 -1.027772e-02 1.370887e+01 -1.879656e-04 1.000000e+00 -6.859675e-05 -6.933282e-01 1.027771e-02 7.052528e-05 9.999472e-01 -5.322832e+01
9.999735e-01 -1.588004e-03 -7.098106e-03 1.382698e+01 1.573424e-03 9.999966e-01 -2.059079e-03 -6.827648e-01 7.101353e-03 2.047856e-03 9.999727e-01 -5.443395e+01
9.999611e-01 4.330103e-04 -8.809674e-03 1.400122e+01 -4.258946e-04 9.999996e-01 8.095076e-04 -6.768510e-01 8.810020e-03 -8.057238e-04 9.999609e-01 -5.544179e+01
9.999860e-01 -1.248290e-03 -5.149556e-03 1.426138e+01 1.240988e-03 9.999982e-01 -1.420842e-03 -6.780869e-01 5.151321e-03 1.414431e-03 9.999857e-01 -5.607515e+01
9.999736e-01 -6.204722e-04 7.241327e-03 1.458268e+01 6.091338e-04 9.999986e-01 1.567964e-03 -7.367855e-01 -7.242290e-03 -1.563511e-03 9.999726e-01 -5.383370e+01
9.999376e-01 -1.331501e-03 -1.108994e-02 1.494624e+01 1.310057e-03 9.999973e-01 -1.940628e-03 -8.000879e-01 1.109249e-02 1.925978e-03 9.999366e-01 -5.185763e+01
9.999933e-01 2.739478e-04 -3.662918e-03 1.506678e+01 -2.710375e-04 9.999996e-01 7.948223e-04 -7.939749e-01 3.663134e-03 -7.938239e-04 9.999930e-01 -5.272227e+01
9.998893e-01 -2.626935e-03 -1.464739e-02 1.493585e+01 2.563466e-03 9.999873e-01 -4.350183e-03 -7.723745e-01 1.465863e-02 4.312153e-03 9.998833e-01 -5.447503e+01
9.999943e-01 1.671996e-03 -2.917774e-03 1.518251e+01 -1.664378e-03 9.999952e-01 2.611275e-03 -7.676377e-01 2.922126e-03 -2.606404e-03 9.999923e-01 -5.561959e+01
9.998846e-01 -2.655422e-03 -1.495836e-02 1.550723e+01 2.600547e-03 9.999898e-01 -3.686772e-03 -7.615942e-01 1.496800e-02 3.647446e-03 9.998813e-01 -5.662935e+01
9.999979e-01 1.021255e-03 -1.797923e-03 1.555981e+01 -1.018239e-03 9.999981e-01 1.677071e-03 -7.490212e-01 1.799632e-03 -1.675236e-03 9.999970e-01 -5.786164e+01
9.998401e-01 -2.755922e-03 -1.766939e-02 1.574037e+01 2.684116e-03 9.999880e-01 -4.086257e-03 -7.339522e-01 1.768044e-02 4.038177e-03 9.998355e-01 -5.927733e+01
9.999988e-01 7.259151e-04 -1.375485e-03 1.584465e+01 -7.237237e-04 9.999985e-01 1.592525e-03 -7.186727e-01 1.376638e-03 -1.591528e-03 9.999978e-01 -6.073453e+01
9.998776e-01 -2.222864e-03 -1.548936e-02 1.590817e+01 2.166239e-03 9.999909e-01 -3.671492e-03 -7.069332e-01 1.549738e-02 3.637489e-03 9.998733e-01 -6.193061e+01
9.999982e-01 1.401760e-03 -1.316044e-03 1.618312e+01 -1.398101e-03 9.999952e-01 2.777050e-03 -7.017678e-01 1.319930e-03 -2.775205e-03 9.999953e-01 -6.278807e+01
9.999071e-01 -2.023445e-03 -1.348058e-02 1.639927e+01 1.980830e-03 9.999930e-01 -3.173726e-03 -7.008127e-01 1.348691e-02 3.146728e-03 9.999041e-01 -6.337460e+01
9.999499e-01 1.263051e-03 9.925073e-03 1.647126e+01 -1.300438e-03 9.999921e-01 3.761469e-03 -7.237211e-01 -9.920244e-03 -3.774187e-03 9.999437e-01 -6.245159e+01
9.998796e-01 -1.955960e-03 -1.539434e-02 1.664771e+01 1.903782e-03 9.999924e-01 -3.403353e-03 -7.594894e-01 1.540088e-02 3.373636e-03 9.998757e-01 -6.131318e+01
9.999989e-01 1.114728e-03 9.787297e-04 1.679569e+01 -1.117279e-03 9.999960e-01 2.610942e-03 -7.549664e-01 -9.758156e-04 -2.612033e-03 9.999961e-01 -6.196140e+01
9.998283e-01 -2.976382e-03 -1.828991e-02 1.682903e+01 2.882892e-03 9.999827e-01 -5.135764e-03 -7.389701e-01 1.830488e-02 5.082154e-03 9.998195e-01 -6.333499e+01
9.999988e-01 1.337447e-03 7.636432e-04 1.694209e+01 -1.339837e-03 9.999942e-01 3.139244e-03 -7.261919e-01 -7.594405e-04 -3.140263e-03 9.999948e-01 -6.457781e+01
9.998280e-01 -3.000469e-03 -1.830273e-02 1.704781e+01 2.903681e-03 9.999817e-01 -5.312451e-03 -7.130333e-01 1.831833e-02 5.258392e-03 9.998184e-01 -6.583479e+01
9.999995e-01 1.013458e-03 -2.919511e-05 1.711559e+01 -1.013375e-03 9.999959e-01 2.694039e-03 -6.972311e-01 3.192494e-05 -2.694008e-03 9.999964e-01 -6.728944e+01
9.997728e-01 -3.344739e-03 -2.104956e-02 1.721335e+01 3.216797e-03 9.999762e-01 -6.109023e-03 -6.771438e-01 2.106949e-02 6.039923e-03 9.997598e-01 -6.909715e+01
9.999991e-01 9.390547e-04 9.463570e-04 1.724551e+01 -9.417245e-04 9.999956e-01 2.825342e-03 -6.568883e-01 -9.437000e-04 -2.826231e-03 9.999956e-01 -7.085118e+01
9.998125e-01 -2.951659e-03 -1.913915e-02 1.725045e+01 2.844184e-03 9.999800e-01 -5.640216e-03 -6.402098e-01 1.915542e-02 5.584723e-03 9.998009e-01 -7.236478e+01
9.999985e-01 8.615103e-04 1.511911e-03 1.722573e+01 -8.657129e-04 9.999958e-01 2.781635e-03 -6.234749e-01 -1.509509e-03 -2.782940e-03 9.999950e-01 -7.386728e+01
9.997981e-01 -2.791794e-03 -1.989811e-02 1.728733e+01 2.682879e-03 9.999813e-01 -5.498191e-03 -6.080168e-01 1.991308e-02 5.443697e-03 9.997869e-01 -7.533842e+01
9.999846e-01 1.311379e-03 5.387648e-03 1.745294e+01 -1.334702e-03 9.999897e-01 4.327697e-03 -6.034588e-01 -5.381918e-03 -4.334821e-03 9.999761e-01 -7.614599e+01
9.998003e-01 -2.199607e-03 -1.986474e-02 1.781142e+01 2.118791e-03 9.999894e-01 -4.088373e-03 -6.120401e-01 1.987352e-02 4.045467e-03 9.997943e-01 -7.607110e+01
9.998064e-01 4.118670e-04 1.967119e-02 1.772790e+01 -5.066044e-04 9.999883e-01 4.811339e-03 -6.315848e-01 -1.966898e-02 -4.820373e-03 9.997949e-01 -7.471589e+01
9.998498e-01 -2.521131e-03 -1.714562e-02 1.743853e+01 2.456657e-03 9.999898e-01 -3.780343e-03 -6.461198e-01 1.715497e-02 3.737654e-03 9.998459e-01 -7.271806e+01
9.998917e-01 1.192533e-04 1.471502e-02 1.619267e+01 -1.553844e-04 9.999970e-01 2.454316e-03 -5.862049e-01 -1.471468e-02 -2.456337e-03 9.998887e-01 -7.279527e+01
9.995371e-01 -3.127289e-03 -3.026201e-02 1.572850e+01 2.942522e-03 9.999768e-01 -6.148152e-03 -5.507622e-01 3.028053e-02 6.056259e-03 9.995231e-01 -7.454561e+01
9.999540e-01 5.091669e-04 9.583126e-03 1.573841e+01 -5.320134e-04 9.999970e-01 2.381700e-03 -5.282304e-01 -9.581885e-03 -2.386689e-03 9.999512e-01 -7.641228e+01
9.996142e-01 -1.511841e-03 -2.773530e-02 1.594745e+01 1.404033e-03 9.999914e-01 -3.906077e-03 -5.199207e-01 2.774097e-02 3.865628e-03 9.996077e-01 -7.746688e+01
9.999508e-01 1.983867e-04 9.919207e-03 1.617517e+01 -2.237662e-04 9.999967e-01 2.557641e-03 -5.104656e-01 -9.918667e-03 -2.559735e-03 9.999475e-01 -7.854633e+01
9.999133e-01 -1.094485e-03 -1.312320e-02 1.634583e+01 1.066112e-03 9.999971e-01 -2.168792e-03 -5.376083e-01 1.312554e-02 2.154613e-03 9.999115e-01 -7.730285e+01
9.999609e-01 5.378339e-05 8.846859e-03 1.655517e+01 -7.407902e-05 9.999974e-01 2.293866e-03 -5.803290e-01 -8.846713e-03 -2.294431e-03 9.999582e-01 -7.572274e+01
9.997759e-01 -3.188846e-04 -2.116524e-02 1.684878e+01 2.822615e-04 9.999985e-01 -1.733279e-03 -5.870247e-01 2.116576e-02 1.726917e-03 9.997745e-01 -7.553106e+01
9.999852e-01 -1.275779e-03 5.288739e-03 1.680275e+01 1.279260e-03 9.999990e-01 -6.547659e-04 -5.725468e-01 -5.287899e-03 6.615220e-04 9.999858e-01 -7.681717e+01
9.997485e-01 -5.753141e-04 -2.242065e-02 1.677940e+01 5.355241e-04 9.999983e-01 -1.780641e-03 -5.562755e-01 2.242164e-02 1.768186e-03 9.997470e-01 -7.820432e+01
9.999826e-01 -7.242556e-04 5.862331e-03 1.691745e+01 7.235907e-04 9.999997e-01 1.156560e-04 -5.472964e-01 -5.862414e-03 -1.114119e-04 9.999828e-01 -7.929362e+01
9.997752e-01 -5.681623e-04 -2.119275e-02 1.699918e+01 5.357839e-04 9.999987e-01 -1.533422e-03 -5.391531e-01 2.119359e-02 1.521723e-03 9.997742e-01 -8.028205e+01
9.999566e-01 -1.281087e-04 9.311643e-03 1.714937e+01 1.132372e-04 9.999987e-01 1.597670e-03 -5.385613e-01 -9.311836e-03 -1.596546e-03 9.999554e-01 -8.040155e+01
9.997094e-01 -1.254642e-03 -2.407273e-02 1.712085e+01 1.170633e-03 9.999932e-01 -3.503559e-03 -5.266213e-01 2.407696e-02 3.474360e-03 9.997041e-01 -8.143222e+01
9.999659e-01 -4.662775e-04 8.243785e-03 1.708977e+01 4.557759e-04 9.999991e-01 1.275791e-03 -5.137174e-01 -8.244373e-03 -1.271990e-03 9.999652e-01 -8.269214e+01
9.997345e-01 -7.478589e-04 -2.302852e-02 1.714215e+01 6.848802e-04 9.999960e-01 -2.742554e-03 -5.051969e-01 2.303047e-02 2.726054e-03 9.997310e-01 -8.365315e+01
9.999697e-01 -5.838735e-04 7.764756e-03 1.720765e+01 5.747589e-04 9.999991e-01 1.176106e-03 -4.963633e-01 -7.765436e-03 -1.171607e-03 9.999692e-01 -8.467168e+01
9.999464e-01 -8.319115e-05 -1.034944e-02 1.727846e+01 7.624916e-05 9.999998e-01 -6.710911e-04 -5.186296e-01 1.034949e-02 6.702659e-04 9.999462e-01 -8.358486e+01
9.999786e-01 -1.163574e-03 6.438879e-03 1.746878e+01 1.157264e-03 9.999988e-01 9.837863e-04 -5.550842e-01 -6.440017e-03 -9.763137e-04 9.999788e-01 -8.218095e+01
9.997322e-01 1.525691e-03 -2.308944e-02 1.836644e+01 -1.520246e-03 9.999988e-01 2.533703e-04 -5.916450e-01 2.308980e-02 -2.182009e-04 9.997334e-01 -8.191307e+01
9.999817e-01 -1.074292e-03 5.956749e-03 1.924304e+01 1.066649e-03 9.999986e-01 1.286261e-03 -6.204565e-01 -5.958123e-03 -1.279884e-03 9.999814e-01 -8.161794e+01
9.998936e-01 1.248599e-03 -1.453186e-02 1.948076e+01 -1.255155e-03 9.999991e-01 -4.419442e-04 -6.370474e-01 1.453129e-02 4.601368e-04 9.998943e-01 -8.098965e+01
9.999990e-01 -1.355205e-03 -5.043654e-04 1.988714e+01 1.355575e-03 9.999988e-01 7.314610e-04 -6.499861e-01 5.033731e-04 -7.321438e-04 9.999996e-01 -8.121843e+01
9.997399e-01 2.753337e-03 -2.263858e-02 2.127570e+01 -2.754313e-03 9.999962e-01 -1.190941e-05 -6.868350e-01 2.263847e-02 7.425999e-05 9.997437e-01 -8.172926e+01
9.999963e-01 -2.659679e-03 -4.782677e-04 2.233854e+01 2.659984e-03 9.999963e-01 6.373700e-04 -7.025568e-01 4.765703e-04 -6.386398e-04 9.999997e-01 -8.253853e+01
9.998073e-01 1.376175e-03 -1.958194e-02 2.274296e+01 -1.415670e-03 9.999970e-01 -2.003172e-03 -6.989624e-01 1.957912e-02 2.030507e-03 9.998062e-01 -8.381892e+01
9.999976e-01 -2.040633e-03 7.824367e-04 2.307206e+01 2.040463e-03 9.999979e-01 2.177288e-04 -6.998068e-01 -7.828798e-04 -2.161317e-04 9.999997e-01 -8.503930e+01
9.998113e-01 2.295800e-04 -1.942546e-02 2.319088e+01 -2.769344e-04 9.999970e-01 -2.435063e-03 -6.880008e-01 1.942485e-02 2.439983e-03 9.998083e-01 -8.642109e+01
9.999950e-01 -4.428062e-04 3.129413e-03 2.368426e+01 4.349873e-04 9.999968e-01 2.498965e-03 -6.959662e-01 -3.130510e-03 -2.497591e-03 9.999920e-01 -8.692521e+01
9.997645e-01 5.698902e-05 -2.170016e-02 2.421980e+01 -1.149697e-04 9.999964e-01 -2.670636e-03 -6.946789e-01 2.169993e-02 2.672502e-03 9.997610e-01 -8.771621e+01
9.999876e-01 -1.834501e-03 4.635862e-03 2.427361e+01 1.832313e-03 9.999982e-01 4.761716e-04 -6.820938e-01 -4.636728e-03 -4.676713e-04 9.999891e-01 -8.903802e+01
9.997803e-01 2.715540e-04 -2.095857e-02 2.438087e+01 -3.225668e-04 9.999970e-01 -2.430611e-03 -6.721144e-01 2.095785e-02 2.436837e-03 9.997774e-01 -9.019815e+01
9.999693e-01 -8.633061e-04 7.789116e-03 2.471717e+01 8.445079e-04 9.999967e-01 2.416434e-03 -6.820502e-01 -7.791177e-03 -2.409781e-03 9.999667e-01 -9.033260e+01
9.997662e-01 3.658846e-04 -2.161744e-02 2.504099e+01 -4.272143e-04 9.999959e-01 -2.832469e-03 -6.911367e-01 2.161632e-02 2.841042e-03 9.997623e-01 -9.063795e+01
9.999813e-01 -1.045957e-03 6.023720e-03 2.541987e+01 1.032735e-03 9.999971e-01 2.197774e-03 -6.985055e-01 -6.026002e-03 -2.191512e-03 9.999794e-01 -9.115625e+01
9.997254e-01 3.132716e-05 -2.343535e-02 2.573554e+01 -1.082532e-04 9.999946e-01 -3.281191e-03 -6.945016e-01 2.343512e-02 3.282826e-03 9.997200e-01 -9.210443e+01
