9.999188e-01 -9.323224e-04 -1.270878e-02 -1.479925e-02 9.190112e-04 9.999990e-01 -1.053197e-03 5.895015e-03 1.270975e-02 1.041431e-03 9.999187e-01 -7.408333e-01
9.999977e-01 1.799994e-04 2.156989e-03 -7.204118e-02 -1.811662e-04 9.999998e-01 5.407410e-04 9.092820e-03 -2.156891e-03 -5.411298e-04 9.999975e-01 -1.160339e+00
9.999217e-01 -7.752657e-04 -1.248682e-02 -1.844588e-01 7.629928e-04 9.999992e-01 -9.876009e-04 1.252983e-02 1.248758e-02 9.779956e-04 9.999215e-01 -1.533919e+00
9.999997e-01 -4.616779e-05 7.708946e-04 -2.462261e-01 4.609765e-05 1.000000e+00 9.105832e-05 1.631408e-02 -7.708985e-04 -9.102204e-05 9.999997e-01 -2.134516e+00
9.998949e-01 -1.095808e-03 -1.445689e-02 -3.087220e-01 1.072687e-03 9.999981e-01 -1.606969e-03 2.446898e-02 1.445862e-02 1.591291e-03 9.998942e-01 -3.067960e+00
9.999983e-01 2.138351e-04 1.819495e-03 -3.091368e-01 -2.150564e-04 9.999998e-01 6.710641e-04 2.934523e-02 -1.819351e-03 -6.714536e-04 9.999981e-01 -3.759616e+00
9.999102e-01 -8.056117e-04 -1.337769e-02 -3.070296e-01 7.888298e-04 9.999989e-01 -1.259690e-03 2.963591e-02 1.337869e-02 1.249023e-03 9.999097e-01 -4.167645e+00
9.999990e-01 -9.049461e-05 1.394822e-03 -3.156607e-01 8.977199e-05 9.999999e-01 5.181712e-04 3.265906e-02 -1.394868e-03 -5.180447e-04 9.999989e-01 -4.753866e+00
9.999367e-01 -5.030652e-04 -1.123721e-02 -3.879080e-01 4.945231e-04 9.999996e-01 -7.629291e-04 3.213509e-02 1.123759e-02 7.573231e-04 9.999366e-01 -4.944697e+00
9.999993e-01 -3.415431e-04 -1.098958e-03 -4.350577e-01 3.412785e-04 9.999999e-01 -2.410198e-04 3.819862e-02 1.099041e-03 2.406453e-04 9.999994e-01 -5.645307e+00
9.999154e-01 -7.008218e-04 -1.298692e-02 -4.037433e-01 6.877264e-04 9.999993e-01 -1.012790e-03 4.499900e-02 1.298762e-02 1.003772e-03 9.999152e-01 -6.511079e+00
9.999996e-01 -2.064438e-04 9.012324e-04 -5.264806e-01 2.066076e-04 1.000000e+00 -1.815691e-04 5.290393e-02 -9.011946e-04 1.817559e-04 9.999996e-01 -7.234631e+00
9.998927e-01 -8.732734e-04 -1.462077e-02 -5.841248e-01 8.537844e-04 9.999987e-01 -1.339151e-03 6.091622e-02 1.462192e-02 1.326524e-03 9.998922e-01 -8.158761e+00
9.999996e-01 -4.097937e-04 -7.410468e-04 -5.909334e-01 4.094947e-04 9.999998e-01 -4.036988e-04 7.101657e-02 7.412124e-04 4.033959e-04 9.999996e-01 -9.227789e+00
9.999494e-01 -3.283838e-04 -1.005788e-02 -6.082861e-01 3.274835e-04 9.999999e-01 -9.114945e-05 7.198323e-02 1.005791e-02 8.785034e-05 9.999494e-01 -9.548051e+00
9.999995e-01 -8.259431e-05 -1.033468e-03 -5.941456e-01 8.245506e-05 1.000000e+00 -1.348726e-04 7.401564e-02 1.033479e-03 1.347881e-04 9.999995e-01 -9.918645e+00
9.998912e-01 -1.420016e-03 -1.467947e-02 -6.872154e-01 1.389289e-03 9.999968e-01 -2.103174e-03 8.767262e-02 1.468241e-02 2.082550e-03 9.998900e-01 -1.115928e+01
9.999998e-01 4.537774e-04 4.295157e-04 -6.112804e-01 -4.542275e-04 9.999993e-01 1.048701e-03 9.422797e-02 -4.290392e-04 -1.048895e-03 9.999994e-01 -1.199529e+01
9.998541e-01 -1.678427e-03 -1.700128e-02 -5.312643e-01 1.632496e-03 9.999950e-01 -2.715121e-03 1.034072e-01 1.700575e-02 2.686970e-03 9.998518e-01 -1.307766e+01
9.999968e-01 5.809930e-04 2.481487e-03 -5.154105e-01 -5.840842e-04 9.999991e-01 1.245177e-03 1.111868e-01 -2.480761e-03 -1.246622e-03 9.999961e-01 -1.401232e+01
9.998160e-01 -2.078208e-03 -1.906964e-02 -4.725719e-01 2.013521e-03 9.999922e-01 -3.410694e-03 1.231685e-01 1.907658e-02 3.371668e-03 9.998123e-01 -1.525123e+01
9.999983e-01 3.719456e-04 1.824127e-03 -4.634255e-01 -3.739516e-04 9.999993e-01 1.099542e-03 1.374846e-01 -1.823716e-03 -1.100222e-03 9.999977e-01 -1.658612e+01
9.998178e-01 -2.034144e-03 -1.897877e-02 -4.104204e-01 1.970600e-03 9.999924e-01 -3.366280e-03 1.507912e-01 1.898547e-02 3.328267e-03 9.998142e-01 -1.788800e+01
9.999995e-01 4.156046e-04 9.231343e-04 -2.827635e-01 -4.167915e-04 9.999991e-01 1.286096e-03 1.631267e-01 -9.225986e-04 -1.286480e-03 9.999987e-01 -1.917288e+01
9.998706e-01 -1.404878e-03 -1.602409e-02 -1.240866e-01 1.366842e-03 9.999962e-01 -2.384346e-03 1.693331e-01 1.602738e-02 2.362135e-03 9.998688e-01 -2.000666e+01
9.999945e-01 5.414512e-04 3.260610e-03 -5.470822e-02 -5.470647e-04 9.999984e-01 1.721017e-03 1.713178e-01 -3.259672e-03 -1.722791e-03 9.999932e-01 -2.053912e+01
9.998343e-01 -1.676294e-03 -1.812879e-02 3.747499e-02 1.621110e-03 9.999940e-01 -3.058245e-03 1.784891e-01 1.813381e-02 3.028349e-03 9.998310e-01 -2.143262e+01
9.999985e-01 2.645401e-05 1.710329e-03 1.911573e-02 -2.775852e-05 9.999997e-01 7.628025e-04 1.928585e-01 -1.710308e-03 -7.628482e-04 9.999982e-01 -2.272304e+01
9.998612e-01 -1.717219e-03 -1.657475e-02 -1.652106e-01 1.665642e-03 9.999937e-01 -3.125052e-03 2.115515e-01 1.658001e-02 3.097010e-03 9.998577e-01 -2.396920e+01
9.999809e-01 -6.710538e-05 6.185810e-03 -7.442733e-01 5.952014e-05 9.999992e-01 1.226436e-03 2.443690e-01 -6.185888e-03 -1.226044e-03 9.999801e-01 -2.484460e+01
9.998958e-01 -1.324579e-03 -1.437704e-02 -1.348354e+00 1.292013e-03 9.999966e-01 -2.274185e-03 2.748966e-01 1.438000e-02 2.255372e-03 9.998941e-01 -2.536605e+01
9.999969e-01 1.921451e-04 2.499088e-03 -1.515169e+00 -1.949115e-04 9.999994e-01 1.106867e-03 2.889206e-01 -2.498873e-03 -1.107350e-03 9.999963e-01 -2.610306e+01
9.998378e-01 -1.587787e-03 -1.793887e-02 -1.493285e+00 1.534668e-03 9.999944e-01 -2.974449e-03 3.000494e-01 1.794349e-02 2.946435e-03 9.998347e-01 -2.722625e+01
9.999995e-01 -8.196371e-05 9.822764e-04 -1.462088e+00 8.122248e-05 9.999997e-01 7.548100e-04 3.135957e-01 -9.823377e-04 -7.547292e-04 9.999992e-01 -2.851436e+01
9.998440e-01 -1.486289e-03 -1.759861e-02 -1.409896e+00 1.437070e-03 9.999950e-01 -2.809082e-03 3.259080e-01 1.760270e-02 2.783352e-03 9.998412e-01 -2.974125e+01
9.999969e-01 4.633508e-04 2.463603e-03 -1.284983e+00 -4.674786e-04 9.999985e-01 1.675288e-03 3.321423e-01 -2.462823e-03 -1.676434e-03 9.999956e-01 -3.059549e+01
9.998834e-01 -1.231730e-03 -1.522373e-02 -1.240123e+00 1.194440e-03 9.999963e-01 -2.458282e-03 3.386211e-01 1.522671e-02 2.439811e-03 9.998811e-01 -3.123997e+01
9.999853e-01 7.120956e-04 5.372612e-03 -1.248008e+00 -7.248128e-04 9.999969e-01 2.365512e-03 3.410057e-01 -5.370911e-03 -2.369371e-03 9.999828e-01 -3.150373e+01
9.998612e-01 -1.032177e-03 -1.663167e-02 -1.159431e+00 9.938233e-04 9.999968e-01 -2.314125e-03 3.405756e-01 1.663401e-02 2.297275e-03 9.998590e-01 -3.175681e+01
9.999906e-01 4.642642e-04 4.304968e-03 -1.118711e+00 -4.717828e-04 9.999984e-01 1.745714e-03 3.437808e-01 -4.304151e-03 -1.747728e-03 9.999892e-01 -3.232109e+01
9.998576e-01 -1.180569e-03 -1.683629e-02 -1.100773e+00 1.136959e-03 9.999960e-01 -2.599546e-03 3.482896e-01 1.683929e-02 2.580033e-03 9.998549e-01 -3.300137e+01
9.999907e-01 3.860457e-04 4.297360e-03 -1.099546e+00 -3.933593e-04 9.999985e-01 1.701234e-03 3.537712e-01 -4.296696e-03 -1.702908e-03 9.999893e-01 -3.371485e+01
9.998667e-01 -1.260572e-03 -1.628093e-02 -1.188037e+00 1.214468e-03 9.999952e-01 -2.841322e-03 3.617083e-01 1.628444e-02 2.821169e-03 9.998634e-01 -3.446679e+01
9.999909e-01 1.846392e-04 4.269739e-03 -1.352751e+00 -1.907190e-04 9.999990e-01 1.423622e-03 3.725074e-01 -4.269472e-03 -1.424423e-03 9.999899e-01 -3.530051e+01
9.998646e-01 -1.197580e-03 -1.640953e-02 -1.508256e+00 1.151647e-03 9.999954e-01 -2.808311e-03 3.828231e-01 1.641281e-02 2.789032e-03 9.998614e-01 -3.612697e+01
9.999949e-01 4.379769e-07 3.192010e-03 -1.621118e+00 -4.281885e-06 9.999993e-01 1.204298e-03 3.948242e-01 -3.192007e-03 -1.204305e-03 9.999942e-01 -3.707029e+01
9.998789e-01 -8.619849e-04 -1.553950e-02 -1.667036e+00 8.301028e-04 9.999975e-01 -2.057999e-03 4.044652e-01 1.554123e-02 2.044850e-03 9.998771e-01 -3.774133e+01
9.999909e-01 4.455700e-04 4.235700e-03 -1.673704e+00 -4.537506e-04 9.999980e-01 1.930639e-03 4.106661e-01 -4.234831e-03 -1.932542e-03 9.999892e-01 -3.812326e+01
9.999217e-01 -1.112832e-03 -1.246205e-02 -1.924745e+00 1.084239e-03 9.999968e-01 -2.300894e-03 4.226765e-01 1.246457e-02 2.287202e-03 9.999197e-01 -3.839416e+01
9.999905e-01 6.462172e-04 4.308132e-03 -2.119923e+00 -6.572050e-04 9.999965e-01 2.549612e-03 4.309118e-01 -4.306470e-03 -2.552418e-03 9.999875e-01 -3.854523e+01
9.998503e-01 -6.513867e-04 -1.729105e-02 -1.870608e+00 6.131828e-04 9.999974e-01 -2.214656e-03 4.285677e-01 1.729245e-02 2.203722e-03 9.998480e-01 -3.885038e+01
9.999887e-01 -8.516377e-05 4.745891e-03 -1.876160e+00 7.889066e-05 9.999991e-01 1.322025e-03 4.336401e-01 -4.745999e-03 -1.321635e-03 9.999879e-01 -3.951057e+01
9.998175e-01 -1.369919e-03 -1.905277e-02 -1.978793e+00 1.306009e-03 9.999935e-01 -3.366403e-03 4.460357e-01 1.905726e-02 3.340905e-03 9.998128e-01 -4.065163e+01
9.999956e-01 -5.739261e-04 2.901904e-03 -2.102488e+00 5.722297e-04 9.999997e-01 5.854664e-04 4.628415e-01 -2.902239e-03 -5.838026e-04 9.999956e-01 -4.208646e+01
9.998006e-01 -1.146359e-03 -1.993660e-02 -2.085449e+00 1.086023e-03 9.999948e-01 -3.036917e-03 4.768239e-01 1.993998e-02 3.014659e-03 9.997966e-01 -4.343175e+01
9.999950e-01 -1.238713e-04 3.148286e-03 -1.935481e+00 1.199417e-04 9.999992e-01 1.248426e-03 4.845091e-01 -3.148438e-03 -1.248042e-03 9.999943e-01 -4.455787e+01
9.998189e-01 -1.580048e-03 -1.896415e-02 -2.011401e+00 1.511766e-03 9.999923e-01 -3.614347e-03 4.984550e-01 1.896971e-02 3.585022e-03 9.998136e-01 -4.586604e+01
9.999910e-01 -1.852656e-04 4.248610e-03 -2.262448e+00 1.812353e-04 9.999995e-01 9.490477e-04 5.162248e-01 -4.248784e-03 -9.482685e-04 9.999905e-01 -4.722497e+01
9.997865e-01 -1.812129e-03 -2.058552e-02 -2.408989e+00 1.731850e-03 9.999908e-01 -3.916877e-03 5.339989e-01 2.059243e-02 3.880389e-03 9.997804e-01 -4.873083e+01
9.999934e-01 -2.058597e-04 3.624153e-03 -2.518522e+00 2.025700e-04 9.999996e-01 9.081633e-04 5.511722e-01 -3.624338e-03 -9.074225e-04 9.999930e-01 -5.026154e+01
9.997914e-01 -1.750516e-03 -2.034861e-02 -2.571580e+00 1.677171e-03 9.999920e-01 -3.620896e-03 5.669999e-01 2.035478e-02 3.586012e-03 9.997864e-01 -5.170321e+01
9.999520e-01 9.396632e-04 9.755726e-03 -2.548172e+00 -9.713377e-04 9.999943e-01 3.242564e-03 5.679331e-01 -9.752623e-03 -3.251884e-03 9.999472e-01 -5.211260e+01
9.998088e-01 -1.171893e-03 -1.951882e-02 -2.565385e+00 1.108012e-03 9.999940e-01 -3.283313e-03 5.614004e-01 1.952255e-02 3.261058e-03 9.998041e-01 -5.225527e+01
9.999928e-01 -1.065334e-05 3.784198e-03 -2.447218e+00 3.792752e-06 9.999984e-01 1.813046e-03 5.697177e-01 -3.784211e-03 -1.813018e-03 9.999912e-01 -5.330094e+01
9.997912e-01 -1.550780e-03 -2.037622e-02 -2.392106e+00 1.472669e-03 9.999915e-01 -3.847885e-03 5.812159e-01 2.038201e-02 3.817074e-03 9.997850e-01 -5.451297e+01
9.999934e-01 8.363350e-05 3.632961e-03 -2.347829e+00 -9.039013e-05 9.999983e-01 1.859780e-03 5.921894e-01 -3.632799e-03 -1.860096e-03 9.999917e-01 -5.573781e+01
9.998126e-01 -1.732462e-03 -1.928265e-02 -2.432835e+00 1.651498e-03 9.999898e-01 -4.213878e-03 6.061029e-01 1.928975e-02 4.181243e-03 9.998052e-01 -5.703162e+01
9.999914e-01 9.412723e-05 4.154280e-03 -2.545678e+00 -1.018475e-04 9.999983e-01 1.858305e-03 6.199545e-01 -4.154097e-03 -1.858711e-03 9.999896e-01 -5.830991e+01
9.997931e-01 -1.912382e-03 -2.024915e-02 -2.623182e+00 1.825838e-03 9.999891e-01 -4.291597e-03 6.347544e-01 2.025714e-02 4.253737e-03 9.997858e-01 -5.965767e+01
9.999930e-01 -1.705708e-04 3.727441e-03 -2.844765e+00 1.666981e-04 9.999994e-01 1.039365e-03 6.545346e-01 -3.727616e-03 -1.038736e-03 9.999925e-01 -6.126191e+01
9.998126e-01 -1.854644e-03 -1.927069e-02 -3.163715e+00 1.776020e-03 9.999900e-01 -4.096295e-03 6.765503e-01 1.927810e-02 4.061302e-03 9.998059e-01 -6.280222e+01
9.999821e-01 1.563087e-03 5.780497e-03 -2.798212e+00 -1.592802e-03 9.999855e-01 5.139622e-03 6.797651e-01 -5.772380e-03 -5.148736e-03 9.999701e-01 -6.257618e+01
9.997759e-01 -3.337200e-03 -2.090483e-02 -2.962284e+00 3.178630e-03 9.999660e-01 -7.613955e-03 6.964469e-01 2.092953e-02 7.545800e-03 9.997525e-01 -6.390306e+01
9.999874e-01 1.132097e-03 4.899408e-03 -3.264062e+00 -1.153181e-03 9.999901e-01 4.302777e-03 7.184996e-01 -4.894488e-03 -4.308372e-03 9.999787e-01 -6.552847e+01
9.997890e-01 -2.951329e-03 -2.033001e-02 -3.401965e+00 2.813303e-03 9.999728e-01 -6.814522e-03 7.334055e-01 2.034957e-02 6.755888e-03 9.997701e-01 -6.687300e+01
9.999821e-01 1.422099e-03 5.814549e-03 -3.658640e+00 -1.447023e-03 9.999898e-01 4.284604e-03 7.486963e-01 -5.808397e-03 -4.292940e-03 9.999739e-01 -6.815108e+01
9.997855e-01 -3.585602e-03 -2.040033e-02 -4.188037e+00 3.427866e-03 9.999640e-01 -7.761733e-03 7.762646e-01 2.042743e-02 7.690138e-03 9.997618e-01 -6.974085e+01
9.999828e-01 1.528627e-03 5.657293e-03 -4.586512e+00 -1.555227e-03 9.999877e-01 4.700524e-03 7.996939e-01 -5.650038e-03 -4.709241e-03 9.999729e-01 -7.123117e+01
9.997665e-01 -3.566081e-03 -2.131215e-02 -4.882330e+00 3.398946e-03 9.999632e-01 -7.873301e-03 8.199906e-01 2.133945e-02 7.799023e-03 9.997419e-01 -7.278026e+01
9.999904e-01 1.189362e-03 4.222679e-03 -5.171562e+00 -1.207606e-03 9.999899e-01 4.320578e-03 8.435760e-01 -4.217498e-03 -4.325635e-03 9.999818e-01 -7.452969e+01
9.997817e-01 -3.507111e-03 -2.059506e-02 -5.522423e+00 3.345591e-03 9.999634e-01 -7.871879e-03 8.681985e-01 2.062192e-02 7.801257e-03 9.997569e-01 -7.625032e+01
9.999899e-01 1.145187e-03 4.349861e-03 -5.897172e+00 -1.164148e-03 9.999898e-01 4.358895e-03 8.944424e-01 -4.344825e-03 -4.363915e-03 9.999810e-01 -7.794091e+01
9.997977e-01 -3.167529e-03 -1.986208e-02 -6.183550e+00 3.021226e-03 9.999681e-01 -7.391592e-03 9.151000e-01 1.988486e-02 7.330088e-03 9.997754e-01 -7.945882e+01
9.999982e-01 6.724660e-04 1.800718e-03 -6.385168e+00 -6.791334e-04 9.999929e-01 3.704823e-03 9.384810e-01 -1.798214e-03 -3.706039e-03 9.999915e-01 -8.127820e+01
9.998072e-01 -1.872392e-03 -1.954584e-02 -6.063053e+00 1.775743e-03 9.999861e-01 -4.960891e-03 9.462039e-01 1.955485e-02 4.925226e-03 9.997967e-01 -8.230900e+01
9.999976e-01 1.106851e-03 1.914590e-03 -5.664395e+00 -1.116307e-03 9.999871e-01 4.945131e-03 9.573810e-01 -1.909092e-03 -4.947256e-03 9.999859e-01 -8.277912e+01
9.998137e-01 -3.545065e-03 -1.897545e-02 -5.972088e+00 3.383223e-03 9.999577e-01 -8.554319e-03 9.830243e-01 1.900497e-02 8.488527e-03 9.997834e-01 -8.455595e+01
9.999962e-01 1.650119e-03 2.225582e-03 -6.030341e+00 -1.663509e-03 9.999804e-01 6.028099e-03 9.990104e-01 -2.215591e-03 -6.031777e-03 9.999794e-01 -8.599288e+01
9.998567e-01 -2.266457e-03 -1.677567e-02 -5.731542e+00 2.178868e-03 9.999839e-01 -5.237606e-03 1.016554e+00 1.678727e-02 5.200303e-03 9.998456e-01 -8.589834e+01
9.999970e-01 2.449021e-04 2.455772e-03 -6.019843e+00 -2.517487e-04 9.999961e-01 2.788209e-03 1.040917e+00 -2.455080e-03 -2.788819e-03 9.999931e-01 -8.715390e+01
9.998054e-01 -1.601079e-03 -1.966039e-02 -5.840947e+00 1.514673e-03 9.999891e-01 -4.408975e-03 1.049889e+00 1.966723e-02 4.378338e-03 9.997970e-01 -8.826460e+01
9.999943e-01 -4.350341e-04 3.362123e-03 -6.012865e+00 4.302366e-04 9.999989e-01 1.427630e-03 1.069787e+00 -3.362740e-03 -1.426175e-03 9.999933e-01 -8.977305e+01
9.996912e-01 -2.705416e-03 -2.470287e-02 -6.187732e+00 2.553682e-03 9.999777e-01 -6.171843e-03 1.100410e+00 2.471902e-02 6.106854e-03 9.996758e-01 -9.202975e+01
9.999923e-01 7.689224e-04 3.837415e-03 -6.052246e+00 -7.801247e-04 9.999954e-01 2.918702e-03 1.114892e+00 -3.835153e-03 -2.921673e-03 9.999884e-01 -9.377154e+01
9.998325e-01 -1.403634e-03 -1.825020e-02 -5.822978e+00 1.347634e-03 9.999943e-01 -3.080391e-03 1.117983e+00 1.825442e-02 3.055280e-03 9.998287e-01 -9.434695e+01
9.999190e-01 -2.890308e-04 1.272242e-02 -6.588799e+00 2.594527e-04 9.999973e-01 2.326501e-03 1.161854e+00 -1.272306e-02 -2.323011e-03 9.999164e-01 -9.449858e+01
9.998054e-01 -1.305269e-03 -1.968420e-02 -7.247761e+00 1.241387e-03 9.999939e-01 -3.257197e-03 1.202422e+00 1.968833e-02 3.232127e-03 9.998009e-01 -9.479148e+01
9.999614e-01 -4.417928e-04 8.770749e-03 -7.711018e+00 4.297591e-04 9.999990e-01 1.373914e-03 1.232335e+00 -8.771347e-03 -1.370091e-03 9.999606e-01 -9.560753e+01
9.997398e-01 -1.442362e-03 -2.276662e-02 -7.959857e+00 1.359989e-03 9.999925e-01 -3.633183e-03 1.256054e+00 2.277169e-02 3.601275e-03 9.997342e-01 -9.677550e+01
9.999764e-01 -2.225344e-04 6.865495e-03 -8.056324e+00 2.142376e-04 9.999992e-01 1.209262e-03 1.271235e+00 -6.865759e-03 -1.207763e-03 9.999757e-01 -9.810067e+01
9.997275e-01 -2.072079e-03 -2.324992e-02 -8.387078e+00 1.962998e-03 9.999870e-01 -4.713461e-03 1.296189e+00 2.325939e-02 4.666537e-03 9.997186e-01 -9.980775e+01
9.999722e-01 3.603561e-04 7.447918e-03 -8.499671e+00 -3.770915e-04 9.999974e-01 2.245766e-03 1.311002e+00 -7.447089e-03 -2.248512e-03 9.999697e-01 -1.011707e+02
9.997047e-01 -2.652243e-03 -2.415635e-02 -8.701156e+00 2.520872e-03 9.999819e-01 -5.467168e-03 1.332246e+00 2.417041e-02 5.404658e-03 9.996932e-01 -1.027999e+02
9.999747e-01 1.575021e-04 7.112947e-03 -9.002754e+00 -1.700264e-04 9.999984e-01 1.760270e-03 1.357752e+00 -7.112659e-03 -1.761434e-03 9.999732e-01 -1.046051e+02
9.996740e-01 -2.678570e-03 -2.538951e-02 -9.181173e+00 2.543794e-03 9.999825e-01 -5.339137e-03 1.381825e+00 2.540336e-02 5.272811e-03 9.996634e-01 -1.064418e+02
9.999615e-01 5.527163e-04 8.756609e-03 -9.344389e+00 -5.742706e-04 9.999968e-01 2.459225e-03 1.401802e+00 -8.755222e-03 -2.464159e-03 9.999586e-01 -1.079714e+02
9.997799e-01 -1.999682e-03 -2.088587e-02 -9.659325e+00 1.915419e-03 9.999899e-01 -4.053643e-03 1.424378e+00 2.089376e-02 4.012745e-03 9.997736e-01 -1.088265e+02
9.999675e-01 1.159991e-03 7.973614e-03 -9.687751e+00 -1.188202e-03 9.999930e-01 3.534363e-03 1.438027e+00 -7.969459e-03 -3.543722e-03 9.999620e-01 -1.093459e+02
9.998036e-01 -2.756116e-03 -1.962451e-02 -1.004889e+01 2.647073e-03 9.999809e-01 -5.580277e-03 1.460534e+00 1.963951e-02 5.527233e-03 9.997918e-01 -1.102708e+02
9.999859e-01 4.494034e-04 5.295921e-03 -1.060535e+01 -4.603951e-04 9.999977e-01 2.074561e-03 1.491956e+00 -5.294977e-03 -2.076969e-03 9.999838e-01 -1.118387e+02
9.997703e-01 -2.860653e-03 -2.124191e-02 -1.100536e+01 2.740458e-03 9.999801e-01 -5.685309e-03 1.519369e+00 2.125775e-02 5.625790e-03 9.997582e-01 -1.135472e+02
9.999806e-01 1.008877e-03 6.151921e-03 -1.118566e+01 -1.029235e-03 9.999940e-01 3.307048e-03 1.537815e+00 -6.148547e-03 -3.313315e-03 9.999756e-01 -1.148148e+02
9.999248e-01 -2.623659e-03 -1.197901e-02 -1.189755e+01 2.575485e-03 9.999885e-01 -4.035127e-03 1.574970e+00 1.198946e-02 4.003972e-03 9.999201e-01 -1.150472e+02
9.999814e-01 9.553508e-04 6.024461e-03 -1.255232e+01 -9.781298e-04 9.999924e-01 3.779354e-03 1.624245e+00 -6.020805e-03 -3.785176e-03 9.999747e-01 -1.149639e+02
9.999007e-01 -2.259882e-03 -1.391058e-02 -1.286106e+01 2.210705e-03 9.999913e-01 -3.549529e-03 1.661201e+00 1.391848e-02 3.518424e-03 9.998969e-01 -1.147816e+02
9.999463e-01 4.582504e-04 1.035134e-02 -1.351267e+01 -4.993692e-04 9.999920e-01 3.970140e-03 1.717733e+00 -1.034943e-02 -3.975096e-03 9.999385e-01 -1.141301e+02
9.998526e-01 -1.858495e-03 -1.706829e-02 -1.376199e+01 1.813497e-03 9.999948e-01 -2.651404e-03 1.760613e+00 1.707313e-02 2.620060e-03 9.998508e-01 -1.132438e+02
9.999873e-01 1.318723e-03 4.855040e-03 -1.350410e+01 -1.335520e-03 9.999931e-01 3.458068e-03 1.770386e+00 -4.850446e-03 -3.464508e-03 9.999822e-01 -1.129251e+02
9.998524e-01 -2.742907e-03 -1.696110e-02 -1.360601e+01 2.667421e-03 9.999864e-01 -4.471561e-03 1.793974e+00 1.697314e-02 4.425658e-03 9.998462e-01 -1.134581e+02
9.999911e-01 9.214415e-04 4.125870e-03 -1.391918e+01 -9.324799e-04 9.999960e-01 2.674422e-03 1.819515e+00 -4.123389e-03 -2.678245e-03 9.999879e-01 -1.144654e+02
9.998295e-01 -2.430030e-03 -1.830272e-02 -1.400486e+01 2.348040e-03 9.999871e-01 -4.499797e-03 1.832627e+00 1.831342e-02 4.456054e-03 9.998224e-01 -1.155254e+02
9.999853e-01 1.308653e-03 5.267916e-03 -1.392570e+01 -1.328447e-03 9.999921e-01 3.755935e-03 1.837737e+00 -5.262959e-03 -3.762877e-03 9.999791e-01 -1.160333e+02
9.998609e-01 -2.981267e-03 -1.641033e-02 -1.426750e+01 2.894250e-03 9.999816e-01 -5.323698e-03 1.862648e+00 1.642590e-02 5.275461e-03 9.998512e-01 -1.167850e+02
9.999995e-01 8.494633e-04 4.414696e-04 -1.452813e+01 -8.503811e-04 9.999975e-01 2.084166e-03 1.883899e+00 -4.396981e-04 -2.084540e-03 9.999977e-01 -1.183742e+02
9.998400e-01 -2.986417e-03 -1.763449e-02 -1.470872e+01 2.895165e-03 9.999823e-01 -5.197834e-03 1.905099e+00 1.764970e-02 5.145947e-03 9.998310e-01 -1.199991e+02
9.999907e-01 1.791559e-03 3.935072e-03 -1.474611e+01 -1.806909e-03 9.999908e-01 3.900667e-03 1.914575e+00 -3.928047e-03 -3.907740e-03 9.999846e-01 -1.209180e+02
9.998677e-01 -2.327571e-03 -1.609804e-02 -1.456384e+01 2.267323e-03 9.999904e-01 -3.759780e-03 1.920870e+00 1.610664e-02 3.722782e-03 9.998633e-01 -1.210705e+02
9.999275e-01 7.717897e-04 1.201708e-02 -1.508076e+01 -8.180192e-04 9.999923e-01 3.842586e-03 1.956174e+00 -1.201402e-02 -3.852138e-03 9.999204e-01 -1.205991e+02
9.997704e-01 -1.645965e-03 -2.136434e-02 -1.511389e+01 1.583601e-03 9.999944e-01 -2.935625e-03 1.980213e+00 2.136906e-02 2.901118e-03 9.997674e-01 -1.200901e+02
9.998808e-01 -4.659483e-05 1.543902e-02 -1.559472e+01 -5.168639e-06 9.999944e-01 3.352749e-03 2.033229e+00 -1.543908e-02 -3.352429e-03 9.998752e-01 -1.194310e+02
9.997464e-01 -1.576227e-03 -2.246363e-02 -1.600847e+01 1.493565e-03 9.999921e-01 -3.696103e-03 2.071034e+00 2.246928e-02 3.661614e-03 9.997408e-01 -1.191769e+02
9.998558e-01 -2.168138e-04 1.698298e-02 -1.653535e+01 1.512401e-04 9.999925e-01 3.862366e-03 2.119640e+00 -1.698369e-02 -3.859240e-03 9.998483e-01 -1.187920e+02
9.997462e-01 -1.328853e-03 -2.248867e-02 -1.707361e+01 1.240593e-03 9.999915e-01 -3.938094e-03 2.158055e+00 2.249371e-02 3.909195e-03 9.997393e-01 -1.185124e+02
9.999120e-01 4.859797e-04 1.325846e-02 -1.707233e+01 -5.474803e-04 9.999891e-01 4.635401e-03 2.173980e+00 -1.325606e-02 -4.642252e-03 9.999014e-01 -1.182874e+02
9.998446e-01 -1.864303e-03 -1.752800e-02 -1.759405e+01 1.788936e-03 9.999891e-01 -4.314449e-03 2.209167e+00 1.753585e-02 4.282422e-03 9.998371e-01 -1.178268e+02
9.999413e-01 5.480136e-04 1.082276e-02 -1.796186e+01 -6.000009e-04 9.999883e-01 4.800906e-03 2.243778e+00 -1.082000e-02 -4.807118e-03 9.999299e-01 -1.176223e+02
9.997000e-01 -5.398738e-04 -2.448883e-02 -1.761097e+01 4.324660e-04 9.999903e-01 -4.391052e-03 2.239974e+00 2.449097e-02 4.379143e-03 9.996905e-01 -1.178404e+02
9.998487e-01 -3.857461e-04 1.739304e-02 -1.774040e+01 3.016522e-04 9.999883e-01 4.837313e-03 2.252356e+00 -1.739470e-02 -4.831333e-03 9.998370e-01 -1.176843e+02
9.997644e-01 -3.467866e-04 -2.170100e-02 -1.797143e+01 2.654976e-04 9.999929e-01 -3.748607e-03 2.265713e+00 2.170215e-02 3.741962e-03 9.997575e-01 -1.171388e+02
9.999146e-01 -2.203220e-05 1.306651e-02 -1.789381e+01 -4.135576e-05 9.999882e-01 4.850930e-03 2.259372e+00 -1.306647e-02 -4.851055e-03 9.999029e-01 -1.167866e+02
9.996929e-01 -3.299760e-04 -2.477855e-02 -1.763077e+01 2.102523e-04 9.999883e-01 -4.834173e-03 2.252805e+00 2.477985e-02 4.827478e-03 9.996813e-01 -1.168994e+02
9.999149e-01 -8.679547e-04 1.301427e-02 -1.769308e+01 8.171294e-04 9.999920e-01 3.910208e-03 2.260377e+00 -1.301756e-02 -3.899241e-03 9.999077e-01 -1.174791e+02
9.997945e-01 -9.383866e-04 -2.024837e-02 -1.819355e+01 8.495672e-04 9.999900e-01 -4.394624e-03 2.296465e+00 2.025229e-02 4.376519e-03 9.997853e-01 -1.176639e+02
9.999553e-01 -2.794111e-04 9.448426e-03 -1.832505e+01 2.469292e-04 9.999941e-01 3.438869e-03 2.305161e+00 -9.449331e-03 -3.436381e-03 9.999494e-01 -1.181636e+02
9.998477e-01 -8.268031e-04 -1.743138e-02 -1.858311e+01 7.605956e-04 9.999925e-01 -3.804434e-03 2.317574e+00 1.743439e-02 3.790596e-03 9.998408e-01 -1.183298e+02
9.998960e-01 -1.102927e-03 1.437621e-02 -1.944366e+01 1.053921e-03 9.999936e-01 3.416030e-03 2.364397e+00 -1.437989e-02 -3.400524e-03 9.998908e-01 -1.182016e+02
9.997705e-01 -7.741876e-04 -2.141032e-02 -2.023646e+01 6.733043e-04 9.999886e-01 -4.718680e-03 2.407635e+00 2.141373e-02 4.703181e-03 9.997596e-01 -1.186906e+02
9.999488e-01 -4.192379e-04 1.010728e-02 -2.036132e+01 3.813065e-04 9.999929e-01 3.754573e-03 2.415675e+00 -1.010878e-02 -3.750526e-03 9.999419e-01 -1.192229e+02
9.998038e-01 -4.617226e-04 -1.980066e-02 -2.054538e+01 3.768145e-04 9.999907e-01 -4.291637e-03 2.421319e+00 1.980246e-02 4.283334e-03 9.997947e-01 -1.194822e+02
9.999562e-01 -9.676642e-04 9.304589e-03 -2.099619e+01 9.436231e-04 9.999962e-01 2.587899e-03 2.443382e+00 -9.307058e-03 -2.579006e-03 9.999534e-01 -1.202870e+02
9.997677e-01 -5.733149e-04 -2.154388e-02 -2.136076e+01 4.757172e-04 9.999896e-01 -4.535009e-03 2.463915e+00 2.154626e-02 4.523706e-03 9.997576e-01 -1.213171e+02
9.999702e-01 -1.021611e-03 7.646704e-03 -2.159875e+01 1.004460e-03 9.999970e-01 2.246569e-03 2.480782e+00 -7.648976e-03 -2.238821e-03 9.999682e-01 -1.224957e+02
9.997987e-01 -3.273108e-04 -2.006342e-02 -2.184384e+01 2.505114e-04 9.999926e-01 -3.830199e-03 2.497322e+00 2.006452e-02 3.824401e-03 9.997914e-01 -1.234039e+02
9.999654e-01 -8.774564e-04 8.267074e-03 -2.204443e+01 8.576116e-04 9.999967e-01 2.403771e-03 2.510709e+00 -8.269156e-03 -2.396598e-03 9.999629e-01 -1.241933e+02
9.998172e-01 -2.811565e-04 -1.911803e-02 -2.232930e+01 2.115587e-04 9.999933e-01 -3.642321e-03 2.525602e+00 1.911893e-02 3.637610e-03 9.998106e-01 -1.248873e+02
9.999717e-01 -6.917634e-04 7.497216e-03 -2.246290e+01 6.728281e-04 9.999966e-01 2.527959e-03 2.534359e+00 -7.498939e-03 -2.522843e-03 9.999687e-01 -1.255908e+02
9.997735e-01 -2.186959e-04 -2.128284e-02 -2.236508e+01 1.450580e-04 9.999940e-01 -3.461419e-03 2.539030e+00 2.128347e-02 3.457547e-03 9.997675e-01 -1.263560e+02
9.999283e-01 -1.586143e-03 1.187278e-02 -2.278518e+01 1.561303e-03 9.999966e-01 2.101216e-03 2.570051e+00 -1.187607e-02 -2.082528e-03 9.999273e-01 -1.267256e+02
9.998223e-01 -6.332443e-04 -1.883894e-02 -2.345627e+01 5.751769e-04 9.999951e-01 -3.087533e-03 2.618456e+00 1.884080e-02 3.076148e-03 9.998178e-01 -1.268215e+02
9.999430e-01 -1.468372e-03 1.057548e-02 -2.397687e+01 1.445230e-03 9.999965e-01 2.195618e-03 2.665486e+00 -1.057867e-02 -2.180208e-03 9.999417e-01 -1.270388e+02
9.998112e-01 -1.923587e-04 -1.942885e-02 -2.426489e+01 1.418548e-04 9.999966e-01 -2.600742e-03 2.696506e+00 1.942928e-02 2.597494e-03 9.998079e-01 -1.272781e+02
9.999866e-01 -9.433999e-04 5.092966e-03 -2.416614e+01 9.354917e-04 9.999984e-01 1.555040e-03 2.704501e+00 -5.094425e-03 -1.550254e-03 9.999858e-01 -1.280575e+02
9.998173e-01 -3.209599e-04 -1.911059e-02 -2.408446e+01 2.710756e-04 9.999965e-01 -2.612799e-03 2.717321e+00 1.911136e-02 2.607141e-03 9.998140e-01 -1.286821e+02
9.999175e-01 -2.382842e-03 1.262165e-02 -2.483224e+01 2.361946e-03 9.999958e-01 1.670272e-03 2.775483e+00 -1.262558e-02 -1.640322e-03 9.999189e-01 -1.286199e+02
9.997727e-01 -1.919372e-04 -2.132153e-02 -2.547335e+01 1.372410e-04 9.999967e-01 -2.566709e-03 2.834586e+00 2.132195e-02 2.563199e-03 9.997694e-01 -1.290050e+02
9.999490e-01 -1.730772e-03 9.948906e-03 -2.582209e+01 1.719105e-03 9.999978e-01 1.181271e-03 2.869569e+00 -9.950929e-03 -1.164107e-03 9.999498e-01 -1.296169e+02
9.996927e-01 5.192592e-04 -2.478275e-02 -2.577020e+01 -5.783426e-04 9.999970e-01 -2.376921e-03 2.880971e+00 2.478144e-02 2.390523e-03 9.996900e-01 -1.305031e+02
9.999414e-01 -1.587354e-03 1.070998e-02 -2.571405e+01 1.573035e-03 9.999979e-01 1.345349e-03 2.891482e+00 -1.071209e-02 -1.328423e-03 9.999417e-01 -1.312162e+02
9.996960e-01 9.911871e-04 -2.463775e-02 -2.541198e+01 -1.025598e-03 9.999985e-01 -1.384068e-03 2.894961e+00 2.463635e-02 1.408915e-03 9.996955e-01 -1.315892e+02
9.998397e-01 -2.937186e-03 1.766124e-02 -2.582603e+01 2.921198e-03 9.999953e-01 9.310373e-04 2.936739e+00 -1.766389e-02 -8.792958e-04 9.998436e-01 -1.316370e+02
9.996042e-01 1.691079e-03 -2.808214e-02 -2.599493e+01 -1.712887e-03 9.999982e-01 -7.525341e-04 2.964415e+00 2.808082e-02 8.003375e-04 9.996053e-01 -1.318740e+02
9.999570e-01 -1.804429e-03 9.098146e-03 -2.506597e+01 1.796438e-03 9.999980e-01 8.864729e-04 2.950298e+00 -9.099728e-03 -8.700902e-04 9.999582e-01 -1.323091e+02
9.995452e-01 1.188775e-03 -3.013306e-02 -2.433444e+01 -1.231007e-03 9.999983e-01 -1.382990e-03 2.952050e+00 3.013136e-02 1.419455e-03 9.995449e-01 -1.332762e+02
9.998536e-01 -2.754747e-03 1.688959e-02 -2.454894e+01 2.766527e-03 9.999959e-01 -6.741017e-04 2.970312e+00 -1.688767e-02 7.207287e-04 9.998571e-01 -1.343510e+02
9.994452e-01 8.733264e-04 -3.329321e-02 -2.463631e+01 -9.376347e-04 9.999977e-01 -1.915993e-03 2.986764e+00 3.329146e-02 1.946147e-03 9.994438e-01 -1.357579e+02
9.998569e-01 -2.461305e-03 1.673680e-02 -2.461928e+01 2.467935e-03 9.999969e-01 -3.754559e-04 2.999112e+00 -1.673583e-02 4.167078e-04 9.998599e-01 -1.370318e+02
9.994401e-01 1.051309e-03 -3.344090e-02 -2.449442e+01 -1.100315e-03 9.999983e-01 -1.447047e-03 3.008392e+00 3.343933e-02 1.483032e-03 9.994396e-01 -1.382016e+02
9.995984e-01 -2.959765e-03 2.818383e-02 -2.509483e+01 2.961821e-03 9.999956e-01 -3.117053e-05 3.036812e+00 -2.818362e-02 1.146337e-04 9.996028e-01 -1.385227e+02
9.993714e-01 8.591451e-04 -3.544223e-02 -2.590313e+01 -9.237829e-04 9.999979e-01 -1.807397e-03 3.084951e+00 3.544061e-02 1.839002e-03 9.993701e-01 -1.391493e+02
9.998314e-01 -2.842537e-03 1.813994e-02 -2.596081e+01 2.860438e-03 9.999954e-01 -9.609337e-04 3.105061e+00 -1.813712e-02 1.012660e-03 9.998350e-01 -1.406293e+02
9.995658e-01 1.760147e-03 -2.941227e-02 -2.581061e+01 -1.745651e-03 9.999983e-01 5.185456e-04 3.104887e+00 2.941314e-02 -4.669771e-04 9.995672e-01 -1.408872e+02
9.998545e-01 -2.473888e-03 1.687570e-02 -2.570190e+01 2.495133e-03 9.999961e-01 -1.237941e-03 3.104219e+00 -1.687257e-02 1.279868e-03 9.998568e-01 -1.413200e+02
9.996009e-01 1.930760e-03 -2.818270e-02 -2.567959e+01 -1.904350e-03 9.999977e-01 9.639108e-04 3.103821e+00 2.818449e-02 -9.098566e-04 9.996023e-01 -1.415980e+02
9.998676e-01 -2.579007e-03 1.606695e-02 -2.565409e+01 2.605737e-03 9.999953e-01 -1.642920e-03 3.107382e+00 -1.606263e-02 1.684569e-03 9.998696e-01 -1.421814e+02
9.995387e-01 1.193171e-03 -3.034888e-02 -2.571180e+01 -1.196470e-03 9.999993e-01 -9.053659e-05 3.118387e+00 3.034875e-02 1.268061e-04 9.995394e-01 -1.432601e+02
9.998543e-01 -2.069134e-03 1.694534e-02 -2.571901e+01 2.089061e-03 9.999971e-01 -1.158319e-03 3.124863e+00 -1.694289e-02 1.193551e-03 9.998557e-01 -1.440647e+02
9.995255e-01 1.357265e-03 -3.077189e-02 -2.560806e+01 -1.355231e-03 9.999991e-01 8.696723e-05 3.127070e+00 3.077198e-02 -4.522315e-05 9.995264e-01 -1.448762e+02
9.998414e-01 -2.102294e-03 1.768584e-02 -2.554767e+01 2.118833e-03 9.999973e-01 -9.164137e-04 3.130110e+00 -1.768387e-02 9.537419e-04 9.998432e-01 -1.455808e+02
9.995479e-01 1.361587e-03 -3.003452e-02 -2.553021e+01 -1.360756e-03 9.999991e-01 4.812850e-05 3.133824e+00 3.003455e-02 -7.237288e-06 9.995489e-01 -1.462601e+02
9.997658e-01 -1.520360e-03 2.158618e-02 -2.540962e+01 1.509066e-03 9.999987e-01 5.395455e-04 3.126040e+00 -2.158697e-02 -5.068441e-04 9.997668e-01 -1.462183e+02
9.996284e-01 1.378774e-03 -2.722526e-02 -2.533450e+01 -1.376992e-03 9.999990e-01 8.423538e-05 3.108673e+00 2.722535e-02 -4.671530e-05 9.996293e-01 -1.455015e+02
9.998159e-01 -1.405337e-03 1.913547e-02 -2.518345e+01 1.396622e-03 9.999989e-01 4.688114e-04 3.093067e+00 -1.913611e-02 -4.419999e-04 9.998168e-01 -1.450890e+02
9.994944e-01 8.898301e-04 -3.178265e-02 -2.502251e+01 -9.147941e-04 9.999993e-01 -7.709080e-04 3.090225e+00 3.178194e-02 7.995927e-04 9.994945e-01 -1.455064e+02
9.998099e-01 -1.563501e-03 1.943757e-02 -2.496390e+01 1.560680e-03 9.999988e-01 1.603470e-04 3.092144e+00 -1.943780e-02 -1.299806e-04 9.998111e-01 -1.461031e+02
9.996295e-01 1.478895e-03 -2.717819e-02 -2.489491e+01 -1.467730e-03 9.999988e-01 4.307646e-04 3.080826e+00 2.717879e-02 -3.907149e-04 9.996305e-01 -1.457814e+02
9.997788e-01 -1.452478e-03 2.098268e-02 -2.485580e+01 1.445409e-03 9.999989e-01 3.520963e-04 3.066709e+00 -2.098317e-02 -3.216897e-04 9.997798e-01 -1.452189e+02
9.994924e-01 1.032957e-03 -3.184268e-02 -2.483434e+01 -1.053888e-03 9.999992e-01 -6.405161e-04 3.064174e+00 3.184200e-02 6.737494e-04 9.994927e-01 -1.455264e+02
9.997264e-01 -1.190749e-03 2.336018e-02 -2.471854e+01 1.164635e-03 9.999987e-01 1.131482e-03 3.051566e+00 -2.336150e-02 -1.103967e-03 9.997265e-01 -1.453077e+02
9.995152e-01 1.235147e-03 -3.110862e-02 -2.463245e+01 -1.248193e-03 9.999991e-01 -3.999362e-04 3.038081e+00 3.110810e-02 4.385717e-04 9.995159e-01 -1.449374e+02
9.997094e-01 -1.278941e-03 2.407379e-02 -2.460249e+01 1.252981e-03 9.999986e-01 1.093419e-03 3.028313e+00 -2.407515e-02 -1.062937e-03 9.997096e-01 -1.446137e+02
9.994265e-01 1.196559e-03 -3.384032e-02 -2.436962e+01 -1.211795e-03 9.999992e-01 -4.296899e-04 3.011746e+00 3.383978e-02 4.704508e-04 9.994272e-01 -1.443733e+02
9.997544e-01 -9.523671e-04 2.214003e-02 -2.392978e+01 9.294186e-04 9.999990e-01 1.046810e-03 2.991686e+00 -2.214100e-02 -1.025975e-03 9.997543e-01 -1.443300e+02
9.993602e-01 1.474357e-03 -3.573459e-02 -2.333162e+01 -1.486559e-03 9.999988e-01 -3.148931e-04 2.969607e+00 3.573408e-02 3.678131e-04 9.993613e-01 -1.444164e+02
9.997651e-01 -1.187234e-03 2.164085e-02 -2.277276e+01 1.161740e-03 9.999986e-01 1.190633e-03 2.951832e+00 -2.164224e-02 -1.165212e-03 9.997651e-01 -1.445509e+02
9.995138e-01 1.160481e-03 -3.115706e-02 -2.251091e+01 -1.172553e-03 9.999992e-01 -3.691506e-04 2.934537e+00 3.115661e-02 4.055042e-04 9.995144e-01 -1.442028e+02
9.995799e-01 -2.000753e-03 2.891382e-02 -2.227170e+01 1.987174e-03 9.999979e-01 4.984188e-04 2.890369e+00 -2.891476e-02 -4.407525e-04 9.995818e-01 -1.422986e+02
9.994769e-01 1.016261e-03 -3.232469e-02 -2.206147e+01 -1.035019e-03 9.999993e-01 -5.635551e-04 2.849651e+00 3.232409e-02 5.967168e-04 9.994773e-01 -1.405633e+02
9.996735e-01 -1.793628e-03 2.548882e-02 -2.186374e+01 1.776721e-03 9.999982e-01 6.859759e-04 2.820426e+00 -2.549000e-02 -6.404653e-04 9.996749e-01 -1.395032e+02
9.993092e-01 1.121914e-03 -3.714577e-02 -2.180810e+01 -1.168559e-03 9.999986e-01 -1.234014e-03 2.818234e+00 3.714433e-02 1.276569e-03 9.993091e-01 -1.399970e+02
9.997638e-01 -1.228632e-03 2.169879e-02 -2.127099e+01 1.204613e-03 9.999986e-01 1.119964e-03 2.801950e+00 -2.170014e-02 -1.093561e-03 9.997639e-01 -1.403552e+02
9.993893e-01 9.245341e-04 -3.493034e-02 -2.069371e+01 -9.377435e-04 9.999995e-01 -3.617671e-04 2.782627e+00 3.492999e-02 3.943017e-04 9.993897e-01 -1.404912e+02
9.997536e-01 -1.709036e-03 2.213309e-02 -2.068304e+01 1.726434e-03 9.999982e-01 -7.669346e-04 2.785734e+00 -2.213175e-02 8.049571e-04 9.997547e-01 -1.412034e+02
9.995071e-01 1.142811e-03 -3.137260e-02 -2.055471e+01 -1.122250e-03 9.999991e-01 6.730230e-04 2.770890e+00 3.137334e-02 -6.374835e-04 9.995075e-01 -1.410177e+02
9.996357e-01 -1.685101e-03 2.693782e-02 -2.046333e+01 1.694300e-03 9.999985e-01 -3.186189e-04 2.742276e+00 -2.693724e-02 3.641436e-04 9.996371e-01 -1.398703e+02
9.995296e-01 1.192976e-03 -3.064416e-02 -2.044755e+01 -1.162648e-03 9.999988e-01 1.007515e-03 2.720799e+00 3.064533e-02 -9.714134e-04 9.995298e-01 -1.386900e+02
9.997958e-01 -1.171067e-03 2.017639e-02 -2.014494e+01 1.175664e-03 9.999993e-01 -2.159166e-04 2.697269e+00 -2.017613e-02 2.395932e-04 9.997964e-01 -1.381721e+02
9.993055e-01 -1.604761e-04 -3.726155e-02 -1.998133e+01 1.018081e-04 9.999988e-01 -1.576367e-03 2.705082e+00 3.726176e-02 1.571478e-03 9.993043e-01 -1.393664e+02
9.998170e-01 -1.637136e-03 1.906103e-02 -1.991018e+01 1.656218e-03 9.999981e-01 -9.853321e-04 2.718684e+00 -1.905938e-02 1.016721e-03 9.998178e-01 -1.408245e+02
9.994073e-01 6.635980e-04 -3.441903e-02 -1.981762e+01 -6.774435e-04 9.999997e-01 -3.905834e-04 2.724221e+00 3.441876e-02 4.136687e-04 9.994074e-01 -1.417827e+02
9.997151e-01 -9.112100e-04 2.385072e-02 -1.951027e+01 8.920329e-04 9.999993e-01 8.147005e-04 2.711944e+00 -2.385144e-02 -7.931927e-04 9.997152e-01 -1.419631e+02
9.991845e-01 1.326067e-03 -4.035651e-02 -1.863647e+01 -1.317595e-03 9.999991e-01 2.365456e-04 2.681562e+00 4.035679e-02 -1.831793e-04 9.991853e-01 -1.420066e+02
9.997170e-01 -8.339422e-04 2.377417e-02 -1.797714e+01 8.307208e-04 9.999996e-01 1.454020e-04 2.662752e+00 -2.377428e-02 -1.256111e-04 9.997173e-01 -1.423256e+02
9.992583e-01 1.768804e-04 -3.850614e-02 -1.761313e+01 -1.877643e-04 9.999999e-01 -2.790205e-04 2.660761e+00 3.850609e-02 2.860436e-04 9.992583e-01 -1.429360e+02
9.996919e-01 -6.687336e-04 2.481308e-02 -1.739838e+01 6.700055e-04 9.999998e-01 -4.291701e-05 2.658081e+00 -2.481304e-02 5.952875e-05 9.996921e-01 -1.434403e+02
9.992323e-01 2.801294e-04 -3.917559e-02 -1.703054e+01 -2.737556e-04 9.999999e-01 1.680775e-04 2.652205e+00 3.917563e-02 -1.572241e-04 9.992323e-01 -1.439045e+02
9.997122e-01 -3.724367e-04 2.398735e-02 -1.653816e+01 3.668567e-04 9.999999e-01 2.370513e-04 2.636296e+00 -2.398744e-02 -2.281831e-04 9.997122e-01 -1.441259e+02
9.994726e-01 2.800152e-04 -3.247231e-02 -1.631466e+01 -2.655353e-04 9.999999e-01 4.502471e-04 2.619729e+00 3.247243e-02 -4.413872e-04 9.994725e-01 -1.438845e+02
9.997282e-01 -4.082017e-04 2.331143e-02 -1.620124e+01 4.143262e-04 9.999999e-01 -2.578679e-04 2.606530e+00 -2.331132e-02 2.674564e-04 9.997282e-01 -1.436560e+02
9.992202e-01 -7.649027e-04 -3.947649e-02 -1.602858e+01 7.198639e-04 9.999991e-01 -1.155087e-03 2.611997e+00 3.947733e-02 1.125768e-03 9.992198e-01 -1.446223e+02
9.997915e-01 -5.791522e-04 2.041334e-02 -1.578579e+01 5.936131e-04 9.999996e-01 -7.023236e-04 2.620651e+00 -2.041292e-02 7.142948e-04 9.997914e-01 -1.458935e+02
9.992637e-01 -7.903380e-04 -3.835936e-02 -1.560713e+01 7.463221e-04 9.999990e-01 -1.161750e-03 2.629537e+00 3.836024e-02 1.132266e-03 9.992633e-01 -1.471170e+02
9.998488e-01 -6.836287e-04 1.737650e-02 -1.533007e+01 7.047327e-04 9.999990e-01 -1.208377e-03 2.640027e+00 -1.737566e-02 1.220440e-03 9.998483e-01 -1.486243e+02
9.991661e-01 -2.253772e-03 -4.076764e-02 -1.527904e+01 2.131930e-03 9.999931e-01 -3.031913e-03 2.665751e+00 4.077419e-02 2.942471e-03 9.991641e-01 -1.508296e+02
9.997933e-01 -1.000743e-04 2.032961e-02 -1.524879e+01 1.115315e-04 9.999998e-01 -5.624061e-04 2.686131e+00 -2.032955e-02 5.645573e-04 9.997932e-01 -1.526133e+02
9.992340e-01 -1.977396e-03 -3.908441e-02 -1.522829e+01 1.879495e-03 9.999950e-01 -2.541423e-03 2.702509e+00 3.908924e-02 2.466017e-03 9.992327e-01 -1.541954e+02
9.998814e-01 -1.445119e-03 1.533046e-02 -1.533909e+01 1.492011e-03 9.999942e-01 -3.047733e-03 2.732958e+00 -1.532597e-02 3.070245e-03 9.998778e-01 -1.567382e+02
9.992535e-01 -1.867389e-03 -3.858736e-02 -1.537993e+01 1.801655e-03 9.999969e-01 -1.738210e-03 2.761869e+00 3.859048e-02 1.667392e-03 9.992537e-01 -1.591083e+02
9.998757e-01 3.618003e-04 1.576366e-02 -1.505269e+01 -3.375348e-04 9.999988e-01 -1.541926e-03 2.773240e+00 -1.576420e-02 1.536413e-03 9.998746e-01 -1.609080e+02
9.992261e-01 -2.795423e-03 -3.923597e-02 -1.483238e+01 2.726053e-03 9.999946e-01 -1.821386e-03 2.793525e+00 3.924085e-02 1.713017e-03 9.992283e-01 -1.628651e+02
9.997856e-01 1.616376e-03 2.064400e-02 -1.462046e+01 -1.614913e-03 9.999987e-01 -8.750612e-05 2.800790e+00 -2.064411e-02 5.414907e-05 9.997869e-01 -1.641186e+02
9.993221e-01 -2.073248e-03 -3.675657e-02 -1.430868e+01 2.063705e-03 9.999978e-01 -2.975502e-04 2.799287e+00 3.675711e-02 2.214938e-04 9.993242e-01 -1.648445e+02
9.998737e-01 -9.239083e-05 1.589283e-02 -1.421988e+01 1.462128e-04 9.999943e-01 -3.385389e-03 2.816591e+00 -1.589242e-02 3.387285e-03 9.998680e-01 -1.667422e+02
9.992338e-01 -2.557320e-03 -3.905427e-02 -1.413760e+01 2.546474e-03 9.999967e-01 -3.274522e-04 2.839962e+00 3.905498e-02 2.277507e-04 9.992370e-01 -1.688186e+02
9.997569e-01 1.912426e-03 2.196392e-02 -1.382764e+01 -1.904686e-03 9.999981e-01 -3.732631e-04 2.841128e+00 -2.196460e-02 3.313379e-04 9.997587e-01 -1.696983e+02
9.992583e-01 -2.935545e-03 -3.839680e-02 -1.362461e+01 2.903693e-03 9.999954e-01 -8.852610e-04 2.847803e+00 3.839922e-02 7.731119e-04 9.992622e-01 -1.706608e+02
9.997222e-01 2.081374e-03 2.347914e-02 -1.348073e+01 -2.076784e-03 9.999978e-01 -2.198369e-04 2.853002e+00 -2.347955e-02 1.710147e-04 9.997243e-01 -1.714803e+02
9.992458e-01 -3.041772e-03 -3.871222e-02 -1.335789e+01 3.002449e-03 9.999949e-01 -1.073849e-03 2.859057e+00 3.871529e-02 9.568078e-04 9.992498e-01 -1.723667e+02
9.997081e-01 2.301276e-03 2.404969e-02 -1.320194e+01 -2.305668e-03 9.999973e-01 1.549412e-04 2.862647e+00 -2.404927e-02 -2.103467e-04 9.997108e-01 -1.731225e+02
