1.000000e+00 1.197624e-11 1.704639e-10 3.214096e-14 1.197625e-11 1.000000e+00 3.562503e-10 -1.998401e-15 1.704639e-10 3.562503e-10 1.000000e+00 -4.041212e-14 0.000000e+00 0.000000e+00 0.000000e+00 1.000000e+00
1.126376e-02 -7.828900e-02 9.968671e-01 -1.063325e+00 5.089062e-01 8.586093e-01 6.168071e-02 3.050803e-02 -8.607483e-01 5.066171e-01 4.951293e-02 -1.198485e+00
9.390895e-01 -1.284352e-01 3.187717e-01 -2.698842e+00 1.584428e-01 9.848873e-01 -6.994910e-02 9.665484e-02 -3.049703e-01 1.161955e-01 9.452469e-01 -3.219824e+00
7.288254e-01 -5.410235e-02 6.825588e-01 -2.830225e+00 1.181584e-01 9.918557e-01 -4.754915e-02 6.415988e-02 -6.744273e-01 1.153050e-01 7.292823e-01 -2.725449e+00
9.140843e-01 1.562033e-01 -3.742332e-01 -2.769793e+00 -6.761061e-02 9.686241e-01 2.391570e-01 7.165037e-04 3.998484e-01 -1.933075e-01 8.959651e-01 -1.249443e+00
-1.560281e-02 -2.121903e-01 9.771038e-01 -2.895207e+00 3.735376e-01 9.052316e-01 2.025472e-01 -7.815014e-02 -9.274838e-01 3.681453e-01 6.513692e-02 9.060052e-01
2.890148e-01 5.115745e-01 -8.091736e-01 -2.918368e+00 -3.224705e-01 8.478722e-01 4.208628e-01 -1.505130e-01 9.013785e-01 1.392990e-01 4.100153e-01 2.785151e+00
-9.107910e-01 2.808886e-01 3.025910e-01 -4.968932e+00 4.083317e-01 7.211765e-01 5.596156e-01 -6.847749e-02 -6.103185e-02 6.332504e-01 -7.715368e-01 8.957358e-01
6.161470e-01 2.066823e-01 -7.600298e-01 -7.166033e+00 -9.108531e-02 9.771800e-01 1.918923e-01 2.723074e-02 7.823467e-01 -4.900630e-02 6.209122e-01 -2.178757e+00
-8.252466e-01 5.095354e-01 2.436017e-01 -1.010103e+01 5.622752e-01 7.007234e-01 4.391280e-01 1.567796e-01 5.305381e-02 4.993600e-01 -8.647687e-01 -4.673036e+00
6.096781e-01 4.210893e-01 -6.715478e-01 -1.273515e+01 -8.705633e-02 8.776666e-01 4.712988e-01 2.709761e-01 7.878539e-01 -2.288781e-01 5.717526e-01 -6.842595e+00
-7.863370e-01 4.798628e-01 3.891089e-01 -1.532656e+01 6.110434e-01 5.112155e-01 6.043879e-01 3.867739e-01 9.110479e-02 7.130150e-01 -6.952046e-01 -9.379813e+00
3.894025e-01 5.601394e-01 -7.311700e-01 -1.788660e+01 -2.172621e-01 8.272878e-01 5.180657e-01 4.998545e-01 8.950770e-01 -4.288057e-02 4.438450e-01 -1.091157e+01
-7.625303e-01 3.765023e-01 5.261117e-01 -2.041404e+01 6.425714e-01 5.352384e-01 5.482899e-01 6.130166e-01 -7.516280e-02 7.561520e-01 -6.500651e-01 -1.258468e+01
3.897090e-01 5.063995e-01 -7.692116e-01 -2.295622e+01 -1.273725e-01 8.568586e-01 4.995694e-01 7.293346e-01 9.120872e-01 -9.671033e-02 3.984269e-01 -1.438181e+01
-5.447902e-01 3.848285e-01 7.450575e-01 -2.535596e+01 7.996510e-01 5.059455e-01 3.233842e-01 8.396073e-01 -2.525110e-01 7.719625e-01 -5.833627e-01 -1.601675e+01
5.141146e-01 5.373438e-01 -6.685416e-01 -2.800029e+01 -6.939539e-02 8.029423e-01 5.920034e-01 9.585529e-01 8.549096e-01 -2.579639e-01 4.500935e-01 -1.742410e+01
-2.580707e-01 9.717446e-02 9.612266e-01 -2.900320e+01 8.201087e-01 5.479662e-01 1.647870e-01 9.684880e-01 -5.107066e-01 8.308370e-01 -2.211076e-01 -1.666445e+01
-9.256182e-02 9.117099e-01 -4.002717e-01 -2.913428e+01 -1.074224e-01 3.905075e-01 9.143109e-01 8.980729e-01 9.898953e-01 1.276284e-01 6.179195e-02 -1.451649e+01
1.314939e-01 -3.629313e-01 9.224913e-01 -2.902370e+01 8.993316e-01 4.351473e-01 4.300524e-02 8.120505e-01 -4.170276e-01 8.239707e-01 3.836148e-01 -1.235692e+01
7.430632e-02 9.795574e-01 -1.869382e-01 -2.871495e+01 -3.663906e-01 2.011625e-01 9.084556e-01 7.205767e-01 9.274893e-01 9.884224e-04 3.738483e-01 -1.044809e+01
-1.762316e-01 -5.846750e-01 7.918949e-01 -2.864078e+01 9.371956e-01 1.463463e-01 3.166184e-01 6.238349e-01 -3.010098e-01 7.979586e-01 5.221640e-01 -7.994371e+00
-5.335905e-02 9.872379e-01 -1.500468e-01 -2.874203e+01 -8.033442e-01 4.681037e-02 5.936724e-01 5.424116e-01 5.931197e-01 1.522170e-01 7.905941e-01 -5.606737e+00
-3.663196e-01 -8.012464e-01 4.730900e-01 -2.931376e+01 8.710281e-01 -1.164446e-01 4.772322e-01 5.046079e-01 -3.272918e-01 5.868942e-01 7.405641e-01 -3.596621e+00
2.110177e-01 7.669456e-01 -6.060247e-01 -3.110679e+01 -9.371686e-01 3.349541e-01 9.757424e-02 5.728527e-01 2.778246e-01 5.473574e-01 7.894386e-01 -4.029442e+00
-4.483003e-01 -7.573721e-01 4.747782e-01 -3.251561e+01 3.271036e-01 3.553054e-01 8.756491e-01 6.167461e-01 -8.318834e-01 5.478554e-01 8.845563e-02 -3.939717e+00
-4.258414e-02 4.503338e-01 -8.918442e-01 -3.265354e+01 -8.883006e-01 3.915010e-01 2.401021e-01 5.559119e-01 4.572840e-01 8.024503e-01 3.833601e-01 -2.091152e+00
-5.964350e-01 -7.898915e-01 1.426065e-01 -3.304198e+01 -3.338913e-01 4.057238e-01 8.508259e-01 5.113525e-01 -7.299191e-01 4.598473e-01 -5.057258e-01 -4.275426e-01
-3.108432e-01 -1.878883e-01 -9.317051e-01 -3.323820e+01 -8.832133e-01 4.192682e-01 2.101151e-01 4.469523e-01 3.511562e-01 8.882073e-01 -2.962721e-01 1.633102e+00
-4.159567e-01 -9.034570e-01 1.036601e-01 -3.336714e+01 -4.219628e-01 2.927250e-01 8.580556e-01 3.795710e-01 -8.055603e-01 3.131733e-01 -5.029862e-01 3.631059e+00
-4.226424e-01 -2.463345e-01 -8.721770e-01 -3.317300e+01 -9.045788e-01 1.738806e-01 3.892336e-01 2.943572e-01 5.577299e-02 9.534594e-01 -2.963182e-01 5.574661e+00
-2.907193e-01 -9.535420e-01 -7.899304e-02 -3.218822e+01 1.032973e-01 -1.133553e-01 9.881701e-01 1.818502e-01 -9.512160e-01 2.791204e-01 1.314529e-01 7.017294e+00
-6.685346e-01 2.694780e-01 -6.931400e-01 -3.131354e+01 -7.377133e-01 -3.581423e-01 5.722876e-01 7.663637e-02 -9.402383e-02 8.939327e-01 4.382280e-01 8.439542e+00
-5.860976e-01 -8.094004e-01 -3.688779e-02 -3.058800e+01 6.429920e-01 -4.923355e-01 5.866575e-01 -1.937665e-02 -4.930019e-01 3.201199e-01 8.089946e-01 9.848037e+00
-6.155615e-01 7.135816e-01 -3.344926e-01 -2.997211e+01 -7.811015e-01 -6.088171e-01 1.386437e-01 -1.249114e-01 -1.047112e-01 3.466164e-01 9.321441e-01 1.160130e+01
-5.638254e-01 -8.091430e-01 -1.654947e-01 -2.929295e+01 8.159919e-01 -5.767033e-01 3.962981e-02 -2.222659e-01 -1.275075e-01 -1.126980e-01 9.854141e-01 1.309178e+01
-6.547210e-01 6.874143e-01 3.143280e-01 -2.811012e+01 -7.098755e-01 -7.020411e-01 5.670098e-02 -3.317340e-01 2.596482e-01 -1.860104e-01 9.476196e-01 1.408769e+01
-4.460708e-01 -8.598404e-01 2.483855e-01 -2.676200e+01 6.654729e-01 -5.042232e-01 -5.503679e-01 -4.533353e-01 5.984703e-01 -8.020929e-02 7.971197e-01 1.515042e+01
-5.534806e-01 4.563348e-01 6.967193e-01 -2.556046e+01 -7.879949e-01 -5.577837e-01 -2.606557e-01 -5.759567e-01 2.696724e-01 -6.932791e-01 6.683119e-01 1.638996e+01
-4.897684e-01 -8.703153e-01 5.175053e-02 -2.429715e+01 5.597781e-01 -3.594107e-01 -7.466408e-01 -6.952034e-01 6.684126e-01 -3.367123e-01 6.632115e-01 1.747547e+01
-8.059495e-01 5.859572e-01 -8.425849e-02 -2.286227e+01 -1.096252e-01 -2.875989e-01 -9.514563e-01 -8.245923e-01 -5.817453e-01 -7.575889e-01 2.960259e-01 1.828629e+01
-5.016732e-01 -4.190840e-02 -8.640415e-01 -2.150248e+01 8.546337e-01 -1.786001e-01 -4.875483e-01 -9.421296e-01 -1.338855e-01 -9.830288e-01 1.254152e-01 1.906887e+01
-6.248259e-01 7.565111e-01 1.930892e-01 -2.020520e+01 -2.954866e-01 -2.121537e-04 -9.553469e-01 -1.054068e+00 -7.226896e-01 -6.539808e-01 2.236715e-01 1.991891e+01
-8.390058e-01 -2.791085e-01 -4.670843e-01 -1.916864e+01 4.005172e-01 2.642730e-01 -8.773515e-01 -1.152489e+00 3.683141e-01 -9.231783e-01 -1.099388e-01 2.084271e+01
-7.138843e-01 2.065299e-01 6.691147e-01 -1.832913e+01 -5.805661e-01 3.597182e-01 -7.304422e-01 -1.232585e+00 -3.915509e-01 -9.099166e-01 -1.368929e-01 2.156498e+01
-7.474752e-01 -6.411983e-01 -1.736249e-01 -1.737693e+01 -2.787410e-01 5.399899e-01 -7.941753e-01 -1.323762e+00 6.029795e-01 -5.452299e-01 -5.823573e-01 2.243365e+01
-1.127160e-01 -5.822668e-01 8.051462e-01 -1.654870e+01 -8.747412e-01 4.424965e-01 1.975464e-01 -1.423866e+00 -4.712991e-01 -6.820280e-01 -5.592093e-01 2.382927e+01
-3.726757e-01 -7.543999e-01 -5.403643e-01 -1.535763e+01 -9.261942e-01 3.383182e-01 1.664486e-01 -1.554359e+00 5.724631e-02 5.625136e-01 -8.248038e-01 2.550726e+01
-1.207486e-01 -9.872579e-01 -1.036416e-01 -1.391856e+01 -1.590106e-01 -8.382131e-02 9.837122e-01 -1.704088e+00 -9.798650e-01 1.352620e-01 -1.468631e-01 2.727628e+01
-6.488185e-01 1.016601e-02 -7.608753e-01 -1.277919e+01 -7.087036e-01 -3.721687e-01 5.993578e-01 -1.819477e+00 -2.770809e-01 9.281094e-01 2.486746e-01 2.853788e+01
-6.202772e-01 -7.781915e-01 -9.835703e-02 -1.158622e+01 5.727832e-01 -5.350416e-01 6.210072e-01 -1.934631e+00 -5.358876e-01 3.288593e-01 7.776091e-01 2.973420e+01
-8.774522e-01 4.581052e-01 1.421870e-01 -1.024157e+01 -3.254898e-01 -7.863953e-01 5.250132e-01 -2.057525e+00 3.523265e-01 4.143936e-01 8.391329e-01 3.087987e+01
-3.998766e-01 -6.111292e-01 6.830957e-01 -9.126039e+00 7.046498e-01 -6.815790e-01 -1.972781e-01 -2.164202e+00 5.861462e-01 4.024563e-01 7.031796e-01 3.192170e+01
-2.166155e-01 6.369267e-01 7.398663e-01 -8.364400e+00 -3.960928e-01 -7.500189e-01 5.297000e-01 -2.219455e+00 8.922938e-01 -1.783144e-01 4.147478e-01 3.180537e+01
2.597448e-01 -5.204758e-01 8.134111e-01 -7.609030e+00 5.144821e-01 -6.382390e-01 -5.726772e-01 -2.284053e+00 8.172153e-01 5.672353e-01 1.019962e-01 3.224073e+01
4.838640e-01 4.140103e-01 7.710195e-01 -6.756785e+00 -2.035910e-01 -8.035970e-01 5.592697e-01 -2.367096e+00 8.511324e-01 -4.275831e-01 -3.045429e-01 3.300213e+01
7.953829e-01 -2.349752e-01 5.587063e-01 -5.840652e+00 2.862139e-01 -6.669361e-01 -6.879519e-01 -2.442446e+00 5.342730e-01 7.070947e-01 -4.632164e-01 3.347199e+01
8.874596e-01 3.247981e-01 3.269888e-01 -4.696015e+00 4.866173e-02 -7.715471e-01 6.343084e-01 -2.524514e+00 4.583094e-01 -5.470113e-01 -7.005221e-01 3.375890e+01
9.770970e-01 1.146225e-01 1.792850e-01 -3.625457e+00 2.110847e-01 -6.286758e-01 -7.484718e-01 -2.610458e+00 2.692043e-02 7.691739e-01 -6.384723e-01 3.422567e+01
9.336140e-01 3.337877e-01 -1.301947e-01 -2.845416e+00 3.442910e-01 -7.352760e-01 5.838089e-01 -2.693336e+00 9.913921e-02 -5.898770e-01 -8.013841e-01 3.508273e+01
7.181848e-01 2.899865e-01 6.325492e-01 -1.704266e+00 5.880563e-01 -7.389205e-01 -3.289169e-01 -2.782196e+00 3.720221e-01 6.081977e-01 -7.012098e-01 3.527591e+01
1.564663e-01 5.604134e-01 8.132989e-01 -5.361327e-01 -4.889227e-01 -6.715254e-01 5.567839e-01 -2.867337e+00 8.581800e-01 -4.847582e-01 1.689278e-01 3.511218e+01
-7.496115e-01 -1.055969e-01 6.534003e-01 -1.296712e-01 4.108965e-01 -8.481687e-01 3.343260e-01 -2.886953e+00 5.188899e-01 5.190945e-01 6.791864e-01 3.249730e+01
-7.522807e-01 6.552169e-01 6.902600e-02 -1.724523e-01 -4.320705e-01 -5.697254e-01 6.990909e-01 -2.883057e+00 4.973821e-01 4.960885e-01 7.116933e-01 2.968040e+01
-9.520514e-01 -1.859283e-01 2.429585e-01 3.884706e-02 3.021802e-01 -4.473948e-01 8.417393e-01 -2.891380e+00 -4.780475e-02 8.747963e-01 4.821267e-01 2.732764e+01
-9.174204e-01 3.296315e-01 -2.228967e-01 6.853591e-01 -3.174270e-01 -2.684569e-01 9.094894e-01 -2.924790e+00 2.399582e-01 9.051375e-01 3.509218e-01 2.592642e+01
-4.644453e-01 -4.389362e-01 7.691720e-01 1.065180e+00 8.854895e-01 -2.439944e-01 3.954428e-01 -2.964282e+00 1.409945e-02 8.647553e-01 5.019955e-01 2.598249e+01
-5.267421e-01 8.258327e-01 2.013532e-01 1.831791e+00 -3.442311e-01 -4.238276e-01 8.377799e-01 -3.045201e+00 7.772051e-01 3.719819e-01 5.075251e-01 2.666775e+01
-6.019259e-01 -3.100283e-01 7.359128e-01 2.613712e+00 7.773345e-01 -4.385044e-01 4.510710e-01 -3.097766e+00 1.828562e-01 8.435617e-01 5.049428e-01 2.627364e+01
-6.238032e-01 7.266188e-01 2.879144e-01 3.667713e+00 -1.916675e-01 -4.993437e-01 8.449376e-01 -3.166474e+00 7.577157e-01 4.718909e-01 4.507614e-01 2.609672e+01
-5.507070e-01 -2.879991e-01 7.834400e-01 4.769470e+00 7.890538e-01 -4.857489e-01 3.760878e-01 -3.242372e+00 2.722422e-01 8.252905e-01 4.947522e-01 2.609534e+01
-4.587476e-01 6.622536e-01 5.924278e-01 5.712810e+00 1.186796e-01 -6.150833e-01 7.794791e-01 -3.318157e+00 8.806053e-01 4.278933e-01 2.035720e-01 2.645847e+01
-2.199521e-01 -3.463384e-02 9.748957e-01 6.600062e+00 7.841110e-01 -6.008077e-01 1.555639e-01 -3.393600e+00 5.803370e-01 7.986430e-01 1.593057e-01 2.691421e+01
-2.209377e-03 6.746423e-01 7.381415e-01 7.624859e+00 3.839308e-01 -6.810008e-01 6.235664e-01 -3.472379e+00 9.233592e-01 2.847729e-01 -2.575114e-01 2.723461e+01
3.622598e-01 2.380901e-01 9.011553e-01 8.864125e+00 8.044555e-01 -5.681800e-01 -1.732707e-01 -3.569795e+00 4.707644e-01 7.877084e-01 -3.973617e-01 2.779195e+01
5.157790e-01 7.875396e-01 3.372734e-01 9.721611e+00 7.208115e-01 -6.116867e-01 3.259910e-01 -3.649740e+00 4.630365e-01 7.497117e-02 -8.831628e-01 2.849541e+01
6.406640e-01 7.490486e-01 1.687479e-01 1.040526e+01 6.934778e-01 -4.701421e-01 -5.459441e-01 -3.705367e+00 -3.296032e-01 4.667896e-01 -8.206517e-01 2.867340e+01
7.554648e-01 6.000423e-01 -2.631009e-01 1.090344e+01 5.883818e-01 -4.446701e-01 6.753335e-01 -3.733186e+00 2.882356e-01 -6.649945e-01 -6.889866e-01 2.759289e+01
7.846250e-01 6.171636e-01 -5.892942e-02 1.125155e+01 2.791092e-01 -4.365115e-01 -8.553104e-01 -3.757326e+00 -5.535898e-01 6.546501e-01 -5.147538e-01 2.712285e+01
2.466084e-01 4.937123e-01 -8.339259e-01 1.199959e+01 9.198287e-01 -3.901700e-01 4.101778e-02 -3.827023e+00 -3.051219e-01 -7.771844e-01 -5.503499e-01 2.775611e+01
-1.138543e-01 9.780327e-01 -1.746118e-01 1.257356e+01 -1.512615e-01 -1.907703e-01 -9.699106e-01 -3.883157e+00 -9.819150e-01 -8.401643e-02 1.696587e-01 2.825875e+01
-6.063241e-01 -4.782555e-02 -7.937782e-01 1.334576e+01 7.945734e-01 3.737611e-03 -6.071566e-01 -3.952042e+00 3.200443e-02 -9.988487e-01 3.573470e-02 2.878682e+01
-5.526937e-01 6.272969e-01 5.486604e-01 1.426635e+01 -6.256686e-01 1.225655e-01 -7.704002e-01 -4.033488e+00 -5.505165e-01 -7.690750e-01 3.247388e-01 2.944092e+01
-6.987848e-01 -6.419428e-01 -3.156094e-01 1.527624e+01 5.500833e-02 3.916775e-01 -9.184567e-01 -4.129342e+00 7.132138e-01 -6.591647e-01 -2.383861e-01 3.036132e+01
-3.267998e-02 -2.256249e-01 9.736660e-01 1.611630e+01 -9.519465e-01 3.038403e-01 3.845709e-02 -4.212051e+00 -3.045158e-01 -9.256211e-01 -2.247124e-01 3.120698e+01
-1.175055e-01 -9.301559e-01 -3.478542e-01 1.582961e+01 -5.017331e-01 3.578928e-01 -7.875130e-01 -4.232593e+00 8.570043e-01 8.199286e-02 -5.087443e-01 3.188644e+01
-3.372583e-01 -4.155986e-01 8.447098e-01 1.530906e+01 -8.679581e-01 4.847418e-01 -1.080466e-01 -4.239381e+00 -3.645621e-01 -7.696123e-01 -5.242054e-01 3.266489e+01
-4.606390e-01 -8.664046e-01 -1.927556e-01 1.460830e+01 -3.027544e-01 3.575171e-01 -8.834712e-01 -4.207609e+00 8.343569e-01 -3.486037e-01 -4.269941e-01 3.108788e+01
-7.015325e-01 2.149989e-01 6.794318e-01 1.339860e+01 -5.716260e-01 3.995592e-01 -7.166562e-01 -4.147319e+00 -4.255536e-01 -8.911385e-01 -1.574048e-01 2.910406e+01
-7.906706e-01 -6.035860e-01 1.025866e-01 1.307587e+01 -4.407769e-01 4.448948e-01 -7.796052e-01 -4.160427e+00 4.249186e-01 -6.616287e-01 -6.178120e-01 2.968531e+01
-8.403932e-01 -2.316782e-01 4.899638e-01 1.228121e+01 -5.401600e-01 4.320043e-01 -7.222184e-01 -4.140778e+00 -4.434421e-02 -8.716063e-01 -4.881968e-01 2.950650e+01
-8.910990e-01 -2.958737e-01 -3.440949e-01 1.082162e+01 3.299671e-01 9.811717e-02 -9.388795e-01 -4.085849e+00 3.115514e-01 -9.501746e-01 1.019649e-02 2.923845e+01
-4.415632e-01 6.212974e-02 8.950764e-01 1.103434e+01 -8.745952e-01 1.928604e-01 -4.448462e-01 -4.154013e+00 -2.002630e-01 -9.792572e-01 -3.082169e-02 3.079077e+01
-4.677631e-01 -8.827728e-01 -4.370277e-02 1.069663e+01 -4.306468e-01 2.708124e-01 -8.609321e-01 -4.173329e+00 7.718426e-01 -3.838918e-01 -5.068393e-01 3.167592e+01
-7.899386e-01 -3.309313e-02 6.122923e-01 9.702726e+00 -5.877318e-01 3.255777e-01 -7.406554e-01 -4.135357e+00 -1.748381e-01 -9.449360e-01 -2.766362e-01 3.103901e+01
-7.279202e-01 -6.849363e-01 3.153671e-02 1.061265e+01 -4.936079e-01 4.915512e-01 -7.174459e-01 -4.233177e+00 4.759028e-01 -5.378101e-01 -6.959000e-01 3.218525e+01
4.838178e-02 -7.497364e-01 6.599656e-01 1.149888e+01 -8.562278e-01 3.091038e-01 4.139188e-01 -4.322575e+00 -5.143278e-01 -5.851070e-01 -6.269901e-01 3.319454e+01
-3.799800e-01 -7.617116e-01 -5.247958e-01 1.218339e+01 -8.802012e-01 1.233379e-01 4.582942e-01 -4.390621e+00 -2.843608e-01 6.360686e-01 -7.173254e-01 3.392648e+01
-4.015561e-01 -8.455875e-01 -3.517591e-01 1.280061e+01 -4.310852e-01 -1.643606e-01 8.872154e-01 -4.481115e+00 -8.080336e-01 5.079049e-01 -2.985202e-01 3.529696e+01
-4.566655e-01 -2.753274e-01 -8.459618e-01 1.317206e+01 -7.833275e-01 -3.263302e-01 5.290621e-01 -4.561685e+00 -4.217282e-01 9.042695e-01 -6.664781e-02 3.676209e+01
-5.585497e-01 -7.612020e-01 -3.295356e-01 1.365489e+01 2.249877e-01 -5.214233e-01 8.231028e-01 -4.632318e+00 -7.983751e-01 3.856023e-01 4.625019e-01 3.784435e+01
-8.196388e-01 2.954191e-01 -4.908357e-01 1.411549e+01 -5.343778e-01 -7.030598e-01 4.691986e-01 -4.711800e+00 -2.064767e-01 6.468651e-01 7.341205e-01 3.914536e+01
-6.948615e-01 -4.859489e-01 -5.301142e-01 1.467247e+01 1.703274e-01 -8.273820e-01 5.351893e-01 -4.812765e+00 -6.986816e-01 2.815895e-01 6.576863e-01 4.079076e+01
-6.526315e-01 2.769033e-01 -7.052636e-01 1.491477e+01 -4.833369e-01 -8.689832e-01 1.060831e-01 -4.882419e+00 -5.834875e-01 4.101131e-01 7.009634e-01 4.214643e+01
-7.980113e-01 -5.947903e-01 9.696643e-02 1.544594e+01 5.555180e-01 -7.883998e-01 -2.642452e-01 -4.942175e+00 2.336188e-01 -1.570041e-01 9.595686e-01 4.285634e+01
-7.784721e-02 3.145974e-01 9.460276e-01 1.570896e+01 -3.155252e-01 -9.079054e-01 2.759559e-01 -4.977397e+00 9.457186e-01 -2.770131e-01 1.699413e-01 4.330696e+01
9.065306e-01 -3.526049e-01 2.321037e-01 1.607474e+01 -1.470616e-01 -7.791722e-01 -6.093140e-01 -5.015343e+00 3.956958e-01 5.182282e-01 -7.581981e-01 4.365778e+01
4.672622e-01 1.180703e-01 -8.761995e-01 1.636183e+01 5.036231e-01 -8.500828e-01 1.540226e-01 -5.049392e+00 -7.266566e-01 -5.132432e-01 -4.566744e-01 4.407608e+01
-6.333330e-01 6.379500e-01 -4.380743e-01 1.672842e+01 -4.443286e-01 -7.632336e-01 -4.690913e-01 -5.094225e+00 -6.336098e-01 -1.024421e-01 7.668405e-01 4.460271e+01
-8.595294e-01 -5.076975e-01 -5.875676e-02 1.714143e+01 4.018256e-01 -6.002554e-01 -6.915414e-01 -5.138982e+00 3.158248e-01 -6.180102e-01 7.199431e-01 4.504435e+01
-3.157288e-01 1.705269e-01 9.334002e-01 1.750380e+01 -7.579783e-01 -6.370782e-01 -1.400006e-01 -5.182622e+00 5.707751e-01 -7.516993e-01 3.303997e-01 4.555476e+01
3.167154e-01 -8.550367e-01 4.106136e-01 1.786689e+01 -4.551912e-01 -5.168039e-01 -7.250618e-01 -5.224531e+00 8.321612e-01 4.273050e-02 -5.528850e-01 4.599729e+01
8.404692e-01 -4.624927e-01 2.823330e-01 1.821312e+01 -5.392556e-01 -6.629004e-01 5.193905e-01 -5.262197e+00 -5.305568e-02 -5.887814e-01 -8.065491e-01 4.633626e+01
7.441969e-01 -4.309579e-01 -5.103394e-01 1.882121e+01 -6.452973e-01 -6.611830e-01 -3.826596e-01 -5.307477e+00 -1.725176e-01 6.140947e-01 -7.701463e-01 4.638296e+01
7.025934e-01 -5.489674e-01 -4.527662e-01 1.943687e+01 -1.781928e-01 -7.517313e-01 6.349389e-01 -5.356923e+00 -6.889193e-01 -3.654242e-01 -6.259835e-01 4.653087e+01
5.152990e-01 -4.971841e-02 -8.555671e-01 2.005860e+01 -5.709774e-01 -7.643955e-01 -2.994734e-01 -5.407539e+00 -6.391023e-01 6.428278e-01 -4.222804e-01 4.669345e+01
3.044246e-01 -4.453125e-01 -8.420347e-01 2.086676e+01 2.381140e-01 -8.203497e-01 5.199308e-01 -5.466320e+00 -9.222946e-01 -3.587800e-01 -1.436995e-01 4.678110e+01
1.021470e-01 3.065613e-01 -9.463541e-01 2.144641e+01 -4.571024e-01 -8.304827e-01 -3.183644e-01 -5.507157e+00 -8.835289e-01 4.651007e-01 5.529855e-02 4.670013e+01
-6.643190e-03 -3.972107e-01 -9.177034e-01 2.205149e+01 4.284337e-01 -8.303570e-01 3.563030e-01 -5.551090e+00 -9.035488e-01 -3.908081e-01 1.756947e-01 4.667413e+01
-1.642150e-01 4.702935e-01 -8.670971e-01 2.273320e+01 -3.932683e-01 -8.373634e-01 -3.796876e-01 -5.597387e+00 -9.046400e-01 2.786514e-01 3.224591e-01 4.658519e+01
-4.030132e-01 -3.655313e-01 -8.390275e-01 2.303057e+01 5.736670e-01 -8.152112e-01 7.960383e-02 -5.620479e+00 -7.130824e-01 -4.492411e-01 5.382342e-01 4.637979e+01
-6.089887e-01 5.817155e-01 -5.392030e-01 2.340059e+01 -4.336570e-01 -8.133891e-01 -3.877367e-01 -5.651278e+00 -6.641343e-01 -2.298100e-03 7.476098e-01 4.634914e+01
-6.133221e-01 -4.219353e-01 -6.676875e-01 2.398121e+01 6.209879e-01 -7.799763e-01 -7.753036e-02 -5.697518e+00 -4.880676e-01 -4.621769e-01 7.403934e-01 4.641111e+01
-6.149704e-01 6.039104e-01 -5.070539e-01 2.463582e+01 -3.703871e-01 -7.888928e-01 -4.903688e-01 -5.740546e+00 -6.961500e-01 -1.137560e-01 7.088263e-01 4.618863e+01
-6.637546e-01 -3.778121e-01 -6.455136e-01 2.513279e+01 6.176779e-01 -7.635754e-01 -1.882199e-01 -5.775851e+00 -4.217865e-01 -5.236513e-01 7.401929e-01 4.601478e+01
-7.598464e-01 5.937447e-01 -2.647654e-01 2.571526e+01 -4.186889e-01 -7.585017e-01 -4.993744e-01 -5.818301e+00 -4.973258e-01 -2.685935e-01 8.249391e-01 4.593323e+01
-6.416496e-01 -4.360649e-01 -6.309780e-01 2.669911e+01 6.545154e-01 -7.401889e-01 -1.540453e-01 -5.879283e+00 -3.998691e-01 -5.118279e-01 7.603531e-01 4.569841e+01
-5.086969e-01 6.414202e-01 -5.742888e-01 2.754225e+01 -2.610348e-01 -7.505529e-01 -6.070677e-01 -5.935364e+00 -8.204196e-01 -1.589040e-01 5.492369e-01 4.546240e+01
-3.702343e-01 -2.678188e-01 -8.894940e-01 2.846165e+01 6.843816e-01 -7.261093e-01 -6.623518e-02 -5.994373e+00 -6.281308e-01 -6.332759e-01 4.521209e-01 4.523421e+01
-2.975373e-01 6.868608e-01 -6.630941e-01 2.945648e+01 -1.369858e-01 -7.180778e-01 -6.823483e-01 -6.060072e+00 -9.448314e-01 -1.121896e-01 3.077451e-01 4.511015e+01
-1.717258e-01 -9.694075e-02 -9.803636e-01 3.037403e+01 7.347531e-01 -6.755038e-01 -6.190789e-02 -6.126644e+00 -6.562379e-01 -7.309563e-01 1.872290e-01 4.514022e+01
-6.425455e-02 7.526730e-01 -6.552516e-01 3.127258e+01 7.193062e-02 -6.514073e-01 -7.553108e-01 -6.190084e+00 -9.953378e-01 -9.566481e-02 -1.228435e-02 4.507452e+01
-2.418300e-01 8.498442e-02 -9.665898e-01 3.208974e+01 7.399240e-01 -6.282828e-01 -2.403605e-01 -6.235253e+00 -6.277187e-01 -7.733294e-01 8.905562e-02 4.461058e+01
-2.775116e-01 7.426299e-01 -6.094982e-01 3.260728e+01 8.629167e-02 -6.125848e-01 -7.856803e-01 -6.270690e+00 -9.568391e-01 -2.706300e-01 1.059166e-01 4.438188e+01
-1.970874e-01 7.732639e-02 -9.773317e-01 3.312354e+01 7.750222e-01 -5.982297e-01 -2.036218e-01 -6.306350e+00 -6.004142e-01 -7.975850e-01 5.797385e-02 4.410968e+01
-2.264281e-01 7.804574e-01 -5.827663e-01 3.356415e+01 7.306814e-02 -5.830095e-01 -8.091730e-01 -6.338867e+00 -9.712834e-01 -2.258012e-01 7.498316e-02 4.387802e+01
-1.933833e-01 1.707603e-01 -9.661490e-01 3.392583e+01 8.111196e-01 -5.261932e-01 -2.553539e-01 -6.387319e+00 -5.519853e-01 -8.330436e-01 -3.675002e-02 4.434679e+01
-4.375098e-02 8.260698e-01 -5.618670e-01 3.472824e+01 4.174061e-01 -4.958512e-01 -7.615141e-01 -6.446751e+00 -9.076662e-01 -2.678437e-01 -3.231126e-01 4.433690e+01
-1.315955e-01 4.345045e-01 -8.910042e-01 3.513134e+01 8.185799e-01 -4.593226e-01 -3.448908e-01 -6.476400e+00 -5.591150e-01 -7.747442e-01 -2.952319e-01 4.413595e+01
-1.418440e-01 8.116389e-01 -5.666767e-01 3.562673e+01 4.613953e-01 -4.522663e-01 -7.632625e-01 -6.509808e+00 -8.757823e-01 -3.697262e-01 -3.103351e-01 4.384019e+01
-8.027384e-02 4.636283e-01 -8.823859e-01 3.612398e+01 8.492215e-01 -4.316928e-01 -3.040793e-01 -6.545260e+00 -5.218994e-01 -7.737507e-01 -3.590695e-01 4.366693e+01
-1.319572e-01 8.549233e-01 -5.016906e-01 3.660705e+01 3.713353e-01 -4.266280e-01 -8.246809e-01 -6.575512e+00 -9.190742e-01 -2.951180e-01 -2.611665e-01 4.323199e+01
-5.344039e-01 3.878387e-01 -7.509951e-01 3.722584e+01 6.693333e-01 -3.483904e-01 -6.562142e-01 -6.610563e+00 -5.161447e-01 -8.533495e-01 -7.341216e-02 4.282733e+01
-6.972092e-01 6.521558e-01 -2.976442e-01 3.777331e+01 1.373227e-01 -2.860113e-01 -9.483354e-01 -6.648606e+00 -7.035920e-01 -7.020615e-01 1.098539e-01 4.270099e+01
-6.849240e-01 2.008017e-01 -7.003983e-01 3.833284e+01 6.563024e-01 -2.474828e-01 -7.127548e-01 -6.697969e+00 -3.164589e-01 -9.478560e-01 3.772027e-02 4.289004e+01
-7.840776e-01 6.193257e-01 -4.071937e-02 3.912009e+01 -2.292034e-02 -9.445418e-02 -9.952653e-01 -6.772619e+00 -6.202395e-01 -7.794319e-01 8.825456e-02 4.350058e+01
-9.593196e-01 -1.008106e-01 2.637104e-01 4.016990e+01 -2.731912e-01 9.583049e-02 -9.571745e-01 -6.840082e+00 7.122181e-02 -9.902796e-01 -1.194726e-01 4.344437e+01
-3.399585e-01 -3.014102e-01 8.908311e-01 4.123306e+01 -9.397107e-01 7.156431e-02 -3.343984e-01 -6.873368e+00 3.703935e-02 -9.508052e-01 -3.075673e-01 4.179342e+01
-1.681333e-01 -9.610165e-01 2.194960e-01 4.204467e+01 -8.877270e-01 5.080484e-02 -4.575583e-01 -6.908199e+00 4.285696e-01 -2.717833e-01 -8.616623e-01 4.103349e+01
3.004080e-01 -9.314047e-01 2.055246e-01 4.271002e+01 -8.005854e-01 -1.290955e-01 5.851474e-01 -6.958014e+00 -5.184767e-01 -3.403229e-01 -7.844503e-01 4.119882e+01
-1.478127e-01 -6.777229e-01 -7.203076e-01 4.332615e+01 -8.450748e-01 -2.918204e-01 4.479838e-01 -7.009717e+00 -5.138093e-01 6.749315e-01 -5.295918e-01 4.146196e+01
-4.987910e-01 -8.217272e-01 -2.756301e-01 4.418967e+01 2.365351e-01 -4.349997e-01 8.688075e-01 -7.058769e+00 -8.338217e-01 3.681571e-01 4.113413e-01 4.116574e+01
-9.501656e-01 2.225596e-01 -2.182948e-01 4.501617e+01 -3.086978e-01 -5.740265e-01 7.584189e-01 -7.115610e+00 4.348645e-02 7.880106e-01 6.141239e-01 4.109739e+01
-9.359069e-01 -3.170548e-01 1.534749e-01 4.559952e+01 3.243530e-01 -6.057626e-01 7.265307e-01 -7.156583e+00 -1.373807e-01 7.297451e-01 6.697751e-01 4.095155e+01
-9.516234e-01 3.051526e-01 3.598265e-02 4.620690e+01 -1.749916e-01 -6.344893e-01 7.528621e-01 -7.197727e+00 2.525684e-01 7.101445e-01 6.571940e-01 4.078767e+01
-3.610628e-01 -3.977391e-01 8.434674e-01 4.683203e+01 7.896100e-01 -6.116006e-01 4.960627e-02 -7.248903e+00 4.961348e-01 6.839213e-01 5.348850e-01 4.108068e+01
2.109239e-01 6.154742e-01 7.594094e-01 4.742806e+01 4.502650e-01 -7.507342e-01 4.833835e-01 -7.313532e+00 8.676247e-01 2.399783e-01 -4.354743e-01 4.176223e+01
7.484198e-01 3.801475e-01 5.434663e-01 4.828005e+01 6.452501e-01 -6.068356e-01 -4.641151e-01 -7.390363e+00 1.533625e-01 6.980247e-01 -6.994580e-01 4.237307e+01
4.701263e-01 8.035186e-01 -3.651563e-01 4.904742e+01 8.321889e-01 -5.413788e-01 -1.198778e-01 -7.458362e+00 -2.940119e-01 -2.475213e-01 -9.231957e-01 4.283050e+01
-6.433558e-02 9.226948e-01 -3.801252e-01 4.939419e+01 2.130308e-01 -3.594353e-01 -9.085285e-01 -7.487506e+00 -9.749250e-01 -1.394291e-01 -1.734379e-01 4.286005e+01
-6.623797e-01 3.074814e-01 -6.831605e-01 4.989226e+01 6.679822e-01 -1.704698e-01 -7.243893e-01 -7.539491e+00 -3.391945e-01 -9.361598e-01 -9.247640e-02 4.334602e+01
-7.909031e-01 6.112113e-01 -2.988211e-02 5.069837e+01 2.084581e-02 -2.189330e-02 -9.995430e-01 -7.607576e+00 -6.115862e-01 -7.911646e-01 4.574287e-03 4.372167e+01
-9.605247e-01 -8.277507e-03 -2.780714e-01 5.104301e+01 2.771377e-01 5.857514e-02 -9.590431e-01 -7.636313e+00 2.422656e-02 -9.982487e-01 -5.396886e-02 4.358952e+01
-8.887662e-01 2.095988e-01 4.076310e-01 5.122667e+01 -3.943192e-01 1.037643e-01 -9.130966e-01 -7.656526e+00 -2.336815e-01 -9.722661e-01 -9.573361e-03 4.350452e+01
-6.967953e-01 -5.360645e-01 4.765618e-01 5.157633e+01 -6.483401e-01 1.865187e-01 -7.381503e-01 -7.684003e+00 3.068085e-01 -8.233138e-01 -4.775175e-01 4.343638e+01
1.679234e-03 -7.876592e-01 6.161089e-01 5.175743e+01 -9.829229e-01 1.120706e-01 1.459547e-01 -7.702973e+00 -1.840103e-01 -6.058326e-01 -7.740200e-01 4.337481e+01
-9.745390e-02 -9.358317e-01 -3.387060e-01 5.271301e+01 -8.902738e-01 -7.015532e-02 4.499897e-01 -7.771218e+00 -4.448767e-01 3.453944e-01 -8.263095e-01 4.357089e+01
-3.868757e-01 -8.672497e-01 -3.133770e-01 5.358186e+01 -2.064314e-01 -2.497621e-01 9.460470e-01 -7.821268e+00 -8.987287e-01 4.306934e-01 -8.240064e-02 4.328537e+01
-5.392140e-01 -1.502347e-01 -8.286602e-01 5.402871e+01 -7.508660e-01 -3.598252e-01 5.538286e-01 -7.866639e+00 -3.813771e-01 9.208449e-01 8.121669e-02 4.358018e+01
-4.471074e-01 -7.509361e-01 -4.859938e-01 5.467283e+01 -2.821619e-01 -3.971793e-01 8.732888e-01 -7.916483e+00 -8.488107e-01 5.275828e-01 -3.430374e-02 4.360000e+01
-3.445353e-01 -2.755704e-01 -8.974165e-01 5.522124e+01 -7.953881e-01 -4.220842e-01 4.349744e-01 -7.957753e+00 -4.986514e-01 8.636584e-01 -7.376245e-02 4.349206e+01
-2.708842e-01 -7.965581e-01 -5.404785e-01 5.566167e+01 -3.794956e-01 -4.276269e-01 8.204379e-01 -7.992514e+00 -8.846496e-01 4.273528e-01 -1.864529e-01 4.337403e+01
5.981105e-02 -3.675220e-01 -9.280896e-01 5.619219e+01 -8.912362e-01 -4.384083e-01 1.161730e-01 -8.037163e+00 -4.495783e-01 8.201986e-01 -3.537706e-01 4.339599e+01
2.310382e-01 -8.764552e-01 -4.224306e-01 5.686627e+01 -6.139434e-01 -4.681523e-01 6.355367e-01 -8.091730e+00 -7.547813e-01 1.125152e-01 -6.462550e-01 4.346472e+01
4.250415e-01 -5.731115e-01 -7.006304e-01 5.743211e+01 -8.597089e-01 -4.978246e-01 -1.143298e-01 -8.140409e+00 -2.832674e-01 6.509331e-01 -7.043052e-01 4.355011e+01
5.021238e-01 -8.345834e-01 -2.265884e-01 5.795689e+01 -6.775111e-01 -5.424729e-01 4.966909e-01 -8.187242e+00 -5.374480e-01 -9.588422e-02 -8.378280e-01 4.366093e+01
5.967616e-01 -6.408257e-01 -4.829265e-01 5.843962e+01 -7.955720e-01 -5.509700e-01 -2.519867e-01 -8.232189e+00 -1.045984e-01 5.345788e-01 -8.386207e-01 4.378960e+01
6.225566e-01 -7.808486e-01 -5.194864e-02 5.893176e+01 -6.917742e-01 -5.801449e-01 4.299770e-01 -8.273725e+00 -3.658847e-01 -2.317483e-01 -9.013440e-01 4.376551e+01
6.454472e-01 -6.920157e-01 -3.232834e-01 5.923512e+01 -7.637704e-01 -5.887807e-01 -2.645603e-01 -8.298724e+00 -7.263105e-03 4.176740e-01 -9.085679e-01 4.344450e+01
6.612803e-01 -7.401869e-01 -1.217858e-01 5.951589e+01 -6.149729e-01 -6.279007e-01 4.770211e-01 -8.326754e+00 -4.295541e-01 -2.405497e-01 -8.704132e-01 4.338770e+01
6.618418e-01 -5.580321e-01 -5.005652e-01 5.988392e+01 -7.255218e-01 -6.448455e-01 -2.404006e-01 -8.362925e+00 -1.886360e-01 5.222782e-01 -8.316502e-01 4.350969e+01
6.932602e-01 -6.883135e-01 -2.135765e-01 6.035388e+01 -5.378021e-01 -6.913716e-01 4.824669e-01 -8.402519e+00 -4.797492e-01 -2.196132e-01 -8.494768e-01 4.355043e+01
7.221952e-01 -4.871022e-01 -4.910860e-01 6.087810e+01 -6.562378e-01 -7.068993e-01 -2.639040e-01 -8.444642e+00 -2.186001e-01 5.128594e-01 -8.301742e-01 4.357975e+01
7.525693e-01 -6.082440e-01 -2.523465e-01 6.152009e+01 -4.534818e-01 -7.565536e-01 4.711486e-01 -8.493678e+00 -4.774869e-01 -2.401375e-01 -8.451865e-01 4.360888e+01
7.689257e-01 -3.836095e-01 -5.114656e-01 6.223297e+01 -5.697189e-01 -7.741549e-01 -2.758706e-01 -8.546341e+00 -2.901270e-01 5.035156e-01 -8.138171e-01 4.362838e+01
7.958147e-01 -5.107772e-01 -3.252471e-01 6.300536e+01 -3.382200e-01 -8.204628e-01 4.609208e-01 -8.601800e+00 -5.022810e-01 -2.568025e-01 -8.256914e-01 4.362721e+01
8.534213e-01 -2.782148e-01 -4.407591e-01 6.369870e+01 -4.412265e-01 -8.357911e-01 -3.267605e-01 -8.653045e+00 -2.774728e-01 4.733390e-01 -8.360377e-01 4.360568e+01
8.991756e-01 -4.336290e-01 5.872961e-02 6.438221e+01 -4.276553e-01 -8.423814e-01 3.278788e-01 -8.706745e+00 -9.270505e-02 -3.199367e-01 -9.428925e-01 4.361032e+01
8.383681e-01 -4.329654e-01 3.311795e-01 6.516508e+01 -2.397674e-01 -8.385230e-01 -4.892757e-01 -8.766870e+00 4.895411e-01 3.307871e-01 -8.068020e-01 4.363896e+01
5.456167e-01 -2.349084e-01 8.044380e-01 6.590690e+01 -5.299501e-01 -8.403239e-01 1.140554e-01 -8.822677e+00 6.491958e-01 -4.885425e-01 -5.829845e-01 4.360177e+01
4.632289e-01 -5.217221e-01 7.163972e-01 6.659436e+01 -1.467589e-01 -8.423547e-01 -5.185560e-01 -8.868215e+00 8.740027e-01 1.350725e-01 -4.667704e-01 4.337322e+01
4.964823e-01 -1.212107e-01 8.595425e-01 6.720536e+01 -4.939182e-01 -8.537283e-01 1.649025e-01 -8.905674e+00 7.138278e-01 -5.064148e-01 -4.837292e-01 4.293301e+01
4.098234e-01 -4.797937e-01 7.757853e-01 6.778461e+01 -5.814566e-02 -8.624994e-01 -5.027065e-01 -8.943658e+00 9.103098e-01 1.609123e-01 -3.813703e-01 4.264549e+01
4.120635e-01 -7.565865e-02 9.080085e-01 6.845752e+01 -4.365789e-01 -8.910971e-01 1.238744e-01 -8.990214e+00 7.997515e-01 -4.474615e-01 -4.002195e-01 4.256126e+01
4.993396e-01 -4.495071e-01 7.406776e-01 6.908597e+01 -6.284416e-02 -8.714241e-01 -4.864880e-01 -9.036314e+00 8.641241e-01 1.963755e-01 -4.633855e-01 4.253664e+01
4.893037e-01 -8.972835e-02 8.674853e-01 6.974661e+01 -4.078711e-01 -9.027507e-01 1.366830e-01 -9.086632e+00 7.708586e-01 -4.207017e-01 -4.783169e-01 4.256351e+01
3.932461e-01 -4.166377e-01 8.196161e-01 7.037236e+01 -4.253350e-04 -8.915186e-01 -4.529840e-01 -9.133935e+00 9.194331e-01 1.777856e-01 -3.507634e-01 4.253511e+01
1.975197e-01 -3.384154e-02 9.797146e-01 7.084276e+01 -4.219716e-01 -9.050106e-01 5.381235e-02 -9.177867e+00 8.848310e-01 -4.240408e-01 -1.930376e-01 4.265785e+01
3.727924e-02 -4.966550e-01 8.671471e-01 7.125240e+01 9.086892e-02 -8.624705e-01 -4.978830e-01 -9.231193e+00 9.951649e-01 9.735742e-02 1.297825e-02 4.311684e+01
-1.158812e-01 -1.458452e-02 9.931560e-01 7.168476e+01 -4.576018e-01 -8.866735e-01 -6.641368e-02 -9.285033e+00 8.815737e-01 -4.621660e-01 9.607488e-02 4.357040e+01
-1.948499e-01 -4.973395e-01 8.453916e-01 7.221065e+01 6.088805e-02 -8.663827e-01 -4.956547e-01 -9.329089e+00 9.789413e-01 -4.510402e-02 1.990966e-01 4.358596e+01
-2.855895e-01 6.462416e-02 9.561707e-01 7.275029e+01 -4.748340e-01 -8.761901e-01 -8.260509e-02 -9.364995e+00 8.324490e-01 -4.776134e-01 2.809165e-01 4.325817e+01
-3.787760e-01 -4.539863e-01 8.064895e-01 7.323136e+01 1.296718e-01 -8.888577e-01 -4.394510e-01 -9.397622e+00 9.163591e-01 -6.187453e-02 3.955471e-01 4.287324e+01
-6.080929e-01 1.318236e-01 7.828445e-01 7.385253e+01 -4.129465e-01 -8.947293e-01 -1.701019e-01 -9.441743e+00 6.780105e-01 -4.267107e-01 5.985146e-01 4.268102e+01
-7.651388e-01 -3.854884e-01 5.157144e-01 7.455419e+01 2.303958e-01 -9.118524e-01 -3.397690e-01 -9.485314e+00 6.012324e-01 -1.411520e-01 7.865085e-01 4.217830e+01
-8.859442e-01 2.500309e-01 3.906243e-01 7.534221e+01 -3.380826e-01 -9.247254e-01 -1.748801e-01 -9.532309e+00 3.174948e-01 -2.869973e-01 9.037863e-01 4.162931e+01
-8.557636e-01 -3.869405e-01 3.434323e-01 7.611284e+01 2.837510e-01 -9.060890e-01 -3.138283e-01 -9.580445e+00 4.326131e-01 -1.711135e-01 8.851927e-01 4.138820e+01
-8.641985e-01 2.344142e-01 4.452088e-01 7.668729e+01 -3.475614e-01 -9.179267e-01 -1.913416e-01 -9.619562e+00 3.638158e-01 -3.200945e-01 8.747443e-01 4.123539e+01
-8.864437e-01 -3.869254e-01 2.539807e-01 7.734196e+01 3.017351e-01 -8.992200e-01 -3.167953e-01 -9.666579e+00 3.509607e-01 -2.041863e-01 9.138570e-01 4.115050e+01
-9.469209e-01 2.830203e-01 1.524479e-01 7.806495e+01 -3.171034e-01 -9.002254e-01 -2.983952e-01 -9.717587e+00 5.278559e-02 -3.308984e-01 9.421889e-01 4.104513e+01
-8.841192e-01 -2.503868e-01 -3.945120e-01 7.845769e+01 3.283552e-01 -9.336186e-01 -1.433148e-01 -9.753291e+00 -3.324397e-01 -2.562474e-01 9.076459e-01 4.099797e+01
-4.026520e-01 3.716284e-01 -8.365188e-01 7.889931e+01 -1.969210e-01 -9.276457e-01 -3.173256e-01 -9.788089e+00 -8.939203e-01 3.695633e-02 4.466999e-01 4.075197e+01
6.072741e-01 -3.611031e-01 -7.076883e-01 7.906569e+01 -1.666031e-01 -9.288170e-01 3.309720e-01 -9.822900e+00 -7.768279e-01 -8.308766e-02 -6.242074e-01 4.079432e+01
6.481164e-01 -5.107921e-01 5.648332e-01 7.869690e+01 -2.751606e-01 -8.486608e-01 -4.517317e-01 -9.836215e+00 7.100928e-01 1.373549e-01 -6.905808e-01 4.090328e+01
-6.963829e-01 -5.464483e-02 7.155870e-01 7.783984e+01 -5.214981e-01 -6.464792e-01 -5.568702e-01 -9.821787e+00 4.930422e-01 -7.609721e-01 4.216999e-01 4.103596e+01
-9.582104e-01 -2.838397e-01 -3.560554e-02 7.734550e+01 2.505959e-01 -7.728481e-01 -5.830159e-01 -9.813397e+00 1.379654e-01 -5.675745e-01 8.116802e-01 4.105527e+01
-9.715707e-01 2.300317e-01 5.599784e-02 7.776770e+01 -2.181926e-01 -7.782132e-01 -5.888770e-01 -9.845376e+00 -9.188213e-02 -5.843540e-01 8.062804e-01 4.085581e+01
-9.409046e-01 -2.364378e-01 -2.424782e-01 7.832775e+01 3.323029e-01 -7.827194e-01 -5.262367e-01 -9.883852e+00 -6.537014e-02 -5.757148e-01 8.150333e-01 4.056958e+01
-9.494399e-01 3.095804e-01 -5.219115e-02 7.883598e+01 -2.308010e-01 -8.009672e-01 -5.524332e-01 -9.916136e+00 -2.128259e-01 -5.124563e-01 8.319217e-01 4.014123e+01
-9.363567e-01 -2.635031e-01 -2.319531e-01 7.933492e+01 3.489885e-01 -7.702166e-01 -5.338290e-01 -9.954763e+00 -3.798856e-02 -5.808033e-01 8.131570e-01 4.008842e+01
-8.893514e-01 3.479261e-01 -2.966504e-01 7.995144e+01 -8.224059e-02 -7.599529e-01 -6.447543e-01 -1.000255e+01 -4.497672e-01 -5.490164e-01 7.044788e-01 4.010033e+01
-7.855876e-01 -8.947090e-02 -6.122475e-01 8.064799e+01 4.668825e-01 -7.350517e-01 -4.916499e-01 -1.005334e+01 -4.060452e-01 -6.720818e-01 6.192200e-01 4.005690e+01
-8.429248e-01 4.289690e-01 -3.247513e-01 8.146578e+01 -9.255190e-02 -7.102015e-01 -6.978882e-01 -1.010540e+01 -5.300113e-01 -5.582109e-01 6.383483e-01 3.991446e+01
-9.048636e-01 -1.454945e-01 -4.000665e-01 8.228854e+01 3.897275e-01 -6.612288e-01 -6.410062e-01 -1.015267e+01 -1.712726e-01 -7.359401e-01 6.550251e-01 3.957830e+01
-9.275167e-01 3.469886e-01 -1.389662e-01 8.325034e+01 -1.363174e-01 -6.601947e-01 -7.386207e-01 -1.020658e+01 -3.480377e-01 -6.661395e-01 6.596423e-01 3.920816e+01
-8.853416e-01 -1.625619e-01 -4.355960e-01 8.409999e+01 4.349160e-01 -6.207807e-01 -6.522878e-01 -1.026261e+01 -1.643724e-01 -7.669452e-01 6.203038e-01 3.908300e+01
-9.205079e-01 3.820971e-01 -8.165142e-02 8.490798e+01 -1.822870e-01 -6.048072e-01 -7.752288e-01 -1.031277e+01 -3.455961e-01 -6.987202e-01 6.263812e-01 3.888469e+01
-9.280460e-01 -2.190308e-01 -3.012577e-01 8.555725e+01 3.723602e-01 -5.648328e-01 -7.364182e-01 -1.035503e+01 -8.861915e-03 -7.956063e-01 6.057492e-01 3.871621e+01
-9.366311e-01 3.497471e-01 1.997709e-02 8.651014e+01 -2.281491e-01 -5.657280e-01 -7.924013e-01 -1.040801e+01 -2.658384e-01 -7.467455e-01 6.096730e-01 3.824639e+01
-9.766241e-01 -2.131482e-01 2.780616e-02 8.742692e+01 1.064465e-01 -5.919496e-01 -7.989148e-01 -1.044951e+01 1.867471e-01 -7.772796e-01 6.008011e-01 3.733718e+01
-6.380148e-01 8.773579e-02 7.650095e-01 8.856605e+01 -6.411684e-01 -6.107079e-01 -4.646922e-01 -1.049377e+01 4.264272e-01 -7.869805e-01 4.458941e-01 3.609769e+01
-3.790625e-01 -6.495193e-01 6.591178e-01 9.001433e+01 -2.275333e-01 -6.249860e-01 -7.467403e-01 -1.055794e+01 8.969617e-01 -4.330325e-01 8.912152e-02 3.503587e+01
-1.889187e-01 -2.472369e-01 9.503597e-01 9.134071e+01 -6.751798e-01 -6.700327e-01 -3.085262e-01 -1.062545e+01 7.130512e-01 -6.999501e-01 -4.034762e-02 3.443217e+01
-5.031138e-01 -6.849258e-01 5.270229e-01 9.275235e+01 1.476394e-01 -6.689784e-01 -7.284714e-01 -1.071625e+01 8.515158e-01 -2.886946e-01 4.376943e-01 3.431218e+01
-9.748320e-01 2.175544e-01 -4.870934e-02 9.568108e+01 -1.217871e-01 -7.026664e-01 -7.010192e-01 -1.087544e+01 -1.867362e-01 -6.774438e-01 7.114770e-01 3.349878e+01
-3.231274e-01 -2.392338e-01 -9.156177e-01 9.952757e+01 6.553325e-01 -7.545696e-01 -3.411617e-02 -1.107311e+01 -6.827356e-01 -6.110580e-01 4.005998e-01 3.204836e+01
3.551708e-01 5.520838e-01 -7.543588e-01 1.023359e+02 2.978508e-01 -8.317484e-01 -4.684864e-01 -1.122228e+01 -8.860805e-01 -5.829370e-02 -4.598514e-01 3.096740e+01
6.584583e-01 2.170729e-01 -7.206331e-01 1.042841e+02 5.298360e-01 -8.137253e-01 2.390082e-01 -1.131681e+01 -5.345152e-01 -5.391943e-01 -6.508172e-01 2.970346e+01
8.558305e-01 4.698786e-01 -2.162599e-01 1.063125e+02 4.119745e-01 -8.720164e-01 -2.643186e-01 -1.141753e+01 -3.127798e-01 1.371184e-01 -9.398762e-01 2.848475e+01
9.063769e-01 4.208764e-01 -3.665931e-02 1.081321e+02 4.090422e-01 -8.525550e-01 3.253222e-01 -1.151150e+01 1.056664e-01 -3.098597e-01 -9.448924e-01 2.770490e+01
8.677181e-01 4.377874e-01 2.353881e-01 1.098704e+02 4.839548e-01 -8.521193e-01 -1.991994e-01 -1.160106e+01 1.133717e-01 2.867661e-01 -9.512686e-01 2.694616e+01
8.231313e-01 5.672830e-01 -2.539450e-02 1.111663e+02 5.637370e-01 -8.109767e-01 1.565802e-01 -1.167666e+01 6.823096e-02 -1.432019e-01 -9.873387e-01 2.666396e+01
7.919669e-01 5.927798e-01 1.462892e-01 1.120473e+02 6.080665e-01 -7.874029e-01 -1.012512e-01 -1.173295e+01 5.516883e-02 1.691411e-01 -9.840466e-01 2.646150e+01
7.297048e-01 6.434545e-01 2.312947e-01 1.132554e+02 6.060399e-01 -7.652690e-01 2.169770e-01 -1.181791e+01 3.166175e-01 -1.815535e-02 -9.483795e-01 2.657494e+01
4.790059e-01 6.150980e-01 6.262650e-01 1.147960e+02 6.472286e-01 -7.294387e-01 2.213919e-01 -1.192958e+01 5.929996e-01 2.992886e-01 -7.475144e-01 2.675150e+01
