1.000000e+00 1.197625e-11 1.704638e-10 5.551115e-17 1.197625e-11 1.000000e+00 3.562503e-10 0.000000e+00 1.704638e-10 3.562503e-10 1.000000e+00 2.220446e-16 0.000000e+00 0.000000e+00 0.000000e+00 1.000000e+00
8.164365e-01 1.625342e-01 -5.540886e-01 4.407713e-01 -9.038239e-02 9.837111e-01 1.553817e-01 -3.597518e-02 5.703179e-01 -7.677943e-02 8.178279e-01 3.722280e-02
8.746266e-01 -7.455552e-02 4.790301e-01 8.805356e-01 9.460028e-02 9.953560e-01 -1.780814e-02 -7.409155e-02 -4.754778e-01 6.089185e-02 8.776178e-01 1.219264e-01
6.776185e-01 2.240796e-01 -7.004438e-01 1.146056e+00 -1.130842e-01 9.728698e-01 2.018325e-01 -1.087134e-01 7.266671e-01 -5.755633e-02 6.845745e-01 4.358023e-01
8.783190e-01 -1.388174e-01 4.574773e-01 1.273683e+00 1.422615e-01 9.894577e-01 2.711183e-02 -1.449063e-01 -4.564181e-01 4.126856e-02 8.888079e-01 1.036480e+00
6.698972e-01 3.196866e-01 -6.701031e-01 1.379584e+00 -1.722926e-01 9.448500e-01 2.785207e-01 -1.927236e-01 7.221863e-01 -7.112645e-02 6.880320e-01 2.039177e+00
9.457992e-01 -1.811012e-01 2.695666e-01 1.561746e+00 1.878261e-01 9.822019e-01 8.615920e-04 -2.426945e-01 -2.649249e-01 4.981674e-02 9.629814e-01 2.987246e+00
6.102623e-01 3.791295e-01 -6.955866e-01 1.683445e+00 -1.819904e-01 9.216554e-01 3.426818e-01 -2.838738e-01 7.710119e-01 -8.253573e-02 6.314495e-01 3.729816e+00
9.828217e-01 -1.581294e-01 9.516655e-02 1.712413e+00 1.652858e-01 9.835647e-01 -7.267178e-02 -3.260139e-01 -8.211091e-02 8.715307e-02 9.928052e-01 4.730773e+00
7.329510e-01 3.366820e-01 -5.911244e-01 1.828620e+00 -1.372645e-01 9.242624e-01 3.562268e-01 -3.627526e-01 6.662892e-01 -1.799564e-01 7.236536e-01 5.385032e+00
9.726658e-01 -1.248240e-01 1.958068e-01 2.025597e+00 1.511521e-01 9.804720e-01 -1.258079e-01 -4.073860e-01 -1.762792e-01 1.519657e-01 9.725390e-01 6.118962e+00
8.221556e-01 3.311450e-01 -4.630369e-01 2.202431e+00 -1.286880e-01 9.004558e-01 4.154742e-01 -4.660602e-01 5.545264e-01 -2.819971e-01 7.829292e-01 7.252223e+00
7.701265e-01 -1.722480e-01 6.141953e-01 2.556284e+00 3.120759e-01 9.414942e-01 -1.272682e-01 -5.244494e-01 -5.563396e-01 2.896881e-01 7.788241e-01 7.986352e+00
8.004023e-01 3.932109e-01 -4.524836e-01 2.852419e+00 -2.314412e-01 8.989879e-01 3.718275e-01 -5.697320e-01 5.529839e-01 -1.928882e-01 8.105572e-01 8.465609e+00
8.259503e-01 -2.375531e-01 5.112481e-01 3.142992e+00 3.456123e-01 9.298384e-01 -1.263039e-01 -6.080044e-01 -4.453742e-01 2.810144e-01 8.501016e-01 8.740414e+00
8.834008e-01 3.833733e-01 -2.694959e-01 3.763014e+00 -3.131195e-01 9.107593e-01 2.692093e-01 -6.572730e-01 3.486535e-01 -1.534352e-01 9.246071e-01 8.769244e+00
8.682568e-01 -3.007861e-01 3.945351e-01 4.386853e+00 3.609118e-01 9.285968e-01 -8.631712e-02 -7.050495e-01 -3.404010e-01 2.173378e-01 9.148177e-01 8.741384e+00
9.341417e-01 3.548519e-01 3.820276e-02 4.872602e+00 -3.568913e-01 9.279018e-01 1.078282e-01 -7.521455e-01 2.814652e-03 -1.143611e-01 9.934353e-01 8.894322e+00
8.585234e-01 -3.622515e-01 3.629207e-01 5.398735e+00 3.673592e-01 9.282962e-01 5.756147e-02 -8.011382e-01 -3.577496e-01 8.390440e-02 9.300405e-01 9.027338e+00
9.248143e-01 3.733792e-01 7.284557e-02 5.985687e+00 -3.690170e-01 9.270252e-01 -6.671324e-02 -8.537159e-01 -9.243902e-02 3.481610e-02 9.951095e-01 9.162466e+00
7.773830e-01 -3.750564e-01 5.049835e-01 6.776568e+00 2.641653e-01 9.232323e-01 2.790319e-01 -9.216806e-01 -5.708698e-01 -8.351555e-02 8.167820e-01 9.342852e+00
9.468359e-01 2.989028e-01 -1.189915e-01 7.547327e+00 -3.187282e-01 9.218184e-01 -2.205973e-01 -9.870922e-01 4.375143e-02 2.467954e-01 9.680795e-01 9.516563e+00
9.443582e-01 -2.651428e-01 1.946457e-01 8.312349e+00 1.796996e-01 9.115479e-01 3.698493e-01 -1.050815e+00 -2.754917e-01 -3.142924e-01 9.084738e-01 9.709496e+00
8.011979e-01 3.171624e-01 -5.074346e-01 8.940758e+00 -4.240473e-01 8.992392e-01 -1.074837e-01 -1.099610e+00 4.222153e-01 3.012920e-01 8.549604e-01 9.769270e+00
9.196417e-01 -3.027547e-01 -2.501973e-01 9.494542e+00 3.552017e-01 9.129524e-01 2.008724e-01 -1.141813e+00 1.676032e-01 -2.736012e-01 9.471281e-01 9.785052e+00
8.280650e-01 4.870645e-01 -2.776266e-01 1.007214e+01 -4.846233e-01 8.708403e-01 8.232571e-02 -1.185539e+00 2.818664e-01 6.637328e-02 9.571551e-01 9.816178e+00
9.034829e-01 -3.593157e-01 -2.336898e-01 1.072497e+01 3.627936e-01 9.314030e-01 -2.948319e-02 -1.233061e+00 2.282532e-01 -5.814362e-02 9.718641e-01 9.836037e+00
8.891354e-01 4.304699e-01 1.553511e-01 1.137841e+01 -4.452844e-01 8.921116e-01 7.654245e-02 -1.281330e+00 -1.056413e-01 -1.372320e-01 9.848895e-01 9.828155e+00
8.583180e-01 -3.461151e-01 -3.788067e-01 1.188206e+01 3.110552e-01 9.381030e-01 -1.523399e-01 -1.319784e+00 4.080869e-01 1.292625e-02 9.128516e-01 9.806013e+00
7.903419e-01 4.477113e-01 -4.182276e-01 1.214805e+01 -2.331622e-01 8.510666e-01 4.704478e-01 -1.341988e+00 5.665643e-01 -2.742997e-01 7.770229e-01 9.721592e+00
8.716257e-01 -8.803636e-02 -4.822015e-01 1.235445e+01 -9.142798e-02 9.372759e-01 -3.363850e-01 -1.361377e+00 4.815699e-01 3.372885e-01 8.089047e-01 9.658637e+00
8.675999e-01 6.097528e-02 -4.935103e-01 1.255603e+01 1.853027e-01 8.813264e-01 4.346571e-01 -1.381507e+00 4.614469e-01 -4.685572e-01 7.533398e-01 9.626655e+00
8.751914e-01 3.186538e-01 -3.640052e-01 1.274555e+01 -3.969596e-01 9.030930e-01 -1.638481e-01 -1.402396e+00 2.765197e-01 2.878938e-01 9.168719e-01 9.669670e+00
7.352004e-01 -2.215850e-01 -6.406094e-01 1.301272e+01 3.532170e-01 9.318480e-01 8.304868e-02 -1.427314e+00 5.785483e-01 -2.873315e-01 7.633626e-01 9.707635e+00
8.600466e-01 4.641390e-01 -2.118840e-01 1.319885e+01 -4.230596e-01 8.808674e-01 2.123517e-01 -1.449550e+00 2.852024e-01 -9.299275e-02 9.539455e-01 9.807133e+00
7.506352e-01 -2.591045e-01 -6.077925e-01 1.337904e+01 1.266437e-01 9.592650e-01 -2.525314e-01 -1.471088e+00 6.484661e-01 1.125859e-01 7.528719e-01 9.895014e+00
9.537782e-01 2.348817e-01 -1.874507e-01 1.355105e+01 -1.270258e-01 8.804191e-01 4.568661e-01 -1.493001e+00 2.723446e-01 -4.119379e-01 8.695606e-01 1.000336e+01
8.836367e-01 2.782121e-02 -4.673458e-01 1.378513e+01 -1.862359e-01 9.367420e-01 -2.963622e-01 -1.520132e+00 4.295373e-01 3.489131e-01 8.329210e-01 1.016792e+01
9.464121e-01 -6.509104e-02 -3.163340e-01 1.394105e+01 1.937824e-01 8.980205e-01 3.949780e-01 -1.544014e+00 2.583649e-01 -4.351119e-01 8.625110e-01 1.037391e+01
9.287526e-01 3.030479e-01 -2.134959e-01 1.419557e+01 -3.466313e-01 9.141013e-01 -2.103938e-01 -1.574868e+00 1.313975e-01 2.694082e-01 9.540199e-01 1.058278e+01
9.510925e-01 -2.475222e-01 -1.848128e-01 1.458316e+01 2.921632e-01 9.150841e-01 2.779601e-01 -1.613899e+00 1.003179e-01 -3.183613e-01 9.426465e-01 1.080027e+01
8.825936e-01 4.071530e-01 -2.350636e-01 1.499010e+01 -4.342144e-01 8.976355e-01 -7.555374e-02 -1.651740e+00 1.802395e-01 1.687513e-01 9.690391e-01 1.096505e+01
9.026976e-01 -3.155638e-01 -2.925006e-01 1.535530e+01 3.583375e-01 9.276603e-01 1.050744e-01 -1.689326e+00 2.381835e-01 -1.996643e-01 9.504750e-01 1.118876e+01
8.955461e-01 4.379361e-01 -7.879795e-02 1.564604e+01 -4.345745e-01 8.988557e-01 5.659924e-02 -1.722931e+00 9.561484e-02 -1.644365e-02 9.952826e-01 1.143404e+01
8.987718e-01 -3.289536e-01 -2.898255e-01 1.600312e+01 3.258253e-01 9.434947e-01 -6.046218e-02 -1.758896e+00 2.933381e-01 -4.009077e-02 9.551678e-01 1.160538e+01
8.773375e-01 3.588701e-01 3.185768e-01 1.651376e+01 -3.903881e-01 9.198267e-01 3.893492e-02 -1.804333e+00 -2.790628e-01 -1.585276e-01 9.470971e-01 1.174154e+01
8.016325e-01 -2.753111e-01 -5.306497e-01 1.688647e+01 2.352763e-01 9.613036e-01 -1.433194e-01 -1.839368e+00 5.495729e-01 -9.959799e-03 8.353864e-01 1.183512e+01
7.319174e-01 1.761426e-01 6.582331e-01 1.636629e+01 -1.911034e-01 9.803041e-01 -4.983258e-02 -1.833959e+00 -6.540462e-01 -8.931724e-02 7.511631e-01 1.211929e+01
7.643456e-01 -2.958247e-01 -5.729429e-01 1.588888e+01 2.788435e-01 9.528141e-01 -1.199651e-01 -1.827028e+00 5.813967e-01 -6.806657e-02 8.107681e-01 1.237991e+01
9.223007e-01 3.355540e-01 1.917417e-01 1.625617e+01 -3.721124e-01 9.050175e-01 2.060963e-01 -1.857769e+00 -1.043732e-01 -2.614322e-01 9.595621e-01 1.240605e+01
8.319870e-01 -2.386651e-01 -5.008359e-01 1.667948e+01 1.215794e-01 9.592304e-01 -2.551381e-01 -1.892065e+00 5.413096e-01 1.513802e-01 8.270840e-01 1.243435e+01
9.372775e-01 1.645011e-01 3.073276e-01 1.706933e+01 -2.622155e-01 9.136376e-01 3.106597e-01 -1.926285e+00 -2.296822e-01 -3.717604e-01 8.994667e-01 1.249832e+01
8.461740e-01 -1.503346e-01 -5.112622e-01 1.740086e+01 -1.760515e-02 9.509744e-01 -3.087680e-01 -1.957643e+00 5.326158e-01 2.702723e-01 8.020432e-01 1.258882e+01
9.788326e-01 3.460455e-02 2.017159e-01 1.770389e+01 -1.168546e-01 9.036514e-01 4.120184e-01 -1.987975e+00 -1.680231e-01 -4.268685e-01 8.885671e-01 1.268836e+01
8.259425e-01 1.195671e-02 -5.636276e-01 1.796288e+01 -2.126111e-01 9.325567e-01 -2.917782e-01 -2.014832e+00 5.221260e-01 3.608255e-01 7.727803e-01 1.275452e+01
9.875285e-01 -1.489127e-01 5.111139e-02 1.817996e+01 1.135938e-01 8.986997e-01 4.235980e-01 -2.038794e+00 -1.090129e-01 -4.125092e-01 9.044072e-01 1.282334e+01
8.010078e-01 2.410156e-01 -5.479946e-01 1.827942e+01 -3.919430e-01 9.030497e-01 -1.757324e-01 -2.059793e+00 4.525121e-01 3.555456e-01 8.178142e-01 1.298652e+01
9.449364e-01 -3.196284e-01 -7.023425e-02 1.840494e+01 3.248050e-01 8.898041e-01 3.205470e-01 -2.085078e+00 -3.996120e-02 -3.257090e-01 9.446252e-01 1.327840e+01
8.438460e-01 4.236457e-01 -3.293148e-01 1.841627e+01 -4.688414e-01 8.806222e-01 -6.849999e-02 -2.109187e+00 2.609822e-01 2.121999e-01 9.417322e-01 1.372226e+01
8.655080e-01 -4.801371e-01 1.427038e-01 1.824770e+01 4.334681e-01 8.607226e-01 2.669496e-01 -2.132754e+00 -2.510008e-01 -1.691895e-01 9.530863e-01 1.451257e+01
9.391084e-01 2.265903e-01 2.583260e-01 1.739596e+01 -1.077073e-01 9.079978e-01 -4.048939e-01 -2.123298e+00 -3.263045e-01 3.524156e-01 8.771138e-01 1.534406e+01
9.683358e-01 -2.459009e-01 4.311096e-02 1.698488e+01 2.066450e-01 8.863804e-01 4.142796e-01 -2.133971e+00 -1.400844e-01 -3.922531e-01 9.091281e-01 1.617278e+01
9.246257e-01 2.873293e-01 -2.500186e-01 1.717450e+01 -3.507151e-01 8.983051e-01 -2.646636e-01 -2.166305e+00 1.485473e-01 3.324001e-01 9.313667e-01 1.649923e+01
9.578781e-01 -2.867491e-01 1.563520e-02 1.753198e+01 2.586527e-01 8.851168e-01 3.868683e-01 -2.206416e+00 -1.247731e-01 -3.665286e-01 9.220024e-01 1.675902e+01
9.552128e-01 2.900564e-01 5.861489e-02 1.785074e+01 -2.590617e-01 9.154023e-01 -3.081002e-01 -2.255676e+00 -1.430227e-01 2.791164e-01 9.495465e-01 1.732896e+01
9.572038e-01 -1.881681e-01 -2.198945e-01 1.807176e+01 2.578604e-01 8.994794e-01 3.527673e-01 -2.292953e+00 1.314111e-01 -3.943723e-01 9.095063e-01 1.775106e+01
8.852570e-01 3.871588e-01 -2.577365e-01 1.851245e+01 -4.291429e-01 8.935841e-01 -1.316960e-01 -2.333817e+00 1.793219e-01 2.271906e-01 9.571980e-01 1.794664e+01
8.886056e-01 -2.870155e-01 -3.577739e-01 1.898599e+01 3.580822e-01 9.215492e-01 1.500807e-01 -2.375307e+00 2.866307e-01 -2.614750e-01 9.216689e-01 1.810329e+01
8.661238e-01 4.651621e-01 -1.829038e-01 1.930483e+01 -4.592877e-01 8.850373e-01 7.591901e-02 -2.406782e+00 1.971913e-01 1.825020e-02 9.801951e-01 1.822646e+01
9.193036e-01 -3.916310e-01 -3.880920e-02 1.983267e+01 3.922521e-01 9.198073e-01 9.629774e-03 -2.447990e+00 3.192567e-02 -2.407568e-02 9.992002e-01 1.823453e+01
8.449546e-01 4.990894e-01 -1.922536e-01 2.033754e+01 -4.611196e-01 8.619113e-01 2.108972e-01 -2.490021e+00 2.709621e-01 -8.954662e-02 9.584158e-01 1.831996e+01
7.587440e-01 -2.559443e-01 -5.989992e-01 2.048242e+01 1.848017e-01 9.663684e-01 -1.788305e-01 -2.534578e+00 6.246245e-01 2.499051e-02 7.805252e-01 1.920477e+01
7.140937e-01 4.556226e-01 -5.314869e-01 2.052710e+01 1.361380e-02 7.500308e-01 6.612628e-01 -2.610673e+00 6.999178e-01 -4.794392e-01 5.293895e-01 2.130962e+01
6.980301e-01 3.014734e-01 -6.495135e-01 2.056218e+01 -4.457984e-01 8.927916e-01 -6.470650e-02 -2.689582e+00 5.603730e-01 3.347192e-01 7.575917e-01 2.349163e+01
8.913629e-01 -3.002743e-01 -3.395695e-01 2.073070e+01 3.906233e-01 8.888894e-01 2.393515e-01 -2.746043e+00 2.299686e-01 -3.459928e-01 9.096172e-01 2.466617e+01
7.466421e-01 5.708303e-01 -3.415822e-01 2.083234e+01 -5.072281e-01 8.207458e-01 2.628612e-01 -2.801933e+00 4.304013e-01 -2.300312e-02 9.023445e-01 2.599018e+01
8.540232e-01 -3.636557e-01 -3.720202e-01 2.086204e+01 3.146521e-01 9.305452e-01 -1.872958e-01 -2.851197e+00 4.142928e-01 4.289806e-02 9.091321e-01 2.718621e+01
8.797830e-01 3.373235e-01 3.349547e-01 2.125270e+01 -4.295355e-01 8.659713e-01 2.561111e-01 -2.909923e+00 -2.036689e-01 -3.691971e-01 9.067593e-01 2.792890e+01
8.063754e-01 -2.953599e-01 -5.123683e-01 2.145858e+01 1.406451e-01 9.372770e-01 -3.189527e-01 -2.948610e+00 5.744369e-01 1.851335e-01 7.973380e-01 2.842348e+01
8.538040e-01 1.054526e-01 5.098024e-01 2.158756e+01 -3.192122e-01 8.796224e-01 3.526585e-01 -2.991976e+00 -4.112448e-01 -4.638364e-01 7.846869e-01 2.916690e+01
8.833321e-01 -2.468791e-01 -3.984659e-01 2.174899e+01 1.095776e-01 9.352675e-01 -3.365522e-01 -3.039105e+00 4.557599e-01 2.536244e-01 8.532043e-01 2.998493e+01
8.296612e-01 9.903499e-02 5.494128e-01 2.207449e+01 -3.037577e-01 9.057894e-01 2.954265e-01 -3.079276e+00 -4.683947e-01 -4.119923e-01 7.815809e-01 3.029204e+01
7.522873e-01 -1.895742e-01 -6.309719e-01 2.242856e+01 -3.060957e-02 9.466170e-01 -3.209039e-01 -3.119378e+00 6.581238e-01 2.607257e-01 7.063251e-01 3.058372e+01
9.350031e-01 -3.546529e-03 3.546218e-01 2.263433e+01 -1.600214e-01 8.881477e-01 4.307978e-01 -3.151566e+00 -3.164844e-01 -4.595444e-01 8.298533e-01 3.088697e+01
8.094538e-01 -1.710673e-02 -5.869344e-01 2.281896e+01 -2.029158e-01 9.298435e-01 -3.069466e-01 -3.187542e+00 5.510080e-01 3.675573e-01 7.491941e-01 3.133682e+01
9.101731e-01 -1.890934e-01 3.685494e-01 2.306236e+01 -1.820024e-02 8.706107e-01 4.916359e-01 -3.232283e+00 -4.138281e-01 -4.541814e-01 7.889648e-01 3.194914e+01
9.830907e-01 4.299492e-02 -1.780005e-01 2.349962e+01 -1.120502e-01 9.100666e-01 -3.990282e-01 -3.289000e+00 1.448361e-01 4.122259e-01 8.994956e-01 3.254029e+01
8.975713e-01 -1.039069e-01 4.284497e-01 2.404461e+01 -1.229097e-01 8.743217e-01 4.695261e-01 -3.346472e+00 -4.233898e-01 -4.740938e-01 7.719949e-01 3.294821e+01
9.943672e-01 -8.844326e-02 -5.840991e-02 2.478055e+01 5.422357e-02 8.980013e-01 -4.366387e-01 -3.411817e+00 9.106993e-02 4.310120e-01 8.977388e-01 3.321079e+01
9.292067e-01 6.907906e-02 3.630469e-01 2.546368e+01 -2.332422e-01 8.716236e-01 4.311269e-01 -3.470275e+00 -2.866584e-01 -4.852838e-01 8.260306e-01 3.336647e+01
9.808544e-01 -1.934624e-01 -2.229402e-02 2.608159e+01 1.686187e-01 9.009669e-01 -3.997829e-01 -3.526651e+00 9.742912e-02 3.883696e-01 9.163387e-01 3.359143e+01
9.082102e-01 1.799909e-01 3.778327e-01 2.661120e+01 -3.319549e-01 8.596071e-01 3.884349e-01 -3.583122e+00 -2.548730e-01 -4.782039e-01 8.404527e-01 3.398876e+01
8.925422e-01 -2.359624e-01 -3.843048e-01 2.694411e+01 7.064773e-02 9.148252e-01 -3.976226e-01 -3.624363e+00 4.453957e-01 3.277447e-01 8.331903e-01 3.435721e+01
9.911322e-01 1.318547e-01 1.646844e-02 2.715068e+01 -1.209138e-01 8.435334e-01 5.232889e-01 -3.655646e+00 5.510642e-02 -5.206398e-01 8.519962e-01 3.471305e+01
9.053979e-01 6.539138e-03 -4.245136e-01 2.742297e+01 -1.948976e-01 8.947048e-01 -4.018934e-01 -3.687092e+00 3.771863e-01 4.466102e-01 8.113383e-01 3.491930e+01
9.931438e-01 -1.113400e-01 -3.562088e-02 2.777434e+01 1.137579e-01 8.503293e-01 5.138086e-01 -3.720020e+00 -2.691797e-02 -5.143380e-01 8.571650e-01 3.503167e+01
6.608500e-01 2.840523e-01 -6.946881e-01 2.798502e+01 -5.094258e-01 8.494971e-01 -1.372593e-01 -3.742376e+00 5.511466e-01 4.445999e-01 7.060937e-01 3.510335e+01
8.727954e-01 -4.067756e-01 -2.697439e-01 2.816161e+01 4.649141e-01 8.611251e-01 2.057146e-01 -3.762307e+00 1.486035e-01 -3.049545e-01 9.407017e-01 3.514322e+01
6.354267e-01 6.159707e-01 -4.656318e-01 2.850179e+01 -5.596430e-01 7.828594e-01 2.719023e-01 -3.791930e+00 5.320081e-01 8.781364e-02 8.421735e-01 3.520518e+01
8.806835e-01 -4.691111e-01 -6.581240e-02 2.916995e+01 4.564161e-01 8.775035e-01 -1.472139e-01 -3.842034e+00 1.268103e-01 9.961097e-02 9.869128e-01 3.530789e+01
3.340335e-01 6.916116e-01 -6.403866e-01 2.965333e+01 -5.960329e-02 6.935505e-01 7.179382e-01 -3.891656e+00 9.406748e-01 -2.016463e-01 2.728914e-01 3.577703e+01
9.997072e-01 -1.842087e-02 -1.568871e-02 2.976124e+01 8.766798e-03 8.800910e-01 -4.747241e-01 -3.931897e+00 2.255233e-02 4.744476e-01 8.799948e-01 3.658370e+01
8.106704e-01 1.626539e-01 -5.624564e-01 2.988907e+01 2.099362e-01 8.160141e-01 5.385608e-01 -3.959975e+00 5.465714e-01 -5.546753e-01 6.273715e-01 3.696693e+01
9.559519e-01 2.924751e-01 2.478278e-02 3.035071e+01 -2.578247e-01 8.770456e-01 -4.053610e-01 -4.001167e+00 -1.402936e-01 3.811160e-01 9.138207e-01 3.716787e+01
6.141280e-01 1.260754e-02 -7.891057e-01 3.113019e+01 3.888777e-01 8.652284e-01 3.164710e-01 -4.079890e+00 6.867466e-01 -5.012194e-01 5.264582e-01 3.796677e+01
8.949348e-01 4.442342e-01 4.180435e-02 3.134791e+01 -4.461270e-01 8.925168e-01 6.621571e-02 -4.157015e+00 -7.895805e-03 -7.790879e-02 9.969292e-01 3.967868e+01
6.485116e-01 -2.294429e-01 -7.258021e-01 3.131597e+01 1.905243e-01 9.720677e-01 -1.370578e-01 -4.195937e+00 7.369757e-01 -4.939936e-02 6.741116e-01 4.067003e+01
9.590056e-01 2.699917e-01 -8.609782e-02 3.140467e+01 -2.037606e-01 8.680982e-01 4.526446e-01 -4.238870e+00 1.969516e-01 -4.165454e-01 8.875247e-01 4.164759e+01
3.257161e-01 2.184253e-01 -9.198910e-01 3.138776e+01 -3.515767e-01 9.311603e-01 9.661445e-02 -4.319272e+00 8.776690e-01 2.919433e-01 3.800871e-01 4.405413e+01
9.448780e-01 -3.253283e-01 -3.697335e-02 3.138681e+01 3.232166e-01 9.087331e-01 2.640743e-01 -4.378440e+00 -5.231194e-02 -2.614684e-01 9.637934e-01 4.563461e+01
7.168253e-01 4.732989e-01 -5.120055e-01 3.159454e+01 -4.859206e-01 8.657291e-01 1.199762e-01 -4.409716e+00 5.000427e-01 1.627921e-01 8.505622e-01 4.598030e+01
9.048478e-01 -4.210090e-01 -6.325997e-02 3.178271e+01 4.210072e-01 9.069491e-01 -1.401003e-02 -4.433406e+00 6.327192e-02 -1.395595e-02 9.978987e-01 4.613165e+01
7.537906e-01 5.404549e-01 -3.737757e-01 3.204200e+01 -4.286666e-01 8.355493e-01 3.436601e-01 -4.461026e+00 4.980408e-01 -9.882259e-02 8.615042e-01 4.626911e+01
9.328922e-01 -3.542859e-01 6.475751e-02 3.220826e+01 3.567764e-01 8.845049e-01 -3.006022e-01 -4.481708e+00 4.922078e-02 3.035334e-01 9.515486e-01 4.593116e+01
9.355650e-01 3.430902e-01 8.370956e-02 3.214440e+01 -3.522311e-01 8.893952e-01 2.913923e-01 -4.498951e+00 2.552296e-02 -3.021015e-01 9.529340e-01 4.609292e+01
9.202078e-01 -3.604041e-01 1.527298e-01 3.212468e+01 3.846774e-01 9.048160e-01 -1.825689e-01 -4.535919e+00 -7.239379e-02 2.267530e-01 9.712581e-01 4.688743e+01
3.968929e-01 5.723205e-01 -7.175829e-01 3.284130e+01 -5.364152e-02 7.949225e-01 6.043350e-01 -4.583166e+00 9.162961e-01 -2.013640e-01 3.461992e-01 4.662379e+01
9.589235e-01 -7.223390e-03 2.835727e-01 3.367976e+01 1.530982e-01 8.547537e-01 -4.959406e-01 -4.624761e+00 -2.388024e-01 5.189836e-01 8.207493e-01 4.584118e+01
8.372232e-01 2.579433e-01 -4.822059e-01 3.415342e+01 7.623877e-02 8.181054e-01 5.699923e-01 -4.659185e+00 5.415209e-01 -5.139736e-01 6.652716e-01 4.577418e+01
9.627824e-01 1.978541e-01 -1.841301e-01 3.458079e+01 -2.560690e-01 8.857242e-01 -3.871967e-01 -4.692638e+00 8.648003e-02 4.199361e-01 9.034240e-01 4.580699e+01
9.619206e-01 -1.185523e-01 -2.462807e-01 3.542081e+01 2.234900e-01 8.598741e-01 4.589867e-01 -4.751972e+00 1.573565e-01 -4.965500e-01 8.536258e-01 4.587317e+01
9.498999e-01 3.091737e-01 4.584623e-02 3.619043e+01 -2.678279e-01 8.807773e-01 -3.905119e-01 -4.810294e+00 -1.611163e-01 3.586683e-01 9.194556e-01 4.595976e+01
7.890329e-01 -1.036414e-01 -6.055456e-01 3.668454e+01 3.584610e-01 8.781552e-01 3.167793e-01 -4.857665e+00 4.989316e-01 -4.670138e-01 7.300448e-01 4.624449e+01
8.731182e-01 4.084952e-01 2.660756e-01 3.722174e+01 -3.380845e-01 9.005838e-01 -2.732172e-01 -4.907766e+00 -3.512314e-01 1.485949e-01 9.244220e-01 4.652551e+01
5.395187e-01 -1.912423e-01 -8.199671e-01 3.744197e+01 3.514195e-01 9.361294e-01 1.289052e-02 -4.932286e+00 7.651300e-01 -2.951071e-01 5.722655e-01 4.661809e+01
7.721343e-01 3.927986e-01 4.995177e-01 3.743058e+01 -3.467097e-01 9.191702e-01 -1.868648e-01 -4.940474e+00 -5.325420e-01 -2.890292e-02 8.459099e-01 4.621279e+01
4.752400e-01 -2.703081e-01 -8.373055e-01 3.760006e+01 2.832042e-01 9.479893e-01 -1.452985e-01 -4.960637e+00 8.330320e-01 -1.680768e-01 5.270748e-01 4.612125e+01
8.532692e-01 2.867505e-01 4.355523e-01 3.778958e+01 -3.798840e-01 9.139965e-01 1.424729e-01 -4.986891e+00 -3.572391e-01 -2.870271e-01 8.888170e-01 4.625116e+01
5.557729e-01 -2.975283e-01 -7.762689e-01 3.781929e+01 1.346071e-02 9.368610e-01 -3.494428e-01 -4.998621e+00 8.312252e-01 1.837617e-01 5.246869e-01 4.605681e+01
9.977893e-01 5.255608e-02 4.067416e-02 3.825818e+01 -6.566796e-02 8.737429e-01 4.819348e-01 -5.021279e+00 -1.021016e-02 -4.835403e-01 8.752625e-01 4.549413e+01
3.437623e-01 9.615410e-02 -9.341209e-01 3.880486e+01 -4.757393e-01 8.754738e-01 -8.495780e-02 -5.043544e+00 8.096293e-01 4.736033e-01 3.466992e-01 4.477602e+01
9.075947e-01 -4.082720e-01 -9.790710e-02 3.930344e+01 4.182936e-01 8.592622e-01 2.944469e-01 -5.076256e+00 -3.608656e-02 -3.081924e-01 9.506394e-01 4.462183e+01
5.015640e-01 6.172150e-01 -6.062005e-01 3.991783e+01 -5.704203e-01 7.627603e-01 3.046595e-01 -5.121814e+00 6.504261e-01 1.929828e-01 7.346451e-01 4.465560e+01
8.643683e-01 -5.026300e-01 1.518416e-02 4.062388e+01 5.010331e-01 8.582655e-01 -1.111133e-01 -5.172462e+00 4.281684e-02 1.036506e-01 9.936917e-01 4.469332e+01
3.176638e-01 6.715348e-01 -6.694256e-01 4.155543e+01 -7.836103e-02 7.221710e-01 6.872616e-01 -5.220770e+00 9.449599e-01 -1.658612e-01 2.820297e-01 4.405540e+01
9.962739e-01 -6.350639e-02 5.835392e-02 4.224503e+01 8.559958e-02 8.107470e-01 -5.791045e-01 -5.256905e+00 -1.053343e-02 5.819418e-01 8.131622e-01 4.347181e+01
4.102300e-01 2.825346e-01 -8.671134e-01 4.244328e+01 4.550167e-01 7.605939e-01 4.630947e-01 -5.273781e+00 7.903614e-01 -5.845264e-01 1.834605e-01 4.325801e+01
8.504072e-01 5.211892e-01 -7.189915e-02 4.261145e+01 -5.213130e-01 8.162830e-01 -2.488270e-01 -5.291277e+00 -7.099587e-02 2.490862e-01 9.658756e-01 4.321226e+01
4.671945e-02 -2.657851e-01 -9.628996e-01 4.288593e+01 2.779464e-01 9.293433e-01 -2.430369e-01 -5.318660e+00 9.594598e-01 -2.562799e-01 1.172924e-01 4.331401e+01
5.624877e-01 1.473638e-01 8.135671e-01 4.363547e+01 -4.566623e-01 8.756559e-01 1.571190e-01 -5.387093e+00 -6.892512e-01 -4.599029e-01 5.598411e-01 4.371327e+01
8.750593e-01 -3.773918e-01 -3.030620e-01 4.452747e+01 3.113606e-01 9.182989e-01 -2.445029e-01 -5.474089e+00 3.705749e-01 1.195930e-01 9.210710e-01 4.424177e+01
7.829118e-01 3.213527e-01 5.327115e-01 4.516195e+01 -4.475598e-01 8.856871e-01 1.234851e-01 -5.531833e+00 -4.321335e-01 -3.350981e-01 8.372395e-01 4.447661e+01
4.795744e-01 -3.034121e-01 -8.233769e-01 4.545754e+01 3.420846e-02 9.440710e-01 -3.279629e-01 -5.559055e+00 8.768342e-01 1.291162e-01 4.631315e-01 4.449957e+01
7.431258e-01 9.117181e-03 6.690896e-01 4.584291e+01 -3.063579e-01 8.935927e-01 3.280808e-01 -5.594274e+00 -5.949024e-01 -4.487862e-01 6.668449e-01 4.459182e+01
2.885488e-01 -4.320653e-02 -9.564898e-01 4.597826e+01 -3.178632e-01 9.380013e-01 -1.382627e-01 -5.642948e+00 9.031625e-01 3.439285e-01 2.569253e-01 4.552780e+01
4.624556e-01 -4.092541e-01 7.865404e-01 4.627281e+01 -5.718134e-02 8.714868e-01 4.870740e-01 -5.693877e+00 -8.847966e-01 -2.702255e-01 3.796223e-01 4.612347e+01
6.481921e-01 -1.693972e-02 -7.612884e-01 4.687529e+01 -3.673638e-01 8.687580e-01 -3.321196e-01 -5.740862e+00 6.670014e-01 4.949471e-01 5.568990e-01 4.608902e+01
4.777735e-01 -3.977216e-01 7.832943e-01 4.726082e+01 -1.520095e-01 8.407654e-01 5.196217e-01 -5.782410e+00 -8.652315e-01 -3.673296e-01 3.412380e-01 4.631520e+01
3.538861e-01 -5.712748e-02 -9.335422e-01 4.760753e+01 -4.876169e-01 8.404776e-01 -2.362777e-01 -5.817495e+00 7.981193e-01 5.388264e-01 2.695770e-01 4.642442e+01
4.018344e-01 -5.438343e-01 7.367316e-01 4.790177e+01 -8.416583e-02 7.792045e-01 6.210930e-01 -5.856324e+00 -9.118362e-01 -3.115841e-01 2.673389e-01 4.672604e+01
2.253055e-01 4.839887e-02 -9.730853e-01 4.809721e+01 -6.410043e-01 7.595211e-01 -1.106397e-01 -5.891091e+00 7.337240e-01 6.486796e-01 2.021482e-01 4.707583e+01
2.249759e-01 -6.682325e-01 7.091200e-01 4.846659e+01 -3.407848e-03 7.272330e-01 6.863822e-01 -5.924143e+00 -9.743584e-01 -1.568360e-01 1.613326e-01 4.711467e+01
1.462606e-01 9.066453e-02 -9.850826e-01 4.894361e+01 -7.254964e-01 6.867852e-01 -4.450844e-02 -5.965492e+00 6.725048e-01 7.211838e-01 1.662264e-01 4.718200e+01
6.160379e-02 -7.762425e-01 6.274173e-01 4.923676e+01 -5.711090e-02 6.248399e-01 7.786613e-01 -6.006489e+00 -9.964654e-01 -8.380085e-02 -5.839402e-03 4.752266e+01
2.571903e-01 2.218643e-02 -9.661061e-01 4.960605e+01 -7.687231e-01 6.105139e-01 -1.906240e-01 -6.051673e+00 5.855919e-01 7.916947e-01 1.740735e-01 4.784049e+01
2.079014e-01 -8.023365e-01 5.594937e-01 4.999159e+01 -1.019245e-01 5.511082e-01 8.281854e-01 -6.093295e+00 -9.728250e-01 -2.292070e-01 3.279844e-02 4.805673e+01
1.884030e-01 1.136033e-02 -9.820261e-01 5.038767e+01 -8.422353e-01 5.161632e-01 -1.556128e-01 -6.138435e+00 5.051179e-01 8.564149e-01 1.068147e-01 4.836371e+01
3.141775e-01 -8.657866e-01 3.894946e-01 5.086747e+01 1.117159e-01 4.411343e-01 8.904606e-01 -6.179867e+00 -9.427683e-01 -2.362500e-01 2.353166e-01 4.843185e+01
-1.440749e-01 1.997516e-01 -9.691964e-01 5.133615e+01 -9.062914e-01 3.666275e-01 2.102858e-01 -6.212040e+00 3.973390e-01 9.086713e-01 1.282113e-01 4.822229e+01
1.828295e-01 -9.407302e-01 2.856571e-01 5.166570e+01 6.700155e-01 3.318558e-01 6.640414e-01 -6.237306e+00 -7.194808e-01 6.998834e-02 6.909769e-01 4.806735e+01
-1.290176e-01 7.394795e-01 -6.607000e-01 5.188728e+01 -8.708043e-01 2.342549e-01 4.322320e-01 -6.262290e+00 4.743989e-01 6.311060e-01 6.137189e-01 4.811018e+01
-2.489366e-01 -8.904757e-01 3.808984e-01 5.233836e+01 5.315314e-01 2.031513e-01 8.223162e-01 -6.304035e+00 -8.096326e-01 4.071641e-01 4.227440e-01 4.818811e+01
-8.328132e-03 5.510109e-01 -8.344565e-01 5.291028e+01 -9.719121e-01 1.918148e-01 1.363597e-01 -6.350490e+00 2.351968e-01 8.121540e-01 5.339367e-01 4.818673e+01
-9.392890e-02 -9.785276e-01 1.834698e-01 5.345135e+01 2.171519e-01 1.597110e-01 9.629836e-01 -6.396675e+00 -9.716082e-01 1.302928e-01 1.974876e-01 4.821489e+01
-1.544934e-02 2.713458e-01 -9.623579e-01 5.403490e+01 -9.929750e-01 1.087592e-01 4.660652e-02 -6.442174e+00 1.173117e-01 9.563174e-01 2.677593e-01 4.819862e+01
5.823025e-02 -9.971605e-01 4.775181e-02 5.457655e+01 3.713018e-01 6.603438e-02 9.261611e-01 -6.483256e+00 -9.266845e-01 -3.620026e-02 3.740927e-01 4.815750e+01
1.316281e-01 4.305875e-01 -8.928989e-01 5.510476e+01 -9.908365e-01 2.963290e-02 -1.317757e-01 -6.528615e+00 -3.028177e-02 9.020622e-01 4.305424e-01 4.823233e+01
1.746641e-01 -9.829419e-01 -5.759905e-02 5.563694e+01 2.230526e-01 -1.747777e-02 9.746497e-01 -6.577442e+00 -9.590308e-01 -1.830839e-01 2.161950e-01 4.838697e+01
4.572936e-01 2.883814e-01 -8.412602e-01 5.608161e+01 -8.754863e-01 -2.019441e-02 -4.828208e-01 -6.626655e+00 -1.562253e-01 9.573026e-01 2.432392e-01 4.867995e+01
5.208882e-01 -8.504469e-01 -7.359094e-02 5.663649e+01 1.333117e-02 -7.809492e-02 9.968568e-01 -6.679871e+00 -8.535208e-01 -5.202320e-01 -2.934127e-02 4.891433e+01
8.182417e-01 2.730684e-02 -5.742254e-01 5.717266e+01 -5.718082e-01 -6.436784e-02 -8.178583e-01 -6.727185e+00 -5.929477e-02 9.975526e-01 -3.705417e-02 4.900947e+01
7.883889e-01 -5.752946e-01 2.178968e-01 5.772625e+01 -3.170187e-01 -7.639204e-02 9.453377e-01 -6.770808e+00 -5.272021e-01 -8.143711e-01 -2.426058e-01 4.897264e+01
9.146916e-01 -3.052970e-01 -2.648264e-01 5.846845e+01 -2.977147e-01 -6.584189e-02 -9.523817e-01 -6.823056e+00 2.733226e-01 9.499782e-01 -1.511164e-01 4.884331e+01
8.766549e-01 -2.744118e-01 3.951889e-01 5.922223e+01 -4.371014e-01 -1.110303e-01 8.925327e-01 -6.873955e+00 -2.010436e-01 -9.551808e-01 -2.172810e-01 4.867384e+01
8.485804e-01 -3.266930e-01 -4.161526e-01 6.007643e+01 -4.581441e-01 -6.035320e-02 -8.868266e-01 -6.928469e+00 2.646039e-01 9.432016e-01 -2.008870e-01 4.848131e+01
9.248137e-01 -3.752951e-01 -6.223554e-02 6.094974e+01 -7.786009e-04 -1.654637e-01 9.862156e-01 -6.982307e+00 -3.804196e-01 -9.120172e-01 -1.533153e-01 4.816723e+01
5.101033e-01 1.274240e-01 -8.506220e-01 6.155722e+01 -8.361619e-01 -1.582931e-01 -5.251444e-01 -7.016702e+00 -2.015636e-01 9.791355e-01 2.580123e-02 4.770246e+01
2.446210e-01 -7.533046e-01 -6.104856e-01 6.197274e+01 8.092211e-01 -1.882397e-01 5.565313e-01 -7.038369e+00 -5.341552e-01 -6.301571e-01 5.635426e-01 4.709151e+01
3.584987e-01 7.938678e-01 -4.911747e-01 6.216324e+01 -6.815168e-01 -1.370059e-01 -7.188632e-01 -7.059767e+00 -6.379762e-01 5.924553e-01 4.919178e-01 4.689910e+01
-9.868016e-02 -6.094990e-01 -7.866214e-01 6.248120e+01 9.948306e-01 -7.945965e-02 -6.323177e-02 -7.079977e+00 -2.396495e-02 -7.887947e-01 6.141893e-01 4.643465e+01
-1.396429e-01 9.668760e-01 2.136602e-01 6.288409e+01 -9.900231e-01 -1.404296e-01 -1.156805e-02 -7.103248e+00 1.881935e-02 -2.131439e-01 9.768396e-01 4.597247e+01
-1.964053e-02 -9.995669e-01 -2.191401e-02 6.336953e+01 4.772368e-01 9.887361e-03 -8.787191e-01 -7.130873e+00 8.785552e-01 -2.771668e-02 4.768359e-01 4.555125e+01
4.689416e-01 4.220029e-01 7.758913e-01 6.388456e+01 -8.235421e-01 -1.085379e-01 5.567745e-01 -7.163062e+00 3.191741e-01 -9.000739e-01 2.966392e-01 4.526838e+01
5.246560e-01 -8.261681e-01 2.053834e-01 6.443594e+01 3.202011e-01 -3.203127e-02 -9.468079e-01 -7.206125e+00 7.888012e-01 5.625124e-01 2.477345e-01 4.519030e+01
3.817431e-01 2.911311e-01 8.772200e-01 6.512557e+01 -9.057013e-01 -7.145281e-02 4.178512e-01 -7.259978e+00 1.843293e-01 -9.540111e-01 2.364012e-01 4.522292e+01
4.817363e-01 -8.758744e-01 2.782442e-02 6.577306e+01 8.789866e-02 1.670463e-02 -9.959893e-01 -7.306825e+00 8.718968e-01 4.822500e-01 8.503541e-02 4.518899e+01
8.901083e-01 9.667981e-02 4.453766e-01 6.624186e+01 -4.288689e-01 -1.529656e-01 8.903218e-01 -7.345184e+00 1.542034e-01 -9.834910e-01 -9.469295e-02 4.526193e+01
7.200084e-01 -2.830329e-01 -6.336247e-01 6.666050e+01 -6.755560e-01 -7.695439e-02 -7.332817e-01 -7.374560e+00 1.587826e-01 9.560180e-01 -2.466124e-01 4.511416e+01
6.346415e-01 -5.554311e-01 -5.373327e-01 6.701170e+01 5.463953e-01 -1.692113e-01 8.202559e-01 -7.400142e+00 -5.465184e-01 -8.141645e-01 1.960964e-01 4.494788e+01
7.822593e-02 6.672837e-01 -7.406842e-01 6.723960e+01 -9.401812e-01 -1.977236e-01 -2.774250e-01 -7.422615e+00 -3.315719e-01 7.180793e-01 6.119005e-01 4.494384e+01
-6.822394e-02 -8.989380e-01 -4.327307e-01 6.749121e+01 9.753234e-01 -1.513832e-01 1.607090e-01 -7.446181e+00 -2.099756e-01 -4.110882e-01 8.870833e-01 4.491269e+01
-2.554398e-01 9.666472e-01 1.853708e-02 6.777820e+01 -9.407021e-01 -2.529191e-01 2.260785e-01 -7.472347e+00 2.232265e-01 4.031157e-02 9.739327e-01 4.492958e+01
1.473090e-02 -9.845187e-01 1.746596e-01 6.811149e+01 7.876634e-01 -9.617553e-02 -6.085529e-01 -7.505622e+00 6.159296e-01 1.465375e-01 7.740526e-01 4.507257e+01
4.107369e-01 7.343116e-01 5.404458e-01 6.835929e+01 -5.438003e-01 -2.784811e-01 7.916625e-01 -7.532146e+00 7.318309e-01 -6.190596e-01 2.849364e-01 4.518243e+01
8.540542e-01 -5.147002e-01 7.533357e-02 6.873828e+01 1.272731e-02 -1.241018e-01 -9.921879e-01 -7.559896e+00 5.200283e-01 8.483410e-01 -9.943895e-02 4.504756e+01
9.963091e-01 8.153055e-02 -2.685145e-02 6.931317e+01 4.484940e-02 -2.277134e-01 9.726948e-01 -7.596865e+00 7.318990e-02 -9.703089e-01 -2.305295e-01 4.482910e+01
9.621391e-01 1.477628e-01 -2.290294e-01 6.967590e+01 -2.105615e-01 -1.306025e-01 -9.688172e-01 -7.635933e+00 -1.730670e-01 9.803617e-01 -9.454465e-02 4.503512e+01
5.194485e-01 2.042560e-02 -8.542576e-01 7.004099e+01 8.402643e-01 -1.939431e-01 5.063023e-01 -7.679252e+00 -1.553358e-01 -9.808001e-01 -1.179063e-01 4.548487e+01
1.135035e-02 9.587737e-01 -2.839440e-01 7.047794e+01 -8.818725e-01 -1.242565e-01 -4.548200e-01 -7.726480e+00 -4.713513e-01 2.555648e-01 8.441058e-01 4.595698e+01
-3.221705e-01 -8.188248e-01 -4.751127e-01 7.081959e+01 7.779327e-01 5.700587e-02 -6.257563e-01 -7.760569e+00 5.394690e-01 -5.712060e-01 6.186250e-01 4.609730e+01
2.817315e-01 6.051129e-01 7.446246e-01 7.093593e+01 -8.995754e-01 -1.033666e-01 4.243578e-01 -7.800813e+00 3.337537e-01 -7.894009e-01 5.152230e-01 4.689001e+01
4.478179e-01 -7.816093e-01 -4.342189e-01 7.093334e+01 -4.294239e-01 2.379503e-01 -8.711916e-01 -7.868010e+00 7.842540e-01 5.765992e-01 -2.290833e-01 4.878218e+01
9.186924e-01 -3.943442e-01 2.229075e-02 7.102659e+01 -4.716025e-02 -5.348566e-02 9.974544e-01 -7.916712e+00 -3.921481e-01 -9.174050e-01 -6.773424e-02 4.984987e+01
7.532328e-01 6.482139e-02 -6.545521e-01 7.162479e+01 -6.549396e-01 -1.804479e-02 -7.554657e-01 -7.962815e+00 -6.078159e-02 9.977337e-01 2.886217e-02 4.989698e+01
7.402304e-01 -5.557844e-01 -3.783685e-01 7.217968e+01 3.930843e-01 -9.882029e-02 9.141768e-01 -8.008424e+00 -5.454757e-01 -8.254322e-01 1.453203e-01 4.997665e+01
5.173030e-02 5.417513e-01 -8.389455e-01 7.267523e+01 -9.790269e-01 -1.382502e-01 -1.496433e-01 -8.041576e+00 -1.970539e-01 8.290913e-01 5.232374e-01 4.978781e+01
-5.726762e-02 -9.459900e-01 -3.190977e-01 7.295327e+01 9.916902e-01 -9.078223e-02 9.115498e-02 -8.063708e+00 -1.152001e-01 -3.112258e-01 9.433278e-01 4.961786e+01
-1.828667e-01 9.790170e-01 8.991954e-02 7.311418e+01 -8.852293e-01 -2.037546e-01 4.181545e-01 -8.078778e+00 4.277019e-01 -3.132899e-03 9.039144e-01 4.935429e+01
2.794836e-01 -9.164718e-01 2.863012e-01 7.318968e+01 6.218437e-01 -5.442303e-02 -7.812481e-01 -8.088163e+00 7.315732e-01 3.963806e-01 5.546918e-01 4.904525e+01
7.394113e-01 6.342945e-01 2.257018e-01 7.329312e+01 -7.332674e-02 -2.573740e-01 9.635257e-01 -8.104325e+00 6.692489e-01 -7.289918e-01 -1.437945e-01 4.909288e+01
8.894072e-01 8.339929e-02 -4.494434e-01 7.351629e+01 -4.440103e-01 -7.612755e-02 -8.927819e-01 -8.128217e+00 -1.086724e-01 9.936041e-01 -3.067826e-02 4.916019e+01
4.826156e-01 -2.456249e-01 -8.406846e-01 7.379199e+01 8.444214e-01 -1.242636e-01 5.210673e-01 -8.158131e+00 -2.324536e-01 -9.613672e-01 1.474394e-01 4.930872e+01
7.518320e-02 9.410195e-01 -3.298937e-01 7.411628e+01 -8.751189e-01 -9.633050e-02 -4.742228e-01 -8.193788e+00 -4.780317e-01 3.243498e-01 8.162615e-01 4.954165e+01
-1.359182e-01 -8.093984e-01 -5.713147e-01 7.450555e+01 9.711122e-01 5.316695e-03 -2.385640e-01 -8.230439e+00 1.961308e-01 -5.872359e-01 7.852940e-01 4.962725e+01
-3.696242e-02 9.305544e-01 3.642831e-01 7.497388e+01 -9.971095e-01 -5.855780e-02 4.841192e-02 -8.261623e+00 6.638154e-02 -3.614408e-01 9.300291e-01 4.937820e+01
7.538138e-02 -9.959728e-01 -4.853623e-02 7.546579e+01 5.829289e-01 8.350626e-02 -8.082206e-01 -8.295804e+00 8.090189e-01 3.263161e-02 5.868762e-01 4.919830e+01
1.369545e-01 5.333711e-01 8.347207e-01 7.602363e+01 -9.885760e-01 2.005463e-02 1.493833e-01 -8.338823e+00 6.293671e-02 -8.456436e-01 5.300245e-01 4.916808e+01
1.940037e-01 -9.667512e-01 -1.665972e-01 7.652400e+01 -2.241539e-01 1.216460e-01 -9.669319e-01 -8.365413e+00 9.550485e-01 2.249318e-01 -1.931013e-01 4.862081e+01
7.460026e-01 -2.424811e-01 6.202282e-01 7.706447e+01 -6.379685e-01 6.884164e-03 7.700317e-01 -8.396337e+00 -1.909879e-01 -9.701317e-01 -1.495597e-01 4.823820e+01
6.451530e-01 -5.193305e-01 -5.604226e-01 7.783775e+01 -6.313640e-01 5.072518e-02 -7.738259e-01 -8.449787e+00 4.302989e-01 8.530667e-01 -2.951611e-01 4.821536e+01
7.719445e-01 -5.265791e-01 -3.561126e-01 7.838444e+01 3.717002e-01 -8.055615e-02 9.248512e-01 -8.484433e+00 -5.156944e-01 -8.463009e-01 1.335447e-01 4.797902e+01
6.439968e-01 4.797799e-01 -5.958853e-01 7.886876e+01 -6.553445e-01 -5.589310e-02 -7.532593e-01 -8.527683e+00 -3.947046e-01 8.756067e-01 2.784262e-01 4.809230e+01
6.503474e-01 -5.531783e-01 -5.206171e-01 7.935124e+01 5.618542e-01 -1.109606e-01 8.197607e-01 -8.578264e+00 -5.112418e-01 -8.256401e-01 2.386426e-01 4.847244e+01
6.558612e-01 6.382472e-01 -4.030963e-01 8.027541e+01 -4.585353e-01 -8.735152e-02 -8.843727e-01 -8.645064e+00 -5.996594e-01 7.648596e-01 2.353684e-01 4.854210e+01
6.036145e-01 -3.500324e-01 -7.163287e-01 8.123836e+01 7.447352e-01 -7.322207e-02 6.633310e-01 -8.712471e+00 -2.846384e-01 -9.338714e-01 2.164836e-01 4.857296e+01
2.285950e-01 8.519838e-01 -4.710286e-01 8.161033e+01 -8.528737e-01 -5.803567e-02 -5.188817e-01 -8.747167e+00 -4.694153e-01 5.203417e-01 7.133679e-01 4.868939e+01
-1.461054e-01 -7.705615e-01 -6.203936e-01 8.178608e+01 9.557937e-01 5.180524e-02 -2.894384e-01 -8.768054e+00 2.551697e-01 -6.352568e-01 7.289288e-01 4.871375e+01
4.955006e-02 8.982456e-01 4.366917e-01 8.198507e+01 -9.747336e-01 -5.185756e-02 2.172675e-01 -8.789577e+00 2.178054e-01 -4.364237e-01 8.729806e-01 4.872019e+01
2.427047e-01 -9.700987e-01 1.715328e-03 8.240819e+01 4.320856e-01 1.065181e-01 -8.955199e-01 -8.820801e+00 8.685600e-01 2.180881e-01 4.450182e-01 4.856778e+01
5.881750e-01 3.930657e-01 7.067882e-01 8.282851e+01 -7.655656e-01 -1.110121e-02 6.432620e-01 -8.853119e+00 2.606904e-01 -9.194434e-01 2.943881e-01 4.847554e+01
6.937073e-01 -7.201672e-01 -1.137256e-02 8.332840e+01 8.418156e-02 9.674977e-02 -9.917424e-01 -8.892455e+00 7.153206e-01 6.870216e-01 1.277408e-01 4.849064e+01
9.226753e-01 1.019915e-01 3.718441e-01 8.390266e+01 -3.718445e-01 -1.972122e-02 9.280855e-01 -8.932709e+00 1.019901e-01 -9.945898e-01 1.972869e-02 4.839016e+01
7.785764e-01 -2.400005e-01 -5.798435e-01 8.453285e+01 -5.858339e-01 5.329046e-02 -8.086772e-01 -8.972225e+00 2.249831e-01 9.693090e-01 -9.910976e-02 4.813437e+01
7.993194e-01 -4.677160e-01 -3.772667e-01 8.502666e+01 3.978045e-01 -5.868786e-02 9.155912e-01 -9.012834e+00 -4.503776e-01 -8.819283e-01 1.391492e-01 4.817829e+01
5.670247e-01 5.543458e-01 -6.092485e-01 8.545643e+01 -7.245982e-01 -1.605096e-02 -6.889847e-01 -9.063728e+00 -3.917148e-01 8.321317e-01 3.925767e-01 4.861802e+01
4.667975e-01 -6.381045e-01 -6.123093e-01 8.580207e+01 7.800351e-01 -2.916300e-02 6.250558e-01 -9.097491e+00 -4.167077e-01 -7.693972e-01 4.841307e-01 4.868445e+01
2.529866e-01 8.483490e-01 -4.650826e-01 8.624025e+01 -8.597646e-01 -2.328908e-02 -5.101592e-01 -9.133656e+00 -4.436244e-01 5.289250e-01 7.234886e-01 4.867003e+01
1.696073e-01 -7.945948e-01 -5.829687e-01 8.675540e+01 9.657986e-01 1.629151e-02 2.587812e-01 -9.174959e+00 -1.961287e-01 -6.069215e-01 7.701817e-01 4.867418e+01
-9.191040e-02 9.910122e-01 -9.719762e-02 8.710807e+01 -9.831848e-01 -7.484745e-02 1.665697e-01 -9.203355e+00 1.577976e-01 1.108727e-01 9.812274e-01 4.858926e+01
1.354585e-01 -9.907223e-01 -1.097381e-02 8.750194e+01 6.904499e-01 1.023351e-01 -7.161050e-01 -9.233026e+00 7.105842e-01 8.942562e-02 6.979063e-01 4.850548e+01
6.508544e-01 6.788558e-01 3.399167e-01 8.791264e+01 -3.692796e-01 -1.081206e-01 9.230073e-01 -9.260925e+00 6.633408e-01 -7.262677e-01 1.803168e-01 4.836485e+01
9.504971e-01 -3.092156e-01 3.067555e-02 8.836593e+01 4.923176e-02 5.238566e-02 -9.974126e-01 -9.296589e+00 3.068086e-01 9.495480e-01 6.501564e-02 4.834809e+01
9.886562e-01 9.743283e-02 1.143055e-01 8.882508e+01 -1.110498e-01 -3.822543e-02 9.930794e-01 -9.336114e+00 1.011279e-01 -9.945077e-01 -2.697192e-02 4.841646e+01
8.940440e-01 -2.172133e-02 -4.474522e-01 8.930776e+01 -4.466214e-01 3.448724e-02 -8.940582e-01 -9.367473e+00 3.485153e-02 9.991691e-01 2.113190e-02 4.818857e+01
7.957789e-01 -3.404999e-01 -5.007952e-01 8.990301e+01 5.273069e-01 -1.705631e-02 8.495037e-01 -9.404459e+00 -2.977976e-01 -9.400898e-01 1.659749e-01 4.795916e+01
4.908311e-01 6.460721e-01 -5.845303e-01 9.029938e+01 -7.667949e-01 1.799747e-03 -6.418897e-01 -9.436580e+00 -4.136550e-01 7.632743e-01 4.962881e-01 4.794377e+01
2.366902e-01 -6.646086e-01 -7.087123e-01 9.060883e+01 9.570787e-01 3.391063e-02 2.878374e-01 -9.463518e+00 -1.672663e-01 -7.464218e-01 6.441091e-01 4.795374e+01
6.829740e-03 9.910153e-01 -1.335741e-01 9.102738e+01 -9.894620e-01 -1.262256e-02 -1.442414e-01 -9.494175e+00 -1.446315e-01 1.331516e-01 9.804858e-01 4.785268e+01
