9.999391e-01 -6.576585e-05 -1.103860e-02 2.232570e-01 7.052410e-05 9.999999e-01 4.306685e-04 -1.456604e-02 1.103858e-02 -4.314215e-04 9.999390e-01 2.314537e-01
9.999965e-01 -8.605625e-05 -2.642809e-03 4.627621e-01 8.519041e-05 9.999999e-01 -3.277414e-04 -1.460475e-02 2.642837e-03 3.275159e-04 9.999965e-01 -1.775928e-01
9.999427e-01 1.939568e-04 -1.070277e-02 7.877900e-01 -1.849270e-04 9.999996e-01 8.446700e-04 -2.011858e-02 1.070293e-02 -8.426431e-04 9.999424e-01 -4.349595e-01
9.999791e-01 -7.829560e-04 6.421739e-03 9.062915e-01 7.841477e-04 9.999997e-01 -1.830508e-04 -4.705221e-02 -6.421594e-03 1.880833e-04 9.999794e-01 4.085729e-01
9.999166e-01 4.519205e-04 -1.291056e-02 1.032335e+00 -4.396050e-04 9.999994e-01 9.567312e-04 -6.830502e-02 1.291099e-02 -9.509765e-04 9.999162e-01 1.096498e+00
9.999889e-01 -6.365678e-04 4.658215e-03 1.248339e+00 6.380753e-04 9.999997e-01 -3.221291e-04 -8.746529e-02 -4.658008e-03 3.250986e-04 9.999891e-01 1.505001e+00
9.999031e-01 3.910907e-04 -1.391772e-02 1.510496e+00 -3.792561e-04 9.999996e-01 8.529560e-04 -1.065247e-01 1.391805e-02 -8.475957e-04 9.999028e-01 1.925982e+00
9.999995e-01 -7.818496e-04 6.538355e-04 1.704207e+00 7.825367e-04 9.999991e-01 -1.051229e-03 -1.058236e-01 -6.530127e-04 1.051741e-03 9.999992e-01 1.487434e+00
9.999273e-01 2.944461e-04 -1.205293e-02 1.871010e+00 -2.803631e-04 9.999993e-01 1.170109e-03 -1.089616e-01 1.205326e-02 -1.166646e-03 9.999267e-01 1.317631e+00
9.999975e-01 -2.510384e-04 2.210911e-03 2.063227e+00 2.520493e-04 9.999999e-01 -4.569444e-04 -1.175860e-01 -2.210795e-03 4.575013e-04 9.999975e-01 1.335286e+00
9.999770e-01 -2.882961e-04 -6.781253e-03 1.891566e+00 2.987893e-04 9.999988e-01 1.546437e-03 -1.106944e-01 6.780798e-03 -1.548428e-03 9.999758e-01 1.794138e+00
9.999997e-01 -2.717365e-04 7.115676e-04 1.721006e+00 2.722630e-04 9.999997e-01 -7.398571e-04 -9.966036e-02 -7.113660e-04 7.400513e-04 9.999995e-01 2.155924e+00
9.999858e-01 -6.429469e-04 -5.298180e-03 1.360158e+00 6.492446e-04 9.999991e-01 1.187025e-03 -8.364373e-02 5.297412e-03 -1.190449e-03 9.999853e-01 2.349189e+00
9.999996e-01 2.389060e-05 -9.275979e-04 1.075774e+00 -2.437237e-05 9.999999e-01 -5.194348e-04 -6.745494e-02 9.275857e-04 5.194578e-04 9.999994e-01 2.506126e+00
9.999633e-01 -4.547450e-04 -8.553289e-03 1.011149e+00 4.605865e-04 9.999997e-01 6.810053e-04 -5.972530e-02 8.552976e-03 -6.849205e-04 9.999632e-01 2.328375e+00
1.000000e+00 -6.629560e-06 -2.448913e-04 9.109131e-01 6.506161e-06 9.999999e-01 -5.041842e-04 -4.967129e-02 2.448950e-04 5.041833e-04 9.999998e-01 2.208662e+00
9.999502e-01 -3.502304e-04 -9.977384e-03 9.173995e-01 3.581534e-04 9.999996e-01 7.923232e-04 -4.280872e-02 9.977103e-03 -7.958578e-04 9.999499e-01 2.070779e+00
9.999946e-01 1.524861e-04 3.268921e-03 9.437866e-01 -1.527493e-04 1.000000e+00 8.029771e-05 -5.047311e-02 -3.268908e-03 -8.079590e-05 9.999947e-01 2.355716e+00
9.999657e-01 -8.201273e-04 -8.241473e-03 6.894292e-01 8.271339e-04 9.999993e-01 8.467955e-04 -3.943314e-02 8.240772e-03 -8.535840e-04 9.999657e-01 2.730397e+00
9.999998e-01 2.997609e-04 5.483961e-04 4.486672e-01 -2.995320e-04 9.999999e-01 -4.173588e-04 -2.207529e-02 -5.485208e-04 4.171952e-04 9.999998e-01 2.759146e+00
9.998874e-01 -2.317853e-04 -1.500393e-02 7.872863e-01 2.422102e-04 9.999997e-01 6.930050e-04 -2.371636e-02 1.500377e-02 -6.965618e-04 9.998872e-01 2.390483e+00
9.999998e-01 1.062621e-04 5.969137e-04 1.071035e+00 -1.058496e-04 9.999998e-01 -6.907961e-04 -2.377979e-02 -5.969866e-04 6.907335e-04 9.999996e-01 1.924486e+00
9.999001e-01 -3.733518e-05 -1.413691e-02 1.406397e+00 5.185344e-05 9.999995e-01 1.026616e-03 -2.812312e-02 1.413687e-02 -1.027247e-03 9.998995e-01 1.643918e+00
1.000000e+00 1.259901e-04 -1.555448e-04 1.706003e+00 -1.261084e-04 9.999997e-01 -7.616455e-04 -2.931537e-02 1.554492e-04 7.616658e-04 9.999997e-01 1.278532e+00
9.999610e-01 -6.542160e-04 -8.813023e-03 1.562084e+00 6.613657e-04 9.999995e-01 8.083907e-04 -1.930402e-02 8.812489e-03 -8.141885e-04 9.999608e-01 1.117997e+00
9.999866e-01 1.568370e-04 -5.178108e-03 1.742026e+00 -1.630814e-04 9.999993e-01 -1.205536e-03 -1.640262e-02 5.177916e-03 1.206365e-03 9.999859e-01 5.516418e-01
9.999401e-01 -7.982746e-04 -1.091918e-02 1.944854e+00 8.026497e-04 9.999996e-01 3.963165e-04 -1.078343e-02 1.091886e-02 -4.050578e-04 9.999403e-01 -2.543848e-01
9.999972e-01 3.956533e-04 -2.338274e-03 2.095360e+00 -3.968122e-04 9.999998e-01 -4.952547e-04 -8.528208e-03 2.338078e-03 4.961818e-04 9.999971e-01 -7.135974e-01
9.999605e-01 -7.280799e-04 -8.859419e-03 2.064122e+00 7.330260e-04 9.999996e-01 5.550735e-04 1.595018e-03 8.859011e-03 -5.615464e-04 9.999606e-01 -9.462062e-01
1.000000e+00 4.777801e-05 1.027744e-04 1.832475e+00 -4.771200e-05 9.999998e-01 -6.409213e-04 1.812810e-02 -1.028047e-04 6.409171e-04 9.999998e-01 -1.108801e+00
9.999791e-01 -9.315501e-04 -6.395227e-03 1.388658e+00 9.354873e-04 9.999994e-01 6.126990e-04 4.170689e-02 6.394652e-03 -6.186695e-04 9.999794e-01 -1.171128e+00
9.999992e-01 1.737433e-05 1.301225e-03 9.239410e-01 -1.681935e-05 9.999999e-01 -4.264153e-04 6.487749e-02 -1.301231e-03 4.263938e-04 9.999991e-01 -1.120855e+00
9.999670e-01 -5.657107e-04 -8.105002e-03 6.396074e-01 5.718347e-04 9.999996e-01 7.533059e-04 8.071700e-02 8.104572e-03 -7.579164e-04 9.999669e-01 -1.137821e+00
9.999995e-01 2.259374e-05 9.558776e-04 3.904324e-01 -2.215266e-05 9.999999e-01 -4.613038e-04 9.528361e-02 -9.558876e-04 4.612831e-04 9.999994e-01 -1.177190e+00
9.999191e-01 9.637951e-05 -1.271737e-02 5.836149e-01 -8.468833e-05 9.999996e-01 9.198539e-04 9.230713e-02 1.271746e-02 -9.187032e-04 9.999187e-01 -1.372797e+00
9.999905e-01 -1.063724e-04 4.365985e-03 5.754520e-01 1.078582e-04 9.999999e-01 -3.400253e-04 9.046358e-02 -4.365948e-03 3.404937e-04 9.999904e-01 -1.417821e+00
9.999079e-01 2.443075e-05 -1.357160e-02 4.970285e-01 -1.625043e-05 9.999998e-01 6.028730e-04 9.496896e-02 1.357162e-02 -6.025976e-04 9.999077e-01 -1.565321e+00
9.999898e-01 -4.396807e-04 4.505521e-03 3.413569e-01 4.424823e-04 9.999997e-01 -6.208042e-04 1.055990e-01 -4.505247e-03 6.227922e-04 9.999897e-01 -1.737589e+00
9.998637e-01 -1.432247e-04 -1.650931e-02 2.887162e-01 1.492024e-04 9.999999e-01 3.608546e-04 1.183541e-01 1.650926e-02 -3.632693e-04 9.998636e-01 -2.161208e+00
9.999978e-01 -5.520470e-05 2.082005e-03 4.548982e-01 5.699426e-05 9.999996e-01 -8.594067e-04 1.204774e-01 -2.081957e-03 8.595242e-04 9.999975e-01 -2.733732e+00
9.998245e-01 -4.659989e-04 -1.873051e-02 7.488341e-01 4.727262e-04 9.999998e-01 3.547432e-04 1.248385e-01 1.873034e-02 -3.635360e-04 9.998245e-01 -3.462902e+00
9.999938e-01 -2.374198e-04 3.512920e-03 9.747093e-01 2.410718e-04 9.999994e-01 -1.039155e-03 1.296613e-01 -3.512671e-03 1.039996e-03 9.999933e-01 -4.174238e+00
9.998703e-01 -6.849243e-04 -1.609155e-02 9.058604e-01 6.863654e-04 9.999998e-01 8.404578e-05 1.380350e-01 1.609148e-02 -9.508025e-05 9.998705e-01 -4.882983e+00
9.999749e-01 3.578183e-04 7.072059e-03 7.809210e-01 -3.586098e-04 9.999999e-01 1.106787e-04 1.481256e-01 -7.072019e-03 -1.132114e-04 9.999750e-01 -5.028445e+00
9.998340e-01 -4.671288e-04 -1.821181e-02 8.419852e-01 4.685570e-04 9.999999e-01 7.416577e-05 1.498408e-01 1.821178e-02 -8.268742e-05 9.998341e-01 -5.253972e+00
9.999454e-01 1.292038e-04 1.044621e-02 7.815019e-01 -1.356878e-04 9.999998e-01 6.200199e-04 1.517312e-01 -1.044613e-02 -6.214028e-04 9.999452e-01 -5.226833e+00
9.999151e-01 -1.862973e-03 -1.289530e-02 -3.272793e-02 1.853741e-03 9.999980e-01 -7.278072e-04 1.896362e-01 1.289663e-02 7.038402e-04 9.999166e-01 -5.020102e+00
9.999491e-01 1.711258e-04 1.008862e-02 -9.806771e-01 -1.786118e-04 9.999997e-01 7.411491e-04 2.383268e-01 -1.008849e-02 -7.429127e-04 9.999488e-01 -4.939297e+00
9.998483e-01 -6.926355e-04 -1.740523e-02 -1.299237e+00 6.807275e-04 9.999995e-01 -6.900633e-04 2.531829e-01 1.740570e-02 6.781097e-04 9.998483e-01 -5.080301e+00
9.999631e-01 6.337105e-05 8.588241e-03 -1.541011e+00 -6.651908e-05 9.999999e-01 3.662880e-04 2.666861e-01 -8.588217e-03 -3.668451e-04 9.999631e-01 -5.388870e+00
9.998165e-01 -6.442378e-04 -1.914380e-02 -1.688426e+00 6.314287e-04 9.999996e-01 -6.751278e-04 2.802824e-01 1.914423e-02 6.629153e-04 9.998165e-01 -5.766147e+00
9.999608e-01 1.183270e-04 8.849220e-03 -1.818294e+00 -1.225034e-04 9.999999e-01 4.714326e-04 2.915095e-01 -8.849163e-03 -4.724975e-04 9.999607e-01 -6.131966e+00
9.998588e-01 -7.755257e-04 -1.678546e-02 -2.070156e+00 7.632722e-04 9.999994e-01 -7.363872e-04 3.025381e-01 1.678602e-02 7.234707e-04 9.998588e-01 -6.348381e+00
9.999787e-01 1.611964e-05 6.534010e-03 -2.346297e+00 -1.580733e-05 1.000000e+00 -4.781821e-05 3.175443e-01 -6.534010e-03 4.771459e-05 9.999787e-01 -6.879394e+00
9.997754e-01 -6.329341e-04 -2.118236e-02 -2.193724e+00 6.202091e-04 9.999996e-01 -6.072918e-04 3.225324e-01 2.118273e-02 5.940173e-04 9.997754e-01 -7.556459e+00
9.999631e-01 3.777945e-06 8.587715e-03 -2.113640e+00 -4.691826e-06 1.000000e+00 1.064223e-04 3.268791e-01 -8.587714e-03 -1.064580e-04 9.999631e-01 -8.070510e+00
9.998644e-01 -6.300991e-04 -1.645340e-02 -2.345113e+00 6.300270e-04 9.999998e-01 -9.556076e-06 3.336968e-01 1.645340e-02 -8.119788e-07 9.998646e-01 -8.257993e+00
9.999464e-01 -2.053114e-04 1.034690e-02 -2.837623e+00 2.069720e-04 1.000000e+00 -1.594079e-04 3.545730e-01 -1.034686e-02 1.615416e-04 9.999465e-01 -8.399709e+00
9.998785e-01 -6.430109e-04 -1.557546e-02 -3.268907e+00 6.501529e-04 9.999997e-01 4.534960e-04 3.714991e-01 1.557517e-02 -4.635680e-04 9.998786e-01 -8.338940e+00
9.999296e-01 -1.841609e-04 1.186698e-02 -3.718795e+00 1.832413e-04 1.000000e+00 7.859751e-05 3.886062e-01 -1.186700e-02 -7.641678e-05 9.999296e-01 -7.891232e+00
9.998309e-01 -5.979645e-04 -1.838105e-02 -4.113620e+00 6.002142e-04 9.999998e-01 1.168873e-04 4.120166e-01 1.838098e-02 -1.279007e-04 9.998310e-01 -7.914997e+00
9.999745e-01 -6.506096e-05 7.146405e-03 -4.092185e+00 6.920317e-05 9.999998e-01 -5.793436e-04 4.169863e-01 -7.146366e-03 5.798241e-04 9.999743e-01 -8.359024e+00
9.999327e-01 -1.224860e-03 -1.153685e-02 -4.716092e+00 1.229874e-03 9.999992e-01 4.274670e-04 4.440232e-01 1.153631e-02 -4.416278e-04 9.999334e-01 -8.393958e+00
9.999782e-01 4.555791e-04 6.593400e-03 -5.110780e+00 -4.577886e-04 9.999998e-01 3.336321e-04 4.664520e-01 -6.593246e-03 -3.366425e-04 9.999782e-01 -8.083276e+00
9.999276e-01 -9.703817e-04 -1.199302e-02 -5.336596e+00 9.733796e-04 9.999995e-01 2.441467e-04 4.707769e-01 1.199278e-02 -2.558035e-04 9.999281e-01 -7.860789e+00
9.999754e-01 2.479089e-04 7.013592e-03 -5.726499e+00 -2.503515e-04 9.999999e-01 3.474297e-04 4.864988e-01 -7.013505e-03 -3.491763e-04 9.999753e-01 -7.654703e+00
9.999174e-01 -8.967146e-04 -1.282120e-02 -6.137494e+00 8.948092e-04 9.999996e-01 -1.543327e-04 5.025582e-01 1.282133e-02 1.428468e-04 9.999178e-01 -7.709672e+00
9.999722e-01 2.547189e-04 7.449804e-03 -6.453280e+00 -2.596864e-04 9.999997e-01 6.658705e-04 5.140031e-01 -7.449632e-03 -6.677859e-04 9.999720e-01 -7.562539e+00
9.999229e-01 -9.138480e-04 -1.238249e-02 -6.732233e+00 9.162210e-04 9.999996e-01 1.859912e-04 5.246139e-01 1.238232e-02 -1.973227e-04 9.999233e-01 -7.215071e+00
9.999701e-01 -9.234086e-05 7.731234e-03 -7.178468e+00 8.963686e-05 9.999999e-01 3.501263e-04 5.482887e-01 -7.731265e-03 -3.494222e-04 9.999701e-01 -7.030565e+00
9.999264e-01 -1.069050e-03 -1.208123e-02 -7.787771e+00 1.065679e-03 9.999994e-01 -2.854251e-04 5.781049e-01 1.208153e-02 2.725287e-04 9.999270e-01 -6.983461e+00
9.999665e-01 -1.798838e-04 8.181459e-03 -8.457832e+00 1.777834e-04 1.000000e+00 2.574832e-04 6.122840e-01 -8.181505e-03 -2.560194e-04 9.999665e-01 -6.934382e+00
9.998638e-01 2.397049e-05 -1.650469e-02 -8.464278e+00 -1.092409e-05 9.999997e-01 7.905707e-04 6.137077e-01 1.650470e-02 -7.902834e-04 9.998635e-01 -6.813242e+00
9.999698e-01 -2.701237e-04 7.767530e-03 -8.464446e+00 2.718491e-04 9.999999e-01 -2.210532e-04 6.141715e-01 -7.767470e-03 2.231588e-04 9.999698e-01 -6.775609e+00
9.999156e-01 -5.039469e-04 -1.297987e-02 -8.976501e+00 5.071621e-04 9.999998e-01 2.444328e-04 6.359456e-01 1.297974e-02 -2.509957e-04 9.999157e-01 -6.848496e+00
9.999850e-01 -6.010848e-05 5.476248e-03 -9.297799e+00 6.066842e-05 1.000000e+00 -1.020370e-04 6.543176e-01 -5.476241e-03 1.023683e-04 9.999850e-01 -6.902596e+00
9.999396e-01 -6.376696e-04 -1.096936e-02 -9.692887e+00 6.415234e-04 9.999997e-01 3.478364e-04 6.708707e-01 1.096913e-02 -3.548532e-04 9.999398e-01 -6.901763e+00
9.999964e-01 2.661301e-04 2.674399e-03 -9.841086e+00 -2.661873e-04 1.000000e+00 2.114886e-05 6.790297e-01 -2.674393e-03 -2.186002e-05 9.999964e-01 -6.973334e+00
9.999553e-01 -7.342408e-04 -9.428850e-03 -9.732465e+00 7.401029e-04 9.999995e-01 6.182736e-04 6.711011e-01 9.428392e-03 -6.252249e-04 9.999554e-01 -6.595318e+00
9.999868e-01 -1.944699e-04 5.125812e-03 -9.931593e+00 1.923066e-04 9.999999e-01 4.225678e-04 6.730276e-01 -5.125894e-03 -4.215758e-04 9.999868e-01 -5.884846e+00
9.999538e-01 -8.157081e-04 -9.577638e-03 -1.036640e+01 8.176531e-04 9.999996e-01 1.991830e-04 6.958493e-01 9.577472e-03 -2.070057e-04 9.999541e-01 -5.651860e+00
9.999932e-01 2.857620e-04 3.677231e-03 -1.063531e+01 -2.871126e-04 9.999999e-01 3.668307e-04 7.061552e-01 -3.677126e-03 -3.678833e-04 9.999932e-01 -5.549644e+00
9.999769e-01 -1.946670e-03 -6.509337e-03 -1.141994e+01 1.944191e-03 9.999980e-01 -3.872125e-04 7.482972e-01 6.510078e-03 3.745475e-04 9.999787e-01 -5.383727e+00
9.999907e-01 1.151596e-04 4.309253e-03 -1.229421e+01 -1.166030e-04 9.999999e-01 3.347650e-04 7.970441e-01 -4.309214e-03 -3.352637e-04 9.999907e-01 -5.198059e+00
9.999645e-01 -1.197140e-03 -8.339969e-03 -1.282867e+01 1.197773e-03 9.999993e-01 7.091874e-05 8.245420e-01 8.339878e-03 -8.090627e-05 9.999652e-01 -5.029086e+00
9.999931e-01 2.003812e-04 3.716786e-03 -1.338479e+01 -2.003746e-04 1.000000e+00 -2.084413e-06 8.507847e-01 -3.716786e-03 1.340301e-06 9.999931e-01 -4.996229e+00
9.999733e-01 -1.679473e-03 -7.113628e-03 -1.413516e+01 1.679171e-03 9.999986e-01 -4.830233e-05 8.909092e-01 7.113698e-03 3.635539e-05 9.999747e-01 -4.896442e+00
9.999956e-01 3.449364e-04 2.940273e-03 -1.486653e+01 -3.442593e-04 9.999999e-01 -2.307189e-04 9.266908e-01 -2.940352e-03 2.297063e-04 9.999957e-01 -4.948510e+00
9.999734e-01 -1.581050e-03 -7.119851e-03 -1.553789e+01 1.582070e-03 9.999987e-01 1.375583e-04 9.600341e-01 7.119624e-03 -1.488193e-04 9.999746e-01 -4.962359e+00
9.999993e-01 7.948933e-04 8.562769e-04 -1.594896e+01 -7.947772e-04 9.999997e-01 -1.355652e-04 9.778234e-01 -8.563841e-04 1.348852e-04 9.999996e-01 -5.086152e+00
9.999746e-01 -1.399914e-03 -6.994708e-03 -1.627144e+01 1.402920e-03 9.999989e-01 4.248966e-04 9.902308e-01 6.994106e-03 -4.346994e-04 9.999754e-01 -5.117814e+00
9.999987e-01 9.222949e-04 -1.290491e-03 -1.644649e+01 -9.226467e-04 9.999995e-01 -2.722940e-04 9.992945e-01 1.290240e-03 2.734849e-04 9.999991e-01 -5.248040e+00
9.999719e-01 -1.473582e-03 -7.349044e-03 -1.665348e+01 1.473848e-03 9.999989e-01 3.085052e-05 1.007305e+00 7.348990e-03 -4.168168e-05 9.999730e-01 -5.509508e+00
9.999987e-01 1.083766e-03 -1.224372e-03 -1.680655e+01 -1.083655e-03 9.999994e-01 9.076168e-05 1.013403e+00 1.224470e-03 -8.943411e-05 9.999992e-01 -5.695777e+00
9.999533e-01 -1.346219e-03 -9.565680e-03 -1.676205e+01 1.346049e-03 9.999991e-01 -2.418110e-05 1.014772e+00 9.565704e-03 1.130345e-05 9.999542e-01 -6.000253e+00
9.999986e-01 1.241532e-03 -1.111820e-03 -1.672333e+01 -1.241237e-03 9.999992e-01 2.656202e-04 1.015215e+00 1.112150e-03 -2.642391e-04 9.999993e-01 -6.229054e+00
9.999409e-01 -1.500708e-03 -1.076344e-02 -1.669487e+01 1.496688e-03 9.999988e-01 -3.815332e-04 1.018647e+00 1.076400e-02 3.654005e-04 9.999420e-01 -6.604979e+00
9.999964e-01 8.417836e-04 2.556361e-03 -1.691756e+01 -8.424184e-04 9.999996e-01 2.473687e-04 1.029786e+00 -2.556152e-03 -2.495207e-04 9.999967e-01 -6.845191e+00
9.999619e-01 -1.266662e-03 -8.640043e-03 -1.711215e+01 1.270429e-03 9.999991e-01 4.305145e-04 1.036978e+00 8.639489e-03 -4.414753e-04 9.999626e-01 -6.748309e+00
9.999978e-01 1.143435e-03 1.778122e-03 -1.708175e+01 -1.144387e-03 9.999992e-01 5.347513e-04 1.028345e+00 -1.777509e-03 -5.367843e-04 9.999983e-01 -6.511148e+00
9.999690e-01 -1.462082e-03 -7.734844e-03 -1.726846e+01 1.462850e-03 9.999989e-01 9.362562e-05 1.034271e+00 7.734699e-03 -1.049383e-04 9.999701e-01 -6.417942e+00
9.999980e-01 1.086068e-03 1.653840e-03 -1.742816e+01 -1.087188e-03 9.999992e-01 6.766189e-04 1.039906e+00 -1.653104e-03 -6.784150e-04 9.999984e-01 -6.258539e+00
9.999539e-01 -1.202965e-03 -9.521471e-03 -1.749330e+01 1.204041e-03 9.999993e-01 1.073333e-04 1.042457e+00 9.521335e-03 -1.187932e-04 9.999547e-01 -6.204640e+00
9.999924e-01 4.926831e-04 -3.877809e-03 -1.736891e+01 -4.960972e-04 9.999995e-01 -8.795768e-04 1.045235e+00 3.877374e-03 8.814945e-04 9.999921e-01 -6.896760e+00
9.999621e-01 -1.500071e-03 -8.578774e-03 -1.733441e+01 1.498203e-03 9.999989e-01 -2.240873e-04 1.050533e+00 8.579100e-03 2.112254e-04 9.999632e-01 -7.600849e+00
9.999912e-01 7.991026e-04 -4.124185e-03 -1.722163e+01 -8.003191e-04 9.999996e-01 -2.933965e-04 1.054911e+00 4.123949e-03 2.966952e-04 9.999915e-01 -8.164811e+00
9.999296e-01 -2.467355e-03 -1.160930e-02 -1.724653e+01 2.442493e-03 9.999947e-01 -2.155180e-03 1.069042e+00 1.161456e-02 2.126672e-03 9.999303e-01 -9.457062e+00
9.999911e-01 8.148167e-04 -4.127559e-03 -1.741594e+01 -8.164099e-04 9.999996e-01 -3.844065e-04 1.086726e+00 4.127244e-03 3.877735e-04 9.999914e-01 -1.078884e+01
9.999979e-01 -1.143478e-03 -1.686997e-03 -1.743605e+01 1.145708e-03 9.999985e-01 1.321974e-03 1.076694e+00 1.685483e-03 -1.323904e-03 9.999977e-01 -1.030927e+01
9.999424e-01 5.055425e-04 -1.072324e-02 -1.751189e+01 -5.302013e-04 9.999972e-01 -2.296882e-03 1.079626e+00 1.072205e-02 2.302435e-03 9.999399e-01 -1.094321e+01
9.999466e-01 -2.774813e-03 -9.955735e-03 -1.748475e+01 2.764721e-03 9.999957e-01 -1.027324e-03 1.101083e+00 9.958542e-03 9.997433e-04 9.999499e-01 -1.270419e+01
9.999883e-01 1.652139e-03 -4.551311e-03 -1.746326e+01 -1.654256e-03 9.999985e-01 -4.615958e-04 1.110144e+00 4.550542e-03 4.691200e-04 9.999895e-01 -1.365752e+01
9.999919e-01 -2.239795e-03 -3.348944e-03 -1.764447e+01 2.241354e-03 9.999974e-01 4.620773e-04 1.114801e+00 3.347900e-03 -4.695803e-04 9.999943e-01 -1.386850e+01
9.999795e-01 -3.633721e-04 6.399228e-03 -1.852408e+01 3.603016e-04 9.999998e-01 4.810186e-04 1.164131e+00 -6.399401e-03 -4.787024e-04 9.999794e-01 -1.251536e+01
9.999879e-01 -2.160938e-03 -4.418325e-03 -1.959524e+01 2.163965e-03 9.999974e-01 6.803677e-04 1.232411e+00 4.416843e-03 -6.899212e-04 9.999900e-01 -1.132916e+01
9.999927e-01 1.553143e-03 -3.487178e-03 -1.994625e+01 -1.555833e-03 9.999985e-01 -7.687879e-04 1.253263e+00 3.485979e-03 7.742084e-04 9.999936e-01 -1.148861e+01
9.999142e-01 -2.093198e-03 -1.292879e-02 -1.967978e+01 2.096620e-03 9.999978e-01 2.511865e-04 1.257969e+00 1.292824e-02 -2.782724e-04 9.999164e-01 -1.219690e+01
9.999948e-01 1.376985e-03 -2.917391e-03 -1.953825e+01 -1.380197e-03 9.999984e-01 -1.099432e-03 1.265779e+00 2.915873e-03 1.103454e-03 9.999951e-01 -1.299188e+01
9.999342e-01 -2.551741e-03 -1.118181e-02 -1.953551e+01 2.549650e-03 9.999967e-01 -2.012474e-04 1.274991e+00 1.118229e-02 1.727238e-04 9.999375e-01 -1.388917e+01
9.999954e-01 2.223917e-03 2.053659e-03 -1.927895e+01 -2.225392e-03 9.999973e-01 7.164680e-04 1.258566e+00 -2.052060e-03 -7.210343e-04 9.999976e-01 -1.369298e+01
9.998823e-01 -2.135417e-03 -1.519260e-02 -1.886799e+01 2.134898e-03 9.999977e-01 -5.040754e-05 1.247497e+00 1.519267e-02 1.796637e-05 9.998846e-01 -1.371046e+01
9.999963e-01 1.755113e-03 -2.060568e-03 -1.851442e+01 -1.755661e-03 9.999984e-01 -2.644419e-04 1.251423e+00 2.060101e-03 2.680592e-04 9.999978e-01 -1.441609e+01
9.999749e-01 -3.246809e-03 -6.303973e-03 -1.910646e+01 3.239458e-03 9.999941e-01 -1.175862e-03 1.285133e+00 6.307753e-03 1.155411e-03 9.999794e-01 -1.496057e+01
9.999986e-01 1.531497e-03 -7.350826e-04 -1.992617e+01 -1.531748e-03 9.999988e-01 -3.416432e-04 1.326029e+00 7.345586e-04 3.427693e-04 9.999997e-01 -1.551787e+01
9.999579e-01 -2.340940e-03 -8.873609e-03 -2.008104e+01 2.339581e-03 9.999972e-01 -1.635595e-04 1.335529e+00 8.873967e-03 1.427915e-04 9.999606e-01 -1.596040e+01
9.999983e-01 1.643381e-03 -8.173575e-04 -2.028294e+01 -1.643866e-03 9.999985e-01 -5.933366e-04 1.345618e+00 8.163814e-04 5.946798e-04 9.999995e-01 -1.643774e+01
9.999092e-01 -2.378258e-03 -1.326629e-02 -2.024837e+01 2.375885e-03 9.999972e-01 -1.945966e-04 1.354751e+00 1.326672e-02 1.630591e-04 9.999120e-01 -1.712725e+01
9.999956e-01 1.823211e-03 -2.338552e-03 -2.003412e+01 -1.823795e-03 9.999983e-01 -2.474821e-04 1.359012e+00 2.338096e-03 2.517466e-04 9.999972e-01 -1.778397e+01
9.999113e-01 -2.371464e-03 -1.310564e-02 -1.977205e+01 2.368320e-03 9.999972e-01 -2.553989e-04 1.362256e+00 1.310621e-02 2.243373e-04 9.999141e-01 -1.843836e+01
9.999976e-01 2.150783e-03 -4.959029e-04 -1.950916e+01 -2.150602e-03 9.999976e-01 3.648308e-04 1.361137e+00 4.966866e-04 -3.637628e-04 9.999998e-01 -1.881560e+01
9.999076e-01 -2.254914e-03 -1.340462e-02 -1.924627e+01 2.251530e-03 9.999974e-01 -2.675314e-04 1.360013e+00 1.340519e-02 2.373252e-04 9.999101e-01 -1.922111e+01
9.999975e-01 2.131393e-03 -6.532474e-04 -1.895692e+01 -2.131063e-03 9.999976e-01 5.047540e-04 1.358608e+00 6.543218e-04 -5.033601e-04 9.999997e-01 -1.958999e+01
9.999518e-01 -1.953804e-03 -9.624675e-03 -1.872790e+01 1.956435e-03 9.999981e-01 2.639325e-04 1.345004e+00 9.624140e-03 -2.827504e-04 9.999536e-01 -1.947505e+01
9.999980e-01 1.908020e-03 5.771435e-04 -1.850709e+01 -1.908202e-03 9.999981e-01 3.163228e-04 1.323910e+00 -5.765387e-04 -3.174229e-04 9.999998e-01 -1.905721e+01
9.999196e-01 -2.158607e-03 -1.249603e-02 -1.824425e+01 2.157317e-03 9.999977e-01 -1.166859e-04 1.314164e+00 1.249625e-02 8.971810e-05 9.999219e-01 -1.910925e+01
9.999973e-01 2.229250e-03 7.062040e-04 -1.798503e+01 -2.229707e-03 9.999973e-01 6.485223e-04 1.305019e+00 -7.047563e-04 -6.500946e-04 9.999995e-01 -1.913216e+01
9.999300e-01 -2.142081e-03 -1.163931e-02 -1.775098e+01 2.141996e-03 9.999977e-01 -1.976921e-05 1.295080e+00 1.163932e-02 -5.164086e-06 9.999323e-01 -1.910397e+01
9.999829e-01 2.022449e-03 5.491607e-03 -1.761033e+01 -2.026513e-03 9.999977e-01 7.347138e-04 1.272636e+00 -5.490108e-03 -7.458295e-04 9.999847e-01 -1.847337e+01
9.999250e-01 -2.329324e-03 -1.201959e-02 -1.749373e+01 2.327935e-03 9.999973e-01 -1.295384e-04 1.251630e+00 1.201986e-02 1.015473e-04 9.999278e-01 -1.787167e+01
9.999803e-01 2.479254e-03 5.760140e-03 -1.739066e+01 -2.485921e-03 9.999962e-01 1.150624e-03 1.236627e+00 -5.757265e-03 -1.164920e-03 9.999827e-01 -1.726339e+01
9.999363e-01 -2.809466e-03 -1.092935e-02 -1.730107e+01 2.804248e-03 9.999959e-01 -4.926392e-04 1.215432e+00 1.093069e-02 4.619586e-04 9.999402e-01 -1.650200e+01
9.999798e-01 2.338359e-03 5.917702e-03 -1.736316e+01 -2.347073e-03 9.999962e-01 1.466101e-03 1.208290e+00 -5.914251e-03 -1.479960e-03 9.999814e-01 -1.580824e+01
9.999361e-01 -2.948328e-03 -1.090911e-02 -1.765659e+01 2.940724e-03 9.999954e-01 -7.129825e-04 1.222778e+00 1.091116e-02 6.808557e-04 9.999402e-01 -1.552372e+01
9.999689e-01 1.698541e-03 7.702318e-03 -1.823321e+01 -1.706499e-03 9.999980e-01 1.026783e-03 1.254081e+00 -7.700559e-03 -1.039895e-03 9.999698e-01 -1.522079e+01
9.999445e-01 -3.280556e-03 -1.000814e-02 -1.896534e+01 3.273359e-03 9.999944e-01 -7.354335e-04 1.297927e+00 1.001049e-02 7.026319e-04 9.999496e-01 -1.489602e+01
9.999758e-01 2.022376e-03 6.662881e-03 -1.947644e+01 -2.030926e-03 9.999971e-01 1.276658e-03 1.326284e+00 -6.660280e-03 -1.290158e-03 9.999770e-01 -1.455700e+01
9.999597e-01 -3.669326e-03 -8.195772e-03 -2.010761e+01 3.663138e-03 9.999930e-01 -7.698310e-04 1.362786e+00 8.198539e-03 7.397772e-04 9.999661e-01 -1.406190e+01
9.999922e-01 2.838147e-03 2.731778e-03 -2.043540e+01 -2.842211e-03 9.999949e-01 1.485073e-03 1.380726e+00 -2.727549e-03 -1.492825e-03 9.999952e-01 -1.378547e+01
9.999035e-01 -3.284229e-03 -1.350113e-02 -2.045479e+01 3.262768e-03 9.999934e-01 -1.611276e-03 1.386875e+00 1.350633e-02 1.567068e-03 9.999076e-01 -1.414960e+01
9.999639e-01 2.727013e-03 8.045342e-03 -2.076393e+01 -2.743021e-03 9.999943e-01 1.979455e-03 1.399106e+00 -8.039898e-03 -2.001452e-03 9.999657e-01 -1.409871e+01
9.999460e-01 -4.574911e-03 -9.335844e-03 -2.152494e+01 4.559578e-03 9.999882e-01 -1.662932e-03 1.443777e+00 9.343342e-03 1.620274e-03 9.999550e-01 -1.366302e+01
9.999598e-01 2.554659e-03 8.595978e-03 -2.233497e+01 -2.572661e-03 9.999945e-01 2.083887e-03 1.490002e+00 -8.590607e-03 -2.105917e-03 9.999609e-01 -1.314502e+01
9.999311e-01 -4.068968e-03 -1.100756e-02 -2.291641e+01 4.051335e-03 9.999905e-01 -1.623704e-03 1.514692e+00 1.101406e-02 1.578996e-03 9.999381e-01 -1.276222e+01
9.999416e-01 2.050778e-03 1.060814e-02 -2.366339e+01 -2.074948e-03 9.999953e-01 2.267941e-03 1.554975e+00 -1.060344e-02 -2.289819e-03 9.999412e-01 -1.206459e+01
9.999253e-01 -3.917881e-03 -1.158002e-02 -2.437153e+01 3.899869e-03 9.999912e-01 -1.577629e-03 1.594037e+00 1.158610e-02 1.532350e-03 9.999317e-01 -1.141912e+01
9.999420e-01 1.932067e-03 1.059309e-02 -2.514458e+01 -1.954182e-03 9.999959e-01 2.077747e-03 1.638437e+00 -1.058903e-02 -2.098327e-03 9.999417e-01 -1.079425e+01
9.999114e-01 -3.416385e-03 -1.286251e-02 -2.577180e+01 3.394544e-03 9.999928e-01 -1.719390e-03 1.672495e+00 1.286829e-02 1.675574e-03 9.999158e-01 -1.044221e+01
9.999560e-01 2.459551e-03 9.056020e-03 -2.609132e+01 -2.482003e-03 9.999939e-01 2.468833e-03 1.685203e+00 -9.049893e-03 -2.491201e-03 9.999559e-01 -1.003826e+01
9.999019e-01 -3.218126e-03 -1.363496e-02 -2.636282e+01 3.193862e-03 9.999933e-01 -1.800896e-03 1.696646e+00 1.364066e-02 1.757170e-03 9.999054e-01 -9.746438e+00
9.999238e-01 1.364924e-03 1.226632e-02 -2.707221e+01 -1.390086e-03 9.999969e-01 2.043117e-03 1.735041e+00 -1.226349e-02 -2.060012e-03 9.999227e-01 -9.347503e+00
9.999334e-01 -3.861704e-03 -1.087153e-02 -2.808887e+01 3.842912e-03 9.999911e-01 -1.748913e-03 1.800007e+00 1.087819e-02 1.707018e-03 9.999394e-01 -8.638370e+00
9.999571e-01 2.487844e-03 8.923672e-03 -2.864448e+01 -2.509155e-03 9.999940e-01 2.377868e-03 1.834317e+00 -8.917703e-03 -2.400157e-03 9.999574e-01 -8.178631e+00
9.999247e-01 -3.817544e-03 -1.165870e-02 -2.912397e+01 3.797580e-03 9.999913e-01 -1.734032e-03 1.860439e+00 1.166522e-02 1.689626e-03 9.999305e-01 -7.729965e+00
9.999291e-01 1.790820e-03 1.176853e-02 -2.994061e+01 -1.816316e-03 9.999960e-01 2.156173e-03 1.910747e+00 -1.176463e-02 -2.177395e-03 9.999284e-01 -7.075320e+00
9.998775e-01 -2.908439e-03 -1.537902e-02 -3.044602e+01 2.881829e-03 9.999943e-01 -1.752145e-03 1.938904e+00 1.538403e-02 1.707610e-03 9.998802e-01 -6.829932e+00
9.999305e-01 1.641287e-03 1.167283e-02 -3.107670e+01 -1.660546e-03 9.999973e-01 1.640452e-03 1.970236e+00 -1.167011e-02 -1.659721e-03 9.999305e-01 -6.761536e+00
9.998995e-01 -3.432605e-03 -1.375747e-02 -3.193475e+01 3.408781e-03 9.999927e-01 -1.754799e-03 2.018828e+00 1.376339e-02 1.707725e-03 9.999038e-01 -6.590199e+00
9.999404e-01 1.950091e-03 1.073898e-02 -3.263446e+01 -1.969216e-03 9.999965e-01 1.770666e-03 2.058484e+00 -1.073549e-02 -1.791707e-03 9.999408e-01 -6.420818e+00
9.998937e-01 -3.242022e-03 -1.421541e-02 -3.327820e+01 3.217103e-03 9.999932e-01 -1.775408e-03 2.092996e+00 1.422107e-02 1.729486e-03 9.998974e-01 -6.317106e+00
9.999649e-01 1.943997e-03 8.153888e-03 -3.392739e+01 -1.954227e-03 9.999973e-01 1.246876e-03 2.125808e+00 -8.151442e-03 -1.262766e-03 9.999660e-01 -6.561148e+00
9.999519e-01 -4.607084e-03 -8.663635e-03 -3.522127e+01 4.588679e-03 9.999872e-01 -2.143111e-03 2.195902e+00 8.673397e-03 2.103252e-03 9.999602e-01 -6.477785e+00
9.999733e-01 2.289423e-03 6.946087e-03 -3.632866e+01 -2.300563e-03 9.999961e-01 1.596268e-03 2.259634e+00 -6.942405e-03 -1.612204e-03 9.999746e-01 -6.401740e+00
9.998868e-01 -3.371444e-03 -1.466435e-02 -3.677356e+01 3.341834e-03 9.999923e-01 -2.043170e-03 2.287397e+00 1.467112e-02 1.993932e-03 9.998904e-01 -6.641696e+00
9.999970e-01 2.355545e-03 6.483022e-04 -3.680477e+01 -2.356044e-03 9.999969e-01 7.701058e-04 2.299487e+00 -6.464861e-04 -7.716304e-04 9.999995e-01 -7.491687e+00
9.999442e-01 -3.370362e-03 -1.000697e-02 -3.707620e+01 3.357297e-03 9.999935e-01 -1.321975e-03 2.316773e+00 1.001136e-02 1.288304e-03 9.999491e-01 -7.903311e+00
9.999917e-01 2.905362e-03 2.846320e-03 -3.729877e+01 -2.910110e-03 9.999944e-01 1.665477e-03 2.331518e+00 -2.841465e-03 -1.673746e-03 9.999946e-01 -7.899916e+00
9.999318e-01 -3.579346e-03 -1.111408e-02 -3.748046e+01 3.559947e-03 9.999921e-01 -1.764763e-03 2.343279e+00 1.112031e-02 1.725077e-03 9.999367e-01 -8.102630e+00
9.999933e-01 2.652180e-03 2.541236e-03 -3.777780e+01 -2.655714e-03 9.999955e-01 1.388486e-03 2.361576e+00 -2.537542e-03 -1.395225e-03 9.999958e-01 -8.424708e+00
9.998486e-01 -3.606294e-03 -1.702255e-02 -3.772507e+01 3.563547e-03 9.999904e-01 -2.540792e-03 2.370668e+00 1.703155e-02 2.479746e-03 9.998519e-01 -9.275316e+00
9.999982e-01 1.879088e-03 2.860402e-04 -3.767530e+01 -1.879167e-03 9.999982e-01 2.757206e-04 2.384669e+00 -2.855215e-04 -2.762572e-04 9.999999e-01 -1.060378e+01
9.998198e-01 -3.739799e-03 -1.861379e-02 -3.759280e+01 3.688377e-03 9.999893e-01 -2.796152e-03 2.400606e+00 1.862404e-02 2.726992e-03 9.998228e-01 -1.202411e+01
9.999948e-01 2.395492e-03 2.169115e-03 -3.748023e+01 -2.398081e-03 9.999964e-01 1.192046e-03 2.411440e+00 -2.166251e-03 -1.197241e-03 9.999969e-01 -1.307727e+01
9.998572e-01 -3.119325e-03 -1.660765e-02 -3.728777e+01 3.087778e-03 9.999934e-01 -1.924791e-03 2.415401e+00 1.661355e-02 1.873235e-03 9.998602e-01 -1.375741e+01
9.999956e-01 2.391927e-03 1.767237e-03 -3.706240e+01 -2.394264e-03 9.999963e-01 1.321871e-03 2.419256e+00 -1.764068e-03 -1.326096e-03 9.999976e-01 -1.441055e+01
9.998490e-01 -3.331318e-03 -1.705488e-02 -3.690904e+01 3.290096e-03 9.999916e-01 -2.444483e-03 2.426599e+00 1.706288e-02 2.388001e-03 9.998516e-01 -1.526820e+01
9.999874e-01 2.373664e-03 4.422785e-03 -3.694706e+01 -2.380651e-03 9.999959e-01 1.575199e-03 2.437754e+00 -4.419027e-03 -1.585708e-03 9.999890e-01 -1.595546e+01
9.998709e-01 -3.256195e-03 -1.573311e-02 -3.708937e+01 3.218816e-03 9.999919e-01 -2.400507e-03 2.451555e+00 1.574080e-02 2.349554e-03 9.998733e-01 -1.656257e+01
9.999934e-01 2.691979e-03 2.456226e-03 -3.701086e+01 -2.696385e-03 9.999948e-01 1.792539e-03 2.455966e+00 -2.451388e-03 -1.799150e-03 9.999954e-01 -1.720725e+01
9.998269e-01 -3.462312e-03 -1.827886e-02 -3.676664e+01 3.416628e-03 9.999910e-01 -2.529870e-03 2.459835e+00 1.828745e-02 2.466979e-03 9.998297e-01 -1.801132e+01
9.999945e-01 2.725404e-03 1.893150e-03 -3.647537e+01 -2.728932e-03 9.999945e-01 1.864113e-03 2.463261e+00 -1.888059e-03 -1.869269e-03 9.999965e-01 -1.880195e+01
9.998245e-01 -3.664227e-03 -1.837308e-02 -3.624738e+01 3.610277e-03 9.999891e-01 -2.968632e-03 2.469779e+00 1.838376e-02 2.901779e-03 9.998268e-01 -1.970112e+01
9.999898e-01 2.893452e-03 3.480328e-03 -3.606478e+01 -2.901597e-03 9.999931e-01 2.337836e-03 2.474434e+00 -3.473540e-03 -2.347910e-03 9.999912e-01 -2.039604e+01
9.998836e-01 -3.179963e-03 -1.492385e-02 -3.590932e+01 3.147006e-03 9.999926e-01 -2.231278e-03 2.471950e+00 1.493083e-02 2.184052e-03 9.998861e-01 -2.064013e+01
9.999945e-01 2.701550e-03 1.911457e-03 -3.574293e+01 -2.704944e-03 9.999948e-01 1.775191e-03 2.472479e+00 -1.906651e-03 -1.780352e-03 9.999966e-01 -2.118920e+01
9.998748e-01 -2.897151e-03 -1.555763e-02 -3.551345e+01 2.867993e-03 9.999941e-01 -1.896097e-03 2.472519e+00 1.556303e-02 1.851240e-03 9.998772e-01 -2.165147e+01
9.999958e-01 2.430983e-03 1.580913e-03 -3.534209e+01 -2.433436e-03 9.999958e-01 1.551651e-03 2.475155e+00 -1.577134e-03 -1.555491e-03 9.999975e-01 -2.223299e+01
9.998675e-01 -3.462502e-03 -1.590423e-02 -3.528226e+01 3.417770e-03 9.999901e-01 -2.838868e-03 2.482405e+00 1.591390e-02 2.784135e-03 9.998695e-01 -2.311290e+01
9.999943e-01 2.759578e-03 1.958196e-03 -3.515968e+01 -2.763820e-03 9.999938e-01 2.166968e-03 2.486600e+00 -1.952204e-03 -2.172367e-03 9.999957e-01 -2.377502e+01
9.998750e-01 -2.994490e-03 -1.552494e-02 -3.502099e+01 2.955623e-03 9.999924e-01 -2.525794e-03 2.489706e+00 1.553238e-02 2.479592e-03 9.998763e-01 -2.431838e+01
9.999956e-01 2.362503e-03 1.806200e-03 -3.490076e+01 -2.366197e-03 9.999951e-01 2.046112e-03 2.494272e+00 -1.801358e-03 -2.050376e-03 9.999963e-01 -2.494675e+01
9.998805e-01 -3.243493e-03 -1.511470e-02 -3.491991e+01 3.196872e-03 9.999901e-01 -3.107590e-03 2.503357e+00 1.512463e-02 3.058899e-03 9.998809e-01 -2.573017e+01
9.999929e-01 3.397869e-03 -1.603182e-03 -3.433421e+01 -3.392572e-03 9.999888e-01 3.295003e-03 2.491472e+00 1.614360e-03 -3.289541e-03 9.999933e-01 -2.613632e+01
9.998665e-01 -3.419148e-03 -1.597962e-02 -3.368821e+01 3.373749e-03 9.999902e-01 -2.867113e-03 2.485802e+00 1.598926e-02 2.812819e-03 9.998682e-01 -2.659216e+01
9.999969e-01 2.104746e-03 -1.308800e-03 -3.355184e+01 -2.103179e-03 9.999971e-01 1.197227e-03 2.497209e+00 1.311316e-03 -1.194471e-03 9.999984e-01 -2.772368e+01
9.998880e-01 -2.911051e-03 -1.468230e-02 -3.337177e+01 2.880064e-03 9.999936e-01 -2.131166e-03 2.503901e+00 1.468841e-02 2.088641e-03 9.998899e-01 -2.854720e+01
9.999735e-01 2.382955e-03 6.884080e-03 -3.339031e+01 -2.399451e-03 9.999943e-01 2.388983e-03 2.502117e+00 -6.878348e-03 -2.405437e-03 9.999735e-01 -2.851202e+01
9.998964e-01 -3.015999e-03 -1.407654e-02 -3.366531e+01 2.984678e-03 9.999930e-01 -2.245511e-03 2.512674e+00 1.408321e-02 2.203264e-03 9.998984e-01 -2.856456e+01
9.999959e-01 2.041023e-03 2.022976e-03 -3.380154e+01 -2.043257e-03 9.999973e-01 1.103125e-03 2.524664e+00 -2.020719e-03 -1.107254e-03 9.999973e-01 -2.930416e+01
9.998830e-01 -2.825211e-03 -1.503200e-02 -3.381063e+01 2.795793e-03 9.999941e-01 -1.977665e-03 2.532220e+00 1.503750e-02 1.935407e-03 9.998851e-01 -3.001266e+01
9.999913e-01 2.289698e-03 3.474565e-03 -3.373768e+01 -2.295979e-03 9.999957e-01 1.804874e-03 2.534903e+00 -3.470417e-03 -1.812835e-03 9.999923e-01 -3.041655e+01
9.998786e-01 -2.575937e-03 -1.536987e-02 -3.354041e+01 2.551106e-03 9.999954e-01 -1.634902e-03 2.533674e+00 1.537401e-02 1.595493e-03 9.998805e-01 -3.064673e+01
9.999958e-01 2.297029e-03 1.762654e-03 -3.324156e+01 -2.299693e-03 9.999962e-01 1.510840e-03 2.532298e+00 -1.759177e-03 -1.514887e-03 9.999973e-01 -3.109464e+01
9.999106e-01 -2.479499e-03 -1.313770e-02 -3.302096e+01 2.463640e-03 9.999962e-01 -1.223144e-03 2.529420e+00 1.314068e-02 1.190668e-03 9.999129e-01 -3.130830e+01
9.999932e-01 2.074099e-03 3.045726e-03 -3.294495e+01 -2.078734e-03 9.999967e-01 1.519537e-03 2.529211e+00 -3.042565e-03 -1.525857e-03 9.999942e-01 -3.143479e+01
9.998770e-01 -2.124065e-03 -1.553944e-02 -3.267944e+01 2.105262e-03 9.999970e-01 -1.226232e-03 2.526269e+00 1.554200e-02 1.193366e-03 9.998785e-01 -3.168212e+01
9.999904e-01 1.942986e-03 3.940114e-03 -3.249249e+01 -1.949310e-03 9.999968e-01 1.601863e-03 2.522448e+00 -3.936989e-03 -1.609528e-03 9.999910e-01 -3.185707e+01
9.998796e-01 -2.041884e-03 -1.538440e-02 -3.220873e+01 2.022969e-03 9.999972e-01 -1.244974e-03 2.518055e+00 1.538690e-02 1.213702e-03 9.998809e-01 -3.200902e+01
9.999270e-01 7.915965e-04 1.205418e-02 -3.271564e+01 -8.115181e-04 9.999983e-01 1.647918e-03 2.547232e+00 -1.205285e-02 -1.657580e-03 9.999260e-01 -3.164894e+01
9.998612e-01 -2.040398e-03 -1.653758e-02 -3.336120e+01 2.013185e-03 9.999966e-01 -1.662020e-03 2.585720e+00 1.654092e-02 1.628496e-03 9.998619e-01 -3.155438e+01
9.999977e-01 1.136388e-03 1.812792e-03 -3.314646e+01 -1.137853e-03 9.999990e-01 8.075440e-04 2.590326e+00 -1.811873e-03 -8.096044e-04 9.999980e-01 -3.232971e+01
9.998182e-01 -2.315516e-03 -1.892492e-02 -3.292372e+01 2.275356e-03 9.999951e-01 -2.143304e-03 2.598932e+00 1.892979e-02 2.099853e-03 9.998186e-01 -3.334395e+01
9.999922e-01 1.662419e-03 3.580142e-03 -3.272747e+01 -1.667689e-03 9.999975e-01 1.469556e-03 2.604541e+00 -3.577690e-03 -1.475514e-03 9.999925e-01 -3.405672e+01
9.998374e-01 -2.671808e-03 -1.783522e-02 -3.267497e+01 2.626962e-03 9.999933e-01 -2.537373e-03 2.616071e+00 1.784188e-02 2.490107e-03 9.998377e-01 -3.481611e+01
9.999941e-01 3.253280e-03 -1.084373e-03 -3.179931e+01 -3.249852e-03 9.999898e-01 3.147697e-03 2.596270e+00 1.094602e-03 -3.144154e-03 9.999945e-01 -3.519680e+01
9.998367e-01 -2.624805e-03 -1.787749e-02 -3.094329e+01 2.589167e-03 9.999946e-01 -2.016278e-03 2.578258e+00 1.788268e-02 1.969660e-03 9.998382e-01 -3.544854e+01
9.999864e-01 2.496210e-03 4.575301e-03 -3.070439e+01 -2.505950e-03 9.999946e-01 2.124531e-03 2.577186e+00 -4.569973e-03 -2.135967e-03 9.999873e-01 -3.582724e+01
9.998251e-01 -2.861384e-03 -1.848049e-02 -3.050442e+01 2.817879e-03 9.999932e-01 -2.379667e-03 2.578483e+00 1.848717e-02 2.327175e-03 9.998264e-01 -3.636236e+01
9.999884e-01 2.216572e-03 4.280882e-03 -3.032644e+01 -2.224420e-03 9.999959e-01 1.829384e-03 2.581846e+00 -4.276809e-03 -1.838885e-03 9.999892e-01 -3.701157e+01
9.998394e-01 -2.908252e-03 -1.768249e-02 -3.017633e+01 2.866189e-03 9.999930e-01 -2.403648e-03 2.584029e+00 1.768935e-02 2.352580e-03 9.998408e-01 -3.763745e+01
9.999941e-01 3.423640e-03 2.641868e-04 -2.937643e+01 -3.424368e-03 9.999902e-01 2.808276e-03 2.567368e+00 -2.545698e-04 -2.809164e-03 9.999960e-01 -3.793714e+01
9.997999e-01 -2.825944e-03 -1.980137e-02 -2.851625e+01 2.792052e-03 9.999946e-01 -1.739022e-03 2.553337e+00 1.980617e-02 1.683388e-03 9.998024e-01 -3.824810e+01
9.999773e-01 1.821371e-03 6.492968e-03 -2.853587e+01 -1.824565e-03 9.999982e-01 4.860083e-04 2.562129e+00 -6.492071e-03 -4.978437e-04 9.999788e-01 -3.908182e+01
9.998176e-01 -2.987261e-03 -1.886274e-02 -2.870303e+01 2.949522e-03 9.999936e-01 -2.028217e-03 2.576224e+00 1.886868e-02 1.972211e-03 9.998200e-01 -3.994668e+01
9.999990e-01 1.006723e-03 9.725552e-04 -2.869632e+01 -1.005759e-03 9.999990e-01 -9.899600e-04 2.593834e+00 -9.735510e-04 9.889812e-04 9.999990e-01 -4.156596e+01
9.998315e-01 -2.408669e-03 -1.819611e-02 -2.859133e+01 2.396246e-03 9.999969e-01 -7.044631e-04 2.605209e+00 1.819775e-02 6.607417e-04 9.998342e-01 -4.269574e+01
9.999746e-01 2.061317e-03 6.816712e-03 -2.834329e+01 -2.067209e-03 9.999975e-01 8.573721e-04 2.594399e+00 -6.814928e-03 -8.714416e-04 9.999764e-01 -4.277154e+01
9.997747e-01 -1.953012e-03 -2.113643e-02 -2.790670e+01 1.940689e-03 9.999979e-01 -6.034652e-04 2.585007e+00 2.113757e-02 5.623097e-04 9.997764e-01 -4.300915e+01
9.999809e-01 1.766448e-03 5.922292e-03 -2.754268e+01 -1.770016e-03 9.999983e-01 5.975174e-04 2.583784e+00 -5.921227e-03 -6.079883e-04 9.999823e-01 -4.346624e+01
9.997537e-01 -3.266276e-03 -2.194996e-02 -2.747678e+01 3.210006e-03 9.999915e-01 -2.598257e-03 2.595508e+00 2.195826e-02 2.527157e-03 9.997557e-01 -4.461135e+01
9.999729e-01 2.103153e-03 7.048235e-03 -2.737290e+01 -2.112488e-03 9.999969e-01 1.317284e-03 2.602059e+00 -7.045443e-03 -1.332138e-03 9.999743e-01 -4.551509e+01
9.997678e-01 -2.566986e-03 -2.139408e-02 -2.702641e+01 2.531459e-03 9.999954e-01 -1.687489e-03 2.596945e+00 2.139832e-02 1.632938e-03 9.997697e-01 -4.593813e+01
9.999894e-01 1.743367e-03 4.261075e-03 -2.669895e+01 -1.747293e-03 9.999981e-01 9.179900e-04 2.601660e+00 -4.259467e-03 -9.254253e-04 9.999905e-01 -4.681513e+01
9.998135e-01 -1.954543e-03 -1.921276e-02 -2.633529e+01 1.938813e-03 9.999978e-01 -8.373070e-04 2.599554e+00 1.921435e-02 7.999006e-04 9.998151e-01 -4.729969e+01
9.999781e-01 2.175433e-03 6.258217e-03 -2.599606e+01 -2.185301e-03 9.999964e-01 1.570653e-03 2.593809e+00 -6.254778e-03 -1.584294e-03 9.999792e-01 -4.740709e+01
9.998268e-01 -1.955463e-03 -1.850763e-02 -2.568783e+01 1.937531e-03 9.999976e-01 -9.867383e-04 2.586279e+00 1.850952e-02 9.507081e-04 9.998282e-01 -4.748832e+01
9.999781e-01 1.507560e-03 6.442022e-03 -2.555543e+01 -1.512378e-03 9.999986e-01 7.432558e-04 2.587040e+00 -6.440892e-03 -7.529820e-04 9.999790e-01 -4.791030e+01
9.997776e-01 -2.536239e-03 -2.093663e-02 -2.555024e+01 2.490371e-03 9.999944e-01 -2.216543e-03 2.596560e+00 2.094213e-02 2.163910e-03 9.997783e-01 -4.886633e+01
9.999767e-01 2.052104e-03 6.506440e-03 -2.535990e+01 -2.062778e-03 9.999965e-01 1.634367e-03 2.596418e+00 -6.503064e-03 -1.647750e-03 9.999775e-01 -4.947545e+01
