9.998931e-01 -5.129409e-04 -1.461237e-02 2.915746e-01 5.096505e-04 9.999998e-01 -2.288995e-04 -5.883677e-03 1.461249e-02 2.214271e-04 9.998932e-01 -4.687657e-01
9.999990e-01 4.504970e-04 -1.348399e-03 7.741430e-01 -4.500092e-04 9.999998e-01 3.620053e-04 -1.221667e-02 1.348562e-03 -3.613975e-04 9.999990e-01 -9.479488e-01
9.998695e-01 -2.915513e-04 -1.615343e-02 1.416469e+00 2.914729e-04 1.000000e+00 -7.200972e-06 -2.008771e-02 1.615343e-02 2.491034e-06 9.998695e-01 -1.446385e+00
9.999957e-01 6.172476e-04 -2.859756e-03 2.211461e+00 -6.161211e-04 9.999997e-01 3.947507e-04 -3.232528e-02 2.859999e-03 -3.929863e-04 9.999958e-01 -1.954728e+00
9.998912e-01 -5.776062e-04 -1.474028e-02 2.872018e+00 5.780939e-04 9.999998e-01 2.883183e-05 -4.192304e-02 1.474027e-02 -3.735068e-05 9.998914e-01 -2.439103e+00
9.999998e-01 2.472351e-04 -4.976630e-04 3.333537e+00 -2.471381e-04 1.000000e+00 1.948448e-04 -4.854077e-02 4.977115e-04 -1.947210e-04 9.999999e-01 -2.922650e+00
9.998587e-01 -1.676707e-04 -1.681133e-02 3.951200e+00 1.686967e-04 1.000000e+00 5.961211e-05 -6.087680e-02 1.681132e-02 -6.244041e-05 9.998587e-01 -3.337642e+00
9.999901e-01 5.172646e-04 -4.426817e-03 4.899865e+00 -5.153216e-04 9.999998e-01 4.400283e-04 -7.488367e-02 4.427044e-03 -4.377419e-04 9.999901e-01 -3.919860e+00
9.998672e-01 -1.895224e-04 -1.629801e-02 5.776087e+00 1.887091e-04 1.000000e+00 -5.143450e-05 -8.582604e-02 1.629802e-02 4.835138e-05 9.998672e-01 -4.545015e+00
9.999996e-01 -1.486972e-04 8.629724e-04 6.311689e+00 1.483655e-04 9.999999e-01 3.844714e-04 -9.515729e-02 -8.630292e-04 -3.843425e-04 9.999996e-01 -4.962784e+00
9.998014e-01 -3.459870e-04 -1.992449e-02 6.733748e+00 3.207906e-04 9.999991e-01 -1.267772e-03 -9.566289e-02 1.992492e-02 1.261128e-03 9.998007e-01 -5.924269e+00
9.999933e-01 -7.259245e-04 -3.574476e-03 7.317038e+00 7.230522e-04 9.999994e-01 -8.048001e-04 -9.031942e-02 3.575059e-03 8.022109e-04 9.999933e-01 -7.497631e+00
9.999035e-01 -3.415924e-04 -1.388680e-02 7.756644e+00 3.434011e-04 9.999999e-01 1.278652e-04 -8.705312e-02 1.388676e-02 -1.326223e-04 9.999036e-01 -8.412922e+00
9.999997e-01 -2.725591e-05 7.890121e-04 8.145527e+00 2.741145e-05 1.000000e+00 -1.969806e-04 -1.017624e-01 -7.890064e-04 1.970029e-04 9.999997e-01 -8.457749e+00
9.999415e-01 -3.728946e-04 -1.081157e-02 8.694984e+00 3.830439e-04 9.999995e-01 9.366987e-04 -1.433040e-01 1.081122e-02 -9.407859e-04 9.999411e-01 -7.380888e+00
9.999951e-01 -2.849239e-04 -3.108603e-03 9.580439e+00 2.845519e-04 1.000000e+00 -1.201287e-04 -2.013603e-01 3.108637e-03 1.192442e-04 9.999952e-01 -5.991016e+00
9.998951e-01 -4.183373e-04 -1.447816e-02 1.086858e+01 4.316828e-04 9.999995e-01 9.186688e-04 -2.716795e-01 1.447776e-02 -9.248231e-04 9.998948e-01 -4.522445e+00
9.999999e-01 -3.549330e-04 2.299750e-05 1.200327e+01 3.549344e-04 9.999999e-01 -5.481183e-05 -3.478557e-01 -2.297772e-05 5.482068e-05 1.000000e+00 -2.526143e+00
9.999264e-01 -6.623573e-04 -1.211755e-02 1.306311e+01 6.708014e-04 9.999995e-01 6.928141e-04 -4.262126e-01 1.211708e-02 -7.008922e-04 9.999263e-01 -3.272159e-01
9.999900e-01 -3.089112e-04 4.464675e-03 1.379742e+01 3.103029e-04 9.999999e-01 -3.109908e-04 -4.919294e-01 -4.464578e-03 3.123738e-04 9.999900e-01 1.758320e+00
9.999328e-01 -5.701695e-04 -1.158087e-02 1.449525e+01 5.779073e-04 9.999996e-01 6.648342e-04 -5.590944e-01 1.158049e-02 -6.714829e-04 9.999327e-01 3.966225e+00
9.999984e-01 -5.171004e-04 1.703397e-03 1.544200e+01 5.174012e-04 9.999999e-01 -1.760563e-04 -6.363703e-01 -1.703305e-03 1.769380e-04 9.999985e-01 6.320828e+00
9.998917e-01 -3.535795e-04 -1.471047e-02 1.640503e+01 3.659861e-04 9.999996e-01 8.407123e-04 -7.024877e-01 1.471016e-02 -8.460058e-04 9.998914e-01 8.168915e+00
9.999663e-01 -9.143186e-04 8.161417e-03 1.719760e+01 9.208214e-04 9.999993e-01 -7.930291e-04 -7.728588e-01 -8.160686e-03 8.005182e-04 9.999664e-01 1.032501e+01
9.999746e-01 -7.287610e-04 -7.090145e-03 1.758082e+01 7.337552e-04 9.999995e-01 7.018384e-04 -8.439483e-01 7.089629e-03 -7.070237e-04 9.999746e-01 1.330648e+01
9.999927e-01 -4.782253e-04 -3.801034e-03 1.872253e+01 4.768542e-04 9.999998e-01 -3.616607e-04 -9.312616e-01 3.801207e-03 3.598462e-04 9.999927e-01 1.566128e+01
9.999048e-01 -8.732009e-04 -1.376786e-02 2.024107e+01 8.767080e-04 9.999996e-01 2.487100e-04 -1.015112e+00 1.376764e-02 -2.607574e-04 9.999052e-01 1.739817e+01
9.999997e-01 -5.814315e-04 4.606459e-04 2.150106e+01 5.814809e-04 9.999998e-01 -1.067480e-04 -1.095311e+00 -4.605834e-04 1.070165e-04 9.999999e-01 1.923550e+01
9.999769e-01 -1.012521e-03 -6.714638e-03 2.243832e+01 1.013540e-03 9.999995e-01 1.483269e-04 -1.180244e+00 6.714483e-03 -1.551297e-04 9.999774e-01 2.158350e+01
9.999449e-01 -1.019420e-03 1.044392e-02 2.279535e+01 1.026770e-03 9.999992e-01 -6.983294e-04 -1.249633e+00 -1.044320e-02 7.090151e-04 9.999452e-01 2.454667e+01
9.999791e-01 -1.464801e-03 -6.291185e-03 2.335082e+01 1.465700e-03 9.999989e-01 1.382518e-04 -1.335711e+00 6.290976e-03 -1.474706e-04 9.999802e-01 2.806876e+01
9.999518e-01 -4.569822e-04 9.803291e-03 2.354727e+01 4.619983e-04 9.999998e-01 -5.093998e-04 -1.390746e+00 -9.803056e-03 5.139050e-04 9.999518e-01 3.105403e+01
9.999899e-01 -1.594559e-03 -4.191092e-03 2.374728e+01 1.594388e-03 9.999987e-01 -4.415770e-05 -1.450025e+00 4.191156e-03 3.747435e-05 9.999912e-01 3.419789e+01
9.999792e-01 -4.959803e-04 6.434255e-03 2.420960e+01 4.982613e-04 9.999998e-01 -3.528798e-04 -1.528206e+00 -6.434078e-03 3.560791e-04 9.999792e-01 3.749772e+01
9.999958e-01 -1.840822e-03 -2.227227e-03 2.448488e+01 1.839708e-03 9.999982e-01 -5.019087e-04 -1.595768e+00 2.228147e-03 4.978084e-04 9.999974e-01 4.068203e+01
9.999449e-01 -8.564171e-04 1.046641e-02 2.451313e+01 8.575929e-04 9.999996e-01 -1.078347e-04 -1.651203e+00 -1.046632e-02 1.168054e-04 9.999452e-01 4.437576e+01
9.999915e-01 -1.938196e-03 -3.652527e-03 2.406610e+01 1.937610e-03 9.999981e-01 -1.640080e-04 -1.664666e+00 3.652838e-03 1.569288e-04 9.999933e-01 4.752718e+01
9.999780e-01 -2.733793e-04 6.627165e-03 2.424528e+01 2.712099e-04 9.999999e-01 3.282680e-04 -1.719815e+00 -6.627254e-03 -3.264627e-04 9.999780e-01 5.054495e+01
9.999580e-01 -2.565004e-03 -8.797581e-03 2.526386e+01 2.563533e-03 9.999967e-01 -1.784386e-04 -1.820657e+00 8.798009e-03 1.558776e-04 9.999613e-01 5.400409e+01
9.999940e-01 5.811673e-04 3.409069e-03 2.592584e+01 -5.815380e-04 9.999998e-01 1.077938e-04 -1.877864e+00 -3.409006e-03 -1.097750e-04 9.999942e-01 5.611965e+01
9.999888e-01 -2.935133e-03 -3.707392e-03 2.644012e+01 2.934339e-03 9.999957e-01 -2.194238e-04 -1.933977e+00 3.708020e-03 2.085419e-04 9.999931e-01 5.834192e+01
9.999888e-01 4.696634e-04 4.708704e-03 2.712952e+01 -4.672009e-04 9.999998e-01 -5.240114e-04 -2.023147e+00 -4.708949e-03 5.218063e-04 9.999888e-01 6.162598e+01
9.999896e-01 -3.712737e-03 2.641884e-03 2.747630e+01 3.714697e-03 9.999928e-01 -7.371867e-04 -2.109188e+00 -2.639128e-03 7.469921e-04 9.999962e-01 6.545584e+01
9.999799e-01 3.736320e-04 6.335226e-03 2.772390e+01 -3.724307e-04 9.999999e-01 -1.907783e-04 -2.191643e+00 -6.335296e-03 1.884157e-04 9.999799e-01 6.947783e+01
9.999937e-01 -3.546119e-03 1.805348e-04 2.767791e+01 3.546133e-03 9.999937e-01 -7.750610e-05 -2.248758e+00 -1.802591e-04 7.814513e-05 1.000000e+00 7.305781e+01
9.999863e-01 7.772665e-04 5.184434e-03 2.769202e+01 -7.766612e-04 9.999997e-01 -1.187359e-04 -2.304694e+00 -5.184525e-03 1.147084e-04 9.999866e-01 7.623776e+01
9.999921e-01 -3.255517e-03 -2.302467e-03 2.781460e+01 3.255505e-03 9.999947e-01 -9.260465e-06 -2.365276e+00 2.302484e-03 1.764013e-06 9.999973e-01 7.914794e+01
9.999883e-01 1.415664e-03 4.623491e-03 2.764827e+01 -1.417776e-03 9.999989e-01 4.535913e-04 -2.388759e+00 -4.622844e-03 -4.601404e-04 9.999892e-01 8.137920e+01
9.999699e-01 -2.195263e-03 -7.444034e-03 2.779635e+01 2.192916e-03 9.999975e-01 -3.234306e-04 -2.429509e+00 7.444726e-03 3.070960e-04 9.999722e-01 8.296879e+01
9.999934e-01 1.625437e-03 3.244429e-03 2.787857e+01 -1.627821e-03 9.999984e-01 7.321621e-04 -2.456943e+00 -3.243233e-03 -7.374379e-04 9.999945e-01 8.414838e+01
9.999857e-01 -2.664811e-03 -4.627849e-03 2.798271e+01 2.663057e-03 9.999964e-01 -3.852547e-04 -2.493718e+00 4.628858e-03 3.729243e-04 9.999892e-01 8.585372e+01
9.999939e-01 2.166251e-03 -2.741211e-03 2.822437e+01 -2.164515e-03 9.999975e-01 6.358607e-04 -2.527530e+00 2.742582e-03 -6.299227e-04 9.999960e-01 8.667701e+01
9.999196e-01 -2.748773e-03 -1.238146e-02 2.843489e+01 2.732956e-03 9.999954e-01 -1.294207e-03 -2.524254e+00 1.238496e-02 1.260264e-03 9.999225e-01 8.593558e+01
9.999969e-01 1.858935e-03 -1.670359e-03 2.855639e+01 -1.858025e-03 9.999981e-01 5.458955e-04 -2.519105e+00 1.671371e-03 -5.427895e-04 9.999985e-01 8.519845e+01
9.999553e-01 -2.403136e-03 -9.146967e-03 2.863128e+01 2.397672e-03 9.999969e-01 -6.082410e-04 -2.520763e+00 9.148400e-03 5.862816e-04 9.999580e-01 8.495491e+01
9.999819e-01 1.646241e-03 5.784512e-03 2.872032e+01 -1.653129e-03 9.999979e-01 1.186264e-03 -2.546068e+00 -5.782546e-03 -1.195804e-03 9.999826e-01 8.595123e+01
9.999321e-01 -2.639772e-03 -1.134584e-02 2.886017e+01 2.631103e-03 9.999962e-01 -7.789512e-04 -2.576562e+00 1.134785e-02 7.490456e-04 9.999353e-01 8.702518e+01
9.999762e-01 1.882355e-03 6.640321e-03 2.878513e+01 -1.892135e-03 9.999971e-01 1.466813e-03 -2.584728e+00 -6.637541e-03 -1.479342e-03 9.999769e-01 8.756279e+01
9.999351e-01 -2.723224e-03 -1.105839e-02 2.866950e+01 2.714869e-03 9.999960e-01 -7.704285e-04 -2.589958e+00 1.106044e-02 7.403557e-04 9.999386e-01 8.820548e+01
9.999857e-01 1.950808e-03 4.971815e-03 2.835260e+01 -1.955411e-03 9.999977e-01 9.211859e-04 -2.578565e+00 -4.970006e-03 -9.308940e-04 9.999872e-01 8.827140e+01
9.999499e-01 -3.406397e-03 -9.415806e-03 2.761142e+01 3.393887e-03 9.999933e-01 -1.344234e-03 -2.541062e+00 9.420322e-03 1.312210e-03 9.999548e-01 8.818996e+01
9.999983e-01 1.732491e-03 5.725258e-04 2.703684e+01 -1.732485e-03 9.999985e-01 -1.098097e-05 -2.504665e+00 -5.725436e-04 9.989738e-06 9.999998e-01 8.758077e+01
9.999352e-01 -3.183935e-03 -1.093341e-02 2.664272e+01 3.172142e-03 9.999944e-01 -1.095782e-03 -2.475128e+00 1.093684e-02 1.061028e-03 9.999396e-01 8.694805e+01
9.999971e-01 1.855539e-03 -1.503668e-03 2.642305e+01 -1.855736e-03 9.999983e-01 -1.296993e-04 -2.452662e+00 1.503425e-03 1.324900e-04 9.999989e-01 8.614485e+01
9.999528e-01 -3.252634e-03 -9.158545e-03 2.604722e+01 3.242718e-03 9.999941e-01 -1.097357e-03 -2.425396e+00 9.162060e-03 1.067606e-03 9.999575e-01 8.545842e+01
9.999917e-01 2.717146e-03 -3.020328e-03 2.601563e+01 -2.714130e-03 9.999958e-01 1.002198e-03 -2.415766e+00 3.023038e-03 -9.939914e-04 9.999949e-01 8.499130e+01
9.998843e-01 -1.998272e-03 -1.508208e-02 2.693126e+01 2.000292e-03 9.999980e-01 1.188383e-04 -2.443338e+00 1.508182e-02 -1.489938e-04 9.998863e-01 8.484403e+01
9.999983e-01 1.659573e-03 -7.869654e-04 2.730844e+01 -1.659729e-03 9.999986e-01 -1.986620e-04 -2.441553e+00 7.866349e-04 1.999685e-04 9.999997e-01 8.420867e+01
9.998900e-01 -2.811169e-03 -1.456040e-02 2.738291e+01 2.793701e-03 9.999954e-01 -1.219851e-03 -2.432420e+00 1.456376e-02 1.179039e-03 9.998932e-01 8.322489e+01
9.999940e-01 2.643186e-03 -2.255844e-03 2.785068e+01 -2.640863e-03 9.999960e-01 1.032092e-03 -2.433389e+00 2.258563e-03 -1.026128e-03 9.999969e-01 8.256807e+01
9.998508e-01 -3.812492e-03 -1.684555e-02 2.817191e+01 3.772290e-03 9.999900e-01 -2.417573e-03 -2.423443e+00 1.685460e-02 2.353665e-03 9.998552e-01 8.146277e+01
9.999954e-01 1.474138e-03 -2.649727e-03 2.817314e+01 -1.476359e-03 9.999986e-01 -8.365176e-04 -2.402312e+00 2.648490e-03 8.404264e-04 9.999961e-01 7.974618e+01
9.998648e-01 -3.439552e-03 -1.607653e-02 2.820059e+01 3.409146e-03 9.999923e-01 -1.918316e-03 -2.385223e+00 1.608301e-02 1.863248e-03 9.998689e-01 7.825309e+01
9.999976e-01 1.793084e-03 -1.231765e-03 2.827392e+01 -1.793521e-03 9.999983e-01 -3.540230e-04 -2.372293e+00 1.231128e-03 3.562320e-04 9.999992e-01 7.692738e+01
9.998334e-01 -3.898650e-03 -1.783384e-02 2.833607e+01 3.856268e-03 9.999897e-01 -2.410258e-03 -2.354111e+00 1.784305e-02 2.341084e-03 9.998381e-01 7.536026e+01
9.999957e-01 2.815404e-03 -8.611867e-04 2.861712e+01 -2.814654e-03 9.999957e-01 8.707522e-04 -2.345700e+00 8.636348e-04 -8.683238e-04 9.999992e-01 7.421188e+01
9.998560e-01 -4.406874e-03 -1.638658e-02 2.878588e+01 4.366326e-03 9.999873e-01 -2.509394e-03 -2.334025e+00 1.639743e-02 2.437483e-03 9.998626e-01 7.303977e+01
9.999971e-01 2.090552e-03 -1.210913e-03 2.864642e+01 -2.091508e-03 9.999975e-01 -7.889071e-04 -2.312361e+00 1.209261e-03 7.914381e-04 9.999990e-01 7.134009e+01
9.997918e-01 -4.920059e-03 -1.980192e-02 2.857496e+01 4.855239e-03 9.999827e-01 -3.320162e-03 -2.285122e+00 1.981791e-02 3.223327e-03 9.997984e-01 6.927880e+01
9.999957e-01 2.832016e-03 7.858535e-04 2.864636e+01 -2.832532e-03 9.999958e-01 6.566166e-04 -2.267074e+00 -7.839904e-04 -6.588391e-04 9.999995e-01 6.773920e+01
9.998211e-01 -4.533165e-03 -1.836260e-02 2.872988e+01 4.481558e-03 9.999859e-01 -2.850598e-03 -2.251625e+00 1.837526e-02 2.767794e-03 9.998273e-01 6.641201e+01
9.999974e-01 2.235722e-03 -3.330090e-04 2.867625e+01 -2.235750e-03 9.999975e-01 -8.325138e-05 -2.227867e+00 3.328223e-04 8.399632e-05 9.999999e-01 6.480061e+01
9.999142e-01 -3.869678e-03 -1.251870e-02 2.843113e+01 3.850656e-03 9.999914e-01 -1.543227e-03 -2.201824e+00 1.252456e-02 1.494889e-03 9.999204e-01 6.389669e+01
9.999972e-01 1.946830e-03 -1.315126e-03 2.817184e+01 -1.947609e-03 9.999979e-01 -5.913125e-04 -2.174961e+00 1.313972e-03 5.938728e-04 9.999990e-01 6.277954e+01
9.999442e-01 -3.940273e-03 -9.799791e-03 2.767945e+01 3.926209e-03 9.999912e-01 -1.453868e-03 -2.138594e+00 9.805434e-03 1.415311e-03 9.999509e-01 6.186395e+01
9.999854e-01 4.051843e-03 -3.572049e-03 2.804225e+01 -4.044878e-03 9.999899e-01 1.954906e-03 -2.145612e+00 3.579934e-03 -1.940428e-03 9.999917e-01 6.164188e+01
9.999134e-01 -3.658906e-03 -1.264327e-02 2.873405e+01 3.646448e-03 9.999928e-01 -1.008282e-03 -2.157362e+00 1.264687e-02 9.620913e-04 9.999196e-01 6.134855e+01
9.999954e-01 2.489630e-03 -1.739773e-03 2.872697e+01 -2.489756e-03 9.999969e-01 -7.013954e-05 -2.141904e+00 1.739593e-03 7.447145e-05 9.999985e-01 6.051626e+01
9.999774e-01 -3.940417e-03 -5.445724e-03 2.818245e+01 3.936572e-03 9.999920e-01 -7.166198e-04 -2.110199e+00 5.448504e-03 6.951655e-04 9.999849e-01 6.019490e+01
9.999915e-01 2.396575e-03 -3.352824e-03 2.771794e+01 -2.397764e-03 9.999971e-01 -3.505677e-04 -2.078068e+00 3.351975e-03 3.586046e-04 9.999943e-01 5.969893e+01
9.999890e-01 -3.794867e-03 -2.766340e-03 2.709966e+01 3.794576e-03 9.999928e-01 -1.103668e-04 -2.042905e+00 2.766738e-03 9.986785e-05 9.999962e-01 5.948101e+01
9.999887e-01 2.857423e-03 -3.786455e-03 2.669457e+01 -2.856938e-03 9.999959e-01 1.336331e-04 -2.019700e+00 3.786822e-03 -1.228133e-04 9.999928e-01 5.940430e+01
9.999935e-01 -3.523622e-03 -8.023562e-04 2.654917e+01 3.524015e-03 9.999937e-01 4.892580e-04 -2.016273e+00 8.006270e-04 -4.920829e-04 9.999996e-01 5.977290e+01
9.999828e-01 2.614104e-03 -5.241890e-03 2.610798e+01 -2.616954e-03 9.999964e-01 -5.370534e-04 -1.992685e+00 5.240467e-03 5.507625e-04 9.999861e-01 5.975308e+01
9.999916e-01 -3.867453e-03 -1.367898e-03 2.564818e+01 3.867955e-03 9.999925e-01 3.644359e-04 -1.965222e+00 1.366478e-03 -3.697244e-04 9.999990e-01 5.957033e+01
9.999866e-01 2.948699e-03 -4.250848e-03 2.516544e+01 -2.950518e-03 9.999956e-01 -4.216941e-04 -1.940105e+00 4.249586e-03 4.342313e-04 9.999909e-01 5.953184e+01
9.999577e-01 -4.047427e-03 -8.258106e-03 2.505362e+01 4.043093e-03 9.999917e-01 -5.413949e-04 -1.920765e+00 8.260228e-03 5.079831e-04 9.999658e-01 5.885754e+01
9.999805e-01 2.758972e-03 -5.607670e-03 2.500111e+01 -2.762133e-03 9.999960e-01 -5.561912e-04 -1.901573e+00 5.606113e-03 5.716700e-04 9.999841e-01 5.807252e+01
9.999762e-01 -3.058280e-03 -6.180204e-03 2.511268e+01 3.064089e-03 9.999949e-01 9.307008e-04 -1.895449e+00 6.177325e-03 -9.496160e-04 9.999805e-01 5.786157e+01
9.999409e-01 2.754158e-03 -1.051958e-02 2.558557e+01 -2.761396e-03 9.999960e-01 -6.735344e-04 -1.897074e+00 1.051768e-02 7.025439e-04 9.999444e-01 5.737233e+01
9.999856e-01 -3.089770e-03 -4.382014e-03 2.591062e+01 3.092437e-03 9.999950e-01 6.021391e-04 -1.898606e+00 4.380131e-03 -6.156822e-04 9.999902e-01 5.686958e+01
9.999095e-01 2.928301e-03 -1.312853e-02 2.639038e+01 -2.935704e-03 9.999955e-01 -5.446995e-04 -1.898304e+00 1.312687e-02 5.831922e-04 9.999137e-01 5.622493e+01
9.999802e-01 -2.550451e-03 -5.757841e-03 2.717244e+01 2.559488e-03 9.999955e-01 1.562771e-03 -1.908893e+00 5.753829e-03 -1.577477e-03 9.999822e-01 5.590537e+01
9.998457e-01 3.189599e-03 -1.727205e-02 2.817575e+01 -3.194434e-03 9.999949e-01 -2.523737e-04 -1.917906e+00 1.727115e-02 3.075098e-04 9.998508e-01 5.533599e+01
9.999942e-01 -3.072937e-03 -1.470256e-03 2.875760e+01 3.074019e-03 9.999950e-01 7.345342e-04 -1.918716e+00 1.467991e-03 -7.390501e-04 9.999986e-01 5.474030e+01
9.998450e-01 3.539243e-03 -1.724442e-02 2.950559e+01 -3.542467e-03 9.999937e-01 -1.564077e-04 -1.928927e+00 1.724376e-02 2.174719e-04 9.998513e-01 5.422549e+01
9.999839e-01 -3.212750e-03 4.680709e-03 2.986148e+01 3.205989e-03 9.999938e-01 1.451192e-03 -1.933377e+00 -4.685342e-03 -1.436163e-03 9.999880e-01 5.418307e+01
9.998384e-01 2.989447e-03 -1.772852e-02 3.007198e+01 -3.007519e-03 9.999950e-01 -9.927865e-04 -1.926321e+00 1.772547e-02 1.045946e-03 9.998423e-01 5.395163e+01
9.999953e-01 -3.036753e-03 3.293421e-04 3.055025e+01 3.036350e-03 9.999947e-01 1.215864e-03 -1.927933e+00 -3.330328e-04 -1.214859e-03 9.999992e-01 5.338668e+01
9.998478e-01 2.717267e-03 -1.723219e-02 3.092170e+01 -2.742387e-03 9.999952e-01 -1.434266e-03 -1.925862e+00 1.722821e-02 1.481305e-03 9.998505e-01 5.267348e+01
9.999871e-01 -3.326730e-03 3.836254e-03 3.108062e+01 3.322212e-03 9.999938e-01 1.183373e-03 -1.919501e+00 -3.840167e-03 -1.170613e-03 9.999919e-01 5.223329e+01
9.999108e-01 2.763049e-03 -1.307093e-02 3.111415e+01 -2.772029e-03 9.999959e-01 -6.689254e-04 -1.909039e+00 1.306903e-02 7.050993e-04 9.999143e-01 5.226629e+01
9.999949e-01 -2.957794e-03 -1.212584e-03 3.143963e+01 2.959085e-03 9.999951e-01 1.064404e-03 -1.908189e+00 1.209429e-03 -1.067987e-03 9.999987e-01 5.201369e+01
9.998699e-01 2.709030e-03 -1.590279e-02 3.189384e+01 -2.725126e-03 9.999958e-01 -9.905643e-04 -1.908221e+00 1.590004e-02 1.033773e-03 9.998731e-01 5.140553e+01
9.999942e-01 -2.889261e-03 1.776583e-03 3.225143e+01 2.886728e-03 9.999948e-01 1.426333e-03 -1.908803e+00 -1.780695e-03 -1.421197e-03 9.999974e-01 5.117651e+01
9.998266e-01 2.252550e-03 -1.848485e-02 3.256554e+01 -2.291118e-03 9.999952e-01 -2.065555e-03 -1.905395e+00 1.848011e-02 2.107549e-03 9.998270e-01 5.033705e+01
9.999937e-01 -3.188050e-03 1.591448e-03 3.285008e+01 3.186393e-03 9.999944e-01 1.042408e-03 -1.900309e+00 -1.594762e-03 -1.037331e-03 9.999982e-01 4.936601e+01
9.997499e-01 3.440592e-03 -2.209533e-02 3.372184e+01 -3.451148e-03 9.999939e-01 -4.396441e-04 -1.908833e+00 2.209369e-02 5.157890e-04 9.997558e-01 4.878818e+01
9.999959e-01 -2.776628e-03 -7.399257e-04 3.487173e+01 2.777735e-03 9.999950e-01 1.500175e-03 -1.928018e+00 7.357565e-04 -1.502225e-03 9.999986e-01 4.849071e+01
9.997938e-01 2.995203e-03 -2.008587e-02 3.575963e+01 -3.013848e-03 9.999951e-01 -8.981106e-04 -1.937999e+00 2.008308e-02 9.584616e-04 9.997979e-01 4.790861e+01
9.999904e-01 -3.302117e-03 2.893937e-03 3.626156e+01 3.299777e-03 9.999942e-01 8.128741e-04 -1.939720e+00 -2.896604e-03 -8.033174e-04 9.999955e-01 4.721458e+01
9.997097e-01 3.726991e-03 -2.380502e-02 3.717649e+01 -3.726621e-03 9.999931e-01 5.990630e-05 -1.950195e+00 2.380507e-02 2.882388e-05 9.997166e-01 4.670239e+01
9.999793e-01 -3.949398e-03 5.084349e-03 3.775100e+01 3.949510e-03 9.999922e-01 -1.191059e-05 -1.951861e+00 -5.084262e-03 3.199051e-05 9.999871e-01 4.598865e+01
9.997518e-01 4.037190e-03 -2.190960e-02 3.836245e+01 -4.027457e-03 9.999918e-01 4.882884e-04 -1.958363e+00 2.191139e-02 -3.999267e-04 9.997598e-01 4.553288e+01
9.999631e-01 -4.438643e-03 7.350036e-03 3.866997e+01 4.444709e-03 9.999898e-01 -8.092376e-04 -1.956181e+00 -7.346369e-03 8.418760e-04 9.999727e-01 4.495285e+01
9.997891e-01 4.078476e-03 -2.012567e-02 3.890241e+01 -4.062816e-03 9.999914e-01 8.189011e-04 -1.954221e+00 2.012884e-02 -7.369610e-04 9.997971e-01 4.450019e+01
9.999672e-01 -4.339367e-03 6.837484e-03 3.919722e+01 4.344769e-03 9.999903e-01 -7.755461e-04 -1.956819e+00 -6.834052e-03 8.052274e-04 9.999763e-01 4.408146e+01
9.998440e-01 4.217531e-03 -1.715293e-02 3.941225e+01 -4.199670e-03 9.999906e-01 1.077155e-03 -1.964522e+00 1.715731e-02 -1.004950e-03 9.998523e-01 4.398803e+01
9.999630e-01 -4.192432e-03 7.505636e-03 3.963109e+01 4.196753e-03 9.999910e-01 -5.600877e-04 -1.973600e+00 -7.503221e-03 5.915658e-04 9.999717e-01 4.400250e+01
9.998763e-01 4.293044e-03 -1.513343e-02 3.980349e+01 -4.274142e-03 9.999900e-01 1.281115e-03 -1.985025e+00 1.513878e-02 -1.216274e-03 9.998847e-01 4.418008e+01
9.999728e-01 -4.517180e-03 5.829456e-03 3.984722e+01 4.524774e-03 9.999889e-01 -1.290183e-03 -1.984167e+00 -5.823564e-03 1.316525e-03 9.999822e-01 4.395112e+01
9.998712e-01 3.836847e-03 -1.558500e-02 3.977543e+01 -3.819751e-03 9.999921e-01 1.126525e-03 -1.971976e+00 1.558920e-02 -1.066848e-03 9.998779e-01 4.363680e+01
9.999550e-01 -5.127165e-03 7.986216e-03 3.933915e+01 5.140615e-03 9.999854e-01 -1.664514e-03 -1.943890e+00 -7.977565e-03 1.705493e-03 9.999667e-01 4.332587e+01
9.998637e-01 4.259792e-03 -1.595362e-02 3.911470e+01 -4.233156e-03 9.999896e-01 1.702928e-03 -1.927415e+00 1.596071e-02 -1.635162e-03 9.998713e-01 4.310698e+01
9.999155e-01 -5.228897e-03 1.190274e-02 3.864621e+01 5.246027e-03 9.999852e-01 -1.408399e-03 -1.903966e+00 -1.189520e-02 1.470721e-03 9.999282e-01 4.332775e+01
9.998385e-01 4.211986e-03 -1.747255e-02 3.808812e+01 -4.187588e-03 9.999902e-01 1.432674e-03 -1.874755e+00 1.747842e-02 -1.359275e-03 9.998463e-01 4.326606e+01
9.999758e-01 -5.506046e-03 4.252730e-03 3.797696e+01 5.518861e-03 9.999802e-01 -3.007656e-03 -1.861213e+00 -4.236086e-03 3.031052e-03 9.999864e-01 4.231420e+01
9.997689e-01 3.682554e-03 -2.118108e-02 3.797610e+01 -3.670816e-03 9.999931e-01 5.929834e-04 -1.845961e+00 2.118312e-02 -5.150940e-04 9.997755e-01 4.093401e+01
9.999683e-01 -5.350788e-03 5.895526e-03 3.780141e+01 5.369442e-03 9.999806e-01 -3.152766e-03 -1.828481e+00 -5.878542e-03 3.184321e-03 9.999777e-01 3.959155e+01
9.998400e-01 3.824605e-03 -1.747140e-02 3.738925e+01 -3.801592e-03 9.999919e-01 1.350202e-03 -1.803145e+00 1.747642e-02 -1.283567e-03 9.998465e-01 3.865648e+01
9.999834e-01 -4.693747e-03 3.353289e-03 3.747046e+01 4.701067e-03 9.999866e-01 -2.178505e-03 -1.795750e+00 -3.343018e-03 2.194232e-03 9.999920e-01 3.785921e+01
9.997906e-01 4.601444e-03 -1.993701e-02 3.790433e+01 -4.555975e-03 9.999869e-01 2.325390e-03 -1.796896e+00 1.994745e-02 -2.234071e-03 9.997985e-01 3.725978e+01
9.999860e-01 -4.356158e-03 2.992062e-03 3.845175e+01 4.361410e-03 9.999890e-01 -1.751199e-03 -1.801167e+00 -2.984401e-03 1.764224e-03 9.999940e-01 3.680589e+01
9.997948e-01 4.294196e-03 -1.979910e-02 3.891844e+01 -4.250378e-03 9.999884e-01 2.254663e-03 -1.802816e+00 1.980855e-02 -2.170046e-03 9.998014e-01 3.631387e+01
9.999754e-01 -5.531012e-03 4.322275e-03 3.896386e+01 5.547410e-03 9.999774e-01 -3.791305e-03 -1.790696e+00 -4.301208e-03 3.815188e-03 9.999835e-01 3.525683e+01
9.997811e-01 4.118011e-03 -2.051427e-02 3.897680e+01 -4.078544e-03 9.999898e-01 1.965359e-03 -1.778006e+00 2.052216e-02 -1.881260e-03 9.997876e-01 3.407621e+01
9.999712e-01 -4.934583e-03 5.770893e-03 3.914698e+01 4.950683e-03 9.999839e-01 -2.778992e-03 -1.773001e+00 -5.757087e-03 2.807482e-03 9.999795e-01 3.328809e+01
9.997583e-01 3.758649e-03 -2.166172e-02 3.927273e+01 -3.731140e-03 9.999922e-01 1.310195e-03 -1.764399e+00 2.166648e-02 -1.229055e-03 9.997645e-01 3.222751e+01
9.999750e-01 -5.901254e-03 3.891294e-03 3.916466e+01 5.920078e-03 9.999707e-01 -4.843994e-03 -1.745775e+00 -3.862595e-03 4.866909e-03 9.999807e-01 3.049568e+01
9.997761e-01 3.913987e-03 -2.079500e-02 3.913017e+01 -3.862463e-03 9.999894e-01 2.517275e-03 -1.728328e+00 2.080463e-02 -2.436391e-03 9.997806e-01 2.905616e+01
9.999729e-01 -4.983044e-03 5.422558e-03 3.921645e+01 5.004997e-03 9.999793e-01 -4.042454e-03 -1.719108e+00 -5.402302e-03 4.069483e-03 9.999771e-01 2.802374e+01
9.998017e-01 3.892181e-03 -1.952896e-02 3.922468e+01 -3.836337e-03 9.999884e-01 2.896200e-03 -1.710158e+00 1.954000e-02 -2.820705e-03 9.998051e-01 2.711744e+01
9.999510e-01 -4.632832e-03 8.750407e-03 3.911864e+01 4.661608e-03 9.999838e-01 -3.271091e-03 -1.698628e+00 -8.735110e-03 3.311722e-03 9.999564e-01 2.668694e+01
9.997391e-01 3.532984e-03 -2.256711e-02 3.905810e+01 -3.486251e-03 9.999917e-01 2.109825e-03 -1.684732e+00 2.257438e-02 -2.030599e-03 9.997431e-01 2.584432e+01
9.999467e-01 -4.331060e-03 9.371343e-03 3.907239e+01 4.355366e-03 9.999872e-01 -2.574927e-03 -1.672833e+00 -9.360071e-03 2.615605e-03 9.999528e-01 2.523795e+01
9.997232e-01 3.659515e-03 -2.324183e-02 3.913911e+01 -3.616334e-03 9.999917e-01 1.899610e-03 -1.665207e+00 2.324858e-02 -1.815033e-03 9.997281e-01 2.457516e+01
9.998787e-01 -4.182257e-03 1.500192e-02 3.901325e+01 4.207124e-03 9.999898e-01 -1.626440e-03 -1.657736e+00 -1.499497e-02 1.689357e-03 9.998861e-01 2.444052e+01
9.998063e-01 2.918568e-03 -1.946221e-02 3.847577e+01 -2.880154e-03 9.999938e-01 2.001468e-03 -1.625264e+00 1.946793e-02 -1.945026e-03 9.998086e-01 2.468177e+01
9.998914e-01 -4.033984e-03 1.417258e-02 3.812812e+01 4.049352e-03 9.999912e-01 -1.055885e-03 -1.600219e+00 -1.416820e-02 1.113160e-03 9.998990e-01 2.497685e+01
9.998994e-01 1.867393e-03 -1.406256e-02 3.731534e+01 -1.842632e-03 9.999967e-01 1.773488e-03 -1.543441e+00 1.406583e-02 -1.747397e-03 9.998995e-01 2.612221e+01
9.999131e-01 -4.120685e-03 1.252130e-02 3.649789e+01 4.127178e-03 9.999914e-01 -4.928074e-04 -1.477051e+00 -1.251916e-02 5.444418e-04 9.999215e-01 2.718105e+01
9.996849e-01 4.021447e-03 -2.477701e-02 3.713470e+01 -3.983177e-03 9.999908e-01 1.593701e-03 -1.510820e+00 2.478319e-02 -1.494507e-03 9.996917e-01 2.765074e+01
9.999074e-01 -4.309709e-03 1.290602e-02 3.773870e+01 4.318476e-03 9.999905e-01 -6.515037e-04 -1.545894e+00 -1.290309e-02 7.071773e-04 9.999165e-01 2.831145e+01
9.998410e-01 3.384289e-03 -1.750654e-02 3.771204e+01 -3.358649e-03 9.999932e-01 1.493776e-03 -1.547796e+00 1.751148e-02 -1.434740e-03 9.998456e-01 2.905673e+01
9.999508e-01 -3.853294e-03 9.139705e-03 3.774107e+01 3.856440e-03 9.999925e-01 -3.266447e-04 -1.543603e+00 -9.138377e-03 3.618749e-04 9.999582e-01 2.942148e+01
9.998704e-01 3.440143e-03 -1.572693e-02 3.780821e+01 -3.420572e-03 9.999933e-01 1.271103e-03 -1.551762e+00 1.573120e-02 -1.217143e-03 9.998755e-01 2.974240e+01
9.998954e-01 -5.242203e-03 1.347824e-02 3.704410e+01 5.256838e-03 9.999856e-01 -1.050671e-03 -1.505335e+00 -1.347254e-02 1.121414e-03 9.999086e-01 3.015891e+01
9.997943e-01 4.259555e-03 -1.982868e-02 3.665220e+01 -4.222778e-03 9.999893e-01 1.896211e-03 -1.474692e+00 1.983654e-02 -1.812088e-03 9.998016e-01 3.037287e+01
9.999789e-01 -4.046371e-03 5.078966e-03 3.716387e+01 4.052805e-03 9.999910e-01 -1.257372e-03 -1.488279e+00 -5.073832e-03 1.277930e-03 9.999863e-01 3.024294e+01
9.998557e-01 4.190613e-03 -1.646220e-02 3.748927e+01 -4.155999e-03 9.999891e-01 2.136251e-03 -1.499090e+00 1.647097e-02 -2.067526e-03 9.998622e-01 3.031845e+01
9.999542e-01 -4.612130e-03 8.390246e-03 3.753628e+01 4.621897e-03 9.999887e-01 -1.145103e-03 -1.496922e+00 -8.384869e-03 1.183829e-03 9.999641e-01 3.062940e+01
9.997362e-01 4.067146e-03 -2.260657e-02 3.792160e+01 -4.015721e-03 9.999892e-01 2.319671e-03 -1.494830e+00 2.261576e-02 -2.228277e-03 9.997417e-01 3.093957e+01
9.999744e-01 -3.961176e-03 5.950814e-03 3.862331e+01 3.966488e-03 9.999917e-01 -8.811451e-04 -1.506184e+00 -5.947275e-03 9.047261e-04 9.999819e-01 3.122722e+01
9.999177e-01 3.023039e-03 -1.246976e-02 3.845232e+01 -3.000779e-03 9.999939e-01 1.803344e-03 -1.490084e+00 1.247514e-02 -1.765777e-03 9.999206e-01 3.168281e+01
9.999618e-01 -4.079559e-03 7.724841e-03 3.802011e+01 4.088462e-03 9.999910e-01 -1.137147e-03 -1.460789e+00 -7.720132e-03 1.168686e-03 9.999695e-01 3.192587e+01
9.998175e-01 3.829995e-03 -1.871690e-02 3.826560e+01 -3.790592e-03 9.999905e-01 2.140188e-03 -1.462812e+00 1.872491e-02 -2.068849e-03 9.998225e-01 3.206221e+01
9.999372e-01 -4.128506e-03 1.041834e-02 3.832127e+01 4.140851e-03 9.999907e-01 -1.163771e-03 -1.463015e+00 -1.041344e-02 1.206838e-03 9.999451e-01 3.223816e+01
9.998135e-01 3.863276e-03 -1.892232e-02 3.847841e+01 -3.821029e-03 9.999901e-01 2.268234e-03 -1.470331e+00 1.893089e-02 -2.195507e-03 9.998184e-01 3.250750e+01
9.999046e-01 -4.933273e-03 1.289995e-02 3.821093e+01 4.953135e-03 9.999866e-01 -1.508271e-03 -1.447097e+00 -1.289233e-02 1.572022e-03 9.999157e-01 3.297788e+01
9.997897e-01 3.972651e-03 -2.011937e-02 3.800138e+01 -3.921553e-03 9.999890e-01 2.578544e-03 -1.423775e+00 2.012940e-02 -2.499102e-03 9.997943e-01 3.328226e+01
9.999288e-01 -4.483667e-03 1.106267e-02 3.804972e+01 4.498180e-03 9.999891e-01 -1.287400e-03 -1.415434e+00 -1.105678e-02 1.337070e-03 9.999380e-01 3.346961e+01
9.996272e-01 4.076523e-03 -2.699629e-02 3.910007e+01 -3.990348e-03 9.999868e-01 3.245214e-03 -1.460652e+00 2.700916e-02 -3.136279e-03 9.996303e-01 3.407417e+01
9.999924e-01 -3.833510e-03 7.736349e-04 4.087289e+01 3.835358e-03 9.999898e-01 -2.401335e-03 -1.542819e+00 -7.644212e-04 2.404283e-03 9.999968e-01 3.486651e+01
9.998157e-01 4.086322e-03 -1.875598e-02 4.190035e+01 -4.020544e-03 9.999856e-01 3.543410e-03 -1.590313e+00 1.877019e-02 -3.467348e-03 9.998178e-01 3.524775e+01
9.999709e-01 -4.802787e-03 -5.926609e-03 4.262903e+01 4.773730e-03 9.999766e-01 -4.907143e-03 -1.586957e+00 5.950039e-03 4.878708e-03 9.999704e-01 3.398747e+01
9.998333e-01 3.664812e-03 -1.788843e-02 4.340120e+01 -3.601811e-03 9.999872e-01 3.552788e-03 -1.583743e+00 1.790122e-02 -3.487764e-03 9.998337e-01 3.255580e+01
9.999201e-01 -1.885796e-03 -1.250080e-02 4.540239e+01 1.859887e-03 9.999961e-01 -2.083833e-03 -1.646674e+00 1.250468e-02 2.060416e-03 9.999197e-01 3.229204e+01
9.998497e-01 2.848230e-03 -1.710245e-02 4.721733e+01 -2.787507e-03 9.999897e-01 3.573324e-03 -1.686253e+00 1.711245e-02 -3.525113e-03 9.998474e-01 3.162540e+01
9.999896e-01 -2.023335e-03 -4.090426e-03 4.890454e+01 2.013413e-03 9.999950e-01 -2.428210e-03 -1.755917e+00 4.095319e-03 2.419948e-03 9.999887e-01 3.177097e+01
9.994684e-01 3.003316e-03 -3.246527e-02 5.193449e+01 -2.852095e-03 9.999849e-01 4.703201e-03 -1.892692e+00 3.247891e-02 -4.608106e-03 9.994618e-01 3.294191e+01
9.999937e-01 -2.130136e-03 -2.838207e-03 5.408056e+01 2.121225e-03 9.999928e-01 -3.138577e-03 -1.964638e+00 2.844873e-03 3.132537e-03 9.999910e-01 3.344877e+01
9.999966e-01 3.584117e-04 -2.599313e-03 5.347825e+01 -3.479713e-04 9.999919e-01 4.015721e-03 -1.908979e+00 2.600731e-03 -4.014803e-03 9.999886e-01 3.409225e+01
9.999350e-01 -5.379270e-03 1.004790e-02 5.133665e+01 5.428725e-03 9.999733e-01 -4.901187e-03 -1.758368e+00 -1.002126e-02 4.955416e-03 9.999375e-01 3.577843e+01
9.999947e-01 -9.658783e-04 3.108521e-03 4.849669e+01 9.536876e-04 9.999919e-01 3.921018e-03 -1.557606e+00 -3.112284e-03 -3.918033e-03 9.999875e-01 3.764009e+01
9.999662e-01 -4.321013e-03 6.995630e-03 4.615557e+01 4.352342e-03 9.999805e-01 -4.469447e-03 -1.391168e+00 -6.976181e-03 4.499743e-03 9.999655e-01 3.953617e+01
9.999995e-01 2.635822e-04 -9.296361e-04 4.429968e+01 -2.598076e-04 9.999917e-01 4.057381e-03 -1.266798e+00 9.306977e-04 -4.057138e-03 9.999913e-01 4.075894e+01
9.999267e-01 -5.228757e-03 1.092156e-02 4.201667e+01 5.279991e-03 9.999752e-01 -4.667597e-03 -1.106008e+00 -1.089689e-02 4.724921e-03 9.999295e-01 4.260794e+01
9.999970e-01 -7.488509e-04 2.325788e-03 3.937376e+01 7.401529e-04 9.999927e-01 3.738680e-03 -9.181630e-01 -2.328571e-03 -3.736947e-03 9.999903e-01 4.491465e+01
9.998409e-01 -6.905333e-03 1.644590e-02 3.595811e+01 6.986836e-03 9.999636e-01 -4.903593e-03 -6.724023e-01 -1.641144e-02 5.017717e-03 9.998527e-01 4.771630e+01
9.999882e-01 9.193450e-04 -4.767055e-03 3.332847e+01 -8.986522e-04 9.999902e-01 4.340983e-03 -4.757900e-01 4.770999e-03 -4.336648e-03 9.999792e-01 4.982581e+01
9.999105e-01 -5.435976e-03 1.222488e-02 3.135201e+01 5.494904e-03 9.999734e-01 -4.791939e-03 -3.320641e-01 -1.219851e-02 4.858684e-03 9.999138e-01 5.161657e+01
9.999747e-01 1.471502e-03 -6.963964e-03 2.958080e+01 -1.437138e-03 9.999868e-01 4.936809e-03 -1.893116e-01 6.971136e-03 -4.926675e-03 9.999636e-01 5.352586e+01
9.999135e-01 -5.252969e-03 1.205713e-02 2.786838e+01 5.312106e-03 9.999740e-01 -4.878023e-03 -5.803141e-02 -1.203119e-02 4.941649e-03 9.999154e-01 5.527148e+01
9.999999e-01 -3.674883e-04 -2.045026e-04 2.534647e+01 3.683237e-04 9.999915e-01 4.097083e-03 1.192418e-01 2.029950e-04 -4.097158e-03 9.999916e-01 5.714319e+01
9.999379e-01 -5.164163e-03 9.876613e-03 2.291696e+01 5.213209e-03 9.999742e-01 -4.946685e-03 2.860884e-01 -9.850812e-03 4.997866e-03 9.999390e-01 5.855431e+01
9.999749e-01 1.761617e-03 -6.864686e-03 2.140839e+01 -1.728175e-03 9.999866e-01 4.874458e-03 3.901507e-01 6.873181e-03 -4.862472e-03 9.999646e-01 5.954014e+01
9.999603e-01 -4.672294e-03 7.592811e-03 2.015930e+01 4.709236e-03 9.999771e-01 -4.854924e-03 4.792209e-01 -7.569954e-03 4.890487e-03 9.999594e-01 6.043979e+01
9.999061e-01 3.035977e-03 -1.336330e-02 1.960206e+01 -2.958573e-03 9.999788e-01 5.808184e-03 5.343072e-01 1.338065e-02 -5.768101e-03 9.998938e-01 6.124978e+01
9.999375e-01 -4.977723e-03 1.001131e-02 1.889563e+01 5.027733e-03 9.999750e-01 -4.976382e-03 5.913716e-01 -9.986289e-03 5.026405e-03 9.999375e-01 6.202686e+01
9.999186e-01 3.309715e-03 -1.232591e-02 1.809169e+01 -3.244414e-03 9.999806e-01 5.314072e-03 6.435071e-01 1.234326e-02 -5.273648e-03 9.999099e-01 6.245013e+01
9.999240e-01 -5.083940e-03 1.123397e-02 1.722851e+01 5.141602e-03 9.999737e-01 -5.109980e-03 6.967332e-01 -1.120770e-02 5.167351e-03 9.999238e-01 6.304880e+01
9.999091e-01 3.840947e-03 -1.292185e-02 1.668748e+01 -3.761973e-03 9.999741e-01 6.130408e-03 7.321199e-01 1.294506e-02 -6.081239e-03 9.998977e-01 6.377587e+01
9.999051e-01 -6.002279e-03 1.240057e-02 1.566988e+01 6.080665e-03 9.999617e-01 -6.293261e-03 7.929477e-01 -1.236232e-02 6.368067e-03 9.999033e-01 6.435011e+01
9.998566e-01 4.711170e-03 -1.626883e-02 1.499277e+01 -4.602247e-03 9.999668e-01 6.726127e-03 8.333267e-01 1.629998e-02 -6.650288e-03 9.998450e-01 6.450433e+01
9.999795e-01 -4.588254e-03 -4.467817e-03 1.600993e+01 4.562490e-03 9.999730e-01 -5.759657e-03 8.064550e-01 4.494124e-03 5.739154e-03 9.999734e-01 6.443542e+01
9.999804e-01 4.305849e-03 -4.541878e-03 1.634362e+01 -4.275042e-03 9.999679e-01 6.770637e-03 7.968774e-01 4.570885e-03 -6.751087e-03 9.999668e-01 6.528233e+01
9.999825e-01 -5.841352e-03 9.728136e-04 1.606804e+01 5.846441e-03 9.999688e-01 -5.313478e-03 8.383826e-01 -9.417451e-04 5.319072e-03 9.999854e-01 6.680741e+01
9.999183e-01 5.551114e-03 -1.151315e-02 1.627352e+01 -5.476642e-03 9.999639e-01 6.489800e-03 8.461441e-01 1.154876e-02 -6.426216e-03 9.999127e-01 6.736067e+01
9.999853e-01 -5.369221e-03 6.946575e-04 1.648266e+01 5.373240e-03 9.999680e-01 -5.919793e-03 8.369114e-01 -6.628504e-04 5.923438e-03 9.999822e-01 6.738360e+01
9.999494e-01 5.300941e-03 -8.552714e-03 1.665968e+01 -5.243013e-03 9.999633e-01 6.781267e-03 8.271111e-01 8.588347e-03 -6.736081e-03 9.999404e-01 6.767817e+01
9.999864e-01 -5.223758e-03 1.724210e-05 1.684447e+01 5.223767e-03 9.999684e-01 -5.987593e-03 8.091973e-01 1.403640e-05 5.987601e-03 9.999821e-01 6.826302e+01
9.999495e-01 5.002411e-03 -8.715243e-03 1.725574e+01 -4.942134e-03 9.999638e-01 6.924098e-03 7.760771e-01 8.749564e-03 -6.880676e-03 9.999380e-01 6.916738e+01
9.999606e-01 -6.407658e-03 6.140274e-03 1.680726e+01 6.444323e-03 9.999614e-01 -5.970260e-03 8.004265e-01 -6.101781e-03 6.009594e-03 9.999633e-01 7.021621e+01
9.999644e-01 4.795312e-03 -6.938532e-03 1.617663e+01 -4.744712e-03 9.999622e-01 7.290586e-03 8.475928e-01 6.973229e-03 -7.257405e-03 9.999494e-01 7.116806e+01
9.998944e-01 -4.713550e-03 -1.374864e-02 1.722391e+01 4.628514e-03 9.999700e-01 -6.210292e-03 8.125026e-01 1.377750e-02 6.146000e-03 9.998862e-01 7.147675e+01
9.999892e-01 4.638100e-03 -2.487544e-04 1.757996e+01 -4.636171e-03 9.999629e-01 7.260701e-03 8.167921e-01 2.824208e-04 -7.259469e-03 9.999736e-01 7.151551e+01
9.999369e-01 -4.641186e-03 -1.022887e-02 1.781354e+01 4.575516e-03 9.999688e-01 -6.434001e-03 8.131857e-01 1.025841e-02 6.386793e-03 9.999270e-01 7.163493e+01
9.999877e-01 4.747431e-03 -1.457867e-03 1.815336e+01 -4.736942e-03 9.999635e-01 7.115471e-03 7.948751e-01 1.491594e-03 -7.108477e-03 9.999736e-01 7.185846e+01
9.999381e-01 -4.702342e-03 -1.007985e-02 1.849732e+01 4.635744e-03 9.999673e-01 -6.620246e-03 7.784758e-01 1.011065e-02 6.573108e-03 9.999273e-01 7.200159e+01
9.999859e-01 4.739215e-03 -2.380031e-03 1.882908e+01 -4.721882e-03 9.999627e-01 7.236065e-03 7.701538e-01 2.414235e-03 -7.224724e-03 9.999710e-01 7.195050e+01
9.999375e-01 -5.011813e-03 -9.989551e-03 1.899434e+01 4.943700e-03 9.999644e-01 -6.831409e-03 7.745443e-01 1.002343e-02 6.781597e-03 9.999268e-01 7.176000e+01
9.999841e-01 4.811362e-03 -2.932485e-03 1.921412e+01 -4.790043e-03 9.999624e-01 7.234038e-03 7.767281e-01 2.967180e-03 -7.219876e-03 9.999695e-01 7.154049e+01
9.999415e-01 -4.718499e-03 -9.731655e-03 1.956457e+01 4.656433e-03 9.999687e-01 -6.390558e-03 7.701594e-01 9.761504e-03 6.344869e-03 9.999322e-01 7.143963e+01
9.999825e-01 4.804201e-03 -3.453750e-03 1.984555e+01 -4.779761e-03 9.999637e-01 7.050031e-03 7.691202e-01 3.487494e-03 -7.033399e-03 9.999692e-01 7.131123e+01
9.999598e-01 -4.956018e-03 -7.478197e-03 1.991170e+01 4.907116e-03 9.999666e-01 -6.543409e-03 7.734356e-01 7.510376e-03 6.506449e-03 9.999506e-01 7.117637e+01
9.999770e-01 4.780350e-03 -4.813337e-03 2.002627e+01 -4.746732e-03 9.999644e-01 6.971680e-03 7.772001e-01 4.846492e-03 -6.948672e-03 9.999641e-01 7.091576e+01
9.999457e-01 -5.199845e-03 -9.036213e-03 2.017989e+01 5.133444e-03 9.999598e-01 -7.356005e-03 7.799944e-01 9.074100e-03 7.309218e-03 9.999321e-01 7.033752e+01
9.999626e-01 4.883839e-03 -7.135289e-03 2.052660e+01 -4.830945e-03 9.999609e-01 7.411352e-03 7.812187e-01 7.171205e-03 -7.376604e-03 9.999471e-01 6.972508e+01
9.999657e-01 -5.282080e-03 -6.373528e-03 2.071449e+01 5.233091e-03 9.999568e-01 -7.678485e-03 7.827971e-01 6.413811e-03 7.644869e-03 9.999502e-01 6.920146e+01
9.999698e-01 5.182815e-03 -5.797443e-03 2.102424e+01 -5.135740e-03 9.999540e-01 8.105356e-03 7.779230e-01 5.839184e-03 -8.075337e-03 9.999503e-01 6.893699e+01
9.999843e-01 -5.319559e-03 -1.734953e-03 2.095133e+01 5.306931e-03 9.999600e-01 -7.202939e-03 7.860804e-01 1.773200e-03 7.193618e-03 9.999726e-01 6.918140e+01
9.999921e-01 3.896364e-03 -7.898818e-04 2.029226e+01 -3.890278e-03 9.999638e-01 7.564003e-03 8.264968e-01 8.193251e-04 -7.560870e-03 9.999711e-01 6.953056e+01
9.999847e-01 -5.316406e-03 -1.528529e-03 1.962308e+01 5.305284e-03 9.999601e-01 -7.190635e-03 8.689610e-01 1.566696e-03 7.182415e-03 9.999730e-01 6.992733e+01
9.999944e-01 3.195307e-03 1.041996e-03 1.864951e+01 -3.202716e-03 9.999690e-01 7.188255e-03 9.309830e-01 -1.018996e-03 -7.191552e-03 9.999736e-01 7.046722e+01
9.999768e-01 -4.454668e-03 -5.145577e-03 1.810608e+01 4.420873e-03 9.999687e-01 -6.560432e-03 9.703011e-01 5.174641e-03 6.537532e-03 9.999652e-01 7.083048e+01
9.999492e-01 4.543682e-03 -8.994405e-03 1.849605e+01 -4.479856e-03 9.999647e-01 7.103655e-03 9.648599e-01 9.026364e-03 -7.063001e-03 9.999343e-01 7.055826e+01
9.999846e-01 -5.186517e-03 -1.962497e-03 1.919462e+01 5.172033e-03 9.999599e-01 -7.314405e-03 9.299057e-01 2.000355e-03 7.304142e-03 9.999713e-01 7.098221e+01
9.999855e-01 4.182524e-03 -3.378213e-03 1.969937e+01 -4.157633e-03 9.999644e-01 7.341863e-03 8.728637e-01 3.408800e-03 -7.327711e-03 9.999673e-01 7.257274e+01
9.999264e-01 -4.817640e-03 -1.113178e-02 2.025302e+01 4.732493e-03 9.999594e-01 -7.662651e-03 8.474335e-01 1.116825e-02 7.609406e-03 9.999087e-01 7.280836e+01
9.998943e-01 2.219872e-03 -1.437124e-02 2.071051e+01 -2.167008e-03 9.999908e-01 3.692895e-03 8.659652e-01 1.437930e-02 -3.661361e-03 9.998899e-01 7.068038e+01
