9.999599e-01 1.811776e-04 -8.948724e-03 2.230168e-01 -1.774319e-04 9.999999e-01 4.193681e-04 -1.855826e-02 8.948799e-03 -4.177642e-04 9.999599e-01 2.692119e-01
9.999973e-01 -5.899526e-05 -2.302265e-03 5.112531e-01 5.926294e-05 1.000000e+00 1.161867e-04 -2.697950e-02 2.302259e-03 -1.163221e-04 9.999973e-01 2.133038e-01
9.999557e-01 1.399830e-04 -9.415718e-03 8.773613e-01 -1.360630e-04 9.999999e-01 4.169639e-04 -4.032389e-02 9.415775e-03 -4.156650e-04 9.999556e-01 1.720135e-01
9.999822e-01 1.308136e-04 5.959680e-03 9.863740e-01 -1.267415e-04 9.999998e-01 -6.836459e-04 -6.500822e-02 -5.959768e-03 6.828791e-04 9.999820e-01 9.159019e-01
9.999431e-01 -4.031493e-05 -1.066329e-02 1.074929e+00 4.540209e-05 9.999999e-01 4.768335e-04 -8.277930e-02 1.066327e-02 -4.772912e-04 9.999430e-01 1.577056e+00
9.999771e-01 1.910790e-04 6.765143e-03 1.113670e+00 -1.868745e-04 9.999998e-01 -6.221194e-04 -9.770089e-02 -6.765260e-03 6.208416e-04 9.999769e-01 2.170649e+00
9.999468e-01 -4.644314e-05 -1.031140e-02 1.114997e+00 5.036081e-05 9.999999e-01 3.796798e-04 -1.108884e-01 1.031138e-02 -3.801797e-04 9.999468e-01 2.835434e+00
9.999892e-01 1.507290e-04 4.653097e-03 1.173606e+00 -1.495499e-04 1.000000e+00 -2.537362e-04 -1.188635e-01 -4.653135e-03 2.530383e-04 9.999891e-01 3.168297e+00
9.999450e-01 4.982856e-05 -1.048806e-02 1.255460e+00 -4.583209e-05 9.999999e-01 3.812937e-04 -1.300335e-01 1.048808e-02 -3.807928e-04 9.999449e-01 3.553817e+00
9.999854e-01 2.833508e-05 5.402499e-03 1.205605e+00 -2.762565e-05 1.000000e+00 -1.313803e-04 -1.373943e-01 -5.402502e-03 1.312299e-04 9.999854e-01 3.890434e+00
9.999486e-01 4.953727e-05 -1.014039e-02 1.031900e+00 -4.668890e-05 1.000000e+00 2.811346e-04 -1.305431e-01 1.014040e-02 -2.806475e-04 9.999485e-01 4.292645e+00
9.999957e-01 -2.451828e-04 2.915308e-03 1.093710e+00 2.453676e-04 1.000000e+00 -6.301559e-05 -1.319450e-01 -2.915292e-03 6.373135e-05 9.999957e-01 4.477614e+00
9.999548e-01 2.249415e-04 -9.502585e-03 1.073984e+00 -2.208476e-04 9.999999e-01 4.318783e-04 -1.341240e-01 9.502681e-03 -4.297609e-04 9.999548e-01 4.570952e+00
9.999976e-01 -2.065242e-04 2.185471e-03 9.481313e-01 2.068777e-04 1.000000e+00 -1.615002e-04 -1.211472e-01 -2.185437e-03 1.619527e-04 9.999976e-01 4.762905e+00
9.999583e-01 4.115520e-04 -9.125833e-03 7.721631e-01 -4.108479e-04 9.999999e-01 7.902839e-05 -1.013853e-01 9.125865e-03 -7.527648e-05 9.999584e-01 5.012610e+00
9.999996e-01 -2.624266e-04 8.628386e-04 6.737902e-01 2.625650e-04 1.000000e+00 -1.601794e-04 -8.269540e-02 -8.627962e-04 1.604066e-04 9.999996e-01 5.154216e+00
9.999482e-01 1.580793e-04 -1.017464e-02 8.019316e-01 -1.573526e-04 1.000000e+00 7.223157e-05 -7.612907e-02 1.017465e-02 -7.062753e-05 9.999482e-01 5.299927e+00
9.999992e-01 -3.303570e-05 1.257135e-03 9.963742e-01 3.286522e-05 1.000000e+00 1.356848e-04 -8.395930e-02 -1.257139e-03 -1.356427e-04 9.999992e-01 5.447195e+00
9.999791e-01 1.446293e-04 -6.457600e-03 7.762520e-01 -1.439877e-04 1.000000e+00 9.983374e-05 -7.291149e-02 6.457614e-03 -9.890255e-05 9.999791e-01 5.704434e+00
9.999964e-01 -2.291399e-04 -2.667304e-03 8.152540e-01 2.297695e-04 9.999999e-01 2.357288e-04 -6.576631e-02 2.667251e-03 -2.363401e-04 9.999964e-01 5.870704e+00
9.999604e-01 6.326710e-04 -8.877714e-03 1.218919e+00 -6.337556e-04 9.999998e-01 -1.193426e-04 -7.378065e-02 8.877636e-03 1.249634e-04 9.999606e-01 5.851101e+00
9.999997e-01 -7.203531e-04 -5.318809e-05 1.442341e+00 7.203888e-04 9.999995e-01 6.732736e-04 -7.928442e-02 5.270341e-05 -6.733110e-04 9.999998e-01 5.794946e+00
9.999502e-01 8.697320e-04 -9.946788e-03 1.585579e+00 -8.741719e-04 9.999995e-01 -4.420202e-04 -8.037807e-02 9.946399e-03 4.506926e-04 9.999504e-01 5.897305e+00
9.999987e-01 -9.408431e-04 1.318908e-03 1.579466e+00 9.395902e-04 9.999991e-01 9.503281e-04 -7.438865e-02 -1.319801e-03 -9.490869e-04 9.999987e-01 5.834186e+00
9.999556e-01 1.122662e-03 -9.351253e-03 1.482378e+00 -1.128293e-03 9.999992e-01 -5.968120e-04 -6.289226e-02 9.350575e-03 6.073357e-04 9.999561e-01 5.949154e+00
9.999990e-01 -1.169831e-03 7.318878e-04 1.430947e+00 1.169244e-03 9.999990e-01 8.016560e-04 -4.901663e-02 -7.328245e-04 -8.007988e-04 9.999994e-01 5.988653e+00
9.999516e-01 1.006914e-03 -9.787168e-03 1.563840e+00 -1.007999e-03 9.999995e-01 -1.058594e-04 -4.641799e-02 9.787056e-03 1.157190e-04 9.999521e-01 5.653899e+00
9.999994e-01 -1.063424e-03 3.838290e-04 1.595009e+00 1.063303e-03 9.999994e-01 3.156811e-04 -3.933134e-02 -3.841642e-04 -3.152721e-04 9.999999e-01 5.522134e+00
9.999677e-01 1.133065e-03 -7.952376e-03 1.369297e+00 -1.136240e-03 9.999993e-01 -3.947001e-04 -1.317310e-02 7.951922e-03 4.037225e-04 9.999683e-01 5.641017e+00
9.999930e-01 -9.499422e-04 3.621092e-03 7.418864e-01 9.491970e-04 9.999995e-01 2.075137e-04 2.513032e-02 -3.621287e-03 -2.040744e-04 9.999934e-01 5.816861e+00
9.999746e-01 1.016966e-03 -7.055830e-03 -2.843440e-02 -1.021402e-03 9.999993e-01 -6.250918e-04 6.887703e-02 7.055189e-03 6.322821e-04 9.999749e-01 5.952718e+00
9.999966e-01 -8.867951e-04 2.468110e-03 -5.374618e-01 8.853024e-04 9.999994e-01 6.058518e-04 9.673043e-02 -2.468646e-03 -6.036640e-04 9.999968e-01 6.096930e+00
9.999515e-01 6.936862e-04 -9.828176e-03 -7.252466e-01 -6.966556e-04 9.999997e-01 -2.986947e-04 1.111018e-01 9.827966e-03 3.055263e-04 9.999517e-01 5.995358e+00
9.999994e-01 -8.724882e-04 7.053706e-04 -5.053553e-01 8.717730e-04 9.999991e-01 1.013745e-03 1.142583e-01 -7.062541e-04 -1.013128e-03 9.999992e-01 5.449196e+00
9.999495e-01 7.752547e-04 -1.002384e-02 -2.927978e-01 -7.793061e-04 9.999996e-01 -4.002598e-04 1.144683e-01 1.002353e-02 4.080505e-04 9.999497e-01 5.059071e+00
9.999969e-01 -8.314640e-04 2.364828e-03 -4.071582e-01 8.293831e-04 9.999993e-01 8.808367e-04 1.164525e-01 -2.365559e-03 -8.788719e-04 9.999968e-01 4.993670e+00
9.999713e-01 5.266132e-04 -7.559904e-03 -6.988512e-01 -5.285640e-04 9.999998e-01 -2.560362e-04 1.268532e-01 7.559767e-03 2.600241e-04 9.999714e-01 4.613834e+00
9.999992e-01 -7.779722e-04 1.000771e-03 -7.659439e-01 7.770736e-04 9.999993e-01 8.980356e-04 1.336076e-01 -1.001468e-03 -8.972565e-04 9.999991e-01 4.192062e+00
9.999614e-01 7.596858e-04 -8.748449e-03 -9.235015e-01 -7.653604e-04 9.999995e-01 -6.452993e-04 1.483156e-01 8.747954e-03 6.519694e-04 9.999615e-01 3.990360e+00
9.999992e-01 -1.219564e-03 -2.243697e-04 -7.134752e-01 1.219915e-03 9.999980e-01 1.568211e-03 1.479099e-01 2.224570e-04 -1.568483e-03 9.999987e-01 3.525395e+00
9.999112e-01 1.325251e-03 -1.326002e-02 -2.112243e-01 -1.337886e-03 9.999987e-01 -9.440072e-04 1.445991e-01 1.325875e-02 9.616631e-04 9.999116e-01 3.189868e+00
9.999909e-01 -1.492224e-03 4.001466e-03 5.408440e-02 1.485384e-03 9.999974e-01 1.711969e-03 1.458741e-01 -4.004010e-03 -1.706009e-03 9.999905e-01 2.682014e+00
9.999197e-01 1.451494e-03 -1.259019e-02 2.081837e-01 -1.465528e-03 9.999983e-01 -1.105521e-03 1.473047e-01 1.258857e-02 1.123883e-03 9.999201e-01 2.256054e+00
9.999852e-01 -1.658054e-03 5.172434e-03 1.126389e-01 1.649776e-03 9.999974e-01 1.604240e-03 1.576628e-01 -5.175080e-03 -1.595683e-03 9.999853e-01 2.061394e+00
9.999134e-01 1.400827e-03 -1.308470e-02 1.468290e-01 -1.415279e-03 9.999984e-01 -1.095301e-03 1.580869e-01 1.308315e-02 1.113723e-03 9.999138e-01 1.904146e+00
9.999878e-01 -1.312856e-03 4.765982e-03 2.737921e-01 1.305462e-03 9.999979e-01 1.554344e-03 1.469503e-01 -4.768013e-03 -1.548103e-03 9.999874e-01 2.110916e+00
9.999773e-01 1.309581e-03 -6.608731e-03 -4.220138e-01 -1.324594e-03 9.999966e-01 -2.267688e-03 1.750097e-01 6.605738e-03 2.276390e-03 9.999756e-01 2.463404e+00
9.999904e-01 -1.599328e-03 4.068653e-03 -1.317354e+00 1.593353e-03 9.999976e-01 1.471234e-03 2.174836e-01 -4.070996e-03 -1.464736e-03 9.999906e-01 2.554037e+00
9.999419e-01 1.256897e-03 -1.070516e-02 -1.640093e+00 -1.269912e-03 9.999985e-01 -1.209082e-03 2.340107e-01 1.070363e-02 1.222606e-03 9.999420e-01 2.317790e+00
9.999879e-01 -1.474549e-03 4.699888e-03 -2.072153e+00 1.468306e-03 9.999980e-01 1.331537e-03 2.549467e-01 -4.701842e-03 -1.324619e-03 9.999881e-01 2.187945e+00
9.999363e-01 1.232001e-03 -1.122123e-02 -2.366207e+00 -1.243077e-03 9.999987e-01 -9.801003e-04 2.731704e-01 1.122001e-02 9.939860e-04 9.999366e-01 1.873069e+00
9.999894e-01 -1.472777e-03 4.366627e-03 -2.426679e+00 1.466095e-03 9.999978e-01 1.532910e-03 2.839470e-01 -4.368875e-03 -1.526491e-03 9.999893e-01 1.361653e+00
9.999253e-01 1.349468e-03 -1.214614e-02 -2.432243e+00 -1.363368e-03 9.999984e-01 -1.136152e-03 2.862134e-01 1.214459e-02 1.152626e-03 9.999256e-01 1.292527e+00
9.999989e-01 -1.275076e-03 8.074897e-04 -2.058205e+00 1.273897e-03 9.999981e-01 1.459584e-03 2.723159e-01 -8.093489e-04 -1.458553e-03 9.999986e-01 1.377962e+00
9.999024e-01 1.536061e-03 -1.388324e-02 -1.423875e+00 -1.561784e-03 9.999971e-01 -1.842126e-03 2.479043e-01 1.388037e-02 1.863628e-03 9.999019e-01 1.535326e+00
9.999991e-01 -1.184306e-03 -6.474714e-04 -6.674775e-01 1.185408e-03 9.999978e-01 1.703913e-03 2.328174e-01 6.454524e-04 -1.704679e-03 9.999983e-01 1.424072e+00
9.999720e-01 1.130604e-03 -7.392089e-03 -5.624588e-01 -1.144565e-03 9.999976e-01 -1.884713e-03 2.369346e-01 7.389940e-03 1.893121e-03 9.999709e-01 1.220871e+00
9.999959e-01 -1.534715e-03 2.401897e-03 -1.166268e+00 1.530198e-03 9.999971e-01 1.881397e-03 2.620112e-01 -2.404777e-03 -1.877713e-03 9.999953e-01 9.682019e-01
9.999541e-01 1.370096e-03 -9.486664e-03 -1.158299e+00 -1.383487e-03 9.999981e-01 -1.405125e-03 2.672738e-01 9.484720e-03 1.418184e-03 9.999540e-01 5.533160e-01
9.999951e-01 -6.203428e-04 3.057135e-03 -8.059644e-01 6.160678e-04 9.999988e-01 1.399177e-03 2.462887e-01 -3.057999e-03 -1.397286e-03 9.999943e-01 8.823171e-01
9.999435e-01 8.582859e-04 -1.059930e-02 -5.425550e-01 -8.768213e-04 9.999981e-01 -1.744199e-03 2.279176e-01 1.059778e-02 1.753393e-03 9.999423e-01 1.371686e+00
9.999985e-01 -7.472957e-04 1.554341e-03 -2.789773e-01 7.443634e-04 9.999979e-01 1.886369e-03 2.220573e-01 -1.555747e-03 -1.885208e-03 9.999970e-01 1.454962e+00
9.999703e-01 8.292566e-04 -7.668429e-03 -5.756834e-01 -8.436290e-04 9.999979e-01 -1.871162e-03 2.403050e-01 7.666861e-03 1.877575e-03 9.999688e-01 1.470035e+00
9.999994e-01 -9.297807e-04 6.289381e-04 -6.692065e-01 9.284937e-04 9.999975e-01 2.043823e-03 2.583478e-01 -6.308365e-04 -2.043237e-03 9.999977e-01 1.427196e+00
9.999364e-01 1.007293e-03 -1.123413e-02 -3.019602e-01 -1.025706e-03 9.999981e-01 -1.633338e-03 2.544904e-01 1.123246e-02 1.644756e-03 9.999356e-01 1.100331e+00
9.999876e-01 -9.067213e-04 4.887784e-03 -5.400069e-01 8.980641e-04 9.999980e-01 1.773127e-03 2.657596e-01 -4.889382e-03 -1.768715e-03 9.999865e-01 1.024222e+00
9.999449e-01 8.238077e-04 -1.046951e-02 -1.012214e+00 -8.417727e-04 9.999982e-01 -1.711630e-03 2.858163e-01 1.046808e-02 1.720348e-03 9.999437e-01 9.956630e-01
9.999870e-01 -1.000104e-03 4.998633e-03 -1.204981e+00 9.916306e-04 9.999981e-01 1.697382e-03 2.938489e-01 -5.000321e-03 -1.692402e-03 9.999861e-01 1.115199e+00
9.999424e-01 1.082620e-03 -1.067386e-02 -1.381879e+00 -1.100270e-03 9.999980e-01 -1.647870e-03 2.965975e-01 1.067205e-02 1.659519e-03 9.999417e-01 1.361909e+00
9.999926e-01 -1.083453e-03 3.683288e-03 -1.568379e+00 1.076061e-03 9.999974e-01 2.008563e-03 3.078656e-01 -3.685454e-03 -2.004584e-03 9.999912e-01 1.456530e+00
9.999418e-01 1.224719e-03 -1.072351e-02 -1.795792e+00 -1.242576e-03 9.999979e-01 -1.658729e-03 3.198862e-01 1.072146e-02 1.671957e-03 9.999411e-01 1.569333e+00
9.999900e-01 -1.272656e-03 4.279156e-03 -2.168248e+00 1.264881e-03 9.999975e-01 1.819180e-03 3.370915e-01 -4.281460e-03 -1.813749e-03 9.999892e-01 1.560969e+00
9.999008e-01 1.218579e-03 -1.403540e-02 -1.998936e+00 -1.235983e-03 9.999985e-01 -1.231358e-03 3.333366e-01 1.403388e-02 1.248583e-03 9.999007e-01 1.613671e+00
9.999767e-01 -1.188425e-03 6.715089e-03 -2.240859e+00 1.177714e-03 9.999980e-01 1.598922e-03 3.438170e-01 -6.716976e-03 -1.590976e-03 9.999762e-01 1.626622e+00
9.999192e-01 1.174114e-03 -1.265551e-02 -2.703094e+00 -1.193911e-03 9.999981e-01 -1.556869e-03 3.649065e-01 1.265365e-02 1.571852e-03 9.999187e-01 1.614809e+00
9.999665e-01 -1.295663e-03 8.085666e-03 -3.382540e+00 1.284275e-03 9.999982e-01 1.413473e-03 3.973804e-01 -8.087482e-03 -1.403041e-03 9.999663e-01 1.492187e+00
9.999243e-01 1.226087e-03 -1.224305e-02 -3.850379e+00 -1.244487e-03 9.999981e-01 -1.495386e-03 4.236749e-01 1.224119e-02 1.510509e-03 9.999239e-01 1.695005e+00
9.999720e-01 -1.194143e-03 7.388237e-03 -4.234078e+00 1.182467e-03 9.999980e-01 1.584530e-03 4.419336e-01 -7.390114e-03 -1.575748e-03 9.999715e-01 1.838442e+00
9.999402e-01 1.167194e-03 -1.087488e-02 -4.551289e+00 -1.184379e-03 9.999981e-01 -1.573914e-03 4.549151e-01 1.087302e-02 1.586699e-03 9.999396e-01 2.150248e+00
9.999585e-01 -9.398565e-04 9.065163e-03 -5.258279e+00 9.296618e-04 9.999989e-01 1.128772e-03 4.948328e-01 -9.066214e-03 -1.120297e-03 9.999583e-01 2.620808e+00
9.999146e-01 8.653205e-04 -1.304258e-02 -5.843511e+00 -8.825196e-04 9.999987e-01 -1.312971e-03 5.267241e-01 1.304142e-02 1.324369e-03 9.999141e-01 2.777281e+00
9.999675e-01 -6.211291e-04 8.032530e-03 -6.302280e+00 6.095198e-04 9.999988e-01 1.447678e-03 5.506527e-01 -8.033419e-03 -1.442734e-03 9.999667e-01 2.950935e+00
9.999313e-01 9.944054e-04 -1.168243e-02 -6.919267e+00 -1.012450e-03 9.999983e-01 -1.538780e-03 5.897266e-01 1.168088e-02 1.550501e-03 9.999306e-01 3.319024e+00
9.999618e-01 -8.063904e-04 8.707782e-03 -7.651755e+00 7.957989e-04 9.999989e-01 1.219743e-03 6.353265e-01 -8.708757e-03 -1.212766e-03 9.999613e-01 3.663373e+00
9.999108e-01 8.392369e-04 -1.332758e-02 -8.179612e+00 -8.565825e-04 9.999988e-01 -1.295808e-03 6.619192e-01 1.332648e-02 1.307108e-03 9.999103e-01 3.804227e+00
9.999625e-01 -9.870291e-04 8.608302e-03 -8.907663e+00 9.789034e-04 9.999991e-01 9.481218e-04 6.930183e-01 -8.609230e-03 -9.396589e-04 9.999625e-01 3.675359e+00
9.999269e-01 1.108837e-03 -1.203721e-02 -9.650956e+00 -1.124369e-03 9.999985e-01 -1.283586e-03 7.343145e-01 1.203577e-02 1.297026e-03 9.999267e-01 3.852389e+00
9.999718e-01 -1.187700e-03 7.411487e-03 -1.028488e+01 1.180297e-03 9.999988e-01 1.003178e-03 7.689321e-01 -7.412669e-03 -9.944011e-04 9.999720e-01 3.884854e+00
9.999384e-01 9.092239e-04 -1.106449e-02 -1.108673e+01 -9.255887e-04 9.999985e-01 -1.473988e-03 8.084972e-01 1.106313e-02 1.484137e-03 9.999377e-01 3.806843e+00
9.999809e-01 -1.125294e-03 6.083270e-03 -1.157915e+01 1.116821e-03 9.999984e-01 1.396021e-03 8.305835e-01 -6.084831e-03 -1.389200e-03 9.999805e-01 3.775654e+00
9.999052e-01 1.207699e-03 -1.371467e-02 -1.169375e+01 -1.221562e-03 9.999988e-01 -1.002468e-03 8.355746e-01 1.371344e-02 1.019126e-03 9.999054e-01 3.945084e+00
9.999922e-01 -1.200627e-03 3.767404e-03 -1.147689e+01 1.195529e-03 9.999984e-01 1.355070e-03 8.275547e-01 -3.769025e-03 -1.350555e-03 9.999920e-01 4.087117e+00
9.999416e-01 1.121718e-03 -1.075060e-02 -1.174164e+01 -1.133870e-03 9.999987e-01 -1.124250e-03 8.358675e-01 1.074933e-02 1.136374e-03 9.999416e-01 4.097855e+00
9.999869e-01 -1.464296e-03 4.911854e-03 -1.206621e+01 1.456719e-03 9.999977e-01 1.545812e-03 8.477102e-01 -4.914106e-03 -1.538636e-03 9.999867e-01 3.846598e+00
9.999274e-01 1.292713e-03 -1.197909e-02 -1.202023e+01 -1.302508e-03 9.999988e-01 -8.098246e-04 8.515170e-01 1.197802e-02 8.253680e-04 9.999279e-01 3.382032e+00
9.999863e-01 -1.577452e-03 4.983258e-03 -1.216321e+01 1.570777e-03 9.999979e-01 1.343354e-03 8.596925e-01 -4.985366e-03 -1.335507e-03 9.999867e-01 3.064522e+00
9.999250e-01 1.391914e-03 -1.216606e-02 -1.231008e+01 -1.402152e-03 9.999987e-01 -8.330092e-04 8.653573e-01 1.216488e-02 8.500047e-04 9.999256e-01 2.935138e+00
9.999832e-01 -1.444043e-03 5.621654e-03 -1.259735e+01 1.437938e-03 9.999984e-01 1.089944e-03 8.776500e-01 -5.623218e-03 -1.081842e-03 9.999836e-01 2.945699e+00
9.999524e-01 1.386533e-03 -9.658455e-03 -1.285985e+01 -1.396508e-03 9.999985e-01 -1.026023e-03 8.881987e-01 9.657018e-03 1.039462e-03 9.999528e-01 3.237674e+00
9.999921e-01 -1.436442e-03 3.709591e-03 -1.300503e+01 1.431458e-03 9.999981e-01 1.346092e-03 8.882862e-01 -3.711517e-03 -1.340771e-03 9.999922e-01 3.397683e+00
9.999342e-01 1.276282e-03 -1.139600e-02 -1.305965e+01 -1.285630e-03 9.999988e-01 -8.130137e-04 8.900044e-01 1.139495e-02 8.276106e-04 9.999347e-01 3.304869e+00
9.999912e-01 -1.321563e-03 3.988460e-03 -1.317645e+01 1.316370e-03 9.999983e-01 1.304527e-03 8.931015e-01 -3.990177e-03 -1.299264e-03 9.999912e-01 3.311278e+00
9.999311e-01 1.374006e-03 -1.166073e-02 -1.314065e+01 -1.383038e-03 9.999987e-01 -7.665303e-04 8.911841e-01 1.165966e-02 7.826040e-04 9.999317e-01 3.463085e+00
9.999990e-01 -1.175646e-03 7.637767e-04 -1.281263e+01 1.174715e-03 9.999986e-01 1.218043e-03 8.760937e-01 -7.652073e-04 -1.217144e-03 9.999990e-01 3.549107e+00
9.999586e-01 9.759577e-04 -9.047076e-03 -1.267727e+01 -9.813446e-04 9.999993e-01 -5.909804e-04 8.760819e-01 9.046493e-03 5.998336e-04 9.999589e-01 3.201908e+00
9.999943e-01 -1.035971e-03 3.208868e-03 -1.281993e+01 1.032666e-03 9.999989e-01 1.031463e-03 8.881842e-01 -3.209933e-03 -1.028143e-03 9.999943e-01 2.944798e+00
9.999449e-01 1.044406e-03 -1.044654e-02 -1.295947e+01 -1.052621e-03 9.999991e-01 -7.808654e-04 9.001193e-01 1.044572e-02 7.918179e-04 9.999451e-01 2.748075e+00
9.999848e-01 -1.423389e-03 5.320586e-03 -1.333513e+01 1.417589e-03 9.999984e-01 1.093731e-03 9.148929e-01 -5.322134e-03 -1.086171e-03 9.999852e-01 2.371868e+00
9.999569e-01 1.299717e-03 -9.190821e-03 -1.351288e+01 -1.309479e-03 9.999986e-01 -1.056148e-03 9.141209e-01 9.189435e-03 1.068137e-03 9.999572e-01 2.774395e+00
9.999956e-01 -1.264622e-03 2.671098e-03 -1.339704e+01 1.261511e-03 9.999985e-01 1.166216e-03 8.972002e-01 -2.672569e-03 -1.162840e-03 9.999958e-01 3.205462e+00
9.999728e-01 8.062761e-04 -7.326983e-03 -1.349185e+01 -8.089514e-04 9.999996e-01 -3.621322e-04 9.065395e-01 7.326687e-03 3.680488e-04 9.999731e-01 2.394283e+00
9.999920e-01 -1.364710e-03 3.750763e-03 -1.369462e+01 1.360563e-03 9.999985e-01 1.108074e-03 9.199716e-01 -3.752269e-03 -1.102961e-03 9.999924e-01 1.359864e+00
9.999527e-01 1.232981e-03 -9.652728e-03 -1.372508e+01 -1.243552e-03 9.999986e-01 -1.089178e-03 9.216376e-01 9.651372e-03 1.101129e-03 9.999528e-01 1.134794e+00
9.998963e-01 -8.320234e-04 1.437356e-02 -1.409598e+01 8.370728e-04 9.999996e-01 -3.452598e-04 9.285038e-01 -1.437327e-02 3.572564e-04 9.998966e-01 2.514002e+00
9.999037e-01 9.526978e-04 -1.384584e-02 -1.472115e+01 -9.627745e-04 9.999993e-01 -7.211128e-04 9.635631e-01 1.384514e-02 7.343731e-04 9.999039e-01 3.444197e+00
9.999824e-01 -1.019886e-03 5.838887e-03 -1.477047e+01 1.013121e-03 9.999988e-01 1.161462e-03 9.704824e-01 -5.840064e-03 -1.155526e-03 9.999823e-01 3.488622e+00
9.998756e-01 9.920289e-04 -1.573902e-02 -1.455246e+01 -1.000300e-03 9.999994e-01 -5.176633e-04 9.686396e-01 1.573850e-02 5.333420e-04 9.998760e-01 3.212755e+00
9.999625e-01 -1.220610e-03 8.572973e-03 -1.476475e+01 1.212672e-03 9.999988e-01 9.311899e-04 9.812547e-01 -8.574099e-03 -9.207581e-04 9.999628e-01 2.957276e+00
9.997788e-01 1.288562e-03 -2.099287e-02 -1.434525e+01 -1.294245e-03 9.999991e-01 -2.571187e-04 9.726342e-01 2.099252e-02 2.842311e-04 9.997796e-01 2.882349e+00
9.999439e-01 -1.068085e-03 1.053882e-02 -1.387438e+01 1.065805e-03 9.999994e-01 2.219176e-04 9.454854e-01 -1.053905e-02 -2.106722e-04 9.999444e-01 3.150939e+00
9.997761e-01 1.193611e-03 -2.112789e-02 -1.346054e+01 -1.185144e-03 9.999992e-01 4.132469e-04 9.352625e-01 2.112837e-02 -3.881154e-04 9.997767e-01 3.060822e+00
9.999163e-01 -1.371896e-03 1.286576e-02 -1.321868e+01 1.369475e-03 9.999990e-01 1.969869e-04 9.409170e-01 -1.286602e-02 -1.793504e-04 9.999172e-01 2.247186e+00
9.998395e-01 9.926494e-04 -1.788792e-02 -1.353368e+01 -9.909635e-04 9.999995e-01 1.031246e-04 9.650733e-01 1.788801e-02 -8.538238e-05 9.998400e-01 1.432464e+00
9.999120e-01 -1.603051e-03 1.316551e-02 -1.400751e+01 1.603915e-03 9.999987e-01 -5.510428e-05 9.939765e-01 -1.316540e-02 7.621643e-05 9.999133e-01 7.989706e-01
9.998056e-01 1.219183e-03 -1.968074e-02 -1.411664e+01 -1.212522e-03 9.999992e-01 3.504143e-04 1.006357e+00 1.968115e-02 -3.264835e-04 9.998063e-01 3.215778e-01
9.999181e-01 -1.496742e-03 1.270741e-02 -1.408670e+01 1.493293e-03 9.999988e-01 2.809514e-04 1.014646e+00 -1.270782e-02 -2.619518e-04 9.999192e-01 -3.134533e-01
9.997879e-01 1.388151e-03 -2.054606e-02 -1.387164e+01 -1.380038e-03 9.999990e-01 4.090654e-04 1.021221e+00 2.054661e-02 -3.806249e-04 9.997888e-01 -1.124860e+00
9.999193e-01 -1.611153e-03 1.260457e-02 -1.372644e+01 1.608729e-03 9.999987e-01 2.024756e-04 1.025356e+00 -1.260488e-02 -1.821813e-04 9.999205e-01 -1.720700e+00
9.997508e-01 1.620451e-03 -2.226263e-02 -1.344388e+01 -1.609796e-03 9.999986e-01 4.965340e-04 1.021725e+00 2.226340e-02 -4.605727e-04 9.997520e-01 -1.987342e+00
9.999196e-01 -1.480044e-03 1.259496e-02 -1.318820e+01 1.480221e-03 9.999989e-01 -4.734289e-06 1.014887e+00 -1.259494e-02 2.337787e-05 9.999207e-01 -2.073505e+00
9.997801e-01 1.473936e-03 -2.091852e-02 -1.303244e+01 -1.457902e-03 9.999986e-01 7.817388e-04 1.010658e+00 2.091965e-02 -7.510704e-04 9.997809e-01 -2.201895e+00
9.999009e-01 -1.587389e-03 1.398705e-02 -1.318902e+01 1.592023e-03 9.999987e-01 -3.201232e-04 1.014818e+00 -1.398652e-02 3.423598e-04 9.999021e-01 -2.263941e+00
9.997939e-01 1.833116e-03 -2.021734e-02 -1.307004e+01 -1.822176e-03 9.999982e-01 5.595641e-04 9.960993e-01 2.021833e-02 -5.226099e-04 9.997955e-01 -1.832850e+00
9.999195e-01 -1.586640e-03 1.258671e-02 -1.287133e+01 1.590829e-03 9.999987e-01 -3.227665e-04 9.769093e-01 -1.258619e-02 3.427645e-04 9.999207e-01 -1.444280e+00
9.997840e-01 1.699047e-03 -2.071275e-02 -1.269467e+01 -1.680076e-03 9.999982e-01 9.332832e-04 9.660000e-01 2.071429e-02 -8.982832e-04 9.997850e-01 -1.324965e+00
9.999286e-01 -1.710232e-03 1.182925e-02 -1.246703e+01 1.712338e-03 9.999985e-01 -1.678694e-04 9.619230e-01 -1.182894e-02 1.881137e-04 9.999300e-01 -1.473362e+00
9.997753e-01 1.847605e-03 -2.111860e-02 -1.226408e+01 -1.833401e-03 9.999981e-01 6.919556e-04 9.549859e-01 2.111984e-02 -6.530818e-04 9.997767e-01 -1.490002e+00
9.998680e-01 -1.569512e-03 1.616880e-02 -1.213772e+01 1.580679e-03 9.999985e-01 -6.778821e-04 9.323453e-01 -1.616771e-02 7.033510e-04 9.998690e-01 -8.945103e-01
9.997671e-01 1.861334e-03 -2.150264e-02 -1.198791e+01 -1.849333e-03 9.999981e-01 5.780189e-04 9.068830e-01 2.150368e-02 -5.381193e-04 9.997686e-01 -2.391119e-01
9.998571e-01 -1.695547e-03 1.682194e-02 -1.195011e+01 1.703361e-03 9.999984e-01 -4.501597e-04 8.946938e-01 -1.682115e-02 4.787498e-04 9.998584e-01 2.693866e-01
9.997936e-01 1.925027e-03 -2.022677e-02 -1.189771e+01 -1.920383e-03 9.999981e-01 2.490376e-04 8.744649e-01 2.022722e-02 -2.101437e-04 9.997954e-01 9.867017e-01
9.998733e-01 -1.836507e-03 1.581271e-02 -1.192434e+01 1.840957e-03 9.999983e-01 -2.668122e-04 8.650537e-01 -1.581219e-02 2.958895e-04 9.998749e-01 1.548278e+00
9.997827e-01 1.913205e-03 -2.075841e-02 -1.194367e+01 -1.902235e-03 9.999980e-01 5.482319e-04 8.582930e-01 2.075942e-02 -5.086260e-04 9.997844e-01 1.948905e+00
9.998494e-01 -1.671165e-03 1.727206e-02 -1.242091e+01 1.681378e-03 9.999984e-01 -5.767720e-04 8.844855e-01 -1.727106e-02 6.057266e-04 9.998507e-01 2.329362e+00
9.997803e-01 1.681781e-03 -2.089249e-02 -1.294154e+01 -1.671957e-03 9.999985e-01 4.876986e-04 9.145840e-01 2.089328e-02 -4.526607e-04 9.997816e-01 2.621939e+00
9.998925e-01 -1.694238e-03 1.456719e-02 -1.314559e+01 1.696594e-03 9.999985e-01 -1.494114e-04 9.233547e-01 -1.456692e-02 1.741105e-04 9.998939e-01 2.727265e+00
9.998287e-01 1.628903e-03 -1.843890e-02 -1.343547e+01 -1.624719e-03 9.999987e-01 2.419455e-04 9.346660e-01 1.843927e-02 -2.119466e-04 9.998300e-01 2.970343e+00
9.999131e-01 -1.796891e-03 1.305828e-02 -1.354617e+01 1.798425e-03 9.999984e-01 -1.057157e-04 9.345017e-01 -1.305807e-02 1.291915e-04 9.999147e-01 3.219559e+00
9.997827e-01 1.579420e-03 -2.078657e-02 -1.350335e+01 -1.566853e-03 9.999986e-01 6.208496e-04 9.396288e-01 2.078752e-02 -5.881458e-04 9.997837e-01 2.792037e+00
9.999147e-01 -1.767180e-03 1.294043e-02 -1.352293e+01 1.769914e-03 9.999984e-01 -1.997717e-04 9.436889e-01 -1.294006e-02 2.226588e-04 9.999162e-01 2.571499e+00
9.998454e-01 1.886758e-03 -1.748087e-02 -1.398375e+01 -1.883142e-03 9.999982e-01 2.233489e-04 9.661791e-01 1.748126e-02 -1.903961e-04 9.998472e-01 2.732926e+00
9.998945e-01 -2.065252e-03 1.437820e-02 -1.464936e+01 2.074230e-03 9.999977e-01 -6.094869e-04 9.999857e-01 -1.437691e-02 6.392468e-04 9.998964e-01 2.840674e+00
9.998797e-01 1.920731e-03 -1.538836e-02 -1.536130e+01 -1.921690e-03 9.999982e-01 -4.752738e-05 1.032058e+00 1.538824e-02 7.709271e-05 9.998816e-01 3.150809e+00
9.998841e-01 -1.954994e-03 1.510123e-02 -1.609713e+01 1.965850e-03 9.999978e-01 -7.040211e-04 1.067448e+00 -1.509982e-02 7.336268e-04 9.998857e-01 3.628245e+00
9.998653e-01 1.977776e-03 -1.629226e-02 -1.664575e+01 -1.974279e-03 9.999980e-01 2.307657e-04 1.092579e+00 1.629268e-02 -1.985698e-04 9.998672e-01 4.145955e+00
9.999079e-01 -1.869547e-03 1.344083e-02 -1.725442e+01 1.876888e-03 9.999981e-01 -5.335026e-04 1.124880e+00 -1.343981e-02 5.586810e-04 9.999095e-01 4.457127e+00
9.998705e-01 1.909036e-03 -1.597854e-02 -1.778092e+01 -1.904699e-03 9.999981e-01 2.866599e-04 1.152523e+00 1.597906e-02 -2.561891e-04 9.998723e-01 4.861687e+00
9.999113e-01 -1.828103e-03 1.318965e-02 -1.806262e+01 1.833496e-03 9.999982e-01 -3.968245e-04 1.161300e+00 -1.318890e-02 4.209731e-04 9.999129e-01 5.372618e+00
9.998376e-01 1.814700e-03 -1.793229e-02 -1.831580e+01 -1.804973e-03 9.999982e-01 5.585942e-04 1.170941e+00 1.793327e-02 -5.261368e-04 9.998390e-01 5.599007e+00
9.999130e-01 -1.826632e-03 1.306607e-02 -1.870087e+01 1.833041e-03 9.999982e-01 -4.785240e-04 1.189519e+00 -1.306518e-02 5.024336e-04 9.999145e-01 5.736444e+00
9.998477e-01 1.639647e-03 -1.737498e-02 -1.917234e+01 -1.633544e-03 9.999986e-01 3.654179e-04 1.212698e+00 1.737556e-02 -3.369800e-04 9.998490e-01 5.820236e+00
9.999390e-01 -1.850561e-03 1.089146e-02 -1.940382e+01 1.853028e-03 9.999983e-01 -2.163956e-04 1.226786e+00 -1.089104e-02 2.365652e-04 9.999407e-01 5.834412e+00
9.998808e-01 1.917936e-03 -1.532201e-02 -1.970620e+01 -1.913281e-03 9.999981e-01 3.185161e-04 1.239286e+00 1.532259e-02 -2.891634e-04 9.998826e-01 6.097623e+00
9.999118e-01 -1.949785e-03 1.313998e-02 -2.046951e+01 1.960969e-03 9.999977e-01 -8.383273e-04 1.279054e+00 -1.313832e-02 8.640211e-04 9.999133e-01 6.316121e+00
9.998647e-01 1.743866e-03 -1.635585e-02 -2.108158e+01 -1.736057e-03 9.999984e-01 4.916496e-04 1.308950e+00 1.635668e-02 -4.631890e-04 9.998661e-01 6.470110e+00
9.999298e-01 -1.832347e-03 1.170938e-02 -2.161209e+01 1.839521e-03 9.999981e-01 -6.019344e-04 1.332755e+00 -1.170825e-02 6.234324e-04 9.999313e-01 6.472012e+00
9.998746e-01 1.817347e-03 -1.573299e-02 -2.216657e+01 -1.810265e-03 9.999983e-01 4.643514e-04 1.362594e+00 1.573381e-02 -4.358129e-04 9.998761e-01 6.623912e+00
9.999644e-01 -2.014777e-03 8.188393e-03 -2.234236e+01 2.016368e-03 9.999979e-01 -1.859482e-04 1.376746e+00 -8.188002e-03 2.024530e-04 9.999665e-01 6.505173e+00
9.998921e-01 1.818000e-03 -1.457980e-02 -2.259453e+01 -1.813358e-03 9.999983e-01 3.315911e-04 1.391524e+00 1.458038e-02 -3.051175e-04 9.998937e-01 6.380325e+00
9.999598e-01 -1.997817e-03 8.743490e-03 -2.298703e+01 2.000160e-03 9.999980e-01 -2.591888e-04 1.411741e+00 -8.742955e-03 2.766674e-04 9.999617e-01 6.234394e+00
9.999099e-01 1.834293e-03 -1.329456e-02 -2.355465e+01 -1.832463e-03 9.999983e-01 1.498418e-04 1.442024e+00 1.329482e-02 -1.254671e-04 9.999116e-01 5.973913e+00
9.999710e-01 -2.136048e-03 7.304113e-03 -2.382514e+01 2.136712e-03 9.999977e-01 -8.307749e-05 1.466764e+00 -7.303918e-03 9.868247e-05 9.999733e-01 5.659767e+00
9.998778e-01 2.097732e-03 -1.549070e-02 -2.363787e+01 -2.090305e-03 9.999977e-01 4.956962e-04 1.476474e+00 1.549170e-02 -4.632560e-04 9.998799e-01 4.942514e+00
9.999716e-01 -2.272784e-03 7.180676e-03 -2.339566e+01 2.271677e-03 9.999974e-01 1.623817e-04 1.483463e+00 -7.181026e-03 -1.460643e-04 9.999742e-01 4.125885e+00
9.998858e-01 2.105147e-03 -1.496758e-02 -2.349744e+01 -2.104958e-03 9.999978e-01 2.839570e-05 1.491917e+00 1.496761e-02 3.113086e-06 9.998880e-01 3.865986e+00
9.999545e-01 -2.198867e-03 9.285688e-03 -2.381382e+01 2.197812e-03 9.999976e-01 1.237678e-04 1.509889e+00 -9.285937e-03 -1.033534e-04 9.999569e-01 3.970777e+00
9.998961e-01 2.059868e-03 -1.426946e-02 -2.406685e+01 -2.060397e-03 9.999979e-01 -2.237019e-05 1.518091e+00 1.426938e-02 5.176803e-05 9.998982e-01 4.137338e+00
9.999634e-01 -2.391544e-03 8.214318e-03 -2.428545e+01 2.389705e-03 9.999971e-01 2.337862e-04 1.533688e+00 -8.214854e-03 -2.141473e-04 9.999662e-01 3.823317e+00
9.998799e-01 2.250135e-03 -1.533045e-02 -2.429325e+01 -2.246436e-03 9.999974e-01 2.584882e-04 1.544295e+00 1.533099e-02 -2.240189e-04 9.998824e-01 3.262757e+00
9.999656e-01 -2.395173e-03 7.941705e-03 -2.416501e+01 2.391626e-03 9.999970e-01 4.561301e-04 1.550678e+00 -7.942774e-03 -4.371202e-04 9.999684e-01 2.469991e+00
9.998879e-01 2.170407e-03 -1.481462e-02 -2.402304e+01 -2.164964e-03 9.999976e-01 3.834190e-04 1.557822e+00 1.481541e-02 -3.513035e-04 9.998902e-01 1.646356e+00
9.999697e-01 -2.328186e-03 7.432907e-03 -2.385788e+01 2.325648e-03 9.999972e-01 3.501021e-04 1.562728e+00 -7.433701e-03 -3.328046e-04 9.999723e-01 9.470674e-01
9.998954e-01 2.267263e-03 -1.428353e-02 -2.369465e+01 -2.261818e-03 9.999974e-01 3.973802e-04 1.565222e+00 1.428439e-02 -3.650324e-04 9.998979e-01 3.827743e-01
9.999799e-01 -2.176146e-03 5.958652e-03 -2.341307e+01 2.174414e-03 9.999976e-01 2.971160e-04 1.565683e+00 -5.959284e-03 -2.841529e-04 9.999822e-01 -6.910089e-02
9.999090e-01 2.121770e-03 -1.332301e-02 -2.323182e+01 -2.116979e-03 9.999977e-01 3.737173e-04 1.570091e+00 1.332377e-02 -3.454793e-04 9.999112e-01 -6.931658e-01
9.999812e-01 -2.293675e-03 5.684368e-03 -2.321526e+01 2.293082e-03 9.999974e-01 1.108371e-04 1.578919e+00 -5.684607e-03 -9.779976e-05 9.999838e-01 -1.246058e+00
9.999282e-01 2.018161e-03 -1.181482e-02 -2.341045e+01 -2.016138e-03 9.999980e-01 1.831470e-04 1.593392e+00 1.181517e-02 -1.593141e-04 9.999302e-01 -1.619173e+00
9.999909e-01 -2.312817e-03 3.588873e-03 -2.331676e+01 2.310898e-03 9.999972e-01 5.389979e-04 1.598750e+00 -3.590110e-03 -5.306989e-04 9.999934e-01 -2.180405e+00
9.999026e-01 2.158133e-03 -1.378616e-02 -2.301504e+01 -2.156329e-03 9.999977e-01 1.457701e-04 1.597082e+00 1.378644e-02 -1.160290e-04 9.999050e-01 -2.652239e+00
9.999929e-01 -2.385979e-03 2.915258e-03 -2.255724e+01 2.383621e-03 9.999968e-01 8.120768e-04 1.597173e+00 -2.917186e-03 -8.051216e-04 9.999954e-01 -3.318884e+00
9.999284e-01 2.057994e-03 -1.179077e-02 -2.206213e+01 -2.056920e-03 9.999979e-01 1.033231e-04 1.603353e+00 1.179096e-02 -7.906362e-05 9.999305e-01 -4.332671e+00
9.999941e-01 -2.006105e-03 2.794181e-03 -2.165578e+01 2.004657e-03 9.999979e-01 5.211682e-04 1.603421e+00 -2.795220e-03 -5.155632e-04 9.999960e-01 -4.894963e+00
9.999457e-01 1.995317e-03 -1.022408e-02 -2.144946e+01 -1.991424e-03 9.999979e-01 3.909518e-04 1.602769e+00 1.022484e-02 -3.705707e-04 9.999477e-01 -5.367246e+00
9.999935e-01 -2.100006e-03 2.925165e-03 -2.120071e+01 2.098416e-03 9.999976e-01 5.466631e-04 1.601815e+00 -2.926306e-03 -5.405208e-04 9.999956e-01 -5.844024e+00
9.999201e-01 2.129983e-03 -1.246001e-02 -2.091540e+01 -2.127678e-03 9.999977e-01 1.982907e-04 1.600328e+00 1.246041e-02 -1.717646e-04 9.999224e-01 -6.222727e+00
9.999881e-01 -2.306362e-03 4.299399e-03 -2.084541e+01 2.304597e-03 9.999973e-01 4.154738e-04 1.604104e+00 -4.300346e-03 -4.055599e-04 9.999907e-01 -6.653354e+00
9.999330e-01 2.017435e-03 -1.139445e-02 -2.081841e+01 -2.014334e-03 9.999979e-01 2.836361e-04 1.606890e+00 1.139499e-02 -2.606654e-04 9.999350e-01 -7.233112e+00
9.999904e-01 -2.140745e-03 3.814692e-03 -2.068012e+01 2.139206e-03 9.999976e-01 4.075599e-04 1.608945e+00 -3.815555e-03 -3.993950e-04 9.999926e-01 -7.770524e+00
9.999220e-01 1.965541e-03 -1.233252e-02 -2.064745e+01 -1.961353e-03 9.999980e-01 3.517015e-04 1.611377e+00 1.233319e-02 -3.274862e-04 9.999239e-01 -8.012675e+00
9.999880e-01 -2.190718e-03 4.390075e-03 -2.080809e+01 2.190925e-03 9.999976e-01 -4.224714e-05 1.620897e+00 -4.389972e-03 5.186551e-05 9.999904e-01 -8.306795e+00
9.999252e-01 1.931586e-03 -1.207450e-02 -2.087571e+01 -1.924391e-03 9.999980e-01 6.075002e-04 1.630857e+00 1.207565e-02 -5.842193e-04 9.999269e-01 -8.804250e+00
9.999917e-01 -1.847271e-03 -3.628433e-03 -2.009282e+01 1.846829e-03 9.999983e-01 -1.250809e-04 1.600274e+00 3.628658e-03 1.183793e-04 9.999934e-01 -8.746686e+00
9.999096e-01 2.349707e-03 -1.324229e-02 -1.920140e+01 -2.351996e-03 9.999972e-01 -1.572623e-04 1.581211e+00 1.324189e-02 1.883933e-04 9.999123e-01 -8.983407e+00
9.999938e-01 -2.561062e-03 2.412667e-03 -1.871345e+01 2.559059e-03 9.999964e-01 8.331125e-04 1.583793e+00 -2.414792e-03 -8.269326e-04 9.999967e-01 -9.704437e+00
9.998871e-01 2.666139e-03 -1.478779e-02 -1.825561e+01 -2.670235e-03 9.999964e-01 -2.571959e-04 1.576387e+00 1.478705e-02 2.966532e-04 9.998906e-01 -9.941547e+00
9.999711e-01 -2.546693e-03 7.160517e-03 -1.811803e+01 2.542344e-03 9.999966e-01 6.164766e-04 1.564458e+00 -7.162062e-03 -5.982538e-04 9.999742e-01 -9.654094e+00
9.999182e-01 2.302878e-03 -1.257891e-02 -1.828467e+01 -2.310581e-03 9.999972e-01 -5.977763e-04 1.568673e+00 1.257750e-02 6.267915e-04 9.999207e-01 -9.554656e+00
9.999798e-01 -2.686567e-03 5.766550e-03 -1.838453e+01 2.679941e-03 9.999957e-01 1.156529e-03 1.576558e+00 -5.769632e-03 -1.141051e-03 9.999827e-01 -9.961298e+00
9.998828e-01 2.434142e-03 -1.511582e-02 -1.823633e+01 -2.442441e-03 9.999969e-01 -5.305634e-04 1.577811e+00 1.511448e-02 5.674201e-04 9.998856e-01 -1.032933e+01
9.999874e-01 -2.435288e-03 4.397011e-03 -1.796259e+01 2.431781e-03 9.999967e-01 8.030544e-04 1.571013e+00 -4.398952e-03 -7.923511e-04 9.999900e-01 -1.031866e+01
9.998943e-01 2.522240e-03 -1.431590e-02 -1.768308e+01 -2.533012e-03 9.999965e-01 -7.343873e-04 1.564596e+00 1.431400e-02 7.705716e-04 9.998973e-01 -1.020914e+01
9.999861e-01 -2.382585e-03 4.700853e-03 -1.731766e+01 2.377844e-03 9.999967e-01 1.014049e-03 1.558637e+00 -4.703253e-03 -1.002857e-03 9.999884e-01 -1.043600e+01
9.998907e-01 2.597366e-03 -1.455780e-02 -1.698495e+01 -2.609294e-03 9.999963e-01 -8.004239e-04 1.551297e+00 1.455567e-02 8.383215e-04 9.998937e-01 -1.054679e+01
9.999860e-01 -2.473180e-03 4.675956e-03 -1.666134e+01 2.468323e-03 9.999964e-01 1.044364e-03 1.539742e+00 -4.678522e-03 -1.032807e-03 9.999885e-01 -1.049937e+01
9.998605e-01 2.625061e-03 -1.649357e-02 -1.627588e+01 -2.637037e-03 9.999963e-01 -7.043668e-04 1.523344e+00 1.649166e-02 7.477622e-04 9.998637e-01 -1.041464e+01
9.999865e-01 -2.456129e-03 4.572809e-03 -1.585364e+01 2.452417e-03 9.999967e-01 8.171893e-04 1.503076e+00 -4.574801e-03 -8.059634e-04 9.999892e-01 -1.021894e+01
9.998307e-01 2.738341e-03 -1.819628e-02 -1.535669e+01 -2.753779e-03 9.999959e-01 -8.233990e-04 1.487654e+00 1.819395e-02 8.733676e-04 9.998341e-01 -1.013757e+01
9.999119e-01 -2.467663e-03 1.304595e-02 -1.573206e+01 2.455966e-03 9.999966e-01 9.126000e-04 1.511355e+00 -1.304815e-02 -8.804786e-04 9.999145e-01 -9.857509e+00
9.998129e-01 2.458972e-03 -1.918572e-02 -1.606323e+01 -2.476739e-03 9.999965e-01 -9.023139e-04 1.537896e+00 1.918344e-02 9.496626e-04 9.998155e-01 -9.607837e+00
9.999714e-01 -2.083199e-03 7.264243e-03 -1.561428e+01 2.073917e-03 9.999970e-01 1.285071e-03 1.536997e+00 -7.266899e-03 -1.269969e-03 9.999728e-01 -1.008446e+01
9.997695e-01 2.247381e-03 -2.135059e-02 -1.494134e+01 -2.259975e-03 9.999973e-01 -5.657398e-04 1.531678e+00 2.134926e-02 6.138607e-04 9.997719e-01 -1.058699e+01
9.999694e-01 -1.692466e-03 7.640524e-03 -1.448003e+01 1.684324e-03 9.999980e-01 1.071985e-03 1.530637e+00 -7.642323e-03 -1.059083e-03 9.999702e-01 -1.089209e+01
9.998268e-01 2.022695e-03 -1.849955e-02 -1.434818e+01 -2.038696e-03 9.999976e-01 -8.461226e-04 1.545325e+00 1.849780e-02 8.836906e-04 9.998285e-01 -1.126066e+01
9.999710e-01 -1.831500e-03 -7.386538e-03 -1.285571e+01 1.837556e-03 9.999980e-01 8.131972e-04 1.495665e+00 7.385033e-03 -8.267463e-04 9.999724e-01 -1.122213e+01
9.998003e-01 2.884702e-03 -1.977249e-02 -1.139421e+01 -2.915674e-03 9.999946e-01 -1.537764e-03 1.446899e+00 1.976795e-02 1.595106e-03 9.998033e-01 -1.102466e+01
9.999641e-01 -2.498851e-03 8.094520e-03 -1.103607e+01 2.483263e-03 9.999950e-01 1.935250e-03 1.441183e+00 -8.099316e-03 -1.915079e-03 9.999654e-01 -1.114104e+01
9.998738e-01 2.390790e-03 -1.570520e-02 -1.101850e+01 -2.411806e-03 9.999962e-01 -1.319298e-03 1.444293e+00 1.570199e-02 1.357009e-03 9.998758e-01 -1.131812e+01
9.999704e-01 -2.452596e-03 7.292150e-03 -1.086040e+01 2.438465e-03 9.999951e-01 1.946081e-03 1.444978e+00 -7.296887e-03 -1.928241e-03 9.999715e-01 -1.170767e+01
9.998686e-01 2.335490e-03 -1.603966e-02 -1.069182e+01 -2.355035e-03 9.999965e-01 -1.199712e-03 1.442873e+00 1.603680e-02 1.237328e-03 9.998706e-01 -1.206235e+01
9.999709e-01 -2.075291e-03 -7.337078e-03 -9.344757e+00 2.086235e-03 9.999967e-01 1.484227e-03 1.403728e+00 7.333974e-03 -1.499491e-03 9.999720e-01 -1.227560e+01
9.998440e-01 3.001509e-03 -1.740476e-02 -7.934663e+00 -3.041753e-03 9.999928e-01 -2.286228e-03 1.369039e+00 1.739777e-02 2.338812e-03 9.998459e-01 -1.249246e+01
9.999568e-01 -2.882676e-03 8.838368e-03 -7.968139e+00 2.858161e-03 9.999920e-01 2.785089e-03 1.372746e+00 -8.846327e-03 -2.759706e-03 9.999571e-01 -1.248155e+01
9.998830e-01 2.618585e-03 -1.507316e-02 -8.233642e+00 -2.654624e-03 9.999937e-01 -2.371370e-03 1.387528e+00 1.506685e-02 2.411105e-03 9.998836e-01 -1.267462e+01
9.999518e-01 -3.035289e-03 9.334925e-03 -8.232015e+00 3.005559e-03 9.999904e-01 3.197248e-03 1.394822e+00 -9.344540e-03 -3.169037e-03 9.999513e-01 -1.354308e+01
9.998533e-01 2.865426e-03 -1.688430e-02 -8.051024e+00 -2.908731e-03 9.999925e-01 -2.540785e-03 1.394188e+00 1.687689e-02 2.589523e-03 9.998542e-01 -1.396442e+01
9.999594e-01 -2.828784e-03 8.561034e-03 -7.791480e+00 2.804944e-03 9.999922e-01 2.795535e-03 1.377313e+00 -8.568875e-03 -2.771407e-03 9.999594e-01 -1.370433e+01
9.997862e-01 2.993706e-03 -2.045786e-02 -7.295280e+00 -3.049948e-03 9.999917e-01 -2.718530e-03 1.355083e+00 2.044955e-02 2.780343e-03 9.997870e-01 -1.354727e+01
9.999674e-01 -2.828736e-03 7.561888e-03 -6.799599e+00 2.807492e-03 9.999921e-01 2.818522e-03 1.341062e+00 -7.569801e-03 -2.797200e-03 9.999674e-01 -1.355759e+01
9.998854e-01 2.659001e-03 -1.490130e-02 -6.584986e+00 -2.688760e-03 9.999944e-01 -1.977388e-03 1.346866e+00 1.489596e-02 2.017227e-03 9.998870e-01 -1.433997e+01
9.999688e-01 -2.972568e-03 7.315209e-03 -6.313557e+00 2.952766e-03 9.999920e-01 2.716420e-03 1.347523e+00 -7.323225e-03 -2.694735e-03 9.999696e-01 -1.496794e+01
9.998502e-01 3.211719e-03 -1.700680e-02 -5.816715e+00 -3.243797e-03 9.999930e-01 -1.858881e-03 1.336432e+00 1.700071e-02 1.913769e-03 9.998536e-01 -1.520752e+01
9.999511e-01 -3.594910e-03 9.209677e-03 -5.512796e+00 3.571137e-03 9.999903e-01 2.596507e-03 1.343833e+00 -9.218922e-03 -2.563491e-03 9.999542e-01 -1.617757e+01
9.997919e-01 3.551415e-03 -2.009056e-02 -5.137120e+00 -3.591418e-03 9.999916e-01 -1.955361e-03 1.340018e+00 2.008345e-02 2.027108e-03 9.997963e-01 -1.655838e+01
9.999615e-01 -3.400835e-03 8.086858e-03 -4.775324e+00 3.383990e-03 9.999921e-01 2.095777e-03 1.327859e+00 -8.093921e-03 -2.068330e-03 9.999651e-01 -1.632900e+01
9.997743e-01 3.594114e-03 -2.093726e-02 -4.345707e+00 -3.638062e-03 9.999913e-01 -2.061324e-03 1.312978e+00 2.092967e-02 2.137030e-03 9.997787e-01 -1.612959e+01
9.999318e-01 -3.276558e-03 1.121070e-02 -4.256960e+00 3.252082e-03 9.999923e-01 2.200915e-03 1.319090e+00 -1.121782e-02 -2.164306e-03 9.999347e-01 -1.589927e+01
9.997797e-01 3.364290e-03 -2.071564e-02 -4.065747e+00 -3.399245e-03 9.999929e-01 -1.652373e-03 1.326102e+00 2.070994e-02 1.722426e-03 9.997840e-01 -1.628793e+01
9.999860e-01 -3.273028e-03 4.145944e-03 -3.249832e+00 3.265357e-03 9.999929e-01 1.855745e-03 1.295991e+00 -4.151989e-03 -1.842180e-03 9.999897e-01 -1.623537e+01
9.993518e-01 4.051200e-03 -3.577220e-02 -1.034363e+00 -4.149431e-03 9.999878e-01 -2.672169e-03 1.194476e+00 3.576094e-02 2.818871e-03 9.993564e-01 -1.547260e+01
