9.999958e-01 6.563825e-05 -2.914325e-03 -3.244957e-02 -6.605791e-05 1.000000e+00 -1.438953e-04 -9.394783e-03 2.914316e-03 1.440865e-04 9.999957e-01 5.222262e-01
9.999997e-01 1.847505e-05 -7.760632e-04 -6.162217e-02 -1.854220e-05 1.000000e+00 -8.655133e-05 -2.125518e-02 7.760620e-04 8.656640e-05 9.999997e-01 1.070456e+00
9.999985e-01 1.418583e-04 -1.733363e-03 -8.936998e-02 -1.426783e-04 9.999999e-01 -4.729636e-04 -3.316831e-02 1.733295e-03 4.732095e-04 9.999984e-01 1.865646e+00
9.999998e-01 1.015117e-04 -6.611606e-04 -8.194070e-02 -1.015568e-04 1.000000e+00 -6.825723e-05 -4.827499e-02 6.611540e-04 6.832507e-05 9.999998e-01 2.674692e+00
9.999957e-01 -2.150153e-04 -2.936474e-03 -9.669335e-02 2.170530e-04 9.999997e-01 6.936071e-04 -5.245758e-02 2.936323e-03 -6.942422e-04 9.999954e-01 2.554904e+00
9.999985e-01 2.593495e-04 -1.711934e-03 -7.510209e-02 -2.602315e-04 9.999998e-01 -5.149779e-04 -6.148533e-02 1.711801e-03 5.154234e-04 9.999984e-01 2.776060e+00
9.999951e-01 -1.954714e-04 -3.128158e-03 -8.732602e-03 1.984189e-04 9.999995e-01 9.419643e-04 -6.888191e-02 3.127972e-03 -9.425811e-04 9.999947e-01 2.864165e+00
9.999986e-01 2.371590e-04 -1.640774e-03 5.058118e-02 -2.381262e-04 9.999998e-01 -5.893185e-04 -7.463626e-02 1.640634e-03 5.897091e-04 9.999985e-01 2.928696e+00
9.999991e-01 -6.071216e-05 -1.330240e-03 5.008530e-02 6.086757e-05 1.000000e+00 1.168210e-04 -8.866800e-02 1.330233e-03 -1.169026e-04 9.999991e-01 3.689381e+00
9.999974e-01 1.423118e-04 -2.294828e-03 2.225395e-02 -1.428946e-04 1.000000e+00 -2.537969e-04 -9.816399e-02 2.294792e-03 2.541248e-04 9.999973e-01 4.199737e+00
9.999976e-01 -1.511379e-04 -2.178904e-03 9.472787e-03 1.522956e-04 9.999998e-01 5.311943e-04 -1.014836e-01 2.178823e-03 -5.315256e-04 9.999975e-01 4.277609e+00
9.999998e-01 4.720048e-05 -6.893855e-04 -1.469383e-01 -4.757568e-05 9.999999e-01 -5.442959e-04 -1.041092e-01 6.893601e-04 5.443293e-04 9.999996e-01 4.586268e+00
9.999958e-01 -2.524544e-04 -2.896434e-03 -3.221817e-01 2.552053e-04 9.999995e-01 9.494251e-04 -1.009497e-01 2.896192e-03 -9.501609e-04 9.999954e-01 4.476986e+00
9.999990e-01 1.410321e-04 -1.424891e-03 -3.586666e-01 -1.415048e-04 9.999999e-01 -3.316835e-04 -9.945918e-02 1.424844e-03 3.318855e-04 9.999989e-01 4.190532e+00
9.999953e-01 -4.089436e-05 -3.051882e-03 -3.743546e-01 4.184961e-05 1.000000e+00 3.129533e-04 -1.094140e-01 3.051868e-03 -3.130803e-04 9.999953e-01 4.634544e+00
9.999935e-01 1.223736e-04 -3.595386e-03 -1.338292e-01 -1.212319e-04 9.999999e-01 3.177484e-04 -1.179188e-01 3.595425e-03 -3.173097e-04 9.999935e-01 4.591268e+00
9.999993e-01 -2.119832e-04 -1.155650e-03 -1.628034e-03 2.126911e-04 9.999998e-01 6.124945e-04 -1.134456e-01 1.155519e-03 -6.127406e-04 9.999991e-01 3.793697e+00
9.999894e-01 -9.257655e-05 -4.610232e-03 1.700128e-01 9.384870e-05 1.000000e+00 2.757126e-04 -1.057497e-01 4.610207e-03 -2.761416e-04 9.999893e-01 2.831739e+00
9.999994e-01 2.480051e-04 -1.039335e-03 4.356808e-01 -2.475281e-04 9.999999e-01 4.590617e-04 -1.089299e-01 1.039449e-03 -4.588049e-04 9.999994e-01 2.257059e+00
9.999959e-01 -3.089429e-04 -2.854510e-03 3.493337e-01 3.082346e-04 9.999999e-01 -2.485925e-04 -1.092228e-01 2.854587e-03 2.477123e-04 9.999959e-01 2.339339e+00
9.999971e-01 3.205696e-05 -2.412463e-03 4.609575e-01 -2.907675e-05 9.999992e-01 1.235386e-03 -1.052910e-01 2.412500e-03 -1.235313e-03 9.999963e-01 1.621503e+00
9.999967e-01 -1.914801e-04 -2.571774e-03 5.521636e-01 1.901347e-04 9.999998e-01 -5.234026e-04 -1.019689e-01 2.571874e-03 5.229126e-04 9.999966e-01 9.401126e-01
9.999926e-01 2.961789e-05 -3.851094e-03 7.502342e-01 -2.483984e-05 9.999992e-01 1.240758e-03 -1.031567e-01 3.851128e-03 -1.240653e-03 9.999918e-01 3.617508e-01
9.999967e-01 3.661316e-04 -2.560149e-03 1.130529e+00 -3.686623e-04 9.999994e-01 -9.880975e-04 -1.162583e-01 2.559786e-03 9.890387e-04 9.999962e-01 2.669145e-01
9.999920e-01 -2.923803e-04 -3.979490e-03 1.281659e+00 2.969328e-04 9.999993e-01 1.143484e-03 -1.267653e-01 3.979152e-03 -1.144657e-03 9.999914e-01 5.394103e-01
9.999992e-01 3.591418e-04 -1.208243e-03 1.309751e+00 -3.604653e-04 9.999993e-01 -1.095381e-03 -1.363198e-01 1.207850e-03 1.095817e-03 9.999987e-01 9.399923e-01
9.999911e-01 -4.337386e-04 -4.195193e-03 1.382796e+00 4.400070e-04 9.999988e-01 1.493401e-03 -1.408781e-01 4.194539e-03 -1.495234e-03 9.999901e-01 9.594241e-01
9.999999e-01 3.531226e-04 -1.710738e-04 1.369965e+00 -3.533005e-04 9.999994e-01 -1.041148e-03 -1.367815e-01 1.707063e-04 1.041209e-03 9.999994e-01 5.911362e-01
9.999983e-01 -6.415992e-04 -1.737420e-03 8.480674e-01 6.435314e-04 9.999992e-01 1.111803e-03 -1.103795e-01 1.736705e-03 -1.112920e-03 9.999979e-01 3.445928e-01
1.000000e+00 1.215343e-04 -2.017051e-04 4.594503e-02 -1.218135e-04 9.999990e-01 -1.385432e-03 -7.202868e-02 2.015369e-04 1.385458e-03 9.999990e-01 2.499821e-01
9.999953e-01 -4.937588e-04 -3.035532e-03 -5.915512e-01 4.974968e-04 9.999991e-01 1.230803e-03 -4.139843e-02 3.034921e-03 -1.232308e-03 9.999946e-01 2.342795e-01
9.999989e-01 2.726343e-04 -1.464623e-03 -9.316966e-01 -2.739645e-04 9.999996e-01 -9.081045e-04 -2.104293e-02 1.464375e-03 9.085055e-04 9.999985e-01 1.383987e-02
9.999926e-01 -5.634693e-04 -3.805933e-03 -9.085742e-01 5.697393e-04 9.999985e-01 1.646564e-03 -1.193600e-02 3.804999e-03 -1.648721e-03 9.999914e-01 -8.619123e-01
9.999997e-01 1.876339e-04 -7.932271e-04 -8.537107e-01 -1.883332e-04 9.999996e-01 -8.816874e-04 -1.254836e-04 7.930617e-04 8.818372e-04 9.999993e-01 -1.997224e+00
9.999815e-01 -5.520603e-04 -6.062342e-03 -7.127100e-01 5.619880e-04 9.999985e-01 1.636041e-03 3.344879e-03 6.061429e-03 -1.639418e-03 9.999803e-01 -2.679017e+00
9.999999e-01 1.626005e-04 4.090203e-04 -6.815679e-01 -1.622676e-04 9.999997e-01 -8.137648e-04 1.151327e-02 -4.091521e-04 8.136991e-04 9.999996e-01 -3.589097e+00
9.999792e-01 -1.423281e-04 -6.446246e-03 -7.581264e-01 1.495687e-04 9.999994e-01 1.122776e-03 1.789139e-02 6.446082e-03 -1.123717e-03 9.999786e-01 -3.787632e+00
9.999998e-01 1.388790e-04 6.284157e-04 -7.803552e-01 -1.383829e-04 9.999997e-01 -7.893847e-04 1.829535e-02 -6.285248e-04 7.892983e-04 9.999995e-01 -3.864324e+00
9.999757e-01 4.386535e-06 -6.970133e-03 -6.870734e-01 4.454292e-06 9.999992e-01 1.268383e-03 1.310255e-02 6.970133e-03 -1.268384e-03 9.999749e-01 -3.801406e+00
1.000000e+00 -1.233222e-04 -2.745495e-04 -5.983098e-01 1.232039e-04 9.999999e-01 -4.310446e-04 1.358384e-02 2.746030e-04 4.310115e-04 9.999999e-01 -4.187530e+00
9.999753e-01 3.174058e-05 -7.028190e-03 -5.100460e-01 -2.317737e-05 9.999993e-01 1.218499e-03 1.359856e-02 7.028223e-03 -1.218307e-03 9.999746e-01 -4.548935e+00
1.000000e+00 -1.621593e-04 1.450967e-04 -4.628671e-01 1.622145e-04 9.999999e-01 -3.800462e-04 1.544763e-02 -1.450348e-04 3.800705e-04 9.999999e-01 -4.976103e+00
9.999819e-01 -3.778917e-05 -6.019891e-03 -7.006427e-01 4.370385e-05 9.999995e-01 9.824097e-04 2.671122e-02 6.019850e-03 -9.826557e-04 9.999814e-01 -5.338987e+00
1.000000e+00 -1.047974e-04 -4.724865e-05 -7.866710e-01 1.047859e-04 1.000000e+00 -2.442310e-04 3.160251e-02 4.727458e-05 2.442267e-04 1.000000e+00 -5.845813e+00
9.999906e-01 -1.921691e-04 -4.323295e-03 -9.939604e-01 1.968946e-04 9.999994e-01 1.092670e-03 4.176054e-02 4.323082e-03 -1.093511e-03 9.999901e-01 -6.559484e+00
9.999977e-01 -1.309515e-05 -2.129318e-03 -1.038843e+00 1.241994e-05 9.999999e-01 -3.171594e-04 4.624698e-02 2.129322e-03 3.171330e-04 9.999977e-01 -7.053620e+00
9.999883e-01 -8.940402e-05 -4.843485e-03 -1.235289e+00 9.342084e-05 9.999997e-01 8.291263e-04 5.283159e-02 4.843409e-03 -8.295698e-04 9.999879e-01 -7.175270e+00
9.999984e-01 -1.498640e-06 -1.807891e-03 -1.529128e+00 6.629644e-07 9.999999e-01 -4.622959e-04 6.332594e-02 1.807892e-03 4.622947e-04 9.999983e-01 -7.230413e+00
9.999870e-01 -7.455065e-05 -5.105933e-03 -1.678622e+00 7.914257e-05 9.999996e-01 8.991547e-04 6.760317e-02 5.105864e-03 -8.995478e-04 9.999866e-01 -7.199050e+00
9.999995e-01 -1.324116e-04 -1.006259e-03 -1.885542e+00 1.320268e-04 9.999999e-01 -3.825582e-04 7.473182e-02 1.006309e-03 3.824259e-04 9.999994e-01 -7.328045e+00
9.999843e-01 1.373017e-04 -5.609954e-03 -1.883206e+00 -1.332698e-04 9.999997e-01 7.190831e-04 7.171074e-02 5.610051e-03 -7.183248e-04 9.999840e-01 -7.260365e+00
9.999999e-01 -4.271195e-04 5.990295e-05 -2.053436e+00 4.271152e-04 9.999999e-01 7.372452e-05 7.683217e-02 -5.993410e-05 -7.369823e-05 1.000000e+00 -7.602110e+00
9.999953e-01 -8.731069e-06 -3.070216e-03 -2.410910e+00 1.089842e-05 9.999998e-01 7.059472e-04 9.348280e-02 3.070208e-03 -7.059780e-04 9.999950e-01 -8.569162e+00
9.999993e-01 -6.081171e-04 -1.034447e-03 -2.527196e+00 6.084888e-04 9.999998e-01 3.589406e-04 1.021937e-01 1.034229e-03 -3.595691e-04 9.999994e-01 -9.531285e+00
9.999916e-01 3.564371e-04 -4.074371e-03 -2.452938e+00 -3.542866e-04 9.999998e-01 5.285435e-04 1.098884e-01 4.074558e-03 -5.270963e-04 9.999916e-01 -1.043038e+01
9.999654e-01 -3.726436e-04 -8.311966e-03 -1.887268e+00 3.758987e-04 9.999999e-01 3.900470e-04 9.727695e-02 8.311820e-03 -3.931573e-04 9.999654e-01 -1.074163e+01
9.999992e-01 5.557033e-04 -1.108601e-03 -1.518681e+00 -5.550687e-04 9.999997e-01 5.728396e-04 9.711009e-02 1.108918e-03 -5.722245e-04 9.999992e-01 -1.138371e+01
9.999908e-01 -8.394850e-04 -4.198490e-03 -1.584454e+00 8.403157e-04 9.999996e-01 1.960551e-04 1.046430e-01 4.198325e-03 -1.995807e-04 9.999912e-01 -1.219209e+01
9.999999e-01 4.118735e-04 9.916048e-05 -1.701848e+00 -4.119550e-04 9.999996e-01 8.222558e-04 1.099495e-01 -9.882210e-05 -8.222972e-04 9.999997e-01 -1.294376e+01
9.999950e-01 -9.741313e-04 -3.003392e-03 -1.696448e+00 9.745915e-04 9.999995e-01 1.517462e-04 1.224900e-01 3.003243e-03 -1.546718e-04 9.999955e-01 -1.421088e+01
9.999997e-01 4.081873e-04 6.482961e-04 -1.875517e+00 -4.086329e-04 9.999997e-01 6.871268e-04 1.391396e-01 -6.480157e-04 -6.873922e-04 9.999996e-01 -1.560967e+01
9.999838e-01 -7.913053e-04 -5.636865e-03 -1.886843e+00 7.910281e-04 9.999997e-01 -5.142729e-05 1.489312e-01 5.636904e-03 4.696823e-05 9.999841e-01 -1.659559e+01
9.999999e-01 4.045259e-04 -1.316504e-04 -1.851825e+00 -4.044086e-04 9.999995e-01 8.910378e-04 1.533464e-01 1.320104e-04 -8.909852e-04 9.999996e-01 -1.730678e+01
9.999942e-01 -8.449698e-04 -3.308597e-03 -1.924353e+00 8.448425e-04 9.999996e-01 -3.989852e-05 1.663196e-01 3.308630e-03 3.710374e-05 9.999945e-01 -1.853886e+01
9.999931e-01 5.488725e-04 -3.685332e-03 -1.774387e+00 -5.462515e-04 9.999996e-01 7.122041e-04 1.732893e-01 3.685721e-03 -7.101867e-04 9.999930e-01 -1.944402e+01
9.999988e-01 -6.827141e-04 -1.393816e-03 -1.628768e+00 6.831305e-04 9.999997e-01 2.981376e-04 1.794060e-01 1.393613e-03 -2.990887e-04 9.999990e-01 -2.039197e+01
9.999982e-01 1.886145e-04 -1.891247e-03 -1.789874e+00 -1.876626e-04 9.999999e-01 5.035469e-04 1.934011e-01 1.891341e-03 -5.031918e-04 9.999981e-01 -2.160367e+01
9.999980e-01 -7.260111e-04 -1.849080e-03 -1.904760e+00 7.266257e-04 9.999997e-01 3.316242e-04 2.052619e-01 1.848839e-03 -3.329664e-04 9.999982e-01 -2.272821e+01
9.999904e-01 4.216194e-04 -4.352445e-03 -1.803244e+00 -4.201841e-04 9.999999e-01 3.307169e-04 2.123772e-01 4.352583e-03 -3.288856e-04 9.999905e-01 -2.361152e+01
9.999994e-01 -8.192732e-04 7.503666e-04 -1.836206e+00 8.187679e-04 9.999994e-01 6.736179e-04 2.220764e-01 -7.509178e-04 -6.730024e-04 9.999995e-01 -2.468127e+01
9.999959e-01 3.532391e-04 -2.839152e-03 -2.166506e+00 -3.527032e-04 9.999999e-01 1.892815e-04 2.416307e-01 2.839218e-03 -1.882800e-04 9.999960e-01 -2.597464e+01
9.999996e-01 -8.400825e-04 2.889996e-04 -2.439416e+00 8.398807e-04 9.999994e-01 6.983146e-04 2.587286e-01 -2.895858e-04 -6.980709e-04 9.999997e-01 -2.720965e+01
9.999966e-01 2.914625e-04 -2.586073e-03 -2.684906e+00 -2.908808e-04 9.999999e-01 2.253739e-04 2.759170e-01 2.586138e-03 -2.246216e-04 9.999966e-01 -2.852795e+01
9.999994e-01 -9.004335e-04 6.857117e-04 -2.969698e+00 8.999952e-04 9.999994e-01 6.394252e-04 2.948093e-01 -6.862867e-04 -6.388070e-04 9.999996e-01 -2.993794e+01
9.999944e-01 4.083879e-04 -3.322063e-03 -3.185007e+00 -4.076626e-04 9.999999e-01 2.190282e-04 3.094333e-01 3.322152e-03 -2.176734e-04 9.999945e-01 -3.122468e+01
9.999981e-01 -1.012845e-03 1.650135e-03 -3.468950e+00 1.011554e-03 9.999992e-01 7.830160e-04 3.253654e-01 -1.650926e-03 -7.813447e-04 9.999983e-01 -3.249680e+01
9.999942e-01 3.568438e-04 -3.374441e-03 -4.171973e+00 -3.575333e-04 9.999999e-01 -2.036921e-04 3.572409e-01 3.374367e-03 2.048967e-04 9.999943e-01 -3.361511e+01
9.999986e-01 -8.608850e-04 1.414833e-03 -4.688633e+00 8.596336e-04 9.999992e-01 8.849144e-04 3.819694e-01 -1.415594e-03 -8.836963e-04 9.999986e-01 -3.479042e+01
9.999956e-01 2.853258e-04 -2.941238e-03 -5.059534e+00 -2.850351e-04 1.000000e+00 9.930087e-05 4.031545e-01 2.941266e-03 -9.846277e-05 9.999957e-01 -3.616380e+01
9.999985e-01 -8.427491e-04 1.519355e-03 -5.377847e+00 8.414687e-04 9.999993e-01 8.432491e-04 4.237607e-01 -1.520064e-03 -8.419686e-04 9.999985e-01 -3.759804e+01
9.999879e-01 3.585751e-04 -4.897830e-03 -5.523848e+00 -3.582195e-04 9.999999e-01 7.351473e-05 4.376587e-01 4.897856e-03 -7.176004e-05 9.999880e-01 -3.882815e+01
9.999979e-01 -8.109025e-04 1.885884e-03 -5.590562e+00 8.093227e-04 9.999993e-01 8.383977e-04 4.500644e-01 -1.886563e-03 -8.368690e-04 9.999979e-01 -3.999735e+01
9.999899e-01 3.689543e-04 -4.480740e-03 -5.922098e+00 -3.687968e-04 9.999999e-01 3.600662e-05 4.681389e-01 4.480753e-03 -3.435447e-05 9.999900e-01 -4.114841e+01
9.999994e-01 -8.295609e-04 6.884855e-04 -5.760321e+00 8.289498e-04 9.999993e-01 8.874946e-04 4.824219e-01 -6.892209e-04 -8.869226e-04 9.999994e-01 -4.253614e+01
9.999970e-01 1.318606e-04 -2.445337e-03 -5.670256e+00 -1.317308e-04 1.000000e+00 5.332876e-05 5.032379e-01 2.445344e-03 -5.300717e-05 9.999970e-01 -4.434244e+01
9.999985e-01 -8.573594e-04 1.507419e-03 -5.834627e+00 8.560038e-04 9.999992e-01 8.998394e-04 5.249455e-01 -1.508189e-03 -8.985470e-04 9.999985e-01 -4.608063e+01
9.999941e-01 3.018082e-04 -3.424436e-03 -6.240040e+00 -3.021556e-04 9.999999e-01 -1.008742e-04 5.489265e-01 3.424405e-03 1.019076e-04 9.999941e-01 -4.747044e+01
9.999995e-01 -8.589247e-04 4.828680e-04 -6.403668e+00 8.583696e-04 9.999990e-01 1.148962e-03 5.656739e-01 -4.838540e-04 -1.148546e-03 9.999992e-01 -4.883086e+01
9.999956e-01 5.887509e-04 -2.893129e-03 -6.730065e+00 -5.899827e-04 9.999997e-01 -4.248785e-04 5.886128e-01 2.892878e-03 4.265828e-04 9.999957e-01 -5.004897e+01
9.999992e-01 -1.001686e-03 -8.014537e-04 -7.025744e+00 1.002630e-03 9.999988e-01 1.178347e-03 6.073571e-01 8.002727e-04 -1.179149e-03 9.999990e-01 -5.103533e+01
9.999941e-01 5.804435e-04 -3.391840e-03 -7.134859e+00 -5.808684e-04 9.999998e-01 -1.242431e-04 6.188506e-01 3.391767e-03 1.262119e-04 9.999942e-01 -5.206102e+01
9.999989e-01 -1.043606e-03 1.016859e-03 -7.159321e+00 1.042509e-03 9.999989e-01 1.079234e-03 6.357866e-01 -1.017983e-03 -1.078172e-03 9.999989e-01 -5.352141e+01
9.999734e-01 7.469681e-04 -7.256888e-03 -7.066347e+00 -7.492001e-04 9.999997e-01 -3.048341e-04 6.444867e-01 7.256657e-03 3.102622e-04 9.999736e-01 -5.441899e+01
9.999865e-01 -1.407935e-03 -5.008002e-03 -6.419670e+00 1.416682e-03 9.999975e-01 1.743570e-03 6.344265e-01 5.005534e-03 -1.750640e-03 9.999859e-01 -5.491991e+01
9.999632e-01 1.787642e-03 -8.385785e-03 -5.941525e+00 -1.801111e-03 9.999971e-01 -1.598942e-03 6.253801e-01 8.382902e-03 1.613987e-03 9.999636e-01 -5.507847e+01
9.999986e-01 -1.611856e-03 4.055928e-04 -6.148266e+00 1.611253e-03 9.999976e-01 1.481771e-03 6.516852e-01 -4.079799e-04 -1.481115e-03 9.999988e-01 -5.491608e+01
9.999538e-01 1.643988e-03 -9.469711e-03 -6.175021e+00 -1.656754e-03 9.999977e-01 -1.340369e-03 6.666537e-01 9.467485e-03 1.355995e-03 9.999543e-01 -5.496303e+01
9.999962e-01 -1.581569e-03 2.248666e-03 -6.366366e+00 1.578402e-03 9.999978e-01 1.409542e-03 6.869703e-01 -2.250890e-03 -1.405986e-03 9.999965e-01 -5.508763e+01
9.999294e-01 1.700493e-03 -1.175856e-02 -6.183683e+00 -1.718723e-03 9.999973e-01 -1.540413e-03 6.993183e-01 1.175591e-02 1.560513e-03 9.999297e-01 -5.514133e+01
9.999741e-01 -2.011298e-03 6.905530e-03 -6.269934e+00 1.994312e-03 9.999950e-01 2.465812e-03 7.084227e-01 -6.910454e-03 -2.451976e-03 9.999731e-01 -5.595228e+01
9.999436e-01 1.651001e-03 -1.049503e-02 -6.606882e+00 -1.669808e-03 9.999970e-01 -1.783436e-03 7.281337e-01 1.049206e-02 1.800859e-03 9.999433e-01 -5.690307e+01
9.999796e-01 -2.145223e-03 6.008453e-03 -6.748099e+00 2.128939e-03 9.999940e-01 2.715313e-03 7.404938e-01 -6.014242e-03 -2.702466e-03 9.999783e-01 -5.784497e+01
9.999285e-01 1.799238e-03 -1.182221e-02 -6.736480e+00 -1.823538e-03 9.999962e-01 -2.045050e-03 7.500940e-01 1.181849e-02 2.066461e-03 9.999280e-01 -5.880966e+01
9.999570e-01 -2.289453e-03 8.981904e-03 -7.036048e+00 2.264523e-03 9.999936e-01 2.784719e-03 7.701138e-01 -8.988221e-03 -2.764259e-03 9.999558e-01 -6.001229e+01
9.999344e-01 1.740938e-03 -1.131902e-02 -7.307080e+00 -1.763998e-03 9.999964e-01 -2.027611e-03 7.912952e-01 1.131544e-02 2.047444e-03 9.999339e-01 -6.138508e+01
9.999753e-01 -2.111064e-03 6.704685e-03 -7.496293e+00 2.093013e-03 9.999942e-01 2.698318e-03 8.071462e-01 -6.710341e-03 -2.684218e-03 9.999739e-01 -6.234342e+01
9.998970e-01 1.941369e-03 -1.421823e-02 -7.671853e+00 -1.972725e-03 9.999957e-01 -2.191622e-03 8.185373e-01 1.421391e-02 2.219444e-03 9.998965e-01 -6.251658e+01
9.999897e-01 -1.848445e-03 4.145192e-03 -7.590706e+00 1.838715e-03 9.999955e-01 2.349962e-03 8.287608e-01 -4.149517e-03 -2.342315e-03 9.999886e-01 -6.246954e+01
9.999521e-01 1.810477e-03 -9.620104e-03 -7.834007e+00 -1.829170e-03 9.999965e-01 -1.934653e-03 8.481832e-01 9.616567e-03 1.952156e-03 9.999519e-01 -6.302882e+01
9.999568e-01 -2.470146e-03 8.966036e-03 -8.522514e+00 2.448643e-03 9.999941e-01 2.408517e-03 8.834119e-01 -8.971932e-03 -2.386457e-03 9.999569e-01 -6.432621e+01
9.999368e-01 1.846697e-03 -1.108924e-02 -9.205648e+00 -1.869369e-03 9.999962e-01 -2.034459e-03 9.169512e-01 1.108544e-02 2.055059e-03 9.999364e-01 -6.541262e+01
9.999927e-01 -2.022814e-03 3.242448e-03 -9.000198e+00 2.014690e-03 9.999948e-01 2.506757e-03 9.202289e-01 -3.247501e-03 -2.500206e-03 9.999916e-01 -6.606521e+01
9.999789e-01 2.141424e-03 -6.136667e-03 -9.676916e+00 -2.158445e-03 9.999938e-01 -2.768265e-03 9.584392e-01 6.130701e-03 2.781452e-03 9.999773e-01 -6.583990e+01
9.999969e-01 -2.193880e-03 1.177368e-03 -1.025940e+01 2.191391e-03 9.999954e-01 2.110735e-03 1.008453e+00 -1.181993e-03 -2.108147e-03 9.999971e-01 -6.567436e+01
9.999748e-01 2.219975e-03 -6.745964e-03 -1.062341e+01 -2.238605e-03 9.999937e-01 -2.755335e-03 1.051416e+00 6.739804e-03 2.770366e-03 9.999734e-01 -6.568008e+01
9.999969e-01 -2.199599e-03 1.199704e-03 -1.098416e+01 2.196616e-03 9.999945e-01 2.482248e-03 1.084776e+00 -1.205157e-03 -2.479604e-03 9.999962e-01 -6.571394e+01
9.999710e-01 2.205760e-03 -7.295819e-03 -1.120632e+01 -2.226092e-03 9.999937e-01 -2.779866e-03 1.114785e+00 7.289641e-03 2.796025e-03 9.999695e-01 -6.565202e+01
9.999968e-01 -1.992260e-03 -1.564495e-03 -1.106990e+01 1.996021e-03 9.999951e-01 2.406144e-03 1.129779e+00 1.559694e-03 -2.409258e-03 9.999959e-01 -6.557464e+01
9.999822e-01 1.883767e-03 -5.668044e-03 -1.099256e+01 -1.893913e-03 9.999966e-01 -1.785215e-03 1.136587e+00 5.664662e-03 1.795917e-03 9.999823e-01 -6.604741e+01
9.999957e-01 -2.230514e-03 1.912160e-03 -1.125911e+01 2.225660e-03 9.999943e-01 2.536595e-03 1.154931e+00 -1.917807e-03 -2.532327e-03 9.999950e-01 -6.690437e+01
9.999810e-01 1.942984e-03 -5.847204e-03 -1.156305e+01 -1.954683e-03 9.999961e-01 -1.995657e-03 1.172487e+00 5.843304e-03 2.007048e-03 9.999809e-01 -6.745149e+01
9.999977e-01 -2.076346e-03 -6.121240e-04 -1.150406e+01 2.077751e-03 9.999952e-01 2.303289e-03 1.169319e+00 6.073389e-04 -2.304554e-03 9.999972e-01 -6.746289e+01
9.999857e-01 1.914788e-03 -4.991264e-03 -1.148527e+01 -1.924265e-03 9.999964e-01 -1.894520e-03 1.167732e+00 4.987618e-03 1.904097e-03 9.999857e-01 -6.749097e+01
9.999968e-01 -2.407795e-03 7.754793e-04 -1.156962e+01 2.405559e-03 9.999930e-01 2.870662e-03 1.179181e+00 -7.823855e-04 -2.868787e-03 9.999956e-01 -6.854039e+01
9.999904e-01 2.032953e-03 -3.870940e-03 -1.171493e+01 -2.041108e-03 9.999957e-01 -2.103994e-03 1.194539e+00 3.866645e-03 2.111874e-03 9.999903e-01 -6.970740e+01
9.999969e-01 -2.457837e-03 3.418462e-04 -1.193217e+01 2.456806e-03 9.999925e-01 2.986864e-03 1.211182e+00 -3.491846e-04 -2.986014e-03 9.999955e-01 -7.082552e+01
9.999760e-01 2.222949e-03 -6.567458e-03 -1.182090e+01 -2.237821e-03 9.999949e-01 -2.258038e-03 1.214684e+00 6.562405e-03 2.272679e-03 9.999759e-01 -7.144696e+01
9.999966e-01 -2.247337e-03 -1.352613e-03 -1.158471e+01 2.250818e-03 9.999941e-01 2.577140e-03 1.214079e+00 1.346813e-03 -2.580175e-03 9.999958e-01 -7.169134e+01
9.999712e-01 2.404999e-03 -7.202921e-03 -1.135933e+01 -2.423349e-03 9.999938e-01 -2.539916e-03 1.214677e+00 7.196768e-03 2.557297e-03 9.999708e-01 -7.161258e+01
9.999976e-01 -1.795730e-03 1.231762e-03 -1.162456e+01 1.793778e-03 9.999971e-01 1.584784e-03 1.252927e+00 -1.234604e-03 -1.582571e-03 9.999980e-01 -7.118621e+01
9.999492e-01 1.976457e-03 -9.883869e-03 -1.136418e+01 -1.992381e-03 9.999967e-01 -1.601428e-03 1.257158e+00 9.880671e-03 1.621039e-03 9.999499e-01 -7.118799e+01
9.999962e-01 -2.123064e-03 1.749202e-03 -1.133550e+01 2.121835e-03 9.999975e-01 7.039977e-04 1.278362e+00 -1.750692e-03 -7.002829e-04 9.999982e-01 -7.093539e+01
9.999247e-01 2.281720e-03 -1.205423e-02 -1.108452e+01 -2.293501e-03 9.999969e-01 -9.636102e-04 1.284965e+00 1.205200e-02 9.911834e-04 9.999269e-01 -7.083163e+01
9.999975e-01 -2.174269e-03 6.053841e-04 -1.069241e+01 2.173694e-03 9.999972e-01 9.487557e-04 1.272744e+00 -6.074450e-04 -9.474367e-04 9.999994e-01 -7.076109e+01
9.999429e-01 2.242694e-03 -1.044740e-02 -1.048656e+01 -2.252055e-03 9.999971e-01 -8.842536e-04 1.272750e+00 1.044538e-02 9.077305e-04 9.999450e-01 -7.066503e+01
9.999972e-01 -2.346034e-03 -1.511288e-04 -1.021122e+01 2.346153e-03 9.999969e-01 7.853028e-04 1.272067e+00 1.492863e-04 -7.856546e-04 9.999997e-01 -7.054783e+01
9.999399e-01 2.445785e-03 -1.068509e-02 -9.837001e+00 -2.453266e-03 9.999968e-01 -6.870398e-04 1.255641e+00 1.068337e-02 7.132112e-04 9.999427e-01 -7.040891e+01
9.999969e-01 -2.377589e-03 -7.559370e-04 -9.450600e+00 2.378135e-03 9.999969e-01 7.222277e-04 1.242784e+00 7.542178e-04 -7.240225e-04 9.999995e-01 -7.032398e+01
9.999515e-01 2.491090e-03 -9.527086e-03 -9.105734e+00 -2.496823e-03 9.999967e-01 -5.898928e-04 1.224792e+00 9.525585e-03 6.136510e-04 9.999544e-01 -7.013570e+01
9.999959e-01 -2.448802e-03 -1.453397e-03 -8.720156e+00 2.449729e-03 9.999968e-01 6.363934e-04 1.208184e+00 1.451834e-03 -6.399506e-04 9.999987e-01 -6.986537e+01
9.999734e-01 2.596083e-03 -6.814405e-03 -8.426536e+00 -2.600567e-03 9.999964e-01 -6.490824e-04 1.195052e+00 6.812695e-03 6.667858e-04 9.999766e-01 -6.965205e+01
9.999955e-01 -2.670847e-03 1.378584e-03 -8.497412e+00 2.669635e-03 9.999960e-01 8.804861e-04 1.193544e+00 -1.380930e-03 -8.768011e-04 9.999987e-01 -6.948766e+01
9.999705e-01 2.560338e-03 -7.236287e-03 -8.434690e+00 -2.564850e-03 9.999965e-01 -6.142471e-04 1.190053e+00 7.234689e-03 6.327883e-04 9.999736e-01 -6.953379e+01
9.999948e-01 -2.558088e-03 1.978523e-03 -8.429875e+00 2.556573e-03 9.999964e-01 7.680788e-04 1.183940e+00 -1.980481e-03 -7.630158e-04 9.999977e-01 -6.934447e+01
9.999771e-01 2.673799e-03 -6.219315e-03 -8.468514e+00 -2.679950e-03 9.999959e-01 -9.809479e-04 1.174624e+00 6.216667e-03 9.975922e-04 9.999802e-01 -6.883858e+01
9.999936e-01 -2.747349e-03 2.296596e-03 -8.626246e+00 2.745472e-03 9.999959e-01 8.201062e-04 1.173150e+00 -2.298839e-03 -8.137951e-04 9.999970e-01 -6.846554e+01
9.999820e-01 2.462671e-03 -5.477406e-03 -9.026306e+00 -2.466116e-03 9.999968e-01 -6.222130e-04 1.190113e+00 5.475856e-03 6.357091e-04 9.999848e-01 -6.848168e+01
9.999955e-01 -2.657349e-03 1.406317e-03 -9.334333e+00 2.656449e-03 9.999963e-01 6.415987e-04 1.195982e+00 -1.408017e-03 -6.378593e-04 9.999988e-01 -6.827845e+01
9.999806e-01 2.654100e-03 -5.634695e-03 -9.597775e+00 -2.658298e-03 9.999962e-01 -7.377004e-04 1.199186e+00 5.632716e-03 7.526642e-04 9.999839e-01 -6.794317e+01
9.999943e-01 -2.891744e-03 1.715653e-03 -1.011715e+01 2.890401e-03 9.999955e-01 7.848134e-04 1.218977e+00 -1.717914e-03 -7.798494e-04 9.999982e-01 -6.799928e+01
9.999818e-01 2.399882e-03 -5.538549e-03 -1.062681e+01 -2.401802e-03 9.999971e-01 -3.399690e-04 1.242641e+00 5.537717e-03 3.532646e-04 9.999846e-01 -6.853809e+01
9.999954e-01 -2.793932e-03 1.211330e-03 -1.102068e+01 2.792818e-03 9.999957e-01 9.209977e-04 1.261594e+00 -1.213898e-03 -9.176098e-04 9.999988e-01 -6.909049e+01
9.999696e-01 2.548842e-03 -7.370132e-03 -1.120958e+01 -2.552155e-03 9.999966e-01 -4.401135e-04 1.272858e+00 7.368986e-03 4.589092e-04 9.999727e-01 -6.950938e+01
9.999958e-01 -2.724654e-03 1.010728e-03 -1.125947e+01 2.723838e-03 9.999960e-01 8.079298e-04 1.272592e+00 -1.012925e-03 -8.051727e-04 9.999992e-01 -6.950702e+01
9.999751e-01 2.536411e-03 -6.588868e-03 -1.144176e+01 -2.539628e-03 9.999967e-01 -4.799257e-04 1.276105e+00 6.587628e-03 4.966464e-04 9.999782e-01 -6.947018e+01
9.999967e-01 -2.560263e-03 1.312676e-04 -1.144988e+01 2.560154e-03 9.999964e-01 8.314875e-04 1.269321e+00 -1.333957e-04 -8.311481e-04 9.999996e-01 -6.922799e+01
9.999462e-01 2.586121e-03 -1.004088e-02 -1.112614e+01 -2.591964e-03 9.999965e-01 -5.688721e-04 1.251672e+00 1.003937e-02 5.948664e-04 9.999494e-01 -6.904029e+01
9.999964e-01 -2.359388e-03 -1.306496e-03 -1.069400e+01 2.360031e-03 9.999971e-01 4.902849e-04 1.234186e+00 1.305335e-03 -4.933659e-04 9.999990e-01 -6.889410e+01
9.999444e-01 2.570966e-03 -1.022980e-02 -1.027285e+01 -2.574682e-03 9.999966e-01 -3.500151e-04 1.221915e+00 1.022887e-02 3.763335e-04 9.999476e-01 -6.888391e+01
9.999965e-01 -2.467743e-03 9.471103e-04 -1.015813e+01 2.468389e-03 9.999967e-01 -6.805862e-04 1.248809e+00 -9.454274e-04 6.829223e-04 9.999993e-01 -6.879932e+01
9.999339e-01 2.604484e-03 -1.119670e-02 -9.830978e+00 -2.594145e-03 9.999962e-01 9.378440e-04 1.250595e+00 1.119910e-02 -9.087368e-04 9.999369e-01 -6.906265e+01
9.999967e-01 -2.517001e-03 5.441977e-04 -9.446412e+00 2.517297e-03 9.999967e-01 -5.422251e-04 1.241637e+00 -5.428309e-04 5.435938e-04 9.999997e-01 -6.915179e+01
9.999349e-01 2.720860e-03 -1.107897e-02 -9.042740e+00 -2.712634e-03 9.999960e-01 7.574518e-04 1.228976e+00 1.108098e-02 -7.273500e-04 9.999383e-01 -6.911122e+01
9.999929e-01 -2.425771e-03 2.884924e-03 -8.921174e+00 2.428571e-03 9.999966e-01 -9.673532e-04 1.240890e+00 -2.882567e-03 9.743532e-04 9.999954e-01 -6.899988e+01
9.998987e-01 2.308552e-03 -1.404508e-02 -8.664035e+00 -2.302701e-03 9.999973e-01 4.327594e-04 1.252230e+00 1.404604e-02 -4.003745e-04 9.999013e-01 -6.893331e+01
9.999940e-01 -2.135572e-03 2.711549e-03 -8.368707e+00 2.136640e-03 9.999976e-01 -3.911027e-04 1.249860e+00 -2.710707e-03 3.968946e-04 9.999962e-01 -6.884822e+01
9.998928e-01 2.301805e-03 -1.445983e-02 -8.173252e+00 -2.298155e-03 9.999973e-01 2.690958e-04 1.258187e+00 1.446041e-02 -2.358367e-04 9.998954e-01 -6.870982e+01
9.999875e-01 -2.155822e-03 4.519723e-03 -8.103067e+00 2.157775e-03 9.999976e-01 -4.270409e-04 1.270515e+00 -4.518791e-03 4.367887e-04 9.999897e-01 -6.854590e+01
9.998521e-01 2.300941e-03 -1.704388e-02 -7.549111e+00 -2.298642e-03 9.999973e-01 1.545015e-04 1.249536e+00 1.704419e-02 -1.153015e-04 9.998547e-01 -6.838956e+01
9.999938e-01 -1.765223e-03 3.052837e-03 -6.812579e+00 1.766741e-03 9.999983e-01 -4.946428e-04 1.229027e+00 -3.051959e-03 5.000339e-04 9.999952e-01 -6.839561e+01
9.997946e-01 2.359696e-03 -2.012964e-02 -5.797980e+00 -2.346822e-03 9.999970e-01 6.631699e-04 1.209951e+00 2.013114e-02 -6.157937e-04 9.997972e-01 -6.876406e+01
9.999934e-01 -1.144933e-03 -3.453427e-03 -4.061710e+00 1.141707e-03 9.999989e-01 -9.360227e-04 1.185570e+00 3.454496e-03 9.320743e-04 9.999936e-01 -6.970156e+01
9.999891e-01 2.039588e-03 -4.194668e-03 -3.211529e+00 -2.035798e-03 9.999975e-01 9.078174e-04 1.189540e+00 4.196509e-03 -8.992687e-04 9.999908e-01 -7.143996e+01
9.999971e-01 -1.997874e-03 1.370186e-03 -3.353327e+00 1.998118e-03 9.999980e-01 -1.766828e-04 1.201780e+00 -1.369830e-03 1.794207e-04 9.999990e-01 -7.255043e+01
9.999724e-01 1.831975e-03 -7.195411e-03 -3.414448e+00 -1.824660e-03 9.999978e-01 1.022994e-03 1.208210e+00 7.197269e-03 -1.009837e-03 9.999736e-01 -7.315378e+01
9.999978e-01 -2.033065e-03 -4.558102e-04 -3.209902e+00 2.032931e-03 9.999979e-01 -2.948542e-04 1.209931e+00 4.564089e-04 2.939275e-04 9.999999e-01 -7.374844e+01
9.999507e-01 2.407647e-03 -9.638432e-03 -2.824784e+00 -2.400329e-03 9.999968e-01 7.708248e-04 1.203500e+00 9.640257e-03 -7.476520e-04 9.999533e-01 -7.403590e+01
9.999572e-01 -2.423214e-03 8.929461e-03 -3.382818e+00 2.436422e-03 9.999960e-01 -1.468542e-03 1.222852e+00 -8.925866e-03 1.490235e-03 9.999591e-01 -7.396879e+01
9.999302e-01 2.106933e-03 -1.162351e-02 -3.876292e+00 -2.097880e-03 9.999975e-01 7.910269e-04 1.238352e+00 1.162515e-02 -7.665876e-04 9.999321e-01 -7.365728e+01
9.999940e-01 -2.221917e-03 2.638896e-03 -3.697754e+00 2.222975e-03 9.999974e-01 -3.980086e-04 1.234873e+00 -2.638005e-03 4.038730e-04 9.999964e-01 -7.383560e+01
9.999744e-01 2.409637e-03 -6.738024e-03 -3.600323e+00 -2.408945e-03 9.999971e-01 1.108417e-04 1.223126e+00 6.738271e-03 -9.460795e-05 9.999773e-01 -7.366937e+01
9.999925e-01 -2.207483e-03 3.192568e-03 -3.517473e+00 2.207509e-03 9.999976e-01 -4.489749e-06 1.206269e+00 -3.192550e-03 1.153794e-05 9.999949e-01 -7.314236e+01
9.999583e-01 2.017916e-03 -8.904970e-03 -3.599403e+00 -2.011279e-03 9.999977e-01 7.543185e-04 1.208802e+00 8.906471e-03 -7.363773e-04 9.999601e-01 -7.341312e+01
9.999945e-01 -2.268558e-03 2.430485e-03 -3.643798e+00 2.268211e-03 9.999974e-01 1.457797e-04 1.212000e+00 -2.430809e-03 -1.402655e-04 9.999970e-01 -7.385338e+01
9.999490e-01 2.024819e-03 -9.897858e-03 -3.703993e+00 -2.017108e-03 9.999977e-01 7.890279e-04 1.214021e+00 9.899432e-03 -7.690232e-04 9.999507e-01 -7.420035e+01
9.999962e-01 -2.442121e-03 1.305477e-03 -3.552210e+00 2.441850e-03 9.999970e-01 2.093110e-04 1.210718e+00 -1.305984e-03 -2.061218e-04 9.999991e-01 -7.464097e+01
9.999459e-01 2.533172e-03 -1.008721e-02 -3.393757e+00 -2.529167e-03 9.999967e-01 4.097987e-04 1.208392e+00 1.008822e-02 -3.842648e-04 9.999490e-01 -7.492601e+01
9.999936e-01 -2.531793e-03 2.518471e-03 -3.225651e+00 2.531422e-03 9.999968e-01 1.507623e-04 1.207508e+00 -2.518844e-03 -1.443855e-04 9.999968e-01 -7.547700e+01
9.999551e-01 2.497252e-03 -9.139741e-03 -3.193109e+00 -2.491213e-03 9.999967e-01 6.721576e-04 1.206781e+00 9.141389e-03 -6.493590e-04 9.999580e-01 -7.586359e+01
9.999957e-01 -2.408499e-03 1.646419e-03 -3.078060e+00 2.408606e-03 9.999971e-01 -6.288660e-05 1.199369e+00 -1.646262e-03 6.685250e-05 9.999986e-01 -7.588450e+01
9.999606e-01 2.868563e-03 -8.402210e-03 -2.942024e+00 -2.867566e-03 9.999959e-01 1.307023e-04 1.183860e+00 8.402551e-03 -1.066039e-04 9.999647e-01 -7.539843e+01
9.999864e-01 -2.547807e-03 4.543046e-03 -2.840240e+00 2.550338e-03 9.999966e-01 -5.512601e-04 1.160638e+00 -4.541625e-03 5.628396e-04 9.999895e-01 -7.461675e+01
9.999139e-01 2.693642e-03 -1.284475e-02 -2.583537e+00 -2.676526e-03 9.999955e-01 1.349568e-03 1.152408e+00 1.284833e-02 -1.315073e-03 9.999166e-01 -7.483520e+01
9.999764e-01 -2.647525e-03 6.343494e-03 -2.507993e+00 2.651262e-03 9.999963e-01 -5.807306e-04 1.150562e+00 -6.341933e-03 5.975358e-04 9.999797e-01 -7.518423e+01
9.999477e-01 2.824490e-03 -9.828481e-03 -2.482762e+00 -2.822088e-03 9.999960e-01 2.582913e-04 1.135860e+00 9.829171e-03 -2.305416e-04 9.999517e-01 -7.448935e+01
9.999823e-01 -2.940187e-03 5.169211e-03 -2.531544e+00 2.940205e-03 9.999957e-01 4.136389e-06 1.129070e+00 -5.169201e-03 1.106281e-05 9.999866e-01 -7.426280e+01
9.999468e-01 2.901877e-03 -9.895106e-03 -2.532234e+00 -2.896461e-03 9.999956e-01 5.616342e-04 1.123305e+00 9.896693e-03 -5.329442e-04 9.999509e-01 -7.427067e+01
9.999855e-01 -2.686984e-03 4.664652e-03 -2.478421e+00 2.688655e-03 9.999963e-01 -3.519537e-04 1.111608e+00 -4.663689e-03 3.644908e-04 9.999891e-01 -7.397600e+01
9.999473e-01 2.893568e-03 -9.847459e-03 -2.425025e+00 -2.889635e-03 9.999957e-01 4.136670e-04 1.099108e+00 9.848614e-03 -3.851903e-04 9.999514e-01 -7.350625e+01
9.999811e-01 -2.835670e-03 5.453919e-03 -2.508726e+00 2.838231e-03 9.999959e-01 -4.616831e-04 1.094311e+00 -5.452587e-03 4.771545e-04 9.999850e-01 -7.303696e+01
9.999138e-01 2.965190e-03 -1.279031e-02 -2.330386e+00 -2.955411e-03 9.999953e-01 7.834149e-04 1.077840e+00 1.279258e-02 -7.455474e-04 9.999179e-01 -7.263182e+01
9.999955e-01 -2.769263e-03 -1.113570e-03 -1.711463e+00 2.768521e-03 9.999959e-01 -6.681976e-04 1.048785e+00 1.115416e-03 6.651122e-04 9.999992e-01 -7.242507e+01
9.999039e-01 2.975250e-03 -1.354024e-02 -1.055319e+00 -2.961961e-03 9.999951e-01 1.001387e-03 1.020234e+00 1.354315e-02 -9.611858e-04 9.999078e-01 -7.231744e+01
9.999965e-01 -2.585993e-03 -6.273806e-04 -4.587701e-01 2.585530e-03 9.999964e-01 -7.387944e-04 9.980534e-01 6.292890e-04 7.371702e-04 9.999995e-01 -7.236073e+01
9.999650e-01 3.333571e-03 -7.672071e-03 -7.300156e-02 -3.329554e-03 9.999943e-01 5.363516e-04 9.704435e-01 7.673815e-03 -5.107888e-04 9.999704e-01 -7.183777e+01
9.999768e-01 -2.339485e-03 6.402367e-03 2.060817e-01 2.350951e-03 9.999956e-01 -1.783916e-03 9.422949e-01 -6.398166e-03 1.798927e-03 9.999779e-01 -7.072168e+01
9.999610e-01 3.400141e-03 -8.150936e-03 4.590332e-01 -3.388092e-03 9.999931e-01 1.491701e-03 9.182751e-01 8.155952e-03 -1.464028e-03 9.999657e-01 -6.985123e+01
9.999574e-01 -3.005644e-03 8.728106e-03 3.566514e-01 3.014539e-03 9.999950e-01 -1.006075e-03 9.173971e-01 -8.725038e-03 1.032344e-03 9.999614e-01 -6.997772e+01
9.999209e-01 3.082233e-03 -1.219741e-02 3.162686e-01 -3.058241e-03 9.999934e-01 1.985124e-03 9.218521e-01 1.220345e-02 -1.947665e-03 9.999236e-01 -7.081683e+01
9.999924e-01 -3.672564e-03 -1.279473e-03 1.311057e+00 3.672794e-03 9.999932e-01 1.777183e-04 8.949515e-01 1.278812e-03 -1.824156e-04 9.999992e-01 -7.140800e+01
9.998395e-01 5.106916e-03 -1.717235e-02 2.513721e+00 -5.118085e-03 9.999867e-01 -6.064607e-04 8.526069e-01 1.716903e-02 6.942523e-04 9.998524e-01 -7.155026e+01
9.999078e-01 -5.282827e-03 1.250646e-02 2.581419e+00 5.260510e-03 9.999845e-01 1.816657e-03 8.532011e-01 -1.251586e-02 -1.750698e-03 9.999201e-01 -7.227158e+01
9.998319e-01 6.129249e-03 -1.728155e-02 2.823931e+00 -6.173966e-03 9.999777e-01 -2.535389e-03 8.212421e-01 1.726563e-02 2.641658e-03 9.998474e-01 -7.146534e+01
9.998382e-01 -5.300511e-03 1.718729e-02 3.084682e+00 5.286226e-03 9.999856e-01 8.764978e-04 7.697867e-01 -1.719169e-02 -7.854996e-04 9.998519e-01 -6.984849e+01
9.998901e-01 5.773917e-03 -1.365368e-02 3.134246e+00 -5.815112e-03 9.999787e-01 -2.979357e-03 7.323288e-01 1.363618e-02 3.058427e-03 9.999023e-01 -6.803526e+01
9.999583e-01 -5.098863e-03 7.574914e-03 3.454110e+00 5.078162e-03 9.999833e-01 2.749618e-03 6.930839e-01 -7.588807e-03 -2.711036e-03 9.999675e-01 -6.705714e+01
9.998545e-01 4.875547e-03 -1.634906e-02 3.970546e+00 -4.896512e-03 9.999872e-01 -1.242511e-03 6.923267e-01 1.634279e-02 1.322383e-03 9.998656e-01 -6.798377e+01
9.999227e-01 -4.982228e-03 1.139041e-02 4.168837e+00 4.954860e-03 9.999848e-01 2.429721e-03 6.931358e-01 -1.140234e-02 -2.373095e-03 9.999322e-01 -6.868899e+01
9.998235e-01 4.747818e-03 -1.817880e-02 4.490988e+00 -4.763863e-03 9.999883e-01 -8.394067e-04 6.950088e-01 1.817460e-02 9.258593e-04 9.998344e-01 -6.959079e+01
9.999579e-01 -3.758499e-03 8.371202e-03 5.040544e+00 3.754002e-03 9.999928e-01 5.528894e-04 6.686341e-01 -8.373220e-03 -5.214400e-04 9.999648e-01 -6.928804e+01
9.997849e-01 4.473825e-03 -2.025064e-02 5.487133e+00 -4.478765e-03 9.999900e-01 -1.985789e-04 6.515622e-01 2.024955e-02 2.892335e-04 9.997949e-01 -6.933467e+01
9.999726e-01 -4.536478e-03 5.841460e-03 6.345012e+00 4.529921e-03 9.999891e-01 1.135263e-03 6.168898e-01 -5.846546e-03 -1.108770e-03 9.999823e-01 -6.935871e+01
9.998335e-01 5.435066e-03 -1.742170e-02 6.830445e+00 -5.457579e-03 9.999843e-01 -1.244963e-03 5.916155e-01 1.741466e-02 1.339835e-03 9.998475e-01 -6.916725e+01
9.999028e-01 -5.148913e-03 1.295444e-02 6.931581e+00 5.135407e-03 9.999862e-01 1.075710e-03 5.708736e-01 -1.295980e-02 -1.009078e-03 9.999155e-01 -6.850033e+01
9.997865e-01 5.739600e-03 -1.985124e-02 7.155084e+00 -5.756652e-03 9.999831e-01 -8.019704e-04 5.513797e-01 1.984630e-02 9.160753e-04 9.998026e-01 -6.818212e+01
9.998852e-01 -5.286259e-03 1.420117e-02 7.325283e+00 5.277292e-03 9.999859e-01 6.688318e-04 5.255084e-01 -1.420450e-02 -5.938107e-04 9.998989e-01 -6.746549e+01
9.998026e-01 5.774303e-03 -1.900869e-02 7.506627e+00 -5.793452e-03 9.999828e-01 -9.524408e-04 4.975525e-01 1.900286e-02 1.062378e-03 9.998189e-01 -6.671166e+01
9.998950e-01 -5.422382e-03 1.344003e-02 7.685690e+00 5.411288e-03 9.999850e-01 8.616923e-04 4.712485e-01 -1.344450e-02 -7.888733e-04 9.999093e-01 -6.601250e+01
9.996808e-01 5.403422e-03 -2.468047e-02 8.347417e+00 -5.385140e-03 9.999852e-01 8.071866e-04 4.533832e-01 2.468447e-02 -6.740217e-04 9.996951e-01 -6.637208e+01
9.998619e-01 -5.121235e-03 1.581155e-02 8.977442e+00 5.115001e-03 9.999868e-01 4.346923e-04 4.452367e-01 -1.581356e-02 -3.537556e-04 9.998749e-01 -6.708420e+01
9.996713e-01 5.342874e-03 -2.507295e-02 9.437617e+00 -5.330810e-03 9.999856e-01 5.479929e-04 4.408426e-01 2.507552e-02 -4.141542e-04 9.996855e-01 -6.771047e+01
9.998278e-01 -6.020407e-03 1.755379e-02 1.003359e+01 6.003203e-03 9.999814e-01 1.032657e-03 4.473845e-01 -1.755968e-02 -9.270994e-04 9.998454e-01 -6.914103e+01
9.997878e-01 5.559915e-03 -1.983474e-02 1.045966e+01 -5.560504e-03 9.999845e-01 2.547124e-05 4.691886e-01 1.983458e-02 8.482479e-05 9.998033e-01 -7.117354e+01
9.998465e-01 -6.185442e-03 1.639031e-02 1.061561e+01 6.165502e-03 9.999802e-01 1.266876e-03 4.826634e-01 -1.639782e-02 -1.165627e-03 9.998649e-01 -7.256547e+01
9.997986e-01 5.162740e-03 -1.939117e-02 1.082114e+01 -5.159121e-03 9.999867e-01 2.366361e-04 4.975586e-01 1.939214e-02 -1.365476e-04 9.998119e-01 -7.423590e+01
9.997108e-01 -6.755535e-03 2.308070e-02 1.089037e+01 6.716048e-03 9.999758e-01 1.787939e-03 5.290032e-01 -2.309222e-02 -1.632410e-03 9.997320e-01 -7.711427e+01
9.997382e-01 6.019853e-03 -2.207368e-02 1.107084e+01 -6.038804e-03 9.999815e-01 -7.919736e-04 5.585048e-01 2.206850e-02 9.250644e-04 9.997560e-01 -7.959507e+01
9.997343e-01 -7.808467e-03 2.168936e-02 1.132697e+01 7.745128e-03 9.999655e-01 3.002802e-03 5.782538e-01 -2.171206e-02 -2.834016e-03 9.997602e-01 -8.178711e+01
9.997722e-01 6.728877e-03 -2.025443e-02 1.151345e+01 -6.763145e-03 9.999758e-01 -1.623803e-03 6.087538e-01 2.024301e-02 1.760417e-03 9.997935e-01 -8.444825e+01
9.999262e-01 -7.220708e-03 9.767745e-03 1.210071e+01 7.194598e-03 9.999705e-01 2.705608e-03 6.067191e-01 -9.786993e-03 -2.635132e-03 9.999486e-01 -8.533891e+01
9.996827e-01 7.714483e-03 -2.398002e-02 1.271504e+01 -7.763487e-03 9.999680e-01 -1.951116e-03 5.929438e-01 2.396420e-02 2.136664e-03 9.997105e-01 -8.560903e+01
9.997268e-01 -9.691637e-03 2.126894e-02 1.303255e+01 9.609794e-03 9.999460e-01 3.946868e-03 6.085418e-01 -2.130604e-02 -3.741399e-03 9.997660e-01 -8.770371e+01
9.997386e-01 9.140341e-03 -2.095499e-02 1.338947e+01 -9.206459e-03 9.999529e-01 -3.060917e-03 6.406771e-01 2.092602e-02 3.253038e-03 9.997757e-01 -9.035343e+01
9.998891e-01 -9.146307e-03 1.175114e-02 1.382841e+01 9.096291e-03 9.999494e-01 4.302699e-03 6.336385e-01 -1.178990e-02 -4.195329e-03 9.999217e-01 -9.084739e+01
9.996705e-01 9.970080e-03 -2.365205e-02 1.433700e+01 -1.005907e-02 9.999428e-01 -3.646379e-03 6.208148e-01 2.361434e-02 3.883095e-03 9.997136e-01 -9.105898e+01
9.998336e-01 -9.540183e-03 1.554749e-02 1.456060e+01 9.475748e-03 9.999462e-01 4.212820e-03 6.073270e-01 -1.558684e-02 -4.064795e-03 9.998703e-01 -9.089690e+01
9.995531e-01 1.019192e-02 -2.810234e-02 1.506602e+01 -1.029820e-02 9.999403e-01 -3.640066e-03 5.920230e-01 2.806357e-02 3.927843e-03 9.995984e-01 -9.103002e+01
9.997219e-01 -9.965414e-03 2.137308e-02 1.527605e+01 9.876880e-03 9.999422e-01 4.243911e-03 5.792829e-01 -2.141414e-02 -4.031631e-03 9.997626e-01 -9.096741e+01
