1.000000e+00 1.197625e-11 1.704638e-10 5.551115e-17 1.197625e-11 1.000000e+00 3.562503e-10 0.000000e+00 1.704638e-10 3.562503e-10 1.000000e+00 2.220446e-16 0.000000e+00 0.000000e+00 0.000000e+00 1.000000e+00
7.169436e-01 1.464436e-01 -6.815762e-01 8.341367e-02 -4.796580e-02 9.857326e-01 1.613400e-01 -6.703140e-03 6.954791e-01 -8.297933e-02 7.137390e-01 1.842145e-01
9.564216e-01 -3.926000e-02 2.893377e-01 1.891687e-01 6.397576e-02 9.950179e-01 -7.646222e-02 1.914687e-04 -2.848942e-01 9.164072e-02 9.541684e-01 -1.998907e-02
6.128775e-01 1.617269e-01 -7.734505e-01 2.796467e-01 -1.341912e-02 9.808198e-01 1.944541e-01 3.149831e-03 7.900640e-01 -1.087975e-01 6.032926e-01 -9.331614e-02
9.088465e-01 -4.197820e-02 4.150131e-01 1.683166e-01 6.827800e-02 9.964755e-01 -4.873091e-02 -9.405340e-03 -4.115048e-01 7.262519e-02 9.085094e-01 3.917820e-01
6.959097e-01 1.782456e-01 -6.956567e-01 1.800530e-01 -3.671989e-02 9.762717e-01 2.134133e-01 -3.114863e-02 7.171899e-01 -1.229720e-01 6.859421e-01 1.011764e+00
9.002323e-01 -8.593652e-02 4.268450e-01 4.898939e-01 1.122012e-01 9.930070e-01 -3.671486e-02 -5.258334e-02 -4.207049e-01 8.094442e-02 9.035792e-01 1.508206e+00
4.285815e-01 2.541762e-01 -8.670134e-01 7.762646e-01 -1.918552e-02 9.619570e-01 2.725264e-01 -6.311125e-02 9.032994e-01 -1.001657e-01 4.171535e-01 1.805343e+00
9.478582e-01 -5.973543e-02 3.130439e-01 8.480735e-01 9.212027e-02 9.917002e-01 -8.969128e-02 -7.156564e-02 -3.050880e-01 1.138523e-01 9.454940e-01 2.140621e+00
6.075684e-01 2.329774e-01 -7.593301e-01 8.027861e-01 -1.388955e-02 9.589835e-01 2.831214e-01 -9.000883e-02 7.941459e-01 -1.614688e-01 5.858840e-01 2.757257e+00
9.554700e-01 -3.805918e-02 2.926235e-01 1.069431e+00 8.740960e-02 9.836471e-01 -1.574735e-01 -9.207652e-02 -2.818450e-01 1.760393e-01 9.431721e-01 2.771973e+00
7.223049e-01 1.799706e-01 -6.677471e-01 1.447249e+00 3.226680e-02 9.557243e-01 2.924891e-01 -1.011509e-01 6.908216e-01 -2.328124e-01 6.845172e-01 2.901352e+00
9.390204e-01 1.523432e-02 3.435239e-01 1.453561e+00 6.583355e-02 9.725731e-01 -2.230864e-01 -9.675023e-02 -3.375007e-01 2.320981e-01 9.122630e-01 2.797796e+00
9.055321e-01 1.558705e-02 -4.239913e-01 1.410616e+00 8.738381e-02 9.710483e-01 2.223268e-01 -8.639624e-02 4.151815e-01 -2.383740e-01 8.779534e-01 2.550419e+00
9.784031e-01 5.559415e-02 1.990895e-01 1.257970e+00 -4.590255e-03 9.687594e-01 -2.479600e-01 -6.903619e-02 -2.066549e-01 2.416910e-01 9.480924e-01 2.206372e+00
9.638370e-01 -3.101952e-02 -2.646810e-01 1.645354e+00 9.862554e-02 9.642021e-01 2.461448e-01 -6.149253e-02 2.475707e-01 -2.633478e-01 9.323930e-01 1.876250e+00
9.952561e-01 9.134679e-02 -3.348134e-02 2.142626e+00 -9.661429e-02 9.684519e-01 -2.297097e-01 -4.509303e-02 1.144181e-02 2.318548e-01 9.726831e-01 1.362928e+00
9.744088e-01 -1.042036e-01 -1.991710e-01 2.518044e+00 1.483617e-01 9.637870e-01 2.215927e-01 -3.552191e-02 1.688677e-01 -2.454712e-01 9.545824e-01 9.891221e-01
9.369413e-01 1.092305e-01 3.319784e-01 2.931452e+00 -2.252769e-02 9.668034e-01 -2.545265e-01 -3.848602e-02 -3.487599e-01 2.309976e-01 9.082988e-01 8.451678e-01
9.956398e-01 -7.840375e-02 -5.053904e-02 3.331340e+00 8.843113e-02 9.657614e-01 2.438953e-01 -4.143514e-02 2.968634e-02 -2.473011e-01 9.684838e-01 6.988627e-01
7.891039e-01 -7.807569e-03 6.142102e-01 3.621099e+00 2.031111e-01 9.469902e-01 -2.489084e-01 -4.847146e-02 -5.797076e-01 3.211675e-01 7.488594e-01 6.352994e-01
9.942888e-01 7.872943e-02 -7.205138e-02 3.922893e+00 -5.698031e-02 9.624647e-01 2.653581e-01 -5.332615e-02 9.023840e-02 -2.597370e-01 9.614540e-01 5.343147e-01
9.368725e-01 -1.326246e-01 3.235438e-01 4.086096e+00 2.137658e-01 9.494735e-01 -2.297919e-01 -5.301745e-02 -2.767202e-01 2.844483e-01 9.178862e-01 3.841717e-01
9.388779e-01 1.996241e-01 -2.804613e-01 4.298504e+00 -1.074053e-01 9.438970e-01 3.122859e-01 -5.019062e-02 3.270664e-01 -2.630753e-01 9.076447e-01 1.640129e-01
9.951143e-01 -9.415443e-02 2.970782e-02 4.468977e+00 9.863842e-02 9.610729e-01 -2.580880e-01 -4.159176e-02 -4.251245e-03 2.597574e-01 9.656645e-01 -1.447041e-01
9.559160e-01 1.429242e-01 -2.565098e-01 4.868746e+00 -4.811276e-02 9.379804e-01 3.433334e-01 -3.857644e-02 2.896718e-01 -3.158565e-01 9.035070e-01 -3.838935e-01
9.922651e-01 -3.022928e-02 1.204002e-01 5.238919e+00 6.288363e-02 9.586488e-01 -2.775573e-01 -3.744434e-02 -1.070312e-01 2.829816e-01 9.531347e-01 -5.923169e-01
9.936641e-01 5.451768e-02 9.828250e-02 5.774301e+00 -8.236414e-02 9.482221e-01 3.067425e-01 -4.408002e-02 -7.647075e-02 -3.128940e-01 9.467046e-01 -6.987082e-01
8.835317e-01 -1.217851e-02 -4.682130e-01 5.928465e+00 -1.082833e-01 9.672681e-01 -2.294931e-01 -4.295853e-02 4.556824e-01 2.534641e-01 8.532933e-01 -8.181370e-01
7.177245e-01 5.393497e-02 -6.942352e-01 5.536429e+00 1.667565e-01 9.546712e-01 2.465669e-01 -9.510670e-03 6.760649e-01 -2.927354e-01 6.761969e-01 -1.290336e+00
8.122435e-01 3.162044e-01 -4.901788e-01 5.312648e+00 -3.309624e-01 9.417906e-01 5.911372e-02 1.683103e-02 4.803378e-01 1.142160e-01 8.696150e-01 -1.670687e+00
8.133773e-01 -1.924465e-01 -5.489824e-01 5.124245e+00 1.838646e-01 9.803657e-01 -7.125303e-02 3.223789e-02 5.519159e-01 -4.298280e-02 8.327913e-01 -1.870275e+00
9.491114e-01 2.629441e-01 -1.733433e-01 4.894730e+00 -2.251410e-01 9.513441e-01 2.103712e-01 4.476666e-02 2.202250e-01 -1.606390e-01 9.621310e-01 -2.034366e+00
7.192310e-01 -7.456137e-02 -6.907585e-01 4.822474e+00 -4.606922e-02 9.869185e-01 -1.544974e-01 5.456940e-02 6.932419e-01 1.429420e-01 7.063874e-01 -2.194140e+00
9.653717e-01 5.807397e-02 -2.543323e-01 4.700224e+00 2.272760e-02 9.524789e-01 3.037554e-01 6.221130e-02 2.598864e-01 -2.990172e-01 9.181763e-01 -2.269659e+00
7.445330e-01 1.735472e-01 -6.446333e-01 4.518739e+00 -2.837004e-01 9.563398e-01 -7.020150e-02 7.144206e-02 6.043052e-01 2.351500e-01 7.612619e-01 -2.355671e+00
9.485662e-01 -1.846242e-01 -2.571693e-01 4.386966e+00 2.269785e-01 9.629046e-01 1.459298e-01 7.935261e-02 2.206873e-01 -1.967959e-01 9.552845e-01 -2.456595e+00
7.027894e-01 3.697374e-01 -6.077674e-01 4.194620e+00 -3.338287e-01 9.258269e-01 1.772086e-01 8.991785e-02 6.282081e-01 7.834989e-02 7.740904e-01 -2.572058e+00
9.440410e-01 -2.417802e-01 -2.243411e-01 4.094875e+00 2.236127e-01 9.691644e-01 -1.035264e-01 9.605034e-02 2.424540e-01 4.756761e-02 9.689961e-01 -2.645593e+00
8.274524e-01 3.245424e-01 -4.582518e-01 3.877293e+00 -1.997722e-01 9.328145e-01 2.999135e-01 1.065429e-01 5.247986e-01 -1.566182e-01 8.366942e-01 -2.771393e+00
9.856358e-01 -1.472065e-01 -8.277815e-02 3.625941e+00 1.227133e-01 9.610004e-01 -2.478298e-01 1.196095e-01 1.160320e-01 2.341120e-01 9.652607e-01 -2.966958e+00
8.468936e-01 2.003449e-01 -4.925780e-01 3.366702e+00 -2.101080e-02 9.381961e-01 3.454658e-01 1.307645e-01 5.313471e-01 -2.822233e-01 7.987617e-01 -3.102999e+00
9.733904e-01 5.578406e-02 -2.222594e-01 3.278802e+00 -1.074676e-01 9.677685e-01 -2.277604e-01 1.357521e-01 2.023902e-01 2.455854e-01 9.480116e-01 -3.144086e+00
7.811944e-01 2.813492e-02 -6.236536e-01 3.238912e+00 1.758405e-01 9.486213e-01 2.630546e-01 1.369988e-01 5.990121e-01 -3.151603e-01 7.361104e-01 -3.085065e+00
9.563005e-01 2.538753e-01 -1.450403e-01 3.082418e+00 -2.715242e-01 9.551162e-01 -1.184384e-01 1.433571e-01 1.084618e-01 1.526447e-01 9.823114e-01 -3.114442e+00
8.851661e-01 -2.055007e-01 -4.174332e-01 3.037402e+00 2.605290e-01 9.622499e-01 7.873924e-02 1.472786e-01 3.854941e-01 -1.784507e-01 9.052898e-01 -3.218169e+00
9.309242e-01 3.243953e-01 -1.677733e-01 3.036187e+00 -3.154089e-01 9.457078e-01 7.844759e-02 1.489358e-01 1.841126e-01 -2.011155e-02 9.826994e-01 -3.273010e+00
2.161298e-01 -4.153012e-01 8.836361e-01 1.980281e+00 5.585310e-01 7.949086e-01 2.369882e-01 1.830872e-01 -8.008315e-01 4.423180e-01 4.037620e-01 -3.358742e+00
9.423820e-01 1.637429e-01 -2.917268e-01 9.839214e-01 -2.058178e-01 9.712396e-01 -1.197194e-01 2.146585e-01 2.637334e-01 1.728639e-01 9.489799e-01 -3.420506e+00
8.932933e-01 -1.233104e-01 -4.322286e-01 8.763339e-01 1.941700e-01 9.731416e-01 1.236667e-01 2.261109e-01 4.053702e-01 -1.943965e-01 8.932441e-01 -3.636652e+00
9.232809e-01 2.651053e-01 -2.779776e-01 7.043896e-01 -2.658706e-01 9.633486e-01 3.567019e-02 2.378353e-01 2.772457e-01 4.097248e-02 9.599250e-01 -3.817678e+00
9.010179e-01 -1.893779e-01 -3.902599e-01 5.405148e-01 1.863405e-01 9.814067e-01 -4.602207e-02 2.458004e-01 3.917193e-01 -3.125452e-02 9.195538e-01 -3.908065e+00
9.188864e-01 2.707041e-01 -2.869967e-01 2.625520e-01 -2.208095e-01 9.557267e-01 1.944984e-01 2.552436e-01 3.269419e-01 -1.153503e-01 9.379783e-01 -3.963344e+00
8.527950e-01 -1.172744e-01 -5.089080e-01 -3.003885e-01 1.806338e-02 9.805013e-01 -1.956805e-01 2.764761e-01 5.219333e-01 1.576827e-01 8.382850e-01 -4.112988e+00
9.474748e-01 1.104730e-01 -3.001453e-01 -6.190654e-01 -2.026271e-02 9.573001e-01 2.883851e-01 2.877235e-01 3.191879e-01 -2.671559e-01 9.092562e-01 -4.150470e+00
9.428776e-01 7.002085e-02 -3.256975e-01 -6.789933e-01 -1.313553e-01 9.765961e-01 -1.703109e-01 2.907352e-01 3.061496e-01 2.033644e-01 9.300083e-01 -4.210678e+00
9.553338e-01 -5.557996e-02 -2.902554e-01 -8.798387e-01 1.202118e-01 9.703138e-01 2.098579e-01 2.964248e-01 2.699749e-01 -2.353765e-01 9.336549e-01 -4.271911e+00
7.864941e-01 2.566965e-01 -5.617241e-01 -1.121493e+00 -2.805245e-01 9.587742e-01 4.536574e-02 2.981358e-01 5.502118e-01 1.218975e-01 8.260799e-01 -4.097595e+00
9.530356e-01 -1.973573e-01 -2.297243e-01 -1.379757e+00 2.108378e-01 9.768783e-01 3.544176e-02 2.987194e-01 2.174180e-01 -8.221182e-02 9.726102e-01 -3.839893e+00
9.167613e-01 7.804922e-02 3.917359e-01 -2.084709e+00 -1.497500e-02 9.867502e-01 -1.615542e-01 3.108051e-01 -3.991547e-01 1.422404e-01 9.057832e-01 -3.463253e+00
2.590709e-01 -3.432883e-01 9.027931e-01 -3.626075e+00 3.589476e-01 9.019807e-01 2.399737e-01 3.445566e-01 -8.966822e-01 2.618852e-01 3.568994e-01 -2.864602e+00
9.881791e-01 -1.060989e-01 -1.106573e-01 -4.841603e+00 8.608927e-02 9.813102e-01 -1.721018e-01 3.743606e-01 1.268490e-01 1.605410e-01 9.788442e-01 -2.398828e+00
9.304233e-01 1.198118e-01 -3.463489e-01 -5.219937e+00 -4.258805e-02 9.739963e-01 2.225251e-01 3.832472e-01 3.640037e-01 -1.922922e-01 9.113314e-01 -2.351764e+00
9.765006e-01 3.235972e-02 -2.130716e-01 -5.353861e+00 -5.779039e-02 9.917722e-01 -1.142286e-01 3.792689e-01 2.076221e-01 1.238578e-01 9.703362e-01 -2.153347e+00
8.965106e-01 3.821847e-02 -4.413707e-01 -5.595513e+00 5.208896e-02 9.802684e-01 1.906847e-01 3.784176e-01 4.399494e-01 -1.939414e-01 8.768302e-01 -1.888477e+00
9.641937e-01 1.314129e-01 -2.303499e-01 -5.854811e+00 -1.472361e-01 9.876896e-01 -5.282836e-02 3.780667e-01 2.205719e-01 8.485259e-02 9.716728e-01 -1.612269e+00
8.124341e-01 -1.700786e-02 -5.828049e-01 -5.982460e+00 9.105097e-02 9.910120e-01 9.800521e-02 3.793013e-01 5.758998e-01 -1.326877e-01 8.066805e-01 -1.531081e+00
9.668297e-01 1.722379e-01 -1.886117e-01 -5.896226e+00 -1.601524e-01 9.840326e-01 7.765973e-02 3.756440e-01 1.989760e-01 -4.487710e-02 9.789763e-01 -1.447595e+00
8.683920e-01 -6.821800e-02 -4.911635e-01 -5.820802e+00 6.000573e-02 9.976696e-01 -3.247499e-02 3.814204e-01 4.922343e-01 -1.271605e-03 8.704618e-01 -1.592789e+00
9.966718e-01 7.057422e-02 4.079994e-02 -5.877258e+00 -7.342030e-02 9.946204e-01 7.307311e-02 3.955770e-01 -3.542337e-02 -7.582545e-02 9.964917e-01 -1.897173e+00
9.293915e-01 -8.442860e-02 -3.593094e-01 -6.026648e+00 5.628454e-02 9.945201e-01 -8.810115e-02 4.120614e-01 3.647786e-01 6.165690e-02 9.290506e-01 -2.226176e+00
8.662036e-01 1.935777e-01 -4.606722e-01 -6.088279e+00 -5.527366e-02 9.533749e-01 2.966836e-01 4.006767e-01 4.966247e-01 -2.315254e-01 8.365165e-01 -1.766414e+00
7.548650e-01 1.447659e-01 -6.397044e-01 -6.129518e+00 -1.737528e-01 9.846286e-01 1.779059e-02 3.803117e-01 6.324467e-01 9.772094e-02 7.684151e-01 -9.404064e-01
7.508869e-01 1.046502e-02 -6.603479e-01 -6.210981e+00 1.217020e-01 9.805584e-01 1.539279e-01 3.649881e-01 6.491205e-01 -1.959481e-01 7.350149e-01 -1.839707e-01
8.780725e-01 2.411147e-01 -4.133429e-01 -6.197675e+00 -2.045067e-01 9.700064e-01 1.313948e-01 3.611275e-01 4.326265e-01 -3.084278e-02 9.010455e-01 9.805610e-02
7.545703e-01 -2.965523e-02 -6.555488e-01 -6.372051e+00 3.425434e-02 9.993964e-01 -5.781441e-03 3.540884e-01 6.553246e-01 -1.809289e-02 7.551307e-01 6.246214e-01
9.700849e-01 1.255384e-01 -2.077869e-01 -6.557223e+00 -8.600945e-02 9.781249e-01 1.894044e-01 3.491070e-01 2.270190e-01 -1.658667e-01 9.596617e-01 9.895691e-01
8.484850e-01 5.946916e-02 -5.258674e-01 -6.602324e+00 -8.199044e-02 9.964402e-01 -1.960607e-02 3.338568e-01 5.228295e-01 5.975156e-02 8.503405e-01 1.513842e+00
9.913293e-01 -7.336592e-03 -1.311962e-01 -6.608496e+00 3.484735e-02 9.773684e-01 2.086542e-01 3.112202e-01 1.266962e-01 -2.114169e-01 9.691496e-01 2.181181e+00
9.096276e-01 1.411841e-01 -3.906976e-01 -6.684507e+00 -1.533401e-01 9.881735e-01 8.192218e-05 2.880715e-01 3.860886e-01 5.983507e-02 9.205191e-01 2.963703e+00
9.888555e-01 -1.438317e-01 3.843384e-02 -6.750748e+00 1.368265e-01 9.797521e-01 1.461652e-01 2.629841e-01 -5.867883e-02 -1.392775e-01 9.885133e-01 3.783330e+00
9.310059e-01 1.565173e-01 -3.297429e-01 -6.989342e+00 -1.808618e-01 9.825109e-01 -4.428729e-02 2.617033e-01 3.170442e-01 1.008696e-01 9.430314e-01 3.994856e+00
9.174009e-01 -8.582989e-02 -3.885985e-01 -7.269857e+00 1.235468e-01 9.896437e-01 7.308560e-02 2.666840e-01 3.783011e-01 -1.150589e-01 9.185041e-01 4.093015e+00
8.581107e-01 2.505543e-01 -4.481836e-01 -7.535883e+00 -2.117751e-01 9.678649e-01 1.356058e-01 2.690856e-01 4.677578e-01 -2.145066e-02 8.835964e-01 4.271458e+00
9.518203e-01 -1.161218e-01 -2.838200e-01 -7.744077e+00 1.067712e-01 9.931121e-01 -4.825201e-02 2.678849e-01 2.874682e-01 1.562343e-02 9.576627e-01 4.488515e+00
8.044267e-01 2.423887e-01 -5.423518e-01 -8.005543e+00 -1.177208e-01 9.599081e-01 2.543980e-01 2.683934e-01 5.822710e-01 -1.407984e-01 8.007098e-01 4.762950e+00
9.728207e-01 -2.436107e-02 -2.302746e-01 -8.327097e+00 -1.135365e-02 9.882365e-01 -1.525117e-01 2.737809e-01 2.312811e-01 1.509810e-01 9.611003e-01 4.917837e+00
9.192882e-01 4.533967e-02 -3.909648e-01 -8.791169e+00 3.334090e-02 9.808014e-01 1.921378e-01 2.863736e-01 3.921703e-01 -1.896651e-01 9.001276e-01 4.979288e+00
9.846885e-01 6.400953e-02 -1.621461e-01 -9.286862e+00 -8.916538e-02 9.842016e-01 -1.529599e-01 2.997806e-01 1.497935e-01 1.650756e-01 9.748394e-01 5.084833e+00
9.696229e-01 -7.757088e-02 -2.319789e-01 -9.677495e+00 1.102793e-01 9.851606e-01 1.315187e-01 3.112464e-01 2.183345e-01 -1.531060e-01 9.637887e-01 5.066138e+00
9.196348e-01 1.810964e-01 -3.485340e-01 -9.752542e+00 -1.944176e-01 9.809133e-01 -3.309126e-03 3.173603e-01 3.412824e-01 7.080434e-02 9.372903e-01 4.960717e+00
9.380678e-01 -1.067531e-01 -3.295947e-01 -9.714127e+00 1.336182e-01 9.892214e-01 5.989331e-02 3.181440e-01 3.196483e-01 -1.002238e-01 9.422208e-01 4.923583e+00
9.313416e-01 2.171634e-01 -2.923062e-01 -9.663013e+00 -1.899820e-01 9.745820e-01 1.187295e-01 3.128493e-01 3.106600e-01 -5.504481e-02 9.489259e-01 5.071794e+00
8.680666e-01 -7.692670e-02 -4.904514e-01 -9.847111e+00 5.687888e-02 9.968273e-01 -5.567926e-02 3.128266e-01 4.931786e-01 2.043698e-02 8.696880e-01 5.296370e+00
9.396852e-01 1.532983e-01 -3.057635e-01 -9.859770e+00 -8.687082e-02 9.715914e-01 2.201444e-01 3.117655e-01 3.308250e-01 -1.803045e-01 9.263072e-01 5.380388e+00
8.514180e-01 3.862870e-02 -5.230633e-01 -9.868887e+00 -9.729442e-02 9.916073e-01 -8.514021e-02 3.155679e-01 5.153845e-01 1.233810e-01 8.480306e-01 5.336901e+00
9.129683e-01 1.748959e-02 -4.076554e-01 -9.993967e+00 6.666814e-02 9.792609e-01 1.913203e-01 3.214393e-01 4.025471e-01 -2.018470e-01 8.928682e-01 5.334537e+00
8.466076e-01 1.906776e-01 -4.968879e-01 -1.025086e+01 -2.186101e-01 9.758103e-01 1.988781e-03 3.323595e-01 4.852475e-01 1.069410e-01 8.678125e-01 5.271623e+00
9.118583e-01 -1.135578e-01 -3.944859e-01 -1.032024e+01 1.455095e-01 9.879925e-01 5.194041e-02 3.390989e-01 3.838508e-01 -1.047637e-01 9.174329e-01 5.200648e+00
8.263294e-01 2.718702e-01 -4.932203e-01 -1.001513e+01 -1.991525e-01 9.602406e-01 1.956434e-01 3.449291e-01 5.267998e-01 -6.343987e-02 8.476186e-01 5.039444e+00
6.765584e-01 -3.306744e-02 -7.356462e-01 -9.834308e+00 -3.524549e-02 9.963923e-01 -7.720256e-02 3.607692e-01 7.355451e-01 7.816025e-02 6.729520e-01 4.792169e+00
8.892574e-01 7.783722e-02 -4.507356e-01 -9.826378e+00 4.778006e-02 9.642164e-01 2.607753e-01 3.679469e-01 4.549047e-01 -2.534325e-01 8.537176e-01 4.803057e+00
8.909391e-01 1.597434e-01 -4.250995e-01 -9.835000e+00 -2.039840e-01 9.771130e-01 -6.033889e-02 3.719192e-01 4.057315e-01 1.404718e-01 9.031332e-01 4.799082e+00
8.552805e-01 -7.656528e-02 -5.124773e-01 -9.557390e+00 1.590362e-01 9.800757e-01 1.189922e-01 3.731837e-01 4.931559e-01 -1.832742e-01 8.504163e-01 4.769076e+00
8.413752e-01 2.979057e-01 -4.509324e-01 -9.164805e+00 -2.275534e-01 9.520718e-01 2.043984e-01 3.575949e-01 4.902114e-01 -6.936455e-02 8.688391e-01 5.209760e+00
8.590314e-01 -7.083176e-02 -5.069990e-01 -9.150133e+00 8.751343e-02 9.961217e-01 9.111920e-03 3.227952e-01 5.043873e-01 -5.219665e-02 8.618985e-01 6.397744e+00
9.239611e-01 2.013975e-01 -3.251690e-01 -9.239574e+00 -1.232813e-01 9.615847e-01 2.452682e-01 3.009797e-01 3.620739e-01 -1.865311e-01 9.132955e-01 7.194816e+00
6.942363e-01 5.662374e-02 -7.175163e-01 -9.327451e+00 -1.245830e-01 9.913067e-01 -4.231064e-02 2.955338e-01 7.088829e-01 1.187639e-01 6.952554e-01 7.567873e+00
9.519932e-01 -2.314111e-02 -3.052431e-01 -9.240685e+00 1.086308e-01 9.577808e-01 2.661867e-01 2.687621e-01 2.861961e-01 -2.865667e-01 9.143147e-01 8.483632e+00
6.667457e-01 3.105895e-01 -6.774838e-01 -8.994922e+00 -2.971558e-01 9.444317e-01 1.405247e-01 2.537295e-01 6.834827e-01 1.076240e-01 7.219893e-01 8.952388e+00
9.497784e-01 -2.185130e-01 -2.239935e-01 -9.105321e+00 2.144670e-01 9.758042e-01 -4.254521e-02 2.583465e-01 2.278705e-01 -7.630689e-03 9.736615e-01 8.994468e+00
8.448254e-01 2.951489e-01 -4.462702e-01 -9.485755e+00 -2.206502e-01 9.520467e-01 2.119447e-01 2.703986e-01 4.874253e-01 -8.058667e-02 8.694379e-01 8.998073e+00
9.754133e-01 -1.562916e-01 -1.553762e-01 -9.727085e+00 1.288337e-01 9.763952e-01 -1.733619e-01 2.808044e-01 1.788036e-01 1.490819e-01 9.725245e-01 8.890914e+00
7.610126e-01 2.766749e-01 -5.867801e-01 -9.847444e+00 -4.207984e-02 9.236434e-01 3.809360e-01 2.737276e-01 6.473710e-01 -2.652054e-01 7.145467e-01 9.253293e+00
9.653731e-01 -6.046507e-02 2.537689e-01 -1.020398e+01 1.378228e-01 9.441405e-01 -2.993387e-01 2.730289e-01 -2.214940e-01 3.239487e-01 9.197813e-01 9.654837e+00
8.042167e-01 1.581766e-01 -5.729010e-01 -1.059547e+01 6.043160e-02 9.371757e-01 3.435835e-01 2.806212e-01 5.912558e-01 -3.109369e-01 7.441336e-01 9.780113e+00
9.592396e-01 1.552685e-01 -2.361165e-01 -1.037371e+01 -1.938914e-01 9.694584e-01 -1.501886e-01 2.752860e-01 2.055856e-01 1.898478e-01 9.600481e-01 9.891101e+00
9.743043e-01 -1.236412e-01 -1.882660e-01 -9.695692e+00 1.658785e-01 9.593271e-01 2.284205e-01 2.681125e-01 1.523665e-01 -2.537803e-01 9.551859e-01 9.890795e+00
9.542159e-01 2.260636e-01 -1.958757e-01 -9.296274e+00 -2.516652e-01 9.606854e-01 -1.172523e-01 2.689406e-01 1.616685e-01 1.611791e-01 9.735936e-01 9.735612e+00
6.556916e-01 -9.006265e-02 -7.496381e-01 -9.151527e+00 2.102447e-01 9.753699e-01 6.671389e-02 2.708846e-01 7.251660e-01 -2.013511e-01 6.584771e-01 9.709787e+00
9.622256e-01 2.698866e-01 -3.582204e-02 -8.796902e+00 -2.637981e-01 9.567725e-01 1.224617e-01 2.723715e-01 6.732432e-02 -1.083860e-01 9.918265e-01 9.631121e+00
7.500705e-01 -1.415846e-01 -6.460248e-01 -8.630873e+00 6.438783e-02 9.878086e-01 -1.417332e-01 2.783606e-01 6.582161e-01 6.471372e-02 7.500425e-01 9.454280e+00
9.885601e-01 1.286575e-01 -7.871536e-02 -8.446589e+00 -1.000363e-01 9.498705e-01 2.962072e-01 2.739281e-01 1.128787e-01 -2.849442e-01 9.518746e-01 9.527182e+00
7.149346e-01 5.469988e-02 -6.970483e-01 -8.381067e+00 -1.877354e-01 9.753441e-01 -1.160139e-01 2.719423e-01 6.735161e-01 2.138030e-01 7.075764e-01 9.591511e+00
9.657097e-01 -1.659014e-01 1.997035e-01 -8.656048e+00 1.269593e-01 9.727236e-01 1.941396e-01 2.859598e-01 -2.264644e-01 -1.621282e-01 9.604313e-01 9.426180e+00
7.368823e-01 1.578690e-01 -6.573293e-01 -8.960239e+00 -2.437202e-01 9.689998e-01 -4.049422e-02 2.975074e-01 6.305592e-01 1.900439e-01 7.525147e-01 9.349661e+00
9.398558e-01 -1.400990e-01 -3.115179e-01 -8.959520e+00 1.953833e-01 9.685803e-01 1.538754e-01 2.948567e-01 2.801723e-01 -2.054860e-01 9.376988e-01 9.519812e+00
7.060001e-01 3.175256e-01 -6.330414e-01 -8.724102e+00 -2.823066e-01 9.459493e-01 1.596335e-01 3.084698e-01 6.495128e-01 6.601051e-02 7.574799e-01 9.221566e+00
9.439827e-01 -2.211416e-01 -2.449348e-01 -8.451143e+00 2.046809e-01 9.745832e-01 -9.106776e-02 3.234846e-01 2.588482e-01 3.583291e-02 9.652531e-01 8.865037e+00
8.002169e-01 2.995157e-01 -5.195606e-01 -8.441346e+00 -1.639974e-01 9.426196e-01 2.908147e-01 3.484557e-01 5.768516e-01 -1.475083e-01 8.034199e-01 8.337376e+00
9.162854e-01 -7.871555e-02 -3.927148e-01 -8.407279e+00 -1.276694e-02 9.742594e-01 -2.250680e-01 3.805441e-01 4.003224e-01 2.112403e-01 8.916947e-01 7.693302e+00
6.562477e-01 1.493139e-01 -7.396244e-01 -8.240981e+00 1.441285e-01 9.373711e-01 3.171157e-01 3.979611e-01 7.406523e-01 -3.147074e-01 5.936273e-01 7.353003e+00
9.518308e-01 2.291022e-01 -2.037898e-01 -8.029810e+00 -2.527816e-01 9.624839e-01 -9.862183e-02 4.047717e-01 1.735499e-01 1.453856e-01 9.740346e-01 7.200318e+00
6.567595e-01 -7.924555e-02 -7.499247e-01 -7.865302e+00 1.949429e-01 9.785012e-01 6.732507e-02 4.049281e-01 7.284670e-01 -1.904089e-01 6.580883e-01 7.203273e+00
9.692278e-01 2.137510e-01 -1.220986e-01 -7.479453e+00 -2.016104e-01 9.738744e-01 1.045082e-01 4.255662e-01 1.412474e-01 -7.667587e-02 9.870005e-01 6.704747e+00
4.415515e-01 -7.427161e-02 -8.941566e-01 -7.286170e+00 -2.725371e-02 9.949979e-01 -9.610623e-02 4.622309e-01 8.968219e-01 6.680494e-02 4.373187e-01 5.943794e+00
9.050184e-01 9.310031e-02 -4.150591e-01 -7.344015e+00 3.562575e-02 9.557368e-01 2.920581e-01 4.937833e-01 4.238779e-01 -2.791047e-01 8.616426e-01 5.455664e+00
2.116982e-01 2.948645e-01 -9.317933e-01 -7.731632e+00 -3.113590e-01 9.240738e-01 2.216827e-01 5.239284e-01 9.264121e-01 2.431924e-01 2.874335e-01 5.301805e+00
8.204075e-01 -1.679435e-01 -5.465588e-01 -8.173640e+00 1.391723e-01 9.857961e-01 -9.400642e-02 5.456017e-01 5.545833e-01 1.057747e-03 8.321276e-01 5.459491e+00
9.519281e-01 2.287182e-01 -2.037667e-01 -7.747322e+00 -1.546161e-01 9.330088e-01 3.249437e-01 5.270476e-01 2.644366e-01 -2.778174e-01 9.235208e-01 5.795311e+00
4.735318e-01 -2.226748e-01 8.521640e-01 -6.752822e+00 3.797847e-01 9.245701e-01 3.055559e-02 4.868452e-01 -7.946894e-01 3.091698e-01 5.223819e-01 6.267319e+00
6.607909e-01 4.114909e-01 -6.277186e-01 -6.186793e+00 -2.911469e-01 9.113644e-01 2.909439e-01 4.673225e-01 6.918011e-01 -9.494735e-03 7.220257e-01 6.427616e+00
9.634017e-01 -2.470118e-01 1.041262e-01 -6.239692e+00 2.611231e-01 9.525778e-01 -1.562380e-01 4.681466e-01 -6.059572e-02 1.777097e-01 9.822156e-01 6.403861e+00
7.732286e-01 3.453104e-01 -5.318631e-01 -6.271677e+00 -1.602324e-01 9.179083e-01 3.630014e-01 4.723878e-01 6.135497e-01 -1.954613e-01 7.650828e-01 6.275135e+00
9.495081e-01 -1.579330e-01 2.710931e-01 -6.247374e+00 2.129951e-01 9.589182e-01 -1.873738e-01 4.550307e-01 -2.303636e-01 2.356544e-01 9.441396e-01 6.686070e+00
8.612398e-01 2.887808e-01 -4.181766e-01 -6.202479e+00 -1.303367e-01 9.208518e-01 3.674838e-01 4.373107e-01 4.912009e-01 -2.619879e-01 8.307129e-01 7.055582e+00
9.244577e-01 -1.406887e-01 3.543793e-01 -6.079823e+00 2.478239e-01 9.280454e-01 -2.780558e-01 4.433010e-01 -2.897608e-01 3.448745e-01 8.928047e-01 6.794559e+00
8.562389e-01 2.711270e-01 -4.397102e-01 -5.919994e+00 -8.360645e-02 9.127057e-01 3.999727e-01 4.442041e-01 5.097695e-01 -3.057096e-01 8.041621e-01 6.657074e+00
9.426619e-01 -7.986257e-02 3.240534e-01 -5.776217e+00 1.878958e-01 9.294488e-01 -3.175218e-01 4.468578e-01 -2.758329e-01 3.602040e-01 8.911618e-01 6.487683e+00
8.821541e-01 2.096264e-01 -4.217356e-01 -5.680473e+00 -2.728604e-02 9.167238e-01 3.985887e-01 4.490514e-01 4.701697e-01 -3.401092e-01 8.144115e-01 6.329145e+00
9.994110e-01 6.101357e-03 3.377034e-02 -5.701821e+00 5.320896e-03 9.446162e-01 -3.281341e-01 4.555362e-01 -3.390208e-02 3.281205e-01 9.440273e-01 6.136635e+00
9.232032e-01 5.273959e-02 -3.806763e-01 -5.673911e+00 9.440947e-02 9.290625e-01 3.576726e-01 4.623697e-01 3.725356e-01 -3.661439e-01 8.527343e-01 5.919083e+00
9.906303e-01 1.358070e-01 -1.442227e-02 -5.587397e+00 -1.340953e-01 9.472215e-01 -2.911871e-01 4.674855e-01 -2.588415e-02 2.903927e-01 9.565574e-01 5.725983e+00
8.906818e-01 -7.851537e-02 -4.477959e-01 -5.631343e+00 2.158772e-01 9.398879e-01 2.645898e-01 4.746757e-01 4.001036e-01 -3.323342e-01 8.540908e-01 5.540421e+00
9.665523e-01 2.338191e-01 1.053814e-01 -5.575489e+00 -2.039086e-01 9.498179e-01 -2.372074e-01 4.808742e-01 -1.555567e-01 2.077852e-01 9.657264e-01 5.321974e+00
7.264239e-01 -9.606431e-02 -6.804998e-01 -5.488472e+00 2.599395e-01 9.550281e-01 1.426630e-01 4.857148e-01 6.361916e-01 -2.805226e-01 7.187262e-01 5.153552e+00
9.467449e-01 3.216453e-01 -1.477906e-02 -5.491239e+00 -3.217598e-01 9.468017e-01 -6.100032e-03 4.906676e-01 1.203080e-02 1.053048e-02 9.998722e-01 5.032724e+00
6.868897e-01 -1.982011e-01 -6.992130e-01 -5.610553e+00 1.731102e-01 9.790228e-01 -1.074575e-01 5.012208e-01 7.058437e-01 -4.722946e-02 7.067913e-01 4.857156e+00
9.733288e-01 2.261482e-01 3.857438e-02 -5.648927e+00 -2.290694e-01 9.488085e-01 2.174618e-01 5.130932e-01 1.257891e-02 -2.204981e-01 9.753063e-01 4.616976e+00
7.686756e-01 -1.253305e-01 -6.272401e-01 -5.701360e+00 -1.638932e-02 9.764349e-01 -2.151890e-01 5.225706e-01 6.394288e-01 1.756906e-01 7.485076e-01 4.421523e+00
9.036430e-01 -2.920048e-02 4.272900e-01 -5.941196e+00 -6.786592e-02 9.753053e-01 2.101756e-01 5.341903e-01 -4.228754e-01 -2.189221e-01 8.793460e-01 4.227866e+00
9.019911e-01 -1.610180e-01 -4.006062e-01 -6.277992e+00 5.717371e-02 9.642298e-01 -2.588283e-01 5.494629e-01 4.279524e-01 2.105566e-01 8.789327e-01 4.005364e+00
8.519241e-01 -3.326727e-03 5.236547e-01 -6.418317e+00 -9.622283e-02 9.819590e-01 1.627814e-01 5.612290e-01 -5.147490e-01 -1.890649e-01 8.362344e-01 3.758730e+00
7.703205e-01 -1.283265e-01 -6.246107e-01 -6.569773e+00 8.696833e-03 9.815638e-01 -1.909370e-01 5.736623e-01 6.375975e-01 1.416505e-01 7.572348e-01 3.496937e+00
9.336222e-01 4.106159e-03 3.582357e-01 -6.617462e+00 -8.380652e-02 9.746935e-01 2.072417e-01 5.856863e-01 -3.483190e-01 -2.235079e-01 9.103395e-01 3.207953e+00
7.505803e-01 -3.142543e-02 -6.600316e-01 -6.586556e+00 -1.004905e-01 9.818214e-01 -1.610231e-01 5.968422e-01 6.530933e-01 1.871877e-01 7.337778e-01 2.896917e+00
8.595833e-01 -1.191686e-01 4.969059e-01 -6.591142e+00 1.300050e-02 9.772120e-01 2.118670e-01 6.057759e-01 -5.108303e-01 -1.756573e-01 8.415444e-01 2.631954e+00
6.762371e-01 4.399961e-02 -7.353689e-01 -6.585493e+00 -1.707540e-01 9.803916e-01 -9.836335e-02 6.157958e-01 7.166216e-01 1.920841e-01 6.704903e-01 2.347820e+00
7.321763e-01 -1.944857e-01 6.527582e-01 -6.628591e+00 8.839305e-02 9.773940e-01 1.920617e-01 6.240713e-01 -6.753552e-01 -8.292371e-02 7.328158e-01 2.123302e+00
7.510391e-01 6.802463e-02 -6.567441e-01 -6.570069e+00 -1.579449e-01 9.843092e-01 -7.866925e-02 6.285430e-01 6.410878e-01 1.628131e-01 7.499989e-01 1.926296e+00
7.207380e-01 -1.870754e-01 6.674875e-01 -6.340908e+00 9.240659e-02 9.802316e-01 1.749489e-01 6.332969e-01 -6.870210e-01 -6.441209e-02 7.237771e-01 1.667867e+00
7.271984e-01 4.520752e-02 -6.849371e-01 -6.300196e+00 -1.343968e-01 9.878934e-01 -7.748580e-02 6.467394e-01 6.731419e-01 1.484009e-01 7.244703e-01 1.293926e+00
8.761991e-01 -1.569660e-01 4.556717e-01 -6.140803e+00 1.000251e-01 9.841161e-01 1.466646e-01 6.659157e-01 -4.714552e-01 -8.292880e-02 8.779822e-01 7.769394e-01
7.225053e-01 1.007788e-01 -6.839808e-01 -5.859157e+00 -1.594879e-01 9.869306e-01 -2.305505e-02 6.843961e-01 6.727181e-01 1.257441e-01 7.291356e-01 2.364849e-01
9.067313e-01 -1.588354e-01 3.906529e-01 -5.454278e+00 1.152416e-01 9.844240e-01 1.327730e-01 6.981586e-01 -4.056572e-01 -7.536996e-02 9.109125e-01 -2.095829e-01
7.062642e-01 1.780124e-01 -6.852025e-01 -4.985346e+00 -2.026327e-01 9.782077e-01 4.527263e-02 7.109511e-01 6.783294e-01 1.068700e-01 7.269443e-01 -6.562970e-01
8.357275e-01 -2.194958e-01 5.033698e-01 -4.707443e+00 2.047643e-01 9.750936e-01 8.522917e-02 7.268843e-01 -5.095401e-01 3.184379e-02 8.598574e-01 -1.148006e+00
7.913982e-01 1.450341e-01 -5.938467e-01 -4.792700e+00 -1.574853e-01 9.870288e-01 3.118530e-02 7.469964e-01 5.906668e-01 6.884213e-02 8.039736e-01 -1.598407e+00
8.389396e-01 -1.963438e-01 5.075721e-01 -4.980473e+00 2.222453e-01 9.749415e-01 9.798211e-03 7.695783e-01 -4.967769e-01 1.045854e-01 8.615536e-01 -2.021463e+00
3.521682e-01 2.926062e-01 -8.890214e-01 -4.767853e+00 -1.154989e-01 9.561999e-01 2.689643e-01 7.937120e-01 9.287828e-01 7.960335e-03 3.705389e-01 -2.611787e+00
9.886678e-01 -9.711925e-02 1.144721e-01 -4.533006e+00 1.113040e-01 9.859131e-01 -1.248473e-01 8.248374e-01 -1.007345e-01 1.361737e-01 9.855502e-01 -3.311115e+00
3.906270e-01 2.290329e-01 -8.916022e-01 -4.190571e+00 5.278000e-02 9.613892e-01 2.700835e-01 8.531384e-01 9.190347e-01 -1.525607e-01 3.634562e-01 -3.965884e+00
8.546551e-01 4.203631e-02 5.174917e-01 -3.758679e+00 5.949169e-02 9.822233e-01 -1.780394e-01 8.688127e-01 -5.157765e-01 1.829488e-01 8.369614e-01 -4.410601e+00
4.258854e-01 1.385170e-01 -8.941111e-01 -3.484897e+00 1.092455e-01 9.731089e-01 2.027916e-01 8.838140e-01 8.981576e-01 -1.840436e-01 3.993005e-01 -4.821744e+00
7.279007e-01 8.242051e-02 6.807110e-01 -3.175738e+00 5.159580e-02 9.833511e-01 -1.742368e-01 8.930061e-01 -6.837386e-01 1.619489e-01 7.115294e-01 -5.147932e+00
1.998401e-01 1.421753e-01 -9.694587e-01 -2.875626e+00 1.273416e-01 9.772567e-01 1.695686e-01 9.053703e-01 9.715184e-01 -1.573391e-01 1.771903e-01 -5.508169e+00
8.500760e-01 9.810053e-02 5.174428e-01 -2.595740e+00 -5.684485e-02 9.938497e-01 -9.503415e-02 9.189251e-01 -5.235833e-01 5.137229e-02 8.504243e-01 -5.859016e+00
-4.028031e-02 7.920316e-02 -9.960444e-01 -2.410877e+00 5.464408e-02 9.955362e-01 7.695292e-02 9.455740e-01 9.976931e-01 -5.132824e-02 -4.442849e-02 -6.442260e+00
8.299596e-01 2.342065e-02 5.573317e-01 -2.357570e+00 -4.161555e-02 9.989336e-01 1.999447e-02 9.743859e-01 -5.562690e-01 -3.978827e-02 8.300492e-01 -7.010326e+00
3.438892e-01 3.303708e-02 -9.384289e-01 -2.116541e+00 -2.925949e-02 9.992726e-01 2.445687e-02 9.931172e-01 9.385543e-01 1.904750e-02 3.446057e-01 -7.496819e+00
7.582674e-01 -5.248649e-02 6.498275e-01 -1.785223e+00 1.885259e-02 9.981025e-01 5.861800e-02 1.008284e+00 -6.516710e-01 -3.219719e-02 7.578181e-01 -7.931342e+00
2.765640e-01 8.175434e-02 -9.575117e-01 -1.367477e+00 -7.652775e-02 9.950841e-01 6.285838e-02 1.025865e+00 9.579436e-01 5.589185e-02 2.814609e-01 -8.415315e+00
9.354143e-01 -8.865069e-02 3.422590e-01 -1.060599e+00 6.331592e-02 9.944079e-01 8.452177e-02 1.044695e+00 -3.478380e-01 -5.739243e-02 9.357964e-01 -8.872035e+00
2.664674e-01 1.811022e-01 -9.466769e-01 -8.184388e-01 -1.229957e-01 9.805482e-01 1.529615e-01 1.065316e+00 9.559640e-01 7.567787e-02 2.835590e-01 -9.356796e+00
9.081827e-01 -1.453040e-01 3.925441e-01 -5.070109e-01 1.578331e-01 9.874657e-01 3.604989e-04 1.089617e+00 -3.876763e-01 6.162904e-02 9.197331e-01 -9.942295e+00
3.169196e-01 2.543438e-01 -9.137129e-01 -2.141581e-01 -7.638848e-02 9.670877e-01 2.427061e-01 1.109806e+00 9.453712e-01 -7.121185e-03 3.259180e-01 -1.043658e+01
7.516349e-01 -1.156809e-01 6.493558e-01 -2.563149e-02 1.730158e-01 9.846052e-01 -2.486261e-02 1.103130e+00 -6.364830e-01 1.310364e-01 7.600782e-01 -1.038056e+01
2.089122e-01 3.717662e-01 -9.045140e-01 2.105043e-01 -5.623292e-02 9.279593e-01 3.684146e-01 1.081634e+00 9.763163e-01 -2.610282e-02 2.147675e-01 -9.865836e+00
9.967937e-01 -6.621180e-02 4.492536e-02 3.480026e-01 7.096731e-02 9.909238e-01 -1.141654e-01 1.070553e+00 -3.695851e-02 1.169876e-01 9.924455e-01 -9.369044e+00
3.859074e-01 2.305909e-01 -8.932544e-01 5.783963e-01 5.464038e-02 9.608451e-01 2.716452e-01 1.085356e+00 9.209180e-01 -1.536376e-01 3.581976e-01 -9.686979e+00
9.957265e-01 8.182281e-02 4.282235e-02 7.380555e-01 -7.646166e-02 9.904642e-01 -1.146051e-01 1.096784e+00 -5.179132e-02 1.108410e-01 9.924877e-01 -9.879699e+00
2.141435e-01 1.619178e-01 -9.632887e-01 7.108015e-01 1.246901e-01 9.735666e-01 1.913646e-01 1.088144e+00 9.688111e-01 -1.610920e-01 1.882934e-01 -9.345426e+00
9.612481e-01 9.508503e-02 2.587681e-01 8.248009e-01 -9.621480e-02 9.953258e-01 -8.325179e-03 1.086245e+00 -2.583502e-01 -1.689476e-02 9.659036e-01 -9.191799e+00
3.719981e-01 2.650525e-02 -9.278550e-01 1.162734e+00 1.084051e-02 9.994000e-01 3.289522e-02 1.105578e+00 9.281702e-01 -2.229539e-02 3.714876e-01 -9.655023e+00
9.734262e-01 1.611836e-02 2.284329e-01 1.462706e+00 -3.714877e-02 9.954218e-01 8.806536e-02 1.125049e+00 -2.259676e-01 -9.421113e-02 9.695684e-01 -1.012535e+01
3.414091e-01 1.145686e-01 -9.329061e-01 1.648970e+00 -1.164183e-01 9.900548e-01 7.898217e-02 1.139105e+00 9.326771e-01 8.164212e-02 3.513516e-01 -1.044678e+01
9.449205e-01 -1.100834e-01 3.082318e-01 1.697087e+00 8.820502e-02 9.925474e-01 8.408041e-02 1.154662e+00 -3.151906e-01 -5.226172e-02 9.475883e-01 -1.077841e+01
2.191631e-01 2.165200e-01 -9.513604e-01 1.386165e+00 -1.696925e-01 9.686644e-01 1.813664e-01 1.183168e+00 9.608184e-01 1.216899e-01 2.490373e-01 -1.119655e+01
9.948508e-01 -9.868034e-02 2.310962e-02 8.638690e-01 9.926618e-02 9.947278e-01 -2.574526e-02 1.219052e+00 -2.044723e-02 2.790670e-02 9.994014e-01 -1.158391e+01
5.499580e-02 2.921898e-01 -9.547778e-01 4.710056e-01 -4.208569e-02 9.560535e-01 2.901561e-01 1.255663e+00 9.975992e-01 2.422511e-02 6.487593e-02 -1.200636e+01
9.925157e-01 -1.975543e-02 1.205085e-01 4.155856e-01 3.228749e-02 9.941629e-01 -1.029448e-01 1.285508e+00 -1.177714e-01 1.060653e-01 9.873601e-01 -1.248442e+01
2.982204e-01 2.077679e-01 -9.316100e-01 4.614881e-01 4.487458e-02 9.718907e-01 2.311163e-01 1.299604e+00 9.534416e-01 -1.107292e-01 2.805141e-01 -1.274065e+01
9.799000e-01 5.622769e-02 1.914010e-01 5.825156e-01 -4.392659e-02 9.967234e-01 -6.791909e-02 1.310170e+00 -1.945928e-01 5.814632e-02 9.791592e-01 -1.295933e+01
3.748096e-01 9.482211e-02 -9.222399e-01 7.295640e-01 4.431322e-02 9.917866e-01 1.199821e-01 1.330027e+00 9.260422e-01 -8.583788e-02 3.675293e-01 -1.341257e+01
9.664495e-01 3.791210e-02 2.540435e-01 9.589558e-01 -3.128413e-02 9.990578e-01 -3.008083e-02 1.359600e+00 -2.549445e-01 2.112408e-02 9.667249e-01 -1.410656e+01
4.772280e-01 7.124574e-02 -8.758867e-01 1.000265e+00 -5.383374e-03 9.969264e-01 7.815813e-02 1.383077e+00 8.787630e-01 -3.258403e-02 4.761448e-01 -1.462188e+01
9.116678e-01 -1.467838e-03 4.109253e-01 9.535100e-01 1.364156e-03 9.999989e-01 5.455480e-04 1.401455e+00 -4.109257e-01 6.320822e-05 9.116688e-01 -1.500320e+01
3.454109e-01 9.733821e-02 -9.333898e-01 1.062898e+00 -3.671334e-02 9.952465e-01 9.020274e-02 1.427831e+00 9.377331e-01 3.110852e-03 3.473426e-01 -1.561225e+01
9.580861e-01 -4.376368e-02 2.831181e-01 1.316557e+00 3.904521e-02 9.989888e-01 2.229019e-02 1.455925e+00 -2.838073e-01 -1.030152e-02 9.588260e-01 -1.626952e+01
-8.985443e-02 2.237305e-01 -9.705003e-01 1.540117e+00 -4.899945e-02 9.722689e-01 2.286749e-01 1.490379e+00 9.947488e-01 6.810144e-02 -7.640000e-02 -1.696996e+01
9.344587e-01 -6.960838e-02 3.492014e-01 1.663477e+00 8.725379e-02 9.955698e-01 -3.503728e-02 1.525234e+00 -3.452154e-01 6.321003e-02 9.363924e-01 -1.765751e+01
4.611141e-01 1.828081e-01 -8.683058e-01 1.891117e+00 -4.599089e-02 9.821567e-01 1.823542e-01 1.543838e+00 8.861482e-01 -4.415191e-02 4.612938e-01 -1.813160e+01
4.056611e-01 -7.925150e-02 9.105813e-01 2.444993e+00 1.768594e-01 9.842121e-01 6.869565e-03 1.534836e+00 -8.967496e-01 1.582582e-01 4.132730e-01 -1.815420e+01
3.644199e-01 2.256402e-01 -9.034847e-01 3.187035e+00 -8.385049e-02 9.742105e-01 2.094825e-01 1.530775e+00 9.274520e-01 -5.819569e-04 3.739417e-01 -1.828494e+01
8.325760e-01 -1.080930e-01 5.432615e-01 3.886736e+00 1.387641e-01 9.902019e-01 -1.564220e-02 1.534981e+00 -5.362478e-01 8.840852e-02 8.394178e-01 -1.851214e+01
6.940998e-02 2.709312e-01 -9.600930e-01 4.227053e+00 -2.517930e-02 9.625833e-01 2.698136e-01 1.548432e+00 9.972704e-01 5.446714e-03 7.363475e-02 -1.885586e+01
9.462458e-01 -3.229509e-02 3.218321e-01 4.371887e+00 6.853570e-02 9.924290e-01 -1.019197e-01 1.580525e+00 -3.161040e-01 1.184981e-01 9.412951e-01 -1.952985e+01
2.117132e-01 1.992565e-01 -9.568043e-01 4.498736e+00 5.065193e-02 9.754436e-01 2.143459e-01 1.606128e+00 9.760184e-01 -9.384384e-02 1.964215e-01 -2.008495e+01
7.163250e-01 1.728918e-02 6.975525e-01 4.829543e+00 8.897665e-02 9.892687e-01 -1.158907e-01 1.620053e+00 -6.920705e-01 1.450813e-01 7.070996e-01 -2.049487e+01
-9.364570e-02 1.807959e-01 -9.790523e-01 5.129546e+00 1.050754e-01 9.796763e-01 1.708608e-01 1.644859e+00 9.900453e-01 -8.687396e-02 -1.107397e-01 -2.109141e+01
5.454586e-01 5.553778e-02 8.362957e-01 5.675342e+00 6.774899e-02 9.916154e-01 -1.100405e-01 1.665536e+00 -8.353951e-01 1.166807e-01 5.371225e-01 -2.165593e+01
-1.341928e-01 1.468815e-01 -9.800092e-01 6.169692e+00 9.344270e-02 9.864231e-01 1.350477e-01 1.684798e+00 9.865398e-01 -7.345228e-02 -1.460959e-01 -2.217168e+01
7.342001e-01 3.770381e-02 6.778854e-01 6.566308e+00 2.527950e-03 9.982981e-01 -5.826303e-02 1.711854e+00 -6.789284e-01 4.449039e-02 7.328553e-01 -2.282356e+01
-9.762847e-02 1.221211e-01 -9.877019e-01 6.815032e+00 1.679556e-02 9.925037e-01 1.210547e-01 1.726983e+00 9.950812e-01 -4.770626e-03 -9.894771e-02 -2.319124e+01
6.634427e-01 -4.773579e-02 7.467028e-01 6.974060e+00 3.826887e-02 9.988215e-01 2.985168e-02 1.738989e+00 -7.472478e-01 8.770588e-03 6.644876e-01 -2.349128e+01
6.683665e-02 1.171591e-01 -9.908616e-01 7.211031e+00 -6.129397e-02 9.916886e-01 1.131224e-01 1.754033e+00 9.958795e-01 5.317312e-02 7.346229e-02 -2.389406e+01
7.196174e-01 -1.106601e-01 6.854963e-01 7.472067e+00 9.972279e-02 9.934557e-01 5.568758e-02 1.770882e+00 -6.871726e-01 2.828585e-02 7.259433e-01 -2.433840e+01
-4.617554e-02 1.841413e-01 -9.818145e-01 7.710675e+00 -7.307797e-02 9.796067e-01 1.871641e-01 1.795533e+00 9.962567e-01 8.039142e-02 -3.177720e-02 -2.493003e+01
6.898593e-01 -1.296007e-01 7.122484e-01 7.961596e+00 1.680648e-01 9.856368e-01 1.656464e-02 1.816486e+00 -7.041650e-01 1.082766e-01 7.017320e-01 -2.544838e+01
-2.896447e-01 2.881740e-01 -9.127221e-01 8.343581e+00 5.729575e-03 9.541038e-01 2.994212e-01 1.837545e+00 9.571171e-01 8.149625e-02 -2.780022e-01 -2.594137e+01
8.012718e-01 -9.665509e-02 5.904417e-01 8.656790e+00 1.400319e-01 9.897507e-01 -2.801150e-02 1.838926e+00 -5.816826e-01 1.051255e-01 8.065941e-01 -2.592945e+01
3.578948e-02 3.133739e-01 -9.489552e-01 8.947763e+00 -9.708817e-03 9.496277e-01 3.132298e-01 1.840019e+00 9.993122e-01 -1.997101e-03 3.702917e-02 -2.598010e+01
6.072102e-01 -5.319451e-02 7.927586e-01 9.362778e+00 2.399312e-01 9.634532e-01 -1.191261e-01 1.857773e+00 -7.574489e-01 2.625421e-01 5.977816e-01 -2.646852e+01
-1.908838e-02 3.054918e-01 -9.520034e-01 9.636475e+00 1.027900e-01 9.477310e-01 3.020598e-01 1.878787e+00 9.945199e-01 -9.209058e-02 -4.949215e-02 -2.699551e+01
6.841257e-01 6.604477e-02 7.263677e-01 9.631077e+00 1.046013e-01 9.767127e-01 -1.873255e-01 1.894882e+00 -7.218245e-01 2.041332e-01 6.612859e-01 -2.730030e+01
7.704937e-02 1.866994e-01 -9.793910e-01 9.507967e+00 1.333942e-01 9.715493e-01 1.956987e-01 1.907902e+00 9.880635e-01 -1.457235e-01 4.995265e-02 -2.751191e+01
5.557844e-01 1.117537e-01 8.237808e-01 9.350494e+00 7.430223e-02 9.802798e-01 -1.831141e-01 1.924987e+00 -8.279993e-01 1.629807e-01 5.365207e-01 -2.781456e+01
-1.078640e-01 1.724080e-01 -9.791021e-01 9.478579e+00 1.506599e-01 9.763082e-01 1.553184e-01 1.936275e+00 9.826835e-01 -1.307581e-01 -1.312835e-01 -2.808976e+01
5.114629e-01 7.555422e-02 8.559774e-01 9.883061e+00 6.551650e-03 9.957553e-01 -9.180668e-02 1.939444e+00 -8.592804e-01 5.256377e-02 5.087969e-01 -2.824697e+01
