9.999965e-01 4.969746e-04 -2.579521e-03 2.189350e-01 -5.003435e-04 9.999990e-01 -1.305513e-03 -2.514453e-02 2.578869e-03 1.306799e-03 9.999958e-01 8.603522e-01
9.999959e-01 1.403215e-03 2.494644e-03 9.499319e-01 -1.403405e-03 9.999990e-01 7.410794e-05 -7.936968e-02 -2.494537e-03 -7.760792e-05 9.999969e-01 2.034301e+00
9.999588e-01 -2.503251e-04 -9.068644e-03 1.600112e+00 2.543609e-04 9.999999e-01 4.438814e-04 -1.015332e-01 9.068531e-03 -4.461706e-04 9.999588e-01 1.838871e+00
9.999998e-01 6.303225e-04 -2.371384e-04 1.961186e+00 -6.303798e-04 9.999998e-01 -2.415891e-04 -1.080072e-01 2.369864e-04 2.417393e-04 9.999999e-01 1.798453e+00
9.999783e-01 -4.031282e-04 -6.581749e-03 2.313201e+00 4.059298e-04 9.999998e-01 4.243261e-04 -1.240513e-01 6.581577e-03 -4.269894e-04 9.999783e-01 2.028684e+00
9.999882e-01 9.848050e-04 4.750904e-03 2.536489e+00 -9.771240e-04 9.999982e-01 -1.618786e-03 -1.539694e-01 -4.752489e-03 1.614125e-03 9.999874e-01 3.059770e+00
9.999613e-01 -4.605342e-04 -8.782056e-03 2.914046e+00 4.805692e-04 9.999973e-01 2.279386e-03 -1.785306e-01 8.780983e-03 -2.283519e-03 9.999588e-01 3.079354e+00
9.999890e-01 1.054176e-03 4.581317e-03 3.154104e+00 -1.043976e-03 9.999970e-01 -2.228381e-03 -2.046796e-01 -4.583652e-03 2.223574e-03 9.999870e-01 3.704303e+00
9.999545e-01 -9.122310e-04 -9.498110e-03 3.077883e+00 9.321087e-04 9.999974e-01 2.088593e-03 -2.108773e-01 9.496179e-03 -2.097352e-03 9.999527e-01 4.179103e+00
9.999839e-01 9.447844e-04 5.604107e-03 3.057908e+00 -9.339484e-04 9.999977e-01 -1.935878e-03 -2.179824e-01 -5.605923e-03 1.930614e-03 9.999824e-01 4.494015e+00
9.999458e-01 -1.278903e-03 -1.033116e-02 2.737173e+00 1.312296e-03 9.999939e-01 3.226138e-03 -2.053933e-01 1.032697e-02 -3.239522e-03 9.999414e-01 3.751001e+00
9.999709e-01 9.110873e-04 7.572513e-03 2.327128e+00 -8.953825e-04 9.999974e-01 -2.077042e-03 -1.877054e-01 -7.574386e-03 2.070202e-03 9.999692e-01 2.680850e+00
9.999383e-01 -5.138661e-04 -1.109766e-02 2.410088e+00 5.331564e-04 9.999984e-01 1.735339e-03 -1.969466e-01 1.109675e-02 -1.741150e-03 9.999369e-01 2.446035e+00
9.999457e-01 9.254021e-04 1.037738e-02 2.457494e+00 -9.089726e-04 9.999983e-01 -1.587804e-03 -2.132949e-01 -1.037883e-02 1.578286e-03 9.999449e-01 2.898722e+00
9.998982e-01 -7.968918e-04 -1.424617e-02 2.469867e+00 8.237553e-04 9.999979e-01 1.879900e-03 -2.196045e-01 1.424464e-02 -1.891444e-03 9.998968e-01 2.722031e+00
9.998857e-01 1.183716e-03 1.507436e-02 2.485009e+00 -1.131006e-03 9.999932e-01 -3.504731e-03 -2.464324e-01 -1.507840e-02 3.487282e-03 9.998802e-01 3.784459e+00
9.999052e-01 -1.007315e-03 -1.373238e-02 2.469164e+00 1.031297e-03 9.999980e-01 1.739348e-03 -2.727225e-01 1.373060e-02 -1.753346e-03 9.999042e-01 5.146184e+00
9.999418e-01 1.128296e-03 1.073173e-02 2.523803e+00 -1.107381e-03 9.999975e-01 -1.954552e-03 -2.935794e-01 -1.073390e-02 1.942555e-03 9.999405e-01 5.776621e+00
9.998827e-01 -1.189173e-03 -1.526764e-02 2.402537e+00 1.229873e-03 9.999957e-01 2.656693e-03 -2.922617e-01 1.526441e-02 -2.675160e-03 9.998799e-01 5.403936e+00
9.999411e-01 1.551987e-03 1.073878e-02 2.574749e+00 -1.521858e-03 9.999949e-01 -2.813283e-03 -3.115354e-01 -1.074309e-02 2.796776e-03 9.999384e-01 5.818965e+00
9.999103e-01 -1.072199e-03 -1.335185e-02 2.711693e+00 1.104693e-03 9.999964e-01 2.426577e-03 -3.346793e-01 1.334920e-02 -2.441110e-03 9.999079e-01 6.575079e+00
9.999181e-01 1.710352e-03 1.268409e-02 2.870024e+00 -1.660109e-03 9.999907e-01 -3.970585e-03 -3.647554e-01 -1.269076e-02 3.949203e-03 9.999117e-01 7.886640e+00
9.999899e-01 -4.037346e-04 -4.484189e-03 3.242082e+00 4.037761e-04 9.999999e-01 8.357503e-06 -4.318793e-01 4.484185e-03 -1.016874e-05 9.999899e-01 1.071565e+01
9.999172e-01 1.368913e-03 1.279666e-02 3.463191e+00 -1.322592e-03 9.999925e-01 -3.627511e-03 -4.840466e-01 -1.280153e-02 3.610287e-03 9.999115e-01 1.325295e+01
9.999555e-01 -6.274915e-04 -9.407999e-03 3.712070e+00 6.404696e-04 9.999988e-01 1.376530e-03 -5.318847e-01 9.407124e-03 -1.382495e-03 9.999548e-01 1.505585e+01
9.999316e-01 1.631826e-03 1.158136e-02 4.076188e+00 -1.583967e-03 9.999902e-01 -4.140390e-03 -5.852345e-01 -1.158800e-02 4.121763e-03 9.999244e-01 1.723531e+01
9.999564e-01 -4.635132e-04 -9.330137e-03 4.494116e+00 4.812609e-04 9.999981e-01 1.900045e-03 -6.380436e-01 9.329238e-03 -1.904453e-03 9.999547e-01 1.912443e+01
9.999977e-01 1.224911e-03 1.770696e-03 5.094865e+00 -1.222329e-03 9.999982e-01 -1.458590e-03 -6.651047e-01 -1.772479e-03 1.456423e-03 9.999974e-01 1.931138e+01
9.999766e-01 4.715427e-04 -6.819313e-03 5.827628e+00 -4.700529e-04 9.999999e-01 2.200787e-04 -7.115564e-01 6.819416e-03 -2.168689e-04 9.999767e-01 2.023951e+01
9.999748e-01 4.140627e-04 7.088463e-03 6.185812e+00 -4.054032e-04 9.999992e-01 -1.223012e-03 -7.476517e-01 -7.088963e-03 1.220108e-03 9.999741e-01 2.145027e+01
9.999408e-01 2.653623e-04 -1.087749e-02 6.465850e+00 -2.552165e-04 9.999995e-01 9.341144e-04 -7.689544e-01 1.087773e-02 -9.312837e-04 9.999404e-01 2.202836e+01
9.999742e-01 3.652890e-04 7.167112e-03 6.749206e+00 -3.594377e-04 9.999996e-01 -8.176827e-04 -7.908374e-01 -7.167408e-03 8.150862e-04 9.999740e-01 2.244341e+01
9.999373e-01 1.031148e-04 -1.120121e-02 6.926290e+00 -9.310360e-05 9.999996e-01 8.942800e-04 -8.072454e-01 1.120130e-02 -8.931817e-04 9.999369e-01 2.287302e+01
9.999747e-01 -4.990565e-05 7.119630e-03 6.794030e+00 5.270820e-05 9.999999e-01 -3.934422e-04 -8.117693e-01 -7.119610e-03 3.938082e-04 9.999746e-01 2.303615e+01
9.999301e-01 7.644149e-05 -1.181931e-02 6.540448e+00 -6.923906e-05 9.999998e-01 6.097910e-04 -8.086542e-01 1.181936e-02 -6.089307e-04 9.999300e-01 2.317803e+01
9.999817e-01 -1.269297e-04 6.054699e-03 6.550835e+00 1.262174e-04 1.000000e+00 1.180299e-04 -8.128436e-01 -6.054713e-03 -1.172628e-04 9.999817e-01 2.321835e+01
9.999280e-01 2.196863e-04 -1.200137e-02 6.467864e+00 -2.156909e-04 9.999999e-01 3.342080e-04 -8.158162e-01 1.200144e-02 -3.315961e-04 9.999279e-01 2.323552e+01
9.999831e-01 -2.102891e-04 5.804711e-03 6.315081e+00 2.092171e-04 1.000000e+00 1.852924e-04 -8.118678e-01 -5.804749e-03 -1.840741e-04 9.999831e-01 2.314124e+01
9.999412e-01 3.811010e-05 -1.084768e-02 6.184267e+00 -3.204740e-05 9.999998e-01 5.590721e-04 -8.096034e-01 1.084770e-02 -5.586922e-04 9.999410e-01 2.293535e+01
9.999897e-01 -6.851307e-05 4.544302e-03 6.238301e+00 6.806219e-05 1.000000e+00 9.938769e-05 -8.106345e-01 -4.544309e-03 -9.907666e-05 9.999897e-01 2.264777e+01
9.999508e-01 -3.213735e-05 -9.922389e-03 6.161833e+00 3.715675e-05 9.999999e-01 5.056886e-04 -8.116227e-01 9.922372e-03 -5.060332e-04 9.999506e-01 2.259371e+01
9.999920e-01 -1.639041e-04 4.006772e-03 6.008863e+00 1.629996e-04 1.000000e+00 2.260836e-04 -8.056083e-01 -4.006808e-03 -2.254280e-04 9.999919e-01 2.239097e+01
9.999448e-01 1.700565e-04 -1.050901e-02 6.082131e+00 -1.679627e-04 1.000000e+00 2.001240e-04 -8.101849e-01 1.050904e-02 -1.983485e-04 9.999448e-01 2.225603e+01
9.999917e-01 2.401078e-04 4.075232e-03 6.330026e+00 -2.413783e-04 9.999999e-01 3.112894e-04 -8.261999e-01 -4.075156e-03 -3.122697e-04 9.999916e-01 2.240119e+01
9.999511e-01 8.972878e-05 -9.887806e-03 6.488499e+00 -9.278163e-05 9.999999e-01 -3.082829e-04 -8.445041e-01 9.887777e-03 3.091846e-04 9.999511e-01 2.283613e+01
9.999827e-01 1.881877e-04 5.874106e-03 6.602197e+00 -1.888491e-04 1.000000e+00 1.120525e-04 -8.657684e-01 -5.874085e-03 -1.131592e-04 9.999827e-01 2.348984e+01
9.999529e-01 2.846763e-04 -9.703101e-03 6.800120e+00 -2.888467e-04 9.999999e-01 -4.283864e-04 -8.907256e-01 9.702977e-03 4.311683e-04 9.999528e-01 2.424712e+01
9.999931e-01 1.509174e-04 3.698401e-03 7.017237e+00 -1.531920e-04 9.999998e-01 6.147828e-04 -9.070393e-01 -3.698307e-03 -6.153445e-04 9.999930e-01 2.449572e+01
9.999837e-01 1.407548e-04 -5.711632e-03 7.098062e+00 -1.489307e-04 9.999990e-01 -1.431017e-03 -9.319260e-01 5.711425e-03 1.431844e-03 9.999827e-01 2.547617e+01
9.999932e-01 1.167394e-04 3.682740e-03 7.142545e+00 -1.194699e-04 9.999997e-01 7.412387e-04 -9.525938e-01 -3.682652e-03 -7.416729e-04 9.999929e-01 2.640267e+01
9.999727e-01 4.057254e-04 -7.383964e-03 7.321551e+00 -4.167152e-04 9.999988e-01 -1.486847e-03 -9.801570e-01 7.383351e-03 1.489883e-03 9.999716e-01 2.734238e+01
9.999653e-01 2.802615e-04 8.329439e-03 7.539674e+00 -2.776151e-04 9.999999e-01 -3.188642e-04 -1.027256e+00 -8.329527e-03 3.165415e-04 9.999653e-01 2.897778e+01
9.999804e-01 2.046729e-04 -6.256182e-03 7.636670e+00 -2.141443e-04 9.999988e-01 -1.513284e-03 -1.064363e+00 6.255864e-03 1.514593e-03 9.999793e-01 3.059009e+01
9.999970e-01 1.028775e-04 2.462561e-03 7.753246e+00 -1.056948e-04 9.999993e-01 1.144019e-03 -1.090451e+00 -2.462442e-03 -1.144275e-03 9.999963e-01 3.139395e+01
9.999778e-01 2.933958e-04 -6.657347e-03 7.890507e+00 -3.020510e-04 9.999991e-01 -1.299106e-03 -1.113244e+00 6.656960e-03 1.301087e-03 9.999770e-01 3.202762e+01
1.000000e+00 2.117743e-04 -1.359067e-04 8.188967e+00 -2.115250e-04 9.999983e-01 1.830781e-03 -1.128362e+00 1.362945e-04 -1.830751e-03 9.999983e-01 3.213524e+01
9.999877e-01 5.400730e-04 -4.929378e-03 8.497288e+00 -5.520976e-04 9.999969e-01 -2.438316e-03 -1.157391e+00 4.928046e-03 2.441007e-03 9.999849e-01 3.280112e+01
9.999991e-01 -2.203902e-04 -1.349217e-03 8.797207e+00 2.240855e-04 9.999962e-01 2.739212e-03 -1.180711e+00 1.348609e-03 -2.739511e-03 9.999953e-01 3.325908e+01
9.999226e-01 5.712715e-04 -1.242933e-02 9.459362e+00 -5.977361e-04 9.999976e-01 -2.125587e-03 -1.199888e+00 1.242809e-02 2.132851e-03 9.999205e-01 3.311545e+01
9.999858e-01 -2.578864e-04 5.326523e-03 9.810580e+00 2.423383e-04 9.999957e-01 2.919455e-03 -1.209971e+00 -5.327253e-03 -2.918122e-03 9.999816e-01 3.277721e+01
9.999315e-01 5.095166e-04 -1.169180e-02 1.000971e+01 -5.334311e-04 9.999978e-01 -2.042377e-03 -1.216829e+00 1.169074e-02 2.048473e-03 9.999296e-01 3.249224e+01
9.999804e-01 -3.857860e-04 6.250725e-03 1.006928e+01 3.726640e-04 9.999977e-01 2.100326e-03 -1.228880e+00 -6.251521e-03 -2.097954e-03 9.999783e-01 3.288085e+01
9.999641e-01 6.554664e-04 -8.445762e-03 1.015938e+01 -6.799056e-04 9.999956e-01 -2.891101e-03 -1.254536e+00 8.443830e-03 2.896739e-03 9.999602e-01 3.384881e+01
9.999930e-01 -3.249803e-04 3.728341e-03 1.042978e+01 3.129459e-04 9.999947e-01 3.227975e-03 -1.272284e+00 -3.729370e-03 -3.226785e-03 9.999878e-01 3.405827e+01
9.999577e-01 7.225543e-04 -9.173209e-03 1.055742e+01 -7.533310e-04 9.999941e-01 -3.352034e-03 -1.295057e+00 9.170733e-03 3.358802e-03 9.999523e-01 3.462216e+01
9.999903e-01 -5.258736e-04 4.364288e-03 1.063369e+01 5.119353e-04 9.999948e-01 3.194246e-03 -1.313126e+00 -4.365945e-03 -3.191981e-03 9.999854e-01 3.522875e+01
9.999463e-01 7.176261e-04 -1.033482e-02 1.075764e+01 -7.476103e-04 9.999955e-01 -2.897698e-03 -1.325549e+00 1.033269e-02 2.905268e-03 9.999424e-01 3.556684e+01
9.999933e-01 -5.320838e-04 3.611968e-03 1.094299e+01 5.200123e-04 9.999943e-01 3.342218e-03 -1.337210e+00 -3.613725e-03 -3.340317e-03 9.999879e-01 3.576187e+01
9.999391e-01 6.141371e-04 -1.101596e-02 1.108325e+01 -6.438416e-04 9.999962e-01 -2.693144e-03 -1.346675e+00 1.101427e-02 2.700072e-03 9.999357e-01 3.593426e+01
9.999919e-01 -6.597759e-04 3.977404e-03 1.112145e+01 6.472524e-04 9.999948e-01 3.149160e-03 -1.352822e+00 -3.979461e-03 -3.146559e-03 9.999871e-01 3.607802e+01
9.999438e-01 8.087928e-04 -1.057302e-02 1.121439e+01 -8.360111e-04 9.999963e-01 -2.570140e-03 -1.361368e+00 1.057090e-02 2.578834e-03 9.999408e-01 3.623633e+01
9.999886e-01 -6.622184e-04 4.727800e-03 1.127776e+01 6.496920e-04 9.999963e-01 2.650591e-03 -1.374366e+00 -4.729537e-03 -2.647489e-03 9.999853e-01 3.670998e+01
9.999450e-01 7.778575e-04 -1.045930e-02 1.138253e+01 -8.026310e-04 9.999969e-01 -2.364561e-03 -1.385558e+00 1.045743e-02 2.372826e-03 9.999425e-01 3.702081e+01
9.999914e-01 -5.611794e-04 4.113291e-03 1.149091e+01 5.501411e-04 9.999962e-01 2.684250e-03 -1.397601e+00 -4.114782e-03 -2.681963e-03 9.999879e-01 3.738471e+01
9.999582e-01 8.227576e-04 -9.102456e-03 1.155455e+01 -8.485187e-04 9.999956e-01 -2.826608e-03 -1.413847e+00 9.100091e-03 2.834212e-03 9.999546e-01 3.800010e+01
9.999861e-01 -6.209421e-04 5.228738e-03 1.158767e+01 6.078064e-04 9.999967e-01 2.513450e-03 -1.429575e+00 -5.230281e-03 -2.510236e-03 9.999832e-01 3.870476e+01
9.999324e-01 8.729646e-04 -1.159791e-02 1.170431e+01 -9.030425e-04 9.999962e-01 -2.588392e-03 -1.445982e+00 1.159561e-02 2.598689e-03 9.999294e-01 3.925504e+01
9.999830e-01 -5.942583e-04 5.802047e-03 1.181393e+01 5.798327e-04 9.999967e-01 2.487688e-03 -1.461159e+00 -5.803506e-03 -2.484280e-03 9.999801e-01 3.980137e+01
9.999295e-01 6.489482e-04 -1.185687e-02 1.190332e+01 -6.762253e-04 9.999971e-01 -2.296656e-03 -1.475772e+00 1.185534e-02 2.304511e-03 9.999271e-01 4.020705e+01
9.999799e-01 -6.134988e-04 6.311597e-03 1.198314e+01 5.960375e-04 9.999960e-01 2.768069e-03 -1.483709e+00 -6.313269e-03 -2.764251e-03 9.999763e-01 4.019925e+01
9.999403e-01 7.678283e-04 -1.090433e-02 1.202127e+01 -7.939593e-04 9.999968e-01 -2.392251e-03 -1.493538e+00 1.090246e-02 2.400765e-03 9.999377e-01 4.054481e+01
9.999858e-01 -6.014698e-04 5.290663e-03 1.208397e+01 5.883887e-04 9.999968e-01 2.473733e-03 -1.506744e+00 -5.292134e-03 -2.470585e-03 9.999829e-01 4.101129e+01
9.999407e-01 6.582876e-04 -1.087347e-02 1.214939e+01 -6.814211e-04 9.999975e-01 -2.123944e-03 -1.514540e+00 1.087205e-02 2.131227e-03 9.999386e-01 4.120976e+01
9.999863e-01 -5.467657e-04 5.207492e-03 1.223466e+01 5.339648e-04 9.999968e-01 2.459273e-03 -1.522781e+00 -5.208820e-03 -2.456458e-03 9.999834e-01 4.141711e+01
9.999504e-01 9.369737e-04 -9.918119e-03 1.235006e+01 -9.629117e-04 9.999961e-01 -2.610747e-03 -1.539074e+00 9.915634e-03 2.620167e-03 9.999474e-01 4.197267e+01
9.999150e-01 -2.770138e-04 1.303900e-02 1.256657e+01 2.762953e-04 1.000000e+00 5.692147e-05 -1.590306e+00 -1.303902e-02 -5.331331e-05 9.999150e-01 4.395202e+01
9.999993e-01 1.084240e-03 4.761644e-04 1.287558e+01 -1.081649e-03 9.999848e-01 -5.407678e-03 -1.671487e+00 -4.820207e-04 5.407158e-03 9.999853e-01 4.756035e+01
9.999235e-01 -4.973642e-04 1.236000e-02 1.305418e+01 4.906333e-04 9.999997e-01 5.476112e-04 -1.739072e+00 -1.236027e-02 -5.415044e-04 9.999235e-01 5.085185e+01
9.999964e-01 9.396744e-04 -2.512917e-03 1.315703e+01 -9.509379e-04 9.999895e-01 -4.484746e-03 -1.795307e+00 2.508676e-03 4.487119e-03 9.999868e-01 5.363053e+01
9.998567e-01 -4.170090e-05 1.692948e-02 1.340301e+01 5.492222e-05 9.999997e-01 -7.804919e-04 -1.873786e+00 -1.692944e-02 7.813106e-04 9.998564e-01 5.719834e+01
9.999834e-01 3.553312e-04 -5.744711e-03 1.352789e+01 -3.768808e-04 9.999929e-01 -3.750550e-03 -1.938441e+00 5.743337e-03 3.752652e-03 9.999765e-01 6.032211e+01
9.999443e-01 -2.195570e-05 1.055676e-02 1.355943e+01 8.278331e-06 9.999992e-01 1.295658e-03 -1.975664e+00 -1.055677e-02 -1.295498e-03 9.999434e-01 6.226626e+01
9.999717e-01 1.848510e-04 -7.516272e-03 1.358330e+01 -2.104564e-04 9.999942e-01 -3.405998e-03 -2.008389e+00 7.515598e-03 3.407483e-03 9.999660e-01 6.400275e+01
9.999887e-01 1.109370e-04 4.761326e-03 1.374528e+01 -1.224623e-04 9.999971e-01 2.420412e-03 -2.037981e+00 -4.761044e-03 -2.420967e-03 9.999857e-01 6.504365e+01
9.999319e-01 7.715656e-04 -1.164880e-02 1.404209e+01 -8.041164e-04 9.999958e-01 -2.789919e-03 -2.064800e+00 1.164659e-02 2.799095e-03 9.999283e-01 6.576513e+01
9.999753e-01 -2.517212e-04 7.021071e-03 1.428731e+01 2.340772e-04 9.999968e-01 2.513737e-03 -2.087352e+00 -7.021682e-03 -2.512031e-03 9.999722e-01 6.630046e+01
9.999357e-01 7.752892e-04 -1.131564e-02 1.452983e+01 -8.034613e-04 9.999966e-01 -2.485316e-03 -2.107563e+00 1.131368e-02 2.494247e-03 9.999329e-01 6.669777e+01
9.999790e-01 -1.986185e-04 6.475781e-03 1.483640e+01 1.813400e-04 9.999964e-01 2.668677e-03 -2.126266e+00 -6.476288e-03 -2.667446e-03 9.999755e-01 6.695337e+01
9.999375e-01 1.005362e-03 -1.113179e-02 1.513965e+01 -1.044000e-03 9.999934e-01 -3.465721e-03 -2.155176e+00 1.112823e-02 3.477125e-03 9.999320e-01 6.775153e+01
9.999915e-01 -3.677262e-05 4.112066e-03 1.564068e+01 2.387521e-05 9.999951e-01 3.136522e-03 -2.185608e+00 -4.112161e-03 -3.136396e-03 9.999866e-01 6.828867e+01
9.999293e-01 1.107593e-03 -1.183854e-02 1.616608e+01 -1.147199e-03 9.999938e-01 -3.339248e-03 -2.212861e+00 1.183477e-02 3.352592e-03 9.999243e-01 6.862374e+01
9.999767e-01 -4.895191e-04 6.806808e-03 1.644195e+01 4.674134e-04 9.999946e-01 3.248812e-03 -2.235680e+00 -6.808361e-03 -3.245554e-03 9.999716e-01 6.912123e+01
9.999152e-01 1.230255e-03 -1.296797e-02 1.678953e+01 -1.276903e-03 9.999927e-01 -3.589475e-03 -2.262590e+00 1.296346e-02 3.605729e-03 9.999095e-01 6.965057e+01
9.999833e-01 -5.064667e-04 5.751024e-03 1.709437e+01 4.864728e-04 9.999938e-01 3.477466e-03 -2.286500e+00 -5.752749e-03 -3.474610e-03 9.999774e-01 7.011584e+01
9.999169e-01 7.711729e-04 -1.286746e-02 1.731334e+01 -8.084232e-04 9.999955e-01 -2.889962e-03 -2.298732e+00 1.286518e-02 2.900124e-03 9.999130e-01 7.008354e+01
9.999789e-01 -6.395182e-04 6.464453e-03 1.747567e+01 6.167691e-04 9.999936e-01 3.520510e-03 -2.305490e+00 -6.466663e-03 -3.516448e-03 9.999729e-01 6.981798e+01
9.999098e-01 9.314502e-04 -1.339673e-02 1.773054e+01 -9.746787e-04 9.999943e-01 -3.220621e-03 -2.322781e+00 1.339365e-02 3.233387e-03 9.999051e-01 6.994725e+01
9.999779e-01 -6.986422e-04 6.611574e-03 1.801771e+01 6.712023e-04 9.999912e-01 4.151619e-03 -2.327704e+00 -6.614415e-03 -4.147088e-03 9.999695e-01 6.942889e+01
9.999364e-01 4.809596e-04 -1.126700e-02 1.813949e+01 -5.180091e-04 9.999945e-01 -3.285617e-03 -2.322491e+00 1.126536e-02 3.291244e-03 9.999311e-01 6.858384e+01
9.999744e-01 -8.888978e-04 7.097792e-03 1.819225e+01 8.593800e-04 9.999910e-01 4.160713e-03 -2.315833e+00 -7.101426e-03 -4.154506e-03 9.999662e-01 6.765834e+01
9.999434e-01 4.331036e-04 -1.063020e-02 1.824005e+01 -4.674014e-04 9.999947e-01 -3.224161e-03 -2.306675e+00 1.062875e-02 3.228946e-03 9.999383e-01 6.658466e+01
9.999713e-01 -9.267831e-04 7.521334e-03 1.830220e+01 8.963640e-04 9.999914e-01 4.046758e-03 -2.294965e+00 -7.525019e-03 -4.039899e-03 9.999635e-01 6.534879e+01
9.999378e-01 5.243292e-04 -1.113717e-02 1.838150e+01 -5.605824e-04 9.999946e-01 -3.252268e-03 -2.284053e+00 1.113540e-02 3.258308e-03 9.999327e-01 6.417945e+01
9.999804e-01 -7.459927e-04 6.221160e-03 1.855623e+01 7.204532e-04 9.999913e-01 4.106521e-03 -2.277865e+00 -6.224169e-03 -4.101958e-03 9.999722e-01 6.325444e+01
9.999440e-01 4.883118e-04 -1.056701e-02 1.866942e+01 -5.233672e-04 9.999944e-01 -3.314909e-03 -2.269749e+00 1.056533e-02 3.320253e-03 9.999387e-01 6.224367e+01
9.999769e-01 -7.771300e-04 6.754220e-03 1.882664e+01 7.479810e-04 9.999904e-01 4.317157e-03 -2.261464e+00 -6.757510e-03 -4.312005e-03 9.999679e-01 6.120595e+01
9.999604e-01 1.645073e-04 -8.900202e-03 1.880963e+01 -1.947910e-04 9.999942e-01 -3.401805e-03 -2.245862e+00 8.899591e-03 3.403403e-03 9.999546e-01 5.977791e+01
9.999833e-01 -6.799728e-04 5.730979e-03 1.883516e+01 6.558142e-04 9.999909e-01 4.216296e-03 -2.232131e+00 -5.733793e-03 -4.212467e-03 9.999747e-01 5.845931e+01
9.999550e-01 3.119525e-04 -9.477722e-03 1.894415e+01 -3.447692e-04 9.999940e-01 -3.461058e-03 -2.220064e+00 9.476584e-03 3.464170e-03 9.999491e-01 5.722536e+01
9.999782e-01 -8.866197e-04 6.537259e-03 1.898710e+01 8.586010e-04 9.999904e-01 4.287586e-03 -2.205486e+00 -6.540998e-03 -4.281880e-03 9.999694e-01 5.584445e+01
9.999475e-01 4.844315e-04 -1.023266e-02 1.912169e+01 -5.200935e-04 9.999938e-01 -3.482723e-03 -2.193249e+00 1.023091e-02 3.487862e-03 9.999416e-01 5.459313e+01
9.999803e-01 -8.407914e-04 6.218962e-03 1.926480e+01 8.141123e-04 9.999905e-01 4.291276e-03 -2.182423e+00 -6.222511e-03 -4.286128e-03 9.999715e-01 5.343555e+01
9.999463e-01 4.163820e-04 -1.035047e-02 1.943888e+01 -4.522848e-04 9.999939e-01 -3.466604e-03 -2.170419e+00 1.034896e-02 3.471099e-03 9.999404e-01 5.216247e+01
9.999861e-01 8.543431e-06 5.272503e-03 1.986911e+01 -2.648615e-05 9.999942e-01 3.403049e-03 -2.181278e+00 -5.272443e-03 -3.403140e-03 9.999803e-01 5.191216e+01
9.999616e-01 3.050347e-04 -8.757947e-03 2.019094e+01 -3.290045e-04 9.999962e-01 -2.735583e-03 -2.192033e+00 8.757079e-03 2.738359e-03 9.999579e-01 5.144862e+01
9.999874e-01 -6.117412e-04 4.991985e-03 2.032465e+01 5.935310e-04 9.999932e-01 3.648579e-03 -2.182853e+00 -4.994183e-03 -3.645569e-03 9.999809e-01 5.037008e+01
9.999598e-01 2.571605e-04 -8.962389e-03 2.047905e+01 -2.821601e-04 9.999961e-01 -2.788222e-03 -2.173412e+00 8.961637e-03 2.790638e-03 9.999559e-01 4.923410e+01
9.999895e-01 -5.643487e-04 4.551743e-03 2.073939e+01 5.475269e-04 9.999930e-01 3.696124e-03 -2.165053e+00 -4.553797e-03 -3.693592e-03 9.999828e-01 4.810044e+01
9.999151e-01 8.890560e-04 -1.299951e-02 2.137536e+01 -9.233532e-04 9.999961e-01 -2.632562e-03 -2.173147e+00 1.299712e-02 2.644341e-03 9.999120e-01 4.735527e+01
9.999752e-01 -9.773043e-04 6.974705e-03 2.182884e+01 9.522320e-04 9.999931e-01 3.597179e-03 -2.164019e+00 -6.978172e-03 -3.590448e-03 9.999692e-01 4.614851e+01
9.999415e-01 8.128387e-04 -1.079031e-02 2.212977e+01 -8.434120e-04 9.999956e-01 -2.829131e-03 -2.152733e+00 1.078796e-02 2.838065e-03 9.999378e-01 4.488318e+01
9.999637e-01 -1.397291e-03 8.404846e-03 2.218898e+01 1.366034e-03 9.999921e-01 3.723569e-03 -2.137608e+00 -8.409982e-03 -3.711951e-03 9.999577e-01 4.342796e+01
9.999111e-01 1.107300e-03 -1.328450e-02 2.238616e+01 -1.146291e-03 9.999951e-01 -2.927806e-03 -2.129221e+00 1.328119e-02 2.942773e-03 9.999075e-01 4.236464e+01
9.999694e-01 -1.122597e-03 7.736301e-03 2.269509e+01 1.092703e-03 9.999919e-01 3.867310e-03 -2.124672e+00 -7.740579e-03 -3.858738e-03 9.999626e-01 4.143276e+01
9.999201e-01 1.038080e-03 -1.259595e-02 2.291324e+01 -1.076244e-03 9.999949e-01 -3.023413e-03 -2.120860e+00 1.259275e-02 3.036727e-03 9.999161e-01 4.058497e+01
9.999883e-01 -7.688450e-04 4.766992e-03 2.339973e+01 7.501893e-04 9.999921e-01 3.914110e-03 -2.130651e+00 -4.769963e-03 -3.910488e-03 9.999810e-01 4.003168e+01
9.999743e-01 3.436852e-04 -7.165936e-03 2.351046e+01 -3.645499e-04 9.999957e-01 -2.910520e-03 -2.117063e+00 7.164905e-03 2.913057e-03 9.999701e-01 3.868020e+01
9.999874e-01 -9.284495e-04 4.927973e-03 2.354892e+01 9.098727e-04 9.999925e-01 3.770599e-03 -2.101847e+00 -4.931436e-03 -3.766067e-03 9.999807e-01 3.723013e+01
9.999805e-01 1.914130e-04 -6.245765e-03 2.354288e+01 -2.091526e-04 9.999959e-01 -2.839694e-03 -2.082924e+00 6.245196e-03 2.840944e-03 9.999765e-01 3.554259e+01
9.999966e-01 -3.557554e-04 -2.576234e-03 2.419331e+01 3.654212e-04 9.999929e-01 3.752325e-03 -2.075447e+00 2.574881e-03 -3.753253e-03 9.999896e-01 3.414711e+01
9.999844e-01 7.128438e-04 -5.540561e-03 2.475779e+01 -7.298755e-04 9.999950e-01 -3.072538e-03 -2.071650e+00 5.538343e-03 3.076534e-03 9.999799e-01 3.292617e+01
9.999993e-01 -1.084246e-03 -4.662817e-04 2.485520e+01 1.086062e-03 9.999918e-01 3.912384e-03 -2.069306e+00 4.620361e-04 -3.912887e-03 9.999922e-01 3.219378e+01
9.999857e-01 9.240376e-04 -5.271321e-03 2.476870e+01 -9.405800e-04 9.999946e-01 -3.136546e-03 -2.065727e+00 5.268395e-03 3.141459e-03 9.999812e-01 3.168595e+01
9.999986e-01 -1.598146e-03 5.769634e-04 2.470174e+01 1.595708e-03 9.999899e-01 4.202059e-03 -2.055598e+00 -5.836728e-04 -4.201131e-03 9.999910e-01 3.067780e+01
9.999760e-01 1.297924e-03 -6.810153e-03 2.483348e+01 -1.322383e-03 9.999927e-01 -3.588227e-03 -2.047957e+00 6.805445e-03 3.597146e-03 9.999704e-01 2.964077e+01
9.999904e-01 -1.860133e-03 3.959847e-03 2.495061e+01 1.842759e-03 9.999887e-01 4.386882e-03 -2.033315e+00 -3.967962e-03 -4.379543e-03 9.999825e-01 2.816834e+01
9.999915e-01 1.042861e-03 -3.987410e-03 2.492366e+01 -1.056874e-03 9.999933e-01 -3.513638e-03 -2.009325e+00 3.983719e-03 3.517822e-03 9.999859e-01 2.619959e+01
9.999976e-01 -1.555919e-03 1.526454e-03 2.503120e+01 1.549350e-03 9.999896e-01 4.295130e-03 -1.990950e+00 -1.533121e-03 -4.292754e-03 9.999896e-01 2.456321e+01
9.999833e-01 1.337489e-03 -5.617495e-03 2.522735e+01 -1.356728e-03 9.999932e-01 -3.422301e-03 -1.985442e+00 5.612880e-03 3.429864e-03 9.999784e-01 2.357239e+01
9.999924e-01 -1.971344e-03 3.375458e-03 2.525465e+01 1.957054e-03 9.999891e-01 4.231625e-03 -1.969873e+00 -3.383763e-03 -4.224986e-03 9.999853e-01 2.206701e+01
9.999811e-01 1.486100e-03 -5.957957e-03 2.526626e+01 -1.505716e-03 9.999935e-01 -3.289161e-03 -1.958058e+00 5.953030e-03 3.298069e-03 9.999768e-01 2.080371e+01
9.999932e-01 -2.091760e-03 3.044905e-03 2.532759e+01 2.079079e-03 9.999892e-01 4.162130e-03 -1.944800e+00 -3.053578e-03 -4.155771e-03 9.999867e-01 1.943341e+01
9.999853e-01 1.451481e-03 -5.221608e-03 2.532708e+01 -1.468764e-03 9.999935e-01 -3.307565e-03 -1.929397e+00 5.216772e-03 3.315185e-03 9.999809e-01 1.794611e+01
9.999981e-01 -1.930120e-03 1.804034e-04 2.564582e+01 1.929346e-03 9.999893e-01 4.196284e-03 -1.920949e+00 -1.885005e-04 -4.195927e-03 9.999912e-01 1.667501e+01
9.999948e-01 1.531521e-03 -2.853934e-03 2.574180e+01 -1.540890e-03 9.999934e-01 -3.283546e-03 -1.909472e+00 2.848886e-03 3.287926e-03 9.999905e-01 1.539971e+01
9.999975e-01 -2.103841e-03 6.989264e-04 2.578558e+01 2.100910e-03 9.999891e-01 4.167957e-03 -1.894651e+00 -7.076873e-04 -4.166478e-03 9.999911e-01 1.393448e+01
9.999906e-01 1.662819e-03 -3.996749e-03 2.584032e+01 -1.676530e-03 9.999927e-01 -3.429603e-03 -1.883257e+00 3.991017e-03 3.436271e-03 9.999861e-01 1.267926e+01
9.999979e-01 -2.051938e-03 2.246460e-04 2.585796e+01 2.050942e-03 9.999884e-01 4.348010e-03 -1.877316e+00 -2.335650e-04 -4.347540e-03 9.999905e-01 1.181511e+01
9.999954e-01 1.484865e-03 -2.650013e-03 2.578206e+01 -1.493890e-03 9.999931e-01 -3.406591e-03 -1.862521e+00 2.644936e-03 3.410534e-03 9.999907e-01 1.045862e+01
9.999959e-01 -2.320389e-03 1.662236e-03 2.565850e+01 2.313068e-03 9.999877e-01 4.392944e-03 -1.842763e+00 -1.672409e-03 -4.389080e-03 9.999890e-01 8.798806e+00
9.999987e-01 1.305763e-03 -9.384357e-04 2.553287e+01 -1.309091e-03 9.999928e-01 -3.554644e-03 -1.814367e+00 9.337871e-04 3.555868e-03 9.999932e-01 6.572466e+00
9.999964e-01 -2.256145e-03 1.440695e-03 2.566431e+01 2.249896e-03 9.999881e-01 4.324551e-03 -1.784558e+00 -1.450435e-03 -4.321293e-03 9.999896e-01 4.162588e+00
9.999963e-01 1.696639e-03 -2.135400e-03 2.581200e+01 -1.704298e-03 9.999921e-01 -3.590031e-03 -1.759992e+00 2.129291e-03 3.593656e-03 9.999913e-01 2.155588e+00
9.999960e-01 -2.098650e-03 -1.905656e-03 2.598558e+01 2.106889e-03 9.999884e-01 4.331793e-03 -1.746257e+00 1.896543e-03 -4.335790e-03 9.999888e-01 8.101476e-01
9.999985e-01 1.730256e-03 1.953016e-04 2.608051e+01 -1.729624e-03 9.999934e-01 -3.192338e-03 -1.731149e+00 -2.008242e-04 3.191994e-03 9.999949e-01 -5.985325e-01
9.999925e-01 -2.178521e-03 -3.196712e-03 2.605513e+01 2.191197e-03 9.999897e-01 3.967055e-03 -1.717375e+00 3.188037e-03 -3.974029e-03 9.999870e-01 -1.904083e+00
9.999946e-01 1.962684e-03 -2.644579e-03 2.627505e+01 -1.970815e-03 9.999933e-01 -3.075258e-03 -1.709125e+00 2.638526e-03 3.080453e-03 9.999918e-01 -2.891512e+00
9.999970e-01 -2.433728e-03 2.445037e-05 2.625144e+01 2.433612e-03 9.999892e-01 3.965145e-03 -1.697362e+00 -3.409992e-05 -3.965073e-03 9.999921e-01 -4.101732e+00
9.999985e-01 1.682250e-03 -3.121840e-04 2.577909e+01 -1.683237e-03 9.999935e-01 -3.186724e-03 -1.672716e+00 3.068208e-04 3.187244e-03 9.999949e-01 -5.670275e+00
9.999934e-01 -2.041418e-03 -3.010842e-03 2.549138e+01 2.053051e-03 9.999904e-01 3.865759e-03 -1.656836e+00 3.002922e-03 -3.871914e-03 9.999880e-01 -6.713347e+00
9.999982e-01 1.880908e-03 -2.958091e-04 2.521520e+01 -1.881938e-03 9.999920e-01 -3.519020e-03 -1.639113e+00 2.891875e-04 3.519570e-03 9.999938e-01 -7.044253e+00
9.999845e-01 -2.324332e-03 -5.050091e-03 2.524981e+01 2.345227e-03 9.999887e-01 4.135496e-03 -1.629431e+00 5.040422e-03 -4.147275e-03 9.999787e-01 -7.842499e+00
9.999978e-01 2.061075e-03 4.054218e-04 2.531940e+01 -2.059700e-03 9.999922e-01 -3.364616e-03 -1.618977e+00 -4.123537e-04 3.363773e-03 9.999943e-01 -8.893666e+00
9.999917e-01 -2.546046e-03 -3.170334e-03 2.537907e+01 2.559400e-03 9.999878e-01 4.215035e-03 -1.604665e+00 3.159564e-03 -4.223113e-03 9.999861e-01 -1.024906e+01
9.999976e-01 2.175721e-03 1.797593e-04 2.543751e+01 -2.175108e-03 9.999920e-01 -3.345496e-03 -1.589750e+00 -1.870370e-04 3.345097e-03 9.999944e-01 -1.159243e+01
9.999927e-01 -2.782351e-03 -2.617377e-03 2.545151e+01 2.793378e-03 9.999872e-01 4.218722e-03 -1.574924e+00 2.605606e-03 -4.226002e-03 9.999877e-01 -1.298074e+01
9.999956e-01 2.434619e-03 -1.715955e-03 2.554760e+01 -2.440571e-03 9.999910e-01 -3.474890e-03 -1.564721e+00 1.707480e-03 3.479062e-03 9.999925e-01 -1.410376e+01
9.999915e-01 -2.614784e-03 -3.192977e-03 2.572671e+01 2.628541e-03 9.999872e-01 4.311715e-03 -1.558034e+00 3.181662e-03 -4.320070e-03 9.999856e-01 -1.501396e+01
9.999956e-01 2.423422e-03 -1.731786e-03 2.583200e+01 -2.429321e-03 9.999912e-01 -3.412107e-03 -1.551259e+00 1.723501e-03 3.416299e-03 9.999927e-01 -1.589392e+01
9.999934e-01 -2.748961e-03 -2.386287e-03 2.579975e+01 2.759184e-03 9.999870e-01 4.291425e-03 -1.543288e+00 2.374460e-03 -4.297980e-03 9.999879e-01 -1.674769e+01
9.999960e-01 2.398508e-03 -1.480336e-03 2.575370e+01 -2.403598e-03 9.999912e-01 -3.446325e-03 -1.533993e+00 1.472056e-03 3.449868e-03 9.999930e-01 -1.778107e+01
9.999946e-01 -2.987426e-03 -1.381075e-03 2.575351e+01 2.993498e-03 9.999858e-01 4.415420e-03 -1.520194e+00 1.367865e-03 -4.419530e-03 9.999893e-01 -1.909064e+01
9.999885e-01 2.773146e-03 -3.904708e-03 2.588149e+01 -2.787000e-03 9.999898e-01 -3.547131e-03 -1.512279e+00 3.894831e-03 3.557972e-03 9.999861e-01 -2.004856e+01
9.999954e-01 -3.041671e-03 -1.501179e-04 2.596490e+01 3.042277e-03 9.999865e-01 4.215589e-03 -1.511164e+00 1.372937e-04 -4.216025e-03 9.999911e-01 -2.066849e+01
9.999441e-01 4.240584e-03 -9.680724e-03 2.650767e+01 -4.281208e-03 9.999821e-01 -4.179486e-03 -1.536932e+00 9.662827e-03 4.220697e-03 9.999444e-01 -2.046324e+01
9.999022e-01 -2.931884e-03 1.367145e-02 2.700888e+01 2.910887e-03 9.999946e-01 1.555478e-03 -1.613284e+00 -1.367594e-02 -1.515529e-03 9.999053e-01 -1.797727e+01
9.999325e-01 3.500532e-03 -1.107936e-02 2.731470e+01 -3.546225e-03 9.999853e-01 -4.107207e-03 -1.679978e+00 1.106482e-02 4.146219e-03 9.999302e-01 -1.577282e+01
9.999771e-01 -3.722485e-03 5.652891e-03 2.744496e+01 3.694599e-03 9.999810e-01 4.935600e-03 -1.680297e+00 -5.671156e-03 -4.914601e-03 9.999718e-01 -1.627987e+01
9.999626e-01 3.037737e-03 -8.095567e-03 2.739034e+01 -3.070320e-03 9.999872e-01 -4.015372e-03 -1.662669e+00 8.083266e-03 4.040077e-03 9.999592e-01 -1.782026e+01
9.999904e-01 -3.832539e-03 2.144874e-03 2.765323e+01 3.821607e-03 9.999798e-01 5.078268e-03 -1.654152e+00 -2.164293e-03 -5.070021e-03 9.999848e-01 -1.894756e+01
9.999524e-01 3.613350e-03 -9.068433e-03 2.787736e+01 -3.653859e-03 9.999834e-01 -4.454478e-03 -1.645865e+00 9.052187e-03 4.487400e-03 9.999490e-01 -1.998263e+01
9.999823e-01 -3.945609e-03 4.446502e-03 2.796213e+01 3.922728e-03 9.999791e-01 5.142978e-03 -1.634394e+00 -4.466701e-03 -5.125444e-03 9.999769e-01 -2.113012e+01
9.999285e-01 3.556814e-03 -1.141502e-02 2.834095e+01 -3.603437e-03 9.999852e-01 -4.066363e-03 -1.623447e+00 1.140039e-02 4.107205e-03 9.999266e-01 -2.231303e+01
9.999846e-01 -3.625424e-03 4.197855e-03 2.880295e+01 3.607141e-03 9.999840e-01 4.354655e-03 -1.625873e+00 -4.213575e-03 -4.339445e-03 9.999817e-01 -2.324250e+01
9.999697e-01 3.725893e-03 -6.839226e-03 2.903836e+01 -3.749845e-03 9.999869e-01 -3.492547e-03 -1.621904e+00 6.826123e-03 3.518087e-03 9.999705e-01 -2.437604e+01
9.999910e-01 -4.018152e-03 1.337230e-03 2.927326e+01 4.012522e-03 9.999832e-01 4.186790e-03 -1.612238e+00 -1.354030e-03 -4.181386e-03 9.999903e-01 -2.547612e+01
9.999835e-01 3.835721e-03 -4.283244e-03 2.953414e+01 -3.853380e-03 9.999841e-01 -4.122220e-03 -1.617297e+00 4.267364e-03 4.138657e-03 9.999823e-01 -2.647113e+01
9.999264e-01 -3.986330e-03 1.145484e-02 2.926754e+01 3.959676e-03 9.999894e-01 2.348611e-03 -1.639548e+00 -1.146408e-02 -2.303080e-03 9.999316e-01 -2.556311e+01
9.999837e-01 4.371013e-03 -3.678155e-03 2.886645e+01 -4.392771e-03 9.999728e-01 -5.928332e-03 -1.638080e+00 3.652142e-03 5.944392e-03 9.999757e-01 -2.328230e+01
9.999893e-01 -4.410863e-03 -1.385743e-03 2.892726e+01 4.418388e-03 9.999753e-01 5.474856e-03 -1.642138e+00 1.361560e-03 -5.480919e-03 9.999841e-01 -2.268798e+01
9.999744e-01 4.457191e-03 -5.595600e-03 2.907217e+01 -4.484200e-03 9.999783e-01 -4.823507e-03 -1.632070e+00 5.573979e-03 4.848475e-03 9.999727e-01 -2.356530e+01
9.999864e-01 -4.899901e-03 1.784178e-03 2.915280e+01 4.889860e-03 9.999724e-01 5.589542e-03 -1.617912e+00 -1.811517e-03 -5.580741e-03 9.999828e-01 -2.488996e+01
9.999380e-01 4.940492e-03 -9.976970e-03 2.937236e+01 -4.989104e-03 9.999758e-01 -4.853459e-03 -1.610155e+00 9.952750e-03 4.902933e-03 9.999385e-01 -2.570277e+01
9.999737e-01 -5.194832e-03 5.069630e-03 2.959153e+01 5.165903e-03 9.999704e-01 5.703013e-03 -1.599213e+00 -5.099106e-03 -5.676673e-03 9.999709e-01 -2.687653e+01
9.999346e-01 4.407564e-03 -1.055347e-02 2.998859e+01 -4.456882e-03 9.999792e-01 -4.654124e-03 -1.586075e+00 1.053274e-02 4.700854e-03 9.999335e-01 -2.843564e+01
9.999621e-01 -4.891072e-03 7.208934e-03 3.026010e+01 4.852268e-03 9.999737e-01 5.390497e-03 -1.569070e+00 -7.235110e-03 -5.355312e-03 9.999595e-01 -3.005346e+01
9.999361e-01 4.345371e-03 -1.043751e-02 3.028774e+01 -4.393169e-03 9.999799e-01 -4.560838e-03 -1.553731e+00 1.041748e-02 4.606399e-03 9.999351e-01 -3.146165e+01
9.999773e-01 -4.608144e-03 4.918811e-03 3.042601e+01 4.582607e-03 9.999760e-01 5.190400e-03 -1.546020e+00 -4.942611e-03 -5.167741e-03 9.999744e-01 -3.242318e+01
9.999061e-01 4.673163e-03 -1.288401e-02 3.085049e+01 -4.728818e-03 9.999796e-01 -4.292586e-03 -1.551115e+00 1.286369e-02 4.353109e-03 9.999078e-01 -3.304492e+01
9.999736e-01 -4.743726e-03 5.506526e-03 3.125957e+01 4.717022e-03 9.999771e-01 4.852489e-03 -1.550724e+00 -5.529419e-03 -4.826386e-03 9.999731e-01 -3.409590e+01
9.999599e-01 5.527962e-03 -7.040681e-03 3.152168e+01 -5.564164e-03 9.999713e-01 -5.132641e-03 -1.567595e+00 7.012106e-03 5.171610e-03 9.999620e-01 -3.396882e+01
9.998319e-01 -4.837622e-03 1.768736e-02 3.143156e+01 4.800854e-03 9.999862e-01 2.120674e-03 -1.604824e+00 -1.769738e-02 -2.035403e-03 9.998413e-01 -3.157913e+01
9.999759e-01 4.844200e-03 -4.973150e-03 3.084857e+01 -4.874599e-03 9.999694e-01 -6.118902e-03 -1.613688e+00 4.943356e-03 6.142996e-03 9.999689e-01 -2.873887e+01
9.999441e-01 -5.403340e-03 9.085887e-03 2.922777e+01 5.370198e-03 9.999789e-01 3.668105e-03 -1.541794e+00 -9.105515e-03 -3.619107e-03 9.999520e-01 -2.835015e+01
9.999468e-01 4.459806e-03 -9.295809e-03 2.823002e+01 -4.493811e-03 9.999833e-01 -3.640481e-03 -1.496174e+00 9.279418e-03 3.682061e-03 9.999502e-01 -2.940726e+01
9.999830e-01 -4.583661e-03 3.610037e-03 2.848251e+01 4.567923e-03 9.999801e-01 4.355880e-03 -1.494263e+00 -3.629931e-03 -4.339314e-03 9.999840e-01 -3.018570e+01
9.998599e-01 4.942181e-03 -1.599101e-02 2.924900e+01 -4.995083e-03 9.999822e-01 -3.269929e-03 -1.519727e+00 1.597457e-02 3.349347e-03 9.998668e-01 -3.034182e+01
9.999896e-01 -4.185810e-03 1.827653e-03 3.010990e+01 4.179381e-03 9.999851e-01 3.507505e-03 -1.532461e+00 -1.842308e-03 -3.499830e-03 9.999922e-01 -3.078597e+01
9.999884e-01 4.782933e-03 5.354541e-04 3.021715e+01 -4.780119e-03 9.999754e-01 -5.138354e-03 -1.566041e+00 -5.600176e-04 5.135735e-03 9.999867e-01 -2.917522e+01
9.999905e-01 -4.086432e-03 -1.518182e-03 3.057104e+01 4.091809e-03 9.999853e-01 3.555336e-03 -1.625717e+00 1.503631e-03 -3.561514e-03 9.999925e-01 -2.754596e+01
9.998976e-01 5.004361e-03 -1.340641e-02 3.143622e+01 -5.048510e-03 9.999819e-01 -3.261272e-03 -1.653276e+00 1.338985e-02 3.328619e-03 9.999048e-01 -2.758577e+01
9.999707e-01 -4.988483e-03 5.812965e-03 3.185687e+01 4.964065e-03 9.999788e-01 4.207508e-03 -1.649515e+00 -5.833830e-03 -4.178528e-03 9.999743e-01 -2.848474e+01
9.999258e-01 4.672032e-03 -1.124746e-02 3.203154e+01 -4.710433e-03 9.999832e-01 -3.390081e-03 -1.638985e+00 1.123143e-02 3.442809e-03 9.999310e-01 -2.960058e+01
9.999690e-01 -4.959736e-03 6.112495e-03 3.217411e+01 4.934245e-03 9.999791e-01 4.178440e-03 -1.630945e+00 -6.133091e-03 -4.148150e-03 9.999726e-01 -3.057905e+01
9.998819e-01 5.594727e-03 -1.431611e-02 3.269538e+01 -5.646702e-03 9.999776e-01 -3.592711e-03 -1.648900e+00 1.429569e-02 3.673125e-03 9.998911e-01 -3.071385e+01
9.999829e-01 -4.843746e-03 3.265594e-03 3.333403e+01 4.830878e-03 9.999806e-01 3.937157e-03 -1.669225e+00 -3.284601e-03 -3.921314e-03 9.999869e-01 -3.073693e+01
9.999598e-01 4.641548e-03 -7.674232e-03 3.342054e+01 -4.664764e-03 9.999846e-01 -3.010099e-03 -1.666189e+00 7.660142e-03 3.045776e-03 9.999660e-01 -3.136535e+01
9.999878e-01 -4.620537e-03 1.754883e-03 3.360315e+01 4.614160e-03 9.999828e-01 3.621340e-03 -1.665990e+00 -1.771585e-03 -3.613197e-03 9.999919e-01 -3.201495e+01
9.999473e-01 5.235872e-03 -8.827451e-03 3.397728e+01 -5.264225e-03 9.999811e-01 -3.191717e-03 -1.683701e+00 8.810572e-03 3.238018e-03 9.999559e-01 -3.188702e+01
9.999867e-01 -4.486615e-03 -2.557367e-03 3.461249e+01 4.495761e-03 9.999835e-01 3.581621e-03 -1.703431e+00 2.541256e-03 -3.593070e-03 9.999903e-01 -3.199457e+01
9.999686e-01 5.377335e-03 -5.827397e-03 3.504480e+01 -5.400033e-03 9.999779e-01 -3.886329e-03 -1.737664e+00 5.806369e-03 3.917674e-03 9.999755e-01 -3.132220e+01
9.999870e-01 -4.542285e-03 -2.302747e-03 3.586854e+01 4.548602e-03 9.999859e-01 2.745123e-03 -1.804977e+00 2.290245e-03 -2.755561e-03 9.999936e-01 -2.987460e+01
9.997052e-01 6.110862e-03 -2.349858e-02 3.782115e+01 -6.203032e-03 9.999733e-01 -3.851463e-03 -1.895481e+00 2.347442e-02 3.996089e-03 9.997165e-01 -2.891523e+01
9.999492e-01 -3.563732e-03 -9.425859e-03 3.995034e+01 3.585508e-03 9.999909e-01 2.294395e-03 -1.968052e+00 9.417597e-03 -2.328074e-03 9.999529e-01 -2.854756e+01
9.999808e-01 5.452764e-03 -2.927435e-03 4.102135e+01 -5.461356e-03 9.999808e-01 -2.934654e-03 -2.027252e+00 2.911377e-03 2.950585e-03 9.999914e-01 -2.778075e+01
9.999638e-01 -4.236783e-03 -7.377514e-03 4.182514e+01 4.251980e-03 9.999889e-01 2.045304e-03 -2.085866e+00 7.368767e-03 -2.076598e-03 9.999707e-01 -2.651981e+01
9.996695e-01 5.298228e-03 -2.515538e-02 4.414527e+01 -5.360118e-03 9.999828e-01 -2.393501e-03 -2.177231e+00 2.514227e-02 2.527545e-03 9.996807e-01 -2.619513e+01
9.998490e-01 -3.698600e-03 -1.697666e-02 4.703300e+01 3.710447e-03 9.999929e-01 6.663770e-04 -2.274505e+00 1.697407e-02 -7.292668e-04 9.998557e-01 -2.620641e+01
9.999637e-01 5.516862e-03 -6.500682e-03 4.841276e+01 -5.523995e-03 9.999842e-01 -1.079729e-03 -2.317140e+00 6.494622e-03 1.115599e-03 9.999783e-01 -2.639318e+01
9.999679e-01 -5.777633e-03 -5.543406e-03 4.927864e+01 5.792951e-03 9.999794e-01 2.751281e-03 -2.342849e+00 5.527397e-03 -2.783305e-03 9.999809e-01 -2.681168e+01
9.995668e-01 8.346685e-03 -2.822256e-02 5.121378e+01 -8.458479e-03 9.999568e-01 -3.844094e-03 -2.393923e+00 2.818926e-02 4.081148e-03 9.995943e-01 -2.707333e+01
9.998891e-01 -8.031077e-03 1.253861e-02 5.214951e+01 7.970839e-03 9.999565e-01 4.846820e-03 -2.420077e+00 -1.257699e-02 -4.746339e-03 9.999096e-01 -2.738430e+01
9.996635e-01 8.260306e-03 -2.459147e-02 5.291584e+01 -8.347636e-03 9.999592e-01 -3.450664e-03 -2.429704e+00 2.456196e-02 3.654782e-03 9.996916e-01 -2.803377e+01
9.997882e-01 -8.397558e-03 1.879113e-02 5.309925e+01 8.321643e-03 9.999569e-01 4.114527e-03 -2.423628e+00 -1.882487e-02 -3.957282e-03 9.998150e-01 -2.896325e+01
9.996617e-01 8.602630e-03 -2.454393e-02 5.335616e+01 -8.687929e-03 9.999566e-01 -3.370803e-03 -2.426449e+00 2.451387e-02 3.582898e-03 9.996931e-01 -2.940607e+01
9.998146e-01 -7.792669e-03 1.761024e-02 5.379285e+01 7.730416e-03 9.999636e-01 3.600380e-03 -2.449347e+00 -1.763766e-02 -3.463577e-03 9.998384e-01 -2.913884e+01
9.996667e-01 8.659175e-03 -2.432115e-02 5.419621e+01 -8.749308e-03 9.999552e-01 -3.601985e-03 -2.476679e+00 2.428887e-02 3.813577e-03 9.996977e-01 -2.862117e+01
9.998383e-01 -7.766675e-03 1.622102e-02 5.471977e+01 7.702795e-03 9.999623e-01 3.996889e-03 -2.499633e+00 -1.625146e-02 -3.871295e-03 9.998604e-01 -2.847637e+01
9.995985e-01 8.881162e-03 -2.690618e-02 5.544030e+01 -8.977941e-03 9.999536e-01 -3.478234e-03 -2.524454e+00 2.687404e-02 3.718399e-03 9.996319e-01 -2.853862e+01
