1.000000e+00 1.197624e-11 1.704639e-10 3.214096e-14 1.197625e-11 1.000000e+00 3.562503e-10 -1.998401e-15 1.704639e-10 3.562503e-10 1.000000e+00 -4.041212e-14 0.000000e+00 0.000000e+00 0.000000e+00 1.000000e+00
-7.413591e-01 1.258398e-01 6.592049e-01 -4.944249e+00 5.116864e-01 7.415608e-01 4.338946e-01 1.453924e-01 -4.342393e-01 6.589779e-01 -6.141534e-01 1.024661e+00
9.924005e-01 -5.910901e-02 1.079227e-01 -1.142490e+01 6.221383e-02 9.977337e-01 -2.562934e-02 3.595649e-01 -1.061632e-01 3.214885e-02 9.938289e-01 1.980177e+00
-5.570468e-01 5.866876e-02 8.284062e-01 -1.586534e+01 5.850631e-01 7.356669e-01 3.413143e-01 4.951516e-01 -5.894065e-01 6.747979e-01 -4.441258e-01 3.339162e+00
1.886385e-01 5.618133e-01 -8.054697e-01 -1.753172e+01 -6.711937e-04 8.202685e-01 5.719783e-01 5.147501e-01 9.820464e-01 -1.073565e-01 1.551113e-01 5.107162e+00
-7.392828e-01 4.602875e-01 4.915245e-01 -1.985078e+01 6.710823e-01 4.431446e-01 5.943664e-01 5.563840e-01 5.576307e-02 7.692583e-01 -6.365000e-01 7.007198e+00
-1.963006e-01 8.874621e-01 -4.169858e-01 -2.197873e+01 1.546726e-01 4.479610e-01 8.805721e-01 5.915394e-01 9.682678e-01 1.083606e-01 -2.252011e-01 8.978907e+00
-2.068184e-01 7.392850e-01 -6.408461e-01 -2.709963e+01 -4.817666e-01 4.931412e-01 7.243706e-01 7.265458e-01 8.515440e-01 4.585514e-01 2.541721e-01 1.069936e+01
-2.719095e-01 1.539194e-01 -9.499337e-01 -3.530623e+01 -5.102967e-01 8.138479e-01 2.779368e-01 9.780526e-01 8.158814e-01 5.603217e-01 -1.427484e-01 1.249171e+01
-2.870523e-01 1.223304e-01 -9.500717e-01 -4.267387e+01 1.065359e-01 9.897362e-01 9.524910e-02 1.206270e+00 9.519722e-01 -7.387532e-02 -2.971386e-01 1.422273e+01
-1.069117e-01 7.041662e-01 -7.019400e-01 -4.913699e+01 4.895112e-01 6.517737e-01 5.792839e-01 1.413339e+00 8.654182e-01 -2.816753e-01 -4.143795e-01 1.566329e+01
7.937970e-02 9.099354e-01 -4.070828e-01 -5.691862e+01 -1.513672e-01 4.146387e-01 8.973086e-01 1.672212e+00 9.852852e-01 -9.609102e-03 1.706483e-01 1.668661e+01
-4.881307e-01 6.134262e-01 -6.208355e-01 -6.446387e+01 -4.472053e-01 4.350666e-01 7.814886e-01 1.934145e+00 7.494904e-01 6.591095e-01 6.195807e-02 1.766359e+01
-1.607352e-01 1.586709e-01 -9.741600e-01 -7.242734e+01 -4.325510e-01 8.758380e-01 2.140266e-01 2.213243e+00 8.871662e-01 4.557755e-01 -7.214475e-02 1.843610e+01
-4.848459e-01 3.511128e-01 -8.010270e-01 -8.014994e+01 2.443463e-01 9.337884e-01 2.614079e-01 2.488332e+00 8.397734e-01 -6.898547e-02 -5.385366e-01 1.927529e+01
1.021719e-01 7.459648e-01 -6.581014e-01 -8.758463e+01 4.230562e-01 5.661713e-01 7.074416e-01 2.757945e+00 9.003246e-01 -3.506945e-01 -2.577382e-01 1.997925e+01
-1.907342e-01 9.692571e-01 -1.554384e-01 -9.463796e+01 5.297425e-02 1.682777e-01 9.843152e-01 3.003254e+00 9.802113e-01 1.795084e-01 -8.344199e-02 2.106002e+01
-3.299974e-01 7.499387e-01 -5.733181e-01 -1.003805e+02 -5.699495e-01 3.258586e-01 7.543035e-01 3.189844e+00 7.525020e-01 5.756806e-01 3.198947e-01 2.256942e+01
-6.718920e-01 1.252460e-01 -7.299826e-01 -1.044028e+02 -5.336989e-01 6.015115e-01 5.944320e-01 3.291657e+00 5.135431e-01 7.889850e-01 -3.373072e-01 2.454541e+01
-5.776586e-01 -4.533130e-01 6.788356e-01 -1.055202e+02 4.585002e-01 5.078472e-01 7.292934e-01 3.278759e+00 -6.753429e-01 7.325289e-01 -8.551820e-02 2.684207e+01
-8.433028e-01 5.177439e-01 1.441586e-01 -1.066286e+02 3.763100e-01 3.773288e-01 8.461760e-01 3.270082e+00 3.837073e-01 7.678309e-01 -5.130346e-01 2.899130e+01
-6.454460e-01 7.049417e-01 2.940352e-01 -1.086237e+02 6.124669e-01 2.476543e-01 7.507007e-01 3.299904e+00 4.563811e-01 6.646236e-01 -5.916010e-01 3.106055e+01
-6.939518e-02 9.308054e-01 -3.588671e-01 -1.117655e+02 -1.505199e-01 3.458463e-01 9.261393e-01 3.377644e+00 9.861684e-01 1.182863e-01 1.161047e-01 3.283925e+01
-7.790006e-01 6.224513e-01 -7.558067e-02 -1.159528e+02 2.080944e-02 1.461372e-01 9.890454e-01 3.500465e+00 6.266778e-01 7.688942e-01 -1.267938e-01 3.460821e+01
9.054551e-02 4.755557e-01 -8.750133e-01 -1.219086e+02 -6.474931e-01 6.956833e-01 3.110907e-01 3.693553e+00 7.566731e-01 5.383972e-01 3.709100e-01 3.596692e+01
-9.261011e-01 1.863969e-01 -3.280137e-01 -1.272278e+02 -1.529709e-02 8.501607e-01 5.263010e-01 3.868776e+00 3.769652e-01 4.924256e-01 -7.844834e-01 3.745941e+01
-1.325973e-01 4.126520e-01 -9.011861e-01 -1.307253e+02 1.434149e-01 9.076341e-01 3.945029e-01 3.949969e+00 9.807396e-01 -7.693349e-02 -1.795303e-01 3.952899e+01
-3.824419e-01 8.153770e-01 -4.346246e-01 -1.359144e+02 3.795896e-01 5.675042e-01 7.306509e-01 4.105852e+00 8.424072e-01 1.144525e-01 -5.265460e-01 4.129362e+01
-4.418639e-01 8.969785e-01 -1.363394e-02 -1.389474e+02 4.501586e-01 2.348492e-01 8.615121e-01 4.169551e+00 7.759597e-01 3.745337e-01 -5.075539e-01 4.361038e+01
-3.176111e-01 7.572701e-01 5.706708e-01 -1.413325e+02 8.103766e-01 -9.571852e-02 5.780379e-01 4.214409e+00 4.923546e-01 6.460495e-01 -5.832727e-01 4.577093e+01
1.526892e-02 9.778319e-01 2.088340e-01 -1.438517e+02 3.259270e-01 -2.023183e-01 9.234928e-01 4.264848e+00 9.452716e-01 5.396390e-02 -3.217910e-01 4.786678e+01
5.283314e-01 2.007331e-01 8.249679e-01 -1.447924e+02 8.385484e-01 -2.756317e-01 -4.699614e-01 4.247836e+00 1.330505e-01 9.400710e-01 -3.139493e-01 5.000898e+01
4.426157e-01 8.599594e-01 -2.540890e-01 -1.457839e+02 8.856409e-01 -3.748469e-01 2.740984e-01 4.237465e+00 1.404691e-01 -3.463519e-01 -9.275283e-01 5.208157e+01
3.021450e-01 9.316249e-01 -2.019491e-01 -1.466457e+02 -4.327979e-02 -1.982255e-01 -9.792004e-01 4.228046e+00 -9.522790e-01 3.046008e-01 -1.957232e-02 5.392268e+01
2.052303e-01 -1.438360e-01 -9.680866e-01 -1.480408e+02 8.686443e-01 -4.289649e-01 2.478836e-01 4.237144e+00 -4.509298e-01 -8.917961e-01 3.690573e-02 5.566247e+01
1.229194e-01 8.642952e-01 -4.877342e-01 -1.489418e+02 -5.406068e-01 -3.538280e-01 -7.632496e-01 4.230365e+00 -8.322470e-01 3.574906e-01 4.237516e-01 5.740915e+01
-7.952794e-01 -3.884836e-01 -4.654150e-01 -1.490490e+02 5.401012e-01 -1.053266e-01 -8.349832e-01 4.190776e+00 2.753567e-01 -9.154162e-01 2.935845e-01 5.908753e+01
8.153352e-02 2.579634e-01 9.627083e-01 -1.491988e+02 -9.857024e-01 -1.220357e-01 1.161811e-01 4.154819e+00 1.474552e-01 -9.584165e-01 2.443251e-01 6.072500e+01
1.486221e-01 -9.685370e-01 -1.996187e-01 -1.496211e+02 -6.373435e-01 6.052794e-02 -7.681990e-01 4.121924e+00 7.561116e-01 2.413970e-01 -6.082949e-01 6.260535e+01
-3.603553e-01 -5.507189e-01 7.528962e-01 -1.508983e+02 -9.053568e-01 4.008757e-01 -1.400994e-01 4.122721e+00 -2.246624e-01 -7.321252e-01 -6.430548e-01 6.439102e+01
-4.145436e-01 -9.099820e-01 -9.294999e-03 -1.513079e+02 -9.097404e-01 4.146477e-01 -2.096820e-02 4.102639e+00 2.293483e-02 -2.361970e-04 -9.997369e-01 6.577873e+01
-1.562939e-01 -7.290111e-01 -6.664195e-01 -1.556342e+02 8.969458e-01 1.777721e-01 -4.048275e-01 4.239764e+00 4.135945e-01 -6.610143e-01 6.260988e-01 6.628874e+01
2.859748e-01 9.579702e-01 -2.261915e-02 -1.578478e+02 7.847026e-01 -2.476678e-01 -5.682450e-01 4.313657e+00 -5.499638e-01 1.447544e-01 -8.225484e-01 6.669601e+01
8.158119e-01 1.904420e-01 5.460611e-01 -1.603633e+02 -5.282676e-01 -1.388396e-01 8.376496e-01 4.397167e+00 2.353386e-01 -9.718309e-01 -1.266267e-02 6.720113e+01
3.915964e-01 -3.317074e-01 -8.582671e-01 -1.599133e+02 -9.150457e-01 -4.240006e-02 -4.011154e-01 4.396674e+00 9.666240e-02 9.424290e-01 -3.201312e-01 6.737354e+01
2.197295e-01 -8.129354e-01 -5.393098e-01 -1.593109e+02 8.080947e-01 -1.580359e-01 5.674572e-01 4.400652e+00 -5.465363e-01 -5.605005e-01 6.222036e-01 6.734888e+01
-4.488226e-01 8.677257e-01 -2.135659e-01 -1.585874e+02 -8.098312e-01 -2.939145e-01 5.077280e-01 4.403247e+00 3.777985e-01 4.008321e-01 8.346268e-01 6.730008e+01
2.827943e-01 -9.062589e-01 3.142010e-01 -1.580133e+02 5.828180e-01 -9.781584e-02 -8.066940e-01 4.406239e+00 7.618074e-01 4.112505e-01 5.005222e-01 6.734184e+01
7.034925e-01 5.265549e-01 4.773240e-01 -1.578476e+02 -4.084628e-01 -2.500601e-01 8.778542e-01 4.388750e+00 5.815982e-01 -8.125330e-01 3.916269e-02 6.788972e+01
9.083244e-01 -3.962186e-01 1.340057e-01 -1.571172e+02 1.247599e-01 -4.914708e-02 -9.909690e-01 4.361214e+00 3.992264e-01 9.168399e-01 4.790703e-03 6.843076e+01
7.352606e-01 2.952843e-01 -6.100812e-01 -1.566256e+02 6.720378e-01 -2.006439e-01 7.128164e-01 4.354261e+00 8.807445e-02 -9.341034e-01 -3.459678e-01 6.864995e+01
2.582370e-01 7.971428e-01 -5.457811e-01 -1.562275e+02 -8.229942e-01 -1.143536e-01 -5.564204e-01 4.371554e+00 -5.059586e-01 5.928630e-01 6.265136e-01 6.831055e+01
-3.579826e-01 -7.293103e-01 -5.830566e-01 -1.557165e+02 8.343509e-01 3.047502e-02 -5.503906e-01 4.374076e+00 4.191742e-01 -6.835041e-01 5.975912e-01 6.826363e+01
-9.168621e-02 7.232179e-01 6.845068e-01 -1.549744e+02 -9.897993e-01 9.086093e-03 -1.421785e-01 4.361845e+00 -1.090455e-01 -6.905602e-01 7.150075e-01 6.844541e+01
-1.001738e-01 -9.805098e-01 -1.690141e-01 -1.542466e+02 2.084523e-02 1.677631e-01 -9.856069e-01 4.359291e+00 9.947516e-01 -1.022551e-01 3.633496e-03 6.840898e+01
6.066687e-01 -8.739235e-02 7.901365e-01 -1.535920e+02 -7.907060e-01 3.628896e-02 6.111196e-01 4.352355e+00 -8.208041e-02 -9.955128e-01 -4.708628e-02 6.848682e+01
5.507409e-01 -6.859068e-01 -4.756220e-01 -1.528504e+02 -4.996209e-01 1.855631e-01 -8.461355e-01 4.320166e+00 6.686280e-01 7.036322e-01 -2.404962e-01 6.912574e+01
8.705271e-01 -4.893029e-01 -5.258629e-02 -1.522573e+02 2.522798e-02 -6.234497e-02 9.977358e-01 4.288969e+00 -4.914735e-01 -8.698826e-01 -4.192886e-02 6.990129e+01
3.671337e-01 2.806894e-01 -8.868068e-01 -1.518784e+02 -9.253702e-01 1.350576e-02 -3.788240e-01 4.246979e+00 -9.435487e-02 9.597036e-01 2.647000e-01 7.099239e+01
2.334934e-01 -9.713260e-01 -4.479606e-02 -1.521900e+02 1.142816e-01 -1.833678e-02 9.932792e-01 4.237507e+00 -9.656193e-01 -2.370435e-01 1.067232e-01 7.165783e+01
6.782526e-01 -5.380962e-01 5.004257e-01 -1.546499e+02 5.166355e-01 -1.350896e-01 -8.454813e-01 4.323057e+00 5.225525e-01 8.319876e-01 1.863747e-01 7.162220e+01
-3.499065e-01 7.410821e-01 5.730294e-01 -1.576228e+02 -3.707294e-01 4.522131e-01 -8.112108e-01 4.423731e+00 -8.603053e-01 -4.962868e-01 1.165086e-01 7.191835e+01
4.352332e-01 -8.986621e-01 5.457579e-02 -1.614167e+02 2.511367e-02 7.271295e-02 9.970367e-01 4.574316e+00 -8.999674e-01 -4.325729e-01 5.421579e-02 7.146569e+01
1.630456e-01 -5.344945e-01 8.292959e-01 -1.652690e+02 8.557201e-01 -3.417623e-01 -3.885120e-01 4.708635e+00 4.910796e-01 7.729904e-01 4.016549e-01 7.168178e+01
1.368657e-01 9.509781e-01 2.773236e-01 -1.678888e+02 -6.684965e-01 2.952673e-01 -6.825904e-01 4.795944e+00 -7.310132e-01 -9.196664e-02 6.761375e-01 7.207936e+01
-5.390488e-02 -9.124757e-01 -4.055642e-01 -1.703017e+02 9.591228e-01 -1.603113e-01 2.332031e-01 4.897431e+00 -2.778087e-01 -3.764151e-01 8.838179e-01 7.193097e+01
-2.234945e-01 8.850108e-01 4.084191e-01 -1.704870e+02 -1.276098e-01 -4.419791e-01 8.879022e-01 4.890357e+00 9.663157e-01 1.463230e-01 2.117159e-01 7.285525e+01
-3.873142e-01 1.896761e-01 9.022254e-01 -1.722485e+02 6.185101e-01 -6.722506e-01 4.068469e-01 4.951226e+00 6.836907e-01 7.156131e-01 1.430556e-01 7.304567e+01
-1.253148e-01 9.864738e-01 -1.056680e-01 -1.749300e+02 -8.663457e-01 -5.690392e-02 4.961925e-01 5.064659e+00 4.834680e-01 1.537253e-01 8.617582e-01 7.283886e+01
4.897886e-01 -8.711982e-01 3.347911e-02 -1.752343e+02 2.664376e-01 1.130073e-01 -9.572044e-01 5.082297e+00 8.301314e-01 4.777480e-01 2.874697e-01 7.308721e+01
9.410863e-01 3.124763e-01 -1.292869e-01 -1.753574e+02 1.620290e-01 -8.108187e-02 9.834492e-01 5.078620e+00 2.968217e-01 -9.464588e-01 -1.269353e-01 7.355908e+01
4.108219e-01 3.622823e-01 -8.366462e-01 -1.755310e+02 -8.982603e-01 3.761576e-03 -4.394476e-01 5.083804e+00 -1.560570e-01 9.320608e-01 3.269692e-01 7.393628e+01
2.239319e-01 -9.527739e-01 -2.051255e-01 -1.765434e+02 6.203029e-01 -2.300431e-02 7.840250e-01 5.110211e+00 -7.517173e-01 -3.028081e-01 5.858570e-01 7.442613e+01
-7.486793e-01 6.097863e-01 2.600769e-01 -1.766129e+02 7.259476e-02 -3.145415e-01 9.464637e-01 5.116338e+00 6.589456e-01 7.274780e-01 1.912234e-01 7.499084e+01
8.617119e-01 -1.164069e-01 4.938644e-01 -1.767007e+02 4.865196e-01 -8.677452e-02 -8.693497e-01 5.116140e+00 1.440531e-01 9.894037e-01 -1.814039e-02 7.566502e+01
2.423682e-01 6.374975e-01 -7.313375e-01 -1.771425e+02 9.684162e-01 -1.134774e-01 2.220203e-01 5.133792e+00 5.854713e-02 -7.620498e-01 -6.448662e-01 7.591626e+01
7.646493e-01 6.250344e-01 1.569823e-01 -1.811988e+02 6.009682e-01 -7.795393e-01 1.765099e-01 5.308866e+00 2.326986e-01 -4.062681e-02 -9.717000e-01 7.518523e+01
6.671713e-01 3.796167e-01 6.409163e-01 -1.827172e+02 8.132515e-02 -8.923776e-01 4.439015e-01 5.347736e+00 7.404517e-01 -2.440357e-01 -6.262410e-01 7.586540e+01
3.003668e-01 7.009633e-02 9.512446e-01 -1.845429e+02 1.173492e-03 -9.973224e-01 7.312121e-02 5.404543e+00 9.538230e-01 -2.084691e-02 -2.996448e-01 7.649010e+01
9.754016e-01 8.798304e-02 -2.021154e-01 -1.851295e+02 3.906369e-02 -9.713722e-01 -2.343290e-01 5.427520e+00 -2.169463e-01 2.206695e-01 -9.509150e-01 7.670397e+01
1.501276e-01 2.686995e-01 -9.514527e-01 -1.846352e+02 2.616552e-01 -9.388432e-01 -2.238525e-01 5.426661e+00 -9.534140e-01 -2.153461e-01 -2.112529e-01 7.678811e+01
-9.285388e-01 3.081427e-01 -2.070356e-01 -1.847189e+02 -1.700648e-01 -8.488086e-01 -5.006016e-01 5.435049e+00 -3.299903e-01 -4.296185e-01 8.405560e-01 7.696968e+01
-4.666435e-02 -4.321314e-01 9.006025e-01 -1.847615e+02 -5.329009e-01 -7.518011e-01 -3.883448e-01 5.453638e+00 8.448900e-01 -4.980538e-01 -1.952009e-01 7.705837e+01
8.394125e-01 -5.156363e-01 -1.717729e-01 -1.846982e+02 -4.619551e-01 -8.434105e-01 2.743287e-01 5.467129e+00 -2.863289e-01 -1.509236e-01 -9.461701e-01 7.708004e+01
-5.314448e-01 -2.285223e-01 -8.156862e-01 -1.848991e+02 -2.624224e-02 -9.580205e-01 2.854963e-01 5.489585e+00 -8.466863e-01 1.731310e-01 5.031381e-01 7.722235e+01
-7.645977e-01 -1.329860e-02 -6.443707e-01 -1.873570e+02 -4.092006e-01 -7.624101e-01 5.012841e-01 5.596493e+00 -4.979411e-01 6.469575e-01 5.774952e-01 7.676670e+01
3.236896e-01 -6.720458e-01 -6.660176e-01 -1.927766e+02 -8.904116e-01 2.169567e-02 -4.546389e-01 5.811226e+00 3.199879e-01 7.401917e-01 -5.913747e-01 7.634140e+01
-9.363802e-01 -2.303912e-01 2.647866e-01 -1.989580e+02 -3.460054e-01 7.325793e-01 -5.861808e-01 6.074806e+00 -5.892627e-02 -6.405057e-01 -7.656894e-01 7.544583e+01
-5.008587e-01 4.076106e-02 -8.645687e-01 -2.039661e+02 8.633736e-01 -4.692273e-02 -5.023786e-01 6.272591e+00 -6.104541e-02 -9.980665e-01 -1.169037e-02 7.557703e+01
-1.286115e-01 9.569775e-01 -2.601023e-01 -2.078052e+02 -4.718359e-01 -2.897410e-01 -8.327191e-01 6.421995e+00 -8.722557e-01 1.562837e-02 4.888003e-01 7.601422e+01
1.161355e-01 -8.888300e-01 -4.432762e-01 -2.122486e+02 -7.114010e-02 -4.525937e-01 8.888746e-01 6.568111e+00 -9.906824e-01 -7.169516e-02 -1.157936e-01 7.696264e+01
5.797302e-01 -7.745626e-01 2.529145e-01 -2.160345e+02 2.945685e-02 -2.902714e-01 -9.564909e-01 6.677561e+00 8.142759e-01 5.619567e-01 -1.454629e-01 7.861491e+01
7.501191e-01 1.258840e-01 -6.492107e-01 -2.174037e+02 6.371570e-01 -4.004343e-01 6.585464e-01 6.708950e+00 -1.770657e-01 -9.076374e-01 -3.805813e-01 7.985153e+01
9.833654e-01 3.376619e-02 1.784721e-01 -2.210808e+02 1.318176e-01 -8.086680e-01 -5.733064e-01 6.839436e+00 1.249663e-01 5.872955e-01 -7.996671e-01 8.043993e+01
5.830020e-01 -1.309541e-01 -8.018477e-01 -2.240266e+02 4.721126e-01 -7.486002e-01 4.655184e-01 6.951461e+00 -6.612249e-01 -6.499606e-01 -3.746103e-01 8.106772e+01
-7.410405e-01 5.361439e-01 -4.042385e-01 -2.251137e+02 -6.112188e-01 -7.878481e-01 7.554436e-02 6.985355e+00 -2.779759e-01 3.030596e-01 9.115286e-01 8.180572e+01
9.664276e-02 -8.015273e-01 5.900967e-01 -2.254363e+02 -2.366509e-02 -5.945547e-01 -8.037069e-01 7.026869e+00 9.950378e-01 6.370776e-02 -7.642763e-02 8.167024e+01
7.585116e-01 1.192002e-01 -6.406648e-01 -2.259261e+02 4.781851e-01 -7.697186e-01 4.229331e-01 7.070357e+00 -4.427179e-01 -6.271560e-01 -6.408402e-01 8.176214e+01
-5.142013e-01 5.114490e-01 -6.884889e-01 -2.277170e+02 -5.961521e-01 -7.902496e-01 -1.418035e-01 7.142687e+00 -6.166033e-01 3.375286e-01 7.112488e-01 8.208674e+01
-6.457956e-01 -6.338803e-01 4.256099e-01 -2.293564e+02 4.579583e-01 -7.676186e-01 -4.483703e-01 7.214387e+00 6.109192e-01 -9.464399e-02 7.860155e-01 8.221279e+01
7.128974e-01 3.152591e-01 6.264096e-01 -2.301056e+02 2.127471e-02 -9.025640e-01 4.300298e-01 7.233405e+00 7.009456e-01 -2.932404e-01 -6.501426e-01 8.288950e+01
9.598925e-01 -5.254658e-02 2.754001e-01 -2.313351e+02 1.998536e-02 -9.669572e-01 -2.541542e-01 7.291256e+00 2.796551e-01 2.494647e-01 -9.271248e-01 8.253639e+01
8.144670e-02 -4.022116e-02 9.958658e-01 -2.341623e+02 -8.419781e-01 -5.374470e-01 4.715455e-02 7.414346e+00 5.333285e-01 -8.423378e-01 -7.763862e-02 8.181449e+01
5.032343e-01 -7.614747e-01 -4.085481e-01 -2.345656e+02 -8.099537e-01 -5.804246e-01 8.415686e-02 7.429892e+00 -3.012147e-01 2.885544e-01 -9.088488e-01 8.221223e+01
-2.913533e-01 -6.724001e-01 -6.804346e-01 -2.344077e+02 2.738410e-01 -7.401509e-01 6.141561e-01 7.440544e+00 -9.165830e-01 -7.394449e-03 3.997761e-01 8.223515e+01
-9.523002e-01 2.824529e-01 -1.155190e-01 -2.339862e+02 -3.043897e-01 -8.522717e-01 4.254173e-01 7.436852e+00 2.170674e-02 4.402878e-01 8.975942e-01 8.238121e+01
-5.461703e-01 -4.246172e-01 7.220791e-01 -2.333831e+02 5.417446e-01 -8.365195e-01 -8.214573e-02 7.447134e+00 6.389137e-01 3.463169e-01 6.869162e-01 8.210027e+01
3.712001e-01 3.864667e-01 8.443068e-01 -2.329428e+02 1.812681e-01 -9.219373e-01 3.423061e-01 7.450297e+00 9.106879e-01 2.598186e-02 -4.122773e-01 8.208684e+01
9.783189e-01 2.002531e-01 5.282851e-02 -2.327726e+02 1.959194e-01 -8.121753e-01 -5.495333e-01 7.439922e+00 -6.713975e-02 5.479690e-01 -8.337999e-01 8.245155e+01
8.300927e-01 3.306709e-01 -4.490020e-01 -2.325015e+02 4.607680e-01 -8.602533e-01 2.183052e-01 7.405911e+00 -3.140683e-01 -3.880993e-01 -8.664525e-01 8.332602e+01
5.474426e-02 6.597658e-01 -7.494746e-01 -2.325366e+02 -1.899509e-01 -7.300116e-01 -6.565072e-01 7.397030e+00 -9.802661e-01 1.783034e-01 8.535917e-02 8.382957e+01
-7.397203e-01 -1.037091e-01 -6.648747e-01 -2.324576e+02 5.649690e-01 -6.324547e-01 -5.299161e-01 7.391502e+00 -3.655460e-01 -7.676233e-01 5.264320e-01 8.414141e+01
-7.934584e-01 5.797877e-01 -1.851218e-01 -2.318289e+02 -2.143626e-01 -5.508955e-01 -8.065747e-01 7.376947e+00 -5.696249e-01 -6.003003e-01 5.613974e-01 8.436594e+01
-9.344872e-01 -1.925242e-01 -2.994464e-01 -2.310927e+02 3.556595e-01 -4.682884e-01 -8.088339e-01 7.371438e+00 1.549278e-02 -8.623458e-01 5.060826e-01 8.437512e+01
-8.255712e-01 2.683756e-01 4.963937e-01 -2.304823e+02 -5.642702e-01 -4.013436e-01 -7.214725e-01 7.363782e+00 5.598869e-03 -8.757271e-01 4.827740e-01 8.446272e+01
-7.934535e-01 -5.991758e-01 1.068642e-01 -2.298550e+02 9.311493e-02 -2.930195e-01 -9.515614e-01 7.349835e+00 6.014659e-01 -7.450691e-01 2.882895e-01 8.465229e+01
-7.684572e-01 6.856776e-02 6.362169e-01 -2.291158e+02 -6.282249e-01 -2.699064e-01 -7.297150e-01 7.347987e+00 1.216841e-01 -9.604421e-01 2.504875e-01 8.448567e+01
-7.886257e-01 -6.134558e-01 4.173131e-02 -2.284170e+02 1.517806e-01 -2.599916e-01 -9.536074e-01 7.349388e+00 5.958458e-01 -7.457052e-01 2.981467e-01 8.424426e+01
-9.089603e-01 1.753758e-01 3.781990e-01 -2.276107e+02 -4.119062e-01 -2.380628e-01 -8.795791e-01 7.344081e+00 -6.422178e-02 -9.552850e-01 2.886280e-01 8.408903e+01
-9.030475e-01 -4.019682e-01 -1.514158e-01 -2.269631e+02 2.434257e-01 -1.884815e-01 -9.514298e-01 7.333770e+00 3.539054e-01 -8.960448e-01 2.680571e-01 8.411875e+01
-8.715610e-01 2.385738e-01 4.283270e-01 -2.265650e+02 -4.682217e-01 -1.458785e-01 -8.714860e-01 7.331323e+00 -1.454300e-01 -9.601052e-01 2.388474e-01 8.409478e+01
-7.669789e-01 -3.957738e-01 -5.050806e-01 -2.259199e+02 6.150209e-01 -2.289170e-01 -7.545504e-01 7.333215e+00 1.830097e-01 -8.893594e-01 4.189837e-01 8.383000e+01
-6.458308e-01 6.938818e-01 -3.184817e-01 -2.252037e+02 2.041491e-01 -2.450073e-01 -9.477840e-01 7.323669e+00 -7.356805e-01 -6.771259e-01 1.657795e-02 8.377481e+01
-1.636003e-02 1.894827e-01 -9.817477e-01 -2.243157e+02 9.290728e-01 -3.600064e-01 -8.496547e-02 7.322394e+00 -3.695350e-01 -9.135052e-01 -1.701536e-01 8.346812e+01
9.688285e-02 9.587959e-01 -2.670660e-01 -2.239482e+02 4.428183e-01 -2.818315e-01 -8.511657e-01 7.289683e+00 -8.913617e-01 -3.579833e-02 -4.518769e-01 8.405515e+01
3.655914e-01 5.164686e-01 -7.743404e-01 -2.235512e+02 9.221227e-01 -3.141470e-01 2.258349e-01 7.260997e+00 -1.266201e-01 -7.966002e-01 -5.910969e-01 8.455830e+01
4.598525e-01 8.870114e-01 4.179035e-02 -2.226464e+02 7.907997e-01 -3.876575e-01 -4.736640e-01 7.262028e+00 -4.039450e-01 2.508634e-01 -8.797136e-01 8.422784e+01
6.584456e-01 7.447293e-01 -1.087549e-01 -2.217170e+02 6.046439e-01 -4.373822e-01 6.656595e-01 7.253784e+00 4.481687e-01 -5.040585e-01 -7.382884e-01 8.408193e+01
3.827645e-01 5.535329e-01 7.396571e-01 -2.208878e+02 8.685544e-01 -4.884332e-01 -8.394146e-02 7.238124e+00 3.148088e-01 6.745623e-01 -6.677284e-01 8.415221e+01
2.361645e-01 8.194500e-01 5.222337e-01 -2.201634e+02 2.480918e-01 -5.704725e-01 7.829506e-01 7.205341e+00 9.395088e-01 -5.534323e-02 -3.380242e-01 8.469747e+01
3.772516e-02 1.708582e-01 9.845732e-01 -2.191914e+02 8.160142e-01 -5.739779e-01 6.833880e-02 7.186530e+00 5.767995e-01 8.008476e-01 -1.610761e-01 8.487675e+01
-1.282698e-02 8.002577e-01 5.995190e-01 -2.184358e+02 6.166851e-02 -5.977939e-01 7.992743e-01 7.184054e+00 9.980143e-01 4.722372e-02 -4.168281e-02 8.469675e+01
-1.158267e-02 8.568068e-02 9.962553e-01 -2.174470e+02 7.826740e-01 -6.193000e-01 6.236103e-02 7.202157e+00 6.223241e-01 7.804654e-01 -5.988688e-02 8.407444e+01
-2.564995e-01 7.718021e-01 5.818329e-01 -2.162393e+02 -2.999816e-01 -6.358140e-01 7.111621e-01 7.188608e+00 9.188139e-01 7.873564e-03 3.946124e-01 8.409900e+01
-8.088363e-01 -2.997578e-01 5.058944e-01 -2.151417e+02 5.494985e-01 -6.916089e-01 4.687521e-01 7.158045e+00 2.093690e-01 6.571319e-01 7.241148e-01 8.443222e+01
-7.459732e-01 6.134825e-01 -2.591586e-01 -2.145080e+02 -6.631783e-01 -6.486555e-01 3.734174e-01 7.146404e+00 6.098037e-02 4.504278e-01 8.907279e-01 8.442630e+01
-6.857077e-01 -5.867547e-01 -4.307248e-01 -2.140172e+02 1.767974e-01 -7.082962e-01 6.834173e-01 7.120628e+00 -7.060790e-01 3.924735e-01 5.894209e-01 8.488676e+01
-1.243681e-02 2.220034e-01 -9.749666e-01 -2.134353e+02 -7.708257e-01 -6.232049e-01 -1.320732e-01 7.098920e+00 -6.369246e-01 7.498868e-01 1.788766e-01 8.520301e+01
1.950854e-01 -7.704576e-01 -6.069076e-01 -2.126366e+02 -1.049530e-01 -6.316430e-01 7.681224e-01 7.089384e+00 -9.751546e-01 -8.615266e-02 -2.040861e-01 8.514199e+01
7.203397e-01 -2.270131e-01 -6.554203e-01 -2.119870e+02 -6.429772e-01 -5.729820e-01 -5.082046e-01 7.095837e+00 -2.601749e-01 7.875002e-01 -5.587060e-01 8.470835e+01
5.842229e-01 -7.439750e-01 3.243220e-01 -2.116756e+02 -7.801280e-01 -4.045934e-01 4.771839e-01 7.115183e+00 -2.237944e-01 -5.317945e-01 -8.167685e-01 8.405036e+01
4.881567e-01 -8.625844e-01 1.328577e-01 -2.111468e+02 -4.415774e-01 -3.754134e-01 -8.149074e-01 7.130839e+00 7.528030e-01 3.391355e-01 -5.641584e-01 8.350876e+01
3.606097e-01 -4.850534e-01 7.966705e-01 -2.099622e+02 -9.076380e-01 -3.792262e-01 1.799466e-01 7.122970e+00 2.148346e-01 -7.879788e-01 -5.770056e-01 8.346270e+01
3.462812e-01 -9.291935e-01 1.291851e-01 -2.090909e+02 -4.615876e-01 -2.886401e-01 -8.388228e-01 7.103156e+00 8.167167e-01 2.308384e-01 -5.288549e-01 8.384393e+01
-8.633737e-01 -9.744413e-02 4.950661e-01 -2.098115e+02 -4.968468e-01 -6.770810e-03 -8.678119e-01 7.139055e+00 8.791517e-02 -9.952180e-01 -4.256907e-02 8.344309e+01
-9.164157e-01 -2.114277e-01 -3.398243e-01 -2.096014e+02 3.896867e-01 -2.777783e-01 -8.780567e-01 7.188114e+00 9.124967e-02 -9.370899e-01 3.369510e-01 8.251977e+01
-8.951472e-01 4.361184e-01 9.226182e-02 -2.088548e+02 -2.232345e-01 -2.594193e-01 -9.396106e-01 7.192370e+00 -3.858470e-01 -8.616858e-01 3.295751e-01 8.223078e+01
-9.450699e-01 -2.001126e-01 -2.584526e-01 -2.077079e+02 3.030889e-01 -2.404246e-01 -9.221351e-01 7.201135e+00 1.223925e-01 -9.498163e-01 2.878699e-01 8.183876e+01
-9.468723e-01 3.045958e-01 1.032194e-01 -2.061796e+02 -1.573622e-01 -1.588877e-01 -9.746752e-01 7.193562e+00 -2.804817e-01 -9.391358e-01 1.983782e-01 8.188973e+01
-6.855900e-01 -3.374350e-01 6.450612e-01 -2.060527e+02 -6.874593e-01 8.563403e-03 -7.261724e-01 7.177699e+00 2.395120e-01 -9.413099e-01 -2.378438e-01 8.252928e+01
-5.182035e-02 -7.960701e-01 6.029818e-01 -2.059544e+02 -9.956626e-01 -5.533485e-03 -9.287282e-02 7.189732e+00 7.726986e-02 -6.051792e-01 -7.923304e-01 8.238989e+01
-3.511488e-02 -9.943486e-01 1.001887e-01 -2.050964e+02 -9.988168e-01 3.154311e-02 -3.701503e-02 7.228947e+00 3.364558e-02 -1.013700e-01 -9.942797e-01 8.140048e+01
-7.556977e-03 -9.992644e-01 3.759687e-02 -2.040151e+02 -7.039737e-01 3.201860e-02 7.095039e-01 7.274469e+00 -7.101858e-01 -2.110551e-02 -7.036978e-01 8.026995e+01
-4.389118e-01 -7.025156e-01 -5.602038e-01 -2.031791e+02 -8.191277e-01 5.658685e-02 5.708132e-01 7.312751e+00 -3.693050e-01 7.094151e-01 -6.002866e-01 7.930352e+01
-3.789491e-01 -7.750267e-01 -5.056987e-01 -2.023993e+02 -8.461134e-01 6.883962e-02 5.285388e-01 7.298448e+00 -3.748196e-01 6.281678e-01 -6.818472e-01 7.951678e+01
-4.816150e-01 -8.717695e-01 8.980479e-02 -2.019254e+02 3.099179e-01 -7.356758e-02 9.479128e-01 7.327253e+00 -8.197548e-01 4.843611e-01 3.056082e-01 7.911288e+01
-9.591145e-01 2.797992e-01 4.256486e-02 -2.019410e+02 -1.183316e-02 -1.899097e-01 9.817303e-01 7.345003e+00 2.827708e-01 9.410881e-01 1.854560e-01 7.887946e+01
-7.130235e-01 -9.980164e-02 6.940008e-01 -2.015327e+02 6.917280e-01 -2.617710e-01 6.730441e-01 7.340689e+00 1.144984e-01 9.599560e-01 2.556844e-01 7.891589e+01
-4.988233e-01 6.228465e-01 6.026919e-01 -2.009297e+02 5.346210e-01 -3.262044e-01 7.795967e-01 7.349990e+00 6.821698e-01 7.110928e-01 -1.702684e-01 7.859208e+01
-2.134207e-01 4.142349e-01 8.847944e-01 -2.002911e+02 8.589769e-01 -3.518846e-01 3.719354e-01 7.336189e+00 4.654142e-01 8.393966e-01 -2.807187e-01 7.878476e+01
-3.965773e-02 7.772501e-01 6.279407e-01 -1.998809e+02 7.212394e-01 -4.126698e-01 5.563429e-01 7.319806e+00 6.915497e-01 4.749589e-01 -5.442178e-01 7.912606e+01
-1.280206e-01 6.886158e-01 7.137360e-01 -1.993170e+02 6.856205e-01 -4.585460e-01 5.653849e-01 7.308036e+00 7.166137e-01 5.617329e-01 -4.134258e-01 7.924886e+01
-8.682205e-02 6.409747e-01 7.626358e-01 -1.989515e+02 7.111595e-01 -4.962161e-01 4.980179e-01 7.298325e+00 6.976490e-01 5.855946e-01 -4.127527e-01 7.940215e+01
-2.470733e-01 7.044270e-01 6.653852e-01 -1.982408e+02 4.115603e-01 -5.453736e-01 7.301957e-01 7.289673e+00 8.772531e-01 4.542579e-01 -1.551669e-01 7.946835e+01
2.677004e-01 2.391248e-01 9.333573e-01 -1.978816e+02 8.573742e-01 -5.010957e-01 -1.175273e-01 7.262529e+00 4.395976e-01 8.316985e-01 -3.391630e-01 8.015528e+01
4.365605e-01 8.103753e-01 3.907773e-01 -1.978308e+02 6.692453e-01 -5.827997e-01 4.609287e-01 7.235230e+00 6.012701e-01 6.030263e-02 -7.967671e-01 8.094814e+01
6.326232e-01 6.338418e-01 4.450084e-01 -1.971899e+02 7.729475e-01 -4.808568e-01 -4.139189e-01 7.213217e+00 -4.837379e-02 6.058229e-01 -7.941276e-01 8.138465e+01
4.461191e-01 8.595871e-01 -2.491742e-01 -1.963878e+02 8.935642e-01 -4.434241e-01 7.012926e-02 7.201496e+00 -5.020763e-02 -2.539391e-01 -9.659162e-01 8.151646e+01
4.716847e-01 8.791132e-01 -6.836310e-02 -1.963546e+02 8.119380e-01 -4.632614e-01 -3.551697e-01 7.197530e+00 -3.439043e-01 1.120215e-01 -9.322988e-01 8.167932e+01
6.865701e-01 7.216625e-01 -8.845760e-02 -1.962601e+02 6.421496e-01 -5.448228e-01 5.392699e-01 7.194546e+00 3.409771e-01 -4.270496e-01 -8.374743e-01 8.172517e+01
3.972076e-01 6.082087e-01 6.872469e-01 -1.958030e+02 7.277573e-01 -6.649718e-01 1.678741e-01 7.199027e+00 5.591023e-01 4.334682e-01 -7.067602e-01 8.137905e+01
1.471095e-01 7.576779e-01 6.358325e-01 -1.955091e+02 1.519158e-01 -6.525066e-01 7.423993e-01 7.217338e+00 9.773845e-01 -1.262096e-02 -2.110931e-01 8.077676e+01
-4.089537e-01 2.444945e-01 8.791924e-01 -1.950719e+02 5.393166e-01 -7.124283e-01 4.489806e-01 7.223765e+00 7.361348e-01 6.577753e-01 1.594902e-01 8.039997e+01
-6.867938e-01 6.283174e-01 3.654196e-01 -1.945830e+02 -2.467970e-01 -6.744577e-01 6.958434e-01 7.221116e+00 6.836706e-01 3.877165e-01 6.182802e-01 8.020067e+01
-9.866230e-01 -1.396673e-01 8.407163e-02 -1.940034e+02 1.583105e-01 -6.978397e-01 6.985395e-01 7.210402e+00 -3.889464e-02 7.025046e-01 7.106156e-01 8.016205e+01
-8.395358e-01 2.378822e-01 -4.884585e-01 -1.933125e+02 -5.114797e-01 -6.492365e-01 5.629214e-01 7.209572e+00 -1.832161e-01 7.224293e-01 6.667292e-01 7.993699e+01
-7.672415e-01 -4.667947e-01 -4.398219e-01 -1.926352e+02 -1.674822e-02 -6.709501e-01 7.413133e-01 7.199660e+00 -6.411396e-01 5.761326e-01 5.069627e-01 7.995592e+01
-3.592078e-01 4.886322e-02 -9.319776e-01 -1.921421e+02 -7.372197e-01 -6.271968e-01 2.512595e-01 7.183135e+00 -5.722560e-01 7.773266e-01 2.613169e-01 8.017667e+01
-3.145810e-02 -7.364314e-01 -6.757805e-01 -1.916394e+02 -4.979139e-01 -5.747027e-01 6.494602e-01 7.174825e+00 -8.666557e-01 3.569113e-01 -3.486004e-01 8.015971e+01
3.261777e-01 -5.031117e-01 -8.003041e-01 -1.911186e+02 -8.548494e-01 -5.183870e-01 -2.252430e-02 7.162318e+00 -4.035350e-01 6.914865e-01 -5.991711e-01 8.022939e+01
3.751520e-01 -8.742403e-01 -3.081637e-01 -1.906923e+02 -6.964612e-01 -4.852201e-01 5.286807e-01 7.155648e+00 -6.117212e-01 1.628843e-02 -7.909057e-01 8.019224e+01
4.833262e-01 -7.509935e-01 -4.498940e-01 -1.903374e+02 -8.753881e-01 -4.202082e-01 -2.389994e-01 7.160187e+00 -9.562151e-03 5.093466e-01 -8.605084e-01 7.992100e+01
3.206156e-01 -9.104632e-01 2.612707e-01 -1.898182e+02 -9.471579e-01 -3.052848e-01 9.845362e-02 7.167564e+00 -9.876430e-03 -2.790304e-01 -9.602315e-01 7.953247e+01
1.571259e-01 -9.684411e-01 1.934769e-01 -1.890709e+02 -6.428809e-01 -2.490185e-01 -7.243576e-01 7.170931e+00 7.496770e-01 -1.056730e-02 -6.617195e-01 7.917918e+01
-3.724432e-01 -5.827675e-01 7.222659e-01 -1.882067e+02 -8.150511e-01 -1.667881e-01 -5.548634e-01 7.173969e+00 4.438218e-01 -7.953387e-01 -4.128662e-01 7.880944e+01
-6.410534e-01 -7.538094e-01 1.442980e-01 -1.873166e+02 -2.849289e-02 -1.645074e-01 -9.859642e-01 7.168372e+00 7.669672e-01 -6.361672e-01 8.397984e-02 7.861197e+01
-9.830400e-01 5.893948e-02 1.736620e-01 -1.865949e+02 -1.802766e-01 -1.367881e-01 -9.740582e-01 7.153189e+00 -3.365558e-02 -9.888454e-01 1.450936e-01 7.865196e+01
-5.640283e-01 -9.094080e-02 -8.207325e-01 -1.859685e+02 7.980668e-01 -3.152562e-01 -5.135201e-01 7.157704e+00 -2.120411e-01 -9.446392e-01 2.503903e-01 7.824824e+01
4.494756e-02 7.820039e-01 -6.216507e-01 -1.853248e+02 6.399368e-01 -5.003798e-01 -5.831817e-01 7.172840e+00 -7.671118e-01 -3.716046e-01 -5.229240e-01 7.760990e+01
6.815304e-01 4.983046e-01 -5.359187e-01 -1.846577e+02 7.098381e-01 -6.281872e-01 3.186073e-01 7.185710e+00 -1.778938e-01 -5.975561e-01 -7.818443e-01 7.703818e+01
7.544901e-01 6.426142e-01 1.333855e-01 -1.838311e+02 6.514406e-01 -7.085467e-01 -2.712689e-01 7.192667e+00 -7.981140e-02 2.915625e-01 -9.532164e-01 7.660847e+01
7.865519e-01 5.870398e-01 1.916257e-01 -1.831494e+02 3.989141e-01 -7.198976e-01 5.679921e-01 7.207004e+00 4.713848e-01 -3.703131e-01 -8.004152e-01 7.604685e+01
4.056034e-01 3.735283e-01 8.342436e-01 -1.825673e+02 5.779776e-01 -8.118714e-01 8.250257e-02 7.214112e+00 7.081156e-01 4.487108e-01 -5.451889e-01 7.565415e+01
-2.713725e-03 6.132491e-01 7.898849e-01 -1.820120e+02 -8.087582e-02 -7.874349e-01 6.110691e-01 7.219764e+00 9.967205e-01 -6.222432e-02 5.173390e-02 7.529962e+01
-1.973301e-01 -1.603189e-01 9.671394e-01 -1.816991e+02 6.088354e-01 -7.932632e-01 -7.272524e-03 7.193092e+00 7.683620e-01 5.873937e-01 2.541426e-01 7.577428e+01
-5.913646e-01 5.930239e-01 5.464528e-01 -1.812486e+02 -5.282653e-01 -7.968817e-01 2.931132e-01 7.156560e+00 6.092813e-01 -1.153353e-01 7.845215e-01 7.647568e+01
-9.115955e-01 -4.095504e-01 3.552575e-02 -1.804699e+02 3.981260e-01 -8.580182e-01 3.245003e-01 7.149557e+00 -1.024175e-01 3.099567e-01 9.452182e-01 7.635155e+01
-5.387209e-01 4.748913e-01 -6.958865e-01 -1.798697e+02 -6.091220e-01 -7.901826e-01 -6.768927e-02 7.135499e+00 -5.820225e-01 3.874142e-01 7.149546e-01 7.641947e+01
-1.406138e-01 -5.325167e-01 -8.346579e-01 -1.794515e+02 1.327740e-01 -8.455612e-01 5.171048e-01 7.098517e+00 -9.811212e-01 -3.810883e-02 1.896019e-01 7.708427e+01
2.606836e-01 2.650272e-01 -9.283344e-01 -1.791167e+02 -4.878834e-01 -7.935946e-01 -3.635622e-01 7.052108e+00 -8.330750e-01 5.476936e-01 -7.757470e-02 7.804373e+01
7.038509e-01 -5.023930e-01 -5.021905e-01 -1.786402e+02 -2.015898e-01 -8.191686e-01 5.369584e-01 7.021977e+00 -6.811428e-01 -2.767022e-01 -6.778498e-01 7.851354e+01
9.156669e-01 -3.303792e-01 -2.289186e-01 -1.779336e+02 -4.001049e-01 -8.035457e-01 -4.407158e-01 7.036054e+00 -3.834325e-02 4.951403e-01 -8.679665e-01 7.792313e+01
7.920369e-01 -4.765409e-01 3.815576e-01 -1.773523e+02 -6.002105e-01 -7.220005e-01 3.441841e-01 7.050209e+00 1.114670e-01 -5.016214e-01 -8.578759e-01 7.736386e+01
3.530057e-01 -6.440382e-01 6.786765e-01 -1.765417e+02 -8.761233e-02 -7.449421e-01 -6.613511e-01 7.059362e+00 9.315101e-01 1.740003e-01 -3.193945e-01 7.682213e+01
-3.178062e-01 2.647384e-02 9.477860e-01 -1.756801e+02 -7.244419e-01 -6.516810e-01 -2.247127e-01 7.077641e+00 6.117052e-01 -7.580310e-01 2.262870e-01 7.609841e+01
-5.456656e-01 -6.463271e-01 5.333951e-01 -1.749516e+02 1.943731e-01 -7.167654e-01 -6.696764e-01 7.097969e+00 8.151491e-01 -2.617417e-01 5.167428e-01 7.541361e+01
-7.033732e-01 2.839085e-01 6.516610e-01 -1.744126e+02 -6.195920e-01 -6.942032e-01 -3.663165e-01 7.116027e+00 3.483848e-01 -6.614212e-01 6.641913e-01 7.481824e+01
-8.257247e-01 -5.567807e-01 9.041028e-02 -1.736994e+02 4.472797e-01 -7.439480e-01 -4.964698e-01 7.121472e+00 3.436853e-01 -3.695087e-01 8.633329e-01 7.443476e+01
-8.324385e-01 5.375423e-01 -1.345152e-01 -1.728531e+02 -3.714728e-01 -7.214904e-01 -5.843454e-01 7.125870e+00 -4.111618e-01 -4.364629e-01 8.002787e-01 7.403205e+01
-5.849401e-01 -3.319636e-01 -7.400306e-01 -1.719956e+02 6.023856e-01 -7.887786e-01 -1.223107e-01 7.130249e+00 -5.431176e-01 -5.173282e-01 6.613583e-01 7.363877e+01
9.447004e-02 5.636348e-01 -8.206042e-01 -1.714213e+02 -7.437764e-02 -8.179909e-01 -5.704024e-01 7.145275e+00 -9.927454e-01 1.149205e-01 -3.535380e-02 7.311585e+01
8.660367e-01 -4.553256e-01 -2.065404e-01 -1.714872e+02 -2.807276e-01 -7.846652e-01 5.527138e-01 7.170909e+00 -4.137298e-01 -4.206888e-01 -8.073714e-01 7.265134e+01
1.326759e-01 -4.985630e-01 8.566400e-01 -1.715992e+02 1.628337e-01 -8.415735e-01 -5.150139e-01 7.167444e+00 9.776923e-01 2.078198e-01 -3.047370e-02 7.283846e+01
-7.257664e-01 6.281543e-01 -2.805089e-01 -1.724088e+02 -2.577267e-01 -6.263234e-01 -7.357282e-01 7.178905e+00 -6.378401e-01 -4.616722e-01 6.164567e-01 7.313429e+01
7.355982e-01 -5.879448e-01 -3.364761e-01 -1.738577e+02 -3.489498e-01 -7.546063e-01 5.557007e-01 7.213561e+00 -5.806283e-01 -2.913592e-01 -7.602503e-01 7.338102e+01
2.216817e-01 -6.557635e-01 7.216865e-01 -1.749076e+02 -4.187310e-02 -7.458200e-01 -6.648302e-01 7.248246e+00 9.742196e-01 1.171614e-01 -1.927935e-01 7.331110e+01
-3.607293e-01 6.488637e-02 9.304107e-01 -1.745470e+02 -7.128089e-01 -6.625181e-01 -2.301593e-01 7.260952e+00 6.014797e-01 -7.462302e-01 2.852413e-01 7.281079e+01
-7.691053e-01 -5.689845e-01 2.910905e-01 -1.740074e+02 3.894354e-01 -7.783466e-01 -4.924598e-01 7.279629e+00 5.067713e-01 -2.653925e-01 8.202132e-01 7.213063e+01
-8.510006e-01 5.248722e-01 1.752390e-02 -1.735916e+02 -4.748883e-01 -7.548547e-01 -4.524108e-01 7.303476e+00 -2.242298e-01 -3.933237e-01 8.916375e-01 7.139758e+01
-7.053697e-01 -4.220253e-01 -5.695158e-01 -1.732561e+02 5.560849e-01 -8.276993e-01 -7.538920e-02 7.310958e+00 -4.395717e-01 -3.698764e-01 8.185159e-01 7.103722e+01
3.515195e-02 5.397205e-01 -8.411101e-01 -1.732378e+02 -1.858900e-01 -8.234117e-01 -5.361326e-01 7.321985e+00 -9.819416e-01 1.752001e-01 7.138412e-02 7.075452e+01
4.848569e-01 -3.005292e-01 -8.213379e-01 -1.727871e+02 2.618184e-01 -8.461653e-01 4.641717e-01 7.332090e+00 -8.344848e-01 -4.400982e-01 -3.315850e-01 7.037374e+01
6.210178e-01 2.114812e-01 -7.547268e-01 -1.722741e+02 -2.673057e-01 -8.480393e-01 -4.575774e-01 7.341306e+00 -7.368070e-01 4.859065e-01 -4.701174e-01 6.997195e+01
6.860141e-01 -2.453340e-01 -6.849787e-01 -1.706192e+02 1.703079e-01 -8.611390e-01 4.789935e-01 7.349639e+00 -7.073753e-01 -4.452536e-01 -5.489712e-01 6.943949e+01
8.364065e-01 1.252789e-01 -5.336004e-01 -1.694049e+02 -1.767328e-01 -8.598900e-01 -4.789098e-01 7.358287e+00 -5.188350e-01 4.948680e-01 -6.970767e-01 6.896561e+01
9.211877e-01 -2.363812e-01 -3.090908e-01 -1.686324e+02 -3.734986e-02 -8.443822e-01 5.344378e-01 7.366801e+00 -3.873218e-01 -4.807730e-01 -7.866633e-01 6.854796e+01
9.762468e-01 -8.390967e-02 -1.997533e-01 -1.677134e+02 -1.762649e-01 -8.437070e-01 -5.070396e-01 7.375096e+00 -1.259877e-01 5.302052e-01 -8.384566e-01 6.810562e+01
9.075510e-01 -2.644439e-01 3.262218e-01 -1.671219e+02 -3.994913e-01 -7.831341e-01 4.765581e-01 7.383807e+00 1.294525e-01 -5.628236e-01 -8.163772e-01 6.767361e+01
8.088039e-01 -4.595961e-01 3.668893e-01 -1.660643e+02 -1.814719e-01 -7.884864e-01 -5.876709e-01 7.402198e+00 5.593785e-01 4.087304e-01 -7.211346e-01 6.701131e+01
6.435509e-01 -2.083577e-01 7.364980e-01 -1.647602e+02 -5.973889e-01 -7.382917e-01 3.131324e-01 7.418638e+00 4.785067e-01 -6.414924e-01 -5.995989e-01 6.636847e+01
2.835362e-01 -6.131841e-01 7.373008e-01 -1.636051e+02 2.184892e-02 -7.645231e-01 -6.442260e-01 7.431942e+00 9.587126e-01 1.987706e-01 -2.033726e-01 6.575425e+01
4.109336e-01 1.731580e-02 9.115008e-01 -1.625899e+02 -6.074855e-01 -7.403063e-01 2.879374e-01 7.448053e+00 6.797756e-01 -6.720467e-01 -2.936976e-01 6.525965e+01
1.144790e-01 -6.057609e-01 7.873679e-01 -1.616302e+02 1.759314e-01 -7.676885e-01 -6.162000e-01 7.451634e+00 9.777232e-01 2.090647e-01 1.868811e-02 6.490534e+01
-3.398368e-01 2.352301e-01 9.105920e-01 -1.605207e+02 -7.127503e-01 -6.961035e-01 -8.617940e-02 7.459111e+00 6.135943e-01 -6.783116e-01 4.042219e-01 6.443767e+01
-7.951939e-01 -5.808186e-01 1.741160e-01 -1.579126e+02 5.286583e-01 -8.047343e-01 -2.700428e-01 7.487107e+00 2.969630e-01 -1.226885e-01 9.469744e-01 6.329735e+01
-5.156962e-01 6.023546e-01 -6.092835e-01 -1.540159e+02 -3.134500e-01 -7.944813e-01 -5.201429e-01 7.534686e+00 -7.973748e-01 -7.725584e-02 5.985190e-01 6.151868e+01
2.548919e-01 -4.480015e-01 -8.569275e-01 -1.510366e+02 2.560319e-01 -8.233019e-01 5.065783e-01 7.586096e+00 -9.324579e-01 -3.485235e-01 -9.515032e-02 5.983183e+01
7.477040e-01 4.805200e-02 -6.622912e-01 -1.486464e+02 -3.425380e-01 -8.265249e-01 -4.466815e-01 7.645742e+00 -5.688641e-01 5.608454e-01 -6.015364e-01 5.807685e+01
5.794723e-01 -6.116095e-01 5.386517e-01 -1.466250e+02 -7.982302e-01 -5.592751e-01 2.236961e-01 7.701678e+00 1.644399e-01 -5.595937e-01 -8.122896e-01 5.636888e+01
-7.045270e-01 -6.113149e-01 3.604660e-01 -1.450877e+02 3.886024e-01 -7.573253e-01 -5.248300e-01 7.763390e+00 5.938264e-01 -2.296790e-01 7.711146e-01 5.483612e+01
-4.154478e-01 6.400819e-01 -6.462959e-01 -1.426640e+02 -7.617836e-02 -7.325013e-01 -6.764900e-01 7.793280e+00 -9.064215e-01 -2.318125e-01 3.530764e-01 5.364937e+01
2.599109e-01 -1.609303e-01 -9.521280e-01 -1.410963e+02 5.244696e-01 -8.043757e-01 2.791261e-01 7.804162e+00 -8.107885e-01 -5.719101e-01 -1.246630e-01 5.298753e+01
6.893808e-01 4.358610e-01 -5.786011e-01 -1.402208e+02 7.000040e-02 -8.350768e-01 -5.456617e-01 7.810249e+00 -7.210090e-01 3.356664e-01 -6.061964e-01 5.254680e+01
9.994469e-01 -1.437910e-02 -2.998689e-02 -1.386004e+02 3.190720e-03 -8.560740e-01 5.168435e-01 7.799780e+00 -3.310274e-02 -5.166533e-01 -8.555546e-01 5.235247e+01
7.568541e-01 -5.818160e-02 6.509891e-01 -1.367402e+02 3.104678e-01 -8.444749e-01 -4.364309e-01 7.774806e+00 5.751362e-01 5.324256e-01 -6.210808e-01 5.236871e+01
2.849443e-01 2.633656e-01 9.216536e-01 -1.353737e+02 -4.032775e-01 -8.393389e-01 3.645237e-01 7.758935e+00 8.695827e-01 -4.755511e-01 -1.329554e-01 5.229607e+01
3.675903e-02 -4.004077e-01 9.155995e-01 -1.338829e+02 3.389466e-01 -8.569124e-01 -3.883507e-01 7.767387e+00 9.400872e-01 3.246147e-01 1.042176e-01 5.176481e+01
