1.000000e+00 1.197625e-11 1.704638e-10 5.551115e-17 1.197625e-11 1.000000e+00 3.562503e-10 0.000000e+00 1.704638e-10 3.562503e-10 1.000000e+00 2.220446e-16 0.000000e+00 0.000000e+00 0.000000e+00 1.000000e+00
8.762993e-01 -1.144187e-01 4.679827e-01 6.202076e-02 1.166325e-01 9.928764e-01 2.435698e-02 -1.618524e-02 -4.674359e-01 3.323800e-02 8.834019e-01 3.213606e-01
6.962437e-01 2.140823e-01 -6.851375e-01 2.446086e-01 -1.310199e-01 9.763566e-01 1.719346e-01 -3.192521e-02 7.057467e-01 -2.994172e-02 7.078312e-01 6.009156e-01
8.244402e-01 -1.612023e-01 5.425054e-01 5.272035e-01 1.830375e-01 9.830072e-01 1.393458e-02 -4.611139e-02 -5.355330e-01 8.781060e-02 8.399367e-01 7.966141e-01
6.390703e-01 2.865839e-01 -7.137639e-01 6.928350e-01 -1.547533e-01 9.569244e-01 2.456566e-01 -6.556741e-02 7.534192e-01 -4.653452e-02 6.558918e-01 1.182118e+00
8.883096e-01 -1.766028e-01 4.239311e-01 7.617179e-01 2.114302e-01 9.767245e-01 -3.614529e-02 -8.162170e-02 -4.076805e-01 1.217400e-01 9.049729e-01 1.538998e+00
5.551695e-01 3.465922e-01 -7.560825e-01 1.080113e+00 -1.349362e-01 9.345293e-01 3.293133e-01 -9.557038e-02 8.207186e-01 -8.080177e-02 5.655900e-01 1.781200e+00
9.876637e-01 -1.043187e-01 1.167821e-01 1.380754e+00 1.209500e-01 9.818908e-01 -1.458133e-01 -1.015407e-01 -9.945623e-02 1.581393e-01 9.823952e-01 1.883516e+00
5.334226e-01 3.023223e-01 -7.899757e-01 1.686166e+00 7.934756e-03 9.321146e-01 3.620765e-01 -1.092927e-01 8.458117e-01 -1.994080e-01 4.948122e-01 2.038422e+00
9.855489e-01 3.358920e-02 1.660274e-01 2.072817e+00 -2.397862e-03 9.828108e-01 -1.845998e-01 -1.160845e-01 -1.693741e-01 1.815341e-01 9.686887e-01 2.134363e+00
9.488574e-01 7.086428e-02 -3.076489e-01 2.684775e+00 1.459312e-02 9.635959e-01 2.669645e-01 -1.304150e-01 3.153674e-01 -2.578008e-01 9.132810e-01 2.241598e+00
9.927415e-01 4.711921e-02 1.106526e-01 3.114937e+00 -2.885487e-02 9.864992e-01 -1.612038e-01 -1.470806e-01 -1.167545e-01 1.568409e-01 9.806984e-01 2.444159e+00
7.946145e-01 8.971728e-02 -6.004487e-01 3.182521e+00 7.626332e-02 9.664361e-01 2.453265e-01 -1.613930e-01 6.023053e-01 -2.407322e-01 7.611020e-01 2.766747e+00
8.096984e-01 2.944207e-02 5.861072e-01 3.367585e+00 7.714712e-02 9.847328e-01 -1.560439e-01 -1.825245e-01 -5.817532e-01 1.715650e-01 7.950652e-01 3.154273e+00
5.081620e-01 1.837954e-01 -8.414218e-01 3.460956e+00 6.288018e-02 9.664397e-01 2.490790e-01 -1.943092e-01 8.589630e-01 -1.794812e-01 4.795508e-01 3.381484e+00
8.136806e-01 2.108486e-02 5.809298e-01 3.675044e+00 5.547177e-02 9.919653e-01 -1.137001e-01 -2.094327e-01 -5.786595e-01 1.247407e-01 8.059733e-01 3.652104e+00
4.519457e-01 1.916446e-01 -8.712161e-01 3.926116e+00 3.220441e-02 9.725079e-01 2.306322e-01 -2.227446e-01 8.914639e-01 -1.322903e-01 4.333490e-01 3.880835e+00
8.338311e-01 5.260204e-03 5.519946e-01 4.114220e+00 5.572424e-02 9.940446e-01 -9.364852e-02 -2.310545e-01 -5.491999e-01 1.088465e-01 8.285722e-01 3.999459e+00
6.111993e-01 1.689134e-01 -7.732423e-01 4.381492e+00 1.699771e-03 9.766791e-01 2.146974e-01 -2.467457e-01 7.914749e-01 -1.325372e-01 5.966585e-01 4.246849e+00
9.138310e-01 -1.090057e-02 4.059483e-01 4.682863e+00 3.707234e-02 9.977048e-01 -5.666312e-02 -2.608632e-01 -4.043989e-01 6.682997e-02 9.121378e-01 4.480586e+00
8.554355e-01 1.461110e-01 -4.968719e-01 5.243662e+00 -5.181258e-02 9.787104e-01 1.985986e-01 -2.878521e-01 5.153112e-01 -1.441441e-01 8.447940e-01 4.896005e+00
8.536543e-01 -9.344338e-02 5.123891e-01 5.651723e+00 1.202341e-01 9.925579e-01 -1.930257e-02 -3.162162e-01 -5.067722e-01 7.808439e-02 8.585364e-01 5.373704e+00
8.912424e-01 1.546683e-01 -4.263388e-01 5.939535e+00 -1.010001e-01 9.841317e-01 1.458896e-01 -3.370818e-01 4.421380e-01 -8.696275e-02 8.927214e-01 5.701557e+00
7.527448e-01 -1.558238e-01 6.396047e-01 6.301041e+00 1.913353e-01 9.814260e-01 1.391929e-02 -3.579002e-01 -6.298937e-01 1.119013e-01 7.685779e-01 5.982142e+00
9.402171e-01 1.434985e-01 -3.088688e-01 6.532410e+00 -1.251845e-01 9.890289e-01 7.842670e-02 -3.759258e-01 3.167343e-01 -3.507253e-02 9.478656e-01 6.239711e+00
8.711051e-01 -1.518622e-01 4.670265e-01 7.023558e+00 1.396145e-01 9.883276e-01 6.096156e-02 -3.964434e-01 -4.708329e-01 1.209975e-02 8.821394e-01 6.467609e+00
7.612785e-01 1.881749e-01 -6.205201e-01 7.373322e+00 -1.610326e-01 9.818507e-01 1.001886e-01 -4.014817e-01 6.281111e-01 2.365250e-02 7.777641e-01 6.421431e+00
6.621555e-01 -1.968901e-01 7.230383e-01 7.799879e+00 2.030108e-01 9.759165e-01 7.983478e-02 -4.117364e-01 -7.213437e-01 9.392159e-02 6.861793e-01 6.449670e+00
8.720339e-01 1.343716e-01 -4.706390e-01 8.039302e+00 -1.376025e-01 9.900995e-01 2.772250e-02 -4.177785e-01 4.697046e-01 4.058613e-02 8.818902e-01 6.452881e+00
7.338675e-01 -2.028320e-01 6.483037e-01 7.735931e+00 2.542188e-01 9.670338e-01 1.478086e-02 -4.066019e-01 -6.299296e-01 1.539638e-01 7.612384e-01 6.359374e+00
8.350586e-01 1.636302e-01 -5.252640e-01 7.503646e+00 -1.328167e-01 9.864655e-01 9.615322e-02 -4.015661e-01 5.338884e-01 -1.052974e-02 8.454894e-01 6.331219e+00
6.912709e-01 -1.792721e-01 7.000044e-01 7.249281e+00 2.641841e-01 9.643719e-01 -1.391109e-02 -3.941571e-01 -6.725707e-01 1.945464e-01 7.140031e-01 6.264202e+00
7.959294e-01 1.987569e-01 -5.718322e-01 7.166607e+00 -1.358348e-01 9.791176e-01 1.512533e-01 -3.894944e-01 5.899536e-01 -4.271225e-02 8.063066e-01 6.167396e+00
8.187157e-01 -1.468732e-01 5.550972e-01 7.458529e+00 1.811052e-01 9.834395e-01 -6.904609e-03 -3.926640e-01 -5.448904e-01 1.061839e-01 8.317569e-01 6.076479e+00
8.951389e-01 1.520335e-01 -4.190611e-01 7.637189e+00 -1.257303e-01 9.879855e-01 8.986958e-02 -3.937781e-01 4.276895e-01 -2.775709e-02 9.034994e-01 5.978687e+00
8.620618e-01 -1.629292e-01 4.798995e-01 7.639933e+00 2.013915e-01 9.790705e-01 -2.936598e-02 -3.887688e-01 -4.650709e-01 1.219630e-01 8.768318e-01 5.846139e+00
6.808553e-01 2.001273e-01 -7.045461e-01 7.373047e+00 -1.069803e-01 9.788021e-01 1.746471e-01 -3.779810e-01 7.245629e-01 -4.353690e-02 6.878323e-01 5.728650e+00
9.539808e-01 -1.028130e-01 2.816914e-01 7.086841e+00 1.367027e-01 9.852035e-01 -1.033757e-01 -3.652168e-01 -2.668950e-01 1.371264e-01 9.539200e-01 5.602148e+00
4.567068e-01 2.692349e-01 -8.478983e-01 7.083932e+00 -2.160121e-02 9.561797e-01 2.919826e-01 -3.593167e-01 8.893550e-01 -1.150348e-01 4.425095e-01 5.521680e+00
9.805765e-01 7.232159e-03 1.960035e-01 7.310219e+00 1.679113e-02 9.925559e-01 -1.206270e-01 -3.566424e-01 -1.954168e-01 1.215751e-01 9.731556e-01 5.430343e+00
4.255079e-01 1.530116e-01 -8.919252e-01 7.451100e+00 5.829781e-02 9.789199e-01 1.957477e-01 -3.392772e-01 9.030750e-01 -1.352895e-01 4.076179e-01 5.051205e+00
9.951969e-01 7.219481e-02 6.611341e-02 7.750422e+00 -6.617506e-02 9.938209e-01 -8.911189e-02 -3.058486e-01 -7.213830e-02 8.430882e-02 9.938250e-01 4.317703e+00
3.655350e-01 9.519096e-02 -9.259173e-01 7.749496e+00 5.770355e-02 9.905260e-01 1.246135e-01 -2.879954e-01 9.290073e-01 -9.897931e-02 3.565791e-01 4.026866e+00
9.836927e-01 8.963912e-02 1.559281e-01 7.740580e+00 -9.760896e-02 9.942422e-01 4.421413e-02 -2.813962e-01 -1.510670e-01 -5.871309e-02 9.867784e-01 3.961455e+00
6.313839e-01 -9.773426e-04 -7.754698e-01 7.499236e+00 -1.819188e-02 9.997053e-01 -1.607169e-02 -2.691702e-01 7.752570e-01 2.425466e-02 6.311801e-01 3.828227e+00
9.916182e-01 7.900539e-03 1.289612e-01 7.313334e+00 -1.916792e-02 9.960792e-01 8.636465e-02 -2.491150e-01 -1.277733e-01 -8.811267e-02 9.878816e-01 3.518524e+00
4.903106e-01 1.317724e-01 -8.615286e-01 7.268150e+00 -1.204053e-01 9.892670e-01 8.278553e-02 -2.376137e-01 8.631906e-01 6.314202e-02 5.009142e-01 3.330589e+00
8.215192e-01 -1.298758e-01 5.551922e-01 7.284940e+00 1.152131e-01 9.914385e-01 6.144556e-02 -2.291736e-01 -5.584193e-01 1.348670e-02 8.294492e-01 3.119632e+00
8.240882e-01 6.275956e-02 -5.629741e-01 7.228415e+00 -7.554675e-02 9.971421e-01 5.737414e-04 -2.193583e-01 5.614012e-01 4.205805e-02 8.264744e-01 2.881384e+00
9.949332e-01 -2.267766e-02 -9.794669e-02 7.078766e+00 3.035636e-02 9.965198e-01 7.763216e-02 -2.035941e-01 9.584531e-02 -8.021212e-02 9.921591e-01 2.604741e+00
9.778876e-01 1.665046e-02 -2.084673e-01 6.855985e+00 -3.170017e-02 9.971087e-01 -6.906063e-02 -1.887701e-01 2.067147e-01 7.414198e-02 9.755880e-01 2.367406e+00
9.804431e-01 -5.480690e-02 1.890175e-01 7.099387e+00 3.814116e-02 9.951467e-01 9.070943e-02 -1.867766e-01 -1.930717e-01 -8.172608e-02 9.777751e-01 2.194170e+00
9.807353e-01 4.984756e-02 -1.888741e-01 7.517896e+00 -5.978094e-02 9.970920e-01 -4.726258e-02 -1.922399e-01 1.859690e-01 5.764315e-02 9.808633e-01 2.125310e+00
9.112322e-01 -1.437950e-01 3.859779e-01 7.309537e+00 1.442396e-01 9.891472e-01 2.797731e-02 -1.850199e-01 -3.858119e-01 3.017947e-02 9.220837e-01 2.049044e+00
6.398277e-01 2.353006e-01 -7.316106e-01 7.482584e+00 -1.604514e-01 9.718962e-01 1.722590e-01 -1.877892e-01 7.515822e-01 7.171874e-03 6.596004e-01 2.051216e+00
8.882512e-01 -1.644397e-01 4.289166e-01 8.059409e+00 1.714814e-01 9.849308e-01 2.248269e-02 -1.931711e-01 -4.261502e-01 5.358093e-02 9.030643e-01 2.020553e+00
4.592382e-01 3.355055e-01 -8.225183e-01 8.579904e+00 -1.592938e-01 9.420270e-01 2.953143e-01 -2.057286e-01 8.739141e-01 -4.597591e-03 4.860587e-01 2.212571e+00
8.710300e-01 -1.841151e-01 4.554210e-01 8.892987e+00 2.263252e-01 9.732545e-01 -3.940350e-02 -2.176110e-01 -4.359858e-01 1.373949e-01 8.894038e-01 2.455226e+00
1.621865e-01 3.710524e-01 -9.143389e-01 9.093022e+00 -4.408811e-02 9.284066e-01 3.689409e-01 -2.105669e-01 9.857747e-01 -1.952575e-02 1.669340e-01 2.322535e+00
8.192508e-01 -7.765409e-02 5.681531e-01 9.492937e+00 1.922229e-01 9.706531e-01 -1.445096e-01 -2.067669e-01 -5.402578e-01 2.276016e-01 8.101352e-01 2.166723e+00
4.881889e-01 2.704219e-01 -8.297852e-01 9.778931e+00 -1.161297e-02 9.527126e-01 3.036509e-01 -1.995637e-01 8.726607e-01 -1.386027e-01 4.682442e-01 1.919920e+00
8.679319e-01 -8.331701e-03 4.966134e-01 9.891384e+00 1.187289e-01 9.743525e-01 -1.911559e-01 -1.889201e-01 -4.822838e-01 2.248727e-01 8.466608e-01 1.640690e+00
6.188059e-02 3.116847e-01 -9.481685e-01 1.012242e+01 1.381985e-01 9.381626e-01 3.174148e-01 -1.948420e-01 9.884695e-01 -1.506773e-01 1.497969e-02 1.848313e+00
7.745969e-01 4.955429e-02 6.305109e-01 1.044357e+01 3.759508e-02 9.915552e-01 -1.241166e-01 -2.105199e-01 -6.313369e-01 1.198444e-01 7.661926e-01 2.232924e+00
3.119223e-01 1.521128e-01 -9.378519e-01 1.077035e+01 5.744859e-02 9.822750e-01 1.784248e-01 -2.111898e-01 9.483692e-01 -1.095330e-01 2.976548e-01 2.167735e+00
7.441264e-01 2.639001e-02 6.675174e-01 1.108803e+01 3.055223e-02 9.968295e-01 -7.346785e-02 -2.117717e-01 -6.673398e-01 7.506351e-02 7.409609e-01 2.093606e+00
3.321021e-01 1.346542e-01 -9.335826e-01 1.145611e+01 2.363919e-02 9.882588e-01 1.509495e-01 -2.144968e-01 9.429472e-01 -7.219979e-02 3.250197e-01 2.073553e+00
7.479923e-01 -2.147908e-02 6.633598e-01 1.196780e+01 3.834749e-02 9.992052e-01 -1.088644e-02 -2.214055e-01 -6.625987e-01 3.358116e-02 7.482214e-01 2.129251e+00
1.629370e-01 2.339752e-01 -9.584921e-01 1.245739e+01 -4.888359e-02 9.721958e-01 2.290105e-01 -2.396015e-01 9.854247e-01 9.540247e-03 1.698442e-01 2.511428e+00
5.504154e-01 -1.246277e-01 8.255367e-01 1.295231e+01 1.641806e-01 9.856458e-01 3.933355e-02 -2.516363e-01 -8.185888e-01 1.138873e-01 5.629760e-01 2.669957e+00
1.847344e-01 2.299861e-01 -9.554997e-01 1.323894e+01 -9.997747e-02 9.715873e-01 2.145289e-01 -2.478108e-01 9.776900e-01 5.589757e-02 2.024791e-01 2.489505e+00
4.760851e-01 -1.245378e-01 8.705362e-01 1.341019e+01 2.251771e-01 9.741829e-01 1.621885e-02 -2.402807e-01 -8.500813e-01 1.883032e-01 4.918370e-01 2.263371e+00
9.236319e-02 2.699811e-01 -9.584254e-01 1.350546e+01 -6.440899e-02 9.621440e-01 2.648215e-01 -2.316200e-01 9.936400e-01 3.727145e-02 1.062559e-01 2.051149e+00
3.262620e-01 -8.595564e-02 9.413632e-01 1.368042e+01 2.743736e-01 9.615955e-01 -7.290612e-03 -2.243605e-01 -9.045840e-01 2.606638e-01 3.373160e-01 1.840940e+00
2.206664e-01 2.917122e-01 -9.307042e-01 1.411249e+01 -4.676537e-02 9.562935e-01 2.886448e-01 -2.211656e-01 9.742276e-01 -2.016949e-02 2.246639e-01 1.617728e+00
8.248115e-01 -7.740105e-02 5.600849e-01 1.442482e+01 1.549166e-01 9.836151e-01 -9.220766e-02 -2.187657e-01 -5.437710e-01 1.628204e-01 8.232877e-01 1.541982e+00
2.378315e-02 3.135112e-01 -9.492866e-01 1.447652e+01 4.825611e-02 9.480883e-01 3.143245e-01 -2.140500e-01 9.985518e-01 -5.328450e-02 7.419694e-03 1.526532e+00
3.616463e-01 3.236558e-02 9.317534e-01 1.450010e+01 2.893766e-01 9.461412e-01 -1.451826e-01 -2.014324e-01 -8.862692e-01 3.221324e-01 3.328026e-01 1.278867e+00
1.275341e-01 3.097975e-01 -9.422105e-01 1.478774e+01 1.195942e-01 9.382333e-01 3.246776e-01 -1.914354e-01 9.845975e-01 -1.540904e-01 8.260674e-02 9.670248e-01
4.684317e-01 8.029311e-02 8.798436e-01 1.519252e+01 2.169261e-01 9.549247e-01 -2.026371e-01 -1.873671e-01 -8.564548e-01 2.857827e-01 4.298994e-01 7.632973e-01
1.530408e-01 2.847147e-01 -9.463171e-01 1.562255e+01 1.415961e-01 9.413991e-01 3.061343e-01 -1.889631e-01 9.780230e-01 -1.808458e-01 1.037580e-01 6.687448e-01
5.069051e-01 9.033878e-02 8.572550e-01 1.579883e+01 1.690960e-01 9.647496e-01 -2.016552e-01 -1.925197e-01 -8.452536e-01 2.471785e-01 4.737606e-01 7.266243e-01
1.443032e-01 2.160634e-01 -9.656569e-01 1.587780e+01 1.527159e-01 9.593163e-01 2.374659e-01 -1.889807e-01 9.776781e-01 -1.817383e-01 1.054361e-01 6.626153e-01
4.458842e-01 9.716670e-02 8.898011e-01 1.628027e+01 1.062032e-01 9.813252e-01 -1.603802e-01 -1.959822e-01 -8.887678e-01 1.660107e-01 4.272380e-01 6.885314e-01
2.211608e-01 1.623916e-01 -9.616220e-01 1.662339e+01 1.031928e-01 9.766066e-01 1.886551e-01 -1.968601e-01 9.697624e-01 -1.409556e-01 1.992295e-01 5.748533e-01
5.504844e-01 7.251300e-02 8.316903e-01 1.683074e+01 7.268389e-02 9.882751e-01 -1.342737e-01 -1.935305e-01 -8.316754e-01 1.343661e-01 5.387594e-01 4.340876e-01
-4.939734e-02 1.707349e-01 -9.840780e-01 1.704248e+01 9.240152e-02 9.818365e-01 1.657078e-01 -1.897526e-01 9.944958e-01 -8.274478e-02 -6.427628e-02 3.207240e-01
5.644491e-01 4.188399e-02 8.244046e-01 1.715275e+01 3.539490e-02 9.965653e-01 -7.486464e-02 -1.861777e-01 -8.247087e-01 7.143700e-02 5.610279e-01 2.660125e-01
1.721232e-01 1.263454e-01 -9.769393e-01 1.753523e+01 3.090253e-02 9.905600e-01 1.335515e-01 -1.883537e-01 9.845906e-01 -5.317721e-02 1.665939e-01 2.024541e-01
4.602610e-01 -2.894706e-02 8.873116e-01 1.809202e+01 6.533965e-02 9.978622e-01 -1.339000e-03 -1.949757e-01 -8.853760e-01 5.859292e-02 4.611684e-01 2.023449e-01
-7.120417e-02 1.868740e-01 -9.798000e-01 1.853797e+01 -4.248478e-02 9.808337e-01 1.901586e-01 -2.012065e-01 9.965566e-01 5.516668e-02 -6.190014e-02 2.582797e-01
6.203584e-01 -1.060879e-01 7.771106e-01 1.878194e+01 1.379023e-01 9.901282e-01 2.508234e-02 -1.931923e-01 -7.721000e-01 9.160532e-02 6.288641e-01 4.954146e-02
-1.305258e-01 2.101137e-01 -9.689248e-01 1.863760e+01 -5.122594e-02 9.745510e-01 2.182345e-01 -1.742335e-01 9.901207e-01 7.811931e-02 -1.164408e-01 -2.351477e-01
5.558104e-01 -1.240544e-01 8.220008e-01 1.900907e+01 1.697419e-01 9.849065e-01 3.386569e-02 -1.661995e-01 -8.137951e-01 1.207051e-01 5.684785e-01 -4.867362e-01
-7.795271e-03 2.579517e-01 -9.661264e-01 1.935014e+01 -7.300174e-02 9.634309e-01 2.578210e-01 -1.585680e-01 9.973013e-01 7.253869e-02 1.132071e-02 -7.261821e-01
6.654684e-01 -1.139030e-01 7.376842e-01 1.945238e+01 1.892973e-01 9.817325e-01 -1.918038e-02 -1.493521e-01 -7.220238e-01 1.524055e-01 6.748735e-01 -8.992045e-01
-1.980762e-01 3.081705e-01 -9.304820e-01 1.934040e+01 1.242720e-02 9.500039e-01 3.119906e-01 -1.438711e-01 9.801078e-01 5.023463e-02 -1.920028e-01 -8.081234e-01
5.348688e-01 -6.824534e-02 8.421745e-01 1.949813e+01 2.194118e-01 9.737584e-01 -6.044119e-02 -1.390209e-01 -8.159497e-01 2.171111e-01 5.358068e-01 -8.932060e-01
2.848157e-02 2.739981e-01 -9.613084e-01 1.956214e+01 2.505490e-02 9.612007e-01 2.747097e-01 -1.276060e-01 9.992803e-01 -3.190965e-02 2.051152e-02 -1.119638e+00
5.089898e-01 -3.093716e-03 8.607670e-01 1.970796e+01 1.955541e-01 9.742611e-01 -1.121337e-01 -1.138540e-01 -8.382649e-01 2.254014e-01 4.964939e-01 -1.444064e+00
2.507852e-01 1.732284e-01 -9.524173e-01 1.940941e+01 8.083320e-02 9.766754e-01 1.989250e-01 -9.697147e-02 9.646620e-01 -1.268744e-01 2.309332e-01 -1.632157e+00
3.385024e-01 1.182417e-01 9.335069e-01 1.885990e+01 2.391829e-01 9.486761e-01 -2.068941e-01 -7.499079e-02 -9.100592e-01 2.933130e-01 2.928477e-01 -1.785142e+00
7.949819e-03 2.069961e-01 -9.783095e-01 1.834014e+01 2.243855e-01 9.530223e-01 2.034691e-01 -5.168856e-02 9.744680e-01 -2.211360e-01 -3.887057e-02 -1.981412e+00
4.725162e-01 2.250474e-01 8.521045e-01 1.805324e+01 6.834359e-02 9.545800e-01 -2.900105e-01 -3.179450e-02 -8.786681e-01 1.952705e-01 4.356740e-01 -2.236391e+00
1.908554e-01 6.872294e-02 -9.792096e-01 1.782816e+01 2.773605e-01 9.531222e-01 1.209517e-01 -1.742202e-02 9.416185e-01 -2.946783e-01 1.628475e-01 -2.428855e+00
6.343993e-01 2.793740e-01 7.207549e-01 1.743652e+01 -1.133109e-01 9.559432e-01 -2.708012e-01 8.045915e-04 -7.646556e-01 9.012666e-02 6.381058e-01 -2.578442e+00
-1.248549e-01 -3.678837e-02 -9.914928e-01 1.709358e+01 2.002900e-01 9.778044e-01 -6.150222e-02 1.544474e-02 9.717485e-01 -2.062649e-01 -1.147153e-01 -2.626567e+00
5.603578e-01 1.720761e-01 8.101783e-01 1.674815e+01 -2.158588e-01 9.747168e-01 -5.772469e-02 3.028271e-02 -7.996274e-01 -1.425377e-01 5.833344e-01 -2.675576e+00
1.711622e-01 -1.578813e-01 -9.725107e-01 1.696996e+01 6.911015e-02 9.865697e-01 -1.480003e-01 3.798302e-02 9.828160e-01 -4.187831e-02 1.797746e-01 -2.893876e+00
5.115509e-01 3.286366e-02 8.586243e-01 1.721372e+01 -1.952082e-01 9.775843e-01 7.888428e-02 3.935975e-02 -8.367852e-01 -2.079639e-01 5.064994e-01 -3.013765e+00
-1.241701e-01 -1.188645e-01 -9.851157e-01 1.718675e+01 -1.535377e-01 9.831434e-01 -9.927368e-02 4.920838e-02 9.803101e-01 1.389256e-01 -1.403272e-01 -3.167371e+00
5.061474e-01 -1.893361e-01 8.414076e-01 1.708942e+01 -5.131179e-02 9.672658e-01 2.485236e-01 6.333884e-02 -8.609192e-01 -1.689637e-01 4.798639e-01 -3.385406e+00
-1.440225e-01 2.528669e-02 -9.892513e-01 1.696136e+01 -3.012017e-01 9.511211e-01 6.816320e-02 7.523775e-02 9.426214e-01 3.077812e-01 -1.293665e-01 -3.559542e+00
5.162788e-02 -2.963713e-01 9.536764e-01 1.663768e+01 1.105716e-01 9.507750e-01 2.894837e-01 8.391853e-02 -9.925263e-01 9.050410e-02 8.185675e-02 -3.561880e+00
2.876818e-01 1.103086e-01 -9.513523e-01 1.683148e+01 -2.702389e-01 9.623301e-01 2.986322e-02 7.455598e-02 9.188091e-01 2.485012e-01 3.066545e-01 -3.466258e+00
3.330101e-01 -3.106942e-01 8.902659e-01 1.702940e+01 1.170866e-01 9.504732e-01 2.879089e-01 6.773687e-02 -9.356255e-01 8.361609e-03 3.528953e-01 -3.412885e+00
-1.739806e-02 1.194069e-01 -9.926930e-01 1.666839e+01 -2.917787e-01 9.490208e-01 1.192675e-01 7.765331e-02 9.563276e-01 2.917217e-01 1.832926e-02 -3.393110e+00
-2.113616e-01 -3.266340e-01 9.212147e-01 1.703441e+01 6.270777e-02 9.360345e-01 3.462762e-01 6.291251e-02 -9.753943e-01 1.309568e-01 -1.773592e-01 -3.280425e+00
1.003666e-01 3.798222e-02 -9.942253e-01 1.680427e+01 -2.427060e-01 9.700186e-01 1.255640e-02 6.003203e-02 9.648940e-01 2.400442e-01 1.065760e-01 -3.040208e+00
1.911299e-01 -2.370454e-01 9.525118e-01 1.637682e+01 1.184544e-01 9.688796e-01 2.173498e-01 6.967792e-02 -9.743911e-01 7.128715e-02 2.132609e-01 -2.912850e+00
-1.001418e-01 5.778962e-02 -9.932935e-01 1.565497e+01 -1.589237e-01 9.845658e-01 7.330420e-02 9.824511e-02 9.821990e-01 1.651987e-01 -8.941202e-02 -3.039129e+00
1.282585e-01 -1.060127e-01 9.860584e-01 1.495428e+01 1.599520e-01 9.834645e-01 8.492853e-02 1.221590e-01 -9.787569e-01 1.468292e-01 1.430946e-01 -3.023641e+00
-3.213691e-01 1.784122e-01 -9.299952e-01 1.444380e+01 -2.849713e-02 9.798243e-01 1.978189e-01 1.346578e-01 9.465251e-01 9.007508e-02 -3.098010e-01 -2.819615e+00
4.682589e-01 -9.026947e-02 8.789682e-01 1.405429e+01 1.354292e-01 9.903460e-01 2.955974e-02 1.457028e-01 -8.731509e-01 1.051964e-01 4.759634e-01 -2.712736e+00
-3.968209e-01 2.150686e-01 -8.923445e-01 1.376764e+01 -3.865702e-02 9.673846e-01 2.503450e-01 1.597860e-01 9.170817e-01 1.338375e-01 -3.755645e-01 -2.815824e+00
4.871742e-02 -2.172087e-03 9.988102e-01 1.302608e+01 2.649886e-01 9.641907e-01 -1.082814e-02 1.868508e-01 -9.630201e-01 2.652008e-01 4.754846e-02 -2.859668e+00
2.146807e-02 2.016479e-01 -9.792228e-01 1.246430e+01 1.027075e-01 9.738216e-01 2.027874e-01 2.031636e-01 9.944799e-01 -1.049270e-01 1.953194e-04 -2.799167e+00
3.991008e-01 5.776529e-02 9.150856e-01 1.244635e+01 1.369664e-01 9.830600e-01 -1.217921e-01 2.056186e-01 -9.066194e-01 1.739433e-01 3.844281e-01 -2.769563e+00
3.899641e-02 2.267547e-01 -9.731709e-01 1.252061e+01 8.301998e-02 9.698093e-01 2.292982e-01 1.990083e-01 9.957846e-01 -8.973443e-02 1.899391e-02 -2.624488e+00
6.749702e-02 -1.109142e-02 9.976578e-01 1.310042e+01 1.823769e-01 9.832277e-01 -1.407808e-03 1.809858e-01 -9.809092e-01 1.820448e-01 6.838775e-02 -2.456036e+00
2.038522e-02 2.649309e-01 -9.640519e-01 1.362555e+01 -3.973467e-02 9.637051e-01 2.639954e-01 1.657797e-01 9.990023e-01 3.292468e-02 3.017228e-02 -2.333043e+00
-8.707952e-02 -1.233632e-01 9.885336e-01 1.406221e+01 2.487450e-01 9.581792e-01 1.414870e-01 1.453475e-01 -9.646466e-01 2.582134e-01 -5.275182e-02 -2.052003e+00
9.923432e-02 3.289719e-01 -9.391113e-01 1.460905e+01 -1.836515e-01 9.336114e-01 3.076392e-01 1.220499e-01 9.779697e-01 1.419408e-01 1.530625e-01 -1.747053e+00
-1.106394e-01 -2.615786e-01 9.588199e-01 1.506579e+01 2.861530e-01 9.155059e-01 2.827815e-01 9.754634e-02 -9.517748e-01 3.056560e-01 -2.643952e-02 -1.366670e+00
-7.908899e-02 3.802825e-01 -9.214826e-01 1.529971e+01 -2.762183e-01 8.798243e-01 3.867980e-01 7.255484e-02 9.578353e-01 2.851218e-01 3.545657e-02 -8.651507e-01
-1.619594e-01 -3.606117e-01 9.185469e-01 1.566343e+01 3.435542e-01 8.519963e-01 3.950605e-01 5.012740e-02 -9.250620e-01 3.795544e-01 -1.409910e-02 -5.062572e-01
2.469685e-01 4.201041e-01 -8.732234e-01 1.608725e+01 -4.766302e-01 8.372577e-01 2.679987e-01 1.597665e-02 8.437003e-01 3.500173e-01 4.070106e-01 7.551837e-02
1.112947e-01 -5.542040e-01 8.249069e-01 1.630538e+01 3.699329e-01 7.935142e-01 4.832027e-01 -8.429003e-03 -9.223682e-01 2.513823e-01 2.933322e-01 5.114419e-01
-3.622683e-01 4.711205e-01 -8.042432e-01 1.626184e+01 -4.080143e-01 6.956331e-01 5.912859e-01 -2.281686e-02 8.380251e-01 5.423468e-01 -5.978187e-02 9.374514e-01
-3.588531e-01 -4.990915e-01 7.887535e-01 1.634579e+01 4.686173e-01 6.344827e-01 6.146784e-01 -5.384665e-02 -8.072312e-01 5.902028e-01 6.196805e-03 1.684252e+00
-1.701261e-01 5.497665e-01 -8.178104e-01 1.645396e+01 -5.790338e-01 6.157510e-01 5.343880e-01 -7.778444e-02 7.973562e-01 5.644533e-01 2.135781e-01 2.208782e+00
-1.450059e-01 -5.772903e-01 8.035603e-01 1.613386e+01 6.212855e-01 5.789472e-01 5.280383e-01 -7.709511e-02 -7.700504e-01 5.758091e-01 2.747114e-01 2.450773e+00
-8.384410e-02 6.270559e-01 -7.744489e-01 1.587150e+01 -5.514872e-01 6.181117e-01 5.601783e-01 -7.916682e-02 8.299590e-01 4.740663e-01 2.939883e-01 2.702202e+00
4.373174e-02 -5.565045e-01 8.296929e-01 1.546547e+01 7.237717e-01 5.901128e-01 3.576609e-01 -7.158000e-02 -6.886523e-01 5.848671e-01 4.285889e-01 2.838166e+00
-4.099752e-01 7.481831e-01 -5.216727e-01 1.506468e+01 -1.035019e-01 5.300924e-01 8.415993e-01 -6.393623e-02 9.062051e-01 3.990289e-01 -1.398864e-01 3.048759e+00
2.925597e-01 -1.949854e-01 9.361568e-01 1.474786e+01 8.016850e-01 5.836682e-01 -1.289676e-01 -6.184288e-02 -5.212581e-01 7.882336e-01 3.270747e-01 3.335050e+00
-5.315760e-02 8.418698e-01 -5.370563e-01 1.438374e+01 2.451820e-01 5.323571e-01 8.102356e-01 -5.738049e-02 9.680186e-01 -8.860636e-02 -2.347102e-01 3.597335e+00
4.376766e-01 2.188197e-01 8.720993e-01 1.391910e+01 6.746712e-01 5.612319e-01 -4.794137e-01 -4.663881e-02 -5.943551e-01 7.982084e-01 9.800674e-02 3.772963e+00
1.234701e-01 6.868463e-01 -7.162383e-01 1.345093e+01 5.469130e-01 5.551523e-01 6.266514e-01 -3.415030e-02 8.280346e-01 -4.690927e-01 -3.071005e-01 3.849088e+00
5.380520e-01 5.239869e-01 6.602559e-01 1.317148e+01 3.109723e-01 6.046522e-01 -7.332748e-01 -2.642835e-02 -7.834515e-01 5.998612e-01 1.623889e-01 3.897775e+00
-1.141852e-01 3.854372e-01 -9.156418e-01 1.289572e+01 7.599212e-01 6.275532e-01 1.694010e-01 -1.849967e-02 6.399074e-01 -6.764725e-01 -3.645592e-01 3.946203e+00
2.989998e-01 7.069934e-01 6.409051e-01 1.270991e+01 -1.719049e-01 7.005490e-01 -6.925892e-01 -1.795677e-02 -9.386415e-01 9.690930e-02 3.309997e-01 4.140646e+00
-1.798849e-01 -1.275179e-01 -9.753874e-01 1.245313e+01 6.555308e-01 7.237622e-01 -2.155172e-01 -1.194308e-02 7.334308e-01 -6.781648e-01 -4.660201e-02 4.217089e+00
3.977852e-02 6.401349e-01 7.672320e-01 1.221762e+01 -2.996476e-01 7.401424e-01 -6.019971e-01 -7.856926e-03 -9.532203e-01 -2.059527e-01 2.212566e-01 4.277655e+00
-4.293016e-01 -2.352022e-01 -8.719977e-01 1.197575e+01 4.303131e-01 7.955968e-01 -4.264463e-01 -9.045254e-03 7.940597e-01 -5.583061e-01 -2.403404e-01 4.527253e+00
1.426557e-01 3.711565e-01 9.175468e-01 1.156395e+01 -5.609380e-01 7.940963e-01 -2.340078e-01 3.057867e-04 -8.154741e-01 -4.813043e-01 3.214781e-01 4.670828e+00
-3.321033e-01 -5.444521e-01 -7.702463e-01 1.110893e+01 1.009038e-02 8.144963e-01 -5.800810e-01 1.491172e-02 9.431890e-01 -2.004189e-01 -2.650032e-01 4.688014e+00
1.863754e-01 -1.842821e-02 9.823058e-01 1.074891e+01 -5.916793e-01 7.960759e-01 1.271953e-01 2.708386e-02 -7.843340e-01 -6.049161e-01 1.374654e-01 4.663579e+00
-4.213560e-02 -5.896954e-01 -8.065258e-01 1.036415e+01 -1.649103e-01 8.002755e-01 -5.765100e-01 3.588161e-02 9.854081e-01 1.087128e-01 -1.309670e-01 4.711677e+00
1.979024e-01 -1.842807e-01 9.627436e-01 9.990611e+00 -5.244528e-01 8.098598e-01 2.628238e-01 4.086282e-02 -8.281207e-01 -5.569270e-01 6.362667e-02 4.915048e+00
-2.566955e-02 -5.152266e-01 -8.566695e-01 9.617297e+00 -2.945554e-01 8.228053e-01 -4.860335e-01 4.549750e-02 9.552896e-01 2.398604e-01 -1.728838e-01 5.132603e+00
-1.952549e-01 -2.589064e-01 9.459614e-01 9.337296e+00 -4.648377e-01 8.737400e-01 1.431930e-01 4.597624e-02 -8.635979e-01 -4.117594e-01 -2.909515e-01 5.286519e+00
-3.556506e-02 -4.747075e-01 -8.794248e-01 9.163294e+00 -7.093051e-02 8.789613e-01 -4.715888e-01 4.321946e-02 9.968470e-01 4.560597e-02 -6.493156e-02 5.411499e+00
-5.011191e-02 -5.731751e-02 9.970975e-01 8.848054e+00 -4.213477e-01 9.063717e-01 3.092620e-02 4.703143e-02 -9.055136e-01 -4.185750e-01 -6.957062e-02 5.519419e+00
4.866706e-01 -5.248025e-01 -6.983796e-01 8.643815e+00 4.300870e-01 8.397809e-01 -3.313506e-01 3.748209e-02 7.603794e-01 -1.391054e-01 6.344074e-01 5.861753e+00
2.661220e-01 3.831877e-01 8.845034e-01 8.601852e+00 -3.864732e-01 8.830282e-01 -2.662698e-01 2.184148e-02 -8.830728e-01 -2.709766e-01 3.830850e-01 6.271325e+00
4.721785e-01 -3.444424e-01 -8.114227e-01 8.799337e+00 4.712001e-01 8.765762e-01 -9.790146e-02 -2.069476e-03 7.449953e-01 -3.361155e-01 5.762017e-01 6.772122e+00
2.065200e-01 4.005020e-01 8.927192e-01 9.002329e+00 -1.704572e-01 9.131629e-01 -3.702404e-01 -2.792140e-02 -9.634801e-01 -7.570839e-02 2.568549e-01 7.312868e+00
6.139685e-01 -1.443240e-01 -7.760240e-01 9.319815e+00 4.336307e-01 8.831680e-01 1.788260e-01 -5.665387e-02 6.595507e-01 -4.463014e-01 6.048206e-01 7.869400e+00
5.898805e-01 3.402911e-01 7.322861e-01 9.602985e+00 -1.404508e-01 9.362811e-01 -3.219492e-01 -9.081000e-02 -7.951821e-01 8.706138e-02 6.000881e-01 8.607869e+00
8.542805e-01 -4.749489e-01 2.112542e-01 9.063106e+00 3.553218e-01 8.301846e-01 4.295810e-01 -1.007386e-01 -3.794091e-01 -2.919195e-01 8.779703e-01 9.342856e+00
7.630554e-01 3.358984e-02 6.454597e-01 8.353715e+00 3.953355e-01 7.657965e-01 -5.072135e-01 -9.594038e-02 -5.113280e-01 6.422051e-01 5.710659e-01 9.917096e+00
4.348803e-01 5.366157e-01 -7.231339e-01 8.447697e+00 2.891433e-01 6.773096e-01 6.764967e-01 -1.176654e-01 8.528043e-01 -5.032845e-01 1.393898e-01 1.048266e+01
6.897058e-01 2.110611e-01 6.926465e-01 8.682878e+00 3.056174e-01 7.823430e-01 -5.427130e-01 -1.413808e-01 -6.564327e-01 5.859971e-01 4.750826e-01 1.103267e+01
5.685524e-01 4.136397e-01 -7.110910e-01 9.144712e+00 2.756469e-01 7.186353e-01 6.384216e-01 -1.638107e-01 7.750916e-01 -5.589861e-01 2.945633e-01 1.143950e+01
4.730534e-01 1.912597e-01 8.600234e-01 9.658217e+00 4.682076e-01 7.723270e-01 -4.292932e-01 -1.900638e-01 -7.463257e-01 6.057481e-01 2.758027e-01 1.188630e+01
2.628628e-01 5.707187e-01 -7.779353e-01 1.029171e+01 3.246391e-01 7.069605e-01 6.283441e-01 -2.035233e-01 9.085772e-01 -4.177165e-01 5.559588e-04 1.207638e+01
8.405547e-01 2.636944e-01 4.732156e-01 1.086516e+01 4.864177e-02 8.332656e-01 -5.507289e-01 -2.174648e-01 -5.395384e-01 4.859359e-01 6.875788e-01 1.239701e+01
9.243505e-01 -2.837991e-01 2.550181e-01 1.012903e+01 8.317938e-02 8.021974e-01 5.912364e-01 -2.346175e-01 -3.723672e-01 -5.252974e-01 7.651178e-01 1.377127e+01
5.928972e-01 -3.053832e-01 7.451269e-01 9.130411e+00 7.393104e-01 5.732079e-01 -3.533452e-01 -2.395113e-01 -3.192069e-01 7.603775e-01 5.656263e-01 1.540536e+01
-1.546412e-01 8.959405e-01 -4.163854e-01 9.536616e+00 6.753991e-01 4.034617e-01 6.172963e-01 -2.639902e-01 7.210563e-01 -1.857669e-01 -6.675092e-01 1.627528e+01
-4.062608e-01 8.371650e-01 3.662062e-01 8.805512e+00 7.647278e-01 9.214175e-02 6.377313e-01 -2.798703e-01 5.001434e-01 5.391333e-01 -6.776369e-01 1.754203e+01
2.215400e-01 9.256329e-01 -3.067960e-01 6.980753e+00 -7.666847e-01 3.597486e-01 5.317664e-01 -2.548157e-01 6.025899e-01 1.174083e-01 7.893673e-01 1.877340e+01
-1.258273e-01 -7.548120e-01 6.437596e-01 6.724120e+00 8.955409e-01 1.927655e-01 4.010585e-01 -2.662787e-01 -4.268184e-01 6.269772e-01 6.517098e-01 1.950792e+01
-3.953132e-01 9.147341e-01 -8.360018e-02 6.774181e+00 -1.842394e-01 1.020227e-02 9.828284e-01 -2.899666e-01 8.998796e-01 4.039275e-01 1.644970e-01 2.028325e+01
-9.632417e-01 8.824735e-02 2.537280e-01 6.466926e+00 2.437893e-01 -1.095678e-01 9.636190e-01 -3.069273e-01 1.128372e-01 9.900542e-01 8.402654e-02 2.110991e+01
-3.360055e-01 4.565217e-01 -8.238254e-01 5.958701e+00 -8.644200e-01 1.978542e-01 4.622031e-01 -3.109439e-01 3.740030e-01 8.674340e-01 3.281464e-01 2.172927e+01
-6.559460e-01 -4.666643e-01 -5.932615e-01 6.034965e+00 -7.192353e-01 6.248737e-01 3.036996e-01 -2.441637e-01 2.289877e-01 6.259052e-01 -7.455248e-01 2.052229e+01
-3.504111e-01 -4.219126e-01 -8.361829e-01 5.465987e+00 4.941380e-02 8.832178e-01 -4.663524e-01 -1.696460e-01 9.352916e-01 -2.047340e-01 -2.886411e-01 1.957587e+01
-8.473182e-01 5.213874e-01 -1.010302e-01 4.864058e+00 5.129431e-01 7.541305e-01 -4.100933e-01 -1.432292e-01 -1.376276e-01 -3.993023e-01 -9.064306e-01 1.945490e+01
-2.471700e-01 6.138714e-01 -7.497126e-01 4.937005e+00 8.154920e-01 5.496669e-01 1.812157e-01 -1.459789e-01 5.233353e-01 -5.665935e-01 -6.364683e-01 1.952068e+01
-3.146447e-01 9.063996e-01 2.818484e-01 5.253687e+00 9.159136e-01 3.678692e-01 -1.605443e-01 -1.459576e-01 -2.492006e-01 2.076344e-01 -9.459318e-01 1.943824e+01
4.749331e-01 8.387090e-01 -2.664691e-01 5.305170e+00 3.723691e-02 2.833743e-01 9.582862e-01 -1.656831e-01 8.792337e-01 -4.650443e-01 1.033529e-01 1.992345e+01
7.183163e-01 -6.960779e-02 6.922258e-01 5.632246e+00 6.526982e-01 4.118720e-01 -6.358825e-01 -1.963901e-01 -2.408460e-01 9.085792e-01 3.412872e-01 2.066106e+01
5.982601e-01 7.520784e-01 -2.765193e-01 5.959427e+00 1.741691e-01 2.147888e-01 9.610051e-01 -2.420879e-01 7.821445e-01 -6.230921e-01 -2.489218e-03 2.178321e+01
4.940255e-01 5.503600e-02 8.677038e-01 6.330212e+00 8.195128e-01 3.038703e-01 -4.858617e-01 -2.797987e-01 -2.904093e-01 9.511224e-01 1.050170e-01 2.258356e+01
2.164548e-01 9.216420e-01 -3.220612e-01 6.684725e+00 5.728919e-01 1.472087e-01 8.063030e-01 -3.116263e-01 7.905329e-01 -3.590344e-01 -4.961372e-01 2.337210e+01
7.367743e-01 5.020379e-01 4.529035e-01 7.287724e+00 2.699678e-01 3.956978e-01 -8.778044e-01 -3.388448e-01 -6.199040e-01 7.690131e-01 1.560060e-01 2.402748e+01
2.094168e-01 4.755739e-01 -8.543852e-01 7.786336e+00 8.376653e-01 3.635035e-01 4.076544e-01 -3.645175e-01 5.044418e-01 -8.010585e-01 -3.222480e-01 2.458298e+01
2.302722e-01 7.569930e-01 6.115034e-01 8.529283e+00 3.320764e-01 5.295436e-01 -7.805824e-01 -3.990120e-01 -9.147131e-01 3.828122e-01 -1.294403e-01 2.518248e+01
8.213264e-02 4.994073e-01 -8.624654e-01 9.147729e+00 7.738465e-01 5.133719e-01 3.709595e-01 -4.347148e-01 6.280254e-01 -6.978837e-01 -3.443000e-01 2.585705e+01
-2.421616e-01 9.439732e-01 2.242150e-01 8.923763e+00 8.594827e-01 1.014909e-01 5.009881e-01 -4.233547e-01 4.501636e-01 3.140289e-01 -8.359058e-01 2.573130e+01
9.418068e-02 9.860643e-01 -1.371390e-01 8.457028e+00 -3.435646e-01 1.614805e-01 9.251418e-01 -3.850748e-01 9.343947e-01 -4.001439e-02 3.539851e-01 2.528870e+01
-5.012068e-01 -2.379180e-01 8.319777e-01 8.422071e+00 8.606729e-01 -3.747359e-02 5.077774e-01 -3.942244e-01 -8.963219e-02 9.705621e-01 2.235516e-01 2.560206e+01
6.204511e-01 7.411449e-01 -2.564073e-01 7.548738e+00 -7.546310e-01 4.752136e-01 -4.524423e-01 -3.853492e-01 -2.134771e-01 4.742112e-01 8.541377e-01 2.603318e+01
-7.304126e-01 -6.419593e-01 2.332072e-01 3.387620e+00 -5.247279e-01 7.459942e-01 4.100649e-01 -2.611271e-01 -4.372162e-01 1.771463e-01 -8.817376e-01 2.666639e+01
4.529992e-01 -8.054444e-01 -3.821662e-01 -2.737706e+00 8.276581e-01 5.392656e-01 -1.554820e-01 -5.775172e-02 3.313212e-01 -2.458697e-01 9.109195e-01 2.732290e+01
-3.094631e-03 8.816545e-01 4.718853e-01 -7.991799e+00 9.776664e-01 1.018303e-01 -1.838448e-01 1.215100e-01 -2.101398e-01 4.607775e-01 -8.622792e-01 2.783804e+01
7.002482e-01 5.363858e-01 4.711080e-01 -1.245459e+01 -7.121112e-01 4.781315e-01 5.140893e-01 2.762259e-01 5.049867e-02 -6.954714e-01 7.167771e-01 2.820471e+01
-5.682292e-01 -6.188409e-01 5.423574e-01 -1.398690e+01 7.217438e-01 -5.825318e-02 6.897047e-01 3.083969e-01 -3.952234e-01 7.833534e-01 4.797457e-01 2.906836e+01
9.003539e-01 4.181818e-01 1.203610e-01 -1.368066e+01 -1.597684e-02 3.081716e-01 -9.511966e-01 2.781548e-01 -4.348650e-01 8.544906e-01 2.841447e-01 2.985417e+01
-4.976364e-01 -1.576106e-01 8.529460e-01 -1.509662e+01 -6.050357e-01 7.676924e-01 -2.111403e-01 2.978266e-01 -6.215222e-01 -6.211339e-01 -4.773917e-01 3.070135e+01
4.329979e-01 -8.785394e-01 -2.016963e-01 -1.703123e+01 7.917535e-01 2.637311e-01 5.509739e-01 3.251786e-01 -4.308587e-01 -3.982643e-01 8.097817e-01 3.171313e+01
5.820108e-01 4.349349e-01 6.870917e-01 -1.787828e+01 7.117618e-01 1.361592e-01 -6.890978e-01 3.107713e-01 -3.932665e-01 8.901080e-01 -2.303239e-01 3.327169e+01
2.305465e-01 3.813325e-01 8.952284e-01 -1.875210e+01 -7.669143e-01 6.374649e-01 -7.403324e-02 3.407670e-01 -5.989080e-01 -6.694953e-01 4.394147e-01 3.344954e+01
-1.715839e-01 -9.531377e-01 2.491736e-01 -1.985345e+01 3.952851e-01 1.650654e-01 9.036056e-01 3.715887e-01 -9.023905e-01 2.535388e-01 3.484386e-01 3.365532e+01
6.982572e-01 -2.420695e-01 6.736760e-01 -2.176066e+01 7.130536e-01 1.521423e-01 -6.844029e-01 4.361599e-01 6.317848e-02 9.582563e-01 2.788430e-01 3.364520e+01
-2.435885e-01 7.053681e-01 6.656729e-01 -2.235594e+01 -2.400443e-01 6.211471e-01 -7.460261e-01 4.755892e-01 -9.397039e-01 -3.415144e-01 1.801524e-02 3.343633e+01
5.221666e-01 -7.245816e-01 4.498038e-01 -2.281515e+01 -1.861581e-01 4.178620e-01 8.892337e-01 4.947447e-01 -8.322783e-01 -5.480628e-01 8.330688e-02 3.352330e+01
-3.033077e-01 -5.284411e-01 7.929404e-01 -2.656828e+01 9.504483e-01 -1.082071e-01 2.914433e-01 5.763082e-01 -6.820884e-02 8.420459e-01 5.350760e-01 3.465943e+01
6.782492e-01 6.401366e-01 3.608368e-01 -3.180799e+01 2.079938e-01 3.037270e-01 -9.297787e-01 7.230953e-01 -7.047813e-01 7.056735e-01 7.285816e-02 3.552664e+01
-3.096115e-01 -1.253029e-01 9.425709e-01 -3.717954e+01 -6.037173e-01 7.917490e-01 -9.305331e-02 8.859602e-01 -7.346197e-01 -5.978568e-01 -3.207821e-01 3.610115e+01
2.248201e-01 -9.704699e-01 8.743072e-02 -4.117665e+01 6.727721e-01 2.195078e-01 7.065367e-01 1.012694e+00 -7.048643e-01 -1.000227e-01 7.022548e-01 3.640392e+01
7.563622e-01 1.373739e-01 6.395660e-01 -4.261028e+01 6.255082e-01 1.342698e-01 -7.685773e-01 1.042171e+00 -1.914568e-01 9.813766e-01 1.562809e-02 3.705081e+01
6.246530e-01 7.495722e-01 -2.189753e-01 -4.177825e+01 4.327660e-01 -9.887217e-02 8.960680e-01 9.834770e-01 6.500171e-01 -6.544966e-01 -3.861502e-01 3.832600e+01
-6.630645e-02 3.831590e-01 9.212994e-01 -4.161585e+01 9.110792e-01 -3.532497e-01 2.124838e-01 9.527852e-01 4.068639e-01 8.534658e-01 -3.256655e-01 3.900081e+01
-1.546217e-03 9.988986e-01 4.689587e-02 -4.159104e+01 -9.770926e-01 -1.148903e-02 2.125044e-01 9.413160e-01 2.128092e-01 -4.549303e-02 9.760341e-01 3.931959e+01
-5.098394e-01 -8.563014e-01 8.253260e-02 -4.122807e+01 4.847765e-01 -2.067230e-01 8.498572e-01 9.432625e-01 -7.106726e-01 4.733006e-01 5.205104e-01 3.920164e+01
-6.122610e-01 5.302836e-01 -5.864603e-01 -4.026855e+01 -7.810130e-01 -2.901386e-01 5.530264e-01 9.272839e-01 1.231061e-01 7.966297e-01 5.917990e-01 3.933915e+01
-6.298846e-01 -7.505417e-01 -1.998312e-01 -3.985147e+01 2.016927e-01 -4.065233e-01 8.910998e-01 8.881992e-01 -7.500436e-01 5.209855e-01 4.074416e-01 4.015755e+01
9.712190e-01 -9.561596e-02 -2.181540e-01 -3.928167e+01 -2.306074e-01 -1.482392e-01 -9.616888e-01 8.680468e-01 5.961381e-02 9.843184e-01 -1.660225e-01 4.042165e+01
-3.269054e-01 -2.439267e-01 9.130348e-01 -3.790584e+01 -9.348379e-01 2.251563e-01 -2.745590e-01 8.741472e-01 -1.386033e-01 -9.432944e-01 -3.016368e-01 3.988414e+01
-1.694293e-01 -9.008311e-01 -3.997463e-01 -3.663638e+01 9.317652e-01 -1.426227e-02 -3.627813e-01 8.714484e-01 3.211033e-01 -4.339355e-01 8.417795e-01 3.954708e+01
3.695577e-02 9.942112e-01 -1.008876e-01 -3.499981e+01 5.168534e-01 -1.054208e-01 -8.495581e-01 8.842391e-01 -8.552759e-01 -2.074801e-02 -5.177574e-01 3.877009e+01
9.392343e-01 1.093978e-01 3.253784e-01 -3.452626e+01 -3.083516e-01 -1.476835e-01 9.397387e-01 8.916875e-01 1.508584e-01 -9.829658e-01 -1.049764e-01 3.851388e+01
6.447621e-01 -4.239165e-01 6.360634e-01 -3.413584e+01 5.594600e-01 -3.052979e-01 -7.705827e-01 8.956090e-01 5.208515e-01 8.526945e-01 4.031983e-02 3.838917e+01
7.626975e-01 5.522030e-01 3.366961e-01 -3.354662e+01 -1.114280e-01 -4.006152e-01 9.094456e-01 8.882655e-01 6.370842e-01 -7.311493e-01 -2.440174e-01 3.841336e+01
9.169298e-01 -1.169916e-01 3.815138e-01 -3.296420e+01 3.389551e-01 -2.762076e-01 -8.993436e-01 8.713028e-01 2.105927e-01 9.539509e-01 -2.136080e-01 3.864400e+01
9.145443e-01 4.015900e-01 -4.831332e-02 -3.240742e+01 2.215319e-01 -3.973623e-01 8.905205e-01 8.512651e-01 3.384262e-01 -8.251234e-01 -4.523705e-01 3.896076e+01
7.901797e-01 1.642415e-01 5.904581e-01 -3.195761e+01 6.056341e-01 -3.569139e-01 -7.112101e-01 8.259281e-01 9.393250e-02 9.195853e-01 -3.814964e-01 3.937588e+01
6.933700e-01 6.877746e-01 -2.149516e-01 -3.159094e+01 6.400695e-01 -4.508389e-01 6.221377e-01 8.027847e-01 3.309819e-01 -5.689556e-01 -7.528217e-01 3.991576e+01
7.046624e-01 7.069269e-01 -6.087095e-02 -3.105086e+01 1.912705e-01 -2.718677e-01 -9.431350e-01 7.890879e-01 -6.832763e-01 6.529489e-01 -3.267892e-01 4.014409e+01
2.927040e-01 3.506503e-01 -8.895891e-01 -3.047754e+01 9.446700e-01 -2.501013e-01 2.122448e-01 7.740909e-01 -1.480637e-01 -9.024931e-01 -4.044545e-01 4.035795e+01
1.016169e-01 9.846808e-01 -1.416959e-01 -2.991177e+01 -2.132407e-01 -1.175631e-01 -9.699007e-01 7.639348e-01 -9.717008e-01 1.287737e-01 1.980276e-01 4.047542e+01
-2.149815e-01 -1.170423e-01 -9.695793e-01 -2.915152e+01 9.759941e-01 -6.123329e-02 -2.090121e-01 7.577800e-01 -3.490727e-02 -9.912374e-01 1.273967e-01 4.042281e+01
-2.223685e-01 9.720533e-01 7.526325e-02 -2.840693e+01 -3.182209e-01 6.054058e-04 -9.480164e-01 7.565583e-01 -9.215681e-01 -2.347594e-01 3.091930e-01 4.025067e+01
1.528033e-01 -4.698408e-01 -8.694255e-01 -2.760215e+01 9.065884e-01 -2.835492e-01 3.125658e-01 7.989115e-01 -3.933811e-01 -8.359722e-01 3.826249e-01 3.922683e+01
5.126420e-01 5.636132e-01 6.477178e-01 -2.867299e+01 7.075309e-01 -7.046775e-01 5.319526e-02 8.155561e-01 4.864137e-01 4.310102e-01 -7.600210e-01 3.956344e+01
-3.083672e-01 9.122775e-01 2.695543e-01 -3.056828e+01 -9.442641e-01 -2.592299e-01 -2.028921e-01 8.766515e-01 -1.152173e-01 -3.170957e-01 9.413688e-01 3.950266e+01
