1.000000e+00 1.197625e-11 1.704638e-10 1.665335e-16 1.197625e-11 1.000000e+00 3.562503e-10 -1.110223e-16 1.704638e-10 3.562503e-10 1.000000e+00 2.220446e-16 0.000000e+00 0.000000e+00 0.000000e+00 1.000000e+00
-3.965700e-03 -1.228649e-01 9.924155e-01 3.734018e-01 5.527975e-01 8.267296e-01 1.045614e-01 6.837137e-02 -8.333062e-01 5.490194e-01 6.464087e-02 -1.332439e+00
1.177573e-01 4.670790e-01 -8.763392e-01 1.107594e+00 -1.556404e-02 8.832389e-01 4.686650e-01 9.409594e-02 9.929204e-01 -4.154936e-02 1.112775e-01 -1.965733e+00
3.945725e-01 -9.193292e-02 9.142543e-01 1.919738e+00 3.928607e-01 9.163343e-01 -7.740813e-02 8.492474e-02 -8.306462e-01 3.897177e-01 3.976771e-01 -1.962480e+00
2.245766e-01 4.815023e-01 -8.471841e-01 2.722863e+00 -6.823483e-02 8.750278e-01 4.792394e-01 7.421764e-02 9.720645e-01 -4.981848e-02 2.293660e-01 -1.946124e+00
3.462216e-01 -1.639029e-01 9.237242e-01 3.485705e+00 4.293558e-01 9.031352e-01 -6.774803e-04 5.362601e-02 -8.341368e-01 3.968409e-01 3.830575e-01 -1.697109e+00
2.746651e-01 5.152114e-01 -8.118597e-01 4.251324e+00 -1.656414e-01 8.570630e-01 4.878586e-01 3.875991e-02 9.471652e-01 4.798166e-04 3.207456e-01 -1.590015e+00
5.522449e-01 -2.257651e-01 8.025308e-01 4.954678e+00 4.492299e-01 8.915099e-01 -5.833184e-02 2.733604e-02 -7.022949e-01 3.927343e-01 5.937522e-01 -1.525014e+00
8.785774e-01 4.024659e-01 -2.571438e-01 6.088409e+00 -3.499518e-01 9.088837e-01 2.268571e-01 1.542274e-02 3.250160e-01 -1.093235e-01 9.393684e-01 -1.610997e+00
4.606773e-01 -3.873811e-01 7.985689e-01 8.160392e+00 4.818114e-01 8.647672e-01 1.415467e-01 2.788708e-02 -7.454087e-01 3.195523e-01 5.850232e-01 -2.362002e+00
7.609921e-01 4.201256e-01 -4.943536e-01 1.034849e+01 -4.209610e-01 8.995686e-01 1.164830e-01 4.582897e-02 4.936425e-01 1.194610e-01 8.614210e-01 -3.199126e+00
3.889554e-01 -4.371422e-01 8.109380e-01 1.210525e+01 3.998833e-01 8.731151e-01 2.788607e-01 6.070196e-02 -8.299440e-01 2.158162e-01 5.144087e-01 -3.934308e+00
9.403563e-01 2.104815e-01 -2.672592e-01 1.397954e+01 -2.639130e-01 9.470852e-01 -1.827005e-01 7.775977e-02 2.146622e-01 2.423367e-01 9.461464e-01 -4.730104e+00
8.305705e-01 -2.620563e-01 4.914052e-01 1.595676e+01 1.459799e-01 9.539645e-01 2.619953e-01 9.009730e-02 -5.374407e-01 -1.458703e-01 8.305898e-01 -5.431547e+00
9.870281e-01 -4.597554e-03 1.604815e-01 1.665490e+01 4.855618e-02 9.613256e-01 -2.711002e-01 7.965453e-02 -1.530286e-01 2.753759e-01 9.490787e-01 -5.464325e+00
2.097751e-01 -1.087351e-01 9.716847e-01 1.775762e+01 5.252020e-02 9.936153e-01 9.985079e-02 8.347926e-02 -9.763381e-01 3.008686e-02 2.141465e-01 -5.883887e+00
6.316804e-01 -4.209517e-01 6.509835e-01 1.777425e+01 4.382690e-01 8.865724e-01 1.480194e-01 9.562946e-02 -6.394530e-01 1.918050e-01 7.445205e-01 -6.046206e+00
3.971228e-02 4.637545e-02 9.981344e-01 1.541689e+01 6.442476e-01 7.623762e-01 -6.105398e-02 1.998751e-01 -7.637853e-01 6.454703e-01 3.984174e-04 -6.831507e+00
5.522476e-01 1.776375e-02 8.334908e-01 1.156939e+01 1.069778e-01 9.899977e-01 -9.197978e-02 3.675299e-01 -8.267879e-01 1.399606e-01 5.448236e-01 -7.829792e+00
-1.030606e-01 -3.189871e-01 9.421389e-01 7.891308e+00 4.020561e-01 8.529971e-01 3.327866e-01 5.098184e-01 -9.097964e-01 4.130899e-01 4.034035e-02 -8.321315e+00
5.539590e-01 -2.578885e-01 7.915952e-01 4.017191e+00 5.232866e-01 8.473764e-01 -9.013529e-02 6.705856e-01 -6.475342e-01 4.641624e-01 6.043614e-01 -9.212555e+00
-2.314458e-02 1.209575e-01 9.923878e-01 -2.012019e-01 4.759554e-01 8.742732e-01 -9.546078e-02 8.643511e-01 -8.791648e-01 4.701230e-01 -7.780506e-02 -1.044008e+01
5.068172e-01 -1.941658e-01 8.399023e-01 -5.218045e+00 1.761919e-01 9.770683e-01 1.195570e-01 1.060563e+00 -8.438559e-01 8.739042e-02 5.294055e-01 -1.119110e+01
-8.575439e-02 -2.967383e-01 9.511007e-01 -1.031903e+01 6.089351e-01 7.399566e-01 2.857661e-01 1.265118e+00 -7.885710e-01 6.036643e-01 1.172398e-01 -1.208451e+01
6.253792e-01 -5.493710e-02 7.783847e-01 -1.481276e+01 4.021633e-01 8.775257e-01 -2.611766e-01 1.441316e+00 -6.687044e-01 4.763722e-01 5.708800e-01 -1.274641e+01
-1.762782e-01 2.877846e-02 9.839196e-01 -2.063926e+01 3.248922e-01 9.452572e-01 3.055979e-02 1.656088e+00 -9.291776e-01 3.250548e-01 -1.759782e-01 -1.332233e+01
5.206840e-01 -3.771321e-01 7.659370e-01 -2.775560e+01 3.347331e-01 9.154928e-01 2.232189e-01 1.914315e+00 -7.853929e-01 1.401580e-01 6.029210e-01 -1.369098e+01
-1.103589e-01 -1.315096e-01 9.851528e-01 -3.614733e+01 7.225884e-01 6.699530e-01 1.703790e-01 2.212738e+00 -6.824126e-01 7.306628e-01 2.109200e-02 -1.380428e+01
6.106019e-01 4.426695e-02 7.906996e-01 -4.451904e+01 2.694897e-01 9.272354e-01 -2.600188e-01 2.518644e+00 -7.446749e-01 3.718534e-01 5.542422e-01 -1.395723e+01
-1.707623e-01 -1.550927e-01 9.730295e-01 -5.247684e+01 3.307562e-01 9.212084e-01 2.048791e-01 2.809084e+00 -9.281382e-01 3.568212e-01 -1.060098e-01 -1.416925e+01
5.384026e-01 -4.174378e-01 7.320303e-01 -6.041855e+01 5.064501e-01 8.545882e-01 1.148359e-01 3.108774e+00 -6.735213e-01 3.089089e-01 6.715239e-01 -1.467814e+01
-1.197303e-02 6.121175e-02 9.980530e-01 -6.641407e+01 6.769960e-01 7.350580e-01 -3.696045e-02 3.332786e+00 -7.358893e-01 6.752354e-01 -5.024099e-02 -1.513123e+01
5.952274e-01 4.333278e-02 8.023881e-01 -7.076200e+01 7.660207e-02 9.909375e-01 -1.103403e-01 3.496109e+00 -7.998978e-01 1.271421e-01 5.865138e-01 -1.554397e+01
-1.893037e-01 -3.287473e-01 9.252510e-01 -7.578213e+01 3.868751e-01 8.410966e-01 3.780003e-01 3.666705e+00 -9.024920e-01 4.295134e-01 -3.203855e-02 -1.548125e+01
5.695922e-01 -3.350552e-01 7.505350e-01 -8.368885e+01 5.705541e-01 8.184716e-01 -6.761842e-02 3.942336e+00 -5.916357e-01 4.667358e-01 6.573621e-01 -1.539739e+01
-1.186755e-01 1.898628e-01 9.746118e-01 -9.278656e+01 5.710709e-01 8.160150e-01 -8.942919e-02 4.250217e+00 -8.122771e-01 5.459594e-01 -2.052661e-01 -1.495309e+01
5.113655e-01 -1.033021e-01 8.531319e-01 -1.017361e+02 9.004209e-02 9.937250e-01 6.635487e-02 4.544086e+00 -8.546331e-01 4.288619e-02 5.174582e-01 -1.427790e+01
-2.533263e-01 -3.351209e-01 9.074799e-01 -1.111344e+02 5.226046e-01 7.420033e-01 4.198994e-01 4.854935e+00 -8.140702e-01 5.806247e-01 -1.283324e-02 -1.369413e+01
5.889357e-01 -1.554650e-01 7.930860e-01 -1.202578e+02 5.093683e-01 8.332823e-01 -2.149060e-01 5.135290e+00 -6.274541e-01 5.305387e-01 5.699386e-01 -1.257129e+01
-1.904049e-01 1.373463e-01 9.720504e-01 -1.291182e+02 3.862632e-01 9.207806e-01 -5.444097e-02 5.383505e+00 -9.025224e-01 3.651015e-01 -2.283730e-01 -1.044938e+01
5.439942e-01 -3.547347e-01 7.604167e-01 -1.385088e+02 2.416088e-01 9.340805e-01 2.629045e-01 5.701372e+00 -8.035518e-01 4.070483e-02 5.938414e-01 -9.514896e+00
-1.907153e-01 -2.105109e-01 9.588080e-01 -1.485137e+02 7.398237e-01 6.111539e-01 2.813392e-01 6.045617e+00 -6.452042e-01 7.630046e-01 3.918454e-02 -8.830915e+00
6.709827e-01 5.836730e-02 7.391722e-01 -1.580837e+02 2.992360e-01 8.907939e-01 -3.419709e-01 6.373044e+00 -6.784100e-01 4.506435e-01 5.802416e-01 -7.951524e+00
-2.331544e-01 -9.306837e-02 9.679759e-01 -1.687222e+02 3.305880e-01 9.285380e-01 1.689046e-01 6.777692e+00 -9.145221e-01 3.593821e-01 -1.857254e-01 -8.397376e+00
5.441421e-01 -4.347526e-01 7.175650e-01 -1.779173e+02 4.735423e-01 8.651622e-01 1.650823e-01 7.146504e+00 -6.925801e-01 2.499691e-01 6.766449e-01 -9.724473e+00
-1.184136e-01 5.339958e-02 9.915275e-01 -1.855803e+02 7.309322e-01 6.805688e-01 5.063929e-02 7.481489e+00 -6.720985e-01 7.307357e-01 -1.196201e-01 -1.169980e+01
6.414455e-01 7.519449e-02 7.634746e-01 -1.910942e+02 1.044585e-01 9.773558e-01 -1.840221e-01 7.735227e+00 -7.600238e-01 1.977915e-01 6.190657e-01 -1.319539e+01
-1.313181e-01 -2.925399e-01 9.471937e-01 -1.937773e+02 3.696181e-01 8.721235e-01 3.205980e-01 7.912580e+00 -9.198576e-01 3.922003e-01 -6.397586e-03 -1.514430e+01
6.179855e-01 -3.282616e-01 7.143797e-01 -1.967439e+02 5.319153e-01 8.436917e-01 -7.246058e-02 8.105921e+00 -5.789302e-01 4.247690e-01 6.959965e-01 -1.718780e+01
-5.749950e-02 1.695960e-01 9.838349e-01 -2.007284e+02 5.485876e-01 8.287196e-01 -1.107950e-01 8.326810e+00 -8.341136e-01 5.333489e-01 -1.406892e-01 -1.923771e+01
5.917650e-01 -1.358972e-01 7.945729e-01 -2.047249e+02 1.099165e-01 9.900841e-01 8.747448e-02 8.538976e+00 -7.985816e-01 3.557236e-02 6.008345e-01 -2.105846e+01
-1.161552e-01 -3.110426e-01 9.432711e-01 -2.078345e+02 6.006409e-01 7.343692e-01 3.161209e-01 8.737396e+00 -7.910364e-01 6.032863e-01 1.015241e-01 -2.320043e+01
7.854883e-01 -5.675667e-02 6.162685e-01 -2.103260e+02 3.076805e-01 8.998162e-01 -3.092951e-01 8.858562e+00 -5.369739e-01 4.325614e-01 7.242580e-01 -2.397105e+01
9.261243e-02 -3.350901e-02 9.951382e-01 -2.119876e+02 1.831655e-01 9.829510e-01 1.605236e-02 8.909563e+00 -9.787100e-01 1.807884e-01 9.717118e-02 -2.390547e+01
7.920256e-01 -1.028534e-01 -6.017613e-01 -2.126874e+02 1.855338e-01 9.796355e-01 7.675581e-02 8.922813e+00 5.816121e-01 -1.724396e-01 7.949792e-01 -2.362534e+01
9.521113e-01 2.713959e-01 -1.408134e-01 -2.125871e+02 -2.539687e-01 9.584335e-01 1.300197e-01 8.915605e+00 1.702471e-01 -8.803106e-02 9.814614e-01 -2.347466e+01
9.766612e-01 -2.147646e-01 3.002589e-03 -2.122386e+02 2.147832e-01 9.766204e-01 -8.987228e-03 8.891118e+00 -1.002251e-03 9.422382e-03 9.999551e-01 -2.309149e+01
9.440382e-01 1.951509e-01 2.659097e-01 -2.118534e+02 -2.139441e-01 9.758836e-01 4.334846e-02 8.862900e+00 -2.510374e-01 -9.781240e-02 9.630228e-01 -2.269593e+01
9.244272e-01 -1.313685e-01 -3.580176e-01 -2.113060e+02 1.451702e-01 9.893361e-01 1.181994e-02 8.837081e+00 3.526470e-01 -6.290017e-02 9.336400e-01 -2.234543e+01
9.558743e-01 1.669579e-01 2.417216e-01 -2.109877e+02 -1.908132e-01 9.784639e-01 7.873159e-02 8.816534e+00 -2.233710e-01 -1.213812e-01 9.671463e-01 -2.206593e+01
8.082923e-01 -3.238747e-01 4.916998e-01 -2.108686e+02 3.584975e-01 9.331864e-01 2.535007e-02 8.808839e+00 -4.670579e-01 1.557829e-01 8.703957e-01 -2.202828e+01
8.027661e-01 1.726076e-01 5.707655e-01 -2.105318e+02 -6.673420e-02 9.771809e-01 -2.016535e-01 8.790864e+00 -5.925481e-01 1.237910e-01 7.959664e-01 -2.187398e+01
8.644199e-01 -2.526174e-01 4.346985e-01 -2.101946e+02 1.616931e-01 9.583548e-01 2.353961e-01 8.774005e+00 -4.760606e-01 -1.331933e-01 8.692674e-01 -2.173741e+01
9.783373e-01 7.466901e-02 1.930819e-01 -2.097471e+02 -2.465856e-02 9.680780e-01 -2.494333e-01 8.755906e+00 -2.055433e-01 2.392687e-01 9.489481e-01 -2.161125e+01
9.361730e-01 5.013313e-02 -3.479464e-01 -2.094521e+02 7.263560e-02 9.408349e-01 3.309891e-01 8.736402e+00 3.439537e-01 -3.351364e-01 8.771428e-01 -2.132260e+01
8.663213e-01 5.493038e-02 4.964574e-01 -2.091751e+02 1.023766e-01 9.533055e-01 -2.841260e-01 8.724394e+00 -4.888828e-01 2.969701e-01 8.202453e-01 -2.126158e+01
9.007485e-01 1.600982e-01 -4.037583e-01 -2.089020e+02 8.788193e-03 9.226799e-01 3.854667e-01 8.700322e+00 4.342522e-01 -3.507569e-01 8.296955e-01 -2.087182e+01
7.260208e-01 -4.549393e-02 6.861662e-01 -2.084647e+02 2.502633e-01 9.468664e-01 -2.020206e-01 8.669989e+00 -6.405170e-01 3.183934e-01 6.988302e-01 -2.039379e+01
9.830678e-01 1.782633e-01 -4.242442e-02 -2.080344e+02 -1.630764e-01 9.566983e-01 2.411108e-01 8.650459e+00 8.356857e-02 -2.301098e-01 9.695699e-01 -2.022730e+01
6.980016e-01 -2.295825e-01 6.782961e-01 -2.076029e+02 3.655593e-01 9.287320e-01 -6.183202e-02 8.635081e+00 -6.157598e-01 2.911163e-01 7.321825e-01 -2.014449e+01
9.359238e-01 3.042747e-01 -1.773797e-01 -2.072501e+02 -2.806134e-01 9.485689e-01 1.465374e-01 8.621204e+00 2.128445e-01 -8.737275e-02 9.731717e-01 -2.006641e+01
6.988373e-01 -3.329103e-01 6.330854e-01 -2.068940e+02 3.781499e-01 9.232388e-01 6.806429e-02 8.611446e+00 -6.071483e-01 1.918353e-01 7.710838e-01 -2.007385e+01
6.268368e-01 4.170658e-01 -6.581274e-01 -2.065368e+02 -3.261988e-01 9.075590e-01 2.644448e-01 8.610757e+00 7.075803e-01 4.891669e-02 7.049378e-01 -2.022622e+01
3.678750e-01 -3.524428e-01 8.604953e-01 -2.061782e+02 4.094893e-01 8.922302e-01 1.903779e-01 8.602561e+00 -8.348572e-01 2.823284e-01 4.725507e-01 -2.026231e+01
6.565625e-01 4.061761e-01 -6.355680e-01 -2.057019e+02 -4.124027e-01 8.988338e-01 1.483975e-01 8.591691e+00 6.315455e-01 1.646777e-01 7.576487e-01 -2.028145e+01
2.654041e-01 -4.312154e-01 8.623305e-01 -2.051411e+02 3.048265e-01 8.860570e-01 3.492619e-01 8.578330e+00 -9.146811e-01 1.701657e-01 3.666090e-01 -2.027975e+01
7.307989e-01 2.639462e-01 -6.294961e-01 -2.047016e+02 -3.981709e-01 9.138987e-01 -7.905178e-02 8.564601e+00 5.544303e-01 3.084180e-01 7.729718e-01 -2.023988e+01
4.059212e-01 -4.245672e-01 8.093026e-01 -2.043298e+02 1.517377e-01 9.045591e-01 3.984326e-01 8.553194e+00 -9.012234e-01 -3.893054e-02 4.316025e-01 -2.021814e+01
5.353598e-01 1.766079e-01 -8.259537e-01 -2.038833e+02 -4.121186e-01 9.082069e-01 -7.292809e-02 8.544707e+00 7.372572e-01 3.794336e-01 5.590009e-01 -2.024978e+01
3.000058e-01 -4.385665e-01 8.471458e-01 -2.032891e+02 5.630007e-02 8.946439e-01 4.432184e-01 8.531876e+00 -9.522746e-01 -8.527369e-02 2.930897e-01 -2.025744e+01
8.492343e-01 -1.399200e-02 -5.278308e-01 -2.026399e+02 -1.996440e-01 9.169300e-01 -3.455164e-01 8.518955e+00 4.888184e-01 3.988026e-01 7.758950e-01 -2.027370e+01
4.806388e-01 -2.264017e-01 8.471886e-01 -2.020273e+02 -1.585765e-01 9.277300e-01 3.378913e-01 8.508241e+00 -8.624615e-01 -2.967479e-01 4.100011e-01 -2.032702e+01
7.079506e-01 -1.658142e-01 -6.865213e-01 -2.016094e+02 -1.048833e-01 9.365877e-01 -3.343695e-01 8.498780e+00 6.984307e-01 3.087217e-01 6.456667e-01 -2.034409e+01
6.742102e-01 -1.337609e-01 7.263254e-01 -2.012521e+02 -1.759822e-01 9.260369e-01 3.338952e-01 8.493298e+00 -7.172662e-01 -3.529359e-01 6.008040e-01 -2.040823e+01
5.018425e-01 -1.314980e-01 -8.549049e-01 -2.010629e+02 -2.268307e-01 9.337768e-01 -2.767829e-01 8.496580e+00 8.346868e-01 3.328201e-01 4.387811e-01 -2.056633e+01
6.383470e-01 -2.439281e-01 7.300768e-01 -2.008166e+02 -9.212727e-02 9.174328e-01 3.870782e-01 8.498228e+00 -7.642157e-01 -3.143502e-01 5.631681e-01 -2.071875e+01
7.059957e-01 -7.750417e-02 -7.039625e-01 -2.004321e+02 -2.128895e-01 9.247974e-01 -3.153218e-01 8.493861e+00 6.754614e-01 3.724820e-01 6.364032e-01 -2.081195e+01
8.248019e-01 -2.141614e-01 5.232940e-01 -2.002019e+02 -4.006709e-02 9.010289e-01 4.319046e-01 8.493273e+00 -5.640003e-01 -3.772026e-01 7.345896e-01 -2.092655e+01
7.088002e-01 2.155070e-02 -7.050800e-01 -1.998908e+02 -3.086713e-01 9.082364e-01 -2.825398e-01 8.493405e+00 6.342904e-01 4.179023e-01 6.504102e-01 -2.107261e+01
9.376995e-01 -2.840568e-01 2.000782e-01 -1.995883e+02 1.704090e-01 8.778306e-01 4.476318e-01 8.497277e+00 -3.027876e-01 -3.856490e-01 8.715472e-01 -2.126101e+01
7.731648e-01 2.607309e-01 -5.781312e-01 -1.993372e+02 -4.437245e-01 8.737012e-01 -1.993860e-01 8.498213e+00 4.531278e-01 4.106892e-01 7.912077e-01 -2.138678e+01
9.210913e-01 -3.859987e-01 -5.094932e-02 -1.992936e+02 3.827290e-01 8.736260e-01 3.004932e-01 8.504051e+00 -7.147933e-02 -2.962815e-01 9.524222e-01 -2.152057e+01
6.967273e-01 4.929927e-01 -5.210847e-01 -1.990965e+02 -5.424880e-01 8.373950e-01 6.690540e-02 8.507986e+00 4.693376e-01 2.360674e-01 8.508786e-01 -2.166306e+01
7.941813e-01 -5.321399e-01 2.934333e-01 -1.986514e+02 4.955246e-01 8.466106e-01 1.941801e-01 8.506179e+00 -3.517548e-01 -8.810802e-03 9.360507e-01 -2.178051e+01
8.234476e-01 5.139972e-01 -2.402935e-01 -1.978341e+02 -5.375885e-01 8.422257e-01 -4.067661e-02 8.503949e+00 1.814737e-01 1.626741e-01 9.698476e-01 -2.198388e+01
8.113490e-01 -5.333197e-01 2.393382e-01 -1.969449e+02 4.850920e-01 8.427331e-01 2.334239e-01 8.503607e+00 -3.261878e-01 -7.328721e-02 9.424598e-01 -2.223847e+01
6.093717e-01 5.590907e-01 -5.622131e-01 -1.963719e+02 -5.585652e-01 8.059557e-01 1.960618e-01 8.508988e+00 5.627352e-01 1.945582e-01 8.034153e-01 -2.251413e+01
8.570836e-01 -5.057119e-01 -9.830174e-02 -1.960501e+02 4.903608e-01 8.593165e-01 -1.453321e-01 8.519400e+00 1.579685e-01 7.635847e-02 9.844873e-01 -2.281304e+01
6.809614e-01 5.921798e-01 -4.308301e-01 -1.957542e+02 -3.393168e-01 7.764876e-01 5.309719e-01 8.527972e+00 6.489651e-01 -2.153835e-01 7.296946e-01 -2.305651e+01
9.104827e-01 -3.301400e-01 2.490558e-01 -1.951781e+02 4.049291e-01 8.340104e-01 -3.747786e-01 8.533811e+00 -8.398577e-02 4.420794e-01 8.930354e-01 -2.334080e+01
8.777818e-01 3.958128e-01 2.698727e-01 -1.943343e+02 -4.677288e-01 8.298935e-01 3.041487e-01 8.521514e+00 -1.035797e-01 -3.932034e-01 9.135985e-01 -2.340745e+01
8.777110e-01 -4.744483e-01 6.724790e-02 -1.933430e+02 4.733956e-01 8.367573e-01 -2.751978e-01 8.517056e+00 7.429696e-02 2.733790e-01 9.590328e-01 -2.360585e+01
8.116280e-01 5.340489e-01 -2.367524e-01 -1.926665e+02 -3.690957e-01 7.829392e-01 5.007739e-01 8.525262e+00 4.528005e-01 -3.190579e-01 8.325706e-01 -2.395407e+01
9.321924e-01 -3.396011e-01 -1.252538e-01 -1.921196e+02 2.377899e-01 8.354577e-01 -4.954457e-01 8.540796e+00 2.728981e-01 4.320666e-01 8.595610e-01 -2.441233e+01
8.750029e-01 3.112848e-01 -3.707716e-01 -1.914931e+02 -1.161014e-02 7.791435e-01 6.267380e-01 8.560026e+00 4.839784e-01 -5.440929e-01 6.853670e-01 -2.496046e+01
9.526125e-01 4.433918e-02 -3.009378e-01 -1.909787e+02 -1.996360e-01 8.375767e-01 -5.085378e-01 8.580113e+00 2.295103e-01 5.445174e-01 8.067377e-01 -2.549280e+01
9.107780e-01 -1.231422e-01 -3.941059e-01 -1.902085e+02 3.230866e-01 8.068761e-01 4.945361e-01 8.595322e+00 2.570964e-01 -5.777430e-01 7.746706e-01 -2.598580e+01
7.512631e-01 4.445045e-01 -4.878725e-01 -1.899780e+02 -5.749144e-01 8.037894e-01 -1.529579e-01 8.605915e+00 3.241562e-01 3.953965e-01 8.594093e-01 -2.621955e+01
6.349163e-01 -4.480189e-01 -6.294127e-01 -1.902264e+02 4.865051e-01 8.647247e-01 -1.247559e-01 8.630918e+00 6.001617e-01 -2.270029e-01 7.669913e-01 -2.654748e+01
8.258338e-01 5.399853e-01 -1.625254e-01 -1.898861e+02 -4.492685e-01 8.042092e-01 3.891084e-01 8.650201e+00 3.408172e-01 -2.483213e-01 9.067415e-01 -2.700454e+01
7.882621e-01 -3.661155e-01 -4.945728e-01 -1.894117e+02 1.115530e-01 8.754456e-01 -4.702669e-01 8.666783e+00 6.051436e-01 3.155225e-01 7.309219e-01 -2.744801e+01
9.784828e-01 1.613384e-01 -1.286129e-01 -1.889073e+02 -5.569152e-02 8.067251e-01 5.882967e-01 8.679589e+00 1.986702e-01 -5.684756e-01 7.983518e-01 -2.782990e+01
7.474609e-01 4.832851e-02 -6.625455e-01 -1.884704e+02 -3.806631e-01 8.485270e-01 -3.675562e-01 8.699649e+00 5.444243e-01 5.269405e-01 6.526376e-01 -2.833998e+01
8.608163e-01 -2.924315e-01 -4.165082e-01 -1.882291e+02 4.461536e-01 8.273676e-01 3.411888e-01 8.721177e+00 2.448310e-01 -4.795276e-01 8.426809e-01 -2.882515e+01
6.874811e-01 5.435747e-01 -4.815561e-01 -1.879914e+02 -5.934719e-01 8.027021e-01 5.882558e-02 8.738634e+00 4.185222e-01 2.453486e-01 8.744388e-01 -2.923644e+01
7.558862e-01 -5.114601e-01 -4.087109e-01 -1.877561e+02 4.750116e-01 8.580450e-01 -1.952506e-01 8.755197e+00 4.505552e-01 -4.655523e-02 8.915338e-01 -2.962163e+01
8.165981e-01 5.314597e-01 -2.252066e-01 -1.873717e+02 -3.893139e-01 7.951837e-01 4.648845e-01 8.770966e+00 4.261480e-01 -2.919477e-01 8.562502e-01 -3.003228e+01
8.502386e-01 -3.372969e-01 -4.041349e-01 -1.868434e+02 9.680045e-02 8.548296e-01 -5.097999e-01 8.794531e+00 5.174204e-01 3.943311e-01 7.594597e-01 -3.063558e+01
8.248781e-01 1.632572e-01 -5.412239e-01 -1.863910e+02 2.121408e-01 7.980290e-01 5.640443e-01 8.833348e+00 5.239966e-01 -5.800834e-01 6.236432e-01 -3.151905e+01
7.787005e-01 2.645086e-01 -5.689119e-01 -1.858441e+02 -4.875907e-01 8.257770e-01 -2.834568e-01 8.886386e+00 3.948176e-01 4.981241e-01 7.720048e-01 -3.269988e+01
5.950350e-01 -4.357320e-01 -6.753303e-01 -1.852434e+02 5.520227e-01 8.322913e-01 -5.061688e-02 8.947544e+00 5.841269e-01 -3.426788e-01 7.357764e-01 -3.404031e+01
6.397399e-01 5.917224e-01 -4.905073e-01 -1.846486e+02 -3.764839e-01 7.976385e-01 4.712035e-01 9.024818e+00 6.700692e-01 -1.167795e-01 7.330551e-01 -3.569272e+01
7.901400e-01 -3.432852e-01 -5.077737e-01 -1.838795e+02 1.591949e-02 8.396560e-01 -5.428852e-01 9.093861e+00 6.127197e-01 4.208718e-01 6.689107e-01 -3.720478e+01
9.996562e-01 1.771609e-02 1.933007e-02 -1.826207e+02 -2.533052e-02 8.429380e-01 5.374141e-01 9.140763e+00 -6.773178e-03 -5.377190e-01 8.430969e-01 -3.838803e+01
8.971911e-01 -5.035091e-02 -4.387630e-01 -1.811733e+02 -1.959755e-01 8.449221e-01 -4.976949e-01 9.180920e+00 3.957800e-01 5.325142e-01 7.481890e-01 -3.947788e+01
6.916079e-01 -1.424513e-01 -7.080862e-01 -1.805400e+02 4.744385e-01 8.287940e-01 2.966624e-01 9.238762e+00 5.445977e-01 -5.411175e-01 6.407849e-01 -4.076302e+01
6.960431e-01 5.272783e-01 -4.873414e-01 -1.798642e+02 -5.631051e-01 8.219918e-01 8.510048e-02 9.301728e+00 4.454623e-01 2.151908e-01 8.690548e-01 -4.214024e+01
7.560088e-01 -5.296260e-01 -3.846387e-01 -1.792201e+02 4.561248e-01 8.477267e-01 -2.707574e-01 9.345209e+00 4.694687e-01 2.925176e-02 8.824644e-01 -4.310869e+01
8.666884e-01 4.775864e-01 -1.440920e-01 -1.788009e+02 -3.824822e-01 8.216218e-01 4.226640e-01 9.374709e+00 3.202477e-01 -3.112054e-01 8.947584e-01 -4.382642e+01
8.416891e-01 -3.464339e-01 -4.141774e-01 -1.784379e+02 1.055646e-01 8.578224e-01 -5.029880e-01 9.404080e+00 5.295427e-01 3.796370e-01 7.585909e-01 -4.453630e+01
8.081968e-01 1.290079e-01 -5.746085e-01 -1.778625e+02 2.211145e-01 8.378522e-01 4.991113e-01 9.469773e+00 5.458263e-01 -5.304344e-01 6.486239e-01 -4.597540e+01
8.849858e-01 2.448090e-01 -3.960665e-01 -1.773433e+02 -3.917509e-01 8.512301e-01 -3.491969e-01 9.521229e+00 2.516572e-01 4.641937e-01 8.492307e-01 -4.713207e+01
6.037330e-01 -3.276836e-01 -7.267255e-01 -1.769430e+02 5.138969e-01 8.568932e-01 4.054721e-02 9.570099e+00 6.094395e-01 -3.979417e-01 6.857302e-01 -4.820601e+01
7.402759e-01 5.703047e-01 -3.560114e-01 -1.766225e+02 -4.875368e-01 8.200069e-01 2.998275e-01 9.625296e+00 4.629248e-01 -4.838640e-02 8.850759e-01 -4.937856e+01
7.126622e-01 -4.180935e-01 -5.633032e-01 -1.762631e+02 1.581915e-01 8.780869e-01 -4.515958e-01 9.667620e+00 6.834384e-01 2.327255e-01 6.919182e-01 -5.031692e+01
9.401113e-01 2.263049e-01 -2.549055e-01 -1.759785e+02 -3.457167e-02 8.072604e-01 5.891821e-01 9.691738e+00 3.391099e-01 -5.450842e-01 7.667383e-01 -5.086712e+01
7.702441e-01 8.759923e-02 -6.317044e-01 -1.757901e+02 -3.868638e-01 8.516438e-01 -3.536088e-01 9.713432e+00 5.070113e-01 5.167487e-01 6.898626e-01 -5.135475e+01
8.767381e-01 -3.154031e-01 -3.631131e-01 -1.754108e+02 4.408377e-01 8.288673e-01 3.444432e-01 9.735166e+00 1.923341e-01 -4.620605e-01 8.657411e-01 -5.189710e+01
4.912972e-01 5.518138e-01 -6.738906e-01 -1.750736e+02 -5.656904e-01 7.904660e-01 2.348570e-01 9.770160e+00 6.622850e-01 2.658289e-01 7.005095e-01 -5.267319e+01
8.423064e-01 -5.333835e-01 -7.760145e-02 -1.747084e+02 5.121853e-01 8.369098e-01 -1.929979e-01 9.793696e+00 1.678873e-01 1.228170e-01 9.781257e-01 -5.324960e+01
8.297032e-01 5.490266e-01 -1.008089e-01 -1.742158e+02 -4.862270e-01 7.995394e-01 3.525904e-01 9.801858e+00 2.741822e-01 -2.435293e-01 9.303320e-01 -5.358423e+01
8.113753e-01 -4.265675e-01 -3.996377e-01 -1.738150e+02 2.178586e-01 8.551213e-01 -4.704308e-01 9.822960e+00 5.424092e-01 2.946314e-01 7.867557e-01 -5.413410e+01
9.526369e-01 2.639887e-01 -1.509736e-01 -1.733837e+02 -1.275774e-01 7.975629e-01 5.895909e-01 9.845000e+00 2.760562e-01 -5.424052e-01 7.934668e-01 -5.471417e+01
9.837082e-01 -1.129517e-01 1.398574e-01 -1.725175e+02 1.713970e-01 8.239662e-01 -5.400951e-01 9.850438e+00 -5.423307e-02 5.552671e-01 8.299019e-01 -5.505974e+01
9.776480e-01 1.821771e-01 1.049568e-01 -1.714204e+02 -2.097278e-01 8.099098e-01 5.477776e-01 9.850894e+00 1.478705e-02 -5.575461e-01 8.300143e-01 -5.535506e+01
6.683604e-01 -7.468868e-02 -7.400784e-01 -1.709363e+02 -3.339637e-01 8.588984e-01 -3.882806e-01 9.861287e+00 6.646523e-01 5.066707e-01 5.491103e-01 -5.566193e+01
9.466512e-01 -2.757216e-01 -1.668204e-01 -1.706194e+02 3.222338e-01 8.164695e-01 4.791064e-01 9.876335e+00 4.103761e-03 -5.073019e-01 8.617587e-01 -5.603892e+01
9.002053e-01 3.686866e-01 -2.317338e-01 -1.701974e+02 -4.313957e-01 8.276205e-01 -3.590851e-01 9.876670e+00 5.939778e-02 4.232193e-01 9.040782e-01 -5.619407e+01
9.163501e-01 -3.933215e-01 -7.483823e-02 -1.696119e+02 3.860169e-01 8.182974e-01 4.258877e-01 9.872286e+00 -1.062709e-01 -4.191510e-01 9.016756e-01 -5.629539e+01
4.841090e-01 5.102782e-01 -7.108127e-01 -1.693195e+02 -6.119631e-01 7.780747e-01 1.417782e-01 9.877818e+00 6.254116e-01 3.663550e-01 6.889443e-01 -5.642135e+01
8.112540e-01 -5.844381e-01 -1.729273e-02 -1.689507e+02 5.840765e-01 8.114017e-01 -2.195207e-02 9.888381e+00 2.686098e-02 7.708425e-03 9.996095e-01 -5.671188e+01
6.727304e-01 6.393664e-01 -3.723498e-01 -1.684918e+02 -5.058611e-01 7.647121e-01 3.991490e-01 9.901345e+00 5.399429e-01 -8.016233e-02 8.378757e-01 -5.711790e+01
8.780368e-01 -4.777918e-01 2.768299e-02 -1.680562e+02 4.582303e-01 8.225784e-01 -3.367340e-01 9.911481e+00 1.381173e-01 3.083500e-01 9.411928e-01 -5.746954e+01
8.569857e-01 4.774188e-01 1.940278e-01 -1.673507e+02 -5.151753e-01 7.841477e-01 3.459866e-01 9.906532e+00 1.303410e-02 -3.964639e-01 9.179578e-01 -5.762516e+01
7.976003e-01 -4.554121e-01 -3.955167e-01 -1.671219e+02 2.387011e-01 8.404931e-01 -4.864084e-01 9.908749e+00 5.539454e-01 2.935492e-01 7.790850e-01 -5.776483e+01
8.802288e-01 3.522548e-01 -3.179838e-01 -1.670325e+02 -4.228123e-02 7.256256e-01 6.867895e-01 9.914574e+00 4.726621e-01 -5.910872e-01 6.536103e-01 -5.785118e+01
8.239188e-01 1.297577e-01 -5.516527e-01 -1.664214e+02 -3.901715e-01 8.358646e-01 -3.861303e-01 9.916067e+00 4.110036e-01 5.333792e-01 7.393123e-01 -5.795385e+01
8.615392e-01 -2.837707e-01 -4.209802e-01 -1.659348e+02 4.574138e-01 7.936422e-01 4.011293e-01 9.924101e+00 2.202789e-01 -5.381508e-01 8.135545e-01 -5.824442e+01
8.222203e-01 4.554885e-01 3.412975e-01 -1.650115e+02 -2.471333e-01 8.258692e-01 -5.068186e-01 9.920154e+00 -5.127172e-01 3.323706e-01 7.916128e-01 -5.847638e+01
9.617898e-01 -2.472450e-01 -1.176019e-01 -1.638844e+02 2.716353e-01 8.079453e-01 5.229136e-01 9.912772e+00 -3.427190e-02 -5.348778e-01 8.442341e-01 -5.871571e+01
9.585894e-01 2.828169e-01 3.348006e-02 -1.627499e+02 -2.355250e-01 8.533551e-01 -4.650946e-01 9.907526e+00 -1.601070e-01 4.379494e-01 8.846277e-01 -5.895295e+01
5.259588e-01 -5.434158e-02 -8.487722e-01 -1.618781e+02 4.863654e-01 8.378981e-01 2.477408e-01 9.913866e+00 6.977220e-01 -5.431149e-01 4.671298e-01 -5.926431e+01
8.128692e-01 4.857936e-01 3.213228e-01 -1.609653e+02 -4.379711e-01 8.734839e-01 -2.126200e-01 9.911816e+00 -3.839597e-01 3.210212e-02 9.227916e-01 -5.945166e+01
5.623069e-01 -2.515532e-01 -7.877385e-01 -1.602901e+02 3.823300e-01 9.237621e-01 -2.207405e-02 9.906578e+00 7.332358e-01 -2.887637e-01 6.156141e-01 -5.955503e+01
7.081013e-01 3.357334e-01 6.211889e-01 -1.599110e+02 -3.197936e-01 9.368186e-01 -1.417846e-01 9.904732e+00 -6.295432e-01 -9.825439e-02 7.707279e-01 -5.967224e+01
3.700250e-01 -2.095156e-01 -9.050882e-01 -1.595625e+02 2.382479e-01 9.630574e-01 -1.255323e-01 9.906617e+00 8.979529e-01 -1.691852e-01 4.062720e-01 -5.983851e+01
8.797815e-01 2.238582e-01 4.193709e-01 -1.597177e+02 -2.922980e-01 9.504508e-01 1.058544e-01 9.923943e+00 -3.748950e-01 -2.157101e-01 9.016224e-01 -6.014627e+01
2.735194e-01 -2.249345e-01 -9.351960e-01 -1.600497e+02 -5.982761e-02 9.664111e-01 -2.499403e-01 9.954710e+00 9.600041e-01 1.243141e-01 2.508749e-01 -6.059690e+01
9.643229e-01 -5.755440e-02 2.583968e-01 -1.599103e+02 -5.614008e-02 9.094198e-01 4.120728e-01 9.970208e+00 -2.587077e-01 -4.118776e-01 8.737432e-01 -6.088838e+01
7.326636e-01 7.262338e-02 -6.767052e-01 -1.591974e+02 -2.820925e-01 9.372659e-01 -2.048329e-01 9.974059e+00 6.193770e-01 3.409670e-01 7.071871e-01 -6.119400e+01
9.657444e-01 -2.593976e-01 -7.110130e-03 -1.588089e+02 2.483828e-01 9.161096e-01 3.147207e-01 9.992341e+00 -7.512413e-02 -3.057058e-01 9.491577e-01 -6.170698e+01
8.914052e-01 3.082344e-01 -3.322474e-01 -1.583098e+02 -3.649249e-01 9.228913e-01 -1.228877e-01 9.994822e+00 2.687501e-01 2.307881e-01 9.351525e-01 -6.196188e+01
9.249838e-01 -3.754770e-01 5.849792e-02 -1.579252e+02 3.551599e-01 9.089495e-01 2.183399e-01 1.000314e+01 -1.351533e-01 -1.811848e-01 9.741179e-01 -6.231730e+01
8.712601e-01 3.455229e-01 -3.485968e-01 -1.577813e+02 -3.877148e-01 9.200070e-01 -5.713438e-02 1.001640e+01 3.009703e-01 1.849350e-01 9.355297e-01 -6.269697e+01
9.158453e-01 -3.969642e-01 6.038893e-02 -1.576283e+02 3.870180e-01 9.127713e-01 1.306357e-01 1.002591e+01 -1.069790e-01 -9.627053e-02 9.895896e-01 -6.301996e+01
8.705141e-01 3.856520e-01 -3.057412e-01 -1.575049e+02 -3.962035e-01 9.176899e-01 2.946333e-02 1.003911e+01 2.919382e-01 9.548748e-02 9.516587e-01 -6.342054e+01
8.595722e-01 -4.451371e-01 2.509752e-01 -1.571580e+02 4.345931e-01 8.951462e-01 9.920763e-02 1.005027e+01 -2.688205e-01 2.379594e-02 9.628963e-01 -6.385554e+01
7.263755e-01 4.419963e-01 -5.263249e-01 -1.567718e+02 -3.971578e-01 8.949218e-01 2.034226e-01 1.007198e+01 5.609316e-01 6.127284e-02 8.255915e-01 -6.449346e+01
8.597232e-01 -4.140949e-01 2.990007e-01 -1.565950e+02 4.439359e-01 8.953144e-01 -3.651119e-02 1.008713e+01 -2.525805e-01 1.641266e-01 9.535542e-01 -6.493907e+01
8.257745e-01 4.444425e-01 -3.472281e-01 -1.563918e+02 -3.726889e-01 8.920838e-01 2.555180e-01 1.009404e+01 4.233197e-01 -8.159216e-02 9.022988e-01 -6.524226e+01
8.025185e-01 -3.990174e-01 4.435641e-01 -1.556364e+02 4.480972e-01 8.939609e-01 -6.538650e-03 1.009542e+01 -3.939199e-01 2.040072e-01 8.962188e-01 -6.553968e+01
7.997112e-01 4.954012e-01 -3.391751e-01 -1.546558e+02 -4.360679e-01 8.675866e-01 2.390359e-01 1.009722e+01 4.126825e-01 -4.325630e-02 9.098473e-01 -6.588051e+01
8.329281e-01 -3.306318e-01 -4.437493e-01 -1.541132e+02 2.281946e-01 9.357492e-01 -2.688878e-01 1.010971e+01 5.041410e-01 1.227030e-01 8.548601e-01 -6.623938e+01
7.294785e-01 3.734641e-01 -5.730494e-01 -1.534715e+02 -1.200468e-02 8.446482e-01 5.351871e-01 1.013437e+01 6.838984e-01 -3.835282e-01 6.206361e-01 -6.683505e+01
9.966767e-01 4.207865e-02 -6.974861e-02 -1.525085e+02 -6.649313e-02 9.148760e-01 -3.982218e-01 1.015461e+01 4.705469e-02 4.015362e-01 9.146336e-01 -6.746260e+01
7.080732e-01 6.688232e-02 -7.029645e-01 -1.516717e+02 2.857662e-01 8.832030e-01 3.718738e-01 1.016888e+01 6.457321e-01 -4.641974e-01 6.062597e-01 -6.791646e+01
9.382314e-01 3.440671e-01 -3.660156e-02 -1.511782e+02 -3.434397e-01 9.131750e-01 -2.194552e-01 1.017111e+01 -4.208369e-02 2.184702e-01 9.749358e-01 -6.806326e+01
8.103171e-01 -2.346296e-01 -5.369686e-01 -1.502091e+02 3.747024e-01 9.119896e-01 1.669521e-01 1.015971e+01 4.505379e-01 -3.364875e-01 8.269170e-01 -6.799534e+01
-6.213431e-02 3.614688e-01 9.303116e-01 -1.479923e+02 4.557207e-01 8.395481e-01 -2.957661e-01 1.016921e+01 -8.879515e-01 4.055850e-01 -2.168936e-01 -6.874085e+01
1.271244e-01 3.785147e-01 -9.168239e-01 -1.461444e+02 3.282033e-01 8.562040e-01 3.989953e-01 1.020206e+01 9.360139e-01 -3.516266e-01 -1.538531e-02 -6.978437e+01
1.229190e-01 2.721428e-01 9.543737e-01 -1.451651e+02 3.419241e-01 8.911728e-01 -2.981591e-01 1.019659e+01 -9.316538e-01 3.629728e-01 1.648988e-02 -6.992971e+01
1.476771e-01 4.057128e-01 -9.019914e-01 -1.442417e+02 2.246667e-01 8.743888e-01 4.300804e-01 1.019274e+01 9.631803e-01 -2.661605e-01 3.797704e-02 -7.012659e+01
5.177688e-01 1.548122e-01 8.413969e-01 -1.433848e+02 2.030859e-01 9.331379e-01 -2.966646e-01 1.019349e+01 -8.310666e-01 3.244795e-01 4.517095e-01 -7.033737e+01
-3.328727e-01 3.213939e-01 -8.865110e-01 -1.429015e+02 2.917170e-01 9.291049e-01 2.273001e-01 1.020989e+01 8.967145e-01 -1.829483e-01 -4.030297e-01 -7.076743e+01
5.357891e-01 1.936653e-01 8.218417e-01 -1.425074e+02 -1.300194e-02 9.751173e-01 -2.213079e-01 1.022830e+01 -8.442517e-01 1.078888e-01 5.249752e-01 -7.124007e+01
-2.576301e-01 1.185456e-01 -9.589440e-01 -1.420988e+02 1.589620e-01 9.841228e-01 7.895143e-02 1.023614e+01 9.530781e-01 -1.320954e-01 -2.723839e-01 -7.149662e+01
6.489844e-01 6.724544e-02 7.578240e-01 -1.418173e+02 -9.987265e-02 9.949964e-01 -2.762090e-03 1.024638e+01 -7.542179e-01 -7.389334e-02 6.524531e-01 -7.175745e+01
-4.127816e-01 3.049424e-02 -9.103194e-01 -1.419115e+02 -1.043254e-01 9.912790e-01 8.051228e-02 1.026902e+01 9.048356e-01 1.282034e-01 -4.060004e-01 -7.212290e+01
7.056180e-01 -1.604348e-01 6.901912e-01 -1.421801e+02 6.657287e-02 9.847327e-01 1.608400e-01 1.030020e+01 -7.054582e-01 -6.754361e-02 7.055257e-01 -7.254334e+01
-2.173835e-01 1.669813e-01 -9.616973e-01 -1.425234e+02 -2.019918e-01 9.562353e-01 2.116915e-01 1.032558e+01 9.549574e-01 2.402732e-01 -1.741410e-01 -7.285348e+01
9.732967e-01 -1.759382e-01 -1.474426e-01 -1.432922e+02 1.844665e-01 9.817520e-01 4.620756e-02 1.035214e+01 1.366224e-01 -7.217188e-02 9.879907e-01 -7.233412e+01
-4.704716e-01 4.629840e-01 -7.512005e-01 -1.445668e+02 1.048186e-01 8.745952e-01 4.733882e-01 1.038920e+01 8.761675e-01 1.439759e-01 -4.600016e-01 -7.132218e+01
9.909836e-01 8.713538e-02 1.017788e-01 -1.457493e+02 -6.068040e-02 9.691490e-01 -2.388895e-01 1.042895e+01 -1.194545e-01 2.305596e-01 9.656981e-01 -7.076972e+01
1.743057e-01 1.223696e-01 -9.770584e-01 -1.461195e+02 1.789307e-01 9.717928e-01 1.536311e-01 1.044511e+01 9.682982e-01 -2.016046e-01 1.474934e-01 -7.073655e+01
7.884846e-01 3.417036e-01 -5.114008e-01 -1.469696e+02 -2.324479e-01 9.353597e-01 2.665898e-01 1.049058e+01 5.694384e-01 -9.132789e-02 8.169450e-01 -7.076074e+01
-1.294753e-01 5.050938e-02 -9.902954e-01 -1.483022e+02 -2.670735e-01 9.600184e-01 8.388342e-02 1.055388e+01 9.549387e-01 2.753425e-01 -1.108090e-01 -7.044404e+01
8.810300e-01 -1.742130e-01 -4.398135e-01 -1.489778e+02 2.503129e-01 9.605827e-01 1.209312e-01 1.057864e+01 4.014095e-01 -2.166350e-01 8.899100e-01 -6.998424e+01
-1.106832e-01 5.345703e-01 -8.378447e-01 -1.500064e+02 -5.709798e-02 8.382118e-01 5.423474e-01 1.060799e+01 9.922142e-01 1.078680e-01 -6.225310e-02 -6.919439e+01
8.821695e-01 5.965852e-02 -4.671379e-01 -1.511948e+02 -1.785543e-01 9.602518e-01 -2.145574e-01 1.064632e+01 4.357699e-01 2.726855e-01 8.577571e-01 -6.854477e+01
3.685131e-02 9.309580e-02 -9.949750e-01 -1.522245e+02 2.105576e-01 9.725761e-01 9.879855e-02 1.068295e+01 9.768866e-01 -2.131404e-01 1.623868e-02 -6.820881e+01
9.100164e-01 3.305548e-01 -2.502073e-01 -1.530164e+02 -2.788601e-01 9.346580e-01 2.205708e-01 1.073654e+01 3.067690e-01 -1.309502e-01 9.427326e-01 -6.869298e+01
-1.308584e-01 -2.503835e-02 -9.910848e-01 -1.539416e+02 -2.959686e-01 9.550807e-01 1.494961e-02 1.079528e+01 9.461917e-01 2.952863e-01 -1.323909e-01 -6.907817e+01
8.343584e-01 -1.622614e-01 -5.267991e-01 -1.552133e+02 2.714224e-01 9.527419e-01 1.364284e-01 1.085597e+01 4.797666e-01 -2.568153e-01 8.389696e-01 -6.902848e+01
-6.980394e-02 5.210018e-01 -8.506965e-01 -1.562062e+02 -1.363165e-01 8.397953e-01 5.255109e-01 1.091709e+01 9.882030e-01 1.526467e-01 1.240013e-02 -6.926872e+01
9.744684e-01 -7.799206e-02 -2.105436e-01 -1.562257e+02 1.075183e-02 9.528638e-01 -3.032080e-01 1.095683e+01 2.242672e-01 2.932028e-01 9.293742e-01 -6.990020e+01
-9.809998e-02 2.365923e-01 -9.666439e-01 -1.568216e+02 2.711429e-01 9.409360e-01 2.027831e-01 1.101597e+01 9.575270e-01 -2.422056e-01 -1.564561e-01 -7.055066e+01
9.159826e-01 2.160264e-01 3.380953e-01 -1.560895e+02 -1.989951e-01 9.763331e-01 -8.470295e-02 1.103615e+01 -3.483917e-01 1.030712e-02 9.372924e-01 -7.091006e+01
-4.410536e-02 5.482950e-02 -9.975211e-01 -1.556702e+02 6.201393e-02 9.967175e-01 5.204338e-02 1.103533e+01 9.971003e-01 -5.956482e-02 -4.736078e-02 -7.075107e+01
9.798526e-01 1.341720e-01 -1.479416e-01 -1.561275e+02 -9.975209e-02 9.705016e-01 2.194908e-01 1.106160e+01 1.730271e-01 -2.003111e-01 9.643325e-01 -7.069153e+01
-3.134234e-01 1.737348e-01 -9.335856e-01 -1.568842e+02 -2.296785e-01 9.400636e-01 2.520480e-01 1.110700e+01 9.214193e-01 2.934222e-01 -2.547348e-01 -7.075616e+01
9.715964e-01 -1.979399e-01 -1.296928e-01 -1.576358e+02 1.952728e-01 9.801904e-01 -3.309685e-02 1.114912e+01 1.336748e-01 6.831310e-03 9.910017e-01 -7.074775e+01
-8.878185e-02 4.130656e-01 -9.063634e-01 -1.583098e+02 1.684820e-02 9.104493e-01 4.132774e-01 1.118397e+01 9.959086e-01 2.142094e-02 -8.779078e-02 -7.068228e+01
9.388026e-01 4.192133e-02 3.418951e-01 -1.587182e+02 5.272817e-02 9.633786e-01 -2.629095e-01 1.122791e+01 -3.403959e-01 2.648476e-01 9.022119e-01 -7.130150e+01
-3.241396e-01 1.927623e-01 -9.261621e-01 -1.592760e+02 2.051535e-01 9.700449e-01 1.300957e-01 1.127301e+01 9.234964e-01 -1.478362e-01 -3.539759e-01 -7.178434e+01
8.161837e-01 1.461121e-01 5.590129e-01 -1.595015e+02 -1.602699e-01 9.867834e-01 -2.391937e-02 1.129044e+01 -5.551195e-01 -7.007035e-02 8.288139e-01 -7.187464e+01
-6.397634e-02 1.752435e-02 -9.977975e-01 -1.592534e+02 -3.487138e-02 9.991960e-01 1.978478e-02 1.130584e+01 9.973420e-01 3.606033e-02 -6.331381e-02 -7.221649e+01
9.323637e-01 -6.419642e-02 3.557762e-01 -1.591473e+02 -5.264804e-03 9.815922e-01 1.909161e-01 1.132384e+01 -3.614833e-01 -1.798764e-01 9.148630e-01 -7.248654e+01
-7.805976e-01 2.357843e-01 -5.788550e-01 -1.591330e+02 -4.867682e-02 9.003722e-01 4.323892e-01 1.135183e+01 6.231356e-01 3.656988e-01 -6.913511e-01 -7.234437e+01
9.317251e-01 -2.092996e-01 2.967861e-01 -1.599255e+02 2.458908e-01 9.649764e-01 -9.142402e-02 1.136457e+01 -2.672566e-01 1.581590e-01 9.505575e-01 -7.118652e+01
-2.893686e-01 4.374435e-01 -8.514159e-01 -1.605694e+02 1.211904e-01 8.990543e-01 4.207306e-01 1.138074e+01 9.495150e-01 1.856277e-02 -3.131720e-01 -7.074867e+01
6.339166e-01 8.107835e-02 7.691398e-01 -1.608592e+02 2.024563e-01 9.424148e-01 -2.662063e-01 1.140633e+01 -7.464323e-01 3.244698e-01 5.809976e-01 -7.106498e+01
-1.867841e-01 2.918088e-01 -9.380615e-01 -1.610126e+02 2.396507e-01 9.395535e-01 2.445543e-01 1.142682e+01 9.527220e-01 -1.791282e-01 -2.454258e-01 -7.138599e+01
2.827168e-01 1.551198e-01 9.465776e-01 -1.606249e+02 1.285398e-01 9.718094e-01 -1.976459e-01 1.143072e+01 -9.505518e-01 1.775507e-01 2.548078e-01 -7.160096e+01
8.339074e-01 9.301070e-02 -5.440105e-01 -1.590676e+02 5.344715e-02 9.674544e-01 2.473364e-01 1.142269e+01 5.493103e-01 -2.353315e-01 8.017963e-01 -7.188903e+01
3.061072e-01 3.408716e-02 9.513866e-01 -1.577036e+02 2.700751e-01 9.551908e-01 -1.211197e-01 1.141070e+01 -9.128843e-01 2.940214e-01 2.831847e-01 -7.209065e+01
-1.903160e-01 3.553748e-01 -9.151440e-01 -1.574961e+02 1.309417e-01 9.330415e-01 3.350939e-01 1.141508e+01 9.729512e-01 -5.605678e-02 -2.241061e-01 -7.228844e+01
2.836784e-01 4.683018e-02 9.577753e-01 -1.571946e+02 2.466216e-01 9.616456e-01 -1.200650e-01 1.141588e+01 -9.266630e-01 2.702679e-01 2.612488e-01 -7.242401e+01
-4.888296e-01 3.446053e-01 -8.014317e-01 -1.569196e+02 1.832254e-01 9.387384e-01 2.918880e-01 1.141994e+01 8.529209e-01 -4.159207e-03 -5.220236e-01 -7.256922e+01
2.444297e-01 5.731479e-02 9.679717e-01 -1.565879e+02 2.003278e-01 9.737312e-01 -1.082421e-01 1.142044e+01 -9.487481e-01 2.203692e-01 2.265271e-01 -7.263986e+01
-2.119821e-01 2.762499e-01 -9.374164e-01 -1.562897e+02 1.308138e-01 9.586047e-01 2.529124e-01 1.142272e+01 9.684789e-01 -6.901406e-02 -2.393444e-01 -7.279068e+01
7.057867e-01 4.587414e-02 7.069375e-01 -1.560289e+02 4.712977e-02 9.926499e-01 -1.114675e-01 1.143290e+01 -7.068549e-01 1.119901e-01 6.984371e-01 -7.300718e+01
-3.453672e-01 2.122291e-01 -9.141555e-01 -1.556685e+02 8.986710e-02 9.770965e-01 1.928896e-01 1.144790e+01 9.341549e-01 -1.553477e-02 -3.565294e-01 -7.336469e+01
3.656171e-01 -1.423431e-02 9.306565e-01 -1.551345e+02 1.130258e-01 9.931625e-01 -2.921292e-02 1.146345e+01 -9.238773e-01 1.158690e-01 3.647260e-01 -7.384084e+01
-4.868821e-01 2.158575e-01 -8.463754e-01 -1.548755e+02 2.897358e-02 9.724410e-01 2.313418e-01 1.147519e+01 8.729870e-01 8.811365e-02 -4.797183e-01 -7.414273e+01
4.157041e-01 -9.283539e-02 9.047495e-01 -1.547306e+02 1.422703e-01 9.891683e-01 3.612877e-02 1.148527e+01 -8.983036e-01 1.137001e-01 4.244090e-01 -7.438213e+01
-5.372839e-01 2.604862e-01 -8.021677e-01 -1.545143e+02 -5.341289e-03 9.500401e-01 3.120820e-01 1.148825e+01 8.433845e-01 1.719613e-01 -5.090499e-01 -7.445973e+01
4.535024e-01 -1.376890e-01 8.805551e-01 -1.544848e+02 2.302157e-01 9.725625e-01 3.351044e-02 1.149197e+01 -8.610089e-01 1.875205e-01 4.727576e-01 -7.448672e+01
-8.412710e-01 1.817586e-01 -5.091433e-01 -1.583525e+02 1.718104e-01 9.828504e-01 6.697992e-02 1.165559e+01 5.125859e-01 -3.112784e-02 -8.580715e-01 -7.466420e+01
