9.999538e-01 1.017378e-03 -9.554932e-03 5.829884e-01 -1.016402e-03 9.999995e-01 1.070056e-04 -3.480684e-02 9.555035e-03 -9.728973e-05 9.999543e-01 4.663732e-01
9.999968e-01 1.203519e-04 -2.519735e-03 1.320871e+00 -1.192347e-04 9.999999e-01 4.435138e-04 -6.612816e-02 2.519788e-03 -4.432112e-04 9.999967e-01 6.000310e-01
9.999590e-01 5.777412e-04 -9.036407e-03 1.933138e+00 -5.748916e-04 9.999998e-01 3.179444e-04 -8.240606e-02 9.036589e-03 -3.127371e-04 9.999591e-01 3.574796e-01
9.999790e-01 1.778939e-04 -6.470813e-03 2.801391e+00 -1.761261e-04 9.999999e-01 2.737492e-04 -1.105759e-01 6.470862e-03 -2.726031e-04 9.999790e-01 2.308239e-01
9.999512e-01 8.278208e-04 -9.844283e-03 3.714992e+00 -8.322144e-04 9.999996e-01 -4.422208e-04 -1.469808e-01 9.843912e-03 4.503911e-04 9.999514e-01 3.895606e-01
9.999971e-01 1.569121e-04 -2.418930e-03 4.421213e+00 -1.559271e-04 9.999999e-01 4.073749e-04 -1.766190e-01 2.418994e-03 -4.069958e-04 9.999970e-01 4.803265e-01
9.999321e-01 -1.369846e-04 -1.165264e-02 5.318709e+00 1.498727e-04 9.999994e-01 1.105161e-03 -2.017347e-01 1.165248e-02 -1.106833e-03 9.999315e-01 1.488328e-01
9.999289e-01 3.770234e-04 -1.191909e-02 6.969118e+00 -3.854037e-04 9.999997e-01 -7.008123e-04 -2.301871e-01 1.191882e-02 7.053568e-04 9.999287e-01 -6.588428e-01
9.999548e-01 4.030478e-04 -9.497741e-03 8.405532e+00 -3.945147e-04 9.999995e-01 9.003001e-04 -2.631865e-01 9.498099e-03 -8.965131e-04 9.999545e-01 -1.151586e+00
9.999713e-01 9.156612e-04 -7.515945e-03 9.567427e+00 -9.279703e-04 9.999982e-01 -1.634419e-03 -2.989169e-01 7.514436e-03 1.641347e-03 9.999704e-01 -1.250494e+00
9.999673e-01 -1.108590e-03 -8.010754e-03 1.075535e+01 1.135317e-03 9.999938e-01 3.332642e-03 -3.268247e-01 8.007010e-03 -3.341628e-03 9.999624e-01 -1.836348e+00
9.999833e-01 -2.974953e-04 -5.778325e-03 1.221791e+01 2.924742e-04 9.999996e-01 -8.697849e-04 -3.285619e-01 5.778581e-03 8.680810e-04 9.999829e-01 -3.689671e+00
9.999701e-01 1.539751e-03 -7.578926e-03 1.312983e+01 -1.535463e-03 9.999987e-01 5.715003e-04 -3.470754e-01 7.579796e-03 -5.598468e-04 9.999711e-01 -4.196254e+00
9.999954e-01 -1.288675e-03 -2.739669e-03 1.366941e+01 1.289479e-03 9.999991e-01 2.915130e-04 -3.588778e-01 2.739292e-03 -2.950437e-04 9.999962e-01 -4.511660e+00
9.999853e-01 3.833935e-03 -3.845819e-03 1.458113e+01 -3.843978e-03 9.999892e-01 -2.607333e-03 -4.389416e-01 3.835781e-03 2.622077e-03 9.999892e-01 -2.478851e+00
9.999149e-01 5.445960e-05 -1.304642e-02 1.627861e+01 -5.148676e-05 1.000000e+00 2.281938e-04 -5.358546e-01 1.304643e-02 -2.275020e-04 9.999149e-01 -6.731308e-01
9.999687e-01 4.706816e-03 -6.358622e-03 1.841597e+01 -4.728477e-03 9.999831e-01 -3.395843e-03 -6.424733e-01 6.342531e-03 3.425803e-03 9.999740e-01 1.093062e+00
9.998586e-01 3.129120e-04 -1.681589e-02 2.100178e+01 -3.052103e-04 9.999998e-01 4.605635e-04 -7.567312e-01 1.681603e-02 -4.553652e-04 9.998585e-01 2.699991e+00
9.999922e-01 3.794885e-03 1.061864e-03 2.307700e+01 -3.791140e-03 9.999867e-01 -3.506916e-03 -8.551107e-01 -1.075158e-03 3.502863e-03 9.999933e-01 4.387683e+00
9.999440e-01 3.549650e-04 -1.057845e-02 2.491694e+01 -3.606307e-04 9.999998e-01 -5.336934e-04 -9.616475e-01 1.057825e-02 5.374791e-04 9.999439e-01 6.653336e+00
9.999293e-01 4.044548e-03 -1.118164e-02 2.742534e+01 -4.059133e-03 9.999909e-01 -1.281943e-03 -1.059351e+00 1.117636e-02 1.327239e-03 9.999367e-01 7.695277e+00
9.998938e-01 1.319672e-03 -1.451039e-02 3.039488e+01 -1.327633e-03 9.999990e-01 -5.390875e-04 -1.158649e+00 1.450966e-02 5.582955e-04 9.998946e-01 8.280685e+00
9.999913e-01 2.789630e-03 -3.097750e-03 3.256856e+01 -2.794535e-03 9.999948e-01 -1.580321e-03 -1.251253e+00 3.093325e-03 1.588963e-03 9.999940e-01 9.673459e+00
9.999639e-01 1.239215e-03 -8.402464e-03 3.468928e+01 -1.256220e-03 9.999972e-01 -2.018876e-03 -1.358743e+00 8.399939e-03 2.029359e-03 9.999627e-01 1.147331e+01
9.999956e-01 2.563149e-03 -1.495005e-03 3.641094e+01 -2.565905e-03 9.999950e-01 -1.844415e-03 -1.468541e+00 1.490270e-03 1.848242e-03 9.999972e-01 1.392806e+01
9.998742e-01 2.603275e-03 -1.564407e-02 3.887399e+01 -2.630485e-03 9.999951e-01 -1.719015e-03 -1.589252e+00 1.563952e-02 1.759951e-03 9.998761e-01 1.588133e+01
9.999413e-01 1.674306e-03 1.070308e-02 4.075587e+01 -1.646990e-03 9.999954e-01 -2.560476e-03 -1.702276e+00 -1.070732e-02 2.542697e-03 9.999394e-01 1.833226e+01
9.999368e-01 1.766034e-03 -1.110157e-02 4.210752e+01 -1.780521e-03 9.999976e-01 -1.295237e-03 -1.794756e+00 1.109926e-02 1.314923e-03 9.999375e-01 2.069552e+01
9.999447e-01 1.758867e-03 1.037180e-02 4.344805e+01 -1.732662e-03 9.999953e-01 -2.535088e-03 -1.890807e+00 -1.037621e-02 2.516976e-03 9.999430e-01 2.304293e+01
9.999941e-01 1.294658e-03 -3.172314e-03 4.443702e+01 -1.303238e-03 9.999955e-01 -2.703854e-03 -1.993370e+00 3.168799e-03 2.707973e-03 9.999913e-01 2.646021e+01
9.998685e-01 7.195280e-04 1.619894e-02 4.518636e+01 -6.667748e-04 9.999945e-01 -3.261758e-03 -2.099321e+00 -1.620119e-02 3.250527e-03 9.998635e-01 3.057066e+01
9.999721e-01 1.867056e-04 -7.466487e-03 4.511721e+01 -1.892612e-04 9.999999e-01 -3.415929e-04 -2.143384e+00 7.466423e-03 3.429972e-04 9.999721e-01 3.303643e+01
9.998355e-01 1.591441e-03 1.806721e-02 4.532881e+01 -1.518708e-03 9.999907e-01 -4.038674e-03 -2.204287e+00 -1.807347e-02 4.010570e-03 9.998286e-01 3.591710e+01
9.999536e-01 7.332249e-04 -9.603049e-03 4.629354e+01 -7.456468e-04 9.999989e-01 -1.290032e-03 -2.312720e+00 9.602093e-03 1.297134e-03 9.999531e-01 3.956932e+01
9.997710e-01 1.654823e-03 2.133395e-02 4.716220e+01 -1.559497e-03 9.999887e-01 -4.484138e-03 -2.423566e+00 -2.134113e-02 4.449840e-03 9.997623e-01 4.349979e+01
9.999957e-01 -6.293627e-04 -2.868131e-03 4.690791e+01 6.242762e-04 9.999982e-01 -1.774045e-03 -2.478018e+00 2.869243e-03 1.772247e-03 9.999943e-01 4.763946e+01
9.997399e-01 1.962282e-03 2.272178e-02 4.703909e+01 -1.842431e-03 9.999843e-01 -5.294473e-03 -2.558632e+00 -2.273181e-02 5.251232e-03 9.997278e-01 5.226855e+01
9.999945e-01 -1.634245e-04 -3.319497e-03 4.733279e+01 1.582782e-04 9.999988e-01 -1.550581e-03 -2.650224e+00 3.319747e-03 1.550048e-03 9.999933e-01 5.694639e+01
9.997092e-01 1.744884e-03 2.404969e-02 4.771724e+01 -1.601335e-03 9.999808e-01 -5.986829e-03 -2.749706e+00 -2.405968e-02 5.946576e-03 9.996928e-01 6.187364e+01
9.998989e-01 -1.409858e-03 -1.414938e-02 4.735843e+01 1.472869e-03 9.999890e-01 4.443813e-03 -2.762984e+00 1.414296e-02 -4.464203e-03 9.998900e-01 6.298884e+01
9.998613e-01 3.949756e-03 1.618043e-02 4.744298e+01 -3.851472e-03 9.999740e-01 -6.100905e-03 -2.773905e+00 -1.620411e-02 6.037740e-03 9.998505e-01 6.240553e+01
9.999550e-01 -1.716640e-03 -9.332563e-03 4.771477e+01 1.725935e-03 9.999980e-01 9.880550e-04 -2.829187e+00 9.330849e-03 -1.004117e-03 9.999560e-01 6.524238e+01
9.998046e-01 2.189311e-03 1.964798e-02 4.658110e+01 -2.117944e-03 9.999911e-01 -3.652367e-03 -2.789116e+00 -1.965580e-02 3.610039e-03 9.998003e-01 6.556648e+01
9.999445e-01 -1.396132e-03 -1.044556e-02 4.521899e+01 1.393715e-03 9.999990e-01 -2.386422e-04 -2.741135e+00 1.044589e-02 2.240715e-04 9.999454e-01 6.607882e+01
9.997300e-01 2.148560e-03 2.313616e-02 4.478147e+01 -2.023618e-03 9.999833e-01 -5.422376e-03 -2.778401e+00 -2.314743e-02 5.374093e-03 9.997176e-01 6.956408e+01
9.999375e-01 -2.172890e-03 -1.096353e-02 4.358934e+01 2.176355e-03 9.999976e-01 3.041180e-04 -2.761627e+00 1.096284e-02 -3.279588e-04 9.999399e-01 7.191728e+01
9.997593e-01 1.820731e-03 2.186185e-02 4.198634e+01 -1.729027e-03 9.999896e-01 -4.212903e-03 -2.718730e+00 -2.186930e-02 4.174088e-03 9.997521e-01 7.315368e+01
9.998735e-01 -7.748155e-04 -1.588796e-02 4.239585e+01 7.797611e-04 9.999996e-01 3.050800e-04 -2.791652e+00 1.588772e-02 -3.174295e-04 9.998737e-01 7.600900e+01
9.998131e-01 1.741657e-03 1.925250e-02 4.271412e+01 -1.680266e-03 9.999935e-01 -3.204422e-03 -2.857675e+00 -1.925795e-02 3.171473e-03 9.998095e-01 7.835074e+01
9.997640e-01 -1.171174e-03 -2.169384e-02 4.281145e+01 1.219595e-03 9.999968e-01 2.218938e-03 -2.890054e+00 2.169117e-02 -2.244871e-03 9.997622e-01 7.917062e+01
9.996312e-01 2.095659e-03 2.707567e-02 4.316748e+01 -1.950312e-03 9.999836e-01 -5.393464e-03 -2.957661e+00 -2.708652e-02 5.338668e-03 9.996188e-01 8.153772e+01
9.996259e-01 -1.524078e-03 -2.730940e-02 4.343601e+01 1.609921e-03 9.999938e-01 3.121629e-03 -3.008326e+00 2.730447e-02 -3.164426e-03 9.996222e-01 8.337084e+01
9.998062e-01 1.618336e-03 1.962184e-02 4.367883e+01 -1.575383e-03 9.999963e-01 -2.204319e-03 -3.015288e+00 -1.962533e-02 2.172979e-03 9.998050e-01 8.307839e+01
9.996217e-01 -1.696754e-03 -2.745179e-02 4.377222e+01 1.771047e-03 9.999948e-01 2.682228e-03 -3.012537e+00 2.744709e-02 -2.729831e-03 9.996195e-01 8.262809e+01
9.997482e-01 1.801021e-03 2.236532e-02 4.364550e+01 -1.740296e-03 9.999947e-01 -2.734338e-03 -3.014102e+00 -2.237013e-02 2.694727e-03 9.997461e-01 8.293963e+01
9.997306e-01 -1.427426e-03 -2.316722e-02 4.368994e+01 1.472590e-03 9.999970e-01 1.932521e-03 -3.036970e+00 2.316440e-02 -1.966115e-03 9.997297e-01 8.395396e+01
9.997741e-01 1.841144e-03 2.117277e-02 4.380321e+01 -1.780411e-03 9.999942e-01 -2.886949e-03 -3.068808e+00 -2.117797e-02 2.848600e-03 9.997717e-01 8.507154e+01
9.997196e-01 -1.544245e-03 -2.363019e-02 4.382087e+01 1.603543e-03 9.999956e-01 2.490681e-03 -3.085313e+00 2.362624e-02 -2.527874e-03 9.997177e-01 8.582064e+01
9.998454e-01 1.771049e-03 1.749510e-02 4.390586e+01 -1.726473e-03 9.999952e-01 -2.562693e-03 -3.101662e+00 -1.749956e-02 2.532092e-03 9.998437e-01 8.632150e+01
9.997380e-01 -2.058819e-03 -2.279829e-02 4.346880e+01 2.117817e-03 9.999945e-01 2.563972e-03 -3.078530e+00 2.279289e-02 -2.611582e-03 9.997368e-01 8.605655e+01
9.998305e-01 1.810108e-03 1.832260e-02 4.295857e+01 -1.764367e-03 9.999953e-01 -2.512317e-03 -3.048842e+00 -1.832706e-02 2.479563e-03 9.998290e-01 8.555434e+01
9.997471e-01 -2.156034e-03 -2.238380e-02 4.234663e+01 2.209324e-03 9.999948e-01 2.356293e-03 -3.012492e+00 2.237860e-02 -2.405149e-03 9.997467e-01 8.501167e+01
9.998712e-01 1.984773e-03 1.592845e-02 4.211394e+01 -1.950027e-03 9.999957e-01 -2.196630e-03 -2.990195e+00 -1.593274e-02 2.165286e-03 9.998707e-01 8.441548e+01
9.997270e-01 -2.138736e-03 -2.326910e-02 4.207007e+01 2.196034e-03 9.999946e-01 2.437099e-03 -2.974227e+00 2.326376e-02 -2.487533e-03 9.997263e-01 8.377770e+01
9.998515e-01 1.947039e-03 1.711994e-02 4.180203e+01 -1.908780e-03 9.999956e-01 -2.250880e-03 -2.953371e+00 -1.712425e-02 2.217867e-03 9.998509e-01 8.323314e+01
9.995789e-01 -2.132344e-03 -2.893805e-02 4.213664e+01 2.218422e-03 9.999932e-01 2.942757e-03 -2.955312e+00 2.893158e-02 -3.005714e-03 9.995769e-01 8.286996e+01
9.999515e-01 2.211347e-03 9.601238e-03 4.324749e+01 -2.187382e-03 9.999945e-01 -2.505869e-03 -2.982983e+00 -9.606727e-03 2.484745e-03 9.999508e-01 8.256670e+01
9.996912e-01 -1.722521e-03 -2.479013e-02 4.399441e+01 1.790829e-03 9.999947e-01 2.733496e-03 -2.989210e+00 2.478529e-02 -2.777046e-03 9.996889e-01 8.198730e+01
9.998581e-01 1.407602e-03 1.678545e-02 4.423258e+01 -1.375493e-03 9.999972e-01 -1.924320e-03 -2.983681e+00 -1.678811e-02 1.900958e-03 9.998573e-01 8.114492e+01
9.996799e-01 -1.569193e-03 -2.525236e-02 4.453855e+01 1.637505e-03 9.999951e-01 2.684727e-03 -2.977133e+00 2.524802e-02 -2.725218e-03 9.996775e-01 8.023912e+01
9.998534e-01 1.491015e-03 1.705965e-02 4.489593e+01 -1.453328e-03 9.999965e-01 -2.221306e-03 -2.967389e+00 -1.706290e-02 2.196186e-03 9.998520e-01 7.913733e+01
9.997845e-01 -2.038603e-03 -2.065926e-02 4.489923e+01 2.099810e-03 9.999935e-01 2.941434e-03 -2.949661e+00 2.065313e-02 -2.984180e-03 9.997822e-01 7.767049e+01
9.998613e-01 1.703447e-03 1.656833e-02 4.497846e+01 -1.667506e-03 9.999962e-01 -2.182839e-03 -2.936415e+00 -1.657198e-02 2.154908e-03 9.998604e-01 7.643150e+01
9.997881e-01 -2.075619e-03 -2.047920e-02 4.507681e+01 2.139191e-03 9.999930e-01 3.082822e-03 -2.926020e+00 2.047265e-02 -3.125977e-03 9.997855e-01 7.531402e+01
9.998896e-01 1.688593e-03 1.476051e-02 4.521072e+01 -1.652016e-03 9.999955e-01 -2.489889e-03 -2.913186e+00 -1.476464e-02 2.465229e-03 9.998880e-01 7.412467e+01
9.996887e-01 -2.131014e-03 -2.485797e-02 4.569034e+01 2.219539e-03 9.999913e-01 3.534195e-03 -2.912102e+00 2.485023e-02 -3.588267e-03 9.996847e-01 7.332226e+01
9.999005e-01 2.293164e-03 1.391580e-02 4.617277e+01 -2.250395e-03 9.999927e-01 -3.088355e-03 -2.906904e+00 -1.392278e-02 3.056731e-03 9.998984e-01 7.242044e+01
9.998581e-01 -2.743032e-03 -1.662195e-02 4.611076e+01 2.806661e-03 9.999888e-01 3.805852e-03 -2.887454e+00 1.661133e-02 -3.851964e-03 9.998546e-01 7.089412e+01
9.999069e-01 1.941369e-03 1.350712e-02 4.618302e+01 -1.900384e-03 9.999936e-01 -3.046535e-03 -2.870915e+00 -1.351295e-02 3.020582e-03 9.999041e-01 6.936826e+01
9.998323e-01 -2.433510e-03 -1.815073e-02 4.630612e+01 2.499950e-03 9.999903e-01 3.638643e-03 -2.856254e+00 1.814170e-02 -3.683408e-03 9.998286e-01 6.802648e+01
9.999106e-01 2.113471e-03 1.320344e-02 4.642899e+01 -2.074990e-03 9.999936e-01 -2.927504e-03 -2.842533e+00 -1.320954e-02 2.899845e-03 9.999085e-01 6.675322e+01
9.998080e-01 -2.405246e-03 -1.944864e-02 4.674024e+01 2.471341e-03 9.999913e-01 3.375117e-03 -2.825092e+00 1.944035e-02 -3.422532e-03 9.998052e-01 6.519430e+01
9.999175e-01 2.104119e-03 1.267043e-02 4.691754e+01 -2.069248e-03 9.999940e-01 -2.764664e-03 -2.813645e+00 -1.267618e-02 2.738217e-03 9.999159e-01 6.410064e+01
9.998127e-01 -2.196926e-03 -1.922638e-02 4.700019e+01 2.256807e-03 9.999927e-01 3.093403e-03 -2.801042e+00 1.921944e-02 -3.136213e-03 9.998104e-01 6.333609e+01
9.999153e-01 2.010482e-03 1.285643e-02 4.698716e+01 -1.975293e-03 9.999943e-01 -2.749234e-03 -2.783165e+00 -1.286188e-02 2.723606e-03 9.999136e-01 6.247108e+01
9.994427e-01 -1.942816e-03 -3.332371e-02 4.816105e+01 2.044216e-03 9.999934e-01 3.009069e-03 -2.823817e+00 3.331764e-02 -3.075513e-03 9.994401e-01 6.244652e+01
9.999173e-01 2.947661e-03 1.251930e-02 4.926269e+01 -2.905420e-03 9.999900e-01 -3.390919e-03 -2.849985e+00 -1.252917e-02 3.354264e-03 9.999159e-01 6.222594e+01
9.998015e-01 -3.050165e-03 -1.968657e-02 4.920904e+01 3.121911e-03 9.999886e-01 3.614700e-03 -2.835744e+00 1.967532e-02 -3.675441e-03 9.997997e-01 6.166946e+01
9.999510e-01 2.964460e-03 9.450171e-03 4.954261e+01 -2.936857e-03 9.999914e-01 -2.933497e-03 -2.833819e+00 -9.458786e-03 2.905598e-03 9.999510e-01 6.104384e+01
9.998617e-01 -3.167634e-03 -1.632519e-02 4.956325e+01 3.221344e-03 9.999895e-01 3.264757e-03 -2.821324e+00 1.631467e-02 -3.316894e-03 9.998614e-01 6.033729e+01
9.999708e-01 3.016857e-03 7.014210e-03 4.971207e+01 -2.997225e-03 9.999916e-01 -2.807715e-03 -2.816148e+00 -7.022621e-03 2.786610e-03 9.999715e-01 5.991352e+01
9.998165e-01 -2.923801e-03 -1.893200e-02 5.010602e+01 2.987327e-03 9.999900e-01 3.328053e-03 -2.817081e+00 1.892208e-02 -3.383997e-03 9.998152e-01 5.946027e+01
9.999069e-01 3.421219e-03 1.320937e-02 5.033024e+01 -3.376057e-03 9.999884e-01 -3.439737e-03 -2.839235e+00 -1.322099e-02 3.394820e-03 9.999068e-01 6.008580e+01
9.998386e-01 -3.146206e-03 -1.768806e-02 5.039623e+01 3.201297e-03 9.999901e-01 3.087104e-03 -2.857672e+00 1.767817e-02 -3.143230e-03 9.998388e-01 6.081561e+01
9.999223e-01 3.185862e-03 1.205248e-02 5.000830e+01 -3.147939e-03 9.999900e-01 -3.164139e-03 -2.838608e+00 -1.206245e-02 3.125951e-03 9.999224e-01 6.082214e+01
9.997984e-01 -3.151702e-03 -1.982991e-02 4.997199e+01 3.221309e-03 9.999888e-01 3.479230e-03 -2.834023e+00 1.981872e-02 -3.542406e-03 9.997973e-01 6.079451e+01
9.999419e-01 3.400868e-03 1.022806e-02 5.026253e+01 -3.368602e-03 9.999893e-01 -3.170314e-03 -2.835104e+00 -1.023874e-02 3.135675e-03 9.999427e-01 6.050488e+01
9.998354e-01 -3.517890e-03 -1.779824e-02 5.020056e+01 3.575704e-03 9.999884e-01 3.217511e-03 -2.820552e+00 1.778672e-02 -3.280622e-03 9.998364e-01 6.025190e+01
9.999787e-01 3.712873e-03 5.370894e-03 5.059911e+01 -3.698135e-03 9.999894e-01 -2.751357e-03 -2.819172e+00 -5.381053e-03 2.731435e-03 9.999818e-01 5.981661e+01
9.998549e-01 -3.043058e-03 -1.676242e-02 5.108838e+01 3.085824e-03 9.999920e-01 2.526041e-03 -2.840480e+00 1.675460e-02 -2.577400e-03 9.998563e-01 6.009136e+01
9.999741e-01 3.723983e-03 6.159957e-03 5.153376e+01 -3.708781e-03 9.999901e-01 -2.477417e-03 -2.866809e+00 -6.169122e-03 2.454506e-03 9.999780e-01 6.043386e+01
9.996829e-01 -2.959478e-03 -2.500519e-02 5.246608e+01 3.030630e-03 9.999915e-01 2.808055e-03 -2.883640e+00 2.499667e-02 -2.882946e-03 9.996834e-01 6.009529e+01
9.999897e-01 3.842731e-03 2.411567e-03 5.367005e+01 -3.837255e-03 9.999901e-01 -2.271620e-03 -2.901303e+00 -2.420273e-03 2.262342e-03 9.999945e-01 5.954051e+01
9.996804e-01 -2.927578e-03 -2.511113e-02 5.489456e+01 2.995815e-03 9.999919e-01 2.680192e-03 -2.918290e+00 2.510308e-02 -2.754563e-03 9.996811e-01 5.895592e+01
9.999647e-01 3.678265e-03 7.548802e-03 5.585359e+01 -3.661143e-03 9.999907e-01 -2.280809e-03 -2.930067e+00 -7.557121e-03 2.253091e-03 9.999689e-01 5.843988e+01
9.994823e-01 -3.382486e-03 -3.199518e-02 5.726558e+01 3.451504e-03 9.999918e-01 2.102144e-03 -2.973350e+00 3.198781e-02 -2.211487e-03 9.994858e-01 5.831575e+01
9.999386e-01 4.671535e-03 1.005293e-02 5.841877e+01 -4.645865e-03 9.999859e-01 -2.575263e-03 -2.999131e+00 -1.006482e-02 2.528400e-03 9.999462e-01 5.810369e+01
9.998009e-01 -4.604520e-03 -1.941383e-02 5.866659e+01 4.663335e-03 9.999847e-01 2.985370e-03 -2.997744e+00 1.939979e-02 -3.075308e-03 9.998071e-01 5.791857e+01
9.999627e-01 4.871785e-03 7.132607e-03 5.918773e+01 -4.854456e-03 9.999852e-01 -2.444838e-03 -3.001568e+00 -7.144413e-03 2.410122e-03 9.999716e-01 5.736389e+01
9.998222e-01 -4.512826e-03 -1.830641e-02 5.965520e+01 4.567637e-03 9.999852e-01 2.953374e-03 -3.009260e+00 1.829281e-02 -3.036465e-03 9.998281e-01 5.695138e+01
9.999603e-01 4.945265e-03 7.408750e-03 6.014316e+01 -4.929294e-03 9.999855e-01 -2.172432e-03 -3.018683e+00 -7.419385e-03 2.135826e-03 9.999702e-01 5.655905e+01
9.997922e-01 -4.298403e-03 -1.992844e-02 6.079280e+01 4.346127e-03 9.999878e-01 2.352081e-03 -3.036222e+00 1.991809e-02 -2.438203e-03 9.997986e-01 5.640806e+01
9.999764e-01 5.288001e-03 4.392985e-03 6.165421e+01 -5.278163e-03 9.999835e-01 -2.248233e-03 -3.065856e+00 -4.404802e-03 2.224992e-03 9.999878e-01 5.641286e+01
9.997595e-01 -4.498467e-03 -2.146507e-02 6.266039e+01 4.550991e-03 9.999868e-01 2.398714e-03 -3.090242e+00 2.145399e-02 -2.495824e-03 9.997667e-01 5.608441e+01
9.999562e-01 5.032106e-03 7.889655e-03 6.339379e+01 -5.019030e-03 9.999860e-01 -1.676323e-03 -3.100196e+00 -7.897980e-03 1.636650e-03 9.999675e-01 5.553996e+01
9.998550e-01 -5.207254e-03 -1.621595e-02 6.376845e+01 5.247787e-03 9.999832e-01 2.458026e-03 -3.097458e+00 1.620288e-02 -2.542767e-03 9.998655e-01 5.471118e+01
9.999646e-01 5.191587e-03 6.621205e-03 6.413191e+01 -5.179382e-03 9.999849e-01 -1.859232e-03 -3.096346e+00 -6.630757e-03 1.824872e-03 9.999764e-01 5.398684e+01
9.998242e-01 -4.978068e-03 -1.807555e-02 6.460041e+01 5.024194e-03 9.999842e-01 2.507338e-03 -3.098155e+00 1.806279e-02 -2.597712e-03 9.998335e-01 5.339324e+01
9.999641e-01 5.247243e-03 6.653835e-03 6.507523e+01 -5.235040e-03 9.999846e-01 -1.850136e-03 -3.100186e+00 -6.663441e-03 1.815236e-03 9.999762e-01 5.280184e+01
9.998460e-01 -5.130971e-03 -1.678170e-02 6.547362e+01 5.173128e-03 9.999836e-01 2.469598e-03 -3.102372e+00 1.676876e-02 -2.556031e-03 9.998561e-01 5.223212e+01
9.999833e-01 5.511066e-03 1.742856e-03 6.622703e+01 -5.507930e-03 9.999832e-01 -1.799428e-03 -3.107841e+00 -1.752743e-03 1.789798e-03 9.999969e-01 5.158958e+01
9.998846e-01 -5.079148e-03 -1.431490e-02 6.678596e+01 5.114157e-03 9.999840e-01 2.410082e-03 -3.113255e+00 1.430243e-02 -2.483012e-03 9.998946e-01 5.108908e+01
9.999825e-01 5.397509e-03 2.432952e-03 6.728785e+01 -5.393132e-03 9.999838e-01 -1.802102e-03 -3.120330e+00 -2.442640e-03 1.788949e-03 9.999954e-01 5.064585e+01
9.999102e-01 -5.124802e-03 -1.238502e-02 6.765502e+01 5.153066e-03 9.999842e-01 2.251257e-03 -3.123299e+00 1.237329e-02 -2.314875e-03 9.999208e-01 5.022424e+01
9.999758e-01 5.419312e-03 4.363830e-03 6.792430e+01 -5.409259e-03 9.999827e-01 -2.312306e-03 -3.128703e+00 -4.376285e-03 2.288644e-03 9.999878e-01 5.018940e+01
9.998923e-01 -4.969544e-03 -1.381015e-02 6.827806e+01 5.000222e-03 9.999851e-01 2.187756e-03 -3.136382e+00 1.379907e-02 -2.256573e-03 9.999022e-01 5.018380e+01
9.999700e-01 5.519919e-03 5.431936e-03 6.859899e+01 -5.507727e-03 9.999823e-01 -2.256836e-03 -3.148927e+00 -5.444298e-03 2.226850e-03 9.999827e-01 5.039365e+01
9.998985e-01 -5.068341e-03 -1.331869e-02 6.888236e+01 5.098710e-03 9.999845e-01 2.247156e-03 -3.162624e+00 1.330709e-02 -2.314836e-03 9.999088e-01 5.061259e+01
9.999758e-01 5.552123e-03 4.202470e-03 6.917239e+01 -5.543093e-03 9.999823e-01 -2.157442e-03 -3.179501e+00 -4.214374e-03 2.134095e-03 9.999888e-01 5.090656e+01
9.999371e-01 -5.323146e-03 -9.876030e-03 6.931059e+01 5.344074e-03 9.999835e-01 2.093919e-03 -3.197893e+00 9.864722e-03 -2.146565e-03 9.999490e-01 5.141151e+01
9.999778e-01 5.525684e-03 3.729245e-03 6.939638e+01 -5.518299e-03 9.999828e-01 -1.987641e-03 -3.210068e+00 -3.740164e-03 1.967017e-03 9.999911e-01 5.180609e+01
9.999367e-01 -5.426388e-03 -9.854890e-03 6.944666e+01 5.446773e-03 9.999831e-01 2.042857e-03 -3.204231e+00 9.843639e-03 -2.096405e-03 9.999494e-01 5.163727e+01
9.999738e-01 5.347815e-03 4.880373e-03 6.920900e+01 -5.338319e-03 9.999838e-01 -1.956763e-03 -3.184370e+00 -4.890759e-03 1.930658e-03 9.999862e-01 5.142705e+01
9.999380e-01 -5.431913e-03 -9.721692e-03 6.907119e+01 5.449801e-03 9.999835e-01 1.814397e-03 -3.178382e+00 9.711676e-03 -1.867266e-03 9.999511e-01 5.158863e+01
9.999652e-01 5.498457e-03 6.272403e-03 6.876169e+01 -5.485476e-03 9.999828e-01 -2.084835e-03 -3.167496e+00 -6.283759e-03 2.050355e-03 9.999782e-01 5.196436e+01
9.999221e-01 -5.817624e-03 -1.103947e-02 6.835683e+01 5.841557e-03 9.999807e-01 2.136863e-03 -3.144610e+00 1.102682e-02 -2.201184e-03 9.999368e-01 5.189584e+01
9.999709e-01 5.604258e-03 5.183454e-03 6.830723e+01 -5.596182e-03 9.999831e-01 -1.571456e-03 -3.134212e+00 -5.192174e-03 1.542402e-03 9.999853e-01 5.114339e+01
9.999203e-01 -6.098305e-03 -1.105602e-02 6.851225e+01 6.125932e-03 9.999782e-01 2.466649e-03 -3.124901e+00 1.104074e-02 -2.534180e-03 9.999358e-01 5.003933e+01
9.999552e-01 5.820061e-03 7.460730e-03 6.858355e+01 -5.807489e-03 9.999817e-01 -1.705626e-03 -3.112106e+00 -7.470520e-03 1.662221e-03 9.999707e-01 4.881713e+01
9.999204e-01 -6.136874e-03 -1.102598e-02 6.810731e+01 6.158982e-03 9.999791e-01 1.972204e-03 -3.085913e+00 1.101365e-02 -2.039955e-03 9.999373e-01 4.806784e+01
9.999658e-01 5.958418e-03 5.743738e-03 6.791644e+01 -5.949951e-03 9.999812e-01 -1.490031e-03 -3.069976e+00 -5.752508e-03 1.455805e-03 9.999824e-01 4.742123e+01
9.998729e-01 -6.054423e-03 -1.474965e-02 6.825737e+01 6.087478e-03 9.999791e-01 2.197168e-03 -3.067650e+00 1.473603e-02 -2.286676e-03 9.998888e-01 4.671691e+01
9.999573e-01 5.952523e-03 7.062743e-03 6.852104e+01 -5.941462e-03 9.999811e-01 -1.586080e-03 -3.060677e+00 -7.072050e-03 1.544048e-03 9.999738e-01 4.585008e+01
9.998250e-01 -5.994603e-03 -1.771851e-02 6.880116e+01 6.033722e-03 9.999795e-01 2.155154e-03 -3.061156e+00 1.770523e-02 -2.261685e-03 9.998407e-01 4.546202e+01
9.999224e-01 5.984113e-03 1.092692e-02 6.874952e+01 -5.966397e-03 9.999808e-01 -1.653184e-03 -3.050641e+00 -1.093661e-02 1.587860e-03 9.999389e-01 4.494154e+01
9.998212e-01 -6.152459e-03 -1.788200e-02 6.883692e+01 6.194327e-03 9.999782e-01 2.286856e-03 -3.045295e+00 1.786754e-02 -2.397213e-03 9.998375e-01 4.433583e+01
9.999467e-01 6.203842e-03 8.252304e-03 6.911196e+01 -6.189542e-03 9.999793e-01 -1.757329e-03 -3.050801e+00 -8.263036e-03 1.706157e-03 9.999644e-01 4.413901e+01
9.998444e-01 -6.275403e-03 -1.648603e-02 6.933518e+01 6.317666e-03 9.999769e-01 2.512692e-03 -3.048528e+00 1.646988e-02 -2.616454e-03 9.998609e-01 4.352022e+01
9.999175e-01 4.778073e-03 1.192338e-02 6.940323e+01 -4.771343e-03 9.999884e-01 -5.928965e-04 -3.039528e+00 -1.192607e-02 5.359565e-04 9.999287e-01 4.222355e+01
9.997782e-01 -4.768439e-03 -2.051508e-02 6.958015e+01 4.788104e-03 9.999881e-01 9.095368e-04 -3.032456e+00 2.051050e-02 -1.007563e-03 9.997891e-01 4.134388e+01
9.999187e-01 4.554046e-03 1.191373e-02 6.978174e+01 -4.552700e-03 9.999896e-01 -1.401667e-04 -3.029894e+00 -1.191424e-02 8.591510e-05 9.999290e-01 4.075346e+01
9.998101e-01 -4.821850e-03 -1.888048e-02 6.981288e+01 4.836530e-03 9.999880e-01 7.319215e-04 -3.024872e+00 1.887673e-02 -8.230979e-04 9.998215e-01 4.011449e+01
9.999323e-01 4.738692e-03 1.062730e-02 6.984567e+01 -4.734978e-03 9.999887e-01 -3.745982e-04 -3.021498e+00 -1.062895e-02 3.242522e-04 9.999435e-01 3.999966e+01
9.998173e-01 -4.909901e-03 -1.847474e-02 6.990343e+01 4.927929e-03 9.999874e-01 9.303622e-04 -3.014552e+00 1.846994e-02 -1.021234e-03 9.998289e-01 3.952983e+01
9.999272e-01 4.731530e-03 1.109645e-02 6.981240e+01 -4.722637e-03 9.999885e-01 -8.275032e-04 -3.000164e+00 -1.110024e-02 7.750378e-04 9.999381e-01 3.902509e+01
9.997888e-01 -4.897343e-03 -1.995895e-02 7.005420e+01 4.926524e-03 9.999869e-01 1.413116e-03 -2.996942e+00 1.995176e-02 -1.511145e-03 9.997998e-01 3.843335e+01
9.999372e-01 4.859914e-03 1.009795e-02 7.022190e+01 -4.849300e-03 9.999877e-01 -1.075322e-03 -2.997873e+00 -1.010305e-02 1.026285e-03 9.999484e-01 3.831449e+01
9.998210e-01 -4.771430e-03 -1.830645e-02 7.013086e+01 4.794765e-03 9.999877e-01 1.230984e-03 -2.984239e+00 1.830035e-02 -1.318538e-03 9.998317e-01 3.847592e+01
9.999293e-01 4.772810e-03 1.089332e-02 6.999983e+01 -4.760681e-03 9.999880e-01 -1.139115e-03 -2.969413e+00 -1.089862e-02 1.087174e-03 9.999400e-01 3.869769e+01
9.999487e-01 -4.055286e-03 -9.282928e-03 6.911164e+01 4.056739e-03 9.999918e-01 1.376217e-04 -2.906292e+00 9.282293e-03 -1.752725e-04 9.999569e-01 3.973671e+01
9.999665e-01 3.812662e-03 7.247659e-03 6.841633e+01 -3.803209e-03 9.999919e-01 -1.317694e-03 -2.844243e+00 -7.252624e-03 1.290085e-03 9.999729e-01 4.057660e+01
9.998113e-01 -3.752775e-03 -1.906009e-02 6.883227e+01 3.780520e-03 9.999918e-01 1.419851e-03 -2.861822e+00 1.905461e-02 -1.491639e-03 9.998173e-01 4.080410e+01
9.999683e-01 4.041578e-03 6.859167e-03 6.941223e+01 -4.031142e-03 9.999907e-01 -1.534788e-03 -2.893820e+00 -6.865307e-03 1.507088e-03 9.999753e-01 4.120252e+01
9.999164e-01 -3.811198e-03 -1.235311e-02 6.917591e+01 3.830504e-03 9.999915e-01 1.539474e-03 -2.876101e+00 1.234714e-02 -1.586663e-03 9.999225e-01 4.162220e+01
9.999819e-01 3.854923e-03 4.610161e-03 6.914396e+01 -3.847983e-03 9.999915e-01 -1.513482e-03 -2.865535e+00 -4.615956e-03 1.495715e-03 9.999882e-01 4.195057e+01
9.999320e-01 -3.723795e-03 -1.105269e-02 6.913460e+01 3.742354e-03 9.999916e-01 1.658961e-03 -2.869659e+00 1.104642e-02 -1.700211e-03 9.999375e-01 4.231501e+01
9.999255e-01 4.114819e-03 1.148873e-02 6.801901e+01 -4.084646e-03 9.999882e-01 -2.648558e-03 -2.800171e+00 -1.149949e-02 2.601433e-03 9.999305e-01 4.285422e+01
9.998717e-01 -4.027606e-03 -1.550082e-02 6.742279e+01 4.063804e-03 9.999891e-01 2.304368e-03 -2.753889e+00 1.549137e-02 -2.367064e-03 9.998772e-01 4.329292e+01
9.999872e-01 4.232067e-03 2.789654e-03 6.790237e+01 -4.226471e-03 9.999890e-01 -2.009192e-03 -2.774588e+00 -2.798126e-03 1.997375e-03 9.999941e-01 4.340251e+01
9.999148e-01 -4.073939e-03 -1.239821e-02 6.801748e+01 4.102956e-03 9.999889e-01 2.315855e-03 -2.772982e+00 1.238864e-02 -2.366526e-03 9.999205e-01 4.351118e+01
9.999867e-01 4.062550e-03 3.168255e-03 6.813095e+01 -4.054911e-03 9.999889e-01 -2.413858e-03 -2.768736e+00 -3.178026e-03 2.400979e-03 9.999921e-01 4.379562e+01
9.998461e-01 -3.937498e-03 -1.709870e-02 6.870118e+01 3.972883e-03 9.999900e-01 2.035976e-03 -2.781804e+00 1.709052e-02 -2.103593e-03 9.998517e-01 4.388774e+01
9.999900e-01 4.471882e-03 5.752843e-05 6.950205e+01 -4.471707e-03 9.999862e-01 -2.753391e-03 -2.797679e+00 -6.984053e-05 2.753105e-03 9.999962e-01 4.384933e+01
9.999403e-01 -4.374274e-03 -1.001458e-02 6.968834e+01 4.404072e-03 9.999859e-01 2.955273e-03 -2.802592e+00 1.000151e-02 -2.999201e-03 9.999455e-01 4.399069e+01
9.999902e-01 4.391031e-03 -6.219341e-04 6.986364e+01 -4.392660e-03 9.999869e-01 -2.642632e-03 -2.800862e+00 6.103220e-04 2.645337e-03 9.999963e-01 4.400866e+01
9.999579e-01 -4.306473e-03 -8.096696e-03 6.989967e+01 4.328116e-03 9.999871e-01 2.657419e-03 -2.791784e+00 8.085147e-03 -2.692351e-03 9.999637e-01 4.418961e+01
9.999903e-01 4.265031e-03 -1.070176e-03 7.002662e+01 -4.267816e-03 9.999875e-01 -2.613571e-03 -2.790463e+00 1.059015e-03 2.618113e-03 9.999960e-01 4.442832e+01
9.999481e-01 -4.215465e-03 -9.275432e-03 7.026910e+01 4.240460e-03 9.999874e-01 2.676768e-03 -2.793626e+00 9.264031e-03 -2.715961e-03 9.999534e-01 4.461138e+01
9.999900e-01 4.413454e-03 7.094975e-04 7.016460e+01 -4.411522e-03 9.999866e-01 -2.703230e-03 -2.772622e+00 -7.214186e-04 2.700072e-03 9.999961e-01 4.483481e+01
9.999633e-01 -4.245891e-03 -7.444942e-03 6.982140e+01 4.265496e-03 9.999875e-01 2.619244e-03 -2.738805e+00 7.433728e-03 -2.650904e-03 9.999689e-01 4.517779e+01
9.999773e-01 4.339736e-03 5.155825e-03 6.859810e+01 -4.320565e-03 9.999837e-01 -3.723658e-03 -2.667302e+00 -5.171901e-03 3.701297e-03 9.999798e-01 4.534151e+01
9.994243e-01 -4.154664e-03 -3.367218e-02 7.064505e+01 4.264562e-03 9.999858e-01 3.192591e-03 -2.759319e+00 3.365844e-02 -3.334350e-03 9.994278e-01 4.615274e+01
9.999664e-01 6.125070e-03 -5.443143e-03 7.355651e+01 -6.154250e-03 9.999667e-01 -5.360152e-03 -2.895193e+00 5.410131e-03 5.393470e-03 9.999708e-01 4.736898e+01
9.998455e-01 -5.499818e-03 -1.669651e-02 7.507678e+01 5.577860e-03 9.999737e-01 4.631178e-03 -2.976454e+00 1.667060e-02 -4.723593e-03 9.998499e-01 4.822315e+01
9.999319e-01 5.551582e-03 -1.026237e-02 7.669068e+01 -5.588994e-03 9.999778e-01 -3.620393e-03 -3.013236e+00 1.024205e-02 3.677502e-03 9.999408e-01 4.768074e+01
9.999080e-01 -5.331309e-03 -1.247468e-02 7.822380e+01 5.374570e-03 9.999797e-01 3.436915e-03 -3.031598e+00 1.245610e-02 -3.503644e-03 9.999163e-01 4.675923e+01
9.996515e-01 5.680784e-03 -2.578063e-02 8.080120e+01 -5.774718e-03 9.999770e-01 -3.570572e-03 -3.121436e+00 2.575975e-02 3.718203e-03 9.996612e-01 4.672588e+01
9.997691e-01 -4.587713e-03 -2.099433e-02 8.412226e+01 4.617313e-03 9.999884e-01 1.361603e-03 -3.233483e+00 2.098784e-02 -1.458226e-03 9.997787e-01 4.674562e+01
9.998952e-01 5.386974e-03 -1.343567e-02 8.683526e+01 -5.425976e-03 9.999812e-01 -2.868035e-03 -3.349200e+00 1.341997e-02 2.940636e-03 9.999056e-01 4.719175e+01
9.988095e-01 -3.021530e-03 -4.868754e-02 9.162023e+01 3.021117e-03 9.999954e-01 -8.208643e-05 -3.556518e+00 4.868757e-02 -6.510157e-05 9.988141e-01 4.868641e+01
9.999730e-01 5.650174e-03 4.693194e-03 9.453163e+01 -5.637798e-03 9.999806e-01 -2.646188e-03 -3.652806e+00 -4.708054e-03 2.619656e-03 9.999855e-01 4.934851e+01
9.998894e-01 -5.219772e-03 -1.392515e-02 9.415128e+01 5.253396e-03 9.999834e-01 2.379109e-03 -3.609367e+00 1.391250e-02 -2.451999e-03 9.999002e-01 4.919003e+01
9.998281e-01 6.344009e-03 1.742414e-02 9.245621e+01 -6.268508e-03 9.999707e-01 -4.384359e-03 -3.485164e+00 -1.745144e-02 4.274381e-03 9.998386e-01 5.046122e+01
9.998984e-01 -5.847473e-03 -1.300023e-02 9.088187e+01 5.874685e-03 9.999806e-01 2.055985e-03 -3.374704e+00 1.298796e-02 -2.132148e-03 9.999134e-01 5.163099e+01
9.997539e-01 6.118522e-03 2.132471e-02 8.876822e+01 -6.010666e-03 9.999688e-01 -5.118237e-03 -3.234280e+00 -2.135536e-02 4.988802e-03 9.997595e-01 5.294463e+01
9.998364e-01 -6.007878e-03 -1.706285e-02 8.706268e+01 6.059036e-03 9.999773e-01 2.948072e-03 -3.126561e+00 1.704475e-02 -3.050973e-03 9.998501e-01 5.375559e+01
9.997496e-01 6.471550e-03 2.141984e-02 8.557558e+01 -6.368126e-03 9.999678e-01 -4.893150e-03 -3.023129e+00 -2.145082e-02 4.755520e-03 9.997586e-01 5.492297e+01
9.999406e-01 -5.883998e-03 -9.174632e-03 8.320491e+01 5.895573e-03 9.999819e-01 1.234968e-03 -2.856391e+00 9.167199e-03 -1.288984e-03 9.999571e-01 5.683462e+01
9.996574e-01 6.420750e-03 2.537520e-02 8.023992e+01 -6.278137e-03 9.999641e-01 -5.695871e-03 -2.649297e+00 -2.541086e-02 5.534610e-03 9.996618e-01 5.892070e+01
9.998684e-01 -6.210416e-03 -1.498771e-02 7.792569e+01 6.245289e-03 9.999779e-01 2.281010e-03 -2.484868e+00 1.497321e-02 -2.374312e-03 9.998851e-01 6.055006e+01
9.997720e-01 6.738110e-03 2.026085e-02 7.625299e+01 -6.648488e-03 9.999678e-01 -4.487542e-03 -2.372475e+00 -2.029043e-02 4.351814e-03 9.997847e-01 6.166425e+01
9.998896e-01 -6.481827e-03 -1.337363e-02 7.452308e+01 6.505123e-03 9.999774e-01 1.699064e-03 -2.245692e+00 1.336231e-02 -1.785873e-03 9.999091e-01 6.310212e+01
9.998108e-01 6.863157e-03 1.820190e-02 7.304374e+01 -6.793610e-03 9.999694e-01 -3.879999e-03 -2.137520e+00 -1.822797e-02 3.755608e-03 9.998268e-01 6.436612e+01
9.999311e-01 -6.388065e-03 -9.846521e-03 7.092584e+01 6.401077e-03 9.999787e-01 1.290515e-03 -1.996817e+00 9.838067e-03 -1.353454e-03 9.999507e-01 6.551803e+01
9.998399e-01 6.470527e-03 1.668305e-02 6.879793e+01 -6.406203e-03 9.999719e-01 -3.906227e-03 -1.858302e+00 -1.670785e-02 3.798726e-03 9.998532e-01 6.642214e+01
9.998352e-01 -6.546885e-03 -1.693398e-02 6.755199e+01 6.591647e-03 9.999749e-01 2.588771e-03 -1.778328e+00 1.691661e-02 -2.699967e-03 9.998533e-01 6.692727e+01
9.999059e-01 6.738639e-03 1.194643e-02 6.701105e+01 -6.703112e-03 9.999730e-01 -3.011451e-03 -1.741140e+00 -1.196640e-02 2.931089e-03 9.999241e-01 6.723886e+01
9.998291e-01 -6.633458e-03 -1.725759e-02 6.659205e+01 6.674493e-03 9.999750e-01 2.321225e-03 -1.701766e+00 1.724176e-02 -2.436013e-03 9.998484e-01 6.775823e+01
9.999171e-01 6.660712e-03 1.101887e-02 6.632229e+01 -6.628355e-03 9.999736e-01 -2.970515e-03 -1.673070e+00 -1.103836e-02 2.897232e-03 9.999349e-01 6.820668e+01
9.998590e-01 -6.605455e-03 -1.543792e-02 6.578157e+01 6.648383e-03 9.999742e-01 2.730945e-03 -1.638004e+00 1.541948e-02 -2.833197e-03 9.998771e-01 6.849883e+01
9.999073e-01 6.848755e-03 1.176970e-02 6.518497e+01 -6.813827e-03 9.999723e-01 -3.005181e-03 -1.604264e+00 -1.178995e-02 2.924705e-03 9.999262e-01 6.877419e+01
9.999185e-01 -6.787933e-03 -1.081386e-02 6.384173e+01 6.805318e-03 9.999756e-01 1.571584e-03 -1.531122e+00 1.080293e-02 -1.645048e-03 9.999403e-01 6.918730e+01
9.998226e-01 7.082554e-03 1.745464e-02 6.143263e+01 -6.998120e-03 9.999635e-01 -4.893701e-03 -1.400645e+00 -1.748866e-02 4.770683e-03 9.998357e-01 6.970647e+01
9.998318e-01 -7.118872e-03 -1.690233e-02 6.004511e+01 7.169197e-03 9.999700e-01 2.918678e-03 -1.320240e+00 1.688105e-02 -3.039363e-03 9.998529e-01 7.022850e+01
9.999178e-01 7.423374e-03 1.045434e-02 6.047242e+01 -7.379990e-03 9.999640e-01 -4.182380e-03 -1.344350e+00 -1.048501e-02 4.104883e-03 9.999366e-01 7.054554e+01
9.999166e-01 -6.349921e-03 -1.124877e-02 6.100680e+01 6.376735e-03 9.999769e-01 2.349484e-03 -1.380747e+00 1.123359e-02 -2.421018e-03 9.999340e-01 7.164526e+01
9.999504e-01 7.384993e-03 6.683231e-03 6.149173e+01 -7.356612e-03 9.999639e-01 -4.261363e-03 -1.426021e+00 -6.714459e-03 4.211985e-03 9.999686e-01 7.314026e+01
9.998962e-01 -7.206067e-03 -1.248015e-02 6.163344e+01 7.249804e-03 9.999677e-01 3.462851e-03 -1.424076e+00 1.245479e-02 -3.552970e-03 9.999161e-01 7.355293e+01
9.999662e-01 7.433677e-03 3.499130e-03 6.188222e+01 -7.423609e-03 9.999683e-01 -2.881526e-03 -1.430957e+00 -3.520439e-03 2.855452e-03 9.999897e-01 7.349467e+01
9.998946e-01 -7.248942e-03 -1.257829e-02 6.210511e+01 7.292150e-03 9.999677e-01 3.392675e-03 -1.433149e+00 1.255329e-02 -3.484040e-03 9.999151e-01 7.329385e+01
9.999604e-01 7.452792e-03 4.859456e-03 6.223963e+01 -7.438248e-03 9.999678e-01 -3.004137e-03 -1.437713e+00 -4.881688e-03 2.967871e-03 9.999837e-01 7.341214e+01
9.998843e-01 -7.176866e-03 -1.341049e-02 6.248447e+01 7.220098e-03 9.999689e-01 3.178065e-03 -1.459479e+00 1.338727e-02 -3.274522e-03 9.999050e-01 7.379944e+01
9.999088e-01 7.755785e-03 1.105708e-02 6.202063e+01 -7.716143e-03 9.999637e-01 -3.623420e-03 -1.429351e+00 -1.108478e-02 3.537771e-03 9.999323e-01 7.449519e+01
9.998481e-01 -7.930979e-03 -1.551902e-02 6.175799e+01 7.977139e-03 9.999639e-01 2.914778e-03 -1.399997e+00 1.549534e-02 -3.038132e-03 9.998753e-01 7.508877e+01
9.999616e-01 8.677532e-03 -1.258134e-03 6.256914e+01 -8.681219e-03 9.999580e-01 -2.954806e-03 -1.420318e+00 1.232441e-03 2.965614e-03 9.999948e-01 7.497754e+01
9.999117e-01 -8.319839e-03 -1.036225e-02 6.308228e+01 8.354266e-03 9.999597e-01 3.283465e-03 -1.425192e+00 1.033451e-02 -3.369744e-03 9.999409e-01 7.464684e+01
9.999634e-01 8.549138e-03 -4.395152e-04 6.344995e+01 -8.550351e-03 9.999594e-01 -2.833691e-03 -1.428476e+00 4.152718e-04 2.837344e-03 9.999959e-01 7.442947e+01
9.999189e-01 -8.443290e-03 -9.531596e-03 6.370482e+01 8.470860e-03 9.999600e-01 2.855809e-03 -1.431219e+00 9.507103e-03 -2.936318e-03 9.999505e-01 7.450695e+01
9.999638e-01 8.477379e-03 -7.863641e-04 6.405939e+01 -8.479751e-03 9.999594e-01 -3.062714e-03 -1.437622e+00 7.603684e-04 3.069271e-03 9.999950e-01 7.462376e+01
9.999188e-01 -8.383997e-03 -9.593477e-03 6.427095e+01 8.414177e-03 9.999598e-01 3.109817e-03 -1.432214e+00 9.567018e-03 -3.190285e-03 9.999491e-01 7.461409e+01
9.999558e-01 8.695383e-03 -3.585303e-03 6.467898e+01 -8.705838e-03 9.999579e-01 -2.910501e-03 -1.428448e+00 3.559845e-03 2.941585e-03 9.999893e-01 7.440298e+01
9.999137e-01 -8.131425e-03 -1.031518e-02 6.507379e+01 8.160707e-03 9.999628e-01 2.799699e-03 -1.422811e+00 1.029203e-02 -2.883637e-03 9.999429e-01 7.428205e+01
9.999403e-01 8.735901e-03 -6.556815e-03 6.560697e+01 -8.754268e-03 9.999578e-01 -2.777573e-03 -1.418256e+00 6.532274e-03 2.834807e-03 9.999746e-01 7.407162e+01
9.999332e-01 -7.892769e-03 -8.449532e-03 6.606526e+01 7.917551e-03 9.999644e-01 2.903470e-03 -1.413208e+00 8.426315e-03 -2.970175e-03 9.999601e-01 7.385805e+01
9.999668e-01 8.139110e-03 -3.752615e-04 6.595791e+01 -8.140142e-03 9.999629e-01 -2.833869e-03 -1.395281e+00 3.521825e-04 2.836830e-03 9.999959e-01 7.395280e+01
9.998942e-01 -8.061805e-03 -1.210763e-02 6.623346e+01 8.100599e-03 9.999622e-01 3.158409e-03 -1.391017e+00 1.208171e-02 -3.256153e-03 9.999217e-01 7.378969e+01
9.999483e-01 8.476529e-03 -5.609183e-03 6.700109e+01 -8.490848e-03 9.999607e-01 -2.533738e-03 -1.395454e+00 5.587486e-03 2.581233e-03 9.999811e-01 7.331257e+01
9.999115e-01 -8.137795e-03 -1.052357e-02 6.785619e+01 8.168976e-03 9.999624e-01 2.923300e-03 -1.403765e+00 1.049939e-02 -3.009008e-03 9.999404e-01 7.277500e+01
9.999563e-01 8.728168e-03 -3.342178e-03 6.835511e+01 -8.737390e-03 9.999580e-01 -2.754498e-03 -1.409767e+00 3.317996e-03 2.783579e-03 9.999906e-01 7.259047e+01
9.999134e-01 -8.262273e-03 -1.024724e-02 6.884268e+01 8.292477e-03 9.999614e-01 2.908444e-03 -1.419321e+00 1.022281e-02 -2.993167e-03 9.999433e-01 7.249468e+01
9.999565e-01 8.901089e-03 -2.788614e-03 6.923355e+01 -8.909258e-03 9.999560e-01 -2.930689e-03 -1.424251e+00 2.762405e-03 2.955406e-03 9.999918e-01 7.258004e+01
9.999619e-01 -8.651958e-03 -1.192292e-03 6.869172e+01 8.655349e-03 9.999584e-01 2.868346e-03 -1.390275e+00 1.167426e-03 -2.878556e-03 9.999952e-01 7.291528e+01
9.999601e-01 8.759527e-03 -1.749574e-03 6.798767e+01 -8.765082e-03 9.999565e-01 -3.192880e-03 -1.345589e+00 1.721530e-03 3.208087e-03 9.999934e-01 7.327153e+01
9.999637e-01 -8.523718e-03 -7.356736e-05 6.726530e+01 8.523889e-03 9.999598e-01 2.765444e-03 -1.296618e+00 4.999238e-05 -2.765970e-03 9.999962e-01 7.380472e+01
9.999431e-01 8.478907e-03 -6.469117e-03 6.695865e+01 -8.498587e-03 9.999593e-01 -3.020561e-03 -1.261071e+00 6.443243e-03 3.075367e-03 9.999745e-01 7.423238e+01
9.999009e-01 -7.984921e-03 -1.159868e-02 6.785067e+01 8.014867e-03 9.999647e-01 2.537636e-03 -1.286731e+00 1.157801e-02 -2.630346e-03 9.999295e-01 7.422324e+01
9.998846e-01 9.008573e-03 -1.223270e-02 6.963817e+01 -9.046977e-03 9.999543e-01 -3.087706e-03 -1.310266e+00 1.220433e-02 3.198018e-03 9.999204e-01 7.297576e+01
9.999698e-01 -6.986429e-03 -3.414704e-03 7.149577e+01 6.993073e-03 9.999737e-01 1.937453e-03 -1.323291e+00 3.401078e-03 -1.961273e-03 9.999923e-01 7.050744e+01
9.999087e-01 9.065872e-03 -1.002268e-02 7.315856e+01 -9.089413e-03 9.999560e-01 -2.305712e-03 -1.322249e+00 1.000134e-02 2.396601e-03 9.999471e-01 6.809126e+01
