1.000000e+00 1.197624e-11 1.704639e-10 3.214096e-14 1.197625e-11 1.000000e+00 3.562503e-10 -1.998401e-15 1.704639e-10 3.562503e-10 1.000000e+00 -4.041212e-14 0.000000e+00 0.000000e+00 0.000000e+00 1.000000e+00
8.961547e-02 -1.435764e-01 9.855734e-01 -7.676053e-03 3.534963e-01 9.297151e-01 1.032966e-01 2.167653e-02 -9.311334e-01 3.391396e-01 1.340706e-01 1.236982e-01
9.941638e-01 4.392466e-02 -9.853390e-02 4.305235e-01 -4.362479e-02 9.990345e-01 5.196754e-03 4.229304e-02 9.866703e-02 -8.679036e-04 9.951201e-01 4.175255e-02
2.503763e-03 -1.422272e-01 9.898309e-01 6.743391e-01 3.519187e-01 9.266398e-01 1.322572e-01 6.489357e-02 -9.360272e-01 3.480089e-01 5.237249e-02 -1.005885e-02
9.400866e-01 8.542081e-02 -3.300614e-01 1.247882e+00 -7.673785e-02 9.962775e-01 3.927335e-02 8.883216e-02 3.321875e-01 -1.159215e-02 9.431421e-01 -2.027396e-01
1.160227e-01 -1.451676e-01 9.825808e-01 1.951724e+00 3.321727e-01 9.379712e-01 9.935408e-02 1.152508e-01 -9.360556e-01 3.148592e-01 1.570467e-01 -4.031582e-01
9.372625e-01 6.065171e-02 -3.433079e-01 2.652223e+00 -5.031423e-02 9.979737e-01 3.894802e-02 1.444644e-01 3.449745e-01 -1.923125e-02 9.384150e-01 -7.888891e-01
3.891504e-02 -9.649357e-02 9.945726e-01 3.214888e+00 3.592627e-01 9.301217e-01 7.618352e-02 1.732495e-01 -9.324248e-01 3.543482e-01 7.086226e-02 -1.122941e+00
9.420874e-01 6.436717e-02 -3.291326e-01 3.573160e+00 -3.667349e-02 9.952957e-01 8.967429e-02 2.003180e-01 3.333564e-01 -7.241057e-02 9.400161e-01 -1.342854e+00
1.706143e-01 -1.101208e-01 9.791650e-01 3.916338e+00 4.005523e-01 9.156727e-01 3.318612e-02 2.270709e-01 -9.002492e-01 3.865448e-01 2.003360e-01 -1.579923e+00
9.686924e-01 6.007917e-02 -2.408849e-01 3.777334e+00 -3.669227e-02 9.942677e-01 1.004266e-01 2.551823e-01 2.455376e-01 -8.844390e-02 9.653440e-01 -1.739126e+00
3.837287e-02 -1.116170e-01 9.930102e-01 3.446528e+00 4.879732e-01 8.692895e-01 7.885372e-02 2.842261e-01 -8.720147e-01 4.815365e-01 8.782324e-02 -1.946556e+00
9.908690e-01 1.348258e-01 8.001284e-04 3.304590e+00 -1.347747e-01 9.902920e-01 3.402102e-02 3.051070e-01 3.794549e-03 -3.381821e-02 9.994208e-01 -1.849157e+00
-7.247614e-02 -2.631159e-01 9.620380e-01 2.834199e+00 4.197321e-01 8.669535e-01 2.687314e-01 3.281645e-01 -9.047498e-01 4.232749e-01 4.760477e-02 -1.626949e+00
9.815742e-01 9.699380e-02 -1.646338e-01 2.386448e+00 -1.098061e-01 9.914444e-01 -7.057397e-02 3.471247e-01 1.563800e-01 8.735139e-02 9.838267e-01 -1.065305e+00
-4.913623e-02 -2.372667e-01 9.702011e-01 2.141831e+00 2.527697e-01 9.367988e-01 2.418997e-01 3.604263e-01 -9.662780e-01 2.571235e-01 1.394309e-02 -4.356842e-01
9.738766e-01 -4.262892e-02 -2.230408e-01 2.021999e+00 2.804253e-02 9.972800e-01 -6.816246e-02 3.772563e-01 2.253399e-01 6.012720e-02 9.724231e-01 2.198635e-02
-3.008814e-02 -8.388695e-02 9.960209e-01 2.223362e+00 2.059708e-01 9.745659e-01 8.830200e-02 3.894889e-01 -9.780955e-01 2.078081e-01 -1.204461e-02 6.663452e-01
9.618077e-01 -7.161533e-02 -2.641916e-01 2.562468e+00 9.006208e-02 9.942242e-01 5.836940e-02 4.089353e-01 2.584855e-01 -7.993378e-02 9.627024e-01 8.563151e-01
3.190026e-01 4.355782e-04 9.477538e-01 3.617755e+00 2.673200e-01 9.593564e-01 -9.041762e-02 4.353437e-01 -9.092730e-01 2.821970e-01 3.059207e-01 5.285290e-01
9.876646e-01 2.534599e-02 -1.545191e-01 4.220724e+00 3.079974e-03 9.834768e-01 1.810078e-01 4.534090e-01 1.565538e-01 -1.792509e-01 9.712672e-01 5.476200e-01
5.597313e-02 -1.154810e-01 9.917314e-01 4.470480e+00 4.729985e-01 8.778206e-01 7.552086e-02 4.704435e-01 -8.792835e-01 4.648603e-01 1.037567e-01 8.230712e-01
9.735072e-01 2.133865e-01 -8.215745e-02 4.766609e+00 -2.071988e-01 9.752058e-01 7.773195e-02 4.837690e-01 9.670737e-02 -5.864969e-02 9.935834e-01 1.232022e+00
1.426308e-01 -3.532120e-01 9.246068e-01 4.867206e+00 3.920148e-01 8.779243e-01 2.749060e-01 4.973461e-01 -9.088349e-01 3.232495e-01 2.636834e-01 1.720677e+00
9.845839e-01 1.333346e-01 -1.132101e-01 5.178092e+00 -1.504049e-01 9.757832e-01 -1.588252e-01 5.115137e-01 8.929158e-02 1.734041e-01 9.807946e-01 2.074516e+00
1.845398e-01 -2.653700e-01 9.463212e-01 6.064246e+00 1.296415e-01 9.610174e-01 2.442101e-01 5.309262e-01 -9.742372e-01 7.761604e-02 2.117490e-01 2.068141e+00
9.913875e-01 -8.994617e-02 -9.518687e-02 6.916142e+00 7.489726e-02 9.856447e-01 -1.513104e-01 5.469040e-01 1.074302e-01 1.428780e-01 9.838926e-01 2.307822e+00
1.235413e-01 -5.048283e-02 9.910545e-01 7.700651e+00 7.316103e-02 9.964506e-01 4.163771e-02 5.620210e-01 -9.896388e-01 6.736259e-02 1.267962e-01 2.651529e+00
9.728926e-01 -1.515250e-01 -1.747003e-01 8.936583e+00 1.598661e-01 9.865314e-01 3.462119e-02 5.863966e-01 1.671013e-01 -6.161135e-02 9.840128e-01 2.534368e+00
1.469011e-01 6.455482e-02 9.870424e-01 1.015247e+01 2.395448e-01 9.658431e-01 -9.881969e-02 6.087461e-01 -9.597074e-01 2.509576e-01 1.264197e-01 2.481028e+00
9.531609e-01 4.446664e-02 -2.991772e-01 1.142665e+01 1.916698e-02 9.782664e-01 2.064644e-01 6.342925e-01 3.018557e-01 -2.025281e-01 9.315930e-01 2.243000e+00
3.019777e-01 -5.053656e-02 9.519745e-01 1.291426e+01 3.818894e-01 9.213814e-01 -7.222738e-02 6.659447e-01 -8.734815e-01 3.853600e-01 2.975360e-01 1.782463e+00
9.522184e-01 2.090133e-01 -2.226962e-01 1.434247e+01 -1.678281e-01 9.672854e-01 1.902436e-01 6.947734e-01 2.551742e-01 -1.437788e-01 9.561453e-01 1.440557e+00
1.804668e-01 -2.396636e-01 9.539356e-01 1.570241e+01 4.250493e-01 8.936264e-01 1.441003e-01 7.225543e-01 -8.869976e-01 3.794643e-01 2.631388e-01 1.151675e+00
9.251269e-01 2.517224e-01 -2.842112e-01 1.711429e+01 -2.592574e-01 9.657405e-01 1.144388e-02 7.513471e-01 2.773549e-01 6.309682e-02 9.586934e-01 8.200699e-01
1.822031e-01 -3.255695e-01 9.277966e-01 1.857753e+01 2.538139e-01 9.271853e-01 2.755103e-01 7.798963e-01 -9.499371e-01 1.852889e-01 2.515701e-01 5.289427e-01
8.761686e-01 1.013434e-01 -4.712305e-01 2.018953e+01 -1.828095e-01 9.744715e-01 -1.303305e-01 8.141595e-01 4.459925e-01 2.003369e-01 8.723278e-01 2.718762e-03
1.931312e-01 -2.205358e-01 9.560671e-01 2.179641e+01 8.405377e-02 9.745491e-01 2.078197e-01 8.483494e-01 -9.775660e-01 4.022459e-02 2.067527e-01 -5.114818e-01
7.632911e-01 -3.261371e-02 -6.452310e-01 2.354727e+01 -5.971140e-02 9.908888e-01 -1.207222e-01 8.876384e-01 6.432894e-01 1.306739e-01 7.543892e-01 -1.146877e+00
1.413343e-03 -8.168322e-02 9.966573e-01 2.511528e+01 2.805694e-02 9.962692e-01 8.161163e-02 9.180734e-01 -9.996053e-01 2.784781e-02 3.699851e-03 -1.476847e+00
7.586379e-01 -8.300321e-02 -6.462035e-01 2.656277e+01 8.590398e-02 9.959355e-01 -2.707480e-02 9.473023e-01 6.458243e-01 -3.497148e-02 7.626847e-01 -1.813190e+00
-6.094871e-02 8.239251e-02 9.947345e-01 2.801692e+01 1.613284e-01 9.842969e-01 -7.164318e-02 9.770459e-01 -9.850170e-01 1.561124e-01 -7.328388e-02 -2.177115e+00
7.459734e-01 3.352010e-02 -6.651316e-01 2.951463e+01 1.088721e-01 9.791586e-01 1.714505e-01 1.009164e+00 6.570164e-01 -2.003118e-01 7.267769e-01 -2.606247e+00
2.692306e-01 9.224651e-02 9.586477e-01 3.115794e+01 2.611917e-01 9.511021e-01 -1.648746e-01 1.046616e+00 -9.269810e-01 2.947801e-01 2.319718e-01 -3.227841e+00
7.755161e-01 1.738116e-01 -6.069302e-01 3.270105e+01 1.292720e-02 9.567818e-01 2.905195e-01 1.078329e+00 6.311954e-01 -2.331484e-01 7.397528e-01 -3.688615e+00
1.153827e-01 -7.103403e-03 9.932957e-01 3.416974e+01 4.227497e-01 9.052431e-01 -4.263352e-02 1.108369e+00 -8.988713e-01 4.248346e-01 1.074523e-01 -4.090665e+00
7.316766e-01 3.228117e-01 -6.003682e-01 3.571141e+01 -1.581690e-01 9.371177e-01 3.111158e-01 1.140741e+00 6.630474e-01 -1.326765e-01 7.367259e-01 -4.574545e+00
3.192660e-01 -1.827521e-01 9.298768e-01 3.718533e+01 4.401968e-01 8.975460e-01 2.525978e-02 1.173339e+00 -8.392235e-01 4.012642e-01 3.670028e-01 -5.087498e+00
7.419083e-01 3.603311e-01 -5.654499e-01 3.865995e+01 -2.606724e-01 9.319887e-01 2.518869e-01 1.205346e+00 6.177556e-01 -3.947983e-02 7.853785e-01 -5.551236e+00
2.337850e-01 -2.822657e-01 9.304142e-01 4.029445e+01 4.324525e-01 8.872549e-01 1.605100e-01 1.242010e+00 -8.708211e-01 3.648352e-01 3.294934e-01 -6.132585e+00
7.517028e-01 3.189892e-01 -5.772251e-01 4.202298e+01 -3.192090e-01 9.418712e-01 1.048057e-01 1.282159e+00 5.771036e-01 1.054727e-01 8.098314e-01 -6.820419e+00
2.605124e-01 -3.305029e-01 9.071390e-01 4.369710e+01 3.263739e-01 9.144153e-01 2.394257e-01 1.321611e+00 -9.086327e-01 2.336931e-01 3.460841e-01 -7.504072e+00
7.870931e-01 2.275039e-01 -5.733467e-01 4.539278e+01 -2.918767e-01 9.562196e-01 -2.126185e-02 1.358265e+00 5.434082e-01 1.840816e-01 8.190369e-01 -8.078731e+00
3.441698e-01 -3.173691e-01 8.836425e-01 4.713988e+01 2.080224e-01 9.435243e-01 2.578537e-01 1.398518e+00 -9.155730e-01 9.507197e-02 3.907524e-01 -8.741659e+00
9.180864e-01 8.344152e-02 -3.874982e-01 4.876512e+01 -1.563214e-01 9.745774e-01 -1.605073e-01 1.430256e+00 3.642540e-01 2.079339e-01 9.077899e-01 -9.190361e+00
2.583797e-01 -2.082808e-01 9.433234e-01 5.024370e+01 4.738261e-02 9.780384e-01 2.029674e-01 1.458619e+00 -9.648807e-01 -7.745531e-03 2.625742e-01 -9.578644e+00
9.505924e-01 -1.127327e-01 -2.892499e-01 5.176130e+01 6.837757e-02 9.848861e-01 -1.591346e-01 1.486185e+00 3.028179e-01 1.314939e-01 9.439336e-01 -9.910420e+00
2.160590e-01 3.881300e-03 9.763726e-01 5.318282e+01 2.502432e-03 9.999866e-01 -4.528928e-03 1.511080e+00 -9.763771e-01 3.421822e-03 2.160464e-01 -1.014775e+01
9.497869e-01 -2.135025e-01 -2.287390e-01 5.427215e+01 2.286898e-01 9.726030e-01 4.176547e-02 1.532718e+00 2.135552e-01 -9.197857e-02 9.725914e-01 -1.035097e+01
3.142587e-01 1.221659e-01 9.414441e-01 5.506702e+01 2.320162e-01 9.517290e-01 -2.009486e-01 1.554198e+00 -9.205487e-01 2.815801e-01 2.707447e-01 -1.050724e+01
9.980166e-01 -6.076982e-02 -1.642988e-02 5.553229e+01 6.294520e-02 9.595881e-01 2.742784e-01 1.572157e+00 -9.019318e-04 -2.747686e-01 9.615100e-01 -1.044835e+01
6.116564e-01 -8.121646e-02 7.869436e-01 5.655236e+01 3.906722e-01 8.959783e-01 -2.111828e-01 1.596778e+00 -6.879329e-01 4.366083e-01 5.797599e-01 -1.078058e+01
9.539585e-01 2.242224e-01 -1.992172e-01 5.761840e+01 -1.633512e-01 9.454376e-01 2.818939e-01 1.623757e+00 2.515544e-01 -2.363727e-01 9.385352e-01 -1.121218e+01
7.219220e-01 -2.359845e-01 6.504920e-01 5.903816e+01 4.302231e-01 8.893457e-01 -1.548300e-01 1.661638e+00 -5.419748e-01 3.916319e-01 7.435642e-01 -1.194725e+01
9.729271e-01 1.890133e-01 1.329919e-01 5.979220e+01 -2.010435e-01 9.760056e-01 8.363400e-02 1.693162e+00 -1.139929e-01 -1.081070e-01 9.875821e-01 -1.244085e+01
8.161706e-01 -3.778699e-01 4.371269e-01 6.046974e+01 4.410115e-01 8.961774e-01 -4.873222e-02 1.729255e+00 -3.733288e-01 2.325518e-01 8.980787e-01 -1.303498e+01
8.892411e-01 2.376178e-01 3.908811e-01 6.140635e+01 -1.864886e-01 9.685795e-01 -1.645472e-01 1.758702e+00 -4.176987e-01 7.342726e-02 9.056137e-01 -1.360174e+01
5.208584e-01 -4.255540e-01 7.400070e-01 6.209071e+01 3.035209e-01 9.025566e-01 3.053960e-01 1.785124e+00 -7.978606e-01 6.553952e-02 5.992687e-01 -1.389547e+01
9.162572e-01 -1.564357e-02 4.002850e-01 6.274725e+01 1.624556e-01 9.278906e-01 -3.355999e-01 1.804503e+00 -3.661707e-01 3.725243e-01 8.527278e-01 -1.402734e+01
4.458332e-01 -8.166103e-02 8.913833e-01 6.305979e+01 -3.363067e-02 9.935986e-01 1.078458e-01 1.823535e+00 -8.944841e-01 -7.805906e-02 4.402329e-01 -1.409470e+01
9.128500e-01 -3.602961e-01 1.920719e-01 6.355479e+01 3.732151e-01 9.270966e-01 -3.467492e-02 1.845066e+00 -1.655760e-01 1.033371e-01 9.807681e-01 -1.427687e+01
6.036499e-01 1.595857e-01 7.811141e-01 6.403454e+01 7.638044e-02 9.636780e-01 -2.559118e-01 1.871539e+00 -7.935823e-01 2.141429e-01 5.695349e-01 -1.456177e+01
8.836852e-01 -2.782864e-01 3.763736e-01 6.438179e+01 1.839344e-01 9.458429e-01 2.674872e-01 1.899582e+00 -4.304284e-01 -1.671465e-01 8.870138e-01 -1.486454e+01
7.838802e-01 -9.980048e-02 6.128390e-01 6.492119e+01 3.534911e-01 8.831641e-01 -3.083265e-01 1.932125e+00 -5.104663e-01 4.583242e-01 7.275735e-01 -1.536461e+01
8.452910e-01 9.253893e-02 5.262316e-01 6.563762e+01 -1.838067e-01 9.751390e-01 1.237702e-01 1.954673e+00 -5.016953e-01 -2.013467e-01 8.412855e-01 -1.562391e+01
5.870739e-01 -4.283049e-01 6.869492e-01 6.637575e+01 4.999424e-01 8.592392e-01 1.084697e-01 1.974489e+00 -6.367117e-01 2.797553e-01 7.185647e-01 -1.579818e+01
9.051083e-01 2.341478e-01 3.548996e-01 6.719239e+01 -1.454937e-01 9.548752e-01 -2.589305e-01 1.994850e+00 -3.995128e-01 1.827244e-01 8.983325e-01 -1.598455e+01
6.206377e-01 -3.902589e-01 6.800785e-01 6.769261e+01 2.163021e-01 9.188984e-01 3.299077e-01 2.017514e+00 -7.536725e-01 -5.765075e-02 6.547169e-01 -1.616038e+01
9.753837e-01 -7.293063e-02 2.081051e-01 6.819515e+01 1.418482e-01 9.300692e-01 -3.388958e-01 2.038510e+00 -1.688362e-01 3.600728e-01 9.175194e-01 -1.626264e+01
4.917673e-01 -5.856851e-02 8.687547e-01 6.872292e+01 -4.883938e-02 9.943091e-01 9.467898e-02 2.061757e+00 -8.693559e-01 -8.898946e-02 4.861082e-01 -1.652933e+01
9.491155e-01 -3.085880e-01 -6.287477e-02 6.964688e+01 3.024318e-01 9.487868e-01 -9.131665e-02 2.087561e+00 8.783397e-02 6.765472e-02 9.938350e-01 -1.693385e+01
3.649505e-01 1.830707e-01 9.128506e-01 7.061997e+01 4.860644e-02 9.753936e-01 -2.150461e-01 2.106681e+00 -9.297572e-01 1.228516e-01 3.470720e-01 -1.710861e+01
9.518913e-01 -2.480543e-01 1.799223e-01 7.126480e+01 1.912555e-01 9.396644e-01 2.836409e-01 2.121638e+00 -2.394250e-01 -2.355842e-01 9.419001e-01 -1.705858e+01
6.252656e-01 -1.270917e-02 7.803085e-01 7.214906e+01 3.761510e-01 8.809683e-01 -2.870632e-01 2.144346e+00 -6.837787e-01 4.730046e-01 5.556197e-01 -1.734988e+01
9.834308e-01 1.779836e-01 3.443309e-02 7.341092e+01 -1.802903e-01 9.403791e-01 2.884139e-01 2.173572e+00 1.895278e-02 -2.898431e-01 9.568865e-01 -1.785215e+01
3.572749e-01 -3.187990e-01 8.779076e-01 7.400708e+01 5.921960e-01 8.041769e-01 5.102361e-02 2.195134e+00 -7.222593e-01 5.016639e-01 4.761037e-01 -1.808478e+01
9.487196e-01 2.690425e-01 1.659734e-01 7.431008e+01 -2.535851e-01 9.611992e-01 -1.085854e-01 2.220947e+00 -1.887476e-01 6.092872e-02 9.801337e-01 -1.829934e+01
2.000178e-01 -4.279929e-01 8.813711e-01 7.471879e+01 3.122956e-01 8.804801e-01 3.566880e-01 2.245316e+00 -9.286896e-01 2.039043e-01 3.097720e-01 -1.847811e+01
9.570184e-01 -7.614401e-02 2.798534e-01 7.476213e+01 1.660285e-01 9.350051e-01 -3.133687e-01 2.262966e+00 -2.378032e-01 3.463633e-01 9.074592e-01 -1.838378e+01
4.219447e-01 -5.823119e-02 9.047496e-01 7.508861e+01 -7.739881e-03 9.976675e-01 6.782116e-02 2.284857e+00 -9.065885e-01 -3.561944e-02 4.205098e-01 -1.850377e+01
9.415510e-01 -2.929733e-01 -1.662780e-01 7.568521e+01 2.866573e-01 9.560674e-01 -6.134154e-02 2.312054e+00 1.769444e-01 1.009138e-02 9.841691e-01 -1.883732e+01
4.846555e-01 1.467283e-01 8.623107e-01 7.616495e+01 1.055032e-01 9.688270e-01 -2.241501e-01 2.337789e+00 -8.683191e-01 1.996121e-01 4.540671e-01 -1.910722e+01
9.696904e-01 -2.235038e-01 9.872517e-02 7.620491e+01 1.895301e-01 9.430491e-01 2.733801e-01 2.358476e+00 -1.542042e-01 -2.463827e-01 9.568263e-01 -1.900301e+01
4.844238e-01 -4.833539e-02 8.734971e-01 7.597216e+01 4.586939e-01 8.642532e-01 -2.065585e-01 2.372898e+00 -7.449386e-01 5.007296e-01 4.408360e-01 -1.851617e+01
9.613782e-01 1.553796e-01 2.271763e-01 7.613279e+01 -1.994527e-01 9.620878e-01 1.860262e-01 2.389859e+00 -1.896589e-01 -2.241525e-01 9.559211e-01 -1.833563e+01
5.169819e-01 -3.990794e-01 7.572749e-01 7.651210e+01 5.467708e-01 8.346316e-01 6.657242e-02 2.412674e+00 -6.586132e-01 3.796391e-01 6.496944e-01 -1.845398e+01
8.765145e-01 2.510726e-01 4.107126e-01 7.650408e+01 -1.737742e-01 9.607077e-01 -2.164329e-01 2.424021e+00 -4.489151e-01 1.183354e-01 8.857042e-01 -1.804357e+01
5.177062e-01 -4.710727e-01 7.141925e-01 7.614279e+01 2.610198e-01 8.819347e-01 3.925045e-01 2.439567e+00 -8.147693e-01 -1.678360e-02 5.795424e-01 -1.741307e+01
9.789676e-01 -5.738895e-02 1.957778e-01 7.603165e+01 1.272359e-01 9.218766e-01 -3.659981e-01 2.454113e+00 -1.594787e-01 3.832102e-01 9.097893e-01 -1.699875e+01
4.463349e-01 -1.018257e-01 8.890538e-01 7.579909e+01 -4.468998e-02 9.897289e-01 1.357921e-01 2.472370e+00 -8.937494e-01 -1.003406e-01 4.372000e-01 -1.673460e+01
9.338777e-01 -3.404029e-01 -1.095367e-01 7.611581e+01 3.253976e-01 9.359716e-01 -1.344380e-01 2.497589e+00 1.482863e-01 8.990572e-02 9.848493e-01 -1.697812e+01
3.488341e-01 1.847129e-01 9.188013e-01 7.615106e+01 7.021519e-02 9.724782e-01 -2.221620e-01 2.515869e+00 -9.345505e-01 1.420115e-01 3.262639e-01 -1.689457e+01
9.611961e-01 -1.979005e-01 -1.921912e-01 7.642225e+01 2.448920e-01 9.328613e-01 2.641926e-01 2.534270e+00 1.270038e-01 -3.010070e-01 9.451269e-01 -1.686193e+01
4.276103e-01 9.649215e-02 8.987985e-01 7.662835e+01 4.409184e-01 8.457256e-01 -3.005647e-01 2.558299e+00 -7.891390e-01 5.248214e-01 3.190958e-01 -1.699687e+01
9.929751e-01 1.143381e-01 3.045195e-02 7.674414e+01 -1.177151e-01 9.285198e-01 3.521279e-01 2.584590e+00 1.198640e-02 -3.532389e-01 9.354564e-01 -1.715472e+01
3.127894e-01 -2.826356e-01 9.067965e-01 7.691610e+01 6.426434e-01 7.659752e-01 1.707090e-02 2.605643e+00 -6.994085e-01 5.774072e-01 4.212228e-01 -1.709315e+01
9.240908e-01 3.715799e-01 -8.935616e-02 7.721685e+01 -3.665795e-01 9.279238e-01 6.765240e-02 2.632768e+00 1.080540e-01 -2.976082e-02 9.936995e-01 -1.733012e+01
3.145507e-01 -4.827806e-01 8.173009e-01 7.755167e+01 5.081366e-01 8.128919e-01 2.846120e-01 2.659714e+00 -8.017824e-01 3.257756e-01 5.010142e-01 -1.764007e+01
9.665203e-01 2.449125e-01 -7.652747e-02 7.803673e+01 -2.564267e-01 9.325928e-01 -2.540000e-01 2.681291e+00 9.161173e-03 2.651199e-01 9.641719e-01 -1.780379e+01
2.526164e-01 -3.828289e-01 8.886096e-01 7.880682e+01 1.061752e-01 9.238182e-01 3.678136e-01 2.702489e+00 -9.617234e-01 1.432542e-03 2.740185e-01 -1.797116e+01
9.803049e-01 -1.768721e-01 -8.785497e-02 7.956752e+01 1.413382e-01 9.390387e-01 -3.134164e-01 2.724198e+00 1.379338e-01 2.948264e-01 9.455430e-01 -1.816267e+01
-9.572142e-02 5.969507e-02 9.936166e-01 7.974709e+01 5.222349e-02 9.971266e-01 -5.487493e-02 2.743277e+00 -9.940373e-01 4.663742e-02 -9.856385e-02 -1.803376e+01
9.309739e-01 -2.675470e-01 -2.484072e-01 8.019683e+01 3.097848e-01 9.389462e-01 1.497109e-01 2.769118e+00 1.931863e-01 -2.163297e-01 9.570165e-01 -1.820232e+01
4.369782e-02 2.351017e-01 9.709880e-01 8.124532e+01 4.369904e-01 8.695105e-01 -2.301974e-01 2.791698e+00 -8.984041e-01 4.343716e-01 -6.474148e-02 -1.841273e+01
9.732632e-01 1.838586e-01 -1.376760e-01 8.243014e+01 -1.195409e-01 9.172704e-01 3.799014e-01 2.816669e+00 1.961343e-01 -3.532861e-01 9.147241e-01 -1.872616e+01
6.153806e-02 -1.806804e-01 9.816148e-01 8.367894e+01 6.328537e-01 7.675753e-01 1.016093e-01 2.845625e+00 -7.718221e-01 6.149657e-01 1.615793e-01 -1.923114e+01
8.835180e-01 4.334123e-01 -1.776222e-01 8.517824e+01 -4.303031e-01 9.008369e-01 5.772535e-02 2.876569e+00 1.850275e-01 2.543001e-02 9.824043e-01 -1.973615e+01
7.075814e-02 -4.750329e-01 8.771186e-01 8.679945e+01 3.472999e-01 8.360361e-01 4.247663e-01 2.909723e+00 -9.350808e-01 2.745676e-01 2.241353e-01 -2.029558e+01
9.095111e-01 1.414637e-01 -3.908678e-01 8.841475e+01 -2.633631e-01 9.236081e-01 -2.785460e-01 2.946356e+00 3.216045e-01 3.562809e-01 8.772881e-01 -2.095121e+01
1.712846e-02 -2.945047e-01 9.554965e-01 8.994343e+01 -4.589725e-02 9.543977e-01 2.949888e-01 2.978567e+00 -9.987993e-01 -4.890736e-02 2.830413e-03 -2.146057e+01
9.468753e-01 -2.828024e-01 -1.531337e-01 9.145115e+01 2.419757e-01 9.401333e-01 -2.399941e-01 3.005598e+00 2.118371e-01 1.901899e-01 9.586203e-01 -2.179280e+01
-2.180907e-02 1.888583e-01 9.817621e-01 9.293083e+01 1.021497e-02 9.819865e-01 -1.886745e-01 3.030632e+00 -9.997100e-01 5.913853e-03 -2.334539e-02 -2.206981e+01
8.816021e-01 -2.068736e-01 -4.242417e-01 9.446872e+01 3.098576e-01 9.316901e-01 1.895832e-01 3.064831e+00 3.560420e-01 -2.985915e-01 8.854813e-01 -2.269562e+01
3.629593e-01 2.760660e-01 8.899708e-01 9.646366e+01 2.674402e-01 8.840561e-01 -3.833022e-01 3.114502e+00 -8.926009e-01 3.771371e-01 2.470452e-01 -2.361660e+01
9.939855e-01 6.385266e-02 -8.896996e-02 9.858945e+01 -1.737578e-02 8.940890e-01 4.475521e-01 3.159041e+00 1.081245e-01 -4.433144e-01 8.898210e-01 -2.423943e+01
5.366256e-01 -1.084529e-01 8.368219e-01 1.006864e+02 5.390028e-01 8.070766e-01 -2.410464e-01 3.205786e+00 -6.492372e-01 5.804010e-01 4.915544e-01 -2.497918e+01
9.190121e-01 3.847687e-01 -8.584743e-02 1.025551e+02 -3.433794e-01 8.882397e-01 3.051571e-01 3.250101e+00 1.936680e-01 -2.509648e-01 9.484247e-01 -2.577088e+01
4.708167e-01 -4.045020e-01 7.840343e-01 1.044272e+02 5.964540e-01 8.007635e-01 5.495925e-02 3.295191e+00 -6.500572e-01 4.417646e-01 6.182796e-01 -2.656286e+01
8.691442e-01 4.575069e-01 -1.878184e-01 1.063159e+02 -4.612476e-01 8.868927e-01 2.592317e-02 3.341492e+00 1.784348e-01 6.409982e-02 9.818616e-01 -2.739542e+01
3.196723e-01 -5.138897e-01 7.960697e-01 1.082055e+02 4.021593e-01 8.343116e-01 3.770837e-01 3.385169e+00 -8.579496e-01 1.996037e-01 4.733718e-01 -2.817022e+01
9.134401e-01 2.245142e-01 -3.394416e-01 1.100447e+02 -3.248057e-01 9.047189e-01 -2.756537e-01 3.429240e+00 2.452110e-01 3.620457e-01 8.993300e-01 -2.897569e+01
2.921304e-01 -3.757080e-01 8.794904e-01 1.116543e+02 3.006164e-02 9.227578e-01 3.842060e-01 3.465700e+00 -9.559059e-01 -8.579933e-02 2.808600e-01 -2.963274e+01
9.401426e-01 -1.696854e-01 -2.955312e-01 1.131864e+02 5.385581e-02 9.302997e-01 -3.628251e-01 3.499368e+00 3.364987e-01 3.251912e-01 8.837529e-01 -3.024327e+01
1.456800e-01 3.487267e-03 9.893256e-01 1.145643e+02 -1.371276e-01 9.904126e-01 1.670119e-02 3.530376e+00 -9.797823e-01 -1.380969e-01 1.447615e-01 -3.074017e+01
8.113311e-01 -2.803581e-01 -5.129729e-01 1.162034e+02 2.736739e-01 9.575564e-01 -9.048930e-02 3.564866e+00 5.165699e-01 -6.697054e-02 8.536220e-01 -3.129803e+01
3.876138e-01 2.503406e-01 8.871782e-01 1.180489e+02 -7.046926e-02 9.676490e-01 -2.422591e-01 3.608167e+00 -9.191244e-01 3.138416e-02 3.927154e-01 -3.200920e+01
8.751527e-01 -1.896526e-01 -4.451289e-01 1.197799e+02 2.887953e-01 9.428783e-01 1.660657e-01 3.645824e+00 3.882076e-01 -2.738840e-01 8.799332e-01 -3.262674e+01
2.888950e-01 2.497029e-01 9.242230e-01 1.212836e+02 2.666797e-01 9.061865e-01 -3.281890e-01 3.677727e+00 -9.194681e-01 3.412836e-01 1.952020e-01 -3.317803e+01
9.724144e-01 6.863975e-02 -2.229321e-01 1.225970e+02 2.660451e-02 9.168514e-01 3.983413e-01 3.704119e+00 2.317377e-01 -3.932838e-01 8.897334e-01 -3.360044e+01
2.591170e-01 -3.705826e-02 9.651347e-01 1.240736e+02 5.533625e-01 8.246965e-01 -1.168996e-01 3.732845e+00 -7.916112e-01 5.643601e-01 2.341996e-01 -3.406021e+01
9.270455e-01 3.603648e-01 -1.035562e-01 1.256292e+02 -3.320041e-01 9.172837e-01 2.199177e-01 3.764675e+00 1.742411e-01 -1.694926e-01 9.700063e-01 -3.460795e+01
-2.209073e-01 -3.624537e-01 9.054432e-01 1.266089e+02 4.401407e-01 7.914149e-01 4.241918e-01 3.783209e+00 -8.703310e-01 4.922295e-01 -1.529866e-02 -3.479309e+01
9.818012e-01 1.779671e-01 6.628792e-02 1.272272e+02 -1.477096e-01 9.349865e-01 -3.224627e-01 3.796089e+00 -1.193661e-01 3.068029e-01 9.442583e-01 -3.408103e+01
-1.467886e-01 -2.721888e-01 9.509818e-01 1.281086e+02 -1.305687e-01 9.583151e-01 2.541338e-01 3.808814e+00 -9.805126e-01 -8.686445e-02 -1.762091e-01 -3.316577e+01
9.300037e-01 -3.293035e-01 -1.632551e-01 1.292594e+02 3.008422e-01 9.371788e-01 -1.766067e-01 3.822581e+00 2.111564e-01 1.151308e-01 9.706482e-01 -3.294470e+01
1.395840e-02 2.337984e-01 9.721849e-01 1.307381e+02 3.646489e-02 9.715138e-01 -2.341606e-01 3.846352e+00 -9.992374e-01 3.871913e-02 5.035349e-03 -3.305424e+01
8.408275e-01 -1.029746e-01 -5.314182e-01 1.323343e+02 2.562060e-01 9.405164e-01 2.231308e-01 3.876924e+00 4.768307e-01 -3.237671e-01 8.171948e-01 -3.347585e+01
3.811299e-01 2.214227e-01 8.976146e-01 1.335654e+02 2.757445e-01 8.994818e-01 -3.389653e-01 3.905953e+00 -8.824426e-01 3.767021e-01 2.817633e-01 -3.400989e+01
9.470407e-01 1.496211e-01 -2.841257e-01 1.349826e+02 -1.664918e-02 9.065029e-01 4.218713e-01 3.931456e+00 3.206816e-01 -3.947988e-01 8.609862e-01 -3.435248e+01
4.842321e-01 -7.280434e-02 8.719053e-01 1.365378e+02 4.848239e-01 8.518756e-01 -1.981259e-01 3.962238e+00 -7.283304e-01 5.186594e-01 4.478027e-01 -3.481427e+01
8.831745e-01 3.776765e-01 -2.781425e-01 1.381377e+02 -2.744712e-01 8.970039e-01 3.464818e-01 3.996221e+00 3.803529e-01 -2.296618e-01 8.958723e-01 -3.536865e+01
1.395872e-01 -3.106963e-01 9.402038e-01 1.397350e+02 5.488731e-01 8.145620e-01 1.876888e-01 4.027267e+00 -8.241685e-01 4.898537e-01 2.842353e-01 -3.581603e+01
8.507797e-01 3.965350e-01 -3.448678e-01 1.415014e+02 -4.177328e-01 9.084616e-01 1.402921e-02 4.063881e+00 3.188622e-01 1.321268e-01 9.385464e-01 -3.641411e+01
2.372124e-01 -4.537677e-01 8.589675e-01 1.431701e+02 2.947053e-01 8.761496e-01 3.814587e-01 4.098074e+00 -9.256776e-01 1.626556e-01 3.415613e-01 -3.696251e+01
9.258614e-01 1.431311e-01 -3.497059e-01 1.446867e+02 -2.436903e-01 9.334799e-01 -2.631167e-01 4.127074e+00 2.887832e-01 3.288295e-01 8.991526e-01 -3.736667e+01
6.581577e-01 -3.036083e-01 6.889488e-01 1.462217e+02 8.336510e-02 9.388457e-01 3.340944e-01 4.164215e+00 -7.482504e-01 -1.624525e-01 6.432189e-01 -3.800740e+01
9.282716e-01 -3.936247e-02 -3.698142e-01 1.479262e+02 -8.920722e-02 9.417862e-01 -3.241616e-01 4.208113e+00 3.610457e-01 3.339001e-01 8.707220e-01 -3.880529e+01
6.900502e-01 -1.381935e-01 7.104459e-01 1.495812e+02 -6.544581e-02 9.656667e-01 2.514052e-01 4.251512e+00 -7.207965e-01 -2.199779e-01 6.573143e-01 -3.959750e+01
8.524550e-01 -1.628290e-01 -4.967970e-01 1.510905e+02 1.717230e-02 9.584689e-01 -2.846796e-01 4.291698e+00 5.225185e-01 2.341454e-01 8.198478e-01 -4.033823e+01
6.630187e-01 -2.629062e-02 7.481411e-01 1.525691e+02 -1.218038e-01 9.822769e-01 1.424636e-01 4.331476e+00 -7.386272e-01 -1.855824e-01 6.480657e-01 -4.107588e+01
9.201982e-01 -2.542748e-01 -2.976232e-01 1.541562e+02 1.969745e-01 9.578083e-01 -2.092947e-01 4.371079e+00 3.382843e-01 1.339684e-01 9.314592e-01 -4.179530e+01
4.286602e-01 1.398297e-01 8.925794e-01 1.557159e+02 -9.266281e-02 9.895449e-01 -1.105189e-01 4.407663e+00 -8.987013e-01 -3.533384e-02 4.371356e-01 -4.245211e+01
9.232202e-01 -2.803370e-01 -2.628225e-01 1.573306e+02 3.065813e-01 9.496937e-01 6.395092e-02 4.445552e+00 2.316731e-01 -1.396173e-01 9.627225e-01 -4.314572e+01
3.770106e-01 2.292921e-01 8.973785e-01 1.587322e+02 1.746931e-01 9.338796e-01 -3.120115e-01 4.477258e+00 -9.095852e-01 2.743975e-01 3.120268e-01 -4.369425e+01
9.649780e-01 3.521359e-03 -2.623072e-01 1.603753e+02 9.674131e-02 9.246577e-01 3.683060e-01 4.511883e+00 2.438413e-01 -3.807831e-01 8.919337e-01 -4.414379e+01
5.028346e-01 7.447691e-03 8.643505e-01 1.620419e+02 4.099032e-01 8.783218e-01 -2.460287e-01 4.544016e+00 -7.610103e-01 4.780118e-01 4.385978e-01 -4.450007e+01
9.258608e-01 2.861070e-01 -2.468292e-01 1.635834e+02 -1.882085e-01 9.155992e-01 3.553247e-01 4.576423e+00 3.276575e-01 -2.825259e-01 9.015651e-01 -4.500635e+01
2.804984e-01 -2.395611e-01 9.294789e-01 1.651695e+02 5.592394e-01 8.278062e-01 4.458887e-02 4.610057e+00 -7.801102e-01 5.072942e-01 3.661704e-01 -4.555781e+01
9.141345e-01 3.863769e-01 -1.227645e-01 1.667389e+02 -3.837969e-01 9.223215e-01 4.497829e-02 4.640540e+00 1.306069e-01 6.000405e-03 9.914161e-01 -4.601226e+01
1.061728e-01 -4.479404e-01 8.877369e-01 1.682577e+02 3.477345e-01 8.531371e-01 3.888930e-01 4.671340e+00 -9.315622e-01 2.674069e-01 2.463443e-01 -4.649532e+01
6.709007e-01 2.077001e-01 -7.118658e-01 1.698579e+02 -3.762819e-01 9.225558e-01 -8.545546e-02 4.713445e+00 6.389869e-01 3.251944e-01 6.970971e-01 -4.730805e+01
2.591574e-01 -3.527454e-01 8.991152e-01 1.712288e+02 1.934421e-01 9.310144e-01 3.095033e-01 4.756686e+00 -9.462651e-01 9.371666e-02 3.095151e-01 -4.828188e+01
8.844067e-01 2.409135e-02 -4.660949e-01 1.726138e+02 -1.406007e-01 9.660254e-01 -2.168558e-01 4.788944e+00 4.450351e-01 2.573220e-01 8.577465e-01 -4.891014e+01
5.054292e-02 -1.576548e-01 9.862000e-01 1.740319e+02 -1.545385e-02 9.872204e-01 1.586100e-01 4.816540e+00 -9.986023e-01 -2.325719e-02 4.746063e-02 -4.936789e+01
9.440897e-01 -2.394535e-01 -2.266202e-01 1.754221e+02 2.194458e-01 9.693937e-01 -1.100883e-01 4.842474e+00 2.460452e-01 5.420242e-02 9.677416e-01 -4.971039e+01
2.109386e-01 1.451530e-01 9.666620e-01 1.766797e+02 6.787331e-02 9.843515e-01 -1.626201e-01 4.865972e+00 -9.751401e-01 9.991341e-02 1.977857e-01 -4.999466e+01
8.263347e-01 -6.964740e-02 -5.588561e-01 1.779695e+02 1.958491e-01 9.659254e-01 1.692076e-01 4.894261e+00 5.280284e-01 -2.492736e-01 8.118181e-01 -5.043153e+01
3.128246e-02 1.823174e-01 9.827420e-01 1.795191e+02 3.454250e-01 9.206690e-01 -1.817972e-01 4.923755e+00 -9.379248e-01 3.451507e-01 -3.417620e-02 -5.086649e+01
7.140748e-01 2.462769e-01 -6.553204e-01 1.812048e+02 2.348120e-02 9.271268e-01 3.740113e-01 4.959237e+00 6.996755e-01 -2.824598e-01 6.562550e-01 -5.140258e+01
1.600462e-01 2.398435e-02 9.868181e-01 1.827463e+02 4.551855e-01 8.852776e-01 -9.534031e-02 4.990487e+00 -8.758946e-01 4.644442e-01 1.307680e-01 -5.188690e+01
9.083546e-01 3.083040e-01 -2.825608e-01 1.841639e+02 -2.355002e-01 9.354434e-01 2.636008e-01 5.014711e+00 3.455888e-01 -1.728999e-01 9.223199e-01 -5.222561e+01
-3.617420e-01 -2.717326e-01 8.917982e-01 1.855825e+02 3.322028e-01 8.562172e-01 3.956431e-01 5.030357e+00 -8.710821e-01 4.393786e-01 -2.194594e-01 -5.184266e+01
9.500848e-01 1.733047e-01 -2.594308e-01 1.869753e+02 -2.305914e-01 9.501791e-01 -2.097316e-01 5.048131e+00 2.101583e-01 2.590853e-01 9.427133e-01 -5.147461e+01
-1.108600e-01 -2.696562e-01 9.565540e-01 1.884122e+02 2.917600e-02 9.611889e-01 2.743441e-01 5.075290e+00 -9.934077e-01 5.832222e-02 -9.868993e-02 -5.183550e+01
9.523516e-01 -2.071114e-01 -2.239001e-01 1.897392e+02 1.674551e-01 9.686109e-01 -1.837166e-01 5.098234e+00 2.549218e-01 1.374696e-01 9.571400e-01 -5.203394e+01
-3.534263e-01 1.587624e-01 9.218917e-01 1.907734e+02 1.835381e-01 9.781074e-01 -9.808040e-02 5.114071e+00 -9.172805e-01 1.345381e-01 -3.748278e-01 -5.199273e+01
9.872999e-01 -8.703969e-02 -1.329024e-01 1.915652e+02 1.209335e-01 9.542602e-01 2.734273e-01 5.125200e+00 1.030245e-01 -2.860271e-01 9.526670e-01 -5.172176e+01
-1.720311e-01 5.260484e-02 9.836859e-01 1.925718e+02 5.324286e-01 8.451175e-01 4.791875e-02 5.137449e+00 -8.288094e-01 5.319861e-01 -1.733948e-01 -5.157827e+01
8.863632e-01 3.618023e-01 -2.888933e-01 1.942005e+02 -3.140718e-01 9.283133e-01 1.989808e-01 5.163983e+00 3.401752e-01 -8.563602e-02 9.364546e-01 -5.185151e+01
3.821865e-01 -3.524145e-01 8.542467e-01 1.960577e+02 4.455780e-01 8.801404e-01 1.637470e-01 5.204956e+00 -8.095639e-01 3.180516e-01 4.934060e-01 -5.250068e+01
9.514667e-01 2.576466e-01 -1.683133e-01 1.978488e+02 -2.781081e-01 9.540275e-01 -1.117474e-01 5.246369e+00 1.317842e-01 1.531332e-01 9.793790e-01 -5.322740e+01
-1.444766e-02 -3.414444e-01 9.397909e-01 1.994218e+02 1.680824e-01 9.256850e-01 3.389035e-01 5.280315e+00 -9.856671e-01 1.628587e-01 4.401683e-02 -5.371423e+01
9.906993e-01 -1.360648e-01 1.162615e-03 2.009214e+02 1.319674e-01 9.587129e-01 -2.519010e-01 5.310727e+00 3.316025e-02 2.497116e-01 9.677523e-01 -5.413252e+01
1.155744e-01 3.036947e-02 9.928345e-01 2.024375e+02 1.048442e-02 9.994395e-01 -3.179199e-02 5.340291e+00 -9.932435e-01 1.408364e-02 1.151912e-01 -5.452976e+01
9.441010e-01 -1.646749e-01 -2.855791e-01 2.042739e+02 1.963015e-01 9.767908e-01 8.570509e-02 5.374313e+00 2.648376e-01 -1.369739e-01 9.545152e-01 -5.487876e+01
2.605944e-01 1.286013e-01 9.568449e-01 2.062728e+02 2.198271e-01 9.571517e-01 -1.885119e-01 5.412708e+00 -9.400886e-01 2.594656e-01 2.211583e-01 -5.536289e+01
8.860789e-01 7.056172e-02 -4.581323e-01 2.080749e+02 6.162863e-02 9.616382e-01 2.673085e-01 5.452096e+00 4.594193e-01 -2.650905e-01 8.477387e-01 -5.598664e+01
2.278736e-01 -3.750630e-03 9.736835e-01 2.096309e+02 3.957094e-01 9.140445e-01 -8.908797e-02 5.481664e+00 -8.896559e-01 4.055966e-01 2.097708e-01 -5.626515e+01
7.434910e-01 3.150757e-01 -5.898715e-01 2.113164e+02 -1.388257e-01 9.355586e-01 3.247422e-01 5.517049e+00 6.541777e-01 -1.595536e-01 7.393201e-01 -5.677366e+01
-3.304497e-01 -1.406013e-01 9.332922e-01 2.132054e+02 4.351835e-01 8.547564e-01 2.828548e-01 5.550483e+00 -8.375072e-01 4.996227e-01 -2.212666e-01 -5.702186e+01
4.871285e-01 3.729252e-01 -7.897042e-01 2.151131e+02 -3.393758e-01 9.140100e-01 2.222829e-01 5.587526e+00 8.046924e-01 1.597262e-01 5.718021e-01 -5.748345e+01
-6.478767e-01 -2.266967e-01 7.272306e-01 2.165183e+02 1.830343e-01 8.803917e-01 4.375029e-01 5.612820e+00 -7.394283e-01 4.165561e-01 -5.288921e-01 -5.780081e+01
5.377291e-01 1.058318e-01 -8.364491e-01 2.178991e+02 -2.572613e-01 9.653739e-01 -4.324183e-02 5.637067e+00 8.029098e-01 2.384383e-01 5.463361e-01 -5.806061e+01
-2.227782e-01 -2.242668e-01 9.487224e-01 2.196286e+02 5.149353e-02 9.691136e-01 2.411787e-01 5.673982e+00 -9.735082e-01 1.025824e-01 -2.043491e-01 -5.862755e+01
4.935861e-01 -3.148275e-02 -8.691269e-01 2.213518e+02 -1.057481e-01 9.897571e-01 -9.590784e-02 5.710785e+00 8.632439e-01 1.392473e-01 4.852011e-01 -5.921808e+01
-4.905892e-01 -1.186228e-02 8.713102e-01 2.228060e+02 6.459835e-02 9.966609e-01 4.994078e-02 5.739662e+00 -8.689933e-01 8.078561e-02 -4.881848e-01 -5.969092e+01
6.898606e-01 -6.365205e-02 -7.211385e-01 2.241108e+02 1.524463e-01 9.865638e-01 5.875421e-02 5.762589e+00 7.077093e-01 -1.504671e-01 6.902950e-01 -5.996349e+01
4.695776e-02 1.416735e-01 9.887991e-01 2.256139e+02 1.771348e-01 9.730216e-01 -1.478250e-01 5.791502e+00 -9.830657e-01 1.820922e-01 2.059562e-02 -6.035637e+01
8.024478e-01 3.620259e-02 -5.956232e-01 2.271772e+02 1.149758e-01 9.700740e-01 2.138622e-01 5.824383e+00 5.855409e-01 -2.400955e-01 7.742713e-01 -6.090953e+01
1.347178e-01 1.070125e-01 9.850885e-01 2.288328e+02 3.636768e-01 9.194316e-01 -1.496154e-01 5.861314e+00 -9.217322e-01 3.784097e-01 8.494583e-02 -6.153895e+01
5.547516e-01 2.874487e-01 -7.807841e-01 2.303001e+02 2.767158e-02 9.315310e-01 3.626076e-01 5.896570e+00 8.315557e-01 -2.227627e-01 5.088142e-01 -6.213991e+01
1.019693e-01 4.539459e-02 9.937513e-01 2.315274e+02 4.525021e-01 8.875120e-01 -8.697305e-02 5.925162e+00 -8.859143e-01 4.585431e-01 6.995785e-02 -6.265333e+01
5.771050e-01 3.858322e-01 -7.197800e-01 2.326612e+02 -9.506856e-02 9.071069e-01 4.100232e-01 5.949015e+00 8.111176e-01 -1.681980e-01 5.601765e-01 -6.302625e+01
3.900932e-01 -1.166192e-01 9.133604e-01 2.340521e+02 4.573500e-01 8.854727e-01 -8.227418e-02 5.981062e+00 -7.991610e-01 4.498200e-01 3.987527e-01 -6.351762e+01
4.982500e-01 4.807503e-01 -7.215442e-01 2.354318e+02 -1.655173e-01 8.696340e-01 4.651244e-01 6.008755e+00 8.510881e-01 -1.123202e-01 5.128677e-01 -6.380124e+01
-3.261242e-01 -1.381099e-01 9.351838e-01 2.364089e+02 5.157236e-01 8.030922e-01 2.984493e-01 6.024562e+00 -7.922576e-01 5.796279e-01 -1.906813e-01 -6.384749e+01
8.297614e-01 3.448483e-01 -4.388344e-01 2.374092e+02 -3.681566e-01 9.291411e-01 3.402333e-02 6.041652e+00 4.194720e-01 1.333285e-01 8.979236e-01 -6.394541e+01
-3.599535e-01 -3.509203e-01 8.644585e-01 2.387186e+02 1.490449e-01 8.930370e-01 4.245827e-01 6.062852e+00 -9.209881e-01 2.816732e-01 -2.691489e-01 -6.412469e+01
9.228335e-01 -5.605121e-02 -3.810992e-01 2.398040e+02 -4.732256e-02 9.653650e-01 -2.565755e-01 6.078624e+00 3.822812e-01 2.548111e-01 8.882187e-01 -6.413886e+01
-5.153064e-01 -1.455555e-02 8.568824e-01 2.406325e+02 3.061548e-02 9.989049e-01 3.537937e-02 6.088823e+00 -8.564590e-01 4.446508e-02 -5.142965e-01 -6.394967e+01
8.985779e-01 -1.862044e-01 -3.973483e-01 2.415105e+02 2.463870e-01 9.633872e-01 1.057284e-01 6.101232e+00 3.631131e-01 -1.929067e-01 9.115568e-01 -6.385768e+01
-1.693286e-01 2.216650e-01 9.603085e-01 2.424632e+02 4.161073e-01 8.993546e-01 -1.342241e-01 6.118457e+00 -8.934106e-01 3.768634e-01 -2.445229e-01 -6.391282e+01
8.196032e-01 2.552501e-01 -5.129308e-01 2.437089e+02 -4.854837e-02 9.229954e-01 3.817363e-01 6.141952e+00 5.708710e-01 -2.879703e-01 7.688819e-01 -6.423222e+01
1.265097e-01 -3.298036e-02 9.914170e-01 2.447753e+02 5.999935e-01 7.984408e-01 -5.000128e-02 6.176492e+00 -7.899386e-01 6.011694e-01 1.207985e-01 -6.506145e+01
6.052528e-01 4.508524e-01 -6.560497e-01 2.458406e+02 -1.792546e-01 8.801743e-01 4.395008e-01 6.213314e+00 7.755881e-01 -1.484092e-01 6.135453e-01 -6.593468e+01
-1.465143e-01 -1.602616e-01 9.761402e-01 2.471942e+02 5.442537e-01 8.109475e-01 2.148305e-01 6.239800e+00 -8.260275e-01 5.627437e-01 -3.159246e-02 -6.632669e+01
3.896569e-01 5.024347e-01 -7.718335e-01 2.485793e+02 -3.589475e-01 8.546527e-01 3.751338e-01 6.267837e+00 8.481298e-01 1.308743e-01 5.133690e-01 -6.674253e+01
-5.616303e-02 -3.471189e-01 9.361379e-01 2.501771e+02 4.760092e-01 8.148873e-01 3.307172e-01 6.305214e+00 -8.776451e-01 4.641844e-01 1.194653e-01 -6.732843e+01
4.260836e-01 4.347757e-01 -7.933617e-01 2.516802e+02 -4.592778e-01 8.594929e-01 2.243565e-01 6.336668e+00 7.794335e-01 2.687788e-01 5.658987e-01 -6.779147e+01
-6.691336e-01 -3.605613e-01 6.498121e-01 2.527620e+02 7.948090e-02 8.346736e-01 5.449796e-01 6.354930e+00 -7.388796e-01 4.163118e-01 -5.298504e-01 -6.783697e+01
5.824540e-01 -1.003188e-02 -8.128018e-01 2.540529e+02 -2.723225e-01 9.397324e-01 -2.067449e-01 6.376540e+00 7.658902e-01 3.417635e-01 5.446190e-01 -6.802427e+01
-3.797498e-01 -2.397384e-01 8.934851e-01 2.554762e+02 -1.398688e-01 9.696129e-01 2.007177e-01 6.400990e+00 -9.144544e-01 -4.874819e-02 -4.017422e-01 -6.823136e+01
4.898087e-01 -2.205824e-01 -8.434636e-01 2.568497e+02 7.132593e-02 9.743590e-01 -2.133943e-01 6.427382e+00 8.689074e-01 4.436158e-02 4.929828e-01 -6.857322e+01
1.844144e-01 7.368779e-02 9.800824e-01 2.581007e+02 -1.478564e-01 9.879172e-01 -4.645589e-02 6.457433e+00 -9.716634e-01 -1.363443e-01 1.930813e-01 -6.909206e+01
4.179426e-01 -2.057221e-01 -8.848742e-01 2.594992e+02 1.884328e-01 9.724712e-01 -1.370870e-01 6.493790e+00 8.887165e-01 -1.094448e-01 4.452020e-01 -6.972893e+01
6.497221e-02 2.267778e-01 9.717770e-01 2.608431e+02 -4.899837e-02 9.733849e-01 -2.238770e-01 6.529296e+00 -9.966834e-01 -3.306970e-02 7.435472e-02 -7.042873e+01
1.347289e-01 -1.142134e-01 -9.842781e-01 2.623469e+02 3.230124e-01 9.441364e-01 -6.534121e-02 6.577369e+00 9.367556e-01 -3.091307e-01 1.640948e-01 -7.137286e+01
5.262869e-01 3.361816e-01 7.810275e-01 2.640011e+02 -2.414553e-01 9.397990e-01 -2.418204e-01 6.633495e+00 -8.153045e-01 -6.131630e-02 5.757767e-01 -7.240801e+01
3.428777e-01 -2.543136e-01 -9.043005e-01 2.654951e+02 3.211402e-01 9.363898e-01 -1.415734e-01 6.679817e+00 8.827819e-01 -2.418649e-01 4.027375e-01 -7.323706e+01
2.789175e-01 3.389460e-01 8.985102e-01 2.671393e+02 -2.022474e-01 9.353887e-01 -2.900757e-01 6.725410e+00 -9.387763e-01 -1.008142e-01 3.294472e-01 -7.400998e+01
4.065413e-01 -2.570297e-01 -8.767325e-01 2.687960e+02 3.922302e-01 9.157815e-01 -8.660031e-02 6.771785e+00 8.251543e-01 -3.086744e-01 4.731179e-01 -7.482616e+01
1.609918e-01 4.233397e-01 8.915521e-01 2.702884e+02 -6.237365e-02 9.058938e-01 -4.188866e-01 6.812909e+00 -9.849828e-01 1.182796e-02 1.722468e-01 -7.559329e+01
7.371544e-01 -1.858388e-01 -6.496671e-01 2.717012e+02 4.452528e-01 8.567870e-01 2.601269e-01 6.844965e+00 5.082846e-01 -4.810198e-01 7.143295e-01 -7.615805e+01
2.919560e-01 4.071181e-01 8.654574e-01 2.729765e+02 2.970765e-01 8.215230e-01 -4.866677e-01 6.872700e+00 -9.091244e-01 3.991926e-01 1.189033e-01 -7.653768e+01
6.531840e-01 2.354560e-01 -7.196604e-01 2.744837e+02 2.874653e-01 8.021589e-01 5.233592e-01 6.907957e+00 7.005100e-01 -5.487273e-01 4.562719e-01 -7.708396e+01
-1.836990e-01 3.133488e-01 9.317012e-01 2.757539e+02 7.267094e-01 6.815485e-01 -8.593596e-02 6.931462e+00 -6.619275e-01 6.612897e-01 -3.529134e-01 -7.736872e+01
8.019680e-01 5.682999e-01 -1.840724e-01 2.768800e+02 -4.517511e-01 7.785824e-01 4.355806e-01 6.948350e+00 3.908559e-01 -2.661668e-01 8.811282e-01 -7.734134e+01
-4.374305e-01 -4.291086e-01 7.902660e-01 2.778927e+02 4.967914e-01 6.172081e-01 6.101250e-01 6.965364e+00 -7.495685e-01 6.594846e-01 -5.680817e-02 -7.729351e+01
7.666545e-01 3.573010e-01 -5.334575e-01 2.791475e+02 -5.490334e-01 7.955722e-01 -2.561782e-01 6.986448e+00 3.328712e-01 4.892862e-01 8.060991e-01 -7.745463e+01
-1.970080e-01 -5.556454e-01 8.077413e-01 2.806253e+02 -1.747222e-01 8.305974e-01 5.287533e-01 7.012210e+00 -9.647072e-01 -3.696173e-02 -2.607180e-01 -7.774317e+01
