9.999856e-01 2.502213e-04 -5.355754e-03 1.821234e-01 -2.482177e-04 9.999999e-01 3.747728e-04 -4.266728e-02 5.355847e-03 -3.734387e-04 9.999856e-01 1.618425e+00
1.000000e+00 1.126000e-04 -1.627077e-04 5.095892e-01 -1.126885e-04 9.999998e-01 -5.439878e-04 -8.917080e-02 1.626468e-04 5.440068e-04 9.999998e-01 2.970285e+00
9.999822e-01 -1.297488e-04 -5.965536e-03 6.244962e-01 1.351919e-04 9.999996e-01 9.120412e-04 -1.133111e-01 5.965414e-03 -9.128322e-04 9.999818e-01 3.798461e+00
1.000000e+00 1.409539e-04 2.425803e-04 5.905844e-01 -1.408958e-04 1.000000e+00 -2.396546e-04 -1.210081e-01 -2.426138e-04 2.396211e-04 9.999999e-01 4.434771e+00
9.999813e-01 -1.508961e-04 -6.116448e-03 6.218555e-01 1.557180e-04 9.999997e-01 7.878815e-04 -1.382467e-01 6.116327e-03 -7.888199e-04 9.999810e-01 5.150297e+00
9.999982e-01 5.779575e-04 1.809582e-03 7.317052e-01 -5.761827e-04 9.999994e-01 -9.810767e-04 -1.754295e-01 -1.810147e-03 9.800330e-04 9.999979e-01 6.587066e+00
9.999751e-01 -1.539724e-04 -7.053114e-03 9.773710e-01 1.604791e-04 9.999996e-01 9.219779e-04 -2.277548e-01 7.052968e-03 -9.230875e-04 9.999747e-01 8.289330e+00
9.999994e-01 4.492688e-04 9.706505e-04 1.153603e+00 -4.484697e-04 9.999996e-01 -8.231869e-04 -2.625538e-01 -9.710196e-04 8.227519e-04 9.999992e-01 9.420749e+00
9.999836e-01 -3.903950e-04 -5.712144e-03 1.139678e+00 3.968919e-04 9.999993e-01 1.136291e-03 -2.818147e-01 5.711696e-03 -1.138540e-03 9.999830e-01 1.039858e+01
9.999995e-01 4.811968e-04 8.209050e-04 1.145780e+00 -4.805550e-04 9.999996e-01 -7.818369e-04 -3.007814e-01 -8.212805e-04 7.814427e-04 9.999994e-01 1.129488e+01
9.999846e-01 -4.433789e-04 -5.534277e-03 1.133646e+00 4.490218e-04 9.999994e-01 1.018425e-03 -3.188020e-01 5.533821e-03 -1.020895e-03 9.999842e-01 1.219558e+01
9.999998e-01 3.480839e-04 -5.249616e-04 1.082599e+00 -3.482933e-04 9.999999e-01 -3.990661e-04 -3.286554e-01 5.248230e-04 3.992496e-04 9.999998e-01 1.259032e+01
9.999840e-01 -4.069474e-04 -5.641370e-03 1.359856e+00 4.108636e-04 9.999997e-01 6.930617e-04 -3.499878e-01 5.641086e-03 -6.953691e-04 9.999838e-01 1.303136e+01
9.999988e-01 7.010620e-04 -1.345764e-03 1.650054e+00 -7.016014e-04 9.999997e-01 -4.004176e-04 -3.822847e-01 1.345483e-03 4.013621e-04 9.999990e-01 1.381908e+01
9.999866e-01 -6.361234e-04 -5.129002e-03 1.819764e+00 6.406801e-04 9.999994e-01 8.868332e-04 -4.048459e-01 5.128435e-03 -8.901082e-04 9.999865e-01 1.442130e+01
9.999982e-01 1.251777e-03 1.447181e-03 2.003572e+00 -1.249631e-03 9.999981e-01 -1.483229e-03 -4.552038e-01 -1.449035e-03 1.481419e-03 9.999979e-01 1.622417e+01
9.999951e-01 -6.835980e-04 -3.047097e-03 2.152698e+00 6.860718e-04 9.999994e-01 8.108865e-04 -5.195847e-01 3.046541e-03 -8.129738e-04 9.999950e-01 1.880285e+01
9.999986e-01 1.090327e-03 1.275939e-03 2.240644e+00 -1.088725e-03 9.999986e-01 -1.255651e-03 -5.734067e-01 -1.277306e-03 1.254261e-03 9.999984e-01 2.110752e+01
9.999902e-01 -7.484666e-04 -4.371960e-03 2.341068e+00 7.534209e-04 9.999991e-01 1.131678e-03 -6.191633e-01 4.371108e-03 -1.134961e-03 9.999898e-01 2.296900e+01
9.999989e-01 1.046347e-03 1.003987e-03 2.416152e+00 -1.045085e-03 9.999987e-01 -1.256724e-03 -6.597779e-01 -1.005301e-03 1.255674e-03 9.999987e-01 2.468535e+01
9.999883e-01 -8.233056e-04 -4.766942e-03 2.490904e+00 8.292148e-04 9.999989e-01 1.237782e-03 -6.981306e-01 4.765917e-03 -1.241721e-03 9.999879e-01 2.627959e+01
9.999993e-01 1.033013e-03 5.792263e-04 2.572016e+00 -1.032341e-03 9.999988e-01 -1.159680e-03 -7.331459e-01 -5.804232e-04 1.159082e-03 9.999992e-01 2.768612e+01
9.999740e-01 -6.581425e-04 -7.176023e-03 2.889834e+00 6.690356e-04 9.999986e-01 1.515705e-03 -7.833155e-01 7.175015e-03 -1.520468e-03 9.999731e-01 2.921538e+01
9.999976e-01 1.310342e-03 1.759415e-03 3.214813e+00 -1.307125e-03 9.999975e-01 -1.828223e-03 -8.386073e-01 -1.761806e-03 1.825920e-03 9.999968e-01 3.102694e+01
9.999816e-01 -9.316291e-04 -5.994886e-03 3.389772e+00 9.412122e-04 9.999983e-01 1.595939e-03 -8.860278e-01 5.993388e-03 -1.601553e-03 9.999808e-01 3.270066e+01
9.999980e-01 1.288924e-03 1.531734e-03 3.575106e+00 -1.286317e-03 9.999977e-01 -1.701556e-03 -9.344234e-01 -1.533923e-03 1.699583e-03 9.999974e-01 3.441775e+01
9.999813e-01 -1.020277e-03 -6.033371e-03 3.732815e+00 1.030159e-03 9.999981e-01 1.635104e-03 -9.778458e-01 6.031691e-03 -1.641289e-03 9.999805e-01 3.592840e+01
9.999991e-01 1.101247e-03 7.988068e-04 3.792038e+00 -1.100278e-03 9.999987e-01 -1.211980e-03 -1.002896e+00 -8.001401e-04 1.211101e-03 9.999989e-01 3.694570e+01
9.999804e-01 -7.825564e-04 -6.212017e-03 3.969984e+00 7.910224e-04 9.999988e-01 1.360512e-03 -1.042774e+00 6.210944e-03 -1.365399e-03 9.999798e-01 3.835799e+01
9.999970e-01 1.150674e-03 2.152676e-03 4.117606e+00 -1.147318e-03 9.999981e-01 -1.559395e-03 -1.086297e+00 -2.154466e-03 1.556922e-03 9.999965e-01 3.997729e+01
9.999773e-01 -9.250544e-04 -6.679241e-03 4.213430e+00 9.365858e-04 9.999981e-01 1.723545e-03 -1.120931e+00 6.677633e-03 -1.729762e-03 9.999762e-01 4.131044e+01
9.999963e-01 1.139924e-03 2.451398e-03 4.324285e+00 -1.135627e-03 9.999978e-01 -1.753454e-03 -1.160240e+00 -2.453391e-03 1.750665e-03 9.999955e-01 4.273700e+01
9.999712e-01 -9.872114e-04 -7.527170e-03 4.424718e+00 1.002185e-03 9.999975e-01 1.985792e-03 -1.192122e+00 7.525190e-03 -1.993279e-03 9.999697e-01 4.387177e+01
9.999965e-01 1.067679e-03 2.414911e-03 4.480989e+00 -1.063701e-03 9.999981e-01 -1.647717e-03 -1.217256e+00 -2.416665e-03 1.645144e-03 9.999957e-01 4.487128e+01
9.999689e-01 -1.005824e-03 -7.820678e-03 4.525612e+00 1.022101e-03 9.999973e-01 2.077544e-03 -1.238261e+00 7.818567e-03 -2.085474e-03 9.999673e-01 4.570487e+01
9.999977e-01 1.079127e-03 1.848047e-03 4.581040e+00 -1.076035e-03 9.999980e-01 -1.673088e-03 -1.257529e+00 -1.849849e-03 1.671096e-03 9.999969e-01 4.635892e+01
9.999649e-01 -9.773230e-04 -8.323403e-03 4.628574e+00 9.964311e-04 9.999969e-01 2.291882e-03 -1.272403e+00 8.321137e-03 -2.300096e-03 9.999627e-01 4.689867e+01
9.999979e-01 1.033156e-03 1.769527e-03 4.681914e+00 -1.030187e-03 9.999981e-01 -1.677446e-03 -1.287837e+00 -1.771257e-03 1.675620e-03 9.999970e-01 4.740831e+01
9.999662e-01 -9.794876e-04 -8.165571e-03 4.720265e+00 9.984134e-04 9.999968e-01 2.314014e-03 -1.302008e+00 8.163278e-03 -2.322089e-03 9.999640e-01 4.792453e+01
9.999967e-01 1.097104e-03 2.340192e-03 4.757718e+00 -1.092765e-03 9.999977e-01 -1.854711e-03 -1.318521e+00 -2.342221e-03 1.852148e-03 9.999955e-01 4.856476e+01
9.999695e-01 -9.846896e-04 -7.750828e-03 4.815917e+00 1.001592e-03 9.999971e-01 2.177094e-03 -1.342147e+00 7.748661e-03 -2.184791e-03 9.999676e-01 4.946996e+01
9.999982e-01 1.090276e-03 1.562260e-03 4.873862e+00 -1.087664e-03 9.999980e-01 -1.671777e-03 -1.360843e+00 -1.564079e-03 1.670075e-03 9.999974e-01 5.012875e+01
9.999675e-01 -9.885101e-04 -7.995721e-03 4.939854e+00 1.006043e-03 9.999971e-01 2.189022e-03 -1.379486e+00 7.993534e-03 -2.196996e-03 9.999656e-01 5.073338e+01
9.999983e-01 1.078456e-03 1.465491e-03 5.023421e+00 -1.076066e-03 9.999981e-01 -1.630881e-03 -1.400632e+00 -1.467247e-03 1.629303e-03 9.999976e-01 5.139773e+01
9.999737e-01 -9.744302e-04 -7.183788e-03 5.076587e+00 9.890016e-04 9.999975e-01 2.025112e-03 -1.421671e+00 7.181797e-03 -2.032165e-03 9.999721e-01 5.218826e+01
9.999986e-01 1.055467e-03 1.273157e-03 5.136587e+00 -1.053473e-03 9.999982e-01 -1.566028e-03 -1.443945e+00 -1.274807e-03 1.564685e-03 9.999980e-01 5.304091e+01
9.999779e-01 -9.399362e-04 -6.581835e-03 5.172763e+00 9.525258e-04 9.999977e-01 1.909913e-03 -1.466091e+00 6.580024e-03 -1.916141e-03 9.999765e-01 5.396652e+01
9.999993e-01 1.017289e-03 6.489671e-04 5.219475e+00 -1.016374e-03 9.999985e-01 -1.409273e-03 -1.486134e+00 -6.503994e-04 1.408613e-03 9.999988e-01 5.476580e+01
9.999848e-01 -8.088405e-04 -5.461412e-03 5.262393e+00 8.174671e-04 9.999984e-01 1.577533e-03 -1.512020e+00 5.460127e-03 -1.581975e-03 9.999838e-01 5.586083e+01
9.999993e-01 9.694855e-04 6.283327e-04 5.328738e+00 -9.686218e-04 9.999986e-01 -1.373164e-03 -1.541335e+00 -6.296627e-04 1.372556e-03 9.999989e-01 5.701447e+01
9.999775e-01 -7.985320e-04 -6.658287e-03 5.421554e+00 8.106797e-04 9.999980e-01 1.821964e-03 -1.566503e+00 6.656818e-03 -1.827322e-03 9.999762e-01 5.794450e+01
9.999943e-01 1.067797e-03 3.193271e-03 5.454038e+00 -1.061130e-03 9.999973e-01 -2.088610e-03 -1.602391e+00 -3.195492e-03 2.085210e-03 9.999927e-01 5.951167e+01
9.999872e-01 -8.211012e-04 -4.989108e-03 5.434336e+00 8.303623e-04 9.999979e-01 1.854508e-03 -1.642511e+00 4.987574e-03 -1.858628e-03 9.999858e-01 6.158204e+01
9.999995e-01 9.904272e-04 1.773136e-04 5.492336e+00 -9.901605e-04 9.999984e-01 -1.497146e-03 -1.671832e+00 -1.787958e-04 1.496971e-03 9.999989e-01 6.280736e+01
9.999743e-01 -1.001840e-03 -7.104919e-03 5.660337e+00 1.015059e-03 9.999978e-01 1.857165e-03 -1.689757e+00 7.103042e-03 -1.864330e-03 9.999730e-01 6.324641e+01
9.999992e-01 1.034973e-03 7.100618e-04 5.790312e+00 -1.033993e-03 9.999985e-01 -1.379247e-03 -1.710113e+00 -7.114879e-04 1.378512e-03 9.999988e-01 6.385389e+01
9.999782e-01 -9.000121e-04 -6.534745e-03 5.909017e+00 9.108967e-04 9.999982e-01 1.662884e-03 -1.738473e+00 6.533236e-03 -1.668801e-03 9.999773e-01 6.474482e+01
9.999992e-01 9.165516e-04 8.206968e-04 5.954553e+00 -9.155177e-04 9.999988e-01 -1.259140e-03 -1.758247e+00 -8.218496e-04 1.258389e-03 9.999989e-01 6.547160e+01
9.999737e-01 -1.235531e-03 -7.150740e-03 5.948118e+00 1.248817e-03 9.999975e-01 1.853853e-03 -1.764907e+00 7.148432e-03 -1.862735e-03 9.999727e-01 6.552449e+01
9.999985e-01 7.869997e-04 1.561552e-03 6.107978e+00 -7.840428e-04 9.999979e-01 -1.893186e-03 -1.773599e+00 -1.563039e-03 1.891960e-03 9.999970e-01 6.540762e+01
9.999695e-01 -1.094065e-03 -7.739614e-03 6.263857e+00 1.110407e-03 9.999972e-01 2.107447e-03 -1.783297e+00 7.737286e-03 -2.115978e-03 9.999678e-01 6.544563e+01
9.999953e-01 1.382025e-03 2.727140e-03 6.295833e+00 -1.376866e-03 9.999973e-01 -1.892749e-03 -1.803332e+00 -2.729748e-03 1.888986e-03 9.999945e-01 6.629191e+01
9.999786e-01 -1.009893e-03 -6.458383e-03 6.374973e+00 1.022051e-03 9.999977e-01 1.879581e-03 -1.840545e+00 6.456470e-03 -1.886142e-03 9.999774e-01 6.783558e+01
9.999990e-01 1.073022e-03 9.113996e-04 6.452846e+00 -1.071865e-03 9.999986e-01 -1.269010e-03 -1.868648e+00 -9.127597e-04 1.268032e-03 9.999988e-01 6.885359e+01
9.999818e-01 -8.037357e-04 -5.978203e-03 6.528640e+00 8.118184e-04 9.999988e-01 1.349748e-03 -1.895292e+00 5.977111e-03 -1.354577e-03 9.999812e-01 6.976747e+01
9.999993e-01 7.552048e-04 8.609333e-04 6.520702e+00 -7.544458e-04 9.999993e-01 -8.813286e-04 -1.910340e+00 -8.615980e-04 8.806792e-04 9.999992e-01 7.054029e+01
9.999713e-01 -8.386062e-04 -7.524918e-03 6.500693e+00 8.507105e-04 9.999983e-01 1.605520e-03 -1.914254e+00 7.523559e-03 -1.611877e-03 9.999704e-01 7.077716e+01
9.999991e-01 6.059103e-04 1.223255e-03 6.457999e+00 -6.047116e-04 9.999993e-01 -9.799272e-04 -1.917420e+00 -1.223848e-03 9.791872e-04 9.999988e-01 7.092667e+01
9.999720e-01 -9.896038e-04 -7.419460e-03 6.362130e+00 1.000152e-03 9.999985e-01 1.418114e-03 -1.914970e+00 7.418045e-03 -1.425495e-03 9.999715e-01 7.080922e+01
9.999992e-01 6.328468e-04 1.115000e-03 6.352951e+00 -6.317211e-04 9.999993e-01 -1.009549e-03 -1.915285e+00 -1.115638e-03 1.008844e-03 9.999989e-01 7.064676e+01
9.999722e-01 -7.230411e-04 -7.423502e-03 6.355548e+00 7.345566e-04 9.999985e-01 1.548636e-03 -1.923327e+00 7.422371e-03 -1.554047e-03 9.999712e-01 7.089014e+01
9.999989e-01 7.882435e-04 1.244753e-03 6.386745e+00 -7.870789e-04 9.999993e-01 -9.356292e-04 -1.937005e+00 -1.245490e-03 9.346492e-04 9.999988e-01 7.138056e+01
9.999703e-01 -7.681253e-04 -7.671494e-03 6.409124e+00 7.809182e-04 9.999983e-01 1.664746e-03 -1.948327e+00 7.670202e-03 -1.670688e-03 9.999692e-01 7.178532e+01
9.999987e-01 7.743690e-04 1.409197e-03 6.423610e+00 -7.729267e-04 9.999992e-01 -1.023634e-03 -1.960289e+00 -1.409988e-03 1.022544e-03 9.999985e-01 7.222195e+01
9.999704e-01 -7.663308e-04 -7.657487e-03 6.428568e+00 7.794616e-04 9.999982e-01 1.711945e-03 -1.970709e+00 7.656161e-03 -1.717863e-03 9.999692e-01 7.264421e+01
9.999978e-01 8.354300e-04 1.905556e-03 6.433414e+00 -8.332468e-04 9.999990e-01 -1.146103e-03 -1.983971e+00 -1.906512e-03 1.144513e-03 9.999975e-01 7.323813e+01
9.999669e-01 -7.416713e-04 -8.107614e-03 6.475337e+00 7.560213e-04 9.999982e-01 1.767047e-03 -1.999304e+00 8.106288e-03 -1.773118e-03 9.999656e-01 7.379492e+01
9.999975e-01 8.761938e-04 2.041836e-03 6.509901e+00 -8.736742e-04 9.999989e-01 -1.234469e-03 -2.013682e+00 -2.042915e-03 1.232683e-03 9.999972e-01 7.431789e+01
9.999660e-01 -8.725487e-04 -8.200531e-03 6.529584e+00 8.884013e-04 9.999977e-01 1.929693e-03 -2.026562e+00 8.198829e-03 -1.936913e-03 9.999645e-01 7.481908e+01
9.999972e-01 3.334103e-04 2.338832e-03 6.459579e+00 -3.295469e-04 9.999986e-01 -1.651942e-03 -2.026175e+00 -2.339379e-03 1.651167e-03 9.999959e-01 7.460738e+01
9.999646e-01 -6.082854e-04 -8.392179e-03 6.400528e+00 6.269510e-04 9.999973e-01 2.221740e-03 -2.030224e+00 8.390805e-03 -2.226923e-03 9.999623e-01 7.471200e+01
9.999975e-01 5.591812e-04 2.166072e-03 6.404766e+00 -5.557740e-04 9.999986e-01 -1.573209e-03 -2.040493e+00 -2.166949e-03 1.572002e-03 9.999964e-01 7.513856e+01
9.999630e-01 -7.585809e-04 -8.573852e-03 6.330068e+00 7.783569e-04 9.999970e-01 2.303462e-03 -2.042705e+00 8.572079e-03 -2.310051e-03 9.999606e-01 7.528874e+01
9.999967e-01 5.502358e-04 2.522022e-03 6.288331e+00 -5.459515e-04 9.999984e-01 -1.699044e-03 -2.048030e+00 -2.522952e-03 1.697662e-03 9.999954e-01 7.553093e+01
9.999639e-01 -5.161233e-04 -8.477025e-03 6.314017e+00 5.358348e-04 9.999972e-01 2.323201e-03 -2.060872e+00 8.475801e-03 -2.327660e-03 9.999614e-01 7.605106e+01
9.999949e-01 8.409900e-04 3.065227e-03 6.452856e+00 -8.342329e-04 9.999972e-01 -2.204976e-03 -2.093373e+00 -3.067072e-03 2.202408e-03 9.999929e-01 7.713069e+01
9.999745e-01 -4.424110e-04 -7.121522e-03 6.578081e+00 4.566965e-04 9.999979e-01 2.004488e-03 -2.134055e+00 7.120620e-03 -2.007690e-03 9.999726e-01 7.861800e+01
9.999940e-01 8.730599e-04 3.352260e-03 6.733460e+00 -8.656990e-04 9.999972e-01 -2.196570e-03 -2.181837e+00 -3.354169e-03 2.193656e-03 9.999920e-01 8.034530e+01
9.999745e-01 -5.530836e-04 -7.124419e-03 6.863619e+00 5.681579e-04 9.999976e-01 2.114031e-03 -2.226598e+00 7.123233e-03 -2.118026e-03 9.999724e-01 8.205601e+01
9.999926e-01 1.088163e-03 3.694722e-03 7.107003e+00 -1.078519e-03 9.999960e-01 -2.611260e-03 -2.290474e+00 -3.697548e-03 2.607257e-03 9.999898e-01 8.424376e+01
9.999657e-01 -4.868704e-04 -8.272307e-03 7.383534e+00 5.041645e-04 9.999977e-01 2.088670e-03 -2.351599e+00 8.271271e-03 -2.092769e-03 9.999636e-01 8.609762e+01
9.999853e-01 7.987476e-04 5.365609e-03 7.488248e+00 -7.861296e-04 9.999969e-01 -2.353319e-03 -2.401928e+00 -5.367472e-03 2.349067e-03 9.999828e-01 8.800532e+01
9.999511e-01 -6.473232e-04 -9.867843e-03 7.521195e+00 6.728133e-04 9.999964e-01 2.580068e-03 -2.431780e+00 9.866137e-03 -2.586582e-03 9.999480e-01 8.919817e+01
9.999941e-01 7.998030e-04 3.337882e-03 7.573902e+00 -7.936412e-04 9.999980e-01 -1.846884e-03 -2.447339e+00 -3.339352e-03 1.844224e-03 9.999927e-01 8.973681e+01
9.999453e-01 -8.673927e-04 -1.042326e-02 7.762527e+00 8.923784e-04 9.999967e-01 2.392723e-03 -2.463471e+00 1.042115e-02 -2.401894e-03 9.999428e-01 9.000043e+01
9.999908e-01 6.033844e-04 4.243940e-03 7.911265e+00 -5.943510e-04 9.999976e-01 -2.129451e-03 -2.476167e+00 -4.245214e-03 2.126910e-03 9.999887e-01 9.009747e+01
9.999493e-01 -7.065115e-04 -1.004395e-02 8.045161e+00 7.299024e-04 9.999970e-01 2.325405e-03 -2.491203e+00 1.004228e-02 -2.332619e-03 9.999469e-01 9.035992e+01
9.999937e-01 6.901300e-04 3.470510e-03 8.205576e+00 -6.832647e-04 9.999978e-01 -1.978916e-03 -2.506216e+00 -3.471867e-03 1.976533e-03 9.999920e-01 9.065382e+01
9.999382e-01 -3.977862e-04 -1.111445e-02 8.411368e+00 4.263813e-04 9.999966e-01 2.570548e-03 -2.531357e+00 1.111339e-02 -2.575129e-03 9.999349e-01 9.131038e+01
9.999898e-01 5.704743e-04 4.486786e-03 8.523887e+00 -5.612206e-04 9.999977e-01 -2.063382e-03 -2.551764e+00 -4.487952e-03 2.060843e-03 9.999878e-01 9.194917e+01
9.999158e-01 -4.896980e-04 -1.296709e-02 8.872982e+00 5.231467e-04 9.999965e-01 2.576258e-03 -2.572546e+00 1.296579e-02 -2.582826e-03 9.999126e-01 9.221499e+01
9.999811e-01 3.639233e-04 6.144566e-03 9.090192e+00 -3.497272e-04 9.999973e-01 -2.311228e-03 -2.586901e+00 -6.145391e-03 2.309036e-03 9.999785e-01 9.233721e+01
9.999154e-01 -4.677599e-04 -1.299964e-02 9.320925e+00 5.016978e-04 9.999965e-01 2.607556e-03 -2.604010e+00 1.299837e-02 -2.613858e-03 9.999121e-01 9.252841e+01
9.999814e-01 4.219947e-04 6.077481e-03 9.533897e+00 -4.083002e-04 9.999974e-01 -2.254354e-03 -2.623564e+00 -6.078416e-03 2.251831e-03 9.999790e-01 9.285710e+01
9.999174e-01 -6.867611e-04 -1.283594e-02 9.737698e+00 7.197360e-04 9.999965e-01 2.564525e-03 -2.637059e+00 1.283413e-02 -2.573553e-03 9.999143e-01 9.292391e+01
9.999778e-01 4.626870e-04 6.649989e-03 9.871365e+00 -4.467669e-04 9.999970e-01 -2.395251e-03 -2.650001e+00 -6.651077e-03 2.392227e-03 9.999750e-01 9.296771e+01
9.999154e-01 -7.366289e-04 -1.298295e-02 1.007077e+01 7.694506e-04 9.999965e-01 2.523267e-03 -2.666034e+00 1.298105e-02 -2.533045e-03 9.999125e-01 9.302596e+01
9.999775e-01 2.608889e-04 6.699774e-03 1.030250e+01 -2.438073e-04 9.999967e-01 -2.550235e-03 -2.677123e+00 -6.700417e-03 2.548545e-03 9.999743e-01 9.280769e+01
9.999207e-01 -1.061687e-03 -1.255185e-02 1.056541e+01 1.089620e-03 9.999969e-01 2.218829e-03 -2.678742e+00 1.254946e-02 -2.232330e-03 9.999188e-01 9.218819e+01
9.999693e-01 1.318944e-05 7.834314e-03 1.071895e+01 8.810729e-06 9.999961e-01 -2.808110e-03 -2.676020e+00 -7.834320e-03 2.808093e-03 9.999654e-01 9.142970e+01
9.999230e-01 -1.101849e-03 -1.236048e-02 1.079007e+01 1.129551e-03 9.999969e-01 2.234493e-03 -2.672790e+00 1.235798e-02 -2.248284e-03 9.999211e-01 9.065933e+01
9.999704e-01 1.309342e-05 7.699581e-03 1.089790e+01 8.891703e-06 9.999959e-01 -2.855294e-03 -2.669479e+00 -7.699586e-03 2.855279e-03 9.999663e-01 8.988570e+01
9.999304e-01 -1.396786e-03 -1.171582e-02 1.098349e+01 1.420400e-03 9.999970e-01 2.007561e-03 -2.663560e+00 1.171298e-02 -2.024063e-03 9.999294e-01 8.893624e+01
9.999820e-01 8.513606e-04 5.936491e-03 1.128523e+01 -8.364941e-04 9.999965e-01 -2.506253e-03 -2.669387e+00 -5.938604e-03 2.501242e-03 9.999792e-01 8.842854e+01
9.999530e-01 -2.483017e-03 -9.367734e-03 1.133033e+01 2.496670e-03 9.999958e-01 1.446098e-03 -2.660942e+00 9.364104e-03 -1.469419e-03 9.999551e-01 8.732541e+01
9.999866e-01 1.107462e-03 5.066543e-03 1.141662e+01 -1.096169e-03 9.999969e-01 -2.231108e-03 -2.655067e+00 -5.068998e-03 2.225524e-03 9.999847e-01 8.638561e+01
9.999604e-01 -2.776448e-03 -8.457975e-03 1.149369e+01 2.784742e-03 9.999957e-01 9.689709e-04 -2.645883e+00 8.455247e-03 -9.924864e-04 9.999638e-01 8.523282e+01
9.999869e-01 9.875466e-04 5.016063e-03 1.155176e+01 -9.764554e-04 9.999971e-01 -2.213057e-03 -2.635185e+00 -5.018234e-03 2.208131e-03 9.999850e-01 8.400934e+01
9.999567e-01 -2.481933e-03 -8.964624e-03 1.168396e+01 2.491357e-03 9.999964e-01 1.040306e-03 -2.626042e+00 8.962009e-03 -1.062596e-03 9.999593e-01 8.290696e+01
9.999829e-01 5.149599e-04 5.831806e-03 1.173325e+01 -5.007559e-04 9.999969e-01 -2.436755e-03 -2.613898e+00 -5.833043e-03 2.433793e-03 9.999800e-01 8.157466e+01
9.999506e-01 -2.089529e-03 -9.720911e-03 1.187346e+01 2.102386e-03 9.999969e-01 1.312532e-03 -2.605723e+00 9.718139e-03 -1.332904e-03 9.999519e-01 8.048244e+01
9.999808e-01 3.675065e-04 6.182930e-03 1.202635e+01 -3.509971e-04 9.999964e-01 -2.670997e-03 -2.594996e+00 -6.183889e-03 2.668776e-03 9.999773e-01 7.923041e+01
9.999451e-01 -1.854627e-03 -1.030997e-02 1.216150e+01 1.872408e-03 9.999968e-01 1.715306e-03 -2.587416e+00 1.030675e-02 -1.734517e-03 9.999454e-01 7.817885e+01
9.999758e-01 1.562237e-03 6.774859e-03 1.273269e+01 -1.540770e-03 9.999938e-01 -3.172632e-03 -2.616321e+00 -6.779773e-03 3.162117e-03 9.999720e-01 7.836215e+01
9.999341e-01 -1.485321e-03 -1.138186e-02 1.340963e+01 1.498917e-03 9.999982e-01 1.186082e-03 -2.662123e+00 1.138008e-02 -1.203065e-03 9.999345e-01 7.890652e+01
9.999741e-01 1.686970e-04 7.189081e-03 1.352481e+01 -1.536106e-04 9.999978e-01 -2.098982e-03 -2.656094e+00 -7.189419e-03 2.097824e-03 9.999720e-01 7.796664e+01
9.999135e-01 -8.206859e-04 -1.312752e-02 1.393701e+01 8.383898e-04 9.999987e-01 1.343185e-03 -2.663224e+00 1.312640e-02 -1.354075e-03 9.999129e-01 7.739698e+01
9.999891e-01 4.222219e-04 4.654829e-03 1.455223e+01 -4.150156e-04 9.999987e-01 -1.548941e-03 -2.675755e+00 -4.655477e-03 1.546993e-03 9.999880e-01 7.693714e+01
9.999317e-01 -9.922636e-04 -1.164212e-02 1.505166e+01 1.004687e-03 9.999989e-01 1.061305e-03 -2.687329e+00 1.164106e-02 -1.072930e-03 9.999317e-01 7.647714e+01
9.999885e-01 3.199544e-04 4.775550e-03 1.552165e+01 -3.122175e-04 9.999986e-01 -1.620704e-03 -2.693683e+00 -4.776062e-03 1.619195e-03 9.999873e-01 7.586623e+01
9.999660e-01 -2.186433e-03 -7.948410e-03 1.562075e+01 2.188726e-03 9.999976e-01 2.799492e-04 -2.683095e+00 7.947778e-03 -2.973372e-04 9.999684e-01 7.461133e+01
9.999884e-01 3.574511e-04 4.811308e-03 1.568112e+01 -3.497430e-04 9.999987e-01 -1.602783e-03 -2.672714e+00 -4.811874e-03 1.601083e-03 9.999871e-01 7.337417e+01
9.999603e-01 -1.876321e-03 -8.709447e-03 1.588273e+01 1.880228e-03 9.999981e-01 4.404278e-04 -2.666175e+00 8.708604e-03 -4.567867e-04 9.999620e-01 7.234085e+01
9.999893e-01 3.587145e-04 4.617600e-03 1.609452e+01 -3.515528e-04 9.999987e-01 -1.551608e-03 -2.658414e+00 -4.618151e-03 1.549969e-03 9.999881e-01 7.125795e+01
9.999645e-01 -2.021372e-03 -8.182641e-03 1.625628e+01 2.024321e-03 9.999979e-01 3.522208e-04 -2.649512e+00 8.181912e-03 -3.687732e-04 9.999665e-01 7.010977e+01
9.999936e-01 6.312219e-04 3.508421e-03 1.648825e+01 -6.269807e-04 9.999991e-01 -1.209780e-03 -2.643198e+00 -3.509181e-03 1.207574e-03 9.999931e-01 6.910592e+01
9.999766e-01 -2.502812e-03 -6.367437e-03 1.656160e+01 2.502039e-03 9.999969e-01 -1.293524e-04 -2.632422e+00 6.367741e-03 1.134171e-04 9.999797e-01 6.783810e+01
9.999922e-01 3.406509e-04 3.930265e-03 1.658343e+01 -3.348340e-04 9.999988e-01 -1.480542e-03 -2.618835e+00 -3.930765e-03 1.479215e-03 9.999912e-01 6.640080e+01
9.999750e-01 -2.454863e-03 -6.626413e-03 1.665354e+01 2.454246e-03 9.999970e-01 -1.012003e-04 -2.606099e+00 6.626642e-03 8.493430e-05 9.999780e-01 6.499989e+01
9.999968e-01 1.326299e-03 -2.146484e-03 1.770152e+01 -1.329637e-03 9.999979e-01 -1.554828e-03 -2.603637e+00 2.144417e-03 1.557677e-03 9.999965e-01 6.366705e+01
9.999738e-01 -2.654914e-03 -6.737166e-03 1.858561e+01 2.661076e-03 9.999960e-01 9.058895e-04 -2.611617e+00 6.734734e-03 -9.237945e-04 9.999769e-01 6.280830e+01
9.999979e-01 1.794381e-03 9.843018e-04 1.879472e+01 -1.793201e-03 9.999977e-01 -1.198052e-03 -2.612851e+00 -9.864490e-04 1.196285e-03 9.999988e-01 6.221899e+01
9.999745e-01 -2.111307e-03 -6.829301e-03 1.873681e+01 2.120140e-03 9.999969e-01 1.286439e-03 -2.615424e+00 6.826564e-03 -1.300886e-03 9.999759e-01 6.214450e+01
9.999990e-01 9.925495e-04 1.006131e-03 1.893127e+01 -9.906854e-04 9.999978e-01 -1.851228e-03 -2.611574e+00 -1.007966e-03 1.850230e-03 9.999978e-01 6.132742e+01
9.999629e-01 -2.122678e-03 -8.343431e-03 1.932471e+01 2.136009e-03 9.999965e-01 1.589267e-03 -2.608418e+00 8.340028e-03 -1.607031e-03 9.999639e-01 6.047896e+01
9.999836e-01 -1.385320e-05 5.723641e-03 1.940354e+01 3.182404e-05 9.999951e-01 -3.139628e-03 -2.595640e+00 -5.723569e-03 3.139759e-03 9.999787e-01 5.905176e+01
9.999712e-01 -2.532631e-03 -7.155191e-03 1.945137e+01 2.540230e-03 9.999962e-01 1.053165e-03 -2.579164e+00 7.152497e-03 -1.071311e-03 9.999738e-01 5.738182e+01
9.999957e-01 1.047254e-03 2.744739e-03 1.971569e+01 -1.041421e-03 9.999972e-01 -2.125288e-03 -2.571837e+00 -2.746957e-03 2.122421e-03 9.999940e-01 5.632944e+01
9.999753e-01 -2.480444e-03 -6.573524e-03 1.983495e+01 2.487583e-03 9.999963e-01 1.078130e-03 -2.565108e+00 6.570825e-03 -1.094456e-03 9.999778e-01 5.531431e+01
9.999919e-01 3.961393e-04 4.012443e-03 1.989489e+01 -3.856227e-04 9.999965e-01 -2.621343e-03 -2.552770e+00 -4.013467e-03 2.619775e-03 9.999885e-01 5.392959e+01
9.999732e-01 -2.369440e-03 -6.921850e-03 1.997421e+01 2.378668e-03 9.999963e-01 1.325184e-03 -2.542261e+00 6.918685e-03 -1.341614e-03 9.999752e-01 5.263557e+01
9.999944e-01 7.773066e-04 3.261114e-03 2.006620e+01 -7.695313e-04 9.999969e-01 -2.384740e-03 -2.534993e+00 -3.262957e-03 2.382218e-03 9.999918e-01 5.157051e+01
9.999731e-01 -2.490440e-03 -6.904460e-03 2.022407e+01 2.499264e-03 9.999961e-01 1.269685e-03 -2.527037e+00 6.901271e-03 -1.286907e-03 9.999754e-01 5.043450e+01
9.999906e-01 4.187087e-04 4.308783e-03 2.031962e+01 -4.063833e-04 9.999958e-01 -2.860934e-03 -2.515064e+00 -4.309963e-03 2.859157e-03 9.999866e-01 4.905288e+01
9.999717e-01 -2.378254e-03 -7.143128e-03 2.039717e+01 2.388293e-03 9.999962e-01 1.397225e-03 -2.503981e+00 7.139778e-03 -1.414246e-03 9.999735e-01 4.773808e+01
9.999942e-01 7.878193e-04 3.327677e-03 2.062175e+01 -7.788477e-04 9.999961e-01 -2.696406e-03 -2.495813e+00 -3.329788e-03 2.693799e-03 9.999908e-01 4.658280e+01
9.999743e-01 -2.555260e-03 -6.699916e-03 2.071723e+01 2.565191e-03 9.999956e-01 1.474107e-03 -2.487222e+00 6.696120e-03 -1.491256e-03 9.999765e-01 4.541743e+01
9.999952e-01 1.109136e-03 2.907811e-03 2.073792e+01 -1.102143e-03 9.999965e-01 -2.405132e-03 -2.479714e+00 -2.910468e-03 2.401916e-03 9.999929e-01 4.437749e+01
9.999788e-01 -3.037297e-03 -5.752820e-03 2.066461e+01 3.044047e-03 9.999947e-01 1.164965e-03 -2.468389e+00 5.749251e-03 -1.182453e-03 9.999828e-01 4.309683e+01
9.999925e-01 7.097105e-04 3.803791e-03 2.057375e+01 -6.989189e-04 9.999957e-01 -2.837554e-03 -2.452587e+00 -3.805788e-03 2.834875e-03 9.999887e-01 4.153860e+01
9.999821e-01 -3.608431e-03 -4.770857e-03 2.050893e+01 3.611333e-03 9.999933e-01 5.998304e-04 -2.431988e+00 4.768661e-03 -6.170494e-04 9.999884e-01 3.963259e+01
9.999928e-01 6.920907e-04 3.735410e-03 2.047775e+01 -6.814773e-04 9.999957e-01 -2.841741e-03 -2.411143e+00 -3.737360e-03 2.839175e-03 9.999890e-01 3.770829e+01
9.999762e-01 -2.774109e-03 -6.323663e-03 2.058603e+01 2.781233e-03 9.999955e-01 1.118001e-03 -2.397650e+00 6.320533e-03 -1.135563e-03 9.999794e-01 3.628437e+01
9.999948e-01 2.961183e-03 -1.273013e-03 2.111507e+01 -2.962976e-03 9.999946e-01 -1.409443e-03 -2.428570e+00 1.268833e-03 1.413208e-03 9.999982e-01 3.671820e+01
9.999895e-01 -2.951046e-03 -3.511114e-03 2.136099e+01 2.954088e-03 9.999953e-01 8.614143e-04 -2.454895e+00 3.508555e-03 -8.717781e-04 9.999935e-01 3.732504e+01
9.999944e-01 2.591478e-03 -2.139683e-03 2.117711e+01 -2.592831e-03 9.999964e-01 -6.299279e-04 -2.454686e+00 2.138044e-03 6.354728e-04 9.999975e-01 3.732599e+01
9.999899e-01 -2.458803e-03 -3.751759e-03 2.123663e+01 2.462295e-03 9.999965e-01 9.265736e-04 -2.473401e+00 3.749467e-03 -9.358029e-04 9.999925e-01 3.801015e+01
9.999997e-01 7.802816e-04 1.345383e-04 2.099283e+01 -7.800311e-04 9.999980e-01 -1.849793e-03 -2.461758e+00 -1.359812e-04 1.849688e-03 9.999983e-01 3.691572e+01
9.999906e-01 -2.511799e-03 -3.535077e-03 2.072128e+01 2.514265e-03 9.999966e-01 6.934516e-04 -2.449056e+00 3.533323e-03 -7.023338e-04 9.999935e-01 3.570936e+01
9.999984e-01 1.453881e-03 -1.005575e-03 2.048426e+01 -1.455085e-03 9.999982e-01 -1.198257e-03 -2.441233e+00 1.003832e-03 1.199719e-03 9.999988e-01 3.504630e+01
9.999916e-01 -2.607684e-03 -3.169280e-03 2.023075e+01 2.610819e-03 9.999961e-01 9.857773e-04 -2.429125e+00 3.166697e-03 -9.940440e-04 9.999945e-01 3.448042e+01
9.999986e-01 1.070172e-03 -1.310732e-03 2.034732e+01 -1.073044e-03 9.999970e-01 -2.192707e-03 -2.417563e+00 1.308381e-03 2.194111e-03 9.999967e-01 3.326837e+01
9.999929e-01 -2.685550e-03 -2.645812e-03 2.043072e+01 2.688647e-03 9.999957e-01 1.167620e-03 -2.408706e+00 2.642664e-03 -1.174726e-03 9.999958e-01 3.216713e+01
9.999997e-01 7.854471e-04 -1.400209e-05 2.050788e+01 -7.854815e-04 9.999961e-01 -2.687010e-03 -2.396350e+00 1.189177e-05 2.687020e-03 9.999964e-01 3.083735e+01
9.999881e-01 -2.141681e-03 -4.375723e-03 2.065344e+01 2.149186e-03 9.999962e-01 1.711165e-03 -2.387340e+00 4.372042e-03 -1.720550e-03 9.999890e-01 2.979358e+01
9.999997e-01 6.929184e-04 3.201517e-04 2.072232e+01 -6.920549e-04 9.999961e-01 -2.688605e-03 -2.379592e+00 -3.220132e-04 2.688384e-03 9.999963e-01 2.874818e+01
9.999870e-01 -1.975589e-03 -4.690515e-03 2.087738e+01 1.984245e-03 9.999963e-01 1.841558e-03 -2.374080e+00 4.686859e-03 -1.850842e-03 9.999873e-01 2.784773e+01
9.999995e-01 9.739412e-04 3.095525e-06 2.108112e+01 -9.739294e-04 9.999961e-01 -2.618540e-03 -2.374965e+00 -5.645580e-06 2.618536e-03 9.999966e-01 2.715827e+01
9.999885e-01 -2.455480e-03 -4.122540e-03 2.116784e+01 2.462604e-03 9.999955e-01 1.723787e-03 -2.367160e+00 4.118289e-03 -1.733920e-03 9.999900e-01 2.612585e+01
9.999991e-01 1.321499e-03 -2.926235e-04 2.120896e+01 -1.322192e-03 9.999963e-01 -2.383648e-03 -2.362655e+00 2.894726e-04 2.384034e-03 9.999971e-01 2.540437e+01
9.999877e-01 -2.522001e-03 -4.267038e-03 2.105033e+01 2.529955e-03 9.999951e-01 1.859607e-03 -2.352484e+00 4.262326e-03 -1.870380e-03 9.999892e-01 2.465198e+01
9.999993e-01 1.056268e-03 4.740270e-04 2.095609e+01 -1.054929e-03 9.999955e-01 -2.815575e-03 -2.343596e+00 -4.769986e-04 2.815074e-03 9.999959e-01 2.361424e+01
9.999847e-01 -2.333134e-03 -5.022070e-03 2.099081e+01 2.343644e-03 9.999951e-01 2.087875e-03 -2.337469e+00 5.017174e-03 -2.099613e-03 9.999852e-01 2.272868e+01
9.999993e-01 1.131541e-03 4.309556e-04 2.097907e+01 -1.130372e-03 9.999957e-01 -2.700536e-03 -2.332044e+00 -4.340093e-04 2.700048e-03 9.999963e-01 2.189972e+01
9.999816e-01 -1.194087e-03 -5.939526e-03 2.109423e+01 1.208546e-03 9.999963e-01 2.431427e-03 -2.344864e+00 5.936600e-03 -2.438562e-03 9.999794e-01 2.222603e+01
9.999873e-01 3.215967e-03 3.888041e-03 2.159127e+01 -3.197548e-03 9.999837e-01 -4.734212e-03 -2.441549e+00 -3.903203e-03 4.721721e-03 9.999812e-01 2.553046e+01
9.999845e-01 -1.814200e-03 -5.258593e-03 2.205537e+01 1.822254e-03 9.999972e-01 1.527305e-03 -2.555233e+00 5.255807e-03 -1.536865e-03 9.999850e-01 2.889412e+01
9.999961e-01 2.048258e-03 -1.893383e-03 2.228710e+01 -2.051410e-03 9.999965e-01 -1.664792e-03 -2.573423e+00 1.889967e-03 1.668670e-03 9.999968e-01 2.904166e+01
9.999912e-01 -3.830698e-03 -1.691644e-03 2.233610e+01 3.831533e-03 9.999925e-01 4.907170e-04 -2.563375e+00 1.689751e-03 -4.971949e-04 9.999984e-01 2.784039e+01
9.999889e-01 2.814965e-03 -3.787691e-03 2.259698e+01 -2.819611e-03 9.999953e-01 -1.221800e-03 -2.560242e+00 3.784234e-03 1.232467e-03 9.999921e-01 2.706229e+01
9.999910e-01 -3.667777e-03 -2.120218e-03 2.265239e+01 3.669850e-03 9.999928e-01 9.746913e-04 -2.556467e+00 2.116628e-03 -9.824640e-04 9.999973e-01 2.644838e+01
9.999971e-01 1.927231e-03 -1.466453e-03 2.256133e+01 -1.930417e-03 9.999958e-01 -2.174800e-03 -2.545116e+00 1.462256e-03 2.177625e-03 9.999966e-01 2.526719e+01
9.999907e-01 -3.656961e-03 -2.296169e-03 2.275176e+01 3.658594e-03 9.999931e-01 7.077329e-04 -2.532714e+00 2.293565e-03 -7.161277e-04 9.999971e-01 2.396044e+01
9.999948e-01 2.931747e-03 -1.339311e-03 2.339706e+01 -2.935137e-03 9.999925e-01 -2.536892e-03 -2.551182e+00 1.331863e-03 2.540811e-03 9.999959e-01 2.356351e+01
9.999927e-01 -3.458760e-03 -1.630361e-03 2.393731e+01 3.459342e-03 9.999940e-01 3.543031e-04 -2.572549e+00 1.629125e-03 -3.599411e-04 9.999986e-01 2.327273e+01
9.999812e-01 3.226856e-03 -5.211038e-03 2.426191e+01 -3.230166e-03 9.999946e-01 -6.269045e-04 -2.580940e+00 5.208987e-03 6.437258e-04 9.999862e-01 2.303865e+01
9.999863e-01 -4.370911e-03 2.872952e-03 2.471349e+01 4.373993e-03 9.999899e-01 -1.067571e-03 -2.601954e+00 -2.868257e-03 1.080122e-03 9.999953e-01 2.251641e+01
9.999705e-01 5.252698e-03 -5.601128e-03 2.480086e+01 -5.251572e-03 9.999862e-01 2.156208e-04 -2.642598e+00 5.602183e-03 -1.861991e-04 9.999843e-01 2.417939e+01
9.999823e-01 -4.219675e-03 4.184117e-03 2.498299e+01 4.225438e-03 9.999901e-01 -1.369619e-03 -2.708721e+00 -4.178297e-03 1.387274e-03 9.999903e-01 2.680375e+01
9.999508e-01 4.454698e-03 -8.863535e-03 2.538642e+01 -4.451350e-03 9.999900e-01 3.974434e-04 -2.744843e+00 8.865218e-03 -3.579686e-04 9.999606e-01 2.761348e+01
9.999746e-01 -5.883990e-03 4.014938e-03 2.544843e+01 5.889865e-03 9.999816e-01 -1.452941e-03 -2.732028e+00 -4.006315e-03 1.476551e-03 9.999909e-01 2.646903e+01
9.999602e-01 4.237808e-03 -7.850615e-03 2.562060e+01 -4.237267e-03 9.999910e-01 8.551137e-05 -2.722087e+00 7.850907e-03 -5.224221e-05 9.999692e-01 2.528841e+01
9.999846e-01 -5.091611e-03 2.189887e-03 2.599114e+01 5.093608e-03 9.999866e-01 -9.071848e-04 -2.721895e+00 -2.185239e-03 9.183247e-04 9.999972e-01 2.460023e+01
9.999453e-01 4.317928e-03 -9.526196e-03 2.654418e+01 -4.315816e-03 9.999907e-01 2.421794e-04 -2.725524e+00 9.527153e-03 -2.010522e-04 9.999546e-01 2.387447e+01
9.999782e-01 -5.851819e-03 3.053437e-03 2.700025e+01 5.854845e-03 9.999824e-01 -9.834312e-04 -2.719038e+00 -3.047628e-03 1.001287e-03 9.999949e-01 2.274253e+01
9.999695e-01 4.024114e-03 -6.688483e-03 2.715541e+01 -4.025897e-03 9.999919e-01 -2.532780e-04 -2.707732e+00 6.687410e-03 2.801980e-04 9.999776e-01 2.145457e+01
9.999750e-01 -6.004282e-03 3.741517e-03 2.714275e+01 6.008445e-03 9.999813e-01 -1.102365e-03 -2.695031e+00 -3.734828e-03 1.124817e-03 9.999924e-01 2.011176e+01
9.999272e-01 5.291491e-03 -1.084432e-02 2.751821e+01 -5.282480e-03 9.999857e-01 8.593333e-04 -2.696664e+00 1.084871e-02 -8.019853e-04 9.999408e-01 1.948461e+01
9.999633e-01 -6.357644e-03 5.736250e-03 2.771494e+01 6.366440e-03 9.999786e-01 -1.516549e-03 -2.693846e+00 -5.726485e-03 1.553012e-03 9.999824e-01 1.870103e+01
9.998874e-01 6.334572e-03 -1.360079e-02 2.844326e+01 -6.318595e-03 9.999793e-01 1.217397e-03 -2.718378e+00 1.360822e-02 -1.131321e-03 9.999068e-01 1.878723e+01
9.999714e-01 -5.926870e-03 4.692477e-03 2.928372e+01 5.935550e-03 9.999807e-01 -1.837999e-03 -2.767286e+00 -4.681493e-03 1.865798e-03 9.999873e-01 1.967840e+01
9.999442e-01 7.051675e-03 -7.863526e-03 2.953394e+01 -7.048320e-03 9.999751e-01 4.541743e-04 -2.825679e+00 7.866533e-03 -3.987237e-04 9.999690e-01 2.164215e+01
9.999580e-01 -6.492174e-03 6.462836e-03 2.947491e+01 6.505316e-03 9.999768e-01 -2.014695e-03 -2.862388e+00 -6.449607e-03 2.056652e-03 9.999771e-01 2.364993e+01
9.999442e-01 4.439391e-03 -9.585137e-03 2.837180e+01 -4.428600e-03 9.999895e-01 1.146719e-03 -2.809979e+00 9.590127e-03 -1.104206e-03 9.999534e-01 2.269471e+01
9.999632e-01 -5.930050e-03 6.191941e-03 2.793425e+01 5.940320e-03 9.999810e-01 -1.641662e-03 -2.789397e+00 -6.182089e-03 1.678383e-03 9.999795e-01 2.215009e+01
9.998678e-01 6.201136e-03 -1.503256e-02 2.840720e+01 -6.176624e-03 9.999795e-01 1.676453e-03 -2.818351e+00 1.504265e-02 -1.583380e-03 9.998856e-01 2.253712e+01
9.999797e-01 -5.755986e-03 2.718204e-03 2.928214e+01 5.760364e-03 9.999821e-01 -1.605857e-03 -2.860213e+00 -2.708912e-03 1.621481e-03 9.999950e-01 2.276825e+01
9.998382e-01 6.218944e-03 -1.687619e-02 3.023133e+01 -6.184533e-03 9.999787e-01 2.090387e-03 -2.891002e+00 1.688883e-02 -1.985677e-03 9.998554e-01 2.277915e+01
9.999130e-01 -4.732866e-03 1.231273e-02 3.059940e+01 4.770843e-03 9.999839e-01 -3.056869e-03 -2.954900e+00 -1.229806e-02 3.115345e-03 9.999195e-01 2.491068e+01
9.998368e-01 6.141423e-03 -1.698719e-02 3.103749e+01 -6.122656e-03 9.999806e-01 1.156539e-03 -3.039750e+00 1.699396e-02 -1.052343e-03 9.998550e-01 2.719637e+01
9.999641e-01 -6.219400e-03 5.750085e-03 3.187836e+01 6.225397e-03 9.999801e-01 -1.025697e-03 -3.065476e+00 -5.743591e-03 1.061456e-03 9.999829e-01 2.700223e+01
9.998803e-01 5.727186e-03 -1.437077e-02 3.253996e+01 -5.716715e-03 9.999834e-01 7.695864e-04 -3.072576e+00 1.437493e-02 -6.873401e-04 9.998964e-01 2.640027e+01
9.999365e-01 -6.740085e-03 9.028648e-03 3.278425e+01 6.753736e-03 9.999761e-01 -1.482325e-03 -3.068443e+00 -9.018442e-03 1.543208e-03 9.999581e-01 2.559979e+01
9.997915e-01 6.665168e-03 -1.929960e-02 3.353893e+01 -6.635575e-03 9.999767e-01 1.596939e-03 -3.087872e+00 1.930979e-02 -1.468542e-03 9.998125e-01 2.538998e+01
9.999426e-01 -6.375995e-03 8.614369e-03 3.434884e+01 6.390589e-03 9.999782e-01 -1.667783e-03 -3.122469e+00 -8.603548e-03 1.722737e-03 9.999615e-01 2.560336e+01
9.997491e-01 6.890380e-03 -2.131279e-02 3.521973e+01 -6.844973e-03 9.999741e-01 2.202691e-03 -3.162508e+00 2.132741e-02 -2.056252e-03 9.997704e-01 2.610945e+01
9.998765e-01 -7.123201e-03 1.400759e-02 3.564343e+01 7.153847e-03 9.999721e-01 -2.138943e-03 -3.177904e+00 -1.399197e-02 2.238887e-03 9.998996e-01 2.607400e+01
9.998083e-01 6.220184e-03 -1.856334e-02 3.576203e+01 -6.191479e-03 9.999795e-01 1.603395e-03 -3.177334e+00 1.857293e-02 -1.488153e-03 9.998264e-01 2.546843e+01
9.999563e-01 -6.030956e-03 7.137036e-03 3.650301e+01 6.039533e-03 9.999811e-01 -1.180752e-03 -3.208394e+00 -7.129780e-03 1.223804e-03 9.999738e-01 2.558596e+01
9.998166e-01 6.287390e-03 -1.808822e-02 3.720590e+01 -6.260074e-03 9.999792e-01 1.566376e-03 -3.241950e+00 1.809769e-02 -1.452854e-03 9.998352e-01 2.580130e+01
9.999430e-01 -5.275317e-03 9.286129e-03 3.766499e+01 5.288623e-03 9.999850e-01 -1.408926e-03 -3.287923e+00 -9.278558e-03 1.457956e-03 9.999559e-01 2.687386e+01
9.997891e-01 6.687271e-03 -1.941621e-02 3.830702e+01 -6.668635e-03 9.999772e-01 1.024372e-03 -3.357021e+00 1.942262e-02 -8.946755e-04 9.998110e-01 2.824690e+01
9.999587e-01 -6.555797e-03 6.296673e-03 3.932248e+01 6.559333e-03 9.999783e-01 -5.410848e-04 -3.385592e+00 -6.292990e-03 5.823639e-04 9.999800e-01 2.807333e+01
9.997262e-01 6.624716e-03 -2.244353e-02 4.078767e+01 -6.605291e-03 9.999777e-01 9.394782e-04 -3.418283e+00 2.244925e-02 -7.909743e-04 9.997477e-01 2.761206e+01
9.999395e-01 -6.468002e-03 8.893536e-03 4.207177e+01 6.479265e-03 9.999782e-01 -1.238234e-03 -3.452533e+00 -8.885334e-03 1.295782e-03 9.999597e-01 2.727893e+01
9.997746e-01 6.555800e-03 -2.019315e-02 4.280016e+01 -6.524534e-03 9.999774e-01 1.613852e-03 -3.477338e+00 2.020327e-02 -1.481737e-03 9.997948e-01 2.727049e+01
9.999497e-01 -6.408390e-03 7.710387e-03 4.397328e+01 6.423514e-03 9.999775e-01 -1.938368e-03 -3.513461e+00 -7.697792e-03 1.987798e-03 9.999684e-01 2.706989e+01
9.996993e-01 6.458591e-03 -2.365693e-02 4.535376e+01 -6.404053e-03 9.999767e-01 2.380397e-03 -3.549770e+00 2.367175e-02 -2.228180e-03 9.997173e-01 2.674902e+01
9.998847e-01 -7.122916e-03 1.341073e-02 4.623350e+01 7.155314e-03 9.999716e-01 -2.369438e-03 -3.561634e+00 -1.339347e-02 2.465122e-03 9.999073e-01 2.611804e+01
9.997038e-01 6.875734e-03 -2.334755e-02 4.713676e+01 -6.827043e-03 9.999744e-01 2.164550e-03 -3.577563e+00 2.336183e-02 -2.004514e-03 9.997251e-01 2.559426e+01
9.998609e-01 -8.033699e-03 1.461834e-02 4.763460e+01 8.066539e-03 9.999651e-01 -2.188957e-03 -3.576428e+00 -1.460024e-02 2.306571e-03 9.998908e-01 2.471676e+01
9.997366e-01 6.766621e-03 -2.193002e-02 4.818454e+01 -6.728204e-03 9.999757e-01 1.825062e-03 -3.579035e+00 2.194184e-02 -1.677031e-03 9.997578e-01 2.384605e+01
9.998673e-01 -7.937368e-03 1.422515e-02 4.863772e+01 7.964317e-03 9.999666e-01 -1.838838e-03 -3.577033e+00 -1.421008e-02 1.951887e-03 9.998971e-01 2.295228e+01
9.998257e-01 6.332729e-03 -1.756085e-02 4.859662e+01 -6.318482e-03 9.999797e-01 8.666504e-04 -3.567429e+00 1.756598e-02 -7.555409e-04 9.998454e-01 2.183909e+01
9.998856e-01 -7.542010e-03 1.311216e-02 4.871296e+01 7.562411e-03 9.999703e-01 -1.506980e-03 -3.562142e+00 -1.310040e-02 1.605966e-03 9.999129e-01 2.103702e+01
9.997973e-01 7.247406e-03 -1.878364e-02 4.908735e+01 -7.225689e-03 9.999731e-01 1.223746e-03 -3.576664e+00 1.879201e-02 -1.087772e-03 9.998228e-01 2.108151e+01
9.999059e-01 -7.298091e-03 1.161533e-02 4.955916e+01 7.313817e-03 9.999724e-01 -1.311989e-03 -3.599594e+00 -1.160543e-02 1.396818e-03 9.999317e-01 2.133160e+01
9.997897e-01 7.090814e-03 -1.924197e-02 5.007312e+01 -7.067145e-03 9.999742e-01 1.297765e-03 -3.619442e+00 1.925067e-02 -1.161506e-03 9.998140e-01 2.137331e+01
9.998972e-01 -7.249714e-03 1.236693e-02 5.062060e+01 7.272248e-03 9.999720e-01 -1.778134e-03 -3.637040e+00 -1.235369e-02 1.867886e-03 9.999219e-01 2.127847e+01
9.998085e-01 6.855207e-03 -1.833025e-02 5.097207e+01 -6.826760e-03 9.999754e-01 1.614052e-03 -3.648319e+00 1.834086e-02 -1.488606e-03 9.998307e-01 2.120679e+01
