1.000000e+00 1.197625e-11 1.704638e-10 5.551115e-17 1.197625e-11 1.000000e+00 3.562503e-10 0.000000e+00 1.704638e-10 3.562503e-10 1.000000e+00 2.220446e-16 0.000000e+00 0.000000e+00 0.000000e+00 1.000000e+00
6.619492e-03 -1.192712e-01 9.928396e-01 8.455577e-01 2.744955e-01 9.549390e-01 1.128880e-01 1.492836e-02 -9.615656e-01 2.717827e-01 3.906062e-02 1.515775e-01
9.977296e-01 4.240917e-02 -5.231768e-02 1.814040e+00 -4.231173e-02 9.991000e-01 2.969154e-03 2.922719e-02 5.239652e-02 -7.487612e-04 9.986261e-01 3.638039e-01
-1.164959e-01 -1.334481e-01 9.841851e-01 2.683463e+00 2.645796e-01 9.509544e-01 1.602600e-01 4.213668e-02 -9.573016e-01 2.790650e-01 -7.547462e-02 5.751972e-01
9.994038e-01 -1.584588e-02 3.067377e-02 3.589164e+00 1.673612e-02 9.994397e-01 -2.898688e-02 5.759746e-02 -3.019726e-02 2.948296e-02 9.991090e-01 8.315177e-01
-3.206237e-02 -9.929831e-02 9.945410e-01 4.629473e+00 2.653009e-01 9.585127e-01 1.042540e-01 7.780373e-02 -9.636324e-01 2.671953e-01 -4.388253e-03 8.557926e-01
9.599758e-01 8.794784e-02 -2.659167e-01 5.753933e+00 -8.042599e-02 9.959947e-01 3.906704e-02 9.388964e-02 2.682875e-01 -1.611680e-02 9.632041e-01 9.416205e-01
-1.546960e-01 -1.434532e-01 9.774919e-01 6.527197e+00 2.433220e-01 9.533935e-01 1.784243e-01 1.015748e-01 -9.575299e-01 2.654468e-01 -1.125809e-01 1.294137e+00
9.965254e-01 -9.760892e-03 -8.271570e-02 6.842532e+00 8.104928e-03 9.997604e-01 -2.033214e-02 1.049192e-01 8.289434e-02 1.959109e-02 9.963658e-01 1.949743e+00
-3.326950e-03 -8.766153e-02 9.961448e-01 7.725839e+00 2.192974e-01 9.718378e-01 8.625491e-02 1.165242e-01 -9.756524e-01 2.187389e-01 1.599069e-02 2.154400e+00
9.716817e-01 -9.736107e-03 -2.360931e-01 8.757862e+00 1.914035e-02 9.991105e-01 3.757364e-02 1.350817e-01 2.355173e-01 -4.102852e-02 9.710037e-01 2.061105e+00
-2.474126e-03 -3.907283e-02 9.992333e-01 1.011531e+01 3.001107e-01 9.531466e-01 3.801379e-02 1.618840e-01 -9.539012e-01 2.999747e-01 9.367971e-03 1.711056e+00
9.909633e-01 -2.009657e-02 1.326190e-01 1.106578e+01 1.327039e-02 9.985507e-01 5.215671e-02 1.798036e-01 -1.334750e-01 -4.992548e-02 9.897939e-01 1.666084e+00
1.947155e-02 -1.193635e-01 9.926597e-01 1.203216e+01 3.372889e-01 9.354297e-01 1.058657e-01 1.958718e-01 -9.411998e-01 3.327517e-01 5.847424e-02 1.702883e+00
9.637433e-01 1.145396e-01 -2.409969e-01 1.350161e+01 -1.113045e-01 9.934184e-01 2.704089e-02 2.245037e-01 2.425080e-01 7.635676e-04 9.701491e-01 1.310918e+00
-3.822941e-01 -1.144153e-01 9.169298e-01 1.421989e+01 2.983167e-01 9.238886e-01 2.396603e-01 2.404189e-01 -8.745618e-01 3.651562e-01 -3.190652e-01 1.337081e+00
9.794057e-01 1.421001e-02 -2.014012e-01 1.476783e+01 -2.106484e-02 9.992680e-01 -3.193336e-02 2.545036e-01 2.008000e-01 3.551820e-02 9.789882e-01 1.484003e+00
-9.180833e-02 -7.485301e-02 9.929593e-01 1.583328e+01 2.400117e-01 9.661085e-01 9.502021e-02 2.729715e-01 -9.664190e-01 2.470455e-01 -7.073120e-02 1.311188e+00
9.955541e-01 -2.887604e-02 -8.965561e-02 1.683461e+01 3.146254e-02 9.991246e-01 2.757105e-02 2.887577e-01 8.878098e-02 -3.026926e-02 9.955911e-01 1.268262e+00
-2.803735e-01 -3.219599e-02 9.593509e-01 1.732256e+01 3.350860e-01 9.332800e-01 1.292511e-01 2.978011e-01 -8.995043e-01 3.577036e-01 -2.508786e-01 1.636261e+00
9.908142e-01 8.423570e-02 -1.057900e-01 1.790529e+01 -7.879193e-02 9.953930e-01 5.463141e-02 3.044383e-01 1.099046e-01 -4.579418e-02 9.928866e-01 2.095658e+00
-3.128774e-01 -1.376549e-01 9.397653e-01 1.846998e+01 2.961650e-01 9.259695e-01 2.342367e-01 3.091269e-01 -9.024378e-01 3.516130e-01 -2.489463e-01 2.578703e+00
9.839380e-01 5.161839e-02 -1.708847e-01 1.907487e+01 -6.092652e-02 9.969052e-01 -4.967836e-02 3.147783e-01 1.677915e-01 5.929184e-02 9.840378e-01 2.943207e+00
-3.488307e-01 -1.047885e-01 9.313090e-01 1.939260e+01 2.318472e-01 9.531922e-01 1.940913e-01 3.195108e-01 -9.080551e-01 2.836264e-01 -3.082078e-01 3.417893e+00
9.924288e-01 -5.535581e-02 -1.096396e-01 1.962535e+01 5.621732e-02 9.984071e-01 4.779734e-03 3.238510e-01 1.092004e-01 -1.090719e-02 9.939599e-01 3.988277e+00
-2.830982e-01 -1.686658e-02 9.589426e-01 1.989359e+01 3.133473e-01 9.433510e-01 1.090984e-01 3.261409e-01 -9.064595e-01 3.313676e-01 -2.617759e-01 4.552353e+00
9.832726e-01 4.574055e-02 -1.763033e-01 2.005681e+01 -2.821530e-02 9.945208e-01 1.006595e-01 3.293806e-01 1.799415e-01 -9.400125e-02 9.791756e-01 5.058062e+00
-3.733147e-01 -6.021314e-02 9.257486e-01 2.041212e+01 3.767006e-01 9.020822e-01 2.105810e-01 3.341342e-01 -8.477811e-01 4.273430e-01 -3.140782e-01 5.474175e+00
9.634846e-01 1.106303e-01 -2.438407e-01 2.098740e+01 -1.092805e-01 9.938274e-01 1.910005e-02 3.466946e-01 2.444486e-01 8.244428e-03 9.696272e-01 5.552396e+00
-5.160863e-01 -8.527820e-02 8.522808e-01 2.132578e+01 2.923406e-01 9.177451e-01 2.688511e-01 3.583415e-01 -8.051037e-01 3.879066e-01 -4.487054e-01 5.775511e+00
9.581349e-01 -8.009292e-03 -2.862050e-01 2.112174e+01 1.214055e-02 9.998461e-01 1.266305e-02 3.728184e-01 2.860596e-01 -1.560760e-02 9.580847e-01 6.081548e+00
-3.307212e-01 1.673984e-05 9.437285e-01 2.097964e+01 3.717820e-01 9.191341e-01 1.302714e-01 3.864473e-01 -8.674109e-01 3.939448e-01 -3.039833e-01 6.305695e+00
9.281253e-01 1.489824e-01 -3.411564e-01 2.134428e+01 -1.137671e-01 9.860968e-01 1.211203e-01 3.920781e-01 3.544580e-01 -7.360243e-02 9.321707e-01 6.542196e+00
-3.910710e-01 -1.015105e-01 9.147454e-01 2.205255e+01 3.357992e-01 9.096462e-01 2.445052e-01 4.001086e-01 -8.569145e-01 4.027896e-01 -3.216491e-01 6.621620e+00
8.554301e-01 1.335396e-01 -5.004063e-01 2.275777e+01 -1.370654e-01 9.901102e-01 2.991380e-02 4.133823e-01 4.994521e-01 4.299921e-02 8.652738e-01 6.524185e+00
-4.346416e-01 -8.470661e-02 8.966111e-01 2.353625e+01 2.537558e-01 9.437124e-01 2.121672e-01 4.278898e-01 -8.641150e-01 3.197370e-01 -3.886818e-01 6.404259e+00
8.832166e-01 2.176909e-02 -4.684597e-01 2.415545e+01 -1.266025e-02 9.996648e-01 2.258475e-02 4.440037e-01 4.687943e-01 -1.401641e-02 8.831962e-01 6.320120e+00
-3.731765e-01 3.478503e-02 9.271080e-01 2.447839e+01 3.507235e-01 9.304307e-01 1.062624e-01 4.637272e-01 -8.589135e-01 3.648131e-01 -3.594148e-01 6.225549e+00
9.165642e-01 5.104792e-02 -3.966159e-01 2.461227e+01 9.946887e-03 9.886013e-01 1.502285e-01 4.895015e-01 3.997638e-01 -1.416391e-01 9.056088e-01 6.028914e+00
-2.929777e-01 3.901604e-02 9.553229e-01 2.491431e+01 4.995477e-01 8.581913e-01 1.181518e-01 5.165933e-01 -8.152400e-01 5.118451e-01 -2.709213e-01 5.752847e+00
8.977705e-01 2.023550e-01 -3.912297e-01 2.505258e+01 -1.330817e-01 9.713272e-01 1.970096e-01 5.463282e-01 4.198779e-01 -1.248039e-01 8.989586e-01 5.475992e+00
-3.248617e-01 -9.470719e-02 9.410077e-01 2.475622e+01 5.421493e-01 7.966199e-01 2.673402e-01 5.795070e-01 -7.749445e-01 5.970153e-01 -2.074459e-01 5.348017e+00
9.041135e-01 2.384189e-01 -3.545916e-01 2.457989e+01 -2.355667e-01 9.704719e-01 5.189036e-02 6.079611e-01 3.564928e-01 3.661518e-02 9.335803e-01 5.275257e+00
-3.289763e-01 -2.087189e-01 9.209837e-01 2.496084e+01 3.317703e-01 8.875536e-01 3.196515e-01 6.330225e-01 -8.841397e-01 4.107128e-01 -2.227374e-01 5.042050e+00
8.867920e-01 8.380624e-02 -4.545069e-01 2.562253e+01 -1.289358e-01 9.892381e-01 -6.916270e-02 6.549835e-01 4.438193e-01 1.199351e-01 8.880540e-01 4.793723e+00
-3.947390e-01 -8.781003e-02 9.145876e-01 2.636910e+01 2.086639e-01 9.608444e-01 1.823112e-01 6.758813e-01 -8.947852e-01 2.628068e-01 -3.609600e-01 4.599317e+00
8.123248e-01 1.737732e-02 -5.829463e-01 2.739286e+01 2.943081e-03 9.994211e-01 3.389335e-02 6.977267e-01 5.831978e-01 -2.924807e-02 8.118035e-01 4.362750e+00
-3.807766e-01 7.510038e-02 9.216122e-01 2.837152e+01 3.331753e-01 9.408906e-01 6.098454e-02 7.229444e-01 -8.625563e-01 3.302799e-01 -3.832907e-01 3.925195e+00
8.025646e-01 1.160951e-01 -5.851599e-01 2.947063e+01 2.344886e-03 9.802600e-01 1.976987e-01 7.523423e-01 5.965607e-01 -1.600381e-01 7.864497e-01 3.428767e+00
-6.012918e-01 8.640014e-02 7.943445e-01 3.028140e+01 4.282639e-01 8.741292e-01 2.291030e-01 7.685248e-01 -6.745651e-01 4.779469e-01 -5.626088e-01 3.510836e+00
7.934483e-01 2.806842e-01 -5.400520e-01 3.124366e+01 -2.198045e-01 9.595754e-01 1.757869e-01 7.862067e-01 5.675612e-01 -2.077198e-02 8.230692e-01 3.615113e+00
-2.039427e-01 -1.946602e-01 9.594346e-01 3.258098e+01 3.634881e-01 8.949193e-01 2.588357e-01 8.145567e-01 -9.090015e-01 4.015307e-01 -1.117556e-01 3.170455e+00
5.392575e-01 2.662901e-01 -7.989311e-01 3.410710e+01 -2.671221e-01 9.537876e-01 1.376046e-01 8.485864e-01 7.986533e-01 1.392078e-01 5.854691e-01 2.596686e+00
-1.637655e-02 -2.428084e-01 9.699360e-01 3.583697e+01 2.571000e-01 9.364257e-01 2.387605e-01 8.894656e-01 -9.662460e-01 2.532806e-01 4.709061e-02 1.904543e+00
5.495994e-01 1.752759e-01 -8.168347e-01 3.729803e+01 -2.295041e-01 9.718025e-01 5.410915e-02 9.216665e-01 8.032860e-01 1.577286e-01 5.743286e-01 1.369820e+00
1.664326e-01 -2.163298e-01 9.620299e-01 3.884474e+01 1.781214e-01 9.661831e-01 1.864484e-01 9.598768e-01 -9.698314e-01 1.403270e-01 1.993373e-01 6.872155e-01
5.677957e-01 8.822780e-02 -8.184277e-01 4.044753e+01 -1.546567e-01 9.879679e-01 -7.907770e-04 1.000517e+00 8.085105e-01 1.270244e-01 5.746090e-01 -3.524802e-02
-6.976871e-02 -1.254678e-01 9.896414e-01 4.201474e+01 1.245140e-01 9.832053e-01 1.334299e-01 1.035705e+00 -9.897619e-01 1.325335e-01 -5.297447e-02 -6.473728e-01
5.812442e-01 2.277853e-02 -8.134103e-01 4.370011e+01 -3.996309e-02 9.992010e-01 -5.753318e-04 1.074358e+00 8.127473e-01 3.284080e-02 5.816901e-01 -1.299939e+00
1.021198e-01 -9.656456e-03 9.947252e-01 4.537654e+01 1.197616e-01 9.927991e-01 -2.657129e-03 1.116539e+00 -9.875367e-01 1.194012e-01 1.025409e-01 -2.063404e+00
7.124049e-01 6.068602e-03 -7.017424e-01 4.711476e+01 5.020058e-02 9.969601e-01 5.958496e-02 1.156486e+00 6.999708e-01 -7.767649e-02 7.099347e-01 -2.749237e+00
1.389913e-02 7.213665e-02 9.972979e-01 4.887262e+01 2.139785e-01 9.740739e-01 -7.343898e-02 1.196067e+00 -9.767395e-01 2.144211e-01 -1.896908e-03 -3.431652e+00
8.329448e-01 3.865806e-02 -5.520041e-01 5.031505e+01 7.252082e-02 9.813265e-01 1.781545e-01 1.227811e+00 5.485834e-01 -1.884247e-01 8.145873e-01 -3.957514e+00
-1.550851e-02 6.731403e-02 9.976113e-01 5.165470e+01 3.829553e-01 9.220519e-01 -5.626236e-02 1.256137e+00 -9.236367e-01 3.811680e-01 -4.007792e-02 -4.396350e+00
5.338714e-01 3.073120e-01 -7.877441e-01 5.340024e+01 -4.640479e-02 9.408622e-01 3.355964e-01 1.296543e+00 8.442914e-01 -1.426102e-01 5.165601e-01 -5.049719e+00
1.486235e-02 -1.660391e-02 9.997517e-01 5.503256e+01 4.331330e-01 9.012896e-01 8.529677e-03 1.334875e+00 -9.012075e-01 4.328987e-01 2.058699e-02 -5.708407e+00
7.127882e-01 3.079082e-01 -6.301789e-01 5.675932e+01 -1.696438e-01 9.474933e-01 2.710672e-01 1.374191e+00 6.805541e-01 -8.630760e-02 7.275968e-01 -6.403103e+00
8.251471e-02 -1.606672e-01 9.835534e-01 5.849947e+01 4.126310e-01 9.038582e-01 1.130312e-01 1.412530e+00 -9.071532e-01 3.965179e-01 1.408779e-01 -7.035825e+00
7.008539e-01 2.780600e-01 -6.568763e-01 5.997945e+01 -2.213630e-01 9.602100e-01 1.702800e-01 1.447930e+00 6.780872e-01 2.606674e-02 7.345190e-01 -7.699479e+00
5.715416e-02 -2.140414e-01 9.751511e-01 6.134300e+01 3.534200e-01 9.178370e-01 1.807470e-01 1.480863e+00 -9.337171e-01 3.343075e-01 1.281047e-01 -8.288886e+00
5.933231e-01 2.726971e-01 -7.573665e-01 6.306221e+01 -2.504778e-01 9.567048e-01 1.482458e-01 1.520898e+00 7.650023e-01 1.017458e-01 6.359396e-01 -8.927926e+00
-9.711259e-02 -2.306885e-01 9.681694e-01 6.476816e+01 2.516292e-01 9.354734e-01 2.481376e-01 1.555820e+00 -9.629392e-01 2.677170e-01 -3.279830e-02 -9.455528e+00
8.544780e-01 6.346138e-02 -5.155968e-01 6.615578e+01 -1.154988e-01 9.908767e-01 -6.945116e-02 1.584790e+00 5.064853e-01 1.188953e-01 8.540120e-01 -9.904256e+00
2.917718e-02 -1.190976e-01 9.924538e-01 6.769933e+01 1.531007e-01 9.816935e-01 1.133053e-01 1.619582e+00 -9.877798e-01 1.486394e-01 4.687697e-02 -1.052752e+01
7.493062e-01 5.226361e-03 -6.622030e-01 6.944538e+01 -1.840950e-02 9.997468e-01 -1.294062e-02 1.660280e+00 6.619677e-01 2.188731e-02 7.492127e-01 -1.125986e+01
-1.744042e-01 -1.588083e-04 9.846741e-01 7.139132e+01 1.525839e-01 9.879166e-01 2.718480e-02 1.697847e+00 -9.727802e-01 1.549866e-01 -1.722726e-01 -1.179559e+01
6.762527e-01 4.863567e-02 -7.350625e-01 7.333741e+01 2.999821e-02 9.951725e-01 9.344411e-02 1.736899e+00 7.360587e-01 -8.524239e-02 6.715291e-01 -1.236468e+01
-1.141529e-01 5.637661e-02 9.918623e-01 7.526020e+01 2.568104e-01 9.661291e-01 -2.535779e-02 1.778576e+00 -9.596966e-01 2.518259e-01 -1.247645e-01 -1.302197e+01
7.578850e-01 1.261542e-01 -6.400746e-01 7.703858e+01 -1.954976e-03 9.815601e-01 1.911439e-01 1.814538e+00 6.523853e-01 -1.436137e-01 7.441563e-01 -1.357069e+01
3.058498e-01 -1.773904e-02 9.519145e-01 7.895031e+01 3.079541e-01 9.479228e-01 -8.128090e-02 1.862347e+00 -9.008996e-01 3.180058e-01 2.953848e-01 -1.436074e+01
7.155922e-01 2.349341e-01 -6.578250e-01 8.085759e+01 -8.661579e-02 9.643191e-01 2.501727e-01 1.906564e+00 6.931273e-01 -1.220437e-01 7.104083e-01 -1.505201e+01
-4.611362e-01 -9.980914e-03 8.872732e-01 8.226905e+01 4.152619e-01 8.812500e-01 2.257342e-01 1.933338e+00 -7.841626e-01 4.725450e-01 -4.022316e-01 -1.542808e+01
6.419243e-01 2.890917e-01 -7.101824e-01 8.376577e+01 -2.211478e-01 9.566469e-01 1.895267e-01 1.963704e+00 7.341844e-01 3.539351e-02 6.780269e-01 -1.590377e+01
-3.043333e-01 -1.602876e-01 9.389830e-01 8.544889e+01 3.198241e-01 9.113261e-01 2.592244e-01 1.999983e+00 -8.972702e-01 3.792000e-01 -2.260830e-01 -1.652267e+01
5.180405e-01 2.206712e-01 -8.264008e-01 8.714484e+01 -2.298594e-01 9.665243e-01 1.139976e-01 2.036915e+00 8.238924e-01 1.309006e-01 5.514220e-01 -1.715231e+01
-4.397216e-01 -1.398466e-01 8.871797e-01 8.890305e+01 2.046015e-01 9.462325e-01 2.505638e-01 2.075295e+00 -8.745188e-01 2.916966e-01 -3.874660e-01 -1.781130e+01
3.361733e-01 1.205385e-01 -9.340546e-01 9.059833e+01 -1.316614e-01 9.880516e-01 8.012087e-02 2.115306e+00 9.325518e-01 9.604442e-02 3.480268e-01 -1.853445e+01
-3.501822e-01 -5.269661e-02 9.351981e-01 9.218474e+01 1.792218e-01 9.762004e-01 1.221161e-01 2.152143e+00 -9.193758e-01 2.103708e-01 -3.324037e-01 -1.919224e+01
6.274860e-01 5.817189e-02 -7.764518e-01 9.369802e+01 -3.484978e-03 9.974051e-01 7.190937e-02 2.183029e+00 7.786201e-01 -4.241620e-02 6.260604e-01 -1.968620e+01
-1.138880e-01 3.633165e-02 9.928291e-01 9.539346e+01 2.419832e-01 9.702495e-01 -7.747335e-03 2.221713e+00 -9.635734e-01 2.393657e-01 -1.192914e-01 -2.036344e+01
5.628419e-01 1.313684e-01 -8.160584e-01 9.701969e+01 2.723344e-02 9.838060e-01 1.771554e-01 2.260039e+00 8.261158e-01 -1.219345e-01 5.501496e-01 -2.104549e+01
-1.803568e-01 8.295804e-02 9.800966e-01 9.860858e+01 3.503983e-01 9.364841e-01 -1.478646e-02 2.297589e+00 -9.190715e-01 3.407574e-01 -1.979696e-01 -2.171773e+01
7.849398e-01 1.762782e-01 -5.939659e-01 9.984047e+01 -3.088841e-02 9.686131e-01 2.466468e-01 2.324231e+00 6.188016e-01 -1.752562e-01 7.657479e-01 -2.214948e+01
8.254483e-02 -3.218886e-02 9.960674e-01 1.010488e+02 4.453233e-01 8.953343e-01 -7.970690e-03 2.354340e+00 -8.915568e-01 4.442300e-01 8.823967e-02 -2.268181e+01
6.003508e-01 3.342062e-01 -7.265571e-01 1.024953e+02 -1.304542e-01 9.372514e-01 3.233289e-01 2.391287e+00 7.890251e-01 -9.932839e-02 6.062782e-01 -2.339607e+01
-2.167294e-01 -4.367553e-02 9.752542e-01 1.036510e+02 5.170861e-01 8.422152e-01 1.526289e-01 2.427157e+00 -8.280401e-01 5.373695e-01 -1.599488e-01 -2.414589e+01
8.090912e-01 2.747258e-01 -5.195163e-01 1.043404e+02 -2.072600e-01 9.605979e-01 1.851891e-01 2.459567e+00 5.499225e-01 -4.215993e-02 8.341509e-01 -2.472232e+01
-4.294205e-01 -1.562674e-01 8.894822e-01 1.052304e+02 3.558522e-01 8.759548e-01 3.256877e-01 2.477887e+00 -8.300405e-01 4.563812e-01 -3.205449e-01 -2.485546e+01
9.237413e-01 8.370469e-02 -3.737586e-01 1.056053e+02 -1.144447e-01 9.915683e-01 -6.078360e-02 2.497308e+00 3.655194e-01 9.892302e-02 9.255322e-01 -2.492359e+01
-1.344628e-01 -1.233619e-01 9.832098e-01 1.064476e+02 2.327244e-01 9.605366e-01 1.523443e-01 2.522119e+00 -9.632025e-01 2.493016e-01 -1.004471e-01 -2.531283e+01
8.643726e-01 8.108051e-02 -4.962720e-01 1.077134e+02 -7.989070e-02 9.965227e-01 2.366290e-02 2.543036e+00 4.964650e-01 1.919396e-02 8.678445e-01 -2.549676e+01
-1.681209e-01 -9.158026e-02 9.815031e-01 1.088589e+02 2.020976e-01 9.713236e-01 1.252476e-01 2.559148e+00 -9.648274e-01 2.194162e-01 -1.447917e-01 -2.555463e+01
7.382515e-01 5.664268e-02 -6.721431e-01 1.097610e+02 -2.175439e-02 9.979490e-01 6.020489e-02 2.576496e+00 6.741747e-01 -2.982429e-02 7.379695e-01 -2.578982e+01
1.925711e-01 -4.348773e-02 9.803189e-01 1.107850e+02 2.163251e-01 9.763210e-01 8.160810e-04 2.600493e+00 -9.571415e-01 2.119105e-01 1.974187e-01 -2.614935e+01
8.547204e-01 1.117351e-01 -5.069204e-01 1.121839e+02 -5.560738e-02 9.906478e-01 1.245982e-01 2.625570e+00 5.161016e-01 -7.830810e-02 8.529402e-01 -2.643912e+01
-6.452773e-02 -6.674009e-02 9.956816e-01 1.134097e+02 3.214880e-01 9.431756e-01 8.405550e-02 2.647560e+00 -9.447125e-01 3.255236e-01 -3.940484e-02 -2.670597e+01
8.923439e-01 1.094856e-01 -4.378758e-01 1.141371e+02 -6.948059e-02 9.918911e-01 1.064164e-01 2.664062e+00 4.459762e-01 -6.453615e-02 8.927151e-01 -2.684943e+01
2.166005e-01 -1.122027e-01 9.697911e-01 1.150094e+02 3.282527e-01 9.439077e-01 3.589362e-02 2.684953e+00 -9.194207e-01 3.105620e-01 2.412818e-01 -2.717283e+01
9.270972e-01 1.503763e-01 -3.433332e-01 1.161021e+02 -1.239037e-01 9.874512e-01 9.791811e-02 2.706356e+00 3.537494e-01 -4.823937e-02 9.340955e-01 -2.746805e+01
4.064252e-01 -1.773973e-01 8.962972e-01 1.178222e+02 2.781709e-01 9.584265e-01 6.355766e-02 2.742751e+00 -8.703100e-01 2.234924e-01 4.388755e-01 -2.803436e+01
9.982164e-01 5.864609e-02 1.116190e-02 1.188659e+02 -5.819420e-02 9.976108e-01 -3.723111e-02 2.761096e+00 -1.331869e-02 3.651515e-02 9.992443e-01 -2.818813e+01
9.362165e-02 -1.821527e-01 9.788030e-01 1.193904e+02 2.767114e-01 9.491474e-01 1.501667e-01 2.776413e+00 -9.563816e-01 2.567871e-01 1.392645e-01 -2.817327e+01
9.217716e-01 9.860959e-02 -3.749844e-01 1.206120e+02 -1.080140e-01 9.941410e-01 -4.086692e-03 2.799785e+00 3.723843e-01 4.427058e-02 9.270221e-01 -2.844746e+01
2.580069e-01 -1.605992e-01 9.527016e-01 1.220670e+02 1.805663e-01 9.767282e-01 1.157492e-01 2.826650e+00 -9.491197e-01 1.421617e-01 2.810014e-01 -2.878131e+01
9.873554e-01 -7.784033e-02 1.380946e-01 1.228769e+02 8.627957e-02 9.946841e-01 -5.620830e-02 2.837409e+00 -1.329852e-01 6.741232e-02 9.888228e-01 -2.865021e+01
2.170517e-01 -6.760764e-02 9.738161e-01 1.234360e+02 1.913772e-01 9.811862e-01 2.546367e-02 2.844046e+00 -9.572164e-01 1.808393e-01 2.259067e-01 -2.840955e+01
9.938756e-01 -8.533123e-02 7.021319e-02 1.239156e+02 8.231414e-02 9.955989e-01 4.480162e-02 2.851901e+00 -7.372715e-02 -3.874769e-02 9.965254e-01 -2.820740e+01
1.934907e-01 -6.008622e-02 9.792604e-01 1.244008e+02 2.647709e-01 9.642870e-01 6.851767e-03 2.855101e+00 -9.446998e-01 2.579539e-01 2.024896e-01 -2.781040e+01
9.779104e-01 -4.020954e-02 2.051207e-01 1.245230e+02 2.535833e-02 9.968967e-01 7.452483e-02 2.858522e+00 -2.074807e-01 -6.767709e-02 9.758953e-01 -2.718924e+01
4.314867e-01 -1.581854e-01 8.881422e-01 1.251097e+02 3.135180e-01 9.494339e-01 1.678531e-02 2.869254e+00 -8.458875e-01 2.712060e-01 4.592620e-01 -2.706200e+01
9.923988e-01 1.068180e-01 -6.111094e-02 1.258879e+02 -1.050092e-01 9.939534e-01 3.208941e-02 2.883681e+00 6.416915e-02 -2.542828e-02 9.976150e-01 -2.713665e+01
2.963818e-02 -2.223954e-01 9.745060e-01 1.261496e+02 3.046134e-01 9.305694e-01 2.031041e-01 2.888509e+00 -9.520149e-01 2.908279e-01 9.532499e-02 -2.668560e+01
9.977788e-01 6.479819e-02 -1.545158e-02 1.267981e+02 -6.602008e-02 9.928288e-01 -9.966136e-02 2.895519e+00 8.882897e-03 1.004601e-01 9.949014e-01 -2.634143e+01
2.010040e-01 -1.813748e-01 9.626529e-01 1.278140e+02 1.021199e-01 9.812349e-01 1.635530e-01 2.906671e+00 -9.742530e-01 6.543116e-02 2.157541e-01 -2.610926e+01
9.920532e-01 -1.257310e-01 4.706929e-03 1.283816e+02 1.257211e-01 9.891101e-01 -7.652023e-02 2.911794e+00 4.965296e-03 7.650390e-02 9.970569e-01 -2.574814e+01
1.614103e-01 -1.050480e-02 9.868315e-01 1.288211e+02 1.724824e-01 9.848530e-01 -1.772822e-02 2.918891e+00 -9.716977e-01 1.730726e-01 1.607774e-01 -2.544854e+01
9.892998e-01 -8.908491e-02 1.155410e-01 1.294605e+02 7.728407e-02 9.916866e-01 1.028828e-01 2.925066e+00 -1.237458e-01 -9.285245e-02 9.879602e-01 -2.514322e+01
2.713437e-01 -6.408657e-02 9.603465e-01 1.306212e+02 2.813278e-01 9.594872e-01 -1.545931e-02 2.939127e+00 -9.204495e-01 2.743670e-01 2.783802e-01 -2.500402e+01
9.939252e-01 9.418001e-02 5.694614e-02 1.318449e+02 -9.808591e-02 9.926988e-01 7.020096e-02 2.954439e+00 -4.991884e-02 -7.536012e-02 9.959061e-01 -2.490972e+01
4.966573e-01 -2.208925e-01 8.393676e-01 1.328902e+02 2.835931e-01 9.552939e-01 8.359710e-02 2.970018e+00 -8.203088e-01 1.965198e-01 5.370973e-01 -2.494670e+01
9.940676e-01 1.058917e-01 2.482873e-02 1.340156e+02 -1.041499e-01 9.925481e-01 -6.325426e-02 2.987747e+00 -3.134181e-02 6.029310e-02 9.976885e-01 -2.508957e+01
2.274425e-01 -2.241340e-01 9.476465e-01 1.349399e+02 1.874536e-01 9.650279e-01 1.832546e-01 2.999754e+00 -9.555789e-01 1.359599e-01 2.615031e-01 -2.503055e+01
9.930317e-01 -3.741402e-02 1.117504e-01 1.358094e+02 5.101699e-02 9.912840e-01 -1.214632e-01 3.007338e+00 -1.062320e-01 1.263180e-01 9.862852e-01 -2.481545e+01
1.575132e-01 -8.264896e-02 9.840522e-01 1.366576e+02 1.186012e-01 9.908619e-01 6.423688e-02 3.016636e+00 -9.803690e-01 1.065916e-01 1.658761e-01 -2.465036e+01
9.632268e-01 -1.538732e-01 2.202663e-01 1.374561e+02 1.511105e-01 9.880783e-01 2.944205e-02 3.023984e+00 -2.221707e-01 4.925172e-03 9.749953e-01 -2.434024e+01
1.210750e-01 -1.425802e-02 9.925410e-01 1.380306e+02 2.793662e-01 9.599703e-01 -2.028832e-02 3.028879e+00 -9.525205e-01 2.797388e-01 1.202116e-01 -2.390521e+01
9.685210e-01 -1.288665e-02 2.485980e-01 1.385151e+02 -9.614520e-03 9.959775e-01 8.908630e-02 3.031832e+00 -2.487461e-01 -8.867210e-02 9.645012e-01 -2.341210e+01
8.598190e-02 -1.762044e-01 9.805912e-01 1.390426e+02 3.314922e-01 9.332181e-01 1.386253e-01 3.034143e+00 -9.395318e-01 3.131391e-01 1.386502e-01 -2.276942e+01
9.836865e-01 9.955372e-02 1.498328e-01 1.398210e+02 -8.877183e-02 9.930697e-01 -7.702004e-02 3.040259e+00 -1.564620e-01 6.246264e-02 9.857069e-01 -2.232548e+01
-8.938152e-03 -2.253289e-01 9.742418e-01 1.405037e+02 1.741223e-01 9.590457e-01 2.234117e-01 3.046326e+00 -9.846835e-01 1.716341e-01 3.066268e-02 -2.184937e+01
9.537837e-01 -1.373341e-01 2.672752e-01 1.410660e+02 1.685371e-01 9.808681e-01 -9.743216e-02 3.050819e+00 -2.487810e-01 1.379750e-01 9.586819e-01 -2.125246e+01
1.326194e-01 -4.553066e-03 9.911566e-01 1.418694e+02 1.691669e-01 9.854211e-01 -1.810827e-02 3.062431e+00 -9.766241e-01 1.700724e-01 1.314562e-01 -2.101139e+01
9.649200e-01 -1.237588e-01 2.315450e-01 1.425225e+02 9.991732e-02 9.886668e-01 1.120472e-01 3.069388e+00 -2.427877e-01 -8.498123e-02 9.663500e-01 -2.061312e+01
8.328649e-02 -8.256028e-02 9.930998e-01 1.428736e+02 3.773683e-01 9.249572e-01 4.524727e-02 3.072246e+00 -9.223104e-01 3.709958e-01 1.081921e-01 -1.997620e+01
9.708944e-01 8.006773e-02 2.257282e-01 1.432320e+02 -8.696769e-02 9.959945e-01 2.077463e-02 3.077222e+00 -2.231606e-01 -3.980103e-02 9.739688e-01 -1.934828e+01
4.273413e-02 -2.487421e-01 9.676266e-01 1.438408e+02 2.860424e-01 9.310144e-01 2.266977e-01 3.083926e+00 -9.572636e-01 2.670945e-01 1.109369e-01 -1.880138e+01
9.890091e-01 1.780262e-02 1.467787e-01 1.444006e+02 2.168809e-03 9.908711e-01 -1.347953e-01 3.089827e+00 -1.478385e-01 1.336321e-01 9.799420e-01 -1.818197e+01
1.503729e-01 -1.537155e-01 9.766061e-01 1.451161e+02 1.070590e-01 9.845612e-01 1.384832e-01 3.098467e+00 -9.828155e-01 8.373041e-02 1.645079e-01 -1.772021e+01
9.638823e-01 -1.989100e-01 1.771039e-01 1.455371e+02 2.057595e-01 9.783773e-01 -2.099855e-02 3.107726e+00 -1.690976e-01 5.668095e-02 9.839681e-01 -1.722033e+01
1.946830e-01 3.814405e-02 9.801243e-01 1.463376e+02 2.209415e-01 9.718583e-01 -8.170818e-02 3.122183e+00 -9.556586e-01 2.324573e-01 1.807767e-01 -1.700651e+01
9.906188e-01 -4.225921e-02 1.299557e-01 1.472364e+02 2.157429e-02 9.874207e-01 1.566359e-01 3.136535e+00 -1.349402e-01 -1.523628e-01 9.790693e-01 -1.680799e+01
1.153799e-01 -1.408660e-01 9.832824e-01 1.476799e+02 4.079778e-01 9.092668e-01 8.238966e-02 3.143887e+00 -9.056719e-01 3.916512e-01 1.623813e-01 -1.624764e+01
9.829667e-01 1.750174e-01 -5.608285e-02 1.487300e+02 -1.742249e-01 9.845272e-01 1.876062e-02 3.162756e+00 5.849853e-02 -8.670034e-03 9.982498e-01 -1.626691e+01
1.855003e-01 -2.799952e-01 9.419089e-01 1.500291e+02 2.913953e-01 9.311038e-01 2.193957e-01 3.187927e+00 -9.384447e-01 2.337698e-01 2.543093e-01 -1.646996e+01
9.956482e-01 7.266969e-02 -5.834123e-02 1.510489e+02 -8.005591e-02 9.874289e-01 -1.362908e-01 3.206282e+00 4.770360e-02 1.403683e-01 9.889495e-01 -1.638421e+01
-6.867229e-02 -1.818829e-01 9.809193e-01 1.517084e+02 1.214487e-01 9.744035e-01 1.891771e-01 3.216778e+00 -9.902193e-01 1.321226e-01 -4.482509e-02 -1.602116e+01
9.688910e-01 -1.379165e-01 -2.054976e-01 1.525016e+02 1.242495e-01 9.891764e-01 -7.805233e-02 3.233500e+00 2.140381e-01 5.009123e-02 9.755401e-01 -1.599523e+01
-1.234422e-01 7.187735e-02 9.897453e-01 1.532060e+02 2.414464e-01 9.695770e-01 -4.029922e-02 3.249378e+00 -9.625309e-01 2.339958e-01 -1.370412e-01 -1.599375e+01
9.895056e-01 -1.698759e-02 -1.434926e-01 1.539458e+02 4.346372e-02 9.820665e-01 1.834565e-01 3.261838e+00 1.378028e-01 -1.877680e-01 9.724986e-01 -1.585221e+01
1.396236e-01 -5.729039e-02 9.885459e-01 1.547405e+02 3.959694e-01 9.182597e-01 -2.710251e-03 3.274513e+00 -9.075866e-01 3.918123e-01 1.508960e-01 -1.572014e+01
9.815988e-01 1.905807e-01 -1.195019e-02 1.558318e+02 -1.886488e-01 9.775399e-01 9.395391e-02 3.289807e+00 2.958759e-02 -8.997065e-02 9.955048e-01 -1.563578e+01
3.705887e-01 -3.024003e-01 8.781902e-01 1.570456e+02 3.856024e-01 9.102705e-01 1.507261e-01 3.314551e+00 -8.449703e-01 2.827749e-01 4.539423e-01 -1.597922e+01
9.764528e-01 1.293846e-01 1.726255e-01 1.582185e+02 -1.006614e-01 9.809954e-01 -1.658772e-01 3.337113e+00 -1.908068e-01 1.445946e-01 9.709198e-01 -1.619229e+01
1.419738e-01 -2.497025e-01 9.578581e-01 1.591029e+02 1.135775e-01 9.653785e-01 2.348285e-01 3.350357e+00 -9.833329e-01 7.545161e-02 1.654190e-01 -1.603593e+01
9.415340e-01 -1.806424e-01 2.843978e-01 1.598406e+02 2.233930e-01 9.666012e-01 -1.256092e-01 3.357876e+00 -2.522089e-01 1.817978e-01 9.504421e-01 -1.567453e+01
1.805368e-01 4.596122e-02 9.824938e-01 1.604716e+02 1.184037e-01 9.906276e-01 -6.809884e-02 3.365943e+00 -9.764154e-01 1.286253e-01 1.734028e-01 -1.535180e+01
9.728355e-01 -1.559081e-01 1.711249e-01 1.613365e+02 1.298544e-01 9.794751e-01 1.541632e-01 3.378700e+00 -1.916479e-01 -1.277541e-01 9.731135e-01 -1.516255e+01
1.207429e-01 -2.364559e-02 9.924022e-01 1.621558e+02 3.783548e-01 9.253498e-01 -2.398546e-02 3.387622e+00 -9.177520e-01 3.783762e-01 1.206759e-01 -1.477358e+01
9.479218e-01 1.013247e-01 3.019561e-01 1.629384e+02 -1.223047e-01 9.911632e-01 5.135180e-02 3.395381e+00 -2.940846e-01 -8.560814e-02 9.519378e-01 -1.433019e+01
1.393974e-01 -2.823364e-01 9.491336e-01 1.640990e+02 2.826651e-01 9.299571e-01 2.351176e-01 3.406242e+00 -9.490357e-01 2.355122e-01 2.094403e-01 -1.389416e+01
9.879275e-01 1.263315e-01 -8.966338e-02 1.653647e+02 -1.385117e-01 9.795357e-01 -1.460281e-01 3.420671e+00 6.938053e-02 1.566846e-01 9.852087e-01 -1.369868e+01
1.344565e-01 -2.510294e-01 9.585957e-01 1.662429e+02 4.510388e-02 9.679278e-01 2.471467e-01 3.427766e+00 -9.898925e-01 1.000591e-02 1.414666e-01 -1.323886e+01
9.863889e-01 -1.375731e-01 -9.005835e-02 1.673381e+02 1.232442e-01 9.811387e-01 -1.489216e-01 3.441676e+00 1.088473e-01 1.357954e-01 9.847395e-01 -1.291057e+01
2.420989e-01 1.051206e-02 9.701946e-01 1.685328e+02 1.339669e-02 9.998098e-01 -1.417590e-02 3.459591e+00 -9.701591e-01 1.642937e-02 2.419120e-01 -1.277397e+01
9.657023e-01 -1.523797e-01 -2.102367e-01 1.698912e+02 1.707215e-01 9.826897e-01 7.193890e-02 3.482525e+00 1.956354e-01 -1.053635e-01 9.750002e-01 -1.285095e+01
5.980889e-01 8.359688e-02 7.970578e-01 1.714689e+02 1.030592e-01 9.782649e-01 -1.799348e-01 3.515151e+00 -7.947757e-01 1.897611e-01 5.764740e-01 -1.333050e+01
9.557772e-01 -2.016644e-02 -2.933993e-01 1.730205e+02 7.671989e-02 9.801988e-01 1.825499e-01 3.549137e+00 2.839083e-01 -1.969866e-01 9.383988e-01 -1.390480e+01
4.456191e-01 4.568150e-03 8.952110e-01 1.743816e+02 2.913288e-01 9.448152e-01 -1.498392e-01 3.576760e+00 -8.464934e-01 3.275719e-01 4.196969e-01 -1.432192e+01
9.705548e-01 1.643787e-01 1.760771e-01 1.753913e+02 -2.042566e-01 9.490758e-01 2.398634e-01 3.587590e+00 -1.276820e-01 -2.687655e-01 9.547054e-01 -1.338938e+01
4.393606e-01 -3.651359e-01 8.207545e-01 1.761478e+02 4.003640e-01 8.974964e-01 1.849565e-01 3.597123e+00 -8.041585e-01 2.473380e-01 5.405119e-01 -1.213249e+01
9.060130e-01 1.867536e-01 3.798204e-01 1.767063e+02 -1.064413e-01 9.690849e-01 -2.225865e-01 3.600189e+00 -4.096470e-01 1.612377e-01 8.978818e-01 -1.138313e+01
2.685994e-01 -3.373671e-01 9.022404e-01 1.769498e+02 5.311815e-02 9.404233e-01 3.358311e-01 3.602833e+00 -9.617863e-01 -4.227868e-02 2.705174e-01 -1.031602e+01
9.645811e-01 -1.816369e-01 1.912887e-01 1.779292e+02 2.253068e-01 9.444330e-01 -2.393389e-01 3.615748e+00 -1.371866e-01 2.739604e-01 9.519063e-01 -9.939752e+00
3.864398e-01 8.070865e-02 9.187766e-01 1.790774e+02 -1.124834e-01 9.928520e-01 -3.990489e-02 3.632193e+00 -9.154298e-01 -8.792628e-02 3.927559e-01 -9.785176e+00
8.795287e-01 -3.758657e-01 2.918120e-01 1.798262e+02 3.369108e-01 9.249553e-01 1.759226e-01 3.642908e+00 -3.360363e-01 -5.641437e-02 9.401580e-01 -9.470612e+00
4.693026e-01 1.137566e-01 8.756794e-01 1.802529e+02 2.877969e-01 9.178167e-01 -2.734694e-01 3.650478e+00 -8.348221e-01 3.803578e-01 3.979949e-01 -9.085311e+00
9.493579e-01 2.977917e-02 3.127824e-01 1.809174e+02 -1.184143e-01 9.560038e-01 2.683928e-01 3.660038e+00 -2.910287e-01 -2.918387e-01 9.111161e-01 -8.823154e+00
5.017407e-01 -3.038930e-01 8.098798e-01 1.818056e+02 5.179980e-01 8.553818e-01 5.413974e-05 3.675391e+00 -6.927729e-01 4.194889e-01 5.865959e-01 -8.870515e+00
9.304564e-01 3.140561e-01 1.887315e-01 1.830486e+02 -3.056068e-01 9.493482e-01 -7.309254e-02 3.698166e+00 -2.021270e-01 1.033182e-02 9.793048e-01 -9.129448e+00
4.988912e-01 -4.463719e-01 7.428726e-01 1.843603e+02 3.187478e-01 8.915878e-01 3.216692e-01 3.721742e+00 -8.059202e-01 7.631105e-02 5.870853e-01 -9.367406e+00
9.740155e-01 9.210533e-02 2.069069e-01 1.855912e+02 -1.495730e-02 9.377366e-01 -3.470251e-01 3.743948e+00 -2.259871e-01 3.349130e-01 9.147476e-01 -9.528316e+00
6.275576e-01 -1.569847e-01 7.625794e-01 1.869986e+02 -7.678311e-02 9.622075e-01 2.612682e-01 3.768315e+00 -7.747747e-01 -2.225140e-01 5.917868e-01 -9.787596e+00
8.730419e-01 -3.104678e-01 3.760420e-01 1.882431e+02 3.914385e-01 9.060589e-01 -1.607269e-01 3.790088e+00 -2.908157e-01 2.875186e-01 9.125564e-01 -9.970234e+00
7.315257e-01 2.277000e-01 6.426685e-01 1.897190e+02 -1.940224e-01 9.731366e-01 -1.239377e-01 3.819899e+00 -6.536249e-01 -3.402850e-02 7.560533e-01 -1.041795e+01
7.446059e-01 -4.305208e-01 5.101117e-01 1.908780e+02 3.400828e-01 9.022643e-01 2.650712e-01 3.842793e+00 -5.743742e-01 -2.389340e-02 8.182441e-01 -1.064294e+01
7.700600e-01 9.442699e-02 6.309447e-01 1.919394e+02 1.848646e-01 9.135275e-01 -3.623432e-01 3.863040e+00 -6.106003e-01 3.956653e-01 6.860147e-01 -1.079189e+01
9.173902e-01 -3.174170e-02 3.967212e-01 1.934315e+02 -9.056458e-02 9.540137e-01 2.857550e-01 3.894511e+00 -3.875478e-01 -2.980777e-01 8.723281e-01 -1.128127e+01
9.047250e-01 -2.374966e-01 3.536496e-01 1.951190e+02 3.385372e-01 9.047588e-01 -2.584646e-01 3.933795e+00 -2.585831e-01 3.535630e-01 8.989594e-01 -1.197135e+01
8.054151e-01 1.835944e-01 5.635597e-01 1.965618e+02 -2.422087e-01 9.697531e-01 3.023166e-02 3.963826e+00 -5.409634e-01 -1.608481e-01 8.255219e-01 -1.241529e+01
8.814272e-01 -4.127797e-01 2.295627e-01 1.978777e+02 4.174622e-01 9.081940e-01 3.015082e-02 3.992453e+00 -2.209331e-01 6.925797e-02 9.728268e-01 -1.282478e+01
6.815752e-01 2.664008e-01 6.815320e-01 1.994160e+02 -6.184048e-02 9.490133e-01 -3.091109e-01 4.022934e+00 -7.291303e-01 1.685361e-01 6.632982e-01 -1.322693e+01
8.460989e-01 -2.846020e-01 4.506865e-01 2.009677e+02 1.246303e-01 9.277170e-01 3.518643e-01 4.050734e+00 -5.182508e-01 -2.415428e-01 8.204104e-01 -1.352275e+01
7.123433e-01 -8.397406e-02 6.967894e-01 2.025555e+02 3.800997e-01 8.807684e-01 -2.824379e-01 4.079548e+00 -5.899926e-01 4.660422e-01 6.593280e-01 -1.383179e+01
7.407842e-01 1.454503e-01 6.558071e-01 2.038192e+02 -2.389068e-01 9.694926e-01 5.484140e-02 4.101660e+00 -6.278235e-01 -1.973024e-01 7.529339e-01 -1.389617e+01
5.839736e-01 -4.772028e-01 6.566980e-01 2.048676e+02 4.561005e-01 8.620862e-01 2.208615e-01 4.120604e+00 -6.715260e-01 1.705430e-01 7.210880e-01 -1.386708e+01
9.309980e-01 2.499419e-01 2.660298e-01 2.063703e+02 -1.565828e-01 9.317967e-01 -3.274701e-01 4.150487e+00 -3.297342e-01 2.632183e-01 9.066374e-01 -1.419420e+01
6.317443e-01 -3.198598e-01 7.061083e-01 2.078902e+02 4.928591e-02 9.256304e-01 3.752057e-01 4.178948e+00 -7.736085e-01 -2.022329e-01 6.005263e-01 -1.442609e+01
8.753456e-01 -1.936299e-01 4.430321e-01 2.090661e+02 3.431196e-01 8.943535e-01 -2.870553e-01 4.199582e+00 -3.406449e-01 4.032856e-01 8.493067e-01 -1.443235e+01
6.228001e-01 1.505962e-01 7.677505e-01 2.102275e+02 -2.180011e-01 9.758397e-01 -1.457073e-02 4.220295e+00 -7.513958e-01 -1.582958e-01 6.405832e-01 -1.450172e+01
9.205493e-01 -3.452844e-01 -1.826684e-01 2.117064e+02 3.457632e-01 9.378338e-01 -3.025856e-02 4.250542e+00 1.817604e-01 -3.530554e-02 9.827088e-01 -1.494305e+01
3.521404e-01 2.527277e-01 9.011803e-01 2.129953e+02 3.771851e-02 9.582396e-01 -2.834681e-01 4.273706e+00 -9.351869e-01 1.338118e-01 3.279024e-01 -1.509986e+01
9.726788e-01 -1.842925e-01 -1.411812e-01 2.144013e+02 2.200516e-01 9.256849e-01 3.077090e-01 4.304367e+00 7.398086e-02 -3.303692e-01 9.409479e-01 -1.549354e+01
8.156382e-01 1.217917e-01 5.655980e-01 2.159140e+02 1.417787e-01 9.057099e-01 -3.994853e-01 4.340487e+00 -5.609217e-01 4.060252e-01 7.214641e-01 -1.610604e+01
9.307410e-01 4.009871e-02 -3.634740e-01 2.178337e+02 1.169087e-01 9.091748e-01 3.996667e-01 4.392379e+00 3.464875e-01 -4.144795e-01 8.415184e-01 -1.698788e+01
7.128910e-01 6.730497e-02 6.980376e-01 2.199576e+02 3.141126e-01 8.593017e-01 -4.036507e-01 4.448933e+00 -6.269926e-01 5.070213e-01 5.914471e-01 -1.796360e+01
9.142512e-01 1.816587e-01 -3.621392e-01 2.216969e+02 -3.323364e-03 8.971774e-01 4.416579e-01 4.499441e+00 4.051341e-01 -4.025828e-01 8.208492e-01 -1.892104e+01
6.194218e-01 -5.247157e-02 7.833029e-01 2.233049e+02 4.586791e-01 8.339398e-01 -3.068516e-01 4.542051e+00 -6.371264e-01 5.493552e-01 5.406281e-01 -1.971636e+01
9.502748e-01 2.607001e-01 1.703328e-01 2.248922e+02 -2.990766e-01 9.164361e-01 2.658910e-01 4.577503e+00 -8.678131e-02 -3.036120e-01 9.488355e-01 -2.025763e+01
6.526420e-01 -4.240662e-01 6.278744e-01 2.263027e+02 5.647902e-01 8.246863e-01 -3.007651e-02 4.610792e+00 -5.050449e-01 3.742465e-01 7.777334e-01 -2.075813e+01
9.302779e-01 3.396271e-01 1.386959e-01 2.271760e+02 -3.303760e-01 9.399480e-01 -8.572916e-02 4.642966e+00 -1.594829e-01 3.393013e-02 9.866174e-01 -2.126622e+01
6.222374e-01 -5.074494e-01 5.960837e-01 2.278949e+02 4.461479e-01 8.555599e-01 2.626200e-01 4.673351e+00 -6.432516e-01 1.025295e-01 7.587589e-01 -2.168681e+01
9.004290e-01 3.262822e-01 -2.876933e-01 2.293111e+02 -3.846189e-01 9.061152e-01 -1.761348e-01 4.708330e+00 2.032137e-01 2.692492e-01 9.413868e-01 -2.232548e+01
1.517298e-01 -4.528551e-01 8.785786e-01 2.305962e+02 1.374197e-01 8.899023e-01 4.349595e-01 4.737207e+00 -9.788227e-01 5.473772e-02 1.972559e-01 -2.273553e+01
8.412622e-01 -3.516731e-02 -5.394823e-01 2.321141e+02 -1.618168e-01 9.357547e-01 -3.133344e-01 4.773220e+00 5.158422e-01 3.508937e-01 7.815244e-01 -2.335691e+01
-3.473873e-02 -1.650687e-01 9.856701e-01 2.336511e+02 -1.007403e-01 9.818203e-01 1.608735e-01 4.807868e+00 -9.943061e-01 -9.370816e-02 -5.073625e-02 -2.391829e+01
8.238603e-01 -3.139825e-01 -4.718783e-01 2.350508e+02 2.621767e-01 9.492280e-01 -1.738667e-01 4.840537e+00 5.025112e-01 1.952634e-02 8.643502e-01 -2.446122e+01
-1.214181e-01 2.702229e-01 9.551111e-01 2.365556e+02 1.294810e-01 9.583202e-01 -2.546706e-01 4.874003e+00 -9.841201e-01 9.274713e-02 -1.513462e-01 -2.499065e+01
8.744214e-01 -8.795873e-02 -4.771274e-01 2.381702e+02 2.600017e-01 9.152456e-01 3.077737e-01 4.910534e+00 4.096174e-01 -3.931778e-01 8.231797e-01 -2.560329e+01
-8.348323e-02 2.483838e-01 9.650575e-01 2.395394e+02 5.983129e-01 7.869471e-01 -1.507846e-01 4.941940e+00 -7.969017e-01 5.648183e-01 -2.143081e-01 -2.607492e+01
8.672778e-01 3.820888e-01 -3.191197e-01 2.408816e+02 -2.162204e-01 8.665211e-01 4.498777e-01 4.974437e+00 4.484172e-01 -3.211688e-01 8.341299e-01 -2.656316e+01
-1.141462e-01 -2.087562e-01 9.712834e-01 2.424314e+02 6.597596e-01 7.150226e-01 2.312142e-01 5.011002e+00 -7.427570e-01 6.672058e-01 5.611175e-02 -2.719980e+01
8.714766e-01 4.123899e-01 -2.654489e-01 2.434281e+02 -4.277066e-01 9.039176e-01 1.138088e-04 5.041824e+00 2.399909e-01 1.134351e-01 9.641249e-01 -2.770734e+01
-3.578195e-01 -4.273021e-01 8.302880e-01 2.443313e+02 1.751226e-01 8.426749e-01 5.091475e-01 5.063173e+00 -9.172226e-01 3.275851e-01 -2.266953e-01 -2.783176e+01
8.545203e-01 -4.968169e-02 -5.170365e-01 2.454219e+02 -1.256555e-01 9.460758e-01 -2.985821e-01 5.089327e+00 5.039898e-01 3.201130e-01 8.021982e-01 -2.814911e+01
-3.799110e-01 -8.028321e-02 9.215325e-01 2.465582e+02 -2.624679e-02 9.967610e-01 7.601656e-02 5.115757e+00 -9.246506e-01 4.692262e-03 -3.807877e-01 -2.848293e+01
8.230173e-01 -2.865628e-01 -4.904327e-01 2.475491e+02 3.272064e-01 9.449480e-01 -3.039148e-03 5.146409e+00 4.643044e-01 -1.579714e-01 8.714737e-01 -2.897293e+01
-3.082676e-01 3.874577e-01 8.688196e-01 2.477509e+02 5.121181e-01 8.372548e-01 -1.916755e-01 5.175847e+00 -8.016895e-01 3.858510e-01 -4.565227e-01 -2.925061e+01
9.415048e-01 1.901421e-01 -2.782348e-01 2.478186e+02 -3.139444e-02 8.715209e-01 4.893523e-01 5.204823e+00 3.355340e-01 -4.519925e-01 8.265106e-01 -2.949356e+01
-8.206873e-02 -4.789983e-02 9.954749e-01 2.489902e+02 7.350674e-01 6.715970e-01 9.291588e-02 5.237386e+00 -6.730086e-01 7.393667e-01 -1.990751e-02 -3.005978e+01
8.178925e-01 5.292031e-01 -2.258228e-01 2.497946e+02 -4.911042e-01 8.465821e-01 2.052206e-01 5.259756e+00 2.997809e-01 -5.694584e-02 9.523070e-01 -3.027238e+01
-4.076362e-01 -4.680405e-01 7.840732e-01 2.500347e+02 3.678133e-01 7.017546e-01 6.101261e-01 5.279523e+00 -8.357907e-01 5.371020e-01 -1.139091e-01 -3.017931e+01
9.435054e-01 7.836445e-02 -3.219574e-01 2.502871e+02 -2.076054e-01 8.970881e-01 -3.900422e-01 5.301317e+00 2.582587e-01 4.348470e-01 8.626764e-01 -3.016443e+01
-2.283785e-01 -2.246564e-01 9.472976e-01 2.510905e+02 -9.153723e-02 9.736565e-01 2.088394e-01 5.328920e+00 -9.692596e-01 -3.901857e-02 -2.429267e-01 -3.047247e+01
6.483375e-01 -2.412043e-01 -7.221350e-01 2.524276e+02 1.328213e-01 9.697771e-01 -2.046727e-01 5.359275e+00 7.496779e-01 3.678205e-02 6.607799e-01 -3.097844e+01
-3.128726e-01 1.934405e-01 9.298879e-01 2.537742e+02 7.881239e-02 9.809517e-01 -1.775456e-01 5.387828e+00 -9.465196e-01 1.773753e-02 -3.221584e-01 -3.141541e+01
8.170722e-01 -1.496411e-01 -5.567769e-01 2.545950e+02 3.310620e-01 9.124168e-01 2.406107e-01 5.411698e+00 4.720073e-01 -3.809240e-01 7.950509e-01 -3.171351e+01
-8.078633e-02 3.261681e-01 9.418535e-01 2.557795e+02 5.410214e-01 8.079731e-01 -2.333992e-01 5.436866e+00 -8.371197e-01 4.907075e-01 -2.417371e-01 -3.208380e+01
9.677190e-01 2.447048e-01 -6.032852e-02 2.563712e+02 -1.950622e-01 8.787782e-01 4.355453e-01 5.456304e+00 1.595954e-01 -4.097176e-01 8.981430e-01 -3.212496e+01
-2.628495e-01 -2.320153e-01 9.365250e-01 2.567558e+02 6.811629e-01 6.428184e-01 3.504306e-01 5.477975e+00 -6.833207e-01 7.300366e-01 -1.092432e-02 -3.216876e+01
8.847464e-01 4.306361e-01 -1.782591e-01 2.572077e+02 -4.573944e-01 8.757194e-01 -1.546155e-01 5.497379e+00 8.952193e-02 2.183302e-01 9.717601e-01 -3.218766e+01
