9.999862e-01 -1.012838e-04 -5.253538e-03 -7.567103e-02 1.039200e-04 9.999999e-01 5.015237e-04 -9.139321e-03 5.253486e-03 -5.020634e-04 9.999861e-01 5.540747e-01
1.000000e+00 9.608732e-05 1.198564e-04 -1.180836e-01 -9.607733e-05 1.000000e+00 -8.314270e-05 -2.093612e-02 -1.198641e-04 8.313189e-05 1.000000e+00 1.232260e+00
9.999865e-01 -4.448974e-05 -5.188460e-03 -1.261586e-01 4.740030e-05 9.999998e-01 5.608510e-04 -3.523004e-02 5.188434e-03 -5.610901e-04 9.999864e-01 2.016954e+00
9.999999e-01 1.143944e-04 3.543211e-04 -1.342426e-01 -1.143522e-04 1.000000e+00 -1.187973e-04 -5.116090e-02 -3.543344e-04 1.187575e-04 9.999999e-01 2.873247e+00
9.999851e-01 -2.840007e-04 -5.456265e-03 -1.663572e-01 2.867496e-04 9.999998e-01 5.030371e-04 -6.319090e-02 5.456121e-03 -5.045948e-04 9.999850e-01 3.350200e+00
1.000000e+00 1.916672e-04 1.024362e-04 -2.204859e-01 -1.916542e-04 1.000000e+00 -1.265061e-04 -7.472435e-02 -1.024601e-04 1.264872e-04 1.000000e+00 3.821977e+00
9.999826e-01 -9.563592e-05 -5.900894e-03 -2.181509e-01 9.959537e-05 9.999998e-01 6.707073e-04 -8.661620e-02 5.900828e-03 -6.712840e-04 9.999824e-01 4.307543e+00
9.999999e-01 1.955676e-05 4.919872e-04 -2.579678e-01 -1.940527e-05 1.000000e+00 -3.078395e-04 -9.786302e-02 -4.919928e-04 3.078307e-04 9.999998e-01 4.790773e+00
9.999842e-01 -1.166839e-04 -5.614366e-03 -4.259647e-01 1.205576e-04 9.999998e-01 6.896380e-04 -1.012411e-01 5.614284e-03 -6.903047e-04 9.999840e-01 5.380955e+00
9.999999e-01 -2.918629e-05 3.161984e-04 -5.371759e-01 2.926412e-05 1.000000e+00 -2.460139e-04 -1.065741e-01 -3.161909e-04 2.460238e-04 9.999999e-01 5.799279e+00
9.999854e-01 -2.293633e-04 -5.397372e-03 -6.015424e-01 2.319546e-04 9.999999e-01 4.794747e-04 -1.130442e-01 5.397261e-03 -4.807204e-04 9.999853e-01 6.092231e+00
9.999999e-01 -8.565949e-05 3.812531e-04 -7.507075e-01 8.573827e-05 1.000000e+00 -2.064873e-04 -1.154049e-01 -3.812351e-04 2.065206e-04 9.999999e-01 6.395443e+00
9.999849e-01 -4.644771e-04 -5.484174e-03 -9.845231e-01 4.664514e-04 9.999998e-01 3.587241e-04 -1.087405e-01 5.484006e-03 -3.612775e-04 9.999849e-01 6.351022e+00
9.999998e-01 -2.942875e-04 6.284257e-04 -9.983569e-01 2.945825e-04 9.999998e-01 -4.693418e-04 -1.098527e-01 -6.282872e-04 4.695276e-04 9.999997e-01 6.117496e+00
9.999810e-01 3.743007e-05 -6.165349e-03 -1.219388e+00 -3.277951e-05 9.999997e-01 7.544133e-04 -1.109180e-01 6.165375e-03 -7.541976e-04 9.999807e-01 6.439940e+00
9.999997e-01 -3.164056e-04 7.519619e-04 -1.445872e+00 3.166101e-04 9.999999e-01 -2.718017e-04 -1.089458e-01 -7.518755e-04 2.720404e-04 9.999997e-01 6.793062e+00
9.999862e-01 -6.491874e-04 -5.222006e-03 -1.657082e+00 6.493924e-04 9.999998e-01 3.756267e-05 -1.003880e-01 5.221981e-03 -4.095399e-05 9.999864e-01 6.299952e+00
9.999999e-01 -1.683332e-04 4.666531e-04 -1.664489e+00 1.684809e-04 9.999999e-01 -3.163203e-04 -9.767029e-02 -4.665995e-04 3.163996e-04 9.999998e-01 5.916297e+00
9.999856e-01 -3.671924e-04 -5.357839e-03 -1.650485e+00 3.678174e-04 9.999999e-01 1.156768e-04 -1.010955e-01 5.357796e-03 -1.176465e-04 9.999856e-01 5.827003e+00
1.000000e+00 -6.403265e-05 7.311301e-05 -1.576302e+00 6.405059e-05 1.000000e+00 -2.445225e-04 -1.046432e-01 -7.309701e-05 2.445279e-04 1.000000e+00 5.720612e+00
9.999877e-01 -5.735514e-04 -4.921386e-03 -1.532066e+00 5.735303e-04 9.999998e-01 -5.676709e-06 -1.056518e-01 4.921389e-03 2.853365e-06 9.999879e-01 5.502038e+00
1.000000e+00 -1.946379e-04 2.345809e-04 -1.568054e+00 1.947221e-04 9.999999e-01 -3.586635e-04 -1.031700e-01 -2.345107e-04 3.587098e-04 9.999999e-01 5.147413e+00
9.999874e-01 -6.082464e-04 -4.980127e-03 -1.713210e+00 6.092967e-04 9.999998e-01 2.093909e-04 -9.617241e-02 4.979998e-03 -2.124234e-04 9.999876e-01 4.832998e+00
9.999998e-01 1.821836e-04 -5.514441e-04 -1.576722e+00 -1.824702e-04 9.999998e-01 -5.198609e-04 -1.012588e-01 5.513496e-04 5.199622e-04 9.999997e-01 4.617616e+00
9.999880e-01 -6.755954e-04 -4.855171e-03 -1.540059e+00 6.776664e-04 9.999997e-01 4.249308e-04 -1.042910e-01 4.854882e-03 -4.282166e-04 9.999881e-01 4.488534e+00
9.999993e-01 7.933083e-04 -8.762724e-04 -1.525591e+00 -7.933451e-04 9.999997e-01 -4.180187e-05 -1.148517e-01 8.762393e-04 4.249773e-05 9.999996e-01 4.933677e+00
9.999835e-01 -6.131086e-04 -5.707592e-03 -1.272253e+00 6.128974e-04 9.999998e-01 -3.874186e-05 -1.297965e-01 5.707614e-03 3.524234e-05 9.999837e-01 5.160776e+00
9.999996e-01 -2.598670e-04 8.494597e-04 -1.150870e+00 2.604396e-04 9.999997e-01 -6.739427e-04 -1.284617e-01 -8.492840e-04 6.741644e-04 9.999994e-01 4.588347e+00
9.999850e-01 -2.210919e-04 -5.472293e-03 -1.412010e+00 2.258280e-04 9.999996e-01 8.648703e-04 -1.236981e-01 5.472100e-03 -8.660938e-04 9.999847e-01 4.965158e+00
9.999997e-01 -3.688282e-04 7.375651e-04 -1.898698e+00 3.693294e-04 9.999997e-01 -6.793302e-04 -1.048345e-01 -7.373140e-04 6.796031e-04 9.999995e-01 5.233782e+00
9.999809e-01 -2.408057e-04 -6.168299e-03 -2.432417e+00 2.459396e-04 9.999996e-01 8.315671e-04 -8.096961e-02 6.168097e-03 -8.330690e-04 9.999806e-01 5.196291e+00
9.999996e-01 -2.040005e-04 8.140032e-04 -2.640886e+00 2.046706e-04 9.999996e-01 -8.232113e-04 -6.940706e-02 -8.138346e-04 8.233783e-04 9.999993e-01 5.076478e+00
9.999820e-01 -7.975117e-04 -5.944159e-03 -2.526465e+00 7.986265e-04 9.999997e-01 1.851829e-04 -6.460339e-02 5.944009e-03 -1.899274e-04 9.999823e-01 4.266438e+00
9.999988e-01 -5.709564e-04 1.405557e-03 -2.426341e+00 5.725575e-04 9.999992e-01 -1.138920e-03 -5.673530e-02 -1.404906e-03 1.139725e-03 9.999984e-01 3.244291e+00
9.999792e-01 -5.899069e-04 -6.428900e-03 -2.305423e+00 5.926128e-04 9.999997e-01 4.190268e-04 -5.075367e-02 6.428651e-03 -4.228287e-04 9.999792e-01 2.346996e+00
9.999996e-01 -4.173263e-04 7.471211e-04 -2.196732e+00 4.180210e-04 9.999995e-01 -9.299137e-04 -4.648036e-02 -7.467323e-04 9.302264e-04 9.999993e-01 1.560532e+00
9.999772e-01 -3.273066e-04 -6.738103e-03 -2.171081e+00 3.319114e-04 9.999997e-01 6.822962e-04 -4.245319e-02 6.737878e-03 -6.845178e-04 9.999771e-01 9.929638e-01
9.999999e-01 -1.107851e-04 4.075738e-04 -2.092209e+00 1.110112e-04 9.999998e-01 -5.545315e-04 -4.174708e-02 -4.075120e-04 5.545774e-04 9.999998e-01 6.624179e-01
9.999754e-01 -1.853117e-04 -7.007525e-03 -2.018903e+00 1.898909e-04 9.999998e-01 6.528193e-04 -4.245969e-02 7.007403e-03 -6.541346e-04 9.999752e-01 3.294713e-01
9.999998e-01 -9.668506e-06 -5.665611e-04 -1.870089e+00 9.415493e-06 9.999999e-01 -4.467498e-04 -4.391391e-02 5.665657e-04 4.467451e-04 9.999997e-01 4.848383e-03
9.999802e-01 -3.230357e-04 -6.286236e-03 -1.786378e+00 3.267176e-04 9.999998e-01 5.847147e-04 -4.456887e-02 6.286045e-03 -5.867576e-04 9.999801e-01 -3.626617e-01
1.000000e+00 -3.794723e-05 5.235456e-05 -1.815993e+00 3.798037e-05 9.999998e-01 -6.312784e-04 -4.178144e-02 -5.233026e-05 6.312811e-04 9.999998e-01 -7.018538e-01
9.999778e-01 -4.538248e-04 -6.652728e-03 -1.899363e+00 4.583981e-04 9.999997e-01 6.859407e-04 -3.582811e-02 6.652414e-03 -6.889757e-04 9.999776e-01 -1.123536e+00
9.999994e-01 -4.015630e-04 1.001522e-03 -2.040596e+00 4.024451e-04 9.999995e-01 -8.806081e-04 -2.885950e-02 -1.001168e-03 8.810114e-04 9.999991e-01 -1.711808e+00
9.999792e-01 -5.058413e-04 -6.432693e-03 -2.391174e+00 5.097720e-04 9.999997e-01 6.094391e-04 -1.526963e-02 6.432382e-03 -6.127063e-04 9.999791e-01 -2.306265e+00
9.999998e-01 -3.385118e-04 5.367879e-04 -2.693974e+00 3.388739e-04 9.999997e-01 -6.743909e-04 -2.858737e-03 -5.365591e-04 6.745733e-04 9.999996e-01 -2.803109e+00
9.999780e-01 -2.953097e-04 -6.623020e-03 -2.902203e+00 3.001126e-04 9.999997e-01 7.242120e-04 5.463653e-03 6.622804e-03 -7.261844e-04 9.999778e-01 -3.201944e+00
9.999992e-01 -5.195481e-04 1.152449e-03 -2.966072e+00 5.207564e-04 9.999993e-01 -1.048309e-03 1.167447e-02 -1.151903e-03 1.048909e-03 9.999988e-01 -3.799156e+00
9.999748e-01 -1.361387e-04 -7.103109e-03 -3.099744e+00 1.436381e-04 9.999994e-01 1.055295e-03 1.800676e-02 7.102961e-03 -1.056290e-03 9.999742e-01 -4.189634e+00
9.999994e-01 -3.549038e-04 1.045783e-03 -3.229737e+00 3.559678e-04 9.999994e-01 -1.017323e-03 2.369890e-02 -1.045421e-03 1.017695e-03 9.999989e-01 -4.538510e+00
9.999741e-01 -3.290116e-04 -7.188599e-03 -3.327522e+00 3.363850e-04 9.999994e-01 1.024543e-03 3.040648e-02 7.188257e-03 -1.026935e-03 9.999736e-01 -4.986166e+00
9.999985e-01 -3.993643e-04 1.656355e-03 -3.445369e+00 4.013596e-04 9.999992e-01 -1.204424e-03 3.600934e-02 -1.655873e-03 1.205087e-03 9.999979e-01 -5.548455e+00
9.999827e-01 -1.041719e-03 -5.785946e-03 -3.581849e+00 1.044416e-03 9.999993e-01 4.631244e-04 4.349885e-02 5.785460e-03 -4.691601e-04 9.999832e-01 -6.501733e+00
9.999988e-01 -3.989652e-04 1.520018e-03 -3.499366e+00 4.009791e-04 9.999990e-01 -1.324764e-03 5.187665e-02 -1.519488e-03 1.325372e-03 9.999980e-01 -7.536588e+00
9.999783e-01 -4.801535e-04 -6.569036e-03 -3.334305e+00 4.840223e-04 9.999997e-01 5.873857e-04 5.499643e-02 6.568752e-03 -5.905532e-04 9.999783e-01 -8.260311e+00
9.999998e-01 -6.334350e-04 1.176296e-04 -3.079379e+00 6.335414e-04 9.999994e-01 -9.056738e-04 5.791873e-02 -1.170555e-04 9.057488e-04 9.999996e-01 -9.054530e+00
9.999891e-01 -6.701841e-04 -4.622417e-03 -3.288376e+00 6.718233e-04 9.999997e-01 3.531160e-04 6.714522e-02 4.622179e-03 -3.562183e-04 9.999893e-01 -9.921229e+00
9.999998e-01 -3.646435e-04 -5.006713e-04 -3.520193e+00 3.642317e-04 9.999996e-01 -8.225064e-04 7.626388e-02 5.009714e-04 8.223246e-04 9.999995e-01 -1.065851e+01
9.999927e-01 -1.040955e-03 -3.665026e-03 -3.669503e+00 1.042012e-03 9.999994e-01 2.864827e-04 8.234661e-02 3.664725e-03 -2.903003e-04 9.999932e-01 -1.156161e+01
9.999991e-01 -9.377884e-04 9.229915e-04 -3.782320e+00 9.392686e-04 9.999983e-01 -1.604379e-03 9.419877e-02 -9.214850e-04 1.605245e-03 9.999983e-01 -1.287612e+01
9.999793e-01 -4.889210e-04 -6.411717e-03 -3.588781e+00 4.956251e-04 9.999993e-01 1.044070e-03 1.012505e-01 6.411202e-03 -1.047227e-03 9.999789e-01 -1.386748e+01
1.000000e+00 1.893620e-04 1.177248e-04 -3.723718e+00 -1.892869e-04 9.999998e-01 -6.366922e-04 9.875680e-02 -1.178450e-04 6.366706e-04 9.999998e-01 -1.400509e+01
9.999733e-01 3.575788e-04 -7.300372e-03 -3.561813e+00 -3.522077e-04 9.999997e-01 7.370248e-04 7.965690e-02 7.300633e-03 -7.344346e-04 9.999731e-01 -1.365423e+01
9.999971e-01 -1.615549e-03 1.787713e-03 -3.365929e+00 1.617848e-03 9.999979e-01 -1.285089e-03 8.515557e-02 -1.785632e-03 1.287978e-03 9.999976e-01 -1.457172e+01
9.999828e-01 1.485353e-05 -5.869102e-03 -3.499999e+00 -1.316920e-05 1.000000e+00 2.870466e-04 9.562124e-02 5.869106e-03 -2.869651e-04 9.999827e-01 -1.568018e+01
9.999968e-01 -1.603314e-03 1.939646e-03 -3.745087e+00 1.605442e-03 9.999981e-01 -1.095955e-03 1.061310e-01 -1.937884e-03 1.099067e-03 9.999975e-01 -1.665801e+01
9.999845e-01 -2.580574e-05 -5.574510e-03 -3.769048e+00 2.607579e-05 1.000000e+00 4.839698e-05 1.144020e-01 5.574508e-03 -4.854227e-05 9.999845e-01 -1.774117e+01
9.999974e-01 -1.522830e-03 1.703715e-03 -3.801469e+00 1.524503e-03 9.999984e-01 -9.813546e-04 1.217306e-01 -1.702218e-03 9.839501e-04 9.999981e-01 -1.877754e+01
9.999794e-01 2.365888e-04 -6.407089e-03 -3.780569e+00 -2.350357e-04 9.999999e-01 2.431720e-04 1.283813e-01 6.407146e-03 -2.416618e-04 9.999794e-01 -1.969535e+01
9.999956e-01 -1.747895e-03 2.417440e-03 -3.857282e+00 1.750453e-03 9.999979e-01 -1.056306e-03 1.365965e-01 -2.415589e-03 1.060534e-03 9.999965e-01 -2.071573e+01
9.999787e-01 2.779376e-04 -6.523598e-03 -4.155284e+00 -2.775907e-04 1.000000e+00 5.410481e-05 1.514810e-01 6.523613e-03 -5.229346e-05 9.999787e-01 -2.175978e+01
9.999951e-01 -1.770087e-03 2.579418e-03 -4.232968e+00 1.772605e-03 9.999980e-01 -9.740552e-04 1.609008e-01 -2.577688e-03 9.786234e-04 9.999962e-01 -2.278071e+01
9.999794e-01 1.336947e-04 -6.415007e-03 -4.481605e+00 -1.336756e-04 1.000000e+00 3.421860e-06 1.740568e-01 6.415007e-03 -2.564945e-06 9.999794e-01 -2.393153e+01
9.999948e-01 -1.767542e-03 2.680909e-03 -4.756004e+00 1.770358e-03 9.999979e-01 -1.048381e-03 1.879119e-01 -2.679050e-03 1.053122e-03 9.999959e-01 -2.509870e+01
9.999681e-01 8.852792e-04 -7.937546e-03 -4.763474e+00 -8.781389e-04 9.999992e-01 9.030223e-04 1.881662e-01 7.938339e-03 -8.960239e-04 9.999681e-01 -2.554545e+01
9.999934e-01 -1.686199e-03 3.216351e-03 -4.921316e+00 1.689964e-03 9.999979e-01 -1.168215e-03 1.916479e-01 -3.214374e-03 1.173643e-03 9.999941e-01 -2.603673e+01
9.999726e-01 2.484192e-05 -7.405607e-03 -5.513642e+00 -2.340314e-05 1.000000e+00 1.943915e-04 2.153358e-01 7.405611e-03 -1.942135e-04 9.999726e-01 -2.713409e+01
9.999942e-01 -1.524063e-03 3.030262e-03 -6.153111e+00 1.527418e-03 9.999982e-01 -1.104992e-03 2.412185e-01 -3.028572e-03 1.109614e-03 9.999948e-01 -2.813881e+01
9.999811e-01 -4.344727e-04 -6.132532e-03 -6.504492e+00 4.333082e-04 9.999999e-01 -1.911774e-04 2.571095e-01 6.132614e-03 1.885158e-04 9.999812e-01 -2.946130e+01
9.999913e-01 -1.656703e-03 3.817719e-03 -6.779001e+00 1.662124e-03 9.999976e-01 -1.417104e-03 2.729140e-01 -3.815362e-03 1.423438e-03 9.999917e-01 -3.090453e+01
9.999764e-01 -2.235613e-04 -6.868464e-03 -7.082391e+00 2.242699e-04 1.000000e+00 1.024276e-04 2.883961e-01 6.868440e-03 -1.039663e-04 9.999764e-01 -3.222363e+01
9.999921e-01 -1.497836e-03 3.693924e-03 -7.314622e+00 1.502874e-03 9.999979e-01 -1.361375e-03 3.018577e-01 -3.691876e-03 1.366916e-03 9.999923e-01 -3.345430e+01
9.999680e-01 8.063131e-04 -7.955360e-03 -7.378660e+00 -8.003799e-04 9.999994e-01 7.489918e-04 3.146409e-01 7.955959e-03 -7.426013e-04 9.999681e-01 -3.356964e+01
9.999844e-01 -2.714416e-03 4.880759e-03 -7.692848e+00 2.724446e-03 9.999942e-01 -2.049531e-03 3.302122e-01 -4.875167e-03 2.062798e-03 9.999860e-01 -3.489637e+01
9.999513e-01 1.677923e-03 -9.729281e-03 -7.369399e+00 -1.670539e-03 9.999983e-01 7.669958e-04 3.337184e-01 9.730551e-03 -7.507060e-04 9.999524e-01 -3.578814e+01
9.999938e-01 -2.776564e-03 2.152821e-03 -6.836564e+00 2.778708e-03 9.999956e-01 -9.934881e-04 3.340481e-01 -2.150053e-03 9.994647e-04 9.999972e-01 -3.627662e+01
9.999839e-01 1.016969e-03 -5.575122e-03 -7.004405e+00 -1.017776e-03 9.999995e-01 -1.418830e-04 3.469431e-01 5.574974e-03 1.475543e-04 9.999844e-01 -3.747816e+01
9.999933e-01 -2.794904e-03 2.383685e-03 -7.067377e+00 2.797481e-03 9.999955e-01 -1.078484e-03 3.574922e-01 -2.380660e-03 1.085146e-03 9.999966e-01 -3.866909e+01
9.999787e-01 1.390307e-03 -6.380086e-03 -6.999998e+00 -1.389623e-03 9.999990e-01 1.117255e-04 3.656717e-01 6.380235e-03 -1.028579e-04 9.999796e-01 -3.966001e+01
9.999917e-01 -3.081684e-03 2.656807e-03 -7.075528e+00 3.084781e-03 9.999946e-01 -1.162058e-03 3.760827e-01 -2.653211e-03 1.170245e-03 9.999958e-01 -4.075812e+01
9.999802e-01 1.367053e-03 -6.144558e-03 -7.089098e+00 -1.366519e-03 9.999991e-01 9.117397e-05 3.859509e-01 6.144676e-03 -8.277619e-05 9.999811e-01 -4.188464e+01
9.999944e-01 -2.578899e-03 2.138001e-03 -7.041208e+00 2.581086e-03 9.999961e-01 -1.020785e-03 3.917679e-01 -2.135360e-03 1.026299e-03 9.999972e-01 -4.275313e+01
9.999796e-01 8.942200e-04 -6.325451e-03 -6.989865e+00 -8.948652e-04 9.999996e-01 -9.913307e-05 4.041396e-01 6.325359e-03 1.047908e-04 9.999800e-01 -4.398972e+01
9.999902e-01 -2.943652e-03 3.296344e-03 -7.052321e+00 2.947558e-03 9.999950e-01 -1.180891e-03 4.165839e-01 -3.292851e-03 1.190597e-03 9.999939e-01 -4.532472e+01
9.999636e-01 1.910441e-03 -8.315614e-03 -6.960343e+00 -1.906132e-03 9.999980e-01 5.261545e-04 4.185775e-01 8.316603e-03 -5.102854e-04 9.999653e-01 -4.598270e+01
9.999983e-01 -1.845759e-03 -1.099875e-04 -7.022750e+00 1.845775e-03 9.999983e-01 1.438199e-04 4.312998e-01 1.097222e-04 -1.440220e-04 1.000000e+00 -4.574753e+01
9.999571e-01 1.728665e-03 -9.103883e-03 -6.827333e+00 -1.724731e-03 9.999984e-01 4.399439e-04 4.342022e-01 9.104628e-03 -4.242239e-04 9.999585e-01 -4.584841e+01
9.999964e-01 -1.945158e-03 1.853841e-03 -6.946129e+00 1.945386e-03 9.999981e-01 -1.206964e-04 4.472827e-01 -1.853603e-03 1.243031e-04 9.999983e-01 -4.581880e+01
9.999759e-01 6.290412e-04 -6.916246e-03 -7.265916e+00 -6.300498e-04 9.999998e-01 -1.436209e-04 4.749265e-01 6.916154e-03 1.479743e-04 9.999761e-01 -4.627202e+01
9.999907e-01 -2.332896e-03 3.617355e-03 -7.382923e+00 2.336736e-03 9.999967e-01 -1.057749e-03 4.861626e-01 -3.614875e-03 1.066192e-03 9.999929e-01 -4.741837e+01
9.999695e-01 8.486496e-04 -7.770324e-03 -7.656562e+00 -8.458669e-04 9.999996e-01 3.614267e-04 5.041176e-01 7.770627e-03 -3.548437e-04 9.999697e-01 -4.831102e+01
9.999878e-01 -2.779368e-03 4.093428e-03 -8.122008e+00 2.785670e-03 9.999949e-01 -1.534751e-03 5.268391e-01 -4.089142e-03 1.546136e-03 9.999904e-01 -4.957659e+01
9.999754e-01 6.914392e-04 -6.987003e-03 -8.428086e+00 -6.900957e-04 9.999997e-01 1.947180e-04 5.438729e-01 6.987135e-03 -1.898921e-04 9.999756e-01 -5.096427e+01
9.999880e-01 -2.844942e-03 3.986395e-03 -8.827963e+00 2.851709e-03 9.999945e-01 -1.692770e-03 5.660078e-01 -3.981557e-03 1.704118e-03 9.999906e-01 -5.245459e+01
9.999757e-01 6.572362e-04 -6.938348e-03 -8.865649e+00 -6.563587e-04 9.999998e-01 1.287739e-04 5.822222e-01 6.938431e-03 -1.242174e-04 9.999759e-01 -5.398931e+01
9.999914e-01 -2.561857e-03 3.262110e-03 -9.057204e+00 2.566234e-03 9.999958e-01 -1.338171e-03 5.986960e-01 -3.258668e-03 1.346532e-03 9.999938e-01 -5.530741e+01
9.999581e-01 1.647246e-03 -8.999658e-03 -9.121517e+00 -1.637620e-03 9.999981e-01 1.076929e-03 6.053766e-01 9.001414e-03 -1.062147e-03 9.999589e-01 -5.595050e+01
9.999983e-01 -1.692657e-03 7.071580e-04 -8.908267e+00 1.693220e-03 9.999982e-01 -7.961430e-04 6.051845e-01 -7.058089e-04 7.973397e-04 9.999994e-01 -5.608845e+01
9.999788e-01 9.469697e-04 -6.436480e-03 -9.100925e+00 -9.431655e-04 9.999994e-01 5.940787e-04 6.190603e-01 6.437038e-03 -5.879961e-04 9.999791e-01 -5.656267e+01
9.999949e-01 -2.534302e-03 1.925973e-03 -9.948936e+00 2.537134e-03 9.999957e-01 -1.469208e-03 6.557481e-01 -1.922241e-03 1.474087e-03 9.999971e-01 -5.752708e+01
9.999858e-01 5.423870e-04 -5.309194e-03 -1.041289e+01 -5.409260e-04 9.999998e-01 2.766442e-04 6.804725e-01 5.309343e-03 -2.737691e-04 9.999859e-01 -5.876095e+01
9.999985e-01 -1.698921e-03 4.146754e-04 -1.080789e+01 1.699266e-03 9.999982e-01 -8.325612e-04 6.995588e-01 -4.132599e-04 8.332652e-04 9.999996e-01 -5.937771e+01
9.999812e-01 1.497767e-03 -5.948120e-03 -1.129304e+01 -1.490855e-03 9.999982e-01 1.166426e-03 7.276680e-01 5.949856e-03 -1.157536e-03 9.999816e-01 -5.903899e+01
9.999942e-01 -1.625719e-03 -2.994906e-03 -1.123051e+01 1.624734e-03 9.999986e-01 -3.315432e-04 7.412832e-01 2.995442e-03 3.266760e-04 9.999955e-01 -5.875490e+01
9.999865e-01 9.168887e-04 -5.106875e-03 -1.109159e+01 -9.139612e-04 9.999994e-01 5.755962e-04 7.585800e-01 5.107400e-03 -5.709216e-04 9.999868e-01 -5.873059e+01
9.999985e-01 -1.400449e-03 1.004884e-03 -1.102857e+01 1.401481e-03 9.999985e-01 -1.026877e-03 7.645312e-01 -1.003444e-03 1.028285e-03 9.999990e-01 -5.842589e+01
9.999815e-01 1.144393e-03 -5.981134e-03 -1.089590e+01 -1.137603e-03 9.999987e-01 1.138558e-03 7.656823e-01 5.982429e-03 -1.131733e-03 9.999815e-01 -5.734731e+01
9.999991e-01 -8.585291e-04 -1.011620e-03 -1.059402e+01 8.573443e-04 9.999989e-01 -1.171273e-03 7.432749e-01 1.012625e-03 1.170405e-03 9.999988e-01 -5.675653e+01
9.999667e-01 1.067553e-03 -8.085358e-03 -1.014366e+01 -1.055322e-03 9.999983e-01 1.516851e-03 7.249353e-01 8.086963e-03 -1.508269e-03 9.999662e-01 -5.646528e+01
9.999934e-01 -2.028804e-03 3.006555e-03 -1.019295e+01 2.034727e-03 9.999960e-01 -1.968305e-03 7.319213e-01 -3.002549e-03 1.974410e-03 9.999935e-01 -5.711514e+01
9.999708e-01 9.561278e-04 -7.578428e-03 -1.029010e+01 -9.456815e-04 9.999986e-01 1.381914e-03 7.412867e-01 7.579739e-03 -1.374708e-03 9.999703e-01 -5.777345e+01
9.999961e-01 -1.512238e-03 2.352052e-03 -1.043712e+01 1.515475e-03 9.999979e-01 -1.374773e-03 7.484195e-01 -2.349968e-03 1.378333e-03 9.999963e-01 -5.790101e+01
9.999718e-01 1.103880e-03 -7.431879e-03 -1.053575e+01 -1.093252e-03 9.999984e-01 1.433897e-03 7.499639e-01 7.433450e-03 -1.425732e-03 9.999714e-01 -5.789751e+01
9.999927e-01 -2.247824e-03 3.096801e-03 -1.082470e+01 2.253694e-03 9.999957e-01 -1.893003e-03 7.639463e-01 -3.092532e-03 1.899969e-03 9.999934e-01 -5.857528e+01
9.999744e-01 7.240296e-04 -7.124652e-03 -1.125738e+01 -7.170200e-04 9.999993e-01 9.863931e-04 7.859975e-01 7.125361e-03 -9.812599e-04 9.999741e-01 -5.954766e+01
9.999924e-01 -2.178503e-03 3.224779e-03 -1.149072e+01 2.184488e-03 9.999959e-01 -1.853525e-03 8.009946e-01 -3.220728e-03 1.860556e-03 9.999931e-01 -6.049022e+01
9.999676e-01 1.211358e-03 -7.955718e-03 -1.144089e+01 -1.201325e-03 9.999985e-01 1.265746e-03 8.050214e-01 7.957239e-03 -1.256148e-03 9.999676e-01 -6.114347e+01
9.999967e-01 -1.547891e-03 2.035373e-03 -1.126604e+01 1.550806e-03 9.999978e-01 -1.431555e-03 8.006058e-01 -2.033152e-03 1.434707e-03 9.999969e-01 -6.127807e+01
9.999638e-01 1.561556e-03 -8.368086e-03 -1.102551e+01 -1.550416e-03 9.999979e-01 1.337587e-03 7.926275e-01 8.370157e-03 -1.324566e-03 9.999641e-01 -6.128910e+01
9.999911e-01 -2.160182e-03 3.623311e-03 -1.122533e+01 2.164542e-03 9.999969e-01 -1.199813e-03 8.184703e-01 -3.620708e-03 1.207646e-03 9.999927e-01 -6.085678e+01
9.999353e-01 2.307982e-03 -1.113841e-02 -1.083314e+01 -2.296083e-03 9.999968e-01 1.081010e-03 8.081044e-01 1.114087e-02 -1.055366e-03 9.999374e-01 -6.091840e+01
9.999927e-01 -2.823853e-03 2.591528e-03 -1.073537e+01 2.825699e-03 9.999958e-01 -7.090405e-04 8.319839e-01 -2.589514e-03 7.163588e-04 9.999964e-01 -6.065299e+01
9.999164e-01 3.097414e-03 -1.255577e-02 -1.030101e+01 -3.083376e-03 9.999946e-01 1.137255e-03 8.186941e-01 1.255922e-02 -1.098447e-03 9.999205e-01 -6.057711e+01
9.999942e-01 -2.655382e-03 2.136440e-03 -9.869992e+00 2.657155e-03 9.999961e-01 -8.277024e-04 7.980845e-01 -2.134233e-03 8.333750e-04 9.999974e-01 -6.038755e+01
9.999311e-01 3.141018e-03 -1.131148e-02 -9.464792e+00 -3.127208e-03 9.999943e-01 1.238367e-03 7.755812e-01 1.131530e-02 -1.202909e-03 9.999353e-01 -6.001790e+01
9.999957e-01 -2.833214e-03 7.013481e-04 -9.048593e+00 2.833674e-03 9.999958e-01 -6.555168e-04 7.582735e-01 -6.994877e-04 6.575020e-04 9.999995e-01 -5.975684e+01
9.999399e-01 3.233718e-03 -1.047132e-02 -8.685911e+00 -3.224009e-03 9.999944e-01 9.440279e-04 7.400768e-01 1.047431e-02 -9.102122e-04 9.999447e-01 -5.961344e+01
9.999953e-01 -2.977518e-03 6.986669e-04 -8.289821e+00 2.977968e-03 9.999954e-01 -6.428147e-04 7.232788e-01 -6.967494e-04 6.448930e-04 9.999995e-01 -5.954552e+01
9.999439e-01 3.575285e-03 -9.972233e-03 -7.927235e+00 -3.567553e-03 9.999933e-01 7.929692e-04 6.979538e-01 9.975001e-03 -7.573489e-04 9.999500e-01 -5.924959e+01
9.999935e-01 -2.695677e-03 -2.401075e-03 -7.281313e+00 2.695040e-03 9.999963e-01 -2.687622e-04 6.637420e-01 2.401791e-03 2.622901e-04 9.999971e-01 -5.895125e+01
9.999569e-01 3.002788e-03 -8.790016e-03 -6.675443e+00 -2.998188e-03 9.999954e-01 5.364124e-04 6.382881e-01 8.791586e-03 -5.100357e-04 9.999612e-01 -5.867590e+01
9.999913e-01 -3.047349e-03 2.858160e-03 -6.587009e+00 3.049410e-03 9.999951e-01 -7.167541e-04 6.320778e-01 -2.855962e-03 7.254642e-04 9.999957e-01 -5.868645e+01
9.999591e-01 2.767698e-03 -8.612384e-03 -6.553605e+00 -2.762151e-03 9.999960e-01 6.560072e-04 6.290612e-01 8.614165e-03 -6.321923e-04 9.999627e-01 -5.877267e+01
9.999892e-01 -3.068012e-03 3.481773e-03 -6.528025e+00 3.070864e-03 9.999950e-01 -8.141132e-04 6.254604e-01 -3.479258e-03 8.247971e-04 9.999936e-01 -5.887744e+01
9.999558e-01 3.015127e-03 -8.901895e-03 -6.454505e+00 -3.007993e-03 9.999951e-01 8.146841e-04 6.153570e-01 8.904308e-03 -7.878719e-04 9.999600e-01 -5.861797e+01
9.999888e-01 -3.189559e-03 3.484399e-03 -6.521879e+00 3.191752e-03 9.999947e-01 -6.239198e-04 6.116110e-01 -3.482391e-03 6.350348e-04 9.999937e-01 -5.837932e+01
9.999620e-01 2.605243e-03 -8.314489e-03 -6.916854e+00 -2.600273e-03 9.999964e-01 6.085513e-04 6.253085e-01 8.316045e-03 -5.869089e-04 9.999652e-01 -5.846488e+01
9.999894e-01 -2.933547e-03 3.549527e-03 -7.176978e+00 2.935636e-03 9.999955e-01 -5.833713e-04 6.282056e-01 -3.547799e-03 5.937858e-04 9.999935e-01 -5.828574e+01
9.999560e-01 2.727558e-03 -8.977852e-03 -7.449719e+00 -2.719378e-03 9.999959e-01 9.232002e-04 6.312581e-01 8.980333e-03 -8.987460e-04 9.999593e-01 -5.803672e+01
9.999880e-01 -3.431505e-03 3.495406e-03 -7.978806e+00 3.434962e-03 9.999936e-01 -9.833368e-04 6.517308e-01 -3.492009e-03 9.953322e-04 9.999934e-01 -5.836254e+01
9.999618e-01 2.321512e-03 -8.430912e-03 -8.517359e+00 -2.316964e-03 9.999972e-01 5.491646e-04 6.750664e-01 8.432162e-03 -5.296101e-04 9.999643e-01 -5.893825e+01
9.999871e-01 -3.511017e-03 3.681500e-03 -8.825065e+00 3.514995e-03 9.999932e-01 -1.074499e-03 6.898912e-01 -3.677702e-03 1.087426e-03 9.999926e-01 -5.969433e+01
9.999558e-01 2.585600e-03 -9.043140e-03 -9.105213e+00 -2.578396e-03 9.999963e-01 8.081716e-04 7.031004e-01 9.045197e-03 -7.848197e-04 9.999588e-01 -6.021883e+01
9.999890e-01 -3.276806e-03 3.363898e-03 -9.382121e+00 3.279746e-03 9.999942e-01 -8.687977e-04 7.152296e-01 -3.361031e-03 8.798214e-04 9.999940e-01 -6.060539e+01
9.999527e-01 2.860717e-03 -9.296526e-03 -9.697004e+00 -2.850884e-03 9.999954e-01 1.070888e-03 7.241269e-01 9.299546e-03 -1.044335e-03 9.999562e-01 -6.070728e+01
9.999896e-01 -3.183598e-03 3.257505e-03 -9.761352e+00 3.186954e-03 9.999944e-01 -1.025474e-03 7.235446e-01 -3.254222e-03 1.035845e-03 9.999942e-01 -6.091725e+01
9.999321e-01 3.501609e-03 -1.111182e-02 -9.396008e+00 -3.491035e-03 9.999934e-01 9.709259e-04 7.033579e-01 1.111514e-02 -9.320689e-04 9.999378e-01 -6.080832e+01
9.999952e-01 -3.093472e-03 3.174834e-04 -8.924392e+00 3.093660e-03 9.999950e-01 -5.898843e-04 6.787146e-01 -3.156568e-04 5.908643e-04 9.999998e-01 -6.062574e+01
9.999555e-01 3.136937e-03 -8.902297e-03 -8.641287e+00 -3.126159e-03 9.999944e-01 1.224425e-03 6.806880e-01 8.906087e-03 -1.196541e-03 9.999596e-01 -6.052433e+01
9.999956e-01 -2.940643e-03 3.841947e-04 -8.297341e+00 2.941074e-03 9.999950e-01 -1.126512e-03 6.683772e-01 -3.808799e-04 1.127638e-03 9.999993e-01 -6.057776e+01
9.999616e-01 2.797178e-03 -8.307434e-03 -7.941900e+00 -2.787303e-03 9.999954e-01 1.200033e-03 6.583831e-01 8.310752e-03 -1.176832e-03 9.999648e-01 -6.069985e+01
9.999966e-01 -2.603690e-03 1.791091e-04 -7.521909e+00 2.603907e-03 9.999959e-01 -1.219512e-03 6.424173e-01 -1.759329e-04 1.219975e-03 9.999992e-01 -6.071542e+01
9.999524e-01 2.740125e-03 -9.366250e-03 -7.128935e+00 -2.725746e-03 9.999951e-01 1.547689e-03 6.248096e-01 9.370445e-03 -1.522085e-03 9.999549e-01 -6.062939e+01
9.999879e-01 -3.082980e-03 3.833117e-03 -7.112253e+00 3.089299e-03 9.999939e-01 -1.643786e-03 6.395128e-01 -3.828025e-03 1.655608e-03 9.999913e-01 -6.050509e+01
9.999514e-01 1.966159e-03 -9.664756e-03 -7.203771e+00 -1.952756e-03 9.999971e-01 1.395999e-03 6.650763e-01 9.667473e-03 -1.377059e-03 9.999523e-01 -6.081248e+01
9.999927e-01 -2.294218e-03 3.069647e-03 -6.899419e+00 2.299772e-03 9.999957e-01 -1.807155e-03 6.614601e-01 -3.065488e-03 1.814202e-03 9.999937e-01 -6.118788e+01
9.999081e-01 2.565089e-03 -1.331244e-02 -6.359045e+00 -2.538254e-03 9.999947e-01 2.032326e-03 6.498495e-01 1.331758e-02 -1.998349e-03 9.999093e-01 -6.130673e+01
9.999882e-01 -2.642154e-03 4.074257e-03 -6.019071e+00 2.648400e-03 9.999953e-01 -1.528183e-03 6.440743e-01 -4.070200e-03 1.538956e-03 9.999905e-01 -6.138727e+01
9.999218e-01 2.894642e-03 -1.216569e-02 -5.539256e+00 -2.873784e-03 9.999944e-01 1.731706e-03 6.232494e-01 1.217064e-02 -1.696610e-03 9.999245e-01 -6.122990e+01
9.999968e-01 -2.278718e-03 1.123307e-03 -4.704935e+00 2.280802e-03 9.999957e-01 -1.857000e-03 5.890195e-01 -1.119070e-03 1.859557e-03 9.999976e-01 -6.109149e+01
9.999277e-01 2.022161e-03 -1.185435e-02 -3.110210e+00 -2.025785e-03 9.999979e-01 -2.936377e-04 5.714451e-01 1.185373e-02 3.176303e-04 9.999297e-01 -6.222656e+01
9.999959e-01 -2.851775e-03 -1.647100e-04 -4.342137e-01 2.851074e-03 9.999875e-01 -4.109239e-03 5.589210e-01 1.764267e-04 4.108753e-03 9.999915e-01 -6.427797e+01
9.999783e-01 1.240309e-03 -6.465213e-03 8.440120e-01 -1.231264e-03 9.999983e-01 1.402821e-03 5.634554e-01 6.466942e-03 -1.394831e-03 9.999781e-01 -6.591005e+01
9.999973e-01 -1.937580e-03 1.314843e-03 7.093037e-01 1.939749e-03 9.999968e-01 -1.650152e-03 5.674707e-01 -1.311641e-03 1.652699e-03 9.999978e-01 -6.640294e+01
9.999826e-01 9.751144e-04 -5.814946e-03 6.388507e-01 -9.670016e-04 9.999986e-01 1.397870e-03 5.713090e-01 5.816301e-03 -1.392223e-03 9.999821e-01 -6.701880e+01
9.999978e-01 -1.882684e-03 9.760401e-04 4.837326e-01 1.884575e-03 9.999963e-01 -1.939719e-03 5.788369e-01 -9.723845e-04 1.941554e-03 9.999976e-01 -6.763660e+01
9.999864e-01 4.527630e-04 -5.192114e-03 2.535006e-01 -4.462595e-04 9.999991e-01 1.253744e-03 5.898401e-01 5.192677e-03 -1.251411e-03 9.999857e-01 -6.853651e+01
9.999967e-01 -2.161273e-03 1.365016e-03 -6.041526e-01 2.164371e-03 9.999951e-01 -2.272159e-03 6.297077e-01 -1.360099e-03 2.275106e-03 9.999965e-01 -6.937118e+01
9.999803e-01 6.261886e-04 -6.242054e-03 -1.646456e+00 -6.136873e-04 9.999978e-01 2.004520e-03 6.752897e-01 6.243295e-03 -2.000651e-03 9.999785e-01 -6.989676e+01
9.999990e-01 -1.179947e-03 7.353844e-04 -1.947925e+00 1.181504e-03 9.999971e-01 -2.121027e-03 6.892919e-01 -7.328794e-04 2.121895e-03 9.999975e-01 -7.013891e+01
9.999854e-01 3.586100e-04 -5.398602e-03 -2.193344e+00 -3.468417e-04 9.999976e-01 2.180724e-03 7.048332e-01 5.399370e-03 -2.178820e-03 9.999830e-01 -7.032168e+01
9.999991e-01 -1.205478e-03 5.210161e-04 -2.135432e+00 1.206791e-03 9.999961e-01 -2.527826e-03 7.066471e-01 -5.179666e-04 2.528453e-03 9.999967e-01 -7.096027e+01
9.999836e-01 1.077460e-04 -5.724870e-03 -2.086717e+00 -9.584046e-05 9.999978e-01 2.079923e-03 7.114314e-01 5.725081e-03 -2.079341e-03 9.999814e-01 -7.174552e+01
9.999997e-01 -7.596867e-04 2.736519e-04 -2.249283e+00 7.602571e-04 9.999975e-01 -2.088819e-03 7.178649e-01 -2.720642e-04 2.089027e-03 9.999978e-01 -7.218549e+01
9.999840e-01 -7.060482e-05 -5.655152e-03 -2.314030e+00 8.110610e-05 9.999983e-01 1.856798e-03 7.214091e-01 5.655011e-03 -1.857227e-03 9.999823e-01 -7.278608e+01
9.999995e-01 -8.740582e-04 4.184999e-04 -2.317269e+00 8.750285e-04 9.999969e-01 -2.323176e-03 7.252517e-01 -4.164679e-04 2.323542e-03 9.999972e-01 -7.354764e+01
9.999831e-01 -1.406682e-04 -5.814861e-03 -2.400270e+00 1.522278e-04 9.999980e-01 1.987597e-03 7.314595e-01 5.814570e-03 -1.988449e-03 9.999811e-01 -7.421491e+01
9.999998e-01 -5.794086e-04 -2.166638e-05 -2.544075e+00 5.793647e-04 9.999978e-01 -1.991848e-03 7.367311e-01 2.282061e-05 1.991836e-03 9.999980e-01 -7.468148e+01
9.999856e-01 -2.655072e-04 -5.362378e-03 -2.545087e+00 2.749652e-04 9.999984e-01 1.763172e-03 7.389029e-01 5.361901e-03 -1.764622e-03 9.999841e-01 -7.529169e+01
9.999995e-01 -1.907816e-04 -9.542320e-04 -2.459125e+00 1.891428e-04 9.999985e-01 -1.717676e-03 7.369899e-01 9.545585e-04 1.717495e-03 9.999981e-01 -7.566039e+01
9.999824e-01 1.812082e-04 -5.927464e-03 -2.358865e+00 -1.675513e-04 9.999973e-01 2.304489e-03 7.283044e-01 5.927866e-03 -2.303456e-03 9.999798e-01 -7.546533e+01
9.999997e-01 8.594451e-05 -7.527312e-04 -2.259275e+00 -8.731294e-05 9.999983e-01 -1.818624e-03 7.132160e-01 7.525738e-04 1.818690e-03 9.999981e-01 -7.505658e+01
9.999829e-01 -6.827028e-04 -5.804159e-03 -2.083697e+00 6.936451e-04 9.999980e-01 1.883512e-03 7.119433e-01 5.802861e-03 -1.887507e-03 9.999814e-01 -7.549526e+01
9.999999e-01 3.331530e-04 -1.022687e-04 -2.035133e+00 -3.333245e-04 9.999985e-01 -1.685872e-03 7.087469e-01 1.017071e-04 1.685906e-03 9.999986e-01 -7.561583e+01
9.999830e-01 -2.000803e-04 -5.819213e-03 -2.003792e+00 2.130922e-04 9.999975e-01 2.235550e-03 6.947564e-01 5.818751e-03 -2.236753e-03 9.999806e-01 -7.510624e+01
9.999999e-01 3.265092e-04 -1.033917e-04 -1.970334e+00 -3.266770e-04 9.999986e-01 -1.630186e-03 6.799841e-01 1.028595e-04 1.630220e-03 9.999987e-01 -7.454671e+01
9.999846e-01 -7.904257e-04 -5.498467e-03 -2.002292e+00 8.015540e-04 9.999976e-01 2.022044e-03 6.755403e-01 5.496856e-03 -2.026420e-03 9.999828e-01 -7.457849e+01
9.999994e-01 8.230305e-04 -6.555862e-04 -1.980500e+00 -8.240317e-04 9.999985e-01 -1.528982e-03 6.633535e-01 6.543269e-04 1.529522e-03 9.999986e-01 -7.423320e+01
9.999836e-01 -6.466922e-04 -5.697596e-03 -1.941070e+00 6.587652e-04 9.999975e-01 2.117418e-03 6.504552e-01 5.696212e-03 -2.121138e-03 9.999815e-01 -7.382657e+01
9.999996e-01 6.753519e-04 -5.085986e-04 -1.993612e+00 -6.760954e-04 9.999987e-01 -1.463819e-03 6.435391e-01 5.076095e-04 1.464163e-03 9.999988e-01 -7.353053e+01
9.999829e-01 -7.555141e-04 -5.792033e-03 -2.156637e+00 7.677254e-04 9.999975e-01 2.106427e-03 6.439121e-01 5.790426e-03 -2.110838e-03 9.999810e-01 -7.329532e+01
9.999999e-01 3.754935e-04 -2.506029e-04 -2.297616e+00 -3.759181e-04 9.999985e-01 -1.698101e-03 6.476681e-01 2.499650e-04 1.698195e-03 9.999985e-01 -7.346912e+01
9.999850e-01 -1.058353e-03 -5.371656e-03 -2.386817e+00 1.067297e-03 9.999980e-01 1.662504e-03 6.520266e-01 5.369886e-03 -1.668212e-03 9.999842e-01 -7.396605e+01
9.999999e-01 1.927622e-04 -3.763160e-04 -2.275065e+00 -1.934667e-04 9.999982e-01 -1.874057e-03 6.543612e-01 3.759542e-04 1.874130e-03 9.999982e-01 -7.457497e+01
9.999839e-01 -9.039512e-04 -5.594214e-03 -2.171685e+00 9.159417e-04 9.999973e-01 2.141254e-03 6.544155e-01 5.592263e-03 -2.146344e-03 9.999821e-01 -7.495565e+01
1.000000e+00 -2.130001e-05 -1.349702e-04 -1.723996e+00 2.100455e-05 9.999976e-01 -2.191713e-03 6.440355e-01 1.350167e-04 2.191711e-03 9.999976e-01 -7.536556e+01
9.999793e-01 -1.220715e-03 -6.318314e-03 -1.000621e+00 1.226973e-03 9.999988e-01 9.867154e-04 6.400218e-01 6.317101e-03 -9.944479e-04 9.999796e-01 -7.643455e+01
9.999927e-01 -7.842768e-04 3.735949e-03 -9.151938e-01 7.940441e-04 9.999963e-01 -2.613536e-03 6.558358e-01 -3.733885e-03 2.616484e-03 9.999896e-01 -7.798127e+01
9.999762e-01 -9.328552e-04 -6.832342e-03 -8.345252e-01 9.425877e-04 9.999985e-01 1.421445e-03 6.662616e-01 6.831006e-03 -1.427852e-03 9.999756e-01 -7.917902e+01
9.999999e-01 3.455324e-04 -7.933739e-05 -2.377284e-01 -3.456879e-04 9.999980e-01 -1.973552e-03 6.532698e-01 7.865544e-05 1.973580e-03 9.999980e-01 -7.975578e+01
9.999655e-01 -1.085674e-03 -8.237549e-03 3.078699e-01 1.099524e-03 9.999980e-01 1.677097e-03 6.447513e-01 8.235712e-03 -1.686097e-03 9.999647e-01 -8.030613e+01
9.999946e-01 1.213970e-04 3.275026e-03 4.246217e-01 -1.144149e-04 9.999977e-01 -2.131925e-03 6.473978e-01 -3.275277e-03 2.131539e-03 9.999924e-01 -8.101015e+01
9.999690e-01 4.508656e-04 -7.860772e-03 5.586079e-01 -4.349651e-04 9.999979e-01 2.024402e-03 6.128387e-01 7.861668e-03 -2.020921e-03 9.999671e-01 -7.986866e+01
9.999871e-01 7.305825e-05 5.077929e-03 7.060567e-01 -6.039173e-05 9.999969e-01 -2.494453e-03 5.585410e-01 -5.078095e-03 2.494115e-03 9.999840e-01 -7.785850e+01
9.999718e-01 3.443832e-04 -7.497450e-03 7.021020e-01 -3.267914e-04 9.999972e-01 2.347524e-03 5.220842e-01 7.498237e-03 -2.345009e-03 9.999691e-01 -7.603796e+01
9.999986e-01 -1.041492e-04 1.699232e-03 8.065086e-01 1.073616e-04 9.999982e-01 -1.890262e-03 4.920865e-01 -1.699032e-03 1.890442e-03 9.999968e-01 -7.502819e+01
9.999650e-01 -1.035456e-03 -8.299391e-03 1.196561e+00 1.047186e-03 9.999985e-01 1.409106e-03 4.945950e-01 8.297919e-03 -1.417749e-03 9.999646e-01 -7.588073e+01
9.999916e-01 -3.930140e-04 4.089129e-03 1.358518e+00 4.025476e-04 9.999972e-01 -2.330779e-03 5.021836e-01 -4.088202e-03 2.332406e-03 9.999889e-01 -7.688883e+01
9.999594e-01 -8.953077e-04 -8.968638e-03 1.491379e+00 9.105143e-04 9.999982e-01 1.691638e-03 5.074997e-01 8.967107e-03 -1.699736e-03 9.999584e-01 -7.776267e+01
9.999949e-01 -2.062410e-04 3.195942e-03 1.722042e+00 2.125423e-04 9.999980e-01 -1.971325e-03 5.099291e-01 -3.195529e-03 1.971995e-03 9.999929e-01 -7.849639e+01
9.999488e-01 -9.832812e-04 -1.007282e-02 2.041884e+00 1.003743e-03 9.999974e-01 2.026584e-03 5.116126e-01 1.007080e-02 -2.036591e-03 9.999472e-01 -7.926120e+01
9.999981e-01 9.775639e-04 -1.675125e-03 3.148321e+00 -9.816187e-04 9.999966e-01 -2.421750e-03 4.930433e-01 1.672752e-03 2.423390e-03 9.999957e-01 -7.982013e+01
9.999877e-01 -1.784704e-03 -4.636202e-03 3.363926e+00 1.795047e-03 9.999959e-01 2.227771e-03 4.939618e-01 4.632207e-03 -2.236066e-03 9.999868e-01 -8.040329e+01
9.999987e-01 1.033038e-03 -1.254511e-03 3.532081e+00 -1.036168e-03 9.999963e-01 -2.497234e-03 4.951866e-01 1.251927e-03 2.498531e-03 9.999961e-01 -8.099985e+01
9.999855e-01 -1.435145e-03 -5.199106e-03 3.726732e+00 1.448152e-03 9.999958e-01 2.498840e-03 4.894244e-01 5.195498e-03 -2.506334e-03 9.999834e-01 -8.126442e+01
9.999953e-01 9.143719e-04 -2.927738e-03 4.115830e+00 -9.216230e-04 9.999965e-01 -2.476458e-03 4.866004e-01 2.925464e-03 2.479145e-03 9.999926e-01 -8.177460e+01
9.999918e-01 -2.567343e-04 -4.031878e-03 4.302916e+00 2.674240e-04 9.999965e-01 2.651100e-03 4.578214e-01 4.031183e-03 -2.652157e-03 9.999884e-01 -8.102530e+01
9.999971e-01 6.861414e-04 -2.310494e-03 4.457509e+00 -6.912499e-04 9.999973e-01 -2.211093e-03 4.269575e-01 2.308971e-03 2.212684e-03 9.999949e-01 -8.003553e+01
9.999813e-01 -1.326078e-03 -5.969631e-03 5.016049e+00 1.339225e-03 9.999967e-01 2.199017e-03 4.187522e-01 5.966695e-03 -2.206972e-03 9.999798e-01 -8.054473e+01
9.999992e-01 1.387853e-05 1.233699e-03 5.278387e+00 -1.011906e-05 9.999954e-01 -3.046908e-03 4.242286e-01 -1.233735e-03 3.046894e-03 9.999946e-01 -8.146915e+01
9.999749e-01 -9.213905e-04 -7.030458e-03 5.481118e+00 9.405487e-04 9.999959e-01 2.722271e-03 4.263839e-01 7.027920e-03 -2.728815e-03 9.999716e-01 -8.213430e+01
9.999991e-01 -3.085672e-04 1.333515e-03 5.746183e+00 3.130627e-04 9.999943e-01 -3.371943e-03 4.328021e-01 -1.332467e-03 3.372358e-03 9.999934e-01 -8.310536e+01
9.999858e-01 -1.472567e-03 -5.129111e-03 5.969482e+00 1.483088e-03 9.999968e-01 2.048208e-03 4.452982e-01 5.126079e-03 -2.055786e-03 9.999847e-01 -8.443834e+01
9.999991e-01 -1.880042e-04 1.291863e-03 6.037765e+00 1.921076e-04 9.999949e-01 -3.176595e-03 4.559806e-01 -1.291259e-03 3.176841e-03 9.999941e-01 -8.562903e+01
9.999863e-01 -1.429810e-03 -5.033660e-03 6.131277e+00 1.440416e-03 9.999967e-01 2.104164e-03 4.650879e-01 5.030635e-03 -2.111386e-03 9.999851e-01 -8.676303e+01
9.999934e-01 -1.013083e-03 3.478917e-03 6.196670e+00 1.026752e-03 9.999918e-01 -3.929321e-03 4.803579e-01 -3.474907e-03 3.932867e-03 9.999862e-01 -8.837268e+01
9.999820e-01 -9.782893e-04 -5.924268e-03 6.294688e+00 9.915439e-04 9.999970e-01 2.234882e-03 4.944521e-01 5.922064e-03 -2.240716e-03 9.999800e-01 -8.980820e+01
9.999940e-01 -1.159343e-04 -3.472284e-03 7.337792e+00 1.036829e-04 9.999938e-01 -3.528452e-03 4.978588e-01 3.472671e-03 3.528072e-03 9.999877e-01 -9.111556e+01
9.999976e-01 -1.959932e-03 -9.273702e-04 7.860410e+00 1.961568e-03 9.999965e-01 1.767072e-03 5.104211e-01 9.239036e-04 -1.768887e-03 9.999980e-01 -9.262149e+01
9.999806e-01 8.999774e-04 -6.170120e-03 8.222036e+00 -9.137900e-04 9.999971e-01 -2.236258e-03 5.153637e-01 6.168090e-03 2.241853e-03 9.999785e-01 -9.351008e+01
9.999959e-01 -1.730523e-03 -2.293792e-03 8.652240e+00 1.735498e-03 9.999961e-01 2.169002e-03 5.159936e-01 2.290029e-03 -2.172974e-03 9.999950e-01 -9.419103e+01
9.999949e-01 -7.918890e-05 -3.180036e-03 8.947690e+00 7.014025e-05 9.999959e-01 -2.845607e-03 5.239100e-01 3.180249e-03 2.845370e-03 9.999909e-01 -9.542290e+01
9.999985e-01 -1.699316e-03 -2.253570e-04 9.062287e+00 1.699647e-03 9.999975e-01 1.480911e-03 5.347635e-01 2.228398e-04 -1.481292e-03 9.999989e-01 -9.664995e+01
9.999725e-01 9.492563e-04 -7.356095e-03 9.434113e+00 -9.623456e-04 9.999980e-01 -1.776102e-03 5.363862e-01 7.354394e-03 1.783133e-03 9.999714e-01 -9.735903e+01
9.999985e-01 -1.525156e-03 -8.322644e-04 9.727354e+00 1.526833e-03 9.999968e-01 2.019492e-03 5.359930e-01 8.291817e-04 -2.020760e-03 9.999976e-01 -9.785920e+01
9.999823e-01 9.456242e-04 -5.874735e-03 9.892606e+00 -9.573083e-04 9.999976e-01 -1.986450e-03 5.363354e-01 5.872843e-03 1.992039e-03 9.999808e-01 -9.835092e+01
9.999985e-01 -1.709584e-03 1.582267e-04 1.000556e+01 1.709311e-03 9.999971e-01 1.705719e-03 5.380842e-01 -1.611424e-04 -1.705446e-03 9.999985e-01 -9.896015e+01
9.999826e-01 9.546135e-04 -5.814932e-03 1.013827e+01 -9.661734e-04 9.999976e-01 -1.985548e-03 5.389020e-01 5.813022e-03 1.991132e-03 9.999811e-01 -9.952825e+01
