1.000000e+00 1.197625e-11 1.704638e-10 5.551115e-17 1.197625e-11 1.000000e+00 3.562503e-10 0.000000e+00 1.704638e-10 3.562503e-10 1.000000e+00 2.220446e-16 0.000000e+00 0.000000e+00 0.000000e+00 1.000000e+00
3.548364e-01 -1.218784e-01 9.269503e-01 1.272261e+00 2.210981e-01 9.742825e-01 4.346551e-02 2.313830e-02 -9.084089e-01 1.895238e-01 3.726579e-01 -1.888122e-01
9.966526e-01 -2.189855e-02 7.876586e-02 2.290013e+00 2.266841e-02 9.997035e-01 -8.893134e-03 3.994252e-02 -7.854775e-02 1.064886e-02 9.968535e-01 -3.274161e-01
3.788336e-01 -1.124706e-01 9.186052e-01 3.364573e+00 2.148524e-01 9.761572e-01 3.091172e-02 5.762818e-02 -9.001797e-01 1.856542e-01 3.939657e-01 -4.908525e-01
9.900521e-01 -2.416168e-02 1.386114e-01 4.453400e+00 2.468368e-02 9.996932e-01 -2.047868e-03 7.471085e-02 -1.385194e-01 5.448935e-03 9.903447e-01 -6.054133e-01
3.114381e-01 -1.477142e-01 9.387155e-01 4.779331e+00 2.132152e-01 9.735198e-01 8.245238e-02 7.655356e-02 -9.260376e-01 1.744696e-01 3.346861e-01 1.516688e-02
9.798870e-01 -3.123204e-02 1.970938e-01 5.506658e+00 3.899436e-02 9.986041e-01 -3.562577e-02 8.379588e-02 -1.957060e-01 4.259478e-02 9.797371e-01 2.896487e-01
3.575615e-01 -1.438355e-01 9.227465e-01 5.836632e+00 1.593635e-01 9.829732e-01 9.147067e-02 8.527651e-02 -9.201919e-01 1.143457e-01 3.743955e-01 1.073588e+00
9.954772e-01 -5.810108e-02 7.516315e-02 5.927418e+00 5.604881e-02 9.980029e-01 2.913314e-02 8.707352e-02 -7.670570e-02 -2.478857e-02 9.967456e-01 2.128594e+00
6.286640e-02 -9.006033e-02 9.939502e-01 6.230623e+00 2.938534e-01 9.534426e-01 6.780405e-02 9.126647e-02 -9.537809e-01 2.878130e-01 8.640404e-02 2.685622e+00
9.914942e-01 9.619049e-02 -8.767317e-02 6.380389e+00 -8.822535e-02 9.919716e-01 9.060140e-02 9.130121e-02 9.568429e-02 -8.209577e-02 9.920206e-01 3.583700e+00
-2.248471e-01 -2.364894e-01 9.452600e-01 6.329056e+00 3.192644e-01 8.986681e-01 3.007756e-01 9.705792e-02 -9.206052e-01 3.694164e-01 -1.265603e-01 4.999641e+00
9.951906e-01 6.157045e-02 7.618938e-02 6.357737e+00 -5.300462e-02 9.925450e-01 -1.097494e-01 1.014791e-01 -8.237871e-02 1.051832e-01 9.910349e-01 6.600791e+00
7.287056e-02 -2.572266e-01 9.635997e-01 6.375498e+00 1.271704e-01 9.606783e-01 2.468297e-01 1.046921e-01 -9.892005e-01 1.045547e-01 1.027168e-01 7.927706e+00
9.817648e-01 -1.546657e-01 1.105281e-01 6.524990e+00 1.674515e-01 9.788326e-01 -1.176723e-01 1.047244e-01 -8.998868e-02 1.340346e-01 9.868823e-01 8.736032e+00
8.279247e-03 6.866937e-03 9.999421e-01 6.729623e+00 1.461907e-01 9.892240e-01 -8.003752e-03 1.043858e-01 -9.892218e-01 1.462485e-01 7.186147e-03 9.537904e+00
9.890429e-01 -1.465759e-01 1.759834e-02 6.629924e+00 1.411514e-01 9.738287e-01 1.781401e-01 1.093497e-01 -4.324881e-02 -1.737042e-01 9.838477e-01 1.052416e+01
3.460890e-02 -6.665044e-02 9.971760e-01 6.511131e+00 4.211331e-01 9.058352e-01 4.592907e-02 1.165970e-01 -9.063383e-01 4.183542e-01 5.941866e-02 1.195472e+01
9.720540e-01 1.271806e-01 1.973223e-01 6.413518e+00 -1.463881e-01 9.854851e-01 8.596354e-02 1.219991e-01 -1.835253e-01 -1.124468e-01 9.765624e-01 1.332648e+01
2.892626e-02 -3.224597e-01 9.461411e-01 6.505766e+00 3.679269e-01 8.835191e-01 2.898685e-01 1.221071e-01 -9.294047e-01 3.397260e-01 1.441985e-01 1.415487e+01
9.888567e-01 1.065601e-01 1.039582e-01 6.950884e+00 -8.142021e-02 9.717363e-01 -2.215836e-01 1.238621e-01 -1.246319e-01 2.106501e-01 9.695841e-01 1.464032e+01
1.307461e-01 -2.362261e-01 9.628617e-01 7.310394e+00 4.010605e-02 9.716639e-01 2.329396e-01 1.241723e-01 -9.906043e-01 8.160629e-03 1.365154e-01 1.516742e+01
9.641492e-01 -2.595087e-01 5.542113e-02 7.281117e+00 2.639014e-01 9.595746e-01 -9.783933e-02 1.258290e-01 -2.779055e-02 1.089574e-01 9.936579e-01 1.585808e+01
1.167615e-01 1.087734e-01 9.871854e-01 7.360413e+00 1.669303e-01 9.776938e-01 -1.274717e-01 1.283408e-01 -9.790307e-01 1.796750e-01 9.599940e-02 1.644077e+01
9.906260e-01 -1.018433e-01 9.103855e-02 7.688160e+00 7.847053e-02 9.697818e-01 2.310099e-01 1.293042e-01 -1.118143e-01 -2.217006e-01 9.686828e-01 1.694130e+01
5.527083e-02 -6.240967e-02 9.965190e-01 8.183138e+00 4.670863e-01 8.837215e-01 2.943900e-02 1.316954e-01 -8.824826e-01 4.638333e-01 7.799472e-02 1.741122e+01
9.662470e-01 2.068521e-01 1.535545e-01 8.707013e+00 -2.127535e-01 9.768383e-01 2.286749e-02 1.340855e-01 -1.452677e-01 -5.476490e-02 9.878755e-01 1.780518e+01
-1.544728e-02 -3.408381e-01 9.399951e-01 9.318763e+00 2.681054e-01 9.042693e-01 3.322899e-01 1.355859e-01 -9.632657e-01 2.571507e-01 7.741202e-02 1.825921e+01
9.819132e-01 -1.289173e-02 1.888920e-01 9.969843e+00 6.059594e-02 9.665996e-01 -2.490248e-01 1.385935e-01 -1.793726e-01 2.559669e-01 9.498981e-01 1.867039e+01
6.325685e-02 -8.914925e-02 9.940075e-01 1.049814e+01 1.242409e-02 9.959954e-01 8.853689e-02 1.410517e-01 -9.979199e-01 6.749078e-03 6.411113e-02 1.904581e+01
9.564783e-01 -2.744891e-01 9.901982e-02 1.080153e+01 2.716060e-01 9.615015e-01 4.177425e-02 1.417750e-01 -1.066743e-01 -1.306180e-02 9.942082e-01 1.952099e+01
1.066080e-01 1.158404e-01 9.875301e-01 1.108946e+01 3.009224e-01 9.428533e-01 -1.430855e-01 1.430117e-01 -9.476711e-01 3.124240e-01 6.565669e-02 1.998727e+01
9.690981e-01 -6.724056e-02 2.373343e-01 1.101840e+01 8.779500e-03 9.709235e-01 2.392290e-01 1.496181e-01 -2.465193e-01 -2.297527e-01 9.415104e-01 2.044962e+01
2.273357e-01 -1.861895e-01 9.558514e-01 1.117161e+01 5.076919e-01 8.602654e-01 4.682304e-02 1.532064e-01 -8.310039e-01 4.746335e-01 2.900959e-01 2.086659e+01
9.589000e-01 2.151270e-01 1.850166e-01 1.126582e+01 -2.129431e-01 9.765458e-01 -3.183643e-02 1.568576e-01 -1.875261e-01 -8.870055e-03 9.822196e-01 2.124258e+01
2.249441e-01 -4.219930e-01 8.782494e-01 1.094456e+01 3.728607e-01 8.700243e-01 3.225409e-01 1.676277e-01 -9.002083e-01 2.549110e-01 3.530514e-01 2.163886e+01
9.990064e-01 4.167495e-02 1.579265e-02 1.063259e+01 -3.644800e-02 9.679185e-01 -2.486068e-01 1.776351e-01 -2.564667e-02 2.477842e-01 9.684757e-01 2.207376e+01
1.449931e-01 -2.124445e-01 9.663562e-01 1.042105e+01 8.511328e-02 9.757348e-01 2.017358e-01 1.834465e-01 -9.857650e-01 5.299945e-02 1.595567e-01 2.256438e+01
9.451304e-01 -3.007615e-01 1.275582e-01 1.005229e+01 3.094215e-01 9.493826e-01 -5.413950e-02 1.962715e-01 -1.048184e-01 9.063813e-02 9.903524e-01 2.311283e+01
7.449942e-02 1.302252e-01 9.886816e-01 1.033027e+01 1.495301e-01 9.787688e-01 -1.401870e-01 2.002763e-01 -9.859465e-01 1.582816e-01 5.344511e-02 2.427776e+01
9.752972e-01 -8.415159e-02 2.042398e-01 1.102909e+01 3.149655e-02 9.681234e-01 2.484854e-01 2.080787e-01 -2.186398e-01 -2.359143e-01 9.468585e-01 2.522930e+01
2.043440e-01 -1.546469e-01 9.666064e-01 1.120478e+01 5.251546e-01 8.506374e-01 2.507356e-02 2.151170e-01 -8.261090e-01 5.024942e-01 2.550361e-01 2.550280e+01
9.514978e-01 2.258583e-01 2.089018e-01 1.132340e+01 -2.264074e-01 9.737931e-01 -2.160384e-02 2.210489e-01 -2.083066e-01 -2.674091e-02 9.776980e-01 2.587434e+01
1.227039e-01 -4.160335e-01 9.010327e-01 1.124061e+01 3.351111e-01 8.719388e-01 3.569640e-01 2.283573e-01 -9.341543e-01 2.581452e-01 2.464077e-01 2.636212e+01
9.530679e-01 -9.556140e-02 2.872796e-01 1.076900e+01 1.771393e-01 9.455214e-01 -2.731500e-01 2.465128e-01 -2.455264e-01 3.112190e-01 9.180738e-01 2.679502e+01
1.281767e-01 -2.180083e-02 9.915117e-01 1.082888e+01 2.933569e-02 9.994042e-01 1.818203e-02 2.541306e-01 -9.913174e-01 2.675617e-02 1.287399e-01 2.727196e+01
9.647689e-01 -2.587360e-01 4.771491e-02 1.095346e+01 2.525986e-01 9.616291e-01 1.070676e-01 2.584888e-01 -7.358627e-02 -9.124274e-02 9.931061e-01 2.787445e+01
5.757406e-01 6.679392e-02 8.148996e-01 1.098055e+01 2.206031e-01 9.470060e-01 -2.334821e-01 2.688444e-01 -7.873100e-01 3.141945e-01 5.304949e-01 2.804932e+01
9.833767e-01 -5.735508e-02 1.722809e-01 1.115462e+01 1.628685e-02 9.728391e-01 2.309087e-01 2.821249e-01 -1.808453e-01 -2.242643e-01 9.576014e-01 2.804507e+01
2.044845e-01 -1.649229e-01 9.648764e-01 1.123298e+01 5.491469e-01 8.353089e-01 2.639675e-02 3.001334e-01 -8.103233e-01 5.244611e-01 2.613746e-01 2.805316e+01
9.561979e-01 2.575826e-01 1.390564e-01 1.180019e+01 -2.566440e-01 9.661839e-01 -2.495148e-02 3.158566e-01 -1.407811e-01 -1.182945e-02 9.899701e-01 2.796531e+01
1.639337e-01 -3.975197e-01 9.028310e-01 1.246553e+01 2.960881e-01 8.928423e-01 3.393588e-01 3.267249e-01 -9.409876e-01 2.116852e-01 2.640678e-01 2.809712e+01
9.740846e-01 6.539909e-02 2.165229e-01 1.281995e+01 -7.760123e-03 9.663859e-01 -2.569786e-01 3.291824e-01 -2.260509e-01 2.486386e-01 9.418492e-01 2.918434e+01
1.901713e-01 -2.128620e-01 9.583969e-01 1.301676e+01 -1.613500e-03 9.761428e-01 2.171236e-01 3.319723e-01 -9.817496e-01 -4.283705e-02 1.852909e-01 3.011352e+01
9.364987e-01 -3.499944e-01 -2.177504e-02 1.263720e+01 3.459391e-01 9.322452e-01 -1.060426e-01 3.456597e-01 5.741398e-02 9.177588e-02 9.941231e-01 3.050657e+01
3.274901e-01 1.554941e-01 9.319720e-01 1.206830e+01 1.706074e-01 9.604212e-01 -2.201912e-01 3.672620e-01 -9.293242e-01 2.311117e-01 2.880000e-01 3.081571e+01
9.668552e-01 -1.902023e-01 1.703353e-01 1.181101e+01 1.350937e-01 9.471853e-01 2.908430e-01 3.801652e-01 -2.166581e-01 -2.581918e-01 9.414862e-01 3.111817e+01
3.345553e-01 -8.565459e-02 9.384754e-01 1.165847e+01 5.498315e-01 8.265276e-01 -1.205712e-01 3.951825e-01 -7.653484e-01 5.563411e-01 3.236148e-01 3.133546e+01
9.750776e-01 1.948072e-01 1.061779e-01 1.110740e+01 -2.104432e-01 9.636598e-01 1.645402e-01 4.164448e-01 -7.026574e-02 -1.827839e-01 9.806390e-01 3.154190e+01
5.995948e-01 -3.797322e-01 7.044782e-01 1.104424e+01 4.985705e-01 8.658139e-01 4.235351e-02 4.279515e-01 -6.260299e-01 3.258371e-01 7.084608e-01 3.164314e+01
7.762923e-01 4.688818e-01 -4.213312e-01 1.204318e+01 -4.229589e-01 8.830273e-01 2.033927e-01 4.464624e-01 4.674141e-01 2.031357e-02 8.838051e-01 3.136333e+01
3.353137e-01 -4.660763e-01 8.187415e-01 1.285859e+01 4.672388e-01 8.369145e-01 2.850649e-01 4.594315e-01 -8.180786e-01 2.869617e-01 4.983978e-01 3.122329e+01
9.853046e-01 1.470202e-01 8.694729e-02 1.270937e+01 -1.164193e-01 9.505334e-01 -2.879805e-01 4.761648e-01 -1.249853e-01 2.736262e-01 9.536810e-01 3.138246e+01
3.543687e-01 -3.217785e-01 8.779985e-01 1.250087e+01 1.047227e-01 9.466794e-01 3.046823e-01 4.928955e-01 -9.292233e-01 -1.602351e-02 3.691710e-01 3.166755e+01
9.725956e-01 -1.408310e-01 -1.849986e-01 1.305068e+01 9.285604e-02 9.647490e-01 -2.462460e-01 5.109695e-01 2.131562e-01 2.223195e-01 9.513876e-01 3.168498e+01
3.824375e-01 -9.416768e-03 9.239334e-01 1.367242e+01 -1.983346e-02 9.996340e-01 1.839784e-02 5.290027e-01 -9.237685e-01 -2.536082e-02 3.821108e-01 3.148342e+01
9.541028e-01 -2.913949e-01 6.911515e-02 1.436402e+01 2.895229e-01 9.564963e-01 3.593388e-02 5.445909e-01 -7.657934e-02 -1.427420e-02 9.969613e-01 3.137009e+01
4.322868e-01 1.334849e-01 8.918015e-01 1.511616e+01 1.955600e-01 9.515674e-01 -2.372253e-01 5.627017e-01 -8.802752e-01 2.769501e-01 3.852457e-01 3.116631e+01
9.945383e-01 -6.891613e-02 -7.838471e-02 1.560457e+01 8.769713e-02 9.589847e-01 2.695506e-01 5.809061e-01 5.659336e-02 -2.749525e-01 9.597908e-01 3.095774e+01
2.634813e-01 -3.577875e-02 9.640008e-01 1.643888e+01 4.554335e-01 8.855436e-01 -9.161258e-02 5.937041e-01 -8.503869e-01 4.631765e-01 2.496191e-01 3.099661e+01
9.461742e-01 1.870006e-01 2.641687e-01 1.718467e+01 -2.140049e-01 9.737787e-01 7.718067e-02 6.042260e-01 -2.428090e-01 -1.295598e-01 9.613834e-01 3.119770e+01
2.537051e-01 -3.839548e-01 8.878133e-01 1.795294e+01 4.234790e-01 8.692960e-01 2.549314e-01 6.195956e-01 -8.696546e-01 3.112929e-01 3.831417e-01 3.111956e+01
9.767490e-01 2.141562e-01 9.927407e-03 1.825071e+01 -2.089986e-01 9.614975e-01 -1.784438e-01 6.239265e-01 -4.776003e-02 1.722200e-01 9.839000e-01 3.169630e+01
1.720459e-01 -3.682310e-01 9.136773e-01 1.825163e+01 1.480427e-01 9.266386e-01 3.455782e-01 6.323933e-01 -9.739012e-01 7.580791e-02 2.139383e-01 3.234934e+01
9.865273e-01 -1.626968e-01 1.713472e-02 1.836801e+01 1.614964e-01 9.517781e-01 -2.608397e-01 6.420502e-01 2.612933e-02 2.600927e-01 9.652300e-01 3.262153e+01
1.077384e-01 3.727775e-02 9.934801e-01 1.862321e+01 4.732909e-02 9.979714e-01 -4.257890e-02 6.565091e-01 -9.930521e-01 5.160790e-02 1.057555e-01 3.269406e+01
9.716838e-01 -2.361777e-01 7.114933e-03 1.933622e+01 2.332492e-01 9.635764e-01 1.308254e-01 6.685394e-01 -3.775384e-02 -1.254614e-01 9.913799e-01 3.273125e+01
5.441176e-01 3.530553e-02 8.382658e-01 1.963164e+01 1.386865e-01 9.815853e-01 -1.313631e-01 6.756836e-01 -8.274673e-01 1.877332e-01 5.292015e-01 3.375200e+01
9.786130e-01 -5.130816e-02 1.992088e-01 1.976291e+01 -8.322240e-03 9.577279e-01 2.875551e-01 6.850436e-01 -2.055417e-01 -2.830630e-01 9.368180e-01 3.555842e+01
5.919498e-01 -2.524579e-01 7.654152e-01 1.980591e+01 3.871466e-01 9.220062e-01 4.698609e-03 6.953394e-01 -7.069038e-01 2.935465e-01 6.435196e-01 3.720392e+01
9.469764e-01 2.579551e-01 -1.915592e-01 2.011851e+01 -2.321227e-01 9.614789e-01 1.472323e-01 7.102985e-01 2.221595e-01 -9.496029e-02 9.703750e-01 3.795251e+01
3.674351e-03 -3.116888e-01 9.501772e-01 2.073507e+01 3.728115e-01 8.821081e-01 2.879182e-01 7.191468e-01 -9.278998e-01 3.531790e-01 1.194423e-01 3.824422e+01
9.884690e-01 1.442810e-01 -4.595642e-02 2.135908e+01 -1.503875e-01 9.708399e-01 -1.866910e-01 7.267334e-01 1.768036e-02 1.914495e-01 9.813432e-01 3.860537e+01
1.100646e-01 -2.573347e-01 9.600337e-01 2.228487e+01 5.462866e-02 9.660083e-01 2.526732e-01 7.377597e-01 -9.924220e-01 2.463498e-02 1.203812e-01 3.876240e+01
9.851385e-01 -1.712711e-01 -1.297358e-02 2.275476e+01 1.673796e-01 9.742152e-01 -1.512905e-01 7.404106e-01 3.855074e-02 1.468705e-01 9.884042e-01 3.930365e+01
2.174295e-01 1.651040e-02 9.759364e-01 2.292634e+01 4.738897e-02 9.984993e-01 -2.744993e-02 7.425573e-01 -9.749250e-01 5.221705e-02 2.163208e-01 4.000140e+01
9.756241e-01 -2.139993e-01 4.859899e-02 2.306224e+01 2.055660e-01 9.687300e-01 1.389418e-01 7.459669e-01 -7.681275e-02 -1.255647e-01 9.891073e-01 4.067899e+01
2.749098e-01 3.526640e-02 9.608230e-01 2.327019e+01 3.209990e-01 9.386209e-01 -1.262954e-01 7.491228e-01 -9.063025e-01 3.431431e-01 2.467156e-01 4.132707e+01
9.954677e-01 8.455646e-02 4.352324e-02 2.375499e+01 -9.152082e-02 9.761644e-01 1.967917e-01 7.567178e-01 -2.584583e-02 -1.998830e-01 9.794788e-01 4.165588e+01
2.038858e-01 -2.169635e-01 9.546504e-01 2.464726e+01 4.415414e-01 8.907015e-01 1.081293e-01 7.707938e-01 -8.737687e-01 3.994717e-01 2.773997e-01 4.170547e+01
9.510604e-01 2.750299e-01 -1.408639e-01 2.587886e+01 -2.780461e-01 9.605660e-01 -1.805479e-03 7.895860e-01 1.348125e-01 4.088379e-02 9.900273e-01 4.158536e+01
2.111290e-01 -3.553977e-01 9.105586e-01 2.712906e+01 2.108142e-01 9.261898e-01 3.126176e-01 8.048142e-01 -9.544537e-01 1.259560e-01 2.704684e-01 4.162858e+01
9.395914e-01 9.978559e-02 -3.274306e-01 2.829316e+01 -1.713755e-01 9.651790e-01 -1.976358e-01 8.199027e-01 2.963079e-01 2.418105e-01 9.239747e-01 4.162709e+01
5.339296e-01 -2.385065e-01 8.111928e-01 2.933248e+01 6.316135e-02 9.679611e-01 2.430265e-01 8.402878e-01 -8.431665e-01 -7.852300e-02 5.318875e-01 4.131936e+01
9.842956e-01 -1.621242e-01 6.984222e-02 3.029857e+01 1.738076e-01 9.592424e-01 -2.228115e-01 8.588496e-01 -3.087248e-02 2.314515e-01 9.723565e-01 4.107017e+01
5.048178e-01 3.127290e-02 8.626593e-01 3.106311e+01 -5.157208e-02 9.986511e-01 -6.023479e-03 8.723959e-01 -8.616840e-01 -4.144837e-02 5.057497e-01 4.095831e+01
9.202426e-01 -3.138699e-01 2.337503e-01 3.176391e+01 3.038288e-01 9.494649e-01 7.876907e-02 8.849189e-01 -2.466609e-01 -1.466586e-03 9.691007e-01 4.094883e+01
4.685285e-01 9.477222e-02 8.783503e-01 3.194808e+01 2.268130e-01 9.480004e-01 -2.232736e-01 8.924219e-01 -8.538366e-01 3.038313e-01 4.226697e-01 4.120294e+01
8.861922e-01 -8.968784e-02 4.545542e-01 3.212544e+01 -1.490202e-02 9.750598e-01 2.214413e-01 8.966109e-01 -4.630781e-01 -2.030133e-01 8.627539e-01 4.164820e+01
3.789080e-01 -2.400843e-01 8.937495e-01 3.252069e+01 4.523790e-01 8.905631e-01 4.744087e-02 8.973964e-01 -8.073302e-01 3.863378e-01 4.460506e-01 4.221198e+01
8.917680e-01 1.995778e-01 4.061016e-01 3.300376e+01 -1.627128e-01 9.788805e-01 -1.237639e-01 8.991606e-01 -4.222255e-01 4.429073e-02 9.054082e-01 4.274640e+01
4.204758e-01 -3.531623e-01 8.357491e-01 3.373189e+01 1.882530e-01 9.350478e-01 3.004105e-01 9.053929e-01 -8.875590e-01 3.101689e-02 4.596488e-01 4.314299e+01
9.761622e-01 -4.553365e-02 2.122121e-01 3.421406e+01 1.003144e-01 9.616993e-01 -2.550913e-01 9.089308e-01 -1.924690e-01 2.702984e-01 9.433422e-01 4.356898e+01
2.674510e-01 -7.246711e-02 9.608426e-01 3.463658e+01 -1.896677e-02 9.965788e-01 8.044176e-02 9.125077e-01 -9.633848e-01 -3.973831e-02 2.651616e-01 4.399711e+01
9.264470e-01 -2.934341e-01 -2.357805e-01 3.530249e+01 2.803562e-01 9.558551e-01 -8.798574e-02 9.375811e-01 2.511900e-01 1.541159e-02 9.678151e-01 4.347137e+01
1.845306e-01 8.161230e-02 9.794324e-01 3.558704e+01 -1.782238e-02 9.966604e-01 -7.969000e-02 9.437579e-01 -9.826652e-01 -2.750579e-03 1.853688e-01 4.499918e+01
8.961215e-01 -2.819265e-01 3.427591e-01 3.580373e+01 1.732311e-01 9.332455e-01 3.147124e-01 9.524077e-01 -4.086041e-01 -2.226440e-01 8.851397e-01 4.703718e+01
2.341700e-01 -3.977285e-02 9.713818e-01 3.636021e+01 5.004195e-01 8.615649e-01 -8.535916e-02 9.600150e-01 -8.335135e-01 5.060870e-01 2.216557e-01 4.787764e+01
6.265563e-01 4.713489e-01 -6.206911e-01 3.628157e+01 -9.087128e-02 8.351439e-01 5.424731e-01 9.878675e-01 7.740605e-01 -2.834869e-01 5.660967e-01 4.883629e+01
-2.375514e-01 -1.454096e-01 9.604298e-01 3.618519e+01 6.602537e-01 7.010453e-01 2.694449e-01 1.003961e+00 -7.124846e-01 6.981343e-01 -7.052706e-02 5.012330e+01
8.814208e-01 4.652635e-01 -8.140726e-02 3.688598e+01 -4.721160e-01 8.730430e-01 -1.220756e-01 1.010135e+00 1.427470e-02 1.460337e-01 9.891766e-01 5.054429e+01
-2.983233e-02 -5.508773e-01 8.340529e-01 3.752294e+01 1.395615e-01 8.239552e-01 5.491998e-01 1.017380e+00 -9.897639e-01 1.327856e-01 5.230076e-02 5.067763e+01
9.754247e-01 -4.502539e-02 -2.156836e-01 3.829026e+01 -5.832336e-02 8.912162e-01 -4.498135e-01 1.022368e+00 2.124738e-01 4.513385e-01 8.666882e-01 5.090753e+01
-3.514991e-02 -1.398301e-01 9.895514e-01 3.904941e+01 -2.753469e-01 9.531952e-01 1.249121e-01 1.027310e+00 -9.607021e-01 -2.680792e-01 -7.200651e-02 5.132295e+01
8.876008e-01 -3.669009e-01 -2.784755e-01 3.959519e+01 3.630550e-01 9.293378e-01 -6.724826e-02 1.030127e+00 2.834713e-01 -4.141231e-02 9.580861e-01 5.241280e+01
-2.520651e-02 2.570030e-01 9.660818e-01 4.017517e+01 9.729865e-02 9.624314e-01 -2.534932e-01 1.034867e+00 -9.949360e-01 8.760878e-02 -4.926558e-02 5.337703e+01
-1.337509e-01 -1.189836e-02 -9.909436e-01 4.130290e+01 3.969430e-01 9.155692e-01 -6.457001e-02 1.097710e+00 9.080457e-01 -4.019844e-01 -1.177352e-01 5.181181e+01
8.421766e-01 4.386523e-01 3.135644e-01 4.278205e+01 -4.123063e-01 8.986513e-01 -1.497644e-01 1.202838e+00 -3.474796e-01 -3.156505e-03 9.376822e-01 4.933480e+01
7.219978e-01 -4.784311e-01 -4.998229e-01 4.398991e+01 4.723375e-01 8.686947e-01 -1.492208e-01 1.247057e+00 5.055853e-01 -1.283480e-01 8.531766e-01 4.834211e+01
3.519899e-02 4.524526e-01 8.910935e-01 4.524523e+01 4.245173e-02 8.901644e-01 -4.536577e-01 1.270481e+00 -9.984783e-01 5.379675e-02 1.212549e-02 4.805855e+01
9.652789e-01 -1.706419e-01 -1.977826e-01 4.600366e+01 2.503082e-01 8.207832e-01 5.134790e-01 1.279755e+00 7.471563e-02 -5.451571e-01 8.349978e-01 4.819354e+01
8.122076e-02 1.378613e-01 9.871157e-01 4.661307e+01 7.194515e-01 6.773022e-01 -1.537896e-01 1.287982e+00 -6.897773e-01 7.226728e-01 -4.417353e-02 4.846183e+01
8.338159e-01 5.518276e-01 1.540658e-02 4.753025e+01 -5.259321e-01 7.855871e-01 3.259576e-01 1.299759e+00 1.677692e-01 -2.798915e-01 9.452588e-01 4.869942e+01
-1.198877e-01 -5.842201e-01 8.026916e-01 4.854170e+01 5.217773e-01 6.507737e-01 5.515814e-01 1.311834e+00 -8.446156e-01 4.849541e-01 2.268130e-01 4.899036e+01
9.488710e-01 3.070870e-01 -7.308477e-02 4.937615e+01 -3.010848e-01 8.109044e-01 -5.017789e-01 1.322129e+00 -9.482503e-02 4.981281e-01 8.619029e-01 4.928496e+01
7.980909e-02 -4.248106e-01 9.017575e-01 5.000752e+01 -2.623181e-01 8.638065e-01 4.301483e-01 1.328408e+00 -9.616755e-01 -2.708771e-01 -4.249591e-02 4.960200e+01
8.558878e-01 -4.920891e-01 -1.590734e-01 5.092867e+01 3.949530e-01 8.205205e-01 -4.132291e-01 1.344393e+00 3.338686e-01 2.908512e-01 8.966255e-01 4.953569e+01
1.201947e-01 3.414618e-01 9.321787e-01 5.201355e+01 -2.678039e-01 9.153279e-01 -3.007588e-01 1.363409e+00 -9.559468e-01 -2.134915e-01 2.014623e-01 4.936125e+01
8.551657e-01 -4.608905e-01 -2.372161e-01 5.286071e+01 5.150893e-01 8.068595e-01 2.892419e-01 1.376017e+00 5.809118e-02 -3.695372e-01 9.273983e-01 4.934306e+01
8.338083e-01 3.767473e-01 4.035159e-01 5.360397e+01 -6.139764e-02 7.896866e-01 -6.104305e-01 1.415908e+00 -5.486292e-01 4.842072e-01 6.815786e-01 4.831753e+01
9.394959e-01 -3.420880e-01 1.798065e-02 5.388199e+01 2.792105e-01 7.951093e-01 5.383705e-01 1.454830e+00 -1.984667e-01 -5.007764e-01 8.425164e-01 4.747841e+01
3.387790e-01 7.923819e-02 9.375234e-01 5.397943e+01 6.889123e-01 6.577673e-01 -3.045357e-01 1.460312e+00 -6.408030e-01 7.490417e-01 1.682496e-01 4.785202e+01
8.445983e-01 4.918236e-01 2.115735e-01 5.434514e+01 -5.353801e-01 7.792792e-01 3.257178e-01 1.462777e+00 -4.679142e-03 -3.883729e-01 9.214904e-01 4.823772e+01
-2.633066e-03 -6.285736e-01 7.777456e-01 5.496747e+01 6.052547e-01 6.181095e-01 5.016048e-01 1.467156e+00 -7.960275e-01 4.720550e-01 3.788196e-01 4.868041e+01
1.123914e-01 4.888108e-01 -8.651197e-01 5.629914e+01 -5.091930e-01 7.759673e-01 3.722864e-01 1.530784e+00 8.532823e-01 3.986711e-01 3.361111e-01 4.715536e+01
4.623500e-01 -4.721421e-01 7.505427e-01 5.711457e+01 6.731206e-01 7.378732e-01 4.951579e-02 1.590939e+00 -5.771838e-01 4.823121e-01 6.589642e-01 4.594396e+01
7.934448e-01 4.498693e-01 4.099549e-01 5.721647e+01 -3.605464e-01 8.900656e-01 -2.789078e-01 1.588355e+00 -4.903588e-01 7.349019e-02 8.684166e-01 4.659197e+01
4.046384e-01 -6.098951e-01 6.813925e-01 5.716844e+01 1.626038e-01 7.812289e-01 6.026951e-01 1.591654e+00 -8.999043e-01 -1.330766e-01 4.152865e-01 4.776551e+01
8.929570e-01 -1.530148e-01 4.233371e-01 5.709037e+01 3.575585e-01 8.124279e-01 -4.605570e-01 1.594760e+00 -2.734589e-01 5.626254e-01 7.801749e-01 4.902394e+01
5.167519e-01 1.522801e-01 8.424834e-01 5.751448e+01 -3.533143e-01 9.342807e-01 4.783888e-02 1.601119e+00 -7.798311e-01 -3.223823e-01 5.365940e-01 4.924113e+01
-2.495869e-01 -5.226727e-01 -8.151807e-01 5.942733e+01 -3.082351e-02 8.456839e-01 -5.327932e-01 1.717861e+00 9.678617e-01 -1.078515e-01 -2.271822e-01 4.636073e+01
5.978401e-01 2.030125e-02 8.013582e-01 6.106367e+01 -3.615963e-01 8.990246e-01 2.469875e-01 1.792952e+00 -7.154267e-01 -4.374272e-01 5.448139e-01 4.462669e+01
8.362613e-01 -5.124682e-01 1.950471e-01 6.141808e+01 5.343879e-01 8.413990e-01 -8.048187e-02 1.790832e+00 -1.228680e-01 1.715347e-01 9.774862e-01 4.539768e+01
7.797759e-01 3.714821e-01 5.039351e-01 6.129862e+01 -3.412438e-01 9.270480e-01 -1.553534e-01 1.798327e+00 -5.248830e-01 -5.082388e-02 8.496557e-01 4.608472e+01
8.266728e-01 -5.416308e-01 1.524731e-01 6.107250e+01 4.902087e-01 8.262812e-01 2.774073e-01 1.808833e+00 -2.762380e-01 -1.545815e-01 9.485764e-01 4.680682e+01
6.145222e-01 2.269445e-01 7.555519e-01 6.082518e+01 2.433204e-01 8.565122e-01 -4.551726e-01 1.818761e+00 -7.504383e-01 4.635548e-01 4.711255e-01 4.752754e+01
8.213916e-01 -1.314407e-01 5.550128e-01 6.045544e+01 -1.267830e-01 9.066633e-01 4.023528e-01 1.831976e+00 -5.560952e-01 -4.008554e-01 7.280612e-01 4.816648e+01
3.196760e-01 -4.318393e-01 8.433991e-01 6.023698e+01 6.825176e-01 7.223648e-01 1.111704e-01 1.841268e+00 -6.572496e-01 5.400962e-01 5.256607e-01 4.917012e+01
7.520565e-01 3.469197e-01 5.604086e-01 6.003155e+01 -1.587781e-01 9.205850e-01 -3.568093e-01 1.851042e+00 -6.396879e-01 1.793601e-01 7.474151e-01 5.008122e+01
3.615922e-01 -4.535015e-01 8.146088e-01 6.002028e+01 2.440895e-02 8.780336e-01 4.779761e-01 1.852819e+00 -9.320168e-01 -1.529487e-01 3.285596e-01 5.098746e+01
7.861898e-01 -3.295549e-01 5.227803e-01 5.998473e+01 5.029239e-01 8.327951e-01 -2.313437e-01 1.854509e+00 -3.591284e-01 4.447987e-01 8.204760e-01 5.201913e+01
3.595915e-01 2.458267e-01 9.001462e-01 5.996401e+01 -1.550617e-01 9.670031e-01 -2.021408e-01 1.856774e+00 -9.201358e-01 -6.689005e-02 3.858444e-01 5.322710e+01
7.889538e-01 -4.569163e-01 4.108276e-01 6.000151e+01 2.691420e-01 8.580316e-01 4.374292e-01 1.858594e+00 -5.523717e-01 -2.345405e-01 7.999227e-01 5.456259e+01
4.952366e-01 -8.907452e-03 8.687125e-01 6.014577e+01 4.826479e-01 8.342532e-01 -2.665943e-01 1.858952e+00 -7.223515e-01 5.513095e-01 4.174519e-01 5.585422e+01
7.376433e-01 1.918857e-01 6.473502e-01 6.022355e+01 -3.373314e-01 9.352677e-01 1.071534e-01 1.860020e+00 -5.848845e-01 -2.974125e-01 7.546230e-01 5.729254e+01
3.675972e-01 -6.128135e-01 6.995226e-01 6.015410e+01 4.972846e-01 7.651434e-01 4.089786e-01 1.864984e+00 -7.858627e-01 1.975224e-01 5.860074e-01 5.873484e+01
8.322545e-01 1.626692e-01 5.299916e-01 6.001742e+01 1.215221e-01 8.792071e-01 -4.606813e-01 1.871347e+00 -5.409110e-01 4.478098e-01 7.119562e-01 5.995045e+01
4.843295e-01 -2.020312e-01 8.512393e-01 5.980358e+01 -1.760512e-01 9.305635e-01 3.210257e-01 1.881120e+00 -8.569894e-01 -3.053439e-01 4.151316e-01 6.109245e+01
7.584771e-01 -4.913732e-01 4.280944e-01 5.968932e+01 5.601960e-01 8.272430e-01 -4.300635e-02 1.885886e+00 -3.330059e-01 2.724361e-01 9.027102e-01 6.213653e+01
3.717531e-01 3.187028e-01 8.719106e-01 5.970799e+01 4.379679e-02 9.321563e-01 -3.593974e-01 1.887259e+00 -9.272979e-01 1.717940e-01 3.325739e-01 6.305348e+01
8.628282e-01 -2.792191e-01 4.213836e-01 5.977841e+01 6.842154e-02 8.904404e-01 4.499272e-01 1.889926e+00 -5.008453e-01 -3.593781e-01 7.874017e-01 6.379059e+01
3.729320e-01 -2.002108e-01 9.060007e-01 5.987672e+01 6.061608e-01 7.918427e-01 -7.452680e-02 1.891609e+00 -7.024890e-01 5.769756e-01 4.166635e-01 6.496102e+01
6.839000e-01 3.084142e-01 6.611818e-01 6.003054e+01 -2.606539e-01 9.497324e-01 -1.734012e-01 1.893661e+00 -6.814252e-01 -5.375053e-02 7.299114e-01 6.620782e+01
4.273517e-01 -5.467315e-01 7.200383e-01 6.009078e+01 2.215124e-01 8.354717e-01 5.029108e-01 1.896491e+00 -8.765288e-01 -5.542235e-02 4.781481e-01 6.757374e+01
9.224600e-01 -7.678547e-02 3.783801e-01 6.011924e+01 2.443698e-01 8.748590e-01 -4.182167e-01 1.897186e+00 -2.989163e-01 4.782528e-01 8.257865e-01 6.850418e+01
4.144176e-01 6.843837e-03 9.100611e-01 6.009584e+01 -2.076793e-01 9.742986e-01 8.724471e-02 1.898678e+00 -8.860741e-01 -2.251566e-01 4.051878e-01 6.908286e+01
7.311981e-01 -5.838121e-01 3.528638e-01 5.966668e+01 5.714828e-01 8.067012e-01 1.504681e-01 1.913995e+00 -3.725007e-01 9.163362e-02 9.234969e-01 6.953366e+01
4.891722e-01 3.141789e-01 8.136351e-01 5.961250e+01 2.162231e-01 8.600626e-01 -4.621038e-01 1.920181e+00 -8.449604e-01 4.019751e-01 3.527860e-01 6.999442e+01
8.791557e-01 -1.068919e-01 4.643914e-01 5.970650e+01 -1.248640e-01 8.887966e-01 4.409643e-01 1.923173e+00 -4.598850e-01 -4.456621e-01 7.680437e-01 7.043429e+01
3.977998e-01 -3.595039e-01 8.441044e-01 5.986950e+01 6.692967e-01 7.429946e-01 1.022891e-03 1.923333e+00 -6.275327e-01 5.645493e-01 5.361779e-01 7.106756e+01
7.948672e-01 4.580570e-01 3.979573e-01 6.034440e+01 -3.982997e-01 8.886464e-01 -2.272991e-01 1.925425e+00 -4.577593e-01 2.216636e-02 8.887998e-01 7.152104e+01
5.070387e-01 -5.973357e-01 6.213709e-01 6.057825e+01 3.023017e-01 7.983607e-01 5.208012e-01 1.927982e+00 -8.071713e-01 -7.622489e-02 5.853754e-01 7.188707e+01
9.437524e-01 4.642787e-02 3.273774e-01 6.078638e+01 1.400415e-01 8.407836e-01 -5.229448e-01 1.930282e+00 -2.995328e-01 5.393768e-01 7.869897e-01 7.240639e+01
5.573095e-01 -7.611505e-02 8.268087e-01 6.087756e+01 -2.620107e-01 9.287885e-01 2.621112e-01 1.935042e+00 -7.878810e-01 -3.627098e-01 4.976797e-01 7.273361e+01
7.270082e-01 -5.688542e-01 3.845308e-01 6.073513e+01 6.254251e-01 7.797475e-01 -2.893535e-02 1.941467e+00 -2.833770e-01 2.615315e-01 9.226585e-01 7.312752e+01
3.143413e-01 4.160077e-01 8.533037e-01 6.087786e+01 6.600158e-02 8.871148e-01 -4.568053e-01 1.942314e+00 -9.470129e-01 1.999121e-01 2.513996e-01 7.398487e+01
8.042999e-01 -2.289685e-01 5.483385e-01 6.122649e+01 -1.131978e-01 8.468452e-01 5.196532e-01 1.943095e+00 -5.833421e-01 -4.800277e-01 6.551988e-01 7.534919e+01
3.521575e-01 -3.966348e-01 8.477417e-01 6.133049e+01 6.894159e-01 7.225213e-01 5.165981e-02 1.946820e+00 -6.330015e-01 5.662542e-01 5.278876e-01 7.710248e+01
5.836406e-01 3.770114e-01 7.191842e-01 6.125716e+01 -1.501269e-01 9.205126e-01 -3.607193e-01 1.957133e+00 -7.980135e-01 1.025616e-01 5.938481e-01 7.903004e+01
3.484764e-01 -4.940763e-01 7.965254e-01 6.120387e+01 -2.460019e-02 8.446788e-01 5.347078e-01 1.966451e+00 -9.369947e-01 -2.059278e-01 2.821963e-01 8.085501e+01
7.593378e-01 -3.722868e-01 5.336747e-01 6.119448e+01 5.584731e-01 7.937752e-01 -2.408915e-01 1.970888e+00 -3.339370e-01 4.809610e-01 8.106557e-01 8.216124e+01
4.420609e-01 3.168139e-01 8.391729e-01 6.120836e+01 -2.309023e-01 9.442123e-01 -2.348344e-01 1.970934e+00 -8.667562e-01 -8.995585e-02 4.905524e-01 8.308362e+01
6.847321e-01 -5.276864e-01 5.026818e-01 6.134698e+01 2.833726e-01 8.282415e-01 4.834419e-01 1.971122e+00 -6.714476e-01 -1.885820e-01 7.166554e-01 8.400076e+01
3.235569e-01 -4.895398e-02 9.449415e-01 6.138523e+01 6.335844e-01 7.529334e-01 -1.779385e-01 1.981224e+00 -7.027672e-01 6.562734e-01 2.746332e-01 8.541306e+01
6.026711e-01 2.870876e-01 7.445590e-01 6.134375e+01 -2.857498e-01 9.488118e-01 -1.345481e-01 1.994043e+00 -7.450735e-01 -1.316693e-01 6.538567e-01 8.676132e+01
4.576409e-01 -5.872981e-01 6.675671e-01 6.134159e+01 3.300550e-01 8.093683e-01 4.857846e-01 1.998271e+00 -8.256080e-01 -1.981041e-03 5.642406e-01 8.774351e+01
8.877296e-01 4.792303e-02 4.578640e-01 6.142612e+01 1.864086e-01 8.719683e-01 -4.526843e-01 1.996972e+00 -4.209369e-01 4.872111e-01 7.651389e-01 8.876869e+01
5.121176e-01 -8.469016e-02 8.547299e-01 6.139043e+01 -2.248340e-01 9.472106e-01 2.285644e-01 1.997410e+00 -8.289664e-01 -3.092242e-01 4.660420e-01 8.961188e+01
7.115657e-01 -5.624612e-01 4.210838e-01 6.118797e+01 6.112428e-01 7.910857e-01 2.378520e-02 2.006506e+00 -3.464916e-01 2.404597e-01 9.067098e-01 9.004552e+01
5.764010e-01 4.020154e-01 7.114390e-01 6.152287e+01 -7.286322e-02 8.924331e-01 -4.452573e-01 2.013647e+00 -8.139121e-01 2.048090e-01 5.436915e-01 9.037137e+01
7.835185e-01 -3.565153e-01 5.089162e-01 6.200727e+01 6.256060e-02 8.601245e-01 5.062331e-01 2.021475e+00 -6.182111e-01 -3.648049e-01 6.962273e-01 9.065436e+01
6.265534e-01 -2.141865e-01 7.493697e-01 6.224167e+01 5.859909e-01 7.633887e-01 -2.717578e-01 2.028195e+00 -5.138536e-01 6.093946e-01 6.038151e-01 9.113107e+01
7.215140e-01 2.907530e-01 6.283949e-01 6.206806e+01 -3.539853e-01 9.348861e-01 -2.612309e-02 2.036766e+00 -5.950730e-01 -2.035944e-01 7.774557e-01 9.177320e+01
4.474802e-01 -6.556297e-01 6.082033e-01 6.168612e+01 5.309694e-01 7.420254e-01 4.092309e-01 2.051340e+00 -7.196061e-01 1.398146e-01 6.801609e-01 9.234285e+01
8.863461e-01 1.722353e-01 4.297972e-01 6.131818e+01 8.720839e-02 8.495299e-01 -5.202823e-01 2.065249e+00 -4.547365e-01 4.986321e-01 7.379572e-01 9.293165e+01
4.066797e-01 -2.081946e-01 8.895317e-01 6.106695e+01 -1.773531e-01 9.371708e-01 3.004275e-01 2.076317e+00 -8.961906e-01 -2.799390e-01 3.442044e-01 9.343003e+01
7.439111e-01 -5.376372e-01 3.969162e-01 6.085436e+01 6.022488e-01 7.967727e-01 -4.949374e-02 2.084823e+00 -2.896423e-01 2.758613e-01 9.165194e-01 9.395281e+01
4.250163e-01 4.084445e-01 8.077959e-01 6.118151e+01 -4.602900e-02 9.010065e-01 -4.313566e-01 2.087117e+00 -9.040146e-01 1.461516e-01 4.017428e-01 9.449571e+01
8.961980e-01 -2.928699e-01 3.332513e-01 6.159171e+01 8.352214e-02 8.490954e-01 5.215947e-01 2.089945e+00 -4.357216e-01 -4.396182e-01 7.854187e-01 9.521137e+01
3.433832e-01 -1.458079e-01 9.278082e-01 6.194512e+01 6.801272e-01 7.198757e-01 -1.385854e-01 2.091989e+00 -6.476997e-01 6.786155e-01 3.463612e-01 9.579709e+01
7.864615e-01 3.581825e-01 5.031735e-01 6.184241e+01 -3.676140e-01 9.261159e-01 -8.467106e-02 2.100450e+00 -4.963247e-01 -1.183831e-01 8.600275e-01 9.625677e+01
2.079286e-01 -6.009880e-01 7.717377e-01 6.185886e+01 3.447956e-01 7.833720e-01 5.171502e-01 2.105927e+00 -9.153588e-01 1.585615e-01 3.701035e-01 9.678396e+01
9.483633e-01 2.510761e-02 3.161907e-01 6.199131e+01 1.386714e-01 8.637257e-01 -4.845082e-01 2.108204e+00 -2.852669e-01 5.033364e-01 8.156441e-01 9.743845e+01
2.536444e-01 -9.927116e-02 9.621901e-01 6.198505e+01 -2.652574e-01 9.494495e-01 1.678816e-01 2.111104e+00 -9.302167e-01 -2.978103e-01 2.144901e-01 9.856103e+01
8.124915e-01 -5.232755e-01 2.569832e-01 6.221591e+01 5.239427e-01 8.487317e-01 7.168371e-02 2.112995e+00 -2.556201e-01 7.640207e-02 9.637536e-01 9.963429e+01
3.641454e-01 3.444966e-01 8.652862e-01 6.278009e+01 1.394062e-01 8.984461e-01 -4.163659e-01 2.118304e+00 -9.208496e-01 2.722440e-01 2.791400e-01 1.001570e+02
8.678445e-01 -1.764286e-01 4.644555e-01 6.289103e+01 -6.992175e-02 8.821520e-01 4.657455e-01 2.119032e+00 -4.918911e-01 -4.366702e-01 7.532345e-01 1.011288e+02
2.265737e-01 -3.455844e-01 9.106238e-01 6.287290e+01 6.949556e-01 7.124183e-01 9.745182e-02 2.122221e+00 -6.824229e-01 6.107631e-01 4.015811e-01 1.023325e+02
7.978595e-01 4.470393e-01 4.044455e-01 6.312187e+01 -3.522770e-01 8.901673e-01 -2.889691e-01 2.124025e+00 -4.892047e-01 8.807993e-02 8.677100e-01 1.032157e+02
6.581450e-01 -5.128462e-01 5.512114e-01 6.397153e+01 2.152879e-01 8.297492e-01 5.149441e-01 2.131889e+00 -7.214543e-01 -2.202388e-01 6.565048e-01 1.035913e+02
9.476459e-01 6.029779e-02 3.135783e-01 6.492385e+01 1.136476e-01 8.540246e-01 -5.076674e-01 2.141926e+00 -2.984148e-01 5.167264e-01 8.024602e-01 1.038714e+02
6.084456e-01 -4.634414e-02 7.922412e-01 6.568665e+01 -3.201574e-01 8.991161e-01 2.984787e-01 2.149087e+00 -7.261495e-01 -4.352499e-01 5.322258e-01 1.043138e+02
7.577014e-01 -5.204001e-01 3.937922e-01 6.636784e+01 5.891289e-01 8.050274e-01 -6.970026e-02 2.156722e+00 -2.807415e-01 2.848064e-01 9.165531e-01 1.047359e+02
4.906250e-01 4.082232e-01 7.698317e-01 6.687051e+01 -1.669066e-01 9.111401e-01 -3.767837e-01 2.162378e+00 -8.552364e-01 5.636947e-02 5.151632e-01 1.054118e+02
7.647570e-01 -4.388210e-01 4.717869e-01 6.713310e+01 1.403126e-01 8.280769e-01 5.427716e-01 2.165888e+00 -6.288554e-01 -3.488907e-01 6.948497e-01 1.063960e+02
5.627396e-01 -1.285357e-01 8.165799e-01 6.740384e+01 5.839816e-01 7.609639e-01 -2.826649e-01 2.167124e+00 -5.850553e-01 6.359344e-01 5.032870e-01 1.073107e+02
6.735017e-01 3.494890e-01 6.513470e-01 6.780432e+01 -4.264857e-01 9.034352e-01 -4.375829e-02 2.166864e+00 -6.037428e-01 -2.483189e-01 7.575172e-01 1.079887e+02
4.645599e-01 -6.308173e-01 6.214931e-01 6.821520e+01 4.190218e-01 7.748711e-01 4.732817e-01 2.165687e+00 -7.801312e-01 4.055145e-02 6.243003e-01 1.088498e+02
9.048407e-01 2.059653e-01 3.726146e-01 6.882525e+01 3.211566e-02 8.396819e-01 -5.421281e-01 2.169669e+00 -4.245373e-01 5.025063e-01 7.531636e-01 1.093714e+02
7.159029e-01 -1.504844e-01 6.817899e-01 6.929558e+01 -3.043892e-01 8.115436e-01 4.987426e-01 2.173618e+00 -6.283553e-01 -5.645808e-01 5.351806e-01 1.105735e+02
4.536239e-01 -5.531361e-01 6.987602e-01 6.974824e+01 6.791418e-01 7.222510e-01 1.308435e-01 2.183986e+00 -5.770545e-01 4.152035e-01 7.032881e-01 1.130310e+02
5.068887e-01 4.570462e-01 7.308711e-01 7.049633e+01 -3.725911e-02 8.586912e-01 -5.111371e-01 2.192767e+00 -8.612059e-01 2.318580e-01 4.522900e-01 1.143642e+02
9.047778e-01 -2.760132e-01 3.243362e-01 7.186458e+01 5.794355e-02 8.342583e-01 5.483207e-01 2.214678e+00 -4.219239e-01 -4.773152e-01 7.708115e-01 1.141792e+02
9.126756e-01 -8.783647e-02 3.991341e-01 7.318669e+01 3.066557e-01 7.927809e-01 -5.267455e-01 2.240708e+00 -2.701584e-01 6.031445e-01 7.504873e-01 1.137774e+02
8.238258e-01 1.761172e-01 5.387891e-01 7.448114e+01 -3.938636e-01 8.614259e-01 3.206508e-01 2.264084e+00 -4.076548e-01 -4.763699e-01 7.790310e-01 1.134662e+02
4.830980e-01 -5.555752e-01 6.767219e-01 7.563201e+01 6.759085e-01 7.279409e-01 1.151076e-01 2.279674e+00 -5.565644e-01 4.017939e-01 7.271848e-01 1.134584e+02
7.227875e-01 4.816172e-01 4.956037e-01 7.652524e+01 -2.659184e-01 8.557633e-01 -4.437979e-01 2.289461e+00 -6.378602e-01 1.889814e-01 7.466059e-01 1.137652e+02
7.313261e-01 -4.472707e-01 5.148894e-01 7.744412e+01 9.581662e-02 8.148296e-01 5.717271e-01 2.299496e+00 -6.752639e-01 -3.687840e-01 6.387622e-01 1.140096e+02
7.991021e-01 -1.261984e-01 5.878008e-01 7.844946e+01 4.499562e-01 7.739748e-01 -4.455362e-01 2.313092e+00 -3.987170e-01 6.205135e-01 6.752686e-01 1.141469e+02
6.332904e-01 2.654203e-01 7.269768e-01 7.965342e+01 -4.493721e-01 8.908888e-01 6.619614e-02 2.331787e+00 -6.300857e-01 -3.686044e-01 6.834638e-01 1.141701e+02
7.629652e-01 -5.950158e-01 2.526664e-01 8.108685e+01 5.933027e-01 7.997326e-01 9.175838e-02 2.355696e+00 -2.566632e-01 7.989919e-02 9.631927e-01 1.139781e+02
7.208789e-01 4.547973e-01 5.229656e-01 8.190497e+01 -2.464823e-01 8.734786e-01 -4.198589e-01 2.370318e+00 -6.477500e-01 1.737657e-01 7.417718e-01 1.141250e+02
6.885860e-01 -4.649462e-01 5.564839e-01 8.248956e+01 1.028222e-01 8.222484e-01 5.597635e-01 2.377679e+00 -7.178279e-01 -3.282265e-01 6.139955e-01 1.145788e+02
9.181079e-01 -9.001846e-02 3.859723e-01 8.316015e+01 2.885689e-01 8.193850e-01 -4.953143e-01 2.383833e+00 -2.716725e-01 5.661315e-01 7.782603e-01 1.149602e+02
7.461059e-01 1.246274e-01 6.540596e-01 8.410290e+01 -3.795174e-01 8.867291e-01 2.639659e-01 2.399048e+00 -5.470763e-01 -4.451735e-01 7.088921e-01 1.150472e+02
8.328592e-01 -5.153748e-01 2.018273e-01 8.522295e+01 5.479321e-01 8.192554e-01 -1.690885e-01 2.420795e+00 -7.820417e-02 2.514146e-01 9.647149e-01 1.149946e+02
5.740990e-01 4.388088e-01 6.912722e-01 8.638253e+01 -3.485894e-01 8.949187e-01 -2.785783e-01 2.438502e+00 -7.408750e-01 -8.103866e-02 6.667360e-01 1.149467e+02
8.330560e-01 -4.239857e-01 -3.553222e-01 8.763685e+01 5.009554e-01 8.506576e-01 1.594532e-01 2.463898e+00 2.346517e-01 -3.108340e-01 9.210434e-01 1.146446e+02
3.232837e-01 4.358432e-01 8.399574e-01 8.907250e+01 1.406979e-01 8.556167e-01 -4.981206e-01 2.487022e+00 -9.357840e-01 2.792144e-01 2.152847e-01 1.144941e+02
9.937553e-01 -1.610760e-02 -1.104125e-01 9.020435e+01 7.495661e-02 8.293725e-01 5.536450e-01 2.503510e+00 8.265520e-02 -5.584638e-01 8.254007e-01 1.145673e+02
1.248256e-01 -5.170355e-02 9.908306e-01 9.125618e+01 6.762361e-01 7.351951e-01 -4.682877e-02 2.515402e+00 -7.260326e-01 6.758808e-01 1.267350e-01 1.150915e+02
8.445427e-01 5.354614e-01 -5.370566e-03 9.251028e+01 -5.255922e-01 8.308126e-01 1.830393e-01 2.531700e+00 1.024724e-01 -1.517617e-01 9.830909e-01 1.153898e+02
4.287393e-01 -5.945335e-01 6.802298e-01 9.389688e+01 5.876864e-01 7.553990e-01 2.898223e-01 2.557935e+00 -6.861540e-01 2.755036e-01 6.732685e-01 1.150505e+02
8.962050e-01 4.392873e-01 6.199462e-02 9.505656e+01 -3.897326e-01 8.463434e-01 -3.630583e-01 2.575289e+00 -2.119556e-01 3.012133e-01 9.297018e-01 1.149408e+02
5.842965e-01 -5.083518e-01 6.325947e-01 9.595993e+01 1.079208e-01 8.212480e-01 5.602721e-01 2.586096e+00 -8.043324e-01 -2.590949e-01 5.347141e-01 1.149682e+02
9.794476e-01 -6.166693e-02 1.920407e-01 9.666784e+01 1.556154e-01 8.367726e-01 -5.249718e-01 2.590945e+00 -1.283210e-01 5.440669e-01 8.291713e-01 1.152237e+02
5.619508e-01 3.215943e-02 8.265453e-01 9.743233e+01 -3.979694e-01 8.865028e-01 2.360788e-01 2.594470e+00 -7.251425e-01 -4.616044e-01 5.109694e-01 1.155345e+02
7.952926e-01 -5.550804e-01 2.437118e-01 9.827688e+01 5.871351e-01 8.053577e-01 -8.167825e-02 2.601435e+00 -1.509372e-01 2.080499e-01 9.664022e-01 1.157345e+02
5.940065e-01 4.576533e-01 6.615963e-01 9.935344e+01 -2.758812e-01 8.884259e-01 -3.668638e-01 2.617087e+00 -7.556757e-01 3.539753e-02 6.539887e-01 1.156554e+02
8.620227e-01 -3.786374e-01 -3.369727e-01 1.006034e+02 4.716861e-01 8.426114e-01 2.598428e-01 2.643610e+00 1.855508e-01 -3.829358e-01 9.049481e-01 1.152336e+02
6.780430e-01 4.065154e-01 6.123748e-01 1.016411e+02 -3.601869e-02 8.505133e-01 -5.247187e-01 2.663441e+00 -7.341392e-01 3.337249e-01 5.913268e-01 1.150013e+02
