9.999708e-01 -2.356292e-06 -7.641294e-03 3.293709e-01 4.475668e-06 1.000000e+00 2.773443e-04 -1.637400e-02 7.641293e-03 -2.773711e-04 9.999708e-01 8.052067e-02
9.999995e-01 -3.627313e-04 9.265379e-04 5.620144e-01 3.628589e-04 9.999999e-01 -1.375376e-04 -2.354821e-02 -9.264876e-04 1.378744e-04 9.999996e-01 -1.781404e-01
9.999742e-01 -5.026084e-05 -7.187975e-03 7.436335e-01 5.112864e-05 1.000000e+00 1.205496e-04 -2.786840e-02 7.187969e-03 -1.209147e-04 9.999742e-01 -5.217405e-01
9.999996e-01 -5.236519e-04 -7.092274e-04 1.114661e+00 5.235805e-04 9.999999e-01 -1.009810e-04 -2.958220e-02 7.092805e-04 1.006103e-04 9.999997e-01 -1.035899e+00
9.999758e-01 3.010604e-04 -6.951615e-03 1.455985e+00 -2.989723e-04 9.999999e-01 3.014220e-04 -3.784941e-02 6.951705e-03 -2.993371e-04 9.999758e-01 -1.267430e+00
9.999998e-01 -3.975792e-04 -4.326862e-04 1.796052e+00 3.975124e-04 9.999999e-01 -1.545046e-04 -5.383060e-02 4.327480e-04 1.543333e-04 9.999999e-01 -1.204599e+00
9.999775e-01 1.007178e-05 -6.712287e-03 2.084503e+00 -9.054168e-06 1.000000e+00 1.516404e-04 -5.948984e-02 6.712288e-03 -1.515769e-04 9.999775e-01 -1.557746e+00
9.999977e-01 -2.067739e-04 -2.126757e-03 2.646010e+00 2.062420e-04 9.999999e-01 -2.503369e-04 -7.308414e-02 2.126809e-03 2.498984e-04 9.999977e-01 -1.795257e+00
9.999591e-01 2.218749e-04 -9.037936e-03 3.348015e+00 -2.172468e-04 9.999998e-01 5.130539e-04 -9.678129e-02 9.038048e-03 -5.110702e-04 9.999590e-01 -1.834447e+00
9.999982e-01 -1.955714e-04 1.873210e-03 3.558207e+00 1.956339e-04 1.000000e+00 -3.317228e-05 -1.126828e-01 -1.873203e-03 3.353939e-05 9.999982e-01 -1.504553e+00
9.999689e-01 -4.253693e-04 -7.869137e-03 3.777905e+00 4.237799e-04 9.999999e-01 -2.036355e-04 -1.160489e-01 7.869222e-03 2.002937e-04 9.999690e-01 -1.981705e+00
9.999905e-01 -1.296994e-03 4.153104e-03 4.033916e+00 1.301380e-03 9.999986e-01 -1.053476e-03 -1.073564e-01 -4.151732e-03 1.058871e-03 9.999908e-01 -3.169261e+00
9.999184e-01 1.116843e-03 -1.272869e-02 4.446246e+00 -1.100290e-03 9.999985e-01 1.307324e-03 -1.200200e-01 1.273013e-02 -1.293212e-03 9.999181e-01 -3.318579e+00
9.999821e-01 -1.067553e-03 5.886570e-03 4.758704e+00 1.074643e-03 9.999987e-01 -1.201276e-03 -1.359548e-01 -5.885279e-03 1.207581e-03 9.999820e-01 -3.123966e+00
9.999256e-01 1.280909e-03 -1.213178e-02 4.858374e+00 -1.259693e-03 9.999977e-01 1.756255e-03 -1.540153e-01 1.213400e-02 -1.740842e-03 9.999249e-01 -2.469429e+00
9.999983e-01 -1.496503e-03 1.036277e-03 5.927683e+00 1.498770e-03 9.999965e-01 -2.190557e-03 -1.808793e-01 -1.032995e-03 2.192107e-03 9.999971e-01 -2.881259e+00
9.998009e-01 3.121139e-04 -1.995320e-02 8.552201e+00 -2.977914e-04 9.999997e-01 7.207751e-04 -1.955691e-01 1.995342e-02 -7.146904e-04 9.998007e-01 -4.810107e+00
9.999969e-01 -2.114686e-03 -1.282265e-03 1.168152e+01 2.110927e-03 9.999935e-01 -2.925737e-03 -2.020344e-01 1.288444e-03 2.923022e-03 9.999949e-01 -7.447607e+00
9.998556e-01 6.674842e-05 -1.699293e-02 1.433314e+01 -5.030267e-05 9.999995e-01 9.682298e-04 -2.046081e-01 1.699299e-02 -9.672359e-04 9.998551e-01 -9.955757e+00
9.999990e-01 -1.420577e-03 -2.607498e-04 1.680854e+01 1.419789e-03 9.999945e-01 -2.998919e-03 -2.191376e-01 2.650089e-04 2.998546e-03 9.999955e-01 -1.201531e+01
9.998578e-01 1.217552e-04 -1.686327e-02 1.916480e+01 -9.883179e-05 9.999991e-01 1.360201e-03 -2.367592e-01 1.686342e-02 -1.358341e-03 9.998569e-01 -1.390567e+01
9.999935e-01 -6.623196e-04 3.546116e-03 2.076588e+01 6.703791e-04 9.999972e-01 -2.272040e-03 -2.613455e-01 -3.544601e-03 2.274403e-03 9.999911e-01 -1.476481e+01
9.996826e-01 6.927618e-05 -2.519162e-02 2.380438e+01 -5.096802e-05 9.999997e-01 7.274016e-04 -2.908345e-01 2.519166e-02 -7.258874e-04 9.996824e-01 -1.652685e+01
9.999513e-01 -3.959213e-04 9.864332e-03 2.578877e+01 4.149315e-04 9.999981e-01 -1.925187e-03 -3.214460e-01 -9.863551e-03 1.929187e-03 9.999495e-01 -1.755950e+01
9.996689e-01 -1.194515e-03 -2.570339e-02 2.813276e+01 1.187484e-03 9.999993e-01 -2.888006e-04 -3.340092e-01 2.570372e-02 2.581819e-04 9.996696e-01 -1.964888e+01
9.999645e-01 -5.187772e-04 8.413378e-03 3.069860e+01 5.355907e-04 9.999979e-01 -1.996271e-03 -3.465051e-01 -8.412324e-03 2.000707e-03 9.999626e-01 -2.192937e+01
9.996918e-01 -1.993882e-03 -2.474605e-02 3.329585e+01 1.968309e-03 9.999975e-01 -1.057720e-03 -3.430777e-01 2.474810e-02 1.008686e-03 9.996932e-01 -2.489962e+01
9.999443e-01 -8.135733e-04 1.051965e-02 3.567582e+01 8.345340e-04 9.999977e-01 -1.988277e-03 -3.344260e-01 -1.051801e-02 1.996947e-03 9.999427e-01 -2.787619e+01
9.997475e-01 -1.657875e-03 -2.240859e-02 3.777552e+01 1.643450e-03 9.999984e-01 -6.621317e-04 -3.273135e-01 2.240965e-02 6.251365e-04 9.997487e-01 -3.041944e+01
9.999357e-01 -7.943960e-04 1.131239e-02 3.944678e+01 8.156009e-04 9.999979e-01 -1.869979e-03 -3.208906e-01 -1.131088e-02 1.879086e-03 9.999343e-01 -3.289098e+01
9.997792e-01 -1.888526e-03 -2.092764e-02 4.106692e+01 1.856719e-03 9.999971e-01 -1.539187e-03 -3.103997e-01 2.093048e-02 1.499990e-03 9.997798e-01 -3.549816e+01
9.999348e-01 -8.105734e-04 1.139091e-02 4.271658e+01 8.299804e-04 9.999982e-01 -1.699094e-03 -3.023064e-01 -1.138952e-02 1.708438e-03 9.999337e-01 -3.809731e+01
9.998267e-01 -1.749510e-03 -1.853595e-02 4.388380e+01 1.721386e-03 9.999973e-01 -1.533104e-03 -2.879503e-01 1.853859e-02 1.500930e-03 9.998270e-01 -4.033919e+01
9.999712e-01 -9.653984e-04 7.522275e-03 4.573057e+01 9.760088e-04 9.999985e-01 -1.406976e-03 -2.821663e-01 -7.520905e-03 1.414278e-03 9.999707e-01 -4.300835e+01
9.998262e-01 -1.523620e-03 -1.858238e-02 4.771676e+01 1.484727e-03 9.999967e-01 -2.106596e-03 -2.773901e-01 1.858553e-02 2.078639e-03 9.998251e-01 -4.576689e+01
9.999669e-01 -4.323180e-04 8.126849e-03 4.952470e+01 4.387143e-04 9.999996e-01 -7.852745e-04 -2.864823e-01 -8.126506e-03 7.888145e-04 9.999667e-01 -4.777195e+01
9.999200e-01 -7.835784e-04 -1.262699e-02 4.997445e+01 7.675046e-04 9.999989e-01 -1.277751e-03 -2.855047e-01 1.262797e-02 1.267957e-03 9.999195e-01 -4.838430e+01
9.999995e-01 2.530759e-04 -9.886941e-04 5.168959e+01 -2.528965e-04 1.000000e+00 1.812963e-04 -3.216050e-01 9.887403e-04 -1.810455e-04 9.999995e-01 -4.896886e+01
9.998586e-01 -5.382504e-04 -1.680530e-02 5.429696e+01 5.122093e-04 9.999987e-01 -1.553834e-03 -3.819387e-01 1.680611e-02 1.545006e-03 9.998576e-01 -4.945804e+01
9.999674e-01 -2.120963e-03 7.784821e-03 5.566754e+01 2.140196e-03 9.999947e-01 -2.463016e-03 -3.748094e-01 -7.779556e-03 2.479597e-03 9.999667e-01 -5.236250e+01
9.998654e-01 -1.076998e-03 -1.637229e-02 5.682692e+01 1.053510e-03 9.999984e-01 -1.443131e-03 -3.493243e-01 1.637381e-02 1.425688e-03 9.998649e-01 -5.555163e+01
9.999926e-01 3.848491e-03 1.603051e-04 5.834643e+01 -3.848589e-03 9.999924e-01 6.150252e-04 -4.439111e-01 -1.579367e-04 -6.156370e-04 9.999998e-01 -5.347388e+01
9.999359e-01 -4.241273e-03 -1.049416e-02 5.894949e+01 4.211174e-03 9.999870e-01 -2.888494e-03 -4.720831e-01 1.050627e-02 2.844116e-03 9.999408e-01 -5.400124e+01
9.999839e-01 5.000186e-03 2.673601e-03 5.867819e+01 -5.002273e-03 9.999872e-01 7.747369e-04 -4.863785e-01 -2.669693e-03 -7.880979e-04 9.999961e-01 -5.256700e+01
9.999757e-01 -6.021444e-03 -3.519907e-03 5.693653e+01 6.010802e-03 9.999774e-01 -3.026122e-03 -4.346728e-01 3.538049e-03 3.004890e-03 9.999892e-01 -5.120826e+01
9.999496e-01 5.466658e-03 8.424199e-03 5.561610e+01 -5.466397e-03 9.999851e-01 -5.399499e-05 -4.143322e-01 -8.424368e-03 7.942924e-06 9.999645e-01 -4.848034e+01
9.999598e-01 -7.322499e-03 -5.181587e-03 5.317754e+01 7.308080e-03 9.999694e-01 -2.796161e-03 -3.282530e-01 5.201903e-03 2.758180e-03 9.999827e-01 -4.690310e+01
9.999515e-01 5.353799e-03 8.270557e-03 5.073311e+01 -5.354196e-03 9.999857e-01 2.594707e-05 -2.340716e-01 -8.270299e-03 -7.022733e-05 9.999658e-01 -4.533648e+01
9.999596e-01 -4.941936e-03 -7.509270e-03 5.055836e+01 4.929409e-03 9.999864e-01 -1.685770e-03 -2.758992e-01 7.517499e-03 1.648685e-03 9.999704e-01 -4.286248e+01
9.999872e-01 3.277349e-03 3.867233e-03 4.890185e+01 -3.282395e-03 9.999938e-01 1.299275e-03 -2.108059e-01 -3.862951e-03 -1.311951e-03 9.999917e-01 -4.294207e+01
9.999741e-01 -3.413673e-03 -6.329380e-03 4.840702e+01 3.400666e-03 9.999921e-01 -2.064681e-03 -2.182720e-01 6.336378e-03 2.043103e-03 9.999778e-01 -4.191280e+01
9.999906e-01 4.051321e-03 1.560291e-03 4.864582e+01 -4.053007e-03 9.999912e-01 1.079227e-03 -2.733286e-01 -1.555904e-03 -1.085540e-03 9.999982e-01 -4.029381e+01
9.999380e-01 -4.327867e-03 -1.025516e-02 4.895945e+01 4.320044e-03 9.999904e-01 -7.848299e-04 -2.784536e-01 1.025845e-02 7.404779e-04 9.999471e-01 -4.065186e+01
9.999855e-01 4.427521e-03 3.060707e-03 4.913828e+01 -4.430809e-03 9.999896e-01 1.068592e-03 -2.907402e-01 -3.055944e-03 -1.082137e-03 9.999947e-01 -4.047035e+01
9.999532e-01 -4.116766e-03 -8.749782e-03 4.921742e+01 4.109390e-03 9.999912e-01 -8.608363e-04 -3.129573e-01 8.753248e-03 8.248391e-04 9.999613e-01 -3.971252e+01
9.999748e-01 5.090642e-03 4.944357e-03 4.945944e+01 -5.092586e-03 9.999870e-01 3.807389e-04 -3.662182e-01 -4.942355e-03 -4.059083e-04 9.999877e-01 -3.789096e+01
9.999444e-01 -4.187681e-03 -9.682684e-03 4.980344e+01 4.167168e-03 9.999890e-01 -2.137741e-03 -4.359521e-01 9.691529e-03 2.097272e-03 9.999508e-01 -3.603718e+01
9.999708e-01 4.642501e-03 6.062660e-03 4.978787e+01 -4.654676e-03 9.999872e-01 1.995678e-03 -4.589018e-01 -6.053317e-03 -2.023838e-03 9.999796e-01 -3.499207e+01
9.999458e-01 -4.212686e-03 -9.517341e-03 4.982306e+01 4.189851e-03 9.999883e-01 -2.418011e-03 -4.892222e-01 9.527416e-03 2.378003e-03 9.999518e-01 -3.372239e+01
9.999779e-01 4.257675e-03 5.097594e-03 4.964168e+01 -4.270107e-03 9.999879e-01 2.430577e-03 -4.924570e-01 -5.087184e-03 -2.452290e-03 9.999841e-01 -3.296653e+01
9.999349e-01 -5.093691e-03 -1.020785e-02 4.878290e+01 5.068109e-03 9.999840e-01 -2.530367e-03 -4.531788e-01 1.022058e-02 2.478467e-03 9.999447e-01 -3.302933e+01
9.999791e-01 3.862840e-03 5.187558e-03 4.810990e+01 -3.873698e-03 9.999903e-01 2.084785e-03 -4.165479e-01 -5.179454e-03 -2.104836e-03 9.999844e-01 -3.341853e+01
9.999300e-01 -4.579126e-03 -1.090662e-02 4.775940e+01 4.553154e-03 9.999867e-01 -2.404930e-03 -3.929163e-01 1.091749e-02 2.355102e-03 9.999376e-01 -3.369820e+01
9.999825e-01 3.874614e-03 4.468585e-03 4.767109e+01 -3.884136e-03 9.999902e-01 2.124188e-03 -3.776859e-01 -4.460311e-03 -2.141506e-03 9.999878e-01 -3.415615e+01
9.999356e-01 -4.686604e-03 -1.033164e-02 4.734857e+01 4.661768e-03 9.999862e-01 -2.426686e-03 -3.582395e-01 1.034287e-02 2.378365e-03 9.999437e-01 -3.459181e+01
9.999879e-01 4.442853e-03 2.100350e-03 4.754446e+01 -4.448457e-03 9.999865e-01 2.671507e-03 -3.589217e-01 -2.088452e-03 -2.680817e-03 9.999942e-01 -3.479763e+01
9.999053e-01 -4.590926e-03 -1.297738e-02 4.820696e+01 4.558177e-03 9.999864e-01 -2.551992e-03 -3.642409e-01 1.298892e-02 2.492597e-03 9.999125e-01 -3.531814e+01
9.999763e-01 3.530081e-03 5.914929e-03 4.835678e+01 -3.543710e-03 9.999911e-01 2.295293e-03 -3.581008e-01 -5.906773e-03 -2.316199e-03 9.999799e-01 -3.606517e+01
9.999146e-01 -4.506142e-03 -1.226710e-02 4.847189e+01 4.472932e-03 9.999863e-01 -2.733313e-03 -3.510144e-01 1.227925e-02 2.678209e-03 9.999210e-01 -3.684662e+01
9.999885e-01 4.085206e-03 2.520842e-03 4.907406e+01 -4.091927e-03 9.999881e-01 2.666890e-03 -3.564762e-01 -2.509917e-03 -2.677174e-03 9.999933e-01 -3.740203e+01
9.999243e-01 -4.673003e-03 -1.138078e-02 4.962028e+01 4.639438e-03 9.999848e-01 -2.973836e-03 -3.551986e-01 1.139451e-02 2.920810e-03 9.999308e-01 -3.814387e+01
9.999698e-01 2.854089e-03 7.231735e-03 4.972267e+01 -2.866242e-03 9.999945e-01 1.670757e-03 -3.419862e-01 -7.226926e-03 -1.691434e-03 9.999725e-01 -3.949416e+01
9.999129e-01 -3.992293e-03 -1.257893e-02 4.980003e+01 3.963628e-03 9.999895e-01 -2.302913e-03 -3.350680e-01 1.258799e-02 2.252854e-03 9.999182e-01 -4.030993e+01
9.999624e-01 2.790439e-03 8.213951e-03 4.987694e+01 -2.802433e-03 9.999950e-01 1.449001e-03 -3.292280e-01 -8.209866e-03 -1.471965e-03 9.999652e-01 -4.125501e+01
9.999078e-01 -4.421265e-03 -1.283915e-02 4.997829e+01 4.388391e-03 9.999870e-01 -2.587522e-03 -3.178668e-01 1.285042e-02 2.530939e-03 9.999142e-01 -4.245839e+01
9.999693e-01 3.370432e-03 7.069013e-03 5.015065e+01 -3.383774e-03 9.999925e-01 1.876226e-03 -3.120382e-01 -7.062636e-03 -1.900088e-03 9.999733e-01 -4.336479e+01
9.999094e-01 -4.647367e-03 -1.263697e-02 5.031166e+01 4.614143e-03 9.999858e-01 -2.656959e-03 -3.043666e-01 1.264914e-02 2.598408e-03 9.999166e-01 -4.433471e+01
9.999623e-01 3.208647e-03 8.069253e-03 5.033642e+01 -3.222228e-03 9.999934e-01 1.670714e-03 -2.935035e-01 -8.063839e-03 -1.696652e-03 9.999660e-01 -4.544388e+01
9.999125e-01 -4.975066e-03 -1.226063e-02 5.044721e+01 4.939404e-03 9.999835e-01 -2.937253e-03 -2.818475e-01 1.227504e-02 2.876435e-03 9.999205e-01 -4.671825e+01
9.999702e-01 3.739843e-03 6.753853e-03 5.059091e+01 -3.754715e-03 9.999906e-01 2.190703e-03 -2.744512e-01 -6.745596e-03 -2.215996e-03 9.999748e-01 -4.766552e+01
9.999000e-01 -4.800488e-03 -1.330513e-02 5.083397e+01 4.763732e-03 9.999848e-01 -2.792794e-03 -2.682092e-01 1.331833e-02 2.729132e-03 9.999076e-01 -4.857052e+01
9.999647e-01 3.731640e-03 7.525741e-03 5.067274e+01 -3.748667e-03 9.999904e-01 2.249680e-03 -2.512365e-01 -7.517274e-03 -2.277812e-03 9.999692e-01 -4.921817e+01
9.999024e-01 -4.768100e-03 -1.313340e-02 5.026577e+01 4.733316e-03 9.999852e-01 -2.678320e-03 -2.270197e-01 1.314598e-02 2.615893e-03 9.999102e-01 -4.968126e+01
9.999643e-01 3.998849e-03 7.449686e-03 4.999457e+01 -4.016194e-03 9.999893e-01 2.314868e-03 -2.067624e-01 -7.440349e-03 -2.344704e-03 9.999696e-01 -5.011724e+01
9.999060e-01 -4.832956e-03 -1.283055e-02 4.935237e+01 4.800579e-03 9.999852e-01 -2.553046e-03 -1.739659e-01 1.284270e-02 2.491212e-03 9.999144e-01 -5.025464e+01
9.999691e-01 4.059692e-03 6.733953e-03 4.906068e+01 -4.076329e-03 9.999887e-01 2.458784e-03 -1.540628e-01 -6.723894e-03 -2.486157e-03 9.999743e-01 -5.053947e+01
9.998778e-01 -4.746782e-03 -1.489203e-02 4.909470e+01 4.713843e-03 9.999864e-01 -2.246169e-03 -1.452453e-01 1.490249e-02 2.175695e-03 9.998866e-01 -5.092206e+01
9.999473e-01 4.208167e-03 9.364311e-03 4.845688e+01 -4.229565e-03 9.999885e-01 2.266449e-03 -1.155856e-01 -9.354666e-03 -2.305935e-03 9.999536e-01 -5.083977e+01
9.998667e-01 -4.877866e-03 -1.557918e-02 4.820276e+01 4.840406e-03 9.999853e-01 -2.441229e-03 -9.648174e-02 1.559086e-02 2.365494e-03 9.998757e-01 -5.116627e+01
9.999419e-01 4.061651e-03 9.984744e-03 4.759268e+01 -4.084408e-03 9.999891e-01 2.259866e-03 -6.615455e-02 -9.975456e-03 -2.300516e-03 9.999476e-01 -5.133003e+01
9.998645e-01 -4.807348e-03 -1.574173e-02 4.712452e+01 4.769364e-03 9.999856e-01 -2.449619e-03 -3.970445e-02 1.575328e-02 2.374208e-03 9.998731e-01 -5.150392e+01
9.999507e-01 4.603114e-03 8.793704e-03 4.713993e+01 -4.627111e-03 9.999856e-01 2.710537e-03 -3.669415e-02 -8.781101e-03 -2.751093e-03 9.999577e-01 -5.133689e+01
9.999091e-01 -4.161687e-03 -1.282654e-02 4.717711e+01 4.125016e-03 9.999873e-01 -2.884089e-03 -6.267494e-02 1.283838e-02 2.830917e-03 9.999136e-01 -5.015482e+01
9.999578e-01 4.481190e-03 8.019668e-03 4.721222e+01 -4.502702e-03 9.999863e-01 2.666369e-03 -8.373055e-02 -8.007609e-03 -2.702366e-03 9.999643e-01 -4.920093e+01
9.998933e-01 -4.441424e-03 -1.391896e-02 4.696706e+01 4.405470e-03 9.999869e-01 -2.612660e-03 -7.509321e-02 1.393038e-02 2.551061e-03 9.998997e-01 -4.886947e+01
9.999637e-01 4.097123e-03 7.470984e-03 4.654479e+01 -4.119033e-03 9.999873e-01 2.919726e-03 -5.848644e-02 -7.458926e-03 -2.950393e-03 9.999678e-01 -4.874508e+01
9.998937e-01 -4.535508e-03 -1.385463e-02 4.635312e+01 4.496967e-03 9.999859e-01 -2.811723e-03 -5.109706e-02 1.386719e-02 2.749119e-03 9.999001e-01 -4.891117e+01
9.999595e-01 3.903418e-03 8.106287e-03 4.575180e+01 -3.926551e-03 9.999883e-01 2.839779e-03 -1.906045e-02 -8.095107e-03 -2.871493e-03 9.999631e-01 -4.885107e+01
9.998434e-01 -3.821475e-03 -1.728080e-02 4.595412e+01 3.781025e-03 9.999900e-01 -2.372792e-03 -1.898964e-02 1.728969e-02 2.307081e-03 9.998479e-01 -4.869764e+01
9.999327e-01 4.283600e-03 1.078284e-02 4.608080e+01 -4.309540e-03 9.999879e-01 2.383578e-03 -4.268746e-02 -1.077250e-02 -2.429886e-03 9.999390e-01 -4.787304e+01
9.998694e-01 -4.141156e-03 -1.561964e-02 4.602995e+01 4.099183e-03 9.999879e-01 -2.718262e-03 -5.654764e-02 1.563071e-02 2.653879e-03 9.998743e-01 -4.703409e+01
9.999591e-01 3.928156e-03 8.147035e-03 4.593999e+01 -3.951066e-03 9.999883e-01 2.797877e-03 -4.829080e-02 -8.135949e-03 -2.829952e-03 9.999629e-01 -4.708856e+01
9.998215e-01 -4.568773e-03 -1.833512e-02 4.626029e+01 4.518363e-03 9.999859e-01 -2.789811e-03 -4.322205e-02 1.834761e-02 2.706468e-03 9.998280e-01 -4.753937e+01
9.999814e-01 4.396754e-03 4.226990e-03 4.729141e+01 -4.409840e-03 9.999855e-01 3.091484e-03 -5.198229e-02 -4.213336e-03 -3.110067e-03 9.999863e-01 -4.814935e+01
9.998910e-01 -4.624184e-03 -1.402142e-02 4.771790e+01 4.586168e-03 9.999857e-01 -2.742239e-03 -5.351992e-02 1.403390e-02 2.677635e-03 9.998979e-01 -4.839322e+01
9.999796e-01 4.435175e-03 4.590066e-03 4.804416e+01 -4.449772e-03 9.999851e-01 3.175023e-03 -5.268009e-02 -4.575916e-03 -3.195383e-03 9.999844e-01 -4.854814e+01
9.998792e-01 -4.289669e-03 -1.494196e-02 4.830112e+01 4.256014e-03 9.999883e-01 -2.283376e-03 -5.399951e-02 1.495158e-02 2.219506e-03 9.998858e-01 -4.846663e+01
9.999674e-01 4.436523e-03 6.739228e-03 4.837727e+01 -4.455371e-03 9.999862e-01 2.784361e-03 -5.119882e-02 -6.726782e-03 -2.814295e-03 9.999734e-01 -4.824292e+01
9.998378e-01 -4.319340e-03 -1.748456e-02 4.903770e+01 4.274950e-03 9.999875e-01 -2.575357e-03 -6.516668e-02 1.749547e-02 2.500193e-03 9.998438e-01 -4.848481e+01
9.999670e-01 4.025721e-03 7.062494e-03 4.965571e+01 -4.046221e-03 9.999876e-01 2.890875e-03 -7.395155e-02 -7.050769e-03 -2.919355e-03 9.999709e-01 -4.891308e+01
9.998621e-01 -4.317985e-03 -1.603735e-02 5.017711e+01 4.271505e-03 9.999866e-01 -2.931312e-03 -8.381431e-02 1.604979e-02 2.862403e-03 9.998671e-01 -4.930753e+01
9.999696e-01 4.301732e-03 6.498068e-03 5.083058e+01 -4.320419e-03 9.999866e-01 2.864596e-03 -1.011269e-01 -6.485658e-03 -2.892583e-03 9.999748e-01 -4.940708e+01
9.998029e-01 -3.996931e-03 -1.944947e-02 5.173249e+01 3.945700e-03 9.999886e-01 -2.671657e-03 -1.310771e-01 1.945993e-02 2.594388e-03 9.998073e-01 -4.941233e+01
9.999820e-01 4.333020e-03 4.150712e-03 5.291532e+01 -4.345285e-03 9.999862e-01 2.950467e-03 -1.698648e-01 -4.137870e-03 -2.968449e-03 9.999870e-01 -4.948559e+01
9.998760e-01 -4.737070e-03 -1.501524e-02 5.372458e+01 4.692849e-03 9.999846e-01 -2.978972e-03 -1.778541e-01 1.502912e-02 2.908138e-03 9.998828e-01 -5.007694e+01
9.999558e-01 3.530136e-03 8.718761e-03 5.405835e+01 -3.551639e-03 9.999907e-01 2.452069e-03 -1.756471e-01 -8.710023e-03 -2.482926e-03 9.999590e-01 -5.094904e+01
9.998445e-01 -4.261984e-03 -1.710976e-02 5.456397e+01 4.216045e-03 9.999874e-01 -2.720099e-03 -1.776812e-01 1.712113e-02 2.647540e-03 9.998499e-01 -5.163599e+01
9.999652e-01 3.825634e-03 7.414400e-03 5.516257e+01 -3.845521e-03 9.999890e-01 2.669860e-03 -1.815879e-01 -7.404105e-03 -2.698278e-03 9.999689e-01 -5.221935e+01
9.997999e-01 -3.989495e-03 -1.960398e-02 5.601538e+01 3.942963e-03 9.999893e-01 -2.411629e-03 -1.922687e-01 1.961339e-02 2.333848e-03 9.998049e-01 -5.266690e+01
9.999474e-01 3.575792e-03 9.613355e-03 5.666759e+01 -3.599054e-03 9.999906e-01 2.403572e-03 -1.986622e-01 -9.604670e-03 -2.438044e-03 9.999509e-01 -5.322075e+01
9.998178e-01 -4.162593e-03 -1.862783e-02 5.719573e+01 4.116096e-03 9.999883e-01 -2.533741e-03 -2.000974e-01 1.863816e-02 2.456605e-03 9.998233e-01 -5.386941e+01
9.999621e-01 3.760949e-03 7.849622e-03 5.791666e+01 -3.782496e-03 9.999891e-01 2.732080e-03 -2.065927e-01 -7.839261e-03 -2.761667e-03 9.999655e-01 -5.441278e+01
9.998482e-01 -4.119739e-03 -1.693217e-02 5.846284e+01 4.073706e-03 9.999879e-01 -2.752232e-03 -2.138269e-01 1.694330e-02 2.682837e-03 9.998529e-01 -5.491032e+01
9.999425e-01 3.826526e-03 1.002003e-02 5.855235e+01 -3.853999e-03 9.999889e-01 2.723966e-03 -2.168569e-01 -1.000950e-02 -2.762426e-03 9.999461e-01 -5.500217e+01
9.998705e-01 -4.095177e-03 -1.556181e-02 5.832581e+01 4.053666e-03 9.999881e-01 -2.698124e-03 -2.058475e-01 1.557268e-02 2.634692e-03 9.998753e-01 -5.481771e+01
9.999631e-01 3.716145e-03 7.749258e-03 5.864480e+01 -3.738806e-03 9.999888e-01 2.911913e-03 -2.103471e-01 -7.738349e-03 -2.940778e-03 9.999657e-01 -5.492058e+01
9.998675e-01 -3.651453e-03 -1.586242e-02 5.894527e+01 3.611265e-03 9.999902e-01 -2.561394e-03 -2.217876e-01 1.587161e-02 2.503771e-03 9.998709e-01 -5.476709e+01
9.999619e-01 3.796286e-03 7.855836e-03 5.923946e+01 -3.819258e-03 9.999885e-01 2.911393e-03 -2.358143e-01 -7.844693e-03 -2.941285e-03 9.999649e-01 -5.456249e+01
9.998562e-01 -3.610804e-03 -1.657079e-02 5.955188e+01 3.569967e-03 9.999905e-01 -2.493263e-03 -2.507994e-01 1.657963e-02 2.433746e-03 9.998596e-01 -5.438489e+01
9.999630e-01 3.708422e-03 7.768222e-03 5.991391e+01 -3.730807e-03 9.999889e-01 2.869194e-03 -2.629155e-01 -7.757496e-03 -2.898069e-03 9.999657e-01 -5.439378e+01
9.998837e-01 -3.792474e-03 -1.476926e-02 5.995196e+01 3.755225e-03 9.999897e-01 -2.548987e-03 -2.666217e-01 1.477877e-02 2.493228e-03 9.998877e-01 -5.427666e+01
9.999531e-01 3.301789e-03 9.101182e-03 5.944605e+01 -3.328122e-03 9.999903e-01 2.879842e-03 -2.425239e-01 -9.091585e-03 -2.909997e-03 9.999544e-01 -5.404634e+01
9.998909e-01 -4.060337e-03 -1.420107e-02 5.872444e+01 4.022132e-03 9.999882e-01 -2.717818e-03 -2.054383e-01 1.421194e-02 2.660402e-03 9.998955e-01 -5.382342e+01
9.999544e-01 3.643695e-03 8.823145e-03 5.833163e+01 -3.672085e-03 9.999881e-01 3.203554e-03 -1.872322e-01 -8.811368e-03 -3.235807e-03 9.999559e-01 -5.354280e+01
9.998948e-01 -3.912045e-03 -1.396986e-02 5.809499e+01 3.873287e-03 9.999886e-01 -2.800295e-03 -1.782948e-01 1.398065e-02 2.745891e-03 9.998985e-01 -5.298613e+01
9.999579e-01 3.425741e-03 8.517444e-03 5.766259e+01 -3.451520e-03 9.999895e-01 3.013757e-03 -1.581278e-01 -8.507031e-03 -3.043028e-03 9.999592e-01 -5.282564e+01
9.998971e-01 -4.369518e-03 -1.366261e-02 5.734006e+01 4.323015e-03 9.999848e-01 -3.431333e-03 -1.399306e-01 1.367739e-02 3.371916e-03 9.999008e-01 -5.339916e+01
9.999531e-01 3.029350e-03 9.198545e-03 5.736721e+01 -3.053602e-03 9.999919e-01 2.623624e-03 -1.331280e-01 -9.190523e-03 -2.651589e-03 9.999543e-01 -5.432848e+01
9.998898e-01 -4.122441e-03 -1.426326e-02 5.728873e+01 4.077495e-03 9.999866e-01 -3.178792e-03 -1.244668e-01 1.427618e-02 3.120283e-03 9.998932e-01 -5.509958e+01
9.999533e-01 3.075623e-03 9.158849e-03 5.702418e+01 -3.101050e-03 9.999914e-01 2.763289e-03 -1.085857e-01 -9.150271e-03 -2.791561e-03 9.999542e-01 -5.567300e+01
9.998713e-01 -3.877370e-03 -1.556731e-02 5.718207e+01 3.829567e-03 9.999879e-01 -3.099362e-03 -1.051308e-01 1.557914e-02 3.039347e-03 9.998740e-01 -5.632644e+01
9.999646e-01 3.192445e-03 7.784916e-03 5.749090e+01 -3.215518e-03 9.999905e-01 2.953108e-03 -1.029987e-01 -7.775415e-03 -2.978036e-03 9.999653e-01 -5.694745e+01
9.998336e-01 -3.508024e-03 -1.790399e-02 5.788710e+01 3.460947e-03 9.999905e-01 -2.659700e-03 -1.031468e-01 1.791315e-02 2.597293e-03 9.998362e-01 -5.742602e+01
9.999383e-01 2.776341e-03 1.075441e-02 5.778398e+01 -2.803176e-03 9.999930e-01 2.480995e-03 -8.835022e-02 -1.074745e-02 -2.510987e-03 9.999391e-01 -5.789276e+01
9.998731e-01 -4.213268e-03 -1.536208e-02 5.771244e+01 4.162882e-03 9.999859e-01 -3.310382e-03 -7.686238e-02 1.537581e-02 3.246011e-03 9.998765e-01 -5.891285e+01
9.999407e-01 2.754551e-03 1.053607e-02 5.779262e+01 -2.779721e-03 9.999933e-01 2.375069e-03 -6.851750e-02 -1.052946e-02 -2.404215e-03 9.999417e-01 -5.993002e+01
9.998448e-01 -3.259837e-03 -1.731185e-02 5.797672e+01 3.218269e-03 9.999919e-01 -2.428376e-03 -6.698167e-02 1.731962e-02 2.372285e-03 9.998472e-01 -6.029377e+01
9.999364e-01 2.402926e-03 1.102321e-02 5.809879e+01 -2.425929e-03 9.999949e-01 2.073951e-03 -6.306759e-02 -1.101817e-02 -2.100560e-03 9.999371e-01 -6.099661e+01
9.998673e-01 -3.933099e-03 -1.580741e-02 5.817257e+01 3.889029e-03 9.999885e-01 -2.817723e-03 -5.626941e-02 1.581831e-02 2.755873e-03 9.998711e-01 -6.202976e+01
9.999306e-01 2.415798e-03 1.152766e-02 5.825191e+01 -2.434747e-03 9.999957e-01 1.630101e-03 -4.629818e-02 -1.152367e-02 -1.658054e-03 9.999322e-01 -6.314012e+01
9.998540e-01 -3.717059e-03 -1.667635e-02 5.834245e+01 3.679053e-03 9.999906e-01 -2.309117e-03 -4.002283e-02 1.668477e-02 2.247426e-03 9.998583e-01 -6.407598e+01
9.999437e-01 2.857861e-03 1.021826e-02 5.844668e+01 -2.878864e-03 9.999938e-01 2.041365e-03 -3.730395e-02 -1.021237e-02 -2.070666e-03 9.999457e-01 -6.472362e+01
9.998385e-01 -3.176040e-03 -1.769015e-02 5.847025e+01 3.141859e-03 9.999931e-01 -1.959665e-03 -3.238082e-02 1.769625e-02 1.903768e-03 9.998416e-01 -6.501277e+01
9.999423e-01 2.798031e-03 1.037462e-02 5.839592e+01 -2.819369e-03 9.999939e-01 2.042751e-03 -2.354009e-02 -1.036884e-02 -2.071882e-03 9.999441e-01 -6.532363e+01
9.998417e-01 -3.344887e-03 -1.747404e-02 5.833101e+01 3.306874e-03 9.999921e-01 -2.203811e-03 -1.309408e-02 1.748127e-02 2.145677e-03 9.998449e-01 -6.577591e+01
9.999506e-01 2.719650e-03 9.561917e-03 5.854400e+01 -2.740068e-03 9.999940e-01 2.122903e-03 -1.102324e-02 -9.556086e-03 -2.148997e-03 9.999520e-01 -6.639641e+01
9.998594e-01 -3.118041e-03 -1.647442e-02 5.850087e+01 3.085620e-03 9.999933e-01 -1.992980e-03 -8.542241e-03 1.648053e-02 1.941866e-03 9.998623e-01 -6.648643e+01
9.999628e-01 3.371969e-03 7.944489e-03 5.838649e+01 -3.393378e-03 9.999906e-01 2.682932e-03 4.050148e-03 -7.935368e-03 -2.709790e-03 9.999648e-01 -6.630533e+01
9.998451e-01 -2.533191e-03 -1.741556e-02 5.873961e+01 2.493008e-03 9.999942e-01 -2.328625e-03 -1.672711e-02 1.742136e-02 2.284846e-03 9.998456e-01 -6.602688e+01
9.999051e-01 3.137212e-03 1.341615e-02 5.833964e+01 -3.169562e-03 9.999921e-01 2.390766e-03 -1.160176e-03 -1.340854e-02 -2.433062e-03 9.999071e-01 -6.479609e+01
9.997924e-01 -2.665405e-03 -2.020125e-02 5.806239e+01 2.628121e-03 9.999948e-01 -1.871925e-03 2.100157e-02 2.020614e-02 1.818445e-03 9.997942e-01 -6.373221e+01
9.999617e-01 3.928135e-03 7.818062e-03 5.879071e+01 -3.944780e-03 9.999900e-01 2.114744e-03 -2.396967e-02 -7.809677e-03 -2.145503e-03 9.999672e-01 -6.302534e+01
9.998317e-01 -2.285363e-03 -1.820161e-02 5.938426e+01 2.243109e-03 9.999947e-01 -2.341486e-03 -6.701923e-02 1.820686e-02 2.300263e-03 9.998316e-01 -6.208039e+01
9.999295e-01 2.805883e-03 1.154156e-02 5.922779e+01 -2.839148e-03 9.999919e-01 2.866834e-03 -6.017267e-02 -1.153342e-02 -2.899400e-03 9.999293e-01 -6.134960e+01
9.998164e-01 -2.189713e-03 -1.903506e-02 5.904654e+01 2.148458e-03 9.999953e-01 -2.187465e-03 -4.306528e-02 1.903976e-02 2.146167e-03 9.998164e-01 -6.078040e+01
9.998824e-01 2.415091e-03 1.514327e-02 5.864058e+01 -2.449588e-03 9.999944e-01 2.259893e-03 -2.564360e-02 -1.513773e-02 -2.296721e-03 9.998828e-01 -5.999115e+01
9.998741e-01 -3.485684e-03 -1.547836e-02 5.693217e+01 3.436017e-03 9.999889e-01 -3.234231e-03 8.426819e-02 1.548946e-02 3.180639e-03 9.998750e-01 -5.893825e+01
9.999301e-01 2.540228e-03 1.154872e-02 5.583592e+01 -2.574601e-03 9.999923e-01 2.962432e-03 1.650670e-01 -1.154111e-02 -2.991957e-03 9.999289e-01 -5.817740e+01
9.997326e-01 -1.894105e-03 -2.304564e-02 5.630045e+01 1.838204e-03 9.999953e-01 -2.446586e-03 1.448142e-01 2.305017e-02 2.403568e-03 9.997314e-01 -5.804199e+01
9.999166e-01 2.342863e-03 1.270084e-02 5.672450e+01 -2.381921e-03 9.999925e-01 3.060958e-03 1.269881e-01 -1.269358e-02 -3.090955e-03 9.999147e-01 -5.788887e+01
9.998002e-01 -1.700963e-03 -1.991750e-02 5.668169e+01 1.651362e-03 9.999955e-01 -2.506504e-03 1.307328e-01 1.992167e-02 2.473112e-03 9.997985e-01 -5.723654e+01
9.999694e-01 2.535684e-03 7.402165e-03 5.728391e+01 -2.561527e-03 9.999907e-01 3.483960e-03 1.109705e-01 -7.393261e-03 -3.502814e-03 9.999665e-01 -5.668733e+01
9.997131e-01 -1.799666e-03 -2.388642e-02 5.844522e+01 1.724761e-03 9.999935e-01 -3.156080e-03 6.648336e-02 2.389194e-02 3.113976e-03 9.997097e-01 -5.638505e+01
9.998633e-01 2.627742e-03 1.632279e-02 5.842490e+01 -2.682505e-03 9.999908e-01 3.334052e-03 6.643651e-02 -1.631388e-02 -3.377382e-03 9.998612e-01 -5.570512e+01
9.997157e-01 -1.979906e-03 -2.375949e-02 5.819047e+01 1.905739e-03 9.999932e-01 -3.143805e-03 8.333754e-02 2.376556e-02 3.097632e-03 9.997128e-01 -5.511924e+01
9.998751e-01 2.854685e-03 1.554379e-02 5.816013e+01 -2.911294e-03 9.999892e-01 3.620515e-03 8.673995e-02 -1.553328e-02 -3.665315e-03 9.998726e-01 -5.452106e+01
9.997505e-01 -2.190706e-03 -2.222924e-02 5.800530e+01 2.118277e-03 9.999924e-01 -3.281274e-03 9.726152e-02 2.223626e-02 3.233367e-03 9.997475e-01 -5.381791e+01
9.999135e-01 3.236907e-03 1.275088e-02 5.825685e+01 -3.285054e-03 9.999875e-01 3.756919e-03 8.431366e-02 -1.273856e-02 -3.798481e-03 9.999116e-01 -5.311653e+01
9.997654e-01 -2.188841e-03 -2.154966e-02 5.850970e+01 2.114919e-03 9.999918e-01 -3.452463e-03 7.209282e-02 2.155704e-02 3.406077e-03 9.997618e-01 -5.230645e+01
9.998428e-01 2.506183e-03 1.755259e-02 5.774557e+01 -2.567225e-03 9.999907e-01 3.456015e-03 1.270571e-01 -1.754376e-02 -3.500533e-03 9.998400e-01 -5.126567e+01
9.997480e-01 -2.990936e-03 -2.224811e-02 5.687656e+01 2.908421e-03 9.999888e-01 -3.740266e-03 1.861678e-01 2.225905e-02 3.674616e-03 9.997455e-01 -5.064314e+01
9.999774e-01 5.168530e-03 4.298645e-03 5.801326e+01 -5.188691e-03 9.999755e-01 4.692287e-03 1.376843e-01 -4.274288e-03 -4.714485e-03 9.999798e-01 -4.982802e+01
9.995204e-01 -2.565568e-03 -3.086212e-02 5.997385e+01 2.414444e-03 9.999849e-01 -4.932992e-03 5.993857e-02 3.087431e-02 4.856111e-03 9.995115e-01 -4.930520e+01
9.997644e-01 2.621146e-03 2.154593e-02 5.973504e+01 -2.736771e-03 9.999820e-01 5.338716e-03 8.337426e-02 -2.153155e-02 -5.396424e-03 9.997536e-01 -4.904577e+01
9.995004e-01 -3.565808e-03 -3.140282e-02 5.959213e+01 3.412199e-03 9.999820e-01 -4.943783e-03 9.909228e-02 3.141988e-02 4.834160e-03 9.994946e-01 -4.960326e+01
9.997078e-01 2.297894e-03 2.406135e-02 6.012078e+01 -2.392269e-03 9.999896e-01 3.894237e-03 1.057490e-01 -2.405215e-02 -3.950660e-03 9.997029e-01 -5.062942e+01
9.990366e-01 -1.789875e-03 -4.384734e-02 6.184126e+01 1.640280e-03 9.999927e-01 -3.447471e-03 5.007954e-02 4.385319e-02 3.372228e-03 9.990323e-01 -5.074628e+01
9.997877e-01 2.580269e-03 2.044430e-02 6.397915e+01 -2.657929e-03 9.999894e-01 3.772393e-03 -6.387321e-03 -2.043435e-02 -3.825931e-03 9.997839e-01 -5.107210e+01
9.992514e-01 -6.380355e-04 -3.868135e-02 6.540427e+01 4.854067e-04 9.999921e-01 -3.955051e-03 -6.515190e-02 3.868356e-02 3.933314e-03 9.992438e-01 -5.079432e+01
9.999864e-01 3.957271e-03 3.395097e-03 6.848344e+01 -3.972759e-03 9.999817e-01 4.567762e-03 -2.085394e-01 -3.376959e-03 -4.581187e-03 9.999838e-01 -4.955679e+01
9.993478e-01 -1.780949e-03 -3.606548e-02 7.099604e+01 1.626997e-03 9.999894e-01 -4.297564e-03 -2.898147e-01 3.607276e-02 4.236083e-03 9.993402e-01 -4.915654e+01
9.996311e-01 8.816192e-04 2.714396e-02 7.090566e+01 -1.013222e-03 9.999878e-01 4.834980e-03 -2.574537e-01 -2.713937e-02 -4.860699e-03 9.996198e-01 -4.905878e+01
9.996019e-01 -2.078109e-03 -2.813762e-02 6.887472e+01 1.930490e-03 9.999842e-01 -5.272458e-03 -1.114088e-01 2.814814e-02 5.216040e-03 9.995902e-01 -4.749560e+01
9.996085e-01 -6.343922e-04 2.797263e-02 6.679207e+01 5.029047e-04 9.999888e-01 4.707379e-03 3.862580e-02 -2.797530e-02 -4.691468e-03 9.995976e-01 -4.606153e+01
9.995272e-01 -6.109158e-04 -3.073998e-02 6.551756e+01 4.593251e-04 9.999877e-01 -4.938189e-03 1.170663e-01 3.074262e-02 4.921734e-03 9.995152e-01 -4.531808e+01
9.996153e-01 -8.789805e-04 2.772166e-02 6.411407e+01 7.534200e-04 9.999894e-01 4.539467e-03 2.006328e-01 -2.772535e-02 -4.516835e-03 9.996054e-01 -4.476945e+01
9.994583e-01 6.360402e-04 -3.290472e-02 6.347474e+01 -7.816789e-04 9.999900e-01 -4.413384e-03 2.610525e-01 3.290158e-02 4.436714e-03 9.994487e-01 -4.407014e+01
9.995821e-01 -2.044349e-03 2.883483e-02 6.229141e+01 1.913585e-03 9.999878e-01 4.561808e-03 3.596700e-01 -2.884380e-02 -4.504723e-03 9.995738e-01 -4.276974e+01
9.996405e-01 -1.285408e-04 -2.681102e-02 5.983965e+01 -1.473053e-05 9.999857e-01 -5.343464e-03 5.300748e-01 2.681132e-02 5.341937e-03 9.996262e-01 -4.088681e+01
9.996396e-01 -2.092976e-03 2.676317e-02 5.800351e+01 1.952651e-03 9.999842e-01 5.268285e-03 6.648513e-01 -2.677378e-02 -5.214127e-03 9.996279e-01 -3.928923e+01
9.995391e-01 1.049810e-03 -3.033799e-02 5.693983e+01 -1.199634e-03 9.999872e-01 -4.920692e-03 7.515520e-01 3.033244e-02 4.954818e-03 9.995276e-01 -3.811625e+01
9.996063e-01 -3.057451e-03 2.789144e-02 5.551018e+01 2.918923e-03 9.999832e-01 5.006070e-03 8.698798e-01 -2.790628e-02 -4.922685e-03 9.995984e-01 -3.660741e+01
9.995303e-01 1.416260e-03 -3.061285e-02 5.422372e+01 -1.565917e-03 9.999869e-01 -4.865277e-03 9.727414e-01 3.060556e-02 4.910929e-03 9.995195e-01 -3.521328e+01
9.995246e-01 -2.897601e-03 3.069566e-02 5.225228e+01 2.772628e-03 9.999877e-01 4.113137e-03 1.108645e+00 -3.070721e-02 -4.026073e-03 9.995203e-01 -3.374064e+01
9.995125e-01 1.181936e-03 -3.120025e-02 5.046420e+01 -1.323153e-03 9.999890e-01 -4.505898e-03 1.231416e+00 3.119458e-02 4.544983e-03 9.995030e-01 -3.257308e+01
9.996728e-01 -1.840012e-03 2.551348e-02 4.993587e+01 1.715570e-03 9.999865e-01 4.898548e-03 1.271417e+00 -2.552215e-02 -4.853174e-03 9.996625e-01 -3.187400e+01
9.994895e-01 1.302124e-03 -3.192161e-02 4.961497e+01 -1.443751e-03 9.999892e-01 -4.414037e-03 1.308289e+00 3.191552e-02 4.457870e-03 9.994806e-01 -3.129542e+01
9.996194e-01 -2.192376e-03 2.749827e-02 4.890065e+01 2.067749e-03 9.999875e-01 4.559838e-03 1.366048e+00 -2.750792e-02 -4.501243e-03 9.996115e-01 -3.047780e+01
9.995240e-01 1.180973e-03 -3.082682e-02 4.800898e+01 -1.320855e-03 9.999889e-01 -4.517711e-03 1.426647e+00 3.082114e-02 4.556278e-03 9.995145e-01 -2.957356e+01
9.996550e-01 -1.784600e-03 2.620420e-02 4.739731e+01 1.659131e-03 9.999871e-01 4.809115e-03 1.464990e+00 -2.621244e-02 -4.763979e-03 9.996450e-01 -2.914995e+01
9.994882e-01 1.588003e-03 -3.195017e-02 4.704128e+01 -1.726856e-03 9.999892e-01 -4.318798e-03 1.485416e+00 3.194296e-02 4.371760e-03 9.994801e-01 -2.876534e+01
9.996075e-01 -2.162466e-03 2.793310e-02 4.615448e+01 2.047577e-03 9.999893e-01 4.140947e-03 1.533536e+00 -2.794176e-02 -4.082126e-03 9.996012e-01 -2.814816e+01
9.995347e-01 4.256576e-04 -3.049911e-02 4.416274e+01 -5.748325e-04 9.999879e-01 -4.882503e-03 1.640800e+00 3.049666e-02 4.897763e-03 9.995229e-01 -2.781255e+01
9.996465e-01 -1.168202e-03 2.655981e-02 4.308548e+01 1.056903e-03 9.999906e-01 4.204193e-03 1.698207e+00 -2.656447e-02 -4.174635e-03 9.996384e-01 -2.735224e+01
9.994767e-01 1.451223e-03 -3.231575e-02 4.343118e+01 -1.593518e-03 9.999891e-01 -4.377932e-03 1.674073e+00 3.230904e-02 4.427136e-03 9.994681e-01 -2.655556e+01
9.996059e-01 -8.757930e-04 2.805719e-02 4.368288e+01 7.641718e-04 9.999918e-01 3.988840e-03 1.638165e+00 -2.806045e-02 -3.965827e-03 9.995984e-01 -2.499212e+01
9.993645e-01 1.481747e-03 -3.561477e-02 4.399253e+01 -1.608177e-03 9.999925e-01 -3.521535e-03 1.610549e+00 3.560928e-02 3.576572e-03 9.993594e-01 -2.333903e+01
9.997059e-01 -8.404965e-04 2.423612e-02 4.463830e+01 7.564704e-04 9.999937e-01 3.475963e-03 1.568170e+00 -2.423888e-02 -3.456606e-03 9.997002e-01 -2.244742e+01
9.995221e-01 6.481893e-04 -3.090464e-02 4.489023e+01 -7.636984e-04 9.999928e-01 -3.725922e-03 1.562929e+00 3.090200e-02 3.747743e-03 9.995154e-01 -2.272268e+01
9.997200e-01 -8.601469e-04 2.364808e-02 4.502228e+01 7.642614e-04 9.999915e-01 4.063445e-03 1.560350e+00 -2.365138e-02 -4.044234e-03 9.997121e-01 -2.280755e+01
9.995043e-01 1.045939e-03 -3.146490e-02 4.517953e+01 -1.156396e-03 9.999932e-01 -3.492466e-03 1.547196e+00 3.146103e-02 3.527121e-03 9.994988e-01 -2.247350e+01
9.997562e-01 -5.374108e-04 2.207249e-02 4.563114e+01 4.506982e-04 9.999922e-01 3.933346e-03 1.513732e+00 -2.207443e-02 -3.922439e-03 9.997486e-01 -2.172045e+01
9.997128e-01 5.849727e-05 -2.396548e-02 4.470166e+01 -1.567685e-04 9.999916e-01 -4.098653e-03 1.570482e+00 2.396504e-02 4.101232e-03 9.997044e-01 -2.048403e+01
9.998123e-01 -5.733224e-04 1.936711e-02 4.387875e+01 4.878708e-04 9.999901e-01 4.416667e-03 1.632027e+00 -1.936945e-02 -4.406389e-03 9.998027e-01 -1.959000e+01
9.994618e-01 1.267988e-03 -3.277849e-02 4.475032e+01 -1.401743e-03 9.999908e-01 -4.057900e-03 1.595733e+00 3.277304e-02 4.101663e-03 9.994544e-01 -1.905599e+01
9.997524e-01 -1.289648e-03 2.221520e-02 4.530750e+01 1.191366e-03 9.999894e-01 4.436769e-03 1.581763e+00 -2.222069e-02 -4.409203e-03 9.997434e-01 -1.911222e+01
9.995294e-01 1.149110e-03 -3.065472e-02 4.550772e+01 -1.271731e-03 9.999913e-01 -3.980866e-03 1.580604e+00 3.064988e-02 4.017977e-03 9.995221e-01 -1.929745e+01
9.997791e-01 -1.216582e-03 2.098108e-02 4.591651e+01 1.122861e-03 9.999893e-01 4.478188e-03 1.569072e+00 -2.098631e-02 -4.453639e-03 9.997698e-01 -1.933846e+01
9.996045e-01 1.453834e-03 -2.808416e-02 4.591599e+01 -1.568659e-03 9.999905e-01 -4.066997e-03 1.570034e+00 2.807798e-02 4.109443e-03 9.995973e-01 -1.908899e+01
9.997936e-01 -1.405995e-03 2.026543e-02 4.566807e+01 1.311216e-03 9.999881e-01 4.689470e-03 1.592372e+00 -2.027179e-02 -4.661929e-03 9.997836e-01 -1.878678e+01
9.995770e-01 1.161737e-03 -2.905926e-02 4.548749e+01 -1.281475e-03 9.999908e-01 -4.102160e-03 1.613631e+00 2.905423e-02 4.137663e-03 9.995693e-01 -1.870225e+01
9.997700e-01 -1.510393e-03 2.139262e-02 4.516477e+01 1.414147e-03 9.999888e-01 4.513443e-03 1.639348e+00 -2.139920e-02 -4.482153e-03 9.997610e-01 -1.853841e+01
9.995671e-01 1.238893e-03 -2.939550e-02 4.485450e+01 -1.358037e-03 9.999909e-01 -4.033508e-03 1.667327e+00 2.939024e-02 4.071681e-03 9.995597e-01 -1.832239e+01
9.997308e-01 -1.663786e-03 2.314165e-02 4.426907e+01 1.564689e-03 9.999895e-01 4.299663e-03 1.704595e+00 -2.314856e-02 -4.262296e-03 9.997229e-01 -1.802958e+01
9.995847e-01 1.270714e-03 -2.878842e-02 4.366628e+01 -1.389651e-03 9.999906e-01 -4.111776e-03 1.742143e+00 2.878292e-02 4.150074e-03 9.995771e-01 -1.770150e+01
9.997692e-01 -1.705297e-03 2.141624e-02 4.321770e+01 1.605068e-03 9.999877e-01 4.696409e-03 1.770715e+00 -2.142398e-02 -4.660950e-03 9.997596e-01 -1.755516e+01
9.995760e-01 8.922187e-04 -2.910278e-02 4.306696e+01 -1.024672e-03 9.999892e-01 -4.536597e-03 1.788249e+00 2.909842e-02 4.564494e-03 9.995661e-01 -1.796071e+01
9.997478e-01 -1.786372e-03 2.238592e-02 4.310501e+01 1.686676e-03 9.999886e-01 4.471633e-03 1.796659e+00 -2.239365e-02 -4.432747e-03 9.997394e-01 -1.836664e+01
9.995055e-01 1.599052e-03 -3.140374e-02 4.348093e+01 -1.727097e-03 9.999903e-01 -4.050649e-03 1.792645e+00 3.139696e-02 4.102883e-03 9.994986e-01 -1.850883e+01
9.997516e-01 -1.315654e-03 2.224656e-02 4.387269e+01 1.216749e-03 9.999893e-01 4.458810e-03 1.773209e+00 -2.225219e-02 -4.430634e-03 9.997426e-01 -1.824839e+01
9.995823e-01 1.501029e-03 -2.886013e-02 4.360023e+01 -1.613185e-03 9.999912e-01 -3.863295e-03 1.794425e+00 2.885408e-02 3.908238e-03 9.995760e-01 -1.774849e+01
9.996802e-01 -2.323083e-03 2.518014e-02 4.255167e+01 2.237018e-03 9.999916e-01 3.445621e-03 1.858859e+00 -2.518793e-02 -3.388191e-03 9.996770e-01 -1.720783e+01
9.995991e-01 1.401153e-03 -2.827886e-02 4.133441e+01 -1.512382e-03 9.999912e-01 -3.912260e-03 1.935454e+00 2.827313e-02 3.953459e-03 9.995924e-01 -1.658198e+01
9.996875e-01 -2.316203e-03 2.489252e-02 4.018878e+01 2.227482e-03 9.999911e-01 3.591311e-03 2.008107e+00 -2.490061e-02 -3.534740e-03 9.996837e-01 -1.597284e+01
9.995117e-01 2.284303e-03 -3.116378e-02 3.968469e+01 -2.375793e-03 9.999930e-01 -2.899039e-03 2.046302e+00 3.115694e-02 2.971661e-03 9.995101e-01 -1.543054e+01
9.997889e-01 -2.168649e-03 2.043385e-02 4.008407e+01 2.093093e-03 9.999909e-01 3.718246e-03 2.034078e+00 -2.044173e-02 -3.674691e-03 9.997843e-01 -1.518847e+01
9.993214e-01 -1.370058e-03 -3.680941e-02 4.248046e+01 1.150860e-03 9.999815e-01 -5.975478e-03 2.050756e+00 3.681691e-02 5.929060e-03 9.993044e-01 -1.845524e+01
9.996876e-01 -5.273638e-03 2.443076e-02 4.622431e+01 5.335198e-03 9.999828e-01 -2.455256e-03 2.090911e+00 -2.441739e-02 2.584832e-03 9.996985e-01 -2.436421e+01
