1.000000e+00 1.197625e-11 1.704638e-10 1.665335e-16 1.197625e-11 1.000000e+00 3.562503e-10 -1.110223e-16 1.704638e-10 3.562503e-10 1.000000e+00 2.220446e-16 0.000000e+00 0.000000e+00 0.000000e+00 1.000000e+00
3.931733e-01 -1.288173e-01 9.103960e-01 1.386714e+00 2.540122e-01 9.668213e-01 2.710087e-02 3.099205e-02 -8.836812e-01 2.205963e-01 4.128495e-01 -4.773635e-01
9.696197e-01 7.300281e-02 -2.334698e-01 2.902238e+00 -6.691140e-02 9.971823e-01 3.391658e-02 6.339806e-02 2.352879e-01 -1.726439e-02 9.717724e-01 -9.878033e-01
2.577831e-01 -1.368151e-01 9.564672e-01 4.343598e+00 2.492749e-01 9.658288e-01 7.097060e-02 9.103668e-02 -9.334934e-01 2.201283e-01 2.830789e-01 -1.379208e+00
9.955602e-01 1.891659e-02 -9.220661e-02 5.629362e+00 -2.031936e-02 9.996913e-01 -1.429821e-02 1.154522e-01 9.190767e-02 1.610830e-02 9.956372e-01 -1.715747e+00
2.446103e-01 -1.189621e-01 9.622961e-01 6.811325e+00 2.305733e-01 9.711132e-01 6.144162e-02 1.375721e-01 -9.418077e-01 2.068505e-01 2.649738e-01 -2.003148e+00
9.047901e-01 7.608005e-02 -4.190068e-01 8.080552e+00 -6.544602e-02 9.970654e-01 3.971744e-02 1.624027e-01 4.207989e-01 -8.513620e-03 9.071140e-01 -2.388742e+00
3.436972e-01 -1.081584e-01 9.328312e-01 9.399087e+00 2.169492e-01 9.756187e-01 3.318561e-02 1.903319e-01 -9.136768e-01 1.909712e-01 3.587823e-01 -2.860002e+00
9.286445e-01 6.775608e-02 -3.647309e-01 1.070211e+01 -5.633076e-02 9.975331e-01 4.188754e-02 2.161703e-01 3.666692e-01 -1.835307e-02 9.301703e-01 -3.278087e+00
7.454796e-02 -1.024392e-01 9.919419e-01 1.175935e+01 2.477535e-01 9.654243e-01 8.108115e-02 2.336106e-01 -9.659507e-01 2.397127e-01 9.735009e-02 -3.456229e+00
8.870869e-01 9.934966e-02 -4.507842e-01 1.283966e+01 -7.868787e-02 9.948168e-01 6.440271e-02 2.513866e-01 4.548461e-01 -2.165955e-02 8.903066e-01 -3.625986e+00
-1.091253e-01 -9.843068e-02 9.891426e-01 1.390346e+01 2.822726e-01 9.510527e-01 1.257815e-01 2.694598e-01 -9.531075e-01 2.929338e-01 -7.599963e-02 -3.801029e+00
9.005348e-01 9.170183e-02 -4.250034e-01 1.510228e+01 -7.717740e-02 9.956963e-01 5.130841e-02 2.910251e-01 4.278794e-01 -1.340435e-02 9.037365e-01 -4.039353e+00
-4.812121e-01 -6.944457e-02 8.738492e-01 1.575887e+01 2.420635e-01 9.475706e-01 2.086029e-01 2.941275e-01 -8.425202e-01 3.119092e-01 -4.391724e-01 -3.575900e+00
9.638222e-01 -6.644069e-03 -2.664633e-01 1.566689e+01 2.477644e-02 9.975943e-01 6.474434e-02 2.974600e-01 2.653921e-01 -6.900404e-02 9.616681e-01 -2.685833e+00
-3.946511e-01 1.042339e-02 9.187719e-01 1.499856e+01 4.722769e-01 8.600376e-01 1.931057e-01 3.229100e-01 -7.881656e-01 5.101241e-01 -3.443375e-01 -2.256909e+00
9.567642e-01 1.355492e-01 -2.573494e-01 1.441001e+01 -1.070552e-01 9.867719e-01 1.217393e-01 3.460033e-01 2.704468e-01 -8.892524e-02 9.586192e-01 -1.998585e+00
-4.407002e-01 -1.176264e-01 8.899143e-01 1.416564e+01 4.091340e-01 8.560964e-01 3.157663e-01 3.549634e-01 -7.989948e-01 5.032525e-01 -3.291569e-01 -1.473430e+00
9.734266e-01 1.238694e-01 -1.926061e-01 1.407087e+01 -1.350595e-01 9.897670e-01 -4.604562e-02 3.616936e-01 1.849316e-01 7.083531e-02 9.801952e-01 -8.773230e-01
-3.724850e-01 -1.678055e-01 9.127411e-01 1.391342e+01 2.657436e-01 9.230459e-01 2.781486e-01 3.719718e-01 -8.891767e-01 3.461613e-01 -2.992275e-01 -4.974768e-01
9.174534e-01 -2.154175e-02 -3.972595e-01 1.351576e+01 1.853226e-02 9.997631e-01 -1.141362e-02 3.856306e-01 3.974113e-01 3.109346e-03 9.176353e-01 -1.124019e-01
-3.822484e-01 3.394026e-02 9.234361e-01 1.305137e+01 3.851866e-01 9.142181e-01 1.258432e-01 4.023234e-01 -8.399508e-01 4.037986e-01 -3.625318e-01 2.246997e-01
9.146882e-01 9.867743e-02 -3.919289e-01 1.260784e+01 -2.454417e-02 9.815088e-01 1.898368e-01 4.182826e-01 4.034143e-01 -1.640219e-01 9.001965e-01 5.581950e-01
-3.781144e-01 -1.283357e-02 9.256699e-01 1.217253e+01 5.264239e-01 8.195265e-01 2.263938e-01 4.336791e-01 -7.615165e-01 5.728975e-01 -3.031189e-01 9.148144e-01
9.062281e-01 2.423168e-01 -3.464582e-01 1.165643e+01 -2.049516e-01 9.685187e-01 1.413027e-01 4.525021e-01 3.697912e-01 -5.704536e-02 9.273620e-01 1.265191e+00
-2.942779e-01 -2.106837e-01 9.322086e-01 1.112805e+01 4.591564e-01 8.242911e-01 3.312394e-01 4.715773e-01 -8.381980e-01 5.255060e-01 -1.458339e-01 1.548116e+00
8.835765e-01 1.725219e-01 -4.353490e-01 1.058552e+01 -1.929472e-01 9.812052e-01 -2.766064e-03 4.913986e-01 4.266895e-01 8.644339e-02 9.002575e-01 1.784940e+00
-5.295151e-01 -1.235818e-01 8.392504e-01 1.003599e+01 3.034399e-01 8.962793e-01 3.234312e-01 5.118312e-01 -7.921730e-01 4.259237e-01 -4.370938e-01 2.071858e+00
9.073879e-01 3.753941e-02 -4.186144e-01 9.633709e+00 -3.823478e-02 9.992461e-01 6.730136e-03 5.281064e-01 4.185514e-01 9.898784e-03 9.081391e-01 2.587488e+00
-3.693020e-01 -5.466855e-02 9.277001e-01 9.434125e+00 3.245561e-01 9.278216e-01 1.838761e-01 5.373947e-01 -8.707924e-01 3.689965e-01 -3.249033e-01 3.201034e+00
9.254137e-01 5.522115e-02 -3.749135e-01 9.144856e+00 -1.956363e-02 9.949685e-01 9.825961e-02 5.483157e-01 3.784531e-01 -8.359612e-02 9.218378e-01 3.653901e+00
-3.971489e-01 -1.642679e-02 9.176072e-01 8.824533e+00 4.339381e-01 8.776535e-01 2.035240e-01 5.614335e-01 -8.086844e-01 4.790141e-01 -3.414309e-01 4.104390e+00
9.335750e-01 1.653916e-01 -3.179362e-01 8.619663e+00 -1.373202e-01 9.845190e-01 1.089290e-01 5.730049e-01 3.310301e-01 -5.803435e-02 9.418339e-01 4.534902e+00
-3.100444e-01 -1.601791e-01 9.371313e-01 8.408663e+00 4.028889e-01 8.706846e-01 2.821151e-01 5.831723e-01 -8.611348e-01 4.650280e-01 -2.054165e-01 4.887246e+00
8.999337e-01 1.036608e-01 -4.235254e-01 7.813897e+00 -9.914071e-02 9.945341e-01 3.275876e-02 6.055726e-01 4.246063e-01 1.250790e-02 9.052917e-01 5.187455e+00
-2.750939e-01 -9.697953e-02 9.565136e-01 7.310109e+00 3.881405e-01 8.990147e-01 2.027792e-01 6.249733e-01 -8.795853e-01 4.270450e-01 -2.096718e-01 5.482580e+00
9.364842e-01 4.691714e-02 -3.475574e-01 6.622255e+00 -2.064193e-02 9.966671e-01 7.892202e-02 6.523812e-01 3.501018e-01 -6.673497e-02 9.343314e-01 5.749251e+00
-2.216164e-01 -5.607860e-02 9.735201e-01 6.394486e+00 4.172075e-01 8.969028e-01 1.466401e-01 6.671366e-01 -8.813762e-01 4.386578e-01 -1.753720e-01 6.098162e+00
9.653267e-01 1.538493e-01 -2.108903e-01 6.471458e+00 -1.391406e-01 9.867894e-01 8.298490e-02 6.742522e-01 2.208715e-01 -5.076413e-02 9.739809e-01 6.533690e+00
-4.282186e-01 -1.645435e-01 8.885687e-01 6.456831e+00 3.442798e-01 8.794231e-01 3.287651e-01 6.825034e-01 -8.355239e-01 4.466996e-01 -3.199363e-01 7.131057e+00
9.340801e-01 1.340148e-01 -3.309597e-01 6.791537e+00 -1.630723e-01 9.846945e-01 -6.151503e-02 6.889504e-01 3.176503e-01 1.114303e-01 9.416377e-01 7.628941e+00
-2.704165e-01 -1.878012e-01 9.442487e-01 6.211712e+00 2.999439e-01 9.155408e-01 2.679903e-01 7.120903e-01 -9.148271e-01 3.556906e-01 -1.912475e-01 7.925241e+00
9.159642e-01 -5.294532e-02 -3.977517e-01 5.356090e+00 5.286191e-02 9.985392e-01 -1.118375e-02 7.475867e-01 3.977628e-01 -1.078200e-02 9.174250e-01 8.217224e+00
-6.089676e-01 1.164823e-01 7.845956e-01 5.168260e+00 3.774922e-01 9.125171e-01 1.575187e-01 7.611784e-01 -6.976088e-01 3.921025e-01 -5.996645e-01 8.840114e+00
8.726189e-01 1.937077e-01 -4.483454e-01 5.704130e+00 -1.124394e-01 9.730042e-01 2.015447e-01 7.717361e-01 4.752827e-01 -1.254601e-01 8.708422e-01 9.191514e+00
-2.343484e-01 -1.388998e-01 9.621786e-01 6.243357e+00 4.082913e-01 8.841566e-01 2.270801e-01 7.809415e-01 -8.822579e-01 4.460651e-01 -1.504891e-01 9.453855e+00
9.239003e-01 1.819299e-01 -3.366151e-01 6.422494e+00 -1.796333e-01 9.829901e-01 3.823978e-02 7.904651e-01 3.378463e-01 2.513754e-02 9.408655e-01 9.842704e+00
-8.549110e-02 -2.404062e-01 9.669003e-01 6.979774e+00 2.455483e-01 9.354361e-01 2.542939e-01 7.976506e-01 -9.656072e-01 2.591605e-01 -2.094014e-02 1.015823e+01
8.664510e-01 1.015981e-01 -4.888154e-01 7.623773e+00 -1.375362e-01 9.897648e-01 -3.807204e-02 8.083866e-01 4.799442e-01 1.002174e-01 8.715561e-01 1.039874e+01
-2.263829e-01 -2.772802e-01 9.337379e-01 8.067629e+00 7.705071e-02 9.505235e-01 3.009456e-01 8.214537e-01 -9.709861e-01 1.400741e-01 -1.938177e-01 1.172512e+01
9.493563e-01 -5.256613e-02 -3.097732e-01 8.426259e+00 2.498992e-02 9.954150e-01 -9.232813e-02 8.373440e-01 3.132062e-01 7.991109e-02 9.463171e-01 1.312391e+01
-4.363420e-01 2.347036e-02 8.994747e-01 8.544894e+00 2.480177e-01 9.640705e-01 9.515940e-02 8.443314e-01 -8.649236e-01 2.646077e-01 -4.264855e-01 1.361177e+01
9.770890e-01 -1.093242e-02 -2.125503e-01 8.862828e+00 3.993281e-02 9.903607e-01 1.326315e-01 8.519868e-01 2.090515e-01 -1.380805e-01 9.681070e-01 1.416201e+01
-2.351947e-01 -3.441681e-02 9.713387e-01 9.040607e+00 4.151607e-01 9.000598e-01 1.324160e-01 8.574418e-01 -8.788203e-01 4.344052e-01 -1.974008e-01 1.479312e+01
9.842160e-01 1.311213e-01 -1.188533e-01 8.884274e+00 -1.192525e-01 9.876079e-01 1.020265e-01 8.651370e-01 1.307584e-01 -8.624253e-02 9.876561e-01 1.563211e+01
-3.421001e-01 -1.878790e-01 9.206894e-01 8.875197e+00 3.622143e-01 8.777209e-01 3.136986e-01 8.702983e-01 -8.670457e-01 4.408032e-01 -2.322160e-01 1.639376e+01
9.839078e-01 1.410778e-01 -1.096468e-01 9.387967e+00 -1.545434e-01 9.799240e-01 -1.259578e-01 8.703785e-01 8.967567e-02 1.408761e-01 9.859575e-01 1.715070e+01
-2.853644e-01 -2.475214e-01 9.259051e-01 9.713750e+00 8.788216e-02 9.552477e-01 2.824508e-01 8.681935e-01 -9.543814e-01 1.619720e-01 -2.508410e-01 1.797847e+01
9.606376e-01 -1.269462e-01 -2.471033e-01 9.960143e+00 1.027580e-01 9.887725e-01 -1.084880e-01 8.664171e-01 2.581011e-01 7.882583e-02 9.628968e-01 1.869862e+01
-1.459360e-01 1.557886e-02 9.891714e-01 1.002280e+01 1.838715e-01 9.828813e-01 1.164743e-02 8.662518e-01 -9.720566e-01 1.835802e-01 -1.463023e-01 1.932605e+01
9.932692e-01 -1.154951e-01 -8.781794e-03 1.025124e+01 1.155599e-01 9.829526e-01 1.430042e-01 8.688579e-01 -7.884197e-03 -1.430565e-01 9.896831e-01 1.979848e+01
-2.238158e-01 2.075780e-02 9.744104e-01 1.063053e+01 4.475270e-01 8.903329e-01 8.382735e-02 8.728520e-01 -8.658095e-01 4.548368e-01 -2.085602e-01 2.031425e+01
9.767441e-01 1.108060e-01 1.835567e-01 1.084422e+01 -1.219258e-01 9.912583e-01 5.040929e-02 8.799389e-01 -1.763665e-01 -7.161729e-02 9.817158e-01 2.092374e+01
-1.621639e-01 -2.742985e-01 9.478730e-01 1.085547e+01 3.594596e-01 8.781635e-01 3.156228e-01 8.911497e-01 -9.189623e-01 3.919047e-01 -4.380722e-02 2.161752e+01
9.846007e-01 7.561266e-02 -1.576201e-01 1.089585e+01 -9.789726e-02 9.854716e-01 -1.387868e-01 8.949874e-01 1.448361e-01 1.520801e-01 9.776984e-01 2.201249e+01
-1.284149e-01 -1.889563e-01 9.735528e-01 1.086143e+01 1.743227e-01 9.620949e-01 2.097261e-01 8.993117e-01 -9.762793e-01 1.966444e-01 -9.060794e-02 2.240829e+01
9.907486e-01 -1.285270e-01 4.356697e-02 1.118030e+01 1.313027e-01 9.889851e-01 -6.832270e-02 9.011414e-01 -3.430577e-02 7.341108e-02 9.967116e-01 2.285204e+01
-1.185440e-01 2.266683e-02 9.926901e-01 1.170571e+01 2.241589e-01 9.745421e-01 4.515928e-03 9.045039e-01 -9.673159e-01 2.230557e-01 -1.206071e-01 2.328719e+01
9.921937e-01 -6.026779e-02 1.091758e-01 1.228339e+01 4.655332e-02 9.911798e-01 1.240779e-01 9.068259e-01 -1.156908e-01 -1.180268e-01 9.862481e-01 2.377687e+01
-5.744314e-02 -8.496926e-02 9.947263e-01 1.274501e+01 3.925090e-01 9.142125e-01 1.007583e-01 9.088484e-01 -9.179526e-01 3.962270e-01 -1.916403e-02 2.425665e+01
9.815148e-01 9.166076e-02 1.680087e-01 1.328004e+01 -8.922080e-02 9.957682e-01 -2.203058e-02 9.134989e-01 -1.693170e-01 6.633470e-03 9.855393e-01 2.457162e+01
-1.108571e-01 -2.141449e-01 9.704910e-01 1.387096e+01 2.531225e-01 9.382229e-01 2.359383e-01 9.183661e-01 -9.610618e-01 2.718085e-01 -4.980377e-02 2.492552e+01
9.897003e-01 -7.200783e-02 1.237263e-01 1.435357e+01 8.706256e-02 9.888360e-01 -1.209275e-01 9.256676e-01 -1.136373e-01 1.304539e-01 9.849205e-01 2.520062e+01
-5.963388e-02 -3.127919e-02 9.977301e-01 1.505244e+01 1.761779e-01 9.834889e-01 4.136280e-02 9.332971e-01 -9.825503e-01 1.782446e-01 -5.313856e-02 2.536640e+01
9.892258e-01 -1.283161e-01 7.047835e-02 1.556020e+01 1.227327e-01 9.893262e-01 7.855140e-02 9.392100e-01 -7.980549e-02 -6.905508e-02 9.944156e-01 2.562505e+01
-6.334724e-02 -9.678242e-03 9.979446e-01 1.585538e+01 3.771837e-01 9.255532e-01 3.291894e-02 9.416796e-01 -9.239695e-01 3.784938e-01 -5.498077e-02 2.610198e+01
9.939701e-01 1.064579e-01 2.627120e-02 1.628961e+01 -1.083821e-01 9.901993e-01 8.808336e-02 9.435489e-01 -1.663655e-02 -9.039955e-02 9.957666e-01 2.645793e+01
-4.914560e-02 -2.327606e-01 9.712915e-01 1.642689e+01 3.809398e-01 8.945895e-01 2.336546e-01 9.461839e-01 -9.232928e-01 3.814867e-01 4.470264e-02 2.686806e+01
9.983953e-01 5.592145e-02 -8.926966e-03 1.635590e+01 -5.655147e-02 9.928258e-01 -1.053508e-01 9.541189e-01 2.971556e-03 1.056865e-01 9.943951e-01 2.726562e+01
-6.026454e-02 -1.654707e-01 9.843717e-01 1.673636e+01 1.663918e-01 9.707009e-01 1.733594e-01 9.567544e-01 -9.842164e-01 1.742388e-01 -3.096588e-02 2.765289e+01
9.037703e-01 -4.436674e-02 -4.257121e-01 1.738156e+01 2.894693e-02 9.986717e-01 -4.262604e-02 9.684909e-01 4.270378e-01 2.620109e-02 9.038541e-01 2.763524e+01
9.512609e-01 -3.501316e-02 3.063930e-01 1.840449e+01 4.861669e-02 9.981365e-01 -3.687825e-02 1.010355e+00 -3.045308e-01 4.997666e-02 9.511905e-01 2.666189e+01
9.947937e-01 -9.474426e-02 3.753610e-02 1.924605e+01 9.547016e-02 9.952688e-01 -1.803890e-02 1.037717e+00 -3.564943e-02 2.152856e-02 9.991324e-01 2.605978e+01
2.419286e-01 -4.768867e-02 9.691214e-01 1.963257e+01 2.257653e-01 9.741453e-01 -8.423496e-03 1.043949e+00 -9.436634e-01 2.208319e-01 2.464401e-01 2.627757e+01
9.725234e-01 -5.511959e-02 2.261857e-01 2.019461e+01 4.041371e-02 9.967878e-01 6.914339e-02 1.050830e+00 -2.292703e-01 -5.810256e-02 9.716271e-01 2.655234e+01
3.844563e-01 -1.488545e-01 9.110630e-01 2.052790e+01 3.146245e-01 9.489548e-01 2.227816e-02 1.059850e+00 -8.678737e-01 2.780777e-01 4.116649e-01 2.687107e+01
9.859069e-01 5.101411e-02 1.593273e-01 2.076221e+01 -5.233682e-02 9.986210e-01 4.113933e-03 1.064439e+00 -1.588977e-01 -1.239464e-02 9.872173e-01 2.719891e+01
1.702288e-01 -2.014069e-01 9.646022e-01 2.129682e+01 2.800636e-01 9.484102e-01 1.486017e-01 1.070434e+00 -9.447680e-01 2.448536e-01 2.178534e-01 2.742072e+01
8.423860e-01 1.041148e-01 -5.287211e-01 2.217089e+01 -1.140177e-01 9.933807e-01 1.395585e-02 1.089853e+00 5.266743e-01 4.852735e-02 8.486809e-01 2.707141e+01
6.120089e-01 -1.566697e-01 7.751772e-01 2.309722e+01 1.924047e-01 9.802272e-01 4.620691e-02 1.114584e+00 -7.670890e-01 1.208687e-01 6.300518e-01 2.656001e+01
9.457961e-01 -5.755874e-02 3.196198e-01 2.390611e+01 8.212785e-02 9.945699e-01 -6.391974e-02 1.129542e+00 -3.142051e-01 8.670472e-02 9.453875e-01 2.642879e+01
3.873948e-01 -1.328935e-01 9.122854e-01 2.445112e+01 2.321908e-01 9.717214e-01 4.295355e-02 1.148439e+00 -8.921954e-01 1.951843e-01 4.072965e-01 2.633973e+01
9.623945e-01 -1.017235e-01 2.518910e-01 2.502348e+01 1.109363e-01 9.935703e-01 -2.260923e-02 1.170375e+00 -2.479716e-01 4.970286e-02 9.674915e-01 2.621500e+01
5.333093e-01 -9.621674e-02 8.404306e-01 2.550355e+01 2.269160e-01 9.733700e-01 -3.255706e-02 1.190303e+00 -8.149174e-01 2.080702e-01 5.409404e-01 2.608721e+01
6.304302e-02 2.894726e-01 -9.551079e-01 2.581017e+01 1.240320e-02 9.567105e-01 2.907770e-01 1.211393e+00 9.979337e-01 -3.017786e-02 5.672353e-02 2.596462e+01
-8.939250e-02 3.972613e-03 9.959886e-01 2.634630e+01 3.656781e-01 9.302861e-01 2.910998e-02 1.230451e+00 -9.264386e-01 3.668134e-01 -8.461329e-02 2.584325e+01
8.837197e-01 1.870405e-01 -4.290167e-01 2.706082e+01 -1.142038e-01 9.751404e-01 1.898915e-01 1.243567e+00 4.538689e-01 -1.188155e-01 8.831115e-01 2.586769e+01
-1.334472e-01 -1.374317e-01 9.814807e-01 2.779440e+01 4.006743e-01 8.983124e-01 1.802639e-01 1.255919e+00 -9.064502e-01 4.173098e-01 -6.481192e-02 2.586999e+01
8.988513e-01 2.290283e-01 -3.736475e-01 2.835008e+01 -2.231033e-01 9.729661e-01 5.968200e-02 1.263312e+00 3.772152e-01 2.971675e-02 9.256488e-01 2.611374e+01
1.291610e-02 -2.777499e-01 9.605666e-01 2.919992e+01 2.499301e-01 9.310511e-01 2.658548e-01 1.274879e+00 -9.681777e-01 2.366406e-01 8.144361e-02 2.618211e+01
9.063545e-01 5.806269e-02 -4.185095e-01 3.018130e+01 -1.141403e-01 9.873325e-01 -1.102112e-01 1.294703e+00 4.068089e-01 1.476592e-01 9.015006e-01 2.600065e+01
-1.116330e-01 -1.473896e-01 9.827586e-01 3.102701e+01 1.096150e-01 9.810790e-01 1.595890e-01 1.308320e+00 -9.876855e-01 1.255404e-01 -9.336473e-02 2.598575e+01
9.581172e-01 -9.316890e-02 -2.707970e-01 3.180855e+01 8.532818e-02 9.955249e-01 -4.061182e-02 1.318507e+00 2.733689e-01 1.580426e-02 9.617794e-01 2.616268e+01
2.792059e-02 6.810204e-03 9.995869e-01 3.231164e+01 2.003769e-01 9.796420e-01 -1.227127e-02 1.329050e+00 -9.793210e-01 2.006368e-01 2.598758e-02 2.642957e+01
8.867248e-01 7.422917e-02 -4.562994e-01 3.329389e+01 -5.663857e-03 9.886954e-01 1.498309e-01 1.343660e+00 4.622629e-01 -1.302744e-01 8.771212e-01 2.645333e+01
-1.581589e-01 -4.268138e-02 9.864908e-01 3.415310e+01 3.393117e-01 9.358756e-01 9.489153e-02 1.356239e+00 -9.272828e-01 3.497358e-01 -1.335347e-01 2.665102e+01
6.894151e-01 2.310229e-01 -6.865386e-01 3.528485e+01 -1.303906e-01 9.718755e-01 1.961030e-01 1.378448e+00 7.125343e-01 -4.567824e-02 7.001489e-01 2.641509e+01
1.241156e-01 -1.317159e-01 9.834868e-01 3.667618e+01 3.232579e-01 9.424473e-01 8.542453e-02 1.408149e+00 -9.381363e-01 3.073174e-01 1.595506e-01 2.594247e+01
9.763884e-01 1.304176e-01 -1.722121e-01 3.764869e+01 -1.264544e-01 9.913952e-01 3.383506e-02 1.424008e+00 1.751429e-01 -1.125919e-02 9.844786e-01 2.597069e+01
4.953604e-02 -2.114581e-01 9.761310e-01 3.869575e+01 2.509815e-01 9.486055e-01 1.927587e-01 1.439647e+00 -9.667236e-01 2.354423e-01 1.000622e-01 2.603576e+01
9.981110e-01 9.609535e-03 -6.067971e-02 3.980986e+01 -1.563669e-02 9.948999e-01 -9.964826e-02 1.457743e+00 5.941267e-02 1.004089e-01 9.931708e-01 2.599626e+01
-4.158074e-02 -1.089356e-01 9.931788e-01 4.090473e+01 1.473385e-01 9.825022e-01 1.139331e-01 1.474516e+00 -9.882117e-01 1.510708e-01 -2.480276e-02 2.609274e+01
9.444770e-01 -3.478895e-02 -3.267305e-01 4.213093e+01 3.716204e-02 9.993087e-01 1.021585e-03 1.495579e+00 3.264691e-01 -1.310684e-02 9.451170e-01 2.602594e+01
-3.766837e-02 -2.039989e-02 9.990820e-01 4.314156e+01 2.211815e-01 9.748236e-01 2.824377e-02 1.512996e+00 -9.745049e-01 2.220424e-01 -3.220794e-02 2.605991e+01
9.906170e-01 8.246922e-03 -1.364182e-01 4.405818e+01 5.408096e-03 9.950304e-01 9.942430e-02 1.526157e+00 1.365603e-01 -9.922917e-02 9.856495e-01 2.629383e+01
-9.044076e-02 -7.684100e-02 9.929330e-01 4.492006e+01 3.336850e-01 9.370506e-01 1.029099e-01 1.537837e+00 -9.383362e-01 3.406341e-01 -5.910688e-02 2.655876e+01
9.518794e-01 1.420210e-01 -2.715799e-01 4.591459e+01 -1.271072e-01 9.892845e-01 7.183313e-02 1.553391e+00 2.788716e-01 -3.385670e-02 9.597314e-01 2.662799e+01
3.500773e-01 -2.028256e-01 9.144986e-01 4.719321e+01 2.873825e-01 9.524514e-01 1.012308e-01 1.579905e+00 -8.915476e-01 2.273723e-01 3.917202e-01 2.631381e+01
8.499296e-01 1.584278e-01 -5.025140e-01 4.817417e+01 -1.496791e-01 9.870308e-01 5.802102e-02 1.604989e+00 5.051890e-01 2.590209e-02 8.626200e-01 2.606591e+01
3.240060e-01 -2.096091e-01 9.225422e-01 4.917691e+01 2.654980e-01 9.561054e-01 1.239894e-01 1.630851e+00 -9.080369e-01 2.047598e-01 3.654346e-01 2.582425e+01
9.233530e-01 1.097638e-01 -3.679283e-01 5.025028e+01 -1.190209e-01 9.928886e-01 -2.487128e-03 1.655984e+00 3.650388e-01 4.608764e-02 9.298508e-01 2.563206e+01
4.245490e-01 -1.932354e-01 8.845441e-01 5.133261e+01 1.998057e-01 9.728694e-01 1.166313e-01 1.680824e+00 -8.830832e-01 1.272212e-01 4.516402e-01 2.542778e+01
8.742701e-01 8.929529e-02 -4.771563e-01 5.254419e+01 -1.040216e-01 9.945650e-01 -4.470206e-03 1.708407e+00 4.741638e-01 5.354272e-02 8.788071e-01 2.510723e+01
4.092593e-01 -1.580634e-01 8.986227e-01 5.380233e+01 1.690766e-01 9.809610e-01 9.554380e-02 1.737446e+00 -8.966158e-01 1.128339e-01 4.281923e-01 2.474914e+01
9.401926e-01 2.371834e-02 -3.398165e-01 5.510988e+01 -3.523646e-02 9.989933e-01 -2.776381e-02 1.764914e+00 3.388159e-01 3.807726e-02 9.400819e-01 2.440681e+01
5.387442e-01 -9.882137e-02 8.366535e-01 5.655391e+01 1.148316e-01 9.924417e-01 4.327906e-02 1.795022e+00 -8.346068e-01 7.275796e-02 5.460200e-01 2.396275e+01
9.727185e-01 -3.343722e-02 -2.295663e-01 5.781130e+01 3.124306e-02 9.994248e-01 -1.318699e-02 1.822051e+00 2.298752e-01 5.654876e-03 9.732037e-01 2.363695e+01
4.432898e-01 -6.166657e-02 8.942546e-01 5.904813e+01 1.519480e-01 9.883625e-01 -7.165807e-03 1.848344e+00 -8.834059e-01 1.390567e-01 4.475012e-01 2.334251e+01
9.335436e-01 1.691714e-02 -3.580645e-01 6.026537e+01 6.805248e-03 9.978693e-01 6.488801e-02 1.873425e+00 3.583993e-01 -6.301250e-02 9.314394e-01 2.305530e+01
6.272943e-01 -7.388721e-02 7.752694e-01 6.113260e+01 1.873599e-01 9.805689e-01 -5.814532e-02 1.896610e+00 -7.559088e-01 1.817286e-01 6.289488e-01 2.275727e+01
9.561923e-01 4.119475e-02 -2.898264e-01 6.203052e+01 -1.114913e-02 9.944556e-01 1.045648e-01 1.919334e+00 2.925270e-01 -9.675273e-02 9.513500e-01 2.247682e+01
3.776154e-01 -1.270229e-01 9.172087e-01 6.243819e+01 3.651545e-01 9.306999e-01 -2.144307e-02 1.945633e+00 -8.509223e-01 3.430201e-01 3.978296e-01 2.233796e+01
9.707898e-01 6.560210e-02 2.307889e-01 6.255904e+01 -7.766649e-02 9.960267e-01 4.357398e-02 1.959226e+00 -2.270134e-01 -6.022574e-02 9.720277e-01 2.288692e+01
4.171455e-01 -2.532946e-01 8.728296e-01 6.324871e+01 3.013192e-01 9.446039e-01 1.301160e-01 1.971231e+00 -8.574359e-01 2.087230e-01 4.703598e-01 2.316179e+01
9.199053e-01 -4.668513e-03 3.921127e-01 6.337850e+01 5.476374e-02 9.916597e-01 -1.166702e-01 1.976659e+00 -3.882977e-01 1.287991e-01 9.124887e-01 2.380809e+01
2.951763e-01 -1.836551e-01 9.376256e-01 6.350385e+01 1.699319e-01 9.757970e-01 1.376351e-01 1.983462e+00 -9.402096e-01 1.187058e-01 3.192410e-01 2.448454e+01
9.992872e-01 -3.649976e-02 -9.631586e-03 6.439981e+01 3.573112e-02 9.968664e-01 -7.057340e-02 1.998723e+00 1.217732e-02 7.017895e-02 9.974601e-01 2.466252e+01
-3.832306e-02 -8.381433e-02 9.957442e-01 6.482067e+01 1.878581e-01 9.781045e-01 8.955962e-02 2.004047e+00 -9.814483e-01 1.904908e-01 -2.173876e-02 2.524845e+01
9.939025e-01 -1.089565e-01 1.692179e-02 6.492179e+01 1.079245e-01 9.927388e-01 5.312224e-02 2.007877e+00 -2.258693e-02 -5.097205e-02 9.984446e-01 2.589660e+01
-1.569129e-02 -3.295723e-02 9.993336e-01 6.506323e+01 3.372946e-01 9.406983e-01 3.631960e-02 2.009522e+00 -9.412684e-01 3.376397e-01 -3.644468e-03 2.653072e+01
9.966647e-01 7.928383e-02 1.932985e-02 6.550842e+01 -8.058062e-02 9.935671e-01 7.956859e-02 2.012604e+00 -1.289700e-02 -8.086081e-02 9.966420e-01 2.696262e+01
5.533000e-02 -1.941663e-01 9.794070e-01 6.612033e+01 3.301548e-01 9.292908e-01 1.655792e-01 2.018206e+00 -9.423038e-01 3.141944e-01 1.155226e-01 2.723201e+01
9.596152e-01 1.114832e-01 -2.582832e-01 6.680354e+01 -1.200631e-01 9.926096e-01 -1.763609e-02 2.031391e+00 2.544082e-01 4.793415e-02 9.659083e-01 2.724651e+01
3.663495e-01 -2.115703e-01 9.061049e-01 6.756665e+01 2.350078e-01 9.632740e-01 1.299023e-01 2.049468e+00 -9.003107e-01 1.653521e-01 4.026156e-01 2.711942e+01
9.946478e-01 -6.328651e-02 8.167404e-02 6.745888e+01 6.788448e-02 9.961869e-01 -5.480264e-02 2.060482e+00 -7.789434e-02 6.005372e-02 9.951513e-01 2.762217e+01
2.750848e-01 -1.121105e-01 9.548610e-01 6.755551e+01 2.013437e-01 9.778720e-01 5.680739e-02 2.069564e+00 -9.401006e-01 1.766284e-01 2.915705e-01 2.823911e+01
9.937551e-01 -7.044788e-02 8.653292e-02 6.757447e+01 6.656679e-02 9.966768e-01 4.694948e-02 2.075188e+00 -8.955284e-02 -4.089606e-02 9.951421e-01 2.900484e+01
2.529554e-01 -9.394719e-02 9.629058e-01 6.777169e+01 2.970372e-01 9.547462e-01 1.511941e-02 2.080561e+00 -9.207510e-01 2.821943e-01 2.694140e-01 2.946217e+01
9.590841e-01 1.011318e-01 -2.644430e-01 6.858513e+01 -8.263377e-02 9.933483e-01 8.019270e-02 2.094226e+00 2.707940e-01 -5.505962e-02 9.610614e-01 2.928317e+01
2.312571e-01 -1.615883e-01 9.593797e-01 6.916706e+01 3.188760e-01 9.442277e-01 8.217169e-02 2.105161e+00 -9.191509e-01 2.869203e-01 2.698860e-01 2.916967e+01
9.915525e-01 8.737804e-02 -9.585782e-02 6.962252e+01 -8.638808e-02 9.961569e-01 1.443725e-02 2.113697e+00 9.675093e-02 -6.034318e-03 9.952903e-01 2.936927e+01
-1.132140e-01 -1.758738e-01 9.778809e-01 7.009217e+01 2.700337e-01 9.417157e-01 2.006325e-01 2.119116e+00 -9.561717e-01 2.867752e-01 -5.912360e-02 2.975810e+01
9.884531e-01 2.232926e-02 -1.498729e-01 7.036421e+01 -2.948221e-02 9.985212e-01 -4.567569e-02 2.122183e+00 1.486313e-01 4.956687e-02 9.876497e-01 3.023398e+01
-1.799684e-02 -1.237370e-01 9.921518e-01 7.087527e+01 1.840034e-01 9.749540e-01 1.249299e-01 2.126715e+00 -9.827608e-01 1.848077e-01 5.221948e-03 3.060953e+01
9.580789e-01 -4.428154e-02 -2.830617e-01 7.120158e+01 5.590490e-02 9.978868e-01 3.311411e-02 2.135282e+00 2.809972e-01 -4.755046e-02 9.585299e-01 3.089511e+01
-3.301778e-01 2.167737e-02 9.436698e-01 7.142099e+01 3.767229e-01 9.196896e-01 1.106839e-01 2.153274e+00 -8.654840e-01 3.920474e-01 -3.118274e-01 3.129605e+01
9.982338e-01 5.904820e-02 6.533290e-03 7.176518e+01 -5.940766e-02 9.927609e-01 1.043861e-01 2.170642e+00 -3.221842e-04 -1.045899e-01 9.945154e-01 3.185219e+01
-2.406112e-01 -1.551841e-01 9.581358e-01 7.216701e+01 3.991729e-01 8.839742e-01 2.434146e-01 2.188674e+00 -8.847414e-01 4.410301e-01 -1.507488e-01 3.231225e+01
9.601241e-01 1.916126e-01 -2.035839e-01 7.274008e+01 -2.047367e-01 9.777688e-01 -4.528758e-02 2.198747e+00 1.903803e-01 8.516280e-02 9.780095e-01 3.279420e+01
-1.864248e-01 -2.800633e-01 9.417061e-01 7.343931e+01 1.221571e-01 9.444640e-01 3.050663e-01 2.206671e+00 -9.748453e-01 1.719080e-01 -1.418598e-01 3.337368e+01
9.912538e-01 -1.319276e-01 -3.323889e-03 7.415869e+01 1.298488e-01 9.795125e-01 -1.539306e-01 2.221238e+00 2.356349e-02 1.521527e-01 9.880761e-01 3.392441e+01
-1.489193e-01 2.848441e-02 9.884390e-01 7.498213e+01 1.317514e-01 9.912445e-01 -8.715449e-03 2.234496e+00 -9.800330e-01 1.289303e-01 -1.513683e-01 3.431448e+01
9.611972e-01 -1.781490e-01 2.106252e-01 7.588091e+01 1.426842e-01 9.745127e-01 1.731074e-01 2.248983e+00 -2.360958e-01 -1.363375e-01 9.621179e-01 3.479565e+01
-3.110553e-02 -4.792061e-02 9.983667e-01 7.620919e+01 4.804526e-01 8.751680e-01 5.697637e-02 2.270017e+00 -8.764689e-01 4.814401e-01 -4.198981e-03 3.548526e+01
9.704247e-01 1.388659e-01 1.974641e-01 7.644676e+01 -1.488248e-01 9.881917e-01 3.644759e-02 2.287954e+00 -1.900711e-01 -6.475719e-02 9.796323e-01 3.598740e+01
-1.099192e-01 -2.988115e-01 9.479607e-01 7.683523e+01 3.327211e-01 8.876539e-01 3.183821e-01 2.304900e+00 -9.365973e-01 3.504029e-01 1.850726e-03 3.647024e+01
9.580110e-01 1.661698e-02 2.862494e-01 7.724913e+01 4.609841e-02 9.764067e-01 -2.109619e-01 2.315008e+00 -2.830014e-01 2.152995e-01 9.346424e-01 3.740648e+01
-1.686357e-01 -1.453562e-01 9.749018e-01 7.755218e+01 6.317509e-02 9.854393e-01 1.578552e-01 2.323654e+00 -9.836518e-01 8.820953e-02 -1.569973e-01 3.865637e+01
9.826473e-01 -1.406956e-01 -1.208679e-01 7.800911e+01 1.404621e-01 9.900305e-01 -1.049244e-02 2.328128e+00 1.211392e-01 -6.667002e-03 9.926131e-01 3.950629e+01
-2.353914e-01 5.983963e-02 9.700567e-01 7.882779e+01 2.636982e-01 9.645948e-01 4.485610e-03 2.335782e+00 -9.354433e-01 2.568581e-01 -2.428370e-01 3.995943e+01
9.829788e-01 -3.694263e-02 1.799666e-01 7.958246e+01 9.127273e-03 9.881846e-01 1.529963e-01 2.348115e+00 -1.834923e-01 -1.487495e-01 9.717017e-01 4.062823e+01
-1.763715e-01 -1.316211e-01 9.754840e-01 8.024420e+01 4.048488e-01 8.936160e-01 1.937731e-01 2.359914e+00 -8.972127e-01 4.290995e-01 -1.043218e-01 4.136903e+01
9.677119e-01 1.288817e-01 2.166177e-01 8.107268e+01 -1.089656e-01 9.888452e-01 -1.015466e-01 2.367860e+00 -2.272888e-01 7.466396e-02 9.709609e-01 4.204342e+01
-9.975293e-02 -2.794756e-01 9.549569e-01 8.141448e+01 1.368694e-01 9.467666e-01 2.913758e-01 2.374064e+00 -9.855537e-01 1.597700e-01 -5.619108e-02 4.316173e+01
9.962817e-01 -8.467952e-02 -1.587646e-02 8.151250e+01 8.278333e-02 9.919460e-01 -9.586484e-02 2.376266e+00 2.386638e-02 9.419409e-02 9.952677e-01 4.464845e+01
-1.399675e-01 -4.942857e-02 9.889216e-01 8.196556e+01 1.276273e-01 9.895211e-01 6.752233e-02 2.378902e+00 -9.818963e-01 1.356643e-01 -1.321923e-01 4.574507e+01
9.946130e-01 -1.036514e-01 1.177454e-03 8.254701e+01 1.031685e-01 9.909538e-01 8.583043e-02 2.383629e+00 -1.006325e-02 -8.524658e-02 9.963091e-01 4.651848e+01
-1.569239e-01 -9.311858e-03 9.875668e-01 8.320693e+01 3.326800e-01 9.410168e-01 6.173563e-02 2.389751e+00 -9.298919e-01 3.382315e-01 -1.445702e-01 4.721652e+01
9.895008e-01 1.201153e-01 -8.037701e-02 8.387305e+01 -1.119881e-01 9.887698e-01 9.895983e-02 2.395965e+00 9.136094e-02 -8.891956e-02 9.918400e-01 4.772334e+01
-2.658446e-01 -1.942122e-01 9.442501e-01 8.426732e+01 3.544465e-01 8.911943e-01 2.830908e-01 2.405830e+00 -8.964900e-01 4.099443e-01 -1.680813e-01 4.820274e+01
9.801331e-01 1.282249e-01 -1.513193e-01 8.480916e+01 -1.451674e-01 9.836284e-01 -1.067787e-01 2.413595e+00 1.351503e-01 1.266239e-01 9.827008e-01 4.872644e+01
-2.113420e-01 -2.135253e-01 9.538037e-01 8.581294e+01 6.961714e-02 9.700790e-01 2.325945e-01 2.420585e+00 -9.749297e-01 1.155581e-01 -1.901534e-01 4.910503e+01
9.842521e-01 -1.365210e-01 -1.122932e-01 8.676674e+01 1.253799e-01 9.869600e-01 -1.009446e-01 2.428168e+00 1.246099e-01 8.527565e-02 9.885345e-01 4.951583e+01
-3.041636e-01 4.857509e-02 9.513806e-01 8.744541e+01 1.849735e-01 9.827026e-01 8.963122e-03 2.432368e+00 -9.344888e-01 1.787065e-01 -3.078874e-01 5.019013e+01
9.958376e-01 -4.813137e-02 -7.740098e-02 8.796072e+01 6.124493e-02 9.822761e-01 1.771517e-01 2.436156e+00 6.750258e-02 -1.811547e-01 9.811352e-01 5.098550e+01
-1.691284e-01 -3.075960e-02 9.851139e-01 8.872412e+01 3.788648e-01 9.206869e-01 9.379299e-02 2.439218e+00 -9.098665e-01 3.890881e-01 -1.440606e-01 5.169644e+01
9.417648e-01 2.729981e-01 -1.963444e-01 8.938249e+01 -2.535328e-01 9.600119e-01 1.187364e-01 2.437487e+00 2.209077e-01 -6.204199e-02 9.733194e-01 5.267823e+01
3.406557e-01 -3.636026e-01 8.670334e-01 9.019060e+01 3.385031e-01 9.077797e-01 2.476929e-01 2.448168e+00 -8.771370e-01 2.091154e-01 4.323209e-01 5.309412e+01
3.416062e-01 3.298218e-01 -8.800697e-01 9.149004e+01 -3.194998e-01 9.213854e-01 2.212891e-01 2.482803e+00 8.838694e-01 2.055884e-01 4.201290e-01 5.256424e+01
-6.939290e-01 -3.024696e-01 6.534330e-01 9.273851e+01 4.084092e-02 8.894962e-01 4.551137e-01 2.495786e+00 -7.188842e-01 3.425034e-01 -6.048941e-01 5.294861e+01
7.312782e-01 -2.893467e-02 -6.814653e-01 9.376021e+01 -1.522054e-01 9.669844e-01 -2.043888e-01 2.505797e+00 6.648802e-01 2.531878e-01 7.027306e-01 5.336206e+01
-6.749790e-01 -1.232717e-01 7.274665e-01 9.484360e+01 -9.820441e-02 9.921821e-01 7.700985e-02 2.513062e+00 -7.312724e-01 -1.946039e-02 -6.818079e-01 5.393139e+01
7.658207e-01 -1.770206e-01 -6.182090e-01 9.598109e+01 2.251389e-01 9.743267e-01 -9.680209e-05 2.523649e+00 6.023546e-01 -1.391087e-01 7.860138e-01 5.435191e+01
-5.123113e-01 2.558066e-01 8.198171e-01 9.702124e+01 3.144346e-01 9.441943e-01 -9.812279e-02 2.534347e+00 -7.991671e-01 2.075095e-01 -5.641558e-01 5.471249e+01
7.673581e-01 2.293994e-01 -5.987800e-01 9.775967e+01 9.068684e-03 9.298394e-01 3.678538e-01 2.537818e+00 6.411547e-01 -2.877058e-01 7.114395e-01 5.516358e+01
-4.694969e-01 -1.678219e-03 8.829325e-01 9.797444e+01 5.094215e-01 8.162530e-01 2.724349e-01 2.538178e+00 -7.211536e-01 5.776921e-01 -3.823733e-01 5.599788e+01
7.185955e-01 4.383279e-01 -5.398974e-01 9.835391e+01 -3.983863e-01 8.958049e-01 1.970331e-01 2.540262e+00 5.700078e-01 7.350066e-02 8.183451e-01 5.681195e+01
-5.394075e-01 -3.591798e-01 7.615967e-01 9.886147e+01 1.944317e-01 8.268909e-01 5.276814e-01 2.545192e+00 -8.192899e-01 4.327139e-01 -3.761952e-01 5.727593e+01
7.486890e-01 9.898091e-02 -6.554904e-01 9.924399e+01 -2.919031e-01 9.369954e-01 -1.919173e-01 2.548115e+00 5.951953e-01 3.350260e-01 7.304109e-01 5.786719e+01
-4.717959e-01 -3.238958e-01 8.200611e-01 9.952921e+01 -1.409784e-01 9.458282e-01 2.924621e-01 2.548139e+00 -8.703642e-01 2.237154e-02 -4.919001e-01 5.890945e+01
6.565160e-01 -1.369921e-01 -7.417681e-01 9.961197e+01 4.359422e-02 9.886174e-01 -1.439971e-01 2.549256e+00 7.530513e-01 6.219960e-02 6.550152e-01 6.025145e+01
-4.271145e-01 -4.701518e-02 9.029744e-01 9.972329e+01 3.635702e-02 9.969467e-01 6.910522e-02 2.554536e+00 -9.034663e-01 6.234530e-02 -4.241010e-01 6.179925e+01
5.617372e-01 1.134910e-01 -8.194944e-01 1.001586e+02 1.414182e-02 9.890842e-01 1.466711e-01 2.558045e+00 8.271949e-01 -9.397978e-02 5.540004e-01 6.314389e+01
-7.153133e-01 4.557328e-02 6.973162e-01 1.007708e+02 2.720595e-01 9.373028e-01 2.178234e-01 2.563768e+00 -6.436695e-01 3.455235e-01 -6.828639e-01 6.403971e+01
4.318301e-01 3.205206e-01 -8.430832e-01 1.011222e+02 -1.586296e-01 9.471478e-01 2.788328e-01 2.570245e+00 8.878961e-01 1.332957e-02 4.598510e-01 6.502895e+01
7.043706e-01 -2.859323e-01 6.496959e-01 1.008888e+02 3.222179e-01 9.443429e-01 6.627299e-02 2.592880e+00 -6.324853e-01 1.626629e-01 7.572999e-01 6.620142e+01
-1.005916e-02 4.792821e-01 -8.776033e-01 1.003854e+02 -7.751187e-02 8.746332e-01 4.785485e-01 2.628147e+00 9.969407e-01 7.283847e-02 2.835197e-02 6.718064e+01
2.642726e-01 -1.792264e-01 9.476486e-01 9.985469e+01 5.156374e-01 8.566134e-01 1.821231e-02 2.665138e+00 -8.150326e-01 4.838300e-01 3.187953e-01 6.819092e+01
9.786137e-01 2.018003e-01 -3.989820e-02 9.936391e+01 -1.957489e-01 9.731724e-01 1.209045e-01 2.701470e+00 6.322639e-02 -1.105088e-01 9.918620e-01 6.910417e+01
-3.372396e-01 -2.741497e-01 9.006172e-01 9.988831e+01 3.063033e-01 8.726536e-01 3.803340e-01 2.717779e+00 -8.901954e-01 4.041257e-01 -2.103204e-01 6.999828e+01
8.710093e-01 2.019333e-01 -4.478456e-01 1.010730e+02 -2.891289e-01 9.477240e-01 -1.349950e-01 2.727907e+00 3.971740e-01 2.470670e-01 8.838612e-01 7.022877e+01
-3.660759e-01 -3.096679e-01 8.775501e-01 1.022126e+02 -6.259704e-02 9.490675e-01 3.087920e-01 2.736900e+00 -9.284773e-01 5.810926e-02 -3.668150e-01 7.049496e+01
2.674309e-01 -5.627446e-02 -9.619324e-01 1.026265e+02 -1.226830e-01 9.881802e-01 -9.191761e-02 2.750969e+00 9.557351e-01 1.425944e-01 2.573660e-01 7.060719e+01
9.854187e-01 -1.234868e-01 1.170515e-01 1.023189e+02 9.579065e-02 9.711995e-01 2.181643e-01 2.791354e+00 -1.406207e-01 -2.037707e-01 9.688670e-01 7.051016e+01
5.298316e-01 -1.234731e-01 8.390667e-01 1.022683e+02 3.878417e-01 9.151097e-01 -1.102407e-01 2.804296e+00 -7.542263e-01 3.838341e-01 5.327420e-01 7.107283e+01
7.503360e-01 1.081739e-01 6.521459e-01 1.027166e+02 -1.301943e-01 9.913803e-01 -1.464710e-02 2.812258e+00 -6.481090e-01 -7.391543e-02 7.579520e-01 7.196295e+01
5.525141e-01 -4.106849e-01 7.253041e-01 1.033083e+02 3.425891e-01 9.051794e-01 2.515609e-01 2.826216e+00 -7.598426e-01 1.094904e-01 6.408206e-01 7.233280e+01
8.762216e-01 -2.522459e-02 4.812478e-01 1.035338e+02 1.802387e-01 9.433069e-01 -2.787224e-01 2.851776e+00 -4.469337e-01 3.309621e-01 8.310923e-01 7.259881e+01
5.394614e-01 -3.571725e-02 8.412525e-01 1.043479e+02 -1.053290e-01 9.883895e-01 1.095076e-01 2.863200e+00 -8.353964e-01 -1.476834e-01 5.294359e-01 7.292323e+01
6.881981e-01 -3.626059e-01 6.284110e-01 1.054622e+02 3.769561e-01 9.187698e-01 1.173291e-01 2.875234e+00 -6.199093e-01 1.561377e-01 7.689821e-01 7.329137e+01
5.538581e-01 1.202571e-01 8.238807e-01 1.063417e+02 1.524060e-01 9.581531e-01 -2.423118e-01 2.887828e+00 -8.185436e-01 2.597707e-01 5.123530e-01 7.368588e+01
7.344351e-01 -1.611714e-01 6.592638e-01 1.069137e+02 1.903351e-03 9.718782e-01 2.354765e-01 2.902064e+00 -6.786762e-01 -1.716874e-01 7.140882e-01 7.421125e+01
6.427774e-01 -2.911229e-01 7.085793e-01 1.072536e+02 4.442641e-01 8.952037e-01 -3.520942e-02 2.914049e+00 -6.240726e-01 3.374282e-01 7.047522e-01 7.466272e+01
6.575150e-01 1.185304e-01 7.440595e-01 1.074930e+02 8.433939e-03 9.863281e-01 -1.645773e-01 2.932843e+00 -7.533943e-01 1.144874e-01 6.475258e-01 7.506936e+01
5.055396e-01 -3.686571e-01 7.800780e-01 1.075713e+02 2.126779e-01 9.294671e-01 3.014283e-01 2.956513e+00 -8.361805e-01 1.352143e-02 5.482877e-01 7.558835e+01
6.935996e-01 -2.078274e-01 6.897299e-01 1.076033e+02 4.292730e-01 8.881479e-01 -1.640673e-01 2.988460e+00 -5.784844e-01 4.098794e-01 7.052337e-01 7.610767e+01
5.042625e-01 1.103149e-01 8.564753e-01 1.081847e+02 -2.572154e-02 9.932856e-01 -1.127923e-01 3.021587e+00 -8.631673e-01 3.484706e-02 5.037142e-01 7.648593e+01
5.367137e-01 -4.599134e-01 7.074023e-01 1.080617e+02 3.059185e-01 8.874110e-01 3.448414e-01 3.067547e+00 -7.863538e-01 3.132631e-02 6.169817e-01 7.704648e+01
4.918483e-01 -1.865498e-01 8.504613e-01 1.073808e+02 5.777972e-01 8.006348e-01 -1.585379e-01 3.132959e+00 -6.513337e-01 5.693708e-01 5.015788e-01 7.763094e+01
5.502955e-01 1.557505e-01 8.203149e-01 1.070941e+02 -5.505127e-02 9.870786e-01 -1.504831e-01 3.178779e+00 -8.331532e-01 3.765081e-02 5.517592e-01 7.818225e+01
4.955652e-01 -4.356716e-01 7.514023e-01 1.072019e+02 2.605486e-01 8.998274e-01 3.498931e-01 3.207412e+00 -8.285708e-01 2.238200e-02 5.594367e-01 7.876990e+01
7.421408e-01 -1.315480e-01 6.572078e-01 1.074297e+02 3.867896e-01 8.848559e-01 -2.596611e-01 3.234093e+00 -5.473763e-01 4.469062e-01 7.075691e-01 7.918512e+01
5.876054e-01 6.714450e-02 8.063569e-01 1.076931e+02 -9.959513e-02 9.949750e-01 -1.027395e-02 3.262408e+00 -8.029948e-01 -7.427220e-02 5.913399e-01 7.952632e+01
6.853070e-01 -4.007489e-01 6.080746e-01 1.083446e+02 3.569584e-01 9.126391e-01 1.991746e-01 3.283261e+00 -6.347716e-01 8.056153e-02 7.684886e-01 7.985640e+01
6.605397e-01 6.719629e-02 7.477780e-01 1.088567e+02 2.222905e-01 9.338278e-01 -2.802723e-01 3.299746e+00 -7.171292e-01 3.513549e-01 6.018933e-01 8.021121e+01
7.929669e-01 -1.141678e-01 5.984724e-01 1.089956e+02 -2.035197e-02 9.767746e-01 2.133008e-01 3.321319e+00 -6.089248e-01 -1.813206e-01 7.722263e-01 8.061095e+01
9.085638e-01 -2.293846e-01 3.491340e-01 1.097598e+02 3.006387e-01 9.393180e-01 -1.652214e-01 3.339330e+00 -2.900486e-01 2.550774e-01 9.223922e-01 8.058991e+01
8.969760e-01 1.885978e-01 3.998312e-01 1.110040e+02 -2.263821e-01 9.728055e-01 4.899666e-02 3.362922e+00 -3.797173e-01 -1.344635e-01 9.152783e-01 8.036327e+01
7.524294e-01 -3.679572e-01 5.463127e-01 1.117886e+02 3.533892e-01 9.254496e-01 1.365983e-01 3.373334e+00 -5.558472e-01 9.028040e-02 8.263676e-01 8.061408e+01
8.561770e-01 1.777254e-01 4.851543e-01 1.124572e+02 -6.650938e-02 9.690768e-01 -2.376270e-01 3.381917e+00 -5.123842e-01 1.711834e-01 8.415217e-01 8.099659e+01
9.514712e-01 -1.960382e-01 2.372165e-01 1.139247e+02 1.261125e-01 9.515280e-01 2.805174e-01 3.408494e+00 -2.807103e-01 -2.369882e-01 9.300744e-01 8.076265e+01
9.218247e-01 2.845755e-02 3.865609e-01 1.157142e+02 1.005200e-01 9.456295e-01 -3.093229e-01 3.444269e+00 -3.743460e-01 3.239986e-01 8.688441e-01 8.027051e+01
6.380518e-01 -5.531305e-02 7.680041e-01 1.170707e+02 -1.359115e-01 9.736656e-01 1.830394e-01 3.462591e+00 -7.579036e-01 -2.211692e-01 6.137314e-01 8.030113e+01
9.291171e-01 -2.752939e-01 2.468901e-01 1.183653e+02 3.060783e-01 9.471834e-01 -9.570584e-02 3.478038e+00 -2.075030e-01 1.644897e-01 9.643058e-01 8.036832e+01
2.975721e-01 1.588040e-01 9.413990e-01 1.194630e+02 3.066823e-02 9.839696e-01 -1.756793e-01 3.489174e+00 -9.542066e-01 8.114831e-02 2.879317e-01 8.052539e+01
8.688949e-01 -2.483018e-01 4.282148e-01 1.205046e+02 1.384309e-01 9.524606e-01 2.713960e-01 3.502755e+00 -4.752458e-01 -1.765364e-01 8.619607e-01 8.082316e+01
4.765288e-01 -6.993015e-02 8.763733e-01 1.215310e+02 4.080953e-01 9.005247e-01 -1.500449e-01 3.515309e+00 -7.787031e-01 4.291445e-01 4.576641e-01 8.095387e+01
8.514106e-01 3.505372e-01 -3.901585e-01 1.223392e+02 -2.044224e-01 9.068184e-01 3.686352e-01 3.526162e+00 4.830232e-01 -2.341028e-01 8.437324e-01 8.105340e+01
7.362383e-01 1.042719e-02 -6.766420e-01 1.229875e+02 -1.474491e-01 9.783299e-01 -1.453596e-01 3.551633e+00 6.604634e-01 2.067896e-01 7.218214e-01 8.111605e+01
-3.294311e-01 -1.388718e-01 9.339110e-01 1.233996e+02 6.473177e-02 9.834751e-01 1.690757e-01 3.571400e+00 -9.419580e-01 1.161525e-01 -3.149979e-01 8.134478e+01
3.028912e-01 -3.266317e-02 -9.524652e-01 1.237081e+02 6.695241e-02 9.976725e-01 -1.292209e-02 3.595070e+00 9.506704e-01 -5.985585e-02 3.043731e-01 8.124931e+01
