1.000000e+00 1.197625e-11 1.704638e-10 5.551115e-17 1.197625e-11 1.000000e+00 3.562503e-10 0.000000e+00 1.704638e-10 3.562503e-10 1.000000e+00 2.220446e-16 0.000000e+00 0.000000e+00 0.000000e+00 1.000000e+00
8.221325e-01 -9.736714e-02 5.609080e-01 4.627022e-01 1.235138e-01 9.923040e-01 -8.783831e-03 -2.933338e-02 -5.557360e-01 7.650136e-02 8.278315e-01 -2.159723e-01
9.772739e-01 3.472261e-02 -2.091172e-01 8.505512e-01 -2.956012e-02 9.991774e-01 2.776296e-02 -5.584147e-02 2.099091e-01 -2.095049e-02 9.774964e-01 -3.909866e-01
6.890850e-01 -1.121929e-01 7.159432e-01 1.322198e+00 1.589132e-01 9.872910e-01 1.763079e-03 -8.492222e-02 -7.070421e-01 1.125579e-01 6.981563e-01 -5.234844e-01
9.992866e-01 2.596912e-02 2.741901e-02 1.682177e+00 -2.731686e-02 9.983766e-01 4.998030e-02 -1.074703e-01 -2.607655e-02 -5.069364e-02 9.983738e-01 -2.344891e-01
7.918863e-01 -1.432124e-01 5.936382e-01 1.985102e+00 1.692629e-01 9.854984e-01 1.195779e-02 -1.283628e-01 -5.867420e-01 9.101172e-02 8.046432e-01 -5.571589e-02
9.325978e-01 1.416806e-01 -3.319457e-01 2.548829e+00 -1.222103e-01 9.893608e-01 7.892913e-02 -1.565647e-01 3.395968e-01 -3.304197e-02 9.399906e-01 -8.354281e-02
9.507741e-01 -1.199699e-01 2.857198e-01 3.191046e+00 1.085251e-01 9.925365e-01 5.561980e-02 -1.839514e-01 -2.902601e-01 -2.187410e-02 9.566978e-01 1.641364e-02
8.699383e-01 2.053897e-01 -4.483553e-01 3.716160e+00 -1.636163e-01 9.778560e-01 1.304892e-01 -2.061721e-01 4.652281e-01 -4.015928e-02 8.842794e-01 2.453523e-01
9.755797e-01 -1.302633e-01 1.768496e-01 4.352398e+00 1.302056e-01 9.914146e-01 1.198197e-02 -2.332759e-01 -1.768921e-01 1.133744e-02 9.841650e-01 2.478119e-01
9.907260e-01 1.143155e-01 7.344424e-02 5.048130e+00 -1.159845e-01 9.930719e-01 1.886303e-02 -2.647617e-01 -7.077907e-02 -2.720649e-02 9.971209e-01 1.872724e-01
9.758198e-01 -6.483167e-02 -2.087404e-01 5.706804e+00 7.300895e-02 9.968273e-01 3.170256e-02 -2.929330e-01 2.060228e-01 -4.617590e-02 9.774571e-01 1.180755e-01
6.898678e-01 -9.350389e-03 7.238750e-01 6.317190e+00 7.488318e-02 9.954745e-01 -5.850654e-02 -3.231971e-01 -7.200521e-01 9.456784e-02 6.874460e-01 7.703800e-02
9.600744e-01 -1.266897e-01 2.494130e-01 6.653846e+00 1.160899e-01 9.916120e-01 5.682164e-02 -3.515220e-01 -2.545196e-01 -2.559867e-02 9.667288e-01 -3.322996e-03
8.775637e-01 -7.818338e-03 4.793962e-01 7.161453e+00 6.331998e-02 9.929991e-01 -9.971651e-02 -3.818794e-01 -4.752604e-01 1.178630e-01 8.719151e-01 -1.057349e-01
9.987156e-01 -4.411353e-02 2.492436e-02 7.618425e+00 4.143637e-02 9.941969e-01 9.927560e-02 -4.092018e-01 -2.915912e-02 -9.811531e-02 9.947478e-01 -2.309767e-01
8.591216e-01 -5.006846e-02 5.093164e-01 8.113441e+00 1.229553e-01 9.862469e-01 -1.104494e-01 -4.370028e-01 -4.967817e-01 1.575126e-01 8.534622e-01 -3.692946e-01
9.989011e-01 -3.693587e-02 -2.885028e-02 8.084803e+00 3.901040e-02 9.964198e-01 7.500474e-02 -4.526663e-01 2.597663e-02 -7.604778e-02 9.967657e-01 -6.728524e-01
6.014464e-01 -8.002636e-02 7.948950e-01 8.373114e+00 2.050207e-01 9.771107e-01 -5.675505e-02 -4.769069e-01 -7.721585e-01 1.971050e-01 6.040867e-01 -6.470531e-01
9.474878e-01 1.354602e-01 -2.896851e-01 8.947144e+00 -9.406335e-02 9.838333e-01 1.523944e-01 -5.049598e-01 3.056453e-01 -1.171431e-01 9.449119e-01 -5.680935e-01
8.231354e-01 -1.300586e-01 5.527503e-01 9.650526e+00 1.679057e-01 9.856364e-01 -1.812496e-02 -5.357247e-01 -5.424535e-01 1.077292e-01 8.331498e-01 -5.054877e-01
9.947820e-01 6.968513e-02 7.451746e-02 1.005211e+01 -7.278589e-02 9.965557e-01 3.973528e-02 -5.608044e-01 -7.149184e-02 -4.495176e-02 9.964277e-01 -3.551015e-01
9.209217e-01 -1.495784e-01 3.599021e-01 1.046171e+01 1.521926e-01 9.881226e-01 2.124004e-02 -5.841340e-01 -3.588044e-01 3.521402e-02 9.327483e-01 -2.643118e-01
9.991469e-01 1.761312e-02 3.735223e-02 1.058763e+01 -1.505011e-02 9.975839e-01 -6.782175e-02 -6.023995e-01 -3.845654e-02 6.720174e-02 9.969980e-01 -6.056788e-01
9.679409e-01 -1.420417e-01 2.071583e-01 1.060399e+01 1.446642e-01 9.894776e-01 2.513540e-03 -6.216748e-01 -2.053355e-01 2.753543e-02 9.783042e-01 -1.218244e+00
9.976490e-01 3.265237e-02 6.025175e-02 1.088478e+01 -2.803943e-02 9.967227e-01 -7.587904e-02 -6.501308e-01 -6.253192e-02 7.401122e-02 9.952950e-01 -1.859282e+00
9.956083e-01 -6.968898e-02 -6.251056e-02 1.129872e+01 7.325542e-02 9.957001e-01 5.670053e-02 -6.783460e-01 5.829037e-02 -6.103076e-02 9.964324e-01 -2.378368e+00
9.992114e-01 2.514325e-02 3.072992e-02 1.165670e+01 -2.229659e-02 9.957189e-01 -8.970407e-02 -7.061382e-01 -3.285381e-02 8.894816e-02 9.954943e-01 -2.992974e+00
9.889195e-01 -1.147830e-01 -9.414409e-02 1.172857e+01 1.152856e-01 9.933324e-01 -1.018844e-04 -7.345861e-01 9.352807e-02 -1.075270e-02 9.955586e-01 -3.957101e+00
9.467179e-01 1.220050e-02 3.218328e-01 1.174872e+01 2.742050e-02 9.926004e-01 -1.182903e-01 -7.585021e-01 -3.208946e-01 1.208123e-01 9.393780e-01 -4.685734e+00
9.866188e-01 -1.042764e-01 1.253389e-01 1.184329e+01 9.406684e-02 9.919478e-01 8.479932e-02 -7.737474e-01 -1.331722e-01 -7.187436e-02 9.884833e-01 -4.954010e+00
9.970281e-01 1.230819e-02 7.604926e-02 1.189303e+01 -3.444130e-03 9.932893e-01 -1.156053e-01 -7.855494e-01 -7.696181e-02 1.149998e-01 9.903797e-01 -5.198428e+00
9.917542e-01 -5.737883e-02 1.145916e-01 1.219302e+01 4.380024e-02 9.920847e-01 1.176839e-01 -8.052498e-01 -1.204371e-01 -1.116944e-01 9.864174e-01 -5.438798e+00
9.430632e-01 -8.840502e-03 3.324961e-01 1.282650e+01 4.900940e-02 9.924289e-01 -1.126190e-01 -8.338613e-01 -3.289831e-01 1.225023e-01 9.363564e-01 -5.555097e+00
9.655724e-01 -5.628381e-02 2.539724e-01 1.327968e+01 3.503218e-02 9.955536e-01 8.744035e-02 -8.582461e-01 -2.577646e-01 -7.553278e-02 9.632508e-01 -5.707147e+00
8.780070e-01 -1.381612e-01 4.582740e-01 1.336363e+01 2.134290e-01 9.699906e-01 -1.164742e-01 -8.729784e-01 -4.284293e-01 2.000742e-01 8.811462e-01 -5.953203e+00
9.994781e-01 2.972885e-02 1.263689e-02 1.315305e+01 -3.051291e-02 9.972727e-01 6.720179e-02 -8.808652e-01 -1.060459e-02 -6.755231e-02 9.976594e-01 -6.289499e+00
9.907721e-01 -9.051505e-02 -1.008847e-01 1.298635e+01 8.215286e-02 9.930586e-01 -8.417521e-02 -8.827029e-01 1.078036e-01 7.511048e-02 9.913308e-01 -6.447185e+00
9.928625e-01 8.696698e-02 -8.161347e-02 1.327482e+01 -7.682923e-02 9.897898e-01 1.200558e-01 -9.018025e-01 9.122107e-02 -1.129286e-01 9.894068e-01 -6.735043e+00
9.844098e-01 -2.559897e-02 -1.740171e-01 1.372903e+01 1.212037e-02 9.968733e-01 -7.808153e-02 -9.259592e-01 1.754718e-01 7.475507e-02 9.816422e-01 -6.996378e+00
8.834268e-01 1.397344e-01 -4.472487e-01 1.420008e+01 -4.385168e-02 9.749650e-01 2.179914e-01 -9.470241e-01 4.665127e-01 -1.729668e-01 8.674378e-01 -7.094308e+00
8.884765e-01 1.129992e-01 -4.447928e-01 1.457934e+01 -1.255793e-01 9.920829e-01 1.192402e-03 -9.629699e-01 4.414060e-01 5.479733e-02 8.956327e-01 -7.014165e+00
9.664988e-01 -5.943307e-02 -2.496956e-01 1.452211e+01 7.956532e-02 9.942754e-01 7.131464e-02 -9.680910e-01 2.440277e-01 -8.879262e-02 9.656948e-01 -7.138028e+00
9.988021e-01 4.404365e-02 2.132117e-02 1.418545e+01 -4.217934e-02 9.958089e-01 -8.115151e-02 -9.658499e-01 -2.480602e-02 8.015499e-02 9.964737e-01 -7.320442e+00
9.344985e-01 -1.924100e-01 2.994844e-01 1.373532e+01 1.916548e-01 9.809344e-01 3.219012e-02 -9.620534e-01 -2.999682e-01 2.731600e-02 9.535580e-01 -7.557278e+00
9.842154e-01 7.490655e-03 1.768160e-01 1.342816e+01 1.325598e-02 9.931768e-01 -1.158621e-01 -9.655978e-01 -1.764775e-01 1.163772e-01 9.774007e-01 -7.808542e+00
9.431894e-01 -1.098423e-01 3.135737e-01 1.355042e+01 8.555223e-02 9.922384e-01 9.024296e-02 -9.819700e-01 -3.210524e-01 -5.828927e-02 9.452659e-01 -8.012205e+00
7.017904e-01 -1.285854e-01 7.006825e-01 1.352002e+01 2.708437e-01 9.578756e-01 -9.548788e-02 -9.939637e-01 -6.588884e-01 2.567879e-01 7.070545e-01 -8.097307e+00
9.332688e-01 -2.726077e-02 3.581426e-01 1.333242e+01 2.147472e-02 9.995668e-01 2.012405e-02 -9.987417e-01 -3.585361e-01 -1.109013e-02 9.334500e-01 -8.218841e+00
8.551040e-01 -1.736588e-01 4.885077e-01 1.339266e+01 2.046896e-01 9.787722e-01 -1.035506e-02 -1.008650e+00 -4.763395e-01 1.088471e-01 8.724981e-01 -8.187941e+00
9.857459e-01 1.340235e-03 1.682354e-01 1.322949e+01 5.480816e-03 9.991817e-01 -4.007381e-02 -1.007668e+00 -1.681514e-01 4.042466e-02 9.849320e-01 -8.141169e+00
6.954629e-01 -1.301672e-01 7.066738e-01 1.373688e+01 1.370782e-01 9.894281e-01 4.734623e-02 -1.035900e+00 -7.053659e-01 6.394201e-02 7.059536e-01 -8.130721e+00
9.420795e-01 -8.971070e-02 3.231690e-01 1.416339e+01 1.180711e-01 9.905905e-01 -6.920774e-02 -1.065914e+00 -3.139195e-01 1.033561e-01 9.438072e-01 -8.320356e+00
8.224640e-01 -1.176450e-01 5.565182e-01 1.397036e+01 1.655657e-01 9.855286e-01 -3.634974e-02 -1.080839e+00 -5.441883e-01 1.220367e-01 8.300398e-01 -8.839016e+00
9.987007e-01 -4.056822e-02 -3.084098e-02 1.385935e+01 4.016091e-02 9.990991e-01 -1.371369e-02 -1.093997e+00 3.136954e-02 1.245727e-02 9.994302e-01 -9.254900e+00
9.995907e-01 6.146110e-05 2.860901e-02 1.419548e+01 7.695356e-05 9.999883e-01 -4.837030e-03 -1.120441e+00 -2.860897e-02 4.837252e-03 9.995790e-01 -9.753965e+00
9.979519e-01 -5.509489e-02 3.250620e-02 1.464686e+01 5.642313e-02 9.975455e-01 -4.146628e-02 -1.152654e+00 -3.014184e-02 4.321546e-02 9.986110e-01 -1.043543e+01
9.999307e-01 -1.133506e-02 -3.177398e-03 1.478327e+01 1.131060e-02 9.999071e-01 -7.613119e-03 -1.176416e+00 3.263398e-03 7.576654e-03 9.999660e-01 -1.104669e+01
9.969728e-01 -7.760184e-02 4.816191e-03 1.483790e+01 7.775090e-02 9.952094e-01 -5.927167e-02 -1.198807e+00 -1.935282e-04 5.946671e-02 9.982303e-01 -1.178759e+01
9.937761e-01 1.121676e-02 -1.108300e-01 1.496513e+01 -1.219108e-02 9.998927e-01 -8.117329e-03 -1.226900e+00 1.107271e-01 9.417945e-03 9.938062e-01 -1.268642e+01
9.622993e-01 -1.091806e-01 2.491179e-01 1.501899e+01 1.371099e-01 9.857343e-01 -9.761524e-02 -1.256353e+00 -2.349063e-01 1.280916e-01 9.635412e-01 -1.369886e+01
9.804556e-01 -2.077266e-02 -1.956409e-01 1.499563e+01 1.664081e-02 9.996029e-01 -2.273978e-02 -1.289310e+00 1.960356e-01 1.903972e-02 9.804119e-01 -1.506761e+01
9.073817e-01 9.093750e-02 -4.103521e-01 1.519151e+01 -4.822948e-02 9.923923e-01 1.132762e-01 -1.309183e+00 4.175313e-01 -8.299365e-02 9.048644e-01 -1.541539e+01
9.900196e-01 3.039959e-02 -1.376118e-01 1.547285e+01 -3.105588e-02 9.995142e-01 -2.624134e-03 -1.331599e+00 1.374652e-01 6.871601e-03 9.904828e-01 -1.552831e+01
9.933678e-01 -1.040438e-01 4.894257e-02 1.545627e+01 1.083356e-01 9.895415e-01 -9.524243e-02 -1.360391e+00 -3.852132e-02 9.991298e-02 9.942502e-01 -1.663423e+01
9.928741e-01 2.106157e-03 -1.191492e-01 1.535139e+01 -3.428626e-03 9.999348e-01 -1.089537e-02 -1.388012e+00 1.191184e-01 1.122625e-02 9.928166e-01 -1.784998e+01
9.944957e-01 -9.031582e-02 5.311697e-02 1.527705e+01 9.542450e-02 9.900766e-01 -1.031623e-01 -1.415964e+00 -4.327269e-02 1.076631e-01 9.932453e-01 -1.902615e+01
9.918732e-01 7.370593e-03 -1.270164e-01 1.530539e+01 -4.651943e-03 9.997540e-01 2.168729e-02 -1.443655e+00 1.271450e-01 -2.092017e-02 9.916635e-01 -2.003875e+01
9.990793e-01 -4.070907e-02 1.353873e-02 1.551774e+01 4.157559e-02 9.965758e-01 -7.147180e-02 -1.471742e+00 -1.058282e-02 7.196888e-02 9.973507e-01 -2.080881e+01
9.991830e-01 -3.864958e-02 1.181324e-02 1.565778e+01 3.881161e-02 9.991511e-01 -1.380950e-02 -1.500757e+00 -1.126948e-02 1.425671e-02 9.998349e-01 -2.169806e+01
9.854478e-01 -8.545392e-02 1.469365e-01 1.569767e+01 1.024878e-01 9.883460e-01 -1.125545e-01 -1.531556e+00 -1.356059e-01 1.259758e-01 9.827213e-01 -2.281365e+01
9.918706e-01 -2.514780e-02 -1.247410e-01 1.567187e+01 2.582110e-02 9.996594e-01 3.783426e-03 -1.560733e+00 1.246034e-01 -6.973618e-03 9.921821e-01 -2.397018e+01
9.936555e-01 -6.515589e-02 9.167009e-02 1.557159e+01 7.637996e-02 9.892372e-01 -1.248034e-01 -1.587136e+00 -8.255178e-02 1.310133e-01 9.879376e-01 -2.512767e+01
9.981965e-01 -5.971647e-02 6.133460e-03 1.551078e+01 5.969374e-02 9.982094e-01 3.824439e-03 -1.613808e+00 -6.350860e-03 -3.451412e-03 9.999739e-01 -2.621513e+01
9.918790e-01 -7.726359e-02 1.010264e-01 1.549985e+01 9.177407e-02 9.847303e-01 -1.479313e-01 -1.645128e+00 -8.805409e-02 1.560016e-01 9.838242e-01 -2.748230e+01
9.655716e-01 1.313935e-02 -2.598054e-01 1.558545e+01 8.516504e-03 9.965916e-01 8.205317e-02 -1.675889e+00 2.599980e-01 -8.144084e-02 9.621686e-01 -2.855491e+01
9.555646e-01 -4.804851e-02 2.908396e-01 1.567908e+01 1.019778e-01 9.795898e-01 -1.732177e-01 -1.706774e+00 -2.765807e-01 1.951799e-01 9.409612e-01 -2.952796e+01
9.939231e-01 -8.608131e-02 -6.860742e-02 1.564156e+01 8.937384e-02 9.949142e-01 4.645561e-02 -1.736768e+00 6.425953e-02 -5.230501e-02 9.965615e-01 -3.073154e+01
9.735056e-01 -3.582609e-02 2.258392e-01 1.565230e+01 8.009234e-02 9.785076e-01 -1.900212e-01 -1.766127e+00 -2.141777e-01 2.030747e-01 9.554520e-01 -3.184757e+01
9.946851e-01 -6.357223e-02 -8.099406e-02 1.570110e+01 7.064384e-02 9.936419e-01 8.766489e-02 -1.793764e+00 7.490604e-02 -9.292069e-02 9.928519e-01 -3.282823e+01
9.872329e-01 -3.354802e-02 1.557101e-01 1.583551e+01 6.570491e-02 9.762934e-01 -2.062380e-01 -1.825202e+00 -1.450999e-01 2.138359e-01 9.660333e-01 -3.388528e+01
9.885448e-01 -6.355968e-02 -1.368921e-01 1.591800e+01 7.610138e-02 9.931720e-01 8.841943e-02 -1.858456e+00 1.303374e-01 -9.782424e-02 9.866319e-01 -3.510648e+01
9.953258e-01 -1.793166e-02 9.489450e-02 1.590340e+01 3.894243e-02 9.737042e-01 -2.244627e-01 -1.889854e+00 -8.837418e-02 2.271090e-01 9.698513e-01 -3.637569e+01
9.917750e-01 -8.768350e-02 -9.324134e-02 1.588947e+01 9.660254e-02 9.906937e-01 9.588556e-02 -1.921451e+00 8.396602e-02 -1.041043e-01 9.910156e-01 -3.765485e+01
9.942226e-01 8.816241e-04 1.073340e-01 1.589960e+01 2.407292e-02 9.726620e-01 -2.309741e-01 -1.951789e+00 -1.046033e-01 2.322235e-01 9.670214e-01 -3.881548e+01
9.814530e-01 -1.046430e-01 -1.606233e-01 1.583612e+01 1.209049e-01 9.881048e-01 9.503131e-02 -1.983921e+00 1.487683e-01 -1.126889e-01 9.824303e-01 -4.021009e+01
9.968131e-01 5.504843e-02 -5.773512e-02 1.572316e+01 -6.508439e-02 9.797047e-01 -1.895859e-01 -2.009121e+00 4.612696e-02 1.927394e-01 9.801652e-01 -4.136262e+01
9.900786e-01 -1.364390e-01 -3.359789e-02 1.572406e+01 1.392575e-01 9.846726e-01 1.050109e-01 -2.034786e+00 1.875533e-02 -1.086478e-01 9.939034e-01 -4.228992e+01
9.983310e-01 5.363426e-02 -2.141303e-02 1.575957e+01 -5.682011e-02 9.785253e-01 -1.981409e-01 -2.062341e+00 1.032605e-02 1.990269e-01 9.799396e-01 -4.326764e+01
9.851274e-01 -1.561133e-01 7.178197e-02 1.582001e+01 1.486271e-01 9.838320e-01 9.992312e-02 -2.091014e+00 -8.622073e-02 -8.776826e-02 9.924025e-01 -4.426104e+01
9.929337e-01 5.949252e-02 -1.026810e-01 1.595041e+01 -7.645914e-02 9.824486e-01 -1.701435e-01 -2.119212e+00 9.075652e-02 1.767921e-01 9.800550e-01 -4.515992e+01
9.826934e-01 -1.544631e-01 1.022491e-01 1.592172e+01 1.444054e-01 9.845124e-01 9.941058e-02 -2.141538e+00 -1.160207e-01 -8.292481e-02 9.897791e-01 -4.595726e+01
8.554150e-01 1.095161e-01 -5.062326e-01 1.576423e+01 -1.628279e-01 9.846972e-01 -6.211625e-02 -2.160502e+00 4.916831e-01 1.355640e-01 8.601570e-01 -4.691030e+01
9.851997e-01 -1.423451e-01 -9.549543e-02 1.577226e+01 1.464341e-01 9.885194e-01 3.723606e-02 -2.185938e+00 8.909871e-02 -5.066874e-02 9.947332e-01 -4.797429e+01
9.548673e-01 1.119301e-01 -2.751365e-01 1.564922e+01 -1.284436e-01 9.907974e-01 -4.269369e-02 -2.205258e+00 2.678258e-01 7.610634e-02 9.604567e-01 -4.890158e+01
9.863644e-01 -1.644104e-01 -7.381144e-03 1.545557e+01 1.642007e-01 9.861519e-01 -2.329258e-02 -2.222327e+00 1.110847e-02 2.176298e-02 9.997014e-01 -4.981783e+01
8.951423e-01 1.402358e-01 -4.231480e-01 1.533359e+01 -1.342391e-01 9.899667e-01 4.411145e-02 -2.243811e+00 4.250885e-01 1.731697e-02 9.049861e-01 -5.085604e+01
9.652527e-01 -1.632353e-01 2.040625e-01 1.521762e+01 1.812141e-01 9.807572e-01 -7.264083e-02 -2.262995e+00 -1.882782e-01 1.070958e-01 9.762591e-01 -5.168429e+01
9.412345e-01 9.904838e-02 -3.229040e-01 1.510171e+01 -8.536762e-02 9.947578e-01 5.629600e-02 -2.283183e+00 3.267873e-01 -2.542220e-02 9.447559e-01 -5.253776e+01
9.924514e-01 -1.207016e-01 2.171124e-02 1.488926e+01 1.225158e-01 9.837201e-01 -1.314712e-01 -2.302624e+00 -5.489000e-03 1.331388e-01 9.910822e-01 -5.361756e+01
9.981135e-01 2.328687e-03 6.135188e-02 1.472180e+01 -2.470365e-03 9.999945e-01 2.233524e-03 -2.326640e+00 -6.134634e-02 -2.380872e-03 9.981137e-01 -5.472794e+01
9.729244e-01 -1.486529e-01 1.769755e-01 1.444490e+01 1.698566e-01 9.791600e-01 -1.113299e-01 -2.343695e+00 -1.567378e-01 1.383761e-01 9.778984e-01 -5.565741e+01
9.276494e-01 8.524151e-02 -3.635939e-01 1.412426e+01 -5.744084e-02 9.945840e-01 8.662103e-02 -2.355748e+00 3.690084e-01 -5.946881e-02 9.275216e-01 -5.654197e+01
9.590846e-01 -1.146592e-01 2.588631e-01 1.389505e+01 1.579701e-01 9.754870e-01 -1.532012e-01 -2.372597e+00 -2.349516e-01 1.878256e-01 9.536872e-01 -5.745769e+01
8.911753e-01 8.441490e-02 -4.457361e-01 1.333792e+01 -1.490488e-02 9.874532e-01 1.572071e-01 -2.364309e+00 4.534142e-01 -1.334555e-01 8.812521e-01 -5.794379e+01
9.957510e-01 -2.954750e-02 -8.721785e-02 1.252914e+01 1.462995e-02 9.858553e-01 -1.669587e-01 -2.330264e+00 9.091740e-02 1.649733e-01 9.820987e-01 -5.800428e+01
8.918975e-01 1.095563e-03 -4.522363e-01 1.199448e+01 6.015000e-02 9.908250e-01 1.210278e-01 -2.324672e+00 4.482196e-01 -1.351464e-01 8.836485e-01 -5.866436e+01
9.924624e-01 5.220844e-02 -1.108720e-01 1.140974e+01 -6.914888e-02 9.855044e-01 -1.549176e-01 -2.317255e+00 1.011768e-01 1.614166e-01 9.816863e-01 -5.938095e+01
9.795825e-01 -1.351877e-01 -1.488033e-01 1.099764e+01 1.469155e-01 9.866105e-01 7.082005e-02 -2.319829e+00 1.372369e-01 -9.123560e-02 9.863276e-01 -6.009390e+01
9.949961e-01 6.957865e-02 7.170517e-02 1.074493e+01 -5.817597e-02 9.869145e-01 -1.503842e-01 -2.328327e+00 -8.123040e-02 1.454601e-01 9.860238e-01 -6.067777e+01
9.346587e-01 -1.025993e-01 -3.404211e-01 1.057367e+01 1.357793e-01 9.878920e-01 7.505513e-02 -2.342503e+00 3.285987e-01 -1.163731e-01 9.372727e-01 -6.140009e+01
9.867132e-01 1.371506e-01 -8.710184e-02 1.036519e+01 -1.441966e-01 9.862676e-01 -8.052102e-02 -2.352140e+00 7.486222e-02 9.201095e-02 9.929399e-01 -6.203327e+01
9.664588e-01 -1.678032e-01 -1.944210e-01 1.012373e+01 1.760528e-01 9.840417e-01 2.583261e-02 -2.357455e+00 1.869836e-01 -5.919452e-02 9.805780e-01 -6.251276e+01
9.933382e-01 1.051525e-01 -4.713982e-02 9.422885e+00 -1.067080e-01 9.937821e-01 -3.178872e-02 -2.323931e+00 4.350405e-02 3.660715e-02 9.983823e-01 -6.229928e+01
9.141149e-01 -2.434503e-01 3.242313e-01 8.923135e+00 2.465545e-01 9.685953e-01 3.215507e-02 -2.307874e+00 -3.218771e-01 5.054725e-02 9.454312e-01 -6.219444e+01
9.873788e-01 1.118374e-01 -1.121403e-01 8.526394e+00 -1.191308e-01 9.910289e-01 -6.057704e-02 -2.305889e+00 1.043595e-01 7.317186e-02 9.918442e-01 -6.248070e+01
9.838291e-01 -1.775793e-01 2.336564e-02 8.062177e+00 1.763221e-01 9.831663e-01 4.790184e-02 -2.290552e+00 -3.147869e-02 -4.300735e-02 9.985787e-01 -6.241163e+01
9.966196e-01 8.166593e-02 8.950816e-03 7.556166e+00 -8.079873e-02 9.940472e-01 -7.308779e-02 -2.274560e+00 -1.486632e-02 7.211751e-02 9.972853e-01 -6.237077e+01
9.783002e-01 -1.554321e-01 -1.370022e-01 7.007525e+00 1.689896e-01 9.811674e-01 9.355770e-02 -2.245450e+00 1.198802e-01 -1.146795e-01 9.861427e-01 -6.189609e+01
9.862917e-01 1.054627e-01 -1.269107e-01 6.367850e+00 -1.133240e-01 9.919567e-01 -5.638696e-02 -2.213510e+00 1.199432e-01 6.999602e-02 9.903102e-01 -6.159192e+01
9.068378e-01 -1.458291e-01 -3.954479e-01 5.659458e+00 1.426300e-01 9.890595e-01 -3.765702e-02 -2.195707e+00 3.966130e-01 -2.225391e-02 9.177161e-01 -6.212269e+01
9.871117e-01 7.318756e-02 1.423166e-01 4.864994e+00 -6.935010e-02 9.970871e-01 -3.174667e-02 -2.164093e+00 -1.442255e-01 2.146784e-02 9.893120e-01 -6.221872e+01
8.982436e-01 -9.365041e-02 -4.294042e-01 4.238283e+00 1.390419e-01 9.874038e-01 7.550624e-02 -2.122516e+00 4.169241e-01 -1.275282e-01 8.999505e-01 -6.148807e+01
8.898679e-01 2.030868e-01 -4.085229e-01 3.579720e+00 -1.686098e-01 9.784562e-01 1.191393e-01 -2.077001e+00 4.239174e-01 -3.713726e-02 9.049392e-01 -6.086000e+01
8.390327e-01 -5.494013e-02 -5.413001e-01 3.006006e+00 3.158339e-02 9.981292e-01 -5.235148e-02 -2.046164e+00 5.431636e-01 2.682851e-02 8.391982e-01 -6.059355e+01
9.990714e-01 5.724516e-03 4.270298e-02 2.125183e+00 -7.297435e-03 9.992971e-01 3.676949e-02 -2.007001e+00 -4.246248e-02 -3.704697e-02 9.984110e-01 -6.060643e+01
9.828007e-01 -1.257722e-01 -1.352186e-01 1.347111e+00 1.183978e-01 9.910727e-01 -6.129288e-02 -1.968241e+00 1.417204e-01 4.422911e-02 9.889182e-01 -6.031840e+01
9.891872e-01 1.264456e-02 1.461123e-01 8.215179e-01 -2.338137e-02 9.971304e-01 7.200127e-02 -1.940219e+00 -1.447826e-01 -7.463904e-02 9.866443e-01 -5.979927e+01
8.722432e-01 3.008121e-02 -4.881465e-01 4.557949e-01 -5.207138e-03 9.986213e-01 5.223401e-02 -1.915068e+00 4.890447e-01 -4.301892e-02 8.711972e-01 -5.904313e+01
9.992831e-01 8.013029e-03 -3.700018e-02 4.136092e-02 -6.012606e-03 9.985302e-01 5.386341e-02 -1.888921e+00 3.737741e-02 -5.360233e-02 9.978626e-01 -5.844044e+01
9.985308e-01 -1.816734e-02 -5.105162e-02 -4.447503e-02 2.059432e-02 9.986626e-01 4.742310e-02 -1.882940e+00 5.012179e-02 -4.840480e-02 9.975694e-01 -5.779009e+01
9.965995e-01 -5.417688e-02 6.208239e-02 -3.653606e-01 5.318876e-02 9.984318e-01 1.746105e-02 -1.866283e+00 -6.293102e-02 -1.409959e-02 9.979183e-01 -5.721238e+01
8.288212e-01 9.886440e-02 -5.507098e-01 -8.601838e-01 -4.669061e-02 9.930533e-01 1.080051e-01 -1.836365e+00 5.575621e-01 -6.380391e-02 8.276796e-01 -5.669576e+01
9.310220e-01 -1.044796e-01 3.496885e-01 -1.228531e+00 1.117814e-01 9.937326e-01 -7.039802e-04 -1.813147e+00 -3.474233e-01 3.974409e-02 9.368658e-01 -5.597657e+01
9.992903e-01 1.769318e-02 -3.325282e-02 -1.417738e+00 -1.480401e-02 9.962532e-01 8.520745e-02 -1.803466e+00 3.463582e-02 -8.465471e-02 9.958082e-01 -5.520213e+01
9.503910e-01 -1.404699e-01 2.775342e-01 -1.799824e+00 1.603637e-01 9.857800e-01 -5.021295e-02 -1.788189e+00 -2.665343e-01 9.222834e-02 9.594026e-01 -5.478764e+01
9.757599e-01 3.947348e-02 2.152545e-01 -1.895680e+00 -5.703283e-02 9.954768e-01 7.598174e-02 -1.787941e+00 -2.112816e-01 -8.641650e-02 9.735976e-01 -5.416992e+01
9.904603e-01 -1.376630e-01 -6.110206e-03 -2.098551e+00 1.376944e-01 9.904619e-01 5.052398e-03 -1.778491e+00 5.356398e-03 -5.845540e-03 9.999686e-01 -5.352495e+01
8.692051e-01 2.157268e-01 -4.449094e-01 -2.402350e+00 -1.484235e-01 9.721441e-01 1.814010e-01 -1.760273e+00 4.716491e-01 -9.163965e-02 8.770116e-01 -5.296251e+01
6.980644e-01 -2.420475e-01 6.738836e-01 -2.492744e+00 2.919331e-01 9.555675e-01 4.081512e-02 -1.757800e+00 -6.538204e-01 1.682373e-01 7.377093e-01 -5.224473e+01
9.623179e-01 1.009314e-01 2.525017e-01 -2.385772e+00 -9.380695e-02 9.947814e-01 -4.012871e-02 -1.771179e+00 -2.552342e-01 1.493016e-02 9.667640e-01 -5.176381e+01
9.288244e-01 -2.605929e-01 2.633943e-01 -2.664001e+00 2.416320e-01 9.649302e-01 1.025847e-01 -1.763883e+00 -2.808900e-01 -3.163862e-02 9.592183e-01 -5.130615e+01
8.694361e-01 4.442228e-02 4.920443e-01 -2.794362e+00 3.023307e-02 9.892989e-01 -1.427364e-01 -1.763385e+00 -4.931195e-01 1.389762e-01 8.587891e-01 -5.071522e+01
9.808151e-01 -1.082836e-01 -1.620999e-01 -3.166522e+00 1.355435e-01 9.764484e-01 1.678583e-01 -1.752371e+00 1.401059e-01 -1.866096e-01 9.723925e-01 -5.041876e+01
9.836126e-01 4.029835e-02 1.757339e-01 -3.543039e+00 -9.768239e-03 9.851806e-01 -1.712418e-01 -1.739002e+00 -1.800304e-01 1.667190e-01 9.694296e-01 -5.011138e+01
9.830320e-01 -4.809825e-02 -1.770160e-01 -3.754875e+00 9.012098e-02 9.671534e-01 2.376814e-01 -1.731863e+00 1.597696e-01 -2.496013e-01 9.550774e-01 -4.961797e+01
9.968103e-01 2.797108e-02 7.474464e-02 -4.130092e+00 -1.412909e-02 9.836262e-01 -1.796660e-01 -1.714217e+00 -7.854623e-02 1.780368e-01 9.808840e-01 -4.910629e+01
9.881782e-01 -1.015462e-01 -1.148574e-01 -4.653752e+00 1.234038e-01 9.713943e-01 2.028908e-01 -1.690514e+00 9.096906e-02 -2.146662e-01 9.724418e-01 -4.872011e+01
9.375619e-01 -2.503915e-02 3.469159e-01 -5.194189e+00 1.371816e-01 9.431722e-01 -3.026670e-01 -1.681363e+00 -3.196229e-01 3.313596e-01 8.877173e-01 -4.900417e+01
9.946738e-01 -5.183088e-02 -8.909287e-02 -5.689285e+00 7.190409e-02 9.682329e-01 2.394888e-01 -1.675781e+00 7.384973e-02 -2.446194e-01 9.668028e-01 -4.937594e+01
9.460255e-01 -4.395961e-02 3.210969e-01 -5.976857e+00 1.384049e-01 9.506682e-01 -2.776221e-01 -1.674995e+00 -2.930524e-01 3.070790e-01 9.054406e-01 -4.944106e+01
9.823629e-01 -1.463045e-02 1.864108e-01 -6.142298e+00 -3.869409e-02 9.594485e-01 2.792155e-01 -1.675456e+00 -1.829366e-01 -2.815040e-01 9.419606e-01 -4.912984e+01
9.735828e-01 -1.957206e-01 1.176013e-01 -6.392892e+00 2.247274e-01 9.125249e-01 -3.417543e-01 -1.683704e+00 -4.042572e-02 3.591543e-01 9.324022e-01 -4.960715e+01
9.209771e-01 5.529757e-02 3.856725e-01 -6.763501e+00 -1.311769e-01 9.760949e-01 1.732954e-01 -1.687022e+00 -3.668702e-01 -2.101924e-01 9.062149e-01 -5.003912e+01
9.611639e-01 -2.753501e-01 -1.860893e-02 -7.135662e+00 2.687075e-01 9.490875e-01 -1.644059e-01 -1.677325e+00 6.293068e-02 1.530207e-01 9.862172e-01 -4.978277e+01
9.783600e-01 2.020707e-01 -4.448854e-02 -7.570255e+00 -1.908824e-01 9.644389e-01 1.828154e-01 -1.665345e+00 7.984812e-02 -1.703672e-01 9.821402e-01 -4.972701e+01
9.611417e-01 -2.740742e-01 -3.301454e-02 -7.966553e+00 2.560651e-01 9.298242e-01 -2.643059e-01 -1.668137e+00 1.031371e-01 2.455815e-01 9.638737e-01 -5.033438e+01
9.741910e-01 1.502255e-01 1.684760e-01 -8.324654e+00 -1.760071e-01 9.728512e-01 1.502731e-01 -1.671406e+00 -1.413272e-01 -1.760477e-01 9.741837e-01 -5.083397e+01
9.433278e-01 -3.201198e-01 8.749871e-02 -8.789212e+00 3.311599e-01 9.251692e-01 -1.854590e-01 -1.662791e+00 -2.158203e-02 2.039247e-01 9.787487e-01 -5.100075e+01
9.743074e-01 2.179477e-01 5.677971e-02 -9.350101e+00 -2.246664e-01 9.582132e-01 1.770666e-01 -1.636152e+00 -1.581582e-02 -1.852738e-01 9.825597e-01 -5.064898e+01
9.348871e-01 -3.463488e-01 7.764425e-02 -9.935326e+00 3.547744e-01 9.185913e-01 -1.741414e-01 -1.610244e+00 -1.100968e-02 1.903487e-01 9.816548e-01 -5.037023e+01
9.640820e-01 2.574847e-01 6.517342e-02 -1.036928e+01 -2.649733e-01 9.492967e-01 1.691888e-01 -1.590882e+00 -1.830537e-02 -1.803811e-01 9.834264e-01 -5.000898e+01
9.249763e-01 -3.594467e-01 1.233570e-01 -1.071901e+01 3.741346e-01 9.182583e-01 -1.297111e-01 -1.579793e+00 -6.664934e-02 1.661318e-01 9.838486e-01 -4.970742e+01
9.574521e-01 2.362652e-01 1.657236e-01 -1.106481e+01 -2.387686e-01 9.710639e-01 -4.943088e-03 -1.583956e+00 -1.620961e-01 -3.483681e-02 9.861599e-01 -5.015313e+01
7.943668e-01 -4.285051e-01 4.305401e-01 -1.144264e+01 4.549624e-01 8.893369e-01 4.570629e-02 -1.589474e+00 -4.024806e-01 1.595720e-01 9.014134e-01 -5.064091e+01
9.437740e-01 2.736767e-01 -1.854500e-01 -1.173890e+01 -2.881240e-01 9.559831e-01 -5.550596e-02 -1.600743e+00 1.620964e-01 1.058177e-01 9.810848e-01 -5.131336e+01
7.436813e-01 -3.841399e-01 5.471514e-01 -1.177992e+01 3.712068e-01 9.179468e-01 1.399255e-01 -1.623004e+00 -5.560068e-01 9.904639e-02 8.252552e-01 -5.193175e+01
9.715305e-01 1.945397e-01 -1.352139e-01 -1.188158e+01 -2.135694e-01 9.661962e-01 -1.444059e-01 -1.639530e+00 1.025504e-01 1.691723e-01 9.802368e-01 -5.230397e+01
7.450395e-01 -3.241972e-01 5.829342e-01 -1.188685e+01 2.609504e-01 9.459500e-01 1.925705e-01 -1.662679e+00 -6.138574e-01 8.644245e-03 7.893696e-01 -5.281291e+01
9.777805e-01 1.461472e-01 -1.502871e-01 -1.175226e+01 -1.688949e-01 9.738749e-01 -1.517964e-01 -1.688278e+00 1.241762e-01 1.738063e-01 9.769195e-01 -5.291293e+01
9.236309e-01 -2.209980e-01 3.131545e-01 -1.138990e+01 1.560966e-01 9.630955e-01 2.192738e-01 -1.717626e+00 -3.500568e-01 -1.536457e-01 9.240418e-01 -5.304308e+01
6.962634e-01 2.067107e-01 -6.873776e-01 -1.103089e+01 -2.887685e-01 9.573879e-01 -4.592273e-03 -1.740989e+00 6.571377e-01 2.016904e-01 7.262858e-01 -5.340548e+01
9.658892e-01 -2.587959e-01 9.094644e-03 -1.078060e+01 2.522963e-01 9.483832e-01 1.921348e-01 -1.757790e+00 -5.834892e-02 -1.832864e-01 9.813264e-01 -5.322920e+01
7.024564e-01 3.841011e-01 -5.991839e-01 -1.042410e+01 -3.581270e-01 9.182861e-01 1.688065e-01 -1.779386e+00 6.150611e-01 9.600469e-02 7.826129e-01 -5.323238e+01
8.658512e-01 -3.680977e-01 3.388300e-01 -1.032348e+01 3.852162e-01 9.226515e-01 1.796191e-02 -1.798176e+00 -3.192338e-01 1.149705e-01 9.406761e-01 -5.339649e+01
9.228827e-01 2.468484e-01 2.955561e-01 -9.980446e+00 -2.105721e-01 9.660996e-01 -1.493685e-01 -1.829625e+00 -3.224080e-01 7.561370e-02 9.435760e-01 -5.364380e+01
9.012502e-01 -3.415566e-01 2.666219e-01 -9.461224e+00 2.986128e-01 9.354725e-01 1.890016e-01 -1.864945e+00 -3.139722e-01 -9.072102e-02 9.450879e-01 -5.400389e+01
8.472468e-01 3.608349e-01 -3.898347e-01 -8.902596e+00 -3.601276e-01 9.296522e-01 7.781262e-02 -1.890659e+00 3.904882e-01 7.446374e-02 9.175915e-01 -5.373605e+01
4.092250e-01 -5.077647e-01 7.580962e-01 -8.799437e+00 3.263235e-01 8.573439e-01 3.980884e-01 -1.898321e+00 -8.520844e-01 8.447689e-02 5.165422e-01 -5.279559e+01
9.729298e-01 2.194641e-01 -7.240899e-02 -8.794730e+00 -2.302599e-01 9.472816e-01 -2.227958e-01 -1.896183e+00 1.969601e-02 2.334376e-01 9.721723e-01 -5.144379e+01
4.734999e-01 -4.017547e-01 7.838310e-01 -8.391469e+00 -3.923513e-02 8.794101e-01 4.744454e-01 -1.910509e+00 -8.799195e-01 -2.554036e-01 4.006378e-01 -5.013785e+01
9.710801e-01 -1.080255e-02 -2.385096e-01 -7.972169e+00 -5.784057e-02 9.585736e-01 -2.789106e-01 -1.923847e+00 2.316419e-01 2.846401e-01 9.302269e-01 -4.867786e+01
8.547879e-01 -1.060904e-01 5.080181e-01 -7.195869e+00 -1.663078e-01 8.712658e-01 4.617766e-01 -1.952546e+00 -4.916089e-01 -4.792085e-01 7.271038e-01 -4.768947e+01
8.486953e-01 -3.895011e-02 -5.274459e-01 -6.455849e+00 -1.644797e-01 9.283925e-01 -3.332174e-01 -1.980642e+00 5.026557e-01 3.695542e-01 7.815158e-01 -4.729062e+01
6.259955e-01 -2.583554e-01 7.357867e-01 -5.713639e+00 -1.388858e-01 8.915055e-01 4.311944e-01 -2.008461e+00 -7.673593e-01 -3.721161e-01 5.221966e-01 -4.693203e+01
9.732111e-01 -2.268125e-01 -3.763248e-02 -5.129114e+00 1.996482e-01 9.148772e-01 -3.509134e-01 -2.031892e+00 1.140207e-01 3.339996e-01 9.356514e-01 -4.635334e+01
-1.022492e-01 8.435750e-02 9.911755e-01 -4.634014e+00 -9.476067e-02 9.910406e-01 -9.412148e-02 -2.055764e+00 -9.902351e-01 -1.035483e-01 -9.333934e-02 -4.577484e+01
9.365524e-01 -2.660833e-01 -2.281868e-01 -3.752189e+00 3.109943e-01 9.310815e-01 1.907087e-01 -2.091902e+00 1.617161e-01 -2.495735e-01 9.547570e-01 -4.537461e+01
-1.446562e-01 1.874443e-01 9.715653e-01 -2.524138e+00 3.639959e-01 9.231225e-01 -1.239029e-01 -2.133819e+00 -9.200987e-01 3.357225e-01 -2.017643e-01 -4.442776e+01
5.626326e-01 4.390186e-01 -7.005049e-01 -1.863172e+00 -7.268389e-02 8.703313e-01 4.870734e-01 -2.159065e+00 8.235057e-01 -2.231280e-01 5.215864e-01 -4.365014e+01
-5.709335e-01 -8.720826e-02 8.163514e-01 -1.376017e+00 4.794628e-01 7.717429e-01 4.177658e-01 -2.182103e+00 -6.664461e-01 6.299266e-01 -3.988008e-01 -4.292521e+01
2.992665e-01 5.755665e-01 -7.610274e-01 -8.053578e-01 -5.429481e-01 7.585873e-01 3.602120e-01 -2.205974e+00 7.846317e-01 3.053990e-01 5.395225e-01 -4.195702e+01
-5.833862e-01 -5.923119e-01 5.557223e-01 -4.438903e-02 2.738514e-02 6.694887e-01 7.423172e-01 -2.236138e+00 -8.117331e-01 4.482762e-01 -3.743499e-01 -4.107399e+01
5.801556e-01 8.827589e-03 -8.144579e-01 6.145084e-01 -5.074688e-01 7.860624e-01 -3.529609e-01 -2.267150e+00 6.370989e-01 6.180841e-01 4.605182e-01 -4.064301e+01
-1.959127e-01 -5.614410e-01 8.039914e-01 1.180482e+00 -4.202026e-01 7.888573e-01 4.484797e-01 -2.297183e+00 -8.860293e-01 -2.499764e-01 -3.904662e-01 -4.015927e+01
6.259070e-01 -3.645076e-01 -6.894742e-01 1.783002e+00 -3.636055e-02 8.694572e-01 -4.926683e-01 -2.322411e+00 7.790497e-01 3.334342e-01 5.309457e-01 -3.924462e+01
-3.891622e-01 1.234558e-02 9.210865e-01 2.312548e+00 -2.747409e-01 9.528458e-01 -1.288502e-01 -2.353855e+00 -8.792441e-01 -3.032038e-01 -3.674198e-01 -3.930029e+01
1.303718e-01 -2.614961e-01 -9.563592e-01 3.257561e+00 2.525495e-01 9.415325e-01 -2.230143e-01 -2.394701e+00 9.587606e-01 -2.124533e-01 1.887900e-01 -3.945079e+01
-6.057416e-01 2.464075e-01 7.565451e-01 3.957400e+00 6.897266e-02 9.635202e-01 -2.585953e-01 -2.424626e+00 -7.926663e-01 -1.044610e-01 -6.006397e-01 -3.905930e+01
5.876340e-01 5.097427e-02 -8.075196e-01 4.721408e+00 3.166839e-01 9.039077e-01 2.875103e-01 -2.460475e+00 7.445788e-01 -4.246793e-01 5.150241e-01 -3.870617e+01
-4.672609e-01 3.013598e-01 8.311736e-01 5.564410e+00 5.230425e-01 8.521757e-01 -1.493570e-02 -2.498742e+00 -7.128070e-01 4.277603e-01 -5.558124e-01 -3.827386e+01
7.418322e-01 4.306295e-01 -5.140460e-01 5.738635e+00 -1.719886e-01 8.631021e-01 4.748417e-01 -2.515836e+00 6.481550e-01 -2.638428e-01 7.143403e-01 -3.766701e+01
-4.130090e-01 -2.158258e-01 8.847840e-01 5.954701e+00 5.394134e-01 7.248032e-01 4.285948e-01 -2.529001e+00 -7.337961e-01 6.542779e-01 -1.829309e-01 -3.687860e+01
3.053257e-01 6.216627e-01 -7.213264e-01 6.290995e+00 -5.737734e-01 7.246517e-01 3.816596e-01 -2.544921e+00 7.599739e-01 2.973474e-01 5.779483e-01 -3.595430e+01
-5.438716e-01 -6.414972e-01 5.410038e-01 6.912407e+00 6.989738e-02 6.078199e-01 7.909926e-01 -2.569465e+00 -8.362524e-01 4.680131e-01 -2.857370e-01 -3.480604e+01
7.148200e-01 1.869124e-01 -6.738665e-01 7.881866e+00 -5.744766e-01 7.064270e-01 -4.134460e-01 -2.604312e+00 3.987593e-01 6.826600e-01 6.123449e-01 -3.328479e+01
-4.677369e-01 -6.790406e-01 5.657969e-01 9.005083e+00 -6.663563e-01 6.914691e-01 2.789978e-01 -2.642940e+00 -5.806818e-01 -2.465247e-01 -7.759086e-01 -3.158651e+01
5.062530e-01 -5.931855e-01 -6.259703e-01 9.798423e+00 2.590072e-01 7.969331e-01 -5.457224e-01 -2.671338e+00 8.225711e-01 1.141428e-01 5.570891e-01 -3.008754e+01
-6.940295e-01 2.256609e-01 6.836668e-01 1.025898e+01 -1.088128e-01 9.058202e-01 -4.094502e-01 -2.690972e+00 -7.116761e-01 -3.585622e-01 -6.041111e-01 -2.880579e+01
1.701540e-01 7.268046e-02 -9.827335e-01 1.103448e+01 4.179405e-01 8.978142e-01 1.387637e-01 -2.718329e+00 8.923976e-01 -4.343353e-01 1.223905e-01 -2.759501e+01
-7.684362e-01 2.971410e-01 5.667566e-01 1.267488e+01 3.976148e-01 9.156507e-01 5.904522e-02 -2.769848e+00 -5.014063e-01 2.707233e-01 -8.217668e-01 -2.635635e+01
3.652781e-01 5.187356e-01 -7.729718e-01 1.424676e+01 -1.940548e-01 8.545399e-01 4.817721e-01 -2.819060e+00 9.104475e-01 -2.598192e-02 4.128078e-01 -2.520732e+01
-9.572322e-01 -1.949417e-01 2.137854e-01 1.563691e+01 -6.632540e-03 7.535133e-01 6.573992e-01 -2.866410e+00 -2.892447e-01 6.278657e-01 -7.225802e-01 -2.361190e+01
3.027192e-01 2.070919e-01 -9.303086e-01 1.740574e+01 -6.696145e-01 7.408168e-01 -5.298027e-02 -2.919437e+00 6.782164e-01 6.389863e-01 3.629312e-01 -2.154466e+01
-2.073104e-01 -8.699434e-01 4.474604e-01 1.885823e+01 -4.466668e-01 4.911100e-01 7.478634e-01 -2.963037e+00 -8.703512e-01 -4.482585e-02 -4.903871e-01 -1.972951e+01
6.221925e-01 -1.999068e-01 -7.569107e-01 2.032083e+01 -5.427183e-01 5.866651e-01 -6.010664e-01 -3.009624e+00 5.642104e-01 7.847683e-01 2.565255e-01 -1.810508e+01
-2.640846e-01 -6.866056e-01 6.773714e-01 2.175910e+01 -8.312382e-01 5.182233e-01 2.012157e-01 -3.054703e+00 -4.891855e-01 -5.099190e-01 -7.075876e-01 -1.679535e+01
3.738758e-01 -6.993935e-01 -6.091515e-01 2.317122e+01 7.533163e-02 6.775113e-01 -7.316445e-01 -3.102025e+00 9.244144e-01 2.276558e-01 3.059915e-01 -1.539219e+01
-9.958554e-01 9.087387e-02 3.744257e-03 2.518908e+01 7.104249e-02 8.029157e-01 -5.918440e-01 -3.164621e+00 -5.678948e-02 -5.891250e-01 -8.060438e-01 -1.332453e+01
4.910005e-01 2.176867e-01 -8.435230e-01 2.694498e+01 5.275939e-01 6.962027e-01 4.867715e-01 -3.221053e+00 6.932266e-01 -6.840426e-01 2.269857e-01 -1.128978e+01
-8.146507e-01 4.781113e-01 3.282589e-01 2.866714e+01 5.748486e-01 5.907642e-01 5.661685e-01 -3.275676e+00 7.676793e-02 6.499287e-01 -7.561080e-01 -9.114568e+00
3.850778e-01 6.973403e-01 -6.045094e-01 3.005893e+01 -7.429385e-01 6.228269e-01 2.452123e-01 -3.322545e+00 5.475011e-01 3.546875e-01 7.579177e-01 -7.037815e+00
-5.682077e-01 -8.048206e-01 1.714756e-01 3.168630e+01 -4.386799e-01 4.725649e-01 7.643575e-01 -3.373378e+00 -6.962040e-01 3.590909e-01 -6.215736e-01 -5.068959e+00
-6.984989e-02 -2.091345e-01 -9.753890e-01 3.273966e+01 -9.161044e-01 4.004280e-01 -2.025193e-02 -3.408624e+00 3.948085e-01 8.921436e-01 -2.195589e-01 -3.730678e+00
-1.560097e-01 -9.799662e-01 1.238029e-01 3.349618e+01 -5.559425e-01 1.907154e-01 8.090461e-01 -3.435168e+00 -8.164490e-01 5.739170e-02 -5.745583e-01 -2.612974e+00
3.545234e-01 -3.713809e-01 -8.581313e-01 3.457029e+01 -8.642814e-01 2.200776e-01 -4.523091e-01 -3.472639e+00 3.568344e-01 9.020211e-01 -2.429549e-01 -1.605307e+00
1.250737e-01 -9.425335e-01 3.098181e-01 3.579390e+01 -8.760455e-01 4.166859e-02 4.804249e-01 -3.513518e+00 -4.657262e-01 -3.315033e-01 -8.204905e-01 -4.573559e-01
4.263496e-01 -7.983459e-01 -4.252879e-01 3.677729e+01 -5.134797e-01 1.734639e-01 -8.403861e-01 -3.547699e+00 7.446909e-01 5.766750e-01 -3.359782e-01 4.923998e-01
-2.106578e-01 -5.828956e-01 7.847650e-01 3.752216e+01 -9.700953e-01 2.236685e-01 -9.427372e-02 -3.578270e+00 -1.205755e-01 -7.811563e-01 -6.125818e-01 9.672297e-01
-1.641221e-01 -9.406705e-01 -2.969899e-01 3.789024e+01 5.191836e-01 1.736249e-01 -8.368409e-01 -3.606143e+00 8.387564e-01 -2.915364e-01 4.598850e-01 1.167148e+00
-5.659870e-01 8.155564e-01 -1.205261e-01 3.780935e+01 3.912184e-01 1.370117e-01 -9.100417e-01 -3.631499e+00 -7.256769e-01 -5.622238e-01 -3.966075e-01 6.466260e-01
6.769099e-01 2.069487e-01 -7.063747e-01 3.811553e+01 7.346117e-01 -1.296481e-01 6.659857e-01 -3.664984e+00 4.624476e-02 -9.697235e-01 -2.397870e-01 8.065644e-02
4.892274e-01 6.426148e-01 5.896632e-01 3.857143e+01 8.711855e-01 -3.281770e-01 -3.651515e-01 -3.697803e+00 -4.113784e-02 6.923482e-01 -7.203899e-01 -2.275135e-01
4.436329e-01 7.720838e-01 4.550564e-01 3.907709e+01 -4.870877e-01 -2.184972e-01 8.455794e-01 -3.737836e+00 7.522867e-01 -5.967793e-01 2.791400e-01 -7.609928e-01
-4.494468e-01 -3.586326e-01 8.181566e-01 3.949338e+01 8.538886e-01 -4.415397e-01 2.755304e-01 -3.772228e+00 2.624344e-01 8.224508e-01 5.046809e-01 -1.407288e+00
-3.353037e-01 9.329658e-01 -1.309434e-01 4.002051e+01 -8.855173e-01 -2.646564e-01 3.818588e-01 -3.807024e+00 3.216062e-01 2.439913e-01 9.148976e-01 -1.886836e+00
-6.540808e-01 -7.512073e-01 -8.869039e-02 4.002418e+01 2.920715e-01 -3.589689e-01 8.864737e-01 -3.820637e+00 -6.977626e-01 5.539215e-01 4.542009e-01 -1.883000e+00
2.936025e-01 2.412396e-01 -9.249870e-01 3.991044e+01 -9.376909e-01 -1.154267e-01 -3.277385e-01 -3.829944e+00 -1.858317e-01 9.635767e-01 1.923186e-01 -1.874098e+00
2.409587e-03 -9.833672e-01 1.816126e-01 4.007445e+01 -8.052783e-01 1.057692e-01 5.833864e-01 -3.856956e+00 -5.928921e-01 -1.476544e-01 -7.916294e-01 -2.215106e+00
3.533914e-01 -8.811338e-01 -3.141938e-01 4.052060e+01 -3.039498e-01 2.094903e-01 -9.293699e-01 -3.886783e+00 8.847198e-01 4.239304e-01 -1.937884e-01 -2.191992e+00
-4.986811e-01 -2.837034e-01 8.190418e-01 4.087510e+01 -8.484827e-01 3.529306e-01 -3.943567e-01 -3.907959e+00 -1.771846e-01 -8.916010e-01 -4.167173e-01 -1.853996e+00
-2.396281e-01 -7.922385e-01 -5.611921e-01 4.104792e+01 7.711402e-01 1.958702e-01 -6.057868e-01 -3.928267e+00 5.898484e-01 -5.779213e-01 5.639910e-01 -1.813758e+00
-3.826450e-01 9.238322e-01 1.081275e-02 4.104169e+01 3.148615e-01 1.413985e-01 -9.385460e-01 -3.945357e+00 -8.685879e-01 -3.557254e-01 -3.449846e-01 -1.985182e+00
4.028296e-01 2.424668e-01 -8.825748e-01 4.146824e+01 9.111246e-01 -1.450465e-02 4.118756e-01 -3.972836e+00 8.706472e-02 -9.700513e-01 -2.267603e-01 -2.187425e+00
3.405311e-01 8.737294e-01 3.473264e-01 4.212507e+01 8.106219e-01 -8.566277e-02 -5.792703e-01 -4.006251e+00 -4.763725e-01 4.788099e-01 -7.374350e-01 -2.230756e+00
6.877370e-01 7.154113e-01 -1.233065e-01 4.263290e+01 3.000907e-01 -1.254977e-01 9.456193e-01 -4.038527e+00 6.610320e-01 -6.873406e-01 -3.009976e-01 -2.464932e+00
-7.081273e-02 2.965647e-01 9.523838e-01 4.301295e+01 9.300952e-01 -3.253649e-01 1.704715e-01 -4.064496e+00 3.604281e-01 8.978792e-01 -2.527934e-01 -2.521306e+00
