9.999889e-01 5.034570e-04 -4.690197e-03 -9.373942e-02 -5.059306e-04 9.999997e-01 -5.262313e-04 -7.098697e-03 4.689931e-03 5.285977e-04 9.999889e-01 6.723708e-01
1.000000e+00 5.266749e-05 -1.323762e-04 -1.562061e-01 -5.266311e-05 1.000000e+00 3.290731e-05 -1.580815e-02 1.323783e-04 -3.289963e-05 1.000000e+00 1.321719e+00
9.999901e-01 5.458859e-04 -4.421566e-03 -1.800146e-01 -5.481218e-04 9.999997e-01 -5.044794e-04 -2.802758e-02 4.421289e-03 5.068972e-04 9.999901e-01 2.150979e+00
9.999999e-01 -5.506653e-05 -3.510023e-04 -3.483182e-01 5.502088e-05 1.000000e+00 -1.301707e-04 -3.175254e-02 3.510098e-04 1.301521e-04 9.999999e-01 2.586428e+00
9.999899e-01 6.080109e-04 -4.449939e-03 -4.502177e-01 -6.098042e-04 9.999997e-01 -4.016527e-04 -3.832033e-02 4.449694e-03 4.043615e-04 9.999900e-01 2.928064e+00
9.999998e-01 -6.147945e-05 -5.660687e-04 -5.268454e-01 6.144499e-05 1.000000e+00 -6.095854e-05 -4.769280e-02 5.660728e-04 6.092446e-05 9.999998e-01 3.452966e+00
9.999873e-01 6.033346e-04 -5.009370e-03 -5.260041e-01 -6.037733e-04 9.999998e-01 -8.604764e-05 -5.843412e-02 5.009317e-03 8.907036e-05 9.999874e-01 4.029231e+00
1.000000e+00 -5.915197e-05 1.553735e-04 -5.525181e-01 5.919436e-05 1.000000e+00 -2.725541e-04 -7.049070e-02 -1.553571e-04 2.725640e-04 1.000000e+00 4.705260e+00
9.999886e-01 5.065582e-04 -4.745629e-03 -6.973828e-01 -5.079820e-04 9.999998e-01 -2.988138e-04 -7.429474e-02 4.745477e-03 3.012203e-04 9.999887e-01 5.464665e+00
1.000000e+00 -1.508570e-04 -6.455515e-05 -9.169144e-01 1.508394e-04 1.000000e+00 -2.727848e-04 -7.347906e-02 6.459664e-05 2.727757e-04 1.000000e+00 5.982680e+00
9.999877e-01 6.948886e-04 -4.907464e-03 -1.008284e+00 -6.960092e-04 9.999997e-01 -2.266476e-04 -8.064379e-02 4.907305e-03 2.300597e-04 9.999879e-01 6.542782e+00
9.999999e-01 -1.782658e-04 2.653457e-04 -1.084791e+00 1.783457e-04 9.999999e-01 -3.012520e-04 -8.922765e-02 -2.652916e-04 3.013000e-04 9.999999e-01 7.287488e+00
9.999868e-01 5.609195e-04 -5.106385e-03 -1.425970e+00 -5.637698e-04 9.999997e-01 -5.567450e-04 -8.208949e-02 5.106071e-03 5.596158e-04 9.999868e-01 7.556240e+00
1.000000e+00 -1.959698e-05 1.220081e-04 -1.655348e+00 1.961802e-05 1.000000e+00 -1.720093e-04 -7.733577e-02 -1.220044e-04 1.720124e-04 1.000000e+00 7.570828e+00
9.999898e-01 3.571497e-04 -4.507163e-03 -1.940165e+00 -3.603718e-04 9.999997e-01 -7.140907e-04 -7.518500e-02 4.506907e-03 7.157069e-04 9.999896e-01 8.121732e+00
9.999998e-01 5.850700e-05 -5.570196e-04 -2.189414e+00 -5.844223e-05 1.000000e+00 1.162018e-04 -7.306827e-02 5.570267e-04 -1.161685e-04 9.999998e-01 8.502579e+00
9.999911e-01 4.001994e-04 -4.209956e-03 -2.519873e+00 -4.042549e-04 9.999995e-01 -9.624918e-04 -6.300766e-02 4.209568e-03 9.641844e-04 9.999907e-01 8.331861e+00
9.999990e-01 2.539832e-04 -1.362621e-03 -2.699575e+00 -2.535072e-04 9.999999e-01 3.494470e-04 -5.950312e-02 1.362710e-03 -3.491005e-04 9.999990e-01 8.048151e+00
9.999926e-01 4.771941e-04 -3.824887e-03 -2.714066e+00 -4.803921e-04 9.999995e-01 -8.351972e-04 -6.310873e-02 3.824487e-03 8.370278e-04 9.999923e-01 7.961034e+00
9.999988e-01 5.131850e-05 -1.567381e-03 -2.917323e+00 -5.082418e-05 9.999999e-01 3.153778e-04 -5.754680e-02 1.567397e-03 -3.152970e-04 9.999987e-01 7.880417e+00
9.999870e-01 7.229994e-04 -5.039565e-03 -2.885261e+00 -7.251524e-04 9.999996e-01 -4.253867e-04 -5.933603e-02 5.039256e-03 4.290349e-04 9.999872e-01 7.588460e+00
9.999999e-01 4.751221e-05 -4.796976e-04 -2.963420e+00 -4.755393e-05 1.000000e+00 -8.708452e-05 -5.480349e-02 4.796938e-04 8.710804e-05 9.999999e-01 7.088966e+00
9.999808e-01 7.624681e-04 -6.147480e-03 -3.053378e+00 -7.645381e-04 9.999997e-01 -3.343620e-04 -4.791131e-02 6.147223e-03 3.390548e-04 9.999810e-01 6.416328e+00
9.999998e-01 1.732821e-04 -6.000723e-04 -2.959663e+00 -1.731813e-04 1.000000e+00 1.679094e-04 -4.415287e-02 6.001017e-04 -1.678048e-04 9.999998e-01 5.612339e+00
9.999880e-01 5.007997e-04 -4.865927e-03 -2.980481e+00 -5.034799e-04 9.999997e-01 -5.495786e-04 -4.891474e-02 4.865650e-03 5.520212e-04 9.999880e-01 5.719282e+00
9.999997e-01 2.353427e-05 -8.012858e-04 -3.011626e+00 -2.326748e-05 9.999999e-01 3.328685e-04 -5.711132e-02 8.012939e-04 -3.328490e-04 9.999996e-01 6.208485e+00
9.999826e-01 7.267901e-04 -5.857682e-03 -2.992030e+00 -7.290697e-04 9.999997e-01 -3.870305e-04 -6.042122e-02 5.857398e-03 3.912937e-04 9.999828e-01 6.175445e+00
9.999998e-01 1.731199e-04 -6.469596e-04 -2.987162e+00 -1.731004e-04 1.000000e+00 3.004246e-05 -5.613401e-02 6.469651e-04 -2.992976e-05 9.999998e-01 5.610192e+00
9.999924e-01 3.717246e-04 -3.877140e-03 -3.255940e+00 -3.755599e-04 9.999994e-01 -9.885177e-04 -4.305676e-02 3.876770e-03 9.899656e-04 9.999920e-01 5.350658e+00
9.999999e-01 -3.757495e-04 -1.752094e-04 -3.950907e+00 3.756538e-04 9.999998e-01 -5.463551e-04 -1.266106e-02 1.754149e-04 5.462899e-04 9.999998e-01 5.360346e+00
9.999902e-01 3.067020e-04 -4.409976e-03 -4.661236e+00 -3.099233e-04 9.999997e-01 -7.297722e-04 2.047997e-02 4.409750e-03 7.311311e-04 9.999900e-01 5.495656e+00
9.999984e-01 1.854132e-04 -1.796290e-03 -4.951176e+00 -1.849704e-04 1.000000e+00 2.466278e-04 3.766073e-02 1.796336e-03 -2.462944e-04 9.999984e-01 5.110882e+00
9.999842e-01 7.300741e-04 -5.575701e-03 -4.964991e+00 -7.330174e-04 9.999996e-01 -5.258525e-04 4.615655e-02 5.575314e-03 5.299306e-04 9.999843e-01 4.207336e+00
9.999984e-01 2.970586e-04 -1.772676e-03 -4.889245e+00 -2.968620e-04 9.999999e-01 1.110816e-04 5.500698e-02 1.772710e-03 -1.105545e-04 9.999984e-01 3.107753e+00
9.999855e-01 6.610836e-04 -5.338854e-03 -4.882900e+00 -6.641747e-04 9.999996e-01 -5.772049e-04 6.280507e-02 5.338470e-03 5.807418e-04 9.999856e-01 2.055480e+00
9.999984e-01 1.048673e-04 -1.807640e-03 -4.947983e+00 -1.045553e-04 1.000000e+00 1.726342e-04 6.967044e-02 1.807658e-03 -1.724442e-04 9.999984e-01 1.224580e+00
9.999907e-01 2.701873e-04 -4.307541e-03 -5.233376e+00 -2.729530e-04 9.999998e-01 -6.414671e-04 8.187647e-02 4.307367e-03 6.426362e-04 9.999905e-01 1.007551e+00
9.999989e-01 1.417085e-04 -1.499481e-03 -5.501455e+00 -1.413145e-04 1.000000e+00 2.628083e-04 9.209321e-02 1.499518e-03 -2.625953e-04 9.999988e-01 1.029527e+00
9.999837e-01 4.772932e-04 -5.696251e-03 -5.505336e+00 -4.778410e-04 9.999999e-01 -9.479317e-05 9.510206e-02 5.696205e-03 9.751281e-05 9.999838e-01 8.145309e-01
9.999976e-01 1.638390e-04 -2.162570e-03 -5.484051e+00 -1.629426e-04 9.999999e-01 4.146518e-04 9.837704e-02 2.162639e-03 -4.142978e-04 9.999976e-01 4.339055e-01
9.999861e-01 4.158452e-04 -5.247626e-03 -5.575255e+00 -4.181567e-04 9.999998e-01 -4.393680e-04 1.043955e-01 5.247442e-03 4.415555e-04 9.999861e-01 -4.961985e-02
9.999987e-01 1.169277e-04 -1.578699e-03 -5.728479e+00 -1.163638e-04 9.999999e-01 3.572479e-04 1.119467e-01 1.578741e-03 -3.570630e-04 9.999987e-01 -3.837986e-01
9.999861e-01 3.444180e-04 -5.265756e-03 -5.984754e+00 -3.481444e-04 9.999997e-01 -7.067389e-04 1.224966e-01 5.265511e-03 7.085616e-04 9.999859e-01 -8.444905e-01
9.999995e-01 -7.674381e-05 -1.015826e-03 -6.387295e+00 7.678901e-05 1.000000e+00 4.434191e-05 1.371376e-01 1.015823e-03 -4.441918e-05 9.999995e-01 -1.245858e+00
9.999870e-01 4.245888e-04 -5.088237e-03 -6.800274e+00 -4.288906e-04 9.999996e-01 -8.443551e-04 1.518422e-01 5.087876e-03 8.465257e-04 9.999867e-01 -1.776314e+00
9.999993e-01 -5.367719e-05 -1.216915e-03 -7.190034e+00 5.373446e-05 1.000000e+00 4.693290e-05 1.682008e-01 1.216913e-03 -4.699755e-05 9.999993e-01 -2.304793e+00
9.999881e-01 2.839439e-04 -4.861020e-03 -7.622631e+00 -2.878235e-04 9.999996e-01 -7.973930e-04 1.861638e-01 4.860792e-03 7.987820e-04 9.999879e-01 -2.680956e+00
9.999988e-01 -5.564465e-05 -1.533542e-03 -8.040472e+00 5.585365e-05 1.000000e+00 1.361632e-04 2.030266e-01 1.533535e-03 -1.362479e-04 9.999988e-01 -3.023480e+00
9.999927e-01 1.711808e-04 -3.807603e-03 -8.484427e+00 -1.743132e-04 9.999996e-01 -8.223248e-04 2.184609e-01 3.807460e-03 8.229819e-04 9.999924e-01 -3.013206e+00
9.999959e-01 4.570252e-05 -2.864500e-03 -8.683453e+00 -4.309233e-05 9.999996e-01 9.112300e-04 2.229122e-01 2.864540e-03 -9.111021e-04 9.999955e-01 -2.962082e+00
9.999895e-01 4.609912e-04 -4.552521e-03 -8.572979e+00 -4.628457e-04 9.999998e-01 -4.062767e-04 2.127334e-01 4.552332e-03 4.083788e-04 9.999896e-01 -2.687237e+00
9.999956e-01 -4.057226e-06 -2.980032e-03 -8.500942e+00 6.750209e-06 9.999996e-01 9.036212e-04 2.074767e-01 2.980028e-03 -9.036366e-04 9.999952e-01 -2.857000e+00
9.999908e-01 7.345794e-04 -4.224352e-03 -8.597838e+00 -7.397749e-04 9.999990e-01 -1.228436e-03 2.125766e-01 4.223445e-03 1.231549e-03 9.999903e-01 -3.682781e+00
9.999962e-01 2.399021e-04 -2.755393e-03 -8.574454e+00 -2.375027e-04 9.999996e-01 8.710582e-04 2.190895e-01 2.755601e-03 -8.703997e-04 9.999958e-01 -4.667278e+00
9.999853e-01 7.304067e-04 -5.373386e-03 -8.346279e+00 -7.335590e-04 9.999996e-01 -5.846848e-04 2.232681e-01 5.372956e-03 5.886172e-04 9.999854e-01 -5.464693e+00
9.999887e-01 4.876798e-05 -4.743790e-03 -7.899223e+00 -4.111713e-05 9.999987e-01 1.612869e-03 2.108985e-01 4.743863e-03 -1.612655e-03 9.999874e-01 -5.662894e+00
9.999968e-01 5.451773e-04 -2.467816e-03 -7.780213e+00 -5.482155e-04 9.999991e-01 -1.230539e-03 2.076459e-01 2.467142e-03 1.231887e-03 9.999962e-01 -6.109245e+00
9.999948e-01 -7.475957e-05 -3.217622e-03 -8.021929e+00 7.654928e-05 9.999998e-01 5.560567e-04 2.128770e-01 3.217580e-03 -5.562994e-04 9.999947e-01 -6.508023e+00
9.999948e-01 6.047172e-04 -3.163846e-03 -8.082354e+00 -6.066423e-04 9.999996e-01 -6.075031e-04 2.115972e-01 3.163477e-03 6.094185e-04 9.999948e-01 -6.907800e+00
9.999944e-01 4.095098e-04 -3.329414e-03 -8.096870e+00 -4.100677e-04 9.999999e-01 -1.669366e-04 2.199000e-01 3.329345e-03 1.683017e-04 9.999944e-01 -8.081253e+00
9.999929e-01 6.415862e-04 -3.714829e-03 -8.127121e+00 -6.441284e-04 9.999996e-01 -6.831373e-04 2.304036e-01 3.714389e-03 6.855245e-04 9.999929e-01 -9.397800e+00
9.999980e-01 -2.871989e-04 -1.994407e-03 -8.204730e+00 2.881792e-04 9.999998e-01 4.911658e-04 2.237975e-01 1.994266e-03 -4.917389e-04 9.999979e-01 -9.386445e+00
9.999886e-01 5.835103e-04 -4.748636e-03 -8.127159e+00 -5.849768e-04 9.999998e-01 -3.074079e-04 2.085382e-01 4.748455e-03 3.101816e-04 9.999887e-01 -9.179184e+00
9.999962e-01 4.067093e-04 -2.712323e-03 -8.050575e+00 -4.068798e-04 9.999999e-01 -6.236201e-05 2.160139e-01 2.712297e-03 6.346607e-05 9.999963e-01 -1.026120e+01
9.999825e-01 3.336974e-04 -5.907033e-03 -7.839606e+00 -3.317165e-04 9.999999e-01 3.363535e-04 2.086704e-01 5.907144e-03 -3.343888e-04 9.999825e-01 -1.057432e+01
1.000000e+00 3.798562e-05 -1.271659e-04 -7.760167e+00 -3.800461e-05 1.000000e+00 -1.506364e-04 1.976054e-01 1.271605e-04 1.506419e-04 1.000000e+00 -1.071347e+01
9.999770e-01 8.946568e-04 -6.727451e-03 -7.785144e+00 -8.979688e-04 9.999995e-01 -4.892820e-04 2.046234e-01 6.727009e-03 4.953110e-04 9.999773e-01 -1.175435e+01
9.999997e-01 -8.157787e-05 -7.391239e-04 -7.752985e+00 8.177875e-05 1.000000e+00 2.715133e-04 2.082774e-01 7.391021e-04 -2.715730e-04 9.999997e-01 -1.262798e+01
9.999764e-01 8.330394e-04 -6.826406e-03 -7.683886e+00 -8.344751e-04 9.999996e-01 -2.074407e-04 2.091027e-01 6.826230e-03 2.131316e-04 9.999767e-01 -1.321918e+01
9.999997e-01 -1.027945e-04 7.796199e-04 -7.802674e+00 1.030732e-04 9.999999e-01 -3.572140e-04 2.136685e-01 -7.795828e-04 3.572949e-04 9.999996e-01 -1.402041e+01
9.999794e-01 6.991812e-04 -6.385805e-03 -8.188313e+00 -7.057905e-04 9.999992e-01 -1.032783e-03 2.309224e-01 6.385077e-03 1.037268e-03 9.999791e-01 -1.497547e+01
9.999998e-01 -3.213123e-04 4.489591e-04 -8.594602e+00 3.212410e-04 9.999999e-01 1.592421e-04 2.505143e-01 -4.490099e-04 -1.590971e-04 9.999999e-01 -1.556842e+01
9.999786e-01 1.197445e-03 -6.430579e-03 -8.862318e+00 -1.207569e-03 9.999980e-01 -1.570682e-03 2.643977e-01 6.428685e-03 1.578413e-03 9.999781e-01 -1.688884e+01
9.999998e-01 -3.558499e-04 5.510597e-04 -9.145629e+00 3.557518e-04 9.999999e-01 1.784993e-04 2.787716e-01 -5.511229e-04 -1.783026e-04 9.999998e-01 -1.811011e+01
9.999688e-01 9.384688e-04 -7.837695e-03 -9.044933e+00 -9.391476e-04 9.999996e-01 -8.290607e-05 2.713490e-01 7.837613e-03 9.026354e-05 9.999693e-01 -1.831929e+01
9.999940e-01 -6.025956e-04 3.404411e-03 -9.221415e+00 6.046616e-04 9.999996e-01 -6.057920e-04 2.693359e-01 -3.404044e-03 6.078476e-04 9.999940e-01 -1.813954e+01
9.999629e-01 7.894150e-04 -8.581638e-03 -9.965779e+00 -8.025977e-04 9.999985e-01 -1.532795e-03 2.976319e-01 8.580415e-03 1.539625e-03 9.999620e-01 -1.910574e+01
9.999943e-01 -4.976281e-04 3.354448e-03 -1.065755e+01 4.994876e-04 9.999997e-01 -5.534760e-04 3.241853e-01 -3.354172e-03 5.551490e-04 9.999942e-01 -2.009311e+01
9.999549e-01 1.049109e-03 -9.434146e-03 -1.103472e+01 -1.056304e-03 9.999992e-01 -7.577153e-04 3.386690e-01 9.433343e-03 7.676458e-04 9.999552e-01 -2.119225e+01
9.999931e-01 -1.547296e-04 3.703067e-03 -1.129108e+01 1.571530e-04 9.999998e-01 -6.540904e-04 3.528591e-01 -3.702965e-03 6.546686e-04 9.999929e-01 -2.246296e+01
9.999530e-01 9.655266e-04 -9.647265e-03 -1.157229e+01 -9.700922e-04 9.999994e-01 -4.685687e-04 3.655600e-01 9.646807e-03 4.779048e-04 9.999534e-01 -2.353924e+01
9.999923e-01 -2.064606e-04 3.922177e-03 -1.182352e+01 2.082518e-04 9.999999e-01 -4.562377e-04 3.777790e-01 -3.922082e-03 4.570516e-04 9.999922e-01 -2.439479e+01
9.999546e-01 7.602262e-04 -9.501591e-03 -1.213634e+01 -7.634533e-04 9.999997e-01 -3.359920e-04 3.944355e-01 9.501332e-03 3.432301e-04 9.999548e-01 -2.496691e+01
9.999943e-01 2.829087e-04 3.377176e-03 -1.232075e+01 -2.798483e-04 9.999995e-01 -9.065853e-04 4.076081e-01 -3.377431e-03 9.056357e-04 9.999939e-01 -2.631634e+01
9.999494e-01 8.663306e-04 -1.002583e-02 -1.228312e+01 -8.656325e-04 9.999996e-01 7.398207e-05 4.193199e-01 1.002589e-02 -6.530033e-05 9.999497e-01 -2.767031e+01
9.999928e-01 1.969607e-04 3.796771e-03 -1.237072e+01 -1.931792e-04 9.999995e-01 -9.962779e-04 4.305835e-01 -3.796965e-03 9.955379e-04 9.999923e-01 -2.881562e+01
9.999439e-01 7.644338e-04 -1.056253e-02 -1.242404e+01 -7.599320e-04 9.999996e-01 4.302355e-04 4.383019e-01 1.056285e-02 -4.221852e-04 9.999441e-01 -2.979902e+01
9.999921e-01 2.049430e-04 3.979552e-03 -1.252724e+01 -2.000490e-04 9.999992e-01 -1.230100e-03 4.479855e-01 -3.979801e-03 1.229295e-03 9.999913e-01 -3.093089e+01
9.999471e-01 7.136547e-04 -1.025951e-02 -1.272887e+01 -7.124250e-04 9.999997e-01 1.235352e-04 4.607890e-01 1.025960e-02 -1.162202e-04 9.999474e-01 -3.212432e+01
9.999937e-01 2.001244e-04 3.544407e-03 -1.283145e+01 -1.973154e-04 9.999997e-01 -7.927929e-04 4.684568e-01 -3.544564e-03 7.920892e-04 9.999934e-01 -3.314049e+01
9.999507e-01 6.902923e-04 -9.900622e-03 -1.282347e+01 -6.850052e-04 9.999996e-01 5.374177e-04 4.715455e-01 9.900989e-03 -5.306100e-04 9.999508e-01 -3.376322e+01
9.999943e-01 -4.159213e-05 3.373223e-03 -1.282843e+01 4.303377e-05 9.999999e-01 -4.272361e-04 4.729848e-01 -3.373204e-03 4.273795e-04 9.999942e-01 -3.415730e+01
9.999215e-01 7.115204e-04 -1.250832e-02 -1.263214e+01 -6.965928e-04 9.999990e-01 1.197751e-03 4.746063e-01 1.250916e-02 -1.188944e-03 9.999211e-01 -3.477245e+01
9.999903e-01 1.921666e-04 4.410088e-03 -1.249968e+01 -1.875344e-04 9.999994e-01 -1.050701e-03 4.794311e-01 -4.410287e-03 1.049865e-03 9.999897e-01 -3.566943e+01
9.999142e-01 5.160564e-04 -1.308574e-02 -1.223515e+01 -4.941464e-04 9.999985e-01 1.677534e-03 4.739689e-01 1.308659e-02 -1.670924e-03 9.999130e-01 -3.598545e+01
9.999848e-01 -4.023784e-04 5.507350e-03 -1.217267e+01 4.087341e-04 9.999993e-01 -1.152926e-03 4.730503e-01 -5.506882e-03 1.155160e-03 9.999842e-01 -3.557887e+01
9.998646e-01 7.577300e-04 -1.643893e-02 -1.192299e+01 -7.170668e-04 9.999967e-01 2.479358e-03 4.698911e-01 1.644075e-02 -2.467235e-03 9.998618e-01 -3.582040e+01
9.999834e-01 -9.797168e-05 5.769518e-03 -1.158503e+01 1.066548e-04 9.999989e-01 -1.504666e-03 4.693736e-01 -5.769364e-03 1.505257e-03 9.999822e-01 -3.623223e+01
9.998796e-01 4.030638e-04 -1.551385e-02 -1.144323e+01 -3.655821e-04 9.999970e-01 2.418791e-03 4.746685e-01 1.551478e-02 -2.412829e-03 9.998767e-01 -3.609968e+01
9.999643e-01 3.870733e-04 8.438353e-03 -1.153060e+01 -3.650773e-04 9.999965e-01 -2.608027e-03 4.810022e-01 -8.439333e-03 2.604854e-03 9.999610e-01 -3.673118e+01
9.998929e-01 3.865826e-04 -1.462723e-02 -1.189690e+01 -3.702589e-04 9.999993e-01 1.118694e-03 4.991477e-01 1.462765e-02 -1.113159e-03 9.998924e-01 -3.798587e+01
9.999649e-01 4.519165e-04 8.366354e-03 -1.223826e+01 -4.310789e-04 9.999968e-01 -2.492246e-03 5.172478e-01 -8.367453e-03 2.488553e-03 9.999619e-01 -3.925384e+01
9.998899e-01 3.307004e-04 -1.483432e-02 -1.254354e+01 -3.141405e-04 9.999993e-01 1.118657e-03 5.321795e-01 1.483468e-02 -1.113875e-03 9.998893e-01 -4.050934e+01
9.999663e-01 8.118217e-04 8.172057e-03 -1.260698e+01 -7.940294e-04 9.999973e-01 -2.180198e-03 5.454691e-01 -8.173805e-03 2.173637e-03 9.999642e-01 -4.192611e+01
9.998894e-01 2.746550e-04 -1.486997e-02 -1.270480e+01 -2.595314e-04 9.999994e-01 1.018996e-03 5.587288e-01 1.487025e-02 -1.015025e-03 9.998889e-01 -4.335817e+01
9.999678e-01 6.191192e-04 8.004451e-03 -1.271944e+01 -6.064355e-04 9.999986e-01 -1.586882e-03 5.661601e-01 -8.005422e-03 1.581977e-03 9.999667e-01 -4.431547e+01
9.998523e-01 -3.506834e-04 -1.718282e-02 -1.258842e+01 3.947824e-04 9.999966e-01 2.563151e-03 5.662061e-01 1.718186e-02 -2.569557e-03 9.998491e-01 -4.428141e+01
9.999567e-01 5.785970e-04 9.286067e-03 -1.257719e+01 -5.607343e-04 9.999980e-01 -1.926060e-03 5.717104e-01 -9.287163e-03 1.920771e-03 9.999550e-01 -4.403132e+01
9.998607e-01 -3.025359e-04 -1.668647e-02 -1.287637e+01 3.307796e-04 9.999985e-01 1.689890e-03 5.871280e-01 1.668593e-02 -1.695175e-03 9.998593e-01 -4.435824e+01
9.999322e-01 5.256912e-04 1.162900e-02 -1.366766e+01 -4.820824e-04 9.999928e-01 -3.752470e-03 6.203682e-01 -1.163089e-02 3.746611e-03 9.999253e-01 -4.521714e+01
9.998513e-01 -1.110257e-04 -1.724556e-02 -1.425102e+01 1.477220e-04 9.999977e-01 2.126625e-03 6.454459e-01 1.724528e-02 -2.128857e-03 9.998490e-01 -4.621088e+01
9.999385e-01 7.882661e-04 1.106423e-02 -1.437900e+01 -7.607712e-04 9.999966e-01 -2.488992e-03 6.557681e-01 -1.106616e-02 2.480422e-03 9.999357e-01 -4.674849e+01
9.998835e-01 -1.036513e-03 -1.522753e-02 -1.498782e+01 1.065050e-03 9.999977e-01 1.866041e-03 6.899095e-01 1.522556e-02 -1.882042e-03 9.998823e-01 -4.638660e+01
9.999520e-01 8.095559e-04 9.762941e-03 -1.539154e+01 -7.892781e-04 9.999975e-01 -2.080667e-03 7.281989e-01 -9.764601e-03 2.072863e-03 9.999502e-01 -4.584584e+01
9.998141e-01 -2.546480e-04 -1.928151e-02 -1.510806e+01 3.025501e-04 9.999969e-01 2.481487e-03 7.196553e-01 1.928082e-02 -2.486860e-03 9.998110e-01 -4.540007e+01
9.999235e-01 9.403981e-04 1.233643e-02 -1.499528e+01 -9.058861e-04 9.999957e-01 -2.802834e-03 7.172889e-01 -1.233901e-02 2.791445e-03 9.999200e-01 -4.452377e+01
9.998113e-01 -2.309799e-04 -1.942251e-02 -1.472511e+01 2.720867e-04 9.999977e-01 2.113850e-03 7.035048e-01 1.942198e-02 -2.118736e-03 9.998091e-01 -4.344447e+01
9.999668e-01 1.319108e-03 8.046626e-03 -1.404317e+01 -1.296867e-03 9.999953e-01 -2.768569e-03 6.659870e-01 -8.050240e-03 2.758043e-03 9.999638e-01 -4.226833e+01
9.998222e-01 -4.566635e-04 -1.884921e-02 -1.359811e+01 5.209249e-04 9.999941e-01 3.404485e-03 6.475701e-01 1.884755e-02 -3.413699e-03 9.998165e-01 -4.200039e+01
9.999222e-01 1.300089e-03 1.240226e-02 -1.376204e+01 -1.251193e-03 9.999914e-01 -3.949456e-03 6.592502e-01 -1.240729e-02 3.933632e-03 9.999153e-01 -4.281335e+01
9.998336e-01 -7.362754e-04 -1.822551e-02 -1.405343e+01 7.963802e-04 9.999943e-01 3.290817e-03 6.741537e-01 1.822298e-02 -3.304785e-03 9.998285e-01 -4.320027e+01
9.999313e-01 1.489962e-03 1.162703e-02 -1.405648e+01 -1.450496e-03 9.999932e-01 -3.401983e-03 6.781237e-01 -1.163202e-02 3.384885e-03 9.999266e-01 -4.344828e+01
9.998129e-01 -9.245003e-04 -1.932110e-02 -1.394634e+01 9.996332e-04 9.999920e-01 3.879364e-03 6.692591e-01 1.931736e-02 -3.897952e-03 9.998058e-01 -4.309788e+01
9.999194e-01 1.729313e-03 1.258133e-02 -1.402598e+01 -1.677419e-03 9.999900e-01 -4.134036e-03 6.745991e-01 -1.258836e-02 4.112599e-03 9.999123e-01 -4.356492e+01
9.998252e-01 -1.075875e-03 -1.866813e-02 -1.447309e+01 1.126949e-03 9.999957e-01 2.725609e-03 6.965090e-01 1.866512e-02 -2.746171e-03 9.998220e-01 -4.462542e+01
9.999180e-01 1.754836e-03 1.268412e-02 -1.475401e+01 -1.711823e-03 9.999928e-01 -3.401202e-03 7.118743e-01 -1.269000e-02 3.379211e-03 9.999138e-01 -4.527566e+01
9.997853e-01 -9.613879e-04 -2.069743e-02 -1.461879e+01 1.038006e-03 9.999926e-01 3.691411e-03 7.117977e-01 2.069373e-02 -3.712103e-03 9.997790e-01 -4.562377e+01
9.999105e-01 1.581675e-03 1.328761e-02 -1.445239e+01 -1.536910e-03 9.999931e-01 -3.378435e-03 6.988799e-01 -1.329286e-02 3.357712e-03 9.999060e-01 -4.523709e+01
9.998008e-01 -9.185733e-04 -1.993756e-02 -1.423758e+01 9.792196e-04 9.999949e-01 3.032283e-03 6.755271e-01 1.993467e-02 -3.051203e-03 9.997966e-01 -4.438091e+01
9.999371e-01 1.747358e-03 1.107457e-02 -1.398714e+01 -1.721337e-03 9.999957e-01 -2.358675e-03 6.699684e-01 -1.107864e-02 2.339464e-03 9.999359e-01 -4.430613e+01
9.998119e-01 -1.279152e-03 -1.935307e-02 -1.377255e+01 1.333407e-03 9.999952e-01 2.790812e-03 6.677707e-01 1.934941e-02 -2.816093e-03 9.998088e-01 -4.405158e+01
9.999437e-01 1.617796e-03 1.048959e-02 -1.369910e+01 -1.591200e-03 9.999955e-01 -2.543266e-03 6.765184e-01 -1.049366e-02 2.526432e-03 9.999417e-01 -4.364570e+01
9.997829e-01 -1.219251e-03 -2.080166e-02 -1.337179e+01 1.292931e-03 9.999929e-01 3.528976e-03 6.601541e-01 2.079721e-02 -3.555105e-03 9.997774e-01 -4.343177e+01
9.999579e-01 1.702285e-03 9.015502e-03 -1.289466e+01 -1.679124e-03 9.999953e-01 -2.575939e-03 6.351280e-01 -9.019844e-03 2.560693e-03 9.999560e-01 -4.318823e+01
9.997936e-01 -1.372825e-03 -2.027149e-02 -1.245328e+01 1.445389e-03 9.999926e-01 3.565381e-03 6.106857e-01 2.026644e-02 -3.593946e-03 9.997882e-01 -4.290744e+01
9.999511e-01 1.756193e-03 9.737180e-03 -1.214184e+01 -1.727938e-03 9.999943e-01 -2.909417e-03 6.011294e-01 -9.742234e-03 2.892450e-03 9.999484e-01 -4.250151e+01
9.997856e-01 -1.343330e-03 -2.066143e-02 -1.171868e+01 1.420831e-03 9.999920e-01 3.736754e-03 5.764883e-01 2.065624e-02 -3.765310e-03 9.997795e-01 -4.224336e+01
9.999641e-01 1.806838e-03 8.282842e-03 -1.120771e+01 -1.785374e-03 9.999950e-01 -2.597904e-03 5.492334e-01 -8.287495e-03 2.583023e-03 9.999623e-01 -4.199864e+01
9.998734e-01 -1.299648e-03 -1.585995e-02 -1.093851e+01 1.341796e-03 9.999956e-01 2.647187e-03 5.194562e-01 1.585644e-02 -2.668134e-03 9.998707e-01 -4.138399e+01
9.999874e-01 1.406744e-03 4.819920e-03 -1.046963e+01 -1.398927e-03 9.999977e-01 -1.624640e-03 4.896094e-01 -4.822194e-03 1.617878e-03 9.999871e-01 -4.086776e+01
9.998452e-01 -8.099847e-04 -1.757646e-02 -9.948575e+00 8.593426e-04 9.999957e-01 2.800830e-03 4.660103e-01 1.757412e-02 -2.815501e-03 9.998416e-01 -4.062449e+01
9.999446e-01 1.432377e-03 1.042499e-02 -9.990632e+00 -1.402686e-03 9.999949e-01 -2.854821e-03 4.649784e-01 -1.042903e-02 2.840041e-03 9.999416e-01 -4.060146e+01
9.998569e-01 -8.238671e-04 -1.689490e-02 -1.012724e+01 8.667020e-04 9.999964e-01 2.528227e-03 4.682049e-01 1.689276e-02 -2.542508e-03 9.998541e-01 -4.068995e+01
9.999363e-01 1.387335e-03 1.119937e-02 -1.028008e+01 -1.353847e-03 9.999946e-01 -2.997178e-03 4.663913e-01 -1.120347e-02 2.981826e-03 9.999328e-01 -4.039552e+01
9.998655e-01 -9.402044e-04 -1.637351e-02 -1.043563e+01 9.804559e-04 9.999965e-01 2.450499e-03 4.630565e-01 1.637115e-02 -2.466224e-03 9.998629e-01 -3.987188e+01
9.999304e-01 1.273663e-03 1.173181e-02 -1.072609e+01 -1.235660e-03 9.999940e-01 -3.245936e-03 4.674248e-01 -1.173588e-02 3.231214e-03 9.999259e-01 -3.935332e+01
9.998657e-01 -9.540030e-04 -1.635821e-02 -1.121712e+01 9.899660e-04 9.999971e-01 2.190535e-03 4.868808e-01 1.635607e-02 -2.206436e-03 9.998638e-01 -3.951367e+01
9.999337e-01 1.236137e-03 1.145239e-02 -1.158318e+01 -1.201417e-03 9.999947e-01 -3.037969e-03 4.946862e-01 -1.145609e-02 3.024009e-03 9.999298e-01 -3.921758e+01
9.998601e-01 -1.036670e-03 -1.669524e-02 -1.200918e+01 1.074136e-03 9.999969e-01 2.235343e-03 5.062852e-01 1.669287e-02 -2.252963e-03 9.998581e-01 -3.900774e+01
9.999366e-01 1.207374e-03 1.119681e-02 -1.258977e+01 -1.169956e-03 9.999937e-01 -3.347751e-03 5.275272e-01 -1.120078e-02 3.334440e-03 9.999317e-01 -3.925294e+01
9.998538e-01 -9.422191e-04 -1.707415e-02 -1.313035e+01 9.796757e-04 9.999971e-01 2.185554e-03 5.494588e-01 1.707204e-02 -2.201962e-03 9.998518e-01 -3.986261e+01
9.999412e-01 1.378066e-03 1.075341e-02 -1.351384e+01 -1.347854e-03 9.999951e-01 -2.816207e-03 5.653852e-01 -1.075724e-02 2.801548e-03 9.999382e-01 -4.042389e+01
9.998536e-01 -9.537316e-04 -1.708185e-02 -1.392221e+01 9.866065e-04 9.999977e-01 1.916253e-03 5.826094e-01 1.707998e-02 -1.932827e-03 9.998523e-01 -4.089689e+01
9.999372e-01 1.296432e-03 1.113049e-02 -1.432389e+01 -1.269068e-03 9.999962e-01 -2.465151e-03 5.975906e-01 -1.113364e-02 2.450872e-03 9.999350e-01 -4.106752e+01
9.998521e-01 -9.583898e-04 -1.717411e-02 -1.475716e+01 9.873515e-04 9.999981e-01 1.677979e-03 6.129600e-01 1.717247e-02 -1.694688e-03 9.998511e-01 -4.140854e+01
9.999447e-01 1.493162e-03 1.040963e-02 -1.495813e+01 -1.474461e-03 9.999973e-01 -1.803994e-03 6.187048e-01 -1.041230e-02 1.788546e-03 9.999442e-01 -4.172595e+01
9.998069e-01 -8.873786e-04 -1.963351e-02 -1.464130e+01 9.391663e-04 9.999961e-01 2.628677e-03 5.997393e-01 1.963110e-02 -2.646609e-03 9.998038e-01 -4.156880e+01
9.999741e-01 1.310575e-03 7.071649e-03 -1.417170e+01 -1.301401e-03 9.999983e-01 -1.301588e-03 5.772264e-01 -7.073343e-03 1.292352e-03 9.999741e-01 -4.139675e+01
9.998170e-01 -9.873719e-04 -1.910386e-02 -1.381148e+01 1.034810e-03 9.999964e-01 2.473484e-03 5.743326e-01 1.910135e-02 -2.492800e-03 9.998144e-01 -4.127511e+01
9.999662e-01 1.419913e-03 8.096969e-03 -1.355335e+01 -1.408970e-03 9.999981e-01 -1.356949e-03 5.759891e-01 -8.098880e-03 1.345496e-03 9.999663e-01 -4.123383e+01
9.998088e-01 -8.446041e-04 -1.953707e-02 -1.312334e+01 8.907160e-04 9.999968e-01 2.351663e-03 5.578638e-01 1.953502e-02 -2.368616e-03 9.998064e-01 -4.102713e+01
9.999637e-01 1.482078e-03 8.385834e-03 -1.265387e+01 -1.468366e-03 9.999976e-01 -1.641059e-03 5.337542e-01 -8.388246e-03 1.628686e-03 9.999635e-01 -4.067535e+01
9.998211e-01 -8.169883e-04 -1.889896e-02 -1.229677e+01 8.723681e-04 9.999953e-01 2.922272e-03 5.213773e-01 1.889648e-02 -2.938237e-03 9.998171e-01 -4.070371e+01
9.999372e-01 1.295392e-03 1.113295e-02 -1.224235e+01 -1.265250e-03 9.999955e-01 -2.714052e-03 5.322516e-01 -1.113641e-02 2.699796e-03 9.999343e-01 -4.065265e+01
9.997779e-01 -9.058294e-04 -2.105377e-02 -1.218194e+01 9.773409e-04 9.999938e-01 3.386591e-03 5.455844e-01 2.105058e-02 -3.406417e-03 9.997726e-01 -4.091491e+01
9.999433e-01 1.764396e-03 1.050157e-02 -1.180957e+01 -1.739732e-03 9.999957e-01 -2.357259e-03 5.409825e-01 -1.050569e-02 2.338856e-03 9.999421e-01 -4.133323e+01
9.997229e-01 -1.321887e-03 -2.350083e-02 -1.131312e+01 1.408800e-03 9.999922e-01 3.682135e-03 5.219289e-01 2.349578e-02 -3.714223e-03 9.997170e-01 -4.124686e+01
9.999295e-01 1.880798e-03 1.172181e-02 -1.088395e+01 -1.854228e-03 9.999957e-01 -2.277104e-03 5.091005e-01 -1.172604e-02 2.255209e-03 9.999287e-01 -4.125785e+01
9.996611e-01 -1.180498e-03 -2.600514e-02 -1.017302e+01 1.266083e-03 9.999938e-01 3.274863e-03 4.874764e-01 2.600112e-02 -3.306678e-03 9.996564e-01 -4.095283e+01
9.999507e-01 2.232225e-03 9.680158e-03 -9.291141e+00 -2.214340e-03 9.999958e-01 -1.857862e-03 4.524052e-01 -9.684265e-03 1.836336e-03 9.999514e-01 -4.073009e+01
9.997130e-01 -1.152977e-03 -2.392919e-02 -8.573123e+00 1.237547e-03 9.999930e-01 3.519663e-03 4.321195e-01 2.392497e-02 -3.548266e-03 9.997075e-01 -4.096829e+01
9.999490e-01 2.469121e-03 9.796110e-03 -7.814800e+00 -2.452477e-03 9.999955e-01 -1.710656e-03 4.183860e-01 -9.800290e-03 1.686545e-03 9.999506e-01 -4.152214e+01
9.998196e-01 -1.247524e-03 -1.895369e-02 -7.581721e+00 1.284568e-03 9.999973e-01 1.942431e-03 4.240262e-01 1.895122e-02 -1.966428e-03 9.998185e-01 -4.257031e+01
9.999349e-01 2.027999e-03 1.123094e-02 -7.559938e+00 -2.009596e-03 9.999966e-01 -1.649593e-03 4.238624e-01 -1.123425e-02 1.626916e-03 9.999356e-01 -4.298597e+01
9.998219e-01 -1.233969e-03 -1.883243e-02 -7.570892e+00 1.267400e-03 9.999976e-01 1.763360e-03 4.265413e-01 1.883021e-02 -1.786915e-03 9.998211e-01 -4.361651e+01
9.999289e-01 2.123880e-03 1.173407e-02 -7.509733e+00 -2.100817e-03 9.999958e-01 -1.977346e-03 4.294913e-01 -1.173822e-02 1.952555e-03 9.999292e-01 -4.435027e+01
9.997872e-01 -1.352399e-03 -2.058378e-02 -7.341428e+00 1.404902e-03 9.999958e-01 2.536451e-03 4.321038e-01 2.058026e-02 -2.564830e-03 9.997849e-01 -4.501401e+01
9.998866e-01 1.909426e-03 1.493916e-02 -8.058847e+00 -1.839124e-03 9.999872e-01 -4.718223e-03 4.678235e-01 -1.494798e-02 4.690213e-03 9.998773e-01 -4.607541e+01
9.997886e-01 -1.884862e-03 -2.047535e-02 -9.179346e+00 1.919003e-03 9.999968e-01 1.647943e-03 5.135338e-01 2.047218e-02 -1.686887e-03 9.997890e-01 -4.721192e+01
9.998981e-01 2.615316e-03 1.403717e-02 -9.533799e+00 -2.573419e-03 9.999922e-01 -3.001856e-03 5.344948e-01 -1.404492e-02 2.965426e-03 9.998970e-01 -4.829402e+01
9.997685e-01 -2.111726e-03 -2.141369e-02 -9.640309e+00 2.169966e-03 9.999940e-01 2.696891e-03 5.468093e-01 2.140786e-02 -2.742734e-03 9.997671e-01 -4.877633e+01
9.998990e-01 2.805467e-03 1.393539e-02 -9.663612e+00 -2.770972e-03 9.999931e-01 -2.494020e-03 5.481236e-01 -1.394229e-02 2.455154e-03 9.998998e-01 -4.927100e+01
9.997738e-01 -1.943548e-03 -2.118124e-02 -9.676397e+00 1.991246e-03 9.999955e-01 2.231054e-03 5.521855e-01 2.117681e-02 -2.272727e-03 9.997732e-01 -5.005174e+01
9.998919e-01 2.728869e-03 1.445094e-02 -9.771936e+00 -2.693373e-03 9.999933e-01 -2.475176e-03 5.582294e-01 -1.445760e-02 2.435987e-03 9.998925e-01 -5.065656e+01
9.997526e-01 -2.048658e-03 -2.214635e-02 -9.755520e+00 2.108964e-03 9.999941e-01 2.700048e-03 5.595737e-01 2.214069e-02 -2.746087e-03 9.997511e-01 -5.113569e+01
9.999200e-01 2.743153e-03 1.234535e-02 -9.501542e+00 -2.718870e-03 9.999943e-01 -1.983347e-03 5.523275e-01 -1.235072e-02 1.949623e-03 9.999218e-01 -5.142363e+01
9.997689e-01 -2.066247e-03 -2.139992e-02 -9.282240e+00 2.120378e-03 9.999946e-01 2.507157e-03 5.459136e-01 2.139462e-02 -2.551954e-03 9.997679e-01 -5.178606e+01
9.998980e-01 2.731679e-03 1.402216e-02 -9.230000e+00 -2.699839e-03 9.999937e-01 -2.289036e-03 5.434879e-01 -1.402833e-02 2.250946e-03 9.998991e-01 -5.214714e+01
9.997787e-01 -2.139686e-03 -2.092753e-02 -9.235860e+00 2.192557e-03 9.999945e-01 2.503826e-03 5.426372e-01 2.092205e-02 -2.549157e-03 9.997779e-01 -5.236328e+01
9.999042e-01 2.718776e-03 1.357187e-02 -9.092861e+00 -2.691619e-03 9.999943e-01 -2.018804e-03 5.280937e-01 -1.357728e-02 1.982081e-03 9.999059e-01 -5.208957e+01
9.998109e-01 -2.202638e-03 -1.932159e-02 -9.000248e+00 2.238851e-03 9.999958e-01 1.852830e-03 5.090875e-01 1.931742e-02 -1.895738e-03 9.998116e-01 -5.144041e+01
9.999010e-01 2.797878e-03 1.378817e-02 -8.905119e+00 -2.767530e-03 9.999937e-01 -2.219616e-03 4.869013e-01 -1.379430e-02 2.181238e-03 9.999025e-01 -5.066041e+01
9.997177e-01 -2.242679e-03 -2.365275e-02 -8.521246e+00 2.314869e-03 9.999927e-01 3.025165e-03 4.672642e-01 2.364580e-02 -3.079064e-03 9.997157e-01 -5.046866e+01
9.998651e-01 3.037639e-03 1.613986e-02 -8.322773e+00 -2.994029e-03 9.999918e-01 -2.725482e-03 4.572639e-01 -1.614801e-02 2.676791e-03 9.998660e-01 -5.044991e+01
9.997618e-01 -2.473238e-03 -2.168671e-02 -8.269276e+00 2.530019e-03 9.999934e-01 2.591207e-03 4.410932e-01 2.168016e-02 -2.645458e-03 9.997615e-01 -4.983896e+01
9.998596e-01 3.068304e-03 1.647334e-02 -8.249188e+00 -3.022243e-03 9.999915e-01 -2.820227e-03 4.270482e-01 -1.648185e-02 2.770045e-03 9.998603e-01 -4.916461e+01
9.997490e-01 -2.406682e-03 -2.227555e-02 -8.193174e+00 2.469255e-03 9.999931e-01 2.781983e-03 4.169712e-01 2.226870e-02 -2.836289e-03 9.997480e-01 -4.901085e+01
9.998595e-01 2.970531e-03 1.649801e-02 -8.158195e+00 -2.926366e-03 9.999921e-01 -2.700469e-03 4.033852e-01 -1.650591e-02 2.651811e-03 9.998603e-01 -4.858089e+01
9.997461e-01 -2.410211e-03 -2.240398e-02 -8.127914e+00 2.473199e-03 9.999931e-01 2.784211e-03 3.915961e-01 2.239711e-02 -2.838914e-03 9.997451e-01 -4.811179e+01
9.998534e-01 2.947472e-03 1.686963e-02 -8.186001e+00 -2.899467e-03 9.999917e-01 -2.869369e-03 3.851426e-01 -1.687795e-02 2.820035e-03 9.998536e-01 -4.768609e+01
9.997337e-01 -2.481331e-03 -2.294165e-02 -8.261777e+00 2.547867e-03 9.999926e-01 2.871467e-03 3.813247e-01 2.293436e-02 -2.929155e-03 9.997327e-01 -4.732989e+01
9.998686e-01 3.129398e-03 1.590716e-02 -8.117300e+00 -3.087160e-03 9.999916e-01 -2.679104e-03 3.636941e-01 -1.591541e-02 2.629644e-03 9.998699e-01 -4.685007e+01
9.995156e-01 -2.635284e-03 -3.101038e-02 -7.361118e+00 2.755665e-03 9.999888e-01 3.839881e-03 3.258055e-01 3.099992e-02 -3.923475e-03 9.995117e-01 -4.656174e+01
9.998911e-01 3.428876e-03 1.435720e-02 -6.421746e+00 -3.396327e-03 9.999916e-01 -2.290794e-03 2.975007e-01 -1.436493e-02 2.241784e-03 9.998943e-01 -4.671689e+01
9.995879e-01 -2.854529e-03 -2.856293e-02 -5.689082e+00 2.958543e-03 9.999891e-01 3.599974e-03 2.699029e-01 2.855234e-02 -3.682995e-03 9.995855e-01 -4.671242e+01
9.998947e-01 3.774773e-03 1.401232e-02 -4.841527e+00 -3.738364e-03 9.999896e-01 -2.623584e-03 2.528648e-01 -1.402208e-02 2.570925e-03 9.998984e-01 -4.702101e+01
9.995937e-01 -2.288853e-03 -2.841011e-02 -3.880794e+00 2.378669e-03 9.999923e-01 3.128006e-03 2.327872e-01 2.840274e-02 -3.194314e-03 9.995915e-01 -4.727044e+01
9.998171e-01 3.681862e-03 1.876961e-02 -3.538878e+00 -3.618759e-03 9.999877e-01 -3.394811e-03 2.395442e-01 -1.878187e-02 3.326268e-03 9.998181e-01 -4.854349e+01
9.996550e-01 -2.505218e-03 -2.614538e-02 -3.285724e+00 2.587279e-03 9.999918e-01 3.105307e-03 2.414574e-01 2.613738e-02 -3.171881e-03 9.996533e-01 -4.946316e+01
9.999092e-01 3.454640e-03 1.302882e-02 -2.498778e+00 -3.425236e-03 9.999915e-01 -2.278442e-03 1.970374e-01 -1.303659e-02 2.233608e-03 9.999125e-01 -4.910844e+01
9.995669e-01 -2.855555e-03 -2.928759e-02 -1.603333e+00 2.952571e-03 9.999903e-01 3.269827e-03 1.575148e-01 2.927797e-02 -3.354885e-03 9.995657e-01 -4.871917e+01
9.997519e-01 3.526637e-03 2.199289e-02 -1.327461e+00 -3.466643e-03 9.999902e-01 -2.765384e-03 1.438858e-01 -2.200242e-02 2.688457e-03 9.997543e-01 -4.892349e+01
9.993758e-01 -2.435544e-03 -3.524188e-02 -6.365931e-01 2.569136e-03 9.999897e-01 3.745945e-03 1.298743e-01 3.523240e-02 -3.834149e-03 9.993718e-01 -4.943719e+01
9.997258e-01 3.433677e-03 2.316234e-02 1.629248e-01 -3.362784e-03 9.999895e-01 -3.098945e-03 9.700476e-02 -2.317273e-02 3.020206e-03 9.997269e-01 -4.933445e+01
9.994698e-01 -2.531684e-03 -3.246151e-02 6.425678e-01 2.659147e-03 9.999889e-01 3.884032e-03 7.870604e-02 3.245132e-02 -3.968293e-03 9.994654e-01 -4.936368e+01
9.997034e-01 3.405017e-03 2.411309e-02 9.252886e-01 -3.327493e-03 9.999892e-01 -3.254404e-03 7.235464e-02 -2.412391e-02 3.173203e-03 9.997039e-01 -4.982712e+01
9.994889e-01 -2.476923e-03 -3.187160e-02 1.121630e+00 2.586968e-03 9.999908e-01 3.412009e-03 7.417099e-02 3.186286e-02 -3.492716e-03 9.994861e-01 -5.066698e+01
9.997356e-01 3.470439e-03 2.273090e-02 1.398084e+00 -3.400780e-03 9.999894e-01 -3.102427e-03 7.300523e-02 -2.274143e-02 3.024304e-03 9.997368e-01 -5.141102e+01
9.994990e-01 -2.634790e-03 -3.154029e-02 1.661810e+00 2.741967e-03 9.999906e-01 3.355330e-03 6.812957e-02 3.153115e-02 -3.440132e-03 9.994968e-01 -5.198152e+01
9.997496e-01 3.596846e-03 2.208448e-02 2.043404e+00 -3.533117e-03 9.999895e-01 -2.924029e-03 5.807291e-02 -2.209477e-02 2.845270e-03 9.997518e-01 -5.239014e+01
9.993896e-01 -2.890465e-03 -3.481620e-02 2.642816e+00 3.028980e-03 9.999877e-01 3.926395e-03 3.483281e-02 3.480442e-02 -4.029457e-03 9.993860e-01 -5.234712e+01
9.997178e-01 3.662417e-03 2.346982e-02 3.239745e+00 -3.596044e-03 9.999894e-01 -2.869566e-03 9.751832e-03 -2.348008e-02 2.784358e-03 9.997204e-01 -5.237784e+01
9.993753e-01 -2.972926e-03 -3.521670e-02 3.779717e+00 3.107785e-03 9.999880e-01 3.775303e-03 -1.076349e-02 3.520506e-02 -3.882390e-03 9.993726e-01 -5.233765e+01
9.996095e-01 3.662037e-03 2.770197e-02 4.007798e+00 -3.567587e-03 9.999877e-01 -3.458149e-03 -2.790050e-02 -2.771430e-02 3.357970e-03 9.996102e-01 -5.200527e+01
9.993287e-01 -2.888590e-03 -3.652186e-02 4.369465e+00 3.036424e-03 9.999874e-01 3.993007e-03 -4.686762e-02 3.650986e-02 -4.101223e-03 9.993249e-01 -5.181904e+01
9.996133e-01 3.618982e-03 2.757230e-02 4.742435e+00 -3.519113e-03 9.999871e-01 -3.669710e-03 -7.248781e-02 -2.758522e-02 3.571261e-03 9.996131e-01 -5.141160e+01
9.993376e-01 -2.876502e-03 -3.627767e-02 5.106491e+00 3.031801e-03 9.999865e-01 4.226585e-03 -8.977673e-02 3.626502e-02 -4.333772e-03 9.993328e-01 -5.125741e+01
9.996445e-01 3.715799e-03 2.640233e-02 5.531925e+00 -3.623545e-03 9.999872e-01 -3.541097e-03 -1.082771e-01 -2.641515e-02 3.444169e-03 9.996451e-01 -5.110410e+01
9.993715e-01 -2.872546e-03 -3.533139e-02 5.911061e+00 3.021647e-03 9.999868e-01 4.167402e-03 -1.232947e-01 3.531895e-02 -4.271542e-03 9.993670e-01 -5.121961e+01
9.996369e-01 3.946142e-03 2.665492e-02 6.406755e+00 -3.853383e-03 9.999863e-01 -3.530452e-03 -1.366497e-01 -2.666849e-02 3.426459e-03 9.996385e-01 -5.154807e+01
9.993517e-01 -3.059555e-03 -3.587192e-02 6.890212e+00 3.215752e-03 9.999856e-01 4.297417e-03 -1.522171e-01 3.585825e-02 -4.409986e-03 9.993472e-01 -5.168328e+01
9.997062e-01 4.142888e-03 2.388370e-02 7.445001e+00 -4.065421e-03 9.999863e-01 -3.291129e-03 -1.507817e-01 -2.389700e-02 3.193066e-03 9.997093e-01 -5.263873e+01
9.995241e-01 -2.746581e-03 -3.072659e-02 7.662959e+00 2.830499e-03 9.999924e-01 2.687979e-03 -1.376976e-01 3.071897e-02 -2.773672e-03 9.995242e-01 -5.413302e+01
9.997280e-01 3.947544e-03 2.298577e-02 7.805089e+00 -3.873943e-03 9.999872e-01 -3.245663e-03 -1.282174e-01 -2.299829e-02 3.155735e-03 9.997305e-01 -5.542670e+01
9.994750e-01 -2.733906e-03 -3.228379e-02 8.052354e+00 2.825688e-03 9.999921e-01 2.797709e-03 -1.180504e-01 3.227589e-02 -2.887464e-03 9.994748e-01 -5.691018e+01
9.996831e-01 4.366795e-03 2.479260e-02 8.165521e+00 -4.255407e-03 9.999806e-01 -4.543730e-03 -9.775102e-02 -2.481196e-02 4.436788e-03 9.996823e-01 -5.912768e+01
9.995069e-01 -2.852448e-03 -3.127033e-02 8.329107e+00 2.950377e-03 9.999909e-01 3.086043e-03 -7.963361e-02 3.126124e-02 -3.176781e-03 9.995062e-01 -6.095429e+01
9.997339e-01 4.303994e-03 2.266250e-02 8.458445e+00 -4.206948e-03 9.999818e-01 -4.328155e-03 -6.318786e-02 -2.268072e-02 4.231664e-03 9.997338e-01 -6.294275e+01
9.995130e-01 -2.543689e-03 -3.110133e-02 8.917850e+00 2.659752e-03 9.999897e-01 3.690982e-03 -4.760494e-02 3.109162e-02 -3.771907e-03 9.995094e-01 -6.471308e+01
9.997600e-01 3.679248e-03 2.159608e-02 9.321202e+00 -3.609211e-03 9.999881e-01 -3.281100e-03 -4.630236e-02 -2.160789e-02 3.202368e-03 9.997614e-01 -6.558244e+01
9.995058e-01 -2.722372e-03 -3.131704e-02 9.797710e+00 2.855218e-03 9.999871e-01 4.198051e-03 -5.604597e-02 3.130521e-02 -4.285394e-03 9.995007e-01 -6.594039e+01
9.997944e-01 3.872196e-03 1.990292e-02 1.024215e+01 -3.793037e-03 9.999848e-01 -4.013409e-03 -4.909358e-02 -1.991816e-02 3.937092e-03 9.997939e-01 -6.741288e+01
9.996358e-01 -2.311299e-03 -2.688704e-02 1.054523e+01 2.393583e-03 9.999925e-01 3.028609e-03 -3.365517e-02 2.687984e-02 -3.091862e-03 9.996339e-01 -6.903392e+01
9.998421e-01 3.256265e-03 1.747023e-02 1.092799e+01 -3.216628e-03 9.999922e-01 -2.296422e-03 -3.512298e-02 -1.747757e-02 2.239865e-03 9.998447e-01 -6.966420e+01
9.996240e-01 -2.475711e-03 -2.730776e-02 1.135872e+01 2.566960e-03 9.999912e-01 3.306987e-03 -4.676398e-02 2.729933e-02 -3.375842e-03 9.996216e-01 -6.983466e+01
9.998017e-01 3.143397e-03 1.966599e-02 1.155079e+01 -3.089301e-03 9.999914e-01 -2.780460e-03 -5.603320e-02 -1.967456e-02 2.719155e-03 9.998027e-01 -6.987110e+01
9.996193e-01 -2.372421e-03 -2.748926e-02 1.175823e+01 2.463323e-03 9.999916e-01 3.273431e-03 -6.105254e-02 2.748127e-02 -3.339900e-03 9.996167e-01 -7.020642e+01
9.998396e-01 3.317160e-03 1.760299e-02 1.218100e+01 -3.276667e-03 9.999919e-01 -2.328653e-03 -6.918346e-02 -1.761057e-02 2.270601e-03 9.998423e-01 -7.058273e+01
