9.999738e-01 4.389352e-04 -7.219720e-03 2.794760e-01 -4.413337e-04 9.999998e-01 -3.306095e-04 -3.917479e-02 7.219574e-03 3.337865e-04 9.999739e-01 9.015638e-01
9.999939e-01 -5.238248e-05 -3.496595e-03 5.866326e-01 5.723465e-05 9.999990e-01 1.387590e-03 -5.414003e-02 3.496520e-03 -1.387781e-03 9.999929e-01 1.008586e+00
9.999718e-01 5.663982e-04 -7.494482e-03 1.045533e+00 -5.700868e-04 9.999997e-01 -4.900429e-04 -8.435875e-02 7.494201e-03 4.943008e-04 9.999718e-01 1.334894e+00
9.999945e-01 -1.376175e-04 3.321268e-03 1.219453e+00 1.394729e-04 9.999998e-01 -5.584046e-04 -1.205563e-01 -3.321190e-03 5.588655e-04 9.999943e-01 2.448413e+00
9.999681e-01 5.442980e-04 -7.970120e-03 1.228011e+00 -5.471404e-04 9.999998e-01 -3.544442e-04 -1.374178e-01 7.969925e-03 3.587930e-04 9.999682e-01 3.422753e+00
9.999968e-01 -2.534140e-04 2.508874e-03 1.115191e+00 2.519968e-04 9.999998e-01 5.652171e-04 -1.365306e-01 -2.509016e-03 -5.645823e-04 9.999967e-01 3.764905e+00
9.999679e-01 6.007588e-04 -7.985920e-03 9.753785e-01 -6.062157e-04 9.999996e-01 -6.809065e-04 -1.371528e-01 7.985508e-03 6.857251e-04 9.999679e-01 4.217748e+00
9.999999e-01 -1.720546e-04 5.192682e-04 1.038195e+00 1.714651e-04 9.999993e-01 1.135278e-03 -1.416789e-01 -5.194629e-04 -1.135188e-03 9.999992e-01 4.275887e+00
9.999670e-01 7.079251e-04 -8.093818e-03 1.154175e+00 -7.132567e-04 9.999995e-01 -6.558480e-04 -1.496715e-01 8.093350e-03 6.615986e-04 9.999670e-01 4.424790e+00
9.999948e-01 -3.660592e-04 3.213191e-03 1.145971e+00 3.642271e-04 9.999998e-01 5.707737e-04 -1.618850e-01 -3.213399e-03 -5.695996e-04 9.999947e-01 4.984545e+00
9.999759e-01 2.976368e-04 -6.931986e-03 8.755939e-01 -3.033044e-04 9.999996e-01 -8.165582e-04 -1.483411e-01 6.931740e-03 8.186403e-04 9.999756e-01 5.577368e+00
9.999998e-01 -2.629110e-04 -5.491102e-04 8.298537e-01 2.636918e-04 9.999990e-01 1.422230e-03 -1.434514e-01 5.487361e-04 -1.422374e-03 9.999988e-01 5.820975e+00
9.999895e-01 4.990677e-04 -4.546665e-03 7.335694e-01 -5.048977e-04 9.999991e-01 -1.281190e-03 -1.440316e-01 4.546021e-03 1.283471e-03 9.999888e-01 6.192572e+00
9.999941e-01 -3.530465e-04 -3.429680e-03 8.358917e-01 3.600246e-04 9.999979e-01 2.034184e-03 -1.501916e-01 3.428955e-03 -2.035406e-03 9.999920e-01 6.517476e+00
9.999922e-01 4.756556e-04 -3.908414e-03 8.001806e-01 -4.814833e-04 9.999988e-01 -1.490233e-03 -1.432990e-01 3.907700e-03 1.492102e-03 9.999913e-01 6.887774e+00
9.999996e-01 -8.038878e-04 2.810348e-04 3.226722e-01 8.035251e-04 9.999988e-01 1.288367e-03 -1.091199e-01 -2.820698e-04 -1.288140e-03 9.999991e-01 7.493754e+00
9.999818e-01 4.361927e-04 -6.014781e-03 4.582249e-02 -4.426081e-04 9.999993e-01 -1.065314e-03 -8.478724e-02 6.014312e-03 1.067956e-03 9.999813e-01 8.108022e+00
1.000000e+00 -1.118602e-04 1.295934e-04 6.199375e-02 1.116943e-04 9.999992e-01 1.280175e-03 -9.296315e-02 -1.297361e-04 -1.280160e-03 9.999992e-01 8.554178e+00
9.999962e-01 -1.097585e-04 -2.756978e-03 -4.550997e-01 1.046937e-04 9.999983e-01 -1.837147e-03 -6.083739e-02 2.757174e-03 1.836851e-03 9.999945e-01 9.214970e+00
9.999962e-01 -2.740721e-04 -2.744757e-03 -8.742758e-01 2.796259e-04 9.999979e-01 2.023230e-03 -2.612640e-02 2.744197e-03 -2.023989e-03 9.999942e-01 9.696233e+00
9.999547e-01 7.885036e-04 -9.481133e-03 -4.138963e-01 -7.935147e-04 9.999995e-01 -5.247812e-04 -3.611329e-02 9.480715e-03 5.322802e-04 9.999549e-01 9.630463e+00
9.999997e-01 -1.862249e-04 8.134628e-04 -2.273159e-01 1.852018e-04 9.999992e-01 1.257671e-03 -3.883550e-02 -8.136961e-04 -1.257519e-03 9.999989e-01 9.367982e+00
9.999437e-01 5.974891e-04 -1.059198e-02 -2.061471e-03 -5.993009e-04 9.999998e-01 -1.678729e-04 -4.610203e-02 1.059188e-02 1.742105e-04 9.999439e-01 9.323029e+00
9.999938e-01 -3.727933e-04 3.503442e-03 -7.380179e-02 3.708079e-04 9.999998e-01 5.673604e-04 -4.260827e-02 -3.503653e-03 -5.660571e-04 9.999937e-01 9.332799e+00
9.999508e-01 4.309024e-04 -9.911381e-03 -1.702795e-01 -4.299539e-04 9.999999e-01 9.783033e-05 -3.537978e-02 9.911422e-03 -9.356479e-05 9.999509e-01 9.623198e+00
9.999989e-01 -3.890080e-04 1.447192e-03 -1.539162e-01 3.882496e-04 9.999998e-01 5.243392e-04 -2.675031e-02 -1.447396e-03 -5.237761e-04 9.999988e-01 9.885696e+00
9.999352e-01 7.573102e-04 -1.136150e-02 5.755153e-02 -7.494677e-04 9.999995e-01 6.945193e-04 -2.940014e-02 1.136202e-02 -6.859599e-04 9.999352e-01 9.627103e+00
9.999964e-01 -5.522645e-04 2.634397e-03 2.489767e-01 5.513914e-04 9.999998e-01 3.321849e-04 -3.801628e-02 -2.634579e-03 -3.307304e-04 9.999965e-01 9.649464e+00
9.999257e-01 6.460042e-04 -1.217397e-02 4.946550e-01 -6.380441e-04 9.999996e-01 6.577469e-04 -4.781454e-02 1.217439e-02 -6.499312e-04 9.999257e-01 9.925269e+00
9.999838e-01 -6.034263e-04 5.662512e-03 3.051253e-01 6.050450e-04 9.999998e-01 -2.841229e-04 -3.350748e-02 -5.662339e-03 2.875451e-04 9.999839e-01 1.024642e+01
9.999346e-01 4.439299e-04 -1.142945e-02 -1.491090e-01 -4.435449e-04 9.999999e-01 3.622586e-05 -6.517714e-03 1.142946e-02 -3.115473e-05 9.999347e-01 1.045884e+01
9.999828e-01 -4.044804e-04 5.843113e-03 -4.033843e-01 4.030659e-04 9.999999e-01 2.432689e-04 8.686413e-03 -5.843211e-03 -2.409088e-04 9.999829e-01 1.077549e+01
9.999246e-01 2.449919e-04 -1.227528e-02 -7.635345e-01 -2.478128e-04 9.999999e-01 -2.282775e-04 2.851964e-02 1.227522e-02 2.313016e-04 9.999246e-01 1.090650e+01
9.999941e-01 -1.708887e-05 3.420917e-03 -7.264145e-01 1.400486e-05 9.999996e-01 9.015694e-04 2.997399e-02 -3.420931e-03 -9.015155e-04 9.999937e-01 1.063802e+01
9.999400e-01 2.351397e-04 -1.095458e-02 -7.259654e-01 -2.362724e-04 1.000000e+00 -1.021013e-04 2.670730e-02 1.095456e-02 1.046827e-04 9.999400e-01 1.071879e+01
9.999888e-01 -5.578096e-05 4.736816e-03 -9.387771e-01 5.429055e-05 9.999999e-01 3.147960e-04 3.326362e-02 -4.736833e-03 -3.145346e-04 9.999887e-01 1.082294e+01
9.999380e-01 2.281174e-05 -1.113562e-02 -1.409659e+00 -3.142303e-05 9.999997e-01 -7.731260e-04 5.021596e-02 1.113560e-02 7.734273e-04 9.999377e-01 1.073353e+01
9.999875e-01 3.149749e-06 5.008382e-03 -1.782239e+00 -5.602260e-06 9.999999e-01 4.896908e-04 6.407779e-02 -5.008379e-03 -4.897120e-04 9.999873e-01 1.068324e+01
9.999358e-01 6.231287e-05 -1.133273e-02 -2.054150e+00 -6.717013e-05 9.999999e-01 -4.282139e-04 7.992082e-02 1.133270e-02 4.289469e-04 9.999357e-01 1.085298e+01
9.999970e-01 3.798267e-04 2.425374e-03 -1.857981e+00 -3.829836e-04 9.999991e-01 1.301348e-03 7.502387e-02 -2.424878e-03 -1.302272e-03 9.999962e-01 1.048514e+01
9.998981e-01 1.247584e-04 -1.427766e-02 -1.396900e+00 -1.201799e-04 9.999999e-01 3.215384e-04 6.997130e-02 1.427770e-02 -3.197904e-04 9.998980e-01 1.014907e+01
9.999990e-01 1.553850e-04 1.410147e-03 -9.293899e-01 -1.572470e-04 9.999991e-01 1.320455e-03 5.891579e-02 -1.409941e-03 -1.320675e-03 9.999981e-01 1.006169e+01
9.999676e-01 2.505472e-05 -8.045925e-03 -1.149225e+00 -3.532691e-05 9.999992e-01 -1.276538e-03 6.573841e-02 8.045886e-03 1.276781e-03 9.999668e-01 1.006502e+01
9.999981e-01 7.017788e-06 1.951215e-03 -1.399283e+00 -9.748619e-06 9.999990e-01 1.399617e-03 7.789142e-02 -1.951203e-03 -1.399632e-03 9.999971e-01 1.024965e+01
9.999533e-01 2.646984e-04 -9.657620e-03 -1.328909e+00 -2.700119e-04 9.999998e-01 -5.488670e-04 7.124612e-02 9.657472e-03 5.514484e-04 9.999532e-01 1.035297e+01
9.999930e-01 -5.359889e-05 3.737422e-03 -1.434795e+00 5.002298e-05 9.999995e-01 9.569106e-04 7.232499e-02 -3.737471e-03 -9.567163e-04 9.999926e-01 1.066388e+01
9.999580e-01 -1.336877e-04 -9.161360e-03 -1.821535e+00 1.216140e-04 9.999991e-01 -1.318419e-03 9.288391e-02 9.161528e-03 1.317248e-03 9.999572e-01 1.111359e+01
9.999901e-01 5.042948e-05 4.449580e-03 -2.496111e+00 -5.199122e-05 9.999999e-01 3.509028e-04 1.255033e-01 -4.449562e-03 -3.511299e-04 9.999900e-01 1.132473e+01
9.999513e-01 -2.623961e-04 -9.870283e-03 -3.034924e+00 2.543808e-04 9.999996e-01 -8.133060e-04 1.550864e-01 9.870492e-03 8.107548e-04 9.999510e-01 1.154753e+01
9.999876e-01 -1.118105e-06 4.970622e-03 -3.601698e+00 -7.286781e-07 9.999999e-01 3.715674e-04 1.874835e-01 -4.970622e-03 -3.715657e-04 9.999876e-01 1.184436e+01
9.999444e-01 -1.953527e-04 -1.054600e-02 -4.141034e+00 1.858502e-04 9.999996e-01 -9.020137e-04 2.150160e-01 1.054618e-02 9.000028e-04 9.999440e-01 1.198304e+01
9.999896e-01 3.243177e-04 4.559888e-03 -4.552724e+00 -3.261583e-04 9.999999e-01 4.029366e-04 2.330218e-01 -4.559756e-03 -4.044189e-04 9.999895e-01 1.192201e+01
9.999465e-01 -1.440213e-04 -1.034188e-02 -4.927897e+00 1.357836e-04 9.999997e-01 -7.972188e-04 2.462124e-01 1.034199e-02 7.957712e-04 9.999462e-01 1.190944e+01
9.999937e-01 3.510739e-04 3.532057e-03 -5.102217e+00 -3.546621e-04 9.999994e-01 1.015361e-03 2.530670e-01 -3.531698e-03 -1.016606e-03 9.999932e-01 1.189484e+01
9.999141e-01 -1.357914e-05 -1.310407e-02 -4.864218e+00 1.421746e-05 1.000000e+00 4.862983e-05 2.432944e-01 1.310407e-02 -4.881266e-05 9.999141e-01 1.202576e+01
9.999840e-01 4.588315e-04 5.633100e-03 -4.936830e+00 -4.598722e-04 9.999999e-01 1.834760e-04 2.503893e-01 -5.633015e-03 -1.860629e-04 9.999841e-01 1.179788e+01
9.999378e-01 -2.976771e-04 -1.115274e-02 -5.504914e+00 2.805990e-04 9.999988e-01 -1.532814e-03 2.734134e-01 1.115318e-02 1.529588e-03 9.999366e-01 1.143786e+01
9.999844e-01 2.832656e-04 5.573241e-03 -6.098154e+00 -2.864733e-04 9.999998e-01 5.747786e-04 2.958924e-01 -5.573077e-03 -5.763655e-04 9.999843e-01 1.136445e+01
9.999357e-01 -8.589887e-05 -1.133944e-02 -6.378870e+00 7.663830e-05 9.999997e-01 -8.170867e-04 3.037000e-01 1.133950e-02 8.161645e-04 9.999354e-01 1.147250e+01
9.999979e-01 3.988624e-04 2.033199e-03 -6.099158e+00 -4.020354e-04 9.999987e-01 1.560503e-03 2.837595e-01 -2.032573e-03 -1.561316e-03 9.999967e-01 1.175903e+01
9.999122e-01 1.363514e-04 -1.325356e-02 -5.638744e+00 -1.427162e-04 9.999999e-01 -4.792823e-04 2.643706e-01 1.325349e-02 4.811310e-04 9.999121e-01 1.185252e+01
9.999883e-01 1.841989e-04 4.842789e-03 -5.558156e+00 -1.907182e-04 9.999991e-01 1.345796e-03 2.615105e-01 -4.842536e-03 -1.346703e-03 9.999874e-01 1.202140e+01
9.999560e-01 -2.996697e-04 -9.374221e-03 -6.083742e+00 2.817668e-04 9.999981e-01 -1.911045e-03 2.877068e-01 9.374776e-03 1.908319e-03 9.999542e-01 1.228621e+01
9.999839e-01 3.032704e-04 5.670554e-03 -6.391669e+00 -3.119055e-04 9.999988e-01 1.522019e-03 3.048125e-01 -5.670086e-03 -1.523762e-03 9.999828e-01 1.297127e+01
9.999339e-01 -7.240685e-05 -1.149955e-02 -6.487186e+00 5.706548e-05 9.999991e-01 -1.334392e-03 3.047258e-01 1.149964e-02 1.333646e-03 9.999330e-01 1.334904e+01
9.999830e-01 5.443873e-05 5.836239e-03 -6.863192e+00 -6.115661e-05 9.999993e-01 1.150922e-03 3.218722e-01 -5.836173e-03 -1.151258e-03 9.999823e-01 1.360516e+01
9.999450e-01 -2.621207e-04 -1.048162e-02 -7.450815e+00 2.435057e-04 9.999984e-01 -1.777189e-03 3.513556e-01 1.048206e-02 1.774539e-03 9.999435e-01 1.394076e+01
9.999824e-01 -8.706837e-05 5.934892e-03 -7.904287e+00 7.946737e-05 9.999992e-01 1.280987e-03 3.757567e-01 -5.934998e-03 -1.280492e-03 9.999816e-01 1.446608e+01
9.999562e-01 -1.011807e-04 -9.354553e-03 -8.315958e+00 8.469532e-05 9.999984e-01 -1.762646e-03 3.969393e-01 9.354716e-03 1.761776e-03 9.999547e-01 1.508796e+01
9.999837e-01 -2.826344e-04 5.696370e-03 -8.845615e+00 2.753426e-04 9.999991e-01 1.280862e-03 4.317988e-01 -5.696727e-03 -1.279272e-03 9.999830e-01 1.569703e+01
9.999339e-01 2.840223e-04 -1.149512e-02 -9.155161e+00 -2.969237e-04 9.999993e-01 -1.120633e-03 4.489853e-01 1.149479e-02 1.123971e-03 9.999333e-01 1.599868e+01
9.999646e-01 -7.410106e-04 8.376556e-03 -9.876448e+00 7.382168e-04 9.999997e-01 3.366426e-04 4.933728e-01 -8.376803e-03 -3.304463e-04 9.999649e-01 1.657914e+01
9.999099e-01 1.500466e-04 -1.342012e-02 -1.039593e+01 -1.560727e-04 9.999999e-01 -4.479718e-04 5.299514e-01 1.342005e-02 4.500252e-04 9.999098e-01 1.708076e+01
9.999812e-01 -2.677943e-04 6.124076e-03 -1.057499e+01 2.616578e-04 9.999995e-01 1.002832e-03 5.401810e-01 -6.124341e-03 -1.001210e-03 9.999807e-01 1.728777e+01
9.999409e-01 5.555034e-05 -1.087272e-02 -1.111948e+01 -7.035264e-05 9.999991e-01 -1.361020e-03 5.695231e-01 1.087264e-02 1.361704e-03 9.999400e-01 1.761243e+01
9.999754e-01 -6.959343e-04 6.986353e-03 -1.200393e+01 6.943870e-04 9.999997e-01 2.239216e-04 6.219383e-01 -6.986507e-03 -2.190642e-04 9.999756e-01 1.804069e+01
9.999344e-01 4.487298e-04 -1.144759e-02 -1.263930e+01 -4.602075e-04 9.999994e-01 -9.999961e-04 6.537007e-01 1.144714e-02 1.005198e-03 9.999340e-01 1.824175e+01
9.999795e-01 -3.806176e-04 6.386565e-03 -1.293959e+01 3.756081e-04 9.999996e-01 7.856076e-04 6.658427e-01 -6.386861e-03 -7.831920e-04 9.999793e-01 1.859915e+01
9.999421e-01 6.032523e-04 -1.074321e-02 -1.301507e+01 -6.129937e-04 9.999994e-01 -9.034607e-04 6.629944e-01 1.074265e-02 9.099933e-04 9.999419e-01 1.922801e+01
9.999674e-01 -5.963671e-04 8.049486e-03 -1.334737e+01 5.940118e-04 9.999998e-01 2.950230e-04 6.767852e-01 -8.049660e-03 -2.902312e-04 9.999676e-01 2.001238e+01
9.999342e-01 4.011286e-04 -1.146777e-02 -1.375934e+01 -4.108674e-04 9.999996e-01 -8.468761e-04 7.002121e-01 1.146742e-02 8.515314e-04 9.999339e-01 2.067926e+01
9.999649e-01 -5.598116e-04 8.364285e-03 -1.421610e+01 5.564006e-04 9.999998e-01 4.101453e-04 7.261661e-01 -8.364512e-03 -4.054763e-04 9.999649e-01 2.131337e+01
9.999572e-01 -2.786754e-04 -9.248547e-03 -1.528938e+01 2.628641e-04 9.999985e-01 -1.710745e-03 7.991149e-01 9.249009e-03 1.708240e-03 9.999558e-01 2.220933e+01
9.999764e-01 -3.627761e-04 6.864376e-03 -1.623402e+01 3.591705e-04 9.999998e-01 5.265192e-04 8.613379e-01 -6.864566e-03 -5.240406e-04 9.999763e-01 2.286678e+01
9.999336e-01 1.742646e-04 -1.151855e-02 -1.674398e+01 -1.848558e-04 9.999996e-01 -9.184154e-04 8.909051e-01 1.151838e-02 9.204830e-04 9.999332e-01 2.323906e+01
9.999765e-01 -3.185306e-04 6.852654e-03 -1.723005e+01 3.150156e-04 9.999998e-01 5.140412e-04 9.179389e-01 -6.852817e-03 -5.118697e-04 9.999764e-01 2.362148e+01
9.999348e-01 1.718960e-06 -1.141497e-02 -1.790874e+01 -1.572042e-05 9.999992e-01 -1.226480e-03 9.566649e-01 1.141496e-02 1.226578e-03 9.999341e-01 2.394779e+01
9.999792e-01 -1.345189e-04 6.453770e-03 -1.846176e+01 1.298796e-04 9.999997e-01 7.192916e-04 9.851684e-01 -6.453865e-03 -7.184377e-04 9.999789e-01 2.417841e+01
9.999317e-01 1.057485e-04 -1.168431e-02 -1.910166e+01 -1.275206e-04 9.999983e-01 -1.862607e-03 1.010717e+00 1.168410e-02 1.863969e-03 9.999300e-01 2.408720e+01
9.999831e-01 -1.707104e-05 5.808915e-03 -1.955566e+01 9.326128e-06 9.999991e-01 1.333344e-03 1.027022e+00 -5.808933e-03 -1.333266e-03 9.999822e-01 2.404127e+01
9.999343e-01 1.835705e-04 -1.146543e-02 -1.967754e+01 -1.949403e-04 9.999995e-01 -9.905350e-04 1.029890e+00 1.146525e-02 9.927043e-04 9.999338e-01 2.431398e+01
9.999907e-01 8.936149e-05 4.304419e-03 -1.959471e+01 -9.580759e-05 9.999989e-01 1.497422e-03 1.018522e+00 -4.304280e-03 -1.497820e-03 9.999896e-01 2.466252e+01
9.999492e-01 1.469291e-04 -1.007782e-02 -1.972050e+01 -1.602126e-04 9.999991e-01 -1.317282e-03 1.018092e+00 1.007762e-02 1.318829e-03 9.999483e-01 2.496538e+01
9.999915e-01 3.858217e-06 4.133849e-03 -2.014218e+01 -7.221908e-06 9.999997e-01 8.137354e-04 1.032174e+00 -4.133844e-03 -8.137577e-04 9.999911e-01 2.494602e+01
9.999519e-01 1.396693e-04 -9.802715e-03 -2.043293e+01 -1.487439e-04 9.999996e-01 -9.249791e-04 1.041646e+00 9.802581e-03 9.263921e-04 9.999515e-01 2.506386e+01
9.999950e-01 3.422297e-04 3.159586e-03 -2.058894e+01 -3.442544e-04 9.999997e-01 6.403840e-04 1.045092e+00 -3.159366e-03 -6.414678e-04 9.999948e-01 2.472501e+01
9.999482e-01 -1.528756e-04 -1.018116e-02 -2.085158e+01 1.463960e-04 9.999998e-01 -6.371510e-04 1.053182e+00 1.018125e-02 6.356268e-04 9.999480e-01 2.462169e+01
9.999885e-01 1.971575e-04 4.789276e-03 -2.123875e+01 -1.985644e-04 9.999999e-01 2.933340e-04 1.067608e+00 -4.789218e-03 -2.942810e-04 9.999885e-01 2.470188e+01
9.999447e-01 -2.574508e-05 -1.051872e-02 -2.133420e+01 2.474690e-05 1.000000e+00 -9.500337e-05 1.067813e+00 1.051872e-02 9.473714e-05 9.999447e-01 2.503740e+01
9.999899e-01 3.778637e-04 4.469920e-03 -2.137978e+01 -3.792137e-04 9.999999e-01 3.012272e-04 1.061033e+00 -4.469805e-03 -3.029186e-04 9.999900e-01 2.531383e+01
9.999403e-01 -1.460541e-04 -1.092555e-02 -2.154528e+01 1.447193e-04 1.000000e+00 -1.229450e-04 1.062249e+00 1.092557e-02 1.213558e-04 9.999403e-01 2.536915e+01
9.999908e-01 2.798674e-04 4.288610e-03 -2.177258e+01 -2.809926e-04 9.999999e-01 2.618212e-04 1.067790e+00 -4.288537e-03 -2.630232e-04 9.999908e-01 2.538922e+01
9.999433e-01 6.431397e-05 -1.064845e-02 -2.180744e+01 -6.297475e-05 1.000000e+00 1.261248e-04 1.060891e+00 1.064846e-02 -1.254478e-04 9.999433e-01 2.566036e+01
9.999984e-01 1.692738e-04 1.761221e-03 -2.154557e+01 -1.705246e-04 9.999997e-01 7.101895e-04 1.040520e+00 -1.761100e-03 -7.104880e-04 9.999982e-01 2.600413e+01
9.999730e-01 2.882112e-04 -7.344116e-03 -2.142411e+01 -2.940476e-04 9.999996e-01 -7.936086e-04 1.021458e+00 7.343884e-03 7.957460e-04 9.999727e-01 2.661496e+01
1.000000e+00 -6.398813e-05 9.460779e-05 -2.139645e+01 6.386437e-05 9.999991e-01 1.310216e-03 1.017248e+00 -9.469127e-05 -1.310209e-03 9.999991e-01 2.686606e+01
9.999570e-01 5.708316e-04 -9.258168e-03 -2.130577e+01 -5.769123e-04 9.999996e-01 -6.541010e-04 1.018971e+00 9.257791e-03 6.594133e-04 9.999569e-01 2.640429e+01
9.999967e-01 7.754951e-05 2.563680e-03 -2.147477e+01 -7.812495e-05 1.000000e+00 2.244638e-04 1.028163e+00 -2.563663e-03 -2.246626e-04 9.999967e-01 2.574709e+01
9.999819e-01 2.702685e-04 -6.014759e-03 -2.148848e+01 -2.749892e-04 9.999997e-01 -7.840017e-04 1.014027e+00 6.014544e-03 7.856408e-04 9.999816e-01 2.653243e+01
9.999998e-01 6.147880e-05 5.529847e-04 -2.138472e+01 -6.172336e-05 9.999999e-01 4.427220e-04 9.904994e-01 -5.529572e-04 -4.427554e-04 9.999997e-01 2.730685e+01
9.999734e-01 6.410703e-04 -7.272356e-03 -2.149359e+01 -6.456173e-04 9.999996e-01 -6.228754e-04 9.959896e-01 7.271954e-03 6.275533e-04 9.999734e-01 2.680977e+01
9.999999e-01 -4.927627e-05 -3.865031e-04 -2.145930e+01 4.956913e-05 9.999997e-01 7.570500e-04 9.985694e-01 3.864660e-04 -7.570684e-04 9.999996e-01 2.629317e+01
9.999865e-01 4.243560e-04 -5.179097e-03 -2.166777e+01 -4.310585e-04 9.999991e-01 -1.293051e-03 1.009846e+00 5.178543e-03 1.295266e-03 9.999858e-01 2.611072e+01
9.999977e-01 -1.150701e-03 1.837238e-03 -2.274732e+01 1.152083e-03 9.999991e-01 -7.510640e-04 1.062244e+00 -1.836372e-03 7.531795e-04 9.999980e-01 2.628149e+01
9.999785e-01 7.061295e-04 -6.513016e-03 -2.368904e+01 -7.117485e-04 9.999994e-01 -8.604108e-04 1.105623e+00 6.512404e-03 8.650273e-04 9.999784e-01 2.622131e+01
9.999936e-01 -3.680396e-04 -3.561466e-03 -2.352621e+01 3.744669e-04 9.999983e-01 1.804100e-03 1.112789e+00 3.560796e-03 -1.805421e-03 9.999920e-01 2.601604e+01
9.999864e-01 6.289710e-04 -5.176380e-03 -2.343613e+01 -6.339998e-04 9.999993e-01 -9.698689e-04 1.108544e+00 5.175767e-03 9.731369e-04 9.999861e-01 2.592502e+01
9.999930e-01 -5.083500e-04 -3.700817e-03 -2.344727e+01 5.141795e-04 9.999986e-01 1.574338e-03 1.111364e+00 3.700012e-03 -1.576229e-03 9.999919e-01 2.575887e+01
9.999907e-01 9.356475e-04 -4.201147e-03 -2.326389e+01 -9.391670e-04 9.999992e-01 -8.357876e-04 1.096966e+00 4.200362e-03 8.397248e-04 9.999908e-01 2.612004e+01
9.999954e-01 -3.019461e-04 -3.013962e-03 -2.289214e+01 3.032300e-04 9.999999e-01 4.254353e-04 1.055042e+00 3.013833e-03 -4.263466e-04 9.999954e-01 2.709434e+01
9.999773e-01 6.466148e-04 -6.711238e-03 -2.244764e+01 -6.477322e-04 9.999998e-01 -1.642809e-04 1.021631e+00 6.711130e-03 1.686236e-04 9.999775e-01 2.773437e+01
9.999909e-01 -4.180506e-04 -4.257173e-03 -2.220913e+01 4.239012e-04 9.999990e-01 1.373427e-03 1.018808e+00 4.256595e-03 -1.375218e-03 9.999900e-01 2.752730e+01
9.999965e-01 5.614531e-04 -2.591236e-03 -2.265203e+01 -5.677116e-04 9.999969e-01 -2.415029e-03 1.038572e+00 2.589872e-03 2.416490e-03 9.999937e-01 2.702158e+01
9.999950e-01 -6.175933e-04 -3.093194e-03 -2.326731e+01 6.218138e-04 9.999989e-01 1.363559e-03 1.060899e+00 3.092348e-03 -1.365475e-03 9.999943e-01 2.682364e+01
9.999921e-01 9.064919e-04 -3.879103e-03 -2.350099e+01 -9.128284e-04 9.999983e-01 -1.631962e-03 1.071103e+00 3.877617e-03 1.635489e-03 9.999911e-01 2.645755e+01
9.999889e-01 -3.158859e-04 -4.701977e-03 -2.340123e+01 3.244485e-04 9.999983e-01 1.820354e-03 1.076640e+00 4.701394e-03 -1.821858e-03 9.999873e-01 2.589733e+01
9.999901e-01 8.776485e-04 -4.370723e-03 -2.330675e+01 -8.843090e-04 9.999985e-01 -1.522113e-03 1.081202e+00 4.369381e-03 1.525962e-03 9.999893e-01 2.530839e+01
9.999896e-01 -4.623898e-04 -4.531504e-03 -2.324529e+01 4.712101e-04 9.999980e-01 1.945495e-03 1.084665e+00 4.530595e-03 -1.947610e-03 9.999878e-01 2.483597e+01
9.999888e-01 1.000429e-03 -4.632497e-03 -2.309261e+01 -1.006634e-03 9.999986e-01 -1.337229e-03 1.086271e+00 4.631153e-03 1.341877e-03 9.999884e-01 2.434068e+01
9.999903e-01 -5.023783e-04 -4.366901e-03 -2.291866e+01 5.114291e-04 9.999977e-01 2.071643e-03 1.084288e+00 4.365851e-03 -2.073855e-03 9.999883e-01 2.411538e+01
9.999951e-01 1.010812e-03 -2.976457e-03 -2.286194e+01 -1.015708e-03 9.999981e-01 -1.643693e-03 1.082457e+00 2.974790e-03 1.646708e-03 9.999942e-01 2.398749e+01
9.999916e-01 -5.328680e-04 -4.072220e-03 -2.288405e+01 5.402422e-04 9.999982e-01 1.809877e-03 1.080254e+00 4.071248e-03 -1.812061e-03 9.999901e-01 2.397101e+01
9.999976e-01 1.189359e-03 -1.823184e-03 -2.263692e+01 -1.193572e-03 9.999966e-01 -2.310839e-03 1.044801e+00 1.820429e-03 2.313009e-03 9.999957e-01 2.495166e+01
9.999842e-01 -7.620235e-04 -5.573825e-03 -2.233648e+01 7.724592e-04 9.999980e-01 1.870296e-03 1.005482e+00 5.572388e-03 -1.874571e-03 9.999827e-01 2.587408e+01
9.999953e-01 1.170547e-03 -2.817255e-03 -2.215845e+01 -1.173705e-03 9.999987e-01 -1.119569e-03 9.940024e-01 2.815941e-03 1.122870e-03 9.999954e-01 2.600925e+01
9.999799e-01 -7.449393e-04 -6.299869e-03 -2.191334e+01 7.581274e-04 9.999975e-01 2.091219e-03 9.843746e-01 6.298296e-03 -2.095953e-03 9.999780e-01 2.601384e+01
9.999948e-01 1.169466e-03 -3.014889e-03 -2.168665e+01 -1.172889e-03 9.999987e-01 -1.133779e-03 9.748403e-01 3.013558e-03 1.137309e-03 9.999948e-01 2.602148e+01
9.999972e-01 -5.962704e-04 -2.309838e-03 -2.147586e+01 5.974136e-04 9.999997e-01 4.941222e-04 9.411337e-01 2.309543e-03 -4.955001e-04 9.999972e-01 2.697741e+01
9.999929e-01 1.170070e-03 -3.577397e-03 -2.118677e+01 -1.175297e-03 9.999982e-01 -1.459186e-03 8.952633e-01 3.575683e-03 1.463379e-03 9.999925e-01 2.822209e+01
9.999873e-01 -8.609898e-04 -4.966143e-03 -2.071847e+01 8.665969e-04 9.999990e-01 1.126961e-03 8.501510e-01 4.965168e-03 -1.131249e-03 9.999870e-01 2.938844e+01
9.999990e-01 1.435633e-03 -1.283632e-04 -2.049241e+01 -1.435872e-03 9.999972e-01 -1.876628e-03 8.122283e-01 1.256685e-04 1.876810e-03 9.999982e-01 3.041328e+01
9.999955e-01 -1.557455e-03 -2.545140e-03 -2.093370e+01 1.560707e-03 9.999980e-01 1.276053e-03 8.365252e-01 2.543148e-03 -1.280019e-03 9.999959e-01 3.112414e+01
9.999992e-01 1.270348e-03 -1.675111e-04 -2.144546e+01 -1.270688e-03 9.999971e-01 -2.044220e-03 8.680080e-01 1.649135e-04 2.044430e-03 9.999979e-01 3.186429e+01
9.999949e-01 -1.723515e-03 -2.689368e-03 -2.219778e+01 1.726517e-03 9.999979e-01 1.114425e-03 9.127774e-01 2.687441e-03 -1.119062e-03 9.999958e-01 3.244197e+01
9.999993e-01 9.908614e-04 6.946248e-04 -2.319839e+01 -9.890252e-04 9.999960e-01 -2.639273e-03 9.760915e-01 -6.972374e-04 2.638584e-03 9.999963e-01 3.312359e+01
9.999863e-01 -9.620360e-04 -5.148164e-03 -2.349482e+01 9.748029e-04 9.999965e-01 2.477883e-03 9.903490e-01 5.145762e-03 -2.482866e-03 9.999837e-01 3.354521e+01
9.999979e-01 7.956599e-04 1.894328e-03 -2.397513e+01 -7.897714e-04 9.999949e-01 -3.107389e-03 1.016181e+00 -1.896791e-03 3.105886e-03 9.999934e-01 3.403152e+01
9.999728e-01 -8.081547e-04 -7.331122e-03 -2.427622e+01 8.296224e-04 9.999954e-01 2.925694e-03 1.028785e+00 7.328723e-03 -2.931695e-03 9.999688e-01 3.425391e+01
9.999994e-01 1.068409e-03 1.938943e-04 -2.444805e+01 -1.067836e-03 9.999951e-01 -2.933646e-03 1.033857e+00 -1.970279e-04 2.933437e-03 9.999957e-01 3.411623e+01
9.999881e-01 -1.249791e-03 -4.707102e-03 -2.500638e+01 1.260884e-03 9.999964e-01 2.354242e-03 1.062080e+00 4.704143e-03 -2.360149e-03 9.999862e-01 3.437834e+01
9.999981e-01 6.824585e-04 1.825239e-03 -2.597176e+01 -6.754993e-04 9.999925e-01 -3.810883e-03 1.119482e+00 -1.827827e-03 3.809642e-03 9.999911e-01 3.489358e+01
9.999917e-01 -1.258588e-03 -3.877021e-03 -2.693242e+01 1.266847e-03 9.999969e-01 2.128407e-03 1.174693e+00 3.874330e-03 -2.133300e-03 9.999902e-01 3.544159e+01
9.999978e-01 9.604565e-04 1.846638e-03 -2.766346e+01 -9.537870e-04 9.999930e-01 -3.609358e-03 1.208454e+00 -1.850092e-03 3.607588e-03 9.999918e-01 3.599980e+01
9.999922e-01 -1.472129e-03 -3.672725e-03 -2.858632e+01 1.479528e-03 9.999969e-01 2.012540e-03 1.258310e+00 3.669751e-03 -2.017958e-03 9.999912e-01 3.661745e+01
9.999965e-01 9.133000e-04 2.473877e-03 -2.949601e+01 -9.040572e-04 9.999926e-01 -3.734839e-03 1.310714e+00 -2.477270e-03 3.732589e-03 9.999900e-01 3.740130e+01
9.999944e-01 -1.710087e-03 -2.891659e-03 -3.064324e+01 1.715270e-03 9.999969e-01 1.790732e-03 1.380443e+00 2.888588e-03 -1.795681e-03 9.999942e-01 3.827924e+01
9.999974e-01 1.016944e-03 2.046747e-03 -3.171423e+01 -1.009294e-03 9.999925e-01 -3.735279e-03 1.447044e+00 -2.050531e-03 3.733203e-03 9.999909e-01 3.914602e+01
9.999903e-01 -1.334218e-03 -4.199056e-03 -3.231503e+01 1.345846e-03 9.999953e-01 2.767538e-03 1.480389e+00 4.195344e-03 -2.773162e-03 9.999874e-01 3.985447e+01
9.999992e-01 1.097640e-03 5.505274e-04 -3.281677e+01 -1.095756e-03 9.999936e-01 -3.411475e-03 1.508182e+00 -5.542686e-04 3.410869e-03 9.999940e-01 4.036203e+01
9.999901e-01 -1.360211e-03 -4.246333e-03 -3.343513e+01 1.371767e-03 9.999954e-01 2.719455e-03 1.541538e+00 4.242614e-03 -2.725252e-03 9.999873e-01 4.077907e+01
9.999995e-01 1.019262e-03 -1.857659e-04 -3.416750e+01 -1.019953e-03 9.999924e-01 -3.754809e-03 1.581211e+00 1.819372e-04 3.754996e-03 9.999929e-01 4.105318e+01
9.999906e-01 -1.163198e-03 -4.166401e-03 -3.475130e+01 1.175870e-03 9.999947e-01 3.040344e-03 1.609108e+00 4.162842e-03 -3.045214e-03 9.999867e-01 4.127514e+01
9.999955e-01 6.551592e-04 2.938387e-03 -3.548767e+01 -6.431064e-04 9.999914e-01 -4.101035e-03 1.652922e+00 -2.941049e-03 4.099126e-03 9.999873e-01 4.209505e+01
9.999859e-01 -1.227229e-03 -5.158716e-03 -3.651016e+01 1.239211e-03 9.999965e-01 2.320123e-03 1.713104e+00 5.155851e-03 -2.326483e-03 9.999840e-01 4.269664e+01
9.999991e-01 1.160038e-03 6.843611e-04 -3.697801e+01 -1.158084e-03 9.999953e-01 -2.849337e-03 1.734788e+00 -6.876634e-04 2.848542e-03 9.999957e-01 4.297647e+01
9.999845e-01 -1.320770e-03 -5.412162e-03 -3.750437e+01 1.333618e-03 9.999963e-01 2.370955e-03 1.762986e+00 5.409011e-03 -2.378136e-03 9.999825e-01 4.328472e+01
9.999967e-01 7.146545e-04 2.467088e-03 -3.843933e+01 -7.056367e-04 9.999931e-01 -3.654328e-03 1.819284e+00 -2.469683e-03 3.652574e-03 9.999903e-01 4.376946e+01
9.999790e-01 -1.187669e-03 -6.365400e-03 -3.925766e+01 1.203839e-03 9.999961e-01 2.537040e-03 1.867573e+00 6.362362e-03 -2.544649e-03 9.999765e-01 4.414793e+01
9.999980e-01 9.882990e-04 1.712200e-03 -3.988273e+01 -9.825930e-04 9.999940e-01 -3.330410e-03 1.899058e+00 -1.715481e-03 3.328720e-03 9.999930e-01 4.432274e+01
9.999781e-01 -1.094589e-03 -6.533946e-03 -4.039562e+01 1.112905e-03 9.999955e-01 2.800177e-03 1.923814e+00 6.530851e-03 -2.807386e-03 9.999747e-01 4.453740e+01
9.999957e-01 7.346300e-04 2.834126e-03 -4.113766e+01 -7.239687e-04 9.999927e-01 -3.761076e-03 1.966600e+00 -2.836869e-03 3.759008e-03 9.999889e-01 4.497371e+01
9.999675e-01 -1.286990e-03 -7.959554e-03 -4.191733e+01 1.308273e-03 9.999956e-01 2.669144e-03 2.011132e+00 7.956084e-03 -2.679470e-03 9.999648e-01 4.519404e+01
9.999983e-01 1.458191e-03 1.095181e-03 -4.228809e+01 -1.454423e-03 9.999930e-01 -3.433668e-03 2.033539e+00 -1.100181e-03 3.432069e-03 9.999935e-01 4.475331e+01
9.999387e-01 -1.113301e-03 -1.101632e-02 -4.215281e+01 1.156997e-03 9.999915e-01 3.960918e-03 2.040811e+00 1.101182e-02 -3.973421e-03 9.999315e-01 4.412145e+01
9.999705e-01 7.372330e-04 7.651545e-03 -4.287927e+01 -6.998042e-04 9.999878e-01 -4.893241e-03 2.080475e+00 -7.655059e-03 4.887741e-03 9.999588e-01 4.447409e+01
9.999523e-01 -1.473857e-03 -9.656987e-03 -4.386582e+01 1.506901e-03 9.999930e-01 3.415328e-03 2.144784e+00 9.651886e-03 -3.429716e-03 9.999475e-01 4.516812e+01
9.999851e-01 1.387368e-03 5.284182e-03 -4.430916e+01 -1.366841e-03 9.999915e-01 -3.886223e-03 2.166857e+00 -5.289529e-03 3.878941e-03 9.999785e-01 4.551639e+01
9.999421e-01 -1.369409e-03 -1.067272e-02 -4.474615e+01 1.406154e-03 9.999931e-01 3.436091e-03 2.184547e+00 1.066794e-02 -3.450899e-03 9.999371e-01 4.563572e+01
9.999937e-01 1.434847e-03 3.243146e-03 -4.507416e+01 -1.423000e-03 9.999923e-01 -3.652429e-03 2.199612e+00 -3.248362e-03 3.647791e-03 9.999881e-01 4.543335e+01
9.999216e-01 -9.184527e-04 -1.248861e-02 -4.503385e+01 9.689052e-04 9.999914e-01 4.034397e-03 2.205258e+00 1.248480e-02 -4.046181e-03 9.999139e-01 4.477690e+01
9.999941e-01 1.753088e-03 2.965191e-03 -4.480985e+01 -1.742589e-03 9.999922e-01 -3.539546e-03 2.210614e+00 -2.971373e-03 3.534357e-03 9.999893e-01 4.396210e+01
9.999338e-01 -9.109477e-04 -1.146637e-02 -4.469160e+01 9.517995e-04 9.999932e-01 3.557763e-03 2.216798e+00 1.146305e-02 -3.568441e-03 9.999279e-01 4.311279e+01
9.999944e-01 1.473792e-03 2.989564e-03 -4.456509e+01 -1.464997e-03 9.999946e-01 -2.941943e-03 2.214977e+00 -2.993884e-03 2.937546e-03 9.999912e-01 4.300111e+01
9.999570e-01 -1.011889e-03 -9.216249e-03 -4.452493e+01 1.039745e-03 9.999949e-01 3.018187e-03 2.205128e+00 9.213148e-03 -3.027639e-03 9.999530e-01 4.333754e+01
9.999976e-01 1.266973e-03 1.768290e-03 -4.461050e+01 -1.261788e-03 9.999949e-01 -2.930283e-03 2.209162e+00 -1.771994e-03 2.928044e-03 9.999941e-01 4.320688e+01
9.999571e-01 -1.048389e-03 -9.202571e-03 -4.480511e+01 1.075438e-03 9.999951e-01 2.934767e-03 2.218979e+00 9.199450e-03 -2.944537e-03 9.999533e-01 4.295065e+01
9.999934e-01 1.210363e-03 3.419647e-03 -4.519096e+01 -1.198838e-03 9.999936e-01 -3.370296e-03 2.231500e+00 -3.423704e-03 3.366174e-03 9.999885e-01 4.297812e+01
9.999418e-01 -1.060384e-03 -1.073407e-02 -4.543380e+01 1.095828e-03 9.999940e-01 3.296649e-03 2.240207e+00 1.073051e-02 -3.308220e-03 9.999370e-01 4.286246e+01
9.999984e-01 1.755492e-03 4.579085e-04 -4.515518e+01 -1.754399e-03 9.999956e-01 -2.377760e-03 2.237131e+00 -4.620807e-04 2.376952e-03 9.999971e-01 4.241957e+01
9.999383e-01 -1.109425e-03 -1.105034e-02 -4.486350e+01 1.146806e-03 9.999936e-01 3.377043e-03 2.236399e+00 1.104653e-02 -3.389507e-03 9.999332e-01 4.185365e+01
9.999952e-01 2.025499e-03 2.356807e-03 -4.465323e+01 -2.018383e-03 9.999934e-01 -3.018006e-03 2.241319e+00 -2.362904e-03 3.013234e-03 9.999927e-01 4.099284e+01
9.999351e-01 -1.192945e-03 -1.132763e-02 -4.439921e+01 1.233614e-03 9.999928e-01 3.583872e-03 2.243332e+00 1.132327e-02 -3.597612e-03 9.999294e-01 4.039485e+01
9.999920e-01 1.961449e-03 3.484267e-03 -4.429840e+01 -1.950493e-03 9.999932e-01 -3.145229e-03 2.242406e+00 -3.490412e-03 3.138408e-03 9.999890e-01 4.000579e+01
9.999352e-01 -1.096003e-03 -1.133097e-02 -4.414732e+01 1.134348e-03 9.999937e-01 3.378188e-03 2.244206e+00 1.132720e-02 -3.390822e-03 9.999301e-01 3.933127e+01
9.999945e-01 1.633661e-03 2.872809e-03 -4.399575e+01 -1.625489e-03 9.999946e-01 -2.844845e-03 2.240230e+00 -2.877441e-03 2.840159e-03 9.999918e-01 3.900973e+01
9.999243e-01 -1.423287e-03 -1.222141e-02 -4.387019e+01 1.470723e-03 9.999914e-01 3.873225e-03 2.237205e+00 1.221580e-02 -3.890906e-03 9.999178e-01 3.898763e+01
9.999934e-01 1.999596e-03 3.043230e-03 -4.367853e+01 -1.990258e-03 9.999933e-01 -3.068341e-03 2.233049e+00 -3.049345e-03 3.062263e-03 9.999907e-01 3.870842e+01
9.999178e-01 -1.469752e-03 -1.273995e-02 -4.344501e+01 1.519416e-03 9.999913e-01 3.889425e-03 2.228279e+00 1.273413e-02 -3.908462e-03 9.999113e-01 3.846118e+01
9.999893e-01 1.915710e-03 4.201119e-03 -4.346736e+01 -1.901050e-03 9.999921e-01 -3.490855e-03 2.233232e+00 -4.207773e-03 3.482830e-03 9.999851e-01 3.806063e+01
9.999072e-01 -1.509175e-03 -1.353752e-02 -4.341947e+01 1.564553e-03 9.999904e-01 4.080991e-03 2.234699e+00 1.353123e-02 -4.101792e-03 9.999000e-01 3.775349e+01
9.999912e-01 2.024232e-03 3.671974e-03 -4.325566e+01 -2.012145e-03 9.999926e-01 -3.292627e-03 2.237773e+00 -3.678611e-03 3.285209e-03 9.999878e-01 3.724712e+01
9.997578e-01 -1.516177e-03 -2.195400e-02 -4.215586e+01 1.627741e-03 9.999858e-01 5.064725e-03 2.194090e+00 2.194601e-02 -5.099233e-03 9.997462e-01 3.740023e+01
9.999930e-01 1.975489e-03 3.168469e-03 -4.113595e+01 -1.965450e-03 9.999930e-01 -3.168616e-03 2.164168e+00 -3.174706e-03 3.162366e-03 9.999900e-01 3.743517e+01
9.999208e-01 -1.234984e-03 -1.252510e-02 -4.098144e+01 1.277430e-03 9.999935e-01 3.381383e-03 2.171113e+00 1.252085e-02 -3.397115e-03 9.999158e-01 3.651064e+01
9.999953e-01 1.944436e-03 2.370839e-03 -4.064891e+01 -1.938734e-03 9.999952e-01 -2.405199e-03 2.166738e+00 -2.375504e-03 2.400590e-03 9.999943e-01 3.612283e+01
9.999637e-01 -1.608605e-03 -8.371193e-03 -4.061812e+01 1.630365e-03 9.999953e-01 2.593218e-03 2.155927e+00 8.366983e-03 -2.606772e-03 9.999616e-01 3.655994e+01
9.999967e-01 1.718306e-03 1.911262e-03 -4.075104e+01 -1.713218e-03 9.999950e-01 -2.660943e-03 2.156744e+00 -1.915824e-03 2.657659e-03 9.999946e-01 3.683483e+01
9.999430e-01 -1.315969e-03 -1.059867e-02 -4.073179e+01 1.348427e-03 9.999944e-01 3.055814e-03 2.160275e+00 1.059459e-02 -3.069931e-03 9.999392e-01 3.653352e+01
9.999980e-01 1.712066e-03 1.016503e-03 -4.050348e+01 -1.709965e-03 9.999964e-01 -2.065040e-03 2.154921e+00 -1.020035e-03 2.063297e-03 9.999974e-01 3.640907e+01
9.999447e-01 -1.429051e-03 -1.042202e-02 -4.026855e+01 1.460239e-03 9.999945e-01 2.985410e-03 2.141686e+00 1.041770e-02 -3.000463e-03 9.999412e-01 3.659694e+01
9.999982e-01 1.838446e-03 -4.110875e-04 -3.996549e+01 -1.839202e-03 9.999966e-01 -1.846305e-03 2.130551e+00 4.076917e-04 1.847057e-03 9.999982e-01 3.673881e+01
9.999544e-01 -1.319999e-03 -9.459642e-03 -3.970532e+01 1.344718e-03 9.999957e-01 2.607177e-03 2.126091e+00 9.456160e-03 -2.619778e-03 9.999519e-01 3.650781e+01
9.999951e-01 1.650542e-03 2.645491e-03 -3.964001e+01 -1.644873e-03 9.999963e-01 -2.143692e-03 2.117306e+00 -2.649020e-03 2.139329e-03 9.999942e-01 3.679694e+01
9.999507e-01 -1.407433e-03 -9.831971e-03 -3.956905e+01 1.432756e-03 9.999957e-01 2.569003e-03 2.108893e+00 9.828313e-03 -2.582963e-03 9.999484e-01 3.717876e+01
9.999985e-01 1.710792e-03 -7.973884e-05 -3.929512e+01 -1.710915e-03 9.999973e-01 -1.562218e-03 2.094433e+00 7.706595e-05 1.562352e-03 9.999988e-01 3.734551e+01
9.999584e-01 -1.417528e-03 -9.006198e-03 -3.907188e+01 1.439287e-03 9.999961e-01 2.409976e-03 2.078564e+00 9.002746e-03 -2.422838e-03 9.999565e-01 3.761138e+01
9.999961e-01 2.013256e-03 -1.956431e-03 -3.868922e+01 -2.016467e-03 9.999966e-01 -1.640068e-03 2.058171e+00 1.953123e-03 1.644006e-03 9.999967e-01 3.793962e+01
9.999913e-01 -2.005564e-03 -3.655942e-03 -3.894683e+01 2.012230e-03 9.999963e-01 1.820316e-03 2.076017e+00 3.652278e-03 -1.827657e-03 9.999917e-01 3.838319e+01
9.999973e-01 1.681180e-03 -1.576191e-03 -3.944033e+01 -1.684071e-03 9.999969e-01 -1.834884e-03 2.113075e+00 1.573101e-03 1.837533e-03 9.999971e-01 3.884513e+01
9.999272e-01 -1.122910e-03 -1.201421e-02 -3.891896e+01 1.164680e-03 9.999933e-01 3.470248e-03 2.099952e+00 1.201023e-02 -3.483987e-03 9.999218e-01 3.872148e+01
9.999951e-01 1.708492e-03 -2.633140e-03 -3.828896e+01 -1.712656e-03 9.999973e-01 -1.579980e-03 2.086683e+00 2.630433e-03 1.584481e-03 9.999953e-01 3.848845e+01
9.999719e-01 -1.504621e-03 -7.341406e-03 -3.807487e+01 1.524662e-03 9.999951e-01 2.724999e-03 2.084441e+00 7.337270e-03 -2.736115e-03 9.999693e-01 3.848195e+01
9.999894e-01 1.716239e-03 -4.280964e-03 -3.786307e+01 -1.722266e-03 9.999975e-01 -1.404482e-03 2.088870e+00 4.278543e-03 1.411839e-03 9.999899e-01 3.846060e+01
9.998838e-01 -1.268749e-03 -1.518845e-02 -3.680189e+01 1.322550e-03 9.999929e-01 3.532649e-03 2.053177e+00 1.518386e-02 -3.552325e-03 9.998784e-01 3.850820e+01
9.999868e-01 1.666342e-03 -4.858863e-03 -3.573737e+01 -1.673632e-03 9.999975e-01 -1.496496e-03 2.017762e+00 4.856358e-03 1.504607e-03 9.999871e-01 3.868909e+01
9.999880e-01 -1.413746e-03 -4.700886e-03 -3.561506e+01 1.424794e-03 9.999962e-01 2.347513e-03 2.018952e+00 4.697550e-03 -2.354182e-03 9.999862e-01 3.873626e+01
9.999953e-01 1.780898e-03 -2.477550e-03 -3.572478e+01 -1.786325e-03 9.999960e-01 -2.189825e-03 2.025380e+00 2.473640e-03 2.194240e-03 9.999945e-01 3.845662e+01
9.999810e-01 -1.118244e-03 -6.055591e-03 -3.558169e+01 1.134594e-03 9.999957e-01 2.697133e-03 2.025644e+00 6.052549e-03 -2.703952e-03 9.999780e-01 3.802277e+01
9.999950e-01 1.744025e-03 -2.655292e-03 -3.544079e+01 -1.749540e-03 9.999963e-01 -2.076065e-03 2.024002e+00 2.651661e-03 2.080700e-03 9.999943e-01 3.761761e+01
9.999195e-01 -1.156303e-03 -1.263682e-02 -3.471379e+01 1.204663e-03 9.999920e-01 3.819952e-03 1.999258e+00 1.263230e-02 -3.834867e-03 9.999129e-01 3.753841e+01
9.999833e-01 1.616729e-03 -5.552691e-03 -3.377919e+01 -1.626044e-03 9.999973e-01 -1.673389e-03 1.971454e+00 5.549970e-03 1.682389e-03 9.999832e-01 3.750238e+01
9.999913e-01 -1.405921e-03 -3.926964e-03 -3.358893e+01 1.416467e-03 9.999954e-01 2.683828e-03 1.963709e+00 3.923173e-03 -2.689367e-03 9.999887e-01 3.760211e+01
9.999866e-01 1.701449e-03 -4.890734e-03 -3.365313e+01 -1.711978e-03 9.999962e-01 -2.149352e-03 1.969851e+00 4.887058e-03 2.157696e-03 9.999857e-01 3.720134e+01
9.999923e-01 -7.367306e-04 -3.862761e-03 -3.349531e+01 7.449513e-04 9.999975e-01 2.127037e-03 1.978233e+00 3.861184e-03 -2.129898e-03 9.999903e-01 3.607390e+01
9.999889e-01 1.546535e-03 -4.440069e-03 -3.330336e+01 -1.554040e-03 9.999974e-01 -1.687171e-03 1.972663e+00 4.437448e-03 1.694052e-03 9.999887e-01 3.585995e+01
9.999914e-01 -1.070268e-03 -4.002859e-03 -3.310074e+01 1.079331e-03 9.999969e-01 2.262404e-03 1.955089e+00 4.000425e-03 -2.266705e-03 9.999894e-01 3.621099e+01
9.999607e-01 1.440001e-03 -8.750239e-03 -3.256211e+01 -1.448988e-03 9.999984e-01 -1.020783e-03 1.927478e+00 8.748755e-03 1.033422e-03 9.999612e-01 3.643645e+01
9.999927e-01 -1.091118e-03 -3.663962e-03 -3.212748e+01 1.100036e-03 9.999964e-01 2.432446e-03 1.913014e+00 3.661295e-03 -2.436458e-03 9.999903e-01 3.647511e+01
9.999863e-01 2.014269e-03 -4.827469e-03 -3.204747e+01 -2.025846e-03 9.999951e-01 -2.394431e-03 1.920694e+00 4.822622e-03 2.404177e-03 9.999855e-01 3.546335e+01
9.999866e-01 -1.136723e-03 -5.060092e-03 -3.155100e+01 1.151492e-03 9.999951e-01 2.916696e-03 1.890598e+00 5.056752e-03 -2.922483e-03 9.999829e-01 3.576299e+01
9.999924e-01 1.921100e-03 -3.381539e-03 -3.103461e+01 -1.929619e-03 9.999950e-01 -2.517542e-03 1.857813e+00 3.376685e-03 2.524047e-03 9.999911e-01 3.616687e+01
9.999839e-01 -1.145228e-03 -5.563633e-03 -3.082817e+01 1.161740e-03 9.999949e-01 2.965399e-03 1.861779e+00 5.560208e-03 -2.971814e-03 9.999801e-01 3.536147e+01
9.999782e-01 1.774949e-03 -6.366313e-03 -3.028652e+01 -1.785843e-03 9.999970e-01 -1.705763e-03 1.847414e+00 6.363266e-03 1.717095e-03 9.999783e-01 3.521149e+01
9.999911e-01 -1.481715e-03 -3.958686e-03 -2.996456e+01 1.491967e-03 9.999955e-01 2.588009e-03 1.831639e+00 3.954833e-03 -2.593891e-03 9.999888e-01 3.549619e+01
9.999513e-01 1.823054e-03 -9.699620e-03 -2.939092e+01 -1.835720e-03 9.999975e-01 -1.296958e-03 1.805914e+00 9.697231e-03 1.314700e-03 9.999521e-01 3.575029e+01
9.999921e-01 -1.480717e-03 -3.680947e-03 -2.886684e+01 1.490388e-03 9.999954e-01 2.625777e-03 1.784812e+00 3.677042e-03 -2.631242e-03 9.999898e-01 3.591118e+01
9.999845e-01 1.990170e-03 -5.197612e-03 -2.887459e+01 -2.001241e-03 9.999957e-01 -2.125423e-03 1.789133e+00 5.193360e-03 2.135791e-03 9.999842e-01 3.543534e+01
9.999841e-01 -1.535855e-03 -5.424052e-03 -2.844130e+01 1.554028e-03 9.999932e-01 3.347798e-03 1.771793e+00 5.418873e-03 -3.356173e-03 9.999797e-01 3.538348e+01
9.997383e-01 2.117047e-03 -2.277795e-02 -2.655095e+01 -2.131952e-03 9.999975e-01 -6.300819e-04 1.681135e+00 2.277656e-02 6.784781e-04 9.997404e-01 3.609825e+01
