9.999806e-01 6.442165e-04 -6.191188e-03 3.112011e-01 -6.507442e-04 9.999992e-01 -1.052396e-03 -3.488498e-02 6.190505e-03 1.056404e-03 9.999803e-01 1.336486e+00
9.999996e-01 5.387822e-04 -6.845291e-04 8.088125e-01 -5.391623e-04 9.999997e-01 -5.553015e-04 -8.733975e-02 6.842301e-04 5.556711e-04 9.999996e-01 3.045576e+00
9.999830e-01 3.892087e-05 -5.839042e-03 1.078537e+00 -3.706436e-05 9.999999e-01 3.180621e-04 -1.082308e-01 5.839054e-03 -3.178409e-04 9.999829e-01 3.663133e+00
9.999994e-01 6.706175e-04 -8.557748e-04 1.148337e+00 -6.706737e-04 9.999998e-01 -6.538785e-05 -1.084494e-01 8.557311e-04 6.596247e-05 9.999996e-01 3.445113e+00
9.999835e-01 -1.099888e-04 -5.748869e-03 1.230456e+00 1.118765e-04 9.999999e-01 3.280489e-04 -1.147939e-01 5.748832e-03 -3.286874e-04 9.999834e-01 3.468034e+00
9.999935e-01 8.312287e-04 -3.495450e-03 1.565489e+00 -8.301588e-04 9.999996e-01 3.075120e-04 -1.232791e-01 3.495705e-03 -3.046076e-04 9.999938e-01 3.110409e+00
9.999816e-01 3.660468e-04 -6.052441e-03 2.024081e+00 -3.642466e-04 9.999999e-01 2.985404e-04 -1.171821e-01 6.052550e-03 -2.963310e-04 9.999816e-01 1.930959e+00
9.999994e-01 6.728540e-04 -8.655139e-04 2.236506e+00 -6.729999e-04 9.999998e-01 -1.683436e-04 -1.155927e-01 8.654007e-04 1.689267e-04 9.999996e-01 1.185852e+00
9.999872e-01 -9.794814e-05 -5.067723e-03 2.181362e+00 9.844428e-05 1.000000e+00 9.766117e-05 -1.175717e-01 5.067713e-03 -9.815952e-05 9.999872e-01 1.089736e+00
9.999998e-01 3.945523e-04 -4.414459e-04 2.015371e+00 -3.947325e-04 9.999998e-01 -4.082223e-04 -1.191418e-01 4.412851e-04 4.083972e-04 9.999998e-01 1.302340e+00
9.999930e-01 -1.659377e-04 -3.733092e-03 1.759909e+00 1.640795e-04 9.999999e-01 -4.980385e-04 -1.190627e-01 3.733174e-03 4.974218e-04 9.999929e-01 2.078454e+00
9.999936e-01 6.638483e-04 -3.511483e-03 1.660559e+00 -6.617979e-04 9.999996e-01 5.850469e-04 -1.177902e-01 3.511871e-03 -5.827185e-04 9.999937e-01 1.584583e+00
9.999905e-01 1.100654e-04 -4.350456e-03 1.996689e+00 -1.122863e-04 9.999999e-01 -5.102415e-04 -1.358764e-01 4.350399e-03 5.107245e-04 9.999904e-01 1.675588e+00
9.999963e-01 5.391706e-04 -2.664246e-03 2.353599e+00 -5.374963e-04 9.999997e-01 6.290824e-04 -1.612391e-01 2.664584e-03 -6.276473e-04 9.999963e-01 2.075167e+00
9.999921e-01 1.104000e-04 -3.972850e-03 2.565573e+00 -1.125328e-04 9.999998e-01 -5.366052e-04 -1.787568e-01 3.972789e-03 5.370473e-04 9.999920e-01 2.414952e+00
9.999997e-01 4.610214e-04 -5.595660e-04 2.736178e+00 -4.613153e-04 9.999998e-01 -5.253408e-04 -2.112791e-01 5.593240e-04 5.255995e-04 9.999997e-01 3.657075e+00
9.999871e-01 -1.290512e-04 -5.087162e-03 2.932519e+00 1.300468e-04 1.000000e+00 1.953998e-04 -2.390961e-01 5.087136e-03 -1.960595e-04 9.999870e-01 4.488452e+00
9.999970e-01 8.764644e-04 -2.299234e-03 3.227767e+00 -8.758148e-04 9.999996e-01 2.834758e-04 -2.477670e-01 2.299482e-03 -2.814605e-04 9.999973e-01 4.156233e+00
9.999865e-01 1.009425e-04 -5.197719e-03 3.491048e+00 -1.005289e-04 1.000000e+00 7.984872e-05 -2.481135e-01 5.197727e-03 -7.932583e-05 9.999865e-01 3.400040e+00
9.999985e-01 7.234681e-04 -1.586835e-03 3.689256e+00 -7.231742e-04 9.999997e-01 1.857346e-04 -2.519035e-01 1.586970e-03 -1.845860e-04 9.999987e-01 2.815901e+00
9.999881e-01 4.041417e-05 -4.887353e-03 3.879487e+00 -4.020864e-05 1.000000e+00 4.216754e-05 -2.620677e-01 4.887354e-03 -4.197123e-05 9.999881e-01 2.610660e+00
9.999994e-01 6.635872e-04 8.483233e-04 4.016263e+00 -6.626716e-04 9.999992e-01 -1.078984e-03 -2.913690e-01 -8.490383e-04 1.078422e-03 9.999991e-01 3.790843e+00
9.999951e-01 1.184110e-04 -3.142239e-03 4.248889e+00 -1.229937e-04 9.999989e-01 -1.458221e-03 -3.410742e-01 3.142063e-03 1.458599e-03 9.999940e-01 5.941217e+00
9.999990e-01 9.934886e-04 -1.002688e-03 4.551875e+00 -9.941627e-04 9.999993e-01 -6.720836e-04 -3.896271e-01 1.002019e-03 6.730805e-04 9.999993e-01 7.809809e+00
9.999983e-01 -3.018358e-04 -1.799804e-03 4.627701e+00 3.002799e-04 9.999996e-01 -8.646215e-04 -4.197207e-01 1.800064e-03 8.640789e-04 9.999980e-01 9.292983e+00
9.999994e-01 1.069941e-03 -3.194962e-04 4.722202e+00 -1.070318e-03 9.999987e-01 -1.182120e-03 -4.535267e-01 3.182314e-04 1.182462e-03 9.999993e-01 1.107721e+01
9.999962e-01 -3.926253e-04 -2.740177e-03 4.803654e+00 3.911517e-04 9.999998e-01 -5.382706e-04 -4.839313e-01 2.740388e-03 5.371960e-04 9.999961e-01 1.261515e+01
9.999976e-01 8.905133e-04 -2.012892e-03 4.906056e+00 -8.907770e-04 9.999996e-01 -1.301213e-04 -5.075076e-01 2.012776e-03 1.319147e-04 9.999980e-01 1.363251e+01
9.999970e-01 -2.314938e-04 -2.442049e-03 5.034309e+00 2.295096e-04 9.999996e-01 -8.127206e-04 -5.337091e-01 2.442236e-03 8.121570e-04 9.999967e-01 1.476200e+01
9.999979e-01 8.906476e-04 -1.857669e-03 5.161454e+00 -8.911927e-04 9.999996e-01 -2.926869e-04 -5.636222e-01 1.857408e-03 2.943426e-04 9.999982e-01 1.598906e+01
9.999930e-01 -3.991497e-04 -3.722968e-03 5.281733e+00 3.990078e-04 9.999999e-01 -3.885793e-05 -5.873053e-01 3.722983e-03 3.737145e-05 9.999931e-01 1.679680e+01
9.999963e-01 1.018626e-03 -2.526279e-03 5.499941e+00 -1.017939e-03 9.999994e-01 2.733547e-04 -6.046954e-01 2.526556e-03 -2.707814e-04 9.999968e-01 1.707718e+01
9.999933e-01 -3.560354e-04 -3.644397e-03 5.610940e+00 3.556298e-04 9.999999e-01 -1.119175e-04 -6.153759e-01 3.644436e-03 1.106199e-04 9.999934e-01 1.718709e+01
9.999977e-01 9.146304e-04 -1.952830e-03 5.566816e+00 -9.146100e-04 9.999996e-01 1.128046e-05 -6.221544e-01 1.952840e-03 -9.493650e-06 9.999981e-01 1.729588e+01
9.999936e-01 -3.767493e-04 -3.544706e-03 5.501240e+00 3.757651e-04 9.999999e-01 -2.782989e-04 -6.270917e-01 3.544810e-03 2.769645e-04 9.999937e-01 1.740589e+01
9.999973e-01 8.761575e-04 -2.154075e-03 5.471055e+00 -8.755634e-04 9.999996e-01 2.767046e-04 -6.324427e-01 2.154317e-03 -2.748171e-04 9.999976e-01 1.749234e+01
9.999887e-01 -3.501220e-04 -4.739801e-03 5.509031e+00 3.503405e-04 9.999999e-01 4.528995e-05 -6.372565e-01 4.739785e-03 -4.695069e-05 9.999888e-01 1.726306e+01
9.999977e-01 9.303935e-04 -1.957428e-03 5.532584e+00 -9.299361e-04 9.999995e-01 2.345167e-04 -6.410129e-01 1.957646e-03 -2.326952e-04 9.999981e-01 1.697750e+01
9.999881e-01 -1.937814e-04 -4.868574e-03 5.509775e+00 1.923315e-04 9.999999e-01 -2.982525e-04 -6.399380e-01 4.868631e-03 2.973118e-04 9.999881e-01 1.638357e+01
9.999989e-01 7.845979e-04 -1.258967e-03 5.550191e+00 -7.841626e-04 9.999996e-01 3.461350e-04 -6.485421e-01 1.259238e-03 -3.451466e-04 9.999991e-01 1.646889e+01
9.999899e-01 -3.478617e-04 -4.491178e-03 5.563220e+00 3.467820e-04 9.999999e-01 -2.411499e-04 -6.605819e-01 4.491261e-03 2.395893e-04 9.999899e-01 1.686812e+01
9.999974e-01 8.529854e-04 -2.102076e-03 5.565177e+00 -8.520264e-04 9.999995e-01 4.569988e-04 -6.660316e-01 2.102465e-03 -4.552059e-04 9.999977e-01 1.676745e+01
9.999863e-01 -3.139619e-04 -5.223924e-03 5.689293e+00 3.143514e-04 9.999999e-01 7.375787e-05 -6.729300e-01 5.223900e-03 -7.539972e-05 9.999864e-01 1.664205e+01
9.999985e-01 7.536890e-04 -1.588061e-03 5.834701e+00 -7.534548e-04 9.999997e-01 1.480130e-04 -6.923204e-01 1.588172e-03 -1.468155e-04 9.999987e-01 1.709607e+01
9.999876e-01 -2.371286e-04 -4.971540e-03 5.948435e+00 2.380848e-04 1.000000e+00 1.917678e-04 -7.017420e-01 4.971494e-03 -1.929498e-04 9.999876e-01 1.709934e+01
9.999982e-01 7.598540e-04 -1.748667e-03 6.033624e+00 -7.595320e-04 9.999997e-01 1.847341e-04 -7.108398e-01 1.748807e-03 -1.834049e-04 9.999985e-01 1.719730e+01
9.999914e-01 -2.649376e-04 -4.130029e-03 6.084118e+00 2.645976e-04 1.000000e+00 -8.282861e-05 -7.226848e-01 4.130051e-03 8.173440e-05 9.999915e-01 1.764051e+01
9.999957e-01 6.867855e-04 -2.847976e-03 6.138620e+00 -6.854281e-04 9.999997e-01 4.775461e-04 -7.289639e-01 2.848303e-03 -4.755913e-04 9.999958e-01 1.780419e+01
9.999964e-01 -3.360789e-04 -2.664243e-03 6.074057e+00 3.351654e-04 9.999999e-01 -3.432582e-04 -7.326339e-01 2.664357e-03 3.423633e-04 9.999964e-01 1.816040e+01
9.999964e-01 7.885510e-04 -2.573663e-03 6.100071e+00 -7.878432e-04 9.999997e-01 2.759870e-04 -7.461839e-01 2.573880e-03 -2.739576e-04 9.999966e-01 1.878909e+01
9.999936e-01 -3.707434e-04 -3.552813e-03 6.145677e+00 3.705070e-04 9.999999e-01 -6.716198e-05 -7.579494e-01 3.552837e-03 6.584450e-05 9.999937e-01 1.923562e+01
9.999897e-01 9.542713e-04 -4.439403e-03 6.402167e+00 -9.513775e-04 9.999993e-01 6.538776e-04 -7.696266e-01 4.440024e-03 -6.496466e-04 9.999899e-01 1.937044e+01
9.999943e-01 -3.793230e-04 -3.367050e-03 6.668431e+00 3.784040e-04 9.999999e-01 -2.735225e-04 -7.835140e-01 3.367153e-03 2.722461e-04 9.999943e-01 1.968890e+01
9.999882e-01 1.082071e-03 -4.725506e-03 6.952046e+00 -1.077767e-03 9.999990e-01 9.132504e-04 -7.880400e-01 4.726490e-03 -9.081459e-04 9.999884e-01 1.925725e+01
9.999966e-01 -3.574937e-04 -2.594982e-03 7.149857e+00 3.562709e-04 9.999998e-01 -4.715982e-04 -7.954944e-01 2.595150e-03 4.706714e-04 9.999965e-01 1.907055e+01
9.999907e-01 8.807195e-04 -4.233679e-03 7.367485e+00 -8.775794e-04 9.999993e-01 7.434536e-04 -8.138599e-01 4.234331e-03 -7.397305e-04 9.999908e-01 1.943257e+01
9.999991e-01 -3.864577e-04 -1.268226e-03 7.491965e+00 3.851970e-04 9.999994e-01 -9.940066e-04 -8.352068e-01 1.268609e-03 9.935165e-04 9.999987e-01 2.013343e+01
9.999912e-01 9.189670e-04 -4.081578e-03 7.575271e+00 -9.159885e-04 9.999993e-01 7.315209e-04 -8.562976e-01 4.082248e-03 -7.277751e-04 9.999914e-01 2.084100e+01
9.999963e-01 -5.064089e-04 -2.674385e-03 7.679099e+00 5.057159e-04 9.999998e-01 -2.597386e-04 -8.671165e-01 2.674516e-03 2.583845e-04 9.999964e-01 2.090910e+01
9.999605e-01 1.461520e-03 -8.770228e-03 8.319636e+00 -1.448287e-03 9.999978e-01 1.514980e-03 -8.811495e-01 8.772423e-03 -1.502217e-03 9.999604e-01 2.058757e+01
9.999978e-01 -6.723176e-04 1.982111e-03 8.391794e+00 6.750092e-04 9.999989e-01 -1.357682e-03 -8.809176e-01 -1.981196e-03 1.359016e-03 9.999971e-01 2.005882e+01
9.999242e-01 1.524004e-03 -1.221760e-02 8.722870e+00 -1.499999e-03 9.999969e-01 1.973641e-03 -8.850424e-01 1.222057e-02 -1.955164e-03 9.999234e-01 1.955231e+01
9.999977e-01 -3.471891e-04 -2.092990e-03 9.520344e+00 3.465366e-04 9.999999e-01 -3.120074e-04 -8.940706e-01 2.093097e-03 3.112807e-04 9.999978e-01 1.897241e+01
9.999780e-01 1.115089e-03 -6.533618e-03 9.962883e+00 -1.108860e-03 9.999989e-01 9.569408e-04 -9.154870e-01 6.534679e-03 -9.496742e-04 9.999782e-01 1.915758e+01
9.999995e-01 -3.929087e-04 -9.303033e-04 1.025894e+01 3.922625e-04 9.999997e-01 -6.945039e-04 -9.310674e-01 9.305756e-04 6.941380e-04 9.999993e-01 1.931659e+01
9.999851e-01 9.381258e-04 -5.381052e-03 1.042193e+01 -9.325834e-04 9.999990e-01 1.032365e-03 -9.465856e-01 5.382016e-03 -1.027331e-03 9.999850e-01 1.962796e+01
9.999995e-01 -5.434427e-04 -8.128618e-04 1.043875e+01 5.428404e-04 9.999996e-01 -7.407772e-04 -9.542024e-01 8.132637e-04 7.403349e-04 9.999994e-01 2.003426e+01
9.999823e-01 1.070422e-03 -5.856019e-03 1.050732e+01 -1.063281e-03 9.999987e-01 1.222265e-03 -9.599713e-01 5.857320e-03 -1.216016e-03 9.999821e-01 2.010561e+01
9.999997e-01 -5.461372e-04 -5.027436e-04 1.060378e+01 5.457256e-04 9.999995e-01 -8.180893e-04 -9.706142e-01 5.031899e-04 8.178140e-04 9.999995e-01 2.034424e+01
9.999840e-01 1.098765e-03 -5.542239e-03 1.061976e+01 -1.092921e-03 9.999988e-01 1.057325e-03 -9.771002e-01 5.543395e-03 -1.051251e-03 9.999841e-01 2.049228e+01
9.999997e-01 -6.175470e-04 -3.646461e-04 1.055115e+01 6.171741e-04 9.999993e-01 -1.021303e-03 -9.801309e-01 3.652762e-04 1.021077e-03 9.999994e-01 2.070388e+01
9.999860e-01 1.081129e-03 -5.175264e-03 1.055125e+01 -1.075209e-03 9.999988e-01 1.146540e-03 -9.892293e-01 5.176498e-03 -1.140959e-03 9.999860e-01 2.119483e+01
9.999997e-01 -6.010081e-04 -5.480006e-04 1.056693e+01 6.004514e-04 9.999993e-01 -1.015088e-03 -9.997630e-01 5.486100e-04 1.014758e-03 9.999993e-01 2.167907e+01
9.999863e-01 1.144240e-03 -5.100526e-03 1.058637e+01 -1.138540e-03 9.999987e-01 1.120163e-03 -1.008579e+00 5.101802e-03 -1.114339e-03 9.999864e-01 2.188220e+01
9.999997e-01 -6.867423e-04 -4.077158e-04 1.052892e+01 6.862707e-04 9.999991e-01 -1.155216e-03 -1.014766e+00 4.085085e-04 1.154935e-03 9.999992e-01 2.231396e+01
9.999870e-01 1.201613e-03 -4.962343e-03 1.053220e+01 -1.195911e-03 9.999986e-01 1.151683e-03 -1.024680e+00 4.963721e-03 -1.145733e-03 9.999870e-01 2.287028e+01
9.999988e-01 -7.119655e-04 -1.393039e-03 1.054762e+01 7.106005e-04 9.999993e-01 -9.800107e-04 -1.033316e+00 1.393735e-03 9.790189e-04 9.999985e-01 2.325358e+01
9.999890e-01 1.238978e-03 -4.519851e-03 1.058330e+01 -1.233786e-03 9.999986e-01 1.151118e-03 -1.044742e+00 4.521271e-03 -1.145528e-03 9.999891e-01 2.371528e+01
9.999990e-01 -8.033423e-04 -1.186600e-03 1.055034e+01 8.020070e-04 9.999990e-01 -1.125145e-03 -1.052618e+00 1.187503e-03 1.124191e-03 9.999987e-01 2.412036e+01
9.999878e-01 1.369363e-03 -4.755932e-03 1.052390e+01 -1.363949e-03 9.999984e-01 1.141328e-03 -1.055409e+00 4.757488e-03 -1.134827e-03 9.999880e-01 2.407338e+01
9.999991e-01 -9.191615e-04 -9.631195e-04 1.040315e+01 9.179900e-04 9.999988e-01 -1.215847e-03 -1.055204e+00 9.642357e-04 1.214961e-03 9.999988e-01 2.422372e+01
9.999874e-01 1.357244e-03 -4.824486e-03 1.034924e+01 -1.350977e-03 9.999982e-01 1.302104e-03 -1.059764e+00 4.826245e-03 -1.295569e-03 9.999875e-01 2.456671e+01
9.999985e-01 -9.113669e-04 -1.457828e-03 1.026341e+01 9.097313e-04 9.999990e-01 -1.122061e-03 -1.059001e+00 1.458849e-03 1.120733e-03 9.999983e-01 2.463855e+01
9.999897e-01 1.410168e-03 -4.304212e-03 1.016244e+01 -1.405577e-03 9.999984e-01 1.069415e-03 -1.057215e+00 4.305713e-03 -1.063354e-03 9.999902e-01 2.473341e+01
9.999983e-01 -8.948383e-04 -1.596987e-03 1.016571e+01 8.933569e-04 9.999992e-01 -9.279572e-04 -1.065782e+00 1.597816e-03 9.265282e-04 9.999983e-01 2.518403e+01
9.999967e-01 1.578330e-03 -2.011933e-03 1.025508e+01 -1.578834e-03 9.999987e-01 -2.492073e-04 -1.094333e+00 2.011538e-03 2.523836e-04 9.999979e-01 2.644848e+01
9.999976e-01 -8.949302e-04 2.015735e-03 1.031069e+01 9.001225e-04 9.999963e-01 -2.576558e-03 -1.137233e+00 -2.013422e-03 2.578365e-03 9.999946e-01 2.866323e+01
9.999965e-01 1.569668e-03 -2.152636e-03 1.030773e+01 -1.569994e-03 9.999988e-01 -1.495999e-04 -1.173342e+00 2.152399e-03 1.529797e-04 9.999977e-01 3.078634e+01
9.999994e-01 -9.472797e-04 5.588442e-04 1.035546e+01 9.483412e-04 9.999977e-01 -1.902623e-03 -1.207845e+00 -5.570408e-04 1.903151e-03 9.999980e-01 3.253381e+01
9.999966e-01 1.587973e-03 -2.070981e-03 1.055032e+01 -1.589152e-03 9.999986e-01 -5.675879e-04 -1.257014e+00 2.070077e-03 5.708778e-04 9.999977e-01 3.463040e+01
9.999996e-01 -9.453768e-04 3.302474e-05 1.071694e+01 9.454324e-04 9.999981e-01 -1.732202e-03 -1.306306e+00 -3.138736e-05 1.732231e-03 9.999985e-01 3.652430e+01
9.999969e-01 1.524997e-03 -1.964430e-03 1.079418e+01 -1.525376e-03 9.999988e-01 -1.914577e-04 -1.343441e+00 1.964136e-03 1.944543e-04 9.999981e-01 3.823208e+01
9.999988e-01 -9.154285e-04 -1.234670e-03 1.083894e+01 9.137453e-04 9.999987e-01 -1.363016e-03 -1.373412e+00 1.235916e-03 1.361886e-03 9.999983e-01 3.968190e+01
9.999814e-01 1.383517e-03 -5.935321e-03 1.096524e+01 -1.373482e-03 9.999976e-01 1.694535e-03 -1.387900e+00 5.937651e-03 -1.686351e-03 9.999809e-01 4.009822e+01
9.999960e-01 -8.956829e-04 -2.678038e-03 1.117032e+01 8.933030e-04 9.999992e-01 -8.896569e-04 -1.398242e+00 2.678832e-03 8.872604e-04 9.999960e-01 4.013737e+01
9.999884e-01 1.649324e-03 -4.519619e-03 1.129089e+01 -1.643755e-03 9.999979e-01 1.235501e-03 -1.402396e+00 4.521648e-03 -1.228057e-03 9.999890e-01 3.982133e+01
9.999969e-01 -9.760754e-04 -2.298987e-03 1.139710e+01 9.739279e-04 9.999991e-01 -9.349482e-04 -1.408083e+00 2.299897e-03 9.327055e-04 9.999969e-01 3.966887e+01
9.999853e-01 1.672938e-03 -5.161746e-03 1.158036e+01 -1.665451e-03 9.999976e-01 1.454371e-03 -1.414977e+00 5.164167e-03 -1.445752e-03 9.999856e-01 3.965838e+01
9.999948e-01 -1.049498e-03 -3.041317e-03 1.182880e+01 1.046434e-03 9.999989e-01 -1.008848e-03 -1.430550e+00 3.042372e-03 1.005659e-03 9.999949e-01 4.001166e+01
9.999866e-01 1.603352e-03 -4.926384e-03 1.203833e+01 -1.596489e-03 9.999978e-01 1.396563e-03 -1.447909e+00 4.928613e-03 -1.388679e-03 9.999869e-01 4.039966e+01
9.999884e-01 -8.684515e-04 -4.731321e-03 1.241775e+01 8.664090e-04 9.999995e-01 -4.336725e-04 -1.460146e+00 4.731695e-03 4.295675e-04 9.999887e-01 4.027104e+01
9.999939e-01 1.557310e-03 -3.125586e-03 1.266007e+01 -1.553855e-03 9.999982e-01 1.107212e-03 -1.469919e+00 3.127305e-03 -1.102348e-03 9.999945e-01 4.022265e+01
9.999881e-01 -8.401113e-04 -4.795214e-03 1.288655e+01 8.375712e-04 9.999995e-01 -5.316615e-04 -1.480480e+00 4.795658e-03 5.276382e-04 9.999884e-01 4.015150e+01
9.999942e-01 1.515839e-03 -3.034505e-03 1.316162e+01 -1.512695e-03 9.999983e-01 1.038275e-03 -1.496763e+00 3.036074e-03 -1.033678e-03 9.999949e-01 4.035610e+01
9.999788e-01 -8.188024e-04 -6.463431e-03 1.349222e+01 8.182425e-04 9.999997e-01 -8.922892e-05 -1.505788e+00 6.463502e-03 8.393770e-05 9.999791e-01 4.015251e+01
9.999987e-01 1.484439e-03 -6.881253e-04 1.365682e+01 -1.484038e-03 9.999987e-01 5.833625e-04 -1.514576e+00 6.889906e-04 -5.823399e-04 9.999996e-01 4.002412e+01
9.999767e-01 -8.263754e-04 -6.779749e-03 1.381065e+01 8.251467e-04 9.999996e-01 -1.839886e-04 -1.519368e+00 6.779898e-03 1.783894e-04 9.999770e-01 3.962378e+01
9.999970e-01 1.681516e-03 -1.767315e-03 1.408014e+01 -1.680125e-03 9.999983e-01 7.880299e-04 -1.518663e+00 1.768637e-03 -7.850576e-04 9.999981e-01 3.893595e+01
9.999832e-01 -8.046541e-04 -5.737797e-03 1.427314e+01 8.021031e-04 9.999996e-01 -4.468385e-04 -1.516000e+00 5.738154e-03 4.422280e-04 9.999834e-01 3.818316e+01
9.999979e-01 1.685276e-03 -1.182002e-03 1.439391e+01 -1.684849e-03 9.999985e-01 3.623930e-04 -1.512336e+00 1.182612e-03 -3.604001e-04 9.999992e-01 3.733100e+01
9.999812e-01 -7.280630e-04 -6.087580e-03 1.449868e+01 7.243603e-04 9.999996e-01 -6.103722e-04 -1.506809e+00 6.088022e-03 6.059504e-04 9.999813e-01 3.634860e+01
9.999982e-01 1.735235e-03 -8.203366e-04 1.454980e+01 -1.735073e-03 9.999985e-01 1.976327e-04 -1.499918e+00 8.206785e-04 -1.962083e-04 9.999996e-01 3.531552e+01
9.999789e-01 -7.296279e-04 -6.448815e-03 1.466734e+01 7.275533e-04 9.999997e-01 -3.240050e-04 -1.493788e+00 6.449049e-03 3.193057e-04 9.999792e-01 3.433923e+01
9.999984e-01 1.739909e-03 -4.326647e-04 1.473928e+01 -1.739936e-03 9.999985e-01 -6.205517e-05 -1.486781e+00 4.325563e-04 6.280855e-05 9.999999e-01 3.330057e+01
9.999792e-01 -7.147439e-04 -6.407844e-03 1.479538e+01 7.118865e-04 9.999996e-01 -4.481478e-04 -1.478921e+00 6.408162e-03 4.435761e-04 9.999794e-01 3.220253e+01
9.999985e-01 1.747427e-03 -1.292179e-04 1.485045e+01 -1.747442e-03 9.999985e-01 -1.161825e-04 -1.470220e+00 1.290149e-04 1.164088e-04 1.000000e+00 3.103028e+01
9.999810e-01 -6.403394e-04 -6.122975e-03 1.482130e+01 6.349684e-04 9.999994e-01 -8.790442e-04 -1.459157e+00 6.123534e-03 8.751390e-04 9.999809e-01 2.971500e+01
9.999983e-01 1.798601e-03 -3.352469e-04 1.478582e+01 -1.798674e-03 9.999984e-01 -2.201867e-04 -1.446652e+00 3.348505e-04 2.207899e-04 9.999999e-01 2.831274e+01
9.999786e-01 -6.253108e-04 -6.506241e-03 1.484527e+01 6.218568e-04 9.999997e-01 -5.328520e-04 -1.435171e+00 6.506572e-03 5.287940e-04 9.999787e-01 2.697590e+01
9.999983e-01 1.740020e-03 -5.777486e-04 1.497597e+01 -1.739942e-03 9.999985e-01 1.349465e-04 -1.425900e+00 5.779827e-04 -1.339404e-04 9.999998e-01 2.578749e+01
9.999780e-01 -5.954384e-04 -6.607801e-03 1.511129e+01 5.913839e-04 9.999996e-01 -6.154911e-04 -1.415410e+00 6.608165e-03 6.115691e-04 9.999780e-01 2.450149e+01
9.999962e-01 1.631072e-03 -2.244840e-03 1.546355e+01 -1.628753e-03 9.999981e-01 1.034464e-03 -1.407742e+00 2.246523e-03 -1.030803e-03 9.999969e-01 2.338113e+01
9.999896e-01 -4.642778e-04 -4.543686e-03 1.552753e+01 4.557637e-04 9.999981e-01 -1.874619e-03 -1.395830e+00 4.544548e-03 1.872528e-03 9.999879e-01 2.199149e+01
9.999819e-01 1.542827e-03 -5.821935e-03 1.612830e+01 -1.528110e-03 9.999956e-01 2.531405e-03 -1.422755e+00 5.825815e-03 -2.522461e-03 9.999798e-01 2.203855e+01
9.999993e-01 -6.559305e-04 -9.883415e-04 1.669413e+01 6.532157e-04 9.999960e-01 -2.744311e-03 -1.462969e+00 9.901375e-04 2.743663e-03 9.999957e-01 2.253270e+01
9.999817e-01 1.800788e-03 -5.772857e-03 1.677712e+01 -1.789210e-03 9.999964e-01 2.010105e-03 -1.451866e+00 5.776456e-03 -1.999739e-03 9.999813e-01 2.120484e+01
9.999993e-01 -6.370352e-04 -1.000099e-03 1.686974e+01 6.342668e-04 9.999960e-01 -2.765706e-03 -1.440535e+00 1.001856e-03 2.765069e-03 9.999957e-01 1.984017e+01
9.999812e-01 1.845035e-03 -5.852743e-03 1.699105e+01 -1.833682e-03 9.999964e-01 1.944561e-03 -1.428044e+00 5.856310e-03 -1.933792e-03 9.999810e-01 1.837231e+01
9.999995e-01 -5.645463e-04 -8.410756e-04 1.708907e+01 5.621652e-04 9.999958e-01 -2.828188e-03 -1.414386e+00 8.426685e-04 2.827713e-03 9.999956e-01 1.684022e+01
9.999773e-01 1.725095e-03 -6.508101e-03 1.738398e+01 -1.706606e-03 9.999945e-01 2.845389e-03 -1.402640e+00 6.512974e-03 -2.834217e-03 9.999748e-01 1.547141e+01
9.999998e-01 -5.542722e-04 -2.774736e-04 1.753894e+01 5.533676e-04 9.999946e-01 -3.248610e-03 -1.392101e+00 2.792725e-04 3.248456e-03 9.999947e-01 1.418695e+01
9.999791e-01 1.628740e-03 -6.256206e-03 1.759270e+01 -1.612839e-03 9.999955e-01 2.545747e-03 -1.382494e+00 6.260324e-03 -2.535603e-03 9.999772e-01 1.293808e+01
9.999998e-01 -5.351014e-04 -4.430225e-04 1.769999e+01 5.337439e-04 9.999952e-01 -3.057883e-03 -1.373839e+00 4.446564e-04 3.057645e-03 9.999952e-01 1.175139e+01
9.999773e-01 1.601846e-03 -6.545658e-03 1.788234e+01 -1.582785e-03 9.999945e-01 2.916083e-03 -1.365927e+00 6.550293e-03 -2.905656e-03 9.999743e-01 1.065458e+01
9.999997e-01 -5.041676e-04 -6.184067e-04 1.804278e+01 5.022669e-04 9.999952e-01 -3.069290e-03 -1.357659e+00 6.199510e-04 3.068978e-03 9.999951e-01 9.535956e+00
9.999813e-01 1.616470e-03 -5.904704e-03 1.812808e+01 -1.601837e-03 9.999956e-01 2.482008e-03 -1.347905e+00 5.908691e-03 -2.472502e-03 9.999795e-01 8.289968e+00
9.999997e-01 -3.861374e-04 -7.261794e-04 1.824190e+01 3.839228e-04 9.999953e-01 -3.046843e-03 -1.336452e+00 7.273523e-04 3.046562e-03 9.999951e-01 6.957286e+00
9.999810e-01 1.587917e-03 -5.949364e-03 1.830766e+01 -1.574381e-03 9.999962e-01 2.279130e-03 -1.324322e+00 5.952961e-03 -2.269720e-03 9.999797e-01 5.583266e+00
9.999997e-01 -4.112807e-04 -7.122424e-04 1.836187e+01 4.090165e-04 9.999949e-01 -3.175804e-03 -1.312627e+00 7.135447e-04 3.175511e-03 9.999947e-01 4.176353e+00
9.999640e-01 1.406050e-03 -8.368888e-03 1.880861e+01 -1.375838e-03 9.999925e-01 3.614586e-03 -1.324739e+00 8.373908e-03 -3.602941e-03 9.999584e-01 3.827576e+00
9.999952e-01 -6.941850e-04 -3.015796e-03 1.947166e+01 6.867076e-04 9.999967e-01 -2.479598e-03 -1.349098e+00 3.017507e-03 2.477514e-03 9.999924e-01 3.777116e+00
9.999864e-01 1.662501e-03 -4.943833e-03 1.970472e+01 -1.650095e-03 9.999955e-01 2.512265e-03 -1.345246e+00 4.947988e-03 -2.504073e-03 9.999846e-01 2.883368e+00
9.999972e-01 -8.972593e-04 -2.196951e-03 1.977504e+01 8.918521e-04 9.999966e-01 -2.460839e-03 -1.343377e+00 2.199151e-03 2.458872e-03 9.999946e-01 2.221831e+00
9.999473e-01 1.433929e-03 -1.016750e-02 2.034002e+01 -1.394465e-03 9.999915e-01 3.887351e-03 -1.358146e+00 1.017299e-02 -3.872968e-03 9.999408e-01 1.997532e+00
9.999994e-01 -5.977251e-04 -9.299701e-04 2.075252e+01 5.948256e-04 9.999950e-01 -3.114682e-03 -1.354700e+00 9.318270e-04 3.114126e-03 9.999947e-01 1.080389e+00
9.999816e-01 1.815386e-03 -5.782833e-03 2.076623e+01 -1.803666e-03 9.999963e-01 2.031149e-03 -1.341089e+00 5.786499e-03 -2.020681e-03 9.999812e-01 -4.631601e-01
9.999999e-01 -3.130814e-04 -4.186895e-04 2.069810e+01 3.114186e-04 9.999921e-01 -3.964928e-03 -1.319550e+00 4.199274e-04 3.964796e-03 9.999921e-01 -2.552658e+00
9.999749e-01 1.450589e-03 -6.933465e-03 2.087157e+01 -1.425377e-03 9.999924e-01 3.639719e-03 -1.310290e+00 6.938692e-03 -3.629745e-03 9.999693e-01 -3.730439e+00
9.999999e-01 -3.214192e-04 -3.838929e-04 2.102012e+01 3.198459e-04 9.999916e-01 -4.090285e-03 -1.301768e+00 3.852042e-04 4.090161e-03 9.999916e-01 -4.920279e+00
9.999774e-01 1.448840e-03 -6.563088e-03 2.117721e+01 -1.425566e-03 9.999927e-01 3.549486e-03 -1.291982e+00 6.568182e-03 -3.540049e-03 9.999722e-01 -6.210128e+00
9.999999e-01 -3.112175e-04 -9.160719e-05 2.124027e+01 3.108030e-04 9.999899e-01 -4.486854e-03 -1.281267e+00 9.300250e-05 4.486825e-03 9.999899e-01 -7.567489e+00
9.999719e-01 1.387249e-03 -7.363723e-03 2.138081e+01 -1.357920e-03 9.999911e-01 3.986338e-03 -1.273020e+00 7.369188e-03 -3.976226e-03 9.999649e-01 -8.775622e+00
1.000000e+00 -2.295675e-04 9.068467e-05 2.152883e+01 2.299768e-04 9.999897e-01 -4.543173e-03 -1.263178e+00 -8.964092e-05 4.543193e-03 9.999897e-01 -1.005943e+01
9.999774e-01 1.361010e-03 -6.579171e-03 2.163696e+01 -1.336168e-03 9.999920e-01 3.778682e-03 -1.251985e+00 6.584261e-03 -3.769805e-03 9.999712e-01 -1.144719e+01
1.000000e+00 -1.194123e-04 4.670388e-05 2.173032e+01 1.196341e-04 9.999885e-01 -4.784871e-03 -1.238944e+00 -4.613211e-05 4.784876e-03 9.999886e-01 -1.296669e+01
9.999758e-01 1.202579e-03 -6.848602e-03 2.184592e+01 -1.174200e-03 9.999907e-01 4.146178e-03 -1.229837e+00 6.853524e-03 -4.138035e-03 9.999680e-01 -1.415990e+01
9.999997e-01 -1.861409e-04 -7.176228e-04 2.196617e+01 1.829288e-04 9.999900e-01 -4.472917e-03 -1.223168e+00 7.184481e-04 4.472784e-03 9.999897e-01 -1.522746e+01
9.999792e-01 1.228862e-03 -6.334459e-03 2.201684e+01 -1.204176e-03 9.999917e-01 3.899407e-03 -1.214709e+00 6.339198e-03 -3.891697e-03 9.999723e-01 -1.637589e+01
9.999999e-01 -1.841753e-04 -4.825581e-04 2.192232e+01 1.818792e-04 9.999887e-01 -4.753161e-03 -1.204833e+00 4.834279e-04 4.753072e-03 9.999886e-01 -1.759915e+01
9.999828e-01 1.436445e-03 -5.679507e-03 2.177515e+01 -1.417430e-03 9.999934e-01 3.350413e-03 -1.189386e+00 5.684282e-03 -3.342304e-03 9.999783e-01 -1.918494e+01
9.999996e-01 8.342425e-05 -8.743429e-04 2.168655e+01 -8.799710e-05 9.999863e-01 -5.230856e-03 -1.167589e+00 8.738944e-04 5.230930e-03 9.999859e-01 -2.129351e+01
9.999862e-01 1.652619e-03 -4.986630e-03 2.165671e+01 -1.638566e-03 9.999947e-01 2.820690e-03 -1.139688e+00 4.991265e-03 -2.812479e-03 9.999836e-01 -2.381139e+01
9.999988e-01 -2.246247e-04 -1.542453e-03 2.174163e+01 2.182602e-04 9.999915e-01 -4.124862e-03 -1.121862e+00 1.543366e-03 4.124519e-03 9.999903e-01 -2.555439e+01
9.999540e-01 1.322435e-03 -9.500954e-03 2.233431e+01 -1.273296e-03 9.999858e-01 5.176093e-03 -1.136010e+00 9.507664e-03 -5.163757e-03 9.999415e-01 -2.599053e+01
9.999962e-01 -2.513391e-04 2.738617e-03 2.272555e+01 2.650459e-04 9.999874e-01 -5.005935e-03 -1.147257e+00 -2.737324e-03 5.006641e-03 9.999837e-01 -2.642519e+01
9.999667e-01 6.646763e-04 -8.138900e-03 2.259241e+01 -6.276418e-04 9.999894e-01 4.551972e-03 -1.147901e+00 8.141840e-03 -4.546712e-03 9.999565e-01 -2.649114e+01
9.999974e-01 -2.487417e-04 2.260392e-03 2.254553e+01 2.594384e-04 9.999888e-01 -4.733324e-03 -1.154641e+00 -2.259189e-03 4.733897e-03 9.999862e-01 -2.643003e+01
9.999666e-01 1.051472e-03 -8.101086e-03 2.221554e+01 -1.025715e-03 9.999944e-01 3.182905e-03 -1.137716e+00 8.104388e-03 -3.174489e-03 9.999621e-01 -2.773069e+01
9.999971e-01 -8.685540e-05 2.410979e-03 2.185737e+01 9.905618e-05 9.999872e-01 -5.061022e-03 -1.119293e+00 -2.410508e-03 5.061246e-03 9.999843e-01 -2.930721e+01
9.999663e-01 1.050479e-03 -8.141395e-03 2.158809e+01 -1.022275e-03 9.999935e-01 3.467520e-03 -1.104227e+00 8.144984e-03 -3.459080e-03 9.999608e-01 -3.072244e+01
9.999981e-01 -1.679606e-04 1.949291e-03 2.136899e+01 1.764519e-04 9.999905e-01 -4.356952e-03 -1.089573e+00 -1.948541e-03 4.357287e-03 9.999886e-01 -3.182649e+01
9.999581e-01 1.127805e-03 -9.082390e-03 2.138213e+01 -1.092546e-03 9.999919e-01 3.886139e-03 -1.080759e+00 9.086699e-03 -3.876053e-03 9.999512e-01 -3.283008e+01
9.999995e-01 -1.690951e-04 9.518784e-04 2.147816e+01 1.728584e-04 9.999922e-01 -3.955286e-03 -1.073492e+00 -9.512022e-04 3.955448e-03 9.999917e-01 -3.384095e+01
9.999710e-01 1.368383e-03 -7.495565e-03 2.154742e+01 -1.343829e-03 9.999937e-01 3.279877e-03 -1.062276e+00 7.500006e-03 -3.269709e-03 9.999665e-01 -3.513072e+01
9.999999e-01 -2.298437e-04 2.264706e-04 2.165953e+01 2.306294e-04 9.999939e-01 -3.477371e-03 -1.053588e+00 -2.256700e-04 3.477423e-03 9.999939e-01 -3.617115e+01
9.999723e-01 1.361579e-03 -7.317876e-03 2.171592e+01 -1.340153e-03 9.999948e-01 2.932065e-03 -1.043573e+00 7.321830e-03 -2.922176e-03 9.999689e-01 -3.741138e+01
9.999999e-01 -2.905431e-04 -2.924688e-04 2.185194e+01 2.896707e-04 9.999955e-01 -2.976815e-03 -1.037510e+00 2.933323e-04 2.976730e-03 9.999955e-01 -3.838649e+01
9.999734e-01 1.210790e-03 -7.190601e-03 2.217437e+01 -1.186661e-03 9.999937e-01 3.358955e-03 -1.044354e+00 7.194623e-03 -3.350332e-03 9.999685e-01 -3.882932e+01
9.999999e-01 -3.142016e-04 3.994971e-04 2.231274e+01 3.155031e-04 9.999946e-01 -3.262990e-03 -1.040927e+00 -3.984698e-04 3.263115e-03 9.999946e-01 -3.958922e+01
9.999758e-01 1.239493e-03 -6.851595e-03 2.240178e+01 -1.218200e-03 9.999944e-01 3.110987e-03 -1.036352e+00 6.855413e-03 -3.102565e-03 9.999717e-01 -4.035236e+01
9.999999e-01 -3.449961e-04 1.386334e-04 2.241970e+01 3.454655e-04 9.999941e-01 -3.403488e-03 -1.031878e+00 -1.374585e-04 3.403535e-03 9.999942e-01 -4.113113e+01
9.999751e-01 1.395209e-03 -6.916595e-03 2.234650e+01 -1.377404e-03 9.999957e-01 2.578373e-03 -1.021620e+00 6.920163e-03 -2.568781e-03 9.999728e-01 -4.235435e+01
9.999999e-01 -3.157838e-04 1.135494e-04 2.230777e+01 3.161831e-04 9.999937e-01 -3.537624e-03 -1.010153e+00 -1.124316e-04 3.537659e-03 9.999937e-01 -4.365441e+01
9.999634e-01 1.113396e-03 -8.483581e-03 2.245765e+01 -1.083931e-03 9.999934e-01 3.476970e-03 -1.006718e+00 8.487396e-03 -3.467646e-03 9.999580e-01 -4.451022e+01
9.999999e-01 -4.853600e-04 -1.611147e-04 2.280981e+01 4.848394e-04 9.999947e-01 -3.213330e-03 -1.029092e+00 1.626734e-04 3.213251e-03 9.999948e-01 -4.415998e+01
9.999990e-01 1.299856e-03 -5.533508e-04 2.332458e+01 -1.300082e-03 9.999991e-01 -4.083089e-04 -1.109555e+00 5.528196e-04 4.090284e-04 9.999998e-01 -4.143723e+01
9.999997e-01 -6.133028e-04 -5.292098e-04 2.370380e+01 6.114418e-04 9.999937e-01 -3.508764e-03 -1.193704e+00 5.313584e-04 3.508439e-03 9.999937e-01 -3.864387e+01
9.999752e-01 1.021013e-03 -6.966212e-03 2.387934e+01 -9.941673e-04 9.999921e-01 3.856005e-03 -1.210230e+00 6.970094e-03 -3.848983e-03 9.999683e-01 -3.851757e+01
1.000000e+00 7.926329e-05 5.067431e-05 2.393885e+01 -7.903671e-05 9.999900e-01 -4.464747e-03 -1.200348e+00 -5.102776e-05 4.464742e-03 9.999900e-01 -3.974364e+01
9.999674e-01 8.280524e-04 -8.026006e-03 2.410706e+01 -7.923599e-04 9.999898e-01 4.449217e-03 -1.195802e+00 8.029608e-03 -4.442713e-03 9.999579e-01 -4.064493e+01
9.999974e-01 -7.518577e-05 -2.289907e-03 2.441692e+01 6.698262e-05 9.999936e-01 -3.581973e-03 -1.195005e+00 2.290162e-03 3.581810e-03 9.999910e-01 -4.127199e+01
9.999895e-01 9.497824e-04 -4.493580e-03 2.434787e+01 -9.367697e-04 9.999954e-01 2.896955e-03 -1.186284e+00 4.496311e-03 -2.892714e-03 9.999857e-01 -4.234499e+01
9.999941e-01 1.289630e-04 -3.443875e-03 2.453385e+01 -1.394063e-04 9.999954e-01 -3.032216e-03 -1.176326e+00 3.443468e-03 3.032678e-03 9.999895e-01 -4.351921e+01
9.999785e-01 8.845124e-04 -6.490167e-03 2.509104e+01 -8.621338e-04 9.999937e-01 3.450006e-03 -1.205189e+00 6.493178e-03 -3.444336e-03 9.999730e-01 -4.315118e+01
9.999999e-01 1.861941e-04 -4.229987e-04 2.557446e+01 -1.875914e-04 9.999945e-01 -3.304628e-03 -1.229906e+00 4.223811e-04 3.304707e-03 9.999945e-01 -4.309205e+01
9.999657e-01 8.652207e-04 -8.240481e-03 2.586461e+01 -8.348372e-04 9.999928e-01 3.689771e-03 -1.228858e+00 8.243614e-03 -3.682765e-03 9.999592e-01 -4.384610e+01
9.999979e-01 -6.323192e-05 -2.047677e-03 2.642583e+01 5.708334e-05 9.999955e-01 -3.002398e-03 -1.257883e+00 2.047858e-03 3.002274e-03 9.999934e-01 -4.373152e+01
9.999988e-01 7.098191e-04 -1.373137e-03 2.671470e+01 -7.080092e-04 9.999989e-01 1.317772e-03 -1.303934e+00 1.374071e-03 -1.316797e-03 9.999982e-01 -4.218012e+01
1.000000e+00 3.125505e-05 -2.829184e-04 2.711608e+01 -3.253429e-05 9.999898e-01 -4.521029e-03 -1.384343e+00 2.827741e-04 4.521038e-03 9.999897e-01 -3.954449e+01
9.999787e-01 6.090186e-04 -6.497905e-03 2.752353e+01 -5.844971e-04 9.999927e-01 3.774904e-03 -1.427472e+00 6.500157e-03 -3.771025e-03 9.999718e-01 -3.844410e+01
9.999987e-01 3.845922e-04 -1.555713e-03 2.752804e+01 -3.909533e-04 9.999916e-01 -4.090340e-03 -1.415715e+00 1.554126e-03 4.090943e-03 9.999904e-01 -3.958704e+01
9.999840e-01 6.749166e-04 -5.617914e-03 2.762617e+01 -6.548972e-04 9.999934e-01 3.564486e-03 -1.406445e+00 5.620282e-03 -3.560749e-03 9.999779e-01 -4.073228e+01
9.999970e-01 2.630669e-04 -2.422072e-03 2.779712e+01 -2.711447e-04 9.999944e-01 -3.335140e-03 -1.400089e+00 2.421181e-03 3.335787e-03 9.999915e-01 -4.156708e+01
9.999887e-01 8.819529e-04 -4.668801e-03 2.792616e+01 -8.690391e-04 9.999958e-01 2.767177e-03 -1.389126e+00 4.671222e-03 -2.763088e-03 9.999853e-01 -4.291310e+01
9.999934e-01 3.194890e-04 -3.617903e-03 2.822088e+01 -3.305899e-04 9.999952e-01 -3.068016e-03 -1.378355e+00 3.616906e-03 3.069191e-03 9.999887e-01 -4.434492e+01
9.999939e-01 1.026452e-03 -3.339082e-03 2.841493e+01 -1.018668e-03 9.999968e-01 2.331744e-03 -1.364155e+00 3.341465e-03 -2.328328e-03 9.999917e-01 -4.586192e+01
9.999941e-01 1.612885e-04 -3.429420e-03 2.845729e+01 -1.725273e-04 9.999946e-01 -3.276985e-03 -1.352031e+00 3.428873e-03 3.277557e-03 9.999888e-01 -4.725578e+01
9.999925e-01 9.325617e-04 -3.760491e-03 2.861128e+01 -9.212437e-04 9.999950e-01 3.010171e-03 -1.343390e+00 3.763279e-03 -3.006684e-03 9.999884e-01 -4.838876e+01
9.999941e-01 1.780346e-04 -3.418797e-03 2.876530e+01 -1.887613e-04 9.999951e-01 -3.137366e-03 -1.336140e+00 3.418222e-03 3.137993e-03 9.999892e-01 -4.942760e+01
9.999928e-01 5.200604e-04 -3.750535e-03 2.919182e+01 -5.101123e-04 9.999964e-01 2.652770e-03 -1.368277e+00 3.751901e-03 -2.650837e-03 9.999894e-01 -4.863741e+01
9.999969e-01 1.965268e-04 -2.474973e-03 2.952563e+01 -2.053112e-04 9.999937e-01 -3.549347e-03 -1.405212e+00 2.474260e-03 3.549844e-03 9.999906e-01 -4.742343e+01
9.999988e-01 6.642085e-04 -1.369426e-03 2.982539e+01 -6.617280e-04 9.999981e-01 1.810646e-03 -1.452081e+00 1.370626e-03 -1.809737e-03 9.999974e-01 -4.582927e+01
9.999682e-01 -5.918147e-06 -7.975389e-03 3.030400e+01 -1.365160e-05 9.999970e-01 -2.453648e-03 -1.492963e+00 7.975380e-03 2.453678e-03 9.999652e-01 -4.480715e+01
9.999981e-01 1.652856e-03 -1.068126e-03 3.048010e+01 -1.651435e-03 9.999978e-01 1.329829e-03 -1.469226e+00 1.070321e-03 -1.328062e-03 9.999985e-01 -4.691451e+01
9.999852e-01 -2.098465e-04 -5.438038e-03 3.046995e+01 1.944827e-04 9.999960e-01 -2.825524e-03 -1.450478e+00 5.438609e-03 2.824424e-03 9.999812e-01 -4.860039e+01
9.999889e-01 1.046576e-03 -4.583181e-03 3.094423e+01 -1.029824e-03 9.999928e-01 3.655969e-03 -1.458619e+00 4.586975e-03 -3.651208e-03 9.999828e-01 -4.906695e+01
9.999598e-01 -1.422149e-04 -8.966553e-03 3.174026e+01 1.235026e-04 9.999978e-01 -2.087360e-03 -1.477247e+00 8.966830e-03 2.086168e-03 9.999576e-01 -4.936860e+01
9.999902e-01 8.883429e-04 -4.337916e-03 3.248316e+01 -8.717976e-04 9.999923e-01 3.814388e-03 -1.486547e+00 4.341271e-03 -3.810568e-03 9.999833e-01 -4.973005e+01
9.999967e-01 -2.918329e-04 2.542685e-03 3.273500e+01 3.067844e-04 9.999827e-01 -5.882020e-03 -1.532256e+00 -2.540924e-03 5.882780e-03 9.999795e-01 -4.796957e+01
9.999669e-01 9.031132e-04 -8.089625e-03 3.313121e+01 -8.713841e-04 9.999919e-01 3.924800e-03 -1.595824e+00 8.093104e-03 -3.917621e-03 9.999596e-01 -4.620054e+01
9.999970e-01 -8.080124e-05 -2.464354e-03 3.362752e+01 7.402551e-05 9.999962e-01 -2.749251e-03 -1.601715e+00 2.464566e-03 2.749060e-03 9.999932e-01 -4.666116e+01
9.999844e-01 1.105572e-03 -5.482388e-03 3.382038e+01 -1.090707e-03 9.999957e-01 2.713505e-03 -1.594286e+00 5.485364e-03 -2.707482e-03 9.999813e-01 -4.775132e+01
9.999987e-01 -7.804105e-05 -1.604594e-03 3.390841e+01 7.307209e-05 9.999952e-01 -3.096206e-03 -1.587299e+00 1.604828e-03 3.096084e-03 9.999939e-01 -4.873404e+01
9.999650e-01 9.873237e-04 -8.303827e-03 3.439674e+01 -9.558932e-04 9.999924e-01 3.788110e-03 -1.596596e+00 8.307504e-03 -3.780039e-03 9.999583e-01 -4.894368e+01
9.999974e-01 1.126307e-05 -2.301459e-03 3.497381e+01 -1.811918e-05 9.999956e-01 -2.978797e-03 -1.608508e+00 2.301415e-03 2.978831e-03 9.999929e-01 -4.917097e+01
9.999769e-01 8.176035e-04 -6.741635e-03 3.547895e+01 -7.916805e-04 9.999923e-01 3.846895e-03 -1.620049e+00 6.744728e-03 -3.841468e-03 9.999699e-01 -4.938802e+01
1.000000e+00 1.440514e-04 9.602219e-05 3.552113e+01 -1.436520e-04 9.999914e-01 -4.152562e-03 -1.613633e+00 -9.661950e-05 4.152547e-03 9.999914e-01 -5.034589e+01
9.999745e-01 7.189858e-04 -7.108128e-03 3.559950e+01 -6.910557e-04 9.999920e-01 3.930918e-03 -1.609779e+00 7.110898e-03 -3.925905e-03 9.999670e-01 -5.116869e+01
9.999996e-01 1.801824e-04 -8.544268e-04 3.595382e+01 -1.829902e-04 9.999946e-01 -3.286576e-03 -1.613272e+00 8.538300e-04 3.286730e-03 9.999942e-01 -5.176324e+01
9.999607e-01 7.166861e-04 -8.841553e-03 3.641349e+01 -6.800071e-04 9.999912e-01 4.150733e-03 -1.620132e+00 8.844450e-03 -4.144557e-03 9.999523e-01 -5.216512e+01
9.999927e-01 -7.536250e-05 3.826005e-03 3.674898e+01 9.476012e-05 9.999871e-01 -5.070156e-03 -1.660034e+00 -3.825573e-03 5.070481e-03 9.999798e-01 -5.100208e+01
9.999339e-01 6.859260e-04 -1.147491e-02 3.727217e+01 -6.408428e-04 9.999921e-01 3.932014e-03 -1.721908e+00 1.147752e-02 -3.924400e-03 9.999264e-01 -4.950513e+01
9.999788e-01 2.699173e-05 -6.505303e-03 3.831372e+01 -4.438630e-05 9.999964e-01 -2.673692e-03 -1.763187e+00 6.505208e-03 2.673924e-03 9.999753e-01 -4.915035e+01
9.997969e-01 9.733333e-04 -2.013070e-02 4.008485e+01 -8.686144e-04 9.999861e-01 5.210012e-03 -1.805016e+00 2.013549e-02 -5.191468e-03 9.997838e-01 -4.949592e+01
9.999995e-01 3.944296e-04 9.442067e-04 4.144036e+01 -3.914340e-04 9.999949e-01 -3.171315e-03 -1.834276e+00 -9.454527e-04 3.170943e-03 9.999945e-01 -4.993973e+01
9.999129e-01 2.312127e-04 -1.319587e-02 4.214689e+01 -1.750925e-04 9.999909e-01 4.253818e-03 -1.863739e+00 1.319673e-02 -4.251137e-03 9.999039e-01 -4.973095e+01
9.999146e-01 7.862182e-04 -1.304493e-02 4.386873e+01 -8.152650e-04 9.999972e-01 -2.221465e-03 -1.925289e+00 1.304315e-02 2.231910e-03 9.999124e-01 -4.967740e+01
9.998383e-01 4.055888e-05 -1.798483e-02 4.603170e+01 5.393201e-05 9.999862e-01 5.253374e-03 -1.986412e+00 1.798479e-02 -5.253493e-03 9.998245e-01 -4.990463e+01
9.999995e-01 1.028942e-03 6.479998e-05 4.721072e+01 -1.028735e-03 9.999946e-01 -3.123903e-03 -2.005289e+00 -6.801385e-05 3.123835e-03 9.999951e-01 -5.052819e+01
9.997997e-01 1.456083e-04 -2.001271e-02 4.853113e+01 -4.183439e-05 9.999866e-01 5.185693e-03 -2.029189e+00 2.001320e-02 -5.183817e-03 9.997863e-01 -5.115942e+01
9.999988e-01 6.545744e-04 1.438650e-03 4.972480e+01 -6.490042e-04 9.999923e-01 -3.869351e-03 -2.070467e+00 -1.441172e-03 3.868412e-03 9.999915e-01 -5.104745e+01
9.999066e-01 -1.287135e-04 -1.366944e-02 5.036883e+01 1.930837e-04 9.999889e-01 4.707801e-03 -2.103734e+00 1.366868e-02 -4.710000e-03 9.998955e-01 -5.080284e+01
9.999993e-01 1.033433e-03 -6.559054e-04 5.116378e+01 -1.035478e-03 9.999946e-01 -3.123977e-03 -2.112820e+00 6.526735e-04 3.124654e-03 9.999949e-01 -5.151742e+01
9.999689e-01 -8.038736e-05 -7.888966e-03 5.139354e+01 1.053294e-04 9.999950e-01 3.161196e-03 -2.108774e+00 7.888673e-03 -3.161928e-03 9.999639e-01 -5.241963e+01
9.999993e-01 1.083713e-03 4.296103e-04 5.161830e+01 -1.082510e-03 9.999955e-01 -2.792183e-03 -2.106861e+00 -4.326342e-04 2.791716e-03 9.999960e-01 -5.318008e+01
9.999641e-01 -1.513340e-04 -8.476073e-03 5.203773e+01 1.787308e-04 9.999948e-01 3.231506e-03 -2.124757e+00 8.475539e-03 -3.232904e-03 9.999589e-01 -5.310829e+01
9.999994e-01 8.875935e-04 -6.367053e-04 5.249852e+01 -8.895295e-04 9.999950e-01 -3.045960e-03 -2.154276e+00 6.339986e-04 3.046524e-03 9.999952e-01 -5.255369e+01
9.999640e-01 -7.173020e-06 -8.489744e-03 5.297927e+01 3.767776e-05 9.999935e-01 3.592902e-03 -2.176117e+00 8.489664e-03 -3.593092e-03 9.999575e-01 -5.235422e+01
9.999989e-01 1.015401e-03 -1.041063e-03 5.355359e+01 -1.018465e-03 9.999951e-01 -2.946651e-03 -2.197040e+00 1.038066e-03 2.947708e-03 9.999951e-01 -5.235988e+01
