1.000000e+00 1.197624e-11 1.704639e-10 3.214096e-14 1.197625e-11 1.000000e+00 3.562503e-10 -1.998401e-15 1.704639e-10 3.562503e-10 1.000000e+00 -4.041212e-14 0.000000e+00 0.000000e+00 0.000000e+00 1.000000e+00
-2.452616e-01 -1.600733e-01 9.561502e-01 1.642558e-01 2.296695e-01 9.486037e-01 2.177223e-01 -1.401208e-02 -9.418592e-01 2.729975e-01 -1.958921e-01 1.292712e+00
9.442381e-01 -1.463134e-01 2.949693e-01 -2.187780e-01 1.454381e-01 9.890507e-01 2.503019e-02 -1.986586e-03 -2.954018e-01 1.926532e-02 9.551788e-01 2.871142e+00
3.979331e-01 -1.298335e-01 9.081809e-01 -3.965814e-01 2.197020e-01 9.746160e-01 4.306538e-02 3.945298e-03 -8.907190e-01 1.823920e-01 4.163566e-01 4.068789e+00
8.339915e-01 2.760814e-01 -4.777418e-01 -2.173780e-01 -1.690247e-01 9.520267e-01 2.550995e-01 -4.243089e-03 5.252512e-01 -1.320006e-01 8.406468e-01 5.280130e+00
3.857364e-01 -3.600681e-01 8.494459e-01 -1.754756e-02 3.326612e-01 9.130481e-01 2.359655e-01 -1.138311e-02 -8.605486e-01 1.915573e-01 4.719766e-01 6.638559e+00
9.721050e-01 2.281996e-01 5.419232e-02 9.061144e-02 -2.253695e-01 9.727940e-01 -5.366893e-02 -1.402418e-02 -6.496520e-02 3.995854e-02 9.970872e-01 8.266833e+00
-4.079800e-01 -3.931016e-01 8.240288e-01 -8.190941e-02 1.001559e-01 8.778422e-01 4.683608e-01 -8.782074e-03 -9.074807e-01 2.736132e-01 -3.187706e-01 1.015788e+01
9.558833e-01 -2.470724e-01 1.588785e-01 -6.883504e-01 2.718058e-01 9.490547e-01 -1.594264e-01 2.317564e-02 -1.113945e-01 1.955771e-01 9.743412e-01 1.227594e+01
-4.123687e-01 1.069837e-01 9.047135e-01 -1.361115e+00 2.960203e-01 9.549282e-01 2.200447e-02 5.292162e-02 -8.615823e-01 2.768875e-01 -4.254518e-01 1.409571e+01
9.724400e-01 1.042061e-01 -2.085703e-01 -1.498067e+00 -4.098549e-02 9.570344e-01 2.870633e-01 5.452708e-02 2.295227e-01 -2.706035e-01 9.349295e-01 1.550381e+01
-7.604468e-01 -4.279257e-02 6.479887e-01 -1.741050e+00 4.000136e-01 7.551878e-01 5.193076e-01 5.771012e-02 -5.115757e-01 6.541102e-01 -5.571626e-01 1.728374e+01
7.181513e-01 3.637453e-01 -5.932521e-01 -1.973723e+00 -4.069270e-01 9.110722e-01 6.601411e-02 6.708432e-02 5.645078e-01 1.940022e-01 8.023055e-01 1.863715e+01
-6.588744e-01 -3.966235e-01 6.391982e-01 -2.040877e+00 2.336993e-02 8.385094e-01 5.443857e-01 6.371483e-02 -7.518898e-01 3.736199e-01 -5.432034e-01 1.984117e+01
7.690351e-01 -2.439450e-02 -6.387409e-01 -2.167589e+00 -1.420813e-01 9.677495e-01 -2.080237e-01 6.839577e-02 6.232158e-01 2.507306e-01 7.407673e-01 2.121154e+01
-1.464884e-01 -2.780973e-01 9.493171e-01 -2.172571e+00 -8.453668e-02 9.596783e-01 2.680878e-01 6.694169e-02 -9.855936e-01 -4.098038e-02 -1.640911e-01 2.237369e+01
7.630793e-01 -5.077676e-02 -6.443071e-01 -2.083927e+00 -2.466772e-03 9.966729e-01 -8.146761e-02 6.264480e-02 6.463001e-01 6.375561e-02 7.604153e-01 2.377803e+01
-9.962042e-03 -2.410718e-01 9.704562e-01 -1.785670e+00 -5.706474e-02 9.690598e-01 2.401391e-01 5.323134e-02 -9.983208e-01 -5.298656e-02 -2.341051e-02 2.550492e+01
5.828277e-01 1.356760e-01 -8.011891e-01 -1.477928e+00 -1.586687e-01 9.859854e-01 5.154596e-02 4.352755e-02 7.969543e-01 9.708118e-02 5.961871e-01 2.711525e+01
-1.112452e-02 -3.724809e-01 9.279732e-01 -1.219321e+00 7.283617e-02 9.252635e-01 3.722664e-01 3.456128e-02 -9.972819e-01 7.173130e-02 1.683696e-02 2.858415e+01
5.190382e-01 2.461180e-01 -8.185507e-01 -1.013112e+00 -3.364120e-01 9.391784e-01 6.907089e-02 2.738676e-02 7.857648e-01 2.395199e-01 5.702666e-01 3.001954e+01
1.841954e-02 -5.256557e-01 8.504980e-01 -8.422794e-01 1.075813e-01 8.467457e-01 5.210067e-01 2.123029e-02 -9.940256e-01 8.190100e-02 7.214740e-02 3.141121e+01
9.412722e-01 7.504804e-02 -3.292028e-01 -6.522860e-01 -1.741415e-01 9.432113e-01 -2.828907e-01 1.205501e-02 2.892774e-01 3.236050e-01 9.008876e-01 3.292472e+01
2.323179e-01 -3.697314e-01 8.996261e-01 -4.230076e-01 -1.635449e-01 8.969142e-01 4.108504e-01 1.974971e-03 -9.587917e-01 -2.425772e-01 1.479015e-01 3.431675e+01
9.625139e-01 -2.635041e-01 -6.428449e-02 -1.299214e-01 2.420375e-01 9.414056e-01 -2.348903e-01 -1.089947e-02 1.224123e-01 2.105259e-01 9.698938e-01 3.582272e+01
2.914026e-01 2.704608e-02 9.562181e-01 1.626659e-01 -2.177162e-01 9.752420e-01 3.876374e-02 -2.104452e-02 -9.314957e-01 -2.194800e-01 2.900764e-01 3.731188e+01
9.287157e-01 -2.305671e-01 -2.903892e-01 4.947870e-01 2.633224e-01 9.614895e-01 7.873506e-02 -3.586129e-02 2.610525e-01 -1.495885e-01 9.536639e-01 3.861521e+01
4.673054e-01 7.249746e-02 8.811185e-01 7.763770e-01 -9.941794e-03 9.970001e-01 -7.675939e-02 -4.727792e-02 -8.840400e-01 2.711018e-02 4.666243e-01 3.996096e+01
8.704494e-01 7.266666e-02 -4.868648e-01 1.023088e+00 6.772444e-02 9.619610e-01 2.646591e-01 -5.671939e-02 4.875768e-01 -2.633450e-01 8.324171e-01 4.129198e+01
2.711606e-01 -1.481644e-01 9.510622e-01 1.328927e+00 2.643678e-01 9.615461e-01 7.442282e-02 -6.726528e-02 -9.255169e-01 2.312497e-01 2.999033e-01 4.279511e+01
6.418701e-01 4.067500e-01 -6.500440e-01 1.605099e+00 -2.233739e-01 9.101375e-01 3.489324e-01 -7.628873e-02 7.335577e-01 -7.876649e-02 6.750474e-01 4.411155e+01
2.250564e-01 -4.158457e-01 8.811481e-01 2.043018e+00 3.926560e-01 8.663707e-01 3.085824e-01 -9.106256e-02 -8.917236e-01 2.765396e-01 3.582666e-01 4.535570e+01
4.784254e-01 5.701125e-01 -6.678929e-01 2.399801e+00 -4.897871e-01 8.045348e-01 3.359053e-01 -1.026598e-01 7.288469e-01 1.664197e-01 6.641436e-01 4.666091e+01
1.218929e-01 -6.623518e-01 7.392105e-01 2.711110e+00 4.457828e-01 7.019545e-01 5.554616e-01 -1.134129e-01 -8.868031e-01 2.618205e-01 3.808284e-01 4.796187e+01
5.761611e-01 5.624791e-01 -5.930056e-01 3.100883e+00 -6.940039e-01 7.199203e-01 8.569956e-03 -1.279585e-01 4.317372e-01 4.066105e-01 8.051527e-01 4.913015e+01
3.102030e-01 -8.078772e-01 5.011074e-01 3.570554e+00 3.082787e-01 5.841080e-01 7.508542e-01 -1.439543e-01 -8.992988e-01 -7.843651e-02 4.302433e-01 5.026652e+01
6.189307e-01 4.292219e-01 -6.577943e-01 4.010036e+00 -7.186072e-01 6.475115e-01 -2.536384e-01 -1.590013e-01 3.170622e-01 6.296804e-01 7.092067e-01 5.124764e+01
4.329515e-01 -8.089469e-01 3.976906e-01 4.476197e+00 1.491971e-01 4.994071e-01 8.534241e-01 -1.737832e-01 -8.889844e-01 -3.101570e-01 3.369116e-01 5.225681e+01
7.186599e-01 2.767695e-01 -6.379080e-01 4.904939e+00 -6.467559e-01 6.030065e-01 -4.670011e-01 -1.876051e-01 2.554110e-01 7.481857e-01 6.123589e-01 5.332897e+01
5.785959e-01 -7.342235e-01 3.551657e-01 5.331025e+00 -1.160895e-02 4.280002e-01 9.037041e-01 -2.009144e-01 -8.155317e-01 -5.270026e-01 2.391156e-01 5.446892e+01
9.981649e-01 -5.258243e-02 3.003227e-02 5.908601e+00 5.496225e-02 5.785426e-01 -8.137982e-01 -2.216491e-01 2.541654e-02 8.139555e-01 5.803710e-01 5.577741e+01
9.131357e-01 -3.594237e-02 4.060681e-01 6.182493e+00 -3.489477e-01 4.460697e-01 8.241707e-01 -2.311882e-01 -2.107573e-01 -8.942762e-01 3.947802e-01 5.683818e+01
9.232505e-01 -3.821558e-01 3.956647e-02 6.397166e+00 2.745401e-01 5.841840e-01 -7.637780e-01 -2.375118e-01 2.687681e-01 7.160210e-01 6.442652e-01 5.792845e+01
7.886460e-01 1.574325e-01 5.943505e-01 6.728400e+00 -5.902473e-01 4.645542e-01 6.601496e-01 -2.479804e-01 -1.721790e-01 -8.714381e-01 4.592929e-01 5.906325e+01
8.020945e-01 -5.968212e-01 -2.118389e-02 7.087197e+00 4.344942e-01 6.075369e-01 -6.649163e-01 -2.595144e-01 4.097062e-01 5.241215e-01 7.466174e-01 6.018048e+01
6.366788e-01 3.050347e-01 7.082330e-01 7.383067e+00 -7.250395e-01 5.495595e-01 4.150929e-01 -2.684471e-01 -2.625984e-01 -7.777777e-01 5.710551e-01 6.122811e+01
6.642916e-01 -6.278739e-01 -4.055749e-01 7.849761e+00 3.049364e-01 7.230297e-01 -6.198724e-01 -2.810053e-01 6.824444e-01 2.881015e-01 6.717642e-01 6.232517e+01
6.838632e-01 1.668738e-01 7.102705e-01 8.293010e+00 -6.368826e-01 6.114847e-01 4.695392e-01 -2.932364e-01 -3.559657e-01 -7.734595e-01 5.244509e-01 6.337790e+01
7.146252e-01 -5.060183e-01 -4.829663e-01 8.798623e+00 1.548519e-01 7.877468e-01 -5.962180e-01 -3.076501e-01 6.821523e-01 3.512841e-01 6.413016e-01 6.451714e+01
4.830376e-01 -2.809414e-02 8.751488e-01 9.350600e+00 -6.157728e-01 6.996687e-01 3.623361e-01 -3.251810e-01 -6.224938e-01 -7.139148e-01 3.206667e-01 6.572595e+01
5.893792e-01 -4.493157e-01 -6.713774e-01 9.943356e+00 5.113338e-02 8.501420e-01 -5.240648e-01 -3.424274e-01 8.062367e-01 2.745431e-01 5.240311e-01 6.684901e+01
6.666933e-01 -9.533310e-02 7.392102e-01 1.064024e+01 -4.593429e-01 7.284943e-01 5.082323e-01 -3.624475e-01 -5.869618e-01 -6.783860e-01 4.418917e-01 6.776161e+01
7.060118e-01 -2.666646e-01 -6.560773e-01 1.136444e+01 -1.136036e-01 8.717604e-01 -4.765796e-01 -3.850422e-01 6.990290e-01 4.110035e-01 5.851790e-01 6.879062e+01
5.658297e-01 -2.717394e-01 7.784564e-01 1.177273e+01 -3.560777e-01 7.710160e-01 5.279612e-01 -3.972471e-01 -7.436702e-01 -5.759271e-01 3.395034e-01 6.988526e+01
7.277701e-01 -2.349542e-01 -6.443192e-01 1.224687e+01 -1.371502e-01 8.706482e-01 -4.723998e-01 -4.127925e-01 6.719677e-01 4.321670e-01 6.014076e-01 7.079144e+01
5.131528e-01 -2.961964e-01 8.055693e-01 1.275107e+01 -3.609586e-01 7.770574e-01 5.156460e-01 -4.303050e-01 -7.787060e-01 -5.553823e-01 2.918345e-01 7.179508e+01
7.702853e-01 -2.276081e-01 -5.956972e-01 1.322108e+01 -8.804093e-02 8.872323e-01 -4.528440e-01 -4.462595e-01 6.315927e-01 4.012648e-01 6.633831e-01 7.293486e+01
4.507582e-01 -2.444320e-01 8.585278e-01 1.375779e+01 -3.873848e-01 8.129253e-01 4.348395e-01 -4.653630e-01 -8.042077e-01 -5.285882e-01 2.717435e-01 7.394534e+01
8.314161e-01 -3.387391e-01 -4.404579e-01 1.413288e+01 1.408975e-01 8.953049e-01 -4.225837e-01 -4.809419e-01 5.374897e-01 2.892835e-01 7.920984e-01 7.502812e+01
1.842978e-01 2.996298e-02 9.824136e-01 1.450363e+01 -3.439443e-01 9.383033e-01 3.590524e-02 -5.002865e-01 -9.207261e-01 -3.445128e-01 1.832328e-01 7.559736e+01
7.109425e-01 -4.358966e-01 -5.518650e-01 1.504901e+01 3.988187e-01 8.962462e-01 -1.941299e-01 -5.305724e-01 5.792275e-01 -8.207890e-02 8.110232e-01 7.562651e+01
-1.197642e-01 3.602216e-01 9.251470e-01 1.546388e+01 6.677697e-02 9.326667e-01 -3.545049e-01 -5.560497e-01 -9.905541e-01 1.932151e-02 -1.357546e-01 7.587696e+01
9.827387e-01 -1.849969e-01 -9.000528e-04 1.611937e+01 1.604387e-01 8.498385e-01 5.020297e-01 -5.912701e-01 -9.210904e-02 -4.935085e-01 8.648499e-01 7.632671e+01
6.476608e-01 4.745050e-03 7.619141e-01 1.668814e+01 3.622686e-01 8.778012e-01 -3.134111e-01 -6.128872e-01 -6.702962e-01 4.790016e-01 5.667984e-01 7.722432e+01
9.507702e-01 3.082509e-01 -3.189709e-02 1.710087e+01 -2.569400e-01 8.416557e-01 4.749711e-01 -6.293572e-01 1.732566e-01 -4.433927e-01 8.794231e-01 7.805880e+01
5.618137e-01 -4.094107e-01 7.188520e-01 1.743358e+01 5.959912e-01 8.029461e-01 -8.487563e-03 -6.431251e-01 -5.737245e-01 4.331979e-01 6.951113e-01 7.893389e+01
7.193058e-01 6.507731e-01 -2.430916e-01 1.786227e+01 -5.268172e-01 7.390957e-01 4.197633e-01 -6.574576e-01 4.528386e-01 -1.738734e-01 8.744743e-01 7.993117e+01
-5.590798e-02 -6.076218e-01 7.922563e-01 1.810231e+01 6.241428e-01 5.980779e-01 5.027410e-01 -6.725170e-01 -7.793074e-01 5.225883e-01 3.458054e-01 8.052157e+01
5.675563e-01 6.044714e-01 -5.590118e-01 1.837239e+01 -7.212444e-01 6.924834e-01 1.652854e-02 -6.894547e-01 3.970974e-01 3.938032e-01 8.289950e-01 8.097494e+01
6.807343e-01 -7.296838e-01 6.451712e-02 1.841890e+01 6.986788e-01 6.732177e-01 2.421278e-01 -6.935035e-01 -2.201108e-01 -1.197479e-01 9.680969e-01 8.142596e+01
4.707095e-01 7.974566e-01 -3.774859e-01 1.873302e+01 -7.248325e-01 5.934639e-01 3.498836e-01 -7.058356e-01 5.030412e-01 1.089205e-01 8.573715e-01 8.184591e+01
7.113317e-01 -6.957176e-01 -9.992129e-02 1.909879e+01 6.421250e-01 7.010755e-01 -3.101107e-01 -7.183683e-01 2.858018e-01 1.564296e-01 9.454349e-01 8.227820e+01
7.131495e-01 6.995235e-01 -4.565816e-02 1.947373e+01 -4.879233e-01 5.420830e-01 6.841614e-01 -7.295445e-01 5.033375e-01 -4.656317e-01 7.279001e-01 8.283306e+01
8.674447e-01 -3.921249e-01 -3.062315e-01 2.003974e+01 1.036917e-01 7.444673e-01 -6.595578e-01 -7.447410e-01 4.866084e-01 5.403763e-01 6.864443e-01 8.336274e+01
9.543162e-01 1.988238e-01 -2.230463e-01 2.044923e+01 8.110234e-02 5.460934e-01 8.337892e-01 -7.535331e-01 2.875812e-01 -8.137881e-01 5.050207e-01 8.409227e+01
9.302465e-01 1.311999e-02 3.667007e-01 2.064136e+01 2.740016e-01 6.398645e-01 -7.179809e-01 -7.605470e-01 -2.440586e-01 7.683757e-01 5.916368e-01 8.480467e+01
8.488784e-01 3.639720e-01 -3.833143e-01 2.100422e+01 1.712316e-01 4.967143e-01 8.508552e-01 -7.717503e-01 5.000852e-01 -7.879081e-01 3.593266e-01 8.547634e+01
9.677881e-01 2.350030e-01 -9.033148e-02 2.138516e+01 -2.300568e-01 6.797052e-01 -6.964731e-01 -7.823269e-01 -1.022745e-01 6.948197e-01 7.118746e-01 8.614611e+01
6.383582e-01 -1.164220e-02 -7.696514e-01 2.164330e+01 6.300018e-01 5.823984e-01 5.137215e-01 -7.865887e-01 4.422629e-01 -8.128201e-01 3.791134e-01 8.695809e+01
7.597045e-01 6.236399e-01 1.841799e-01 2.195479e+01 -4.554025e-01 7.124366e-01 -5.338939e-01 -7.930586e-01 -4.641740e-01 3.217256e-01 8.252485e-01 8.773299e+01
4.410539e-01 -2.354674e-01 -8.660407e-01 2.257342e+01 6.715127e-01 7.267913e-01 1.443784e-01 -8.097743e-01 5.954345e-01 -6.452360e-01 4.786735e-01 8.837909e+01
5.855663e-01 5.940928e-01 5.515124e-01 2.313386e+01 -4.441278e-01 8.042791e-01 -3.948237e-01 -8.281045e-01 -6.781318e-01 -1.374654e-02 7.348118e-01 8.892696e+01
5.363175e-01 -2.830493e-01 -7.951394e-01 2.346330e+01 5.797566e-01 8.082097e-01 1.033409e-01 -8.370724e-01 6.133888e-01 -5.164108e-01 5.975567e-01 8.984508e+01
6.441552e-01 4.877837e-01 5.891783e-01 2.365450e+01 -3.883928e-01 8.721700e-01 -2.974398e-01 -8.418329e-01 -6.589500e-01 -3.723524e-02 7.512646e-01 9.062953e+01
1.304060e-02 -1.584525e-01 -9.872805e-01 2.370591e+01 3.076010e-01 9.401199e-01 -1.468205e-01 -8.399035e-01 9.514261e-01 -3.017738e-01 6.099987e-02 9.137745e+01
-4.625230e-01 2.059878e-01 8.623465e-01 2.398595e+01 5.489688e-02 9.774238e-01 -2.040320e-01 -8.533047e-01 -8.849061e-01 -4.702935e-02 -4.633890e-01 9.239989e+01
9.021762e-01 1.158439e-03 -4.313662e-01 2.460840e+01 1.803607e-01 9.073785e-01 3.796502e-01 -8.809408e-01 3.918522e-01 -4.203129e-01 8.184063e-01 9.354029e+01
-3.492850e-01 8.770375e-02 9.329030e-01 2.519301e+01 5.656598e-01 8.134616e-01 1.353119e-01 -9.068973e-01 -7.470134e-01 5.749681e-01 -3.337404e-01 9.449440e+01
4.734907e-01 6.156321e-01 -6.299236e-01 2.562242e+01 -3.439160e-01 7.876233e-01 5.112448e-01 -9.241488e-01 8.108812e-01 -2.542888e-02 5.846581e-01 9.538736e+01
3.699257e-01 -5.056035e-01 7.794357e-01 2.611878e+01 5.982885e-01 7.714806e-01 2.164913e-01 -9.398710e-01 -7.107783e-01 3.862417e-01 5.878873e-01 9.634873e+01
8.155485e-01 5.691695e-01 1.045307e-01 2.690509e+01 -5.572881e-01 8.211382e-01 -1.231345e-01 -9.686990e-01 -1.559186e-01 4.216847e-02 9.868694e-01 9.767480e+01
6.552190e-01 -6.455105e-01 3.924336e-01 2.779918e+01 3.207540e-01 7.080455e-01 6.291171e-01 -9.971532e-01 -6.839626e-01 -2.863348e-01 6.709750e-01 9.899863e+01
1.192125e-01 5.684744e-01 -8.140180e-01 2.837250e+01 -7.290728e-01 6.066574e-01 3.168905e-01 -1.014618e+00 6.739742e-01 5.557011e-01 4.867804e-01 9.975149e+01
-2.658645e-01 -8.164866e-01 5.125093e-01 2.898138e+01 1.909708e-01 4.764986e-01 8.581837e-01 -1.039136e+00 -9.449054e-01 3.260348e-01 2.924103e-02 1.006977e+02
-6.622639e-01 3.392917e-01 -6.680476e-01 2.942790e+01 -6.100990e-01 2.733864e-01 7.436660e-01 -1.051820e+00 4.349548e-01 9.000783e-01 2.594760e-02 1.015256e+02
2.030086e-01 -7.912835e-01 5.767650e-01 2.947587e+01 9.573595e-01 2.840472e-01 5.272452e-02 -1.048189e+00 -2.055485e-01 5.414680e-01 8.152069e-01 1.021305e+02
-2.385617e-02 9.994036e-01 -2.496629e-02 2.965167e+01 -1.940047e-01 1.987056e-02 9.807993e-01 -1.050720e+00 9.807105e-01 2.824169e-02 1.934150e-01 1.029314e+02
9.344007e-01 -2.617568e-01 2.416167e-01 2.962003e+01 3.133785e-01 2.815171e-01 -9.069410e-01 -1.042841e+00 1.693788e-01 9.231638e-01 3.450787e-01 1.035382e+02
5.208614e-01 5.323547e-01 -6.673094e-01 2.965608e+01 7.364616e-01 1.150543e-01 6.666234e-01 -1.039177e+00 4.316569e-01 -8.386662e-01 -3.321314e-01 1.042638e+02
6.472756e-01 7.460679e-01 1.562590e-01 2.983281e+01 -1.725111e-01 3.430547e-01 -9.233382e-01 -1.043721e+00 -7.424784e-01 5.706979e-01 3.507559e-01 1.049756e+02
-1.172286e-01 5.710877e-02 -9.914616e-01 2.993102e+01 9.151161e-01 3.940194e-01 -8.550587e-02 -1.043765e+00 3.857720e-01 -9.173262e-01 -9.845149e-02 1.056558e+02
-1.305525e-01 8.324276e-01 5.385354e-01 3.012593e+01 3.400833e-02 5.466246e-01 -8.366869e-01 -1.052965e+00 -9.908580e-01 -9.091686e-02 -9.967266e-02 1.065641e+02
2.894419e-01 2.093423e-01 -9.340231e-01 3.059586e+01 8.004713e-01 4.821105e-01 3.561111e-01 -1.067409e+00 5.248515e-01 -8.507322e-01 -2.802957e-02 1.075886e+02
9.579708e-02 6.716308e-01 7.346666e-01 3.089875e+01 5.118337e-01 5.997771e-01 -6.150559e-01 -1.076359e+00 -8.537267e-01 4.349476e-01 -2.863064e-01 1.086545e+02
-5.316378e-01 6.516112e-01 -5.410768e-01 3.100390e+01 7.707146e-01 6.371023e-01 9.983699e-03 -1.075231e+00 3.512267e-01 -4.117081e-01 -8.409139e-01 1.094822e+02
-5.242076e-01 6.823223e-01 5.095514e-01 3.157593e+01 6.052301e-01 7.194400e-01 -3.407385e-01 -1.094594e+00 -5.990851e-01 1.297781e-01 -7.900979e-01 1.100256e+02
-6.048907e-01 6.570351e-01 -4.499023e-01 3.218219e+01 6.812566e-01 7.195195e-01 1.348377e-01 -1.116784e+00 4.123066e-01 -2.249369e-01 -8.828401e-01 1.103016e+02
-3.282318e-01 5.386946e-01 7.759330e-01 3.244584e+01 4.243682e-01 8.179744e-01 -3.883677e-01 -1.126590e+00 -8.439049e-01 2.018066e-01 -4.970901e-01 1.107482e+02
-5.980549e-01 4.814212e-01 -6.407527e-01 3.212685e+01 5.839647e-01 8.093286e-01 6.302738e-02 -1.114901e+00 5.489222e-01 -3.364831e-01 -7.651559e-01 1.111099e+02
-6.934009e-01 6.797971e-01 2.388957e-01 3.188619e+01 6.927456e-01 7.201516e-01 -3.853793e-02 -1.108201e+00 -1.982391e-01 1.387717e-01 -9.702802e-01 1.116231e+02
-4.791101e-01 7.887159e-01 -3.852022e-01 3.166530e+01 6.598824e-01 6.130315e-01 4.344509e-01 -1.097758e+00 5.787995e-01 -4.603830e-02 -8.141693e-01 1.123750e+02
-5.814092e-01 7.774918e-01 2.397287e-01 3.133890e+01 7.836577e-01 4.559298e-01 4.219107e-01 -1.088261e+00 2.187326e-01 4.331680e-01 -8.743692e-01 1.128453e+02
-3.503585e-01 9.027832e-01 -2.494623e-01 3.107684e+01 2.735357e-01 3.533579e-01 8.946041e-01 -1.082534e+00 8.957830e-01 2.451953e-01 -3.707454e-01 1.133280e+02
-7.895440e-01 4.694664e-01 3.952487e-01 3.106262e+01 5.429594e-01 2.341915e-01 8.064425e-01 -1.095319e+00 2.860338e-01 8.513258e-01 -4.398057e-01 1.132201e+02
-7.259348e-01 6.802514e-01 -1.013737e-01 3.109895e+01 1.206921e-01 2.711081e-01 9.549523e-01 -1.113989e+00 6.770909e-01 6.809981e-01 -2.789077e-01 1.127297e+02
-9.248123e-01 3.174278e-01 2.096706e-01 3.132890e+01 3.019466e-01 2.772208e-01 9.121277e-01 -1.140995e+00 2.314096e-01 9.068562e-01 -3.522235e-01 1.120993e+02
-8.269274e-01 4.375851e-01 -3.531436e-01 3.190404e+01 -1.909253e-01 3.722188e-01 9.082955e-01 -1.178687e+00 5.289032e-01 8.185185e-01 -2.242519e-01 1.113833e+02
-9.996651e-01 1.962073e-02 1.687347e-02 3.235848e+01 2.402182e-02 4.610541e-01 8.870468e-01 -1.217439e+00 9.624924e-03 8.871551e-01 -4.613710e-01 1.104033e+02
-9.091933e-01 1.515928e-01 -3.877978e-01 3.270529e+01 -2.308524e-01 5.915823e-01 7.724879e-01 -1.251965e+00 3.465180e-01 7.918648e-01 -5.028671e-01 1.094449e+02
-9.981669e-01 -3.886109e-02 -4.639579e-02 3.294005e+01 -6.036634e-02 6.940162e-01 7.174241e-01 -1.284104e+00 4.319548e-03 7.189098e-01 -6.950900e-01 1.084704e+02
-9.148942e-01 1.072110e-01 -3.891970e-01 3.264691e+01 -1.458871e-01 8.111295e-01 5.663796e-01 -1.298872e+00 3.764113e-01 5.749562e-01 -7.264570e-01 1.076034e+02
-9.400347e-01 1.130783e-01 -3.217889e-01 3.248423e+01 -4.007641e-02 9.002904e-01 4.334410e-01 -1.319583e+00 3.387162e-01 4.203457e-01 -8.417724e-01 1.067538e+02
-9.028144e-01 1.674187e-01 -3.961025e-01 3.283267e+01 4.025821e-02 9.499628e-01 3.097578e-01 -1.356556e+00 4.281419e-01 2.637074e-01 -8.643801e-01 1.057814e+02
-9.251643e-01 2.666303e-01 -2.701468e-01 3.328430e+01 2.140588e-01 9.542544e-01 2.087517e-01 -1.400559e+00 3.134483e-01 1.353024e-01 -9.399167e-01 1.045753e+02
-8.640660e-01 3.693217e-01 -3.420400e-01 3.351807e+01 3.115949e-01 9.260820e-01 2.127926e-01 -1.438153e+00 3.953460e-01 7.728891e-02 -9.152748e-01 1.038892e+02
-8.709368e-01 4.729921e-01 -1.332200e-01 3.370519e+01 4.479228e-01 8.756422e-01 1.805986e-01 -1.474929e+00 2.020748e-01 9.761772e-02 -9.744930e-01 1.030958e+02
-6.382331e-01 6.029744e-01 -4.786235e-01 3.391178e+01 5.230869e-01 7.958160e-01 3.050525e-01 -1.514417e+00 5.648350e-01 -5.566710e-02 -8.233241e-01 1.019470e+02
-7.286045e-01 6.787519e-01 -9.182248e-02 3.394171e+01 5.836527e-01 6.854185e-01 4.353746e-01 -1.531716e+00 3.584482e-01 2.636234e-01 -8.955544e-01 1.020106e+02
-6.626506e-01 7.267349e-01 -1.809710e-01 3.430778e+01 5.332529e-01 6.275085e-01 5.673397e-01 -1.565242e+00 5.258664e-01 2.794447e-01 -8.033524e-01 1.012671e+02
-6.911231e-01 7.162052e-01 -9.694799e-02 3.453722e+01 4.962068e-01 5.677422e-01 6.568467e-01 -1.598356e+00 5.254785e-01 4.058557e-01 -7.477657e-01 1.004839e+02
-7.382330e-01 6.668203e-01 1.017973e-01 3.447403e+01 5.602183e-01 5.220310e-01 6.431478e-01 -1.620716e+00 3.757227e-01 5.318217e-01 -7.589454e-01 9.975880e+01
-6.941740e-01 7.090941e-01 -1.237258e-01 3.465338e+01 3.915947e-01 5.162539e-01 7.616663e-01 -1.652444e+00 6.039670e-01 4.802786e-01 -6.360475e-01 9.895523e+01
-7.203112e-01 5.786858e-01 3.824584e-01 3.464590e+01 6.803179e-01 4.817900e-01 5.523097e-01 -1.682874e+00 1.353491e-01 6.580282e-01 -7.407291e-01 9.778508e+01
-5.055845e-01 7.855447e-01 -3.567967e-01 3.473361e+01 2.553399e-01 5.312532e-01 8.078191e-01 -1.716701e+00 8.241273e-01 3.173164e-01 -4.691743e-01 9.674128e+01
-8.412958e-01 5.120443e-01 -1.732972e-01 3.508349e+01 1.460939e-01 5.240159e-01 8.390852e-01 -1.757351e+00 5.204593e-01 6.806012e-01 -5.156589e-01 9.599097e+01
-9.646628e-01 2.504404e-01 -8.188519e-02 3.513011e+01 5.190098e-02 4.852935e-01 8.728095e-01 -1.773488e+00 2.583252e-01 8.377170e-01 -4.811427e-01 9.620858e+01
-9.937766e-01 1.052634e-01 -3.643624e-02 3.505997e+01 -7.132607e-03 2.662975e-01 9.638645e-01 -1.756758e+00 1.111625e-01 9.581259e-01 -2.638894e-01 9.794839e+01
-9.663286e-01 8.306465e-02 -2.435349e-01 3.505416e+01 -2.225979e-01 2.048924e-01 9.531366e-01 -1.761379e+00 1.290704e-01 9.752535e-01 -1.795034e-01 9.860074e+01
-9.569065e-01 -6.614328e-02 -2.827633e-01 3.506542e+01 -2.865890e-01 3.722523e-01 8.827769e-01 -1.792629e+00 4.686953e-02 9.257717e-01 -3.751666e-01 9.758974e+01
-8.222013e-01 -1.411300e-01 -5.514231e-01 3.513371e+01 -5.184045e-01 5.857009e-01 6.230659e-01 -1.827911e+00 2.350357e-01 7.981458e-01 -5.547265e-01 9.654298e+01
-8.699155e-01 -3.523152e-01 -3.451391e-01 3.513854e+01 -4.842054e-01 7.431290e-01 4.618489e-01 -1.853736e+00 9.376649e-02 5.688877e-01 -8.170524e-01 9.587517e+01
-9.450417e-01 -3.196278e-01 -6.880670e-02 3.514821e+01 -3.226593e-01 8.777700e-01 3.541338e-01 -1.884785e+00 -5.279454e-02 3.568723e-01 -9.326601e-01 9.464138e+01
-8.845355e-01 -2.785780e-01 3.741541e-01 3.538268e+01 -1.084719e-01 9.029408e-01 4.158507e-01 -1.916056e+00 -4.536858e-01 3.272495e-01 -8.289011e-01 9.351964e+01
-8.307425e-01 2.005476e-02 -5.562956e-01 3.569106e+01 -2.757470e-01 8.532965e-01 4.425479e-01 -1.925348e+00 4.835603e-01 5.210402e-01 -7.033396e-01 9.433020e+01
-9.324506e-01 -1.251733e-01 -3.389211e-01 3.572274e+01 -2.927045e-01 8.116383e-01 5.055367e-01 -1.919466e+00 2.118016e-01 5.705918e-01 -7.934514e-01 9.580988e+01
-9.443563e-01 -2.470612e-01 -2.171451e-01 3.616935e+01 -3.279857e-01 6.574623e-01 6.783574e-01 -1.923125e+00 -2.483107e-02 7.118315e-01 -7.019112e-01 9.747901e+01
-9.316391e-01 -3.534644e-01 -8.432961e-02 3.686111e+01 -2.527241e-01 4.634880e-01 8.492993e-01 -1.942881e+00 -2.611114e-01 8.125526e-01 -5.211326e-01 9.847171e+01
-7.720205e-01 -1.463981e-01 -6.185078e-01 3.690542e+01 -6.013969e-01 4.831591e-01 6.363011e-01 -1.952404e+00 2.056844e-01 8.632062e-01 -4.610521e-01 9.895256e+01
-8.040381e-01 -5.558954e-01 -2.109573e-01 3.712617e+01 -4.722472e-01 3.814939e-01 7.946351e-01 -1.965597e+00 -3.612551e-01 7.385409e-01 -5.692557e-01 9.979476e+01
-7.085034e-01 -3.086773e-01 -6.346190e-01 3.714663e+01 -7.033477e-01 2.353867e-01 6.707422e-01 -1.956289e+00 -5.766201e-02 9.215809e-01 -3.838797e-01 1.014566e+02
-7.043456e-01 -7.083656e-01 -4.599520e-02 3.713588e+01 -1.712101e-01 1.066416e-01 9.794461e-01 -1.957681e+00 -6.889009e-01 6.977434e-01 -1.963918e-01 1.021407e+02
-1.666456e-01 -1.667004e-01 -9.718232e-01 3.753519e+01 -9.508157e-01 2.881694e-01 1.136125e-01 -1.991810e+00 2.611105e-01 9.429578e-01 -2.065235e-01 1.017244e+02
-5.498157e-01 -8.336784e-01 5.179860e-02 3.777064e+01 -7.293734e-01 5.093987e-01 4.566480e-01 -2.019858e+00 -4.070837e-01 2.132917e-01 -8.881382e-01 1.012319e+02
-2.706032e-01 -6.966236e-01 -6.644467e-01 3.762597e+01 -5.770227e-01 6.698440e-01 -4.672834e-01 -2.031902e+00 7.705963e-01 2.569524e-01 -5.832296e-01 1.009411e+02
-8.396589e-01 -4.930062e-01 2.278549e-01 3.768303e+01 -5.418219e-01 7.893014e-01 -2.888464e-01 -2.037832e+00 -3.744313e-02 -3.659892e-01 -9.298655e-01 1.017587e+02
-8.495760e-01 -5.067048e-01 -1.465295e-01 3.773319e+01 -4.358543e-01 8.308449e-01 -3.460171e-01 -2.048189e+00 2.970718e-01 -2.301023e-01 -9.267153e-01 1.020748e+02
-6.111997e-01 -4.568230e-01 6.463340e-01 3.767615e+01 -5.650740e-01 8.236547e-01 4.779480e-02 -2.064132e+00 -5.541898e-01 -3.360144e-01 -7.615563e-01 1.016161e+02
-7.170659e-01 -5.453320e-01 -4.340847e-01 3.771195e+01 -4.229339e-01 8.354539e-01 -3.509183e-01 -2.090122e+00 5.540247e-01 -6.804240e-02 -8.297149e-01 1.006647e+02
-5.403561e-01 -5.276212e-01 6.554626e-01 3.821145e+01 -5.683210e-01 8.032991e-01 1.781061e-01 -2.113653e+00 -6.205051e-01 -2.762724e-01 -7.339257e-01 1.008604e+02
-5.074364e-01 -5.018911e-01 -7.004381e-01 3.841444e+01 -4.697211e-01 8.425876e-01 -2.634545e-01 -2.131333e+00 7.224059e-01 1.953242e-01 -6.633085e-01 1.010597e+02
-5.402279e-01 -3.825395e-01 7.495447e-01 3.852330e+01 -4.321442e-01 8.904005e-01 1.429628e-01 -2.158325e+00 -7.220839e-01 -2.466789e-01 -6.463314e-01 1.003187e+02
-6.204745e-01 -4.404823e-01 -6.488349e-01 3.863305e+01 -2.786460e-01 8.971981e-01 -3.426252e-01 -2.189700e+00 7.330538e-01 -3.179493e-02 -6.794271e-01 9.914370e+01
-6.132861e-01 -1.009314e-01 7.833856e-01 3.867831e+01 -3.271795e-01 9.351752e-01 -1.356498e-01 -2.220964e+00 -7.189115e-01 -3.394999e-01 -6.065526e-01 9.789626e+01
-7.596996e-01 -3.269012e-01 -5.621318e-01 3.860209e+01 -8.345393e-02 9.063181e-01 -4.142739e-01 -2.246293e+00 6.448969e-01 -2.678116e-01 -7.158107e-01 9.673176e+01
-5.234424e-01 -6.178465e-02 8.498181e-01 3.862602e+01 -3.888228e-01 9.047877e-01 -1.737129e-01 -2.265175e+00 -7.581721e-01 -4.213573e-01 -4.976275e-01 9.616373e+01
-6.052633e-01 -3.933002e-01 -6.920776e-01 3.859767e+01 -5.147531e-02 8.869349e-01 -4.590172e-01 -2.289230e+00 7.943593e-01 -2.422014e-01 -5.570743e-01 9.546340e+01
-5.476054e-01 6.536393e-02 8.341798e-01 3.852858e+01 -3.315175e-01 8.984086e-01 -2.880246e-01 -2.312885e+00 -7.682607e-01 -4.342690e-01 -4.703041e-01 9.458619e+01
-7.863727e-01 -2.604653e-01 -5.601570e-01 3.860518e+01 -1.227790e-01 9.545744e-01 -2.715015e-01 -2.321025e+00 6.054282e-01 -1.447259e-01 -7.826309e-01 9.507317e+01
-7.572383e-01 -1.091469e-01 6.439543e-01 3.846157e+01 -2.264407e-01 9.686597e-01 -1.020932e-01 -2.324400e+00 -6.126294e-01 -2.231263e-01 -7.582215e-01 9.522539e+01
-5.628762e-01 -2.305366e-01 -7.937401e-01 3.870714e+01 1.390290e-01 9.202249e-01 -3.658648e-01 -2.360257e+00 8.147646e-01 -3.162895e-01 -4.859214e-01 9.410752e+01
-8.208779e-01 3.786137e-01 4.275642e-01 3.935476e+01 1.240441e-01 8.489910e-01 -5.136412e-01 -2.409086e+00 -5.574698e-01 -3.685999e-01 -7.438828e-01 9.275660e+01
-7.918719e-01 1.310562e-01 -5.964589e-01 3.962438e+01 4.917776e-01 7.159232e-01 -4.955894e-01 -2.450748e+00 3.620687e-01 -6.857684e-01 -6.313699e-01 9.123429e+01
-7.398590e-01 6.406202e-01 2.054614e-01 3.966160e+01 2.821760e-01 5.727311e-01 -7.696465e-01 -2.485439e+00 -6.107253e-01 -5.114536e-01 -6.045080e-01 8.986762e+01
-5.710508e-01 2.810456e-01 -7.713069e-01 3.973932e+01 7.999555e-01 4.014683e-01 -4.459758e-01 -2.518035e+00 1.843158e-01 -8.716860e-01 -4.540828e-01 8.871685e+01
-4.412215e-01 8.837877e-01 -1.557016e-01 3.976680e+01 7.108448e-01 2.382974e-01 -6.617507e-01 -2.539116e+00 -5.477438e-01 -4.026583e-01 -7.333778e-01 8.815090e+01
2.604630e-01 6.430880e-01 -7.201366e-01 3.999888e+01 9.272748e-01 4.113399e-02 3.721149e-01 -2.566060e+00 2.689247e-01 -7.646867e-01 -5.856054e-01 8.762999e+01
3.085604e-01 9.108660e-01 2.740686e-01 3.990216e+01 9.040066e-01 -1.911802e-01 -3.823900e-01 -2.587910e+00 -2.959096e-01 3.657503e-01 -8.824195e-01 8.683737e+01
6.099865e-01 7.688044e-01 -1.919800e-01 3.979659e+01 5.677675e-01 -2.550328e-01 7.826866e-01 -2.611472e+00 5.527717e-01 -5.864282e-01 -5.920687e-01 8.595614e+01
3.600747e-01 5.758457e-01 7.339945e-01 3.995943e+01 8.811592e-01 -4.683543e-01 -6.482789e-02 -2.643910e+00 3.064386e-01 6.701089e-01 -6.760543e-01 8.502872e+01
3.922029e-01 8.655121e-01 3.115537e-01 4.011611e+01 2.715565e-01 -4.325343e-01 8.597506e-01 -2.675062e+00 8.788822e-01 -2.525922e-01 -4.046767e-01 8.409370e+01
2.450077e-01 3.251230e-01 9.133818e-01 4.033058e+01 8.393200e-01 -5.426971e-01 -3.196534e-02 -2.705350e+00 4.852969e-01 7.744514e-01 -4.058472e-01 8.325436e+01
2.753891e-01 8.510822e-01 4.470122e-01 4.049240e+01 1.420266e-01 -4.959092e-01 8.566811e-01 -2.731559e+00 9.507835e-01 -1.724330e-01 -2.574443e-01 8.243564e+01
-2.268846e-02 2.570364e-01 9.661354e-01 4.080669e+01 7.587276e-01 -6.248634e-01 1.840601e-01 -2.765897e+00 6.510128e-01 7.372096e-01 -1.808434e-01 8.138252e+01
-6.850413e-02 8.660540e-01 4.952350e-01 4.081083e+01 -1.325348e-01 -4.999014e-01 8.558815e-01 -2.796219e+00 9.888082e-01 -7.004448e-03 1.490276e-01 8.021061e+01
-4.312550e-01 8.903764e-02 8.978260e-01 4.088962e+01 6.805781e-01 -6.211889e-01 3.885072e-01 -2.829943e+00 5.923113e-01 7.785863e-01 2.072937e-01 7.898453e+01
-4.229219e-01 8.561492e-01 2.968931e-01 4.115982e+01 -3.014443e-01 -4.419000e-01 8.448998e-01 -2.871645e+00 8.545574e-01 2.678299e-01 4.449705e-01 7.750700e+01
-6.599621e-01 -5.373018e-02 7.493751e-01 4.129522e+01 6.659538e-01 -5.035650e-01 5.503888e-01 -2.907425e+00 3.477866e-01 8.622850e-01 3.681156e-01 7.619167e+01
-5.680692e-01 8.198416e-01 -7.181321e-02 4.143061e+01 -5.101456e-01 -2.823161e-01 8.124341e-01 -2.942242e+00 6.457932e-01 4.981540e-01 5.786136e-01 7.497265e+01
-9.490236e-01 -2.043896e-01 2.399563e-01 4.159650e+01 2.864283e-01 -2.414142e-01 9.271882e-01 -2.985645e+00 -1.315788e-01 9.486538e-01 2.876507e-01 7.342919e+01
-5.753379e-01 3.697321e-01 -7.295783e-01 4.177510e+01 -7.662336e-01 6.840624e-02 6.389105e-01 -3.026813e+00 2.861334e-01 9.266169e-01 2.439444e-01 7.198625e+01
-7.594178e-01 -5.901042e-01 2.739738e-01 4.188575e+01 1.909727e-01 2.003727e-01 9.609268e-01 -3.064005e+00 -6.219437e-01 7.820664e-01 -3.947281e-02 7.052593e+01
-7.490915e-01 1.868409e-01 -6.355726e-01 4.195325e+01 -5.230173e-01 4.220348e-01 7.404995e-01 -3.102570e+00 4.065893e-01 8.871173e-01 -2.184217e-01 6.888566e+01
-8.687456e-01 -3.675511e-01 3.319446e-01 4.198938e+01 1.110002e-01 5.086934e-01 8.537622e-01 -3.129954e+00 -4.826593e-01 7.785481e-01 -4.011269e-01 6.789489e+01
-5.125167e-01 1.547719e-01 -8.446137e-01 4.199414e+01 -5.740062e-01 6.697989e-01 4.710482e-01 -3.150736e+00 6.386264e-01 7.262335e-01 -2.544430e-01 6.735923e+01
-6.883076e-01 -5.093636e-01 5.165089e-01 4.213376e+01 3.195505e-02 6.900336e-01 7.230716e-01 -3.176662e+00 -7.247148e-01 5.142007e-01 -4.586786e-01 6.700525e+01
4.795751e-02 5.413843e-02 -9.973811e-01 4.229712e+01 -5.921037e-01 8.057172e-01 1.526442e-02 -3.202461e+00 8.044335e-01 5.898210e-01 7.069576e-02 6.707948e+01
-6.776408e-01 -3.681236e-01 6.366224e-01 4.205864e+01 -1.227982e-01 9.101784e-01 3.955957e-01 -3.219279e+00 -7.250680e-01 1.898957e-01 -6.619789e-01 6.632115e+01
2.394424e-01 -1.561647e-01 -9.582692e-01 4.175756e+01 -8.589717e-02 9.797025e-01 -1.811207e-01 -3.220431e+00 9.671034e-01 1.256806e-01 2.211682e-01 6.642976e+01
-8.561553e-01 9.319207e-02 5.082453e-01 4.185099e+01 7.963889e-02 9.956477e-01 -4.840812e-02 -3.247354e+00 -5.105445e-01 -9.687804e-04 -8.598508e-01 6.656148e+01
-7.135934e-02 2.188756e-01 -9.731399e-01 4.208618e+01 1.471449e-01 9.672627e-01 2.067637e-01 -3.268987e+00 9.865375e-01 -1.284381e-01 -1.012297e-01 6.742266e+01
-7.395036e-01 3.316656e-01 5.857750e-01 4.220838e+01 4.519493e-01 8.895311e-01 6.690502e-02 -3.299565e+00 -4.988750e-01 3.142171e-01 -8.077074e-01 6.710294e+01
-4.414319e-01 4.502619e-01 -7.761456e-01 4.217872e+01 3.847858e-01 8.764043e-01 2.895780e-01 -3.330802e+00 8.106033e-01 -1.708208e-01 -5.601272e-01 6.593652e+01
-5.813810e-01 5.856226e-01 5.648383e-01 4.217663e+01 6.436114e-01 7.557168e-01 -1.210638e-01 -3.362672e+00 -4.977555e-01 2.931522e-01 -8.162728e-01 6.475541e+01
1.608757e-01 5.433934e-01 -8.239191e-01 4.233902e+01 4.178084e-01 7.188099e-01 5.556514e-01 -3.404083e+00 8.941785e-01 -4.336311e-01 -1.113953e-01 6.349104e+01
-4.069754e-01 6.532987e-01 6.384136e-01 4.257317e+01 8.791480e-01 4.698478e-01 7.963593e-02 -3.450982e+00 -2.479312e-01 5.936698e-01 -7.655627e-01 6.201286e+01
-1.021417e-01 8.476003e-01 -5.207118e-01 4.287486e+01 4.977525e-01 4.967563e-01 7.109681e-01 -3.496978e+00 8.612836e-01 -1.865661e-01 -4.726347e-01 6.046765e+01
-2.667806e-01 6.826183e-01 6.803384e-01 4.315507e+01 9.430799e-01 3.303469e-01 3.835536e-02 -3.539152e+00 -1.985656e-01 6.518460e-01 -7.318938e-01 5.903402e+01
9.558823e-02 8.990647e-01 -4.272535e-01 4.325335e+01 3.431269e-01 3.731522e-01 8.619869e-01 -3.578533e+00 9.344126e-01 -2.289980e-01 -2.728243e-01 5.770074e+01
-3.683761e-01 5.667829e-01 7.369235e-01 4.342614e+01 9.269139e-01 1.628481e-01 3.380994e-01 -3.620915e+00 7.162241e-02 8.076123e-01 -5.853483e-01 5.628887e+01
-6.794263e-02 9.554047e-01 -2.873773e-01 4.367413e+01 -1.027336e-02 2.873577e-01 9.577683e-01 -3.662765e+00 9.976363e-01 6.802562e-02 -9.708620e-03 5.501518e+01
-4.840543e-01 1.641450e-01 8.595044e-01 4.419430e+01 8.712156e-01 1.821153e-01 4.558700e-01 -3.703836e+00 -8.170007e-02 9.694795e-01 -2.311594e-01 5.396051e+01
-3.757519e-01 8.966425e-01 -2.341851e-01 4.465882e+01 1.373014e-02 2.580618e-01 9.660309e-01 -3.735726e+00 9.266186e-01 3.597725e-01 -1.092782e-01 5.319827e+01
-6.998373e-01 2.401341e-01 6.727283e-01 4.495388e+01 7.134558e-01 1.891558e-01 6.746858e-01 -3.770941e+00 3.476456e-02 9.521322e-01 -3.037033e-01 5.216400e+01
-2.786872e-01 7.920312e-01 -5.431574e-01 4.534294e+01 -3.544805e-01 4.407957e-01 8.246470e-01 -3.816542e+00 8.925676e-01 4.223573e-01 1.579155e-01 5.064650e+01
-9.305070e-01 9.811147e-02 3.528893e-01 4.518644e+01 3.605514e-01 4.150010e-01 8.353304e-01 -3.850779e+00 -6.449395e-02 9.045155e-01 -4.215356e-01 4.889036e+01
-4.634176e-01 4.900080e-01 -7.383334e-01 4.482534e+01 -3.199417e-01 6.844777e-01 6.550783e-01 -3.871649e+00 8.263664e-01 5.397985e-01 -1.604250e-01 4.748914e+01
-7.433994e-01 -7.715408e-02 6.643829e-01 4.474198e+01 4.381157e-01 6.943870e-01 5.708602e-01 -3.902780e+00 -5.053830e-01 7.154537e-01 -4.824044e-01 4.623982e+01
-3.995885e-01 4.204552e-01 -8.145836e-01 4.484744e+01 -1.372130e-01 8.511653e-01 5.066461e-01 -3.946763e+00 9.063673e-01 3.142214e-01 -2.824239e-01 4.459314e+01
-5.485371e-01 1.226811e-01 8.270770e-01 4.496136e+01 5.192586e-01 8.252880e-01 2.219689e-01 -3.987260e+00 -6.553453e-01 5.512251e-01 -5.164043e-01 4.296586e+01
-3.472743e-01 5.019315e-01 -7.921271e-01 4.509452e+01 1.369661e-01 8.627881e-01 4.866589e-01 -4.018485e+00 9.277073e-01 6.050960e-02 -3.683717e-01 4.200327e+01
-5.513473e-01 2.932032e-01 7.810557e-01 4.504980e+01 5.921145e-01 7.970542e-01 1.187648e-01 -4.039263e+00 -5.877215e-01 5.279550e-01 -6.130636e-01 4.136083e+01
-3.032576e-01 5.546221e-01 -7.748736e-01 4.483565e+01 3.382600e-01 8.228647e-01 4.565894e-01 -4.064330e+00 8.908507e-01 -1.236445e-01 -4.371465e-01 4.010581e+01
-2.384078e-01 5.126838e-01 8.248133e-01 4.486843e+01 6.555016e-01 7.116075e-01 -2.528487e-01 -4.101335e+00 -7.165748e-01 4.803853e-01 -5.057179e-01 3.855858e+01
-5.097029e-01 5.986765e-01 -6.178911e-01 4.512151e+01 7.088708e-01 6.992174e-01 9.272115e-02 -4.147793e+00 4.875502e-01 -3.907447e-01 -7.807774e-01 3.658232e+01
-2.034091e-01 7.955556e-01 5.707153e-01 4.532980e+01 3.630511e-01 6.026332e-01 -7.106526e-01 -4.183914e+00 -9.092957e-01 6.264563e-02 -4.114084e-01 3.499950e+01
-1.931128e-01 2.525970e-01 -9.481045e-01 4.537598e+01 8.702647e-01 4.903741e-01 -4.661118e-02 -4.217052e+00 4.531520e-01 -8.341031e-01 -3.145238e-01 3.362706e+01
-3.897794e-02 9.491394e-01 3.124341e-01 4.532078e+01 2.196691e-01 3.131618e-01 -9.239454e-01 -4.253219e+00 -9.747955e-01 3.261862e-02 -2.207030e-01 3.195817e+01
1.399366e-01 2.087405e-02 -9.899404e-01 4.527638e+01 9.756192e-01 1.678062e-01 1.414506e-01 -4.289318e+00 1.690708e-01 -9.855990e-01 3.117109e-03 3.044888e+01
2.824239e-01 9.578196e-01 5.308749e-02 4.521704e+01 3.175529e-01 -4.112694e-02 -9.473482e-01 -4.319761e+00 -9.052054e-01 2.844118e-01 -3.157737e-01 2.915920e+01
8.100631e-01 3.122061e-02 -5.855109e-01 4.513446e+01 5.843027e-01 -1.262085e-01 8.016619e-01 -4.347559e+00 -4.886807e-02 -9.915123e-01 -1.204791e-01 2.808408e+01
7.715765e-01 4.155925e-01 4.816145e-01 4.525345e+01 6.313266e-01 -4.073398e-01 -6.599250e-01 -4.386298e+00 -7.807914e-02 8.132386e-01 -5.766685e-01 2.682548e+01
7.648943e-01 4.730022e-01 4.372708e-01 4.548591e+01 -3.676865e-01 -2.367786e-01 8.993011e-01 -4.428536e+00 5.289078e-01 -8.486488e-01 -7.194080e-03 2.568691e+01
1.499691e-01 -3.980875e-01 9.050059e-01 4.591831e+01 8.626319e-01 -3.945732e-01 -3.165094e-01 -4.458282e+00 4.830895e-01 8.281535e-01 2.842292e-01 2.548399e+01
1.711096e-01 8.956488e-01 4.105297e-01 4.581658e+01 -6.918172e-01 -1.874535e-01 6.973164e-01 -4.478025e+00 7.015058e-01 -4.033291e-01 5.875502e-01 2.462760e+01
-5.036280e-01 -5.478960e-01 6.679587e-01 4.697854e+01 8.631193e-01 -3.523961e-01 3.617208e-01 -4.534529e+00 3.720066e-02 7.587008e-01 6.503762e-01 2.356513e+01
-1.187623e-01 8.743331e-01 -4.705710e-01 4.916637e+01 -9.762020e-01 -1.894250e-01 -1.055836e-01 -4.612956e+00 -1.814532e-01 4.468330e-01 8.760223e-01 2.245756e+01
-1.689271e-01 -9.805451e-01 -9.997437e-02 5.049831e+01 1.936716e-01 -1.324769e-01 9.720809e-01 -4.679064e+00 -9.664134e-01 1.448486e-01 2.122827e-01 2.111723e+01
4.749253e-01 -4.176499e-02 -8.790345e-01 5.175619e+01 -8.799283e-01 -7.642231e-03 -4.750450e-01 -4.747465e+00 1.312247e-02 9.990982e-01 -4.037969e-02 1.952453e+01
1.423366e-01 -8.846294e-01 4.440395e-01 5.289055e+01 -7.140949e-01 2.188752e-01 6.649527e-01 -4.807169e+00 -6.854259e-01 -4.117335e-01 -6.005554e-01 1.830111e+01
3.177460e-01 -8.866240e-01 -3.360586e-01 5.306503e+01 -3.420166e-01 2.233918e-01 -9.127545e-01 -4.848918e+00 8.843428e-01 4.049617e-01 -2.322582e-01 1.693527e+01
-4.955184e-01 -5.810380e-02 8.666519e-01 5.331295e+01 -7.879594e-01 4.499069e-01 -4.203615e-01 -4.901998e+00 -3.654881e-01 -8.911833e-01 -2.687206e-01 1.516911e+01
-4.235976e-01 -7.868743e-01 -4.487693e-01 5.343495e+01 5.472600e-01 1.724834e-01 -8.189969e-01 -4.947994e+00 7.218529e-01 -5.925186e-01 3.575613e-01 1.353174e+01
-5.627951e-01 7.738862e-01 2.904511e-01 5.349816e+01 -3.198888e-01 1.200925e-01 -9.398133e-01 -4.988143e+00 -7.621895e-01 -6.218343e-01 1.799701e-01 1.205760e+01
6.918698e-02 -4.470887e-01 -8.918099e-01 5.364426e+01 9.740383e-01 -1.628811e-01 1.572230e-01 -5.025564e+00 -2.155516e-01 -8.795348e-01 4.242123e-01 1.093488e+01
4.814315e-01 8.697077e-01 -1.087761e-01 5.386325e+01 4.256091e-01 -3.404608e-01 -8.384172e-01 -5.064017e+00 -7.662119e-01 3.573444e-01 -5.340640e-01 1.002709e+01
9.242964e-01 1.450247e-01 -3.530497e-01 5.399169e+01 3.816697e-01 -3.563525e-01 8.528430e-01 -5.103834e+00 -2.126803e-03 -9.230280e-01 -3.847269e-01 8.716148e+00
9.088161e-01 2.214120e-01 3.535958e-01 5.403564e+01 4.148408e-01 -5.695456e-01 -7.095949e-01 -5.139560e+00 4.427609e-02 7.915772e-01 -6.094630e-01 7.439632e+00
8.525526e-01 2.487520e-01 4.596483e-01 5.405632e+01 -3.665715e-01 -3.422719e-01 8.651447e-01 -5.182101e+00 3.725311e-01 -9.060753e-01 -2.006194e-01 5.771085e+00
