9.999403e-01 5.094422e-04 -1.091322e-02 4.957003e-01 -5.008682e-04 9.999996e-01 7.883669e-04 -3.075126e-02 1.091362e-02 -7.828545e-04 9.999401e-01 3.245875e-01
9.999952e-01 7.787825e-05 -3.107827e-03 1.228958e+00 -7.609178e-05 9.999998e-01 5.749334e-04 -6.083452e-02 3.107872e-03 -5.746934e-04 9.999950e-01 3.834091e-01
9.999372e-01 7.717089e-04 -1.118474e-02 2.072791e+00 -7.604608e-04 9.999992e-01 1.009879e-03 -7.825278e-02 1.118551e-02 -1.001311e-03 9.999369e-01 1.003026e-02
9.999751e-01 6.418074e-05 -7.062144e-03 3.193141e+00 -5.872206e-05 9.999997e-01 7.731489e-04 -1.080466e-01 7.062191e-03 -7.727143e-04 9.999748e-01 -2.726803e-01
9.998878e-01 7.888294e-04 -1.496206e-02 4.611563e+00 -7.703758e-04 9.999989e-01 1.239087e-03 -1.513869e-01 1.496302e-02 -1.227422e-03 9.998873e-01 -3.835592e-01
9.999966e-01 -1.095486e-04 2.621193e-03 5.320403e+00 1.109031e-04 9.999999e-01 -5.165867e-04 -1.837014e-01 -2.621136e-03 5.168763e-04 9.999964e-01 -1.503443e-01
9.998669e-01 6.993090e-04 -1.629981e-02 6.115034e+00 -6.722921e-04 9.999984e-01 1.662925e-03 -2.177000e-01 1.630095e-02 -1.651746e-03 9.998658e-01 -1.264518e-01
9.999590e-01 1.867888e-04 -9.056269e-03 7.805233e+00 -1.792785e-04 9.999996e-01 8.300891e-04 -2.619267e-01 9.056421e-03 -8.284308e-04 9.999586e-01 -4.736282e-01
9.998612e-01 8.098614e-04 -1.663882e-02 9.513297e+00 -7.828220e-04 9.999984e-01 1.631534e-03 -3.052610e-01 1.664011e-02 -1.618283e-03 9.998602e-01 -8.142945e-01
9.999999e-01 5.018529e-05 4.605076e-04 1.052612e+01 -5.002412e-05 9.999999e-01 -3.498076e-04 -3.437350e-01 -4.605248e-04 3.497852e-04 9.999998e-01 -6.614147e-01
9.998961e-01 4.888347e-04 -1.440563e-02 1.131884e+01 -4.607016e-04 9.999980e-01 1.956183e-03 -3.719255e-01 1.440656e-02 -1.949344e-03 9.998943e-01 -8.305532e-01
9.999730e-01 9.313545e-04 -7.295005e-03 1.289487e+01 -9.244838e-04 9.999991e-01 9.451412e-04 -3.895140e-01 7.295879e-03 -9.383708e-04 9.999729e-01 -1.892767e+00
9.999573e-01 -2.411345e-05 -9.236080e-03 1.403305e+01 2.854683e-05 9.999999e-01 4.798859e-04 -4.183056e-01 9.236067e-03 -4.801298e-04 9.999572e-01 -2.156236e+00
9.999851e-01 6.030702e-04 -5.433850e-03 1.485440e+01 -5.989335e-04 9.999995e-01 7.628602e-04 -4.534018e-01 5.434308e-03 -7.595935e-04 9.999849e-01 -2.063823e+00
9.998961e-01 2.718127e-04 -1.441244e-02 1.608639e+01 -2.640433e-04 9.999998e-01 5.409847e-04 -5.046362e-01 1.441258e-02 -5.371237e-04 9.998960e-01 -1.676733e+00
9.999749e-01 7.790260e-04 -7.044016e-03 1.748521e+01 -7.741834e-04 9.999995e-01 6.901561e-04 -5.526600e-01 7.044550e-03 -6.846847e-04 9.999750e-01 -1.217105e+00
9.996007e-01 1.552170e-03 -2.821369e-02 2.013548e+01 -1.490421e-03 9.999964e-01 2.209537e-03 -6.067070e-01 2.821702e-02 -2.166605e-03 9.995995e-01 -1.538604e+00
9.998774e-01 2.055449e-03 -1.552337e-02 2.379691e+01 -2.018788e-03 9.999951e-01 2.376912e-03 -6.443306e-01 1.552818e-02 -2.345281e-03 9.998767e-01 -3.231568e+00
9.998912e-01 7.590502e-04 -1.473031e-02 2.625024e+01 -7.474640e-04 9.999994e-01 7.920551e-04 -6.729295e-01 1.473090e-02 -7.809593e-04 9.998912e-01 -4.273164e+00
9.999159e-01 1.933422e-03 -1.282338e-02 2.854030e+01 -1.910825e-03 9.999966e-01 1.774194e-03 -7.034922e-01 1.282677e-02 -1.749541e-03 9.999162e-01 -5.090116e+00
9.997390e-01 1.092350e-03 -2.282050e-02 3.136363e+01 -1.053236e-03 9.999980e-01 1.725973e-03 -7.279177e-01 2.282234e-02 -1.701488e-03 9.997381e-01 -6.755034e+00
9.998712e-01 2.452834e-03 -1.586184e-02 3.460021e+01 -2.415211e-03 9.999942e-01 2.390630e-03 -7.602180e-01 1.586761e-02 -2.352011e-03 9.998713e-01 -8.341996e+00
9.992522e-01 2.041595e-03 -3.861225e-02 3.910614e+01 -1.896743e-03 9.999910e-01 3.787713e-03 -7.992230e-01 3.861964e-02 -3.711644e-03 9.992471e-01 -1.065254e+01
9.999919e-01 1.735000e-03 -3.630558e-03 4.285392e+01 -1.732483e-03 9.999983e-01 6.963083e-04 -8.418749e-01 3.631760e-03 -6.900121e-04 9.999932e-01 -1.229504e+01
9.998173e-01 -8.672240e-05 -1.911569e-02 4.448806e+01 1.013653e-04 9.999997e-01 7.650573e-04 -8.658728e-01 1.911562e-02 -7.668558e-04 9.998170e-01 -1.273421e+01
9.997796e-01 3.269397e-03 -2.073933e-02 4.778629e+01 -3.209315e-03 9.999906e-01 2.929590e-03 -8.976834e-01 2.074871e-02 -2.862384e-03 9.997806e-01 -1.446687e+01
9.997873e-01 3.292008e-04 -2.062367e-02 5.108775e+01 -3.219200e-04 9.999999e-01 3.563612e-04 -9.161590e-01 2.062379e-02 -3.496469e-04 9.997872e-01 -1.694902e+01
9.998576e-01 2.811792e-03 -1.663830e-02 5.424296e+01 -2.761847e-03 9.999916e-01 3.024016e-03 -9.446294e-01 1.664666e-02 -2.977632e-03 9.998570e-01 -1.878974e+01
9.999449e-01 -2.693332e-04 -1.049691e-02 5.660841e+01 2.564098e-04 9.999992e-01 -1.232463e-03 -9.884636e-01 1.049723e-02 1.229703e-03 9.999441e-01 -1.947875e+01
9.998188e-01 2.883808e-03 -1.881799e-02 5.902379e+01 -2.817340e-03 9.999897e-01 3.557699e-03 -1.028009e+00 1.882806e-02 -3.504036e-03 9.998166e-01 -2.021361e+01
9.999998e-01 -6.274233e-04 -1.148612e-04 6.026096e+01 6.269860e-04 9.999927e-01 -3.765708e-03 -1.039888e+00 1.172228e-04 3.765635e-03 9.999929e-01 -2.046647e+01
9.997770e-01 2.682336e-03 -2.094750e-02 6.164682e+01 -2.594275e-03 9.999877e-01 4.229912e-03 -1.047105e+00 2.095859e-02 -4.174624e-03 9.997716e-01 -2.119841e+01
9.999795e-01 -8.024793e-04 6.345930e-03 6.221214e+01 8.353524e-04 9.999862e-01 -5.179281e-03 -1.035379e+00 -6.341687e-03 5.184476e-03 9.999665e-01 -2.175694e+01
9.997917e-01 1.817492e-03 -2.032653e-02 6.264877e+01 -1.730046e-03 9.999892e-01 4.318843e-03 -1.028057e+00 2.033416e-02 -4.282777e-03 9.997841e-01 -2.159405e+01
9.999856e-01 1.021650e-03 -5.269627e-03 6.475599e+01 -1.037047e-03 9.999952e-01 -2.919837e-03 -1.062743e+00 5.266619e-03 2.925259e-03 9.999819e-01 -2.199825e+01
9.999107e-01 1.214730e-03 -1.331092e-02 6.617395e+01 -1.175389e-03 9.999949e-01 2.962971e-03 -1.093879e+00 1.331445e-02 -2.947060e-03 9.999070e-01 -2.148349e+01
9.999379e-01 -1.063667e-03 1.109640e-02 6.513658e+01 1.139939e-03 9.999758e-01 -6.869579e-03 -1.047963e+00 -1.108882e-02 6.881801e-03 9.999148e-01 -2.040271e+01
9.997478e-01 1.887235e-03 -2.237717e-02 6.550880e+01 -1.756322e-03 9.999812e-01 5.868476e-03 -1.071978e+00 2.238783e-02 -5.827694e-03 9.997324e-01 -1.876177e+01
9.999770e-01 1.028970e-03 -6.708432e-03 6.809383e+01 -1.058385e-03 9.999898e-01 -4.382702e-03 -1.132285e+00 6.703854e-03 4.389701e-03 9.999679e-01 -1.858218e+01
9.998725e-01 1.246952e-03 -1.591676e-02 6.975198e+01 -1.173014e-03 9.999885e-01 4.653727e-03 -1.160915e+00 1.592238e-02 -4.634462e-03 9.998625e-01 -1.846287e+01
9.999971e-01 5.798771e-04 -2.321352e-03 7.072730e+01 -5.916164e-04 9.999870e-01 -5.059444e-03 -1.174146e+00 2.318388e-03 5.060802e-03 9.999845e-01 -1.855017e+01
9.999701e-01 1.239129e-03 -7.634398e-03 7.159118e+01 -1.221415e-03 9.999966e-01 2.324420e-03 -1.253981e+00 7.637252e-03 -2.315025e-03 9.999682e-01 -1.572876e+01
9.999989e-01 5.122903e-05 -1.448610e-03 7.193773e+01 -5.871266e-05 9.999867e-01 -5.166253e-03 -1.299569e+00 1.448326e-03 5.166332e-03 9.999856e-01 -1.323516e+01
9.999828e-01 1.029704e-03 -5.775961e-03 7.207542e+01 -1.016544e-03 9.999969e-01 2.280864e-03 -1.333839e+00 5.778291e-03 -2.274953e-03 9.999807e-01 -1.082243e+01
9.999872e-01 -3.967341e-04 5.051787e-03 7.173394e+01 4.277974e-04 9.999810e-01 -6.149431e-03 -1.350227e+00 -5.049251e-03 6.151513e-03 9.999683e-01 -8.315210e+00
9.999957e-01 1.012894e-03 -2.761085e-03 7.172410e+01 -1.006428e-03 9.999968e-01 2.341884e-03 -1.399946e+00 2.763449e-03 -2.339094e-03 9.999934e-01 -5.529916e+00
9.999987e-01 -3.263677e-04 1.568075e-03 7.167130e+01 3.344917e-04 9.999865e-01 -5.183660e-03 -1.436203e+00 -1.566362e-03 5.184177e-03 9.999853e-01 -3.121516e+00
9.999922e-01 5.831119e-04 -3.895885e-03 7.085088e+01 -5.822435e-04 9.999998e-01 2.239244e-04 -1.411996e+00 3.896014e-03 -2.216537e-04 9.999924e-01 -1.151307e+00
9.999856e-01 -5.145735e-05 5.362841e-03 7.083657e+01 6.946798e-05 9.999944e-01 -3.358349e-03 -1.454683e+00 -5.362638e-03 3.358672e-03 9.999800e-01 1.246302e+00
9.999511e-01 4.876289e-04 -9.874131e-03 7.078706e+01 -4.641596e-04 9.999971e-01 2.378958e-03 -1.471050e+00 9.875262e-03 -2.374258e-03 9.999484e-01 2.160453e+00
9.999824e-01 6.879436e-05 5.931517e-03 7.085518e+01 -4.940681e-05 9.999947e-01 -3.268713e-03 -1.495603e+00 -5.931710e-03 3.268362e-03 9.999771e-01 3.191131e+00
9.999159e-01 4.782871e-04 -1.295720e-02 7.121149e+01 -4.515947e-04 9.999978e-01 2.062865e-03 -1.545567e+00 1.295815e-02 -2.056839e-03 9.999139e-01 4.469661e+00
9.999996e-01 2.219192e-04 8.751260e-04 7.167570e+01 -2.213676e-04 9.999998e-01 -6.307408e-04 -1.551276e+00 -8.752660e-04 6.305462e-04 9.999994e-01 4.032119e+00
9.999446e-01 3.995034e-04 -1.051594e-02 7.195880e+01 -3.850609e-04 9.999990e-01 1.375344e-03 -1.560993e+00 1.051648e-02 -1.371218e-03 9.999438e-01 3.902502e+00
9.999866e-01 9.265760e-05 5.171704e-03 7.190249e+01 -8.456629e-05 9.999988e-01 -1.564806e-03 -1.568422e+00 -5.171842e-03 1.564347e-03 9.999854e-01 4.510143e+00
9.999744e-01 5.229907e-04 -7.130469e-03 7.205573e+01 -5.267896e-04 9.999997e-01 -5.309562e-04 -1.609746e+00 7.130189e-03 5.346995e-04 9.999744e-01 6.310439e+00
9.999936e-01 1.428759e-04 3.581826e-03 7.225688e+01 -1.377950e-04 9.999990e-01 -1.418852e-03 -1.659841e+00 -3.582025e-03 1.418349e-03 9.999926e-01 7.990893e+00
9.999855e-01 8.383169e-05 -5.378518e-03 7.206335e+01 -8.135730e-05 9.999999e-01 4.601963e-04 -1.665630e+00 5.378556e-03 -4.597514e-04 9.999854e-01 9.034817e+00
9.999943e-01 1.719625e-04 3.358747e-03 7.177574e+01 -1.658944e-04 9.999984e-01 -1.806962e-03 -1.665256e+00 -3.359052e-03 1.806394e-03 9.999927e-01 1.019057e+01
9.999684e-01 7.202265e-05 -7.948903e-03 7.156299e+01 -6.294460e-05 9.999993e-01 1.142247e-03 -1.664531e+00 7.948980e-03 -1.141710e-03 9.999678e-01 1.083135e+01
9.999968e-01 -4.776371e-05 2.518999e-03 7.095127e+01 5.351369e-05 9.999974e-01 -2.282782e-03 -1.636910e+00 -2.518883e-03 2.282909e-03 9.999942e-01 1.074946e+01
9.999742e-01 -8.023983e-05 -7.185184e-03 7.005844e+01 8.232715e-05 1.000000e+00 2.901532e-04 -1.594719e+00 7.185161e-03 -2.907366e-04 9.999741e-01 1.040793e+01
9.999991e-01 1.300372e-04 1.324435e-03 6.940265e+01 -1.279440e-04 9.999987e-01 -1.580769e-03 -1.563124e+00 -1.324639e-03 1.580598e-03 9.999979e-01 1.004270e+01
9.999677e-01 3.029053e-04 -8.035070e-03 6.907955e+01 -2.953239e-04 9.999995e-01 9.446632e-04 -1.541551e+00 8.035353e-03 -9.422591e-04 9.999673e-01 9.502650e+00
9.999969e-01 -2.309468e-04 2.475096e-03 6.842932e+01 2.364126e-04 9.999975e-01 -2.208423e-03 -1.512971e+00 -2.474580e-03 2.209001e-03 9.999945e-01 9.217076e+00
9.999336e-01 4.895517e-04 -1.151269e-02 6.841666e+01 -4.584885e-04 9.999962e-01 2.700623e-03 -1.509730e+00 1.151397e-02 -2.695165e-03 9.999301e-01 9.043515e+00
9.999937e-01 1.591738e-04 -3.550484e-03 6.921666e+01 -1.617093e-04 9.999997e-01 -7.137547e-04 -1.525868e+00 3.550370e-03 7.143237e-04 9.999934e-01 8.731580e+00
9.999840e-01 4.519004e-04 -5.646380e-03 6.924231e+01 -4.475316e-04 9.999996e-01 7.749095e-04 -1.515597e+00 5.646728e-03 -7.723695e-04 9.999838e-01 8.037483e+00
9.999974e-01 1.273015e-04 -2.256826e-03 6.921619e+01 -1.291449e-04 9.999997e-01 -8.164963e-04 -1.503265e+00 2.256721e-03 8.167851e-04 9.999971e-01 7.373420e+00
9.999666e-01 6.211521e-04 -8.145906e-03 6.959356e+01 -6.072977e-04 9.999984e-01 1.703095e-03 -1.503537e+00 8.146951e-03 -1.698091e-03 9.999654e-01 6.900361e+00
9.999949e-01 2.509693e-04 -3.175198e-03 6.999862e+01 -2.537694e-04 9.999996e-01 -8.813443e-04 -1.496058e+00 3.174975e-03 8.821450e-04 9.999946e-01 5.879682e+00
9.999925e-01 8.046615e-04 -3.791786e-03 6.994295e+01 -8.045988e-04 9.999997e-01 1.795756e-05 -1.480570e+00 3.791799e-03 -1.490597e-05 9.999928e-01 4.551792e+00
9.999983e-01 5.179736e-05 -1.837391e-03 6.975103e+01 -5.339414e-05 9.999996e-01 -8.687830e-04 -1.464142e+00 1.837345e-03 8.688791e-04 9.999979e-01 3.964865e+00
9.999814e-01 7.702003e-04 -6.055173e-03 6.981284e+01 -7.640751e-04 9.999992e-01 1.013743e-03 -1.458767e+00 6.055950e-03 -1.009097e-03 9.999812e-01 3.139119e+00
9.999979e-01 3.327567e-06 -2.055884e-03 6.993142e+01 -5.340901e-06 9.999995e-01 -9.790920e-04 -1.452948e+00 2.055880e-03 9.791003e-04 9.999974e-01 2.365010e+00
9.999636e-01 4.588122e-04 -8.519829e-03 7.025531e+01 -4.408834e-04 9.999977e-01 2.106070e-03 -1.458122e+00 8.520776e-03 -2.102237e-03 9.999615e-01 1.909679e+00
9.999993e-01 3.794316e-04 1.151282e-03 7.025903e+01 -3.766666e-04 9.999970e-01 -2.401319e-03 -1.448007e+00 -1.152190e-03 2.400883e-03 9.999965e-01 1.114134e+00
9.999620e-01 2.348964e-04 -8.711508e-03 7.018527e+01 -2.161510e-04 9.999977e-01 2.152627e-03 -1.434176e+00 8.711993e-03 -2.150661e-03 9.999597e-01 3.544241e-01
9.999998e-01 6.188285e-04 1.692894e-04 7.026195e+01 -6.184438e-04 9.999972e-01 -2.266029e-03 -1.423461e+00 -1.706914e-04 2.265923e-03 9.999974e-01 -6.856291e-01
9.999714e-01 1.666158e-04 -7.555537e-03 7.023177e+01 -1.519651e-04 9.999981e-01 1.939542e-03 -1.412680e+00 7.555846e-03 -1.938338e-03 9.999696e-01 -1.508381e+00
9.999998e-01 2.910257e-04 5.676643e-04 6.998086e+01 -2.896536e-04 9.999970e-01 -2.416370e-03 -1.393076e+00 -5.683659e-04 2.416204e-03 9.999969e-01 -2.084510e+00
9.999717e-01 -3.511846e-05 -7.529073e-03 6.963987e+01 4.808617e-05 9.999985e-01 1.722118e-03 -1.371037e+00 7.529002e-03 -1.722431e-03 9.999702e-01 -2.610841e+00
9.999981e-01 1.863394e-04 1.929430e-03 6.919210e+01 -1.815626e-04 9.999969e-01 -2.475848e-03 -1.348904e+00 -1.929885e-03 2.475493e-03 9.999951e-01 -2.714434e+00
9.999723e-01 9.781879e-06 -7.440057e-03 6.887138e+01 4.924845e-06 9.999980e-01 1.976615e-03 -1.333741e+00 7.440062e-03 -1.976596e-03 9.999704e-01 -2.732888e+00
9.999966e-01 9.698880e-05 2.593067e-03 6.818200e+01 -8.783801e-05 9.999938e-01 -3.529000e-03 -1.300271e+00 -2.593393e-03 3.528760e-03 9.999904e-01 -3.016708e+00
9.999176e-01 1.633077e-04 -1.283952e-02 6.840990e+01 -1.074906e-04 9.999905e-01 4.347818e-03 -1.304271e+00 1.284011e-02 -4.346079e-03 9.999081e-01 -2.998710e+00
9.999999e-01 3.073469e-04 -3.189166e-04 6.897952e+01 -3.082884e-04 9.999956e-01 -2.954950e-03 -1.320054e+00 3.180069e-04 2.955047e-03 9.999956e-01 -2.986620e+00
9.999814e-01 -1.527540e-04 -6.089302e-03 6.857946e+01 1.665539e-04 9.999974e-01 2.265724e-03 -1.299456e+00 6.088940e-03 -2.266696e-03 9.999789e-01 -3.254794e+00
9.999993e-01 2.347110e-05 1.189858e-03 6.798940e+01 -1.992750e-05 9.999956e-01 -2.978478e-03 -1.271323e+00 -1.189923e-03 2.978451e-03 9.999949e-01 -3.126124e+00
9.999720e-01 -2.615433e-04 -7.476415e-03 6.746570e+01 2.805098e-04 9.999967e-01 2.535846e-03 -1.244726e+00 7.475728e-03 -2.537872e-03 9.999688e-01 -3.086035e+00
9.999962e-01 1.165668e-04 2.745100e-03 6.673403e+01 -1.062513e-04 9.999929e-01 -3.757811e-03 -1.211044e+00 -2.745519e-03 3.757505e-03 9.999892e-01 -3.060601e+00
9.999624e-01 -2.432273e-04 -8.669455e-03 6.635723e+01 2.743561e-04 9.999935e-01 3.589575e-03 -1.190174e+00 8.668526e-03 -3.591818e-03 9.999560e-01 -2.946325e+00
9.999807e-01 1.298533e-04 6.211663e-03 6.597962e+01 -1.038552e-04 9.999912e-01 -4.185581e-03 -1.173614e+00 -6.212152e-03 4.184855e-03 9.999719e-01 -2.260757e+00
9.999334e-01 -9.848758e-06 -1.153978e-02 6.578814e+01 5.527893e-05 9.999923e-01 3.936479e-03 -1.164677e+00 1.153965e-02 -3.936855e-03 9.999257e-01 -1.721794e+00
9.999711e-01 -2.052945e-04 7.594148e-03 6.519988e+01 2.393507e-04 9.999899e-01 -4.483966e-03 -1.132612e+00 -7.593151e-03 4.485653e-03 9.999611e-01 -1.319040e+00
9.999532e-01 -4.275314e-04 -9.660286e-03 6.435591e+01 4.573082e-04 9.999952e-01 3.080349e-03 -1.082362e+00 9.658922e-03 -3.084622e-03 9.999486e-01 -6.081365e-01
9.999907e-01 4.632886e-04 4.289325e-03 6.395025e+01 -4.476411e-04 9.999932e-01 -3.648359e-03 -1.062500e+00 -4.290986e-03 3.646404e-03 9.999841e-01 -3.130933e-01
9.999568e-01 -6.592983e-04 -9.271688e-03 6.329436e+01 6.849386e-04 9.999959e-01 2.762479e-03 -1.029324e+00 9.269830e-03 -2.768710e-03 9.999532e-01 -1.999881e-01
9.999995e-01 9.807636e-04 7.269299e-05 6.342560e+01 -9.806227e-04 9.999977e-01 -1.918940e-03 -1.028674e+00 -7.457492e-05 1.918868e-03 9.999982e-01 -2.135034e-02
9.999883e-01 -5.964124e-04 -4.796771e-03 6.348232e+01 6.036522e-04 9.999987e-01 1.507892e-03 -1.046396e+00 4.795866e-03 -1.510769e-03 9.999874e-01 7.734496e-01
9.999987e-01 9.347721e-04 1.348468e-03 6.327803e+01 -9.317151e-04 9.999970e-01 -2.266195e-03 -1.044712e+00 -1.350582e-03 2.264935e-03 9.999965e-01 1.693278e+00
9.999667e-01 -5.144346e-04 -8.145099e-03 6.330592e+01 5.357954e-04 9.999964e-01 2.620513e-03 -1.050657e+00 8.143722e-03 -2.624789e-03 9.999634e-01 2.065621e+00
9.999917e-01 1.060312e-03 -3.926096e-03 6.371090e+01 -1.066179e-03 9.999983e-01 -1.492450e-03 -1.068529e+00 3.924507e-03 1.496623e-03 9.999912e-01 2.281733e+00
9.999195e-01 -3.393806e-04 -1.268363e-02 6.454592e+01 3.796120e-04 9.999949e-01 3.169601e-03 -1.091001e+00 1.268249e-02 -3.174160e-03 9.999145e-01 2.173817e+00
9.999992e-01 1.042600e-03 7.362363e-04 6.510063e+01 -1.041238e-03 9.999977e-01 -1.849663e-03 -1.100954e+00 -7.381631e-04 1.848895e-03 9.999980e-01 2.062569e+00
9.998298e-01 -2.643560e-04 -1.844844e-02 6.603238e+01 3.323341e-04 9.999932e-01 3.681769e-03 -1.126671e+00 1.844734e-02 -3.687273e-03 9.998230e-01 1.900593e+00
9.999450e-01 7.413726e-04 1.046063e-02 6.611422e+01 -7.080935e-04 9.999947e-01 -3.184765e-03 -1.120978e+00 -1.046294e-02 3.177182e-03 9.999402e-01 1.740454e+00
9.998412e-01 -6.039098e-04 -1.780817e-02 6.600566e+01 6.669893e-04 9.999935e-01 3.536412e-03 -1.110319e+00 1.780592e-02 -3.547728e-03 9.998352e-01 1.944927e+00
9.999926e-01 1.597973e-03 3.511857e-03 6.672211e+01 -1.591041e-03 9.999968e-01 -1.975824e-03 -1.122539e+00 -3.515003e-03 1.970221e-03 9.999919e-01 1.609619e+00
9.998518e-01 -6.843968e-04 -1.719929e-02 6.745473e+01 7.415593e-04 9.999942e-01 3.317351e-03 -1.138934e+00 1.719692e-02 -3.329613e-03 9.998466e-01 1.385138e+00
9.999789e-01 1.434773e-03 6.331209e-03 6.796641e+01 -1.418264e-03 9.999956e-01 -2.611329e-03 -1.159823e+00 -6.334927e-03 2.602294e-03 9.999765e-01 1.606089e+00
9.997959e-01 -4.534924e-04 -2.019748e-02 6.873891e+01 5.281489e-04 9.999930e-01 3.691122e-03 -1.183277e+00 2.019567e-02 -3.701036e-03 9.997892e-01 1.552492e+00
9.999867e-01 1.277043e-03 4.995860e-03 6.954328e+01 -1.263894e-03 9.999957e-01 -2.634355e-03 -1.219260e+00 -4.999203e-03 2.628005e-03 9.999841e-01 1.916524e+00
9.997532e-01 -1.729340e-04 -2.221423e-02 7.057961e+01 2.680356e-04 9.999908e-01 4.278183e-03 -1.241289e+00 2.221328e-02 -4.283081e-03 9.997441e-01 1.570043e+00
9.999684e-01 1.261059e-03 7.843270e-03 7.140974e+01 -1.241990e-03 9.999963e-01 -2.435798e-03 -1.250670e+00 -7.846312e-03 2.425979e-03 9.999663e-01 9.940497e-01
9.998190e-01 -1.884805e-04 -1.902479e-02 7.195148e+01 2.507202e-04 9.999946e-01 3.269144e-03 -1.252355e+00 1.902407e-02 -3.273322e-03 9.998137e-01 2.280884e-01
9.999777e-01 1.179511e-03 6.570816e-03 7.254239e+01 -1.166104e-03 9.999972e-01 -2.043847e-03 -1.256961e+00 -6.573208e-03 2.036138e-03 9.999763e-01 -4.111503e-01
9.998190e-01 -2.828241e-04 -1.902332e-02 7.309945e+01 3.471346e-04 9.999942e-01 3.377371e-03 -1.259426e+00 1.902225e-02 -3.383363e-03 9.998133e-01 -1.013761e+00
9.999879e-01 1.195487e-03 4.769016e-03 7.382307e+01 -1.188347e-03 9.999982e-01 -1.499985e-03 -1.268925e+00 -4.770801e-03 1.494299e-03 9.999875e-01 -1.437931e+00
9.998261e-01 -2.642554e-04 -1.864559e-02 7.448062e+01 3.213402e-04 9.999953e-01 3.058616e-03 -1.274327e+00 1.864470e-02 -3.064075e-03 9.998215e-01 -2.020163e+00
9.999972e-01 1.361616e-03 1.913211e-03 7.541081e+01 -1.359580e-03 9.999985e-01 -1.064987e-03 -1.286923e+00 -1.914658e-03 1.062382e-03 9.999976e-01 -2.498460e+00
9.998412e-01 -4.078308e-04 -1.781743e-02 7.630415e+01 4.627981e-04 9.999951e-01 3.080980e-03 -1.298704e+00 1.781608e-02 -3.088736e-03 9.998365e-01 -2.943458e+00
9.999907e-01 1.464895e-03 4.046873e-03 7.699673e+01 -1.458827e-03 9.999978e-01 -1.502082e-03 -1.307385e+00 -4.049064e-03 1.496164e-03 9.999907e-01 -3.424868e+00
9.998941e-01 -5.995322e-04 -1.454280e-02 7.741096e+01 6.330339e-04 9.999972e-01 2.299132e-03 -1.312930e+00 1.454138e-02 -2.308094e-03 9.998916e-01 -3.825064e+00
9.999705e-01 9.714016e-04 7.613850e-03 7.721502e+01 -9.523951e-04 9.999964e-01 -2.499605e-03 -1.297096e+00 -7.616251e-03 2.492279e-03 9.999679e-01 -3.984185e+00
9.998467e-01 -3.288319e-04 -1.750344e-02 7.745427e+01 3.861441e-04 9.999946e-01 3.271028e-03 -1.296274e+00 1.750227e-02 -3.277286e-03 9.998415e-01 -4.235248e+00
9.999524e-01 1.116207e-03 9.697412e-03 7.764915e+01 -1.087293e-03 9.999949e-01 -2.986355e-03 -1.307178e+00 -9.700696e-03 2.975668e-03 9.999485e-01 -3.861937e+00
9.998618e-01 -4.905829e-04 -1.661693e-02 7.780090e+01 5.420072e-04 9.999951e-01 3.090299e-03 -1.322943e+00 1.661534e-02 -3.098878e-03 9.998572e-01 -3.357775e+00
9.999572e-01 9.850202e-04 9.197357e-03 7.795122e+01 -9.605990e-04 9.999960e-01 -2.659342e-03 -1.338892e+00 -9.199939e-03 2.650393e-03 9.999542e-01 -2.981906e+00
9.998758e-01 -3.976098e-04 -1.575733e-02 7.804699e+01 4.456242e-04 9.999953e-01 3.043688e-03 -1.350744e+00 1.575605e-02 -3.050331e-03 9.998712e-01 -2.666481e+00
9.999490e-01 6.084778e-04 1.007806e-02 7.772624e+01 -5.744933e-04 9.999941e-01 -3.374733e-03 -1.341513e+00 -1.008006e-02 3.368770e-03 9.999435e-01 -2.481326e+00
9.998839e-01 -6.545193e-04 -1.522209e-02 7.704864e+01 6.877131e-04 9.999974e-01 2.175462e-03 -1.311353e+00 1.522063e-02 -2.185678e-03 9.998818e-01 -2.588074e+00
9.999346e-01 3.112081e-04 1.143488e-02 7.620452e+01 -2.715366e-04 9.999939e-01 -3.470775e-03 -1.266610e+00 -1.143589e-02 3.467443e-03 9.999286e-01 -2.315231e+00
9.998786e-01 -5.203109e-04 -1.557051e-02 7.551267e+01 5.595066e-04 9.999967e-01 2.513017e-03 -1.227605e+00 1.556915e-02 -2.521423e-03 9.998756e-01 -1.990806e+00
9.999317e-01 3.154910e-04 1.167956e-02 7.484809e+01 -2.758415e-04 9.999942e-01 -3.396279e-03 -1.190670e+00 -1.168056e-02 3.392825e-03 9.999260e-01 -1.620781e+00
9.998682e-01 -6.472738e-04 -1.622026e-02 7.404115e+01 6.801283e-04 9.999977e-01 2.020054e-03 -1.149421e+00 1.621892e-02 -2.030820e-03 9.998664e-01 -1.453660e+00
9.999520e-01 1.099122e-03 9.732236e-03 7.375005e+01 -1.073737e-03 9.999960e-01 -2.613306e-03 -1.133524e+00 -9.735069e-03 2.602730e-03 9.999492e-01 -2.002312e+00
9.998344e-01 -5.289529e-04 -1.819230e-02 7.379724e+01 5.825468e-04 9.999955e-01 2.940764e-03 -1.131969e+00 1.819066e-02 -2.950874e-03 9.998302e-01 -2.630357e+00
9.999298e-01 1.471031e-03 1.176027e-02 7.367283e+01 -1.426662e-03 9.999918e-01 -3.780356e-03 -1.121279e+00 -1.176574e-02 3.763312e-03 9.999237e-01 -3.652783e+00
9.998469e-01 -1.321150e-03 -1.744872e-02 7.315775e+01 1.369991e-03 9.999952e-01 2.787418e-03 -1.099404e+00 1.744495e-02 -2.810895e-03 9.998439e-01 -3.904684e+00
9.999564e-01 1.718890e-03 9.177233e-03 7.313146e+01 -1.696240e-03 9.999955e-01 -2.475372e-03 -1.092702e+00 -9.181447e-03 2.459696e-03 9.999548e-01 -4.358429e+00
9.997708e-01 -8.906933e-04 -2.139281e-02 7.365519e+01 9.719202e-04 9.999924e-01 3.786802e-03 -1.097350e+00 2.138927e-02 -3.806725e-03 9.997640e-01 -4.806919e+00
9.999253e-01 9.276612e-04 1.218402e-02 7.372236e+01 -8.918268e-04 9.999953e-01 -2.946249e-03 -1.089591e+00 -1.218670e-02 2.935162e-03 9.999214e-01 -4.728140e+00
9.998066e-01 -9.187122e-04 -1.964581e-02 7.337404e+01 9.761439e-04 9.999953e-01 2.913937e-03 -1.068532e+00 1.964304e-02 -2.932550e-03 9.998028e-01 -4.833231e+00
9.999181e-01 1.778442e-03 1.267044e-02 7.322489e+01 -1.733858e-03 9.999923e-01 -3.528945e-03 -1.055150e+00 -1.267662e-02 3.506687e-03 9.999135e-01 -5.980143e+00
9.998008e-01 -7.885072e-04 -1.994388e-02 7.329679e+01 8.542280e-04 9.999942e-01 3.286955e-03 -1.048495e+00 1.994118e-02 -3.303336e-03 9.997957e-01 -6.923145e+00
9.999378e-01 1.644372e-03 1.102965e-02 7.349911e+01 -1.613390e-03 9.999947e-01 -2.817421e-03 -1.047080e+00 -1.103422e-02 2.799450e-03 9.999352e-01 -7.555417e+00
9.997872e-01 -8.561738e-04 -2.061305e-02 7.369545e+01 9.271201e-04 9.999937e-01 3.432478e-03 -1.042867e+00 2.060998e-02 -3.450858e-03 9.997816e-01 -8.351282e+00
9.999420e-01 1.522765e-03 1.066054e-02 7.392661e+01 -1.491821e-03 9.999947e-01 -2.910106e-03 -1.042163e+00 -1.066491e-02 2.894033e-03 9.999389e-01 -9.366985e+00
9.997549e-01 -4.902890e-04 -2.213291e-02 7.436658e+01 5.667865e-04 9.999939e-01 3.450111e-03 -1.039184e+00 2.213109e-02 -3.461810e-03 9.997491e-01 -1.024711e+01
9.999117e-01 1.300464e-03 1.322387e-02 7.450738e+01 -1.259567e-03 9.999944e-01 -3.100519e-03 -1.034251e+00 -1.322783e-02 3.083589e-03 9.999078e-01 -1.112498e+01
9.997658e-01 -6.433340e-04 -2.163061e-02 7.464219e+01 7.195471e-04 9.999936e-01 3.515766e-03 -1.034443e+00 2.162821e-02 -3.530506e-03 9.997598e-01 -1.164041e+01
9.999178e-01 8.460143e-04 1.279375e-02 7.458116e+01 -8.102919e-04 9.999958e-01 -2.797147e-03 -1.029317e+00 -1.279606e-02 2.786550e-03 9.999142e-01 -1.175444e+01
9.997997e-01 -4.308031e-04 -2.000925e-02 7.431522e+01 4.802150e-04 9.999968e-01 2.464683e-03 -1.014643e+00 2.000813e-02 -2.473798e-03 9.997968e-01 -1.223742e+01
9.999108e-01 6.871598e-04 1.333737e-02 7.405299e+01 -6.512020e-04 9.999961e-01 -2.700223e-03 -1.003694e+00 -1.333917e-02 2.691297e-03 9.999074e-01 -1.240448e+01
9.997219e-01 -4.417206e-04 -2.357768e-02 7.426068e+01 5.378124e-04 9.999916e-01 4.069330e-03 -1.007947e+00 2.357568e-02 -4.080878e-03 9.997137e-01 -1.267807e+01
9.998556e-01 6.233390e-04 1.698066e-02 7.423386e+01 -5.642354e-04 9.999938e-01 -3.485245e-03 -1.006650e+00 -1.698273e-02 3.475160e-03 9.998497e-01 -1.245281e+01
9.997539e-01 -9.251775e-04 -2.216422e-02 7.375802e+01 1.000700e-03 9.999937e-01 3.396529e-03 -9.729784e-01 2.216094e-02 -3.417872e-03 9.997486e-01 -1.199832e+01
9.998660e-01 9.871413e-04 1.634005e-02 7.372320e+01 -9.375869e-04 9.999949e-01 -3.040118e-03 -9.735064e-01 -1.634297e-02 3.024390e-03 9.998619e-01 -1.143282e+01
9.998753e-01 -1.527457e-03 -1.572035e-02 7.326349e+01 1.548650e-03 9.999979e-01 1.335976e-03 -9.488279e-01 1.571827e-02 -1.360154e-03 9.998755e-01 -9.742064e+00
9.998651e-01 5.233585e-04 1.641924e-02 7.237633e+01 -4.732091e-04 9.999952e-01 -3.058077e-03 -8.837701e-01 -1.642077e-02 3.049894e-03 9.998605e-01 -8.204044e+00
9.997275e-01 -4.253300e-04 -2.334080e-02 7.272550e+01 4.952643e-04 9.999954e-01 2.990502e-03 -9.088832e-01 2.333942e-02 -3.001246e-03 9.997231e-01 -7.149632e+00
9.998852e-01 6.503863e-04 1.513616e-02 7.324572e+01 -5.943551e-04 9.999930e-01 -3.706058e-03 -9.498540e-01 -1.513847e-02 3.696636e-03 9.998786e-01 -5.765579e+00
9.998929e-01 -1.278388e-03 -1.458097e-02 7.257450e+01 1.312721e-03 9.999964e-01 2.345268e-03 -9.077141e-01 1.457792e-02 -2.364158e-03 9.998909e-01 -4.492657e+00
9.999028e-01 3.666573e-04 1.393928e-02 7.155670e+01 -3.168891e-04 9.999936e-01 -3.572438e-03 -8.351269e-01 -1.394050e-02 3.567673e-03 9.998965e-01 -3.529271e+00
9.999027e-01 -1.113164e-03 -1.390854e-02 7.066731e+01 1.143933e-03 9.999969e-01 2.204430e-03 -7.775532e-01 1.390604e-02 -2.220126e-03 9.999008e-01 -2.497175e+00
9.998730e-01 -4.514449e-04 1.593044e-02 6.886362e+01 5.356297e-04 9.999859e-01 -5.280698e-03 -6.583299e-01 -1.592783e-02 5.288560e-03 9.998592e-01 -1.317391e+00
9.998198e-01 -6.054249e-04 -1.897372e-02 6.776604e+01 6.808867e-04 9.999919e-01 3.970932e-03 -5.809571e-01 1.897116e-02 -3.983135e-03 9.998121e-01 -6.487861e-01
9.999782e-01 1.005180e-03 6.522574e-03 6.828047e+01 -9.873001e-04 9.999957e-01 -2.743965e-03 -6.047189e-01 -6.525304e-03 2.737465e-03 9.999750e-01 -4.577199e-01
9.999356e-01 -1.058031e-03 -1.129857e-02 6.806310e+01 1.090579e-03 9.999953e-01 2.874833e-03 -5.926705e-01 1.129548e-02 -2.886970e-03 9.999320e-01 4.731073e-02
9.999470e-01 4.379729e-04 1.028973e-02 6.730636e+01 -3.999417e-04 9.999931e-01 -3.697863e-03 -5.395109e-01 -1.029128e-02 3.693551e-03 9.999402e-01 1.016585e+00
9.998414e-01 -8.318753e-04 -1.779207e-02 6.721426e+01 9.002429e-04 9.999922e-01 3.834887e-03 -5.160361e-01 1.778874e-02 -3.850296e-03 9.998344e-01 1.971413e+00
9.999898e-01 1.426518e-03 4.279795e-03 6.789984e+01 -1.413084e-03 9.999941e-01 -3.140542e-03 -5.465845e-01 -4.284249e-03 3.134462e-03 9.999859e-01 2.582355e+00
9.999763e-01 -1.930125e-03 -6.614424e-03 6.741116e+01 1.944472e-03 9.999958e-01 2.163148e-03 -5.146781e-01 6.610220e-03 -2.175958e-03 9.999758e-01 3.685578e+00
9.999875e-01 1.181162e-03 4.848552e-03 6.673922e+01 -1.166455e-03 9.999947e-01 -3.035228e-03 -4.685467e-01 -4.852111e-03 3.029534e-03 9.999836e-01 4.716451e+00
9.999755e-01 -1.885802e-03 -6.743052e-03 6.619727e+01 1.901070e-03 9.999956e-01 2.258373e-03 -4.310704e-01 6.738763e-03 -2.271136e-03 9.999747e-01 5.863346e+00
9.999695e-01 1.008874e-03 7.740224e-03 6.524584e+01 -9.784823e-04 9.999918e-01 -3.929341e-03 -3.658705e-01 -7.744125e-03 3.921648e-03 9.999623e-01 7.218897e+00
9.999596e-01 -1.947581e-03 -8.773563e-03 6.447527e+01 1.973900e-03 9.999936e-01 2.992115e-03 -3.101494e-01 8.767679e-03 -3.009312e-03 9.999570e-01 8.397455e+00
9.999558e-01 1.111482e-03 9.337684e-03 6.373150e+01 -1.069579e-03 9.999893e-01 -4.491339e-03 -2.596618e-01 -9.342577e-03 4.481152e-03 9.999463e-01 9.855733e+00
9.999760e-01 -2.443995e-03 -6.480503e-03 6.249975e+01 2.459751e-03 9.999940e-01 2.424247e-03 -1.692831e-01 6.474539e-03 -2.440129e-03 9.999761e-01 1.147911e+01
9.999685e-01 1.049532e-03 7.870114e-03 6.106512e+01 -1.013219e-03 9.999888e-01 -4.616728e-03 -6.822346e-02 -7.874872e-03 4.608608e-03 9.999584e-01 1.272001e+01
9.999596e-01 -2.466985e-03 -8.641496e-03 6.009986e+01 2.498089e-03 9.999904e-01 3.590392e-03 5.217073e-03 8.632556e-03 -3.611833e-03 9.999562e-01 1.392975e+01
9.994390e-01 2.788493e-03 -3.337595e-02 6.319470e+01 -2.801890e-03 9.999960e-01 -3.546268e-04 -1.202380e-01 3.337483e-02 4.479432e-04 9.994428e-01 1.494381e+01
9.998425e-01 -2.878671e-03 1.751202e-02 6.419223e+01 2.852505e-03 9.999948e-01 1.518958e-03 -1.735451e-01 -1.751630e-02 -1.468765e-03 9.998455e-01 1.578496e+01
9.993712e-01 3.256277e-03 -3.530800e-02 6.493313e+01 -3.209345e-03 9.999939e-01 1.385837e-03 -1.810334e-01 3.531229e-02 -1.271650e-03 9.993755e-01 1.519985e+01
9.998225e-01 -1.678116e-03 1.876375e-02 6.606783e+01 1.662641e-03 9.999983e-01 8.403466e-04 -1.769337e-01 -1.876513e-02 -8.089997e-04 9.998236e-01 1.396243e+01
9.984709e-01 2.323082e-03 -5.523035e-02 6.862388e+01 -2.174516e-03 9.999939e-01 2.749882e-03 -2.682138e-01 5.523640e-02 -2.625579e-03 9.984699e-01 1.410456e+01
9.998501e-01 -1.489088e-03 1.724789e-02 7.140929e+01 1.481841e-03 9.999988e-01 4.330109e-04 -3.566225e-01 -1.724851e-02 -4.073870e-04 9.998512e-01 1.425607e+01
9.987484e-01 2.070746e-03 -4.997410e-02 7.379911e+01 -1.959990e-03 9.999955e-01 2.265180e-03 -4.650317e-01 4.997857e-02 -2.164397e-03 9.987479e-01 1.512365e+01
9.999812e-01 -1.866905e-03 5.847332e-03 7.722155e+01 1.858430e-03 9.999972e-01 1.454572e-03 -6.293042e-01 -5.850031e-03 -1.443678e-03 9.999818e-01 1.680349e+01
9.991425e-01 2.311132e-03 -4.134004e-02 7.970722e+01 -2.272840e-03 9.999969e-01 9.732627e-04 -7.257775e-01 4.134216e-02 -8.784691e-04 9.991447e-01 1.771443e+01
9.993472e-01 -2.452730e-03 3.604353e-02 7.936184e+01 2.471346e-03 9.999968e-01 -4.719448e-04 -6.998624e-01 -3.604226e-02 5.607130e-04 9.993501e-01 1.816774e+01
9.994732e-01 5.250705e-04 -3.245081e-02 7.732439e+01 -6.131236e-04 9.999962e-01 -2.703523e-03 -5.582599e-01 3.244926e-02 2.721995e-03 9.994697e-01 1.975135e+01
9.993257e-01 -2.093938e-03 3.665714e-02 7.518937e+01 2.152358e-03 9.999965e-01 -1.554287e-03 -4.080219e-01 -3.665376e-02 1.632139e-03 9.993267e-01 2.128477e+01
9.993115e-01 1.360541e-03 -3.707564e-02 7.402587e+01 -1.379843e-03 9.999989e-01 -4.950187e-04 -3.303976e-01 3.707493e-02 5.458361e-04 9.993123e-01 2.235689e+01
9.993812e-01 -1.890630e-03 3.512335e-02 7.294415e+01 1.939655e-03 9.999972e-01 -1.361752e-03 -2.626976e-01 -3.512068e-02 1.429037e-03 9.993821e-01 2.301612e+01
9.992986e-01 1.561585e-03 -3.741550e-02 7.210209e+01 -1.552468e-03 9.999988e-01 2.727606e-04 -1.979922e-01 3.741588e-02 -2.144832e-04 9.992998e-01 2.397288e+01
9.992357e-01 -2.464388e-03 3.901330e-02 7.052735e+01 2.605878e-03 9.999902e-01 -3.576258e-03 -7.334339e-02 -3.900410e-02 3.675189e-03 9.992323e-01 2.569388e+01
9.995766e-01 7.000277e-05 -2.909671e-02 6.760130e+01 -1.312565e-04 9.999978e-01 -2.103250e-03 1.354709e-01 2.909649e-02 2.106178e-03 9.995744e-01 2.820949e+01
9.994112e-01 -1.314467e-03 3.428650e-02 6.568570e+01 1.376834e-03 9.999974e-01 -1.795427e-03 2.787774e-01 -3.428405e-02 1.841577e-03 9.994104e-01 3.012059e+01
9.993536e-01 1.019495e-03 -3.593478e-02 6.473343e+01 -1.024145e-03 9.999995e-01 -1.109789e-04 3.607311e-01 3.593465e-02 1.477093e-04 9.993541e-01 3.148502e+01
9.993766e-01 -1.305179e-03 3.527966e-02 6.346163e+01 1.407171e-03 9.999949e-01 -2.866268e-03 4.777034e-01 -3.527574e-02 2.914126e-03 9.993734e-01 3.312346e+01
9.995418e-01 3.069155e-05 -3.026859e-02 6.164751e+01 -5.117663e-05 9.999998e-01 -6.759805e-04 6.097375e-01 3.026856e-02 6.772195e-04 9.995416e-01 3.506905e+01
9.993121e-01 -1.792477e-03 3.704330e-02 5.948023e+01 1.915529e-03 9.999928e-01 -3.286581e-03 7.655772e-01 -3.703714e-02 3.355278e-03 9.993083e-01 3.697611e+01
9.994410e-01 3.567189e-04 -3.342870e-02 5.773958e+01 -3.488940e-04 9.999999e-01 2.399270e-04 8.906907e-01 3.342879e-02 -2.281302e-04 9.994411e-01 3.844789e+01
9.995619e-01 -6.107316e-04 2.959031e-02 5.737895e+01 6.266643e-04 9.999997e-01 -5.291476e-04 9.160231e-01 -2.958998e-02 5.474593e-04 9.995620e-01 3.920820e+01
9.993687e-01 5.915697e-04 -3.552303e-02 5.708701e+01 -5.801344e-04 9.999998e-01 3.322362e-04 9.426046e-01 3.552322e-02 -3.114186e-04 9.993688e-01 3.968323e+01
9.994471e-01 -7.983160e-04 3.323914e-02 5.625523e+01 8.547572e-04 9.999982e-01 -1.683838e-03 1.009703e+00 -3.323774e-02 1.711319e-03 9.994460e-01 4.077895e+01
9.994508e-01 2.539914e-04 -3.313808e-02 5.530850e+01 -2.531760e-04 1.000000e+00 2.882321e-05 1.077140e+00 3.313809e-02 -2.041792e-05 9.994508e-01 4.195300e+01
9.995496e-01 -5.618224e-04 3.000589e-02 5.473204e+01 5.814828e-04 9.999996e-01 -6.464733e-04 1.116820e+00 -3.000552e-02 6.636303e-04 9.995495e-01 4.262027e+01
9.994261e-01 6.369946e-04 -3.386827e-02 5.440673e+01 -6.156828e-04 9.999996e-01 6.397010e-04 1.135742e+00 3.386866e-02 -6.184821e-04 9.994261e-01 4.314514e+01
9.995230e-01 -1.056376e-03 3.086610e-02 5.372394e+01 1.098445e-03 9.999985e-01 -1.346001e-03 1.178687e+00 -3.086463e-02 1.379264e-03 9.995226e-01 4.372304e+01
9.994573e-01 1.788423e-04 -3.294099e-02 5.247169e+01 -2.058829e-04 9.999996e-01 -8.174690e-04 1.249976e+00 3.294083e-02 8.238070e-04 9.994570e-01 4.418659e+01
9.996299e-01 -8.998698e-04 2.718926e-02 5.197859e+01 8.760189e-04 9.999992e-01 8.891405e-04 1.282093e+00 -2.719003e-02 -8.649929e-04 9.996299e-01 4.470282e+01
9.982609e-01 1.742523e-03 -5.892522e-02 5.388306e+01 -1.583351e-03 9.999950e-01 2.747844e-03 1.253711e+00 5.892971e-02 -2.649766e-03 9.982586e-01 4.376029e+01
9.992523e-01 -8.446051e-05 3.866227e-02 5.550848e+01 1.126269e-04 9.999997e-01 -7.263299e-04 1.238614e+00 -3.866220e-02 7.301415e-04 9.992521e-01 4.296291e+01
9.988435e-01 1.102830e-03 -4.806681e-02 5.607903e+01 -1.146925e-03 9.999989e-01 -8.897908e-04 1.217917e+00 4.806578e-02 9.438905e-04 9.988437e-01 4.469463e+01
9.992546e-01 -3.490036e-04 3.860326e-02 5.655572e+01 3.345632e-04 9.999999e-01 3.805480e-04 1.186907e+00 -3.860339e-02 -3.673488e-04 9.992545e-01 4.565087e+01
9.989044e-01 1.175935e-03 -4.678362e-02 5.674757e+01 -1.164666e-03 9.999993e-01 2.681529e-04 1.183864e+00 4.678390e-02 -2.133721e-04 9.989050e-01 4.530434e+01
9.992872e-01 -5.411500e-04 3.774611e-02 5.707592e+01 5.234408e-04 9.999997e-01 4.790672e-04 1.169910e+00 -3.774636e-02 -4.589677e-04 9.992872e-01 4.545799e+01
9.989348e-01 1.235261e-03 -4.612799e-02 5.738860e+01 -1.257151e-03 9.999991e-01 -4.455114e-04 1.144634e+00 4.612740e-02 5.030264e-04 9.989354e-01 4.611186e+01
9.992876e-01 -3.802273e-04 3.773917e-02 5.783307e+01 3.817704e-04 9.999999e-01 -3.366548e-05 1.106149e+00 -3.773915e-02 4.804943e-05 9.992876e-01 4.728853e+01
9.993391e-01 -3.178238e-04 -3.634788e-02 5.696663e+01 2.548907e-04 9.999985e-01 -1.736012e-03 1.161008e+00 3.634838e-02 1.725600e-03 9.993377e-01 4.871471e+01
9.993802e-01 -5.194768e-04 3.519865e-02 5.618147e+01 4.882234e-04 9.999995e-01 8.965243e-04 1.220841e+00 -3.519910e-02 -8.787836e-04 9.993799e-01 4.986708e+01
9.987054e-01 1.229853e-03 -5.085341e-02 5.707148e+01 -1.246146e-03 9.999992e-01 -2.886673e-04 1.183399e+00 5.085301e-02 3.516641e-04 9.987061e-01 5.050432e+01
9.993225e-01 -5.680926e-04 3.679943e-02 5.780077e+01 5.164172e-04 9.999989e-01 1.413753e-03 1.162505e+00 -3.680019e-02 -1.393791e-03 9.993217e-01 5.053367e+01
9.989784e-01 6.985918e-04 -4.518520e-02 5.788267e+01 -7.329935e-04 9.999995e-01 -7.447703e-04 1.167210e+00 4.518465e-02 7.771296e-04 9.989783e-01 5.083454e+01
9.994776e-01 -2.750275e-04 3.231800e-02 5.840748e+01 2.155671e-04 9.999983e-01 1.843347e-03 1.147892e+00 -3.231845e-02 -1.835417e-03 9.994759e-01 5.105502e+01
9.992305e-01 5.047406e-04 -3.922052e-02 5.839804e+01 -5.620749e-04 9.999988e-01 -1.450814e-03 1.146849e+00 3.921974e-02 1.471742e-03 9.992295e-01 5.145868e+01
9.994551e-01 -6.749827e-04 3.300164e-02 5.825271e+01 6.118924e-04 9.999980e-01 1.921815e-03 1.158684e+00 -3.300287e-02 -1.900574e-03 9.994534e-01 5.184220e+01
9.991977e-01 4.397055e-04 -4.004775e-02 5.807957e+01 -4.941087e-04 9.999990e-01 -1.348554e-03 1.174317e+00 4.004712e-02 1.367259e-03 9.991969e-01 5.214627e+01
9.994043e-01 -7.860095e-04 3.450293e-02 5.774590e+01 7.296730e-04 9.999984e-01 1.645383e-03 1.198980e+00 -3.450417e-02 -1.619227e-03 9.994032e-01 5.253587e+01
9.991787e-01 4.362359e-04 -4.051713e-02 5.741839e+01 -4.941663e-04 9.999989e-01 -1.419755e-03 1.226586e+00 4.051647e-02 1.438611e-03 9.991778e-01 5.296425e+01
9.993689e-01 -8.222217e-04 3.551302e-02 5.703976e+01 7.658009e-04 9.999984e-01 1.602330e-03 1.253832e+00 -3.551428e-02 -1.574122e-03 9.993679e-01 5.339842e+01
9.991794e-01 4.543542e-04 -4.049986e-02 5.663810e+01 -5.170821e-04 9.999987e-01 -1.538362e-03 1.282458e+00 4.049910e-02 1.558041e-03 9.991784e-01 5.387880e+01
9.994226e-01 -7.393577e-04 3.397059e-02 5.632290e+01 6.767059e-04 9.999980e-01 1.855776e-03 1.303350e+00 -3.397189e-02 -1.831716e-03 9.994211e-01 5.412887e+01
9.989833e-01 1.001041e-03 -4.506985e-02 5.657848e+01 -1.021265e-03 9.999994e-01 -4.256948e-04 1.299272e+00 4.506940e-02 4.712901e-04 9.989837e-01 5.401595e+01
9.994456e-01 -4.819359e-04 3.329172e-02 5.699474e+01 4.164169e-04 9.999980e-01 1.974952e-03 1.288036e+00 -3.329261e-02 -1.959994e-03 9.994437e-01 5.388972e+01
9.989612e-01 1.021180e-03 -4.555741e-02 5.744487e+01 -1.047240e-03 9.999993e-01 -5.481477e-04 1.272247e+00 4.555681e-02 5.952875e-04 9.989616e-01 5.384503e+01
9.994247e-01 -4.547448e-04 3.391347e-02 5.799276e+01 4.082893e-04 9.999990e-01 1.376755e-03 1.235637e+00 -3.391407e-02 -1.362116e-03 9.994238e-01 5.432749e+01
9.992974e-01 4.780627e-04 -3.747564e-02 5.781505e+01 -5.591898e-04 9.999975e-01 -2.154324e-03 1.236238e+00 3.747451e-02 2.173766e-03 9.992952e-01 5.530069e+01
9.993087e-01 -1.388303e-03 3.715230e-02 5.668066e+01 1.369201e-03 9.999989e-01 5.396094e-04 1.312939e+00 -3.715301e-02 -4.883672e-04 9.993095e-01 5.627696e+01
9.993426e-01 7.122053e-05 -3.625286e-02 5.523044e+01 -1.712736e-04 9.999962e-01 -2.756751e-03 1.412065e+00 3.625252e-02 2.761147e-03 9.993388e-01 5.739601e+01
9.993415e-01 -1.016631e-03 3.627010e-02 5.404491e+01 9.822185e-04 9.999991e-01 9.666086e-04 1.493758e+00 -3.627105e-02 -9.303467e-04 9.993416e-01 5.842381e+01
9.992282e-01 4.672628e-04 -3.927795e-02 5.350510e+01 -5.162852e-04 9.999991e-01 -1.237936e-03 1.532912e+00 3.927734e-02 1.257259e-03 9.992276e-01 5.926732e+01
9.995510e-01 -3.947548e-04 2.996010e-02 5.379537e+01 3.374702e-04 9.999981e-01 1.917087e-03 1.519034e+00 -2.996080e-02 -1.906116e-03 9.995493e-01 5.974978e+01
9.982583e-01 1.972069e-03 -5.896089e-02 5.543066e+01 -1.960405e-03 9.999980e-01 2.556731e-04 1.524832e+00 5.896128e-02 -1.396408e-04 9.982603e-01 5.755348e+01
9.996393e-01 1.200194e-03 2.683081e-02 5.792149e+01 -1.262676e-03 9.999965e-01 2.311969e-03 1.559200e+00 -2.682795e-02 -2.345013e-03 9.996373e-01 5.368559e+01
9.987572e-01 9.720516e-04 -4.983106e-02 5.957639e+01 -9.694660e-04 9.999995e-01 7.607181e-05 1.576785e+00 4.983111e-02 -2.766794e-05 9.987577e-01 5.139498e+01
