9.999862e-01 1.227779e-03 -5.105642e-03 -1.274847e-01 -1.226320e-03 9.999992e-01 2.888681e-04 -7.208504e-03 5.105992e-03 -2.826037e-04 9.999869e-01 5.678279e-01
9.999999e-01 -1.341360e-04 3.308522e-04 -2.148169e-01 1.341325e-04 1.000000e+00 1.074419e-05 -1.856274e-02 -3.308533e-04 -1.069910e-05 9.999999e-01 1.063449e+00
9.999849e-01 1.514245e-03 -5.281938e-03 -3.024016e-01 -1.512273e-03 9.999988e-01 3.772766e-04 -2.764135e-02 5.282502e-03 -3.692839e-04 9.999860e-01 1.766094e+00
9.999999e-01 -2.619350e-04 2.916607e-04 -4.418761e-01 2.619839e-04 1.000000e+00 -1.674242e-04 -3.599916e-02 -2.916165e-04 1.675013e-04 9.999999e-01 2.316213e+00
9.999870e-01 9.225168e-04 -5.017791e-03 -5.926542e-01 -9.219525e-04 9.999996e-01 1.147811e-04 -3.781004e-02 5.017894e-03 -1.101542e-04 9.999874e-01 2.191875e+00
1.000000e+00 -1.242718e-04 2.616832e-04 -7.069993e-01 1.242707e-04 1.000000e+00 4.256550e-06 -4.506110e-02 -2.616834e-04 -4.223318e-06 1.000000e+00 2.314898e+00
9.999829e-01 9.000730e-04 -5.775894e-03 -7.453581e-01 -8.975412e-04 9.999995e-01 4.409247e-04 -5.174042e-02 5.776288e-03 -4.357338e-04 9.999832e-01 2.364058e+00
9.999996e-01 1.685470e-04 9.197182e-04 -7.841344e-01 -1.685052e-04 1.000000e+00 -4.547832e-05 -6.266646e-02 -9.197255e-04 4.532403e-05 9.999996e-01 2.771775e+00
9.999841e-01 1.402588e-03 -5.470071e-03 -8.839695e-01 -1.400157e-03 9.999989e-01 4.481686e-04 -7.126725e-02 5.470693e-03 -4.405032e-04 9.999849e-01 3.642659e+00
9.999999e-01 -3.087057e-04 3.300939e-04 -1.042073e+00 3.087653e-04 9.999999e-01 -1.804962e-04 -7.537802e-02 -3.300378e-04 1.805988e-04 9.999999e-01 4.113924e+00
9.999864e-01 1.170227e-03 -5.082427e-03 -1.081546e+00 -1.168192e-03 9.999992e-01 4.033007e-04 -8.105553e-02 5.082895e-03 -3.973587e-04 9.999870e-01 4.197310e+00
9.999998e-01 -3.455951e-04 4.638513e-04 -1.291337e+00 3.457775e-04 9.999999e-01 -3.931856e-04 -8.250366e-02 -4.637150e-04 3.933466e-04 9.999998e-01 4.370520e+00
9.999865e-01 6.221653e-04 -5.159389e-03 -1.599736e+00 -6.218277e-04 9.999998e-01 6.704215e-05 -7.064003e-02 5.159430e-03 -6.383371e-05 9.999867e-01 3.950120e+00
9.999993e-01 -3.539750e-04 1.124893e-03 -1.704350e+00 3.545220e-04 9.999998e-01 -4.860951e-04 -6.728270e-02 -1.124721e-03 4.864943e-04 9.999992e-01 3.305739e+00
9.999820e-01 1.196554e-03 -5.871036e-03 -1.945551e+00 -1.193585e-03 9.999992e-01 5.092346e-04 -6.936936e-02 5.871640e-03 -5.022186e-04 9.999826e-01 3.580946e+00
9.999997e-01 -2.616576e-04 6.589135e-04 -2.223808e+00 2.620150e-04 9.999998e-01 -5.423698e-04 -6.640609e-02 -6.587711e-04 5.425430e-04 9.999996e-01 3.773549e+00
9.999901e-01 2.554942e-04 -4.431168e-03 -2.418692e+00 -2.568818e-04 9.999999e-01 -3.125624e-04 -5.855335e-02 4.431087e-03 3.136969e-04 9.999901e-01 2.832591e+00
9.999999e-01 -5.372268e-05 3.662821e-04 -2.586299e+00 5.387803e-05 9.999999e-01 -4.239786e-04 -5.069766e-02 -3.662589e-04 4.239991e-04 9.999998e-01 2.050796e+00
9.999905e-01 4.861783e-04 -4.323289e-03 -2.582161e+00 -4.845795e-04 9.999998e-01 3.708552e-04 -5.333906e-02 4.323468e-03 -3.687574e-04 9.999906e-01 1.725481e+00
9.999999e-01 1.723810e-04 -3.154062e-04 -2.660302e+00 -1.724737e-04 9.999999e-01 -2.940318e-04 -5.497772e-02 3.153559e-04 2.940869e-04 9.999999e-01 1.702428e+00
9.999913e-01 2.564421e-04 -4.153654e-03 -2.692524e+00 -2.554333e-04 9.999999e-01 2.433971e-04 -5.462107e-02 4.153715e-03 -2.423347e-04 9.999913e-01 1.303397e+00
1.000000e+00 -1.808631e-04 1.953726e-04 -2.878860e+00 1.810254e-04 9.999996e-01 -8.307786e-04 -4.622763e-02 -1.952219e-04 8.308146e-04 9.999996e-01 6.087506e-01
9.999907e-01 2.383102e-04 -4.315701e-03 -3.135351e+00 -2.381068e-04 1.000000e+00 4.766748e-05 -3.356641e-02 4.315712e-03 -4.664015e-05 9.999907e-01 -1.891345e-01
1.000000e+00 5.037275e-05 2.834633e-04 -3.144089e+00 -5.026614e-05 9.999999e-01 -3.758652e-04 -2.950443e-02 -2.834819e-04 3.758517e-04 9.999999e-01 -8.203570e-01
9.999885e-01 7.697584e-04 -4.731940e-03 -3.149019e+00 -7.672833e-04 9.999996e-01 5.248619e-04 -3.539165e-02 4.732342e-03 -5.212258e-04 9.999887e-01 -7.653312e-01
9.999997e-01 3.602360e-04 -7.174068e-04 -3.175846e+00 -3.602120e-04 9.999999e-01 3.353811e-05 -4.493809e-02 7.174192e-04 -3.327897e-05 9.999997e-01 -2.826949e-01
9.999886e-01 3.763795e-04 -4.750968e-03 -3.030341e+00 -3.739370e-04 9.999998e-01 5.150054e-04 -5.218561e-02 4.751160e-03 -5.132237e-04 9.999886e-01 -3.022664e-01
9.999995e-01 -2.434018e-04 9.534455e-04 -2.981271e+00 2.444549e-04 9.999994e-01 -1.104406e-03 -4.465745e-02 -9.531758e-04 1.104640e-03 9.999989e-01 -1.233675e+00
9.999891e-01 4.175934e-04 -4.646414e-03 -3.375724e+00 -4.159859e-04 9.999999e-01 3.469446e-04 -2.565658e-02 4.646558e-03 -3.450087e-04 9.999891e-01 -1.671937e+00
1.000000e+00 -1.960526e-04 -2.073364e-04 -4.062710e+00 1.958468e-04 9.999995e-01 -9.925705e-04 2.540302e-03 2.075312e-04 9.925306e-04 9.999995e-01 -1.845917e+00
9.999888e-01 9.895275e-04 -4.623674e-03 -4.457639e+00 -9.844090e-04 9.999989e-01 1.109174e-03 1.551132e-02 4.624766e-03 -1.104611e-03 9.999887e-01 -1.448415e+00
9.999997e-01 -8.954848e-05 -8.210222e-04 -4.638591e+00 8.908589e-05 9.999998e-01 -5.635438e-04 1.837730e-02 8.210729e-04 5.634712e-04 9.999995e-01 -1.033956e+00
9.999937e-01 2.472925e-04 -3.538101e-03 -4.653993e+00 -2.472632e-04 1.000000e+00 8.758479e-06 2.616926e-02 3.538103e-03 -7.884295e-06 9.999937e-01 -1.878161e+00
9.999998e-01 -1.395100e-05 -6.381725e-04 -4.539729e+00 1.365105e-05 9.999999e-01 -4.701549e-04 3.368500e-02 6.381793e-04 4.701468e-04 9.999997e-01 -2.830059e+00
9.999954e-01 1.378506e-04 -3.020448e-03 -4.504822e+00 -1.389804e-04 9.999999e-01 -3.738083e-04 4.167631e-02 3.020396e-03 3.742256e-04 9.999954e-01 -3.865552e+00
9.999992e-01 -2.837895e-05 -1.282141e-03 -4.465848e+00 2.815790e-05 1.000000e+00 -1.724954e-04 4.752159e-02 1.282146e-03 1.724599e-04 9.999992e-01 -4.728525e+00
9.999921e-01 3.910402e-04 -3.966220e-03 -4.689948e+00 -3.907986e-04 9.999999e-01 6.171118e-05 5.775357e-02 3.966243e-03 -6.016141e-05 9.999921e-01 -5.057353e+00
9.999986e-01 5.894266e-04 -1.577490e-03 -4.815908e+00 -5.890686e-04 9.999998e-01 2.273479e-04 5.673007e-02 1.577624e-03 -2.264176e-04 9.999987e-01 -4.824737e+00
9.999924e-01 3.960956e-04 -3.876511e-03 -4.850464e+00 -3.946339e-04 9.999999e-01 3.778265e-04 5.105516e-02 3.876660e-03 -3.762945e-04 9.999924e-01 -4.512521e+00
9.999981e-01 8.460196e-05 -1.936343e-03 -4.996302e+00 -8.474536e-05 1.000000e+00 -7.401998e-05 5.777725e-02 1.936337e-03 7.418464e-05 9.999981e-01 -4.675809e+00
9.999921e-01 3.682145e-04 -3.967934e-03 -5.103652e+00 -3.665643e-04 9.999998e-01 4.166202e-04 6.354587e-02 3.968086e-03 -4.151631e-04 9.999920e-01 -4.885692e+00
9.999988e-01 -6.141947e-05 -1.517560e-03 -5.345426e+00 6.068101e-05 9.999999e-01 -4.867182e-04 7.484530e-02 1.517590e-03 4.866263e-04 9.999987e-01 -5.241931e+00
9.999918e-01 2.591741e-04 -4.044592e-03 -5.689480e+00 -2.581982e-04 9.999999e-01 2.418248e-04 8.852998e-02 4.044654e-03 -2.407792e-04 9.999918e-01 -5.658677e+00
9.999994e-01 -1.095690e-04 -1.078799e-03 -5.841775e+00 1.090211e-04 9.999999e-01 -5.079999e-04 9.645804e-02 1.078855e-03 5.078827e-04 9.999993e-01 -6.262178e+00
9.999907e-01 1.868638e-04 -4.305819e-03 -6.351818e+00 -1.871100e-04 1.000000e+00 -5.676306e-05 1.145436e-01 4.305808e-03 5.756748e-05 9.999907e-01 -6.706938e+00
9.999993e-01 -9.258506e-05 -1.160044e-03 -6.966158e+00 9.213153e-05 9.999999e-01 -3.910924e-04 1.359670e-01 1.160080e-03 3.909860e-04 9.999993e-01 -6.917076e+00
9.999895e-01 3.656969e-04 -4.567271e-03 -7.516146e+00 -3.648821e-04 9.999999e-01 1.792444e-04 1.550823e-01 4.567336e-03 -1.775767e-04 9.999896e-01 -6.948164e+00
9.999995e-01 -2.195681e-05 -9.610282e-04 -8.102456e+00 2.154939e-05 9.999999e-01 -4.240680e-04 1.774202e-01 9.610377e-04 4.240478e-04 9.999994e-01 -6.903130e+00
9.999901e-01 5.669753e-04 -4.402977e-03 -8.725234e+00 -5.661638e-04 9.999998e-01 1.855732e-04 2.034976e-01 4.403082e-03 -1.830793e-04 9.999903e-01 -6.708872e+00
9.999995e-01 3.281051e-04 -8.909088e-04 -9.054109e+00 -3.280549e-04 9.999999e-01 5.633862e-05 2.112722e-01 8.909275e-04 -5.604561e-05 9.999996e-01 -6.295416e+00
9.999888e-01 4.534227e-04 -4.715389e-03 -9.235178e+00 -4.516528e-04 9.999998e-01 3.764258e-04 2.110250e-01 4.715559e-03 -3.742926e-04 9.999888e-01 -5.995267e+00
9.999994e-01 1.905080e-05 -1.116705e-03 -9.591923e+00 -1.941790e-05 9.999999e-01 -3.288264e-04 2.204859e-01 1.116699e-03 3.288486e-04 9.999993e-01 -6.024206e+00
9.999920e-01 6.896984e-05 -3.991662e-03 -1.005873e+01 -7.013023e-05 1.000000e+00 -2.905345e-04 2.370253e-01 3.991641e-03 2.908114e-04 9.999920e-01 -6.592562e+00
1.000000e+00 1.574851e-04 -3.965291e-05 -1.012094e+01 -1.574966e-04 9.999999e-01 -2.931088e-04 2.422287e-01 3.960707e-05 2.931157e-04 1.000000e+00 -7.424899e+00
9.999922e-01 3.666569e-05 -3.936845e-03 -1.007461e+01 -3.695644e-05 1.000000e+00 -7.375017e-05 2.459093e-01 3.936842e-03 7.389438e-05 9.999922e-01 -8.194704e+00
9.999998e-01 1.240231e-04 -6.823264e-04 -9.946576e+00 -1.238587e-04 1.000000e+00 2.409135e-04 2.473922e-01 6.823566e-04 -2.408282e-04 9.999997e-01 -8.799421e+00
9.999951e-01 -6.201115e-05 -3.142326e-03 -1.006641e+01 5.921982e-05 9.999996e-01 -8.883478e-04 2.529330e-01 3.142380e-03 8.881566e-04 9.999947e-01 -9.683764e+00
9.999998e-01 8.159495e-05 -6.265868e-04 -1.024941e+01 -8.164245e-05 1.000000e+00 -7.597699e-05 2.600023e-01 6.265809e-04 7.602884e-05 9.999998e-01 -1.055976e+01
9.999915e-01 8.387180e-05 -4.132679e-03 -1.052068e+01 -8.535082e-05 9.999999e-01 -3.576794e-04 2.676176e-01 4.132648e-03 3.580283e-04 9.999914e-01 -1.119066e+01
9.999985e-01 -1.256328e-04 1.755082e-03 -1.066101e+01 1.278768e-04 9.999992e-01 -1.278431e-03 2.804339e-01 -1.754919e-03 1.278654e-03 9.999976e-01 -1.255418e+01
9.999929e-01 5.669284e-05 -3.766752e-03 -1.079168e+01 -5.859870e-05 9.999999e-01 -5.058258e-04 2.945375e-01 3.766723e-03 5.060423e-04 9.999928e-01 -1.402620e+01
1.000000e+00 1.306125e-04 3.545273e-05 -1.078665e+01 -1.306045e-04 1.000000e+00 -2.211881e-04 3.008192e-01 -3.548130e-05 2.211842e-04 1.000000e+00 -1.493796e+01
9.999777e-01 6.511407e-04 -6.638968e-03 -1.042959e+01 -6.422951e-04 9.999989e-01 1.334433e-03 2.894470e-01 6.639829e-03 -1.330139e-03 9.999771e-01 -1.482459e+01
9.999969e-01 -5.811634e-04 2.414652e-03 -1.035965e+01 5.852980e-04 9.999984e-01 -1.711901e-03 2.956884e-01 -2.413652e-03 1.713309e-03 9.999956e-01 -1.569785e+01
9.999878e-01 5.003182e-04 -4.905755e-03 -1.041839e+01 -4.991599e-04 9.999998e-01 2.373683e-04 3.081451e-01 4.905873e-03 -2.349174e-04 9.999879e-01 -1.708347e+01
9.999957e-01 -6.126389e-04 2.877932e-03 -1.046095e+01 6.179258e-04 9.999981e-01 -1.836467e-03 3.217803e-01 -2.876801e-03 1.838238e-03 9.999942e-01 -1.852263e+01
9.999836e-01 6.128841e-04 -5.700174e-03 -1.054085e+01 -6.099871e-04 9.999997e-01 5.099921e-04 3.322182e-01 5.700485e-03 -5.065074e-04 9.999836e-01 -1.974830e+01
9.999970e-01 -6.020111e-04 2.374620e-03 -1.059733e+01 6.057397e-04 9.999986e-01 -1.569741e-03 3.405807e-01 -2.373672e-03 1.571175e-03 9.999959e-01 -2.084268e+01
9.999839e-01 6.649770e-04 -5.637241e-03 -1.063819e+01 -6.621706e-04 9.999997e-01 4.997086e-04 3.495903e-01 5.637571e-03 -4.959685e-04 9.999840e-01 -2.195219e+01
9.999978e-01 -7.027027e-04 1.967315e-03 -1.080664e+01 7.053848e-04 9.999988e-01 -1.362889e-03 3.573364e-01 -1.966355e-03 1.364274e-03 9.999971e-01 -2.289910e+01
9.999847e-01 4.643058e-04 -5.503377e-03 -1.120172e+01 -4.648143e-04 9.999999e-01 -9.110531e-05 3.742173e-01 5.503334e-03 9.366127e-05 9.999849e-01 -2.399964e+01
9.999984e-01 -6.038085e-04 1.684988e-03 -1.143179e+01 6.054037e-04 9.999994e-01 -9.462907e-04 3.874804e-01 -1.684415e-03 9.473099e-04 9.999981e-01 -2.498181e+01
9.999901e-01 4.146426e-04 -4.423498e-03 -1.165220e+01 -4.176162e-04 9.999997e-01 -6.712808e-04 4.009802e-01 4.423218e-03 6.731208e-04 9.999900e-01 -2.628399e+01
9.999982e-01 -5.467402e-04 1.818494e-03 -1.184485e+01 5.484174e-04 9.999994e-01 -9.218429e-04 4.140651e-01 -1.817989e-03 9.228392e-04 9.999979e-01 -2.759006e+01
9.999859e-01 5.506570e-04 -5.284569e-03 -1.199256e+01 -5.514972e-04 9.999998e-01 -1.575071e-04 4.232323e-01 5.284481e-03 1.604186e-04 9.999860e-01 -2.867143e+01
9.999991e-01 -6.669644e-04 1.137697e-03 -1.238073e+01 6.679002e-04 9.999994e-01 -8.222409e-04 4.367045e-01 -1.137148e-03 8.230008e-04 9.999990e-01 -2.948861e+01
9.999854e-01 4.120277e-04 -5.381353e-03 -1.301690e+01 -4.151821e-04 9.999997e-01 -5.850362e-04 4.605979e-01 5.381110e-03 5.872612e-04 9.999853e-01 -3.042562e+01
9.999987e-01 -6.903443e-04 1.480303e-03 -1.363872e+01 6.918301e-04 9.999993e-01 -1.003293e-03 4.842807e-01 -1.479609e-03 1.004316e-03 9.999984e-01 -3.140387e+01
9.999867e-01 4.871702e-04 -5.137520e-03 -1.402575e+01 -4.886067e-04 9.999998e-01 -2.783271e-04 4.998156e-01 5.137383e-03 2.808329e-04 9.999868e-01 -3.251963e+01
9.999965e-01 -8.324352e-04 2.512728e-03 -1.439430e+01 8.363789e-04 9.999984e-01 -1.568804e-03 5.176990e-01 -2.511418e-03 1.570901e-03 9.999956e-01 -3.388956e+01
9.999805e-01 7.762926e-04 -6.195083e-03 -1.487149e+01 -7.750492e-04 9.999997e-01 2.031369e-04 5.372453e-01 6.195238e-03 -1.983322e-04 9.999808e-01 -3.487162e+01
9.999974e-01 -5.652808e-04 2.207848e-03 -1.531319e+01 5.677287e-04 9.999992e-01 -1.108149e-03 5.548284e-01 -2.207220e-03 1.109400e-03 9.999969e-01 -3.544979e+01
9.999796e-01 6.022394e-04 -6.353693e-03 -1.574089e+01 -6.013997e-04 9.999998e-01 1.340912e-04 5.734435e-01 6.353772e-03 -1.302681e-04 9.999798e-01 -3.619379e+01
9.999991e-01 2.517313e-04 1.323348e-03 -1.599177e+01 -2.516944e-04 1.000000e+00 -2.798576e-05 5.943422e-01 -1.323355e-03 2.765335e-05 9.999991e-01 -3.604741e+01
9.999885e-01 1.009708e-04 -4.798290e-03 -1.602621e+01 -1.029411e-04 9.999999e-01 -4.103519e-04 6.027663e-01 4.798248e-03 4.108404e-04 9.999884e-01 -3.631693e+01
9.999999e-01 2.291988e-04 2.265166e-04 -1.616734e+01 -2.292141e-04 1.000000e+00 6.854452e-05 6.196923e-01 -2.265006e-04 -6.859574e-05 1.000000e+00 -3.683787e+01
9.999934e-01 -3.105048e-04 -3.626447e-03 -1.646217e+01 3.051863e-04 9.999989e-01 -1.467010e-03 6.355515e-01 3.626898e-03 1.465893e-03 9.999923e-01 -3.797647e+01
1.000000e+00 2.008411e-04 2.346264e-04 -1.673857e+01 -2.008633e-04 1.000000e+00 9.508875e-05 6.492799e-01 -2.346070e-04 -9.513518e-05 1.000000e+00 -3.911460e+01
9.999919e-01 -1.910402e-04 -4.016007e-03 -1.719408e+01 1.864382e-04 9.999993e-01 -1.146221e-03 6.748236e-01 4.016223e-03 1.145462e-03 9.999913e-01 -3.968569e+01
9.999997e-01 9.497925e-05 8.184272e-04 -1.746010e+01 -9.466489e-05 9.999999e-01 -3.839239e-04 6.910611e-01 -8.184633e-04 3.838470e-04 9.999996e-01 -4.091362e+01
9.999916e-01 -8.623423e-05 -4.099423e-03 -1.744800e+01 8.404167e-05 9.999999e-01 -5.349725e-04 6.993601e-01 4.099469e-03 5.346227e-04 9.999915e-01 -4.195951e+01
1.000000e+00 2.036466e-04 -3.319529e-05 -1.765428e+01 -2.036555e-04 9.999999e-01 -2.728637e-04 7.135141e-01 3.314002e-05 2.728711e-04 1.000000e+00 -4.277883e+01
9.999820e-01 2.390309e-04 -5.988569e-03 -1.766180e+01 -2.378753e-04 1.000000e+00 1.937113e-04 7.218345e-01 5.988614e-03 -1.922840e-04 9.999820e-01 -4.339731e+01
9.999963e-01 -5.641543e-05 2.705090e-03 -1.766826e+01 5.984929e-05 9.999992e-01 -1.269277e-03 7.327720e-01 -2.705016e-03 1.269435e-03 9.999955e-01 -4.461437e+01
9.999719e-01 1.001801e-04 -7.496424e-03 -1.778241e+01 -9.363733e-05 9.999996e-01 8.731490e-04 7.402788e-01 7.496508e-03 -8.724232e-04 9.999715e-01 -4.518208e+01
9.999990e-01 6.669504e-04 1.206940e-03 -1.824152e+01 -6.665115e-04 9.999997e-01 -3.638416e-04 7.704771e-01 -1.207182e-03 3.630375e-04 9.999992e-01 -4.476109e+01
9.999700e-01 1.861577e-04 -7.737423e-03 -1.847370e+01 -1.792429e-04 9.999996e-01 8.943887e-04 7.951877e-01 7.737586e-03 -8.929757e-04 9.999697e-01 -4.449438e+01
9.999998e-01 5.424098e-04 1.509470e-04 -1.833277e+01 -5.423886e-04 9.999998e-01 -1.391406e-04 8.014155e-01 -1.510222e-04 1.390594e-04 1.000000e+00 -4.460475e+01
9.999827e-01 -1.910115e-04 -5.884163e-03 -1.877988e+01 1.897944e-04 1.000000e+00 -2.073758e-04 8.288682e-01 5.884202e-03 2.062548e-04 9.999827e-01 -4.493640e+01
9.999976e-01 2.160915e-04 2.171996e-03 -1.900354e+01 -2.144933e-04 9.999997e-01 -7.359505e-04 8.435371e-01 -2.172154e-03 7.354835e-04 9.999974e-01 -4.578608e+01
9.999795e-01 -2.203816e-04 -6.398288e-03 -1.926516e+01 2.194925e-04 1.000000e+00 -1.396386e-04 8.576629e-01 6.398318e-03 1.382307e-04 9.999795e-01 -4.662812e+01
9.999958e-01 6.751148e-06 2.896585e-03 -1.960812e+01 -2.465976e-06 9.999989e-01 -1.479322e-03 8.760411e-01 -2.896592e-03 1.479310e-03 9.999947e-01 -4.783721e+01
9.999853e-01 -1.667005e-04 -5.422944e-03 -1.981334e+01 1.644734e-04 9.999999e-01 -4.110947e-04 8.904365e-01 5.423012e-03 4.101960e-04 9.999852e-01 -4.930562e+01
9.999970e-01 1.192489e-04 2.446395e-03 -1.986523e+01 -1.167082e-04 9.999995e-01 -1.038584e-03 9.017265e-01 -2.446518e-03 1.038296e-03 9.999965e-01 -5.056162e+01
9.999915e-01 -2.230543e-04 -4.113230e-03 -1.993041e+01 2.182047e-04 9.999993e-01 -1.179383e-03 9.198215e-01 4.113490e-03 1.178475e-03 9.999908e-01 -5.225901e+01
9.999994e-01 1.467171e-04 1.089524e-03 -1.996871e+01 -1.464285e-04 1.000000e+00 -2.648122e-04 9.317479e-01 -1.089563e-03 2.646532e-04 9.999994e-01 -5.351694e+01
9.999815e-01 -3.660269e-05 -6.090189e-03 -2.003680e+01 3.593409e-05 1.000000e+00 -1.098605e-04 9.384994e-01 6.090192e-03 1.096389e-04 9.999814e-01 -5.421045e+01
9.999993e-01 6.962923e-04 -9.067466e-04 -1.990351e+01 -6.955929e-04 9.999995e-01 7.712826e-04 9.433257e-01 9.072834e-04 -7.706506e-04 9.999993e-01 -5.438843e+01
9.999881e-01 -4.217999e-04 -4.868785e-03 -2.019308e+01 4.165685e-04 9.999993e-01 -1.075381e-03 9.609926e-01 4.869235e-03 1.073339e-03 9.999876e-01 -5.499791e+01
9.999997e-01 1.633223e-04 7.668470e-04 -2.089396e+01 -1.628127e-04 9.999998e-01 -6.643699e-04 9.907050e-01 -7.669550e-04 6.642455e-04 9.999995e-01 -5.602232e+01
9.999913e-01 -4.575413e-04 -4.142990e-03 -2.145170e+01 4.523346e-04 9.999991e-01 -1.257554e-03 1.016452e+00 4.143561e-03 1.255668e-03 9.999906e-01 -5.728631e+01
9.999999e-01 4.594656e-04 -5.114347e-05 -2.177515e+01 -4.594503e-04 9.999999e-01 2.947594e-04 1.033731e+00 5.127918e-05 -2.947352e-04 1.000000e+00 -5.811227e+01
9.999852e-01 -2.295333e-04 -5.434244e-03 -2.241117e+01 2.262705e-04 9.999998e-01 -6.009947e-04 1.063960e+00 5.434381e-03 5.997555e-04 9.999851e-01 -5.805318e+01
9.999978e-01 1.049329e-03 -1.829100e-03 -2.245725e+01 -1.046700e-03 9.999984e-01 1.437733e-03 1.084354e+00 1.830606e-03 -1.435815e-03 9.999973e-01 -5.786019e+01
9.999900e-01 -2.195745e-04 -4.462051e-03 -2.210470e+01 2.139252e-04 9.999992e-01 -1.266474e-03 1.095965e+00 4.462325e-03 1.265506e-03 9.999892e-01 -5.834850e+01
9.999992e-01 9.935326e-04 7.493025e-04 -2.208019e+01 -9.943434e-04 9.999989e-01 1.082804e-03 1.109521e+00 -7.482256e-04 -1.083547e-03 9.999991e-01 -5.829596e+01
9.999883e-01 6.342688e-04 -4.795608e-03 -2.196981e+01 -6.377499e-04 9.999995e-01 -7.243517e-04 1.102844e+00 4.795146e-03 7.274010e-04 9.999882e-01 -5.736646e+01
9.999997e-01 7.065310e-04 -2.095070e-04 -2.169641e+01 -7.062299e-04 9.999987e-01 1.432787e-03 1.084752e+00 2.105193e-04 -1.432638e-03 9.999990e-01 -5.663747e+01
9.999868e-01 -2.340952e-04 -5.141769e-03 -2.153591e+01 2.272130e-04 9.999991e-01 -1.339003e-03 1.097693e+00 5.142078e-03 1.337816e-03 9.999859e-01 -5.722772e+01
9.999987e-01 1.048397e-04 1.629538e-03 -2.175624e+01 -1.050473e-04 1.000000e+00 1.274438e-04 1.112949e+00 -1.629524e-03 -1.276141e-04 9.999987e-01 -5.825116e+01
9.999819e-01 3.372875e-04 -6.014996e-03 -2.195155e+01 -3.388913e-04 9.999999e-01 -2.655733e-04 1.122383e+00 6.014906e-03 2.676062e-04 9.999819e-01 -5.845689e+01
9.999986e-01 -1.036643e-05 1.697652e-03 -2.205044e+01 1.039664e-05 1.000000e+00 -1.765181e-05 1.132652e+00 -1.697652e-03 1.767012e-05 9.999986e-01 -5.891834e+01
9.999782e-01 4.172204e-04 -6.591554e-03 -2.223820e+01 -4.179656e-04 9.999999e-01 -1.116458e-04 1.143632e+00 6.591507e-03 1.143978e-04 9.999783e-01 -5.921408e+01
9.999980e-01 -2.937621e-04 1.962797e-03 -2.253677e+01 2.948921e-04 9.999998e-01 -5.752799e-04 1.159080e+00 -1.962627e-03 5.758583e-04 9.999979e-01 -5.994367e+01
9.999846e-01 1.313874e-04 -5.546496e-03 -2.301122e+01 -1.371118e-04 9.999995e-01 -1.031663e-03 1.182778e+00 5.546357e-03 1.032407e-03 9.999841e-01 -6.102727e+01
9.999986e-01 -2.051060e-04 1.644619e-03 -2.333402e+01 2.053670e-04 1.000000e+00 -1.583602e-04 1.199400e+00 -1.644586e-03 1.586984e-04 9.999986e-01 -6.199238e+01
9.999812e-01 4.762288e-04 -6.116890e-03 -2.327533e+01 -4.770135e-04 9.999999e-01 -1.268008e-04 1.202474e+00 6.116829e-03 1.297155e-04 9.999813e-01 -6.261366e+01
9.999995e-01 2.821277e-04 9.344281e-04 -2.320326e+01 -2.825753e-04 9.999998e-01 4.791128e-04 1.202151e+00 -9.342925e-04 -4.793760e-04 9.999994e-01 -6.257648e+01
9.999847e-01 9.387905e-04 -5.453703e-03 -2.311499e+01 -9.386463e-04 9.999996e-01 2.903613e-05 1.195325e+00 5.453727e-03 -2.391726e-05 9.999851e-01 -6.195220e+01
9.999996e-01 8.358825e-05 8.433607e-04 -2.279709e+01 -8.410058e-05 9.999998e-01 6.077465e-04 1.187882e+00 -8.433094e-04 -6.078166e-04 9.999995e-01 -6.172779e+01
9.999774e-01 4.453752e-04 -6.708439e-03 -2.233397e+01 -4.431475e-04 9.999998e-01 3.335938e-04 1.183687e+00 6.708586e-03 -3.306141e-04 9.999774e-01 -6.178234e+01
9.999991e-01 6.733582e-04 -1.176576e-03 -2.189099e+01 -6.725576e-04 9.999995e-01 6.805133e-04 1.175975e+00 1.177034e-03 -6.797207e-04 9.999991e-01 -6.178533e+01
9.999791e-01 2.120474e-04 -6.455702e-03 -2.147647e+01 -2.095278e-04 9.999999e-01 3.910014e-04 1.161957e+00 6.455784e-03 -3.896413e-04 9.999791e-01 -6.166511e+01
9.999993e-01 1.083927e-03 -4.976672e-04 -2.120231e+01 -1.083696e-03 9.999993e-01 4.629327e-04 1.145942e+00 4.981689e-04 -4.623923e-04 9.999998e-01 -6.123947e+01
9.999855e-01 -1.467157e-04 -5.374647e-03 -2.114778e+01 1.491161e-04 9.999999e-01 4.462593e-04 1.139503e+00 5.374581e-03 -4.470550e-04 9.999855e-01 -6.072646e+01
9.999964e-01 1.253777e-03 -2.367909e-03 -2.074357e+01 -1.252266e-03 9.999990e-01 6.394509e-04 1.128187e+00 2.368709e-03 -6.364827e-04 9.999970e-01 -6.066491e+01
9.999855e-01 -3.664597e-04 -5.363365e-03 -2.036946e+01 3.688698e-04 9.999998e-01 4.484147e-04 1.112344e+00 5.363199e-03 -4.503873e-04 9.999855e-01 -6.055491e+01
9.999977e-01 1.125371e-03 -1.817770e-03 -1.993828e+01 -1.124322e-03 9.999992e-01 5.775440e-04 1.094750e+00 1.818419e-03 -5.754982e-04 9.999982e-01 -6.041924e+01
9.999829e-01 -9.362828e-05 -5.847261e-03 -1.951983e+01 9.566626e-05 9.999999e-01 3.483004e-04 1.067160e+00 5.847228e-03 -3.488545e-04 9.999828e-01 -6.008351e+01
9.999962e-01 7.613001e-04 -2.666269e-03 -1.880787e+01 -7.577415e-04 9.999988e-01 1.335338e-03 1.037666e+00 2.667282e-03 -1.333312e-03 9.999956e-01 -5.992646e+01
9.999778e-01 5.272561e-04 -6.636651e-03 -1.797298e+01 -5.294584e-04 9.999998e-01 -3.300586e-04 1.015493e+00 6.636475e-03 3.335645e-04 9.999779e-01 -5.999221e+01
9.999991e-01 -1.631512e-04 1.333528e-03 -1.800314e+01 1.626514e-04 9.999999e-01 3.751214e-04 1.017949e+00 -1.333588e-03 -3.749035e-04 9.999990e-01 -6.031397e+01
9.999776e-01 6.227564e-04 -6.660296e-03 -1.826806e+01 -6.252599e-04 9.999997e-01 -3.737743e-04 1.025384e+00 6.660061e-03 3.779297e-04 9.999778e-01 -6.037719e+01
9.999986e-01 -1.980857e-04 1.658747e-03 -1.853775e+01 1.977921e-04 1.000000e+00 1.772991e-04 1.034528e+00 -1.658781e-03 -1.769701e-04 9.999986e-01 -6.058353e+01
9.999764e-01 8.571410e-04 -6.815960e-03 -1.876956e+01 -8.575561e-04 9.999996e-01 -5.793087e-05 1.036308e+00 6.815907e-03 6.377391e-05 9.999768e-01 -6.039850e+01
9.999989e-01 -1.249412e-04 1.448298e-03 -1.917477e+01 1.248938e-04 1.000000e+00 3.298827e-05 1.046175e+00 -1.448302e-03 -3.280668e-05 9.999990e-01 -6.012600e+01
9.999790e-01 4.791265e-04 -6.469177e-03 -1.966709e+01 -4.819558e-04 9.999998e-01 -4.357489e-04 1.064752e+00 6.468967e-03 4.388569e-04 9.999790e-01 -6.032843e+01
9.999992e-01 8.719317e-05 1.259023e-03 -2.012938e+01 -8.757026e-05 1.000000e+00 2.996724e-04 1.075625e+00 -1.258996e-03 -2.997818e-04 9.999992e-01 -6.015328e+01
9.999765e-01 2.035232e-04 -6.853391e-03 -2.079399e+01 -2.090826e-04 9.999996e-01 -8.104389e-04 1.099011e+00 6.853223e-03 8.118521e-04 9.999762e-01 -6.025811e+01
9.999985e-01 -1.598409e-04 1.697367e-03 -2.148126e+01 1.598830e-04 1.000000e+00 -2.450993e-05 1.124953e+00 -1.697363e-03 2.478194e-05 9.999986e-01 -6.065080e+01
9.999798e-01 8.454305e-05 -6.360107e-03 -2.202863e+01 -9.047650e-05 9.999996e-01 -9.325910e-04 1.147345e+00 6.360025e-03 9.331469e-04 9.999793e-01 -6.131581e+01
9.999986e-01 -1.404846e-04 1.677437e-03 -2.244630e+01 1.404696e-04 1.000000e+00 9.246640e-06 1.165806e+00 -1.677438e-03 -9.010336e-06 9.999986e-01 -6.210192e+01
9.999762e-01 3.258543e-04 -6.898247e-03 -2.289376e+01 -3.291183e-04 9.999998e-01 -4.719919e-04 1.182655e+00 6.898092e-03 4.742503e-04 9.999761e-01 -6.246581e+01
9.999993e-01 4.673023e-05 1.154438e-03 -2.334153e+01 -4.715799e-05 9.999999e-01 3.707668e-04 1.197175e+00 -1.154420e-03 -3.708203e-04 9.999993e-01 -6.253825e+01
9.999770e-01 1.948814e-04 -6.774287e-03 -2.382402e+01 -1.996921e-04 9.999997e-01 -7.094408e-04 1.214287e+00 6.774147e-03 7.107766e-04 9.999768e-01 -6.280329e+01
9.999994e-01 7.239979e-05 1.070290e-03 -2.400391e+01 -7.313946e-05 9.999998e-01 6.913437e-04 1.219996e+00 -1.070239e-03 -6.914209e-04 9.999992e-01 -6.315888e+01
9.999702e-01 3.132351e-04 -7.713679e-03 -2.355739e+01 -3.102287e-04 9.999999e-01 3.909837e-04 1.202320e+00 7.713801e-03 -3.885797e-04 9.999702e-01 -6.320670e+01
9.999995e-01 6.793514e-04 -7.969048e-04 -2.302973e+01 -6.788143e-04 9.999995e-01 6.737167e-04 1.184108e+00 7.973623e-04 -6.731747e-04 9.999995e-01 -6.315027e+01
9.999749e-01 2.779326e-04 -7.085037e-03 -2.262646e+01 -2.750813e-04 9.999999e-01 4.034513e-04 1.169553e+00 7.085148e-03 -4.014929e-04 9.999748e-01 -6.307289e+01
9.999996e-01 5.012620e-04 -7.003430e-04 -2.214851e+01 -5.007530e-04 9.999996e-01 7.264385e-04 1.158870e+00 7.007071e-04 -7.260869e-04 9.999995e-01 -6.315589e+01
9.999857e-01 8.729315e-05 -5.350701e-03 -2.184947e+01 -8.895298e-05 9.999999e-01 -3.099158e-04 1.159507e+00 5.350674e-03 3.103866e-04 9.999856e-01 -6.372269e+01
9.999999e-01 1.149045e-04 3.112141e-04 -2.159572e+01 -1.150948e-04 9.999998e-01 6.124834e-04 1.158714e+00 -3.111434e-04 -6.125185e-04 9.999998e-01 -6.426739e+01
9.999670e-01 1.093939e-03 -8.054531e-03 -2.103654e+01 -1.091500e-03 9.999994e-01 3.072718e-04 1.142573e+00 8.054862e-03 -2.984708e-04 9.999675e-01 -6.418757e+01
9.999970e-01 -4.143505e-04 2.425015e-03 -2.091688e+01 4.143673e-04 9.999999e-01 -6.295097e-06 1.151206e+00 -2.425012e-03 7.300576e-06 9.999971e-01 -6.422902e+01
9.999585e-01 1.076124e-03 -9.041217e-03 -2.058164e+01 -1.070941e-03 9.999993e-01 5.780955e-04 1.153288e+00 9.041832e-03 -5.683896e-04 9.999590e-01 -6.458384e+01
9.999944e-01 -7.434150e-04 3.260335e-03 -2.022702e+01 7.438748e-04 9.999997e-01 -1.397170e-04 1.149322e+00 -3.260230e-03 1.421422e-04 9.999947e-01 -6.504233e+01
9.999419e-01 1.514645e-03 -1.067245e-02 -1.987051e+01 -1.504868e-03 9.999984e-01 9.241592e-04 1.149195e+00 1.067383e-02 -9.080456e-04 9.999426e-01 -6.528813e+01
9.999897e-01 -9.983953e-04 4.431639e-03 -1.960542e+01 1.000613e-03 9.999994e-01 -4.981526e-04 1.149418e+00 -4.431139e-03 5.025824e-04 9.999901e-01 -6.576387e+01
9.999405e-01 1.393991e-03 -1.082171e-02 -1.896577e+01 -1.376650e-03 9.999978e-01 1.609727e-03 1.133461e+00 1.082392e-02 -1.594734e-03 9.999401e-01 -6.604676e+01
9.999871e-01 -1.322013e-03 4.894727e-03 -1.818859e+01 1.328936e-03 9.999981e-01 -1.411297e-03 1.143187e+00 -4.892852e-03 1.417784e-03 9.999870e-01 -6.752216e+01
9.999515e-01 9.521198e-04 -9.804027e-03 -1.745772e+01 -9.450785e-04 9.999993e-01 7.228452e-04 1.147550e+00 9.804708e-03 -7.135452e-04 9.999517e-01 -6.876616e+01
9.999988e-01 1.105628e-04 1.548423e-03 -1.691387e+01 -1.111994e-04 9.999999e-01 4.112322e-04 1.119278e+00 -1.548377e-03 -4.114032e-04 9.999987e-01 -6.853073e+01
9.999581e-01 8.463960e-04 -9.119050e-03 -1.655579e+01 -8.392519e-04 9.999993e-01 7.872613e-04 1.107500e+00 9.119710e-03 -7.795757e-04 9.999581e-01 -6.857807e+01
9.999933e-01 -7.568096e-04 3.576835e-03 -1.693889e+01 7.612694e-04 9.999989e-01 -1.245571e-03 1.120907e+00 -3.575888e-03 1.248286e-03 9.999928e-01 -6.913554e+01
9.999721e-01 6.309271e-04 -7.438807e-03 -1.729540e+01 -6.307077e-04 9.999998e-01 3.189598e-05 1.135897e+00 7.438825e-03 -2.720402e-05 9.999723e-01 -7.017140e+01
9.999893e-01 -6.951107e-04 4.577182e-03 -1.743325e+01 7.017973e-04 9.999987e-01 -1.459349e-03 1.147463e+00 -4.576162e-03 1.462547e-03 9.999885e-01 -7.141851e+01
9.999651e-01 8.519915e-04 -8.305364e-03 -1.739705e+01 -8.457897e-04 9.999994e-01 7.502395e-04 1.154449e+00 8.305998e-03 -7.431894e-04 9.999652e-01 -7.237501e+01
9.999813e-01 -1.478944e-03 5.929583e-03 -1.867775e+01 1.506346e-03 9.999882e-01 -4.619374e-03 1.223149e+00 -5.922681e-03 4.628221e-03 9.999718e-01 -7.392723e+01
9.999668e-01 9.221406e-04 -8.090751e-03 -2.031053e+01 -9.133007e-04 9.999990e-01 1.096255e-03 1.300503e+00 8.091754e-03 -1.088830e-03 9.999667e-01 -7.513462e+01
9.999905e-01 -8.851777e-04 4.266315e-03 -2.065351e+01 8.957863e-04 9.999965e-01 -2.485242e-03 1.315562e+00 -4.264100e-03 2.489041e-03 9.999878e-01 -7.610428e+01
9.999620e-01 1.267854e-03 -8.626113e-03 -2.063782e+01 -1.251189e-03 9.999973e-01 1.937027e-03 1.324858e+00 8.628546e-03 -1.926161e-03 9.999609e-01 -7.679836e+01
9.999903e-01 -1.016101e-03 4.295445e-03 -2.060728e+01 1.025663e-03 9.999970e-01 -2.224418e-03 1.329574e+00 -4.293172e-03 2.228803e-03 9.999883e-01 -7.763033e+01
9.999626e-01 1.196364e-03 -8.562325e-03 -2.064726e+01 -1.182569e-03 9.999980e-01 1.616085e-03 1.334851e+00 8.564241e-03 -1.605900e-03 9.999620e-01 -7.844116e+01
9.999924e-01 -9.638128e-04 3.772361e-03 -2.077961e+01 9.709592e-04 9.999977e-01 -1.892940e-03 1.340395e+00 -3.770528e-03 1.896589e-03 9.999911e-01 -7.903869e+01
9.999643e-01 1.031119e-03 -8.388043e-03 -2.094082e+01 -1.019356e-03 9.999985e-01 1.406481e-03 1.350486e+00 8.389480e-03 -1.397881e-03 9.999638e-01 -7.974659e+01
9.999919e-01 -9.729421e-04 3.914923e-03 -2.088859e+01 9.789795e-04 9.999983e-01 -1.540442e-03 1.353851e+00 -3.913417e-03 1.544263e-03 9.999912e-01 -8.055740e+01
9.999700e-01 8.199675e-04 -7.698882e-03 -2.100633e+01 -8.141404e-04 9.999994e-01 7.600344e-04 1.360808e+00 7.699500e-03 -7.537443e-04 9.999701e-01 -8.148463e+01
9.999931e-01 -8.123123e-04 3.614716e-03 -2.110247e+01 8.171025e-04 9.999988e-01 -1.323827e-03 1.365651e+00 -3.613636e-03 1.326772e-03 9.999926e-01 -8.226314e+01
9.999641e-01 1.035919e-03 -8.411434e-03 -2.113328e+01 -1.025481e-03 9.999987e-01 1.245249e-03 1.367161e+00 8.412713e-03 -1.236579e-03 9.999638e-01 -8.286347e+01
9.999965e-01 -1.430588e-04 2.648888e-03 -2.108438e+01 1.445213e-04 9.999998e-01 -5.518004e-04 1.355067e+00 -2.648809e-03 5.521819e-04 9.999963e-01 -8.256096e+01
9.999725e-01 1.963204e-03 -7.151472e-03 -2.102013e+01 -1.956433e-03 9.999976e-01 9.538268e-04 1.330781e+00 7.153328e-03 -9.398099e-04 9.999740e-01 -8.157271e+01
9.999970e-01 5.672109e-06 2.454321e-03 -2.091285e+01 -4.646387e-06 9.999999e-01 -4.177858e-04 1.301231e+00 -2.454323e-03 4.177737e-04 9.999969e-01 -8.047703e+01
9.999639e-01 9.475990e-04 -8.449083e-03 -2.075511e+01 -9.347248e-04 9.999984e-01 1.527598e-03 1.286087e+00 8.450517e-03 -1.519646e-03 9.999631e-01 -8.019769e+01
9.999949e-01 -1.530191e-04 3.187923e-03 -2.073330e+01 1.564098e-04 9.999994e-01 -1.063281e-03 1.278239e+00 -3.187758e-03 1.063775e-03 9.999944e-01 -8.009733e+01
9.999663e-01 1.546740e-03 -8.061965e-03 -2.074316e+01 -1.533333e-03 9.999974e-01 1.669009e-03 1.264971e+00 8.064526e-03 -1.656592e-03 9.999661e-01 -7.940146e+01
9.999969e-01 -3.998114e-04 2.443793e-03 -2.078474e+01 4.025305e-04 9.999993e-01 -1.112093e-03 1.253892e+00 -2.443346e-03 1.113074e-03 9.999964e-01 -7.891451e+01
9.999679e-01 1.502981e-03 -7.874620e-03 -2.080067e+01 -1.489393e-03 9.999974e-01 1.731212e-03 1.241842e+00 7.877201e-03 -1.719429e-03 9.999675e-01 -7.845275e+01
9.999965e-01 -4.970695e-04 2.582802e-03 -2.081596e+01 4.998996e-04 9.999993e-01 -1.095111e-03 1.229429e+00 -2.582255e-03 1.096399e-03 9.999961e-01 -7.802681e+01
9.999692e-01 1.868632e-03 -7.625644e-03 -2.081541e+01 -1.855133e-03 9.999967e-01 1.777001e-03 1.215855e+00 7.628939e-03 -1.762800e-03 9.999693e-01 -7.736801e+01
9.999960e-01 -4.416365e-04 2.778770e-03 -2.087941e+01 4.450676e-04 9.999991e-01 -1.234137e-03 1.206006e+00 -2.778222e-03 1.235369e-03 9.999954e-01 -7.662652e+01
9.999697e-01 2.032600e-03 -7.514339e-03 -2.101117e+01 -2.019997e-03 9.999965e-01 1.684420e-03 1.199718e+00 7.517736e-03 -1.669191e-03 9.999703e-01 -7.576240e+01
9.999948e-01 -2.877428e-04 3.209934e-03 -2.103536e+01 2.918801e-04 9.999991e-01 -1.288404e-03 1.184504e+00 -3.209560e-03 1.289335e-03 9.999940e-01 -7.482071e+01
9.999598e-01 1.547657e-03 -8.829221e-03 -2.094837e+01 -1.528787e-03 9.999965e-01 2.143577e-03 1.165208e+00 8.832508e-03 -2.129994e-03 9.999587e-01 -7.417162e+01
9.999944e-01 -2.358405e-04 3.326048e-03 -2.084826e+01 2.405738e-04 9.999990e-01 -1.422657e-03 1.146868e+00 -3.325709e-03 1.423450e-03 9.999935e-01 -7.352673e+01
9.999561e-01 7.294868e-04 -9.342591e-03 -2.085998e+01 -7.098789e-04 9.999975e-01 2.101940e-03 1.138244e+00 9.344101e-03 -2.095216e-03 9.999541e-01 -7.354449e+01
9.999795e-01 -9.838912e-04 6.327867e-03 -2.074823e+01 1.002638e-03 9.999951e-01 -2.960093e-03 1.150967e+00 -6.324924e-03 2.966377e-03 9.999756e-01 -7.495605e+01
9.999793e-01 2.122171e-04 -6.437835e-03 -2.079174e+01 -2.119704e-04 1.000000e+00 3.905222e-05 1.182026e+00 6.437843e-03 -3.768740e-05 9.999793e-01 -7.740780e+01
9.999876e-01 -6.521227e-04 4.927103e-03 -2.088883e+01 6.625488e-04 9.999975e-01 -2.114653e-03 1.197624e+00 -4.925711e-03 2.117892e-03 9.999856e-01 -7.894404e+01
9.999715e-01 4.456457e-04 -7.534713e-03 -2.105132e+01 -4.412323e-04 9.999997e-01 5.874482e-04 1.207575e+00 7.534973e-03 -5.841075e-04 9.999714e-01 -8.012935e+01
9.999938e-01 -1.307145e-03 3.261069e-03 -2.087651e+01 1.311566e-03 9.999982e-01 -1.353682e-03 1.214650e+00 -3.259294e-03 1.357952e-03 9.999938e-01 -8.157951e+01
9.999774e-01 6.143285e-04 -6.687729e-03 -2.084515e+01 -6.147091e-04 9.999998e-01 -5.479321e-05 1.228095e+00 6.687693e-03 5.890237e-05 9.999776e-01 -8.286794e+01
9.999985e-01 -3.761210e-04 1.696341e-03 -2.098260e+01 3.760191e-04 9.999999e-01 6.059663e-05 1.224999e+00 -1.696363e-03 -5.995807e-05 9.999986e-01 -8.324542e+01
9.999810e-01 5.193015e-04 -6.136593e-03 -2.113085e+01 -5.225630e-04 9.999997e-01 -5.298299e-04 1.227092e+00 6.136316e-03 5.330260e-04 9.999810e-01 -8.387513e+01
9.999986e-01 9.604191e-04 1.398755e-03 -2.106824e+01 -9.619501e-04 9.999989e-01 1.094556e-03 1.205428e+00 -1.397702e-03 -1.095899e-03 9.999984e-01 -8.304180e+01
9.999831e-01 9.312949e-04 -5.734713e-03 -2.102731e+01 -9.356014e-04 9.999993e-01 -7.482460e-04 1.182543e+00 5.734012e-03 7.535982e-04 9.999833e-01 -8.198381e+01
9.999998e-01 3.717905e-04 4.092879e-04 -2.112838e+01 -3.722184e-04 9.999994e-01 1.046811e-03 1.172722e+00 -4.088983e-04 -1.046962e-03 9.999994e-01 -8.140324e+01
9.999911e-01 -3.341573e-04 -4.195817e-03 -2.122497e+01 3.273361e-04 9.999986e-01 -1.626195e-03 1.177031e+00 4.196354e-03 1.624807e-03 9.999899e-01 -8.226786e+01
9.999997e-01 1.204487e-04 7.110574e-04 -2.146313e+01 -1.208288e-04 9.999998e-01 5.352073e-04 1.186443e+00 -7.109927e-04 -5.352925e-04 9.999996e-01 -8.334911e+01
9.999892e-01 -5.863367e-04 -4.619057e-03 -2.155648e+01 5.809690e-04 9.999992e-01 -1.163255e-03 1.194877e+00 4.619735e-03 1.160558e-03 9.999887e-01 -8.445922e+01
9.999994e-01 9.077891e-04 -5.412434e-04 -2.159536e+01 -9.070659e-04 9.999987e-01 1.334147e-03 1.189653e+00 5.424539e-04 -1.333654e-03 9.999990e-01 -8.477865e+01
9.999890e-01 1.556843e-04 -4.693023e-03 -2.148348e+01 -1.591538e-04 9.999997e-01 -7.388351e-04 1.172425e+00 4.692907e-03 7.395733e-04 9.999887e-01 -8.443707e+01
9.999995e-01 9.045596e-04 -5.161280e-04 -2.131353e+01 -9.037436e-04 9.999983e-01 1.578415e-03 1.151419e+00 5.175551e-04 -1.577947e-03 9.999986e-01 -8.392840e+01
9.999893e-01 2.756508e-04 -4.626257e-03 -2.117417e+01 -2.798368e-04 9.999996e-01 -9.041234e-04 1.133772e+00 4.626006e-03 9.054077e-04 9.999889e-01 -8.341072e+01
9.999991e-01 1.372261e-03 -1.218376e-04 -2.109981e+01 -1.372084e-03 9.999980e-01 1.436024e-03 1.110689e+00 1.238081e-04 -1.435855e-03 9.999990e-01 -8.250132e+01
9.999888e-01 1.517791e-04 -4.728735e-03 -2.098581e+01 -1.560211e-04 9.999996e-01 -8.966252e-04 1.085298e+00 4.728597e-03 8.973523e-04 9.999884e-01 -8.161105e+01
9.999987e-01 1.468770e-03 -6.267579e-04 -2.075268e+01 -1.467799e-03 9.999977e-01 1.545799e-03 1.056363e+00 6.290270e-04 -1.544876e-03 9.999986e-01 -8.071749e+01
9.999934e-01 4.353360e-04 -3.603075e-03 -2.066102e+01 -4.396910e-04 9.999992e-01 -1.207877e-03 1.028256e+00 3.602546e-03 1.209453e-03 9.999928e-01 -7.958696e+01
9.999985e-01 1.256592e-03 -1.174634e-03 -2.060392e+01 -1.254586e-03 9.999978e-01 1.706333e-03 1.008589e+00 1.176776e-03 -1.704856e-03 9.999979e-01 -7.866846e+01
9.999943e-01 5.362090e-04 -3.328108e-03 -2.055318e+01 -5.404890e-04 9.999990e-01 -1.285115e-03 9.868322e-01 3.327415e-03 1.286906e-03 9.999936e-01 -7.767056e+01
9.999987e-01 6.587038e-04 -1.495566e-03 -2.037450e+01 -6.555464e-04 9.999976e-01 2.110415e-03 9.665131e-01 1.496952e-03 -2.109431e-03 9.999967e-01 -7.719440e+01
9.999959e-01 4.085740e-04 -2.820805e-03 -2.022556e+01 -4.126258e-04 9.999989e-01 -1.435842e-03 9.503039e-01 2.820215e-03 1.437000e-03 9.999950e-01 -7.674491e+01
9.999992e-01 -3.072069e-04 -1.252816e-03 -2.021001e+01 3.089312e-04 9.999990e-01 1.376051e-03 9.532611e-01 1.252392e-03 -1.376437e-03 9.999983e-01 -7.761645e+01
9.999996e-01 3.192336e-04 -8.912119e-04 -2.020736e+01 -3.216508e-04 9.999963e-01 -2.712960e-03 9.649852e-01 8.903424e-04 2.713245e-03 9.999959e-01 -7.895456e+01
9.999973e-01 -3.088926e-04 -2.313275e-03 -2.025598e+01 3.127577e-04 9.999986e-01 1.670460e-03 9.733436e-01 2.312756e-03 -1.671179e-03 9.999959e-01 -8.004489e+01
9.999989e-01 2.592451e-04 -1.430167e-03 -2.019280e+01 -2.622085e-04 9.999978e-01 -2.072030e-03 9.788203e-01 1.429626e-03 2.072403e-03 9.999968e-01 -8.102231e+01
9.999998e-01 -5.224482e-04 2.421719e-04 -2.051728e+01 5.225510e-04 9.999998e-01 -4.229810e-04 9.993139e-01 -2.419507e-04 4.231081e-04 9.999999e-01 -8.299302e+01
9.999994e-01 6.781853e-05 -1.081525e-03 -2.081013e+01 -7.042615e-05 9.999971e-01 -2.410819e-03 1.018336e+00 1.081358e-03 2.410893e-03 9.999965e-01 -8.472248e+01
9.999999e-01 -3.332743e-04 -1.189670e-04 -2.102404e+01 3.333003e-04 9.999999e-01 2.148849e-04 1.037396e+00 1.188955e-04 -2.149239e-04 1.000000e+00 -8.673967e+01
9.999998e-01 9.159164e-05 -5.840121e-04 -2.080335e+01 -9.286993e-05 9.999976e-01 -2.188429e-03 1.057077e+00 5.838102e-04 2.188483e-03 9.999974e-01 -8.862478e+01
9.999951e-01 8.573842e-05 -3.141220e-03 -2.067461e+01 -7.996830e-05 9.999983e-01 1.836849e-03 1.061472e+00 3.141372e-03 -1.836589e-03 9.999934e-01 -8.949158e+01
9.999964e-01 4.802245e-04 -2.623506e-03 -2.033666e+01 -4.825624e-04 9.999995e-01 -8.904022e-04 1.046900e+00 2.623077e-03 8.916645e-04 9.999962e-01 -8.960518e+01
9.999997e-01 -6.961202e-04 4.052558e-04 -2.022109e+01 6.961294e-04 9.999998e-01 -2.161894e-05 1.058934e+00 -4.052406e-04 2.190163e-05 9.999999e-01 -9.134163e+01
9.999992e-01 4.064704e-04 -1.205212e-03 -2.012496e+01 -4.091554e-04 9.999974e-01 -2.228034e-03 1.077540e+00 1.204303e-03 2.228525e-03 9.999968e-01 -9.306945e+01
9.999932e-01 -1.101950e-04 -3.695735e-03 -1.998556e+01 1.195455e-04 9.999968e-01 2.529855e-03 1.076872e+00 3.695444e-03 -2.530279e-03 9.999900e-01 -9.360789e+01
9.999981e-01 9.110886e-04 -1.706160e-03 -1.986481e+01 -9.141891e-04 9.999979e-01 -1.817098e-03 1.064200e+00 1.704501e-03 1.818654e-03 9.999969e-01 -9.339324e+01
9.999940e-01 2.635992e-04 -3.453727e-03 -1.990032e+01 -2.554471e-04 9.999972e-01 2.360482e-03 1.053757e+00 3.454340e-03 -2.359585e-03 9.999912e-01 -9.283384e+01
9.999977e-01 6.384601e-04 -2.056056e-03 -1.986628e+01 -6.419089e-04 9.999984e-01 -1.676915e-03 1.042458e+00 2.054982e-03 1.678231e-03 9.999965e-01 -9.258615e+01
9.999951e-01 1.453433e-04 -3.142329e-03 -1.971920e+01 -1.380265e-04 9.999973e-01 2.328419e-03 1.030859e+00 3.142659e-03 -2.327973e-03 9.999924e-01 -9.242404e+01
