1.000000e+00 1.197625e-11 1.704638e-10 5.551115e-17 1.197625e-11 1.000000e+00 3.562503e-10 0.000000e+00 1.704638e-10 3.562503e-10 1.000000e+00 2.220446e-16 0.000000e+00 0.000000e+00 0.000000e+00 1.000000e+00
9.192684e-01 -8.568925e-02 3.841913e-01 1.495446e-01 7.266763e-02 9.961854e-01 4.831272e-02 -8.743532e-03 -3.868656e-01 -1.649409e-02 9.219886e-01 4.703530e-01
9.903151e-01 -1.194078e-02 1.383238e-01 3.320843e-01 1.169480e-02 9.999283e-01 2.590935e-03 -1.848606e-02 -1.383449e-01 -9.481718e-04 9.903837e-01 1.046387e+00
9.621164e-01 -6.509234e-02 2.647545e-01 5.149975e-01 5.199222e-02 9.970650e-01 5.619820e-02 -2.725805e-02 -2.676355e-01 -4.030404e-02 9.626769e-01 1.595811e+00
9.316917e-01 -9.746059e-02 3.499315e-01 4.738652e-01 9.894752e-02 9.949987e-01 1.367290e-02 -2.506413e-02 -3.495139e-01 2.188592e-02 9.366755e-01 2.432229e+00
9.368805e-01 -4.914668e-02 3.461786e-01 4.896923e-01 3.576325e-02 9.983490e-01 4.494691e-02 -2.484360e-02 -3.478161e-01 -2.972941e-02 9.370913e-01 3.313307e+00
9.495740e-01 7.198094e-02 -3.051688e-01 8.160494e-01 -5.307075e-02 9.961464e-01 6.982677e-02 -3.597645e-02 3.090190e-01 -5.011015e-02 9.497348e-01 3.842869e+00
9.704826e-01 -5.042750e-02 2.358402e-01 1.285096e+00 3.457834e-02 9.968864e-01 7.086500e-02 -5.293555e-02 -2.386794e-01 -6.061829e-02 9.692046e-01 4.334219e+00
8.829270e-01 1.472636e-01 -4.458177e-01 1.725593e+00 -1.125474e-01 9.882370e-01 1.035407e-01 -6.682736e-02 4.558213e-01 -4.124324e-02 8.891153e-01 4.868981e+00
9.989014e-01 -3.729542e-02 -2.837405e-02 2.347418e+00 3.880879e-02 9.977428e-01 5.480060e-02 -8.899085e-02 2.626619e-02 -5.584156e-02 9.980941e-01 5.085728e+00
9.513677e-01 1.367693e-01 -2.760319e-01 2.877559e+00 -1.188780e-01 9.896303e-01 8.062252e-02 -1.120699e-01 2.841962e-01 -4.388755e-02 9.577611e-01 5.247473e+00
9.926990e-01 -4.583750e-02 -1.115688e-01 3.291878e+00 4.609567e-02 9.989370e-01 -2.657487e-04 -1.329717e-01 1.114624e-01 -4.879031e-03 9.937567e-01 5.229717e+00
9.230643e-01 1.969297e-03 3.846406e-01 3.690528e+00 -2.089749e-02 9.987667e-01 4.503648e-02 -1.516890e-01 -3.840776e-01 -4.960959e-02 9.219671e-01 5.593454e+00
9.632851e-01 -9.372191e-02 2.515909e-01 4.176011e+00 9.313817e-02 9.955511e-01 1.425466e-02 -1.742394e-01 -2.518076e-01 9.701415e-03 9.677287e-01 6.008293e+00
9.923678e-01 6.337198e-02 1.057835e-01 4.714529e+00 -6.530362e-02 9.977543e-01 1.489409e-02 -1.996610e-01 -1.046021e-01 -2.168846e-02 9.942776e-01 6.176903e+00
9.912167e-01 -8.061224e-02 1.048389e-01 5.133953e+00 7.538081e-02 9.957482e-01 5.294581e-02 -2.192490e-01 -1.086612e-01 -4.457792e-02 9.930788e-01 6.472804e+00
9.866428e-01 1.008358e-01 -1.279378e-01 5.427195e+00 -9.619256e-02 9.944770e-01 4.198315e-02 -2.328101e-01 1.314646e-01 -2.911571e-02 9.908932e-01 6.814336e+00
9.642318e-01 -1.501615e-01 2.184227e-01 5.445199e+00 1.486812e-01 9.886108e-01 2.329514e-02 -2.369790e-01 -2.194330e-01 1.001343e-02 9.755762e-01 7.154377e+00
9.924562e-01 9.843048e-02 7.309035e-02 5.648712e+00 -9.923428e-02 9.950363e-01 7.439733e-03 -2.489980e-01 -7.199526e-02 -1.463668e-02 9.972976e-01 7.534906e+00
9.362698e-01 4.733556e-03 -3.512497e-01 6.199177e+00 3.007618e-02 9.951573e-01 9.358030e-02 -2.692162e-01 3.499917e-01 -9.818066e-02 9.315934e-01 7.836987e+00
9.899209e-01 8.226377e-02 1.152788e-01 6.881847e+00 -8.589054e-02 9.959428e-01 2.684657e-02 -2.948042e-01 -1.126026e-01 -3.647734e-02 9.929703e-01 8.044351e+00
9.960911e-01 -4.910782e-02 -7.342256e-02 7.377721e+00 5.300990e-02 9.972300e-01 5.217606e-02 -3.173756e-01 7.065693e-02 -5.586423e-02 9.959351e-01 8.322204e+00
9.427594e-01 7.769106e-03 3.333832e-01 7.671887e+00 -6.445014e-03 9.999663e-01 -5.077481e-03 -3.305252e-01 -3.334115e-01 2.638183e-03 9.427777e-01 8.755709e+00
9.509152e-01 -1.899650e-02 -3.088678e-01 7.832191e+00 3.263686e-02 9.987039e-01 3.905557e-02 -3.417486e-01 3.077256e-01 -4.721902e-02 9.503028e-01 8.903119e+00
8.857616e-01 -1.701204e-02 4.638286e-01 8.081155e+00 4.301121e-02 9.980365e-01 -4.553199e-02 -3.579779e-01 -4.621433e-01 6.028032e-02 8.847541e-01 8.926334e+00
8.591201e-01 4.795674e-02 -5.095221e-01 8.457648e+00 2.791545e-03 9.951459e-01 9.837106e-02 -3.755163e-01 5.117664e-01 -8.593491e-02 8.548160e-01 8.945460e+00
9.977732e-01 6.631979e-02 -7.096491e-03 8.939210e+00 -6.606319e-02 9.973101e-01 3.175127e-02 -3.950397e-01 9.183139e-03 -3.121175e-02 9.994706e-01 8.966440e+00
8.147932e-01 2.053006e-02 -5.793881e-01 9.346398e+00 -2.637372e-02 9.996508e-01 -1.667672e-03 -4.184196e-01 5.791515e-01 1.663943e-02 8.150501e-01 8.439149e+00
9.995177e-01 2.398809e-02 -1.972394e-02 9.513172e+00 -2.342555e-02 9.993257e-01 2.827330e-02 -4.364565e-01 2.038886e-02 -2.779762e-02 9.994056e-01 7.810887e+00
9.466836e-01 1.744647e-02 -3.216921e-01 9.755537e+00 -1.635790e-02 9.998477e-01 6.086733e-03 -4.509717e-01 3.217493e-01 -5.000019e-04 9.468248e-01 7.648722e+00
8.535307e-01 -4.458337e-02 5.191317e-01 1.005115e+01 6.068711e-02 9.980577e-01 -1.406490e-02 -4.721720e-01 -5.174963e-01 4.350942e-02 8.545785e-01 7.432633e+00
9.690878e-01 4.082378e-02 -2.433152e-01 1.056042e+01 -3.582683e-02 9.990470e-01 2.492871e-02 -4.995436e-01 2.441010e-01 -1.544090e-02 9.696269e-01 7.298001e+00
9.361427e-01 -3.216049e-02 3.501464e-01 1.102333e+01 2.850851e-02 9.994721e-01 1.558058e-02 -5.243881e-01 -3.504626e-01 -4.603500e-03 9.365654e-01 7.209258e+00
9.954201e-01 -3.199376e-02 -9.008449e-02 1.120093e+01 3.002526e-02 9.992816e-01 -2.312306e-02 -5.373566e-01 9.075957e-02 2.031235e-02 9.956657e-01 7.172255e+00
9.334893e-01 -5.981688e-02 3.535811e-01 1.107414e+01 6.969353e-02 9.974518e-01 -1.525452e-02 -5.367244e-01 -3.517677e-01 3.888225e-02 9.352795e-01 7.260022e+00
9.941291e-01 -9.237624e-02 5.633752e-02 1.079198e+01 9.368587e-02 9.953790e-01 -2.106025e-02 -5.313847e-01 -5.413172e-02 2.621464e-02 9.981896e-01 7.381256e+00
9.931539e-01 3.617383e-02 -1.110714e-01 1.056214e+01 -3.411713e-02 9.992104e-01 2.036264e-02 -5.287271e-01 1.117203e-01 -1.643380e-02 9.936038e-01 7.446996e+00
8.434955e-01 5.190441e-02 -5.346226e-01 1.054704e+01 -2.860512e-02 9.982485e-01 5.178459e-02 -5.322573e-01 5.363740e-01 -2.838713e-02 8.435029e-01 7.391554e+00
9.424302e-01 8.946267e-02 -3.222139e-01 1.076667e+01 -6.063052e-02 9.932931e-01 9.845206e-02 -5.412555e-01 3.288606e-01 -7.324820e-02 9.415335e-01 7.340684e+00
9.088305e-01 5.469222e-02 -4.135649e-01 1.099737e+01 -5.151246e-02 9.984945e-01 1.884537e-02 -5.509065e-01 4.139730e-01 4.176501e-03 9.102796e-01 7.292871e+00
8.369767e-01 1.371477e-01 -5.297741e-01 1.147675e+01 -4.423238e-02 9.818732e-01 1.843053e-01 -5.677606e-01 5.454480e-01 -1.308260e-01 8.278714e-01 7.399545e+00
8.308452e-01 1.442241e-01 -5.374902e-01 1.185459e+01 -1.257361e-01 9.895088e-01 7.115250e-02 -5.807725e-01 5.421132e-01 8.465201e-03 8.402628e-01 7.524865e+00
8.592811e-01 3.744716e-02 -5.101310e-01 1.198779e+01 8.554027e-03 9.961251e-01 8.753119e-02 -5.859416e-01 5.114321e-01 -7.957757e-02 8.556312e-01 7.596815e+00
9.898564e-01 4.241938e-02 -1.355906e-01 1.179528e+01 -4.342605e-02 9.990466e-01 -4.473891e-03 -5.825406e-01 1.352716e-01 1.031667e-02 9.907548e-01 7.608826e+00
9.625015e-01 -4.869360e-02 -2.668703e-01 1.153689e+01 5.295750e-02 9.985580e-01 8.799373e-03 -5.790495e-01 2.660570e-01 -2.260220e-02 9.636923e-01 7.574033e+00
9.968622e-01 4.144232e-02 -6.744092e-02 1.142792e+01 -3.983139e-02 9.988921e-01 2.505907e-02 -5.787810e-01 6.840471e-02 -2.229417e-02 9.974085e-01 7.594109e+00
9.736700e-01 -4.556848e-02 -2.233614e-01 1.134381e+01 5.057261e-02 9.985802e-01 1.673182e-02 -5.755720e-01 2.222818e-01 -2.758724e-02 9.745921e-01 7.782037e+00
9.378490e-01 -8.829260e-02 3.356244e-01 1.078265e+01 1.189954e-01 9.902808e-01 -7.200075e-02 -5.575178e-01 -3.260053e-01 1.074636e-01 9.392402e-01 7.928717e+00
9.951500e-01 -9.817669e-02 6.147818e-03 1.027012e+01 9.802384e-02 9.949506e-01 2.155650e-02 -5.417893e-01 -8.233121e-03 -2.084932e-02 9.997487e-01 8.016554e+00
9.977507e-01 -6.673233e-02 -6.354350e-03 9.522658e+00 6.607873e-02 9.950483e-01 -7.424618e-02 -5.134443e-01 1.127751e-02 7.365929e-02 9.972197e-01 8.176204e+00
8.943608e-01 -1.430990e-01 4.238413e-01 8.791347e+00 1.686869e-01 9.853952e-01 -2.325847e-02 -4.881315e-01 -4.143229e-01 9.229792e-02 9.054378e-01 8.339441e+00
9.939783e-01 -7.280093e-02 8.189748e-02 8.238553e+00 7.542649e-02 9.967169e-01 -2.943153e-02 -4.720987e-01 -7.948596e-02 3.543154e-02 9.962061e-01 8.489957e+00
6.793955e-01 -1.222841e-01 7.235112e-01 7.760143e+00 2.212278e-01 9.742705e-01 -4.307242e-02 -4.626246e-01 -6.996285e-01 1.893240e-01 6.889676e-01 8.655385e+00
9.963121e-01 -5.210205e-02 6.817327e-02 7.445700e+00 5.189910e-02 9.986411e-01 4.745847e-03 -4.658849e-01 -6.832789e-02 -1.190213e-03 9.976622e-01 8.585240e+00
9.960242e-01 -3.259723e-03 8.902356e-02 7.687709e+00 4.735252e-03 9.998548e-01 -1.636844e-02 -4.815063e-01 -8.895728e-02 1.672491e-02 9.958950e-01 8.558799e+00
9.820228e-01 3.138908e-02 -1.861344e-01 8.369472e+00 -2.558008e-02 9.991103e-01 3.352916e-02 -5.128291e-01 1.870212e-01 -2.816507e-02 9.819520e-01 8.226789e+00
9.545181e-01 5.881615e-02 -2.922941e-01 9.040757e+00 -4.851215e-02 9.979230e-01 4.238286e-02 -5.406805e-01 2.941798e-01 -2.627540e-02 9.553889e-01 7.981113e+00
8.789533e-01 6.154176e-02 -4.729203e-01 9.249841e+00 -4.932818e-02 9.980519e-01 3.819821e-02 -5.579995e-01 4.743498e-01 -1.024614e-02 8.802768e-01 7.609764e+00
9.662190e-01 1.332731e-02 -2.573776e-01 9.358895e+00 -1.242613e-02 9.999096e-01 5.127648e-03 -5.735928e-01 2.574227e-01 -1.756222e-03 9.662973e-01 7.046821e+00
9.033327e-01 7.044668e-02 -4.231163e-01 9.711490e+00 -6.041515e-02 9.974839e-01 3.709253e-02 -5.962740e-01 4.246647e-01 -7.944265e-03 9.053158e-01 6.362391e+00
9.554480e-01 -6.601119e-02 2.876831e-01 9.874761e+00 9.621340e-02 9.910879e-01 -9.212922e-02 -6.205924e-01 -2.790377e-01 1.157037e-01 9.532841e-01 5.531607e+00
8.700720e-01 1.514630e-02 -4.926918e-01 9.893508e+00 -3.307194e-03 9.996847e-01 2.489188e-02 -6.451136e-01 4.929135e-01 -2.002830e-02 8.698478e-01 4.423626e+00
9.641057e-01 8.688386e-02 -2.509013e-01 1.014747e+01 -7.331400e-02 9.953201e-01 6.295229e-02 -6.629350e-01 2.551966e-01 -4.229808e-02 9.659635e-01 4.003098e+00
8.311218e-01 5.782424e-02 -5.530759e-01 1.043745e+01 -5.102547e-02 9.983132e-01 2.769661e-02 -6.827735e-01 5.537445e-01 5.201707e-03 8.326704e-01 3.627708e+00
9.739711e-01 -3.816231e-02 2.234364e-01 1.053317e+01 5.435527e-02 9.962864e-01 -6.677459e-02 -7.054587e-01 -2.200584e-01 7.718148e-02 9.724286e-01 2.723845e+00
8.733839e-01 1.382606e-03 -4.870305e-01 1.057030e+01 2.150494e-03 9.999753e-01 6.695226e-03 -7.282185e-01 4.870277e-01 -6.894859e-03 8.733593e-01 1.737018e+00
9.656289e-01 -4.613549e-03 2.598836e-01 1.057223e+01 3.106939e-02 9.947226e-01 -9.778338e-02 -7.509291e-01 -2.580610e-01 1.024969e-01 9.606763e-01 7.171060e-01
8.157078e-01 3.279451e-02 -5.775338e-01 1.085536e+01 9.934874e-03 9.974502e-01 7.067093e-02 -7.742711e-01 5.783788e-01 -6.338456e-02 8.133021e-01 -2.691165e-02
9.807027e-01 1.044094e-01 -1.652901e-01 1.131288e+01 -9.616460e-02 9.937238e-01 5.714330e-02 -7.956110e-01 1.702190e-01 -4.014553e-02 9.845881e-01 -2.916268e-01
9.282088e-01 -2.835084e-02 -3.709780e-01 1.162916e+01 8.252167e-03 9.984160e-01 -5.565343e-02 -8.183675e-01 3.719682e-01 4.859663e-02 9.269725e-01 -8.804083e-01
9.608781e-01 -1.628764e-02 2.764923e-01 1.172564e+01 2.162162e-02 9.996341e-01 -1.625383e-02 -8.397305e-01 -2.761264e-01 2.159616e-02 9.608787e-01 -1.598971e+00
8.109289e-01 -7.982477e-03 -5.850902e-01 1.170973e+01 -5.203293e-03 9.997690e-01 -2.085171e-02 -8.581996e-01 5.851215e-01 1.995365e-02 8.107001e-01 -2.381612e+00
9.586834e-01 5.378081e-03 2.844245e-01 1.166750e+01 2.759858e-03 9.995984e-01 -2.820345e-02 -8.766313e-01 -2.844619e-01 2.782315e-02 9.582835e-01 -3.191428e+00
9.002790e-01 -6.478488e-02 -4.304657e-01 1.169746e+01 5.029338e-02 9.977214e-01 -4.497267e-02 -8.971247e-01 4.323984e-01 1.883838e-02 9.014859e-01 -3.960674e+00
9.512238e-01 3.488451e-02 3.065229e-01 1.183955e+01 -1.750568e-02 9.980888e-01 -5.926480e-02 -9.203246e-01 -3.080044e-01 5.100820e-02 9.500165e-01 -4.817321e+00
3.646304e-01 5.831250e-02 -9.293247e-01 1.200804e+01 -9.167602e-03 9.982136e-01 5.903809e-02 -9.412932e-01 9.311072e-01 -1.300740e-02 3.645136e-01 -5.750892e+00
9.883785e-01 4.660145e-02 1.446934e-01 1.228870e+01 -5.477103e-02 9.970914e-01 5.299895e-02 -9.623941e-01 -1.418027e-01 -6.030803e-02 9.880561e-01 -6.538881e+00
9.391847e-01 -1.020593e-01 -3.278965e-01 1.246319e+01 6.049709e-02 9.890559e-01 -1.345680e-01 -9.845719e-01 3.380418e-01 1.065474e-01 9.350804e-01 -7.311132e+00
9.949188e-01 5.385823e-02 8.506374e-02 1.266029e+01 -5.952510e-02 9.960722e-01 6.555036e-02 -1.007575e+00 -8.119920e-02 -7.028071e-02 9.942169e-01 -8.145935e+00
9.299055e-01 -7.616687e-02 -3.598255e-01 1.288947e+01 3.272002e-02 9.915748e-01 -1.253347e-01 -1.029589e+00 3.663403e-01 1.047759e-01 9.245630e-01 -8.884444e+00
9.878781e-01 2.717861e-02 1.528335e-01 1.309473e+01 -3.756936e-02 9.971441e-01 6.551550e-02 -1.052526e+00 -1.506164e-01 -7.046319e-02 9.860779e-01 -9.626135e+00
9.211000e-01 -5.625512e-02 -3.852405e-01 1.337708e+01 7.115525e-03 9.917729e-01 -1.278116e-01 -1.077231e+00 3.892611e-01 1.149861e-01 9.139223e-01 -1.041025e+01
9.827693e-01 5.731363e-03 1.847477e-01 1.354379e+01 -1.715359e-02 9.980337e-01 6.028726e-02 -1.100647e+00 -1.840389e-01 -6.241755e-02 9.809351e-01 -1.121733e+01
8.926823e-01 -2.384235e-02 -4.500554e-01 1.382557e+01 -2.518946e-02 9.943993e-01 -1.026429e-01 -1.125495e+00 4.499821e-01 1.029642e-01 8.870820e-01 -1.199388e+01
9.613733e-01 -1.266219e-02 2.749563e-01 1.410285e+01 -1.243082e-03 9.987314e-01 5.033960e-02 -1.150430e+00 -2.752449e-01 -4.873694e-02 9.601380e-01 -1.273924e+01
6.996820e-01 4.385074e-03 -7.144409e-01 1.425104e+01 -6.375724e-02 9.963747e-01 -5.632462e-02 -1.172781e+00 7.116039e-01 8.496010e-02 6.974250e-01 -1.364191e+01
9.726413e-01 -1.836520e-02 2.315851e-01 1.440896e+01 4.533951e-03 9.981811e-01 6.011566e-02 -1.194280e+00 -2.322679e-01 -5.742097e-02 9.709554e-01 -1.452335e+01
7.157548e-01 3.877502e-02 -6.972743e-01 1.453720e+01 -8.642331e-02 9.957004e-01 -3.334355e-02 -1.213089e+00 6.929834e-01 8.412656e-02 7.160284e-01 -1.522474e+01
9.657222e-01 -4.277085e-02 2.560300e-01 1.488951e+01 2.072218e-02 9.958868e-01 8.820472e-02 -1.236006e+00 -2.587495e-01 -7.987575e-02 9.626363e-01 -1.579310e+01
6.781292e-01 6.315256e-02 -7.322244e-01 1.504301e+01 -1.234619e-01 9.919316e-01 -2.878910e-02 -1.254867e+00 7.244984e-01 1.099245e-01 6.804547e-01 -1.646997e+01
9.588927e-01 -8.549565e-02 2.705831e-01 1.529416e+01 6.357104e-02 9.940192e-01 8.879529e-02 -1.275245e+00 -2.765564e-01 -6.794391e-02 9.585928e-01 -1.707063e+01
5.730284e-01 1.541835e-01 -8.049012e-01 1.550090e+01 -1.701058e-01 9.831303e-01 6.722202e-02 -1.292296e+00 8.016873e-01 9.839821e-02 5.895891e-01 -1.749396e+01
9.948785e-01 -9.483715e-02 -3.496814e-02 1.560680e+01 9.611187e-02 9.946909e-01 3.677563e-02 -1.307180e+00 3.129479e-02 -3.994813e-02 9.987116e-01 -1.805299e+01
4.803643e-01 2.482279e-01 -8.412093e-01 1.585086e+01 -1.469717e-01 9.683339e-01 2.018136e-01 -1.325709e+00 8.646673e-01 2.668990e-02 5.016355e-01 -1.864180e+01
9.152100e-01 -1.133328e-01 3.867121e-01 1.622346e+01 1.501537e-01 9.864393e-01 -6.626701e-02 -1.347883e+00 -3.739578e-01 1.187145e-01 9.198165e-01 -1.917582e+01
3.025515e-01 2.667498e-01 -9.150449e-01 1.632131e+01 -5.141173e-02 9.632086e-01 2.637915e-01 -1.360488e+00 9.517455e-01 -3.276646e-02 3.051343e-01 -1.956341e+01
9.779804e-01 -7.436297e-03 2.085643e-01 1.623384e+01 3.475845e-02 9.912107e-01 -1.276448e-01 -1.366845e+00 -2.057819e-01 1.320835e-01 9.696431e-01 -2.000011e+01
5.391081e-01 1.408104e-01 -8.303824e-01 1.627427e+01 2.634468e-02 9.826236e-01 1.837301e-01 -1.377353e+00 8.418245e-01 -1.209265e-01 5.260307e-01 -2.033070e+01
9.700932e-01 6.624880e-02 2.335171e-01 1.644074e+01 -4.451705e-02 9.942747e-01 -9.713983e-02 -1.389908e+00 -2.386155e-01 8.383919e-02 9.674883e-01 -2.065975e+01
5.965415e-01 2.668560e-02 -8.021385e-01 1.654407e+01 4.693107e-02 9.965770e-01 6.805632e-02 -1.406954e+00 8.012089e-01 -7.824364e-02 5.932471e-01 -2.128016e+01
8.513555e-01 6.926711e-02 5.199961e-01 1.634090e+01 -6.600511e-03 9.925803e-01 -1.214120e-01 -1.418056e+00 -5.245477e-01 9.993255e-02 8.454958e-01 -2.196237e+01
5.852517e-01 -3.621745e-02 -8.100424e-01 1.604762e+01 1.019281e-01 9.943636e-01 2.918402e-02 -1.424750e+00 8.044197e-01 -9.964611e-02 5.856446e-01 -2.255667e+01
9.142083e-01 1.247193e-01 3.855753e-01 1.562462e+01 -1.018888e-01 9.916398e-01 -7.917807e-02 -1.424577e+00 -3.922269e-01 3.309946e-02 9.192728e-01 -2.307060e+01
5.978827e-01 -1.216486e-01 -7.922991e-01 1.521818e+01 1.131580e-01 9.913278e-01 -6.681623e-02 -1.426862e+00 7.935562e-01 -4.970672e-02 6.064633e-01 -2.371583e+01
8.532785e-01 1.205752e-01 5.073238e-01 1.481536e+01 -1.314867e-01 9.912129e-01 -1.443055e-02 -1.423264e+00 -5.046059e-01 -5.439303e-02 8.616347e-01 -2.402326e+01
2.426149e-01 -5.105678e-02 -9.687782e-01 1.422949e+01 9.193553e-03 9.986903e-01 -5.033084e-02 -1.401852e+00 9.700791e-01 3.304500e-03 2.427666e-01 -2.398539e+01
9.760902e-01 4.177333e-02 2.133142e-01 1.365662e+01 -8.009289e-02 9.814302e-01 1.742982e-01 -1.380001e+00 -2.020719e-01 -1.872157e-01 9.613101e-01 -2.400720e+01
5.836783e-01 -3.907377e-02 -8.110443e-01 1.314558e+01 -1.398846e-01 9.790690e-01 -1.478384e-01 -1.370199e+00 7.998450e-01 1.997427e-01 5.659955e-01 -2.439017e+01
7.884796e-01 -1.240038e-01 6.024310e-01 1.321964e+01 8.425456e-03 9.815511e-01 1.910141e-01 -1.383743e+00 -6.150033e-01 -1.455349e-01 7.749778e-01 -2.478744e+01
7.252501e-01 2.980026e-02 -6.878403e-01 1.369628e+01 -1.615594e-01 9.785330e-01 -1.279518e-01 -1.408990e+00 6.692614e-01 2.039241e-01 7.144957e-01 -2.508067e+01
9.941818e-01 -1.076759e-01 -2.896262e-03 1.350356e+01 1.064927e-01 9.785070e-01 1.765881e-01 -1.413293e+00 -1.618028e-02 -1.758691e-01 9.842806e-01 -2.549692e+01
6.761146e-01 2.002970e-01 -7.090488e-01 1.329752e+01 -2.593096e-01 9.654585e-01 2.546427e-02 -1.414047e+00 6.896576e-01 1.666464e-01 7.046995e-01 -2.578755e+01
9.663551e-01 -2.069424e-01 -1.527506e-01 1.270248e+01 2.178644e-01 9.742284e-01 5.843009e-02 -1.385258e+00 1.367223e-01 -8.974313e-02 9.865360e-01 -2.551071e+01
9.007192e-01 2.023796e-01 -3.843792e-01 1.196095e+01 -2.022356e-01 9.784668e-01 4.127229e-02 -1.350587e+00 3.844550e-01 4.056041e-02 9.222523e-01 -2.524380e+01
8.212624e-01 -2.364461e-01 5.192508e-01 1.211358e+01 2.258008e-01 9.704771e-01 8.478331e-02 -1.361908e+00 -5.239677e-01 4.761791e-02 8.504060e-01 -2.507187e+01
6.674342e-01 3.261357e-01 -6.694529e-01 1.246398e+01 -2.751442e-01 9.433824e-01 1.852707e-01 -1.380856e+00 6.919735e-01 6.054009e-02 7.193800e-01 -2.496823e+01
9.481761e-01 -2.461492e-01 2.009295e-01 1.236946e+01 2.579387e-01 9.655505e-01 -3.434989e-02 -1.379110e+00 -1.855524e-01 8.439724e-02 9.790033e-01 -2.473750e+01
9.083988e-01 3.147797e-01 -2.751825e-01 1.267358e+01 -2.716424e-01 9.446672e-01 1.838868e-01 -1.396919e+00 3.178397e-01 -9.229132e-02 9.436420e-01 -2.456866e+01
9.441465e-01 -3.058689e-01 -1.226032e-01 1.192492e+01 2.745117e-01 9.358786e-01 -2.208497e-01 -1.361152e+00 1.822928e-01 1.748585e-01 9.675711e-01 -2.426876e+01
9.262542e-01 2.916203e-01 -2.387693e-01 1.160174e+01 -2.044410e-01 9.209576e-01 3.317243e-01 -1.353611e+00 3.166340e-01 -2.584468e-01 9.126600e-01 -2.423376e+01
9.028934e-01 -1.634283e-01 -3.975861e-01 1.106771e+01 7.706582e-04 9.255241e-01 -3.786878e-01 -1.343542e+00 4.298639e-01 3.416083e-01 8.357756e-01 -2.466130e+01
9.931407e-01 7.862300e-03 -1.166608e-01 1.049964e+01 3.778725e-02 9.226160e-01 3.838644e-01 -1.325550e+00 1.106512e-01 -3.856397e-01 9.159904e-01 -2.477066e+01
7.960322e-01 1.016638e-01 -5.966550e-01 9.845942e+00 -2.654974e-01 9.445399e-01 -1.932759e-01 -1.286501e+00 5.439152e-01 3.122642e-01 7.788756e-01 -2.425974e+01
7.283907e-01 -1.118095e-01 -6.759775e-01 9.175501e+00 2.920021e-01 9.431694e-01 1.586389e-01 -1.245398e+00 6.198240e-01 -3.129380e-01 7.196444e-01 -2.380958e+01
8.167994e-01 4.087428e-01 -4.071461e-01 8.575323e+00 -3.833911e-01 9.119171e-01 1.463504e-01 -1.216432e+00 4.311032e-01 3.655726e-02 9.015617e-01 -2.358709e+01
9.117223e-01 -3.743557e-01 -1.691753e-01 7.888741e+00 3.400565e-01 9.187871e-01 -2.004791e-01 -1.189840e+00 2.304866e-01 1.252522e-01 9.649807e-01 -2.353109e+01
9.680947e-01 2.496038e-01 2.215082e-02 7.156679e+00 -2.492425e-01 9.500026e-01 1.880779e-01 -1.154001e+00 2.590163e-02 -1.875982e-01 9.819043e-01 -2.314228e+01
9.295082e-01 -2.462600e-01 -2.745368e-01 6.846809e+00 2.023467e-01 9.628868e-01 -1.786193e-01 -1.133812e+00 3.083347e-01 1.104765e-01 9.448411e-01 -2.246166e+01
9.166005e-01 2.702076e-01 -2.946716e-01 6.526472e+00 -1.493428e-01 9.150902e-01 3.745752e-01 -1.112583e+00 3.708642e-01 -2.993287e-01 8.791258e-01 -2.181453e+01
9.141612e-01 -7.945197e-02 -3.974880e-01 6.071855e+00 -4.912551e-02 9.516587e-01 -3.032036e-01 -1.087021e+00 4.023630e-01 2.967038e-01 8.660663e-01 -2.134194e+01
9.945928e-01 -2.657078e-02 -1.003954e-01 5.811984e+00 6.419456e-02 9.172045e-01 3.932111e-01 -1.072356e+00 8.163523e-02 -3.975298e-01 9.139506e-01 -2.084454e+01
9.046983e-01 1.038659e-01 -4.131984e-01 5.399023e+00 -2.207396e-01 9.437814e-01 -2.460707e-01 -1.047371e+00 3.644106e-01 3.138290e-01 8.767647e-01 -2.027190e+01
8.735558e-01 -1.303757e-01 -4.689375e-01 4.936644e+00 2.733750e-01 9.285571e-01 2.510933e-01 -1.019979e+00 4.026988e-01 -3.475398e-01 8.467879e-01 -1.977557e+01
8.622388e-01 2.573908e-01 4.362272e-01 5.332718e+00 -1.578070e-01 9.549027e-01 -2.515110e-01 -1.038536e+00 -4.812912e-01 1.480228e-01 8.639723e-01 -1.935322e+01
9.690306e-01 -2.162199e-01 -1.192837e-01 5.405282e+00 2.427013e-01 9.230334e-01 2.985052e-01 -1.042172e+00 4.556006e-02 -3.182110e-01 9.469245e-01 -1.870485e+01
9.734022e-01 1.994469e-01 1.127347e-01 5.323698e+00 -1.633262e-01 9.491818e-01 -2.690325e-01 -1.040140e+00 -1.606634e-01 2.434643e-01 9.565105e-01 -1.818994e+01
9.591680e-01 -2.345409e-01 1.580740e-01 5.327944e+00 1.645623e-01 9.173259e-01 3.625361e-01 -1.041871e+00 -2.300349e-01 -3.217200e-01 9.184662e-01 -1.748254e+01
9.854556e-01 1.081624e-01 1.310654e-01 5.429867e+00 -6.558620e-02 9.536032e-01 -2.938357e-01 -1.050593e+00 -1.567664e-01 2.809659e-01 9.468276e-01 -1.684724e+01
7.279695e-01 6.301391e-02 -6.827076e-01 5.190803e+00 2.080230e-01 9.285255e-01 3.075173e-01 -1.036019e+00 6.532892e-01 -3.658821e-01 6.628299e-01 -1.625240e+01
7.293966e-01 1.408856e-01 6.694265e-01 5.172667e+00 7.151478e-02 9.574980e-01 -2.794336e-01 -1.035727e+00 -6.803427e-01 2.516918e-01 6.883204e-01 -1.553665e+01
9.677316e-01 1.149308e-02 -2.517211e-01 5.432167e+00 7.085545e-02 9.462417e-01 3.156045e-01 -1.054710e+00 2.418162e-01 -3.232562e-01 9.148936e-01 -1.526796e+01
9.911771e-01 2.263305e-02 1.305975e-01 5.219409e+00 1.447800e-02 9.609295e-01 -2.764144e-01 -1.046546e+00 -1.317511e-01 2.758664e-01 9.521236e-01 -1.479753e+01
9.581683e-01 -1.065142e-01 2.656469e-01 5.114779e+00 3.147847e-02 9.617576e-01 2.720873e-01 -1.047615e+00 -2.844691e-01 -2.523433e-01 9.248785e-01 -1.445628e+01
9.289533e-01 -9.419679e-03 -3.700771e-01 4.926996e+00 -8.360551e-02 9.685106e-01 -2.345151e-01 -1.048168e+00 3.606327e-01 2.487940e-01 8.989136e-01 -1.440855e+01
9.964889e-01 -8.287106e-02 1.192356e-02 4.794789e+00 7.481298e-02 9.452841e-01 3.175547e-01 -1.043144e+00 -3.758725e-02 -3.155477e-01 9.481650e-01 -1.400504e+01
9.432572e-01 1.022495e-01 -3.159287e-01 4.667480e+00 -1.668140e-01 9.685574e-01 -1.845795e-01 -1.036997e+00 2.871220e-01 2.268073e-01 9.306554e-01 -1.349097e+01
9.836311e-01 -1.632530e-01 -7.627765e-02 4.443476e+00 1.773034e-01 9.523759e-01 2.480800e-01 -1.029579e+00 3.214519e-02 -2.575435e-01 9.657319e-01 -1.314603e+01
8.978182e-01 2.043474e-01 -3.900829e-01 4.279167e+00 -2.658486e-01 9.576973e-01 -1.101836e-01 -1.028890e+00 3.510656e-01 2.026279e-01 9.141635e-01 -1.311235e+01
9.350102e-01 -3.027721e-01 1.846213e-01 3.962747e+00 2.744846e-01 9.475369e-01 1.638048e-01 -1.024597e+00 -2.245311e-01 -1.024834e-01 9.690629e-01 -1.307109e+01
8.131778e-01 2.695904e-01 -5.158128e-01 3.608160e+00 -2.982115e-01 9.540737e-01 2.851831e-02 -1.015364e+00 4.998117e-01 1.306309e-01 8.562265e-01 -1.295149e+01
8.941634e-01 -3.298208e-01 3.028035e-01 3.490050e+00 3.040725e-01 9.437336e-01 1.300263e-01 -1.012371e+00 -3.286513e-01 -2.419055e-02 9.441415e-01 -1.257564e+01
7.940625e-01 3.523587e-01 -4.952858e-01 3.455098e+00 -3.221625e-01 9.349429e-01 1.486377e-01 -1.008775e+00 5.154378e-01 4.153485e-02 8.559198e-01 -1.201950e+01
9.338360e-01 -3.249273e-01 1.495743e-01 3.215467e+00 3.408293e-01 9.351719e-01 -9.637885e-02 -1.010118e+00 -1.085616e-01 1.409814e-01 9.840420e-01 -1.221492e+01
9.617664e-01 2.673400e-01 -5.945431e-02 2.952510e+00 -2.592930e-01 9.587392e-01 1.165605e-01 -1.008346e+00 8.816244e-02 -9.668784e-02 9.914025e-01 -1.211529e+01
9.592809e-01 -2.814514e-01 -2.377414e-02 2.792892e+00 2.807262e-01 9.593255e-01 -2.978760e-02 -9.972498e-01 3.119090e-02 2.190065e-02 9.992735e-01 -1.137229e+01
8.450681e-01 3.086082e-01 -4.366014e-01 2.402638e+00 -2.414407e-01 9.488651e-01 2.033748e-01 -9.882967e-01 4.770390e-01 -6.645222e-02 8.763663e-01 -1.134531e+01
9.655753e-01 -2.118400e-01 -1.509578e-01 1.986827e+00 1.732466e-01 9.566092e-01 -2.342741e-01 -9.851465e-01 1.940362e-01 2.000564e-01 9.603788e-01 -1.177504e+01
8.943745e-01 1.966422e-01 -4.017787e-01 1.580657e+00 -7.815280e-02 9.530699e-01 2.924890e-01 -9.821124e-01 4.404389e-01 -2.301946e-01 8.677696e-01 -1.215731e+01
9.850239e-01 -1.094564e-01 1.332186e-01 1.140337e+00 1.397210e-01 9.594578e-01 -2.447830e-01 -9.670980e-01 -1.010246e-01 2.597305e-01 9.603823e-01 -1.193195e+01
9.683116e-01 5.699710e-02 -2.431541e-01 5.475241e-01 1.012932e-02 9.638452e-01 2.662703e-01 -9.441973e-01 2.495396e-01 -2.602956e-01 9.327252e-01 -1.169459e+01
9.863940e-01 -7.548895e-02 1.460421e-01 -2.963001e-02 1.150100e-01 9.516325e-01 -2.849004e-01 -9.241394e-01 -1.174716e-01 2.978204e-01 9.473666e-01 -1.151768e+01
9.037936e-01 8.247834e-02 -4.199458e-01 -4.342157e-01 5.781416e-02 9.487290e-01 3.107583e-01 -9.111800e-01 4.240456e-01 -3.051402e-01 8.526868e-01 -1.146087e+01
8.572361e-01 -2.212649e-02 5.144479e-01 -7.657165e-01 2.006182e-01 9.344817e-01 -2.941025e-01 -9.008131e-01 -4.742347e-01 3.553229e-01 8.055105e-01 -1.115884e+01
9.954443e-01 -4.705905e-03 -9.522867e-02 -1.339514e+00 3.211389e-02 9.569706e-01 2.884023e-01 -8.836377e-01 8.977385e-02 -2.901466e-01 9.527621e-01 -1.092536e+01
8.614212e-01 -1.106886e-01 4.956830e-01 -1.745167e+00 3.116946e-01 8.857726e-01 -3.438798e-01 -8.880292e-01 -4.009988e-01 4.507270e-01 7.975243e-01 -1.130701e+01
9.855213e-01 1.281294e-01 -1.110434e-01 -2.004193e+00 -8.927803e-02 9.489306e-01 3.025891e-01 -8.997118e-01 1.441431e-01 -2.882943e-01 9.466304e-01 -1.186107e+01
7.957922e-01 -1.938987e-01 5.736881e-01 -2.111414e+00 4.092213e-01 8.705007e-01 -2.734346e-01 -9.164630e-01 -4.463773e-01 4.523625e-01 7.720852e-01 -1.235396e+01
9.740024e-01 2.180313e-01 -6.149527e-02 -2.343470e+00 -1.970105e-01 9.492492e-01 2.451790e-01 -9.282149e-01 1.118310e-01 -2.266897e-01 9.675255e-01 -1.280577e+01
5.997434e-01 -3.105191e-01 7.374861e-01 -2.461499e+00 5.149658e-01 8.551984e-01 -5.870202e-02 -9.426247e-01 -6.124688e-01 4.149862e-01 6.728063e-01 -1.302616e+01
2.452149e-01 5.211296e-01 -8.174922e-01 -2.410920e+00 -1.132532e-01 8.528622e-01 5.097056e-01 -9.637253e-01 9.628309e-01 -3.240379e-02 2.681542e-01 -1.369055e+01
7.245985e-01 -1.145946e-01 6.795772e-01 -2.331414e+00 3.862126e-01 8.842115e-01 -2.626974e-01 -9.820248e-01 -5.707862e-01 4.528113e-01 6.849562e-01 -1.414114e+01
2.837100e-01 4.540390e-01 -8.446048e-01 -2.292717e+00 1.195792e-01 8.571691e-01 5.009610e-01 -9.935955e-01 9.514250e-01 -2.431248e-01 1.888938e-01 -1.435317e+01
9.857391e-01 1.682804e-01 3.296057e-04 -1.915315e+00 -1.596579e-01 9.358460e-01 -3.141681e-01 -1.010902e+00 -5.317680e-02 3.096352e-01 9.493673e-01 -1.468795e+01
2.424089e-01 6.347626e-02 -9.680954e-01 -1.624277e+00 3.100104e-01 9.404741e-01 1.392911e-01 -1.024438e+00 9.193103e-01 -3.338851e-01 2.083010e-01 -1.479958e+01
8.409534e-01 3.091923e-01 4.440692e-01 -1.407721e+00 -2.800801e-01 9.509018e-01 -1.316849e-01 -1.041144e+00 -4.629822e-01 -1.363413e-02 8.862627e-01 -1.502835e+01
7.785889e-01 -2.672342e-01 -5.677897e-01 -1.084681e+00 3.020899e-01 9.526681e-01 -3.413525e-02 -1.064727e+00 5.500372e-01 -1.449462e-01 8.224656e-01 -1.522420e+01
9.191522e-01 3.222689e-01 2.264996e-01 -4.356904e-01 -3.379154e-01 9.405985e-01 3.298031e-02 -1.090866e+00 -2.024166e-01 -1.068516e-01 9.734527e-01 -1.547191e+01
7.109959e-01 -2.432659e-01 -6.597777e-01 2.901762e-01 1.668584e-01 9.698226e-01 -1.777707e-01 -1.119981e+00 6.831128e-01 1.630477e-02 7.301308e-01 -1.578750e+01
8.224238e-01 1.452173e-01 5.500282e-01 4.506295e-01 -2.441636e-01 9.633914e-01 1.107304e-01 -1.135510e+00 -5.138124e-01 -2.253642e-01 8.277728e-01 -1.573637e+01
8.770293e-01 -3.105453e-01 -3.665805e-01 2.345796e-01 2.779529e-01 9.503276e-01 -1.400702e-01 -1.123171e+00 3.918697e-01 2.095353e-02 9.197821e-01 -1.505180e+01
5.538138e-01 1.344448e-01 8.217146e-01 1.924620e-01 -1.626729e-01 9.853311e-01 -5.157770e-02 -1.115169e+00 -8.165953e-01 -1.051062e-01 5.675604e-01 -1.405509e+01
8.854938e-01 -1.715581e-01 -4.318200e-01 4.104628e-01 2.315050e-01 9.686727e-01 8.988154e-02 -1.117100e+00 4.028723e-01 -1.795580e-01 8.974702e-01 -1.302451e+01
9.532237e-01 3.013060e-01 -2.407019e-02 1.061125e+00 -2.959755e-01 9.465836e-01 1.279766e-01 -1.135793e+00 6.134457e-02 -1.148661e-01 9.914851e-01 -1.242557e+01
7.335194e-01 -9.627857e-02 -6.728148e-01 1.814892e+00 6.121584e-02 9.952513e-01 -7.567963e-02 -1.158841e+00 6.769061e-01 1.432556e-02 7.359299e-01 -1.211310e+01
7.453305e-01 1.798295e-02 6.664526e-01 2.685821e+00 -1.195780e-01 9.870315e-01 1.070975e-01 -1.188686e+00 -6.558838e-01 -1.595161e-01 7.378151e-01 -1.191781e+01
4.530658e-01 -2.903481e-03 -8.914723e-01 3.466345e+00 -1.014587e-01 9.933294e-01 -5.479876e-02 -1.216124e+00 8.856848e-01 1.152751e-01 4.497490e-01 -1.195633e+01
5.981635e-01 -1.734907e-01 7.823691e-01 4.133601e+00 -2.116189e-02 9.725244e-01 2.318371e-01 -1.238266e+00 -8.010947e-01 -1.552329e-01 5.780572e-01 -1.162578e+01
9.717867e-01 -1.063034e-01 -2.105475e-01 4.920050e+00 6.611021e-02 9.796554e-01 -1.894855e-01 -1.268790e+00 2.264070e-01 1.702202e-01 9.590438e-01 -1.132374e+01
5.038849e-01 8.233005e-03 8.637316e-01 6.121385e+00 -1.243637e-01 9.902275e-01 6.311270e-02 -1.311819e+00 -8.547712e-01 -1.392184e-01 4.999845e-01 -1.123348e+01
2.959269e-01 -2.114575e-02 -9.549765e-01 7.107581e+00 -8.497992e-02 9.952079e-01 -4.837004e-02 -1.346214e+00 9.514230e-01 9.546782e-02 2.927118e-01 -1.124589e+01
5.376497e-01 -1.702222e-01 8.258070e-01 7.678539e+00 -4.965727e-02 9.713170e-01 2.325458e-01 -1.366964e+00 -8.417048e-01 -1.660355e-01 5.137755e-01 -1.087924e+01
6.760326e-01 3.568882e-02 -7.360069e-01 8.257117e+00 -1.573111e-01 9.827898e-01 -9.683713e-02 -1.389978e+00 7.198841e-01 1.812471e-01 6.700122e-01 -1.040883e+01
-8.623331e-02 -1.538711e-01 9.843208e-01 9.306677e+00 -3.018870e-02 9.879510e-01 1.517939e-01 -1.433168e+00 -9.958175e-01 -1.662568e-02 -8.983946e-02 -1.041489e+01
3.784739e-01 -3.480907e-02 -9.249572e-01 1.013236e+01 -9.578680e-02 9.924545e-01 -7.654324e-02 -1.469247e+00 9.206424e-01 1.175683e-01 3.722839e-01 -1.045767e+01
1.402515e-01 -1.544999e-01 9.779874e-01 1.093588e+01 -8.103903e-02 9.826450e-01 1.668574e-01 -1.501530e+00 -9.867939e-01 -1.026572e-01 1.252969e-01 -1.024458e+01
3.281622e-01 1.971425e-02 -9.444156e-01 1.147871e+01 -1.476399e-01 9.885657e-01 -3.066552e-02 -1.523490e+00 9.330123e-01 1.494967e-01 3.273205e-01 -9.744163e+00
4.115018e-01 -1.836737e-01 8.927095e-01 1.238636e+01 -1.454313e-02 9.780349e-01 2.079331e-01 -1.559359e+00 -9.112929e-01 -9.854763e-02 3.997920e-01 -9.889567e+00
2.054214e-01 6.762115e-02 -9.763347e-01 1.344214e+01 -2.589257e-01 9.658175e-01 1.241462e-02 -1.596942e+00 9.438006e-01 2.502479e-01 2.159084e-01 -1.004731e+01
2.271734e-01 -3.533652e-01 9.074830e-01 1.435355e+01 1.829234e-02 9.332306e-01 3.588119e-01 -1.628146e+00 -9.736825e-01 -6.491252e-02 2.184690e-01 -9.726329e+00
5.869576e-01 8.903250e-02 -8.047074e-01 1.526712e+01 -3.111088e-01 9.424262e-01 -1.226547e-01 -1.661899e+00 7.474571e-01 3.223447e-01 5.808630e-01 -9.369175e+00
3.535187e-01 -4.052432e-01 8.430911e-01 1.619088e+01 -4.891344e-02 8.920484e-01 4.492852e-01 -1.694306e+00 -9.341477e-01 -2.000692e-01 2.955339e-01 -8.783256e+00
9.278770e-01 -1.491492e-01 -3.417585e-01 1.660749e+01 1.895603e-03 9.183964e-01 -3.956571e-01 -1.717849e+00 3.728817e-01 3.664732e-01 8.524416e-01 -8.369742e+00
3.884764e-01 -9.800735e-02 9.162318e-01 1.688716e+01 -2.317689e-01 9.519683e-01 2.000986e-01 -1.733902e+00 -8.918348e-01 -2.900876e-01 3.471022e-01 -7.910935e+00
1.365363e-01 -5.810798e-02 -9.889294e-01 1.727949e+01 -2.112244e-01 9.736141e-01 -8.637073e-02 -1.745685e+00 9.678544e-01 2.206788e-01 1.206599e-01 -7.199829e+00
1.578369e-01 -3.705161e-01 9.153171e-01 1.778625e+01 -9.931854e-02 9.162789e-01 3.880319e-01 -1.760166e+00 -9.824578e-01 -1.521537e-01 1.078235e-01 -6.273136e+00
7.033323e-01 3.986475e-02 -7.097425e-01 1.879425e+01 -2.565042e-01 9.453939e-01 -2.010867e-01 -1.792112e+00 6.629700e-01 3.234827e-01 6.751516e-01 -5.214370e+00
-2.112899e-01 -3.813464e-01 8.999619e-01 1.994348e+01 -2.665532e-01 9.083305e-01 3.223121e-01 -1.827421e+00 -9.403754e-01 -1.717864e-01 -2.935702e-01 -3.990474e+00
2.413417e-01 -7.956334e-02 -9.671731e-01 2.085300e+01 -3.109719e-01 9.377378e-01 -1.547397e-01 -1.855351e+00 9.192664e-01 3.381088e-01 2.015733e-01 -2.892918e+00
-1.644830e-01 -4.409870e-01 8.823128e-01 2.176490e+01 -2.506518e-01 8.838202e-01 3.950133e-01 -1.884134e+00 -9.540016e-01 -1.561803e-01 -2.559076e-01 -2.075440e+00
-2.959716e-01 -9.105469e-02 -9.508469e-01 2.268620e+01 -5.292867e-01 8.442843e-01 8.390180e-02 -1.911409e+00 7.951455e-01 5.281032e-01 -2.980782e-01 -1.381519e+00
-5.800106e-02 -6.782810e-01 7.325099e-01 2.424670e+01 -5.082431e-02 7.347999e-01 6.763771e-01 -1.955263e+00 -9.970219e-01 2.001276e-03 -7.709233e-02 -1.138443e+00
-6.875309e-02 3.973216e-02 -9.968422e-01 2.586937e+01 -7.282337e-01 6.809478e-01 7.736816e-02 -2.003704e+00 6.818715e-01 7.312533e-01 -1.788297e-02 -1.122458e+00
-6.617267e-01 -7.212993e-01 2.045608e-01 2.738846e+01 -6.039936e-01 6.745079e-01 4.245360e-01 -2.051353e+00 -4.441954e-01 1.573734e-01 -8.820001e-01 -4.662070e-01
-4.226354e-01 -5.021194e-01 -7.544902e-01 2.894771e+01 -8.030039e-01 5.934424e-01 5.487008e-02 -2.093744e+00 4.201952e-01 6.290487e-01 -6.540136e-01 6.306393e-01
-1.554015e-01 -9.419267e-01 2.976987e-01 3.008713e+01 -2.728616e-01 3.305645e-01 9.034786e-01 -2.124222e+00 -9.494193e-01 5.917140e-02 -3.083858e-01 1.638523e+00
4.220608e-01 -1.029439e-01 -9.007038e-01 3.147390e+01 -8.358022e-01 3.406385e-01 -4.305811e-01 -2.164267e+00 3.511400e-01 9.345416e-01 5.772940e-02 2.685202e+00
-1.141894e-01 -8.897319e-01 4.419705e-01 3.306491e+01 -8.882277e-01 2.907032e-01 3.557290e-01 -2.212633e+00 -4.449857e-01 -3.519499e-01 -8.234798e-01 3.736849e+00
4.022455e-01 -8.708480e-01 -2.825285e-01 3.477379e+01 1.832505e-01 3.789330e-01 -9.070992e-01 -2.265703e+00 8.970049e-01 3.131031e-01 3.120074e-01 4.866043e+00
-8.408548e-01 1.476570e-01 5.207309e-01 3.657244e+01 -4.022890e-01 4.731540e-01 -7.837659e-01 -2.319630e+00 -3.621144e-01 -8.685175e-01 -3.384530e-01 6.078990e+00
2.369320e-01 -3.043090e-01 -9.226371e-01 3.826535e+01 8.871538e-01 4.548696e-01 7.779242e-02 -2.370525e+00 3.960067e-01 -8.369526e-01 3.777421e-01 7.379239e+00
-3.398362e-01 8.438301e-01 4.152856e-01 3.978036e+01 7.745614e-01 5.015756e-01 -3.853265e-01 -2.415179e+00 -5.334473e-01 1.907163e-01 -8.240518e-01 8.802553e+00
4.522123e-01 8.185644e-01 -3.541982e-01 4.102646e+01 3.191008e-02 3.820205e-01 9.236028e-01 -2.452800e+00 8.913393e-01 -4.289671e-01 1.466339e-01 1.017504e+01
-7.409780e-01 -1.257332e-02 6.714116e-01 4.218281e+01 6.441473e-01 2.692885e-01 7.159316e-01 -2.487510e+00 -1.898050e-01 9.629775e-01 -1.914377e-01 1.138469e+01
-8.054840e-01 5.926075e-01 -3.435728e-03 4.318382e+01 2.065716e-02 3.387071e-02 9.992127e-01 -2.513949e+00 5.922573e-01 8.047789e-01 -3.952390e-02 1.246299e+01
-6.514877e-01 -2.058771e-01 7.301907e-01 4.402715e+01 7.534952e-01 -6.348318e-02 6.543813e-01 -2.535906e+00 -8.836730e-02 9.765165e-01 1.964859e-01 1.342848e+01
-7.184181e-01 6.749635e-01 1.682248e-01 4.503278e+01 -3.094065e-02 -2.726045e-01 9.616286e-01 -2.564548e+00 6.949231e-01 6.856464e-01 2.167278e-01 1.420145e+01
-7.827297e-01 -1.939930e-01 5.913551e-01 4.612320e+01 6.180235e-01 -3.542745e-01 7.018094e-01 -2.597247e+00 7.335597e-02 9.147985e-01 3.971934e-01 1.492272e+01
-8.170454e-01 5.583614e-01 1.437681e-01 4.713532e+01 -1.972597e-01 -5.050038e-01 8.402736e-01 -2.627420e+00 5.417798e-01 6.581821e-01 5.227533e-01 1.552286e+01
-7.495322e-01 -3.280742e-01 5.749511e-01 4.802548e+01 6.461102e-01 -5.515432e-01 5.275810e-01 -2.655076e+00 1.440246e-01 7.669207e-01 6.253715e-01 1.598896e+01
-7.625308e-01 6.463280e-01 -2.840792e-02 4.876674e+01 -5.326422e-01 -6.022707e-01 5.946111e-01 -2.683092e+00 3.672045e-01 4.685405e-01 8.035115e-01 1.634974e+01
-7.026409e-01 -3.502824e-01 -6.193529e-01 4.925610e+01 -3.982290e-01 -5.277546e-01 7.502591e-01 -2.717781e+00 -5.896689e-01 7.738071e-01 2.313293e-01 1.608976e+01
4.628027e-02 -3.865152e-01 -9.211211e-01 4.994168e+01 -9.190819e-01 -3.777207e-01 1.123190e-01 -2.748441e+00 -3.913395e-01 8.413876e-01 -3.727202e-01 1.621435e+01
1.373136e-01 -9.207549e-01 -3.651785e-01 5.075439e+01 -6.634769e-01 -3.592430e-01 6.563101e-01 -2.782034e+00 -7.354885e-01 1.521672e-01 -6.602286e-01 1.615849e+01
3.904257e-01 -7.246980e-01 -5.677857e-01 5.162292e+01 -9.201134e-01 -2.864115e-01 -2.671325e-01 -2.821372e+00 3.096998e-02 6.267226e-01 -7.786267e-01 1.574905e+01
2.576877e-01 -9.339884e-01 2.475131e-01 5.253604e+01 -9.339979e-01 -1.751701e-01 3.113895e-01 -2.859838e+00 -2.474773e-01 -3.114180e-01 -9.174823e-01 1.512573e+01
2.775340e-01 -9.358512e-01 -2.171576e-01 5.329826e+01 -8.767883e-01 -1.543377e-01 -4.554362e-01 -2.891421e+00 3.927049e-01 3.168003e-01 -8.633773e-01 1.499709e+01
4.796384e-01 -8.747332e-01 6.920157e-02 5.389778e+01 -6.649284e-01 -3.108693e-01 6.791396e-01 -2.909838e+00 -5.725533e-01 -3.717555e-01 -7.307397e-01 1.536402e+01
5.761850e-02 -5.224371e-01 -8.507288e-01 5.435466e+01 -8.944108e-01 -4.055848e-01 1.884948e-01 -2.924900e+00 -4.435194e-01 7.500403e-01 -4.906426e-01 1.563615e+01
1.494682e-01 -8.865950e-01 -4.377311e-01 5.509782e+01 -6.788736e-01 -4.138859e-01 6.064891e-01 -2.958591e+00 -7.188810e-01 2.065133e-01 -6.637488e-01 1.556694e+01
3.906778e-01 -6.597234e-01 -6.419781e-01 5.594371e+01 -9.077191e-01 -3.920293e-01 -1.495296e-01 -2.992281e+00 -1.530260e-01 6.411537e-01 -7.520007e-01 1.569676e+01
3.882375e-01 -8.397360e-01 -3.796249e-01 5.663744e+01 -4.403739e-01 -5.309114e-01 7.240192e-01 -3.014800e+00 -8.095322e-01 -1.139145e-01 -5.759176e-01 1.608747e+01
2.576296e-01 -3.289299e-01 -9.085330e-01 5.736640e+01 -8.152795e-01 -5.786615e-01 -2.168446e-02 -3.041608e+00 -5.186004e-01 7.462948e-01 -4.172501e-01 1.628037e+01
4.230165e-01 -8.290481e-01 -3.656997e-01 5.802959e+01 -6.414986e-01 -5.590402e-01 5.253129e-01 -3.073869e+00 -6.399505e-01 1.237986e-02 -7.683164e-01 1.627866e+01
4.158446e-01 -5.922598e-01 -6.901460e-01 5.885878e+01 -8.047756e-01 -5.930915e-01 2.405666e-02 -3.106829e+00 -4.235675e-01 5.454089e-01 -7.232702e-01 1.616381e+01
3.814240e-01 -7.216250e-01 -5.777310e-01 5.965807e+01 -4.417170e-01 -6.912905e-01 5.718423e-01 -3.136037e+00 -8.120356e-01 3.707921e-02 -5.824288e-01 1.634091e+01
1.912756e-01 -3.153047e-01 -9.295142e-01 6.038708e+01 -6.437860e-01 -7.551446e-01 1.236776e-01 -3.162227e+00 -7.409138e-01 5.747517e-01 -3.474295e-01 1.656274e+01
1.731894e-01 -6.127488e-01 -7.710671e-01 6.103922e+01 -2.723264e-01 -7.821679e-01 5.604031e-01 -3.191926e+00 -9.464902e-01 1.129260e-01 -3.023308e-01 1.645945e+01
8.667046e-01 -3.402944e-01 -3.647229e-01 6.177254e+01 -4.916001e-01 -7.066682e-01 -5.088707e-01 -3.223259e+00 -8.457225e-02 6.203384e-01 -7.797614e-01 1.699378e+01
