9.999953e-01 -1.834657e-04 -3.059928e-03 2.284186e-01 1.809608e-04 9.999996e-01 -8.188591e-04 1.314132e-02 3.060077e-03 8.183008e-04 9.999950e-01 -1.597512e+00
9.999987e-01 -6.281703e-05 1.634824e-03 8.705258e-01 6.493551e-05 9.999992e-01 -1.295809e-03 3.657521e-02 -1.634741e-03 1.295914e-03 9.999978e-01 -3.948642e+00
9.999906e-01 1.737088e-04 -4.335392e-03 1.051254e+00 -1.717218e-04 9.999999e-01 4.586808e-04 4.588391e-02 4.335471e-03 -4.579327e-04 9.999905e-01 -5.097719e+00
9.999999e-01 3.385447e-04 -2.269643e-04 1.121282e+00 -3.386425e-04 9.999998e-01 -4.313170e-04 4.561118e-02 2.268185e-04 4.313945e-04 9.999999e-01 -5.411381e+00
9.999895e-01 1.780984e-04 -4.583080e-03 1.200069e+00 -1.741642e-04 9.999996e-01 8.588221e-04 3.964417e-02 4.583231e-03 -8.580156e-04 9.999891e-01 -5.686088e+00
9.999990e-01 1.367656e-03 -2.278153e-04 1.293823e+00 -1.367746e-03 9.999990e-01 -3.950048e-04 1.710530e-02 2.272752e-04 3.953167e-04 9.999999e-01 -4.850345e+00
9.999874e-01 -4.902785e-04 -4.997158e-03 1.674012e+00 4.986024e-04 9.999985e-01 1.664626e-03 -7.079510e-03 4.996334e-03 -1.667097e-03 9.999861e-01 -4.703546e+00
9.999991e-01 1.239879e-03 4.676009e-04 1.702933e+00 -1.239264e-03 9.999984e-01 -1.315145e-03 -1.862487e-02 -4.692305e-04 1.314565e-03 9.999990e-01 -4.615787e+00
9.999847e-01 -4.924459e-04 -5.509736e-03 1.657201e+00 5.013496e-04 9.999986e-01 1.614727e-03 -2.586922e-02 5.508933e-03 -1.617465e-03 9.999835e-01 -4.519021e+00
9.999995e-01 9.091790e-04 4.180193e-04 1.323458e+00 -9.083973e-04 9.999978e-01 -1.866244e-03 -2.047700e-02 -4.197148e-04 1.865864e-03 9.999982e-01 -4.697087e+00
9.999814e-01 -4.537354e-04 -6.084856e-03 9.237352e-01 4.642282e-04 9.999984e-01 1.723123e-03 -1.270512e-02 6.084064e-03 -1.725917e-03 9.999800e-01 -4.667504e+00
9.999992e-01 4.849388e-04 1.132511e-03 7.218743e-01 -4.824685e-04 9.999975e-01 -2.180496e-03 -9.247407e-03 -1.133565e-03 2.179948e-03 9.999970e-01 -5.358265e+00
9.999938e-01 -6.374234e-04 -3.457462e-03 7.619222e-01 6.395905e-04 9.999996e-01 6.257224e-04 4.577741e-03 3.457061e-03 -6.279306e-04 9.999938e-01 -6.844110e+00
9.999994e-01 4.889109e-04 9.618635e-04 7.180905e-01 -4.869349e-04 9.999978e-01 -2.053441e-03 1.618694e-02 -9.628650e-04 2.052972e-03 9.999974e-01 -8.150503e+00
9.999942e-01 -4.544857e-04 -3.361347e-03 6.940996e-01 4.568383e-04 9.999997e-01 6.991710e-04 2.693099e-02 3.361027e-03 -7.007033e-04 9.999941e-01 -9.421330e+00
9.999990e-01 1.059559e-03 -9.344638e-04 6.899212e-01 -1.060370e-03 9.999991e-01 -8.679834e-04 1.425886e-02 9.335436e-04 8.689741e-04 9.999992e-01 -9.455772e+00
9.999928e-01 6.750148e-04 -3.727264e-03 7.957285e-01 -6.703049e-04 9.999990e-01 1.264741e-03 -1.269374e-02 3.728114e-03 -1.262234e-03 9.999923e-01 -8.423692e+00
9.999987e-01 3.423745e-04 -1.597840e-03 8.809367e-01 -3.431731e-04 9.999998e-01 -4.995654e-04 -3.294617e-02 1.597669e-03 5.001138e-04 9.999986e-01 -8.036768e+00
9.999960e-01 3.042272e-04 -2.813111e-03 9.781308e-01 -3.022515e-04 9.999997e-01 7.027562e-04 -4.459789e-02 2.813323e-03 -7.019038e-04 9.999958e-01 -8.127662e+00
9.999990e-01 1.915213e-04 -1.399750e-03 1.110771e+00 -1.921344e-04 9.999999e-01 -4.379318e-04 -5.627913e-02 1.399666e-03 4.382010e-04 9.999989e-01 -8.400799e+00
9.999934e-01 1.062560e-03 -3.466951e-03 1.165499e+00 -1.059320e-03 9.999990e-01 9.360894e-04 -7.646957e-02 3.467942e-03 -9.324113e-04 9.999936e-01 -7.745194e+00
9.999992e-01 8.231169e-05 -1.256340e-03 1.108697e+00 -8.311001e-05 9.999998e-01 -6.354392e-04 -8.979842e-02 1.256288e-03 6.355439e-04 9.999990e-01 -7.260614e+00
9.999946e-01 1.792397e-04 -3.293081e-03 9.137622e-01 -1.781826e-04 9.999999e-01 3.213025e-04 -8.446772e-02 3.293138e-03 -3.207147e-04 9.999945e-01 -7.646396e+00
9.999993e-01 4.073253e-04 -1.099615e-03 8.757530e-01 -4.081896e-04 9.999996e-01 -7.859836e-04 -9.440117e-02 1.099294e-03 7.864326e-04 9.999991e-01 -7.750551e+00
9.999910e-01 8.859329e-04 -4.141467e-03 1.050463e+00 -8.792625e-04 9.999983e-01 1.612205e-03 -1.208336e-01 4.142888e-03 -1.608549e-03 9.999901e-01 -7.009366e+00
9.999997e-01 1.759858e-04 -7.901238e-04 1.243911e+00 -1.768608e-04 9.999994e-01 -1.107674e-03 -1.444079e-01 7.899288e-04 1.107814e-03 9.999991e-01 -6.589040e+00
9.999895e-01 1.344637e-03 -4.379042e-03 1.335831e+00 -1.337291e-03 9.999977e-01 1.679980e-03 -1.678217e-01 4.381291e-03 -1.674107e-03 9.999890e-01 -5.747245e+00
9.999997e-01 8.043864e-04 6.205646e-05 1.471654e+00 -8.043044e-04 9.999988e-01 -1.308971e-03 -2.005580e-01 -6.310897e-05 1.308922e-03 9.999991e-01 -4.537525e+00
9.999886e-01 1.970564e-04 -4.770854e-03 1.393020e+00 -1.893004e-04 9.999987e-01 1.626110e-03 -2.118126e-01 4.771167e-03 -1.625189e-03 9.999873e-01 -4.255828e+00
9.999996e-01 8.153141e-04 2.137537e-04 1.324899e+00 -8.149715e-04 9.999984e-01 -1.597457e-03 -2.242416e-01 -2.150555e-04 1.597283e-03 9.999987e-01 -3.891765e+00
9.999852e-01 5.011208e-04 -5.411958e-03 1.363494e+00 -4.887038e-04 9.999972e-01 2.295465e-03 -2.420507e-01 5.413093e-03 -2.292787e-03 9.999827e-01 -3.238908e+00
9.999995e-01 -5.021272e-05 9.776527e-04 1.356632e+00 5.237621e-05 9.999976e-01 -2.212969e-03 -2.469508e-01 -9.775388e-04 2.213020e-03 9.999971e-01 -3.618884e+00
9.999789e-01 1.186699e-03 -6.385710e-03 1.459242e+00 -1.167741e-03 9.999949e-01 2.971695e-03 -2.665657e-01 6.389204e-03 -2.964177e-03 9.999752e-01 -3.066494e+00
9.999992e-01 -1.012544e-04 1.240580e-03 1.388851e+00 1.044340e-04 9.999967e-01 -2.563192e-03 -2.778520e-01 -1.240316e-03 2.563320e-03 9.999959e-01 -2.649983e+00
9.999793e-01 1.149911e-03 -6.325063e-03 1.344827e+00 -1.131544e-03 9.999951e-01 2.906764e-03 -2.907256e-01 6.328375e-03 -2.899548e-03 9.999758e-01 -2.226868e+00
9.999996e-01 -6.647875e-05 8.626822e-04 1.374050e+00 6.833685e-05 9.999977e-01 -2.153920e-03 -3.050065e-01 -8.625367e-04 2.153979e-03 9.999973e-01 -1.732420e+00
9.999779e-01 1.000305e-03 -6.566444e-03 1.366081e+00 -9.820155e-04 9.999956e-01 2.787919e-03 -3.170865e-01 6.569204e-03 -2.781409e-03 9.999746e-01 -1.364313e+00
9.999991e-01 -3.403532e-04 1.322451e-03 1.340800e+00 3.435800e-04 9.999970e-01 -2.440520e-03 -3.255520e-01 -1.321616e-03 2.440973e-03 9.999961e-01 -1.391332e+00
9.999777e-01 1.186706e-03 -6.565072e-03 1.348668e+00 -1.167646e-03 9.999951e-01 2.906335e-03 -3.364123e-01 6.568488e-03 -2.898606e-03 9.999742e-01 -1.217001e+00
9.999991e-01 1.092825e-04 1.356519e-03 1.398072e+00 -1.062796e-04 9.999975e-01 -2.213523e-03 -3.536168e-01 -1.356757e-03 2.213378e-03 9.999966e-01 -5.794493e-01
9.999788e-01 1.281673e-03 -6.384347e-03 1.436281e+00 -1.263779e-03 9.999953e-01 2.806056e-03 -3.709320e-01 6.387912e-03 -2.797929e-03 9.999757e-01 1.377487e-01
9.999992e-01 1.725183e-04 1.290914e-03 1.486237e+00 -1.696827e-04 9.999976e-01 -2.196310e-03 -3.895311e-01 -1.291290e-03 2.196090e-03 9.999968e-01 8.683823e-01
9.999764e-01 1.068674e-03 -6.787122e-03 1.563567e+00 -1.048975e-03 9.999952e-01 2.905246e-03 -4.086202e-01 6.790194e-03 -2.898059e-03 9.999727e-01 1.477104e+00
9.999994e-01 -3.429647e-05 1.079370e-03 1.664192e+00 3.645393e-05 9.999980e-01 -1.998769e-03 -4.250537e-01 -1.079299e-03 1.998808e-03 9.999974e-01 1.871358e+00
9.999785e-01 1.156189e-03 -6.461532e-03 1.726254e+00 -1.138547e-03 9.999956e-01 2.733290e-03 -4.423195e-01 6.464664e-03 -2.725875e-03 9.999754e-01 2.432605e+00
9.999990e-01 2.195351e-04 1.371654e-03 1.785888e+00 -2.166442e-04 9.999978e-01 -2.107317e-03 -4.614502e-01 -1.372113e-03 2.107018e-03 9.999968e-01 3.136509e+00
9.999796e-01 1.420572e-03 -6.224049e-03 1.858561e+00 -1.404233e-03 9.999956e-01 2.628730e-03 -4.836142e-01 6.227756e-03 -2.619937e-03 9.999772e-01 3.994725e+00
9.999990e-01 -6.204485e-05 1.379902e-03 1.865959e+00 6.486137e-05 9.999979e-01 -2.041076e-03 -4.978307e-01 -1.379772e-03 2.041165e-03 9.999970e-01 4.680740e+00
9.999778e-01 1.264137e-03 -6.542197e-03 1.893276e+00 -1.246758e-03 9.999957e-01 2.659971e-03 -5.131079e-01 6.545531e-03 -2.651756e-03 9.999751e-01 5.284687e+00
9.999991e-01 1.929361e-04 1.316487e-03 1.947251e+00 -1.902732e-04 9.999979e-01 -2.022507e-03 -5.317511e-01 -1.316874e-03 2.022255e-03 9.999971e-01 6.007573e+00
9.999754e-01 1.218401e-03 -6.901727e-03 2.062717e+00 -1.199878e-03 9.999957e-01 2.687344e-03 -5.543663e-01 6.904971e-03 -2.678998e-03 9.999726e-01 6.708808e+00
9.999981e-01 2.690712e-04 1.956069e-03 2.161185e+00 -2.650436e-04 9.999978e-01 -2.058971e-03 -5.790743e-01 -1.956618e-03 2.058449e-03 9.999960e-01 7.526285e+00
9.999754e-01 1.340912e-03 -6.878188e-03 2.233024e+00 -1.323256e-03 9.999958e-01 2.570942e-03 -6.018750e-01 6.881606e-03 -2.561778e-03 9.999730e-01 8.402157e+00
9.999993e-01 -5.667962e-04 1.042859e-03 2.351882e+00 5.686135e-04 9.999983e-01 -1.743046e-03 -6.152621e-01 -1.041869e-03 1.743639e-03 9.999979e-01 8.471535e+00
9.999815e-01 1.075371e-03 -5.994443e-03 2.547597e+00 -1.062937e-03 9.999973e-01 2.077071e-03 -6.223339e-01 5.996660e-03 -2.070661e-03 9.999799e-01 8.193348e+00
9.999995e-01 -3.615499e-04 9.120615e-04 2.683746e+00 3.629325e-04 9.999988e-01 -1.516109e-03 -6.329274e-01 -9.115119e-04 1.516440e-03 9.999984e-01 8.104724e+00
9.999796e-01 1.582552e-03 -6.190073e-03 2.875252e+00 -1.568840e-03 9.999963e-01 2.219522e-03 -6.586760e-01 6.193563e-03 -2.209766e-03 9.999784e-01 8.716256e+00
9.999991e-01 -1.637512e-04 1.355548e-03 2.986399e+00 1.657155e-04 9.999989e-01 -1.449020e-03 -6.837291e-01 -1.355309e-03 1.449244e-03 9.999980e-01 9.493445e+00
9.999814e-01 4.790078e-04 -6.082506e-03 3.027715e+00 -4.689838e-04 9.999985e-01 1.649344e-03 -6.840614e-01 6.083287e-03 -1.646461e-03 9.999801e-01 8.925797e+00
9.999984e-01 -2.008666e-04 1.788744e-03 3.162697e+00 2.037280e-04 9.999987e-01 -1.599553e-03 -6.825658e-01 -1.788420e-03 1.599916e-03 9.999971e-01 8.336127e+00
9.999799e-01 4.893347e-04 -6.327023e-03 3.259992e+00 -4.787554e-04 9.999985e-01 1.673522e-03 -6.814191e-01 6.327832e-03 -1.670460e-03 9.999786e-01 7.763342e+00
9.999993e-01 5.710432e-04 1.035614e-03 3.316630e+00 -5.700725e-04 9.999994e-01 -9.371829e-04 -6.982848e-01 -1.036148e-03 9.365926e-04 9.999990e-01 8.269180e+00
9.999783e-01 7.863044e-04 -6.537720e-03 3.379021e+00 -7.757558e-04 9.999984e-01 1.615891e-03 -7.164362e-01 6.538980e-03 -1.610785e-03 9.999773e-01 8.908960e+00
9.999991e-01 4.989479e-04 1.275387e-03 3.513926e+00 -4.978906e-04 9.999995e-01 -8.290654e-04 -7.405701e-01 -1.275800e-03 8.284303e-04 9.999988e-01 9.558221e+00
9.999798e-01 9.196675e-04 -6.287656e-03 3.624910e+00 -9.102891e-04 9.999985e-01 1.494276e-03 -7.663517e-01 6.289020e-03 -1.488523e-03 9.999791e-01 1.032977e+01
9.999999e-01 1.093423e-04 4.150024e-04 3.695734e+00 -1.090929e-04 9.999998e-01 -6.006136e-04 -7.821466e-01 -4.150677e-04 6.005690e-04 9.999997e-01 1.075758e+01
9.999814e-01 3.748335e-04 -6.093237e-03 3.771321e+00 -3.673571e-04 9.999992e-01 1.228091e-03 -7.874439e-01 6.093692e-03 -1.225830e-03 9.999807e-01 1.056479e+01
9.999998e-01 8.924668e-05 5.529921e-04 3.867028e+00 -8.886537e-05 9.999998e-01 -6.892891e-04 -7.932287e-01 -5.530532e-04 6.892406e-04 9.999996e-01 1.036929e+01
9.999825e-01 4.234192e-04 -5.899264e-03 3.895776e+00 -4.162976e-04 9.999992e-01 1.208401e-03 -7.982515e-01 5.899770e-03 -1.205925e-03 9.999819e-01 1.024062e+01
9.999998e-01 3.306234e-05 5.968175e-04 3.897593e+00 -3.252294e-05 9.999996e-01 -9.035480e-04 -7.996128e-01 -5.968468e-04 9.035291e-04 9.999994e-01 9.955678e+00
9.999813e-01 8.684356e-04 -6.058834e-03 3.920427e+00 -8.589412e-04 9.999984e-01 1.569485e-03 -8.098282e-01 6.060187e-03 -1.564252e-03 9.999804e-01 1.029136e+01
9.999997e-01 3.337347e-04 7.027641e-04 3.950389e+00 -3.331304e-04 9.999996e-01 -8.594923e-04 -8.237089e-01 -7.030504e-04 8.592586e-04 9.999994e-01 1.083979e+01
9.999788e-01 5.370223e-04 -6.488470e-03 3.965638e+00 -5.266979e-04 9.999986e-01 1.592821e-03 -8.334146e-01 6.489316e-03 -1.589370e-03 9.999777e-01 1.106139e+01
9.999993e-01 2.732666e-04 1.156755e-03 3.955170e+00 -2.721129e-04 9.999995e-01 -9.972472e-04 -8.420949e-01 -1.157026e-03 9.969324e-04 9.999988e-01 1.125117e+01
9.999792e-01 9.376407e-04 -6.377444e-03 3.957810e+00 -9.274055e-04 9.999983e-01 1.607709e-03 -8.538904e-01 6.378940e-03 -1.601762e-03 9.999784e-01 1.182356e+01
9.999986e-01 5.370856e-04 1.567492e-03 3.965950e+00 -5.353602e-04 9.999993e-01 -1.100868e-03 -8.685972e-01 -1.568082e-03 1.100028e-03 9.999982e-01 1.257040e+01
9.999740e-01 6.833517e-04 -7.178095e-03 4.015607e+00 -6.699036e-04 9.999980e-01 1.875751e-03 -8.828313e-01 7.179363e-03 -1.870894e-03 9.999725e-01 1.312039e+01
9.999981e-01 4.058837e-04 1.906111e-03 4.050954e+00 -4.036852e-04 9.999993e-01 -1.153514e-03 -8.967693e-01 -1.906577e-03 1.152743e-03 9.999975e-01 1.364469e+01
9.999694e-01 4.621271e-04 -7.811016e-03 4.046933e+00 -4.479162e-04 9.999982e-01 1.821007e-03 -9.062851e-01 7.811843e-03 -1.817454e-03 9.999678e-01 1.390184e+01
9.999961e-01 -1.027692e-04 2.800974e-03 4.067158e+00 1.072282e-04 9.999987e-01 -1.591797e-03 -9.075211e-01 -2.800806e-03 1.592092e-03 9.999948e-01 1.348471e+01
9.999671e-01 1.132421e-03 -8.032771e-03 4.070045e+00 -1.114557e-03 9.999969e-01 2.228022e-03 -9.203149e-01 8.035268e-03 -2.218996e-03 9.999653e-01 1.397066e+01
9.999971e-01 -1.806829e-04 2.389044e-03 4.095046e+00 1.841842e-04 9.999989e-01 -1.465355e-03 -9.317006e-01 -2.388776e-03 1.465792e-03 9.999961e-01 1.433682e+01
9.999665e-01 8.308072e-04 -8.137610e-03 4.043368e+00 -8.143424e-04 9.999976e-01 2.026421e-03 -9.349645e-01 8.139274e-03 -2.019727e-03 9.999648e-01 1.438575e+01
9.999952e-01 -3.821128e-04 3.085141e-03 4.025706e+00 3.876062e-04 9.999983e-01 -1.780164e-03 -9.343993e-01 -3.084456e-03 1.781352e-03 9.999937e-01 1.408229e+01
9.999632e-01 1.198635e-03 -8.495857e-03 4.037244e+00 -1.179691e-03 9.999968e-01 2.234441e-03 -9.398302e-01 8.498508e-03 -2.224337e-03 9.999614e-01 1.418774e+01
9.999947e-01 -2.271121e-04 3.253741e-03 4.036139e+00 2.328760e-04 9.999984e-01 -1.771139e-03 -9.510236e-01 -3.253333e-03 1.771888e-03 9.999931e-01 1.443254e+01
9.999623e-01 1.682536e-03 -8.523257e-03 3.959701e+00 -1.663819e-03 9.999962e-01 2.202574e-03 -9.641632e-01 8.526931e-03 -2.188311e-03 9.999613e-01 1.527484e+01
9.999941e-01 3.554851e-04 3.416909e-03 4.119741e+00 -3.497643e-04 9.999985e-01 -1.674663e-03 -9.965831e-01 -3.417499e-03 1.673459e-03 9.999928e-01 1.642242e+01
9.999664e-01 1.276964e-03 -8.095855e-03 4.140644e+00 -1.259581e-03 9.999969e-01 2.151884e-03 -1.015435e+00 8.098577e-03 -2.141615e-03 9.999649e-01 1.733549e+01
9.999990e-01 1.797577e-05 1.383197e-03 4.575833e+00 -1.671852e-05 9.999996e-01 -9.088139e-04 -1.040870e+00 -1.383213e-03 9.087906e-04 9.999986e-01 1.779290e+01
9.999627e-01 1.007720e-03 -8.572831e-03 5.232859e+00 -9.942669e-04 9.999983e-01 1.573439e-03 -1.072223e+00 8.574402e-03 -1.564857e-03 9.999620e-01 1.812220e+01
9.999949e-01 5.973164e-04 3.141984e-03 5.378672e+00 -5.947929e-04 9.999995e-01 -8.039718e-04 -1.097755e+00 -3.142463e-03 8.020996e-04 9.999947e-01 1.895261e+01
9.999603e-01 -2.293144e-05 -8.908489e-03 5.314897e+00 3.240005e-05 9.999994e-01 1.062753e-03 -1.100459e+00 8.908459e-03 -1.063000e-03 9.999598e-01 1.915122e+01
9.999946e-01 1.050878e-03 3.109010e-03 5.345143e+00 -1.049793e-03 9.999994e-01 -3.503456e-04 -1.114709e+00 -3.109376e-03 3.470806e-04 9.999951e-01 1.958744e+01
9.999612e-01 -2.876829e-04 -8.805307e-03 5.460876e+00 2.984869e-04 9.999992e-01 1.225718e-03 -1.127434e+00 8.804948e-03 -1.228300e-03 9.999605e-01 1.972300e+01
9.999922e-01 6.123280e-04 3.895235e-03 5.520655e+00 -6.086393e-04 9.999994e-01 -9.480436e-04 -1.128919e+00 -3.895813e-03 9.456661e-04 9.999920e-01 1.924486e+01
9.999648e-01 -3.549529e-04 -8.385328e-03 5.582232e+00 3.631786e-04 9.999995e-01 9.794885e-04 -1.128132e+00 8.384976e-03 -9.825000e-04 9.999644e-01 1.861598e+01
9.999959e-01 7.154823e-04 2.765720e-03 5.939532e+00 -7.142741e-04 9.999996e-01 -4.377426e-04 -1.129505e+00 -2.766032e-03 4.357660e-04 9.999961e-01 1.801400e+01
9.999624e-01 8.680521e-05 -8.671928e-03 6.188718e+00 -7.575418e-05 9.999992e-01 1.274688e-03 -1.144020e+00 8.672032e-03 -1.273984e-03 9.999616e-01 1.814470e+01
9.999947e-01 6.066574e-04 3.198952e-03 6.360684e+00 -6.048054e-04 9.999996e-01 -5.797840e-04 -1.157222e+00 -3.199302e-03 5.778468e-04 9.999947e-01 1.813794e+01
9.999551e-01 1.813202e-04 -9.472742e-03 6.725196e+00 -1.652304e-04 9.999985e-01 1.699319e-03 -1.177975e+00 9.473036e-03 -1.697678e-03 9.999537e-01 1.832058e+01
9.999909e-01 1.980783e-04 4.264358e-03 6.884827e+00 -1.933210e-04 9.999994e-01 -1.115930e-03 -1.181885e+00 -4.264576e-03 1.115096e-03 9.999903e-01 1.793220e+01
9.999495e-01 4.940354e-04 -1.003520e-02 7.132363e+00 -4.744559e-04 9.999980e-01 1.953385e-03 -1.195141e+00 1.003614e-02 -1.948525e-03 9.999477e-01 1.791842e+01
9.999890e-01 -3.578227e-05 4.695553e-03 7.362293e+00 4.143165e-05 9.999993e-01 -1.202999e-03 -1.203306e+00 -4.695506e-03 1.203180e-03 9.999883e-01 1.764400e+01
9.999406e-01 5.426617e-04 -1.088966e-02 7.778216e+00 -5.174544e-04 9.999972e-01 2.317503e-03 -1.214011e+00 1.089089e-02 -2.311731e-03 9.999380e-01 1.735310e+01
9.999831e-01 -9.631845e-05 5.817643e-03 7.951761e+00 1.067575e-04 9.999984e-01 -1.794056e-03 -1.219835e+00 -5.817461e-03 1.794648e-03 9.999815e-01 1.699651e+01
9.999362e-01 6.242178e-04 -1.127652e-02 8.172400e+00 -5.944558e-04 9.999963e-01 2.642467e-03 -1.231019e+00 1.127813e-02 -2.635596e-03 9.999329e-01 1.675969e+01
9.999849e-01 -2.474329e-04 5.492371e-03 8.613380e+00 2.572138e-04 9.999984e-01 -1.780144e-03 -1.235762e+00 -5.491921e-03 1.781530e-03 9.999833e-01 1.617119e+01
9.999175e-01 1.020865e-03 -1.280214e-02 9.326654e+00 -9.814694e-04 9.999948e-01 3.083151e-03 -1.253258e+00 1.280522e-02 -3.070333e-03 9.999133e-01 1.587360e+01
9.999757e-01 -5.440398e-04 6.944696e-03 9.810821e+00 5.592462e-04 9.999975e-01 -2.187853e-03 -1.255200e+00 -6.943487e-03 2.191684e-03 9.999735e-01 1.518646e+01
9.999417e-01 8.113687e-04 -1.077005e-02 9.927958e+00 -7.917767e-04 9.999980e-01 1.823279e-03 -1.249850e+00 1.077150e-02 -1.814646e-03 9.999403e-01 1.427929e+01
9.999804e-01 -5.467936e-04 6.238467e-03 1.012017e+01 5.574066e-04 9.999984e-01 -1.699571e-03 -1.248022e+00 -6.237527e-03 1.703016e-03 9.999791e-01 1.352418e+01
9.999396e-01 9.001962e-04 -1.095445e-02 1.037591e+01 -8.785241e-04 9.999976e-01 1.983052e-03 -1.245186e+00 1.095621e-02 -1.973309e-03 9.999380e-01 1.273133e+01
9.999928e-01 -2.025548e-04 3.797359e-03 1.111847e+01 2.050972e-04 9.999998e-01 -6.690790e-04 -1.262032e+00 -3.797223e-03 6.698537e-04 9.999926e-01 1.237747e+01
9.999534e-01 8.031124e-04 -9.625301e-03 1.160142e+01 -7.882635e-04 9.999985e-01 1.546416e-03 -1.272083e+00 9.626529e-03 -1.538757e-03 9.999525e-01 1.190856e+01
9.999706e-01 -7.069443e-04 7.640609e-03 1.163501e+01 7.293404e-04 9.999954e-01 -2.928763e-03 -1.258649e+00 -7.638503e-03 2.934250e-03 9.999665e-01 1.045398e+01
9.999490e-01 8.107250e-04 -1.006626e-02 1.167821e+01 -7.930020e-04 9.999981e-01 1.764526e-03 -1.247385e+00 1.006767e-02 -1.756454e-03 9.999478e-01 9.155339e+00
9.999766e-01 -6.978397e-04 6.807619e-03 1.188256e+01 7.129640e-04 9.999973e-01 -2.219459e-03 -1.240158e+00 -6.806051e-03 2.224262e-03 9.999744e-01 8.049894e+00
9.999179e-01 1.194792e-03 -1.275814e-02 1.239258e+01 -1.157890e-03 9.999951e-01 2.899399e-03 -1.244940e+00 1.276154e-02 -2.884389e-03 9.999144e-01 7.428668e+00
9.999591e-01 -1.039352e-03 8.986689e-03 1.266064e+01 1.066611e-03 9.999948e-01 -3.029012e-03 -1.238602e+00 -8.983495e-03 3.038474e-03 9.999550e-01 6.357046e+00
9.998537e-01 1.915274e-03 -1.699704e-02 1.374743e+01 -1.842018e-03 9.999890e-01 4.324544e-03 -1.248281e+00 1.700513e-02 -4.292604e-03 9.998462e-01 5.625419e+00
9.999219e-01 -1.645845e-03 1.239286e-02 1.423160e+01 1.698113e-03 9.999897e-01 -4.208210e-03 -1.244945e+00 -1.238580e-02 4.228926e-03 9.999144e-01 4.636945e+00
9.998583e-01 2.082371e-03 -1.670357e-02 1.452512e+01 -2.012059e-03 9.999890e-01 4.225120e-03 -1.238550e+00 1.671219e-02 -4.190913e-03 9.998516e-01 3.637452e+00
9.999266e-01 -1.526235e-03 1.201845e-02 1.500737e+01 1.570195e-03 9.999921e-01 -3.649075e-03 -1.250293e+00 -1.201278e-02 3.667679e-03 9.999211e-01 3.244655e+00
9.998485e-01 2.241237e-03 -1.726010e-02 1.545383e+01 -2.158672e-03 9.999861e-01 4.800747e-03 -1.262157e+00 1.727062e-02 -4.762762e-03 9.998395e-01 2.819917e+00
9.998919e-01 -2.004139e-03 1.456935e-02 1.555286e+01 2.087874e-03 9.999814e-01 -5.734386e-03 -1.251838e+00 -1.455759e-02 5.764186e-03 9.998774e-01 1.593251e+00
9.998308e-01 2.247706e-03 -1.825747e-02 1.585269e+01 -2.145669e-03 9.999820e-01 5.606458e-03 -1.246352e+00 1.826975e-02 -5.566335e-03 9.998176e-01 5.720286e-01
9.999361e-01 -1.564217e-03 1.119396e-02 1.675228e+01 1.611712e-03 9.999897e-01 -4.235085e-03 -1.262053e+00 -1.118722e-02 4.252857e-03 9.999284e-01 1.107188e-02
9.998425e-01 2.090837e-03 -1.762230e-02 1.765181e+01 -1.994182e-03 9.999829e-01 5.500574e-03 -1.273962e+00 1.763350e-02 -5.464567e-03 9.998296e-01 -7.060384e-01
9.999455e-01 -1.276835e-03 1.036241e-02 1.871928e+01 1.320628e-03 9.999902e-01 -4.220362e-03 -1.283512e+00 -1.035692e-02 4.233818e-03 9.999374e-01 -1.535221e+00
9.999015e-01 1.539379e-03 -1.395130e-02 1.897237e+01 -1.480866e-03 9.999901e-01 4.203479e-03 -1.276718e+00 1.395763e-02 -4.182405e-03 9.998938e-01 -2.596570e+00
9.999342e-01 -1.332032e-03 1.139203e-02 1.903138e+01 1.389598e-03 9.999863e-01 -5.046685e-03 -1.266762e+00 -1.138515e-02 5.062184e-03 9.999224e-01 -3.850558e+00
9.998966e-01 1.336297e-03 -1.431590e-02 1.938980e+01 -1.271257e-03 9.999888e-01 4.551367e-03 -1.257728e+00 1.432182e-02 -4.532698e-03 9.998872e-01 -5.189505e+00
9.999398e-01 -1.041226e-03 1.092160e-02 1.969051e+01 1.095216e-03 9.999872e-01 -4.938565e-03 -1.248697e+00 -1.091632e-02 4.950230e-03 9.999282e-01 -6.398224e+00
9.998854e-01 1.260365e-03 -1.508597e-02 2.007854e+01 -1.183006e-03 9.999861e-01 5.135750e-03 -1.246080e+00 1.509223e-02 -5.117316e-03 9.998730e-01 -7.343934e+00
9.999535e-01 -7.035829e-04 9.620236e-03 2.067610e+01 7.465887e-04 9.999897e-01 -4.467456e-03 -1.245767e+00 -9.616994e-03 4.474431e-03 9.999437e-01 -8.243110e+00
9.999221e-01 8.834355e-04 -1.245025e-02 2.081138e+01 -8.367440e-04 9.999926e-01 3.754981e-03 -1.236104e+00 1.245347e-02 -3.744272e-03 9.999154e-01 -9.438204e+00
9.999469e-01 -7.132520e-04 1.028190e-02 2.085082e+01 7.657284e-04 9.999867e-01 -5.100708e-03 -1.222791e+00 -1.027812e-02 5.108311e-03 9.999341e-01 -1.086610e+01
9.999307e-01 7.739672e-04 -1.175014e-02 2.086067e+01 -7.340083e-04 9.999939e-01 3.404666e-03 -1.207375e+00 1.175271e-02 -3.395806e-03 9.999252e-01 -1.247465e+01
9.999722e-01 -6.730961e-04 7.423597e-03 2.153378e+01 7.008494e-04 9.999928e-01 -3.736525e-03 -1.200224e+00 -7.421028e-03 3.741624e-03 9.999655e-01 -1.376908e+01
9.998770e-01 1.401912e-03 -1.562261e-02 2.281468e+01 -1.324109e-03 9.999867e-01 4.989377e-03 -1.215148e+00 1.562940e-02 -4.968078e-03 9.998655e-01 -1.448277e+01
9.999347e-01 -1.139463e-03 1.137030e-02 2.297144e+01 1.196537e-03 9.999867e-01 -5.014021e-03 -1.211366e+00 -1.136444e-02 5.027299e-03 9.999228e-01 -1.529190e+01
9.998535e-01 2.397128e-03 -1.694831e-02 2.309684e+01 -2.300682e-03 9.999811e-01 5.707821e-03 -1.225199e+00 1.696167e-02 -5.667992e-03 9.998401e-01 -1.472887e+01
9.999455e-01 -1.567599e-03 1.031842e-02 2.340138e+01 1.616156e-03 9.999877e-01 -4.699168e-03 -1.235246e+00 -1.031092e-02 4.715589e-03 9.999357e-01 -1.483782e+01
9.998687e-01 1.898115e-03 -1.609479e-02 2.398357e+01 -1.812246e-03 9.999841e-01 5.348144e-03 -1.233548e+00 1.610468e-02 -5.318274e-03 9.998562e-01 -1.572100e+01
9.998960e-01 -1.728678e-03 1.431889e-02 2.396900e+01 1.828369e-03 9.999742e-01 -6.951982e-03 -1.219243e+00 -1.430651e-02 6.977440e-03 9.998733e-01 -1.724442e+01
9.998338e-01 1.986537e-03 -1.811997e-02 2.449128e+01 -1.862869e-03 9.999749e-01 6.839265e-03 -1.211542e+00 1.813310e-02 -6.804374e-03 9.998124e-01 -1.856784e+01
9.998698e-01 -1.776007e-03 1.603822e-02 2.458164e+01 1.906219e-03 9.999653e-01 -8.107214e-03 -1.198379e+00 -1.602326e-02 8.136731e-03 9.998385e-01 -1.999573e+01
9.998324e-01 1.995375e-03 -1.820002e-02 2.463605e+01 -1.869323e-03 9.999742e-01 6.940327e-03 -1.186505e+00 1.821340e-02 -6.905142e-03 9.998103e-01 -2.137267e+01
9.998716e-01 -1.767159e-03 1.592956e-02 2.470935e+01 1.893668e-03 9.999668e-01 -7.930177e-03 -1.175358e+00 -1.591502e-02 7.959324e-03 9.998417e-01 -2.270793e+01
9.998307e-01 1.920385e-03 -1.829877e-02 2.481710e+01 -1.790904e-03 9.999733e-01 7.089681e-03 -1.165752e+00 1.831190e-02 -7.055710e-03 9.998074e-01 -2.398266e+01
9.998868e-01 -1.780105e-03 1.494056e-02 2.509292e+01 1.890467e-03 9.999710e-01 -7.375849e-03 -1.160053e+00 -1.492700e-02 7.403260e-03 9.998612e-01 -2.507207e+01
9.998156e-01 2.144404e-03 -1.908373e-02 2.546139e+01 -2.001526e-03 9.999699e-01 7.502852e-03 -1.154098e+00 1.909924e-02 -7.463273e-03 9.997897e-01 -2.615943e+01
9.998661e-01 -1.869802e-03 1.625495e-02 2.565626e+01 1.999018e-03 9.999665e-01 -7.936662e-03 -1.144991e+00 -1.623956e-02 7.968094e-03 9.998364e-01 -2.739643e+01
9.997922e-01 2.276071e-03 -2.025986e-02 2.606026e+01 -2.113366e-03 9.999654e-01 8.048698e-03 -1.137902e+00 2.027747e-02 -8.004209e-03 9.997624e-01 -2.852463e+01
9.998315e-01 -2.047025e-03 1.824301e-02 2.615397e+01 2.215482e-03 9.999551e-01 -9.218602e-03 -1.125397e+00 -1.822332e-02 9.257466e-03 9.997911e-01 -2.996587e+01
9.997856e-01 2.247263e-03 -2.058554e-02 2.619213e+01 -2.082192e-03 9.999655e-01 8.036703e-03 -1.114199e+00 2.060289e-02 -7.992117e-03 9.997558e-01 -3.129818e+01
9.998358e-01 -1.977884e-03 1.801423e-02 2.619708e+01 2.145764e-03 9.999544e-01 -9.304701e-03 -1.102421e+00 -1.799500e-02 9.341828e-03 9.997944e-01 -3.261546e+01
9.997915e-01 2.162375e-03 -2.030413e-02 2.612415e+01 -2.004319e-03 9.999676e-01 7.801570e-03 -1.089184e+00 2.032034e-02 -7.759248e-03 9.997634e-01 -3.402198e+01
9.998185e-01 -1.967403e-03 1.894961e-02 2.603821e+01 2.152882e-03 9.999499e-01 -9.772591e-03 -1.072367e+00 -1.892943e-02 9.811614e-03 9.997727e-01 -3.568248e+01
9.998184e-01 2.024303e-03 -1.894869e-02 2.596177e+01 -1.890547e-03 9.999732e-01 7.074090e-03 -1.048802e+00 1.896250e-02 -7.036983e-03 9.997954e-01 -3.782610e+01
9.998000e-01 -2.033190e-03 1.989324e-02 2.585614e+01 2.239212e-03 9.999440e-01 -1.033960e-02 -1.021305e+00 -1.987110e-02 1.038208e-02 9.997486e-01 -4.020187e+01
9.997589e-01 2.255432e-03 -2.184378e-02 2.600838e+01 -2.060578e-03 9.999579e-01 8.938739e-03 -1.006745e+00 2.186302e-02 -8.891573e-03 9.997214e-01 -4.167502e+01
9.998209e-01 -1.767214e-03 1.884368e-02 2.615242e+01 1.948935e-03 9.999517e-01 -9.629605e-03 -9.956870e-01 -1.882575e-02 9.664606e-03 9.997761e-01 -4.299483e+01
9.997960e-01 1.842412e-03 -2.011153e-02 2.610852e+01 -1.686363e-03 9.999684e-01 7.773386e-03 -9.799370e-01 2.012521e-02 -7.737886e-03 9.997675e-01 -4.459061e+01
9.998627e-01 -1.503596e-03 1.650302e-02 2.614175e+01 1.643972e-03 9.999626e-01 -8.495819e-03 -9.730396e-01 -1.648963e-02 8.521783e-03 9.998277e-01 -4.552332e+01
9.997924e-01 1.831749e-03 -2.029360e-02 2.624483e+01 -1.667735e-03 9.999658e-01 8.096019e-03 -9.664239e-01 2.030774e-02 -8.060494e-03 9.997613e-01 -4.650396e+01
9.998356e-01 -1.814198e-03 1.804371e-02 2.608716e+01 1.990626e-03 9.999503e-01 -9.764655e-03 -9.526376e-01 -1.802509e-02 9.798968e-03 9.997895e-01 -4.789367e+01
9.997949e-01 1.718770e-03 -2.017931e-02 2.585107e+01 -1.560379e-03 9.999679e-01 7.862345e-03 -9.375126e-01 2.019218e-02 -7.829246e-03 9.997655e-01 -4.934343e+01
9.998604e-01 -1.547093e-03 1.663627e-02 2.576973e+01 1.691151e-03 9.999612e-01 -8.648721e-03 -9.305597e-01 -1.662224e-02 8.675648e-03 9.998242e-01 -5.022910e+01
9.997908e-01 1.893626e-03 -2.036802e-02 2.578431e+01 -1.728667e-03 9.999656e-01 8.113496e-03 -9.244997e-01 2.038268e-02 -8.076589e-03 9.997596e-01 -5.110259e+01
9.998383e-01 -1.651027e-03 1.790847e-02 2.580439e+01 1.823132e-03 9.999523e-01 -9.598181e-03 -9.117120e-01 -1.789177e-02 9.629279e-03 9.997936e-01 -5.243649e+01
9.997860e-01 1.970756e-03 -2.059274e-02 2.589717e+01 -1.796217e-03 9.999623e-01 8.490805e-03 -8.991617e-01 2.060870e-02 -8.452000e-03 9.997519e-01 -5.380193e+01
9.998323e-01 -1.678543e-03 1.823412e-02 2.600998e+01 1.852634e-03 9.999528e-01 -9.534804e-03 -8.869310e-01 -1.821725e-02 9.566987e-03 9.997883e-01 -5.514756e+01
9.997767e-01 2.018556e-03 -2.103442e-02 2.606074e+01 -1.840140e-03 9.999622e-01 8.498038e-03 -8.758182e-01 2.105078e-02 -8.457435e-03 9.997426e-01 -5.638213e+01
9.998367e-01 -1.655478e-03 1.799641e-02 2.620658e+01 1.822399e-03 9.999554e-01 -9.262749e-03 -8.664423e-01 -1.798028e-02 9.294034e-03 9.997951e-01 -5.759089e+01
9.997672e-01 2.107418e-03 -2.147336e-02 2.647855e+01 -1.916899e-03 9.999587e-01 8.889084e-03 -8.575410e-01 2.149120e-02 -8.845853e-03 9.997299e-01 -5.875802e+01
9.998351e-01 -1.728516e-03 1.807935e-02 2.668015e+01 1.896138e-03 9.999553e-01 -9.258445e-03 -8.492840e-01 -1.806254e-02 9.291199e-03 9.997937e-01 -5.983654e+01
9.997561e-01 2.151657e-03 -2.198098e-02 2.688164e+01 -1.951870e-03 9.999566e-01 9.106519e-03 -8.430755e-01 2.199962e-02 -9.061394e-03 9.997169e-01 -6.078547e+01
9.998203e-01 -1.836954e-03 1.886886e-02 2.688208e+01 2.025770e-03 9.999480e-01 -9.992495e-03 -8.343133e-01 -1.884952e-02 1.002892e-02 9.997720e-01 -6.186941e+01
9.997486e-01 2.092788e-03 -2.232542e-02 2.683687e+01 -1.888505e-03 9.999562e-01 9.167385e-03 -8.263664e-01 2.234363e-02 -9.122919e-03 9.997087e-01 -6.287124e+01
9.998023e-01 -1.823792e-03 1.980189e-02 2.674684e+01 2.033822e-03 9.999418e-01 -1.059160e-02 -8.143412e-01 -1.978142e-02 1.062978e-02 9.997478e-01 -6.419217e+01
9.997496e-01 1.940022e-03 -2.229268e-02 2.673427e+01 -1.734224e-03 9.999557e-01 9.247291e-03 -8.022188e-01 2.230963e-02 -9.206316e-03 9.997087e-01 -6.549225e+01
9.998359e-01 -1.656784e-03 1.804078e-02 2.681639e+01 1.828398e-03 9.999532e-01 -9.500240e-03 -7.976819e-01 -1.802420e-02 9.531668e-03 9.997921e-01 -6.632526e+01
9.997337e-01 2.502110e-03 -2.293972e-02 2.689241e+01 -2.273474e-03 9.999475e-01 9.987522e-03 -8.063799e-01 2.296350e-02 -9.932711e-03 9.996870e-01 -6.623750e+01
9.998203e-01 -4.046020e-04 1.895239e-02 2.708434e+01 5.875852e-04 9.999533e-01 -9.650295e-03 -8.440387e-01 -1.894760e-02 9.659698e-03 9.997738e-01 -6.497344e+01
9.996783e-01 2.354611e-03 -2.525264e-02 2.738142e+01 -2.079826e-03 9.999384e-01 1.090221e-02 -8.826207e-01 2.527676e-02 -1.084618e-02 9.996217e-01 -6.398753e+01
9.997884e-01 -1.803825e-03 2.049295e-02 2.752934e+01 2.023432e-03 9.999407e-01 -1.070051e-02 -8.787069e-01 -2.047244e-02 1.073971e-02 9.997327e-01 -6.477231e+01
9.997349e-01 1.962785e-03 -2.294085e-02 2.746816e+01 -1.752209e-03 9.999562e-01 9.195620e-03 -8.656278e-01 2.295790e-02 -9.152986e-03 9.996945e-01 -6.613005e+01
9.998120e-01 -1.693091e-03 1.931804e-02 2.762391e+01 1.878834e-03 9.999521e-01 -9.600931e-03 -8.598409e-01 -1.930086e-02 9.635422e-03 9.997673e-01 -6.709827e+01
9.997254e-01 1.989405e-03 -2.334794e-02 2.759064e+01 -1.781120e-03 9.999585e-01 8.938365e-03 -8.520825e-01 2.336475e-02 -8.894326e-03 9.996874e-01 -6.802401e+01
9.997957e-01 -1.716413e-03 2.013837e-02 2.765025e+01 1.919051e-03 9.999477e-01 -1.004725e-02 -8.407686e-01 -2.012007e-02 1.008385e-02 9.997467e-01 -6.924401e+01
9.997237e-01 2.121444e-03 -2.341197e-02 2.784137e+01 -1.908224e-03 9.999565e-01 9.125938e-03 -8.287779e-01 2.343031e-02 -9.078742e-03 9.996842e-01 -7.051483e+01
9.998246e-01 -1.497881e-03 1.866805e-02 2.819328e+01 1.662513e-03 9.999598e-01 -8.806496e-03 -8.301867e-01 -1.865411e-02 8.835988e-03 9.997870e-01 -7.104819e+01
9.997028e-01 2.388425e-03 -2.425974e-02 2.864599e+01 -2.149958e-03 9.999492e-01 9.851094e-03 -8.372441e-01 2.428203e-02 -9.796010e-03 9.996572e-01 -7.142664e+01
9.998348e-01 -1.686450e-03 1.809549e-02 2.934932e+01 1.849742e-03 9.999577e-01 -9.010975e-03 -8.513973e-01 -1.807953e-02 9.042959e-03 9.997957e-01 -7.179777e+01
9.996779e-01 2.900840e-03 -2.521086e-02 2.991544e+01 -2.639578e-03 9.999425e-01 1.039017e-02 -8.764149e-01 2.523955e-02 -1.032028e-02 9.996282e-01 -7.164077e+01
9.997991e-01 -1.409846e-03 1.999656e-02 3.013776e+01 1.601058e-03 9.999531e-01 -9.549457e-03 -9.090480e-01 -1.998216e-02 9.579554e-03 9.997544e-01 -7.088696e+01
9.996639e-01 3.395996e-03 -2.570092e-02 3.037284e+01 -3.127380e-03 9.999401e-01 1.048462e-02 -9.429273e-01 2.573499e-02 -1.040072e-02 9.996147e-01 -6.986488e+01
9.997939e-01 -2.489949e-03 2.015056e-02 3.069959e+01 2.681858e-03 9.999513e-01 -9.502348e-03 -9.469787e-01 -2.012592e-02 9.554431e-03 9.997518e-01 -7.024710e+01
9.997420e-01 2.683881e-03 -2.255589e-02 3.064992e+01 -2.507926e-03 9.999662e-01 7.825535e-03 -9.306953e-01 2.257613e-02 -7.766948e-03 9.997150e-01 -7.175262e+01
9.998070e-01 -2.425760e-03 1.949451e-02 3.085656e+01 2.595185e-03 9.999590e-01 -8.670337e-03 -9.212865e-01 -1.947268e-02 8.719256e-03 9.997724e-01 -7.293245e+01
9.996372e-01 3.424346e-03 -2.671530e-02 3.164160e+01 -3.160674e-03 9.999459e-01 9.905697e-03 -9.344555e-01 2.674778e-02 -9.817665e-03 9.995940e-01 -7.332899e+01
9.996958e-01 -3.019730e-03 2.447737e-02 3.173037e+01 3.294067e-03 9.999321e-01 -1.117520e-02 -9.202043e-01 -2.444196e-02 1.125243e-02 9.996379e-01 -7.478558e+01
9.996215e-01 3.537901e-03 -2.728090e-02 3.200644e+01 -3.257805e-03 9.999416e-01 1.030477e-02 -9.062249e-01 2.731577e-02 -1.021199e-02 9.995747e-01 -7.633071e+01
9.996506e-01 -3.266004e-03 2.623170e-02 3.207320e+01 3.587234e-03 9.999190e-01 -1.220817e-02 -8.879837e-01 -2.618970e-02 1.229800e-02 9.995813e-01 -7.808596e+01
9.995942e-01 3.585804e-03 -2.825982e-02 3.208356e+01 -3.284201e-03 9.999372e-01 1.071172e-02 -8.739660e-01 2.829646e-02 -1.061456e-02 9.995432e-01 -7.956114e+01
9.996981e-01 -3.131679e-03 2.437083e-02 3.237166e+01 3.396052e-03 9.999358e-01 -1.081408e-02 -8.690878e-01 -2.433540e-02 1.089358e-02 9.996445e-01 -8.052733e+01
9.995225e-01 4.090637e-03 -3.062804e-02 3.297898e+01 -3.725751e-03 9.999215e-01 1.196107e-02 -8.869765e-01 3.067456e-02 -1.184125e-02 9.994593e-01 -8.074414e+01
9.996883e-01 -3.551597e-03 2.471187e-02 3.447117e+01 3.844971e-03 9.999226e-01 -1.183442e-02 -8.714565e-01 -2.466792e-02 1.192575e-02 9.996246e-01 -8.315734e+01
9.996654e-01 2.962484e-03 -2.569602e-02 3.560450e+01 -2.739040e-03 9.999582e-01 8.726538e-03 -8.420174e-01 2.572079e-02 -8.653237e-03 9.996317e-01 -8.618004e+01
9.997172e-01 -2.921090e-03 2.359888e-02 3.564124e+01 3.189636e-03 9.999305e-01 -1.134998e-02 -8.068807e-01 -2.356409e-02 1.142204e-02 9.996571e-01 -8.789526e+01
9.997166e-01 1.949067e-03 -2.372733e-02 3.523963e+01 -1.776786e-03 9.999719e-01 7.279782e-03 -7.473587e-01 2.374086e-02 -7.235561e-03 9.996920e-01 -9.087440e+01
9.995851e-01 -3.484039e-03 2.859316e-02 3.449323e+01 3.900575e-03 9.998869e-01 -1.452484e-02 -6.712449e-01 -2.853932e-02 1.463034e-02 9.994856e-01 -9.501737e+01
9.996410e-01 2.652601e-03 -2.666202e-02 3.391861e+01 -2.399364e-03 9.999518e-01 9.525559e-03 -6.212190e-01 2.668600e-02 -9.458168e-03 9.995991e-01 -9.789885e+01
9.997902e-01 -1.828016e-03 2.040111e-02 3.457245e+01 2.003903e-03 9.999610e-01 -8.604319e-03 -6.425588e-01 -2.038459e-02 8.643396e-03 9.997548e-01 -9.802375e+01
9.995747e-01 3.011612e-03 -2.900697e-02 3.549648e+01 -2.724765e-03 9.999470e-01 9.923375e-03 -6.787827e-01 2.903532e-02 -9.840118e-03 9.995300e-01 -9.793599e+01
9.998034e-01 -1.653314e-03 1.975732e-02 3.648558e+01 1.828372e-03 9.999592e-01 -8.845607e-03 -7.114545e-01 -1.974189e-02 8.879993e-03 9.997657e-01 -9.792475e+01
9.996581e-01 3.366005e-03 -2.592789e-02 3.685910e+01 -3.122765e-03 9.999508e-01 9.416178e-03 -7.465327e-01 2.595831e-02 -9.331993e-03 9.996195e-01 -9.712687e+01
9.998100e-01 -1.574823e-03 1.942897e-02 3.731333e+01 1.730276e-03 9.999666e-01 -7.986890e-03 -7.898027e-01 -1.941574e-02 8.018991e-03 9.997793e-01 -9.620160e+01
9.995925e-01 2.683938e-03 -2.841805e-02 3.852340e+01 -2.427788e-03 9.999562e-01 9.044320e-03 -8.177057e-01 2.844107e-02 -8.971642e-03 9.995552e-01 -9.624948e+01
9.997949e-01 -1.652897e-03 2.018332e-02 3.943565e+01 1.809516e-03 9.999684e-01 -7.743995e-03 -8.337098e-01 -2.016989e-02 7.778930e-03 9.997663e-01 -9.659868e+01
9.996123e-01 2.898458e-03 -2.769288e-02 4.020465e+01 -2.660916e-03 9.999594e-01 8.610715e-03 -8.512893e-01 2.771672e-02 -8.533689e-03 9.995794e-01 -9.653080e+01
9.997775e-01 -1.333310e-03 2.105136e-02 4.078419e+01 1.498181e-03 9.999683e-01 -7.818010e-03 -8.674792e-01 -2.104027e-02 7.847810e-03 9.997478e-01 -9.619657e+01
9.995901e-01 2.313704e-03 -2.853437e-02 4.167280e+01 -2.053248e-03 9.999560e-01 9.153728e-03 -8.917546e-01 2.855429e-02 -9.091389e-03 9.995509e-01 -9.630881e+01
9.998016e-01 -1.164286e-03 1.988549e-02 4.278650e+01 1.324641e-03 9.999667e-01 -8.052597e-03 -9.248844e-01 -1.987545e-02 8.077341e-03 9.997698e-01 -9.631049e+01
9.996613e-01 2.009784e-03 -2.594642e-02 4.325543e+01 -1.776087e-03 9.999577e-01 9.026840e-03 -9.324615e-01 2.596346e-02 -8.977701e-03 9.996226e-01 -9.670323e+01
9.997607e-01 -1.540280e-03 2.182285e-02 4.357786e+01 1.732523e-03 9.999598e-01 -8.793080e-03 -9.373357e-01 -2.180842e-02 8.828785e-03 9.997232e-01 -9.724334e+01
9.995514e-01 3.066659e-03 -2.979244e-02 4.429564e+01 -2.770777e-03 9.999465e-01 9.967691e-03 -9.727118e-01 2.982142e-02 -9.880672e-03 9.995064e-01 -9.682866e+01
9.997481e-01 -1.979571e-03 2.235515e-02 4.504496e+01 2.175931e-03 9.999592e-01 -8.762697e-03 -9.975025e-01 -2.233689e-02 8.809134e-03 9.997117e-01 -9.686327e+01
9.995348e-01 3.303360e-03 -3.031912e-02 4.587667e+01 -3.004273e-03 9.999464e-01 9.904890e-03 -1.037289e+00 3.035022e-02 -9.809197e-03 9.994912e-01 -9.650294e+01
9.997514e-01 -1.028847e-03 2.227098e-02 4.686062e+01 1.218720e-03 9.999630e-01 -8.513654e-03 -1.100422e+00 -2.226140e-02 8.538681e-03 9.997157e-01 -9.547317e+01
9.994127e-01 3.609334e-03 -3.407720e-02 4.846313e+01 -3.267506e-03 9.999438e-01 1.008137e-02 -1.177713e+00 3.411167e-02 -9.964100e-03 9.993684e-01 -9.452720e+01
9.997260e-01 -1.975825e-03 2.332354e-02 4.995466e+01 2.176935e-03 9.999606e-01 -8.600368e-03 -1.233104e+00 -2.330563e-02 8.648786e-03 9.996910e-01 -9.424816e+01
9.994652e-01 4.145547e-03 -3.243791e-02 5.105951e+01 -3.828025e-03 9.999442e-01 9.844610e-03 -1.295683e+00 3.247691e-02 -9.715172e-03 9.994253e-01 -9.331634e+01
9.996990e-01 -1.247853e-03 2.450187e-02 5.176061e+01 1.468487e-03 9.999585e-01 -8.988870e-03 -1.350705e+00 -2.448964e-02 9.022146e-03 9.996594e-01 -9.206858e+01
9.993213e-01 3.136468e-03 -3.670371e-02 5.405016e+01 -2.732669e-03 9.999353e-01 1.104660e-02 -1.445352e+00 3.673598e-02 -1.093880e-02 9.992651e-01 -9.145182e+01
9.997094e-01 -1.113461e-03 2.408017e-02 5.628692e+01 1.326900e-03 9.999600e-01 -8.849513e-03 -1.504470e+00 -2.406936e-02 8.878894e-03 9.996709e-01 -9.188214e+01
9.996012e-01 1.327275e-03 -2.820672e-02 5.691522e+01 -1.078898e-03 9.999605e-01 8.819021e-03 -1.502158e+00 2.821731e-02 -8.785073e-03 9.995632e-01 -9.317961e+01
9.996596e-01 -1.428117e-03 2.605102e-02 5.708052e+01 1.686404e-03 9.999496e-01 -9.895344e-03 -1.492171e+00 -2.603558e-02 9.935909e-03 9.996116e-01 -9.468200e+01
9.995544e-01 1.747940e-03 -2.979950e-02 5.731231e+01 -1.472256e-03 9.999559e-01 9.270724e-03 -1.492295e+00 2.981440e-02 -9.222721e-03 9.995129e-01 -9.553941e+01
9.997076e-01 -1.079949e-03 2.415773e-02 5.788129e+01 1.277329e-03 9.999659e-01 -8.156506e-03 -1.507114e+00 -2.414809e-02 8.184979e-03 9.996749e-01 -9.588207e+01
9.995940e-01 1.464760e-03 -2.845477e-02 5.808489e+01 -1.231729e-03 9.999656e-01 8.205365e-03 -1.502792e+00 2.846581e-02 -8.166986e-03 9.995614e-01 -9.681987e+01
9.996650e-01 -1.168837e-03 2.585449e-02 5.805323e+01 1.415209e-03 9.999537e-01 -9.512903e-03 -1.491734e+00 -2.584218e-02 9.546306e-03 9.996205e-01 -9.806287e+01
9.995463e-01 1.803313e-03 -3.006593e-02 5.825129e+01 -1.515186e-03 9.999527e-01 9.603187e-03 -1.489674e+00 3.008183e-02 -9.553275e-03 9.995018e-01 -9.878595e+01
9.996830e-01 -4.776727e-04 2.517426e-02 5.856091e+01 6.961693e-04 9.999622e-01 -8.671298e-03 -1.506423e+00 -2.516917e-02 8.686075e-03 9.996455e-01 -9.857060e+01
9.994984e-01 1.760748e-03 -3.161915e-02 5.917917e+01 -1.453717e-03 9.999516e-01 9.730660e-03 -1.537813e+00 3.163476e-02 -9.679815e-03 9.994526e-01 -9.824155e+01
9.996606e-01 1.228578e-04 2.605039e-02 5.952818e+01 1.124860e-04 9.999592e-01 -9.032502e-03 -1.569076e+00 -2.605044e-02 9.032367e-03 9.996198e-01 -9.744572e+01
9.995098e-01 1.474755e-03 -3.127176e-02 5.983118e+01 -1.164057e-03 9.999498e-01 9.951283e-03 -1.592441e+00 3.128487e-02 -9.910004e-03 9.994614e-01 -9.686899e+01
