9.999753e-01 7.969365e-04 -6.978488e-03 2.717276e-01 -7.877829e-04 9.999988e-01 1.314333e-03 -2.403970e-02 6.979526e-03 -1.308804e-03 9.999748e-01 3.220414e-01
9.999995e-01 7.602423e-05 -1.004626e-03 6.210864e-01 -7.615838e-05 1.000000e+00 -1.335268e-04 -3.674335e-02 1.004616e-03 1.336040e-04 9.999995e-01 3.302720e-01
9.999808e-01 4.881399e-04 -6.178625e-03 9.040337e-01 -4.797644e-04 9.999990e-01 1.356977e-03 -4.960827e-02 6.179281e-03 -1.353988e-03 9.999800e-01 3.612359e-01
9.999999e-01 3.510706e-04 -7.105927e-05 1.014331e+00 -3.510979e-04 9.999999e-01 -3.845665e-04 -6.726906e-02 7.092459e-05 3.845922e-04 9.999999e-01 7.081310e-01
9.999876e-01 8.671043e-04 -4.909420e-03 9.079170e-01 -8.626564e-04 9.999992e-01 9.080493e-04 -7.151986e-02 4.910203e-03 -9.038036e-04 9.999875e-01 1.344896e+00
9.999994e-01 8.286842e-04 7.130282e-04 8.070151e-01 -8.283308e-04 9.999995e-01 -4.957091e-04 -8.119887e-02 -7.134383e-04 4.951189e-04 9.999996e-01 2.260867e+00
9.999818e-01 2.137151e-04 -6.032203e-03 6.117319e-01 -2.081671e-04 9.999996e-01 9.203600e-04 -8.196474e-02 6.032397e-03 -9.190882e-04 9.999814e-01 2.783267e+00
9.999998e-01 5.996004e-04 3.710154e-04 3.223298e-01 -5.993400e-04 9.999996e-01 -7.016197e-04 -7.657852e-02 -3.714356e-04 7.013979e-04 9.999997e-01 3.073523e+00
9.999792e-01 2.415797e-04 -6.448908e-03 3.539115e-01 -2.315632e-04 9.999988e-01 1.553907e-03 -8.578638e-02 6.449275e-03 -1.552382e-03 9.999780e-01 3.389407e+00
9.999988e-01 8.172942e-04 1.342313e-03 3.105524e-01 -8.160882e-04 9.999993e-01 -8.987122e-04 -9.530472e-02 -1.343046e-03 8.976163e-04 9.999987e-01 3.906169e+00
9.999752e-01 3.331935e-04 -7.035680e-03 2.592844e-01 -3.211591e-04 9.999985e-01 1.711554e-03 -9.975613e-02 7.036239e-03 -1.709253e-03 9.999738e-01 4.380714e+00
9.999996e-01 6.031966e-04 6.828618e-04 1.862853e-01 -6.026191e-04 9.999995e-01 -8.454359e-04 -9.741818e-02 -6.833711e-04 8.450247e-04 9.999994e-01 4.685700e+00
9.999819e-01 2.513205e-04 -6.005199e-03 1.040413e-01 -2.423380e-04 9.999989e-01 1.496463e-03 -1.014142e-01 6.005568e-03 -1.494981e-03 9.999808e-01 5.075268e+00
9.999996e-01 8.940698e-04 5.237351e-05 2.033620e-01 -8.940431e-04 9.999995e-01 -5.057411e-04 -1.154824e-01 -5.282531e-05 5.056948e-04 9.999999e-01 5.586792e+00
9.999666e-01 -6.823562e-06 -8.172875e-03 5.411819e-01 1.920587e-05 9.999989e-01 1.514978e-03 -1.228265e-01 8.172855e-03 -1.515085e-03 9.999655e-01 5.643174e+00
9.999979e-01 7.163694e-04 1.902866e-03 2.164723e-01 -7.149870e-04 9.999995e-01 -7.270065e-04 -1.003497e-01 -1.903386e-03 7.256452e-04 9.999979e-01 6.003217e+00
9.999611e-01 2.351729e-04 -8.819870e-03 1.200895e-01 -2.196259e-04 9.999984e-01 1.763660e-03 -8.754988e-02 8.820270e-03 -1.761655e-03 9.999595e-01 6.301016e+00
9.999968e-01 7.835777e-04 2.397116e-03 2.487400e-01 -7.816126e-04 9.999994e-01 -8.205430e-04 -9.912415e-02 -2.397757e-03 8.186675e-04 9.999968e-01 6.640777e+00
9.999685e-01 -9.717928e-05 -7.931010e-03 -9.670657e-02 1.077988e-04 9.999991e-01 1.338575e-03 -8.223618e-02 7.930873e-03 -1.339389e-03 9.999677e-01 6.986532e+00
9.999995e-01 9.341258e-04 4.736145e-04 -1.592782e-01 -9.341204e-04 9.999996e-01 -1.166736e-05 -6.808657e-02 -4.736248e-04 1.122566e-05 9.999999e-01 7.210572e+00
9.999576e-01 3.034495e-04 -9.205105e-03 3.986169e-01 -2.947420e-04 9.999995e-01 9.472855e-04 -8.884818e-02 9.205388e-03 -9.445329e-04 9.999572e-01 7.398624e+00
9.999980e-01 1.658980e-04 1.970580e-03 9.034923e-01 -1.664820e-04 9.999999e-01 2.962299e-04 -1.096427e-01 -1.970530e-03 -2.965567e-04 9.999980e-01 7.453167e+00
9.999609e-01 4.751389e-04 -8.834152e-03 1.314322e+00 -4.687491e-04 9.999996e-01 7.253816e-04 -1.205955e-01 8.834493e-03 -7.212129e-04 9.999607e-01 7.242949e+00
9.999937e-01 -1.603732e-04 3.538580e-03 1.509882e+00 1.622321e-04 9.999998e-01 -5.250336e-04 -1.212019e-01 -3.538495e-03 5.256051e-04 9.999936e-01 6.729292e+00
9.999512e-01 4.338548e-04 -9.871339e-03 1.588608e+00 -4.253980e-04 9.999995e-01 8.587924e-04 -1.192985e-01 9.871707e-03 -8.545520e-04 9.999509e-01 6.493365e+00
9.999977e-01 4.879533e-04 2.065669e-03 1.763786e+00 -4.880114e-04 9.999999e-01 2.770124e-05 -1.156616e-01 -2.065655e-03 -2.870853e-05 9.999979e-01 6.432891e+00
9.999687e-01 1.016653e-04 -7.915368e-03 1.951625e+00 -1.006652e-04 1.000000e+00 1.267699e-04 -1.142119e-01 7.915380e-03 -1.259698e-04 9.999687e-01 5.819202e+00
9.999964e-01 1.351888e-05 2.699576e-03 2.047590e+00 -1.266680e-05 1.000000e+00 -3.156206e-04 -1.131433e-01 -2.699579e-03 3.155860e-04 9.999963e-01 5.253232e+00
9.999406e-01 7.365784e-04 -1.087363e-02 2.510271e+00 -7.186764e-04 9.999984e-01 1.650197e-03 -1.263926e-01 1.087482e-02 -1.642285e-03 9.999395e-01 5.258265e+00
9.999970e-01 2.525351e-04 2.448621e-03 2.803943e+00 -2.510929e-04 9.999998e-01 -5.892047e-04 -1.279248e-01 -2.448769e-03 5.885888e-04 9.999968e-01 5.182313e+00
9.999531e-01 3.986813e-04 -9.677610e-03 2.667482e+00 -3.855066e-04 9.999990e-01 1.363196e-03 -1.150763e-01 9.678144e-03 -1.359402e-03 9.999522e-01 5.304319e+00
9.999954e-01 1.992686e-04 3.027253e-03 2.572971e+00 -1.980690e-04 9.999999e-01 -3.965183e-04 -1.111495e-01 -3.027332e-03 3.959176e-04 9.999953e-01 5.446712e+00
9.999508e-01 2.715936e-04 -9.917002e-03 2.311023e+00 -2.680799e-04 9.999999e-01 3.556465e-04 -1.011098e-01 9.917097e-03 -3.529712e-04 9.999508e-01 5.102377e+00
9.999826e-01 -2.159224e-05 5.892333e-03 2.382026e+00 2.782829e-05 9.999994e-01 -1.058236e-03 -9.256008e-02 -5.892306e-03 1.058382e-03 9.999821e-01 4.094828e+00
9.999332e-01 4.064698e-04 -1.154748e-02 2.543214e+00 -3.922738e-04 9.999992e-01 1.231604e-03 -9.064998e-02 1.154797e-02 -1.226993e-03 9.999326e-01 3.534411e+00
9.999840e-01 -9.394137e-05 5.653161e-03 2.369296e+00 9.991467e-05 9.999994e-01 -1.056339e-03 -8.659313e-02 -5.653059e-03 1.056887e-03 9.999835e-01 3.305296e+00
9.999340e-01 1.497711e-04 -1.148442e-02 1.885542e+00 -1.427905e-04 9.999998e-01 6.086619e-04 -7.117488e-02 1.148451e-02 -6.069826e-04 9.999339e-01 2.831399e+00
9.999833e-01 -7.953605e-05 5.784406e-03 1.205255e+00 8.618391e-05 9.999993e-01 -1.149014e-03 -4.635038e-02 -5.784311e-03 1.149494e-03 9.999826e-01 2.650446e+00
9.999286e-01 4.597006e-04 -1.193834e-02 7.401482e-01 -4.465722e-04 9.999993e-01 1.102332e-03 -2.605034e-02 1.193884e-02 -1.096923e-03 9.999281e-01 2.611134e+00
9.999875e-01 1.034623e-04 4.989985e-03 1.225281e+00 -1.035535e-04 1.000000e+00 1.802658e-05 -4.294413e-02 -4.989983e-03 -1.854238e-05 9.999875e-01 2.496261e+00
9.999064e-01 7.385474e-04 -1.366484e-02 1.944074e+00 -7.243757e-04 9.999992e-01 1.042020e-03 -6.283595e-02 1.366560e-02 -1.032024e-03 9.999061e-01 2.377055e+00
9.999850e-01 1.861394e-04 5.467891e-03 2.405753e+00 -1.866590e-04 1.000000e+00 9.452556e-05 -7.254692e-02 -5.467873e-03 -9.554407e-05 9.999850e-01 2.228193e+00
9.999274e-01 2.465970e-04 -1.205103e-02 2.481781e+00 -2.407544e-04 9.999999e-01 4.862835e-04 -7.520104e-02 1.205115e-02 -4.833475e-04 9.999273e-01 2.047038e+00
9.999688e-01 -1.110564e-05 7.904212e-03 2.472391e+00 1.906650e-05 9.999995e-01 -1.007076e-03 -6.866198e-02 -7.904197e-03 1.007196e-03 9.999683e-01 1.259401e+00
9.999143e-01 3.122069e-04 -1.309095e-02 2.278349e+00 -3.016559e-04 9.999996e-01 8.079500e-04 -6.026097e-02 1.309120e-02 -8.039324e-04 9.999140e-01 8.493560e-01
9.999747e-01 5.527635e-04 7.093639e-03 2.284541e+00 -5.537045e-04 9.999998e-01 1.307011e-04 -6.849644e-02 -7.093565e-03 -1.346249e-04 9.999748e-01 1.211419e+00
9.999317e-01 -1.463862e-03 -1.159291e-02 1.321488e+00 1.434478e-03 9.999957e-01 -2.542568e-03 -2.630249e-02 1.159658e-02 2.525764e-03 9.999296e-01 -4.211536e-01
9.999453e-01 7.225648e-05 1.046340e-02 1.390139e-01 -5.475412e-05 9.999986e-01 -1.672987e-03 3.150520e-02 -1.046350e-02 1.672323e-03 9.999439e-01 -2.376033e+00
9.998638e-01 1.149287e-04 -1.650164e-02 -3.807696e-01 -9.366636e-05 9.999992e-01 1.289272e-03 5.180995e-02 1.650178e-02 -1.287552e-03 9.998630e-01 -2.633670e+00
9.999404e-01 7.431672e-05 1.091683e-02 -7.851420e-01 -5.635917e-05 9.999986e-01 -1.645229e-03 6.793622e-02 -1.091693e-02 1.644516e-03 9.999391e-01 -3.027157e+00
9.998602e-01 1.319632e-04 -1.671791e-02 -1.151891e+00 -1.077748e-04 9.999989e-01 1.447751e-03 8.295518e-02 1.671809e-02 -1.445748e-03 9.998592e-01 -3.392563e+00
9.999288e-01 -6.555532e-05 1.192977e-02 -1.535771e+00 9.381184e-05 9.999972e-01 -2.368017e-03 1.015063e-01 -1.192958e-02 2.368968e-03 9.999260e-01 -4.166591e+00
9.998559e-01 2.088182e-04 -1.697334e-02 -1.882089e+00 -1.783992e-04 9.999984e-01 1.793666e-03 1.153358e-01 1.697369e-02 -1.790380e-03 9.998543e-01 -4.734191e+00
9.999446e-01 2.575222e-04 1.052390e-02 -2.015210e+00 -2.452404e-04 9.999993e-01 -1.168295e-03 1.177110e-01 -1.052419e-02 1.165650e-03 9.999439e-01 -4.696800e+00
9.998479e-01 5.364936e-04 -1.743052e-02 -1.918835e+00 -4.984484e-04 9.999975e-01 2.186957e-03 1.126748e-01 1.743165e-02 -2.177937e-03 9.998457e-01 -4.581652e+00
9.999403e-01 3.300308e-05 1.092877e-02 -2.053118e+00 -1.433733e-05 9.999985e-01 -1.708006e-03 1.182523e-01 -1.092881e-02 1.707748e-03 9.999388e-01 -4.687653e+00
9.998656e-01 2.160859e-04 -1.639095e-02 -2.686290e+00 -1.964984e-04 9.999993e-01 1.196626e-03 1.400461e-01 1.639120e-02 -1.193246e-03 9.998649e-01 -4.803633e+00
9.999468e-01 4.802762e-05 1.031707e-02 -3.181905e+00 -3.423164e-05 9.999991e-01 -1.337356e-03 1.563170e-01 -1.031713e-02 1.336932e-03 9.999459e-01 -4.875624e+00
9.999083e-01 -8.389246e-04 -1.351976e-02 -3.097470e+00 8.394086e-04 9.999996e-01 3.014050e-05 1.782896e-01 1.351972e-02 -4.148703e-05 9.999086e-01 -6.852008e+00
9.999198e-01 -1.640932e-04 1.266329e-02 -2.382405e+00 1.997419e-04 9.999960e-01 -2.813902e-03 2.111290e-01 -1.266278e-02 2.816206e-03 9.999159e-01 -9.819888e+00
9.998408e-01 1.155559e-06 -1.784520e-02 -1.670216e+00 4.040594e-05 9.999973e-01 2.328649e-03 2.149185e-01 1.784515e-02 -2.329000e-03 9.998381e-01 -1.090113e+01
9.999381e-01 8.665263e-04 1.109266e-02 -1.652403e+00 -8.513982e-04 9.999987e-01 -1.368431e-03 2.140688e-01 -1.109383e-02 1.358903e-03 9.999375e-01 -1.072999e+01
9.998584e-01 -5.256557e-04 -1.682196e-02 -2.119287e+00 5.479126e-04 9.999990e-01 1.318513e-03 2.309129e-01 1.682125e-02 -1.327544e-03 9.998576e-01 -1.069371e+01
9.999427e-01 1.151873e-03 1.064330e-02 -2.436955e+00 -1.137861e-03 9.999985e-01 -1.322407e-03 2.442134e-01 -1.064481e-02 1.310222e-03 9.999425e-01 -1.074433e+01
9.998855e-01 -1.812318e-03 -1.502572e-02 -2.183038e+00 1.826433e-03 9.999979e-01 9.257422e-04 2.588893e-01 1.502401e-02 -9.530804e-04 9.998867e-01 -1.227715e+01
9.999402e-01 8.499502e-04 1.090564e-02 -2.009940e+00 -8.204145e-04 9.999960e-01 -2.712463e-03 2.878086e-01 -1.090790e-02 2.703354e-03 9.999369e-01 -1.389017e+01
9.998793e-01 -9.986481e-04 -1.550130e-02 -2.549351e+00 1.020383e-03 9.999985e-01 1.394285e-03 3.275561e-01 1.549989e-02 -1.409934e-03 9.998789e-01 -1.445431e+01
9.999582e-01 3.368503e-04 9.134576e-03 -2.558948e+00 -3.245582e-04 9.999990e-01 -1.347097e-03 3.518714e-01 -9.135021e-03 1.344077e-03 9.999574e-01 -1.536334e+01
9.998706e-01 -5.929827e-04 -1.607430e-02 -2.797288e+00 6.031130e-04 9.999996e-01 6.253850e-04 3.748719e-01 1.607393e-02 -6.349995e-04 9.998706e-01 -1.587094e+01
9.999585e-01 1.284080e-03 9.024291e-03 -3.281221e+00 -1.282174e-03 9.999992e-01 -2.169935e-04 4.044625e-01 -9.024562e-03 2.054144e-04 9.999593e-01 -1.559544e+01
9.998812e-01 -9.139156e-04 -1.538620e-02 -3.798209e+00 9.198737e-04 9.999995e-01 3.801731e-04 4.290468e-01 1.538584e-02 -3.942820e-04 9.998816e-01 -1.545207e+01
9.999507e-01 1.135387e-03 9.860889e-03 -4.925868e+00 -1.121622e-03 9.999984e-01 -1.401268e-03 4.833814e-01 -9.862463e-03 1.390139e-03 9.999504e-01 -1.535907e+01
9.998702e-01 -7.897860e-04 -1.608938e-02 -5.662925e+00 8.070236e-04 9.999991e-01 1.064914e-03 5.178347e-01 1.608852e-02 -1.077761e-03 9.998700e-01 -1.526198e+01
9.999615e-01 1.197376e-03 8.698305e-03 -5.796784e+00 -1.195063e-03 9.999992e-01 -2.711763e-04 5.236947e-01 -8.698623e-03 2.607715e-04 9.999621e-01 -1.530178e+01
9.998892e-01 -8.300313e-04 -1.486545e-02 -6.247483e+00 8.379322e-04 9.999995e-01 5.252891e-04 5.431767e-01 1.486501e-02 -5.376878e-04 9.998894e-01 -1.516303e+01
9.999625e-01 9.496010e-04 8.612839e-03 -7.080084e+00 -9.404326e-04 9.999990e-01 -1.068470e-03 5.793136e-01 -8.613845e-03 1.060331e-03 9.999623e-01 -1.516762e+01
9.999011e-01 -7.002937e-04 -1.404638e-02 -7.841467e+00 7.093501e-04 9.999995e-01 6.397848e-04 6.123924e-01 1.404592e-02 -6.496860e-04 9.999011e-01 -1.513019e+01
9.999667e-01 8.202334e-04 8.116383e-03 -8.398085e+00 -8.129418e-04 9.999993e-01 -9.016062e-04 6.322207e-01 -8.117116e-03 8.949788e-04 9.999667e-01 -1.521614e+01
9.999106e-01 1.457684e-04 -1.337322e-02 -8.488901e+00 -1.309538e-04 9.999994e-01 1.108658e-03 6.316699e-01 1.337338e-02 -1.106809e-03 9.999100e-01 -1.500003e+01
9.999633e-01 8.355175e-04 8.526775e-03 -8.876611e+00 -8.285039e-04 9.999993e-01 -8.260163e-04 6.494051e-01 -8.527459e-03 8.189223e-04 9.999633e-01 -1.449051e+01
9.998990e-01 -2.949100e-04 -1.420749e-02 -9.640780e+00 3.045066e-04 9.999997e-01 6.733182e-04 6.896956e-01 1.420729e-02 -6.775772e-04 9.998988e-01 -1.414492e+01
9.999668e-01 8.474014e-04 8.098386e-03 -1.012672e+01 -8.452058e-04 9.999996e-01 -2.745088e-04 7.163647e-01 -8.098615e-03 2.676556e-04 9.999672e-01 -1.378973e+01
9.999016e-01 -2.388512e-04 -1.402530e-02 -1.110099e+01 2.423842e-04 9.999999e-01 2.502146e-04 7.761869e-01 1.402523e-02 -2.535901e-04 9.999016e-01 -1.322809e+01
9.999632e-01 6.225664e-04 8.558037e-03 -1.218051e+01 -6.164036e-04 9.999995e-01 -7.227132e-04 8.352668e-01 -8.558482e-03 7.174121e-04 9.999631e-01 -1.289127e+01
9.998972e-01 -3.085316e-04 -1.433623e-02 -1.282763e+01 3.161318e-04 9.999998e-01 5.278915e-04 8.632485e-01 1.433606e-02 -5.323700e-04 9.998971e-01 -1.279183e+01
9.999637e-01 4.075453e-04 8.515082e-03 -1.347362e+01 -3.983750e-04 9.999993e-01 -1.078601e-03 8.858317e-01 -8.515516e-03 1.075170e-03 9.999632e-01 -1.298339e+01
9.998994e-01 -2.319952e-04 -1.418470e-02 -1.427313e+01 2.406148e-04 9.999998e-01 6.059819e-04 9.212139e-01 1.418455e-02 -6.093346e-04 9.998992e-01 -1.295612e+01
9.999652e-01 3.590462e-04 8.331702e-03 -1.516917e+01 -3.479485e-04 9.999991e-01 -1.333372e-03 9.596653e-01 -8.332173e-03 1.330428e-03 9.999644e-01 -1.298703e+01
9.999071e-01 -2.546467e-04 -1.362842e-02 -1.588946e+01 2.619183e-04 9.999998e-01 5.317884e-04 9.890242e-01 1.362828e-02 -5.353092e-04 9.999070e-01 -1.327056e+01
9.999688e-01 5.165836e-04 7.882969e-03 -1.634764e+01 -5.105375e-04 9.999996e-01 -7.689537e-04 1.005129e+00 -7.883362e-03 7.649058e-04 9.999686e-01 -1.344935e+01
9.998913e-01 1.579137e-04 -1.474247e-02 -1.631460e+01 -1.327768e-04 9.999985e-01 1.706042e-03 1.001122e+00 1.474272e-02 -1.703900e-03 9.998899e-01 -1.328518e+01
9.999647e-01 8.477953e-04 8.357946e-03 -1.627912e+01 -8.411274e-04 9.999993e-01 -8.012517e-04 9.963830e-01 -8.358620e-03 7.941940e-04 9.999648e-01 -1.297415e+01
9.999037e-01 -2.095811e-04 -1.387748e-02 -1.659847e+01 2.229615e-04 9.999995e-01 9.626616e-04 1.002816e+00 1.387727e-02 -9.656637e-04 9.999032e-01 -1.277328e+01
9.999675e-01 5.439220e-04 8.038575e-03 -1.706717e+01 -5.347921e-04 9.999992e-01 -1.137843e-03 1.018524e+00 -8.039187e-03 1.133508e-03 9.999670e-01 -1.289996e+01
9.999008e-01 -1.754744e-04 -1.408196e-02 -1.721779e+01 1.938719e-04 9.999991e-01 1.305119e-03 1.024770e+00 1.408172e-02 -1.307720e-03 9.999000e-01 -1.319763e+01
9.999663e-01 4.259187e-04 8.193739e-03 -1.751178e+01 -4.136482e-04 9.999988e-01 -1.499155e-03 1.036787e+00 -8.194367e-03 1.495716e-03 9.999653e-01 -1.362510e+01
9.998996e-01 -2.045775e-04 -1.417003e-02 -1.798968e+01 2.225619e-04 9.999992e-01 1.267639e-03 1.052134e+00 1.416976e-02 -1.270666e-03 9.998988e-01 -1.385496e+01
9.999675e-01 5.510702e-04 8.048708e-03 -1.833847e+01 -5.433468e-04 9.999994e-01 -9.617003e-04 1.064110e+00 -8.049233e-03 9.572964e-04 9.999671e-01 -1.380038e+01
9.999055e-01 -1.403445e-05 -1.374999e-02 -1.864867e+01 3.334040e-05 9.999990e-01 1.403858e-03 1.075006e+00 1.374996e-02 -1.404185e-03 9.999045e-01 -1.354746e+01
9.999725e-01 4.297229e-04 7.404144e-03 -1.890572e+01 -4.224476e-04 9.999994e-01 -9.840970e-04 1.079651e+00 -7.404563e-03 9.809427e-04 9.999721e-01 -1.350662e+01
9.999092e-01 -3.192932e-06 -1.347211e-02 -1.917332e+01 2.118240e-05 9.999991e-01 1.335186e-03 1.084421e+00 1.347209e-02 -1.335351e-03 9.999084e-01 -1.342193e+01
9.999739e-01 3.184299e-04 7.221177e-03 -1.952094e+01 -3.110687e-04 9.999994e-01 -1.020463e-03 1.094797e+00 -7.221497e-03 1.018190e-03 9.999734e-01 -1.340419e+01
9.999131e-01 6.393681e-04 -1.317012e-02 -1.956510e+01 -6.159906e-04 9.999982e-01 1.779037e-03 1.090674e+00 1.317123e-02 -1.770770e-03 9.999117e-01 -1.299461e+01
9.999712e-01 6.917088e-04 7.559828e-03 -1.949651e+01 -6.834628e-04 9.999992e-01 -1.093260e-03 1.074564e+00 -7.560578e-03 1.088062e-03 9.999708e-01 -1.234759e+01
9.999119e-01 1.646031e-04 -1.327019e-02 -1.942055e+01 -1.419035e-04 9.999985e-01 1.711509e-03 1.068648e+00 1.327046e-02 -1.709476e-03 9.999105e-01 -1.220306e+01
9.999702e-01 2.518119e-04 7.711390e-03 -1.943035e+01 -2.420198e-04 9.999992e-01 -1.270697e-03 1.072713e+00 -7.711703e-03 1.268794e-03 9.999695e-01 -1.237907e+01
9.999136e-01 -4.839273e-05 -1.314525e-02 -1.952185e+01 6.212263e-05 9.999995e-01 1.044088e-03 1.079829e+00 1.314519e-02 -1.044815e-03 9.999131e-01 -1.308847e+01
9.999561e-01 2.595390e-05 9.369781e-03 -1.971941e+01 -4.615417e-06 9.999974e-01 -2.277361e-03 1.090569e+00 -9.369816e-03 2.277218e-03 9.999535e-01 -1.414701e+01
9.998919e-01 9.769971e-04 -1.467286e-02 -1.978887e+01 -9.368825e-04 9.999958e-01 2.740575e-03 1.082333e+00 1.467548e-02 -2.726533e-03 9.998886e-01 -1.378316e+01
9.999545e-01 -6.784426e-04 9.516946e-03 -1.979915e+01 7.021183e-04 9.999967e-01 -2.484600e-03 1.082528e+00 -9.515229e-03 2.491169e-03 9.999516e-01 -1.439531e+01
9.999254e-01 7.571467e-04 -1.219088e-02 -1.988382e+01 -7.467911e-04 9.999994e-01 8.540044e-04 1.096726e+00 1.219152e-02 -8.448373e-04 9.999253e-01 -1.578692e+01
9.999567e-01 -7.059447e-04 9.282380e-03 -2.002767e+01 7.280729e-04 9.999969e-01 -2.380700e-03 1.109353e+00 -9.280670e-03 2.387355e-03 9.999541e-01 -1.707854e+01
9.998929e-01 1.500799e-03 -1.455759e-02 -2.020212e+01 -1.466168e-03 9.999961e-01 2.389333e-03 1.109116e+00 1.456112e-02 -2.367734e-03 9.998912e-01 -1.695588e+01
9.999530e-01 -1.481714e-03 9.584150e-03 -2.136278e+01 1.520870e-03 9.999905e-01 -4.079427e-03 1.155489e+00 -9.578014e-03 4.093812e-03 9.999457e-01 -1.715156e+01
9.998980e-01 1.217057e-03 -1.422980e-02 -2.275211e+01 -1.188235e-03 9.999972e-01 2.033762e-03 1.212178e+00 1.423224e-02 -2.016647e-03 9.998967e-01 -1.754101e+01
9.999677e-01 -8.197725e-04 7.996150e-03 -2.289534e+01 8.349230e-04 9.999979e-01 -1.891530e-03 1.221177e+00 -7.994582e-03 1.898146e-03 9.999662e-01 -1.796774e+01
9.999068e-01 1.278841e-03 -1.359053e-02 -2.274467e+01 -1.253442e-03 9.999975e-01 1.877261e-03 1.225707e+00 1.359290e-02 -1.860052e-03 9.999059e-01 -1.864143e+01
9.999751e-01 -8.074649e-04 7.012205e-03 -2.276952e+01 8.186229e-04 9.999984e-01 -1.588466e-03 1.231443e+00 -7.010911e-03 1.594168e-03 9.999742e-01 -1.903261e+01
9.999014e-01 1.326078e-03 -1.397821e-02 -2.272075e+01 -1.294239e-03 9.999965e-01 2.286556e-03 1.230483e+00 1.398119e-02 -2.268240e-03 9.998997e-01 -1.916149e+01
9.999687e-01 -5.050240e-04 7.892314e-03 -2.248261e+01 5.138404e-04 9.999992e-01 -1.115060e-03 1.206028e+00 -7.891745e-03 1.119081e-03 9.999682e-01 -1.872460e+01
9.998806e-01 1.551698e-03 -1.537415e-02 -2.222210e+01 -1.517433e-03 9.999963e-01 2.240163e-03 1.189730e+00 1.537757e-02 -2.216567e-03 9.998793e-01 -1.853101e+01
9.999369e-01 -1.371674e-03 1.115064e-02 -2.222437e+01 1.405985e-03 9.999943e-01 -3.069752e-03 1.199933e+00 -1.114636e-02 3.085237e-03 9.999331e-01 -1.951617e+01
9.998659e-01 1.256416e-03 -1.632524e-02 -2.297226e+01 -1.227866e-03 9.999977e-01 1.758762e-03 1.232580e+00 1.632741e-02 -1.738482e-03 9.998652e-01 -2.021283e+01
9.999371e-01 -1.193737e-03 1.114969e-02 -2.367483e+01 1.227691e-03 9.999946e-01 -3.038968e-03 1.265102e+00 -1.114601e-02 3.052466e-03 9.999332e-01 -2.091810e+01
9.998729e-01 1.521884e-03 -1.587328e-02 -2.375601e+01 -1.482903e-03 9.999959e-01 2.467271e-03 1.274247e+00 1.587697e-02 -2.443420e-03 9.998710e-01 -2.161777e+01
9.999464e-01 -1.181214e-03 1.028642e-02 -2.383761e+01 1.205562e-03 9.999965e-01 -2.361087e-03 1.279052e+00 -1.028359e-02 2.373362e-03 9.999443e-01 -2.210189e+01
9.998768e-01 1.559714e-03 -1.561668e-02 -2.384973e+01 -1.527480e-03 9.999967e-01 2.075813e-03 1.291324e+00 1.561986e-02 -2.051704e-03 9.998759e-01 -2.282935e+01
9.999482e-01 -1.040922e-03 1.012376e-02 -2.374262e+01 1.061347e-03 9.999974e-01 -2.012374e-03 1.297252e+00 -1.012164e-02 2.023015e-03 9.999467e-01 -2.344451e+01
9.998677e-01 1.500467e-03 -1.619620e-02 -2.365984e+01 -1.465176e-03 9.999965e-01 2.190616e-03 1.299489e+00 1.619943e-02 -2.166596e-03 9.998664e-01 -2.393741e+01
9.999486e-01 -9.046567e-04 1.009422e-02 -2.357832e+01 9.203156e-04 9.999984e-01 -1.546701e-03 1.295868e+00 -1.009281e-02 1.555912e-03 9.999479e-01 -2.406249e+01
9.998701e-01 1.239160e-03 -1.606975e-02 -2.367682e+01 -1.209348e-03 9.999975e-01 1.864731e-03 1.298120e+00 1.607202e-02 -1.845056e-03 9.998691e-01 -2.437380e+01
9.999503e-01 -7.776143e-04 9.938660e-03 -2.367565e+01 7.920042e-04 9.999986e-01 -1.443984e-03 1.297694e+00 -9.937523e-03 1.451784e-03 9.999496e-01 -2.464057e+01
9.998647e-01 1.730707e-03 -1.635698e-02 -2.350598e+01 -1.690329e-03 9.999955e-01 2.482092e-03 1.278842e+00 1.636120e-02 -2.454109e-03 9.998631e-01 -2.427422e+01
9.999562e-01 -6.597562e-04 9.335650e-03 -2.326086e+01 6.720145e-04 9.999989e-01 -1.309964e-03 1.257997e+00 -9.334776e-03 1.316181e-03 9.999556e-01 -2.393548e+01
9.998635e-01 1.408177e-03 -1.646446e-02 -2.304758e+01 -1.368185e-03 9.999961e-01 2.440029e-03 1.249165e+00 1.646783e-02 -2.417170e-03 9.998615e-01 -2.396018e+01
9.999553e-01 -6.928003e-04 9.433320e-03 -2.278523e+01 7.052322e-04 9.999989e-01 -1.314573e-03 1.239722e+00 -9.432398e-03 1.321167e-03 9.999546e-01 -2.398977e+01
9.998605e-01 1.337409e-03 -1.665116e-02 -2.250919e+01 -1.295383e-03 9.999959e-01 2.534469e-03 1.229815e+00 1.665448e-02 -2.512546e-03 9.998581e-01 -2.402788e+01
9.999477e-01 -3.893210e-04 1.021671e-02 -2.234305e+01 4.046549e-04 9.999988e-01 -1.498802e-03 1.208920e+00 -1.021612e-02 1.502858e-03 9.999467e-01 -2.363208e+01
9.998562e-01 1.590569e-03 -1.688485e-02 -2.212038e+01 -1.546112e-03 9.999953e-01 2.645704e-03 1.182854e+00 1.688897e-02 -2.619219e-03 9.998539e-01 -2.310907e+01
9.999456e-01 2.453692e-04 1.042502e-02 -2.172616e+01 -2.255366e-04 9.999982e-01 -1.903507e-03 1.145545e+00 -1.042547e-02 1.901053e-03 9.999438e-01 -2.225297e+01
9.998884e-01 1.589722e-03 -1.485195e-02 -2.151482e+01 -1.554123e-03 9.999959e-01 2.408182e-03 1.107455e+00 1.485572e-02 -2.384832e-03 9.998868e-01 -2.113862e+01
9.999524e-01 -3.895868e-04 9.748605e-03 -2.155897e+01 4.060566e-04 9.999985e-01 -1.687496e-03 1.099249e+00 -9.747933e-03 1.691375e-03 9.999511e-01 -2.060773e+01
9.998783e-01 1.492131e-03 -1.552768e-02 -2.176273e+01 -1.455644e-03 9.999962e-01 2.360836e-03 1.105531e+00 1.553114e-02 -2.337946e-03 9.998767e-01 -2.012408e+01
9.999490e-01 -8.290756e-04 1.006983e-02 -2.241833e+01 8.525163e-04 9.999969e-01 -2.323714e-03 1.139355e+00 -1.006787e-02 2.332180e-03 9.999466e-01 -1.971813e+01
9.998728e-01 1.321982e-03 -1.589345e-02 -2.316356e+01 -1.285847e-03 9.999966e-01 2.283556e-03 1.178631e+00 1.589641e-02 -2.262830e-03 9.998711e-01 -1.942671e+01
9.999491e-01 -7.280298e-04 1.006243e-02 -2.339885e+01 7.452324e-04 9.999983e-01 -1.705905e-03 1.187212e+00 -1.006117e-02 1.713318e-03 9.999479e-01 -1.922478e+01
9.998892e-01 1.467188e-03 -1.481126e-02 -2.400493e+01 -1.441232e-03 9.999974e-01 1.762995e-03 1.218399e+00 1.481380e-02 -1.741454e-03 9.998888e-01 -1.875845e+01
9.999653e-01 -7.678520e-04 8.293225e-03 -2.432571e+01 7.798563e-04 9.999987e-01 -1.444310e-03 1.232621e+00 -8.292105e-03 1.450728e-03 9.999646e-01 -1.864162e+01
9.998884e-01 1.295703e-03 -1.488519e-02 -2.425536e+01 -1.268232e-03 9.999975e-01 1.854787e-03 1.232629e+00 1.488755e-02 -1.835703e-03 9.998875e-01 -1.895089e+01
9.999650e-01 -9.029033e-04 8.314414e-03 -2.439248e+01 9.156082e-04 9.999984e-01 -1.524337e-03 1.238785e+00 -8.313025e-03 1.531897e-03 9.999643e-01 -1.917770e+01
9.999059e-01 1.265792e-03 -1.366249e-02 -2.498919e+01 -1.246248e-03 9.999982e-01 1.438870e-03 1.265118e+00 1.366428e-02 -1.421708e-03 9.999056e-01 -1.902300e+01
9.999575e-01 -7.702878e-04 9.183672e-03 -2.602218e+01 7.909113e-04 9.999972e-01 -2.242214e-03 1.317010e+00 -9.181918e-03 2.249382e-03 9.999553e-01 -1.866904e+01
9.999121e-01 1.235348e-03 -1.319910e-02 -2.702899e+01 -1.218372e-03 9.999984e-01 1.294128e-03 1.363445e+00 1.320068e-02 -1.277933e-03 9.999121e-01 -1.830555e+01
9.999575e-01 -4.564243e-04 9.211545e-03 -2.800227e+01 4.757023e-04 9.999977e-01 -2.090691e-03 1.408057e+00 -9.210569e-03 2.094985e-03 9.999554e-01 -1.768870e+01
9.999140e-01 1.359837e-03 -1.304125e-02 -2.884863e+01 -1.338833e-03 9.999978e-01 1.619239e-03 1.449873e+00 1.304342e-02 -1.601640e-03 9.999136e-01 -1.700083e+01
9.999680e-01 -6.002758e-04 7.979186e-03 -2.974197e+01 6.149039e-04 9.999981e-01 -1.830907e-03 1.499821e+00 -7.978072e-03 1.835756e-03 9.999665e-01 -1.637482e+01
9.999157e-01 1.479963e-03 -1.289860e-02 -3.056697e+01 -1.459866e-03 9.999977e-01 1.567378e-03 1.544345e+00 1.290089e-02 -1.548417e-03 9.999156e-01 -1.582660e+01
9.999666e-01 -4.587348e-04 8.164538e-03 -3.092551e+01 4.689449e-04 9.999991e-01 -1.248639e-03 1.556900e+00 -8.163958e-03 1.252426e-03 9.999659e-01 -1.524041e+01
9.999084e-01 1.034088e-03 -1.349261e-02 -3.126162e+01 -1.011230e-03 9.999980e-01 1.700816e-03 1.570243e+00 1.349434e-02 -1.687016e-03 9.999075e-01 -1.491365e+01
9.999672e-01 -6.014061e-04 8.076303e-03 -3.182995e+01 6.147407e-04 9.999985e-01 -1.648655e-03 1.596822e+00 -8.075299e-03 1.653567e-03 9.999660e-01 -1.469770e+01
9.999101e-01 9.472243e-04 -1.337157e-02 -3.266736e+01 -9.303565e-04 9.999988e-01 1.267658e-03 1.638168e+00 1.337276e-02 -1.255104e-03 9.999098e-01 -1.446617e+01
9.999683e-01 -5.810396e-04 7.944105e-03 -3.328375e+01 5.908275e-04 9.999991e-01 -1.229759e-03 1.667822e+00 -7.943383e-03 1.234414e-03 9.999677e-01 -1.427061e+01
9.999108e-01 1.333721e-03 -1.328776e-02 -3.385460e+01 -1.313650e-03 9.999980e-01 1.519143e-03 1.698670e+00 1.328976e-02 -1.501553e-03 9.999106e-01 -1.376592e+01
9.999642e-01 -1.141004e-03 8.384445e-03 -3.543639e+01 1.166917e-03 9.999946e-01 -3.086312e-03 1.778888e+00 -8.380877e-03 3.095986e-03 9.999601e-01 -1.345016e+01
9.999101e-01 1.362698e-03 -1.334059e-02 -3.661864e+01 -1.335506e-03 9.999970e-01 2.046966e-03 1.836733e+00 1.334334e-02 -2.028966e-03 9.999089e-01 -1.331582e+01
9.999719e-01 -1.062731e-03 7.419234e-03 -3.710327e+01 1.076485e-03 9.999977e-01 -1.849956e-03 1.857288e+00 -7.417251e-03 1.857891e-03 9.999708e-01 -1.319819e+01
9.999173e-01 1.595800e-03 -1.276314e-02 -3.789841e+01 -1.572390e-03 9.999971e-01 1.844001e-03 1.902104e+00 1.276605e-02 -1.823780e-03 9.999168e-01 -1.277624e+01
9.999745e-01 -1.251929e-03 7.028147e-03 -3.866119e+01 1.265822e-03 9.999973e-01 -1.972703e-03 1.940602e+00 -7.025658e-03 1.981550e-03 9.999734e-01 -1.258310e+01
9.999176e-01 1.515596e-03 -1.274786e-02 -3.924766e+01 -1.491210e-03 9.999970e-01 1.922256e-03 1.965728e+00 1.275074e-02 -1.903089e-03 9.999169e-01 -1.251483e+01
9.999747e-01 -1.281639e-03 6.998456e-03 -3.998712e+01 1.298395e-03 9.999963e-01 -2.390184e-03 1.996391e+00 -6.995367e-03 2.399211e-03 9.999727e-01 -1.251127e+01
9.999265e-01 1.414757e-03 -1.204375e-02 -4.103187e+01 -1.398668e-03 9.999981e-01 1.344232e-03 2.043878e+00 1.204563e-02 -1.327289e-03 9.999266e-01 -1.246803e+01
9.999819e-01 -9.605180e-04 5.947256e-03 -4.181636e+01 9.714726e-04 9.999978e-01 -1.839283e-03 2.084270e+00 -5.945476e-03 1.845028e-03 9.999806e-01 -1.241595e+01
9.999341e-01 1.425211e-03 -1.138853e-02 -4.193985e+01 -1.408448e-03 9.999979e-01 1.479819e-03 2.103565e+00 1.139061e-02 -1.463682e-03 9.999341e-01 -1.298352e+01
9.999852e-01 -7.727576e-04 5.394679e-03 -4.180802e+01 7.820283e-04 9.999982e-01 -1.716527e-03 2.113113e+00 -5.393342e-03 1.720721e-03 9.999840e-01 -1.369634e+01
9.999310e-01 1.111910e-03 -1.169713e-02 -4.202051e+01 -1.088612e-03 9.999974e-01 1.998054e-03 2.123779e+00 1.169932e-02 -1.985183e-03 9.999296e-01 -1.382239e+01
9.999831e-01 -4.510500e-04 5.797932e-03 -4.277047e+01 4.631573e-04 9.999977e-01 -2.086976e-03 2.165417e+00 -5.796978e-03 2.089627e-03 9.999810e-01 -1.349962e+01
9.999380e-01 8.225928e-04 -1.110711e-02 -4.318401e+01 -7.975891e-04 9.999971e-01 2.255422e-03 2.180782e+00 1.110893e-02 -2.246423e-03 9.999358e-01 -1.337452e+01
9.999851e-01 -5.989818e-04 5.416767e-03 -4.372539e+01 6.119585e-04 9.999969e-01 -2.394235e-03 2.201882e+00 -5.415316e-03 2.397515e-03 9.999825e-01 -1.339358e+01
9.999341e-01 9.260363e-04 -1.144036e-02 -4.397192e+01 -9.018632e-04 9.999974e-01 2.117972e-03 2.215531e+00 1.144229e-02 -2.107516e-03 9.999323e-01 -1.391933e+01
9.999787e-01 -5.079329e-04 6.509401e-03 -4.386314e+01 5.249362e-04 9.999965e-01 -2.610616e-03 2.221631e+00 -6.508052e-03 2.613978e-03 9.999754e-01 -1.482841e+01
9.999443e-01 8.265702e-04 -1.051825e-02 -4.372613e+01 -8.074499e-04 9.999980e-01 1.821972e-03 2.231138e+00 1.051973e-02 -1.813378e-03 9.999430e-01 -1.591673e+01
9.999805e-01 -6.715445e-04 6.201202e-03 -4.368265e+01 6.874526e-04 9.999965e-01 -2.563486e-03 2.239031e+00 -6.199459e-03 2.567700e-03 9.999775e-01 -1.686286e+01
9.999175e-01 1.423007e-03 -1.276901e-02 -4.347956e+01 -1.381214e-03 9.999937e-01 3.281232e-03 2.235960e+00 1.277360e-02 -3.263325e-03 9.999131e-01 -1.705605e+01
9.999742e-01 -7.615735e-04 7.136367e-03 -4.346149e+01 7.804389e-04 9.999962e-01 -2.641085e-03 2.229856e+00 -7.134328e-03 2.646587e-03 9.999710e-01 -1.693805e+01
9.999165e-01 1.077102e-03 -1.287891e-02 -4.373855e+01 -1.043158e-03 9.999960e-01 2.642080e-03 2.243876e+00 1.288171e-02 -2.628425e-03 9.999136e-01 -1.720527e+01
9.999739e-01 -7.473503e-04 7.181785e-03 -4.407140e+01 7.646245e-04 9.999968e-01 -2.402775e-03 2.256029e+00 -7.179967e-03 2.408205e-03 9.999713e-01 -1.719840e+01
9.999233e-01 1.321651e-03 -1.231767e-02 -4.447452e+01 -1.289703e-03 9.999958e-01 2.601313e-03 2.268685e+00 1.232105e-02 -2.585228e-03 9.999208e-01 -1.689236e+01
9.999803e-01 -8.908198e-04 6.210773e-03 -4.458254e+01 9.040412e-04 9.999973e-01 -2.126238e-03 2.271858e+00 -6.208862e-03 2.131812e-03 9.999785e-01 -1.695581e+01
9.999131e-01 1.451366e-03 -1.310014e-02 -4.421864e+01 -1.412038e-03 9.999945e-01 3.010850e-03 2.263173e+00 1.310444e-02 -2.992091e-03 9.999097e-01 -1.721707e+01
9.999736e-01 -9.987809e-04 7.191529e-03 -4.402466e+01 1.017995e-03 9.999959e-01 -2.668529e-03 2.263425e+00 -7.188835e-03 2.675780e-03 9.999706e-01 -1.774496e+01
9.999228e-01 1.328345e-03 -1.235705e-02 -4.386136e+01 -1.293983e-03 9.999953e-01 2.788354e-03 2.265615e+00 1.236070e-02 -2.772149e-03 9.999198e-01 -1.841853e+01
9.999761e-01 -9.598268e-04 6.842293e-03 -4.367796e+01 9.768131e-04 9.999964e-01 -2.479574e-03 2.266644e+00 -6.839889e-03 2.486199e-03 9.999735e-01 -1.894235e+01
9.999159e-01 1.506104e-03 -1.287922e-02 -4.354153e+01 -1.464575e-03 9.999937e-01 3.233332e-03 2.263072e+00 1.288401e-02 -3.214199e-03 9.999118e-01 -1.919303e+01
9.999699e-01 -1.180873e-03 7.668760e-03 -4.340066e+01 1.202721e-03 9.999952e-01 -2.844847e-03 2.261261e+00 -7.665364e-03 2.853985e-03 9.999665e-01 -1.963854e+01
9.999066e-01 1.641157e-03 -1.356904e-02 -4.315355e+01 -1.597231e-03 9.999935e-01 3.247492e-03 2.260693e+00 1.357428e-02 -3.225516e-03 9.999027e-01 -2.013675e+01
9.999784e-01 -9.584319e-04 6.507263e-03 -4.288735e+01 9.736289e-04 9.999968e-01 -2.332574e-03 2.253736e+00 -6.505007e-03 2.338860e-03 9.999761e-01 -2.028772e+01
9.999198e-01 1.374570e-03 -1.258796e-02 -4.277049e+01 -1.338801e-03 9.999950e-01 2.849494e-03 2.252725e+00 1.259182e-02 -2.832414e-03 9.999167e-01 -2.070741e+01
9.999802e-01 -9.258921e-04 6.225213e-03 -4.248127e+01 9.390237e-04 9.999973e-01 -2.106765e-03 2.248897e+00 -6.223245e-03 2.112570e-03 9.999784e-01 -2.108478e+01
9.999183e-01 1.430950e-03 -1.270278e-02 -4.244120e+01 -1.398793e-03 9.999958e-01 2.539998e-03 2.251756e+00 1.270636e-02 -2.522022e-03 9.999161e-01 -2.143321e+01
9.999787e-01 -1.021580e-03 6.447931e-03 -4.245046e+01 1.036806e-03 9.999967e-01 -2.358327e-03 2.255806e+00 -6.445500e-03 2.364963e-03 9.999764e-01 -2.183633e+01
9.999119e-01 1.496511e-03 -1.319180e-02 -4.233182e+01 -1.457812e-03 9.999946e-01 2.942697e-03 2.254983e+00 1.319613e-02 -2.923207e-03 9.999087e-01 -2.212535e+01
9.999873e-01 -5.804544e-04 4.999807e-03 -4.177524e+01 5.891221e-04 9.999983e-01 -1.732214e-03 2.234335e+00 -4.998793e-03 1.735138e-03 9.999860e-01 -2.212178e+01
9.999141e-01 1.584078e-03 -1.301157e-02 -4.125492e+01 -1.549754e-03 9.999953e-01 2.647649e-03 2.225345e+00 1.301570e-02 -2.627258e-03 9.999118e-01 -2.232758e+01
9.999686e-01 -1.102700e-03 7.841459e-03 -4.116683e+01 1.127528e-03 9.999944e-01 -3.162516e-03 2.231818e+00 -7.837928e-03 3.171259e-03 9.999643e-01 -2.325396e+01
9.998991e-01 1.496010e-03 -1.412348e-02 -4.085230e+01 -1.442851e-03 9.999918e-01 3.773400e-03 2.227003e+00 1.412901e-02 -3.752642e-03 9.998931e-01 -2.361379e+01
9.999635e-01 -6.805605e-04 8.520220e-03 -4.090657e+01 7.067669e-04 9.999950e-01 -3.073103e-03 2.219807e+00 -8.518086e-03 3.079013e-03 9.999590e-01 -2.320652e+01
9.999124e-01 1.522206e-03 -1.314661e-02 -4.129022e+01 -1.480671e-03 9.999939e-01 3.168582e-03 2.229262e+00 1.315135e-02 -3.148840e-03 9.999086e-01 -2.273116e+01
9.999759e-01 -1.095502e-03 6.850070e-03 -4.154446e+01 1.114988e-03 9.999953e-01 -2.841356e-03 2.236277e+00 -6.846926e-03 2.848925e-03 9.999725e-01 -2.274551e+01
9.999143e-01 1.550499e-03 -1.299827e-02 -4.156062e+01 -1.511163e-03 9.999943e-01 3.035531e-03 2.240406e+00 1.300291e-02 -3.015629e-03 9.999109e-01 -2.313035e+01
9.999820e-01 -9.775956e-04 5.915105e-03 -4.149394e+01 9.906096e-04 9.999971e-01 -2.197528e-03 2.239043e+00 -5.912940e-03 2.203349e-03 9.999801e-01 -2.312064e+01
9.999061e-01 1.964534e-03 -1.356297e-02 -4.126350e+01 -1.920780e-03 9.999929e-01 3.238267e-03 2.233611e+00 1.356923e-02 -3.211912e-03 9.999028e-01 -2.303729e+01
9.999766e-01 -1.272585e-03 6.724583e-03 -4.085930e+01 1.289106e-03 9.999962e-01 -2.452917e-03 2.226726e+00 -6.721435e-03 2.461529e-03 9.999744e-01 -2.333724e+01
9.999172e-01 1.865270e-03 -1.273176e-02 -4.081048e+01 -1.829615e-03 9.999944e-01 2.811579e-03 2.227956e+00 1.273693e-02 -2.788052e-03 9.999150e-01 -2.354123e+01
9.999796e-01 -1.326733e-03 6.242942e-03 -4.085092e+01 1.340149e-03 9.999968e-01 -2.145244e-03 2.229196e+00 -6.240076e-03 2.153568e-03 9.999782e-01 -2.347926e+01
9.999079e-01 2.164605e-03 -1.339554e-02 -4.063934e+01 -2.121566e-03 9.999925e-01 3.226382e-03 2.220519e+00 1.340243e-02 -3.197666e-03 9.999051e-01 -2.337001e+01
9.999800e-01 -1.273116e-03 6.188743e-03 -4.041306e+01 1.285824e-03 9.999971e-01 -2.049816e-03 2.205911e+00 -6.186115e-03 2.057733e-03 9.999787e-01 -2.314498e+01
9.998964e-01 2.088911e-03 -1.423976e-02 -3.993492e+01 -2.041195e-03 9.999923e-01 3.364585e-03 2.188118e+00 1.424668e-02 -3.335171e-03 9.998929e-01 -2.304789e+01
9.999706e-01 -1.361054e-03 7.546457e-03 -4.031415e+01 1.381320e-03 9.999955e-01 -2.680786e-03 2.210762e+00 -7.542774e-03 2.691132e-03 9.999679e-01 -2.270686e+01
9.998902e-01 2.302424e-03 -1.463607e-02 -4.033622e+01 -2.245997e-03 9.999900e-01 3.870624e-03 2.220497e+00 1.464484e-02 -3.837327e-03 9.998854e-01 -2.246570e+01
9.999787e-01 -1.301380e-03 6.392953e-03 -3.972560e+01 1.319584e-03 9.999951e-01 -2.843986e-03 2.214121e+00 -6.389221e-03 2.852362e-03 9.999755e-01 -2.279162e+01
9.999249e-01 1.951166e-03 -1.209501e-02 -3.939445e+01 -1.915923e-03 9.999939e-01 2.924820e-03 2.219255e+00 1.210064e-02 -2.901428e-03 9.999226e-01 -2.360733e+01
9.999818e-01 -1.389354e-03 5.865270e-03 -3.913215e+01 1.404064e-03 9.999959e-01 -2.504551e-03 2.218576e+00 -5.861766e-03 2.512741e-03 9.999797e-01 -2.409622e+01
9.999081e-01 1.954030e-03 -1.341360e-02 -3.878035e+01 -1.911391e-03 9.999931e-01 3.190885e-03 2.218466e+00 1.341974e-02 -3.164954e-03 9.999049e-01 -2.442332e+01
9.999902e-01 -1.047125e-03 4.295315e-03 -3.798466e+01 1.055847e-03 9.999974e-01 -2.028536e-03 2.197642e+00 -4.293179e-03 2.033052e-03 9.999887e-01 -2.452599e+01
9.998999e-01 2.078301e-03 -1.399513e-02 -3.717281e+01 -2.033434e-03 9.999928e-01 3.219459e-03 2.178644e+00 1.400172e-02 -3.190679e-03 9.998969e-01 -2.457948e+01
9.999757e-01 -1.276997e-03 6.858242e-03 -3.706208e+01 1.294984e-03 9.999957e-01 -2.618815e-03 2.184822e+00 -6.854869e-03 2.627633e-03 9.999731e-01 -2.478194e+01
9.999232e-01 1.405775e-03 -1.231455e-02 -3.748772e+01 -1.376977e-03 9.999963e-01 2.346747e-03 2.200422e+00 1.231780e-02 -2.329610e-03 9.999214e-01 -2.512984e+01
9.999778e-01 -1.131739e-03 6.562756e-03 -3.768432e+01 1.146594e-03 9.999968e-01 -2.260115e-03 2.208741e+00 -6.560177e-03 2.267590e-03 9.999759e-01 -2.547239e+01
9.999311e-01 1.321114e-03 -1.166490e-02 -3.776092e+01 -1.297504e-03 9.999971e-01 2.031446e-03 2.213735e+00 1.166755e-02 -2.016172e-03 9.999299e-01 -2.609689e+01
9.999824e-01 -9.609502e-04 5.852399e-03 -3.767719e+01 9.735928e-04 9.999972e-01 -2.157694e-03 2.222723e+00 -5.850309e-03 2.163354e-03 9.999805e-01 -2.664647e+01
9.999005e-01 1.822713e-03 -1.398952e-02 -3.712013e+01 -1.781413e-03 9.999940e-01 2.964078e-03 2.224415e+00 1.399484e-02 -2.938862e-03 9.998977e-01 -2.696636e+01
9.999699e-01 -1.486806e-03 7.608809e-03 -3.742961e+01 1.505830e-03 9.999958e-01 -2.495121e-03 2.235758e+00 -7.605067e-03 2.506504e-03 9.999679e-01 -2.689208e+01
9.999054e-01 1.633051e-03 -1.365536e-02 -3.801029e+01 -1.604642e-03 9.999965e-01 2.091187e-03 2.258597e+00 1.365872e-02 -2.069078e-03 9.999046e-01 -2.718678e+01
9.999456e-01 -1.454000e-03 1.032954e-02 -3.782823e+01 1.485815e-03 9.999942e-01 -3.072874e-03 2.270024e+00 -1.032501e-02 3.088055e-03 9.999419e-01 -2.851226e+01
9.998795e-01 1.800421e-03 -1.542143e-02 -3.754778e+01 -1.752236e-03 9.999935e-01 3.137512e-03 2.272620e+00 1.542698e-02 -3.110112e-03 9.998762e-01 -2.921380e+01
9.999621e-01 -1.077736e-03 8.638430e-03 -3.729405e+01 1.093861e-03 9.999977e-01 -1.862043e-03 2.252511e+00 -8.636403e-03 1.871422e-03 9.999610e-01 -2.892407e+01
9.998535e-01 1.953126e-03 -1.700449e-02 -3.674207e+01 -1.900855e-03 9.999934e-01 3.089624e-03 2.227365e+00 1.701042e-02 -3.056849e-03 9.998506e-01 -2.878769e+01
9.999639e-01 -7.411307e-04 8.467374e-03 -3.620549e+01 7.575969e-04 9.999978e-01 -1.941557e-03 2.210274e+00 -8.465917e-03 1.947902e-03 9.999623e-01 -2.874677e+01
9.999141e-01 1.271508e-03 -1.304833e-02 -3.603151e+01 -1.251721e-03 9.999981e-01 1.524476e-03 2.218031e+00 1.305024e-02 -1.508013e-03 9.999137e-01 -2.974876e+01
9.999624e-01 -9.959418e-04 8.611946e-03 -3.570383e+01 1.009639e-03 9.999982e-01 -1.586227e-03 2.222782e+00 -8.610351e-03 1.594863e-03 9.999617e-01 -3.068610e+01
9.998865e-01 1.754742e-03 -1.496485e-02 -3.522812e+01 -1.720323e-03 9.999958e-01 2.312569e-03 2.218625e+00 1.496885e-02 -2.286563e-03 9.998853e-01 -3.117585e+01
9.999510e-01 -1.310342e-03 9.809098e-03 -3.499341e+01 1.333846e-03 9.999963e-01 -2.389923e-03 2.222381e+00 -9.805930e-03 2.402891e-03 9.999490e-01 -3.196079e+01
9.998478e-01 1.629390e-03 -1.736930e-02 -3.423433e+01 -1.564680e-03 9.999918e-01 3.738472e-03 2.210331e+00 1.737525e-02 -3.710727e-03 9.998422e-01 -3.233748e+01
9.999604e-01 -5.121719e-04 8.883292e-03 -3.385224e+01 5.373662e-04 9.999958e-01 -2.833928e-03 2.201263e+00 -8.881804e-03 2.838590e-03 9.999565e-01 -3.220524e+01
9.998557e-01 1.531483e-03 -1.691848e-02 -3.337002e+01 -1.463580e-03 9.999908e-01 4.025260e-03 2.183391e+00 1.692449e-02 -3.999918e-03 9.998488e-01 -3.200206e+01
9.999600e-01 -4.585040e-04 8.930971e-03 -3.308374e+01 4.849198e-04 9.999955e-01 -2.955780e-03 2.178172e+00 -8.929576e-03 2.959993e-03 9.999557e-01 -3.190826e+01
9.998875e-01 6.491270e-04 -1.498600e-02 -3.365603e+01 -6.106853e-04 9.999965e-01 2.569640e-03 2.201723e+00 1.498762e-02 -2.560200e-03 9.998844e-01 -3.226674e+01
9.999616e-01 -3.164881e-04 8.752336e-03 -3.346362e+01 3.344326e-04 9.999978e-01 -2.048812e-03 2.190671e+00 -8.751669e-03 2.051661e-03 9.999596e-01 -3.234873e+01
