1.000000e+00 1.197625e-11 1.704638e-10 5.551115e-17 1.197625e-11 1.000000e+00 3.562503e-10 0.000000e+00 1.704638e-10 3.562503e-10 1.000000e+00 2.220446e-16 0.000000e+00 0.000000e+00 0.000000e+00 1.000000e+00
4.074025e-01 2.231471e-01 -8.855668e-01 1.058649e-01 -4.266089e-02 9.732801e-01 2.256233e-01 -4.936738e-03 9.122518e-01 -5.414041e-02 4.060364e-01 2.220066e-01
8.220327e-01 -6.665095e-02 5.655262e-01 1.129521e-01 1.235533e-01 9.903440e-01 -6.287504e-02 -8.140406e-03 -5.558748e-01 1.215580e-01 8.223301e-01 3.653474e-01
5.800055e-01 2.167160e-01 -7.852565e-01 -5.291561e-03 -3.331872e-02 9.694677e-01 2.429450e-01 -3.341224e-03 8.139309e-01 -1.147457e-01 5.695173e-01 8.645666e-01
7.915889e-01 -1.187976e-01 5.993949e-01 -2.206817e-01 1.824218e-01 9.821315e-01 -4.626038e-02 1.719352e-02 -5.831890e-01 1.459619e-01 7.991156e-01 1.820337e+00
9.355852e-01 1.809393e-01 -3.032183e-01 -1.416661e-01 -1.203674e-01 9.707236e-01 2.078639e-01 1.943905e-02 3.319519e-01 -1.579768e-01 9.299738e-01 2.832334e+00
4.515138e-01 -2.337360e-01 8.611055e-01 4.010744e-01 2.685395e-01 9.559311e-01 1.186686e-01 1.355983e-03 -8.508947e-01 1.776603e-01 4.943835e-01 3.781134e+00
9.382945e-01 2.701314e-01 -2.159454e-01 1.060509e+00 -2.639671e-01 9.628185e-01 5.746159e-02 -1.989168e-02 2.234384e-01 3.086587e-03 9.747132e-01 4.735689e+00
9.021910e-01 -3.283431e-01 2.797182e-01 1.196167e+00 2.778508e-01 9.384136e-01 2.053751e-01 -1.939674e-02 -3.299249e-01 -1.075676e-01 9.378586e-01 5.863627e+00
8.382716e-01 3.568459e-01 -4.122642e-01 1.167384e+00 -3.363338e-01 9.335229e-01 1.241552e-01 -3.699925e-03 4.291624e-01 3.458259e-02 9.025651e-01 7.241202e+00
7.935113e-01 -4.292749e-01 4.313502e-01 1.188923e+00 3.698755e-01 9.030703e-01 2.183029e-01 5.734375e-03 -4.832515e-01 -1.367993e-02 8.753747e-01 8.513470e+00
8.711101e-01 3.964004e-01 -2.898861e-01 1.169211e+00 -3.897973e-01 9.171686e-01 8.282417e-02 2.195828e-02 2.987060e-01 4.084788e-02 9.534706e-01 9.963520e+00
5.130552e-01 -5.553022e-01 6.545333e-01 9.844722e-01 4.105501e-01 8.284177e-01 3.810155e-01 5.178299e-02 -7.538057e-01 7.323671e-02 6.530034e-01 1.153347e+01
8.495706e-01 3.150939e-01 -4.230196e-01 5.492505e-01 -3.948297e-01 9.116690e-01 -1.138820e-01 9.337637e-02 3.497704e-01 2.637715e-01 8.989356e-01 1.284201e+01
5.432579e-01 -5.108702e-01 6.662451e-01 1.452459e-01 3.209907e-01 8.596554e-01 3.974387e-01 1.193477e-01 -7.757808e-01 -2.053245e-03 6.309991e-01 1.364475e+01
9.228631e-01 2.340066e-01 -3.058833e-01 2.294994e-01 -3.165474e-01 9.132777e-01 -2.563622e-01 1.154439e-01 2.193660e-01 3.334137e-01 9.169045e-01 1.423778e+01
6.207520e-01 -4.143178e-01 6.655883e-01 4.559702e-01 8.001021e-02 8.780024e-01 4.719217e-01 1.068469e-01 -7.799137e-01 -2.396925e-01 5.781714e-01 1.485345e+01
9.912073e-01 -1.812067e-02 -1.310714e-01 5.245982e-01 -3.169881e-02 9.292134e-01 -3.681814e-01 1.062405e-01 1.284650e-01 3.690989e-01 9.204687e-01 1.578656e+01
4.223040e-01 -2.014735e-01 8.837804e-01 5.242249e-01 -1.695864e-01 9.402104e-01 2.953725e-01 1.110469e-01 -8.904492e-01 -2.746141e-01 3.628874e-01 1.687800e+01
9.136020e-01 -2.928220e-01 -2.821112e-01 5.048953e-01 2.247566e-01 9.418623e-01 -2.497596e-01 1.117491e-01 3.388450e-01 1.647745e-01 9.263009e-01 1.768356e+01
2.678761e-01 9.740233e-02 9.585172e-01 3.026961e-01 -7.498377e-02 9.939666e-01 -8.004895e-02 1.214069e-01 -9.605310e-01 -5.043003e-02 2.735635e-01 1.841979e+01
9.509460e-01 -1.961082e-01 -2.392556e-01 6.327140e-01 2.277348e-01 9.672181e-01 1.123658e-01 1.058332e-01 2.093765e-01 -1.613407e-01 9.644328e-01 1.895949e+01
6.827078e-02 1.548764e-01 9.855721e-01 1.536587e+00 1.938321e-01 9.669940e-01 -1.653838e-01 7.126586e-02 -9.786563e-01 2.023264e-01 3.599741e-02 1.958706e+01
8.319178e-01 1.838946e-01 -5.235414e-01 2.329793e+00 -2.947591e-02 9.568026e-01 2.892403e-01 3.828764e-02 5.541155e-01 -2.251923e-01 8.014016e-01 2.000094e+01
3.243566e-01 -6.891920e-02 9.434209e-01 3.133980e+00 2.818461e-01 9.590842e-01 -2.683778e-02 4.320099e-03 -9.029704e-01 2.746045e-01 3.305099e-01 2.026785e+01
7.563713e-01 3.154376e-01 -5.730634e-01 3.901509e+00 -2.143280e-01 9.471988e-01 2.384912e-01 -2.856449e-02 6.180340e-01 -5.756437e-02 7.840410e-01 2.051133e+01
1.733329e-02 -2.478051e-01 9.686548e-01 4.536978e+00 3.079909e-01 9.230151e-01 2.306181e-01 -6.024755e-02 -9.512314e-01 2.943395e-01 9.232058e-02 2.076898e+01
7.766198e-01 2.942994e-01 -5.570005e-01 5.613686e+00 -3.489785e-01 9.370917e-01 8.549191e-03 -1.033217e-01 5.244766e-01 1.877417e-01 8.304682e-01 2.093017e+01
2.552668e-01 -3.881503e-01 8.855384e-01 6.337401e+00 1.238569e-01 9.214625e-01 3.681934e-01 -1.394624e-01 -9.589047e-01 1.569246e-02 2.832939e-01 2.115198e+01
5.489269e-01 1.069021e-01 -8.290062e-01 6.408676e+00 -3.185571e-01 9.436934e-01 -8.924154e-02 -1.472804e-01 7.727876e-01 3.130729e-01 5.520731e-01 2.142745e+01
7.191801e-01 -3.305597e-01 6.111549e-01 6.799814e+00 1.071280e-01 9.218175e-01 3.725265e-01 -1.664769e-01 -6.865156e-01 -2.024418e-01 6.983650e-01 2.157183e+01
3.438577e-01 2.756667e-01 -8.976468e-01 7.196600e+00 -4.668695e-01 8.796023e-01 9.128353e-02 -1.861741e-01 8.147360e-01 3.876954e-01 4.311584e-01 2.177956e+01
6.376190e-01 -5.139679e-01 5.738283e-01 7.546413e+00 3.347480e-01 8.557460e-01 3.945157e-01 -2.032716e-01 -6.938197e-01 -5.946285e-02 7.176896e-01 2.210591e+01
7.617227e-02 5.137657e-01 -8.545424e-01 7.814874e+00 -5.048803e-01 7.589159e-01 4.112693e-01 -2.157418e-01 8.598219e-01 4.001143e-01 3.171985e-01 2.253334e+01
6.651043e-01 -5.740016e-01 4.776594e-01 8.060147e+00 5.997167e-01 7.917107e-01 1.163362e-01 -2.272817e-01 -4.449452e-01 2.090846e-01 8.708085e-01 2.293757e+01
6.645404e-02 7.558592e-01 -6.513530e-01 8.315234e+00 -2.763141e-01 6.412067e-01 7.158942e-01 -2.392425e-01 9.587671e-01 1.324040e-01 2.514653e-01 2.321919e+01
8.269900e-01 -3.300241e-01 4.551611e-01 8.544607e+00 5.138251e-01 7.722557e-01 -3.736374e-01 -2.502793e-01 -2.281914e-01 5.428676e-01 8.082224e-01 2.348015e+01
3.464037e-01 6.881294e-01 -6.375598e-01 8.733647e+00 1.443047e-01 6.324614e-01 7.610313e-01 -2.581020e-01 9.269200e-01 -3.556269e-01 1.197867e-01 2.392983e+01
8.341307e-01 7.605697e-02 5.462979e-01 8.779476e+00 2.962669e-01 7.736557e-01 -5.600739e-01 -2.598680e-01 -4.652440e-01 6.290248e-01 6.227968e-01 2.456941e+01
7.874541e-01 3.703802e-01 -4.926811e-01 8.832401e+00 1.259597e-01 6.857561e-01 7.168491e-01 -2.604079e-01 6.033658e-01 -6.265437e-01 4.933485e-01 2.540784e+01
7.539198e-01 7.483874e-02 6.526899e-01 9.098873e+00 3.802672e-01 7.604339e-01 -5.264382e-01 -2.724597e-01 -5.357255e-01 6.450888e-01 5.448474e-01 2.600349e+01
6.888679e-01 4.862547e-01 -5.376034e-01 9.439999e+00 8.902254e-02 6.792745e-01 7.284649e-01 -2.885882e-01 7.193998e-01 -5.496749e-01 4.246427e-01 2.650880e+01
8.302688e-01 4.176860e-02 5.557959e-01 9.657160e+00 3.207645e-01 7.796919e-01 -5.377646e-01 -2.982719e-01 -4.558112e-01 6.247687e-01 6.339559e-01 2.712167e+01
6.226258e-01 4.488476e-01 -6.409938e-01 9.669126e+00 2.324585e-01 6.760711e-01 6.992073e-01 -2.944305e-01 7.471949e-01 -5.843489e-01 3.166009e-01 2.799898e+01
7.359972e-01 1.600835e-01 6.577852e-01 9.720297e+00 3.340334e-01 7.592545e-01 -5.585286e-01 -2.948013e-01 -5.888376e-01 6.307978e-01 5.053360e-01 2.873948e+01
7.256513e-01 4.198502e-01 -5.451202e-01 1.001905e+01 1.318361e-01 6.927349e-01 7.090399e-01 -3.078745e-01 6.753143e-01 -5.863823e-01 4.473325e-01 2.925476e+01
9.064000e-01 1.185569e-01 4.054421e-01 1.035182e+01 1.510056e-01 8.054458e-01 -5.731094e-01 -3.207402e-01 -3.945077e-01 5.806904e-01 7.121533e-01 2.974373e+01
7.706676e-01 2.587220e-01 -5.823525e-01 1.048166e+01 2.285951e-01 7.408007e-01 6.316317e-01 -3.257014e-01 5.948241e-01 -6.199010e-01 5.117685e-01 3.030861e+01
8.227722e-01 2.104504e-01 5.279740e-01 1.082126e+01 1.510457e-01 8.145611e-01 -5.600673e-01 -3.407528e-01 -5.479335e-01 5.405560e-01 6.384106e-01 3.069081e+01
4.019220e-01 3.396951e-01 -8.503328e-01 1.129258e+01 3.835371e-01 7.808012e-01 4.932026e-01 -3.614330e-01 8.314794e-01 -5.243632e-01 1.835355e-01 3.089202e+01
7.159664e-01 3.658813e-01 5.945781e-01 1.176816e+01 -3.230551e-02 8.681175e-01 -4.953063e-01 -3.836366e-01 -6.973869e-01 3.354145e-01 6.333629e-01 3.100764e+01
3.485285e-01 1.233476e-01 -9.291465e-01 1.213636e+01 4.063869e-01 8.733953e-01 2.683846e-01 -4.026123e-01 8.446168e-01 -4.711327e-01 2.542763e-01 3.116644e+01
6.550738e-01 3.611381e-01 6.636698e-01 1.242416e+01 -1.394094e-01 9.210657e-01 -3.635973e-01 -4.165936e-01 -7.425923e-01 1.456613e-01 6.537120e-01 3.139804e+01
1.963392e-01 2.058486e-02 -9.803199e-01 1.242423e+01 3.446636e-01 9.345307e-01 8.865284e-02 -4.173056e-01 9.179640e-01 -3.552866e-01 1.763902e-01 3.187597e+01
7.468788e-01 3.010788e-01 5.928943e-01 1.232876e+01 -2.899291e-01 9.498548e-01 -1.171192e-01 -4.147018e-01 -5.984256e-01 -8.442350e-02 7.967179e-01 3.232747e+01
3.732113e-01 -1.181291e-01 -9.201950e-01 1.257677e+01 1.532086e-01 9.860899e-01 -6.445015e-02 -4.285305e-01 9.150084e-01 -1.169283e-01 3.861183e-01 3.262870e+01
6.624711e-01 8.902287e-02 7.437789e-01 1.279729e+01 -2.145334e-01 9.738698e-01 7.451879e-02 -4.411408e-01 -7.177099e-01 -2.089320e-01 6.642590e-01 3.304470e+01
2.944444e-01 -4.022380e-02 -9.548217e-01 1.285152e+01 -5.749219e-02 9.965587e-01 -5.971128e-02 -4.446050e-01 9.539377e-01 7.247645e-02 2.911186e-01 3.367152e+01
7.196801e-01 -1.495891e-01 6.779997e-01 1.278990e+01 -3.761633e-02 9.666797e-01 2.532103e-01 -4.376103e-01 -6.932860e-01 -2.077343e-01 6.900732e-01 3.444038e+01
4.831885e-01 8.036238e-02 -8.718204e-01 1.268736e+01 -2.197831e-01 9.750259e-01 -3.193465e-02 -4.272676e-01 8.474811e-01 2.070419e-01 4.887836e-01 3.525696e+01
2.211420e-01 -3.292419e-01 9.179847e-01 1.265680e+01 7.660287e-02 9.442455e-01 3.202069e-01 -4.216819e-01 -9.722285e-01 -4.909406e-04 2.340332e-01 3.619303e+01
4.897970e-01 1.463434e-01 -8.594664e-01 1.261917e+01 -2.652999e-01 9.640788e-01 1.296559e-02 -4.157343e-01 8.304907e-01 2.216658e-01 5.110278e-01 3.714835e+01
3.438984e-01 -3.420691e-01 8.744842e-01 1.268318e+01 1.262301e-01 9.396742e-01 3.179282e-01 -4.200013e-01 -9.304837e-01 1.051206e-03 3.663319e-01 3.778042e+01
9.126441e-02 2.607668e-01 -9.610783e-01 1.279023e+01 -3.609559e-01 9.081373e-01 2.121259e-01 -4.272403e-01 9.281065e-01 3.275474e-01 1.770059e-01 3.831483e+01
1.794446e-01 -4.746951e-01 8.616636e-01 1.274851e+01 2.923823e-01 8.620368e-01 4.140110e-01 -4.202970e-01 -9.393147e-01 1.776432e-01 2.934803e-01 3.920367e+01
1.700400e-02 4.266846e-01 -9.042406e-01 1.277274e+01 -4.495065e-01 8.110869e-01 3.742752e-01 -4.186153e-01 8.931152e-01 4.000979e-01 2.055892e-01 4.004875e+01
3.841359e-01 -5.538840e-01 7.386827e-01 1.300182e+01 5.035764e-01 7.962758e-01 3.351949e-01 -4.273147e-01 -7.738542e-01 2.432228e-01 5.848011e-01 4.058497e+01
-9.464795e-02 6.416735e-01 -7.611156e-01 1.335660e+01 -4.112902e-01 6.710424e-01 6.168812e-01 -4.416159e-01 9.065771e-01 3.714259e-01 2.004012e-01 4.096926e+01
4.570550e-01 -5.194720e-01 7.219761e-01 1.372083e+01 6.905965e-01 7.188023e-01 7.999866e-02 -4.551131e-01 -5.605152e-01 4.620304e-01 6.872777e-01 4.134203e+01
1.781738e-01 8.013820e-01 -5.709999e-01 1.423474e+01 -3.824294e-01 5.910623e-01 7.102064e-01 -4.762707e-01 9.066432e-01 9.182695e-02 4.117839e-01 4.162785e+01
4.223746e-01 -4.711092e-01 7.743745e-01 1.472398e+01 7.547540e-01 6.558860e-01 -1.264893e-02 -4.961305e-01 -5.019423e-01 5.898048e-01 6.326011e-01 4.201499e+01
2.532027e-01 8.720274e-01 -4.188755e-01 1.484032e+01 -3.095948e-01 4.832554e-01 8.189110e-01 -4.945225e-01 9.165367e-01 -7.766881e-02 3.923367e-01 4.316063e+01
7.127670e-01 -4.778873e-01 5.134072e-01 1.483733e+01 6.876785e-01 6.202114e-01 -3.774070e-01 -4.693127e-01 -1.380630e-01 6.220624e-01 7.706990e-01 4.504038e+01
4.583089e-01 8.194796e-01 -3.441019e-01 1.477967e+01 3.025975e-02 3.725453e-01 9.275206e-01 -4.437930e-01 8.882777e-01 -4.355033e-01 1.459435e-01 4.675504e+01
9.068759e-01 -2.484362e-02 4.206648e-01 1.481509e+01 3.598481e-01 5.651234e-01 -7.423913e-01 -4.369131e-01 -2.192838e-01 8.246322e-01 5.214368e-01 4.775926e+01
5.482393e-01 5.253986e-01 -6.506842e-01 1.485917e+01 4.703112e-01 4.496639e-01 7.593482e-01 -4.373496e-01 6.915497e-01 -7.223286e-01 -5.774300e-04 4.838191e+01
8.106454e-01 4.489729e-01 3.758688e-01 1.476956e+01 5.555411e-02 5.800517e-01 -8.126830e-01 -4.294840e-01 -5.828960e-01 6.796788e-01 4.452740e-01 4.907710e+01
5.874124e-01 2.162461e-01 -7.798617e-01 1.486110e+01 6.199355e-01 4.992013e-01 6.053742e-01 -4.309733e-01 5.202178e-01 -8.390683e-01 1.591784e-01 4.997972e+01
6.455831e-01 5.292801e-01 5.505316e-01 1.491639e+01 9.791100e-02 6.575709e-01 -7.470033e-01 -4.238693e-01 -7.573875e-01 5.361558e-01 3.726943e-01 5.125975e+01
5.411298e-01 2.689419e-01 -7.967740e-01 1.491199e+01 5.979150e-01 5.432061e-01 5.894275e-01 -4.076852e-01 5.913342e-01 -7.953599e-01 1.331407e-01 5.273933e+01
5.510231e-01 4.765104e-01 6.850631e-01 1.484479e+01 2.973799e-01 6.549130e-01 -6.947332e-01 -3.899601e-01 -7.797043e-01 5.865380e-01 2.191675e-01 5.411310e+01
5.241746e-01 3.676817e-01 -7.681479e-01 1.477445e+01 5.108431e-01 5.859391e-01 6.290586e-01 -3.847363e-01 6.813812e-01 -7.221396e-01 1.193067e-01 5.483980e+01
7.568698e-01 4.844916e-01 4.386524e-01 1.467816e+01 -2.652466e-02 6.933859e-01 -7.200780e-01 -3.791116e-01 -6.530272e-01 5.333702e-01 5.376539e-01 5.542468e+01
5.163258e-01 1.154074e-01 -8.485804e-01 1.470570e+01 5.993117e-01 6.591205e-01 4.542969e-01 -3.799427e-01 6.117460e-01 -7.431294e-01 2.711559e-01 5.610717e+01
6.412879e-01 5.361595e-01 5.488923e-01 1.476805e+01 -1.016705e-01 7.684236e-01 -6.318135e-01 -3.808932e-01 -7.605346e-01 3.493681e-01 5.472924e-01 5.686278e+01
1.434725e-01 7.841535e-02 -9.865428e-01 1.466389e+01 6.084409e-01 7.792131e-01 1.504210e-01 -3.700716e-01 7.805224e-01 -6.218343e-01 6.408452e-02 5.765623e+01
4.265345e-01 5.243481e-01 7.369718e-01 1.454439e+01 -2.041884e-01 8.495978e-01 -4.863030e-01 -3.597575e-01 -8.811217e-01 5.694392e-02 4.694486e-01 5.840885e+01
1.194004e-01 -6.960459e-02 -9.904033e-01 1.442417e+01 4.984556e-01 8.669148e-01 -8.334412e-04 -3.485650e-01 8.586533e-01 -4.935726e-01 1.382048e-01 5.919167e+01
3.643208e-01 4.002442e-01 8.408775e-01 1.429132e+01 -2.246538e-01 9.140386e-01 -3.377337e-01 -3.357382e-01 -9.037705e-01 -6.586294e-02 4.229197e-01 6.002258e+01
2.160431e-01 -1.149841e-01 -9.695896e-01 1.435673e+01 3.577163e-01 9.333164e-01 -3.097643e-02 -3.384907e-01 9.084957e-01 -3.401458e-01 2.427683e-01 6.062214e+01
4.333778e-01 2.768154e-01 8.576461e-01 1.471810e+01 -2.602606e-01 9.495530e-01 -1.749670e-01 -3.541605e-01 -8.628141e-01 -1.473846e-01 4.835594e-01 6.095768e+01
1.209989e-01 -1.053032e-01 -9.870514e-01 1.497055e+01 1.533058e-01 9.844095e-01 -8.622818e-02 -3.657749e-01 9.807429e-01 -1.408872e-01 1.352560e-01 6.141578e+01
4.726365e-01 2.633580e-02 8.808639e-01 1.505518e+01 -1.885072e-01 9.794390e-01 7.186246e-02 -3.667949e-01 -8.608599e-01 -2.000140e-01 4.678831e-01 6.213715e+01
2.473766e-02 -3.332339e-03 -9.996884e-01 1.520009e+01 -1.096392e-01 9.939532e-01 -6.026283e-03 -3.678080e-01 9.936636e-01 1.097541e-01 2.422272e-02 6.289587e+01
5.865504e-01 -2.251687e-01 7.779831e-01 1.556235e+01 -4.289096e-03 9.596994e-01 2.809959e-01 -3.798728e-01 -8.099014e-01 -1.681551e-01 5.619462e-01 6.337186e+01
4.584903e-02 1.671586e-01 -9.848634e-01 1.599741e+01 -3.492525e-01 9.263639e-01 1.409706e-01 -3.968162e-01 9.359063e-01 3.375026e-01 1.008534e-01 6.361855e+01
7.853548e-01 -4.051993e-01 4.680079e-01 1.638559e+01 3.041716e-01 9.110430e-01 2.783530e-01 -4.116938e-01 -5.391637e-01 -7.625112e-02 8.387421e-01 6.384781e+01
-2.441348e-02 5.167294e-01 -8.558006e-01 1.669448e+01 -3.461704e-01 7.987250e-01 4.921426e-01 -4.240312e-01 9.378540e-01 3.082677e-01 1.593768e-01 6.416790e+01
6.271268e-01 -4.402240e-01 6.425845e-01 1.700427e+01 5.348168e-01 8.431325e-01 5.566468e-02 -4.365922e-01 -5.662888e-01 3.087562e-01 7.641902e-01 6.454892e+01
1.291077e-01 6.869808e-01 -7.151144e-01 1.746277e+01 -2.358581e-01 7.217285e-01 6.507526e-01 -4.538685e-01 9.631730e-01 8.464834e-02 2.552107e-01 6.480863e+01
7.386115e-01 -3.563664e-01 5.722377e-01 1.755006e+01 5.475475e-01 8.123070e-01 -2.008710e-01 -4.518429e-01 -3.932490e-01 4.616929e-01 7.951068e-01 6.571432e+01
3.697104e-01 7.090349e-01 -6.004863e-01 1.751499e+01 -4.746628e-02 6.598457e-01 7.499004e-01 -4.385773e-01 9.279338e-01 -2.487432e-01 2.776071e-01 6.691284e+01
8.293152e-01 -1.242537e-01 5.447911e-01 1.758955e+01 4.155439e-01 7.889576e-01 -4.526249e-01 -4.377033e-01 -3.735767e-01 6.017533e-01 7.059273e-01 6.770889e+01
2.479199e-01 5.960859e-01 -7.636867e-01 1.785530e+01 3.251096e-01 6.913914e-01 6.451989e-01 -4.449832e-01 9.126004e-01 -4.082395e-01 -2.238356e-02 6.811975e+01
3.038229e-01 2.000530e-01 9.314883e-01 1.855966e+01 5.376548e-01 7.711410e-01 -3.409822e-01 -4.647363e-01 -7.865233e-01 6.044173e-01 1.267308e-01 6.870002e+01
5.090564e-01 6.763301e-01 -5.323900e-01 1.866302e+01 6.668159e-02 5.856839e-01 8.077920e-01 -4.468500e-01 8.581463e-01 -4.467123e-01 2.530474e-01 7.061853e+01
6.625724e-01 -8.825478e-02 7.437802e-01 1.846708e+01 5.997856e-01 6.572988e-01 -4.563064e-01 -4.169414e-01 -4.486145e-01 7.484447e-01 4.884420e-01 7.206722e+01
2.535008e-01 7.339608e-01 -6.301102e-01 1.820396e+01 3.670702e-01 5.296805e-01 7.646555e-01 -3.876908e-01 8.949843e-01 -4.251354e-01 -1.351407e-01 7.321104e+01
4.607963e-01 1.533946e-01 8.741492e-01 1.834679e+01 6.059074e-01 6.653217e-01 -4.361459e-01 -3.732792e-01 -6.484929e-01 7.306279e-01 2.136349e-01 7.498814e+01
1.737741e-01 7.608005e-01 -6.252880e-01 1.862199e+01 3.776271e-01 5.349314e-01 7.558083e-01 -3.761798e-01 9.095055e-01 -3.674656e-01 -1.943417e-01 7.598558e+01
6.787072e-01 3.168579e-01 6.625388e-01 1.855037e+01 3.560501e-01 6.470620e-01 -6.741952e-01 -3.772905e-01 -6.423277e-01 6.934781e-01 3.263483e-01 7.619856e+01
6.214836e-01 3.851602e-01 -6.822094e-01 1.825984e+01 4.176915e-01 5.738077e-01 7.044704e-01 -3.576989e-01 6.627910e-01 -7.227699e-01 1.957339e-01 7.694379e+01
6.884162e-01 3.618180e-01 6.286261e-01 1.821447e+01 3.048012e-01 6.421391e-01 -7.033872e-01 -3.514424e-01 -6.581636e-01 6.758292e-01 3.317764e-01 7.761034e+01
5.665367e-01 4.462657e-01 -6.927359e-01 1.847738e+01 4.348179e-01 5.522045e-01 7.113392e-01 -3.582037e-01 6.999782e-01 -7.042138e-01 1.187998e-01 7.838461e+01
6.573831e-01 3.326826e-01 6.761433e-01 1.840011e+01 3.597978e-01 6.498140e-01 -6.695426e-01 -3.453716e-01 -6.621125e-01 6.834209e-01 3.074783e-01 7.935466e+01
5.117533e-01 4.440026e-01 -7.355068e-01 1.823266e+01 4.675594e-01 5.742868e-01 6.719992e-01 -3.288083e-01 7.207612e-01 -6.877909e-01 8.629552e-02 8.026393e+01
8.321456e-01 4.934935e-01 2.529780e-01 1.863527e+01 -1.749574e-01 6.665081e-01 -7.246771e-01 -3.460378e-01 -5.262353e-01 5.587765e-01 6.409721e-01 8.002985e+01
1.378472e-01 -1.348605e-01 -9.812292e-01 1.929892e+01 7.134510e-01 7.006941e-01 3.924978e-03 -3.754567e-01 6.870122e-01 -7.006000e-01 1.928051e-01 7.914783e+01
4.032432e-01 6.366806e-01 6.572920e-01 1.980870e+01 -5.113496e-01 7.524476e-01 -4.151435e-01 -3.927485e-01 -7.588916e-01 -1.687022e-01 6.289858e-01 7.951588e+01
-5.176972e-01 -3.688287e-01 -7.719813e-01 2.038860e+01 2.637653e-02 8.949976e-01 -4.452904e-01 -4.132666e-01 8.551573e-01 -2.508878e-01 -4.536093e-01 7.947889e+01
2.235597e-01 -1.028205e-01 9.692518e-01 2.120791e+01 -5.150477e-01 8.317828e-01 2.070342e-01 -4.441767e-01 -8.274944e-01 -5.454954e-01 1.329956e-01 7.916089e+01
5.066231e-01 -5.232641e-01 -6.852209e-01 2.250699e+01 8.997747e-02 8.225144e-01 -5.615818e-01 -4.890696e-01 8.574597e-01 2.228559e-01 4.637868e-01 7.881861e+01
3.288930e-01 6.066851e-02 9.424164e-01 2.344740e+01 -5.871955e-01 7.947060e-01 1.537652e-01 -5.260152e-01 -7.396153e-01 -6.039550e-01 2.969976e-01 7.883919e+01
-7.323792e-02 -4.653741e-01 -8.820789e-01 2.335310e+01 -2.843279e-01 8.574920e-01 -4.287950e-01 -5.184500e-01 9.559257e-01 2.193955e-01 -1.951198e-01 7.942617e+01
4.139958e-01 -3.400460e-01 8.443791e-01 2.298080e+01 -3.073725e-01 8.209007e-01 4.812944e-01 -5.050769e-01 -8.568136e-01 -4.587928e-01 2.353287e-01 7.968271e+01
4.684838e-01 -2.735773e-01 -8.400467e-01 2.292389e+01 -2.819896e-01 8.548065e-01 -4.356463e-01 -5.039929e-01 8.372603e-01 4.409777e-01 3.233170e-01 8.024175e+01
7.145129e-01 -3.555240e-01 6.025563e-01 2.303880e+01 -1.564307e-01 7.582699e-01 6.328951e-01 -5.081819e-01 -6.819097e-01 -5.464700e-01 4.861787e-01 8.089013e+01
4.311048e-01 -2.506601e-02 -9.019536e-01 2.305619e+01 -5.552571e-01 7.805578e-01 -2.870873e-01 -5.091330e-01 7.112230e-01 6.245809e-01 3.225841e-01 8.144663e+01
7.370827e-01 -5.774107e-01 3.511496e-01 2.324756e+01 2.222481e-01 6.978110e-01 6.809300e-01 -5.172735e-01 -6.382123e-01 -4.238594e-01 6.426728e-01 8.186180e+01
2.862797e-01 2.245745e-01 -9.314560e-01 2.347939e+01 -7.352579e-01 6.748272e-01 -6.327777e-02 -5.390419e-01 6.143612e-01 7.029755e-01 3.583095e-01 8.094612e+01
6.717122e-01 -7.111989e-01 2.073616e-01 2.384800e+01 6.273618e-01 6.949676e-01 3.513364e-01 -5.595290e-01 -3.939796e-01 -1.059062e-01 9.129972e-01 8.003777e+01
-2.234295e-01 7.708389e-01 -5.965624e-01 2.432824e+01 -3.492955e-01 5.080671e-01 7.873122e-01 -5.789109e-01 9.099845e-01 3.842853e-01 1.557334e-01 7.979065e+01
8.271356e-01 -4.118105e-01 3.824380e-01 2.484879e+01 5.580382e-01 6.824959e-01 -4.720092e-01 -6.000296e-01 -6.663401e-02 6.038307e-01 7.943226e-01 7.970493e+01
2.327553e-01 7.654358e-01 -5.999442e-01 2.536658e+01 3.464536e-01 5.111569e-01 7.865676e-01 -6.167891e-01 9.087326e-01 -3.909306e-01 -1.462135e-01 7.993856e+01
9.255897e-01 3.783152e-01 -1.270196e-02 2.625487e+01 -2.924600e-01 6.934261e-01 -6.585039e-01 -6.473564e-01 -2.403141e-01 6.132192e-01 7.524701e-01 7.940758e+01
7.820409e-02 -1.454393e-01 -9.862715e-01 2.697904e+01 6.973499e-01 7.149750e-01 -5.013818e-02 -6.719869e-01 7.124516e-01 -6.838553e-01 1.573361e-01 7.878867e+01
6.733941e-01 6.776835e-01 2.954413e-01 2.725260e+01 -7.314240e-01 6.688400e-01 1.329360e-01 -6.824240e-01 -1.075144e-01 -3.056112e-01 9.460668e-01 7.881166e+01
1.526676e-01 -5.310385e-01 -8.334811e-01 2.750663e+01 -1.101929e-01 8.289617e-01 -5.483429e-01 -6.925651e-01 9.821151e-01 1.755579e-01 6.803895e-02 7.887738e+01
9.966706e-01 -6.843767e-02 -4.431730e-02 2.782558e+01 7.773506e-02 6.336343e-01 7.697173e-01 -7.018258e-01 -2.459670e-02 -7.705996e-01 6.368447e-01 7.909578e+01
7.708007e-01 2.918168e-01 -5.663120e-01 2.845194e+01 -5.755125e-01 7.001859e-01 -4.225223e-01 -7.263296e-01 2.732245e-01 6.516001e-01 7.076480e-01 7.957983e+01
6.074754e-01 -6.043982e-01 5.154381e-01 2.914066e+01 -5.140126e-02 6.176199e-01 7.847952e-01 -7.564494e-01 -7.926737e-01 -5.032380e-01 3.441221e-01 8.024957e+01
8.292626e-01 2.665849e-02 -5.582230e-01 2.957851e+01 -4.258814e-01 6.769199e-01 -6.003369e-01 -7.793093e-01 3.618682e-01 7.355737e-01 5.726977e-01 8.081277e+01
9.163530e-01 -3.901937e-01 8.970007e-02 2.977163e+01 1.744335e-01 5.907480e-01 7.877752e-01 -7.934562e-01 -3.603751e-01 -7.062334e-01 6.093966e-01 8.120999e+01
7.771992e-01 2.907500e-01 -5.580554e-01 2.984427e+01 -5.885018e-01 6.498180e-01 -4.810428e-01 -7.985594e-01 2.227712e-01 7.022827e-01 6.761450e-01 8.190248e+01
7.515357e-01 -6.389479e-01 1.641329e-01 2.995331e+01 2.173217e-01 4.747065e-01 8.528922e-01 -7.899375e-01 -6.228686e-01 -6.053093e-01 4.956161e-01 8.349949e+01
9.296903e-01 2.352556e-01 -2.834267e-01 3.003331e+01 -3.680542e-01 6.237341e-01 -6.895591e-01 -7.788226e-01 1.456027e-02 7.453929e-01 6.664664e-01 8.498405e+01
8.030436e-01 -4.726666e-01 3.629149e-01 2.996753e+01 -4.281914e-02 5.616576e-01 8.262610e-01 -7.719811e-01 -5.943799e-01 -6.790634e-01 4.307964e-01 8.583300e+01
9.324710e-01 -9.284851e-02 -3.491089e-01 2.982726e+01 -2.131627e-01 6.388011e-01 -7.392529e-01 -7.600683e-01 2.916497e-01 7.637488e-01 5.758717e-01 8.667511e+01
8.733054e-01 -3.007335e-01 3.832715e-01 2.958897e+01 -1.413404e-01 5.964838e-01 7.900823e-01 -7.403517e-01 -4.662194e-01 -7.441549e-01 4.784067e-01 8.755020e+01
9.647541e-01 -1.854980e-01 -1.866549e-01 2.950981e+01 -1.183431e-02 6.780007e-01 -7.349660e-01 -7.286930e-01 2.628868e-01 7.112703e-01 6.519087e-01 8.858308e+01
8.372332e-01 -1.298577e-01 5.312039e-01 2.932950e+01 -3.309550e-01 6.529731e-01 6.812451e-01 -7.105863e-01 -4.353268e-01 -7.461656e-01 5.037137e-01 8.956487e+01
8.878890e-01 -3.760409e-01 -2.650402e-01 2.918465e+01 7.381151e-02 6.850768e-01 -7.247218e-01 -7.010508e-01 4.540979e-01 6.239095e-01 6.360283e-01 9.024458e+01
8.497745e-01 5.992680e-03 5.271123e-01 2.916659e+01 -4.106321e-01 6.345439e-01 6.547789e-01 -6.995387e-01 -3.305520e-01 -7.728636e-01 5.416800e-01 9.091450e+01
8.661630e-01 -4.958350e-01 -6.252416e-02 2.896092e+01 3.260449e-01 6.554619e-01 -6.812228e-01 -6.810214e-01 3.787563e-01 5.696643e-01 7.294013e-01 9.183425e+01
6.535649e-01 2.034809e-01 7.290051e-01 2.870968e+01 -6.045400e-01 7.198735e-01 3.410478e-01 -6.614096e-01 -4.553947e-01 -6.636096e-01 5.934964e-01 9.272026e+01
7.001770e-01 -6.486174e-01 -2.984085e-01 2.851918e+01 4.430673e-01 7.224781e-01 -5.307700e-01 -6.440493e-01 5.598602e-01 2.394179e-01 7.932437e-01 9.362446e+01
8.321697e-01 4.199870e-01 3.620836e-01 2.841241e+01 -5.543124e-01 6.479465e-01 5.224013e-01 -6.339874e-01 -1.520907e-02 -6.354340e-01 7.720054e-01 9.433543e+01
7.271184e-01 -4.602895e-01 -5.093451e-01 2.823005e+01 9.046340e-03 7.482914e-01 -6.633085e-01 -6.211584e-01 6.864525e-01 4.776961e-01 5.482604e-01 9.494791e+01
9.983746e-01 5.640605e-02 -8.159266e-03 2.802245e+01 -2.952815e-02 6.343796e-01 7.724575e-01 -6.085475e-01 4.874735e-02 -7.709610e-01 6.350140e-01 9.540792e+01
8.331913e-01 6.907744e-02 -5.486534e-01 2.773029e+01 -4.333404e-01 6.979120e-01 -5.702060e-01 -5.919314e-01 3.435234e-01 7.128444e-01 6.114283e-01 9.589404e+01
8.658878e-01 -4.809540e-01 1.375555e-01 2.729601e+01 2.393844e-01 6.398394e-01 7.302743e-01 -5.613175e-01 -4.392418e-01 -5.994070e-01 6.691621e-01 9.664552e+01
9.589506e-01 1.090772e-01 -2.617553e-01 2.673117e+01 -2.608909e-01 7.010953e-01 -6.636274e-01 -5.232201e-01 1.111287e-01 7.046755e-01 7.007730e-01 9.745914e+01
8.350260e-01 -4.093912e-01 3.676009e-01 2.614763e+01 3.332420e-02 7.045136e-01 7.089077e-01 -4.882899e-01 -5.492004e-01 -5.797064e-01 6.019298e-01 9.814634e+01
9.179553e-01 -9.693821e-02 -3.846570e-01 2.557051e+01 -1.867200e-01 7.499534e-01 -6.345908e-01 -4.517459e-01 3.499909e-01 6.543492e-01 6.703234e-01 9.887618e+01
9.747251e-01 -1.747123e-01 -1.392355e-01 2.507711e+01 2.223426e-01 6.978552e-01 6.808538e-01 -4.179567e-01 -2.178732e-02 -6.946033e-01 7.190630e-01 9.957178e+01
8.082740e-01 2.956887e-01 -5.091771e-01 2.474575e+01 -5.326304e-01 7.358025e-01 -4.182099e-01 -3.996560e-01 2.509939e-01 6.092314e-01 7.522228e-01 1.000228e+02
8.189216e-01 -5.736371e-01 1.755041e-02 2.422290e+01 4.720851e-01 6.907057e-01 5.477785e-01 -3.680148e-01 -3.263482e-01 -4.403024e-01 8.364393e-01 1.006110e+02
8.291849e-01 4.137713e-01 -3.758267e-01 2.364303e+01 -5.442409e-01 7.509630e-01 -3.739738e-01 -3.282933e-01 1.274923e-01 5.146337e-01 8.478785e-01 1.013769e+02
7.122833e-01 -6.490077e-01 2.672855e-01 2.310988e+01 4.031441e-01 6.900154e-01 6.011269e-01 -2.897273e-01 -5.745671e-01 -3.204181e-01 7.531301e-01 1.022668e+02
9.076423e-01 2.827028e-01 -3.102653e-01 2.268779e+01 -4.078878e-01 7.684868e-01 -4.930067e-01 -2.615316e-01 9.906045e-02 5.740272e-01 8.128221e-01 1.030479e+02
8.348831e-01 -5.047100e-01 2.196316e-01 2.230471e+01 2.790970e-01 7.320917e-01 6.214070e-01 -2.404047e-01 -4.744207e-01 -4.575037e-01 7.520740e-01 1.035913e+02
8.891804e-01 1.415512e-01 -4.351109e-01 2.162518e+01 -3.666845e-01 7.892392e-01 -4.925891e-01 -2.047475e-01 2.736800e-01 5.975489e-01 7.536806e-01 1.040572e+02
7.615621e-01 -5.161311e-01 3.919592e-01 2.079666e+01 2.225286e-01 7.762672e-01 5.898223e-01 -1.569563e-01 -6.086906e-01 -3.619641e-01 7.060295e-01 1.046660e+02
9.534990e-01 3.352800e-02 -2.995254e-01 2.019876e+01 -1.936073e-01 8.297750e-01 -5.234402e-01 -1.205420e-01 2.309888e-01 5.570900e-01 7.976809e-01 1.053761e+02
9.827084e-01 -1.400900e-01 -1.210746e-01 2.039007e+01 1.847584e-01 7.849392e-01 5.913838e-01 -1.220761e-01 1.218925e-02 -6.035274e-01 7.972491e-01 1.056950e+02
9.025856e-01 2.898361e-01 -3.183304e-01 2.089813e+01 -4.083874e-01 8.104139e-01 -4.200584e-01 -1.413631e-01 1.362313e-01 5.091408e-01 8.498333e-01 1.056874e+02
6.183778e-01 -5.158257e-01 5.929020e-01 2.089588e+01 8.858251e-02 7.953845e-01 5.995970e-01 -1.427391e-01 -7.808726e-01 -3.182567e-01 5.375412e-01 1.059788e+02
8.228197e-01 -9.050383e-02 -5.610498e-01 2.014541e+01 -2.138678e-01 8.653502e-01 -4.532434e-01 -1.016939e-01 5.265248e-01 4.929281e-01 6.926713e-01 1.065767e+02
3.994762e-01 -3.485515e-01 8.478978e-01 1.921112e+01 -4.797329e-02 9.156864e-01 3.990199e-01 -4.275504e-02 -9.154875e-01 -2.000754e-01 3.490738e-01 1.074737e+02
3.407108e-01 -9.874745e-02 -9.349680e-01 1.855282e+01 -2.326578e-01 9.546824e-01 -1.856122e-01 -3.990609e-03 9.109262e-01 2.807677e-01 3.022963e-01 1.080593e+02
6.164125e-01 -2.738180e-01 7.382813e-01 1.820282e+01 5.687214e-02 9.506242e-01 3.050888e-01 1.398232e-02 -7.853669e-01 -1.460729e-01 6.015493e-01 1.082309e+02
5.550223e-01 7.052447e-02 -8.288405e-01 1.851435e+01 -2.702627e-01 9.576319e-01 -9.949487e-02 1.594791e-03 7.867072e-01 2.792266e-01 5.505672e-01 1.082324e+02
8.336674e-01 -2.657415e-01 4.841282e-01 1.901389e+01 1.166838e-01 9.415855e-01 3.159139e-01 -1.811649e-02 -5.397995e-01 -2.068772e-01 8.159769e-01 1.081744e+02
8.215365e-01 1.196459e-01 -5.574608e-01 1.902034e+01 -2.281841e-01 9.650128e-01 -1.291603e-01 -1.448337e-02 5.225033e-01 2.333136e-01 8.200945e-01 1.086266e+02
7.676809e-01 -3.322467e-01 5.479765e-01 1.871332e+01 2.157132e-01 9.391765e-01 2.672366e-01 6.617473e-03 -6.034351e-01 -8.694666e-02 7.926578e-01 1.092626e+02
1.337316e-01 3.608317e-01 -9.229931e-01 1.888078e+01 -3.574525e-01 8.862272e-01 2.946676e-01 1.619537e-03 9.243071e-01 2.905198e-01 2.474968e-01 1.093993e+02
7.822096e-01 -3.907992e-01 4.852052e-01 1.924829e+01 3.981789e-01 9.125711e-01 9.310022e-02 -1.241707e-02 -4.791677e-01 1.203746e-01 8.694299e-01 1.094228e+02
4.049268e-01 4.772978e-01 -7.798853e-01 1.919558e+01 -2.823859e-01 8.765248e-01 3.898237e-01 -1.063496e-02 8.696508e-01 6.237855e-02 4.897105e-01 1.095556e+02
6.847858e-01 -3.244412e-01 6.525383e-01 1.875681e+01 4.967323e-01 8.629924e-01 -9.220144e-02 6.329058e-03 -5.332217e-01 3.872751e-01 7.521254e-01 1.097893e+02
2.936009e-01 5.680616e-01 -7.688332e-01 1.866738e+01 -9.533160e-02 8.176695e-01 5.677398e-01 9.531742e-03 9.511626e-01 -9.339483e-02 2.942228e-01 1.099499e+02
7.533167e-01 -1.057877e-01 6.490939e-01 1.872966e+01 4.003685e-01 8.567776e-01 -3.250189e-01 6.609857e-04 -5.217461e-01 5.047189e-01 6.877789e-01 1.097771e+02
3.089030e-01 4.987212e-01 -8.098494e-01 1.867836e+01 1.854494e-01 8.035661e-01 5.655883e-01 3.946230e-03 9.328384e-01 -3.248980e-01 1.557365e-01 1.100328e+02
8.390975e-01 1.213827e-01 5.302656e-01 1.894498e+01 1.275648e-01 9.036987e-01 -4.087247e-01 -4.292810e-04 -5.288125e-01 4.106032e-01 7.428071e-01 1.105467e+02
2.712817e-01 2.990500e-01 -9.148635e-01 1.905198e+01 3.264114e-01 8.655961e-01 3.797353e-01 -7.785540e-04 9.054622e-01 -4.016372e-01 1.372071e-01 1.109988e+02
7.101444e-01 2.648407e-01 6.523453e-01 1.922053e+01 1.504319e-02 9.206338e-01 -3.901372e-01 -4.493571e-03 -7.038953e-01 2.868671e-01 6.497989e-01 1.112680e+02
1.071147e-01 1.647783e-01 -9.804971e-01 1.926034e+01 3.568215e-01 9.141024e-01 1.926014e-01 -2.686218e-03 9.280112e-01 -3.704929e-01 3.911734e-02 1.116347e+02
1.549629e-01 3.040637e-01 9.399637e-01 1.895431e+01 2.011545e-01 9.218138e-01 -3.313549e-01 1.479697e-02 -9.672246e-01 2.404257e-01 8.168318e-02 1.122685e+02
-6.785232e-01 3.300761e-01 -6.562439e-01 1.915230e+01 3.341592e-01 9.342693e-01 1.244128e-01 1.183761e-02 6.541742e-01 -1.348730e-01 -7.442213e-01 1.128376e+02
5.547864e-01 9.493614e-02 8.265586e-01 1.947404e+01 -9.066857e-02 9.944504e-01 -5.336293e-02 6.849286e-03 -8.270376e-01 -4.533786e-02 5.603153e-01 1.133528e+02
-2.956485e-01 1.029236e-01 -9.497361e-01 1.957461e+01 -2.140451e-02 9.932158e-01 1.142986e-01 5.613345e-03 9.550570e-01 5.412085e-02 -2.914398e-01 1.138392e+02
3.732009e-01 -2.084154e-01 9.040377e-01 1.962657e+01 8.436118e-02 9.780270e-01 1.906471e-01 9.060434e-03 -9.239071e-01 5.116007e-03 3.825827e-01 1.146610e+02
-3.163473e-01 3.166897e-01 -8.942215e-01 1.955683e+01 -1.696716e-01 9.085433e-01 3.817862e-01 2.915445e-02 9.333466e-01 2.725010e-01 -2.336819e-01 1.160414e+02
3.599088e-01 -3.385352e-01 8.694018e-01 1.957138e+01 3.700309e-01 9.072188e-01 2.000779e-01 3.347519e-02 -8.564711e-01 2.496958e-01 4.517845e-01 1.168336e+02
1.133997e-01 4.812569e-01 -8.692136e-01 1.964388e+01 -2.774358e-01 8.553952e-01 4.374111e-01 3.070912e-02 9.540282e-01 1.915487e-01 2.305194e-01 1.173669e+02
2.364964e-01 -3.977485e-01 8.864906e-01 1.974456e+01 4.808777e-01 8.407111e-01 2.489205e-01 3.294370e-02 -8.442903e-01 3.674247e-01 3.900936e-01 1.182240e+02
-2.653842e-01 6.251477e-01 -7.340038e-01 1.997569e+01 -1.885714e-01 7.129438e-01 6.753903e-01 2.817770e-02 9.455221e-01 3.176500e-01 -7.131899e-02 1.188517e+02
5.640081e-02 -3.063130e-01 9.502585e-01 1.976562e+01 6.910293e-01 6.989399e-01 1.842865e-01 4.461711e-02 -7.206230e-01 6.462626e-01 2.510921e-01 1.196177e+02
2.349117e-01 7.052165e-01 -6.689440e-01 1.948450e+01 -3.508462e-01 7.033252e-01 6.182560e-01 6.271552e-02 9.064896e-01 8.946087e-02 4.126419e-01 1.203267e+02
5.343578e-02 -3.735588e-01 9.260661e-01 1.933851e+01 7.260767e-01 6.512030e-01 2.207878e-01 6.906981e-02 -6.855343e-01 6.605971e-01 3.060299e-01 1.207735e+02
-1.890592e-01 7.908790e-01 -5.820370e-01 1.935209e+01 -1.571360e-01 5.607218e-01 8.129571e-01 6.873665e-02 9.693116e-01 2.451560e-01 1.826590e-02 1.211664e+02
5.267541e-01 -2.623496e-01 8.085189e-01 1.924579e+01 7.161622e-01 6.493333e-01 -2.558865e-01 7.656393e-02 -4.578666e-01 7.138200e-01 5.299238e-01 1.216584e+02
5.688183e-02 8.594180e-01 -5.080995e-01 1.942382e+01 2.428542e-01 4.817270e-01 8.419982e-01 7.558119e-02 9.683937e-01 -1.712885e-01 -1.813117e-01 1.223718e+02
6.337376e-01 1.156765e-01 7.648500e-01 1.952013e+01 5.377973e-01 6.448139e-01 -5.431290e-01 7.766107e-02 -5.560132e-01 7.555356e-01 3.464323e-01 1.231568e+02
4.620070e-01 6.646219e-01 -5.872200e-01 1.969803e+01 2.718944e-01 5.240936e-01 8.070931e-01 7.528199e-02 8.441700e-01 -5.325445e-01 6.142793e-02 1.239536e+02
6.781227e-01 1.998420e-01 7.072572e-01 1.989659e+01 4.598944e-01 6.352513e-01 -6.204458e-01 7.285109e-02 -5.732772e-01 7.460020e-01 3.388721e-01 1.245549e+02
3.783154e-01 5.814104e-01 -7.203051e-01 2.003555e+01 4.626160e-01 5.552445e-01 6.911512e-01 7.169692e-02 8.017880e-01 -5.946977e-01 -5.891225e-02 1.250736e+02
3.158184e-01 3.745402e-01 8.717674e-01 1.988500e+01 6.778626e-01 5.538217e-01 -4.835120e-01 8.564057e-02 -6.638983e-01 7.436405e-01 -7.897974e-02 1.258466e+02
2.695950e-01 6.989133e-01 -6.624490e-01 1.986269e+01 4.714860e-01 5.040222e-01 7.236453e-01 9.061418e-02 8.396544e-01 -5.074266e-01 -1.936460e-01 1.261668e+02
4.646718e-01 4.025071e-01 7.887130e-01 1.989844e+01 5.899623e-01 5.234941e-01 -6.147344e-01 9.338758e-02 -6.603215e-01 7.509607e-01 5.788925e-03 1.264750e+02
3.956815e-01 6.619314e-01 -6.366183e-01 2.003017e+01 4.887759e-01 4.350833e-01 7.561750e-01 9.637599e-02 7.775180e-01 -6.103682e-01 -1.513817e-01 1.271943e+02
5.279799e-01 4.124230e-01 7.423911e-01 2.004597e+01 5.675549e-01 4.789355e-01 -6.697031e-01 1.010755e-01 -6.317584e-01 7.749374e-01 1.879561e-02 1.276911e+02
7.463221e-01 5.394353e-01 -3.898883e-01 2.017446e+01 1.433064e-01 4.418100e-01 8.855886e-01 9.778525e-02 6.499743e-01 -7.168079e-01 2.524280e-01 1.282318e+02
5.013604e-01 9.441987e-02 8.600713e-01 2.074975e+01 7.373034e-01 4.735689e-01 -4.817845e-01 7.287499e-02 -4.527930e-01 8.756811e-01 1.678126e-01 1.285082e+02
7.026297e-01 7.112891e-01 -1.947502e-02 2.232262e+01 -4.935668e-01 5.069076e-01 7.067082e-01 1.920543e-02 5.125459e-01 -4.869420e-01 7.072371e-01 1.282140e+02
5.354324e-01 -4.706484e-01 7.012861e-01 2.390841e+01 8.116254e-01 5.164097e-01 -2.731028e-01 -3.202199e-02 -2.336156e-01 7.154097e-01 6.584927e-01 1.278270e+02
2.918677e-01 8.958710e-01 -3.350051e-01 2.426310e+01 -6.876379e-02 3.690036e-01 9.268807e-01 -4.740806e-02 9.539836e-01 -2.474903e-01 1.693037e-01 1.281701e+02
2.073612e-01 -1.646235e-01 9.643135e-01 2.424675e+01 9.246683e-01 3.547818e-01 -1.382693e-01 -4.533419e-02 -3.193585e-01 9.203418e-01 2.257901e-01 1.288209e+02
2.294340e-01 9.370302e-01 -2.633145e-01 2.410072e+01 -1.304806e-01 2.976995e-01 9.457007e-01 -3.457126e-02 9.645387e-01 -1.826185e-01 1.905667e-01 1.294391e+02
1.209104e-01 -1.856239e-01 9.751536e-01 2.430634e+01 9.579137e-01 2.794660e-01 -6.557546e-02 -4.008060e-02 -2.603499e-01 9.420417e-01 2.116020e-01 1.298139e+02
8.559614e-02 9.780467e-01 -1.899947e-01 2.479703e+01 -1.606337e-01 2.017469e-01 9.661755e-01 -5.870402e-02 9.832955e-01 -5.218135e-02 1.743760e-01 1.300399e+02
-7.887568e-02 -1.908448e-01 9.784462e-01 2.578423e+01 9.658295e-01 2.284459e-01 1.224167e-01 -9.573775e-02 -2.468846e-01 9.546679e-01 1.663047e-01 1.299208e+02
-1.597147e-01 9.739349e-01 -1.610652e-01 2.643993e+01 -3.365232e-02 1.576931e-01 9.869146e-01 -1.208156e-01 9.865894e-01 1.630450e-01 7.589268e-03 1.299231e+02
3.011500e-01 -1.499159e-01 9.417186e-01 2.675813e+01 9.384112e-01 2.220199e-01 -2.647481e-01 -1.288189e-01 -1.693903e-01 9.634482e-01 2.075441e-01 1.302147e+02
1.204668e-01 9.796536e-01 -1.605198e-01 2.668933e+01 4.498313e-01 9.027516e-02 8.885394e-01 -1.191235e-01 8.849517e-01 -1.792463e-01 -4.298037e-01 1.308063e+02
6.008810e-01 3.833377e-01 7.014230e-01 2.650702e+01 6.901437e-01 1.939295e-01 -6.972038e-01 -1.077213e-01 -4.032911e-01 9.030191e-01 -1.480295e-01 1.312545e+02
5.507915e-01 7.280142e-01 -4.081961e-01 2.644424e+01 5.119818e-01 9.154597e-02 8.541042e-01 -1.005868e-01 6.591687e-01 -6.794223e-01 -3.223072e-01 1.319240e+02
6.395938e-01 4.429247e-01 6.282814e-01 2.626924e+01 6.380979e-01 1.498550e-01 -7.552315e-01 -8.623510e-02 -4.286618e-01 8.839464e-01 -1.867830e-01 1.326741e+02
5.544067e-01 6.850784e-01 -4.725471e-01 2.624056e+01 5.994206e-01 6.519448e-02 7.977748e-01 -7.913902e-02 5.773457e-01 -7.255462e-01 -3.745059e-01 1.333226e+02
6.589971e-01 5.424463e-01 5.210325e-01 2.621446e+01 5.358223e-01 1.475674e-01 -8.313353e-01 -7.178774e-02 -5.278422e-01 8.270283e-01 -1.934083e-01 1.339572e+02
-1.221287e-01 6.916913e-01 -7.117919e-01 2.663541e+01 9.767632e-01 2.110207e-01 3.746933e-02 -8.515126e-02 1.761201e-01 -6.906760e-01 -7.013903e-01 1.340054e+02
1.511224e-01 9.047138e-01 3.983153e-01 2.709201e+01 -6.716129e-01 3.896315e-01 -6.301773e-01 -9.899017e-02 -7.253262e-01 -1.722798e-01 6.664995e-01 1.340197e+02
-5.902992e-01 -5.694732e-01 -5.720551e-01 2.748491e+01 1.553013e-01 6.153372e-01 -7.728141e-01 -1.098822e-01 7.921038e-01 -5.450325e-01 -2.747931e-01 1.343084e+02
-2.423199e-01 3.856061e-02 9.694298e-01 2.786806e+01 -7.585293e-01 6.154683e-01 -2.140841e-01 -1.242409e-01 -6.049085e-01 -7.872178e-01 -1.198908e-01 1.344655e+02
-5.538985e-01 -7.411315e-01 -3.793686e-01 2.774473e+01 -5.048969e-01 6.613091e-01 -5.547517e-01 -1.190593e-01 6.620239e-01 -1.157341e-01 -7.404931e-01 1.345772e+02
2.877440e-01 -6.256184e-01 7.251241e-01 2.787999e+01 -5.326530e-01 5.246946e-01 6.640605e-01 -1.237709e-01 -7.959172e-01 -5.773190e-01 -1.822598e-01 1.346226e+02
-5.289273e-01 -4.349027e-01 -7.287631e-01 2.807076e+01 -8.358811e-01 4.154652e-01 3.587359e-01 -1.323404e-01 1.467605e-01 7.989045e-01 -5.832778e-01 1.345960e+02
-1.343123e-01 -9.179923e-01 3.731627e-01 2.808403e+01 3.813700e-01 2.996837e-01 8.744979e-01 -1.352975e-01 -9.146131e-01 2.597689e-01 3.098435e-01 1.346339e+02
-8.853414e-01 3.855725e-01 -2.598162e-01 2.846400e+01 -2.409485e-01 9.742916e-02 9.656352e-01 -1.530229e-01 3.976361e-01 9.175192e-01 6.645052e-03 1.344855e+02
-6.462077e-01 -3.270426e-01 6.895352e-01 2.945905e+01 7.011321e-01 1.023945e-01 7.056410e-01 -1.877449e-01 -3.013792e-01 9.394459e-01 1.631320e-01 1.340176e+02
-6.698214e-01 6.600786e-01 -3.400522e-01 3.124013e+01 -3.861071e-01 8.155303e-02 9.188419e-01 -2.411472e-01 6.342402e-01 7.467565e-01 2.002351e-01 1.334058e+02
