9.999844e-01 2.244957e-03 -5.112954e-03 2.561718e-01 -2.242124e-03 9.999973e-01 5.597780e-04 -3.795095e-02 5.114197e-03 -5.483061e-04 9.999868e-01 1.217297e+00
9.999998e-01 -4.009096e-04 -4.548158e-04 4.346912e-01 4.009202e-04 9.999999e-01 2.334025e-05 -6.749978e-02 4.548067e-04 -2.352188e-05 9.999999e-01 2.165791e+00
9.999861e-01 1.817623e-03 -4.944496e-03 5.514973e-01 -1.813877e-03 9.999981e-01 7.619704e-04 -9.042866e-02 4.945871e-03 -7.529918e-04 9.999875e-01 2.883217e+00
9.999984e-01 -7.162658e-04 -1.647693e-03 8.775041e-01 7.166433e-04 9.999997e-01 2.285300e-04 -1.170943e-01 1.647529e-03 -2.297097e-04 9.999986e-01 3.392394e+00
9.999885e-01 2.292759e-03 -4.210377e-03 1.077122e+00 -2.290870e-03 9.999973e-01 4.533904e-04 -1.454305e-01 4.211404e-03 -4.437404e-04 9.999910e-01 4.167772e+00
9.999997e-01 -4.619598e-04 -6.490570e-04 1.205714e+00 4.619992e-04 9.999999e-01 6.046573e-05 -1.749722e-01 6.490294e-04 -6.076486e-05 9.999998e-01 5.157201e+00
9.999838e-01 1.541073e-03 -5.481398e-03 1.603192e+00 -1.534455e-03 9.999981e-01 1.211429e-03 -2.096528e-01 5.483254e-03 -1.202999e-03 9.999842e-01 5.751188e+00
9.999984e-01 -9.445869e-04 -1.541327e-03 2.241984e+00 9.445805e-04 9.999996e-01 -4.876093e-06 -2.350623e-01 1.541331e-03 3.420892e-06 9.999988e-01 5.766956e+00
9.999788e-01 1.656251e-03 -6.302834e-03 3.062198e+00 -1.649031e-03 9.999980e-01 1.150589e-03 -2.676124e-01 6.304726e-03 -1.140172e-03 9.999795e-01 5.823440e+00
9.999994e-01 -4.781412e-04 -9.444088e-04 3.604270e+00 4.778446e-04 9.999998e-01 -3.143355e-04 -2.977434e-01 9.445593e-04 3.138848e-04 9.999995e-01 6.238439e+00
9.999872e-01 8.599606e-04 -4.989531e-03 4.067286e+00 -8.513735e-04 9.999982e-01 1.722904e-03 -3.151467e-01 4.991003e-03 -1.718635e-03 9.999861e-01 5.984906e+00
9.999995e-01 -7.183233e-04 -7.508797e-04 4.954269e+00 7.171376e-04 9.999985e-01 -1.578207e-03 -3.178981e-01 7.520126e-04 1.577669e-03 9.999985e-01 4.791542e+00
9.999920e-01 8.121312e-04 -3.919411e-03 5.427814e+00 -8.064876e-04 9.999986e-01 1.441309e-03 -3.289743e-01 3.920576e-03 -1.438137e-03 9.999913e-01 4.190045e+00
9.999980e-01 2.434950e-04 -1.980489e-03 5.724782e+00 -2.442113e-04 9.999999e-01 -3.614952e-04 -3.513691e-01 1.980401e-03 3.619788e-04 9.999980e-01 4.623016e+00
9.999951e-01 5.369843e-04 -3.097656e-03 5.829129e+00 -5.354576e-04 9.999997e-01 4.936776e-04 -3.597480e-01 3.097920e-03 -4.920172e-04 9.999951e-01 4.667266e+00
9.999909e-01 -7.492402e-05 -4.274186e-03 7.147791e+00 7.301265e-05 9.999999e-01 -4.473563e-04 -3.711158e-01 4.274219e-03 4.470408e-04 9.999908e-01 3.504968e+00
9.999900e-01 5.599996e-04 -4.428047e-03 1.012447e+01 -5.644736e-04 9.999993e-01 -1.009172e-03 -3.455899e-01 4.427478e-03 1.011661e-03 9.999897e-01 -2.003445e-01
9.999935e-01 -3.893039e-04 -3.598146e-03 1.284426e+01 3.853200e-04 9.999993e-01 -1.107845e-03 -3.187662e-01 3.598575e-03 1.106452e-03 9.999929e-01 -3.806638e+00
9.999964e-01 1.335697e-04 -2.682303e-03 1.554915e+01 -1.374678e-04 9.999989e-01 -1.453100e-03 -2.792881e-01 2.682106e-03 1.453463e-03 9.999953e-01 -8.335099e+00
9.999964e-01 -5.900366e-04 -2.621999e-03 1.822729e+01 5.852544e-04 9.999982e-01 -1.824282e-03 -2.363244e-01 2.623071e-03 1.822741e-03 9.999949e-01 -1.295298e+01
9.999959e-01 3.152415e-04 -2.859791e-03 2.112132e+01 -3.184178e-04 9.999993e-01 -1.110251e-03 -1.901357e-01 2.859438e-03 1.111156e-03 9.999953e-01 -1.789245e+01
9.999993e-01 -8.411738e-04 -8.638818e-04 2.313529e+01 8.387081e-04 9.999956e-01 -2.850679e-03 -1.533130e-01 8.662762e-04 2.849953e-03 9.999956e-01 -2.184363e+01
9.999764e-01 9.181248e-04 -6.804800e-03 2.496913e+01 -9.042728e-04 9.999975e-01 2.038432e-03 -1.469110e-01 6.806654e-03 -2.032231e-03 9.999748e-01 -2.430916e+01
9.999961e-01 -1.608844e-03 2.292075e-03 2.673061e+01 1.620572e-03 9.999856e-01 -5.123997e-03 -1.147439e-01 -2.283798e-03 5.127692e-03 9.999842e-01 -2.790555e+01
9.999668e-01 1.246105e-03 -8.054712e-03 2.938275e+01 -1.222366e-03 9.999949e-01 2.951392e-03 -7.522095e-02 8.058348e-03 -2.941449e-03 9.999632e-01 -3.234785e+01
9.999983e-01 -9.855766e-04 1.536188e-03 3.371481e+01 9.947972e-04 9.999814e-01 -6.013041e-03 -1.697038e-02 -1.530232e-03 6.014560e-03 9.999807e-01 -3.860017e+01
9.999836e-01 5.131682e-04 -5.700648e-03 3.764356e+01 -5.071824e-04 9.999993e-01 1.051431e-03 5.190086e-02 5.701184e-03 -1.048523e-03 9.999832e-01 -4.532732e+01
9.999935e-01 -1.427784e-03 3.317257e-03 4.115691e+01 1.446305e-03 9.999833e-01 -5.587469e-03 1.159368e-01 -3.309224e-03 5.592231e-03 9.999789e-01 -5.168563e+01
9.999813e-01 7.677390e-04 -6.059000e-03 4.367576e+01 -7.580259e-04 9.999984e-01 1.605245e-03 1.638567e-01 6.060223e-03 -1.600622e-03 9.999804e-01 -5.644259e+01
9.999862e-01 -1.881775e-03 4.913952e-03 4.600091e+01 1.916233e-03 9.999735e-01 -7.017119e-03 2.267735e-01 -4.900617e-03 7.026439e-03 9.999633e-01 -6.206916e+01
9.999850e-01 -3.405439e-05 -5.484787e-03 4.804787e+01 3.753433e-05 9.999998e-01 6.343854e-04 2.934228e-01 5.484763e-03 -6.345825e-04 9.999848e-01 -6.778449e+01
9.999659e-01 -2.446974e-03 7.890431e-03 4.901450e+01 2.505767e-03 9.999691e-01 -7.449937e-03 3.702919e-01 -7.871957e-03 7.469455e-03 9.999411e-01 -7.348839e+01
9.999844e-01 1.936597e-04 -5.580846e-03 5.000342e+01 -1.907057e-04 9.999998e-01 5.298454e-04 4.386418e-01 5.580947e-03 -5.287735e-04 9.999843e-01 -7.879489e+01
9.999687e-01 -2.360599e-03 7.545682e-03 5.112130e+01 2.413263e-03 9.999727e-01 -6.977892e-03 5.111980e-01 -7.529004e-03 6.995884e-03 9.999472e-01 -8.428463e+01
9.999920e-01 -1.302286e-05 -4.005382e-03 5.093207e+01 1.143777e-05 9.999999e-01 -3.957392e-04 5.900274e-01 4.005386e-03 3.956895e-04 9.999919e-01 -8.893326e+01
9.999790e-01 -2.774939e-03 5.849964e-03 4.928832e+01 2.815706e-03 9.999717e-01 -6.971994e-03 6.861237e-01 -5.830452e-03 6.988320e-03 9.999586e-01 -9.262773e+01
9.999938e-01 1.210924e-04 -3.521914e-03 4.982909e+01 -1.228822e-04 9.999999e-01 -5.079369e-04 7.675032e-01 3.521852e-03 5.083658e-04 9.999937e-01 -9.793269e+01
9.999862e-01 -2.760518e-03 4.476777e-03 5.002481e+01 2.787277e-03 9.999782e-01 -5.982005e-03 8.475839e-01 -4.460166e-03 5.994401e-03 9.999721e-01 -1.024478e+02
9.999630e-01 1.380435e-03 -8.487774e-03 5.265800e+01 -1.369394e-03 9.999982e-01 1.306502e-03 9.034707e-01 8.489562e-03 -1.294831e-03 9.999631e-01 -1.078821e+02
9.999485e-01 -3.572673e-03 9.494179e-03 5.431236e+01 3.655622e-03 9.999552e-01 -8.733883e-03 9.801341e-01 -9.462550e-03 8.768142e-03 9.999168e-01 -1.140727e+02
9.999596e-01 1.627092e-03 -8.836894e-03 5.581804e+01 -1.612397e-03 9.999973e-01 1.669852e-03 1.047778e+00 8.839587e-03 -1.655537e-03 9.999596e-01 -1.197189e+02
9.999637e-01 -3.318859e-03 7.845616e-03 5.719433e+01 3.379854e-03 9.999641e-01 -7.773975e-03 1.118251e+00 -7.819533e-03 7.800211e-03 9.999390e-01 -1.250880e+02
9.999906e-01 2.771592e-04 -4.321759e-03 5.663020e+01 -2.781550e-04 9.999999e-01 -2.298018e-04 1.221344e+00 4.321695e-03 2.310011e-04 9.999906e-01 -1.305472e+02
9.999703e-01 -3.643122e-03 6.795710e-03 5.548328e+01 3.701049e-03 9.999568e-01 -8.530977e-03 1.339199e+00 -6.764337e-03 8.555875e-03 9.999405e-01 -1.354760e+02
9.999891e-01 8.612121e-04 -4.579465e-03 5.312576e+01 -8.600028e-04 9.999996e-01 2.660392e-04 1.468933e+00 4.579692e-03 -2.620987e-04 9.999895e-01 -1.389878e+02
9.999955e-01 -2.202744e-03 2.023879e-03 5.093575e+01 2.213212e-03 9.999841e-01 -5.184686e-03 1.566383e+00 -2.012426e-03 5.189143e-03 9.999845e-01 -1.406117e+02
9.999978e-01 -1.622429e-03 -1.335463e-03 4.708440e+01 1.615385e-03 9.999849e-01 -5.258935e-03 1.725716e+00 1.343975e-03 5.256765e-03 9.999853e-01 -1.444578e+02
9.999863e-01 -1.776430e-03 4.923105e-03 4.423951e+01 1.800167e-03 9.999868e-01 -4.821447e-03 1.884510e+00 -4.914475e-03 4.830244e-03 9.999763e-01 -1.487999e+02
9.999568e-01 2.501302e-03 -8.955618e-03 4.304498e+01 -2.472305e-03 9.999917e-01 3.247485e-03 1.928903e+00 8.963666e-03 -3.225204e-03 9.999546e-01 -1.483471e+02
9.999520e-01 -5.080946e-03 8.376930e-03 4.162935e+01 5.159664e-03 9.999425e-01 -9.402332e-03 2.019492e+00 -8.328675e-03 9.445103e-03 9.999207e-01 -1.521308e+02
9.999357e-01 4.023796e-03 -1.060119e-02 4.028918e+01 -3.960956e-03 9.999745e-01 5.941952e-03 2.076794e+00 1.062483e-02 -5.899579e-03 9.999262e-01 -1.535482e+02
9.999897e-01 -3.210675e-03 3.195261e-03 4.079717e+01 3.224388e-03 9.999856e-01 -4.295703e-03 2.051671e+00 -3.181423e-03 4.305963e-03 9.999857e-01 -1.533058e+02
9.999460e-01 3.800703e-03 -9.672149e-03 4.114834e+01 -3.752078e-03 9.999803e-01 5.040496e-03 2.046784e+00 9.691115e-03 -5.003934e-03 9.999405e-01 -1.537727e+02
9.999874e-01 -3.336158e-03 3.760529e-03 4.146850e+01 3.353757e-03 9.999834e-01 -4.683236e-03 2.040338e+00 -3.744842e-03 4.695789e-03 9.999820e-01 -1.541856e+02
9.999453e-01 4.198052e-03 -9.583603e-03 4.148772e+01 -4.145099e-03 9.999761e-01 5.538566e-03 2.029158e+00 9.606624e-03 -5.498539e-03 9.999387e-01 -1.538128e+02
9.999837e-01 -2.355296e-03 5.203943e-03 4.160786e+01 2.382033e-03 9.999840e-01 -5.137431e-03 1.998668e+00 -5.191759e-03 5.149743e-03 9.999733e-01 -1.527461e+02
9.999405e-01 4.225305e-03 -1.005729e-02 4.176602e+01 -4.164653e-03 9.999731e-01 6.044058e-03 1.964160e+00 1.008256e-02 -6.001814e-03 9.999312e-01 -1.516787e+02
9.999805e-01 -3.023337e-03 5.469389e-03 4.165110e+01 3.053444e-03 9.999802e-01 -5.504624e-03 1.956131e+00 -5.452638e-03 5.521218e-03 9.999699e-01 -1.510171e+02
9.999323e-01 4.013975e-03 -1.091918e-02 4.155697e+01 -3.945317e-03 9.999724e-01 6.302164e-03 1.950070e+00 1.094418e-02 -6.258658e-03 9.999205e-01 -1.504669e+02
9.999828e-01 -3.580630e-03 4.635816e-03 4.134703e+01 3.608217e-03 9.999758e-01 -5.956313e-03 1.960418e+00 -4.614376e-03 5.972938e-03 9.999715e-01 -1.505775e+02
9.999451e-01 3.682284e-03 -9.811775e-03 4.082096e+01 -3.632358e-03 9.999804e-01 5.101395e-03 1.988458e+00 9.830367e-03 -5.065476e-03 9.999389e-01 -1.511484e+02
9.999795e-01 -3.747188e-03 5.201080e-03 3.988964e+01 3.781986e-03 9.999704e-01 -6.697057e-03 2.033065e+00 -5.175831e-03 6.716590e-03 9.999640e-01 -1.518206e+02
9.999421e-01 3.839232e-03 -1.005449e-02 3.952031e+01 -3.780736e-03 9.999759e-01 5.830458e-03 2.057747e+00 1.007663e-02 -5.792108e-03 9.999325e-01 -1.525120e+02
9.999784e-01 -3.681657e-03 5.444144e-03 3.936939e+01 3.718421e-03 9.999702e-01 -6.758308e-03 2.076493e+00 -5.419099e-03 6.778406e-03 9.999623e-01 -1.534437e+02
9.999415e-01 3.726145e-03 -1.015801e-02 3.908116e+01 -3.668180e-03 9.999769e-01 5.719030e-03 2.096490e+00 1.017908e-02 -5.681435e-03 9.999321e-01 -1.542830e+02
9.999886e-01 -3.131144e-03 3.593927e-03 3.926033e+01 3.150878e-03 9.999799e-01 -5.498444e-03 2.102956e+00 -3.576638e-03 5.509707e-03 9.999784e-01 -1.548135e+02
9.999559e-01 3.637613e-03 -8.661749e-03 3.953016e+01 -3.592365e-03 9.999799e-01 5.233753e-03 2.112115e+00 8.680612e-03 -5.202407e-03 9.999488e-01 -1.558673e+02
9.999793e-01 -3.714211e-03 5.256093e-03 3.934284e+01 3.750196e-03 9.999695e-01 -6.853121e-03 2.130558e+00 -5.230479e-03 6.872691e-03 9.999627e-01 -1.571134e+02
9.999559e-01 3.708338e-03 -8.626206e-03 3.921286e+01 -3.662595e-03 9.999792e-01 5.312541e-03 2.149516e+00 8.645726e-03 -5.280713e-03 9.999487e-01 -1.584206e+02
9.999831e-01 -3.380362e-03 4.734299e-03 3.946147e+01 3.409737e-03 9.999749e-01 -6.210411e-03 2.159372e+00 -4.713187e-03 6.226449e-03 9.999695e-01 -1.595433e+02
9.999485e-01 3.928397e-03 -9.358942e-03 3.975420e+01 -3.876905e-03 9.999773e-01 5.513702e-03 2.171450e+00 9.380389e-03 -5.477135e-03 9.999410e-01 -1.607829e+02
9.999664e-01 -3.926491e-03 7.195881e-03 3.974747e+01 3.980158e-03 9.999643e-01 -7.458872e-03 2.189210e+00 -7.166336e-03 7.487263e-03 9.999463e-01 -1.624000e+02
9.999493e-01 3.847639e-03 -9.310387e-03 3.968909e+01 -3.795547e-03 9.999771e-01 5.606209e-03 2.204208e+00 9.331744e-03 -5.570587e-03 9.999409e-01 -1.638601e+02
9.999671e-01 -3.809142e-03 7.168098e-03 3.962524e+01 3.861908e-03 9.999654e-01 -7.361773e-03 2.218328e+00 -7.139808e-03 7.389214e-03 9.999472e-01 -1.653368e+02
9.999427e-01 3.873008e-03 -9.979940e-03 3.967672e+01 -3.814062e-03 9.999752e-01 5.918799e-03 2.231629e+00 1.000262e-02 -5.880397e-03 9.999327e-01 -1.666734e+02
9.999706e-01 -3.610443e-03 6.770220e-03 3.976340e+01 3.658665e-03 9.999679e-01 -7.123803e-03 2.243662e+00 -6.744283e-03 7.148364e-03 9.999517e-01 -1.679681e+02
9.999472e-01 3.647608e-03 -9.607373e-03 3.975860e+01 -3.593873e-03 9.999778e-01 5.604482e-03 2.257397e+00 9.627603e-03 -5.569659e-03 9.999381e-01 -1.693041e+02
9.999698e-01 -3.464348e-03 6.959594e-03 3.975241e+01 3.514938e-03 9.999674e-01 -7.270081e-03 2.273065e+00 -6.934181e-03 7.294324e-03 9.999494e-01 -1.707811e+02
9.999548e-01 3.483849e-03 -8.845770e-03 3.981623e+01 -3.436273e-03 9.999796e-01 5.387854e-03 2.289743e+00 8.864359e-03 -5.357215e-03 9.999464e-01 -1.723931e+02
9.999824e-01 -3.133445e-03 5.041881e-03 4.002489e+01 3.164959e-03 9.999754e-01 -6.254703e-03 2.300292e+00 -5.022158e-03 6.270550e-03 9.999677e-01 -1.735511e+02
9.999460e-01 3.597133e-03 -9.753579e-03 4.023080e+01 -3.542994e-03 9.999783e-01 5.562362e-03 2.310898e+00 9.773375e-03 -5.527505e-03 9.999370e-01 -1.746056e+02
9.999808e-01 -3.359601e-03 5.200658e-03 4.007936e+01 3.393353e-03 9.999732e-01 -6.494868e-03 2.330606e+00 -5.178698e-03 6.512392e-03 9.999654e-01 -1.754855e+02
9.999440e-01 3.590703e-03 -9.957833e-03 3.964661e+01 -3.530254e-03 9.999753e-01 6.081455e-03 2.353352e+00 9.979424e-03 -6.045962e-03 9.999319e-01 -1.757408e+02
9.999838e-01 -3.266759e-03 4.662747e-03 3.934319e+01 3.296489e-03 9.999742e-01 -6.382673e-03 2.373612e+00 -4.641776e-03 6.397941e-03 9.999688e-01 -1.761800e+02
9.999493e-01 3.406310e-03 -9.478870e-03 3.872992e+01 -3.353316e-03 9.999787e-01 5.600980e-03 2.402632e+00 9.497746e-03 -5.568911e-03 9.999394e-01 -1.764963e+02
9.999861e-01 -3.046780e-03 4.297741e-03 3.852924e+01 3.072996e-03 9.999766e-01 -6.106749e-03 2.420871e+00 -4.279035e-03 6.119872e-03 9.999721e-01 -1.771708e+02
9.999523e-01 3.297129e-03 -9.194563e-03 3.852887e+01 -3.244349e-03 9.999782e-01 5.749397e-03 2.431022e+00 9.213319e-03 -5.719293e-03 9.999412e-01 -1.778570e+02
9.999873e-01 -3.043974e-03 4.013544e-03 3.823425e+01 3.068764e-03 9.999762e-01 -6.184829e-03 2.450368e+00 -3.994622e-03 6.197068e-03 9.999728e-01 -1.783476e+02
9.999506e-01 3.329067e-03 -9.370507e-03 3.788404e+01 -3.274992e-03 9.999779e-01 5.780187e-03 2.473407e+00 9.389543e-03 -5.749214e-03 9.999394e-01 -1.787734e+02
9.999864e-01 -3.026398e-03 4.254228e-03 3.757028e+01 3.052930e-03 9.999758e-01 -6.243902e-03 2.493704e+00 -4.235229e-03 6.256805e-03 9.999715e-01 -1.791624e+02
9.999405e-01 3.473697e-03 -1.034120e-02 3.744787e+01 -3.407399e-03 9.999736e-01 6.421773e-03 2.508399e+00 1.036323e-02 -6.386155e-03 9.999259e-01 -1.794386e+02
9.999846e-01 -2.967409e-03 4.683780e-03 3.738410e+01 2.996687e-03 9.999759e-01 -6.256299e-03 2.519704e+00 -4.665102e-03 6.270239e-03 9.999695e-01 -1.796297e+02
9.999475e-01 3.924270e-03 -9.470637e-03 3.731673e+01 -3.858286e-03 9.999682e-01 6.975538e-03 2.513940e+00 9.497709e-03 -6.938631e-03 9.999308e-01 -1.791248e+02
9.999910e-01 -2.899421e-03 3.108286e-03 3.741976e+01 2.917444e-03 9.999789e-01 -5.809357e-03 2.501588e+00 -3.091377e-03 5.818374e-03 9.999783e-01 -1.786917e+02
9.999524e-01 3.368694e-03 -9.156268e-03 3.706687e+01 -3.311187e-03 9.999747e-01 6.288570e-03 2.519310e+00 9.177221e-03 -6.257953e-03 9.999383e-01 -1.784770e+02
9.999906e-01 -3.098119e-03 3.019920e-03 3.630538e+01 3.118154e-03 9.999730e-01 -6.652242e-03 2.553391e+00 -2.999228e-03 6.661597e-03 9.999733e-01 -1.784280e+02
9.999587e-01 3.392724e-03 -8.436648e-03 3.625562e+01 -3.340128e-03 9.999749e-01 6.240493e-03 2.566168e+00 8.457608e-03 -6.212056e-03 9.999449e-01 -1.791478e+02
9.999912e-01 -3.002691e-03 2.939197e-03 3.657242e+01 3.021509e-03 9.999748e-01 -6.419129e-03 2.570703e+00 -2.919848e-03 6.427954e-03 9.999751e-01 -1.799397e+02
9.999291e-01 3.859133e-03 -1.126343e-02 3.721169e+01 -3.777517e-03 9.999665e-01 7.258450e-03 2.566107e+00 1.129107e-02 -7.215388e-03 9.999102e-01 -1.803537e+02
9.999911e-01 -2.884720e-03 3.086357e-03 3.783281e+01 2.903523e-03 9.999771e-01 -6.105358e-03 2.545788e+00 -3.068674e-03 6.114265e-03 9.999766e-01 -1.803386e+02
9.999535e-01 3.628752e-03 -8.938737e-03 3.777985e+01 -3.567575e-03 9.999702e-01 6.850461e-03 2.544230e+00 8.963329e-03 -6.818254e-03 9.999366e-01 -1.799853e+02
9.999908e-01 -3.163337e-03 2.895380e-03 3.787803e+01 3.182737e-03 9.999724e-01 -6.720413e-03 2.552947e+00 -2.874040e-03 6.729567e-03 9.999732e-01 -1.804662e+02
9.999308e-01 3.873231e-03 -1.111212e-02 3.852945e+01 -3.787659e-03 9.999631e-01 7.711501e-03 2.549598e+00 1.114157e-02 -7.668879e-03 9.999085e-01 -1.809147e+02
9.999886e-01 -3.084798e-03 3.647271e-03 3.926086e+01 3.110501e-03 9.999702e-01 -7.062721e-03 2.549948e+00 -3.625375e-03 7.073986e-03 9.999684e-01 -1.816816e+02
9.999360e-01 3.518303e-03 -1.074826e-02 3.983186e+01 -3.433842e-03 9.999632e-01 7.866473e-03 2.545428e+00 1.077554e-02 -7.829063e-03 9.999113e-01 -1.821456e+02
9.999947e-01 -2.761405e-03 1.709574e-03 4.080093e+01 2.772523e-03 9.999748e-01 -6.535139e-03 2.521128e+00 -1.691485e-03 6.539845e-03 9.999772e-01 -1.823674e+02
9.999420e-01 3.651202e-03 -1.013679e-02 4.147191e+01 -3.575453e-03 9.999656e-01 7.480813e-03 2.507558e+00 1.016376e-02 -7.444135e-03 9.999206e-01 -1.825590e+02
9.999907e-01 -3.095189e-03 3.018867e-03 4.182609e+01 3.115157e-03 9.999732e-01 -6.632349e-03 2.504933e+00 -2.998257e-03 6.641691e-03 9.999734e-01 -1.828401e+02
9.999364e-01 3.691766e-03 -1.065689e-02 4.256491e+01 -3.610707e-03 9.999645e-01 7.615581e-03 2.499520e+00 1.068462e-02 -7.576618e-03 9.999142e-01 -1.834395e+02
9.999868e-01 -3.256162e-03 3.986170e-03 4.312105e+01 3.283590e-03 9.999708e-01 -6.893614e-03 2.495829e+00 -3.963606e-03 6.906612e-03 9.999683e-01 -1.840444e+02
9.999402e-01 3.955380e-03 -1.019533e-02 4.348955e+01 -3.876352e-03 9.999624e-01 7.759563e-03 2.486579e+00 1.022564e-02 -7.719579e-03 9.999179e-01 -1.840344e+02
9.999909e-01 -3.351352e-03 2.645026e-03 4.431938e+01 3.368646e-03 9.999728e-01 -6.560991e-03 2.472767e+00 -2.622966e-03 6.569842e-03 9.999750e-01 -1.843771e+02
9.999336e-01 3.985565e-03 -1.081304e-02 4.525814e+01 -3.901228e-03 9.999619e-01 7.809473e-03 2.454445e+00 1.084375e-02 -7.766771e-03 9.999110e-01 -1.847346e+02
9.999941e-01 -3.205256e-03 1.274228e-03 4.650565e+01 3.213354e-03 9.999743e-01 -6.404522e-03 2.427503e+00 -1.253666e-03 6.408579e-03 9.999787e-01 -1.850984e+02
9.999527e-01 3.887856e-03 -8.917707e-03 4.737626e+01 -3.820651e-03 9.999643e-01 7.540802e-03 2.423037e+00 8.946706e-03 -7.506375e-03 9.999318e-01 -1.858153e+02
9.999797e-01 -3.891675e-03 5.049289e-03 4.759940e+01 3.930939e-03 9.999619e-01 -7.789610e-03 2.427868e+00 -5.018782e-03 7.809301e-03 9.999569e-01 -1.867818e+02
9.999341e-01 4.176223e-03 -1.069787e-02 4.809229e+01 -4.087655e-03 9.999573e-01 8.287565e-03 2.428047e+00 1.073203e-02 -8.243290e-03 9.999084e-01 -1.875791e+02
9.999888e-01 -3.665213e-03 2.990992e-03 4.891318e+01 3.686785e-03 9.999670e-01 -7.239005e-03 2.420288e+00 -2.964361e-03 7.249952e-03 9.999693e-01 -1.880699e+02
9.999290e-01 4.322301e-03 -1.110082e-02 4.984631e+01 -4.229366e-03 9.999559e-01 8.381799e-03 2.408319e+00 1.113656e-02 -8.334255e-03 9.999033e-01 -1.885696e+02
9.999845e-01 -3.727081e-03 4.139799e-03 5.043340e+01 3.757936e-03 9.999650e-01 -7.470461e-03 2.403609e+00 -4.111810e-03 7.485903e-03 9.999635e-01 -1.891258e+02
9.999246e-01 4.233795e-03 -1.152923e-02 5.111750e+01 -4.135131e-03 9.999547e-01 8.568202e-03 2.393874e+00 1.156498e-02 -8.519882e-03 9.998968e-01 -1.894875e+02
9.999841e-01 -3.615634e-03 4.316970e-03 5.181667e+01 3.647833e-03 9.999654e-01 -7.474029e-03 2.385560e+00 -4.289797e-03 7.489659e-03 9.999628e-01 -1.899931e+02
9.999268e-01 4.140354e-03 -1.136548e-02 5.247609e+01 -4.045348e-03 9.999568e-01 8.369458e-03 2.381506e+00 1.139964e-02 -8.322869e-03 9.999004e-01 -1.906093e+02
9.999778e-01 -3.693747e-03 5.554610e-03 5.258565e+01 3.739601e-03 9.999588e-01 -8.267573e-03 2.383277e+00 -5.523842e-03 8.288162e-03 9.999504e-01 -1.909288e+02
9.999333e-01 4.112476e-03 -1.079109e-02 5.226499e+01 -4.024197e-03 9.999584e-01 8.189690e-03 2.403126e+00 1.082432e-02 -8.145719e-03 9.999082e-01 -1.910302e+02
9.999787e-01 -3.374772e-03 5.590805e-03 5.215231e+01 3.418351e-03 9.999637e-01 -7.803650e-03 2.412365e+00 -5.564267e-03 7.822596e-03 9.999539e-01 -1.909448e+02
9.999313e-01 4.011280e-03 -1.101155e-02 5.227438e+01 -3.919947e-03 9.999578e-01 8.303371e-03 2.412334e+00 1.104440e-02 -8.259637e-03 9.999049e-01 -1.910603e+02
9.999797e-01 -3.329805e-03 5.439651e-03 5.245821e+01 3.370967e-03 9.999656e-01 -7.575394e-03 2.406071e+00 -5.414239e-03 7.593577e-03 9.999565e-01 -1.910587e+02
9.999237e-01 3.842402e-03 -1.174011e-02 5.267806e+01 -3.740644e-03 9.999554e-01 8.677275e-03 2.397990e+00 1.177293e-02 -8.632698e-03 9.998934e-01 -1.912227e+02
9.999776e-01 -3.319946e-03 5.812214e-03 5.297710e+01 3.366506e-03 9.999622e-01 -8.019249e-03 2.394148e+00 -5.785370e-03 8.038637e-03 9.999510e-01 -1.916165e+02
9.999267e-01 3.787390e-03 -1.149989e-02 5.270329e+01 -3.690274e-03 9.999575e-01 8.454451e-03 2.400909e+00 1.153142e-02 -8.411394e-03 9.998981e-01 -1.914859e+02
9.999745e-01 -3.284630e-03 6.335146e-03 5.216555e+01 3.339376e-03 9.999570e-01 -8.650393e-03 2.425759e+00 -6.306460e-03 8.671329e-03 9.999425e-01 -1.914561e+02
9.999298e-01 3.792364e-03 -1.122535e-02 5.162170e+01 -3.699414e-03 9.999588e-01 8.289603e-03 2.452975e+00 1.125633e-02 -8.247494e-03 9.999026e-01 -1.914445e+02
9.999769e-01 -3.324400e-03 5.932605e-03 5.111793e+01 3.373777e-03 9.999596e-01 -8.332373e-03 2.476069e+00 -5.904664e-03 8.352196e-03 9.999477e-01 -1.913917e+02
9.999327e-01 3.745472e-03 -1.098023e-02 5.039584e+01 -3.657057e-03 9.999608e-01 8.061316e-03 2.510140e+00 1.100999e-02 -8.020618e-03 9.999072e-01 -1.911691e+02
9.999778e-01 -3.332506e-03 5.765555e-03 4.954599e+01 3.382204e-03 9.999570e-01 -8.631613e-03 2.549409e+00 -5.736542e-03 8.650922e-03 9.999461e-01 -1.910522e+02
9.999361e-01 3.466334e-03 -1.075803e-02 4.912930e+01 -3.381168e-03 9.999629e-01 7.924659e-03 2.569915e+00 1.078510e-02 -7.887778e-03 9.999107e-01 -1.916961e+02
9.999665e-01 -3.343710e-03 7.474513e-03 4.905017e+01 3.411077e-03 9.999535e-01 -9.018385e-03 2.579679e+00 -7.444010e-03 9.043579e-03 9.999314e-01 -1.928339e+02
9.999304e-01 3.322484e-03 -1.132020e-02 4.886669e+01 -3.232272e-03 9.999630e-01 7.978068e-03 2.591903e+00 1.134629e-02 -7.940924e-03 9.999041e-01 -1.938318e+02
9.999748e-01 -3.091892e-03 6.395839e-03 4.837447e+01 3.146573e-03 9.999584e-01 -8.557106e-03 2.614083e+00 -6.369115e-03 8.577016e-03 9.999429e-01 -1.942505e+02
9.999319e-01 3.234887e-03 -1.120917e-02 4.827723e+01 -3.141681e-03 9.999604e-01 8.322887e-03 2.625582e+00 1.123565e-02 -8.287106e-03 9.999025e-01 -1.948741e+02
9.999836e-01 -2.708312e-03 5.051177e-03 4.865544e+01 2.747672e-03 9.999658e-01 -7.801715e-03 2.626000e+00 -5.029875e-03 7.815466e-03 9.999568e-01 -1.955137e+02
9.999270e-01 3.271247e-03 -1.162921e-02 4.896093e+01 -3.177207e-03 9.999622e-01 8.095835e-03 2.627586e+00 1.165526e-02 -8.058296e-03 9.998996e-01 -1.960318e+02
9.999772e-01 -2.901939e-03 6.100065e-03 4.915972e+01 2.951670e-03 9.999624e-01 -8.159280e-03 2.631595e+00 -6.076158e-03 8.177100e-03 9.999481e-01 -1.968267e+02
9.999447e-01 3.051951e-03 -1.006242e-02 4.920611e+01 -2.977677e-03 9.999683e-01 7.388109e-03 2.640289e+00 1.008465e-02 -7.357739e-03 9.999221e-01 -1.978576e+02
9.999777e-01 -2.875254e-03 6.033906e-03 4.928863e+01 2.922760e-03 9.999647e-01 -7.879188e-03 2.647325e+00 -6.011038e-03 7.896649e-03 9.999508e-01 -1.987684e+02
9.999331e-01 3.125115e-03 -1.113925e-02 4.935537e+01 -3.036628e-03 9.999638e-01 7.951768e-03 2.651016e+00 1.116370e-02 -7.917411e-03 9.999063e-01 -1.994277e+02
9.999671e-01 -2.870448e-03 7.584222e-03 4.955486e+01 2.935681e-03 9.999587e-01 -8.604058e-03 2.660239e+00 -7.559211e-03 8.626041e-03 9.999342e-01 -2.005624e+02
9.999248e-01 3.034716e-03 -1.188099e-02 4.983964e+01 -2.935194e-03 9.999605e-01 8.385102e-03 2.663741e+00 1.190596e-02 -8.349599e-03 9.998943e-01 -2.017922e+02
9.999475e-01 -2.984771e-03 9.807346e-03 5.001649e+01 3.081972e-03 9.999461e-01 -9.910904e-03 2.678505e+00 -9.777236e-03 9.940609e-03 9.999028e-01 -2.032949e+02
9.999100e-01 3.185448e-03 -1.303425e-02 5.016175e+01 -3.068246e-03 9.999548e-01 9.001990e-03 2.688672e+00 1.306234e-02 -8.961188e-03 9.998745e-01 -2.045328e+02
9.999589e-01 -2.965716e-03 8.561933e-03 5.021717e+01 3.046070e-03 9.999513e-01 -9.387214e-03 2.693265e+00 -8.533676e-03 9.412910e-03 9.999193e-01 -2.053050e+02
9.998902e-01 3.388201e-03 -1.442775e-02 5.016157e+01 -3.250520e-03 9.999491e-01 9.555571e-03 2.699606e+00 1.445939e-02 -9.507625e-03 9.998503e-01 -2.056736e+02
9.999546e-01 -2.856987e-03 9.086577e-03 5.017280e+01 2.946957e-03 9.999466e-01 -9.903457e-03 2.706519e+00 -9.057798e-03 9.929786e-03 9.999097e-01 -2.064328e+02
9.998955e-01 3.065239e-03 -1.412450e-02 4.991751e+01 -2.934478e-03 9.999527e-01 9.269254e-03 2.722635e+00 1.415224e-02 -9.226839e-03 9.998573e-01 -2.071205e+02
9.999594e-01 -2.393735e-03 8.692457e-03 5.008159e+01 2.476081e-03 9.999520e-01 -9.474959e-03 2.727018e+00 -8.669359e-03 9.496098e-03 9.999173e-01 -2.079265e+02
9.998878e-01 2.722667e-03 -1.472785e-02 4.995608e+01 -2.579848e-03 9.999496e-01 9.707575e-03 2.730781e+00 1.475354e-02 -9.668491e-03 9.998444e-01 -2.080987e+02
9.999695e-01 -1.874923e-03 7.588154e-03 4.966289e+01 1.944031e-03 9.999566e-01 -9.110275e-03 2.751164e+00 -7.570743e-03 9.124749e-03 9.999297e-01 -2.079227e+02
9.999027e-01 2.591842e-03 -1.370509e-02 4.946793e+01 -2.456083e-03 9.999478e-01 9.913320e-03 2.760534e+00 1.373007e-02 -9.878696e-03 9.998569e-01 -2.075963e+02
9.999570e-01 -8.936829e-04 9.229484e-03 4.854290e+01 9.805445e-04 9.999552e-01 -9.411053e-03 2.821763e+00 -9.220660e-03 9.419699e-03 9.999131e-01 -2.064188e+02
9.998869e-01 3.239780e-03 -1.468322e-02 4.761740e+01 -3.090488e-03 9.999434e-01 1.017886e-02 2.890737e+00 1.471537e-02 -1.013233e-02 9.998404e-01 -2.051895e+02
9.999673e-01 -1.540195e-03 7.936954e-03 4.773153e+01 1.613295e-03 9.999563e-01 -9.211865e-03 2.884306e+00 -7.922418e-03 9.224369e-03 9.999261e-01 -2.044835e+02
9.998998e-01 3.056134e-03 -1.382272e-02 4.749894e+01 -2.917016e-03 9.999450e-01 1.007347e-02 2.897658e+00 1.385274e-02 -1.003214e-02 9.998537e-01 -2.036793e+02
9.999584e-01 -1.470004e-03 9.007565e-03 4.657109e+01 1.556122e-03 9.999531e-01 -9.561034e-03 2.959358e+00 -8.993087e-03 9.574653e-03 9.999137e-01 -2.026448e+02
9.998903e-01 2.891863e-03 -1.452623e-02 4.558671e+01 -2.746099e-03 9.999458e-01 1.004446e-02 3.027792e+00 1.455449e-02 -1.000347e-02 9.998440e-01 -2.017039e+02
9.999552e-01 -1.459645e-03 9.355382e-03 4.477780e+01 1.550119e-03 9.999520e-01 -9.670811e-03 3.078397e+00 -9.340817e-03 9.684880e-03 9.999095e-01 -2.008327e+02
9.998972e-01 2.435111e-03 -1.413019e-02 4.317685e+01 -2.309133e-03 9.999575e-01 8.925041e-03 3.180686e+00 1.415133e-02 -8.891495e-03 9.998603e-01 -1.998151e+02
9.999728e-01 -7.109720e-04 7.337682e-03 4.250496e+01 7.715366e-04 9.999656e-01 -8.254353e-03 3.232929e+00 -7.331561e-03 8.259791e-03 9.999390e-01 -1.991618e+02
9.998595e-01 1.991215e-03 -1.664593e-02 4.315031e+01 -1.834893e-03 9.999541e-01 9.401038e-03 3.204583e+00 1.666389e-02 -9.369174e-03 9.998173e-01 -1.989644e+02
9.999462e-01 -1.192728e-03 1.030218e-02 4.298257e+01 1.280623e-03 9.999628e-01 -8.529319e-03 3.215074e+00 -1.029162e-02 8.542054e-03 9.999106e-01 -1.986625e+02
9.998756e-01 2.498291e-03 -1.557460e-02 4.233730e+01 -2.354543e-03 9.999545e-01 9.241148e-03 3.258510e+00 1.559698e-02 -9.203328e-03 9.998360e-01 -1.978373e+02
9.999610e-01 -1.019062e-03 8.769817e-03 4.224441e+01 1.090066e-03 9.999666e-01 -8.095305e-03 3.282334e+00 -8.761274e-03 8.104550e-03 9.999288e-01 -1.972156e+02
9.998666e-01 2.290760e-03 -1.617493e-02 4.229146e+01 -2.151077e-03 9.999603e-01 8.647918e-03 3.291547e+00 1.619410e-02 -8.611971e-03 9.998318e-01 -1.967103e+02
9.999369e-01 -8.126912e-04 1.120620e-02 4.150960e+01 9.046765e-04 9.999659e-01 -8.205771e-03 3.343189e+00 -1.119915e-02 8.215392e-03 9.999035e-01 -1.957819e+02
9.998666e-01 2.146271e-03 -1.618989e-02 4.055966e+01 -2.010884e-03 9.999629e-01 8.374072e-03 3.405682e+00 1.620726e-02 -8.340400e-03 9.998339e-01 -1.948099e+02
9.999407e-01 -5.351632e-04 1.088035e-02 3.998373e+01 6.199965e-04 9.999694e-01 -7.795022e-03 3.444733e+00 -1.087585e-02 7.801306e-03 9.999104e-01 -1.938663e+02
9.998772e-01 2.088177e-03 -1.553059e-02 3.912696e+01 -1.961067e-03 9.999645e-01 8.195249e-03 3.502163e+00 1.554715e-02 -8.163787e-03 9.998458e-01 -1.928226e+02
9.999499e-01 -5.459364e-04 9.992896e-03 3.843278e+01 6.225607e-04 9.999704e-01 -7.666337e-03 3.549936e+00 -9.988415e-03 7.672175e-03 9.999207e-01 -1.919173e+02
9.998890e-01 2.109821e-03 -1.474599e-02 3.714816e+01 -1.995067e-03 9.999676e-01 7.792450e-03 3.637430e+00 1.476196e-02 -7.762167e-03 9.998609e-01 -1.906899e+02
9.999486e-01 -5.029728e-04 1.012314e-02 3.554865e+01 5.844212e-04 9.999675e-01 -8.044377e-03 3.747830e+00 -1.011877e-02 8.049881e-03 9.999164e-01 -1.893423e+02
9.998670e-01 1.761024e-03 -1.621638e-02 3.430729e+01 -1.634562e-03 9.999682e-01 7.808392e-03 3.832515e+00 1.622961e-02 -7.780848e-03 9.998380e-01 -1.884741e+02
9.999471e-01 -4.906290e-04 1.027684e-02 3.311475e+01 5.715220e-04 9.999689e-01 -7.869889e-03 3.912284e+00 -1.027266e-02 7.875346e-03 9.999162e-01 -1.875374e+02
9.996179e-01 4.275801e-03 -2.730728e-02 3.577043e+01 -4.035068e-03 9.999526e-01 8.864751e-03 3.803628e+00 2.734389e-02 -8.751178e-03 9.995878e-01 -1.867272e+02
9.998166e-01 -2.412983e-03 1.899716e-02 3.618495e+01 2.564855e-03 9.999649e-01 -7.974169e-03 3.783007e+00 -1.897725e-02 8.021432e-03 9.997877e-01 -1.861554e+02
9.996078e-01 3.435821e-03 -2.779274e-02 3.633096e+01 -3.208415e-03 9.999610e-01 8.222657e-03 3.788243e+00 2.781991e-02 -8.130262e-03 9.995799e-01 -1.867303e+02
9.996774e-01 -3.059187e-03 2.521354e-02 3.676151e+01 3.299839e-03 9.999493e-01 -9.508459e-03 3.801755e+00 -2.518317e-02 9.588593e-03 9.996369e-01 -1.881587e+02
9.993805e-01 4.190592e-03 -3.494370e-02 3.838726e+01 -3.801900e-03 9.999302e-01 1.118243e-02 3.762706e+00 3.498812e-02 -1.104265e-02 9.993267e-01 -1.886651e+02
9.997460e-01 -2.031409e-03 2.244669e-02 4.076368e+01 2.260973e-03 9.999454e-01 -1.020641e-02 3.684840e+00 -2.242473e-02 1.025457e-02 9.996959e-01 -1.886744e+02
9.993985e-01 4.520257e-03 -3.438273e-02 4.241814e+01 -4.142409e-03 9.999303e-01 1.105280e-02 3.602097e+00 3.443029e-02 -1.090373e-02 9.993476e-01 -1.878420e+02
9.998412e-01 -5.309037e-05 1.781951e-02 4.501367e+01 2.206977e-04 9.999558e-01 -9.403975e-03 3.478103e+00 -1.781822e-02 9.406416e-03 9.997970e-01 -1.864892e+02
9.994192e-01 3.690975e-03 -3.387726e-02 4.726066e+01 -3.344093e-03 9.999415e-01 1.029034e-02 3.398890e+00 3.391326e-02 -1.017108e-02 9.993730e-01 -1.859102e+02
9.996357e-01 -2.711032e-03 2.685188e-02 4.670537e+01 2.981708e-03 9.999451e-01 -1.004539e-02 3.441085e+00 -2.682317e-02 1.012179e-02 9.995889e-01 -1.855456e+02
9.995306e-01 3.932134e-03 -3.038229e-02 4.375294e+01 -3.709221e-03 9.999658e-01 7.389805e-03 3.628489e+00 3.041031e-02 -7.273642e-03 9.995110e-01 -1.840288e+02
9.996073e-01 -1.600733e-03 2.797598e-02 4.087943e+01 1.878040e-03 9.999493e-01 -9.888823e-03 3.817478e+00 -2.795874e-02 9.937480e-03 9.995597e-01 -1.824581e+02
9.994826e-01 3.169419e-03 -3.200721e-02 3.945814e+01 -2.883043e-03 9.999554e-01 8.989432e-03 3.906438e+00 3.203427e-02 -8.892504e-03 9.994472e-01 -1.815199e+02
9.996294e-01 -2.060083e-03 2.714477e-02 3.858471e+01 2.312702e-03 9.999543e-01 -9.278229e-03 3.954387e+00 -2.712442e-02 9.337569e-03 9.995885e-01 -1.810283e+02
9.994355e-01 3.471734e-03 -3.341458e-02 3.797814e+01 -3.148575e-03 9.999478e-01 9.718963e-03 4.004027e+00 3.344658e-02 -9.608270e-03 9.993943e-01 -1.803261e+02
9.996126e-01 -6.963159e-04 2.782278e-02 3.638571e+01 9.964929e-04 9.999414e-01 -1.077647e-02 4.121840e+00 -2.781365e-02 1.080002e-02 9.995548e-01 -1.788233e+02
9.995414e-01 2.918113e-03 -3.013930e-02 3.331484e+01 -2.687680e-03 9.999669e-01 7.683300e-03 4.323063e+00 3.016072e-02 -7.598773e-03 9.995162e-01 -1.769544e+02
9.996635e-01 -8.591594e-04 2.592771e-02 3.155701e+01 1.083354e-03 9.999621e-01 -8.634107e-03 4.442719e+00 -2.591931e-02 8.659291e-03 9.996265e-01 -1.758498e+02
9.995104e-01 2.678423e-03 -3.117464e-02 3.037946e+01 -2.422084e-03 9.999630e-01 8.257566e-03 4.523826e+00 3.119561e-02 -8.178016e-03 9.994798e-01 -1.747607e+02
9.996282e-01 -7.345036e-05 2.726762e-02 2.861611e+01 3.318564e-04 9.999551e-01 -9.472243e-03 4.648441e+00 -2.726570e-02 9.477770e-03 9.995833e-01 -1.732381e+02
9.995304e-01 2.232650e-03 -3.056089e-02 2.645865e+01 -1.993388e-03 9.999671e-01 7.857271e-03 4.793152e+00 3.057743e-02 -7.792663e-03 9.995020e-01 -1.716668e+02
9.996337e-01 -4.739436e-04 2.705939e-02 2.404287e+01 7.362499e-04 9.999528e-01 -9.684570e-03 4.950514e+00 -2.705353e-02 9.700946e-03 9.995869e-01 -1.701633e+02
9.994876e-01 1.927330e-03 -3.194890e-02 2.256674e+01 -1.633332e-03 9.999561e-01 9.225700e-03 5.047517e+00 3.196528e-02 -9.168791e-03 9.994469e-01 -1.691297e+02
9.996540e-01 -7.639773e-04 2.629406e-02 2.194794e+01 9.980716e-04 9.999600e-01 -8.890946e-03 5.084562e+00 -2.628622e-02 8.914113e-03 9.996147e-01 -1.686350e+02
9.994564e-01 1.660491e-03 -3.292495e-02 2.170496e+01 -1.344250e-03 9.999528e-01 9.624748e-03 5.099661e+00 3.293938e-02 -9.575258e-03 9.994115e-01 -1.684301e+02
9.996269e-01 -5.667723e-04 2.730773e-02 2.091739e+01 8.348011e-04 9.999516e-01 -9.804707e-03 5.145379e+00 -2.730085e-02 9.823846e-03 9.995790e-01 -1.679476e+02
9.994876e-01 2.181524e-03 -3.193284e-02 1.997339e+01 -1.870062e-03 9.999504e-01 9.780286e-03 5.208546e+00 3.195260e-02 -9.715559e-03 9.994422e-01 -1.670932e+02
9.996619e-01 -8.204819e-04 2.598803e-02 1.939418e+01 1.059633e-03 9.999572e-01 -9.189911e-03 5.246011e+00 -2.597938e-02 9.214342e-03 9.996200e-01 -1.665143e+02
9.994921e-01 1.960229e-03 -3.180688e-02 1.905464e+01 -1.642485e-03 9.999485e-01 1.001285e-02 5.265760e+00 3.182487e-02 -9.955520e-03 9.994439e-01 -1.660713e+02
9.996652e-01 -9.945315e-04 2.585568e-02 1.837464e+01 1.245833e-03 9.999521e-01 -9.705084e-03 5.302668e+00 -2.584479e-02 9.734047e-03 9.996186e-01 -1.655797e+02
9.995303e-01 1.180783e-03 -3.062482e-02 1.618949e+01 -9.584896e-04 9.999731e-01 7.272281e-03 5.415327e+00 3.063258e-02 -7.239512e-03 9.995045e-01 -1.652296e+02
9.996909e-01 -8.159196e-04 2.484932e-02 1.492322e+01 1.020564e-03 9.999657e-01 -8.223840e-03 5.481008e+00 -2.484176e-02 8.246658e-03 9.996574e-01 -1.649859e+02
9.993339e-01 2.138678e-03 -3.643184e-02 1.647508e+01 -1.777422e-03 9.999490e-01 9.945465e-03 5.447772e+00 3.645125e-02 -9.874086e-03 9.992867e-01 -1.654161e+02
9.996321e-01 -4.870062e-04 2.711843e-02 1.714709e+01 7.426123e-04 9.999554e-01 -9.416257e-03 5.435283e+00 -2.711264e-02 9.432932e-03 9.995879e-01 -1.652970e+02
9.995163e-01 2.507656e-03 -3.099955e-02 1.674808e+01 -2.197468e-03 9.999472e-01 1.003622e-02 5.463180e+00 3.102308e-02 -9.963247e-03 9.994690e-01 -1.642404e+02
9.996960e-01 -1.102131e-03 2.463248e-02 1.707073e+01 1.323695e-03 9.999588e-01 -8.980281e-03 5.453566e+00 -2.462157e-02 9.010157e-03 9.996562e-01 -1.640241e+02
9.995369e-01 1.736658e-03 -3.038100e-02 1.732558e+01 -1.442214e-03 9.999518e-01 9.710951e-03 5.450932e+00 3.039640e-02 -9.662638e-03 9.994912e-01 -1.644035e+02
9.997015e-01 -6.025011e-04 2.442632e-02 1.749349e+01 8.179120e-04 9.999609e-01 -8.809755e-03 5.442667e+00 -2.442005e-02 8.827104e-03 9.996628e-01 -1.641346e+02
9.995444e-01 2.181204e-03 -3.010419e-02 1.764756e+01 -1.891997e-03 9.999518e-01 9.632019e-03 5.423074e+00 3.012375e-02 -9.570674e-03 9.995004e-01 -1.634413e+02
9.997024e-01 -3.451775e-04 2.439175e-02 1.786612e+01 5.603961e-04 9.999610e-01 -8.817113e-03 5.396603e+00 -2.438776e-02 8.828158e-03 9.996636e-01 -1.626120e+02
9.995883e-01 2.062781e-03 -2.861733e-02 1.723122e+01 -1.800213e-03 9.999561e-01 9.197878e-03 5.434054e+00 2.863504e-02 -9.142574e-03 9.995481e-01 -1.615824e+02
9.997391e-01 -8.502903e-05 2.284051e-02 1.666267e+01 2.748466e-04 9.999655e-01 -8.307536e-03 5.476324e+00 -2.283901e-02 8.311647e-03 9.997046e-01 -1.606812e+02
9.995517e-01 1.716477e-03 -2.989071e-02 1.718377e+01 -1.439471e-03 9.999558e-01 9.286372e-03 5.453419e+00 2.990533e-02 -9.239183e-03 9.995100e-01 -1.601157e+02
9.997590e-01 -4.079241e-04 2.195142e-02 1.778355e+01 5.879843e-04 9.999662e-01 -8.196821e-03 5.433756e+00 -2.194733e-02 8.207752e-03 9.997254e-01 -1.598962e+02
9.995608e-01 1.467899e-03 -2.959681e-02 1.823597e+01 -1.191426e-03 9.999555e-01 9.356769e-03 5.418739e+00 2.960923e-02 -9.317398e-03 9.995181e-01 -1.597670e+02
9.997698e-01 -2.443548e-04 2.145207e-02 1.872625e+01 4.221278e-04 9.999656e-01 -8.282828e-03 5.401914e+00 -2.144930e-02 8.289978e-03 9.997356e-01 -1.596472e+02
9.995938e-01 1.451687e-03 -2.846337e-02 1.874036e+01 -1.193200e-03 9.999579e-01 9.096299e-03 5.409622e+00 2.847537e-02 -9.058642e-03 9.995534e-01 -1.593124e+02
9.997636e-01 -4.078555e-04 2.173930e-02 1.852396e+01 5.860915e-04 9.999663e-01 -8.193026e-03 5.427853e+00 -2.173523e-02 8.203831e-03 9.997301e-01 -1.589588e+02
9.996068e-01 1.068180e-03 -2.801904e-02 1.790119e+01 -8.301894e-04 9.999635e-01 8.504154e-03 5.465313e+00 2.802710e-02 -8.477550e-03 9.995712e-01 -1.586005e+02
9.997519e-01 -3.699929e-04 2.227226e-02 1.696265e+01 5.615557e-04 9.999629e-01 -8.595298e-03 5.521549e+00 -2.226825e-02 8.605673e-03 9.997150e-01 -1.581212e+02
9.996187e-01 1.004281e-03 -2.759446e-02 1.579962e+01 -7.803823e-04 9.999667e-01 8.123491e-03 5.590474e+00 2.760170e-02 -8.098860e-03 9.995862e-01 -1.576081e+02
9.997635e-01 -3.061632e-04 2.174517e-02 1.486547e+01 4.838516e-04 9.999665e-01 -8.166583e-03 5.646554e+00 -2.174194e-02 8.175174e-03 9.997302e-01 -1.571042e+02
9.996270e-01 9.648742e-04 -2.729299e-02 1.379151e+01 -7.501605e-04 9.999687e-01 7.876153e-03 5.710400e+00 2.729973e-02 -7.852742e-03 9.995964e-01 -1.565730e+02
9.997664e-01 -3.804631e-04 2.161209e-02 1.284827e+01 5.559596e-04 9.999669e-01 -8.114845e-03 5.763467e+00 -2.160828e-02 8.124965e-03 9.997335e-01 -1.562275e+02
9.996027e-01 8.354380e-04 -2.817174e-02 1.258915e+01 -5.965906e-04 9.999638e-01 8.485617e-03 5.783903e+00 2.817781e-02 -8.465440e-03 9.995671e-01 -1.562745e+02
9.997653e-01 -2.011493e-04 2.166515e-02 1.282658e+01 3.715640e-04 9.999690e-01 -7.862085e-03 5.787242e+00 -2.166290e-02 7.868290e-03 9.997344e-01 -1.566332e+02
9.995841e-01 9.612642e-04 -2.882033e-02 1.315792e+01 -7.078115e-04 9.999610e-01 8.803160e-03 5.785630e+00 2.882767e-02 -8.779100e-03 9.995458e-01 -1.568668e+02
9.997518e-01 -8.376594e-06 2.228081e-02 1.307890e+01 1.829119e-04 9.999693e-01 -7.831392e-03 5.793267e+00 -2.228006e-02 7.833524e-03 9.997211e-01 -1.565605e+02
9.996033e-01 9.368656e-04 -2.814761e-02 1.234842e+01 -7.087211e-04 9.999668e-01 8.114189e-03 5.838532e+00 2.815428e-02 -8.091022e-03 9.995708e-01 -1.559994e+02
9.997398e-01 -9.297485e-05 2.281273e-02 1.116033e+01 2.873154e-04 9.999637e-01 -8.515802e-03 5.910944e+00 -2.281111e-02 8.520140e-03 9.997035e-01 -1.553465e+02
9.996127e-01 8.888855e-04 -2.781465e-02 9.666200e+00 -6.767294e-04 9.999706e-01 7.635997e-03 6.002095e+00 2.782062e-02 -7.614217e-03 9.995839e-01 -1.545812e+02
9.997372e-01 6.217933e-05 2.292481e-02 8.033618e+00 1.346612e-04 9.999631e-01 -8.584690e-03 6.103765e+00 -2.292450e-02 8.585521e-03 9.997003e-01 -1.536977e+02
9.995905e-01 1.089755e-03 -2.859322e-02 6.799871e+00 -8.495113e-04 9.999642e-01 8.412923e-03 6.185115e+00 2.860136e-02 -8.385189e-03 9.995557e-01 -1.528219e+02
9.997579e-01 4.262848e-04 2.199740e-02 6.674476e+00 -2.625168e-04 9.999722e-01 -7.447207e-03 6.203329e+00 -2.199997e-02 7.439630e-03 9.997303e-01 -1.523542e+02
9.995178e-01 6.201373e-04 -3.104367e-02 8.299295e+00 -3.201435e-04 9.999532e-01 9.667661e-03 6.201156e+00 3.104821e-02 -9.653062e-03 9.994713e-01 -1.537638e+02
9.997121e-01 -2.593341e-05 2.399394e-02 1.071976e+01 2.505833e-04 9.999562e-01 -9.359799e-03 6.218911e+00 -2.399264e-02 9.363118e-03 9.996683e-01 -1.565756e+02
9.995340e-01 5.012029e-04 -3.052021e-02 1.277455e+01 -2.039771e-04 9.999525e-01 9.741007e-03 6.234979e+00 3.052364e-02 -9.730243e-03 9.994867e-01 -1.591037e+02
