9.999962e-01 -2.797172e-04 -2.744495e-03 -1.019708e-02 2.752822e-04 9.999987e-01 -1.616182e-03 -9.343110e-05 2.744944e-03 1.615420e-03 9.999950e-01 1.238268e-02
1.000000e+00 -1.477998e-04 1.268991e-04 -1.783296e-02 1.477153e-04 9.999998e-01 6.662247e-04 4.784159e-04 -1.269981e-04 -6.662057e-04 9.999997e-01 -1.747499e-02
9.999960e-01 -2.850700e-04 -2.821577e-03 -3.394489e-02 2.787193e-04 9.999974e-01 -2.250884e-03 9.277445e-04 2.822213e-03 2.250088e-03 9.999936e-01 -3.826131e-02
1.000000e+00 -2.651069e-04 1.310971e-04 -2.601269e-02 2.649813e-04 9.999995e-01 9.577887e-04 7.752988e-04 -1.313519e-04 -9.577540e-04 9.999994e-01 -5.048455e-02
9.999943e-01 -3.827359e-04 -3.351237e-03 -9.797696e-03 3.761122e-04 9.999980e-01 -1.976913e-03 5.980466e-04 3.351988e-03 1.975642e-03 9.999925e-01 -8.990915e-02
9.999999e-01 -2.918926e-04 3.089762e-04 1.314355e-02 2.915021e-04 9.999992e-01 1.262896e-03 3.194099e-04 -3.093462e-04 -1.262806e-03 9.999991e-01 -1.327968e-01
9.999938e-01 -3.847155e-04 -3.508485e-03 4.140691e-02 3.770190e-04 9.999975e-01 -2.194061e-03 -3.756518e-04 3.509322e-03 2.192725e-03 9.999915e-01 -1.815737e-01
9.999999e-01 -3.345196e-04 8.181310e-05 6.938891e-02 3.344220e-04 9.999992e-01 1.189761e-03 -1.053335e-03 -8.221336e-05 -1.189734e-03 9.999992e-01 -2.227677e-01
9.999937e-01 -8.231531e-05 -3.545584e-03 9.739737e-02 7.505930e-05 9.999979e-01 -2.046574e-03 -1.752726e-03 3.545748e-03 2.046296e-03 9.999917e-01 -2.543124e-01
9.999999e-01 -3.622944e-04 -1.790587e-04 1.237460e-01 3.624951e-04 9.999993e-01 1.122213e-03 -2.196130e-03 1.786490e-04 -1.122278e-03 9.999993e-01 -2.801938e-01
9.999954e-01 5.806138e-04 -2.960716e-03 1.290215e-01 -5.858891e-04 9.999982e-01 -1.781193e-03 -1.983744e-03 2.959680e-03 1.782920e-03 9.999941e-01 -2.861823e-01
9.999989e-01 -1.505059e-03 6.812642e-05 1.424899e-01 1.505047e-03 9.999989e-01 1.786591e-04 -2.460471e-03 -6.839888e-05 -1.785572e-04 9.999999e-01 -3.022645e-01
9.999961e-01 9.610681e-04 -2.616732e-03 1.627629e-01 -9.631486e-04 9.999992e-01 -7.939373e-04 -2.319122e-03 2.615971e-03 7.964554e-04 9.999964e-01 -3.181654e-01
9.999985e-01 -1.708506e-03 5.439833e-05 1.858130e-01 1.708522e-03 9.999985e-01 -2.924641e-04 -2.387083e-03 -5.390272e-05 2.925556e-04 9.999999e-01 -3.488905e-01
9.999959e-01 1.020854e-03 -2.670596e-03 2.082991e-01 -1.022005e-03 9.999994e-01 -4.298169e-04 -2.514544e-03 2.670160e-03 4.325456e-04 9.999964e-01 -3.686709e-01
9.999987e-01 -1.616090e-03 3.036476e-05 2.205994e-01 1.616119e-03 9.999982e-01 -9.941236e-04 -2.443993e-03 -2.876279e-05 9.941702e-04 9.999994e-01 -3.990213e-01
9.999792e-01 3.555916e-03 -5.375128e-03 2.699742e-01 -3.551221e-03 9.999933e-01 8.828092e-04 -2.851140e-03 5.378236e-03 -8.637013e-04 9.999853e-01 -4.118948e-01
9.999907e-01 -3.826123e-03 1.977716e-03 2.977149e-01 3.829711e-03 9.999910e-01 -1.813755e-03 -3.245370e-03 -1.970764e-03 1.821311e-03 9.999963e-01 -4.609039e-01
9.999806e-01 3.533028e-03 -5.136370e-03 3.365899e-01 -3.526653e-03 9.999930e-01 1.249589e-03 -4.209271e-03 5.140755e-03 -1.231449e-03 9.999861e-01 -4.829991e-01
9.999957e-01 -2.926351e-03 2.585880e-04 3.799098e-01 2.926984e-03 9.999926e-01 -2.480856e-03 -3.764817e-03 -2.513326e-04 2.481601e-03 9.999968e-01 -4.252880e-01
9.999899e-01 2.601211e-03 -3.652337e-03 3.981470e-01 -2.594277e-03 9.999948e-01 1.902110e-03 -4.044065e-03 3.657272e-03 -1.892614e-03 9.999916e-01 -4.629471e-01
9.999960e-01 -2.801159e-03 4.010929e-04 4.307420e-01 2.802045e-03 9.999936e-01 -2.226659e-03 -4.771650e-03 -3.948601e-04 2.227772e-03 9.999973e-01 -5.263720e-01
9.999880e-01 2.600201e-03 -4.143107e-03 4.584528e-01 -2.592638e-03 9.999950e-01 1.829654e-03 -5.346546e-03 4.147851e-03 -1.818889e-03 9.999898e-01 -6.089946e-01
9.999955e-01 -2.896925e-03 8.142285e-04 4.901525e-01 2.898881e-03 9.999929e-01 -2.410901e-03 -6.018883e-03 -8.072462e-04 2.413248e-03 9.999967e-01 -6.755538e-01
9.999550e-01 1.045076e-03 -9.426448e-03 5.212651e-01 -1.030119e-03 9.999982e-01 1.591426e-03 -6.543479e-03 9.428103e-03 -1.581642e-03 9.999544e-01 -7.666596e-01
9.999845e-01 -7.345901e-04 5.515264e-03 5.732493e-01 7.437262e-04 9.999984e-01 -1.654648e-03 -7.898509e-03 -5.514048e-03 1.658723e-03 9.999833e-01 -8.376385e-01
9.999602e-01 6.896689e-04 -8.892182e-03 6.121507e-01 -6.720566e-04 9.999978e-01 1.983476e-03 -8.739030e-03 8.893540e-03 -1.977420e-03 9.999586e-01 -9.043677e-01
9.999898e-01 -1.882444e-03 4.098966e-03 6.430818e-01 1.892172e-03 9.999954e-01 -2.370600e-03 -9.120748e-03 -4.094494e-03 2.378330e-03 9.999887e-01 -1.011858e+00
9.999734e-01 1.483665e-03 -7.140664e-03 6.741826e-01 -1.469881e-03 9.999970e-01 1.935178e-03 -9.819710e-03 7.143525e-03 -1.924629e-03 9.999727e-01 -1.115470e+00
9.999921e-01 -3.855636e-03 -9.898047e-04 6.975765e-01 3.853076e-03 9.999893e-01 -2.575024e-03 -1.005346e-02 9.997116e-04 2.571188e-03 9.999961e-01 -1.211938e+00
9.999858e-01 2.234155e-03 -4.832595e-03 7.290498e-01 -2.225024e-03 9.999957e-01 1.894040e-03 -1.051520e-02 4.836817e-03 -1.883259e-03 9.999866e-01 -1.307712e+00
9.999962e-01 -2.394733e-03 1.362565e-03 7.780760e-01 2.398633e-03 9.999930e-01 -2.867939e-03 -1.148764e-02 -1.355700e-03 2.871194e-03 9.999949e-01 -1.392156e+00
9.999870e-01 1.936274e-03 -4.715945e-03 8.222657e-01 -1.924087e-03 9.999948e-01 2.587492e-03 -1.269045e-02 4.720943e-03 -2.578382e-03 9.999856e-01 -1.440668e+00
9.999964e-01 -2.381259e-03 1.249930e-03 8.640824e-01 2.384764e-03 9.999932e-01 -2.810512e-03 -1.352744e-02 -1.243242e-03 2.813481e-03 9.999952e-01 -1.501584e+00
9.999799e-01 2.673674e-03 -5.757749e-03 9.010635e-01 -2.663658e-03 9.999949e-01 1.746435e-03 -1.339032e-02 5.762402e-03 -1.731061e-03 9.999820e-01 -1.517115e+00
9.999930e-01 -2.964162e-03 2.286040e-03 9.068080e-01 2.969634e-03 9.999927e-01 -2.394119e-03 -1.346971e-02 -2.278940e-03 2.400889e-03 9.999944e-01 -1.507567e+00
9.999841e-01 2.121541e-03 -5.230094e-03 9.177869e-01 -2.114990e-03 9.999970e-01 1.257803e-03 -1.365246e-02 5.232761e-03 -1.246719e-03 9.999856e-01 -1.523680e+00
9.999936e-01 -2.757464e-03 2.265185e-03 9.298398e-01 2.762760e-03 9.999934e-01 -2.338406e-03 -1.402805e-02 -2.258736e-03 2.344646e-03 9.999946e-01 -1.528852e+00
9.999656e-01 5.145435e-03 -6.509213e-03 1.020915e+00 -5.132441e-03 9.999848e-01 2.011475e-03 -1.449349e-02 6.519479e-03 -1.977995e-03 9.999769e-01 -1.481484e+00
9.999693e-01 -4.860647e-03 6.151501e-03 1.054716e+00 4.868428e-03 9.999874e-01 -1.250574e-03 -1.505442e-02 -6.145359e-03 1.280482e-03 9.999802e-01 -1.393127e+00
9.999478e-01 4.539136e-03 -9.150325e-03 1.073886e+00 -4.535598e-03 9.999896e-01 4.073693e-04 -1.523996e-02 9.152094e-03 -3.658433e-04 9.999582e-01 -1.435527e+00
9.951667e-01 -9.758376e-02 -1.098015e-02 1.292209e+00 9.366669e-02 9.768571e-01 -1.922934e-01 -8.833320e-03 2.949073e-02 1.903355e-01 9.812760e-01 -1.793381e+00
9.946326e-01 1.033314e-01 5.345780e-03 1.744798e+00 -1.020244e-01 9.708259e-01 2.169980e-01 -9.739883e-03 1.723290e-02 -2.163787e-01 9.761575e-01 -1.824392e+00
9.951890e-01 -9.603078e-02 1.941349e-02 1.670919e+00 9.795794e-02 9.717782e-01 -2.145960e-01 -1.881615e-03 1.742195e-03 2.154653e-01 9.765098e-01 -1.836547e+00
9.947407e-01 1.024227e-01 -7.662780e-04 1.655692e+00 -9.981441e-02 9.710325e-01 2.171011e-01 9.799021e-04 2.298019e-02 -2.158828e-01 9.761489e-01 -1.951914e+00
9.947479e-01 -1.003818e-01 2.000409e-02 1.672992e+00 1.023288e-01 9.708414e-01 -2.167851e-01 1.226875e-03 2.340461e-03 2.176935e-01 9.760143e-01 -1.974415e+00
9.947865e-01 1.019719e-01 -1.273084e-03 1.694519e+00 -9.925329e-02 9.709813e-01 2.175869e-01 9.106640e-04 2.342391e-02 -2.163261e-01 9.760402e-01 -1.999769e+00
9.947918e-01 -9.989726e-02 2.024547e-02 1.726492e+00 1.019081e-01 9.708438e-01 -2.169724e-01 4.508731e-04 2.019742e-03 2.179055e-01 9.759677e-01 -2.055348e+00
9.948107e-01 1.017226e-01 -2.036032e-03 1.771976e+00 -9.883453e-02 9.709304e-01 2.180046e-01 -4.660278e-04 2.415285e-02 -2.166720e-01 9.759457e-01 -2.134842e+00
9.949083e-01 -9.826600e-02 2.238857e-02 1.778363e+00 1.007832e-01 9.710200e-01 -2.167094e-01 1.393035e-03 -4.446098e-04 2.178624e-01 9.759793e-01 -2.183776e+00
9.949139e-01 1.007018e-01 -2.346621e-03 1.798001e+00 -9.780002e-02 9.712978e-01 2.168312e-01 2.083122e-03 2.411458e-02 -2.154988e-01 9.762064e-01 -2.255699e+00
9.850496e-01 -1.715958e-01 1.523657e-02 2.071426e+00 1.643717e-01 9.097229e-01 -3.812953e-01 6.699942e-03 5.156758e-02 3.780993e-01 9.243276e-01 -2.529579e+00
9.982546e-01 3.580047e-02 -4.696826e-02 2.711894e+00 -2.993510e-02 9.923070e-01 1.201278e-01 1.047535e-02 5.090760e-02 -1.185120e-01 9.916469e-01 -3.131104e+00
9.865999e-01 -1.631444e-01 2.132905e-03 3.669604e+00 1.623519e-01 9.803414e-01 -1.121272e-01 2.017050e-03 1.620192e-02 1.109710e-01 9.936915e-01 -3.453499e+00
9.850051e-01 1.722531e-01 9.687328e-03 3.920006e+00 -1.722018e-01 9.781698e-01 1.163202e-01 5.429343e-03 1.056070e-02 -1.162441e-01 9.931646e-01 -3.448100e+00
9.861575e-01 -1.655542e-01 9.231595e-03 3.809702e+00 1.655268e-01 9.796766e-01 -1.132901e-01 1.394547e-02 9.711626e-03 1.132499e-01 9.935190e-01 -3.611831e+00
9.856925e-01 1.684142e-01 6.853182e-03 3.771804e+00 -1.681031e-01 9.792752e-01 1.129663e-01 1.809220e-02 1.231402e-02 -1.125020e-01 9.935753e-01 -3.741192e+00
9.858691e-01 -1.674749e-01 3.785315e-03 3.980265e+00 1.667906e-01 9.792370e-01 -1.152204e-01 1.593104e-02 1.558976e-02 1.142236e-01 9.933326e-01 -3.699346e+00
9.864556e-01 1.638634e-01 7.358337e-03 4.013162e+00 -1.636306e-01 9.799485e-01 1.136929e-01 1.537085e-02 1.141935e-02 -1.133570e-01 9.934888e-01 -3.656326e+00
9.864521e-01 -1.638092e-01 8.875060e-03 4.035842e+00 1.637444e-01 9.798782e-01 -1.141335e-01 1.646156e-02 9.999594e-03 1.140404e-01 9.934257e-01 -3.692334e+00
9.950459e-01 9.280096e-02 -3.566063e-02 4.270423e+00 -9.416405e-02 9.948058e-01 -3.865978e-02 2.242304e-02 3.188779e-02 4.182627e-02 9.986160e-01 -4.005986e+00
9.909882e-01 -1.330381e-01 -1.559496e-02 4.954399e+00 1.330654e-01 9.911070e-01 7.205791e-04 1.951831e-02 1.536035e-02 -2.789294e-03 9.998781e-01 -4.423296e+00
9.949548e-01 9.952898e-02 -1.260731e-02 5.603536e+00 -9.924517e-02 9.948323e-01 2.142873e-02 1.549433e-02 1.467499e-02 -2.006934e-02 9.996910e-01 -4.662093e+00
9.956076e-01 -9.271169e-02 -1.303908e-02 6.000791e+00 9.272443e-02 9.956917e-01 3.760512e-04 1.285072e-02 1.294798e-02 -1.583496e-03 9.999148e-01 -4.756907e+00
9.953341e-01 9.537518e-02 1.461696e-02 5.965506e+00 -9.534137e-02 9.954401e-01 -2.992709e-03 1.937691e-02 -1.483569e-02 1.585205e-03 9.998888e-01 -4.842266e+00
9.954267e-01 -9.398466e-02 -1.710370e-02 5.977408e+00 9.401028e-02 9.955710e-01 6.999615e-04 2.156690e-02 1.696211e-02 -2.304740e-03 9.998534e-01 -4.915846e+00
9.952780e-01 9.563266e-02 1.661864e-02 5.942554e+00 -9.562269e-02 9.954167e-01 -1.394434e-03 2.489947e-02 -1.667577e-02 -2.012087e-04 9.998610e-01 -4.944990e+00
9.954159e-01 -9.414153e-02 -1.686718e-02 5.855422e+00 9.413696e-02 9.955587e-01 -1.065285e-03 2.809781e-02 1.689250e-02 -5.274789e-04 9.998571e-01 -4.973359e+00
9.989378e-01 4.161244e-02 -1.979309e-02 6.032369e+00 -4.394759e-02 9.894989e-01 -1.376975e-01 3.252708e-02 1.385537e-02 1.384211e-01 9.902766e-01 -5.168093e+00
9.989672e-01 -4.258114e-02 1.585650e-02 5.964486e+00 3.998316e-02 9.895655e-01 1.384248e-01 3.550668e-02 -2.158539e-02 -1.376479e-01 9.902459e-01 -5.149779e+00
9.989277e-01 4.034560e-02 -2.271064e-02 5.887978e+00 -4.313321e-02 9.892353e-01 -1.398322e-01 3.612822e-02 1.682461e-02 1.406619e-01 9.899148e-01 -5.116166e+00
9.989400e-01 -4.344806e-02 1.520314e-02 5.843859e+00 4.092973e-02 9.895126e-01 1.385262e-01 3.600275e-02 -2.106246e-02 -1.377572e-01 9.902420e-01 -5.059662e+00
9.988975e-01 4.110955e-02 -2.266692e-02 5.800632e+00 -4.386893e-02 9.893254e-01 -1.389633e-01 3.531983e-02 1.671230e-02 1.398045e-01 9.900382e-01 -4.976482e+00
9.989095e-01 -4.406556e-02 1.543011e-02 5.747592e+00 4.152412e-02 9.895785e-01 1.378774e-01 3.512752e-02 -2.134501e-02 -1.370863e-01 9.903290e-01 -4.912595e+00
9.988939e-01 4.149839e-02 -2.211113e-02 5.694487e+00 -4.416883e-02 9.893765e-01 -1.385036e-01 3.428596e-02 1.612862e-02 1.393271e-01 9.901151e-01 -4.806131e+00
9.989345e-01 -4.309827e-02 1.650283e-02 5.842400e+00 4.044700e-02 9.897974e-01 1.366202e-01 3.153129e-02 -2.222261e-02 -1.358073e-01 9.904859e-01 -4.702826e+00
9.988100e-01 4.180670e-02 -2.511461e-02 6.034261e+00 -4.481229e-02 9.899233e-01 -1.343266e-01 3.108749e-02 1.924585e-02 1.352923e-01 9.906189e-01 -4.705762e+00
9.988854e-01 -4.339513e-02 1.857020e-02 6.050766e+00 4.041577e-02 9.895466e-01 1.384341e-01 3.106612e-02 -2.438351e-02 -1.375294e-01 9.901974e-01 -4.643722e+00
9.988678e-01 3.982234e-02 -2.602592e-02 6.010008e+00 -4.306956e-02 9.893225e-01 -1.392335e-01 3.114494e-02 2.020348e-02 1.401968e-01 9.899176e-01 -4.603395e+00
9.988708e-01 -4.367193e-02 1.870412e-02 5.969612e+00 4.067565e-02 9.895591e-01 1.382690e-01 3.126732e-02 -2.454737e-02 -1.373521e-01 9.902180e-01 -4.561753e+00
9.988288e-01 4.043547e-02 -2.657133e-02 6.002047e+00 -4.375482e-02 9.892825e-01 -1.393040e-01 3.172266e-02 2.065379e-02 1.403036e-01 9.898932e-01 -4.591158e+00
9.989542e-01 -4.285581e-02 1.593317e-02 6.091180e+00 4.021161e-02 9.893442e-01 1.399320e-01 3.140917e-02 -2.176034e-02 -1.391450e-01 9.900328e-01 -4.629120e+00
9.988425e-01 3.812126e-02 -2.933262e-02 6.143216e+00 -4.186828e-02 9.892588e-01 -1.400505e-01 3.040180e-02 2.367871e-02 1.411166e-01 9.897099e-01 -4.691442e+00
9.989935e-01 -4.065467e-02 1.895290e-02 6.249686e+00 3.756487e-02 9.891807e-01 1.418109e-01 3.056403e-02 -2.451318e-02 -1.409563e-01 9.897122e-01 -4.755750e+00
9.988160e-01 3.822100e-02 -3.009643e-02 6.344961e+00 -4.211476e-02 9.890182e-01 -1.416665e-01 3.009759e-02 2.435134e-02 1.427664e-01 9.894569e-01 -4.827001e+00
9.989333e-01 -4.171443e-02 1.980432e-02 6.395269e+00 3.847881e-02 9.890599e-01 1.424070e-01 2.998342e-02 -2.552815e-02 -1.414932e-01 9.896100e-01 -4.847215e+00
9.988930e-01 3.790055e-02 -2.786289e-02 6.370515e+00 -4.150132e-02 9.888976e-01 -1.426859e-01 3.005890e-02 2.214573e-02 1.436844e-01 9.893758e-01 -4.817233e+00
9.989034e-01 -4.210102e-02 2.048104e-02 6.369039e+00 3.877180e-02 9.890810e-01 1.421809e-01 3.096745e-02 -2.624343e-02 -1.412309e-01 9.896287e-01 -4.827027e+00
9.988061e-01 3.884490e-02 -2.962091e-02 6.387752e+00 -4.267553e-02 9.889289e-01 -1.421213e-01 3.109017e-02 2.377235e-02 1.432158e-01 9.894060e-01 -4.814141e+00
9.988797e-01 -4.232321e-02 2.116670e-02 6.398201e+00 3.890246e-02 9.891157e-01 1.419039e-01 3.024785e-02 -2.694221e-02 -1.409215e-01 9.896540e-01 -4.731928e+00
9.987941e-01 3.948796e-02 -2.917375e-02 6.421906e+00 -4.323365e-02 9.889931e-01 -1.415046e-01 2.908280e-02 2.326497e-02 1.425953e-01 9.895077e-01 -4.618016e+00
9.988732e-01 -4.306240e-02 1.995017e-02 6.462224e+00 3.980662e-02 9.890834e-01 1.418785e-01 2.795675e-02 -2.584207e-02 -1.409245e-01 9.896830e-01 -4.549549e+00
9.986984e-01 4.151900e-02 -2.962555e-02 6.518865e+00 -4.525620e-02 9.892200e-01 -1.392684e-01 2.767667e-02 2.352396e-02 1.404279e-01 9.898115e-01 -4.534793e+00
9.989999e-01 -4.110321e-02 1.759970e-02 6.624601e+00 3.810377e-02 9.885670e-01 1.458879e-01 2.702181e-02 -2.339501e-02 -1.450714e-01 9.891445e-01 -4.576389e+00
9.987101e-01 4.090451e-02 -3.008297e-02 6.774991e+00 -4.477327e-02 9.888821e-01 -1.418011e-01 2.589008e-02 2.394827e-02 1.429652e-01 9.894380e-01 -4.630763e+00
9.989443e-01 -4.291907e-02 1.637800e-02 6.906663e+00 4.016963e-02 9.890753e-01 1.418323e-01 2.498817e-02 -2.228645e-02 -1.410247e-01 9.897551e-01 -4.680842e+00
9.988622e-01 4.031140e-02 -2.548135e-02 6.918426e+00 -4.351784e-02 9.890138e-01 -1.412724e-01 2.459631e-02 1.950658e-02 1.422206e-01 9.896428e-01 -4.678707e+00
9.988752e-01 -4.382884e-02 1.809323e-02 6.856989e+00 4.087270e-02 9.893053e-01 1.400158e-01 2.509184e-02 -2.403652e-02 -1.391189e-01 9.899839e-01 -4.641414e+00
9.988430e-01 4.022633e-02 -2.635473e-02 6.856670e+00 -4.354650e-02 9.890913e-01 -1.407198e-01 2.402801e-02 2.040666e-02 1.417047e-01 9.896987e-01 -4.591825e+00
9.989470e-01 -4.304868e-02 1.586560e-02 6.912859e+00 4.037323e-02 9.890863e-01 1.416975e-01 2.355746e-02 -2.179240e-02 -1.409078e-01 9.897828e-01 -4.637137e+00
9.987093e-01 4.084468e-02 -3.019050e-02 6.991917e+00 -4.464493e-02 9.893783e-01 -1.383381e-01 2.318302e-02 2.421951e-02 1.395075e-01 9.899249e-01 -4.687514e+00
9.988712e-01 -4.363855e-02 1.876169e-02 7.073401e+00 4.059283e-02 9.893260e-01 1.399506e-01 2.246697e-02 -2.466873e-02 -1.390311e-01 9.899806e-01 -4.725663e+00
9.986660e-01 4.161759e-02 -3.056645e-02 7.144141e+00 -4.538502e-02 9.897799e-01 -1.351889e-01 2.217554e-02 2.462788e-02 1.363959e-01 9.903483e-01 -4.756872e+00
9.987615e-01 -4.522307e-02 2.074500e-02 7.177917e+00 4.200725e-02 9.898890e-01 1.354813e-01 2.195729e-02 -2.666219e-02 -1.344421e-01 9.905626e-01 -4.766554e+00
9.987310e-01 4.163990e-02 -2.832880e-02 7.160537e+00 -4.511657e-02 9.897028e-01 -1.358411e-01 2.081011e-02 2.238075e-02 1.369469e-01 9.903256e-01 -4.677060e+00
9.988187e-01 -4.426237e-02 2.004966e-02 7.187660e+00 4.124202e-02 9.904059e-01 1.318911e-01 2.033042e-02 -2.569518e-02 -1.309085e-01 9.910614e-01 -4.669613e+00
9.985367e-01 4.410849e-02 -3.128676e-02 7.303184e+00 -4.776051e-02 9.906687e-01 -1.276499e-01 2.044556e-02 2.536444e-02 1.289574e-01 9.913258e-01 -4.701250e+00
9.987724e-01 -4.817303e-02 1.153761e-02 7.391533e+00 4.622556e-02 9.901138e-01 1.324307e-01 2.083531e-02 -1.780320e-02 -1.317349e-01 9.911250e-01 -4.743336e+00
9.985598e-01 4.816874e-02 -2.362333e-02 7.494434e+00 -5.083836e-02 9.902327e-01 -1.298256e-01 2.057209e-02 1.713912e-02 1.308397e-01 9.912555e-01 -4.783401e+00
9.989077e-01 -4.512566e-02 1.212433e-02 7.635373e+00 4.321934e-02 9.909192e-01 1.273233e-01 2.153117e-02 -1.775984e-02 -1.266602e-01 9.917871e-01 -4.839709e+00
9.985873e-01 4.721793e-02 -2.436967e-02 7.791437e+00 -4.992421e-02 9.907672e-01 -1.260474e-01 2.245627e-02 1.819304e-02 1.270861e-01 9.917249e-01 -4.907805e+00
9.987562e-01 -4.829940e-02 1.237448e-02 7.930954e+00 4.629940e-02 9.905251e-01 1.292914e-01 2.263169e-02 -1.850200e-02 -1.285577e-01 9.915294e-01 -4.947040e+00
9.984752e-01 5.021367e-02 -2.293275e-02 8.057262e+00 -5.267279e-02 9.909361e-01 -1.235772e-01 2.240891e-02 1.651969e-02 1.245968e-01 9.920700e-01 -4.985608e+00
9.987030e-01 -5.042570e-02 7.033664e-03 8.186797e+00 4.911007e-02 9.905304e-01 1.282092e-01 2.252439e-02 -1.343216e-02 -1.276976e-01 9.917221e-01 -5.047869e+00
9.984555e-01 5.167643e-02 -2.039905e-02 8.322131e+00 -5.394539e-02 9.895706e-01 -1.335663e-01 2.304972e-02 1.328414e-02 1.344605e-01 9.908300e-01 -5.122066e+00
9.988157e-01 -4.748256e-02 1.060931e-02 8.505209e+00 4.541960e-02 9.881623e-01 1.465340e-01 2.316264e-02 -1.744160e-02 -1.458787e-01 9.891487e-01 -5.196417e+00
9.985383e-01 4.926651e-02 -2.222874e-02 8.630627e+00 -5.196938e-02 9.881468e-01 -1.444477e-01 2.370595e-02 1.484890e-02 1.453918e-01 9.892628e-01 -5.260323e+00
9.986755e-01 -5.144089e-02 1.066021e-03 8.759089e+00 5.071909e-02 9.877247e-01 1.477410e-01 2.398150e-02 -8.652933e-03 -1.474913e-01 9.890254e-01 -5.313434e+00
9.982654e-01 5.751962e-02 -1.255989e-02 8.906102e+00 -5.876688e-02 9.864130e-01 -1.534142e-01 2.532145e-02 3.564981e-03 1.538863e-01 9.880822e-01 -5.380744e+00
9.985592e-01 -5.365547e-02 -7.775371e-04 9.065531e+00 5.317827e-02 9.875319e-01 1.481647e-01 2.649984e-02 -7.182074e-03 -1.479927e-01 9.889623e-01 -5.454250e+00
9.985447e-01 5.257465e-02 -1.201531e-02 9.242620e+00 -5.377150e-02 9.876590e-01 -1.470995e-01 2.702267e-02 4.133397e-03 1.475316e-01 9.890488e-01 -5.533019e+00
9.985409e-01 -5.399320e-02 -8.762112e-04 9.391882e+00 5.350549e-02 9.870699e-01 1.510963e-01 2.723364e-02 -7.293362e-03 -1.509228e-01 9.885186e-01 -5.605316e+00
9.984915e-01 5.120539e-02 -1.981778e-02 9.521140e+00 -5.358727e-02 9.874560e-01 -1.485228e-01 2.702040e-02 1.196409e-02 1.493608e-01 9.887104e-01 -5.670414e+00
9.985544e-01 -5.371573e-02 1.903542e-03 9.674488e+00 5.277853e-02 9.866032e-01 1.543646e-01 2.707126e-02 -1.016992e-02 -1.540410e-01 9.880121e-01 -5.728529e+00
9.983748e-01 5.341309e-02 -1.986969e-02 9.787928e+00 -5.578542e-02 9.872435e-01 -1.491248e-01 2.729469e-02 1.165108e-02 1.499909e-01 9.886188e-01 -5.764422e+00
9.983863e-01 -5.631555e-02 7.295901e-03 9.811997e+00 5.460902e-02 9.873863e-01 1.486139e-01 2.710821e-02 -1.557322e-02 -1.479758e-01 9.888683e-01 -5.770546e+00
9.983732e-01 5.421781e-02 -1.764697e-02 9.782644e+00 -5.625086e-02 9.871686e-01 -1.494457e-01 2.712090e-02 9.317992e-03 1.501953e-01 9.886125e-01 -5.732894e+00
9.983483e-01 -5.690776e-02 7.880286e-03 9.753927e+00 5.511352e-02 9.874068e-01 1.482913e-01 2.690450e-02 -1.622005e-02 -1.476122e-01 9.889123e-01 -5.686813e+00
9.983609e-01 5.439128e-02 -1.780809e-02 9.714263e+00 -5.644552e-02 9.871744e-01 -1.493338e-01 2.713079e-02 9.457309e-03 1.500943e-01 9.886265e-01 -5.654444e+00
9.983322e-01 -5.733190e-02 6.770969e-03 9.707858e+00 5.569603e-02 9.873665e-01 1.483417e-01 2.700226e-02 -1.519021e-02 -1.477172e-01 9.889129e-01 -5.648133e+00
9.982566e-01 5.474865e-02 -2.205273e-02 9.772371e+00 -5.741139e-02 9.873940e-01 -1.475029e-01 2.669362e-02 1.369922e-02 1.485119e-01 9.888158e-01 -5.705501e+00
9.983851e-01 -5.612870e-02 8.760784e-03 9.892144e+00 5.419943e-02 9.873384e-01 1.490814e-01 2.582849e-02 -1.701768e-02 -1.483659e-01 9.887860e-01 -5.791571e+00
9.981896e-01 5.426173e-02 -2.594593e-02 9.998737e+00 -5.748655e-02 9.875732e-01 -1.462685e-01 2.548143e-02 1.768679e-02 1.474953e-01 9.889047e-01 -5.865191e+00
9.983800e-01 -5.649036e-02 6.802146e-03 1.011234e+01 5.485194e-02 9.873430e-01 1.488123e-01 2.531227e-02 -1.512258e-02 -1.481982e-01 9.888420e-01 -5.956636e+00
9.980894e-01 5.795424e-02 -2.142212e-02 1.029591e+01 -6.047969e-02 9.873123e-01 -1.468220e-01 2.576359e-02 1.264144e-02 1.478372e-01 9.889310e-01 -6.038566e+00
9.982490e-01 -5.911094e-02 2.206084e-03 1.045179e+01 5.810365e-02 9.868645e-01 1.507396e-01 2.502791e-02 -1.108754e-02 -1.503476e-01 9.885710e-01 -6.102191e+00
9.981375e-01 5.800667e-02 -1.888930e-02 1.063707e+01 -6.014370e-02 9.875274e-01 -1.455076e-01 2.460870e-02 1.021336e-02 1.463727e-01 9.891769e-01 -6.197633e+00
9.982909e-01 -5.840014e-02 2.152663e-03 1.084337e+01 5.742356e-02 9.871055e-01 1.494163e-01 2.509900e-02 -1.085091e-02 -1.490374e-01 9.887720e-01 -6.322129e+00
9.981508e-01 5.885633e-02 -1.519460e-02 1.090357e+01 -6.046719e-02 9.869630e-01 -1.491570e-01 2.498709e-02 6.217747e-03 1.498000e-01 9.886968e-01 -6.361139e+00
9.981702e-01 -6.017495e-02 5.935851e-03 1.081048e+01 5.863821e-02 9.872665e-01 1.478731e-01 2.545221e-02 -1.475859e-02 -1.472545e-01 9.889885e-01 -6.291250e+00
9.640536e-01 -2.647845e-01 -2.213141e-02 1.083752e+01 1.524064e-01 6.192749e-01 -7.702408e-01 5.351156e-02 2.176534e-01 7.391805e-01 6.373691e-01 -7.479487e+00
9.676612e-01 -2.303086e-01 1.029058e-01 1.223700e+01 7.303227e-02 6.462602e-01 7.596143e-01 4.441270e-02 -2.414497e-01 -7.275340e-01 6.421809e-01 -8.264746e+00
9.674359e-01 7.290349e-02 -2.423900e-01 1.213296e+01 -2.311188e-01 6.448999e-01 -7.284836e-01 4.537680e-02 1.032084e-01 7.607821e-01 6.407486e-01 -8.203659e+00
9.675539e-01 -2.306068e-01 1.032470e-01 1.204418e+01 7.294859e-02 6.461928e-01 7.596797e-01 4.592672e-02 -2.419048e-01 -7.274994e-01 6.420488e-01 -8.135724e+00
9.673639e-01 7.272938e-02 -2.427293e-01 1.194535e+01 -2.312691e-01 6.448615e-01 -7.284698e-01 4.719627e-02 1.035457e-01 7.608313e-01 6.406358e-01 -8.088161e+00
9.674373e-01 -2.310507e-01 1.033469e-01 1.186213e+01 7.324884e-02 6.464060e-01 7.594695e-01 4.761978e-02 -2.422801e-01 -7.271691e-01 6.422814e-01 -8.019788e+00
9.672218e-01 7.276600e-02 -2.432842e-01 1.178680e+01 -2.316847e-01 6.450473e-01 -7.281732e-01 4.805071e-02 1.039436e-01 7.606702e-01 6.407625e-01 -7.963777e+00
9.677876e-01 -2.301563e-01 1.020550e-01 1.171782e+01 7.362444e-02 6.463505e-01 7.594803e-01 4.928600e-02 -2.407626e-01 -7.275020e-01 6.424751e-01 -7.865429e+00
9.675300e-01 7.387576e-02 -2.417193e-01 1.166785e+01 -2.312206e-01 6.449735e-01 -7.283860e-01 4.793452e-02 1.020926e-01 7.606258e-01 6.411128e-01 -7.739627e+00
9.675618e-01 -2.312374e-01 1.017516e-01 1.160437e+01 7.468025e-02 6.465557e-01 7.592025e-01 4.790105e-02 -2.413442e-01 -7.269766e-01 6.428515e-01 -7.670569e+00
9.673067e-01 7.400723e-02 -2.425712e-01 1.154014e+01 -2.319154e-01 6.451955e-01 -7.279685e-01 4.817625e-02 1.026310e-01 7.604248e-01 6.412653e-01 -7.617623e+00
9.673453e-01 -2.320434e-01 1.019746e-01 1.147534e+01 7.508513e-02 6.466173e-01 7.591101e-01 4.871160e-02 -2.420851e-01 -7.266649e-01 6.429253e-01 -7.570603e+00
9.671319e-01 7.466041e-02 -2.430676e-01 1.140863e+01 -2.326901e-01 6.452949e-01 -7.276330e-01 4.926714e-02 1.025250e-01 7.602765e-01 6.414580e-01 -7.524724e+00
9.672341e-01 -2.324934e-01 1.020049e-01 1.133505e+01 7.543633e-02 6.468047e-01 7.589157e-01 4.958997e-02 -2.424202e-01 -7.263543e-01 6.431500e-01 -7.466427e+00
9.669769e-01 7.486939e-02 -2.436194e-01 1.126444e+01 -2.332267e-01 6.453775e-01 -7.273879e-01 5.007982e-02 1.027675e-01 7.601859e-01 6.415266e-01 -7.417466e+00
9.671773e-01 -2.329011e-01 1.016126e-01 1.120822e+01 7.599028e-02 6.466933e-01 7.589553e-01 4.984190e-02 -2.424738e-01 -7.263228e-01 6.431653e-01 -7.350811e+00
9.669389e-01 7.539071e-02 -2.436092e-01 1.115726e+01 -2.335342e-01 6.454949e-01 -7.271851e-01 4.916753e-02 1.024256e-01 7.600347e-01 6.417604e-01 -7.252614e+00
9.670397e-01 -2.334101e-01 1.017540e-01 1.112404e+01 7.620305e-02 6.466034e-01 7.590105e-01 4.868198e-02 -2.429553e-01 -7.262394e-01 6.430778e-01 -7.176134e+00
9.667933e-01 7.549334e-02 -2.441546e-01 1.107751e+01 -2.339903e-01 6.456374e-01 -7.269119e-01 4.833682e-02 1.027585e-01 7.599034e-01 6.418626e-01 -7.107151e+00
9.668764e-01 -2.338909e-01 1.022008e-01 1.102857e+01 7.632167e-02 6.470064e-01 7.586552e-01 4.831093e-02 -2.435672e-01 -7.257257e-01 6.434262e-01 -7.045861e+00
9.667146e-01 7.551848e-02 -2.444584e-01 1.096099e+01 -2.342152e-01 6.457809e-01 -7.267120e-01 4.850947e-02 1.029865e-01 7.597790e-01 6.419734e-01 -6.974415e+00
9.668128e-01 -2.340090e-01 1.025315e-01 1.088172e+01 7.626265e-02 6.473584e-01 7.583607e-01 4.920786e-02 -2.438379e-01 -7.253736e-01 6.437206e-01 -6.924757e+00
9.665765e-01 7.574041e-02 -2.449354e-01 1.080310e+01 -2.347049e-01 6.458534e-01 -7.264895e-01 4.978215e-02 1.031679e-01 7.596952e-01 6.420433e-01 -6.870199e+00
9.666481e-01 -2.345356e-01 1.028806e-01 1.072073e+01 7.644415e-02 6.476214e-01 7.581179e-01 5.037856e-02 -2.444334e-01 -7.249687e-01 6.439509e-01 -6.814708e+00
9.664306e-01 7.602335e-02 -2.454231e-01 1.063212e+01 -2.352353e-01 6.459698e-01 -7.262144e-01 5.113060e-02 1.033267e-01 7.595680e-01 6.421683e-01 -6.760624e+00
9.664893e-01 -2.352937e-01 1.026412e-01 1.056342e+01 7.719036e-02 6.477106e-01 7.579660e-01 5.123022e-02 -2.448265e-01 -7.246432e-01 6.441678e-01 -6.698921e+00
9.662132e-01 7.646421e-02 -2.461408e-01 1.051147e+01 -2.359922e-01 6.464276e-01 -7.255612e-01 5.132238e-02 1.036328e-01 7.591342e-01 6.426318e-01 -6.645600e+00
9.662771e-01 -2.360532e-01 1.028952e-01 1.045017e+01 7.760183e-02 6.479499e-01 7.577195e-01 5.166929e-02 -2.455331e-01 -7.241822e-01 6.444173e-01 -6.594180e+00
9.659903e-01 7.681798e-02 -2.469044e-01 1.039491e+01 -2.367613e-01 6.466404e-01 -7.251209e-01 5.147581e-02 1.039561e-01 7.589172e-01 6.428359e-01 -6.527994e+00
9.660518e-01 -2.365543e-01 1.038549e-01 1.033454e+01 7.711740e-02 6.477107e-01 7.579734e-01 5.244086e-02 -2.465699e-01 -7.242326e-01 6.439646e-01 -6.485596e+00
9.657693e-01 7.653915e-02 -2.478538e-01 1.026008e+01 -2.373657e-01 6.461406e-01 -7.253688e-01 5.287442e-02 1.046294e-01 7.593709e-01 6.421905e-01 -6.426461e+00
9.659068e-01 -2.370589e-01 1.040533e-01 1.017907e+01 7.734905e-02 6.478139e-01 7.578616e-01 5.375963e-02 -2.470651e-01 -7.239753e-01 6.440641e-01 -6.385278e+00
9.656501e-01 7.694458e-02 -2.481927e-01 1.011015e+01 -2.378641e-01 6.462388e-01 -7.251180e-01 5.400434e-02 1.045979e-01 7.592464e-01 6.423428e-01 -6.330839e+00
9.657365e-01 -2.376673e-01 1.042457e-01 1.004440e+01 7.763594e-02 6.478522e-01 7.577995e-01 5.406486e-02 -2.476400e-01 -7.237415e-01 6.441061e-01 -6.265446e+00
9.655847e-01 7.738301e-02 -2.483106e-01 9.964577e+00 -2.381917e-01 6.465259e-01 -7.247544e-01 5.490241e-02 1.044556e-01 7.589573e-01 6.427075e-01 -6.209542e+00
9.658581e-01 -2.380350e-01 1.022615e-01 9.944084e+00 7.951233e-02 6.480365e-01 7.574472e-01 5.557322e-02 -2.465682e-01 -7.234556e-01 6.448381e-01 -6.240686e+00
9.649582e-01 7.912543e-02 -2.501899e-01 9.988849e+00 -2.405393e-01 6.477590e-01 -7.228756e-01 5.479447e-02 1.048650e-01 7.577253e-01 6.440931e-01 -6.306977e+00
9.651357e-01 -2.417996e-01 1.002294e-01 1.002719e+01 8.383829e-02 6.483178e-01 7.567398e-01 5.388406e-02 -2.479599e-01 -7.219536e-01 6.459867e-01 -6.376112e+00
9.642834e-01 8.479505e-02 -2.509331e-01 1.001800e+01 -2.446300e-01 6.483468e-01 -7.209733e-01 5.512036e-02 1.015568e-01 7.566084e-01 6.459335e-01 -6.408467e+00
9.643444e-01 -2.449587e-01 1.001745e-01 9.976084e+00 8.659058e-02 6.497291e-01 7.552179e-01 5.582763e-02 -2.500835e-01 -7.196161e-01 6.477738e-01 -6.392204e+00
9.639044e-01 8.537322e-02 -2.521901e-01 9.950968e+00 -2.459097e-01 6.485624e-01 -7.203438e-01 5.569157e-02 1.020631e-01 7.563586e-01 6.461462e-01 -6.359593e+00
9.663561e-01 -2.399617e-01 9.259644e-02 9.969001e+00 8.633812e-02 6.417502e-01 7.620382e-01 5.688641e-02 -2.422838e-01 -7.284058e-01 6.408772e-01 -6.366685e+00
9.621034e-01 9.462968e-02 -2.557389e-01 1.007260e+01 -2.546451e-01 6.472435e-01 -7.184927e-01 5.680409e-02 9.753469e-02 7.563869e-01 6.468121e-01 -6.377607e+00
9.621948e-01 -2.543989e-01 9.727434e-02 9.984889e+00 9.527184e-02 6.489641e-01 7.548303e-01 5.761926e-02 -2.551556e-01 -7.170263e-01 6.486670e-01 -6.332284e+00
9.619124e-01 9.434128e-02 -2.565626e-01 9.916333e+00 -2.550567e-01 6.473927e-01 -7.182122e-01 5.786704e-02 9.833979e-02 7.562952e-01 6.467974e-01 -6.279012e+00
9.619246e-01 -2.553441e-01 9.747017e-02 9.862451e+00 9.574547e-02 6.488416e-01 7.548756e-01 5.801381e-02 -2.559958e-01 -7.168012e-01 6.485848e-01 -6.228098e+00
9.617776e-01 9.497402e-02 -2.568342e-01 9.824616e+00 -2.556106e-01 6.478004e-01 -7.176474e-01 5.859726e-02 9.821952e-02 7.558668e-01 6.473163e-01 -6.194467e+00
9.617320e-01 -2.563388e-01 9.675683e-02 9.806132e+00 9.718718e-02 6.493315e-01 7.542699e-01 5.866302e-02 -2.561760e-01 -7.160021e-01 6.493958e-01 -6.160592e+00
9.609111e-01 9.617782e-02 -2.596148e-01 9.824247e+00 -2.583944e-01 6.482540e-01 -7.162395e-01 5.812681e-02 9.941010e-02 7.553255e-01 6.477663e-01 -6.138483e+00
9.624950e-01 -2.549546e-01 9.274374e-02 9.915792e+00 9.914825e-02 6.487635e-01 7.545035e-01 5.765201e-02 -2.525330e-01 -7.170105e-01 6.497099e-01 -6.139471e+00
9.579573e-01 3.689344e-02 -2.845290e-01 1.056083e+01 -2.338658e-01 6.748954e-01 -6.998735e-01 5.164575e-02 1.662066e-01 7.369906e-01 6.551491e-01 -6.327592e+00
9.582575e-01 -2.346898e-01 1.632887e-01 1.059171e+01 4.017139e-02 6.759820e-01 7.358223e-01 5.151616e-02 -2.830703e-01 -6.985478e-01 6.571926e-01 -6.309024e+00
9.575320e-01 3.977365e-02 -2.855705e-01 1.056945e+01 -2.364137e-01 6.752682e-01 -6.986569e-01 5.149824e-02 1.650487e-01 7.364992e-01 6.559939e-01 -6.263130e+00
9.576449e-01 -2.364667e-01 1.643156e-01 1.051853e+01 4.097379e-02 6.767327e-01 7.350877e-01 5.112764e-02 -2.850215e-01 -6.972204e-01 6.577586e-01 -6.192599e+00
9.568112e-01 4.019723e-02 -2.879175e-01 1.053823e+01 -2.388957e-01 6.730713e-01 -6.999313e-01 5.026944e-02 1.656538e-01 7.384844e-01 6.536051e-01 -6.194464e+00
9.332901e-01 -3.056119e-01 1.886025e-01 1.088284e+01 1.591847e-01 8.228107e-01 5.455664e-01 5.623087e-02 -3.219158e-01 -4.791491e-01 8.165699e-01 -6.535242e+00
9.299406e-01 6.266038e-02 -3.623317e-01 1.169920e+01 -2.424434e-01 8.453374e-01 -4.760524e-01 5.281464e-02 2.764630e-01 5.305454e-01 8.013051e-01 -6.844584e+00
9.369828e-01 -2.397746e-01 2.541088e-01 1.198717e+01 6.959720e-02 8.408442e-01 5.367842e-01 5.149201e-02 -3.423731e-01 -4.852723e-01 8.045442e-01 -6.875997e+00
9.360056e-01 6.918469e-02 -3.451190e-01 1.199683e+01 -2.409924e-01 8.406017e-01 -4.850892e-01 5.098349e-02 2.565470e-01 5.372172e-01 8.034808e-01 -6.811036e+00
9.379393e-01 -2.359615e-01 2.541494e-01 1.208982e+01 6.744720e-02 8.429646e-01 5.337243e-01 5.038836e-02 -3.401774e-01 -4.834593e-01 8.065646e-01 -6.806091e+00
9.350724e-01 7.365480e-02 -3.467199e-01 1.226508e+01 -2.440727e-01 8.431243e-01 -4.791345e-01 5.187561e-02 2.570375e-01 5.326503e-01 8.063594e-01 -6.822990e+00
9.362400e-01 -2.419513e-01 2.547826e-01 1.233594e+01 7.274902e-02 8.429032e-01 5.331246e-01 5.437586e-02 -3.437473e-01 -4.805974e-01 8.067614e-01 -6.884267e+00
9.355663e-01 7.555137e-02 -3.449751e-01 1.237171e+01 -2.447965e-01 8.428194e-01 -4.793018e-01 5.731370e-02 2.545399e-01 5.328673e-01 8.070080e-01 -6.941769e+00
9.364672e-01 -2.436506e-01 2.523161e-01 1.237247e+01 7.605114e-02 8.432844e-01 5.320597e-01 5.884807e-02 -3.424110e-01 -4.790676e-01 8.082382e-01 -6.975154e+00
9.359124e-01 7.559318e-02 -3.440257e-01 1.235339e+01 -2.443626e-01 8.427771e-01 -4.795973e-01 5.835070e-02 2.536828e-01 5.329281e-01 8.072377e-01 -6.902977e+00
9.362830e-01 -2.440500e-01 2.526135e-01 1.229565e+01 7.657968e-02 8.437235e-01 5.312873e-01 5.890978e-02 -3.427967e-01 -4.780903e-01 8.086533e-01 -6.869123e+00
9.350695e-01 7.756928e-02 -3.458730e-01 1.228580e+01 -2.467390e-01 8.429912e-01 -4.780018e-01 5.886173e-02 2.544897e-01 5.323052e-01 8.073947e-01 -6.812248e+00
9.391032e-01 -2.400232e-01 2.459146e-01 1.240040e+01 7.514430e-02 8.417465e-01 5.346178e-01 5.822459e-02 -3.353184e-01 -4.835822e-01 8.085232e-01 -6.653611e+00
9.303312e-01 1.010176e-01 -3.525327e-01 1.298379e+01 -2.832603e-01 8.084944e-01 -5.158492e-01 5.903158e-02 2.329110e-01 5.797692e-01 7.807818e-01 -6.222015e+00
9.313235e-01 -2.845254e-01 2.273361e-01 1.367129e+01 1.048081e-01 8.072012e-01 5.808971e-01 5.176592e-02 -3.487860e-01 -5.171765e-01 7.815861e-01 -6.067325e+00
9.282364e-01 1.170627e-01 -3.530914e-01 1.390115e+01 -2.957674e-01 8.079278e-01 -5.096807e-01 5.361614e-02 2.256079e-01 5.775371e-01 7.845713e-01 -5.937469e+00
9.007822e-01 -3.289970e-01 2.834647e-01 1.402074e+01 1.201212e-01 8.160297e-01 5.653904e-01 5.885121e-02 -4.173275e-01 -4.752436e-01 7.745846e-01 -6.027204e+00
8.903499e-01 1.339367e-01 -4.351300e-01 1.435574e+01 -3.485360e-01 8.154283e-01 -4.621680e-01 5.884626e-02 2.929161e-01 5.631498e-01 7.726982e-01 -5.984719e+00
8.936054e-01 -3.456363e-01 2.863648e-01 1.448027e+01 1.351886e-01 8.156180e-01 5.625756e-01 5.831998e-02 -4.280109e-01 -4.640074e-01 7.755668e-01 -5.881777e+00
8.899862e-01 1.407532e-01 -4.337201e-01 1.459359e+01 -3.535819e-01 8.136326e-01 -4.614996e-01 5.981647e-02 2.879313e-01 5.640839e-01 7.738895e-01 -5.696226e+00
9.022861e-01 -3.233236e-01 2.852043e-01 1.464418e+01 1.250307e-01 8.293184e-01 5.446083e-01 7.622149e-02 -4.126100e-01 -4.557333e-01 7.887079e-01 -5.476222e+00
8.639324e-01 1.310025e-01 -4.862707e-01 1.517947e+01 -3.547808e-01 8.436121e-01 -4.030499e-01 7.657044e-02 3.574234e-01 5.207274e-01 7.753010e-01 -5.729583e+00
8.840214e-01 -3.517286e-01 3.078847e-01 1.586394e+01 1.390252e-01 8.266816e-01 5.452243e-01 7.639199e-02 -4.462936e-01 -4.391863e-01 7.797034e-01 -5.649424e+00
8.739849e-01 1.484675e-01 -4.627180e-01 1.583217e+01 -3.595777e-01 8.380848e-01 -4.102653e-01 8.667230e-02 3.268859e-01 5.249488e-01 7.858590e-01 -5.425253e+00
8.792453e-01 -3.509648e-01 3.221044e-01 1.609748e+01 1.485214e-01 8.444269e-01 5.146694e-01 8.882080e-02 -4.526245e-01 -4.046813e-01 7.945842e-01 -5.392695e+00
8.738521e-01 1.565444e-01 -4.603005e-01 1.624418e+01 -3.603573e-01 8.440952e-01 -3.970465e-01 9.442349e-02 3.263821e-01 5.128326e-01 7.940262e-01 -5.353502e+00
8.691731e-01 -3.418794e-01 3.572905e-01 1.631936e+01 2.101321e-01 9.093848e-01 3.589759e-01 1.207102e-01 -4.476411e-01 -2.369340e-01 8.622527e-01 -6.250564e+00
8.391206e-01 2.329422e-01 -4.915431e-01 1.731708e+01 -3.437639e-01 9.274254e-01 -1.473379e-01 1.183008e-01 4.215484e-01 2.926091e-01 8.582988e-01 -6.354066e+00
8.414893e-01 -3.385496e-01 4.210460e-01 1.723012e+01 2.288076e-01 9.292947e-01 2.899281e-01 1.157592e-01 -4.894309e-01 -1.476328e-01 8.594544e-01 -6.091677e+00
8.389231e-01 2.343645e-01 -4.912041e-01 1.721671e+01 -3.454687e-01 9.267070e-01 -1.478703e-01 1.151708e-01 4.205468e-01 2.937475e-01 8.584013e-01 -5.764209e+00
8.423147e-01 -3.384884e-01 4.194418e-01 1.719203e+01 2.277054e-01 9.288264e-01 2.922869e-01 1.168345e-01 -4.885244e-01 -1.506884e-01 8.594399e-01 -5.403160e+00
8.396288e-01 2.336786e-01 -4.903243e-01 1.718098e+01 -3.458799e-01 9.260580e-01 -1.509425e-01 1.182448e-01 4.187968e-01 2.963290e-01 8.583696e-01 -5.085095e+00
8.424831e-01 -3.390911e-01 4.186160e-01 1.715956e+01 2.271458e-01 9.281936e-01 2.947225e-01 1.153296e-01 -4.884945e-01 -1.532119e-01 8.590106e-01 -4.744593e+00
8.383762e-01 2.353950e-01 -4.916449e-01 1.716725e+01 -3.486129e-01 9.249206e-01 -1.516280e-01 1.165053e-01 4.190400e-01 2.985150e-01 8.574930e-01 -4.377341e+00
8.415212e-01 -3.425094e-01 4.177670e-01 1.717576e+01 2.299765e-01 9.268787e-01 2.966592e-01 1.155820e-01 -4.888280e-01 -1.535684e-01 8.587572e-01 -4.086985e+00
8.403448e-01 2.349270e-01 -4.884977e-01 1.713438e+01 -3.479798e-01 9.247886e-01 -1.538703e-01 1.204437e-01 4.156088e-01 2.992915e-01 8.588911e-01 -3.931349e+00
8.400384e-01 -3.446687e-01 4.189735e-01 1.702762e+01 2.294797e-01 9.255138e-01 3.012693e-01 1.256280e-01 -4.916039e-01 -1.569319e-01 8.565617e-01 -3.856776e+00
8.399301e-01 2.347183e-01 -4.893106e-01 1.691906e+01 -3.491954e-01 9.239380e-01 -1.562088e-01 1.311576e-01 4.154276e-01 3.020696e-01 8.580058e-01 -3.835065e+00
8.417395e-01 -3.464933e-01 4.140251e-01 1.680575e+01 2.321270e-01 9.246480e-01 3.018991e-01 1.341128e-01 -4.874336e-01 -1.580140e-01 8.587433e-01 -3.789249e+00
8.380230e-01 2.374350e-01 -4.912658e-01 1.675416e+01 -3.534742e-01 9.221244e-01 -1.572975e-01 1.348737e-01 4.156603e-01 3.054688e-01 8.566886e-01 -3.566077e+00
8.373324e-01 -3.509089e-01 4.192103e-01 1.672163e+01 2.339657e-01 9.230541e-01 3.053377e-01 1.353491e-01 -4.940995e-01 -1.575883e-01 8.550039e-01 -3.328019e+00
8.366850e-01 2.365296e-01 -4.939759e-01 1.662771e+01 -3.539217e-01 9.218205e-01 -1.580707e-01 1.360345e-01 4.179687e-01 3.070842e-01 8.549863e-01 -3.146634e+00
8.377823e-01 -3.510585e-01 4.181848e-01 1.659142e+01 2.336475e-01 9.227373e-01 3.065366e-01 1.332288e-01 -4.934871e-01 -1.591031e-01 8.550770e-01 -2.894457e+00
8.374523e-01 2.386267e-01 -4.916615e-01 1.671845e+01 -3.555354e-01 9.211216e-01 -1.585232e-01 1.365194e-01 4.150522e-01 3.075588e-01 8.562356e-01 -2.705123e+00
8.402506e-01 -3.467812e-01 4.167993e-01 1.685219e+01 2.270273e-01 9.231117e-01 3.103601e-01 1.435572e-01 -4.923794e-01 -1.661555e-01 8.543740e-01 -2.775795e+00
8.791223e-01 1.747527e-01 -4.434022e-01 1.689311e+01 -2.913121e-01 9.333556e-01 -2.097252e-01 1.496702e-01 3.772019e-01 3.135426e-01 8.714412e-01 -2.812902e+00
8.788744e-01 -2.882840e-01 3.800947e-01 1.692248e+01 1.716263e-01 9.344800e-01 3.119158e-01 1.474304e-01 -4.451113e-01 -2.089006e-01 8.707677e-01 -2.520724e+00
8.740187e-01 1.793522e-01 -4.515797e-01 1.692556e+01 -2.976715e-01 9.322011e-01 -2.058954e-01 1.480449e-01 3.840353e-01 3.143788e-01 8.681491e-01 -2.372086e+00
8.694452e-01 -2.781792e-01 4.082662e-01 1.699205e+01 1.670873e-01 9.432794e-01 2.868898e-01 1.539971e-01 -4.649160e-01 -1.812189e-01 8.666100e-01 -2.362551e+00
8.552458e-01 1.674079e-01 -4.904379e-01 1.708764e+01 -2.899227e-01 9.389872e-01 -1.850619e-01 1.640003e-01 4.295341e-01 3.004626e-01 8.516001e-01 -2.527382e+00
8.817751e-01 -2.956072e-01 3.675445e-01 1.783613e+01 1.702185e-01 9.261639e-01 3.365204e-01 1.661303e-01 -4.398844e-01 -2.341725e-01 8.669862e-01 -2.480609e+00
8.741035e-01 1.774522e-01 -4.521658e-01 1.793289e+01 -3.033228e-01 9.264818e-01 -2.227707e-01 1.681402e-01 3.793922e-01 3.318769e-01 8.636662e-01 -2.379263e+00
8.832366e-01 -2.988855e-01 3.613315e-01 1.814604e+01 1.782818e-01 9.267183e-01 3.307698e-01 1.789017e-01 -4.337148e-01 -2.277292e-01 8.717975e-01 -2.318162e+00
8.713588e-01 2.094190e-01 -4.437090e-01 1.830932e+01 -3.226257e-01 9.258883e-01 -1.965797e-01 1.905602e-01 3.696575e-01 3.144434e-01 8.743447e-01 -2.281835e+00
