9.999999e-01 2.030946e-04 4.239334e-04 -9.981245e-02 -2.021853e-04 9.999977e-01 -2.143834e-03 1.023258e-03 -4.243679e-04 2.143747e-03 9.999977e-01 8.816887e-02
9.999091e-01 -1.131884e-02 -7.326439e-03 -3.711981e-02 1.071079e-02 9.968727e-01 -7.829445e-02 8.609170e-03 8.189729e-03 7.820885e-02 9.969033e-01 -1.706381e-01
9.869612e-01 -1.464181e-01 -6.685278e-02 7.631808e-01 1.518464e-01 9.847427e-01 8.499702e-02 5.815908e-03 5.338769e-02 -9.404011e-02 9.941360e-01 -4.487171e-01
9.872848e-01 1.497225e-01 5.340233e-02 6.466785e-01 -1.439977e-01 9.846644e-01 -9.849205e-02 6.217429e-03 -6.732986e-02 8.954989e-02 9.937038e-01 -3.269029e-01
9.873136e-01 -1.438101e-01 -6.730924e-02 5.411342e-01 1.494199e-01 9.848996e-01 8.744415e-02 6.872087e-03 5.371750e-02 -9.639213e-02 9.938929e-01 -2.492511e-01
9.911481e-01 1.229918e-01 4.998442e-02 4.736781e-01 -1.106125e-01 9.732417e-01 -2.014088e-01 9.205457e-03 -7.341856e-02 1.940970e-01 9.782310e-01 -2.156671e-01
9.842175e-01 -1.110077e-01 -1.378157e-01 1.122309e+00 1.443252e-01 9.541781e-01 2.621344e-01 1.379970e-02 1.024018e-01 -2.778875e-01 9.551401e-01 -2.802814e-01
9.974314e-01 6.724361e-02 2.467451e-02 1.471222e+00 -4.959997e-02 8.969410e-01 -4.393593e-01 2.378974e-02 -5.167571e-02 4.370069e-01 8.979724e-01 -8.830766e-01
9.857596e-01 -1.218700e-01 -1.158690e-01 2.036916e+00 1.618532e-01 8.745502e-01 4.571275e-01 2.064941e-02 4.562314e-02 -4.693716e-01 8.818214e-01 -1.103242e+00
9.857787e-01 1.621377e-01 4.417745e-02 1.931888e+00 -1.225542e-01 8.734919e-01 -4.711606e-01 2.214711e-02 -1.149816e-01 4.590460e-01 8.809403e-01 -1.069351e+00
9.856918e-01 -1.228393e-01 -1.154217e-01 1.842593e+00 1.624948e-01 8.745040e-01 4.569882e-01 2.285869e-02 4.480066e-02 -4.692049e-01 8.819523e-01 -1.012714e+00
9.857404e-01 1.625425e-01 4.354155e-02 1.757759e+00 -1.231958e-01 8.733575e-01 -4.712425e-01 2.348225e-02 -1.146243e-01 4.591586e-01 8.809282e-01 -9.618805e-01
9.363316e-01 -3.472176e-01 -5.218301e-02 1.789616e+00 3.492282e-01 9.363469e-01 3.597506e-02 4.485702e-02 3.637027e-02 -5.190831e-02 9.979894e-01 -1.846925e+00
9.573502e-01 2.883685e-01 -1.800297e-02 2.793775e+00 -2.879938e-01 9.574059e-01 2.081970e-02 4.887990e-02 2.323987e-02 -1.474706e-02 9.996211e-01 -2.862682e+00
9.314327e-01 -3.623323e-01 -3.388942e-02 3.562570e+00 3.617516e-01 9.320114e-01 -2.214681e-02 4.998148e-02 3.960989e-02 8.368757e-03 9.991803e-01 -3.236058e+00
9.281423e-01 3.719941e-01 1.312266e-02 3.945531e+00 -3.720535e-01 9.260649e-01 6.308778e-02 5.112959e-02 1.131581e-02 -6.343683e-02 9.979216e-01 -3.295355e+00
9.280671e-01 -3.722503e-01 1.100642e-02 3.896425e+00 3.721403e-01 9.258516e-01 -6.565404e-02 5.036843e-02 1.424949e-02 6.502732e-02 9.977818e-01 -3.203601e+00
9.282084e-01 3.718435e-01 1.271360e-02 3.842563e+00 -3.718734e-01 9.261143e-01 6.342301e-02 4.981893e-02 1.180915e-02 -6.359767e-02 9.979057e-01 -3.122540e+00
9.280775e-01 -3.721986e-01 1.184423e-02 3.781834e+00 3.721395e-01 9.258317e-01 -6.593823e-02 5.020040e-02 1.357641e-02 6.560354e-02 9.977535e-01 -3.074680e+00
9.278234e-01 3.728078e-01 1.257052e-02 3.682338e+00 -3.728129e-01 9.256606e-01 6.452195e-02 5.264627e-02 1.241821e-02 -6.455149e-02 9.978370e-01 -3.059375e+00
9.280934e-01 -3.721447e-01 1.228706e-02 3.592410e+00 3.721071e-01 9.258036e-01 -6.651373e-02 5.513941e-02 1.337738e-02 6.630309e-02 9.977099e-01 -3.062500e+00
9.272434e-01 3.743270e-01 9.947694e-03 3.555141e+00 -3.741515e-01 9.250779e-01 6.512748e-02 5.661719e-02 1.517655e-02 -6.411103e-02 9.978273e-01 -3.203013e+00
9.281542e-01 -3.717929e-01 1.731220e-02 3.505745e+00 3.720862e-01 9.257477e-01 -6.740320e-02 6.306509e-02 9.033358e-03 6.900223e-02 9.975757e-01 -3.436740e+00
9.273541e-01 3.740086e-01 1.148884e-02 3.377625e+00 -3.739519e-01 9.252557e-01 6.373306e-02 7.689980e-02 1.320656e-02 -6.339944e-02 9.979008e-01 -3.558837e+00
9.276187e-01 -3.732961e-01 1.317487e-02 3.314393e+00 3.733278e-01 9.253873e-01 -6.545712e-02 7.775309e-02 1.224308e-02 6.563783e-02 9.977685e-01 -3.574078e+00
9.267907e-01 3.753781e-01 1.225769e-02 3.236065e+00 -3.753416e-01 9.245547e-01 6.570563e-02 8.226095e-02 1.333152e-02 -6.549624e-02 9.977637e-01 -3.614840e+00
9.276872e-01 -3.731307e-01 1.303622e-02 3.126792e+00 3.731493e-01 9.254342e-01 -6.581143e-02 8.703107e-02 1.249216e-02 6.591692e-02 9.977470e-01 -3.686619e+00
9.262421e-01 3.766919e-01 1.337044e-02 2.979120e+00 -3.767178e-01 9.239528e-01 6.629409e-02 9.371765e-02 1.261875e-02 -6.644132e-02 9.977105e-01 -3.775016e+00
9.275854e-01 -3.733927e-01 1.277882e-02 2.821227e+00 3.733857e-01 9.252943e-01 -6.643560e-02 1.001556e-01 1.298245e-02 6.639616e-02 9.977090e-01 -3.866659e+00
9.256836e-01 3.781060e-01 1.207186e-02 2.754019e+00 -3.780543e-01 9.234675e-01 6.544220e-02 1.050098e-01 1.359608e-02 -6.514265e-02 9.977832e-01 -3.972043e+00
9.267554e-01 -3.755236e-01 1.031693e-02 2.687097e+00 3.753608e-01 9.245494e-01 -6.567085e-02 1.105449e-01 1.512250e-02 6.473342e-02 9.977881e-01 -3.988134e+00
9.254437e-01 3.785735e-01 1.536529e-02 2.541847e+00 -3.787449e-01 9.232365e-01 6.470420e-02 1.162897e-01 1.030946e-02 -6.569967e-02 9.977861e-01 -4.062284e+00
9.267080e-01 -3.756321e-01 1.062456e-02 2.400096e+00 3.754888e-01 9.244969e-01 -6.567880e-02 1.218863e-01 1.484874e-02 6.485451e-02 9.977843e-01 -4.132994e+00
9.254907e-01 3.784583e-01 1.536780e-02 2.266728e+00 -3.786329e-01 9.233009e-01 6.444080e-02 1.273662e-01 1.019902e-02 -6.545818e-02 9.978031e-01 -4.197600e+00
9.264434e-01 -3.762382e-01 1.214680e-02 2.146162e+00 3.761957e-01 9.242257e-01 -6.545041e-02 1.321614e-01 1.339861e-02 6.520572e-02 9.977820e-01 -4.222951e+00
9.253864e-01 3.787590e-01 1.420146e-02 2.040718e+00 -3.788491e-01 9.231655e-01 6.510534e-02 1.370149e-01 1.154890e-02 -6.562787e-02 9.977772e-01 -4.259265e+00
9.264543e-01 -3.762210e-01 1.183797e-02 1.922580e+00 3.761558e-01 9.242279e-01 -6.564822e-02 1.420955e-01 1.375731e-02 6.527304e-02 9.977727e-01 -4.320539e+00
9.255138e-01 3.784550e-01 1.400046e-02 1.814969e+00 -3.785390e-01 9.233305e-01 6.456854e-02 1.463562e-01 1.150919e-02 -6.505885e-02 9.978150e-01 -4.363772e+00
9.278670e-01 -3.727394e-01 1.131785e-02 1.815083e+00 3.726458e-01 9.256346e-01 -6.584569e-02 1.496919e-01 1.406715e-02 6.531363e-02 9.977657e-01 -4.411419e+00
9.269508e-01 3.750861e-01 8.515032e-03 1.825313e+00 -3.747625e-01 9.245999e-01 6.832353e-02 1.533974e-01 1.775417e-02 -6.652373e-02 9.976268e-01 -4.441533e+00
9.283572e-01 -3.711060e-01 2.081588e-02 1.750746e+00 3.716464e-01 9.259417e-01 -6.716379e-02 1.585167e-01 5.650643e-03 7.008817e-02 9.975249e-01 -4.511336e+00
9.278703e-01 3.728803e-01 4.110473e-03 1.680055e+00 -3.722453e-01 9.255232e-01 6.957193e-02 1.626324e-01 2.213763e-02 -6.608389e-02 9.975684e-01 -4.477950e+00
9.286893e-01 -3.700322e-01 2.474619e-02 1.585981e+00 3.708574e-01 9.264374e-01 -6.464128e-02 1.676416e-01 9.936075e-04 6.920901e-02 9.976018e-01 -4.471844e+00
9.273719e-01 3.741377e-01 1.510603e-03 1.510941e+00 -3.733019e-01 9.250150e-01 7.065997e-02 1.725047e-01 2.503919e-02 -6.609205e-02 9.974992e-01 -4.525919e+00
9.282517e-01 -3.711002e-01 2.517004e-02 1.450934e+00 3.719491e-01 9.258151e-01 -6.723274e-02 1.765313e-01 1.647334e-03 7.177092e-02 9.974199e-01 -4.575536e+00
9.258202e-01 3.779621e-01 1.293606e-03 1.361680e+00 -3.769872e-01 9.231755e-01 7.501704e-02 1.812146e-01 2.715933e-02 -6.994002e-02 9.971813e-01 -4.603290e+00
9.269852e-01 -3.739800e-01 2.893747e-02 1.311125e+00 3.750971e-01 9.243784e-01 -6.947510e-02 1.869847e-01 -7.668197e-04 7.525679e-02 9.971640e-01 -4.653834e+00
9.262626e-01 3.768777e-01 9.250745e-04 1.230936e+00 -3.758981e-01 9.236725e-01 7.436247e-02 1.899762e-01 2.717105e-02 -6.922696e-02 9.972308e-01 -4.597274e+00
9.276005e-01 -3.726282e-01 2.656084e-02 1.235824e+00 3.735711e-01 9.249841e-01 -6.963534e-02 1.917215e-01 1.379792e-03 7.451619e-02 9.972189e-01 -4.598415e+00
9.790601e-01 1.972987e-01 -5.014583e-02 1.844063e+00 -1.959575e-01 9.801399e-01 3.043665e-02 1.877708e-01 5.515500e-02 -1.997291e-02 9.982779e-01 -4.638825e+00
9.821873e-01 -1.856216e-01 2.920193e-02 2.208474e+00 1.861124e-01 9.824128e-01 -1.507690e-02 1.935912e-01 -2.588969e-02 2.024322e-02 9.994599e-01 -4.663830e+00
9.811194e-01 1.903630e-01 -3.415688e-02 2.274258e+00 -1.898499e-01 9.816533e-01 1.771527e-02 1.960046e-01 3.690249e-02 -1.089617e-02 9.992594e-01 -4.600578e+00
9.837578e-01 -1.790845e-01 1.222171e-02 2.385216e+00 1.792347e-01 9.837263e-01 -1.255087e-02 2.022204e-01 -9.775091e-03 1.453762e-02 9.998466e-01 -4.541349e+00
9.827342e-01 1.822778e-01 -3.175243e-02 2.553276e+00 -1.818885e-01 9.832082e-01 1.477129e-02 2.092035e-01 3.391167e-02 -8.740910e-03 9.993865e-01 -4.588624e+00
9.827475e-01 -1.847847e-01 7.872550e-03 2.702899e+00 1.849082e-01 9.825521e-01 -2.000938e-02 2.209365e-01 -4.037698e-03 2.111991e-02 9.997689e-01 -4.647658e+00
9.832687e-01 1.794020e-01 -3.158321e-02 2.864281e+00 -1.788121e-01 9.836670e-01 2.062784e-02 2.361507e-01 3.476798e-02 -1.463530e-02 9.992882e-01 -4.657521e+00
9.862011e-01 -1.653691e-01 7.770960e-03 3.069647e+00 1.653398e-01 9.862274e-01 4.281166e-03 2.496537e-01 -8.371838e-03 -2.937199e-03 9.999607e-01 -4.793365e+00
9.828251e-01 1.824847e-01 -2.746064e-02 3.336344e+00 -1.818111e-01 9.830075e-01 2.531830e-02 2.630145e-01 3.161416e-02 -1.989086e-02 9.993021e-01 -4.956097e+00
9.864850e-01 -1.638380e-01 2.103628e-03 3.550846e+00 1.638227e-01 9.864711e-01 6.081763e-03 2.723060e-01 -3.071521e-03 -5.654906e-03 9.999794e-01 -5.187643e+00
9.823316e-01 1.853673e-01 -2.575753e-02 3.771896e+00 -1.846097e-01 9.823773e-01 2.922384e-02 2.850291e-01 3.072069e-02 -2.395246e-02 9.992409e-01 -5.397115e+00
9.864254e-01 -1.641846e-01 -2.893850e-03 4.013097e+00 1.641842e-01 9.864296e-01 -3.944024e-04 2.975252e-01 2.919408e-03 -8.604013e-05 9.999958e-01 -5.599273e+00
9.810876e-01 1.933198e-01 -9.721770e-03 4.287105e+00 -1.927111e-01 9.802415e-01 4.459914e-02 3.130675e-01 1.815151e-02 -4.188222e-02 9.989576e-01 -5.698855e+00
9.833114e-01 -1.818878e-01 -3.935688e-03 4.508564e+00 1.816208e-01 9.826699e-01 -3.706415e-02 3.215733e-01 1.060907e-02 3.573083e-02 9.993052e-01 -5.749061e+00
9.780378e-01 2.080545e-01 -1.246749e-02 4.680808e+00 -2.083085e-01 9.777511e-01 -2.470376e-02 3.338603e-01 7.050306e-03 2.675824e-02 9.996170e-01 -5.760591e+00
9.758929e-01 -2.124060e-01 -5.016780e-02 5.173787e+00 2.094137e-01 9.760525e-01 -5.888440e-02 3.667453e-01 6.147389e-02 4.695908e-02 9.970035e-01 -6.147153e+00
9.917697e-01 1.267086e-01 -1.837505e-02 6.168968e+00 -1.239240e-01 9.860667e-01 1.109746e-01 3.688287e-01 3.218039e-02 -1.077842e-01 9.936533e-01 -6.365430e+00
9.918541e-01 -1.243773e-01 2.749307e-02 6.226465e+00 1.267015e-01 9.855619e-01 -1.123141e-01 3.682797e-01 -1.312672e-02 1.148826e-01 9.932924e-01 -6.402410e+00
9.920316e-01 1.234844e-01 -2.499789e-02 6.288887e+00 -1.198042e-01 9.859793e-01 1.161542e-01 3.672661e-01 3.899057e-02 -1.122339e-01 9.929165e-01 -6.437323e+00
9.920841e-01 -1.204311e-01 3.557480e-02 6.324081e+00 1.237338e-01 9.858283e-01 -1.132805e-01 3.664163e-01 -2.142807e-02 1.167856e-01 9.929260e-01 -6.501062e+00
9.920789e-01 1.232187e-01 -2.442553e-02 6.339397e+00 -1.195820e-01 9.859379e-01 1.167333e-01 3.664294e-01 3.846570e-02 -1.128878e-01 9.928628e-01 -6.544503e+00
9.921842e-01 -1.190447e-01 3.740153e-02 6.313948e+00 1.225811e-01 9.859171e-01 -1.137602e-01 3.695497e-01 -2.333216e-02 1.174559e-01 9.928040e-01 -6.582056e+00
9.921230e-01 1.225351e-01 -2.601932e-02 6.316047e+00 -1.187123e-01 9.860127e-01 1.169889e-01 3.698696e-01 3.999055e-02 -1.129786e-01 9.927922e-01 -6.651252e+00
9.921921e-01 -1.191827e-01 3.674851e-02 6.329867e+00 1.226485e-01 9.858729e-01 -1.140704e-01 3.698745e-01 -2.263406e-02 1.176869e-01 9.927928e-01 -6.714916e+00
9.919842e-01 1.241619e-01 -2.347712e-02 6.358789e+00 -1.205836e-01 9.856815e-01 1.178625e-01 3.715281e-01 3.777492e-02 -1.140869e-01 9.927523e-01 -6.730981e+00
9.926100e-01 -1.159072e-01 3.593116e-02 6.344835e+00 1.191840e-01 9.868649e-01 -1.090546e-01 3.730982e-01 -2.281890e-02 1.125311e-01 9.933862e-01 -6.794862e+00
9.925637e-01 1.189453e-01 -2.587036e-02 6.342934e+00 -1.153545e-01 9.869792e-01 1.120956e-01 3.739563e-01 3.886667e-02 -1.082778e-01 9.933605e-01 -6.855589e+00
9.925703e-01 -1.162009e-01 3.607759e-02 6.334005e+00 1.195097e-01 9.867428e-01 -1.098000e-01 3.746982e-01 -2.284035e-02 1.132958e-01 9.932988e-01 -6.895849e+00
9.924886e-01 1.195612e-01 -2.591285e-02 6.351247e+00 -1.159560e-01 9.868907e-01 1.122536e-01 3.746394e-01 3.899425e-02 -1.084057e-01 9.933416e-01 -6.945490e+00
9.924573e-01 -1.166266e-01 3.777321e-02 6.355101e+00 1.201443e-01 9.865794e-01 -1.105730e-01 3.768389e-01 -2.437044e-02 1.142772e-01 9.931500e-01 -7.036660e+00
9.924618e-01 1.194795e-01 -2.728031e-02 6.370208e+00 -1.156680e-01 9.867598e-01 1.136925e-01 3.768042e-01 4.050295e-02 -1.096800e-01 9.931413e-01 -7.074349e+00
9.925348e-01 -1.159934e-01 3.768585e-02 6.397904e+00 1.195053e-01 9.866556e-01 -1.105863e-01 3.763874e-01 -2.435558e-02 1.142644e-01 9.931518e-01 -7.118856e+00
9.925062e-01 1.191325e-01 -2.718130e-02 6.431633e+00 -1.153291e-01 9.867861e-01 1.138084e-01 3.757363e-01 4.038032e-02 -1.098208e-01 9.931308e-01 -7.179165e+00
9.925727e-01 -1.157589e-01 3.740680e-02 6.456687e+00 1.192390e-01 9.866931e-01 -1.105387e-01 3.755973e-01 -2.411310e-02 1.141781e-01 9.931677e-01 -7.238145e+00
9.925458e-01 1.188146e-01 -2.712713e-02 6.477614e+00 -1.150098e-01 9.867972e-01 1.140356e-01 3.756646e-01 4.031799e-02 -1.100657e-01 9.931062e-01 -7.290029e+00
9.926064e-01 -1.155265e-01 3.723123e-02 6.486806e+00 1.189975e-01 9.866775e-01 -1.109372e-01 3.764400e-01 -2.391895e-02 1.145474e-01 9.931299e-01 -7.349351e+00
9.925756e-01 1.186163e-01 -2.690334e-02 6.489654e+00 -1.148329e-01 9.868050e-01 1.141456e-01 3.772098e-01 4.008781e-02 -1.102088e-01 9.930996e-01 -7.410179e+00
9.926256e-01 -1.153342e-01 3.731559e-02 6.494612e+00 1.188275e-01 9.866447e-01 -1.114107e-01 3.778922e-01 -2.396767e-02 1.150232e-01 9.930737e-01 -7.464477e+00
9.925703e-01 1.188057e-01 -2.625563e-02 6.468753e+00 -1.150809e-01 9.867420e-01 1.144402e-01 3.791247e-01 3.950360e-02 -1.105685e-01 9.930831e-01 -7.477404e+00
9.925839e-01 -1.157394e-01 3.717051e-02 6.450284e+00 1.192354e-01 9.864920e-01 -1.123231e-01 3.795394e-01 -2.366812e-02 1.159221e-01 9.929763e-01 -7.471064e+00
9.925598e-01 1.188479e-01 -2.646124e-02 6.462746e+00 -1.150709e-01 9.866581e-01 1.151712e-01 3.790321e-01 3.979598e-02 -1.112694e-01 9.929931e-01 -7.485471e+00
9.926393e-01 -1.153979e-01 3.675013e-02 6.478730e+00 1.188449e-01 9.865504e-01 -1.122243e-01 3.789169e-01 -2.330533e-02 1.157659e-01 9.930032e-01 -7.505950e+00
9.928340e-01 1.166717e-01 -2.585293e-02 6.678065e+00 -1.129830e-01 9.869218e-01 1.149790e-01 3.761867e-01 3.892954e-02 -1.112341e-01 9.930314e-01 -7.424425e+00
9.890363e-01 -1.326055e-01 6.498441e-02 6.771772e+00 1.395633e-01 9.831746e-01 -1.178548e-01 3.770273e-01 -4.826273e-02 1.256321e-01 9.909023e-01 -7.453153e+00
9.890205e-01 1.388213e-01 -5.066504e-02 6.766304e+00 -1.316476e-01 9.834223e-01 1.246978e-01 3.774435e-01 6.713577e-02 -1.166588e-01 9.909003e-01 -7.451422e+00
9.891089e-01 -1.318194e-01 6.547765e-02 6.752010e+00 1.388595e-01 9.832366e-01 -1.181691e-01 3.783374e-01 -4.880295e-02 1.259743e-01 9.908324e-01 -7.452453e+00
9.890423e-01 1.386234e-01 -5.078293e-02 6.726860e+00 -1.314257e-01 9.834308e-01 1.248648e-01 3.797633e-01 6.725060e-02 -1.168224e-01 9.908732e-01 -7.467271e+00
9.893218e-01 -1.304364e-01 6.502933e-02 6.713092e+00 1.373896e-01 9.835368e-01 -1.173860e-01 3.803752e-01 -4.864725e-02 1.250669e-01 9.909550e-01 -7.437420e+00
9.894234e-01 1.368644e-01 -4.805704e-02 6.680932e+00 -1.299359e-01 9.835090e-01 1.258040e-01 3.801959e-01 6.448254e-02 -1.182291e-01 9.908904e-01 -7.359638e+00
9.895039e-01 -1.298460e-01 6.342008e-02 6.652073e+00 1.367211e-01 9.833244e-01 -1.199190e-01 3.803980e-01 -4.679142e-02 1.273312e-01 9.907560e-01 -7.334199e+00
9.894036e-01 1.368678e-01 -4.845345e-02 6.610391e+00 -1.298639e-01 9.834629e-01 1.262385e-01 3.821917e-01 6.493007e-02 -1.186085e-01 9.908158e-01 -7.345526e+00
9.895241e-01 -1.296907e-01 6.342330e-02 6.566210e+00 1.365904e-01 9.832823e-01 -1.204118e-01 3.836694e-01 -4.674663e-02 1.278134e-01 9.906960e-01 -7.352293e+00
9.894569e-01 1.364677e-01 -4.849275e-02 6.523833e+00 -1.294418e-01 9.834800e-01 1.265383e-01 3.851696e-01 6.495997e-02 -1.189273e-01 9.907756e-01 -7.358267e+00
9.895602e-01 -1.292031e-01 6.385366e-02 6.470056e+00 1.361759e-01 9.833018e-01 -1.207219e-01 3.868433e-01 -4.718969e-02 1.281569e-01 9.906306e-01 -7.359051e+00
9.894981e-01 1.358803e-01 -4.929446e-02 6.420521e+00 -1.287491e-01 9.835453e-01 1.267374e-01 3.882562e-01 6.570437e-02 -1.190599e-01 9.907106e-01 -7.365304e+00
9.895880e-01 -1.290361e-01 6.375939e-02 6.380174e+00 1.360051e-01 9.833064e-01 -1.208768e-01 3.894295e-01 -4.709746e-02 1.282899e-01 9.906178e-01 -7.370262e+00
9.895529e-01 1.356121e-01 -4.893273e-02 6.327621e+00 -1.285195e-01 9.835630e-01 1.268327e-01 3.905395e-01 6.532839e-02 -1.192189e-01 9.907164e-01 -7.360261e+00
9.896178e-01 -1.286212e-01 6.413433e-02 6.270222e+00 1.356607e-01 9.833036e-01 -1.212858e-01 3.917591e-01 -4.746351e-02 1.287271e-01 9.905436e-01 -7.350575e+00
9.895821e-01 1.352754e-01 -4.927264e-02 6.213843e+00 -1.281243e-01 9.835759e-01 1.271326e-01 3.929073e-01 6.566120e-02 -1.194951e-01 9.906611e-01 -7.339684e+00
9.896595e-01 -1.281513e-01 6.443149e-02 6.155722e+00 1.352391e-01 9.833439e-01 -1.214295e-01 3.939971e-01 -4.779688e-02 1.288875e-01 9.905067e-01 -7.323609e+00
9.895835e-01 1.353000e-01 -4.917722e-02 6.091951e+00 -1.281409e-01 9.835361e-01 1.274229e-01 3.955383e-01 6.560781e-02 -1.197940e-01 9.906285e-01 -7.308727e+00
9.896836e-01 -1.279589e-01 6.444284e-02 6.030467e+00 1.350584e-01 9.833459e-01 -1.216145e-01 3.972745e-01 -4.780785e-02 1.290635e-01 9.904833e-01 -7.305780e+00
9.895650e-01 1.354092e-01 -4.924830e-02 5.968555e+00 -1.282175e-01 9.834804e-01 1.277756e-01 3.992498e-01 6.573664e-02 -1.201278e-01 9.905796e-01 -7.306723e+00
9.896162e-01 -1.284497e-01 6.450156e-02 5.929715e+00 1.355759e-01 9.832174e-01 -1.220766e-01 4.001738e-01 -4.773827e-02 1.295539e-01 9.904226e-01 -7.295427e+00
9.895694e-01 1.352801e-01 -4.951398e-02 5.903235e+00 -1.280137e-01 9.834218e-01 1.284289e-01 4.013525e-01 6.606693e-02 -1.207509e-01 9.904818e-01 -7.295337e+00
9.896339e-01 -1.282892e-01 6.454917e-02 5.875339e+00 1.354375e-01 9.831982e-01 -1.223848e-01 4.023640e-01 -4.776388e-02 1.298586e-01 9.903815e-01 -7.291080e+00
9.895543e-01 1.352851e-01 -4.980218e-02 5.845702e+00 -1.279585e-01 9.833797e-01 1.288058e-01 4.037637e-01 6.639988e-02 -1.210877e-01 9.904184e-01 -7.301298e+00
9.896166e-01 -1.283906e-01 6.461366e-02 5.813427e+00 1.355719e-01 9.831143e-01 -1.229086e-01 4.047323e-01 -4.774222e-02 1.303922e-01 9.903124e-01 -7.303579e+00
9.895953e-01 1.350257e-01 -4.968996e-02 5.778590e+00 -1.277018e-01 9.833886e-01 1.289927e-01 4.054878e-01 6.628178e-02 -1.213051e-01 9.903998e-01 -7.292615e+00
9.896633e-01 -1.280331e-01 6.460801e-02 5.744215e+00 1.352281e-01 9.831306e-01 -1.231570e-01 4.063323e-01 -4.774985e-02 1.306208e-01 9.902819e-01 -7.285868e+00
9.896497e-01 1.345107e-01 -5.000254e-02 5.712903e+00 -1.271371e-01 9.834326e-01 1.292144e-01 4.068567e-01 6.655477e-02 -1.215199e-01 9.903551e-01 -7.273340e+00
9.896705e-01 -1.277245e-01 6.510562e-02 5.683240e+00 1.350029e-01 9.831198e-01 -1.234897e-01 4.070341e-01 -4.823387e-02 1.310036e-01 9.902079e-01 -7.246246e+00
9.896539e-01 1.345228e-01 -4.988710e-02 5.636015e+00 -1.271476e-01 9.834008e-01 1.294466e-01 4.081184e-01 6.647245e-02 -1.217643e-01 9.903306e-01 -7.234852e+00
9.897118e-01 -1.272356e-01 6.543445e-02 5.570504e+00 1.345762e-01 9.831381e-01 -1.238094e-01 4.094540e-01 -4.857803e-02 1.313416e-01 9.901463e-01 -7.222505e+00
9.897014e-01 1.340185e-01 -5.030068e-02 5.510758e+00 -1.265896e-01 9.834604e-01 1.295405e-01 4.099892e-01 6.682947e-02 -1.218389e-01 9.902974e-01 -7.183206e+00
9.897202e-01 -1.267478e-01 6.624921e-02 5.456816e+00 1.342018e-01 9.831822e-01 -1.238658e-01 4.103845e-01 -4.943523e-02 1.314833e-01 9.900851e-01 -7.139053e+00
9.897070e-01 1.339590e-01 -5.034804e-02 5.392923e+00 -1.265110e-01 9.834437e-01 1.297439e-01 4.117412e-01 6.689475e-02 -1.220390e-01 9.902684e-01 -7.110971e+00
9.897540e-01 -1.263950e-01 6.641826e-02 5.311690e+00 1.338831e-01 9.832019e-01 -1.240542e-01 4.135051e-01 -4.962264e-02 1.316754e-01 9.900502e-01 -7.086693e+00
9.897101e-01 1.338133e-01 -5.067424e-02 5.238271e+00 -1.263081e-01 9.834345e-01 1.300106e-01 4.153261e-01 6.723187e-02 -1.222723e-01 9.902168e-01 -7.069735e+00
9.897833e-01 -1.262348e-01 6.628584e-02 5.159961e+00 1.337065e-01 9.832255e-01 -1.240569e-01 4.171619e-01 -4.951355e-02 1.316523e-01 9.900587e-01 -7.055833e+00
9.897236e-01 1.335705e-01 -5.105045e-02 5.086156e+00 -1.260103e-01 9.834524e-01 1.301641e-01 4.183315e-01 6.759170e-02 -1.223937e-01 9.901773e-01 -7.030116e+00
9.897959e-01 -1.260195e-01 6.650722e-02 5.019015e+00 1.335325e-01 9.832224e-01 -1.242689e-01 4.193507e-01 -4.973100e-02 1.318817e-01 9.900173e-01 -7.006630e+00
9.897532e-01 1.333197e-01 -5.113181e-02 4.949715e+00 -1.257329e-01 9.834527e-01 1.304300e-01 4.204071e-01 6.767452e-02 -1.226646e-01 9.901381e-01 -6.982768e+00
9.898059e-01 -1.256917e-01 6.697664e-02 4.872804e+00 1.332786e-01 9.832332e-01 -1.244559e-01 4.220999e-01 -5.021049e-02 1.321138e-01 9.899621e-01 -6.970591e+00
9.897248e-01 1.334954e-01 -5.122199e-02 4.789164e+00 -1.258794e-01 9.834011e-01 1.306775e-01 4.244005e-01 6.781653e-02 -1.228870e-01 9.901008e-01 -6.962687e+00
9.898026e-01 -1.254629e-01 6.745253e-02 4.685941e+00 1.331224e-01 9.832348e-01 -1.246108e-01 4.273451e-01 -5.068754e-02 1.323196e-01 9.899103e-01 -6.956928e+00
9.897370e-01 1.331786e-01 -5.180759e-02 4.592015e+00 -1.254959e-01 9.834567e-01 1.306283e-01 4.295093e-01 6.834733e-02 -1.227860e-01 9.900768e-01 -6.942260e+00
9.898349e-01 -1.251871e-01 6.749108e-02 4.508880e+00 1.328478e-01 9.832858e-01 -1.245010e-01 4.313359e-01 -5.077702e-02 1.322015e-01 9.899215e-01 -6.925055e+00
9.897507e-01 1.330475e-01 -5.188230e-02 4.425692e+00 -1.253407e-01 9.834463e-01 1.308549e-01 4.331347e-01 6.843329e-02 -1.230108e-01 9.900430e-01 -6.903515e+00
9.898165e-01 -1.251762e-01 6.778133e-02 4.351859e+00 1.328919e-01 9.832395e-01 -1.248191e-01 4.340232e-01 -5.102081e-02 1.325556e-01 9.898616e-01 -6.860507e+00
9.897823e-01 1.327861e-01 -5.195006e-02 4.273010e+00 -1.250783e-01 9.834906e-01 1.307734e-01 4.348888e-01 6.845721e-02 -1.229395e-01 9.900502e-01 -6.812895e+00
9.898339e-01 -1.249807e-01 6.788751e-02 4.186242e+00 1.327138e-01 9.832588e-01 -1.248568e-01 4.359643e-01 -5.114620e-02 1.325971e-01 9.898496e-01 -6.768174e+00
9.897955e-01 1.327464e-01 -5.180032e-02 4.097333e+00 -1.250445e-01 9.834703e-01 1.309584e-01 4.371368e-01 6.832825e-02 -1.231447e-01 9.900336e-01 -6.717426e+00
9.899274e-01 -1.248962e-01 6.666927e-02 4.072316e+00 1.324645e-01 9.833008e-01 -1.247907e-01 4.385945e-01 -4.996998e-02 1.323650e-01 9.899407e-01 -6.733051e+00
9.898757e-01 1.320155e-01 -5.213361e-02 4.112525e+00 -1.241693e-01 9.833731e-01 1.325116e-01 4.387582e-01 6.876030e-02 -1.246967e-01 9.898094e-01 -6.824611e+00
9.899333e-01 -1.250043e-01 6.637732e-02 4.151501e+00 1.325598e-01 9.832205e-01 -1.253211e-01 4.384780e-01 -4.959778e-02 1.328585e-01 9.898933e-01 -6.914107e+00
9.898717e-01 1.317743e-01 -5.281553e-02 4.175876e+00 -1.238122e-01 9.833562e-01 1.329706e-01 4.384123e-01 6.945850e-02 -1.250847e-01 9.897117e-01 -6.981294e+00
9.899665e-01 -1.245864e-01 6.666758e-02 4.187628e+00 1.322404e-01 9.831184e-01 -1.264544e-01 4.387296e-01 -4.978754e-02 1.340018e-01 9.897297e-01 -7.015601e+00
9.899223e-01 1.313620e-01 -5.289507e-02 4.206072e+00 -1.233852e-01 9.833957e-01 1.330749e-01 4.382682e-01 6.949769e-02 -1.252074e-01 9.896934e-01 -7.039487e+00
9.900967e-01 -1.240075e-01 6.580754e-02 4.240519e+00 1.315469e-01 9.832194e-01 -1.263920e-01 4.377353e-01 -4.902960e-02 1.337971e-01 9.897952e-01 -7.079563e+00
9.899973e-01 1.308778e-01 -5.268952e-02 4.271293e+00 -1.228942e-01 9.833875e-01 1.335887e-01 4.371783e-01 6.929793e-02 -1.257772e-01 9.896352e-01 -7.122763e+00
9.901091e-01 -1.250463e-01 6.361885e-02 4.297691e+00 1.323350e-01 9.829766e-01 -1.274537e-01 4.368078e-01 -4.659813e-02 1.346121e-01 9.898022e-01 -7.177372e+00
9.900467e-01 1.315945e-01 -4.990439e-02 4.337812e+00 -1.239056e-01 9.831547e-01 1.343660e-01 4.362790e-01 6.674548e-02 -1.268452e-01 9.896743e-01 -7.245405e+00
9.901437e-01 -1.246761e-01 6.380795e-02 4.377392e+00 1.320285e-01 9.829201e-01 -1.282051e-01 4.358482e-01 -4.673391e-02 1.353659e-01 9.896929e-01 -7.302963e+00
9.900137e-01 1.318969e-01 -4.975870e-02 4.415364e+00 -1.241427e-01 9.829583e-01 1.355787e-01 4.355687e-01 6.679306e-02 -1.280476e-01 9.895162e-01 -7.365111e+00
9.901924e-01 -1.241984e-01 6.398250e-02 4.459381e+00 1.316037e-01 9.829061e-01 -1.287481e-01 4.350407e-01 -4.689839e-02 1.359058e-01 9.896112e-01 -7.432779e+00
9.902178e-01 1.303020e-01 -4.990094e-02 4.492978e+00 -1.225585e-01 9.831930e-01 1.353176e-01 4.342071e-01 6.669433e-02 -1.278782e-01 9.895448e-01 -7.504322e+00
9.903071e-01 -1.234384e-01 6.367842e-02 4.534622e+00 1.308262e-01 9.829591e-01 -1.291355e-01 4.334609e-01 -4.665290e-02 1.362147e-01 9.895803e-01 -7.568249e+00
9.902609e-01 1.299138e-01 -5.005753e-02 4.567611e+00 -1.221431e-01 9.832247e-01 1.354631e-01 4.332266e-01 6.681624e-02 -1.280296e-01 9.895170e-01 -7.614026e+00
9.904467e-01 -1.223778e-01 6.355295e-02 4.593533e+00 1.297577e-01 9.830968e-01 -1.291653e-01 4.328551e-01 -4.667164e-02 1.361779e-01 9.895845e-01 -7.648980e+00
9.903024e-01 1.294857e-01 -5.034461e-02 4.619371e+00 -1.216506e-01 9.832235e-01 1.359141e-01 4.323427e-01 6.709884e-02 -1.284716e-01 9.894406e-01 -7.689793e+00
9.903619e-01 -1.225112e-01 6.460980e-02 4.626248e+00 1.300676e-01 9.829654e-01 -1.298519e-01 4.323179e-01 -4.760078e-02 1.370040e-01 9.894262e-01 -7.690342e+00
9.903464e-01 1.295028e-01 -4.942674e-02 4.612248e+00 -1.218012e-01 9.832363e-01 1.356864e-01 4.325418e-01 6.616986e-02 -1.283564e-01 9.895181e-01 -7.662463e+00
9.903900e-01 -1.223210e-01 6.453896e-02 4.592979e+00 1.298819e-01 9.829548e-01 -1.301174e-01 4.335078e-01 -4.752269e-02 1.372495e-01 9.893959e-01 -7.662859e+00
9.904045e-01 1.289141e-01 -4.980086e-02 4.579936e+00 -1.211557e-01 9.832898e-01 1.358769e-01 4.338382e-01 6.648503e-02 -1.285395e-01 9.894732e-01 -7.655015e+00
9.904350e-01 -1.219594e-01 6.453325e-02 4.565493e+00 1.295355e-01 9.829640e-01 -1.303933e-01 4.340768e-01 -4.753107e-02 1.375055e-01 9.893600e-01 -7.643240e+00
9.904313e-01 1.286484e-01 -4.995307e-02 4.547409e+00 -1.208527e-01 9.832868e-01 1.361675e-01 4.345852e-01 6.663584e-02 -1.288276e-01 9.894256e-01 -7.642247e+00
9.904813e-01 -1.216092e-01 6.448367e-02 4.531748e+00 1.291935e-01 9.829746e-01 -1.306524e-01 4.347671e-01 -4.749718e-02 1.377397e-01 9.893290e-01 -7.626094e+00
9.904671e-01 1.284259e-01 -4.981543e-02 4.518740e+00 -1.206234e-01 9.832610e-01 1.365566e-01 4.348227e-01 6.651889e-02 -1.292459e-01 9.893789e-01 -7.603665e+00
9.904761e-01 -1.213667e-01 6.501717e-02 4.495691e+00 1.290500e-01 9.829291e-01 -1.311354e-01 4.351458e-01 -4.799170e-02 1.382770e-01 9.892302e-01 -7.588060e+00
9.904424e-01 1.286227e-01 -4.979948e-02 4.455803e+00 -1.208085e-01 9.832127e-01 1.367412e-01 4.362216e-01 6.655142e-02 -1.294182e-01 9.893542e-01 -7.574384e+00
9.904974e-01 -1.211982e-01 6.500716e-02 4.423620e+00 1.288883e-01 9.829313e-01 -1.312775e-01 4.373672e-01 -4.798688e-02 1.384088e-01 9.892120e-01 -7.578194e+00
9.904640e-01 1.281177e-01 -5.066508e-02 4.424272e+00 -1.201624e-01 9.832256e-01 1.372165e-01 4.374966e-01 6.739497e-02 -1.298200e-01 9.892444e-01 -7.589046e+00
9.905448e-01 -1.207598e-01 6.510161e-02 4.441655e+00 1.284546e-01 9.830201e-01 -1.310378e-01 4.378955e-01 -4.817201e-02 1.381614e-01 9.892376e-01 -7.625399e+00
9.905003e-01 1.278286e-01 -5.068547e-02 4.422798e+00 -1.198755e-01 9.832662e-01 1.371768e-01 4.387380e-01 6.737235e-02 -1.297978e-01 9.892489e-01 -7.646052e+00
9.905983e-01 -1.202011e-01 6.532106e-02 4.419409e+00 1.279523e-01 9.830266e-01 -1.314797e-01 4.387409e-01 -4.840824e-02 1.386016e-01 9.891645e-01 -7.659858e+00
9.905319e-01 1.273274e-01 -5.132531e-02 4.432187e+00 -1.192265e-01 9.832063e-01 1.381680e-01 4.393230e-01 6.805586e-02 -1.307405e-01 9.890780e-01 -7.710756e+00
9.906115e-01 -1.199239e-01 6.562937e-02 4.449589e+00 1.277435e-01 9.829899e-01 -1.319560e-01 4.401957e-01 -4.868824e-02 1.391009e-01 9.890806e-01 -7.767284e+00
9.905650e-01 1.274146e-01 -5.046287e-02 4.417091e+00 -1.194207e-01 9.831712e-01 1.382499e-01 4.418510e-01 6.722861e-02 -1.309192e-01 9.891109e-01 -7.796986e+00
9.906153e-01 -1.194897e-01 6.635990e-02 4.351321e+00 1.274673e-01 9.828839e-01 -1.330086e-01 4.436398e-01 -4.933082e-02 1.402191e-01 9.888909e-01 -7.790789e+00
9.905845e-01 1.271359e-01 -5.078102e-02 4.280808e+00 -1.190946e-01 9.831950e-01 1.383620e-01 4.453459e-01 6.751834e-02 -1.310115e-01 9.890789e-01 -7.785165e+00
9.906593e-01 -1.191929e-01 6.623712e-02 4.217126e+00 1.271603e-01 9.829107e-01 -1.331044e-01 4.466416e-01 -4.923998e-02 1.402839e-01 9.888862e-01 -7.776876e+00
9.905773e-01 1.267999e-01 -5.175181e-02 4.202817e+00 -1.185885e-01 9.831646e-01 1.390114e-01 4.475505e-01 6.850709e-02 -1.315644e-01 9.889375e-01 -7.807790e+00
9.906459e-01 -1.191034e-01 6.659758e-02 4.220146e+00 1.271010e-01 9.829754e-01 -1.326828e-01 4.488411e-01 -4.966071e-02 1.399063e-01 9.889187e-01 -7.881204e+00
9.905939e-01 1.266890e-01 -5.170653e-02 4.240320e+00 -1.184560e-01 9.831224e-01 1.394224e-01 4.501823e-01 6.849705e-02 -1.319861e-01 9.888821e-01 -7.957138e+00
9.906722e-01 -1.192134e-01 6.600594e-02 4.266991e+00 1.271339e-01 9.829526e-01 -1.328199e-01 4.505517e-01 -4.904671e-02 1.399726e-01 9.889399e-01 -8.031239e+00
9.905896e-01 1.269523e-01 -5.114035e-02 4.299753e+00 -1.187618e-01 9.830225e-01 1.398655e-01 4.515228e-01 6.802828e-02 -1.324759e-01 9.888489e-01 -8.108714e+00
9.907327e-01 -1.188132e-01 6.581964e-02 4.339362e+00 1.267012e-01 9.830342e-01 -1.326294e-01 4.519807e-01 -4.894475e-02 1.397397e-01 9.889779e-01 -8.197667e+00
9.906149e-01 1.262151e-01 -5.245735e-02 4.384146e+00 -1.178596e-01 9.831400e-01 1.398026e-01 4.514662e-01 6.921803e-02 -1.323080e-01 9.887888e-01 -8.276332e+00
9.908130e-01 -1.181563e-01 6.579341e-02 4.423485e+00 1.260735e-01 9.830391e-01 -1.331902e-01 4.506692e-01 -4.894014e-02 1.402615e-01 9.889043e-01 -8.333366e+00
9.907185e-01 1.253806e-01 -5.250239e-02 4.466533e+00 -1.170090e-01 9.832084e-01 1.400363e-01 4.498871e-01 6.917853e-02 -1.325933e-01 9.887534e-01 -8.396337e+00
9.908315e-01 -1.176707e-01 6.638204e-02 4.489577e+00 1.257033e-01 9.830086e-01 -1.337638e-01 4.497609e-01 -4.951395e-02 1.408819e-01 9.887875e-01 -8.434053e+00
9.907999e-01 1.249018e-01 -5.210570e-02 4.512127e+00 -1.165813e-01 9.832480e-01 1.401147e-01 4.502501e-01 6.873332e-02 -1.327511e-01 9.887632e-01 -8.479445e+00
9.909308e-01 -1.169434e-01 6.618492e-02 4.545094e+00 1.249437e-01 9.831333e-01 -1.335588e-01 4.503556e-01 -4.944968e-02 1.406170e-01 9.888284e-01 -8.543956e+00
9.908763e-01 1.243225e-01 -5.203756e-02 4.576273e+00 -1.159970e-01 9.832792e-01 1.403801e-01 4.507210e-01 6.861978e-02 -1.330632e-01 9.887292e-01 -8.619161e+00
9.910013e-01 -1.165100e-01 6.589279e-02 4.579076e+00 1.245030e-01 9.831056e-01 -1.341731e-01 4.511142e-01 -4.914697e-02 1.411696e-01 9.887648e-01 -8.673285e+00
9.909798e-01 1.239434e-01 -5.096131e-02 4.544361e+00 -1.158092e-01 9.833943e-01 1.397280e-01 4.519287e-01 6.743334e-02 -1.325659e-01 9.888776e-01 -8.666930e+00
9.910434e-01 -1.160640e-01 6.604734e-02 4.502358e+00 1.241036e-01 9.830984e-01 -1.345952e-01 4.530988e-01 -4.930928e-02 1.415864e-01 9.886971e-01 -8.664534e+00
9.910216e-01 1.235652e-01 -5.106665e-02 4.469578e+00 -1.153959e-01 9.833931e-01 1.400780e-01 4.543302e-01 6.752727e-02 -1.329275e-01 9.888227e-01 -8.665469e+00
9.910452e-01 -1.159258e-01 6.626165e-02 4.441212e+00 1.240059e-01 9.830863e-01 -1.347735e-01 4.554395e-01 -4.951710e-02 1.417835e-01 9.886585e-01 -8.661032e+00
9.910214e-01 1.230958e-01 -5.219122e-02 4.423471e+00 -1.147353e-01 9.833781e-01 1.407240e-01 4.564501e-01 6.864615e-02 -1.334724e-01 9.886722e-01 -8.674205e+00
9.911534e-01 -1.151914e-01 6.592396e-02 4.420904e+00 1.232333e-01 9.831726e-01 -1.348523e-01 4.567449e-01 -4.928071e-02 1.417834e-01 9.886703e-01 -8.685135e+00
9.911233e-01 1.225272e-01 -5.159131e-02 4.408579e+00 -1.142504e-01 9.834322e-01 1.407408e-01 4.572889e-01 6.798106e-02 -1.335972e-01 9.887013e-01 -8.692748e+00
9.912048e-01 -1.147352e-01 6.594632e-02 4.392834e+00 1.227995e-01 9.831842e-01 -1.351631e-01 4.582683e-01 -4.932932e-02 1.420725e-01 9.886264e-01 -8.700661e+00
9.911172e-01 1.223023e-01 -5.223745e-02 4.401204e+00 -1.138743e-01 9.833387e-01 1.416957e-01 4.588753e-01 6.869673e-02 -1.344886e-01 9.885310e-01 -8.749450e+00
9.912364e-01 -1.146221e-01 6.566711e-02 4.433763e+00 1.226550e-01 9.831812e-01 -1.353163e-01 4.582592e-01 -4.905234e-02 1.421849e-01 9.886240e-01 -8.816830e+00
9.911563e-01 1.219780e-01 -5.225369e-02 4.467327e+00 -1.135265e-01 9.833295e-01 1.420381e-01 4.576695e-01 6.870804e-02 -1.348499e-01 9.884810e-01 -8.886177e+00
9.913224e-01 -1.151866e-01 6.334027e-02 4.510462e+00 1.229210e-01 9.830377e-01 -1.361150e-01 4.566604e-01 -4.658716e-02 1.427198e-01 9.886662e-01 -8.965697e+00
9.912434e-01 1.222805e-01 -4.983954e-02 4.553388e+00 -1.141096e-01 9.831670e-01 1.426943e-01 4.556156e-01 6.644923e-02 -1.357577e-01 9.885111e-01 -9.050408e+00
9.913586e-01 -1.145372e-01 6.394910e-02 4.556382e+00 1.224001e-01 9.829983e-01 -1.368669e-01 4.558043e-01 -4.718541e-02 1.435116e-01 9.885232e-01 -9.108364e+00
9.912893e-01 1.218903e-01 -4.988139e-02 4.561430e+00 -1.137169e-01 9.832127e-01 1.426930e-01 4.560501e-01 6.643682e-02 -1.357777e-01 9.885092e-01 -9.140427e+00
9.913968e-01 -1.144573e-01 6.349718e-02 4.597279e+00 1.222364e-01 9.830759e-01 -1.364550e-01 4.554904e-01 -4.680418e-02 1.430427e-01 9.886092e-01 -9.212673e+00
9.913548e-01 1.213622e-01 -4.986797e-02 4.636320e+00 -1.131776e-01 9.832371e-01 1.429529e-01 4.546846e-01 6.638103e-02 -1.360732e-01 9.884723e-01 -9.285494e+00
9.914713e-01 -1.139232e-01 6.329499e-02 4.684589e+00 1.217121e-01 9.830399e-01 -1.371816e-01 4.534283e-01 -4.659323e-02 1.437155e-01 9.885216e-01 -9.360624e+00
9.914135e-01 1.211463e-01 -4.922094e-02 4.708862e+00 -1.130239e-01 9.831939e-01 1.433713e-01 4.536315e-01 6.576255e-02 -1.365772e-01 9.884442e-01 -9.437531e+00
9.914745e-01 -1.135381e-01 6.393395e-02 4.727565e+00 1.214610e-01 9.829577e-01 -1.379904e-01 4.550211e-01 -4.717710e-02 1.445795e-01 9.883679e-01 -9.517655e+00
9.914564e-01 1.206297e-01 -4.962482e-02 4.731945e+00 -1.124170e-01 9.831777e-01 1.439582e-01 4.554893e-01 6.615557e-02 -1.371497e-01 9.883387e-01 -9.554081e+00
9.915023e-01 -1.133904e-01 6.376396e-02 4.717908e+00 1.213284e-01 9.828599e-01 -1.388013e-01 4.560518e-01 -4.693221e-02 1.453582e-01 9.882654e-01 -9.552537e+00
9.914432e-01 1.206044e-01 -4.994809e-02 4.723488e+00 -1.122968e-01 9.830811e-01 1.447098e-01 4.558114e-01 6.655557e-02 -1.378626e-01 9.882126e-01 -9.542845e+00
9.915651e-01 -1.128694e-01 6.371159e-02 4.743284e+00 1.208294e-01 9.828468e-01 -1.393287e-01 4.554738e-01 -4.689269e-02 1.458518e-01 9.881945e-01 -9.550441e+00
9.915426e-01 1.200305e-01 -4.935553e-02 4.743683e+00 -1.118011e-01 9.831184e-01 1.448401e-01 4.555494e-01 6.590747e-02 -1.380971e-01 9.882233e-01 -9.554129e+00
9.916744e-01 -1.119511e-01 6.363168e-02 4.773311e+00 1.199188e-01 9.829243e-01 -1.395681e-01 4.560658e-01 -4.692023e-02 1.460368e-01 9.881659e-01 -9.613660e+00
9.914840e-01 1.201042e-01 -5.034241e-02 4.846702e+00 -1.116223e-01 9.828869e-01 1.465391e-01 4.554574e-01 6.708077e-02 -1.396719e-01 9.879230e-01 -9.697502e+00
9.916569e-01 -1.122255e-01 6.342070e-02 4.896753e+00 1.202159e-01 9.827188e-01 -1.407549e-01 4.549856e-01 -4.652833e-02 1.472048e-01 9.880111e-01 -9.761639e+00
9.915796e-01 1.194234e-01 -5.007829e-02 4.926691e+00 -1.109677e-01 9.829241e-01 1.467867e-01 4.545272e-01 6.675285e-02 -1.399937e-01 9.878996e-01 -9.805713e+00
9.918168e-01 -1.112805e-01 6.257905e-02 4.983934e+00 1.191639e-01 9.828203e-01 -1.409404e-01 4.537295e-01 -4.581995e-02 1.472442e-01 9.880383e-01 -9.853489e+00
9.917266e-01 1.185297e-01 -4.928378e-02 5.026056e+00 -1.101846e-01 9.829922e-01 1.469209e-01 4.529805e-01 6.585998e-02 -1.402751e-01 9.879197e-01 -9.901817e+00
9.918620e-01 -1.107314e-01 6.283621e-02 5.048853e+00 1.186685e-01 9.828470e-01 -1.411720e-01 4.528522e-01 -4.612612e-02 1.474798e-01 9.879890e-01 -9.933007e+00
9.918096e-01 1.179677e-01 -4.896099e-02 5.075703e+00 -1.096548e-01 9.830104e-01 1.471951e-01 4.526777e-01 6.549334e-02 -1.406208e-01 9.878949e-01 -9.967259e+00
9.919514e-01 -1.100889e-01 6.255297e-02 5.116952e+00 1.180137e-01 9.828523e-01 -1.416830e-01 4.523644e-01 -4.588251e-02 1.479248e-01 9.879338e-01 -1.003556e+01
9.917605e-01 1.179068e-01 -5.009077e-02 5.181795e+00 -1.093746e-01 9.829069e-01 1.480921e-01 4.515545e-01 6.669555e-02 -1.413933e-01 9.877042e-01 -1.010847e+01
9.920989e-01 -1.103519e-01 5.968490e-02 5.262693e+00 1.178944e-01 9.827165e-01 -1.427210e-01 4.504064e-01 -4.290371e-02 1.486299e-01 9.879618e-01 -1.017374e+01
9.917746e-01 1.190639e-01 -4.697723e-02 5.362573e+00 -1.107979e-01 9.823590e-01 1.506473e-01 4.494110e-01 6.408508e-02 -1.442033e-01 9.874707e-01 -1.023872e+01
9.920947e-01 -1.100820e-01 6.025116e-02 5.446884e+00 1.177400e-01 9.826406e-01 -1.433693e-01 4.485539e-01 -4.342277e-02 1.493299e-01 9.878336e-01 -1.031806e+01
9.920148e-01 1.174972e-01 -4.583722e-02 5.429147e+00 -1.095228e-01 9.827703e-01 1.488871e-01 4.491035e-01 6.254118e-02 -1.426780e-01 9.877912e-01 -1.036007e+01
9.920483e-01 -1.095879e-01 6.189242e-02 5.356977e+00 1.175580e-01 9.824648e-01 -1.447174e-01 4.500542e-01 -4.494775e-02 1.508427e-01 9.875355e-01 -1.032590e+01
9.919962e-01 1.174482e-01 -4.636035e-02 5.283851e+00 -1.093870e-01 9.827559e-01 1.490812e-01 4.512652e-01 6.307015e-02 -1.428168e-01 9.877375e-01 -1.030561e+01
9.920538e-01 -1.093929e-01 6.214985e-02 5.218854e+00 1.174047e-01 9.824803e-01 -1.447367e-01 4.522306e-01 -4.522774e-02 1.508833e-01 9.875165e-01 -1.027834e+01
9.920150e-01 1.172343e-01 -4.650124e-02 5.161715e+00 -1.091364e-01 9.827400e-01 1.493698e-01 4.530998e-01 6.320981e-02 -1.431022e-01 9.876873e-01 -1.024867e+01
9.921523e-01 -1.093245e-01 6.068052e-02 5.146685e+00 1.171008e-01 9.825626e-01 -1.444235e-01 4.546061e-01 -4.383330e-02 1.503959e-01 9.876537e-01 -1.029274e+01
9.921148e-01 1.166346e-01 -4.587411e-02 5.127170e+00 -1.085952e-01 9.827105e-01 1.499570e-01 4.556682e-01 6.257106e-02 -1.437929e-01 9.876276e-01 -1.034048e+01
9.921616e-01 -1.089239e-01 6.124606e-02 5.063977e+00 1.168473e-01 9.824027e-01 -1.457107e-01 4.567938e-01 -4.429683e-02 1.517250e-01 9.874297e-01 -1.032421e+01
9.921639e-01 1.162351e-01 -4.582769e-02 5.005077e+00 -1.082003e-01 9.827398e-01 1.500507e-01 4.576846e-01 6.247777e-02 -1.439164e-01 9.876156e-01 -1.030389e+01
9.922041e-01 -1.085655e-01 6.119283e-02 4.952871e+00 1.164953e-01 9.824081e-01 -1.459564e-01 4.582943e-01 -4.427041e-02 1.519473e-01 9.873967e-01 -1.027961e+01
9.921944e-01 1.159639e-01 -4.585437e-02 4.909967e+00 -1.079082e-01 9.827245e-01 1.503608e-01 4.590386e-01 6.249855e-02 -1.442392e-01 9.875672e-01 -1.025977e+01
9.922250e-01 -1.082455e-01 6.142141e-02 4.862292e+00 1.162185e-01 9.824238e-01 -1.460710e-01 4.601784e-01 -4.453023e-02 1.520737e-01 9.873656e-01 -1.024617e+01
9.922166e-01 1.156704e-01 -4.611459e-02 4.814988e+00 -1.075688e-01 9.827352e-01 1.505341e-01 4.614864e-01 6.273068e-02 -1.444020e-01 9.875286e-01 -1.023821e+01
9.922475e-01 -1.081086e-01 6.129842e-02 4.773680e+00 1.160737e-01 9.824095e-01 -1.462823e-01 4.621954e-01 -4.440568e-02 1.522634e-01 9.873419e-01 -1.021918e+01
9.922502e-01 1.153800e-01 -4.611769e-02 4.732301e+00 -1.072725e-01 9.827477e-01 1.506640e-01 4.625280e-01 6.270558e-02 -1.445492e-01 9.875087e-01 -1.018923e+01
9.922622e-01 -1.078282e-01 6.155416e-02 4.687885e+00 1.158556e-01 9.823676e-01 -1.467358e-01 4.632701e-01 -4.464647e-02 1.527318e-01 9.872587e-01 -1.017078e+01
9.922665e-01 1.152420e-01 -4.611264e-02 4.644275e+00 -1.071103e-01 9.827018e-01 1.510778e-01 4.642336e-01 6.272540e-02 -1.449703e-01 9.874457e-01 -1.015044e+01
