1.000000e+00 1.197625e-11 1.704638e-10 5.551115e-17 1.197625e-11 1.000000e+00 3.562503e-10 0.000000e+00 1.704638e-10 3.562503e-10 1.000000e+00 2.220446e-16 0.000000e+00 0.000000e+00 0.000000e+00 1.000000e+00
9.769750e-01 1.432729e-01 -1.580910e-01 5.954250e-03 -1.143255e-01 9.771716e-01 1.790681e-01 -4.732694e-03 1.801377e-01 -1.568712e-01 9.710519e-01 1.813754e-01
9.914704e-01 -1.075860e-01 7.356398e-02 2.078185e-02 1.124912e-01 9.914489e-01 -6.614215e-02 -1.089239e-02 -6.581896e-02 7.385329e-02 9.950947e-01 3.511333e-01
9.774310e-01 1.491464e-01 -1.496131e-01 4.367071e-02 -1.206027e-01 9.754116e-01 1.844645e-01 -1.714937e-02 1.734466e-01 -1.622575e-01 9.713850e-01 5.217620e-01
9.922635e-01 -1.080993e-01 6.105403e-02 7.131163e-02 1.125313e-01 9.908488e-01 -7.453459e-02 -2.317622e-02 -5.243817e-02 8.082844e-02 9.953477e-01 6.870119e-01
9.792142e-01 1.550434e-01 -1.307708e-01 1.298136e-01 -1.317453e-01 9.764017e-01 1.711222e-01 -2.925869e-02 1.542162e-01 -1.503369e-01 9.765327e-01 8.219337e-01
9.941546e-01 -8.869209e-02 6.156637e-02 1.819767e-01 9.307611e-02 9.930214e-01 -7.242406e-02 -3.583822e-02 -5.471328e-02 7.773107e-02 9.954719e-01 9.629374e-01
9.812639e-01 1.282388e-01 -1.437916e-01 2.070178e-01 -9.996629e-02 9.768716e-01 1.890200e-01 -4.172508e-02 1.647057e-01 -1.711042e-01 9.713884e-01 1.129666e+00
9.943983e-01 -8.871622e-02 5.745834e-02 2.280714e-01 9.322415e-02 9.923274e-01 -8.121374e-02 -4.774216e-02 -4.981250e-02 8.611531e-02 9.950391e-01 1.295907e+00
9.822149e-01 1.362940e-01 -1.291430e-01 2.595540e-01 -1.111101e-01 9.763673e-01 1.853683e-01 -5.404924e-02 1.513556e-01 -1.677224e-01 9.741461e-01 1.446669e+00
9.941601e-01 -9.536663e-02 5.050717e-02 2.854812e-01 9.937440e-02 9.915070e-01 -8.389655e-02 -6.056053e-02 -4.207728e-02 8.842572e-02 9.951936e-01 1.592888e+00
9.828524e-01 1.340899e-01 -1.265743e-01 3.106782e-01 -1.061528e-01 9.727326e-01 2.062109e-01 -6.669920e-02 1.507738e-01 -1.892387e-01 9.702866e-01 1.745283e+00
9.956222e-01 -8.324616e-02 4.250207e-02 3.373884e-01 8.708225e-02 9.913456e-01 -9.823780e-02 -7.320542e-02 -3.395632e-02 1.015089e-01 9.942550e-01 1.909491e+00
9.845970e-01 1.282300e-01 -1.188520e-01 3.624475e-01 -1.020212e-01 9.734180e-01 2.050586e-01 -7.947806e-02 1.419874e-01 -1.897747e-01 9.715066e-01 2.072044e+00
9.971902e-01 -6.379289e-02 3.927088e-02 3.885834e-01 6.751337e-02 9.924776e-01 -1.021281e-01 -8.659033e-02 -3.246042e-02 1.044925e-01 9.939958e-01 2.238703e+00
9.852029e-01 1.082957e-01 -1.328429e-01 3.979066e-01 -7.918118e-02 9.750026e-01 2.076063e-01 -9.273730e-02 1.520051e-01 -1.940156e-01 9.691503e-01 2.442684e+00
9.972157e-01 -6.167633e-02 4.191446e-02 4.162162e-01 6.577348e-02 9.923298e-01 -1.046677e-01 -9.872594e-02 -3.513745e-02 1.071331e-01 9.936236e-01 2.630585e+00
9.870705e-01 1.092609e-01 -1.172766e-01 4.390083e-01 -8.392591e-02 9.756581e-01 2.026023e-01 -1.053136e-01 1.365584e-01 -1.901402e-01 9.722132e-01 2.794465e+00
9.981097e-01 -5.279343e-02 3.146217e-02 4.617267e-01 5.590453e-02 9.925806e-01 -1.079747e-01 -1.120552e-01 -2.552838e-02 1.095294e-01 9.936557e-01 2.958811e+00
9.851370e-01 1.137197e-01 -1.287358e-01 4.741538e-01 -8.580353e-02 9.750531e-01 2.047175e-01 -1.185148e-01 1.488046e-01 -1.906289e-01 9.703184e-01 3.177105e+00
9.990913e-01 -3.558665e-02 2.345569e-02 4.685985e-01 3.806041e-02 9.926132e-01 -1.151975e-01 -1.246908e-01 -1.918293e-02 1.159856e-01 9.930656e-01 3.440468e+00
9.868995e-01 9.313258e-02 -1.317409e-01 4.797827e-01 -6.447454e-02 9.761902e-01 2.071127e-01 -1.309337e-01 1.478932e-01 -1.959055e-01 9.694063e-01 3.683055e+00
9.991760e-01 -2.839114e-02 2.900438e-02 5.110615e-01 3.172042e-02 9.920660e-01 -1.216505e-01 -1.372861e-01 -2.532046e-02 1.224703e-01 9.921491e-01 3.893460e+00
9.870311e-01 8.477772e-02 -1.363172e-01 5.377444e-01 -5.488626e-02 9.762214e-01 2.097122e-01 -1.434309e-01 1.508547e-01 -1.995105e-01 9.682140e-01 4.114975e+00
9.993950e-01 -1.015262e-02 3.326531e-02 5.509655e-01 1.419125e-02 9.922410e-01 -1.235166e-01 -1.496168e-01 -3.175319e-02 1.239139e-01 9.917848e-01 4.358174e+00
9.871762e-01 6.275097e-02 -1.467840e-01 5.549605e-01 -2.887107e-02 9.745180e-01 2.224434e-01 -1.556413e-01 1.570022e-01 -2.153530e-01 9.638327e-01 4.600855e+00
9.986916e-01 1.691154e-03 5.110900e-02 5.481632e-01 4.575079e-03 9.924901e-01 -1.222397e-01 -1.620178e-01 -5.093190e-02 1.223136e-01 9.911838e-01 4.832341e+00
9.956205e-01 4.361828e-02 -8.268749e-02 5.635514e-01 -2.437391e-02 9.750050e-01 2.208421e-01 -1.709224e-01 9.025347e-02 -2.178595e-01 9.717981e-01 4.966834e+00
9.993184e-01 7.842959e-03 3.607237e-02 6.199679e-01 -2.580605e-03 9.896215e-01 -1.436755e-01 -1.794745e-01 -3.682483e-02 1.434845e-01 9.889672e-01 5.013895e+00
9.874605e-01 6.098844e-02 -1.456096e-01 6.459232e-01 -2.497113e-02 9.710916e-01 2.373976e-01 -1.861331e-01 1.558787e-01 -2.307847e-01 9.604375e-01 5.220491e+00
9.997507e-01 1.731394e-02 1.410091e-02 6.229855e-01 -1.507746e-02 9.892229e-01 -1.456391e-01 -1.916433e-01 -1.647053e-02 1.453902e-01 9.892373e-01 5.537290e+00
9.883833e-01 3.640858e-02 -1.475564e-01 5.957090e-01 5.899966e-04 9.699554e-01 2.432821e-01 -1.973044e-01 1.519807e-01 -2.405431e-01 9.586662e-01 5.847369e+00
9.984195e-01 5.228656e-02 2.060516e-02 5.643457e-01 -4.861016e-02 9.874458e-01 -1.502927e-01 -2.031034e-01 -2.820477e-02 1.490536e-01 9.884268e-01 6.172867e+00
9.871424e-01 -4.223133e-02 -1.541635e-01 5.391387e-01 8.251391e-02 9.606581e-01 2.651933e-01 -2.089932e-01 1.368989e-01 -2.745042e-01 9.517910e-01 6.421593e+00
9.925502e-01 1.143850e-01 4.195413e-02 5.365354e-01 -1.064166e-01 9.815871e-01 -1.586265e-01 -2.155776e-01 -5.932613e-02 1.529801e-01 9.864469e-01 6.618555e+00
9.817697e-01 -7.391560e-02 -1.751134e-01 5.334895e-01 1.176052e-01 9.599913e-01 2.541373e-01 -2.218564e-01 1.493226e-01 -2.700985e-01 9.511832e-01 6.821556e+00
9.891841e-01 1.336228e-01 6.049585e-02 5.397899e-01 -1.231035e-01 9.805418e-01 -1.529157e-01 -2.282107e-01 -7.975175e-02 1.438145e-01 9.863858e-01 7.011551e+00
9.756251e-01 -8.669206e-02 -2.015942e-01 5.483585e-01 1.332170e-01 9.639908e-01 2.301630e-01 -2.339180e-01 1.743817e-01 -2.514086e-01 9.520424e-01 7.228501e+00
9.864807e-01 1.358274e-01 9.168789e-02 5.609008e-01 -1.231080e-01 9.835142e-01 -1.324549e-01 -2.398911e-01 -1.081673e-01 1.193767e-01 9.869392e-01 7.399069e+00
9.765883e-01 -5.970985e-02 -2.066639e-01 5.825777e-01 1.032979e-01 9.728613e-01 2.070517e-01 -2.464904e-01 1.886923e-01 -2.235522e-01 9.562529e-01 7.558947e+00
9.885457e-01 1.146153e-01 9.818772e-02 5.930901e-01 -1.027688e-01 9.876541e-01 -1.182286e-01 -2.526037e-01 -1.105263e-01 1.067838e-01 9.881200e-01 7.746343e+00
9.764673e-01 -4.562607e-02 -2.107839e-01 6.026858e-01 8.661519e-02 9.780446e-01 1.895428e-01 -2.590952e-01 1.975079e-01 -2.033394e-01 9.589805e-01 7.932402e+00
9.899509e-01 8.972362e-02 1.093019e-01 6.075511e-01 -8.066806e-02 9.931412e-01 -8.463534e-02 -2.652503e-01 -1.161460e-01 7.496765e-02 9.903989e-01 8.122574e+00
9.790978e-01 -3.580945e-02 -2.002128e-01 6.321097e-01 7.031211e-02 9.832797e-01 1.679799e-01 -2.719431e-01 1.908499e-01 -1.785461e-01 9.652448e-01 8.251054e+00
9.910747e-01 7.776557e-02 1.082753e-01 6.655347e-01 -6.965590e-02 9.946126e-01 -7.677120e-02 -2.785691e-01 -1.136621e-01 6.854398e-02 9.911522e-01 8.370485e+00
9.752029e-01 -5.492490e-03 -2.212445e-01 6.738958e-01 4.239934e-02 9.858112e-01 1.624149e-01 -2.849910e-01 2.172132e-01 -1.677681e-01 9.615988e-01 8.570322e+00
9.927107e-01 3.894107e-02 1.140574e-01 6.654101e-01 -3.323734e-02 9.981203e-01 -5.148991e-02 -2.910088e-01 -1.158481e-01 4.732362e-02 9.921389e-01 8.797073e+00
8.755849e-01 9.234782e-02 -4.741550e-01 6.205253e-01 -3.003864e-02 9.900659e-01 1.373581e-01 -2.861139e-01 4.821294e-01 -1.060257e-01 8.696607e-01 9.615088e+00
9.599777e-01 -9.902254e-02 2.619874e-01 4.295738e-01 9.855495e-02 9.950192e-01 1.495789e-02 -2.945231e-01 -2.621636e-01 1.146091e-02 9.649554e-01 1.048290e+01
9.297617e-01 1.585645e-01 -3.322655e-01 4.630280e-01 -1.312443e-01 9.859569e-01 1.032663e-01 -3.016713e-01 3.439739e-01 -5.240508e-02 9.375157e-01 1.061091e+01
9.648198e-01 -1.333089e-01 2.266085e-01 4.605547e-01 1.279356e-01 9.910425e-01 3.830405e-02 -3.077623e-01 -2.296850e-01 -7.965213e-03 9.732324e-01 1.082981e+01
9.244659e-01 1.955978e-01 -3.272678e-01 4.468295e-01 -1.680162e-01 9.795347e-01 1.108254e-01 -3.135956e-01 3.422474e-01 -4.746801e-02 9.384101e-01 1.109828e+01
9.581203e-01 -1.866686e-01 2.171641e-01 4.530419e-01 1.820802e-01 9.824229e-01 4.113375e-02 -3.192198e-01 -2.210254e-01 1.301972e-04 9.752680e-01 1.131242e+01
9.239234e-01 2.399247e-01 -2.979962e-01 4.542540e-01 -2.082307e-01 9.688018e-01 1.343986e-01 -3.253270e-01 3.209448e-01 -6.212202e-02 9.450583e-01 1.151743e+01
9.540924e-01 -2.167660e-01 2.066886e-01 4.567288e-01 2.164722e-01 9.759859e-01 2.431705e-02 -3.315564e-01 -2.069963e-01 2.154162e-02 9.781045e-01 1.171655e+01
9.264965e-01 2.613017e-01 -2.707871e-01 4.694098e-01 -2.267073e-01 9.619394e-01 1.525661e-01 -3.376758e-01 3.003465e-01 -7.996255e-02 9.504725e-01 1.189619e+01
9.554742e-01 -2.297384e-01 1.851737e-01 4.801921e-01 2.327653e-01 9.725172e-01 5.526165e-03 -3.439347e-01 -1.813542e-01 3.782191e-02 9.826903e-01 1.208026e+01
9.278593e-01 2.785358e-01 -2.479818e-01 4.972556e-01 -2.424587e-01 9.557916e-01 1.663615e-01 -3.500988e-01 2.833566e-01 -9.423472e-02 9.543736e-01 1.224565e+01
9.566503e-01 -2.424721e-01 1.613303e-01 5.206936e-01 2.475179e-01 9.688134e-01 -1.163935e-02 -3.564099e-01 -1.534767e-01 5.106692e-02 9.868318e-01 1.241177e+01
8.282308e-01 3.929250e-01 -3.995542e-01 4.719603e-01 -3.168035e-01 9.164292e-01 2.445263e-01 -3.573620e-01 4.622436e-01 -7.594400e-02 8.834949e-01 1.292970e+01
9.048297e-01 -3.906222e-01 1.694036e-01 2.709548e-01 3.929683e-01 9.193151e-01 2.087002e-02 -3.646439e-01 -1.638876e-01 4.768645e-02 9.853258e-01 1.376655e+01
8.625978e-01 4.456962e-01 -2.393322e-01 1.995718e-01 -4.059866e-01 8.921414e-01 1.981381e-01 -3.742709e-01 3.018275e-01 -7.374787e-02 9.505059e-01 1.428064e+01
8.887197e-01 -4.117064e-01 2.016810e-01 2.622113e-01 4.267460e-01 9.036640e-01 -3.576572e-02 -3.814419e-01 -1.675269e-01 1.178522e-01 9.787980e-01 1.436162e+01
8.412093e-01 5.027595e-01 -1.989971e-01 3.116658e-01 -4.439180e-01 8.522764e-01 2.766980e-01 -3.878157e-01 3.087131e-01 -1.444225e-01 9.401268e-01 1.445978e+01
8.692416e-01 -4.502488e-01 2.041936e-01 3.778146e-01 4.766636e-01 8.728550e-01 -1.044791e-01 -3.951153e-01 -1.311898e-01 1.881493e-01 9.733391e-01 1.453272e+01
8.391063e-01 5.226598e-01 -1.507560e-01 4.208080e-01 -4.644547e-01 8.326558e-01 3.016060e-01 -4.022349e-01 2.831651e-01 -1.830602e-01 9.414385e-01 1.462319e+01
9.280926e-01 -3.381545e-01 1.558706e-01 4.047155e-01 3.644962e-01 9.106052e-01 -1.947836e-01 -4.099750e-01 -7.606959e-02 2.375915e-01 9.683820e-01 1.487076e+01
8.694903e-01 4.795343e-01 -1.184627e-01 3.284193e-01 -4.126865e-01 8.370322e-01 3.592588e-01 -4.204499e-01 2.714341e-01 -2.634841e-01 9.256888e-01 1.520709e+01
9.688050e-01 -2.261406e-01 1.013773e-01 3.214013e-01 2.459942e-01 9.271328e-01 -2.826865e-01 -4.280940e-01 -3.006332e-02 2.988063e-01 9.538401e-01 1.554948e+01
9.481699e-01 2.845675e-01 -1.414044e-01 2.617445e-01 -1.994731e-01 8.794210e-01 4.322373e-01 -4.364465e-01 2.473547e-01 -3.816281e-01 8.906041e-01 1.593128e+01
9.765130e-01 -1.720141e-01 1.297443e-01 3.003900e-01 2.036926e-01 9.333106e-01 -2.957037e-01 -4.430489e-01 -7.022657e-02 3.151865e-01 9.464279e-01 1.603198e+01
9.595839e-01 2.411944e-01 -1.449968e-01 3.335318e-01 -1.622359e-01 8.951059e-01 4.152889e-01 -4.499940e-01 2.299529e-01 -3.749809e-01 8.980596e-01 1.617634e+01
9.868630e-01 -1.316165e-01 9.369383e-02 3.334064e-01 1.547985e-01 9.363281e-01 -3.151621e-01 -4.562862e-01 -4.624764e-02 3.255255e-01 9.444016e-01 1.639526e+01
9.645492e-01 1.952037e-01 -1.775959e-01 3.552092e-01 -9.997358e-02 8.930788e-01 4.386520e-01 -4.620481e-01 2.442336e-01 -4.053465e-01 8.809337e-01 1.660497e+01
9.921366e-01 -8.035921e-02 9.595536e-02 3.721103e-01 1.074562e-01 9.399889e-01 -3.238426e-01 -4.680643e-01 -6.417323e-02 3.316071e-01 9.412324e-01 1.681514e+01
9.671913e-01 1.417408e-01 -2.108328e-01 4.027026e-01 -3.455061e-02 8.955679e-01 4.435812e-01 -4.733951e-01 2.516887e-01 -4.217435e-01 8.710828e-01 1.701642e+01
9.946093e-01 -3.028986e-02 9.917120e-02 4.316508e-01 6.007437e-02 9.478525e-01 -3.129962e-01 -4.792973e-01 -8.451906e-02 3.172666e-01 9.445626e-01 1.721993e+01
9.716840e-01 1.291511e-01 -1.978640e-01 4.285027e-01 -3.625782e-02 9.089807e-01 4.152584e-01 -4.856500e-01 2.334857e-01 -3.963258e-01 8.879247e-01 1.743818e+01
9.940053e-01 -2.108733e-02 1.072790e-01 4.188151e-01 5.283235e-02 9.516990e-01 -3.024529e-01 -4.914604e-01 -9.571938e-02 3.063076e-01 9.471079e-01 1.768033e+01
9.765870e-01 1.165012e-01 -1.808459e-01 4.281146e-01 -3.691705e-02 9.189531e-01 3.926351e-01 -4.979092e-01 2.119314e-01 -3.767661e-01 9.017386e-01 1.786914e+01
9.944406e-01 -2.528669e-02 1.022177e-01 4.590826e-01 5.353466e-02 9.573300e-01 -2.839951e-01 -5.038674e-01 -9.067478e-02 2.878885e-01 9.533616e-01 1.803405e+01
9.757720e-01 1.230785e-01 -1.808884e-01 4.899751e-01 -4.230949e-02 9.173110e-01 3.959173e-01 -5.101540e-01 2.146599e-01 -3.786717e-01 9.002938e-01 1.816809e+01
9.911654e-01 -2.058473e-02 1.310244e-01 5.348923e-01 5.942644e-02 9.520973e-01 -2.999652e-01 -5.170026e-01 -1.185733e-01 3.051015e-01 9.449092e-01 1.828032e+01
9.728043e-01 1.174055e-01 -1.996690e-01 5.537662e-01 -2.999627e-02 9.186190e-01 3.940042e-01 -5.234561e-01 2.296780e-01 -3.772997e-01 8.971583e-01 1.845654e+01
9.937421e-01 -2.289729e-02 1.093270e-01 5.563566e-01 5.285598e-02 9.586417e-01 -2.796648e-01 -5.293185e-01 -9.840185e-02 2.836933e-01 9.538528e-01 1.865908e+01
9.747580e-01 1.105420e-01 -1.939777e-01 5.664649e-01 -2.959819e-02 9.251384e-01 3.784744e-01 -5.356066e-01 2.212935e-01 -3.631796e-01 9.050579e-01 1.882357e+01
9.927657e-01 -3.247078e-03 1.200240e-01 5.887208e-01 3.742844e-02 9.581934e-01 -2.836627e-01 -5.417067e-01 -1.140852e-01 2.861029e-01 9.513830e-01 1.901241e+01
9.680100e-01 9.231472e-02 -2.333124e-01 5.909618e-01 5.374815e-03 9.220161e-01 3.871142e-01 -5.470462e-01 2.508541e-01 -3.759844e-01 8.920246e-01 1.926160e+01
9.916084e-01 9.405640e-03 1.289352e-01 5.891639e-01 2.700434e-02 9.602783e-01 -2.777345e-01 -5.525501e-01 -1.264260e-01 2.788857e-01 9.519660e-01 1.949493e+01
9.706053e-01 7.459525e-02 -2.288251e-01 5.868302e-01 1.859390e-02 9.246737e-01 3.803062e-01 -5.585356e-01 2.399576e-01 -3.733820e-01 8.961062e-01 1.970398e+01
9.900181e-01 4.115277e-02 1.347987e-01 5.842139e-01 -5.313029e-04 9.575053e-01 -2.884151e-01 -5.647170e-01 -1.409396e-01 2.854645e-01 9.479694e-01 1.992841e+01
9.639029e-01 5.164524e-02 -2.611971e-01 5.736258e-01 5.365282e-02 9.232076e-01 3.805379e-01 -5.705529e-01 2.607921e-01 -3.808155e-01 8.871116e-01 2.017604e+01
9.852213e-01 6.490777e-02 1.585115e-01 5.857095e-01 -2.110362e-02 9.643675e-01 -2.637234e-01 -5.766455e-01 -1.699811e-01 2.564808e-01 9.514852e-01 2.035424e+01
9.675207e-01 1.907036e-02 -2.520714e-01 6.330121e-01 7.027338e-02 9.375568e-01 3.406594e-01 -5.832221e-01 2.428277e-01 -3.473090e-01 9.057655e-01 2.047952e+01
9.841369e-01 8.572447e-02 1.553250e-01 6.402937e-01 -4.594373e-02 9.687917e-01 -2.435811e-01 -5.894674e-01 -1.713585e-01 2.325809e-01 9.573622e-01 2.067313e+01
9.593697e-01 1.185733e-02 -2.819029e-01 6.408165e-01 8.349768e-02 9.424342e-01 3.237991e-01 -5.952022e-01 2.695143e-01 -3.341813e-01 9.031528e-01 2.090922e+01
9.806787e-01 1.178316e-01 1.561572e-01 6.288189e-01 -7.960678e-02 9.695371e-01 -2.316475e-01 -6.009211e-01 -1.786956e-01 2.147406e-01 9.601845e-01 2.119581e+01
9.544253e-01 -1.810785e-02 -2.979000e-01 6.166127e-01 1.117660e-01 9.472092e-01 3.005048e-01 -6.068095e-01 2.767321e-01 -3.201044e-01 9.060643e-01 2.146311e+01
9.777696e-01 1.241517e-01 1.689764e-01 6.160975e-01 -8.605472e-02 9.724709e-01 -2.165522e-01 -6.123602e-01 -1.912100e-01 1.971970e-01 9.615363e-01 2.172196e+01
9.473015e-01 -1.822659e-02 -3.198244e-01 6.084382e-01 1.149891e-01 9.511898e-01 2.863834e-01 -6.180335e-01 2.989939e-01 -3.080677e-01 9.031594e-01 2.198813e+01
9.700635e-01 1.159689e-01 2.133728e-01 6.161893e-01 -7.298745e-02 9.772174e-01 -1.992961e-01 -6.241168e-01 -2.316237e-01 1.777564e-01 9.564273e-01 2.218233e+01
9.467689e-01 -1.158619e-02 -3.217056e-01 6.345136e-01 1.001359e-01 9.603729e-01 2.601089e-01 -6.304756e-01 3.059437e-01 -2.784773e-01 9.104114e-01 2.234147e+01
9.680642e-01 9.945247e-02 2.301324e-01 6.505957e-01 -6.095345e-02 9.837745e-01 -1.687375e-01 -6.365755e-01 -2.431797e-01 1.493213e-01 9.584189e-01 2.250715e+01
9.441143e-01 -1.095475e-03 -3.296163e-01 6.708033e-01 8.607016e-02 9.661201e-01 2.433184e-01 -6.428368e-01 3.181824e-01 -2.580905e-01 9.122221e-01 2.265911e+01
9.656477e-01 9.720146e-02 2.409903e-01 7.180502e-01 -6.522873e-02 9.883816e-01 -1.372842e-01 -6.494524e-01 -2.515346e-01 1.168487e-01 9.607688e-01 2.276081e+01
9.425721e-01 -1.697077e-02 -3.335714e-01 7.587521e-01 8.724662e-02 9.765440e-01 1.968500e-01 -6.564723e-01 3.224065e-01 -2.146483e-01 9.219437e-01 2.287558e+01
9.580941e-01 1.110623e-01 2.640471e-01 7.864322e-01 -8.838715e-02 9.914207e-01 -9.629455e-02 -6.635012e-01 -2.724764e-01 6.892087e-02 9.596908e-01 2.299527e+01
9.340059e-01 -2.161965e-02 -3.566029e-01 8.294668e-01 7.912011e-02 9.858987e-01 1.474578e-01 -6.703432e-01 3.483863e-01 -1.659409e-01 9.225457e-01 2.313571e+01
9.644660e-01 7.284061e-02 2.539677e-01 8.269799e-01 -6.257596e-02 9.968720e-01 -4.827532e-02 -6.764523e-01 -2.566897e-01 3.066763e-02 9.660072e-01 2.335376e+01
8.153062e-01 7.949127e-02 -5.735476e-01 1.226464e+00 3.402609e-02 9.822427e-01 1.845033e-01 -6.752630e-01 5.780294e-01 -1.699423e-01 7.981239e-01 2.361095e+01
9.010748e-01 1.444601e-01 4.088956e-01 1.388613e+00 -8.658621e-02 9.838318e-01 -1.567729e-01 -6.803238e-01 -4.249319e-01 1.058594e-01 8.990143e-01 2.379195e+01
8.560935e-01 2.899574e-03 -5.168128e-01 1.396219e+00 1.114769e-01 9.754089e-01 1.901325e-01 -6.866274e-01 5.046551e-01 -2.203838e-01 8.347180e-01 2.398893e+01
9.108333e-01 9.373152e-02 4.019915e-01 1.382036e+00 -5.716809e-02 9.931367e-01 -1.020360e-01 -6.923260e-01 -4.087965e-01 6.995671e-02 9.099404e-01 2.425807e+01
8.571949e-01 3.185256e-02 -5.140061e-01 1.365976e+00 5.906415e-02 9.854188e-01 1.595654e-01 -6.983960e-01 5.115939e-01 -1.671380e-01 8.428147e-01 2.452565e+01
9.030030e-01 6.061964e-02 4.253361e-01 1.384004e+00 -3.328516e-02 9.968913e-01 -7.141315e-02 -7.046417e-01 -4.283429e-01 5.032891e-02 9.022136e-01 2.469911e+01
8.449129e-01 5.672780e-02 -5.318874e-01 1.405929e+00 2.976015e-02 9.878351e-01 1.526309e-01 -7.104092e-01 5.340754e-01 -1.447889e-01 8.329464e-01 2.496685e+01
9.147763e-01 -1.025587e-02 4.038305e-01 1.395825e+00 8.999917e-03 9.999470e-01 5.008085e-03 -7.156589e-01 -4.038605e-01 -9.468364e-04 9.148201e-01 2.520913e+01
8.702220e-01 1.058075e-01 -4.811637e-01 1.442279e+00 -5.890589e-02 9.920052e-01 1.116052e-01 -7.225186e-01 4.891255e-01 -6.877797e-02 8.694974e-01 2.529939e+01
9.090357e-01 -7.289340e-02 4.102933e-01 1.486678e+00 7.719129e-02 9.969976e-01 6.105144e-03 -7.299944e-01 -4.095065e-01 2.612128e-02 9.119332e-01 2.537755e+01
8.324033e-01 1.710281e-01 -5.271188e-01 1.516046e+00 -7.710376e-02 9.776767e-01 1.954564e-01 -7.349511e-01 5.487803e-01 -1.220557e-01 8.270082e-01 2.548240e+01
9.069230e-01 -7.856044e-02 4.139070e-01 1.540948e+00 8.360375e-02 9.964813e-01 5.947853e-03 -7.397057e-01 -4.129178e-01 2.920993e-02 9.102998e-01 2.564648e+01
8.509230e-01 1.583807e-01 -5.008448e-01 1.541001e+00 -9.771792e-02 9.845472e-01 1.453202e-01 -7.459484e-01 5.161213e-01 -7.471477e-02 8.532506e-01 2.585006e+01
8.956050e-01 -1.094379e-01 4.311786e-01 1.578150e+00 1.115967e-01 9.935447e-01 2.037393e-02 -7.528491e-01 -4.306249e-01 2.987113e-02 9.020365e-01 2.595544e+01
8.486720e-01 1.978354e-01 -4.905272e-01 1.643479e+00 -1.473529e-01 9.791319e-01 1.399569e-01 -7.602806e-01 5.079792e-01 -4.649691e-02 8.601134e-01 2.601925e+01
8.843597e-01 -1.587705e-01 4.389758e-01 1.707986e+00 1.639680e-01 9.861142e-01 2.633209e-02 -7.681686e-01 -4.370610e-01 4.869094e-02 8.981129e-01 2.607251e+01
8.299438e-01 2.379990e-01 -5.045293e-01 1.747600e+00 -1.751082e-01 9.698568e-01 1.694549e-01 -7.749150e-01 5.296512e-01 -5.229078e-02 8.466022e-01 2.622098e+01
8.981674e-01 -1.801509e-01 4.010499e-01 1.766518e+00 1.861386e-01 9.822218e-01 2.434762e-02 -7.809485e-01 -3.983062e-01 5.278260e-02 9.157326e-01 2.639417e+01
8.415130e-01 2.707913e-01 -4.674697e-01 1.795212e+00 -2.128682e-01 9.615034e-01 1.737769e-01 -7.872620e-01 4.965310e-01 -4.672610e-02 8.667604e-01 2.655664e+01
8.880150e-01 -2.106719e-01 4.087134e-01 1.823525e+00 2.184403e-01 9.754432e-01 2.818641e-02 -7.944457e-01 -4.046148e-01 6.424952e-02 9.122274e-01 2.666822e+01
8.406032e-01 3.119018e-01 -4.428357e-01 1.882303e+00 -2.595711e-01 9.495393e-01 1.760624e-01 -8.028767e-01 4.754041e-01 -3.305120e-02 8.791465e-01 2.671221e+01
8.891586e-01 -2.596642e-01 3.767910e-01 1.914940e+00 2.704856e-01 9.624010e-01 2.493806e-02 -8.106926e-01 -3.690996e-01 7.974267e-02 9.259625e-01 2.683967e+01
8.572329e-01 3.374712e-01 -3.889280e-01 1.936254e+00 -2.862553e-01 9.401560e-01 1.848366e-01 -8.188166e-01 4.280301e-01 -4.711529e-02 9.025356e-01 2.698532e+01
8.974725e-01 -2.661834e-01 3.516952e-01 1.989592e+00 2.798677e-01 9.599589e-01 1.237334e-02 -8.269698e-01 -3.409065e-01 8.732339e-02 9.360328e-01 2.704359e+01
7.970948e-01 4.261750e-01 -4.278021e-01 2.092787e+00 -3.176862e-01 8.984449e-01 3.031044e-01 -8.324517e-01 5.135322e-01 -1.056961e-01 8.515357e-01 2.711828e+01
8.896984e-01 -2.814297e-01 3.594914e-01 2.162432e+00 3.068038e-01 9.516655e-01 -1.428664e-02 -8.366964e-01 -3.380949e-01 1.230042e-01 9.330390e-01 2.723760e+01
8.518087e-01 3.680256e-01 -3.727991e-01 2.195294e+00 -3.018402e-01 9.264488e-01 2.249115e-01 -8.444188e-01 4.281525e-01 -7.905586e-02 9.002420e-01 2.735935e+01
9.005145e-01 -3.104280e-01 3.044800e-01 2.201349e+00 3.297371e-01 9.439862e-01 -1.278686e-02 -8.509384e-01 -2.834555e-01 1.119131e-01 9.524329e-01 2.754811e+01
8.447714e-01 4.004726e-01 -3.549408e-01 2.194214e+00 -3.259143e-01 9.111113e-01 2.523015e-01 -8.570105e-01 4.244304e-01 -9.745683e-02 9.002005e-01 2.780974e+01
8.858838e-01 -3.859882e-01 2.573382e-01 2.179094e+00 4.094294e-01 9.113516e-01 -4.249620e-02 -8.620933e-01 -2.181225e-01 1.430085e-01 9.653865e-01 2.804566e+01
7.957296e-01 5.258029e-01 -3.005757e-01 2.174228e+00 -4.338152e-01 8.411343e-01 3.229512e-01 -8.677713e-01 4.226332e-01 -1.265875e-01 8.974167e-01 2.819090e+01
8.576753e-01 -4.099996e-01 3.103118e-01 2.221732e+00 4.523380e-01 8.885873e-01 -7.617709e-02 -8.756632e-01 -2.445065e-01 2.057010e-01 9.475778e-01 2.824151e+01
8.094627e-01 5.144186e-01 -2.830965e-01 2.235539e+00 -4.262819e-01 8.464164e-01 3.191598e-01 -8.831060e-01 4.037992e-01 -1.376690e-01 9.044299e-01 2.839834e+01
8.490118e-01 -4.552082e-01 2.682618e-01 2.230553e+00 4.927866e-01 8.653585e-01 -9.119205e-02 -8.893266e-01 -1.906313e-01 2.096190e-01 9.590201e-01 2.861228e+01
8.150858e-01 5.391194e-01 -2.120977e-01 2.236780e+00 -4.555012e-01 8.225842e-01 3.404024e-01 -8.957811e-01 3.579858e-01 -1.808464e-01 9.160463e-01 2.878782e+01
8.609526e-01 -4.478964e-01 2.411418e-01 2.252122e+00 4.889547e-01 8.594105e-01 -1.494552e-01 -9.023044e-01 -1.402994e-01 2.465813e-01 9.589128e-01 2.897070e+01
8.227822e-01 5.399358e-01 -1.774787e-01 2.255488e+00 -4.421277e-01 8.042632e-01 3.970941e-01 -9.081822e-01 3.571449e-01 -2.482537e-01 9.004541e-01 2.917984e+01
8.680542e-01 -4.345637e-01 2.400757e-01 2.287291e+00 4.821731e-01 8.531445e-01 -1.991322e-01 -9.148855e-01 -1.182836e-01 2.886155e-01 9.501106e-01 2.929594e+01
8.327859e-01 5.338345e-01 -1.465892e-01 2.317823e+00 -4.419338e-01 8.005566e-01 4.047266e-01 -9.218705e-01 3.334100e-01 -2.722679e-01 9.026117e-01 2.944202e+01
8.637925e-01 -4.379977e-01 2.490393e-01 2.341294e+00 4.892708e-01 8.472082e-01 -2.070080e-01 -9.308071e-01 -1.203191e-01 3.006596e-01 9.461116e-01 2.955512e+01
8.407306e-01 5.277911e-01 -1.208663e-01 2.377626e+00 -4.512506e-01 8.063577e-01 3.823091e-01 -9.395399e-01 2.992408e-01 -2.668780e-01 9.160956e-01 2.960466e+01
8.753079e-01 -4.387844e-01 2.032349e-01 2.411594e+00 4.787517e-01 8.454990e-01 -2.364917e-01 -9.471173e-01 -6.806606e-02 3.043021e-01 9.501406e-01 2.968450e+01
8.502283e-01 5.194800e-01 -8.516058e-02 2.434494e+00 -4.476618e-01 7.986251e-01 4.022399e-01 -9.541263e-01 2.769669e-01 -3.038726e-01 9.115650e-01 2.981527e+01
8.861310e-01 -4.299798e-01 1.728853e-01 2.473818e+00 4.624533e-01 8.446876e-01 -2.695176e-01 -9.611849e-01 -3.014696e-02 3.187793e-01 9.473494e-01 2.991769e+01
8.616750e-01 5.049995e-01 -4.991822e-02 2.516649e+00 -4.406417e-01 7.933768e-01 4.199859e-01 -9.686588e-01 2.516966e-01 -3.398953e-01 9.061567e-01 2.999279e+01
8.955916e-01 -4.161487e-01 1.572765e-01 2.557403e+00 4.448659e-01 8.402486e-01 -3.099624e-01 -9.760964e-01 -3.160910e-03 3.475667e-01 9.376499e-01 3.009166e+01
8.727935e-01 4.867828e-01 -3.569396e-02 2.582611e+00 -4.198770e-01 7.860939e-01 4.536074e-01 -9.826402e-01 2.488671e-01 -3.809185e-01 8.904866e-01 3.024915e+01
9.070224e-01 -3.978874e-01 1.378261e-01 2.616332e+00 4.210140e-01 8.510179e-01 -3.138722e-01 -9.896934e-01 7.593366e-03 3.427158e-01 9.394084e-01 3.036988e+01
8.906054e-01 4.547721e-01 2.064673e-03 2.666492e+00 -4.120527e-01 8.050078e-01 4.268197e-01 -9.978213e-01 1.924436e-01 -3.809787e-01 9.043344e-01 3.042484e+01
9.164692e-01 -3.864388e-01 1.036789e-01 2.714580e+00 3.979050e-01 8.531590e-01 -3.373296e-01 -1.005751e+00 4.190266e-02 3.504066e-01 9.356599e-01 3.048428e+01
9.056480e-01 4.235911e-01 1.929548e-02 2.765513e+00 -3.890917e-01 8.120767e-01 4.349013e-01 -1.013793e+00 1.685509e-01 -4.013752e-01 9.002714e-01 3.054475e+01
9.312621e-01 -3.578769e-01 6.837454e-02 2.803929e+00 3.576145e-01 8.618898e-01 -3.595244e-01 -1.021171e+00 6.973415e-02 3.592632e-01 9.306273e-01 3.062990e+01
9.159192e-01 3.991443e-01 4.214037e-02 2.848788e+00 -3.725162e-01 8.063077e-01 4.594557e-01 -1.028951e+00 1.494110e-01 -4.365223e-01 8.872005e-01 3.069110e+01
9.363908e-01 -3.456329e-01 6.091044e-02 2.899064e+00 3.414016e-01 8.568407e-01 -3.863535e-01 -1.037213e+00 8.134593e-02 3.825728e-01 9.203374e-01 3.074073e+01
9.210436e-01 3.849826e-01 5.888160e-02 2.952534e+00 -3.652484e-01 8.013823e-01 4.736877e-01 -1.045217e+00 1.351748e-01 -4.577934e-01 8.787223e-01 3.079327e+01
9.453409e-01 -3.255893e-01 1.795086e-02 2.986847e+00 3.046651e-01 8.622848e-01 -4.045295e-01 -1.052386e+00 1.162317e-01 3.878873e-01 9.143488e-01 3.094461e+01
9.457579e-01 3.217263e-01 4.510097e-02 2.995215e+00 -2.978289e-01 8.031811e-01 5.159438e-01 -1.058444e+00 1.297685e-01 -5.013904e-01 8.554343e-01 3.115223e+01
9.628086e-01 -2.680574e-01 3.383473e-02 3.028214e+00 2.543497e-01 8.570060e-01 -4.481595e-01 -1.065417e+00 9.113589e-02 4.400977e-01 8.933131e-01 3.126276e+01
9.557896e-01 2.920283e-01 3.443355e-02 3.057656e+00 -2.634067e-01 7.982412e-01 5.416899e-01 -1.072256e+00 1.307025e-01 -5.268116e-01 8.398729e-01 3.140440e+01
9.705562e-01 -2.408746e-01 -3.283370e-04 3.073859e+00 2.139712e-01 8.627787e-01 -4.580713e-01 -1.078195e+00 1.106210e-01 4.445137e-01 8.889154e-01 3.159629e+01
9.697286e-01 2.419501e-01 3.296462e-02 3.083853e+00 -2.184479e-01 7.992496e-01 5.598934e-01 -1.084318e+00 1.091193e-01 -5.501456e-01 8.279087e-01 3.180040e+01
9.828997e-01 -1.825945e-01 -2.382126e-02 3.100719e+00 1.496250e-01 8.673515e-01 -4.746722e-01 -1.090366e+00 1.073340e-01 4.629909e-01 8.798402e-01 3.200838e+01
9.838910e-01 1.782597e-01 1.349182e-02 3.114696e+00 -1.534174e-01 8.032104e-01 5.756007e-01 -1.096237e+00 9.176965e-02 -5.683982e-01 8.176196e-01 3.221804e+01
9.930114e-01 -1.164065e-01 -1.943984e-02 3.139101e+00 9.116101e-02 8.611668e-01 -5.000815e-01 -1.102161e+00 7.495369e-02 4.948144e-01 8.657601e-01 3.239198e+01
9.916745e-01 1.286865e-01 -4.642153e-03 3.165578e+00 -1.014000e-01 8.026059e-01 5.878281e-01 -1.108485e+00 7.937138e-02 -5.824634e-01 8.089726e-01 3.254592e+01
9.969752e-01 -7.690307e-02 -1.124495e-02 3.204441e+00 6.091967e-02 8.630788e-01 -5.013818e-01 -1.115639e+00 4.826308e-02 4.991802e-01 8.651531e-01 3.264951e+01
9.931009e-01 1.067876e-01 -4.844622e-02 3.230791e+00 -5.573266e-02 7.933309e-01 6.062342e-01 -1.122181e+00 1.031722e-01 -5.993517e-01 7.938092e-01 3.279324e+01
9.994608e-01 -3.239791e-02 5.341208e-03 3.257201e+00 3.059954e-02 8.600069e-01 -5.093642e-01 -1.128665e+00 1.190886e-02 5.092530e-01 8.605345e-01 3.294941e+01
9.967006e-01 6.586358e-02 -4.743226e-02 3.303635e+00 -2.658252e-02 8.170482e-01 5.759562e-01 -1.136121e+00 7.668899e-02 -5.727951e-01 8.161033e-01 3.305287e+01
9.996775e-01 1.948315e-02 -1.628935e-02 3.320864e+00 -2.497512e-02 8.704774e-01 -4.915744e-01 -1.142358e+00 4.602095e-03 4.918227e-01 8.706832e-01 3.323127e+01
9.984313e-01 2.035895e-02 -5.215724e-02 3.348194e+00 1.408430e-02 8.102680e-01 5.858903e-01 -1.150009e+00 5.418945e-02 -5.857058e-01 8.087102e-01 3.335423e+01
9.985290e-01 5.257707e-02 1.324555e-02 3.404651e+00 -3.768569e-02 8.486395e-01 -5.276275e-01 -1.158345e+00 -3.898180e-02 5.263522e-01 8.493726e-01 3.340508e+01
9.946665e-01 7.214537e-03 -1.028908e-01 3.461522e+00 5.540882e-02 8.040129e-01 5.920247e-01 -1.166256e+00 8.699669e-02 -5.945682e-01 7.993249e-01 3.346701e+01
9.952416e-01 9.721244e-02 6.622047e-03 3.496535e+00 -7.991380e-02 8.532468e-01 -5.153481e-01 -1.173327e+00 -5.574849e-02 5.123667e-01 8.569553e-01 3.361401e+01
9.835359e-01 -3.918598e-02 -1.764133e-01 3.499938e+00 1.385523e-01 7.902470e-01 5.969196e-01 -1.179334e+00 1.160192e-01 -6.115343e-01 7.826655e-01 3.382746e+01
9.845397e-01 1.727857e-01 2.875075e-02 3.516436e+00 -1.341808e-01 8.494760e-01 -5.102803e-01 -1.185237e+00 -1.125922e-01 4.985334e-01 8.595274e-01 3.402867e+01
9.695736e-01 -8.588281e-02 -2.292405e-01 3.543276e+00 2.050168e-01 7.965992e-01 5.686809e-01 -1.191335e+00 1.337729e-01 -5.983761e-01 7.899689e-01 3.421226e+01
9.693968e-01 2.390817e-01 5.576635e-02 3.566449e+00 -1.785547e-01 8.425208e-01 -5.082095e-01 -1.197884e+00 -1.684879e-01 4.826993e-01 8.594261e-01 3.437959e+01
9.600114e-01 -9.555034e-02 -2.631507e-01 3.616154e+00 2.330756e-01 7.934964e-01 5.621736e-01 -1.205133e+00 1.550933e-01 -6.010271e-01 7.840361e-01 3.447970e+01
9.602760e-01 2.555357e-01 1.121230e-01 3.679889e+00 -1.604185e-01 8.342827e-01 -5.274830e-01 -1.212325e+00 -2.283330e-01 4.885426e-01 8.421343e-01 3.457938e+01
9.415325e-01 -8.333258e-02 -3.264542e-01 3.722830e+00 2.632740e-01 7.866008e-01 5.585212e-01 -1.218694e+00 2.102461e-01 -6.118127e-01 7.625495e-01 3.469925e+01
9.488854e-01 2.697027e-01 1.639419e-01 3.774457e+00 -1.458985e-01 8.354156e-01 -5.299004e-01 -1.225969e+00 -2.798753e-01 4.788959e-01 8.320628e-01 3.480202e+01
9.213266e-01 -7.344568e-02 -3.817893e-01 3.793513e+00 2.855990e-01 7.941516e-01 5.364293e-01 -1.232140e+00 2.638001e-01 -6.032653e-01 7.526490e-01 3.496909e+01
9.335750e-01 2.973370e-01 2.000712e-01 3.814463e+00 -1.631991e-01 8.497342e-01 -5.013161e-01 -1.238211e+00 -3.190671e-01 4.353647e-01 8.418157e-01 3.515458e+01
8.969088e-01 -9.537798e-02 -4.318075e-01 3.823896e+00 3.234689e-01 8.073229e-01 4.935561e-01 -1.244112e+00 3.015337e-01 -5.823511e-01 7.549468e-01 3.535771e+01
9.134505e-01 3.262523e-01 2.432440e-01 3.839345e+00 -1.778718e-01 8.576895e-01 -4.824213e-01 -1.250290e+00 -3.660189e-01 3.974017e-01 8.414880e-01 3.553000e+01
8.848937e-01 -1.043576e-01 -4.539522e-01 3.860947e+00 3.326925e-01 8.237022e-01 4.591627e-01 -1.256951e+00 3.260043e-01 -5.573367e-01 7.636079e-01 3.567230e+01
8.955420e-01 3.394085e-01 2.877610e-01 3.889417e+00 -1.787750e-01 8.666356e-01 -4.658135e-01 -1.263951e+00 -4.074850e-01 3.657111e-01 8.367863e-01 3.580909e+01
8.445239e-01 -1.026118e-01 -5.255951e-01 3.927365e+00 3.583127e-01 8.376796e-01 4.121952e-01 -1.269852e+00 3.979843e-01 -5.364360e-01 7.442076e-01 3.592626e+01
8.714302e-01 3.516676e-01 3.419640e-01 3.944966e+00 -1.982731e-01 8.901880e-01 -4.101867e-01 -1.275882e+00 -4.486616e-01 2.896468e-01 8.454629e-01 3.606773e+01
8.302060e-01 -1.197900e-01 -5.444340e-01 3.957232e+00 3.561532e-01 8.653050e-01 3.527068e-01 -1.282206e+00 4.288507e-01 -4.867213e-01 7.610450e-01 3.624312e+01
8.518845e-01 3.500642e-01 3.895483e-01 3.986430e+00 -1.908709e-01 9.001587e-01 -3.915133e-01 -1.288745e+00 -4.877101e-01 2.591706e-01 8.336483e-01 3.638204e+01
8.187368e-01 -1.023558e-01 -5.649720e-01 4.025114e+00 3.350148e-01 8.842815e-01 3.252864e-01 -1.295861e+00 4.662993e-01 -4.555979e-01 7.582846e-01 3.647325e+01
8.449942e-01 3.271195e-01 4.230574e-01 4.097016e+00 -1.797101e-01 9.187835e-01 -3.514841e-01 -1.303152e+00 -5.036755e-01 2.209743e-01 8.351535e-01 3.653398e+01
8.078382e-01 -9.027052e-02 -5.824505e-01 4.172826e+00 3.060984e-01 9.087432e-01 2.837069e-01 -1.310686e+00 5.036876e-01 -4.074765e-01 7.617492e-01 3.659252e+01
8.313916e-01 2.922545e-01 4.726259e-01 4.244709e+00 -1.552750e-01 9.388283e-01 -3.073941e-01 -1.318354e+00 -5.335519e-01 1.821779e-01 8.259138e-01 3.665061e+01
7.888577e-01 -6.506326e-02 -6.111221e-01 4.329915e+00 2.723614e-01 9.284109e-01 2.527301e-01 -1.325998e+00 5.509290e-01 -3.658142e-01 7.501048e-01 3.670542e+01
8.163205e-01 2.533205e-01 5.190853e-01 4.400989e+00 -1.179353e-01 9.528626e-01 -2.795429e-01 -1.333741e+00 -5.654309e-01 1.669781e-01 8.077167e-01 3.677450e+01
7.747075e-01 -2.588448e-02 -6.317897e-01 4.461783e+00 2.246599e-01 9.452383e-01 2.367540e-01 -1.341371e+00 5.910636e-01 -3.253529e-01 7.380985e-01 3.683257e+01
8.065529e-01 2.163798e-01 5.501383e-01 4.532597e+00 -1.116535e-01 9.696142e-01 -2.176735e-01 -1.349194e+00 -5.805221e-01 1.141403e-01 8.062047e-01 3.688349e+01
7.756428e-01 -4.356440e-02 -6.296669e-01 4.602063e+00 1.960056e-01 9.649178e-01 1.746865e-01 -1.357318e+00 5.999667e-01 -2.589126e-01 7.569704e-01 3.692784e+01
8.111895e-01 1.821943e-01 5.556769e-01 4.665563e+00 -1.113401e-01 9.809641e-01 -1.590998e-01 -1.364945e+00 -5.740862e-01 6.719092e-02 8.160334e-01 3.697910e+01
7.853435e-01 -3.688436e-02 -6.179604e-01 4.726670e+00 1.544127e-01 9.783435e-01 1.378428e-01 -1.373273e+00 5.994933e-01 -2.036749e-01 7.740312e-01 3.702206e+01
8.160752e-01 1.369798e-01 5.614783e-01 4.765527e+00 -7.925224e-02 9.888525e-01 -1.260547e-01 -1.381141e+00 -5.724861e-01 5.837172e-02 8.178340e-01 3.712434e+01
7.623048e-01 4.460863e-03 -6.472028e-01 4.784475e+00 1.206426e-01 9.814709e-01 1.488632e-01 -1.387689e+00 6.358748e-01 -1.915594e-01 7.476418e-01 3.728530e+01
8.023286e-01 9.679225e-02 5.889822e-01 4.811855e+00 -4.877584e-02 9.940959e-01 -9.692403e-02 -1.395028e+00 -5.948863e-01 4.903682e-02 8.023127e-01 3.740163e+01
7.480855e-01 4.236519e-02 -6.622486e-01 4.842540e+00 5.828477e-02 9.899087e-01 1.291655e-01 -1.402734e+00 6.610377e-01 -1.352258e-01 7.380671e-01 3.754634e+01
8.061730e-01 2.848995e-02 5.909936e-01 4.870752e+00 -2.903600e-03 9.990185e-01 -4.419876e-02 -1.409587e+00 -5.916728e-01 3.391584e-02 8.054645e-01 3.769207e+01
7.711884e-01 7.376882e-02 -6.323184e-01 4.913136e+00 -4.528116e-03 9.938739e-01 1.104268e-01 -1.417617e+00 6.365909e-01 -8.229663e-02 7.667981e-01 3.779028e+01
8.297211e-01 -3.255761e-02 5.572278e-01 4.948429e+00 3.709173e-02 9.993069e-01 3.157158e-03 -1.424236e+00 -5.569444e-01 1.804898e-02 8.303536e-01 3.795188e+01
7.623474e-01 1.177748e-01 -6.363612e-01 4.965092e+00 -5.099786e-02 9.911762e-01 1.223480e-01 -1.430100e+00 6.451556e-01 -6.081863e-02 7.616268e-01 3.814527e+01
8.150413e-01 -7.964016e-02 5.739034e-01 4.996931e+00 7.841532e-02 9.965570e-01 2.692829e-02 -1.436880e+00 -5.740721e-01 2.305515e-02 8.184801e-01 3.827249e+01
7.481995e-01 1.677385e-01 -6.419200e-01 5.029827e+00 -1.177042e-01 9.857247e-01 1.203853e-01 -1.444031e+00 6.529496e-01 -1.451556e-02 7.572622e-01 3.843455e+01
8.351599e-01 -1.394026e-01 5.320478e-01 5.054141e+00 1.337326e-01 9.897848e-01 4.941368e-02 -1.450126e+00 -5.335012e-01 2.988382e-02 8.452712e-01 3.863071e+01
7.447156e-01 2.377944e-01 -6.235804e-01 5.083480e+00 -1.694608e-01 9.711218e-01 1.679451e-01 -1.456223e+00 6.455089e-01 -1.939894e-02 7.635064e-01 3.882410e+01
8.231680e-01 -2.053718e-01 5.293552e-01 5.082176e+00 2.124566e-01 9.759777e-01 4.826773e-02 -1.462248e+00 -5.265517e-01 7.273256e-02 8.470261e-01 3.905464e+01
7.456525e-01 3.041876e-01 -5.928510e-01 5.099185e+00 -2.205098e-01 9.522356e-01 2.112412e-01 -1.468233e+00 6.287907e-01 -2.678313e-02 7.771132e-01 3.927109e+01
8.112046e-01 -2.682403e-01 5.196097e-01 5.110885e+00 2.865874e-01 9.569211e-01 4.658054e-02 -1.474314e+00 -5.097202e-01 1.111273e-01 8.531331e-01 3.946637e+01
7.475142e-01 3.688860e-01 -5.524000e-01 5.132221e+00 -2.906060e-01 9.294265e-01 2.274083e-01 -1.480935e+00 5.973029e-01 -9.460178e-03 8.019599e-01 3.963147e+01
8.039762e-01 -3.060737e-01 5.098443e-01 5.170756e+00 3.220229e-01 9.448648e-01 5.942908e-02 -1.488276e+00 -4.999236e-01 1.164020e-01 8.582115e-01 3.973670e+01
7.567815e-01 3.821952e-01 -5.302911e-01 5.214040e+00 -3.141348e-01 9.240798e-01 2.177060e-01 -1.496028e+00 5.732374e-01 1.827009e-03 8.193873e-01 3.983919e+01
8.280483e-01 -3.384225e-01 4.469968e-01 5.234542e+00 3.558361e-01 9.333425e-01 4.746031e-02 -1.502267e+00 -4.332627e-01 1.197582e-01 8.932756e-01 4.001639e+01
7.627995e-01 4.370918e-01 -4.765371e-01 5.251011e+00 -3.543487e-01 8.989975e-01 2.573721e-01 -1.508762e+00 5.409009e-01 -2.746296e-02 8.406378e-01 4.020155e+01
8.151543e-01 -3.863200e-01 4.316021e-01 5.277223e+00 4.083963e-01 9.117082e-01 4.472886e-02 -1.515543e+00 -4.107748e-01 1.398038e-01 9.009545e-01 4.033407e+01
7.724043e-01 4.723291e-01 -4.246139e-01 5.332654e+00 -4.035997e-01 8.812241e-01 2.460720e-01 -1.523250e+00 4.904069e-01 -1.869306e-02 8.712931e-01 4.040389e+01
8.141959e-01 -4.111768e-01 4.099008e-01 5.387976e+00 4.397188e-01 8.977266e-01 2.709700e-02 -1.530879e+00 -3.791205e-01 1.581789e-01 9.117275e-01 4.048095e+01
7.679105e-01 4.964993e-01 -4.047245e-01 5.421045e+00 -4.076410e-01 8.661610e-01 2.891262e-01 -1.537983e+00 4.941075e-01 -5.704068e-02 8.675276e-01 4.063120e+01
8.298820e-01 -4.270492e-01 3.590611e-01 5.427791e+00 4.628588e-01 8.862935e-01 -1.567205e-02 -1.544054e+00 -3.115408e-01 1.792006e-01 9.331825e-01 4.081930e+01
7.829940e-01 5.224793e-01 -3.375437e-01 5.447123e+00 -4.295335e-01 8.466511e-01 3.141384e-01 -1.550586e+00 4.499125e-01 -1.009822e-01 8.873451e-01 4.096817e+01
8.327464e-01 -4.603299e-01 3.076198e-01 5.495083e+00 5.000951e-01 8.638076e-01 -6.116634e-02 -1.556904e+00 -2.375676e-01 2.047752e-01 9.495413e-01 4.110174e+01
8.007952e-01 5.470008e-01 -2.439616e-01 5.536241e+00 -4.552850e-01 8.205966e-01 3.454517e-01 -1.564684e+00 3.891564e-01 -1.655640e-01 9.061710e-01 4.117795e+01
9.094030e-01 -4.102778e-01 6.825262e-02 5.600818e+00 4.144965e-01 9.075596e-01 -6.729149e-02 -1.567378e+00 -3.433512e-02 8.948555e-02 9.953961e-01 4.124477e+01
8.210257e-01 5.581066e-01 -1.201406e-01 5.597302e+00 -4.964636e-01 8.018961e-01 3.323951e-01 -1.572139e+00 2.818522e-01 -2.132595e-01 9.354570e-01 4.140782e+01
8.563455e-01 -4.933922e-01 1.524353e-01 5.622470e+00 5.147742e-01 8.390344e-01 -1.761499e-01 -1.578937e+00 -4.098750e-02 2.293149e-01 9.724889e-01 4.157576e+01
8.214220e-01 5.651417e-01 -7.668610e-02 5.629211e+00 -5.035987e-01 7.818466e-01 3.675652e-01 -1.585454e+00 2.676832e-01 -2.633071e-01 9.268307e-01 4.179324e+01
8.579414e-01 -4.974581e-01 1.283431e-01 5.659558e+00 5.134247e-01 8.213622e-01 -2.485142e-01 -1.591523e+00 1.820923e-02 2.791051e-01 9.600879e-01 4.198599e+01
8.390191e-01 5.438529e-01 -1.646313e-02 5.691644e+00 -4.908194e-01 7.695681e-01 4.084865e-01 -1.598021e+00 2.348261e-01 -3.346475e-01 9.126159e-01 4.215411e+01
8.727284e-01 -4.785015e-01 9.685776e-02 5.713481e+00 4.838271e-01 8.211955e-01 -3.025711e-01 -1.604481e+00 6.524154e-02 3.109248e-01 9.481927e-01 4.233103e+01
8.577157e-01 5.127199e-01 3.797517e-02 5.759872e+00 -4.725674e-01 7.571403e-01 4.510195e-01 -1.611397e+00 2.024941e-01 -4.047923e-01 8.917058e-01 4.243490e+01
8.680131e-01 -4.928185e-01 6.068937e-02 5.846825e+00 4.782366e-01 7.968658e-01 -3.691811e-01 -1.618330e+00 1.335780e-01 3.494779e-01 9.273738e-01 4.250494e+01
8.655587e-01 4.929969e-01 8.810261e-02 5.891362e+00 -4.676469e-01 7.326911e-01 4.944392e-01 -1.624429e+00 1.792050e-01 -4.691671e-01 8.647357e-01 4.265152e+01
