9.999637e-01 3.740012e-03 -7.660956e-03 7.952147e-02 -3.816118e-03 9.999433e-01 -9.943879e-03 -9.278292e-03 7.623331e-03 9.972752e-03 9.999212e-01 1.347657e-01
9.999881e-01 -3.170981e-03 3.702385e-03 7.999996e-02 3.135076e-03 9.999484e-01 9.663632e-03 -1.798761e-02 -3.732837e-03 -9.651909e-03 9.999465e-01 2.794092e-01
9.999435e-01 2.219464e-03 -1.039776e-02 1.291515e-01 -2.292941e-03 9.999724e-01 -7.060057e-03 -2.736729e-02 1.038180e-02 7.083499e-03 9.999210e-01 3.873684e-01
9.999783e-01 1.255044e-03 6.473817e-03 2.373427e-01 -1.253410e-03 9.999992e-01 -2.564145e-04 -3.764875e-02 -6.474133e-03 2.482953e-04 9.999790e-01 4.754366e-01
9.999105e-01 -4.190346e-03 -1.270652e-02 3.236331e-01 4.097616e-03 9.999648e-01 -7.315152e-03 -4.885720e-02 1.273673e-02 7.262430e-03 9.998925e-01 5.416198e-01
9.999320e-01 6.737989e-03 9.518380e-03 3.425830e-01 -6.785260e-03 9.999648e-01 4.942705e-03 -5.817015e-02 -9.484740e-03 -5.006953e-03 9.999425e-01 6.508780e-01
9.999086e-01 -5.083245e-03 -1.252540e-02 3.618201e-01 4.985740e-03 9.999571e-01 -7.803489e-03 -6.748534e-02 1.256453e-02 7.740327e-03 9.998911e-01 7.575807e-01
9.999450e-01 5.174754e-03 9.120706e-03 3.769276e-01 -5.227944e-03 9.999694e-01 5.817678e-03 -7.718337e-02 -9.090322e-03 -5.865040e-03 9.999415e-01 8.706837e-01
9.999061e-01 -4.727091e-03 -1.285879e-02 3.738431e-01 4.652459e-03 9.999722e-01 -5.827674e-03 -8.564184e-02 1.288598e-02 5.767301e-03 9.999003e-01 1.019015e+00
9.999371e-01 6.036099e-03 9.453644e-03 3.672257e-01 -6.091289e-03 9.999645e-01 5.820075e-03 -9.373013e-02 -9.418178e-03 -5.877293e-03 9.999384e-01 1.186627e+00
9.999118e-01 -4.300262e-03 -1.256647e-02 3.590739e-01 4.229368e-03 9.999750e-01 -5.662626e-03 -1.020066e-01 1.259051e-02 5.608977e-03 9.999050e-01 1.345005e+00
9.999372e-01 6.009176e-03 9.464846e-03 3.503342e-01 -6.066120e-03 9.999636e-01 5.999155e-03 -1.100241e-01 -9.428451e-03 -6.056192e-03 9.999372e-01 1.508656e+00
9.999051e-01 -4.808228e-03 -1.291309e-02 3.437778e-01 4.729270e-03 9.999700e-01 -6.138170e-03 -1.182742e-01 1.294221e-02 6.076517e-03 9.998978e-01 1.676570e+00
9.999256e-01 7.269663e-03 9.796752e-03 3.409876e-01 -7.330874e-03 9.999537e-01 6.226723e-03 -1.264710e-01 -9.751032e-03 -6.298078e-03 9.999326e-01 1.831184e+00
9.999195e-01 -3.819684e-03 -1.210217e-02 3.337451e-01 3.726398e-03 9.999632e-01 -7.721387e-03 -1.349861e-01 1.213121e-02 7.675667e-03 9.998970e-01 1.990389e+00
9.999354e-01 6.453584e-03 9.357954e-03 3.235643e-01 -6.516884e-03 9.999560e-01 6.749623e-03 -1.428296e-01 -9.313983e-03 -6.810171e-03 9.999334e-01 2.166025e+00
9.998976e-01 -5.772949e-03 -1.309177e-02 3.152056e-01 5.685158e-03 9.999612e-01 -6.733160e-03 -1.506006e-01 1.313013e-02 6.658042e-03 9.998916e-01 2.347616e+00
9.999377e-01 6.180383e-03 9.291550e-03 3.007520e-01 -6.246920e-03 9.999549e-01 7.149090e-03 -1.581238e-01 -9.246947e-03 -7.206687e-03 9.999313e-01 2.528785e+00
9.999086e-01 -4.506935e-03 -1.274835e-02 2.879669e-01 4.413326e-03 9.999632e-01 -7.361445e-03 -1.653644e-01 1.278106e-02 7.304509e-03 9.998916e-01 2.707558e+00
9.999318e-01 6.106179e-03 9.954036e-03 2.805725e-01 -6.171373e-03 9.999596e-01 6.531943e-03 -1.736625e-01 -9.913749e-03 -6.592927e-03 9.999291e-01 2.876276e+00
9.999010e-01 -4.863344e-03 -1.320499e-02 2.522984e-01 4.775996e-03 9.999666e-01 -6.638248e-03 -1.805087e-01 1.323684e-02 6.574523e-03 9.998908e-01 3.092888e+00
9.999215e-01 7.715368e-03 9.875891e-03 2.124094e-01 -7.772467e-03 9.999532e-01 5.756429e-03 -1.855511e-01 -9.831016e-03 -5.832736e-03 9.999347e-01 3.343824e+00
9.999959e-01 -1.977263e-03 -2.047223e-03 4.125766e-01 1.982378e-03 9.999949e-01 2.499854e-03 -1.957351e-01 2.042269e-03 -2.503903e-03 9.999948e-01 3.340349e+00
9.998347e-01 -1.724871e-02 -5.755602e-03 6.786789e-01 1.722014e-02 9.998393e-01 -4.977821e-03 -2.102859e-01 5.840538e-03 4.877886e-03 9.999710e-01 3.313750e+00
9.998032e-01 1.962114e-02 2.915575e-03 6.559910e-01 -1.963431e-02 9.997968e-01 4.559111e-03 -2.168359e-01 -2.825528e-03 -4.615460e-03 9.999854e-01 3.516660e+00
9.998212e-01 -1.795214e-02 -5.945887e-03 6.481161e-01 1.792813e-02 9.998310e-01 -4.065748e-03 -2.247615e-01 6.017871e-03 3.958423e-03 9.999741e-01 3.685768e+00
9.997816e-01 2.069349e-02 2.914084e-03 6.681195e-01 -2.070125e-02 9.997822e-01 2.656910e-03 -2.333804e-01 -2.858469e-03 -2.716655e-03 9.999922e-01 3.811029e+00
9.998131e-01 -1.746680e-02 -8.285052e-03 7.400407e-01 1.748126e-02 9.998458e-01 1.675024e-03 -2.406088e-01 8.254517e-03 -1.819543e-03 9.999643e-01 3.990639e+00
9.997782e-01 1.969079e-02 7.470545e-03 8.447512e-01 -1.965834e-02 9.997971e-01 -4.393336e-03 -2.499204e-01 -7.555538e-03 4.245503e-03 9.999624e-01 4.180141e+00
9.997817e-01 -1.814156e-02 -1.036099e-02 8.027451e-01 1.818376e-02 9.998267e-01 3.993512e-03 -2.555683e-01 1.028675e-02 -4.181041e-03 9.999383e-01 4.436241e+00
9.997364e-01 2.162360e-02 7.720633e-03 7.314607e-01 -2.158074e-02 9.997515e-01 -5.592646e-03 -2.582751e-01 -7.839648e-03 5.424554e-03 9.999546e-01 4.754523e+00
9.997595e-01 -1.919150e-02 -1.060984e-02 6.678463e-01 1.924404e-02 9.998029e-01 4.872508e-03 -2.620013e-01 1.051423e-02 -5.075512e-03 9.999318e-01 5.058246e+00
9.996669e-01 2.441275e-02 8.370211e-03 6.365318e-01 -2.436263e-02 9.996849e-01 -6.038678e-03 -2.673949e-01 -8.514995e-03 5.832746e-03 9.999467e-01 5.278949e+00
9.996650e-01 -2.280999e-02 -1.223114e-02 6.194708e-01 2.288198e-02 9.997215e-01 5.778052e-03 -2.743576e-01 1.209593e-02 -6.055988e-03 9.999085e-01 5.461715e+00
9.996410e-01 2.522261e-02 9.036566e-03 6.016932e-01 -2.516957e-02 9.996656e-01 -5.935491e-03 -2.817144e-01 -9.183252e-03 5.705913e-03 9.999416e-01 5.640627e+00
9.996572e-01 -2.312153e-02 -1.228315e-02 5.892906e-01 2.318933e-02 9.997165e-01 5.405884e-03 -2.891766e-01 1.215468e-02 -5.688868e-03 9.999099e-01 5.820202e+00
9.996489e-01 2.477998e-02 9.385276e-03 5.692714e-01 -2.473285e-02 9.996811e-01 -5.104789e-03 -2.966701e-01 -9.508780e-03 4.870871e-03 9.999429e-01 5.999976e+00
9.995807e-01 -2.547287e-02 -1.376677e-02 5.695597e-01 2.551649e-02 9.996699e-01 3.002189e-03 -3.048171e-01 1.368575e-02 -3.352209e-03 9.999007e-01 6.153973e+00
9.996057e-01 2.574769e-02 1.119926e-02 5.849549e-01 -2.571852e-02 9.996655e-01 -2.741189e-03 -3.145741e-01 -1.126609e-02 2.452079e-03 9.999335e-01 6.281480e+00
9.996544e-01 -2.238594e-02 -1.378249e-02 5.812548e-01 2.239807e-02 9.997489e-01 7.264736e-04 -3.227213e-01 1.376276e-02 -1.034923e-03 9.999048e-01 6.426621e+00
9.996569e-01 2.390798e-02 1.070342e-02 5.725510e-01 -2.388728e-02 9.997125e-01 -2.057372e-03 -3.310413e-01 -1.074953e-02 1.800990e-03 9.999406e-01 6.582144e+00
9.996689e-01 -2.177890e-02 -1.370241e-02 5.633938e-01 2.178479e-02 9.997626e-01 2.811340e-04 -3.391535e-01 1.369303e-02 -5.795444e-04 9.999061e-01 6.745632e+00
9.996593e-01 2.404155e-02 1.016363e-02 5.556446e-01 -2.404045e-02 9.997110e-01 -2.304809e-04 -3.473154e-01 -1.016623e-02 -1.393658e-05 9.999483e-01 6.908767e+00
9.996679e-01 -2.222200e-02 -1.304918e-02 5.469469e-01 2.222426e-02 9.997530e-01 2.804369e-05 -3.551846e-01 1.304534e-02 -3.180421e-04 9.999149e-01 7.069947e+00
9.996360e-01 2.500934e-02 1.011987e-02 5.398370e-01 -2.500731e-02 9.996872e-01 -3.278401e-04 -3.630615e-01 -1.012490e-02 7.464941e-05 9.999487e-01 7.225732e+00
9.997350e-01 -1.934030e-02 -1.248343e-02 5.531704e-01 1.931653e-02 9.998114e-01 -2.021926e-03 -3.723372e-01 1.252018e-02 1.780254e-03 9.999200e-01 7.348329e+00
9.997519e-01 1.964854e-02 1.049443e-02 5.278753e-01 -1.966487e-02 9.998056e-01 1.455699e-03 -3.790374e-01 -1.046379e-02 -1.661710e-03 9.999439e-01 7.559551e+00
9.998151e-01 -1.526765e-02 -1.168673e-02 4.838765e-01 1.524403e-02 9.998816e-01 -2.107868e-03 -3.839710e-01 1.171753e-02 1.929327e-03 9.999295e-01 7.817243e+00
9.997966e-01 1.798924e-02 9.113919e-03 4.503212e-01 -1.800823e-02 9.998358e-01 2.006505e-03 -3.896199e-01 -9.076328e-03 -2.170223e-03 9.999565e-01 8.043642e+00
9.998016e-01 -1.610657e-02 -1.172318e-02 4.223056e-01 1.608128e-02 9.998682e-01 -2.248680e-03 -3.960108e-01 1.175786e-02 2.059711e-03 9.999288e-01 8.251878e+00
9.997773e-01 1.908893e-02 9.002818e-03 3.956834e-01 -1.910847e-02 9.998152e-01 2.088798e-03 -4.021139e-01 -8.961281e-03 -2.260364e-03 9.999573e-01 8.448360e+00
9.997723e-01 -1.767035e-02 -1.196668e-02 3.798882e-01 1.764575e-02 9.998420e-01 -2.157670e-03 -4.093334e-01 1.200291e-02 1.946018e-03 9.999261e-01 8.628392e+00
9.997626e-01 1.979058e-02 9.117756e-03 3.589891e-01 -1.981079e-02 9.998015e-01 2.131463e-03 -4.164230e-01 -9.073763e-03 -2.311588e-03 9.999562e-01 8.813977e+00
9.998155e-01 -1.549878e-02 -1.134512e-02 3.444213e-01 1.545327e-02 9.998722e-01 -4.088492e-03 -4.238419e-01 1.140703e-02 3.912419e-03 9.999273e-01 9.003402e+00
9.997347e-01 2.115589e-02 9.103909e-03 3.410576e-01 -2.116386e-02 9.997757e-01 7.801977e-04 -4.322086e-01 -9.085362e-03 -9.726653e-04 9.999583e-01 9.169191e+00
9.997504e-01 -1.881375e-02 -1.204833e-02 3.250724e-01 1.880211e-02 9.998226e-01 -1.078070e-03 -4.394538e-01 1.206647e-02 8.512671e-04 9.999268e-01 9.359229e+00
9.997057e-01 2.238782e-02 9.348527e-03 3.161644e-01 -2.238595e-02 9.997494e-01 -3.052160e-04 -4.470055e-01 -9.353017e-03 9.584984e-05 9.999563e-01 9.528551e+00
9.997142e-01 -2.072583e-02 -1.191294e-02 2.914037e-01 2.073396e-02 9.997849e-01 5.591532e-04 -4.540652e-01 1.189879e-02 -8.059952e-04 9.999289e-01 9.735237e+00
9.996653e-01 2.407281e-02 9.473273e-03 2.386620e-01 -2.405702e-02 9.997090e-01 -1.777472e-03 -4.580953e-01 -9.513305e-03 1.548977e-03 9.999535e-01 1.001220e+01
9.996776e-01 -2.388705e-02 -8.603708e-03 1.700766e-01 2.388420e-02 9.997146e-01 -4.336362e-04 -4.599983e-01 8.611611e-03 2.280044e-04 9.999629e-01 1.037777e+01
9.997837e-01 1.282839e-02 1.636875e-02 1.643213e-01 -1.299282e-02 9.998658e-01 9.978898e-03 -4.576748e-01 -1.623854e-02 -1.018942e-02 9.998162e-01 1.087056e+01
9.999337e-01 1.031134e-02 -5.133567e-03 2.070278e-01 -1.047840e-02 9.993786e-01 -3.365511e-02 -4.588147e-01 4.783348e-03 3.370667e-02 9.994203e-01 1.115763e+01
9.999727e-01 -6.876461e-03 2.687719e-03 1.931841e-01 6.790966e-03 9.995080e-01 3.061960e-02 -4.661917e-01 -2.896952e-03 -3.060052e-02 9.995275e-01 1.133426e+01
9.999572e-01 7.644553e-03 -5.211926e-03 1.418451e-01 -7.797861e-03 9.995177e-01 -3.005813e-02 -4.720276e-01 4.979631e-03 3.009748e-02 9.995346e-01 1.160532e+01
9.999475e-01 -7.963437e-04 1.021450e-02 2.538704e-02 5.415066e-04 9.996891e-01 2.492710e-02 -4.702574e-01 -1.023118e-02 -2.492026e-02 9.996371e-01 1.206049e+01
9.998935e-01 1.267781e-02 -7.232049e-03 -1.430610e-01 -1.290237e-02 9.994079e-01 -3.189757e-02 -4.632409e-01 6.823376e-03 3.198749e-02 9.994650e-01 1.259502e+01
9.999765e-01 -2.922219e-04 6.851683e-03 -3.020152e-01 1.110670e-04 9.996508e-01 2.642494e-02 -4.575540e-01 -6.857012e-03 -2.642356e-02 9.996273e-01 1.308264e+01
9.999292e-01 9.977539e-03 -6.478841e-03 -4.368201e-01 -1.017502e-02 9.994614e-01 -3.119876e-02 -4.542151e-01 6.164065e-03 3.126248e-02 9.994922e-01 1.353352e+01
9.999787e-01 1.047674e-03 6.446729e-03 -5.501588e-01 -1.236772e-03 9.995670e-01 2.939874e-02 -4.532038e-01 -6.413138e-03 -2.940609e-02 9.995470e-01 1.391094e+01
9.999612e-01 5.002537e-03 -7.256832e-03 -6.011105e-01 -5.221302e-03 9.995227e-01 -3.044719e-02 -4.571130e-01 7.101056e-03 3.048390e-02 9.995100e-01 1.415602e+01
9.999776e-01 -4.379227e-03 5.067792e-03 -6.481838e-01 4.218918e-03 9.995036e-01 3.122255e-02 -4.634420e-01 -5.202007e-03 -3.120047e-02 9.994996e-01 1.440940e+01
9.999664e-01 4.874423e-03 -6.596515e-03 -7.193066e-01 -5.073749e-03 9.995205e-01 -3.054524e-02 -4.676584e-01 6.444462e-03 3.057768e-02 9.995116e-01 1.471155e+01
9.999647e-01 -1.496591e-03 8.271857e-03 -8.161717e-01 1.256073e-03 9.995785e-01 2.900585e-02 -4.687853e-01 -8.311780e-03 -2.899443e-02 9.995450e-01 1.509338e+01
9.999585e-01 4.211203e-03 -8.077007e-03 -9.174566e-01 -4.444522e-03 9.995669e-01 -2.908985e-02 -4.701799e-01 7.951006e-03 2.912454e-02 9.995442e-01 1.549144e+01
9.999748e-01 -2.523340e-03 6.629302e-03 -9.855131e-01 2.327813e-03 9.995668e-01 2.933823e-02 -4.744486e-01 -6.700461e-03 -2.932206e-02 9.995476e-01 1.581335e+01
9.999600e-01 3.682266e-03 -8.152010e-03 -1.060760e+00 -3.918489e-03 9.995673e-01 -2.915355e-02 -4.782274e-01 8.041131e-03 2.918433e-02 9.995417e-01 1.614833e+01
9.999732e-01 -2.961656e-03 6.689228e-03 -1.135597e+00 2.760390e-03 9.995491e-01 2.989942e-02 -4.821864e-01 -6.774763e-03 -2.988015e-02 9.995305e-01 1.647481e+01
9.999506e-01 6.450841e-03 -7.564061e-03 -1.190332e+00 -6.678100e-03 9.995151e-01 -3.041441e-02 -4.866142e-01 7.364195e-03 3.046343e-02 9.995088e-01 1.676603e+01
9.999670e-01 -5.248823e-03 6.197743e-03 -1.252523e+00 5.057040e-03 9.995200e-01 3.056436e-02 -4.912650e-01 -6.355195e-03 -3.053201e-02 9.995136e-01 1.708418e+01
9.999504e-01 7.022433e-03 -7.064227e-03 -1.352187e+00 -7.234719e-03 9.995089e-01 -3.048816e-02 -4.933157e-01 6.846657e-03 3.053776e-02 9.995102e-01 1.748556e+01
9.999733e-01 -2.477636e-03 6.879419e-03 -1.439670e+00 2.281158e-03 9.995934e-01 2.842271e-02 -4.942097e-01 -6.947043e-03 -2.840626e-02 9.995723e-01 1.789223e+01
9.999523e-01 4.269334e-03 -8.786583e-03 -1.486054e+00 -4.515304e-03 9.995930e-01 -2.816703e-02 -5.001748e-01 8.662753e-03 2.820536e-02 9.995646e-01 1.816080e+01
9.999684e-01 -3.394559e-03 7.186402e-03 -1.557417e+00 3.188366e-03 9.995884e-01 2.851167e-02 -5.046311e-01 -7.280229e-03 -2.848786e-02 9.995676e-01 1.848521e+01
9.999417e-01 7.659628e-03 -7.608739e-03 -1.611663e+00 -7.883105e-03 9.995251e-01 -2.978872e-02 -5.087207e-01 7.376955e-03 2.984696e-02 9.995273e-01 1.878163e+01
9.999734e-01 -4.316666e-03 5.887230e-03 -1.643484e+00 4.153416e-03 9.996141e-01 2.746530e-02 -5.151221e-01 -6.003517e-03 -2.744012e-02 9.996054e-01 1.900842e+01
9.999454e-01 7.058066e-03 -7.711544e-03 -1.676952e+00 -7.272643e-03 9.995769e-01 -2.816101e-02 -5.217861e-01 7.509519e-03 2.821555e-02 9.995737e-01 1.923203e+01
9.999593e-01 -6.274173e-03 6.483167e-03 -1.734813e+00 6.085604e-03 9.995693e-01 2.870746e-02 -5.269198e-01 -6.660490e-03 -2.866684e-02 9.995668e-01 1.951592e+01
9.999336e-01 8.224213e-03 -8.066079e-03 -1.790197e+00 -8.449697e-03 9.995629e-01 -2.833081e-02 -5.316149e-01 7.829555e-03 2.839708e-02 9.995661e-01 1.979110e+01
9.999549e-01 -7.831294e-03 5.380341e-03 -1.838338e+00 7.672652e-03 9.995529e-01 2.889901e-02 -5.375689e-01 -5.604252e-03 -2.885642e-02 9.995679e-01 2.006322e+01
9.999345e-01 8.551951e-03 -7.606917e-03 -1.895752e+00 -8.764634e-03 9.995588e-01 -2.837972e-02 -5.426656e-01 7.360859e-03 2.844453e-02 9.995683e-01 2.035729e+01
9.999655e-01 -6.033848e-03 5.715124e-03 -1.935482e+00 5.872371e-03 9.995945e-01 2.786185e-02 -5.482341e-01 -5.880921e-03 -2.782733e-02 9.995954e-01 2.061021e+01
9.999364e-01 7.762851e-03 -8.186021e-03 -1.963209e+00 -7.984901e-03 9.995913e-01 -2.745105e-02 -5.554458e-01 7.969577e-03 2.751467e-02 9.995896e-01 2.081707e+01
9.999657e-01 -6.177145e-03 5.516305e-03 -1.992093e+00 6.021051e-03 9.995932e-01 2.787873e-02 -5.625672e-01 -5.686272e-03 -2.784456e-02 9.995961e-01 2.103112e+01
9.999383e-01 6.497460e-03 -9.007996e-03 -2.027283e+00 -6.742097e-03 9.996018e-01 -2.739872e-02 -5.690632e-01 8.826387e-03 2.745776e-02 9.995840e-01 2.126721e+01
9.999677e-01 -1.639690e-03 7.865073e-03 -2.059295e+00 1.429737e-03 9.996444e-01 2.662606e-02 -5.746854e-01 -7.905935e-03 -2.661395e-02 9.996145e-01 2.149061e+01
9.999461e-01 8.630717e-03 -5.766811e-03 -2.131023e+00 -8.781110e-03 9.996080e-01 -2.658359e-02 -5.772890e-01 5.535115e-03 2.663279e-02 9.996300e-01 2.181077e+01
9.999872e-01 8.361053e-04 4.988808e-03 -2.202218e+00 -9.598116e-04 9.996908e-01 2.484609e-02 -5.801264e-01 -4.966492e-03 -2.485056e-02 9.996788e-01 2.209386e+01
9.999751e-01 2.773412e-03 -6.485259e-03 -2.202355e+00 -2.946858e-03 9.996341e-01 -2.688985e-02 -5.882504e-01 6.408309e-03 2.690829e-02 9.996174e-01 2.223715e+01
9.999927e-01 -3.104932e-03 2.236850e-03 -2.202894e+00 3.045036e-03 9.996495e-01 2.629996e-02 -5.970254e-01 -2.317726e-03 -2.629296e-02 9.996516e-01 2.239025e+01
9.999696e-01 5.950511e-03 -5.041100e-03 -2.204241e+00 -6.093085e-03 9.995679e-01 -2.875572e-02 -6.050059e-01 4.867811e-03 2.878556e-02 9.995738e-01 2.253921e+01
9.999910e-01 -3.520651e-03 2.351740e-03 -2.219614e+00 3.455922e-03 9.996299e-01 2.698308e-02 -6.124075e-01 -2.445868e-03 -2.697471e-02 9.996331e-01 2.272617e+01
9.999666e-01 5.973458e-03 -5.579601e-03 -2.226373e+00 -6.127299e-03 9.995899e-01 -2.797451e-02 -6.206803e-01 5.410208e-03 2.800776e-02 9.995931e-01 2.288478e+01
9.999806e-01 -6.010311e-03 1.620533e-03 -2.235758e+00 5.961469e-03 9.995724e-01 2.862493e-02 -6.290937e-01 -1.791885e-03 -2.861471e-02 9.995889e-01 2.305052e+01
9.999475e-01 9.281253e-03 -4.337776e-03 -2.232464e+00 -9.411174e-03 9.994764e-01 -3.095749e-02 -6.370530e-01 4.048180e-03 3.099669e-02 9.995113e-01 2.320169e+01
9.999675e-01 -7.917018e-03 1.554836e-03 -2.261743e+00 7.865914e-03 9.995037e-01 3.050473e-02 -6.434987e-01 -1.795571e-03 -3.049151e-02 9.995334e-01 2.342363e+01
9.998325e-01 9.082517e-03 -1.588761e-02 -2.316313e+00 -9.825208e-03 9.988319e-01 -4.731080e-02 -6.396941e-01 1.543935e-02 4.745898e-02 9.987539e-01 2.398514e+01
9.983760e-01 -5.696235e-02 7.574410e-04 -2.399073e+00 5.695501e-02 9.983481e-01 7.565572e-03 -6.347218e-01 -1.187143e-03 -7.510147e-03 9.999711e-01 2.463900e+01
9.981626e-01 6.052799e-02 -2.789030e-03 -2.459017e+00 -6.054753e-02 9.981367e-01 -7.557267e-03 -6.384843e-01 2.326408e-03 7.712251e-03 9.999676e-01 2.490811e+01
9.982995e-01 -5.829294e-02 -1.901833e-04 -2.484944e+00 5.829258e-02 9.982671e-01 8.045734e-03 -6.452352e-01 -2.791560e-04 -8.043140e-03 9.999676e-01 2.510157e+01
9.982469e-01 5.907302e-02 -3.665479e-03 -2.506111e+00 -5.909705e-02 9.982288e-01 -6.836360e-03 -6.525131e-01 3.255143e-03 7.040995e-03 9.999699e-01 2.529287e+01
9.982931e-01 -5.840199e-02 2.324983e-04 -2.536871e+00 5.839851e-02 9.982641e-01 7.636650e-03 -6.592917e-01 -6.780905e-04 -7.610039e-03 9.999708e-01 2.550840e+01
9.982627e-01 5.881048e-02 -3.606747e-03 -2.578104e+00 -5.883437e-02 9.982438e-01 -6.919175e-03 -6.650665e-01 3.193493e-03 7.119355e-03 9.999696e-01 2.575897e+01
9.983783e-01 -5.685891e-02 2.781116e-03 -2.660240e+00 5.683684e-02 9.983556e-01 7.458442e-03 -6.681108e-01 -3.200622e-03 -7.288277e-03 9.999683e-01 2.610423e+01
9.981242e-01 6.099895e-02 -5.217288e-03 -2.734567e+00 -6.104751e-02 9.980876e-01 -9.717827e-03 -6.695449e-01 4.614533e-03 1.001810e-02 9.999392e-01 2.647890e+01
9.982221e-01 -5.943818e-02 4.436634e-03 -2.809206e+00 5.939062e-02 9.981830e-01 1.017566e-02 -6.732391e-01 -5.033395e-03 -9.894077e-03 9.999384e-01 2.680751e+01
9.978421e-01 6.524852e-02 -7.335621e-03 -2.857071e+00 -6.533000e-02 9.977977e-01 -1.147917e-02 -6.763934e-01 6.570466e-03 1.193364e-02 9.999072e-01 2.710477e+01
9.979604e-01 -6.372519e-02 3.768064e-03 -2.869930e+00 6.368511e-02 9.979205e-01 9.940794e-03 -6.842556e-01 -4.393708e-03 -9.680550e-03 9.999435e-01 2.728019e+01
9.977924e-01 6.597799e-02 -7.558537e-03 -2.859208e+00 -6.605922e-02 9.977545e-01 -1.105364e-02 -6.927665e-01 6.812268e-03 1.152855e-02 9.999103e-01 2.741982e+01
9.976290e-01 -6.878448e-02 2.263678e-03 -2.774056e+00 6.875552e-02 9.975724e-01 1.104295e-02 -7.034331e-01 -3.017766e-03 -1.086112e-02 9.999365e-01 2.748454e+01
9.977695e-01 6.619741e-02 -8.596343e-03 -2.691946e+00 -6.638694e-02 9.975043e-01 -2.404067e-02 -7.126513e-01 6.983459e-03 2.455774e-02 9.996740e-01 2.758588e+01
9.977906e-01 -6.636545e-02 3.105234e-03 -2.696529e+00 6.627036e-02 9.975031e-01 2.441072e-02 -7.213385e-01 -4.717509e-03 -2.415100e-02 9.996972e-01 2.774063e+01
9.801256e-01 1.236215e-01 1.551501e-01 -1.828637e+00 -1.393211e-01 9.857055e-01 9.473271e-02 -7.229193e-01 -1.412213e-01 -1.144656e-01 9.833383e-01 2.799949e+01
9.659638e-01 -2.152623e-01 -1.434435e-01 -7.797375e-01 1.824717e-01 9.600849e-01 -2.119931e-01 -7.305668e-01 1.833521e-01 1.786033e-01 9.666865e-01 2.797337e+01
9.613470e-01 1.875749e-01 2.015628e-01 -6.742699e-01 -2.253460e-01 9.566453e-01 1.845237e-01 -7.366751e-01 -1.582121e-01 -2.228126e-01 9.619373e-01 2.820162e+01
9.357325e-01 -2.858924e-01 -2.065676e-01 -4.804213e-01 2.481306e-01 9.498044e-01 -1.905332e-01 -7.380934e-01 2.506707e-01 1.270323e-01 9.597015e-01 2.853914e+01
9.414712e-01 2.468944e-01 2.295105e-01 -4.467499e-01 -2.767609e-01 9.548347e-01 1.081392e-01 -7.407013e-01 -1.924456e-01 -1.653295e-01 9.672801e-01 2.881585e+01
9.707779e-01 -2.011000e-01 -1.309545e-01 -4.087161e-02 1.920982e-01 9.782541e-01 -7.821193e-02 -7.465907e-01 1.438352e-01 5.077029e-02 9.882984e-01 2.907176e+01
9.845878e-01 1.347773e-01 1.114539e-01 4.797019e-01 -1.341691e-01 9.908735e-01 -1.297362e-02 -7.523582e-01 -1.121852e-01 -2.179997e-03 9.936849e-01 2.920057e+01
9.945780e-01 -8.470048e-02 -6.033598e-02 7.913828e-01 8.777117e-02 9.948749e-01 5.020036e-02 -7.580664e-01 5.577476e-02 -5.522394e-02 9.969150e-01 2.939446e+01
9.949118e-01 9.047505e-02 4.432484e-02 1.155178e+00 -8.673597e-02 9.930103e-01 -8.004585e-02 -7.669962e-01 -5.125717e-02 7.579401e-02 9.958052e-01 2.957294e+01
9.953098e-01 -8.106258e-02 -5.279383e-02 1.134959e+00 8.482588e-02 9.936854e-01 7.344274e-02 -7.728447e-01 4.650700e-02 -7.757657e-02 9.959011e-01 2.976964e+01
9.953512e-01 8.719888e-02 4.089335e-02 1.141669e+00 -8.364261e-02 9.931307e-01 -8.182524e-02 -7.804745e-01 -4.774751e-02 7.802443e-02 9.958074e-01 2.993444e+01
9.985784e-01 3.480211e-02 4.037292e-02 2.257456e+00 -4.222100e-02 9.787682e-01 2.005746e-01 -7.876842e-01 -3.253531e-02 -2.019940e-01 9.788462e-01 2.986288e+01
9.885586e-01 -2.698377e-02 -1.484042e-01 5.099911e+00 2.378464e-02 9.994458e-01 -2.328984e-02 -7.773564e-01 1.489504e-01 1.949363e-02 9.886525e-01 2.987041e+01
9.856525e-01 2.736246e-02 1.665548e-01 7.170487e+00 -1.199994e-02 9.956354e-01 -9.255366e-02 -7.823238e-01 -1.683604e-01 8.922710e-02 9.816788e-01 2.962232e+01
9.852520e-01 -8.809635e-03 -1.708829e-01 7.165377e+00 2.426548e-02 9.957743e-01 8.857060e-02 -7.904436e-01 1.693806e-01 -9.141091e-02 9.813023e-01 2.979185e+01
9.853193e-01 2.993957e-02 1.680757e-01 7.163643e+00 -1.419144e-02 9.954590e-01 -9.412728e-02 -7.978092e-01 -1.701306e-01 9.036019e-02 9.812699e-01 2.994751e+01
9.836296e-01 -1.523068e-02 -1.795574e-01 7.189225e+00 3.154958e-02 9.955869e-01 8.838196e-02 -8.060320e-01 1.774188e-01 -9.260007e-02 9.797692e-01 3.012010e+01
9.844495e-01 3.354821e-02 1.724347e-01 7.210068e+00 -1.787698e-02 9.956313e-01 -9.164429e-02 -8.136870e-01 -1.747559e-01 8.713656e-02 9.807485e-01 3.030556e+01
9.840325e-01 -1.569900e-02 -1.772954e-01 7.217667e+00 3.046497e-02 9.962588e-01 8.087209e-02 -8.210845e-01 1.753625e-01 -8.498206e-02 9.808293e-01 3.046299e+01
9.843955e-01 3.449090e-02 1.725567e-01 7.215174e+00 -1.933002e-02 9.958635e-01 -8.878148e-02 -8.286081e-01 -1.749051e-01 8.406057e-02 9.809903e-01 3.063284e+01
9.841328e-01 -1.580313e-02 -1.767284e-01 7.211038e+00 3.009266e-02 9.964622e-01 7.847037e-02 -8.359318e-01 1.748631e-01 -8.254349e-02 9.811266e-01 3.079058e+01
9.845880e-01 3.245601e-02 1.718517e-01 7.201367e+00 -1.805177e-02 9.962407e-01 -8.472679e-02 -8.437278e-01 -1.739555e-01 8.031876e-02 9.814726e-01 3.095970e+01
9.842881e-01 -1.579290e-02 -1.758622e-01 7.183349e+00 2.986228e-02 9.965337e-01 7.764563e-02 -8.509717e-01 1.740264e-01 -8.167731e-02 9.813479e-01 3.113492e+01
9.846517e-01 3.302873e-02 1.713774e-01 7.174261e+00 -1.849400e-02 9.961472e-01 -8.572501e-02 -8.583329e-01 -1.735485e-01 8.123982e-02 9.814688e-01 3.131955e+01
9.843803e-01 -1.591520e-02 -1.753343e-01 7.171417e+00 2.938492e-02 9.967882e-01 7.449687e-02 -8.658971e-01 1.735855e-01 -7.848543e-02 9.816864e-01 3.148738e+01
9.846925e-01 3.346810e-02 1.710571e-01 7.165094e+00 -1.934636e-02 9.963144e-01 -8.356591e-02 -8.733984e-01 -1.732235e-01 7.897739e-02 9.817109e-01 3.166407e+01
9.844123e-01 -1.643360e-02 -1.751070e-01 7.172920e+00 2.961813e-02 9.968958e-01 7.294892e-02 -8.811790e-01 1.733646e-01 -7.699815e-02 9.818432e-01 3.180862e+01
9.849200e-01 3.566223e-02 1.692951e-01 7.170829e+00 -2.159788e-02 9.962146e-01 -8.420239e-02 -8.883075e-01 -1.716571e-01 7.927620e-02 9.819619e-01 3.198172e+01
9.846086e-01 -1.882602e-02 -1.737568e-01 7.167764e+00 3.199600e-02 9.967959e-01 7.330847e-02 -8.958148e-01 1.718199e-01 -7.773968e-02 9.820562e-01 3.214048e+01
9.847832e-01 3.588241e-02 1.700424e-01 7.149783e+00 -2.217604e-02 9.963995e-01 -8.183030e-02 -9.023194e-01 -1.723664e-01 7.681424e-02 9.820333e-01 3.233702e+01
9.845313e-01 -1.905000e-02 -1.741700e-01 7.132079e+00 3.229037e-02 9.967720e-01 7.350502e-02 -9.093484e-01 1.722075e-01 -7.799200e-02 9.819683e-01 3.252053e+01
9.848401e-01 3.633396e-02 1.696170e-01 7.127488e+00 -2.265790e-02 9.963846e-01 -8.187975e-02 -9.172250e-01 -1.719788e-01 7.679529e-02 9.821027e-01 3.267798e+01
9.844189e-01 -2.135226e-02 -1.745380e-01 7.130003e+00 3.422992e-02 9.968812e-01 7.110722e-02 -9.254801e-01 1.724754e-01 -7.597371e-02 9.820796e-01 3.282309e+01
9.847646e-01 3.776253e-02 1.697427e-01 7.126345e+00 -2.430942e-02 9.964462e-01 -8.064721e-02 -9.336044e-01 -1.721850e-01 7.529217e-02 9.821830e-01 3.298340e+01
9.844309e-01 -2.028924e-02 -1.745973e-01 7.121930e+00 3.324291e-02 9.968800e-01 7.158994e-02 -9.416141e-01 1.726000e-01 -7.627947e-02 9.820339e-01 3.313827e+01
9.847036e-01 3.731684e-02 1.701947e-01 7.118104e+00 -2.367891e-02 9.963946e-01 -8.146903e-02 -9.494525e-01 -1.726212e-01 7.619282e-02 9.820370e-01 3.329472e+01
9.843233e-01 -2.341049e-02 -1.748131e-01 7.120680e+00 3.617900e-02 9.968756e-01 7.021491e-02 -9.575772e-01 1.726231e-01 -7.543873e-02 9.820948e-01 3.344837e+01
9.847038e-01 3.970418e-02 1.696526e-01 7.120448e+00 -2.632966e-02 9.964173e-01 -8.037020e-02 -9.655886e-01 -1.722358e-01 7.467395e-02 9.822213e-01 3.360891e+01
9.821196e-01 -3.587020e-02 -1.848090e-01 7.162741e+00 5.119355e-02 9.955735e-01 7.882068e-02 -9.752062e-01 1.811636e-01 -8.687236e-02 9.796086e-01 3.373258e+01
9.830337e-01 4.965716e-02 1.765757e-01 7.170704e+00 -3.462077e-02 9.955855e-01 -8.724059e-02 -9.840281e-01 -1.801283e-01 7.964725e-02 9.804132e-01 3.388026e+01
9.827619e-01 -3.227565e-02 -1.820364e-01 7.168147e+00 4.618194e-02 9.962857e-01 7.267820e-02 -9.916437e-01 1.790145e-01 -7.983217e-02 9.806022e-01 3.403838e+01
9.831043e-01 4.895886e-02 1.763774e-01 7.146401e+00 -3.487391e-02 9.960145e-01 -8.209124e-02 -9.982463e-01 -1.796936e-01 7.455328e-02 9.808935e-01 3.425297e+01
9.832151e-01 -3.060126e-02 -1.798656e-01 7.103724e+00 4.449317e-02 9.962864e-01 7.371466e-02 -1.003231e+00 1.769419e-01 -8.048015e-02 9.809253e-01 3.450574e+01
9.833546e-01 4.835526e-02 1.751442e-01 7.057745e+00 -3.469593e-02 9.961724e-01 -8.022976e-02 -1.008110e+00 -1.783533e-01 7.281751e-02 9.812684e-01 3.473382e+01
9.828996e-01 -3.272714e-02 -1.812105e-01 7.041967e+00 4.662054e-02 9.962455e-01 7.294856e-02 -1.015505e+00 1.781428e-01 -8.014925e-02 9.807351e-01 3.491216e+01
9.832928e-01 4.852409e-02 1.754445e-01 7.017639e+00 -3.493479e-02 9.962039e-01 -7.973327e-02 -1.022513e+00 -1.786475e-01 7.227203e-02 9.812552e-01 3.511216e+01
9.829417e-01 -3.263724e-02 -1.809987e-01 6.990505e+00 4.631593e-02 9.963382e-01 7.186864e-02 -1.029153e+00 1.779903e-01 -7.902580e-02 9.808539e-01 3.532390e+01
9.831844e-01 5.027396e-02 1.755588e-01 6.981571e+00 -3.650256e-02 9.960608e-01 -8.081153e-02 -1.036720e+00 -1.789300e-01 7.304429e-02 9.811466e-01 3.548629e+01
9.827014e-01 -3.500056e-02 -1.818594e-01 6.969258e+00 4.864052e-02 9.962831e-01 7.109143e-02 -1.044268e+00 1.786952e-01 -7.870739e-02 9.807513e-01 3.565907e+01
9.831435e-01 5.049241e-02 1.757254e-01 6.958903e+00 -3.659955e-02 9.960074e-01 -8.142365e-02 -1.052084e+00 -1.791351e-01 7.361966e-02 9.810661e-01 3.582772e+01
9.825762e-01 -3.698541e-02 -1.821432e-01 6.950304e+00 5.119436e-02 9.959481e-01 7.393525e-02 -1.060356e+00 1.786707e-01 -8.197172e-02 9.804884e-01 3.599333e+01
9.831483e-01 5.201049e-02 1.752549e-01 6.928308e+00 -3.816702e-02 9.959458e-01 -8.145731e-02 -1.067289e+00 -1.787810e-01 7.339567e-02 9.811475e-01 3.619048e+01
9.830117e-01 -3.407765e-02 -1.803517e-01 6.933222e+00 4.752864e-02 9.963580e-01 7.079318e-02 -1.074735e+00 1.772824e-01 -7.816239e-02 9.810513e-01 3.633745e+01
9.839202e-01 5.140249e-02 1.710519e-01 6.942683e+00 -3.740277e-02 9.957563e-01 -8.408567e-02 -1.082880e+00 -1.746482e-01 7.633577e-02 9.816674e-01 3.648253e+01
9.835896e-01 -3.419582e-02 -1.771503e-01 6.938025e+00 4.813494e-02 9.960215e-01 7.499424e-02 -1.091084e+00 1.738810e-01 -8.229066e-02 9.813224e-01 3.663773e+01
9.724768e-01 6.062540e-02 2.249744e-01 7.324780e+00 -5.448845e-02 9.979558e-01 -3.339367e-02 -1.097001e+00 -2.265390e-01 2.021607e-02 9.737923e-01 3.683915e+01
9.636633e-01 -9.821868e-02 -2.484072e-01 7.680374e+00 9.453678e-02 9.951622e-01 -2.673793e-02 -1.103721e+00 2.498317e-01 2.282742e-03 9.682866e-01 3.696503e+01
9.637685e-01 9.830921e-02 2.479629e-01 7.669842e+00 -1.015703e-01 9.948283e-01 3.608701e-04 -1.110715e+00 -2.466450e-01 -2.553346e-02 9.687695e-01 3.714544e+01
9.612731e-01 -1.189888e-01 -2.485874e-01 8.282345e+00 1.068626e-01 9.923533e-01 -6.176814e-02 -1.121413e+00 2.540363e-01 3.281134e-02 9.666380e-01 3.717864e+01
9.613652e-01 1.117400e-01 2.515772e-01 8.280852e+00 -1.226427e-01 9.920549e-01 2.803185e-02 -1.129490e+00 -2.464461e-01 -5.780296e-02 9.674312e-01 3.733941e+01
9.604281e-01 -1.222311e-01 -2.502746e-01 8.271444e+00 1.111816e-01 9.921133e-01 -5.787731e-02 -1.137479e+00 2.553752e-01 2.776107e-02 9.664434e-01 3.752893e+01
9.604925e-01 1.148582e-01 2.534991e-01 8.256135e+00 -1.257673e-01 9.916868e-01 2.719989e-02 -1.145109e+00 -2.482676e-01 -5.800718e-02 9.669531e-01 3.769558e+01
9.596369e-01 -1.243055e-01 -2.522800e-01 8.250893e+00 1.133204e-01 9.918831e-01 -5.767443e-02 -1.153616e+00 2.574015e-01 2.675804e-02 9.659340e-01 3.785885e+01
9.602857e-01 1.143231e-01 2.545223e-01 8.240280e+00 -1.253210e-01 9.917387e-01 2.736609e-02 -1.161595e+00 -2.492910e-01 -5.817625e-02 9.666796e-01 3.802915e+01
9.599634e-01 -1.222030e-01 -2.520650e-01 8.246558e+00 1.103152e-01 9.920339e-01 -6.082161e-02 -1.169763e+00 2.574896e-01 3.057993e-02 9.657971e-01 3.815838e+01
9.245222e-01 1.542184e-01 3.485332e-01 8.823554e+00 -1.938062e-01 9.776483e-01 8.150399e-02 -1.170955e+00 -3.281735e-01 -1.429002e-01 9.337461e-01 3.838063e+01
9.245084e-01 -2.082243e-01 -3.192599e-01 9.630340e+00 1.539828e-01 9.702366e-01 -1.868962e-01 -1.180278e+00 3.486740e-01 1.236265e-01 9.290549e-01 3.839832e+01
9.249211e-01 1.583230e-01 3.456222e-01 9.651581e+00 -2.110205e-01 9.700440e-01 1.203540e-01 -1.189378e+00 -3.162140e-01 -1.842513e-01 9.306236e-01 3.850876e+01
9.239898e-01 -2.107480e-01 -3.191053e-01 9.666530e+00 1.556727e-01 9.694607e-01 -1.895046e-01 -1.197955e+00 3.492977e-01 1.254243e-01 9.285795e-01 3.864572e+01
9.239856e-01 1.609047e-01 3.469297e-01 9.675225e+00 -2.154039e-01 9.685592e-01 1.244759e-01 -1.206768e+00 -3.159932e-01 -1.897439e-01 9.295943e-01 3.877810e+01
9.230800e-01 -2.144609e-01 -3.192646e-01 9.663078e+00 1.592038e-01 9.687088e-01 -1.904136e-01 -1.214900e+00 3.501107e-01 1.249388e-01 9.283387e-01 3.895310e+01
9.227755e-01 1.643507e-01 3.485316e-01 9.599795e+00 -2.184893e-01 9.681930e-01 1.219211e-01 -1.217723e+00 -3.174081e-01 -1.886563e-01 9.293336e-01 3.927921e+01
9.233886e-01 -2.155604e-01 -3.176275e-01 9.517583e+00 1.607392e-01 9.685342e-01 -1.900116e-01 -1.219678e+00 3.485921e-01 1.243994e-01 9.289824e-01 3.963496e+01
9.231741e-01 1.654384e-01 3.469579e-01 9.492484e+00 -2.199834e-01 9.675969e-01 1.239496e-01 -1.225810e+00 -3.152093e-01 -1.907521e-01 9.296541e-01 3.983815e+01
9.225501e-01 -2.193978e-01 -3.174366e-01 9.511997e+00 1.628317e-01 9.671480e-01 -1.952192e-01 -1.234421e+00 3.498388e-01 1.284108e-01 9.279674e-01 3.996176e+01
9.230743e-01 1.691708e-01 3.454201e-01 9.568721e+00 -2.232996e-01 9.669369e-01 1.231679e-01 -1.243278e+00 -3.131630e-01 -1.908254e-01 9.303304e-01 4.006483e+01
9.229086e-01 -2.222544e-01 -3.143926e-01 9.541513e+00 1.669975e-01 9.668314e-01 -1.932584e-01 -1.249097e+00 3.469171e-01 1.258571e-01 9.294130e-01 4.030730e+01
9.225029e-01 1.724907e-01 3.453048e-01 9.492731e+00 -2.275704e-01 9.656265e-01 1.256070e-01 -1.253711e+00 -3.117694e-01 -1.944539e-01 9.300470e-01 4.055382e+01
9.226372e-01 -2.242118e-01 -3.137987e-01 9.486360e+00 1.681709e-01 9.661095e-01 -1.958340e-01 -1.261547e+00 3.470722e-01 1.279119e-01 9.290745e-01 4.071822e+01
9.223992e-01 1.739669e-01 3.448409e-01 9.496202e+00 -2.285128e-01 9.655976e-01 1.241095e-01 -1.269808e+00 -3.113866e-01 -1.932790e-01 9.304201e-01 4.084786e+01
9.219101e-01 -2.276642e-01 -3.134497e-01 9.501182e+00 1.701150e-01 9.648253e-01 -2.004323e-01 -1.277756e+00 3.480554e-01 1.314580e-01 9.282113e-01 4.099615e+01
9.227923e-01 1.724294e-01 3.445613e-01 9.504518e+00 -2.285624e-01 9.649104e-01 1.292561e-01 -1.286118e+00 -3.101832e-01 -1.980303e-01 9.298228e-01 4.114241e+01
9.228754e-01 -2.265210e-01 -3.114310e-01 9.493143e+00 1.687290e-01 9.647945e-01 -2.017475e-01 -1.293471e+00 3.461670e-01 1.336404e-01 9.286058e-01 4.132074e+01
9.230066e-01 1.738538e-01 3.432691e-01 9.487638e+00 -2.298605e-01 9.645628e-01 1.295480e-01 -1.300954e+00 -3.085822e-01 -1.984777e-01 9.302600e-01 4.149230e+01
9.229121e-01 -2.294316e-01 -3.091834e-01 9.490462e+00 1.706191e-01 9.636143e-01 -2.057585e-01 -1.308864e+00 3.451411e-01 1.371444e-01 9.284767e-01 4.164472e+01
8.873744e-01 1.925992e-01 4.188941e-01 9.849056e+00 -2.829764e-01 9.448207e-01 1.650398e-01 -1.314448e+00 -3.639933e-01 -2.649893e-01 8.929107e-01 4.178489e+01
8.947271e-01 -2.608205e-01 -3.625411e-01 1.051432e+01 1.676990e-01 9.485573e-01 -2.685443e-01 -1.324597e+00 4.139329e-01 1.794761e-01 8.924393e-01 4.173892e+01
8.954647e-01 1.734785e-01 4.099367e-01 1.073302e+01 -2.574458e-01 9.531182e-01 1.590200e-01 -1.335603e+00 -3.631316e-01 -2.479333e-01 8.981451e-01 4.182832e+01
8.948088e-01 -2.572052e-01 -3.649146e-01 1.074025e+01 1.707887e-01 9.524053e-01 -2.524984e-01 -1.344055e+00 4.124905e-01 1.636145e-01 8.961483e-01 4.197385e+01
8.954720e-01 1.753220e-01 4.091357e-01 1.074715e+01 -2.593108e-01 9.525549e-01 1.593645e-01 -1.352411e+00 -3.617841e-01 -2.487998e-01 8.984492e-01 4.211332e+01
8.948429e-01 -2.590793e-01 -3.635025e-01 1.075319e+01 1.726623e-01 9.518390e-01 -2.533578e-01 -1.361044e+00 4.116356e-01 1.639522e-01 8.964797e-01 4.225042e+01
8.955579e-01 1.768611e-01 4.082845e-01 1.075687e+01 -2.616528e-01 9.515120e-01 1.617493e-01 -1.369602e+00 -3.598804e-01 -2.516846e-01 8.984102e-01 4.238869e+01
8.952518e-01 -2.604308e-01 -3.615246e-01 1.076058e+01 1.733278e-01 9.510418e-01 -2.558845e-01 -1.377745e+00 4.104652e-01 1.664188e-01 8.965618e-01 4.253274e+01
8.965687e-01 1.742901e-01 4.071701e-01 1.075323e+01 -2.607781e-01 9.508050e-01 1.672265e-01 -1.385876e+00 -3.579934e-01 -2.561111e-01 8.979130e-01 4.269602e+01
8.955368e-01 -2.595994e-01 -3.614167e-01 1.074868e+01 1.723547e-01 9.511532e-01 -2.561276e-01 -1.393980e+00 4.102532e-01 1.670798e-01 8.965359e-01 4.286046e+01
8.958885e-01 1.749537e-01 4.083810e-01 1.077724e+01 -2.619081e-01 9.504683e-01 1.673745e-01 -1.403118e+00 -3.588704e-01 -2.569071e-01 8.973354e-01 4.297989e+01
8.950315e-01 -2.611779e-01 -3.615312e-01 1.077025e+01 1.733274e-01 9.505748e-01 -2.576145e-01 -1.411385e+00 4.109456e-01 1.679098e-01 8.960636e-01 4.315397e+01
8.754370e-01 1.864591e-01 4.459182e-01 1.043855e+01 -2.763730e-01 9.499963e-01 1.453442e-01 -1.389806e+00 -3.965199e-01 -2.504794e-01 8.831942e-01 4.433885e+01
8.923763e-01 -2.372378e-01 -3.839045e-01 9.880066e+00 1.408154e-01 9.545821e-01 -2.625720e-01 -1.339868e+00 4.287604e-01 1.802534e-01 8.852532e-01 4.597718e+01
8.930029e-01 1.415444e-01 4.272130e-01 9.888482e+00 -2.389994e-01 9.534909e-01 1.836690e-01 -1.345613e+00 -3.813464e-01 -2.661206e-01 8.852992e-01 4.623873e+01
8.927615e-01 -2.368015e-01 -3.832778e-01 9.853494e+00 1.386794e-01 9.538609e-01 -2.663030e-01 -1.351528e+00 4.286547e-01 1.845924e-01 8.844099e-01 4.645913e+01
8.941486e-01 1.397460e-01 4.254049e-01 9.828988e+00 -2.374112e-01 9.534766e-01 1.857908e-01 -1.358247e+00 -3.796501e-01 -2.671204e-01 8.857271e-01 4.666063e+01
8.938611e-01 -2.345649e-01 -3.820885e-01 9.814033e+00 1.361390e-01 9.539849e-01 -2.671685e-01 -1.365205e+00 4.271750e-01 1.867944e-01 8.846634e-01 4.684086e+01
8.951336e-01 1.360179e-01 4.245409e-01 9.777910e+00 -2.342066e-01 9.537896e-01 1.882356e-01 -1.371692e+00 -3.793193e-01 -2.679263e-01 8.856254e-01 4.706804e+01
8.945348e-01 -2.331595e-01 -3.813714e-01 9.728253e+00 1.342682e-01 9.539395e-01 -2.682751e-01 -1.376860e+00 4.263561e-01 1.887753e-01 8.846380e-01 4.734059e+01
8.951263e-01 1.371163e-01 4.242029e-01 9.693316e+00 -2.354036e-01 9.534321e-01 1.885533e-01 -1.382675e+00 -3.785949e-01 -2.686379e-01 8.857198e-01 4.757936e+01
9.253334e-01 -7.650331e-02 -3.713560e-01 1.084545e+01 1.578269e-02 9.863552e-01 -1.638729e-01 -1.379119e+00 3.788257e-01 1.457761e-01 9.139149e-01 4.797906e+01
9.198932e-01 4.862451e-02 3.891428e-01 1.232115e+01 -6.717919e-02 9.971544e-01 3.420732e-02 -1.384861e+00 -3.863721e-01 -5.760938e-02 9.205421e-01 4.787750e+01
9.190486e-01 -6.463974e-02 -3.888077e-01 1.230199e+01 4.571716e-02 9.972846e-01 -5.773531e-02 -1.392269e+00 3.914839e-01 3.528637e-02 9.195081e-01 4.805846e+01
9.200785e-01 4.866778e-02 3.886991e-01 1.230853e+01 -6.696382e-02 9.971877e-01 3.365345e-02 -1.401157e+00 -3.859681e-01 -5.699259e-02 9.207500e-01 4.819149e+01
9.235780e-01 -4.100687e-02 -3.812114e-01 1.245939e+01 2.886299e-02 9.988789e-01 -3.752163e-02 -1.409666e+00 3.823226e-01 2.365126e-02 9.237262e-01 4.830613e+01
9.272808e-01 3.069480e-02 3.731060e-01 1.260491e+01 -3.508526e-02 9.993719e-01 4.980817e-03 -1.418002e+00 -3.727188e-01 -1.770914e-02 9.277754e-01 4.844502e+01
9.224089e-01 -4.923512e-02 -3.830636e-01 1.245217e+01 2.632179e-02 9.975489e-01 -6.483255e-02 -1.400296e+00 3.853167e-01 4.971921e-02 9.214440e-01 4.956616e+01
9.293063e-01 -2.758152e-02 3.682785e-01 1.227602e+01 5.274747e-02 9.968963e-01 -5.844118e-02 -1.378503e+00 -3.655236e-01 7.373552e-02 9.278769e-01 5.060072e+01
9.277683e-01 5.297156e-02 -3.693779e-01 1.226304e+01 -2.741865e-02 9.968744e-01 7.409172e-02 -1.385791e+00 3.721482e-01 -5.861210e-02 9.263209e-01 5.081590e+01
9.289967e-01 -2.547585e-02 3.692100e-01 1.226413e+01 5.143651e-02 9.968335e-01 -6.064075e-02 -1.393028e+00 -3.664960e-01 7.532594e-02 9.273654e-01 5.102500e+01
9.269015e-01 5.653587e-02 -3.710219e-01 1.220715e+01 -3.002891e-02 9.965911e-01 7.683995e-02 -1.394890e+00 3.741013e-01 -6.008169e-02 9.254396e-01 5.139601e+01
9.262641e-01 -2.446792e-02 3.760800e-01 1.223305e+01 5.026867e-02 9.969948e-01 -5.894403e-02 -1.403126e+00 -3.735076e-01 7.350278e-02 9.247105e-01 5.154238e+01
9.284754e-01 4.590909e-02 -3.685454e-01 1.229887e+01 -2.158269e-02 9.973232e-01 6.986170e-02 -1.412480e+00 3.707661e-01 -5.691067e-02 9.269809e-01 5.165932e+01
9.318870e-01 -1.942052e-02 3.622284e-01 1.230692e+01 4.465203e-02 9.971130e-01 -6.141482e-02 -1.418947e+00 -3.599899e-01 7.340591e-02 9.300639e-01 5.189682e+01
9.310293e-01 4.753519e-02 -3.618353e-01 1.226094e+01 -2.245651e-02 9.970641e-01 7.320447e-02 -1.424007e+00 3.642528e-01 -6.002995e-02 9.293634e-01 5.215759e+01
9.324500e-01 -2.206601e-02 3.606246e-01 1.224088e+01 4.699963e-02 9.970601e-01 -6.051629e-02 -1.430527e+00 -3.582291e-01 7.337763e-02 9.307458e-01 5.241302e+01
9.307471e-01 5.076502e-02 -3.621227e-01 1.224268e+01 -2.594091e-02 9.969879e-01 7.309037e-02 -1.437693e+00 3.647424e-01 -5.863485e-02 9.292604e-01 5.261109e+01
9.303076e-01 -2.061907e-02 3.662003e-01 1.226668e+01 4.572802e-02 9.971490e-01 -6.002408e-02 -1.447699e+00 -3.639186e-01 7.258647e-02 9.285981e-01 5.274603e+01
9.292243e-01 4.831606e-02 -3.663439e-01 1.226442e+01 -2.373768e-02 9.971721e-01 7.130405e-02 -1.455590e+00 3.687531e-01 -5.756130e-02 9.277434e-01 5.289674e+01
9.301447e-01 -2.021472e-02 3.666364e-01 1.225433e+01 4.527203e-02 9.971788e-01 -5.987363e-02 -1.463208e+00 -3.643917e-01 7.228952e-02 9.284357e-01 5.306275e+01
9.289002e-01 4.485483e-02 -3.676036e-01 1.224551e+01 -2.020257e-02 9.972973e-01 7.063977e-02 -1.471065e+00 3.697786e-01 -5.819076e-02 9.272959e-01 5.322839e+01
9.292910e-01 -1.971769e-02 3.688218e-01 1.221480e+01 4.465685e-02 9.972465e-01 -5.920423e-02 -1.475181e+00 -3.666389e-01 7.148837e-02 9.276127e-01 5.351121e+01
