9.821599e-01 -1.485589e-01 -1.152915e-01 3.249912e-01 1.621426e-01 9.795568e-01 1.190722e-01 4.504533e-03 9.524533e-02 -1.356416e-01 9.861692e-01 2.050669e-01
9.986588e-01 -4.583911e-02 -2.407044e-02 8.440951e-01 4.347141e-02 9.948955e-01 -9.106692e-02 -8.954573e-04 2.812200e-02 8.989840e-02 9.955538e-01 3.358727e-01
9.985086e-01 4.558231e-02 3.004672e-02 7.376810e-01 -4.807354e-02 9.949422e-01 8.819868e-02 2.054371e-03 -2.587445e-02 -8.951159e-02 9.956496e-01 7.874961e-01
9.986121e-01 -4.557026e-02 -2.640454e-02 6.502023e-01 4.304689e-02 9.950720e-01 -8.932368e-02 -2.674237e-04 3.034492e-02 8.806308e-02 9.956526e-01 1.166526e+00
9.984946e-01 4.605172e-02 2.979509e-02 5.669692e-01 -4.851361e-02 9.949385e-01 8.799933e-02 -3.143460e-03 -2.559176e-02 -8.931233e-02 9.956748e-01 1.541567e+00
9.986969e-01 -4.492319e-02 -2.421596e-02 4.795651e-01 4.256956e-02 9.950109e-01 -9.022848e-02 -4.790477e-03 2.814849e-02 8.908005e-02 9.956266e-01 1.985464e+00
9.982887e-01 4.961552e-02 3.095246e-02 3.599430e-01 -5.211422e-02 9.949341e-01 8.596601e-02 -1.853546e-03 -2.653041e-02 -8.743195e-02 9.958171e-01 2.542463e+00
9.987119e-01 -4.441601e-02 -2.452908e-02 2.346557e-01 4.202018e-02 9.949827e-01 -9.079453e-02 2.822638e-03 2.843874e-02 8.964687e-02 9.955675e-01 3.076930e+00
9.982888e-01 4.994517e-02 3.041420e-02 1.195419e-01 -5.239940e-02 9.949068e-01 8.610898e-02 5.875622e-03 -2.595857e-02 -8.755531e-02 9.958214e-01 3.597115e+00
9.927565e-01 -1.026831e-01 -6.237612e-02 1.344982e-01 9.919802e-02 9.934556e-01 -5.661861e-02 1.273904e-02 6.778169e-02 5.002090e-02 9.964455e-01 4.069670e+00
9.997395e-01 -8.635404e-03 2.112591e-02 5.734668e-01 5.100631e-03 9.867811e-01 1.619788e-01 1.188413e-02 -2.224540e-02 -1.618289e-01 9.865681e-01 4.209134e+00
9.569246e-01 -2.128218e-01 -1.974895e-01 1.445694e+00 2.140442e-01 9.767027e-01 -1.539035e-02 9.853777e-03 1.961640e-01 -2.754409e-02 9.801842e-01 4.043694e+00
9.923300e-01 -1.225796e-01 -1.598197e-02 2.478397e+00 1.235917e-01 9.811791e-01 1.483670e-01 1.284180e-02 -2.505587e-03 -1.492043e-01 9.888032e-01 3.926962e+00
9.533435e-01 -1.984485e-01 -2.274959e-01 3.539212e+00 1.954021e-01 9.800596e-01 -3.607103e-02 1.269893e-02 2.301178e-01 -1.006510e-02 9.731107e-01 3.796022e+00
9.938011e-01 -2.553509e-02 1.082001e-01 4.164758e+00 1.202243e-02 9.922414e-01 1.237435e-01 1.279049e-02 -1.105205e-01 -1.216756e-01 9.863976e-01 3.890746e+00
9.386078e-01 -2.059208e-01 -2.767888e-01 4.896512e+00 2.151232e-01 9.765825e-01 2.954151e-03 1.603688e-02 2.696987e-01 -6.231647e-02 9.609262e-01 4.001427e+00
9.771327e-01 8.601229e-02 1.944572e-01 5.163089e+00 -7.804689e-02 9.957803e-01 -4.827371e-02 1.812290e-02 -1.977888e-01 3.199304e-02 9.797224e-01 4.481348e+00
9.715929e-01 -9.383640e-02 -2.172600e-01 5.221752e+00 1.077723e-01 9.927521e-01 5.318288e-02 1.781015e-02 2.106949e-01 -7.508672e-02 9.746639e-01 4.888730e+00
9.736527e-01 9.876018e-02 2.055405e-01 5.208197e+00 -8.715339e-02 9.940852e-01 -6.479943e-02 1.659376e-02 -2.107243e-01 4.517859e-02 9.765010e-01 5.271542e+00
9.746440e-01 -8.592663e-02 -2.066054e-01 5.160455e+00 9.657319e-02 9.944397e-01 4.199128e-02 1.479411e-02 2.018484e-01 -6.087909e-02 9.775229e-01 5.647135e+00
9.852041e-01 4.513434e-02 1.653352e-01 5.227564e+00 -4.288102e-02 9.989326e-01 -1.717483e-02 1.721438e-02 -1.659339e-01 9.830973e-03 9.860879e-01 6.041919e+00
9.480897e-01 -1.657662e-01 -2.713806e-01 5.590904e+00 2.044611e-01 9.713721e-01 1.209621e-01 2.201274e-02 2.435601e-01 -1.701697e-01 9.548407e-01 6.279471e+00
9.856633e-01 -1.681137e-01 1.433992e-02 6.865856e+00 1.681496e-01 9.857606e-01 -1.326718e-03 2.464646e-02 -1.391269e-02 3.718950e-03 9.998963e-01 5.997061e+00
9.444460e-01 -2.112988e-01 -2.517429e-01 8.128418e+00 2.457275e-01 9.626231e-01 1.139069e-01 2.104282e-02 2.182651e-01 -1.694391e-01 9.610675e-01 5.756083e+00
9.912000e-01 7.291211e-02 1.104828e-01 8.617409e+00 -5.738806e-02 9.888104e-01 -1.376975e-01 2.018184e-02 -1.192864e-01 1.301454e-01 9.842931e-01 6.060331e+00
9.354367e-01 -2.312692e-01 -2.673437e-01 9.200751e+00 3.023443e-01 9.152989e-01 2.661124e-01 2.740157e-02 1.831558e-01 -3.297611e-01 9.261272e-01 6.226897e+00
9.852610e-01 1.423500e-01 9.485385e-02 9.652563e+00 -1.124780e-01 9.569056e-01 -2.677318e-01 2.755085e-02 -1.288778e-01 2.531167e-01 9.588130e-01 6.529841e+00
9.831958e-01 -1.235764e-01 -1.343681e-01 9.646546e+00 1.551886e-01 9.534082e-01 2.587070e-01 2.891347e-02 9.613759e-02 -2.752120e-01 9.565646e-01 6.986153e+00
9.995974e-01 1.867287e-02 2.136367e-02 9.916590e+00 -1.463575e-02 9.843574e-01 -1.755743e-01 3.374270e-02 -2.430797e-02 1.751910e-01 9.842343e-01 7.256130e+00
9.895341e-01 -1.134684e-01 -8.914692e-02 1.016974e+01 1.284988e-01 9.739926e-01 1.866187e-01 3.035862e-02 6.565311e-02 -1.961208e-01 9.783794e-01 7.561255e+00
9.990242e-01 3.932772e-02 2.009783e-02 1.034695e+01 -3.645638e-02 9.911831e-01 -1.273851e-01 3.228325e-02 -2.493039e-02 1.265281e-01 9.916497e-01 7.864911e+00
9.979773e-01 -5.282470e-02 -3.536871e-02 1.038300e+01 5.686675e-02 9.904974e-01 1.252237e-01 3.061619e-02 2.841771e-02 -1.269817e-01 9.914979e-01 8.231561e+00
9.978758e-01 5.923109e-02 2.712003e-02 1.031422e+01 -5.534986e-02 9.904184e-01 -1.265218e-01 2.755466e-02 -3.435420e-02 1.247519e-01 9.915930e-01 8.597846e+00
9.980094e-01 -5.246580e-02 -3.499351e-02 1.024228e+01 5.642501e-02 9.906905e-01 1.238893e-01 2.610263e-02 2.816779e-02 -1.256172e-01 9.916788e-01 9.027578e+00
9.979880e-01 5.699030e-02 2.778715e-02 1.017736e+01 -5.306704e-02 9.906327e-01 -1.258203e-01 2.403704e-02 -3.469739e-02 1.240925e-01 9.916638e-01 9.367994e+00
9.980597e-01 -5.068187e-02 -3.616991e-02 1.011236e+01 5.480593e-02 9.907652e-01 1.240190e-01 1.997981e-02 2.955038e-02 -1.257607e-01 9.916204e-01 9.728200e+00
9.978711e-01 5.816668e-02 2.949253e-02 1.004536e+01 -5.398290e-02 9.904443e-01 -1.269093e-01 1.794642e-02 -3.659261e-02 1.250471e-01 9.914758e-01 1.012050e+01
9.979271e-01 -5.176723e-02 -3.823201e-02 9.977475e+00 5.617814e-02 9.905495e-01 1.251224e-01 1.556384e-02 3.139346e-02 -1.270109e-01 9.914044e-01 1.047124e+01
9.978479e-01 5.840160e-02 2.981310e-02 9.914164e+00 -5.418370e-02 9.904600e-01 -1.267011e-01 1.133690e-02 -3.692823e-02 1.248131e-01 9.914928e-01 1.081412e+01
9.979889e-01 -5.085304e-02 -3.784435e-02 9.843803e+00 5.521348e-02 9.906357e-01 1.248694e-01 7.766922e-03 3.113998e-02 -1.267077e-01 9.914512e-01 1.115277e+01
9.977956e-01 5.897812e-02 3.042218e-02 9.773589e+00 -5.467615e-02 9.904203e-01 -1.267994e-01 3.934121e-03 -3.760913e-02 1.248565e-01 9.914618e-01 1.149068e+01
9.979896e-01 -5.056857e-02 -3.820570e-02 9.707248e+00 5.496863e-02 9.906822e-01 1.246080e-01 -6.992742e-05 3.154847e-02 -1.264576e-01 9.914702e-01 1.181686e+01
9.977999e-01 5.879692e-02 3.063299e-02 9.651529e+00 -5.448145e-02 9.904697e-01 -1.264972e-01 -4.845452e-03 -3.777869e-02 1.245499e-01 9.914939e-01 1.210805e+01
9.979097e-01 -5.144432e-02 -3.911136e-02 9.599838e+00 5.595335e-02 9.906245e-01 1.246286e-01 -9.986254e-03 3.233324e-02 -1.265565e-01 9.914323e-01 1.239069e+01
9.977834e-01 5.880345e-02 3.115257e-02 9.547802e+00 -5.443185e-02 9.905012e-01 -1.262717e-01 -1.513650e-02 -3.828187e-02 1.242961e-01 9.915064e-01 1.266664e+01
9.934939e-01 -8.917588e-02 -7.083444e-02 9.630374e+00 9.905684e-02 9.835402e-01 1.511172e-01 -1.758216e-02 5.619251e-02 -1.571507e-01 9.859747e-01 1.293413e+01
9.933308e-01 1.014516e-01 5.478504e-02 9.575571e+00 -9.179412e-02 9.833760e-01 -1.566697e-01 -2.251607e-02 -6.976869e-02 1.505959e-01 9.861304e-01 1.322164e+01
9.818454e-01 -1.465194e-01 -1.204647e-01 9.711844e+00 1.679555e-01 9.666868e-01 1.931515e-01 -2.405441e-02 8.815124e-02 -2.098777e-01 9.737457e-01 1.347554e+01
9.853640e-01 1.515038e-01 7.813085e-02 9.714548e+00 -1.344185e-01 9.724529e-01 -1.904393e-01 -2.525498e-02 -1.048308e-01 1.771498e-01 9.785849e-01 1.387576e+01
9.857507e-01 -1.300809e-01 -1.066517e-01 9.643576e+00 1.476278e-01 9.729261e-01 1.778227e-01 -2.509196e-02 8.063283e-02 -1.910336e-01 9.782661e-01 1.424431e+01
9.921686e-01 1.119247e-01 5.544724e-02 9.747661e+00 -1.017977e-01 9.818061e-01 -1.602935e-01 -2.908210e-02 -7.237924e-02 1.533938e-01 9.855108e-01 1.448689e+01
9.963483e-01 -6.286283e-02 -5.777840e-02 1.019113e+01 7.243040e-02 9.806062e-01 1.821134e-01 -3.789106e-02 4.520970e-02 -1.856333e-01 9.815785e-01 1.452418e+01
9.987312e-01 4.675823e-02 1.869768e-02 1.027844e+01 -4.184900e-02 9.771687e-01 -2.083024e-01 -4.277118e-02 -2.801064e-02 2.072557e-01 9.778857e-01 1.483909e+01
9.988782e-01 -3.784649e-02 -2.846059e-02 1.020508e+01 4.292589e-02 9.774476e-01 2.067694e-01 -4.612930e-02 1.999323e-02 -2.077592e-01 9.779757e-01 1.518921e+01
9.987533e-01 4.624189e-02 1.880275e-02 1.015488e+01 -4.133927e-02 9.773186e-01 -2.077001e-01 -5.133573e-02 -2.798072e-02 2.066639e-01 9.780118e-01 1.546607e+01
9.987781e-01 -3.950357e-02 -2.969427e-02 1.010139e+01 4.480952e-02 9.773077e-01 2.070309e-01 -5.616943e-02 2.084198e-02 -2.081085e-01 9.778837e-01 1.577390e+01
9.987149e-01 4.674959e-02 1.957213e-02 1.004185e+01 -4.168650e-02 9.773723e-01 -2.073780e-01 -6.064673e-02 -2.882410e-02 2.062956e-01 9.780651e-01 1.606837e+01
9.988301e-01 -3.814293e-02 -2.972474e-02 9.988005e+00 4.346517e-02 9.775568e-01 2.061395e-01 -6.565861e-02 2.119486e-02 -2.071903e-01 9.780710e-01 1.635385e+01
9.988052e-01 4.566244e-02 1.740896e-02 9.961220e+00 -4.108801e-02 9.775446e-01 -2.066842e-01 -7.224526e-02 -2.645574e-02 2.057219e-01 9.782528e-01 1.658498e+01
9.974991e-01 -5.861351e-02 -3.949659e-02 1.001478e+01 6.571499e-02 9.748472e-01 2.129661e-01 -8.020585e-02 2.602045e-02 -2.150290e-01 9.762610e-01 1.671209e+01
9.975494e-01 6.775046e-02 1.746780e-02 1.006493e+01 -6.232740e-02 9.739334e-01 -2.181032e-01 -8.978805e-02 -3.178907e-02 2.164800e-01 9.757694e-01 1.681728e+01
9.618649e-01 -2.198797e-01 -1.626925e-01 1.063642e+01 2.636972e-01 9.034443e-01 3.380121e-01 -8.893243e-02 7.266167e-02 -3.680235e-01 9.269730e-01 1.674405e+01
9.918089e-01 -5.501493e-02 -1.152757e-01 1.184300e+01 2.720068e-02 9.727591e-01 -2.302169e-01 -9.607100e-02 1.248008e-01 2.251955e-01 9.662876e-01 1.641656e+01
9.933943e-01 -1.085556e-01 3.719537e-02 1.257095e+01 1.015267e-01 9.825250e-01 1.560029e-01 -1.153372e-01 -5.348038e-02 -1.511961e-01 9.870560e-01 1.618144e+01
9.555465e-01 -1.778408e-01 -2.351669e-01 1.377896e+01 2.054317e-01 9.737152e-01 9.836974e-02 -1.072493e-01 2.114915e-01 -1.423076e-01 9.669643e-01 1.576441e+01
9.993971e-01 -2.587730e-02 2.314803e-02 1.473491e+01 3.106369e-02 9.642333e-01 -2.632282e-01 -1.256356e-01 -1.550846e-02 2.637886e-01 9.644558e-01 1.556708e+01
9.993525e-01 -1.236211e-03 3.595965e-02 1.538389e+01 -9.799705e-03 9.522763e-01 3.050801e-01 -1.299312e-01 -3.462066e-02 -3.052350e-01 9.516475e-01 1.547414e+01
9.442851e-01 -2.608515e-01 -2.007043e-01 1.656634e+01 2.131814e-01 9.493460e-01 -2.308589e-01 -1.368968e-01 2.507577e-01 1.752102e-01 9.520620e-01 1.508249e+01
9.814814e-01 4.968936e-02 1.850004e-01 1.721796e+01 -1.017132e-01 9.535628e-01 2.835002e-01 -1.442491e-01 -1.623226e-01 -2.970671e-01 9.409583e-01 1.490364e+01
9.621594e-01 -1.613988e-01 -2.195443e-01 1.740193e+01 8.252880e-02 9.404699e-01 -3.297049e-01 -1.564839e-01 2.596888e-01 2.991099e-01 9.182020e-01 1.497368e+01
9.689043e-01 4.326635e-02 2.436236e-01 1.750163e+01 -1.222275e-01 9.397698e-01 3.192069e-01 -1.632825e-01 -2.151392e-01 -3.390585e-01 9.158354e-01 1.509031e+01
9.512940e-01 -1.708907e-01 -2.565853e-01 1.766098e+01 6.780997e-02 9.279057e-01 -3.665963e-01 -1.753066e-01 3.007349e-01 3.313418e-01 8.942992e-01 1.514816e+01
9.530540e-01 6.810303e-02 2.950423e-01 1.768552e+01 -1.685964e-01 9.287202e-01 3.302332e-01 -1.839099e-01 -2.515219e-01 -3.644732e-01 8.966025e-01 1.527764e+01
9.459728e-01 -1.803984e-01 -2.694288e-01 1.793221e+01 7.751500e-02 9.326653e-01 -3.523165e-01 -1.948315e-01 3.148442e-01 3.123971e-01 8.962596e-01 1.520117e+01
9.702095e-01 2.856336e-02 2.405776e-01 1.843978e+01 -1.032502e-01 9.470777e-01 3.039460e-01 -2.130340e-01 -2.191640e-01 -3.197310e-01 9.218130e-01 1.499289e+01
9.386577e-01 -1.934648e-01 -2.854701e-01 1.881982e+01 1.264815e-01 9.632603e-01 -2.369222e-01 -2.200990e-01 3.208181e-01 1.862821e-01 9.286413e-01 1.489542e+01
9.701578e-01 -1.003089e-02 2.422669e-01 1.920883e+01 -5.318757e-02 9.660067e-01 2.529864e-01 -2.282266e-01 -2.365691e-01 -2.583224e-01 9.366454e-01 1.486820e+01
9.481537e-01 -1.209108e-01 -2.939136e-01 1.949714e+01 6.386647e-02 9.784263e-01 -1.964766e-01 -2.346019e-01 3.113289e-01 1.675188e-01 9.354206e-01 1.488754e+01
9.646301e-01 3.213451e-02 2.616414e-01 1.965449e+01 -7.269731e-02 9.864815e-01 1.468648e-01 -2.464871e-01 -2.533850e-01 -1.606908e-01 9.539258e-01 1.495649e+01
9.638739e-01 -7.132128e-02 -2.566327e-01 1.964395e+01 3.022135e-02 9.865460e-01 -1.606660e-01 -2.542066e-01 2.646388e-01 1.471060e-01 9.530614e-01 1.512284e+01
9.645010e-01 3.292198e-02 2.620190e-01 1.964125e+01 -7.324285e-02 9.866223e-01 1.456431e-01 -2.623517e-01 -2.537189e-01 -1.596639e-01 9.540095e-01 1.527152e+01
9.639771e-01 -7.023725e-02 -2.565442e-01 1.964155e+01 2.890151e-02 9.864536e-01 -1.614747e-01 -2.702837e-01 2.644105e-01 1.482434e-01 9.529486e-01 1.541421e+01
9.648128e-01 2.956738e-02 2.612700e-01 1.962805e+01 -7.054048e-02 9.863377e-01 1.488688e-01 -2.778422e-01 -2.532988e-01 -1.620606e-01 9.537170e-01 1.559658e+01
9.641104e-01 -6.906595e-02 -2.563612e-01 1.959975e+01 2.762165e-02 9.864249e-01 -1.618734e-01 -2.841315e-01 2.640610e-01 1.489827e-01 9.529302e-01 1.580884e+01
9.645758e-01 3.163273e-02 2.619024e-01 1.958980e+01 -7.279906e-02 9.861526e-01 1.490078e-01 -2.913805e-01 -2.535622e-01 -1.627956e-01 9.535218e-01 1.599171e+01
8.828015e-01 -2.563656e-01 -3.936218e-01 2.044854e+01 2.653729e-01 9.636005e-01 -3.242297e-02 -2.913097e-01 3.876063e-01 -7.583352e-02 9.187005e-01 1.566832e+01
9.751608e-01 -1.209161e-01 1.855821e-01 2.240973e+01 1.138782e-01 9.923265e-01 4.816543e-02 -3.072388e-01 -1.899820e-01 -2.583528e-02 9.814476e-01 1.469277e+01
9.182154e-01 -1.492429e-01 -3.668884e-01 2.389957e+01 1.653959e-01 9.861443e-01 1.279428e-02 -3.222176e-01 3.598955e-01 -7.242975e-02 9.301770e-01 1.403112e+01
9.562189e-01 -2.349675e-01 1.744580e-01 2.546888e+01 2.168912e-01 9.692102e-01 1.165750e-01 -3.258550e-01 -1.964778e-01 -7.363285e-02 9.777396e-01 1.341976e+01
9.071783e-01 -1.055582e-01 -4.072898e-01 2.772228e+01 1.234757e-01 9.921866e-01 1.787696e-02 -3.438499e-01 4.022204e-01 -6.650800e-02 9.131240e-01 1.217964e+01
9.511627e-01 -2.428471e-01 1.905646e-01 2.988335e+01 2.487586e-01 9.685375e-01 -7.364275e-03 -3.687796e-01 -1.827805e-01 5.440919e-02 9.816470e-01 1.104838e+01
9.456633e-01 -6.478912e-03 -3.250831e-01 3.191724e+01 8.451236e-02 9.703362e-01 2.265068e-01 -3.881773e-01 3.139724e-01 -2.416727e-01 9.181589e-01 9.852630e+00
9.846714e-01 -1.481130e-01 9.211303e-02 3.352235e+01 1.670456e-01 9.527435e-01 -2.537237e-01 -4.146459e-01 -5.018030e-02 2.652215e-01 9.628808e-01 8.980471e+00
9.877764e-01 5.197644e-02 -1.469567e-01 3.415929e+01 -5.618990e-03 9.540301e-01 2.996581e-01 -4.313890e-01 1.557763e-01 -2.951695e-01 9.426604e-01 8.648103e+00
9.921393e-01 -6.266811e-02 1.083156e-01 3.458782e+01 9.104888e-02 9.552982e-01 -2.812746e-01 -4.463540e-01 -8.584678e-02 2.889256e-01 9.534948e-01 8.426194e+00
9.926246e-01 5.659524e-02 -1.072070e-01 3.480833e+01 -2.420740e-02 9.590620e-01 2.821596e-01 -4.604284e-01 1.187870e-01 -2.774834e-01 9.533586e-01 8.403277e+00
9.928479e-01 -2.600582e-02 1.165189e-01 3.484699e+01 5.798251e-02 9.581870e-01 -2.802067e-01 -4.706778e-01 -1.043599e-01 2.849587e-01 9.528418e-01 8.502900e+00
9.927123e-01 4.695045e-02 -1.109866e-01 3.492197e+01 -1.308560e-02 9.575347e-01 2.880208e-01 -4.811642e-01 1.197963e-01 -2.844695e-01 9.511708e-01 8.569267e+00
9.933795e-01 -2.022643e-02 1.130843e-01 3.502223e+01 5.176494e-02 9.575892e-01 -2.834490e-01 -4.932754e-01 -1.025551e-01 2.874262e-01 9.522965e-01 8.623278e+00
9.930654e-01 5.204038e-02 -1.054182e-01 3.504754e+01 -2.002365e-02 9.584603e-01 2.845224e-01 -5.028655e-01 1.158458e-01 -2.804385e-01 9.528557e-01 8.731013e+00
9.935516e-01 -2.280093e-02 1.110646e-01 3.515761e+01 5.372641e-02 9.572898e-01 -2.840946e-01 -5.140754e-01 -9.984341e-02 2.882297e-01 9.523418e-01 8.767703e+00
9.934494e-01 5.171757e-02 -1.018997e-01 3.524600e+01 -2.097342e-02 9.590973e-01 2.822987e-01 -5.254638e-01 1.123315e-01 -2.783123e-01 9.538993e-01 8.828633e+00
9.938307e-01 -2.211789e-02 1.086803e-01 3.532871e+01 5.233861e-02 9.574675e-01 -2.837546e-01 -5.362338e-01 -9.778184e-02 2.876922e-01 9.527182e-01 8.897216e+00
9.934091e-01 5.092291e-02 -1.026902e-01 3.542657e+01 -1.984185e-02 9.587683e-01 2.834953e-01 -5.475268e-01 1.128925e-01 -2.795892e-01 9.534596e-01 8.947553e+00
9.940232e-01 -2.258100e-02 1.068083e-01 3.552155e+01 5.215942e-02 9.577151e-01 -2.829509e-01 -5.589108e-01 -9.590260e-02 2.868308e-01 9.531688e-01 8.993945e+00
9.938116e-01 4.620676e-02 -1.010122e-01 3.561855e+01 -1.584371e-02 9.590414e-01 2.828226e-01 -5.703139e-01 1.099432e-01 -2.794719e-01 9.538385e-01 9.029601e+00
9.941232e-01 -2.176565e-02 1.060435e-01 3.570711e+01 5.115732e-02 9.577540e-01 -2.830022e-01 -5.815634e-01 -9.540388e-02 2.867639e-01 9.532390e-01 9.076455e+00
9.941388e-01 4.703202e-02 -9.734469e-02 3.576093e+01 -1.775252e-02 9.592084e-01 2.821421e-01 -5.922533e-01 1.066436e-01 -2.787603e-01 9.544212e-01 9.158545e+00
9.942279e-01 -1.996175e-02 1.054152e-01 3.581333e+01 4.923044e-02 9.578755e-01 -2.829328e-01 -6.028831e-01 -9.532675e-02 2.864893e-01 9.533293e-01 9.241480e+00
9.941100e-01 4.686763e-02 -9.771773e-02 3.587061e+01 -1.743459e-02 9.590719e-01 2.826255e-01 -6.134572e-01 1.069643e-01 -2.792572e-01 9.542400e-01 9.321878e+00
9.943829e-01 -1.918050e-02 1.040905e-01 3.590568e+01 4.794660e-02 9.583807e-01 -2.814384e-01 -6.237065e-01 -9.436016e-02 2.848483e-01 9.539170e-01 9.422877e+00
9.943824e-01 4.448925e-02 -9.604347e-02 3.598266e+01 -1.548701e-02 9.587657e-01 2.837753e-01 -6.344587e-01 1.047081e-01 -2.806937e-01 9.540688e-01 9.492149e+00
9.948304e-01 -1.959163e-02 9.964223e-02 3.607992e+01 4.735277e-02 9.575038e-01 -2.845071e-01 -6.462577e-01 -8.983386e-02 2.877546e-01 9.534816e-01 9.533216e+00
9.946305e-01 4.703419e-02 -9.218455e-02 3.612867e+01 -1.914051e-02 9.589943e-01 2.827783e-01 -6.564378e-01 1.017047e-01 -2.794954e-01 9.547452e-01 9.614792e+00
9.947916e-01 -1.857435e-02 1.002231e-01 3.618284e+01 4.661891e-02 9.573002e-01 -2.853121e-01 -6.669708e-01 -9.064413e-02 2.884984e-01 9.531801e-01 9.683605e+00
9.944747e-01 4.563438e-02 -9.453838e-02 3.622087e+01 -1.711255e-02 9.589959e-01 2.829029e-01 -6.769389e-01 1.035720e-01 -2.797220e-01 9.544781e-01 9.773224e+00
9.948098e-01 -1.536589e-02 1.005851e-01 3.622880e+01 4.338149e-02 9.582364e-01 -2.826679e-01 -6.863485e-01 -9.204086e-02 2.855643e-01 9.539295e-01 9.897046e+00
9.943743e-01 4.451084e-02 -9.611768e-02 3.624034e+01 -1.552778e-02 9.588755e-01 2.834019e-01 -6.955187e-01 1.047793e-01 -2.803150e-01 9.541723e-01 1.002574e+01
9.947450e-01 -1.384149e-02 1.014433e-01 3.625239e+01 4.224356e-02 9.580362e-01 -2.835173e-01 -7.046749e-01 -9.326202e-02 2.863127e-01 9.535865e-01 1.014681e+01
9.943868e-01 4.218568e-02 -9.703202e-02 3.627336e+01 -1.318669e-02 9.593398e-01 2.819454e-01 -7.139732e-01 1.049807e-01 -2.790832e-01 9.545112e-01 1.025943e+01
9.947672e-01 -1.296045e-02 1.013426e-01 3.629171e+01 4.116247e-02 9.586953e-01 -2.814409e-01 -7.235234e-01 -9.350906e-02 2.841397e-01 9.542121e-01 1.037571e+01
9.943371e-01 4.278576e-02 -9.727860e-02 3.630944e+01 -1.378113e-02 9.595575e-01 2.811751e-01 -7.330108e-01 1.053747e-01 -2.782422e-01 9.547133e-01 1.049285e+01
9.947127e-01 -1.237087e-02 1.019493e-01 3.633055e+01 4.079330e-02 9.586370e-01 -2.816932e-01 -7.425054e-01 -9.424762e-02 2.843626e-01 9.540730e-01 1.060747e+01
9.945955e-01 3.760755e-02 -9.677569e-02 3.637231e+01 -8.738630e-03 9.591082e-01 2.829048e-01 -7.515245e-01 1.034577e-01 -2.805301e-01 9.542533e-01 1.074269e+01
9.955999e-01 -1.751847e-03 9.368960e-02 3.643371e+01 2.904514e-02 9.563526e-01 -2.907681e-01 -7.601514e-01 -8.909091e-02 2.922099e-01 9.521954e-01 1.087621e+01
9.952471e-01 2.882393e-02 -9.301826e-02 3.645894e+01 -9.575099e-04 9.580417e-01 2.866273e-01 -7.695582e-01 9.737710e-02 -2.851759e-01 9.535158e-01 1.098663e+01
9.956482e-01 4.856268e-05 9.319154e-02 3.646940e+01 2.679152e-02 9.576347e-01 -2.867367e-01 -7.787247e-01 -8.925738e-02 2.879856e-01 9.534660e-01 1.112463e+01
9.952846e-01 2.731393e-02 -9.307234e-02 3.648522e+01 3.529931e-04 9.585073e-01 2.850679e-01 -7.877735e-01 9.699684e-02 -2.837565e-01 9.539779e-01 1.125271e+01
9.956375e-01 7.667793e-04 9.330255e-02 3.648901e+01 2.602066e-02 9.580131e-01 -2.855413e-01 -7.968041e-01 -8.960401e-02 2.867234e-01 9.538138e-01 1.139467e+01
9.952857e-01 2.713191e-02 -9.311363e-02 3.649390e+01 4.454207e-04 9.587838e-01 2.841362e-01 -8.056111e-01 9.698500e-02 -2.828382e-01 9.542518e-01 1.153776e+01
9.953657e-01 1.412173e-03 9.615132e-02 3.653838e+01 2.614832e-02 9.582412e-01 -2.847631e-01 -8.153444e-01 -9.253830e-02 2.859576e-01 9.537636e-01 1.164121e+01
9.950693e-01 2.471206e-02 -9.605441e-02 3.659100e+01 3.312220e-03 9.596430e-01 2.812015e-01 -8.262007e-01 9.912702e-02 -2.801332e-01 9.548294e-01 1.171996e+01
9.949455e-01 8.961749e-03 1.000152e-01 3.669755e+01 1.945754e-02 9.599265e-01 -2.795756e-01 -8.373950e-01 -9.851273e-02 2.801085e-01 9.549002e-01 1.174271e+01
9.943366e-01 2.082189e-02 -1.042171e-01 3.685888e+01 8.753908e-03 9.612409e-01 2.755708e-01 -8.501380e-01 1.059156e-01 -2.749224e-01 9.556147e-01 1.171432e+01
9.947178e-01 9.800373e-03 1.021782e-01 3.696946e+01 1.911284e-02 9.603398e-01 -2.781765e-01 -8.618910e-01 -1.008520e-01 2.786600e-01 9.550798e-01 1.173118e+01
9.943293e-01 1.958809e-02 -1.045251e-01 3.705702e+01 9.964100e-03 9.614055e-01 2.749549e-01 -8.728905e-01 1.058769e-01 -2.744372e-01 9.557585e-01 1.177078e+01
9.945409e-01 1.212833e-02 1.036398e-01 3.713881e+01 1.726424e-02 9.604084e-01 -2.780605e-01 -8.841040e-01 -1.029090e-01 2.783318e-01 9.549561e-01 1.181891e+01
9.942771e-01 2.056471e-02 -1.048336e-01 3.724319e+01 9.197620e-03 9.611760e-01 2.757826e-01 -8.952618e-01 1.064350e-01 -2.751685e-01 9.554862e-01 1.185144e+01
9.951250e-01 3.233180e-03 9.856861e-02 3.728932e+01 2.385359e-02 9.618964e-01 -2.723716e-01 -9.050895e-01 -9.569342e-02 2.733950e-01 9.571301e-01 1.194985e+01
9.950045e-01 2.614390e-02 -9.634601e-02 3.730931e+01 1.224162e-03 9.618316e-01 2.736395e-01 -9.142720e-01 9.982264e-02 -2.723904e-01 9.569947e-01 1.206634e+01
9.949628e-01 2.306695e-03 1.002183e-01 3.738551e+01 2.603443e-02 9.594855e-01 -2.805527e-01 -9.255323e-01 -9.680519e-02 2.817486e-01 9.545923e-01 1.211595e+01
9.944909e-01 2.383336e-02 -1.020780e-01 3.741522e+01 5.300167e-03 9.611306e-01 2.760432e-01 -9.353037e-01 1.046893e-01 -2.750635e-01 9.557093e-01 1.223790e+01
9.945779e-01 8.931162e-03 1.036096e-01 3.746912e+01 2.008801e-02 9.610417e-01 -2.756724e-01 -9.451683e-01 -1.020352e-01 2.762590e-01 9.556515e-01 1.230956e+01
9.940878e-01 1.999581e-02 -1.067223e-01 3.758266e+01 1.007451e-02 9.616704e-01 2.740227e-01 -9.566240e-01 1.081109e-01 -2.734778e-01 9.557834e-01 1.233053e+01
9.949453e-01 1.587261e-02 9.915585e-02 3.778463e+01 1.178391e-02 9.621515e-01 -2.722602e-01 -9.687486e-01 -9.972443e-02 2.720525e-01 9.571011e-01 1.230290e+01
9.957690e-01 1.728855e-03 -9.187580e-02 3.794067e+01 2.283812e-02 9.637962e-01 2.656603e-01 -9.803782e-01 8.900883e-02 -2.666346e-01 9.596788e-01 1.231990e+01
9.961127e-01 2.555649e-02 8.429917e-02 3.805126e+01 -2.036788e-03 9.634152e-01 -2.680055e-01 -9.917361e-01 -8.806439e-02 2.667920e-01 9.597222e-01 1.233721e+01
9.956256e-01 -2.520054e-03 -9.339842e-02 3.815305e+01 2.707632e-02 9.645225e-01 2.626086e-01 -1.003602e+00 8.942308e-02 -2.639887e-01 9.603715e-01 1.237939e+01
9.955660e-01 3.146325e-02 8.864743e-02 3.827002e+01 -6.606589e-03 9.634626e-01 -2.677615e-01 -1.015096e+00 -9.383313e-02 2.659886e-01 9.593985e-01 1.239805e+01
9.950874e-01 -5.101196e-03 -9.886872e-02 3.842061e+01 3.146070e-02 9.631976e-01 2.669468e-01 -1.026739e+00 9.386837e-02 -2.687459e-01 9.586263e-01 1.239216e+01
9.957613e-01 2.916101e-02 8.723014e-02 3.855206e+01 -4.287007e-03 9.620925e-01 -2.726896e-01 -1.038667e+00 -9.187537e-02 2.711598e-01 9.581395e-01 1.240652e+01
9.958876e-01 1.356924e-04 -9.059703e-02 3.865797e+01 2.425695e-02 9.630893e-01 2.680869e-01 -1.049984e+00 8.728941e-02 -2.691820e-01 9.591254e-01 1.245057e+01
9.961998e-01 2.140408e-02 8.442604e-02 3.880729e+01 2.275716e-03 9.626057e-01 -2.708969e-01 -1.061807e+00 -8.706728e-02 2.700596e-01 9.588989e-01 1.244571e+01
9.956169e-01 -2.355683e-03 -9.349542e-02 3.895606e+01 2.700547e-02 9.643416e-01 2.632794e-01 -1.074186e+00 8.954132e-02 -2.646503e-01 9.601784e-01 1.243181e+01
9.936551e-01 5.411651e-02 9.859505e-02 3.914139e+01 -2.787736e-02 9.677822e-01 -2.502409e-01 -1.084536e+00 -1.089607e-01 2.459046e-01 9.631503e-01 1.248324e+01
9.923409e-01 -5.079862e-02 -1.126009e-01 3.945819e+01 7.635517e-02 9.687840e-01 2.358549e-01 -1.096754e+00 9.710482e-02 -2.426462e-01 9.652427e-01 1.251310e+01
9.937035e-01 6.896408e-02 8.830269e-02 3.961377e+01 -4.522950e-02 9.679619e-01 -2.469901e-01 -1.108900e+00 -1.025071e-01 2.414411e-01 9.649863e-01 1.250317e+01
9.932840e-01 -4.597774e-02 -1.061739e-01 3.966471e+01 7.015831e-02 9.690433e-01 2.367128e-01 -1.119769e+00 9.200357e-02 -2.425720e-01 9.657609e-01 1.257792e+01
9.932879e-01 7.045941e-02 9.173132e-02 3.971634e+01 -4.619127e-02 9.687009e-01 -2.438955e-01 -1.129963e+00 -1.060449e-01 2.380213e-01 9.654534e-01 1.265241e+01
9.925803e-01 -5.075209e-02 -1.104928e-01 3.980372e+01 7.543129e-02 9.697414e-01 2.321889e-01 -1.140514e+00 9.536541e-02 -2.388007e-01 9.663745e-01 1.270519e+01
9.927855e-01 7.645151e-02 9.236991e-02 3.991193e+01 -5.208307e-02 9.688520e-01 -2.421015e-01 -1.151431e+00 -1.080018e-01 2.355439e-01 9.658440e-01 1.273189e+01
9.915419e-01 -5.980223e-02 -1.151883e-01 3.998562e+01 8.516268e-02 9.695198e-01 2.297361e-01 -1.162045e+00 9.793865e-02 -2.376027e-01 9.664124e-01 1.280324e+01
9.918829e-01 8.567818e-02 9.395472e-02 4.005211e+01 -6.095912e-02 9.688647e-01 -2.399693e-01 -1.172948e+00 -1.115895e-01 2.322940e-01 9.662232e-01 1.286711e+01
9.911523e-01 -6.589317e-02 -1.152180e-01 4.015012e+01 9.109970e-02 9.690400e-01 2.294829e-01 -1.182024e+00 9.652952e-02 -2.379488e-01 9.664690e-01 1.299876e+01
9.907279e-01 9.822401e-02 9.386318e-02 4.029029e+01 -7.296958e-02 9.674722e-01 -2.422250e-01 -1.191622e+00 -1.146023e-01 2.331299e-01 9.656691e-01 1.314528e+01
9.906461e-01 -6.948284e-02 -1.174411e-01 4.038084e+01 9.472013e-02 9.696766e-01 2.252895e-01 -1.203045e+00 9.822610e-02 -2.343062e-01 9.671878e-01 1.318980e+01
9.909482e-01 9.264082e-02 9.715666e-02 4.045998e+01 -6.711982e-02 9.686802e-01 -2.390682e-01 -1.212998e+00 -1.162612e-01 2.303830e-01 9.661299e-01 1.325662e+01
9.894010e-01 -7.562689e-02 -1.239604e-01 4.052447e+01 1.016036e-01 9.704425e-01 2.189018e-01 -1.222591e+00 1.037416e-01 -2.291765e-01 9.678408e-01 1.335364e+01
9.891715e-01 1.045246e-01 1.030261e-01 4.057739e+01 -7.832420e-02 9.696236e-01 -2.317225e-01 -1.232595e+00 -1.241173e-01 2.211439e-01 9.673109e-01 1.343055e+01
9.887391e-01 -7.975095e-02 -1.266283e-01 4.062839e+01 1.057482e-01 9.710659e-01 2.141220e-01 -1.242651e+00 1.058880e-01 -2.251016e-01 9.685644e-01 1.351072e+01
9.890477e-01 1.078994e-01 1.007096e-01 4.067841e+01 -8.212381e-02 9.692584e-01 -2.319350e-01 -1.252466e+00 -1.226392e-01 2.211241e-01 9.675039e-01 1.359451e+01
9.886721e-01 -8.403016e-02 -1.243642e-01 4.074155e+01 1.095229e-01 9.704606e-01 2.149675e-01 -1.263145e+00 1.026268e-01 -2.261531e-01 9.686705e-01 1.365946e+01
9.889734e-01 1.089262e-01 1.003328e-01 4.078769e+01 -8.359239e-02 9.698435e-01 -2.289452e-01 -1.273149e+00 -1.222452e-01 2.180337e-01 9.682548e-01 1.373635e+01
9.870816e-01 -9.266511e-02 -1.307020e-01 4.087903e+01 1.192758e-01 9.696767e-01 2.133080e-01 -1.282916e+00 1.069725e-01 -2.261420e-01 9.682028e-01 1.380573e+01
9.872737e-01 1.205580e-01 1.037132e-01 4.089428e+01 -9.451785e-02 9.692998e-01 -2.269896e-01 -1.292017e+00 -1.278946e-01 2.142981e-01 9.683591e-01 1.393193e+01
9.869995e-01 -9.354166e-02 -1.306978e-01 4.103728e+01 1.200739e-01 9.697017e-01 2.127458e-01 -1.303611e+00 1.068373e-01 -2.256734e-01 9.683271e-01 1.392275e+01
9.881050e-01 1.170486e-01 9.974042e-02 4.127149e+01 -9.258012e-02 9.706578e-01 -2.219285e-01 -1.317011e+00 -1.227902e-01 2.100547e-01 9.699482e-01 1.384338e+01
9.864005e-01 -1.016511e-01 -1.291552e-01 4.144969e+01 1.275846e-01 9.689501e-01 2.117968e-01 -1.329898e+00 1.036156e-01 -2.253947e-01 9.687420e-01 1.380435e+01
9.894087e-01 1.128172e-01 9.133807e-02 4.162557e+01 -8.815300e-02 9.669141e-01 -2.393871e-01 -1.342744e+00 -1.153230e-01 2.287999e-01 9.666184e-01 1.380012e+01
9.892927e-01 -8.975662e-02 -1.150811e-01 4.165525e+01 1.139484e-01 9.677221e-01 2.247882e-01 -1.352842e+00 9.119027e-02 -2.354946e-01 9.675880e-01 1.392481e+01
9.882990e-01 1.195184e-01 9.476472e-02 4.158927e+01 -9.410655e-02 9.667381e-01 -2.378265e-01 -1.353567e+00 -1.200373e-01 2.261257e-01 9.666738e-01 1.429194e+01
9.855147e-01 -1.098905e-01 -1.291695e-01 4.159451e+01 1.370786e-01 9.646184e-01 2.252129e-01 -1.355203e+00 9.985055e-02 -2.396570e-01 9.657093e-01 1.451563e+01
9.899506e-01 1.103657e-01 8.841513e-02 4.195888e+01 -8.567301e-02 9.654908e-01 -2.459424e-01 -1.371244e+00 -1.125076e-01 2.358960e-01 9.652436e-01 1.433511e+01
9.889226e-01 -9.087150e-02 -1.173644e-01 4.204182e+01 1.162544e-01 9.657952e-01 2.317855e-01 -1.383164e+00 9.228733e-02 -2.428620e-01 9.656610e-01 1.438370e+01
9.870720e-01 1.292839e-01 9.473375e-02 4.221608e+01 -1.024592e-01 9.634992e-01 -2.473284e-01 -1.395954e+00 -1.232515e-01 2.344246e-01 9.642895e-01 1.437060e+01
9.864169e-01 -1.150289e-01 -1.172606e-01 4.239679e+01 1.406725e-01 9.601557e-01 2.414795e-01 -1.407856e+00 8.481130e-02 -2.546948e-01 9.632952e-01 1.437842e+01
9.908929e-01 1.177436e-01 6.532701e-02 4.259000e+01 -9.455505e-02 9.538586e-01 -2.849791e-01 -1.420669e+00 -9.586720e-02 2.762067e-01 9.563050e-01 1.442507e+01
9.868736e-01 -1.234448e-01 -1.041241e-01 4.279398e+01 1.461472e-01 9.569985e-01 2.505888e-01 -1.432811e+00 6.871271e-02 -2.625170e-01 9.624777e-01 1.447513e+01
9.871071e-01 1.463846e-01 6.473858e-02 4.281547e+01 -1.244705e-01 9.563158e-01 -2.645130e-01 -1.442391e+00 -1.006312e-01 2.530447e-01 9.622067e-01 1.458243e+01
9.841851e-01 -1.338793e-01 -1.160003e-01 4.298740e+01 1.599214e-01 9.531504e-01 2.567674e-01 -1.453619e+00 7.618992e-02 -2.712575e-01 9.594866e-01 1.455952e+01
9.846097e-01 1.589052e-01 7.275203e-02 4.309891e+01 -1.338088e-01 9.532131e-01 -2.710720e-01 -1.464953e+00 -1.124229e-01 2.571653e-01 9.598058e-01 1.462599e+01
9.844814e-01 -1.280121e-01 -1.200390e-01 4.314303e+01 1.549278e-01 9.552732e-01 2.518938e-01 -1.474429e+00 8.242457e-02 -2.665821e-01 9.602813e-01 1.476310e+01
9.842951e-01 1.575889e-01 7.955450e-02 4.313021e+01 -1.309446e-01 9.540094e-01 -2.696658e-01 -1.481689e+00 -1.183921e-01 2.550135e-01 9.596621e-01 1.494871e+01
9.828963e-01 -1.342803e-01 -1.260303e-01 4.316373e+01 1.627237e-01 9.537010e-01 2.529335e-01 -1.490789e+00 8.623119e-02 -2.691156e-01 9.592398e-01 1.507063e+01
9.836624e-01 1.649190e-01 7.217990e-02 4.320324e+01 -1.384927e-01 9.494058e-01 -2.818660e-01 -1.498429e+00 -1.150131e-01 2.672646e-01 9.567349e-01 1.522245e+01
9.836420e-01 -1.368950e-01 -1.170816e-01 4.319652e+01 1.636901e-01 9.506014e-01 2.637470e-01 -1.506577e+00 7.519227e-02 -2.785977e-01 9.574599e-01 1.538455e+01
9.845008e-01 1.613571e-01 6.871771e-02 4.321657e+01 -1.362719e-01 9.504472e-01 -2.794282e-01 -1.515463e+00 -1.104003e-01 2.657330e-01 9.577044e-01 1.552019e+01
9.851711e-01 -1.332597e-01 -1.080728e-01 4.334732e+01 1.568780e-01 9.546946e-01 2.528785e-01 -1.525937e+00 6.947801e-02 -2.660829e-01 9.614430e-01 1.554923e+01
9.865356e-01 1.413157e-01 8.232444e-02 4.342107e+01 -1.139345e-01 9.549733e-01 -2.739434e-01 -1.535255e+00 -1.173301e-01 2.608754e-01 9.582159e-01 1.566297e+01
9.857754e-01 -1.126880e-01 -1.246923e-01 4.346519e+01 1.412776e-01 9.574628e-01 2.516061e-01 -1.543679e+00 9.103526e-02 -2.656434e-01 9.597636e-01 1.578893e+01
9.859632e-01 1.421402e-01 8.759453e-02 4.346158e+01 -1.143367e-01 9.571242e-01 -2.661586e-01 -1.552200e+00 -1.216707e-01 2.524073e-01 9.599410e-01 1.594209e+01
9.857925e-01 -1.127741e-01 -1.244797e-01 4.347505e+01 1.411235e-01 9.579842e-01 2.497007e-01 -1.561192e+00 9.108981e-02 -2.637201e-01 9.602887e-01 1.606834e+01
9.860099e-01 1.422020e-01 8.696607e-02 4.352575e+01 -1.141053e-01 9.561508e-01 -2.697326e-01 -1.571113e+00 -1.215092e-01 2.560357e-01 9.590001e-01 1.615049e+01
9.854799e-01 -1.167013e-01 -1.233299e-01 4.356493e+01 1.448515e-01 9.568068e-01 2.520690e-01 -1.581329e+00 8.858615e-02 -2.662735e-01 9.598182e-01 1.624083e+01
9.858667e-01 1.446301e-01 8.455121e-02 4.357528e+01 -1.174339e-01 9.565338e-01 -2.669313e-01 -1.590808e+00 -1.194824e-01 2.532295e-01 9.599994e-01 1.636563e+01
9.856578e-01 -1.162970e-01 -1.222853e-01 4.358186e+01 1.440508e-01 9.572924e-01 2.506805e-01 -1.599707e+00 8.790936e-02 -2.647004e-01 9.603154e-01 1.649753e+01
9.852938e-01 1.482180e-01 8.501549e-02 4.357618e+01 -1.206978e-01 9.559081e-01 -2.677157e-01 -1.607736e+00 -1.209473e-01 2.535174e-01 9.597399e-01 1.665819e+01
9.852657e-01 -1.190058e-01 -1.228378e-01 4.356935e+01 1.466633e-01 9.573699e-01 2.488631e-01 -1.615535e+00 8.798507e-02 -2.632121e-01 9.607175e-01 1.682773e+01
9.853882e-01 1.476696e-01 8.487457e-02 4.358457e+01 -1.202910e-01 9.561577e-01 -2.670068e-01 -1.624190e+00 -1.205822e-01 2.528957e-01 9.599498e-01 1.696326e+01
9.848924e-01 -1.214955e-01 -1.233927e-01 4.359914e+01 1.494032e-01 9.564519e-01 2.507558e-01 -1.633645e+00 8.755347e-02 -2.654028e-01 9.601540e-01 1.708633e+01
9.851595e-01 1.495364e-01 8.425944e-02 4.358185e+01 -1.226742e-01 9.567735e-01 -2.636959e-01 -1.641128e+00 -1.200493e-01 2.494460e-01 9.609188e-01 1.726853e+01
9.899403e-01 -1.164522e-01 -8.035625e-02 4.317492e+01 1.319587e-01 9.648062e-01 2.274555e-01 -1.605738e+00 5.104052e-02 -2.357710e-01 9.704674e-01 1.899805e+01
9.960275e-01 5.313708e-02 7.145353e-02 4.256022e+01 -2.611465e-02 9.414633e-01 -3.361024e-01 -1.547630e+00 -8.513038e-02 3.329013e-01 9.391111e-01 2.091985e+01
9.962365e-01 -1.821857e-02 -8.474020e-02 4.253313e+01 4.510937e-02 9.438048e-01 3.274105e-01 -1.552093e+00 7.401326e-02 -3.300008e-01 9.410746e-01 2.115354e+01
9.965086e-01 4.737412e-02 6.874743e-02 4.255715e+01 -2.156028e-02 9.415150e-01 -3.362807e-01 -1.559311e+00 -8.065774e-02 3.336244e-01 9.392492e-01 2.130287e+01
9.961023e-01 -2.537535e-02 -8.447683e-02 4.265104e+01 5.137144e-02 9.454293e-01 3.217522e-01 -1.569539e+00 7.170229e-02 -3.248378e-01 9.430478e-01 2.136228e+01
9.961655e-01 5.877620e-02 6.480439e-02 4.282131e+01 -3.439848e-02 9.441925e-01 -3.275931e-01 -1.581252e+00 -8.044250e-02 3.241078e-01 9.425938e-01 2.132909e+01
9.955875e-01 -3.892409e-02 -8.538430e-02 4.304783e+01 6.510820e-02 9.417916e-01 3.298326e-01 -1.594322e+00 6.757578e-02 -3.339364e-01 9.401702e-01 2.125465e+01
9.899438e-01 8.761991e-02 1.110589e-01 4.190119e+01 -2.936844e-02 8.952746e-01 -4.445457e-01 -1.445293e+00 -1.383793e-01 4.368137e-01 8.888448e-01 2.652089e+01
8.037634e-01 -5.876128e-01 9.314253e-02 3.982667e+01 5.849647e-01 8.090910e-01 5.646196e-02 -1.221977e+00 -1.085386e-01 9.103036e-03 9.940506e-01 3.238521e+01
7.991389e-01 5.903545e-01 -1.133953e-01 3.996770e+01 -5.931564e-01 8.050142e-01 1.084164e-02 -1.233184e+00 9.768521e-02 5.859715e-02 9.934908e-01 3.239259e+01
7.955054e-01 -5.993445e-01 8.920387e-02 4.015756e+01 5.961992e-01 8.004798e-01 6.147122e-02 -1.245523e+00 -1.082483e-01 4.282589e-03 9.941147e-01 3.238715e+01
7.947126e-01 5.957658e-01 -1.161674e-01 4.023772e+01 -5.998449e-01 8.001163e-01 -1.927743e-04 -1.256740e+00 9.283260e-02 6.983564e-02 9.932296e-01 3.244870e+01
7.948875e-01 -6.001215e-01 8.948752e-02 4.023548e+01 5.962526e-01 7.999085e-01 6.803800e-02 -1.265043e+00 -1.124129e-01 -7.253887e-04 9.936613e-01 3.261845e+01
7.932311e-01 5.981950e-01 -1.137858e-01 4.025229e+01 -6.021001e-01 7.984206e-01 5.868291e-05 -1.272975e+00 9.088405e-02 6.846391e-02 9.935053e-01 3.276173e+01
7.944323e-01 -6.005241e-01 9.081914e-02 4.038056e+01 5.971159e-01 7.995994e-01 6.398004e-02 -1.284987e+00 -1.110405e-01 3.401740e-03 9.938101e-01 3.277357e+01
7.946899e-01 5.957004e-01 -1.166577e-01 4.042421e+01 -5.995385e-01 8.003413e-01 2.712590e-03 -1.295724e+00 9.498184e-02 6.778510e-02 9.931685e-01 3.286941e+01
7.975029e-01 -5.954771e-01 9.693346e-02 4.047778e+01 5.915381e-01 8.033675e-01 6.843502e-02 -1.305457e+00 -1.186247e-01 2.762709e-03 9.929353e-01 3.295055e+01
7.956692e-01 5.932385e-01 -1.223872e-01 4.059842e+01 -5.972510e-01 8.020401e-01 4.794925e-03 -1.316927e+00 1.010040e-01 6.928070e-02 9.924708e-01 3.296789e+01
7.977179e-01 -5.949946e-01 9.812087e-02 4.072624e+01 5.914099e-01 8.037088e-01 6.547111e-02 -1.328523e+00 -1.178156e-01 5.802181e-03 9.930185e-01 3.298003e+01
7.975129e-01 5.915724e-01 -1.183862e-01 4.081254e+01 -5.950397e-01 8.036625e-01 7.371832e-03 -1.339190e+00 9.950352e-02 6.456537e-02 9.929403e-01 3.304368e+01
7.985939e-01 -5.928652e-01 1.037241e-01 4.094208e+01 5.906160e-01 8.051072e-01 5.454518e-02 -1.349529e+00 -1.158470e-01 1.770168e-02 9.931093e-01 3.310589e+01
8.136245e-01 5.696815e-01 -1.160956e-01 4.126141e+01 -5.673487e-01 8.216047e-01 5.550800e-02 -1.363215e+00 1.270065e-01 2.070400e-02 9.916858e-01 3.295612e+01
8.102099e-01 -5.743906e-01 1.167709e-01 4.162399e+01 5.766485e-01 8.168188e-01 1.684243e-02 -1.378659e+00 -1.050548e-01 5.368984e-02 9.930161e-01 3.278754e+01
8.102709e-01 5.772988e-01 -1.009312e-01 4.185129e+01 -5.739586e-01 8.165000e-01 6.244415e-02 -1.391903e+00 1.184593e-01 7.333658e-03 9.929318e-01 3.271454e+01
7.973283e-01 -5.951296e-01 1.004403e-01 4.197190e+01 5.975609e-01 8.017917e-01 7.146558e-03 -1.403170e+00 -8.478533e-02 5.432104e-02 9.949174e-01 3.274086e+01
7.956303e-01 6.009253e-01 -7.655883e-02 4.209349e+01 -5.985994e-01 7.992966e-01 5.294988e-02 -1.415553e+00 9.301213e-02 3.699536e-03 9.956581e-01 3.277846e+01
7.978501e-01 -5.959729e-01 9.083810e-02 4.224818e+01 5.986550e-01 8.010018e-01 -2.879051e-03 -1.427558e+00 -7.104565e-02 5.667773e-02 9.958615e-01 3.276784e+01
7.965015e-01 5.997510e-01 -7.670813e-02 4.242704e+01 -5.968406e-01 8.001857e-01 5.902589e-02 -1.440205e+00 9.678158e-02 -1.231680e-03 9.953049e-01 3.273078e+01
7.898124e-01 -6.066616e-01 9.032265e-02 4.257474e+01 6.096578e-01 7.926314e-01 -7.266037e-03 -1.452693e+00 -6.718454e-02 6.080472e-02 9.958860e-01 3.272956e+01
7.972486e-01 5.993616e-01 -7.183507e-02 4.270462e+01 -5.963092e-01 8.004593e-01 6.066490e-02 -1.463893e+00 9.386126e-02 -5.529094e-03 9.955699e-01 3.275923e+01
7.881697e-01 -6.079731e-01 9.569323e-02 4.284801e+01 6.115915e-01 7.910941e-01 -1.122279e-02 -1.474945e+00 -6.887920e-02 6.737063e-02 9.953476e-01 3.279867e+01
7.908534e-01 6.070551e-01 -7.768491e-02 4.296833e+01 -6.030562e-01 7.946134e-01 7.009119e-02 -1.487029e+00 1.042787e-01 -8.583495e-03 9.945111e-01 3.282447e+01
7.917117e-01 -6.016516e-01 1.058677e-01 4.305459e+01 6.058781e-01 7.954931e-01 -1.011695e-02 -1.497978e+00 -7.813014e-02 7.215262e-02 9.943288e-01 3.288014e+01
7.924814e-01 6.042359e-01 -8.289871e-02 4.313616e+01 -5.999231e-01 7.967682e-01 7.247506e-02 -1.508929e+00 1.098431e-01 -7.702283e-03 9.939191e-01 3.293678e+01
7.925067e-01 -6.000134e-01 1.091650e-01 4.325099e+01 6.046779e-01 7.963700e-01 -1.262896e-02 -1.520504e+00 -7.935822e-02 7.601822e-02 9.939434e-01 3.296447e+01
7.950199e-01 6.002630e-01 -8.733644e-02 4.337104e+01 -5.953681e-01 7.997490e-01 7.706084e-02 -1.532223e+00 1.161040e-01 -9.267570e-03 9.931938e-01 3.298463e+01
7.941013e-01 -5.971711e-01 1.130917e-01 4.346991e+01 6.022677e-01 7.981657e-01 -1.432551e-02 -1.543390e+00 -8.171111e-02 7.948737e-02 9.934813e-01 3.303203e+01
7.965578e-01 5.981867e-01 -8.756880e-02 4.358892e+01 -5.927170e-01 8.012473e-01 8.178848e-02 -1.554854e+00 1.190890e-01 -1.324574e-02 9.927952e-01 3.306753e+01
7.958683e-01 -5.942058e-01 1.162462e-01 4.369511e+01 5.998957e-01 7.998635e-01 -1.853337e-02 -1.566224e+00 -8.196845e-02 8.448571e-02 9.930475e-01 3.310887e+01
