1.000000e+00 1.197624e-11 1.704639e-10 3.214096e-14 1.197625e-11 1.000000e+00 3.562503e-10 -1.998401e-15 1.704639e-10 3.562503e-10 1.000000e+00 -4.041212e-14 0.000000e+00 0.000000e+00 0.000000e+00 1.000000e+00
7.990545e-01 -1.530033e-01 -5.814653e-01 3.317694e-01 4.305055e-01 8.207025e-01 3.756494e-01 -5.025463e-05 4.197344e-01 -5.504884e-01 7.216548e-01 6.483328e-02
9.572050e-01 2.853475e-01 -4.832579e-02 9.381305e-01 -2.790749e-01 8.658348e-01 -4.152678e-01 -9.090174e-06 -7.665347e-02 4.109829e-01 9.084147e-01 -7.055515e-02
9.053204e-01 -2.520570e-01 -3.418512e-01 1.199996e+00 3.691421e-01 8.650342e-01 3.397793e-01 6.931648e-04 2.100692e-01 -4.338008e-01 8.761780e-01 -4.523969e-02
9.619366e-01 2.715071e-01 3.101397e-02 1.287720e+00 -2.641830e-01 9.529597e-01 -1.485771e-01 -3.198826e-03 -6.989481e-02 1.347284e-01 9.884144e-01 1.081100e-01
8.679272e-01 -1.793801e-01 -4.631686e-01 1.417154e+00 3.067203e-01 9.270287e-01 2.157323e-01 -4.800625e-03 3.906725e-01 -3.293031e-01 8.596130e-01 2.959739e-01
9.199088e-01 3.612960e-01 1.524235e-01 1.587382e+00 -3.203618e-01 9.165981e-01 -2.391991e-01 -6.579001e-03 -2.261328e-01 1.712107e-01 9.589321e-01 5.129150e-01
4.891376e-01 -2.348717e-01 -8.399879e-01 2.043187e+00 6.889762e-01 6.946009e-01 2.069817e-01 -7.103027e-03 5.348422e-01 -6.799742e-01 5.015764e-01 5.178843e-01
8.100799e-01 5.378211e-01 2.334932e-01 2.955777e+00 -3.798571e-01 7.847694e-01 -4.897403e-01 -4.079429e-03 -4.466310e-01 3.080347e-01 8.400211e-01 4.078873e-01
3.045476e-01 -4.729658e-01 -8.267733e-01 3.857857e+00 8.412684e-01 5.406173e-01 6.202176e-04 -2.439615e-03 4.466747e-01 -6.957271e-01 5.625349e-01 2.098812e-01
7.507666e-01 6.223171e-01 2.215197e-01 4.725660e+00 -5.503059e-01 7.747301e-01 -3.113787e-01 -2.697641e-04 -3.653943e-01 1.118692e-01 9.241062e-01 2.053207e-02
1.469310e-01 -6.320935e-01 -7.608344e-01 5.809435e+00 8.411584e-01 4.845559e-01 -2.401211e-01 2.821396e-03 5.204458e-01 -6.047010e-01 6.028871e-01 -2.889340e-01
5.663732e-01 6.889841e-01 4.522415e-01 6.876912e+00 -6.546713e-01 7.094466e-01 -2.609426e-01 7.391713e-03 -5.006264e-01 -1.482786e-01 8.528696e-01 -5.625764e-01
1.185506e-01 -7.317122e-01 -6.712250e-01 7.592669e+00 6.608583e-01 5.626711e-01 -4.966564e-01 6.754834e-03 7.410884e-01 -3.847057e-01 5.502630e-01 -6.842471e-01
5.075996e-01 5.746998e-01 6.419211e-01 8.324291e+00 -6.986559e-01 7.105477e-01 -8.367723e-02 6.648345e-03 -5.042049e-01 -4.060074e-01 7.621912e-01 -8.088036e-01
7.986456e-02 -6.797576e-01 -7.290756e-01 9.001479e+00 5.140200e-01 6.547502e-01 -5.541530e-01 4.366080e-03 8.540522e-01 -3.305023e-01 4.017003e-01 -9.431746e-01
5.228485e-01 3.405565e-01 7.814414e-01 9.569915e+00 -5.864693e-01 8.089914e-01 3.983309e-02 9.963310e-04 -6.186140e-01 -4.791180e-01 6.227059e-01 -9.821672e-01
5.009067e-01 -5.868358e-01 -6.361731e-01 9.888224e+00 1.617405e-01 7.855540e-01 -5.972813e-01 -1.370881e-03 8.502543e-01 1.962873e-01 4.884044e-01 -7.365570e-01
6.570483e-01 1.775314e-01 7.326460e-01 1.005675e+01 -5.513279e-01 7.759850e-01 3.064063e-01 -5.328495e-03 -5.141255e-01 -6.052520e-01 6.077376e-01 -5.557994e-01
4.979095e-01 -4.917065e-01 -7.143605e-01 1.013026e+01 7.837261e-02 8.458695e-01 -5.276007e-01 -9.829370e-03 8.636804e-01 2.067111e-01 4.597028e-01 -3.832349e-01
7.899472e-01 -7.312829e-02 6.087986e-01 1.031923e+01 -3.135587e-01 8.050515e-01 5.035604e-01 -1.299244e-02 -5.269387e-01 -5.886802e-01 6.130181e-01 -2.930181e-01
5.582982e-01 -2.383954e-01 -7.946514e-01 1.055014e+01 -2.973432e-01 8.366994e-01 -4.599142e-01 -1.507093e-02 7.745258e-01 4.930534e-01 3.962425e-01 -2.136432e-01
7.305586e-01 -6.807716e-01 5.323694e-02 1.108588e+01 4.399876e-01 5.289167e-01 7.257121e-01 -1.367761e-02 -5.222021e-01 -5.067516e-01 6.859357e-01 -3.440095e-01
4.412873e-01 3.427683e-01 -8.293223e-01 1.199506e+01 -6.094943e-01 7.927834e-01 3.350899e-03 -1.161451e-02 6.586215e-01 5.039885e-01 5.587605e-01 -5.518888e-01
5.114366e-01 -7.861264e-01 3.470417e-01 1.308973e+01 6.838566e-01 6.168920e-01 3.895952e-01 -9.838794e-03 -5.203583e-01 3.807347e-02 8.530989e-01 -7.725842e-01
1.730318e-01 5.325005e-01 -8.285549e-01 1.403295e+01 -5.301207e-01 7.593463e-01 3.773131e-01 -7.258253e-03 8.300795e-01 3.739470e-01 4.136806e-01 -9.392297e-01
4.358279e-01 -7.694430e-01 4.669171e-01 1.481297e+01 8.568160e-01 5.135231e-01 4.648021e-02 -6.209006e-03 -2.755366e-01 3.798047e-01 8.830787e-01 -1.141963e+00
3.713229e-01 7.819191e-01 -5.007213e-01 1.565862e+01 -1.544629e-01 5.837831e-01 7.970812e-01 -2.900904e-03 9.155657e-01 -2.186317e-01 3.375496e-01 -1.387741e+00
8.430842e-01 -2.645628e-01 4.682046e-01 1.645011e+01 5.351464e-01 4.988067e-01 -6.817699e-01 1.281093e-03 -5.317257e-02 8.253474e-01 5.621159e-01 -1.566359e+00
6.338780e-01 4.890559e-01 -5.991853e-01 1.714532e+01 4.782606e-01 3.609923e-01 8.005944e-01 6.471270e-03 6.078367e-01 -7.940459e-01 -5.071066e-03 -1.690466e+00
8.703977e-01 4.396657e-01 2.215894e-01 1.772102e+01 3.131687e-02 3.997148e-01 -9.161045e-01 8.951017e-03 -4.913522e-01 8.043147e-01 3.341419e-01 -1.790514e+00
6.278499e-01 9.821361e-02 -7.721131e-01 1.805630e+01 6.537654e-01 4.717743e-01 5.916248e-01 9.214255e-03 4.223687e-01 -8.762324e-01 2.319948e-01 -1.732205e+00
7.078804e-01 6.660542e-01 2.351109e-01 1.828434e+01 -2.722287e-01 5.644141e-01 -7.793127e-01 9.067701e-03 -6.517644e-01 4.876563e-01 5.808567e-01 -1.606880e+00
3.306144e-01 -1.208290e-01 -9.359992e-01 1.847050e+01 8.480059e-01 4.733248e-01 2.384314e-01 9.890568e-03 4.142222e-01 -8.725617e-01 2.589517e-01 -1.372658e+00
4.314938e-01 8.391581e-01 3.310995e-01 1.872068e+01 -4.799452e-01 5.243147e-01 -7.033823e-01 6.568188e-03 -7.638493e-01 1.445955e-01 6.289884e-01 -1.244957e+00
1.369480e-01 -3.779946e-01 -9.156229e-01 1.891046e+01 8.249234e-01 5.552472e-01 -1.058392e-01 6.864973e-03 5.484037e-01 -7.408243e-01 3.878566e-01 -1.096180e+00
1.555794e-01 7.914531e-01 5.910981e-01 1.895859e+01 -5.673046e-01 5.614525e-01 -6.024422e-01 1.401055e-03 -8.086783e-01 -2.416051e-01 5.363454e-01 -8.380244e-01
-3.543531e-01 -2.385612e-01 -9.041695e-01 1.908210e+01 7.335420e-01 5.287643e-01 -4.269946e-01 2.707239e-03 5.799569e-01 -8.145532e-01 -1.237456e-02 -5.707773e-01
1.023465e-01 6.181634e-01 7.793582e-01 1.924404e+01 -5.192021e-01 7.014826e-01 -4.882124e-01 6.242378e-03 -8.485012e-01 -3.546776e-01 3.927461e-01 -2.369921e-01
-5.223647e-01 -4.075448e-01 -7.490276e-01 1.969012e+01 3.281869e-01 7.146489e-01 -6.177138e-01 9.411445e-03 7.870378e-01 -5.684929e-01 -2.395565e-01 -1.563292e-01
-4.579592e-01 2.598453e-01 8.501493e-01 1.988678e+01 -6.299240e-01 5.799437e-01 -5.165859e-01 5.565367e-03 -6.272712e-01 -7.721047e-01 -1.019078e-01 4.967787e-02
-5.147189e-01 -5.886223e-01 -6.233685e-01 1.988345e+01 1.179083e-01 6.715726e-01 -7.314971e-01 9.635254e-05 8.492127e-01 -4.500156e-01 -2.762676e-01 3.259194e-01
-2.811386e-01 2.315529e-01 9.313132e-01 2.038096e+01 -6.992006e-01 6.152931e-01 -3.640507e-01 4.730896e-03 -6.573276e-01 -7.535235e-01 -1.108070e-02 3.525676e-01
-3.567974e-01 -6.345169e-01 -6.856266e-01 2.038189e+01 8.845873e-02 7.076871e-01 -7.009665e-01 -3.727127e-04 9.299842e-01 -3.107527e-01 -1.963724e-01 6.361919e-01
-2.106242e-01 -3.014889e-02 9.771021e-01 2.038554e+01 -6.992347e-01 7.031513e-01 -1.290311e-01 -5.596352e-03 -6.831605e-01 -7.104008e-01 -1.691818e-01 9.024493e-01
-2.563477e-01 -6.509436e-01 -7.145336e-01 2.039375e+01 -1.650425e-01 7.578569e-01 -6.312004e-01 -1.135010e-02 9.523901e-01 -4.387834e-02 -3.017082e-01 1.161840e+00
-1.014957e-01 -2.781659e-01 9.551557e-01 2.038585e+01 -6.784268e-01 7.215806e-01 1.380526e-01 -1.669655e-02 -7.276233e-01 -6.339914e-01 -2.619525e-01 1.440524e+00
-2.317096e-01 -5.561839e-01 -7.981041e-01 2.040853e+01 -3.451872e-01 8.140521e-01 -4.670813e-01 -2.220524e-02 9.094814e-01 1.672680e-01 -3.806113e-01 1.624383e+00
-7.634015e-02 -4.494498e-01 8.900377e-01 2.042413e+01 -5.582434e-01 7.588880e-01 3.353405e-01 -2.761555e-02 -8.261576e-01 -4.712577e-01 -3.088360e-01 1.849601e+00
-1.712574e-01 -4.723814e-01 -8.645963e-01 2.043406e+01 -5.515633e-01 7.731203e-01 -3.131500e-01 -3.286271e-02 8.163632e-01 4.232503e-01 -3.929508e-01 2.130811e+00
-1.349140e-02 -6.548331e-01 7.556531e-01 2.043145e+01 -4.154627e-01 6.910704e-01 5.914495e-01 -3.765712e-02 -9.095102e-01 -3.059662e-01 -2.813822e-01 2.395252e+00
-1.377727e-01 -3.097676e-01 -9.407777e-01 2.047515e+01 -7.065641e-01 6.963738e-01 -1.258202e-01 -4.274248e-02 6.941080e-01 6.473851e-01 -3.148120e-01 2.568647e+00
-2.549539e-02 -7.990960e-01 6.006627e-01 2.051517e+01 -2.204173e-01 5.905641e-01 7.763055e-01 -4.813046e-02 -9.750724e-01 -1.126042e-01 -1.911912e-01 2.746223e+00
-1.552805e-01 -1.100066e-01 -9.817263e-01 2.054247e+01 -8.274411e-01 5.573686e-01 6.842156e-02 -5.375690e-02 5.396566e-01 8.229452e-01 -1.775725e-01 2.996073e+00
-3.274343e-02 -8.909859e-01 4.528487e-01 2.053840e+01 4.453134e-03 4.529571e-01 8.915212e-01 -5.865179e-02 -9.994539e-01 3.120806e-02 -1.086369e-02 3.266386e+00
-1.615847e-01 9.962161e-02 -9.818177e-01 2.054519e+01 -8.973573e-01 3.991687e-01 1.881867e-01 -6.425895e-02 4.106583e-01 9.114493e-01 2.489663e-02 3.507775e+00
-2.154474e-01 -9.477816e-01 2.351436e-01 2.065977e+01 5.369407e-01 8.615096e-02 8.392096e-01 -6.445973e-02 -8.156452e-01 3.070637e-01 4.903415e-01 3.652756e+00
-3.540475e-01 6.236202e-01 -6.969564e-01 2.075161e+01 -8.489545e-01 9.832335e-02 5.192386e-01 -7.007703e-02 3.923348e-01 7.755194e-01 4.946140e-01 3.799249e+00
-3.492401e-01 -8.912650e-01 2.892716e-01 2.088994e+01 8.806817e-01 -2.067635e-01 4.262026e-01 -7.057206e-02 -3.200486e-01 4.036032e-01 8.571309e-01 3.992799e+00
-2.570450e-01 9.663639e-01 -8.284237e-03 2.122809e+01 -6.285685e-01 -1.606706e-01 7.609774e-01 -7.231754e-02 7.340501e-01 2.008126e-01 6.487255e-01 3.940769e+00
2.731242e-02 -7.063478e-01 7.073379e-01 2.197753e+01 7.132914e-01 -4.819723e-01 -5.088399e-01 -7.035026e-02 7.003352e-01 5.184357e-01 4.906680e-01 3.742036e+00
3.938391e-01 5.782681e-01 7.144906e-01 2.268926e+01 -5.479092e-01 -4.764299e-01 6.876119e-01 -7.157227e-02 7.380286e-01 -6.622844e-01 1.292017e-01 3.602180e+00
4.505294e-01 -7.335175e-01 5.088962e-01 2.325937e+01 1.455306e-01 -5.020585e-01 -8.525011e-01 -7.020711e-02 8.808202e-01 4.581367e-01 -1.194429e-01 3.527982e+00
7.236699e-01 5.586755e-02 6.878813e-01 2.374043e+01 -6.183620e-01 -3.901352e-01 6.822192e-01 -7.103954e-02 3.064806e-01 -9.190611e-01 -2.477827e-01 3.554092e+00
4.692845e-01 -7.939004e-01 -3.866448e-01 2.423467e+01 -6.348949e-01 9.756879e-04 -7.725979e-01 -6.880378e-02 6.137430e-01 6.080470e-01 -5.035854e-01 3.602081e+00
5.197930e-01 -6.293931e-01 5.776501e-01 2.480190e+01 -6.432520e-01 1.566131e-01 7.494659e-01 -6.575501e-02 -5.621762e-01 -7.611417e-01 -3.234520e-01 3.748307e+00
2.834338e-01 -5.491397e-01 -7.862003e-01 2.487595e+01 -7.815133e-01 3.428677e-01 -5.212280e-01 -7.107383e-02 5.557897e-01 7.621596e-01 -3.319797e-01 3.885370e+00
2.917264e-01 -9.564528e-01 9.682900e-03 2.540193e+01 -3.105319e-02 6.473853e-04 9.995175e-01 -7.332642e-02 -9.559976e-01 -2.918863e-01 -2.951205e-02 3.817322e+00
-1.337157e-01 -1.529873e-02 -9.909016e-01 2.609547e+01 -9.658062e-01 2.261205e-01 1.268381e-01 -7.174340e-02 2.221227e-01 9.739792e-01 -4.501146e-02 3.669608e+00
-1.208376e-01 -9.575378e-01 2.617627e-01 2.649424e+01 7.844589e-02 2.536592e-01 9.641075e-01 -7.302948e-02 -9.895678e-01 1.370346e-01 4.446334e-02 3.746065e+00
-2.493299e-01 2.028595e-01 -9.469333e-01 2.652991e+01 -9.341993e-01 2.072518e-01 2.903762e-01 -7.864241e-02 2.551592e-01 9.570239e-01 1.378371e-01 3.902281e+00
-4.584513e-01 -8.790203e-01 1.309415e-01 2.697466e+01 5.951047e-01 -1.942101e-01 7.798288e-01 -8.142489e-02 -6.600552e-01 4.354374e-01 6.121449e-01 3.970712e+00
-5.455635e-01 6.892876e-01 -4.767001e-01 2.706701e+01 -7.844008e-01 -2.196970e-01 5.800419e-01 -8.649690e-02 2.950861e-01 6.903737e-01 6.605365e-01 4.073980e+00
-5.551729e-01 -7.978551e-01 2.349687e-01 2.717180e+01 7.972830e-01 -4.300334e-01 4.235694e-01 -9.058275e-02 -2.369026e-01 4.224908e-01 8.748593e-01 4.156772e+00
-6.417332e-01 7.547229e-01 -1.362787e-01 2.728796e+01 -6.825625e-01 -4.810273e-01 5.502010e-01 -9.676141e-02 3.496955e-01 4.461010e-01 8.238367e-01 4.240366e+00
-5.787552e-01 -7.076418e-01 4.053214e-01 2.738197e+01 8.150724e-01 -5.180625e-01 2.593612e-01 -1.030048e-01 2.644702e-02 4.804730e-01 8.766107e-01 4.277408e+00
-3.222918e-01 7.685250e-01 5.527181e-01 2.786406e+01 -5.648948e-01 -6.246584e-01 5.391621e-01 -1.043242e-01 7.596196e-01 -1.384600e-01 6.354580e-01 4.276695e+00
-1.026577e-01 -5.280935e-01 8.429583e-01 2.855805e+01 5.644470e-01 -7.287142e-01 -3.877825e-01 -1.066428e-01 8.190611e-01 4.359964e-01 3.728889e-01 4.229568e+00
-2.073827e-03 5.850309e-01 8.110083e-01 2.895414e+01 -4.106648e-01 -7.399659e-01 5.327334e-01 -1.107144e-01 9.117840e-01 -3.319478e-01 2.417862e-01 4.365008e+00
1.127602e-01 -5.081130e-01 8.538772e-01 2.895775e+01 5.752972e-01 -6.672783e-01 -4.730463e-01 -1.166793e-01 8.101347e-01 5.445740e-01 2.170736e-01 4.573935e+00
1.476879e-01 5.071042e-01 8.491370e-01 2.901710e+01 -3.970712e-01 -7.559213e-01 5.204973e-01 -1.225398e-01 9.058271e-01 -4.140389e-01 8.971606e-02 4.749029e+00
3.777856e-01 -7.368130e-01 5.607002e-01 2.927662e+01 2.054117e-01 -5.237899e-01 -8.267105e-01 -1.252914e-01 9.028201e-01 4.274937e-01 -4.653029e-02 4.686691e+00
5.433527e-01 9.899408e-02 8.336474e-01 2.957511e+01 -6.924048e-01 -5.086666e-01 5.116971e-01 -1.267452e-01 4.747036e-01 -8.552535e-01 -2.078414e-01 4.634687e+00
5.599807e-01 -8.160082e-01 1.433605e-01 2.971696e+01 -1.629096e-01 -2.781054e-01 -9.466350e-01 -1.304478e-01 8.123312e-01 5.067426e-01 -2.886692e-01 4.671023e+00
7.636485e-01 -3.541631e-01 5.398235e-01 2.994448e+01 -6.319956e-01 -2.391162e-01 7.371601e-01 -1.345225e-01 -1.319943e-01 -9.040973e-01 -4.064303e-01 4.639135e+00
2.217407e-01 -7.289332e-01 -6.476785e-01 3.079716e+01 -8.268285e-01 2.115427e-01 -5.211567e-01 -1.348329e-01 5.169001e-01 6.510807e-01 -5.557952e-01 4.256146e+00
2.020357e-01 -9.644578e-01 1.703019e-01 3.222092e+01 -1.755264e-01 1.354146e-01 9.751171e-01 -1.289837e-01 -9.635207e-01 -2.269009e-01 -1.419292e-01 3.717880e+00
-4.119145e-01 -5.514434e-02 -9.095524e-01 3.352658e+01 -8.439555e-01 3.994797e-01 3.579876e-01 -1.233709e-01 3.436067e-01 9.150820e-01 -2.110909e-01 3.397572e+00
-3.881008e-01 -7.602138e-01 5.210113e-01 3.484274e+01 4.583655e-01 3.312286e-01 8.247355e-01 -1.206892e-01 -7.995492e-01 5.588941e-01 2.199057e-01 3.059919e+00
-7.245354e-01 4.750869e-01 -4.993405e-01 3.598859e+01 -4.094438e-01 2.861118e-01 8.663116e-01 -1.194204e-01 5.544405e-01 8.321253e-01 -1.277671e-02 2.900491e+00
-2.374162e-01 -3.673132e-01 8.992856e-01 3.746331e+01 8.831646e-01 3.039115e-01 3.572928e-01 -1.164045e-01 -4.045416e-01 8.790442e-01 2.522445e-01 2.490171e+00
-3.946212e-01 8.926604e-01 -2.177879e-01 3.904751e+01 2.211828e-01 3.223398e-01 9.204212e-01 -1.069132e-01 8.918252e-01 3.150468e-01 -3.246432e-01 2.221011e+00
3.359670e-02 3.645905e-01 9.305617e-01 4.007379e+01 9.068719e-01 3.802173e-01 -1.817091e-01 -1.046763e-01 -4.200651e-01 8.500051e-01 -3.178628e-01 2.051297e+00
1.951002e-01 9.741101e-01 -1.142170e-01 4.084270e+01 8.941815e-01 -1.288169e-01 4.287723e-01 -1.017980e-01 4.029583e-01 -1.857842e-01 -8.961634e-01 1.862288e+00
7.216371e-01 6.804218e-01 1.275387e-01 4.166167e+01 5.605540e-01 -4.662225e-01 -6.844090e-01 -9.948807e-02 -4.062254e-01 5.653872e-01 -7.178567e-01 1.594210e+00
4.187062e-01 4.455946e-01 -7.912841e-01 4.246505e+01 6.495144e-01 -7.559159e-01 -8.198864e-02 -9.693632e-02 -6.346780e-01 -4.796213e-01 -6.059268e-01 1.292026e+00
3.338108e-01 6.572111e-01 -6.757543e-01 4.271259e+01 4.299612e-01 -7.441133e-01 -5.113010e-01 -1.016689e-01 -8.388705e-01 -1.198703e-01 -5.309683e-01 1.337112e+00
1.152926e-01 6.274654e-01 -7.700615e-01 4.294050e+01 3.761389e-01 -7.450801e-01 -5.507950e-01 -1.033726e-01 -9.193623e-01 -2.261475e-01 -3.219164e-01 1.373986e+00
-1.921928e-01 4.447542e-01 -8.747889e-01 4.341414e+01 3.217967e-01 -8.135588e-01 -4.843233e-01 -1.060305e-01 -9.270970e-01 -3.745876e-01 1.323977e-02 1.185875e+00
-4.215152e-01 3.758331e-01 -8.252723e-01 4.382939e+01 2.419939e-01 -8.304486e-01 -5.017909e-01 -1.090103e-01 -8.739358e-01 -4.112234e-01 2.590974e-01 1.029985e+00
-6.591748e-01 4.852933e-01 -5.744380e-01 4.409409e+01 2.262695e-03 -7.626073e-01 -6.468578e-01 -1.115203e-01 -7.519863e-01 -4.276921e-01 5.015935e-01 1.022935e+00
-8.484104e-01 5.202963e-01 -9.742413e-02 4.498724e+01 -2.743661e-01 -5.896308e-01 -7.596439e-01 -1.100336e-01 -4.526842e-01 -6.177599e-01 6.430006e-01 5.952956e-01
-9.273851e-01 7.363749e-02 3.667892e-01 4.605385e+01 -3.525068e-01 -5.003342e-01 -7.908253e-01 -1.043989e-01 1.252828e-01 -8.626953e-01 4.899602e-01 1.564603e-01
-8.229050e-01 -1.849421e-01 5.372371e-01 4.668496e+01 -3.778906e-01 -5.279472e-01 -7.605724e-01 -1.019474e-01 4.242947e-01 -8.288957e-01 3.645626e-01 -9.984787e-02
-7.258437e-01 -4.079450e-01 5.538337e-01 4.679187e+01 -3.382254e-01 -4.894313e-01 -8.037789e-01 -1.082673e-01 5.989612e-01 -7.707385e-01 2.172733e-01 -5.022478e-02
-5.439950e-01 -3.507348e-01 7.622693e-01 4.710746e+01 -6.131908e-01 -4.539468e-01 -6.464745e-01 -1.136156e-01 5.727708e-01 -8.190955e-01 3.187745e-02 -1.832651e-01
-4.647620e-01 -6.845762e-01 5.615619e-01 4.711729e+01 -4.239013e-01 -3.847859e-01 -8.199070e-01 -1.198715e-01 7.773699e-01 -6.191084e-01 -1.113588e-01 -1.108588e-02
-3.723324e-01 -5.186364e-01 7.696654e-01 4.713290e+01 -7.431463e-01 -3.301782e-01 -5.819931e-01 -1.255732e-01 5.559696e-01 -7.886689e-01 -2.624867e-01 1.727961e-01
-2.629065e-01 -7.955751e-01 5.458393e-01 4.723420e+01 -6.458506e-01 -2.751730e-01 -7.121494e-01 -1.314102e-01 7.167685e-01 -5.397594e-01 -4.414779e-01 3.025905e-01
-1.571782e-01 -7.403569e-01 6.535798e-01 4.726479e+01 -8.250089e-01 -2.653276e-01 -4.989605e-01 -1.377820e-01 5.428216e-01 -6.176349e-01 -5.690974e-01 4.721060e-01
-6.989867e-02 -8.778296e-01 4.738453e-01 4.728802e+01 -7.852249e-01 -2.445487e-01 -5.688741e-01 -1.441256e-01 6.152528e-01 -4.118386e-01 -6.722000e-01 6.232467e-01
1.275022e-02 -8.478278e-01 5.301184e-01 4.731724e+01 -9.107956e-01 -2.286418e-01 -3.437648e-01 -1.501165e-01 4.126606e-01 -4.784465e-01 -7.751130e-01 7.619538e-01
7.442613e-02 -9.508461e-01 3.005868e-01 4.734339e+01 -8.880967e-01 -2.003017e-01 -4.137192e-01 -1.562827e-01 4.535913e-01 -2.361586e-01 -8.593509e-01 9.000121e-01
1.548390e-01 -9.315963e-01 3.288667e-01 4.739213e+01 -9.623149e-01 -2.175455e-01 -1.631686e-01 -1.624539e-01 2.235507e-01 -2.912085e-01 -9.301735e-01 9.946045e-01
1.828993e-01 -9.764432e-01 1.144837e-01 4.745009e+01 -9.509426e-01 -2.052610e-01 -2.314649e-01 -1.692027e-01 2.495114e-01 -6.653269e-02 -9.660836e-01 1.081720e+00
2.364480e-01 -9.627510e-01 1.311600e-01 4.748262e+01 -9.711318e-01 -2.385434e-01 -2.724297e-04 -1.753235e-01 3.154964e-02 -1.273092e-01 -9.913612e-01 1.218537e+00
2.670406e-01 -9.588753e-01 -9.616418e-02 4.751652e+01 -9.630888e-01 -2.620330e-01 -6.163272e-02 -1.814687e-01 3.389990e-02 1.090731e-01 -9.934555e-01 1.349349e+00
2.974170e-01 -9.502443e-01 -9.262232e-02 4.754726e+01 -9.362712e-01 -3.092787e-01 1.665620e-01 -1.875008e-01 -1.869207e-01 3.718125e-02 -9.816711e-01 1.491904e+00
3.101305e-01 -8.984198e-01 -3.109035e-01 4.757759e+01 -9.314367e-01 -3.526299e-01 8.987610e-02 -1.936183e-01 -1.903803e-01 2.617136e-01 -9.461825e-01 1.630998e+00
3.157702e-01 -8.943603e-01 -3.168736e-01 4.760521e+01 -8.610874e-01 -4.103814e-01 3.001925e-01 -1.998256e-01 -3.985193e-01 1.780640e-01 -8.997086e-01 1.764499e+00
3.016770e-01 -8.019267e-01 -5.156593e-01 4.763017e+01 -8.610277e-01 -4.614149e-01 2.138402e-01 -2.060212e-01 -4.094170e-01 3.794863e-01 -8.296794e-01 1.902875e+00
2.853189e-01 -8.002058e-01 -5.275072e-01 4.765122e+01 -7.460614e-01 -5.309337e-01 4.018728e-01 -2.122262e-01 -6.016523e-01 2.788909e-01 -7.484881e-01 2.050232e+00
2.496785e-01 -6.678467e-01 -7.011715e-01 4.767598e+01 -7.516417e-01 -5.901822e-01 2.944821e-01 -2.185326e-01 -6.104878e-01 4.535040e-01 -6.493372e-01 2.188342e+00
2.095034e-01 -6.768596e-01 -7.056695e-01 4.771082e+01 -6.092298e-01 -6.548427e-01 4.472360e-01 -2.248121e-01 -7.648185e-01 3.362174e-01 -5.495548e-01 2.319979e+00
5.720737e-02 -4.405838e-01 -8.958868e-01 4.778407e+01 -5.757503e-01 -7.476633e-01 3.309248e-01 -2.284408e-01 -8.156218e-01 4.968758e-01 -2.964381e-01 2.403804e+00
-3.410459e-02 -4.534975e-01 -8.906048e-01 4.779690e+01 -2.546328e-01 -8.577722e-01 4.465300e-01 -2.336468e-01 -9.664362e-01 2.420059e-01 -8.622140e-02 2.552446e+00
-1.147647e-01 -1.576227e-01 -9.808079e-01 4.782946e+01 -4.058381e-01 -8.937391e-01 1.911174e-01 -2.398270e-01 -9.067108e-01 4.199827e-01 3.860041e-02 2.694803e+00
-1.936400e-01 -3.163888e-01 -9.286559e-01 4.785665e+01 -8.665115e-02 -9.373571e-01 3.374214e-01 -2.458380e-01 -9.772385e-01 1.458074e-01 1.540944e-01 2.856893e+00
-2.872252e-01 4.856224e-03 -9.578508e-01 4.788278e+01 -2.711584e-01 -9.594942e-01 7.644616e-02 -2.518756e-01 -9.186810e-01 2.816866e-01 2.769077e-01 3.014642e+00
-3.627928e-01 -1.916894e-01 -9.119411e-01 4.791266e+01 6.091710e-02 -9.813995e-01 1.820552e-01 -2.580382e-01 -9.298766e-01 1.049549e-02 3.677218e-01 3.159014e+00
-4.570453e-01 1.362509e-01 -8.789455e-01 4.794611e+01 -1.536149e-01 -9.854394e-01 -7.288055e-02 -2.641905e-01 -8.760776e-01 1.017094e-01 4.713207e-01 3.301098e+00
-5.323221e-01 -8.365428e-02 -8.423984e-01 4.797962e+01 1.817663e-01 -9.831909e-01 -1.722474e-02 -2.704422e-01 -8.267976e-01 -1.622888e-01 5.385798e-01 3.439483e+00
-6.095572e-01 2.439656e-01 -7.542684e-01 4.801751e+01 -7.256256e-02 -9.646441e-01 -2.533700e-01 -2.768112e-01 -7.894142e-01 -9.971186e-02 6.057085e-01 3.564933e+00
-6.830517e-01 -1.199529e-02 -7.302715e-01 4.806407e+01 2.568572e-01 -9.399389e-01 -2.248094e-01 -2.833394e-01 -6.837139e-01 -3.411320e-01 6.451080e-01 3.654424e+00
-7.441346e-01 3.063055e-01 -5.936671e-01 4.810882e+01 -2.985535e-02 -9.030446e-01 -4.285081e-01 -2.902783e-01 -6.673623e-01 -3.011435e-01 6.811315e-01 3.746106e+00
-8.029645e-01 1.075920e-02 -5.959297e-01 4.814632e+01 2.982305e-01 -8.584213e-01 -4.173385e-01 -2.970215e-01 -5.160490e-01 -5.128324e-01 6.860731e-01 3.858474e+00
-8.544527e-01 3.217009e-01 -4.079450e-01 4.818086e+01 -1.697170e-02 -8.020855e-01 -5.969680e-01 -3.035343e-01 -5.192519e-01 -5.031574e-01 6.908039e-01 3.985052e+00
-8.990191e-01 5.826874e-03 -4.378707e-01 4.820896e+01 2.927893e-01 -7.355520e-01 -6.109318e-01 -3.098613e-01 -3.256365e-01 -6.774432e-01 6.595692e-01 4.131111e+00
-9.307817e-01 2.949420e-01 -2.159967e-01 4.824308e+01 -3.658979e-02 -6.630341e-01 -7.476945e-01 -3.162457e-01 -3.637397e-01 -6.880371e-01 6.279319e-01 4.250796e+00
-9.582898e-01 -3.222105e-02 -2.839762e-01 4.828013e+01 2.483711e-01 -5.854713e-01 -7.717092e-01 -3.233385e-01 -1.413946e-01 -8.100525e-01 5.690540e-01 4.346025e+00
-9.719165e-01 2.333759e-01 -3.023173e-02 4.831327e+01 -9.474329e-02 -5.056515e-01 -8.575198e-01 -3.301421e-01 -2.154112e-01 -8.305734e-01 5.135619e-01 4.467059e+00
-9.823516e-01 -1.283413e-01 -1.360656e-01 4.836219e+01 1.762248e-01 -3.912413e-01 -9.032580e-01 -3.368170e-01 6.269086e-02 -9.112951e-01 4.069535e-01 4.553637e+00
-9.799410e-01 1.494902e-01 1.317886e-01 4.842935e+01 -1.745711e-01 -3.249279e-01 -9.294874e-01 -3.441221e-01 -9.612743e-02 -9.338493e-01 3.445068e-01 4.622733e+00
-9.799057e-01 -1.953376e-01 -4.034876e-02 4.847963e+01 8.862919e-02 -2.451906e-01 -9.654152e-01 -3.509906e-01 1.786887e-01 -9.495919e-01 2.575763e-01 4.723440e+00
-9.616505e-01 3.026104e-02 2.726034e-01 4.851769e+01 -2.737370e-01 -1.682722e-01 -9.469702e-01 -3.578620e-01 1.721527e-02 -9.852760e-01 1.701026e-01 4.832455e+00
-9.221769e-01 -3.758970e-01 9.105613e-02 4.851972e+01 -5.825880e-02 -9.773912e-02 -9.935054e-01 -3.652791e-01 3.823554e-01 -9.214925e-01 6.823345e-02 5.056105e+00
-8.645321e-01 -1.450230e-01 4.811991e-01 4.849462e+01 -4.843040e-01 -1.543970e-02 -8.747636e-01 -3.724836e-01 1.342904e-01 -9.893078e-01 -5.688711e-02 5.323669e+00
-8.354093e-01 -5.256655e-01 1.605213e-01 4.852655e+01 -2.325183e-01 7.337585e-02 -9.698202e-01 -3.790601e-01 4.980226e-01 -8.475210e-01 -1.835257e-01 5.438051e+00
-7.684199e-01 -3.153629e-01 5.568456e-01 4.856925e+01 -6.194425e-01 1.480469e-01 -7.709560e-01 -3.852740e-01 1.606917e-01 -9.373518e-01 -3.091114e-01 5.544297e+00
-7.424936e-01 -6.480300e-01 1.695888e-01 4.861462e+01 -4.140391e-01 2.449682e-01 -8.766768e-01 -3.916515e-01 5.265690e-01 -7.211433e-01 -4.501971e-01 5.645758e+00
-6.798417e-01 -4.893680e-01 5.461998e-01 4.864934e+01 -7.195114e-01 3.010390e-01 -6.258425e-01 -3.981287e-01 1.418398e-01 -8.184708e-01 -5.567647e-01 5.765684e+00
-6.443046e-01 -7.536072e-01 1.301835e-01 4.869422e+01 -5.809725e-01 3.716164e-01 -7.241355e-01 -4.044086e-01 4.973354e-01 -5.421969e-01 -6.772592e-01 5.880497e+00
-5.762974e-01 -6.545026e-01 4.893952e-01 4.873699e+01 -8.142428e-01 4.086053e-01 -4.123717e-01 -4.103496e-01 6.992891e-02 -6.361352e-01 -7.684022e-01 6.012316e+00
-5.421652e-01 -8.395311e-01 3.527566e-02 4.875837e+01 -7.257844e-01 4.467268e-01 -5.231368e-01 -4.165629e-01 4.234310e-01 -3.092291e-01 -8.515184e-01 6.172209e+00
-4.380731e-01 -8.010516e-01 4.079318e-01 4.877671e+01 -8.985786e-01 4.030693e-01 -1.734695e-01 -4.232964e-01 -2.546673e-02 -4.425511e-01 -8.963816e-01 6.362791e+00
-3.918004e-01 -9.143853e-01 -1.019414e-01 4.882544e+01 -8.495670e-01 4.020891e-01 -3.414092e-01 -4.305710e-01 3.531691e-01 -4.715821e-02 -9.343702e-01 6.463072e+00
-3.500616e-01 -8.867537e-01 3.018688e-01 4.889045e+01 -9.224398e-01 3.824007e-01 5.361439e-02 -4.375599e-01 -1.629776e-01 -2.596874e-01 -9.518407e-01 6.539453e+00
-3.387528e-01 -9.120228e-01 -2.312163e-01 4.892828e+01 -9.216570e-01 3.710732e-01 -1.133712e-01 -4.436538e-01 1.891953e-01 1.746973e-01 -9.662743e-01 6.638497e+00
-2.681926e-01 -9.569082e-01 1.113526e-01 4.895783e+01 -9.010211e-01 2.900610e-01 3.225299e-01 -4.501339e-01 -3.409306e-01 -1.383089e-02 -9.399867e-01 6.809030e+00
-2.485233e-01 -8.692388e-01 -4.273875e-01 4.897518e+01 -9.685549e-01 2.283503e-01 9.878042e-02 -4.566947e-01 1.173027e-02 4.384975e-01 -8.986558e-01 6.974198e+00
-2.177339e-01 -9.735651e-01 -6.901377e-02 4.900283e+01 -8.305663e-01 1.476875e-01 5.369805e-01 -4.633187e-01 -5.125930e-01 1.742394e-01 -8.407669e-01 7.100519e+00
-2.446565e-01 -7.797935e-01 -5.762510e-01 4.902614e+01 -9.558039e-01 9.402590e-02 2.785641e-01 -4.696821e-01 -1.630400e-01 6.189355e-01 -7.683338e-01 7.246122e+00
-2.340432e-01 -9.418676e-01 -2.410586e-01 4.905520e+01 -7.215126e-01 2.077352e-03 6.923981e-01 -4.761055e-01 -6.516466e-01 3.359779e-01 -6.800555e-01 7.375590e+00
-2.764102e-01 -6.590156e-01 -6.994969e-01 4.908884e+01 -9.061968e-01 -6.363437e-02 4.180406e-01 -4.825575e-01 -3.200073e-01 7.494325e-01 -5.796086e-01 7.509807e+00
-2.930690e-01 -8.507511e-01 -4.362718e-01 4.916219e+01 -4.871064e-01 -2.597847e-01 8.338101e-01 -4.860628e-01 -8.227016e-01 4.568747e-01 -3.382714e-01 7.612397e+00
-4.054358e-01 -3.887583e-01 -8.273384e-01 4.917302e+01 -7.032055e-01 -4.456285e-01 5.540012e-01 -4.904912e-01 -5.840581e-01 8.064008e-01 -9.270317e-02 7.783008e+00
-4.914110e-01 -6.223436e-01 -6.092649e-01 4.921050e+01 -2.523530e-01 -5.678021e-01 7.835296e-01 -4.955392e-01 -8.335666e-01 5.387849e-01 1.219739e-01 7.889261e+00
-5.971874e-01 -1.736408e-01 -7.830811e-01 4.923651e+01 -5.017306e-01 -6.808393e-01 5.335956e-01 -5.008598e-01 -6.258064e-01 7.115523e-01 3.194678e-01 8.014701e+00
-6.347828e-01 -4.621379e-01 -6.192571e-01 4.928064e+01 -7.410827e-02 -7.613224e-01 6.441244e-01 -5.074873e-01 -7.691286e-01 4.547711e-01 4.490261e-01 8.098196e+00
-6.920653e-01 -2.947981e-02 -7.212327e-01 4.934692e+01 -3.989501e-01 -8.170712e-01 4.162133e-01 -5.147086e-01 -6.015683e-01 5.757826e-01 5.537056e-01 8.166515e+00
-7.282413e-01 -3.679029e-01 -5.781973e-01 4.942381e+01 5.533181e-02 -8.724984e-01 4.854740e-01 -5.220333e-01 -6.830835e-01 3.215495e-01 6.557461e-01 8.229694e+00
-7.827079e-01 9.330524e-02 -6.153555e-01 4.949516e+01 -3.199029e-01 -9.084126e-01 2.691629e-01 -5.292764e-01 -5.338824e-01 4.075300e-01 7.408704e-01 8.294574e+00
-8.180170e-01 -2.880378e-01 -4.978779e-01 4.954574e+01 1.405162e-01 -9.394278e-01 3.126190e-01 -5.364394e-01 -5.577664e-01 1.857678e-01 8.089419e-01 8.372872e+00
-8.720664e-01 1.512621e-01 -4.654245e-01 4.959773e+01 -2.239883e-01 -9.689427e-01 1.047825e-01 -5.435368e-01 -4.351200e-01 1.956269e-01 8.788633e-01 8.443464e+00
-8.987999e-01 -2.210225e-01 -3.785601e-01 4.963975e+01 1.998785e-01 -9.752219e-01 9.482033e-02 -5.504986e-01 -3.901375e-01 9.558484e-03 9.207070e-01 8.581313e+00
-9.381697e-01 2.119067e-01 -2.737391e-01 4.965951e+01 -1.994772e-01 -9.771938e-01 -7.280830e-02 -5.562091e-01 -2.829248e-01 -1.370183e-02 9.590442e-01 8.758073e+00
-9.521122e-01 -2.077431e-01 -2.243327e-01 4.969563e+01 2.396548e-01 -9.626942e-01 -1.256403e-01 -5.627431e-01 -1.898629e-01 -1.733860e-01 9.663795e-01 8.878431e+00
-9.704698e-01 2.264511e-01 -8.311654e-02 4.973529e+01 -2.000534e-01 -9.480818e-01 -2.472236e-01 -5.696434e-01 -1.347853e-01 -2.232953e-01 9.653870e-01 8.974026e+00
-9.751131e-01 -2.130045e-01 -6.151088e-02 4.977319e+01 2.211474e-01 -9.147453e-01 -3.381344e-01 -5.765000e-01 1.575735e-02 -3.433222e-01 9.390855e-01 9.079620e+00
-9.656663e-01 1.909321e-01 1.761631e-01 4.982240e+01 -2.497119e-01 -8.692085e-01 -4.267559e-01 -5.822470e-01 7.164111e-02 -4.560939e-01 8.870434e-01 9.181604e+00
-9.476418e-01 -2.826379e-01 1.486297e-01 4.987011e+01 1.503685e-01 -8.055516e-01 -5.731282e-01 -5.884479e-01 2.817166e-01 -5.207711e-01 8.058742e-01 9.286480e+00
-9.138736e-01 7.879240e-02 3.982797e-01 4.990296e+01 -3.135593e-01 -7.601361e-01 -5.690991e-01 -5.948976e-01 2.579061e-01 -6.449689e-01 7.193744e-01 9.437908e+00
-8.732750e-01 -3.688304e-01 3.183630e-01 4.992090e+01 3.031744e-02 -6.932856e-01 -7.200250e-01 -6.010197e-01 4.862836e-01 -6.191278e-01 6.166109e-01 9.609912e+00
-8.141821e-01 -4.817468e-02 5.786076e-01 4.997437e+01 -4.226590e-01 -6.340813e-01 -6.475340e-01 -6.074937e-01 3.980790e-01 -7.717643e-01 4.958962e-01 9.735436e+00
-7.493146e-01 -4.914823e-01 4.438160e-01 5.005919e+01 -1.465256e-01 -5.305362e-01 -8.349021e-01 -6.135032e-01 6.458001e-01 -6.906348e-01 3.255238e-01 9.845567e+00
-6.183128e-01 -2.791340e-01 7.346928e-01 5.016290e+01 -6.132283e-01 -4.133373e-01 -6.731295e-01 -6.186342e-01 4.915693e-01 -8.667390e-01 8.439896e-02 9.930256e+00
-5.207674e-01 -7.058606e-01 4.801689e-01 5.024229e+01 -3.665373e-01 -3.231037e-01 -8.724989e-01 -6.248258e-01 7.710070e-01 -6.303688e-01 -9.046237e-02 1.000586e+01
-4.465342e-01 -4.587691e-01 7.682045e-01 5.028949e+01 -7.499192e-01 -2.764460e-01 -6.009981e-01 -6.323944e-01 4.880865e-01 -8.444575e-01 -2.205972e-01 1.010965e+01
-3.655424e-01 -8.088588e-01 4.605717e-01 5.031383e+01 -5.336585e-01 -2.232887e-01 -8.156903e-01 -6.385551e-01 7.626188e-01 -5.439573e-01 -3.500329e-01 1.027645e+01
-2.710246e-01 -6.167003e-01 7.390713e-01 5.034623e+01 -8.515382e-01 -2.043872e-01 -4.828133e-01 -6.449269e-01 4.488078e-01 -7.602017e-01 -4.697499e-01 1.041073e+01
-1.905169e-01 -9.051389e-01 3.800353e-01 5.038825e+01 -6.957431e-01 -1.486161e-01 -7.027481e-01 -6.510373e-01 6.925640e-01 -3.982923e-01 -6.014302e-01 1.054905e+01
-1.081232e-01 -7.760125e-01 6.213807e-01 5.042984e+01 -9.312847e-01 -1.396572e-01 -3.364591e-01 -6.575319e-01 3.478768e-01 -6.150613e-01 -7.075883e-01 1.066650e+01
-5.141807e-02 -9.646711e-01 2.583908e-01 5.046322e+01 -8.235232e-01 -1.054079e-01 -5.574035e-01 -6.638358e-01 5.649475e-01 -2.414515e-01 -7.890092e-01 1.079761e+01
3.019510e-02 -8.810031e-01 4.721460e-01 5.050354e+01 -9.831734e-01 -1.113185e-01 -1.448385e-01 -6.694874e-01 1.801618e-01 -4.598280e-01 -8.695401e-01 1.094167e+01
8.856422e-02 -9.951624e-01 -4.252230e-02 5.059180e+01 -9.628362e-01 -7.459575e-02 -2.595804e-01 -6.725435e-01 2.551526e-01 6.393155e-02 -9.647849e-01 1.102837e+01
2.545221e-01 -9.653257e-01 5.800759e-02 5.059510e+01 -9.434242e-01 -2.346700e-01 2.342665e-01 -6.773495e-01 -2.125308e-01 -1.143518e-01 -9.704403e-01 1.119118e+01
2.645647e-01 -9.018589e-01 -3.415495e-01 5.062529e+01 -9.631576e-01 -2.648439e-01 -4.674478e-02 -6.832970e-01 -4.830012e-02 3.413330e-01 -9.387006e-01 1.134022e+01
2.790303e-01 -9.348861e-01 -2.193856e-01 5.066388e+01 -8.477459e-01 -3.471306e-01 4.010328e-01 -6.889790e-01 -4.510754e-01 7.408298e-02 -8.894058e-01 1.143703e+01
2.166448e-01 -6.738036e-01 -7.064373e-01 5.071588e+01 -8.608387e-01 -4.731541e-01 1.873015e-01 -6.920291e-01 -4.604582e-01 5.675507e-01 -6.825426e-01 1.152588e+01
1.478928e-01 -6.626635e-01 -7.341695e-01 5.072550e+01 -4.110107e-01 -7.163744e-01 5.638066e-01 -6.936992e-01 -8.995543e-01 2.183686e-01 -3.783084e-01 1.167606e+01
1.643388e-02 -2.562089e-01 -9.664817e-01 5.073184e+01 -5.206496e-01 -8.274163e-01 2.104904e-01 -6.986758e-01 -8.536123e-01 4.997391e-01 -1.469927e-01 1.183368e+01
-3.553355e-02 -4.345123e-01 -8.999647e-01 5.076391e+01 -1.845720e-01 -8.821882e-01 4.332171e-01 -7.050411e-01 -9.821764e-01 1.815021e-01 -4.885154e-02 1.195982e+01
-1.271418e-01 -8.597103e-02 -9.881518e-01 5.080308e+01 -3.893322e-01 -9.119577e-01 1.294359e-01 -7.113808e-01 -9.122803e-01 4.011761e-01 8.247668e-02 1.206839e+01
-2.033003e-01 -2.969291e-01 -9.330070e-01 5.083826e+01 -2.950080e-02 -9.506169e-01 3.089616e-01 -7.178291e-01 -9.786719e-01 9.033643e-02 1.845010e-01 1.218609e+01
-3.372951e-01 8.572217e-02 -9.374880e-01 5.088678e+01 -2.658962e-01 -9.639723e-01 7.521880e-03 -7.233654e-01 -9.030677e-01 2.518116e-01 3.479363e-01 1.230760e+01
-4.297113e-01 -1.650679e-01 -8.877504e-01 5.092836e+01 1.347856e-01 -9.838600e-01 1.176962e-01 -7.294696e-01 -8.928500e-01 -6.908056e-02 4.450245e-01 1.243156e+01
-5.151506e-01 2.016848e-01 -8.330325e-01 5.097317e+01 -1.264195e-01 -9.791695e-01 -1.588875e-01 -7.360698e-01 -8.477252e-01 2.346057e-02 5.299166e-01 1.253094e+01
-5.816916e-01 -6.315227e-02 -8.109541e-01 5.101245e+01 2.308544e-01 -9.688034e-01 -9.014561e-02 -7.428789e-01 -7.799622e-01 -2.396493e-01 5.781238e-01 1.263659e+01
-6.601407e-01 2.868016e-01 -6.942327e-01 5.105879e+01 -4.605574e-02 -9.379521e-01 -3.436929e-01 -7.497784e-01 -7.497287e-01 -1.949123e-01 6.323892e-01 1.272050e+01
-7.122384e-01 5.570987e-03 -7.019155e-01 5.111583e+01 2.886491e-01 -9.091840e-01 -3.001103e-01 -7.568943e-01 -6.398422e-01 -4.163574e-01 6.459477e-01 1.280712e+01
-8.853604e-01 2.111623e-01 -4.141829e-01 5.107928e+01 2.089225e-02 -8.719258e-01 -4.891921e-01 -7.587111e-01 -4.644357e-01 -4.417646e-01 7.675569e-01 1.336181e+01
-9.622115e-01 7.758842e-02 -2.610155e-01 5.088821e+01 1.090510e-01 -7.685263e-01 -6.304563e-01 -7.670209e-01 -2.495134e-01 -6.350963e-01 7.310237e-01 1.411821e+01
-9.885965e-01 2.829354e-03 -1.505622e-01 5.084937e+01 1.039816e-01 -7.103788e-01 -6.960961e-01 -7.769456e-01 -1.089257e-01 -7.038139e-01 7.019838e-01 1.441309e+01
-9.998725e-01 -4.860852e-03 -1.521042e-02 5.085854e+01 1.468199e-02 -6.543987e-01 -7.560072e-01 -7.852008e-01 -6.278839e-03 -7.561341e-01 6.543866e-01 1.461012e+01
-9.484476e-01 -1.954457e-02 3.163307e-01 5.078731e+01 -2.518201e-01 -5.595697e-01 -7.896001e-01 -7.854941e-01 1.924415e-01 -8.285528e-01 5.258009e-01 1.516794e+01
-9.084834e-01 -2.586645e-01 3.282538e-01 5.069550e+01 -1.842929e-01 -4.569960e-01 -8.701671e-01 -7.932749e-01 3.750920e-01 -8.510272e-01 3.675032e-01 1.563649e+01
-8.701326e-01 -2.510444e-01 4.240824e-01 5.074153e+01 -3.147967e-01 -3.789522e-01 -8.702288e-01 -8.004450e-01 3.791731e-01 -8.907143e-01 2.507107e-01 1.571929e+01
-8.291460e-01 -3.718842e-01 4.173956e-01 5.078180e+01 -3.157741e-01 -3.045580e-01 -8.986274e-01 -8.076083e-01 4.613065e-01 -8.768960e-01 1.350916e-01 1.581469e+01
-7.811442e-01 -3.818411e-01 4.939749e-01 5.082130e+01 -4.378998e-01 -2.288867e-01 -8.693990e-01 -8.144330e-01 4.450365e-01 -8.954375e-01 1.158538e-02 1.592738e+01
-7.316609e-01 -5.008316e-01 4.624283e-01 5.086167e+01 -4.496063e-01 -1.553410e-01 -8.796154e-01 -8.211702e-01 5.123733e-01 -8.514910e-01 -1.115201e-01 1.603656e+01
-6.767748e-01 -5.207168e-01 5.204132e-01 5.090334e+01 -5.641124e-01 -8.740413e-02 -8.210589e-01 -8.280926e-01 4.730254e-01 -8.492435e-01 -2.345899e-01 1.614626e+01
-6.166975e-01 -6.325130e-01 4.686273e-01 5.093894e+01 -5.918189e-01 -2.001112e-02 -8.058225e-01 -8.347259e-01 5.190710e-01 -7.742912e-01 -3.619923e-01 1.627105e+01
-5.480575e-01 -6.758272e-01 4.928393e-01 5.098573e+01 -6.976382e-01 4.428068e-02 -7.150805e-01 -8.427304e-01 4.614476e-01 -7.357287e-01 -4.957513e-01 1.632848e+01
-4.663876e-01 -7.767601e-01 4.232332e-01 5.102920e+01 -7.410916e-01 8.187364e-02 -6.663932e-01 -8.500150e-01 4.829760e-01 -6.244522e-01 -6.138352e-01 1.640105e+01
-4.149199e-01 -7.940365e-01 4.442382e-01 5.107908e+01 -8.185695e-01 1.126132e-01 -5.632604e-01 -8.573159e-01 3.972223e-01 -5.973478e-01 -6.966994e-01 1.649884e+01
-3.483401e-01 -8.692665e-01 3.507634e-01 5.111675e+01 -8.534485e-01 1.393550e-01 -5.022009e-01 -8.640837e-01 3.876658e-01 -4.742952e-01 -7.904172e-01 1.662087e+01
-2.954287e-01 -8.988499e-01 3.237139e-01 5.115560e+01 -9.099575e-01 1.615220e-01 -3.819530e-01 -8.708898e-01 2.910315e-01 -4.074058e-01 -8.656334e-01 1.673789e+01
-2.470111e-01 -9.437759e-01 2.197103e-01 5.119487e+01 -9.344352e-01 1.719648e-01 -3.118638e-01 -8.775738e-01 2.565471e-01 -2.823389e-01 -9.243746e-01 1.685984e+01
-2.060625e-01 -9.628917e-01 1.742926e-01 5.124176e+01 -9.674088e-01 1.736734e-01 -1.842761e-01 -8.843151e-01 1.471679e-01 -2.065846e-01 -9.672975e-01 1.697964e+01
-1.646192e-01 -9.842689e-01 6.415030e-02 5.127942e+01 -9.816783e-01 1.571641e-01 -1.077366e-01 -8.910870e-01 9.595966e-02 -8.071047e-02 -9.921076e-01 1.710725e+01
-1.308574e-01 -9.913815e-01 -6.255348e-03 5.136432e+01 -9.911734e-01 1.306895e-01 2.226014e-02 -8.968489e-01 -2.125079e-02 9.113039e-03 -9.997326e-01 1.717776e+01
-1.877520e-01 -9.519129e-01 -2.420969e-01 5.143797e+01 -9.262910e-01 8.961557e-02 3.659973e-01 -8.973794e-01 -3.267019e-01 2.929689e-01 -8.985739e-01 1.726925e+01
-2.159041e-01 -9.063043e-01 -3.633151e-01 5.151227e+01 -8.589570e-01 -6.423493e-04 5.120473e-01 -9.036117e-01 -4.643040e-01 4.226252e-01 -7.783378e-01 1.730578e+01
-4.247667e-01 -8.071620e-01 -4.099546e-01 5.201077e+01 -7.719418e-01 8.635910e-02 6.297999e-01 -9.077771e-01 -4.729472e-01 5.839792e-01 -6.597646e-01 1.703232e+01
-4.563599e-01 -7.608149e-01 -4.614069e-01 5.216977e+01 -7.187420e-01 9.502219e-03 6.952119e-01 -9.151682e-01 -5.245432e-01 6.488994e-01 -5.511661e-01 1.700730e+01
-4.918397e-01 -6.698513e-01 -5.562310e-01 5.221898e+01 -6.939187e-01 -8.429527e-02 7.151022e-01 -9.220329e-01 -5.258998e-01 7.376947e-01 -4.233626e-01 1.711637e+01
-6.205273e-01 -6.593964e-01 -4.244317e-01 5.251061e+01 -4.716664e-01 -1.185542e-01 8.737710e-01 -9.275598e-01 -6.264796e-01 7.423889e-01 -2.374491e-01 1.700391e+01
-6.522106e-01 -4.222905e-01 -6.295174e-01 5.273418e+01 -6.185711e-01 -1.835400e-01 7.639914e-01 -9.336589e-01 -4.381679e-01 8.876845e-01 -1.415099e-01 1.695497e+01
-7.256410e-01 -5.416062e-01 -4.243911e-01 5.288289e+01 -2.961694e-01 -3.108679e-01 9.031306e-01 -9.401972e-01 -6.210707e-01 7.810402e-01 6.517129e-02 1.696469e+01
-8.950361e-01 -2.007267e-01 -3.982701e-01 5.326675e+01 -2.500161e-01 -5.136713e-01 8.207519e-01 -9.428709e-01 -3.693268e-01 8.341766e-01 4.095695e-01 1.698877e+01
-8.817532e-01 -4.419926e-01 -1.647842e-01 5.352935e+01 6.524967e-02 -4.602595e-01 8.853834e-01 -9.482083e-01 -4.671764e-01 7.699375e-01 4.346751e-01 1.717211e+01
-9.267258e-01 -4.349772e-02 -3.732121e-01 5.364941e+01 -2.885477e-01 -5.538172e-01 7.810421e-01 -9.542044e-01 -2.406648e-01 8.315013e-01 5.006855e-01 1.730659e+01
-9.422321e-01 -2.906504e-01 -1.664961e-01 5.368958e+01 6.485674e-02 -6.459608e-01 7.606105e-01 -9.603581e-01 -3.286216e-01 7.058732e-01 6.274956e-01 1.742763e+01
-9.703659e-01 6.898422e-02 -2.315843e-01 5.373177e+01 -2.082814e-01 -7.246774e-01 6.568573e-01 -9.668483e-01 -1.225111e-01 6.856266e-01 7.175703e-01 1.754117e+01
-9.745712e-01 -2.189742e-01 -4.755207e-02 5.378320e+01 1.498478e-01 -7.946627e-01 5.882659e-01 -9.733098e-01 -1.666029e-01 5.661814e-01 8.072683e-01 1.764535e+01
-9.885890e-01 1.368859e-01 -6.288126e-02 5.383108e+01 -1.499660e-01 -8.549454e-01 4.965668e-01 -9.800435e-01 1.421294e-02 5.003305e-01 8.657178e-01 1.774641e+01
