9.999770e-01 -3.347088e-03 -5.894347e-03 -1.221065e-01 3.331974e-03 9.999911e-01 -2.572172e-03 -5.223501e-03 5.902904e-03 2.552473e-03 9.999793e-01 5.566962e-01
9.999996e-01 -6.802185e-05 8.476656e-04 -2.864548e-01 6.889337e-05 9.999995e-01 -1.028117e-03 -8.614873e-03 -8.475949e-04 1.028176e-03 9.999991e-01 1.239718e+00
9.999645e-01 -5.742959e-03 -6.171886e-03 -4.624006e-01 5.714254e-03 9.999728e-01 -4.658504e-03 -1.224007e-02 6.198472e-03 4.623070e-03 9.999701e-01 1.920151e+00
9.999991e-01 1.185464e-03 6.578428e-04 -6.068837e-01 -1.185777e-03 9.999992e-01 4.762088e-04 -1.662075e-02 -6.572774e-04 -4.769877e-04 9.999997e-01 2.532251e+00
9.999711e-01 -4.740148e-03 -5.946072e-03 -7.680410e-01 4.714374e-03 9.999795e-01 -4.341144e-03 -2.001918e-02 5.966527e-03 4.312986e-03 9.999729e-01 3.200419e+00
9.999994e-01 -3.029475e-04 1.025875e-03 -9.307272e-01 3.037526e-04 9.999996e-01 -7.846946e-04 -2.375652e-02 -1.025637e-03 7.850065e-04 9.999992e-01 3.846944e+00
9.999650e-01 -4.841629e-03 -6.829916e-03 -1.058849e+00 4.813902e-03 9.999801e-01 -4.070141e-03 -2.958186e-02 6.849486e-03 4.037119e-03 9.999684e-01 4.387847e+00
9.999958e-01 1.433637e-03 2.525989e-03 -1.182572e+00 -1.435367e-03 9.999987e-01 6.834560e-04 -3.528893e-02 -2.525006e-03 -6.870782e-04 9.999966e-01 4.942608e+00
9.999660e-01 -3.985726e-03 -7.221939e-03 -1.369214e+00 3.940845e-03 9.999729e-01 -6.218113e-03 -3.838624e-02 7.246526e-03 6.189440e-03 9.999546e-01 5.654743e+00
9.999961e-01 1.881183e-03 2.070975e-03 -1.529882e+00 -1.885409e-03 9.999961e-01 2.040480e-03 -4.253745e-02 -2.067128e-03 -2.044376e-03 9.999958e-01 6.306534e+00
9.999509e-01 -7.205153e-03 -6.808860e-03 -1.670355e+00 7.151692e-03 9.999437e-01 -7.843659e-03 -4.742385e-02 6.864991e-03 7.794578e-03 9.999461e-01 6.915511e+00
9.999940e-01 3.381036e-03 7.181924e-04 -1.802609e+00 -3.384151e-03 9.999847e-01 4.380414e-03 -5.238921e-02 -7.033707e-04 -4.382818e-03 9.999901e-01 7.492401e+00
9.999493e-01 -7.718421e-03 -6.469494e-03 -1.942449e+00 7.664707e-03 9.999363e-01 -8.286694e-03 -5.723101e-02 6.533041e-03 8.236686e-03 9.999447e-01 8.088177e+00
9.999938e-01 3.413022e-03 9.175249e-04 -2.087559e+00 -3.417306e-03 9.999831e-01 4.709274e-03 -6.105170e-02 -9.014362e-04 -4.712380e-03 9.999885e-01 8.716128e+00
9.999468e-01 -8.027896e-03 -6.481493e-03 -2.228470e+00 7.969920e-03 9.999284e-01 -8.921737e-03 -6.558159e-02 6.552651e-03 8.869605e-03 9.999392e-01 9.295992e+00
9.999923e-01 3.812620e-03 9.759090e-04 -2.367796e+00 -3.817858e-03 9.999780e-01 5.423101e-03 -7.005628e-02 -9.552109e-04 -5.426784e-03 9.999848e-01 9.897332e+00
9.999299e-01 -9.818439e-03 -6.617474e-03 -2.502601e+00 9.753569e-03 9.999048e-01 -9.764825e-03 -7.459908e-02 6.712718e-03 9.699595e-03 9.999304e-01 1.048967e+01
9.999915e-01 4.126737e-03 1.214093e-04 -2.607258e+00 -4.127420e-03 9.999716e-01 6.307188e-03 -8.085634e-02 -9.537742e-05 -6.307635e-03 9.999801e-01 1.099702e+01
9.999320e-01 -9.318791e-03 -7.006818e-03 -2.700611e+00 9.253704e-03 9.999143e-01 -9.264819e-03 -8.696170e-02 7.092554e-03 9.199349e-03 9.999325e-01 1.149890e+01
9.999832e-01 5.741153e-03 8.318754e-04 -2.821772e+00 -5.745799e-03 9.999673e-01 5.694882e-03 -9.275609e-02 -7.991526e-04 -5.699565e-03 9.999834e-01 1.201645e+01
9.999415e-01 -9.030174e-03 -5.950348e-03 -2.969975e+00 8.972566e-03 9.999133e-01 -9.638025e-03 -9.732765e-02 6.036865e-03 9.584071e-03 9.999358e-01 1.263121e+01
9.999927e-01 3.774674e-03 5.097884e-04 -3.105908e+00 -3.776843e-03 9.999835e-01 4.323224e-03 -1.024538e-01 -4.934609e-04 -4.325118e-03 9.999905e-01 1.320571e+01
9.999383e-01 -9.420168e-03 -5.883330e-03 -3.207458e+00 9.368330e-03 9.999176e-01 -8.777178e-03 -1.090688e-01 5.965528e-03 8.721519e-03 9.999442e-01 1.370336e+01
9.999836e-01 5.732274e-03 -8.357149e-05 -3.327674e+00 -5.731822e-03 9.999727e-01 4.661611e-03 -1.148744e-01 1.102912e-04 -4.661054e-03 9.999891e-01 1.422878e+01
9.999140e-01 -1.175317e-02 -5.825586e-03 -3.437255e+00 1.169174e-02 9.998768e-01 -1.046923e-02 -1.216083e-01 5.947915e-03 1.040022e-02 9.999282e-01 1.473358e+01
9.999897e-01 4.484156e-03 -7.419805e-04 -3.506933e+00 -4.479286e-03 9.999692e-01 6.440191e-03 -1.301338e-01 7.708368e-04 -6.436800e-03 9.999790e-01 1.510693e+01
9.999265e-01 -9.926785e-03 -6.960830e-03 -3.563190e+00 9.856486e-03 9.999008e-01 -1.006177e-02 -1.394405e-01 7.060021e-03 9.992422e-03 9.999252e-01 1.545820e+01
9.999663e-01 2.822276e-03 7.714190e-03 -3.643363e+00 -2.843222e-03 9.999923e-01 2.705652e-03 -1.463908e-01 -7.706494e-03 -2.727493e-03 9.999666e-01 1.592931e+01
9.998650e-01 -9.242926e-03 -1.358340e-02 -3.758392e+00 9.169840e-03 9.999432e-01 -5.433007e-03 -1.522669e-01 1.363285e-02 5.307716e-03 9.998930e-01 1.650107e+01
9.999584e-01 2.752474e-03 8.693308e-03 -3.852120e+00 -2.767486e-03 9.999947e-01 1.715401e-03 -1.596232e-01 -8.688540e-03 -1.739388e-03 9.999607e-01 1.698192e+01
9.998176e-01 -9.760171e-03 -1.641542e-02 -3.913219e+00 9.686821e-03 9.999428e-01 -4.541994e-03 -1.685649e-01 1.645881e-02 4.382152e-03 9.998549e-01 1.732929e+01
9.999602e-01 2.763472e-03 8.479686e-03 -3.965823e+00 -2.783054e-03 9.999935e-01 2.298303e-03 -1.776483e-01 -8.473279e-03 -2.321811e-03 9.999614e-01 1.764190e+01
9.998330e-01 -8.900482e-03 -1.596319e-02 -4.034395e+00 8.828816e-03 9.999507e-01 -4.554368e-03 -1.860221e-01 1.600294e-02 4.412671e-03 9.998622e-01 1.799595e+01
9.999679e-01 1.128929e-03 7.936087e-03 -4.082025e+00 -1.141251e-03 9.999982e-01 1.548314e-03 -1.956608e-01 -7.934324e-03 -1.557320e-03 9.999673e-01 1.830247e+01
9.998198e-01 -8.603471e-03 -1.691949e-02 -4.113611e+00 8.543096e-03 9.999569e-01 -3.637406e-03 -2.060880e-01 1.695006e-02 3.492205e-03 9.998502e-01 1.858142e+01
9.999556e-01 2.911249e-03 8.965471e-03 -4.172643e+00 -2.918309e-03 9.999954e-01 7.745335e-04 -2.151255e-01 -8.963175e-03 -8.006625e-04 9.999595e-01 1.892751e+01
9.998085e-01 -9.735401e-03 -1.697756e-02 -4.234836e+00 9.685640e-03 9.999486e-01 -3.010713e-03 -2.238855e-01 1.700600e-02 2.845697e-03 9.998513e-01 1.929261e+01
9.999468e-01 4.341163e-03 9.352995e-03 -4.313472e+00 -4.352051e-03 9.999899e-01 1.144102e-03 -2.317348e-01 -9.347933e-03 -1.184745e-03 9.999556e-01 1.968637e+01
9.997992e-01 -1.007275e-02 -1.732291e-02 -4.388517e+00 1.001636e-02 9.999443e-01 -3.338992e-03 -2.397964e-01 1.735558e-02 3.164808e-03 9.998444e-01 2.010389e+01
9.997855e-01 1.170615e-02 1.708399e-02 -4.380405e+00 -1.182524e-02 9.999064e-01 6.886341e-03 -2.493026e-01 -1.700177e-02 -7.086886e-03 9.998303e-01 2.046848e+01
9.996288e-01 -1.393731e-02 -2.340835e-02 -4.383610e+00 1.388849e-02 9.999010e-01 -2.246924e-03 -2.585076e-01 2.343735e-02 1.920983e-03 9.997235e-01 2.080454e+01
9.998580e-01 7.973496e-03 1.484548e-02 -4.437687e+00 -8.002299e-03 9.999662e-01 1.881771e-03 -2.664146e-01 -1.482998e-02 -2.000302e-03 9.998880e-01 2.115959e+01
9.996596e-01 -1.352270e-02 -2.231365e-02 -4.517902e+00 1.342810e-02 9.999002e-01 -4.384003e-03 -2.739082e-01 2.237071e-02 4.082880e-03 9.997414e-01 2.157622e+01
9.998539e-01 7.147981e-03 1.552859e-02 -4.616828e+00 -7.164972e-03 9.999738e-01 1.038832e-03 -2.807552e-01 -1.552076e-02 -1.149941e-03 9.998789e-01 2.203508e+01
9.996729e-01 -1.236314e-02 -2.238938e-02 -4.714090e+00 1.227676e-02 9.999167e-01 -3.991419e-03 -2.875677e-01 2.243686e-02 3.715244e-03 9.997414e-01 2.249036e+01
9.998052e-01 9.650068e-03 1.721549e-02 -4.783218e+00 -9.704708e-03 9.999481e-01 3.093220e-03 -2.955436e-01 -1.718474e-02 -3.259688e-03 9.998470e-01 2.291376e+01
9.995910e-01 -1.511613e-02 -2.427523e-02 -4.867499e+00 1.497060e-02 9.998689e-01 -6.165774e-03 -3.034284e-01 2.436525e-02 5.799837e-03 9.996863e-01 2.333104e+01
9.998148e-01 8.105401e-03 1.745691e-02 -4.944424e+00 -8.134612e-03 9.999656e-01 1.602996e-03 -3.122055e-01 -1.744331e-02 -1.744704e-03 9.998463e-01 2.372754e+01
9.995886e-01 -1.482467e-02 -2.455237e-02 -5.023117e+00 1.468478e-02 9.998750e-01 -5.868189e-03 -3.208084e-01 2.463630e-02 5.505228e-03 9.996813e-01 2.412519e+01
9.998263e-01 8.664422e-03 1.649877e-02 -5.077273e+00 -8.721009e-03 9.999563e-01 3.360905e-03 -3.301889e-01 -1.646893e-02 -3.504207e-03 9.998582e-01 2.446568e+01
9.996102e-01 -1.439858e-02 -2.392034e-02 -5.157088e+00 1.425711e-02 9.998799e-01 -6.074344e-03 -3.381084e-01 2.400493e-02 5.730940e-03 9.996954e-01 2.487131e+01
9.998162e-01 7.952945e-03 1.744231e-02 -5.204063e+00 -8.018803e-03 9.999610e-01 3.709102e-03 -3.478553e-01 -1.741213e-02 -3.848287e-03 9.998410e-01 2.522198e+01
9.995244e-01 -1.750695e-02 -2.538786e-02 -5.202721e+00 1.735108e-02 9.998293e-01 -6.346957e-03 -3.593084e-01 2.549464e-02 5.903431e-03 9.996575e-01 2.544446e+01
9.996936e-01 1.456661e-02 2.001514e-02 -5.100539e+00 -1.463867e-02 9.998869e-01 3.458559e-03 -3.724095e-01 -1.996250e-02 -3.750494e-03 9.997937e-01 2.554303e+01
9.994437e-01 -2.015634e-02 -2.657012e-02 -5.008353e+00 2.000296e-02 9.997818e-01 -6.025882e-03 -3.849706e-01 2.668578e-02 5.491049e-03 9.996288e-01 2.568319e+01
9.995682e-01 1.613278e-02 2.455848e-02 -4.915531e+00 -1.628055e-02 9.998505e-01 5.829384e-03 -3.984506e-01 -2.446076e-02 -6.226692e-03 9.996814e-01 2.579404e+01
9.992780e-01 -2.316467e-02 -3.011343e-02 -4.879487e+00 2.297076e-02 9.997132e-01 -6.769399e-03 -4.104923e-01 3.026161e-02 6.072783e-03 9.995236e-01 2.598158e+01
9.996488e-01 1.454692e-02 2.214935e-02 -4.888569e+00 -1.463763e-02 9.998851e-01 3.939058e-03 -4.214073e-01 -2.208950e-02 -4.261889e-03 9.997469e-01 2.621812e+01
9.987004e-01 -4.836132e-02 -1.608196e-02 -4.470454e+00 4.702596e-02 9.960723e-01 -7.502363e-02 -4.360704e-01 1.964703e-02 7.416986e-02 9.970521e-01 2.616065e+01
9.949453e-01 8.658446e-02 5.086237e-02 -4.127387e+00 -8.981659e-02 9.938265e-01 6.512990e-02 -4.472936e-01 -4.490913e-02 -6.936897e-02 9.965797e-01 2.623301e+01
9.942056e-01 -9.411317e-02 -5.194187e-02 -4.202921e+00 9.027006e-02 9.933152e-01 -7.194668e-02 -4.554262e-01 5.836578e-02 6.684099e-02 9.960551e-01 2.662272e+01
9.555446e-01 -2.201965e-01 -1.960815e-01 -2.408358e+00 2.733279e-01 9.109336e-01 3.090176e-01 -4.724852e-01 1.105726e-01 -3.488747e-01 9.306235e-01 2.588284e+01
9.803388e-01 1.415241e-01 1.375017e-01 -1.211785e+00 -7.863098e-02 9.193120e-01 -3.855939e-01 -4.804921e-01 -1.809778e-01 3.672008e-01 9.123654e-01 2.536158e+01
9.781831e-01 -8.830832e-02 -1.880411e-01 -1.180526e+00 1.528800e-01 9.188623e-01 3.637578e-01 -4.929552e-01 1.406610e-01 -3.845694e-01 9.123162e-01 2.552182e+01
9.806785e-01 1.429576e-01 1.335398e-01 -1.140006e+00 -8.124024e-02 9.185913e-01 -3.867687e-01 -5.053167e-01 -1.779600e-01 3.684469e-01 9.124566e-01 2.568067e+01
9.816020e-01 -7.702349e-02 -1.747135e-01 -1.040644e+00 1.384198e-01 9.173346e-01 3.732789e-01 -5.181359e-01 1.315195e-01 -3.905952e-01 9.111191e-01 2.588482e+01
9.837479e-01 1.308851e-01 1.229196e-01 -1.077444e+00 -7.304585e-02 9.170933e-01 -3.919238e-01 -5.281220e-01 -1.640257e-01 3.765754e-01 9.117491e-01 2.618025e+01
9.833706e-01 -7.788049e-02 -1.640635e-01 -1.033024e+00 1.354021e-01 9.164509e-01 3.765422e-01 -5.395492e-01 1.210309e-01 -3.924951e-01 9.117561e-01 2.634609e+01
9.855059e-01 1.286092e-01 1.106247e-01 -1.029008e+00 -7.598961e-02 9.177012e-01 -3.899361e-01 -5.506103e-01 -1.516698e-01 3.758780e-01 9.141729e-01 2.656877e+01
9.840095e-01 -8.345094e-02 -1.573568e-01 -1.114416e+00 1.372378e-01 9.183721e-01 3.711583e-01 -5.586146e-01 1.135385e-01 -3.868186e-01 9.151395e-01 2.698770e+01
9.852449e-01 1.342501e-01 1.061577e-01 -1.199094e+00 -8.335364e-02 9.181085e-01 -3.874649e-01 -5.664169e-01 -1.494815e-01 3.728991e-01 9.157519e-01 2.738823e+01
9.865238e-01 -7.303295e-02 -1.464140e-01 -1.231185e+00 1.241752e-01 9.168935e-01 3.793241e-01 -5.765009e-01 1.065429e-01 -3.923932e-01 9.136061e-01 2.786166e+01
9.877476e-01 1.181324e-01 1.019779e-01 -1.190799e+00 -7.008062e-02 9.196208e-01 -3.865052e-01 -5.860505e-01 -1.394398e-01 3.746229e-01 9.166320e-01 2.818861e+01
9.865742e-01 -7.664515e-02 -1.442113e-01 -1.310811e+00 1.255552e-01 9.206542e-01 3.696372e-01 -5.925404e-01 1.044378e-01 -3.827810e-01 9.179169e-01 2.868715e+01
9.873587e-01 1.177270e-01 1.061282e-01 -1.248170e+00 -6.674598e-02 9.161300e-01 -3.952857e-01 -6.039933e-01 -1.437631e-01 3.832051e-01 9.124067e-01 2.890664e+01
9.866797e-01 -6.384112e-02 -1.496242e-01 -1.236998e+00 1.178523e-01 9.145376e-01 3.869519e-01 -6.155737e-01 1.121335e-01 -3.994311e-01 9.098796e-01 2.918678e+01
9.880076e-01 1.128932e-01 1.053378e-01 -1.339027e+00 -6.148129e-02 9.134416e-01 -4.022991e-01 -6.230812e-01 -1.416368e-01 3.909983e-01 9.094280e-01 2.963475e+01
9.864918e-01 -6.867464e-02 -1.487204e-01 -1.410583e+00 1.219949e-01 9.138841e-01 3.872120e-01 -6.317079e-01 1.093215e-01 -4.001246e-01 9.099171e-01 3.000499e+01
9.883872e-01 1.128592e-01 1.017526e-01 -1.426555e+00 -6.277510e-02 9.130646e-01 -4.029544e-01 -6.425035e-01 -1.383838e-01 3.918875e-01 9.095461e-01 3.025189e+01
9.867738e-01 -7.339903e-02 -1.445336e-01 -1.411721e+00 1.247597e-01 9.131601e-01 3.880382e-01 -6.544398e-01 1.035007e-01 -4.009379e-01 9.102398e-01 3.043880e+01
9.883188e-01 1.196862e-01 9.434578e-02 -1.441971e+00 -7.237779e-02 9.134111e-01 -4.005515e-01 -6.648506e-01 -1.341170e-01 3.890441e-01 9.114041e-01 3.069790e+01
9.870740e-01 -7.651325e-02 -1.408215e-01 -1.536985e+00 1.259535e-01 9.136809e-01 3.864233e-01 -6.718642e-01 9.909942e-02 -3.991653e-01 9.115077e-01 3.115636e+01
9.883651e-01 1.204461e-01 9.288260e-02 -1.656332e+00 -7.332924e-02 9.123479e-01 -4.027955e-01 -6.781234e-01 -1.332564e-01 3.912980e-01 9.105650e-01 3.172238e+01
9.872906e-01 -7.904960e-02 -1.378710e-01 -1.797493e+00 1.272215e-01 9.130352e-01 3.875325e-01 -6.829490e-01 9.524679e-02 -4.001474e-01 9.114879e-01 3.229554e+01
9.886353e-01 1.212929e-01 8.881626e-02 -1.912123e+00 -7.565419e-02 9.119437e-01 -4.032805e-01 -6.896480e-01 -1.299105e-01 3.919780e-01 9.107560e-01 3.280634e+01
9.875795e-01 -7.920457e-02 -1.356960e-01 -2.037658e+00 1.266478e-01 9.124255e-01 3.891529e-01 -6.954275e-01 9.298979e-02 -4.015050e-01 9.111238e-01 3.334897e+01
9.884783e-01 1.234416e-01 8.759422e-02 -2.125674e+00 -7.813860e-02 9.117883e-01 -4.031580e-01 -7.032751e-01 -1.296339e-01 3.916685e-01 9.109286e-01 3.389140e+01
9.873030e-01 -8.356260e-02 -1.350929e-01 -2.243568e+00 1.304487e-01 9.118010e-01 3.893611e-01 -7.089715e-01 9.064180e-02 -4.020401e-01 9.111245e-01 3.443309e+01
9.883534e-01 1.257990e-01 8.562861e-02 -2.418550e+00 -8.087579e-02 9.108716e-01 -4.046877e-01 -7.119466e-01 -1.289060e-01 3.930491e-01 9.104371e-01 3.511463e+01
9.874427e-01 -8.457350e-02 -1.334324e-01 -2.583988e+00 1.307504e-01 9.115618e-01 3.898197e-01 -7.154607e-01 8.866343e-02 -4.023710e-01 9.111731e-01 3.576979e+01
9.886003e-01 1.253793e-01 8.336381e-02 -2.742898e+00 -8.108667e-02 9.098815e-01 -4.068668e-01 -7.199350e-01 -1.268638e-01 3.954689e-01 9.096757e-01 3.641353e+01
9.883439e-01 -8.159758e-02 -1.285233e-01 -2.803339e+00 1.266121e-01 9.093405e-01 3.963195e-01 -7.277986e-01 8.453271e-02 -4.079726e-01 9.090724e-01 3.682132e+01
9.856314e-01 1.354052e-01 1.009757e-01 -2.573495e+00 -8.238358e-02 9.072509e-01 -4.124424e-01 -7.408641e-01 -1.474571e-01 3.981975e-01 9.053702e-01 3.686753e+01
9.841595e-01 -8.654619e-02 -1.547252e-01 -2.530284e+00 1.427327e-01 9.044626e-01 4.019636e-01 -7.519768e-01 1.051548e-01 -4.176806e-01 9.024884e-01 3.707583e+01
9.862601e-01 1.347277e-01 9.560059e-02 -2.565321e+00 -8.312892e-02 9.048355e-01 -4.175672e-01 -7.610944e-01 -1.427607e-01 4.038827e-01 9.036029e-01 3.741772e+01
9.849537e-01 -8.653872e-02 -1.495900e-01 -2.652900e+00 1.403882e-01 9.054538e-01 4.005553e-01 -7.689565e-01 1.007833e-01 -4.155291e-01 9.039792e-01 3.787199e+01
9.863162e-01 1.347959e-01 9.492318e-02 -2.750991e+00 -8.330324e-02 9.043321e-01 -4.186216e-01 -7.765786e-01 -1.422705e-01 4.049859e-01 9.031863e-01 3.833720e+01
9.848141e-01 -8.817098e-02 -1.495561e-01 -2.821981e+00 1.420929e-01 9.043103e-01 4.025325e-01 -7.846354e-01 9.975341e-02 -4.176706e-01 9.031061e-01 3.872650e+01
9.860514e-01 1.380026e-01 9.304820e-02 -2.947312e+00 -8.684078e-02 9.034889e-01 -4.197218e-01 -7.903566e-01 -1.419907e-01 4.057869e-01 9.028708e-01 3.929512e+01
9.847531e-01 -9.378954e-02 -1.465089e-01 -3.078184e+00 1.458978e-01 9.039564e-01 4.019660e-01 -7.952519e-01 9.473750e-02 -4.172125e-01 9.038576e-01 3.983788e+01
9.862792e-01 1.392152e-01 8.872699e-02 -3.186952e+00 -8.969907e-02 9.031142e-01 -4.199271e-01 -8.017420e-01 -1.385908e-01 4.062066e-01 9.032103e-01 4.030691e+01
9.844333e-01 -9.772359e-02 -1.460860e-01 -3.248862e+00 1.494163e-01 9.030029e-01 4.028157e-01 -8.107791e-01 9.255151e-02 -4.183728e-01 9.035477e-01 4.065870e+01
9.861268e-01 1.434707e-01 8.348748e-02 -3.286101e+00 -9.601154e-02 9.032718e-01 -4.181888e-01 -8.206814e-01 -1.354097e-01 4.043714e-01 9.045153e-01 4.092857e+01
9.843276e-01 -1.039516e-01 -1.424542e-01 -3.344859e+00 1.533418e-01 9.034743e-01 4.002756e-01 -8.297898e-01 8.709438e-02 -4.158465e-01 9.052548e-01 4.128430e+01
9.860773e-01 1.465195e-01 7.863616e-02 -3.389433e+00 -1.010009e-01 9.033979e-01 -4.167385e-01 -8.393759e-01 -1.321001e-01 4.029940e-01 9.056188e-01 4.160344e+01
9.844095e-01 -1.076090e-01 -1.391335e-01 -3.451863e+00 1.552436e-01 9.034182e-01 3.996685e-01 -8.482548e-01 8.268784e-02 -4.150371e-01 9.060391e-01 4.196026e+01
9.856233e-01 1.508580e-01 7.608326e-02 -3.553065e+00 -1.060780e-01 9.030146e-01 -4.163077e-01 -8.553815e-01 -1.315077e-01 4.022518e-01 9.060349e-01 4.240644e+01
9.843897e-01 -1.114915e-01 -1.361860e-01 -3.674826e+00 1.574216e-01 9.037851e-01 3.979835e-01 -8.617660e-01 7.871107e-02 -4.132094e-01 9.072279e-01 4.291558e+01
9.856027e-01 1.526078e-01 7.278811e-02 -3.784571e+00 -1.090195e-01 9.026597e-01 -4.163174e-01 -8.687935e-01 -1.292362e-01 4.023883e-01 9.063011e-01 4.339197e+01
9.841623e-01 -1.152373e-01 -1.347034e-01 -3.864882e+00 1.602105e-01 9.034517e-01 3.976275e-01 -8.771853e-01 7.587654e-02 -4.129109e-01 9.076053e-01 4.378588e+01
9.856774e-01 1.541898e-01 6.830545e-02 -3.930243e+00 -1.126633e-01 9.034489e-01 -4.136267e-01 -8.859205e-01 -1.254875e-01 4.000070e-01 9.078807e-01 4.414146e+01
9.844387e-01 -1.170225e-01 -1.310961e-01 -4.044607e+00 1.602632e-01 9.038904e-01 3.966079e-01 -8.925359e-01 7.208443e-02 -4.114460e-01 9.085791e-01 4.461951e+01
9.855683e-01 1.557839e-01 6.623110e-02 -4.164203e+00 -1.149494e-01 9.031193e-01 -4.137176e-01 -8.987003e-01 -1.242651e-01 4.001337e-01 9.079929e-01 4.511956e+01
9.850194e-01 -1.155001e-01 -1.280490e-01 -4.341007e+00 1.575608e-01 9.045865e-01 3.961033e-01 -9.020665e-01 7.008145e-02 -4.103450e-01 9.092335e-01 4.577483e+01
9.860543e-01 1.529114e-01 6.568898e-02 -4.537333e+00 -1.125501e-01 9.034678e-01 -4.136162e-01 -9.032492e-01 -1.225945e-01 4.004547e-01 9.080785e-01 4.653956e+01
9.850950e-01 -1.177675e-01 -1.253743e-01 -4.722152e+00 1.585380e-01 9.043978e-01 3.961444e-01 -9.052167e-01 6.673531e-02 -4.101164e-01 9.095883e-01 4.726600e+01
9.859243e-01 1.551971e-01 6.218647e-02 -4.919149e+00 -1.161332e-01 9.032711e-01 -4.130550e-01 -9.066541e-01 -1.202762e-01 4.000190e-01 9.085805e-01 4.803383e+01
9.848626e-01 -1.222309e-01 -1.229031e-01 -5.094817e+00 1.615514e-01 9.042527e-01 3.952572e-01 -9.092999e-01 6.282278e-02 -4.091292e-01 9.103113e-01 4.871532e+01
9.864435e-01 1.540086e-01 5.666141e-02 -5.212848e+00 -1.173309e-01 9.033210e-01 -4.126072e-01 -9.156883e-01 -1.147285e-01 4.003655e-01 9.091451e-01 4.923941e+01
9.848053e-01 -1.242767e-01 -1.213008e-01 -5.280414e+00 1.628702e-01 9.033455e-01 3.967875e-01 -9.245180e-01 6.026509e-02 -4.105147e-01 9.098603e-01 4.960926e+01
9.861712e-01 1.570556e-01 5.291346e-02 -5.355055e+00 -1.217076e-01 9.030214e-01 -4.119946e-01 -9.330345e-01 -1.124880e-01 3.998573e-01 9.096486e-01 4.999431e+01
9.845462e-01 -1.289040e-01 -1.185431e-01 -5.435673e+00 1.659132e-01 9.032209e-01 3.958090e-01 -9.413926e-01 5.604922e-02 -4.093601e-01 9.106496e-01 5.039097e+01
9.858432e-01 1.605366e-01 4.838520e-02 -5.509776e+00 -1.267819e-01 9.025694e-01 -4.114546e-01 -9.500374e-01 -1.097245e-01 3.994953e-01 9.101451e-01 5.078005e+01
9.839045e-01 -1.351461e-01 -1.169077e-01 -5.554948e+00 1.709539e-01 9.023603e-01 3.956269e-01 -9.598780e-01 5.202544e-02 -4.092449e-01 9.109402e-01 5.108281e+01
9.857576e-01 1.625044e-01 4.329328e-02 -5.578922e+00 -1.307351e-01 9.024190e-01 -4.105464e-01 -9.706469e-01 -1.057843e-01 3.990392e-01 9.108114e-01 5.133724e+01
9.838070e-01 -1.382304e-01 -1.140883e-01 -5.593396e+00 1.726392e-01 9.018918e-01 3.959631e-01 -9.814843e-01 4.816115e-02 -4.092474e-01 9.111515e-01 5.157091e+01
9.855343e-01 1.647040e-01 3.993369e-02 -5.634072e+00 -1.340178e-01 9.016246e-01 -4.112326e-01 -9.913673e-01 -1.037369e-01 3.999320e-01 9.106553e-01 5.187732e+01
9.843654e-01 -1.372102e-01 -1.104447e-01 -5.721213e+00 1.702516e-01 9.019365e-01 3.968942e-01 -9.985883e-01 4.515618e-02 -4.094923e-01 9.111954e-01 5.233510e+01
9.851382e-01 1.671969e-01 3.934335e-02 -5.860680e+00 -1.365059e-01 9.011330e-01 -4.114917e-01 -1.003149e+00 -1.042537e-01 4.000056e-01 9.105639e-01 5.291962e+01
9.838466e-01 -1.422193e-01 -1.087175e-01 -6.010484e+00 1.740331e-01 9.021402e-01 3.947855e-01 -1.007478e+00 4.193228e-02 -4.073288e-01 9.123184e-01 5.353495e+01
9.846506e-01 1.703930e-01 3.780725e-02 -6.221940e+00 -1.402341e-01 9.013095e-01 -4.098483e-01 -1.007572e+00 -1.039113e-01 3.982555e-01 9.113699e-01 5.431160e+01
9.836157e-01 -1.453489e-01 -1.066487e-01 -6.431989e+00 1.759576e-01 9.027707e-01 3.924845e-01 -1.008340e+00 3.923211e-02 -4.048195e-01 9.135546e-01 5.508382e+01
9.844998e-01 1.718661e-01 3.496040e-02 -6.656846e+00 -1.429148e-01 9.016754e-01 -4.081137e-01 -1.007947e+00 -1.016638e-01 3.967914e-01 9.122615e-01 5.586886e+01
9.835845e-01 -1.471387e-01 -1.044595e-01 -6.884644e+00 1.766838e-01 9.029165e-01 3.918222e-01 -1.007597e+00 3.666601e-02 -4.038465e-01 9.140917e-01 5.667841e+01
9.844659e-01 1.725838e-01 3.227690e-02 -7.113670e+00 -1.447174e-01 9.017037e-01 -4.074155e-01 -1.007316e+00 -9.941751e-02 3.964156e-01 9.126723e-01 5.747642e+01
9.835066e-01 -1.498218e-01 -1.013325e-01 -7.345474e+00 1.778132e-01 9.034926e-01 3.899790e-01 -1.007054e+00 3.312580e-02 -4.015651e-01 9.152312e-01 5.832416e+01
9.845314e-01 1.728181e-01 2.884245e-02 -7.577005e+00 -1.465330e-01 9.024119e-01 -4.051923e-01 -1.006802e+00 -9.605233e-02 3.946982e-01 9.137764e-01 5.913685e+01
9.834076e-01 -1.515919e-01 -9.964672e-02 -7.776764e+00 1.787978e-01 9.028125e-01 3.911021e-01 -1.007197e+00 3.067439e-02 -4.024294e-01 9.149370e-01 5.995940e+01
9.841264e-01 1.752182e-01 2.817427e-02 -7.914746e+00 -1.490344e-01 9.021596e-01 -4.048416e-01 -1.011701e+00 -9.635332e-02 3.942164e-01 9.139527e-01 6.056209e+01
9.824419e-01 -1.560180e-01 -1.023047e-01 -8.040807e+00 1.838555e-01 9.027960e-01 3.887886e-01 -1.017833e+00 3.170229e-02 -4.007715e-01 9.156294e-01 6.109718e+01
9.838339e-01 1.773853e-01 2.460345e-02 -8.146985e+00 -1.527058e-01 9.027361e-01 -4.021797e-01 -1.023940e+00 -9.355121e-02 3.919209e-01 9.152301e-01 6.155939e+01
9.824192e-01 -1.579200e-01 -9.956849e-02 -8.244077e+00 1.844728e-01 9.030922e-01 3.878069e-01 -1.030853e+00 2.867707e-02 -3.993566e-01 9.163470e-01 6.200573e+01
9.836250e-01 1.788820e-01 2.198097e-02 -8.348533e+00 -1.551304e-01 9.024152e-01 -4.019718e-01 -1.037662e+00 -9.174148e-02 3.919796e-01 9.153882e-01 6.247299e+01
9.819212e-01 -1.617877e-01 -9.826216e-02 -8.406716e+00 1.875004e-01 9.025352e-01 3.876516e-01 -1.046593e+00 2.596780e-02 -3.990675e-01 9.165538e-01 6.282372e+01
9.832156e-01 1.815442e-01 1.813031e-02 -8.509699e+00 -1.592830e-01 9.025937e-01 -3.999420e-01 -1.052827e+00 -8.897144e-02 3.903414e-01 9.163611e-01 6.327708e+01
9.815410e-01 -1.671337e-01 -9.297111e-02 -8.617606e+00 1.902448e-01 9.030676e-01 3.850660e-01 -1.058805e+00 1.960169e-02 -3.956453e-01 9.181942e-01 6.379191e+01
9.827399e-01 1.845906e-01 1.218955e-02 -8.695880e+00 -1.645871e-01 9.025225e-01 -3.979501e-01 -1.067132e+00 -8.445919e-02 3.890752e-01 9.173261e-01 6.419196e+01
9.812134e-01 -1.702427e-01 -9.076211e-02 -8.778919e+00 1.922315e-01 9.026083e-01 3.851561e-01 -1.075090e+00 1.635260e-02 -3.953676e-01 9.183774e-01 6.460695e+01
9.826487e-01 1.852798e-01 8.544937e-03 -8.850320e+00 -1.666487e-01 9.021857e-01 -3.978556e-01 -1.083807e+00 -8.142373e-02 3.895283e-01 9.174082e-01 6.499993e+01
9.808195e-01 -1.740733e-01 -8.770170e-02 -8.944312e+00 1.945387e-01 9.022846e-01 3.847559e-01 -1.091233e+00 1.215618e-02 -3.944375e-01 9.188424e-01 6.545244e+01
9.819551e-01 1.890187e-01 6.015333e-03 -8.995300e+00 -1.712685e-01 9.023306e-01 -3.955586e-01 -1.100300e+00 -8.019580e-02 3.873905e-01 9.184210e-01 6.580446e+01
9.802891e-01 -1.776058e-01 -8.654170e-02 -9.089063e+00 1.973317e-01 9.016199e-01 3.848920e-01 -1.106673e+00 9.668670e-03 -3.943828e-01 9.188954e-01 6.628932e+01
9.822925e-01 1.873529e-01 5.731665e-04 -9.158536e+00 -1.719676e-01 9.028332e-01 -3.941058e-01 -1.113830e+00 -7.435432e-02 3.870286e-01 9.190649e-01 6.670568e+01
9.803914e-01 -1.803543e-01 -7.940487e-02 -9.202521e+00 1.970454e-01 9.021755e-01 3.837349e-01 -1.123140e+00 2.428899e-03 -3.918568e-01 9.200230e-01 6.708741e+01
9.819750e-01 1.888827e-01 -6.962928e-03 -9.213494e+00 -1.765078e-01 9.032187e-01 -3.912046e-01 -1.134108e+00 -6.760272e-02 3.853822e-01 9.202774e-01 6.734163e+01
9.808058e-01 -1.798556e-01 -7.531267e-02 -9.268609e+00 1.949848e-01 9.027207e-01 3.835053e-01 -1.142861e+00 -9.892789e-04 -3.908290e-01 9.204628e-01 6.768918e+01
9.814405e-01 1.916328e-01 -7.176128e-03 -9.413259e+00 -1.789567e-01 9.017888e-01 -3.933846e-01 -1.147404e+00 -6.891406e-02 3.873678e-01 9.193460e-01 6.826723e+01
9.796062e-01 -1.863838e-01 -7.505124e-02 -9.536276e+00 2.008953e-01 9.019398e-01 3.822900e-01 -1.153133e+00 -3.560960e-03 -3.895711e-01 9.209895e-01 6.883224e+01
9.804062e-01 1.967141e-01 -1.035483e-02 -9.663734e+00 -1.850216e-01 9.015425e-01 -3.911370e-01 -1.158312e+00 -6.760684e-02 3.853890e-01 9.202742e-01 6.938481e+01
9.785435e-01 -1.925497e-01 -7.332917e-02 -9.748631e+00 2.059140e-01 9.014621e-01 3.807433e-01 -1.165540e+00 -7.208533e-03 -3.876734e-01 9.217686e-01 6.984206e+01
9.802294e-01 1.976399e-01 -9.425569e-03 -9.832352e+00 -1.854931e-01 9.013175e-01 -3.914320e-01 -1.172857e+00 -6.886715e-02 3.854416e-01 9.201587e-01 7.031659e+01
9.784056e-01 -1.911982e-01 -7.852190e-02 -9.884988e+00 2.066714e-01 8.993300e-01 3.853473e-01 -1.180487e+00 -3.060607e-03 -3.932542e-01 9.194247e-01 7.074751e+01
9.797685e-01 1.998760e-01 -1.016366e-02 -1.004322e+01 -1.874042e-01 8.984409e-01 -3.970940e-01 -1.184433e+00 -7.023811e-02 3.909649e-01 9.177217e-01 7.139018e+01
9.776332e-01 -1.960664e-01 -7.610107e-02 -1.011280e+01 2.101875e-01 8.981086e-01 3.862929e-01 -1.192348e+00 -7.392022e-03 -3.936482e-01 9.192314e-01 7.182622e+01
9.786284e-01 2.050309e-01 -1.577483e-02 -1.017129e+01 -1.945904e-01 8.985250e-01 -3.934303e-01 -1.200628e+00 -6.649128e-02 3.880917e-01 9.192191e-01 7.219774e+01
9.768106e-01 -2.005558e-01 -7.495594e-02 -1.021593e+01 2.138842e-01 8.981461e-01 3.841707e-01 -1.210210e+00 -9.726286e-03 -3.912939e-01 9.202144e-01 7.257444e+01
9.776434e-01 2.095193e-01 -1.775174e-02 -1.030595e+01 -1.995638e-01 8.979573e-01 -3.922334e-01 -1.217541e+00 -6.624017e-02 3.870070e-01 9.196944e-01 7.310262e+01
9.776047e-01 -1.975610e-01 -7.251743e-02 -1.026656e+01 2.102113e-01 9.002926e-01 3.811620e-01 -1.226071e+00 -1.001583e-02 -3.878697e-01 9.216598e-01 7.351104e+01
9.780319e-01 2.081775e-01 -1.075472e-02 -1.035439e+01 -1.959188e-01 9.003675e-01 -3.885282e-01 -1.232817e+00 -7.119963e-02 3.821000e-01 9.213741e-01 7.399464e+01
9.892476e-01 -1.371429e-01 -5.080421e-02 -1.034502e+01 1.456555e-01 8.925610e-01 4.267544e-01 -1.233946e+00 -1.318050e-02 -4.295657e-01 9.029394e-01 7.493619e+01
9.908234e-01 1.346475e-01 -1.179485e-02 -1.060700e+01 -1.260778e-01 8.892441e-01 -4.397151e-01 -1.224296e+00 -4.871803e-02 4.371670e-01 8.980599e-01 7.609132e+01
9.899581e-01 -1.303887e-01 -5.460565e-02 -1.071818e+01 1.411514e-01 8.907241e-01 4.320728e-01 -1.231635e+00 -7.698856e-03 -4.354416e-01 9.001841e-01 7.664790e+01
9.875826e-01 1.571005e-01 -8.080659e-05 -1.071329e+01 -1.422535e-01 8.940314e-01 -4.248197e-01 -1.240502e+00 -6.666716e-02 4.195561e-01 9.052780e-01 7.713061e+01
9.869631e-01 -1.441901e-01 -7.150598e-02 -1.077453e+01 1.609058e-01 8.940115e-01 4.181540e-01 -1.249010e+00 3.633494e-03 -4.242083e-01 9.055574e-01 7.759939e+01
9.872178e-01 1.593697e-01 -1.547300e-03 -1.082017e+01 -1.450864e-01 8.946367e-01 -4.225815e-01 -1.257834e+00 -6.596242e-02 4.174044e-01 9.063236e-01 7.801774e+01
9.854458e-01 -1.522473e-01 -7.561263e-02 -1.084084e+01 1.699368e-01 8.934176e-01 4.158443e-01 -1.267921e+00 4.242463e-03 -4.226414e-01 9.062871e-01 7.833903e+01
9.849474e-01 1.727529e-01 5.916253e-03 -1.076947e+01 -1.541853e-01 8.935266e-01 -4.217074e-01 -1.279452e+00 -7.813753e-02 4.144474e-01 9.067127e-01 7.855278e+01
9.843128e-01 -1.547870e-01 -8.467201e-02 -1.059600e+01 1.762294e-01 8.855734e-01 4.297707e-01 -1.293340e+00 8.460355e-03 -4.379505e-01 8.989593e-01 7.870706e+01
9.823169e-01 1.870172e-01 8.835705e-03 -1.071496e+01 -1.642358e-01 8.833927e-01 -4.389122e-01 -1.295364e+00 -8.988954e-02 4.296997e-01 8.984865e-01 7.937663e+01
9.814893e-01 -1.676530e-01 -9.258052e-02 -1.085280e+01 1.912372e-01 8.840499e-01 4.264788e-01 -1.300273e+00 1.034537e-02 -4.362892e-01 8.997470e-01 8.002493e+01
9.830496e-01 1.833292e-01 1.959154e-03 -1.092355e+01 -1.641555e-01 8.848949e-01 -4.359059e-01 -1.308398e+00 -8.164790e-02 4.281955e-01 8.999901e-01 8.043189e+01
9.833343e-01 -1.688022e-01 -6.752412e-02 -1.070564e+01 1.816418e-01 8.963524e-01 4.044238e-01 -1.319954e+00 -7.742232e-03 -4.099490e-01 9.120756e-01 8.051119e+01
9.834185e-01 1.808314e-01 -1.371019e-02 -1.058400e+01 -1.705582e-01 8.965576e-01 -4.087717e-01 -1.333109e+00 -6.162679e-02 4.043320e-01 9.125337e-01 8.062163e+01
9.819534e-01 -1.772305e-01 -6.600595e-02 -1.056866e+01 1.887325e-01 8.958964e-01 4.021813e-01 -1.343685e+00 -1.214430e-02 -4.073807e-01 9.131777e-01 8.085865e+01
9.830232e-01 1.825405e-01 -1.855421e-02 -1.053871e+01 -1.742198e-01 8.968986e-01 -4.064730e-01 -1.355805e+00 -5.755654e-02 4.028049e-01 9.134744e-01 8.108596e+01
9.825349e-01 -1.745439e-01 -6.449493e-02 -1.053484e+01 1.856474e-01 8.959192e-01 4.035638e-01 -1.366996e+00 -1.265734e-02 -4.084889e-01 9.126755e-01 8.140501e+01
9.764263e-01 2.116749e-01 4.225376e-02 -9.892376e+00 -1.746075e-01 8.896617e-01 -4.219174e-01 -1.376591e+00 -1.269009e-01 4.045935e-01 9.056491e-01 8.134130e+01
9.763168e-01 -1.728666e-01 -1.300872e-01 -9.926522e+00 2.116564e-01 8.877117e-01 4.088636e-01 -1.384959e+00 4.480108e-02 -4.267142e-01 9.032762e-01 8.177532e+01
9.777437e-01 2.065773e-01 3.664712e-02 -9.945641e+00 -1.718351e-01 8.887107e-01 -4.250481e-01 -1.395275e+00 -1.203740e-01 4.092909e-01 9.044286e-01 8.210644e+01
9.753267e-01 -1.789727e-01 -1.292541e-01 -9.981651e+00 2.167462e-01 8.875114e-01 4.066258e-01 -1.404986e+00 4.193952e-02 -4.246084e-01 9.044052e-01 8.246533e+01
9.772178e-01 2.096509e-01 3.304405e-02 -1.002965e+01 -1.762453e-01 8.883398e-01 -4.240164e-01 -1.413927e+00 -1.182498e-01 4.085325e-01 9.050515e-01 8.283825e+01
9.744807e-01 -1.842018e-01 -1.282850e-01 -1.004808e+01 2.210657e-01 8.867018e-01 4.060663e-01 -1.424152e+00 3.895235e-02 -4.240632e-01 9.047945e-01 8.316649e+01
9.761032e-01 2.151552e-01 3.050875e-02 -1.008570e+01 -1.824793e-01 8.877786e-01 -4.225522e-01 -1.432609e+00 -1.179993e-01 4.068874e-01 9.058250e-01 8.358980e+01
9.756642e-01 -1.831129e-01 -1.206194e-01 -1.012544e+01 2.169198e-01 8.863719e-01 4.090117e-01 -1.440550e+00 3.201829e-02 -4.252228e-01 9.045222e-01 8.402807e+01
9.769403e-01 2.119991e-01 2.537758e-02 -1.013027e+01 -1.816202e-01 8.876148e-01 -4.232660e-01 -1.450669e+00 -1.122575e-01 4.088965e-01 9.056500e-01 8.430606e+01
9.755659e-01 -1.837546e-01 -1.204388e-01 -1.012124e+01 2.174484e-01 8.859401e-01 4.096662e-01 -1.460881e+00 3.142352e-02 -4.258455e-01 9.042500e-01 8.465231e+01
9.772065e-01 2.108988e-01 2.427185e-02 -1.019097e+01 -1.809028e-01 8.870929e-01 -4.246649e-01 -1.467881e+00 -1.110927e-01 4.105945e-01 9.050252e-01 8.517345e+01
9.765361e-01 -1.820811e-01 -1.149946e-01 -1.023779e+01 2.136831e-01 8.856390e-01 4.122901e-01 -1.476436e+00 2.677345e-02 -4.271885e-01 9.037661e-01 8.561060e+01
9.771934e-01 2.111140e-01 2.289179e-02 -1.024067e+01 -1.815560e-01 8.865232e-01 -4.255749e-01 -1.487107e+00 -1.101389e-01 4.117128e-01 9.046336e-01 8.591727e+01
9.761649e-01 -1.849914e-01 -1.134908e-01 -1.022087e+01 2.156836e-01 8.850549e-01 4.125025e-01 -1.498167e+00 2.413620e-02 -4.271486e-01 9.038592e-01 8.619071e+01
9.773434e-01 2.105497e-01 2.164960e-02 -1.018889e+01 -1.815571e-01 8.865231e-01 -4.255746e-01 -1.509265e+00 -1.087975e-01 4.120019e-01 9.046643e-01 8.645396e+01
9.771535e-01 -1.809672e-01 -1.114535e-01 -1.014144e+01 2.112970e-01 8.836842e-01 4.176791e-01 -1.520270e+00 2.290348e-02 -4.316864e-01 9.017329e-01 8.671637e+01
9.758137e-01 2.171700e-01 2.499777e-02 -9.944981e+00 -1.859017e-01 8.845561e-01 -4.277863e-01 -1.531816e+00 -1.150143e-01 4.127925e-01 9.035342e-01 8.690332e+01
9.792824e-01 -1.684729e-01 -1.123514e-01 -9.727652e+00 2.005342e-01 8.839305e-01 4.224368e-01 -1.543509e+00 2.814169e-02 -4.362152e-01 8.994022e-01 8.717389e+01
9.771716e-01 2.092135e-01 3.695194e-02 -9.422003e+00 -1.702616e-01 8.752119e-01 -4.527859e-01 -1.558259e+00 -1.270697e-01 4.361580e-01 8.908532e-01 8.723825e+01
9.828142e-01 -1.480232e-01 -1.102969e-01 -9.154902e+00 1.818075e-01 8.796690e-01 4.394638e-01 -1.571309e+00 3.197396e-02 -4.519641e-01 8.914629e-01 8.735431e+01
9.840817e-01 1.755218e-01 2.784459e-02 -9.102998e+00 -1.454764e-01 8.856007e-01 -4.410760e-01 -1.580457e+00 -1.020776e-01 4.300041e-01 8.970377e-01 8.770505e+01
9.788977e-01 -1.732473e-01 -1.083730e-01 -8.792938e+00 2.028712e-01 8.876004e-01 4.135322e-01 -1.591541e+00 2.454861e-02 -4.267915e-01 9.040168e-01 8.768791e+01
9.785787e-01 2.037760e-01 2.930936e-02 -8.601916e+00 -1.735504e-01 8.931179e-01 -4.149948e-01 -1.603561e+00 -1.107427e-01 4.010184e-01 9.093516e-01 8.782083e+01
9.829654e-01 -1.183305e-01 -1.406304e-01 -8.217963e+00 1.650423e-01 9.049918e-01 3.921108e-01 -1.613637e+00 8.087070e-02 -4.086413e-01 9.091052e-01 8.823689e+01
9.909557e-01 1.177385e-01 6.437737e-02 -7.704159e+00 -7.086795e-02 8.665728e-01 -4.939932e-01 -1.626410e+00 -1.139497e-01 4.849631e-01 8.670792e-01 8.836605e+01
9.884245e-01 -7.943965e-02 -1.292528e-01 -7.596754e+00 1.326979e-01 8.656564e-01 4.827320e-01 -1.635326e+00 7.354042e-02 -4.942957e-01 8.661775e-01 8.867020e+01
9.904849e-01 1.190776e-01 6.899421e-02 -7.398521e+00 -6.696844e-02 8.550114e-01 -5.142671e-01 -1.647393e+00 -1.202285e-01 5.047534e-01 8.548504e-01 8.877288e+01
9.910125e-01 -5.953074e-02 -1.197926e-01 -7.263300e+00 1.133329e-01 8.493760e-01 5.154765e-01 -1.658701e+00 7.106229e-02 -5.244202e-01 8.484890e-01 8.906972e+01
9.928243e-01 1.023237e-01 6.188509e-02 -7.280819e+00 -5.530772e-02 8.517502e-01 -5.210208e-01 -1.665924e+00 -1.060234e-01 5.138594e-01 8.512976e-01 8.957314e+01
9.933591e-01 -5.732692e-02 -9.975648e-02 -7.102062e+00 1.007798e-01 8.518333e-01 5.140268e-01 -1.676671e+00 5.550831e-02 -5.206666e-01 8.519537e-01 8.983236e+01
9.953436e-01 8.712154e-02 4.124271e-02 -6.527958e+00 -5.523672e-02 8.661838e-01 -4.966634e-01 -1.686942e+00 -7.899384e-02 4.920726e-01 8.669628e-01 8.961226e+01
9.939485e-01 -6.938474e-02 -8.515917e-02 -6.198305e+00 1.028129e-01 8.605840e-01 4.988233e-01 -1.698754e+00 3.867589e-02 -5.045601e-01 8.625099e-01 8.955425e+01
9.874066e-01 1.555943e-01 2.861216e-02 -5.787250e+00 -1.209051e-01 8.588117e-01 -4.978197e-01 -1.708478e+00 -1.020304e-01 4.880911e-01 8.668084e-01 8.970174e+01
9.859470e-01 -1.230586e-01 -1.129823e-01 -5.383344e+00 1.638485e-01 8.442501e-01 5.102896e-01 -1.719367e+00 3.258983e-02 -5.216305e-01 8.525488e-01 8.961562e+01
9.883243e-01 1.482652e-01 3.510628e-02 -5.149364e+00 -1.111189e-01 8.590326e-01 -4.997156e-01 -1.730189e+00 -1.042479e-01 4.899801e-01 8.654778e-01 8.973424e+01
9.847217e-01 -1.292322e-01 -1.167140e-01 -5.038132e+00 1.705384e-01 8.512278e-01 4.963144e-01 -1.740194e+00 3.521038e-02 -5.086358e-01 8.602615e-01 9.003058e+01
9.860782e-01 1.630356e-01 3.269783e-02 -4.863216e+00 -1.252722e-01 8.576888e-01 -4.986750e-01 -1.750087e+00 -1.093463e-01 4.876364e-01 8.661721e-01 9.029236e+01
9.822720e-01 -1.485480e-01 -1.143473e-01 -4.784130e+00 1.846266e-01 8.722804e-01 4.528135e-01 -1.758816e+00 3.247841e-02 -4.658975e-01 8.842424e-01 9.077221e+01
9.840294e-01 1.759607e-01 2.690793e-02 -4.781189e+00 -1.437199e-01 8.745523e-01 -4.631446e-01 -1.767829e+00 -1.050277e-01 4.518807e-01 8.858742e-01 9.113346e+01
9.833058e-01 -1.450043e-01 -1.099252e-01 -4.773490e+00 1.794882e-01 8.722008e-01 4.550272e-01 -1.778111e+00 2.989593e-02 -4.671611e-01 8.836666e-01 9.145929e+01
9.848975e-01 1.716854e-01 2.238223e-02 -4.812842e+00 -1.417942e-01 8.740114e-01 -4.647564e-01 -1.785483e+00 -9.935422e-02 4.545638e-01 8.851556e-01 9.193597e+01
9.835876e-01 -1.468360e-01 -1.048548e-01 -4.912625e+00 1.787153e-01 8.727905e-01 4.541999e-01 -1.790557e+00 2.482340e-02 -4.654845e-01 8.847078e-01 9.256343e+01
9.826907e-01 1.832177e-01 2.738958e-02 -4.943617e+00 -1.507732e-01 8.769037e-01 -4.564069e-01 -1.796927e+00 -1.076398e-01 4.443772e-01 8.893495e-01 9.307860e+01
9.802571e-01 -1.595633e-01 -1.167715e-01 -4.969340e+00 1.951585e-01 8.756618e-01 4.417348e-01 -1.806323e+00 3.176762e-02 -4.558026e-01 8.895138e-01 9.340111e+01
9.822530e-01 1.863109e-01 2.161740e-02 -4.990685e+00 -1.562747e-01 8.766879e-01 -4.549687e-01 -1.815794e+00 -1.037173e-01 4.435161e-01 8.902450e-01 9.372266e+01
9.825160e-01 -1.516501e-01 -1.080022e-01 -4.974837e+00 1.843281e-01 8.739224e-01 4.497586e-01 -1.825129e+00 2.617954e-02 -4.618029e-01 8.865961e-01 9.408193e+01
9.856140e-01 1.681719e-01 1.683235e-02 -4.916740e+00 -1.409244e-01 8.727110e-01 -4.674567e-01 -1.835999e+00 -9.330285e-02 4.583598e-01 8.838557e-01 9.429838e+01
9.846755e-01 -1.427205e-01 -1.002245e-01 -4.844594e+00 1.731092e-01 8.695733e-01 4.624668e-01 -1.848679e+00 2.114908e-02 -4.727295e-01 8.809538e-01 9.451205e+01
9.838654e-01 1.772529e-01 2.429413e-02 -4.770167e+00 -1.458641e-01 8.733381e-01 -4.647625e-01 -1.859956e+00 -1.035975e-01 4.537201e-01 8.851020e-01 9.476575e+01
9.821915e-01 -1.523838e-01 -1.099048e-01 -4.735165e+00 1.860006e-01 8.712247e-01 4.542810e-01 -1.871103e+00 2.652667e-02 -4.666333e-01 8.840530e-01 9.502008e+01
9.835764e-01 1.796417e-01 1.750164e-02 -4.778006e+00 -1.509313e-01 8.717863e-01 -4.660562e-01 -1.880095e+00 -9.898085e-02 4.557604e-01 8.845820e-01 9.535738e+01
9.821826e-01 -1.562426e-01 -1.044300e-01 -4.846237e+00 1.868360e-01 8.716764e-01 4.530702e-01 -1.888173e+00 2.024029e-02 -4.645089e-01 8.853371e-01 9.576012e+01
9.833535e-01 1.812409e-01 1.294825e-02 -4.884057e+00 -1.546205e-01 8.720887e-01 -4.642776e-01 -1.897768e+00 -9.543814e-02 4.545470e-01 8.855951e-01 9.610016e+01
9.809874e-01 -1.628335e-01 -1.055887e-01 -4.893253e+00 1.932182e-01 8.704305e-01 4.527885e-01 -1.907735e+00 1.817847e-02 -4.645815e-01 8.853438e-01 9.638849e+01
9.818501e-01 1.892476e-01 1.248313e-02 -4.919946e+00 -1.620422e-01 8.712635e-01 -4.632950e-01 -1.917301e+00 -9.855356e-02 4.528635e-01 8.861162e-01 9.672229e+01
9.831763e-01 -1.583994e-01 -9.096103e-02 -4.759786e+00 1.824915e-01 8.731286e-01 4.520434e-01 -1.930444e+00 7.817291e-03 -4.610380e-01 8.873460e-01 9.677406e+01
9.852167e-01 1.713016e-01 -1.958987e-03 -4.720565e+00 -1.531188e-01 8.753976e-01 -4.585124e-01 -1.942100e+00 -7.682901e-02 4.520340e-01 8.886859e-01 9.697328e+01
9.838644e-01 -1.578570e-01 -8.421446e-02 -4.791836e+00 1.788943e-01 8.752830e-01 4.493066e-01 -1.949792e+00 2.785291e-03 -4.571222e-01 8.893995e-01 9.737974e+01
9.844880e-01 1.754422e-01 -1.835316e-03 -4.891825e+00 -1.567421e-01 8.747568e-01 -4.585111e-01 -1.956331e+00 -7.883673e-02 4.516863e-01 8.886868e-01 9.788449e+01
9.828489e-01 -1.635043e-01 -8.528973e-02 -4.974853e+00 1.844073e-01 8.748733e-01 4.478734e-01 -1.963904e+00 1.388499e-03 -4.559199e-01 8.900197e-01 9.832099e+01
9.837334e-01 1.795673e-01 -4.919667e-03 -5.042632e+00 -1.619341e-01 8.746125e-01 -4.569796e-01 -1.972394e+00 -7.775579e-02 4.503427e-01 8.894636e-01 9.871903e+01
9.822246e-01 -1.676398e-01 -8.444920e-02 -5.103717e+00 1.877061e-01 8.745535e-01 4.471270e-01 -1.981202e+00 -1.100962e-03 -4.550308e-01 8.904750e-01 9.909917e+01
