1.000000e+00 1.197625e-11 1.704638e-10 5.551115e-17 1.197625e-11 1.000000e+00 3.562503e-10 0.000000e+00 1.704638e-10 3.562503e-10 1.000000e+00 2.220446e-16 0.000000e+00 0.000000e+00 0.000000e+00 1.000000e+00
9.943043e-01 2.877557e-02 -1.026199e-01 3.957292e-02 -1.735892e-02 9.937293e-01 1.104569e-01 -6.255757e-03 1.051548e-01 -1.080464e-01 9.885689e-01 1.489184e-01
9.999803e-01 5.133525e-03 3.608453e-03 7.491482e-02 -5.145624e-03 9.999811e-01 3.351877e-03 -1.263103e-02 -3.591178e-03 -3.370378e-03 9.999879e-01 3.091896e-01
9.950248e-01 3.795280e-02 -9.211523e-02 1.093273e-01 -2.918238e-02 9.950726e-01 9.475745e-02 -1.937855e-02 9.525765e-02 -9.159787e-02 9.912294e-01 4.486813e-01
9.999912e-01 -6.602970e-05 4.203399e-03 1.512033e-01 2.584615e-05 9.999543e-01 9.559138e-03 -2.615214e-02 -4.203838e-03 -9.558944e-03 9.999455e-01 5.916230e-01
9.944028e-01 4.179651e-02 -9.703691e-02 1.839473e-01 -3.271743e-02 9.950967e-01 9.333844e-02 -3.259122e-02 1.004623e-01 -8.964121e-02 9.908944e-01 7.412926e-01
9.997122e-01 2.319471e-03 2.387890e-02 2.279739e-01 -2.265615e-03 9.999948e-01 -2.282182e-03 -3.967685e-02 -2.388406e-02 2.227425e-03 9.997123e-01 8.544633e-01
9.917356e-01 4.643050e-02 -1.196026e-01 2.598436e-01 -3.513851e-02 9.948713e-01 9.484963e-02 -4.614564e-02 1.233931e-01 -8.986310e-02 9.882807e-01 9.920443e-01
9.997512e-01 -1.295381e-02 1.816044e-02 2.928050e-01 1.281167e-02 9.998865e-01 7.921972e-03 -5.242721e-02 -1.826099e-02 -7.687335e-03 9.998037e-01 1.131144e+00
9.918037e-01 4.087107e-02 -1.210578e-01 3.461519e-01 -2.769188e-02 9.936982e-01 1.086142e-01 -5.859921e-02 1.247341e-01 -1.043716e-01 9.866853e-01 1.259188e+00
9.997283e-01 -6.519025e-03 2.237709e-02 3.899044e-01 6.373713e-03 9.999582e-01 6.559026e-03 -6.507301e-02 -2.241891e-02 -6.414618e-03 9.997281e-01 1.403026e+00
9.923724e-01 5.528634e-02 -1.101839e-01 4.194840e-01 -4.509736e-02 9.946526e-01 9.291123e-02 -7.167693e-02 1.147314e-01 -8.723354e-02 9.895590e-01 1.561605e+00
9.999114e-01 -1.011505e-02 8.652794e-03 4.465182e-01 9.980838e-03 9.998314e-01 1.541557e-02 -7.803929e-02 -8.807263e-03 -1.532784e-02 9.998437e-01 1.736328e+00
9.918594e-01 5.083629e-02 -1.167506e-01 4.783907e-01 -4.077114e-02 9.953704e-01 8.703772e-02 -8.416186e-02 1.206347e-01 -8.156912e-02 9.893401e-01 1.895468e+00
9.996951e-01 -6.365916e-03 2.385949e-02 5.081448e-01 6.042495e-03 9.998892e-01 1.360288e-02 -9.049424e-02 -2.394344e-02 -1.345456e-02 9.996228e-01 2.057053e+00
9.919594e-01 6.179050e-02 -1.104470e-01 5.392565e-01 -5.214714e-02 9.947399e-01 8.816569e-02 -9.697049e-02 1.153138e-01 -8.169729e-02 9.899638e-01 2.191244e+00
9.994312e-01 -3.078260e-02 1.377388e-02 5.893978e-01 3.055758e-02 9.994007e-01 1.625981e-02 -1.034865e-01 -1.426614e-02 -1.582966e-02 9.997729e-01 2.298963e+00
9.929967e-01 7.008125e-02 -9.511113e-02 6.322148e-01 -6.154261e-02 9.940458e-01 8.991960e-02 -1.102355e-01 1.008465e-01 -8.343648e-02 9.913972e-01 2.430636e+00
9.996380e-01 -2.306895e-02 1.384402e-02 6.645886e-01 2.293024e-02 9.996861e-01 1.009652e-02 -1.170803e-01 -1.407259e-02 -9.775418e-03 9.998532e-01 2.545139e+00
9.957344e-01 5.712559e-02 -7.245435e-02 7.076134e-01 -5.168649e-02 9.958549e-01 7.484399e-02 -1.244315e-01 7.642952e-02 -7.077983e-02 9.945596e-01 2.636526e+00
9.998761e-01 -1.472986e-02 -5.557472e-03 7.563564e-01 1.478270e-02 9.998447e-01 9.589441e-03 -1.318000e-01 5.415359e-03 -9.670407e-03 9.999386e-01 2.726475e+00
9.960076e-01 5.496149e-02 -7.034301e-02 7.968165e-01 -4.934859e-02 9.956377e-01 7.918569e-02 -1.389717e-01 7.438832e-02 -7.539822e-02 9.943749e-01 2.827455e+00
9.998115e-01 -1.820140e-02 -6.761499e-03 8.487502e-01 1.829765e-02 9.997281e-01 1.445659e-02 -1.458873e-01 6.496531e-03 -1.457758e-02 9.998726e-01 2.919801e+00
9.971495e-01 4.725618e-02 -5.882019e-02 8.996064e-01 -4.268662e-02 9.961433e-01 7.665709e-02 -1.532073e-01 6.221586e-02 -7.392774e-02 9.953210e-01 3.005292e+00
9.998687e-01 -1.444808e-02 -7.339806e-03 9.444166e-01 1.449080e-02 9.998782e-01 5.799649e-03 -1.605887e-01 7.255119e-03 -5.905247e-03 9.999562e-01 3.105715e+00
9.963950e-01 3.850496e-02 -7.559284e-02 9.883772e-01 -3.131986e-02 9.950761e-01 9.403539e-02 -1.673682e-01 7.884145e-02 -9.132884e-02 9.926949e-01 3.221386e+00
9.999593e-01 -9.010517e-03 4.446630e-04 1.024118e+00 9.009341e-03 9.999561e-01 2.580063e-03 -1.742954e-01 -4.678907e-04 -2.575952e-03 9.999966e-01 3.332055e+00
9.968405e-01 4.136907e-02 -6.780638e-02 1.062273e+00 -3.547366e-02 9.956674e-01 8.595431e-02 -1.816767e-01 7.106844e-02 -8.327740e-02 9.939890e-01 3.441795e+00
9.994258e-01 -9.344159e-03 -3.256844e-02 1.083702e+00 9.918676e-03 9.997973e-01 1.752361e-02 -1.880037e-01 3.239810e-02 -1.783658e-02 9.993159e-01 3.610806e+00
9.961427e-01 5.413201e-02 -6.906048e-02 1.098577e+00 -4.796320e-02 9.949604e-01 8.805347e-02 -1.940337e-01 7.347896e-02 -8.440146e-02 9.937189e-01 3.784068e+00
9.998638e-01 -4.667917e-03 -1.583141e-02 1.114325e+00 4.808950e-03 9.999490e-01 8.882079e-03 -2.008611e-01 1.578914e-02 -8.957002e-03 9.998352e-01 3.922389e+00
9.978336e-01 3.626967e-02 -5.488793e-02 1.145502e+00 -3.180547e-02 9.962770e-01 8.012817e-02 -2.081254e-01 5.758980e-02 -7.820884e-02 9.952722e-01 4.030742e+00
9.996181e-01 -3.241129e-03 -2.744181e-02 1.192421e+00 3.522814e-03 9.999415e-01 1.022269e-02 -2.150830e-01 2.740707e-02 -1.031546e-02 9.995711e-01 4.122790e+00
9.982935e-01 3.926806e-02 -4.322258e-02 1.233103e+00 -3.587372e-02 9.964097e-01 7.668625e-02 -2.224551e-01 4.607871e-02 -7.500483e-02 9.961180e-01 4.223366e+00
9.993523e-01 -3.039037e-03 -3.585757e-02 1.264034e+00 3.517699e-03 9.999055e-01 1.329345e-02 -2.295260e-01 3.581378e-02 -1.341098e-02 9.992685e-01 4.345941e+00
9.982401e-01 3.635084e-02 -4.685417e-02 1.310256e+00 -3.288199e-02 9.968050e-01 7.279128e-02 -2.365764e-01 4.935049e-02 -7.112252e-02 9.962460e-01 4.454466e+00
9.992171e-01 -7.671623e-03 -3.881234e-02 1.362889e+00 8.933608e-03 9.994335e-01 3.244680e-02 -2.436793e-01 3.854143e-02 -3.276813e-02 9.987196e-01 4.540375e+00
9.983628e-01 3.845715e-02 -4.234166e-02 1.427702e+00 -3.562694e-02 9.972045e-01 6.568084e-02 -2.511341e-01 4.474919e-02 -6.406480e-02 9.969419e-01 4.616521e+00
9.995037e-01 -2.186044e-03 -3.142726e-02 1.487456e+00 2.874939e-03 9.997562e-01 2.189182e-02 -2.584950e-01 3.137174e-02 -2.197131e-02 9.992663e-01 4.700609e+00
9.981544e-01 3.509368e-02 -4.955954e-02 1.538826e+00 -3.190612e-02 9.974585e-01 6.370631e-02 -2.657486e-01 5.166927e-02 -6.200749e-02 9.967374e-01 4.801726e+00
9.985542e-01 -2.500210e-03 -5.369663e-02 1.577196e+00 4.657247e-03 9.991855e-01 4.008334e-02 -2.724687e-01 5.355268e-02 -4.027546e-02 9.977525e-01 4.937532e+00
9.977047e-01 3.320816e-02 -5.901312e-02 1.615268e+00 -2.910041e-02 9.971815e-01 6.915324e-02 -2.788588e-01 6.114325e-02 -6.727721e-02 9.958591e-01 5.069442e+00
9.993764e-01 2.455004e-04 -3.530852e-02 1.657120e+00 7.622124e-04 9.995928e-01 2.852391e-02 -2.854151e-01 3.530115e-02 -2.853304e-02 9.989693e-01 5.191326e+00
9.966418e-01 2.951032e-02 -7.638272e-02 1.688913e+00 -2.376317e-02 9.968939e-01 7.508624e-02 -2.913749e-01 7.836129e-02 -7.301899e-02 9.942473e-01 5.342996e+00
9.983705e-01 -1.472645e-03 -5.704574e-02 1.730078e+00 3.956748e-03 9.990474e-01 4.345736e-02 -2.969203e-01 5.692740e-02 -4.361226e-02 9.974253e-01 5.479918e+00
9.983729e-01 3.330382e-02 -4.628608e-02 1.773713e+00 -2.992640e-02 9.969672e-01 7.183814e-02 -3.028993e-01 4.853819e-02 -7.033608e-02 9.963417e-01 5.595960e+00
9.991417e-01 2.158608e-02 -3.535427e-02 1.819782e+00 -2.065562e-02 9.994360e-01 2.647512e-02 -3.096938e-01 3.590583e-02 -2.572213e-02 9.990241e-01 5.674067e+00
9.988413e-01 2.348133e-02 -4.200878e-02 1.878105e+00 -2.076988e-02 9.977430e-01 6.385606e-02 -3.170321e-01 4.341339e-02 -6.290955e-02 9.970746e-01 5.738287e+00
9.982913e-01 1.685257e-02 -5.595091e-02 1.948887e+00 -1.462805e-02 9.990953e-01 3.993269e-02 -3.238757e-01 5.657326e-02 -3.904601e-02 9.976346e-01 5.807513e+00
9.981651e-01 3.315219e-02 -5.066963e-02 2.038807e+00 -2.941612e-02 9.969141e-01 7.278008e-02 -3.305807e-01 5.292609e-02 -7.115603e-02 9.960601e-01 5.871194e+00
9.967719e-01 -1.548745e-02 -7.877827e-02 2.099562e+00 1.977810e-02 9.983461e-01 5.397958e-02 -3.366689e-01 7.781198e-02 -5.536341e-02 9.954297e-01 5.954192e+00
9.980893e-01 2.877041e-02 -5.468032e-02 2.155760e+00 -2.441079e-02 9.965924e-01 7.878918e-02 -3.426202e-01 5.676078e-02 -7.730385e-02 9.953905e-01 6.053629e+00
9.975949e-01 -1.705059e-02 -6.718451e-02 2.211428e+00 1.998997e-02 9.988611e-01 4.332422e-02 -3.488255e-01 6.636929e-02 -4.456304e-02 9.967995e-01 6.152450e+00
9.977849e-01 3.287108e-02 -5.783335e-02 2.265961e+00 -2.810391e-02 9.962856e-01 8.139475e-02 -3.549571e-01 6.029407e-02 -7.958912e-02 9.950026e-01 6.249859e+00
9.992000e-01 -8.257577e-03 -3.913046e-02 2.315070e+00 9.291735e-03 9.996104e-01 2.632069e-02 -3.616996e-01 3.889787e-02 -2.666322e-02 9.988874e-01 6.338457e+00
9.948335e-01 7.255495e-02 -7.100813e-02 2.388793e+00 -6.529590e-02 9.928731e-01 9.969724e-02 -3.686446e-01 7.773558e-02 -9.454561e-02 9.924809e-01 6.403095e+00
9.980850e-01 -5.173037e-02 -3.391668e-02 2.471909e+00 5.195452e-02 9.986328e-01 5.760631e-03 -3.751536e-01 3.357231e-02 -7.511724e-03 9.994081e-01 6.471719e+00
9.935819e-01 1.008225e-01 -5.128130e-02 2.565309e+00 -9.637793e-02 9.918950e-01 8.279844e-02 -3.824025e-01 5.921361e-02 -7.732465e-02 9.952460e-01 6.520295e+00
9.926004e-01 -8.384013e-02 -8.783698e-02 2.683856e+00 8.706060e-02 9.956399e-01 3.349160e-02 -3.886756e-01 8.464606e-02 -4.089092e-02 9.955717e-01 6.565915e+00
9.957442e-01 8.758971e-02 -2.866142e-02 2.767454e+00 -8.462180e-02 9.921462e-01 9.211433e-02 -3.950047e-01 3.650459e-02 -8.929693e-02 9.953359e-01 6.652106e+00
9.921354e-01 -7.850218e-02 -9.749281e-02 2.844598e+00 8.169199e-02 9.962309e-01 2.916329e-02 -4.014894e-01 9.483596e-02 -3.689832e-02 9.948089e-01 6.734201e+00
9.965701e-01 8.054204e-02 -1.899991e-02 2.909036e+00 -7.811949e-02 9.913885e-01 1.051009e-01 -4.078967e-01 2.730133e-02 -1.032561e-01 9.942800e-01 6.826279e+00
9.901526e-01 -6.517603e-02 -1.238950e-01 2.984119e+00 6.783415e-02 9.975457e-01 1.735409e-02 -4.139838e-01 1.224598e-01 -2.558751e-02 9.921436e-01 6.891682e+00
9.948011e-01 9.816081e-02 2.711646e-02 3.059621e+00 -1.003793e-01 9.900547e-01 9.856841e-02 -4.207401e-01 -1.717123e-02 -1.007779e-01 9.947608e-01 6.959101e+00
9.869071e-01 -9.288731e-02 -1.318574e-01 3.140291e+00 9.305069e-02 9.956491e-01 -4.935573e-03 -4.276672e-01 1.317421e-01 -7.398466e-03 9.912564e-01 7.023226e+00
9.958344e-01 8.984051e-02 1.557377e-02 3.204471e+00 -9.113941e-02 9.858791e-01 1.404852e-01 -4.337606e-01 -2.732596e-03 -1.413194e-01 9.899603e-01 7.111885e+00
9.915900e-01 -6.703819e-02 -1.107026e-01 3.261957e+00 6.249463e-02 9.970741e-01 -4.401875e-02 -4.406082e-01 1.133297e-01 3.673023e-02 9.928783e-01 7.184808e+00
9.972204e-01 7.249915e-02 1.718685e-02 3.319093e+00 -7.427031e-02 9.856548e-01 1.515539e-01 -4.471801e-01 -5.952773e-03 -1.524091e-01 9.882996e-01 7.257640e+00
9.931169e-01 -4.711605e-02 -1.072333e-01 3.372519e+00 4.157409e-02 9.977104e-01 -5.334390e-02 -4.539275e-01 1.095011e-01 4.851860e-02 9.928018e-01 7.332663e+00
9.992701e-01 3.815170e-02 -1.909396e-03 3.441185e+00 -3.726449e-02 9.845850e-01 1.708912e-01 -4.605641e-01 8.399750e-03 -1.706953e-01 9.852881e-01 7.402521e+00
9.958410e-01 -1.468366e-02 -8.991754e-02 3.486987e+00 9.005049e-03 9.979579e-01 -6.323661e-02 -4.673341e-01 9.066247e-02 6.216390e-02 9.939396e-01 7.497271e+00
9.993634e-01 3.303664e-02 1.347109e-02 3.535413e+00 -3.476721e-02 9.865264e-01 1.598652e-01 -4.743569e-01 -8.008180e-03 -1.602317e-01 9.870469e-01 7.590428e+00
9.935676e-01 -5.546572e-04 -1.132391e-01 3.590196e+00 -5.949415e-03 9.983513e-01 -5.709059e-02 -4.809858e-01 1.130841e-01 5.739706e-02 9.919262e-01 7.678813e+00
9.998032e-01 6.005612e-03 1.890694e-02 3.640973e+00 -9.008651e-03 9.865849e-01 1.630000e-01 -4.877393e-01 -1.767439e-02 -1.631382e-01 9.864449e-01 7.769161e+00
9.937916e-01 2.003235e-02 -1.094396e-01 3.686127e+00 -2.639669e-02 9.980241e-01 -5.701817e-02 -4.944897e-01 1.080811e-01 5.955302e-02 9.923567e-01 7.867722e+00
9.972296e-01 2.306621e-02 -7.071894e-02 3.753662e+00 -6.201408e-03 9.731777e-01 2.299709e-01 -4.991862e-01 7.412666e-02 -2.288952e-01 9.706246e-01 7.940184e+00
9.950508e-01 7.584179e-02 -6.420199e-02 3.783242e+00 -8.147999e-02 9.925750e-01 -9.030980e-02 -5.049083e-01 5.687604e-02 9.509402e-02 9.938422e-01 8.059983e+00
9.984034e-01 -4.993270e-02 -2.640790e-02 3.844626e+00 5.386653e-02 9.823633e-01 1.790550e-01 -5.119852e-01 1.700145e-02 -1.801916e-01 9.834846e-01 8.138141e+00
9.938420e-01 8.746798e-02 -6.802590e-02 3.916905e+00 -9.252917e-02 9.928664e-01 -7.519710e-02 -5.190130e-01 6.096329e-02 8.102841e-02 9.948457e-01 8.208808e+00
9.925185e-01 -9.190249e-02 -8.038062e-02 3.985313e+00 1.061083e-01 9.749465e-01 1.955003e-01 -5.252942e-01 6.039984e-02 -2.025667e-01 9.774040e-01 8.308426e+00
9.929405e-01 1.147755e-01 -2.992991e-02 4.036173e+00 -1.168182e-01 9.900042e-01 -7.902696e-02 -5.318499e-01 2.056037e-02 8.196543e-02 9.964231e-01 8.398726e+00
9.922860e-01 -9.166962e-02 -8.345761e-02 4.090036e+00 1.051279e-01 9.790121e-01 1.745953e-01 -5.386741e-01 6.570092e-02 -1.820222e-01 9.810970e-01 8.482781e+00
9.912683e-01 1.314935e-01 -9.830009e-03 4.153512e+00 -1.318602e-01 9.886498e-01 -7.200274e-02 -5.455320e-01 2.505435e-04 7.267022e-02 9.973560e-01 8.554547e+00
9.911721e-01 -9.539782e-02 -9.207147e-02 4.221568e+00 1.089474e-01 9.817972e-01 1.555785e-01 -5.526871e-01 7.555366e-02 -1.642361e-01 9.835233e-01 8.618297e+00
9.925101e-01 1.221387e-01 2.408930e-03 4.281105e+00 -1.218083e-01 9.909410e-01 -5.655599e-02 -5.598840e-01 -9.294782e-03 5.583896e-02 9.983965e-01 8.698595e+00
9.888906e-01 -9.505570e-02 -1.142791e-01 4.330010e+00 1.119561e-01 9.820265e-01 1.519534e-01 -5.667198e-01 9.778107e-02 -1.630596e-01 9.817589e-01 8.790133e+00
9.919136e-01 1.244598e-01 2.484184e-02 4.370831e+00 -1.229509e-01 9.908828e-01 -5.508470e-02 -5.737666e-01 -3.147119e-02 5.158493e-02 9.981726e-01 8.875555e+00
9.881455e-01 -9.513787e-02 -1.204873e-01 4.415349e+00 1.116437e-01 9.840333e-01 1.386153e-01 -5.810340e-01 1.053760e-01 -1.504238e-01 9.829896e-01 8.952357e+00
9.910793e-01 1.265371e-01 4.183437e-02 4.468017e+00 -1.244810e-01 9.910326e-01 -4.856823e-02 -5.882202e-01 -4.760490e-02 4.292738e-02 9.979434e-01 9.031862e+00
9.868956e-01 -8.495004e-02 -1.371882e-01 4.518946e+00 1.027846e-01 9.863512e-01 1.286339e-01 -5.954479e-01 1.243882e-01 -1.410491e-01 9.821572e-01 9.104767e+00
9.937452e-01 1.090592e-01 2.400977e-02 4.583741e+00 -1.086115e-01 9.938983e-01 -1.922744e-02 -6.021631e-01 -2.596020e-02 1.649944e-02 9.995268e-01 9.181532e+00
9.851838e-01 -8.679003e-02 -1.479203e-01 4.645770e+00 1.052262e-01 9.869682e-01 1.217422e-01 -6.087166e-01 1.354266e-01 -1.355036e-01 9.814777e-01 9.269679e+00
9.885108e-01 1.435842e-01 4.722178e-02 4.728909e+00 -1.436882e-01 9.896223e-01 -1.202392e-03 -6.160445e-01 -4.690437e-02 -5.596633e-03 9.988837e-01 9.323516e+00
9.826055e-01 -7.250196e-02 -1.709678e-01 4.813478e+00 9.233163e-02 9.895180e-01 1.110360e-01 -6.231305e-01 1.611254e-01 -1.248903e-01 9.790000e-01 9.378810e+00
9.904841e-01 1.109820e-01 8.138992e-02 4.875530e+00 -1.102698e-01 9.938139e-01 -1.320809e-02 -6.301441e-01 -8.235230e-02 4.107556e-03 9.965948e-01 9.449010e+00
9.811354e-01 -2.632657e-02 -1.915207e-01 4.947811e+00 5.156656e-02 9.904296e-01 1.280235e-01 -6.376369e-01 1.863173e-01 -1.354845e-01 9.731032e-01 9.515880e+00
9.891840e-01 7.496717e-02 1.260754e-01 5.022689e+00 -6.819293e-02 9.960298e-01 -5.722121e-02 -6.450541e-01 -1.298646e-01 4.800486e-02 9.903690e-01 9.577895e+00
9.762339e-01 -2.293057e-02 -2.155029e-01 5.086678e+00 5.348788e-02 9.891184e-01 1.370545e-01 -6.521912e-01 2.100152e-01 -1.453240e-01 9.668374e-01 9.658481e+00
9.901462e-01 8.335174e-02 1.125296e-01 5.159927e+00 -8.070201e-02 9.963475e-01 -2.790833e-02 -6.590626e-01 -1.144447e-01 1.855196e-02 9.932564e-01 9.727793e+00
9.829504e-01 -4.569651e-02 -1.781021e-01 5.228274e+00 6.265404e-02 9.938981e-01 9.078015e-02 -6.668237e-01 1.728670e-01 -1.003912e-01 9.798156e-01 9.779439e+00
9.923748e-01 7.273838e-02 9.950521e-02 5.281355e+00 -7.266360e-02 9.973469e-01 -4.380296e-03 -6.741582e-01 -9.955983e-02 -2.883511e-03 9.950274e-01 9.883791e+00
9.789412e-01 -3.190428e-02 -2.016339e-01 5.344203e+00 5.257258e-02 9.937973e-01 9.799482e-02 -6.808075e-01 1.972568e-01 -1.065316e-01 9.745464e-01 9.991171e+00
9.956699e-01 4.164545e-02 8.310911e-02 5.408855e+00 -4.357636e-02 9.988175e-01 2.155559e-02 -6.872940e-01 -8.211314e-02 -2.508384e-02 9.963073e-01 1.009281e+01
9.821963e-01 -1.307626e-02 -1.874020e-01 5.462582e+00 3.065221e-02 9.953608e-01 9.119905e-02 -6.938897e-01 1.853401e-01 -9.531965e-02 9.780405e-01 1.021337e+01
9.928585e-01 4.080743e-02 1.121017e-01 5.498803e+00 -4.186239e-02 9.990984e-01 7.072060e-03 -7.004582e-01 -1.117121e-01 -1.171440e-02 9.936716e-01 1.034703e+01
9.811517e-01 2.910206e-03 -1.932171e-01 5.529869e+00 1.424520e-02 9.960767e-01 8.733957e-02 -7.070426e-01 1.927132e-01 -8.844578e-02 9.772610e-01 1.046315e+01
9.932258e-01 3.166484e-02 1.118028e-01 5.577576e+00 -3.263000e-02 9.994443e-01 6.813024e-03 -7.139598e-01 -1.115250e-01 -1.041500e-02 9.937071e-01 1.054761e+01
9.804611e-01 1.662376e-02 -1.960094e-01 5.626788e+00 3.070033e-04 9.962923e-01 8.603228e-02 -7.207471e-01 1.967128e-01 -8.441148e-02 9.768208e-01 1.064290e+01
9.923501e-01 1.231731e-02 1.228397e-01 5.666209e+00 -1.350845e-02 9.998694e-01 8.868503e-03 -7.276471e-01 -1.227144e-01 -1.046003e-02 9.923869e-01 1.075129e+01
9.781159e-01 4.191954e-02 -2.037940e-01 5.683456e+00 -2.376184e-02 9.955908e-01 9.074301e-02 -7.345586e-01 2.066994e-01 -8.391466e-02 9.747993e-01 1.088208e+01
9.922347e-01 -4.195971e-03 1.243088e-01 5.729185e+00 1.736688e-03 9.998008e-01 1.988543e-02 -7.415412e-01 -1.243674e-01 -1.951512e-02 9.920443e-01 1.095751e+01
9.830325e-01 2.534476e-02 -1.816720e-01 5.784524e+00 -1.442689e-02 9.980232e-01 6.116826e-02 -7.488931e-01 1.828632e-01 -5.750943e-02 9.814549e-01 1.103522e+01
9.951980e-01 2.942906e-03 9.783769e-02 5.812751e+00 -6.685415e-03 9.992574e-01 3.794643e-02 -7.555623e-01 -9.765337e-02 -3.841830e-02 9.944787e-01 1.118066e+01
9.821775e-01 3.219918e-02 -1.851774e-01 5.833672e+00 -1.930834e-02 9.972894e-01 7.100051e-02 -7.621242e-01 1.869616e-01 -6.615963e-02 9.801369e-01 1.132071e+01
9.961379e-01 -4.649691e-03 8.767965e-02 5.858626e+00 1.377291e-03 9.993015e-01 3.734586e-02 -7.686710e-01 -8.779205e-02 -3.708087e-02 9.954484e-01 1.147563e+01
9.814451e-01 3.690371e-02 -1.881585e-01 5.885191e+00 -2.322478e-02 9.969585e-01 7.439273e-02 -7.749082e-01 1.903315e-01 -6.864245e-02 9.793172e-01 1.162814e+01
9.956619e-01 -2.168800e-02 9.048181e-02 5.912810e+00 1.914501e-02 9.993996e-01 2.887893e-02 -7.810720e-01 -9.105381e-02 -2.702137e-02 9.954793e-01 1.177431e+01
9.813964e-01 6.351418e-02 -1.811826e-01 5.940620e+00 -4.958647e-02 9.955289e-01 8.039526e-02 -7.876564e-01 1.854788e-01 -6.991541e-02 9.801579e-01 1.191854e+01
9.953860e-01 -3.118230e-02 9.074322e-02 5.970212e+00 2.928696e-02 9.993257e-01 2.214423e-02 -7.941896e-01 -9.137254e-02 -1.938446e-02 9.956281e-01 1.206886e+01
9.818726e-01 6.581875e-02 -1.777470e-01 6.003206e+00 -5.248640e-02 9.955157e-01 7.869969e-02 -8.001561e-01 1.821299e-01 -6.794377e-02 9.809242e-01 1.221703e+01
9.947641e-01 -3.615710e-02 9.558795e-02 6.041939e+00 3.411769e-02 9.991558e-01 2.288485e-02 -8.064797e-01 -9.633470e-02 -1.950379e-02 9.951579e-01 1.234335e+01
9.808713e-01 7.626546e-02 -1.790950e-01 6.079509e+00 -6.269532e-02 9.948009e-01 8.025297e-02 -8.130057e-01 1.842844e-01 -6.748942e-02 9.805531e-01 1.245879e+01
9.944388e-01 -5.385809e-02 9.050323e-02 6.112712e+00 5.173662e-02 9.983319e-01 2.562725e-02 -8.194361e-01 -9.173249e-02 -2.080240e-02 9.955664e-01 1.258228e+01
9.804707e-01 9.595631e-02 -1.716669e-01 6.147772e+00 -8.285015e-02 9.931858e-01 8.196273e-02 -8.259822e-01 1.783620e-01 -6.613942e-02 9.817396e-01 1.270771e+01
9.935783e-01 -7.672754e-02 8.315726e-02 6.194931e+00 7.495140e-02 9.968916e-01 2.427888e-02 -8.326945e-01 -8.476164e-02 -1.789022e-02 9.962406e-01 1.281340e+01
9.786899e-01 1.035249e-01 -1.773380e-01 6.241605e+00 -8.722233e-02 9.914160e-01 9.739927e-02 -8.391767e-01 1.858990e-01 -7.985584e-02 9.793184e-01 1.291717e+01
9.927906e-01 -8.174233e-02 8.766453e-02 6.274955e+00 8.112854e-02 9.966478e-01 1.054778e-02 -8.458136e-01 -8.823287e-02 -3.359644e-03 9.960942e-01 1.303974e+01
9.773268e-01 1.260091e-01 -1.701585e-01 6.298593e+00 -1.082410e-01 9.880230e-01 1.099746e-01 -8.523876e-01 1.819784e-01 -8.906298e-02 9.792608e-01 1.319223e+01
9.923660e-01 -1.065488e-01 6.210501e-02 6.320977e+00 1.057880e-01 9.942691e-01 1.542275e-02 -8.585178e-01 -6.339237e-02 -8.735049e-03 9.979505e-01 1.335740e+01
9.777483e-01 1.305792e-01 -1.641869e-01 6.351458e+00 -1.115365e-01 9.864494e-01 1.203210e-01 -8.645209e-01 1.776735e-01 -9.933078e-02 9.790636e-01 1.350985e+01
9.926856e-01 -1.079604e-01 5.403544e-02 6.389296e+00 1.081779e-01 9.941309e-01 -1.108617e-03 -8.705783e-01 -5.359861e-02 6.945948e-03 9.985384e-01 1.365055e+01
9.788732e-01 1.384474e-01 -1.504643e-01 6.425205e+00 -1.205036e-01 9.851269e-01 1.224905e-01 -8.767771e-01 1.651850e-01 -1.017712e-01 9.809977e-01 1.380404e+01
9.932169e-01 -1.072938e-01 4.481435e-02 6.461202e+00 1.079514e-01 9.940774e-01 -1.251530e-02 -8.828513e-01 -4.320612e-02 1.726818e-02 9.989169e-01 1.394644e+01
9.787639e-01 1.484595e-01 -1.413539e-01 6.493889e+00 -1.293204e-01 9.822122e-01 1.361447e-01 -8.890696e-01 1.590515e-01 -1.149736e-01 9.805528e-01 1.411007e+01
9.926411e-01 -1.187103e-01 2.390836e-02 6.516812e+00 1.192704e-01 9.925826e-01 -2.354629e-02 -8.948894e-01 -2.093583e-02 2.622457e-02 9.994368e-01 1.428203e+01
9.821275e-01 1.517719e-01 -1.113143e-01 6.545177e+00 -1.349429e-01 9.800832e-01 1.456958e-01 -9.011916e-01 1.312098e-01 -1.280708e-01 9.830472e-01 1.442702e+01
9.918653e-01 -1.268297e-01 1.084001e-02 6.571172e+00 1.271231e-01 9.913370e-01 -3.302618e-02 -9.074338e-01 -6.557400e-03 3.413554e-02 9.993957e-01 1.458130e+01
9.840068e-01 1.628302e-01 -7.222893e-02 6.596794e+00 -1.507054e-01 9.771684e-01 1.497661e-01 -9.142994e-01 9.496628e-02 -1.364856e-01 9.860797e-01 1.469608e+01
9.936025e-01 -1.128479e-01 4.415082e-03 6.640249e+00 1.129200e-01 9.920975e-01 -5.469551e-02 -9.217059e-01 1.792080e-03 5.484414e-02 9.984933e-01 1.476289e+01
9.872731e-01 1.478113e-01 -5.868306e-02 6.696530e+00 -1.376162e-01 9.789688e-01 1.506048e-01 -9.293369e-01 7.970998e-02 -1.406123e-01 9.868508e-01 1.482308e+01
9.932108e-01 -1.155610e-01 -1.333738e-02 6.760707e+00 1.144814e-01 9.913462e-01 -6.424023e-02 -9.368259e-01 2.064562e-02 6.227721e-02 9.978453e-01 1.488191e+01
9.873304e-01 1.427455e-01 -6.929993e-02 6.835352e+00 -1.286686e-01 9.757995e-01 1.768041e-01 -9.436704e-01 9.286082e-02 -1.656473e-01 9.818034e-01 1.494374e+01
9.933519e-01 -1.148412e-01 -7.964237e-03 6.884024e+00 1.138924e-01 9.904945e-01 -7.713127e-02 -9.506282e-01 1.674638e-02 7.571143e-02 9.969891e-01 1.503605e+01
9.870760e-01 1.508537e-01 -5.407496e-02 6.922915e+00 -1.385277e-01 9.728611e-01 1.853414e-01 -9.576206e-01 8.056685e-02 -1.754552e-01 9.811852e-01 1.512497e+01
9.925590e-01 -1.213146e-01 -1.045812e-02 6.967864e+00 1.197348e-01 9.880236e-01 -9.732928e-02 -9.648767e-01 2.214034e-02 9.535285e-02 9.951973e-01 1.521230e+01
9.872325e-01 1.476766e-01 -5.969594e-02 7.014413e+00 -1.322167e-01 9.687379e-01 2.099183e-01 -9.715706e-01 8.882973e-02 -1.993454e-01 9.758948e-01 1.530083e+01
9.931097e-01 -1.156443e-01 -1.895845e-02 7.059427e+00 1.128910e-01 9.874992e-01 -1.100046e-01 -9.783139e-01 3.144287e-02 1.071064e-01 9.937502e-01 1.540158e+01
9.881179e-01 1.388650e-01 -6.587480e-02 7.088622e+00 -1.197377e-01 9.642186e-01 2.365279e-01 -9.845307e-01 9.636316e-02 -2.258298e-01 9.693890e-01 1.553187e+01
9.933172e-01 -1.117815e-01 -2.873558e-02 7.126042e+00 1.071991e-01 9.858081e-01 -1.291924e-01 -9.907256e-01 4.276909e-02 1.252486e-01 9.912031e-01 1.564877e+01
9.910549e-01 1.139953e-01 -6.939149e-02 7.177586e+00 -9.179819e-02 9.597189e-01 2.655423e-01 -9.966275e-01 9.686689e-02 -2.567970e-01 9.615987e-01 1.577541e+01
9.970219e-01 -7.657843e-02 -9.115976e-03 7.216308e+00 7.424868e-02 9.851320e-01 -1.549259e-01 -1.003088e+00 2.084442e-02 1.537877e-01 9.878840e-01 1.590938e+01
9.929468e-01 9.947007e-02 -6.451571e-02 7.251279e+00 -7.902840e-02 9.609339e-01 2.652557e-01 -1.009478e+00 8.838033e-02 -2.582863e-01 9.620172e-01 1.602555e+01
9.982705e-01 -5.873003e-02 2.591948e-03 7.290107e+00 5.830241e-02 9.834249e-01 -1.716867e-01 -1.016303e+00 7.534180e-03 1.715409e-01 9.851482e-01 1.613060e+01
9.939534e-01 9.246663e-02 -5.921675e-02 7.321295e+00 -7.363186e-02 9.613633e-01 2.652526e-01 -1.023264e+00 8.145582e-02 -2.592884e-01 9.623588e-01 1.625259e+01
9.992097e-01 -3.423418e-02 -2.019808e-02 7.349099e+00 3.029037e-02 9.848472e-01 -1.707588e-01 -1.029850e+00 2.573780e-02 1.700120e-01 9.851058e-01 1.641804e+01
9.940630e-01 6.575388e-02 -8.668963e-02 7.374970e+00 -3.951188e-02 9.605007e-01 2.754580e-01 -1.035725e+00 1.013779e-01 -2.703974e-01 9.573964e-01 1.659463e+01
9.997678e-01 -1.681706e-02 -1.347142e-02 7.387594e+00 1.426998e-02 9.851958e-01 -1.708379e-01 -1.041741e+00 1.614498e-02 1.706060e-01 9.852071e-01 1.678391e+01
9.937068e-01 5.657412e-02 -9.667557e-02 7.400863e+00 -2.831584e-02 9.619203e-01 2.718593e-01 -1.047795e+00 1.083744e-01 -2.674110e-01 9.574687e-01 1.698755e+01
9.999299e-01 -5.774131e-03 -1.034093e-02 7.416706e+00 3.923375e-03 9.852993e-01 -1.707919e-01 -1.053809e+00 1.117508e-02 1.707394e-01 9.852529e-01 1.718164e+01
9.926661e-01 4.091715e-02 -1.137533e-01 7.445495e+00 -7.886193e-03 9.608910e-01 2.768145e-01 -1.059585e+00 1.206310e-01 -2.738873e-01 9.541666e-01 1.734804e+01
9.995494e-01 2.877155e-02 8.559724e-03 7.470702e+00 -2.681794e-02 9.840306e-01 -1.759676e-01 -1.065696e+00 -1.348589e-02 1.756587e-01 9.843588e-01 1.752815e+01
9.905730e-01 1.638169e-02 -1.360029e-01 7.498558e+00 2.094241e-02 9.630428e-01 2.685329e-01 -1.071582e+00 1.353757e-01 -2.688497e-01 9.536211e-01 1.767738e+01
9.975801e-01 5.100968e-02 4.724458e-02 7.540915e+00 -4.154726e-02 9.821985e-01 -1.831938e-01 -1.078547e+00 -5.574821e-02 1.807876e-01 9.819409e-01 1.781522e+01
9.854020e-01 5.672917e-03 -1.701490e-01 7.564168e+00 4.044707e-02 9.630264e-01 2.663535e-01 -1.084865e+00 1.653690e-01 -2.693473e-01 9.487387e-01 1.800608e+01
9.959080e-01 7.394198e-02 5.195969e-02 7.597387e+00 -6.365597e-02 9.820679e-01 -1.774558e-01 -1.090965e+00 -6.414938e-02 1.734221e-01 9.827561e-01 1.820731e+01
9.792638e-01 -1.918575e-02 -2.016787e-01 7.633118e+00 7.230159e-02 9.630463e-01 2.594502e-01 -1.096579e+00 1.892481e-01 -2.686519e-01 9.444635e-01 1.839404e+01
9.932758e-01 9.359322e-02 6.814327e-02 7.660660e+00 -8.123936e-02 9.828218e-01 -1.657151e-01 -1.102099e+00 -8.248251e-02 1.590649e-01 9.838165e-01 1.858212e+01
9.780049e-01 -3.326345e-02 -2.059124e-01 7.680457e+00 8.573813e-02 9.640553e-01 2.514881e-01 -1.107646e+00 1.901455e-01 -2.636111e-01 9.457028e-01 1.878640e+01
9.896718e-01 1.149180e-01 8.569478e-02 7.703294e+00 -9.927496e-02 9.806738e-01 -1.685923e-01 -1.113710e+00 -1.034129e-01 1.583437e-01 9.819537e-01 1.897821e+01
9.475216e-01 1.644257e-03 -3.196876e-01 7.768699e+00 1.024443e-01 9.456923e-01 3.084984e-01 -1.117331e+00 3.028333e-01 -3.250590e-01 8.958954e-01 1.908433e+01
9.650292e-01 2.475647e-01 -8.620012e-02 7.721490e+00 -2.597897e-01 9.471413e-01 -1.882356e-01 -1.112059e+00 3.504321e-02 2.040467e-01 9.783337e-01 1.993368e+01
9.394384e-01 -2.814905e-01 -1.954957e-01 7.535196e+00 3.255594e-01 9.112046e-01 2.524229e-01 -1.119449e+00 1.070820e-01 -3.007813e-01 9.476624e-01 2.090780e+01
9.309748e-01 3.640307e-01 -2.770707e-02 7.603850e+00 -3.649595e-01 9.299526e-01 -4.463898e-02 -1.122875e+00 9.516305e-03 5.166972e-02 9.986189e-01 2.105479e+01
9.376497e-01 -2.858872e-01 -1.976905e-01 7.640832e+00 3.153141e-01 9.389438e-01 1.377011e-01 -1.127862e+00 1.462533e-01 -1.914500e-01 9.705446e-01 2.119750e+01
9.452170e-01 3.190346e-01 6.915077e-02 7.666451e+00 -3.169968e-01 9.476257e-01 -3.896795e-02 -1.133766e+00 -7.796117e-02 1.491260e-02 9.968449e-01 2.133960e+01
9.374542e-01 -2.807454e-01 -2.058196e-01 7.681534e+00 3.038365e-01 9.484466e-01 9.017967e-02 -1.139858e+00 1.698914e-01 -1.470748e-01 9.744259e-01 2.149921e+01
9.456548e-01 3.122865e-01 9.063203e-02 7.712537e+00 -3.135168e-01 9.495824e-01 -6.964139e-04 -1.145380e+00 -8.628007e-02 -2.775610e-02 9.958842e-01 2.165355e+01
9.239647e-01 -2.647002e-01 -2.760852e-01 7.782629e+00 2.906707e-01 9.551213e-01 5.704283e-02 -1.150856e+00 2.485956e-01 -1.329554e-01 9.594389e-01 2.173314e+01
9.847855e-01 1.700954e-01 -3.556750e-02 7.961617e+00 -1.578974e-01 9.613383e-01 2.256036e-01 -1.152496e+00 7.256653e-02 -2.165552e-01 9.735697e-01 2.189438e+01
9.712226e-01 -1.951249e-01 -1.365756e-01 8.035404e+00 1.711812e-01 9.705766e-01 -1.693461e-01 -1.159096e+00 1.656007e-01 1.410936e-01 9.760476e-01 2.211156e+01
9.895710e-01 8.210633e-03 -1.438121e-01 8.204339e+00 3.867013e-02 9.465833e-01 3.201322e-01 -1.164685e+00 1.387586e-01 -3.223548e-01 9.363938e-01 2.227121e+01
9.990271e-01 2.949567e-02 3.278593e-02 8.401907e+00 -1.892495e-02 9.582234e-01 -2.853940e-01 -1.170838e+00 -3.983414e-02 2.844958e-01 9.578493e-01 2.235535e+01
9.222183e-01 1.585260e-01 -3.526796e-01 8.911729e+00 1.027205e-01 7.788812e-01 6.187023e-01 -1.173231e+00 3.727760e-01 -6.068060e-01 7.020147e-01 2.214776e+01
9.723073e-01 -9.679013e-02 -2.127211e-01 9.802180e+00 -2.191472e-02 8.684369e-01 -4.953151e-01 -1.169691e+00 2.326765e-01 4.862602e-01 8.422664e-01 2.185532e+01
9.918389e-01 -4.254885e-02 -1.201885e-01 1.052678e+01 8.549337e-02 9.212866e-01 3.793703e-01 -1.170682e+00 9.458631e-02 -3.865495e-01 9.174055e-01 2.167657e+01
8.821524e-01 -1.191374e-01 -4.556462e-01 1.102685e+01 -2.665503e-02 9.532949e-01 -3.008626e-01 -1.172341e+00 4.702092e-01 2.775519e-01 8.377758e-01 2.146467e+01
9.593122e-01 -2.806427e-01 3.098134e-02 1.148465e+01 2.436426e-01 8.782589e-01 4.114602e-01 -1.176370e+00 -1.426829e-01 -3.871704e-01 9.109010e-01 2.121162e+01
8.440490e-01 1.316463e-01 -5.198562e-01 1.224758e+01 -2.035415e-01 9.755042e-01 -8.344135e-02 -1.175821e+00 4.961372e-01 1.762409e-01 8.501688e-01 2.097590e+01
9.438514e-01 -2.492812e-01 2.168029e-01 1.292604e+01 2.621761e-01 9.644752e-01 -3.242463e-02 -1.176347e+00 -2.010182e-01 8.744458e-02 9.756768e-01 2.085514e+01
9.003321e-01 3.040184e-01 -3.114080e-01 1.311718e+01 -2.811967e-01 9.525018e-01 1.169133e-01 -1.181196e+00 3.321605e-01 -1.769394e-02 9.430569e-01 2.092575e+01
9.140320e-01 -4.042208e-01 -3.392649e-02 1.344863e+01 4.048228e-01 9.036773e-01 1.395915e-01 -1.184670e+00 -2.576718e-02 -1.413253e-01 9.896278e-01 2.086061e+01
8.735339e-01 3.719871e-01 -3.139493e-01 1.411153e+01 -3.225822e-01 9.254030e-01 1.989223e-01 -1.185046e+00 3.645262e-01 -7.249093e-02 9.283672e-01 2.073309e+01
9.224921e-01 -3.495657e-01 -1.637441e-01 1.518008e+01 3.211790e-01 9.303770e-01 -1.767561e-01 -1.181475e+00 2.141317e-01 1.104649e-01 9.705386e-01 2.055909e+01
8.805003e-01 4.446343e-01 -1.643766e-01 1.586740e+01 -4.419250e-01 8.953791e-01 5.475900e-02 -1.178316e+00 1.715271e-01 2.442684e-02 9.848765e-01 2.069909e+01
9.248626e-01 -3.062508e-01 -2.254766e-01 1.641580e+01 3.135907e-01 9.495521e-01 -3.427493e-03 -1.180253e+00 2.151515e-01 -6.753740e-02 9.742426e-01 2.081534e+01
9.430426e-01 2.978879e-01 -1.480991e-01 1.710594e+01 -3.021798e-01 9.532264e-01 -6.845438e-03 -1.181458e+00 1.391328e-01 5.120810e-02 9.889488e-01 2.074159e+01
9.370354e-01 -3.444825e-01 -5.741419e-02 1.746911e+01 3.423903e-01 9.385599e-01 -4.329331e-02 -1.183417e+00 6.880044e-02 2.090931e-02 9.974113e-01 2.077658e+01
9.158692e-01 4.014732e-01 1.694468e-03 1.747795e+01 -3.964415e-01 9.037082e-01 1.616961e-01 -1.190236e+00 6.338535e-02 -1.487642e-01 9.868391e-01 2.095861e+01
9.512336e-01 -3.071711e-01 -2.829593e-02 1.754135e+01 3.028968e-01 9.474649e-01 -1.027800e-01 -1.196689e+00 5.838044e-02 8.919704e-02 9.943016e-01 2.110734e+01
9.529506e-01 3.016608e-01 -2.976604e-02 1.762188e+01 -2.883796e-01 9.324655e-01 2.175899e-01 -1.202683e+00 9.339415e-02 -1.987685e-01 9.755863e-01 2.120716e+01
9.050163e-01 -3.114831e-01 -2.896959e-01 1.795193e+01 3.142013e-01 9.485815e-01 -3.834962e-02 -1.205583e+00 2.867454e-01 -5.631581e-02 9.563501e-01 2.118588e+01
9.642474e-01 2.601767e-01 -5.034965e-02 1.881508e+01 -2.300643e-01 9.161614e-01 3.282052e-01 -1.205167e+00 1.315198e-01 -3.048874e-01 9.432636e-01 2.082969e+01
9.340060e-01 -2.094143e-01 -2.894452e-01 1.970630e+01 4.332082e-03 8.167660e-01 -5.769528e-01 -1.204815e+00 3.572312e-01 5.376235e-01 7.637715e-01 2.060334e+01
9.635887e-01 3.957377e-02 -2.644443e-01 2.088140e+01 1.815698e-01 6.291698e-01 7.557630e-01 -1.198366e+00 1.962887e-01 -7.762598e-01 5.990755e-01 2.015920e+01
8.859918e-01 2.190641e-01 -4.086924e-01 2.235882e+01 -4.488914e-01 6.261653e-01 -6.375058e-01 -1.189609e+00 1.162544e-01 7.482834e-01 6.531133e-01 1.979608e+01
7.681710e-01 -4.010343e-01 -4.990840e-01 2.416645e+01 6.231641e-01 6.471843e-01 4.391116e-01 -1.179469e+00 1.469005e-01 -6.483240e-01 7.470584e-01 1.933785e+01
6.093053e-01 6.421765e-01 -4.651412e-01 2.613107e+01 -7.901709e-01 5.406824e-01 -2.886044e-01 -1.167084e+00 6.615875e-02 5.433893e-01 8.368698e-01 1.901380e+01
6.334766e-01 -7.373817e-01 -2.344688e-01 2.796323e+01 7.540706e-01 6.562565e-01 -2.655120e-02 -1.157157e+00 1.734501e-01 -1.599865e-01 9.717610e-01 1.874662e+01
5.311007e-01 7.814827e-01 -3.274398e-01 2.963493e+01 -7.415259e-01 6.156659e-01 2.666362e-01 -1.146651e+00 4.099651e-01 1.011944e-01 9.064702e-01 1.848325e+01
7.177309e-01 -6.844610e-01 1.279667e-01 3.108312e+01 6.565572e-01 6.040050e-01 -4.517860e-01 -1.138169e+00 2.319374e-01 4.082782e-01 8.829009e-01 1.822818e+01
7.176753e-01 6.260095e-01 -3.050480e-01 3.212109e+01 -3.757675e-01 7.169299e-01 5.872055e-01 -1.133544e+00 5.862943e-01 -3.067958e-01 7.497569e-01 1.805784e+01
9.285120e-01 -2.865113e-01 2.361709e-01 3.332381e+01 3.706390e-01 6.771940e-01 -6.356375e-01 -1.128168e+00 2.218382e-02 6.777312e-01 7.349751e-01 1.797600e+01
7.427196e-01 3.812487e-01 -5.504698e-01 3.467526e+01 1.416456e-01 7.140261e-01 6.856407e-01 -1.122005e+00 6.544495e-01 -5.872104e-01 4.763190e-01 1.771752e+01
8.786434e-01 4.241575e-01 2.192629e-01 3.519344e+01 -9.720386e-02 6.084905e-01 -7.875854e-01 -1.121272e+00 -4.674796e-01 6.706935e-01 5.758759e-01 1.804590e+01
7.968749e-01 9.644517e-02 -5.963965e-01 3.525244e+01 3.673987e-01 7.062945e-01 6.051167e-01 -1.127300e+00 4.795921e-01 -7.013176e-01 5.273945e-01 1.851156e+01
9.253352e-01 2.824139e-01 2.529765e-01 3.579638e+01 -1.160732e-01 8.461906e-01 -5.200851e-01 -1.128436e+00 -3.609456e-01 4.518893e-01 8.157906e-01 1.862999e+01
7.256210e-01 -1.200419e-02 -6.879899e-01 3.651315e+01 3.529747e-01 8.647671e-01 3.571928e-01 -1.128605e+00 5.906632e-01 -5.020296e-01 6.317304e-01 1.879884e+01
8.945066e-01 3.934723e-01 2.122201e-01 3.741705e+01 -2.703096e-01 8.541359e-01 -4.442798e-01 -1.128328e+00 -3.560767e-01 3.400461e-01 8.703896e-01 1.893022e+01
6.128849e-01 -2.787040e-01 -7.393891e-01 3.835806e+01 5.501802e-01 8.221576e-01 1.461456e-01 -1.127680e+00 5.671630e-01 -4.963677e-01 6.572254e-01 1.896645e+01
7.747819e-01 6.002255e-01 1.986011e-01 3.962148e+01 -5.277589e-01 7.869819e-01 -3.195779e-01 -1.122762e+00 -3.481143e-01 1.427897e-01 9.265136e-01 1.901216e+01
5.590189e-01 -5.032375e-01 -6.589764e-01 4.100091e+01 5.241651e-01 8.302871e-01 -1.894050e-01 -1.115752e+00 6.424553e-01 -2.395315e-01 7.279258e-01 1.898171e+01
7.598288e-01 5.917922e-01 2.691508e-01 4.238175e+01 -6.161293e-01 7.876081e-01 7.625809e-03 -1.108342e+00 -2.074724e-01 -1.716260e-01 9.630679e-01 1.892411e+01
5.777255e-01 -6.545447e-01 -4.876521e-01 4.348717e+01 4.296359e-01 7.518384e-01 -5.001520e-01 -1.105339e+00 6.940074e-01 7.943768e-02 7.155721e-01 1.888162e+01
5.669290e-01 6.337308e-01 5.262859e-01 4.392358e+01 -7.661137e-01 6.404234e-01 5.410773e-02 -1.108946e+00 -3.027560e-01 -4.338701e-01 8.485844e-01 1.902444e+01
5.646756e-01 -7.092981e-01 -4.219451e-01 4.394711e+01 5.655058e-01 7.049016e-01 -4.281552e-01 -1.115514e+00 6.011195e-01 3.156409e-03 7.991529e-01 1.915827e+01
7.090508e-01 3.871191e-01 5.893944e-01 4.410853e+01 -6.520701e-01 6.781189e-01 3.390566e-01 -1.121072e+00 -2.684242e-01 -6.247348e-01 7.332495e-01 1.912649e+01
5.477494e-01 -6.815285e-01 -4.852726e-01 4.451260e+01 2.627536e-01 6.908082e-01 -6.736057e-01 -1.124077e+00 7.943118e-01 2.414599e-01 5.574638e-01 1.905349e+01
6.239557e-01 2.732153e-01 7.321425e-01 4.463301e+01 -6.898852e-01 6.326603e-01 3.518514e-01 -1.128690e+00 -3.670663e-01 -7.246339e-01 5.832392e-01 1.919158e+01
6.128153e-01 -6.047631e-01 -5.086443e-01 4.465907e+01 1.517499e-01 7.217513e-01 -6.753125e-01 -1.134473e+00 7.755188e-01 3.366551e-01 5.340730e-01 1.935698e+01
6.995577e-01 9.281678e-02 7.085224e-01 4.473607e+01 -5.866042e-01 6.408097e-01 4.952357e-01 -1.140605e+00 -4.080618e-01 -7.620682e-01 5.027301e-01 1.946531e+01
6.309792e-01 -5.007574e-01 -5.925431e-01 4.483494e+01 -2.364672e-02 7.510146e-01 -6.598620e-01 -1.146756e+00 7.754393e-01 4.303709e-01 4.620333e-01 1.955296e+01
7.153384e-01 -1.218425e-01 6.880737e-01 4.490625e+01 -4.540851e-01 6.673854e-01 5.902571e-01 -1.153244e+00 -5.311288e-01 -7.346775e-01 4.220795e-01 1.966969e+01
6.786202e-01 -3.231575e-01 -6.595786e-01 4.498278e+01 -2.485538e-01 7.439888e-01 -6.202433e-01 -1.159938e+00 6.911553e-01 5.848504e-01 4.245637e-01 1.975467e+01
7.605502e-01 -2.964746e-01 5.776384e-01 4.509477e+01 -2.900694e-01 6.407896e-01 7.108083e-01 -1.166616e+00 -5.808813e-01 -7.081606e-01 4.013545e-01 1.982102e+01
7.308420e-01 -1.519195e-01 -6.654250e-01 4.520037e+01 -3.710701e-01 7.298187e-01 -5.741704e-01 -1.173573e+00 5.728673e-01 6.665472e-01 4.770094e-01 1.988289e+01
8.068319e-01 -4.572878e-01 3.740455e-01 4.528065e+01 -1.871765e-02 6.130329e-01 7.898356e-01 -1.178533e+00 -5.904844e-01 -6.442659e-01 4.860552e-01 1.999766e+01
7.184777e-01 6.998734e-02 -6.920199e-01 4.536046e+01 -5.464593e-01 6.723286e-01 -4.993561e-01 -1.184722e+00 4.303162e-01 7.369369e-01 5.212984e-01 2.008677e+01
7.779310e-01 -5.940996e-01 2.046194e-01 4.545638e+01 1.867581e-01 5.295429e-01 8.274695e-01 -1.190807e+00 -5.999540e-01 -6.054998e-01 5.229007e-01 2.018344e+01
7.083621e-01 2.816037e-01 -6.472422e-01 4.549849e+01 -6.693115e-01 5.591766e-01 -4.892276e-01 -1.197320e+00 2.241543e-01 7.797570e-01 5.845801e-01 2.027695e+01
7.138535e-01 -6.997895e-01 -2.660466e-02 4.566122e+01 4.046702e-01 3.812016e-01 8.312204e-01 -1.202708e+00 -5.715376e-01 -6.041357e-01 5.553060e-01 2.030327e+01
6.069123e-01 4.851700e-01 -6.294979e-01 4.582256e+01 -7.936257e-01 3.274927e-01 -5.127444e-01 -1.208651e+00 -4.261226e-02 8.107766e-01 5.838027e-01 2.038603e+01
6.197495e-01 -7.620714e-01 -1.875038e-01 4.586873e+01 5.558306e-01 2.575538e-01 7.903913e-01 -1.215163e+00 -5.540423e-01 -5.940650e-01 5.832015e-01 2.047167e+01
5.494358e-01 6.308178e-01 -5.478953e-01 4.590462e+01 -8.203390e-01 2.827743e-01 -4.970741e-01 -1.221887e+00 -1.586325e-01 7.225701e-01 6.728507e-01 2.056148e+01
5.628909e-01 -7.776751e-01 -2.799560e-01 4.594631e+01 6.768900e-01 2.393590e-01 6.960799e-01 -1.229002e+00 -4.743140e-01 -5.813164e-01 6.611335e-01 2.063526e+01
4.871802e-01 7.475344e-01 -4.514950e-01 4.601157e+01 -8.496399e-01 2.861897e-01 -4.429532e-01 -1.235197e+00 -2.019095e-01 5.994062e-01 7.745610e-01 2.071682e+01
4.580361e-01 -8.186068e-01 -3.465341e-01 4.604905e+01 8.096992e-01 2.233181e-01 5.426935e-01 -1.241773e+00 -3.668652e-01 -5.291616e-01 7.651130e-01 2.080226e+01
3.946147e-01 8.607335e-01 -3.215853e-01 4.608014e+01 -8.757037e-01 2.463156e-01 -4.152972e-01 -1.248334e+00 -2.782487e-01 4.454958e-01 8.509472e-01 2.093557e+01
3.627206e-01 -8.310796e-01 -4.215928e-01 4.611190e+01 9.039288e-01 2.037658e-01 3.760216e-01 -1.254516e+00 -2.265977e-01 -5.174806e-01 8.251468e-01 2.105928e+01
3.044142e-01 9.390137e-01 -1.599538e-01 4.612368e+01 -8.845803e-01 2.163908e-01 -4.131498e-01 -1.261380e+00 -3.533408e-01 2.672607e-01 8.965055e-01 2.121186e+01
