9.998293e-01 1.106966e-02 -1.479547e-02 1.014313e+00 -1.079560e-02 9.997710e-01 1.847619e-02 -1.253360e-02 1.499660e-02 -1.831331e-02 9.997198e-01 -5.157246e-01
9.942359e-01 -9.660823e-02 -4.649442e-02 3.756355e+00 9.771034e-02 9.949708e-01 2.204052e-02 -2.922465e-02 4.413129e-02 -2.645646e-02 9.986754e-01 -2.312351e+00
9.988668e-01 -2.540291e-02 4.024598e-02 6.655675e+00 2.254259e-02 9.972925e-01 6.999660e-02 -4.318198e-02 -4.191514e-02 -6.901003e-02 9.967350e-01 -4.284433e+00
9.832219e-01 -1.144033e-01 -1.420794e-01 9.851140e+00 1.232159e-01 9.908639e-01 5.483219e-02 -6.073713e-02 1.345084e-01 -7.141865e-02 9.883354e-01 -6.323981e+00
9.970098e-01 -8.025388e-03 7.685710e-02 1.305098e+01 5.916947e-03 9.996009e-01 2.762179e-02 -7.722568e-02 -7.704810e-02 -2.708444e-02 9.966594e-01 -8.421555e+00
9.944145e-01 -3.792943e-04 -1.055448e-01 1.563989e+01 1.146624e-02 9.944632e-01 1.044580e-01 -9.481410e-02 1.049208e-01 -1.050848e-01 9.889129e-01 -1.006352e+01
9.843665e-01 -1.743132e-01 -2.524736e-02 1.974092e+01 1.751753e-01 9.838297e-01 3.731922e-02 -1.190469e-01 1.833387e-02 -4.115851e-02 9.989844e-01 -1.267059e+01
9.996742e-01 2.327038e-02 -1.048769e-02 2.325914e+01 -2.298826e-02 9.993907e-01 2.626270e-02 -1.332801e-01 1.109245e-02 -2.601305e-02 9.996001e-01 -1.500488e+01
9.756977e-01 -2.140507e-01 -4.686461e-02 2.536700e+01 2.115879e-01 9.759515e-01 -5.243339e-02 -1.451424e-01 5.696099e-02 4.124316e-02 9.975242e-01 -1.639238e+01
9.853214e-01 1.631698e-01 5.017341e-02 2.774747e+01 -1.665143e-01 9.834158e-01 7.187728e-02 -1.597275e-01 -3.761313e-02 -7.917681e-02 9.961507e-01 -1.794947e+01
9.740210e-01 -2.156859e-01 -6.901195e-02 2.950247e+01 2.131102e-01 9.760895e-01 -4.281661e-02 -1.749205e-01 7.659678e-02 2.699713e-02 9.966966e-01 -1.904437e+01
9.933471e-01 2.396022e-02 -1.126382e-01 3.320471e+01 -8.506832e-03 9.907105e-01 1.357214e-01 -2.030656e-01 1.148437e-01 -1.338602e-01 9.843233e-01 -2.131873e+01
9.794705e-01 -8.495829e-02 1.828105e-01 3.555855e+01 1.186576e-01 9.760891e-01 -1.821273e-01 -2.102229e-01 -1.629661e-01 2.000802e-01 9.661314e-01 -2.267362e+01
9.790149e-01 6.183446e-02 -1.941811e-01 3.679650e+01 -1.760266e-02 9.749531e-01 2.217128e-01 -2.315160e-01 2.030269e-01 -2.136420e-01 9.555821e-01 -2.324007e+01
9.826537e-01 -6.076246e-02 1.752129e-01 3.888013e+01 8.149254e-02 9.901726e-01 -1.136539e-01 -2.481269e-01 -1.665851e-01 1.259609e-01 9.779485e-01 -2.448500e+01
9.853587e-01 7.968273e-02 -1.507281e-01 4.142010e+01 -3.800496e-02 9.644762e-01 2.614215e-01 -2.592988e-01 1.662045e-01 -2.518655e-01 9.533834e-01 -2.603354e+01
9.577664e-01 -5.182688e-02 2.828382e-01 4.332973e+01 8.004201e-02 9.927991e-01 -8.912468e-02 -2.708700e-01 -2.761825e-01 1.079996e-01 9.550180e-01 -2.693364e+01
9.493968e-01 8.364640e-02 -3.027359e-01 4.684218e+01 -1.145317e-02 9.724631e-01 2.327753e-01 -2.979118e-01 3.138703e-01 -2.175288e-01 9.242114e-01 -2.926719e+01
9.719942e-01 3.343465e-03 2.349809e-01 5.074311e+01 1.199816e-02 9.978887e-01 -6.382881e-02 -3.202099e-01 -2.346982e-01 6.486058e-02 9.699020e-01 -3.167446e+01
9.554575e-01 -1.675482e-02 -2.946528e-01 5.457838e+01 6.943877e-02 9.831217e-01 1.692628e-01 -3.483258e-01 2.868437e-01 -1.821837e-01 9.404944e-01 -3.420198e+01
9.628609e-01 -7.604596e-02 2.590672e-01 5.824520e+01 1.036899e-01 9.900862e-01 -9.475113e-02 -3.739088e-01 -2.492934e-01 1.180948e-01 9.612005e-01 -3.665471e+01
9.132309e-01 1.622407e-01 -3.737477e-01 6.290168e+01 -4.816855e-02 9.538592e-01 2.963652e-01 -4.064148e-01 4.045852e-01 -2.526470e-01 8.789086e-01 -3.947665e+01
9.352158e-01 -1.379407e-01 3.261039e-01 6.870704e+01 1.869716e-01 9.745089e-01 -1.239921e-01 -4.367642e-01 -3.006876e-01 1.769316e-01 9.371671e-01 -4.313756e+01
9.657392e-01 1.678492e-01 -1.979252e-01 7.101526e+01 -1.483437e-01 9.828358e-01 1.096723e-01 -4.406764e-01 2.129364e-01 -7.655390e-02 9.740624e-01 -4.443311e+01
9.637448e-01 -1.449407e-01 2.240273e-01 7.132751e+01 1.615063e-01 9.852020e-01 -5.738151e-02 -4.517289e-01 -2.123953e-01 9.148297e-02 9.728921e-01 -4.443615e+01
9.631562e-01 1.537639e-01 -2.206509e-01 7.137305e+01 -1.351220e-01 9.860381e-01 9.731878e-02 -4.626481e-01 2.325343e-01 -6.391840e-02 9.704856e-01 -4.423703e+01
9.677974e-01 -1.475281e-01 2.039698e-01 7.149691e+01 1.635353e-01 9.844662e-01 -6.389452e-02 -4.723140e-01 -1.913752e-01 9.519321e-02 9.768899e-01 -4.396706e+01
9.755180e-01 1.339500e-01 -1.744191e-01 7.177737e+01 -1.249538e-01 9.902468e-01 6.162651e-02 -4.832083e-01 1.809728e-01 -3.832345e-02 9.827411e-01 -4.388075e+01
9.747890e-01 -1.150183e-01 1.911996e-01 7.194665e+01 1.228045e-01 9.919969e-01 -2.934459e-02 -4.968899e-01 -1.862943e-01 5.208495e-02 9.811124e-01 -4.374798e+01
9.727406e-01 1.252046e-01 -1.951912e-01 7.205576e+01 -1.201610e-01 9.920452e-01 3.751776e-02 -5.085388e-01 1.983359e-01 -1.304069e-02 9.800474e-01 -4.356022e+01
9.725301e-01 -1.208275e-01 1.989623e-01 7.218306e+01 1.264408e-01 9.918498e-01 -1.570513e-02 -5.210878e-01 -1.954431e-01 4.043067e-02 9.798813e-01 -4.345714e+01
9.714227e-01 1.485205e-01 -1.851475e-01 7.238181e+01 -1.427209e-01 9.887691e-01 4.434350e-02 -5.316150e-01 1.896540e-01 -1.665186e-02 9.817098e-01 -4.328012e+01
9.685331e-01 -1.399765e-01 2.057916e-01 7.259200e+01 1.485144e-01 9.885534e-01 -2.656502e-02 -5.441664e-01 -1.997175e-01 5.629212e-02 9.782352e-01 -4.318975e+01
9.640273e-01 1.597281e-01 -2.124575e-01 7.271571e+01 -1.513508e-01 9.869357e-01 5.523477e-02 -5.558975e-01 2.185045e-01 -2.109220e-02 9.756080e-01 -4.302932e+01
9.624656e-01 -1.598120e-01 2.193629e-01 7.280672e+01 1.713604e-01 9.846027e-01 -3.454191e-02 -5.659734e-01 -2.104651e-01 7.083552e-02 9.750317e-01 -4.282970e+01
9.594700e-01 1.841107e-01 -2.133555e-01 7.292550e+01 -1.723779e-01 9.823582e-01 7.251377e-02 -5.777177e-01 2.229421e-01 -3.279703e-02 9.742798e-01 -4.249104e+01
9.579658e-01 -1.859012e-01 2.184999e-01 7.291911e+01 1.982635e-01 9.794916e-01 -3.588564e-02 -5.867403e-01 -2.073476e-01 7.769777e-02 9.751769e-01 -4.213796e+01
9.566814e-01 1.924909e-01 -2.184214e-01 7.293276e+01 -1.791100e-01 9.805968e-01 7.968424e-02 -5.977319e-01 2.295218e-01 -3.711097e-02 9.725958e-01 -4.188921e+01
9.404273e-01 -2.564877e-01 2.231827e-01 7.317573e+01 2.794397e-01 9.570186e-01 -7.764617e-02 -6.096157e-01 -1.936747e-01 1.353867e-01 9.716792e-01 -4.182556e+01
9.699560e-01 1.338951e-01 -2.031195e-01 7.379766e+01 -1.136077e-01 9.875836e-01 1.084985e-01 -6.197449e-01 2.151249e-01 -8.216286e-02 9.731241e-01 -4.205508e+01
9.470638e-01 -2.378198e-01 2.156662e-01 7.447514e+01 2.652856e-01 9.580453e-01 -1.085021e-01 -6.304661e-01 -1.808141e-01 1.599715e-01 9.704202e-01 -4.235217e+01
9.647413e-01 1.995092e-01 -1.716691e-01 7.507903e+01 -1.740324e-01 9.728455e-01 1.525923e-01 -6.412123e-01 1.974511e-01 -1.173361e-01 9.732653e-01 -4.262504e+01
9.600449e-01 -1.854267e-01 2.095965e-01 7.559369e+01 2.076662e-01 9.741032e-01 -8.942976e-02 -6.520828e-01 -1.875860e-01 1.293827e-01 9.736897e-01 -4.284245e+01
9.750659e-01 1.516745e-01 -1.619921e-01 7.627033e+01 -1.246348e-01 9.782604e-01 1.657488e-01 -6.652909e-01 1.836103e-01 -1.414262e-01 9.727723e-01 -4.239759e+01
9.599220e-01 -2.068316e-01 1.891309e-01 7.673098e+01 2.523854e-01 9.313561e-01 -2.624449e-01 -6.775809e-01 -1.218663e-01 2.996605e-01 9.462305e-01 -4.229660e+01
9.595518e-01 2.544782e-01 -1.204211e-01 7.679434e+01 -2.083095e-01 9.294968e-01 3.043728e-01 -6.895695e-01 1.893873e-01 -2.669766e-01 9.449105e-01 -4.209315e+01
9.590984e-01 -2.170142e-01 1.817557e-01 7.679604e+01 2.608846e-01 9.268395e-01 -2.700144e-01 -7.007551e-01 -1.098614e-01 3.063876e-01 9.455459e-01 -4.185539e+01
9.606231e-01 2.516778e-01 -1.177349e-01 7.681476e+01 -2.060692e-01 9.295550e-01 3.057172e-01 -7.125770e-01 1.863833e-01 -2.694174e-01 9.448151e-01 -4.165289e+01
9.625486e-01 -2.196537e-01 1.589101e-01 7.714458e+01 2.540126e-01 9.355369e-01 -2.454552e-01 -7.303714e-01 -9.475118e-02 2.766277e-01 9.562946e-01 -4.169359e+01
9.714633e-01 2.264362e-01 -7.060995e-02 7.778448e+01 -2.014535e-01 9.448273e-01 2.582979e-01 -7.417912e-01 1.252022e-01 -2.367023e-01 9.634814e-01 -4.206619e+01
9.703890e-01 -2.085070e-01 1.219425e-01 7.783425e+01 2.325490e-01 9.429583e-01 -2.382236e-01 -7.538346e-01 -6.531535e-02 2.595272e-01 9.635245e-01 -4.192462e+01
9.716115e-01 2.243068e-01 -7.521621e-02 7.784007e+01 -1.978615e-01 9.447250e-01 2.614296e-01 -7.655681e-01 1.296991e-01 -2.391257e-01 9.622874e-01 -4.170582e+01
9.713328e-01 -2.055624e-01 1.194013e-01 7.784609e+01 2.292495e-01 9.428923e-01 -2.416583e-01 -7.770282e-01 -6.290668e-02 2.621033e-01 9.629873e-01 -4.146955e+01
9.713147e-01 2.288992e-01 -6.444300e-02 7.793244e+01 -2.048263e-01 9.430038e-01 2.622784e-01 -7.889534e-01 1.208053e-01 -2.415552e-01 9.628381e-01 -4.131710e+01
9.709331e-01 -2.111338e-01 1.127452e-01 7.792159e+01 2.330975e-01 9.410636e-01 -2.450811e-01 -8.000100e-01 -5.435553e-02 2.642380e-01 9.629246e-01 -4.106977e+01
9.719533e-01 2.281622e-01 -5.699743e-02 7.796405e+01 -2.055307e-01 9.419067e-01 2.656481e-01 -8.105304e-01 1.142971e-01 -2.464828e-01 9.623837e-01 -4.084711e+01
9.713514e-01 -2.126047e-01 1.061869e-01 7.796403e+01 2.330045e-01 9.399078e-01 -2.495640e-01 -8.210689e-01 -4.674738e-02 2.671564e-01 9.625186e-01 -4.052634e+01
9.728607e-01 2.251609e-01 -5.333490e-02 7.795057e+01 -2.035154e-01 9.422992e-01 2.658078e-01 -8.312540e-01 1.101070e-01 -2.477395e-01 9.625495e-01 -4.026145e+01
9.717241e-01 -2.092292e-01 1.094320e-01 7.797102e+01 2.308009e-01 9.394779e-01 -2.532038e-01 -8.421371e-01 -4.983128e-02 2.713013e-01 9.612037e-01 -4.000244e+01
9.730966e-01 2.228244e-01 -5.858625e-02 7.797553e+01 -1.993165e-01 9.417022e-01 2.710534e-01 -8.532580e-01 1.155681e-01 -2.520839e-01 9.607797e-01 -3.975653e+01
9.720036e-01 -2.082286e-01 1.088570e-01 7.797237e+01 2.298168e-01 9.389781e-01 -2.559381e-01 -8.644977e-01 -4.892074e-02 2.737900e-01 9.605445e-01 -3.951749e+01
9.740278e-01 2.193134e-01 -5.631508e-02 7.799629e+01 -1.963058e-01 9.418643e-01 2.726825e-01 -8.765713e-01 1.128441e-01 -2.545454e-01 9.604545e-01 -3.933566e+01
9.731437e-01 -2.047493e-01 1.052095e-01 7.800286e+01 2.255392e-01 9.395290e-01 -2.577155e-01 -8.880238e-01 -4.608034e-02 2.745231e-01 9.604757e-01 -3.913429e+01
9.746145e-01 2.174553e-01 -5.328997e-02 7.798172e+01 -1.952053e-01 9.418888e-01 2.733870e-01 -8.984911e-01 1.096427e-01 -2.560444e-01 9.604268e-01 -3.888035e+01
9.737848e-01 -2.026779e-01 1.032705e-01 7.796528e+01 2.231208e-01 9.394177e-01 -2.602144e-01 -9.092804e-01 -4.427442e-02 2.764346e-01 9.600123e-01 -3.862577e+01
9.749576e-01 2.164782e-01 -5.093963e-02 7.796842e+01 -1.944500e-01 9.409563e-01 2.771110e-01 -9.202636e-01 1.079204e-01 -2.602662e-01 9.594867e-01 -3.839790e+01
9.754502e-01 -1.958062e-01 1.007812e-01 7.804652e+01 2.157682e-01 9.413313e-01 -2.594984e-01 -9.338093e-01 -4.405712e-02 2.748732e-01 9.604706e-01 -3.826467e+01
9.769411e-01 2.072469e-01 -5.132982e-02 7.802182e+01 -1.858523e-01 9.437902e-01 2.733476e-01 -9.441561e-01 1.050950e-01 -2.575047e-01 9.605448e-01 -3.799759e+01
9.762132e-01 -1.933185e-01 9.816133e-02 7.801040e+01 2.127120e-01 9.416045e-01 -2.610260e-01 -9.549684e-01 -4.196800e-02 2.756971e-01 9.603280e-01 -3.774732e+01
9.776501e-01 2.041740e-01 -5.013315e-02 7.800366e+01 -1.829912e-01 9.438014e-01 2.752330e-01 -9.659806e-01 1.035111e-01 -2.599076e-01 9.600695e-01 -3.750325e+01
9.764646e-01 -1.888132e-01 1.042418e-01 7.806937e+01 2.099171e-01 9.429647e-01 -2.583650e-01 -9.773088e-01 -4.951365e-02 2.741664e-01 9.604068e-01 -3.733143e+01
9.773498e-01 2.056800e-01 -4.982985e-02 7.817629e+01 -1.843941e-01 9.431757e-01 2.764387e-01 -9.901881e-01 1.038562e-01 -2.609890e-01 9.597388e-01 -3.722724e+01
9.768837e-01 -1.915253e-01 9.495393e-02 7.821843e+01 2.101117e-01 9.420791e-01 -2.614194e-01 -1.003001e+00 -3.938570e-02 2.753273e-01 9.605434e-01 -3.707178e+01
9.784032e-01 2.031168e-01 -3.835002e-02 7.829546e+01 -1.849277e-01 9.430164e-01 2.766259e-01 -1.014771e+00 9.235206e-02 -2.635597e-01 9.602122e-01 -3.694515e+01
9.783220e-01 -1.890247e-01 8.459140e-02 7.834322e+01 2.049570e-01 9.422551e-01 -2.648547e-01 -1.027979e+00 -2.964259e-02 2.764508e-01 9.605708e-01 -3.678472e+01
9.798217e-01 1.973047e-01 -3.194065e-02 7.839127e+01 -1.813088e-01 9.446498e-01 2.734298e-01 -1.039973e+00 8.412170e-02 -2.621213e-01 9.613615e-01 -3.658431e+01
9.796878e-01 -1.848552e-01 7.771953e-02 7.843496e+01 1.989588e-01 9.444465e-01 -2.616031e-01 -1.052352e+00 -2.504324e-02 2.717523e-01 9.620413e-01 -3.637264e+01
9.807957e-01 1.941372e-01 -1.872158e-02 7.852310e+01 -1.816571e-01 9.442306e-01 2.746439e-01 -1.064056e+00 7.099609e-02 -2.659687e-01 9.613637e-01 -3.623901e+01
9.815603e-01 -1.773446e-01 7.133158e-02 7.864530e+01 1.900286e-01 9.457101e-01 -2.636695e-01 -1.077450e+00 -2.069863e-02 2.723626e-01 9.619720e-01 -3.611312e+01
9.826607e-01 1.829854e-01 -2.990513e-02 7.862379e+01 -1.682066e-01 9.476520e-01 2.714078e-01 -1.087526e+00 7.800332e-02 -2.616715e-01 9.619997e-01 -3.576300e+01
9.820052e-01 -1.740290e-01 7.334650e-02 7.859140e+01 1.874160e-01 9.458633e-01 -2.649864e-01 -1.097151e+00 -2.326045e-02 2.739643e-01 9.614585e-01 -3.543414e+01
9.832022e-01 1.799639e-01 -3.043689e-02 7.856240e+01 -1.650696e-01 9.479072e-01 2.724408e-01 -1.107210e+00 7.788087e-02 -2.628402e-01 9.616910e-01 -3.512810e+01
9.830009e-01 -1.694465e-01 7.069088e-02 7.848384e+01 1.823316e-01 9.461421e-01 -2.675262e-01 -1.115109e+00 -2.155225e-02 2.758676e-01 9.609540e-01 -3.468183e+01
9.833508e-01 1.799607e-01 -2.520538e-02 7.847766e+01 -1.662089e-01 9.468037e-01 2.755675e-01 -1.125047e+00 7.345586e-02 -2.667901e-01 9.609512e-01 -3.436134e+01
9.827773e-01 -1.730739e-01 6.476326e-02 7.845528e+01 1.842422e-01 9.447621e-01 -2.710707e-01 -1.135347e+00 -1.427063e-02 2.783342e-01 9.603783e-01 -3.401251e+01
9.830164e-01 1.826011e-01 -1.832065e-02 7.839894e+01 -1.704025e-01 9.452661e-01 2.782716e-01 -1.144005e+00 6.813057e-02 -2.704236e-01 9.603277e-01 -3.361074e+01
9.826194e-01 -1.744528e-01 6.344623e-02 7.837240e+01 1.852162e-01 9.442372e-01 -2.722333e-01 -1.153871e+00 -1.241643e-02 2.792530e-01 9.601373e-01 -3.327567e+01
9.825311e-01 1.855168e-01 -1.470323e-02 7.831756e+01 -1.742093e-01 9.446720e-01 2.779314e-01 -1.161939e+00 6.545069e-02 -2.705148e-01 9.604884e-01 -3.281220e+01
9.819960e-01 -1.796907e-01 5.826758e-02 7.831025e+01 1.888048e-01 9.435153e-01 -2.722713e-01 -1.172189e+00 -6.051719e-03 2.783706e-01 9.604547e-01 -3.248099e+01
9.823864e-01 1.865338e-01 -1.104845e-02 7.830412e+01 -1.759270e-01 9.432149e-01 2.817719e-01 -1.182704e+00 6.298105e-02 -2.748652e-01 9.594178e-01 -3.219105e+01
9.810425e-01 -1.853638e-01 5.653174e-02 7.830146e+01 1.937885e-01 9.402539e-01 -2.799441e-01 -1.193756e+00 -1.262700e-03 2.855922e-01 9.583504e-01 -3.195730e+01
9.827044e-01 1.850185e-01 -7.758926e-03 7.831905e+01 -1.752637e-01 9.427866e-01 2.836124e-01 -1.205223e+00 5.978854e-02 -2.773473e-01 9.589076e-01 -3.175832e+01
9.816879e-01 -1.822869e-01 5.532093e-02 7.834944e+01 1.904953e-01 9.404396e-01 -2.815758e-01 -1.216928e+00 -6.983995e-04 2.869579e-01 9.579429e-01 -3.158107e+01
9.951914e-01 3.564767e-02 -9.123267e-02 7.936147e+01 1.252478e-03 9.267156e-01 3.757613e-01 -1.233143e+00 9.794176e-02 -3.740687e-01 9.222147e-01 -3.207434e+01
9.957100e-01 2.313500e-03 9.250049e-02 7.944322e+01 3.224256e-02 9.283565e-01 -3.702898e-01 -1.245685e+00 -8.673010e-02 3.716837e-01 9.242993e-01 -3.189190e+01
9.952338e-01 2.786255e-02 -9.345286e-02 7.942366e+01 8.928982e-03 9.282522e-01 3.718441e-01 -1.256044e+00 9.710835e-02 -3.709062e-01 9.235792e-01 -3.156674e+01
9.958906e-01 4.655705e-04 9.056271e-02 7.946252e+01 3.344410e-02 9.274124e-01 -3.725424e-01 -1.268735e+00 -8.416242e-02 3.740402e-01 9.235857e-01 -3.137337e+01
9.950454e-01 5.464521e-02 -8.305791e-02 7.958695e+01 -1.880694e-02 9.237802e-01 3.824610e-01 -1.280110e+00 9.762691e-02 -3.790040e-01 9.202309e-01 -3.113818e+01
9.955530e-01 -2.659580e-02 9.037073e-02 7.951796e+01 5.944454e-02 9.215647e-01 -3.836469e-01 -1.288843e+00 -7.307908e-02 3.873128e-01 9.190475e-01 -3.073416e+01
9.951745e-01 5.529058e-02 -8.105966e-02 7.947500e+01 -1.987539e-02 9.225850e-01 3.852815e-01 -1.297645e+00 9.608687e-02 -3.818112e-01 9.192320e-01 -3.035413e+01
9.957486e-01 -2.690598e-02 8.809514e-02 7.950960e+01 5.863341e-02 9.227496e-01 -3.809137e-01 -1.310291e+00 -7.104090e-02 3.844597e-01 9.204042e-01 -3.007656e+01
9.958360e-01 5.349663e-02 -7.381539e-02 7.961060e+01 -2.103900e-02 9.227211e-01 3.848937e-01 -1.321557e+00 8.870153e-02 -3.817380e-01 9.200044e-01 -2.991375e+01
9.964726e-01 -2.615656e-02 7.973861e-02 7.958479e+01 5.487938e-02 9.219568e-01 -3.833849e-01 -1.331670e+00 -6.348752e-02 3.864085e-01 9.201401e-01 -2.959168e+01
9.964949e-01 4.691899e-02 -6.925716e-02 7.956356e+01 -1.676758e-02 9.231286e-01 3.841256e-01 -1.342070e+00 8.195605e-02 -3.816179e-01 9.206796e-01 -2.930876e+01
9.969935e-01 -2.335971e-02 7.387997e-02 7.956820e+01 5.006867e-02 9.219021e-01 -3.841741e-01 -1.353536e+00 -5.913590e-02 3.867181e-01 9.203000e-01 -2.908805e+01
9.968308e-01 4.200131e-02 -6.755944e-02 7.954350e+01 -1.285476e-02 9.231428e-01 3.842422e-01 -1.364108e+00 7.850569e-02 -3.821560e-01 9.207571e-01 -2.879729e+01
9.974019e-01 -1.596309e-02 7.024629e-02 7.949137e+01 4.179265e-02 9.224826e-01 -3.837697e-01 -1.372996e+00 -5.867483e-02 3.857084e-01 9.207531e-01 -2.840982e+01
9.972793e-01 3.741110e-02 -6.351637e-02 7.942628e+01 -1.016257e-02 9.231951e-01 3.841974e-01 -1.381206e+00 7.301124e-02 -3.825066e-01 9.210635e-01 -2.799537e+01
9.977561e-01 -1.897956e-02 6.420634e-02 7.941045e+01 4.231792e-02 9.219058e-01 -3.850960e-01 -1.392334e+00 -5.188324e-02 3.869490e-01 9.206403e-01 -2.771681e+01
9.975906e-01 3.450929e-02 -6.018407e-02 7.938112e+01 -8.710779e-03 9.229475e-01 3.848273e-01 -1.402701e+00 6.882685e-02 -3.833758e-01 9.210243e-01 -2.743385e+01
9.979853e-01 -1.809952e-02 6.080872e-02 7.937555e+01 4.022714e-02 9.216761e-01 -3.858691e-01 -1.413967e+00 -4.906190e-02 3.875379e-01 9.205473e-01 -2.718805e+01
9.978730e-01 3.103274e-02 -5.732826e-02 7.939574e+01 -6.481829e-03 9.222961e-01 3.864296e-01 -1.426057e+00 6.486560e-02 -3.852361e-01 9.205355e-01 -2.700990e+01
9.983078e-01 -1.349330e-02 5.656364e-02 7.939147e+01 3.442274e-02 9.210971e-01 -3.878082e-01 -1.437476e+00 -4.686780e-02 3.890991e-01 9.200029e-01 -2.677252e+01
9.981443e-01 2.572705e-02 -5.519130e-02 7.937223e+01 -2.387833e-03 9.222045e-01 3.866951e-01 -1.448372e+00 6.084619e-02 -3.858457e-01 9.205546e-01 -2.650526e+01
9.985637e-01 -9.339893e-03 5.275678e-02 7.936439e+01 2.910187e-02 9.213159e-01 -3.877243e-01 -1.459574e+00 -4.498435e-02 3.887027e-01 9.202644e-01 -2.627876e+01
9.983648e-01 2.147214e-02 -5.297811e-02 7.933209e+01 6.575516e-04 9.223976e-01 3.862412e-01 -1.469964e+00 5.716030e-02 -3.856444e-01 9.208752e-01 -2.599341e+01
9.987813e-01 -5.688174e-03 4.902638e-02 7.930595e+01 2.427358e-02 9.215110e-01 -3.875930e-01 -1.480394e+00 -4.297365e-02 3.883106e-01 9.205260e-01 -2.572502e+01
9.985832e-01 1.714288e-02 -5.037571e-02 7.933296e+01 3.910844e-03 9.204825e-01 3.907642e-01 -1.491681e+00 5.306879e-02 -3.904076e-01 9.191113e-01 -2.553251e+01
9.990277e-01 -1.329147e-03 4.406794e-02 7.932710e+01 1.850949e-02 9.198344e-01 -3.918699e-01 -1.501802e+00 -4.001436e-02 3.923045e-01 9.189646e-01 -2.524923e+01
9.986501e-01 1.197107e-02 -5.054341e-02 7.934486e+01 8.907241e-03 9.191956e-01 3.937007e-01 -1.513025e+00 5.117229e-02 -3.936194e-01 9.178481e-01 -2.502437e+01
9.985197e-01 4.366233e-03 5.421538e-02 7.945324e+01 1.740345e-02 9.187226e-01 -3.945198e-01 -1.525862e+00 -5.153146e-02 3.948794e-01 9.172866e-01 -2.494791e+01
9.981692e-01 1.068920e-02 -5.953107e-02 7.959022e+01 1.363705e-02 9.191408e-01 3.936930e-01 -1.538048e+00 5.892570e-02 -3.937840e-01 9.173123e-01 -2.486431e+01
9.985746e-01 5.246349e-03 5.311552e-02 7.967930e+01 1.622790e-02 9.182026e-01 -3.957784e-01 -1.551449e+00 -5.084721e-02 3.960763e-01 9.168087e-01 -2.476989e+01
9.981701e-01 8.129880e-03 -5.991971e-02 7.966553e+01 1.623536e-02 9.185040e-01 3.950783e-01 -1.562510e+00 5.824843e-02 -3.953281e-01 9.166912e-01 -2.452362e+01
9.987690e-01 8.681188e-03 4.883726e-02 7.964304e+01 1.139332e-02 9.180926e-01 -3.962022e-01 -1.573090e+00 -4.827663e-02 3.962709e-01 9.168635e-01 -2.425303e+01
9.984697e-01 4.443460e-03 -5.512228e-02 7.953577e+01 1.762108e-02 9.192478e-01 3.932847e-01 -1.579582e+00 5.241858e-02 -3.936542e-01 9.177628e-01 -2.376356e+01
9.987309e-01 1.817026e-02 4.697276e-02 7.935357e+01 1.959092e-03 9.179318e-01 -3.967335e-01 -1.582206e+00 -5.032654e-02 3.963220e-01 9.167312e-01 -2.302778e+01
9.984637e-01 -7.350279e-03 -5.492025e-02 7.917289e+01 2.830238e-02 9.197653e-01 3.914470e-01 -1.583554e+00 4.763650e-02 -3.924000e-01 9.185603e-01 -2.226949e+01
9.987787e-01 2.638972e-02 4.177001e-02 7.903581e+01 -7.724711e-03 9.184182e-01 -3.955355e-01 -1.588768e+00 -4.880041e-02 3.947297e-01 9.175004e-01 -2.170791e+01
9.985176e-01 -1.190559e-02 -5.311176e-02 7.883567e+01 3.174267e-02 9.200407e-01 3.905348e-01 -1.590688e+00 4.421543e-02 -3.916418e-01 9.190548e-01 -2.096985e+01
9.988750e-01 2.618837e-02 3.953318e-02 7.867239e+01 -8.362466e-03 9.178872e-01 -3.967532e-01 -1.594175e+00 -4.667732e-02 3.959763e-01 9.170736e-01 -2.026989e+01
9.985333e-01 -1.355252e-02 -5.241829e-02 7.852417e+01 3.308224e-02 9.191326e-01 3.925568e-01 -1.598636e+00 4.285922e-02 -3.937151e-01 9.182328e-01 -1.966237e+01
9.989643e-01 2.800943e-02 3.585877e-02 7.847941e+01 -1.150570e-02 9.179642e-01 -3.964963e-01 -1.607498e+00 -4.402270e-02 3.956731e-01 9.173357e-01 -1.933524e+01
9.986409e-01 -1.673808e-02 -4.935722e-02 7.836179e+01 3.474411e-02 9.196982e-01 3.910858e-01 -1.614512e+00 3.884772e-02 -3.922691e-01 9.190298e-01 -1.873354e+01
9.986710e-01 3.500722e-02 3.782542e-02 7.831626e+01 -1.747693e-02 9.204578e-01 -3.904509e-01 -1.622340e+00 -4.848530e-02 3.892709e-01 9.198464e-01 -1.833511e+01
9.985208e-01 -2.244211e-02 -4.952317e-02 7.879399e+01 4.023787e-02 9.175905e-01 3.954853e-01 -1.638305e+00 3.656647e-02 -3.968930e-01 9.171362e-01 -1.842497e+01
9.979076e-01 5.310373e-02 3.688477e-02 7.880156e+01 -3.444792e-02 9.194300e-01 -3.917421e-01 -1.647412e+00 -5.471593e-02 3.896518e-01 9.193354e-01 -1.797720e+01
9.985753e-01 -2.262680e-02 -4.832632e-02 7.881666e+01 4.019665e-02 9.145944e-01 4.023695e-01 -1.655900e+00 3.509465e-02 -4.037388e-01 9.142009e-01 -1.757146e+01
9.978447e-01 5.234468e-02 3.957306e-02 7.886186e+01 -3.236986e-02 9.172307e-01 -3.970391e-01 -1.666202e+00 -5.708051e-02 3.949024e-01 9.169481e-01 -1.725610e+01
9.972919e-01 -3.638304e-02 -6.391522e-02 7.874773e+01 5.852724e-02 9.188873e-01 3.901548e-01 -1.672613e+00 4.453587e-02 -3.928390e-01 9.185282e-01 -1.673357e+01
9.978655e-01 5.334447e-02 3.766583e-02 7.863983e+01 -3.417104e-02 9.180699e-01 -3.949430e-01 -1.678106e+00 -5.564789e-02 3.928129e-01 9.179332e-01 -1.618925e+01
9.973591e-01 -3.835437e-02 -6.167516e-02 7.851237e+01 5.938008e-02 9.195861e-01 3.883753e-01 -1.683854e+00 4.181972e-02 -3.910119e-01 9.194350e-01 -1.563334e+01
9.976465e-01 5.769057e-02 3.705814e-02 7.832353e+01 -3.839387e-02 9.177988e-01 -3.951851e-01 -1.686411e+00 -5.681037e-02 3.928322e-01 9.178537e-01 -1.489287e+01
9.972692e-01 -4.509882e-02 -5.848211e-02 7.816112e+01 6.422318e-02 9.205670e-01 3.852684e-01 -1.690627e+00 3.646155e-02 -3.879723e-01 9.209496e-01 -1.424560e+01
9.975678e-01 6.003861e-02 3.541014e-02 7.818962e+01 -4.176541e-02 9.215763e-01 -3.859440e-01 -1.701413e+00 -5.580469e-02 3.835264e-01 9.218424e-01 -1.404894e+01
9.969712e-01 -4.424965e-02 -6.395646e-02 7.813817e+01 6.548415e-02 9.212620e-01 3.833904e-01 -1.710747e+00 4.195576e-02 -3.864173e-01 9.213693e-01 -1.372529e+01
9.971883e-01 6.387364e-02 3.918792e-02 7.792258e+01 -4.351980e-02 9.193418e-01 -3.910457e-01 -1.711349e+00 -6.100460e-02 3.882408e-01 9.195366e-01 -1.292222e+01
9.968407e-01 -4.902345e-02 -6.249188e-02 7.775140e+01 6.931816e-02 9.210734e-01 3.831694e-01 -1.714109e+00 3.877532e-02 -3.862907e-01 9.215617e-01 -1.224890e+01
9.966512e-01 7.066460e-02 4.114456e-02 7.783355e+01 -4.986970e-02 9.240445e-01 -3.790182e-01 -1.725864e+00 -6.480257e-02 3.756971e-01 9.244741e-01 -1.204456e+01
9.953280e-01 -5.826007e-02 -7.699366e-02 7.783607e+01 8.312765e-02 9.227119e-01 3.764208e-01 -1.734786e+00 4.911267e-02 -3.810624e-01 9.232439e-01 -1.171365e+01
9.961007e-01 7.604242e-02 4.473295e-02 7.768418e+01 -5.304278e-02 9.213546e-01 -3.850871e-01 -1.738595e+00 -7.049787e-02 3.812128e-01 9.217955e-01 -1.110592e+01
9.956482e-01 -5.586473e-02 -7.459061e-02 7.751569e+01 8.002796e-02 9.226714e-01 3.771909e-01 -1.741965e+00 4.775096e-02 -3.815188e-01 9.231269e-01 -1.044754e+01
9.961925e-01 7.451386e-02 4.525794e-02 7.726785e+01 -5.129385e-02 9.207180e-01 -3.868427e-01 -1.740529e+00 -7.049494e-02 3.830483e-01 9.210344e-01 -9.590396e+00
9.955990e-01 -5.894543e-02 -7.285711e-02 7.705277e+01 8.223918e-02 9.223057e-01 3.776096e-01 -1.740529e+00 4.493817e-02 -3.819394e-01 9.230942e-01 -8.829411e+00
9.955690e-01 8.153416e-02 4.684569e-02 7.696276e+01 -5.765104e-02 9.228068e-01 -3.809251e-01 -1.746761e+00 -7.428793e-02 3.765365e-01 9.234184e-01 -8.367310e+00
9.947415e-01 -6.086670e-02 -8.236876e-02 7.690011e+01 8.760519e-02 9.222834e-01 3.764554e-01 -1.754579e+00 5.305374e-02 -3.816918e-01 9.227658e-01 -7.966975e+00
9.955245e-01 8.362622e-02 4.401878e-02 7.686836e+01 -6.075238e-02 9.231021e-01 -3.797258e-01 -1.764015e+00 -7.238886e-02 3.753520e-01 9.240512e-01 -7.626285e+00
9.948331e-01 -6.623478e-02 -7.694215e-02 7.669354e+01 9.029536e-02 9.236972e-01 3.723308e-01 -1.766010e+00 4.641000e-02 -3.773546e-01 9.249052e-01 -6.941963e+00
9.952727e-01 8.676809e-02 4.363048e-02 7.647412e+01 -6.364516e-02 9.220396e-01 -3.818276e-01 -1.765812e+00 -7.335948e-02 3.772457e-01 9.232031e-01 -6.132996e+00
9.946780e-01 -7.014941e-02 -7.546371e-02 7.630482e+01 9.341346e-02 9.230120e-01 3.732597e-01 -1.768634e+00 4.346996e-02 -3.783226e-01 9.246526e-01 -5.464093e+00
9.949717e-01 9.088071e-02 4.209630e-02 7.631196e+01 -6.856577e-02 9.244302e-01 -3.751368e-01 -1.778766e+00 -7.300779e-02 3.703641e-01 9.260131e-01 -5.194052e+00
9.952391e-01 -6.371822e-02 -7.375047e-02 7.643085e+01 8.603557e-02 9.298954e-01 3.576205e-01 -1.791917e+00 4.579328e-02 -3.622631e-01 9.309503e-01 -5.047221e+00
9.947763e-01 9.245840e-02 4.326225e-02 7.643018e+01 -7.103898e-02 9.313838e-01 -3.570403e-01 -1.801966e+00 -7.330513e-02 3.521019e-01 9.330866e-01 -4.693213e+00
9.946641e-01 -5.412388e-02 -8.782856e-02 7.648261e+01 8.309544e-02 9.248587e-01 3.711221e-01 -1.811386e+00 6.114244e-02 -3.764400e-01 9.244212e-01 -4.312285e+00
9.948886e-01 8.247849e-02 5.825857e-02 7.644234e+01 -5.421885e-02 9.230372e-01 -3.808710e-01 -1.816869e+00 -8.518849e-02 3.757654e-01 9.227910e-01 -3.888216e+00
9.943672e-01 -6.107342e-02 -8.662549e-02 7.630601e+01 8.890698e-02 9.255620e-01 3.680088e-01 -1.821703e+00 5.770171e-02 -3.736375e-01 9.257783e-01 -3.180137e+00
9.947272e-01 8.843792e-02 5.192762e-02 7.610416e+01 -6.266905e-02 9.249727e-01 -3.748307e-01 -1.821398e+00 -8.118087e-02 3.696000e-01 9.256379e-01 -2.377623e+00
9.948254e-01 -6.248516e-02 -8.011219e-02 7.592156e+01 8.806464e-02 9.235459e-01 3.732394e-01 -1.822256e+00 5.066536e-02 -3.783631e-01 9.242696e-01 -1.568787e+00
9.954534e-01 8.368563e-02 4.548937e-02 7.576977e+01 -6.012884e-02 9.224994e-01 -3.812865e-01 -1.825907e+00 -7.387212e-02 3.768178e-01 9.233370e-01 -9.452322e-01
9.948936e-01 -6.336450e-02 -7.855957e-02 7.561625e+01 8.833063e-02 9.232174e-01 3.739884e-01 -1.829378e+00 4.882997e-02 -3.790179e-01 9.241001e-01 -3.228684e-01
9.952646e-01 8.599188e-02 4.531814e-02 7.534884e+01 -6.202445e-02 9.208008e-01 -3.850699e-01 -1.827872e+00 -7.484186e-02 3.804356e-01 9.217741e-01 5.843548e-01
9.941501e-01 -7.168124e-02 -8.079160e-02 7.521890e+01 9.697969e-02 9.217027e-01 3.755784e-01 -1.832525e+00 4.754391e-02 -3.812164e-01 9.232625e-01 1.145689e+00
9.960148e-01 6.699941e-02 5.886852e-02 7.567646e+01 -3.648414e-02 9.083778e-01 -4.165558e-01 -1.843476e+00 -8.138385e-02 4.127480e-01 9.072022e-01 1.022103e+00
9.949924e-01 -4.344899e-02 -9.001318e-02 7.566749e+01 7.692983e-02 9.078627e-01 4.121493e-01 -1.854195e+00 6.381214e-02 -4.170101e-01 9.066590e-01 1.272593e+00
9.958319e-01 7.111840e-02 5.710460e-02 7.557756e+01 -4.074650e-02 9.070408e-01 -4.190664e-01 -1.861354e+00 -8.159954e-02 4.149929e-01 9.061580e-01 1.707219e+00
9.953070e-01 -4.418298e-02 -8.609149e-02 7.543164e+01 7.594875e-02 9.079863e-01 4.120591e-01 -1.865069e+00 5.996390e-02 -4.166639e-01 9.070808e-01 2.279721e+00
9.955930e-01 7.409079e-02 5.749086e-02 7.513804e+01 -4.292713e-02 9.050925e-01 -4.230423e-01 -1.862253e+00 -8.337809e-02 4.187100e-01 9.042842e-01 3.246998e+00
9.950149e-01 -5.063504e-02 -8.591568e-02 7.494188e+01 8.174559e-02 9.075887e-01 4.118258e-01 -1.864157e+00 5.712328e-02 -4.167960e-01 9.072034e-01 3.981107e+00
9.952984e-01 8.056670e-02 5.375985e-02 7.467130e+01 -5.036265e-02 9.046024e-01 -4.232707e-01 -1.862615e+00 -8.273281e-02 4.185731e-01 9.044069e-01 4.860591e+00
9.953868e-01 -4.879340e-02 -8.260900e-02 7.455793e+01 7.910540e-02 9.045953e-01 4.188672e-01 -1.868032e+00 5.428976e-02 -4.234697e-01 9.042820e-01 5.370354e+00
9.959404e-01 7.623043e-02 4.787171e-02 7.443799e+01 -4.880407e-02 9.041490e-01 -4.244204e-01 -1.873112e+00 -7.563691e-02 4.203611e-01 9.041989e-01 5.916689e+00
9.751709e-01 -1.904992e-01 -1.129239e-01 7.615892e+01 2.201494e-01 8.891843e-01 4.011054e-01 -1.895649e+00 2.399985e-02 -4.160064e-01 9.090449e-01 5.103344e+00
9.925536e-01 1.145610e-01 -4.138890e-02 7.783248e+01 -1.210924e-01 8.912293e-01 -4.370891e-01 -1.917215e+00 -1.318636e-02 4.388463e-01 8.984654e-01 4.155101e+00
9.279953e-01 -3.527176e-01 -1.200629e-01 8.230918e+01 3.608950e-01 7.708081e-01 5.249855e-01 -1.934443e+00 -9.262614e-02 -5.305141e-01 8.426002e-01 1.132986e+00
9.322214e-01 3.542303e-01 -7.405518e-02 8.400467e+01 -3.419017e-01 7.950321e-01 -5.010261e-01 -1.946321e+00 -1.186024e-01 4.923869e-01 8.622579e-01 1.697599e-01
8.136433e-01 -5.285610e-01 -2.420906e-01 8.682437e+01 5.756846e-01 6.744498e-01 4.622820e-01 -1.966012e+00 -8.106629e-02 -5.155005e-01 8.530460e-01 -1.660957e+00
8.816648e-01 4.718656e-01 3.174152e-03 9.053637e+01 -4.123555e-01 7.737076e-01 -4.809777e-01 -1.982100e+00 -2.294127e-01 4.227522e-01 8.767271e-01 -4.283991e+00
7.411923e-01 -5.342707e-01 -4.064342e-01 9.516428e+01 6.707355e-01 6.140762e-01 4.159619e-01 -2.012762e+00 2.734531e-02 -5.809176e-01 8.135029e-01 -7.025574e+00
7.743982e-01 6.243934e-01 1.021775e-01 9.982150e+01 -4.915377e-01 6.954085e-01 -5.242115e-01 -2.032086e+00 -3.983693e-01 3.557244e-01 8.454360e-01 -1.017781e+01
7.534981e-01 -5.642192e-01 -3.374868e-01 1.019623e+02 6.565824e-01 6.194284e-01 4.303580e-01 -2.048104e+00 -3.376732e-02 -5.458618e-01 8.371945e-01 -1.152419e+01
8.297794e-01 5.575842e-01 -2.379052e-02 1.042934e+02 -4.644294e-01 6.662553e-01 -5.834460e-01 -2.053462e+00 -3.094697e-01 4.951804e-01 8.118034e-01 -1.286032e+01
8.037108e-01 -5.291108e-01 -2.721961e-01 1.044356e+02 5.907256e-01 6.546650e-01 4.716534e-01 -2.059285e+00 -7.135966e-02 -5.398661e-01 8.387207e-01 -1.237421e+01
8.053156e-01 5.880368e-01 -7.536269e-02 1.041966e+02 -5.288900e-01 6.551768e-01 -5.394615e-01 -2.057800e+00 -2.678473e-01 4.742953e-01 8.386309e-01 -1.154087e+01
8.030933e-01 -5.342874e-01 -2.637767e-01 1.039094e+02 5.907331e-01 6.560170e-01 4.697618e-01 -2.054343e+00 -7.794585e-02 -5.330841e-01 8.424641e-01 -1.058113e+01
8.054091e-01 5.869304e-01 -8.263648e-02 1.036798e+02 -5.323489e-01 6.550088e-01 -5.362537e-01 -2.054126e+00 -2.606160e-01 4.758951e-01 8.400019e-01 -9.772660e+00
8.031643e-01 -5.359441e-01 -2.601749e-01 1.034705e+02 5.900870e-01 6.555396e-01 4.712379e-01 -2.055246e+00 -8.200220e-02 -5.320073e-01 8.427597e-01 -9.037689e+00
8.048153e-01 5.870455e-01 -8.746424e-02 1.032481e+02 -5.350695e-01 6.538557e-01 -5.349517e-01 -2.056223e+00 -2.568520e-01 4.773368e-01 8.403432e-01 -8.264211e+00
8.016697e-01 -5.397204e-01 -2.569583e-01 1.030526e+02 5.913916e-01 6.534869e-01 4.724519e-01 -2.057993e+00 -8.707302e-02 -5.307133e-01 8.430668e-01 -7.541621e+00
8.011229e-01 5.916280e-01 -9.043477e-02 1.027784e+02 -5.409213e-01 6.510708e-01 -5.324575e-01 -2.055274e+00 -2.561373e-01 4.754820e-01 8.416119e-01 -6.628326e+00
8.003591e-01 -5.442979e-01 -2.513268e-01 1.025086e+02 5.924835e-01 6.540631e-01 4.702816e-01 -2.053024e+00 -9.158969e-02 -5.253011e-01 8.459728e-01 -5.678417e+00
8.015399e-01 5.901208e-01 -9.639101e-02 1.022486e+02 -5.439391e-01 6.526658e-01 -5.274065e-01 -2.051125e+00 -2.483225e-01 4.751682e-01 8.441274e-01 -4.773619e+00
8.014940e-01 -5.453500e-01 -2.453584e-01 1.019175e+02 5.901748e-01 6.551860e-01 4.716195e-01 -2.045171e+00 -9.644232e-02 -5.228046e-01 8.469795e-01 -3.711122e+00
8.008700e-01 5.905944e-01 -9.902236e-02 1.016096e+02 -5.461418e-01 6.525133e-01 -5.253147e-01 -2.040397e+00 -2.456345e-01 4.747890e-01 8.451267e-01 -2.708315e+00
7.991843e-01 -5.501685e-01 -2.421139e-01 1.012713e+02 5.925253e-01 6.533295e-01 4.712476e-01 -2.032980e+00 -1.010854e-01 -5.200723e-01 8.481194e-01 -1.562956e+00
7.995191e-01 5.928883e-01 -9.619111e-02 1.011593e+02 -5.484387e-01 6.553083e-01 -5.194093e-01 -2.036753e+00 -2.449169e-01 4.680326e-01 8.490944e-01 -8.735031e-01
5.746399e-01 -7.804422e-01 -2.463717e-01 1.032286e+02 7.994004e-01 4.707573e-01 3.732915e-01 -2.050542e+00 -1.753512e-01 -4.114578e-01 8.944017e-01 -2.176120e+00
7.428863e-01 6.532999e-01 -1.460108e-01 1.071705e+02 -6.544730e-01 6.629831e-01 -3.634811e-01 -2.065446e+00 -1.406595e-01 3.655853e-01 9.200882e-01 -4.884035e+00
4.507813e-01 -8.673577e-01 -2.109192e-01 1.126697e+02 8.626437e-01 3.625655e-01 3.526927e-01 -2.084158e+00 -2.294387e-01 -3.409354e-01 9.116584e-01 -8.724168e+00
4.593789e-01 8.635679e-01 -2.078977e-01 1.152211e+02 -8.176573e-01 3.196932e-01 -4.787826e-01 -2.087435e+00 -3.469978e-01 3.899317e-01 8.529629e-01 -1.012736e+01
4.666953e-01 -8.093683e-01 -3.565367e-01 1.152073e+02 8.610300e-01 3.237022e-01 3.922298e-01 -2.092301e+00 -2.020467e-01 -4.900406e-01 8.479607e-01 -9.424673e+00
4.705518e-01 8.574999e-01 -2.080263e-01 1.149072e+02 -8.080574e-01 3.240740e-01 -4.919546e-01 -2.087338e+00 -3.544351e-01 3.995873e-01 8.454027e-01 -8.423455e+00
4.641822e-01 -8.120272e-01 -3.537607e-01 1.147073e+02 8.612408e-01 3.204961e-01 3.943939e-01 -2.087517e+00 -2.068797e-01 -4.877438e-01 8.481195e-01 -7.635056e+00
4.581440e-01 8.664105e-01 -1.985872e-01 1.147097e+02 -8.125468e-01 3.176375e-01 -4.887475e-01 -2.094348e+00 -3.603773e-01 3.852781e-01 8.495228e-01 -6.964822e+00
2.950171e-01 -8.949636e-01 -3.346717e-01 1.154193e+02 9.271098e-01 1.833844e-01 3.268601e-01 -2.111098e+00 -2.311543e-01 -4.067067e-01 8.838311e-01 -7.008847e+00
2.812623e-01 9.210903e-01 -2.692287e-01 1.156372e+02 -8.975020e-01 1.531807e-01 -4.135527e-01 -2.118100e+00 -3.396787e-01 3.579501e-01 8.697644e-01 -6.706325e+00
2.800735e-01 -8.983385e-01 -3.384476e-01 1.155602e+02 9.221560e-01 1.537767e-01 3.549381e-01 -2.127113e+00 -2.668092e-01 -4.115102e-01 8.714770e-01 -6.193204e+00
2.750830e-01 9.226331e-01 -2.703285e-01 1.153610e+02 -9.008121e-01 1.490897e-01 -4.078111e-01 -2.128732e+00 -3.359568e-01 3.556970e-01 8.721311e-01 -5.456560e+00
2.666787e-01 -9.049919e-01 -3.314695e-01 1.151419e+02 9.250049e-01 1.437558e-01 3.517104e-01 -2.127436e+00 -2.706444e-01 -4.004047e-01 8.754586e-01 -4.598061e+00
2.707053e-01 9.226609e-01 -2.746189e-01 1.150946e+02 -9.078502e-01 1.497980e-01 -3.916229e-01 -2.135889e+00 -3.201978e-01 3.553272e-01 8.781890e-01 -4.075114e+00
2.607691e-01 -9.108164e-01 -3.200202e-01 1.149672e+02 9.262036e-01 1.425369e-01 3.490416e-01 -2.140578e+00 -2.722981e-01 -3.874232e-01 8.807707e-01 -3.451057e+00
2.636456e-01 9.247183e-01 -2.745672e-01 1.148186e+02 -9.122544e-01 1.465125e-01 -3.825258e-01 -2.143977e+00 -3.135010e-01 3.513263e-01 8.822057e-01 -2.780739e+00
2.545035e-01 -9.149864e-01 -3.130941e-01 1.146534e+02 9.277946e-01 1.396855e-01 3.459554e-01 -2.146401e+00 -2.728097e-01 -3.785339e-01 8.844699e-01 -2.092510e+00
2.646939e-01 9.226417e-01 -2.804806e-01 1.145282e+02 -9.118844e-01 1.448627e-01 -3.840333e-01 -2.150752e+00 -3.136939e-01 3.574171e-01 8.796869e-01 -1.458201e+00
2.552087e-01 -9.148330e-01 -3.129682e-01 1.144198e+02 9.261353e-01 1.383111e-01 3.509181e-01 -2.157043e+00 -2.777445e-01 -3.794082e-01 8.825573e-01 -9.419273e-01
2.632539e-01 9.224497e-01 -2.824604e-01 1.143620e+02 -9.139853e-01 1.447735e-01 -3.790404e-01 -2.164768e+00 -3.087529e-01 3.579485e-01 8.812176e-01 -4.718830e-01
2.555864e-01 -9.159079e-01 -3.094970e-01 1.142370e+02 9.256397e-01 1.394305e-01 3.517816e-01 -2.170078e+00 -2.790462e-01 -3.763933e-01 8.834372e-01 1.339890e-01
2.603341e-01 9.238513e-01 -2.805796e-01 1.141616e+02 -9.177348e-01 1.464834e-01 -3.691957e-01 -2.176989e+00 -2.999816e-01 3.536119e-01 8.859851e-01 6.869814e-01
2.510937e-01 -9.198842e-01 -3.012723e-01 1.140643e+02 9.277368e-01 1.399122e-01 3.460187e-01 -2.183509e+00 -2.761454e-01 -3.663845e-01 8.885416e-01 1.272251e+00
2.559286e-01 9.245701e-01 -2.822600e-01 1.138417e+02 -9.202788e-01 1.436325e-01 -3.639459e-01 -2.182812e+00 -2.959518e-01 3.529020e-01 8.876220e-01 2.122315e+00
2.529285e-01 -9.203532e-01 -2.982903e-01 1.138223e+02 9.244833e-01 1.390155e-01 3.549723e-01 -2.190486e+00 -2.852329e-01 -3.655470e-01 8.860122e-01 2.536439e+00
2.527390e-01 9.235513e-01 -2.884025e-01 1.136551e+02 -9.221284e-01 1.396846e-01 -3.607871e-01 -2.193958e+00 -2.929201e-01 3.571291e-01 8.869367e-01 3.193463e+00
2.504555e-01 -9.232675e-01 -2.912889e-01 1.134069e+02 9.247371e-01 1.390775e-01 3.542863e-01 -2.191784e+00 -2.865893e-01 -3.580986e-01 8.886124e-01 4.055724e+00
2.559695e-01 9.214198e-01 -2.923441e-01 1.132176e+02 -9.235942e-01 1.438229e-01 -3.553712e-01 -2.192679e+00 -2.854003e-01 3.609715e-01 8.878323e-01 4.805592e+00
2.510836e-01 -9.253262e-01 -2.841276e-01 1.130329e+02 9.239070e-01 1.415486e-01 3.554714e-01 -2.194207e+00 -2.887091e-01 -3.517605e-01 8.904559e-01 5.556718e+00
2.528804e-01 9.222641e-01 -2.923704e-01 1.128388e+02 -9.265671e-01 1.438925e-01 -3.475173e-01 -2.195236e+00 -2.784328e-01 3.587812e-01 8.909272e-01 6.286131e+00
2.454086e-01 -9.292001e-01 -2.763362e-01 1.126924e+02 9.252750e-01 1.394755e-01 3.527218e-01 -2.198901e+00 -2.892070e-01 -3.422480e-01 8.939942e-01 6.931564e+00
2.494667e-01 9.231578e-01 -2.924827e-01 1.126237e+02 -9.311433e-01 1.457174e-01 -3.342732e-01 -2.206006e+00 -2.659671e-01 3.557333e-01 8.959438e-01 7.395951e+00
2.465562e-01 -9.315547e-01 -2.672374e-01 1.124813e+02 9.255174e-01 1.445426e-01 3.500357e-01 -2.209856e+00 -2.874502e-01 -3.336363e-01 8.978080e-01 7.996359e+00
2.469769e-01 9.240664e-01 -2.917255e-01 1.122519e+02 -9.325300e-01 1.448116e-01 -3.307831e-01 -2.209769e+00 -2.634203e-01 3.537386e-01 8.974847e-01 8.806506e+00
2.415249e-01 -9.354112e-01 -2.582085e-01 1.121335e+02 9.257282e-01 1.423023e-01 3.503960e-01 -2.214098e+00 -2.910207e-01 -3.236602e-01 9.003061e-01 9.369569e+00
2.439179e-01 9.246185e-01 -2.925485e-01 1.120939e+02 -9.375509e-01 1.476821e-01 -3.149418e-01 -2.222964e+00 -2.479969e-01 3.510991e-01 9.028992e-01 9.810678e+00
2.352830e-01 -9.395640e-01 -2.487194e-01 1.119866e+02 9.281678e-01 1.412868e-01 3.443000e-01 -2.228124e+00 -2.883511e-01 -3.118613e-01 9.053155e-01 1.043125e+01
2.379764e-01 9.291086e-01 -2.830625e-01 1.120065e+02 -9.411067e-01 1.485094e-01 -3.037484e-01 -2.237926e+00 -2.401779e-01 3.386770e-01 9.097321e-01 1.082936e+01
1.356140e-01 -9.600432e-01 -2.447977e-01 1.123526e+02 9.477958e-01 5.373737e-02 3.143173e-01 -2.248550e+00 -2.886034e-01 -2.746441e-01 9.172125e-01 1.087978e+01
1.565409e-01 9.450492e-01 -2.870140e-01 1.125308e+02 -9.659469e-01 8.587667e-02 -2.440734e-01 -2.257000e+00 -2.060136e-01 3.154478e-01 9.263105e-01 1.110873e+01
1.513738e-01 -9.663699e-01 -2.078824e-01 1.124400e+02 9.469105e-01 8.142085e-02 3.110162e-01 -2.263013e+00 -2.836308e-01 -2.439258e-01 9.273909e-01 1.165125e+01
1.538675e-01 9.441346e-01 -2.914355e-01 1.124755e+02 -9.694560e-01 8.723647e-02 -2.292268e-01 -2.271068e+00 -1.909972e-01 3.178045e-01 9.287198e-01 1.210537e+01
1.469359e-01 -9.707713e-01 -1.897709e-01 1.123098e+02 9.465274e-01 8.228415e-02 3.119537e-01 -2.274128e+00 -2.872205e-01 -2.254606e-01 9.309521e-01 1.296278e+01
