1.000000e+00 1.197625e-11 1.704638e-10 1.665335e-16 1.197625e-11 1.000000e+00 3.562503e-10 -1.110223e-16 1.704638e-10 3.562503e-10 1.000000e+00 2.220446e-16 0.000000e+00 0.000000e+00 0.000000e+00 1.000000e+00
8.913582e-01 -3.369920e-01 -3.031782e-01 7.731539e-01 3.198803e-01 9.415043e-01 -1.060484e-01 -1.930921e-03 3.211810e-01 -2.453634e-03 9.470146e-01 -4.990577e-01
9.498462e-01 2.490033e-01 1.891812e-01 1.218666e+00 -2.479614e-01 9.683193e-01 -2.954576e-02 -6.762702e-03 -1.905448e-01 -1.884569e-02 9.814976e-01 -7.321635e-01
9.305346e-01 -2.016533e-01 -3.056818e-01 1.303933e+00 2.279145e-01 9.722696e-01 5.241042e-02 -1.395065e-02 2.866364e-01 -1.184390e-01 9.506902e-01 -6.771893e-01
9.628977e-01 2.591397e-01 7.533013e-02 1.774945e+00 -2.646233e-01 9.614161e-01 7.519013e-02 -1.905670e-02 -5.293885e-02 -9.233451e-02 9.943198e-01 -8.702458e-01
8.362011e-01 -2.388581e-01 -4.936745e-01 2.463617e+00 1.694286e-01 9.686507e-01 -1.816859e-01 -1.998740e-02 5.215952e-01 6.828337e-02 8.504562e-01 -1.192202e+00
9.484823e-01 1.590215e-01 2.740320e-01 2.806363e+00 -2.222110e-01 9.504077e-01 2.175949e-01 -2.448994e-02 -2.258398e-01 -2.672778e-01 9.367812e-01 -1.299276e+00
8.504967e-01 -2.294215e-01 -4.733087e-01 2.962661e+00 1.573725e-01 9.696315e-01 -1.872128e-01 -2.970716e-02 5.018857e-01 8.473807e-02 8.607730e-01 -1.315227e+00
9.376081e-01 8.783462e-02 3.364167e-01 3.088343e+00 -1.968904e-01 9.316106e-01 3.055090e-01 -3.525555e-02 -2.865751e-01 -3.526850e-01 8.907794e-01 -1.258393e+00
8.644299e-01 -1.336978e-01 -4.846503e-01 3.194163e+00 3.453952e-02 9.775073e-01 -2.080542e-01 -4.088784e-02 5.015656e-01 1.631087e-01 8.496043e-01 -1.193370e+00
9.422177e-01 -4.269665e-02 3.322692e-01 3.305803e+00 -7.857773e-02 9.360063e-01 3.431003e-01 -4.670543e-02 -3.256553e-01 -3.493841e-01 8.785667e-01 -1.118745e+00
8.521248e-01 -5.948954e-02 -5.199465e-01 3.480301e+00 -5.558296e-02 9.776110e-01 -2.029463e-01 -5.218137e-02 5.203786e-01 2.018358e-01 8.297400e-01 -1.113507e+00
9.842235e-01 -1.086547e-01 1.396360e-01 3.854004e+00 7.751064e-02 9.742445e-01 2.117539e-01 -5.543293e-02 -1.590476e-01 -1.975899e-01 9.672963e-01 -1.253188e+00
9.263242e-01 1.048360e-01 -3.618465e-01 4.072215e+00 -1.349010e-01 9.891144e-01 -5.877412e-02 -6.149263e-02 3.517459e-01 1.032573e-01 9.303831e-01 -1.265471e+00
9.648473e-01 -2.146748e-01 1.516060e-01 4.172610e+00 1.741160e-01 9.542440e-01 2.431089e-01 -6.727959e-02 -1.968584e-01 -2.081659e-01 9.580781e-01 -1.185224e+00
8.246632e-01 1.850494e-01 -5.344973e-01 4.674942e+00 -2.307780e-01 9.728158e-01 -1.926143e-02 -6.985974e-02 5.164031e-01 1.392344e-01 8.449507e-01 -1.379595e+00
8.164352e-01 -5.524226e-01 -1.681153e-01 5.517809e+00 5.695346e-01 8.183799e-01 7.671241e-02 -6.965893e-02 9.520447e-02 -1.583782e-01 9.827779e-01 -1.840675e+00
8.820352e-01 4.153616e-01 -2.224605e-01 6.481188e+00 -3.654442e-01 9.010777e-01 2.334725e-01 -6.871180e-02 2.974297e-01 -1.246341e-01 9.465738e-01 -2.205804e+00
7.534327e-01 -5.778479e-01 -3.137371e-01 7.574658e+00 4.829573e-01 8.101355e-01 -3.323141e-01 -6.597495e-02 4.461965e-01 9.885464e-02 8.894585e-01 -2.625685e+00
9.764711e-01 2.141745e-01 -2.516870e-02 8.727465e+00 -1.801223e-01 8.742073e-01 4.509075e-01 -6.069355e-02 1.185756e-01 -4.357647e-01 8.922157e-01 -3.131385e+00
7.971006e-01 -3.050783e-01 -5.211121e-01 9.849434e+00 7.431792e-02 9.059907e-01 -4.167227e-01 -5.570676e-02 5.992557e-01 2.934419e-01 7.448385e-01 -3.658876e+00
9.929676e-01 -8.515025e-02 -8.224879e-02 1.103853e+01 1.146739e-01 8.644269e-01 4.895059e-01 -5.062569e-02 2.941651e-02 -4.954953e-01 8.681124e-01 -4.279011e+00
6.867180e-01 -6.620508e-03 -7.268938e-01 1.225993e+01 -2.295260e-01 9.468284e-01 -2.254637e-01 -4.237154e-02 6.897363e-01 3.216710e-01 6.486845e-01 -4.859063e+00
9.021444e-01 -4.305826e-01 2.709274e-02 1.347404e+01 4.018316e-01 8.614464e-01 3.105503e-01 -3.795084e-02 -1.570565e-01 -2.692745e-01 9.501708e-01 -5.457306e+00
5.875120e-01 3.017358e-01 -7.508563e-01 1.465753e+01 -3.238719e-01 9.380023e-01 1.235260e-01 -3.141955e-02 7.415771e-01 1.706082e-01 6.488114e-01 -6.037496e+00
8.359836e-01 -5.458215e-01 5.666015e-02 1.581931e+01 5.487361e-01 8.323325e-01 -7.817518e-02 -2.671081e-02 -4.490394e-03 9.644464e-02 9.953282e-01 -6.585958e+00
7.019032e-01 3.831332e-01 -6.004505e-01 1.700497e+01 -5.215157e-02 8.683883e-01 4.931348e-01 -2.094573e-02 7.103606e-01 -3.148185e-01 6.295055e-01 -7.145447e+00
9.059493e-01 -4.228418e-01 -2.146281e-02 1.840975e+01 3.579316e-01 7.919835e-01 -4.946181e-01 -1.325846e-02 2.261434e-01 4.404167e-01 8.688454e-01 -7.793073e+00
8.170084e-01 2.465158e-01 -5.212747e-01 1.949690e+01 9.990171e-03 8.978215e-01 4.402463e-01 -8.537708e-03 5.765393e-01 -3.648926e-01 7.310649e-01 -8.203315e+00
9.312237e-01 -2.574646e-01 -2.579426e-01 2.024450e+01 1.190051e-01 8.837820e-01 -4.525121e-01 -4.795666e-03 3.444709e-01 3.906935e-01 8.536383e-01 -8.464133e+00
9.242908e-01 -1.122867e-01 -3.647989e-01 2.152017e+01 3.059890e-01 7.892973e-01 5.323350e-01 2.151174e-03 2.281606e-01 -6.036568e-01 7.638987e-01 -9.042700e+00
9.026137e-01 2.390979e-01 -3.579394e-01 2.263387e+01 -3.872696e-01 8.140753e-01 -4.327859e-01 6.986486e-03 1.879114e-01 5.292576e-01 8.273909e-01 -9.581877e+00
7.154980e-01 -5.222178e-01 -4.640594e-01 2.350296e+01 6.652036e-01 7.122250e-01 2.241422e-01 9.199091e-03 2.134636e-01 -4.690673e-01 8.569767e-01 -9.917141e+00
7.978778e-01 4.280233e-01 -4.244845e-01 2.452154e+01 -3.681791e-01 9.035783e-01 2.190671e-01 1.383161e-02 4.773209e-01 -1.850247e-02 8.785343e-01 -1.041224e+01
5.818292e-01 -7.771912e-01 -2.396844e-01 2.591091e+01 7.058770e-01 6.289336e-01 -3.258530e-01 2.083787e-02 4.039956e-01 2.040308e-02 9.145334e-01 -1.104514e+01
8.628786e-01 5.012795e-01 -6.449268e-02 2.730842e+01 -4.355742e-01 8.022905e-01 4.081729e-01 2.858760e-02 2.563506e-01 -3.241123e-01 9.106237e-01 -1.149571e+01
4.866783e-01 -7.531397e-01 -4.426339e-01 2.873305e+01 3.192746e-01 6.249831e-01 -7.123622e-01 3.950146e-02 8.131469e-01 2.053695e-01 5.446241e-01 -1.198235e+01
9.605787e-01 -1.717398e-02 2.774773e-01 3.006669e+01 -1.633429e-01 7.727797e-01 6.132949e-01 4.648693e-02 -2.249616e-01 -6.344420e-01 7.395104e-01 -1.240457e+01
3.682639e-01 -4.900056e-01 -7.901116e-01 3.132698e+01 -1.332444e-01 8.132475e-01 -5.664578e-01 5.419868e-02 9.201237e-01 3.138839e-01 2.341992e-01 -1.272258e+01
7.563197e-01 -4.668710e-01 4.582707e-01 3.282400e+01 1.376782e-01 7.984056e-01 5.861682e-01 6.314368e-02 -6.395508e-01 -3.802366e-01 6.681279e-01 -1.314163e+01
1.186515e-01 3.081300e-02 -9.924577e-01 3.457196e+01 -2.941319e-01 9.557491e-01 -5.491114e-03 7.372574e-02 9.483714e-01 2.925651e-01 1.224641e-01 -1.368522e+01
5.651455e-01 -5.376442e-01 6.257391e-01 3.623722e+01 5.951228e-01 7.909686e-01 1.421179e-01 8.429810e-02 -5.713489e-01 2.920743e-01 7.669766e-01 -1.419312e+01
2.373267e-01 5.265761e-01 -8.163293e-01 3.778412e+01 -7.577447e-02 8.478123e-01 5.248548e-01 9.219420e-02 9.684701e-01 -6.270515e-02 2.411095e-01 -1.463900e+01
7.850865e-01 -3.527321e-01 5.091358e-01 3.935611e+01 6.090159e-01 5.893981e-01 -5.307631e-01 1.007201e-01 -1.128665e-01 7.267667e-01 6.775480e-01 -1.524128e+01
7.474030e-01 3.636097e-01 -5.560367e-01 4.083746e+01 3.109074e-01 5.482116e-01 7.764023e-01 1.123061e-01 5.871332e-01 -7.531613e-01 2.966861e-01 -1.566996e+01
9.655041e-01 2.434974e-01 9.225380e-02 4.226489e+01 -7.826600e-02 6.092925e-01 -7.890735e-01 1.175821e-01 -2.483469e-01 7.546334e-01 6.073320e-01 -1.594772e+01
8.797603e-01 -9.730537e-02 -4.653531e-01 4.311211e+01 3.504728e-01 7.941230e-01 4.965254e-01 1.190316e-01 3.212330e-01 -5.999170e-01 7.327407e-01 -1.589585e+01
9.381268e-01 1.621729e-02 -3.459121e-01 4.361998e+01 3.458333e-03 9.984142e-01 5.618749e-02 1.249474e-01 3.462748e-01 -5.390727e-02 9.365830e-01 -1.595390e+01
9.128047e-01 -2.655262e-01 -3.102957e-01 4.442671e+01 2.123979e-01 9.576054e-01 -1.946256e-01 1.257793e-01 3.488191e-01 1.117490e-01 9.305039e-01 -1.616623e+01
8.990195e-01 -6.644134e-02 -4.328388e-01 4.516754e+01 1.421630e-01 9.791693e-01 1.449730e-01 1.271390e-01 4.141903e-01 -1.918672e-01 8.897378e-01 -1.642566e+01
9.988075e-01 -3.162544e-04 4.881997e-02 4.574986e+01 8.423876e-03 9.860972e-01 -1.659561e-01 1.285341e-01 -4.808875e-02 1.661695e-01 9.849239e-01 -1.661403e+01
6.965506e-01 -2.153479e-01 -6.844286e-01 4.632313e+01 4.494587e-01 8.745094e-01 1.822643e-01 1.298374e-01 5.592890e-01 -4.345787e-01 7.059300e-01 -1.679950e+01
7.599568e-01 5.269240e-01 3.805479e-01 4.650857e+01 -3.202130e-01 8.130189e-01 -4.862756e-01 1.219252e-01 -5.656229e-01 2.476921e-01 7.865871e-01 -1.670453e+01
6.677232e-01 -2.290059e-01 -7.083093e-01 4.660031e+01 5.649281e-01 7.755211e-01 2.818214e-01 1.159248e-01 4.847700e-01 -5.883225e-01 6.472053e-01 -1.662447e+01
7.106053e-01 5.193061e-01 4.747224e-01 4.665577e+01 -2.963677e-01 8.328604e-01 -4.674502e-01 1.092414e-01 -6.381272e-01 1.914802e-01 7.457406e-01 -1.651044e+01
6.555926e-01 -2.023982e-01 -7.274843e-01 4.668882e+01 5.033409e-01 8.352936e-01 2.212070e-01 1.027037e-01 5.628911e-01 -5.111942e-01 6.494876e-01 -1.636812e+01
7.427488e-01 4.361073e-01 5.080695e-01 4.676263e+01 -3.287654e-01 8.985672e-01 -2.906720e-01 9.911645e-02 -5.832988e-01 4.886066e-02 8.107867e-01 -1.626979e+01
6.487750e-01 -1.633760e-01 -7.432357e-01 4.678474e+01 3.528564e-01 9.299247e-01 1.035970e-01 9.413117e-02 6.742280e-01 -3.294667e-01 6.609602e-01 -1.612290e+01
7.483950e-01 2.604199e-01 6.099888e-01 4.686058e+01 -2.358158e-01 9.640756e-01 -1.222662e-01 8.935231e-02 -6.199159e-01 -5.234158e-02 7.829206e-01 -1.603941e+01
6.629141e-01 -7.804863e-02 -7.446162e-01 4.687689e+01 1.561888e-01 9.870859e-01 3.558752e-02 8.260613e-02 7.322226e-01 -1.398922e-01 6.665435e-01 -1.592650e+01
7.146480e-01 1.119699e-01 6.904643e-01 4.693353e+01 -1.128040e-01 9.926329e-01 -4.421642e-02 7.489296e-02 -6.903285e-01 -4.628797e-02 7.220138e-01 -1.585771e+01
6.359914e-01 -1.033538e-02 -7.716269e-01 4.701241e+01 8.834801e-02 9.943110e-01 5.950026e-02 6.806466e-02 7.666222e-01 -1.060134e-01 6.332864e-01 -1.576890e+01
7.038198e-01 1.962726e-02 7.101074e-01 4.708227e+01 -2.898238e-02 9.995793e-01 1.097529e-03 6.089622e-02 -7.097871e-01 -2.135306e-02 7.040926e-01 -1.567656e+01
6.321668e-01 7.335708e-02 -7.713520e-01 4.714764e+01 -1.774244e-02 9.966177e-01 8.023935e-02 5.391507e-02 7.746292e-01 -3.703899e-02 6.313302e-01 -1.560592e+01
7.045470e-01 -6.702303e-02 7.064853e-01 4.720107e+01 4.381072e-02 9.977391e-01 5.096325e-02 4.710185e-02 -7.083037e-01 -4.954371e-03 7.058904e-01 -1.553213e+01
6.386938e-01 1.474496e-01 -7.552012e-01 4.724002e+01 -1.163155e-01 9.886906e-01 9.466626e-02 3.994687e-02 7.606188e-01 2.737883e-02 6.486212e-01 -1.546082e+01
7.317777e-01 -1.732336e-01 6.591597e-01 4.729258e+01 1.270799e-01 9.848778e-01 1.177554e-01 3.365718e-02 -6.695910e-01 -2.404798e-03 7.427261e-01 -1.537663e+01
6.064935e-01 2.546803e-01 -7.531956e-01 4.736884e+01 -1.765490e-01 9.667988e-01 1.847446e-01 2.871301e-02 7.752394e-01 2.092951e-02 6.313207e-01 -1.527158e+01
6.988928e-01 -2.581943e-01 6.669967e-01 4.742613e+01 2.442351e-01 9.626644e-01 1.167326e-01 2.261486e-02 -6.722337e-01 8.132047e-02 7.358593e-01 -1.515618e+01
6.214911e-01 3.397038e-01 -7.059392e-01 4.748918e+01 -2.674194e-01 9.389645e-01 2.164082e-01 1.586767e-02 7.363666e-01 5.428604e-02 6.744015e-01 -1.506672e+01
7.143814e-01 -3.428946e-01 6.099857e-01 4.756652e+01 3.400697e-01 9.319717e-01 1.256236e-01 9.504797e-03 -6.115651e-01 1.176944e-01 7.823913e-01 -1.497053e+01
6.364819e-01 4.485897e-01 -6.274218e-01 4.762242e+01 -3.693623e-01 8.914012e-01 2.626319e-01 1.968453e-03 6.770985e-01 6.458554e-02 7.330528e-01 -1.488340e+01
7.277638e-01 -3.997838e-01 5.572547e-01 4.769769e+01 3.972851e-01 9.080630e-01 1.326129e-01 -5.758009e-03 -5.590388e-01 1.248781e-01 8.196835e-01 -1.483453e+01
6.413302e-01 5.023538e-01 -5.799449e-01 4.775660e+01 -4.214212e-01 8.622707e-01 2.808798e-01 -1.230381e-02 6.411706e-01 6.426437e-02 7.647028e-01 -1.476185e+01
7.328566e-01 -4.581828e-01 5.029808e-01 4.782872e+01 4.680480e-01 8.760481e-01 1.160643e-01 -1.940542e-02 -4.938140e-01 1.503607e-01 8.564692e-01 -1.468783e+01
6.518835e-01 5.602540e-01 -5.110415e-01 4.790316e+01 -4.606408e-01 8.278875e-01 3.200193e-01 -2.574009e-02 6.023769e-01 2.679124e-02 7.977621e-01 -1.461292e+01
7.308364e-01 -4.918198e-01 4.732774e-01 4.797781e+01 5.290166e-01 8.463030e-01 6.255100e-02 -3.235388e-02 -4.312999e-01 2.046570e-01 8.786899e-01 -1.453577e+01
6.735374e-01 5.931208e-01 -4.410840e-01 4.806396e+01 -4.980248e-01 8.051090e-01 3.221349e-01 -3.947523e-02 5.461855e-01 2.700872e-03 8.376599e-01 -1.447914e+01
7.572581e-01 -5.032136e-01 4.163367e-01 4.813545e+01 5.397847e-01 8.410835e-01 3.479952e-02 -4.708963e-02 -3.676855e-01 1.983799e-01 9.085443e-01 -1.443847e+01
6.873250e-01 6.238061e-01 -3.720891e-01 4.819608e+01 -5.262398e-01 7.807619e-01 3.368716e-01 -5.442833e-02 5.006556e-01 -3.573219e-02 8.649088e-01 -1.437761e+01
7.498660e-01 -5.557096e-01 3.590096e-01 4.827044e+01 6.008195e-01 7.991847e-01 -1.788114e-02 -6.100919e-02 -2.769782e-01 2.291084e-01 9.331626e-01 -1.429628e+01
7.104189e-01 6.402268e-01 -2.922577e-01 4.832851e+01 -5.164774e-01 7.563628e-01 4.014554e-01 -6.706966e-02 4.780754e-01 -1.342570e-01 8.679971e-01 -1.418410e+01
7.655909e-01 -5.581970e-01 3.198229e-01 4.837690e+01 6.159326e-01 7.795227e-01 -1.138919e-01 -7.303730e-02 -1.857351e-01 2.841840e-01 9.406072e-01 -1.407502e+01
7.270605e-01 6.561264e-01 -2.021908e-01 4.843283e+01 -5.363724e-01 7.266481e-01 4.292869e-01 -7.929532e-02 4.285880e-01 -2.036679e-01 8.802452e-01 -1.398488e+01
8.058146e-01 -5.284731e-01 2.671686e-01 4.851418e+01 5.819051e-01 7.903090e-01 -1.918285e-01 -8.606220e-02 -1.097695e-01 3.100450e-01 9.443637e-01 -1.392683e+01
7.699087e-01 6.233455e-01 -1.366783e-01 4.859789e+01 -4.955261e-01 7.189178e-01 4.874537e-01 -9.178406e-02 4.021125e-01 -3.075672e-01 8.623850e-01 -1.383752e+01
8.197641e-01 -5.354259e-01 2.032384e-01 4.866671e+01 5.726963e-01 7.678920e-01 -2.869857e-01 -9.708235e-02 -2.405603e-03 3.516545e-01 9.361268e-01 -1.372248e+01
8.107282e-01 5.842534e-01 -3.698371e-02 4.873066e+01 -4.804285e-01 7.000966e-01 5.282549e-01 -1.025116e-01 3.345269e-01 -4.105031e-01 8.482800e-01 -1.360795e+01
8.750790e-01 -4.541493e-01 1.672877e-01 4.880727e+01 4.821057e-01 7.875704e-01 -3.838058e-01 -1.087195e-01 4.255427e-02 4.165107e-01 9.081343e-01 -1.353659e+01
8.664379e-01 4.991494e-01 1.162799e-02 4.888675e+01 -4.332884e-01 7.401345e-01 5.142588e-01 -1.158419e-01 2.480857e-01 -4.506116e-01 8.575562e-01 -1.348605e+01
8.995685e-01 -4.209725e-01 1.164414e-01 4.895524e+01 4.287806e-01 8.003481e-01 -4.190347e-01 -1.225049e-01 8.320843e-02 4.268783e-01 9.004728e-01 -1.342069e+01
8.925768e-01 4.500033e-01 2.835071e-02 4.903285e+01 -3.868043e-01 7.318776e-01 5.610148e-01 -1.289309e-01 2.317093e-01 -5.117150e-01 8.273201e-01 -1.336284e+01
9.219132e-01 -3.755330e-01 9.513635e-02 4.911440e+01 3.737383e-01 7.975395e-01 -4.735508e-01 -1.356638e-01 1.019590e-01 4.721289e-01 8.756133e-01 -1.330802e+01
9.212287e-01 3.864571e-01 4.459452e-02 4.918127e+01 -3.347262e-01 7.290155e-01 5.970719e-01 -1.422710e-01 1.982326e-01 -5.649667e-01 8.009472e-01 -1.323560e+01
9.424217e-01 -3.317602e-01 4.214940e-02 4.923617e+01 3.053940e-01 8.023788e-01 -5.127600e-01 -1.483207e-01 1.362936e-01 4.961083e-01 8.574967e-01 -1.314450e+01
9.497529e-01 3.080900e-01 5.522699e-02 4.929888e+01 -2.725415e-01 7.272446e-01 6.299496e-01 -1.544577e-01 1.539177e-01 -6.133481e-01 7.746699e-01 -1.305249e+01
9.630801e-01 -2.692137e-01 8.016474e-04 4.936750e+01 2.249608e-01 8.031280e-01 -5.517047e-01 -1.606718e-01 1.478826e-01 5.315162e-01 8.340391e-01 -1.297137e+01
9.732708e-01 2.240873e-01 5.028722e-02 4.942428e+01 -2.005787e-01 7.227511e-01 6.613614e-01 -1.666261e-01 1.118576e-01 -6.537703e-01 7.483797e-01 -1.288275e+01
9.813980e-01 -1.886217e-01 -3.577353e-02 4.947661e+01 1.328854e-01 8.018816e-01 -5.825181e-01 -1.727365e-01 1.385617e-01 5.669283e-01 8.120301e-01 -1.279455e+01
9.901698e-01 1.379423e-01 2.314477e-02 4.953387e+01 -1.158368e-01 7.159831e-01 6.884403e-01 -1.786855e-01 7.839375e-02 -6.843538e-01 7.249237e-01 -1.269868e+01
9.963429e-01 -7.643669e-02 -3.818594e-02 4.960230e+01 3.764349e-02 7.938771e-01 -6.069120e-01 -1.856484e-01 7.670529e-02 6.032550e-01 7.938511e-01 -1.262387e+01
9.978622e-01 6.483515e-02 -8.208826e-03 4.966715e+01 -4.167394e-02 7.280305e-01 6.842769e-01 -1.928725e-01 5.034147e-02 -6.824720e-01 7.291761e-01 -1.255619e+01
9.978039e-01 -1.835135e-02 -6.364483e-02 4.973912e+01 -2.351540e-02 8.001231e-01 -5.993747e-01 -1.993083e-01 6.192303e-02 5.995551e-01 7.979344e-01 -1.248154e+01
9.978208e-01 7.089835e-03 -6.559946e-02 4.981160e+01 4.048789e-02 7.192345e-01 6.935867e-01 -2.055243e-01 5.209881e-02 -6.947312e-01 7.173801e-01 -1.240273e+01
9.963012e-01 6.490103e-02 -5.631861e-02 4.988477e+01 -8.575704e-02 7.925114e-01 -6.037976e-01 -2.119084e-01 5.446055e-03 6.063939e-01 7.951457e-01 -1.232712e+01
9.924519e-01 -5.919708e-02 -1.074004e-01 4.995119e+01 1.166173e-01 7.265195e-01 6.771778e-01 -2.185798e-01 3.794156e-02 -6.845912e-01 7.279391e-01 -1.225017e+01
9.869855e-01 1.424676e-01 -7.458274e-02 5.001620e+01 -1.592913e-01 8.025830e-01 -5.748799e-01 -2.245743e-01 -2.204291e-02 5.792785e-01 8.148316e-01 -1.216321e+01
9.798547e-01 -1.348826e-01 -1.472804e-01 5.007737e+01 1.986457e-01 7.343451e-01 6.490587e-01 -2.309113e-01 2.060794e-02 -6.652398e-01 7.463453e-01 -1.208073e+01
9.691083e-01 2.342560e-01 -7.715761e-02 5.013398e+01 -2.377270e-01 8.038945e-01 -5.451967e-01 -2.370191e-01 -6.568902e-02 5.466971e-01 8.347498e-01 -1.199096e+01
9.613212e-01 -2.033887e-01 -1.857271e-01 5.020593e+01 2.751333e-01 7.403919e-01 6.132874e-01 -2.439181e-01 1.277513e-02 -6.406659e-01 7.677135e-01 -1.189912e+01
9.367538e-01 3.484263e-01 -3.303661e-02 5.028400e+01 -3.136199e-01 7.937635e-01 -5.211354e-01 -2.515310e-01 -1.553540e-01 4.985365e-01 8.528344e-01 -1.182131e+01
9.332567e-01 -2.734429e-01 -2.329396e-01 5.034622e+01 3.579580e-01 7.620471e-01 5.395835e-01 -2.595584e-01 2.996562e-02 -5.869525e-01 8.090666e-01 -1.176597e+01
9.082349e-01 4.176980e-01 -2.525328e-02 5.040951e+01 -3.816051e-01 8.019693e-01 -4.595897e-01 -2.664085e-01 -1.717173e-01 4.270522e-01 8.877722e-01 -1.169673e+01
9.012946e-01 -3.403503e-01 -2.680106e-01 5.047650e+01 4.301575e-01 7.763955e-01 4.606241e-01 -2.738927e-01 5.130866e-02 -5.304447e-01 8.461654e-01 -1.163411e+01
8.937816e-01 4.484902e-01 3.303249e-03 5.054391e+01 -4.113355e-01 8.226284e-01 -3.925375e-01 -2.805252e-01 -1.787666e-01 3.494841e-01 9.197301e-01 -1.154870e+01
8.809009e-01 -3.632928e-01 -3.033677e-01 5.060407e+01 4.627266e-01 7.957789e-01 3.906661e-01 -2.875720e-01 9.948743e-02 -4.845144e-01 8.691076e-01 -1.145978e+01
8.780659e-01 4.778667e-01 2.537061e-02 5.070719e+01 -4.466722e-01 8.374636e-01 -3.148630e-01 -2.941072e-01 -1.717095e-01 2.651381e-01 9.487980e-01 -1.138743e+01
8.417406e-01 -4.051086e-01 -3.568750e-01 5.080751e+01 5.189252e-01 7.894804e-01 3.277762e-01 -3.008834e-01 1.489609e-01 -4.610940e-01 8.747588e-01 -1.127855e+01
8.407056e-01 5.274500e-01 1.225177e-01 5.086926e+01 -4.664953e-01 8.203701e-01 -3.307190e-01 -3.074197e-01 -2.749476e-01 2.208834e-01 9.357427e-01 -1.114345e+01
8.229352e-01 -3.986492e-01 -4.047920e-01 5.092307e+01 5.205762e-01 8.144649e-01 2.562173e-01 -3.139258e-01 2.275481e-01 -4.215753e-01 8.777791e-01 -1.100491e+01
8.163570e-01 5.377757e-01 2.106146e-01 5.094857e+01 -4.663070e-01 8.288920e-01 -3.090240e-01 -3.204780e-01 -3.407623e-01 1.540629e-01 9.274404e-01 -1.087036e+01
8.005788e-01 -4.043302e-01 -4.422564e-01 5.099461e+01 5.231309e-01 8.315402e-01 1.867485e-01 -3.274660e-01 2.922459e-01 -3.808649e-01 8.772310e-01 -1.073945e+01
8.226818e-01 5.266638e-01 2.140557e-01 5.116372e+01 -4.609386e-01 8.383292e-01 -2.911010e-01 -3.349069e-01 -3.327615e-01 1.408170e-01 9.324378e-01 -1.075264e+01
7.913941e-01 -3.952892e-01 -4.663067e-01 5.126997e+01 5.171602e-01 8.396510e-01 1.659263e-01 -3.417883e-01 3.259460e-01 -3.724684e-01 8.689226e-01 -1.069093e+01
8.403079e-01 4.699001e-01 2.703267e-01 5.137792e+01 -4.393839e-01 8.824336e-01 -1.680854e-01 -3.475696e-01 -3.175287e-01 2.246624e-02 9.479825e-01 -1.059942e+01
8.155583e-01 -3.791285e-01 -4.371800e-01 5.141456e+01 4.487332e-01 8.913634e-01 6.410823e-02 -3.541289e-01 3.653809e-01 -2.484612e-01 8.970863e-01 -1.045637e+01
8.302385e-01 4.519304e-01 3.262866e-01 5.146465e+01 -4.398601e-01 8.907364e-01 -1.145069e-01 -3.611991e-01 -3.423844e-01 -4.845244e-02 9.383098e-01 -1.030676e+01
7.536340e-01 -3.201184e-01 -5.740732e-01 5.144055e+01 3.665305e-01 9.296609e-01 -3.722819e-02 -3.626367e-01 5.456109e-01 -1.823589e-01 8.179572e-01 -9.741385e+00
8.417022e-01 3.093867e-01 4.425124e-01 5.132338e+01 -3.405722e-01 9.401701e-01 -9.526857e-03 -3.710936e-01 -4.189845e-01 -1.426886e-01 8.967118e-01 -9.164074e+00
8.003668e-01 -2.578631e-01 -5.412206e-01 5.136580e+01 2.688694e-01 9.612815e-01 -6.039099e-02 -3.777089e-01 5.358379e-01 -9.718272e-02 8.387093e-01 -9.002006e+00
8.371211e-01 2.512646e-01 4.858954e-01 5.139811e+01 -3.015563e-01 9.530749e-01 2.668299e-02 -3.840847e-01 -4.563902e-01 -1.688617e-01 8.736096e-01 -8.829237e+00
7.963943e-01 -2.195054e-01 -5.635366e-01 5.141994e+01 2.009183e-01 9.749121e-01 -9.580261e-02 -3.905037e-01 5.704279e-01 -3.692816e-02 8.205171e-01 -8.662404e+00
8.352123e-01 1.842727e-01 5.181350e-01 5.146215e+01 -2.615895e-01 9.618931e-01 7.957790e-02 -3.976064e-01 -4.837265e-01 -2.020031e-01 8.515888e-01 -8.503519e+00
7.877121e-01 -1.734806e-01 -5.911126e-01 5.158946e+01 1.543449e-01 9.845031e-01 -8.325467e-02 -4.039162e-01 5.963952e-01 -2.565449e-02 8.022809e-01 -8.461404e+00
8.129718e-01 1.436164e-01 5.643148e-01 5.166072e+01 -2.114213e-01 9.757751e-01 5.624924e-02 -4.118197e-01 -5.425660e-01 -1.650372e-01 8.236412e-01 -8.399386e+00
7.856353e-01 -1.135424e-01 -6.081819e-01 5.170236e+01 8.869942e-02 9.935316e-01 -7.090404e-02 -4.199332e-01 6.122986e-01 1.759337e-03 7.906247e-01 -8.312489e+00
8.284854e-01 6.860251e-02 5.557928e-01 5.177186e+01 -1.451955e-01 9.848438e-01 9.487279e-02 -4.273785e-01 -5.408607e-01 -1.592994e-01 8.258895e-01 -8.213476e+00
7.709089e-01 -4.965442e-02 -6.350070e-01 5.181640e+01 2.000468e-03 9.971405e-01 -7.554288e-02 -4.341957e-01 6.369422e-01 5.696637e-02 7.688039e-01 -8.065240e+00
8.237780e-01 -1.425265e-02 5.667333e-01 5.185380e+01 -8.960776e-02 9.838434e-01 1.549922e-01 -4.411920e-01 -5.597859e-01 -1.784629e-01 8.091914e-01 -7.918365e+00
7.441287e-01 1.748619e-03 -6.680340e-01 5.189953e+01 -5.275708e-02 9.970271e-01 -5.615678e-02 -4.467368e-01 6.659498e-01 7.703140e-02 7.420088e-01 -7.776662e+00
8.177338e-01 -7.141821e-02 5.711487e-01 5.192640e+01 -4.292927e-02 9.819418e-01 1.842484e-01 -4.534810e-01 -5.739935e-01 -1.751851e-01 7.999010e-01 -7.576648e+00
7.563595e-01 3.402406e-02 -6.532707e-01 5.193498e+01 -9.685317e-02 9.934646e-01 -6.039475e-02 -4.596883e-01 6.469464e-01 1.089515e-01 7.547118e-01 -7.378144e+00
8.200098e-01 -1.328171e-01 5.567258e-01 5.196677e+01 1.410077e-02 9.770952e-01 2.123348e-01 -4.661726e-01 -5.721758e-01 -1.662663e-01 8.031005e-01 -7.232209e+00
7.428715e-01 9.733782e-02 -6.623196e-01 5.202607e+01 -1.472310e-01 9.889039e-01 -1.980312e-02 -4.721039e-01 6.530428e-01 1.122252e-01 7.489596e-01 -7.099435e+00
8.165546e-01 -2.028697e-01 5.404465e-01 5.206470e+01 9.220192e-02 9.700289e-01 2.248171e-01 -4.784075e-01 -5.698573e-01 -1.337452e-01 8.107866e-01 -6.940951e+00
7.657769e-01 1.806297e-01 -6.172185e-01 5.207704e+01 -2.411005e-01 9.703819e-01 -1.514760e-02 -4.859969e-01 5.962016e-01 1.604114e-01 7.866460e-01 -6.833523e+00
8.477779e-01 -2.514859e-01 4.669341e-01 5.208353e+01 1.384843e-01 9.548502e-01 2.628367e-01 -4.925637e-01 -5.119518e-01 -1.581641e-01 8.443278e-01 -6.690068e+00
7.831158e-01 2.168390e-01 -5.828470e-01 5.209891e+01 -2.893908e-01 9.566447e-01 -3.292228e-02 -4.984008e-01 5.504386e-01 1.944525e-01 8.119147e-01 -6.497151e+00
8.397389e-01 -3.260175e-01 4.342249e-01 5.212926e+01 2.171118e-01 9.345807e-01 2.818180e-01 -5.048425e-01 -4.976958e-01 -1.423782e-01 8.555860e-01 -6.353425e+00
6.388416e-01 3.143466e-01 -7.021877e-01 5.250677e+01 -1.577583e-01 9.468466e-01 2.803458e-01 -5.081319e-01 7.529898e-01 -6.832062e-02 6.544758e-01 -6.252691e+00
7.007168e-01 -3.524356e-02 7.125685e-01 5.286062e+01 2.171279e-01 9.619354e-01 -1.659393e-01 -5.129044e-01 -6.795965e-01 2.709949e-01 6.816966e-01 -6.057725e+00
6.090405e-01 3.147281e-01 -7.280219e-01 5.286599e+01 -3.272649e-02 9.270896e-01 3.734083e-01 -5.189110e-01 7.924636e-01 -2.035952e-01 5.749351e-01 -5.820750e+00
7.020371e-01 -6.982116e-02 7.087093e-01 5.286370e+01 2.463139e-01 9.575659e-01 -1.496567e-01 -5.248149e-01 -6.681867e-01 2.796295e-01 6.894447e-01 -5.562707e+00
5.984517e-01 3.415109e-01 -7.247247e-01 5.285080e+01 -7.453771e-02 9.244060e-01 3.740558e-01 -5.305457e-01 7.976839e-01 -1.698350e-01 5.786678e-01 -5.269746e+00
6.971265e-01 -1.179636e-01 7.071769e-01 5.284355e+01 2.844107e-01 9.509412e-01 -1.217429e-01 -5.364541e-01 -6.581224e-01 2.859989e-01 6.964765e-01 -4.985257e+00
6.371710e-01 3.969879e-01 -6.606162e-01 5.288693e+01 -1.474130e-01 9.040876e-01 4.011173e-01 -5.450139e-01 7.564936e-01 -1.581969e-01 6.345795e-01 -4.853958e+00
7.169544e-01 -1.976859e-01 6.685034e-01 5.295332e+01 3.266654e-01 9.424199e-01 -7.165420e-02 -5.523671e-01 -6.158459e-01 2.697497e-01 7.402492e-01 -4.810113e+00
6.440280e-01 4.358927e-01 -6.286696e-01 5.299321e+01 -2.282918e-01 8.938522e-01 3.858901e-01 -5.601303e-01 7.301444e-01 -1.050039e-01 6.751765e-01 -4.740848e+00
7.381985e-01 -2.404988e-01 6.302565e-01 5.301106e+01 3.660658e-01 9.275773e-01 -7.480763e-02 -5.669389e-01 -5.666204e-01 2.859382e-01 7.727746e-01 -4.510399e+00
6.286851e-01 4.590188e-01 -6.277394e-01 5.297282e+01 -2.372930e-01 8.819503e-01 4.072538e-01 -5.724839e-01 7.405721e-01 -1.070762e-01 6.633910e-01 -4.133612e+00
7.342284e-01 -2.779634e-01 6.193909e-01 5.295988e+01 4.103683e-01 9.085141e-01 -7.873928e-02 -5.780972e-01 -5.408387e-01 3.119910e-01 7.811242e-01 -3.825321e+00
6.854170e-01 4.716744e-01 -5.547313e-01 5.295967e+01 -2.513786e-01 8.682760e-01 4.276745e-01 -5.854609e-01 6.833830e-01 -1.536878e-01 7.137000e-01 -3.628031e+00
7.960410e-01 -3.568917e-01 4.888220e-01 5.301993e+01 4.442680e-01 8.930384e-01 -7.147286e-02 -5.902259e-01 -4.110288e-01 2.740633e-01 8.694508e-01 -3.555283e+00
6.707074e-01 5.668463e-01 -4.783689e-01 5.299410e+01 -3.705907e-01 8.147739e-01 4.458767e-01 -5.964631e-01 6.425061e-01 -1.217738e-01 7.565429e-01 -3.301126e+00
7.588406e-01 -4.099984e-01 5.060259e-01 5.296106e+01 5.283477e-01 8.418425e-01 -1.102269e-01 -6.024602e-01 -3.808013e-01 3.510023e-01 8.554460e-01 -2.989071e+00
7.062246e-01 5.855878e-01 -3.979118e-01 5.296111e+01 -3.925299e-01 7.915989e-01 4.682857e-01 -6.090116e-01 5.892089e-01 -1.745226e-01 7.889073e-01 -2.789172e+00
7.920933e-01 -4.005877e-01 4.605624e-01 5.296530e+01 5.188879e-01 8.392698e-01 -1.624242e-01 -6.154481e-01 -3.214709e-01 3.676354e-01 8.726401e-01 -2.542263e+00
7.203304e-01 5.864544e-01 -3.703989e-01 5.293947e+01 -3.794185e-01 7.801681e-01 4.973725e-01 -6.214693e-01 5.806597e-01 -2.177363e-01 7.844904e-01 -2.228609e+00
8.011013e-01 -3.975958e-01 4.473860e-01 5.292021e+01 5.271183e-01 8.227444e-01 -2.126921e-01 -6.275441e-01 -2.835188e-01 4.062133e-01 8.686817e-01 -1.945698e+00
7.301141e-01 5.971776e-01 -3.321331e-01 5.289814e+01 -3.753197e-01 7.566352e-01 5.353861e-01 -6.332769e-01 5.710242e-01 -2.662369e-01 7.765625e-01 -1.627816e+00
8.254886e-01 -3.769009e-01 4.201360e-01 5.286107e+01 5.109724e-01 8.152134e-01 -2.726432e-01 -6.387759e-01 -2.397410e-01 4.397417e-01 8.655353e-01 -1.246628e+00
7.746557e-01 5.589299e-01 -2.958140e-01 5.282546e+01 -3.182649e-01 7.488002e-01 5.813826e-01 -6.444392e-01 5.464577e-01 -3.562241e-01 7.579501e-01 -9.030835e-01
8.332517e-01 -3.578990e-01 4.214260e-01 5.281805e+01 5.083818e-01 7.955898e-01 -3.295222e-01 -6.511902e-01 -2.173465e-01 4.888202e-01 8.448759e-01 -6.859104e-01
7.926032e-01 5.555131e-01 -2.513670e-01 5.283889e+01 -3.280202e-01 7.359919e-01 5.922150e-01 -6.581312e-01 5.139873e-01 -3.869381e-01 7.655691e-01 -5.203488e-01
8.520929e-01 -3.502549e-01 3.889205e-01 5.284397e+01 4.912606e-01 7.915624e-01 -3.634447e-01 -6.646616e-01 -1.805566e-01 5.007499e-01 8.465511e-01 -3.189682e-01
8.205676e-01 5.309183e-01 -2.116471e-01 5.283999e+01 -3.105052e-01 7.249902e-01 6.147974e-01 -6.711426e-01 4.798492e-01 -4.387653e-01 7.597563e-01 -1.155651e-01
8.876964e-01 -3.051174e-01 3.448165e-01 5.283263e+01 4.376144e-01 7.919295e-01 -4.258418e-01 -6.775241e-01 -1.431386e-01 5.289149e-01 8.365168e-01 1.500307e-01
8.439272e-01 4.902927e-01 -2.177153e-01 5.279880e+01 -2.491671e-01 7.176518e-01 6.503012e-01 -6.833003e-01 4.750817e-01 -4.945594e-01 7.278107e-01 4.898372e-01
9.079975e-01 -2.560609e-01 3.316223e-01 5.276823e+01 3.949450e-01 7.873072e-01 -4.734616e-01 -6.894437e-01 -1.398536e-01 5.608745e-01 8.160029e-01 8.086342e-01
8.693113e-01 4.457227e-01 -2.136100e-01 5.274530e+01 -2.011051e-01 7.137516e-01 6.709064e-01 -6.957179e-01 4.515026e-01 -5.402684e-01 7.101094e-01 1.107951e+00
9.197247e-01 -2.122387e-01 3.302443e-01 5.274866e+01 3.618981e-01 7.843607e-01 -5.037937e-01 -7.018685e-01 -1.521062e-01 5.828662e-01 7.982046e-01 1.340163e+00
8.775420e-01 4.204792e-01 -2.304718e-01 5.277758e+01 -1.680496e-01 7.198601e-01 6.734692e-01 -7.079304e-01 4.490872e-01 -5.522668e-01 7.023689e-01 1.542174e+00
9.273795e-01 -1.893428e-01 3.226711e-01 5.280748e+01 3.391187e-01 7.896887e-01 -5.112633e-01 -7.142750e-01 -1.580057e-01 5.835589e-01 7.965508e-01 1.701998e+00
9.035015e-01 3.822393e-01 -1.938511e-01 5.286816e+01 -1.502842e-01 7.061414e-01 6.919386e-01 -7.219731e-01 4.013724e-01 -5.960348e-01 6.954443e-01 1.774415e+00
9.354970e-01 -1.491989e-01 3.202890e-01 5.292840e+01 3.078740e-01 7.889898e-01 -5.317036e-01 -7.300543e-01 -1.733751e-01 5.960158e-01 7.840320e-01 1.829666e+00
9.077257e-01 3.307829e-01 -2.581021e-01 5.300731e+01 -5.597334e-02 7.051418e-01 7.068536e-01 -7.366820e-01 4.158137e-01 -6.271823e-01 6.585904e-01 1.844824e+00
9.564418e-01 -1.451445e-01 2.532830e-01 5.314763e+01 2.711398e-01 7.632060e-01 -5.865149e-01 -7.433896e-01 -1.081777e-01 6.296424e-01 7.693166e-01 1.830070e+00
9.298922e-01 3.027801e-01 -2.088653e-01 5.322937e+01 -5.258179e-02 6.714159e-01 7.392130e-01 -7.500257e-01 3.640544e-01 -6.764059e-01 6.402651e-01 1.875054e+00
9.824944e-01 -9.778526e-02 1.585647e-01 5.332504e+01 1.744532e-01 7.815287e-01 -5.989816e-01 -7.548386e-01 -6.535131e-02 6.161582e-01 7.849066e-01 1.922385e+00
9.511462e-01 2.191621e-01 -2.174599e-01 5.338603e+01 1.139658e-02 6.789417e-01 7.341037e-01 -7.606618e-01 3.085303e-01 -7.007183e-01 6.432752e-01 2.089211e+00
9.848682e-01 1.657686e-02 1.725103e-01 5.342953e+01 1.016864e-01 7.507825e-01 -6.526756e-01 -7.663496e-01 -1.403371e-01 6.603414e-01 7.377362e-01 2.272554e+00
9.539959e-01 1.354756e-01 -2.674662e-01 5.348635e+01 1.133075e-01 6.630226e-01 7.399746e-01 -7.721331e-01 2.775846e-01 -7.362387e-01 6.171705e-01 2.412868e+00
9.796400e-01 1.234576e-01 1.583149e-01 5.351951e+01 1.036185e-02 7.564263e-01 -6.539969e-01 -7.778904e-01 -2.004945e-01 6.423220e-01 7.397462e-01 2.607603e+00
9.309818e-01 9.958390e-02 -3.512205e-01 5.351354e+01 1.847886e-01 7.011734e-01 6.886284e-01 -7.832426e-01 3.148428e-01 -7.060021e-01 6.343777e-01 2.962691e+00
9.630081e-01 1.920780e-01 1.890014e-01 5.345697e+01 -3.046062e-02 7.744718e-01 -6.318746e-01 -7.887790e-01 -2.677455e-01 6.027432e-01 7.516734e-01 3.355566e+00
9.318376e-01 8.700867e-02 -3.522899e-01 5.338841e+01 1.679485e-01 7.571795e-01 6.312468e-01 -7.949819e-01 3.216706e-01 -6.473861e-01 6.909554e-01 3.836170e+00
9.500485e-01 2.306770e-01 2.102284e-01 5.333451e+01 -6.834102e-02 8.109990e-01 -5.810422e-01 -8.017115e-01 -3.045281e-01 5.376511e-01 7.862531e-01 4.238772e+00
8.980092e-01 1.210484e-02 -4.398100e-01 5.329310e+01 2.756869e-01 7.635696e-01 5.839163e-01 -8.074224e-01 3.428938e-01 -6.456121e-01 6.823554e-01 4.578771e+00
9.261289e-01 2.934749e-01 2.369764e-01 5.324062e+01 -1.182277e-01 8.224235e-01 -5.564546e-01 -8.129264e-01 -3.582004e-01 4.873315e-01 7.963670e-01 4.947380e+00
8.623754e-01 -1.676808e-02 -5.059916e-01 5.317192e+01 3.198972e-01 7.926958e-01 5.189404e-01 -8.179744e-01 3.923958e-01 -6.093867e-01 6.889654e-01 5.382644e+00
8.997645e-01 3.254131e-01 2.907408e-01 5.309616e+01 -1.450836e-01 8.514403e-01 -5.039842e-01 -8.234137e-01 -4.115515e-01 4.112854e-01 8.133079e-01 5.817937e+00
8.315252e-01 -5.395439e-02 -5.528605e-01 5.305011e+01 3.550496e-01 8.170537e-01 4.542720e-01 -8.290517e-01 4.272067e-01 -5.740316e-01 6.985572e-01 6.205068e+00
8.624855e-01 3.823154e-01 3.315927e-01 5.300532e+01 -1.949595e-01 8.556472e-01 -4.794358e-01 -8.343898e-01 -4.670220e-01 3.488592e-01 8.125193e-01 6.622951e+00
7.874299e-01 -9.737059e-02 -6.086650e-01 5.295764e+01 3.970848e-01 8.353872e-01 3.800683e-01 -8.400025e-01 4.714635e-01 -5.409688e-01 6.964732e-01 7.026485e+00
8.268618e-01 4.037935e-01 3.914722e-01 5.292490e+01 -2.253929e-01 8.756452e-01 -4.271340e-01 -8.454221e-01 -5.152647e-01 2.649457e-01 8.150497e-01 7.404897e+00
7.446359e-01 -1.350627e-01 -6.536631e-01 5.288867e+01 4.255154e-01 8.505662e-01 3.089884e-01 -8.513963e-01 5.142509e-01 -5.082276e-01 6.908333e-01 7.755605e+00
7.929300e-01 4.038724e-01 4.562336e-01 5.289038e+01 -2.264294e-01 8.904593e-01 -3.947303e-01 -8.576894e-01 -5.656781e-01 2.096889e-01 7.975205e-01 8.020461e+00
6.982933e-01 -1.216984e-01 -7.053907e-01 5.288040e+01 4.052794e-01 8.794975e-01 2.494652e-01 -8.632844e-01 5.900298e-01 -4.600801e-01 6.634690e-01 8.328977e+00
7.677120e-01 3.542430e-01 5.339759e-01 5.288466e+01 -1.946606e-01 9.228478e-01 -3.323541e-01 -8.694931e-01 -6.105126e-01 1.512081e-01 7.774384e-01 8.585734e+00
6.708318e-01 -8.926414e-02 -7.362178e-01 5.291254e+01 3.464263e-01 9.154797e-01 2.046599e-01 -8.755907e-01 6.557237e-01 -3.923376e-01 6.450564e-01 8.801973e+00
7.606068e-01 2.948099e-01 5.784155e-01 5.293842e+01 -1.664152e-01 9.497170e-01 -2.652236e-01 -8.813023e-01 -6.275215e-01 1.054737e-01 7.714221e-01 9.023970e+00
6.632195e-01 -6.444974e-02 -7.456448e-01 5.298079e+01 2.705670e-01 9.495497e-01 1.585837e-01 -8.872215e-01 6.978061e-01 -3.069227e-01 6.471979e-01 9.213616e+00
7.630627e-01 2.088683e-01 6.116448e-01 5.301671e+01 -1.235257e-01 9.760280e-01 -1.791946e-01 -8.926773e-01 -6.344105e-01 6.118292e-02 7.705712e-01 9.402755e+00
6.560610e-01 -2.648224e-02 -7.542431e-01 5.305818e+01 2.060478e-01 9.677019e-01 1.452489e-01 -8.977438e-01 7.260360e-01 -2.507023e-01 6.403281e-01 9.564758e+00
7.493581e-01 1.529354e-01 6.442618e-01 5.309537e+01 -8.758494e-02 9.873064e-01 -1.324953e-01 -9.039734e-01 -6.563470e-01 4.285877e-02 7.532408e-01 9.732724e+00
5.812272e-01 5.121855e-02 -8.121278e-01 5.317943e+01 1.309914e-01 9.791126e-01 1.554983e-01 -9.086207e-01 8.031290e-01 -1.967616e-01 5.623777e-01 9.882896e+00
7.081677e-01 8.246152e-02 7.012122e-01 5.320422e+01 -7.008539e-02 9.964612e-01 -4.640177e-02 -9.139209e-01 -7.025571e-01 -1.628449e-02 7.114410e-01 1.007302e+01
5.861598e-01 5.268293e-02 -8.084808e-01 5.319932e+01 2.793159e-02 9.959764e-01 8.515147e-02 -9.191231e-01 8.097139e-01 -7.249452e-02 5.823298e-01 1.041463e+01
6.986281e-01 -3.427004e-02 7.146638e-01 5.319651e+01 2.747958e-02 9.994005e-01 2.106094e-02 -9.245750e-01 -7.149571e-01 4.924896e-03 6.991510e-01 1.063282e+01
5.266120e-01 2.527224e-01 -8.116718e-01 5.320885e+01 -1.624696e-01 9.671098e-01 1.957095e-01 -9.290678e-01 8.344360e-01 2.880900e-02 5.503514e-01 1.080170e+01
6.331004e-01 -2.335879e-01 7.379841e-01 5.322411e+01 2.295330e-01 9.671540e-01 1.092138e-01 -9.355902e-01 -7.392553e-01 1.002484e-01 6.659218e-01 1.100700e+01
5.106446e-01 3.480793e-01 -7.861825e-01 5.322398e+01 -2.718052e-01 9.328471e-01 2.364705e-01 -9.416722e-01 8.156985e-01 9.293610e-02 5.709631e-01 1.124118e+01
6.193538e-01 -3.138165e-01 7.196666e-01 5.324276e+01 3.128959e-01 9.393627e-01 1.403348e-01 -9.477929e-01 -7.200674e-01 1.382638e-01 6.799898e-01 1.146470e+01
5.083415e-01 4.074532e-01 -7.586639e-01 5.325002e+01 -3.212227e-01 9.071166e-01 2.719475e-01 -9.539307e-01 7.990025e-01 1.054579e-01 5.920082e-01 1.171211e+01
6.212556e-01 -4.081171e-01 6.689409e-01 5.325896e+01 4.158052e-01 8.952633e-01 1.600305e-01 -9.594207e-01 -6.641894e-01 1.787292e-01 7.258845e-01 1.191717e+01
5.164141e-01 5.114616e-01 -6.868213e-01 5.327636e+01 -4.053036e-01 8.525045e-01 3.300986e-01 -9.660554e-01 7.543510e-01 1.079036e-01 6.475426e-01 1.211220e+01
6.307376e-01 -4.543061e-01 6.291073e-01 5.327425e+01 4.913180e-01 8.613140e-01 1.294017e-01 -9.719720e-01 -6.006469e-01 2.274732e-01 7.664719e-01 1.237289e+01
5.268165e-01 5.801578e-01 -6.211935e-01 5.327687e+01 -4.481177e-01 8.105900e-01 3.770070e-01 -9.782530e-01 7.222568e-01 7.975430e-02 6.870111e-01 1.259000e+01
6.359146e-01 -4.785744e-01 6.054578e-01 5.328318e+01 5.398550e-01 8.364743e-01 9.416604e-02 -9.846477e-01 -5.515154e-01 2.669779e-01 7.902870e-01 1.279285e+01
5.404898e-01 6.198526e-01 -5.689056e-01 5.331044e+01 -4.763179e-01 7.828186e-01 4.003953e-01 -9.907663e-01 6.935359e-01 5.457040e-02 7.183523e-01 1.300072e+01
6.462012e-01 -5.276605e-01 5.513605e-01 5.332148e+01 6.063811e-01 7.936710e-01 4.886930e-02 -9.966888e-01 -4.633852e-01 3.027552e-01 8.328346e-01 1.325552e+01
5.402194e-01 6.893200e-01 -4.827017e-01 5.329904e+01 -5.148787e-01 7.244564e-01 4.583261e-01 -1.001991e+00 6.656297e-01 9.361782e-04 7.462816e-01 1.357215e+01
6.570995e-01 -5.343615e-01 5.316748e-01 5.326257e+01 6.415614e-01 7.667479e-01 -2.228641e-02 -1.007791e+00 -3.957515e-01 3.557464e-01 8.466553e-01 1.391913e+01
5.809204e-01 6.946798e-01 -4.242070e-01 5.325918e+01 -4.815578e-01 7.134912e-01 5.089523e-01 -1.013442e+00 6.562268e-01 -9.138051e-02 7.490100e-01 1.418283e+01
6.911962e-01 -5.038795e-01 5.180282e-01 5.326546e+01 6.415896e-01 7.577615e-01 -1.189970e-01 -1.019175e+00 -3.325817e-01 4.146118e-01 8.470457e-01 1.444007e+01
6.087065e-01 7.035268e-01 -3.667785e-01 5.325458e+01 -4.552632e-01 6.883296e-01 5.647459e-01 -1.024474e+00 6.497783e-01 -1.767837e-01 7.392805e-01 1.475020e+01
6.933574e-01 -5.057094e-01 5.133357e-01 5.324371e+01 6.668496e-01 7.202598e-01 -1.911478e-01 -1.030156e+00 -2.730698e-01 4.748514e-01 8.366296e-01 1.500756e+01
6.336995e-01 7.182956e-01 -2.871870e-01 5.325659e+01 -4.417877e-01 6.407881e-01 6.278648e-01 -1.035068e+00 6.350185e-01 -2.710019e-01 7.234013e-01 1.523814e+01
7.083177e-01 -4.893965e-01 5.087014e-01 5.326814e+01 6.703104e-01 6.922396e-01 -2.673729e-01 -1.041215e+00 -2.212919e-01 5.303728e-01 8.183731e-01 1.540661e+01
6.633760e-01 7.132869e-01 -2.261728e-01 5.329734e+01 -4.495299e-01 6.215148e-01 6.415935e-01 -1.047421e+00 5.982100e-01 -3.239463e-01 7.329418e-01 1.556815e+01
7.536762e-01 -5.531291e-01 3.549935e-01 5.335242e+01 6.543918e-01 6.818104e-01 -3.269649e-01 -1.051175e+00 -6.118447e-02 4.787305e-01 8.758274e-01 1.566732e+01
6.819971e-01 7.259712e-01 -8.857618e-02 5.335470e+01 -4.781177e-01 5.342163e-01 6.971488e-01 -1.056120e+00 5.534288e-01 -4.331036e-01 7.114336e-01 1.584826e+01
7.613166e-01 -4.847716e-01 4.305735e-01 5.336089e+01 6.471270e-01 6.093814e-01 -4.581277e-01 -1.062805e+00 -4.029615e-02 6.274159e-01 7.776410e-01 1.603171e+01
7.280802e-01 6.831844e-01 -5.619845e-02 5.337717e+01 -4.407137e-01 5.293121e-01 7.249829e-01 -1.069561e+00 5.250435e-01 -5.030782e-01 6.864704e-01 1.619430e+01
7.883031e-01 -4.533659e-01 4.159778e-01 5.339291e+01 6.150445e-01 5.996033e-01 -5.120509e-01 -1.076580e+00 -1.727525e-02 6.594962e-01 7.515094e-01 1.634503e+01
7.583678e-01 6.517220e-01 -1.169490e-02 5.344931e+01 -4.037190e-01 4.837172e-01 7.765492e-01 -1.083663e+00 5.117512e-01 -5.841885e-01 6.299480e-01 1.643753e+01
8.275711e-01 -4.058759e-01 3.878026e-01 5.355252e+01 5.612949e-01 5.876813e-01 -5.827338e-01 -1.090455e+00 8.613298e-03 6.999252e-01 7.141642e-01 1.649994e+01
6.847408e-01 7.267397e-01 -5.458362e-02 5.403526e+01 -1.900876e-01 2.504017e-01 9.492975e-01 -1.088491e+00 7.035600e-01 -6.396471e-01 3.096045e-01 1.679745e+01
8.018937e-01 1.509351e-01 5.780875e-01 5.421288e+01 4.987147e-01 3.637244e-01 -7.867580e-01 -1.091810e+00 -3.290140e-01 9.191970e-01 2.163948e-01 1.714880e+01
