9.999969e-01 5.864504e-04 -2.425342e-03 1.780664e-02 -5.939692e-04 9.999950e-01 -3.100534e-03 -9.547563e-03 2.423511e-03 3.101964e-03 9.999923e-01 1.147639e-01
9.999993e-01 -7.397316e-04 -9.394296e-04 3.282341e-02 7.414705e-04 9.999980e-01 1.851941e-03 -1.906550e-02 9.380582e-04 -1.852636e-03 9.999978e-01 2.340006e-01
9.993888e-01 -1.471670e-02 -3.171009e-02 4.910987e-01 1.577296e-02 9.993202e-01 3.332159e-02 -3.061629e-02 3.119815e-02 -3.380138e-02 9.989415e-01 -9.958670e-03
9.990201e-01 -4.251414e-02 -1.230728e-02 1.018916e+00 4.220892e-02 9.988186e-01 -2.407980e-02 -4.683113e-02 1.331647e-02 2.353673e-02 9.996343e-01 -3.179670e-01
9.975762e-01 -4.784869e-02 -5.052038e-02 2.283354e+00 5.339499e-02 9.919469e-01 1.148490e-01 -5.787037e-02 4.461816e-02 -1.172681e-01 9.920975e-01 -1.072889e+00
9.985421e-01 -4.132510e-02 -3.472742e-02 3.603020e+00 3.743639e-02 9.936605e-01 -1.060059e-01 -7.890527e-02 3.888797e-02 1.045513e-01 9.937589e-01 -1.872974e+00
9.889037e-01 -1.321049e-01 -6.795334e-02 5.010531e+00 1.445695e-01 9.610529e-01 2.355357e-01 -8.550531e-02 3.419132e-02 -2.427461e-01 9.694871e-01 -2.721725e+00
9.949524e-01 5.880154e-03 -1.001756e-01 6.383869e+00 -3.438681e-02 9.578182e-01 -2.853102e-01 -1.113320e-01 9.427234e-02 2.873148e-01 9.531857e-01 -3.478382e+00
9.911672e-01 -1.286238e-01 3.230206e-02 7.550799e+00 1.086847e-01 9.274049e-01 3.579216e-01 -1.219539e-01 -7.599433e-02 -3.512494e-01 9.331928e-01 -4.150294e+00
9.596009e-01 -7.535594e-02 -2.710860e-01 9.239648e+00 -2.820049e-02 9.328579e-01 -3.591391e-01 -1.495371e-01 2.799480e-01 3.522750e-01 8.930462e-01 -5.167347e+00
9.768423e-01 -1.069656e-01 1.853037e-01 1.037773e+01 1.809184e-02 9.042571e-01 4.266050e-01 -1.630179e-01 -2.131943e-01 -4.133733e-01 8.852518e-01 -5.796248e+00
9.298270e-01 -1.955022e-01 -3.117702e-01 1.233156e+01 8.870294e-02 9.412985e-01 -3.257129e-01 -1.881497e-01 3.571464e-01 2.752017e-01 8.925864e-01 -6.947116e+00
9.761960e-01 -7.930599e-02 2.018713e-01 1.408209e+01 2.304744e-02 9.634127e-01 2.670294e-01 -2.143554e-01 -2.156624e-01 -2.560205e-01 9.423074e-01 -8.006200e+00
9.727002e-01 -2.689915e-02 -2.305010e-01 1.444417e+01 -2.475947e-02 9.755608e-01 -2.183300e-01 -2.242390e-01 2.307406e-01 2.180768e-01 9.482622e-01 -8.136030e+00
9.517556e-01 -3.029692e-01 4.869260e-02 1.601164e+01 2.652631e-01 8.920939e-01 3.657923e-01 -2.352189e-01 -1.542622e-01 -3.352285e-01 9.294219e-01 -9.066294e+00
9.304596e-01 -3.928334e-02 -3.642826e-01 1.805462e+01 -2.790427e-02 9.837505e-01 -1.773590e-01 -2.569445e-01 3.653304e-01 1.751904e-01 9.142439e-01 -1.019382e+01
9.235858e-01 -3.530342e-01 1.495199e-01 2.016983e+01 3.099520e-01 9.170848e-01 2.507694e-01 -2.748125e-01 -2.256526e-01 -1.852630e-01 9.564301e-01 -1.140446e+01
9.113293e-01 1.610146e-02 -4.113631e-01 2.242889e+01 -5.347317e-02 9.953994e-01 -7.950223e-02 -3.044584e-01 4.081905e-01 9.444961e-02 9.079977e-01 -1.269117e+01
9.112370e-01 -3.586990e-01 2.024404e-01 2.552805e+01 3.242193e-01 9.278042e-01 1.845568e-01 -3.373335e-01 -2.540254e-01 -1.025399e-01 9.617467e-01 -1.466592e+01
8.900644e-01 1.104015e-01 -4.422633e-01 2.903117e+01 -1.017455e-01 9.938663e-01 4.333239e-02 -3.755366e-01 4.443346e-01 6.429689e-03 8.958378e-01 -1.690401e+01
8.882532e-01 -3.846993e-01 2.510233e-01 3.257623e+01 3.865507e-01 9.212194e-01 4.397043e-02 -4.150998e-01 -2.481629e-01 5.797634e-02 9.669819e-01 -1.913780e+01
8.992753e-01 1.547106e-01 -4.091070e-01 3.554565e+01 -8.802742e-02 9.802313e-01 1.771940e-01 -4.476899e-01 4.284333e-01 -1.233335e-01 8.951166e-01 -2.097464e+01
8.817646e-01 -4.213439e-01 2.120392e-01 3.884640e+01 4.490019e-01 8.875030e-01 -1.036133e-01 -4.833760e-01 -1.445286e-01 1.865685e-01 9.717529e-01 -2.301248e+01
9.390007e-01 2.692226e-01 -2.140022e-01 4.180886e+01 -1.791305e-01 9.140459e-01 3.639126e-01 -5.105146e-01 2.935814e-01 -3.033799e-01 9.065157e-01 -2.488926e+01
8.847508e-01 -4.524538e-01 1.118105e-01 4.595181e+01 4.654287e-01 8.452161e-01 -2.626514e-01 -5.536630e-01 2.433362e-02 2.844209e-01 9.583907e-01 -2.747400e+01
9.787947e-01 1.906746e-01 -7.486115e-02 5.009293e+01 -1.406252e-01 8.911964e-01 4.312696e-01 -5.960628e-01 1.489481e-01 -4.115971e-01 8.991120e-01 -3.000686e+01
8.797314e-01 -4.738132e-01 -3.967012e-02 5.420784e+01 4.300475e-01 8.285012e-01 -3.586710e-01 -6.391403e-01 2.028098e-01 2.984741e-01 9.326207e-01 -3.254847e+01
9.814852e-01 1.681748e-01 9.167354e-02 5.799098e+01 -1.910408e-01 8.939943e-01 4.053118e-01 -6.826271e-01 -1.379240e-02 -4.153209e-01 9.095704e-01 -3.499141e+01
8.943567e-01 -4.065167e-01 -1.867359e-01 6.186311e+01 3.296889e-01 8.810933e-01 -3.390867e-01 -7.190657e-01 3.023761e-01 2.416997e-01 9.220357e-01 -3.749582e+01
9.901274e-01 -4.857632e-03 1.400862e-01 6.618306e+01 -5.076009e-02 9.191414e-01 3.906437e-01 -7.627180e-01 -1.306567e-01 -3.938978e-01 9.098205e-01 -4.020749e+01
8.862900e-01 -3.526981e-01 -3.001567e-01 7.008193e+01 2.472658e-01 9.083618e-01 -3.372514e-01 -8.075847e-01 3.915988e-01 2.246841e-01 8.922822e-01 -4.272670e+01
9.835854e-01 -6.178510e-02 1.695357e-01 7.360866e+01 3.023481e-03 9.450628e-01 3.268748e-01 -8.487027e-01 -1.804179e-01 -3.209967e-01 9.297368e-01 -4.497463e+01
8.871296e-01 -2.303398e-01 -3.999307e-01 7.657074e+01 1.222155e-01 9.528619e-01 -2.777006e-01 -8.806460e-01 4.450442e-01 1.974787e-01 8.734631e-01 -4.680742e+01
9.414376e-01 -1.585501e-01 2.975854e-01 8.053876e+01 4.506176e-02 9.337953e-01 3.549587e-01 -9.129947e-01 -3.341626e-01 -3.207618e-01 8.862546e-01 -4.934039e+01
8.358415e-01 -2.348523e-01 -4.961989e-01 8.565825e+01 1.609796e-01 9.689917e-01 -1.874582e-01 -9.646361e-01 5.248376e-01 7.680749e-02 8.477299e-01 -5.257129e+01
9.152761e-01 -2.001437e-01 3.495884e-01 9.136095e+01 1.201675e-01 9.639817e-01 2.372744e-01 -1.019622e+00 -3.844858e-01 -1.751624e-01 9.063602e-01 -5.626583e+01
8.604792e-01 -1.850043e-01 -4.747094e-01 9.445744e+01 8.969479e-02 9.721978e-01 -2.163013e-01 -1.054802e+00 5.015281e-01 1.435438e-01 8.531499e-01 -5.817798e+01
9.202865e-01 -2.265537e-01 3.189767e-01 9.834315e+01 1.391033e-01 9.514833e-01 2.744627e-01 -1.088551e+00 -3.656815e-01 -2.082136e-01 9.071517e-01 -6.060611e+01
8.610482e-01 -2.045265e-02 -5.081119e-01 1.048487e+02 -3.818076e-06 9.991906e-01 -4.022615e-02 -1.150642e+00 5.085233e-01 3.463860e-02 8.603512e-01 -6.477924e+01
8.606020e-01 -3.931008e-01 3.237838e-01 1.126282e+02 3.573869e-01 9.190961e-01 1.659425e-01 -1.220558e+00 -3.628205e-01 -2.709443e-02 9.314651e-01 -6.982414e+01
8.677530e-01 1.845039e-01 -4.614792e-01 1.199752e+02 -1.285656e-01 9.802654e-01 1.501685e-01 -1.290578e+00 4.800788e-01 -7.097878e-02 8.743491e-01 -7.473157e+01
8.646417e-01 -4.262427e-01 2.659170e-01 1.260644e+02 4.563790e-01 8.876888e-01 -6.104711e-02 -1.347587e+00 -2.100307e-01 1.741428e-01 9.620610e-01 -7.865934e+01
9.286509e-01 1.905361e-01 -3.182820e-01 1.309176e+02 -9.453043e-02 9.512325e-01 2.936337e-01 -1.398252e+00 3.587080e-01 -2.425959e-01 9.013744e-01 -8.182389e+01
8.871420e-01 -4.437244e-01 1.268373e-01 1.356456e+02 4.614855e-01 8.548564e-01 -2.371742e-01 -1.443692e+00 -3.187711e-03 2.689408e-01 9.631514e-01 -8.506972e+01
9.319591e-01 3.149913e-01 -1.795348e-01 1.388609e+02 -2.395680e-01 9.066842e-01 3.471756e-01 -1.481065e+00 2.721387e-01 -2.805427e-01 9.204544e-01 -8.711258e+01
9.295624e-01 -2.900177e-01 2.276039e-01 1.402435e+02 3.506880e-01 8.860354e-01 -3.032478e-01 -1.502304e+00 -1.137179e-01 3.617057e-01 9.253309e-01 -8.797277e+01
9.355129e-01 3.055296e-01 -1.773902e-01 1.418168e+02 -2.089527e-01 8.833713e-01 4.195163e-01 -1.521946e+00 2.848760e-01 -3.553967e-01 8.902465e-01 -8.892914e+01
9.093844e-01 -3.519504e-01 2.217000e-01 1.435142e+02 4.139761e-01 8.177381e-01 -3.999102e-01 -1.543466e+00 -4.054399e-02 4.554506e-01 8.893374e-01 -8.994398e+01
9.128876e-01 4.057758e-01 -4.452238e-02 1.435687e+02 -3.435531e-01 8.226151e-01 4.530736e-01 -1.553469e+00 2.204711e-01 -3.983095e-01 8.903606e-01 -8.981724e+01
8.990798e-01 -3.902507e-01 1.983933e-01 1.438460e+02 4.376256e-01 8.133867e-01 -3.832571e-01 -1.563270e+00 -1.180410e-02 4.314007e-01 9.020832e-01 -8.985982e+01
9.127216e-01 4.075918e-01 -2.842831e-02 1.443761e+02 -3.570269e-01 8.294534e-01 4.295799e-01 -1.578784e+00 1.986732e-01 -3.819372e-01 9.025813e-01 -9.010426e+01
9.050959e-01 -3.721915e-01 2.056088e-01 1.445048e+02 4.245812e-01 8.173148e-01 -3.895218e-01 -1.590787e+00 -2.307042e-02 4.398522e-01 8.977738e-01 -9.003891e+01
9.059155e-01 4.226047e-01 -2.687589e-02 1.445734e+02 -3.680280e-01 8.171377e-01 4.436681e-01 -1.600924e+00 2.094575e-01 -3.920347e-01 8.957881e-01 -8.993175e+01
9.049509e-01 -3.697540e-01 2.105843e-01 1.446525e+02 4.248356e-01 8.130777e-01 -3.980193e-01 -1.611631e+00 -2.405221e-02 4.496516e-01 8.928801e-01 -8.983835e+01
9.035890e-01 4.277162e-01 -2.420323e-02 1.447083e+02 -3.726193e-01 8.125558e-01 4.482276e-01 -1.621776e+00 2.113807e-01 -3.959949e-01 8.935918e-01 -8.973139e+01
9.042683e-01 -3.700158e-01 2.130428e-01 1.447623e+02 4.261651e-01 8.127121e-01 -3.973441e-01 -1.631198e+00 -2.611883e-02 4.500971e-01 8.925976e-01 -8.963127e+01
9.042298e-01 4.256937e-01 -3.396088e-02 1.447731e+02 -3.661322e-01 8.137276e-01 4.514361e-01 -1.638983e+00 2.198084e-01 -3.957678e-01 8.916569e-01 -8.945728e+01
9.048052e-01 -3.681958e-01 2.139146e-01 1.448121e+02 4.248777e-01 8.141128e-01 -3.958525e-01 -1.647920e+00 -2.839940e-02 4.490570e-01 8.930517e-01 -8.934180e+01
9.065771e-01 4.206657e-01 -3.403527e-02 1.448483e+02 -3.622737e-01 8.170297e-01 4.485757e-01 -1.655232e+00 2.165082e-01 -3.943384e-01 8.930965e-01 -8.915049e+01
9.102891e-01 -3.536643e-01 2.151636e-01 1.448690e+02 4.125145e-01 8.185291e-01 -3.998023e-01 -1.661204e+00 -3.472194e-02 4.526937e-01 8.909898e-01 -8.891596e+01
9.086460e-01 4.158261e-01 -3.809438e-02 1.448633e+02 -3.553814e-01 8.180009e-01 4.523037e-01 -1.668190e+00 2.192409e-01 -3.974459e-01 8.910500e-01 -8.875035e+01
9.106693e-01 -3.512058e-01 2.175680e-01 1.448583e+02 4.113918e-01 8.192292e-01 -3.995250e-01 -1.675403e+00 -3.792258e-02 4.533409e-01 8.905301e-01 -8.860008e+01
9.090985e-01 4.146038e-01 -4.054144e-02 1.448464e+02 -3.527525e-01 8.179204e-01 4.545018e-01 -1.682420e+00 2.215979e-01 -3.988858e-01 8.898227e-01 -8.844744e+01
9.104302e-01 -3.514841e-01 2.181188e-01 1.448408e+02 4.119015e-01 8.188934e-01 -3.996883e-01 -1.690445e+00 -3.813194e-02 4.537317e-01 8.903221e-01 -8.830608e+01
9.094649e-01 4.137501e-01 -4.104255e-02 1.448332e+02 -3.515377e-01 8.178981e-01 4.554821e-01 -1.698118e+00 2.220244e-01 -3.998170e-01 8.892983e-01 -8.815497e+01
9.106437e-01 -3.497868e-01 2.199482e-01 1.448461e+02 4.113424e-01 8.177680e-01 -4.025580e-01 -1.706143e+00 -3.905717e-02 4.570609e-01 8.885774e-01 -8.802499e+01
9.102709e-01 4.119195e-01 -4.158368e-02 1.448516e+02 -3.490622e-01 8.175950e-01 4.579235e-01 -1.714017e+00 2.226262e-01 -4.023192e-01 8.880185e-01 -8.784913e+01
9.121782e-01 -3.456960e-01 2.200574e-01 1.448480e+02 4.077826e-01 8.188603e-01 -4.039569e-01 -1.721488e+00 -4.054994e-02 4.582163e-01 8.879153e-01 -8.770337e+01
9.111889e-01 4.096664e-01 -4.368327e-02 1.448451e+02 -3.457623e-01 8.180594e-01 4.595947e-01 -1.729283e+00 2.240160e-01 -4.036735e-01 8.870538e-01 -8.756092e+01
9.126449e-01 -3.439527e-01 2.208525e-01 1.448480e+02 4.066326e-01 8.189435e-01 -4.049462e-01 -1.737517e+00 -4.158337e-02 4.593779e-01 8.872670e-01 -8.742549e+01
9.110321e-01 4.098983e-01 -4.476440e-02 1.448600e+02 -3.457039e-01 8.184713e-01 4.589047e-01 -1.745706e+00 2.247426e-01 -4.026017e-01 8.873571e-01 -8.730917e+01
9.126867e-01 -3.419722e-01 2.237363e-01 1.448688e+02 4.063234e-01 8.178439e-01 -4.074712e-01 -1.753205e+00 -4.363753e-02 4.628028e-01 8.853865e-01 -8.715663e+01
9.104375e-01 4.113061e-01 -4.394234e-02 1.448344e+02 -3.461665e-01 8.157542e-01 4.633723e-01 -1.758742e+00 2.264340e-01 -4.066602e-01 8.850735e-01 -8.693593e+01
9.128280e-01 -3.401297e-01 2.259577e-01 1.448218e+02 4.058378e-01 8.168881e-01 -4.098652e-01 -1.764981e+00 -4.517486e-02 4.658386e-01 8.837158e-01 -8.677751e+01
9.119262e-01 4.072993e-01 -4.997906e-02 1.448290e+02 -3.398935e-01 8.179598e-01 4.641272e-01 -1.772837e+00 2.299196e-01 -4.062622e-01 8.843574e-01 -8.662409e+01
9.120616e-01 -3.429920e-01 2.247225e-01 1.448766e+02 4.076874e-01 8.172845e-01 -4.072309e-01 -1.778570e+00 -4.398532e-02 4.630362e-01 8.852473e-01 -8.641691e+01
9.061311e-01 4.210633e-01 -4.039866e-02 1.449822e+02 -3.558412e-01 8.104244e-01 4.653915e-01 -1.785363e+00 2.286994e-01 -4.073303e-01 8.841825e-01 -8.620779e+01
9.080483e-01 -3.518272e-01 2.273013e-01 1.449722e+02 4.169630e-01 8.109154e-01 -4.105583e-01 -1.792107e+00 -3.987656e-02 4.675830e-01 8.830493e-01 -8.602481e+01
9.058960e-01 4.212636e-01 -4.346672e-02 1.449742e+02 -3.547083e-01 8.108131e-01 4.655793e-01 -1.798852e+00 2.313750e-01 -4.063484e-01 8.839381e-01 -8.586816e+01
9.071203e-01 -3.532941e-01 2.287271e-01 1.449548e+02 4.188418e-01 8.111041e-01 -4.082666e-01 -1.805548e+00 -4.128327e-02 4.661474e-01 8.837433e-01 -8.567134e+01
9.065142e-01 4.197276e-01 -4.539443e-02 1.449671e+02 -3.526539e-01 8.119571e-01 4.651460e-01 -1.814410e+00 2.320930e-01 -4.056530e-01 8.840693e-01 -8.554728e+01
9.080895e-01 -3.498896e-01 2.301104e-01 1.450731e+02 4.165376e-01 8.113968e-01 -4.100386e-01 -1.825353e+00 -4.324260e-02 4.682013e-01 8.825631e-01 -8.550919e+01
9.092292e-01 4.136105e-01 -4.720756e-02 1.450970e+02 -3.458065e-01 8.135379e-01 4.675190e-01 -1.833937e+00 2.317759e-01 -4.087572e-01 8.827216e-01 -8.535937e+01
9.104997e-01 -3.444597e-01 2.287746e-01 1.451037e+02 4.110943e-01 8.137413e-01 -4.108851e-01 -1.841883e+00 -4.462998e-02 4.681587e-01 8.825166e-01 -8.520977e+01
9.105926e-01 4.098709e-01 -5.316846e-02 1.451612e+02 -3.399664e-01 8.159464e-01 4.676049e-01 -1.851255e+00 2.350403e-01 -4.077221e-01 8.823371e-01 -8.510515e+01
9.099922e-01 -3.412714e-01 2.354740e-01 1.452887e+02 4.112269e-01 8.154247e-01 -4.074002e-01 -1.862896e+00 -5.297723e-02 4.675642e-01 8.823702e-01 -8.508045e+01
9.123520e-01 4.054670e-01 -5.665998e-02 1.453282e+02 -3.345449e-01 8.181256e-01 4.677074e-01 -1.872762e+00 2.359949e-01 -4.077585e-01 8.820654e-01 -8.497318e+01
9.157769e-01 -3.049797e-01 2.614193e-01 1.455958e+02 3.851826e-01 8.513675e-01 -3.561007e-01 -1.878668e+00 -1.139604e-01 4.268030e-01 8.971356e-01 -8.482379e+01
9.194511e-01 3.706982e-01 -1.311204e-01 1.460622e+02 -2.923488e-01 8.674858e-01 4.024931e-01 -1.889872e+00 2.629485e-01 -3.317398e-01 9.059839e-01 -8.477156e+01
9.197690e-01 -2.945134e-01 2.593970e-01 1.461043e+02 3.717447e-01 8.656861e-01 -3.352514e-01 -1.899681e+00 -1.258203e-01 4.047833e-01 9.057150e-01 -8.467579e+01
9.186587e-01 3.723119e-01 -1.320986e-01 1.461670e+02 -2.941250e-01 8.678242e-01 4.004644e-01 -1.909587e+00 2.637360e-01 -3.290366e-01 9.067404e-01 -8.459244e+01
9.197235e-01 -2.923985e-01 2.619386e-01 1.462214e+02 3.707594e-01 8.662853e-01 -3.347944e-01 -1.919669e+00 -1.290202e-01 4.050345e-01 9.051524e-01 -8.451181e+01
9.194511e-01 3.700312e-01 -1.329910e-01 1.462996e+02 -2.907640e-01 8.675267e-01 4.035513e-01 -1.929508e+00 2.646998e-01 -3.323767e-01 9.052401e-01 -8.443503e+01
9.190091e-01 -2.976243e-01 2.585382e-01 1.463407e+02 3.741015e-01 8.652619e-01 -3.337213e-01 -1.939232e+00 -1.243797e-01 4.034124e-01 9.065253e-01 -8.429773e+01
9.171588e-01 3.791663e-01 -1.226893e-01 1.464412e+02 -3.025917e-01 8.629053e-01 4.047625e-01 -1.949766e+00 2.593416e-01 -3.341067e-01 9.061538e-01 -8.423811e+01
9.140790e-01 -3.116583e-01 2.594779e-01 1.465811e+02 3.881516e-01 8.576952e-01 -3.371903e-01 -1.961619e+00 -1.174648e-01 4.089353e-01 9.049718e-01 -8.420294e+01
9.143137e-01 3.860648e-01 -1.224109e-01 1.466036e+02 -3.069748e-01 8.577503e-01 4.123481e-01 -1.970999e+00 2.641911e-01 -3.394385e-01 9.027650e-01 -8.405350e+01
9.156376e-01 -3.019317e-01 2.654150e-01 1.466451e+02 3.816654e-01 8.602565e-01 -3.380685e-01 -1.980472e+00 -1.262514e-01 4.108479e-01 9.029200e-01 -8.394040e+01
9.149877e-01 3.655738e-01 -1.707434e-01 1.463259e+02 -2.927394e-01 8.927072e-01 3.426041e-01 -1.930326e+00 2.776709e-01 -2.634952e-01 9.238339e-01 -8.180882e+01
8.002900e-01 -5.116636e-01 3.126281e-01 1.456476e+02 5.991436e-01 6.617394e-01 -4.506972e-01 -1.854046e+00 2.372702e-02 5.479976e-01 8.361433e-01 -7.950185e+01
8.109150e-01 5.848349e-01 1.962014e-02 1.460990e+02 -5.005848e-01 6.759522e-01 5.408359e-01 -1.866805e+00 3.030374e-01 -4.483935e-01 8.408993e-01 -7.951435e+01
7.994409e-01 -5.187478e-01 3.029769e-01 1.463390e+02 5.996707e-01 6.589446e-01 -4.540783e-01 -1.880826e+00 3.590711e-02 5.446951e-01 8.378651e-01 -7.957073e+01
8.017396e-01 5.968927e-01 3.053875e-02 1.464935e+02 -5.163704e-01 6.660429e-01 5.382829e-01 -1.893265e+00 3.009571e-01 -4.473321e-01 8.422107e-01 -7.956283e+01
7.990054e-01 -5.212643e-01 2.997897e-01 1.466632e+02 6.002870e-01 6.621681e-01 -4.485409e-01 -1.905339e+00 3.529719e-02 5.383465e-01 8.419840e-01 -7.958284e+01
8.011783e-01 5.977234e-01 2.898409e-02 1.468383e+02 -5.165731e-01 6.663308e-01 5.377318e-01 -1.917798e+00 3.021019e-01 -4.457915e-01 8.426176e-01 -7.960728e+01
7.970933e-01 -5.243483e-01 2.995014e-01 1.470039e+02 6.024867e-01 6.571892e-01 -4.528931e-01 -1.930316e+00 4.064465e-02 5.414437e-01 8.397540e-01 -7.962464e+01
8.000826e-01 5.988354e-01 3.555206e-02 1.471370e+02 -5.179437e-01 6.596754e-01 5.445757e-01 -1.941644e+00 3.026584e-01 -4.541196e-01 8.379578e-01 -7.960774e+01
7.987981e-01 -5.188592e-01 3.044778e-01 1.472763e+02 6.003101e-01 6.543461e-01 -4.598466e-01 -1.953352e+00 3.936179e-02 5.501056e-01 8.341669e-01 -7.958762e+01
8.011204e-01 5.977229e-01 3.055103e-02 1.474335e+02 -5.133390e-01 6.599842e-01 5.485471e-01 -1.965319e+00 3.077160e-01 -4.551353e-01 8.355613e-01 -7.959569e+01
7.997917e-01 -5.135737e-01 3.107656e-01 1.475187e+02 5.993555e-01 6.545347e-01 -4.608225e-01 -1.977016e+00 3.325948e-02 5.548211e-01 8.313046e-01 -7.954532e+01
8.012425e-01 5.976009e-01 2.972757e-02 1.476110e+02 -5.114592e-01 6.582701e-01 5.523495e-01 -1.987582e+00 3.105158e-01 -4.577703e-01 8.330824e-01 -7.948709e+01
8.004337e-01 -5.112556e-01 3.129273e-01 1.477018e+02 5.985965e-01 6.543861e-01 -4.620185e-01 -1.998543e+00 3.143428e-02 5.571324e-01 8.298285e-01 -7.944420e+01
8.073910e-01 5.894247e-01 2.642445e-02 1.478375e+02 -5.014991e-01 6.619788e-01 5.570303e-01 -2.009519e+00 3.108350e-01 -4.629931e-01 8.300717e-01 -7.941812e+01
8.076730e-01 -5.027191e-01 3.081197e-01 1.480000e+02 5.886942e-01 6.580895e-01 -4.694223e-01 -2.021734e+00 3.321721e-02 5.605281e-01 8.274690e-01 -7.942662e+01
8.106396e-01 5.850719e-01 2.354238e-02 1.481395e+02 -4.959670e-01 6.646985e-01 5.587419e-01 -2.034129e+00 3.112556e-01 -4.646146e-01 8.290074e-01 -7.942294e+01
8.101292e-01 -4.978735e-01 3.095364e-01 1.482601e+02 5.854835e-01 6.600844e-01 -4.706354e-01 -2.045692e+00 2.999674e-02 5.625039e-01 8.262503e-01 -7.940563e+01
8.114449e-01 5.840024e-01 2.232484e-02 1.484169e+02 -4.939255e-01 6.648665e-01 5.603482e-01 -2.057995e+00 3.124017e-01 -4.657185e-01 8.279562e-01 -7.942326e+01
8.116709e-01 -4.944762e-01 3.109399e-01 1.485888e+02 5.833150e-01 6.583195e-01 -4.757720e-01 -2.070961e+00 3.056018e-02 5.675462e-01 8.227742e-01 -7.945579e+01
8.127094e-01 5.822350e-01 2.249221e-02 1.487508e+02 -4.902464e-01 6.624256e-01 5.664370e-01 -2.083399e+00 3.149000e-01 -4.713753e-01 8.237981e-01 -7.947612e+01
8.151383e-01 -4.868087e-01 3.139536e-01 1.489273e+02 5.787334e-01 6.611569e-01 -4.774299e-01 -2.096353e+00 2.484448e-02 5.708668e-01 8.206667e-01 -7.952027e+01
8.133233e-01 5.815849e-01 1.625305e-02 1.490922e+02 -4.860175e-01 6.637892e-01 5.684812e-01 -2.109146e+00 3.198315e-01 -4.702583e-01 8.225357e-01 -7.955322e+01
8.161322e-01 -4.826856e-01 3.177151e-01 1.492275e+02 5.774678e-01 6.608508e-01 -4.793820e-01 -2.121678e+00 2.142854e-02 5.747093e-01 8.180770e-01 -7.955947e+01
8.154176e-01 5.786639e-01 1.556218e-02 1.492584e+02 -4.822459e-01 6.641892e-01 5.712194e-01 -2.131681e+00 3.202078e-01 -4.732871e-01 8.206499e-01 -7.945914e+01
8.176263e-01 -4.800949e-01 3.177988e-01 1.492570e+02 5.755012e-01 6.652913e-01 -4.755900e-01 -2.139566e+00 1.689956e-02 5.717484e-01 8.202549e-01 -7.930785e+01
8.157524e-01 5.782407e-01 1.362885e-02 1.492650e+02 -4.803963e-01 6.642193e-01 5.727409e-01 -2.147632e+00 3.221295e-01 -4.737620e-01 8.196232e-01 -7.917924e+01
8.169210e-01 -4.805734e-01 3.188875e-01 1.492463e+02 5.765129e-01 6.645783e-01 -4.753616e-01 -2.154999e+00 1.652044e-02 5.721756e-01 8.199647e-01 -7.898749e+01
8.160533e-01 5.777950e-01 1.449109e-02 1.492020e+02 -4.802487e-01 6.639065e-01 5.732271e-01 -2.160483e+00 3.215870e-01 -4.747432e-01 8.192684e-01 -7.873599e+01
8.190637e-01 -4.751146e-01 3.215599e-01 1.491805e+02 5.735719e-01 6.661941e-01 -4.766557e-01 -2.166842e+00 1.224477e-02 5.748491e-01 8.181678e-01 -7.853695e+01
8.182836e-01 5.747444e-01 8.990921e-03 1.491649e+02 -4.740345e-01 6.658873e-01 5.760950e-01 -2.174177e+00 3.251204e-01 -4.756710e-01 8.173333e-01 -7.834682e+01
8.203845e-01 -4.721783e-01 3.225166e-01 1.491580e+02 5.717197e-01 6.671758e-01 -4.775072e-01 -2.181871e+00 1.029326e-02 5.761286e-01 8.172943e-01 -7.818054e+01
8.189318e-01 5.738369e-01 7.864638e-03 1.491568e+02 -4.722626e-01 6.660607e-01 5.773484e-01 -2.189834e+00 3.260655e-01 -4.765231e-01 8.164601e-01 -7.802221e+01
8.205379e-01 -4.716395e-01 3.229143e-01 1.491455e+02 5.714977e-01 6.666728e-01 -4.784745e-01 -2.197534e+00 1.038930e-02 5.771513e-01 8.165712e-01 -7.784426e+01
7.649187e-01 6.310571e-01 1.290982e-01 1.500919e+02 -5.765825e-01 5.814681e-01 5.739751e-01 -2.194959e+00 2.871446e-01 -5.134801e-01 8.086323e-01 -7.745969e+01
7.682565e-01 -5.402832e-01 3.433307e-01 1.512292e+02 6.288786e-01 5.368353e-01 -5.624229e-01 -2.198930e+00 1.195556e-01 6.479984e-01 7.521998e-01 -7.741887e+01
7.649861e-01 6.331895e-01 1.177594e-01 1.512082e+02 -5.423403e-01 5.347053e-01 6.480410e-01 -2.205214e+00 3.473662e-01 -5.596081e-01 7.524464e-01 -7.721829e+01
7.677739e-01 -5.395059e-01 3.456250e-01 1.511778e+02 6.298962e-01 5.368289e-01 -5.612891e-01 -2.211144e+00 1.172773e-01 6.486510e-01 7.519960e-01 -7.699925e+01
7.656541e-01 6.328171e-01 1.153965e-01 1.511607e+02 -5.399512e-01 5.347679e-01 6.499816e-01 -2.218095e+00 3.496091e-01 -5.599695e-01 7.511376e-01 -7.682566e+01
7.676650e-01 -5.389255e-01 3.467704e-01 1.511519e+02 6.299710e-01 5.353227e-01 -5.626420e-01 -2.225468e+00 1.175881e-01 6.503759e-01 7.504560e-01 -7.663584e+01
7.636543e-01 6.350146e-01 1.165706e-01 1.511286e+02 -5.419251e-01 5.323219e-01 6.503465e-01 -2.231881e+00 3.509264e-01 -5.598124e-01 7.506402e-01 -7.644195e+01
7.665042e-01 -5.384872e-01 3.500041e-01 1.511321e+02 6.316940e-01 5.337732e-01 -5.621822e-01 -2.240239e+00 1.159051e-01 6.520105e-01 7.492985e-01 -7.629892e+01
7.649700e-01 6.340480e-01 1.131550e-01 1.511418e+02 -5.384888e-01 5.332410e-01 6.524445e-01 -2.249213e+00 3.533423e-01 -5.600331e-01 7.493411e-01 -7.616657e+01
7.708621e-01 -5.312084e-01 3.515526e-01 1.512847e+02 6.281764e-01 5.423801e-01 -5.578694e-01 -2.259759e+00 1.056698e-01 6.508774e-01 7.517929e-01 -7.616023e+01
7.800684e-01 6.173474e-01 1.018602e-01 1.513380e+02 -5.173177e-01 5.447746e-01 6.600024e-01 -2.269308e+00 3.519599e-01 -5.675410e-01 7.443261e-01 -7.603361e+01
7.830681e-01 -5.131283e-01 3.514310e-01 1.513030e+02 6.138983e-01 5.471697e-01 -5.689765e-01 -2.274465e+00 9.966554e-02 6.612902e-01 7.434797e-01 -7.579525e+01
7.811553e-01 6.164654e-01 9.882694e-02 1.513271e+02 -5.132546e-01 5.439493e-01 6.638440e-01 -2.282772e+00 3.554800e-01 -5.692887e-01 7.413126e-01 -7.566233e+01
7.829188e-01 -5.131585e-01 3.517195e-01 1.513140e+02 6.137642e-01 5.447425e-01 -5.714448e-01 -2.289238e+00 1.016452e-01 6.632677e-01 7.414474e-01 -7.544122e+01
7.789552e-01 6.190858e-01 9.980783e-02 1.512949e+02 -5.156280e-01 5.417661e-01 6.637900e-01 -2.295162e+00 3.568704e-01 -5.685264e-01 7.412295e-01 -7.524516e+01
7.801986e-01 -5.060031e-01 3.677649e-01 1.515886e+02 6.223610e-01 5.687945e-01 -5.377170e-01 -2.303101e+00 6.290386e-02 6.484086e-01 7.586893e-01 -7.510574e+01
9.227469e-01 3.845891e-01 2.508639e-02 1.533764e+02 -2.317251e-01 5.016122e-01 8.334799e-01 -2.298421e+00 3.079637e-01 -7.749041e-01 5.519800e-01 -7.583534e+01
8.911975e-01 -3.872329e-01 2.362576e-01 1.545121e+02 3.703096e-01 3.202532e-01 -8.719568e-01 -2.322902e+00 2.619881e-01 8.645742e-01 4.288049e-01 -7.620197e+01
8.899573e-01 3.754102e-01 2.589269e-01 1.544588e+02 -3.864905e-01 3.194886e-01 8.651891e-01 -2.326369e+00 2.420766e-01 -8.700541e-01 4.294237e-01 -7.591721e+01
8.919458e-01 -3.832395e-01 2.399171e-01 1.543802e+02 3.719377e-01 3.201974e-01 -8.712841e-01 -2.328377e+00 2.570896e-01 8.663724e-01 4.281400e-01 -7.556813e+01
8.901363e-01 3.784027e-01 2.539070e-01 1.542840e+02 -3.830802e-01 3.196150e-01 8.666578e-01 -2.328194e+00 2.467932e-01 -8.687104e-01 4.294595e-01 -7.517812e+01
8.930970e-01 -3.773646e-01 2.448953e-01 1.542361e+02 3.739398e-01 3.200929e-01 -8.704651e-01 -2.332253e+00 2.500935e-01 8.689859e-01 4.269857e-01 -7.490431e+01
8.906375e-01 3.783203e-01 2.522670e-01 1.542761e+02 -3.807635e-01 3.172313e-01 8.685525e-01 -2.340507e+00 2.485641e-01 -8.696195e-01 4.265886e-01 -7.478758e+01
8.932637e-01 -3.743632e-01 2.488617e-01 1.543221e+02 3.733227e-01 3.093880e-01 -8.745909e-01 -2.348199e+00 2.504198e-01 8.741460e-01 4.161233e-01 -7.464730e+01
8.930563e-01 3.787179e-01 2.429471e-01 1.543419e+02 -3.709549e-01 3.141422e-01 8.739034e-01 -2.356063e+00 2.546429e-01 -8.705673e-01 4.210339e-01 -7.449773e+01
8.945518e-01 -3.691793e-01 2.519598e-01 1.543280e+02 3.752228e-01 3.139713e-01 -8.721410e-01 -2.363733e+00 2.428682e-01 8.747163e-01 4.193881e-01 -7.429771e+01
8.947643e-01 3.723554e-01 2.464718e-01 1.542423e+02 -3.733682e-01 3.210966e-01 8.703408e-01 -2.362723e+00 2.449348e-01 -8.707746e-01 4.263315e-01 -7.386903e+01
8.743798e-01 -3.983233e-01 2.771254e-01 1.539123e+02 4.004487e-01 2.697943e-01 -8.757008e-01 -2.337610e+00 2.740452e-01 8.766696e-01 3.954107e-01 -7.278113e+01
8.563840e-01 4.376434e-01 2.739977e-01 1.535180e+02 -4.163065e-01 2.713256e-01 8.677968e-01 -2.304841e+00 3.054430e-01 -8.572343e-01 4.145527e-01 -7.166409e+01
8.545541e-01 -4.254454e-01 2.978817e-01 1.535859e+02 4.345901e-01 2.717174e-01 -8.586624e-01 -2.314489e+00 2.843743e-01 8.632299e-01 4.170915e-01 -7.156050e+01
8.568954e-01 4.356680e-01 2.755427e-01 1.535795e+02 -4.177738e-01 2.737893e-01 8.663166e-01 -2.320182e+00 3.019858e-01 -8.574572e-01 4.166194e-01 -7.133210e+01
8.588442e-01 -4.124533e-01 3.037581e-01 1.535185e+02 4.346801e-01 2.731095e-01 -8.581750e-01 -2.323671e+00 2.709979e-01 8.690762e-01 4.138438e-01 -7.101011e+01
8.590104e-01 4.339648e-01 2.716168e-01 1.533748e+02 -4.159277e-01 2.822218e-01 8.644970e-01 -2.317230e+00 2.985051e-01 -8.555849e-01 4.229294e-01 -7.044073e+01
8.667191e-01 -3.959917e-01 3.032963e-01 1.531633e+02 4.300395e-01 2.851645e-01 -8.565905e-01 -2.303973e+00 2.527134e-01 8.728527e-01 4.174496e-01 -6.977949e+01
8.651354e-01 4.317305e-01 2.552439e-01 1.531016e+02 -3.997601e-01 2.862594e-01 8.707740e-01 -2.305834e+00 3.028737e-01 -8.553738e-01 4.202418e-01 -6.943158e+01
8.703190e-01 -3.865215e-01 3.051982e-01 1.530183e+02 4.290791e-01 2.909308e-01 -8.551318e-01 -2.303969e+00 2.417353e-01 8.751916e-01 4.190509e-01 -6.908902e+01
8.735019e-01 4.261836e-01 2.352912e-01 1.530363e+02 -3.792259e-01 2.926264e-01 8.778140e-01 -2.312492e+00 3.052575e-01 -8.560007e-01 4.172296e-01 -6.892255e+01
8.576202e-01 -3.820700e-01 3.442529e-01 1.528684e+02 4.530299e-01 2.444273e-01 -8.573326e-01 -2.291534e+00 2.434162e-01 8.912226e-01 3.827150e-01 -6.796892e+01
8.656168e-01 4.392091e-01 2.404222e-01 1.523575e+02 -3.925052e-01 2.970893e-01 8.704468e-01 -2.245806e+00 3.108813e-01 -8.478404e-01 4.295573e-01 -6.636003e+01
8.729041e-01 -3.731197e-01 3.143566e-01 1.519858e+02 4.341689e-01 3.001306e-01 -8.493639e-01 -2.216659e+00 2.225663e-01 8.778971e-01 4.239822e-01 -6.516781e+01
8.854315e-01 4.175305e-01 2.041551e-01 1.519668e+02 -3.547737e-01 3.234165e-01 8.772328e-01 -2.220620e+00 3.002443e-01 -8.491584e-01 4.344921e-01 -6.489737e+01
8.879587e-01 -3.502891e-01 2.980384e-01 1.519324e+02 4.136165e-01 3.248228e-01 -8.505360e-01 -2.226167e+00 2.011238e-01 8.785145e-01 4.333146e-01 -6.465105e+01
8.867857e-01 4.175852e-01 1.980749e-01 1.519145e+02 -3.494267e-01 3.252462e-01 8.787012e-01 -2.233244e+00 3.025095e-01 -8.484324e-01 4.343391e-01 -6.443837e+01
8.616598e-01 -3.569477e-01 3.607364e-01 1.515800e+02 4.699448e-01 2.929146e-01 -8.326782e-01 -2.205760e+00 1.915576e-01 8.870115e-01 4.201385e-01 -6.321062e+01
8.618243e-01 4.736610e-01 1.813948e-01 1.511793e+02 -3.600895e-01 3.195156e-01 8.764961e-01 -2.172490e+00 3.572035e-01 -8.207040e-01 4.459266e-01 -6.203990e+01
8.624297e-01 -3.567166e-01 3.591217e-01 1.510590e+02 4.729898e-01 3.152610e-01 -8.227340e-01 -2.170046e+00 1.802658e-01 8.794110e-01 4.406137e-01 -6.154584e+01
8.650966e-01 4.684116e-01 1.794393e-01 1.508507e+02 -3.615509e-01 3.343247e-01 8.703493e-01 -2.155964e+00 3.476907e-01 -8.178127e-01 4.585778e-01 -6.075550e+01
8.706754e-01 -3.463328e-01 3.492534e-01 1.507373e+02 4.636125e-01 3.407018e-01 -8.179155e-01 -2.151464e+00 1.642797e-01 8.740572e-01 4.572048e-01 -6.034738e+01
8.720549e-01 4.635314e-01 1.570315e-01 1.507521e+02 -3.403104e-01 3.437302e-01 8.752362e-01 -2.159960e+00 3.517230e-01 -8.166934e-01 4.574962e-01 -6.018497e+01
8.739803e-01 -3.368909e-01 3.502328e-01 1.507681e+02 4.604487e-01 3.436278e-01 -8.184784e-01 -2.168778e+00 1.553881e-01 8.765982e-01 4.554449e-01 -6.006585e+01
8.746286e-01 4.612836e-01 1.491382e-01 1.508053e+02 -3.340135e-01 3.504138e-01 8.750115e-01 -2.178524e+00 3.513684e-01 -8.151243e-01 4.605569e-01 -5.995497e+01
8.760348e-01 -3.313363e-01 3.503986e-01 1.508364e+02 4.583989e-01 3.464605e-01 -8.184348e-01 -2.187566e+00 1.497779e-01 8.775998e-01 4.553956e-01 -5.984519e+01
8.926096e-01 4.137297e-01 1.790973e-01 1.522018e+02 -3.071819e-01 2.673743e-01 9.133183e-01 -2.183611e+00 3.299809e-01 -8.702521e-01 3.657511e-01 -6.014268e+01
8.520588e-01 -4.683935e-01 2.336737e-01 1.534264e+02 3.022081e-01 7.569459e-02 -9.502319e-01 -2.195545e+00 4.273946e-01 8.802715e-01 2.060485e-01 -6.054194e+01
8.153163e-01 2.899540e-01 5.011847e-01 1.546046e+02 -5.115229e-01 -4.487659e-02 8.580970e-01 -2.192504e+00 2.713001e-01 -9.559879e-01 1.117295e-01 -6.051081e+01
7.621835e-01 -5.916501e-01 2.627287e-01 1.560210e+02 1.908107e-01 -1.824943e-01 -9.645139e-01 -2.202363e+00 6.186013e-01 7.852681e-01 -2.620097e-02 -6.063192e+01
7.621232e-01 1.940935e-01 6.176536e-01 1.559037e+02 -5.905512e-01 -1.826146e-01 7.860669e-01 -2.200422e+00 2.653630e-01 -9.638359e-01 -2.455267e-02 -6.013055e+01
7.667729e-01 -5.837379e-01 2.670381e-01 1.558425e+02 1.955715e-01 -1.837858e-01 -9.633144e-01 -2.202531e+00 6.114009e-01 7.908684e-01 -2.675948e-02 -5.980260e+01
7.532755e-01 2.460727e-01 6.099379e-01 1.562469e+02 -5.783227e-01 -1.938578e-01 7.924405e-01 -2.213698e+00 3.132392e-01 -9.496670e-01 -3.718936e-03 -5.973688e+01
7.539821e-01 -5.771287e-01 3.137411e-01 1.562036e+02 2.460852e-01 -1.946745e-01 -9.494967e-01 -2.218271e+00 6.090591e-01 7.931105e-01 -4.758202e-03 -5.944905e+01
7.526141e-01 2.487308e-01 6.096762e-01 1.560206e+02 -5.839971e-01 -1.755694e-01 7.925420e-01 -2.208465e+00 3.041701e-01 -9.525274e-01 1.312207e-02 -5.878632e+01
7.561999e-01 -5.795224e-01 3.038347e-01 1.559021e+02 2.477934e-01 -1.761317e-01 -9.526679e-01 -2.207250e+00 6.056073e-01 7.956956e-01 1.041104e-02 -5.832957e+01
7.571673e-01 2.505704e-01 6.032514e-01 1.557538e+02 -5.786647e-01 -1.711621e-01 7.974025e-01 -2.203683e+00 3.030593e-01 -9.528473e-01 1.539791e-02 -5.781599e+01
7.590839e-01 -5.750651e-01 3.051095e-01 1.556006e+02 2.498492e-01 -1.754355e-01 -9.522593e-01 -2.199270e+00 6.011381e-01 7.990760e-01 1.050926e-02 -5.728652e+01
7.600725e-01 2.535727e-01 5.983233e-01 1.554224e+02 -5.750373e-01 -1.664216e-01 8.010218e-01 -2.192782e+00 3.026911e-01 -9.528928e-01 1.932131e-02 -5.669954e+01
7.632177e-01 -5.696691e-01 3.049195e-01 1.552692e+02 2.524154e-01 -1.715456e-01 -9.522912e-01 -2.187146e+00 5.947984e-01 8.037719e-01 1.286660e-02 -5.615422e+01
7.639857e-01 2.554992e-01 5.924913e-01 1.551569e+02 -5.678282e-01 -1.698573e-01 8.054313e-01 -2.185710e+00 3.064260e-01 -9.517713e-01 1.531110e-02 -5.570707e+01
7.685739e-01 -5.620296e-01 3.056417e-01 1.550503e+02 2.546781e-01 -1.694753e-01 -9.520594e-01 -2.184834e+00 5.868843e-01 8.095683e-01 1.288236e-02 -5.529533e+01
7.689534e-01 2.577717e-01 5.850337e-01 1.549637e+02 -5.597131e-01 -1.707464e-01 8.109050e-01 -2.186118e+00 3.089207e-01 -9.509992e-01 1.298219e-02 -5.492878e+01
7.688173e-01 -5.584166e-01 3.115940e-01 1.548209e+02 2.556162e-01 -1.782790e-01 -9.501984e-01 -2.182227e+00 5.861572e-01 8.101775e-01 5.676344e-03 -5.441736e+01
7.704635e-01 2.577830e-01 5.830385e-01 1.547949e+02 -5.552880e-01 -1.778388e-01 8.124215e-01 -2.186417e+00 3.131153e-01 -9.496954e-01 6.125503e-03 -5.416064e+01
7.715985e-01 -5.548401e-01 3.111081e-01 1.547663e+02 2.544787e-01 -1.789927e-01 -9.503695e-01 -2.192086e+00 5.829892e-01 8.124740e-01 3.084522e-03 -5.387838e+01
7.724601e-01 2.579980e-01 5.802951e-01 1.547113e+02 -5.528389e-01 -1.764969e-01 8.143820e-01 -2.191785e+00 3.125292e-01 -9.498873e-01 6.294462e-03 -5.349527e+01
7.665878e-01 -5.777518e-01 2.802606e-01 1.547030e+02 2.174288e-01 -1.771272e-01 -9.598701e-01 -2.195761e+00 6.042085e-01 7.967615e-01 -1.016368e-02 -5.324649e+01
7.865978e-01 1.966798e-01 5.853042e-01 1.546864e+02 -5.622284e-01 -1.637445e-01 8.106090e-01 -2.197025e+00 2.552708e-01 -9.666979e-01 -1.822212e-02 -5.291714e+01
7.780385e-01 -5.849723e-01 2.290491e-01 1.546633e+02 1.637039e-01 -1.632164e-01 -9.729139e-01 -2.201012e+00 6.065122e-01 7.944607e-01 -3.122642e-02 -5.259281e+01
7.888636e-01 1.536974e-01 5.950389e-01 1.546961e+02 -5.779499e-01 -1.436892e-01 8.033227e-01 -2.209605e+00 2.089693e-01 -9.776147e-01 -2.452176e-02 -5.238810e+01
7.903874e-01 -5.766416e-01 2.068147e-01 1.546539e+02 1.513339e-01 -1.433461e-01 -9.780337e-01 -2.213860e+00 5.936210e-01 8.043236e-01 -2.603350e-02 -5.207678e+01
7.876776e-01 1.667287e-01 5.930982e-01 1.544742e+02 -5.751034e-01 -1.462709e-01 8.048981e-01 -2.204771e+00 2.209526e-01 -9.750930e-01 -1.932808e-02 -5.148356e+01
7.723657e-01 -5.960485e-01 2.194936e-01 1.545096e+02 1.748641e-01 -1.326764e-01 -9.756124e-01 -2.208789e+00 6.106339e-01 7.919111e-01 1.752772e-03 -5.120869e+01
7.747901e-01 1.640563e-01 6.105619e-01 1.545566e+02 -5.974907e-01 -1.256628e-01 7.919683e-01 -2.214573e+00 2.066523e-01 -9.784142e-01 6.597882e-04 -5.100347e+01
7.626177e-01 -6.200787e-01 1.841647e-01 1.546181e+02 1.391814e-01 -1.207416e-01 -9.828784e-01 -2.220221e+00 6.316983e-01 7.751928e-01 -5.776293e-03 -5.081902e+01
7.802821e-01 1.198609e-01 6.138348e-01 1.545985e+02 -6.073590e-01 -8.899175e-02 7.894273e-01 -2.223145e+00 1.492477e-01 -9.887941e-01 3.359928e-03 -5.055048e+01
7.814434e-01 -6.060451e-01 1.485109e-01 1.546223e+02 1.160973e-01 -9.263379e-02 -9.889087e-01 -2.232658e+00 6.130804e-01 7.900179e-01 -2.027842e-03 -5.043833e+01
7.836417e-01 1.164290e-01 6.102049e-01 1.545969e+02 -6.030296e-01 -9.334819e-02 7.922382e-01 -2.239356e+00 1.492010e-01 -9.888025e-01 -2.941413e-03 -5.021169e+01
7.861370e-01 -6.005298e-01 1.461254e-01 1.545832e+02 1.132117e-01 -9.251054e-02 -9.892547e-01 -2.245171e+00 6.075951e-01 7.942328e-01 -4.738975e-03 -5.000801e+01
8.033843e-01 6.620582e-02 5.917689e-01 1.546818e+02 -5.862973e-01 -8.572866e-02 8.055471e-01 -2.253181e+00 1.040635e-01 -9.941164e-01 -3.005677e-02 -4.990081e+01
8.006726e-01 -5.904543e-01 1.014251e-01 1.546899e+02 6.007651e-02 -8.931137e-02 -9.941903e-01 -2.262016e+00 5.960824e-01 8.021142e-01 -3.603673e-02 -4.973082e+01
8.023504e-01 6.050803e-02 5.937782e-01 1.546478e+02 -5.880455e-01 -9.013916e-02 8.037894e-01 -2.268104e+00 1.021584e-01 -9.940894e-01 -3.674172e-02 -4.947121e+01
8.035634e-01 -5.867527e-01 1.000360e-01 1.546136e+02 5.754543e-02 -9.069562e-02 -9.942147e-01 -2.273744e+00 5.924309e-01 8.046711e-01 -3.911474e-02 -4.921150e+01
8.028939e-01 6.031252e-02 5.930630e-01 1.545581e+02 -5.872538e-01 -9.094085e-02 8.042778e-01 -2.279237e+00 1.024417e-01 -9.940283e-01 -3.759709e-02 -4.891469e+01
8.044521e-01 -5.853636e-01 1.010265e-01 1.545217e+02 5.698779e-02 -9.323705e-02 -9.940117e-01 -2.284124e+00 5.912777e-01 8.053920e-01 -4.164617e-02 -4.863685e+01
8.053559e-01 5.855737e-02 5.898923e-01 1.545068e+02 -5.838667e-01 -9.366977e-02 8.064277e-01 -2.292810e+00 1.024774e-01 -9.938798e-01 -4.124780e-02 -4.844361e+01
8.061875e-01 -5.828668e-01 1.016271e-01 1.544603e+02 5.754809e-02 -9.370278e-02 -9.939356e-01 -2.298093e+00 5.888548e-01 8.071469e-01 -4.199914e-02 -4.813601e+01
8.071708e-01 5.955730e-02 5.873059e-01 1.544141e+02 -5.810982e-01 -9.498508e-02 8.082714e-01 -2.303597e+00 1.039238e-01 -9.936955e-01 -4.206055e-02 -4.785695e+01
8.082781e-01 -5.800785e-01 1.009725e-01 1.543859e+02 5.586360e-02 -9.516386e-02 -9.938929e-01 -2.310269e+00 5.861448e-01 8.089826e-01 -4.451359e-02 -4.760906e+01
8.105699e-01 5.721717e-02 5.828401e-01 1.543657e+02 -5.766921e-01 -9.534088e-02 8.113793e-01 -2.316622e+00 1.019933e-01 -9.937989e-01 -4.428376e-02 -4.737571e+01
8.119355e-01 -5.743819e-01 1.041449e-01 1.542974e+02 5.854757e-02 -9.738037e-02 -9.935237e-01 -2.321115e+00 5.808037e-01 8.127745e-01 -4.543791e-02 -4.705008e+01
8.133869e-01 6.183831e-02 5.784270e-01 1.542511e+02 -5.719598e-01 -9.639454e-02 8.145981e-01 -2.324619e+00 1.061306e-01 -9.934204e-01 -4.303703e-02 -4.675319e+01
8.146500e-01 -5.705969e-01 1.037523e-01 1.542498e+02 5.879169e-02 -9.672480e-02 -9.935733e-01 -2.333632e+00 5.769653e-01 8.155142e-01 -4.525050e-02 -4.658206e+01
8.162139e-01 6.018191e-02 5.746069e-01 1.542364e+02 -5.681351e-01 -9.708173e-02 8.171888e-01 -2.341136e+00 1.049638e-01 -9.934552e-01 -4.504799e-02 -4.639362e+01
8.172730e-01 -5.671019e-01 1.022753e-01 1.542287e+02 5.683686e-02 -9.728899e-02 -9.936319e-01 -2.349446e+00 5.734408e-01 8.178816e-01 -4.727938e-02 -4.622889e+01
8.189584e-01 5.818229e-02 5.708958e-01 1.542232e+02 -5.644623e-01 -9.756551e-02 8.196727e-01 -2.357916e+00 1.033902e-01 -9.935269e-01 -4.706038e-02 -4.606451e+01
8.219911e-01 -5.599301e-01 1.039658e-01 1.542911e+02 5.775762e-02 -9.965112e-02 -9.933447e-01 -2.369296e+00 5.665639e-01 8.225253e-01 -4.957210e-02 -4.599227e+01
8.198055e-01 5.279794e-02 5.702028e-01 1.543911e+02 -5.645892e-01 -9.187924e-02 8.202422e-01 -2.380244e+00 9.569690e-02 -9.943694e-01 -4.551396e-02 -4.594475e+01
8.202455e-01 -5.641395e-01 9.457239e-02 1.544061e+02 4.914686e-02 -9.521653e-02 -9.942426e-01 -2.389697e+00 5.698964e-01 8.201710e-01 -5.037525e-02 -4.581718e+01
8.222657e-01 4.893123e-02 5.669963e-01 1.543885e+02 -5.612689e-01 -9.502520e-02 8.221602e-01 -2.397478e+00 9.410825e-02 -9.942716e-01 -5.067239e-02 -4.561570e+01
8.227884e-01 -5.614832e-01 8.806746e-02 1.544205e+02 4.300119e-02 -9.300905e-02 -9.947363e-01 -2.405784e+00 5.667188e-01 8.222445e-01 -5.238233e-02 -4.546302e+01
8.258951e-01 4.342268e-02 5.621493e-01 1.544039e+02 -5.569215e-01 -9.270338e-02 8.253754e-01 -2.412098e+00 8.795315e-02 -9.947465e-01 -5.238024e-02 -4.521727e+01
8.267448e-01 -5.558034e-01 8.703794e-02 1.543170e+02 4.243442e-02 -9.266278e-02 -9.947929e-01 -2.414833e+00 5.609745e-01 8.261333e-01 -5.302327e-02 -4.485810e+01
8.274142e-01 4.359528e-02 5.598975e-01 1.542334e+02 -5.545865e-01 -9.355586e-02 8.268501e-01 -2.417826e+00 8.842846e-02 -9.946591e-01 -5.323209e-02 -4.450381e+01
8.284245e-01 -5.529432e-01 8.925628e-02 1.541342e+02 4.420681e-02 -9.431130e-02 -9.945608e-01 -2.418773e+00 5.583535e-01 8.278643e-01 -5.368594e-02 -4.408478e+01
8.296634e-01 4.889277e-02 5.561188e-01 1.540460e+02 -5.502293e-01 -9.678229e-02 8.293858e-01 -2.419578e+00 9.437342e-02 -9.941040e-01 -5.339449e-02 -4.369577e+01
8.367206e-01 -5.385495e-01 9.931242e-02 1.540504e+02 5.240118e-02 -1.017815e-01 -9.934257e-01 -2.428266e+00 5.451171e-01 8.364239e-01 -5.694203e-02 -4.349195e+01
7.966340e-01 -5.697851e-01 -2.017898e-01 1.571083e+02 -4.084962e-02 -3.838188e-01 9.225044e-01 -2.387715e+00 -6.030800e-01 -7.266554e-01 -3.290386e-01 -4.466655e+01
1.635526e-01 -3.476108e-01 -9.232645e-01 1.622539e+02 -8.887882e-01 3.542344e-01 -2.908152e-01 -2.389953e+00 4.281425e-01 8.681502e-01 -2.510164e-01 -4.705099e+01
