1.000000e+00 1.197625e-11 1.704638e-10 5.551115e-17 1.197625e-11 1.000000e+00 3.562503e-10 0.000000e+00 1.704638e-10 3.562503e-10 1.000000e+00 2.220446e-16 0.000000e+00 0.000000e+00 0.000000e+00 1.000000e+00
1.974545e-01 2.035976e-01 -9.589368e-01 -7.540286e-02 -4.417067e-02 9.790497e-01 1.987727e-01 2.748078e-02 9.793164e-01 3.108328e-03 2.023108e-01 -5.226785e-01
9.045406e-01 -4.745463e-02 4.237386e-01 -3.033151e-01 7.641969e-02 9.957388e-01 -5.161743e-02 4.872546e-02 -4.194835e-01 7.907203e-02 9.043126e-01 -8.903972e-01
2.158787e-01 1.899701e-01 -9.577619e-01 -6.114479e-01 -1.325985e-02 9.813710e-01 1.916641e-01 7.047730e-02 9.763302e-01 -2.867642e-02 2.143760e-01 -1.218462e+00
9.387220e-01 -1.275055e-02 3.444394e-01 -9.100088e-01 2.882405e-02 9.987191e-01 -4.158510e-02 9.020004e-02 -3.434680e-01 4.896499e-02 9.378871e-01 -1.364256e+00
5.488676e-01 1.135139e-01 -8.281660e-01 -6.266767e-01 -1.340655e-02 9.918047e-01 1.270581e-01 1.007876e-01 8.358018e-01 -5.863524e-02 5.458913e-01 -1.624226e+00
3.090452e-01 -5.604549e-02 9.493945e-01 2.365315e-01 1.381244e-01 9.903229e-01 1.349958e-02 9.453748e-02 -9.409637e-01 1.269626e-01 3.137958e-01 -1.531956e+00
4.074765e-01 1.607641e-01 -8.989537e-01 1.200643e+00 -5.424542e-02 9.869055e-01 1.519047e-01 9.931121e-02 9.116032e-01 -1.313345e-02 4.108615e-01 -1.713537e+00
6.290664e-01 -1.060817e-01 7.700793e-01 1.585764e+00 1.324990e-01 9.907805e-01 2.824776e-02 9.435108e-02 -7.659761e-01 8.426505e-02 6.373225e-01 -1.580426e+00
4.682440e-01 2.698043e-01 -8.413995e-01 1.561264e+00 -1.052170e-01 9.624913e-01 2.500798e-01 7.242785e-02 8.773123e-01 -2.856889e-02 4.790688e-01 -6.403361e-01
7.682121e-01 -1.720112e-01 6.166541e-01 1.613047e+00 2.055227e-01 9.785062e-01 1.691224e-02 5.541143e-02 -6.063090e-01 1.137442e-01 7.870525e-01 -2.637025e-02
5.410261e-01 3.255423e-01 -7.754437e-01 1.944395e+00 -1.489147e-01 9.445560e-01 2.926404e-01 4.038058e-02 8.277169e-01 -4.285109e-02 5.595075e-01 4.493734e-01
8.792713e-01 -1.946255e-01 4.347446e-01 2.208350e+00 2.378645e-01 9.701723e-01 -4.675660e-02 3.143988e-02 -4.126772e-01 1.445220e-01 8.993392e-01 8.314709e-01
8.098416e-01 1.876132e-01 -5.558398e-01 2.171352e+00 -1.083881e-01 9.790223e-01 1.725324e-01 5.011918e-02 5.765489e-01 -7.947749e-02 8.131880e-01 6.796120e-01
9.628055e-01 -1.172920e-01 2.434093e-01 2.307460e+00 1.411089e-01 9.865274e-01 -8.277712e-02 5.762613e-02 -2.304208e-01 1.140455e-01 9.663849e-01 5.703864e-01
9.157405e-01 1.762933e-01 -3.610263e-01 2.885058e+00 -1.126978e-01 9.752249e-01 1.903565e-01 5.789121e-02 3.856404e-01 -1.336303e-01 9.129208e-01 4.780619e-01
8.908258e-01 -1.443583e-01 4.308017e-01 3.670119e+00 2.040756e-01 9.742839e-01 -9.551932e-02 6.184828e-02 -4.059342e-01 1.730072e-01 8.973772e-01 2.618095e-01
9.883822e-01 1.464491e-01 -4.066166e-02 4.188499e+00 -1.397461e-01 9.808369e-01 1.357575e-01 5.413520e-02 5.976401e-02 -1.284980e-01 9.899073e-01 4.093110e-01
8.319950e-01 -2.026650e-01 5.164410e-01 4.576953e+00 2.235656e-01 9.744354e-01 2.222610e-02 3.569372e-02 -5.077429e-01 9.696646e-02 8.560343e-01 8.663403e-01
9.791655e-01 1.824495e-01 -8.914662e-02 5.080355e+00 -1.805500e-01 9.831383e-01 2.899492e-02 2.548476e-02 9.293357e-02 -1.229540e-02 9.955964e-01 1.008007e+00
9.332088e-01 -2.203547e-01 2.838400e-01 5.443720e+00 2.089335e-01 9.753994e-01 7.030459e-02 2.145516e-02 -2.923493e-01 -6.305182e-03 9.562908e-01 9.855139e-01
8.526419e-01 6.956122e-02 5.178446e-01 5.985515e+00 4.104491e-03 9.901759e-01 -1.397669e-01 1.556681e-02 -5.224796e-01 1.212966e-01 8.439800e-01 1.083573e+00
9.034222e-01 -8.734835e-02 4.197601e-01 7.119998e+00 1.848057e-02 9.860511e-01 1.654140e-01 3.331339e-03 -4.283535e-01 -1.416812e-01 8.924347e-01 1.257157e+00
9.986575e-01 2.320982e-02 -4.630829e-02 8.193166e+00 -2.823740e-02 9.934136e-01 -1.110499e-01 -4.316323e-03 4.342584e-02 1.122085e-01 9.927353e-01 1.320441e+00
9.672727e-01 -2.715551e-02 2.522816e-01 9.211705e+00 -1.600597e-02 9.857466e-01 1.674739e-01 -6.471930e-03 -2.532336e-01 -1.660309e-01 9.530511e-01 1.251245e+00
9.995957e-01 -8.195288e-03 -2.722708e-02 1.030672e+01 5.127175e-03 9.938182e-01 -1.109015e-01 -8.356144e-03 2.796764e-02 1.107171e-01 9.934584e-01 1.186681e+00
6.667286e-01 -3.937039e-02 7.442600e-01 1.139902e+01 -4.898710e-02 9.941295e-01 9.647215e-02 -1.949317e-02 -7.436890e-01 -1.007799e-01 6.608859e-01 1.241751e+00
9.943732e-01 -1.006539e-01 -3.302498e-02 1.256150e+01 9.813391e-02 9.926616e-01 -7.065920e-02 -2.653293e-02 3.989475e-02 6.702075e-02 9.969537e-01 1.215769e+00
8.457313e-01 6.977166e-02 5.290279e-01 1.339560e+01 -1.025384e-01 9.941880e-01 3.280312e-02 -3.761484e-02 -5.236645e-01 -8.198829e-02 8.479702e-01 1.283128e+00
-8.576530e-02 8.869773e-02 -9.923593e-01 1.337218e+01 -9.564667e-02 9.906960e-01 9.681539e-02 -2.907859e-02 9.917137e-01 1.032193e-01 -7.648370e-02 1.159562e+00
9.867641e-01 -4.842954e-02 -1.547619e-01 1.324288e+01 7.566470e-02 9.816094e-01 1.752648e-01 6.073606e-03 1.434278e-01 -1.846551e-01 9.722813e-01 5.986399e-01
5.503960e-01 2.600345e-01 -7.933766e-01 1.342283e+01 -2.332757e-01 9.603120e-01 1.529163e-01 2.022595e-02 8.016525e-01 1.009109e-01 5.892115e-01 3.686251e-01
9.800325e-01 -1.911844e-01 5.463426e-02 1.347012e+01 1.907669e-01 9.815518e-01 1.280598e-02 2.953232e-02 -5.607466e-02 -2.127871e-03 9.984243e-01 1.585540e-01
3.786519e-01 3.504375e-01 -8.566308e-01 1.334401e+01 -1.273717e-01 9.364718e-01 3.267980e-01 4.820773e-02 9.167329e-01 -1.463213e-02 3.992326e-01 -1.874917e-01
9.923609e-01 -9.148530e-02 8.276661e-02 1.327729e+01 1.021505e-01 9.855036e-01 -1.354543e-01 5.741413e-02 -6.917472e-02 1.428742e-01 9.873205e-01 -3.589707e-01
3.620686e-01 3.021970e-01 -8.818069e-01 1.305402e+01 2.370385e-02 9.427002e-01 3.327980e-01 6.582296e-02 9.318500e-01 -1.413979e-01 3.341589e-01 -4.537821e-01
9.873200e-01 1.022596e-01 -1.214175e-01 1.289408e+01 -1.158698e-01 9.870542e-01 -1.108970e-01 8.272407e-02 1.085054e-01 1.235595e-01 9.863872e-01 -7.845159e-01
3.994812e-01 1.055363e-01 -9.106464e-01 1.291518e+01 1.092132e-01 9.807985e-01 1.615758e-01 9.009681e-02 9.102127e-01 -1.640011e-01 3.802846e-01 -9.114156e-01
9.732008e-01 1.891789e-01 -1.307345e-01 1.279861e+01 -1.816963e-01 9.810641e-01 6.707969e-02 1.087537e-01 1.409490e-01 -4.152802e-02 9.891455e-01 -1.298848e+00
6.608772e-01 -1.715640e-02 -7.502979e-01 1.295813e+01 1.973018e-02 9.997903e-01 -5.482592e-03 1.174647e-01 7.502346e-01 -1.118020e-02 6.610771e-01 -1.554923e+00
8.049768e-01 -5.901538e-03 5.932769e-01 1.326867e+01 -3.997275e-02 9.971391e-01 6.415519e-02 1.124111e-01 -5.919582e-01 -7.535835e-02 8.024379e-01 -1.537215e+00
7.742815e-01 1.703164e-02 -6.326121e-01 1.345858e+01 -2.622729e-02 9.996425e-01 -5.187635e-03 9.997996e-02 6.322976e-01 2.060839e-02 7.744514e-01 -1.327413e+00
9.496572e-01 -1.287182e-02 3.130264e-01 1.357117e+01 -2.553280e-02 9.926520e-01 1.182796e-01 9.202069e-02 -3.122488e-01 -1.203175e-01 9.423505e-01 -1.162329e+00
5.395511e-01 7.814395e-02 -8.383186e-01 1.349399e+01 -1.391210e-01 9.902715e-01 2.768442e-03 1.027105e-01 8.303794e-01 1.151340e-01 5.451736e-01 -1.456403e+00
9.358665e-01 -1.114333e-01 3.342701e-01 1.341782e+01 7.684470e-02 9.903871e-01 1.150138e-01 1.154852e-01 -3.438731e-01 -8.195073e-02 9.354332e-01 -1.845645e+00
7.213486e-01 1.704237e-01 -6.712763e-01 1.347818e+01 -1.678346e-01 9.833760e-01 6.930576e-02 1.089525e-01 6.719284e-01 6.266977e-02 7.379599e-01 -1.711688e+00
9.930461e-01 -1.159102e-01 -2.059535e-02 1.343346e+01 1.169656e-01 9.912670e-01 6.089961e-02 1.129016e-01 1.335660e-02 -6.288507e-02 9.979314e-01 -1.768320e+00
9.915603e-01 -2.616410e-02 1.269787e-01 1.261037e+01 4.343822e-02 9.898600e-01 -1.352417e-01 1.412726e-01 -1.221527e-01 1.396161e-01 9.826424e-01 -1.949772e+00
9.813996e-01 -1.352541e-01 1.362397e-01 1.193759e+01 1.269753e-01 9.895883e-01 6.776581e-02 1.620586e-01 -1.439868e-01 -4.920627e-02 9.883555e-01 -2.054565e+00
4.400137e-01 3.222139e-01 -8.381922e-01 1.214779e+01 -1.798660e-01 9.461166e-01 2.692800e-01 1.611363e-01 8.797933e-01 3.227541e-02 4.742595e-01 -2.070365e+00
9.750511e-01 -1.523174e-01 1.614769e-01 1.221354e+01 1.701158e-01 9.800520e-01 -1.027551e-01 1.755921e-01 -1.426044e-01 1.276612e-01 9.815124e-01 -2.506039e+00
7.144529e-01 3.046996e-01 -6.298533e-01 1.249335e+01 -1.172902e-01 9.396151e-01 3.215067e-01 1.712506e-01 6.897826e-01 -1.558258e-01 7.070490e-01 -2.492290e+00
9.892981e-01 -2.659822e-02 -1.434637e-01 1.245588e+01 2.580188e-03 9.862795e-01 -1.650641e-01 1.706221e-01 1.458857e-01 1.629274e-01 9.757930e-01 -2.477481e+00
9.138125e-02 3.113736e-01 -9.458837e-01 1.193748e+01 1.338605e-01 9.373962e-01 3.215118e-01 1.882603e-01 9.867780e-01 -1.559967e-01 4.397980e-02 -2.325272e+00
9.760250e-01 1.524671e-01 1.553348e-01 1.158681e+01 -1.337929e-01 9.831761e-01 -1.243555e-01 2.029325e-01 -1.716816e-01 1.005913e-01 9.800035e-01 -2.224946e+00
8.474674e-01 -4.219343e-02 -5.291679e-01 1.186186e+01 1.336357e-01 9.816900e-01 1.357433e-01 1.988610e-01 5.137514e-01 -1.857538e-01 8.375888e-01 -2.265162e+00
9.863359e-01 1.644839e-01 -9.303463e-03 1.182582e+01 -1.647058e-01 9.857764e-01 -3.342115e-02 1.993362e-01 3.673892e-03 3.449682e-02 9.993981e-01 -2.337082e+00
6.653280e-01 -1.656036e-02 -7.463675e-01 1.152996e+01 7.194389e-02 9.965231e-01 4.202153e-02 2.063887e-01 7.430765e-01 -8.165468e-02 6.642062e-01 -2.253466e+00
9.911242e-01 1.329316e-01 1.404646e-03 1.128002e+01 -1.319039e-01 9.820364e-01 1.349293e-01 2.073301e-01 1.655696e-02 -1.339170e-01 9.908542e-01 -1.883585e+00
8.724274e-01 -7.108394e-02 -4.835469e-01 1.080483e+01 1.948284e-02 9.936385e-01 -1.109187e-01 2.200239e-01 4.883553e-01 8.734762e-02 8.682623e-01 -1.656935e+00
4.116268e-01 -5.568293e-02 9.096498e-01 9.965371e+00 1.838463e-01 9.826850e-01 -2.303883e-02 2.505410e-01 -8.926164e-01 1.767191e-01 4.147365e-01 -1.803549e+00
9.127154e-01 -5.613864e-02 -4.047210e-01 9.480407e+00 9.760788e-02 9.917953e-01 8.255112e-02 2.614411e-01 3.967661e-01 -1.148496e-01 9.107065e-01 -1.683705e+00
9.189075e-01 6.466207e-02 3.891372e-01 9.450998e+00 -4.269546e-02 9.969815e-01 -6.484528e-02 2.520717e-01 -3.921557e-01 4.297242e-02 9.188946e-01 -1.424516e+00
7.567386e-01 4.006919e-02 -6.524884e-01 9.437776e+00 3.953062e-02 9.934883e-01 1.068565e-01 2.455255e-01 6.525213e-01 -1.066557e-01 7.502270e-01 -1.280043e+00
9.697240e-01 5.394193e-02 2.381714e-01 9.302316e+00 -5.730697e-02 9.983305e-01 7.222021e-03 2.384192e-01 -2.373842e-01 -2.065225e-02 9.711963e-01 -9.006848e-01
6.241424e-01 1.039497e-01 -7.743647e-01 9.192851e+00 -3.337942e-02 9.937527e-01 1.064961e-01 2.310889e-01 7.805973e-01 -4.062085e-02 6.237130e-01 -6.011906e-01
9.877801e-01 -9.278115e-06 1.558541e-01 9.162779e+00 -9.761630e-03 9.980329e-01 6.192719e-02 2.238172e-01 -1.555481e-01 -6.269183e-02 9.858370e-01 -3.133194e-01
5.111997e-01 1.696280e-01 -8.425564e-01 9.285390e+00 -1.026765e-01 9.853625e-01 1.360822e-01 2.206776e-01 8.533068e-01 1.694553e-02 5.211338e-01 -2.374621e-01
9.988858e-01 -4.646800e-02 -8.239610e-03 9.461660e+00 4.687499e-02 9.971489e-01 5.913358e-02 2.224639e-01 5.468299e-03 -5.945392e-02 9.982161e-01 -2.777888e-01
5.357979e-01 2.424650e-01 -8.087838e-01 9.744716e+00 -1.350756e-01 9.701592e-01 2.013596e-01 2.245991e-01 8.334717e-01 1.358915e-03 5.525604e-01 -3.543831e-01
9.672356e-01 -1.118083e-01 2.279348e-01 9.979710e+00 1.149288e-01 9.933736e-01 -4.204792e-04 2.205021e-01 -2.263774e-01 2.660297e-02 9.736763e-01 -3.268170e-01
6.812010e-01 3.045632e-01 -6.657375e-01 9.990025e+00 -1.271491e-01 9.447563e-01 3.021070e-01 1.968267e-01 7.209704e-01 -1.211476e-01 6.822939e-01 6.255705e-01
9.455908e-01 3.927088e-03 -3.253348e-01 9.947677e+00 -2.957092e-03 9.999896e-01 3.475952e-03 1.710636e-01 3.253450e-01 -2.324784e-03 9.455925e-01 1.984694e+00
3.192427e-01 3.082347e-01 -8.961448e-01 9.869631e+00 9.515834e-03 9.445363e-01 3.282692e-01 1.619743e-01 9.476252e-01 -1.133251e-01 2.986032e-01 2.826677e+00
9.770551e-01 8.447617e-02 -1.955177e-01 9.812594e+00 -9.670829e-02 9.938539e-01 -5.386903e-02 1.666990e-01 1.897654e-01 7.154119e-02 9.792196e-01 3.024804e+00
6.904414e-01 7.537795e-02 -7.194504e-01 9.464836e+00 4.017734e-02 9.890252e-01 1.421791e-01 1.760915e-01 7.222717e-01 -1.270719e-01 6.798355e-01 3.155193e+00
9.171157e-01 2.480371e-03 3.986135e-01 9.408410e+00 1.208932e-03 9.999587e-01 -9.003708e-03 1.651245e-01 -3.986194e-01 8.739339e-03 9.170748e-01 3.774081e+00
4.454589e-01 1.964046e-01 -8.734939e-01 9.368778e+00 -6.319373e-02 9.801054e-01 1.881490e-01 1.521871e-01 8.930694e-01 -2.861330e-02 4.490082e-01 4.236927e+00
9.862887e-01 -4.727612e-02 1.581128e-01 9.299484e+00 3.491334e-02 9.961773e-01 8.007431e-02 1.354428e-01 -1.612939e-01 -7.345614e-02 9.841689e-01 5.005511e+00
5.124334e-01 2.890163e-01 -8.086295e-01 9.264108e+00 -1.347188e-01 9.570573e-01 2.566945e-01 1.126392e-01 8.480937e-01 -2.260124e-02 5.293640e-01 6.102409e+00
8.244331e-01 -2.130084e-01 5.243448e-01 9.275525e+00 2.186915e-01 9.744081e-01 5.198974e-02 8.775741e-02 -5.220001e-01 7.180768e-02 8.499174e-01 7.170317e+00
7.943984e-01 2.839005e-01 -5.369653e-01 9.286763e+00 -2.201576e-01 9.585113e-01 1.810712e-01 6.969289e-02 5.660935e-01 -2.562574e-02 8.239427e-01 7.727495e+00
9.472301e-01 -2.192473e-01 2.338500e-01 9.314203e+00 2.227290e-01 9.748095e-01 1.175442e-02 5.413381e-02 -2.305363e-01 4.095103e-02 9.722016e-01 8.204994e+00
8.706016e-01 3.106392e-01 -3.815182e-01 9.500640e+00 -2.492495e-01 9.470645e-01 2.023449e-01 3.512029e-02 4.241786e-01 -8.106861e-02 9.019426e-01 8.673880e+00
9.769193e-01 -2.111450e-01 3.234850e-02 9.513359e+00 2.121073e-01 9.767884e-01 -2.991446e-02 1.545629e-02 -2.528135e-02 3.608537e-02 9.990289e-01 9.344600e+00
7.927477e-01 3.516422e-01 -4.978944e-01 9.428186e+00 -2.054384e-01 9.231673e-01 3.248957e-01 2.065669e-04 5.738869e-01 -1.552737e-01 8.040795e-01 1.013655e+01
9.873105e-01 -1.552913e-01 3.320579e-02 9.307231e+00 1.586989e-01 9.723856e-01 -1.711164e-01 -9.473349e-03 -5.715942e-03 1.742147e-01 9.846911e-01 1.069494e+01
9.442671e-01 2.232682e-01 -2.418905e-01 9.264541e+00 -1.367462e-01 9.344758e-01 3.287180e-01 -2.448402e-02 2.994331e-01 -2.773199e-01 9.129258e-01 1.132635e+01
9.907762e-01 -1.141892e-01 7.296136e-02 9.286454e+00 1.264341e-01 9.727089e-01 -1.945556e-01 -4.360641e-02 -4.875400e-02 2.019859e-01 9.781742e-01 1.198928e+01
9.891575e-01 1.307173e-01 -6.693597e-02 9.350993e+00 -1.105444e-01 9.627885e-01 2.466134e-01 -5.076178e-02 9.668183e-02 -2.365401e-01 9.667996e-01 1.217460e+01
9.904957e-01 -1.187457e-01 6.940960e-02 9.870775e+00 1.319175e-01 9.630012e-01 -2.350033e-01 -4.292448e-02 -3.893590e-02 2.419261e-01 9.695132e-01 1.182695e+01
9.805653e-01 1.415832e-01 1.358156e-01 1.065520e+01 -1.738452e-01 9.478894e-01 2.669897e-01 -4.760398e-02 -9.093695e-02 -2.854117e-01 9.540810e-01 1.181097e+01
9.851990e-01 -1.713531e-01 4.590482e-03 1.141454e+01 1.682755e-01 9.617091e-01 -2.163307e-01 -4.939079e-02 3.265422e-02 2.139012e-01 9.763094e-01 1.181421e+01
9.790742e-01 1.897084e-01 -7.365022e-02 1.195414e+01 -1.595156e-01 9.401518e-01 3.011137e-01 -5.131665e-02 1.263662e-01 -2.830643e-01 9.507398e-01 1.195148e+01
7.226659e-01 -4.494585e-03 -6.911829e-01 1.213863e+01 -1.586855e-01 9.721902e-01 -1.722355e-01 -4.704630e-02 6.727354e-01 2.341494e-01 7.018555e-01 1.182130e+01
9.838669e-01 -8.035668e-02 -1.598399e-01 1.234542e+01 1.257555e-01 9.461119e-01 2.984255e-01 -4.142311e-02 1.272460e-01 -3.137117e-01 9.409535e-01 1.165485e+01
6.584601e-01 3.025385e-01 -6.891304e-01 1.242909e+01 -3.542729e-01 9.324539e-01 7.085540e-02 -4.441352e-02 6.640188e-01 1.974848e-01 7.211649e-01 1.178525e+01
8.857418e-01 -2.296399e-01 -4.033944e-01 1.234574e+01 2.558967e-01 9.666345e-01 1.160275e-02 -4.205838e-02 3.872705e-01 -1.135043e-01 9.149526e-01 1.189167e+01
8.457631e-01 3.748433e-01 -3.797068e-01 1.249031e+01 -2.903573e-01 9.203926e-01 2.618588e-01 -4.121936e-02 4.476353e-01 -1.112199e-01 8.872726e-01 1.185633e+01
9.519868e-01 -2.515858e-01 1.744295e-01 1.344194e+01 2.706198e-01 9.579611e-01 -9.526536e-02 -4.177010e-02 -1.431293e-01 1.378954e-01 9.800504e-01 1.180359e+01
6.005933e-04 4.862256e-01 -8.738331e-01 1.424452e+01 7.632140e-02 8.712623e-01 4.848475e-01 -2.019283e-02 9.970831e-01 -6.698337e-02 -3.658614e-02 1.140423e+01
9.950394e-01 5.582215e-02 8.234316e-02 1.440201e+01 -3.202763e-02 9.634146e-01 -2.660951e-01 -4.679570e-03 -9.418460e-02 2.621378e-01 9.604234e-01 1.137350e+01
5.216829e-01 1.741011e-01 -8.351861e-01 1.426931e+01 1.842274e-01 9.328700e-01 3.095382e-01 -8.698736e-03 8.330109e-01 -3.153450e-01 4.545881e-01 1.175922e+01
9.672179e-01 2.135444e-01 1.374351e-01 1.438485e+01 -1.896860e-01 9.673466e-01 -1.681065e-01 -6.295901e-03 -1.688455e-01 1.365261e-01 9.761413e-01 1.186926e+01
4.258568e-01 2.956940e-02 -9.043073e-01 1.505115e+01 2.010950e-01 9.713743e-01 1.264622e-01 -1.053501e-02 8.821603e-01 -2.357065e-01 4.077201e-01 1.224791e+01
9.768349e-01 1.826616e-01 1.114825e-01 1.520126e+01 -2.002565e-01 9.639309e-01 1.753128e-01 -3.344112e-02 -7.543854e-02 -1.935768e-01 9.781805e-01 1.351744e+01
6.808431e-02 7.926037e-02 -9.945262e-01 1.491596e+01 -1.845314e-01 9.806402e-01 6.552086e-02 -2.707696e-02 9.804655e-01 1.790604e-01 8.139224e-02 1.413330e+01
9.613261e-01 -2.112316e-01 1.767296e-01 1.461581e+01 1.703003e-01 9.602162e-01 2.213205e-01 -2.211842e-02 -2.164485e-01 -1.826640e-01 9.590536e-01 1.470808e+01
4.395518e-01 4.199941e-01 -7.939768e-01 1.455495e+01 -3.052735e-01 9.011816e-01 3.077009e-01 -4.808138e-02 8.447499e-01 1.071296e-01 5.243290e-01 1.615465e+01
9.540970e-01 -2.973757e-01 3.558948e-02 1.463767e+01 2.980475e-01 9.544295e-01 -1.523113e-02 -7.011942e-02 -2.943828e-02 2.513933e-02 9.992504e-01 1.721709e+01
5.402806e-01 4.882648e-01 -6.853425e-01 1.458652e+01 -2.166373e-01 8.676992e-01 4.473996e-01 -7.811295e-02 8.131206e-01 -9.325056e-02 5.745774e-01 1.762144e+01
9.796052e-01 -1.785816e-01 9.209933e-02 1.432103e+01 1.986574e-01 9.295575e-01 -3.105769e-01 -6.427091e-02 -3.014830e-02 3.225390e-01 9.460759e-01 1.753441e+01
8.772590e-01 2.768101e-01 -3.921643e-01 1.443227e+01 -7.758569e-02 8.880040e-01 4.532431e-01 -6.614756e-02 4.737057e-01 -3.671853e-01 8.004860e-01 1.783521e+01
8.734726e-01 -1.048029e-01 4.754598e-01 1.474531e+01 2.527408e-01 9.322746e-01 -2.588169e-01 -8.536894e-02 -4.161343e-01 3.462375e-01 8.408042e-01 1.836212e+01
7.276000e-01 3.737959e-01 -5.752172e-01 1.477570e+01 -3.094474e-02 8.555375e-01 5.168152e-01 -1.047793e-01 6.853034e-01 -3.582348e-01 6.340561e-01 1.919648e+01
9.327853e-01 -4.327901e-02 3.578247e-01 1.479220e+01 1.701846e-01 9.280156e-01 -3.313973e-01 -1.221038e-01 -3.177244e-01 3.700188e-01 8.730048e-01 1.992757e+01
7.366265e-03 4.299046e-01 -9.028442e-01 1.507048e+01 2.967246e-01 8.612643e-01 4.125266e-01 -1.273203e-01 9.549347e-01 -2.709349e-01 -1.212190e-01 2.025297e+01
8.853882e-01 2.429294e-01 3.963244e-01 1.558097e+01 -1.310026e-01 9.484207e-01 -2.886804e-01 -1.213731e-01 -4.460113e-01 2.036747e-01 8.715449e-01 2.015388e+01
2.265880e-01 1.366458e-02 -9.738948e-01 1.595788e+01 2.600973e-01 9.627409e-01 7.402274e-02 -1.129466e-01 9.386199e-01 -2.700800e-01 2.145914e-01 1.992978e+01
9.515682e-01 2.902967e-01 1.012220e-01 1.607913e+01 -3.007788e-01 9.472064e-01 1.110501e-01 -1.001224e-01 -6.364063e-02 -1.361171e-01 9.886465e-01 1.964389e+01
8.714136e-01 -2.381669e-01 -4.288529e-01 1.722748e+01 1.710930e-01 9.668950e-01 -1.893181e-01 -7.547472e-02 4.597450e-01 9.160064e-02 8.833141e-01 1.898928e+01
5.954277e-01 1.893643e-01 7.807733e-01 1.905944e+01 -2.059609e-01 9.753270e-01 -7.948179e-02 -4.357730e-02 -7.765603e-01 -1.134831e-01 6.197384e-01 1.819996e+01
7.776295e-01 -2.370453e-01 -5.823245e-01 2.039978e+01 2.431431e-01 9.675220e-01 -6.915605e-02 -2.805356e-02 5.798049e-01 -8.781041e-02 8.100096e-01 1.773586e+01
7.277363e-01 3.678294e-01 -5.788795e-01 2.090313e+01 -1.470372e-01 9.080714e-01 3.921560e-01 -4.405916e-03 6.699105e-01 -2.002694e-01 7.149211e-01 1.713474e+01
8.532299e-01 -1.381888e-02 -5.213518e-01 2.073647e+01 -1.391098e-01 9.574023e-01 -2.530401e-01 2.782503e-02 5.026402e-01 2.884265e-01 8.149620e-01 1.651689e+01
9.928409e-01 -9.475492e-02 -7.272181e-02 2.045812e+01 1.131573e-01 9.410845e-01 3.186776e-01 3.561693e-02 3.824110e-02 -3.246251e-01 9.450694e-01 1.653151e+01
6.413757e-01 2.865943e-01 -7.116887e-01 2.033515e+01 -3.790480e-01 9.248630e-01 3.083974e-02 3.661793e-02 6.670531e-01 2.499843e-01 7.018177e-01 1.658505e+01
8.998649e-01 -2.959119e-01 -3.204360e-01 2.050252e+01 3.168644e-01 9.483668e-01 1.405030e-02 5.173170e-02 2.997332e-01 -1.141782e-01 9.471660e-01 1.628387e+01
6.441110e-01 4.589353e-01 -6.119636e-01 2.094107e+01 -2.749336e-01 8.854594e-01 3.746642e-01 6.883542e-02 7.138155e-01 -7.307596e-02 6.965108e-01 1.588910e+01
8.432100e-01 -1.807415e-01 -5.062899e-01 2.113205e+01 -2.255586e-03 9.405891e-01 -3.395395e-01 1.178230e-01 5.375796e-01 2.874450e-01 7.927064e-01 1.473492e+01
6.202610e-01 1.233464e-01 -7.746367e-01 2.171485e+01 2.435683e-01 9.084549e-01 3.396825e-01 1.748514e-01 7.456211e-01 -3.993688e-01 5.334358e-01 1.340692e+01
8.080663e-01 3.617252e-01 -4.649556e-01 2.245289e+01 -4.002294e-01 9.162526e-01 1.724844e-02 2.100638e-01 4.322560e-01 1.721510e-01 8.851659e-01 1.263371e+01
7.598143e-01 -2.237274e-01 -6.104328e-01 2.317163e+01 2.582190e-01 9.655407e-01 -3.246779e-02 2.210334e-01 5.966617e-01 -1.329559e-01 7.914023e-01 1.238148e+01
8.534948e-01 3.958666e-01 -3.388751e-01 2.374080e+01 -2.760045e-01 8.950139e-01 3.503878e-01 2.278273e-01 4.420048e-01 -2.055231e-01 8.731506e-01 1.225048e+01
5.873045e-01 -1.388515e-01 -7.973667e-01 2.437832e+01 -1.612838e-01 9.453383e-01 -2.834133e-01 2.792957e-01 7.931336e-01 2.950522e-01 5.328069e-01 1.093328e+01
7.054938e-01 -4.463092e-02 -7.073094e-01 2.483633e+01 3.083594e-01 9.179274e-01 2.496471e-01 3.441137e-01 6.381167e-01 -3.942300e-01 6.613545e-01 9.506035e+00
4.246677e-01 5.288991e-01 -7.347946e-01 2.486138e+01 -3.562834e-01 8.437567e-01 4.014184e-01 3.785327e-01 8.322977e-01 9.132570e-02 5.467542e-01 8.919920e+00
6.120670e-01 -1.585179e-01 -7.747555e-01 2.480514e+01 -8.422876e-02 9.610631e-01 -2.631790e-01 4.121019e-01 7.863075e-01 2.263399e-01 5.748832e-01 8.485966e+00
5.098566e-01 1.583946e-01 -8.455516e-01 2.480938e+01 3.088513e-01 8.836685e-01 3.517682e-01 4.302525e-01 8.029054e-01 -4.405010e-01 4.016238e-01 8.471939e+00
9.027854e-01 4.012357e-01 -1.548819e-01 2.513452e+01 -4.099154e-01 9.117097e-01 -2.747400e-02 4.230185e-01 1.301837e-01 8.829159e-02 9.875509e-01 8.709955e+00
7.885001e-01 -4.308167e-01 4.389357e-01 2.565155e+01 3.137321e-01 8.955855e-01 3.154343e-01 3.964399e-01 -5.289988e-01 -1.110118e-01 8.413303e-01 9.205995e+00
9.457326e-01 3.217377e-01 -4.554860e-02 2.622195e+01 -3.227359e-01 9.137063e-01 -2.469459e-01 3.727350e-01 -3.783377e-02 2.482450e-01 9.679582e-01 9.642568e+00
9.388607e-01 -2.445016e-01 -2.424038e-01 2.656816e+01 3.099909e-01 9.066633e-01 2.861245e-01 3.581868e-01 1.498207e-01 -3.437740e-01 9.270238e-01 9.858834e+00
8.384035e-01 4.191083e-01 -3.484648e-01 2.675414e+01 -4.455654e-01 8.952371e-01 4.699843e-03 3.458790e-01 3.139283e-01 1.513235e-01 9.373101e-01 1.017456e+01
9.002157e-01 -4.324245e-01 5.119311e-02 2.687317e+01 4.083338e-01 8.791495e-01 2.456819e-01 3.115035e-01 -1.512453e-01 -2.002628e-01 9.679978e-01 1.132338e+01
9.093346e-01 3.970807e-01 1.242477e-01 2.704238e+01 -3.758729e-01 9.120583e-01 -1.639184e-01 2.812964e-01 -1.784100e-01 1.023553e-01 9.786180e-01 1.236395e+01
8.941333e-01 -4.469008e-01 2.837725e-02 2.717350e+01 4.315279e-01 8.768371e-01 2.119913e-01 2.827484e-01 -1.196213e-01 -1.773029e-01 9.768595e-01 1.232576e+01
8.674251e-01 4.355355e-01 -2.405878e-01 2.728431e+01 -4.610993e-01 8.853349e-01 -5.974649e-02 2.832796e-01 1.869791e-01 1.627605e-01 9.687868e-01 1.246047e+01
8.536133e-01 -4.157239e-01 -3.138757e-01 2.744475e+01 4.406653e-01 8.976208e-01 9.543176e-03 2.888326e-01 2.777740e-01 -1.464603e-01 9.494161e-01 1.244386e+01
8.806496e-01 4.622946e-01 1.036339e-01 2.762308e+01 -4.697707e-01 8.804275e-01 6.452067e-02 2.743761e-01 -6.141455e-02 -1.055043e-01 9.925206e-01 1.285432e+01
8.761618e-01 -4.116354e-01 -2.507923e-01 2.772178e+01 3.998126e-01 9.112468e-01 -9.888998e-02 2.621142e-01 2.692403e-01 -1.362629e-02 9.629766e-01 1.314977e+01
8.946583e-01 4.465549e-01 -1.323652e-02 2.795304e+01 -4.345496e-01 8.767191e-01 2.062287e-01 2.584610e-01 1.036972e-01 -1.787523e-01 9.784143e-01 1.311071e+01
8.772220e-01 -4.374190e-01 1.978541e-01 2.820191e+01 4.512652e-01 8.919221e-01 -2.889000e-02 2.377836e-01 -1.638334e-01 1.146276e-01 9.798057e-01 1.354488e+01
8.935914e-01 4.440546e-01 6.565020e-02 2.839353e+01 -4.486630e-01 8.881139e-01 9.977547e-02 2.178160e-01 -1.399910e-02 -1.186133e-01 9.928418e-01 1.410561e+01
8.493083e-01 -3.893325e-01 -3.565046e-01 2.849891e+01 3.471344e-01 9.206770e-01 -1.784701e-01 2.123261e-01 3.977099e-01 2.782116e-02 9.170893e-01 1.426377e+01
8.957988e-01 4.144781e-01 -1.604753e-01 2.861305e+01 -3.335718e-01 8.655629e-01 3.735380e-01 2.126195e-01 2.937248e-01 -2.810849e-01 9.136285e-01 1.432997e+01
8.219598e-01 -1.834697e-01 -5.391854e-01 2.858208e+01 -9.320546e-03 9.422343e-01 -3.348247e-01 2.098190e-01 5.694692e-01 2.802380e-01 7.727687e-01 1.440533e+01
9.498797e-01 8.943149e-02 -2.995507e-01 2.884085e+01 6.387492e-02 8.824699e-01 4.660116e-01 2.203748e-01 3.060206e-01 -4.617887e-01 8.325278e-01 1.417743e+01
4.819868e-01 2.729233e-01 -8.325873e-01 2.911320e+01 -4.657719e-01 8.846706e-01 2.035978e-02 2.407905e-01 7.421221e-01 3.779826e-01 5.535195e-01 1.374735e+01
7.398199e-01 -3.297688e-01 -5.864461e-01 2.934590e+01 3.610316e-01 9.301031e-01 -6.756056e-02 2.694088e-01 5.677347e-01 -1.617429e-01 8.071657e-01 1.328822e+01
8.305913e-01 4.729546e-01 -2.939931e-01 2.968706e+01 -3.523276e-01 8.551337e-01 3.802783e-01 2.839527e-01 4.312578e-01 -2.122740e-01 8.769016e-01 1.301461e+01
9.080828e-01 -4.094316e-01 8.804224e-02 2.939432e+01 4.126062e-01 8.386826e-01 -3.554822e-01 3.105226e-01 7.170615e-02 3.591340e-01 9.305273e-01 1.274429e+01
9.786156e-01 1.726154e-01 -1.118723e-01 2.859134e+01 -1.316648e-01 9.435117e-01 3.040560e-01 3.760678e-01 1.580376e-01 -2.828243e-01 9.460626e-01 1.223445e+01
9.312317e-01 -2.712207e-01 -2.434069e-01 2.800365e+01 1.596925e-01 9.040720e-01 -3.964241e-01 4.279201e-01 3.275758e-01 3.302924e-01 8.852124e-01 1.176534e+01
9.711845e-01 1.428432e-01 -1.907785e-01 2.799629e+01 -4.586609e-02 8.975422e-01 4.385365e-01 4.565002e-01 2.338737e-01 -4.171496e-01 8.782308e-01 1.149414e+01
7.276651e-01 5.084818e-02 -6.840453e-01 2.798100e+01 -2.978789e-01 9.217303e-01 -2.483575e-01 4.862413e-01 6.178767e-01 3.844838e-01 6.858576e-01 1.093108e+01
9.243371e-01 -3.079926e-01 2.252589e-01 2.806059e+01 2.093239e-01 9.028653e-01 3.755233e-01 4.987915e-01 -3.190368e-01 -2.999580e-01 8.990221e-01 1.076303e+01
9.220917e-01 1.559360e-01 -3.541621e-01 2.791210e+01 -2.614770e-01 9.257454e-01 -2.731764e-01 5.083400e-01 2.852659e-01 3.444989e-01 8.943958e-01 1.079931e+01
8.231271e-01 -3.463105e-01 4.500343e-01 2.786771e+01 1.905077e-01 9.149930e-01 3.556608e-01 5.209921e-01 -5.349473e-01 -2.070190e-01 8.191303e-01 1.078680e+01
9.750898e-01 4.425929e-02 2.173502e-01 2.820137e+01 4.011004e-02 9.285529e-01 -3.690266e-01 5.157909e-01 -2.181540e-01 3.685520e-01 9.036472e-01 1.091781e+01
9.830279e-01 -2.287065e-02 -1.820250e-01 2.842995e+01 9.283733e-02 9.177936e-01 3.860521e-01 5.269646e-01 1.582321e-01 -3.963987e-01 9.043399e-01 1.072548e+01
8.844834e-01 8.065900e-02 -4.595467e-01 2.838926e+01 -2.305569e-01 9.318450e-01 -2.801937e-01 5.602997e-01 4.056262e-01 3.537783e-01 8.427979e-01 1.007660e+01
9.061311e-01 -2.640156e-01 -3.304877e-01 2.844650e+01 3.401896e-01 9.191833e-01 1.984267e-01 6.100288e-01 2.513910e-01 -2.922291e-01 9.227160e-01 9.258805e+00
7.171058e-01 3.777383e-01 -5.857244e-01 2.876807e+01 -3.947266e-01 9.127371e-01 1.053654e-01 6.588942e-01 5.744129e-01 1.556428e-01 8.036324e-01 8.274158e+00
6.828605e-01 -2.843915e-01 -6.729212e-01 2.921550e+01 1.968937e-01 9.586770e-01 -2.053564e-01 7.123033e-01 7.035157e-01 7.735791e-03 7.106376e-01 7.198246e+00
8.865155e-01 2.912326e-01 -3.595468e-01 2.978065e+01 -1.245343e-01 8.985718e-01 4.207849e-01 7.507776e-01 4.456249e-01 -3.282564e-01 8.328662e-01 6.388908e+00
5.711392e-01 3.915655e-02 -8.199188e-01 3.003484e+01 -3.095109e-01 9.354074e-01 -1.709272e-01 7.932079e-01 7.602651e-01 3.513970e-01 5.463672e-01 5.392956e+00
7.969924e-01 -2.566887e-01 -5.467303e-01 2.965259e+01 3.564659e-01 9.306409e-01 8.270174e-02 8.622332e-01 4.875810e-01 -2.608034e-01 8.332145e-01 4.243548e+00
9.484533e-01 2.402104e-01 -2.067250e-01 2.880317e+01 -2.667837e-01 9.572638e-01 -1.116804e-01 9.353289e-01 1.710635e-01 1.610745e-01 9.720043e-01 3.404105e+00
3.228539e-01 -2.597492e-01 -9.101075e-01 2.824848e+01 2.108157e-01 9.571806e-01 -1.983987e-01 1.020484e+00 9.226712e-01 -1.278112e-01 3.637887e-01 2.257894e+00
8.818858e-01 2.890960e-01 -3.724256e-01 2.885873e+01 -1.091624e-01 8.936780e-01 4.352278e-01 1.080264e+00 4.586512e-01 -3.431664e-01 8.196804e-01 1.022786e+00
8.780106e-01 -2.941864e-02 -4.777363e-01 3.011320e+01 -1.553729e-01 9.265411e-01 -3.426088e-01 1.123601e+00 4.527214e-01 3.750415e-01 8.089421e-01 -1.171724e-02
7.777401e-01 -4.530083e-02 -6.269515e-01 3.095779e+01 2.955076e-01 9.066602e-01 3.010689e-01 1.161809e+00 5.547933e-01 -4.194223e-01 7.185327e-01 -9.692157e-01
7.154552e-01 4.097173e-01 -5.659113e-01 3.145756e+01 -4.456107e-01 8.914591e-01 8.204759e-02 1.207405e+00 5.381031e-01 1.934748e-01 8.203734e-01 -2.091926e+00
7.173550e-01 -3.692009e-01 -5.908406e-01 3.159526e+01 2.784813e-01 9.293012e-01 -2.425848e-01 1.253962e+00 6.386314e-01 9.481387e-03 7.694544e-01 -3.001822e+00
8.174526e-01 3.926234e-01 -4.214477e-01 3.174913e+01 -1.449064e-01 8.483330e-01 5.092478e-01 1.280792e+00 5.574706e-01 -3.552155e-01 7.503656e-01 -3.585566e+00
7.175755e-01 1.419898e-02 -6.963360e-01 3.187442e+01 -2.988765e-01 9.093356e-01 -2.894504e-01 1.310302e+00 6.290932e-01 4.158210e-01 6.567607e-01 -4.271602e+00
7.635711e-01 -1.810475e-01 -6.198234e-01 3.208362e+01 3.829561e-01 8.998283e-01 2.089346e-01 1.352164e+00 5.199075e-01 -3.969015e-01 7.564161e-01 -5.251319e+00
5.696107e-01 5.043417e-01 -6.489862e-01 3.247730e+01 -4.265458e-01 8.563393e-01 2.911040e-01 1.401518e+00 7.025684e-01 1.110064e-01 7.029049e-01 -6.407451e+00
8.119195e-01 -3.265598e-01 -4.838857e-01 3.315090e+01 1.807152e-01 9.287823e-01 -3.235823e-01 1.443236e+00 5.550934e-01 1.752773e-01 8.131108e-01 -7.367850e+00
8.930950e-01 2.538944e-01 -3.713745e-01 3.395565e+01 -6.157344e-02 8.867376e-01 4.581541e-01 1.478475e+00 4.456345e-01 -3.863084e-01 8.075740e-01 -8.255483e+00
6.342689e-01 4.848339e-02 -7.715908e-01 3.487571e+01 -3.390793e-01 9.143639e-01 -2.212779e-01 1.529531e+00 6.947865e-01 4.019801e-01 5.963923e-01 -9.476417e+00
8.085437e-01 -2.510868e-01 -5.321771e-01 3.569943e+01 3.860965e-01 9.088628e-01 1.577904e-01 1.576545e+00 4.440569e-01 -3.330522e-01 8.317991e-01 -1.058158e+01
6.330995e-01 4.853959e-01 -6.029726e-01 3.647058e+01 -4.080618e-01 8.712174e-01 2.728841e-01 1.621274e+00 6.577770e-01 7.328735e-02 7.496388e-01 -1.165247e+01
8.201466e-01 -3.386354e-01 -4.611785e-01 3.706415e+01 1.932277e-01 9.226160e-01 -3.338303e-01 1.664320e+00 5.385375e-01 1.846773e-01 8.221142e-01 -1.271677e+01
6.681561e-01 3.084963e-01 -6.770506e-01 3.754855e+01 1.053043e-01 8.616173e-01 4.965145e-01 1.708731e+00 7.365314e-01 -4.030455e-01 5.432088e-01 -1.377525e+01
9.756284e-01 1.678062e-01 -1.413871e-01 3.772070e+01 -2.081501e-01 9.116736e-01 -3.542947e-01 1.722776e+00 6.944602e-02 3.750897e-01 9.243836e-01 -1.412709e+01
2.132789e-01 2.697251e-02 -9.766190e-01 3.782674e+01 3.830765e-01 9.172640e-01 1.089914e-01 1.734209e+00 8.987572e-01 -3.973653e-01 1.853005e-01 -1.416879e+01
8.232192e-01 4.591509e-01 -3.339020e-01 3.821619e+01 -3.751396e-01 8.813845e-01 2.871093e-01 1.774304e+00 4.261225e-01 -1.110940e-01 8.978183e-01 -1.496174e+01
3.613387e-01 -2.313446e-01 -9.032796e-01 3.875088e+01 -1.423658e-01 9.436863e-01 -2.986439e-01 1.830458e+00 9.215022e-01 2.365077e-01 3.080548e-01 -1.627598e+01
8.691358e-01 -4.860373e-02 -4.921794e-01 3.915893e+01 2.553199e-01 8.963908e-01 3.623469e-01 1.886459e+00 4.235737e-01 -4.405919e-01 7.914949e-01 -1.751701e+01
1.941395e-01 4.636815e-01 -8.644705e-01 3.908575e+01 -4.159444e-01 8.370076e-01 3.555399e-01 1.931670e+00 8.884257e-01 2.905473e-01 3.553620e-01 -1.829265e+01
8.505246e-01 -3.447743e-01 -3.971631e-01 3.924218e+01 2.333081e-01 9.241231e-01 -3.025950e-01 1.969705e+00 4.713546e-01 1.647031e-01 8.664282e-01 -1.905928e+01
6.915129e-01 3.555603e-01 -6.287979e-01 3.984461e+01 2.348031e-02 8.589484e-01 5.115235e-01 2.002424e+00 7.219824e-01 -3.684894e-01 5.856253e-01 -1.979339e+01
8.856404e-01 1.305607e-01 -4.456400e-01 4.026008e+01 -2.801110e-01 9.156133e-01 -2.884269e-01 2.023687e+00 3.703767e-01 3.802712e-01 8.474756e-01 -2.029544e+01
7.177399e-01 -1.398287e-01 -6.821271e-01 4.077469e+01 3.639893e-01 9.104703e-01 1.963560e-01 2.044587e+00 5.936003e-01 -3.892195e-01 7.043770e-01 -2.081470e+01
8.514772e-01 4.380349e-01 -2.882915e-01 4.122146e+01 -4.447772e-01 8.944879e-01 4.543739e-02 2.073570e+00 2.777764e-01 8.953660e-02 9.564640e-01 -2.156847e+01
6.592466e-01 -3.601641e-01 -6.600573e-01 4.187921e+01 2.583588e-01 9.328752e-01 -2.509873e-01 2.114615e+00 7.061477e-01 -5.069132e-03 7.080464e-01 -2.261167e+01
8.098711e-01 3.729150e-01 -4.528170e-01 4.224342e+01 -1.141939e-01 8.573812e-01 5.018538e-01 2.156135e+00 5.753856e-01 -3.547279e-01 7.369528e-01 -2.355521e+01
4.455808e-01 9.340881e-02 -8.903553e-01 4.236570e+01 -4.187900e-01 9.007611e-01 -1.150841e-01 2.205914e+00 7.912476e-01 4.241511e-01 4.404805e-01 -2.457692e+01
4.965334e-01 -2.498040e-01 -8.312957e-01 4.293441e+01 3.670503e-01 9.282828e-01 -5.970917e-02 2.276033e+00 7.865931e-01 -2.754798e-01 5.526140e-01 -2.598655e+01
6.803289e-01 4.881675e-01 -5.466672e-01 4.357325e+01 -2.134790e-01 8.455376e-01 4.893801e-01 2.325642e+00 7.011271e-01 -2.162375e-01 6.794572e-01 -2.698820e+01
7.684544e-01 -5.420097e-02 -6.376050e-01 4.406369e+01 -1.844284e-01 9.353658e-01 -3.017895e-01 2.346006e+00 6.127512e-01 3.495039e-01 7.087898e-01 -2.739454e+01
9.054216e-01 -8.628389e-02 -4.156522e-01 4.462799e+01 2.549855e-01 8.933590e-01 3.699893e-01 2.363250e+00 3.394025e-01 -4.409816e-01 8.308677e-01 -2.784515e+01
7.073953e-01 3.415595e-01 -6.188125e-01 4.563157e+01 -4.527606e-01 8.912636e-01 -2.563155e-02 2.404887e+00 5.427704e-01 2.983056e-01 7.851204e-01 -2.886545e+01
7.630205e-01 -3.539416e-01 -5.408558e-01 4.638588e+01 3.648098e-01 9.265567e-01 -9.168715e-02 2.445421e+00 5.335855e-01 -1.273503e-01 8.361031e-01 -2.979189e+01
6.604511e-01 4.678179e-01 -5.873251e-01 4.728413e+01 -2.003123e-01 8.636197e-01 4.626403e-01 2.490784e+00 7.236569e-01 -1.879028e-01 6.640882e-01 -3.084435e+01
7.284994e-01 -8.537947e-02 -6.797050e-01 4.858470e+01 -1.950298e-01 9.252945e-01 -3.252591e-01 2.553665e+00 6.566978e-01 3.695138e-01 6.574250e-01 -3.224009e+01
7.617277e-01 -9.972526e-02 -6.401764e-01 4.983741e+01 3.397723e-01 9.027977e-01 2.636496e-01 2.612922e+00 5.516572e-01 -4.183434e-01 7.215699e-01 -3.357643e+01
6.536567e-01 4.437928e-01 -6.130097e-01 5.077179e+01 -4.388480e-01 8.821938e-01 1.707237e-01 2.660980e+00 6.165593e-01 1.574234e-01 7.714094e-01 -3.470767e+01
8.866983e-01 -3.670299e-01 -2.811677e-01 5.164257e+01 3.269194e-01 9.277389e-01 -1.800672e-01 2.696060e+00 3.269403e-01 6.774607e-02 9.426137e-01 -3.553233e+01
7.836315e-01 2.832173e-01 5.529102e-01 5.278012e+01 -3.139525e-01 9.485565e-01 -4.091912e-02 2.710947e+00 -5.360556e-01 -1.415220e-01 8.322355e-01 -3.599072e+01
8.872427e-01 -3.569551e-01 -2.922043e-01 5.344916e+01 3.479781e-01 9.337279e-01 -8.404380e-02 2.718096e+00 3.028392e-01 -2.711344e-02 9.526559e-01 -3.634970e+01
6.709820e-01 3.396529e-01 6.591048e-01 5.561966e+01 -2.223127e-01 9.401717e-01 -2.581748e-01 2.761041e+00 -7.073615e-01 2.670328e-02 7.063474e-01 -3.743578e+01
6.056111e-01 -2.789875e-01 -7.452524e-01 5.803299e+01 3.359360e-01 9.386176e-01 -7.838421e-02 2.822813e+00 7.213752e-01 -2.028867e-01 6.621592e-01 -3.879360e+01
8.045261e-01 4.426740e-01 -3.959514e-01 5.806042e+01 -2.810696e-01 8.710790e-01 4.027670e-01 2.856051e+00 5.231995e-01 -2.127466e-01 8.252280e-01 -3.945466e+01
7.411348e-01 -1.446475e-01 -6.555886e-01 5.799823e+01 -1.114529e-01 9.364544e-01 -3.326131e-01 2.883094e+00 6.620404e-01 3.195784e-01 6.779175e-01 -3.994811e+01
8.116973e-01 2.811997e-02 -5.834010e-01 5.815473e+01 2.487964e-01 8.870449e-01 3.889110e-01 2.905733e+00 5.284390e-01 -4.608261e-01 7.130158e-01 -4.042445e+01
8.030984e-01 3.581467e-01 -4.761972e-01 5.878056e+01 -4.438204e-01 8.927994e-01 -7.702329e-02 2.934768e+00 3.975630e-01 2.732033e-01 8.759587e-01 -4.112601e+01
7.840176e-01 -3.690726e-01 -4.991009e-01 5.979039e+01 3.965296e-01 9.163877e-01 -5.475323e-02 2.971448e+00 4.775778e-01 -1.549808e-01 8.648123e-01 -4.204659e+01
8.731118e-01 4.341050e-01 -2.218755e-01 6.164804e+01 -3.973999e-01 8.973598e-01 1.918819e-01 3.031050e+00 2.823991e-01 -7.936105e-02 9.560087e-01 -4.341524e+01
4.512532e-01 -3.076082e-01 -8.377039e-01 6.365679e+01 -3.501840e-02 9.318864e-01 -3.610560e-01 3.115006e+00 8.917086e-01 1.922627e-01 4.097448e-01 -4.529440e+01
8.793228e-01 6.759477e-02 -4.714046e-01 6.459873e+01 1.856756e-01 8.628764e-01 4.700733e-01 3.172330e+00 4.385384e-01 -5.008745e-01 7.461962e-01 -4.652808e+01
7.182372e-01 3.246313e-01 -6.154265e-01 6.460972e+01 -4.814887e-01 8.704032e-01 -1.027954e-01 3.196259e+00 5.022986e-01 3.701524e-01 7.814623e-01 -4.700633e+01
8.567495e-01 -4.095757e-01 -3.134135e-01 6.471983e+01 4.505584e-01 8.901212e-01 6.841970e-02 3.216519e+00 2.509530e-01 -1.998297e-01 9.471487e-01 -4.751783e+01
7.553951e-01 5.274070e-01 -3.888703e-01 6.512436e+01 -4.688885e-01 8.496127e-01 2.414576e-01 3.232454e+00 4.577356e-01 -5.908934e-05 8.890884e-01 -4.796324e+01
8.036912e-01 -4.049034e-01 -4.360434e-01 6.582418e+01 2.656283e-01 8.998494e-01 -3.459953e-01 3.263122e+00 5.324680e-01 1.622479e-01 8.307547e-01 -4.878909e+01
7.825668e-01 3.422123e-01 -5.200768e-01 6.687127e+01 -1.915472e-02 8.482148e-01 5.293059e-01 3.312995e+00 6.222718e-01 -4.042553e-01 6.703398e-01 -4.998523e+01
6.637823e-01 8.294546e-02 -7.433123e-01 6.810599e+01 -3.882683e-01 8.876400e-01 -2.476751e-01 3.379906e+00 6.392502e-01 4.530069e-01 6.214048e-01 -5.153367e+01
4.227765e-01 -2.372291e-01 -8.746327e-01 6.909845e+01 4.300027e-01 9.020765e-01 -3.681980e-02 3.450097e+00 7.977203e-01 -3.605278e-01 4.833859e-01 -5.305358e+01
7.323889e-01 5.228033e-01 -4.362147e-01 6.956917e+01 -3.237619e-01 8.309926e-01 4.523599e-01 3.500415e+00 5.989864e-01 -1.900737e-01 7.778736e-01 -5.416479e+01
5.377735e-01 -1.549392e-01 -8.287300e-01 6.993630e+01 -2.315005e-01 9.180482e-01 -3.218618e-01 3.540504e+00 8.106831e-01 3.649402e-01 4.578335e-01 -5.505216e+01
9.810938e-01 -1.915440e-01 -2.767296e-02 7.040022e+01 1.847542e-01 8.843916e-01 4.286227e-01 3.567951e+00 -5.762639e-02 -4.256318e-01 9.030597e-01 -5.575421e+01
3.936491e-01 3.007038e-01 -8.686873e-01 7.086702e+01 -4.998098e-01 8.631137e-01 7.228367e-02 3.600538e+00 7.715119e-01 4.057240e-01 4.900586e-01 -5.658265e+01
8.107472e-01 -4.232579e-01 -4.044029e-01 7.144394e+01 4.173686e-01 9.023366e-01 -1.076666e-01 3.644557e+00 4.104783e-01 -8.149472e-02 9.082214e-01 -5.759216e+01
4.018448e-01 5.553066e-01 -7.281176e-01 7.196352e+01 -8.464218e-02 8.142628e-01 5.742925e-01 3.691802e+00 9.117875e-01 -1.691470e-01 3.742096e-01 -5.868148e+01
9.415778e-01 -9.625416e-03 -3.366580e-01 7.232400e+01 -1.402725e-01 8.975606e-01 -4.179816e-01 3.732239e+00 3.061942e-01 4.407860e-01 8.437730e-01 -5.963106e+01
1.666565e-01 1.103368e-01 -9.798221e-01 7.242322e+01 4.277040e-01 8.872750e-01 1.726627e-01 3.769134e+00 8.884227e-01 -4.478492e-01 1.006787e-01 -6.040672e+01
8.117186e-01 4.290843e-01 3.962318e-01 7.312240e+01 -3.612440e-01 9.019357e-01 -2.366745e-01 3.800172e+00 -4.589289e-01 4.897672e-02 8.871221e-01 -6.116222e+01
5.994531e-01 -3.148368e-01 -7.358898e-01 7.518412e+01 3.663976e-01 9.253438e-01 -9.742505e-02 3.845651e+00 7.116241e-01 -2.112265e-01 6.700556e-01 -6.224697e+01
