9.999369e-01 -5.697420e-05 -1.123445e-02 7.852397e-01 5.276157e-05 9.999999e-01 -3.752679e-04 -1.360918e-02 1.123447e-02 3.746508e-04 9.999368e-01 -4.109510e-01
9.999925e-01 -1.487845e-04 -3.867149e-03 2.735882e+00 1.447321e-04 9.999994e-01 -1.048166e-03 -5.788602e-02 3.867303e-03 1.047599e-03 9.999920e-01 -3.107363e-01
9.999910e-01 6.560456e-05 -4.252392e-03 3.319736e+00 -6.267983e-05 9.999998e-01 6.879222e-04 -7.340541e-02 4.252436e-03 -6.876502e-04 9.999907e-01 -2.839778e-01
9.999972e-01 -3.024475e-04 -2.337284e-03 3.410733e+00 3.013054e-04 9.999998e-01 -4.889903e-04 -7.015727e-02 2.337432e-03 4.882854e-04 9.999971e-01 -5.878388e-01
9.999948e-01 2.638344e-04 -3.229485e-03 3.399719e+00 -2.618609e-04 9.999998e-01 6.115157e-04 -7.041634e-02 3.229645e-03 -6.106676e-04 9.999946e-01 -7.387409e-01
9.999998e-01 -2.471371e-04 -6.238874e-04 3.398628e+00 2.467633e-04 9.999998e-01 -5.992464e-04 -8.525748e-02 6.240357e-04 5.990930e-04 9.999996e-01 -1.740662e-01
9.999954e-01 2.975852e-04 -3.014213e-03 3.429038e+00 -2.966705e-04 9.999999e-01 3.039263e-04 -1.024986e-01 3.014303e-03 -3.030313e-04 9.999954e-01 1.773005e-01
9.999993e-01 -2.785583e-05 -1.160697e-03 3.382989e+00 2.747048e-05 9.999999e-01 -3.320522e-04 -1.195437e-01 1.160707e-03 3.320208e-04 9.999993e-01 7.526186e-01
9.999963e-01 2.826806e-04 -2.699380e-03 3.212790e+00 -2.816075e-04 9.999999e-01 3.979394e-04 -1.275594e-01 2.699492e-03 -3.971785e-04 9.999963e-01 1.528038e+00
9.999992e-01 1.281253e-05 -1.289153e-03 2.711808e+00 -1.318688e-05 1.000000e+00 -2.904078e-04 -1.192149e-01 1.289149e-03 2.904253e-04 9.999991e-01 2.499435e+00
9.999963e-01 2.041745e-04 -2.709478e-03 2.267654e+00 -2.031858e-04 9.999999e-01 3.651681e-04 -1.042010e-01 2.709552e-03 -3.646169e-04 9.999963e-01 3.521464e+00
9.999970e-01 2.723685e-04 -2.435981e-03 1.859781e+00 -2.722893e-04 1.000000e+00 3.284040e-05 -9.676072e-02 2.435991e-03 -3.217630e-05 9.999970e-01 4.144348e+00
9.999471e-01 -2.896786e-04 -1.028404e-02 2.821886e+00 2.802894e-04 9.999995e-01 -9.144097e-04 -1.112230e-01 1.028430e-02 9.114780e-04 9.999467e-01 3.383762e+00
9.999988e-01 2.401650e-04 -1.542192e-03 3.881529e+00 -2.393772e-04 9.999998e-01 5.109490e-04 -1.276122e-01 1.542315e-03 -5.105785e-04 9.999987e-01 2.867999e+00
9.999880e-01 -8.328732e-05 -4.900986e-03 3.976137e+00 8.079201e-05 9.999999e-01 -5.093276e-04 -1.377861e-01 4.901027e-03 5.089248e-04 9.999879e-01 2.878307e+00
9.999997e-01 7.561060e-04 1.660273e-04 4.616230e+00 -7.560369e-04 9.999996e-01 -4.155109e-04 -1.931887e-01 -1.663411e-04 4.153859e-04 9.999999e-01 4.417956e+00
9.999954e-01 -2.773158e-04 -3.031288e-03 4.833579e+00 2.764724e-04 9.999999e-01 -2.786254e-04 -2.338362e-01 3.031365e-03 2.777853e-04 9.999954e-01 5.791639e+00
9.999999e-01 4.308281e-04 -2.289107e-04 4.800329e+00 -4.308115e-04 9.999999e-01 7.196741e-05 -2.527846e-01 2.289420e-04 -7.186807e-05 1.000000e+00 6.521689e+00
9.999968e-01 -3.410636e-04 -2.517159e-03 4.835506e+00 3.400995e-04 9.999999e-01 -3.833988e-04 -2.765246e-01 2.517289e-03 3.825408e-04 9.999968e-01 7.441218e+00
9.999994e-01 3.816012e-04 9.908823e-04 4.823752e+00 -3.814451e-04 9.999999e-01 -1.576280e-04 -2.981025e-01 -9.909421e-04 1.572506e-04 9.999995e-01 8.671347e+00
9.999909e-01 -1.517741e-04 -4.272520e-03 4.483769e+00 1.517210e-04 1.000000e+00 -1.273954e-05 -3.006463e-01 4.272522e-03 1.209048e-05 9.999909e-01 9.553078e+00
9.999950e-01 4.377475e-04 3.137783e-03 4.692615e+00 -4.343741e-04 9.999993e-01 -1.075669e-03 -3.451037e-01 -3.138252e-03 1.074302e-03 9.999945e-01 1.147863e+01
9.999258e-01 8.143130e-05 -1.218034e-02 5.944319e+00 -7.902750e-05 1.000000e+00 1.978371e-04 -4.137059e-01 1.218035e-02 -1.968606e-04 9.999258e-01 1.307297e+01
9.999614e-01 5.658403e-04 8.762623e-03 6.736936e+00 -5.553809e-04 9.999991e-01 -1.196014e-03 -4.865670e-01 -8.763292e-03 1.191102e-03 9.999609e-01 1.527117e+01
9.999591e-01 -9.090032e-05 -9.044076e-03 6.857664e+00 9.063037e-05 1.000000e+00 -3.024953e-05 -5.268454e-01 9.044078e-03 2.942792e-05 9.999591e-01 1.738156e+01
9.999696e-01 4.867942e-04 7.782630e-03 6.980789e+00 -4.789944e-04 9.999994e-01 -1.004024e-03 -5.615416e-01 -7.783114e-03 1.000267e-03 9.999692e-01 1.944762e+01
9.999787e-01 -3.143085e-04 -6.519530e-03 7.101116e+00 3.105437e-04 9.999998e-01 -5.784511e-04 -6.035157e-01 6.519710e-03 5.764135e-04 9.999786e-01 2.173904e+01
9.999694e-01 -2.340178e-05 7.825752e-03 7.088954e+00 2.811936e-05 9.999998e-01 -6.027083e-04 -6.336732e-01 -7.825737e-03 6.029106e-04 9.999692e-01 2.370868e+01
9.999585e-01 2.368434e-05 -9.110045e-03 7.299761e+00 -2.602886e-05 1.000000e+00 -2.572292e-04 -6.726805e-01 9.110038e-03 2.574549e-04 9.999585e-01 2.548501e+01
9.999568e-01 1.530297e-04 9.291021e-03 7.461206e+00 -1.446559e-04 9.999996e-01 -9.019370e-04 -7.170939e-01 -9.291155e-03 9.005547e-04 9.999564e-01 2.747214e+01
9.999459e-01 -1.658729e-04 -1.040320e-02 7.447528e+00 1.687674e-04 9.999999e-01 2.773605e-04 -7.394817e-01 1.040315e-02 -2.791019e-04 9.999458e-01 2.880729e+01
9.999561e-01 2.405636e-04 9.362317e-03 7.427996e+00 -2.310579e-04 9.999995e-01 -1.016371e-03 -7.623630e-01 -9.362556e-03 1.014164e-03 9.999557e-01 3.021550e+01
9.999358e-01 -2.171778e-04 -1.132846e-02 7.400759e+00 2.245120e-04 9.999998e-01 6.461553e-04 -7.806183e-01 1.132832e-02 -6.486580e-04 9.999356e-01 3.132368e+01
9.999676e-01 3.864112e-04 8.046268e-03 7.293992e+00 -3.807937e-04 9.999997e-01 -6.996686e-04 -7.941278e-01 -8.046535e-03 6.965827e-04 9.999674e-01 3.208061e+01
9.999163e-01 -9.491599e-05 -1.293713e-02 7.143991e+00 1.064912e-04 9.999996e-01 8.940451e-04 -8.004930e-01 1.293704e-02 -8.953487e-04 9.999159e-01 3.258175e+01
9.999731e-01 8.529092e-05 7.331792e-03 7.251705e+00 -8.009886e-05 9.999997e-01 -7.084361e-04 -8.090248e-01 -7.331850e-03 7.078305e-04 9.999729e-01 3.272947e+01
9.999220e-01 7.589024e-05 -1.248896e-02 7.212276e+00 -6.361349e-05 9.999995e-01 9.834089e-04 -8.170641e-01 1.248903e-02 -9.825384e-04 9.999215e-01 3.288553e+01
9.999679e-01 2.187846e-04 8.014029e-03 6.966963e+00 -2.134705e-04 9.999998e-01 -6.639323e-04 -8.208591e-01 -8.014172e-03 6.622009e-04 9.999677e-01 3.345375e+01
9.999075e-01 -4.306819e-05 -1.360041e-02 6.818297e+00 5.949919e-05 9.999993e-01 1.207729e-03 -8.223027e-01 1.360035e-02 -1.208427e-03 9.999068e-01 3.353603e+01
9.999720e-01 1.335752e-04 7.483115e-03 6.682474e+00 -1.286301e-04 9.999998e-01 -6.613018e-04 -8.196983e-01 -7.483201e-03 6.603215e-04 9.999718e-01 3.336436e+01
9.999201e-01 -9.179480e-05 -1.263862e-02 6.651134e+00 1.045225e-04 9.999995e-01 1.006396e-03 -8.244524e-01 1.263852e-02 -1.007637e-03 9.999196e-01 3.348816e+01
9.999754e-01 1.298681e-04 7.009305e-03 6.640974e+00 -1.256563e-04 9.999998e-01 -6.013055e-04 -8.282006e-01 -7.009381e-03 6.004106e-04 9.999753e-01 3.347490e+01
9.999135e-01 -1.890531e-04 -1.315295e-02 6.707751e+00 2.024131e-04 9.999995e-01 1.014422e-03 -8.325607e-01 1.315275e-02 -1.016997e-03 9.999130e-01 3.325676e+01
9.999791e-01 9.376008e-05 6.466795e-03 6.842199e+00 -8.966385e-05 9.999998e-01 -6.336968e-04 -8.373070e-01 -6.466853e-03 6.331044e-04 9.999789e-01 3.298825e+01
9.999196e-01 -8.371658e-05 -1.267627e-02 6.823748e+00 9.881398e-05 9.999993e-01 1.190382e-03 -8.379194e-01 1.267616e-02 -1.191540e-03 9.999189e-01 3.271968e+01
9.999770e-01 1.076968e-05 6.789638e-03 6.873439e+00 -5.211289e-06 9.999997e-01 -8.186591e-04 -8.422936e-01 -6.789644e-03 8.186056e-04 9.999766e-01 3.254032e+01
9.999398e-01 1.484498e-04 -1.097388e-02 6.867454e+00 -1.368268e-04 9.999994e-01 1.059907e-03 -8.551859e-01 1.097403e-02 -1.058342e-03 9.999392e-01 3.301589e+01
9.999725e-01 -8.256802e-05 7.410615e-03 6.882534e+00 8.985099e-05 9.999995e-01 -9.824332e-04 -8.710759e-01 -7.410530e-03 9.830728e-04 9.999721e-01 3.374447e+01
9.999431e-01 4.794015e-05 -1.066975e-02 6.922928e+00 -3.777887e-05 9.999995e-01 9.525532e-04 -8.897632e-01 1.066979e-02 -9.520966e-04 9.999426e-01 3.453271e+01
9.999698e-01 -6.093991e-05 7.768019e-03 6.992240e+00 6.922270e-05 9.999994e-01 -1.065989e-03 -9.135935e-01 -7.767949e-03 1.066495e-03 9.999693e-01 3.543876e+01
9.999269e-01 1.660485e-04 -1.208613e-02 7.078116e+00 -1.514272e-04 9.999993e-01 1.210671e-03 -9.328062e-01 1.208632e-02 -1.208753e-03 9.999262e-01 3.608322e+01
9.999562e-01 -2.221762e-04 9.354858e-03 7.145465e+00 2.349693e-04 9.999990e-01 -1.366449e-03 -9.575305e-01 -9.354545e-03 1.368588e-03 9.999553e-01 3.701939e+01
9.999409e-01 5.503817e-05 -1.087590e-02 7.158922e+00 -4.532782e-05 9.999996e-01 8.930858e-04 -9.809651e-01 1.087594e-02 -8.925407e-04 9.999405e-01 3.815367e+01
9.999802e-01 4.267158e-05 6.297238e-03 7.190103e+00 -3.860683e-05 9.999998e-01 -6.455823e-04 -9.971544e-01 -6.297264e-03 6.453271e-04 9.999800e-01 3.860219e+01
9.999243e-01 -2.707501e-04 -1.229915e-02 7.390328e+00 2.825832e-04 9.999995e-01 9.603909e-04 -1.006632e+00 1.229889e-02 -9.637945e-04 9.999239e-01 3.844938e+01
9.999758e-01 1.524027e-04 6.961045e-03 7.578037e+00 -1.473733e-04 9.999997e-01 -7.229977e-04 -1.020600e+00 -6.961153e-03 7.219550e-04 9.999755e-01 3.865822e+01
9.999329e-01 -2.926908e-04 -1.157782e-02 7.790845e+00 3.024338e-04 9.999996e-01 8.397886e-04 -1.039863e+00 1.157757e-02 -8.432345e-04 9.999326e-01 3.909028e+01
9.999708e-01 2.796892e-04 7.630770e-03 7.875982e+00 -2.745349e-04 9.999997e-01 -6.764871e-04 -1.057997e+00 -7.630957e-03 6.743731e-04 9.999707e-01 3.968241e+01
9.998793e-01 -1.652434e-05 -1.553513e-02 8.335850e+00 3.238880e-05 9.999995e-01 1.020955e-03 -1.078675e+00 1.553511e-02 -1.021336e-03 9.998788e-01 3.975787e+01
9.999653e-01 -1.011922e-04 8.324215e-03 8.765289e+00 1.089625e-04 9.999996e-01 -9.330015e-04 -1.089873e+00 -8.324116e-03 9.338769e-04 9.999649e-01 3.946346e+01
9.998835e-01 1.014040e-05 -1.526407e-02 9.115502e+00 4.816658e-06 9.999995e-01 9.798571e-04 -1.100556e+00 1.526408e-02 -9.798172e-04 9.998830e-01 3.926672e+01
9.999454e-01 9.047134e-06 1.044827e-02 9.225273e+00 -2.180690e-06 9.999998e-01 -6.571836e-04 -1.115856e+00 -1.044827e-02 6.571256e-04 9.999452e-01 3.967401e+01
9.998908e-01 1.071171e-05 -1.477486e-02 9.320241e+00 8.297561e-08 9.999997e-01 7.306192e-04 -1.134525e+00 1.477486e-02 -7.305414e-04 9.998906e-01 4.017575e+01
9.999456e-01 -4.672814e-05 1.043242e-02 9.454118e+00 5.337999e-05 9.999998e-01 -6.373229e-04 -1.153821e+00 -1.043239e-02 6.378458e-04 9.999454e-01 4.064908e+01
9.998818e-01 4.111320e-05 -1.537541e-02 9.557591e+00 -2.634571e-05 9.999995e-01 9.606715e-04 -1.166337e+00 1.537544e-02 -9.601535e-04 9.998813e-01 4.089385e+01
9.999402e-01 9.341813e-05 1.093732e-02 9.580031e+00 -8.618268e-05 9.999998e-01 -6.619942e-04 -1.178863e+00 -1.093738e-02 6.610127e-04 9.999400e-01 4.137236e+01
9.998566e-01 -1.442128e-04 -1.693591e-02 9.587889e+00 1.633736e-04 9.999993e-01 1.129996e-03 -1.177625e+00 1.693573e-02 -1.132601e-03 9.998559e-01 4.126973e+01
9.999378e-01 1.509104e-04 1.115254e-02 9.644688e+00 -1.436024e-04 9.999998e-01 -6.560668e-04 -1.182305e+00 -1.115263e-02 6.544252e-04 9.999376e-01 4.126984e+01
9.998602e-01 -1.302671e-04 -1.672229e-02 9.736076e+00 1.473031e-04 9.999995e-01 1.017544e-03 -1.189592e+00 1.672215e-02 -1.019865e-03 9.998597e-01 4.128709e+01
9.999386e-01 1.415248e-04 1.107964e-02 9.801047e+00 -1.349743e-04 9.999998e-01 -5.919505e-04 -1.194811e+00 -1.107972e-02 5.904194e-04 9.999384e-01 4.134122e+01
9.998706e-01 -1.570202e-04 -1.608428e-02 9.838309e+00 1.723773e-04 9.999995e-01 9.534129e-04 -1.200567e+00 1.608413e-02 -9.560628e-04 9.998702e-01 4.153859e+01
9.999360e-01 2.248586e-04 1.131182e-02 9.899189e+00 -2.171089e-04 9.999997e-01 -6.863116e-04 -1.212620e+00 -1.131197e-02 6.838125e-04 9.999358e-01 4.198671e+01
9.998654e-01 -1.465553e-04 -1.640818e-02 9.962742e+00 1.634494e-04 9.999995e-01 1.028287e-03 -1.222810e+00 1.640802e-02 -1.030831e-03 9.998648e-01 4.221967e+01
9.999382e-01 2.341156e-04 1.111045e-02 1.006472e+01 -2.261167e-04 9.999997e-01 -7.211836e-04 -1.234567e+00 -1.111062e-02 7.186275e-04 9.999380e-01 4.241019e+01
9.998728e-01 -9.296232e-05 -1.594812e-02 1.012566e+01 1.085499e-04 9.999995e-01 9.765364e-04 -1.247322e+00 1.594802e-02 -9.781441e-04 9.998723e-01 4.284534e+01
9.999298e-01 1.926874e-04 1.184775e-02 1.015560e+01 -1.833475e-04 9.999997e-01 -7.893889e-04 -1.261204e+00 -1.184790e-02 7.871620e-04 9.999295e-01 4.340585e+01
9.998506e-01 -2.203372e-05 -1.728664e-02 1.028682e+01 3.851851e-05 9.999995e-01 9.532910e-04 -1.275017e+00 1.728661e-02 -9.538151e-04 9.998501e-01 4.372457e+01
9.999328e-01 1.849893e-04 1.158815e-02 1.042815e+01 -1.762101e-04 9.999997e-01 -7.586004e-04 -1.289279e+00 -1.158828e-02 7.565082e-04 9.999326e-01 4.404981e+01
9.998503e-01 -4.376674e-05 -1.730299e-02 1.050658e+01 6.240634e-05 9.999994e-01 1.076717e-03 -1.298939e+00 1.730294e-02 -1.077637e-03 9.998497e-01 4.419403e+01
9.999322e-01 1.632498e-05 1.164722e-02 1.055636e+01 -9.975285e-06 9.999999e-01 -5.452125e-04 -1.304839e+00 -1.164722e-02 5.450601e-04 9.999320e-01 4.414066e+01
9.998662e-01 -2.644029e-05 -1.636091e-02 1.059448e+01 4.062707e-05 9.999996e-01 8.667922e-04 -1.313847e+00 1.636088e-02 -8.673416e-04 9.998658e-01 4.445625e+01
9.999208e-01 7.265930e-05 1.258746e-02 1.060331e+01 -6.347728e-05 9.999997e-01 -7.298421e-04 -1.327431e+00 -1.258751e-02 7.289860e-04 9.999205e-01 4.521548e+01
9.998356e-01 -8.991302e-05 -1.813251e-02 1.055464e+01 1.137283e-04 9.999991e-01 1.312386e-03 -1.326903e+00 1.813238e-02 -1.314233e-03 9.998347e-01 4.527465e+01
9.999236e-01 6.849070e-05 1.236050e-02 1.051675e+01 -5.903561e-05 9.999997e-01 -7.652933e-04 -1.325596e+00 -1.236055e-02 7.645058e-04 9.999233e-01 4.511953e+01
9.998476e-01 -1.202223e-04 -1.745861e-02 1.060605e+01 1.402384e-04 9.999993e-01 1.145283e-03 -1.334500e+00 1.745847e-02 -1.147557e-03 9.998469e-01 4.540838e+01
9.999762e-01 1.246228e-04 6.899289e-03 1.163740e+01 -1.112350e-04 9.999981e-01 -1.940780e-03 -1.368147e+00 -6.899518e-03 1.939967e-03 9.999743e-01 4.569164e+01
9.998844e-01 5.834512e-04 -1.519179e-02 1.273616e+01 -5.634064e-04 9.999990e-01 1.323704e-03 -1.428799e+00 1.519254e-02 -1.314993e-03 9.998837e-01 4.698981e+01
9.999202e-01 1.718234e-04 1.263264e-02 1.303904e+01 -1.441771e-04 9.999976e-01 -2.189346e-03 -1.474217e+00 -1.263299e-02 2.187350e-03 9.999178e-01 4.893892e+01
9.998789e-01 3.889796e-04 -1.555579e-02 1.357203e+01 -3.673537e-04 9.999990e-01 1.393061e-03 -1.536743e+00 1.555631e-02 -1.387178e-03 9.998780e-01 5.089961e+01
9.999455e-01 4.119481e-04 1.043097e-02 1.437630e+01 -3.932998e-04 9.999983e-01 -1.789753e-03 -1.606777e+00 -1.043169e-02 1.785554e-03 9.999440e-01 5.281948e+01
9.997256e-01 -1.928093e-04 -2.342340e-02 1.599078e+01 2.250218e-04 9.999990e-01 1.372606e-03 -1.660024e+00 2.342311e-02 -1.377500e-03 9.997247e-01 5.312627e+01
9.998438e-01 9.741530e-04 1.764794e-02 1.644664e+01 -9.414610e-04 9.999978e-01 -1.860659e-03 -1.694468e+00 -1.764972e-02 1.843754e-03 9.998425e-01 5.446658e+01
9.997766e-01 -4.885441e-04 -2.112995e-02 1.657733e+01 5.269312e-04 9.999982e-01 1.811193e-03 -1.711568e+00 2.112902e-02 -1.821923e-03 9.997751e-01 5.567017e+01
9.998623e-01 7.668192e-04 1.657514e-02 1.667631e+01 -7.393762e-04 9.999983e-01 -1.661725e-03 -1.731481e+00 -1.657639e-02 1.649241e-03 9.998612e-01 5.634635e+01
9.997159e-01 -7.000442e-04 -2.382589e-02 1.696893e+01 7.486181e-04 9.999977e-01 2.029853e-03 -1.742093e+00 2.382441e-02 -2.047113e-03 9.997141e-01 5.621069e+01
9.998542e-01 4.140203e-04 1.706800e-02 1.708909e+01 -3.861667e-04 9.999986e-01 -1.635173e-03 -1.741641e+00 -1.706865e-02 1.628344e-03 9.998530e-01 5.557141e+01
9.997211e-01 -7.306579e-04 -2.360461e-02 1.721099e+01 7.785670e-04 9.999977e-01 2.020534e-03 -1.741517e+00 2.360308e-02 -2.038349e-03 9.997193e-01 5.499378e+01
9.998537e-01 6.106582e-04 1.709240e-02 1.739435e+01 -5.798007e-04 9.999982e-01 -1.810220e-03 -1.746395e+00 -1.709347e-02 1.800046e-03 9.998523e-01 5.474624e+01
9.997139e-01 -7.179783e-04 -2.390845e-02 1.753711e+01 7.679573e-04 9.999975e-01 2.081321e-03 -1.748992e+00 2.390690e-02 -2.099087e-03 9.997120e-01 5.436269e+01
9.998491e-01 6.698402e-04 1.735735e-02 1.779381e+01 -6.383805e-04 9.999981e-01 -1.817940e-03 -1.759054e+00 -1.735853e-02 1.806586e-03 9.998477e-01 5.423664e+01
9.996952e-01 -7.033217e-04 -2.467629e-02 1.818378e+01 7.554817e-04 9.999975e-01 2.104517e-03 -1.771833e+00 2.467474e-02 -2.122519e-03 9.996933e-01 5.414355e+01
9.998449e-01 6.467450e-04 1.759731e-02 1.848850e+01 -6.143443e-04 9.999981e-01 -1.846561e-03 -1.780649e+00 -1.759847e-02 1.835465e-03 9.998435e-01 5.393115e+01
9.996931e-01 -8.016113e-04 -2.476159e-02 1.876473e+01 8.560786e-04 9.999972e-01 2.189153e-03 -1.785642e+00 2.475977e-02 -2.209679e-03 9.996910e-01 5.355244e+01
9.998398e-01 7.961499e-04 1.788262e-02 1.907168e+01 -7.622056e-04 9.999979e-01 -1.904893e-03 -1.796898e+00 -1.788410e-02 1.890959e-03 9.998383e-01 5.341749e+01
9.996842e-01 -9.078348e-04 -2.511318e-02 1.938291e+01 9.657697e-04 9.999969e-01 2.294929e-03 -1.805258e+00 2.511101e-02 -2.318459e-03 9.996820e-01 5.311212e+01
9.998212e-01 8.520521e-04 1.888833e-02 1.957773e+01 -8.167416e-04 9.999979e-01 -1.877057e-03 -1.816854e+00 -1.888989e-02 1.861295e-03 9.998198e-01 5.301405e+01
9.996920e-01 -7.084672e-04 -2.480560e-02 1.978249e+01 7.661953e-04 9.999970e-01 2.317804e-03 -1.834962e+00 2.480388e-02 -2.336097e-03 9.996896e-01 5.318940e+01
9.998415e-01 4.419409e-04 1.779611e-02 2.001580e+01 -4.070112e-04 9.999980e-01 -1.966332e-03 -1.837397e+00 -1.779695e-02 1.958778e-03 9.998397e-01 5.263593e+01
9.996987e-01 -8.250904e-04 -2.453198e-02 2.021022e+01 8.816999e-04 9.999970e-01 2.296859e-03 -1.837627e+00 2.453001e-02 -2.317798e-03 9.996964e-01 5.200654e+01
9.998405e-01 1.273729e-04 1.786106e-02 2.033920e+01 -9.040748e-05 9.999979e-01 -2.070387e-03 -1.832915e+00 -1.786128e-02 2.068443e-03 9.998383e-01 5.104639e+01
9.996965e-01 -8.057230e-04 -2.462287e-02 2.043084e+01 8.641705e-04 9.999968e-01 2.363169e-03 -1.828059e+00 2.462088e-02 -2.383730e-03 9.996940e-01 5.005327e+01
9.998381e-01 1.413684e-04 1.799331e-02 2.050613e+01 -1.035113e-04 9.999978e-01 -2.104856e-03 -1.823050e+00 -1.799357e-02 2.102654e-03 9.998359e-01 4.905630e+01
9.996940e-01 -8.938909e-04 -2.472172e-02 2.061675e+01 9.513110e-04 9.999969e-01 2.311001e-03 -1.817342e+00 2.471958e-02 -2.333812e-03 9.996917e-01 4.805251e+01
9.998408e-01 2.596346e-04 1.784018e-02 2.075771e+01 -2.225358e-04 9.999978e-01 -2.081452e-03 -1.812782e+00 -1.784068e-02 2.077151e-03 9.998387e-01 4.713434e+01
9.996923e-01 -1.098397e-03 -2.478136e-02 2.092857e+01 1.154167e-03 9.999968e-01 2.236286e-03 -1.806483e+00 2.477883e-02 -2.264200e-03 9.996904e-01 4.608023e+01
9.998367e-01 1.497118e-04 1.807041e-02 2.100110e+01 -1.113258e-04 9.999977e-01 -2.125219e-03 -1.797233e+00 -1.807068e-02 2.122861e-03 9.998345e-01 4.479065e+01
9.996933e-01 -1.084878e-03 -2.473957e-02 2.105304e+01 1.141207e-03 9.999968e-01 2.262896e-03 -1.788052e+00 2.473703e-02 -2.290435e-03 9.996914e-01 4.350609e+01
9.998380e-01 1.742040e-04 1.800059e-02 2.108895e+01 -1.364573e-04 9.999978e-01 -2.098162e-03 -1.778863e+00 -1.800092e-02 2.095367e-03 9.998358e-01 4.222311e+01
9.996930e-01 -1.046624e-03 -2.475494e-02 2.115779e+01 1.103072e-03 9.999968e-01 2.266759e-03 -1.770697e+00 2.475249e-02 -2.293370e-03 9.996910e-01 4.105745e+01
9.998503e-01 2.529191e-04 1.729841e-02 2.140031e+01 -2.155121e-04 9.999976e-01 -2.164267e-03 -1.764144e+00 -1.729892e-02 2.160216e-03 9.998480e-01 4.002903e+01
9.997101e-01 -1.411953e-03 -2.403711e-02 2.146473e+01 1.466178e-03 9.999964e-01 2.238452e-03 -1.752564e+00 2.403387e-02 -2.273047e-03 9.997086e-01 3.856877e+01
9.998520e-01 2.953972e-04 1.720398e-02 2.155860e+01 -2.572877e-04 9.999975e-01 -2.217314e-03 -1.741480e+00 -1.720459e-02 2.212560e-03 9.998495e-01 3.719340e+01
9.996952e-01 -1.156762e-03 -2.466244e-02 2.177176e+01 1.215205e-03 9.999965e-01 2.354871e-03 -1.734325e+00 2.465963e-02 -2.384124e-03 9.996931e-01 3.609765e+01
9.998287e-01 4.039768e-04 1.850533e-02 2.202921e+01 -3.625593e-04 9.999974e-01 -2.241424e-03 -1.736999e+00 -1.850619e-02 2.234331e-03 9.998262e-01 3.545259e+01
9.996932e-01 -9.402701e-04 -2.475162e-02 2.227206e+01 9.956013e-04 9.999970e-01 2.223241e-03 -1.742161e+00 2.474946e-02 -2.247202e-03 9.996912e-01 3.477488e+01
9.998380e-01 1.103547e-04 1.800072e-02 2.238798e+01 -7.296687e-05 9.999978e-01 -2.077644e-03 -1.735253e+00 -1.800091e-02 2.075995e-03 9.998358e-01 3.367027e+01
9.996846e-01 -8.639590e-04 -2.509898e-02 2.267478e+01 9.206243e-04 9.999971e-01 2.246217e-03 -1.731392e+00 2.509697e-02 -2.268616e-03 9.996824e-01 3.272869e+01
9.998409e-01 -7.367285e-05 1.784006e-02 2.300737e+01 1.123888e-04 9.999976e-01 -2.169161e-03 -1.725767e+00 -1.783986e-02 2.170822e-03 9.998385e-01 3.162996e+01
9.997002e-01 -9.262602e-04 -2.446740e-02 2.326206e+01 9.801506e-04 9.999971e-01 2.190647e-03 -1.719262e+00 2.446530e-02 -2.213972e-03 9.996982e-01 3.049477e+01
9.998419e-01 -3.341670e-04 1.778031e-02 2.341725e+01 3.754942e-04 9.999972e-01 -2.321022e-03 -1.707157e+00 -1.777949e-02 2.327332e-03 9.998392e-01 2.903603e+01
9.996990e-01 -6.140923e-04 -2.452684e-02 2.359867e+01 6.729019e-04 9.999969e-01 2.389597e-03 -1.699246e+00 2.452530e-02 -2.405382e-03 9.996963e-01 2.785448e+01
9.998384e-01 -3.481288e-04 1.797176e-02 2.370977e+01 3.902562e-04 9.999972e-01 -2.340622e-03 -1.690404e+00 -1.797089e-02 2.347258e-03 9.998358e-01 2.657428e+01
9.996958e-01 -5.930697e-04 -2.465477e-02 2.383787e+01 6.547212e-04 9.999967e-01 2.492604e-03 -1.682505e+00 2.465321e-02 -2.507988e-03 9.996929e-01 2.535255e+01
9.998403e-01 -4.832700e-04 1.786594e-02 2.401887e+01 5.280572e-04 9.999967e-01 -2.502202e-03 -1.673300e+00 -1.786468e-02 2.511237e-03 9.998373e-01 2.408465e+01
9.996984e-01 -5.637001e-04 -2.455319e-02 2.415135e+01 6.266930e-04 9.999965e-01 2.557961e-03 -1.663802e+00 2.455166e-02 -2.572577e-03 9.996953e-01 2.278239e+01
9.998398e-01 -5.358904e-04 1.789042e-02 2.430258e+01 5.817104e-04 9.999966e-01 -2.556023e-03 -1.653973e+00 -1.788898e-02 2.566022e-03 9.998367e-01 2.145010e+01
9.996983e-01 -6.742482e-04 -2.455140e-02 2.436918e+01 7.372580e-04 9.999965e-01 2.557496e-03 -1.641313e+00 2.454959e-02 -2.574826e-03 9.996953e-01 1.994416e+01
9.998430e-01 -3.056971e-04 1.771457e-02 2.445049e+01 3.489330e-04 9.999970e-01 -2.437641e-03 -1.631139e+00 -1.771377e-02 2.443440e-03 9.998401e-01 1.862047e+01
9.997010e-01 -8.622702e-04 -2.443736e-02 2.454952e+01 9.240320e-04 9.999964e-01 2.516182e-03 -1.619950e+00 2.443510e-02 -2.538012e-03 9.996982e-01 1.713907e+01
9.998449e-01 5.845195e-04 1.760070e-02 2.484495e+01 -5.459317e-04 9.999974e-01 -2.197110e-03 -1.626529e+00 -1.760193e-02 2.187161e-03 9.998427e-01 1.663564e+01
9.996385e-01 -6.245741e-04 -2.687899e-02 2.556089e+01 6.869873e-04 9.999971e-01 2.312843e-03 -1.647159e+00 2.687747e-02 -2.330473e-03 9.996360e-01 1.641568e+01
9.998017e-01 3.640720e-04 1.991117e-02 2.577047e+01 -3.256400e-04 9.999981e-01 -1.933362e-03 -1.650761e+00 -1.991184e-02 1.926495e-03 9.997999e-01 1.588414e+01
9.996847e-01 -2.156345e-04 -2.510687e-02 2.546618e+01 2.823947e-04 9.999964e-01 2.655537e-03 -1.638825e+00 2.510621e-02 -2.661791e-03 9.996812e-01 1.600863e+01
9.998432e-01 1.176067e-04 1.770620e-02 2.540724e+01 -8.493836e-05 9.999983e-01 -1.845749e-03 -1.636669e+00 -1.770638e-02 1.843956e-03 9.998415e-01 1.545132e+01
9.996872e-01 -9.349558e-04 -2.499448e-02 2.560185e+01 9.865417e-04 9.999974e-01 2.051652e-03 -1.631799e+00 2.499250e-02 -2.075669e-03 9.996855e-01 1.439757e+01
9.998332e-01 -1.712060e-04 1.826544e-02 2.557922e+01 2.056976e-04 9.999982e-01 -1.886475e-03 -1.620123e+00 -1.826508e-02 1.889918e-03 9.998314e-01 1.286555e+01
9.996894e-01 -1.345666e-03 -2.488362e-02 2.557070e+01 1.392215e-03 9.999973e-01 1.853448e-03 -1.603525e+00 2.488105e-02 -1.887517e-03 9.996886e-01 1.098619e+01
9.998368e-01 1.932353e-04 1.806312e-02 2.566675e+01 -1.587141e-04 9.999982e-01 -1.912543e-03 -1.591271e+00 -1.806345e-02 1.909365e-03 9.998350e-01 9.492824e+00
9.996962e-01 -1.035400e-03 -2.462452e-02 2.578244e+01 1.086898e-03 9.999973e-01 2.078050e-03 -1.584300e+00 2.462231e-02 -2.104184e-03 9.996946e-01 8.345414e+00
9.998375e-01 -2.945098e-05 1.802784e-02 2.587383e+01 6.636726e-05 9.999979e-01 -2.047125e-03 -1.574122e+00 -1.802775e-02 2.047989e-03 9.998354e-01 6.946110e+00
9.996960e-01 -9.411094e-04 -2.463790e-02 2.591374e+01 9.947030e-04 9.999972e-01 2.163097e-03 -1.564651e+00 2.463580e-02 -2.186947e-03 9.996941e-01 5.584037e+00
9.998401e-01 2.121024e-05 1.788372e-02 2.592876e+01 1.348950e-05 9.999981e-01 -1.940157e-03 -1.555804e+00 -1.788373e-02 1.940089e-03 9.998382e-01 4.260892e+00
9.996976e-01 -1.184417e-03 -2.456179e-02 2.598410e+01 1.233271e-03 9.999973e-01 1.974004e-03 -1.544146e+00 2.455939e-02 -2.003700e-03 9.996964e-01 2.734191e+00
9.998387e-01 1.944241e-04 1.795694e-02 2.608240e+01 -1.600474e-04 9.999982e-01 -1.915797e-03 -1.535095e+00 -1.795728e-02 1.912614e-03 9.998369e-01 1.404038e+00
9.996968e-01 -1.349897e-03 -2.458719e-02 2.618664e+01 1.398002e-03 9.999971e-01 1.939422e-03 -1.524257e+00 2.458450e-02 -1.973208e-03 9.996958e-01 -4.106625e-02
9.998381e-01 3.578049e-04 1.798769e-02 2.622243e+01 -3.255051e-04 9.999983e-01 -1.798538e-03 -1.514483e+00 -1.798831e-02 1.792392e-03 9.998366e-01 -1.414440e+00
9.996952e-01 -1.359677e-03 -2.464890e-02 2.626331e+01 1.407351e-03 9.999972e-01 1.916915e-03 -1.504784e+00 2.464622e-02 -1.951021e-03 9.996943e-01 -2.757659e+00
9.998440e-01 7.057133e-04 1.764910e-02 2.637803e+01 -6.772991e-04 9.999985e-01 -1.615856e-03 -1.500378e+00 -1.765021e-02 1.603651e-03 9.998429e-01 -3.692182e+00
9.997000e-01 -1.366886e-03 -2.445633e-02 2.638171e+01 1.414751e-03 9.999971e-01 1.939983e-03 -1.494085e+00 2.445361e-02 -1.974001e-03 9.996990e-01 -4.747920e+00
9.998457e-01 5.534250e-04 1.756010e-02 2.622915e+01 -5.258139e-04 9.999986e-01 -1.576933e-03 -1.483023e+00 -1.756095e-02 1.567457e-03 9.998446e-01 -6.157526e+00
9.996985e-01 -1.909370e-03 -2.448117e-02 2.612565e+01 1.951488e-03 9.999967e-01 1.696662e-03 -1.466054e+00 2.447785e-02 -1.743926e-03 9.996989e-01 -8.048009e+00
9.998453e-01 1.125722e-04 1.759011e-02 2.617016e+01 -7.791740e-05 9.999981e-01 -1.970783e-03 -1.445249e+00 -1.759030e-02 1.969108e-03 9.998433e-01 -1.019171e+01
9.997028e-01 -1.686674e-03 -2.432192e-02 2.631429e+01 1.727482e-03 9.999971e-01 1.656920e-03 -1.427954e+00 2.431905e-02 -1.698444e-03 9.997028e-01 -1.195537e+01
9.998495e-01 6.374126e-04 1.733843e-02 2.646511e+01 -6.108689e-04 9.999986e-01 -1.536146e-03 -1.417863e+00 -1.733939e-02 1.525324e-03 9.998485e-01 -1.329936e+01
9.997209e-01 -1.485439e-03 -2.357810e-02 2.657960e+01 1.521418e-03 9.999977e-01 1.508109e-03 -1.409010e+00 2.357580e-02 -1.543561e-03 9.997209e-01 -1.453140e+01
9.998432e-01 1.044447e-03 1.767919e-02 2.652280e+01 -1.022713e-03 9.999987e-01 -1.238336e-03 -1.401203e+00 -1.768046e-02 1.220061e-03 9.998429e-01 -1.512174e+01
9.997403e-01 -1.410054e-03 -2.274312e-02 2.645639e+01 1.442594e-03 9.999980e-01 1.414418e-03 -1.394947e+00 2.274108e-02 -1.446860e-03 9.997403e-01 -1.546296e+01
9.998749e-01 6.978553e-04 1.580059e-02 2.623808e+01 -6.827651e-04 9.999993e-01 -9.603970e-04 -1.383622e+00 -1.580125e-02 9.494894e-04 9.998747e-01 -1.680923e+01
9.997384e-01 -1.417986e-03 -2.282892e-02 2.596613e+01 1.452536e-03 9.999978e-01 1.496925e-03 -1.372001e+00 2.282675e-02 -1.529694e-03 9.997383e-01 -1.818512e+01
9.998728e-01 8.209513e-04 1.592844e-02 2.576979e+01 -8.045132e-04 9.999991e-01 -1.038352e-03 -1.362586e+00 -1.592928e-02 1.025406e-03 9.998726e-01 -1.939584e+01
9.997337e-01 -1.247406e-03 -2.304090e-02 2.540623e+01 1.290254e-03 9.999975e-01 1.844872e-03 -1.349348e+00 2.303854e-02 -1.874110e-03 9.997328e-01 -2.040468e+01
9.998675e-01 7.457331e-04 1.626375e-02 2.551636e+01 -7.220558e-04 9.999987e-01 -1.461640e-03 -1.346246e+00 -1.626481e-02 1.449703e-03 9.998667e-01 -2.124382e+01
9.997083e-01 -1.498279e-03 -2.410578e-02 2.568333e+01 1.538360e-03 9.999975e-01 1.644286e-03 -1.338945e+00 2.410326e-02 -1.680890e-03 9.997081e-01 -2.229789e+01
9.998502e-01 2.837753e-04 1.730477e-02 2.573908e+01 -2.547046e-04 9.999986e-01 -1.682084e-03 -1.325640e+00 -1.730522e-02 1.677425e-03 9.998488e-01 -2.383973e+01
9.997071e-01 -1.109959e-03 -2.417544e-02 2.583829e+01 1.154714e-03 9.999976e-01 1.837392e-03 -1.317498e+00 2.417335e-02 -1.864770e-03 9.997060e-01 -2.496129e+01
9.998494e-01 2.308731e-04 1.735128e-02 2.589750e+01 -2.029939e-04 9.999987e-01 -1.608475e-03 -1.309054e+00 -1.735163e-02 1.604711e-03 9.998482e-01 -2.618643e+01
9.997083e-01 -1.150706e-03 -2.412602e-02 2.597506e+01 1.193566e-03 9.999977e-01 1.762193e-03 -1.300474e+00 2.412394e-02 -1.790476e-03 9.997074e-01 -2.741391e+01
9.998516e-01 2.763524e-04 1.722528e-02 2.617949e+01 -2.472902e-04 9.999985e-01 -1.689263e-03 -1.293217e+00 -1.722573e-02 1.684754e-03 9.998502e-01 -2.848059e+01
9.997036e-01 -1.232251e-03 -2.431429e-02 2.636235e+01 1.275346e-03 9.999976e-01 1.757007e-03 -1.284730e+00 2.431206e-02 -1.787496e-03 9.997028e-01 -2.963050e+01
9.998445e-01 4.301900e-04 1.762922e-02 2.641899e+01 -4.024473e-04 9.999987e-01 -1.577179e-03 -1.276964e+00 -1.762987e-02 1.569839e-03 9.998433e-01 -3.077129e+01
9.997007e-01 -9.987165e-04 -2.444323e-02 2.640635e+01 1.047132e-03 9.999975e-01 1.968008e-03 -1.271466e+00 2.444121e-02 -1.993015e-03 9.996993e-01 -3.177919e+01
9.998446e-01 2.795755e-04 1.762545e-02 2.635792e+01 -2.508213e-04 9.999986e-01 -1.633569e-03 -1.263892e+00 -1.762589e-02 1.628895e-03 9.998433e-01 -3.295463e+01
9.996985e-01 -1.043604e-03 -2.453124e-02 2.642723e+01 1.087813e-03 9.999978e-01 1.788864e-03 -1.256668e+00 2.452931e-02 -1.815011e-03 9.996975e-01 -3.407817e+01
9.998556e-01 5.687572e-04 1.698608e-02 2.663847e+01 -5.445396e-04 9.999988e-01 -1.430297e-03 -1.255268e+00 -1.698688e-02 1.420841e-03 9.998547e-01 -3.483040e+01
9.997315e-01 -5.330399e-04 -2.316386e-02 2.680038e+01 5.773417e-04 9.999980e-01 1.905912e-03 -1.266632e+00 2.316280e-02 -1.918774e-03 9.997299e-01 -3.488197e+01
9.998147e-01 8.125518e-04 1.923475e-02 2.690155e+01 -7.734878e-04 9.999976e-01 -2.038243e-03 -1.288464e+00 -1.923636e-02 2.022988e-03 9.998129e-01 -3.414202e+01
9.996199e-01 -8.400215e-04 -2.755611e-02 2.727897e+01 9.027229e-04 9.999970e-01 2.263062e-03 -1.303544e+00 2.755412e-02 -2.287078e-03 9.996177e-01 -3.416198e+01
9.998077e-01 5.257322e-05 1.961177e-02 2.750727e+01 -1.174668e-05 9.999978e-01 -2.081826e-03 -1.296810e+00 -1.961184e-02 2.081196e-03 9.998055e-01 -3.519134e+01
9.996449e-01 -8.945840e-04 -2.663061e-02 2.760319e+01 9.555794e-04 9.999969e-01 2.277798e-03 -1.288927e+00 2.662849e-02 -2.302438e-03 9.996427e-01 -3.635905e+01
9.998122e-01 1.730519e-04 1.938027e-02 2.781446e+01 -1.333284e-04 9.999979e-01 -2.050939e-03 -1.284238e+00 -1.938058e-02 2.047971e-03 9.998101e-01 -3.730376e+01
9.996512e-01 -7.397239e-04 -2.640073e-02 2.776345e+01 8.055928e-04 9.999966e-01 2.484431e-03 -1.277126e+00 2.639880e-02 -2.504833e-03 9.996484e-01 -3.833136e+01
9.998132e-01 -5.167001e-05 1.932701e-02 2.775979e+01 9.455376e-05 9.999975e-01 -2.217923e-03 -1.268330e+00 -1.932685e-02 2.219336e-03 9.998108e-01 -3.948477e+01
9.996191e-01 -9.256011e-04 -2.758204e-02 2.802028e+01 9.879485e-04 9.999970e-01 2.246907e-03 -1.258687e+00 2.757987e-02 -2.273301e-03 9.996170e-01 -4.071158e+01
9.997801e-01 2.422687e-04 2.096750e-02 2.835189e+01 -1.954380e-04 9.999975e-01 -2.235491e-03 -1.262785e+00 -2.096799e-02 2.230902e-03 9.997777e-01 -4.136321e+01
9.996049e-01 -9.898924e-04 -2.808959e-02 2.863796e+01 1.052650e-03 9.999970e-01 2.219493e-03 -1.261218e+00 2.808731e-02 -2.248185e-03 9.996029e-01 -4.225981e+01
9.997850e-01 2.183299e-04 2.073281e-02 2.889029e+01 -1.745327e-04 9.999977e-01 -2.114222e-03 -1.254938e+00 -2.073323e-02 2.110150e-03 9.997828e-01 -4.326441e+01
9.995619e-01 -4.646192e-04 -2.959212e-02 2.929521e+01 5.305137e-04 9.999974e-01 2.218958e-03 -1.256857e+00 2.959101e-02 -2.233685e-03 9.995596e-01 -4.368916e+01
9.997371e-01 1.249981e-04 2.292683e-02 2.959825e+01 -7.548112e-05 9.999977e-01 -2.160618e-03 -1.263974e+00 -2.292705e-02 2.158320e-03 9.997348e-01 -4.414665e+01
9.996376e-01 -2.959369e-04 -2.691844e-02 2.986807e+01 3.465934e-04 9.999982e-01 1.877221e-03 -1.295229e+00 2.691783e-02 -1.885871e-03 9.996359e-01 -4.331278e+01
9.997893e-01 -1.791734e-04 2.052674e-02 3.006740e+01 2.169285e-04 9.999983e-01 -1.837081e-03 -1.293278e+00 -2.052638e-02 1.841148e-03 9.997876e-01 -4.375511e+01
9.996029e-01 -7.350447e-04 -2.816804e-02 3.004874e+01 7.952174e-04 9.999974e-01 2.125077e-03 -1.281721e+00 2.816641e-02 -2.146633e-03 9.996009e-01 -4.504098e+01
9.997807e-01 -2.051654e-04 2.094157e-02 3.010714e+01 2.466418e-04 9.999980e-01 -1.977994e-03 -1.272502e+00 -2.094112e-02 1.982726e-03 9.997787e-01 -4.622434e+01
9.995505e-01 -4.579190e-04 -2.997670e-02 3.039278e+01 5.190899e-04 9.999978e-01 2.032879e-03 -1.265052e+00 2.997570e-02 -2.047526e-03 9.995485e-01 -4.719622e+01
9.997368e-01 -6.253364e-04 2.293172e-02 3.048787e+01 6.713474e-04 9.999978e-01 -1.998776e-03 -1.253170e+00 -2.293042e-02 2.013645e-03 9.997350e-01 -4.861071e+01
9.995284e-01 -6.746244e-04 -3.070183e-02 3.086717e+01 7.364354e-04 9.999977e-01 2.002017e-03 -1.243232e+00 3.070041e-02 -2.023683e-03 9.995266e-01 -5.003301e+01
9.997135e-01 -7.371961e-04 2.392371e-02 3.097168e+01 7.881445e-04 9.999974e-01 -2.120242e-03 -1.228368e+00 -2.392208e-02 2.138490e-03 9.997115e-01 -5.169645e+01
9.995271e-01 -3.601335e-04 -3.074868e-02 3.098726e+01 4.296989e-04 9.999974e-01 2.255822e-03 -1.216123e+00 3.074778e-02 -2.267968e-03 9.995246e-01 -5.319486e+01
9.997131e-01 -6.251382e-04 2.394487e-02 3.104532e+01 6.771718e-04 9.999974e-01 -2.164998e-03 -1.205524e+00 -2.394345e-02 2.180592e-03 9.997109e-01 -5.453513e+01
9.995246e-01 -4.788433e-04 -3.082758e-02 3.111663e+01 5.494800e-04 9.999972e-01 2.282929e-03 -1.193720e+00 3.082640e-02 -2.298783e-03 9.995221e-01 -5.597985e+01
9.997351e-01 -5.835725e-04 2.300657e-02 3.141838e+01 6.351037e-04 9.999973e-01 -2.232585e-03 -1.183727e+00 -2.300521e-02 2.246606e-03 9.997328e-01 -5.744651e+01
9.995269e-01 -1.324167e-04 -3.075499e-02 3.189069e+01 1.950620e-04 9.999979e-01 2.033938e-03 -1.186372e+00 3.075465e-02 -2.038975e-03 9.995249e-01 -5.843270e+01
9.997094e-01 7.210232e-06 2.410493e-02 3.172489e+01 4.420674e-05 9.999977e-01 -2.132497e-03 -1.172391e+00 -2.410489e-02 2.132943e-03 9.997072e-01 -5.905600e+01
9.994496e-01 -4.204384e-04 -3.317248e-02 3.103360e+01 5.165205e-04 9.999957e-01 2.887936e-03 -1.128335e+00 3.317113e-02 -2.903482e-03 9.994455e-01 -6.037525e+01
9.997280e-01 -2.608536e-04 2.331996e-02 2.997400e+01 3.039510e-04 9.999983e-01 -1.844545e-03 -1.066785e+00 -2.331944e-02 1.851132e-03 9.997264e-01 -6.228970e+01
9.994976e-01 -4.656454e-04 -3.169151e-02 2.936216e+01 5.497061e-04 9.999964e-01 2.643819e-03 -1.027836e+00 3.169016e-02 -2.659912e-03 9.994942e-01 -6.394459e+01
9.997006e-01 -3.668037e-04 2.446613e-02 2.963698e+01 4.283890e-04 9.999968e-01 -2.511952e-03 -1.020936e+00 -2.446513e-02 2.521681e-03 9.996975e-01 -6.501346e+01
9.993825e-01 1.500155e-04 -3.513808e-02 3.065152e+01 -5.389310e-05 9.999963e-01 2.736506e-03 -1.049068e+00 3.513836e-02 -2.732923e-03 9.993787e-01 -6.528691e+01
9.996535e-01 -6.309540e-04 2.631595e-02 3.121841e+01 7.079018e-04 9.999955e-01 -2.914769e-03 -1.050937e+00 -2.631400e-02 2.932388e-03 9.996494e-01 -6.586878e+01
9.994506e-01 5.553384e-04 -3.313963e-02 3.127785e+01 -4.492466e-04 9.999948e-01 3.208729e-03 -1.047100e+00 3.314123e-02 -3.192079e-03 9.994456e-01 -6.614917e+01
9.997398e-01 -3.189212e-04 2.280948e-02 3.207844e+01 3.886320e-04 9.999953e-01 -3.051832e-03 -1.079735e+00 -2.280840e-02 3.059903e-03 9.997352e-01 -6.597333e+01
9.994317e-01 2.614033e-04 -3.370662e-02 3.299633e+01 -1.559058e-04 9.999951e-01 3.132481e-03 -1.103169e+00 3.370727e-02 -3.125446e-03 9.994269e-01 -6.618175e+01
9.997447e-01 -4.326893e-04 2.258867e-02 3.378979e+01 5.003590e-04 9.999954e-01 -2.990150e-03 -1.105560e+00 -2.258727e-02 3.000690e-03 9.997404e-01 -6.676877e+01
9.995018e-01 1.224777e-04 -3.156166e-02 3.442936e+01 -2.584361e-05 9.999953e-01 3.062160e-03 -1.109695e+00 3.156189e-02 -3.059820e-03 9.994971e-01 -6.716995e+01
9.997383e-01 -4.325879e-04 2.287255e-02 3.511393e+01 5.000808e-04 9.999955e-01 -2.945168e-03 -1.125443e+00 -2.287117e-02 2.955836e-03 9.997341e-01 -6.733209e+01
9.994932e-01 4.018766e-04 -3.183166e-02 3.598276e+01 -3.013611e-04 9.999950e-01 3.162468e-03 -1.156925e+00 3.183277e-02 -3.151273e-03 9.994882e-01 -6.718767e+01
9.997439e-01 -2.295313e-04 2.263025e-02 3.685516e+01 3.008707e-04 9.999950e-01 -3.149019e-03 -1.191759e+00 -2.262942e-02 3.155022e-03 9.997389e-01 -6.666386e+01
9.995367e-01 -3.325435e-05 -3.043497e-02 3.727994e+01 1.301215e-04 9.999949e-01 3.180798e-03 -1.197207e+00 3.043471e-02 -3.183285e-03 9.995317e-01 -6.704822e+01
9.997199e-01 -6.698757e-05 2.366803e-02 3.769674e+01 1.337685e-04 9.999960e-01 -2.819974e-03 -1.210677e+00 -2.366774e-02 2.822351e-03 9.997159e-01 -6.736379e+01
9.994946e-01 -5.605456e-05 -3.178790e-02 3.828698e+01 1.485706e-04 9.999958e-01 2.908078e-03 -1.229711e+00 3.178760e-02 -2.911332e-03 9.994904e-01 -6.744414e+01
9.996996e-01 -3.271818e-06 2.450736e-02 3.878027e+01 6.846832e-05 9.999965e-01 -2.659425e-03 -1.246624e+00 -2.450726e-02 2.660304e-03 9.996961e-01 -6.754778e+01
9.994494e-01 3.482810e-04 -3.317717e-02 3.948314e+01 -2.509694e-04 9.999957e-01 2.937224e-03 -1.283540e+00 3.317804e-02 -2.927281e-03 9.994452e-01 -6.717880e+01
9.996173e-01 2.988500e-05 2.766171e-02 4.003038e+01 5.161928e-05 9.999957e-01 -2.945730e-03 -1.332217e+00 -2.766168e-02 2.946031e-03 9.996130e-01 -6.601317e+01
9.991269e-01 1.059212e-03 -4.176550e-02 4.159683e+01 -9.262415e-04 9.999944e-01 3.202979e-03 -1.416728e+00 4.176866e-02 -3.161498e-03 9.991223e-01 -6.474356e+01
9.996571e-01 -4.316172e-04 2.618362e-02 4.318375e+01 5.008302e-04 9.999964e-01 -2.636853e-03 -1.478100e+00 -2.618239e-02 2.649062e-03 9.996537e-01 -6.417216e+01
9.993167e-01 1.048246e-03 -3.694695e-02 4.435827e+01 -9.368463e-04 9.999950e-01 3.032315e-03 -1.547788e+00 3.694995e-02 -2.995630e-03 9.993126e-01 -6.323966e+01
9.995740e-01 -3.980461e-04 2.918288e-02 4.510964e+01 4.832357e-04 9.999956e-01 -2.912151e-03 -1.605298e+00 -2.918160e-02 2.925013e-03 9.995698e-01 -6.200269e+01
9.988416e-01 1.766083e-03 -4.808581e-02 4.710585e+01 -1.594039e-03 9.999922e-01 3.615968e-03 -1.689420e+00 4.809182e-02 -3.535129e-03 9.988367e-01 -6.155811e+01
9.996050e-01 -6.260181e-04 2.809671e-02 4.904824e+01 7.177415e-04 9.999944e-01 -3.254576e-03 -1.743431e+00 -2.809451e-02 3.273457e-03 9.995999e-01 -6.184616e+01
9.992453e-01 4.114370e-04 -3.884194e-02 4.986644e+01 -2.820073e-04 9.999944e-01 3.337645e-03 -1.752603e+00 3.884310e-02 -3.324173e-03 9.992398e-01 -6.265648e+01
9.995176e-01 -8.313414e-04 3.104583e-02 5.002596e+01 9.242075e-04 9.999951e-01 -2.977013e-03 -1.751532e+00 -3.104320e-02 3.004270e-03 9.995135e-01 -6.386714e+01
9.992548e-01 8.255100e-04 -3.858907e-02 5.048753e+01 -7.025887e-04 9.999946e-01 3.198857e-03 -1.769726e+00 3.859150e-02 -3.169361e-03 9.992500e-01 -6.406730e+01
9.995439e-01 -6.347448e-04 3.019312e-02 5.118978e+01 7.159540e-04 9.999962e-01 -2.678908e-03 -1.801653e+00 -3.019130e-02 2.699304e-03 9.995405e-01 -6.407291e+01
9.992659e-01 3.469782e-04 -3.830979e-02 5.153387e+01 -2.303818e-04 9.999953e-01 3.047900e-03 -1.803520e+00 3.831067e-02 -3.036837e-03 9.992613e-01 -6.491136e+01
9.995023e-01 -9.503051e-04 3.153184e-02 5.158032e+01 1.043489e-03 9.999951e-01 -2.938889e-03 -1.797712e+00 -3.152889e-02 2.970330e-03 9.994984e-01 -6.591458e+01
9.992858e-01 5.323495e-04 -3.778267e-02 5.174100e+01 -4.089798e-04 9.999946e-01 3.272913e-03 -1.797839e+00 3.778421e-02 -3.255124e-03 9.992806e-01 -6.648518e+01
9.994626e-01 -7.685706e-04 3.276995e-02 5.199943e+01 8.718841e-04 9.999947e-01 -3.138500e-03 -1.809526e+00 -3.276737e-02 3.165385e-03 9.994580e-01 -6.640179e+01
9.992712e-01 6.240869e-04 -3.816586e-02 5.244603e+01 -4.990103e-04 9.999945e-01 3.286635e-03 -1.835469e+00 3.816770e-02 -3.265195e-03 9.992660e-01 -6.594293e+01
9.994611e-01 -8.862836e-04 3.281259e-02 5.274210e+01 9.909809e-04 9.999945e-01 -3.174626e-03 -1.847926e+00 -3.280959e-02 3.205432e-03 9.994565e-01 -6.597831e+01
9.992858e-01 5.389646e-04 -3.778348e-02 5.299630e+01 -4.156161e-04 9.999946e-01 3.272407e-03 -1.856887e+00 3.778503e-02 -3.254367e-03 9.992806e-01 -6.599823e+01
