9.999787e-01 3.057575e-04 -6.525423e-03 1.263016e-01 -3.033011e-04 9.999999e-01 3.774365e-04 -9.923610e-03 6.525537e-03 -3.754500e-04 9.999786e-01 1.841959e-01
9.999977e-01 -1.432651e-04 -2.116684e-03 1.326299e-01 1.439136e-04 9.999999e-01 3.061875e-04 -5.305545e-03 2.116640e-03 -3.064907e-04 9.999977e-01 8.998193e-02
9.999758e-01 4.566480e-04 -6.946755e-03 5.121831e-01 -4.546639e-04 9.999999e-01 2.871926e-04 -1.976520e-02 6.946885e-03 -2.840279e-04 9.999758e-01 5.958863e-02
9.999994e-01 -6.709287e-05 1.060193e-03 5.463210e-01 6.686022e-05 1.000000e+00 2.195119e-04 -2.862634e-02 -1.060207e-03 -2.194402e-04 9.999994e-01 3.383184e-01
9.999699e-01 4.246087e-04 -7.743773e-03 3.353180e-01 -4.213479e-04 9.999998e-01 4.227142e-04 -1.898897e-02 7.743951e-03 -4.194394e-04 9.999699e-01 4.944517e-01
9.999963e-01 -2.513494e-04 2.697221e-03 3.343413e-01 2.513806e-04 1.000000e+00 -1.121763e-05 -2.610459e-02 -2.697218e-03 1.189633e-05 9.999964e-01 8.052190e-01
9.999746e-01 3.683798e-04 -7.114183e-03 2.922735e-01 -3.663550e-04 9.999999e-01 2.859202e-04 -3.292032e-02 7.114288e-03 -2.833074e-04 9.999747e-01 1.243283e+00
9.999999e-01 -2.514155e-04 4.401354e-04 2.686192e-01 2.513166e-04 9.999999e-01 2.248161e-04 -3.403696e-02 -4.401916e-04 -2.247048e-04 9.999999e-01 1.158160e+00
9.999754e-01 3.027443e-04 -7.007845e-03 2.614547e-01 -3.011632e-04 9.999999e-01 2.266787e-04 -3.647050e-02 7.007913e-03 -2.245633e-04 9.999754e-01 1.113773e+00
9.999986e-01 -7.087217e-06 1.668487e-03 1.555817e-01 6.668316e-06 1.000000e+00 2.510998e-04 -4.148605e-02 -1.668489e-03 -2.510876e-04 9.999986e-01 1.394217e+00
9.999604e-01 4.616363e-04 -8.892298e-03 2.066049e-01 -4.597703e-04 9.999999e-01 2.118884e-04 -4.726584e-02 8.892395e-03 -2.077923e-04 9.999604e-01 1.610055e+00
9.999998e-01 -3.157517e-04 5.227340e-04 4.693924e-01 3.156479e-04 9.999999e-01 1.985898e-04 -5.334114e-02 -5.227963e-04 -1.984241e-04 9.999998e-01 1.636098e+00
9.999748e-01 6.141766e-04 -7.077806e-03 4.726361e-01 -6.119519e-04 9.999998e-01 3.164902e-04 -5.661301e-02 7.077999e-03 -3.121517e-04 9.999749e-01 1.803645e+00
9.999943e-01 -3.191689e-04 -3.373827e-03 9.340150e-01 3.194895e-04 9.999999e-01 9.448027e-05 -6.230707e-02 3.373797e-03 -9.555692e-05 9.999943e-01 1.812318e+00
9.999711e-01 5.093317e-04 -7.583439e-03 1.449800e+00 -5.108362e-04 9.999999e-01 -1.964447e-04 -5.607974e-02 7.583337e-03 2.003122e-04 9.999712e-01 1.717056e+00
9.999995e-01 -2.638213e-04 9.307547e-04 1.229849e+00 2.635147e-04 9.999999e-01 3.295615e-04 -2.767518e-02 -9.308412e-04 -3.293154e-04 9.999995e-01 2.156715e+00
9.999595e-01 6.138981e-04 -8.974446e-03 1.247971e+00 -6.152480e-04 9.999998e-01 -1.476435e-04 -1.108282e-02 8.974354e-03 1.531583e-04 9.999597e-01 2.530067e+00
9.999996e-01 -4.888740e-04 8.063783e-04 1.553740e+00 4.886849e-04 9.999999e-01 2.347023e-04 -2.086549e-02 -8.064926e-04 -2.343074e-04 9.999996e-01 2.682009e+00
9.999779e-01 8.116549e-04 -6.594634e-03 1.495760e+00 -8.111751e-04 9.999997e-01 7.545127e-05 -1.787805e-02 6.594693e-03 -7.010091e-05 9.999783e-01 2.977610e+00
9.999971e-01 -4.774147e-04 -2.348502e-03 1.677884e+00 4.781407e-04 9.999998e-01 3.085590e-04 -1.243451e-02 2.348355e-03 -3.096803e-04 9.999972e-01 3.121552e+00
9.999685e-01 6.706872e-04 -7.907760e-03 2.256348e+00 -6.715487e-04 9.999998e-01 -1.062686e-04 -2.672276e-02 7.907687e-03 1.115750e-04 9.999687e-01 3.053558e+00
9.999992e-01 -5.020717e-04 -1.186084e-03 2.784578e+00 5.025494e-04 9.999998e-01 4.024388e-04 -4.713134e-02 1.185882e-03 -4.030338e-04 9.999992e-01 3.093075e+00
9.999662e-01 8.773349e-04 -8.177585e-03 3.194537e+00 -8.785030e-04 9.999996e-01 -1.392431e-04 -5.903828e-02 8.177459e-03 1.464217e-04 9.999666e-01 3.143207e+00
9.999997e-01 -7.138085e-04 1.579523e-05 3.376504e+00 7.137995e-04 9.999996e-01 5.719293e-04 -6.103868e-02 -1.620313e-05 -5.719171e-04 9.999998e-01 3.141689e+00
9.999494e-01 9.564080e-04 -1.001203e-02 3.801567e+00 -9.587700e-04 9.999995e-01 -2.311105e-04 -6.526906e-02 1.001180e-02 2.406974e-04 9.999499e-01 3.128885e+00
9.999989e-01 -7.873691e-04 1.272989e-03 3.891264e+00 7.866642e-04 9.999995e-01 5.542772e-04 -5.359117e-02 -1.273425e-03 -5.532744e-04 9.999990e-01 3.231463e+00
9.999374e-01 6.756983e-04 -1.116677e-02 4.368100e+00 -6.791881e-04 9.999997e-01 -3.087196e-04 -5.962478e-02 1.116656e-02 3.162839e-04 9.999376e-01 2.978163e+00
9.999983e-01 -6.532687e-04 1.752853e-03 4.779213e+00 6.525344e-04 9.999997e-01 4.195172e-04 -6.436293e-02 -1.753126e-03 -4.183720e-04 9.999984e-01 2.846158e+00
9.999225e-01 8.568621e-04 -1.241891e-02 5.256018e+00 -8.581482e-04 9.999996e-01 -9.822251e-05 -6.775496e-02 1.241882e-02 1.088715e-04 9.999229e-01 2.787619e+00
9.999913e-01 -5.514846e-04 4.127395e-03 5.260858e+00 5.492094e-04 9.999997e-01 5.523720e-04 -5.635321e-02 -4.127698e-03 -5.500997e-04 9.999913e-01 2.914885e+00
9.999420e-01 8.546475e-04 -1.074058e-02 4.693018e+00 -8.525873e-04 9.999996e-01 1.963989e-04 -2.660344e-02 1.074074e-02 -1.872310e-04 9.999423e-01 3.089402e+00
9.999877e-01 -5.665413e-04 4.931432e-03 4.377219e+00 5.644119e-04 9.999997e-01 4.331995e-04 -9.233955e-03 -4.931675e-03 -4.304101e-04 9.999877e-01 3.353475e+00
9.999210e-01 7.620868e-04 -1.254917e-02 3.948413e+00 -7.550938e-04 9.999996e-01 5.619857e-04 1.158009e-02 1.254959e-02 -5.524662e-04 9.999211e-01 3.276321e+00
9.999870e-01 -1.391416e-03 4.900319e-03 3.993297e+00 1.392721e-03 9.999990e-01 -2.629416e-04 1.872459e-02 -4.899948e-03 2.697637e-04 9.999880e-01 2.353363e+00
9.999225e-01 1.375809e-03 -1.237100e-02 4.048740e+00 -1.366514e-03 9.999988e-01 7.598202e-04 1.982421e-02 1.237203e-02 -7.428569e-04 9.999232e-01 2.071725e+00
9.999842e-01 -1.147317e-03 5.503635e-03 3.805289e+00 1.146816e-03 9.999993e-01 9.426536e-05 2.610141e-02 -5.503739e-03 -8.795151e-05 9.999849e-01 1.896242e+00
9.999119e-01 1.338060e-03 -1.320358e-02 3.383166e+00 -1.323842e-03 9.999985e-01 1.085522e-03 3.765925e-02 1.320501e-02 -1.067948e-03 9.999122e-01 1.564420e+00
9.999755e-01 -9.964963e-04 6.924155e-03 2.680276e+00 9.978940e-04 9.999995e-01 -1.983966e-04 6.715387e-02 -6.923953e-03 2.053020e-04 9.999760e-01 1.603533e+00
9.999078e-01 1.221702e-03 -1.352137e-02 2.246462e+00 -1.209809e-03 9.999989e-01 8.877461e-04 9.354004e-02 1.352243e-02 -8.713067e-04 9.999082e-01 1.821329e+00
9.999855e-01 -1.269244e-03 5.234016e-03 2.460723e+00 1.270390e-03 9.999992e-01 -2.157248e-04 8.818571e-02 -5.233738e-03 2.223716e-04 9.999863e-01 1.570513e+00
9.998790e-01 1.245727e-03 -1.550696e-02 2.970576e+00 -1.238636e-03 9.999991e-01 4.669043e-04 8.279885e-02 1.550753e-02 -4.476410e-04 9.998797e-01 1.310776e+00
9.999812e-01 -1.379741e-03 5.973742e-03 3.338992e+00 1.380597e-03 9.999990e-01 -1.391137e-04 8.161339e-02 -5.973544e-03 1.473591e-04 9.999821e-01 9.147336e-01
9.999077e-01 1.148705e-03 -1.353804e-02 3.270875e+00 -1.138844e-03 9.999991e-01 7.360881e-04 8.843806e-02 1.353887e-02 -7.206031e-04 9.999081e-01 3.921944e-01
9.999825e-01 -1.036495e-03 5.817131e-03 3.050557e+00 1.036513e-03 9.999995e-01 -5.430282e-08 9.914265e-02 -5.817127e-03 6.084531e-06 9.999831e-01 2.124171e-01
9.999110e-01 9.813200e-04 -1.330256e-02 3.034192e+00 -9.743488e-04 9.999994e-01 5.305290e-04 1.027753e-01 1.330308e-02 -5.175212e-04 9.999114e-01 -1.166877e-01
9.999744e-01 -7.375061e-04 7.118437e-03 2.816567e+00 7.371764e-04 9.999997e-01 4.896491e-05 1.118924e-01 -7.118471e-03 -4.371542e-05 9.999747e-01 5.097590e-02
9.998877e-01 6.422628e-04 -1.497417e-02 2.546532e+00 -6.297226e-04 9.999994e-01 8.421714e-04 1.273401e-01 1.497470e-02 -8.326479e-04 9.998875e-01 -3.299762e-01
9.999689e-01 -1.925157e-04 7.886311e-03 1.754080e+00 1.896140e-04 9.999999e-01 3.687146e-04 1.614621e-01 -7.886381e-03 -3.672071e-04 9.999688e-01 -3.743604e-01
9.998861e-01 5.494087e-04 -1.508137e-02 1.093008e+00 -5.388674e-04 9.999996e-01 7.030254e-04 1.885344e-01 1.508175e-02 -6.948192e-04 9.998860e-01 -4.097044e-01
9.999664e-01 -1.988100e-04 8.193096e-03 3.326643e-01 1.962484e-04 9.999999e-01 3.134808e-04 2.226313e-01 -8.193157e-03 -3.118617e-04 9.999664e-01 -3.399896e-01
9.998890e-01 5.180605e-04 -1.489359e-02 -5.359899e-01 -5.076516e-04 9.999996e-01 7.026690e-04 2.636436e-01 1.489394e-02 -6.950309e-04 9.998888e-01 -2.630380e-01
9.999681e-01 -3.298871e-04 7.981026e-03 -1.116248e+00 3.296924e-04 9.999999e-01 2.573203e-05 2.943386e-01 -7.981034e-03 -2.309923e-05 9.999682e-01 -2.712846e-01
9.998893e-01 4.315687e-04 -1.487406e-02 -1.336436e+00 -4.208896e-04 9.999997e-01 7.210987e-04 3.036704e-01 1.487437e-02 -7.147592e-04 9.998891e-01 -4.303585e-01
9.999758e-01 -1.581475e-04 6.955817e-03 -1.044587e+00 1.602522e-04 9.999999e-01 -3.019992e-04 2.886819e-01 -6.955768e-03 3.031073e-04 9.999758e-01 -3.217797e-01
9.998455e-01 6.159221e-04 -1.756532e-02 -3.812649e-01 -6.051168e-04 9.999996e-01 6.204659e-04 2.580331e-01 1.756569e-02 -6.097417e-04 9.998455e-01 -1.201390e-01
9.999710e-01 -6.865369e-04 7.590934e-03 1.773304e-01 6.903444e-04 9.999996e-01 -4.989572e-04 2.434711e-01 -7.590589e-03 5.041838e-04 9.999711e-01 -1.008571e-01
9.999085e-01 7.863860e-04 -1.350124e-02 -5.950358e-02 -7.697984e-04 9.999989e-01 1.233770e-03 2.511666e-01 1.350219e-02 -1.223265e-03 9.999081e-01 -2.407693e-01
9.999801e-01 -5.607981e-04 6.285420e-03 -7.020074e-01 5.612644e-04 9.999998e-01 -7.239573e-05 2.740699e-01 -6.285378e-03 7.592276e-05 9.999802e-01 -4.677753e-01
9.998774e-01 3.135244e-04 -1.565268e-02 -3.536071e-01 -3.029434e-04 9.999997e-01 6.783599e-04 2.708090e-01 1.565289e-02 -6.735356e-04 9.998773e-01 -1.043654e+00
9.999949e-01 -7.908378e-04 3.082455e-03 7.114902e-01 7.933705e-04 9.999993e-01 -8.204367e-04 2.704920e-01 -3.081804e-03 8.228788e-04 9.999949e-01 -1.931407e+00
9.998944e-01 8.845903e-04 -1.450853e-02 1.475904e+00 -8.700214e-04 9.999991e-01 1.010458e-03 2.604708e-01 1.450941e-02 -9.977290e-04 9.998942e-01 -2.285259e+00
9.999796e-01 -7.489767e-04 6.344855e-03 1.772208e+00 7.538465e-04 9.999994e-01 -7.651386e-04 2.504229e-01 -6.344278e-03 7.699068e-04 9.999796e-01 -2.148331e+00
9.999214e-01 1.058476e-03 -1.249159e-02 1.302261e+00 -1.039516e-03 9.999983e-01 1.524288e-03 2.697612e-01 1.249319e-02 -1.511184e-03 9.999208e-01 -2.099277e+00
9.999861e-01 -1.062787e-03 5.173342e-03 9.337772e-01 1.068023e-03 9.999989e-01 -1.009311e-03 2.943554e-01 -5.172263e-03 1.014823e-03 9.999861e-01 -2.240905e+00
9.998955e-01 9.568610e-04 -1.442589e-02 1.473306e+00 -9.409341e-04 9.999989e-01 1.110807e-03 2.869255e-01 1.442693e-02 -1.097118e-03 9.998953e-01 -2.590647e+00
9.999923e-01 -8.551375e-04 3.838899e-03 2.152966e+00 8.579739e-04 9.999994e-01 -7.372110e-04 2.771478e-01 -3.838265e-03 7.404996e-04 9.999924e-01 -2.937893e+00
9.999377e-01 1.138731e-03 -1.110452e-02 1.774953e+00 -1.119510e-03 9.999979e-01 1.737033e-03 2.941660e-01 1.110647e-02 -1.724494e-03 9.999368e-01 -2.872707e+00
9.999976e-01 -8.835367e-04 2.015632e-03 1.866040e+00 8.857113e-04 9.999990e-01 -1.078141e-03 3.023716e-01 -2.014678e-03 1.079924e-03 9.999974e-01 -2.969295e+00
9.999644e-01 1.007497e-03 -8.379921e-03 1.599507e+00 -9.918055e-04 9.999977e-01 1.876441e-03 3.158451e-01 8.381793e-03 -1.868064e-03 9.999631e-01 -2.742302e+00
9.999966e-01 -6.509695e-04 2.520618e-03 9.238984e-01 6.544513e-04 9.999988e-01 -1.380651e-03 3.549279e-01 -2.519716e-03 1.382297e-03 9.999959e-01 -2.400643e+00
9.999571e-01 9.782930e-04 -9.206113e-03 4.439551e-01 -9.589607e-04 9.999973e-01 2.104144e-03 3.812073e-01 9.208146e-03 -2.095226e-03 9.999554e-01 -2.201589e+00
9.999954e-01 -6.557441e-04 2.958533e-03 -5.815814e-01 6.591359e-04 9.999991e-01 -1.145551e-03 4.340394e-01 -2.957779e-03 1.147497e-03 9.999950e-01 -1.942209e+00
9.999478e-01 1.017079e-03 -1.016323e-02 -9.534039e-01 -9.997417e-04 9.999980e-01 1.710889e-03 4.584663e-01 1.016495e-02 -1.700640e-03 9.999469e-01 -1.695023e+00
9.999969e-01 -6.595557e-04 2.411309e-03 -1.202408e+00 6.616397e-04 9.999994e-01 -8.634899e-04 4.704602e-01 -2.410738e-03 8.650833e-04 9.999967e-01 -1.678635e+00
9.999447e-01 1.021796e-03 -1.046940e-02 -1.518854e+00 -1.003509e-03 9.999980e-01 1.751831e-03 4.854565e-01 1.047117e-02 -1.741229e-03 9.999437e-01 -1.692723e+00
9.999948e-01 -9.032594e-04 3.092985e-03 -1.994466e+00 9.059376e-04 9.999992e-01 -8.645257e-04 5.076494e-01 -3.092202e-03 8.673239e-04 9.999948e-01 -1.956767e+00
9.999503e-01 1.259787e-03 -9.888456e-03 -2.700938e+00 -1.240687e-03 9.999974e-01 1.937502e-03 5.353343e-01 9.890870e-03 -1.925138e-03 9.999492e-01 -1.985748e+00
9.999965e-01 -1.017002e-03 2.436516e-03 -2.966402e+00 1.019936e-03 9.999988e-01 -1.203157e-03 5.478027e-01 -2.435289e-03 1.205639e-03 9.999963e-01 -2.086854e+00
9.999491e-01 8.146822e-04 -1.006060e-02 -2.946400e+00 -8.010651e-04 9.999988e-01 1.357484e-03 5.580438e-01 1.006170e-02 -1.349357e-03 9.999485e-01 -2.294502e+00
9.999858e-01 -5.359884e-04 5.298790e-03 -3.673447e+00 5.400195e-04 9.999996e-01 -7.593125e-04 5.957597e-01 -5.298380e-03 7.621639e-04 9.999857e-01 -1.928648e+00
9.999400e-01 8.301995e-04 -1.092219e-02 -4.719120e+00 -8.151557e-04 9.999987e-01 1.381766e-03 6.563139e-01 1.092332e-02 -1.372780e-03 9.999394e-01 -1.470364e+00
9.999858e-01 -5.274380e-04 5.297600e-03 -5.420510e+00 5.313239e-04 9.999996e-01 -7.321013e-04 6.945371e-01 -5.297212e-03 7.349064e-04 9.999857e-01 -1.125236e+00
9.999484e-01 8.342747e-04 -1.012472e-02 -6.116534e+00 -8.207957e-04 9.999988e-01 1.335400e-03 7.395363e-01 1.012582e-02 -1.327021e-03 9.999479e-01 -5.451905e-01
9.999875e-01 -6.132249e-04 4.954330e-03 -6.911604e+00 6.170527e-04 9.999995e-01 -7.710751e-04 7.907680e-01 -4.953854e-03 7.741233e-04 9.999874e-01 4.170831e-03
9.999331e-01 8.886840e-04 -1.153347e-02 -7.211599e+00 -8.717061e-04 9.999985e-01 1.477020e-03 8.080303e-01 1.153476e-02 -1.466868e-03 9.999324e-01 2.088733e-01
9.999895e-01 -6.851911e-04 4.525361e-03 -7.826119e+00 6.869478e-04 9.999997e-01 -3.865846e-04 8.277577e-01 -4.525095e-03 3.896899e-04 9.999897e-01 -5.799064e-02
9.999406e-01 1.077367e-03 -1.084873e-02 -8.654547e+00 -1.063360e-03 9.999986e-01 1.296800e-03 8.661309e-01 1.085011e-02 -1.285188e-03 9.999403e-01 6.311534e-02
9.999917e-01 -7.400025e-04 3.999555e-03 -9.609867e+00 7.410164e-04 9.999997e-01 -2.519559e-04 9.117739e-01 -3.999368e-03 2.549182e-04 9.999920e-01 1.541270e-01
9.999394e-01 9.593932e-04 -1.097095e-02 -1.037390e+01 -9.451417e-04 9.999987e-01 1.304156e-03 9.428615e-01 1.097219e-02 -1.293709e-03 9.999390e-01 -2.326352e-02
9.999898e-01 -7.151405e-04 4.463079e-03 -1.089858e+01 7.169529e-04 9.999997e-01 -4.044347e-04 9.611928e-01 -4.462788e-03 4.076310e-04 9.999900e-01 -1.632028e-01
9.999356e-01 9.470825e-04 -1.130793e-02 -1.091742e+01 -9.393648e-04 9.999993e-01 6.878253e-04 9.642393e-01 1.130857e-02 -6.771594e-04 9.999358e-01 3.233102e-02
9.999923e-01 -6.594779e-04 3.872131e-03 -1.076772e+01 6.608585e-04 9.999997e-01 -3.552218e-04 9.606902e-01 -3.871896e-03 3.577786e-04 9.999924e-01 2.422048e-01
9.999471e-01 9.417882e-04 -1.024414e-02 -1.095090e+01 -9.298117e-04 9.999989e-01 1.173834e-03 9.630615e-01 1.024523e-02 -1.164248e-03 9.999468e-01 3.046812e-01
9.999937e-01 -7.856577e-04 3.470328e-03 -1.129175e+01 7.868413e-04 9.999996e-01 -3.396309e-04 9.737356e-01 -3.470060e-03 3.423600e-04 9.999939e-01 1.139105e-01
9.999425e-01 5.461788e-04 -1.070971e-02 -1.130117e+01 -5.375332e-04 9.999995e-01 8.101536e-04 9.780451e-01 1.071015e-02 -8.043508e-04 9.999423e-01 -4.199158e-01
9.999954e-01 -7.192106e-04 2.938133e-03 -1.146002e+01 7.194878e-04 9.999997e-01 -9.320937e-05 9.863869e-01 -2.938065e-03 9.532356e-05 9.999957e-01 -9.492695e-01
9.999455e-01 7.369445e-04 -1.040993e-02 -1.161520e+01 -7.285365e-04 9.999994e-01 8.114856e-04 9.926894e-01 1.041052e-02 -8.038581e-04 9.999455e-01 -1.256057e+00
9.999935e-01 -3.649430e-04 3.596263e-03 -1.202048e+01 3.646755e-04 9.999999e-01 7.511172e-05 1.007213e+00 -3.596290e-03 -7.379910e-05 9.999935e-01 -1.255999e+00
9.999505e-01 7.165341e-04 -9.919114e-03 -1.242816e+01 -7.094852e-04 9.999995e-01 7.141724e-04 1.023159e+00 9.919621e-03 -7.071003e-04 9.999505e-01 -1.157482e+00
9.999959e-01 -3.487168e-04 2.853034e-03 -1.273064e+01 3.480239e-04 9.999999e-01 2.434464e-04 1.029513e+00 -2.853118e-03 -2.424518e-04 9.999959e-01 -1.215464e+00
9.999463e-01 3.615869e-04 -1.035642e-02 -1.280525e+01 -3.576447e-04 9.999999e-01 3.825310e-04 1.032868e+00 1.035656e-02 -3.788072e-04 9.999463e-01 -1.489641e+00
9.999955e-01 -1.422862e-04 3.010039e-03 -1.296178e+01 1.408821e-04 9.999999e-01 4.667833e-04 1.035840e+00 -3.010105e-03 -4.663564e-04 9.999954e-01 -1.625461e+00
9.999652e-01 4.049522e-04 -8.334482e-03 -1.290108e+01 -4.070470e-04 9.999999e-01 -2.496183e-04 1.026778e+00 8.334379e-03 2.530015e-04 9.999652e-01 -1.250455e+00
9.999983e-01 9.972699e-05 1.821446e-03 -1.274605e+01 -1.010878e-04 9.999997e-01 7.472106e-04 1.009846e+00 -1.821370e-03 -7.473929e-04 9.999981e-01 -7.958850e-01
9.999609e-01 1.601026e-04 -8.840774e-03 -1.268788e+01 -1.617764e-04 1.000000e+00 -1.885730e-04 1.004451e+00 8.840743e-03 1.899952e-04 9.999609e-01 -7.176370e-01
9.999965e-01 1.379406e-04 2.637000e-03 -1.285111e+01 -1.393698e-04 9.999998e-01 5.419133e-04 1.013167e+00 -2.636925e-03 -5.422783e-04 9.999964e-01 -6.760847e-01
9.999371e-01 -4.797126e-04 -1.120357e-02 -1.292222e+01 4.769155e-04 9.999999e-01 -2.523119e-04 1.029105e+00 1.120369e-02 2.469522e-04 9.999372e-01 -1.237570e+00
9.999939e-01 2.417655e-05 3.500770e-03 -1.312531e+01 -2.752347e-05 9.999995e-01 9.560933e-04 1.040739e+00 -3.500745e-03 -9.561832e-04 9.999934e-01 -2.165573e+00
9.999462e-01 -5.362487e-05 -1.037441e-02 -1.317577e+01 4.935828e-05 9.999999e-01 -4.114876e-04 1.040133e+00 1.037443e-02 4.109528e-04 9.999461e-01 -2.417954e+00
9.999950e-01 -2.495577e-04 3.142158e-03 -1.305816e+01 2.473207e-04 9.999997e-01 7.124121e-04 1.040571e+00 -3.142335e-03 -7.116308e-04 9.999948e-01 -2.996783e+00
9.999469e-01 -5.025378e-04 -1.029522e-02 -1.309650e+01 4.994133e-04 9.999998e-01 -3.060361e-04 1.048950e+00 1.029537e-02 3.008776e-04 9.999470e-01 -4.139857e+00
9.999962e-01 -3.416192e-04 2.725127e-03 -1.331386e+01 3.392842e-04 9.999996e-01 8.573773e-04 1.063070e+00 -2.725418e-03 -8.564488e-04 9.999959e-01 -5.396984e+00
9.999728e-01 3.174370e-04 -7.364492e-03 -1.345499e+01 -3.204832e-04 9.999999e-01 -4.124065e-04 1.061510e+00 7.364360e-03 4.147548e-04 9.999728e-01 -5.379463e+00
9.999868e-01 -3.813977e-04 5.120750e-03 -1.405851e+01 3.791188e-04 9.999998e-01 4.460584e-04 1.086195e+00 -5.120919e-03 -4.441105e-04 9.999868e-01 -4.497262e+00
9.999443e-01 7.366523e-04 -1.052970e-02 -1.494986e+01 -7.349715e-04 9.999997e-01 1.635275e-04 1.133451e+00 1.052981e-02 -1.557801e-04 9.999445e-01 -4.149742e+00
9.999957e-01 -5.188236e-04 2.883658e-03 -1.518076e+01 5.169707e-04 9.999997e-01 6.433652e-04 1.142724e+00 -2.883991e-03 -6.418711e-04 9.999956e-01 -4.307145e+00
9.999297e-01 1.682093e-04 -1.185637e-02 -1.496584e+01 -1.723688e-04 9.999999e-01 -3.497792e-04 1.145630e+00 1.185631e-02 3.517976e-04 9.999296e-01 -4.949412e+00
9.999936e-01 -9.013121e-05 3.570779e-03 -1.499355e+01 8.707188e-05 9.999996e-01 8.570034e-04 1.152758e+00 -3.570855e-03 -8.566863e-04 9.999933e-01 -5.214761e+00
9.999248e-01 -3.152344e-05 -1.226209e-02 -1.474168e+01 2.312915e-05 9.999998e-01 -6.846880e-04 1.152509e+00 1.226211e-02 6.843523e-04 9.999246e-01 -5.395101e+00
9.999914e-01 2.597635e-04 4.127660e-03 -1.418378e+01 -2.625084e-04 9.999997e-01 6.645590e-04 1.119248e+00 -4.127486e-03 -6.656362e-04 9.999913e-01 -5.070169e+00
9.999054e-01 -4.542804e-04 -1.374887e-02 -1.354663e+01 4.461013e-04 9.999997e-01 -5.979319e-04 1.098152e+00 1.374914e-02 5.917413e-04 9.999053e-01 -5.098582e+00
9.999823e-01 -6.171945e-04 5.924143e-03 -1.336546e+01 6.141446e-04 9.999997e-01 5.166996e-04 1.109280e+00 -5.924460e-03 -5.130515e-04 9.999823e-01 -6.379909e+00
9.998996e-01 5.575183e-04 -1.416028e-02 -1.393506e+01 -5.521797e-04 9.999998e-01 3.809459e-04 1.136479e+00 1.416049e-02 -3.730893e-04 9.998997e-01 -7.023964e+00
9.999804e-01 -6.436653e-04 6.228301e-03 -1.457543e+01 6.405262e-04 9.999997e-01 5.060319e-04 1.164816e+00 -6.228624e-03 -5.020319e-04 9.999805e-01 -7.534465e+00
9.999231e-01 6.565503e-04 -1.238365e-02 -1.472246e+01 -6.559027e-04 9.999998e-01 5.638635e-05 1.169555e+00 1.238368e-02 -4.826018e-05 9.999233e-01 -7.739525e+00
9.999858e-01 -6.082060e-04 5.288890e-03 -1.473662e+01 6.065061e-04 9.999998e-01 3.230597e-04 1.170004e+00 -5.289085e-03 -3.198467e-04 9.999860e-01 -8.000080e+00
9.999160e-01 5.740663e-05 -1.296203e-02 -1.465271e+01 -5.816712e-05 1.000000e+00 -5.826803e-05 1.175229e+00 1.296202e-02 5.901646e-05 9.999160e-01 -8.848001e+00
9.999901e-01 -3.436984e-04 4.425200e-03 -1.446367e+01 3.418374e-04 9.999999e-01 4.213784e-04 1.176244e+00 -4.425344e-03 -4.198609e-04 9.999901e-01 -9.338974e+00
9.999181e-01 -1.874105e-04 -1.279517e-02 -1.420473e+01 1.848646e-04 1.000000e+00 -2.001309e-04 1.179711e+00 1.279521e-02 1.977485e-04 9.999181e-01 -1.007263e+01
9.999885e-01 -1.159167e-04 4.786326e-03 -1.399115e+01 1.135789e-04 9.999999e-01 4.887682e-04 1.180167e+00 -4.786382e-03 -4.882184e-04 9.999884e-01 -1.056829e+01
9.999162e-01 -1.662936e-04 -1.294402e-02 -1.377867e+01 1.641032e-04 1.000000e+00 -1.702553e-04 1.180440e+00 1.294405e-02 1.681162e-04 9.999162e-01 -1.108317e+01
9.999845e-01 4.221140e-04 5.552369e-03 -1.420600e+01 -4.289984e-04 9.999991e-01 1.238843e-03 1.192834e+00 -5.551841e-03 -1.241205e-03 9.999838e-01 -1.128935e+01
9.999460e-01 -3.165303e-04 -1.038864e-02 -1.410962e+01 3.052630e-04 9.999994e-01 -1.086112e-03 1.175274e+00 1.038898e-02 1.082881e-03 9.999454e-01 -1.083089e+01
9.999915e-01 4.404468e-04 4.099445e-03 -1.384199e+01 -4.457029e-04 9.999991e-01 1.281425e-03 1.149377e+00 -4.098876e-03 -1.283241e-03 9.999908e-01 -1.040860e+01
9.999292e-01 -3.434677e-04 -1.189263e-02 -1.358240e+01 3.320366e-04 9.999995e-01 -9.631251e-04 1.136915e+00 1.189296e-02 9.591075e-04 9.999288e-01 -1.038295e+01
9.999931e-01 1.052620e-04 3.707022e-03 -1.332393e+01 -1.099531e-04 9.999992e-01 1.265355e-03 1.134909e+00 -3.706886e-03 -1.265753e-03 9.999923e-01 -1.073384e+01
9.999302e-01 -1.489832e-04 -1.181596e-02 -1.303889e+01 1.382188e-04 9.999996e-01 -9.117910e-04 1.126968e+00 1.181609e-02 9.100935e-04 9.999298e-01 -1.084579e+01
9.999774e-01 2.601027e-04 6.720291e-03 -1.292256e+01 -2.683373e-04 9.999992e-01 1.224507e-03 1.107339e+00 -6.719967e-03 -1.226282e-03 9.999767e-01 -1.043871e+01
9.999412e-01 -8.674823e-05 -1.084539e-02 -1.286204e+01 7.521609e-05 9.999994e-01 -1.063691e-03 1.088269e+00 1.084548e-02 1.062812e-03 9.999406e-01 -9.869898e+00
9.999820e-01 2.687642e-04 5.991450e-03 -1.278174e+01 -2.762738e-04 9.999992e-01 1.252655e-03 1.072579e+00 -5.991108e-03 -1.254287e-03 9.999813e-01 -9.342461e+00
9.999541e-01 -2.029899e-04 -9.576328e-03 -1.269603e+01 1.916652e-04 9.999993e-01 -1.183438e-03 1.048969e+00 9.576562e-03 1.181547e-03 9.999534e-01 -8.605325e+00
9.999881e-01 3.584012e-04 4.874821e-03 -1.273620e+01 -3.661136e-04 9.999987e-01 1.581351e-03 1.042452e+00 -4.874248e-03 -1.583116e-03 9.999869e-01 -8.187515e+00
9.999460e-01 -1.040972e-04 -1.039171e-02 -1.282072e+01 9.298809e-05 9.999994e-01 -1.069477e-03 1.041021e+00 1.039182e-02 1.068453e-03 9.999454e-01 -7.919285e+00
9.999881e-01 3.904640e-04 4.861471e-03 -1.345171e+01 -3.995932e-04 9.999982e-01 1.877112e-03 1.071611e+00 -4.860729e-03 -1.879031e-03 9.999864e-01 -7.648362e+00
9.999450e-01 -1.277658e-04 -1.048362e-02 -1.410828e+01 1.144629e-04 9.999992e-01 -1.269470e-03 1.105279e+00 1.048378e-02 1.268200e-03 9.999442e-01 -7.354893e+00
9.999911e-01 4.357313e-04 4.203532e-03 -1.444257e+01 -4.445030e-04 9.999977e-01 2.086136e-03 1.115449e+00 -4.202613e-03 -2.087985e-03 9.999890e-01 -7.327440e+00
9.999537e-01 -1.635866e-04 -9.626540e-03 -1.483869e+01 1.503026e-04 9.999990e-01 -1.380607e-03 1.129147e+00 9.626756e-03 1.379095e-03 9.999527e-01 -7.202879e+00
9.999972e-01 5.102095e-04 2.329384e-03 -1.506373e+01 -5.151501e-04 9.999976e-01 2.121009e-03 1.133774e+00 -2.328296e-03 -2.122202e-03 9.999950e-01 -7.261703e+00
9.999475e-01 -7.885407e-04 -1.021478e-02 -1.501405e+01 7.719685e-04 9.999984e-01 -1.626178e-03 1.136503e+00 1.021604e-02 1.618207e-03 9.999465e-01 -7.826963e+00
9.999959e-01 7.726848e-04 2.773327e-03 -1.510703e+01 -7.792400e-04 9.999969e-01 2.363495e-03 1.140551e+00 -2.771492e-03 -2.365645e-03 9.999934e-01 -8.147793e+00
9.999623e-01 -4.666708e-04 -8.670473e-03 -1.586638e+01 4.538347e-04 9.999988e-01 -1.482300e-03 1.175744e+00 8.671154e-03 1.478308e-03 9.999613e-01 -7.962830e+00
9.999961e-01 7.494359e-04 2.674667e-03 -1.675439e+01 -7.557077e-04 9.999970e-01 2.344816e-03 1.215497e+00 -2.672901e-03 -2.346828e-03 9.999937e-01 -7.819833e+00
9.999719e-01 -5.158209e-04 -7.484167e-03 -1.756738e+01 5.027495e-04 9.999983e-01 -1.748266e-03 1.250174e+00 7.485056e-03 1.744454e-03 9.999705e-01 -7.538391e+00
9.999928e-01 6.588004e-04 3.749228e-03 -1.819923e+01 -6.660929e-04 9.999979e-01 1.944231e-03 1.275036e+00 -3.747939e-03 -1.946714e-03 9.999911e-01 -7.046710e+00
9.999708e-01 -4.696216e-04 -7.624523e-03 -1.878168e+01 4.565282e-04 9.999984e-01 -1.718871e-03 1.299402e+00 7.625318e-03 1.715339e-03 9.999695e-01 -6.540223e+00
9.999957e-01 6.550532e-04 2.874852e-03 -1.943715e+01 -6.612549e-04 9.999975e-01 2.156924e-03 1.332483e+00 -2.873431e-03 -2.158815e-03 9.999935e-01 -6.118479e+00
9.999669e-01 -4.304727e-04 -8.123262e-03 -2.007917e+01 4.177356e-04 9.999987e-01 -1.569555e-03 1.364380e+00 8.123927e-03 1.566109e-03 9.999658e-01 -5.791767e+00
9.999952e-01 6.401199e-04 3.047620e-03 -2.036278e+01 -6.458066e-04 9.999981e-01 1.865471e-03 1.373317e+00 -3.046420e-03 -1.867430e-03 9.999936e-01 -5.472473e+00
9.999560e-01 -2.577638e-04 -9.378788e-03 -2.058810e+01 2.461381e-04 9.999992e-01 -1.240667e-03 1.378683e+00 9.379100e-03 1.238303e-03 9.999552e-01 -5.367758e+00
9.999943e-01 5.630708e-04 3.320483e-03 -2.113367e+01 -5.697871e-04 9.999978e-01 2.022234e-03 1.401453e+00 -3.319336e-03 -2.024114e-03 9.999924e-01 -5.236230e+00
9.999432e-01 -1.450321e-04 -1.065353e-02 -2.173035e+01 1.337355e-04 9.999994e-01 -1.061030e-03 1.424660e+00 1.065367e-02 1.059544e-03 9.999427e-01 -5.277313e+00
9.999888e-01 4.748880e-04 4.700633e-03 -2.222021e+01 -4.832284e-04 9.999983e-01 1.773423e-03 1.442771e+00 -4.699783e-03 -1.775674e-03 9.999874e-01 -5.201195e+00
9.999646e-01 -3.102542e-04 -8.405493e-03 -2.269892e+01 2.982955e-04 9.999989e-01 -1.423898e-03 1.467935e+00 8.405926e-03 1.421339e-03 9.999637e-01 -4.627485e+00
9.999963e-01 6.005634e-04 2.637880e-03 -2.377809e+01 -6.066113e-04 9.999972e-01 2.292672e-03 1.520788e+00 -2.636495e-03 -2.294263e-03 9.999939e-01 -4.335670e+00
9.999597e-01 -2.111364e-04 -8.977785e-03 -2.465247e+01 1.986432e-04 9.999990e-01 -1.392396e-03 1.558675e+00 8.978070e-03 1.390556e-03 9.999587e-01 -4.259537e+00
9.999949e-01 5.295052e-04 3.155673e-03 -2.522999e+01 -5.361654e-04 9.999976e-01 2.110194e-03 1.584343e+00 -3.154548e-03 -2.111874e-03 9.999928e-01 -4.079825e+00
9.999565e-01 -2.094358e-04 -9.327105e-03 -2.596325e+01 1.968935e-04 9.999991e-01 -1.345573e-03 1.619659e+00 9.327378e-03 1.343677e-03 9.999556e-01 -3.893654e+00
9.999940e-01 4.903963e-04 3.431236e-03 -2.665979e+01 -4.976533e-04 9.999976e-01 2.114577e-03 1.655984e+00 -3.430191e-03 -2.116271e-03 9.999919e-01 -3.605188e+00
9.999597e-01 -2.073580e-04 -8.979009e-03 -2.731798e+01 1.941629e-04 9.999989e-01 -1.470347e-03 1.688698e+00 8.979303e-03 1.468544e-03 9.999586e-01 -3.336416e+00
9.999987e-01 6.154207e-04 1.505949e-03 -2.826075e+01 -6.195446e-04 9.999961e-01 2.739729e-03 1.725508e+00 -1.504257e-03 -2.740658e-03 9.999951e-01 -3.427635e+00
9.999625e-01 -1.619697e-04 -8.659548e-03 -2.944024e+01 1.492145e-04 9.999989e-01 -1.473539e-03 1.778054e+00 8.659777e-03 1.472191e-03 9.999614e-01 -3.473814e+00
9.999965e-01 4.197777e-04 2.629713e-03 -3.019869e+01 -4.251367e-04 9.999978e-01 2.037794e-03 1.819484e+00 -2.628852e-03 -2.038905e-03 9.999945e-01 -3.210082e+00
9.999488e-01 -5.277590e-04 -1.010323e-02 -3.026755e+01 5.115407e-04 9.999986e-01 -1.607736e-03 1.831268e+00 1.010407e-02 1.602485e-03 9.999477e-01 -3.515258e+00
9.999981e-01 4.727706e-04 1.898870e-03 -3.017272e+01 -4.766484e-04 9.999978e-01 2.042447e-03 1.834610e+00 -1.897900e-03 -2.043347e-03 9.999961e-01 -3.754035e+00
9.999669e-01 -2.736844e-04 -8.136152e-03 -3.034099e+01 2.621117e-04 9.999990e-01 -1.423359e-03 1.843706e+00 8.136533e-03 1.421179e-03 9.999659e-01 -3.631211e+00
9.999966e-01 5.889863e-04 2.541213e-03 -3.083394e+01 -5.938997e-04 9.999980e-01 1.933318e-03 1.872319e+00 -2.540069e-03 -1.934820e-03 9.999949e-01 -3.264050e+00
9.999548e-01 -3.856462e-04 -9.500461e-03 -3.103891e+01 3.740543e-04 9.999992e-01 -1.221841e-03 1.879159e+00 9.500925e-03 1.218232e-03 9.999541e-01 -3.411029e+00
9.999981e-01 5.280435e-04 1.864897e-03 -3.136776e+01 -5.318505e-04 9.999978e-01 2.041759e-03 1.891766e+00 -1.863814e-03 -2.042746e-03 9.999962e-01 -3.640462e+00
9.999455e-01 -6.929510e-04 -1.042026e-02 -3.150234e+01 6.802652e-04 9.999990e-01 -1.220866e-03 1.899212e+00 1.042109e-02 1.213711e-03 9.999450e-01 -4.225416e+00
9.999966e-01 -5.346960e-05 2.618996e-03 -3.142451e+01 4.932559e-05 9.999987e-01 1.582499e-03 1.905599e+00 -2.619077e-03 -1.582364e-03 9.999953e-01 -5.251223e+00
9.999445e-01 -8.252848e-04 -1.050354e-02 -3.127367e+01 8.105538e-04 9.999987e-01 -1.406617e-03 1.914241e+00 1.050469e-02 1.398025e-03 9.999438e-01 -6.374931e+00
9.999961e-01 9.924045e-05 2.789797e-03 -3.108106e+01 -1.036908e-04 9.999987e-01 1.595299e-03 1.920072e+00 -2.789635e-03 -1.595581e-03 9.999948e-01 -7.264216e+00
9.999482e-01 -3.474114e-04 -1.016745e-02 -3.084562e+01 3.356817e-04 9.999993e-01 -1.155296e-03 1.916629e+00 1.016784e-02 1.151822e-03 9.999476e-01 -7.608153e+00
9.999951e-01 2.394226e-04 3.108579e-03 -3.061840e+01 -2.436909e-04 9.999990e-01 1.372930e-03 1.911929e+00 -3.108247e-03 -1.373681e-03 9.999942e-01 -7.736305e+00
9.999420e-01 -5.345082e-04 -1.075349e-02 -3.047805e+01 5.229279e-04 9.999993e-01 -1.079627e-03 1.914927e+00 1.075405e-02 1.073941e-03 9.999416e-01 -8.313531e+00
9.999937e-01 4.458555e-04 3.507880e-03 -3.047092e+01 -4.514357e-04 9.999986e-01 1.590269e-03 1.917442e+00 -3.507166e-03 -1.591842e-03 9.999926e-01 -8.612512e+00
9.999534e-01 -1.824997e-04 -9.649869e-03 -3.073126e+01 1.738660e-04 9.999996e-01 -8.954770e-04 1.925284e+00 9.650029e-03 8.937570e-04 9.999530e-01 -8.431869e+00
9.999990e-01 -1.105428e-04 1.395891e-03 -3.065593e+01 1.085192e-04 9.999989e-01 1.450052e-03 1.928761e+00 -1.396049e-03 -1.449899e-03 9.999980e-01 -9.027852e+00
9.999553e-01 -2.759479e-04 -9.451885e-03 -3.046094e+01 2.663203e-04 9.999994e-01 -1.019795e-03 1.929381e+00 9.452161e-03 1.017232e-03 9.999548e-01 -9.674864e+00
9.999990e-01 -8.652624e-05 1.392058e-03 -3.019838e+01 8.464880e-05 9.999991e-01 1.349014e-03 1.929566e+00 -1.392173e-03 -1.348894e-03 9.999981e-01 -1.026903e+01
9.999516e-01 -3.227442e-04 -9.837020e-03 -2.984302e+01 3.121387e-04 9.999994e-01 -1.079589e-03 1.929946e+00 9.837362e-03 1.076466e-03 9.999510e-01 -1.087303e+01
9.999993e-01 8.830986e-05 1.148696e-03 -2.944693e+01 -8.975024e-05 9.999992e-01 1.254338e-03 1.925960e+00 -1.148584e-03 -1.254440e-03 9.999986e-01 -1.122655e+01
9.999685e-01 -1.981157e-04 -7.939270e-03 -2.920461e+01 1.902738e-04 9.999995e-01 -9.884322e-04 1.918742e+00 7.939462e-03 9.868899e-04 9.999680e-01 -1.130853e+01
9.999995e-01 8.752398e-05 1.011253e-03 -2.895417e+01 -8.887590e-05 9.999991e-01 1.337368e-03 1.911321e+00 -1.011135e-03 -1.337457e-03 9.999986e-01 -1.147272e+01
9.999514e-01 -1.270465e-04 -9.858133e-03 -2.855416e+01 1.176346e-04 9.999995e-01 -9.552533e-04 1.905142e+00 9.858249e-03 9.540467e-04 9.999510e-01 -1.175487e+01
9.999999e-01 1.915014e-04 4.873975e-04 -2.814367e+01 -1.921388e-04 9.999991e-01 1.308913e-03 1.895115e+00 -4.871464e-04 -1.309006e-03 9.999990e-01 -1.187767e+01
9.999659e-01 -3.359431e-04 -8.245518e-03 -2.798414e+01 3.298471e-04 9.999997e-01 -7.405983e-04 1.891731e+00 8.245764e-03 7.378528e-04 9.999657e-01 -1.225220e+01
9.999992e-01 3.904567e-04 -1.205218e-03 -2.751643e+01 -3.890542e-04 9.999992e-01 1.163313e-03 1.883990e+00 1.205672e-03 -1.162843e-03 9.999986e-01 -1.251995e+01
9.999712e-01 -4.261565e-05 -7.593912e-03 -2.718974e+01 3.792484e-05 9.999998e-01 -6.177875e-04 1.870466e+00 7.593937e-03 6.174811e-04 9.999710e-01 -1.250493e+01
9.999997e-01 2.015213e-04 -8.035590e-04 -2.718045e+01 -2.003932e-04 9.999990e-01 1.403132e-03 1.869931e+00 8.038411e-04 -1.402970e-03 9.999987e-01 -1.266992e+01
9.999650e-01 -1.727780e-04 -8.363386e-03 -2.693618e+01 1.658431e-04 9.999996e-01 -8.298320e-04 1.865675e+00 8.363527e-03 8.284154e-04 9.999647e-01 -1.296236e+01
9.999934e-01 6.126343e-04 -3.570295e-03 -2.608050e+01 -6.076369e-04 9.999988e-01 1.400478e-03 1.835633e+00 3.571149e-03 -1.398299e-03 9.999926e-01 -1.300603e+01
9.999645e-01 -6.064122e-04 -8.405203e-03 -2.525048e+01 5.926005e-04 9.999985e-01 -1.645558e-03 1.819771e+00 8.406188e-03 1.640518e-03 9.999633e-01 -1.322864e+01
9.999999e-01 -1.876009e-04 -3.573756e-04 -2.495117e+01 1.882256e-04 9.999985e-01 1.747386e-03 1.826086e+00 3.570472e-04 -1.747453e-03 9.999984e-01 -1.416823e+01
9.999585e-01 -1.530082e-04 -9.103687e-03 -2.447386e+01 1.380944e-04 9.999986e-01 -1.638764e-03 1.824508e+00 9.103925e-03 1.637438e-03 9.999572e-01 -1.469150e+01
9.999994e-01 3.472543e-04 1.067934e-03 -2.414527e+01 -3.491481e-04 9.999984e-01 1.774182e-03 1.810504e+00 -1.067316e-03 -1.774554e-03 9.999979e-01 -1.456728e+01
9.999581e-01 -3.142785e-04 -9.152658e-03 -2.398512e+01 3.007530e-04 9.999989e-01 -1.479055e-03 1.807301e+00 9.153113e-03 1.476239e-03 9.999570e-01 -1.473413e+01
1.000000e+00 -8.120641e-05 1.126160e-04 -2.365066e+01 8.100666e-05 9.999984e-01 1.776989e-03 1.808028e+00 -1.127601e-04 -1.776979e-03 9.999984e-01 -1.535551e+01
9.999594e-01 -8.286613e-05 -9.012375e-03 -2.330823e+01 7.009685e-05 9.999990e-01 -1.417112e-03 1.805031e+00 9.012483e-03 1.416422e-03 9.999584e-01 -1.572073e+01
9.999999e-01 3.427860e-04 1.569274e-04 -2.300205e+01 -3.430531e-04 9.999985e-01 1.708312e-03 1.797217e+00 -1.563415e-04 -1.708365e-03 9.999985e-01 -1.565774e+01
9.999546e-01 -3.683609e-04 -9.516738e-03 -2.260655e+01 3.528039e-04 9.999986e-01 -1.636279e-03 1.793135e+00 9.517327e-03 1.632847e-03 9.999534e-01 -1.578056e+01
1.000000e+00 -1.303759e-04 -1.427027e-04 -2.211996e+01 1.306277e-04 9.999984e-01 1.762105e-03 1.793571e+00 1.424728e-04 -1.762124e-03 9.999984e-01 -1.645075e+01
9.999504e-01 -4.559896e-05 -9.955649e-03 -2.162146e+01 2.742594e-05 9.999983e-01 -1.825475e-03 1.789907e+00 9.955716e-03 1.825111e-03 9.999488e-01 -1.684077e+01
9.999996e-01 1.073858e-04 8.917649e-04 -2.124976e+01 -1.092182e-04 9.999979e-01 2.055566e-03 1.784760e+00 -8.915422e-04 -2.055662e-03 9.999975e-01 -1.697911e+01
9.999458e-01 1.467552e-04 -1.041183e-02 -2.086143e+01 -1.662121e-04 9.999982e-01 -1.867839e-03 1.777397e+00 1.041153e-02 1.869468e-03 9.999441e-01 -1.700145e+01
9.999996e-01 2.201889e-04 8.702620e-04 -2.043584e+01 -2.221399e-04 9.999975e-01 2.242992e-03 1.763848e+00 -8.697659e-04 -2.243184e-03 9.999971e-01 -1.692462e+01
9.999283e-01 3.669402e-05 -1.197584e-02 -1.981919e+01 -5.755939e-05 9.999985e-01 -1.741905e-03 1.748928e+00 1.197576e-02 1.742469e-03 9.999268e-01 -1.702037e+01
9.999784e-01 2.927582e-04 6.566355e-03 -2.029462e+01 -3.076247e-04 9.999974e-01 2.263224e-03 1.777797e+00 -6.565676e-03 -2.265195e-03 9.999759e-01 -1.665292e+01
9.998906e-01 -5.943038e-06 -1.479241e-02 -2.034883e+01 -2.231893e-05 9.999982e-01 -1.910371e-03 1.795702e+00 1.479239e-02 1.910492e-03 9.998888e-01 -1.641591e+01
9.999984e-01 -5.344513e-05 1.795897e-03 -1.942411e+01 4.931268e-05 9.999974e-01 2.301313e-03 1.787198e+00 -1.796015e-03 -2.301221e-03 9.999957e-01 -1.689071e+01
9.999036e-01 -2.771280e-04 -1.388192e-02 -1.858753e+01 2.448540e-04 9.999973e-01 -2.326501e-03 1.788144e+00 1.388252e-02 2.322877e-03 9.999009e-01 -1.760254e+01
9.999912e-01 1.446987e-04 4.184244e-03 -1.829116e+01 -1.548168e-04 9.999971e-01 2.418054e-03 1.794550e+00 -4.183881e-03 -2.418681e-03 9.999883e-01 -1.794340e+01
9.998915e-01 -3.617555e-04 -1.472587e-02 -1.795519e+01 3.265271e-04 9.999971e-01 -2.394576e-03 1.805334e+00 1.472670e-02 2.389507e-03 9.998887e-01 -1.825008e+01
9.999977e-01 1.007659e-03 1.912495e-03 -1.696737e+01 -1.013446e-03 9.999949e-01 3.028058e-03 1.773581e+00 -1.909434e-03 -3.029989e-03 9.999936e-01 -1.817602e+01
9.998805e-01 -2.398314e-04 -1.545429e-02 -1.592557e+01 1.920909e-04 9.999952e-01 -3.090516e-03 1.740203e+00 1.545496e-02 3.087178e-03 9.998758e-01 -1.801773e+01
9.999763e-01 3.052718e-04 6.873281e-03 -1.578249e+01 -3.283438e-04 9.999943e-01 3.355973e-03 1.744547e+00 -6.872218e-03 -3.358150e-03 9.999707e-01 -1.808958e+01
9.998997e-01 -4.012179e-04 -1.415890e-02 -1.589247e+01 3.608594e-04 9.999959e-01 -2.852806e-03 1.753094e+00 1.415998e-02 2.847410e-03 9.998957e-01 -1.847645e+01
9.999795e-01 -2.926633e-05 6.410114e-03 -1.580032e+01 8.638272e-06 9.999948e-01 3.218139e-03 1.756853e+00 -6.410175e-03 -3.218017e-03 9.999743e-01 -1.913443e+01
9.999015e-01 -9.444969e-05 -1.403221e-02 -1.561691e+01 5.544662e-05 9.999961e-01 -2.779863e-03 1.753718e+00 1.403242e-02 2.778811e-03 9.998977e-01 -1.952183e+01
9.999875e-01 1.860195e-04 4.988242e-03 -1.517912e+01 -2.017556e-04 9.999950e-01 3.154428e-03 1.750926e+00 -4.987630e-03 -3.155395e-03 9.999826e-01 -1.954384e+01
9.998518e-01 1.880468e-04 -1.721332e-02 -1.433795e+01 -2.415111e-04 9.999952e-01 -3.103923e-03 1.733125e+00 1.721265e-02 3.107620e-03 9.998470e-01 -1.952034e+01
9.999525e-01 1.263897e-04 9.745800e-03 -1.443746e+01 -1.620435e-04 9.999933e-01 3.657732e-03 1.744108e+00 -9.745272e-03 -3.659137e-03 9.999458e-01 -1.936059e+01
9.998470e-01 -3.586911e-05 -1.749080e-02 -1.456007e+01 -1.915087e-05 9.999951e-01 -3.145443e-03 1.755684e+00 1.749083e-02 3.145296e-03 9.998421e-01 -1.935565e+01
9.999580e-01 -6.980484e-04 9.136223e-03 -1.431505e+01 6.663969e-04 9.999938e-01 3.467041e-03 1.760091e+00 -9.138586e-03 -3.460807e-03 9.999523e-01 -2.026391e+01
9.998666e-01 2.814645e-04 -1.633078e-02 -1.414811e+01 -3.321743e-04 9.999951e-01 -3.102504e-03 1.759807e+00 1.632982e-02 3.107514e-03 9.998618e-01 -2.080514e+01
9.999554e-01 -4.499226e-05 9.439542e-03 -1.386944e+01 1.332788e-05 9.999944e-01 3.354537e-03 1.737093e+00 -9.439640e-03 -3.354261e-03 9.999498e-01 -2.051471e+01
9.997976e-01 4.168158e-04 -2.011406e-02 -1.322962e+01 -4.751460e-04 9.999957e-01 -2.895254e-03 1.715053e+00 2.011276e-02 2.904224e-03 9.997935e-01 -2.051435e+01
9.999560e-01 -2.944308e-04 9.373046e-03 -1.262725e+01 2.654463e-04 9.999952e-01 3.093478e-03 1.698667e+00 -9.373912e-03 -3.090854e-03 9.999513e-01 -2.056998e+01
9.998388e-01 -3.496508e-04 -1.795250e-02 -1.236639e+01 2.975238e-04 9.999957e-01 -2.906165e-03 1.703956e+00 1.795344e-02 2.900355e-03 9.998346e-01 -2.142560e+01
9.999390e-01 -3.448853e-04 1.103828e-02 -1.201127e+01 3.114330e-04 9.999954e-01 3.032199e-03 1.698928e+00 -1.103928e-02 -3.028576e-03 9.999345e-01 -2.199671e+01
9.998174e-01 3.944573e-05 -1.910682e-02 -1.150192e+01 -9.848757e-05 9.999952e-01 -3.089130e-03 1.684940e+00 1.910661e-02 3.090448e-03 9.998127e-01 -2.221628e+01
9.999509e-01 -6.352110e-04 9.892939e-03 -1.109349e+01 6.022268e-04 9.999943e-01 3.336794e-03 1.686726e+00 -9.895002e-03 -3.330672e-03 9.999455e-01 -2.294274e+01
9.998169e-01 4.673214e-04 -1.912943e-02 -1.056033e+01 -5.274174e-04 9.999949e-01 -3.136591e-03 1.679960e+00 1.912787e-02 3.146106e-03 9.998121e-01 -2.331713e+01
9.999461e-01 -1.497856e-04 1.038317e-02 -1.024438e+01 1.142123e-04 9.999941e-01 3.426618e-03 1.674603e+00 -1.038362e-02 -3.425247e-03 9.999402e-01 -2.313755e+01
9.998067e-01 4.870291e-04 -1.965746e-02 -9.805338e+00 -5.505089e-04 9.999947e-01 -3.223985e-03 1.661553e+00 1.965579e-02 3.234183e-03 9.998016e-01 -2.297653e+01
9.999243e-01 -3.290159e-05 1.230531e-02 -9.969189e+00 -1.279936e-05 9.999931e-01 3.713871e-03 1.678830e+00 -1.230535e-02 -3.713747e-03 9.999174e-01 -2.267600e+01
9.997741e-01 -2.104062e-04 -2.125454e-02 -1.021835e+01 1.409567e-04 9.999946e-01 -3.268934e-03 1.700941e+00 2.125511e-02 3.265199e-03 9.997688e-01 -2.312090e+01
9.999248e-01 2.998644e-04 1.226211e-02 -9.816758e+00 -3.445363e-04 9.999933e-01 3.641181e-03 1.691018e+00 -1.226094e-02 -3.645132e-03 9.999182e-01 -2.323856e+01
