1.000000e+00 1.197624e-11 1.704639e-10 3.214096e-14 1.197625e-11 1.000000e+00 3.562503e-10 -1.998401e-15 1.704639e-10 3.562503e-10 1.000000e+00 -4.041212e-14 0.000000e+00 0.000000e+00 0.000000e+00 1.000000e+00
-7.530774e-01 1.215011e-01 6.466157e-01 -4.596636e+00 5.012375e-01 7.425764e-01 4.442312e-01 2.014244e-01 -4.261870e-01 6.586485e-01 -6.201184e-01 -1.491232e+00
9.997211e-01 -1.769067e-02 1.564178e-02 -9.701380e+00 1.767435e-02 9.998431e-01 1.180588e-03 4.320962e-01 -1.566021e-02 -9.038000e-04 9.998770e-01 -3.004520e+00
-4.001623e-01 -5.461943e-02 9.148152e-01 -1.206883e+01 5.318451e-01 7.990893e-01 2.803518e-01 5.235851e-01 -7.463317e-01 5.987262e-01 -2.907163e-01 -2.790760e+00
9.207736e-01 2.541969e-01 -2.959052e-01 -1.296131e+01 -2.383919e-01 9.670856e-01 8.896498e-02 5.345476e-01 3.087802e-01 -1.137520e-02 9.510654e-01 -1.904743e+00
-7.263822e-01 -1.208480e-01 6.765830e-01 -1.456301e+01 3.318868e-01 8.003617e-01 4.992717e-01 5.767762e-01 -6.018471e-01 5.872111e-01 -5.412607e-01 -1.202760e+00
9.737857e-01 -1.477317e-01 -1.729647e-01 -1.791247e+01 1.356456e-01 9.875392e-01 -7.979125e-02 7.101305e-01 1.825971e-01 5.423767e-02 9.816907e-01 -1.393436e+00
-7.023267e-01 3.197723e-01 6.359896e-01 -2.301603e+01 6.046793e-01 7.394373e-01 2.959653e-01 9.257440e-01 -3.756329e-01 5.924341e-01 -7.126863e-01 -2.755103e+00
9.992299e-01 2.326066e-02 3.159894e-02 -3.058447e+01 -3.024497e-02 9.696454e-01 2.426375e-01 1.274042e+00 -2.499586e-02 -2.434064e-01 9.696023e-01 -5.063022e+00
-6.733990e-01 5.615029e-02 7.371438e-01 -3.715242e+01 6.717947e-01 4.626873e-01 5.784568e-01 1.569013e+00 -3.085866e-01 8.847415e-01 -3.492947e-01 -6.736998e+00
9.710495e-01 1.982357e-01 -1.332869e-01 -4.213709e+01 -2.173215e-01 9.647509e-01 -1.484153e-01 1.795409e+00 9.916747e-02 1.730847e-01 9.799018e-01 -8.195483e+00
-7.204548e-01 -5.920684e-02 6.909699e-01 -4.689570e+01 3.839354e-01 7.956781e-01 4.684975e-01 2.004703e+00 -5.775279e-01 6.028191e-01 -5.505185e-01 -9.607031e+00
8.352070e-01 -1.267973e-01 -5.351184e-01 -5.177978e+01 2.216287e-01 9.681455e-01 1.165119e-01 2.232760e+00 5.032990e-01 -2.159092e-01 8.367038e-01 -1.103670e+01
-3.532315e-01 3.902493e-01 8.502547e-01 -5.554501e+01 8.368669e-01 5.380625e-01 1.007100e-01 2.399983e+00 -4.181881e-01 7.471239e-01 -5.166474e-01 -1.203832e+01
9.453771e-01 3.237330e-01 -3.819823e-02 -5.939456e+01 -2.814330e-01 8.696964e-01 4.054918e-01 2.572092e+00 1.644919e-01 -3.725924e-01 9.133002e-01 -1.296940e+01
3.719707e-01 -5.873855e-01 7.187601e-01 -6.390628e+01 9.277000e-01 2.087255e-01 -3.095260e-01 2.784120e+00 3.178752e-02 7.819284e-01 6.225573e-01 -1.436998e+01
5.429404e-01 5.884835e-01 5.990850e-01 -6.851939e+01 -2.200362e-01 7.881584e-01 -5.747960e-01 2.991520e+00 -8.104318e-01 1.802596e-01 5.574107e-01 -1.540836e+01
3.756768e-01 -7.570291e-01 5.345782e-01 -7.158593e+01 2.167845e-01 6.326114e-01 7.435101e-01 3.120063e+00 -9.010391e-01 -1.634312e-01 4.017696e-01 -1.542788e+01
9.533106e-01 -2.905315e-01 -8.240381e-02 -7.327332e+01 1.460726e-01 6.824388e-01 -7.161984e-01 3.183535e+00 2.643138e-01 6.707225e-01 6.930148e-01 -1.497482e+01
8.316085e-01 2.821826e-02 5.546450e-01 -7.338812e+01 -4.419060e-01 6.385209e-01 6.300874e-01 3.161418e+00 -3.363725e-01 -7.690870e-01 5.434692e-01 -1.368326e+01
-1.644096e-01 -6.533898e-01 7.389528e-01 -7.535672e+01 9.394554e-01 1.246183e-01 3.192082e-01 3.224474e+00 -3.006544e-01 7.466941e-01 5.933421e-01 -1.324312e+01
7.518115e-01 5.551780e-01 3.557483e-01 -7.833187e+01 -1.196678e-02 5.509203e-01 -8.344721e-01 3.331697e+00 -6.592695e-01 6.231085e-01 4.208319e-01 -1.284301e+01
2.702347e-01 -4.827116e-01 8.330442e-01 -8.069843e+01 -3.635475e-01 7.500236e-01 5.525376e-01 3.422694e+00 -8.915192e-01 -4.521660e-01 2.719381e-02 -1.281239e+01
5.398790e-01 -8.368165e-01 -9.093286e-02 -8.312109e+01 6.749715e-01 4.949281e-01 -5.472292e-01 3.525839e+00 5.029356e-01 2.340604e-01 8.320285e-01 -1.296851e+01
-1.712185e-01 7.993904e-01 5.758986e-01 -8.617509e+01 4.485069e-01 5.836920e-01 -6.768642e-01 3.652822e+00 -8.772262e-01 1.424028e-01 -4.584710e-01 -1.329900e+01
9.722023e-01 -1.373676e-01 1.896121e-01 -8.833612e+01 -9.908487e-02 4.923560e-01 8.647356e-01 3.734631e+00 -2.121433e-01 -8.594857e-01 4.650586e-01 -1.302049e+01
-1.078403e-01 -3.294014e-01 9.380113e-01 -9.078786e+01 9.917900e-01 -1.008681e-01 7.860124e-02 3.828939e+00 6.872403e-02 9.387866e-01 3.375747e-01 -1.305491e+01
5.614917e-01 8.103435e-01 1.675425e-01 -9.376380e+01 -6.158375e-01 5.444601e-01 -5.694799e-01 3.950711e+00 -5.526946e-01 2.165792e-01 8.047497e-01 -1.335366e+01
-2.296012e-01 -8.368131e-01 4.970183e-01 -9.630401e+01 -2.943867e-01 5.464504e-01 7.840462e-01 4.044034e+00 -9.276959e-01 3.370234e-02 -3.718123e-01 -1.322513e+01
6.558363e-01 -7.413271e-01 -1.425234e-01 -9.848869e+01 4.879383e-01 5.603405e-01 -6.692793e-01 4.124447e+00 5.760165e-01 3.693950e-01 7.292135e-01 -1.306690e+01
-1.712282e-01 5.372317e-01 8.258711e-01 -9.982297e+01 -1.684823e-01 8.099364e-01 -5.617977e-01 4.166429e+00 -9.707186e-01 -2.353403e-01 -4.816993e-02 -1.251744e+01
5.517291e-01 -2.671433e-01 -7.900819e-01 -1.003314e+02 7.214915e-01 6.280935e-01 2.914595e-01 4.167902e+00 4.183839e-01 -7.308441e-01 5.392790e-01 -1.162052e+01
2.464932e-01 6.394437e-01 7.282533e-01 -1.009739e+02 5.399222e-01 5.334163e-01 -6.511153e-01 4.174482e+00 -8.048137e-01 5.536956e-01 -2.137664e-01 -1.074977e+01
8.749158e-01 4.311699e-01 -2.204877e-01 -1.011145e+02 1.755031e-02 4.267650e-01 9.041922e-01 4.150249e+00 4.839569e-01 -7.949617e-01 3.658163e-01 -9.375608e+00
-7.000870e-02 -1.025118e-01 9.922651e-01 -1.012752e+02 9.728376e-01 2.130040e-01 9.064363e-02 4.128808e+00 -2.206485e-01 9.716587e-01 8.481519e-02 -8.152999e+00
5.362198e-01 8.431952e-01 3.860209e-02 -1.019232e+02 -8.424852e-01 5.318391e-01 8.582507e-02 4.132394e+00 5.183719e-02 -7.854279e-02 9.955621e-01 -7.278100e+00
4.893016e-01 -8.719742e-01 1.564959e-02 -1.019832e+02 8.700812e-01 4.893068e-01 5.947643e-02 4.114973e+00 -5.951936e-02 -1.548550e-02 9.981070e-01 -6.286678e+00
5.478861e-01 8.060842e-01 2.237163e-01 -1.020043e+02 -7.368733e-01 5.916265e-01 -3.271021e-01 4.095559e+00 -3.960284e-01 1.436409e-02 9.181259e-01 -5.368435e+00
4.622646e-01 -6.755056e-01 -5.744595e-01 -1.020268e+02 8.085218e-01 5.871201e-01 -3.977982e-02 4.078430e+00 3.641482e-01 -4.460742e-01 8.175658e-01 -4.381076e+00
5.100284e-01 7.549051e-01 4.122976e-01 -1.020016e+02 -7.330684e-01 6.322369e-01 -2.507731e-01 4.055828e+00 -4.499797e-01 -1.743410e-01 8.758559e-01 -3.332826e+00
4.456327e-01 -6.471585e-01 -6.185445e-01 -1.019773e+02 7.291082e-01 6.632858e-01 -1.686808e-01 4.033579e+00 5.194350e-01 -3.758161e-01 7.674304e-01 -2.280151e+00
6.469967e-01 6.915099e-01 3.212621e-01 -1.016918e+02 -7.599790e-01 6.190160e-01 1.981191e-01 4.014340e+00 -6.186503e-02 -3.723348e-01 9.260343e-01 -1.432436e+00
-4.356911e-01 -7.526814e-01 4.936031e-01 -1.026207e+02 4.860338e-01 2.648336e-01 8.328471e-01 4.056095e+00 -7.575912e-01 6.027719e-01 2.504430e-01 -1.352443e+00
-6.704578e-01 5.752950e-01 -4.685318e-01 -1.025265e+02 -5.123041e-01 9.782753e-02 8.532141e-01 4.032785e+00 5.366851e-01 8.120748e-01 2.291368e-01 -3.233542e-01
1.788677e-01 -7.034297e-01 6.878903e-01 -1.024078e+02 9.834283e-01 1.488470e-01 -1.035051e-01 4.023634e+00 -2.958181e-02 6.950045e-01 7.183966e-01 3.125255e-01
6.659251e-02 9.931228e-01 9.629361e-02 -1.023304e+02 6.478582e-02 -1.006079e-01 9.928146e-01 4.005579e+00 9.956748e-01 -5.987555e-02 -7.104001e-02 1.219879e+00
8.903026e-01 -4.942708e-02 4.526789e-01 -1.021021e+02 4.545378e-01 1.565066e-01 -8.768700e-01 3.988008e+00 -2.750613e-02 9.864394e-01 1.618048e-01 2.141852e+00
2.074882e-01 6.854544e-01 -6.979261e-01 -1.018184e+02 9.359882e-01 6.830044e-02 3.453422e-01 3.978152e+00 2.843850e-01 -7.249050e-01 -6.274057e-01 2.858061e+00
3.235199e-01 9.347715e-01 1.467554e-01 -1.015375e+02 -5.375062e-01 3.091962e-01 -7.845284e-01 3.967862e+00 -7.787310e-01 1.749286e-01 6.024766e-01 3.574670e+00
-3.074102e-01 -3.172101e-01 -8.971492e-01 -1.009462e+02 7.704106e-01 4.704234e-01 -4.303131e-01 3.945726e+00 5.585396e-01 -8.234559e-01 9.976912e-02 4.534433e+00
3.795298e-01 5.919501e-01 7.110219e-01 -1.004973e+02 -8.852842e-01 4.556078e-01 9.323853e-02 3.930151e+00 -2.687546e-01 -6.648433e-01 6.969608e-01 5.391113e+00
-1.446654e-01 -7.114655e-01 -6.876691e-01 -1.001201e+02 -4.710942e-01 6.606817e-01 -5.844398e-01 3.917631e+00 8.701392e-01 2.394087e-01 -4.307450e-01 6.179652e+00
8.405884e-01 -5.312403e-01 1.058060e-01 -9.969091e+01 1.411864e-01 4.034568e-01 9.040404e-01 3.908415e+00 -5.229508e-01 -7.449875e-01 4.141450e-01 6.852219e+00
2.703080e-01 3.641409e-01 -8.912547e-01 -9.924833e+01 -9.089806e-01 4.016235e-01 -1.115924e-01 3.893612e+00 3.173135e-01 8.402975e-01 4.395591e-01 7.527193e+00
4.448430e-01 -8.775861e-01 -1.787661e-01 -9.893236e+01 8.389294e-01 3.384258e-01 4.262223e-01 3.877034e+00 -3.135477e-01 -3.395742e-01 8.867791e-01 8.283994e+00
9.676296e-02 9.430809e-01 -3.181750e-01 -9.874513e+01 -8.915467e-01 2.242415e-01 3.935228e-01 3.856815e+00 4.424719e-01 2.455895e-01 8.624990e-01 9.162759e+00
3.991693e-01 -9.158320e-01 4.376758e-02 -9.852766e+01 8.602395e-01 3.575672e-01 -3.635021e-01 3.835251e+00 3.172570e-01 1.827494e-01 9.305647e-01 1.008783e+01
4.762543e-01 8.672705e-01 1.449957e-01 -9.823091e+01 -5.234737e-01 1.471520e-01 8.392387e-01 3.819399e+00 7.065105e-01 -4.755924e-01 5.240751e-01 1.082138e+01
8.065436e-01 -5.468977e-01 2.244778e-01 -9.805185e+01 4.492167e-01 3.201251e-01 -8.341009e-01 3.805004e+00 3.843068e-01 7.735780e-01 5.038704e-01 1.142866e+01
2.813900e-01 3.490931e-01 8.938421e-01 -9.876281e+01 -7.922367e-01 6.101125e-01 1.112210e-02 3.820009e+00 -5.414616e-01 -7.112642e-01 4.482439e-01 1.165934e+01
8.048631e-02 -9.894020e-01 1.208540e-01 -9.997832e+01 9.398083e-01 1.157238e-01 3.215094e-01 3.875002e+00 -3.320878e-01 8.770244e-02 9.391624e-01 1.098500e+01
7.274352e-01 5.412041e-01 4.218247e-01 -1.018511e+02 3.903655e-01 1.791681e-01 -9.030579e-01 3.965849e+00 -5.643162e-01 8.215820e-01 -8.093420e-02 9.955282e+00
4.272597e-01 -1.231482e-01 8.957029e-01 -1.039496e+02 -6.548842e-01 6.408796e-01 4.004997e-01 4.082147e+00 -6.233585e-01 -7.576991e-01 1.931742e-01 8.563076e+00
-6.434692e-02 -9.137320e-01 4.011898e-01 -1.055114e+02 9.754892e-01 2.717971e-02 2.183622e-01 4.184924e+00 -2.104288e-01 4.054072e-01 8.895868e-01 7.168410e+00
3.827854e-01 8.936654e-01 -2.341742e-01 -1.062500e+02 -9.093964e-01 3.198528e-01 -2.658803e-01 4.212352e+00 -1.627068e-01 3.147323e-01 9.351311e-01 7.025599e+00
2.607044e-01 -9.292798e-01 -2.616719e-01 -1.067063e+02 9.647411e-01 2.609221e-01 3.455691e-02 4.229942e+00 3.616295e-02 -2.614548e-01 9.645380e-01 7.155775e+00
1.308952e-01 9.906632e-01 3.811567e-02 -1.067165e+02 -6.655547e-01 5.931410e-02 7.439885e-01 4.218153e+00 7.347812e-01 -1.227526e-01 6.671045e-01 7.907176e+00
-3.703322e-01 -4.677671e-01 8.025260e-01 -1.060620e+02 9.288825e-01 -1.812733e-01 3.229819e-01 4.272985e+00 -5.603704e-03 8.650630e-01 5.016320e-01 6.367774e+00
9.373650e-02 9.424069e-01 -3.210650e-01 -1.076912e+02 -7.627302e-01 2.752420e-01 5.852218e-01 4.358759e+00 6.398876e-01 1.900293e-01 7.446024e-01 5.632751e+00
6.634295e-01 -7.468001e-01 4.637777e-02 -1.080893e+02 5.248437e-01 4.202835e-01 -7.402033e-01 4.381563e+00 5.332921e-01 5.154138e-01 6.707818e-01 5.424549e+00
7.475549e-01 6.087809e-01 -2.656076e-01 -1.081679e+02 1.339101e-01 2.535394e-01 9.580114e-01 4.390910e+00 6.505611e-01 -7.517337e-01 1.080127e-01 5.459756e+00
8.819651e-01 2.430991e-01 -4.037826e-01 -1.081908e+02 -4.705898e-01 4.067117e-01 -7.830268e-01 4.398938e+00 -2.612999e-02 8.806182e-01 4.731054e-01 5.558706e+00
7.846295e-01 -5.488454e-01 -2.883145e-01 -1.087348e+02 5.471716e-01 3.944168e-01 7.382673e-01 4.426440e+00 -2.914785e-01 -7.370238e-01 6.097837e-01 5.328561e+00
-2.309664e-01 7.258867e-01 -6.478758e-01 -1.087966e+02 -7.796465e-01 2.602822e-01 5.695651e-01 4.439926e+00 5.820703e-01 6.366646e-01 5.058186e-01 5.403338e+00
5.422168e-01 -8.318522e-01 1.184183e-01 -1.089444e+02 7.525991e-01 4.181460e-01 -5.086733e-01 4.443247e+00 3.736248e-01 3.649327e-01 8.527770e-01 5.828835e+00
6.275620e-01 7.763230e-01 5.906367e-02 -1.087201e+02 -3.776598e-01 2.371953e-01 8.950483e-01 4.430314e+00 6.808369e-01 -5.840043e-01 4.420407e-01 6.426844e+00
4.386692e-01 -4.096077e-01 7.998692e-01 -1.103102e+02 8.459824e-01 -1.120029e-01 -5.213148e-01 4.503070e+00 3.031223e-01 9.053601e-01 2.973887e-01 5.693239e+00
4.299280e-01 8.859680e-01 -1.738464e-01 -1.103290e+02 6.692397e-01 -1.834701e-01 7.200395e-01 4.532040e+00 6.060364e-01 -4.259101e-01 -6.718039e-01 5.273259e+00
7.110193e-01 7.030192e-01 -1.468150e-02 -1.102650e+02 -5.536349e-02 3.515496e-02 -9.978472e-01 4.535090e+00 -7.009896e-01 7.103014e-01 6.391746e-02 5.487691e+00
-4.720329e-01 1.219269e-01 -8.731087e-01 -1.101709e+02 8.783010e-01 1.503940e-01 -4.538380e-01 4.545782e+00 7.597520e-02 -9.810787e-01 -1.780794e-01 5.467002e+00
8.505893e-03 7.325050e-01 6.807085e-01 -1.098898e+02 -9.586141e-01 1.997043e-01 -2.029217e-01 4.555796e+00 -2.845816e-01 -6.508108e-01 7.038883e-01 5.464590e+00
-2.610026e-01 -9.037275e-01 -3.393438e-01 -1.094842e+02 -4.092974e-01 4.219677e-01 -8.089616e-01 4.552742e+00 8.742730e-01 -7.224852e-02 -4.800280e-01 5.887603e+00
7.518539e-01 -5.201622e-01 4.051506e-01 -1.093194e+02 -3.566248e-01 1.960098e-01 9.134544e-01 4.548232e+00 -5.545579e-01 -8.312710e-01 -3.813205e-02 6.339123e+00
-3.368004e-01 -1.565951e-01 -9.284630e-01 -1.090047e+02 -9.398947e-01 1.148161e-01 3.215823e-01 4.554750e+00 5.624426e-02 9.809665e-01 -1.858529e-01 6.406630e+00
5.666847e-02 -9.966083e-01 5.967020e-02 -1.090104e+02 9.892072e-01 6.413542e-02 1.317415e-01 4.564963e+00 -1.351216e-01 5.156060e-02 9.894866e-01 6.606315e+00
2.230571e-01 9.742103e-01 -3.405759e-02 -1.082014e+02 -9.162411e-01 1.976009e-01 -3.485055e-01 4.559936e+00 -3.327878e-01 1.089416e-01 9.366878e-01 6.860037e+00
-3.769560e-01 -9.251514e-01 4.471020e-02 -1.101599e+02 -3.370764e-01 1.819840e-01 9.237215e-01 4.670790e+00 -8.627188e-01 3.331316e-01 -3.804467e-01 5.435205e+00
4.113146e-01 -7.416248e-01 -5.299179e-01 -1.123737e+02 -1.226419e-01 5.310579e-01 -8.384131e-01 4.797455e+00 9.032050e-01 4.098417e-01 1.274776e-01 4.055984e+00
-4.297201e-01 1.488086e-01 8.906159e-01 -1.134382e+02 -4.021288e-01 8.515789e-01 -3.363122e-01 4.864754e+00 -8.084758e-01 -5.026624e-01 -3.061003e-01 3.700388e+00
-3.594716e-01 -3.222652e-01 -8.757427e-01 -1.135643e+02 3.649856e-01 8.151546e-01 -4.497872e-01 4.868642e+00 8.588165e-01 -4.813192e-01 -1.754027e-01 4.383593e+00
-5.393859e-01 7.508802e-01 -3.811061e-01 -1.142025e+02 8.246400e-01 5.626107e-01 -5.863434e-02 4.881428e+00 1.703870e-01 -3.459019e-01 -9.226701e-01 5.068364e+00
-4.849859e-01 8.738988e-01 3.301046e-02 -1.139011e+02 8.729528e-01 4.815104e-01 7.810987e-02 4.859401e+00 5.236524e-02 6.669876e-02 -9.963981e-01 6.167977e+00
-1.180293e-01 7.183392e-01 6.856076e-01 -1.136873e+02 3.173777e-01 6.815085e-01 -6.594070e-01 4.851981e+00 -9.409253e-01 1.397672e-01 -3.084228e-01 6.609200e+00
1.776970e-01 1.614295e-01 -9.707545e-01 -1.154412e+02 8.689186e-01 4.373307e-01 2.317809e-01 4.922363e+00 4.619570e-01 -8.846934e-01 -6.255678e-02 6.221991e+00
2.286375e-01 8.800922e-01 4.161280e-01 -1.168711e+02 8.477013e-01 3.019106e-02 -5.296140e-01 4.979183e+00 -4.786725e-01 4.738419e-01 -7.391526e-01 6.219697e+00
-4.871320e-01 8.731492e-01 1.768743e-02 -1.169749e+02 4.634268e-01 2.756071e-01 -8.421854e-01 4.987820e+00 -7.402283e-01 -4.020587e-01 -5.388978e-01 6.375332e+00
-5.939502e-01 2.645623e-01 7.597565e-01 -1.170653e+02 -5.841984e-01 5.074494e-01 -6.334093e-01 4.998937e+00 -5.531142e-01 -8.200621e-01 -1.468428e-01 6.721365e+00
-2.320308e-01 -7.868343e-01 5.718860e-01 -1.171773e+02 -8.037295e-01 4.862444e-01 3.429071e-01 5.026983e+00 -5.478874e-01 -3.800767e-01 -7.452256e-01 6.834702e+00
-4.914494e-01 -8.645009e-01 1.054304e-01 -1.177464e+02 -2.862380e-01 2.746682e-01 9.179462e-01 5.066322e+00 -8.225237e-01 4.209459e-01 -3.824385e-01 6.682595e+00
-2.243671e-01 -3.206209e-01 -9.202509e-01 -1.190749e+02 -8.127654e-01 5.825712e-01 -4.810317e-03 5.120721e+00 5.376540e-01 7.468688e-01 -3.912994e-01 6.562975e+00
1.853032e-01 -8.475541e-01 4.973075e-01 -1.197427e+02 2.764796e-01 5.305953e-01 8.012663e-01 5.146425e+00 -9.429856e-01 -1.098184e-02 3.326524e-01 6.854220e+00
6.861159e-01 -6.204577e-02 -7.248415e-01 -1.207994e+02 -4.689886e-01 7.239562e-01 -5.059022e-01 5.196780e+00 5.561427e-01 6.870500e-01 4.676191e-01 6.564172e+00
-5.830751e-01 -3.693638e-01 7.235978e-01 -1.200850e+02 -4.184893e-01 8.999669e-01 1.221735e-01 5.199447e+00 -6.963405e-01 -2.315816e-01 -6.793231e-01 6.544677e+00
-8.588548e-01 -4.867279e-01 1.595760e-01 -1.198582e+02 -3.650597e-01 8.001791e-01 4.758621e-01 5.190087e+00 -3.593047e-01 3.504416e-01 -8.649224e-01 7.124824e+00
-7.546141e-01 -4.918525e-01 4.343255e-01 -1.196996e+02 2.878234e-02 6.364625e-01 7.707704e-01 5.179191e+00 -6.555373e-01 5.941351e-01 -4.661270e-01 7.782907e+00
-9.459451e-01 -5.739055e-02 3.192086e-01 -1.197678e+02 2.523650e-01 4.879561e-01 8.355901e-01 5.179925e+00 -2.037147e-01 8.709795e-01 -4.470963e-01 8.145709e+00
-6.946152e-01 1.040898e-01 7.118111e-01 -1.193788e+02 6.838728e-01 4.025762e-01 6.084821e-01 5.184380e+00 -2.232214e-01 9.094491e-01 -3.508198e-01 8.215899e+00
-5.960955e-01 5.653875e-01 5.700940e-01 -1.193825e+02 7.978670e-01 3.376315e-01 4.994129e-01 5.183254e+00 8.988009e-02 7.525569e-01 -6.523647e-01 8.511410e+00
-2.794950e-01 7.041022e-01 6.527807e-01 -1.194696e+02 9.217615e-01 3.870832e-01 -2.285355e-02 5.199093e+00 -2.687716e-01 5.953207e-01 -7.572021e-01 8.255054e+00
-4.248142e-01 8.976383e-01 1.173814e-01 -1.195894e+02 9.036812e-01 4.281878e-01 -3.929186e-03 5.203985e+00 -5.378829e-02 1.044062e-01 -9.930791e-01 8.330718e+00
-4.069710e-01 8.691541e-01 2.809728e-01 -1.198146e+02 7.509986e-01 4.934749e-01 -4.387297e-01 5.220752e+00 -5.199767e-01 3.245989e-02 -8.535635e-01 8.010973e+00
-5.902168e-01 7.551184e-01 -2.853775e-01 -1.200520e+02 7.998264e-01 4.992141e-01 -3.332611e-01 5.236698e+00 -1.091871e-01 -4.249488e-01 -8.986082e-01 7.727775e+00
-5.626443e-01 8.264948e-01 -1.837779e-02 -1.199588e+02 6.758271e-01 4.470454e-01 -5.860104e-01 5.257392e+00 -4.761188e-01 -3.421356e-01 -8.100951e-01 7.073004e+00
-6.320907e-01 6.828098e-01 -3.663770e-01 -1.196404e+02 7.423020e-01 3.978673e-01 -5.391562e-01 5.282568e+00 -2.223717e-01 -6.127580e-01 -7.583393e-01 6.279577e+00
-6.602919e-01 7.509610e-01 -8.497479e-03 -1.193082e+02 4.251641e-01 3.644561e-01 -8.284969e-01 5.311934e+00 -6.190719e-01 -5.506627e-01 -5.599291e-01 5.423348e+00
-8.582768e-01 4.222892e-01 -2.916038e-01 -1.191293e+02 4.466629e-01 3.349131e-01 -8.296538e-01 5.343683e+00 -2.526919e-01 -8.423212e-01 -4.760691e-01 4.465777e+00
-8.285912e-01 4.955149e-01 -2.605796e-01 -1.187588e+02 4.033112e-01 2.054903e-01 -8.916915e-01 5.380920e+00 -3.882999e-01 -8.439424e-01 -3.701141e-01 3.314445e+00
-8.425014e-01 4.347602e-01 -3.180801e-01 -1.185050e+02 3.864482e-01 7.641689e-02 -9.191400e-01 5.421894e+00 -3.752987e-01 -8.972982e-01 -2.323936e-01 2.065017e+00
-8.311311e-01 4.269930e-01 -3.562275e-01 -1.183895e+02 3.635053e-01 -6.759681e-02 -9.291365e-01 5.462735e+00 -4.208146e-01 -9.017248e-01 -9.903241e-02 7.896749e-01
-8.758085e-01 3.947109e-01 -2.777819e-01 -1.182634e+02 2.158931e-01 -1.943739e-01 -9.568746e-01 5.508676e+00 -4.316823e-01 -8.980101e-01 8.501893e-02 -5.885319e-01
-9.131587e-01 2.549870e-01 -3.179982e-01 -1.182212e+02 2.321964e-01 -3.157824e-01 -9.199817e-01 5.549896e+00 -3.350016e-01 -9.139273e-01 2.291524e-01 -1.850697e+00
-9.529145e-01 2.730168e-01 -1.319686e-01 -1.182427e+02 1.012801e-02 -4.062991e-01 -9.136840e-01 5.591684e+00 -3.030699e-01 -8.719993e-01 3.844032e-01 -3.117809e+00
-8.318810e-01 6.462354e-02 -5.511785e-01 -1.179347e+02 4.275576e-01 -5.585446e-01 -7.107900e-01 5.623233e+00 -3.537915e-01 -8.269533e-01 4.370124e-01 -4.178249e+00
-7.980588e-01 4.542936e-01 -3.958781e-01 -1.175655e+02 -1.226678e-02 -6.690844e-01 -7.430852e-01 5.667713e+00 -6.024547e-01 -5.881695e-01 5.395414e-01 -5.524398e+00
-9.642024e-01 -2.047167e-02 -2.643758e-01 -1.172193e+02 1.988007e-01 -7.155904e-01 -6.696332e-01 5.707195e+00 -1.754763e-01 -6.982201e-01 6.940438e-01 -6.705327e+00
-9.524143e-01 2.151968e-01 2.158644e-01 -1.167042e+02 -3.026212e-01 -7.522486e-01 -5.852713e-01 5.747920e+00 3.643519e-02 -6.227459e-01 7.815754e-01 -7.895557e+00
-9.367823e-01 -2.134459e-01 -2.772721e-01 -1.161406e+02 3.177643e-01 -8.507135e-01 -4.187031e-01 5.776004e+00 -1.465086e-01 -4.803408e-01 8.647589e-01 -8.838520e+00
-8.589355e-01 3.585473e-01 -3.656139e-01 -1.154164e+02 -1.719319e-01 -8.744488e-01 -4.536285e-01 5.797441e+00 -4.823580e-01 -3.267769e-01 8.127408e-01 -9.562023e+00
-9.320470e-01 -1.640736e-01 -3.230607e-01 -1.149984e+02 2.648742e-01 -9.169190e-01 -2.984982e-01 5.833163e+00 -2.472448e-01 -3.637848e-01 8.980705e-01 -1.065926e+01
-9.171647e-01 3.272164e-01 -2.274606e-01 -1.149105e+02 -2.712856e-01 -9.307698e-01 -2.450953e-01 5.872097e+00 -2.919126e-01 -1.630860e-01 9.424383e-01 -1.189597e+01
-9.374398e-01 -2.245247e-01 -2.660738e-01 -1.146031e+02 2.500230e-01 -9.660062e-01 -6.573076e-02 5.905974e+00 -2.422708e-01 -1.281432e-01 9.617090e-01 -1.296068e+01
-9.083999e-01 3.074258e-01 -2.833707e-01 -1.142694e+02 -3.187727e-01 -9.478097e-01 -6.380758e-03 5.947164e+00 -2.705431e-01 8.453454e-02 9.589892e-01 -1.424267e+01
-9.563044e-01 -2.695389e-01 -1.132723e-01 -1.139772e+02 2.489268e-01 -9.538212e-01 1.681090e-01 5.993509e+00 -1.533534e-01 1.325669e-01 9.792389e-01 -1.563809e+01
-9.427590e-01 3.264283e-01 -6.819198e-02 -1.139174e+02 -3.316688e-01 -8.965850e-01 2.934810e-01 6.042148e+00 3.466057e-02 2.992990e-01 9.535296e-01 -1.713159e+01
-9.781702e-01 -2.015346e-01 -5.066472e-02 -1.137709e+02 1.536400e-01 -8.655444e-01 4.766840e-01 6.088317e+00 -1.399209e-01 4.584939e-01 8.776135e-01 -1.861105e+01
-9.503777e-01 2.593269e-01 -1.718482e-01 -1.136450e+02 -3.100920e-01 -7.452590e-01 5.902812e-01 6.141350e+00 2.500442e-02 6.142789e-01 7.886928e-01 -2.023628e+01
-9.739301e-01 -1.947452e-01 1.163375e-01 -1.134474e+02 2.200409e-01 -6.863207e-01 6.932141e-01 6.186452e+00 -5.515532e-02 7.007411e-01 7.112804e-01 -2.163886e+01
-9.456591e-01 2.447179e-01 -2.141073e-01 -1.125799e+02 -3.225633e-01 -6.229825e-01 7.126330e-01 6.211797e+00 4.100892e-02 7.429711e-01 6.680661e-01 -2.242207e+01
-9.773250e-01 -2.107674e-01 2.032373e-02 -1.124098e+02 1.311052e-01 -5.269612e-01 8.397162e-01 6.254246e+00 -1.662750e-01 8.233402e-01 5.426450e-01 -2.376993e+01
-9.039249e-01 2.009553e-01 -3.775403e-01 -1.121353e+02 -4.267240e-01 -3.644270e-01 8.277074e-01 6.295473e+00 2.874629e-02 9.092909e-01 4.151671e-01 -2.509607e+01
-8.813562e-01 -3.472228e-01 -3.203865e-01 -1.116775e+02 -2.536973e-01 -2.242476e-01 9.409308e-01 6.324239e+00 -3.985585e-01 9.105764e-01 1.095526e-01 -2.609021e+01
-8.392224e-01 -2.060624e-01 -5.032337e-01 -1.115703e+02 -5.014256e-01 -6.486081e-02 8.627661e-01 6.357838e+00 -2.104238e-01 9.763869e-01 -4.889231e-02 -2.723605e+01
-8.966885e-01 -4.228644e-01 1.309023e-01 -1.115836e+02 1.105456e-01 7.243246e-02 9.912281e-01 6.419907e+00 -4.286366e-01 9.032936e-01 -1.820357e-02 -2.902872e+01
-9.810562e-01 1.460375e-01 -1.272858e-01 -1.115476e+02 -9.966003e-02 1.829689e-01 9.780543e-01 6.468660e+00 1.661220e-01 9.722116e-01 -1.649487e-01 -3.041885e+01
-9.775568e-01 6.681832e-02 1.997951e-01 -1.116347e+02 2.106436e-01 2.943897e-01 9.321824e-01 6.513482e+00 3.469248e-03 9.533467e-01 -3.018575e-01 -3.176858e+01
-5.425893e-01 1.154959e-01 8.320201e-01 -1.114345e+02 8.203704e-01 2.857300e-01 4.953289e-01 6.547381e+00 -1.805247e-01 9.513249e-01 -2.497835e-01 -3.261797e+01
-5.546938e-01 8.273806e-01 -8.806942e-02 -1.110481e+02 3.337675e-01 3.182147e-01 8.873210e-01 6.571677e+00 7.621772e-01 4.627967e-01 -4.526645e-01 -3.340945e+01
-2.909839e-01 4.044803e-01 8.670202e-01 -1.109200e+02 9.369969e-01 3.035824e-01 1.728424e-01 6.607858e+00 -1.933008e-01 8.626896e-01 -4.673344e-01 -3.455061e+01
-1.583271e-01 9.349922e-01 -3.173675e-01 -1.108532e+02 3.967668e-01 3.545751e-01 8.466715e-01 6.643180e+00 9.041618e-01 8.130160e-03 -4.271127e-01 -3.568259e+01
5.470656e-01 4.319908e-01 7.170099e-01 -1.109805e+02 6.130693e-01 3.764544e-01 -6.945705e-01 6.700761e+00 -5.699696e-01 8.195523e-01 -5.889505e-02 -3.726136e+01
2.104755e-02 5.841910e-01 -8.113432e-01 -1.110472e+02 8.527390e-01 4.131485e-01 3.196005e-01 6.755859e+00 5.219130e-01 -6.985908e-01 -4.894667e-01 -3.879611e+01
1.703001e-01 8.980359e-01 4.056222e-01 -1.108109e+02 5.266652e-01 2.649567e-01 -8.077263e-01 6.800175e+00 -8.328395e-01 3.511830e-01 -4.278421e-01 -4.011559e+01
1.501304e-01 4.236143e-01 -8.933150e-01 -1.106244e+02 9.477414e-01 1.956107e-01 2.520369e-01 6.836444e+00 2.815085e-01 -8.844701e-01 -3.721097e-01 -4.119774e+01
2.517009e-01 9.479776e-01 1.948976e-01 -1.105385e+02 3.121284e-01 1.111070e-01 -9.435206e-01 6.863296e+00 -9.160909e-01 2.983181e-01 -2.679250e-01 -4.197845e+01
4.509181e-01 1.732372e-01 -8.755922e-01 -1.107163e+02 8.867167e-01 2.517248e-02 4.616275e-01 6.887977e+00 1.020119e-01 -9.845584e-01 -1.422616e-01 -4.276137e+01
2.140508e-01 9.362325e-01 -2.786591e-01 -1.108391e+02 -8.268392e-01 2.176206e-02 -5.620172e-01 6.936513e+00 -5.201146e-01 3.507065e-01 7.787720e-01 -4.401881e+01
-3.159058e-01 -8.156247e-01 -4.847266e-01 -1.109796e+02 7.239663e-01 1.229959e-01 -6.787818e-01 6.987237e+00 6.132506e-01 -5.653569e-01 5.516297e-01 -4.523916e+01
1.524618e-01 7.223439e-01 6.745181e-01 -1.109276e+02 -9.870227e-01 7.647284e-02 1.412024e-01 7.026556e+00 5.041436e-02 -6.872927e-01 7.246290e-01 -4.634228e+01
1.601407e-01 -9.620513e-01 -2.209348e-01 -1.106900e+02 -2.992776e-01 1.659667e-01 -9.396212e-01 7.058851e+00 9.406316e-01 2.165925e-01 -2.613424e-01 -4.715498e+01
8.885680e-01 -2.753988e-01 3.668821e-01 -1.107185e+02 -3.629117e-01 6.720204e-02 9.293971e-01 7.093381e+00 -2.806101e-01 -9.589783e-01 -4.023187e-02 -4.806231e+01
6.099416e-01 -4.006523e-01 -6.837024e-01 -1.107490e+02 -7.390545e-01 2.372926e-02 -6.732276e-01 7.139520e+00 2.859539e-01 9.159228e-01 -2.816304e-01 -4.940910e+01
5.911772e-01 -7.650514e-01 2.553543e-01 -1.108009e+02 -1.894430e-01 1.760321e-01 9.659834e-01 7.191988e+00 -7.839776e-01 -6.194425e-01 -4.086749e-02 -5.098769e+01
2.742526e-01 -3.389590e-01 -8.999402e-01 -1.108409e+02 -9.201572e-01 1.794540e-01 -3.480043e-01 7.253265e+00 2.794570e-01 9.235275e-01 -2.626799e-01 -5.277665e+01
3.493652e-01 -9.083545e-01 2.298609e-01 -1.108726e+02 9.954720e-02 2.799138e-01 9.548500e-01 7.309228e+00 -9.316836e-01 -3.107093e-01 1.882163e-01 -5.439539e+01
-4.031257e-01 6.445306e-02 -9.128721e-01 -1.108496e+02 -8.781058e-01 2.536750e-01 4.056835e-01 7.359514e+00 2.577204e-01 9.651398e-01 -4.566631e-02 -5.584815e+01
-6.746767e-02 -8.672930e-01 4.932047e-01 -1.108618e+02 7.283839e-01 2.950084e-01 6.184067e-01 7.417043e+00 -6.818394e-01 4.009648e-01 6.118188e-01 -5.746954e+01
-1.978213e-01 6.568466e-01 -7.276120e-01 -1.107795e+02 -7.174247e-01 4.087910e-01 5.640849e-01 7.466042e+00 6.679585e-01 6.335948e-01 3.903704e-01 -5.900392e+01
-4.382176e-01 -5.587633e-01 7.040944e-01 -1.099504e+02 5.390646e-01 4.634494e-01 7.032951e-01 7.514898e+00 -7.192876e-01 6.877487e-01 9.811779e-02 -6.044680e+01
-5.244894e-01 4.917759e-01 -6.950304e-01 -1.098383e+02 -3.848618e-01 5.912255e-01 7.087551e-01 7.563266e+00 7.594684e-01 6.392252e-01 -1.208258e-01 -6.191496e+01
-9.339223e-01 -1.031538e-01 3.422694e-01 -1.088619e+02 1.808879e-01 6.894667e-01 7.013667e-01 7.616660e+00 -3.083320e-01 7.169345e-01 -6.252490e-01 -6.354012e+01
9.857847e-02 7.298086e-02 -9.924495e-01 -1.063797e+02 -4.719500e-01 8.814428e-01 1.793980e-02 7.685534e+00 8.760967e-01 4.666181e-01 1.213346e-01 -6.536386e+01
-5.796061e-01 -2.600236e-01 7.722982e-01 -1.047020e+02 -8.596762e-02 9.619475e-01 2.593579e-01 7.738724e+00 -8.103495e-01 8.393280e-02 -5.799042e-01 -6.677274e+01
-4.086814e-01 -1.654105e-01 -8.975628e-01 -1.041488e+02 -1.631148e-01 9.808434e-01 -1.064881e-01 7.777543e+00 8.979828e-01 1.028861e-01 -4.278334e-01 -6.799370e+01
-7.390083e-01 -3.241548e-02 6.729161e-01 -1.036708e+02 -8.685219e-02 9.950907e-01 -4.744743e-02 7.795948e+00 -6.680745e-01 -9.350827e-02 -7.381956e-01 -6.869198e+01
-6.079965e-01 -7.509684e-02 -7.903801e-01 -1.030400e+02 1.321381e-02 9.944215e-01 -1.046482e-01 7.801815e+00 7.938297e-01 -7.406968e-02 -6.036125e-01 -6.902426e+01
-6.372811e-01 1.136801e-01 7.622005e-01 -1.028340e+02 7.928770e-03 9.899746e-01 -1.410226e-01 7.823532e+00 -7.705906e-01 -8.382775e-02 -6.317935e-01 -6.979965e+01
-6.770020e-01 -1.478550e-02 -7.358326e-01 -1.028180e+02 2.124197e-01 9.533247e-01 -2.145922e-01 7.867196e+00 7.046603e-01 -3.015848e-01 -6.422620e-01 -7.116940e+01
-6.177705e-01 3.949721e-01 6.799681e-01 -1.027769e+02 8.785544e-02 8.939587e-01 -4.394533e-01 7.916311e+00 -7.814352e-01 -2.117424e-01 -5.869618e-01 -7.269889e+01
-6.179047e-01 5.219679e-02 -7.845185e-01 -1.026451e+02 4.906331e-01 8.052866e-01 -3.328552e-01 7.961113e+00 6.143883e-01 -5.905835e-01 -5.231999e-01 -7.410366e+01
-5.960995e-01 6.271114e-01 5.013948e-01 -1.025436e+02 1.810291e-01 7.133650e-01 -6.770073e-01 7.997211e+00 -7.822365e-01 -3.127967e-01 -5.387619e-01 -7.530072e+01
-5.843575e-01 1.570157e-01 -7.961610e-01 -1.023724e+02 6.800926e-01 6.300077e-01 -3.749192e-01 8.026735e+00 4.427193e-01 -7.605501e-01 -4.749349e-01 -7.627433e+01
-5.643195e-01 7.816304e-01 2.657019e-01 -1.021193e+02 3.515473e-01 5.187254e-01 -7.793192e-01 8.052912e+00 -7.469659e-01 -3.463782e-01 -5.675069e-01 -7.720050e+01
-5.264309e-01 3.089767e-01 -7.920883e-01 -1.020189e+02 8.337108e-01 3.702836e-01 -4.096539e-01 8.097069e+00 1.667238e-01 -8.760271e-01 -4.525259e-01 -7.856562e+01
-4.254455e-01 9.014287e-01 8.013964e-02 -1.019196e+02 3.017923e-01 2.248040e-01 -9.264905e-01 8.138855e+00 -8.531808e-01 -3.699857e-01 -3.676861e-01 -7.985737e+01
-6.458820e-01 2.639142e-01 -7.163698e-01 -1.013507e+02 7.630533e-01 1.934091e-01 -6.167191e-01 8.171067e+00 -2.420850e-02 -9.449562e-01 -3.263001e-01 -8.079339e+01
-5.737687e-01 8.031997e-01 -1.601865e-01 -1.008389e+02 3.363924e-01 5.278570e-02 -9.402414e-01 8.207578e+00 -7.467461e-01 -5.933665e-01 -3.004771e-01 -8.192003e+01
-7.405492e-01 3.048146e-01 -5.988948e-01 -1.006936e+02 6.083363e-01 -7.455561e-02 -7.901698e-01 8.256209e+00 -2.855063e-01 -9.494891e-01 -1.302177e-01 -8.335289e+01
-6.757121e-01 6.364892e-01 -3.718800e-01 -1.005542e+02 3.036509e-01 -2.193624e-01 -9.271873e-01 8.293722e+00 -6.717211e-01 -7.394333e-01 -4.504471e-02 -8.454036e+01
-6.121040e-01 2.699057e-01 -7.432897e-01 -9.991286e+01 6.787397e-01 -3.029804e-01 -6.689658e-01 8.317634e+00 -4.057599e-01 -9.139769e-01 2.259773e-03 -8.529602e+01
-4.695208e-01 6.680656e-01 -5.772681e-01 -9.936605e+01 3.846407e-01 -4.337424e-01 -8.148123e-01 8.347134e+00 -7.947338e-01 -6.046122e-01 -5.331415e-02 -8.623933e+01
-4.025118e-01 3.141999e-01 -8.598039e-01 -9.900952e+01 6.495621e-01 -5.637849e-01 -5.101135e-01 8.385622e+00 -6.450220e-01 -7.638227e-01 2.283773e-02 -8.739096e+01
-5.630873e-01 6.097971e-01 -5.577456e-01 -9.863414e+01 7.444197e-02 -6.347399e-01 -7.691318e-01 8.424431e+00 -8.230377e-01 -4.746080e-01 3.120195e-01 -8.855334e+01
-6.646041e-01 2.607148e-02 -7.467407e-01 -9.851267e+01 4.853052e-01 -7.448351e-01 -4.579297e-01 8.472529e+00 -5.681376e-01 -6.667390e-01 4.823678e-01 -8.998605e+01
-7.837350e-01 4.728970e-01 -4.026510e-01 -9.821796e+01 -1.757715e-01 -7.906649e-01 -5.864754e-01 8.510966e+00 -5.957045e-01 -3.888667e-01 7.027936e-01 -9.111658e+01
-9.759839e-01 -1.957580e-01 -9.557303e-02 -9.802044e+01 2.155614e-01 -8.045302e-01 -5.534116e-01 8.549025e+00 3.144338e-02 -5.607227e-01 8.274064e-01 -9.226767e+01
-8.711447e-01 2.519830e-01 4.214397e-01 -9.782716e+01 -4.219895e-01 -8.230359e-01 -3.801799e-01 8.588933e+00 2.510612e-01 -5.090349e-01 8.233176e-01 -9.351282e+01
-8.976573e-01 -3.219625e-01 3.009180e-01 -9.782826e+01 1.731950e-01 -8.856211e-01 -4.309046e-01 8.620478e+00 4.052344e-01 -3.346872e-01 8.507465e-01 -9.452896e+01
-8.935608e-01 3.039179e-01 3.304287e-01 -9.791426e+01 -3.983475e-01 -8.761788e-01 -2.713484e-01 8.647882e+00 2.070469e-01 -3.740918e-01 9.039839e-01 -9.551988e+01
-6.833330e-01 -4.125003e-01 6.024113e-01 -9.782297e+01 1.127817e-01 -8.748346e-01 -4.711101e-01 8.676550e+00 7.213434e-01 -2.539841e-01 6.443259e-01 -9.639715e+01
1.449440e-01 8.304649e-03 9.894050e-01 -9.771293e+01 -3.973405e-01 -9.153026e-01 6.589152e-02 8.692139e+00 9.061522e-01 -4.026812e-01 -1.293679e-01 -9.690494e+01
4.546217e-01 -3.788659e-01 8.060892e-01 -9.760051e+01 -1.379544e-01 -9.240523e-01 -3.565051e-01 8.718742e+00 8.799362e-01 5.087135e-02 -4.723604e-01 -9.780846e+01
6.859347e-01 -1.034982e-01 7.202650e-01 -9.754462e+01 -3.738271e-01 -8.993470e-01 2.267779e-01 8.755838e+00 6.242971e-01 -4.248094e-01 -6.555838e-01 -9.899059e+01
7.700495e-01 -3.625991e-01 5.249244e-01 -9.744836e+01 -2.473086e-01 -9.281071e-01 -2.783085e-01 8.806013e+00 5.881005e-01 8.449297e-02 -8.043623e-01 -1.005009e+02
7.657783e-01 -2.497655e-01 5.926220e-01 -9.729695e+01 -4.569208e-01 -8.597720e-01 2.280689e-01 8.853790e+00 4.525560e-01 -4.454315e-01 -7.725178e-01 -1.019887e+02
6.681261e-01 -4.625472e-01 5.828015e-01 -9.705601e+01 -3.302195e-01 -8.862542e-01 -3.248209e-01 8.902351e+00 6.667552e-01 2.456888e-02 -7.448717e-01 -1.034972e+02
4.782393e-01 -2.433119e-01 8.438522e-01 -9.594268e+01 -5.621574e-01 -8.230258e-01 8.128652e-02 8.960474e+00 6.747342e-01 -5.132522e-01 -5.303829e-01 -1.051310e+02
3.781653e-01 -4.527774e-01 8.074550e-01 -9.493990e+01 -2.672872e-01 -8.884843e-01 -3.730324e-01 9.017965e+00 8.863118e-01 -7.475445e-02 -4.570156e-01 -1.067254e+02
4.928725e-01 -2.031154e-01 8.460620e-01 -9.483876e+01 -5.212707e-01 -8.474876e-01 1.002080e-01 9.062289e+00 6.966733e-01 -4.904171e-01 -5.235814e-01 -1.081051e+02
3.754545e-01 -4.636100e-01 8.025582e-01 -9.473494e+01 -2.873468e-01 -8.814663e-01 -3.747653e-01 9.108653e+00 8.811729e-01 -8.990528e-02 -4.641673e-01 -1.095643e+02
4.185211e-01 -2.222775e-01 8.805866e-01 -9.456386e+01 -5.404095e-01 -8.402109e-01 4.475749e-02 9.148184e+00 7.299299e-01 -4.946093e-01 -4.717668e-01 -1.108135e+02
4.552786e-01 -4.859455e-01 7.460418e-01 -9.442649e+01 -3.539250e-01 -8.676501e-01 -3.491710e-01 9.195214e+00 8.169813e-01 -1.050728e-01 -5.670108e-01 -1.122480e+02
6.638952e-01 -2.970201e-01 6.863106e-01 -9.403968e+01 -5.274029e-01 -8.366055e-01 1.481131e-01 9.246636e+00 5.301787e-01 -4.602938e-01 -7.120676e-01 -1.136966e+02
1.328081e-01 -4.765433e-01 8.690618e-01 -9.372936e+01 -2.264751e-01 -8.682224e-01 -4.414736e-01 9.285361e+00 9.649202e-01 -1.381896e-01 -2.232322e-01 -1.149212e+02
-6.823106e-01 1.276653e-01 7.198291e-01 -9.343369e+01 -5.296496e-01 -7.650154e-01 -3.663642e-01 9.337310e+00 5.039084e-01 -6.312313e-01 5.895960e-01 -1.164625e+02
-8.761444e-01 -2.303928e-01 4.234266e-01 -9.305380e+01 4.243032e-02 -9.118390e-01 -4.083495e-01 9.403743e+00 4.801777e-01 -3.398070e-01 8.086783e-01 -1.183074e+02
-7.106291e-01 2.072155e-01 6.723600e-01 -9.282835e+01 -3.886311e-01 -9.122320e-01 -1.296092e-01 9.459754e+00 5.864913e-01 -3.534041e-01 7.287890e-01 -1.198254e+02
-6.043692e-01 -3.017184e-01 7.373628e-01 -9.267679e+01 9.738987e-02 -9.465537e-01 -3.074921e-01 9.496241e+00 7.907294e-01 -1.140271e-01 6.014522e-01 -1.209705e+02
-8.721727e-01 2.918774e-01 3.925842e-01 -9.170445e+01 -3.624381e-01 -9.245290e-01 -1.178334e-01 9.534967e+00 3.285626e-01 -2.450585e-01 9.121365e-01 -1.221638e+02
-9.601724e-01 -2.628956e-01 9.463051e-02 -9.059594e+01 2.630468e-01 -9.647192e-01 -1.109761e-02 9.577379e+00 9.420939e-02 1.423664e-02 9.954506e-01 -1.233568e+02
-9.072645e-01 2.840303e-01 3.101579e-01 -9.009335e+01 -2.553484e-01 -9.580182e-01 1.303777e-01 9.611073e+00 3.341681e-01 3.908869e-02 9.417026e-01 -1.243757e+02
-8.839352e-01 -1.076356e-01 4.550530e-01 -9.011033e+01 1.938877e-01 -9.699164e-01 1.472062e-01 9.660803e+00 4.255187e-01 2.183499e-01 8.782125e-01 -1.258916e+02
-8.004421e-01 3.295093e-01 5.007155e-01 -9.014267e+01 -1.592152e-01 -9.222181e-01 3.523695e-01 9.707222e+00 5.778780e-01 2.023298e-01 7.906451e-01 -1.273172e+02
-6.188209e-01 -6.298093e-02 7.830033e-01 -9.008283e+01 3.389913e-01 -9.205989e-01 1.938622e-01 9.749535e+00 7.086223e-01 3.853973e-01 5.910358e-01 -1.286195e+02
-4.299611e-01 4.903257e-01 7.580990e-01 -8.963636e+01 -2.573323e-02 -8.459900e-01 5.325774e-01 9.812175e+00 9.024806e-01 2.094792e-01 3.763605e-01 -1.304423e+02
-2.197647e-01 1.564293e-01 9.629296e-01 -8.938602e+01 4.710049e-01 -8.473808e-01 2.451534e-01 9.875665e+00 8.543172e-01 5.074206e-01 1.125455e-01 -1.322218e+02
-1.517470e-01 5.857691e-01 7.961454e-01 -8.852286e+01 1.455831e-01 -7.834427e-01 6.041714e-01 9.922095e+00 9.776392e-01 2.075865e-01 3.360702e-02 -1.335180e+02
-1.017489e-01 3.050810e-01 9.468753e-01 -8.766428e+01 5.524338e-01 -7.742392e-01 3.088212e-01 9.975864e+00 8.273234e-01 5.545081e-01 -8.975912e-02 -1.350236e+02
1.827222e-01 6.445016e-01 7.424488e-01 -8.717541e+01 4.556100e-01 -7.246899e-01 5.169565e-01 1.002823e+01 8.712245e-01 2.438076e-01 -4.260583e-01 -1.365292e+02
2.583226e-01 5.670119e-01 7.821554e-01 -8.679056e+01 5.947382e-01 -7.313602e-01 3.337644e-01 1.007860e+01 7.612857e-01 3.789588e-01 -5.261505e-01 -1.379913e+02
4.987399e-01 6.360779e-01 5.887813e-01 -8.673240e+01 6.264080e-01 -7.340146e-01 2.623653e-01 1.012333e+01 5.990589e-01 2.379653e-01 -7.645266e-01 -1.393374e+02
5.779261e-01 6.413068e-01 5.047049e-01 -8.658680e+01 5.481999e-01 -7.632064e-01 3.420422e-01 1.016961e+01 6.045480e-01 7.900405e-02 -7.926412e-01 -1.407980e+02
7.964182e-01 5.701906e-01 2.014965e-01 -8.631413e+01 6.046304e-01 -7.572905e-01 -2.468466e-01 1.020832e+01 1.184174e-02 3.184240e-01 -9.478744e-01 -1.419334e+02
8.233608e-01 5.674973e-01 4.877456e-03 -8.468172e+01 5.229237e-01 -7.619741e-01 3.820293e-01 1.024884e+01 2.205171e-01 -3.119974e-01 -9.241373e-01 -1.429431e+02
6.177741e-01 5.208275e-01 5.891468e-01 -8.272750e+01 5.526867e-01 -8.205298e-01 1.458362e-01 1.029427e+01 5.593680e-01 2.355198e-01 -7.947565e-01 -1.440778e+02
-2.386696e-02 6.439582e-01 7.646883e-01 -7.939977e+01 -8.880177e-02 -7.632482e-01 6.399738e-01 1.036593e+01 9.957633e-01 -5.263144e-02 7.540104e-02 -1.457584e+02
-9.417054e-01 1.332702e-01 3.089175e-01 -7.490703e+01 1.175173e-01 -7.300646e-01 6.731979e-01 1.045662e+01 3.152469e-01 6.702573e-01 6.718442e-01 -1.477775e+02
-7.282226e-01 1.756965e-01 -6.624368e-01 -7.128118e+01 -6.338276e-01 -5.403122e-01 5.534666e-01 1.054318e+01 -2.606806e-01 8.229177e-01 5.048288e-01 -1.497530e+02
-3.414874e-01 -6.825579e-01 -6.461432e-01 -6.799394e+01 -6.733534e-01 -3.019594e-01 6.748450e-01 1.063051e+01 -6.557298e-01 6.655338e-01 -3.564874e-01 -1.518252e+02
3.598470e-02 -8.088319e-01 -5.869378e-01 -6.563822e+01 -9.913276e-01 -1.031703e-01 8.139668e-02 1.070307e+01 -1.263908e-01 5.789187e-01 -8.055300e-01 -1.535665e+02
-6.819543e-02 -9.972312e-01 2.965223e-02 -6.520119e+01 -7.363785e-01 7.036549e-02 6.729007e-01 1.076084e+01 -6.731241e-01 2.405348e-02 -7.391383e-01 -1.552412e+02
-2.422528e-01 -8.087065e-01 -5.360106e-01 -6.501682e+01 -9.677293e-01 1.619024e-01 1.930999e-01 1.081236e+01 -6.937979e-02 5.654922e-01 -8.218303e-01 -1.567746e+02
-3.132107e-01 -9.388167e-01 1.432560e-01 -6.482646e+01 -5.845677e-01 3.094701e-01 7.500059e-01 1.086903e+01 -7.484515e-01 1.511670e-01 -6.457312e-01 -1.584003e+02
-5.212150e-01 -6.235386e-01 -5.826960e-01 -6.467710e+01 -8.532696e-01 3.937926e-01 3.418455e-01 1.091233e+01 1.630755e-02 6.753718e-01 -7.372971e-01 -1.597176e+02
-6.063441e-01 -7.798699e-01 1.554017e-01 -6.461629e+01 -5.488176e-01 5.518261e-01 6.279229e-01 1.095924e+01 -5.754529e-01 2.954502e-01 -7.626029e-01 -1.611685e+02
-5.746483e-01 -5.665635e-01 -5.905803e-01 -6.456078e+01 -7.313177e-01 6.794095e-01 5.980870e-02 1.100083e+01 3.673604e-01 4.662708e-01 -8.047595e-01 -1.625345e+02
-6.562837e-01 -6.015399e-01 4.554574e-01 -6.447956e+01 -4.862177e-01 7.987655e-01 3.543529e-01 1.104643e+01 -5.769611e-01 1.110459e-02 -8.166961e-01 -1.639704e+02
