9.999876e-01 9.644560e-06 -4.986410e-03 -9.278528e-03 -7.908799e-06 9.999999e-01 3.481227e-04 -7.227042e-03 4.986413e-03 -3.480797e-04 9.999875e-01 1.073806e-01
9.999999e-01 9.500122e-05 4.661656e-04 -6.001520e-02 -9.500714e-05 1.000000e+00 1.272765e-05 -1.612700e-02 -4.661640e-04 -1.277123e-05 9.999999e-01 3.636870e-01
9.999878e-01 3.984950e-05 -4.932850e-03 -1.520013e-01 -3.820280e-05 9.999999e-01 3.339229e-04 -2.302392e-02 4.932862e-03 -3.337311e-04 9.999878e-01 7.335789e-01
9.999998e-01 3.832262e-05 5.877626e-04 -2.301731e-01 -3.832633e-05 1.000000e+00 6.351766e-06 -3.112511e-02 -5.877620e-04 -6.373579e-06 9.999998e-01 1.035413e+00
9.999829e-01 -1.806281e-04 -5.844715e-03 -2.322997e-01 1.827856e-04 9.999999e-01 3.686201e-04 -3.596331e-02 5.844648e-03 -3.696829e-04 9.999829e-01 8.582235e-01
9.999998e-01 1.261710e-04 5.976840e-04 -2.307268e-01 -1.261945e-04 1.000000e+00 3.937600e-05 -4.215766e-02 -5.976787e-04 -3.945071e-05 9.999998e-01 7.722183e-01
9.999849e-01 -8.194442e-05 -5.490637e-03 -2.188246e-01 8.318841e-05 1.000000e+00 2.263431e-04 -5.189836e-02 5.490618e-03 -2.267972e-04 9.999849e-01 1.028344e+00
9.999998e-01 1.758259e-04 6.097637e-04 -2.388251e-01 -1.759200e-04 1.000000e+00 1.543516e-04 -6.084775e-02 -6.097362e-04 -1.544581e-04 9.999998e-01 1.210767e+00
9.999888e-01 -1.954071e-05 -4.723687e-03 -3.594451e-01 2.004051e-05 1.000000e+00 1.057684e-04 -6.713384e-02 4.723685e-03 -1.058626e-04 9.999888e-01 1.733695e+00
9.999996e-01 2.417844e-04 -8.015689e-04 -5.691891e-01 -2.414285e-04 9.999999e-01 4.440433e-04 -6.729267e-02 8.016765e-04 -4.438489e-04 9.999996e-01 1.908219e+00
9.999906e-01 -2.360193e-04 -4.326568e-03 -5.968357e-01 2.354825e-04 1.000000e+00 -1.245643e-04 -7.286913e-02 4.326597e-03 1.235436e-04 9.999906e-01 1.926580e+00
9.999999e-01 4.327430e-04 -1.125423e-04 -7.847581e-01 -4.326857e-04 9.999998e-01 5.081918e-04 -7.637865e-02 1.127625e-04 -5.081424e-04 9.999999e-01 2.340881e+00
9.999819e-01 -3.509164e-04 -6.004230e-03 -1.182359e+00 3.521974e-04 9.999999e-01 2.122982e-04 -6.348851e-02 6.004155e-03 -2.144098e-04 9.999820e-01 2.093676e+00
9.999999e-01 2.887256e-04 3.417041e-04 -1.333496e+00 -2.888170e-04 9.999999e-01 2.677454e-04 -6.025963e-02 -3.416264e-04 -2.678433e-04 9.999999e-01 1.758812e+00
9.999830e-01 -8.084922e-05 -5.825497e-03 -1.538816e+00 8.276124e-05 9.999999e-01 3.279831e-04 -5.897374e-02 5.825470e-03 -3.284604e-04 9.999830e-01 1.758240e+00
9.999997e-01 2.782721e-04 7.060772e-04 -1.796409e+00 -2.784490e-04 9.999999e-01 2.504708e-04 -5.593230e-02 -7.060071e-04 -2.506666e-04 9.999997e-01 1.996040e+00
9.999713e-01 -3.758605e-04 -7.569930e-03 -2.132438e+00 3.800662e-04 9.999998e-01 5.541588e-04 -4.466566e-02 7.569719e-03 -5.570206e-04 9.999712e-01 1.453088e+00
9.999990e-01 3.220159e-04 1.392358e-03 -2.387359e+00 -3.220024e-04 9.999999e-01 -9.939571e-06 -3.687089e-02 -1.392361e-03 9.491930e-06 9.999990e-01 1.075104e+00
9.999666e-01 -5.046831e-04 -8.154220e-03 -2.459855e+00 5.086254e-04 9.999998e-01 4.814075e-04 -3.117691e-02 8.153975e-03 -4.855396e-04 9.999666e-01 6.470839e-01
9.999986e-01 2.849990e-04 1.619131e-03 -2.420876e+00 -2.847415e-04 9.999999e-01 -1.591887e-04 -3.089919e-02 -1.619176e-03 1.587282e-04 9.999987e-01 2.567042e-01
9.999629e-01 -6.285831e-04 -8.591024e-03 -2.362944e+00 6.330510e-04 9.999997e-01 5.173585e-04 -2.910122e-02 8.590696e-03 -5.227785e-04 9.999630e-01 -3.092057e-01
9.999981e-01 5.330561e-04 1.880827e-03 -2.644554e+00 -5.334290e-04 9.999998e-01 1.977805e-04 -1.715183e-02 -1.880721e-03 -1.987827e-04 9.999982e-01 -7.846959e-01
9.999668e-01 -6.900493e-04 -8.125144e-03 -2.855210e+00 6.928952e-04 9.999997e-01 3.474562e-04 -7.416668e-03 8.124901e-03 -3.530753e-04 9.999669e-01 -1.204840e+00
9.999967e-01 4.734583e-04 2.514081e-03 -2.858005e+00 -4.732561e-04 9.999999e-01 -8.098439e-05 -8.558823e-03 -2.514119e-03 7.979503e-05 9.999968e-01 -1.440516e+00
9.999635e-01 -7.030395e-04 -8.510523e-03 -2.846054e+00 7.064607e-04 9.999997e-01 3.990079e-04 -9.006571e-03 8.510240e-03 -4.050064e-04 9.999637e-01 -1.727483e+00
9.999947e-01 7.392304e-04 3.183116e-03 -2.833219e+00 -7.388118e-04 9.999997e-01 -1.326667e-04 -1.664321e-02 -3.183213e-03 1.303150e-04 9.999949e-01 -1.447727e+00
9.999573e-01 -8.711536e-04 -9.195631e-03 -2.669382e+00 8.738313e-04 9.999996e-01 2.871906e-04 -2.624310e-02 9.195376e-03 -2.952145e-04 9.999577e-01 -1.432625e+00
9.999955e-01 4.749515e-04 2.945997e-03 -2.540843e+00 -4.745053e-04 9.999999e-01 -1.521211e-04 -2.683693e-02 -2.946068e-03 1.507232e-04 9.999956e-01 -1.846048e+00
9.999592e-01 -5.351758e-04 -9.015706e-03 -2.911401e+00 5.416632e-04 9.999996e-01 7.171572e-04 -6.257291e-03 9.015318e-03 -7.220122e-04 9.999591e-01 -2.235224e+00
9.999954e-01 7.742232e-04 2.919854e-03 -3.608831e+00 -7.748354e-04 9.999997e-01 2.085562e-04 2.227297e-02 -2.919691e-03 -2.108169e-04 9.999957e-01 -2.340396e+00
9.999589e-01 -4.952032e-04 -9.054998e-03 -4.211341e+00 5.015144e-04 9.999996e-01 6.947288e-04 4.636237e-02 9.054651e-03 -6.992422e-04 9.999588e-01 -2.355777e+00
9.999975e-01 3.161738e-04 2.214664e-03 -4.437046e+00 -3.158667e-04 9.999999e-01 -1.389793e-04 5.952153e-02 -2.214708e-03 1.382801e-04 9.999975e-01 -2.824053e+00
9.999548e-01 -8.509154e-04 -9.468825e-03 -4.298369e+00 8.559268e-04 9.999995e-01 5.252196e-04 6.217964e-02 9.468373e-03 -5.333012e-04 9.999550e-01 -3.559840e+00
9.999984e-01 1.054807e-04 1.813031e-03 -4.100050e+00 -1.048531e-04 9.999999e-01 -3.462082e-04 6.794043e-02 -1.813067e-03 3.460182e-04 9.999983e-01 -4.495262e+00
9.999583e-01 -7.249487e-04 -9.102304e-03 -3.972107e+00 7.309137e-04 9.999995e-01 6.520201e-04 7.200904e-02 9.101826e-03 -6.586466e-04 9.999584e-01 -5.352382e+00
9.999983e-01 2.420056e-04 1.814601e-03 -3.961232e+00 -2.415217e-04 9.999999e-01 -2.668173e-04 7.718471e-02 -1.814665e-03 2.663793e-04 9.999983e-01 -6.208791e+00
9.999586e-01 -3.929379e-04 -9.085876e-03 -4.091346e+00 4.014274e-04 9.999995e-01 9.325662e-04 8.497012e-02 9.085505e-03 -9.361756e-04 9.999583e-01 -6.722791e+00
9.999952e-01 3.117261e-04 3.077891e-03 -4.118606e+00 -3.103046e-04 9.999998e-01 -4.622578e-04 8.540968e-02 -3.078034e-03 4.613013e-04 9.999952e-01 -6.881727e+00
9.999597e-01 -3.138706e-04 -8.975529e-03 -4.062513e+00 3.213405e-04 9.999996e-01 8.308328e-04 8.070080e-02 8.975265e-03 -8.336842e-04 9.999594e-01 -6.854321e+00
9.999983e-01 2.832541e-04 1.826077e-03 -4.004324e+00 -2.825309e-04 9.999999e-01 -3.962002e-04 8.055298e-02 -1.826189e-03 3.956843e-04 9.999983e-01 -7.151066e+00
9.999594e-01 -4.028071e-04 -8.998509e-03 -3.880302e+00 4.100684e-04 9.999996e-01 8.051277e-04 7.877740e-02 8.998181e-03 -8.087858e-04 9.999592e-01 -7.486726e+00
9.999983e-01 4.195520e-04 1.817824e-03 -4.006875e+00 -4.193398e-04 9.999999e-01 -1.170312e-04 8.394136e-02 -1.817872e-03 1.162694e-04 9.999983e-01 -7.866192e+00
9.999581e-01 -5.454502e-04 -9.135784e-03 -4.128671e+00 5.531286e-04 9.999995e-01 8.379821e-04 8.978652e-02 9.135322e-03 -8.430009e-04 9.999579e-01 -8.413442e+00
9.999985e-01 3.415071e-04 1.685222e-03 -4.281858e+00 -3.413736e-04 9.999999e-01 -7.943347e-05 9.656698e-02 -1.685249e-03 7.885877e-05 9.999986e-01 -9.061238e+00
9.999576e-01 -4.905627e-04 -9.196335e-03 -4.571098e+00 4.994431e-04 9.999994e-01 9.633918e-04 1.077476e-01 9.195856e-03 -9.679447e-04 9.999572e-01 -9.737786e+00
9.999980e-01 5.659861e-04 1.915717e-03 -4.872761e+00 -5.659763e-04 9.999998e-01 -5.618921e-06 1.178126e-01 -1.915720e-03 4.535362e-06 9.999982e-01 -1.015964e+01
9.999546e-01 -3.501259e-04 -9.522928e-03 -5.350800e+00 3.613164e-04 9.999992e-01 1.173429e-03 1.311520e-01 9.522509e-03 -1.176817e-03 9.999540e-01 -1.051493e+01
9.999982e-01 4.325298e-04 1.872639e-03 -5.826103e+00 -4.324863e-04 9.999999e-01 -2.356199e-05 1.450056e-01 -1.872649e-03 2.275276e-05 9.999982e-01 -1.103549e+01
9.999569e-01 -3.260935e-04 -9.278904e-03 -6.223158e+00 3.359542e-04 9.999994e-01 1.061178e-03 1.572792e-01 9.278551e-03 -1.064250e-03 9.999564e-01 -1.144564e+01
9.999974e-01 4.779959e-04 2.223938e-03 -6.595865e+00 -4.778558e-04 9.999999e-01 -6.348302e-05 1.676440e-01 -2.223968e-03 6.242084e-05 9.999975e-01 -1.174335e+01
9.999579e-01 -4.774594e-04 -9.164442e-03 -6.626849e+00 4.832655e-04 9.999997e-01 6.313629e-04 1.685115e-01 9.164137e-03 -6.357659e-04 9.999578e-01 -1.199108e+01
9.999979e-01 4.418431e-04 2.024354e-03 -6.764734e+00 -4.421134e-04 9.999999e-01 1.331501e-04 1.720939e-01 -2.024295e-03 -1.340441e-04 9.999979e-01 -1.246599e+01
9.999553e-01 -8.319202e-04 -9.413670e-03 -7.082359e+00 8.396856e-04 9.999993e-01 8.209993e-04 1.812869e-01 9.412980e-03 -8.288679e-04 9.999554e-01 -1.342935e+01
9.999967e-01 1.587777e-04 2.580255e-03 -7.155094e+00 -1.576334e-04 9.999999e-01 -4.436030e-04 1.882713e-01 -2.580325e-03 4.431954e-04 9.999966e-01 -1.450785e+01
9.999562e-01 -9.086252e-04 -9.310272e-03 -7.058844e+00 9.152141e-04 9.999993e-01 7.034820e-04 1.943650e-01 9.309627e-03 -7.119728e-04 9.999564e-01 -1.552718e+01
9.999972e-01 2.299462e-04 2.361850e-03 -6.979826e+00 -2.290367e-04 9.999999e-01 -3.852902e-04 1.997576e-01 -2.361938e-03 3.847489e-04 9.999971e-01 -1.650232e+01
9.999617e-01 -4.495771e-04 -8.736263e-03 -6.980997e+00 4.579566e-04 9.999994e-01 9.572027e-04 1.994114e-01 8.735827e-03 -9.611676e-04 9.999614e-01 -1.714068e+01
9.999985e-01 2.970288e-04 1.727868e-03 -7.252640e+00 -2.967786e-04 9.999999e-01 -1.449381e-04 2.063911e-01 -1.727910e-03 1.444258e-04 9.999985e-01 -1.787379e+01
9.999644e-01 -4.605515e-04 -8.429472e-03 -7.479597e+00 4.690380e-04 9.999994e-01 1.004830e-03 2.093370e-01 8.429004e-03 -1.008748e-03 9.999640e-01 -1.852117e+01
9.999982e-01 -3.038585e-04 1.847183e-03 -7.535775e+00 3.050120e-04 9.999998e-01 -6.241407e-04 2.167579e-01 -1.846993e-03 6.247037e-04 9.999981e-01 -1.973044e+01
9.999600e-01 -5.733829e-04 -8.925899e-03 -7.471639e+00 5.812928e-04 9.999994e-01 8.836299e-04 2.242748e-01 8.925387e-03 -8.887838e-04 9.999598e-01 -2.088382e+01
9.999980e-01 2.274736e-05 1.994344e-03 -7.471766e+00 -2.173837e-05 9.999999e-01 -5.058709e-04 2.289280e-01 -1.994355e-03 5.058272e-04 9.999979e-01 -2.176221e+01
9.999333e-01 -1.474882e-04 -1.154689e-02 -6.957088e+00 1.572453e-04 9.999996e-01 8.441119e-04 2.221120e-01 1.154677e-02 -8.458720e-04 9.999330e-01 -2.210279e+01
9.999887e-01 -5.640136e-04 4.715942e-03 -7.025140e+00 5.660743e-04 9.999997e-01 -4.356106e-04 2.291949e-01 -4.715695e-03 4.382760e-04 9.999888e-01 -2.326184e+01
9.999350e-01 4.168724e-05 -1.139806e-02 -6.990057e+00 -3.178205e-05 9.999996e-01 8.692179e-04 2.325385e-01 1.139809e-02 -8.687999e-04 9.999347e-01 -2.411964e+01
9.999876e-01 -5.541970e-04 4.950293e-03 -6.988550e+00 5.565368e-04 9.999997e-01 -4.712561e-04 2.362912e-01 -4.950030e-03 4.740060e-04 9.999876e-01 -2.506629e+01
9.999314e-01 -3.123752e-05 -1.170992e-02 -7.036281e+00 4.187977e-05 9.999996e-01 9.085939e-04 2.417783e-01 1.170989e-02 -9.090227e-04 9.999310e-01 -2.607705e+01
9.999876e-01 -5.952162e-04 4.943020e-03 -7.081472e+00 5.975536e-04 9.999997e-01 -4.713860e-04 2.472013e-01 -4.942737e-03 4.743345e-04 9.999877e-01 -2.711443e+01
9.999307e-01 -6.479035e-06 -1.177487e-02 -7.081827e+00 1.642666e-05 9.999996e-01 8.447359e-04 2.522009e-01 1.177486e-02 -8.448714e-04 9.999303e-01 -2.806707e+01
9.999874e-01 -6.037611e-04 4.980812e-03 -7.162168e+00 6.057576e-04 9.999997e-01 -3.992988e-04 2.589594e-01 -4.980569e-03 4.023116e-04 9.999875e-01 -2.917119e+01
9.999266e-01 8.103926e-06 -1.211998e-02 -7.337552e+00 3.539139e-06 9.999995e-01 9.606432e-04 2.689206e-01 1.211998e-02 -9.606162e-04 9.999261e-01 -3.028174e+01
9.999878e-01 -5.766774e-04 4.907749e-03 -7.297828e+00 5.792242e-04 9.999997e-01 -5.174784e-04 2.741684e-01 -4.907449e-03 5.203155e-04 9.999878e-01 -3.117955e+01
9.999252e-01 8.650383e-05 -1.222922e-02 -7.396262e+00 -7.192433e-05 9.999993e-01 1.192634e-03 2.829840e-01 1.222932e-02 -1.191666e-03 9.999245e-01 -3.204147e+01
9.999871e-01 -6.534200e-04 5.038236e-03 -7.629716e+00 6.563214e-04 9.999996e-01 -5.742152e-04 2.934639e-01 -5.037859e-03 5.775152e-04 9.999871e-01 -3.318099e+01
9.999311e-01 3.545898e-04 -1.173125e-02 -7.740245e+00 -3.410712e-04 9.999993e-01 1.154356e-03 2.961199e-01 1.173165e-02 -1.150276e-03 9.999305e-01 -3.393228e+01
9.999876e-01 -5.243532e-04 4.943851e-03 -8.082165e+00 5.264778e-04 9.999998e-01 -4.284222e-04 3.057803e-01 -4.943625e-03 4.310204e-04 9.999877e-01 -3.471789e+01
9.999168e-01 3.298557e-04 -1.289441e-02 -8.708809e+00 -3.097205e-04 9.999987e-01 1.563525e-03 3.282427e-01 1.289491e-02 -1.559402e-03 9.999156e-01 -3.566778e+01
9.999865e-01 -3.927947e-04 5.181008e-03 -9.400280e+00 3.947665e-04 9.999999e-01 -3.795228e-04 3.522000e-01 -5.180857e-03 3.815637e-04 9.999865e-01 -3.645982e+01
9.999215e-01 -7.627036e-05 -1.253333e-02 -9.760561e+00 9.246722e-05 9.999992e-01 1.291744e-03 3.638187e-01 1.253322e-02 -1.292802e-03 9.999206e-01 -3.756876e+01
9.999847e-01 -6.897302e-04 5.482268e-03 -1.001771e+01 6.940097e-04 9.999995e-01 -7.787011e-04 3.761266e-01 -5.481727e-03 7.824946e-04 9.999847e-01 -3.895283e+01
9.999220e-01 5.527917e-05 -1.249256e-02 -1.021390e+01 -3.940742e-05 9.999992e-01 1.270754e-03 3.852975e-01 1.249262e-02 -1.270163e-03 9.999212e-01 -4.010610e+01
9.999848e-01 -5.563559e-04 5.483356e-03 -1.043572e+01 5.600303e-04 9.999996e-01 -6.685372e-04 3.959776e-01 -5.482981e-03 6.715986e-04 9.999847e-01 -4.113951e+01
9.999364e-01 1.122421e-04 -1.127726e-02 -1.022581e+01 -1.057801e-04 9.999998e-01 5.736219e-04 4.101738e-01 1.127732e-02 -5.723932e-04 9.999362e-01 -4.067798e+01
9.999919e-01 -5.579585e-04 3.977811e-03 -1.009506e+01 5.589200e-04 9.999998e-01 -2.405448e-04 4.185497e-01 -3.977676e-03 2.427669e-04 9.999921e-01 -4.114106e+01
9.999384e-01 -2.378684e-04 -1.109946e-02 -9.832737e+00 2.417060e-04 9.999999e-01 3.444258e-04 4.227630e-01 1.109937e-02 -3.470881e-04 9.999383e-01 -4.204672e+01
9.999926e-01 -3.384725e-04 3.825420e-03 -1.000785e+01 3.376070e-04 9.999999e-01 2.269439e-04 4.384672e-01 -3.825496e-03 -2.256501e-04 9.999927e-01 -4.296219e+01
9.999429e-01 -4.351810e-04 -1.067449e-02 -1.005804e+01 4.366710e-04 9.999999e-01 1.372811e-04 4.463476e-01 1.067443e-02 -1.419352e-04 9.999430e-01 -4.412099e+01
9.999926e-01 -4.489667e-04 3.831433e-03 -1.014130e+01 4.483671e-04 9.999999e-01 1.574107e-04 4.568238e-01 -3.831503e-03 -1.556910e-04 9.999926e-01 -4.546663e+01
9.999483e-01 -7.898014e-05 -1.016796e-02 -1.049802e+01 7.942689e-05 1.000000e+00 4.355468e-05 4.852735e-01 1.016796e-02 -4.436072e-05 9.999483e-01 -4.618566e+01
9.999974e-01 -7.344121e-04 2.172309e-03 -1.071685e+01 7.342067e-04 9.999997e-01 9.543546e-05 5.113337e-01 -2.172379e-03 -9.383961e-05 9.999976e-01 -4.731671e+01
9.999489e-01 7.324927e-05 -1.011146e-02 -1.055211e+01 -7.218631e-05 1.000000e+00 1.055103e-04 5.169865e-01 1.011147e-02 -1.047756e-04 9.999489e-01 -4.820507e+01
9.999940e-01 -5.723810e-04 3.403960e-03 -1.071728e+01 5.716456e-04 9.999998e-01 2.170779e-04 5.328958e-01 -3.404083e-03 -2.151300e-04 9.999942e-01 -4.895225e+01
9.999361e-01 -3.114055e-04 -1.130295e-02 -1.076304e+01 3.129175e-04 9.999999e-01 1.320266e-04 5.451796e-01 1.130291e-02 -1.355557e-04 9.999361e-01 -5.012589e+01
9.999925e-01 -5.655634e-04 3.826219e-03 -1.064258e+01 5.647672e-04 9.999998e-01 2.092316e-04 5.526663e-01 -3.826336e-03 -2.070685e-04 9.999927e-01 -5.134589e+01
9.999403e-01 7.044159e-05 -1.092300e-02 -1.063823e+01 -7.016630e-05 1.000000e+00 2.560703e-05 5.584816e-01 1.092300e-02 -2.483974e-05 9.999403e-01 -5.212572e+01
9.999888e-01 1.658842e-04 4.730441e-03 -1.120827e+01 -1.669909e-04 1.000000e+00 2.336204e-04 5.991571e-01 -4.730401e-03 -2.344071e-04 9.999888e-01 -5.169577e+01
9.999191e-01 -5.207939e-05 -1.272133e-02 -1.146164e+01 5.378167e-05 1.000000e+00 1.334892e-04 6.242600e-01 1.272133e-02 -1.341633e-04 9.999191e-01 -5.160767e+01
9.999796e-01 3.088230e-04 6.374032e-03 -1.196843e+01 -3.099210e-04 9.999999e-01 1.713048e-04 6.618985e-01 -6.373978e-03 -1.732761e-04 9.999797e-01 -5.130759e+01
9.998999e-01 -4.389981e-04 -1.414392e-02 -1.200755e+01 4.385866e-04 9.999999e-01 -3.217775e-05 6.838536e-01 1.414393e-02 2.597053e-05 9.999000e-01 -5.113091e+01
9.999803e-01 2.105724e-04 6.270042e-03 -1.193349e+01 -2.141505e-04 9.999998e-01 5.700395e-04 6.850973e-01 -6.269920e-03 -5.713704e-04 9.999802e-01 -5.168911e+01
9.999081e-01 -6.183316e-04 -1.354122e-02 -1.198166e+01 6.181705e-04 9.999998e-01 -1.606302e-05 6.937665e-01 1.354123e-02 7.690089e-06 9.999083e-01 -5.230835e+01
9.999858e-01 5.867388e-05 5.329662e-03 -1.201182e+01 -6.095276e-05 9.999999e-01 4.274707e-04 7.030297e-01 -5.329636e-03 -4.277888e-04 9.999857e-01 -5.322288e+01
9.999238e-01 -8.040691e-04 -1.232080e-02 -1.203335e+01 8.038990e-04 9.999997e-01 -1.873958e-05 7.103459e-01 1.232081e-02 8.832811e-06 9.999241e-01 -5.432806e+01
9.999875e-01 7.512226e-05 5.003781e-03 -1.212965e+01 -7.731291e-05 9.999999e-01 4.376578e-04 7.202237e-01 -5.003748e-03 -4.380385e-04 9.999874e-01 -5.548841e+01
9.999231e-01 -1.223744e-03 -1.233866e-02 -1.222545e+01 1.221483e-03 9.999992e-01 -1.907678e-04 7.343441e-01 1.233889e-02 1.756810e-04 9.999239e-01 -5.703099e+01
9.999876e-01 2.932057e-04 4.981018e-03 -1.228244e+01 -2.955582e-04 9.999998e-01 4.716210e-04 7.461249e-01 -4.980878e-03 -4.730866e-04 9.999875e-01 -5.836879e+01
9.999191e-01 -5.203796e-04 -1.271175e-02 -1.216746e+01 5.194268e-04 9.999999e-01 -7.823411e-05 7.476641e-01 1.271178e-02 7.162430e-05 9.999192e-01 -5.878583e+01
9.999947e-01 5.999168e-04 3.209793e-03 -1.181577e+01 -6.005682e-04 9.999998e-01 2.020520e-04 7.495310e-01 -3.209671e-03 -2.039779e-04 9.999948e-01 -5.884589e+01
9.999344e-01 -7.435750e-04 -1.142684e-02 -1.206170e+01 7.463717e-04 9.999997e-01 2.405127e-04 7.693531e-01 1.142666e-02 -2.490262e-04 9.999347e-01 -5.927368e+01
9.999926e-01 7.019987e-04 3.786675e-03 -1.272745e+01 -7.052954e-04 9.999994e-01 8.694230e-04 7.960724e-01 -3.786062e-03 -8.720866e-04 9.999925e-01 -5.994702e+01
9.999357e-01 -8.998048e-04 -1.130135e-02 -1.315791e+01 9.000453e-04 9.999996e-01 1.622279e-05 8.154890e-01 1.130133e-02 -2.639413e-05 9.999361e-01 -6.066490e+01
9.999922e-01 8.756552e-04 3.862011e-03 -1.318386e+01 -8.770695e-04 9.999995e-01 3.646000e-04 8.234430e-01 -3.861690e-03 -3.679837e-04 9.999925e-01 -6.084506e+01
9.999558e-01 -5.620408e-04 -9.385332e-03 -1.360047e+01 5.612935e-04 9.999998e-01 -8.222897e-05 8.536255e-01 9.385376e-03 7.695675e-05 9.999560e-01 -6.042857e+01
9.999999e-01 2.412270e-04 2.385666e-04 -1.363585e+01 -2.411449e-04 9.999999e-01 -3.431667e-04 8.960035e-01 -2.386491e-04 3.431098e-04 9.999999e-01 -6.019082e+01
9.999467e-01 -4.278843e-04 -1.031635e-02 -1.310065e+01 4.268530e-04 9.999999e-01 -1.021432e-04 9.083441e-01 1.031639e-02 9.773355e-05 9.999468e-01 -6.019151e+01
9.999966e-01 -5.656254e-05 2.590302e-03 -1.283100e+01 5.800017e-05 9.999998e-01 -5.548243e-04 9.417995e-01 -2.590270e-03 5.549733e-04 9.999965e-01 -5.972186e+01
9.999361e-01 -2.857901e-04 -1.130286e-02 -1.227885e+01 2.876460e-04 9.999999e-01 1.625941e-04 9.474543e-01 1.130281e-02 -1.658356e-04 9.999361e-01 -5.930771e+01
9.999975e-01 2.327519e-04 2.210750e-03 -1.159598e+01 -2.320599e-04 9.999999e-01 -3.131690e-04 9.292074e-01 -2.210823e-03 3.126558e-04 9.999975e-01 -5.892041e+01
9.999430e-01 -3.863834e-04 -1.067143e-02 -1.136369e+01 3.917436e-04 9.999998e-01 5.002345e-04 9.323439e-01 1.067123e-02 -5.043871e-04 9.999429e-01 -5.899296e+01
9.999962e-01 3.969942e-05 2.743041e-03 -1.121171e+01 -3.903189e-05 1.000000e+00 -2.432984e-04 9.342666e-01 -2.743051e-03 2.431910e-04 9.999962e-01 -5.957812e+01
9.999549e-01 -3.408429e-04 -9.493363e-03 -1.152049e+01 3.487223e-04 9.999996e-01 8.283833e-04 9.526781e-01 9.493076e-03 -8.316571e-04 9.999546e-01 -6.006659e+01
9.999959e-01 2.235141e-04 2.853926e-03 -1.136032e+01 -2.214553e-04 9.999997e-01 -7.216136e-04 9.498125e-01 -2.854087e-03 7.209792e-04 9.999957e-01 -6.006412e+01
9.999395e-01 -1.765193e-04 -1.099785e-02 -1.100132e+01 1.854368e-04 9.999997e-01 8.098514e-04 9.390021e-01 1.099771e-02 -8.118425e-04 9.999392e-01 -5.998049e+01
9.999918e-01 -1.418441e-04 4.047688e-03 -1.110624e+01 1.431423e-04 9.999999e-01 -3.203466e-04 9.466727e-01 -4.047642e-03 3.209241e-04 9.999918e-01 -6.060944e+01
9.999350e-01 -5.706681e-04 -1.138922e-02 -1.123759e+01 5.802722e-04 9.999995e-01 8.399999e-04 9.586636e-01 1.138874e-02 -8.465548e-04 9.999348e-01 -6.175799e+01
9.999905e-01 2.038675e-04 4.356181e-03 -1.154947e+01 -2.031190e-04 1.000000e+00 -1.721997e-04 9.730092e-01 -4.356216e-03 1.713139e-04 9.999905e-01 -6.251430e+01
9.999441e-01 -4.680118e-04 -1.056635e-02 -1.152187e+01 4.718053e-04 9.999998e-01 3.565493e-04 9.729496e-01 1.056618e-02 -3.615153e-04 9.999441e-01 -6.273441e+01
9.999918e-01 4.497561e-04 4.025578e-03 -1.128776e+01 -4.481271e-04 9.999998e-01 -4.054850e-04 9.658352e-01 -4.025759e-03 4.036783e-04 9.999918e-01 -6.256583e+01
9.999137e-01 -3.350371e-04 -1.313360e-02 -1.069677e+01 3.410506e-04 9.999998e-01 4.556611e-04 9.437123e-01 1.313344e-02 -4.601016e-04 9.999136e-01 -6.231004e+01
9.999875e-01 1.403148e-04 4.990315e-03 -1.033319e+01 -1.369948e-04 9.999998e-01 -6.655665e-04 9.500681e-01 -4.990407e-03 6.648752e-04 9.999873e-01 -6.208473e+01
9.998976e-01 -2.945496e-04 -1.430974e-02 -9.706072e+00 3.023509e-04 9.999998e-01 5.430362e-04 9.395499e-01 1.430958e-02 -5.473078e-04 9.998975e-01 -6.212470e+01
9.999915e-01 5.380902e-04 4.097646e-03 -9.104034e+00 -5.350561e-04 9.999996e-01 -7.414229e-04 9.280750e-01 -4.098043e-03 7.392247e-04 9.999913e-01 -6.200102e+01
9.998977e-01 -4.597346e-04 -1.429507e-02 -8.497786e+00 4.706495e-04 9.999996e-01 7.602087e-04 9.175145e-01 1.429471e-02 -7.668596e-04 9.998975e-01 -6.194311e+01
9.999919e-01 6.066185e-04 3.971932e-03 -7.828905e+00 -6.022367e-04 9.999992e-01 -1.104212e-03 9.046421e-01 -3.972599e-03 1.101811e-03 9.999915e-01 -6.181847e+01
9.999195e-01 -3.883716e-04 -1.267999e-02 -7.377113e+00 4.031949e-04 9.999992e-01 1.166520e-03 8.887242e-01 1.267952e-02 -1.171539e-03 9.999189e-01 -6.151963e+01
9.999970e-01 6.351824e-04 2.358388e-03 -6.700371e+00 -6.322145e-04 9.999990e-01 -1.258806e-03 8.669043e-01 -2.359185e-03 1.257311e-03 9.999964e-01 -6.133581e+01
9.999257e-01 -3.623385e-04 -1.218369e-02 -6.110079e+00 3.790776e-04 9.999990e-01 1.371641e-03 8.431020e-01 1.218319e-02 -1.376158e-03 9.999248e-01 -6.118946e+01
9.999991e-01 6.419753e-04 1.176798e-03 -5.419740e+00 -6.405543e-04 9.999991e-01 -1.207197e-03 8.232247e-01 -1.177572e-03 1.206442e-03 9.999986e-01 -6.113072e+01
9.999467e-01 -2.541070e-04 -1.031871e-02 -4.869382e+00 2.661072e-04 9.999993e-01 1.161633e-03 7.976152e-01 1.031840e-02 -1.164317e-03 9.999461e-01 -6.089915e+01
9.999994e-01 6.826371e-04 -8.407582e-04 -4.148721e+00 -6.834790e-04 9.999993e-01 -1.001864e-03 7.710900e-01 8.400739e-04 1.002439e-03 9.999991e-01 -6.070469e+01
9.999479e-01 -5.472329e-04 -1.019545e-02 -3.363376e+00 5.551473e-04 9.999995e-01 7.734873e-04 7.522215e-01 1.019502e-02 -7.791076e-04 9.999477e-01 -6.071125e+01
9.999945e-01 5.419023e-04 3.271944e-03 -3.176853e+00 -5.399675e-04 9.999997e-01 -5.920716e-04 7.432393e-01 -3.272263e-03 5.903023e-04 9.999945e-01 -6.069244e+01
9.999513e-01 -8.080748e-04 -9.836986e-03 -3.058466e+00 8.150438e-04 9.999994e-01 7.044909e-04 7.399788e-01 9.836411e-03 -7.124747e-04 9.999514e-01 -6.091272e+01
9.999925e-01 8.273716e-04 3.791868e-03 -3.168805e+00 -8.261278e-04 9.999996e-01 -3.294681e-04 7.418104e-01 -3.792138e-03 3.263336e-04 9.999928e-01 -6.088992e+01
9.999504e-01 -9.282758e-04 -9.917780e-03 -3.051207e+00 9.323318e-04 9.999995e-01 4.043838e-04 7.360888e-01 9.917399e-03 -4.136110e-04 9.999507e-01 -6.082461e+01
9.999957e-01 7.497677e-04 2.829990e-03 -2.849425e+00 -7.489288e-04 9.999997e-01 -2.973699e-04 7.322819e-01 -2.830212e-03 2.952498e-04 9.999960e-01 -6.092353e+01
9.999564e-01 -8.761232e-04 -9.299434e-03 -3.140399e+00 8.847945e-04 9.999992e-01 9.284156e-04 7.463656e-01 9.298613e-03 -9.366038e-04 9.999563e-01 -6.132976e+01
9.999914e-01 1.160264e-03 3.975757e-03 -3.521801e+00 -1.159313e-03 9.999993e-01 -2.414085e-04 7.524851e-01 -3.976034e-03 2.367979e-04 9.999921e-01 -6.109117e+01
9.999566e-01 -8.302765e-04 -9.280171e-03 -4.018774e+00 8.395312e-04 9.999992e-01 9.934417e-04 7.668154e-01 9.279338e-03 -1.001190e-03 9.999564e-01 -6.077299e+01
9.999957e-01 1.109439e-03 2.715523e-03 -4.658290e+00 -1.109543e-03 9.999994e-01 3.707800e-05 7.892781e-01 -2.715480e-03 -4.009023e-05 9.999963e-01 -6.089606e+01
9.999557e-01 -1.071464e-03 -9.356143e-03 -5.128084e+00 1.079438e-03 9.999991e-01 8.473270e-04 8.072923e-01 9.355226e-03 -8.573894e-04 9.999559e-01 -6.120313e+01
9.999972e-01 9.979433e-04 2.146000e-03 -5.538881e+00 -9.980719e-04 9.999995e-01 5.904281e-05 8.228204e-01 -2.145940e-03 -6.118390e-05 9.999977e-01 -6.166595e+01
9.999599e-01 -8.159816e-04 -8.916542e-03 -5.967762e+00 8.236397e-04 9.999993e-01 8.552763e-04 8.354513e-01 8.915838e-03 -8.625867e-04 9.999599e-01 -6.181170e+01
9.999964e-01 9.431712e-04 2.493515e-03 -6.185060e+00 -9.426667e-04 9.999995e-01 -2.033617e-04 8.408138e-01 -2.493705e-03 2.010110e-04 9.999969e-01 -6.180119e+01
9.999598e-01 -8.287376e-04 -8.923196e-03 -6.384839e+00 8.361932e-04 9.999993e-01 8.318716e-04 8.458550e-01 8.922500e-03 -8.393004e-04 9.999598e-01 -6.180348e+01
9.999982e-01 9.026105e-04 1.678937e-03 -6.104951e+00 -9.015656e-04 9.999994e-01 -6.227377e-04 8.318942e-01 -1.679498e-03 6.212235e-04 9.999984e-01 -6.171022e+01
9.999469e-01 -6.196753e-04 -1.028747e-02 -5.641945e+00 6.281662e-04 9.999995e-01 8.221900e-04 8.077063e-01 1.028695e-02 -8.286092e-04 9.999467e-01 -6.156057e+01
9.999992e-01 1.093112e-03 -6.994897e-04 -4.943789e+00 -1.093458e-03 9.999993e-01 -4.943742e-04 7.788977e-01 6.989490e-04 4.951392e-04 9.999996e-01 -6.143878e+01
9.999435e-01 -8.310202e-04 -1.060163e-02 -4.249320e+00 8.399960e-04 9.999993e-01 8.422568e-04 7.610064e-01 1.060092e-02 -8.511151e-04 9.999434e-01 -6.147912e+01
9.999992e-01 9.542548e-04 -8.482967e-04 -3.542081e+00 -9.547197e-04 9.999994e-01 -5.481863e-04 7.474377e-01 8.477733e-04 5.489963e-04 9.999995e-01 -6.166364e+01
9.999451e-01 -9.169426e-04 -1.044047e-02 -2.761823e+00 9.237548e-04 9.999994e-01 6.477158e-04 7.316964e-01 1.043987e-02 -6.573252e-04 9.999453e-01 -6.185635e+01
9.999991e-01 1.174014e-03 -7.221629e-04 -2.012852e+00 -1.174232e-03 9.999993e-01 -3.016454e-04 7.073483e-01 7.218084e-04 3.024936e-04 9.999997e-01 -6.188511e+01
9.999605e-01 -1.067446e-03 -8.825645e-03 -1.476135e+00 1.071023e-03 9.999993e-01 4.006203e-04 6.884853e-01 8.825212e-03 -4.100575e-04 9.999610e-01 -6.186737e+01
9.999989e-01 9.328564e-04 -1.147807e-03 -8.245065e-01 -9.335022e-04 9.999994e-01 -5.625704e-04 6.768186e-01 1.147281e-03 5.636418e-04 9.999992e-01 -6.181367e+01
9.999616e-01 -1.106725e-03 -8.692734e-03 -2.914148e-01 1.110507e-03 9.999993e-01 4.302200e-04 6.753386e-01 8.692251e-03 -4.398574e-04 9.999621e-01 -6.200527e+01
9.999986e-01 1.194449e-03 -1.129943e-03 2.351504e-01 -1.194671e-03 9.999993e-01 -1.961293e-04 6.659252e-01 1.129708e-03 1.974795e-04 9.999993e-01 -6.211235e+01
9.999530e-01 -1.042523e-03 -9.634817e-03 8.257073e-01 1.045054e-03 9.999994e-01 2.576604e-04 6.594237e-01 9.634543e-03 -2.677178e-04 9.999536e-01 -6.214500e+01
9.999990e-01 1.218465e-03 -7.722460e-04 1.418813e+00 -1.218635e-03 9.999992e-01 -2.201970e-04 6.491990e-01 7.719773e-04 2.211385e-04 9.999997e-01 -6.219183e+01
9.999543e-01 -1.158215e-03 -9.489247e-03 2.091996e+00 1.160764e-03 9.999993e-01 2.631420e-04 6.334912e-01 9.488936e-03 -2.741453e-04 9.999549e-01 -6.220882e+01
9.999952e-01 6.724105e-04 -3.041009e-03 2.990563e+00 -6.740289e-04 9.999996e-01 -5.313432e-04 6.359512e-01 3.040650e-03 5.333909e-04 9.999952e-01 -6.288248e+01
9.999619e-01 -6.232071e-04 -8.704076e-03 3.874407e+00 6.296276e-04 9.999995e-01 7.349796e-04 6.244955e-01 8.703614e-03 -7.404325e-04 9.999618e-01 -6.334675e+01
9.999770e-01 3.993489e-04 -6.765642e-03 5.191620e+00 -4.034093e-04 9.999997e-01 -5.988679e-04 6.050144e-01 6.765401e-03 6.015840e-04 9.999769e-01 -6.391916e+01
9.999870e-01 -8.611695e-04 -5.025452e-03 6.009935e+00 8.637037e-04 9.999995e-01 5.022188e-04 6.058653e-01 5.025017e-03 -5.065533e-04 9.999872e-01 -6.481684e+01
9.999947e-01 1.147343e-03 -3.048815e-03 5.940431e+00 -1.146981e-03 9.999993e-01 1.204450e-04 6.120980e-01 3.048952e-03 -1.169469e-04 9.999953e-01 -6.484854e+01
9.999876e-01 -1.356802e-03 -4.800883e-03 5.803002e+00 1.359909e-03 9.999989e-01 6.439557e-04 6.198819e-01 4.800004e-03 -6.504770e-04 9.999883e-01 -6.546446e+01
9.999970e-01 8.993620e-04 -2.282585e-03 5.861625e+00 -8.998331e-04 9.999996e-01 -2.055813e-04 6.227561e-01 2.282399e-03 2.076352e-04 9.999974e-01 -6.624489e+01
9.999863e-01 -1.598062e-03 -4.987079e-03 5.914024e+00 1.600704e-03 9.999986e-01 5.257551e-04 6.290856e-01 4.986232e-03 -5.337313e-04 9.999874e-01 -6.726715e+01
9.999908e-01 1.087820e-03 -4.149249e-03 5.170654e+00 -1.086200e-03 9.999993e-01 3.925065e-04 6.703977e-01 4.149673e-03 -3.879954e-04 9.999913e-01 -6.863034e+01
9.999875e-01 -1.836120e-03 -4.652292e-03 4.468525e+00 1.837818e-03 9.999982e-01 3.608610e-04 7.115473e-01 4.651621e-03 -3.694071e-04 9.999891e-01 -7.017616e+01
9.999944e-01 7.915054e-04 -3.259251e-03 4.601677e+00 -7.924688e-04 9.999996e-01 -2.944470e-04 7.238066e-01 3.259017e-03 2.970287e-04 9.999946e-01 -7.151156e+01
9.999960e-01 -7.960188e-04 -2.708977e-03 4.715513e+00 7.964711e-04 9.999997e-01 1.660579e-04 7.178648e-01 2.708844e-03 -1.682155e-04 9.999963e-01 -7.160387e+01
9.999947e-01 8.990291e-04 -3.144763e-03 4.633863e+00 -8.982816e-04 9.999996e-01 2.389536e-04 7.149378e-01 3.144976e-03 -2.361269e-04 9.999950e-01 -7.176270e+01
9.999928e-01 -1.294088e-03 -3.570859e-03 4.622159e+00 1.295124e-03 9.999991e-01 2.878150e-04 7.172651e-01 3.570484e-03 -2.924382e-04 9.999936e-01 -7.256366e+01
9.999946e-01 8.412966e-04 -3.178726e-03 4.666629e+00 -8.413346e-04 9.999996e-01 -1.077031e-05 7.211180e-01 3.178716e-03 1.344517e-05 9.999949e-01 -7.340038e+01
9.999930e-01 -1.095280e-03 -3.572051e-03 4.637515e+00 1.097123e-03 9.999993e-01 5.143166e-04 7.237244e-01 3.571485e-03 -5.182326e-04 9.999935e-01 -7.404771e+01
9.999925e-01 9.352657e-04 -3.771399e-03 4.647299e+00 -9.345163e-04 9.999995e-01 2.003305e-04 7.225040e-01 3.771585e-03 -1.968040e-04 9.999929e-01 -7.470189e+01
9.999924e-01 -1.097362e-03 -3.748222e-03 4.656231e+00 1.098150e-03 9.999994e-01 2.083638e-04 7.232737e-01 3.747991e-03 -2.124788e-04 9.999930e-01 -7.544340e+01
9.999958e-01 7.272172e-04 -2.795299e-03 4.660434e+00 -7.267512e-04 9.999997e-01 1.675454e-04 7.238216e-01 2.795420e-03 -1.655127e-04 9.999961e-01 -7.615391e+01
9.999927e-01 -9.656631e-04 -3.707400e-03 4.662907e+00 9.669129e-04 9.999995e-01 3.354512e-04 7.234311e-01 3.707074e-03 -3.390340e-04 9.999931e-01 -7.673737e+01
9.999921e-01 1.117591e-03 -3.820967e-03 4.954694e+00 -1.116909e-03 9.999994e-01 1.803887e-04 7.126133e-01 3.821166e-03 -1.761191e-04 9.999927e-01 -7.691984e+01
9.999952e-01 -8.743103e-04 -2.968459e-03 5.182146e+00 8.747422e-04 9.999996e-01 1.443397e-04 6.959096e-01 2.968332e-03 -1.469362e-04 9.999956e-01 -7.672991e+01
9.999936e-01 1.052636e-03 -3.429699e-03 5.430927e+00 -1.051629e-03 9.999994e-01 2.952118e-04 6.760691e-01 3.430008e-03 -2.916026e-04 9.999941e-01 -7.652359e+01
9.999939e-01 -1.031634e-03 -3.348445e-03 5.733566e+00 1.031299e-03 9.999995e-01 -1.016494e-04 6.608648e-01 3.348548e-03 9.819498e-05 9.999944e-01 -7.645457e+01
9.999931e-01 8.251568e-04 -3.635694e-03 5.986015e+00 -8.236857e-04 9.999996e-01 4.059765e-04 6.538097e-01 3.636027e-03 -4.029785e-04 9.999933e-01 -7.679879e+01
9.999963e-01 -7.908873e-04 -2.614666e-03 6.155598e+00 7.907143e-04 9.999997e-01 -6.700738e-05 6.438002e-01 2.614718e-03 6.493916e-05 9.999966e-01 -7.682799e+01
9.999936e-01 8.789253e-04 -3.458243e-03 6.291559e+00 -8.774719e-04 9.999995e-01 4.216195e-04 6.337944e-01 3.458612e-03 -4.185818e-04 9.999939e-01 -7.674515e+01
9.999941e-01 -1.202947e-03 -3.213954e-03 6.353977e+00 1.203049e-03 9.999993e-01 3.005383e-05 6.346763e-01 3.213915e-03 -3.392071e-05 9.999948e-01 -7.742809e+01
9.999854e-01 1.194027e-03 -5.264914e-03 6.742611e+00 -1.192555e-03 9.999992e-01 2.825959e-04 6.264822e-01 5.265247e-03 -2.763126e-04 9.999861e-01 -7.770788e+01
9.999982e-01 -1.206077e-03 -1.462036e-03 6.882162e+00 1.206201e-03 9.999993e-01 8.426703e-05 6.213019e-01 1.461933e-03 -8.603091e-05 9.999989e-01 -7.788143e+01
9.999858e-01 1.269729e-03 -5.176091e-03 6.962274e+00 -1.268015e-03 9.999991e-01 3.342499e-04 6.162235e-01 5.176511e-03 -3.276813e-04 9.999865e-01 -7.798896e+01
9.999970e-01 -1.307293e-03 -2.072312e-03 6.960535e+00 1.308052e-03 9.999991e-01 3.655192e-04 6.150864e-01 2.071832e-03 -3.682293e-04 9.999978e-01 -7.842017e+01
9.999862e-01 1.250557e-03 -5.107108e-03 7.197247e+00 -1.249693e-03 9.999992e-01 1.721607e-04 6.096142e-01 5.107320e-03 -1.657755e-04 9.999869e-01 -7.884430e+01
9.999931e-01 -1.162974e-03 -3.529083e-03 7.673953e+00 1.163941e-03 9.999993e-01 2.723259e-04 5.998378e-01 3.528763e-03 -2.764322e-04 9.999937e-01 -7.920628e+01
9.999942e-01 7.554332e-04 -3.319083e-03 7.913515e+00 -7.556324e-04 9.999997e-01 -5.891412e-05 5.983461e-01 3.319037e-03 6.142229e-05 9.999945e-01 -7.988321e+01
9.999902e-01 -1.466694e-03 -4.182926e-03 8.106381e+00 1.466637e-03 9.999989e-01 -1.662805e-05 6.046708e-01 4.182946e-03 1.049255e-05 9.999913e-01 -8.110671e+01
9.999811e-01 5.151599e-04 -6.122620e-03 8.676059e+00 -5.208167e-04 9.999994e-01 -9.224367e-04 6.178637e-01 6.122142e-03 9.256086e-04 9.999808e-01 -8.293103e+01
9.999764e-01 -1.995938e-03 -6.566776e-03 9.340082e+00 1.995472e-03 9.999980e-01 -7.751436e-05 6.424659e-01 6.566917e-03 6.440821e-05 9.999784e-01 -8.553858e+01
9.999988e-01 5.375541e-04 -1.442880e-03 9.412011e+00 -5.382869e-04 9.999997e-01 -5.078781e-04 6.642031e-01 1.442607e-03 5.086547e-04 9.999988e-01 -8.775775e+01
9.999857e-01 -1.480574e-03 -5.146233e-03 9.278152e+00 1.483385e-03 9.999988e-01 5.426598e-04 6.769657e-01 5.145423e-03 -5.502863e-04 9.999866e-01 -8.936068e+01
9.999953e-01 1.469504e-03 -2.706028e-03 9.764064e+00 -1.470235e-03 9.999989e-01 -2.685627e-04 6.626994e-01 2.705631e-03 2.725404e-04 9.999963e-01 -8.984217e+01
9.999772e-01 -2.617893e-03 -6.230901e-03 1.001246e+01 2.617116e-03 9.999966e-01 -1.327651e-04 6.779175e-01 6.231227e-03 1.164546e-04 9.999806e-01 -9.166527e+01
9.999979e-01 2.027246e-03 -1.139694e-04 9.936724e+00 -2.027195e-03 9.999978e-01 4.438814e-04 6.828210e-01 1.148690e-04 -4.436489e-04 9.999999e-01 -9.278894e+01
9.999815e-01 -2.086730e-03 -5.720518e-03 9.893092e+00 2.086435e-03 9.999978e-01 -5.740035e-05 6.754987e-01 5.720625e-03 4.546331e-05 9.999836e-01 -9.316233e+01
9.999945e-01 2.104723e-03 2.574284e-03 1.003244e+01 -2.104484e-03 9.999978e-01 -9.530591e-05 6.438751e-01 -2.574479e-03 8.988833e-05 9.999967e-01 -9.218718e+01
9.999862e-01 -2.141136e-03 -4.787631e-03 1.009559e+01 2.139628e-03 9.999977e-01 -3.199944e-04 6.176800e-01 4.788305e-03 3.097457e-04 9.999885e-01 -9.108934e+01
9.999973e-01 2.253895e-03 -4.764820e-04 1.009588e+01 -2.253528e-03 9.999972e-01 7.678014e-04 6.047053e-01 4.782112e-04 -7.667251e-04 9.999996e-01 -9.107208e+01
9.999772e-01 -2.818371e-03 -6.139100e-03 1.019545e+01 2.816125e-03 9.999960e-01 -3.743641e-04 6.073014e-01 6.140130e-03 3.570666e-04 9.999811e-01 -9.203186e+01
9.999981e-01 1.903260e-03 -4.405184e-04 1.017096e+01 -1.903059e-03 9.999981e-01 4.563225e-04 6.160603e-01 4.413860e-04 -4.554828e-04 9.999998e-01 -9.340267e+01
9.999726e-01 -2.540297e-03 -6.946240e-03 1.023042e+01 2.538108e-03 9.999967e-01 -3.238962e-04 6.215350e-01 6.947040e-03 3.062565e-04 9.999758e-01 -9.471160e+01
9.999973e-01 2.122018e-03 -9.273942e-04 1.028712e+01 -2.121476e-03 9.999976e-01 5.847036e-04 6.255559e-01 9.286328e-04 -5.827341e-04 9.999994e-01 -9.582343e+01
9.999680e-01 -2.059157e-03 -7.728638e-03 1.072698e+01 2.054717e-03 9.999977e-01 -5.822366e-04 6.171160e-01 7.729819e-03 5.663373e-04 9.999700e-01 -9.623427e+01
9.999976e-01 2.175689e-03 -2.097091e-04 1.121926e+01 -2.175471e-03 9.999971e-01 1.027422e-03 6.014397e-01 2.119439e-04 -1.026963e-03 9.999995e-01 -9.656547e+01
9.999746e-01 -2.310637e-03 -6.735844e-03 1.155063e+01 2.304743e-03 9.999970e-01 -8.825623e-04 5.920296e-01 6.737863e-03 8.670151e-04 9.999769e-01 -9.681025e+01
9.999974e-01 2.211973e-03 6.130169e-04 1.168986e+01 -2.212815e-03 9.999966e-01 1.377523e-03 5.836724e-01 -6.099678e-04 -1.378876e-03 9.999989e-01 -9.713617e+01
9.999714e-01 -2.477674e-03 -7.144386e-03 1.188416e+01 2.470183e-03 9.999964e-01 -1.057056e-03 5.797781e-01 7.146979e-03 1.039377e-03 9.999739e-01 -9.760218e+01
9.999974e-01 2.217476e-03 4.604602e-04 1.211806e+01 -2.218139e-03 9.999965e-01 1.446447e-03 5.726551e-01 -4.572511e-04 -1.447464e-03 9.999988e-01 -9.801000e+01
9.999813e-01 -1.966036e-03 -5.795488e-03 1.246535e+01 1.957584e-03 9.999970e-01 -1.463675e-03 5.416373e-01 5.798349e-03 1.452302e-03 9.999821e-01 -9.725757e+01
9.999975e-01 2.201662e-03 3.611545e-04 1.271406e+01 -2.202211e-03 9.999964e-01 1.529142e-03 5.177518e-01 -3.577865e-04 -1.529933e-03 9.999988e-01 -9.658003e+01
9.999720e-01 -2.688187e-03 -6.978921e-03 1.284753e+01 2.680036e-03 9.999957e-01 -1.176931e-03 5.191509e-01 6.982055e-03 1.158193e-03 9.999750e-01 -9.736935e+01
9.999981e-01 1.857422e-03 6.043311e-04 1.308593e+01 -1.858094e-03 9.999977e-01 1.115661e-03 5.247726e-01 -6.022574e-04 -1.116781e-03 9.999992e-01 -9.840538e+01
9.999712e-01 -2.606436e-03 -7.128961e-03 1.319161e+01 2.599868e-03 9.999962e-01 -9.302366e-04 5.307716e-01 7.131358e-03 9.116750e-04 9.999742e-01 -9.951913e+01
9.999991e-01 1.301801e-03 7.830114e-05 1.328989e+01 -1.301885e-03 9.999986e-01 1.096375e-03 5.425548e-01 -7.687378e-05 -1.096476e-03 9.999994e-01 -1.012006e+02
9.999739e-01 -3.349827e-03 -6.393957e-03 1.342398e+01 3.338581e-03 9.999929e-01 -1.768642e-03 5.656090e-01 6.399836e-03 1.747249e-03 9.999780e-01 -1.034313e+02
9.999976e-01 2.183266e-03 -2.932964e-04 1.336308e+01 -2.182689e-03 9.999957e-01 1.952641e-03 5.781914e-01 2.975583e-04 -1.951996e-03 9.999981e-01 -1.050526e+02
9.999707e-01 -3.647086e-03 -6.730926e-03 1.330689e+01 3.635088e-03 9.999918e-01 -1.793786e-03 5.939579e-01 6.737413e-03 1.769265e-03 9.999757e-01 -1.070941e+02
9.999991e-01 1.367050e-03 9.516172e-05 1.322781e+01 -1.367187e-03 9.999980e-01 1.464210e-03 6.194945e-01 -9.315990e-05 -1.464339e-03 9.999989e-01 -1.099905e+02
9.999759e-01 -3.404214e-03 -6.054138e-03 1.316711e+01 3.391449e-03 9.999920e-01 -2.117431e-03 6.445708e-01 6.061297e-03 2.096847e-03 9.999794e-01 -1.125240e+02
9.999982e-01 1.478260e-03 -1.201676e-03 1.308148e+01 -1.475586e-03 9.999964e-01 2.223080e-03 6.651937e-01 1.204958e-03 -2.221303e-03 9.999968e-01 -1.150510e+02
9.999778e-01 -4.066681e-03 -5.275515e-03 1.320248e+01 4.049983e-03 9.999868e-01 -3.171872e-03 6.962646e-01 5.288344e-03 3.150436e-03 9.999811e-01 -1.180082e+02
9.999956e-01 2.715390e-03 -1.159988e-03 1.329428e+01 -2.711816e-03 9.999916e-01 3.071748e-03 7.083388e-01 1.168319e-03 -3.068589e-03 9.999946e-01 -1.197269e+02
9.999800e-01 -3.367527e-03 -5.360530e-03 1.346342e+01 3.351753e-03 9.999900e-01 -2.948637e-03 7.107800e-01 5.370406e-03 2.930611e-03 9.999813e-01 -1.207175e+02
9.999950e-01 1.522774e-03 -2.764350e-03 1.357340e+01 -1.514049e-03 9.999939e-01 3.155157e-03 7.263714e-01 2.769137e-03 -3.150955e-03 9.999912e-01 -1.230034e+02
9.999863e-01 -4.027416e-03 -3.353595e-03 1.381292e+01 4.012803e-03 9.999825e-01 -4.352710e-03 7.548177e-01 3.371067e-03 4.339193e-03 9.999849e-01 -1.255553e+02
9.999896e-01 3.198911e-03 -3.246651e-03 1.403344e+01 -3.184586e-03 9.999852e-01 4.407735e-03 7.600364e-01 3.260703e-03 -4.397349e-03 9.999850e-01 -1.264990e+02
9.999861e-01 -3.671850e-03 -3.772917e-03 1.427764e+01 3.655871e-03 9.999844e-01 -4.233043e-03 7.609041e-01 3.788401e-03 4.219190e-03 9.999839e-01 -1.271288e+02
9.999901e-01 3.254211e-03 -3.024562e-03 1.440809e+01 -3.240234e-03 9.999841e-01 4.614429e-03 7.619000e-01 3.039531e-03 -4.604583e-03 9.999848e-01 -1.277737e+02
9.999843e-01 -3.737822e-03 -4.173702e-03 1.462755e+01 3.719909e-03 9.999839e-01 -4.291346e-03 7.633701e-01 4.189675e-03 4.275752e-03 9.999821e-01 -1.284496e+02
9.999916e-01 3.211684e-03 -2.527909e-03 1.477083e+01 -3.199915e-03 9.999841e-01 4.645494e-03 7.653550e-01 2.542789e-03 -4.637365e-03 9.999860e-01 -1.291700e+02
