1.000000e+00 1.197625e-11 1.704638e-10 5.551115e-17 1.197625e-11 1.000000e+00 3.562503e-10 0.000000e+00 1.704638e-10 3.562503e-10 1.000000e+00 2.220446e-16 0.000000e+00 0.000000e+00 0.000000e+00 1.000000e+00
9.790067e-01 -1.667479e-02 -2.031447e-01 -1.116252e-01 1.182563e-02 9.996160e-01 -2.506102e-02 1.559832e-02 2.034846e-01 2.213260e-02 9.788280e-01 -5.986877e-01
9.674218e-01 5.305950e-02 -2.475476e-01 -3.376273e-01 -3.958598e-02 9.974672e-01 5.909475e-02 2.617361e-02 2.500562e-01 -4.737013e-02 9.670719e-01 -9.093236e-01
9.892839e-01 1.095603e-02 -1.455928e-01 -3.973991e-01 -8.423129e-03 9.998025e-01 1.800228e-02 2.255499e-02 1.457613e-01 -1.658302e-02 9.891808e-01 -8.837392e-01
9.870047e-01 4.519689e-02 -1.542040e-01 -4.317487e-01 -2.428404e-02 9.905618e-01 1.348983e-01 3.764451e-03 1.588456e-01 -1.294005e-01 9.787868e-01 -1.416113e-01
9.918015e-01 1.551424e-02 -1.268429e-01 -5.626486e-01 -2.037363e-02 9.991037e-01 -3.710301e-02 -5.549761e-03 1.261536e-01 3.938307e-02 9.912287e-01 2.101822e-01
7.516403e-01 1.494219e-01 -6.424251e-01 -6.341662e-01 -1.652115e-02 9.779607e-01 2.081345e-01 -1.505656e-02 6.593663e-01 -1.458287e-01 7.375433e-01 6.650547e-01
9.886200e-01 6.169882e-02 -1.371996e-01 -6.457354e-01 -6.216329e-02 9.980656e-01 9.008766e-04 -2.575667e-02 1.369898e-01 7.638153e-03 9.905430e-01 1.102100e+00
3.018713e-01 2.265101e-01 -9.260491e-01 -8.186982e-01 -8.219050e-03 9.719468e-01 2.350573e-01 -2.643125e-02 9.533133e-01 -6.334582e-02 2.952645e-01 1.547168e+00
9.797806e-01 6.874018e-02 -1.878955e-01 -1.019666e+00 -6.393045e-02 9.974556e-01 3.154660e-02 -2.060311e-02 1.895859e-01 -1.889651e-02 9.816823e-01 1.741715e+00
5.403044e-01 1.654738e-01 -8.250391e-01 -1.110925e+00 -3.710023e-02 9.842051e-01 1.731006e-01 -2.141541e-02 8.406514e-01 -6.291785e-02 5.379095e-01 1.964278e+00
9.515766e-01 7.229627e-02 -2.987895e-01 -1.248402e+00 -5.710020e-02 9.966063e-01 5.929157e-02 -1.561743e-02 3.020621e-01 -3.935954e-02 9.524754e-01 2.044549e+00
9.575284e-01 2.293342e-02 -2.874255e-01 -1.432547e+00 -1.608375e-02 9.995281e-01 2.617011e-02 -1.375647e-02 2.878901e-01 -2.043574e-02 9.574454e-01 2.016950e+00
9.968712e-01 -3.031427e-02 7.299858e-02 -1.694419e+00 3.155513e-02 9.993755e-01 -1.590522e-02 -7.846863e-03 -7.247083e-02 1.815894e-02 9.972052e-01 1.861321e+00
9.366021e-01 1.169173e-02 -3.501998e-01 -1.961198e+00 -1.324662e-02 9.999102e-01 -2.044922e-03 1.187115e-02 3.501444e-01 6.554241e-03 9.366728e-01 1.266799e+00
9.945424e-01 2.280326e-02 -1.018109e-01 -2.158127e+00 -1.919096e-02 9.991559e-01 3.632022e-02 2.268775e-02 1.025532e-01 -3.416815e-02 9.941405e-01 8.999619e-01
7.921614e-01 9.869810e-02 -6.022781e-01 -2.384240e+00 -7.398092e-02 9.950889e-01 6.576453e-02 3.149744e-02 6.058111e-01 -7.539035e-03 7.955728e-01 6.959182e-01
9.466016e-01 3.431017e-02 -3.205748e-01 -2.684748e+00 -1.994518e-02 9.986488e-01 4.798776e-02 4.754395e-02 3.217881e-01 -3.903136e-02 9.460068e-01 4.224285e-01
9.969545e-01 -3.998224e-02 6.695640e-02 -3.019500e+00 4.503300e-02 9.961127e-01 -7.570650e-02 6.693550e-02 -6.366921e-02 7.849119e-02 9.948796e-01 -9.608639e-02
7.359137e-01 1.770729e-01 -6.535107e-01 -3.165389e+00 -4.076498e-02 9.750330e-01 2.182863e-01 6.542561e-02 6.758471e-01 -1.339995e-01 7.247585e-01 3.015593e-02
9.823127e-01 5.057187e-02 -1.802895e-01 -3.207653e+00 -5.770154e-02 9.977369e-01 -3.451967e-02 6.286780e-02 1.781358e-01 4.431209e-02 9.830077e-01 1.682160e-01
9.111067e-01 3.457899e-02 -4.107175e-01 -3.325239e+00 7.706997e-03 9.948711e-01 1.008565e-01 6.621171e-02 4.120985e-01 -9.505644e-02 9.061673e-01 9.763546e-03
9.607448e-01 1.004594e-01 -2.586067e-01 -3.423994e+00 -9.542943e-02 9.949229e-01 3.196375e-02 6.686395e-02 2.605048e-01 -6.030318e-03 9.654537e-01 -1.307241e-02
9.008259e-01 1.039692e-03 -4.341793e-01 -3.644068e+00 1.474132e-02 9.993474e-01 3.297802e-02 7.661023e-02 4.339303e-01 -3.610783e-02 9.002226e-01 -2.231364e-01
9.952232e-01 4.613728e-02 -8.603564e-02 -3.811655e+00 -4.628916e-02 9.989281e-01 2.298642e-04 9.265902e-02 8.595402e-02 3.753751e-03 9.962920e-01 -6.971373e-01
9.161476e-01 1.216607e-02 -4.006564e-01 -3.678627e+00 1.121757e-02 9.983697e-01 5.596612e-02 9.486438e-02 4.006841e-01 -5.576762e-02 9.145175e-01 -9.040747e-01
9.925336e-01 3.094353e-02 -1.179812e-01 -3.747058e+00 -3.700151e-02 9.980882e-01 -4.950683e-02 1.213869e-01 1.162237e-01 5.350267e-02 9.917810e-01 -1.711589e+00
9.284755e-01 -5.113602e-02 -3.678563e-01 -3.945641e+00 5.821205e-02 9.982709e-01 8.157715e-03 1.541291e-01 3.668031e-01 -2.898791e-02 9.298469e-01 -2.604831e+00
9.723562e-01 9.524881e-03 2.333083e-01 -3.978209e+00 1.941816e-02 9.924083e-01 -1.214442e-01 1.921545e-01 -2.326939e-01 1.226174e-01 9.647894e-01 -3.815110e+00
9.478759e-01 -7.827338e-02 -3.088763e-01 -3.978255e+00 9.408281e-02 9.948913e-01 3.660145e-02 2.231027e-01 3.044335e-01 -6.375358e-02 9.503977e-01 -4.830449e+00
7.265842e-01 3.708031e-02 6.860761e-01 -3.713298e+00 6.986118e-02 9.893804e-01 -1.274590e-01 2.300690e-01 -6.835165e-01 1.405398e-01 7.162777e-01 -5.240475e+00
9.811618e-01 -2.692052e-03 -1.931690e-01 -3.128811e+00 2.880576e-02 9.907636e-01 1.325054e-01 2.275685e-01 1.910281e-01 -1.355736e-01 9.721770e-01 -5.355862e+00
7.727069e-01 -3.368528e-02 6.338685e-01 -2.384506e+00 1.277552e-01 9.864097e-01 -1.033178e-01 2.246496e-01 -6.217737e-01 1.608144e-01 7.665091e-01 -5.481239e+00
9.911891e-01 -2.985032e-02 1.290466e-01 -1.886697e+00 1.791755e-02 9.955366e-01 9.265959e-02 2.290638e-01 -1.312366e-01 -8.953098e-02 9.872999e-01 -5.514177e+00
6.125693e-01 -1.226874e-01 7.808372e-01 -1.546602e+00 2.614504e-01 9.637228e-01 -5.368574e-02 2.258015e-01 -7.459240e-01 2.370364e-01 6.224236e-01 -5.411065e+00
9.943394e-01 4.614223e-02 9.570777e-02 -1.477785e+00 -5.161984e-02 9.971196e-01 5.556840e-02 2.238078e-01 -9.286805e-02 -6.019427e-02 9.938572e-01 -5.305275e+00
8.666815e-01 -2.175610e-01 4.489213e-01 -1.870929e+00 2.785984e-01 9.575687e-01 -7.379121e-02 2.351634e-01 -4.138189e-01 1.890222e-01 8.905192e-01 -5.413478e+00
4.518552e-01 3.295879e-01 -8.289745e-01 -2.220926e+00 -9.351090e-02 9.416283e-01 3.234067e-01 2.536943e-01 8.871768e-01 -6.861485e-02 4.562997e-01 -5.811194e+00
9.260399e-01 -7.758722e-02 3.693648e-01 -2.309732e+00 1.630298e-01 9.648631e-01 -2.060594e-01 2.746656e-01 -3.403989e-01 2.510367e-01 9.061507e-01 -6.446711e+00
2.928111e-01 2.932444e-01 -9.100931e-01 -2.310136e+00 8.464527e-02 9.401241e-01 3.301543e-01 2.938964e-01 9.524163e-01 -1.737079e-01 2.504570e-01 -7.006515e+00
9.673901e-01 1.112017e-01 2.275752e-01 -2.343924e+00 -6.744981e-02 9.791293e-01 -1.917195e-01 3.119233e-01 -2.441451e-01 1.701176e-01 9.547006e-01 -7.488084e+00
2.118325e-01 1.178930e-01 -9.701692e-01 -2.460093e+00 1.418375e-01 9.784786e-01 1.498723e-01 3.261374e-01 9.669587e-01 -1.693542e-01 1.905519e-01 -7.788170e+00
8.704445e-01 1.409161e-01 4.716662e-01 -2.774623e+00 -1.060221e-01 9.893313e-01 -9.991472e-02 3.465089e-01 -4.807137e-01 3.696320e-02 8.760982e-01 -8.205352e+00
2.695984e-01 -4.556169e-02 -9.618944e-01 -3.206236e+00 8.296806e-02 9.962647e-01 -2.393552e-02 3.754998e-01 9.593920e-01 -7.335353e-02 2.723716e-01 -8.810660e+00
7.249280e-01 9.374674e-02 6.824155e-01 -3.603310e+00 -8.626863e-02 9.952515e-01 -4.507963e-02 4.048029e-01 -6.834011e-01 -2.619156e-02 7.295731e-01 -9.509909e+00
5.048348e-01 -1.130256e-01 -8.557845e-01 -3.895199e+00 1.104099e-01 9.917026e-01 -6.584486e-02 4.246044e-01 8.561258e-01 -6.124632e-02 5.131251e-01 -9.999387e+00
6.980050e-01 6.676004e-02 7.129741e-01 -4.030970e+00 -7.166941e-02 9.971585e-01 -2.320523e-02 4.400448e-01 -7.124973e-01 -3.490106e-02 7.008063e-01 -1.013571e+01
9.447279e-01 -3.213967e-01 -6.475586e-02 -4.294988e+00 3.241059e-01 9.453115e-01 3.662766e-02 4.539587e-01 4.944245e-02 -5.559093e-02 9.972287e-01 -1.010569e+01
6.033847e-01 1.400257e-01 7.850604e-01 -4.418924e+00 1.254634e-01 9.555335e-01 -2.668609e-01 4.669803e-01 -7.875188e-01 2.595161e-01 5.589861e-01 -9.952815e+00
-3.407431e-01 2.275922e-01 -9.121929e-01 -4.917573e+00 3.057867e-01 9.443304e-01 1.213861e-01 4.986748e-01 8.890380e-01 -2.375750e-01 -3.913688e-01 -9.986275e+00
6.482452e-01 2.526909e-01 7.182795e-01 -5.457158e+00 -1.334950e-01 9.664333e-01 -2.195127e-01 5.367410e-01 -7.496381e-01 4.641133e-02 6.602187e-01 -1.011909e+01
9.174887e-01 -3.599483e-01 1.692682e-01 -5.129882e+00 3.050649e-01 9.098537e-01 2.812501e-01 5.331067e-01 -2.552448e-01 -2.064060e-01 9.445881e-01 -9.962814e+00
8.138852e-01 1.347994e-01 5.651726e-01 -4.895462e+00 1.433680e-01 8.960459e-01 -4.201754e-01 5.335183e-01 -5.630600e-01 4.230022e-01 7.099525e-01 -1.016285e+01
9.967146e-01 -5.948060e-02 5.497371e-02 -4.926288e+00 3.505720e-02 9.286853e-01 3.692080e-01 5.423771e-01 -7.301399e-02 -3.660678e-01 9.277194e-01 -1.064100e+01
9.516815e-01 -4.897972e-02 3.031557e-01 -4.440963e+00 1.707921e-01 9.048519e-01 -3.899655e-01 5.502414e-01 -2.552106e-01 4.228995e-01 8.694961e-01 -1.104168e+01
8.906190e-01 1.550969e-01 -4.274842e-01 -3.885304e+00 3.582040e-02 9.131944e-01 4.059469e-01 5.701742e-01 4.533373e-01 -3.768567e-01 8.077526e-01 -1.167661e+01
9.988332e-01 4.321111e-02 2.156554e-02 -3.771449e+00 -2.965121e-02 9.011936e-01 -4.324012e-01 6.019706e-01 -3.811926e-02 4.312573e-01 9.014234e-01 -1.266524e+01
9.561877e-01 -4.402966e-02 -2.894245e-01 -3.470077e+00 1.567847e-01 9.119144e-01 3.792502e-01 6.249070e-01 2.472321e-01 -4.080117e-01 8.788645e-01 -1.339780e+01
9.877359e-01 1.530714e-01 -3.077363e-02 -2.300071e+00 -1.535409e-01 9.165027e-01 -3.693888e-01 6.512586e-01 -2.833876e-02 3.695836e-01 9.287653e-01 -1.410932e+01
9.418250e-01 -1.383077e-01 -3.063276e-01 -1.021997e+00 2.342367e-01 9.237174e-01 3.031160e-01 6.852462e-01 2.410369e-01 -3.572354e-01 9.023769e-01 -1.493756e+01
9.331348e-01 1.687875e-01 3.174432e-01 -9.454777e-01 2.097885e-03 8.803764e-01 -4.742710e-01 7.185510e-01 -3.595205e-01 4.432247e-01 8.211558e-01 -1.603750e+01
9.911157e-01 -7.735208e-02 1.081959e-01 1.098715e-01 2.569538e-02 9.095217e-01 4.148615e-01 7.386586e-01 -1.304969e-01 -4.083957e-01 9.034288e-01 -1.667973e+01
9.886620e-01 3.466975e-02 -1.461011e-01 1.090525e+00 -8.834739e-02 9.210554e-01 -3.792780e-01 7.466498e-01 1.214178e-01 3.878853e-01 9.136754e-01 -1.693919e+01
8.309460e-01 2.770622e-02 -5.556627e-01 1.688583e+00 2.150414e-01 9.051423e-01 3.667078e-01 7.595981e-01 5.131139e-01 -4.242049e-01 7.461664e-01 -1.730887e+01
7.282621e-01 2.151324e-01 6.506554e-01 2.283608e+00 1.991770e-01 8.420151e-01 -5.013373e-01 7.889402e-01 -6.557156e-01 4.947005e-01 5.703582e-01 -1.826486e+01
6.840769e-01 6.162162e-02 -7.268023e-01 2.317831e+00 3.225650e-01 8.681395e-01 3.772077e-01 8.287611e-01 6.542099e-01 -4.924800e-01 5.739972e-01 -1.952900e+01
8.254174e-01 3.236673e-01 4.625209e-01 2.255402e+00 2.477822e-02 7.977512e-01 -6.024774e-01 8.785418e-01 -5.639789e-01 5.087558e-01 6.504578e-01 -2.104057e+01
6.430904e-01 -5.920776e-02 -7.634980e-01 2.324192e+00 4.741231e-01 8.137223e-01 3.362489e-01 9.177663e-01 6.013668e-01 -5.782305e-01 5.513688e-01 -2.223835e+01
8.565957e-01 5.031893e-01 1.142118e-01 2.296198e+00 -4.075268e-01 7.955229e-01 -4.484029e-01 9.569265e-01 -3.164896e-01 3.375556e-01 8.865047e-01 -2.338547e+01
6.646028e-01 -4.463078e-01 -5.992600e-01 2.324816e+00 5.998773e-01 7.968628e-01 7.181199e-02 9.947161e-01 4.454777e-01 -4.072089e-01 7.973271e-01 -2.454378e+01
7.171009e-01 5.941372e-01 3.643724e-01 2.591542e+00 -4.083361e-01 7.818184e-01 -4.711916e-01 1.028921e+00 -5.648256e-01 1.891055e-01 8.032504e-01 -2.561774e+01
3.688172e-01 -4.419982e-01 -8.176866e-01 2.408099e+00 6.137371e-01 7.764716e-01 -1.428937e-01 1.068389e+00 6.980693e-01 -4.491429e-01 5.576468e-01 -2.671444e+01
7.476976e-01 6.419691e-01 1.697765e-01 1.891852e+00 -6.587393e-01 7.493158e-01 6.773756e-02 1.119804e+00 -8.373076e-02 -1.624856e-01 9.831519e-01 -2.784258e+01
5.741530e-01 -6.965820e-01 -4.302580e-01 1.426407e+00 4.630327e-01 7.096532e-01 -5.310302e-01 1.171677e+00 6.752400e-01 1.056690e-01 7.299897e-01 -2.906441e+01
7.220283e-01 4.815859e-01 4.967396e-01 1.767749e+00 -6.392036e-01 7.390733e-01 2.125779e-01 1.205727e+00 -2.647525e-01 -4.710050e-01 8.414633e-01 -3.007542e+01
3.399432e-01 -5.749991e-01 -7.441872e-01 2.401343e+00 -5.651224e-02 7.773935e-01 -6.264708e-01 1.240057e+00 9.387465e-01 2.550202e-01 2.317752e-01 -3.099952e+01
9.841441e-01 -1.719612e-02 1.765351e-01 2.170212e+00 -1.103510e-01 7.198496e-01 6.853023e-01 1.283471e+00 -1.388633e-01 -6.939170e-01 7.065381e-01 -3.204937e+01
7.459360e-01 -1.492386e-01 -6.490819e-01 1.810821e+00 -3.894983e-01 6.927888e-01 -6.069059e-01 1.332159e+00 5.402505e-01 7.055293e-01 4.586479e-01 -3.327641e+01
9.263766e-01 -3.748085e-01 -3.667306e-02 1.547651e+00 3.145307e-01 7.164667e-01 6.226925e-01 1.382027e+00 -2.071154e-01 -5.883826e-01 7.816068e-01 -3.458689e+01
6.311060e-01 2.987700e-01 -7.158504e-01 1.231483e+00 -6.521763e-01 7.040061e-01 -2.811432e-01 1.426523e+00 4.199658e-01 6.442918e-01 6.391532e-01 -3.568910e+01
7.215963e-01 -6.570610e-01 2.181045e-01 1.167582e+00 5.409727e-01 7.317355e-01 4.146223e-01 1.475839e+00 -4.320270e-01 -1.812013e-01 8.834697e-01 -3.715932e+01
3.610734e-01 4.951674e-01 -7.902122e-01 1.043303e+00 -6.535837e-01 7.388035e-01 1.643099e-01 1.529115e+00 6.651724e-01 4.571418e-01 5.903956e-01 -3.865298e+01
6.890801e-01 -6.285171e-01 3.607421e-01 8.404274e-01 6.599122e-01 7.499303e-01 4.604865e-02 1.581659e+00 -2.994738e-01 2.063269e-01 9.315281e-01 -4.007857e+01
5.148547e-01 5.866048e-01 -6.251555e-01 6.913893e-01 -4.643147e-01 8.038224e-01 3.718619e-01 1.637700e+00 7.206501e-01 9.881410e-02 6.862210e-01 -4.167489e+01
7.894160e-01 -4.404040e-01 4.276292e-01 4.490894e-01 5.690114e-01 7.863549e-01 -2.405658e-01 1.687147e+00 -2.303222e-01 4.332323e-01 8.713561e-01 -4.306113e+01
3.633449e-01 5.734946e-01 -7.342236e-01 -3.696735e-02 -1.521707e-02 7.916336e-01 6.108065e-01 1.740121e+00 9.315304e-01 -2.107607e-01 2.963630e-01 -4.430332e+01
9.275160e-01 1.784774e-02 3.733571e-01 -4.524990e-01 2.114547e-01 7.986063e-01 -5.634846e-01 1.792303e+00 -3.082223e-01 6.015891e-01 7.369461e-01 -4.555681e+01
3.144329e-01 2.511515e-01 -9.154534e-01 -1.035371e+00 4.486052e-01 8.105739e-01 3.764616e-01 1.842193e+00 8.365915e-01 -5.290491e-01 1.422032e-01 -4.658892e+01
8.359559e-01 4.783583e-01 2.689817e-01 -1.519171e+00 -3.005112e-01 8.091185e-01 -5.049953e-01 1.894102e+00 -4.592068e-01 3.413218e-01 8.201394e-01 -4.775040e+01
1.364602e-01 -2.737815e-01 -9.520621e-01 -1.930735e+00 5.226261e-01 8.363262e-01 -1.655911e-01 1.948182e+00 8.415703e-01 -4.749759e-01 2.572106e-01 -4.899548e+01
7.715645e-01 5.501686e-01 3.193786e-01 -2.367542e+00 -5.924015e-01 8.043547e-01 4.554223e-02 2.004381e+00 -2.318377e-01 -2.243391e-01 9.465322e-01 -5.023301e+01
1.419102e-01 -5.193778e-01 -8.426792e-01 -2.763906e+00 -2.302147e-02 8.493328e-01 -5.273556e-01 2.058102e+00 9.896118e-01 9.423683e-02 1.085721e-01 -5.137162e+01
9.752637e-01 1.288269e-02 2.206690e-01 -3.280515e+00 -1.449095e-01 7.911158e-01 5.942534e-01 2.112705e+00 -1.669191e-01 -6.115308e-01 7.734133e-01 -5.243954e+01
1.562899e-01 -1.686764e-02 -9.875672e-01 -3.432689e+00 -6.186057e-01 7.777950e-01 -1.111837e-01 2.159899e+00 7.700003e-01 6.282916e-01 1.111271e-01 -5.344428e+01
8.070148e-01 -5.853050e-01 -7.839146e-02 -3.132609e+00 5.818180e-01 7.653508e-01 2.751837e-01 2.202962e+00 -1.010694e-01 -2.676868e-01 9.581903e-01 -5.442415e+01
3.455156e-02 6.982937e-01 -7.149770e-01 -3.518111e+00 -4.271848e-01 6.570757e-01 6.210996e-01 2.252508e+00 9.035039e-01 2.839674e-01 3.210035e-01 -5.536562e+01
8.809470e-01 -4.022024e-01 2.493303e-01 -4.159933e+00 4.728962e-01 7.289112e-01 -4.950330e-01 2.309294e+00 1.736381e-02 5.540052e-01 8.323321e-01 -5.637207e+01
4.925290e-01 5.484940e-01 -6.756993e-01 -4.267805e+00 1.898327e-01 6.899986e-01 6.984737e-01 2.347661e+00 8.493402e-01 -4.722884e-01 2.357222e-01 -5.725196e+01
9.470875e-01 2.622954e-01 -1.850038e-01 -4.052909e+00 -3.208638e-01 7.584722e-01 -5.672445e-01 2.388681e+00 -8.465406e-03 5.965912e-01 8.025006e-01 -5.824299e+01
2.220597e-02 -1.656954e-01 -9.859269e-01 -4.160703e+00 5.727489e-01 8.104051e-01 -1.232971e-01 2.451117e+00 8.194300e-01 -5.619507e-01 1.128977e-01 -5.950214e+01
7.249399e-01 5.831328e-01 3.666310e-01 -4.584908e+00 -6.227512e-01 7.823133e-01 -1.291593e-02 2.501674e+00 -2.943520e-01 -2.189566e-01 9.302768e-01 -6.048319e+01
3.368364e-01 -6.103742e-01 -7.169272e-01 -5.150181e+00 2.545491e-01 7.921011e-01 -5.547798e-01 2.543872e+00 9.065021e-01 4.376871e-03 4.221786e-01 -6.129779e+01
9.309320e-01 2.941762e-01 2.163930e-01 -5.667810e+00 -3.649402e-01 7.273602e-01 5.811762e-01 2.586417e+00 1.357254e-02 -6.200060e-01 7.844797e-01 -6.215189e+01
6.242826e-01 -3.191520e-01 -7.130310e-01 -6.084496e+00 -3.097725e-01 7.367786e-01 -6.009977e-01 2.628107e+00 7.171556e-01 5.960698e-01 3.610936e-01 -6.300627e+01
8.944118e-01 -2.962578e-01 3.350505e-01 -5.820604e+00 -1.317507e-02 7.313660e-01 6.818579e-01 2.655472e+00 -4.470502e-01 -6.142761e-01 6.502392e-01 -6.378910e+01
-3.328389e-01 1.657266e-01 -9.283065e-01 -5.588367e+00 -6.706140e-01 6.504862e-01 3.565733e-01 2.687340e+00 6.629443e-01 7.412168e-01 -1.053685e-01 -6.445633e+01
6.898360e-01 -7.000018e-01 1.847260e-01 -5.644559e+00 7.179423e-01 6.942983e-01 -5.008683e-02 2.735569e+00 -9.319411e-02 1.671743e-01 9.815129e-01 -6.534273e+01
-6.685641e-02 8.212976e-01 -5.665691e-01 -5.579591e+00 9.531236e-02 5.704998e-01 8.157484e-01 2.786626e+00 9.931998e-01 5.369707e-04 -1.164214e-01 -6.633975e+01
8.083259e-01 6.427862e-02 5.852158e-01 -4.576985e+00 4.047542e-01 6.611711e-01 -6.316857e-01 2.825548e+00 -4.275317e-01 7.474764e-01 5.084247e-01 -6.725278e+01
4.963072e-01 4.441183e-01 -7.459478e-01 -3.769888e+00 3.613003e-01 6.756302e-01 6.426398e-01 2.853904e+00 7.893930e-01 -5.884579e-01 1.748601e-01 -6.799996e+01
9.156161e-01 3.973118e-01 6.156625e-02 -3.331795e+00 -2.781397e-01 7.365241e-01 -6.165798e-01 2.882712e+00 -2.903194e-01 5.474264e-01 7.848815e-01 -6.874664e+01
1.340193e-01 -1.253766e-01 -9.830155e-01 -2.356076e+00 6.225228e-01 7.824593e-01 -1.492555e-02 2.917990e+00 7.710410e-01 -6.099493e-01 1.829144e-01 -6.956989e+01
7.040046e-01 6.115899e-01 3.610198e-01 -1.396186e+00 -6.392790e-01 7.671480e-01 -5.297378e-02 2.945431e+00 -3.093539e-01 -1.934986e-01 9.310523e-01 -7.024368e+01
2.994492e-01 -5.419200e-01 -7.852725e-01 -5.477308e-01 2.373438e-01 8.394775e-01 -4.888204e-01 2.969883e+00 9.241202e-01 -4.000265e-02 3.800022e-01 -7.085792e+01
3.233391e-01 2.217863e-01 9.199254e-01 2.288418e-01 -5.517586e-01 8.339734e-01 -7.129703e-03 2.976944e+00 -7.687746e-01 -5.052714e-01 3.920287e-01 -7.111511e+01
-6.638975e-01 -4.526391e-01 -5.952797e-01 3.447269e-01 -4.849376e-01 8.665425e-01 -1.180658e-01 2.995057e+00 5.692764e-01 2.102899e-01 -7.947972e-01 -7.130198e+01
6.050762e-01 -6.150707e-01 5.055401e-01 7.708987e-01 2.124453e-01 7.366752e-01 6.420098e-01 3.023500e+00 -7.673003e-01 -2.810653e-01 5.764135e-01 -7.180128e+01
-6.831781e-01 3.247726e-01 -6.540569e-01 1.702097e+00 -3.791208e-01 6.077558e-01 6.977825e-01 3.058731e+00 6.241275e-01 7.246762e-01 -2.920774e-01 -7.258048e+01
8.965235e-02 -4.813648e-01 8.719234e-01 2.479471e+00 7.439423e-01 6.144337e-01 2.627187e-01 3.083495e+00 -6.622026e-01 6.251073e-01 4.131931e-01 -7.317787e+01
-5.854694e-01 7.701311e-01 -2.532266e-01 3.217192e+00 3.448522e-01 5.192736e-01 7.819411e-01 3.111675e+00 7.336910e-01 3.704768e-01 -5.696002e-01 -7.388264e+01
6.553226e-01 2.453843e-01 7.143800e-01 3.584241e+00 4.272746e-01 6.594839e-01 -6.184799e-01 3.155138e+00 -6.228874e-01 7.105403e-01 3.273282e-01 -7.485721e+01
-3.949016e-01 5.218374e-01 -7.561339e-01 4.234515e+00 7.374967e-01 6.708529e-01 7.781363e-02 3.199320e+00 5.478607e-01 -5.269175e-01 -6.497743e-01 -7.582643e+01
4.176743e-01 6.341225e-01 6.507203e-01 4.587931e+00 -4.479819e-01 7.668033e-01 -4.597009e-01 3.225120e+00 -7.904811e-01 -9.950567e-02 6.043495e-01 -7.635025e+01
-8.465933e-01 -3.646253e-01 -3.877219e-01 5.041605e+00 -2.020345e-01 8.941044e-01 -3.996991e-01 3.260835e+00 4.924042e-01 -2.600494e-01 -8.306097e-01 -7.701758e+01
7.945052e-01 -3.654475e-01 4.849841e-01 5.403059e+00 -6.986780e-02 7.383316e-01 6.708092e-01 3.313933e+00 -6.032246e-01 -5.668462e-01 5.610753e-01 -7.804015e+01
-7.735370e-01 4.784679e-02 -6.319424e-01 5.092659e+00 -4.681542e-01 6.289663e-01 6.206714e-01 3.376753e+00 4.271676e-01 7.759588e-01 -4.641290e-01 -7.878898e+01
1.482726e-01 -5.428240e-01 8.266543e-01 5.072482e+00 7.376991e-01 6.174213e-01 2.731136e-01 3.419319e+00 -6.586465e-01 5.693268e-01 4.919875e-01 -7.936465e+01
-3.710156e-01 7.689266e-01 -5.206719e-01 5.874480e+00 4.181917e-03 5.620681e-01 8.270804e-01 3.452636e+00 9.286172e-01 3.046824e-01 -2.117516e-01 -8.012139e+01
8.566035e-01 -7.562952e-02 5.104024e-01 6.107077e+00 4.005942e-01 7.209353e-01 -5.654880e-01 3.483601e+00 -3.251995e-01 6.888632e-01 6.478524e-01 -8.052693e+01
6.395378e-01 5.082173e-01 -5.768072e-01 7.085688e+00 1.553236e-01 6.494124e-01 7.444045e-01 3.489349e+00 7.529050e-01 -5.656666e-01 3.363857e-01 -8.069042e+01
4.882080e-01 1.243665e-01 8.638205e-01 8.270528e+00 6.156369e-01 6.524819e-01 -4.418808e-01 3.496000e+00 -6.185824e-01 7.475295e-01 2.419823e-01 -8.088011e+01
5.938267e-01 6.273153e-01 -5.038307e-01 9.587035e+00 7.613152e-03 6.217844e-01 7.831515e-01 3.504448e+00 8.045570e-01 -4.688920e-01 3.644563e-01 -8.107124e+01
9.548797e-01 1.345207e-01 -2.647808e-01 9.977811e+00 -2.661196e-01 7.833518e-01 -5.617298e-01 3.509964e+00 1.318522e-01 6.068477e-01 7.838054e-01 -8.097611e+01
3.508593e-01 -1.402934e-02 -9.363231e-01 9.977228e+00 5.969823e-01 7.737067e-01 2.121086e-01 3.517940e+00 7.214637e-01 -6.333886e-01 2.798374e-01 -8.065599e+01
6.928116e-02 5.594417e-01 8.259692e-01 1.079397e+01 2.323430e-01 7.961411e-01 -5.587272e-01 3.509897e+00 -9.701633e-01 2.306175e-01 -7.482481e-02 -8.047634e+01
-2.072098e-01 3.532793e-01 -9.122817e-01 1.139685e+01 5.475005e-01 8.146856e-01 1.911297e-01 3.498733e+00 8.107449e-01 -4.598708e-01 -3.622314e-01 -8.021477e+01
-4.153122e-01 5.118011e-01 7.520475e-01 1.193028e+01 4.591984e-01 8.316071e-01 -3.123562e-01 3.486995e+00 -7.852723e-01 2.156137e-01 -5.803948e-01 -7.995755e+01
-3.279612e-01 5.278388e-01 -7.834715e-01 1.203986e+01 5.066957e-01 7.982406e-01 3.256862e-01 3.476493e+00 7.973086e-01 -2.901692e-01 -5.292456e-01 -7.951808e+01
6.668108e-01 3.841982e-01 6.385570e-01 1.162427e+01 -1.881018e-01 9.158886e-01 -3.546347e-01 3.486743e+00 -7.210971e-01 1.163605e-01 6.829928e-01 -7.905783e+01
-1.021316e-01 -1.591667e-03 -9.947696e-01 1.161845e+01 2.739376e-01 9.612899e-01 -2.966289e-02 3.480454e+00 9.563092e-01 -2.755343e-01 -9.774207e-02 -7.870606e+01
3.878705e-01 1.025947e-01 9.159863e-01 1.193519e+01 -1.876478e-01 9.817626e-01 -3.050335e-02 3.461824e+00 -9.024106e-01 -1.600514e-01 4.000484e-01 -7.814926e+01
-4.133605e-01 -3.899065e-03 -9.105591e-01 1.178805e+01 -9.966434e-02 9.941766e-01 4.098685e-02 3.449556e+00 9.050967e-01 1.076926e-01 -4.113420e-01 -7.728161e+01
-3.115987e-02 -1.641835e-01 9.859375e-01 1.182237e+01 1.337411e-02 9.862597e-01 1.646599e-01 3.452300e+00 -9.994249e-01 1.831682e-02 -2.853591e-02 -7.737879e+01
-7.129658e-01 8.618913e-02 -6.958816e-01 1.184223e+01 -1.438762e-01 9.533197e-01 2.654828e-01 3.454936e+00 6.862794e-01 2.894010e-01 -6.672838e-01 -7.728677e+01
-4.835866e-01 -2.060437e-01 8.506997e-01 1.222817e+01 1.472117e-01 9.389092e-01 3.110921e-01 3.457112e+00 -8.628283e-01 2.756729e-01 -4.237119e-01 -7.738619e+01
-9.254084e-01 1.802634e-01 -3.333533e-01 1.236366e+01 -8.805788e-03 8.691609e-01 4.944509e-01 3.450261e+00 3.788690e-01 4.605045e-01 -8.027415e-01 -7.698312e+01
-4.027277e-01 -1.859813e-01 8.962262e-01 1.240262e+01 4.213616e-01 8.315529e-01 3.619034e-01 3.443910e+00 -8.125668e-01 5.233838e-01 -2.565240e-01 -7.657189e+01
-9.089166e-01 3.942728e-01 -1.357187e-01 1.243899e+01 2.563702e-01 7.850938e-01 5.638280e-01 3.458804e+00 3.288540e-01 4.776784e-01 -8.146646e-01 -7.691937e+01
-6.501909e-01 2.414798e-01 7.203744e-01 1.224435e+01 5.554118e-01 7.980359e-01 2.337870e-01 3.482544e+00 -5.184298e-01 5.521107e-01 -6.529964e-01 -7.759966e+01
-7.907022e-01 5.567818e-01 -2.545270e-01 1.206495e+01 4.268673e-01 7.994412e-01 4.227032e-01 3.500970e+00 4.388329e-01 2.255831e-01 -8.697919e-01 -7.810411e+01
-5.419271e-01 3.933663e-01 7.426829e-01 1.199706e+01 5.819461e-01 8.132047e-01 -6.079181e-03 3.514486e+00 -6.063446e-01 4.289070e-01 -6.696156e-01 -7.851344e+01
-6.890711e-01 6.212037e-01 -3.732117e-01 1.206521e+01 4.727515e-01 7.756438e-01 4.181898e-01 3.499077e+00 5.492604e-01 1.117261e-01 -8.281487e-01 -7.797896e+01
-5.035147e-01 4.839465e-01 7.157295e-01 1.211858e+01 6.302187e-01 7.723978e-01 -7.890537e-02 3.515226e+00 -5.910139e-01 4.113361e-01 -6.939058e-01 -7.858989e+01
-5.887698e-01 6.287091e-01 -5.080109e-01 1.205150e+01 5.804199e-01 7.662549e-01 2.756195e-01 3.537613e+00 5.625503e-01 -1.325832e-01 -8.160630e-01 -7.932210e+01
-2.831096e-01 5.449844e-01 7.892027e-01 1.181946e+01 4.860452e-01 7.909016e-01 -3.717992e-01 3.550542e+00 -8.268065e-01 2.783283e-01 -4.887989e-01 -7.957160e+01
-8.427125e-01 4.868136e-01 -2.298873e-01 1.160159e+01 5.180560e-01 8.494505e-01 -1.002586e-01 3.552627e+00 1.464706e-01 -2.035836e-01 -9.680393e-01 -7.930274e+01
-6.778810e-01 4.947602e-01 5.437736e-01 1.148896e+01 3.020737e-01 8.617822e-01 -4.075328e-01 3.575001e+00 -6.702454e-01 -1.119991e-01 -7.336398e-01 -7.994237e+01
-7.099917e-01 3.100349e-01 -6.322896e-01 1.138518e+01 5.504503e-01 8.043407e-01 -2.236973e-01 3.605744e+00 4.392222e-01 -5.068672e-01 -7.417341e-01 -8.092442e+01
-4.543355e-01 5.163991e-01 7.258865e-01 1.122824e+01 3.837997e-02 8.254326e-01 -5.631945e-01 3.618982e+00 -8.900035e-01 -2.280197e-01 -3.948427e-01 -8.123569e+01
-9.068662e-01 5.813985e-02 -4.173888e-01 1.101769e+01 2.288387e-01 8.996290e-01 -3.718878e-01 3.617302e+00 3.538736e-01 -4.327672e-01 -8.291478e-01 -8.083757e+01
-3.654298e-01 8.006612e-02 9.273891e-01 1.081715e+01 -3.231778e-01 9.234062e-01 -2.070677e-01 3.623076e+00 -8.729360e-01 -3.753803e-01 -3.115645e-01 -8.066356e+01
-8.079471e-01 -3.081097e-01 -5.022848e-01 1.082906e+01 -2.013696e-01 9.454576e-01 -2.560473e-01 3.630033e+00 5.537796e-01 -1.057278e-01 -8.259236e-01 -8.075652e+01
-1.647762e-01 -3.415015e-01 9.253246e-01 1.095651e+01 -3.247991e-01 9.046101e-01 2.760183e-01 3.632608e+00 -9.313186e-01 -2.550633e-01 -2.599776e-01 -8.066624e+01
-7.065795e-01 -2.807715e-01 -6.495482e-01 1.094864e+01 -4.600994e-01 8.796871e-01 1.202462e-01 3.637640e+00 5.376375e-01 3.838202e-01 -7.507517e-01 -8.065332e+01
-6.331394e-01 -4.385402e-01 6.378220e-01 1.083721e+01 -2.091773e-01 8.902987e-01 4.044912e-01 3.648403e+00 -7.452378e-01 1.226815e-01 -6.554159e-01 -8.105335e+01
-4.366584e-01 -2.223572e-01 -8.717148e-01 1.076605e+01 -3.172252e-01 9.447904e-01 -8.209329e-02 3.668664e+00 8.418418e-01 2.406832e-01 -4.830880e-01 -8.184781e+01
-4.653123e-01 -2.121138e-01 8.593557e-01 1.067302e+01 -1.431575e-01 9.761149e-01 1.634184e-01 3.693239e+00 -8.734932e-01 -4.698259e-02 -4.845640e-01 -8.271085e+01
-1.710675e-01 -1.906472e-01 -9.666383e-01 1.058410e+01 -3.447429e-02 9.816578e-01 -1.875085e-01 3.709618e+00 9.846560e-01 1.247570e-03 -1.745022e-01 -8.332592e+01
-8.746028e-01 1.363815e-01 4.652634e-01 1.081085e+01 7.521123e-02 9.861696e-01 -1.476913e-01 3.703631e+00 -4.789710e-01 -9.417817e-02 -8.727641e-01 -8.336784e+01
-9.331648e-01 1.004648e-01 -3.451235e-01 1.093407e+01 1.639377e-01 9.734247e-01 -1.599022e-01 3.722355e+00 3.198872e-01 -2.057938e-01 -9.248357e-01 -8.412229e+01
-9.102318e-01 3.710236e-01 -1.839007e-01 1.050408e+01 4.046140e-01 8.913736e-01 -2.043054e-01 3.748243e+00 8.812211e-02 -2.603740e-01 -9.614780e-01 -8.469772e+01
-8.314709e-01 5.458706e-01 -1.033510e-01 1.008671e+01 5.530242e-01 7.954337e-01 -2.478900e-01 3.769624e+00 -5.310699e-02 -2.632690e-01 -9.632596e-01 -8.495561e+01
-4.299013e-01 4.116083e-01 8.035941e-01 1.025119e+01 -3.853662e-02 8.808621e-01 -4.718017e-01 3.787786e+00 -9.020531e-01 -2.337959e-01 -3.628218e-01 -8.539435e+01
-9.817896e-01 -5.870733e-02 -1.806727e-01 1.044417e+01 7.445144e-03 9.384302e-01 -3.453887e-01 3.800614e+00 1.898255e-01 -3.404442e-01 -9.209039e-01 -8.573594e+01
-8.344845e-01 -3.562683e-02 5.498785e-01 1.046425e+01 -2.107751e-01 9.426558e-01 -2.587931e-01 3.808566e+00 -5.091262e-01 -3.318595e-01 -7.941409e-01 -8.611351e+01
-7.748070e-01 -1.738494e-01 -6.078244e-01 1.054785e+01 1.311519e-01 8.963287e-01 -4.235493e-01 3.835200e+00 6.184442e-01 -4.078863e-01 -6.716811e-01 -8.709613e+01
-5.451376e-01 1.828456e-01 8.181641e-01 1.080376e+01 -2.644823e-01 8.885778e-01 -3.748047e-01 3.863893e+00 -7.955339e-01 -4.207101e-01 -4.360377e-01 -8.800783e+01
-9.467451e-01 -2.948832e-01 -1.292968e-01 1.120441e+01 -2.292140e-01 8.992599e-01 -3.725488e-01 3.897412e+00 2.261298e-01 -3.230721e-01 -9.189612e-01 -8.894485e+01
-9.869853e-01 -1.008173e-01 1.252833e-01 1.133730e+01 -1.464509e-01 8.853218e-01 -4.413133e-01 3.925191e+00 -6.642402e-02 -4.539176e-01 -8.885644e-01 -8.987858e+01
-9.816030e-01 -7.502841e-02 -1.755740e-01 1.145904e+01 1.589396e-03 9.163143e-01 -4.004567e-01 3.917299e+00 1.909266e-01 -3.933685e-01 -8.993377e-01 -8.936621e+01
-9.598438e-01 -6.399092e-02 2.731392e-01 1.185087e+01 -1.320142e-01 9.621260e-01 -2.385074e-01 3.897333e+00 -2.475321e-01 -2.649881e-01 -9.319384e-01 -8.866239e+01
-9.886014e-01 -1.495146e-01 -1.768232e-02 1.188098e+01 -1.471155e-01 9.842871e-01 -9.765166e-02 3.880958e+00 3.200483e-02 -9.393722e-02 -9.950636e-01 -8.798564e+01
-7.182693e-01 -2.501659e-01 6.492351e-01 1.148387e+01 -2.032438e-01 9.678648e-01 1.480865e-01 3.888846e+00 -6.654180e-01 -2.558707e-02 -7.460323e-01 -8.754198e+01
-6.858465e-01 -3.937296e-01 6.120389e-01 1.137879e+01 -3.864153e-02 8.595220e-01 5.096360e-01 3.893625e+00 -7.267197e-01 3.258819e-01 -6.047144e-01 -8.715392e+01
-8.533967e-01 -1.683006e-01 4.933447e-01 1.168151e+01 2.166769e-01 7.462664e-01 6.293946e-01 3.905714e+00 -4.740941e-01 6.440197e-01 -6.003944e-01 -8.738674e+01
-9.105061e-01 1.449230e-01 3.872674e-01 1.192832e+01 3.673944e-01 7.132920e-01 5.968549e-01 3.928418e+00 -1.897368e-01 6.857199e-01 -7.027006e-01 -8.799640e+01
-7.942732e-01 2.894627e-01 5.341736e-01 1.224690e+01 5.537501e-01 7.066554e-01 4.404532e-01 3.948053e+00 -2.499819e-01 6.456388e-01 -7.215675e-01 -8.855493e+01
6.676098e-01 4.251894e-01 -6.111555e-01 1.204440e+01 -2.839380e-01 9.042468e-01 3.189309e-01 3.985154e+00 6.882415e-01 -3.939115e-02 7.244115e-01 -8.939059e+01
-9.656002e-01 4.176433e-02 2.566554e-01 1.226541e+01 1.907432e-01 7.845864e-01 5.899502e-01 4.001840e+00 -1.767294e-01 6.186113e-01 -7.655630e-01 -8.931998e+01
-8.082562e-01 2.329670e-01 -5.407849e-01 1.313522e+01 -1.732056e-01 7.837088e-01 5.964900e-01 3.999320e+00 5.627804e-01 5.757838e-01 -5.930863e-01 -8.934434e+01
-9.277974e-01 -6.287331e-02 3.677485e-01 1.303195e+01 1.793196e-01 7.892249e-01 5.873402e-01 4.003256e+00 -3.271643e-01 6.108772e-01 -7.209664e-01 -8.954315e+01
-2.895919e-02 1.836075e-01 -9.825730e-01 1.365874e+01 -3.975230e-01 8.997931e-01 1.798550e-01 4.005812e+00 9.171351e-01 3.958038e-01 4.693093e-02 -8.989296e+01
-9.858434e-01 -1.266002e-01 1.099323e-01 1.480877e+01 -9.510729e-02 9.622011e-01 2.551935e-01 4.024010e+00 -1.380845e-01 2.411254e-01 -9.606202e-01 -9.060692e+01
-3.458063e-01 -3.434236e-02 -9.376772e-01 1.571890e+01 -1.097873e-02 9.994097e-01 -3.255445e-02 4.044870e+00 9.382417e-01 -9.630255e-04 -3.459792e-01 -9.137319e+01
-7.536400e-01 1.776036e-01 6.328378e-01 1.574185e+01 1.604018e-01 9.833883e-01 -8.496352e-02 4.057446e+00 -6.374151e-01 3.747641e-02 -7.696086e-01 -9.189708e+01
-1.759424e-01 1.739504e-01 -9.689095e-01 1.559954e+01 3.039317e-01 9.457752e-01 1.146067e-01 4.057667e+00 9.363064e-01 -2.743182e-01 -2.192710e-01 -9.205732e+01
-4.002579e-01 4.474720e-01 7.997264e-01 1.577061e+01 4.054782e-01 8.690833e-01 -2.833402e-01 4.078935e+00 -8.218157e-01 2.108625e-01 -5.292976e-01 -9.285092e+01
-4.453771e-01 3.993653e-01 -8.013405e-01 1.657495e+01 5.063394e-01 8.504886e-01 1.424410e-01 4.100023e+00 7.384170e-01 -3.423104e-01 -5.810026e-01 -9.352252e+01
-3.647150e-01 5.194962e-01 7.727268e-01 1.710289e+01 3.937445e-01 8.380855e-01 -3.775949e-01 4.109078e+00 -8.437702e-01 1.665424e-01 -5.102111e-01 -9.392627e+01
3.844340e-01 3.052506e-01 -8.712248e-01 1.747594e+01 4.099697e-01 7.891268e-01 4.573879e-01 4.111990e+00 8.271248e-01 -5.330112e-01 1.782237e-01 -9.425408e+01
-2.731806e-01 4.299658e-01 8.605241e-01 1.801780e+01 6.857304e-01 7.144078e-01 -1.392670e-01 4.100158e+00 -6.746452e-01 5.520425e-01 -4.900030e-01 -9.414462e+01
7.259790e-01 5.249463e-01 -4.442812e-01 1.780237e+01 -1.593508e-01 7.568446e-01 6.338719e-01 4.093560e+00 6.690006e-01 -3.893811e-01 6.331039e-01 -9.395504e+01
-6.241608e-02 -1.621427e-01 9.847913e-01 1.743613e+01 8.063397e-01 5.732780e-01 1.454942e-01 4.095311e+00 -5.881500e-01 8.031576e-01 9.496035e-02 -9.383938e+01
-4.119586e-01 8.448533e-01 -3.413400e-01 1.714597e+01 3.045584e-01 4.807261e-01 8.222813e-01 4.095295e+00 8.587982e-01 2.347879e-01 -4.553464e-01 -9.348370e+01
-4.891585e-01 1.382041e-01 8.611757e-01 1.771076e+01 7.995930e-01 4.654512e-01 3.794816e-01 4.062616e+00 -3.483893e-01 8.742167e-01 -3.381864e-01 -9.259753e+01
4.829799e-01 8.108072e-01 -3.306390e-01 1.841771e+01 -8.037240e-01 5.603523e-01 2.000825e-01 4.016383e+00 3.475027e-01 1.691067e-01 9.223041e-01 -9.121519e+01
-7.615176e-01 -6.480841e-01 8.830344e-03 1.855175e+01 -4.407047e-01 5.277347e-01 7.261373e-01 3.981820e+00 -4.752581e-01 5.490748e-01 -6.874930e-01 -8.967800e+01
3.968050e-01 -4.207680e-01 -8.157819e-01 1.840161e+01 -3.333245e-01 7.620226e-01 -5.551723e-01 3.964296e+00 8.552430e-01 4.922153e-01 1.621221e-01 -8.844891e+01
-7.283532e-01 -1.994316e-01 6.555369e-01 1.805690e+01 -3.595311e-01 9.256603e-01 -1.178572e-01 3.952887e+00 -5.833001e-01 -3.215276e-01 -7.459095e-01 -8.744746e+01
-7.473841e-02 -2.547289e-01 -9.641200e-01 1.826601e+01 2.168509e-01 9.395358e-01 -2.650438e-01 3.930609e+00 9.733395e-01 -2.288793e-01 -1.498121e-02 -8.656595e+01
-7.253473e-01 5.448403e-01 -4.207378e-01 1.956244e+01 5.709236e-01 8.176146e-01 7.451559e-02 3.914321e+00 3.846005e-01 -1.861595e-01 -9.041167e-01 -8.600300e+01
-3.014640e-01 6.769365e-01 -6.714733e-01 2.137488e+01 3.081552e-01 7.356147e-01 6.032506e-01 3.906330e+00 9.023080e-01 -2.505964e-02 -4.303629e-01 -8.558840e+01
-5.262896e-01 2.850844e-01 8.010906e-01 2.140307e+01 6.985200e-01 6.821679e-01 2.161408e-01 3.888720e+00 -4.848599e-01 6.733304e-01 -5.581550e-01 -8.494455e+01
-3.151392e-01 7.701702e-01 -5.545495e-01 2.251505e+01 -4.889587e-02 5.703713e-01 8.199303e-01 3.860135e+00 9.477850e-01 2.855074e-01 -1.420882e-01 -8.413185e+01
-6.912296e-01 -1.791925e-01 7.000655e-01 2.368262e+01 5.319155e-01 5.295888e-01 6.607583e-01 3.838259e+00 -4.891498e-01 8.291114e-01 -2.707521e-01 -8.352347e+01
2.254105e-01 5.893435e-01 -7.757992e-01 2.529687e+01 -7.908753e-01 5.757074e-01 2.075509e-01 3.817818e+00 5.689520e-01 5.667762e-01 5.958677e-01 -8.294528e+01
-5.613324e-01 -7.657539e-01 3.138900e-01 2.804441e+01 -3.622457e-01 5.683612e-01 7.387446e-01 3.818964e+00 -7.440994e-01 3.009759e-01 -5.964306e-01 -8.288100e+01
7.979034e-01 -6.024204e-01 -2.096958e-02 3.004192e+01 4.654345e-01 6.378261e-01 -6.136355e-01 3.799380e+00 3.830415e-01 4.798619e-01 7.893109e-01 -8.223956e+01
-7.266821e-01 6.315306e-01 2.703741e-01 3.171377e+01 4.532904e-01 7.365274e-01 -5.020510e-01 3.779033e+00 -5.161986e-01 -2.422735e-01 -8.214880e-01 -8.105835e+01
9.706006e-01 1.844905e-01 1.545889e-01 3.308115e+01 -2.366746e-01 6.146159e-01 7.524842e-01 3.740634e+00 4.381335e-02 -7.669489e-01 6.402108e-01 -7.929839e+01
-8.952035e-01 -1.575862e-01 4.168660e-01 3.384837e+01 3.681112e-01 2.657937e-01 8.909814e-01 3.699194e+00 -2.512067e-01 9.510627e-01 -1.799302e-01 -7.738729e+01
9.359823e-01 2.334264e-01 -2.635322e-01 3.444588e+01 -3.520192e-01 6.111579e-01 -7.089207e-01 3.654898e+00 -4.421001e-03 7.563056e-01 6.542035e-01 -7.552726e+01
-7.393541e-01 -3.133761e-01 5.959454e-01 3.480273e+01 -4.738634e-01 8.709647e-01 -1.299000e-01 3.642047e+00 -4.783399e-01 -3.784388e-01 -7.924487e-01 -7.455416e+01
7.506780e-03 -3.933099e-01 -9.193753e-01 3.616277e+01 2.066646e-01 9.001621e-01 -3.834030e-01 3.621782e+00 9.783830e-01 -1.871242e-01 8.804056e-02 -7.386405e+01
2.680142e-01 -1.242283e-02 9.633349e-01 3.691365e+01 -4.997639e-01 8.530670e-01 1.500427e-01 3.591437e+00 -8.236531e-01 -5.216535e-01 2.224256e-01 -7.290563e+01
-3.816626e-01 -3.463611e-01 -8.569525e-01 3.714475e+01 -4.166173e-01 8.920774e-01 -1.750081e-01 3.580020e+00 8.250840e-01 2.902272e-01 -4.847727e-01 -7.242386e+01
-4.074169e-01 -5.924197e-01 6.950182e-01 3.796914e+01 -4.362023e-01 7.948559e-01 4.218194e-01 3.548416e+00 -8.023335e-01 -1.313122e-01 -5.822526e-01 -7.156608e+01
-4.637801e-01 -3.846320e-01 -7.981017e-01 3.831314e+01 -6.251677e-01 7.803854e-01 -1.280647e-02 3.537559e+00 6.277526e-01 4.930080e-01 -6.023867e-01 -7.137494e+01
-5.436281e-01 -5.385654e-01 6.437514e-01 3.832543e+01 -3.318815e-01 8.424098e-01 4.245003e-01 3.555242e+00 -7.709236e-01 1.712108e-02 -6.366974e-01 -7.201874e+01
-6.133738e-01 -3.406704e-01 -7.125421e-01 3.850155e+01 -4.801087e-01 8.771878e-01 -6.098997e-03 3.579827e+00 6.271110e-01 3.383567e-01 -7.016028e-01 -7.285923e+01
-9.101689e-01 -4.394579e-02 -4.118997e-01 3.802226e+01 5.007830e-02 9.753905e-01 -2.147222e-01 3.632615e+00 4.111992e-01 -2.160607e-01 -8.855693e-01 -7.425753e+01
-1.753369e-01 3.532647e-01 -9.189456e-01 3.680541e+01 7.101871e-01 6.918220e-01 1.304476e-01 3.699843e+00 6.818293e-01 -6.297511e-01 -3.721859e-01 -7.530335e+01
-2.014693e-01 9.783015e-01 -4.833479e-02 3.579594e+01 9.075302e-01 2.050051e-01 3.665540e-01 3.767967e+00 3.685092e-01 2.998409e-02 -9.291404e-01 -7.650022e+01
2.843951e-01 9.540199e-01 -9.468642e-02 3.473470e+01 -1.152929e-01 1.320817e-01 9.845110e-01 3.861447e+00 9.517494e-01 -2.690734e-01 1.475551e-01 -7.846181e+01
-6.932158e-01 3.364370e-01 6.373868e-01 3.426228e+01 6.137837e-01 -1.879796e-01 7.667681e-01 3.942587e+00 3.777849e-01 9.227534e-01 -7.618912e-02 -8.028508e+01
-4.963185e-01 8.317643e-01 -2.486684e-01 3.381226e+01 -3.877120e-01 4.391718e-02 9.207338e-01 3.986944e+00 7.767543e-01 5.533890e-01 3.006882e-01 -8.130662e+01
-5.164132e-01 -2.856296e-01 8.072999e-01 3.361281e+01 8.421406e-01 1.570796e-03 5.392558e-01 4.008601e+00 -1.552955e-01 9.583388e-01 2.397291e-01 -8.194634e+01
-4.947280e-01 8.649376e-01 -8.442277e-02 3.329987e+01 -7.670822e-02 5.330321e-02 9.956278e-01 4.031150e+00 8.656559e-01 4.990408e-01 3.997724e-02 -8.254065e+01
-5.440164e-01 5.344086e-02 8.373710e-01 3.328291e+01 8.388471e-01 1.140594e-02 5.442475e-01 4.056530e+00 1.953405e-02 9.985059e-01 -5.103373e-02 -8.345186e+01
-1.306453e-01 8.992522e-01 -4.174654e-01 3.290495e+01 -6.361342e-01 2.469361e-01 7.309965e-01 4.079281e+00 7.604375e-01 3.610652e-01 5.397840e-01 -8.408939e+01
-6.745619e-01 -4.216204e-01 6.059723e-01 3.219225e+01 6.155537e-01 1.318749e-01 7.769831e-01 4.107950e+00 -4.075045e-01 8.971317e-01 1.705722e-01 -8.441670e+01
-5.717707e-01 6.520614e-01 -4.978898e-01 3.184321e+01 -4.592738e-01 2.484721e-01 8.528360e-01 4.129707e+00 6.798132e-01 7.162943e-01 1.574056e-01 -8.496896e+01
-4.472700e-01 -4.136515e-01 7.929956e-01 3.169777e+01 7.882985e-01 2.365418e-01 5.680084e-01 4.148286e+00 -4.225341e-01 8.791703e-01 2.202828e-01 -8.559771e+01
-5.213962e-01 7.987958e-01 -3.001187e-01 3.156980e+01 -1.256066e-01 2.760329e-01 9.529055e-01 4.172663e+00 8.440195e-01 5.345382e-01 -4.358845e-02 -8.628366e+01
-3.283061e-01 -9.318389e-02 9.399638e-01 3.170340e+01 9.011108e-01 2.674809e-01 3.412526e-01 4.191839e+00 -2.832216e-01 9.590468e-01 -3.846611e-03 -8.695145e+01
-1.148466e-01 8.956754e-01 -4.296229e-01 3.169250e+01 -3.103045e-01 3.784969e-01 8.720386e-01 4.208250e+00 9.436744e-01 2.334646e-01 2.344630e-01 -8.758527e+01
-8.584369e-01 -7.247519e-02 5.077731e-01 3.140359e+01 4.736181e-01 2.680388e-01 8.389523e-01 4.215969e+00 -1.969061e-01 9.606782e-01 -1.957689e-01 -8.782008e+01
-1.936629e-01 5.515194e-01 -8.113699e-01 3.200381e+01 -7.851276e-01 4.087828e-01 4.652647e-01 4.207583e+00 5.882766e-01 7.271334e-01 3.538470e-01 -8.771019e+01
