9.999695e-01 3.452995e-04 -7.808745e-03 5.040525e-01 -3.412894e-04 9.999998e-01 5.148645e-04 -3.104142e-02 7.808921e-03 -5.121844e-04 9.999694e-01 2.852686e-01
9.999976e-01 1.816927e-04 -2.175049e-03 1.248343e+00 -1.818023e-04 1.000000e+00 -5.020816e-05 -7.157506e-02 2.175040e-03 5.060418e-05 9.999976e-01 6.475621e-01
9.999649e-01 -8.668395e-05 -8.378332e-03 2.012264e+00 9.022754e-05 9.999999e-01 4.225742e-04 -9.153996e-02 8.378295e-03 -4.233160e-04 9.999648e-01 4.056988e-01
9.999805e-01 2.782074e-04 -6.239073e-03 3.316921e+00 -2.788112e-04 1.000000e+00 -9.590542e-05 -1.226635e-01 6.239046e-03 9.764378e-05 9.999805e-01 5.486083e-02
9.999650e-01 -1.333095e-04 -8.368410e-03 4.644723e+00 1.364271e-04 9.999999e-01 3.719706e-04 -1.584161e-01 8.368359e-03 -3.731000e-04 9.999649e-01 -1.561559e-01
9.999993e-01 1.055711e-04 -1.196678e-03 5.371890e+00 -1.061105e-04 9.999999e-01 -4.507406e-04 -1.786506e-01 1.196631e-03 4.508679e-04 9.999992e-01 -3.218647e-01
9.999658e-01 -4.276223e-04 -8.263041e-03 6.038691e+00 4.344126e-04 9.999996e-01 8.200003e-04 -1.903022e-01 8.262687e-03 -8.235625e-04 9.999655e-01 -7.623688e-01
9.999811e-01 1.873690e-05 -6.153536e-03 7.419979e+00 -2.410737e-05 9.999996e-01 -8.726819e-04 -2.068038e-01 6.153518e-03 8.728145e-04 9.999807e-01 -1.508549e+00
9.999612e-01 -6.128761e-04 -8.787701e-03 8.885336e+00 6.197072e-04 9.999995e-01 7.746520e-04 -2.213108e-01 8.787222e-03 -7.800684e-04 9.999611e-01 -2.314471e+00
9.999949e-01 2.786737e-04 -3.177648e-03 1.001068e+01 -2.822227e-04 9.999993e-01 -1.116491e-03 -2.355058e-01 3.177335e-03 1.117383e-03 9.999943e-01 -2.859088e+00
9.999770e-01 -6.525598e-04 -6.744306e-03 1.072412e+01 6.636798e-04 9.999984e-01 1.646687e-03 -2.382970e-01 6.743221e-03 -1.651126e-03 9.999759e-01 -3.779630e+00
9.999934e-01 -2.559431e-04 -3.621725e-03 1.168548e+01 2.494053e-04 9.999983e-01 -1.805522e-03 -2.361464e-01 3.622182e-03 1.804608e-03 9.999918e-01 -5.352439e+00
9.999855e-01 -6.169698e-04 -5.345945e-03 1.253804e+01 6.215628e-04 9.999994e-01 8.575479e-04 -2.333754e-01 5.345413e-03 -8.608590e-04 9.999853e-01 -6.409467e+00
9.999900e-01 2.257254e-04 -4.465249e-03 1.316134e+01 -2.287246e-04 9.999997e-01 -6.711904e-04 -2.365483e-01 4.465097e-03 6.722057e-04 9.999898e-01 -7.162610e+00
9.999716e-01 6.659880e-06 -7.538042e-03 1.434227e+01 -4.195521e-06 9.999999e-01 3.269495e-04 -2.632903e-01 7.538044e-03 -3.269093e-04 9.999715e-01 -7.372233e+00
9.999071e-01 -2.546025e-04 -1.362836e-02 1.661198e+01 2.393803e-04 9.999993e-01 -1.118581e-03 -2.870499e-01 1.362863e-02 1.115215e-03 9.999065e-01 -8.407816e+00
9.998615e-01 -1.240415e-03 -1.659477e-02 2.038008e+01 1.221509e-03 9.999986e-01 -1.149365e-03 -2.887466e-01 1.659617e-02 1.128935e-03 9.998616e-01 -1.097373e+01
9.998395e-01 -1.004938e-03 -1.788643e-02 2.462252e+01 9.848656e-04 9.999989e-01 -1.131005e-03 -2.775736e-01 1.788754e-02 1.113208e-03 9.998394e-01 -1.430227e+01
9.999567e-01 -2.152608e-04 -9.300557e-03 2.777055e+01 2.094306e-04 9.999998e-01 -6.278161e-04 -2.794790e-01 9.300689e-03 6.258404e-04 9.999566e-01 -1.653239e+01
9.998314e-01 -1.612479e-03 -1.829214e-02 3.076709e+01 1.590781e-03 9.999980e-01 -1.200646e-03 -2.628916e-01 1.829404e-02 1.171345e-03 9.998320e-01 -1.959599e+01
9.999361e-01 -1.036191e-04 -1.130820e-02 3.402368e+01 1.018024e-04 1.000000e+00 -1.612210e-04 -2.474632e-01 1.130821e-02 1.600588e-04 9.999360e-01 -2.268262e+01
9.997429e-01 -2.846034e-03 -2.249332e-02 3.811055e+01 2.798837e-03 9.999938e-01 -2.129454e-03 -2.202506e-01 2.249924e-02 2.065952e-03 9.997447e-01 -2.655450e+01
9.999456e-01 1.051378e-03 -1.038021e-02 4.207947e+01 -1.046535e-03 9.999993e-01 4.719574e-04 -2.212757e-01 1.038070e-02 -4.610691e-04 9.999460e-01 -2.941387e+01
9.997240e-01 -3.717148e-03 -2.319808e-02 4.646870e+01 3.638730e-03 9.999875e-01 -3.421703e-03 -2.150891e-01 2.321051e-02 3.336348e-03 9.997250e-01 -3.272775e+01
9.999919e-01 2.271680e-03 -3.307526e-03 4.947062e+01 -2.265586e-03 9.999957e-01 1.845012e-03 -2.135674e-01 3.311702e-03 -1.837505e-03 9.999928e-01 -3.517951e+01
9.995024e-01 -5.309300e-03 -3.109198e-02 5.345940e+01 5.177060e-03 9.999772e-01 -4.332147e-03 -1.828144e-01 3.111427e-02 4.169027e-03 9.995071e-01 -3.939089e+01
9.999843e-01 1.527637e-03 -5.399832e-03 5.755625e+01 -1.519214e-03 9.999976e-01 1.563638e-03 -1.370513e-01 5.402207e-03 -1.555411e-03 9.999842e-01 -4.450860e+01
9.996322e-01 -4.882862e-03 -2.667690e-02 6.116675e+01 4.769804e-03 9.999794e-01 -4.300046e-03 -9.476408e-02 2.669734e-02 4.171222e-03 9.996349e-01 -4.931036e+01
9.999964e-01 2.512718e-03 9.417440e-04 6.393779e+01 -2.514976e-03 9.999939e-01 2.403593e-03 -6.689311e-02 -9.356991e-04 -2.405953e-03 9.999967e-01 -5.280827e+01
9.996056e-01 -4.474541e-03 -2.772366e-02 6.666570e+01 4.359912e-03 9.999817e-01 -4.193766e-03 -4.270676e-02 2.774191e-02 4.071240e-03 9.996068e-01 -5.623175e+01
9.999963e-01 2.421681e-03 -1.274302e-03 6.965450e+01 -2.418625e-03 9.999942e-01 2.394064e-03 -1.765581e-02 1.280092e-03 -2.390974e-03 9.999963e-01 -6.005389e+01
9.995475e-01 -4.524341e-03 -2.973769e-02 7.312303e+01 4.388153e-03 9.999796e-01 -4.643300e-03 4.452855e-03 2.975810e-02 4.510706e-03 9.995470e-01 -6.374371e+01
9.999976e-01 2.066267e-03 -6.847033e-04 7.629040e+01 -2.064527e-03 9.999947e-01 2.531693e-03 3.581065e-02 6.899306e-04 -2.530274e-03 9.999966e-01 -6.778211e+01
9.995685e-01 -4.265352e-03 -2.906116e-02 7.929037e+01 4.137333e-03 9.999815e-01 -4.463890e-03 6.434849e-02 2.907966e-02 4.341728e-03 9.995677e-01 -7.164169e+01
9.999378e-01 3.887925e-03 1.045720e-02 8.000432e+01 -3.930866e-03 9.999839e-01 4.088873e-03 1.025229e-01 -1.044113e-02 -4.129725e-03 9.999370e-01 -7.381996e+01
9.991569e-01 -5.824791e-03 -4.063938e-02 8.316827e+01 5.566685e-03 9.999636e-01 -6.461408e-03 1.210072e-01 4.067554e-02 6.229734e-03 9.991530e-01 -7.751553e+01
9.999060e-01 4.352847e-03 1.299807e-02 8.577540e+01 -4.418459e-03 9.999776e-01 5.023374e-03 1.396839e-01 -1.297592e-02 -5.080334e-03 9.999029e-01 -8.063329e+01
9.990435e-01 -5.808055e-03 -4.333978e-02 8.904224e+01 5.509678e-03 9.999603e-01 -7.000884e-03 1.398648e-01 4.337872e-02 6.755400e-03 9.990359e-01 -8.355297e+01
9.999868e-01 2.947466e-03 4.216413e-03 9.378981e+01 -2.963835e-03 9.999881e-01 3.881182e-03 1.541640e-01 -4.204923e-03 -3.893628e-03 9.999836e-01 -8.781783e+01
9.993080e-01 -5.432260e-03 -3.679768e-02 9.716441e+01 5.208599e-03 9.999674e-01 -6.171272e-03 1.867277e-01 3.683000e-02 5.975337e-03 9.993037e-01 -9.236168e+01
9.999622e-01 2.912485e-03 8.191208e-03 9.936170e+01 -2.949804e-03 9.999853e-01 4.547510e-03 2.450014e-01 -8.177843e-03 -4.571502e-03 9.999561e-01 -9.690906e+01
9.992491e-01 -3.957497e-03 -3.854387e-02 1.011326e+02 3.763167e-03 9.999798e-01 -5.113054e-03 3.009092e-01 3.856332e-02 4.964168e-03 9.992438e-01 -1.005095e+02
9.999175e-01 2.728232e-03 1.255090e-02 1.013670e+02 -2.801839e-03 9.999790e-01 5.850810e-03 3.945192e-01 -1.253467e-02 -5.885494e-03 9.999041e-01 -1.043405e+02
9.993578e-01 -4.095555e-03 -3.559737e-02 1.009098e+02 3.932241e-03 9.999814e-01 -4.656602e-03 5.031644e-01 3.561578e-02 4.513635e-03 9.993554e-01 -1.081483e+02
9.998323e-01 3.613106e-03 1.795106e-02 1.006377e+02 -3.714446e-03 9.999773e-01 5.615213e-03 5.754662e-01 -1.793036e-02 -5.680951e-03 9.998231e-01 -1.103877e+02
9.995780e-01 -3.797076e-03 -2.879970e-02 9.967143e+01 3.684663e-03 9.999854e-01 -3.955334e-03 6.229097e-01 2.881430e-02 3.847548e-03 9.995774e-01 -1.117489e+02
9.998550e-01 3.291497e-03 1.671055e-02 9.890666e+01 -3.383928e-03 9.999791e-01 5.505981e-03 6.665575e-01 -1.669208e-02 -5.561731e-03 9.998452e-01 -1.134540e+02
9.996115e-01 -3.460927e-03 -2.765579e-02 9.761559e+01 3.355332e-03 9.999869e-01 -3.863699e-03 7.356023e-01 2.766880e-02 3.769404e-03 9.996100e-01 -1.148710e+02
9.998125e-01 2.844474e-03 1.915360e-02 9.725065e+01 -2.937230e-03 9.999841e-01 4.816323e-03 7.557174e-01 -1.913959e-02 -4.871679e-03 9.998050e-01 -1.160526e+02
9.995870e-01 -3.226093e-03 -2.855607e-02 9.637277e+01 3.127474e-03 9.999890e-01 -3.497546e-03 7.933429e-01 2.856704e-02 3.406794e-03 9.995861e-01 -1.174977e+02
9.998785e-01 3.140740e-03 1.527115e-02 9.553639e+01 -3.211832e-03 9.999841e-01 4.633017e-03 8.746508e-01 -1.525635e-02 -4.681503e-03 9.998727e-01 -1.191208e+02
9.997144e-01 -3.004969e-03 -2.370977e-02 9.586373e+01 2.903376e-03 9.999865e-01 -4.318120e-03 8.625812e-01 2.372243e-02 4.248049e-03 9.997096e-01 -1.191248e+02
9.998955e-01 2.687916e-03 1.420131e-02 9.634616e+01 -2.754110e-03 9.999854e-01 4.643557e-03 8.563328e-01 -1.418863e-02 -4.682184e-03 9.998884e-01 -1.195492e+02
9.997429e-01 -2.978597e-03 -2.247937e-02 9.664105e+01 2.880454e-03 9.999862e-01 -4.397024e-03 8.519664e-01 2.249216e-02 4.331143e-03 9.997376e-01 -1.199664e+02
9.998804e-01 2.859477e-03 1.519834e-02 9.680743e+01 -2.932075e-03 9.999844e-01 4.756513e-03 8.448023e-01 -1.518450e-02 -4.800508e-03 9.998732e-01 -1.201134e+02
9.998239e-01 -2.809311e-03 -1.855231e-02 9.694804e+01 2.717495e-03 9.999839e-01 -4.972446e-03 8.150094e-01 1.856598e-02 4.921155e-03 9.998155e-01 -1.192826e+02
9.998806e-01 2.904948e-03 1.517947e-02 9.709661e+01 -2.977944e-03 9.999841e-01 4.788443e-03 7.807784e-01 -1.516532e-02 -4.833076e-03 9.998733e-01 -1.183866e+02
9.998044e-01 -2.775046e-03 -1.958359e-02 9.697658e+01 2.686266e-03 9.999860e-01 -4.558245e-03 7.752632e-01 1.959597e-02 4.504747e-03 9.997978e-01 -1.179708e+02
9.999032e-01 3.017077e-03 1.358078e-02 9.673795e+01 -3.083662e-03 9.999833e-01 4.884648e-03 7.777466e-01 -1.356582e-02 -4.926055e-03 9.998958e-01 -1.176861e+02
9.997775e-01 -2.826338e-03 -2.090144e-02 9.628825e+01 2.743292e-03 9.999882e-01 -4.000837e-03 7.947682e-01 2.091251e-02 3.942609e-03 9.997735e-01 -1.178563e+02
9.999065e-01 2.809237e-03 1.338550e-02 9.555107e+01 -2.876846e-03 9.999832e-01 5.034293e-03 8.263772e-01 -1.337114e-02 -5.072331e-03 9.998977e-01 -1.183186e+02
9.997725e-01 -2.884730e-03 -2.113476e-02 9.483467e+01 2.799257e-03 9.999878e-01 -4.072698e-03 8.588248e-01 2.114626e-02 4.012610e-03 9.997683e-01 -1.189435e+02
9.999067e-01 2.684695e-03 1.339374e-02 9.430329e+01 -2.751905e-03 9.999837e-01 5.002124e-03 8.840385e-01 -1.338009e-02 -5.038516e-03 9.998978e-01 -1.195203e+02
9.997613e-01 -3.140714e-03 -2.162198e-02 9.415717e+01 3.046127e-03 9.999857e-01 -4.406140e-03 8.983047e-01 2.163551e-02 4.339226e-03 9.997565e-01 -1.202947e+02
9.999027e-01 2.765609e-03 1.367501e-02 9.390356e+01 -2.835480e-03 9.999830e-01 5.092594e-03 9.149876e-01 -1.366069e-02 -5.130874e-03 9.998935e-01 -1.209889e+02
9.997421e-01 -3.140875e-03 -2.249029e-02 9.410508e+01 3.037415e-03 9.999847e-01 -4.632928e-03 9.179334e-01 2.250449e-02 4.563421e-03 9.997363e-01 -1.214803e+02
9.999032e-01 2.682148e-03 1.365581e-02 9.442024e+01 -2.750204e-03 9.999839e-01 4.967276e-03 9.179485e-01 -1.364226e-02 -5.004352e-03 9.998944e-01 -1.220882e+02
9.997566e-01 -3.272423e-03 -2.181599e-02 9.443121e+01 3.172753e-03 9.999844e-01 -4.601720e-03 9.270673e-01 2.183071e-02 4.531384e-03 9.997514e-01 -1.230004e+02
9.998996e-01 2.407121e-03 1.396555e-02 9.443455e+01 -2.476076e-03 9.999848e-01 4.922285e-03 9.386732e-01 -1.395349e-02 -4.956371e-03 9.998904e-01 -1.240791e+02
9.997341e-01 -3.319199e-03 -2.281830e-02 9.477176e+01 3.207581e-03 9.999827e-01 -4.926486e-03 9.457989e-01 2.283425e-02 4.851985e-03 9.997275e-01 -1.250978e+02
9.998967e-01 2.204049e-03 1.420235e-02 9.500831e+01 -2.273805e-03 9.999854e-01 4.897221e-03 9.558588e-01 -1.419135e-02 -4.929009e-03 9.998871e-01 -1.262995e+02
9.997627e-01 -3.079555e-03 -2.156323e-02 9.508205e+01 2.976651e-03 9.999840e-01 -4.802666e-03 9.640648e-01 2.157768e-02 4.737340e-03 9.997560e-01 -1.273664e+02
9.998795e-01 2.529411e-03 1.531338e-02 9.518233e+01 -2.605206e-03 9.999844e-01 4.931623e-03 9.658300e-01 -1.530067e-02 -4.970924e-03 9.998706e-01 -1.279150e+02
9.997478e-01 -3.395146e-03 -2.220139e-02 9.518369e+01 3.292379e-03 9.999837e-01 -4.663790e-03 9.737420e-01 2.221686e-02 4.589518e-03 9.997426e-01 -1.290785e+02
9.998897e-01 2.394980e-03 1.465469e-02 9.528719e+01 -2.464969e-03 9.999856e-01 4.759634e-03 9.825752e-01 -1.464308e-02 -4.795233e-03 9.998813e-01 -1.302020e+02
9.997365e-01 -3.225544e-03 -2.272885e-02 9.543275e+01 3.123248e-03 9.999848e-01 -4.534776e-03 9.897898e-01 2.274313e-02 4.462594e-03 9.997314e-01 -1.312387e+02
9.998875e-01 2.172568e-03 1.484307e-02 9.560225e+01 -2.240141e-03 9.999872e-01 4.537343e-03 9.994958e-01 -1.483303e-02 -4.570083e-03 9.998795e-01 -1.324200e+02
9.997378e-01 -3.156948e-03 -2.267759e-02 9.570150e+01 3.056764e-03 9.999854e-01 -4.451055e-03 1.009450e+00 2.269131e-02 4.380568e-03 9.997329e-01 -1.336298e+02
9.998845e-01 1.870924e-03 1.508392e-02 9.582392e+01 -1.938783e-03 9.999881e-01 4.485347e-03 1.021931e+00 -1.507535e-02 -4.514073e-03 9.998762e-01 -1.350663e+02
9.997355e-01 -2.889569e-03 -2.281499e-02 9.596125e+01 2.787731e-03 9.999860e-01 -4.494184e-03 1.031935e+00 2.282766e-02 4.429394e-03 9.997296e-01 -1.362481e+02
9.998984e-01 1.926660e-03 1.412244e-02 9.606518e+01 -1.991976e-03 9.999874e-01 4.612345e-03 1.044791e+00 -1.411337e-02 -4.640008e-03 9.998896e-01 -1.374088e+02
9.997391e-01 -2.696372e-03 -2.268243e-02 9.601858e+01 2.600843e-03 9.999876e-01 -4.240012e-03 1.060240e+00 2.269358e-02 4.179913e-03 9.997337e-01 -1.384925e+02
9.998946e-01 2.301171e-03 1.433446e-02 9.589781e+01 -2.368250e-03 9.999863e-01 4.664287e-03 1.075092e+00 -1.432353e-02 -4.697744e-03 9.998864e-01 -1.391588e+02
9.997360e-01 -2.874957e-03 -2.279542e-02 9.604812e+01 2.772789e-03 9.999860e-01 -4.512321e-03 1.082595e+00 2.280807e-02 4.447923e-03 9.997300e-01 -1.399563e+02
9.998775e-01 2.525067e-03 1.544687e-02 9.571894e+01 -2.603724e-03 9.999837e-01 5.074118e-03 1.102639e+00 -1.543380e-02 -5.113716e-03 9.998678e-01 -1.405796e+02
9.997288e-01 -2.732466e-03 -2.312681e-02 9.565592e+01 2.627155e-03 9.999860e-01 -4.582816e-03 1.112688e+00 2.313901e-02 4.520816e-03 9.997220e-01 -1.410517e+02
9.999016e-01 2.558849e-03 1.379316e-02 9.588783e+01 -2.627308e-03 9.999843e-01 4.947399e-03 1.114490e+00 -1.378028e-02 -4.983152e-03 9.998926e-01 -1.414733e+02
9.997487e-01 -2.976186e-03 -2.221790e-02 9.584176e+01 2.876203e-03 9.999856e-01 -4.530740e-03 1.126231e+00 2.223106e-02 4.465699e-03 9.997429e-01 -1.421890e+02
9.999109e-01 2.521251e-03 1.311104e-02 9.607938e+01 -2.584559e-03 9.999851e-01 4.813798e-03 1.130401e+00 -1.309871e-02 -4.847256e-03 9.999025e-01 -1.428398e+02
9.997697e-01 -2.504187e-03 -2.131292e-02 9.595592e+01 2.412110e-03 9.999877e-01 -4.344890e-03 1.142804e+00 2.132354e-02 4.292480e-03 9.997634e-01 -1.431454e+02
9.999071e-01 2.490647e-03 1.339939e-02 9.574644e+01 -2.557217e-03 9.999845e-01 4.953292e-03 1.157793e+00 -1.338684e-02 -4.987098e-03 9.998980e-01 -1.433664e+02
9.997323e-01 -2.567634e-03 -2.299304e-02 9.591563e+01 2.463663e-03 9.999866e-01 -4.549057e-03 1.163077e+00 2.300442e-02 4.491193e-03 9.997253e-01 -1.437077e+02
9.998136e-01 2.646817e-03 1.912338e-02 9.567864e+01 -2.737958e-03 9.999850e-01 4.741303e-03 1.164853e+00 -1.911055e-02 -4.792779e-03 9.998059e-01 -1.432915e+02
9.997153e-01 -2.543003e-03 -2.372506e-02 9.547146e+01 2.434030e-03 9.999864e-01 -4.620937e-03 1.166969e+00 2.373649e-02 4.561874e-03 9.997078e-01 -1.428026e+02
9.998596e-01 2.638493e-03 1.654633e-02 9.501472e+01 -2.729023e-03 9.999814e-01 5.451086e-03 1.186193e+00 -1.653164e-02 -5.495477e-03 9.998482e-01 -1.430873e+02
9.997254e-01 -2.413696e-03 -2.330808e-02 9.437625e+01 2.311492e-03 9.999876e-01 -4.410853e-03 1.209046e+00 2.331844e-02 4.355766e-03 9.997186e-01 -1.431782e+02
9.998834e-01 2.247186e-03 1.510428e-02 9.425348e+01 -2.322239e-03 9.999850e-01 4.953246e-03 1.220880e+00 -1.509292e-02 -4.987745e-03 9.998737e-01 -1.436145e+02
9.996956e-01 -2.460600e-03 -2.455096e-02 9.460879e+01 2.345344e-03 9.999861e-01 -4.722277e-03 1.223053e+00 2.456224e-02 4.663259e-03 9.996874e-01 -1.440604e+02
9.999059e-01 2.423604e-03 1.350183e-02 9.521644e+01 -2.493853e-03 9.999834e-01 5.188493e-03 1.215971e+00 -1.348903e-02 -5.221677e-03 9.998954e-01 -1.443482e+02
9.997703e-01 -2.385033e-03 -2.129760e-02 9.551201e+01 2.278960e-03 9.999849e-01 -5.003427e-03 1.208472e+00 2.130921e-02 4.953742e-03 9.997607e-01 -1.443170e+02
9.998928e-01 2.433266e-03 1.444009e-02 9.564552e+01 -2.510543e-03 9.999826e-01 5.335849e-03 1.201045e+00 -1.442685e-02 -5.371530e-03 9.998815e-01 -1.443594e+02
9.997538e-01 -2.278184e-03 -2.207005e-02 9.561150e+01 2.173486e-03 9.999863e-01 -4.766753e-03 1.207868e+00 2.208061e-02 4.717611e-03 9.997451e-01 -1.444335e+02
9.999326e-01 2.096691e-03 1.141588e-02 9.624991e+01 -2.155477e-03 9.999845e-01 5.139567e-03 1.201273e+00 -1.140493e-02 -5.163827e-03 9.999216e-01 -1.448190e+02
9.997359e-01 -2.537344e-03 -2.283876e-02 9.702285e+01 2.424754e-03 9.999848e-01 -4.956135e-03 1.199158e+00 2.285099e-02 4.899448e-03 9.997269e-01 -1.454718e+02
9.999063e-01 2.114865e-03 1.352459e-02 9.739994e+01 -2.185298e-03 9.999841e-01 5.195122e-03 1.200980e+00 -1.351339e-02 -5.224191e-03 9.998950e-01 -1.460580e+02
9.997406e-01 -2.311581e-03 -2.266016e-02 9.774500e+01 2.206463e-03 9.999867e-01 -4.662828e-03 1.198946e+00 2.267063e-02 4.611620e-03 9.997324e-01 -1.465837e+02
9.998890e-01 2.017089e-03 1.476175e-02 9.787661e+01 -2.090358e-03 9.999856e-01 4.949675e-03 1.204833e+00 -1.475155e-02 -4.979984e-03 9.998788e-01 -1.469747e+02
9.997294e-01 -2.071743e-03 -2.317049e-02 9.806186e+01 1.965849e-03 9.999875e-01 -4.592072e-03 1.208314e+00 2.317971e-02 4.545280e-03 9.997210e-01 -1.472138e+02
9.999215e-01 1.723858e-03 1.241175e-02 9.883133e+01 -1.784634e-03 9.999865e-01 4.887235e-03 1.200461e+00 -1.240316e-02 -4.909002e-03 9.999110e-01 -1.477470e+02
9.997515e-01 -2.051642e-03 -2.219570e-02 9.944970e+01 1.949829e-03 9.999875e-01 -4.607782e-03 1.194647e+00 2.220488e-02 4.563360e-03 9.997430e-01 -1.483071e+02
9.999081e-01 1.495926e-03 1.347574e-02 9.988857e+01 -1.562756e-03 9.999865e-01 4.950064e-03 1.194451e+00 -1.346815e-02 -4.970669e-03 9.998969e-01 -1.490750e+02
9.997203e-01 -1.731988e-03 -2.358722e-02 1.006348e+02 1.621839e-03 9.999877e-01 -4.688220e-03 1.183024e+00 2.359505e-02 4.648655e-03 9.997108e-01 -1.494951e+02
9.999087e-01 1.594625e-03 1.341670e-02 1.014362e+02 -1.662159e-03 9.999860e-01 5.023842e-03 1.159434e+00 -1.340850e-02 -5.045684e-03 9.998974e-01 -1.495630e+02
9.997029e-01 -1.764468e-03 -2.431214e-02 1.023039e+02 1.646945e-03 9.999869e-01 -4.853128e-03 1.137204e+00 2.432038e-02 4.811646e-03 9.996926e-01 -1.497603e+02
9.999105e-01 1.367869e-03 1.330849e-02 1.031504e+02 -1.434019e-03 9.999867e-01 4.962156e-03 1.125395e+00 -1.330152e-02 -4.980797e-03 9.998991e-01 -1.502271e+02
9.997441e-01 -1.926872e-03 -2.253973e-02 1.036801e+02 1.821565e-03 9.999873e-01 -4.691680e-03 1.125254e+00 2.254849e-02 4.649422e-03 9.997349e-01 -1.510418e+02
9.999309e-01 1.495964e-03 1.166249e-02 1.044746e+02 -1.553378e-03 9.999867e-01 4.915421e-03 1.119856e+00 -1.165498e-02 -4.933198e-03 9.999199e-01 -1.517168e+02
9.997507e-01 -1.800382e-03 -2.225310e-02 1.051667e+02 1.697403e-03 9.999878e-01 -4.645700e-03 1.115632e+00 2.226119e-02 4.606770e-03 9.997416e-01 -1.523229e+02
9.999501e-01 1.376329e-03 9.895027e-03 1.062113e+02 -1.422285e-03 9.999882e-01 4.638824e-03 1.105998e+00 -9.888526e-03 -4.652666e-03 9.999403e-01 -1.528601e+02
9.997501e-01 -1.628553e-03 -2.229694e-02 1.072089e+02 1.529144e-03 9.999888e-01 -4.474736e-03 1.094982e+00 2.230397e-02 4.439522e-03 9.997414e-01 -1.534287e+02
9.999375e-01 1.336331e-03 1.110057e-02 1.080223e+02 -1.388646e-03 9.999880e-01 4.706353e-03 1.087529e+00 -1.109414e-02 -4.721474e-03 9.999273e-01 -1.539728e+02
9.997253e-01 -1.580782e-03 -2.338236e-02 1.090420e+02 1.474789e-03 9.999886e-01 -4.549598e-03 1.074984e+00 2.338928e-02 4.513865e-03 9.997162e-01 -1.543409e+02
9.999172e-01 1.201953e-03 1.280875e-02 1.097568e+02 -1.264469e-03 9.999873e-01 4.873728e-03 1.069402e+00 -1.280273e-02 -4.889521e-03 9.999061e-01 -1.549300e+02
9.997606e-01 -1.459873e-03 -2.183032e-02 1.102127e+02 1.358309e-03 9.999882e-01 -4.666537e-03 1.064089e+00 2.183688e-02 4.635768e-03 9.997508e-01 -1.554014e+02
9.998995e-01 1.328984e-03 1.411525e-02 1.103145e+02 -1.396345e-03 9.999877e-01 4.763372e-03 1.069091e+00 -1.410875e-02 -4.782603e-03 9.998890e-01 -1.556362e+02
9.997686e-01 -1.394280e-03 -2.146459e-02 1.105046e+02 1.293895e-03 9.999882e-01 -4.689999e-03 1.069696e+00 2.147087e-02 4.661141e-03 9.997586e-01 -1.558073e+02
9.998886e-01 1.247674e-03 1.487218e-02 1.106633e+02 -1.321537e-03 9.999868e-01 4.957682e-03 1.064434e+00 -1.486580e-02 -4.976784e-03 9.998771e-01 -1.558057e+02
9.997791e-01 -1.213220e-03 -2.098336e-02 1.107886e+02 1.115999e-03 9.999886e-01 -4.644388e-03 1.057273e+00 2.098876e-02 4.619945e-03 9.997690e-01 -1.557125e+02
9.998935e-01 1.429859e-03 1.452203e-02 1.109079e+02 -1.502785e-03 9.999863e-01 5.012087e-03 1.047740e+00 -1.451466e-02 -5.033377e-03 9.998820e-01 -1.555394e+02
9.997814e-01 -1.183417e-03 -2.087233e-02 1.110495e+02 1.086998e-03 9.999887e-01 -4.630208e-03 1.035929e+00 2.087757e-02 4.606509e-03 9.997714e-01 -1.553333e+02
9.998837e-01 1.382038e-03 1.519041e-02 1.108877e+02 -1.461532e-03 9.999853e-01 5.223227e-03 1.035021e+00 -1.518297e-02 -5.244821e-03 9.998710e-01 -1.551112e+02
9.997571e-01 -1.439927e-03 -2.199265e-02 1.106053e+02 1.338183e-03 9.999883e-01 -4.640321e-03 1.050430e+00 2.199907e-02 4.609764e-03 9.997474e-01 -1.553763e+02
9.998738e-01 1.440417e-03 1.581887e-02 1.101802e+02 -1.524713e-03 9.999847e-01 5.318072e-03 1.071358e+00 -1.581096e-02 -5.341521e-03 9.998607e-01 -1.555333e+02
9.997402e-01 -1.421292e-03 -2.275036e-02 1.099411e+02 1.310904e-03 9.999873e-01 -4.866363e-03 1.086424e+00 2.275699e-02 4.835276e-03 9.997293e-01 -1.557426e+02
9.998568e-01 1.560782e-03 1.685332e-02 1.095062e+02 -1.656295e-03 9.999826e-01 5.654846e-03 1.103401e+00 -1.684420e-02 -5.681951e-03 9.998420e-01 -1.557641e+02
9.997057e-01 -1.401780e-03 -2.422033e-02 1.089309e+02 1.286841e-03 9.999878e-01 -4.760523e-03 1.126031e+00 2.422671e-02 4.727955e-03 9.996953e-01 -1.559982e+02
9.998651e-01 8.506920e-04 1.640078e-02 1.089283e+02 -9.350494e-04 9.999864e-01 5.136488e-03 1.133502e+00 -1.639618e-02 -5.151131e-03 9.998523e-01 -1.567548e+02
9.997052e-01 -1.653477e-03 -2.422373e-02 1.091967e+02 1.535582e-03 9.999869e-01 -4.884737e-03 1.137692e+00 2.423149e-02 4.846099e-03 9.996946e-01 -1.576510e+02
9.998587e-01 7.654103e-04 1.679250e-02 1.093942e+02 -8.480757e-04 9.999876e-01 4.916153e-03 1.142907e+00 -1.678853e-02 -4.929701e-03 9.998469e-01 -1.585385e+02
9.997109e-01 -8.276031e-04 -2.402938e-02 1.088567e+02 7.323093e-04 9.999918e-01 -3.974274e-03 1.164673e+00 2.403247e-02 3.955528e-03 9.997034e-01 -1.590714e+02
9.998641e-01 4.597799e-04 1.647885e-02 1.088820e+02 -5.347113e-04 9.999895e-01 4.542972e-03 1.169505e+00 -1.647659e-02 -4.551167e-03 9.998539e-01 -1.596014e+02
9.996739e-01 -1.015681e-03 -2.551482e-02 1.092864e+02 9.075584e-04 9.999906e-01 -4.248900e-03 1.171256e+00 2.551889e-02 4.224359e-03 9.996654e-01 -1.603308e+02
9.998591e-01 1.622571e-04 1.678515e-02 1.096346e+02 -2.356019e-04 9.999904e-01 4.367707e-03 1.176741e+00 -1.678428e-02 -4.371047e-03 9.998496e-01 -1.612787e+02
9.996899e-01 -5.946435e-04 -2.489384e-02 1.099027e+02 4.948636e-04 9.999918e-01 -4.014205e-03 1.177197e+00 2.489603e-02 4.000642e-03 9.996820e-01 -1.618900e+02
9.998539e-01 -1.239552e-04 1.709551e-02 1.100596e+02 5.248218e-05 9.999913e-01 4.181158e-03 1.181686e+00 -1.709587e-02 -4.179651e-03 9.998451e-01 -1.627228e+02
9.996919e-01 -5.885373e-04 -2.481632e-02 1.102700e+02 4.881730e-04 9.999917e-01 -4.050173e-03 1.186560e+00 2.481850e-02 4.036811e-03 9.996838e-01 -1.635784e+02
9.998644e-01 1.653268e-04 1.646730e-02 1.106275e+02 -2.395971e-04 9.999898e-01 4.508260e-03 1.184630e+00 -1.646639e-02 -4.511594e-03 9.998542e-01 -1.641123e+02
9.996974e-01 -8.722739e-04 -2.458156e-02 1.108527e+02 7.688553e-04 9.999908e-01 -4.216323e-03 1.189571e+00 2.458501e-02 4.196148e-03 9.996889e-01 -1.650356e+02
9.998588e-01 -2.534909e-04 1.680144e-02 1.108908e+02 1.736990e-04 9.999887e-01 4.750365e-03 1.196120e+00 -1.680246e-02 -4.746776e-03 9.998476e-01 -1.665202e+02
9.996933e-01 -1.154666e-03 -2.473868e-02 1.113306e+02 1.016985e-03 9.999839e-01 -5.577307e-03 1.208212e+00 2.474472e-02 5.550438e-03 9.996784e-01 -1.679349e+02
9.998754e-01 5.240929e-04 1.577891e-02 1.116378e+02 -6.164376e-04 9.999827e-01 5.848086e-03 1.211226e+00 -1.577557e-02 -5.857084e-03 9.998584e-01 -1.686952e+02
9.997349e-01 -1.180629e-03 -2.299635e-02 1.116958e+02 1.053136e-03 9.999840e-01 -5.555398e-03 1.215469e+00 2.300254e-02 5.529708e-03 9.997201e-01 -1.695234e+02
9.998857e-01 8.911757e-04 1.508952e-02 1.117474e+02 -9.822309e-04 9.999813e-01 6.027962e-03 1.219267e+00 -1.508387e-02 -6.042095e-03 9.998680e-01 -1.699138e+02
9.997318e-01 -1.477979e-03 -2.310965e-02 1.117623e+02 1.349250e-03 9.999835e-01 -5.584976e-03 1.226454e+00 2.311752e-02 5.552298e-03 9.997173e-01 -1.707490e+02
9.998823e-01 7.872770e-04 1.532028e-02 1.117184e+02 -8.760572e-04 9.999829e-01 5.789059e-03 1.238440e+00 -1.531546e-02 -5.801799e-03 9.998659e-01 -1.715946e+02
9.997076e-01 -1.457146e-03 -2.413616e-02 1.120060e+02 1.322748e-03 9.999835e-01 -5.583415e-03 1.242050e+00 2.414390e-02 5.549857e-03 9.996931e-01 -1.723591e+02
9.998464e-01 1.501128e-03 1.746435e-02 1.120333e+02 -1.605693e-03 9.999809e-01 5.974826e-03 1.242292e+00 -1.745504e-02 -6.001951e-03 9.998296e-01 -1.722988e+02
9.997088e-01 -1.225878e-03 -2.410206e-02 1.116844e+02 1.093206e-03 9.999842e-01 -5.517036e-03 1.267485e+00 2.410844e-02 5.489081e-03 9.996943e-01 -1.719927e+02
9.998349e-01 1.501348e-03 1.810877e-02 1.115271e+02 -1.606976e-03 9.999818e-01 5.819773e-03 1.281875e+00 -1.809970e-02 -5.847912e-03 9.998191e-01 -1.716006e+02
9.998329e-01 -1.294515e-03 -1.823704e-02 1.107332e+02 1.185116e-03 9.999812e-01 -6.008269e-03 1.332637e+00 1.824448e-02 5.985652e-03 9.998156e-01 -1.702065e+02
9.998889e-01 1.646570e-03 1.481321e-02 1.102166e+02 -1.734801e-03 9.999808e-01 5.945318e-03 1.374731e+00 -1.480313e-02 -5.970356e-03 9.998726e-01 -1.689253e+02
9.997668e-01 -1.272595e-03 -2.155905e-02 1.106726e+02 1.137287e-03 9.999796e-01 -6.287256e-03 1.348578e+00 2.156661e-02 6.261271e-03 9.997478e-01 -1.680529e+02
9.998235e-01 1.620321e-03 1.871596e-02 1.103841e+02 -1.736661e-03 9.999793e-01 6.201496e-03 1.363860e+00 -1.870552e-02 -6.232905e-03 9.998056e-01 -1.669045e+02
9.997865e-01 -1.556587e-03 -2.060300e-02 1.093246e+02 1.433092e-03 9.999809e-01 -6.007465e-03 1.436746e+00 2.061196e-02 5.976657e-03 9.997697e-01 -1.658206e+02
9.998514e-01 1.767447e-03 1.714592e-02 1.084681e+02 -1.870566e-03 9.999803e-01 6.000012e-03 1.499242e+00 -1.713497e-02 -6.031193e-03 9.998350e-01 -1.649191e+02
9.998038e-01 -1.785041e-03 -1.972875e-02 1.076341e+02 1.674181e-03 9.999827e-01 -5.634324e-03 1.555406e+00 1.973847e-02 5.600189e-03 9.997895e-01 -1.639892e+02
9.998494e-01 2.025323e-03 1.723627e-02 1.061871e+02 -2.122694e-03 9.999819e-01 5.632740e-03 1.652827e+00 -1.722455e-02 -5.668480e-03 9.998356e-01 -1.629089e+02
9.997416e-01 -1.734061e-03 -2.266521e-02 1.056822e+02 1.608044e-03 9.999832e-01 -5.577005e-03 1.699665e+00 2.267450e-02 5.539118e-03 9.997276e-01 -1.621311e+02
9.999237e-01 2.123132e-03 1.216677e-02 1.063876e+02 -2.193601e-03 9.999809e-01 5.781497e-03 1.664027e+00 -1.215426e-02 -5.807746e-03 9.999093e-01 -1.617699e+02
9.998171e-01 -1.754738e-03 -1.904534e-02 1.064721e+02 1.650675e-03 9.999836e-01 -5.478364e-03 1.665778e+00 1.905464e-02 5.445924e-03 9.998036e-01 -1.613266e+02
9.998746e-01 1.903618e-03 1.571965e-02 1.059890e+02 -1.992114e-03 9.999822e-01 5.615890e-03 1.702902e+00 -1.570868e-02 -5.646502e-03 9.998607e-01 -1.604468e+02
9.996953e-01 -1.610891e-03 -2.462972e-02 1.063457e+02 1.470378e-03 9.999825e-01 -5.722088e-03 1.706537e+00 2.463850e-02 5.684130e-03 9.996803e-01 -1.597464e+02
9.999295e-01 2.296219e-03 1.165333e-02 1.075305e+02 -2.357929e-03 9.999833e-01 5.284452e-03 1.656452e+00 -1.164100e-02 -5.311557e-03 9.999181e-01 -1.592741e+02
9.998959e-01 -2.081864e-03 -1.427677e-02 1.067892e+02 2.011902e-03 9.999859e-01 -4.913094e-03 1.708244e+00 1.428680e-02 4.883860e-03 9.998860e-01 -1.581933e+02
9.999438e-01 2.343026e-03 1.033881e-02 1.057621e+02 -2.393180e-03 9.999854e-01 4.841282e-03 1.779056e+00 -1.032732e-02 -4.865753e-03 9.999348e-01 -1.573221e+02
9.998933e-01 -1.945176e-03 -1.448053e-02 1.052994e+02 1.877118e-03 9.999871e-01 -4.712161e-03 1.815133e+00 1.448951e-02 4.684476e-03 9.998840e-01 -1.564613e+02
9.999281e-01 2.238917e-03 1.178386e-02 1.047247e+02 -2.296050e-03 9.999857e-01 4.837081e-03 1.856665e+00 -1.177286e-02 -4.863789e-03 9.999189e-01 -1.553869e+02
9.998850e-01 -1.835442e-03 -1.505314e-02 1.040410e+02 1.761340e-03 9.999863e-01 -4.934464e-03 1.906990e+00 1.506199e-02 4.907384e-03 9.998745e-01 -1.543294e+02
9.998979e-01 2.035384e-03 1.414396e-02 1.029426e+02 -2.106660e-03 9.999851e-01 5.026212e-03 1.984170e+00 -1.413352e-02 -5.055495e-03 9.998873e-01 -1.530665e+02
9.998841e-01 -1.984807e-03 -1.509480e-02 1.012805e+02 1.906906e-03 9.999848e-01 -5.173474e-03 2.101898e+00 1.510484e-02 5.144090e-03 9.998727e-01 -1.516237e+02
9.999322e-01 2.174062e-03 1.144109e-02 1.000263e+02 -2.235673e-03 9.999831e-01 5.374946e-03 2.188536e+00 -1.142921e-02 -5.400160e-03 9.999201e-01 -1.506718e+02
9.995562e-01 -6.476571e-04 -2.978083e-02 1.021439e+02 4.656390e-04 9.999812e-01 -6.118471e-03 2.086408e+00 2.978423e-02 6.101889e-03 9.995377e-01 -1.493520e+02
9.998390e-01 1.630747e-03 1.786818e-02 1.030323e+02 -1.733694e-03 9.999820e-01 5.747423e-03 2.049762e+00 -1.785849e-02 -5.777476e-03 9.998238e-01 -1.482332e+02
9.995498e-01 -6.797501e-04 -2.999401e-02 1.044251e+02 4.958016e-04 9.999810e-01 -6.139874e-03 1.969550e+00 2.999762e-02 6.122240e-03 9.995312e-01 -1.471383e+02
9.998537e-01 1.680371e-04 1.710538e-02 1.052544e+02 -2.924384e-04 9.999735e-01 7.270362e-03 1.962584e+00 -1.710370e-02 -7.274301e-03 9.998273e-01 -1.477090e+02
9.996342e-01 -1.505027e-03 -2.700374e-02 1.063916e+02 1.288373e-03 9.999669e-01 -8.038750e-03 1.967809e+00 2.701494e-02 8.001019e-03 9.996030e-01 -1.491063e+02
9.999871e-01 2.548837e-03 4.397462e-03 1.086288e+02 -2.586845e-03 9.999592e-01 8.659114e-03 1.901634e+00 -4.375211e-03 -8.670378e-03 9.999528e-01 -1.494445e+02
9.994879e-01 -7.146530e-04 -3.199191e-02 1.117474e+02 4.408561e-04 9.999632e-01 -8.564571e-03 1.807716e+00 3.199686e-02 8.546082e-03 9.994514e-01 -1.496820e+02
9.999095e-01 2.599170e-03 1.320093e-02 1.140476e+02 -2.713171e-03 9.999591e-01 8.625231e-03 1.692733e+00 -1.317797e-02 -8.660267e-03 9.998757e-01 -1.485590e+02
9.996881e-01 -1.550630e-03 -2.492614e-02 1.149948e+02 1.341804e-03 9.999639e-01 -8.392354e-03 1.668697e+00 2.493826e-02 8.356290e-03 9.996541e-01 -1.477983e+02
9.999937e-01 2.545151e-03 2.457886e-03 1.174444e+02 -2.564882e-03 9.999642e-01 8.058076e-03 1.585739e+00 -2.437289e-03 -8.064330e-03 9.999645e-01 -1.471341e+02
9.999696e-01 -2.255931e-03 -7.465982e-03 1.164042e+02 2.197408e-03 9.999669e-01 -7.837640e-03 1.653472e+00 7.483415e-03 7.820996e-03 9.999414e-01 -1.465054e+02
9.999704e-01 2.122033e-03 7.391325e-03 1.130350e+02 -2.179848e-03 9.999670e-01 7.822666e-03 1.875416e+00 -7.374481e-03 -7.838547e-03 9.999421e-01 -1.444650e+02
9.999763e-01 -2.816180e-03 -6.276571e-03 1.092815e+02 2.767576e-03 9.999662e-01 -7.739072e-03 2.132967e+00 6.298153e-03 7.721518e-03 9.999504e-01 -1.419368e+02
9.999892e-01 2.775848e-03 3.733404e-03 1.078512e+02 -2.806464e-03 9.999623e-01 8.220176e-03 2.224734e+00 -3.710445e-03 -8.230565e-03 9.999592e-01 -1.407966e+02
9.999746e-01 -2.807265e-03 -6.547397e-03 1.061523e+02 2.757750e-03 9.999676e-01 -7.559541e-03 2.331613e+00 6.568407e-03 7.541294e-03 9.999500e-01 -1.397367e+02
9.999865e-01 3.164863e-03 4.126237e-03 1.046501e+02 -3.194945e-03 9.999682e-01 7.304158e-03 2.440283e+00 -4.102989e-03 -7.317243e-03 9.999648e-01 -1.383797e+02
9.999858e-01 -3.315840e-03 -4.160157e-03 1.024120e+02 3.285565e-03 9.999682e-01 -7.263345e-03 2.602919e+00 4.184108e-03 7.249574e-03 9.999650e-01 -1.362791e+02
9.999667e-01 2.924638e-03 7.623608e-03 9.865957e+01 -2.979847e-03 9.999693e-01 7.240568e-03 2.861502e+00 -7.602198e-03 -7.263045e-03 9.999447e-01 -1.334963e+02
9.999614e-01 -3.250029e-03 -8.159450e-03 9.602617e+01 3.191930e-03 9.999695e-01 -7.123522e-03 3.052413e+00 8.182353e-03 7.097203e-03 9.999413e-01 -1.314405e+02
9.999808e-01 3.133345e-03 5.342791e-03 9.480416e+01 -3.169649e-03 9.999719e-01 6.799937e-03 3.151691e+00 -5.321334e-03 -6.816742e-03 9.999626e-01 -1.300726e+02
9.999715e-01 -3.324844e-03 -6.772732e-03 9.296459e+01 3.274702e-03 9.999672e-01 -7.401263e-03 3.295871e+00 6.797118e-03 7.378874e-03 9.999497e-01 -1.282623e+02
9.999665e-01 3.151247e-03 7.553827e-03 9.056128e+01 -3.208232e-03 9.999664e-01 7.543485e-03 3.464816e+00 -7.529802e-03 -7.567467e-03 9.999430e-01 -1.262291e+02
9.999702e-01 -3.336387e-03 -6.966390e-03 8.784928e+01 3.285434e-03 9.999679e-01 -7.312932e-03 3.652009e+00 6.990565e-03 7.289827e-03 9.999490e-01 -1.242255e+02
9.999813e-01 3.364924e-03 5.103620e-03 8.559598e+01 -3.403312e-03 9.999658e-01 7.531681e-03 3.802224e+00 -5.078102e-03 -7.548909e-03 9.999586e-01 -1.227568e+02
9.999562e-01 -3.276696e-03 -8.761670e-03 8.471781e+01 3.210793e-03 9.999665e-01 -7.525327e-03 3.866374e+00 8.786035e-03 7.496866e-03 9.999333e-01 -1.218359e+02
9.999900e-01 3.169686e-03 3.154834e-03 8.462962e+01 -3.194099e-03 9.999648e-01 7.763253e-03 3.884640e+00 -3.130115e-03 -7.773253e-03 9.999649e-01 -1.212377e+02
9.999597e-01 -3.330359e-03 -8.334294e-03 8.424254e+01 3.263232e-03 9.999622e-01 -8.055161e-03 3.935023e+00 8.360805e-03 8.027641e-03 9.999328e-01 -1.204238e+02
9.999798e-01 3.392037e-03 5.383551e-03 8.358156e+01 -3.437426e-03 9.999584e-01 8.444164e-03 3.987229e+00 -5.354684e-03 -8.462499e-03 9.999499e-01 -1.194401e+02
9.999413e-01 -3.100009e-03 -1.038656e-02 8.308896e+01 3.016758e-03 9.999633e-01 -8.021431e-03 4.023097e+00 1.041104e-02 7.989627e-03 9.999139e-01 -1.188537e+02
9.999751e-01 3.275773e-03 6.247300e-03 8.251698e+01 -3.329769e-03 9.999570e-01 8.652259e-03 4.059204e+00 -6.218689e-03 -8.672846e-03 9.999431e-01 -1.182389e+02
9.999396e-01 -3.050595e-03 -1.055451e-02 8.183692e+01 2.964552e-03 9.999623e-01 -8.158337e-03 4.102938e+00 1.057900e-02 8.126555e-03 9.999110e-01 -1.176489e+02
9.999831e-01 3.218846e-03 4.842998e-03 8.079944e+01 -3.262501e-03 9.999539e-01 9.033192e-03 4.158275e+00 -4.813698e-03 -9.048839e-03 9.999475e-01 -1.173056e+02
9.998928e-01 -2.562373e-03 -1.441560e-02 8.086365e+01 2.437483e-03 9.999594e-01 -8.674453e-03 4.161762e+00 1.443724e-02 8.638385e-03 9.998585e-01 -1.169196e+02
9.999010e-01 1.483516e-03 -1.399362e-02 8.388289e+01 -1.363795e-03 9.999624e-01 8.561156e-03 4.120764e+00 1.400579e-02 -8.541224e-03 9.998654e-01 -1.180948e+02
9.999809e-01 -2.158095e-03 -5.799292e-03 8.608269e+01 2.104029e-03 9.999544e-01 -9.313029e-03 4.104540e+00 5.819126e-03 9.300649e-03 9.999398e-01 -1.190575e+02
9.999976e-01 2.039482e-03 7.862340e-04 8.629822e+01 -2.046741e-03 9.999542e-01 9.344759e-03 4.097961e+00 -7.671393e-04 -9.346347e-03 9.999560e-01 -1.181061e+02
9.999643e-01 -2.431840e-03 -8.091944e-03 8.669471e+01 2.359589e-03 9.999574e-01 -8.926479e-03 4.087190e+00 8.113307e-03 8.907067e-03 9.999274e-01 -1.179573e+02
9.999974e-01 2.208205e-03 5.676568e-04 8.703750e+01 -2.213324e-03 9.999554e-01 9.178912e-03 4.079889e+00 -5.473623e-04 -9.180145e-03 9.999577e-01 -1.182461e+02
9.999712e-01 -2.006600e-03 -7.315424e-03 8.726677e+01 1.940538e-03 9.999574e-01 -9.026589e-03 4.067062e+00 7.333225e-03 9.012134e-03 9.999325e-01 -1.179330e+02
9.999966e-01 2.057851e-03 1.574398e-03 8.751878e+01 -2.072309e-03 9.999552e-01 9.237264e-03 4.047714e+00 -1.555318e-03 -9.240496e-03 9.999561e-01 -1.173886e+02
9.999604e-01 -1.867301e-03 -8.699128e-03 8.811601e+01 1.788130e-03 9.999570e-01 -9.100077e-03 4.006701e+00 8.715746e-03 9.084161e-03 9.999208e-01 -1.165842e+02
9.999639e-01 1.941548e-03 8.270812e-03 8.727795e+01 -2.017706e-03 9.999556e-01 9.209675e-03 4.061309e+00 -8.252564e-03 -9.226031e-03 9.999234e-01 -1.153226e+02
9.999350e-01 -1.770241e-03 -1.126602e-02 8.656391e+01 1.664773e-03 9.999548e-01 -9.364179e-03 4.117952e+00 1.128209e-02 9.344815e-03 9.998927e-01 -1.142006e+02
9.999980e-01 1.738983e-03 9.657023e-04 8.742523e+01 -1.748100e-03 9.999531e-01 9.521614e-03 4.085138e+00 -9.490988e-04 -9.523283e-03 9.999542e-01 -1.137029e+02
9.999400e-01 -1.660032e-03 -1.082515e-02 8.802472e+01 1.558077e-03 9.999544e-01 -9.420061e-03 4.076230e+00 1.084030e-02 9.402630e-03 9.998970e-01 -1.136332e+02
9.999954e-01 1.772414e-03 2.448722e-03 8.843821e+01 -1.796228e-03 9.999508e-01 9.757354e-03 4.061617e+00 -2.431308e-03 -9.761708e-03 9.999494e-01 -1.134402e+02
9.999268e-01 -1.439562e-03 -1.201623e-02 8.903545e+01 1.324977e-03 9.999536e-01 -9.538424e-03 4.035389e+00 1.202940e-02 9.521805e-03 9.998823e-01 -1.132244e+02
9.999891e-01 1.725899e-03 4.346502e-03 8.926871e+01 -1.767702e-03 9.999520e-01 9.632151e-03 4.031505e+00 -4.329669e-03 -9.639729e-03 9.999442e-01 -1.129099e+02
9.999414e-01 -1.405435e-03 -1.072993e-02 8.899747e+01 1.305290e-03 9.999556e-01 -9.334605e-03 4.060888e+00 1.074258e-02 9.320052e-03 9.998989e-01 -1.124289e+02
9.999952e-01 1.674482e-03 2.594849e-03 8.884431e+01 -1.698949e-03 9.999539e-01 9.455487e-03 4.088432e+00 -2.578896e-03 -9.459851e-03 9.999519e-01 -1.121299e+02
9.999473e-01 -1.398856e-03 -1.017423e-02 8.863386e+01 1.304193e-03 9.999559e-01 -9.304951e-03 4.120281e+00 1.018679e-02 9.291192e-03 9.999049e-01 -1.117559e+02
9.999959e-01 1.650147e-03 2.334538e-03 8.841578e+01 -1.672234e-03 9.999536e-01 9.490265e-03 4.152550e+00 -2.318769e-03 -9.494130e-03 9.999522e-01 -1.114153e+02
9.999444e-01 -1.291511e-03 -1.046366e-02 8.833451e+01 1.194446e-03 9.999563e-01 -9.277358e-03 4.177116e+00 1.047518e-02 9.264345e-03 9.999022e-01 -1.110755e+02
9.999928e-01 1.528416e-03 3.481087e-03 8.808604e+01 -1.561806e-03 9.999526e-01 9.609261e-03 4.204313e+00 -3.466235e-03 -9.614628e-03 9.999478e-01 -1.107205e+02
9.999289e-01 -1.339986e-03 -1.185087e-02 8.795961e+01 1.229873e-03 9.999561e-01 -9.294041e-03 4.226918e+00 1.186281e-02 9.278805e-03 9.998866e-01 -1.105847e+02
9.999964e-01 8.942059e-04 2.546415e-03 8.808046e+01 -9.180367e-04 9.999557e-01 9.372570e-03 4.241316e+00 -2.537921e-03 -9.374874e-03 9.999528e-01 -1.109880e+02
9.999312e-01 -1.229344e-03 -1.166823e-02 8.846921e+01 1.119885e-03 9.999554e-01 -9.382876e-03 4.244089e+00 1.167924e-02 9.369163e-03 9.998879e-01 -1.113535e+02
9.999984e-01 1.010734e-03 1.447491e-03 8.901659e+01 -1.024160e-03 9.999562e-01 9.304058e-03 4.243320e+00 -1.438023e-03 -9.305526e-03 9.999557e-01 -1.116112e+02
9.999466e-01 -6.371550e-04 -1.031796e-02 8.933107e+01 5.418489e-04 9.999572e-01 -9.237151e-03 4.241292e+00 1.032340e-02 9.231067e-03 9.999041e-01 -1.114483e+02
9.999824e-01 8.372967e-04 5.879720e-03 8.860389e+01 -8.947966e-04 9.999517e-01 9.783422e-03 4.289932e+00 -5.871244e-03 -9.788511e-03 9.999349e-01 -1.108052e+02
9.999488e-01 -7.306455e-04 -1.009425e-02 8.722897e+01 6.358399e-04 9.999557e-01 -9.392131e-03 4.375445e+00 1.010066e-02 9.385232e-03 9.999049e-01 -1.100291e+02
9.999792e-01 8.697591e-04 6.396030e-03 8.582350e+01 -9.316318e-04 9.999527e-01 9.676893e-03 4.466653e+00 -6.387311e-03 -9.682651e-03 9.999327e-01 -1.091173e+02
9.999500e-01 -7.575296e-04 -9.974409e-03 8.434238e+01 6.643928e-04 9.999562e-01 -9.337645e-03 4.562535e+00 9.981046e-03 9.330551e-03 9.999067e-01 -1.081826e+02
9.999803e-01 9.064425e-04 6.207649e-03 8.355066e+01 -9.648011e-04 9.999553e-01 9.404436e-03 4.621738e+00 -6.198847e-03 -9.410240e-03 9.999365e-01 -1.073591e+02
9.998756e-01 -5.920662e-04 -1.576421e-02 8.412017e+01 4.475302e-04 9.999578e-01 -9.170604e-03 4.600294e+00 1.576898e-02 9.162408e-03 9.998337e-01 -1.070445e+02
9.999895e-01 -2.098724e-03 -4.076823e-03 8.605062e+01 2.134564e-03 9.999589e-01 8.806953e-03 4.615712e+00 4.058173e-03 -8.815563e-03 9.999529e-01 -1.095820e+02
9.997888e-01 -3.213236e-03 -2.030023e-02 8.876462e+01 2.979336e-03 9.999290e-01 -1.154186e-02 4.669042e+00 2.033588e-02 1.147894e-02 9.997273e-01 -1.149416e+02
9.999974e-01 -1.532839e-03 -1.699836e-03 9.104427e+01 1.546780e-03 9.999649e-01 8.230610e-03 4.721074e+00 1.687161e-03 -8.233218e-03 9.999647e-01 -1.197084e+02
