1.000000e+00 1.197625e-11 1.704638e-10 1.665335e-16 1.197625e-11 1.000000e+00 3.562503e-10 -1.110223e-16 1.704638e-10 3.562503e-10 1.000000e+00 2.220446e-16 0.000000e+00 0.000000e+00 0.000000e+00 1.000000e+00
4.530529e-01 -1.896763e-01 8.710717e-01 9.593598e-02 4.043926e-01 9.145170e-01 -1.119206e-02 3.936095e-02 -7.944870e-01 3.573256e-01 4.910283e-01 -7.551393e-01
8.272332e-01 1.966833e-01 -5.263087e-01 3.780221e-01 -1.304866e-01 9.783685e-01 1.605254e-01 6.175093e-02 5.464965e-01 -6.411568e-02 8.350034e-01 -1.337431e+00
6.571042e-01 -1.460669e-01 7.395123e-01 9.423118e-01 2.708794e-01 9.612706e-01 -5.082566e-02 7.079019e-02 -7.034475e-01 2.337164e-01 6.712215e-01 -1.757983e+00
7.966793e-01 1.838745e-01 -5.757536e-01 1.313983e+00 -1.178467e-01 9.815744e-01 1.504124e-01 8.269153e-02 5.928020e-01 -5.197975e-02 8.036690e-01 -2.276031e+00
7.386073e-01 -1.258521e-01 6.622843e-01 1.754480e+00 2.293676e-01 9.707222e-01 -7.133661e-02 9.352667e-02 -6.339162e-01 2.045963e-01 7.458489e-01 -2.741666e+00
6.984000e-01 2.003582e-01 -6.870910e-01 2.123760e+00 -9.212496e-02 9.771962e-01 1.913126e-01 1.060412e-01 7.097538e-01 -7.031451e-02 7.009318e-01 -3.247974e+00
8.473873e-01 -9.326402e-02 5.227203e-01 2.176089e+00 1.806347e-01 9.763705e-01 -1.186243e-01 1.173733e-01 -4.993053e-01 1.949421e-01 8.442107e-01 -3.684464e+00
9.745118e-01 2.852227e-02 -2.225158e-01 2.327124e+00 -1.142500e-02 9.969075e-01 7.774847e-02 1.351111e-01 2.240452e-01 -7.322456e-02 9.718240e-01 -4.383200e+00
8.366085e-01 -7.108030e-02 5.431701e-01 2.812093e+00 1.837661e-01 9.705057e-01 -1.560404e-01 1.620400e-01 -5.160583e-01 2.303610e-01 8.249955e-01 -5.247350e+00
9.722564e-01 6.475035e-02 -2.247775e-01 3.483368e+00 -3.766749e-02 9.917223e-01 1.227521e-01 1.835054e-01 2.308651e-01 -1.108797e-01 9.666473e-01 -5.945043e+00
7.725189e-01 -1.143457e-01 6.246116e-01 3.928114e+00 2.844492e-01 9.417556e-01 -1.794021e-01 2.142525e-01 -5.677176e-01 3.162617e-01 7.600495e-01 -6.909872e+00
5.402770e-01 -9.370674e-02 8.362535e-01 3.458077e+00 1.964269e-01 9.803702e-01 -1.704943e-02 2.671876e-01 -8.182404e-01 1.734741e-01 5.480780e-01 -8.100132e+00
3.990362e-01 2.731706e-01 -8.752988e-01 4.344015e+00 -1.155544e-01 9.619627e-01 2.475378e-01 2.725414e-01 9.096248e-01 2.368029e-03 4.154240e-01 -8.310892e+00
9.951322e-01 -7.536995e-02 6.349257e-02 4.903292e+00 7.548660e-02 9.971467e-01 5.631127e-04 2.708986e-01 -6.335385e-02 4.232467e-03 9.979822e-01 -8.244341e+00
7.910156e-01 2.127873e-01 -5.735990e-01 5.476625e+00 -1.264895e-01 9.741901e-01 1.869601e-01 2.678458e-01 5.985772e-01 -7.533414e-02 7.975150e-01 -8.204455e+00
7.493994e-01 -1.566723e-01 6.433151e-01 6.282263e+00 2.395800e-01 9.699296e-01 -4.287162e-02 2.729628e-01 -6.172536e-01 1.862534e-01 7.644002e-01 -8.445599e+00
3.302857e-01 -1.136109e-01 9.370187e-01 7.067097e+00 3.454783e-01 9.383927e-01 -7.998695e-03 3.191721e-01 -8.783827e-01 3.263615e-01 3.491877e-01 -9.770948e+00
4.002398e-01 -1.898354e-01 8.965325e-01 6.916853e+00 3.594212e-01 9.324423e-01 3.698235e-02 4.335356e-01 -8.429854e-01 3.074310e-01 4.414314e-01 -1.216247e+01
3.067294e-01 -1.664345e-01 9.371321e-01 6.012040e+00 4.475895e-01 8.941545e-01 1.230271e-02 5.697203e-01 -8.399885e-01 4.156769e-01 3.487578e-01 -1.459206e+01
4.467466e-01 -9.410296e-02 8.896978e-01 6.768742e+00 3.432449e-01 9.363803e-01 -7.331406e-02 7.066541e-01 -8.261963e-01 3.381370e-01 4.506251e-01 -1.761610e+01
3.738572e-01 -1.254958e-01 9.189568e-01 9.788704e+00 3.489750e-01 9.370273e-01 -1.400920e-02 8.797858e-01 -8.593295e-01 3.259304e-01 3.941093e-01 -2.177969e+01
3.097622e-01 -2.091592e-01 9.275235e-01 8.252514e+00 4.096692e-01 9.096724e-01 6.831780e-02 1.026510e+00 -8.580318e-01 3.588155e-01 3.674682e-01 -2.417701e+01
3.331419e-01 -1.538719e-01 9.302365e-01 6.431520e+00 4.352276e-01 9.002937e-01 -6.947291e-03 1.161441e+00 -8.364170e-01 4.071790e-01 3.668949e-01 -2.608588e+01
3.596420e-01 -1.289198e-01 9.241414e-01 4.117887e+00 3.532086e-01 9.355188e-01 -6.948954e-03 1.287196e+00 -8.636557e-01 3.289139e-01 3.819875e-01 -2.745546e+01
1.585454e-01 -2.037014e-01 9.661103e-01 -7.423936e-02 4.041138e-01 9.061628e-01 1.247438e-01 1.453313e+00 -9.008637e-01 3.706410e-01 2.259865e-01 -2.855478e+01
3.308935e-01 -2.417017e-01 9.121895e-01 -5.837280e+00 4.609874e-01 8.848557e-01 6.723759e-02 1.690934e+00 -8.234076e-01 3.982594e-01 4.042145e-01 -3.004233e+01
1.478887e-01 -1.201858e-01 9.816742e-01 -1.235927e+01 4.894715e-01 8.713967e-01 3.294600e-02 1.959637e+00 -8.593874e-01 4.756292e-01 1.876972e-01 -3.172757e+01
4.446968e-01 -2.536111e-01 8.590263e-01 -1.867426e+01 3.925091e-01 9.172597e-01 6.761110e-02 2.257893e+00 -8.050971e-01 3.071092e-01 5.074471e-01 -3.415831e+01
2.344131e-01 -2.627802e-01 9.359472e-01 -2.485275e+01 5.655124e-01 8.199689e-01 8.858203e-02 2.539408e+00 -7.907251e-01 5.085249e-01 3.408169e-01 -3.640181e+01
4.613531e-01 -1.725573e-01 8.702743e-01 -3.155668e+01 4.579387e-01 8.864555e-01 -6.699849e-02 2.844274e+00 -7.598983e-01 4.294422e-01 4.879897e-01 -3.861090e+01
2.449657e-01 -1.567569e-01 9.567753e-01 -3.709524e+01 4.220256e-01 9.056862e-01 4.033423e-02 3.091238e+00 -8.728609e-01 3.939031e-01 2.880175e-01 -4.033353e+01
4.405691e-01 -2.355020e-01 8.662780e-01 -4.169670e+01 3.887646e-01 9.198488e-01 5.234876e-02 3.281002e+00 -8.091730e-01 3.137149e-01 4.968118e-01 -4.135309e+01
1.863658e-01 -1.915504e-01 9.636266e-01 -4.714212e+01 5.061573e-01 8.593520e-01 7.293156e-02 3.499910e+00 -8.420645e-01 4.741547e-01 2.571085e-01 -4.244222e+01
3.486711e-01 -1.474820e-01 9.255688e-01 -5.356958e+01 4.074850e-01 9.131769e-01 -7.996271e-03 3.760426e+00 -8.440287e-01 3.799435e-01 3.784951e-01 -4.362886e+01
6.320909e-02 -1.222626e-01 9.904830e-01 -5.937653e+01 3.999241e-01 9.124001e-01 8.710249e-02 3.975633e+00 -9.143661e-01 3.906123e-01 1.065677e-01 -4.394485e+01
3.205835e-01 -1.941221e-01 9.271153e-01 -6.453679e+01 3.562124e-01 9.316350e-01 7.189520e-02 4.158053e+00 -8.776895e-01 3.072016e-01 3.678155e-01 -4.381032e+01
7.239831e-02 -1.687748e-01 9.829921e-01 -6.984325e+01 4.467573e-01 8.866612e-01 1.193311e-01 4.339841e+00 -8.917211e-01 4.305195e-01 1.395941e-01 -4.340777e+01
3.323083e-01 -1.418982e-01 9.324356e-01 -7.507079e+01 3.664153e-01 9.303864e-01 1.100055e-02 4.509204e+00 -8.690863e-01 3.380031e-01 3.611688e-01 -4.264660e+01
1.591563e-01 -1.975566e-01 9.672852e-01 -8.025537e+01 3.894576e-01 9.128800e-01 1.223639e-01 4.688922e+00 -9.071891e-01 3.572415e-01 2.222305e-01 -4.175882e+01
3.872459e-01 -2.915966e-01 8.746497e-01 -8.627212e+01 4.650591e-01 8.809166e-01 8.778372e-02 4.927550e+00 -7.960908e-01 3.727699e-01 4.767410e-01 -4.203767e+01
2.072395e-01 -1.503986e-01 9.666603e-01 -9.286333e+01 5.370477e-01 8.433985e-01 1.608472e-02 5.201439e+00 -8.176990e-01 5.158093e-01 2.555567e-01 -4.281502e+01
4.338616e-01 -1.717374e-01 8.844605e-01 -1.000091e+02 3.630525e-01 9.317644e-01 2.831360e-03 5.499671e+00 -8.245950e-01 3.198772e-01 4.666065e-01 -4.358039e+01
2.315586e-01 -3.402441e-01 9.113806e-01 -1.080698e+02 5.480301e-01 8.196663e-01 1.667640e-01 5.849284e+00 -8.037684e-01 4.608483e-01 3.762648e-01 -4.521896e+01
3.959625e-01 -2.207316e-01 8.913424e-01 -1.169326e+02 5.832807e-01 8.101625e-01 -5.848355e-02 6.259787e+00 -7.092230e-01 5.430601e-01 4.495424e-01 -4.834566e+01
1.578757e-01 -2.957877e-02 9.870159e-01 -1.257225e+02 4.602694e-01 8.865315e-01 -4.705377e-02 6.688627e+00 -8.736289e-01 4.617218e-01 1.535759e-01 -5.216958e+01
4.003354e-01 -2.357507e-01 8.855242e-01 -1.319287e+02 3.125196e-01 9.435316e-01 1.099073e-01 6.974839e+00 -8.614308e-01 2.327439e-01 4.514058e-01 -5.408825e+01
2.398798e-01 -2.959857e-01 9.245811e-01 -1.365658e+02 5.552245e-01 8.230794e-01 1.194407e-01 7.172955e+00 -7.963564e-01 4.846986e-01 3.617786e-01 -5.546158e+01
6.034389e-01 -9.153434e-02 7.921382e-01 -1.400013e+02 3.425001e-01 9.268418e-01 -1.538116e-01 7.320308e+00 -7.201078e-01 3.641233e-01 5.906429e-01 -5.614163e+01
2.123366e-01 -2.163927e-01 9.529362e-01 -1.439146e+02 3.986430e-01 9.095212e-01 1.177070e-01 7.520924e+00 -8.921866e-01 3.548878e-01 2.793881e-01 -5.772626e+01
5.824781e-01 -2.673847e-01 7.676097e-01 -1.472776e+02 4.136780e-01 9.104176e-01 3.222154e-03 7.662345e+00 -6.997069e-01 3.156664e-01 6.409095e-01 -5.848408e+01
7.941453e-02 -8.521825e-02 9.931924e-01 -1.514492e+02 5.283852e-01 8.484549e-01 3.055036e-02 7.850296e+00 -8.452825e-01 5.223620e-01 1.124077e-01 -6.003579e+01
7.509068e-01 -1.419932e-01 6.449628e-01 -1.543998e+02 1.948905e-01 9.807635e-01 -1.098181e-02 7.991865e+00 -6.309966e-01 1.339434e-01 7.641351e-01 -6.116715e+01
9.455026e-01 -8.145376e-02 -3.152621e-01 -1.553794e+02 9.525868e-02 9.950415e-01 2.860303e-02 8.024082e+00 3.113691e-01 -5.707569e-02 9.485735e-01 -6.085405e+01
2.171582e-01 4.105831e-01 -8.855867e-01 -1.553006e+02 -2.218453e-02 9.090782e-01 4.160345e-01 8.017091e+00 9.758843e-01 -7.069898e-02 2.065224e-01 -6.027071e+01
9.999044e-01 -1.951454e-04 1.382584e-02 -1.548910e+02 2.054558e-03 9.908975e-01 -1.346025e-01 8.010618e+00 -1.367372e-02 1.346180e-01 9.908032e-01 -5.996888e+01
2.609997e-01 2.907747e-01 -9.205049e-01 -1.545332e+02 9.157542e-02 9.417980e-01 3.234662e-01 8.000806e+00 9.609855e-01 -1.687202e-01 2.191812e-01 -5.958211e+01
2.075318e-01 -4.907991e-02 9.769963e-01 -1.537051e+02 2.445839e-01 9.696227e-01 -3.244598e-03 7.975415e+00 -9.471585e-01 2.396310e-01 2.132317e-01 -5.911101e+01
1.509004e-01 4.107310e-01 -8.991825e-01 -1.529788e+02 -9.257104e-02 9.114726e-01 4.008097e-01 7.950058e+00 9.842051e-01 2.275593e-02 1.755634e-01 -5.856550e+01
3.903603e-01 -2.190411e-01 8.942259e-01 -1.526560e+02 3.670648e-01 9.277776e-01 6.702324e-02 7.936436e+00 -8.443236e-01 3.020756e-01 4.425698e-01 -5.815596e+01
9.913769e-01 1.100066e-01 7.120645e-02 -1.525745e+02 -1.075509e-01 9.934937e-01 -3.745854e-02 7.937157e+00 -7.486385e-02 2.947722e-02 9.967580e-01 -5.791001e+01
3.247310e-02 -2.337424e-01 9.717561e-01 -1.523828e+02 2.598836e-01 9.408005e-01 2.176120e-01 7.931280e+00 -9.650938e-01 2.454770e-01 9.129654e-02 -5.761472e+01
9.950090e-01 2.450685e-02 -9.672944e-02 -1.520079e+02 -3.601151e-02 9.922355e-01 -1.190455e-01 7.921190e+00 9.306096e-02 1.219348e-01 9.881658e-01 -5.738131e+01
5.263364e-01 -1.374959e-01 8.390858e-01 -1.515281e+02 4.213952e-02 9.898443e-01 1.357667e-01 7.906598e+00 -8.492316e-01 -3.610029e-02 5.267851e-01 -5.716922e+01
4.887053e-01 7.292431e-02 -8.693959e-01 -1.514681e+02 -1.188458e-01 9.927761e-01 1.646766e-02 7.906451e+00 8.643164e-01 9.527625e-02 4.938417e-01 -5.704392e+01
8.562814e-02 -1.634863e-01 9.828225e-01 -1.508276e+02 3.922839e-02 9.862339e-01 1.606360e-01 7.893234e+00 -9.955546e-01 2.479959e-02 9.086268e-02 -5.687740e+01
3.836303e-01 1.280366e-01 -9.145679e-01 -1.501670e+02 -1.866664e-01 9.806509e-01 5.898772e-02 7.872597e+00 9.044244e-01 1.480896e-01 4.001075e-01 -5.653906e+01
-8.386642e-02 -2.649589e-01 9.606057e-01 -1.492294e+02 1.909290e-02 9.633976e-01 2.673959e-01 7.851682e+00 -9.962941e-01 4.076628e-02 -7.573788e-02 -5.621833e+01
4.957526e-01 5.770124e-02 -8.665448e-01 -1.485058e+02 -2.371988e-01 9.688493e-01 -7.118862e-02 7.832486e+00 8.354436e-01 2.408353e-01 4.939963e-01 -5.599034e+01
-6.819407e-01 -1.966839e-01 7.044660e-01 -1.476752e+02 -8.898016e-02 9.783203e-01 1.870078e-01 7.813958e+00 -7.259748e-01 6.484472e-02 -6.846574e-01 -5.567313e+01
-4.270894e-01 -3.819271e-02 -9.034024e-01 -1.471444e+02 -1.881907e-01 9.809834e-01 4.749582e-02 7.805541e+00 8.844088e-01 1.902969e-01 -4.261552e-01 -5.544419e+01
-7.526307e-01 -9.534684e-02 6.515029e-01 -1.467488e+02 -2.776053e-02 9.931751e-01 1.132807e-01 7.811571e+00 -6.578575e-01 6.717243e-02 -7.501409e-01 -5.588020e+01
-6.573030e-01 -2.784126e-02 -7.531120e-01 -1.466130e+02 -2.640490e-02 9.995546e-01 -1.390609e-02 7.829449e+00 7.531637e-01 1.074534e-02 -6.577454e-01 -5.662292e+01
-6.603012e-01 4.279646e-03 7.509887e-01 -1.466051e+02 2.450057e-02 9.995742e-01 1.584569e-02 7.842885e+00 -7.506011e-01 2.886258e-02 -6.601249e-01 -5.708552e+01
4.588094e-02 1.579972e-02 -9.988220e-01 -1.461553e+02 1.184212e-01 9.927383e-01 2.114317e-02 7.839241e+00 9.919029e-01 -1.192518e-01 4.367674e-02 -5.709152e+01
-8.197146e-01 1.778190e-01 5.444708e-01 -1.451483e+02 2.021614e-01 9.792304e-01 -1.544822e-02 7.827986e+00 -5.359093e-01 9.740784e-02 -8.386375e-01 -5.701235e+01
1.400877e-01 2.219376e-01 -9.649451e-01 -1.443383e+02 1.054520e-01 9.656681e-01 2.374130e-01 7.813154e+00 9.845076e-01 -1.350140e-01 1.118745e-01 -5.683728e+01
-4.545109e-01 1.634485e-01 8.756166e-01 -1.441365e+02 4.018601e-01 9.149201e-01 3.781048e-02 7.814607e+00 -7.949392e-01 3.690607e-01 -4.815245e-01 -5.676861e+01
5.892993e-02 3.992280e-01 -9.149559e-01 -1.433508e+02 3.334522e-02 9.152500e-01 4.015040e-01 7.815501e+00 9.977050e-01 -5.417001e-02 4.062328e-02 -5.687151e+01
-3.862498e-01 3.683683e-02 9.216584e-01 -1.420324e+02 4.133276e-01 9.001809e-01 1.372395e-01 7.821425e+00 -8.246038e-01 4.339556e-01 -3.629204e-01 -5.710341e+01
1.114281e-01 4.161333e-01 -9.024505e-01 -1.409733e+02 -1.467330e-01 9.050416e-01 3.992106e-01 7.821657e+00 9.828801e-01 8.793597e-02 1.619075e-01 -5.724193e+01
-2.589051e-02 -1.544687e-01 9.876584e-01 -1.401950e+02 3.980884e-01 9.046789e-01 1.519263e-01 7.825846e+00 -9.169816e-01 3.971088e-01 3.806960e-02 -5.746722e+01
-2.430988e-01 4.435999e-01 -8.626251e-01 -1.392722e+02 -7.831891e-02 8.774231e-01 4.732810e-01 7.837331e+00 9.668346e-01 1.826139e-01 -1.785582e-01 -5.783921e+01
6.779129e-01 -1.548397e-01 7.186507e-01 -1.382539e+02 3.619454e-01 9.211731e-01 -1.429530e-01 7.865792e+00 -6.398669e-01 3.570220e-01 6.805187e-01 -5.849866e+01
-2.652705e-01 4.850219e-01 -8.332979e-01 -1.368299e+02 1.949885e-01 8.733895e-01 4.462850e-01 7.902874e+00 9.442516e-01 -4.409725e-02 -3.262581e-01 -5.931409e+01
7.167610e-01 1.133907e-01 6.880380e-01 -1.356889e+02 1.251205e-01 9.497641e-01 -2.868677e-01 7.930987e+00 -6.860019e-01 2.917033e-01 6.665663e-01 -5.991352e+01
-1.642515e-01 2.868184e-01 -9.437991e-01 -1.343325e+02 2.446649e-01 9.387412e-01 2.427017e-01 7.958742e+00 9.555943e-01 -1.910504e-01 -2.243640e-01 -6.057150e+01
3.139042e-01 1.568734e-01 9.364053e-01 -1.325538e+02 9.909708e-02 9.754560e-01 -1.966350e-01 7.985158e+00 -9.442690e-01 1.545196e-01 2.906541e-01 -6.118738e+01
-6.756077e-01 1.752411e-01 -7.161318e-01 -1.311334e+02 1.679397e-01 9.823844e-01 8.195803e-02 8.023357e+00 7.178792e-01 -6.489551e-02 -6.931364e-01 -6.205895e+01
8.522521e-01 5.190353e-02 5.205500e-01 -1.300759e+02 -1.017626e-01 9.925062e-01 6.764539e-02 8.084136e+00 -5.131381e-01 -1.106234e-01 8.511473e-01 -6.330286e+01
-8.695301e-01 4.287374e-02 -4.920155e-01 -1.290909e+02 -9.558365e-02 9.627805e-01 2.528190e-01 8.168529e+00 4.845423e-01 2.668623e-01 -8.330686e-01 -6.493313e+01
8.340781e-01 -2.593044e-01 4.869035e-01 -1.284212e+02 2.456887e-01 9.648789e-01 9.298294e-02 8.239014e+00 -4.939138e-01 4.207167e-02 8.684925e-01 -6.611612e+01
-5.448881e-01 4.144124e-01 -7.289439e-01 -1.274133e+02 3.429378e-02 8.796202e-01 4.744388e-01 8.284157e+00 8.378072e-01 2.335178e-01 -4.935064e-01 -6.696113e+01
7.258998e-01 -7.387030e-02 6.838221e-01 -1.257280e+02 2.762147e-01 9.418306e-01 -1.914693e-01 8.338603e+00 -6.299007e-01 3.278692e-01 7.040788e-01 -6.816547e+01
-7.351649e-01 3.983057e-01 -5.485299e-01 -1.240062e+02 3.271513e-01 9.171718e-01 2.275256e-01 8.407555e+00 5.937209e-01 -1.218345e-02 -8.045788e-01 -6.962427e+01
5.321328e-01 1.931589e-01 8.243326e-01 -1.222928e+02 -7.852274e-03 9.747119e-01 -2.233272e-01 8.470605e+00 -8.466245e-01 1.123668e-01 5.201930e-01 -7.099676e+01
-7.244150e-01 6.725795e-02 -6.860753e-01 -1.204598e+02 1.063941e-01 9.942128e-01 -1.487407e-02 8.536398e+00 6.811044e-01 -8.376933e-02 -7.273785e-01 -7.244344e+01
6.748175e-01 -1.956103e-02 7.377254e-01 -1.185636e+02 -9.417137e-02 9.891940e-01 1.123699e-01 8.605794e+00 -7.319516e-01 -1.453018e-01 6.656833e-01 -7.393279e+01
-7.338188e-01 1.774004e-02 -6.791135e-01 -1.168298e+02 -1.654348e-01 9.648984e-01 2.039667e-01 8.673637e+00 6.588939e-01 2.620236e-01 -7.051258e-01 -7.542698e+01
7.602135e-01 -2.904732e-01 5.811202e-01 -1.149928e+02 2.554399e-01 9.560810e-01 1.437345e-01 8.748415e+00 -5.973490e-01 3.917237e-02 8.010241e-01 -7.704118e+01
-3.806671e-01 4.073923e-01 -8.301350e-01 -1.130604e+02 -8.441270e-02 8.786652e-01 4.699170e-01 8.804818e+00 9.208513e-01 2.489559e-01 -3.000899e-01 -7.821069e+01
4.013225e-01 -1.274867e-01 9.070212e-01 -1.113635e+02 3.983954e-01 9.159815e-01 -4.752873e-02 8.851589e+00 -8.247554e-01 3.804274e-01 4.183941e-01 -7.930986e+01
-8.374913e-01 4.466465e-01 -3.148258e-01 -1.097018e+02 3.565793e-01 8.832472e-01 3.045087e-01 8.918164e+00 4.140767e-01 1.427630e-01 -8.989768e-01 -8.074271e+01
4.621803e-01 2.080022e-01 8.620467e-01 -1.079022e+02 1.031083e-01 9.529041e-01 -2.852059e-01 8.991157e+00 -8.807713e-01 2.207007e-01 4.189668e-01 -8.236755e+01
-9.878574e-01 1.369169e-01 -7.342650e-02 -1.060102e+02 1.420692e-01 9.873612e-01 -7.024361e-02 9.085469e+00 6.288094e-02 -7.982232e-02 -9.948238e-01 -8.438937e+01
3.898210e-01 -4.845853e-02 9.196148e-01 -1.041009e+02 -1.090308e-01 9.891619e-01 9.834098e-02 9.176782e+00 -9.144134e-01 -1.386017e-01 3.803126e-01 -8.633428e+01
-7.552244e-01 -5.094919e-02 -6.534832e-01 -1.011858e+02 -2.047265e-01 9.654324e-01 1.613300e-01 9.263903e+00 6.226742e-01 2.556256e-01 -7.395488e-01 -8.815656e+01
4.057119e-01 -3.484521e-01 8.449728e-01 -9.881461e+01 1.737697e-01 9.370216e-01 3.029763e-01 9.329179e+00 -8.973305e-01 2.390954e-02 4.407112e-01 -8.951341e+01
-8.980459e-01 2.353811e-01 -3.716307e-01 -9.694249e+01 4.636752e-03 8.498217e-01 5.270500e-01 9.395232e+00 4.398774e-01 4.715919e-01 -7.642702e-01 -9.087686e+01
6.968743e-01 -1.467652e-01 7.020158e-01 -9.520715e+01 3.860623e-01 9.016860e-01 -1.947260e-01 9.477724e+00 -6.044189e-01 4.067214e-01 6.850223e-01 -9.255575e+01
-7.067478e-01 4.937658e-01 -5.066585e-01 -9.389319e+01 4.243409e-01 8.688954e-01 2.548638e-01 9.542112e+00 5.660763e-01 -3.487152e-02 -8.236149e-01 -9.387594e+01
1.282203e-01 3.123993e-01 9.412578e-01 -9.197854e+01 1.772543e-01 9.265911e-01 -3.316774e-01 9.596447e+00 -9.757769e-01 2.093697e-01 6.343368e-02 -9.509650e+01
-9.844065e-01 1.722204e-01 -3.583344e-02 -9.004459e+01 1.756473e-01 9.734374e-01 -1.468597e-01 9.670298e+00 9.589371e-03 -1.508636e-01 -9.885081e-01 -9.667800e+01
-4.807147e-02 3.770856e-03 9.988368e-01 -8.790911e+01 -1.629881e-01 9.865602e-01 -1.156871e-02 9.744433e+00 -9.854563e-01 -1.633546e-01 -4.681080e-02 -9.820730e+01
-9.816105e-01 -1.869449e-01 -3.863176e-02 -8.589461e+01 -1.907608e-01 9.682060e-01 1.618254e-01 9.815206e+00 7.151059e-03 1.662190e-01 -9.860629e-01 -9.969929e+01
2.282656e-01 -3.820389e-01 8.955116e-01 -8.441594e+01 2.047394e-01 9.180635e-01 3.394719e-01 9.888236e+00 -9.518280e-01 1.058567e-01 2.877808e-01 -1.011601e+02
-9.253007e-01 2.357982e-01 -2.970148e-01 -8.248534e+01 4.239400e-02 8.426022e-01 5.368652e-01 9.954520e+00 3.768572e-01 4.841701e-01 -7.896569e-01 -1.025846e+02
4.132468e-01 -1.225755e-01 9.023316e-01 -8.139386e+01 4.681563e-01 8.785172e-01 -9.506419e-02 1.000765e+01 -7.810613e-01 4.617172e-01 4.204289e-01 -1.037218e+02
-8.446033e-01 5.119059e-01 -1.568364e-01 -8.045605e+01 4.817840e-01 8.544588e-01 1.943818e-01 1.006940e+01 2.335154e-01 8.861427e-02 -9.683068e-01 -1.050488e+02
3.665786e-01 3.132369e-01 8.760724e-01 -7.958523e+01 7.719250e-03 9.405650e-01 -3.395260e-01 1.012661e+01 -9.303551e-01 1.312256e-01 3.423731e-01 -1.062316e+02
-8.903547e-01 6.325675e-02 -4.508515e-01 -7.857407e+01 1.446934e-01 9.782715e-01 -1.484882e-01 1.017776e+01 4.316623e-01 -1.974424e-01 -8.801614e-01 -1.073744e+02
5.968323e-01 -6.131999e-03 8.023426e-01 -7.769781e+01 -2.019366e-01 9.666352e-01 1.576006e-01 1.024264e+01 -7.765390e-01 -2.560835e-01 5.756808e-01 -1.087483e+02
-7.477017e-01 -1.030603e-01 -6.559883e-01 -7.680833e+01 -2.663253e-01 9.514893e-01 1.540745e-01 1.029289e+01 6.082869e-01 2.899081e-01 -7.388778e-01 -1.098039e+02
-1.102590e-01 -3.294789e-01 9.377028e-01 -7.569414e+01 1.019554e-01 9.347287e-01 3.404223e-01 1.032692e+01 -9.886597e-01 1.331385e-01 -6.947005e-02 -1.106227e+02
-6.826947e-01 1.178134e-01 -7.211435e-01 -7.434993e+01 -2.041849e-01 9.168436e-01 3.430835e-01 1.036498e+01 7.015957e-01 3.814679e-01 -6.018686e-01 -1.115393e+02
2.423141e-01 -2.601989e-01 9.346552e-01 -7.297506e+01 3.554724e-01 9.201844e-01 1.640123e-01 1.041699e+01 -9.027310e-01 2.925017e-01 3.154672e-01 -1.127455e+02
-8.927184e-01 3.814512e-01 -2.398933e-01 -7.209281e+01 2.641491e-01 8.742960e-01 4.072244e-01 1.047349e+01 3.650740e-01 3.001691e-01 -8.812602e-01 -1.139738e+02
-4.218943e-01 1.638062e-01 8.917246e-01 -7.153566e+01 4.576670e-01 8.875127e-01 5.349974e-02 1.049070e+01 -7.826533e-01 4.306841e-01 -4.494052e-01 -1.142939e+02
-7.528541e-01 4.764308e-01 -4.541193e-01 -7.108933e+01 3.184547e-01 8.674887e-01 3.821647e-01 1.049544e+01 5.760185e-01 1.430979e-01 -8.048141e-01 -1.144683e+02
-8.118478e-02 1.999799e-01 9.764308e-01 -7.096150e+01 3.856611e-01 9.096571e-01 -1.542386e-01 1.050767e+01 -9.190618e-01 3.640495e-01 -1.509748e-01 -1.147503e+02
-6.914011e-01 4.289421e-01 -5.813546e-01 -7.064040e+01 3.653857e-01 9.017857e-01 2.308157e-01 1.051783e+01 6.232639e-01 -5.283241e-02 -7.802249e-01 -1.149917e+02
2.255302e-02 2.590261e-01 9.656070e-01 -7.043334e+01 1.980389e-01 9.455558e-01 -2.582727e-01 1.053353e+01 -9.799347e-01 1.970526e-01 -2.997209e-02 -1.153142e+02
-8.068057e-01 2.467271e-01 -5.368336e-01 -6.958317e+01 2.909365e-01 9.567392e-01 2.466793e-03 1.056390e+01 5.142183e-01 -1.541942e-01 -8.436846e-01 -1.160452e+02
8.134983e-01 1.641450e-01 5.579219e-01 -6.871858e+01 -2.199041e-01 9.749356e-01 3.380539e-02 1.064815e+01 -5.383890e-01 -1.501899e-01 8.292046e-01 -1.177891e+02
-9.098294e-01 -1.017666e-01 -4.023109e-01 -6.786773e+01 -1.744723e-01 9.734245e-01 1.483378e-01 1.074934e+01 3.765235e-01 2.051542e-01 -9.034057e-01 -1.198482e+02
5.467618e-01 -3.389231e-01 7.656257e-01 -6.701896e+01 2.197698e-01 9.404422e-01 2.593641e-01 1.080754e+01 -8.079312e-01 2.645106e-02 5.886829e-01 -1.210163e+02
-5.106091e-01 3.220514e-01 -7.972209e-01 -6.593982e+01 -1.435941e-01 8.822404e-01 4.483666e-01 1.084114e+01 8.477376e-01 3.434163e-01 -4.042353e-01 -1.217789e+02
7.992814e-01 -2.329885e-01 5.539545e-01 -6.455796e+01 3.559211e-01 9.262567e-01 -1.239702e-01 1.089416e+01 -4.842205e-01 2.962512e-01 8.232653e-01 -1.229534e+02
-5.563872e-01 4.831719e-01 -6.760016e-01 -6.274952e+01 3.092603e-01 8.755219e-01 3.712404e-01 1.096816e+01 7.712272e-01 -2.507044e-03 -6.365551e-01 -1.245437e+02
8.151095e-01 2.176372e-01 5.368711e-01 -6.098153e+01 -5.337577e-02 9.510198e-01 -3.044869e-01 1.104100e+01 -5.768428e-01 2.195343e-01 7.868018e-01 -1.260900e+02
-4.929276e-01 8.967088e-02 -8.654372e-01 -5.896744e+01 2.162949e-01 9.760788e-01 -2.206037e-02 1.111058e+01 8.427567e-01 -1.980638e-01 -5.005316e-01 -1.275933e+02
8.539392e-01 1.526940e-01 4.974660e-01 -5.693109e+01 -2.111491e-01 9.754179e-01 6.305555e-02 1.119573e+01 -4.756090e-01 -1.588851e-01 8.651888e-01 -1.294756e+02
-4.592225e-01 -8.201119e-02 -8.845275e-01 -5.515905e+01 -1.739820e-01 9.847483e-01 -9.767124e-04 1.127384e+01 8.711171e-01 1.534433e-01 -4.664871e-01 -1.311662e+02
-1.187034e-01 -1.617344e-01 9.796691e-01 -5.287340e+01 -2.893903e-02 9.867893e-01 1.594035e-01 1.133207e+01 -9.925079e-01 -9.428934e-03 -1.218157e-01 -1.324286e+02
5.818389e-01 -1.559257e-01 -7.982172e-01 -4.937910e+01 -1.187964e-02 9.797158e-01 -2.000394e-01 1.139713e+01 8.132173e-01 1.258733e-01 5.681845e-01 -1.338266e+02
3.829877e-01 4.251399e-02 9.227746e-01 -4.690227e+01 -1.520952e-01 9.882092e-01 1.759680e-02 1.144944e+01 -9.111462e-01 -1.470890e-01 3.849382e-01 -1.349752e+02
-2.890376e-01 -8.365943e-02 -9.536553e-01 -4.571526e+01 -9.961856e-02 9.933944e-01 -5.695276e-02 1.148087e+01 9.521205e-01 7.854027e-02 -2.954624e-01 -1.356839e+02
3.621701e-01 -1.610399e-01 9.180953e-01 -4.449941e+01 -4.170371e-02 9.811765e-01 1.885560e-01 1.151172e+01 -9.311786e-01 -1.065773e-01 3.486369e-01 -1.363688e+02
6.723599e-02 -1.339655e-02 -9.976472e-01 -4.288010e+01 -2.079401e-01 9.777649e-01 -2.714359e-02 1.154566e+01 9.758280e-01 2.092759e-01 6.295531e-02 -1.371740e+02
8.912438e-01 -2.144056e-01 3.996434e-01 -4.193792e+01 1.119482e-01 9.579304e-01 2.642669e-01 1.157695e+01 -4.394908e-01 -1.907868e-01 8.777518e-01 -1.378372e+02
5.959802e-01 2.007333e-01 -7.775048e-01 -4.068436e+01 -3.164844e-01 9.485949e-01 2.310106e-03 1.160090e+01 7.380008e-01 2.446914e-01 6.288727e-01 -1.384238e+02
8.782357e-01 -3.219771e-01 3.535997e-01 -3.942043e+01 2.859021e-01 9.462081e-01 1.514931e-01 1.163372e+01 -3.833562e-01 -3.195175e-02 9.230477e-01 -1.392198e+02
3.228895e-01 3.933742e-01 -8.608130e-01 -3.828806e+01 -2.955110e-01 9.059618e-01 3.031606e-01 1.167051e+01 8.991193e-01 1.564924e-01 4.087720e-01 -1.400377e+02
5.406666e-01 -3.385410e-01 7.701101e-01 -3.705189e+01 3.810920e-01 9.146942e-01 1.345493e-01 1.168776e+01 -7.499657e-01 2.207365e-01 6.235598e-01 -1.404103e+02
-4.487290e-01 4.958663e-01 -7.434776e-01 -3.682812e+01 -9.477124e-03 8.292523e-01 5.587941e-01 1.170865e+01 8.936176e-01 2.577932e-01 -3.674102e-01 -1.407636e+02
9.824466e-01 -7.026803e-02 1.728037e-01 -3.666089e+01 1.170469e-01 9.535042e-01 -2.777224e-01 1.174999e+01 -1.452541e-01 2.930735e-01 9.449916e-01 -1.414112e+02
-5.308564e-01 3.918507e-01 -7.514284e-01 -3.688892e+01 3.246284e-01 9.130734e-01 2.468064e-01 1.179177e+01 7.828205e-01 -1.129162e-01 -6.119167e-01 -1.417698e+02
9.165718e-01 2.244616e-01 3.309278e-01 -3.704439e+01 -2.143069e-01 9.744398e-01 -6.737628e-02 1.183813e+01 -3.375926e-01 -9.164909e-03 9.412477e-01 -1.421324e+02
-1.201819e-02 1.744206e-02 -9.997756e-01 -3.626718e+01 1.906167e-02 9.996702e-01 1.721108e-02 1.186367e+01 9.997461e-01 -1.885054e-02 -1.234670e-02 -1.426300e+02
6.305218e-01 -8.720995e-02 7.712565e-01 -3.452974e+01 -4.628672e-02 9.876744e-01 1.495220e-01 1.189295e+01 -7.747901e-01 -1.299758e-01 6.187136e-01 -1.432974e+02
-8.401365e-01 1.128427e-01 -5.305066e-01 -3.357927e+01 -1.245853e-01 9.118130e-01 3.912488e-01 1.192568e+01 5.278724e-01 3.947957e-01 -7.519888e-01 -1.439125e+02
8.826946e-01 -2.989619e-01 3.625908e-01 -3.342001e+01 3.254400e-01 9.454775e-01 -1.269295e-02 1.198173e+01 -3.390267e-01 1.292055e-01 9.318620e-01 -1.446010e+02
-7.566478e-01 5.227613e-01 -3.926891e-01 -3.372570e+01 3.258561e-01 8.222085e-01 4.666807e-01 1.203440e+01 5.668349e-01 2.251528e-01 -7.924673e-01 -1.449948e+02
8.732564e-01 1.537676e-01 4.623621e-01 -3.396986e+01 -2.008517e-02 9.594535e-01 -2.811506e-01 1.208626e+01 -4.868468e-01 2.362299e-01 8.409374e-01 -1.454773e+02
-7.801992e-01 1.819153e-01 -5.984948e-01 -3.429477e+01 1.807284e-01 9.815297e-01 6.274263e-02 1.213720e+01 5.988543e-01 -5.921327e-02 -7.986660e-01 -1.458925e+02
8.339697e-01 1.967844e-02 5.514592e-01 -3.486023e+01 -1.177326e-01 9.826983e-01 1.429796e-01 1.218083e+01 -5.391044e-01 -1.841654e-01 8.218574e-01 -1.458632e+02
-8.123023e-01 1.021842e-01 -5.742154e-01 -3.524704e+01 -1.405506e-01 9.212214e-01 3.627626e-01 1.221300e+01 5.660481e-01 3.753792e-01 -7.339482e-01 -1.458320e+02
9.349603e-01 -2.670185e-01 2.335601e-01 -3.614258e+01 2.760345e-01 9.611279e-01 -6.175502e-03 1.227975e+01 -2.228322e-01 7.024450e-02 9.723227e-01 -1.460116e+02
-4.879410e-01 5.061347e-01 -7.111549e-01 -3.585687e+01 1.649630e-01 8.535142e-01 4.942678e-01 1.232726e+01 8.571469e-01 1.238593e-01 -4.999580e-01 -1.466036e+02
9.835292e-01 9.741306e-02 1.522530e-01 -3.554171e+01 -6.261682e-02 9.738122e-01 -2.185609e-01 1.237012e+01 -1.695565e-01 2.054275e-01 9.638725e-01 -1.473178e+02
-6.025198e-01 1.986311e-01 -7.729913e-01 -3.504079e+01 1.769247e-01 9.776788e-01 1.133218e-01 1.243123e+01 7.782465e-01 -6.848260e-02 -6.242136e-01 -1.484122e+02
9.676836e-01 7.919390e-02 2.394090e-01 -3.542589e+01 -1.170277e-01 9.820112e-01 1.481838e-01 1.248463e+01 -2.233671e-01 -1.714125e-01 9.595441e-01 -1.488149e+02
-6.454588e-01 1.251372e-01 -7.534744e-01 -3.584211e+01 -1.706702e-01 9.379148e-01 3.019726e-01 1.254563e+01 7.444828e-01 3.235065e-01 -5.840282e-01 -1.494556e+02
9.351748e-01 -2.544890e-01 2.463402e-01 -3.611428e+01 2.596154e-01 9.656374e-01 1.200930e-02 1.261179e+01 -2.409315e-01 5.272289e-02 9.691090e-01 -1.503640e+02
-2.753333e-01 4.321209e-01 -8.587567e-01 -3.642298e+01 3.158593e-02 8.968671e-01 4.411708e-01 1.266096e+01 9.608298e-01 9.434437e-02 -2.605863e-01 -1.510581e+02
9.047729e-01 -1.228236e-04 4.258943e-01 -3.680860e+01 1.269815e-01 9.545960e-01 -2.694850e-01 1.271440e+01 -4.065239e-01 2.979034e-01 8.637082e-01 -1.517465e+02
-1.135326e-01 2.942430e-01 -9.489633e-01 -3.670780e+01 2.474583e-01 9.334132e-01 2.598158e-01 1.275449e+01 9.622239e-01 -2.053312e-01 -1.787857e-01 -1.525030e+02
9.393109e-01 2.220801e-01 2.614871e-01 -3.651880e+01 -1.969222e-01 9.731561e-01 -1.191167e-01 1.279991e+01 -2.809212e-01 6.039505e-02 9.578286e-01 -1.532943e+02
-5.249014e-01 1.363558e-02 -8.510538e-01 -3.689790e+01 -5.316577e-03 9.997996e-01 1.929787e-02 1.285639e+01 8.511464e-01 1.465417e-02 -5.247238e-01 -1.539879e+02
9.816650e-01 -5.505771e-02 1.824898e-01 -3.758322e+01 5.726989e-03 9.654633e-01 2.604761e-01 1.291106e+01 -1.905284e-01 -2.546551e-01 9.480768e-01 -1.543307e+02
1.195205e-02 2.397843e-01 -9.707526e-01 -3.701796e+01 -2.945547e-01 9.285890e-01 2.257430e-01 1.295017e+01 9.555599e-01 2.832417e-01 8.172816e-02 -1.551589e+02
9.027850e-01 -3.138077e-01 2.941156e-01 -3.540867e+01 3.042018e-01 9.493153e-01 7.913100e-02 1.300076e+01 -3.040404e-01 1.803221e-02 9.524885e-01 -1.563369e+02
-3.010010e-01 5.387492e-01 -7.868594e-01 -3.386109e+01 -2.094816e-03 8.247500e-01 5.654936e-01 1.304331e+01 9.536215e-01 1.718625e-01 -2.471220e-01 -1.572337e+02
9.863865e-01 -4.353358e-02 1.585766e-01 -3.258886e+01 9.008099e-02 9.498097e-01 -2.995778e-01 1.308532e+01 -1.375759e-01 3.097843e-01 9.408010e-01 -1.581196e+02
-1.058856e-02 3.103266e-01 -9.505710e-01 -3.101080e+01 2.739806e-01 9.151451e-01 2.957094e-01 1.313797e+01 9.616769e-01 -2.573069e-01 -9.471353e-02 -1.593395e+02
7.250032e-01 2.338755e-01 6.478214e-01 -2.918130e+01 -3.712430e-02 9.524842e-01 -3.023172e-01 1.318885e+01 -6.877442e-01 1.951310e-01 6.992366e-01 -1.604410e+02
4.579928e-01 3.119267e-02 -8.884085e-01 -2.808116e+01 2.598894e-01 9.510231e-01 1.673694e-01 1.320576e+01 8.501177e-01 -3.075419e-01 4.274551e-01 -1.608804e+02
8.997280e-01 2.592445e-01 3.511152e-01 -2.643032e+01 -2.175845e-01 9.638055e-01 -1.540648e-01 1.324157e+01 -3.783472e-01 6.221919e-02 9.235703e-01 -1.616875e+02
9.319705e-01 -3.422625e-01 1.195295e-01 -2.289581e+01 3.431101e-01 9.391899e-01 1.406312e-02 1.334182e+01 -1.170742e-01 2.790538e-02 9.927310e-01 -1.639433e+02
8.383283e-01 2.685978e-01 4.744059e-01 -1.875699e+01 -1.079181e-01 9.347469e-01 -3.385290e-01 1.344293e+01 -5.343776e-01 2.326015e-01 8.126113e-01 -1.661616e+02
7.317602e-01 3.421625e-02 -6.807027e-01 -1.565075e+01 2.041849e-01 9.418614e-01 2.668439e-01 1.349025e+01 6.502580e-01 -3.342549e-01 6.822303e-01 -1.671476e+02
8.638549e-01 2.420014e-01 4.418032e-01 -1.297588e+01 -1.737112e-01 9.663581e-01 -1.896744e-01 1.353030e+01 -4.728416e-01 8.710497e-02 8.768316e-01 -1.680355e+02
-3.462422e-01 7.724105e-02 -9.349600e-01 -1.003488e+01 6.688777e-02 9.961010e-01 5.752173e-02 1.359541e+01 9.357577e-01 -4.262094e-02 -3.500587e-01 -1.693765e+02
9.786896e-01 9.049070e-02 -1.843313e-01 -8.230692e+00 -4.371155e-02 9.688995e-01 2.435633e-01 1.368319e+01 2.006388e-01 -2.303155e-01 9.522074e-01 -1.710293e+02
7.152649e-02 1.936075e-01 -9.784682e-01 -6.920136e+00 -2.393563e-01 9.556483e-01 1.715951e-01 1.374526e+01 9.682936e-01 2.219290e-01 1.146953e-01 -1.722694e+02
9.705450e-01 -2.306829e-01 6.948312e-02 -4.973933e+00 2.294798e-01 9.729940e-01 2.493586e-02 1.380843e+01 -7.335893e-02 -8.256399e-03 9.972714e-01 -1.735739e+02
3.893873e-01 3.721333e-01 -8.425523e-01 -3.104104e+00 -1.555325e-01 9.281791e-01 3.380728e-01 1.386352e+01 9.078476e-01 -5.970197e-04 4.192999e-01 -1.747023e+02
7.466351e-01 -4.180427e-03 -6.652206e-01 -2.240992e+00 -1.141263e-01 9.843496e-01 -1.342798e-01 1.393851e+01 6.553710e-01 1.761771e-01 7.344729e-01 -1.759768e+02
6.911636e-02 1.328102e-01 -9.887287e-01 -1.512258e+00 1.864772e-01 9.719100e-01 1.435866e-01 1.404399e+01 9.800251e-01 -1.942995e-01 4.240881e-02 -1.776669e+02
7.997899e-01 3.017681e-01 -5.189143e-01 -9.975030e-01 -2.065434e-01 9.500127e-01 2.341277e-01 1.413981e+01 5.636275e-01 -8.007468e-02 8.221388e-01 -1.790450e+02
-1.869966e-01 9.450064e-02 -9.778046e-01 -1.943093e+00 -1.913299e-01 9.727974e-01 1.306069e-01 1.423645e+01 9.635482e-01 2.115063e-01 -1.638290e-01 -1.789882e+02
7.528689e-01 -6.446118e-02 -6.550063e-01 -3.587485e+00 1.750306e-01 9.789654e-01 1.048384e-01 1.432433e+01 6.344704e-01 -1.935757e-01 7.483152e-01 -1.777747e+02
-4.259478e-02 4.797894e-01 -8.763491e-01 -4.790177e+00 -3.751613e-02 8.757585e-01 4.812895e-01 1.441118e+01 9.983878e-01 5.337765e-02 -1.930290e-02 -1.775613e+02
8.801082e-01 6.656329e-02 -4.700840e-01 -4.734158e+00 -1.693377e-01 9.690130e-01 -1.798292e-01 1.449189e+01 4.435475e-01 2.378721e-01 8.641079e-01 -1.782108e+02
-1.888721e-01 1.659429e-01 -9.678793e-01 -5.398636e+00 2.177645e-01 9.681567e-01 1.234959e-01 1.454945e+01 9.575521e-01 -1.874448e-01 -2.189942e-01 -1.782930e+02
6.999310e-01 3.512962e-01 -6.218421e-01 -7.000508e+00 -1.255497e-01 9.176316e-01 3.770803e-01 1.466602e+01 7.030889e-01 -1.858581e-01 6.863839e-01 -1.779203e+02
-8.631532e-02 2.422014e-01 -9.663789e-01 -8.005606e+00 -2.780635e-01 9.255951e-01 2.568160e-01 1.472005e+01 9.566767e-01 2.908818e-01 -1.254566e-02 -1.768409e+02
8.640457e-01 -1.817831e-01 -4.694465e-01 -8.715095e+00 2.157761e-01 9.762557e-01 1.911534e-02 1.473781e+01 4.548249e-01 -1.178119e-01 8.827540e-01 -1.753479e+02
2.623784e-02 5.439765e-01 -8.386901e-01 -9.983548e+00 4.570785e-02 8.374487e-01 5.446012e-01 1.478180e+01 9.986102e-01 -5.262388e-02 -2.891149e-03 -1.735526e+02
8.269516e-01 1.901652e-01 -5.291392e-01 -1.113757e+01 -2.886043e-01 9.512020e-01 -1.091890e-01 1.482697e+01 4.825543e-01 2.430059e-01 8.414805e-01 -1.721652e+02
-2.063469e-01 3.802348e-02 -9.777398e-01 -1.196035e+01 1.242687e-01 9.921716e-01 1.235845e-02 1.489161e+01 9.705556e-01 -1.189523e-01 -2.094567e-01 -1.723026e+02
8.290008e-01 2.346976e-01 -5.076166e-01 -1.263556e+01 -3.264327e-02 9.264378e-01 3.750300e-01 1.497310e+01 5.582939e-01 -2.943299e-01 7.756790e-01 -1.728275e+02
-3.645664e-01 3.079737e-01 -8.787739e-01 -1.381609e+01 -2.562191e-01 8.741183e-01 4.126366e-01 1.507782e+01 8.952335e-01 3.755921e-01 -2.397654e-01 -1.732376e+02
7.729124e-01 -1.488507e-01 -6.168061e-01 -1.442555e+01 4.873896e-02 9.831498e-01 -1.761844e-01 1.518531e+01 6.326380e-01 1.061126e-01 7.671436e-01 -1.741623e+02
-1.544549e-01 3.721198e-01 -9.152434e-01 -1.436342e+01 2.778664e-01 9.053302e-01 3.211971e-01 1.526595e+01 9.481213e-01 -2.047050e-01 -2.432323e-01 -1.753236e+02
7.948950e-01 3.857515e-01 -4.683350e-01 -1.506386e+01 -3.510554e-01 9.219609e-01 1.635488e-01 1.536101e+01 4.948757e-01 3.440745e-02 8.682823e-01 -1.763339e+02
-2.565769e-01 -9.109700e-03 -9.664809e-01 -1.548078e+01 -1.602689e-01 9.865133e-01 3.324892e-02 1.542567e+01 9.531433e-01 1.634277e-01 -2.545765e-01 -1.764409e+02
8.368471e-01 -6.040579e-02 -5.440938e-01 -1.602313e+01 2.027527e-01 9.574130e-01 2.055523e-01 1.550085e+01 5.085059e-01 -2.823323e-01 8.134557e-01 -1.767484e+02
-2.566936e-01 5.135859e-01 -8.187417e-01 -1.631428e+01 -6.625783e-02 8.357823e-01 5.450485e-01 1.558684e+01 9.642190e-01 1.941585e-01 -1.805109e-01 -1.775420e+02
8.189018e-01 4.105679e-02 -5.724632e-01 -1.676249e+01 -1.796781e-01 9.656383e-01 -1.877723e-01 1.567799e+01 5.450831e-01 2.566262e-01 7.981400e-01 -1.783058e+02
-2.616385e-01 1.299702e-01 -9.563750e-01 -1.776847e+01 2.127932e-01 9.742767e-01 7.418858e-02 1.578315e+01 9.414162e-01 -1.840995e-01 -2.825650e-01 -1.788920e+02
8.978198e-01 2.916751e-01 -3.299171e-01 -1.852235e+01 -1.900215e-01 9.324606e-01 3.072604e-01 1.586929e+01 3.972549e-01 -2.131731e-01 8.926061e-01 -1.794568e+02
-2.404679e-01 8.884214e-02 -9.665828e-01 -1.901926e+01 -3.233111e-01 9.316080e-01 1.660613e-01 1.596751e+01 9.152295e-01 3.524394e-01 -1.952982e-01 -1.807320e+02
8.405066e-01 -2.269341e-01 -4.919853e-01 -1.952324e+01 2.456161e-01 9.689814e-01 -2.734416e-02 1.607324e+01 4.829300e-01 -9.785657e-02 8.701740e-01 -1.820654e+02
-1.198039e-01 5.190020e-01 -8.463356e-01 -1.992148e+01 9.242050e-02 8.546040e-01 5.109898e-01 1.616108e+01 9.884865e-01 -1.700021e-02 -1.503513e-01 -1.829900e+02
8.411939e-01 2.095091e-01 -4.984965e-01 -2.017091e+01 -3.003622e-01 9.476249e-01 -1.085802e-01 1.624433e+01 4.496391e-01 2.410665e-01 8.600649e-01 -1.840558e+02
-3.497312e-01 1.769513e-02 -9.366830e-01 -2.032960e+01 8.251931e-02 9.965174e-01 -1.198492e-02 1.633960e+01 9.332088e-01 -8.148593e-02 -3.499734e-01 -1.851877e+02
7.977525e-01 1.751732e-01 -5.769794e-01 -2.109291e+01 8.023544e-02 9.175247e-01 3.895005e-01 1.643669e+01 5.976230e-01 -3.570192e-01 7.179026e-01 -1.852123e+02
-2.990968e-01 4.427729e-01 -8.452771e-01 -2.283046e+01 -2.216377e-01 8.293658e-01 5.128636e-01 1.652538e+01 9.281260e-01 3.407411e-01 -1.499255e-01 -1.837930e+02
8.408958e-01 -1.159135e-01 -5.286381e-01 -2.380802e+01 -8.639260e-03 9.737947e-01 -2.272646e-01 1.658260e+01 5.411281e-01 1.956729e-01 8.178585e-01 -1.832478e+02
-1.440947e-01 2.985655e-01 -9.434487e-01 -2.407241e+01 2.853939e-01 9.254259e-01 2.492733e-01 1.665547e+01 9.475162e-01 -2.333356e-01 -2.185577e-01 -1.841537e+02
9.011959e-01 3.559456e-01 -2.472827e-01 -2.437870e+01 -3.332361e-01 9.338673e-01 1.297907e-01 1.671492e+01 2.771277e-01 -3.456334e-02 9.602112e-01 -1.848223e+02
2.567107e-01 -9.001977e-02 -9.622869e-01 -2.356264e+01 -7.068780e-02 9.912376e-01 -1.115855e-01 1.675153e+01 9.638998e-01 9.666714e-02 2.480980e-01 -1.855630e+02
-3.670634e-01 -6.342846e-02 9.280309e-01 -2.067092e+01 -9.831393e-02 9.947299e-01 2.910112e-02 1.678900e+01 -9.249858e-01 -8.055641e-02 -3.713649e-01 -1.864601e+02
2.222373e-01 -1.426907e-01 -9.644946e-01 -1.806655e+01 4.725257e-02 9.896466e-01 -1.355240e-01 1.682032e+01 9.738469e-01 -1.545637e-02 2.266789e-01 -1.872209e+02
9.697582e-01 1.266995e-01 -2.086056e-01 -1.769127e+01 -3.338224e-02 9.155260e-01 4.008712e-01 1.684359e+01 2.417740e-01 -3.817844e-01 8.920684e-01 -1.876418e+02
9.686084e-01 3.805902e-02 -2.456610e-01 -1.724717e+01 -1.119384e-01 9.491307e-01 -2.943140e-01 1.684666e+01 2.219631e-01 3.125739e-01 9.235962e-01 -1.877988e+02
6.976155e-01 5.820520e-02 -7.141041e-01 -1.697842e+01 2.306536e-01 9.253895e-01 3.007545e-01 1.685624e+01 6.783299e-01 -3.745217e-01 6.321408e-01 -1.880530e+02
9.422923e-01 2.602845e-01 2.105641e-01 -1.649253e+01 -2.092297e-01 9.488243e-01 -2.365491e-01 1.686110e+01 -2.613584e-01 1.788421e-01 9.485290e-01 -1.882343e+02
9.266779e-01 -1.670080e-01 -3.367140e-01 -1.623113e+01 2.567695e-01 9.355158e-01 2.426512e-01 1.684934e+01 2.744766e-01 -3.113174e-01 9.098044e-01 -1.879611e+02
3.275387e-01 4.871974e-01 -8.095413e-01 -1.607791e+01 -3.531195e-01 8.578376e-01 3.733917e-01 1.686640e+01 8.763704e-01 1.635645e-01 4.530139e-01 -1.882202e+02
8.615506e-01 -2.222729e-01 -4.564267e-01 -1.543733e+01 1.236563e-01 9.638602e-01 -2.359719e-01 1.689308e+01 4.923817e-01 1.468616e-01 8.578997e-01 -1.887279e+02
6.122977e-01 3.368409e-01 -7.152830e-01 -1.501746e+01 7.220533e-02 8.770985e-01 4.748523e-01 1.691835e+01 7.873232e-01 -3.423982e-01 5.127237e-01 -1.891573e+02
6.456205e-01 2.813569e-01 -7.099383e-01 -1.526502e+01 -4.137024e-01 9.102808e-01 -1.546751e-02 1.695310e+01 6.418913e-01 3.036894e-01 7.040940e-01 -1.894309e+02
2.765743e-01 -1.339982e-01 -9.516045e-01 -1.570567e+01 1.641152e-01 9.822701e-01 -9.061783e-02 1.699559e+01 9.468753e-01 -1.311102e-01 2.936618e-01 -1.896566e+02
7.145440e-01 3.409088e-01 -6.109076e-01 -1.597661e+01 -1.966110e-02 8.826767e-01 4.695693e-01 1.703355e+01 6.993142e-01 -3.235168e-01 6.374139e-01 -1.898418e+02
5.346433e-01 2.047933e-01 -8.198879e-01 -1.586306e+01 -3.793266e-01 9.251197e-01 -1.627791e-02 1.705935e+01 7.551608e-01 3.197081e-01 5.722926e-01 -1.901545e+02
8.249543e-01 -2.335797e-01 -5.146756e-01 -1.664459e+01 2.711072e-01 9.625464e-01 -2.293264e-03 1.711087e+01 4.959348e-01 -1.376404e-01 8.573819e-01 -1.908742e+02
