9.999931e-01 6.674821e-04 -3.667748e-03 -1.140714e-02 -6.669180e-04 9.999998e-01 1.550346e-04 -1.455249e-02 3.667851e-03 -1.525882e-04 9.999933e-01 7.875359e-01
1.000000e+00 -2.816500e-05 -5.884675e-05 -1.033640e-01 2.816898e-05 1.000000e+00 6.724506e-05 -2.518540e-02 5.884520e-05 -6.724601e-05 1.000000e+00 1.526310e+00
9.999928e-01 6.808868e-04 -3.722496e-03 -3.090159e-01 -6.804171e-04 9.999998e-01 1.274488e-04 -2.760577e-02 3.722581e-03 -1.249157e-04 9.999931e-01 2.313362e+00
9.999999e-01 6.854847e-05 4.448709e-04 -3.975381e-01 -6.853124e-05 1.000000e+00 -3.867193e-05 -3.812999e-02 -4.448732e-04 3.864215e-05 9.999999e-01 3.216948e+00
9.999888e-01 4.070946e-04 -4.716003e-03 -6.081462e-01 -4.036523e-04 9.999997e-01 7.308601e-04 -3.916234e-02 4.716298e-03 -7.289490e-04 9.999886e-01 3.306291e+00
1.000000e+00 1.027260e-04 2.253976e-04 -7.036124e-01 -1.026889e-04 1.000000e+00 -1.642587e-04 -4.935759e-02 -2.254142e-04 1.642363e-04 1.000000e+00 3.632997e+00
9.999888e-01 3.884789e-04 -4.725054e-03 -7.859512e-01 -3.858711e-04 9.999998e-01 5.528121e-04 -5.796775e-02 4.725267e-03 -5.509833e-04 9.999887e-01 4.119039e+00
9.999999e-01 1.686679e-04 4.845981e-04 -8.748069e-01 -1.685787e-04 1.000000e+00 -1.841361e-04 -6.811821e-02 -4.846288e-04 1.840551e-04 9.999999e-01 4.684747e+00
9.999912e-01 5.096394e-04 -4.171230e-03 -9.982043e-01 -5.081715e-04 9.999998e-01 3.529660e-04 -7.582949e-02 4.171409e-03 -3.508439e-04 9.999912e-01 5.492880e+00
1.000000e+00 1.103792e-04 1.695770e-04 -1.115338e+00 -1.103621e-04 1.000000e+00 -1.002178e-04 -8.315646e-02 -1.695877e-04 1.001998e-04 1.000000e+00 6.178815e+00
9.999918e-01 5.622575e-04 -3.998959e-03 -1.184279e+00 -5.609127e-04 9.999998e-01 3.374318e-04 -9.397785e-02 3.999148e-03 -3.351867e-04 9.999919e-01 6.903713e+00
1.000000e+00 4.006289e-05 7.646659e-05 -1.331019e+00 -4.005942e-05 1.000000e+00 -4.493116e-05 -1.024192e-01 -7.646805e-05 4.492881e-05 1.000000e+00 7.574485e+00
9.999901e-01 4.423639e-04 -4.435909e-03 -1.565735e+00 -4.396472e-04 9.999997e-01 6.134050e-04 -1.028195e-01 4.436178e-03 -6.114494e-04 9.999900e-01 7.863773e+00
9.999997e-01 9.782918e-05 7.615864e-04 -1.620047e+00 -9.788795e-05 1.000000e+00 7.717708e-05 -1.094724e-01 -7.615785e-04 -7.725089e-05 9.999997e-01 7.976803e+00
9.999854e-01 3.382716e-04 -5.402289e-03 -1.884364e+00 -3.349000e-04 9.999997e-01 6.250073e-04 -1.081867e-01 5.402499e-03 -6.231896e-04 9.999852e-01 8.169010e+00
9.999997e-01 1.459621e-04 7.285538e-04 -2.155862e+00 -1.459984e-04 1.000000e+00 4.985417e-05 -1.038492e-01 -7.285462e-04 -4.995981e-05 9.999997e-01 8.458144e+00
9.999874e-01 2.545196e-04 -5.020658e-03 -2.396152e+00 -2.487380e-04 9.999993e-01 1.152154e-03 -9.421570e-02 5.020947e-03 -1.150891e-03 9.999867e-01 8.051105e+00
9.999999e-01 1.640647e-04 4.884856e-04 -2.660313e+00 -1.640375e-04 1.000000e+00 -5.554499e-05 -8.663004e-02 -4.884944e-04 5.546556e-05 9.999999e-01 7.673619e+00
9.999892e-01 3.446028e-04 -4.629862e-03 -2.770427e+00 -3.405079e-04 9.999996e-01 8.852332e-04 -8.705303e-02 4.630165e-03 -8.836478e-04 9.999889e-01 7.642678e+00
1.000000e+00 1.216589e-05 -6.594299e-05 -3.193185e+00 -1.217716e-05 1.000000e+00 -1.716601e-04 -7.831139e-02 6.594124e-05 1.716617e-04 1.000000e+00 7.866257e+00
9.999912e-01 4.947786e-04 -4.163977e-03 -3.234650e+00 -4.903181e-04 9.999993e-01 1.072159e-03 -8.137648e-02 4.164504e-03 -1.070109e-03 9.999908e-01 7.730387e+00
1.000000e+00 -1.357136e-04 -1.642221e-04 -3.528526e+00 1.357593e-04 1.000000e+00 2.780928e-04 -6.897550e-02 1.641847e-04 -2.781144e-04 9.999999e-01 7.097725e+00
9.999899e-01 5.816283e-04 -4.446964e-03 -3.621488e+00 -5.771314e-04 9.999993e-01 1.012446e-03 -6.255001e-02 4.447550e-03 -1.009870e-03 9.999896e-01 6.476654e+00
9.999990e-01 -1.317631e-04 -1.438782e-03 -3.328492e+00 1.322315e-04 9.999999e-01 3.254020e-04 -6.559024e-02 1.438739e-03 -3.255912e-04 9.999989e-01 5.924532e+00
9.999931e-01 6.715734e-04 -3.648467e-03 -3.217059e+00 -6.685905e-04 9.999994e-01 8.187560e-04 -6.738424e-02 3.649015e-03 -8.163117e-04 9.999930e-01 5.574775e+00
9.999985e-01 -2.194170e-04 -1.703559e-03 -3.297834e+00 2.192496e-04 1.000000e+00 -9.850805e-05 -7.006190e-02 1.703581e-03 9.813511e-05 9.999985e-01 5.762271e+00
9.999937e-01 6.669182e-04 -3.497610e-03 -3.253289e+00 -6.623360e-04 9.999989e-01 1.311096e-03 -7.026036e-02 3.498481e-03 -1.308772e-03 9.999930e-01 5.348319e+00
9.999994e-01 -1.358912e-04 -1.096711e-03 -3.284969e+00 1.359664e-04 1.000000e+00 6.842948e-05 -6.346898e-02 1.096702e-03 -6.857784e-05 9.999994e-01 4.807031e+00
9.999945e-01 5.738106e-04 -3.278988e-03 -3.767047e+00 -5.706020e-04 9.999994e-01 9.794241e-04 -4.338132e-02 3.279548e-03 -9.775484e-04 9.999941e-01 4.609554e+00
9.999968e-01 -3.537961e-04 -2.504995e-03 -4.575058e+00 3.538827e-04 9.999999e-01 3.410977e-05 -1.402046e-02 2.504983e-03 -3.499542e-05 9.999969e-01 4.452066e+00
9.999937e-01 5.160694e-04 -3.500159e-03 -5.359706e+00 -5.124773e-04 9.999993e-01 1.027092e-03 1.305213e-02 3.500686e-03 -1.025292e-03 9.999933e-01 4.162971e+00
9.999978e-01 -2.685548e-04 -2.084262e-03 -5.858828e+00 2.688782e-04 1.000000e+00 1.548737e-04 3.212067e-02 2.084220e-03 -1.554330e-04 9.999978e-01 3.725438e+00
9.999962e-01 5.868387e-04 -2.698535e-03 -5.954519e+00 -5.834005e-04 9.999990e-01 1.274744e-03 3.968655e-02 2.699280e-03 -1.273165e-03 9.999955e-01 2.920206e+00
9.999993e-01 -2.242214e-04 -1.161654e-03 -5.877866e+00 2.247409e-04 9.999999e-01 4.470042e-04 4.743842e-02 1.161554e-03 -4.472643e-04 9.999992e-01 1.760095e+00
9.999967e-01 5.877874e-04 -2.482394e-03 -5.859379e+00 -5.847686e-04 9.999991e-01 1.216650e-03 5.390250e-02 2.483107e-03 -1.215195e-03 9.999962e-01 6.243635e-01
9.999983e-01 -3.050521e-04 -1.797645e-03 -5.918178e+00 3.056739e-04 9.999999e-01 3.455966e-04 5.772740e-02 1.797540e-03 -3.461448e-04 9.999983e-01 -2.441442e-01
9.999939e-01 5.396066e-04 -3.457687e-03 -6.206028e+00 -5.364201e-04 9.999994e-01 9.224792e-04 6.731255e-02 3.458182e-03 -9.206195e-04 9.999936e-01 -7.253108e-01
9.999986e-01 -6.854881e-05 -1.699157e-03 -6.379554e+00 6.826676e-05 1.000000e+00 -1.660966e-04 6.923118e-02 1.699169e-03 1.659811e-04 9.999985e-01 -5.984485e-01
9.999927e-01 4.488230e-04 -3.800633e-03 -6.399090e+00 -4.442448e-04 9.999992e-01 1.205360e-03 6.786618e-02 3.801171e-03 -1.203663e-03 9.999921e-01 -6.998491e-01
9.999976e-01 -9.869553e-05 -2.170384e-03 -6.436542e+00 9.870534e-05 1.000000e+00 4.375894e-06 7.027134e-02 2.170384e-03 -4.589402e-06 9.999976e-01 -9.707210e-01
9.999941e-01 3.983727e-04 -3.404105e-03 -6.414770e+00 -3.938464e-04 9.999990e-01 1.330246e-03 7.173572e-02 3.404632e-03 -1.328898e-03 9.999933e-01 -1.498816e+00
9.999977e-01 -1.227014e-04 -2.133509e-03 -6.561738e+00 1.225621e-04 1.000000e+00 -6.546827e-05 7.631851e-02 2.133517e-03 6.520734e-05 9.999977e-01 -1.920296e+00
9.999933e-01 2.988479e-04 -3.651474e-03 -6.940394e+00 -2.942508e-04 9.999992e-01 1.259467e-03 8.651984e-02 3.651847e-03 -1.258385e-03 9.999925e-01 -2.363784e+00
9.999992e-01 -8.779347e-05 -1.256542e-03 -7.099845e+00 8.797472e-05 1.000000e+00 1.441219e-04 9.195067e-02 1.256530e-03 -1.442316e-04 9.999992e-01 -3.035214e+00
9.999926e-01 2.485156e-04 -3.849540e-03 -7.445709e+00 -2.438537e-04 9.999992e-01 1.211467e-03 1.000406e-01 3.849837e-03 -1.210520e-03 9.999919e-01 -3.716294e+00
9.999989e-01 2.270529e-05 -1.464511e-03 -7.575114e+00 -2.279099e-05 1.000000e+00 -5.856735e-05 1.008350e-01 1.464510e-03 5.860137e-05 9.999989e-01 -4.097560e+00
9.999871e-01 2.560260e-04 -5.077931e-03 -7.778690e+00 -2.500896e-04 9.999993e-01 1.169669e-03 1.055781e-01 5.078227e-03 -1.168384e-03 9.999864e-01 -4.212862e+00
9.999986e-01 -3.692161e-05 -1.675779e-03 -8.039309e+00 3.658951e-05 1.000000e+00 -1.982681e-04 1.111788e-01 1.675787e-03 1.982073e-04 9.999986e-01 -4.274782e+00
9.999902e-01 3.581758e-04 -4.415962e-03 -8.248842e+00 -3.536444e-04 9.999994e-01 1.026908e-03 1.152413e-01 4.416326e-03 -1.025337e-03 9.999897e-01 -4.170268e+00
9.999992e-01 1.841493e-05 -1.290448e-03 -8.583115e+00 -1.884554e-05 9.999999e-01 -3.337556e-04 1.236907e-01 1.290442e-03 3.337803e-04 9.999991e-01 -3.946253e+00
9.999914e-01 4.087736e-04 -4.117718e-03 -8.719890e+00 -4.046156e-04 9.999994e-01 1.010579e-03 1.213546e-01 4.118129e-03 -1.008905e-03 9.999910e-01 -3.714330e+00
9.999981e-01 -5.968293e-05 -1.924622e-03 -9.053763e+00 5.943061e-05 1.000000e+00 -1.312108e-04 1.292283e-01 1.924630e-03 1.310969e-04 9.999981e-01 -3.574736e+00
9.999933e-01 2.499895e-04 -3.647956e-03 -9.488363e+00 -2.451393e-04 9.999991e-01 1.329957e-03 1.410448e-01 3.648285e-03 -1.329054e-03 9.999925e-01 -4.026511e+00
9.999999e-01 5.797665e-05 -4.166129e-04 -9.650779e+00 -5.790418e-05 1.000000e+00 1.737109e-04 1.462334e-01 4.166233e-04 -1.736861e-04 9.999999e-01 -4.923562e+00
9.999922e-01 3.724406e-04 -3.920888e-03 -9.539739e+00 -3.676346e-04 9.999992e-01 1.226414e-03 1.474025e-01 3.921342e-03 -1.224963e-03 9.999916e-01 -5.609927e+00
9.999996e-01 3.477094e-06 -9.480756e-04 -9.556633e+00 -3.317386e-06 1.000000e+00 1.683395e-04 1.467776e-01 9.480765e-04 -1.683355e-04 9.999995e-01 -6.232670e+00
9.999962e-01 1.888904e-04 -2.753671e-03 -9.735711e+00 -1.852490e-04 9.999991e-01 1.322632e-03 1.506991e-01 2.753918e-03 -1.322117e-03 9.999953e-01 -7.131613e+00
9.999979e-01 7.077020e-05 -2.026886e-03 -1.000743e+01 -7.083651e-05 1.000000e+00 -3.269808e-05 1.555264e-01 2.026884e-03 3.284230e-05 9.999979e-01 -7.664755e+00
9.999570e-01 7.901611e-04 -9.241290e-03 -9.113752e+00 -7.765287e-04 9.999986e-01 1.478670e-03 1.508915e-01 9.242445e-03 -1.471431e-03 9.999562e-01 -8.340326e+00
9.999768e-01 -4.409446e-04 6.801337e-03 -9.266766e+00 4.386753e-04 9.999998e-01 3.351569e-04 1.596367e-01 -6.801483e-03 -3.321648e-04 9.999768e-01 -9.677387e+00
9.999510e-01 7.730578e-04 -9.869225e-03 -9.435720e+00 -7.596504e-04 9.999988e-01 1.362188e-03 1.664540e-01 9.870266e-03 -1.354625e-03 9.999504e-01 -1.084504e+01
9.999885e-01 -4.386645e-04 4.776034e-03 -9.626753e+00 4.416308e-04 9.999997e-01 -6.200018e-04 1.609150e-01 -4.775761e-03 6.221046e-04 9.999884e-01 -1.081809e+01
9.999452e-01 8.677931e-04 -1.043322e-02 -9.615186e+00 -8.562949e-04 9.999990e-01 1.106503e-03 1.523505e-01 1.043417e-02 -1.097509e-03 9.999450e-01 -1.044346e+01
9.999743e-01 -5.460656e-04 7.151521e-03 -9.706205e+00 5.427795e-04 9.999997e-01 4.614381e-04 1.568935e-01 -7.151770e-03 -4.575439e-04 9.999743e-01 -1.145452e+01
9.997045e-01 2.638934e-03 -2.416379e-02 -8.098394e+00 -2.586054e-03 9.999942e-01 2.219399e-03 1.494013e-01 2.416951e-02 -2.156255e-03 9.997055e-01 -1.243855e+01
9.999720e-01 -1.357035e-03 7.360376e-03 -6.567392e+00 1.358571e-03 9.999991e-01 -2.037054e-04 1.470294e-01 -7.360092e-03 2.137000e-04 9.999729e-01 -1.351887e+01
9.999497e-01 1.716510e-03 -9.885824e-03 -6.736400e+00 -1.696560e-03 9.999965e-01 2.026104e-03 1.558786e-01 9.889267e-03 -2.009231e-03 9.999491e-01 -1.488326e+01
9.999791e-01 -1.286796e-03 6.340026e-03 -6.725519e+00 1.289287e-03 9.999991e-01 -3.887987e-04 1.610516e-01 -6.339520e-03 3.969654e-04 9.999798e-01 -1.597488e+01
9.998675e-01 2.373852e-03 -1.610220e-02 -5.986775e+00 -2.337755e-03 9.999947e-01 2.260184e-03 1.576722e-01 1.610748e-02 -2.222242e-03 9.998678e-01 -1.660029e+01
9.999569e-01 -1.846198e-03 9.095292e-03 -5.654350e+00 1.852155e-03 9.999981e-01 -6.465144e-04 1.593036e-01 -9.094080e-03 6.633332e-04 9.999584e-01 -1.737212e+01
9.998516e-01 2.773359e-03 -1.700169e-02 -5.270193e+00 -2.737806e-03 9.999940e-01 2.114040e-03 1.649476e-01 1.700745e-02 -2.067179e-03 9.998532e-01 -1.787136e+01
9.999185e-01 -2.511532e-03 1.252034e-02 -5.437901e+00 2.519632e-03 9.999966e-01 -6.312652e-04 1.745575e-01 -1.251871e-02 6.627611e-04 9.999214e-01 -1.875655e+01
9.998334e-01 3.007199e-03 -1.800087e-02 -5.445264e+00 -2.966445e-03 9.999930e-01 2.290293e-03 1.864987e-01 1.800763e-02 -2.236514e-03 9.998353e-01 -1.948973e+01
9.998870e-01 -2.757132e-03 1.477683e-02 -5.687775e+00 2.764775e-03 9.999961e-01 -4.968623e-04 1.960881e-01 -1.477540e-02 5.376615e-04 9.998907e-01 -2.067751e+01
9.998240e-01 3.036303e-03 -1.851108e-02 -5.889731e+00 -2.997874e-03 9.999933e-01 2.103432e-03 2.016854e-01 1.851734e-02 -2.047569e-03 9.998264e-01 -2.161355e+01
9.998955e-01 -2.932231e-03 1.415478e-02 -6.408236e+00 2.940245e-03 9.999955e-01 -5.453980e-04 2.161511e-01 -1.415312e-02 5.869602e-04 9.998997e-01 -2.243535e+01
9.998259e-01 2.893262e-03 -1.843392e-02 -7.089711e+00 -2.852213e-03 9.999934e-01 2.252747e-03 2.379905e-01 1.844032e-02 -2.199778e-03 9.998275e-01 -2.351293e+01
9.999022e-01 -2.857853e-03 1.369280e-02 -7.799395e+00 2.867478e-03 9.999957e-01 -6.832819e-04 2.601930e-01 -1.369078e-02 7.224795e-04 9.999060e-01 -2.431496e+01
9.998470e-01 2.990097e-03 -1.723648e-02 -8.167081e+00 -2.948223e-03 9.999926e-01 2.454279e-03 2.721677e-01 1.724369e-02 -2.403087e-03 9.998484e-01 -2.550394e+01
9.999051e-01 -2.837465e-03 1.348062e-02 -8.669731e+00 2.848994e-03 9.999956e-01 -8.361346e-04 2.894887e-01 -1.347819e-02 8.744622e-04 9.999088e-01 -2.645106e+01
9.998458e-01 2.927897e-03 -1.731266e-02 -9.257206e+00 -2.883296e-03 9.999925e-01 2.600646e-03 3.082360e-01 1.732015e-02 -2.550329e-03 9.998467e-01 -2.764756e+01
9.999012e-01 -2.769714e-03 1.378369e-02 -9.742746e+00 2.782281e-03 9.999957e-01 -8.925570e-04 3.257159e-01 -1.378116e-02 9.308195e-04 9.999046e-01 -2.870127e+01
9.998356e-01 2.918786e-03 -1.789524e-02 -1.031131e+01 -2.873932e-03 9.999927e-01 2.531697e-03 3.440057e-01 1.790250e-02 -2.479852e-03 9.998367e-01 -2.971154e+01
9.999019e-01 -2.497189e-03 1.378295e-02 -1.076517e+01 2.513193e-03 9.999962e-01 -1.143981e-03 3.661828e-01 -1.378004e-02 1.178508e-03 9.999044e-01 -3.026418e+01
9.998509e-01 2.988385e-03 -1.700784e-02 -1.081873e+01 -2.939980e-03 9.999916e-01 2.870369e-03 3.751071e-01 1.701627e-02 -2.819939e-03 9.998512e-01 -3.136600e+01
9.999333e-01 -2.347575e-03 1.130912e-02 -1.121424e+01 2.362112e-03 9.999964e-01 -1.272248e-03 4.144179e-01 -1.130609e-02 1.298877e-03 9.999352e-01 -3.175739e+01
9.998960e-01 2.563390e-03 -1.418893e-02 -1.162194e+01 -2.518294e-03 9.999917e-01 3.195192e-03 4.320117e-01 1.419700e-02 -3.159128e-03 9.998942e-01 -3.320239e+01
9.999498e-01 -2.049940e-03 9.811382e-03 -1.162856e+01 2.066572e-03 9.999964e-01 -1.685316e-03 4.414683e-01 -9.807892e-03 1.705508e-03 9.999504e-01 -3.409208e+01
9.998687e-01 2.638707e-03 -1.598553e-02 -1.157709e+01 -2.585806e-03 9.999911e-01 3.329071e-03 4.576928e-01 1.599417e-02 -3.287300e-03 9.998667e-01 -3.467347e+01
9.999452e-01 -2.163182e-03 1.024094e-02 -1.142371e+01 2.178977e-03 9.999965e-01 -1.531394e-03 4.686159e-01 -1.023759e-02 1.553625e-03 9.999464e-01 -3.550605e+01
9.998875e-01 2.699447e-03 -1.475679e-02 -1.160073e+01 -2.653871e-03 9.999917e-01 3.107245e-03 4.889770e-01 1.476506e-02 -3.067733e-03 9.998863e-01 -3.618092e+01
9.999721e-01 -2.005242e-03 7.198541e-03 -1.130638e+01 2.016187e-03 9.999968e-01 -1.513522e-03 4.935364e-01 -7.195483e-03 1.527994e-03 9.999729e-01 -3.650323e+01
9.998623e-01 2.552768e-03 -1.639481e-02 -1.083431e+01 -2.494141e-03 9.999904e-01 3.595447e-03 4.939971e-01 1.640383e-02 -3.554062e-03 9.998591e-01 -3.682482e+01
9.999556e-01 -2.055420e-03 9.200089e-03 -1.052771e+01 2.074494e-03 9.999957e-01 -2.064206e-03 4.900473e-01 -9.195806e-03 2.083201e-03 9.999555e-01 -3.725989e+01
9.998170e-01 2.943196e-03 -1.890147e-02 -1.018421e+01 -2.875306e-03 9.999893e-01 3.618007e-03 4.831346e-01 1.891191e-02 -3.562998e-03 9.998148e-01 -3.708070e+01
9.999283e-01 -2.191649e-03 1.177613e-02 -1.059100e+01 2.219060e-03 9.999949e-01 -2.315075e-03 5.170610e-01 -1.177100e-02 2.341042e-03 9.999280e-01 -3.652392e+01
9.997573e-01 3.022033e-03 -2.182122e-02 -1.025712e+01 -2.935385e-03 9.999877e-01 4.001752e-03 5.163957e-01 2.183304e-02 -3.936728e-03 9.997539e-01 -3.641051e+01
9.998900e-01 -2.240406e-03 1.466358e-02 -1.054352e+01 2.280058e-03 9.999938e-01 -2.687952e-03 5.398024e-01 -1.465747e-02 2.721091e-03 9.998889e-01 -3.613925e+01
9.997234e-01 2.912651e-03 -2.333897e-02 -1.029547e+01 -2.810662e-03 9.999864e-01 4.401525e-03 5.471030e-01 2.335147e-02 -4.334710e-03 9.997179e-01 -3.617379e+01
9.998773e-01 -2.353674e-03 1.548534e-02 -1.004024e+01 2.398974e-03 9.999929e-01 -2.907394e-03 5.461020e-01 -1.547838e-02 2.944186e-03 9.998759e-01 -3.655460e+01
9.997744e-01 2.837752e-03 -2.104861e-02 -1.012708e+01 -2.749835e-03 9.999874e-01 4.204637e-03 5.527663e-01 2.106028e-02 -4.145809e-03 9.997696e-01 -3.696744e+01
9.998784e-01 -2.590144e-03 1.537502e-02 -1.036809e+01 2.629103e-03 9.999934e-01 -2.514234e-03 5.670768e-01 -1.536840e-02 2.554352e-03 9.998786e-01 -3.763121e+01
9.998080e-01 2.950228e-03 -1.936924e-02 -1.049874e+01 -2.870524e-03 9.999873e-01 4.141491e-03 5.753584e-01 1.938121e-02 -4.085097e-03 9.998038e-01 -3.865323e+01
9.999005e-01 -2.671025e-03 1.385464e-02 -1.044959e+01 2.704543e-03 9.999935e-01 -2.401050e-03 5.811531e-01 -1.384814e-02 2.438283e-03 9.999011e-01 -3.944738e+01
9.998092e-01 2.981223e-03 -1.930445e-02 -1.052500e+01 -2.905089e-03 9.999879e-01 3.970693e-03 5.883641e-01 1.931605e-02 -3.913855e-03 9.998058e-01 -4.023852e+01
9.999380e-01 -2.526988e-03 1.084457e-02 -1.031577e+01 2.552411e-03 9.999940e-01 -2.331074e-03 5.892577e-01 -1.083862e-02 2.358610e-03 9.999385e-01 -4.041395e+01
9.998251e-01 2.969461e-03 -1.846547e-02 -1.035447e+01 -2.903768e-03 9.999894e-01 3.583446e-03 5.952220e-01 1.847591e-02 -3.529201e-03 9.998231e-01 -4.035943e+01
9.999470e-01 -2.344164e-03 1.002485e-02 -1.039091e+01 2.366185e-03 9.999948e-01 -2.185267e-03 6.100722e-01 -1.001968e-02 2.208873e-03 9.999474e-01 -4.014502e+01
9.998715e-01 2.539176e-03 -1.582622e-02 -1.074836e+01 -2.479562e-03 9.999898e-01 3.785329e-03 6.309818e-01 1.583567e-02 -3.745602e-03 9.998676e-01 -4.059236e+01
9.999353e-01 -2.469574e-03 1.110717e-02 -1.162797e+01 2.493402e-03 9.999946e-01 -2.131876e-03 6.624808e-01 -1.110185e-02 2.159433e-03 9.999360e-01 -4.156464e+01
9.998579e-01 2.770087e-03 -1.662815e-02 -1.215754e+01 -2.713195e-03 9.999904e-01 3.443012e-03 6.833778e-01 1.663753e-02 -3.397408e-03 9.998558e-01 -4.207745e+01
9.999402e-01 -2.325483e-03 1.068319e-02 -1.228245e+01 2.348424e-03 9.999950e-01 -2.135361e-03 6.942203e-01 -1.067817e-02 2.160323e-03 9.999407e-01 -4.238376e+01
9.998251e-01 3.177722e-03 -1.843075e-02 -1.235846e+01 -3.116672e-03 9.999896e-01 3.340221e-03 7.093382e-01 1.844117e-02 -3.282195e-03 9.998246e-01 -4.208906e+01
9.999511e-01 -2.398683e-03 9.593176e-03 -1.256633e+01 2.416862e-03 9.999953e-01 -1.883785e-03 7.442207e-01 -9.588612e-03 1.906879e-03 9.999522e-01 -4.172088e+01
9.998213e-01 3.074606e-03 -1.865109e-02 -1.291376e+01 -3.010477e-03 9.999895e-01 3.465485e-03 7.925805e-01 1.866155e-02 -3.408718e-03 9.998200e-01 -4.121783e+01
9.999303e-01 -2.175107e-03 1.160516e-02 -1.374772e+01 2.201008e-03 9.999951e-01 -2.219531e-03 8.618917e-01 -1.160027e-02 2.244920e-03 9.999302e-01 -4.054385e+01
9.997898e-01 3.011939e-03 -2.028257e-02 -1.394307e+01 -2.939724e-03 9.999892e-01 3.589309e-03 9.004641e-01 2.029316e-02 -3.528930e-03 9.997878e-01 -4.005479e+01
9.999541e-01 -1.897743e-03 9.395814e-03 -1.386367e+01 1.917978e-03 9.999959e-01 -2.144994e-03 9.343122e-01 -9.391704e-03 2.162917e-03 9.999536e-01 -3.968933e+01
9.997975e-01 2.717112e-03 -1.993703e-02 -1.375939e+01 -2.641893e-03 9.999893e-01 3.798207e-03 9.630243e-01 1.994714e-02 -3.744767e-03 9.997940e-01 -3.951867e+01
9.998834e-01 -2.401289e-03 1.508198e-02 -1.408036e+01 2.435661e-03 9.999945e-01 -2.260977e-03 9.832881e-01 -1.507646e-02 2.297448e-03 9.998837e-01 -4.036838e+01
9.998050e-01 2.790842e-03 -1.954849e-02 -1.446516e+01 -2.718312e-03 9.999893e-01 3.735835e-03 1.001261e+00 1.955871e-02 -3.681969e-03 9.998019e-01 -4.116701e+01
9.999147e-01 -2.272181e-03 1.285859e-02 -1.443444e+01 2.306151e-03 9.999939e-01 -2.627587e-03 1.003224e+00 -1.285254e-02 2.657018e-03 9.999139e-01 -4.129086e+01
9.997769e-01 2.825154e-03 -2.093093e-02 -1.421575e+01 -2.743125e-03 9.999884e-01 3.946728e-03 9.965766e-01 2.094184e-02 -3.888432e-03 9.997731e-01 -4.101905e+01
9.998675e-01 -2.290790e-03 1.611383e-02 -1.433763e+01 2.331103e-03 9.999942e-01 -2.483395e-03 1.006124e+00 -1.610805e-02 2.520630e-03 9.998671e-01 -4.170516e+01
9.997903e-01 2.637188e-03 -2.030889e-02 -1.470428e+01 -2.553385e-03 9.999881e-01 4.151254e-03 1.023130e+00 2.031960e-02 -4.098527e-03 9.997851e-01 -4.267047e+01
9.998703e-01 -2.235952e-03 1.594671e-02 -1.503262e+01 2.279467e-03 9.999937e-01 -2.711148e-03 1.038003e+00 -1.594055e-02 2.747148e-03 9.998692e-01 -4.348541e+01
9.997655e-01 2.754828e-03 -2.147744e-02 -1.501817e+01 -2.673090e-03 9.999891e-01 3.833537e-03 1.039183e+00 2.148776e-02 -3.775228e-03 9.997620e-01 -4.379416e+01
9.998838e-01 -2.167320e-03 1.508735e-02 -1.503387e+01 2.210736e-03 9.999935e-01 -2.861553e-03 1.042222e+00 -1.508105e-02 2.894575e-03 9.998821e-01 -4.360662e+01
9.997029e-01 2.951258e-03 -2.419590e-02 -1.477595e+01 -2.852327e-03 9.999874e-01 4.122264e-03 1.045482e+00 2.420776e-02 -4.052025e-03 9.996987e-01 -4.342048e+01
9.998850e-01 -2.333943e-03 1.498214e-02 -1.438918e+01 2.369920e-03 9.999943e-01 -2.383997e-03 1.054627e+00 -1.497649e-02 2.419230e-03 9.998849e-01 -4.352114e+01
9.996823e-01 3.353918e-03 -2.497978e-02 -1.440110e+01 -3.255987e-03 9.999869e-01 3.960031e-03 1.092247e+00 2.499273e-02 -3.877440e-03 9.996801e-01 -4.327518e+01
9.999092e-01 -2.751374e-03 1.319241e-02 -1.414307e+01 2.780587e-03 9.999937e-01 -2.196526e-03 1.108129e+00 -1.318628e-02 2.233010e-03 9.999106e-01 -4.300414e+01
9.996758e-01 3.676097e-03 -2.519393e-02 -1.363231e+01 -3.580034e-03 9.999862e-01 3.857032e-03 1.103030e+00 2.520776e-02 -3.765587e-03 9.996751e-01 -4.287072e+01
9.999060e-01 -2.946850e-03 1.339001e-02 -1.301822e+01 2.979734e-03 9.999926e-01 -2.436534e-03 1.085434e+00 -1.338273e-02 2.476205e-03 9.999074e-01 -4.273850e+01
9.997216e-01 3.723124e-03 -2.329998e-02 -1.278761e+01 -3.635557e-03 9.999862e-01 3.799474e-03 1.085010e+00 2.331380e-02 -3.713709e-03 9.997213e-01 -4.241493e+01
9.999175e-01 -3.009648e-03 1.248620e-02 -1.224878e+01 3.040760e-03 9.999923e-01 -2.473439e-03 1.063928e+00 -1.247866e-02 2.511203e-03 9.999190e-01 -4.217362e+01
9.997261e-01 3.656722e-03 -2.311750e-02 -1.174677e+01 -3.571789e-03 9.999867e-01 3.714182e-03 1.042321e+00 2.313077e-02 -3.630594e-03 9.997259e-01 -4.195733e+01
9.999261e-01 -2.851780e-03 1.182162e-02 -1.116549e+01 2.879444e-03 9.999932e-01 -2.323771e-03 1.021152e+00 -1.181491e-02 2.357640e-03 9.999274e-01 -4.181319e+01
9.997409e-01 3.398886e-03 -2.250705e-02 -1.059148e+01 -3.320354e-03 9.999883e-01 3.525644e-03 9.981543e-01 2.251877e-02 -3.449999e-03 9.997405e-01 -4.169575e+01
9.999512e-01 -2.450173e-03 9.568475e-03 -9.903866e+00 2.469946e-03 9.999948e-01 -2.055198e-03 9.743634e-01 -9.563389e-03 2.078732e-03 9.999521e-01 -4.156112e+01
9.997621e-01 3.129291e-03 -2.158402e-02 -9.200657e+00 -3.060255e-03 9.999901e-01 3.230762e-03 9.497729e-01 2.159391e-02 -3.163941e-03 9.997618e-01 -4.134665e+01
9.998798e-01 -2.603121e-03 1.528275e-02 -9.135059e+00 2.639979e-03 9.999937e-01 -2.392036e-03 9.416573e-01 -1.527642e-02 2.432095e-03 9.998804e-01 -4.121888e+01
9.997375e-01 3.178254e-03 -2.269140e-02 -8.844176e+00 -3.099658e-03 9.999891e-01 3.498021e-03 9.280975e-01 2.270227e-02 -3.426768e-03 9.997364e-01 -4.105084e+01
9.998521e-01 -2.529234e-03 1.701126e-02 -8.791370e+00 2.574878e-03 9.999931e-01 -2.661771e-03 9.212708e-01 -1.700441e-02 2.705180e-03 9.998518e-01 -4.083281e+01
9.997410e-01 3.198489e-03 -2.253064e-02 -8.667848e+00 -3.124692e-03 9.999896e-01 3.309882e-03 9.108391e-01 2.254100e-02 -3.238625e-03 9.997407e-01 -4.049728e+01
9.998689e-01 -2.657075e-03 1.597362e-02 -8.504540e+00 2.691161e-03 9.999941e-01 -2.112732e-03 9.068285e-01 -1.596791e-02 2.155443e-03 9.998702e-01 -4.052532e+01
9.997713e-01 3.145724e-03 -2.115220e-02 -8.824446e+00 -3.078709e-03 9.999901e-01 3.200047e-03 9.174514e-01 2.116206e-02 -3.134194e-03 9.997711e-01 -4.059633e+01
9.998649e-01 -2.644685e-03 1.622280e-02 -9.213952e+00 2.688045e-03 9.999929e-01 -2.651568e-03 9.232853e-01 -1.621567e-02 2.694818e-03 9.998649e-01 -4.021305e+01
9.997537e-01 3.032980e-03 -2.198582e-02 -9.784662e+00 -2.956973e-03 9.999895e-01 3.488828e-03 9.397073e-01 2.199617e-02 -3.422958e-03 9.997522e-01 -4.003090e+01
9.998656e-01 -2.635201e-03 1.618408e-02 -1.043061e+01 2.672971e-03 9.999938e-01 -2.312604e-03 9.618815e-01 -1.617788e-02 2.355553e-03 9.998664e-01 -4.024744e+01
9.997737e-01 2.913105e-03 -2.107427e-02 -1.098437e+01 -2.836298e-03 9.999892e-01 3.673591e-03 9.835459e-01 2.108475e-02 -3.612987e-03 9.997712e-01 -4.092270e+01
9.998746e-01 -2.678857e-03 1.560573e-02 -1.152261e+01 2.714021e-03 9.999938e-01 -2.232477e-03 1.003173e+00 -1.559966e-02 2.274552e-03 9.998757e-01 -4.153522e+01
9.997623e-01 2.984395e-03 -2.159503e-02 -1.211536e+01 -2.911540e-03 9.999900e-01 3.404329e-03 1.023208e+00 2.160498e-02 -3.340645e-03 9.997610e-01 -4.184382e+01
9.998721e-01 -2.575794e-03 1.578285e-02 -1.254182e+01 2.612623e-03 9.999939e-01 -2.313254e-03 1.036716e+00 -1.577680e-02 2.354193e-03 9.998728e-01 -4.192840e+01
9.997591e-01 3.005671e-03 -2.174109e-02 -1.298703e+01 -2.931327e-03 9.999898e-01 3.450591e-03 1.052420e+00 2.175124e-02 -3.386030e-03 9.997577e-01 -4.212018e+01
9.999013e-01 -2.388182e-03 1.384405e-02 -1.270064e+01 2.424640e-03 9.999936e-01 -2.617297e-03 1.034165e+00 -1.383771e-02 2.650607e-03 9.999007e-01 -4.190736e+01
9.996777e-01 3.175937e-03 -2.518914e-02 -1.208848e+01 -3.083116e-03 9.999883e-01 3.722961e-03 1.001484e+00 2.520067e-02 -3.644100e-03 9.996758e-01 -4.158052e+01
9.999214e-01 -2.329717e-03 1.231776e-02 -1.138705e+01 2.359368e-03 9.999944e-01 -2.393169e-03 9.748384e-01 -1.231211e-02 2.422043e-03 9.999213e-01 -4.137221e+01
9.997140e-01 3.143535e-03 -2.370931e-02 -1.084265e+01 -3.056468e-03 9.999885e-01 3.707607e-03 9.557689e-01 2.372069e-02 -3.634081e-03 9.997120e-01 -4.117045e+01
9.999115e-01 -2.349687e-03 1.309829e-02 -1.044329e+01 2.377112e-03 9.999950e-01 -2.078607e-03 9.566039e-01 -1.309334e-02 2.109559e-03 9.999121e-01 -4.111403e+01
9.997253e-01 2.933851e-03 -2.325187e-02 -9.854082e+00 -2.852153e-03 9.999896e-01 3.546006e-03 9.455844e-01 2.326203e-02 -3.478715e-03 9.997234e-01 -4.130288e+01
9.998955e-01 -2.301990e-03 1.426897e-02 -9.420790e+00 2.335346e-03 9.999946e-01 -2.321436e-03 9.301311e-01 -1.426355e-02 2.354517e-03 9.998955e-01 -4.128671e+01
9.996815e-01 3.030686e-03 -2.505501e-02 -8.835517e+00 -2.944212e-03 9.999896e-01 3.487560e-03 9.079093e-01 2.506532e-02 -3.412683e-03 9.996800e-01 -4.115022e+01
9.998814e-01 -1.930112e-03 1.528241e-02 -8.742178e+00 1.964576e-03 9.999956e-01 -2.240437e-03 9.225128e-01 -1.527802e-02 2.270195e-03 9.998807e-01 -4.075513e+01
9.996841e-01 2.613215e-03 -2.499781e-02 -8.629637e+00 -2.515332e-03 9.999890e-01 3.946316e-03 9.424245e-01 2.500785e-02 -3.882192e-03 9.996797e-01 -4.042580e+01
9.998958e-01 -1.869635e-03 1.431649e-02 -8.063547e+00 1.909270e-03 9.999944e-01 -2.755342e-03 9.198881e-01 -1.431125e-02 2.782390e-03 9.998937e-01 -4.034221e+01
9.996332e-01 2.657976e-03 -2.695150e-02 -7.365367e+00 -2.546160e-03 9.999880e-01 4.182264e-03 8.961581e-01 2.696229e-02 -4.112108e-03 9.996280e-01 -4.022944e+01
9.998962e-01 -1.754793e-03 1.430045e-02 -6.694923e+00 1.793422e-03 9.999948e-01 -2.688866e-03 8.812235e-01 -1.429566e-02 2.714234e-03 9.998941e-01 -4.022761e+01
9.996359e-01 2.761512e-03 -2.684256e-02 -6.053783e+00 -2.645436e-03 9.999870e-01 4.358909e-03 8.734495e-01 2.685425e-02 -4.286312e-03 9.996302e-01 -4.022473e+01
9.999122e-01 -1.949503e-03 1.310932e-02 -5.317359e+00 1.985467e-03 9.999943e-01 -2.730899e-03 8.560434e-01 -1.310392e-02 2.756688e-03 9.999103e-01 -4.010440e+01
9.996507e-01 2.844150e-03 -2.627619e-02 -4.591237e+00 -2.743932e-03 9.999888e-01 3.849289e-03 8.262116e-01 2.628684e-02 -3.775845e-03 9.996473e-01 -3.992277e+01
9.999202e-01 -1.929756e-03 1.248592e-02 -3.747436e+00 1.962906e-03 9.999946e-01 -2.643240e-03 7.892459e-01 -1.248075e-02 2.667539e-03 9.999186e-01 -3.964724e+01
9.997698e-01 2.514474e-03 -2.130855e-02 -3.416042e+00 -2.435051e-03 9.999900e-01 3.752433e-03 7.676726e-01 2.131777e-02 -3.699682e-03 9.997659e-01 -3.934017e+01
9.998983e-01 -2.044061e-03 1.411733e-02 -3.438557e+00 2.080533e-03 9.999945e-01 -2.569201e-03 7.680993e-01 -1.411200e-02 2.598312e-03 9.998970e-01 -3.930925e+01
9.998167e-01 2.424795e-03 -1.899224e-02 -3.459501e+00 -2.346852e-03 9.999887e-01 4.125164e-03 7.721554e-01 1.900203e-02 -4.079836e-03 9.998111e-01 -4.006982e+01
9.999588e-01 -1.275559e-03 8.992820e-03 -2.603704e+00 1.293376e-03 9.999972e-01 -1.975624e-03 7.685668e-01 -8.990275e-03 1.987174e-03 9.999576e-01 -4.079651e+01
9.997339e-01 2.121471e-03 -2.297170e-02 -1.486712e+00 -2.031280e-03 9.999901e-01 3.948801e-03 7.658207e-01 2.297985e-02 -3.901089e-03 9.997283e-01 -4.151255e+01
9.998526e-01 -1.752261e-03 1.707726e-02 -1.595138e+00 1.790551e-03 9.999959e-01 -2.227123e-03 7.759600e-01 -1.707329e-02 2.257373e-03 9.998517e-01 -4.227669e+01
9.997476e-01 1.970760e-03 -2.238068e-02 -1.722701e+00 -1.886616e-03 9.999911e-01 3.780177e-03 7.842412e-01 2.238793e-02 -3.737000e-03 9.997424e-01 -4.321337e+01
9.998921e-01 -1.487329e-03 1.461514e-02 -1.367495e+00 1.516592e-03 9.999969e-01 -1.991348e-03 7.830733e-01 -1.461213e-02 2.013299e-03 9.998912e-01 -4.382590e+01
9.997333e-01 2.172620e-03 -2.299232e-02 -9.097463e-01 -2.085431e-03 9.999905e-01 3.815399e-03 7.801568e-01 2.300039e-02 -3.766433e-03 9.997284e-01 -4.439138e+01
9.998343e-01 -1.735872e-03 1.811971e-02 -8.560716e-01 1.777211e-03 9.999959e-01 -2.265560e-03 7.813516e-01 -1.811570e-02 2.297388e-03 9.998333e-01 -4.516404e+01
9.997648e-01 2.113287e-03 -2.158337e-02 -9.935539e-01 -2.027830e-03 9.999900e-01 3.980508e-03 7.873187e-01 2.159157e-02 -3.935805e-03 9.997591e-01 -4.626260e+01
9.998401e-01 -1.767216e-03 1.779555e-02 -1.092694e+00 1.810613e-03 9.999954e-01 -2.422792e-03 7.909485e-01 -1.779119e-02 2.454626e-03 9.998387e-01 -4.716520e+01
9.997415e-01 2.304271e-03 -2.262088e-02 -1.050514e+00 -2.219075e-03 9.999904e-01 3.790647e-03 7.884641e-01 2.262939e-02 -3.739470e-03 9.997369e-01 -4.777055e+01
9.998537e-01 -1.680442e-03 1.702010e-02 -8.993233e-01 1.721572e-03 9.999956e-01 -2.402174e-03 7.834943e-01 -1.701598e-02 2.431125e-03 9.998523e-01 -4.825944e+01
9.996758e-01 2.389282e-03 -2.534839e-02 -4.754130e-01 -2.297436e-03 9.999907e-01 3.651881e-03 7.698414e-01 2.535688e-02 -3.592461e-03 9.996720e-01 -4.839412e+01
9.998103e-01 -1.902069e-03 1.938357e-02 -3.814296e-01 1.953401e-03 9.999946e-01 -2.629594e-03 7.613685e-01 -1.937846e-02 2.666959e-03 9.998087e-01 -4.844422e+01
9.996950e-01 2.315409e-03 -2.458667e-02 -3.607017e-01 -2.222911e-03 9.999904e-01 3.788811e-03 7.567860e-01 2.459520e-02 -3.733002e-03 9.996905e-01 -4.872507e+01
9.998227e-01 -1.696317e-03 1.875302e-02 -2.329182e-01 1.755540e-03 9.999935e-01 -3.142009e-03 7.407218e-01 -1.874757e-02 3.174374e-03 9.998192e-01 -4.846016e+01
9.997178e-01 2.451053e-03 -2.362888e-02 -6.488761e-02 -2.373087e-03 9.999916e-01 3.327133e-03 7.119169e-01 2.363684e-02 -3.270121e-03 9.997153e-01 -4.760339e+01
9.998396e-01 -1.742520e-03 1.782774e-02 2.020150e-01 1.799466e-03 9.999933e-01 -3.178655e-03 6.770538e-01 -1.782208e-02 3.210226e-03 9.998360e-01 -4.680287e+01
9.996809e-01 2.442252e-03 -2.514108e-02 5.397038e-01 -2.345344e-03 9.999897e-01 3.883368e-03 6.570572e-01 2.515031e-02 -3.823166e-03 9.996764e-01 -4.656483e+01
9.997929e-01 -1.892807e-03 2.026341e-02 5.651123e-01 1.955535e-03 9.999934e-01 -3.076210e-03 6.475288e-01 -2.025745e-02 3.115199e-03 9.997899e-01 -4.645803e+01
9.996900e-01 2.586963e-03 -2.476379e-02 5.917810e-01 -2.501911e-03 9.999909e-01 3.464900e-03 6.324547e-01 2.477253e-02 -3.401870e-03 9.996873e-01 -4.584222e+01
9.997913e-01 -1.942885e-03 2.033757e-02 6.374801e-01 2.005560e-03 9.999933e-01 -3.061772e-03 6.152986e-01 -2.033149e-02 3.101922e-03 9.997885e-01 -4.521520e+01
9.996839e-01 2.438051e-03 -2.502504e-02 7.455132e-01 -2.348367e-03 9.999907e-01 3.612530e-03 5.983350e-01 2.503361e-02 -3.552621e-03 9.996803e-01 -4.482898e+01
9.998160e-01 -1.884506e-03 1.909227e-02 8.796995e-01 1.943491e-03 9.999934e-01 -3.071375e-03 5.829759e-01 -1.908635e-02 3.107916e-03 9.998130e-01 -4.450739e+01
9.997102e-01 2.470922e-03 -2.394515e-02 8.477202e-01 -2.383571e-03 9.999904e-01 3.675837e-03 5.742093e-01 2.395400e-02 -3.617697e-03 9.997065e-01 -4.407076e+01
9.998187e-01 -1.905931e-03 1.894639e-02 6.813956e-01 1.963780e-03 9.999935e-01 -3.035117e-03 5.718486e-01 -1.894048e-02 3.071774e-03 9.998159e-01 -4.365345e+01
9.996921e-01 2.373213e-03 -2.469936e-02 5.707844e-01 -2.279327e-03 9.999901e-01 3.828651e-03 5.679596e-01 2.470821e-02 -3.771175e-03 9.996876e-01 -4.339725e+01
9.998302e-01 -1.674050e-03 1.835065e-02 7.201484e-01 1.732965e-03 9.999934e-01 -3.195079e-03 5.515512e-01 -1.834518e-02 3.226338e-03 9.998265e-01 -4.302642e+01
9.996192e-01 2.604266e-03 -2.747142e-02 1.178273e+00 -2.482233e-03 9.999869e-01 4.475378e-03 5.381079e-01 2.748272e-02 -4.405483e-03 9.996126e-01 -4.316696e+01
9.998053e-01 -1.823752e-03 1.964646e-02 1.633454e+00 1.887795e-03 9.999930e-01 -3.241678e-03 5.278013e-01 -1.964041e-02 3.278136e-03 9.998017e-01 -4.336684e+01
9.996789e-01 2.435774e-03 -2.522072e-02 1.912839e+00 -2.327249e-03 9.999879e-01 4.331468e-03 5.179256e-01 2.523096e-02 -4.271384e-03 9.996725e-01 -4.340364e+01
9.997807e-01 -1.693325e-03 2.087482e-02 2.345877e+00 1.777659e-03 9.999903e-01 -4.022066e-03 5.028362e-01 -2.086780e-02 4.058292e-03 9.997740e-01 -4.272496e+01
9.996376e-01 2.345694e-03 -2.681787e-02 2.698138e+00 -2.241424e-03 9.999898e-01 3.917502e-03 4.833428e-01 2.682679e-02 -3.855972e-03 9.996327e-01 -4.186342e+01
9.997424e-01 -1.902462e-03 2.261717e-02 2.967292e+00 1.964290e-03 9.999944e-01 -2.711719e-03 4.856666e-01 -2.261188e-02 2.755448e-03 9.997405e-01 -4.231625e+01
9.996659e-01 2.385885e-03 -2.573808e-02 3.092381e+00 -2.293876e-03 9.999909e-01 3.603769e-03 4.793099e-01 2.574644e-02 -3.543525e-03 9.996622e-01 -4.250250e+01
9.999155e-01 -8.832654e-04 1.296613e-02 4.155417e+00 9.105580e-04 9.999974e-01 -2.099132e-03 4.526061e-01 -1.296424e-02 2.110762e-03 9.999137e-01 -4.280853e+01
9.995837e-01 2.258297e-03 -2.876221e-02 5.357484e+00 -2.173494e-03 9.999932e-01 2.979361e-03 4.117091e-01 2.876875e-02 -2.915607e-03 9.995818e-01 -4.262060e+01
9.997120e-01 -1.744676e-03 2.393652e-02 5.518971e+00 1.799755e-03 9.999958e-01 -2.279670e-03 3.982803e-01 -2.393244e-02 2.322094e-03 9.997109e-01 -4.245580e+01
9.995818e-01 2.324067e-03 -2.882419e-02 5.704271e+00 -2.248269e-03 9.999939e-01 2.661807e-03 3.764489e-01 2.883020e-02 -2.595890e-03 9.995810e-01 -4.198416e+01
9.996645e-01 -1.499755e-03 2.585890e-02 5.902909e+00 1.580450e-03 9.999939e-01 -3.100410e-03 3.334259e-01 -2.585410e-02 3.140239e-03 9.996608e-01 -4.066811e+01
9.995837e-01 2.325380e-03 -2.875909e-02 6.009620e+00 -2.247099e-03 9.999937e-01 2.753988e-03 2.993508e-01 2.876531e-02 -2.688218e-03 9.995826e-01 -3.944989e+01
9.996954e-01 -1.577218e-03 2.462986e-02 6.130711e+00 1.643931e-03 9.999950e-01 -2.688585e-03 2.719548e-01 -2.462550e-02 2.728256e-03 9.996930e-01 -3.851036e+01
9.995252e-01 2.391499e-03 -3.071764e-02 6.361874e+00 -2.298807e-03 9.999927e-01 3.052526e-03 2.454982e-01 3.072471e-02 -2.980464e-03 9.995234e-01 -3.788311e+01
9.996546e-01 -1.920207e-03 2.621095e-02 6.453805e+00 1.976679e-03 9.999958e-01 -2.128743e-03 2.391733e-01 -2.620675e-02 2.179819e-03 9.996542e-01 -3.809497e+01
9.995044e-01 2.554256e-03 -3.137575e-02 6.652402e+00 -2.448286e-03 9.999912e-01 3.415410e-03 2.301866e-01 3.138420e-02 -3.336901e-03 9.995018e-01 -3.834517e+01
9.996579e-01 -1.821941e-03 2.609303e-02 6.944708e+00 1.879535e-03 9.999959e-01 -2.182855e-03 2.230059e-01 -2.608895e-02 2.231151e-03 9.996571e-01 -3.869160e+01
9.995282e-01 2.292698e-03 -3.062816e-02 7.144595e+00 -2.198915e-03 9.999928e-01 3.095333e-03 2.116315e-01 3.063504e-02 -3.026525e-03 9.995261e-01 -3.884167e+01
9.996961e-01 -1.645104e-03 2.459607e-02 7.431792e+00 1.703255e-03 9.999958e-01 -2.343450e-03 1.960623e-01 -2.459211e-02 2.384632e-03 9.996947e-01 -3.883960e+01
9.995251e-01 2.395081e-03 -3.072268e-02 7.691231e+00 -2.306149e-03 9.999930e-01 2.929786e-03 1.734723e-01 3.072948e-02 -2.857544e-03 9.995237e-01 -3.835545e+01
9.996401e-01 -1.717517e-03 2.677268e-02 7.777301e+00 1.792340e-03 9.999946e-01 -2.771013e-03 1.495092e-01 -2.676777e-02 2.818002e-03 9.996377e-01 -3.754834e+01
9.995286e-01 2.456627e-03 -3.060341e-02 7.872632e+00 -2.372725e-03 9.999933e-01 2.777604e-03 1.240475e-01 3.061003e-02 -2.703682e-03 9.995277e-01 -3.662586e+01
9.996588e-01 -1.627362e-03 2.606820e-02 8.022589e+00 1.698018e-03 9.999949e-01 -2.688504e-03 9.809631e-02 -2.606370e-02 2.731851e-03 9.996566e-01 -3.582177e+01
9.993503e-01 2.834419e-03 -3.592845e-02 8.718711e+00 -2.727848e-03 9.999917e-01 3.014888e-03 5.968501e-02 3.593670e-02 -2.914923e-03 9.993498e-01 -3.505412e+01
9.994608e-01 -2.003240e-03 3.277466e-02 8.839063e+00 2.110769e-03 9.999925e-01 -3.246565e-03 2.739184e-02 -3.276791e-02 3.313995e-03 9.994575e-01 -3.392648e+01
9.992256e-01 2.833270e-03 -3.924492e-02 9.166852e+00 -2.685784e-03 9.999891e-01 3.810316e-03 3.458667e-03 3.925529e-02 -3.701963e-03 9.992224e-01 -3.362723e+01
9.994838e-01 -1.822165e-03 3.207483e-02 9.742105e+00 1.910822e-03 9.999944e-01 -2.733601e-03 -7.126845e-03 -3.206967e-02 2.793480e-03 9.994817e-01 -3.401974e+01
9.992468e-01 2.650256e-03 -3.871512e-02 1.006686e+01 -2.518430e-03 9.999909e-01 3.453407e-03 -2.582472e-02 3.872392e-02 -3.353305e-03 9.992443e-01 -3.383243e+01
9.993861e-01 -2.141965e-03 3.496781e-02 1.011933e+01 2.210292e-03 9.999957e-01 -1.915431e-03 -2.487743e-02 -3.496355e-02 1.991545e-03 9.993866e-01 -3.467594e+01
9.993371e-01 2.645960e-03 -3.631013e-02 1.019683e+01 -2.508652e-03 9.999895e-01 3.826586e-03 -1.223532e-02 3.631988e-02 -3.732960e-03 9.993332e-01 -3.622725e+01
9.994248e-01 -2.160879e-03 3.384489e-02 1.017736e+01 2.223972e-03 9.999959e-01 -1.826640e-03 -1.463959e-03 -3.384081e-02 1.900860e-03 9.994254e-01 -3.771375e+01
9.992593e-01 3.174089e-03 -3.835159e-02 1.042723e+01 -3.028307e-03 9.999880e-01 3.858699e-03 7.292037e-03 3.836338e-02 -3.739701e-03 9.992569e-01 -3.914017e+01
9.992433e-01 -2.659516e-03 3.880494e-02 1.023998e+01 2.708864e-03 9.999956e-01 -1.219150e-03 2.758702e-02 -3.880152e-02 1.323346e-03 9.992461e-01 -4.152967e+01
9.992462e-01 3.160981e-03 -3.869173e-02 1.015725e+01 -3.030270e-03 9.999895e-01 3.436469e-03 4.406693e-02 3.870219e-02 -3.316632e-03 9.992453e-01 -4.342679e+01
9.993301e-01 -2.647153e-03 3.650098e-02 1.012383e+01 2.702533e-03 9.999953e-01 -1.467967e-03 5.282303e-02 -3.649692e-02 1.565629e-03 9.993325e-01 -4.489411e+01
9.992921e-01 3.270841e-03 -3.747931e-02 1.020237e+01 -3.138285e-03 9.999886e-01 3.595089e-03 6.735467e-02 3.749064e-02 -3.474924e-03 9.992909e-01 -4.666402e+01
9.994548e-01 -2.656341e-03 3.291033e-02 1.035164e+01 2.727660e-03 9.999940e-01 -2.122335e-03 6.534972e-02 -3.290450e-02 2.210947e-03 9.994561e-01 -4.732170e+01
9.992404e-01 3.306276e-03 -3.882852e-02 1.055078e+01 -3.180597e-03 9.999895e-01 3.298085e-03 5.822692e-02 3.883902e-02 -3.172083e-03 9.992404e-01 -4.761457e+01
9.995460e-01 -1.952227e-03 3.006665e-02 1.104209e+01 1.988151e-03 9.999973e-01 -1.164960e-03 5.971576e-02 -3.006429e-02 1.224209e-03 9.995472e-01 -4.873341e+01
9.995074e-01 2.383387e-03 -3.129314e-02 1.129193e+01 -2.285611e-03 9.999924e-01 3.159922e-03 7.655832e-02 3.130043e-02 -3.086842e-03 9.995053e-01 -5.050502e+01
9.996524e-01 -1.844214e-03 2.630082e-02 1.144590e+01 1.896278e-03 9.999963e-01 -1.954759e-03 7.237365e-02 -2.629711e-02 2.003954e-03 9.996522e-01 -5.091280e+01
9.994624e-01 2.502360e-03 -3.269023e-02 1.167715e+01 -2.411421e-03 9.999931e-01 2.820987e-03 6.016347e-02 3.269707e-02 -2.740641e-03 9.994616e-01 -5.078910e+01
9.996259e-01 -1.864332e-03 2.728681e-02 1.182725e+01 1.924287e-03 9.999958e-01 -2.171077e-03 4.654395e-02 -2.728264e-02 2.222773e-03 9.996253e-01 -5.055837e+01
9.994717e-01 2.488453e-03 -3.240591e-02 1.196216e+01 -2.397413e-03 9.999931e-01 2.847944e-03 3.306397e-02 3.241277e-02 -2.768749e-03 9.994707e-01 -5.022578e+01
9.996122e-01 -1.986324e-03 2.777546e-02 1.203051e+01 2.039012e-03 9.999962e-01 -1.868730e-03 2.705449e-02 -2.777164e-02 1.924641e-03 9.996124e-01 -5.039727e+01
