9.999616e-01 4.507703e-04 -8.750346e-03 3.509179e-01 -4.441818e-04 9.999996e-01 7.548731e-04 -2.437117e-02 8.750682e-03 -7.509581e-04 9.999614e-01 2.859003e-01
9.999987e-01 9.963807e-05 -1.619326e-03 8.440034e-01 -9.900973e-05 9.999999e-01 3.880829e-04 -4.818290e-02 1.619365e-03 -3.879214e-04 9.999986e-01 4.326131e-01
9.999671e-01 4.789744e-04 -8.092209e-03 1.196804e+00 -4.719855e-04 9.999995e-01 8.655476e-04 -6.279004e-02 8.092619e-03 -8.617004e-04 9.999669e-01 5.405516e-01
9.999970e-01 1.094662e-04 2.442381e-03 1.189824e+00 -1.087983e-04 1.000000e+00 -2.735883e-04 -7.390896e-02 -2.442411e-03 2.733225e-04 9.999970e-01 1.066019e+00
9.999843e-01 5.387332e-04 -5.578399e-03 1.062044e+00 -5.400692e-04 9.999998e-01 -2.379920e-04 -8.212776e-02 5.578269e-03 2.410002e-04 9.999844e-01 2.022186e+00
9.999985e-01 1.858622e-04 1.724158e-03 9.667239e-01 -1.866792e-04 9.999999e-01 4.737196e-04 -8.814697e-02 -1.724069e-03 -4.740400e-04 9.999984e-01 2.729186e+00
9.999861e-01 5.034736e-04 -5.251630e-03 9.246889e-01 -5.055626e-04 9.999998e-01 -3.964573e-04 -1.011580e-01 5.251429e-03 3.991061e-04 9.999861e-01 3.492217e+00
1.000000e+00 -8.117205e-05 2.220837e-04 8.893366e-01 8.097558e-05 9.999996e-01 8.847251e-04 -1.093534e-01 -2.221551e-04 -8.847064e-04 9.999996e-01 3.881331e+00
9.999896e-01 6.944477e-04 -4.501846e-03 8.492531e-01 -6.966441e-04 9.999996e-01 -4.863253e-04 -1.201446e-01 4.501506e-03 4.894557e-04 9.999897e-01 4.382184e+00
1.000000e+00 -1.680698e-04 -1.312113e-04 7.724581e-01 1.681900e-04 9.999996e-01 9.164014e-04 -1.279378e-01 1.310576e-04 -9.164227e-04 9.999996e-01 4.830656e+00
9.999830e-01 6.795693e-04 -5.795221e-03 8.575619e-01 -6.822016e-04 9.999997e-01 -4.522541e-04 -1.408635e-01 5.794911e-03 4.561992e-04 9.999831e-01 5.291590e+00
9.999984e-01 -3.680468e-04 -1.740704e-03 1.000662e+00 3.705826e-04 9.999989e-01 1.456619e-03 -1.484901e-01 1.740166e-03 -1.457261e-03 9.999974e-01 5.491476e+00
9.999898e-01 8.336615e-04 -4.436865e-03 9.824256e-01 -8.367382e-04 9.999994e-01 -6.916196e-04 -1.501836e-01 4.436286e-03 6.953244e-04 9.999899e-01 5.732924e+00
9.999824e-01 -9.122709e-05 -5.935895e-03 1.407439e+00 1.031154e-04 9.999980e-01 2.002497e-03 -1.655620e-01 5.935701e-03 -2.003073e-03 9.999804e-01 5.844319e+00
9.999554e-01 9.735442e-04 -9.391508e-03 2.260315e+00 -9.764638e-04 9.999995e-01 -3.062891e-04 -1.783323e-01 9.391204e-03 3.154452e-04 9.999559e-01 5.671709e+00
9.999888e-01 -1.265204e-04 -4.731623e-03 2.943628e+00 1.369733e-04 9.999976e-01 2.208903e-03 -1.830081e-01 4.731332e-03 -2.209526e-03 9.999864e-01 5.592787e+00
9.999625e-01 9.146264e-04 -8.615342e-03 3.646181e+00 -9.199379e-04 9.999994e-01 -6.125688e-04 -2.021432e-01 8.614776e-03 6.204707e-04 9.999627e-01 5.714099e+00
9.999984e-01 -4.153714e-04 -1.751731e-03 4.183380e+00 4.185790e-04 9.999982e-01 1.831046e-03 -2.211300e-01 1.750967e-03 -1.831775e-03 9.999968e-01 5.839383e+00
9.999848e-01 1.047101e-03 -5.409302e-03 4.321763e+00 -1.053151e-03 9.999988e-01 -1.115703e-03 -2.302531e-01 5.408127e-03 1.121382e-03 9.999847e-01 6.145914e+00
9.999803e-01 -1.846991e-04 -6.277843e-03 4.816034e+00 2.012476e-04 9.999965e-01 2.635475e-03 -2.426594e-01 6.277334e-03 -2.636686e-03 9.999768e-01 6.301882e+00
9.999854e-01 7.584215e-04 -5.346397e-03 5.430111e+00 -7.664564e-04 9.999986e-01 -1.500962e-03 -2.624330e-01 5.345251e-03 1.505037e-03 9.999846e-01 6.398352e+00
9.999960e-01 -2.474029e-04 -2.818660e-03 5.701429e+00 2.544876e-04 9.999968e-01 2.513364e-03 -2.746416e-01 2.818030e-03 -2.514071e-03 9.999929e-01 6.514970e+00
9.999834e-01 6.946640e-04 -5.720895e-03 6.011108e+00 -7.014484e-04 9.999991e-01 -1.183956e-03 -2.830575e-01 5.720066e-03 1.187949e-03 9.999829e-01 6.473846e+00
9.999962e-01 -2.831218e-04 -2.738631e-03 6.291988e+00 2.898374e-04 9.999970e-01 2.452059e-03 -2.906226e-01 2.737929e-03 -2.452843e-03 9.999932e-01 6.417769e+00
9.999739e-01 9.231649e-04 -7.172646e-03 6.611916e+00 -9.305870e-04 9.999990e-01 -1.031499e-03 -2.973156e-01 7.171687e-03 1.038146e-03 9.999737e-01 6.486040e+00
9.999813e-01 -1.812262e-04 -6.109103e-03 7.297299e+00 1.968639e-04 9.999967e-01 2.559213e-03 -3.158154e-01 6.108620e-03 -2.560367e-03 9.999781e-01 6.485987e+00
9.999959e-01 5.201363e-04 -2.800852e-03 7.727946e+00 -5.224012e-04 9.999995e-01 -8.079260e-04 -3.181374e-01 2.800430e-03 8.093852e-04 9.999958e-01 6.110833e+00
9.999798e-01 4.472280e-05 -6.352055e-03 8.208184e+00 -2.983256e-05 9.999973e-01 2.344221e-03 -3.265898e-01 6.352143e-03 -2.343984e-03 9.999771e-01 5.776629e+00
9.999827e-01 7.578304e-04 -5.830340e-03 8.820670e+00 -7.621304e-04 9.999994e-01 -7.353222e-04 -3.419636e-01 5.829779e-03 7.397522e-04 9.999827e-01 5.797538e+00
9.999919e-01 -2.819864e-04 -4.025625e-03 9.006106e+00 2.904170e-04 9.999978e-01 2.093772e-03 -3.403485e-01 4.025026e-03 -2.094924e-03 9.999897e-01 5.894518e+00
9.999952e-01 6.156542e-04 -3.027911e-03 8.830957e+00 -6.184644e-04 9.999994e-01 -9.271928e-04 -3.252470e-01 3.027338e-03 9.290604e-04 9.999950e-01 6.064703e+00
9.999886e-01 -2.355723e-04 -4.767780e-03 8.895852e+00 2.456702e-04 9.999977e-01 2.117437e-03 -3.231991e-01 4.767270e-03 -2.118584e-03 9.999864e-01 6.192483e+00
9.999982e-01 4.694431e-04 -1.841054e-03 8.860758e+00 -4.707189e-04 9.999996e-01 -6.925040e-04 -3.193040e-01 1.840728e-03 6.933687e-04 9.999981e-01 5.786828e+00
9.999966e-01 -1.481799e-04 -2.604741e-03 8.850576e+00 1.543395e-04 9.999972e-01 2.364672e-03 -3.132038e-01 2.604384e-03 -2.365065e-03 9.999938e-01 4.809919e+00
9.999947e-01 4.428091e-04 -3.212630e-03 8.798412e+00 -4.462457e-04 9.999993e-01 -1.069041e-03 -3.091937e-01 3.212155e-03 1.070468e-03 9.999943e-01 4.307266e+00
9.999930e-01 -1.645202e-04 -3.731838e-03 8.721578e+00 1.733376e-04 9.999972e-01 2.362508e-03 -3.073289e-01 3.731439e-03 -2.363138e-03 9.999902e-01 4.163263e+00
9.999975e-01 3.486293e-04 -2.196011e-03 8.346195e+00 -3.508847e-04 9.999994e-01 -1.026682e-03 -2.961230e-01 2.195651e-03 1.027450e-03 9.999971e-01 3.642263e+00
9.999925e-01 1.372163e-04 -3.868206e-03 7.737055e+00 -1.296734e-04 9.999981e-01 1.950120e-03 -2.710460e-01 3.868466e-03 -1.949603e-03 9.999906e-01 3.735863e+00
9.999976e-01 2.698750e-04 -2.161906e-03 7.212957e+00 -2.721689e-04 9.999994e-01 -1.060752e-03 -2.411738e-01 2.161618e-03 1.061337e-03 9.999971e-01 4.129714e+00
9.999801e-01 4.444194e-04 -6.288828e-03 7.484264e+00 -4.309653e-04 9.999976e-01 2.140529e-03 -2.542666e-01 6.289764e-03 -2.137776e-03 9.999779e-01 4.145899e+00
9.999599e-01 5.061367e-04 -8.943883e-03 8.347665e+00 -5.115550e-04 9.999997e-01 -6.035229e-04 -2.828829e-01 8.943574e-03 6.080733e-04 9.999598e-01 4.169526e+00
9.999977e-01 5.899932e-05 -2.129135e-03 8.828523e+00 -5.450133e-05 9.999978e-01 2.112521e-03 -2.948498e-01 2.129255e-03 -2.112400e-03 9.999955e-01 4.139376e+00
9.999856e-01 3.526889e-04 -5.361900e-03 8.811864e+00 -3.573057e-04 9.999996e-01 -8.600765e-04 -2.896443e-01 5.361594e-03 8.619792e-04 9.999853e-01 4.187354e+00
9.999992e-01 -8.071837e-05 -1.227033e-03 8.560360e+00 8.311494e-05 9.999981e-01 1.953100e-03 -2.780724e-01 1.226874e-03 -1.953200e-03 9.999973e-01 4.107849e+00
9.999873e-01 3.832338e-04 -5.033094e-03 8.357414e+00 -3.880919e-04 9.999995e-01 -9.642491e-04 -2.746324e-01 5.032722e-03 9.661894e-04 9.999869e-01 4.050078e+00
9.999982e-01 9.572034e-05 -1.893673e-03 8.322359e+00 -9.218102e-05 9.999982e-01 1.868945e-03 -2.740249e-01 1.893849e-03 -1.868766e-03 9.999965e-01 4.253313e+00
9.999874e-01 9.156555e-05 -5.009319e-03 7.815631e+00 -9.465816e-05 9.999998e-01 -6.171072e-04 -2.587146e-01 5.009262e-03 6.175730e-04 9.999873e-01 4.157608e+00
9.999993e-01 7.584701e-05 -1.193005e-03 7.215197e+00 -7.384527e-05 9.999986e-01 1.677726e-03 -2.403233e-01 1.193131e-03 -1.677636e-03 9.999979e-01 3.911363e+00
9.999853e-01 1.828976e-04 -5.426312e-03 6.864185e+00 -1.860322e-04 9.999998e-01 -5.771466e-04 -2.281931e-01 5.426205e-03 5.781469e-04 9.999851e-01 3.799918e+00
9.999993e-01 1.629063e-04 -1.141892e-03 6.493398e+00 -1.611812e-04 9.999988e-01 1.510560e-03 -2.137359e-01 1.142137e-03 -1.510374e-03 9.999982e-01 3.836201e+00
9.999862e-01 1.704974e-04 -5.255124e-03 5.915755e+00 -1.718867e-04 1.000000e+00 -2.638959e-04 -1.898088e-01 5.255078e-03 2.647948e-04 9.999862e-01 3.668151e+00
9.999997e-01 1.629796e-04 -7.765273e-04 5.400278e+00 -1.619874e-04 9.999992e-01 1.277454e-03 -1.695851e-01 7.767352e-04 -1.277328e-03 9.999989e-01 3.541824e+00
9.999855e-01 1.797017e-04 -5.390145e-03 5.103827e+00 -1.812320e-04 9.999999e-01 -2.833916e-04 -1.586098e-01 5.390093e-03 2.843636e-04 9.999854e-01 3.640104e+00
9.999981e-01 4.093365e-04 -1.928055e-03 5.208034e+00 -4.071962e-04 9.999993e-01 1.110265e-03 -1.651068e-01 1.928508e-03 -1.109477e-03 9.999975e-01 3.871147e+00
9.999667e-01 3.626800e-04 -8.148888e-03 5.675636e+00 -3.627545e-04 9.999999e-01 -7.646177e-06 -1.880482e-01 8.148885e-03 1.060127e-05 9.999668e-01 4.218649e+00
9.999997e-01 8.776206e-05 7.749988e-04 5.776004e+00 -8.888856e-05 9.999989e-01 1.453870e-03 -1.869169e-01 -7.748701e-04 -1.453938e-03 9.999986e-01 4.196166e+00
9.999761e-01 1.145034e-04 -6.918951e-03 5.040150e+00 -1.174037e-04 9.999999e-01 -4.187471e-04 -1.618749e-01 6.918902e-03 4.195487e-04 9.999760e-01 4.012645e+00
9.999998e-01 1.386567e-04 6.467751e-04 4.430737e+00 -1.394942e-04 9.999992e-01 1.295404e-03 -1.388377e-01 -6.465946e-04 -1.295493e-03 9.999990e-01 4.063896e+00
9.999669e-01 2.415209e-04 -8.126677e-03 4.487147e+00 -2.432529e-04 9.999999e-01 -2.121218e-04 -1.405009e-01 8.126625e-03 2.140909e-04 9.999670e-01 4.183056e+00
9.999946e-01 4.742726e-04 -3.258996e-03 5.029604e+00 -4.690039e-04 9.999986e-01 1.617181e-03 -1.597805e-01 3.259759e-03 -1.615643e-03 9.999934e-01 4.202427e+00
9.999706e-01 2.563309e-04 -7.661533e-03 5.478792e+00 -2.615901e-04 9.999997e-01 -6.854248e-04 -1.787672e-01 7.661355e-03 6.874081e-04 9.999704e-01 4.447203e+00
9.999998e-01 1.342691e-04 6.779318e-04 5.452987e+00 -1.355759e-04 9.999981e-01 1.928177e-03 -1.737966e-01 -6.776713e-04 -1.928268e-03 9.999979e-01 4.708146e+00
9.999767e-01 3.126255e-04 -6.817685e-03 5.102135e+00 -3.192246e-04 9.999995e-01 -9.668521e-04 -1.574645e-01 6.817379e-03 9.690053e-04 9.999763e-01 4.916686e+00
1.000000e+00 1.250447e-05 3.320773e-05 4.872656e+00 -1.257370e-05 9.999978e-01 2.091339e-03 -1.455413e-01 -3.318121e-05 -2.091339e-03 9.999978e-01 4.922621e+00
9.999793e-01 3.088850e-04 -6.421840e-03 4.927397e+00 -3.147881e-04 9.999995e-01 -9.181999e-04 -1.470111e-01 6.421553e-03 9.202017e-04 9.999790e-01 4.715100e+00
9.999973e-01 9.649291e-05 -2.336036e-03 5.067314e+00 -9.174303e-05 9.999979e-01 2.033244e-03 -1.514422e-01 2.336227e-03 -2.033024e-03 9.999952e-01 4.766892e+00
9.999900e-01 1.542953e-04 -4.472184e-03 4.780830e+00 -1.579970e-04 9.999996e-01 -8.273374e-04 -1.418263e-01 4.472054e-03 8.280351e-04 9.999897e-01 4.593259e+00
9.999956e-01 2.115063e-04 -2.959600e-03 4.774270e+00 -2.060133e-04 9.999983e-01 1.856110e-03 -1.414964e-01 2.959987e-03 -1.855491e-03 9.999939e-01 4.562193e+00
9.999886e-01 8.708072e-05 -4.777620e-03 4.638238e+00 -8.971093e-05 9.999998e-01 -5.502718e-04 -1.360835e-01 4.777571e-03 5.506934e-04 9.999884e-01 4.570295e+00
9.999981e-01 3.216134e-04 -1.901914e-03 4.434391e+00 -3.188744e-04 9.999989e-01 1.440137e-03 -1.250430e-01 1.902376e-03 -1.439527e-03 9.999972e-01 4.745860e+00
9.999863e-01 8.337880e-05 -5.235571e-03 4.324083e+00 -8.464704e-05 1.000000e+00 -2.419740e-04 -1.166616e-01 5.235550e-03 2.424132e-04 9.999863e-01 4.993957e+00
9.999995e-01 2.589789e-04 -9.191245e-04 3.733518e+00 -2.578907e-04 9.999993e-01 1.183562e-03 -8.864469e-02 9.194306e-04 -1.183324e-03 9.999989e-01 5.222856e+00
9.999846e-01 6.981281e-05 -5.554568e-03 3.490583e+00 -7.119157e-05 1.000000e+00 -2.479835e-04 -7.498848e-02 5.554551e-03 2.483744e-04 9.999845e-01 5.479364e+00
9.999991e-01 4.193112e-04 -1.243436e-03 3.321428e+00 -4.177912e-04 9.999992e-01 1.222214e-03 -6.763332e-02 1.243947e-03 -1.221692e-03 9.999985e-01 5.726188e+00
9.999868e-01 -1.052374e-04 -5.135149e-03 2.855862e+00 1.036607e-04 9.999999e-01 -3.072581e-04 -4.641850e-02 5.135181e-03 3.067210e-04 9.999868e-01 5.925617e+00
9.999992e-01 4.687381e-04 -1.164200e-03 2.292724e+00 -4.673507e-04 9.999992e-01 1.191595e-03 -2.394294e-02 1.164758e-03 -1.191049e-03 9.999986e-01 6.016516e+00
9.999887e-01 -1.900236e-04 -4.745351e-03 1.747362e+00 1.882922e-04 9.999999e-01 -3.652682e-04 -3.338084e-03 4.745420e-03 3.643699e-04 9.999887e-01 6.127576e+00
9.999987e-01 4.934958e-04 -1.561561e-03 1.433045e+00 -4.916253e-04 9.999992e-01 1.197907e-03 7.757954e-03 1.562151e-03 -1.197137e-03 9.999981e-01 6.233087e+00
9.999923e-01 5.396091e-05 -3.918973e-03 1.374640e+00 -5.523083e-05 9.999999e-01 -3.238802e-04 1.224169e-02 3.918955e-03 3.240935e-04 9.999923e-01 6.538230e+00
9.999991e-01 6.030984e-04 -1.225693e-03 1.327485e+00 -6.021748e-04 9.999995e-01 7.535791e-04 8.791553e-03 1.226147e-03 -7.528396e-04 9.999990e-01 6.998192e+00
9.999873e-01 -1.282119e-04 -5.047441e-03 1.320700e+00 1.290351e-04 1.000000e+00 1.628256e-04 6.682269e-03 5.047420e-03 -1.634755e-04 9.999872e-01 7.264004e+00
9.999986e-01 7.402056e-04 -1.479340e-03 1.267251e+00 -7.390621e-04 9.999994e-01 7.732581e-04 7.787655e-03 1.479912e-03 -7.721630e-04 9.999986e-01 7.639993e+00
9.999900e-01 3.099219e-05 -4.475193e-03 8.586461e-01 -3.026239e-05 1.000000e+00 1.631983e-04 3.367200e-02 4.475197e-03 -1.630619e-04 9.999900e-01 8.219227e+00
9.999992e-01 5.630355e-04 -1.172535e-03 3.478798e-01 -5.622536e-04 9.999996e-01 6.668885e-04 6.520521e-02 1.172911e-03 -6.662280e-04 9.999991e-01 8.758780e+00
9.999874e-01 -1.691684e-04 -5.013894e-03 7.336675e-02 1.705891e-04 9.999999e-01 2.829568e-04 7.907854e-02 5.013845e-03 -2.838093e-04 9.999874e-01 9.041314e+00
9.999988e-01 4.189540e-04 -1.480313e-03 -5.009841e-01 -4.179001e-04 9.999997e-01 7.120024e-04 9.633464e-02 1.480611e-03 -7.113822e-04 9.999987e-01 9.000881e+00
9.999883e-01 -6.586559e-05 -4.838160e-03 -1.261814e+00 6.680454e-05 1.000000e+00 1.939618e-04 1.278502e-01 4.838147e-03 -1.942835e-04 9.999883e-01 9.077122e+00
9.999989e-01 4.106597e-04 -1.401495e-03 -1.989465e+00 -4.096489e-04 9.999997e-01 7.212924e-04 1.634367e-01 1.401791e-03 -7.207168e-04 9.999988e-01 9.314329e+00
9.999881e-01 -5.645748e-05 -4.882322e-03 -2.761009e+00 5.791077e-05 1.000000e+00 2.975734e-04 1.952954e-01 4.882304e-03 -2.978533e-04 9.999880e-01 9.281680e+00
9.999989e-01 3.603934e-04 -1.449962e-03 -3.285678e+00 -3.595010e-04 9.999997e-01 6.155041e-04 2.160809e-01 1.450183e-03 -6.149815e-04 9.999988e-01 9.248124e+00
9.999832e-01 1.895884e-04 -5.796224e-03 -3.355436e+00 -1.879680e-04 9.999999e-01 2.801492e-04 2.208481e-01 5.796277e-03 -2.790556e-04 9.999832e-01 9.449084e+00
9.999985e-01 3.346805e-04 -1.695306e-03 -3.239755e+00 -3.333159e-04 9.999996e-01 8.049739e-04 2.168481e-01 1.695575e-03 -8.044069e-04 9.999982e-01 9.778064e+00
9.999894e-01 5.285417e-05 -4.605262e-03 -3.293975e+00 -5.202231e-05 1.000000e+00 1.808070e-04 2.138574e-01 4.605271e-03 -1.805662e-04 9.999894e-01 9.968143e+00
9.999991e-01 1.923398e-04 -1.351678e-03 -3.690256e+00 -1.911074e-04 9.999996e-01 9.116634e-04 2.247280e-01 1.351853e-03 -9.114036e-04 9.999987e-01 9.660763e+00
9.999929e-01 1.035604e-04 -3.759438e-03 -3.798973e+00 -1.015190e-04 9.999998e-01 5.432775e-04 2.320313e-01 3.759493e-03 -5.428926e-04 9.999928e-01 8.967151e+00
9.999964e-01 1.601817e-04 -2.661148e-03 -3.756077e+00 -1.581800e-04 9.999997e-01 7.522872e-04 2.322090e-01 2.661268e-03 -7.518630e-04 9.999962e-01 8.570053e+00
9.999893e-01 1.432813e-04 -4.620056e-03 -3.683521e+00 -1.413449e-04 9.999999e-01 4.195083e-04 2.306810e-01 4.620115e-03 -4.188514e-04 9.999892e-01 8.530977e+00
9.999976e-01 2.036274e-04 -2.158467e-03 -3.759944e+00 -2.025969e-04 9.999999e-01 4.775230e-04 2.325928e-01 2.158564e-03 -4.770839e-04 9.999976e-01 8.662912e+00
9.999866e-01 1.782389e-04 -5.167296e-03 -3.652231e+00 -1.750208e-04 9.999998e-01 6.232744e-04 2.277726e-01 5.167406e-03 -6.223623e-04 9.999865e-01 8.779492e+00
9.999986e-01 6.587540e-05 -1.677082e-03 -3.635897e+00 -6.516936e-05 9.999999e-01 4.208848e-04 2.225487e-01 1.677109e-03 -4.207742e-04 9.999985e-01 8.676567e+00
9.999864e-01 2.431174e-04 -5.218159e-03 -3.573695e+00 -2.391263e-04 9.999997e-01 7.655130e-04 2.207963e-01 5.218343e-03 -7.642554e-04 9.999861e-01 8.449655e+00
9.999993e-01 4.788759e-05 -1.141532e-03 -3.966337e+00 -4.771367e-05 1.000000e+00 1.521382e-04 2.311917e-01 1.141539e-03 -1.520830e-04 9.999993e-01 8.414359e+00
9.999795e-01 4.649765e-04 -6.388004e-03 -3.756012e+00 -4.609261e-04 9.999997e-01 6.355567e-04 2.176565e-01 6.388297e-03 -6.325999e-04 9.999794e-01 8.633421e+00
9.999992e-01 -2.722121e-05 -1.230376e-03 -3.576912e+00 2.768499e-05 9.999999e-01 3.766943e-04 2.057870e-01 1.230366e-03 -3.767274e-04 9.999992e-01 8.782234e+00
9.999832e-01 4.262965e-04 -5.774439e-03 -3.439043e+00 -4.215253e-04 9.999996e-01 8.274971e-04 2.000029e-01 5.774789e-03 -8.250498e-04 9.999830e-01 8.743052e+00
1.000000e+00 4.833709e-05 1.550307e-04 -3.492937e+00 -4.837718e-05 1.000000e+00 2.603871e-04 2.078672e-01 -1.550179e-04 -2.603940e-04 1.000000e+00 8.565391e+00
9.999722e-01 2.375185e-04 -7.446743e-03 -3.330514e+00 -2.289056e-04 9.999993e-01 1.157462e-03 2.125466e-01 7.447012e-03 -1.155726e-03 9.999716e-01 8.133598e+00
9.999981e-01 2.248729e-04 1.921740e-03 -3.453382e+00 -2.248441e-04 1.000000e+00 -1.503683e-05 2.131823e-01 -1.921743e-03 1.460537e-05 9.999982e-01 7.927658e+00
9.999860e-01 4.716418e-04 -5.278722e-03 -3.429238e+00 -4.717426e-04 9.999999e-01 -1.779634e-05 1.922344e-01 5.278712e-03 2.028563e-05 9.999861e-01 8.791008e+00
9.999999e-01 -2.118187e-04 3.542302e-04 -3.289449e+00 2.117304e-04 9.999999e-01 2.502113e-04 1.670832e-01 -3.542830e-04 -2.501356e-04 9.999999e-01 9.380517e+00
9.999905e-01 5.791374e-04 -4.323401e-03 -3.315539e+00 -5.729921e-04 9.999988e-01 1.422586e-03 1.736715e-01 4.324220e-03 -1.420096e-03 9.999896e-01 8.300436e+00
9.999999e-01 -1.988004e-04 -3.401588e-04 -3.402175e+00 1.988366e-04 1.000000e+00 1.055401e-04 1.804255e-01 3.401380e-04 -1.056071e-04 9.999999e-01 7.447996e+00
9.999908e-01 8.825334e-04 -4.196821e-03 -3.615084e+00 -8.799969e-04 9.999994e-01 6.062687e-04 1.874397e-01 4.197354e-03 -6.025706e-04 9.999910e-01 7.815057e+00
9.999998e-01 -3.465080e-04 4.858085e-04 -4.012872e+00 3.467378e-04 9.999998e-01 -4.724949e-04 1.961878e-01 -4.856445e-04 4.726639e-04 9.999998e-01 8.580923e+00
9.999795e-01 8.300397e-04 -6.348895e-03 -4.467416e+00 -8.223056e-04 9.999989e-01 1.220732e-03 2.197852e-01 6.349901e-03 -1.215487e-03 9.999791e-01 8.886051e+00
9.999983e-01 -4.819720e-04 -1.776891e-03 -4.272199e+00 4.820476e-04 9.999999e-01 4.198163e-05 2.274672e-01 1.776870e-03 -4.283745e-05 9.999984e-01 8.652979e+00
9.999779e-01 8.308982e-04 -6.594656e-03 -3.913956e+00 -8.203846e-04 9.999984e-01 1.596858e-03 2.230979e-01 6.595972e-03 -1.591413e-03 9.999770e-01 8.328363e+00
9.999988e-01 -4.093494e-04 -1.473920e-03 -3.805488e+00 4.089068e-04 9.999999e-01 -3.007732e-04 2.216994e-01 1.474043e-03 3.001708e-04 9.999989e-01 8.331518e+00
9.999780e-01 8.082857e-04 -6.579899e-03 -3.697543e+00 -7.963783e-04 9.999980e-01 1.812123e-03 2.254967e-01 6.581351e-03 -1.806844e-03 9.999767e-01 8.291897e+00
9.999984e-01 -2.045413e-04 -1.800028e-03 -3.135907e+00 2.024500e-04 9.999993e-01 -1.162089e-03 2.040756e-01 1.800265e-03 1.161724e-03 9.999977e-01 8.372480e+00
9.999750e-01 8.771945e-04 -7.011080e-03 -2.549928e+00 -8.598206e-04 9.999966e-01 2.480732e-03 1.892719e-01 7.013232e-03 -2.474643e-03 9.999723e-01 8.215127e+00
9.999993e-01 -5.398955e-04 1.090494e-03 -2.276928e+00 5.405287e-04 9.999997e-01 -5.801595e-04 1.961727e-01 -1.090180e-03 5.807492e-04 9.999992e-01 7.182307e+00
9.999743e-01 7.277254e-04 -7.134684e-03 -2.364417e+00 -7.114242e-04 9.999971e-01 2.287105e-03 2.075604e-01 7.136327e-03 -2.281971e-03 9.999719e-01 6.395156e+00
9.999996e-01 -5.914019e-04 6.323888e-04 -2.863824e+00 5.920617e-04 9.999993e-01 -1.043151e-03 2.251332e-01 -6.317712e-04 1.043526e-03 9.999993e-01 5.909642e+00
9.999806e-01 1.065795e-03 -6.143396e-03 -3.092122e+00 -1.054604e-03 9.999978e-01 1.824617e-03 2.258216e-01 6.145326e-03 -1.818103e-03 9.999795e-01 5.899439e+00
9.999996e-01 -8.266135e-04 -2.774224e-04 -3.075652e+00 8.263833e-04 9.999993e-01 -8.302536e-04 2.226924e-01 2.781087e-04 8.300247e-04 9.999996e-01 5.767272e+00
9.999799e-01 1.150364e-03 -6.230507e-03 -2.955288e+00 -1.137133e-03 9.999971e-01 2.126915e-03 2.233972e-01 6.232936e-03 -2.119788e-03 9.999783e-01 5.383487e+00
9.999994e-01 -9.510294e-04 -5.759457e-04 -2.826720e+00 9.504798e-04 9.999991e-01 -9.544399e-04 2.204706e-01 5.768531e-04 9.538925e-04 9.999994e-01 5.122992e+00
9.999757e-01 1.194273e-03 -6.863652e-03 -2.532993e+00 -1.176474e-03 9.999959e-01 2.596811e-03 2.214371e-01 6.866725e-03 -2.588674e-03 9.999731e-01 4.518997e+00
9.999995e-01 -8.463214e-04 -4.626455e-04 -2.200710e+00 8.458546e-04 9.999991e-01 -1.008994e-03 2.198766e-01 4.634993e-04 1.008603e-03 9.999994e-01 4.071352e+00
9.999796e-01 1.101713e-03 -6.284820e-03 -2.018438e+00 -1.086534e-03 9.999965e-01 2.418227e-03 2.183989e-01 6.287461e-03 -2.411350e-03 9.999773e-01 3.633421e+00
9.999997e-01 -7.475234e-04 -9.977781e-05 -1.976527e+00 7.473991e-04 9.999989e-01 -1.243428e-03 2.180428e-01 1.007074e-04 1.243353e-03 9.999992e-01 3.303461e+00
9.999773e-01 1.105417e-03 -6.647705e-03 -1.985176e+00 -1.091159e-03 9.999971e-01 2.148066e-03 2.150512e-01 6.650060e-03 -2.140764e-03 9.999756e-01 3.269491e+00
9.999985e-01 -7.049154e-04 -1.554629e-03 -1.651483e+00 7.029144e-04 9.999989e-01 -1.287571e-03 1.962473e-01 1.555535e-03 1.286477e-03 9.999980e-01 3.403478e+00
9.999804e-01 1.064298e-03 -6.164752e-03 -1.339768e+00 -1.049928e-03 9.999967e-01 2.333743e-03 1.799536e-01 6.167216e-03 -2.327226e-03 9.999783e-01 3.505966e+00
9.999989e-01 -7.704336e-04 -1.298733e-03 -1.138188e+00 7.689501e-04 9.999991e-01 -1.142647e-03 1.744165e-01 1.299612e-03 1.141648e-03 9.999985e-01 3.344307e+00
9.999773e-01 1.046318e-03 -6.661646e-03 -8.662040e-01 -1.031654e-03 9.999970e-01 2.204490e-03 1.642370e-01 6.663932e-03 -2.197568e-03 9.999754e-01 3.311750e+00
9.999994e-01 -6.317649e-04 9.092364e-04 -7.413006e-01 6.333081e-04 9.999984e-01 -1.697591e-03 1.459807e-01 -9.081623e-04 1.698166e-03 9.999981e-01 3.646096e+00
9.999832e-01 1.123944e-03 -5.690757e-03 -6.996152e-01 -1.111818e-03 9.999971e-01 2.133636e-03 1.304857e-01 5.693139e-03 -2.127273e-03 9.999815e-01 4.089066e+00
9.999995e-01 -6.306850e-04 7.616010e-04 -8.065933e-01 6.318866e-04 9.999986e-01 -1.578042e-03 1.268661e-01 -7.606044e-04 1.578523e-03 9.999985e-01 4.456913e+00
9.999868e-01 1.268855e-03 -4.972085e-03 -8.495161e-01 -1.259333e-03 9.999974e-01 1.917735e-03 1.177370e-01 4.974505e-03 -1.911449e-03 9.999858e-01 5.021832e+00
9.999997e-01 -7.458884e-04 1.238133e-04 -8.778379e-01 7.460724e-04 9.999986e-01 -1.489479e-03 1.102641e-01 -1.227019e-04 1.489571e-03 9.999989e-01 5.486195e+00
9.999869e-01 1.290395e-03 -4.954264e-03 -9.071373e-01 -1.280392e-03 9.999971e-01 2.021711e-03 1.024593e-01 4.956858e-03 -2.015342e-03 9.999857e-01 5.871971e+00
9.999995e-01 -7.736119e-04 -6.778359e-04 -1.337475e+00 7.728121e-04 9.999990e-01 -1.179928e-03 1.224593e-01 6.787483e-04 1.179404e-03 9.999991e-01 6.260520e+00
9.999853e-01 1.030564e-03 -5.324286e-03 -1.931496e+00 -1.020541e-03 9.999977e-01 1.884981e-03 1.487390e-01 5.326216e-03 -1.879521e-03 9.999840e-01 6.438378e+00
9.999994e-01 -7.700448e-04 -8.181041e-04 -2.279432e+00 7.691751e-04 9.999991e-01 -1.063308e-03 1.591061e-01 8.189224e-04 1.062679e-03 9.999991e-01 6.485564e+00
9.999894e-01 1.152061e-03 -4.465194e-03 -2.501926e+00 -1.144869e-03 9.999980e-01 1.612958e-03 1.649329e-01 4.467043e-03 -1.607830e-03 9.999887e-01 6.732965e+00
9.999967e-01 -9.707239e-04 -2.397606e-03 -2.772394e+00 9.694715e-04 9.999994e-01 -5.236164e-04 1.710052e-01 2.398113e-03 5.212909e-04 9.999970e-01 6.435861e+00
9.999935e-01 1.229729e-03 -3.395021e-03 -2.957104e+00 -1.223425e-03 9.999975e-01 1.858448e-03 1.784555e-01 3.397298e-03 -1.854283e-03 9.999925e-01 5.887561e+00
9.999952e-01 -9.840957e-04 -2.927901e-03 -3.478536e+00 9.814912e-04 9.999991e-01 -8.909745e-04 1.948842e-01 2.928776e-03 8.880972e-04 9.999953e-01 5.782081e+00
9.999950e-01 1.389198e-03 -2.842881e-03 -4.402688e+00 -1.384155e-03 9.999975e-01 1.775462e-03 2.391144e-01 2.845340e-03 -1.771519e-03 9.999944e-01 6.064172e+00
9.999957e-01 -1.069618e-03 -2.738862e-03 -5.090115e+00 1.066671e-03 9.999989e-01 -1.077226e-03 2.674326e-01 2.740012e-03 1.074301e-03 9.999957e-01 6.241595e+00
9.999950e-01 1.383245e-03 -2.833796e-03 -5.788141e+00 -1.378174e-03 9.999974e-01 1.790453e-03 2.923206e-01 2.836266e-03 -1.786539e-03 9.999944e-01 6.375180e+00
9.999969e-01 -9.464785e-04 -2.301830e-03 -6.488980e+00 9.436421e-04 9.999988e-01 -1.233169e-03 3.204386e-01 2.302995e-03 1.230994e-03 9.999966e-01 6.688759e+00
9.999952e-01 1.403086e-03 -2.772594e-03 -7.054408e+00 -1.398346e-03 9.999976e-01 1.710939e-03 3.434078e-01 2.774988e-03 -1.707054e-03 9.999947e-01 7.038840e+00
9.999949e-01 -1.025939e-03 -3.018390e-03 -7.617755e+00 1.022904e-03 9.999990e-01 -1.007206e-03 3.657780e-01 3.019420e-03 1.004114e-03 9.999949e-01 7.208382e+00
9.999956e-01 1.348797e-03 -2.649788e-03 -8.134228e+00 -1.344206e-03 9.999976e-01 1.734024e-03 3.868048e-01 2.652120e-03 -1.730455e-03 9.999950e-01 7.407990e+00
9.999910e-01 -1.040630e-03 -4.125019e-03 -8.328296e+00 1.037281e-03 9.999991e-01 -8.140621e-04 3.918395e-01 4.125863e-03 8.097765e-04 9.999912e-01 7.455552e+00
9.999969e-01 1.404507e-03 -2.075631e-03 -8.554372e+00 -1.401143e-03 9.999977e-01 1.621283e-03 3.999467e-01 2.077903e-03 -1.618370e-03 9.999965e-01 7.624400e+00
9.999890e-01 -1.088057e-03 -4.566551e-03 -8.654586e+00 1.084900e-03 9.999992e-01 -6.939481e-04 4.040934e-01 4.567302e-03 6.889868e-04 9.999893e-01 7.801708e+00
9.999927e-01 1.306332e-03 -3.590016e-03 -8.812037e+00 -1.299092e-03 9.999971e-01 2.018509e-03 4.110687e-01 3.592642e-03 -2.013831e-03 9.999915e-01 7.604808e+00
9.999894e-01 -1.069485e-03 -4.477482e-03 -8.785608e+00 1.065805e-03 9.999991e-01 -8.242123e-04 4.135656e-01 4.478359e-03 8.194321e-04 9.999896e-01 7.365050e+00
9.999978e-01 1.443236e-03 -1.491564e-03 -9.061329e+00 -1.440804e-03 9.999976e-01 1.630655e-03 4.214527e-01 1.493913e-03 -1.628503e-03 9.999976e-01 7.555223e+00
9.999891e-01 -1.150510e-03 -4.521979e-03 -9.800743e+00 1.146728e-03 9.999990e-01 -8.389097e-04 4.523477e-01 4.522940e-03 8.337157e-04 9.999894e-01 7.714314e+00
9.999979e-01 1.322975e-03 -1.572297e-03 -1.045358e+01 -1.320539e-03 9.999979e-01 1.549652e-03 4.761033e-01 1.574344e-03 -1.547573e-03 9.999976e-01 7.749871e+00
9.999894e-01 -9.408110e-04 -4.517842e-03 -1.088956e+01 9.374455e-04 9.999993e-01 -7.470855e-04 4.923380e-01 4.518542e-03 7.428429e-04 9.999895e-01 7.884434e+00
9.999982e-01 1.282223e-03 -1.413517e-03 -1.133075e+01 -1.280122e-03 9.999981e-01 1.486224e-03 5.117250e-01 1.415419e-03 -1.484412e-03 9.999979e-01 8.075909e+00
9.999885e-01 -9.801576e-04 -4.685785e-03 -1.185122e+01 9.769508e-04 9.999993e-01 -6.866959e-04 5.339677e-01 4.686455e-03 6.821108e-04 9.999888e-01 8.255178e+00
9.999982e-01 1.221056e-03 -1.464895e-03 -1.237727e+01 -1.218835e-03 9.999981e-01 1.516519e-03 5.530211e-01 1.466744e-03 -1.514731e-03 9.999978e-01 8.309239e+00
9.999890e-01 -9.711271e-04 -4.593763e-03 -1.293396e+01 9.679546e-04 9.999993e-01 -6.928569e-04 5.737067e-01 4.594433e-03 6.884033e-04 9.999892e-01 8.413600e+00
9.999979e-01 1.394717e-03 -1.480139e-03 -1.365183e+01 -1.392341e-03 9.999977e-01 1.605040e-03 6.057229e-01 1.482374e-03 -1.602976e-03 9.999976e-01 8.563692e+00
9.999888e-01 -1.060884e-03 -4.611888e-03 -1.433651e+01 1.057647e-03 9.999992e-01 -7.045398e-04 6.419676e-01 4.612632e-03 6.996548e-04 9.999891e-01 8.793244e+00
9.999964e-01 1.353726e-03 -2.320736e-03 -1.456049e+01 -1.348776e-03 9.999968e-01 2.133343e-03 6.583544e-01 2.323616e-03 -2.130206e-03 9.999950e-01 8.369331e+00
9.999815e-01 -9.186561e-04 -6.018958e-03 -1.416518e+01 9.171307e-04 9.999995e-01 -2.562631e-04 6.598195e-01 6.019191e-03 2.507387e-04 9.999819e-01 7.680649e+00
9.999991e-01 1.356220e-03 -5.262995e-05 -1.455011e+01 -1.356158e-03 9.999984e-01 1.167549e-03 6.774038e-01 5.421316e-05 -1.167478e-03 9.999993e-01 7.852443e+00
9.999815e-01 -1.050652e-03 -5.986706e-03 -1.510728e+01 1.048590e-03 9.999994e-01 -3.475838e-04 7.010679e-01 5.987067e-03 3.413004e-04 9.999820e-01 8.000506e+00
9.999990e-01 1.348542e-03 -4.085919e-04 -1.535543e+01 -1.348038e-03 9.999983e-01 1.233586e-03 7.069699e-01 4.102546e-04 -1.233035e-03 9.999992e-01 8.055376e+00
9.999751e-01 -1.026060e-03 -6.987341e-03 -1.548142e+01 1.023774e-03 9.999994e-01 -3.307518e-04 7.101842e-01 6.987676e-03 3.235907e-04 9.999755e-01 8.086491e+00
9.999992e-01 1.279780e-03 -1.288805e-04 -1.552010e+01 -1.279533e-03 9.999974e-01 1.906305e-03 7.181186e-01 1.313197e-04 -1.906139e-03 9.999982e-01 7.539533e+00
9.999791e-01 -1.037805e-03 -6.379132e-03 -1.548441e+01 1.035201e-03 9.999994e-01 -4.115298e-04 7.219237e-01 6.379555e-03 4.049182e-04 9.999796e-01 6.800116e+00
9.999989e-01 1.319551e-03 6.413728e-04 -1.520343e+01 -1.321146e-03 9.999960e-01 2.492208e-03 7.310664e-01 -6.380818e-04 -2.493053e-03 9.999967e-01 5.629814e+00
9.999809e-01 -1.028674e-03 -6.094931e-03 -1.498610e+01 1.025162e-03 9.999993e-01 -5.793577e-04 7.393617e-01 6.095523e-03 5.730989e-04 9.999813e-01 4.552870e+00
9.999986e-01 1.493109e-03 -7.076526e-04 -1.466284e+01 -1.491741e-03 9.999970e-01 1.930585e-03 7.339701e-01 7.105329e-04 -1.929527e-03 9.999979e-01 4.222388e+00
9.999836e-01 -1.118103e-03 -5.612010e-03 -1.443850e+01 1.113290e-03 9.999990e-01 -8.608177e-04 7.244032e-01 5.612967e-03 8.545563e-04 9.999839e-01 4.253802e+00
9.999987e-01 1.486031e-03 -5.645766e-04 -1.452766e+01 -1.484844e-03 9.999967e-01 2.097237e-03 7.319863e-01 5.676912e-04 -2.096397e-03 9.999976e-01 3.907517e+00
9.999798e-01 -1.208562e-03 -6.247437e-03 -1.478364e+01 1.202744e-03 9.999988e-01 -9.349884e-04 7.422153e-01 6.248560e-03 9.274559e-04 9.999800e-01 3.754581e+00
9.999989e-01 1.451581e-03 -1.401128e-05 -1.509991e+01 -1.451549e-03 9.999968e-01 2.067080e-03 7.554359e-01 1.701164e-05 -2.067058e-03 9.999979e-01 3.398547e+00
9.999760e-01 -1.205830e-03 -6.827922e-03 -1.521842e+01 1.201114e-03 9.999990e-01 -6.947478e-04 7.634468e-01 6.828753e-03 6.865305e-04 9.999764e-01 2.906308e+00
9.999981e-01 1.650411e-03 -1.053188e-03 -1.490231e+01 -1.647952e-03 9.999959e-01 2.332300e-03 7.611428e-01 1.057033e-03 -2.330560e-03 9.999967e-01 2.372278e+00
9.999803e-01 -1.219912e-03 -6.161340e-03 -1.460742e+01 1.216192e-03 9.999991e-01 -6.075206e-04 7.618002e-01 6.162076e-03 6.000159e-04 9.999808e-01 1.728835e+00
9.999984e-01 1.560803e-03 8.939841e-04 -1.443858e+01 -1.562730e-03 9.999964e-01 2.158367e-03 7.642928e-01 -8.906123e-04 -2.159761e-03 9.999973e-01 9.689305e-01
9.999752e-01 -1.187054e-03 -6.947966e-03 -1.419782e+01 1.183372e-03 9.999992e-01 -5.340417e-04 7.669420e-01 6.948595e-03 5.258070e-04 9.999757e-01 2.524340e-01
9.999977e-01 1.550699e-03 1.456665e-03 -1.397938e+01 -1.553570e-03 9.999968e-01 1.971583e-03 7.676955e-01 -1.453604e-03 -1.973842e-03 9.999970e-01 -3.503141e-01
9.999715e-01 -1.101790e-03 -7.474176e-03 -1.371750e+01 1.097112e-03 9.999992e-01 -6.301174e-04 7.658880e-01 7.474864e-03 6.219000e-04 9.999719e-01 -8.367282e-01
9.999975e-01 1.650870e-03 -1.482806e-03 -1.325870e+01 -1.647980e-03 9.999967e-01 1.948226e-03 7.545841e-01 1.486017e-03 -1.945778e-03 9.999970e-01 -1.001660e+00
9.999627e-01 -1.156498e-03 -8.553857e-03 -1.279501e+01 1.151131e-03 9.999991e-01 -6.324225e-04 7.380943e-01 8.554581e-03 6.225529e-04 9.999632e-01 -1.015307e+00
9.999977e-01 1.723896e-03 -1.243076e-03 -1.233900e+01 -1.721498e-03 9.999967e-01 1.928128e-03 7.232369e-01 1.246396e-03 -1.925984e-03 9.999974e-01 -1.091896e+00
9.999634e-01 -1.119311e-03 -8.485616e-03 -1.181364e+01 1.115935e-03 9.999993e-01 -4.026665e-04 7.126668e-01 8.486060e-03 3.931829e-04 9.999639e-01 -1.303756e+00
9.999960e-01 1.664700e-03 -2.307449e-03 -1.133404e+01 -1.661288e-03 9.999975e-01 1.479958e-03 6.899633e-01 2.309907e-03 -1.476119e-03 9.999962e-01 -1.176393e+00
9.999644e-01 -1.099285e-03 -8.360512e-03 -1.084701e+01 1.097082e-03 9.999994e-01 -2.681372e-04 6.684358e-01 8.360802e-03 2.589560e-04 9.999650e-01 -1.091823e+00
9.999968e-01 1.758255e-03 -1.798139e-03 -1.041039e+01 -1.755637e-03 9.999974e-01 1.456779e-03 6.469047e-01 1.800695e-03 -1.453618e-03 9.999973e-01 -9.511197e-01
9.999353e-01 -7.712857e-04 -1.135268e-02 -9.679502e+00 7.661318e-04 9.999996e-01 -4.583618e-04 6.123954e-01 1.135303e-02 4.496350e-04 9.999355e-01 -7.265734e-01
9.999990e-01 1.398440e-03 -1.885895e-04 -8.987814e+00 -1.398001e-03 9.999964e-01 2.309015e-03 6.036609e-01 1.918177e-04 -2.308750e-03 9.999973e-01 -1.011313e+00
9.999816e-01 -1.058165e-03 -5.971852e-03 -8.669210e+00 1.057176e-03 9.999994e-01 -1.689371e-04 6.130391e-01 5.972027e-03 1.626212e-04 9.999822e-01 -2.190839e+00
9.999918e-01 1.621794e-03 -3.720579e-03 -8.119706e+00 -1.615328e-03 9.999972e-01 1.740319e-03 6.039720e-01 3.723391e-03 -1.734296e-03 9.999916e-01 -2.466186e+00
9.999865e-01 -1.140671e-03 -5.059703e-03 -7.724495e+00 1.138463e-03 9.999993e-01 -4.391875e-04 5.885375e-01 5.060200e-03 4.334218e-04 9.999871e-01 -2.340777e+00
9.999948e-01 1.546286e-03 -2.820678e-03 -7.479802e+00 -1.541730e-03 9.999975e-01 1.617047e-03 5.816700e-01 2.823171e-03 -1.612691e-03 9.999947e-01 -2.486762e+00
9.999703e-01 -9.538648e-04 -7.650585e-03 -6.993325e+00 9.504053e-04 9.999994e-01 -4.558698e-04 5.633410e-01 7.651016e-03 4.485856e-04 9.999706e-01 -2.466511e+00
9.999963e-01 1.577383e-03 -2.222957e-03 -6.583944e+00 -1.573572e-03 9.999973e-01 1.715194e-03 5.443568e-01 2.225656e-03 -1.711690e-03 9.999961e-01 -2.309939e+00
9.999711e-01 -9.477077e-04 -7.548884e-03 -6.237757e+00 9.446748e-04 9.999995e-01 -4.053880e-04 5.307367e-01 7.549264e-03 3.982456e-04 9.999714e-01 -2.047394e+00
9.999944e-01 1.578829e-03 -2.962164e-03 -5.722279e+00 -1.572949e-03 9.999968e-01 1.986439e-03 5.187694e-01 2.965291e-03 -1.981769e-03 9.999936e-01 -2.014318e+00
9.999694e-01 -7.946908e-04 -7.781884e-03 -5.050772e+00 7.911465e-04 9.999996e-01 -4.585884e-04 5.053256e-01 7.782245e-03 4.524183e-04 9.999696e-01 -2.213107e+00
9.999951e-01 1.446937e-03 -2.793084e-03 -4.472275e+00 -1.441725e-03 9.999972e-01 1.867116e-03 4.915099e-01 2.795778e-03 -1.863081e-03 9.999944e-01 -2.271099e+00
9.999729e-01 -8.033974e-04 -7.318036e-03 -4.002692e+00 7.989405e-04 9.999995e-01 -6.119970e-04 4.757995e-01 7.318525e-03 6.061343e-04 9.999730e-01 -2.238320e+00
9.999922e-01 1.499080e-03 -3.665782e-03 -3.477971e+00 -1.492071e-03 9.999971e-01 1.913955e-03 4.520381e-01 3.668640e-03 -1.908471e-03 9.999914e-01 -2.021101e+00
9.999764e-01 -7.921314e-04 -6.825582e-03 -3.006705e+00 7.878477e-04 9.999995e-01 -6.303324e-04 4.304714e-01 6.826077e-03 6.249405e-04 9.999765e-01 -1.812375e+00
9.999785e-01 1.686665e-03 -6.342810e-03 -2.274568e+00 -1.673202e-03 9.999963e-01 2.127441e-03 4.092215e-01 6.346375e-03 -2.116783e-03 9.999776e-01 -1.810031e+00
9.999938e-01 -8.943392e-04 -3.419163e-03 -2.121646e+00 8.918194e-04 9.999993e-01 -7.385708e-04 4.133613e-01 3.419821e-03 7.355174e-04 9.999939e-01 -1.598929e+00
9.999828e-01 1.580642e-03 -5.644453e-03 -2.106643e+00 -1.567317e-03 9.999960e-01 2.364517e-03 4.272627e-01 5.648168e-03 -2.355630e-03 9.999813e-01 -1.262114e+00
9.999536e-01 -5.436916e-04 -9.617023e-03 -1.186224e+00 5.382178e-04 9.999997e-01 -5.718092e-04 4.162409e-01 9.617331e-03 5.666071e-04 9.999536e-01 -1.592469e+00
9.999937e-01 1.318123e-03 -3.281855e-03 -3.811935e-01 -1.310317e-03 9.999963e-01 2.379766e-03 4.095218e-01 3.284979e-03 -2.375451e-03 9.999918e-01 -1.974950e+00
9.999643e-01 -4.874644e-04 -8.440913e-03 1.271518e-01 4.806590e-04 9.999996e-01 -8.083044e-04 4.017653e-01 8.441303e-03 8.042188e-04 9.999640e-01 -2.007278e+00
9.999935e-01 1.319239e-03 -3.347366e-03 4.458811e-01 -1.310662e-03 9.999959e-01 2.563557e-03 4.074727e-01 3.350734e-03 -2.559153e-03 9.999911e-01 -1.963369e+00
9.999280e-01 -1.007382e-04 -1.200033e-02 1.308076e+00 8.558977e-05 9.999992e-01 -1.262887e-03 3.755254e-01 1.200045e-02 1.261770e-03 9.999272e-01 -1.724156e+00
9.999949e-01 1.214416e-03 -2.962832e-03 2.181158e+00 -1.205702e-03 9.999949e-01 2.941498e-03 3.479125e-01 2.966390e-03 -2.937911e-03 9.999913e-01 -1.563551e+00
9.999730e-01 -6.581801e-04 -7.315417e-03 2.614384e+00 6.463736e-04 9.999985e-01 -1.616241e-03 3.383730e-01 7.316470e-03 1.611469e-03 9.999719e-01 -1.483677e+00
9.999993e-01 1.070743e-03 4.568907e-04 2.614755e+00 -1.071989e-03 9.999957e-01 2.733731e-03 3.398281e-01 -4.539616e-04 -2.734220e-03 9.999962e-01 -1.353560e+00
9.999675e-01 -6.065527e-04 -8.039741e-03 2.824099e+00 5.955212e-04 9.999989e-01 -1.374513e-03 3.367470e-01 8.040566e-03 1.369681e-03 9.999667e-01 -1.560316e+00
9.999994e-01 1.031486e-03 2.188453e-04 3.100078e+00 -1.032054e-03 9.999961e-01 2.609745e-03 3.255601e-01 -2.161525e-04 -2.609970e-03 9.999966e-01 -1.634901e+00
9.998786e-01 3.721008e-04 -1.557458e-02 3.929228e+00 -3.966808e-04 9.999987e-01 -1.575193e-03 2.966471e-01 1.557398e-02 1.581180e-03 9.998775e-01 -1.380658e+00
9.999997e-01 7.310159e-04 -3.728478e-04 4.895476e+00 -7.297248e-04 9.999938e-01 3.452631e-03 2.740872e-01 3.753694e-04 -3.452359e-03 9.999940e-01 -1.246659e+00
9.999665e-01 -1.199219e-04 -8.189115e-03 5.042149e+00 1.016286e-04 9.999975e-01 -2.234301e-03 2.693290e-01 8.189363e-03 2.233395e-03 9.999640e-01 -1.050135e+00
9.999999e-01 4.072045e-04 -1.741842e-05 5.060050e+00 -4.071406e-04 9.999936e-01 3.548875e-03 2.714043e-01 1.886341e-05 -3.548868e-03 9.999937e-01 -1.184303e+00
9.999715e-01 8.181474e-05 -7.544153e-03 5.459390e+00 -9.366208e-05 9.999988e-01 -1.570136e-03 2.747827e-01 7.544015e-03 1.570798e-03 9.999703e-01 -1.994315e+00
9.999990e-01 2.897101e-04 1.410511e-03 5.607671e+00 -2.931897e-04 9.999969e-01 2.466898e-03 2.671440e-01 -1.409792e-03 -2.467310e-03 9.999960e-01 -2.223238e+00
9.999576e-01 3.404874e-04 -9.207589e-03 5.935942e+00 -3.570331e-04 9.999983e-01 -1.795441e-03 2.410390e-01 9.206962e-03 1.798652e-03 9.999560e-01 -1.849659e+00
9.999944e-01 4.319395e-04 -3.307449e-03 6.549083e+00 -4.220461e-04 9.999954e-01 2.991542e-03 2.171245e-01 3.308726e-03 -2.990130e-03 9.999901e-01 -1.689887e+00
9.999659e-01 2.933723e-04 -8.249867e-03 7.185337e+00 -3.057292e-04 9.999988e-01 -1.496675e-03 1.953663e-01 8.249418e-03 1.499147e-03 9.999648e-01 -1.536513e+00
9.999996e-01 1.370116e-04 -9.124166e-04 7.711895e+00 -1.340756e-04 9.999948e-01 3.217713e-03 1.872673e-01 9.128528e-04 -3.217590e-03 9.999944e-01 -1.774069e+00
9.999832e-01 3.273212e-04 -5.787929e-03 8.087703e+00 -3.361568e-04 9.999988e-01 -1.525758e-03 1.881032e-01 5.787422e-03 1.527678e-03 9.999821e-01 -2.445359e+00
9.999991e-01 1.193323e-04 -1.368322e-03 8.515153e+00 -1.147458e-04 9.999944e-01 3.351951e-03 1.891847e-01 1.368715e-03 -3.351791e-03 9.999934e-01 -3.147710e+00
9.999831e-01 3.310360e-04 -5.806612e-03 8.931061e+00 -3.394256e-04 9.999989e-01 -1.444016e-03 1.932600e-01 5.806127e-03 1.445963e-03 9.999821e-01 -3.999296e+00
9.999860e-01 5.074197e-04 -5.266535e-03 9.647255e+00 -4.910256e-04 9.999950e-01 3.113817e-03 1.798070e-01 5.268088e-03 -3.111188e-03 9.999813e-01 -4.259577e+00
9.999833e-01 3.791770e-04 -5.774629e-03 1.005736e+01 -3.901118e-04 9.999981e-01 -1.892689e-03 1.651329e-01 5.773901e-03 1.894910e-03 9.999815e-01 -3.901255e+00
9.999795e-01 6.772201e-04 -6.370495e-03 1.061960e+01 -6.547168e-04 9.999935e-01 3.533946e-03 1.481029e-01 6.372847e-03 -3.529703e-03 9.999735e-01 -3.651401e+00
9.999862e-01 7.303622e-06 -5.262443e-03 1.114781e+01 -1.857419e-05 9.999977e-01 -2.141767e-03 1.353596e-01 5.262415e-03 2.141835e-03 9.999839e-01 -3.515792e+00
9.999947e-01 3.503596e-04 -3.240120e-03 1.135842e+01 -3.380043e-04 9.999927e-01 3.813163e-03 1.405327e-01 3.241433e-03 -3.812048e-03 9.999875e-01 -3.716795e+00
9.999797e-01 2.830365e-04 -6.362102e-03 1.179494e+01 -3.010325e-04 9.999960e-01 -2.827941e-03 1.209685e-01 6.361276e-03 2.829799e-03 9.999758e-01 -3.597924e+00
9.999542e-01 1.134511e-03 -9.507663e-03 1.280068e+01 -1.097563e-03 9.999918e-01 3.890528e-03 7.415780e-02 9.511999e-03 -3.879915e-03 9.999472e-01 -3.011096e+00
