9.999469e-01 1.194946e-03 -1.023458e-02 5.651893e-01 -1.176573e-03 9.999977e-01 1.801031e-03 -1.016054e-02 1.023671e-02 -1.788894e-03 9.999460e-01 -2.306779e-01
9.999999e-01 -4.450721e-04 1.386502e-05 1.415440e+00 4.450742e-04 9.999999e-01 -1.526067e-04 -3.792872e-03 -1.379676e-05 1.526135e-04 1.000000e+00 -1.237103e+00
9.999769e-01 7.442924e-04 -6.753747e-03 1.787016e+00 -7.339115e-04 9.999985e-01 1.539409e-03 4.532365e-04 6.754882e-03 -1.534418e-03 9.999760e-01 -1.859016e+00
9.999999e-01 -2.573297e-04 4.801318e-04 1.841168e+00 2.575187e-04 9.999999e-01 -3.937364e-04 -1.988567e-03 -4.800301e-04 3.938607e-04 9.999998e-01 -1.741428e+00
9.999832e-01 8.071548e-04 -5.734963e-03 1.930880e+00 -8.022366e-04 9.999993e-01 8.598253e-04 -1.461960e-02 5.735652e-03 -8.552108e-04 9.999832e-01 -1.346183e+00
9.999995e-01 -9.461353e-05 1.032484e-03 2.044799e+00 9.532110e-05 9.999998e-01 -6.852425e-04 -3.728007e-02 -1.032418e-03 6.853413e-04 9.999992e-01 -5.236224e-01
9.999733e-01 8.117272e-04 -7.264062e-03 2.443179e+00 -8.034040e-04 9.999990e-01 1.148655e-03 -6.251196e-02 7.264987e-03 -1.142789e-03 9.999730e-01 -1.848964e-01
9.999989e-01 -3.862024e-04 1.425033e-03 2.748309e+00 3.868899e-04 9.999998e-01 -4.821711e-04 -7.211471e-02 -1.424846e-03 4.827226e-04 9.999989e-01 -3.425514e-01
9.999814e-01 9.331516e-04 -6.023645e-03 2.656562e+00 -9.277276e-04 9.999992e-01 9.031826e-04 -7.920003e-02 6.024482e-03 -8.975782e-04 9.999814e-01 1.333801e-01
9.999995e-01 -3.251850e-04 9.687428e-04 2.462657e+00 3.257400e-04 9.999998e-01 -5.728023e-04 -7.748983e-02 -9.685560e-04 5.731183e-04 9.999994e-01 8.139601e-01
9.999733e-01 9.455373e-04 -7.243946e-03 2.412892e+00 -9.378741e-04 9.999990e-01 1.061209e-03 -8.019017e-02 7.244942e-03 -1.054388e-03 9.999732e-01 1.382796e+00
9.999999e-01 -4.278310e-04 3.182189e-04 2.517712e+00 4.277453e-04 9.999999e-01 2.694576e-04 -8.588900e-02 -3.183338e-04 -2.693207e-04 9.999999e-01 1.145307e+00
9.999526e-01 1.614189e-03 -9.602867e-03 3.191848e+00 -1.592692e-03 9.999962e-01 2.245762e-03 -7.922527e-02 9.606456e-03 -2.230362e-03 9.999514e-01 -1.008097e-01
9.999992e-01 -1.170626e-03 3.763351e-04 3.879268e+00 1.170810e-03 9.999992e-01 -4.873756e-04 -7.126295e-02 -3.757639e-04 4.878166e-04 9.999998e-01 -1.157358e+00
9.999730e-01 1.848639e-03 -7.107748e-03 4.194222e+00 -1.837129e-03 9.999970e-01 1.625648e-03 -8.287003e-02 7.110732e-03 -1.612547e-03 9.999734e-01 -1.131144e+00
9.999976e-01 -1.185532e-03 1.842155e-03 4.532124e+00 1.186833e-03 9.999990e-01 -7.053058e-04 -9.182454e-02 -1.841317e-03 7.074911e-04 9.999981e-01 -1.134566e+00
9.999804e-01 1.897293e-03 -5.973096e-03 4.648149e+00 -1.894342e-03 9.999981e-01 4.996690e-04 -1.164643e-01 5.974032e-03 -4.883449e-04 9.999820e-01 -1.315361e-01
9.999970e-01 -1.284160e-03 2.065593e-03 4.717850e+00 1.285131e-03 9.999991e-01 -4.692106e-04 -1.387097e-01 -2.064988e-03 4.718645e-04 9.999978e-01 6.674711e-01
9.999790e-01 1.914718e-03 -6.191780e-03 4.795569e+00 -1.911478e-03 9.999980e-01 5.292263e-04 -1.603065e-01 6.192780e-03 -5.173805e-04 9.999807e-01 1.458839e+00
9.999971e-01 -1.281224e-03 2.043983e-03 4.856521e+00 1.282073e-03 9.999991e-01 -4.142112e-04 -1.800356e-01 -2.043450e-03 4.168312e-04 9.999978e-01 2.179640e+00
9.999727e-01 1.981741e-03 -7.124783e-03 5.002866e+00 -1.977444e-03 9.999979e-01 6.100707e-04 -2.028755e-01 7.125977e-03 -5.959658e-04 9.999744e-01 2.918896e+00
9.999944e-01 -1.115402e-03 3.161028e-03 5.089988e+00 1.117616e-03 9.999991e-01 -6.988392e-04 -2.265549e-01 -3.160245e-03 7.023688e-04 9.999948e-01 3.969358e+00
9.998391e-01 2.688927e-03 -1.773263e-02 6.368705e+00 -2.646483e-03 9.999936e-01 2.416555e-03 -2.364800e-01 1.773902e-02 -2.369238e-03 9.998398e-01 3.449319e+00
9.999735e-01 -1.706756e-03 7.079988e-03 7.348473e+00 1.718140e-03 9.999972e-01 -1.602190e-03 -2.455772e-01 -7.077234e-03 1.614313e-03 9.999737e-01 3.301102e+00
9.999121e-01 2.572436e-03 -1.300397e-02 7.685826e+00 -2.558572e-03 9.999961e-01 1.082645e-03 -2.824146e-01 1.300671e-02 -1.049279e-03 9.999149e-01 4.361411e+00
9.999989e-01 -1.287547e-03 7.954223e-04 8.463045e+00 1.287853e-03 9.999991e-01 -3.849968e-04 -3.169212e-01 -7.949256e-04 3.860214e-04 9.999996e-01 5.022316e+00
9.999491e-01 2.009164e-03 -9.889466e-03 9.049862e+00 -2.005146e-03 9.999979e-01 4.161412e-04 -3.422805e-01 9.890281e-03 -3.962909e-04 9.999510e-01 5.537630e+00
9.999924e-01 -1.202201e-03 3.721562e-03 9.344624e+00 1.203231e-03 9.999992e-01 -2.744871e-04 -3.721306e-01 -3.721229e-03 2.789636e-04 9.999930e-01 6.373187e+00
9.999179e-01 2.322043e-03 -1.260100e-02 9.894496e+00 -2.305935e-03 9.999965e-01 1.292679e-03 -3.911684e-01 1.260396e-02 -1.263517e-03 9.999198e-01 6.690019e+00
9.999675e-01 -1.817399e-03 7.853148e-03 1.019446e+01 1.824037e-03 9.999980e-01 -8.382837e-04 -3.993170e-01 -7.851609e-03 8.525816e-04 9.999688e-01 6.722814e+00
9.999152e-01 2.456380e-03 -1.279059e-02 1.038908e+01 -2.440430e-03 9.999962e-01 1.262495e-03 -4.180837e-01 1.279364e-02 -1.231174e-03 9.999174e-01 7.224856e+00
9.999635e-01 -1.760759e-03 8.365989e-03 1.051053e+01 1.770733e-03 9.999977e-01 -1.184876e-03 -4.394469e-01 -8.363884e-03 1.199647e-03 9.999643e-01 7.908690e+00
9.998894e-01 2.384782e-03 -1.468142e-02 1.075565e+01 -2.357020e-03 9.999954e-01 1.907961e-03 -4.553794e-01 1.468590e-02 -1.873146e-03 9.998904e-01 8.232615e+00
9.999514e-01 -1.882973e-03 9.675437e-03 1.064949e+01 1.892045e-03 9.999978e-01 -9.285483e-04 -4.550726e-01 -9.673667e-03 9.468102e-04 9.999528e-01 8.176645e+00
9.998900e-01 2.303196e-03 -1.464924e-02 1.056943e+01 -2.276474e-03 9.999957e-01 1.840536e-03 -4.555225e-01 1.465342e-02 -1.806986e-03 9.998910e-01 8.100049e+00
9.999519e-01 -1.887678e-03 9.622332e-03 1.050239e+01 1.894219e-03 9.999980e-01 -6.707095e-04 -4.535080e-01 -9.621046e-03 6.889048e-04 9.999535e-01 7.761146e+00
9.998788e-01 2.338801e-03 -1.539489e-02 1.053234e+01 -2.313825e-03 9.999960e-01 1.639969e-03 -4.585668e-01 1.539866e-02 -1.604150e-03 9.998801e-01 7.678995e+00
9.999475e-01 -1.914758e-03 1.006442e-02 1.047506e+01 1.922700e-03 9.999978e-01 -7.794544e-04 -4.612122e-01 -1.006291e-02 7.987651e-04 9.999490e-01 7.664835e+00
9.998838e-01 2.314569e-03 -1.506585e-02 1.036489e+01 -2.286708e-03 9.999956e-01 1.866204e-03 -4.586105e-01 1.507011e-02 -1.831537e-03 9.998848e-01 7.394845e+00
9.999453e-01 -1.853792e-03 1.029431e-02 1.041627e+01 1.863327e-03 9.999978e-01 -9.166768e-04 -4.644762e-01 -1.029259e-02 9.358090e-04 9.999466e-01 7.265046e+00
9.998851e-01 2.342516e-03 -1.497952e-02 1.041558e+01 -2.318077e-03 9.999960e-01 1.648633e-03 -4.728059e-01 1.498332e-02 -1.613720e-03 9.998864e-01 7.410682e+00
9.999478e-01 -1.913099e-03 1.003771e-02 1.046862e+01 1.920610e-03 9.999979e-01 -7.386724e-04 -4.792434e-01 -1.003628e-02 7.579130e-04 9.999493e-01 7.283063e+00
9.998795e-01 2.370257e-03 -1.534380e-02 1.059467e+01 -2.343428e-03 9.999957e-01 1.766259e-03 -4.853313e-01 1.534792e-02 -1.730089e-03 9.998807e-01 7.078203e+00
9.999489e-01 -1.980694e-03 9.911804e-03 1.068760e+01 1.986306e-03 9.999979e-01 -5.563855e-04 -4.866586e-01 -9.910680e-03 5.760457e-04 9.999507e-01 6.697702e+00
9.998830e-01 2.448146e-03 -1.509809e-02 1.070365e+01 -2.424336e-03 9.999958e-01 1.595152e-03 -4.898321e-01 1.510193e-02 -1.558363e-03 9.998847e-01 6.481337e+00
9.999485e-01 -1.943648e-03 9.964921e-03 1.076604e+01 1.954786e-03 9.999975e-01 -1.108127e-03 -5.039477e-01 -9.962742e-03 1.127550e-03 9.999497e-01 6.897928e+00
9.998780e-01 2.543801e-03 -1.540936e-02 1.086785e+01 -2.519412e-03 9.999955e-01 1.601912e-03 -5.190982e-01 1.541337e-02 -1.562895e-03 9.998800e-01 7.311486e+00
9.999449e-01 -1.927468e-03 1.032079e-02 1.093452e+01 1.938998e-03 9.999975e-01 -1.107292e-03 -5.343368e-01 -1.031863e-02 1.127244e-03 9.999461e-01 7.802993e+00
9.998944e-01 2.584367e-03 -1.429862e-02 1.098470e+01 -2.566098e-03 9.999959e-01 1.295947e-03 -5.548136e-01 1.430191e-02 -1.259119e-03 9.998969e-01 8.550684e+00
9.999405e-01 -1.931585e-03 1.073717e-02 1.106582e+01 1.946295e-03 9.999972e-01 -1.359763e-03 -5.812675e-01 -1.073451e-02 1.380580e-03 9.999414e-01 9.469116e+00
9.998788e-01 2.527616e-03 -1.536018e-02 1.115489e+01 -2.502836e-03 9.999955e-01 1.632301e-03 -6.019042e-01 1.536424e-02 -1.593660e-03 9.998807e-01 1.011901e+01
9.999361e-01 -1.954218e-03 1.113640e-02 1.125153e+01 1.970323e-03 9.999970e-01 -1.435343e-03 -6.259779e-01 -1.113356e-02 1.457194e-03 9.999370e-01 1.086972e+01
9.998832e-01 2.578989e-03 -1.506572e-02 1.133277e+01 -2.556381e-03 9.999956e-01 1.519641e-03 -6.499566e-01 1.506958e-02 -1.480950e-03 9.998854e-01 1.168012e+01
9.999484e-01 -2.144079e-03 9.925363e-03 1.147082e+01 2.154285e-03 9.999972e-01 -1.017749e-03 -6.690614e-01 -9.923153e-03 1.039079e-03 9.999502e-01 1.204853e+01
9.998861e-01 2.669350e-03 -1.485304e-02 1.162161e+01 -2.644034e-03 9.999950e-01 1.723825e-03 -6.804003e-01 1.485757e-02 -1.684357e-03 9.998882e-01 1.218839e+01
9.999536e-01 -2.059842e-03 9.410899e-03 1.193154e+01 2.071193e-03 9.999971e-01 -1.196528e-03 -7.007102e-01 -9.408407e-03 1.215965e-03 9.999550e-01 1.249007e+01
9.998975e-01 2.541503e-03 -1.408832e-02 1.215027e+01 -2.511730e-03 9.999946e-01 2.130624e-03 -7.090674e-01 1.409366e-02 -2.095021e-03 9.998985e-01 1.220769e+01
9.999504e-01 -2.063827e-03 9.743135e-03 1.224937e+01 2.079238e-03 9.999966e-01 -1.571814e-03 -7.230442e-01 -9.739858e-03 1.591995e-03 9.999513e-01 1.252185e+01
9.997947e-01 3.019300e-03 -2.003374e-02 1.278575e+01 -2.969993e-03 9.999925e-01 2.490508e-03 -7.458149e-01 2.004111e-02 -2.430497e-03 9.997962e-01 1.270307e+01
9.999825e-01 -1.791704e-03 5.641810e-03 1.372103e+01 1.798284e-03 9.999977e-01 -1.161358e-03 -7.675756e-01 -5.639716e-03 1.171484e-03 9.999834e-01 1.252206e+01
9.998651e-01 2.761967e-03 -1.619279e-02 1.440204e+01 -2.722572e-03 9.999933e-01 2.454458e-03 -7.831506e-01 1.619946e-02 -2.410042e-03 9.998659e-01 1.260293e+01
9.999378e-01 -2.244468e-03 1.092129e-02 1.458380e+01 2.262527e-03 9.999961e-01 -1.641449e-03 -7.957037e-01 -1.091756e-02 1.666058e-03 9.999390e-01 1.259017e+01
9.998536e-01 2.837928e-03 -1.687421e-02 1.483616e+01 -2.804869e-03 9.999941e-01 1.982483e-03 -8.222545e-01 1.687974e-02 -1.934863e-03 9.998557e-01 1.306139e+01
9.999379e-01 -2.259563e-03 1.091447e-02 1.529424e+01 2.271865e-03 9.999968e-01 -1.114877e-03 -8.350697e-01 -1.091192e-02 1.139605e-03 9.999398e-01 1.274748e+01
9.998157e-01 3.229683e-03 -1.892531e-02 1.593986e+01 -3.178299e-03 9.999912e-01 2.744549e-03 -8.398800e-01 1.893401e-02 -2.683893e-03 9.998171e-01 1.205816e+01
9.998948e-01 -2.900945e-03 1.421156e-02 1.603949e+01 2.926143e-03 9.999942e-01 -1.752582e-03 -8.432110e-01 -1.420639e-02 1.793984e-03 9.998975e-01 1.166460e+01
9.998023e-01 3.284202e-03 -1.960970e-02 1.607767e+01 -3.227366e-03 9.999905e-01 2.929287e-03 -8.475619e-01 1.961913e-02 -2.865421e-03 9.998034e-01 1.136089e+01
9.998963e-01 -2.835897e-03 1.411611e-02 1.620797e+01 2.858987e-03 9.999946e-01 -1.615821e-03 -8.505858e-01 -1.411145e-02 1.656012e-03 9.998991e-01 1.091964e+01
9.998123e-01 3.226361e-03 -1.910454e-02 1.618376e+01 -3.172693e-03 9.999909e-01 2.838797e-03 -8.537502e-01 1.911352e-02 -2.777652e-03 9.998135e-01 1.054546e+01
9.998954e-01 -2.790375e-03 1.419164e-02 1.613424e+01 2.812633e-03 9.999948e-01 -1.548697e-03 -8.538625e-01 -1.418724e-02 1.588451e-03 9.998981e-01 1.008369e+01
9.998087e-01 3.244296e-03 -1.929054e-02 1.606227e+01 -3.191918e-03 9.999911e-01 2.745383e-03 -8.549728e-01 1.929927e-02 -2.683285e-03 9.998102e-01 9.818860e+00
9.998970e-01 -2.791196e-03 1.408051e-02 1.601855e+01 2.818139e-03 9.999942e-01 -1.894001e-03 -8.605691e-01 -1.407514e-02 1.933488e-03 9.998991e-01 9.890064e+00
9.998084e-01 3.234211e-03 -1.930751e-02 1.600384e+01 -3.177657e-03 9.999906e-01 2.959084e-03 -8.641169e-01 1.931690e-02 -2.897165e-03 9.998092e-01 9.762265e+00
9.998965e-01 -2.761329e-03 1.412046e-02 1.589867e+01 2.791579e-03 9.999939e-01 -2.122973e-03 -8.675001e-01 -1.411451e-02 2.162172e-03 9.998980e-01 9.894339e+00
9.998056e-01 3.195725e-03 -1.945628e-02 1.573386e+01 -3.139788e-03 9.999909e-01 2.904909e-03 -8.690658e-01 1.946539e-02 -2.843257e-03 9.998065e-01 1.008959e+01
9.998950e-01 -2.648340e-03 1.424849e-02 1.562592e+01 2.680482e-03 9.999939e-01 -2.237178e-03 -8.711586e-01 -1.424248e-02 2.275137e-03 9.998960e-01 1.052893e+01
9.997934e-01 3.163889e-03 -2.007901e-02 1.571576e+01 -3.103241e-03 9.999905e-01 3.050928e-03 -8.812832e-01 2.008847e-02 -2.987988e-03 9.997937e-01 1.073273e+01
9.998904e-01 -2.648873e-03 1.456497e-02 1.566941e+01 2.681379e-03 9.999940e-01 -2.212709e-03 -8.878364e-01 -1.455902e-02 2.251521e-03 9.998915e-01 1.091942e+01
9.997921e-01 3.134268e-03 -2.014864e-02 1.556420e+01 -3.074769e-03 9.999908e-01 2.983322e-03 -8.902864e-01 2.015781e-02 -2.920750e-03 9.997925e-01 1.113975e+01
9.998859e-01 -2.676852e-03 1.486945e-02 1.565123e+01 2.704669e-03 9.999946e-01 -1.850901e-03 -8.938194e-01 -1.486442e-02 1.890907e-03 9.998877e-01 1.088938e+01
9.997986e-01 3.164431e-03 -1.982033e-02 1.565504e+01 -3.104419e-03 9.999905e-01 3.057857e-03 -8.952076e-01 1.982981e-02 -2.995711e-03 9.997989e-01 1.058126e+01
9.998872e-01 -2.674035e-03 1.477950e-02 1.563315e+01 2.706490e-03 9.999940e-01 -2.176384e-03 -9.005509e-01 -1.477359e-02 2.216139e-03 9.998884e-01 1.062604e+01
9.997900e-01 3.110773e-03 -2.025762e-02 1.548441e+01 -3.044123e-03 9.999899e-01 3.320138e-03 -8.964744e-01 2.026774e-02 -3.257774e-03 9.997893e-01 1.043223e+01
9.998808e-01 -2.702769e-03 1.519893e-02 1.551593e+01 2.734768e-03 9.999941e-01 -2.084984e-03 -8.974606e-01 -1.519321e-02 2.126302e-03 9.998823e-01 1.001767e+01
9.997894e-01 3.223637e-03 -2.026771e-02 1.557369e+01 -3.163280e-03 9.999905e-01 3.009334e-03 -9.048387e-01 2.027722e-02 -2.944588e-03 9.997901e-01 1.004810e+01
9.999411e-01 -2.216481e-03 1.062572e-02 1.627641e+01 2.227414e-03 9.999970e-01 -1.017090e-03 -9.113084e-01 -1.062344e-02 1.040699e-03 9.999430e-01 9.564424e+00
9.998084e-01 2.972806e-03 -1.934834e-02 1.683667e+01 -2.958074e-03 9.999953e-01 7.900091e-04 -9.433963e-01 1.935060e-02 -7.326246e-04 9.998125e-01 1.018330e+01
9.998755e-01 -2.158617e-03 1.563195e-02 1.701844e+01 2.177746e-03 9.999969e-01 -1.206776e-03 -9.779996e-01 -1.562930e-02 1.240668e-03 9.998771e-01 1.139547e+01
9.997424e-01 2.980478e-03 -2.249785e-02 1.741562e+01 -2.965083e-03 9.999953e-01 7.176139e-04 -1.016655e+00 2.249988e-02 -6.507218e-04 9.997466e-01 1.248053e+01
9.999806e-01 -1.581022e-03 6.016954e-03 1.882979e+01 1.580820e-03 9.999987e-01 3.849964e-05 -1.055853e+00 -6.017007e-03 -2.898649e-05 9.999819e-01 1.271169e+01
9.999243e-01 2.572265e-03 -1.203062e-02 1.921025e+01 -2.587811e-03 9.999958e-01 -1.276827e-03 -1.099758e+00 1.202728e-02 1.307862e-03 9.999268e-01 1.414132e+01
9.999922e-01 -1.729308e-03 3.537358e-03 1.967724e+01 1.723897e-03 9.999973e-01 1.532156e-03 -1.135730e+00 -3.539998e-03 -1.526045e-03 9.999926e-01 1.502884e+01
9.998816e-01 2.514983e-03 -1.517786e-02 2.031284e+01 -2.538418e-03 9.999956e-01 -1.524940e-03 -1.166548e+00 1.517396e-02 1.563286e-03 9.998836e-01 1.564266e+01
9.999753e-01 -1.725186e-03 6.808444e-03 2.066207e+01 1.710862e-03 9.999963e-01 2.109144e-03 -1.191021e+00 -6.812057e-03 -2.097443e-03 9.999746e-01 1.608957e+01
9.998578e-01 2.449215e-03 -1.668540e-02 2.116390e+01 -2.465038e-03 9.999965e-01 -9.277868e-04 -1.205730e+00 1.668307e-02 9.687843e-04 9.998604e-01 1.599081e+01
9.999344e-01 -2.070906e-03 1.126917e-02 2.132745e+01 2.045536e-03 9.999953e-01 2.262328e-03 -1.207502e+00 -1.127380e-02 -2.239127e-03 9.999339e-01 1.550228e+01
9.998672e-01 2.450527e-03 -1.610858e-02 2.144938e+01 -2.466299e-03 9.999965e-01 -9.593135e-04 -1.208904e+00 1.610618e-02 9.989140e-04 9.998698e-01 1.493773e+01
9.999523e-01 -1.980083e-03 9.564515e-03 2.177117e+01 1.957392e-03 9.999952e-01 2.381204e-03 -1.212830e+00 -9.569184e-03 -2.362368e-03 9.999514e-01 1.450732e+01
9.998667e-01 2.443949e-03 -1.614499e-02 2.203291e+01 -2.459357e-03 9.999965e-01 -9.345579e-04 -1.216127e+00 1.614265e-02 9.741389e-04 9.998692e-01 1.407306e+01
9.999712e-01 -1.662009e-03 7.407024e-03 2.260714e+01 1.645111e-03 9.999960e-01 2.286784e-03 -1.227038e+00 -7.410795e-03 -2.274532e-03 9.999700e-01 1.377537e+01
9.998640e-01 2.422440e-03 -1.631035e-02 2.314847e+01 -2.435726e-03 9.999967e-01 -7.947654e-04 -1.231818e+00 1.630837e-02 8.343842e-04 9.998667e-01 1.328540e+01
9.999457e-01 -1.972773e-03 1.023560e-02 2.339944e+01 1.951180e-03 9.999959e-01 2.119128e-03 -1.234729e+00 -1.023974e-02 -2.099041e-03 9.999454e-01 1.283615e+01
9.998641e-01 2.507683e-03 -1.629622e-02 2.365316e+01 -2.520879e-03 9.999965e-01 -7.892644e-04 -1.237224e+00 1.629418e-02 8.302372e-04 9.998669e-01 1.235170e+01
9.999446e-01 -2.014514e-03 1.033363e-02 2.391677e+01 1.994755e-03 9.999962e-01 1.922047e-03 -1.243823e+00 -1.033747e-02 -1.901327e-03 9.999448e-01 1.200405e+01
9.998660e-01 2.558452e-03 -1.617153e-02 2.417994e+01 -2.574304e-03 9.999962e-01 -9.594899e-04 -1.253450e+00 1.616901e-02 1.000991e-03 9.998688e-01 1.178298e+01
9.999344e-01 -2.158849e-03 1.124969e-02 2.436779e+01 2.137969e-03 9.999960e-01 1.867768e-03 -1.261867e+00 -1.125368e-02 -1.843593e-03 9.999350e-01 1.151436e+01
9.998560e-01 2.650906e-03 -1.676164e-02 2.460840e+01 -2.667060e-03 9.999960e-01 -9.413964e-04 -1.274233e+00 1.675908e-02 9.859645e-04 9.998591e-01 1.133780e+01
9.999519e-01 -1.929878e-03 9.611117e-03 2.505433e+01 1.907880e-03 9.999955e-01 2.297503e-03 -1.277660e+00 -9.615508e-03 -2.279055e-03 9.999512e-01 1.073615e+01
9.998654e-01 2.646260e-03 -1.619319e-02 2.553117e+01 -2.665888e-03 9.999957e-01 -1.190638e-03 -1.285833e+00 1.618997e-02 1.233647e-03 9.998682e-01 1.023811e+01
9.999644e-01 -1.851891e-03 8.227922e-03 2.611365e+01 1.832246e-03 9.999955e-01 2.394526e-03 -1.296026e+00 -8.232319e-03 -2.379365e-03 9.999633e-01 9.774490e+00
9.998983e-01 2.427540e-03 -1.405446e-02 2.641981e+01 -2.437994e-03 9.999968e-01 -7.266590e-04 -1.293450e+00 1.405265e-02 7.608491e-04 9.999010e-01 8.941679e+00
9.999526e-01 -1.917197e-03 9.548484e-03 2.663957e+01 1.895468e-03 9.999956e-01 2.284256e-03 -1.290197e+00 -9.552821e-03 -2.266048e-03 9.999518e-01 8.016933e+00
9.998495e-01 2.734627e-03 -1.712956e-02 2.722817e+01 -2.746969e-03 9.999960e-01 -6.970294e-04 -1.292547e+00 1.712758e-02 7.439782e-04 9.998530e-01 7.284907e+00
9.999684e-01 -1.879155e-03 7.728593e-03 2.796810e+01 1.862702e-03 9.999960e-01 2.135557e-03 -1.300482e+00 -7.732575e-03 -2.121093e-03 9.999679e-01 6.700647e+00
9.998846e-01 2.640087e-03 -1.495924e-02 2.849147e+01 -2.650734e-03 9.999962e-01 -6.919212e-04 -1.302357e+00 1.495736e-02 7.314937e-04 9.998879e-01 5.938983e+00
9.999207e-01 -2.245326e-03 1.238978e-02 2.854243e+01 2.214801e-03 9.999945e-01 2.476915e-03 -1.293422e+00 -1.239528e-02 -2.449277e-03 9.999202e-01 4.560823e+00
9.998882e-01 2.631471e-03 -1.471786e-02 2.853048e+01 -2.641015e-03 9.999963e-01 -6.290355e-04 -1.283612e+00 1.471615e-02 6.678346e-04 9.998915e-01 3.139264e+00
9.999348e-01 -2.116058e-03 1.121689e-02 2.873704e+01 2.090362e-03 9.999952e-01 2.302034e-03 -1.277364e+00 -1.122171e-02 -2.278436e-03 9.999344e-01 1.986841e+00
9.998630e-01 2.666419e-03 -1.633675e-02 2.904042e+01 -2.677582e-03 9.999962e-01 -6.614557e-04 -1.272537e+00 1.633493e-02 7.051074e-04 9.998663e-01 1.005605e+00
9.999173e-01 -2.208461e-03 1.267245e-02 2.915374e+01 2.177212e-03 9.999946e-01 2.479166e-03 -1.264051e+00 -1.267786e-02 -2.451369e-03 9.999166e-01 -2.793435e-01
9.998785e-01 2.698229e-03 -1.535510e-02 2.927569e+01 -2.707809e-03 9.999962e-01 -6.031280e-04 -1.253217e+00 1.535342e-02 6.446327e-04 9.998819e-01 -1.758386e+00
9.999584e-01 -1.915478e-03 8.916100e-03 2.979463e+01 1.893847e-03 9.999952e-01 2.433924e-03 -1.248724e+00 -8.920720e-03 -2.416936e-03 9.999573e-01 -2.822251e+00
9.999065e-01 2.477998e-03 -1.344436e-02 3.005059e+01 -2.487376e-03 9.999967e-01 -6.808500e-04 -1.240863e+00 1.344263e-02 7.142268e-04 9.999094e-01 -4.039524e+00
9.999559e-01 -1.961591e-03 9.180697e-03 3.034347e+01 1.945753e-03 9.999966e-01 1.733730e-03 -1.243809e+00 -9.184067e-03 -1.715789e-03 9.999564e-01 -4.616831e+00
9.999066e-01 2.380716e-03 -1.345656e-02 3.054449e+01 -2.385000e-03 9.999971e-01 -3.023321e-04 -1.243772e+00 1.345580e-02 3.343971e-04 9.999094e-01 -5.405218e+00
9.999443e-01 -1.968641e-03 1.036897e-02 3.064429e+01 1.947741e-03 9.999961e-01 2.025357e-03 -1.235949e+00 -1.037291e-02 -2.005047e-03 9.999442e-01 -6.616233e+00
9.998959e-01 2.479274e-03 -1.421629e-02 3.088732e+01 -2.485340e-03 9.999968e-01 -4.090222e-04 -1.230395e+00 1.421523e-02 4.443113e-04 9.998989e-01 -7.656410e+00
9.999848e-01 -1.466292e-03 5.308473e-03 3.174151e+01 1.458742e-03 9.999979e-01 1.425892e-03 -1.248338e+00 -5.310553e-03 -1.418126e-03 9.999849e-01 -8.082609e+00
9.999010e-01 2.484506e-03 -1.384803e-02 3.258777e+01 -2.485908e-03 9.999969e-01 -8.404394e-05 -1.258178e+00 1.384778e-02 1.184599e-04 9.999041e-01 -8.747411e+00
9.999796e-01 -1.583523e-03 6.181936e-03 3.329357e+01 1.573961e-03 9.999976e-01 1.551315e-03 -1.262514e+00 -6.184377e-03 -1.541553e-03 9.999797e-01 -9.538706e+00
9.999537e-01 2.079740e-03 -9.396252e-03 3.346962e+01 -2.078220e-03 9.999978e-01 1.715943e-04 -1.254174e+00 9.396588e-03 -1.520595e-04 9.999558e-01 -1.081708e+01
9.999749e-01 -1.686066e-03 6.882596e-03 3.352056e+01 1.675318e-03 9.999974e-01 1.567107e-03 -1.245930e+00 -6.885220e-03 -1.555537e-03 9.999751e-01 -1.213333e+01
9.999365e-01 2.385245e-03 -1.101535e-02 3.382270e+01 -2.383031e-03 9.999971e-01 2.141085e-04 -1.239210e+00 1.101583e-02 -1.878456e-04 9.999393e-01 -1.336363e+01
9.999933e-01 -1.435870e-03 3.381682e-03 3.449369e+01 1.430485e-03 9.999977e-01 1.594378e-03 -1.236813e+00 -3.383963e-03 -1.589529e-03 9.999930e-01 -1.438625e+01
9.999488e-01 2.287723e-03 -9.857658e-03 3.502191e+01 -2.287423e-03 9.999974e-01 4.171067e-05 -1.234504e+00 9.857728e-03 -1.916056e-05 9.999514e-01 -1.535962e+01
9.999952e-01 -1.411877e-03 2.752180e-03 3.561869e+01 1.407839e-03 9.999979e-01 1.468742e-03 -1.236033e+00 -2.754248e-03 -1.464860e-03 9.999951e-01 -1.622316e+01
9.999592e-01 2.093326e-03 -8.787096e-03 3.609577e+01 -2.093341e-03 9.999978e-01 7.524488e-06 -1.236946e+00 8.787093e-03 1.086954e-05 9.999614e-01 -1.704242e+01
9.999827e-01 -1.576619e-03 5.658193e-03 3.625975e+01 1.566576e-03 9.999972e-01 1.779027e-03 -1.228178e+00 -5.660982e-03 -1.770131e-03 9.999824e-01 -1.836522e+01
9.999719e-01 1.998458e-03 -7.230962e-03 3.619467e+01 -1.996972e-03 9.999980e-01 2.128060e-04 -1.215526e+00 7.231373e-03 -1.983606e-04 9.999738e-01 -2.006042e+01
9.999675e-01 1.211566e-04 -8.060350e-03 3.795274e+01 -9.947276e-05 9.999964e-01 2.690494e-03 -1.213510e+00 8.060647e-03 -2.689604e-03 9.999639e-01 -2.151072e+01
9.999597e-01 1.505677e-03 -8.848163e-03 3.972618e+01 -1.512560e-03 9.999986e-01 -7.712263e-04 -1.217775e+00 8.846989e-03 7.845780e-04 9.999606e-01 -2.267938e+01
9.999910e-01 -1.017874e-03 4.109950e-03 3.990601e+01 1.009058e-03 9.999972e-01 2.146736e-03 -1.218296e+00 -4.112124e-03 -2.142569e-03 9.999892e-01 -2.341045e+01
9.999524e-01 1.380747e-03 -9.658079e-03 3.955945e+01 -1.390643e-03 9.999985e-01 -1.017990e-03 -1.208620e+00 9.656659e-03 1.031372e-03 9.999528e-01 -2.358999e+01
9.999978e-01 -7.151139e-04 1.993802e-03 3.968017e+01 7.108243e-04 9.999974e-01 2.151526e-03 -1.213906e+00 -1.995335e-03 -2.150103e-03 9.999957e-01 -2.347725e+01
9.999772e-01 1.358701e-03 -6.620346e-03 3.992893e+01 -1.361162e-03 9.999990e-01 -3.671509e-04 -1.209912e+00 6.619840e-03 3.761532e-04 9.999780e-01 -2.451129e+01
9.999974e-01 -6.487017e-04 2.179161e-03 4.025882e+01 6.439419e-04 9.999974e-01 2.184385e-03 -1.201803e+00 -2.180572e-03 -2.182975e-03 9.999952e-01 -2.583859e+01
9.999825e-01 1.343828e-03 -5.761205e-03 4.056611e+01 -1.345491e-03 9.999991e-01 -2.846309e-04 -1.191774e+00 5.760817e-03 2.923769e-04 9.999834e-01 -2.730036e+01
9.999965e-01 -8.423746e-04 2.488199e-03 4.076414e+01 8.374363e-04 9.999977e-01 1.985181e-03 -1.183408e+00 -2.489865e-03 -1.983090e-03 9.999949e-01 -2.854125e+01
9.999844e-01 1.201160e-03 -5.454528e-03 4.077637e+01 -1.203465e-03 9.999992e-01 -4.193749e-04 -1.178491e+00 5.454020e-03 4.259321e-04 9.999850e-01 -2.963821e+01
9.999973e-01 -7.248362e-04 2.229942e-03 4.094007e+01 7.202303e-04 9.999976e-01 2.065744e-03 -1.171725e+00 -2.231433e-03 -2.064131e-03 9.999954e-01 -3.081040e+01
9.999888e-01 1.085292e-03 -4.600616e-03 4.093547e+01 -1.087079e-03 9.999993e-01 -3.858414e-04 -1.164726e+00 4.600194e-03 3.908377e-04 9.999893e-01 -3.208598e+01
9.999970e-01 -6.733290e-04 2.341540e-03 4.090723e+01 6.680961e-04 9.999973e-01 2.235028e-03 -1.154520e+00 -2.343039e-03 -2.233456e-03 9.999948e-01 -3.359609e+01
9.999882e-01 1.119008e-03 -4.731054e-03 4.100564e+01 -1.120814e-03 9.999993e-01 -3.790221e-04 -1.143757e+00 4.730627e-03 3.843196e-04 9.999887e-01 -3.509987e+01
9.999968e-01 -6.575370e-04 2.439845e-03 4.112522e+01 6.521449e-04 9.999973e-01 2.210296e-03 -1.132909e+00 -2.441291e-03 -2.208697e-03 9.999946e-01 -3.661455e+01
9.999855e-01 1.136443e-03 -5.270766e-03 4.129796e+01 -1.139177e-03 9.999992e-01 -5.156529e-04 -1.124359e+00 5.270176e-03 5.216490e-04 9.999860e-01 -3.793719e+01
9.999954e-01 -7.530342e-04 2.954724e-03 4.133352e+01 7.462486e-04 9.999971e-01 2.297049e-03 -1.114969e+00 -2.956445e-03 -2.294833e-03 9.999930e-01 -3.934500e+01
9.999839e-01 1.160702e-03 -5.553947e-03 4.136602e+01 -1.163663e-03 9.999992e-01 -5.299992e-04 -1.105736e+00 5.553327e-03 5.364529e-04 9.999844e-01 -4.072251e+01
9.999965e-01 -7.671289e-04 2.524889e-03 4.135952e+01 7.615489e-04 9.999973e-01 2.210324e-03 -1.098891e+00 -2.526578e-03 -2.208392e-03 9.999944e-01 -4.192953e+01
9.999862e-01 1.161911e-03 -5.131785e-03 4.131210e+01 -1.164381e-03 9.999992e-01 -4.782264e-04 -1.090966e+00 5.131225e-03 4.841944e-04 9.999867e-01 -4.323793e+01
9.999939e-01 -7.755021e-04 3.398088e-03 4.117732e+01 7.669948e-04 9.999966e-01 2.504252e-03 -1.077503e+00 -3.400019e-03 -2.501630e-03 9.999911e-01 -4.493461e+01
9.999910e-01 1.204475e-03 -4.056356e-03 4.101084e+01 -1.205307e-03 9.999993e-01 -2.027441e-04 -1.058706e+00 4.056109e-03 2.076308e-04 9.999918e-01 -4.710276e+01
9.999918e-01 -8.016626e-04 3.958029e-03 4.087687e+01 7.912717e-04 9.999962e-01 2.626231e-03 -1.037194e+00 -3.960119e-03 -2.623077e-03 9.999887e-01 -4.940944e+01
9.999806e-01 1.292720e-03 -6.088670e-03 4.106204e+01 -1.297250e-03 9.999989e-01 -7.400593e-04 -1.024631e+00 6.087706e-03 7.479428e-04 9.999812e-01 -5.094178e+01
9.999917e-01 -8.766596e-04 3.974470e-03 4.104990e+01 8.656931e-04 9.999958e-01 2.760204e-03 -1.011704e+00 -3.976873e-03 -2.756740e-03 9.999883e-01 -5.263763e+01
9.999850e-01 1.241429e-03 -5.336301e-03 4.085420e+01 -1.245352e-03 9.999990e-01 -7.318234e-04 -9.990480e-01 5.335387e-03 7.384573e-04 9.999855e-01 -5.432156e+01
9.999989e-01 -8.279906e-04 1.258470e-03 4.082523e+01 8.254792e-04 9.999977e-01 1.995125e-03 -9.960476e-01 -1.260119e-03 -1.994083e-03 9.999972e-01 -5.486922e+01
9.999854e-01 1.182306e-03 -5.277450e-03 4.067879e+01 -1.185928e-03 9.999991e-01 -6.831962e-04 -9.935854e-01 5.276637e-03 6.894443e-04 9.999858e-01 -5.552215e+01
9.999957e-01 -9.971161e-04 2.762618e-03 4.036110e+01 9.899506e-04 9.999961e-01 2.594015e-03 -9.815524e-01 -2.765194e-03 -2.591268e-03 9.999928e-01 -5.696546e+01
9.999871e-01 1.187467e-03 -4.946597e-03 3.998290e+01 -1.190247e-03 9.999991e-01 -5.591553e-04 -9.673683e-01 4.945929e-03 5.650350e-04 9.999876e-01 -5.861648e+01
9.999971e-01 -9.282910e-04 2.202745e-03 3.975959e+01 9.232294e-04 9.999969e-01 2.297933e-03 -9.589600e-01 -2.204871e-03 -2.295892e-03 9.999949e-01 -5.988208e+01
9.999790e-01 1.298349e-03 -6.348257e-03 3.972673e+01 -1.302626e-03 9.999989e-01 -6.696654e-04 -9.515384e-01 6.347380e-03 6.779201e-04 9.999796e-01 -6.091427e+01
9.999993e-01 -8.093004e-04 -8.508717e-04 3.985104e+01 8.111390e-04 9.999973e-01 2.162346e-03 -9.490578e-01 8.491197e-04 -2.163034e-03 9.999973e-01 -6.134697e+01
9.999882e-01 1.287205e-03 -4.686333e-03 4.009293e+01 -1.289576e-03 9.999990e-01 -5.029023e-04 -9.449333e-01 4.685681e-03 5.089391e-04 9.999889e-01 -6.220696e+01
9.999989e-01 -8.721618e-04 1.159015e-03 4.025259e+01 8.695761e-04 9.999971e-01 2.229930e-03 -9.356265e-01 -1.160957e-03 -2.228919e-03 9.999968e-01 -6.347240e+01
9.999878e-01 1.259864e-03 -4.784506e-03 4.038036e+01 -1.261786e-03 9.999991e-01 -3.985385e-04 -9.252410e-01 4.783999e-03 4.045700e-04 9.999885e-01 -6.472440e+01
9.999996e-01 -7.150928e-04 4.963955e-04 4.056410e+01 7.140203e-04 9.999974e-01 2.158066e-03 -9.187042e-01 -4.979372e-04 -2.157710e-03 9.999975e-01 -6.588209e+01
9.999901e-01 1.193788e-03 -4.296780e-03 4.077611e+01 -1.196554e-03 9.999991e-01 -6.413397e-04 -9.135625e-01 4.296011e-03 6.464740e-04 9.999906e-01 -6.687412e+01
9.999989e-01 -5.791374e-04 -1.390250e-03 4.126198e+01 5.817160e-04 9.999981e-01 1.854830e-03 -9.198234e-01 1.389173e-03 -1.855635e-03 9.999973e-01 -6.746147e+01
9.999920e-01 1.069911e-03 -3.846828e-03 4.155631e+01 -1.070354e-03 9.999994e-01 -1.129898e-04 -9.144529e-01 3.846705e-03 1.171057e-04 9.999926e-01 -6.839927e+01
9.999996e-01 -6.591830e-04 6.419523e-04 4.164304e+01 6.580190e-04 9.999981e-01 1.812262e-03 -9.062950e-01 -6.431455e-04 -1.811838e-03 9.999982e-01 -6.960974e+01
9.999925e-01 1.048005e-03 -3.738984e-03 4.160072e+01 -1.048468e-03 9.999994e-01 -1.218691e-04 -8.995023e-01 3.738854e-03 1.257877e-04 9.999930e-01 -7.076485e+01
9.999986e-01 -6.800121e-04 1.553124e-03 4.144917e+01 6.769207e-04 9.999978e-01 1.990287e-03 -8.891894e-01 -1.554474e-03 -1.989233e-03 9.999968e-01 -7.221073e+01
9.999883e-01 1.071639e-03 -4.727514e-03 4.143006e+01 -1.073004e-03 9.999994e-01 -2.861505e-04 -8.816834e-01 4.727204e-03 2.912191e-04 9.999888e-01 -7.341750e+01
9.999996e-01 -6.334554e-04 5.518646e-04 4.139568e+01 6.324531e-04 9.999982e-01 1.815226e-03 -8.797696e-01 -5.530132e-04 -1.814876e-03 9.999982e-01 -7.427025e+01
9.998981e-01 2.204866e-03 -1.410675e-02 4.271609e+01 -2.199807e-03 9.999975e-01 3.741458e-04 -8.877075e-01 1.410754e-02 -3.430761e-04 9.999004e-01 -7.501990e+01
9.999616e-01 -2.839716e-04 -8.759686e-03 4.476536e+01 2.588005e-04 9.999958e-01 -2.874551e-03 -1.007241e+00 8.760466e-03 2.872174e-03 9.999575e-01 -7.336725e+01
9.999575e-01 9.240148e-04 9.167911e-03 4.517502e+01 -9.248492e-04 9.999996e-01 8.673926e-05 -1.094074e+00 -9.167827e-03 -9.521514e-05 9.999580e-01 -7.087158e+01
9.998877e-01 -7.264486e-04 -1.496687e-02 4.516560e+01 7.389363e-04 9.999994e-01 8.288195e-04 -1.101881e+00 1.496626e-02 -8.397854e-04 9.998876e-01 -7.116017e+01
9.999386e-01 1.191282e-03 1.101428e-02 4.525858e+01 -1.201911e-03 9.999988e-01 9.584427e-04 -1.094543e+00 -1.101313e-02 -9.716226e-04 9.999389e-01 -7.240092e+01
9.998831e-01 -7.514356e-04 -1.526949e-02 4.537507e+01 7.609312e-04 9.999995e-01 6.160448e-04 -1.090227e+00 1.526902e-02 -6.275912e-04 9.998832e-01 -7.340768e+01
9.999388e-01 1.143081e-03 1.100013e-02 4.549879e+01 -1.154120e-03 9.999988e-01 9.972330e-04 -1.086235e+00 -1.099897e-02 -1.009868e-03 9.999390e-01 -7.432216e+01
9.998934e-01 -7.705615e-04 -1.458100e-02 4.556183e+01 7.814066e-04 9.999994e-01 7.380690e-04 -1.076708e+00 1.458042e-02 -7.493834e-04 9.998934e-01 -7.557210e+01
9.999691e-01 1.292083e-03 7.754981e-03 4.602480e+01 -1.303630e-03 9.999980e-01 1.484077e-03 -1.067407e+00 -7.753049e-03 -1.494142e-03 9.999688e-01 -7.676695e+01
9.999201e-01 -8.694679e-04 -1.260906e-02 4.629687e+01 8.742131e-04 9.999995e-01 3.708004e-04 -1.059025e+00 1.260873e-02 -3.817932e-04 9.999204e-01 -7.787261e+01
9.999712e-01 1.338154e-03 7.476684e-03 4.660264e+01 -1.347140e-03 9.999984e-01 1.196853e-03 -1.056062e+00 -7.475070e-03 -1.206891e-03 9.999713e-01 -7.874150e+01
9.998735e-01 -5.292491e-04 -1.589910e-02 4.723496e+01 5.254603e-04 9.999998e-01 -2.425028e-04 -1.071443e+00 1.589923e-02 2.341184e-04 9.998736e-01 -7.896531e+01
9.999755e-01 1.183315e-03 6.901273e-03 4.784733e+01 -1.190448e-03 9.999988e-01 1.029423e-03 -1.097721e+00 -6.900046e-03 -1.037614e-03 9.999757e-01 -7.880658e+01
9.995767e-01 7.348037e-04 -2.908491e-02 4.973177e+01 -7.575904e-04 9.999994e-01 -7.724561e-04 -1.171437e+00 2.908433e-02 7.941641e-04 9.995766e-01 -7.817802e+01
9.999683e-01 5.286731e-04 7.946016e-03 5.150944e+01 -5.223094e-04 9.999995e-01 -8.029684e-04 -1.263592e+00 -7.946437e-03 7.987921e-04 9.999681e-01 -7.718286e+01
9.999103e-01 4.430991e-05 -1.339369e-02 5.160360e+01 -1.919675e-05 9.999982e-01 1.875092e-03 -1.257563e+00 1.339375e-02 -1.874666e-03 9.999085e-01 -7.742769e+01
9.999582e-01 1.913003e-04 9.138348e-03 5.156727e+01 -1.907234e-04 1.000000e+00 -6.405003e-05 -1.245831e+00 -9.138360e-03 6.230385e-05 9.999582e-01 -7.855832e+01
9.999023e-01 1.816155e-04 -1.397762e-02 5.173749e+01 -1.586617e-04 9.999986e-01 1.643246e-03 -1.240511e+00 1.397790e-02 -1.640867e-03 9.999010e-01 -7.953585e+01
9.999897e-01 4.751681e-04 4.518692e-03 5.232257e+01 -4.763168e-04 9.999999e-01 2.530576e-04 -1.239375e+00 -4.518572e-03 -2.552079e-04 9.999898e-01 -8.017937e+01
9.999331e-01 2.275881e-04 -1.156467e-02 5.276768e+01 -2.088600e-04 9.999987e-01 1.620576e-03 -1.235437e+00 1.156502e-02 -1.618052e-03 9.999318e-01 -8.109440e+01
9.999921e-01 7.763934e-04 3.891399e-03 5.331537e+01 -7.783577e-04 9.999996e-01 5.031983e-04 -1.230983e+00 -3.891007e-03 -5.062239e-04 9.999923e-01 -8.221277e+01
9.999812e-01 -3.143887e-04 -6.121895e-03 5.341914e+01 3.223572e-04 9.999991e-01 1.300620e-03 -1.220317e+00 6.121481e-03 -1.302568e-03 9.999804e-01 -8.364377e+01
9.999922e-01 7.231359e-04 3.878575e-03 5.338789e+01 -7.254332e-04 9.999996e-01 5.908358e-04 -1.209090e+00 -3.878146e-03 -5.936454e-04 9.999923e-01 -8.516947e+01
9.999772e-01 -2.889701e-04 -6.750446e-03 5.350573e+01 2.964717e-04 9.999993e-01 1.110232e-03 -1.200053e+00 6.750121e-03 -1.112207e-03 9.999766e-01 -8.644924e+01
9.999955e-01 7.600127e-04 2.912543e-03 5.370615e+01 -7.621397e-04 9.999994e-01 7.291159e-04 -1.190532e+00 -2.911988e-03 -7.313329e-04 9.999955e-01 -8.775247e+01
9.999606e-01 -2.602088e-04 -8.874544e-03 5.410856e+01 2.573670e-04 9.999999e-01 -3.214064e-04 -1.213291e+00 8.874627e-03 3.191103e-04 9.999606e-01 -8.753394e+01
9.999901e-01 9.235923e-04 4.341455e-03 5.431348e+01 -9.226141e-04 9.999995e-01 -2.274243e-04 -1.243797e+00 -4.341663e-03 2.234160e-04 9.999906e-01 -8.654898e+01
9.999756e-01 8.723006e-05 -6.979701e-03 5.450464e+01 -9.271039e-05 9.999997e-01 -7.849216e-04 -1.286425e+00 6.979630e-03 7.855502e-04 9.999753e-01 -8.502002e+01
9.999804e-01 6.814885e-04 6.216537e-03 5.464948e+01 -6.755236e-04 9.999993e-01 -9.616384e-04 -1.338767e+00 -6.217188e-03 9.574196e-04 9.999802e-01 -8.309944e+01
9.999442e-01 -4.367869e-04 -1.055631e-02 5.439827e+01 4.572824e-04 9.999980e-01 1.939161e-03 -1.333946e+00 1.055544e-02 -1.943879e-03 9.999424e-01 -8.356677e+01
9.999761e-01 8.586421e-04 6.866525e-03 5.451871e+01 -8.570214e-04 9.999996e-01 -2.390380e-04 -1.325634e+00 -6.866728e-03 2.331470e-04 9.999764e-01 -8.474172e+01
9.998771e-01 4.213812e-05 -1.567629e-02 5.520448e+01 -2.616916e-05 9.999995e-01 1.018847e-03 -1.348216e+00 1.567632e-02 -1.018311e-03 9.998766e-01 -8.481477e+01
9.999986e-01 1.313629e-03 1.031772e-03 5.635782e+01 -1.313881e-03 9.999991e-01 2.426059e-04 -1.378762e+00 -1.031453e-03 -2.439618e-04 9.999994e-01 -8.505391e+01
9.998942e-01 -3.784377e-04 -1.454451e-02 5.730073e+01 3.947728e-04 9.999993e-01 1.120228e-03 -1.400708e+00 1.454408e-02 -1.125851e-03 9.998936e-01 -8.522690e+01
9.999352e-01 1.644992e-03 1.126619e-02 5.769531e+01 -1.616150e-03 9.999954e-01 -2.568718e-03 -1.461745e+00 -1.127036e-02 2.550343e-03 9.999332e-01 -8.336631e+01
9.998897e-01 -9.865309e-04 -1.481617e-02 5.823317e+01 9.971358e-04 9.999993e-01 7.083667e-04 -1.534787e+00 1.481546e-02 -7.230617e-04 9.998900e-01 -8.150249e+01
9.999825e-01 1.805441e-03 5.638739e-03 5.888376e+01 -1.807769e-03 9.999983e-01 4.077068e-04 -1.548795e+00 -5.637993e-03 -4.178938e-04 9.999840e-01 -8.175822e+01
9.998719e-01 -7.922796e-04 -1.598747e-02 5.971483e+01 8.104883e-04 9.999990e-01 1.132462e-03 -1.556123e+00 1.598656e-02 -1.145274e-03 9.998716e-01 -8.231106e+01
9.999579e-01 1.445846e-03 9.061208e-03 6.016542e+01 -1.447501e-03 9.999989e-01 1.759916e-04 -1.560948e+00 -9.060944e-03 -1.891009e-04 9.999589e-01 -8.283216e+01
9.997958e-01 -3.649795e-04 -2.020563e-02 6.096430e+01 3.694922e-04 9.999999e-01 2.195820e-04 -1.593300e+00 2.020555e-02 -2.270024e-04 9.997958e-01 -8.249231e+01
9.999649e-01 1.577831e-03 8.228724e-03 6.185848e+01 -1.578199e-03 9.999988e-01 3.816764e-05 -1.626079e+00 -8.228654e-03 -5.115343e-05 9.999661e-01 -8.207592e+01
9.997437e-01 -9.113616e-05 -2.264010e-02 6.301223e+01 1.056905e-04 9.999998e-01 6.416395e-04 -1.665120e+00 2.264004e-02 -6.438673e-04 9.997435e-01 -8.149413e+01
9.998687e-01 7.266292e-04 1.619023e-02 6.337712e+01 -7.434016e-04 9.999992e-01 1.029934e-03 -1.663925e+00 -1.618947e-02 -1.041835e-03 9.998684e-01 -8.228385e+01
9.997923e-01 -2.013374e-04 -2.037821e-02 6.361859e+01 2.026949e-04 1.000000e+00 6.452686e-05 -1.668956e+00 2.037820e-02 -6.864344e-05 9.997923e-01 -8.286393e+01
9.999436e-01 1.069436e-03 1.057082e-02 6.438317e+01 -1.078541e-03 9.999991e-01 8.556018e-04 -1.692354e+00 -1.056990e-02 -8.669551e-04 9.999438e-01 -8.297783e+01
9.997979e-01 -2.486410e-04 -2.010158e-02 6.500035e+01 2.399206e-04 9.999999e-01 -4.362486e-04 -1.723524e+00 2.010168e-02 4.313382e-04 9.997978e-01 -8.265647e+01
9.999166e-01 1.150793e-03 1.286483e-02 6.557996e+01 -1.143604e-03 9.999992e-01 -5.661811e-04 -1.781538e+00 -1.286547e-02 5.514210e-04 9.999171e-01 -8.114984e+01
9.998815e-01 -3.612917e-04 -1.538958e-02 6.605075e+01 3.452163e-04 9.999994e-01 -1.047238e-03 -1.854219e+00 1.538995e-02 1.041802e-03 9.998810e-01 -7.923679e+01
9.999881e-01 1.744648e-03 4.551744e-03 6.699090e+01 -1.746627e-03 9.999984e-01 4.307374e-04 -1.927668e+00 -4.550986e-03 -4.386831e-04 9.999895e-01 -7.765951e+01
9.997902e-01 -1.242839e-04 -2.048304e-02 6.833379e+01 1.068539e-04 9.999996e-01 -8.520605e-04 -2.009225e+00 2.048314e-02 8.496936e-04 9.997898e-01 -7.623230e+01
9.999928e-01 1.776037e-03 3.342442e-03 6.983243e+01 -1.777163e-03 9.999984e-01 3.339259e-04 -2.099034e+00 -3.341843e-03 -3.398642e-04 9.999944e-01 -7.487658e+01
9.998539e-01 -5.902409e-04 -1.708286e-02 7.087384e+01 5.841721e-04 9.999998e-01 -3.602742e-04 -2.159255e+00 1.708307e-02 3.502428e-04 9.998540e-01 -7.392677e+01
9.999895e-01 2.510711e-03 -3.824545e-03 7.251169e+01 -2.505312e-03 9.999959e-01 1.416031e-03 -2.219247e+00 3.828085e-03 -1.406436e-03 9.999917e-01 -7.363885e+01
9.996598e-01 -2.558081e-04 -2.607910e-02 7.502653e+01 2.581739e-04 1.000000e+00 8.732864e-05 -2.285113e+00 2.607908e-02 -9.403133e-05 9.996599e-01 -7.380334e+01
9.999501e-01 1.840562e-03 9.814105e-03 7.633350e+01 -1.854308e-03 9.999973e-01 1.391762e-03 -2.311404e+00 -9.811517e-03 -1.409892e-03 9.999509e-01 -7.418481e+01
9.997186e-01 -3.130243e-04 -2.372103e-02 7.750542e+01 3.215056e-04 9.999999e-01 3.537090e-04 -2.325122e+00 2.372092e-02 -3.612354e-04 9.997186e-01 -7.483801e+01
9.999071e-01 1.282489e-03 1.356755e-02 7.823846e+01 -1.280461e-03 9.999992e-01 -1.581712e-04 -2.355868e+00 -1.356774e-02 1.407833e-04 9.999079e-01 -7.468436e+01
9.997758e-01 -3.396874e-04 -2.117321e-02 7.868810e+01 3.452818e-04 9.999999e-01 2.605450e-04 -2.395902e+00 2.117312e-02 -2.677967e-04 9.997758e-01 -7.395869e+01
9.999533e-01 1.233534e-03 9.580868e-03 7.944104e+01 -1.243158e-03 9.999987e-01 9.984786e-04 -2.416017e+00 -9.579624e-03 -1.010343e-03 9.999536e-01 -7.410130e+01
9.999085e-01 -7.719757e-04 -1.350772e-02 7.961252e+01 7.768016e-04 9.999996e-01 3.519900e-04 -2.416095e+00 1.350745e-02 -3.624500e-04 9.999087e-01 -7.475923e+01
9.999510e-01 1.315373e-03 9.814159e-03 7.982191e+01 -1.320777e-03 9.999990e-01 5.440570e-04 -2.423585e+00 -9.813434e-03 -5.569932e-04 9.999517e-01 -7.492614e+01
9.999055e-01 -6.994355e-04 -1.372922e-02 8.010822e+01 6.967402e-04 9.999997e-01 -2.011375e-04 -2.443107e+00 1.372936e-02 1.915533e-04 9.999057e-01 -7.455106e+01
9.999715e-01 1.606111e-03 7.375268e-03 8.055720e+01 -1.606484e-03 9.999987e-01 4.451578e-05 -2.478866e+00 -7.375187e-03 -5.636328e-05 9.999728e-01 -7.373462e+01
9.999295e-01 -9.100493e-04 -1.183664e-02 8.085605e+01 9.089879e-04 9.999996e-01 -9.509136e-05 -2.507458e+00 1.183673e-02 8.432581e-05 9.999299e-01 -7.303196e+01
9.999816e-01 1.725338e-03 5.816085e-03 8.131244e+01 -1.725976e-03 9.999985e-01 1.045720e-04 -2.535252e+00 -5.815895e-03 -1.146090e-04 9.999831e-01 -7.249193e+01
