9.999729e-01 8.430758e-04 -7.312025e-03 3.892792e-01 -8.411350e-04 9.999996e-01 2.684981e-04 -3.633112e-02 7.312248e-03 -2.623411e-04 9.999732e-01 7.604006e-01
1.000000e+00 -1.136237e-04 -5.791466e-05 7.409382e-01 1.136307e-04 1.000000e+00 1.205597e-04 -6.495029e-02 5.790130e-05 -1.205656e-04 1.000000e+00 1.328045e+00
9.999850e-01 6.693982e-04 -5.441583e-03 9.159361e-01 -6.677199e-04 9.999997e-01 3.102460e-04 -8.832251e-02 5.441789e-03 -3.066086e-04 9.999851e-01 1.843636e+00
9.999927e-01 2.180641e-04 -3.818380e-03 1.433244e+00 -2.172339e-04 1.000000e+00 2.178340e-04 -1.175157e-01 3.818428e-03 -2.170022e-04 9.999927e-01 2.078211e+00
9.999554e-01 9.865459e-04 -9.391059e-03 2.308010e+00 -9.810161e-04 9.999993e-01 5.934300e-04 -1.527640e-01 9.391638e-03 -5.841914e-04 9.999557e-01 2.217976e+00
9.999960e-01 -3.019705e-04 2.794543e-03 2.665115e+00 3.025658e-04 9.999999e-01 -2.125667e-04 -1.787157e-01 -2.794478e-03 2.134121e-04 9.999961e-01 2.627645e+00
9.999447e-01 1.070241e-03 -1.046562e-02 3.107281e+00 -1.058873e-03 9.999988e-01 1.091661e-03 -2.000270e-01 1.046677e-02 -1.080519e-03 9.999446e-01 2.598020e+00
9.999997e-01 3.931811e-05 -7.821531e-04 3.899751e+00 -3.887668e-05 9.999998e-01 5.643191e-04 -2.119491e-01 7.821755e-04 -5.642878e-04 9.999995e-01 2.166472e+00
9.999695e-01 8.324405e-04 -7.767706e-03 4.540565e+00 -8.249026e-04 9.999992e-01 9.735751e-04 -2.163897e-01 7.768510e-03 -9.671385e-04 9.999694e-01 1.690102e+00
9.999993e-01 -2.859394e-04 1.120405e-03 4.950244e+00 2.859544e-04 1.000000e+00 -1.311806e-05 -2.263850e-01 -1.120401e-03 1.343915e-05 9.999994e-01 1.507382e+00
9.999620e-01 1.230210e-03 -8.635075e-03 5.277165e+00 -1.215771e-03 9.999979e-01 1.677092e-03 -2.307297e-01 8.637119e-03 -1.666531e-03 9.999613e-01 8.436079e-01
9.999977e-01 -1.296318e-04 2.156044e-03 5.842489e+00 1.281421e-04 9.999998e-01 6.911173e-04 -2.259310e-01 -2.156133e-03 -6.908387e-04 9.999974e-01 -4.909110e-01
9.999563e-01 7.851730e-04 -9.317348e-03 6.536144e+00 -7.759730e-04 9.999992e-01 9.909838e-04 -2.274098e-01 9.318119e-03 -9.837112e-04 9.999561e-01 -1.171364e+00
9.999940e-01 -2.305615e-04 3.454353e-03 6.800004e+00 2.302713e-04 1.000000e+00 8.442000e-05 -2.373025e-01 -3.454372e-03 -8.362334e-05 9.999940e-01 -1.432074e+00
9.999174e-01 9.704368e-04 -1.281455e-02 7.388658e+00 -9.580977e-04 9.999991e-01 9.690030e-04 -2.579408e-01 1.281548e-02 -9.566461e-04 9.999174e-01 -1.430237e+00
9.999912e-01 6.989937e-04 -4.136789e-03 8.804058e+00 -6.930157e-04 9.999987e-01 1.446321e-03 -2.680747e-01 4.137795e-03 -1.443441e-03 9.999904e-01 -2.125874e+00
9.997690e-01 2.441022e-03 -2.135294e-02 1.156457e+01 -2.361033e-03 9.999901e-01 3.770465e-03 -2.314529e-01 2.136193e-02 -3.719180e-03 9.997649e-01 -5.593497e+00
9.999962e-01 -8.346731e-05 -2.751052e-03 1.419750e+01 8.557219e-05 9.999997e-01 7.649796e-04 -1.948293e-01 2.750987e-03 -7.652114e-04 9.999959e-01 -8.992586e+00
9.998182e-01 2.897561e-03 -1.884405e-02 1.640531e+01 -2.822555e-03 9.999880e-01 4.005749e-03 -1.624786e-01 1.885543e-02 -3.951833e-03 9.998144e-01 -1.205875e+01
9.999709e-01 1.980372e-04 -7.630006e-03 1.931519e+01 -1.850024e-04 9.999985e-01 1.709018e-03 -1.148100e-01 7.630333e-03 -1.707556e-03 9.999694e-01 -1.622006e+01
9.998111e-01 3.081077e-03 -1.919132e-02 2.230305e+01 -3.006306e-03 9.999878e-01 3.923728e-03 -6.849043e-02 1.920317e-02 -3.865293e-03 9.998081e-01 -2.032981e+01
9.999683e-01 1.571990e-04 -7.956632e-03 2.521529e+01 -1.453932e-04 9.999989e-01 1.484315e-03 -2.590274e-02 7.956857e-03 -1.483111e-03 9.999672e-01 -2.409638e+01
9.998524e-01 3.029031e-03 -1.690991e-02 2.771263e+01 -2.974008e-03 9.999902e-01 3.278048e-03 2.458256e-03 1.691967e-02 -3.227275e-03 9.998516e-01 -2.698650e+01
9.999919e-01 -1.027882e-03 -3.901165e-03 2.989478e+01 1.028094e-03 9.999995e-01 5.235338e-05 1.731334e-02 3.901110e-03 -5.636302e-05 9.999924e-01 -2.902546e+01
9.997435e-01 4.238212e-03 -2.224800e-02 3.290108e+01 -4.114804e-03 9.999759e-01 5.589765e-03 6.590816e-02 2.227116e-02 -5.496786e-03 9.997369e-01 -3.327992e+01
9.999756e-01 -5.920071e-04 -6.962248e-03 3.624332e+01 5.951940e-04 9.999997e-01 4.556656e-04 1.180462e-01 6.961976e-03 -4.597977e-04 9.999757e-01 -3.787388e+01
9.997150e-01 4.294544e-03 -2.348468e-02 3.981186e+01 -4.142785e-03 9.999702e-01 6.506904e-03 1.821810e-01 2.351193e-02 -6.407758e-03 9.997030e-01 -4.330190e+01
9.999940e-01 -1.024783e-03 -3.306861e-03 4.301775e+01 1.023888e-03 9.999994e-01 -2.724447e-04 2.408771e-01 3.307139e-03 2.690579e-04 9.999945e-01 -4.836883e+01
9.998023e-01 3.868013e-03 -1.950422e-02 4.574062e+01 -3.754690e-03 9.999759e-01 5.843472e-03 2.925428e-01 1.952635e-02 -5.769085e-03 9.997927e-01 -5.290219e+01
9.999962e-01 -1.174216e-03 -2.501511e-03 4.833783e+01 1.174727e-03 9.999993e-01 2.028212e-04 3.457771e-01 2.501271e-03 -2.057584e-04 9.999969e-01 -5.742958e+01
9.998826e-01 3.496520e-03 -1.491901e-02 5.038218e+01 -3.422670e-03 9.999818e-01 4.972789e-03 3.895057e-01 1.493612e-02 -4.921143e-03 9.998763e-01 -6.130307e+01
9.999977e-01 -1.070879e-03 -1.861049e-03 5.248144e+01 1.072140e-03 9.999992e-01 6.767919e-04 4.412719e-01 1.860323e-03 -6.787850e-04 9.999980e-01 -6.575478e+01
9.998637e-01 3.582929e-03 -1.611793e-02 5.478889e+01 -3.497468e-03 9.999797e-01 5.327324e-03 4.988878e-01 1.613669e-02 -5.270227e-03 9.998559e-01 -7.058820e+01
9.999956e-01 -9.501996e-04 -2.812648e-03 5.722263e+01 9.523885e-04 9.999992e-01 7.769098e-04 5.566040e-01 2.811908e-03 -7.795844e-04 9.999957e-01 -7.544396e+01
9.998143e-01 3.572860e-03 -1.893618e-02 5.987679e+01 -3.483997e-03 9.999828e-01 4.723696e-03 6.028403e-01 1.895273e-02 -4.656846e-03 9.998095e-01 -7.957550e+01
9.999986e-01 -1.649382e-03 -2.822240e-04 6.202931e+01 1.649399e-03 9.999986e-01 5.753193e-05 6.418385e-01 2.821290e-04 -5.799666e-05 1.000000e+00 -8.306496e+01
9.999282e-01 2.663334e-03 -1.168442e-02 6.281958e+01 -2.624925e-03 9.999911e-01 3.301280e-03 6.749246e-01 1.169310e-02 -3.270373e-03 9.999263e-01 -8.499143e+01
9.999186e-01 9.775664e-05 -1.275855e-02 6.540711e+01 -6.976428e-05 9.999976e-01 2.194417e-03 7.132276e-01 1.275873e-02 -2.193347e-03 9.999162e-01 -8.854446e+01
9.998631e-01 3.016816e-03 -1.627189e-02 6.888922e+01 -2.964666e-03 9.999904e-01 3.228110e-03 7.476965e-01 1.628147e-02 -3.179428e-03 9.998624e-01 -9.222317e+01
9.995974e-01 1.742137e-03 -2.831826e-02 7.399599e+01 -1.649926e-03 9.999933e-01 3.279266e-03 7.652099e-01 2.832378e-02 -3.231223e-03 9.995936e-01 -9.589480e+01
9.995894e-01 3.261331e-03 -2.846857e-02 8.029583e+01 -3.194979e-03 9.999921e-01 2.375886e-03 7.653802e-01 2.847609e-02 -2.283955e-03 9.995919e-01 -9.969329e+01
9.992302e-01 2.728033e-03 -3.913612e-02 8.736424e+01 -2.651318e-03 9.999945e-01 2.011959e-03 7.231452e-01 3.914139e-02 -1.906648e-03 9.992319e-01 -1.030670e+02
9.997477e-01 1.932068e-03 -2.238075e-02 9.351818e+01 -1.930884e-03 9.999981e-01 7.449306e-05 6.481569e-01 2.238085e-02 -3.126029e-05 9.997495e-01 -1.050795e+02
9.996014e-01 1.856954e-03 -2.816948e-02 9.831326e+01 -1.840433e-03 9.999981e-01 6.123723e-04 5.630786e-01 2.817057e-02 -5.602835e-04 9.996030e-01 -1.059457e+02
9.999790e-01 6.329006e-04 -6.442838e-03 1.013996e+02 -6.514180e-04 9.999957e-01 -2.872364e-03 4.461874e-01 6.440991e-03 2.876500e-03 9.999751e-01 -1.049918e+02
9.997786e-01 1.603025e-03 -2.097878e-02 1.036973e+02 -1.570889e-03 9.999976e-01 1.548186e-03 3.509145e-01 2.098121e-02 -1.514888e-03 9.997787e-01 -1.039266e+02
9.999999e-01 -4.890533e-04 1.652247e-04 1.038250e+02 4.890891e-04 9.999999e-01 -2.185451e-04 3.687517e-01 -1.651180e-04 2.186252e-04 1.000000e+00 -1.049587e+02
9.996098e-01 1.904248e-03 -2.786963e-02 1.063214e+02 -1.855388e-03 9.999967e-01 1.778914e-03 3.648045e-01 2.787293e-02 -1.726510e-03 9.996100e-01 -1.074108e+02
9.998766e-01 -4.121606e-04 1.570637e-02 1.071935e+02 4.632894e-04 9.999946e-01 -3.251816e-03 3.053168e-01 -1.570494e-02 3.258691e-03 9.998714e-01 -1.063089e+02
9.997528e-01 8.944622e-04 -2.221562e-02 1.071817e+02 -8.077835e-04 9.999920e-01 3.910351e-03 2.867292e-01 2.221894e-02 -3.891438e-03 9.997456e-01 -1.064051e+02
9.998965e-01 -3.567336e-04 1.438472e-02 1.074819e+02 4.164524e-04 9.999913e-01 -4.148787e-03 2.563548e-01 -1.438311e-02 4.154348e-03 9.998879e-01 -1.063737e+02
9.998007e-01 7.330823e-04 -1.995158e-02 1.078418e+02 -6.644345e-04 9.999938e-01 3.447113e-03 2.098131e-01 1.995398e-02 -3.433169e-03 9.997950e-01 -1.053627e+02
9.999209e-01 -3.136460e-04 1.257501e-02 1.080473e+02 3.369318e-04 9.999982e-01 -1.849703e-03 2.095954e-01 -1.257441e-02 1.853793e-03 9.999192e-01 -1.059042e+02
9.998249e-01 7.412771e-04 -1.869999e-02 1.079506e+02 -6.910430e-04 9.999961e-01 2.692617e-03 2.080782e-01 1.870192e-02 -2.679222e-03 9.998215e-01 -1.059236e+02
9.999174e-01 -2.641695e-04 1.285118e-02 1.080048e+02 2.921263e-04 9.999976e-01 -2.173631e-03 1.957078e-01 -1.285058e-02 2.177205e-03 9.999151e-01 -1.055562e+02
9.998837e-01 1.225227e-03 -1.519874e-02 1.080689e+02 -1.202639e-03 9.999982e-01 1.495219e-03 1.631002e-01 1.520054e-02 -1.476766e-03 9.998834e-01 -1.042385e+02
9.999104e-01 -4.846732e-04 1.338119e-02 1.081438e+02 5.192402e-04 9.999965e-01 -2.579933e-03 1.238267e-01 -1.337989e-02 2.586649e-03 9.999071e-01 -1.028025e+02
9.996362e-01 1.674924e-03 -2.691843e-02 1.090931e+02 -1.598252e-03 9.999946e-01 2.869531e-03 7.285100e-02 2.692309e-02 -2.825465e-03 9.996335e-01 -1.021324e+02
9.999070e-01 -9.077447e-04 1.360695e-02 1.099521e+02 9.504434e-04 9.999946e-01 -3.131902e-03 1.852261e-02 -1.360404e-02 3.144543e-03 9.999025e-01 -1.015241e+02
9.997905e-01 1.159869e-03 -2.043464e-02 1.094532e+02 -1.076319e-03 9.999910e-01 4.099132e-03 3.464076e-02 2.043921e-02 -4.076279e-03 9.997828e-01 -1.016451e+02
9.998990e-01 -9.142496e-04 1.418578e-02 1.087313e+02 9.566158e-04 9.999951e-01 -2.980055e-03 6.079987e-02 -1.418298e-02 2.993323e-03 9.998949e-01 -1.019830e+02
9.998049e-01 1.141573e-03 -1.971898e-02 1.080358e+02 -1.058329e-03 9.999905e-01 4.231384e-03 8.932436e-02 1.972363e-02 -4.209689e-03 9.997966e-01 -1.025337e+02
9.998997e-01 -9.217931e-04 1.413200e-02 1.075415e+02 9.628963e-04 9.999953e-01 -2.902016e-03 1.106446e-01 -1.412926e-02 2.915332e-03 9.998959e-01 -1.031298e+02
9.997995e-01 1.172674e-03 -1.998761e-02 1.072230e+02 -1.086781e-03 9.999901e-01 4.307633e-03 1.265377e-01 1.999246e-02 -4.285047e-03 9.997909e-01 -1.037460e+02
9.999100e-01 -9.396795e-04 1.338538e-02 1.068210e+02 9.806026e-04 9.999949e-01 -3.051090e-03 1.448995e-01 -1.338245e-02 3.063941e-03 9.999058e-01 -1.041592e+02
9.995292e-01 2.480449e-03 -3.058165e-02 1.080049e+02 -2.343738e-03 9.999871e-01 4.505371e-03 1.133183e-01 3.059243e-02 -4.431574e-03 9.995221e-01 -1.042948e+02
9.999114e-01 -1.226606e-03 1.325827e-02 1.092370e+02 1.271319e-03 9.999935e-01 -3.364623e-03 8.075476e-02 -1.325405e-02 3.381179e-03 9.999064e-01 -1.044043e+02
9.998247e-01 1.597294e-03 -1.865684e-02 1.092671e+02 -1.503782e-03 9.999862e-01 5.025140e-03 8.528727e-02 1.866461e-02 -4.996203e-03 9.998133e-01 -1.051192e+02
9.999212e-01 -1.182203e-03 1.249839e-02 1.094132e+02 1.223676e-03 9.999938e-01 -3.311201e-03 9.100839e-02 -1.249439e-02 3.326233e-03 9.999164e-01 -1.059463e+02
9.998157e-01 1.653450e-03 -1.912424e-02 1.097022e+02 -1.554099e-03 9.999852e-01 5.208717e-03 9.525412e-02 1.913257e-02 -5.178035e-03 9.998035e-01 -1.068208e+02
9.999158e-01 -1.241355e-03 1.291644e-02 1.100063e+02 1.281729e-03 9.999943e-01 -3.118074e-03 1.036580e-01 -1.291250e-02 3.134366e-03 9.999117e-01 -1.079570e+02
9.998682e-01 1.641737e-03 -1.615282e-02 1.099378e+02 -1.558916e-03 9.999856e-01 5.138584e-03 1.156843e-01 1.616102e-02 -5.112725e-03 9.998563e-01 -1.094172e+02
9.999284e-01 -1.218088e-03 1.190487e-02 1.099811e+02 1.259278e-03 9.999932e-01 -3.453063e-03 1.217430e-01 -1.190058e-02 3.467806e-03 9.999232e-01 -1.104377e+02
9.998923e-01 1.635854e-03 -1.458133e-02 1.099163e+02 -1.558256e-03 9.999846e-01 5.331536e-03 1.322101e-01 1.458982e-02 -5.308240e-03 9.998795e-01 -1.118891e+02
9.999414e-01 -1.316702e-03 1.074543e-02 1.097953e+02 1.353760e-03 9.999932e-01 -3.442203e-03 1.428008e-01 -1.074083e-02 3.456548e-03 9.999363e-01 -1.131327e+02
9.998751e-01 1.739944e-03 -1.570550e-02 1.098262e+02 -1.659622e-03 9.999855e-01 5.125839e-03 1.468449e-01 1.571419e-02 -5.099133e-03 9.998635e-01 -1.141638e+02
9.999325e-01 -1.300548e-03 1.154931e-02 1.099424e+02 1.337781e-03 9.999939e-01 -3.216711e-03 1.548344e-01 -1.154505e-02 3.231944e-03 9.999281e-01 -1.153116e+02
9.998809e-01 1.695239e-03 -1.534225e-02 1.100322e+02 -1.615574e-03 9.999852e-01 5.203386e-03 1.659084e-01 1.535084e-02 -5.177979e-03 9.998688e-01 -1.167353e+02
9.999311e-01 -1.217208e-03 1.167212e-02 1.100704e+02 1.254060e-03 9.999943e-01 -3.150514e-03 1.778097e-01 -1.166822e-02 3.164934e-03 9.999269e-01 -1.182551e+02
9.998672e-01 1.631594e-03 -1.621181e-02 1.102390e+02 -1.548513e-03 9.999856e-01 5.135879e-03 1.878787e-01 1.621995e-02 -5.110092e-03 9.998554e-01 -1.195234e+02
9.999534e-01 -1.152197e-03 9.588926e-03 1.105220e+02 1.181774e-03 9.999946e-01 -3.079466e-03 1.958848e-01 -9.585325e-03 3.090654e-03 9.999493e-01 -1.206646e+02
9.998431e-01 1.719281e-03 -1.762778e-02 1.108986e+02 -1.630085e-03 9.999858e-01 5.073062e-03 1.994903e-01 1.763625e-02 -5.043531e-03 9.998317e-01 -1.215557e+02
9.999432e-01 -1.222674e-03 1.058440e-02 1.110143e+02 1.258560e-03 9.999935e-01 -3.384530e-03 2.052172e-01 -1.058020e-02 3.397658e-03 9.999383e-01 -1.221474e+02
9.998776e-01 1.555725e-03 -1.557062e-02 1.110184e+02 -1.474061e-03 9.999851e-01 5.254800e-03 2.167561e-01 1.557857e-02 -5.231204e-03 9.998650e-01 -1.232532e+02
9.999449e-01 -1.211527e-03 1.042370e-02 1.107845e+02 1.249172e-03 9.999927e-01 -3.605722e-03 2.349216e-01 -1.041926e-02 3.618543e-03 9.999392e-01 -1.242420e+02
9.998461e-01 1.993225e-03 -1.743053e-02 1.107682e+02 -1.915666e-03 9.999882e-01 4.465157e-03 2.355252e-01 1.743923e-02 -4.431079e-03 9.998381e-01 -1.240761e+02
9.999590e-01 -1.376437e-03 8.953243e-03 1.109581e+02 1.402339e-03 9.999948e-01 -2.887404e-03 2.358809e-01 -8.949223e-03 2.899840e-03 9.999558e-01 -1.243345e+02
9.998735e-01 1.714063e-03 -1.581330e-02 1.110060e+02 -1.644968e-03 9.999890e-01 4.381327e-03 2.435176e-01 1.582063e-02 -4.354759e-03 9.998654e-01 -1.249138e+02
9.999862e-01 -1.018884e-03 5.155209e-03 1.115365e+02 1.032658e-03 9.999959e-01 -2.669873e-03 2.370309e-01 -5.152468e-03 2.675159e-03 9.999831e-01 -1.252163e+02
9.998926e-01 1.560398e-03 -1.457504e-02 1.117595e+02 -1.496340e-03 9.999892e-01 4.404897e-03 2.414288e-01 1.458176e-02 -4.382614e-03 9.998841e-01 -1.254518e+02
9.999805e-01 -1.070014e-03 6.157362e-03 1.118875e+02 1.087983e-03 9.999952e-01 -2.915783e-03 2.489829e-01 -6.154213e-03 2.922425e-03 9.999768e-01 -1.258186e+02
9.998481e-01 1.755703e-03 -1.733858e-02 1.123802e+02 -1.674029e-03 9.999874e-01 4.723893e-03 2.478675e-01 1.734666e-02 -4.694149e-03 9.998385e-01 -1.261289e+02
9.999995e-01 -4.107992e-04 9.329397e-04 1.134707e+02 4.140283e-04 9.999939e-01 -3.464192e-03 2.158142e-01 -9.315111e-04 3.464576e-03 9.999936e-01 -1.260728e+02
9.998667e-01 1.463912e-03 -1.626067e-02 1.144535e+02 -1.396013e-03 9.999903e-01 4.186173e-03 1.766099e-01 1.626664e-02 -4.162914e-03 9.998590e-01 -1.258499e+02
9.999998e-01 -2.393976e-04 -5.803012e-04 1.155429e+02 2.381222e-04 9.999976e-01 -2.196039e-03 1.603439e-01 5.808254e-04 2.195899e-03 9.999974e-01 -1.261763e+02
9.998418e-01 1.588413e-03 -1.771761e-02 1.169095e+02 -1.517750e-03 9.999908e-01 4.001008e-03 1.387570e-01 1.772380e-02 -3.973484e-03 9.998350e-01 -1.266175e+02
9.999892e-01 -6.246199e-04 4.597224e-03 1.176961e+02 6.365485e-04 9.999964e-01 -2.593844e-03 1.269519e-01 -4.595587e-03 2.596742e-03 9.999861e-01 -1.268745e+02
9.998866e-01 1.273551e-03 -1.500555e-02 1.180378e+02 -1.210873e-03 9.999905e-01 4.185269e-03 1.302109e-01 1.501074e-02 -4.166624e-03 9.998787e-01 -1.270054e+02
9.999874e-01 -5.747920e-04 4.996774e-03 1.182073e+02 5.896972e-04 9.999954e-01 -2.982098e-03 1.332753e-01 -4.995037e-03 2.985006e-03 9.999831e-01 -1.267040e+02
9.996797e-01 2.168487e-03 -2.521662e-02 1.197303e+02 -2.064104e-03 9.999892e-01 4.164737e-03 8.792249e-02 2.522538e-02 -4.111353e-03 9.996733e-01 -1.266891e+02
9.999274e-01 -1.074301e-03 1.200058e-02 1.205925e+02 1.117052e-03 9.999931e-01 -3.556337e-03 5.345137e-02 -1.199668e-02 3.569483e-03 9.999217e-01 -1.265389e+02
9.994083e-01 3.102522e-03 -3.425639e-02 1.222607e+02 -2.898066e-03 9.999777e-01 6.016445e-03 2.913168e-02 3.427429e-02 -5.913607e-03 9.993950e-01 -1.271099e+02
9.999805e-01 -9.055874e-04 6.186635e-03 1.245337e+02 9.290934e-04 9.999924e-01 -3.797747e-03 -1.927052e-03 -6.183148e-03 3.803420e-03 9.999737e-01 -1.278542e+02
9.994953e-01 2.777411e-03 -3.164624e-02 1.265059e+02 -2.594427e-03 9.999797e-01 5.821736e-03 -3.286330e-02 3.166176e-02 -5.736693e-03 9.994822e-01 -1.284190e+02
9.998422e-01 -1.744196e-03 1.767580e-02 1.273186e+02 1.823624e-03 9.999883e-01 -4.478496e-03 -4.582065e-02 -1.766779e-02 4.510023e-03 9.998337e-01 -1.286393e+02
9.995717e-01 2.666974e-03 -2.914418e-02 1.278550e+02 -2.494682e-03 9.999792e-01 5.946472e-03 -5.650140e-02 2.915943e-02 -5.871219e-03 9.995575e-01 -1.287617e+02
9.998045e-01 -1.827703e-03 1.969042e-02 1.280489e+02 1.918278e-03 9.999877e-01 -4.582070e-03 -5.362582e-02 -1.968181e-02 4.618945e-03 9.997956e-01 -1.286723e+02
9.996269e-01 2.339423e-03 -2.721261e-02 1.279955e+02 -2.183567e-03 9.999811e-01 5.755656e-03 -4.391176e-02 2.722556e-02 -5.694088e-03 9.996131e-01 -1.285141e+02
9.998520e-01 -1.272091e-03 1.715517e-02 1.285840e+02 1.348211e-03 9.999893e-01 -4.426330e-03 -5.236715e-02 -1.714935e-02 4.448804e-03 9.998430e-01 -1.286908e+02
9.995935e-01 2.403201e-03 -2.840960e-02 1.293288e+02 -2.240815e-03 9.999810e-01 5.746331e-03 -6.562720e-02 2.842287e-02 -5.680334e-03 9.995798e-01 -1.289075e+02
9.998320e-01 -1.341228e-03 1.828264e-02 1.300092e+02 1.423860e-03 9.999888e-01 -4.507472e-03 -7.917169e-02 -1.827639e-02 4.532746e-03 9.998227e-01 -1.291489e+02
9.995745e-01 2.456487e-03 -2.906562e-02 1.308325e+02 -2.290186e-03 9.999808e-01 5.753457e-03 -9.540768e-02 2.907920e-02 -5.684443e-03 9.995609e-01 -1.294228e+02
9.999384e-01 -8.298707e-04 1.107210e-02 1.321946e+02 8.848988e-04 9.999873e-01 -4.966055e-03 -1.440751e-01 -1.106784e-02 4.975546e-03 9.999264e-01 -1.292334e+02
9.995836e-01 2.327342e-03 -2.875960e-02 1.335480e+02 -2.160489e-03 9.999807e-01 5.831350e-03 -1.873727e-01 2.877262e-02 -5.766787e-03 9.995693e-01 -1.291878e+02
9.998549e-01 -1.146307e-03 1.699574e-02 1.344616e+02 1.218691e-03 9.999902e-01 -4.249224e-03 -1.966667e-01 -1.699070e-02 4.269320e-03 9.998465e-01 -1.297333e+02
9.997341e-01 1.887505e-03 -2.298170e-02 1.348142e+02 -1.749371e-03 9.999803e-01 6.029211e-03 -1.945051e-01 2.299263e-02 -5.987403e-03 9.997177e-01 -1.305750e+02
9.999035e-01 -9.536782e-04 1.386274e-02 1.354224e+02 1.013444e-03 9.999902e-01 -4.304922e-03 -1.971965e-01 -1.385850e-02 4.318555e-03 9.998946e-01 -1.312149e+02
9.996357e-01 2.185838e-03 -2.690122e-02 1.363828e+02 -2.025228e-03 9.999800e-01 5.996114e-03 -2.055397e-01 2.691379e-02 -5.939448e-03 9.996201e-01 -1.317528e+02
9.998676e-01 -1.201950e-03 1.622616e-02 1.371143e+02 1.272814e-03 9.999897e-01 -4.357657e-03 -2.134861e-01 -1.622076e-02 4.377732e-03 9.998589e-01 -1.322303e+02
9.995832e-01 2.434181e-03 -2.876574e-02 1.380535e+02 -2.259759e-03 9.999789e-01 6.094451e-03 -2.221732e-01 2.877997e-02 -6.026906e-03 9.995676e-01 -1.327759e+02
9.999148e-01 -9.250610e-04 1.301744e-02 1.392011e+02 9.839381e-04 9.999893e-01 -4.517303e-03 -2.354290e-01 -1.301312e-02 4.529726e-03 9.999051e-01 -1.332205e+02
9.997220e-01 1.872280e-03 -2.350240e-02 1.398994e+02 -1.728127e-03 9.999796e-01 6.152321e-03 -2.413319e-01 2.351344e-02 -6.109995e-03 9.997048e-01 -1.337249e+02
9.999126e-01 -8.561769e-04 1.319646e-02 1.405932e+02 9.151162e-04 9.999896e-01 -4.460953e-03 -2.459359e-01 -1.319250e-02 4.472639e-03 9.999030e-01 -1.343075e+02
9.997656e-01 1.571492e-03 -2.159304e-02 1.410779e+02 -1.439435e-03 9.999802e-01 6.129885e-03 -2.454902e-01 2.160225e-02 -6.097366e-03 9.997481e-01 -1.350036e+02
9.999105e-01 -7.820549e-04 1.335581e-02 1.415606e+02 8.401741e-04 9.999902e-01 -4.346590e-03 -2.428123e-01 -1.335228e-02 4.357422e-03 9.999014e-01 -1.357558e+02
9.997763e-01 1.599945e-03 -2.108793e-02 1.419509e+02 -1.479436e-03 9.999825e-01 5.728922e-03 -2.474732e-01 2.109673e-02 -5.696442e-03 9.997612e-01 -1.360681e+02
9.998983e-01 -8.511160e-04 1.423291e-02 1.422438e+02 9.168412e-04 9.999889e-01 -4.611992e-03 -2.534792e-01 -1.422882e-02 4.624572e-03 9.998881e-01 -1.362358e+02
9.997796e-01 1.429386e-03 -2.094391e-02 1.425163e+02 -1.310017e-03 9.999828e-01 5.712082e-03 -2.600552e-01 2.095172e-02 -5.683386e-03 9.997643e-01 -1.364452e+02
9.998981e-01 -9.071497e-04 1.424696e-02 1.427072e+02 9.778255e-04 9.999872e-01 -4.954622e-03 -2.758777e-01 -1.424228e-02 4.968048e-03 9.998862e-01 -1.361812e+02
9.997794e-01 1.474261e-03 -2.095331e-02 1.429249e+02 -1.356185e-03 9.999831e-01 5.648246e-03 -2.914714e-01 2.096129e-02 -5.618583e-03 9.997645e-01 -1.359421e+02
9.998877e-01 -9.534295e-04 1.495852e-02 1.428830e+02 1.027371e-03 9.999873e-01 -4.936234e-03 -2.977263e-01 -1.495363e-02 4.951047e-03 9.998759e-01 -1.357967e+02
9.997889e-01 1.394387e-03 -2.049952e-02 1.424377e+02 -1.271192e-03 9.999811e-01 6.021452e-03 -2.797700e-01 2.050753e-02 -5.994121e-03 9.997717e-01 -1.359992e+02
9.998867e-01 -8.778191e-04 1.502440e-02 1.419153e+02 9.506536e-04 9.999878e-01 -4.841337e-03 -2.562942e-01 -1.501997e-02 4.855071e-03 9.998754e-01 -1.362561e+02
9.997887e-01 1.368664e-03 -2.050899e-02 1.414971e+02 -1.251603e-03 9.999829e-01 5.719498e-03 -2.396478e-01 2.051646e-02 -5.692620e-03 9.997733e-01 -1.362977e+02
9.998915e-01 -8.909423e-04 1.470252e-02 1.410760e+02 9.593186e-04 9.999888e-01 -4.644297e-03 -2.254409e-01 -1.469822e-02 4.657897e-03 9.998811e-01 -1.364110e+02
9.997892e-01 1.216722e-03 -2.049607e-02 1.406601e+02 -1.098175e-03 9.999826e-01 5.794151e-03 -2.060943e-01 2.050276e-02 -5.770421e-03 9.997731e-01 -1.368531e+02
9.998786e-01 -8.390804e-04 1.555762e-02 1.404270e+02 9.093255e-04 9.999894e-01 -4.508674e-03 -1.937775e-01 -1.555367e-02 4.522273e-03 9.998688e-01 -1.375341e+02
9.998084e-01 1.322199e-03 -1.953226e-02 1.404632e+02 -1.202629e-03 9.999805e-01 6.132066e-03 -1.891029e-01 1.953998e-02 -6.107400e-03 9.997904e-01 -1.385151e+02
9.998829e-01 -9.814338e-04 1.526945e-02 1.403574e+02 1.051174e-03 9.999891e-01 -4.559959e-03 -1.824485e-01 -1.526480e-02 4.575475e-03 9.998730e-01 -1.394142e+02
9.997913e-01 1.379645e-03 -2.038470e-02 1.399614e+02 -1.260304e-03 9.999820e-01 5.866117e-03 -1.651388e-01 2.039242e-02 -5.839201e-03 9.997750e-01 -1.400499e+02
9.998958e-01 -9.424887e-04 1.440778e-02 1.399514e+02 1.007570e-03 9.999893e-01 -4.510546e-03 -1.573692e-01 -1.440338e-02 4.524592e-03 9.998860e-01 -1.405424e+02
9.997489e-01 1.560832e-03 -2.235581e-02 1.403293e+02 -1.424116e-03 9.999802e-01 6.130061e-03 -1.548575e-01 2.236493e-02 -6.096684e-03 9.997313e-01 -1.412559e+02
9.998873e-01 -1.076107e-03 1.497135e-02 1.406641e+02 1.140573e-03 9.999901e-01 -4.298154e-03 -1.510159e-01 -1.496658e-02 4.314746e-03 9.998787e-01 -1.420931e+02
9.997643e-01 1.610876e-03 -2.165271e-02 1.407784e+02 -1.485408e-03 9.999820e-01 5.809410e-03 -1.474160e-01 2.166167e-02 -5.775877e-03 9.997487e-01 -1.425461e+02
9.998893e-01 -1.205924e-03 1.482714e-02 1.408703e+02 1.269236e-03 9.999901e-01 -4.261382e-03 -1.435135e-01 -1.482186e-02 4.279729e-03 9.998810e-01 -1.430127e+02
9.997506e-01 1.683136e-03 -2.226867e-02 1.411077e+02 -1.556071e-03 9.999824e-01 5.722051e-03 -1.430890e-01 2.227791e-02 -5.685972e-03 9.997356e-01 -1.432442e+02
9.999169e-01 -8.755220e-04 1.285805e-02 1.414778e+02 9.306370e-04 9.999904e-01 -4.281108e-03 -1.494429e-01 -1.285418e-02 4.292719e-03 9.999082e-01 -1.433468e+02
9.997787e-01 1.428605e-03 -2.098783e-02 1.418996e+02 -1.304559e-03 9.999816e-01 5.922879e-03 -1.486294e-01 2.099590e-02 -5.894188e-03 9.997622e-01 -1.439951e+02
9.998773e-01 -7.060276e-04 1.565134e-02 1.420589e+02 7.650684e-04 9.999926e-01 -3.766622e-03 -1.430017e-01 -1.564857e-02 3.778134e-03 9.998704e-01 -1.453255e+02
9.998089e-01 1.136907e-03 -1.951745e-02 1.422814e+02 -1.033695e-03 9.999854e-01 5.297456e-03 -1.386947e-01 1.952319e-02 -5.276268e-03 9.997955e-01 -1.462666e+02
9.999309e-01 -6.865954e-04 1.173374e-02 1.425943e+02 7.287669e-04 9.999933e-01 -3.590197e-03 -1.404513e-01 -1.173120e-02 3.598500e-03 9.999247e-01 -1.467132e+02
9.998239e-01 1.091268e-03 -1.873184e-02 1.426082e+02 -9.977906e-04 9.999870e-01 4.998864e-03 -1.398929e-01 1.873705e-02 -4.979294e-03 9.998120e-01 -1.470385e+02
9.999259e-01 -6.685965e-04 1.215251e-02 1.424289e+02 7.156332e-04 9.999923e-01 -3.866651e-03 -1.317130e-01 -1.214983e-02 3.875061e-03 9.999187e-01 -1.472803e+02
9.998168e-01 1.039547e-03 -1.911239e-02 1.424984e+02 -9.334442e-04 9.999841e-01 5.559549e-03 -1.261659e-01 1.911787e-02 -5.540690e-03 9.998019e-01 -1.479219e+02
9.999070e-01 -6.657298e-04 1.362114e-02 1.423955e+02 7.210512e-04 9.999915e-01 -4.056976e-03 -1.137972e-01 -1.361832e-02 4.066420e-03 9.998990e-01 -1.487249e+02
9.997810e-01 1.035367e-03 -2.090186e-02 1.426720e+02 -9.154219e-04 9.999831e-01 5.747212e-03 -1.126683e-01 2.090745e-02 -5.726819e-03 9.997650e-01 -1.492701e+02
9.999445e-01 -3.664565e-04 1.053023e-02 1.431135e+02 4.124925e-04 9.999904e-01 -4.370017e-03 -1.250281e-01 -1.052853e-02 4.374118e-03 9.999350e-01 -1.492467e+02
9.998031e-01 8.890761e-04 -1.982543e-02 1.433851e+02 -7.752817e-04 9.999832e-01 5.746736e-03 -1.319459e-01 1.983021e-02 -5.730234e-03 9.997869e-01 -1.490419e+02
9.999363e-01 -1.544928e-04 1.128351e-02 1.435842e+02 2.071779e-04 9.999891e-01 -4.668250e-03 -1.404744e-01 -1.128266e-02 4.670290e-03 9.999254e-01 -1.487113e+02
9.997607e-01 1.397403e-03 -2.183157e-02 1.439372e+02 -1.280835e-03 9.999849e-01 5.352469e-03 -1.542257e-01 2.183872e-02 -5.323225e-03 9.997473e-01 -1.477745e+02
9.999582e-01 -3.634420e-04 9.137563e-03 1.443252e+02 4.008870e-04 9.999915e-01 -4.096488e-03 -1.552751e-01 -9.135997e-03 4.099980e-03 9.999499e-01 -1.468628e+02
9.997196e-01 1.410841e-03 -2.363896e-02 1.452042e+02 -1.289063e-03 9.999858e-01 5.166038e-03 -1.933264e-01 2.364592e-02 -5.134117e-03 9.997072e-01 -1.463986e+02
9.999348e-01 -2.694299e-04 1.141387e-02 1.457924e+02 3.210584e-04 9.999897e-01 -4.521784e-03 -2.209760e-01 -1.141253e-02 4.525154e-03 9.999246e-01 -1.457787e+02
9.998621e-01 1.297913e-03 -1.655833e-02 1.451762e+02 -1.211065e-03 9.999855e-01 5.253888e-03 -1.811115e-01 1.656491e-02 -5.233110e-03 9.998491e-01 -1.448689e+02
9.999515e-01 -1.919993e-04 9.850660e-03 1.448609e+02 2.354896e-04 9.999902e-01 -4.414057e-03 -1.569914e-01 -9.849716e-03 4.416162e-03 9.999417e-01 -1.439994e+02
9.998508e-01 1.031351e-03 -1.724276e-02 1.449840e+02 -9.377458e-04 9.999848e-01 5.435830e-03 -1.668967e-01 1.724810e-02 -5.418849e-03 9.998366e-01 -1.433623e+02
9.999343e-01 3.496209e-05 1.146192e-02 1.442401e+02 1.882359e-05 9.999890e-01 -4.692468e-03 -1.149047e-01 -1.146196e-02 4.692375e-03 9.999233e-01 -1.424897e+02
9.998219e-01 6.682148e-04 -1.885962e-02 1.438696e+02 -5.584504e-04 9.999829e-01 5.824709e-03 -8.100710e-02 1.886319e-02 -5.813139e-03 9.998052e-01 -1.418045e+02
9.999761e-01 1.676927e-04 6.917599e-03 1.444613e+02 -1.345678e-04 9.999885e-01 -4.788781e-03 -1.083320e-01 -6.918322e-03 4.787735e-03 9.999646e-01 -1.416081e+02
9.998609e-01 7.661904e-04 -1.666039e-02 1.447632e+02 -6.704870e-04 9.999832e-01 5.749151e-03 -1.212634e-01 1.666452e-02 -5.737181e-03 9.998447e-01 -1.411795e+02
9.999414e-01 5.448871e-04 1.081221e-02 1.442868e+02 -4.910871e-04 9.999875e-01 -4.977949e-03 -8.791326e-02 -1.081479e-02 4.972347e-03 9.999292e-01 -1.401840e+02
9.997087e-01 8.332151e-04 -2.412304e-02 1.446424e+02 -6.679364e-04 9.999763e-01 6.858706e-03 -8.041718e-02 2.412818e-02 -6.840594e-03 9.996855e-01 -1.397380e+02
9.999763e-01 1.807818e-04 6.879365e-03 1.457827e+02 -1.434834e-04 9.999853e-01 -5.421980e-03 -1.189343e-01 -6.880244e-03 5.420865e-03 9.999616e-01 -1.394910e+02
9.999029e-01 7.945465e-04 -1.391044e-02 1.458049e+02 -7.079159e-04 9.999803e-01 6.231507e-03 -1.248676e-01 1.391512e-02 -6.221055e-03 9.998838e-01 -1.386908e+02
9.999689e-01 2.683613e-04 7.885800e-03 1.452377e+02 -2.239993e-04 9.999841e-01 -5.625985e-03 -8.624735e-02 -7.887185e-03 5.624044e-03 9.999531e-01 -1.378948e+02
9.998796e-01 8.996538e-04 -1.548819e-02 1.451055e+02 -8.028340e-04 9.999801e-01 6.256241e-03 -7.265706e-02 1.549351e-02 -6.243053e-03 9.998605e-01 -1.371196e+02
9.999722e-01 1.102053e-04 7.458142e-03 1.451398e+02 -6.949526e-05 9.999851e-01 -5.458601e-03 -6.984306e-02 -7.458632e-03 5.457931e-03 9.999573e-01 -1.362986e+02
9.998984e-01 1.110289e-03 -1.421053e-02 1.448416e+02 -1.021469e-03 9.999799e-01 6.255969e-03 -4.790711e-02 1.421719e-02 -6.240817e-03 9.998795e-01 -1.353920e+02
9.999552e-01 2.378298e-04 9.467010e-03 1.439357e+02 -1.845582e-04 9.999841e-01 -5.627622e-03 1.471829e-02 -9.468198e-03 5.625623e-03 9.999394e-01 -1.342008e+02
9.998822e-01 1.024953e-03 -1.531396e-02 1.431086e+02 -9.268127e-04 9.999790e-01 6.414246e-03 7.559696e-02 1.532022e-02 -6.399297e-03 9.998622e-01 -1.330336e+02
9.999619e-01 -3.874984e-05 8.730207e-03 1.424967e+02 8.711798e-05 9.999846e-01 -5.540086e-03 1.200081e-01 -8.729858e-03 5.540635e-03 9.999465e-01 -1.322147e+02
9.994471e-01 2.149696e-03 -3.317958e-02 1.443738e+02 -1.952788e-03 9.999803e-01 5.965874e-03 2.961432e-02 3.319175e-02 -5.897783e-03 9.994316e-01 -1.310695e+02
9.999991e-01 2.075721e-04 1.326425e-03 1.471354e+02 -2.007356e-04 9.999867e-01 -5.152680e-03 -9.659449e-02 -1.327477e-03 5.152408e-03 9.999858e-01 -1.299452e+02
9.999683e-01 1.250029e-03 -7.868701e-03 1.468807e+02 -1.206102e-03 9.999837e-01 5.584691e-03 -8.862154e-02 7.875553e-03 -5.575023e-03 9.999534e-01 -1.287295e+02
9.999859e-01 -9.470539e-05 -5.307186e-03 1.473873e+02 7.472458e-05 9.999929e-01 -3.764802e-03 -9.473799e-02 5.307505e-03 3.764352e-03 9.999788e-01 -1.288629e+02
9.999932e-01 8.855321e-04 -3.568723e-03 1.481762e+02 -8.650639e-04 9.999832e-01 5.732706e-03 -9.296986e-02 3.573739e-03 -5.729580e-03 9.999772e-01 -1.297043e+02
9.998220e-01 1.008637e-03 -1.884202e-02 1.498241e+02 -1.081567e-03 9.999920e-01 -3.860770e-03 -1.406986e-01 1.883797e-02 3.880462e-03 9.998150e-01 -1.299198e+02
9.999669e-01 9.446403e-04 -8.084923e-03 1.519996e+02 -8.956224e-04 9.999812e-01 6.064260e-03 -1.980626e-01 8.090500e-03 -6.056818e-03 9.999489e-01 -1.301189e+02
9.997427e-01 1.628692e-03 -2.262563e-02 1.544763e+02 -1.760234e-03 9.999817e-01 -5.795129e-03 -3.071478e-01 2.261578e-02 5.833464e-03 9.997272e-01 -1.291468e+02
9.999032e-01 1.556993e-03 -1.382920e-02 1.575985e+02 -1.472539e-03 9.999802e-01 6.114943e-03 -4.496636e-01 1.383844e-02 -6.093987e-03 9.998857e-01 -1.276895e+02
9.992700e-01 2.539035e-03 -3.811746e-02 1.620501e+02 -2.630646e-03 9.999938e-01 -2.353422e-03 -5.462450e-01 3.811124e-02 2.451977e-03 9.992705e-01 -1.281208e+02
9.999755e-01 -1.400524e-03 6.862521e-03 1.644007e+02 1.366931e-03 9.999871e-01 4.897529e-03 -5.633320e-01 -6.869291e-03 -4.888028e-03 9.999645e-01 -1.290401e+02
9.999327e-01 3.065186e-03 -1.119032e-02 1.622486e+02 -3.108682e-03 9.999877e-01 -3.871576e-03 -4.166440e-01 1.117832e-02 3.906102e-03 9.999299e-01 -1.271015e+02
9.999684e-01 -2.183515e-03 7.643650e-03 1.594918e+02 2.150763e-03 9.999885e-01 4.290518e-03 -2.326684e-01 -7.652931e-03 -4.273942e-03 9.999616e-01 -1.250532e+02
9.999199e-01 3.041750e-03 -1.228644e-02 1.579781e+02 -3.082442e-03 9.999898e-01 -3.294336e-03 -1.343584e-01 1.227630e-02 3.331944e-03 9.999191e-01 -1.237641e+02
9.999684e-01 -2.405954e-03 7.575786e-03 1.562273e+02 2.375875e-03 9.999893e-01 3.976933e-03 -3.283333e-02 -7.585273e-03 -3.958808e-03 9.999634e-01 -1.228114e+02
9.999100e-01 3.327136e-03 -1.299968e-02 1.549197e+02 -3.367438e-03 9.999896e-01 -3.079477e-03 5.791332e-02 1.298929e-02 3.122975e-03 9.999108e-01 -1.216949e+02
9.999632e-01 -2.148760e-03 8.308036e-03 1.527659e+02 2.112304e-03 9.999881e-01 4.394378e-03 2.098848e-01 -8.317380e-03 -4.376667e-03 9.999558e-01 -1.196759e+02
9.999407e-01 4.032960e-03 -1.011271e-02 1.495447e+02 -4.073096e-03 9.999839e-01 -3.951438e-03 4.320111e-01 1.009661e-02 3.992394e-03 9.999411e-01 -1.167545e+02
9.999836e-01 -2.993973e-03 4.874092e-03 1.474159e+02 2.969130e-03 9.999826e-01 5.096555e-03 5.913845e-01 -4.889266e-03 -5.082000e-03 9.999751e-01 -1.147293e+02
9.999391e-01 4.455876e-03 -1.009668e-02 1.456966e+02 -4.496364e-03 9.999819e-01 -3.990884e-03 7.173951e-01 1.007871e-02 4.036040e-03 9.999411e-01 -1.129804e+02
9.999765e-01 -3.125421e-03 6.106450e-03 1.433225e+02 3.094942e-03 9.999827e-01 4.994482e-03 8.869957e-01 -6.121955e-03 -4.975465e-03 9.999689e-01 -1.107295e+02
9.999459e-01 4.611916e-03 -9.325647e-03 1.406595e+02 -4.651498e-03 9.999802e-01 -4.227193e-03 1.071251e+00 9.305968e-03 4.270343e-03 9.999476e-01 -1.083358e+02
9.999764e-01 -3.395798e-03 5.965139e-03 1.378891e+02 3.366175e-03 9.999820e-01 4.969257e-03 1.253946e+00 -5.981906e-03 -4.949060e-03 9.999699e-01 -1.062825e+02
9.999416e-01 4.385670e-03 -9.882163e-03 1.352112e+02 -4.430756e-03 9.999799e-01 -4.544987e-03 1.423619e+00 9.862031e-03 4.588506e-03 9.999408e-01 -1.046125e+02
9.999816e-01 -3.771595e-03 4.749948e-03 1.338043e+02 3.747095e-03 9.999797e-01 5.156442e-03 1.507654e+00 -4.769300e-03 -5.138548e-03 9.999754e-01 -1.037751e+02
9.999405e-01 4.448269e-03 -9.958994e-03 1.325671e+02 -4.490673e-03 9.999809e-01 -4.239469e-03 1.580417e+00 9.939946e-03 4.283940e-03 9.999414e-01 -1.030439e+02
9.999806e-01 -3.407432e-03 5.222378e-03 1.311924e+02 3.381046e-03 9.999815e-01 5.053031e-03 1.671925e+00 -5.239499e-03 -5.035276e-03 9.999736e-01 -1.018720e+02
9.999379e-01 4.124012e-03 -1.035477e-02 1.300589e+02 -4.166922e-03 9.999828e-01 -4.125731e-03 1.749955e+00 1.033758e-02 4.168622e-03 9.999379e-01 -1.007992e+02
9.999809e-01 -3.520770e-03 5.075456e-03 1.293032e+02 3.496050e-03 9.999820e-01 4.871440e-03 1.799768e+00 -5.092516e-03 -4.853603e-03 9.999753e-01 -1.000248e+02
9.999361e-01 4.177024e-03 -1.050451e-02 1.288959e+02 -4.220031e-03 9.999828e-01 -4.075243e-03 1.824929e+00 1.048731e-02 4.119312e-03 9.999365e-01 -9.941210e+01
9.999838e-01 -3.010880e-03 -4.834112e-03 1.297888e+02 3.040797e-03 9.999762e-01 6.193171e-03 1.813034e+00 4.815350e-03 -6.207770e-03 9.999691e-01 -9.947358e+01
9.999916e-01 3.119277e-03 -2.642895e-03 1.273138e+02 -3.132944e-03 9.999817e-01 -5.182671e-03 1.927747e+00 2.626681e-03 5.190908e-03 9.999831e-01 -9.934948e+01
9.999880e-01 -2.791494e-03 -4.016172e-03 1.260616e+02 2.814351e-03 9.999798e-01 5.696833e-03 1.988103e+00 4.000188e-03 -5.708067e-03 9.999757e-01 -9.908200e+01
9.998711e-01 4.173594e-03 -1.550295e-02 1.273652e+02 -4.241097e-03 9.999817e-01 -4.323841e-03 1.951073e+00 1.548462e-02 4.389033e-03 9.998705e-01 -9.909739e+01
9.999932e-01 -3.161014e-03 1.906461e-03 1.279398e+02 3.150857e-03 9.999810e-01 5.307569e-03 1.943511e+00 -1.923202e-03 -5.301526e-03 9.999841e-01 -9.871823e+01
9.999530e-01 3.941200e-03 -8.855350e-03 1.275011e+02 -3.981507e-03 9.999818e-01 -4.538641e-03 1.984890e+00 8.837301e-03 4.573685e-03 9.999505e-01 -9.767846e+01
9.999945e-01 -3.276394e-03 -4.501635e-04 1.279397e+02 3.278834e-03 9.999793e-01 5.531256e-03 1.966972e+00 4.320314e-04 -5.532702e-03 9.999846e-01 -9.751894e+01
9.999625e-01 3.708200e-03 -7.819811e-03 1.282660e+02 -3.742299e-03 9.999835e-01 -4.350468e-03 1.953819e+00 7.803550e-03 4.379569e-03 9.999600e-01 -9.750562e+01
9.999937e-01 -3.330666e-03 1.245922e-03 1.283509e+02 3.323933e-03 9.999801e-01 5.368043e-03 1.949167e+00 -1.263777e-03 -5.363868e-03 9.999848e-01 -9.723133e+01
9.999701e-01 3.781583e-03 -6.748925e-03 1.283563e+02 -3.813763e-03 9.999814e-01 -4.761535e-03 1.943730e+00 6.730794e-03 4.787131e-03 9.999659e-01 -9.683442e+01
9.999945e-01 -3.124901e-03 -1.068443e-03 1.287131e+02 3.130436e-03 9.999815e-01 5.218386e-03 1.915506e+00 1.052116e-03 -5.221702e-03 9.999858e-01 -9.631303e+01
9.999825e-01 4.288430e-03 -4.080141e-03 1.283652e+02 -4.306936e-03 9.999804e-01 -4.537476e-03 1.933354e+00 4.060603e-03 4.554969e-03 9.999814e-01 -9.548598e+01
9.999811e-01 -3.452994e-03 -5.084587e-03 1.283356e+02 3.481609e-03 9.999781e-01 5.629602e-03 1.947512e+00 5.065036e-03 -5.647198e-03 9.999712e-01 -9.477208e+01
9.999199e-01 4.923861e-03 -1.165752e-02 1.292501e+02 -4.975922e-03 9.999778e-01 -4.441077e-03 1.938610e+00 1.163539e-02 4.498728e-03 9.999222e-01 -9.470629e+01
9.999903e-01 -4.396124e-03 3.093310e-04 1.296984e+02 4.394239e-03 9.999732e-01 5.855052e-03 1.937737e+00 -3.350624e-04 -5.853636e-03 9.999828e-01 -9.470503e+01
9.999070e-01 5.302313e-03 -1.256791e-02 1.302752e+02 -5.357886e-03 9.999760e-01 -4.392219e-03 1.926426e+00 1.254432e-02 4.459147e-03 9.999114e-01 -9.470317e+01
9.999904e-01 -4.377802e-03 9.079255e-05 1.306200e+02 4.377171e-03 9.999720e-01 6.071290e-03 1.934886e+00 -1.173691e-04 -6.070834e-03 9.999816e-01 -9.435763e+01
9.999363e-01 5.133104e-03 -1.005712e-02 1.308198e+02 -5.179886e-03 9.999759e-01 -4.631025e-03 1.936144e+00 1.003310e-02 4.682824e-03 9.999387e-01 -9.384692e+01
9.999885e-01 -4.623592e-03 1.263467e-03 1.308702e+02 4.615907e-03 9.999712e-01 6.019915e-03 1.945533e+00 -1.291264e-03 -6.014013e-03 9.999811e-01 -9.335418e+01
9.998414e-01 5.699247e-03 -1.687089e-02 1.318165e+02 -5.764605e-03 9.999761e-01 -3.827844e-03 1.929774e+00 1.684868e-02 3.924491e-03 9.998503e-01 -9.341882e+01
9.999874e-01 -5.000826e-03 -4.390570e-04 1.328444e+02 5.003156e-03 9.999725e-01 5.475197e-03 1.910430e+00 4.116642e-04 -5.477324e-03 9.999849e-01 -9.349428e+01
9.996202e-01 7.132737e-03 -2.662051e-02 1.349765e+02 -7.197282e-03 9.999714e-01 -2.329557e-03 1.879001e+00 2.660313e-02 2.520267e-03 9.996429e-01 -9.407266e+01
9.999814e-01 -6.097754e-03 8.438543e-05 1.369522e+02 6.097352e-03 9.999728e-01 4.151500e-03 1.852512e+00 -1.096981e-04 -4.150908e-03 9.999914e-01 -9.461825e+01
9.999462e-01 6.547884e-03 -8.045549e-03 1.368560e+02 -6.570454e-03 9.999745e-01 -2.782081e-03 1.868301e+00 8.027128e-03 2.834794e-03 9.999638e-01 -9.422634e+01
9.999809e-01 -5.934468e-03 -1.751902e-03 1.371099e+02 5.942051e-03 9.999729e-01 4.354836e-03 1.870591e+00 1.726011e-03 -4.365162e-03 9.999890e-01 -9.426636e+01
9.997298e-01 8.548225e-03 -2.161531e-02 1.391199e+02 -8.564050e-03 9.999631e-01 -6.395941e-04 1.873733e+00 2.160904e-02 8.245358e-04 9.997662e-01 -9.564225e+01
9.999655e-01 -7.749268e-03 3.000863e-03 1.409555e+02 7.740326e-03 9.999656e-01 2.980115e-03 1.883955e+00 -3.023854e-03 -2.956784e-03 9.999911e-01 -9.703334e+01
9.998555e-01 8.483168e-03 -1.473070e-02 1.415493e+02 -8.503366e-03 9.999630e-01 -1.309015e-03 1.872300e+00 1.471905e-02 1.434086e-03 9.998906e-01 -9.711011e+01
9.999689e-01 -7.705939e-03 1.691309e-03 1.422896e+02 7.701116e-03 9.999663e-01 2.840729e-03 1.852930e+00 -1.713143e-03 -2.827616e-03 9.999945e-01 -9.715684e+01
9.998861e-01 8.273779e-03 -1.262106e-02 1.427238e+02 -8.296088e-03 9.999641e-01 -1.716248e-03 1.840529e+00 1.260640e-02 1.820758e-03 9.999189e-01 -9.707423e+01
9.999459e-01 -7.578822e-03 7.122686e-03 1.420663e+02 7.559725e-03 9.999678e-01 2.704362e-03 1.881191e+00 -7.142953e-03 -2.650371e-03 9.999710e-01 -9.648132e+01
9.998910e-01 8.245710e-03 -1.224446e-02 1.410185e+02 -8.269312e-03 9.999640e-01 -1.878115e-03 1.946820e+00 1.222854e-02 1.979163e-03 9.999233e-01 -9.569351e+01
9.999453e-01 -7.345757e-03 7.446906e-03 1.394736e+02 7.326047e-03 9.999696e-01 2.670666e-03 2.045043e+00 -7.466298e-03 -2.615963e-03 9.999687e-01 -9.459517e+01
9.998703e-01 8.135379e-03 -1.389859e-02 1.388666e+02 -8.160904e-03 9.999651e-01 -1.780736e-03 2.091786e+00 1.388362e-02 1.893930e-03 9.999018e-01 -9.377021e+01
9.999726e-01 -7.295608e-03 1.252651e-03 1.395498e+02 7.291711e-03 9.999686e-01 3.088198e-03 2.067225e+00 -1.275143e-03 -3.078979e-03 9.999944e-01 -9.345670e+01
9.992786e-01 1.287147e-02 -3.572867e-02 1.430646e+02 -1.271105e-02 9.999081e-01 4.713451e-03 2.111315e+00 3.578605e-02 -4.255902e-03 9.993504e-01 -9.803777e+01
9.999656e-01 -8.192997e-03 -1.286367e-03 1.483097e+02 8.200024e-03 9.999510e-01 5.554508e-03 2.226352e+00 1.240796e-03 -5.564865e-03 9.999837e-01 -1.071214e+02
9.997117e-01 1.034978e-02 -2.166730e-02 1.516213e+02 -1.031714e-02 9.999455e-01 1.617732e-03 2.312305e+00 2.168286e-02 -1.393721e-03 9.997639e-01 -1.136003e+02
