9.999770e-01 3.961421e-04 -6.766834e-03 1.724042e-01 -3.907547e-04 9.999996e-01 7.974555e-04 -9.451217e-03 6.767147e-03 -7.947938e-04 9.999768e-01 2.909584e-02
9.999995e-01 -1.319877e-04 -1.004644e-03 4.361938e-01 1.321034e-04 1.000000e+00 1.150279e-04 -1.530798e-02 1.004629e-03 -1.151598e-04 9.999995e-01 -1.377283e-01
9.999761e-01 5.445400e-04 -6.888178e-03 7.433154e-01 -5.381544e-04 9.999994e-01 9.288537e-04 -2.691931e-02 6.888679e-03 -9.251253e-04 9.999758e-01 -1.624327e-01
9.999966e-01 -3.642699e-04 2.596933e-03 4.367429e-01 3.657443e-04 9.999998e-01 -5.672588e-04 -1.446044e-02 -2.596725e-03 5.682074e-04 9.999965e-01 1.589694e-01
9.999808e-01 5.523666e-04 -6.170337e-03 -2.452146e-02 -5.474351e-04 9.999995e-01 8.008949e-04 9.327923e-03 6.170776e-03 -7.975023e-04 9.999806e-01 6.517122e-01
9.999958e-01 -6.673377e-04 2.832831e-03 -1.530374e-01 6.701271e-04 9.999993e-01 -9.838214e-04 6.579781e-03 -2.832173e-03 9.857163e-04 9.999955e-01 1.240994e+00
9.999830e-01 4.906309e-04 -5.805492e-03 -2.161044e-01 -4.893142e-04 9.999999e-01 2.282293e-04 -7.191728e-03 5.805603e-03 -2.253854e-04 9.999831e-01 2.113282e+00
9.999985e-01 -4.592971e-04 1.641568e-03 -2.386859e-01 4.596232e-04 9.999999e-01 -1.982028e-04 -1.665353e-02 -1.641477e-03 1.989578e-04 9.999986e-01 2.604493e+00
9.999837e-01 4.768908e-04 -5.694811e-03 -2.611474e-01 -4.758692e-04 9.999999e-01 1.807447e-04 -2.662292e-02 5.694896e-03 -1.780325e-04 9.999838e-01 3.109353e+00
9.999991e-01 -4.278122e-04 1.235003e-03 -2.706853e-01 4.279649e-04 9.999999e-01 -1.233802e-04 -3.896956e-02 -1.234950e-03 1.239094e-04 9.999992e-01 3.544042e+00
9.999853e-01 4.411275e-04 -5.408160e-03 -4.116481e-01 -4.393154e-04 9.999998e-01 3.362566e-04 -3.881370e-02 5.408307e-03 -3.338764e-04 9.999853e-01 3.955492e+00
1.000000e+00 -1.570968e-04 8.447655e-05 -4.546975e-01 1.570733e-04 9.999999e-01 2.786782e-04 -4.171588e-02 -8.451999e-05 -2.786642e-04 1.000000e+00 4.126262e+00
9.999875e-01 2.495190e-04 -4.998392e-03 -4.651889e-01 -2.488348e-04 1.000000e+00 1.375071e-04 -5.016090e-02 4.998426e-03 -1.362623e-04 9.999875e-01 4.362647e+00
1.000000e+00 8.969449e-05 -2.837591e-04 -6.030531e-01 -8.956075e-05 9.999999e-01 4.711453e-04 -4.407384e-02 2.838017e-04 -4.711192e-04 9.999998e-01 4.589206e+00
9.999712e-01 1.771679e-04 -7.582705e-03 -4.258707e-01 -1.755480e-04 1.000000e+00 2.143067e-04 -3.564952e-02 7.582742e-03 -2.129701e-04 9.999712e-01 4.450447e+00
9.999999e-01 1.796266e-04 4.248408e-04 -3.821990e-01 -1.798374e-04 9.999999e-01 4.964074e-04 -2.294901e-02 -4.247512e-04 -4.964830e-04 9.999998e-01 4.541260e+00
9.999762e-01 2.176154e-04 -6.895088e-03 -2.891529e-01 -2.153963e-04 9.999999e-01 3.225845e-04 -1.715549e-02 6.895158e-03 -3.210923e-04 9.999762e-01 4.680468e+00
9.999978e-01 -5.468735e-05 2.077920e-03 -2.221574e-01 5.464442e-05 1.000000e+00 2.074572e-05 -2.207168e-02 -2.077920e-03 -2.063142e-05 9.999978e-01 5.081049e+00
9.999816e-01 1.302724e-04 -6.063411e-03 -4.215839e-01 -1.294413e-04 1.000000e+00 1.374796e-04 -1.505331e-02 6.063429e-03 -1.366929e-04 9.999816e-01 5.529928e+00
9.999999e-01 3.545650e-04 2.526288e-04 -5.242356e-01 -3.547465e-04 9.999997e-01 7.186746e-04 -8.117552e-03 -2.523736e-04 -7.187634e-04 9.999997e-01 5.694009e+00
9.999690e-01 -1.268142e-04 -7.874745e-03 -1.608423e-01 1.258850e-04 1.000000e+00 -1.184866e-04 -1.492429e-02 7.874760e-03 1.174909e-04 9.999690e-01 5.677436e+00
9.999995e-01 1.556316e-04 1.012555e-03 1.432555e-01 -1.560728e-04 9.999999e-01 4.357586e-04 -2.335730e-02 -1.012487e-03 -4.359157e-04 9.999994e-01 5.740902e+00
9.999631e-01 -7.180312e-06 -8.594693e-03 4.877093e-01 8.231230e-06 1.000000e+00 1.222474e-04 -2.707409e-02 8.594691e-03 -1.223144e-04 9.999631e-01 5.650877e+00
9.999994e-01 1.127881e-04 1.114972e-03 7.647442e-01 -1.134993e-04 9.999998e-01 6.378328e-04 -2.955259e-02 -1.114900e-03 -6.379583e-04 9.999992e-01 5.317624e+00
9.999671e-01 1.074990e-04 -8.113168e-03 8.598225e-01 -1.068914e-04 1.000000e+00 7.532138e-05 -2.610787e-02 8.113176e-03 -7.445239e-05 9.999671e-01 5.233819e+00
9.999990e-01 2.346152e-04 1.370719e-03 8.879023e-01 -2.356373e-04 9.999997e-01 7.456398e-04 -1.811215e-02 -1.370543e-03 -7.459614e-04 9.999988e-01 5.104354e+00
9.999574e-01 -8.929535e-05 -9.229509e-03 1.093996e+00 8.792417e-05 1.000000e+00 -1.489625e-04 -1.471647e-02 9.229522e-03 1.481440e-04 9.999574e-01 4.400146e+00
9.999979e-01 2.837694e-04 2.018612e-03 9.362768e-01 -2.851849e-04 9.999997e-01 7.010345e-04 -5.148617e-03 -2.018413e-03 -7.016080e-04 9.999977e-01 3.966092e+00
9.999525e-01 -6.105873e-05 -9.749774e-03 1.087258e+00 6.211752e-05 1.000000e+00 1.083022e-04 -9.392388e-06 9.749767e-03 -1.089034e-04 9.999525e-01 3.787928e+00
9.999910e-01 5.253445e-04 4.210735e-03 6.516220e-01 -5.277200e-04 9.999997e-01 5.630733e-04 1.910940e-02 -4.210438e-03 -5.652896e-04 9.999910e-01 3.860980e+00
9.999516e-01 4.380520e-05 -9.837276e-03 7.284077e-02 -4.283435e-05 1.000000e+00 9.890960e-05 4.351400e-02 9.837280e-03 -9.848415e-05 9.999516e-01 3.842866e+00
9.999908e-01 3.925647e-04 4.274774e-03 -2.520644e-01 -3.952673e-04 9.999997e-01 6.314017e-04 5.382732e-02 -4.274525e-03 -6.330849e-04 9.999907e-01 3.834489e+00
9.999396e-01 2.291367e-04 -1.098867e-02 -5.381887e-01 -2.278163e-04 1.000000e+00 1.214210e-04 6.153061e-02 1.098870e-02 -1.189110e-04 9.999396e-01 3.470513e+00
9.999929e-01 -1.718836e-04 3.766546e-03 -4.752003e-01 1.707957e-04 9.999999e-01 2.891715e-04 6.560979e-02 -3.766595e-03 -2.885254e-04 9.999929e-01 2.770409e+00
9.999477e-01 5.096957e-04 -1.021159e-02 -4.595290e-01 -5.046225e-04 9.999997e-01 4.993890e-04 6.507672e-02 1.021184e-02 -4.942106e-04 9.999477e-01 2.541692e+00
9.999881e-01 -1.801719e-04 4.874094e-03 -5.680901e-01 1.790045e-04 1.000000e+00 2.399707e-04 6.379237e-02 -4.874137e-03 -2.390946e-04 9.999881e-01 2.544303e+00
9.999308e-01 7.559168e-04 -1.174201e-02 -7.135818e-01 -7.488635e-04 9.999995e-01 6.050781e-04 6.706802e-02 1.174246e-02 -5.962437e-04 9.999309e-01 2.221214e+00
9.999879e-01 -5.567547e-04 4.881109e-03 -8.537914e-01 5.571359e-04 9.999998e-01 -7.671565e-05 7.442766e-02 -4.881065e-03 7.943488e-05 9.999881e-01 1.708207e+00
9.999457e-01 1.078160e-03 -1.036342e-02 -1.319449e+00 -1.070296e-03 9.999991e-01 7.642793e-04 9.184467e-02 1.036424e-02 -7.531466e-04 9.999460e-01 1.710942e+00
9.999941e-01 -8.273302e-04 3.341405e-03 -1.045829e+00 8.272109e-04 9.999997e-01 3.711484e-05 7.871116e-02 -3.341435e-03 -3.434987e-05 9.999944e-01 1.724047e+00
9.998645e-01 1.357814e-03 -1.640776e-02 -1.226120e-01 -1.339581e-03 9.999985e-01 1.122202e-03 5.116089e-02 1.640926e-02 -1.100071e-03 9.998648e-01 1.707369e+00
9.999687e-01 -1.123949e-03 7.832878e-03 2.082301e-01 1.127045e-03 9.999993e-01 -3.909605e-04 5.268726e-02 -7.832433e-03 3.997770e-04 9.999692e-01 1.163961e+00
9.998939e-01 1.449940e-03 -1.449553e-02 -1.525773e-02 -1.434918e-03 9.999984e-01 1.046710e-03 6.080048e-02 1.449702e-02 -1.025800e-03 9.998944e-01 7.952080e-01
9.999623e-01 -9.978337e-04 8.631178e-03 -3.592350e-01 1.000801e-03 9.999994e-01 -3.394839e-04 7.309335e-02 -8.630834e-03 3.481099e-04 9.999627e-01 6.898390e-01
9.998954e-01 1.424425e-03 -1.439101e-02 -6.204043e-01 -1.409378e-03 9.999984e-01 1.055657e-03 7.925588e-02 1.439249e-02 -1.035265e-03 9.998959e-01 5.473994e-01
9.999616e-01 -9.238885e-04 8.716749e-03 -1.014797e+00 9.272354e-04 9.999995e-01 -3.799198e-04 9.047464e-02 -8.716393e-03 3.879884e-04 9.999619e-01 5.755534e-01
9.998782e-01 1.802339e-03 -1.550242e-02 -1.931676e+00 -1.786269e-03 9.999979e-01 1.050397e-03 1.178204e-01 1.550428e-02 -1.022579e-03 9.998793e-01 7.721035e-02
9.999685e-01 -7.735574e-04 7.903713e-03 -3.014805e+00 7.772677e-04 9.999996e-01 -4.663549e-04 1.541981e-01 -7.903349e-03 4.724842e-04 9.999687e-01 -8.087955e-01
9.998972e-01 1.384074e-03 -1.426882e-02 -3.537833e+00 -1.366954e-03 9.999983e-01 1.209481e-03 1.695926e-01 1.427047e-02 -1.189852e-03 9.998975e-01 -1.033536e+00
9.999658e-01 -8.075329e-04 8.230552e-03 -4.081684e+00 8.118674e-04 9.999995e-01 -5.232915e-04 1.877103e-01 -8.230126e-03 5.299564e-04 9.999660e-01 -1.161208e+00
9.998996e-01 1.391259e-03 -1.410022e-02 -4.684483e+00 -1.375640e-03 9.999984e-01 1.117331e-03 2.116667e-01 1.410175e-02 -1.097823e-03 9.999000e-01 -1.294687e+00
9.999610e-01 -1.021481e-03 8.777478e-03 -5.074948e+00 1.026747e-03 9.999993e-01 -5.954417e-04 2.307092e-01 -8.776863e-03 6.044314e-04 9.999613e-01 -1.429948e+00
9.998902e-01 1.478239e-03 -1.474229e-02 -5.462665e+00 -1.459997e-03 9.999982e-01 1.248071e-03 2.427056e-01 1.474411e-02 -1.226411e-03 9.998905e-01 -1.677681e+00
9.999636e-01 -1.089719e-03 8.459427e-03 -5.475042e+00 1.093314e-03 9.999993e-01 -4.203432e-04 2.442905e-01 -8.458963e-03 4.295775e-04 9.999641e-01 -1.767242e+00
9.998784e-01 1.462292e-03 -1.552692e-02 -5.218762e+00 -1.442652e-03 9.999981e-01 1.276015e-03 2.401863e-01 1.552876e-02 -1.253461e-03 9.998786e-01 -1.809218e+00
9.999613e-01 -1.240807e-03 8.710769e-03 -5.043622e+00 1.247157e-03 9.999990e-01 -7.235773e-04 2.426526e-01 -8.709862e-03 7.344137e-04 9.999618e-01 -2.299579e+00
9.998903e-01 1.493811e-03 -1.473560e-02 -5.367630e+00 -1.478011e-03 9.999983e-01 1.083030e-03 2.555650e-01 1.473720e-02 -1.061133e-03 9.998908e-01 -2.816847e+00
9.999622e-01 -8.242505e-04 8.657885e-03 -6.030288e+00 8.279870e-04 9.999996e-01 -4.279718e-04 2.768238e-01 -8.657528e-03 4.351249e-04 9.999624e-01 -2.979469e+00
9.998694e-01 1.063075e-03 -1.612385e-02 -6.110115e+00 -1.049581e-03 9.999991e-01 8.453368e-04 2.812498e-01 1.612473e-02 -8.283038e-04 9.998696e-01 -3.867869e+00
9.999689e-01 -1.372567e-03 7.765785e-03 -5.892039e+00 1.377645e-03 9.999988e-01 -6.486554e-04 2.906875e-01 -7.764886e-03 6.593344e-04 9.999696e-01 -5.123718e+00
9.998675e-01 1.459603e-03 -1.621366e-02 -5.631898e+00 -1.440057e-03 9.999982e-01 1.217129e-03 2.924919e-01 1.621540e-02 -1.193619e-03 9.998678e-01 -5.708264e+00
9.999530e-01 -1.065092e-03 9.640072e-03 -5.567188e+00 1.069252e-03 9.999993e-01 -4.263344e-04 2.975788e-01 -9.639611e-03 4.366227e-04 9.999534e-01 -5.730476e+00
9.998919e-01 1.405875e-03 -1.463415e-02 -6.018993e+00 -1.392785e-03 9.999986e-01 9.046280e-04 3.155474e-01 1.463540e-02 -8.841487e-04 9.998925e-01 -5.723745e+00
9.999523e-01 -8.969288e-04 9.722304e-03 -6.386730e+00 8.998546e-04 9.999996e-01 -2.965501e-04 3.350639e-01 -9.722033e-03 3.052853e-04 9.999527e-01 -5.722127e+00
9.998624e-01 1.009413e-03 -1.655591e-02 -6.399651e+00 -9.961457e-04 9.999992e-01 8.096051e-04 3.382785e-01 1.655672e-02 -7.930023e-04 9.998626e-01 -6.327949e+00
9.999532e-01 -3.473090e-04 9.665574e-03 -6.969880e+00 3.479267e-04 9.999999e-01 -6.221419e-05 3.583474e-01 -9.665551e-03 6.557488e-05 9.999533e-01 -6.685518e+00
9.998528e-01 1.120082e-03 -1.712309e-02 -7.649537e+00 -1.106045e-03 9.999990e-01 8.292003e-04 3.809417e-01 1.712401e-02 -8.101400e-04 9.998530e-01 -7.132483e+00
9.999644e-01 -7.587233e-04 8.401308e-03 -7.606823e+00 7.567227e-04 9.999997e-01 2.413264e-04 3.890135e-01 -8.401488e-03 -2.349597e-04 9.999647e-01 -7.581052e+00
9.998761e-01 1.341447e-03 -1.568399e-02 -7.804512e+00 -1.330566e-03 9.999989e-01 7.042224e-04 3.965799e-01 1.568492e-02 -6.832673e-04 9.998768e-01 -7.701040e+00
9.999573e-01 -7.839569e-04 9.211648e-03 -8.199808e+00 7.834166e-04 9.999997e-01 6.228934e-05 4.154778e-01 -9.211694e-03 -5.506942e-05 9.999576e-01 -7.776839e+00
9.998824e-01 1.370392e-03 -1.527458e-02 -8.637370e+00 -1.360493e-03 9.999989e-01 6.584769e-04 4.334391e-01 1.527546e-02 -6.376192e-04 9.998831e-01 -7.820427e+00
9.999478e-01 -7.342860e-04 1.019563e-02 -9.543770e+00 7.355780e-04 9.999997e-01 -1.229547e-04 4.730271e-01 -1.019554e-02 1.304487e-04 9.999480e-01 -7.710506e+00
9.998766e-01 1.145471e-03 -1.566991e-02 -9.689365e+00 -1.130726e-03 9.999989e-01 9.498311e-04 4.781959e-01 1.567098e-02 -9.319962e-04 9.998768e-01 -7.580584e+00
9.999506e-01 -6.394418e-04 9.918069e-03 -9.992266e+00 6.415525e-04 9.999998e-01 -2.096182e-04 4.897063e-01 -9.917933e-03 2.159715e-04 9.999508e-01 -7.482786e+00
9.998728e-01 1.273577e-03 -1.589537e-02 -1.035577e+01 -1.256387e-03 9.999986e-01 1.091391e-03 5.039901e-01 1.589674e-02 -1.071283e-03 9.998731e-01 -7.455686e+00
9.999488e-01 -7.324258e-04 1.009402e-02 -1.092672e+01 7.369065e-04 9.999996e-01 -4.401653e-04 5.243619e-01 -1.009369e-02 4.475818e-04 9.999490e-01 -7.459756e+00
9.998670e-01 1.120393e-03 -1.627171e-02 -1.129744e+01 -1.103188e-03 9.999988e-01 1.066349e-03 5.400863e-01 1.627288e-02 -1.048257e-03 9.998670e-01 -7.735842e+00
9.999471e-01 -8.219128e-04 1.025555e-02 -1.175639e+01 8.277709e-04 9.999995e-01 -5.669574e-04 5.588420e-01 -1.025508e-02 5.754174e-04 9.999472e-01 -7.957315e+00
9.998963e-01 7.610212e-04 -1.438387e-02 -1.188160e+01 -7.523024e-04 9.999995e-01 6.115610e-04 5.654891e-01 1.438433e-02 -6.006772e-04 9.998964e-01 -7.655692e+00
9.999430e-01 -6.814712e-04 1.065520e-02 -1.209808e+01 6.892800e-04 9.999995e-01 -7.291892e-04 5.706438e-01 -1.065469e-02 7.364928e-04 9.999430e-01 -7.137103e+00
9.998905e-01 1.111012e-03 -1.475835e-02 -1.298658e+01 -1.095150e-03 9.999988e-01 1.082817e-03 6.133486e-01 1.475954e-02 -1.066536e-03 9.998905e-01 -6.858668e+00
9.999511e-01 -7.026326e-04 9.866441e-03 -1.359946e+01 7.089498e-04 9.999995e-01 -6.367742e-04 6.383072e-01 -9.865988e-03 6.437386e-04 9.999511e-01 -6.723309e+00
9.999099e-01 1.095139e-03 -1.337618e-02 -1.458664e+01 -1.084524e-03 9.999991e-01 8.007723e-04 6.901365e-01 1.337705e-02 -7.861941e-04 9.999102e-01 -6.321389e+00
9.999548e-01 -5.205087e-04 9.496676e-03 -1.572254e+01 5.255422e-04 9.999997e-01 -5.275223e-04 7.473790e-01 -9.496398e-03 5.324900e-04 9.999548e-01 -5.973613e+00
9.998870e-01 1.137138e-03 -1.498665e-02 -1.614247e+01 -1.117887e-03 9.999985e-01 1.292828e-03 7.668834e-01 1.498810e-02 -1.275929e-03 9.998869e-01 -5.932045e+00
9.999588e-01 -5.873246e-04 9.063080e-03 -1.668245e+01 5.927696e-04 9.999996e-01 -5.980887e-04 7.815329e-01 -9.062726e-03 6.034370e-04 9.999588e-01 -6.074051e+00
9.998912e-01 1.131241e-03 -1.470872e-02 -1.737921e+01 -1.115312e-03 9.999988e-01 1.091137e-03 8.096675e-01 1.470994e-02 -1.074614e-03 9.998912e-01 -6.127021e+00
9.999643e-01 -5.050981e-04 8.430874e-03 -1.805585e+01 5.102500e-04 9.999997e-01 -6.089130e-04 8.433253e-01 -8.430564e-03 6.131938e-04 9.999643e-01 -6.335691e+00
9.998871e-01 9.345508e-04 -1.499617e-02 -1.859487e+01 -9.175869e-04 9.999989e-01 1.138072e-03 8.687190e-01 1.499722e-02 -1.124184e-03 9.998869e-01 -6.769663e+00
9.999622e-01 -5.517520e-04 8.679548e-03 -1.889307e+01 5.567077e-04 9.999997e-01 -5.685367e-04 8.833676e-01 -8.679232e-03 5.733479e-04 9.999622e-01 -7.167455e+00
9.998747e-01 9.040213e-04 -1.580405e-02 -1.896609e+01 -8.834344e-04 9.999988e-01 1.309586e-03 8.904818e-01 1.580521e-02 -1.295460e-03 9.998743e-01 -7.363079e+00
9.999540e-01 -5.247018e-04 9.577632e-03 -1.886930e+01 5.291879e-04 9.999998e-01 -4.658387e-04 8.912002e-01 -9.577384e-03 4.708864e-04 9.999540e-01 -7.275690e+00
9.998798e-01 9.887737e-04 -1.547349e-02 -1.906517e+01 -9.694339e-04 9.999987e-01 1.257325e-03 8.928626e-01 1.547472e-02 -1.242174e-03 9.998795e-01 -7.296147e+00
9.999626e-01 -4.542627e-04 8.636797e-03 -1.944363e+01 4.585947e-04 9.999998e-01 -4.995816e-04 9.024700e-01 -8.636568e-03 5.035244e-04 9.999626e-01 -7.736545e+00
9.998767e-01 6.403897e-04 -1.569172e-02 -1.951554e+01 -6.248481e-04 9.999993e-01 9.953280e-04 9.086488e-01 1.569235e-02 -9.854010e-04 9.998764e-01 -8.450702e+00
9.999651e-01 -4.617638e-04 8.340363e-03 -1.947374e+01 4.640279e-04 9.999999e-01 -2.695030e-04 9.121714e-01 -8.340237e-03 2.733645e-04 9.999652e-01 -9.006561e+00
9.998907e-01 6.604985e-04 -1.476818e-02 -1.947228e+01 -6.452614e-04 9.999993e-01 1.036512e-03 9.118466e-01 1.476886e-02 -1.026870e-03 9.998904e-01 -9.273114e+00
9.999641e-01 -3.086416e-04 8.464290e-03 -1.953706e+01 3.106001e-04 9.999999e-01 -2.300333e-04 9.131583e-01 -8.464218e-03 2.326547e-04 9.999642e-01 -9.339209e+00
9.999075e-01 5.559831e-04 -1.358989e-02 -1.969771e+01 -5.438438e-04 9.999994e-01 8.969589e-04 9.165787e-01 1.359038e-02 -8.894858e-04 9.999073e-01 -9.167975e+00
9.999779e-01 -2.304363e-04 6.643229e-03 -1.951444e+01 2.308907e-04 1.000000e+00 -6.759977e-05 9.087469e-01 -6.643213e-03 6.913282e-05 9.999779e-01 -9.184445e+00
9.999060e-01 4.873412e-04 -1.370273e-02 -1.927446e+01 -4.743429e-04 9.999994e-01 9.518488e-04 8.976531e-01 1.370318e-02 -9.452602e-04 9.999057e-01 -9.173085e+00
9.999777e-01 -1.825948e-04 6.671757e-03 -1.903969e+01 1.831649e-04 1.000000e+00 -8.480120e-05 8.826621e-01 -6.671741e-03 8.602202e-05 9.999777e-01 -9.081571e+00
9.998834e-01 6.026032e-04 -1.525807e-02 -1.855083e+01 -5.881295e-04 9.999994e-01 9.530744e-04 8.604753e-01 1.525864e-02 -9.439902e-04 9.998831e-01 -8.860915e+00
9.999674e-01 -1.003401e-04 8.077931e-03 -1.834553e+01 1.026958e-04 1.000000e+00 -2.911792e-04 8.459322e-01 -8.077901e-03 2.920000e-04 9.999673e-01 -8.642289e+00
9.998956e-01 4.899973e-04 -1.444203e-02 -1.834962e+01 -4.740167e-04 9.999993e-01 1.109954e-03 8.431135e-01 1.444256e-02 -1.102993e-03 9.998951e-01 -8.756120e+00
9.999642e-01 -1.886942e-04 8.458171e-03 -1.874081e+01 1.948836e-04 9.999997e-01 -7.309130e-04 8.603856e-01 -8.458030e-03 7.325358e-04 9.999640e-01 -8.980402e+00
9.998655e-01 6.167368e-04 -1.639076e-02 -1.902534e+01 -5.996332e-04 9.999993e-01 1.048404e-03 8.744270e-01 1.639139e-02 -1.038436e-03 9.998651e-01 -9.818352e+00
9.999576e-01 -4.135464e-04 9.202150e-03 -1.919282e+01 4.223618e-04 9.999995e-01 -9.560233e-04 8.833519e-01 -9.201749e-03 9.598700e-04 9.999572e-01 -1.099543e+01
9.998769e-01 6.682170e-04 -1.567917e-02 -1.929781e+01 -6.447358e-04 9.999987e-01 1.502625e-03 8.845906e-01 1.568015e-02 -1.492332e-03 9.998759e-01 -1.154442e+01
9.999676e-01 -8.101881e-04 8.011688e-03 -1.915187e+01 8.209114e-04 9.999988e-01 -1.335217e-03 8.921695e-01 -8.010597e-03 1.341751e-03 9.999670e-01 -1.261136e+01
9.998729e-01 6.147297e-04 -1.593292e-02 -1.913510e+01 -5.964535e-04 9.999992e-01 1.151817e-03 9.071757e-01 1.593362e-02 -1.142168e-03 9.998724e-01 -1.421234e+01
9.999665e-01 -6.712009e-04 8.151927e-03 -1.914339e+01 6.799294e-04 9.999992e-01 -1.067978e-03 9.179314e-01 -8.151204e-03 1.073486e-03 9.999662e-01 -1.544488e+01
9.998745e-01 6.023117e-04 -1.582818e-02 -1.919184e+01 -5.856204e-04 9.999993e-01 1.059159e-03 9.308368e-01 1.582880e-02 -1.049758e-03 9.998742e-01 -1.674075e+01
9.999168e-01 -5.126995e-04 1.288777e-02 -2.018062e+01 5.292419e-04 9.999990e-01 -1.280176e-03 9.657618e-01 -1.288710e-02 1.286891e-03 9.999161e-01 -1.648134e+01
9.998504e-01 1.238898e-03 -1.725375e-02 -2.130952e+01 -1.210438e-03 9.999979e-01 1.659821e-03 1.018046e+00 1.725577e-02 -1.638689e-03 9.998498e-01 -1.618903e+01
9.999558e-01 -9.378915e-04 9.352238e-03 -2.130701e+01 9.467415e-04 9.999991e-01 -9.418889e-04 1.027219e+00 -9.351346e-03 9.507021e-04 9.999558e-01 -1.677565e+01
9.998370e-01 9.708432e-04 -1.802626e-02 -2.102697e+01 -9.450074e-04 9.999985e-01 1.441709e-03 1.034130e+00 1.802763e-02 -1.424440e-03 9.998365e-01 -1.771699e+01
9.999481e-01 -9.501418e-04 1.014840e-02 -2.098813e+01 9.605925e-04 9.999990e-01 -1.024932e-03 1.042499e+00 -1.014742e-02 1.034627e-03 9.999480e-01 -1.848790e+01
9.998548e-01 1.099053e-03 -1.700637e-02 -2.084077e+01 -1.074658e-03 9.999984e-01 1.443503e-03 1.046079e+00 1.700793e-02 -1.425018e-03 9.998543e-01 -1.895653e+01
9.999788e-01 -9.867831e-04 6.436308e-03 -2.003984e+01 9.955308e-04 9.999986e-01 -1.356009e-03 9.990946e-01 -6.434961e-03 1.362389e-03 9.999784e-01 -1.845334e+01
9.998510e-01 1.322384e-03 -1.721123e-02 -1.921822e+01 -1.292352e-03 9.999976e-01 1.755973e-03 9.809673e-01 1.721351e-02 -1.733469e-03 9.998503e-01 -1.866011e+01
9.999650e-01 -1.568576e-03 8.220819e-03 -1.887888e+01 1.582543e-03 9.999973e-01 -1.692701e-03 9.924520e-01 -8.218142e-03 1.705652e-03 9.999648e-01 -1.992887e+01
9.998779e-01 2.472399e-03 -1.543227e-02 -1.992275e+01 -2.437593e-03 9.999944e-01 2.273829e-03 1.029246e+00 1.543781e-02 -2.235934e-03 9.998783e-01 -2.041433e+01
9.999675e-01 -1.623396e-03 7.890859e-03 -2.082118e+01 1.636430e-03 9.999973e-01 -1.645573e-03 1.062606e+00 -7.888166e-03 1.658433e-03 9.999675e-01 -2.108461e+01
9.998604e-01 1.638069e-03 -1.662560e-02 -2.069618e+01 -1.604857e-03 9.999967e-01 2.010752e-03 1.075142e+00 1.662884e-02 -1.983791e-03 9.998598e-01 -2.221932e+01
9.999688e-01 -1.592568e-03 7.732268e-03 -2.048951e+01 1.604793e-03 9.999975e-01 -1.575044e-03 1.083970e+00 -7.729740e-03 1.587404e-03 9.999689e-01 -2.331108e+01
9.998626e-01 1.576438e-03 -1.650207e-02 -2.031720e+01 -1.544418e-03 9.999969e-01 1.952913e-03 1.094298e+00 1.650510e-02 -1.927159e-03 9.998619e-01 -2.442987e+01
9.999656e-01 -1.487059e-03 8.163017e-03 -2.013199e+01 1.498170e-03 9.999980e-01 -1.355059e-03 1.099585e+00 -8.160985e-03 1.367243e-03 9.999658e-01 -2.525480e+01
9.998579e-01 1.530475e-03 -1.678884e-02 -1.978833e+01 -1.498626e-03 9.999971e-01 1.909461e-03 1.104981e+00 1.679171e-02 -1.884030e-03 9.998572e-01 -2.609661e+01
9.999632e-01 -1.503839e-03 8.442784e-03 -1.944565e+01 1.515487e-03 9.999979e-01 -1.373265e-03 1.107613e+00 -8.440701e-03 1.386010e-03 9.999634e-01 -2.672888e+01
9.998682e-01 1.523090e-03 -1.616436e-02 -1.918354e+01 -1.490963e-03 9.999969e-01 1.999384e-03 1.109098e+00 1.616736e-02 -1.975021e-03 9.998673e-01 -2.732210e+01
9.999613e-01 -1.482086e-03 8.667890e-03 -1.892847e+01 1.494343e-03 9.999979e-01 -1.407807e-03 1.108630e+00 -8.665785e-03 1.420706e-03 9.999614e-01 -2.781467e+01
9.999068e-01 1.573177e-03 -1.356405e-02 -1.878635e+01 -1.555781e-03 9.999980e-01 1.293046e-03 1.085232e+00 1.356605e-02 -1.271824e-03 9.999072e-01 -2.722101e+01
9.999686e-01 -1.329802e-03 7.809525e-03 -1.858620e+01 1.344029e-03 9.999974e-01 -1.816774e-03 1.052817e+00 -7.807089e-03 1.827214e-03 9.999679e-01 -2.652540e+01
9.998856e-01 1.586282e-03 -1.504232e-02 -1.830748e+01 -1.549214e-03 9.999957e-01 2.475631e-03 1.039605e+00 1.504618e-02 -2.452044e-03 9.998838e-01 -2.648784e+01
9.999705e-01 -1.456063e-03 7.541711e-03 -1.801036e+01 1.468562e-03 9.999976e-01 -1.652022e-03 1.035815e+00 -7.539287e-03 1.663049e-03 9.999702e-01 -2.676507e+01
9.998873e-01 1.584343e-03 -1.492749e-02 -1.773009e+01 -1.546783e-03 9.999956e-01 2.527437e-03 1.027688e+00 1.493143e-02 -2.504063e-03 9.998854e-01 -2.686534e+01
9.999453e-01 -1.594476e-03 1.033811e-02 -1.756156e+01 1.625070e-03 9.999943e-01 -2.951594e-03 9.975293e-01 -1.033335e-02 2.968234e-03 9.999422e-01 -2.606663e+01
9.998945e-01 1.526087e-03 -1.444826e-02 -1.750559e+01 -1.494140e-03 9.999964e-01 2.221710e-03 9.730648e-01 1.445160e-02 -2.199889e-03 9.998932e-01 -2.522748e+01
9.999421e-01 -1.545487e-03 1.064815e-02 -1.764997e+01 1.568262e-03 9.999965e-01 -2.130800e-03 9.729390e-01 -1.064482e-02 2.147376e-03 9.999410e-01 -2.475362e+01
9.999070e-01 1.381863e-03 -1.356757e-02 -1.770939e+01 -1.362032e-03 9.999980e-01 1.470772e-03 9.602373e-01 1.356958e-02 -1.452156e-03 9.999069e-01 -2.391417e+01
9.999574e-01 -1.329225e-03 9.131201e-03 -1.768562e+01 1.343648e-03 9.999979e-01 -1.573530e-03 9.450468e-01 -9.129089e-03 1.585733e-03 9.999571e-01 -2.339197e+01
9.999060e-01 1.330939e-03 -1.364648e-02 -1.767260e+01 -1.307669e-03 9.999977e-01 1.713991e-03 9.324302e-01 1.364873e-02 -1.695986e-03 9.999054e-01 -2.294125e+01
9.999474e-01 -1.115179e-03 1.019876e-02 -1.837087e+01 1.133903e-03 9.999977e-01 -1.830224e-03 9.669221e-01 -1.019670e-02 1.841693e-03 9.999463e-01 -2.238762e+01
9.999001e-01 1.461378e-03 -1.405759e-02 -1.905355e+01 -1.430666e-03 9.999966e-01 2.194555e-03 1.000522e+00 1.406075e-02 -2.174225e-03 9.998988e-01 -2.201708e+01
9.999522e-01 -1.212464e-03 9.699809e-03 -1.933766e+01 1.229275e-03 9.999978e-01 -1.727281e-03 1.009784e+00 -9.697693e-03 1.739123e-03 9.999515e-01 -2.175931e+01
9.999129e-01 1.275510e-03 -1.313804e-02 -1.977487e+01 -1.251020e-03 9.999975e-01 1.872148e-03 1.025860e+00 1.314039e-02 -1.855549e-03 9.999119e-01 -2.139490e+01
9.999644e-01 -1.083206e-03 8.364474e-03 -1.991265e+01 1.096036e-03 9.999982e-01 -1.529287e-03 1.025552e+00 -8.362803e-03 1.538401e-03 9.999638e-01 -2.107479e+01
9.998803e-01 1.366212e-03 -1.541016e-02 -1.979944e+01 -1.329901e-03 9.999963e-01 2.366358e-03 1.021014e+00 1.541334e-02 -2.345582e-03 9.998785e-01 -2.121613e+01
9.999473e-01 -1.005134e-03 1.021394e-02 -2.004924e+01 1.021751e-03 9.999982e-01 -1.621713e-03 1.027805e+00 -1.021229e-02 1.632065e-03 9.999465e-01 -2.111835e+01
9.998973e-01 1.273455e-03 -1.427752e-02 -2.061885e+01 -1.244566e-03 9.999972e-01 2.032087e-03 1.051664e+00 1.428007e-02 -2.014109e-03 9.998960e-01 -2.089863e+01
9.999385e-01 -1.101255e-03 1.103804e-02 -2.134629e+01 1.122815e-03 9.999975e-01 -1.947207e-03 1.080213e+00 -1.103586e-02 1.959482e-03 9.999372e-01 -2.056541e+01
9.998953e-01 1.308056e-03 -1.441444e-02 -2.211162e+01 -1.279837e-03 9.999972e-01 1.966772e-03 1.107432e+00 1.441697e-02 -1.948118e-03 9.998942e-01 -2.022882e+01
9.999360e-01 -1.161551e-03 1.125074e-02 -2.297816e+01 1.184341e-03 9.999973e-01 -2.019126e-03 1.141686e+00 -1.124836e-02 2.032323e-03 9.999347e-01 -1.980637e+01
9.998979e-01 1.196402e-03 -1.424132e-02 -2.357561e+01 -1.170416e-03 9.999976e-01 1.832860e-03 1.163270e+00 1.424348e-02 -1.816005e-03 9.998969e-01 -1.921716e+01
9.999428e-01 -1.048884e-03 1.064283e-02 -2.417250e+01 1.067340e-03 9.999979e-01 -1.728586e-03 1.189836e+00 -1.064100e-02 1.739847e-03 9.999419e-01 -1.878381e+01
9.998952e-01 1.224362e-03 -1.442708e-02 -2.475820e+01 -1.194458e-03 9.999971e-01 2.081199e-03 1.215808e+00 1.442958e-02 -2.063749e-03 9.998938e-01 -1.843388e+01
9.999501e-01 -1.151417e-03 9.925369e-03 -2.490994e+01 1.168975e-03 9.999978e-01 -1.763333e-03 1.217327e+00 -9.923316e-03 1.774848e-03 9.999492e-01 -1.806968e+01
9.998876e-01 1.475869e-03 -1.492067e-02 -2.515208e+01 -1.440516e-03 9.999961e-01 2.379892e-03 1.225039e+00 1.492413e-02 -2.358132e-03 9.998858e-01 -1.786888e+01
9.999523e-01 -1.052700e-03 9.711659e-03 -2.548920e+01 1.068772e-03 9.999981e-01 -1.649890e-03 1.236436e+00 -9.709903e-03 1.660192e-03 9.999515e-01 -1.774920e+01
9.999117e-01 1.108903e-03 -1.324213e-02 -2.601930e+01 -1.082469e-03 9.999974e-01 2.003234e-03 1.260977e+00 1.324432e-02 -1.988723e-03 9.999103e-01 -1.741863e+01
9.999616e-01 -9.213439e-04 8.718593e-03 -2.626964e+01 9.346985e-04 9.999984e-01 -1.527747e-03 1.270923e+00 -8.717171e-03 1.535838e-03 9.999608e-01 -1.709074e+01
9.999204e-01 8.626507e-04 -1.258807e-02 -2.646477e+01 -8.444959e-04 9.999986e-01 1.447498e-03 1.272711e+00 1.258931e-02 -1.436752e-03 9.999197e-01 -1.657114e+01
9.999674e-01 -2.815205e-04 8.070097e-03 -2.753445e+01 2.902891e-04 9.999994e-01 -1.085348e-03 1.317108e+00 -8.069786e-03 1.087656e-03 9.999668e-01 -1.643843e+01
9.999057e-01 9.109793e-04 -1.370311e-02 -2.835745e+01 -8.867445e-04 9.999980e-01 1.774558e-03 1.346614e+00 1.370470e-02 -1.762240e-03 9.999045e-01 -1.644659e+01
9.999631e-01 -5.187857e-04 8.576109e-03 -2.880119e+01 5.285751e-04 9.999992e-01 -1.139198e-03 1.361055e+00 -8.575511e-03 1.143690e-03 9.999626e-01 -1.636538e+01
9.999065e-01 9.953754e-04 -1.363812e-02 -2.946229e+01 -9.717315e-04 9.999980e-01 1.740204e-03 1.388448e+00 1.363983e-02 -1.726790e-03 9.999055e-01 -1.622768e+01
9.999587e-01 -6.329431e-04 9.067317e-03 -3.004424e+01 6.436770e-04 9.999991e-01 -1.180893e-03 1.414965e+00 -9.066562e-03 1.186681e-03 9.999582e-01 -1.598444e+01
9.999040e-01 9.645987e-04 -1.382394e-02 -3.053815e+01 -9.400477e-04 9.999980e-01 1.782388e-03 1.432334e+00 1.382563e-02 -1.769222e-03 9.999029e-01 -1.588037e+01
9.999700e-01 -2.851200e-04 7.740899e-03 -3.126133e+01 2.934018e-04 9.999994e-01 -1.068715e-03 1.455447e+00 -7.740590e-03 1.070954e-03 9.999695e-01 -1.599979e+01
9.999014e-01 1.054282e-03 -1.400426e-02 -3.231275e+01 -1.032202e-03 9.999982e-01 1.583858e-03 1.494922e+00 1.400591e-02 -1.569247e-03 9.999007e-01 -1.625474e+01
9.999676e-01 -4.125983e-04 8.041181e-03 -3.310313e+01 4.201057e-04 9.999995e-01 -9.319083e-04 1.528277e+00 -8.040792e-03 9.352568e-04 9.999672e-01 -1.637018e+01
9.998712e-01 7.091977e-04 -1.603145e-02 -3.312120e+01 -6.839179e-04 9.999985e-01 1.582343e-03 1.538443e+00 1.603254e-02 -1.571175e-03 9.998702e-01 -1.697984e+01
9.999814e-01 -5.897721e-04 6.067809e-03 -3.265254e+01 5.944667e-04 9.999995e-01 -7.718516e-04 1.539682e+00 -6.067350e-03 7.754450e-04 9.999813e-01 -1.770010e+01
9.999159e-01 7.446301e-04 -1.294584e-02 -3.254083e+01 -7.251569e-04 9.999986e-01 1.508865e-03 1.538580e+00 1.294694e-02 -1.499351e-03 9.999151e-01 -1.774103e+01
9.999698e-01 -3.750426e-04 7.757905e-03 -3.278049e+01 3.814341e-04 9.999996e-01 -8.223490e-04 1.549665e+00 -7.757594e-03 8.252839e-04 9.999696e-01 -1.753441e+01
9.998976e-01 6.207642e-04 -1.429887e-02 -3.259975e+01 -5.979987e-04 9.999985e-01 1.596362e-03 1.535310e+00 1.429984e-02 -1.587649e-03 9.998965e-01 -1.729836e+01
9.999761e-01 -8.785039e-06 6.907732e-03 -3.259617e+01 1.378248e-05 9.999997e-01 -7.233530e-04 1.533865e+00 -6.907723e-03 7.234316e-04 9.999759e-01 -1.727554e+01
9.998931e-01 6.263757e-04 -1.460760e-02 -3.261375e+01 -6.042836e-04 9.999987e-01 1.516761e-03 1.536451e+00 1.460853e-02 -1.507773e-03 9.998922e-01 -1.739648e+01
9.999793e-01 -4.542869e-04 6.424328e-03 -3.249193e+01 4.614979e-04 9.999993e-01 -1.120955e-03 1.542030e+00 -6.423814e-03 1.123897e-03 9.999787e-01 -1.832121e+01
9.998891e-01 3.870222e-04 -1.488660e-02 -3.221996e+01 -3.668582e-04 9.999990e-01 1.357241e-03 1.550302e+00 1.488711e-02 -1.351630e-03 9.998883e-01 -1.942017e+01
9.999781e-01 -5.066820e-04 6.599770e-03 -3.194338e+01 5.142204e-04 9.999992e-01 -1.140512e-03 1.558214e+00 -6.599187e-03 1.143881e-03 9.999776e-01 -2.044033e+01
9.999052e-01 6.629231e-04 -1.375259e-02 -3.167309e+01 -6.416273e-04 9.999986e-01 1.552879e-03 1.552013e+00 1.375360e-02 -1.543908e-03 9.999042e-01 -2.069639e+01
9.999770e-01 -5.809928e-04 6.758771e-03 -3.141054e+01 5.898713e-04 9.999990e-01 -1.311638e-03 1.548649e+00 -6.758001e-03 1.315596e-03 9.999763e-01 -2.089574e+01
9.998968e-01 7.163521e-04 -1.435072e-02 -3.117895e+01 -6.889542e-04 9.999979e-01 1.914046e-03 1.548491e+00 1.435206e-02 -1.903962e-03 9.998952e-01 -2.128917e+01
9.999643e-01 -2.619772e-04 8.444184e-03 -3.141892e+01 2.719601e-04 9.999993e-01 -1.181056e-03 1.555453e+00 -8.443869e-03 1.183311e-03 9.999636e-01 -2.133737e+01
9.999018e-01 6.750839e-04 -1.399712e-02 -3.175304e+01 -6.489432e-04 9.999980e-01 1.872065e-03 1.564703e+00 1.399836e-02 -1.862799e-03 9.999003e-01 -2.135188e+01
9.999767e-01 -2.686607e-04 6.813850e-03 -3.187561e+01 2.768177e-04 9.999992e-01 -1.196141e-03 1.570891e+00 -6.813523e-03 1.198000e-03 9.999761e-01 -2.181074e+01
9.998785e-01 4.116729e-04 -1.558557e-02 -3.148315e+01 -3.800470e-04 9.999979e-01 2.032113e-03 1.566930e+00 1.558637e-02 -2.025943e-03 9.998765e-01 -2.226739e+01
9.999743e-01 -2.643075e-04 7.157580e-03 -3.109802e+01 2.734661e-04 9.999991e-01 -1.278558e-03 1.562399e+00 -7.157236e-03 1.280483e-03 9.999736e-01 -2.266898e+01
9.999020e-01 2.443505e-04 -1.399432e-02 -3.090179e+01 -2.211162e-04 9.999986e-01 1.661820e-03 1.562956e+00 1.399471e-02 -1.658563e-03 9.999007e-01 -2.330332e+01
9.999834e-01 -1.101174e-04 5.759367e-03 -3.057515e+01 1.156441e-04 9.999995e-01 -9.592067e-04 1.564218e+00 -5.759259e-03 9.598574e-04 9.999830e-01 -2.384296e+01
9.999200e-01 1.431338e-04 -1.264977e-02 -3.040390e+01 -1.237401e-04 9.999988e-01 1.533924e-03 1.563560e+00 1.264997e-02 -1.532236e-03 9.999188e-01 -2.432694e+01
9.999808e-01 -1.439187e-04 6.198753e-03 -3.020318e+01 1.501551e-04 9.999995e-01 -1.005550e-03 1.558919e+00 -6.198605e-03 1.006462e-03 9.999803e-01 -2.468295e+01
9.998947e-01 2.758202e-04 -1.451223e-02 -2.979363e+01 -2.490558e-04 9.999983e-01 1.846068e-03 1.553092e+00 1.451271e-02 -1.842260e-03 9.998930e-01 -2.498334e+01
9.999825e-01 1.371208e-04 5.922434e-03 -2.939681e+01 -1.312657e-04 9.999995e-01 -9.889250e-04 1.538814e+00 -5.922567e-03 9.881308e-04 9.999820e-01 -2.496562e+01
9.999010e-01 1.223858e-04 -1.407163e-02 -2.898974e+01 -9.835035e-05 9.999985e-01 1.708789e-03 1.521490e+00 1.407181e-02 -1.707237e-03 9.998995e-01 -2.495560e+01
9.999886e-01 1.769444e-04 4.776232e-03 -2.848308e+01 -1.732535e-04 9.999997e-01 -7.730613e-04 1.508621e+00 -4.776367e-03 7.722256e-04 9.999883e-01 -2.509675e+01
9.999059e-01 3.919989e-04 -1.371600e-02 -2.805068e+01 -3.666753e-04 9.999982e-01 1.848781e-03 1.492419e+00 1.371670e-02 -1.843578e-03 9.999042e-01 -2.508364e+01
9.999881e-01 3.773488e-05 4.871917e-03 -2.762612e+01 -3.352269e-05 9.999996e-01 -8.645730e-04 1.479471e+00 -4.871948e-03 8.644000e-04 9.999878e-01 -2.514844e+01
9.999082e-01 5.536618e-04 -1.353849e-02 -2.726435e+01 -5.290793e-04 9.999982e-01 1.819297e-03 1.466736e+00 1.353947e-02 -1.811968e-03 9.999067e-01 -2.512789e+01
9.999926e-01 -5.561815e-05 3.845677e-03 -2.670240e+01 5.863303e-05 9.999997e-01 -7.837413e-04 1.444437e+00 -3.845632e-03 7.839616e-04 9.999923e-01 -2.508033e+01
9.998917e-01 3.317456e-04 -1.471385e-02 -2.599953e+01 -3.093152e-04 9.999988e-01 1.526726e-03 1.436219e+00 1.471434e-02 -1.522010e-03 9.998906e-01 -2.537826e+01
9.999844e-01 -3.272381e-04 5.577397e-03 -2.569047e+01 3.340142e-04 9.999992e-01 -1.213948e-03 1.445706e+00 -5.576995e-03 1.215792e-03 9.999837e-01 -2.654539e+01
9.998916e-01 2.423482e-04 -1.472296e-02 -2.518916e+01 -2.169890e-04 9.999985e-01 1.724028e-03 1.448637e+00 1.472336e-02 -1.720647e-03 9.998901e-01 -2.729257e+01
9.999809e-01 3.336102e-05 6.187862e-03 -2.471726e+01 -2.688070e-05 9.999995e-01 -1.047269e-03 1.437238e+00 -6.187893e-03 1.047083e-03 9.999803e-01 -2.737207e+01
9.998975e-01 1.865051e-04 -1.431667e-02 -2.438419e+01 -1.614251e-04 9.999985e-01 1.752971e-03 1.427164e+00 1.431698e-02 -1.750480e-03 9.998960e-01 -2.743308e+01
9.999897e-01 2.073263e-04 4.527245e-03 -2.380669e+01 -2.040134e-04 9.999997e-01 -7.321337e-04 1.411051e+00 -4.527395e-03 7.312031e-04 9.999895e-01 -2.752755e+01
9.999096e-01 4.438607e-05 -1.344877e-02 -2.338630e+01 -2.471296e-05 9.999989e-01 1.463015e-03 1.408121e+00 1.344882e-02 -1.462551e-03 9.999085e-01 -2.790363e+01
9.999834e-01 2.778722e-04 5.763395e-03 -2.311203e+01 -2.737232e-04 9.999997e-01 -7.205917e-04 1.406110e+00 -5.763593e-03 7.190027e-04 9.999831e-01 -2.803669e+01
9.998918e-01 -8.749919e-06 -1.470843e-02 -2.270197e+01 2.921966e-05 9.999990e-01 1.391519e-03 1.408331e+00 1.470840e-02 -1.391799e-03 9.998909e-01 -2.848493e+01
9.999896e-01 9.587907e-05 4.553522e-03 -2.213197e+01 -9.170064e-05 9.999996e-01 -9.177229e-04 1.412331e+00 -4.553608e-03 9.172963e-04 9.999892e-01 -2.931256e+01
9.998759e-01 4.568310e-05 -1.575403e-02 -2.143117e+01 -2.223586e-05 9.999989e-01 1.488535e-03 1.413474e+00 1.575408e-02 -1.488001e-03 9.998748e-01 -3.003774e+01
9.999876e-01 2.007008e-04 4.982206e-03 -2.084214e+01 -1.968640e-04 9.999997e-01 -7.704835e-04 1.415941e+00 -4.982358e-03 7.694937e-04 9.999873e-01 -3.065970e+01
9.998890e-01 2.972605e-05 -1.490248e-02 -2.029443e+01 -7.628435e-06 9.999989e-01 1.482901e-03 1.414568e+00 1.490251e-02 -1.482623e-03 9.998879e-01 -3.117107e+01
9.999839e-01 3.521063e-04 5.655274e-03 -1.979593e+01 -3.485685e-04 9.999997e-01 -6.264625e-04 1.405491e+00 -5.655493e-03 6.244818e-04 9.999838e-01 -3.132158e+01
9.998855e-01 2.517216e-06 -1.513158e-02 -1.927772e+01 1.767879e-05 9.999991e-01 1.334590e-03 1.403579e+00 1.513157e-02 -1.334706e-03 9.998846e-01 -3.180678e+01
9.999445e-01 3.254728e-04 1.052964e-02 -1.983720e+01 -3.155771e-04 9.999995e-01 -9.413939e-04 1.428965e+00 -1.052994e-02 9.380193e-04 9.999441e-01 -3.162359e+01
9.998769e-01 2.371094e-04 -1.568834e-02 -2.041697e+01 -2.117517e-04 9.999987e-01 1.618011e-03 1.461127e+00 1.568870e-02 -1.614490e-03 9.998756e-01 -3.134966e+01
9.999792e-01 6.635605e-05 6.447680e-03 -1.997851e+01 -5.930299e-05 9.999994e-01 -1.094000e-03 1.462417e+00 -6.447748e-03 1.093595e-03 9.999786e-01 -3.194403e+01
9.998647e-01 4.391144e-04 -1.644208e-02 -1.945435e+01 -4.087260e-04 9.999982e-01 1.851550e-03 1.459279e+00 1.644287e-02 -1.844579e-03 9.998631e-01 -3.232978e+01
9.999735e-01 4.707033e-06 7.283556e-03 -1.918739e+01 4.650792e-06 9.999992e-01 -1.284702e-03 1.466293e+00 -7.283556e-03 1.284703e-03 9.999726e-01 -3.282296e+01
9.998548e-01 2.126440e-04 -1.704142e-02 -1.902547e+01 -1.870292e-04 9.999989e-01 1.504696e-03 1.485585e+00 1.704172e-02 -1.501291e-03 9.998537e-01 -3.364285e+01
9.999912e-01 4.273848e-04 4.166992e-03 -1.814269e+01 -4.261383e-04 9.999999e-01 -2.998860e-04 1.458911e+00 -4.167119e-03 2.981082e-04 9.999913e-01 -3.360463e+01
9.998425e-01 6.317152e-04 -1.773656e-02 -1.722821e+01 -6.136582e-04 9.999993e-01 1.023521e-03 1.438407e+00 1.773719e-02 -1.012476e-03 9.998422e-01 -3.362246e+01
9.999693e-01 -3.737385e-04 7.822487e-03 -1.669906e+01 3.773046e-04 9.999998e-01 -4.543431e-04 1.439834e+00 -7.822316e-03 4.572812e-04 9.999693e-01 -3.419795e+01
9.998850e-01 5.984667e-04 -1.515188e-02 -1.666474e+01 -5.826972e-04 9.999993e-01 1.045187e-03 1.447143e+00 1.515250e-02 -1.036239e-03 9.998847e-01 -3.459645e+01
9.999698e-01 -2.183196e-04 7.766586e-03 -1.675095e+01 2.219651e-04 9.999999e-01 -4.684501e-04 1.455496e+00 -7.766483e-03 4.701604e-04 9.999697e-01 -3.512654e+01
9.998812e-01 4.005226e-04 -1.540657e-02 -1.647757e+01 -3.841511e-04 9.999994e-01 1.065604e-03 1.452678e+00 1.540699e-02 -1.059560e-03 9.998807e-01 -3.561515e+01
9.999933e-01 3.590457e-04 3.656212e-03 -1.572750e+01 -3.589228e-04 9.999999e-01 -3.412769e-05 1.424171e+00 -3.656224e-03 3.281567e-05 9.999933e-01 -3.536834e+01
9.998448e-01 3.321515e-04 -1.761166e-02 -1.477966e+01 -3.151246e-04 9.999995e-01 9.695898e-04 1.409642e+00 1.761197e-02 -9.638900e-04 9.998444e-01 -3.552246e+01
9.999411e-01 -2.530342e-06 1.084974e-02 -1.500725e+01 8.620126e-06 9.999998e-01 -5.611890e-04 1.422157e+00 -1.084973e-02 5.612500e-04 9.999410e-01 -3.586345e+01
9.998430e-01 5.577109e-04 -1.771179e-02 -1.534571e+01 -5.365440e-04 9.999991e-01 1.199832e-03 1.438247e+00 1.771244e-02 -1.190141e-03 9.998424e-01 -3.618846e+01
9.999537e-01 -6.770162e-04 9.594168e-03 -1.515497e+01 6.879587e-04 9.999991e-01 -1.137225e-03 1.447055e+00 -9.593390e-03 1.143773e-03 9.999533e-01 -3.738974e+01
9.998508e-01 7.729930e-04 -1.725610e-02 -1.491567e+01 -7.438935e-04 9.999983e-01 1.692718e-03 1.448206e+00 1.725738e-02 -1.679630e-03 9.998497e-01 -3.803889e+01
9.999508e-01 -6.091108e-04 9.903486e-03 -1.457002e+01 6.206584e-04 9.999991e-01 -1.162935e-03 1.433300e+00 -9.902769e-03 1.169025e-03 9.999503e-01 -3.801903e+01
9.998193e-01 6.535299e-04 -1.899744e-02 -1.406345e+01 -6.180813e-04 9.999981e-01 1.871803e-03 1.433918e+00 1.899863e-02 -1.859724e-03 9.998178e-01 -3.859199e+01
9.999545e-01 -5.171391e-04 9.527158e-03 -1.350368e+01 5.297919e-04 9.999990e-01 -1.325545e-03 1.435903e+00 -9.526462e-03 1.330532e-03 9.999537e-01 -3.919543e+01
9.998337e-01 3.737366e-04 -1.823247e-02 -1.320742e+01 -3.457756e-04 9.999988e-01 1.536737e-03 1.446395e+00 1.823302e-02 -1.530178e-03 9.998326e-01 -4.036318e+01
9.999460e-01 -6.714824e-04 1.036585e-02 -1.291902e+01 6.880648e-04 9.999985e-01 -1.596181e-03 1.452076e+00 -1.036476e-02 1.603228e-03 9.999450e-01 -4.146734e+01
9.998402e-01 5.036344e-04 -1.787134e-02 -1.255329e+01 -4.753815e-04 9.999986e-01 1.585146e-03 1.448188e+00 1.787212e-02 -1.576398e-03 9.998390e-01 -4.210180e+01
9.999530e-01 -6.575458e-04 9.670435e-03 -1.227538e+01 6.713040e-04 9.999988e-01 -1.419479e-03 1.454984e+00 -9.669489e-03 1.425905e-03 9.999522e-01 -4.317057e+01
9.997933e-01 5.158296e-04 -2.032239e-02 -1.147442e+01 -4.715269e-04 9.999975e-01 2.184753e-03 1.446406e+00 2.032346e-02 -2.174719e-03 9.997911e-01 -4.364208e+01
9.999366e-01 1.004271e-04 1.125912e-02 -1.118127e+01 -8.417136e-05 9.999990e-01 -1.444199e-03 1.450697e+00 -1.125925e-02 1.443161e-03 9.999356e-01 -4.365238e+01
9.998393e-01 4.607615e-04 -1.792005e-02 -1.129030e+01 -4.225415e-04 9.999976e-01 2.136567e-03 1.463816e+00 1.792100e-02 -2.128652e-03 9.998371e-01 -4.364495e+01
9.999481e-01 -2.141941e-04 1.018768e-02 -1.142485e+01 2.316180e-04 9.999985e-01 -1.709083e-03 1.482269e+00 -1.018730e-02 1.711354e-03 9.999466e-01 -4.394330e+01
9.998405e-01 7.425802e-04 -1.784270e-02 -1.215110e+01 -7.093310e-04 9.999980e-01 1.869749e-03 1.521473e+00 1.784406e-02 -1.856795e-03 9.998391e-01 -4.476961e+01
9.999236e-01 -3.056026e-04 1.235628e-02 -1.255377e+01 3.227993e-04 9.999990e-01 -1.389723e-03 1.530836e+00 -1.235584e-02 1.393605e-03 9.999227e-01 -4.491826e+01
