9.999689e-01 5.106470e-04 -7.874300e-03 5.036409e-01 -5.136750e-04 9.999998e-01 -3.825199e-04 -4.090726e-02 7.874103e-03 3.865521e-04 9.999689e-01 7.950744e-01
9.999971e-01 1.679533e-04 -2.386791e-03 1.140467e+00 -1.672203e-04 9.999999e-01 3.073066e-04 -8.041057e-02 2.386843e-03 -3.069059e-04 9.999971e-01 1.422830e+00
9.999766e-01 7.482452e-05 -6.838212e-03 1.693093e+00 -7.500479e-05 1.000000e+00 -2.610122e-05 -1.134094e-01 6.838210e-03 2.661279e-05 9.999766e-01 1.720476e+00
9.999855e-01 1.207640e-04 -5.392999e-03 2.598175e+00 -1.170804e-04 9.999998e-01 6.833390e-04 -1.534672e-01 5.393080e-03 -6.826969e-04 9.999852e-01 1.922712e+00
9.999512e-01 1.901022e-04 -9.875380e-03 3.823811e+00 -1.878146e-04 1.000000e+00 2.325767e-04 -1.989354e-01 9.875424e-03 -2.307113e-04 9.999512e-01 2.057724e+00
1.000000e+00 1.790702e-04 -1.253423e-04 4.413839e+00 -1.790954e-04 1.000000e+00 -2.013198e-04 -2.317552e-01 1.253066e-04 2.013430e-04 1.000000e+00 2.444444e+00
9.999471e-01 -2.530615e-04 -1.028342e-02 5.187037e+00 2.633363e-04 9.999995e-01 9.978258e-04 -2.645671e-01 1.028316e-02 -1.000482e-03 9.999466e-01 2.480221e+00
9.999937e-01 3.885727e-04 -3.527755e-03 6.245867e+00 -3.880736e-04 9.999999e-01 1.421449e-04 -2.913872e-01 3.527810e-03 -1.407743e-04 9.999938e-01 2.257438e+00
9.999562e-01 -4.003765e-04 -9.351762e-03 7.252314e+00 4.076100e-04 9.999996e-01 7.716050e-04 -3.105192e-01 9.351449e-03 -7.753838e-04 9.999560e-01 1.891020e+00
9.999995e-01 5.963685e-04 -7.418426e-04 7.876401e+00 -5.966337e-04 9.999998e-01 -3.574335e-04 -3.327320e-01 7.416296e-04 3.578766e-04 9.999997e-01 1.875638e+00
9.999372e-01 -6.759405e-04 -1.118352e-02 8.859908e+00 6.905839e-04 9.999989e-01 1.305564e-03 -3.684114e-01 1.118262e-02 -1.313206e-03 9.999366e-01 1.813176e+00
9.999758e-01 9.394223e-04 -6.889000e-03 1.040045e+01 -9.359809e-04 9.999994e-01 5.027473e-04 -4.025062e-01 6.889469e-03 -4.962865e-04 9.999761e-01 1.410457e+00
9.999831e-01 -1.132419e-03 -5.696183e-03 1.126991e+01 1.131794e-03 9.999994e-01 -1.128430e-04 -4.224765e-01 5.696307e-03 1.063935e-04 9.999838e-01 1.158297e+00
9.999883e-01 1.381758e-03 -4.628105e-03 1.199034e+01 -1.379177e-03 9.999989e-01 5.606759e-04 -4.563511e-01 4.628875e-03 -5.542857e-04 9.999891e-01 1.335158e+00
9.999433e-01 -1.784236e-04 -1.064866e-02 1.313131e+01 1.780806e-04 1.000000e+00 -3.315171e-05 -5.087846e-01 1.064867e-02 3.125280e-05 9.999433e-01 1.962393e+00
9.999941e-01 1.211742e-03 -3.207835e-03 1.427494e+01 -1.212496e-03 9.999992e-01 -2.332080e-04 -5.627456e-01 3.207550e-03 2.370968e-04 9.999948e-01 3.129794e+00
9.997783e-01 3.256088e-04 -2.105296e-02 1.659158e+01 -3.002505e-04 9.999992e-01 1.207655e-03 -6.137599e-01 2.105333e-02 -1.201067e-03 9.997776e-01 3.370907e+00
9.999903e-01 -3.365715e-06 -4.395115e-03 1.874256e+01 2.206512e-06 1.000000e+00 -2.637773e-04 -6.566612e-01 4.395116e-03 2.637658e-04 9.999903e-01 3.670928e+00
9.998391e-01 6.629293e-04 -1.792801e-02 2.065087e+01 -6.485603e-04 9.999995e-01 8.072940e-04 -6.962948e-01 1.792853e-02 -7.955374e-04 9.998390e-01 4.260165e+00
9.999558e-01 -5.273473e-04 -9.384265e-03 2.322067e+01 5.281856e-04 9.999999e-01 8.683382e-05 -7.337686e-01 9.384218e-03 -9.178592e-05 9.999560e-01 4.165581e+00
9.998283e-01 6.725678e-04 -1.851628e-02 2.579235e+01 -6.519842e-04 9.999992e-01 1.117669e-03 -7.628624e-01 1.851701e-02 -1.105406e-03 9.998279e-01 3.843009e+00
9.999672e-01 -6.789741e-04 -8.066755e-03 2.809722e+01 6.807640e-04 9.999997e-01 2.191217e-04 -7.987009e-01 8.066604e-03 -2.246053e-04 9.999674e-01 3.764280e+00
9.994182e-01 4.170239e-04 -3.410391e-02 3.243299e+01 -3.339511e-04 9.999970e-01 2.441537e-03 -8.237816e-01 3.410482e-02 -2.428728e-03 9.994153e-01 2.028903e+00
9.999522e-01 3.268509e-04 9.777057e-03 3.459387e+01 -3.094721e-04 9.999984e-01 -1.778946e-03 -8.780453e-01 -9.777622e-03 1.775836e-03 9.999506e-01 2.622796e+00
9.994212e-01 -1.683487e-04 -3.401849e-02 3.698109e+01 2.395606e-04 9.999978e-01 2.089272e-03 -9.260592e-01 3.401806e-02 -2.096213e-03 9.994190e-01 2.915824e+00
9.999863e-01 -6.580887e-04 -5.195691e-03 4.115134e+01 6.552703e-04 9.999996e-01 -5.441648e-04 -9.530014e-01 5.196048e-03 5.407534e-04 9.999864e-01 1.174340e+00
9.992234e-01 -4.732773e-04 -3.940073e-02 4.571255e+01 5.804967e-04 9.999962e-01 2.709864e-03 -9.571203e-01 3.939929e-02 -2.730632e-03 9.992198e-01 -1.721816e+00
9.999962e-01 -5.877746e-04 2.679610e-03 4.921557e+01 5.911693e-04 9.999990e-01 -1.266154e-03 -9.786602e-01 -2.678862e-03 1.267734e-03 9.999956e-01 -3.371659e+00
9.994914e-01 1.824193e-04 -3.188819e-02 5.206786e+01 -1.176495e-04 9.999979e-01 2.033023e-03 -1.020099e+00 3.188850e-02 -2.028238e-03 9.994894e-01 -3.946068e+00
9.999969e-01 3.393319e-04 2.457408e-03 5.505845e+01 -3.354243e-04 9.999987e-01 -1.590299e-03 -1.063159e+00 -2.457944e-03 1.589470e-03 9.999957e-01 -4.237978e+00
9.995271e-01 -4.291674e-04 -3.074743e-02 5.753698e+01 4.693260e-04 9.999990e-01 1.298882e-03 -1.108277e+00 3.074684e-02 -1.312699e-03 9.995263e-01 -3.752826e+00
9.999622e-01 7.866301e-04 8.655549e-03 5.893930e+01 -7.717922e-04 9.999982e-01 -1.717440e-03 -1.125299e+00 -8.656884e-03 1.710696e-03 9.999611e-01 -3.244273e+00
9.995039e-01 -6.102396e-04 -3.148959e-02 6.045703e+01 6.591270e-04 9.999986e-01 1.542142e-03 -1.147926e+00 3.148861e-02 -1.562133e-03 9.995029e-01 -2.951667e+00
9.999866e-01 9.242372e-04 5.097133e-03 6.244724e+01 -9.151319e-04 9.999980e-01 -1.788355e-03 -1.172057e+00 -5.098775e-03 1.783667e-03 9.999854e-01 -2.562294e+00
9.992845e-01 -1.052188e-03 -3.780820e-02 6.554104e+01 1.125483e-03 9.999975e-01 1.917356e-03 -1.210596e+00 3.780609e-02 -1.958537e-03 9.992832e-01 -2.877109e+00
9.995667e-01 2.186422e-03 2.935280e-02 6.411512e+01 -2.074757e-03 9.999905e-01 -3.834155e-03 -1.153746e+00 -2.936090e-02 3.771595e-03 9.995618e-01 -1.225173e+00
9.992083e-01 -2.169395e-03 -3.972468e-02 6.352357e+01 2.230727e-03 9.999964e-01 1.499672e-03 -1.140594e+00 3.972128e-02 -1.587101e-03 9.992095e-01 1.172461e+00
9.998298e-01 2.834301e-03 1.822922e-02 6.493206e+01 -2.784922e-03 9.999924e-01 -2.733567e-03 -1.167966e+00 -1.823683e-02 2.682336e-03 9.998301e-01 2.598153e+00
9.996007e-01 -1.551847e-03 -2.821496e-02 6.489480e+01 1.561047e-03 9.999987e-01 3.040533e-04 -1.169349e+00 2.821445e-02 -3.479774e-04 9.996018e-01 5.073270e+00
9.999827e-01 2.210289e-03 5.457931e-03 6.636819e+01 -2.200278e-03 9.999959e-01 -1.839551e-03 -1.204710e+00 -5.461974e-03 1.827511e-03 9.999834e-01 6.998979e+00
9.995750e-01 -1.284656e-03 -2.912191e-02 6.776543e+01 1.310154e-03 9.999988e-01 8.565283e-04 -1.244487e+00 2.912078e-02 -8.943191e-04 9.995755e-01 8.830671e+00
9.999328e-01 2.352494e-03 1.135489e-02 6.851042e+01 -2.325706e-03 9.999945e-01 -2.371790e-03 -1.286766e+00 -1.136041e-02 2.345223e-03 9.999327e-01 1.107336e+01
9.997052e-01 -1.795062e-03 -2.421160e-02 6.845571e+01 1.795468e-03 9.999984e-01 -4.965567e-06 -1.305965e+00 2.421157e-02 -3.850770e-05 9.997069e-01 1.360723e+01
9.998833e-01 2.542650e-03 1.506517e-02 6.713709e+01 -2.505477e-03 9.999938e-01 -2.485783e-03 -1.274906e+00 -1.507140e-02 2.447748e-03 9.998834e-01 1.564828e+01
9.997583e-01 -1.882079e-03 -2.190575e-02 6.591640e+01 1.897335e-03 9.999980e-01 6.756629e-04 -1.246391e+00 2.190444e-02 -7.170628e-04 9.997598e-01 1.694845e+01
9.999214e-01 2.562298e-03 1.227279e-02 6.580996e+01 -2.553619e-03 9.999965e-01 -7.227360e-04 -1.254964e+00 -1.227460e-02 6.913398e-04 9.999244e-01 1.750463e+01
9.997982e-01 -1.922961e-03 -1.999789e-02 6.560288e+01 1.933788e-03 9.999980e-01 5.220721e-04 -1.263942e+00 1.999685e-02 -5.606390e-04 9.997999e-01 1.794680e+01
9.999893e-01 2.650025e-03 3.787331e-03 6.411853e+01 -2.650291e-03 9.999965e-01 6.521457e-05 -1.184274e+00 -3.787145e-03 -7.525078e-05 9.999928e-01 1.740028e+01
9.999754e-01 -2.828559e-03 -6.414195e-03 6.415282e+01 2.818494e-03 9.999948e-01 -1.577628e-03 -1.211237e+00 6.418623e-03 1.559510e-03 9.999782e-01 1.873667e+01
9.999936e-01 3.295168e-03 1.373825e-03 6.382061e+01 -3.296645e-03 9.999940e-01 1.074194e-03 -1.216462e+00 -1.370277e-03 -1.078716e-03 9.999985e-01 1.939682e+01
9.999717e-01 -2.941533e-03 -6.924083e-03 6.353043e+01 2.933292e-03 9.999950e-01 -1.200015e-03 -1.222651e+00 6.927578e-03 1.179670e-03 9.999753e-01 1.989634e+01
9.999947e-01 3.226301e-03 3.554492e-04 6.383861e+01 -3.226593e-03 9.999945e-01 8.259619e-04 -1.256937e+00 -3.527823e-04 -8.271038e-04 9.999996e-01 2.070057e+01
9.999690e-01 -2.966720e-03 -7.293012e-03 6.404385e+01 2.964129e-03 9.999955e-01 -3.660731e-04 -1.269432e+00 7.294065e-03 3.444437e-04 9.999733e-01 2.065763e+01
9.999950e-01 3.161520e-03 3.182206e-04 6.424298e+01 -3.161796e-03 9.999946e-01 8.720536e-04 -1.279997e+00 -3.154616e-04 -8.730548e-04 9.999996e-01 2.060654e+01
9.999751e-01 -2.998088e-03 -6.386821e-03 6.446126e+01 2.993826e-03 9.999953e-01 -6.767611e-04 -1.300210e+00 6.388820e-03 6.576226e-04 9.999794e-01 2.102363e+01
9.999912e-01 2.888642e-03 3.039121e-03 6.457208e+01 -2.887206e-03 9.999957e-01 -4.767120e-04 -1.331395e+00 -3.040485e-03 4.679338e-04 9.999953e-01 2.214937e+01
9.999707e-01 -2.924657e-03 -7.081190e-03 6.473110e+01 2.917696e-03 9.999953e-01 -9.931878e-04 -1.369825e+00 7.084060e-03 9.724973e-04 9.999744e-01 2.331006e+01
9.999915e-01 2.921817e-03 2.906197e-03 6.466227e+01 -2.924443e-03 9.999953e-01 8.998511e-04 -1.380074e+00 -2.903554e-03 -9.083418e-04 9.999954e-01 2.380166e+01
9.999613e-01 -2.779899e-03 -8.344230e-03 6.464819e+01 2.774003e-03 9.999959e-01 -7.181580e-04 -1.389411e+00 8.346192e-03 6.949827e-04 9.999649e-01 2.420606e+01
9.999943e-01 3.214661e-03 1.064799e-03 6.453866e+01 -3.216276e-03 9.999937e-01 1.519140e-03 -1.383481e+00 -1.059908e-03 -1.522555e-03 9.999983e-01 2.397783e+01
9.999649e-01 -2.748909e-03 -7.909751e-03 6.399735e+01 2.741176e-03 9.999958e-01 -9.883923e-04 -1.360828e+00 7.912434e-03 9.666750e-04 9.999682e-01 2.348666e+01
9.999935e-01 3.287470e-03 1.470275e-03 6.327770e+01 -3.289639e-03 9.999935e-01 1.475790e-03 -1.331640e+00 -1.465414e-03 -1.480617e-03 9.999978e-01 2.306010e+01
9.999556e-01 -3.026781e-03 -8.928977e-03 6.321665e+01 3.018611e-03 9.999950e-01 -9.282934e-04 -1.320801e+00 8.931742e-03 9.012984e-04 9.999597e-01 2.259587e+01
9.999930e-01 3.019815e-03 -2.195863e-03 6.395307e+01 -3.015551e-03 9.999936e-01 1.942683e-03 -1.334727e+00 2.201716e-03 -1.936047e-03 9.999957e-01 2.235785e+01
9.999854e-01 -2.967367e-03 -4.518390e-03 6.412456e+01 2.960874e-03 9.999946e-01 -1.442924e-03 -1.338118e+00 4.522647e-03 1.429524e-03 9.999888e-01 2.230306e+01
9.999866e-01 3.105394e-03 -4.146665e-03 6.456826e+01 -3.095888e-03 9.999926e-01 2.296938e-03 -1.357675e+00 4.153768e-03 -2.284069e-03 9.999888e-01 2.242600e+01
9.999833e-01 -2.742313e-03 -5.088295e-03 6.509223e+01 2.734075e-03 9.999949e-01 -1.625042e-03 -1.374023e+00 5.092725e-03 1.611102e-03 9.999857e-01 2.239272e+01
9.999915e-01 2.957434e-03 -2.882223e-03 6.530211e+01 -2.951070e-03 9.999932e-01 2.209524e-03 -1.371635e+00 2.888738e-03 -2.200999e-03 9.999934e-01 2.174834e+01
9.999789e-01 -2.962414e-03 -5.786225e-03 6.566624e+01 2.952715e-03 9.999942e-01 -1.684048e-03 -1.367832e+00 5.791180e-03 1.666927e-03 9.999818e-01 2.100937e+01
9.999911e-01 2.941438e-03 -3.039370e-03 6.604397e+01 -2.934468e-03 9.999931e-01 2.295096e-03 -1.363448e+00 3.046100e-03 -2.286156e-03 9.999927e-01 2.025349e+01
9.999802e-01 -2.878383e-03 -5.597991e-03 6.629754e+01 2.867623e-03 9.999940e-01 -1.929139e-03 -1.355871e+00 5.603511e-03 1.913047e-03 9.999825e-01 1.922670e+01
9.999928e-01 2.820960e-03 -2.542362e-03 6.648869e+01 -2.815483e-03 9.999937e-01 2.155171e-03 -1.346657e+00 2.548426e-03 -2.147997e-03 9.999944e-01 1.807615e+01
9.999872e-01 -2.864786e-03 -4.159062e-03 6.668738e+01 2.856634e-03 9.999940e-01 -1.964372e-03 -1.348646e+00 4.164664e-03 1.952466e-03 9.999894e-01 1.769226e+01
9.999918e-01 2.827963e-03 -2.906425e-03 6.685342e+01 -2.821428e-03 9.999935e-01 2.250078e-03 -1.351040e+00 2.912769e-03 -2.241859e-03 9.999932e-01 1.715533e+01
9.999870e-01 -2.736720e-03 -4.292276e-03 6.686359e+01 2.728036e-03 9.999942e-01 -2.027809e-03 -1.345490e+00 4.297801e-03 2.016073e-03 9.999887e-01 1.620679e+01
9.999909e-01 2.876060e-03 -3.155140e-03 6.689873e+01 -2.868556e-03 9.999931e-01 2.380109e-03 -1.340381e+00 3.161963e-03 -2.371036e-03 9.999922e-01 1.530475e+01
9.999849e-01 -2.850988e-03 -4.688187e-03 6.693717e+01 2.840111e-03 9.999933e-01 -2.325000e-03 -1.330928e+00 4.694784e-03 2.311650e-03 9.999863e-01 1.409953e+01
9.999902e-01 2.856603e-03 -3.371745e-03 6.698361e+01 -2.848323e-03 9.999929e-01 2.457994e-03 -1.320216e+00 3.378743e-03 -2.448366e-03 9.999913e-01 1.283847e+01
9.999856e-01 -3.024393e-03 -4.427678e-03 6.711567e+01 3.012842e-03 9.999920e-01 -2.613175e-03 -1.309195e+00 4.435546e-03 2.599797e-03 9.999868e-01 1.148018e+01
9.999877e-01 3.039300e-03 -3.915910e-03 6.732713e+01 -3.028053e-03 9.999913e-01 2.874774e-03 -1.301176e+00 3.924613e-03 -2.862881e-03 9.999882e-01 1.043266e+01
9.999852e-01 -2.804356e-03 -4.669047e-03 6.732368e+01 2.793062e-03 9.999932e-01 -2.423494e-03 -1.286278e+00 4.675811e-03 2.410417e-03 9.999862e-01 9.540635e+00
9.999883e-01 3.133749e-03 -3.686556e-03 6.715979e+01 -3.123107e-03 9.999910e-01 2.888805e-03 -1.268717e+00 3.695576e-03 -2.877257e-03 9.999890e-01 8.734618e+00
9.999925e-01 -2.776805e-03 -2.683182e-03 6.670055e+01 2.770236e-03 9.999932e-01 -2.448545e-03 -1.246068e+00 2.689963e-03 2.441093e-03 9.999934e-01 8.274946e+00
9.999867e-01 3.037538e-03 -4.160600e-03 6.635735e+01 -3.025651e-03 9.999913e-01 2.860373e-03 -1.225704e+00 4.169252e-03 -2.847746e-03 9.999873e-01 7.640268e+00
9.999959e-01 -2.523828e-03 -1.389112e-03 6.548206e+01 2.520356e-03 9.999937e-01 -2.495702e-03 -1.191234e+00 1.395402e-03 2.492190e-03 9.999959e-01 7.262979e+00
9.999913e-01 2.884402e-03 -3.029836e-03 6.491785e+01 -2.875635e-03 9.999917e-01 2.893934e-03 -1.167397e+00 3.038158e-03 -2.885196e-03 9.999912e-01 7.546191e+00
9.999919e-01 -2.282201e-03 -3.301058e-03 6.472667e+01 2.274775e-03 9.999949e-01 -2.251273e-03 -1.158739e+00 3.306179e-03 2.243745e-03 9.999920e-01 7.617660e+00
9.999924e-01 2.670260e-03 -2.824374e-03 6.422001e+01 -2.662281e-03 9.999925e-01 2.824775e-03 -1.139780e+00 2.831895e-03 -2.817234e-03 9.999920e-01 7.285449e+00
9.999932e-01 -2.293666e-03 -2.877925e-03 6.393435e+01 2.287616e-03 9.999952e-01 -2.103749e-03 -1.129478e+00 2.882736e-03 2.097151e-03 9.999936e-01 7.312636e+00
9.999912e-01 2.841656e-03 -3.070278e-03 6.389873e+01 -2.833415e-03 9.999924e-01 2.685132e-03 -1.124877e+00 3.077885e-03 -2.676409e-03 9.999917e-01 7.562763e+00
9.999869e-01 -2.492903e-03 -4.461609e-03 6.394169e+01 2.484274e-03 9.999950e-01 -1.938422e-03 -1.118369e+00 4.466419e-03 1.927312e-03 9.999882e-01 7.388776e+00
9.999865e-01 2.912446e-03 -4.305603e-03 6.421362e+01 -2.900267e-03 9.999918e-01 2.832139e-03 -1.116337e+00 4.313816e-03 -2.819613e-03 9.999867e-01 7.047726e+00
9.999952e-01 -3.060371e-03 3.901331e-04 6.417518e+01 3.061487e-03 9.999911e-01 -2.894061e-03 -1.126701e+00 -3.812729e-04 2.895241e-03 9.999957e-01 7.569822e+00
9.999796e-01 3.024330e-03 -5.631470e-03 6.433164e+01 -3.009109e-03 9.999918e-01 2.709410e-03 -1.147781e+00 5.639618e-03 -2.692409e-03 9.999805e-01 8.205266e+00
9.999943e-01 -2.507862e-03 -2.271926e-03 6.458147e+01 2.503534e-03 9.999951e-01 -1.905815e-03 -1.155830e+00 2.276694e-03 1.900116e-03 9.999956e-01 8.287812e+00
9.999919e-01 2.913319e-03 -2.790916e-03 6.411590e+01 -2.906213e-03 9.999925e-01 2.546626e-03 -1.141253e+00 2.798314e-03 -2.538494e-03 9.999929e-01 8.335251e+00
9.999896e-01 -2.473683e-03 -3.818444e-03 6.389101e+01 2.466386e-03 9.999951e-01 -1.914294e-03 -1.132317e+00 3.823160e-03 1.904856e-03 9.999909e-01 8.126337e+00
9.999922e-01 2.680982e-03 -2.895122e-03 6.390131e+01 -2.673742e-03 9.999933e-01 2.501642e-03 -1.125732e+00 2.901809e-03 -2.493881e-03 9.999927e-01 7.990268e+00
9.999924e-01 -2.130044e-03 -3.260912e-03 6.368322e+01 2.124539e-03 9.999963e-01 -1.690373e-03 -1.109708e+00 3.264501e-03 1.683432e-03 9.999933e-01 8.152341e+00
9.999814e-01 2.351919e-03 -5.625913e-03 6.419896e+01 -2.338339e-03 9.999943e-01 2.419115e-03 -1.137210e+00 5.631571e-03 -2.405914e-03 9.999812e-01 8.499300e+00
9.999977e-01 -2.111788e-03 -4.597784e-04 6.452649e+01 2.110477e-03 9.999938e-01 -2.831870e-03 -1.175360e+00 4.657557e-04 2.830893e-03 9.999959e-01 9.295136e+00
9.999656e-01 2.437481e-03 -7.934435e-03 6.481698e+01 -2.408256e-03 9.999903e-01 3.690807e-03 -1.181383e+00 7.943355e-03 -3.671571e-03 9.999617e-01 9.204884e+00
9.999878e-01 -2.160421e-03 -4.447427e-03 6.566255e+01 2.150388e-03 9.999951e-01 -2.259506e-03 -1.195585e+00 4.452286e-03 2.249914e-03 9.999876e-01 8.906089e+00
9.999300e-01 2.568449e-03 -1.154970e-02 6.684555e+01 -2.521142e-03 9.999884e-01 4.108591e-03 -1.215485e+00 1.156012e-02 -4.079184e-03 9.999249e-01 8.557340e+00
9.999974e-01 -2.263756e-03 1.937018e-04 6.751594e+01 2.264289e-03 9.999935e-01 -2.799336e-03 -1.229404e+00 -1.873636e-04 2.799767e-03 9.999961e-01 8.382383e+00
9.999192e-01 2.882121e-03 -1.238257e-02 6.833062e+01 -2.835017e-03 9.999887e-01 3.819856e-03 -1.263972e+00 1.239344e-02 -3.784442e-03 9.999160e-01 8.640199e+00
9.999808e-01 -2.500742e-03 5.677071e-03 6.853457e+01 2.519237e-03 9.999915e-01 -3.253023e-03 -1.273906e+00 -5.668888e-03 3.267261e-03 9.999786e-01 8.995654e+00
9.998970e-01 2.806751e-03 -1.407363e-02 6.893552e+01 -2.748551e-03 9.999876e-01 4.153009e-03 -1.291964e+00 1.408512e-02 -4.113898e-03 9.998923e-01 9.248246e+00
9.999959e-01 -2.535677e-03 1.336569e-03 6.982822e+01 2.539568e-03 9.999925e-01 -2.917485e-03 -1.312108e+00 -1.329161e-03 2.920867e-03 9.999949e-01 9.057597e+00
9.999158e-01 2.693659e-03 -1.269274e-02 7.058452e+01 -2.642230e-03 9.999882e-01 4.066863e-03 -1.324792e+00 1.270354e-02 -4.032983e-03 9.999112e-01 8.767346e+00
9.999958e-01 -2.511972e-03 1.432818e-03 7.135692e+01 2.516296e-03 9.999923e-01 -3.024618e-03 -1.338736e+00 -1.425209e-03 3.028210e-03 9.999944e-01 8.494279e+00
9.998886e-01 2.602983e-03 -1.469858e-02 7.233965e+01 -2.540780e-03 9.999877e-01 4.249014e-03 -1.358515e+00 1.470946e-02 -4.211194e-03 9.998829e-01 8.235154e+00
9.999975e-01 -2.253644e-03 9.682809e-05 7.339734e+01 2.253951e-03 9.999920e-01 -3.309118e-03 -1.397255e+00 -8.936980e-05 3.309327e-03 9.999945e-01 8.393038e+00
9.998366e-01 2.325345e-03 -1.792750e-02 7.484027e+01 -2.243971e-03 9.999871e-01 4.557772e-03 -1.443291e+00 1.793786e-02 -4.516798e-03 9.998289e-01 8.474389e+00
9.999915e-01 -2.091510e-03 3.550811e-03 7.595140e+01 2.103085e-03 9.999925e-01 -3.259408e-03 -1.460309e+00 -3.543967e-03 3.266848e-03 9.999884e-01 8.048329e+00
9.999233e-01 1.915718e-03 -1.223886e-02 7.633713e+01 -1.869700e-03 9.999911e-01 3.770263e-03 -1.457719e+00 1.224598e-02 -3.747091e-03 9.999180e-01 7.196359e+00
9.999942e-01 -1.909921e-03 2.815545e-03 7.681386e+01 1.918432e-03 9.999936e-01 -3.023638e-03 -1.458542e+00 -2.809752e-03 3.029021e-03 9.999915e-01 6.551036e+00
9.999099e-01 1.979907e-03 -1.327789e-02 7.746308e+01 -1.925838e-03 9.999898e-01 4.083613e-03 -1.463618e+00 1.328584e-02 -4.057673e-03 9.999035e-01 6.057009e+00
9.999978e-01 -1.705610e-03 1.242248e-03 7.829817e+01 1.709132e-03 9.999945e-01 -2.840211e-03 -1.473778e+00 -1.237397e-03 2.842327e-03 9.999952e-01 5.658400e+00
9.999386e-01 1.799617e-03 -1.093196e-02 7.883617e+01 -1.758552e-03 9.999914e-01 3.764853e-03 -1.477000e+00 1.093864e-02 -3.745397e-03 9.999332e-01 5.137084e+00
9.999988e-01 -1.511098e-03 3.170415e-04 7.950131e+01 1.511922e-03 9.999954e-01 -2.614771e-03 -1.488990e+00 -3.130889e-04 2.615246e-03 9.999965e-01 4.879152e+00
9.999257e-01 1.806626e-03 -1.205548e-02 8.028549e+01 -1.759930e-03 9.999909e-01 3.882933e-03 -1.500683e+00 1.206239e-02 -3.861427e-03 9.999198e-01 4.548238e+00
9.999965e-01 -1.667470e-03 2.069670e-03 8.085923e+01 1.673539e-03 9.999943e-01 -2.934665e-03 -1.504249e+00 -2.064764e-03 2.938118e-03 9.999936e-01 4.001392e+00
9.999561e-01 1.890675e-03 -9.179483e-03 8.106114e+01 -1.857960e-03 9.999919e-01 3.571099e-03 -1.507516e+00 9.186160e-03 -3.553887e-03 9.999515e-01 3.606066e+00
9.999917e-01 -1.545617e-03 3.772210e-03 8.086202e+01 1.557527e-03 9.999938e-01 -3.156410e-03 -1.501898e+00 -3.767308e-03 3.162259e-03 9.999879e-01 3.711768e+00
9.999437e-01 1.877157e-03 -1.044605e-02 8.091675e+01 -1.838472e-03 9.999914e-01 3.711618e-03 -1.501581e+00 1.045293e-02 -3.692203e-03 9.999385e-01 3.664055e+00
9.999883e-01 -1.608883e-03 4.571147e-03 8.103799e+01 1.624448e-03 9.999929e-01 -3.403498e-03 -1.509405e+00 -4.565639e-03 3.410884e-03 9.999838e-01 3.901088e+00
9.999505e-01 1.763268e-03 -9.794191e-03 8.114313e+01 -1.726620e-03 9.999915e-01 3.748982e-03 -1.522273e+00 9.800718e-03 -3.731885e-03 9.999450e-01 4.219371e+00
9.999903e-01 -1.479722e-03 4.152219e-03 8.120205e+01 1.492617e-03 9.999941e-01 -3.104428e-03 -1.533123e+00 -4.147600e-03 3.110595e-03 9.999866e-01 4.389018e+00
9.999481e-01 1.740035e-03 -1.003996e-02 8.129963e+01 -1.702177e-03 9.999914e-01 3.777996e-03 -1.542510e+00 1.004645e-02 -3.760710e-03 9.999425e-01 4.426853e+00
9.999880e-01 -1.318888e-03 4.708573e-03 8.101692e+01 1.333767e-03 9.999941e-01 -3.158530e-03 -1.538187e+00 -4.704380e-03 3.164772e-03 9.999839e-01 4.523455e+00
9.999488e-01 1.725907e-03 -9.973786e-03 8.054885e+01 -1.688584e-03 9.999915e-01 3.749254e-03 -1.521473e+00 9.980173e-03 -3.732220e-03 9.999432e-01 4.474370e+00
9.999892e-01 -1.342417e-03 4.455011e-03 8.008334e+01 1.357078e-03 9.999937e-01 -3.289763e-03 -1.501049e+00 -4.450567e-03 3.295773e-03 9.999847e-01 4.215307e+00
9.999566e-01 1.673413e-03 -9.165290e-03 7.964972e+01 -1.637850e-03 9.999911e-01 3.886363e-03 -1.487442e+00 9.171712e-03 -3.871182e-03 9.999504e-01 4.271185e+00
9.999861e-01 -1.309926e-03 5.115362e-03 7.892883e+01 1.328221e-03 9.999927e-01 -3.574801e-03 -1.457537e+00 -5.110642e-03 3.581545e-03 9.999805e-01 4.508022e+00
9.999468e-01 1.997171e-03 -1.012096e-02 7.794786e+01 -1.955516e-03 9.999896e-01 4.123875e-03 -1.419425e+00 1.012909e-02 -4.103863e-03 9.999403e-01 4.545094e+00
9.999930e-01 -1.640554e-03 3.371673e-03 7.763583e+01 1.652535e-03 9.999923e-01 -3.553742e-03 -1.405179e+00 -3.365817e-03 3.559288e-03 9.999880e-01 4.014433e+00
9.999458e-01 1.608034e-03 -1.028721e-02 7.771273e+01 -1.569772e-03 9.999918e-01 3.726300e-03 -1.400747e+00 1.029312e-02 -3.709949e-03 9.999401e-01 3.088966e+00
9.999928e-01 -1.472355e-03 3.491411e-03 7.768538e+01 1.484364e-03 9.999930e-01 -3.439637e-03 -1.396746e+00 -3.486322e-03 3.444795e-03 9.999880e-01 2.257449e+00
9.999460e-01 1.761624e-03 -1.024361e-02 7.747427e+01 -1.721155e-03 9.999907e-01 3.958131e-03 -1.386403e+00 1.025048e-02 -3.940286e-03 9.999397e-01 1.741326e+00
9.999956e-01 -1.563422e-03 2.526590e-03 7.768717e+01 1.571780e-03 9.999933e-01 -3.309760e-03 -1.387189e+00 -2.521398e-03 3.313716e-03 9.999913e-01 1.217988e+00
9.999222e-01 1.597557e-03 -1.236955e-02 7.823658e+01 -1.544955e-03 9.999897e-01 4.260857e-03 -1.389388e+00 1.237623e-02 -4.241415e-03 9.999144e-01 6.788201e-01
9.999911e-01 -1.449259e-03 3.974028e-03 7.851200e+01 1.464803e-03 9.999913e-01 -3.911437e-03 -1.383785e+00 -3.968325e-03 3.917223e-03 9.999845e-01 -2.351653e-01
9.999286e-01 1.494502e-03 -1.185505e-02 7.874670e+01 -1.443619e-03 9.999897e-01 4.299422e-03 -1.381346e+00 1.186135e-02 -4.282001e-03 9.999205e-01 -9.669001e-01
9.999930e-01 -1.339553e-03 3.481511e-03 7.895884e+01 1.353173e-03 9.999914e-01 -3.913021e-03 -1.376077e+00 -3.476240e-03 3.917704e-03 9.999863e-01 -1.855986e+00
9.999330e-01 1.313552e-03 -1.149695e-02 7.919030e+01 -1.266152e-03 9.999907e-01 4.129104e-03 -1.370186e+00 1.150227e-02 -4.114270e-03 9.999254e-01 -2.758664e+00
9.999935e-01 -1.223411e-03 3.390316e-03 7.948617e+01 1.235498e-03 9.999929e-01 -3.565494e-03 -1.370094e+00 -3.385930e-03 3.569659e-03 9.999879e-01 -3.325333e+00
9.999254e-01 1.312435e-03 -1.214329e-02 7.988652e+01 -1.261549e-03 9.999904e-01 4.197190e-03 -1.369237e+00 1.214868e-02 -4.181557e-03 9.999175e-01 -3.968274e+00
9.999987e-01 -1.576747e-03 2.056234e-04 8.083906e+01 1.577359e-03 9.999942e-01 -3.016303e-03 -1.381649e+00 -2.008663e-04 3.016623e-03 9.999954e-01 -4.543390e+00
9.999037e-01 1.449253e-03 -1.380162e-02 8.181405e+01 -1.397221e-03 9.999919e-01 3.778877e-03 -1.382896e+00 1.380698e-02 -3.759229e-03 9.998976e-01 -5.218664e+00
9.999827e-01 -1.443744e-03 5.703568e-03 8.202595e+01 1.464697e-03 9.999922e-01 -3.671262e-03 -1.374935e+00 -5.698223e-03 3.679552e-03 9.999770e-01 -6.324739e+00
9.999173e-01 1.635622e-03 -1.275617e-02 8.210549e+01 -1.582779e-03 9.999901e-01 4.151486e-03 -1.373882e+00 1.276283e-02 -4.130952e-03 9.999100e-01 -6.990517e+00
9.999843e-01 -1.433935e-03 5.411057e-03 8.228208e+01 1.452970e-03 9.999928e-01 -3.515593e-03 -1.374323e+00 -5.405977e-03 3.523399e-03 9.999792e-01 -7.456720e+00
9.999044e-01 1.637178e-03 -1.373268e-02 8.260171e+01 -1.579560e-03 9.999899e-01 4.205448e-03 -1.371734e+00 1.373942e-02 -4.183354e-03 9.998969e-01 -8.067989e+00
9.999853e-01 -1.798226e-03 5.111203e-03 8.283713e+01 1.818841e-03 9.999902e-01 -4.031782e-03 -1.360027e+00 -5.103903e-03 4.041019e-03 9.999788e-01 -9.261661e+00
9.998978e-01 1.654879e-03 -1.419745e-02 8.318406e+01 -1.594534e-03 9.999897e-01 4.260629e-03 -1.349860e+00 1.420436e-02 -4.237554e-03 9.998901e-01 -1.042473e+01
9.999811e-01 -1.512370e-03 5.952293e-03 8.351614e+01 1.534174e-03 9.999921e-01 -3.660312e-03 -1.349844e+00 -5.946710e-03 3.669374e-03 9.999756e-01 -1.084580e+01
9.998971e-01 1.937397e-03 -1.421435e-02 8.381941e+01 -1.871261e-03 9.999874e-01 4.664539e-03 -1.349164e+00 1.422321e-02 -4.637459e-03 9.998881e-01 -1.092788e+01
9.999809e-01 -1.498419e-03 5.996965e-03 8.421698e+01 1.521118e-03 9.999917e-01 -3.782355e-03 -1.364375e+00 -5.991248e-03 3.791405e-03 9.999749e-01 -1.069631e+01
9.999585e-01 1.696115e-03 -8.949069e-03 8.340048e+01 -1.668854e-03 9.999939e-01 3.052700e-03 -1.313584e+00 8.954193e-03 -3.037638e-03 9.999553e-01 -9.687858e+00
9.999893e-01 -1.023980e-03 4.518795e-03 8.283944e+01 1.037265e-03 9.999951e-01 -2.938777e-03 -1.270003e+00 -4.515764e-03 2.943432e-03 9.999855e-01 -8.856973e+00
9.998393e-01 1.852065e-03 -1.783207e-02 8.377172e+01 -1.781171e-03 9.999905e-01 3.990690e-03 -1.312312e+00 1.783929e-02 -3.958287e-03 9.998330e-01 -8.537163e+00
9.999691e-01 -1.191519e-03 7.766326e-03 8.438463e+01 1.218126e-03 9.999934e-01 -3.422118e-03 -1.345703e+00 -7.762197e-03 3.431472e-03 9.999640e-01 -8.083061e+00
9.999090e-01 1.675161e-03 -1.338533e-02 8.424242e+01 -1.626369e-03 9.999920e-01 3.655188e-03 -1.336373e+00 1.339134e-02 -3.633086e-03 9.999037e-01 -7.528451e+00
9.999791e-01 -1.162265e-03 6.363353e-03 8.433900e+01 1.179996e-03 9.999954e-01 -2.783473e-03 -1.332639e+00 -6.360088e-03 2.790923e-03 9.999759e-01 -7.289045e+00
9.999078e-01 1.633595e-03 -1.347870e-02 8.454310e+01 -1.585303e-03 9.999923e-01 3.592666e-03 -1.337721e+00 1.348446e-02 -3.570966e-03 9.999027e-01 -7.040580e+00
9.999449e-01 -1.449606e-03 1.039461e-02 8.368372e+01 1.487008e-03 9.999924e-01 -3.591481e-03 -1.288729e+00 -1.038933e-02 3.606740e-03 9.999395e-01 -6.478980e+00
9.998850e-01 2.082603e-03 -1.502298e-02 8.311062e+01 -2.020531e-03 9.999894e-01 4.145745e-03 -1.247299e+00 1.503145e-02 -4.114914e-03 9.998786e-01 -5.955437e+00
9.999921e-01 -1.394938e-03 3.716034e-03 8.385269e+01 1.406479e-03 9.999942e-01 -3.104928e-03 -1.275482e+00 -3.711681e-03 3.110129e-03 9.999883e-01 -5.830660e+00
9.999000e-01 1.987175e-03 -1.400137e-02 8.443951e+01 -1.931226e-03 9.999901e-01 4.008251e-03 -1.288668e+00 1.400920e-02 -3.980810e-03 9.998939e-01 -5.850890e+00
9.999930e-01 -1.165767e-03 3.566109e-03 8.495554e+01 1.176654e-03 9.999946e-01 -3.052517e-03 -1.299443e+00 -3.562531e-03 3.056691e-03 9.999890e-01 -5.707892e+00
9.998913e-01 1.745526e-03 -1.464009e-02 8.563770e+01 -1.688730e-03 9.999910e-01 3.890932e-03 -1.302708e+00 1.464675e-02 -3.865786e-03 9.998853e-01 -5.756825e+00
9.999991e-01 -8.101825e-04 -1.023734e-03 8.674202e+01 8.070230e-04 9.999949e-01 -3.082360e-03 -1.321505e+00 1.026226e-03 3.081531e-03 9.999947e-01 -5.789975e+00
9.999602e-01 1.461096e-03 -8.800872e-03 8.723825e+01 -1.427265e-03 9.999916e-01 3.849114e-03 -1.333327e+00 8.806422e-03 -3.836400e-03 9.999539e-01 -5.679634e+00
9.999991e-01 -9.132060e-04 -9.528739e-04 8.766759e+01 9.107366e-04 9.999962e-01 -2.588040e-03 -1.336810e+00 9.552338e-04 2.587170e-03 9.999962e-01 -5.704177e+00
9.999497e-01 1.455978e-03 -9.921734e-03 8.828021e+01 -1.420023e-03 9.999924e-01 3.629818e-03 -1.346243e+00 9.926943e-03 -3.615546e-03 9.999442e-01 -5.668329e+00
9.999996e-01 -8.829122e-04 -1.439125e-04 8.882283e+01 8.825157e-04 9.999959e-01 -2.727949e-03 -1.360355e+00 1.463205e-04 2.727820e-03 9.999963e-01 -5.532315e+00
9.999501e-01 1.523738e-03 -9.870887e-03 8.940771e+01 -1.487050e-03 9.999920e-01 3.723017e-03 -1.379194e+00 9.876480e-03 -3.708152e-03 9.999444e-01 -5.323223e+00
9.999964e-01 -9.746638e-04 2.511677e-03 8.942951e+01 9.825640e-04 9.999946e-01 -3.146311e-03 -1.366450e+00 -2.508597e-03 3.148767e-03 9.999919e-01 -4.963122e+00
9.999637e-01 1.501252e-03 -8.390955e-03 8.914829e+01 -1.470580e-03 9.999922e-01 3.660248e-03 -1.338989e+00 8.396385e-03 -3.647775e-03 9.999581e-01 -4.473442e+00
9.999963e-01 -9.952422e-04 2.525193e-03 8.890986e+01 1.002972e-03 9.999948e-01 -3.061903e-03 -1.317311e+00 -2.522133e-03 3.064424e-03 9.999921e-01 -4.061633e+00
9.998237e-01 1.950508e-03 -1.867749e-02 9.027846e+01 -1.870313e-03 9.999890e-01 4.310106e-03 -1.376259e+00 1.868569e-02 -4.274413e-03 9.998163e-01 -3.103536e+00
9.999981e-01 -5.422630e-04 1.888382e-03 9.165105e+01 5.477229e-04 9.999957e-01 -2.892354e-03 -1.437527e+00 -1.886805e-03 2.893382e-03 9.999940e-01 -2.467929e+00
9.999583e-01 1.224620e-03 -9.045797e-03 9.169209e+01 -1.203966e-03 9.999967e-01 2.288364e-03 -1.448924e+00 9.048569e-03 -2.277377e-03 9.999565e-01 -1.454849e+00
9.999995e-01 -6.105917e-04 -7.628533e-04 9.217125e+01 6.099307e-04 9.999994e-01 -8.655492e-04 -1.460646e+00 7.633815e-04 8.650831e-04 9.999993e-01 -1.542049e+00
9.999338e-01 3.529778e-04 -1.149658e-02 9.318819e+01 -3.341214e-04 9.999986e-01 1.642000e-03 -1.463668e+00 1.149714e-02 -1.638050e-03 9.999326e-01 -2.258205e+00
9.999573e-01 -1.217906e-04 -9.243426e-03 9.509547e+01 1.266577e-04 9.999999e-01 5.260337e-04 -1.518907e+00 9.243361e-03 -5.271823e-04 9.999571e-01 -2.462988e+00
9.997749e-01 1.450396e-03 -2.116831e-02 9.796311e+01 -1.419868e-03 9.999979e-01 1.457084e-03 -1.620502e+00 2.117038e-02 -1.426699e-03 9.997749e-01 -2.039978e+00
9.999741e-01 2.420468e-04 -7.197745e-03 1.005078e+02 -2.423326e-04 1.000000e+00 -3.873733e-05 -1.735764e+00 7.197735e-03 4.048023e-05 9.999741e-01 -1.002499e+00
9.997552e-01 2.353069e-03 -2.199952e-02 1.034037e+02 -2.330348e-03 9.999967e-01 1.058320e-03 -1.875264e+00 2.200194e-02 -1.006794e-03 9.997574e-01 5.460955e-01
9.998667e-01 -1.240902e-03 1.628127e-02 1.018637e+02 1.251379e-03 9.999990e-01 -6.333981e-04 -1.804200e+00 -1.628047e-02 6.536873e-04 9.998673e-01 5.968909e-01
9.997017e-01 1.671425e-03 -2.436673e-02 1.016235e+02 -1.642858e-03 9.999979e-01 1.192334e-03 -1.778118e+00 2.436868e-02 -1.151947e-03 9.997024e-01 5.168668e-01
9.996721e-01 -1.471215e-03 2.556320e-02 9.877358e+01 1.546736e-03 9.999945e-01 -2.934794e-03 -1.605686e+00 -2.555875e-02 2.973371e-03 9.996689e-01 2.100229e+00
9.996861e-01 2.168391e-03 -2.496147e-02 9.608793e+01 -2.115267e-03 9.999954e-01 2.154437e-03 -1.443061e+00 2.496603e-02 -2.100960e-03 9.996861e-01 3.458065e+00
9.997087e-01 -1.785951e-03 2.406969e-02 9.458744e+01 1.855327e-03 9.999942e-01 -2.860306e-03 -1.349788e+00 -2.406444e-02 2.904130e-03 9.997062e-01 4.555282e+00
9.996927e-01 2.187500e-03 -2.469191e-02 9.289798e+01 -2.134530e-03 9.999954e-01 2.171370e-03 -1.247633e+00 2.469655e-02 -2.117997e-03 9.996928e-01 5.652907e+00
9.997043e-01 -2.042884e-03 2.422999e-02 9.119087e+01 2.117111e-03 9.999931e-01 -3.038218e-03 -1.139642e+00 -2.422362e-02 3.088616e-03 9.997018e-01 6.910241e+00
9.997397e-01 2.379062e-03 -2.269244e-02 8.897396e+01 -2.349148e-03 9.999963e-01 1.344784e-03 -9.914057e-01 2.269556e-02 -1.291126e-03 9.997416e-01 8.779433e+00
9.996279e-01 -2.149612e-03 2.719245e-02 8.566829e+01 2.252892e-03 9.999904e-01 -3.768060e-03 -7.774720e-01 -2.718409e-02 3.827920e-03 9.996231e-01 1.113059e+01
9.996626e-01 2.654997e-03 -2.583981e-02 8.332936e+01 -2.589101e-03 9.999933e-01 2.583258e-03 -6.237930e-01 2.584649e-02 -2.515485e-03 9.996628e-01 1.284192e+01
9.996990e-01 -2.386626e-03 2.441830e-02 8.187554e+01 2.467925e-03 9.999915e-01 -3.299893e-03 -5.303458e-01 -2.441022e-02 3.359161e-03 9.996964e-01 1.395741e+01
9.996809e-01 2.916468e-03 -2.509230e-02 8.002264e+01 -2.865828e-03 9.999938e-01 2.053856e-03 -3.987380e-01 2.509813e-02 -1.981290e-03 9.996830e-01 1.552413e+01
9.996700e-01 -2.571077e-03 2.555935e-02 7.809331e+01 2.661021e-03 9.999904e-01 -3.485665e-03 -2.663814e-01 -2.555015e-02 3.552529e-03 9.996672e-01 1.722131e+01
9.996913e-01 2.932503e-03 -2.467061e-02 7.574155e+01 -2.872311e-03 9.999928e-01 2.474910e-03 -1.201088e-01 2.467769e-02 -2.403284e-03 9.996926e-01 1.866077e+01
9.997359e-01 -2.358111e-03 2.285764e-02 7.397364e+01 2.419284e-03 9.999936e-01 -2.648992e-03 -1.413821e-02 -2.285125e-02 2.703592e-03 9.997352e-01 1.960957e+01
9.996067e-01 2.915601e-03 -2.789246e-02 7.349620e+01 -2.833011e-03 9.999915e-01 3.000054e-03 1.842222e-02 2.790096e-02 -2.919854e-03 9.996064e-01 2.010328e+01
9.997652e-01 -2.457682e-03 2.152721e-02 7.341485e+01 2.510973e-03 9.999938e-01 -2.448892e-03 3.236149e-02 -2.152106e-02 2.502371e-03 9.997653e-01 2.034550e+01
9.996869e-01 2.831619e-03 -2.486264e-02 7.266872e+01 -2.775163e-03 9.999935e-01 2.304883e-03 8.259116e-02 2.486901e-02 -2.235163e-03 9.996882e-01 2.108582e+01
9.997677e-01 -2.384782e-03 2.141871e-02 7.191495e+01 2.434972e-03 9.999944e-01 -2.317493e-03 1.317231e-01 -2.141306e-02 2.369108e-03 9.997679e-01 2.178103e+01
9.996443e-01 2.708678e-03 -2.653082e-02 7.170330e+01 -2.631106e-03 9.999922e-01 2.958272e-03 1.475118e-01 2.653863e-02 -2.887414e-03 9.996436e-01 2.205282e+01
9.997490e-01 -2.312456e-03 2.228592e-02 7.125689e+01 2.367339e-03 9.999942e-01 -2.436647e-03 1.694525e-01 -2.228016e-02 2.488793e-03 9.997487e-01 2.235828e+01
9.996300e-01 2.810233e-03 -2.705649e-02 7.060677e+01 -2.729476e-03 9.999917e-01 3.021186e-03 1.994540e-01 2.706475e-02 -2.946218e-03 9.996293e-01 2.258290e+01
9.997641e-01 -1.805583e-03 2.164666e-02 6.889438e+01 1.866088e-03 9.999944e-01 -2.775313e-03 2.764195e-01 -2.164152e-02 2.815053e-03 9.997618e-01 2.267911e+01
9.996171e-01 2.844845e-03 -2.752298e-02 6.717476e+01 -2.758983e-03 9.999912e-01 3.157087e-03 3.573465e-01 2.753172e-02 -3.079943e-03 9.996162e-01 2.289123e+01
9.998648e-01 -2.273205e-03 1.628610e-02 6.779061e+01 2.317247e-03 9.999937e-01 -2.685979e-03 3.306607e-01 -1.627989e-02 2.723354e-03 9.998638e-01 2.332354e+01
9.997452e-01 2.754103e-03 -2.240240e-02 6.829520e+01 -2.707168e-03 9.999941e-01 2.125147e-03 2.898595e-01 2.240812e-02 -2.063959e-03 9.997468e-01 2.449566e+01
9.998272e-01 -2.568590e-03 1.840970e-02 6.834663e+01 2.630531e-03 9.999910e-01 -3.341176e-03 2.812745e-01 -1.840095e-02 3.389025e-03 9.998249e-01 2.593850e+01
9.996353e-01 2.864457e-03 -2.685238e-02 6.878494e+01 -2.757892e-03 9.999882e-01 4.004726e-03 2.766009e-01 2.686354e-02 -3.929210e-03 9.996314e-01 2.583016e+01
9.998057e-01 -2.805368e-03 1.951161e-02 6.904207e+01 2.872816e-03 9.999900e-01 -3.429703e-03 2.760597e-01 -1.950179e-02 3.485089e-03 9.998037e-01 2.534287e+01
9.996558e-01 3.138120e-03 -2.604655e-02 6.926211e+01 -3.032794e-03 9.999871e-01 4.082249e-03 2.662892e-01 2.605903e-02 -4.001849e-03 9.996524e-01 2.548956e+01
9.998164e-01 -2.718146e-03 1.896547e-02 6.956624e+01 2.787167e-03 9.999896e-01 -3.613864e-03 2.465236e-01 -1.895545e-02 3.666060e-03 9.998136e-01 2.585182e+01
9.996305e-01 3.193529e-03 -2.699325e-02 7.001360e+01 -3.088773e-03 9.999875e-01 3.921581e-03 2.147727e-01 2.700543e-02 -3.836756e-03 9.996279e-01 2.643418e+01
9.996916e-01 -2.941745e-03 2.465850e-02 6.880887e+01 3.055154e-03 9.999849e-01 -4.562788e-03 2.859571e-01 -2.464471e-02 4.636716e-03 9.996855e-01 2.729956e+01
9.996185e-01 3.514417e-03 -2.739595e-02 6.756838e+01 -3.389368e-03 9.999836e-01 4.609562e-03 3.642839e-01 2.741170e-02 -4.514949e-03 9.996140e-01 2.815872e+01
9.998803e-01 -2.879285e-03 1.520320e-02 6.838822e+01 2.939894e-03 9.999878e-01 -3.965820e-03 3.427356e-01 -1.519160e-02 4.010040e-03 9.998766e-01 2.837893e+01
9.996251e-01 3.487718e-03 -2.715659e-02 6.911224e+01 -3.352594e-03 9.999818e-01 5.019638e-03 3.272673e-01 2.717360e-02 -4.926711e-03 9.996186e-01 2.837755e+01
9.998332e-01 -2.983356e-03 1.802035e-02 6.959477e+01 3.060112e-03 9.999864e-01 -4.233362e-03 3.172158e-01 -1.800747e-02 4.287800e-03 9.998287e-01 2.835275e+01
9.996447e-01 3.481173e-03 -2.642631e-02 7.002314e+01 -3.356756e-03 9.999831e-01 4.750950e-03 3.055750e-01 2.644240e-02 -4.660555e-03 9.996395e-01 2.835760e+01
9.998342e-01 -3.025929e-03 1.795344e-02 7.035425e+01 3.103643e-03 9.999859e-01 -4.302403e-03 3.151499e-01 -1.794017e-02 4.357411e-03 9.998296e-01 2.847050e+01
9.996626e-01 3.186582e-03 -2.577817e-02 7.047837e+01 -3.061643e-03 9.999834e-01 4.884705e-03 3.328516e-01 2.579330e-02 -4.804133e-03 9.996558e-01 2.836487e+01
9.998643e-01 -2.791643e-03 1.623624e-02 7.084726e+01 2.858753e-03 9.999875e-01 -4.111641e-03 3.449801e-01 -1.622455e-02 4.157498e-03 9.998597e-01 2.809328e+01
9.996813e-01 3.111316e-03 -2.505430e-02 7.093690e+01 -2.990252e-03 9.999837e-01 4.868071e-03 3.633228e-01 2.506904e-02 -4.791600e-03 9.996742e-01 2.792942e+01
9.998517e-01 -2.608773e-03 1.702421e-02 7.085040e+01 2.679860e-03 9.999878e-01 -4.154213e-03 3.881376e-01 -1.701317e-02 4.199219e-03 9.998464e-01 2.792992e+01
9.996927e-01 2.996107e-03 -2.460628e-02 7.081698e+01 -2.876721e-03 9.999839e-01 4.885805e-03 4.077404e-01 2.462053e-02 -4.813518e-03 9.996853e-01 2.795846e+01
9.998259e-01 -2.542639e-03 1.848435e-02 7.058700e+01 2.619756e-03 9.999880e-01 -4.149047e-03 4.264208e-01 -1.847357e-02 4.196749e-03 9.998205e-01 2.808852e+01
9.996918e-01 3.233431e-03 -2.461419e-02 7.009180e+01 -3.115295e-03 9.999835e-01 4.836298e-03 4.521969e-01 2.462942e-02 -4.758126e-03 9.996853e-01 2.804342e+01
9.998632e-01 -2.901297e-03 1.628262e-02 6.997214e+01 2.970850e-03 9.999866e-01 -4.249056e-03 4.726903e-01 -1.627007e-02 4.296848e-03 9.998584e-01 2.753754e+01
9.996667e-01 3.016699e-03 -2.563980e-02 7.036192e+01 -2.895728e-03 9.999845e-01 4.753889e-03 4.812346e-01 2.565375e-02 -4.678059e-03 9.996599e-01 2.676232e+01
9.998693e-01 -2.799508e-03 1.592223e-02 7.086574e+01 2.866020e-03 9.999873e-01 -4.156104e-03 4.844064e-01 -1.591039e-02 4.201194e-03 9.998646e-01 2.619105e+01
9.996580e-01 3.157671e-03 -2.595943e-02 7.146854e+01 -3.030244e-03 9.999832e-01 4.946543e-03 4.643039e-01 2.597461e-02 -4.866188e-03 9.996508e-01 2.624302e+01
9.997991e-01 -2.661403e-03 1.986605e-02 7.142593e+01 2.750666e-03 9.999862e-01 -4.467313e-03 4.668349e-01 -1.985388e-02 4.521061e-03 9.997927e-01 2.662407e+01
9.997097e-01 3.078464e-03 -2.389791e-02 7.067188e+01 -2.962460e-03 9.999837e-01 4.887999e-03 5.067004e-01 2.391256e-02 -4.815783e-03 9.997025e-01 2.697898e+01
9.997956e-01 -2.640680e-03 2.004224e-02 6.987638e+01 2.730687e-03 9.999863e-01 -4.464840e-03 5.507068e-01 -2.003017e-02 4.518657e-03 9.997892e-01 2.735874e+01
9.997211e-01 3.005505e-03 -2.342312e-02 6.891528e+01 -2.895548e-03 9.999846e-01 4.726873e-03 6.051213e-01 2.343696e-02 -4.657732e-03 9.997145e-01 2.787141e+01
9.998293e-01 -2.396178e-03 1.832264e-02 6.842644e+01 2.475680e-03 9.999876e-01 -4.317603e-03 6.429336e-01 -1.831207e-02 4.362227e-03 9.998228e-01 2.838497e+01
9.996198e-01 2.948285e-03 -2.741378e-02 6.894205e+01 -2.812018e-03 9.999835e-01 5.007924e-03 6.351812e-01 2.742810e-02 -4.928931e-03 9.996116e-01 2.832473e+01
9.999725e-01 -3.917261e-03 6.294167e-03 7.079272e+01 3.943335e-03 9.999837e-01 -4.135570e-03 6.601893e-01 -6.277864e-03 4.160277e-03 9.999716e-01 2.581865e+01
9.992936e-01 2.577099e-03 -3.749153e-02 7.337265e+01 -2.396583e-03 9.999853e-01 4.858982e-03 7.080098e-01 3.750350e-02 -4.765698e-03 9.992851e-01 2.179484e+01
9.999419e-01 -2.354569e-03 1.051835e-02 7.557601e+01 2.394998e-03 9.999898e-01 -3.832761e-03 7.389010e-01 -1.050922e-02 3.857730e-03 9.999373e-01 1.907257e+01
