9.999750e-01 -1.696386e-04 -7.075661e-03 2.855898e-01 1.773164e-04 9.999994e-01 1.084495e-03 -4.996248e-03 7.075472e-03 -1.085724e-03 9.999744e-01 -4.689324e-02
9.999999e-01 1.489669e-05 3.176372e-04 1.523547e-01 -1.484457e-05 1.000000e+00 -1.640037e-04 -2.135045e-03 -3.176393e-04 1.639997e-04 9.999999e-01 -6.178583e-02
9.999740e-01 -6.055654e-05 -7.211112e-03 3.055021e-01 7.007372e-05 9.999991e-01 1.319553e-03 1.238217e-03 7.211025e-03 -1.320025e-03 9.999731e-01 -2.612687e-01
9.999978e-01 -1.554758e-04 2.090392e-03 2.735225e-01 1.568052e-04 9.999998e-01 -6.358151e-04 5.043856e-03 -2.090293e-03 6.361422e-04 9.999976e-01 -1.809333e-01
9.999697e-01 6.791888e-05 -7.782366e-03 3.637289e-01 -5.560430e-05 9.999987e-01 1.582579e-03 -2.083024e-03 7.782463e-03 -1.582099e-03 9.999685e-01 -1.178675e-01
9.999985e-01 -1.004025e-04 1.751228e-03 4.292780e-01 1.022850e-04 9.999994e-01 -1.074876e-03 -2.120980e-02 -1.751119e-03 1.075054e-03 9.999979e-01 5.060963e-01
9.999606e-01 -8.658218e-05 -8.879838e-03 5.751819e-01 9.903706e-05 9.999990e-01 1.402176e-03 -4.986482e-02 8.879708e-03 -1.403000e-03 9.999596e-01 1.400486e+00
9.999974e-01 -7.115297e-05 2.262523e-03 6.770119e-01 7.349918e-05 9.999995e-01 -1.036900e-03 -7.574172e-02 -2.262447e-03 1.037065e-03 9.999969e-01 2.246054e+00
9.999687e-01 4.137061e-05 -7.912910e-03 6.820034e-01 -2.937103e-05 9.999988e-01 1.516572e-03 -8.925161e-02 7.912963e-03 -1.516293e-03 9.999675e-01 2.863712e+00
9.999980e-01 -9.962192e-05 2.001010e-03 6.781915e-01 1.019385e-04 9.999993e-01 -1.157610e-03 -1.033651e-01 -2.000893e-03 1.157812e-03 9.999973e-01 3.568187e+00
9.999680e-01 1.832243e-04 -7.992439e-03 5.180825e-01 -1.682477e-04 9.999982e-01 1.874492e-03 -1.075790e-01 7.992768e-03 -1.873088e-03 9.999663e-01 3.845139e+00
9.999959e-01 -1.833667e-04 2.866887e-03 4.852161e-01 1.850294e-04 9.999998e-01 -5.796929e-04 -1.077722e-01 -2.866779e-03 5.802216e-04 9.999957e-01 3.425293e+00
9.999634e-01 -1.104230e-04 -8.559093e-03 6.689313e-01 1.250360e-04 9.999985e-01 1.706797e-03 -1.146755e-01 8.558892e-03 -1.707805e-03 9.999619e-01 3.130543e+00
9.999982e-01 2.446596e-05 1.910237e-03 8.572788e-01 -2.324314e-05 9.999998e-01 -6.401369e-04 -1.291069e-01 -1.910252e-03 6.400921e-04 9.999980e-01 3.232334e+00
9.999705e-01 -2.134981e-04 -7.684157e-03 9.948666e-01 2.254288e-04 9.999988e-01 1.551804e-03 -1.393060e-01 7.683816e-03 -1.553491e-03 9.999693e-01 3.303800e+00
9.999990e-01 -5.049752e-07 1.430777e-03 1.056391e+00 2.415675e-06 9.999991e-01 -1.335387e-03 -1.629241e-01 -1.430775e-03 1.335390e-03 9.999981e-01 4.217071e+00
9.999670e-01 -4.549950e-04 -8.106774e-03 1.114233e+00 4.634366e-04 9.999994e-01 1.039460e-03 -1.912478e-01 8.106296e-03 -1.043183e-03 9.999666e-01 5.515308e+00
9.999987e-01 9.652893e-05 1.578430e-03 1.156408e+00 -9.477811e-05 9.999994e-01 -1.109216e-03 -2.171037e-01 -1.578536e-03 1.109066e-03 9.999981e-01 6.688279e+00
9.999681e-01 -1.679547e-04 -7.980924e-03 1.225282e+00 1.803753e-04 9.999988e-01 1.555601e-03 -2.376528e-01 7.980653e-03 -1.556992e-03 9.999669e-01 7.428636e+00
9.999996e-01 -1.263715e-04 8.637009e-04 1.413213e+00 1.273428e-04 9.999994e-01 -1.124563e-03 -2.649537e-01 -8.635579e-04 1.124673e-03 9.999990e-01 8.229322e+00
9.999678e-01 -2.104309e-04 -8.017188e-03 1.590396e+00 2.220893e-04 9.999989e-01 1.453330e-03 -2.954426e-01 8.016873e-03 -1.455065e-03 9.999668e-01 9.187066e+00
9.999987e-01 -1.419091e-04 1.583867e-03 1.675761e+00 1.441334e-04 9.999990e-01 -1.404316e-03 -3.218516e-01 -1.583666e-03 1.404543e-03 9.999978e-01 1.025818e+01
9.999663e-01 -2.055772e-04 -8.203388e-03 1.766602e+00 2.175668e-04 9.999989e-01 1.460690e-03 -3.491104e-01 8.203078e-03 -1.462427e-03 9.999653e-01 1.133142e+01
9.999997e-01 -2.034605e-04 7.087626e-04 1.976523e+00 2.043414e-04 9.999992e-01 -1.243035e-03 -3.827258e-01 -7.085088e-04 1.243180e-03 9.999990e-01 1.238322e+01
9.999716e-01 -9.618832e-05 -7.531098e-03 2.107442e+00 1.075853e-04 9.999988e-01 1.512939e-03 -4.101973e-01 7.530943e-03 -1.513707e-03 9.999705e-01 1.334135e+01
9.999999e-01 -3.243869e-04 -4.777284e-05 2.341976e+00 3.243313e-04 9.999993e-01 -1.161897e-03 -4.433086e-01 4.815005e-05 1.161882e-03 9.999993e-01 1.432205e+01
9.999668e-01 -1.141373e-05 -8.149872e-03 2.603045e+00 2.556005e-05 9.999985e-01 1.735680e-03 -4.742082e-01 8.149839e-03 -1.735831e-03 9.999653e-01 1.516080e+01
9.999994e-01 -3.750683e-04 -1.028838e-03 3.052722e+00 3.741621e-04 9.999995e-01 -8.809439e-04 -5.047738e-01 1.029168e-03 8.805591e-04 9.999991e-01 1.574429e+01
9.999711e-01 -1.343079e-04 -7.599589e-03 3.414245e+00 1.450871e-04 9.999990e-01 1.417867e-03 -5.386645e-01 7.599391e-03 -1.418929e-03 9.999701e-01 1.659282e+01
9.999993e-01 2.331299e-06 1.155438e-03 3.486761e+00 -1.145872e-06 9.999995e-01 -1.025875e-03 -5.611506e-01 -1.155439e-03 1.025874e-03 9.999988e-01 1.741533e+01
9.999592e-01 -2.340725e-04 -9.025126e-03 3.770408e+00 2.500206e-04 9.999984e-01 1.765998e-03 -5.883042e-01 9.024698e-03 -1.768183e-03 9.999577e-01 1.802388e+01
9.999968e-01 1.133322e-04 2.542699e-03 3.958554e+00 -1.107438e-04 9.999995e-01 -1.018077e-03 -6.075992e-01 -2.542812e-03 1.017793e-03 9.999962e-01 1.845744e+01
9.999524e-01 -3.806357e-04 -9.747791e-03 4.188866e+00 3.967257e-04 9.999986e-01 1.648758e-03 -6.316795e-01 9.747149e-03 -1.652547e-03 9.999511e-01 1.905191e+01
9.999916e-01 2.960158e-04 4.095413e-03 4.234053e+00 -2.920907e-04 9.999995e-01 -9.589555e-04 -6.458176e-01 -4.095695e-03 9.577519e-04 9.999912e-01 1.948464e+01
9.999522e-01 -3.591960e-04 -9.772926e-03 4.310759e+00 3.773829e-04 9.999982e-01 1.859176e-03 -6.567211e-01 9.772240e-03 -1.862776e-03 9.999505e-01 1.965417e+01
9.999902e-01 3.174058e-04 4.409591e-03 4.364423e+00 -3.136116e-04 9.999996e-01 -8.610809e-04 -6.637176e-01 -4.409862e-03 8.596903e-04 9.999899e-01 1.964417e+01
9.999480e-01 -3.494331e-04 -1.018995e-02 4.455904e+00 3.668992e-04 9.999985e-01 1.712249e-03 -6.738401e-01 1.018933e-02 -1.715900e-03 9.999466e-01 1.979180e+01
9.999910e-01 3.423581e-04 4.223132e-03 4.557505e+00 -3.387781e-04 9.999996e-01 -8.483819e-04 -6.890938e-01 -4.223421e-03 8.469443e-04 9.999907e-01 2.010371e+01
9.999505e-01 -3.584578e-04 -9.943615e-03 4.647714e+00 3.763217e-04 9.999983e-01 1.794710e-03 -7.017694e-01 9.942955e-03 -1.798363e-03 9.999490e-01 2.029059e+01
9.999906e-01 2.810765e-04 4.335511e-03 4.731849e+00 -2.774489e-04 9.999996e-01 -8.372714e-04 -7.122284e-01 -4.335745e-03 8.360613e-04 9.999903e-01 2.038325e+01
9.999497e-01 -2.765143e-04 -1.002592e-02 4.736251e+00 2.912100e-04 9.999989e-01 1.464354e-03 -7.252831e-01 1.002550e-02 -1.467200e-03 9.999487e-01 2.083340e+01
9.999905e-01 3.001254e-04 4.345828e-03 4.803274e+00 -2.982818e-04 9.999999e-01 -4.248552e-04 -7.348342e-01 -4.345954e-03 4.235556e-04 9.999905e-01 2.086431e+01
9.999461e-01 -3.635517e-04 -1.038053e-02 4.938992e+00 3.781789e-04 9.999989e-01 1.407183e-03 -7.447446e-01 1.038001e-02 -1.411033e-03 9.999451e-01 2.093874e+01
9.999893e-01 3.115396e-04 4.612329e-03 5.035596e+00 -3.098982e-04 9.999999e-01 -3.565681e-04 -7.523277e-01 -4.612439e-03 3.551356e-04 9.999893e-01 2.094693e+01
9.999435e-01 -3.083591e-04 -1.062995e-02 5.118381e+00 3.196767e-04 9.999994e-01 1.063021e-03 -7.644282e-01 1.062962e-02 -1.066360e-03 9.999429e-01 2.125224e+01
9.999891e-01 2.985137e-04 4.655233e-03 5.219334e+00 -2.976449e-04 9.999999e-01 -1.873111e-04 -7.745808e-01 -4.655289e-03 1.859242e-04 9.999891e-01 2.146608e+01
9.999402e-01 -3.265040e-04 -1.093036e-02 5.348702e+00 3.379488e-04 9.999994e-01 1.045250e-03 -7.876459e-01 1.093001e-02 -1.048882e-03 9.999397e-01 2.175606e+01
9.999866e-01 3.878033e-04 5.159482e-03 5.365064e+00 -3.865380e-04 9.999999e-01 -2.461996e-04 -7.952528e-01 -5.159577e-03 2.442027e-04 9.999867e-01 2.200987e+01
9.999397e-01 -3.580541e-04 -1.097713e-02 5.428426e+00 3.704738e-04 9.999993e-01 1.129418e-03 -8.030647e-01 1.097672e-02 -1.133417e-03 9.999391e-01 2.212979e+01
9.999873e-01 4.454696e-04 5.018181e-03 5.458660e+00 -4.439652e-04 9.999999e-01 -3.008898e-04 -8.125359e-01 -5.018314e-03 2.986587e-04 9.999874e-01 2.237171e+01
9.999225e-01 -6.021536e-04 -1.243469e-02 5.710796e+00 6.166858e-04 9.999991e-01 1.164885e-03 -8.311114e-01 1.243398e-02 -1.172464e-03 9.999220e-01 2.277401e+01
9.999799e-01 5.753067e-04 6.310899e-03 5.804012e+00 -5.717387e-04 9.999997e-01 -5.671390e-04 -8.492307e-01 -6.311223e-03 5.635201e-04 9.999799e-01 2.331678e+01
9.999247e-01 -6.515733e-04 -1.225466e-02 5.839157e+00 6.634309e-04 9.999993e-01 9.635643e-04 -8.663259e-01 1.225402e-02 -9.716226e-04 9.999244e-01 2.401361e+01
9.999812e-01 7.074697e-04 6.092237e-03 6.000451e+00 -7.087953e-04 9.999997e-01 2.154532e-04 -8.790969e-01 -6.092083e-03 -2.197666e-04 9.999814e-01 2.404841e+01
9.999102e-01 -1.139386e-03 -1.334985e-02 6.464491e+00 1.153174e-03 9.999988e-01 1.025188e-03 -8.887387e-01 1.334867e-02 -1.040491e-03 9.999104e-01 2.369604e+01
9.999878e-01 7.542690e-04 4.874528e-03 6.995840e+00 -7.549404e-04 9.999997e-01 1.359256e-04 -9.091776e-01 -4.874424e-03 -1.396033e-04 9.999881e-01 2.373931e+01
9.999179e-01 -1.087016e-03 -1.276946e-02 7.332109e+00 1.094677e-03 9.999992e-01 5.930073e-04 -9.337105e-01 1.276881e-02 -6.069378e-04 9.999183e-01 2.424918e+01
9.999847e-01 8.757383e-04 5.462245e-03 7.569532e+00 -8.771071e-04 9.999996e-01 2.482211e-04 -9.544979e-01 -5.462025e-03 -2.530076e-04 9.999851e-01 2.469628e+01
9.999401e-01 -8.122941e-04 -1.091325e-02 7.631860e+00 8.218519e-04 9.999993e-01 8.713601e-04 -9.626448e-01 1.091254e-02 -8.802777e-04 9.999401e-01 2.460722e+01
9.999821e-01 6.655118e-04 5.946989e-03 7.794916e+00 -6.682015e-04 9.999997e-01 4.503389e-04 -9.686110e-01 -5.946687e-03 -4.543039e-04 9.999822e-01 2.415428e+01
9.999428e-01 -8.126247e-04 -1.066455e-02 7.874259e+00 8.229227e-04 9.999992e-01 9.612909e-04 -9.705333e-01 1.066376e-02 -9.700127e-04 9.999427e-01 2.361621e+01
9.999907e-01 7.897263e-04 4.230915e-03 8.022247e+00 -7.886673e-04 9.999997e-01 -2.519277e-04 -9.898786e-01 -4.231112e-03 2.485893e-04 9.999910e-01 2.405702e+01
9.999452e-01 -8.348195e-04 -1.043767e-02 8.103018e+00 8.423777e-04 9.999994e-01 7.197649e-04 -1.010202e+00 1.043706e-02 -7.285186e-04 9.999453e-01 2.470442e+01
9.999928e-01 6.936512e-04 3.735575e-03 8.207001e+00 -6.921346e-04 9.999997e-01 -4.072237e-04 -1.037256e+00 -3.735856e-03 4.046359e-04 9.999929e-01 2.561494e+01
9.999497e-01 -7.311611e-04 -1.000467e-02 8.300240e+00 7.410265e-04 9.999992e-01 9.824232e-04 -1.058849e+00 1.000394e-02 -9.897882e-04 9.999495e-01 2.624383e+01
9.999917e-01 9.202016e-04 3.957040e-03 8.346847e+00 -9.194900e-04 9.999996e-01 -1.816054e-04 -1.072553e+00 -3.957205e-03 1.779661e-04 9.999922e-01 2.662903e+01
9.999570e-01 -8.399591e-04 -9.239081e-03 8.392858e+00 8.528653e-04 9.999987e-01 1.393080e-03 -1.075661e+00 9.237898e-03 -1.400901e-03 9.999563e-01 2.638887e+01
9.999911e-01 9.466374e-04 4.115305e-03 8.384858e+00 -9.453797e-04 9.999995e-01 -3.074997e-04 -1.079944e+00 -4.115594e-03 3.036071e-04 9.999915e-01 2.628156e+01
9.999603e-01 -8.787024e-04 -8.865094e-03 8.333482e+00 8.915381e-04 9.999986e-01 1.444060e-03 -1.082374e+00 8.863812e-03 -1.451907e-03 9.999597e-01 2.607096e+01
9.999918e-01 9.764322e-04 3.929389e-03 8.278073e+00 -9.750880e-04 9.999995e-01 -3.439400e-04 -1.085552e+00 -3.929722e-03 3.401064e-04 9.999922e-01 2.594717e+01
9.999571e-01 -9.248143e-04 -9.218359e-03 8.259803e+00 9.357691e-04 9.999989e-01 1.184143e-03 -1.093514e+00 9.217253e-03 -1.192719e-03 9.999568e-01 2.612107e+01
9.999933e-01 1.079989e-03 3.506505e-03 8.234937e+00 -1.078503e-03 9.999993e-01 -4.255052e-04 -1.104434e+00 -3.506961e-03 4.217212e-04 9.999938e-01 2.647163e+01
9.999576e-01 -1.003042e-03 -9.158895e-03 8.248763e+00 1.014150e-03 9.999988e-01 1.208209e-03 -1.116898e+00 9.157671e-03 -1.217447e-03 9.999573e-01 2.680905e+01
9.999936e-01 1.064118e-03 3.416307e-03 8.261383e+00 -1.062022e-03 9.999992e-01 -6.152090e-04 -1.130505e+00 -3.416959e-03 6.115776e-04 9.999940e-01 2.734492e+01
9.999580e-01 -1.112606e-03 -9.101948e-03 8.264312e+00 1.121500e-03 9.999989e-01 9.720974e-04 -1.144797e+00 9.100856e-03 -9.822651e-04 9.999581e-01 2.803095e+01
9.999937e-01 1.067811e-03 3.375647e-03 8.243483e+00 -1.065747e-03 9.999992e-01 -6.132794e-04 -1.156914e+00 -3.376299e-03 6.096787e-04 9.999941e-01 2.871063e+01
9.999550e-01 -9.110839e-04 -9.439506e-03 8.285449e+00 9.250971e-04 9.999985e-01 1.480280e-03 -1.170707e+00 9.438143e-03 -1.488947e-03 9.999544e-01 2.902587e+01
9.999926e-01 1.042622e-03 3.713338e-03 8.305784e+00 -1.039971e-03 9.999992e-01 -7.159151e-04 -1.184416e+00 -3.714081e-03 7.120487e-04 9.999928e-01 2.935103e+01
9.999543e-01 -8.922539e-04 -9.515248e-03 8.283666e+00 9.065448e-04 9.999985e-01 1.497704e-03 -1.195896e+00 9.513896e-03 -1.506262e-03 9.999536e-01 2.969021e+01
9.999931e-01 7.802746e-04 3.620669e-03 8.473990e+00 -7.794952e-04 9.999997e-01 -2.166172e-04 -1.202279e+00 -3.620837e-03 2.137941e-04 9.999934e-01 2.938508e+01
9.999612e-01 -7.626937e-04 -8.780862e-03 8.441723e+00 7.721674e-04 9.999991e-01 1.075589e-03 -1.207821e+00 8.780034e-03 -1.082329e-03 9.999609e-01 2.947993e+01
9.999952e-01 8.918187e-04 2.981397e-03 8.426751e+00 -8.906908e-04 9.999995e-01 -3.795357e-04 -1.218143e+00 -2.981733e-03 3.768791e-04 9.999955e-01 2.988687e+01
9.999646e-01 -7.741043e-04 -8.383537e-03 8.415149e+00 7.853570e-04 9.999988e-01 1.339047e-03 -1.222206e+00 8.382490e-03 -1.345584e-03 9.999640e-01 2.990831e+01
9.999934e-01 7.382739e-04 3.558124e-03 8.412922e+00 -7.379187e-04 9.999997e-01 -1.010885e-04 -1.222375e+00 -3.558198e-03 9.846296e-05 9.999937e-01 2.953748e+01
9.999618e-01 -7.380268e-04 -8.710481e-03 8.383954e+00 7.458241e-04 9.999993e-01 8.919641e-04 -1.229358e+00 8.709817e-03 -8.984272e-04 9.999617e-01 2.970636e+01
9.999957e-01 6.896677e-04 2.856064e-03 8.428491e+00 -6.882171e-04 9.999996e-01 -5.087917e-04 -1.248410e+00 -2.856414e-03 5.068246e-04 9.999958e-01 3.039906e+01
9.999588e-01 -8.043984e-04 -9.041598e-03 8.465369e+00 8.111525e-04 9.999994e-01 7.433736e-04 -1.269178e+00 9.040994e-03 -7.506778e-04 9.999588e-01 3.122716e+01
9.999951e-01 6.499221e-04 3.072372e-03 8.470247e+00 -6.480696e-04 9.999996e-01 -6.038395e-04 -1.287328e+00 -3.072763e-03 6.018461e-04 9.999951e-01 3.209601e+01
9.999554e-01 -9.564803e-04 -9.393273e-03 8.509976e+00 9.615265e-04 9.999994e-01 5.327267e-04 -1.311919e+00 9.392757e-03 -5.417355e-04 9.999557e-01 3.319169e+01
9.999970e-01 5.486968e-04 2.391262e-03 8.612369e+00 -5.471361e-04 9.999996e-01 -6.531858e-04 -1.344216e+00 -2.391620e-03 6.518761e-04 9.999969e-01 3.441740e+01
9.999528e-01 -9.278999e-04 -9.667289e-03 8.707408e+00 9.329087e-04 9.999994e-01 5.136523e-04 -1.379194e+00 9.666806e-03 -5.226474e-04 9.999531e-01 3.572745e+01
9.999953e-01 5.554694e-04 3.024211e-03 8.754860e+00 -5.533867e-04 9.999996e-01 -6.893759e-04 -1.406614e+00 -3.024592e-03 6.876997e-04 9.999952e-01 3.696616e+01
9.999562e-01 -7.161539e-04 -9.327200e-03 8.737632e+00 7.240748e-04 9.999994e-01 8.458970e-04 -1.423031e+00 9.326588e-03 -8.526143e-04 9.999561e-01 3.786242e+01
9.999961e-01 7.182134e-04 2.704444e-03 8.833898e+00 -7.176058e-04 9.999997e-01 -2.255568e-04 -1.442119e+00 -2.704605e-03 2.236159e-04 9.999963e-01 3.846197e+01
9.999412e-01 -8.017303e-04 -1.081384e-02 9.191757e+00 8.159334e-04 9.999988e-01 1.309094e-03 -1.464365e+00 1.081278e-02 -1.317841e-03 9.999407e-01 3.874041e+01
9.999900e-01 5.820912e-04 4.433082e-03 9.473099e+00 -5.823535e-04 9.999998e-01 5.794499e-05 -1.472682e+00 -4.433047e-03 -6.052536e-05 9.999902e-01 3.838123e+01
9.999531e-01 -6.199284e-04 -9.662272e-03 9.592379e+00 6.317971e-04 9.999990e-01 1.225372e-03 -1.480502e+00 9.661503e-03 -1.231420e-03 9.999526e-01 3.807548e+01
9.999997e-01 3.345773e-04 6.827347e-04 1.013347e+01 -3.346605e-04 9.999999e-01 1.220180e-04 -1.499477e+00 -6.826936e-04 -1.222458e-04 9.999998e-01 3.808873e+01
9.999487e-01 -6.810146e-04 -1.010301e-02 1.069199e+01 6.921311e-04 9.999992e-01 1.096891e-03 -1.521642e+00 1.010226e-02 -1.103828e-03 9.999484e-01 3.821689e+01
9.999998e-01 4.235377e-04 5.087733e-04 1.119005e+01 -4.236095e-04 9.999999e-01 1.414683e-04 -1.546423e+00 -5.087131e-04 -1.416832e-04 9.999999e-01 3.846663e+01
9.999346e-01 -9.994777e-04 -1.139388e-02 1.194242e+01 1.013768e-03 9.999987e-01 1.248517e-03 -1.572906e+00 1.139262e-02 -1.259987e-03 9.999343e-01 3.851919e+01
9.999905e-01 8.215692e-04 4.277408e-03 1.230168e+01 -8.218702e-04 9.999997e-01 6.866767e-05 -1.585638e+00 -4.277350e-03 -7.218182e-05 9.999908e-01 3.836476e+01
9.999376e-01 -9.664749e-04 -1.113295e-02 1.264429e+01 9.789155e-04 9.999989e-01 1.112080e-03 -1.600485e+00 1.113186e-02 -1.122909e-03 9.999374e-01 3.828582e+01
9.999945e-01 7.568818e-04 3.223188e-03 1.302537e+01 -7.569804e-04 9.999997e-01 2.946852e-05 -1.621567e+00 -3.223164e-03 -3.190758e-05 9.999948e-01 3.847596e+01
9.999429e-01 -9.482796e-04 -1.064799e-02 1.341214e+01 9.617068e-04 9.999987e-01 1.255979e-03 -1.634876e+00 1.064679e-02 -1.266148e-03 9.999425e-01 3.836050e+01
9.999899e-01 8.132600e-04 4.424958e-03 1.364868e+01 -8.126240e-04 9.999997e-01 -1.454747e-04 -1.648869e+00 -4.425074e-03 1.418780e-04 9.999902e-01 3.827860e+01
9.999088e-01 -9.938103e-04 -1.346769e-02 1.417350e+01 1.013059e-03 9.999985e-01 1.422488e-03 -1.674722e+00 1.346626e-02 -1.436002e-03 9.999083e-01 3.840476e+01
9.999941e-01 2.835773e-04 3.416056e-03 1.499894e+01 -2.840869e-04 9.999999e-01 1.487651e-04 -1.690006e+00 -3.416013e-03 -1.497340e-04 9.999942e-01 3.806378e+01
9.998820e-01 -1.176418e-03 -1.531374e-02 1.607720e+01 1.200000e-03 9.999981e-01 1.530826e-03 -1.710662e+00 1.531191e-02 -1.549023e-03 9.998816e-01 3.767124e+01
9.999854e-01 5.335342e-04 5.381886e-03 1.692200e+01 -5.338122e-04 9.999999e-01 5.026071e-05 -1.726943e+00 -5.381858e-03 -5.313223e-05 9.999855e-01 3.729793e+01
9.998920e-01 -1.154674e-03 -1.465087e-02 1.769363e+01 1.176545e-03 9.999982e-01 1.484269e-03 -1.738783e+00 1.464913e-02 -1.501347e-03 9.998916e-01 3.687733e+01
9.999779e-01 7.049545e-04 6.606590e-03 1.832176e+01 -7.050497e-04 9.999998e-01 1.212193e-05 -1.748246e+00 -6.606579e-03 -1.677898e-05 9.999782e-01 3.640481e+01
9.998681e-01 -1.421312e-03 -1.617603e-02 1.921488e+01 1.446744e-03 9.999977e-01 1.560621e-03 -1.758393e+00 1.617377e-02 -1.583818e-03 9.998679e-01 3.586559e+01
9.999886e-01 5.670607e-04 4.746778e-03 2.026422e+01 -5.674009e-04 9.999998e-01 7.037598e-05 -1.776282e+00 -4.746737e-03 -7.306785e-05 9.999887e-01 3.543048e+01
9.999138e-01 -1.423277e-03 -1.305261e-02 2.101794e+01 1.443113e-03 9.999978e-01 1.510461e-03 -1.781693e+00 1.305044e-02 -1.529168e-03 9.999137e-01 3.473717e+01
9.999893e-01 4.681471e-04 4.609191e-03 2.182363e+01 -4.690198e-04 9.999999e-01 1.883171e-04 -1.784264e+00 -4.609102e-03 -1.904763e-04 9.999894e-01 3.394063e+01
9.999519e-01 -1.167607e-03 -9.734749e-03 2.213391e+01 1.181729e-03 9.999983e-01 1.445062e-03 -1.779001e+00 9.733044e-03 -1.456497e-03 9.999516e-01 3.288126e+01
9.999936e-01 5.507281e-04 3.540344e-03 2.260174e+01 -5.513138e-04 9.999998e-01 1.645556e-04 -1.777522e+00 -3.540253e-03 -1.665057e-04 9.999937e-01 3.195377e+01
9.999456e-01 -1.322766e-03 -1.034489e-02 2.313107e+01 1.338467e-03 9.999980e-01 1.510999e-03 -1.774605e+00 1.034287e-02 -1.524763e-03 9.999453e-01 3.107125e+01
9.999942e-01 6.012972e-04 3.353606e-03 2.369376e+01 -6.017521e-04 9.999998e-01 1.347237e-04 -1.774772e+00 -3.353524e-03 -1.367403e-04 9.999944e-01 3.023524e+01
9.998751e-01 -1.836793e-03 -1.569501e-02 2.496713e+01 1.863739e-03 9.999968e-01 1.702428e-03 -1.791502e+00 1.569183e-02 -1.731468e-03 9.998754e-01 2.962145e+01
9.999841e-01 7.918210e-04 5.577919e-03 2.603888e+01 -7.920716e-04 9.999997e-01 4.277013e-05 -1.799556e+00 -5.577883e-03 -4.718692e-05 9.999844e-01 2.888934e+01
9.999309e-01 -1.697441e-03 -1.163607e-02 2.649252e+01 1.717581e-03 9.999970e-01 1.721106e-03 -1.792863e+00 1.163311e-02 -1.740973e-03 9.999308e-01 2.776321e+01
9.999919e-01 1.185201e-03 3.855007e-03 2.701524e+01 -1.181357e-03 9.999988e-01 -9.992186e-04 -1.819215e+00 -3.856186e-03 9.946569e-04 9.999921e-01 2.791484e+01
9.999504e-01 -1.483140e-03 -9.852876e-03 2.728147e+01 1.506238e-03 9.999961e-01 2.337344e-03 -1.832454e+00 9.849371e-03 -2.352070e-03 9.999487e-01 2.761779e+01
9.999833e-01 7.374128e-04 5.736655e-03 2.749186e+01 -7.332276e-04 9.999995e-01 -7.315806e-04 -1.825791e+00 -5.737191e-03 7.273627e-04 9.999833e-01 2.644321e+01
9.999394e-01 -1.420243e-03 -1.091438e-02 2.783720e+01 1.445897e-03 9.999962e-01 2.342977e-03 -1.821258e+00 1.091101e-02 -2.358617e-03 9.999377e-01 2.537408e+01
9.999999e-01 3.939226e-04 1.924429e-04 2.892653e+01 -3.937943e-04 9.999997e-01 -6.646686e-04 -1.835678e+00 -1.927044e-04 6.645934e-04 9.999998e-01 2.477287e+01
9.999152e-01 -1.584850e-03 -1.292474e-02 3.023270e+01 1.616601e-03 9.999957e-01 2.446507e-03 -1.858406e+00 1.292080e-02 -2.467194e-03 9.999135e-01 2.423152e+01
9.999981e-01 4.296823e-04 1.920187e-03 3.139024e+01 -4.282749e-04 9.999996e-01 -7.331583e-04 -1.874555e+00 -1.920501e-03 7.323352e-04 9.999979e-01 2.362861e+01
9.999583e-01 -1.517844e-03 -9.007632e-03 3.205916e+01 1.540364e-03 9.999957e-01 2.493681e-03 -1.871518e+00 9.003808e-03 -2.507452e-03 9.999563e-01 2.256499e+01
9.999919e-01 6.661887e-04 3.975437e-03 3.239738e+01 -6.631253e-04 9.999995e-01 -7.717693e-04 -1.864214e+00 -3.975949e-03 7.691275e-04 9.999918e-01 2.132248e+01
9.999443e-01 -1.548864e-03 -1.043904e-02 3.294471e+01 1.575605e-03 9.999955e-01 2.553966e-03 -1.858906e+00 1.043503e-02 -2.570272e-03 9.999423e-01 2.015991e+01
9.999987e-01 4.093745e-04 1.576739e-03 3.386216e+01 -4.080918e-04 9.999996e-01 -8.135018e-04 -1.859840e+00 -1.577071e-03 8.128579e-04 9.999984e-01 1.926741e+01
9.999263e-01 -1.575385e-03 -1.203418e-02 3.497749e+01 1.605974e-03 9.999955e-01 2.532596e-03 -1.872464e+00 1.203014e-02 -2.551737e-03 9.999244e-01 1.860366e+01
9.999999e-01 4.417449e-04 -2.497267e-04 3.616078e+01 -4.419399e-04 9.999996e-01 -7.829274e-04 -1.895672e+00 2.493810e-04 7.830383e-04 9.999997e-01 1.818483e+01
9.999416e-01 -1.535777e-03 -1.069471e-02 3.725667e+01 1.562390e-03 9.999957e-01 2.480570e-03 -1.911098e+00 1.069085e-02 -2.497135e-03 9.999397e-01 1.763312e+01
9.999873e-01 8.010927e-04 4.982121e-03 3.767739e+01 -7.968046e-04 9.999993e-01 -8.625730e-04 -1.907157e+00 -4.982808e-03 8.585929e-04 9.999872e-01 1.669686e+01
9.999626e-01 -1.680871e-03 -8.482625e-03 3.782267e+01 1.703473e-03 9.999950e-01 2.658020e-03 -1.898242e+00 8.478115e-03 -2.672371e-03 9.999605e-01 1.528780e+01
9.999767e-01 -2.436338e-04 -6.828590e-03 3.970172e+01 2.419789e-04 9.999999e-01 -2.432181e-04 -1.899490e+00 6.828649e-03 2.415607e-04 9.999767e-01 1.397425e+01
9.999433e-01 -2.560155e-03 -1.033746e-02 4.188949e+01 2.587060e-03 9.999933e-01 2.590085e-03 -1.911829e+00 1.033076e-02 -2.616682e-03 9.999432e-01 1.274959e+01
9.999883e-01 1.975858e-03 4.425916e-03 4.221973e+01 -1.971302e-03 9.999975e-01 -1.033267e-03 -1.910452e+00 -4.427946e-03 1.024530e-03 9.999897e-01 1.194434e+01
9.999154e-01 -2.229534e-03 -1.281861e-02 4.261672e+01 2.255712e-03 9.999954e-01 2.028078e-03 -1.932330e+00 1.281403e-02 -2.056822e-03 9.999158e-01 1.222274e+01
9.999923e-01 2.018324e-03 3.376777e-03 4.319481e+01 -2.016339e-03 9.999978e-01 -5.909837e-04 -1.952056e+00 -3.377962e-03 5.841710e-04 9.999941e-01 1.219947e+01
9.999089e-01 -2.980246e-03 -1.316193e-02 4.419636e+01 3.011434e-03 9.999927e-01 2.350419e-03 -1.954971e+00 1.315483e-02 -2.389841e-03 9.999106e-01 1.137904e+01
9.999862e-01 1.858000e-03 4.918661e-03 4.503146e+01 -1.855207e-03 9.999981e-01 -5.722567e-04 -1.952520e+00 -4.919714e-03 5.631243e-04 9.999877e-01 1.032848e+01
9.999567e-01 -3.021879e-03 -8.800157e-03 4.534975e+01 3.043597e-03 9.999924e-01 2.455539e-03 -1.940077e+00 8.792669e-03 -2.482217e-03 9.999583e-01 8.717132e+00
9.999939e-01 2.220435e-03 2.714529e-03 4.581016e+01 -2.217553e-03 9.999970e-01 -1.064057e-03 -1.942512e+00 -2.716883e-03 1.058031e-03 9.999957e-01 7.898885e+00
9.999658e-01 -2.743922e-03 -7.807209e-03 4.607719e+01 2.763983e-03 9.999929e-01 2.559907e-03 -1.946634e+00 7.800129e-03 -2.581398e-03 9.999662e-01 7.163624e+00
9.999905e-01 1.969737e-03 3.891555e-03 4.629301e+01 -1.966330e-03 9.999977e-01 -8.789336e-04 -1.939545e+00 -3.893277e-03 8.712737e-04 9.999920e-01 5.918773e+00
9.999709e-01 -2.807499e-03 -7.087224e-03 4.640705e+01 2.826429e-03 9.999925e-01 2.662456e-03 -1.930868e+00 7.079696e-03 -2.682411e-03 9.999713e-01 4.501813e+00
9.999903e-01 1.944441e-03 3.952362e-03 4.647848e+01 -1.940938e-03 9.999977e-01 -8.899746e-04 -1.922147e+00 -3.954083e-03 8.822953e-04 9.999918e-01 3.073248e+00
9.999675e-01 -2.794312e-03 -7.562938e-03 4.666683e+01 2.814125e-03 9.999926e-01 2.610460e-03 -1.913964e+00 7.555588e-03 -2.631659e-03 9.999680e-01 1.717074e+00
9.999939e-01 1.953413e-03 2.892516e-03 4.697614e+01 -1.950699e-03 9.999977e-01 -9.405937e-04 -1.907109e+00 -2.894346e-03 9.349462e-04 9.999954e-01 5.093377e-01
9.999622e-01 -2.816672e-03 -8.220375e-03 4.736212e+01 2.838547e-03 9.999925e-01 2.650601e-03 -1.900829e+00 8.212846e-03 -2.673836e-03 9.999627e-01 -6.588842e-01
9.999910e-01 1.998088e-03 3.737106e-03 4.764542e+01 -1.994237e-03 9.999975e-01 -1.033994e-03 -1.892895e+00 -3.739162e-03 1.026533e-03 9.999925e-01 -1.884948e+00
9.999566e-01 -2.600237e-03 -8.947085e-03 4.793076e+01 2.623219e-03 9.999933e-01 2.558017e-03 -1.889239e+00 8.940373e-03 -2.581377e-03 9.999567e-01 -2.834248e+00
9.999854e-01 1.975900e-03 5.030618e-03 4.804265e+01 -1.971612e-03 9.999977e-01 -8.571389e-04 -1.883606e+00 -5.032300e-03 8.472086e-04 9.999870e-01 -3.979694e+00
9.999602e-01 -2.443226e-03 -8.579864e-03 4.806271e+01 2.464130e-03 9.999940e-01 2.426724e-03 -1.880149e+00 8.573884e-03 -2.447770e-03 9.999602e-01 -4.991542e+00
9.999779e-01 1.573520e-03 6.452553e-03 4.796163e+01 -1.570241e-03 9.999986e-01 -5.131239e-04 -1.870193e+00 -6.453351e-03 5.029811e-04 9.999791e-01 -6.536413e+00
9.999663e-01 -2.897941e-03 -7.680747e-03 4.788606e+01 2.918092e-03 9.999923e-01 2.613702e-03 -1.852777e+00 7.673113e-03 -2.636027e-03 9.999671e-01 -8.681459e+00
9.999724e-01 1.223749e-03 7.334141e-03 4.775857e+01 -1.221902e-03 9.999992e-01 -2.563272e-04 -1.830600e+00 -7.334449e-03 2.473592e-04 9.999731e-01 -1.118886e+01
9.999559e-01 -2.381510e-03 -9.087814e-03 4.772705e+01 2.402722e-03 9.999944e-01 2.323959e-03 -1.815812e+00 9.082228e-03 -2.345693e-03 9.999560e-01 -1.305573e+01
9.999763e-01 1.448270e-03 6.735590e-03 4.769285e+01 -1.445051e-03 9.999988e-01 -4.826593e-04 -1.805280e+00 -6.736281e-03 4.729152e-04 9.999772e-01 -1.461734e+01
9.999599e-01 -2.227487e-03 -8.670590e-03 4.755280e+01 2.249294e-03 9.999943e-01 2.506124e-03 -1.795698e+00 8.664958e-03 -2.525527e-03 9.999593e-01 -1.614142e+01
9.999810e-01 1.473399e-03 5.989031e-03 4.744464e+01 -1.469225e-03 9.999987e-01 -7.011695e-04 -1.786574e+00 -5.990056e-03 6.923576e-04 9.999818e-01 -1.756713e+01
9.999528e-01 -1.957070e-03 -9.516625e-03 4.739855e+01 1.978688e-03 9.999955e-01 2.262828e-03 -1.782506e+00 9.512153e-03 -2.281553e-03 9.999522e-01 -1.850456e+01
9.999801e-01 1.435877e-03 6.141762e-03 4.734661e+01 -1.432585e-03 9.999988e-01 -5.402467e-04 -1.778390e+00 -6.142530e-03 5.314379e-04 9.999810e-01 -1.960452e+01
9.999634e-01 -2.212369e-03 -8.261806e-03 4.711983e+01 2.232594e-03 9.999945e-01 2.439658e-03 -1.768577e+00 8.256364e-03 -2.458015e-03 9.999629e-01 -2.113039e+01
9.999898e-01 1.786673e-03 4.141983e-03 4.720829e+01 -1.783358e-03 9.999981e-01 -8.039460e-04 -1.766076e+00 -4.143411e-03 7.965518e-04 9.999911e-01 -2.205255e+01
9.999576e-01 -2.313621e-03 -8.912212e-03 4.735320e+01 2.334994e-03 9.999944e-01 2.388647e-03 -1.762944e+00 8.906636e-03 -2.409356e-03 9.999574e-01 -2.289229e+01
9.999921e-01 2.075482e-03 3.399955e-03 4.749145e+01 -2.072646e-03 9.999975e-01 -8.373628e-04 -1.762362e+00 -3.401684e-03 8.303099e-04 9.999939e-01 -2.355429e+01
9.999500e-01 -2.560317e-03 -9.666927e-03 4.790609e+01 2.583263e-03 9.999939e-01 2.361936e-03 -1.760367e+00 9.660820e-03 -2.386791e-03 9.999505e-01 -2.433429e+01
9.999808e-01 1.658833e-03 5.975217e-03 4.808371e+01 -1.655130e-03 9.999984e-01 -6.245939e-04 -1.750438e+00 -5.976243e-03 6.146927e-04 9.999820e-01 -2.570180e+01
9.999470e-01 -2.382090e-03 -1.001286e-02 4.822452e+01 2.404613e-03 9.999946e-01 2.237989e-03 -1.743147e+00 1.000748e-02 -2.261948e-03 9.999474e-01 -2.685029e+01
9.999857e-01 1.739681e-03 5.058727e-03 4.851643e+01 -1.736719e-03 9.999983e-01 -5.898877e-04 -1.737837e+00 -5.059745e-03 5.810943e-04 9.999870e-01 -2.791407e+01
9.999209e-01 -2.428434e-03 -1.234233e-02 4.912647e+01 2.452917e-03 9.999951e-01 1.968904e-03 -1.743954e+00 1.233749e-02 -1.999024e-03 9.999219e-01 -2.854702e+01
9.999951e-01 1.788891e-03 2.578591e-03 4.992053e+01 -1.787538e-03 9.999983e-01 -5.265571e-04 -1.763066e+00 -2.579528e-03 5.219457e-04 9.999965e-01 -2.876687e+01
9.999543e-01 -2.426946e-03 -9.247929e-03 5.039995e+01 2.444633e-03 9.999952e-01 1.901774e-03 -1.766840e+00 9.243269e-03 -1.924295e-03 9.999554e-01 -2.942606e+01
9.999834e-01 1.826617e-03 5.464576e-03 5.050270e+01 -1.825118e-03 9.999983e-01 -2.792520e-04 -1.760853e+00 -5.465077e-03 2.692745e-04 9.999850e-01 -3.055193e+01
9.999591e-01 -2.359646e-03 -8.735876e-03 5.048862e+01 2.376892e-03 9.999952e-01 1.964264e-03 -1.755640e+00 8.731199e-03 -1.984949e-03 9.999599e-01 -3.168565e+01
9.999832e-01 1.979715e-03 5.450741e-03 5.038122e+01 -1.977883e-03 9.999980e-01 -3.413605e-04 -1.751807e+00 -5.451406e-03 3.305744e-04 9.999851e-01 -3.272195e+01
9.999468e-01 -2.474209e-03 -1.001513e-02 5.049951e+01 2.494021e-03 9.999950e-01 1.966281e-03 -1.748068e+00 1.001022e-02 -1.991155e-03 9.999479e-01 -3.366722e+01
9.999898e-01 2.244324e-03 3.918795e-03 5.050997e+01 -2.241837e-03 9.999973e-01 -6.388416e-04 -1.743202e+00 -3.920217e-03 6.300504e-04 9.999921e-01 -3.424723e+01
9.998727e-01 -3.366281e-03 -1.559774e-02 5.162024e+01 3.402262e-03 9.999916e-01 2.280868e-03 -1.756649e+00 1.558993e-02 -2.333646e-03 9.998757e-01 -3.466345e+01
9.999882e-01 2.044872e-03 4.400144e-03 5.232680e+01 -2.034505e-03 9.999951e-01 -2.359194e-03 -1.815154e+00 -4.404947e-03 2.350215e-03 9.999875e-01 -3.347061e+01
9.998686e-01 -2.574073e-03 -1.600510e-02 5.278397e+01 2.620898e-03 9.999923e-01 2.905393e-03 -1.871342e+00 1.599750e-02 -2.946960e-03 9.998677e-01 -3.214534e+01
9.999397e-01 2.373484e-03 1.072299e-02 5.294197e+01 -2.358850e-03 9.999963e-01 -1.377083e-03 -1.870470e+00 -1.072622e-02 1.351707e-03 9.999416e-01 -3.288119e+01
9.998814e-01 -2.923945e-03 -1.511841e-02 5.307334e+01 2.969208e-03 9.999912e-01 2.972316e-03 -1.865438e+00 1.510959e-02 -3.016854e-03 9.998813e-01 -3.392425e+01
9.999462e-01 2.480824e-03 1.007450e-02 5.325207e+01 -2.466233e-03 9.999959e-01 -1.460416e-03 -1.861589e+00 -1.007809e-02 1.435492e-03 9.999482e-01 -3.482667e+01
9.998904e-01 -2.918395e-03 -1.451439e-02 5.338622e+01 2.961780e-03 9.999912e-01 2.968509e-03 -1.858191e+00 1.450560e-02 -3.011172e-03 9.998903e-01 -3.572827e+01
9.999396e-01 2.225743e-03 1.076691e-02 5.345466e+01 -2.211845e-03 9.999967e-01 -1.302531e-03 -1.850398e+00 -1.076978e-02 1.278638e-03 9.999412e-01 -3.697668e+01
9.997952e-01 -3.308402e-03 -1.996348e-02 5.443594e+01 3.372244e-03 9.999893e-01 3.165116e-03 -1.847826e+00 1.995280e-02 -3.231791e-03 9.997957e-01 -3.798114e+01
9.999320e-01 2.705438e-03 1.134738e-02 5.507791e+01 -2.679266e-03 9.999937e-01 -2.320980e-03 -1.865538e+00 -1.135359e-02 2.290420e-03 9.999329e-01 -3.810330e+01
9.998190e-01 -3.008259e-03 -1.878541e-02 5.549952e+01 3.078017e-03 9.999885e-01 3.685608e-03 -1.877549e+00 1.877410e-02 -3.742763e-03 9.998167e-01 -3.838797e+01
9.999615e-01 2.345605e-03 8.460955e-03 5.627625e+01 -2.321515e-03 9.999932e-01 -2.855907e-03 -1.908635e+00 -8.467597e-03 2.836155e-03 9.999601e-01 -3.821833e+01
9.997742e-01 -2.904048e-03 -2.105156e-02 5.707428e+01 2.981238e-03 9.999889e-01 3.636316e-03 -1.961262e+00 2.104076e-02 -3.698255e-03 9.997718e-01 -3.744126e+01
9.999394e-01 2.244251e-03 1.078224e-02 5.760803e+01 -2.209500e-03 9.999923e-01 -3.233787e-03 -2.011404e+00 -1.078942e-02 3.209768e-03 9.999366e-01 -3.651955e+01
9.997782e-01 -2.495649e-03 -2.091281e-02 5.797186e+01 2.576122e-03 9.999894e-01 3.821980e-03 -2.055122e+00 2.090305e-02 -3.875006e-03 9.997740e-01 -3.548706e+01
9.998988e-01 2.385834e-03 1.402520e-02 5.817403e+01 -2.347753e-03 9.999935e-01 -2.731012e-03 -2.060739e+00 -1.403162e-02 2.697808e-03 9.998979e-01 -3.551855e+01
9.998298e-01 -2.921921e-03 -1.821813e-02 5.818421e+01 3.000552e-03 9.999863e-01 4.290289e-03 -2.053602e+00 1.820534e-02 -4.344224e-03 9.998248e-01 -3.661802e+01
9.999430e-01 2.332491e-03 1.041905e-02 5.879992e+01 -2.306742e-03 9.999943e-01 -2.482686e-03 -2.050570e+00 -1.042478e-02 2.458511e-03 9.999426e-01 -3.753114e+01
9.998037e-01 -3.046084e-03 -1.957751e-02 5.961294e+01 3.125328e-03 9.999870e-01 4.018405e-03 -2.055885e+00 1.956502e-02 -4.078803e-03 9.998003e-01 -3.807890e+01
9.999398e-01 2.211243e-03 1.074415e-02 6.046576e+01 -2.186396e-03 9.999949e-01 -2.323729e-03 -2.059655e+00 -1.074923e-02 2.300098e-03 9.999396e-01 -3.884868e+01
9.998113e-01 -3.259111e-03 -1.915205e-02 6.123673e+01 3.339265e-03 9.999858e-01 4.154697e-03 -2.055527e+00 1.913824e-02 -4.217867e-03 9.998080e-01 -3.982347e+01
9.998618e-01 2.167873e-03 1.648375e-02 6.127675e+01 -2.130687e-03 9.999951e-01 -2.273120e-03 -2.042598e+00 -1.648860e-02 2.237685e-03 9.998615e-01 -4.152804e+01
9.997777e-01 -2.856710e-03 -2.088877e-02 6.150170e+01 2.939129e-03 9.999880e-01 3.915953e-03 -2.035319e+00 2.087733e-02 -3.976478e-03 9.997741e-01 -4.279236e+01
9.998947e-01 2.179633e-03 1.435044e-02 6.201565e+01 -2.146030e-03 9.999949e-01 -2.356562e-03 -2.034421e+00 -1.435550e-02 2.325518e-03 9.998943e-01 -4.363454e+01
9.996813e-01 -2.956775e-03 -2.507251e-02 6.296902e+01 3.052844e-03 9.999881e-01 3.794240e-03 -2.056659e+00 2.506100e-02 -3.869574e-03 9.996784e-01 -4.390466e+01
9.999099e-01 1.687921e-03 1.331769e-02 6.413368e+01 -1.658079e-03 9.999961e-01 -2.251433e-03 -2.071373e+00 -1.332144e-02 2.229149e-03 9.999088e-01 -4.451463e+01
9.997141e-01 -2.871223e-03 -2.373938e-02 6.507798e+01 2.966544e-03 9.999877e-01 3.981078e-03 -2.087908e+00 2.372765e-02 -4.050364e-03 9.997103e-01 -4.494282e+01
9.998713e-01 2.470816e-03 1.585145e-02 6.540588e+01 -2.409239e-03 9.999895e-01 -3.902535e-03 -2.113402e+00 -1.586093e-02 3.863844e-03 9.998667e-01 -4.440708e+01
9.997394e-01 -2.375033e-03 -2.270600e-02 6.508984e+01 2.486335e-03 9.999850e-01 4.874905e-03 -2.118070e+00 2.269408e-02 -4.930090e-03 9.997303e-01 -4.435518e+01
9.997802e-01 1.417504e-03 2.091984e-02 6.461925e+01 -1.355797e-03 9.999947e-01 -2.963532e-03 -2.096949e+00 -2.092393e-02 2.934518e-03 9.997768e-01 -4.620293e+01
9.997216e-01 -2.286506e-03 -2.348432e-02 6.449766e+01 2.400488e-03 9.999855e-01 4.826530e-03 -2.084900e+00 2.347294e-02 -4.881561e-03 9.997126e-01 -4.786303e+01
9.998990e-01 1.754499e-03 1.410418e-02 6.531687e+01 -1.704890e-03 9.999923e-01 -3.528596e-03 -2.105225e+00 -1.411026e-02 3.504194e-03 9.998943e-01 -4.812500e+01
9.994564e-01 -2.992612e-03 -3.283209e-02 6.704438e+01 3.161490e-03 9.999820e-01 5.093007e-03 -2.161244e+00 3.281626e-02 -5.194037e-03 9.994479e-01 -4.805419e+01
9.998551e-01 2.152643e-03 1.688700e-02 6.835559e+01 -2.091388e-03 9.999912e-01 -3.644123e-03 -2.199843e+00 -1.689470e-02 3.608278e-03 9.998508e-01 -4.805668e+01
9.995871e-01 -3.197700e-03 -2.855633e-02 6.909973e+01 3.303245e-03 9.999879e-01 3.649666e-03 -2.259281e+00 2.854431e-02 -3.742488e-03 9.995855e-01 -4.693588e+01
9.998721e-01 2.842886e-03 1.573864e-02 6.967791e+01 -2.800059e-03 9.999923e-01 -2.742471e-03 -2.318601e+00 -1.574632e-02 2.698052e-03 9.998724e-01 -4.580250e+01
9.994564e-01 -3.897641e-03 -3.273602e-02 7.118378e+01 4.048779e-03 9.999814e-01 4.551851e-03 -2.356270e+00 3.271767e-02 -4.681918e-03 9.994537e-01 -4.600680e+01
9.997576e-01 3.188409e-03 2.178585e-02 7.212333e+01 -3.125408e-03 9.999908e-01 -2.925210e-03 -2.363921e+00 -2.179498e-02 2.856412e-03 9.997584e-01 -4.651315e+01
9.992371e-01 -4.466678e-03 -3.879818e-02 7.367848e+01 4.644193e-03 9.999792e-01 4.486444e-03 -2.398387e+00 3.877733e-02 -4.663208e-03 9.992370e-01 -4.673465e+01
9.997965e-01 3.104396e-03 1.993171e-02 7.531278e+01 -3.047521e-03 9.999912e-01 -2.883193e-03 -2.443329e+00 -1.994048e-02 2.821865e-03 9.997972e-01 -4.672259e+01
9.993533e-01 -4.275770e-03 -3.570188e-02 7.673960e+01 4.436766e-03 9.999803e-01 4.431454e-03 -2.479673e+00 3.568223e-02 -4.586990e-03 9.993527e-01 -4.685746e+01
9.997842e-01 3.343473e-03 2.050485e-02 7.802365e+01 -3.281109e-03 9.999899e-01 -3.074325e-03 -2.524033e+00 -2.051493e-02 3.006383e-03 9.997850e-01 -4.670007e+01
9.995460e-01 -4.012630e-03 -2.986248e-02 7.879590e+01 4.149535e-03 9.999812e-01 4.523952e-03 -2.538338e+00 2.984377e-02 -4.645814e-03 9.995438e-01 -4.711259e+01
9.997417e-01 3.561070e-03 2.244556e-02 7.944242e+01 -3.489083e-03 9.999886e-01 -3.245478e-03 -2.553762e+00 -2.245687e-02 3.166326e-03 9.997428e-01 -4.751984e+01
9.993335e-01 -4.304231e-03 -3.624965e-02 8.054346e+01 4.471729e-03 9.999797e-01 4.540871e-03 -2.593771e+00 3.622937e-02 -4.699943e-03 9.993324e-01 -4.736335e+01
9.997122e-01 3.682410e-03 2.370446e-02 8.150626e+01 -3.605840e-03 9.999881e-01 -3.272123e-03 -2.628717e+00 -2.371623e-02 3.185707e-03 9.997137e-01 -4.722317e+01
9.993423e-01 -4.473889e-03 -3.598484e-02 8.234509e+01 4.615851e-03 9.999819e-01 3.862953e-03 -2.675796e+00 3.596690e-02 -4.026514e-03 9.993449e-01 -4.659033e+01
9.998008e-01 3.232610e-03 1.969735e-02 8.348099e+01 -3.163740e-03 9.999888e-01 -3.526510e-03 -2.757540e+00 -1.970853e-02 3.463491e-03 9.997998e-01 -4.511366e+01
9.991248e-01 -4.852051e-03 -4.154650e-02 8.512983e+01 5.033585e-03 9.999782e-01 4.265918e-03 -2.854780e+00 4.152489e-02 -4.471313e-03 9.991275e-01 -4.362381e+01
9.998312e-01 2.692869e-03 1.817272e-02 8.728387e+01 -2.664064e-03 9.999952e-01 -1.609071e-03 -2.895768e+00 -1.817696e-02 1.560386e-03 9.998336e-01 -4.420826e+01
9.993808e-01 -5.756858e-03 -3.471239e-02 8.963385e+01 5.880077e-03 9.999768e-01 3.448682e-03 -2.918628e+00 3.469173e-02 -3.650659e-03 9.993914e-01 -4.537539e+01
9.998014e-01 4.881097e-03 1.932250e-02 9.052181e+01 -4.829746e-03 9.999847e-01 -2.703289e-03 -2.979538e+00 -1.933540e-02 2.609430e-03 9.998096e-01 -4.422639e+01
9.990692e-01 -6.431075e-03 -4.265366e-02 9.257142e+01 6.602223e-03 9.999707e-01 3.872857e-03 -3.066570e+00 4.262750e-02 -4.150862e-03 9.990824e-01 -4.332329e+01
9.999595e-01 3.445409e-03 8.309103e-03 9.583127e+01 -3.429722e-03 9.999923e-01 -1.901312e-03 -3.164143e+00 -8.315590e-03 1.872738e-03 9.999637e-01 -4.289442e+01
9.995970e-01 -5.028531e-03 -2.793942e-02 9.751968e+01 5.128029e-03 9.999808e-01 3.490685e-03 -3.209018e+00 2.792133e-02 -3.632552e-03 9.996035e-01 -4.278755e+01
9.999190e-01 3.784356e-03 1.214925e-02 9.896953e+01 -3.762733e-03 9.999913e-01 -1.802126e-03 -3.239881e+00 -1.215597e-02 1.756266e-03 9.999246e-01 -4.302637e+01
9.997353e-01 -4.491868e-03 -2.256571e-02 9.959884e+01 4.544851e-03 9.999870e-01 2.297237e-03 -3.266939e+00 2.255510e-02 -2.399187e-03 9.997427e-01 -4.254531e+01
9.999453e-01 3.758441e-03 9.762295e-03 1.004035e+02 -3.745805e-03 9.999921e-01 -1.312277e-03 -3.315451e+00 -9.767150e-03 1.275638e-03 9.999515e-01 -4.185496e+01
9.997848e-01 -4.562044e-03 -2.023937e-02 1.012566e+02 4.619476e-03 9.999854e-01 2.791809e-03 -3.328410e+00 2.022634e-02 -2.884703e-03 9.997913e-01 -4.218915e+01
9.998665e-01 4.099704e-03 1.581824e-02 1.013921e+02 -4.079123e-03 9.999908e-01 -1.333096e-03 -3.324225e+00 -1.582356e-02 1.268394e-03 9.998740e-01 -4.315411e+01
9.997659e-01 -4.613902e-03 -2.113937e-02 1.017226e+02 4.668412e-03 9.999859e-01 2.530001e-03 -3.327198e+00 2.112740e-02 -2.628096e-03 9.997733e-01 -4.376377e+01
9.999574e-01 3.820290e-03 8.407132e-03 1.026390e+02 -3.809908e-03 9.999920e-01 -1.250526e-03 -3.362738e+00 -8.411842e-03 1.218442e-03 9.999639e-01 -4.350655e+01
9.997962e-01 -4.591977e-03 -1.966119e-02 1.034951e+02 4.642718e-03 9.999860e-01 2.535918e-03 -3.391405e+00 1.964927e-02 -2.626683e-03 9.998035e-01 -4.344006e+01
9.999662e-01 3.740768e-03 7.326624e-03 1.044521e+02 -3.732481e-03 9.999924e-01 -1.144404e-03 -3.422060e+00 -7.330849e-03 1.117019e-03 9.999725e-01 -4.338928e+01
9.998409e-01 -4.394365e-03 -1.729021e-02 1.051587e+02 4.436370e-03 9.999873e-01 2.391844e-03 -3.446367e+00 1.727948e-02 -2.468169e-03 9.998477e-01 -4.330524e+01
