9.999516e-01 1.402376e-04 -9.832927e-03 4.203584e-01 -1.290957e-04 9.999993e-01 1.133747e-03 -2.678511e-02 9.833079e-03 -1.132423e-03 9.999510e-01 2.864375e-01
9.999999e-01 -3.460429e-05 3.287515e-04 8.929984e-01 3.456668e-05 1.000000e+00 1.144983e-04 -4.597520e-02 -3.287551e-04 -1.144862e-04 9.999999e-01 3.667176e-01
9.999556e-01 2.405101e-04 -9.422180e-03 1.310291e+00 -2.305455e-04 9.999994e-01 1.058641e-03 -6.113578e-02 9.422429e-03 -1.056423e-03 9.999550e-01 4.248847e-01
9.999942e-01 -1.746593e-04 3.397707e-03 1.335232e+00 1.765630e-04 9.999998e-01 -5.599700e-04 -7.397511e-02 -3.397608e-03 5.605674e-04 9.999941e-01 8.624676e-01
9.999525e-01 -6.388069e-05 -9.750891e-03 1.190712e+00 6.993599e-05 9.999998e-01 6.206635e-04 -7.585836e-02 9.750849e-03 -6.213166e-04 9.999523e-01 1.596823e+00
9.999922e-01 5.712276e-07 3.953408e-03 1.213948e+00 6.999741e-07 9.999999e-01 -3.215340e-04 -9.120577e-02 -3.953407e-03 3.215350e-04 9.999921e-01 2.249767e+00
9.999543e-01 -1.620812e-04 -9.556883e-03 1.201703e+00 1.663986e-04 9.999999e-01 4.509602e-04 -1.069431e-01 9.556808e-03 -4.525306e-04 9.999542e-01 3.051114e+00
9.999947e-01 2.736022e-04 3.230717e-03 1.252837e+00 -2.748198e-04 9.999999e-01 3.764773e-04 -1.174350e-01 -3.230613e-03 -3.773625e-04 9.999947e-01 3.372564e+00
9.999609e-01 -1.853749e-04 -8.842569e-03 1.266273e+00 1.879576e-04 9.999999e-01 2.912471e-04 -1.261575e-01 8.842514e-03 -2.928984e-04 9.999609e-01 3.555335e+00
9.999947e-01 3.117689e-04 3.243264e-03 1.239840e+00 -3.128215e-04 9.999999e-01 3.240515e-04 -1.343668e-01 -3.243162e-03 -3.250636e-04 9.999947e-01 3.887596e+00
9.999463e-01 -1.270613e-04 -1.036285e-02 1.277705e+00 1.327566e-04 9.999998e-01 5.489092e-04 -1.384220e-01 1.036278e-02 -5.502562e-04 9.999462e-01 4.108373e+00
9.999932e-01 1.081894e-04 3.696141e-03 1.313160e+00 -1.090516e-04 1.000000e+00 2.330944e-04 -1.397381e-01 -3.696115e-03 -2.334951e-04 9.999931e-01 4.323339e+00
9.999426e-01 1.845065e-04 -1.071229e-02 1.393507e+00 -1.764005e-04 9.999997e-01 7.576456e-04 -1.458646e-01 1.071243e-02 -7.557132e-04 9.999423e-01 4.409027e+00
9.999998e-01 -3.431407e-05 5.525498e-04 1.891971e+00 3.402395e-05 9.999999e-01 5.251681e-04 -1.570979e-01 -5.525674e-04 -5.251485e-04 9.999997e-01 4.324891e+00
9.999289e-01 -1.003618e-04 -1.192683e-02 2.523252e+00 1.092964e-04 9.999997e-01 7.484696e-04 -1.654594e-01 1.192675e-02 -7.497206e-04 9.999286e-01 4.245601e+00
9.999994e-01 6.406094e-05 1.102619e-03 2.877103e+00 -6.428320e-05 1.000000e+00 2.016058e-04 -1.641190e-01 -1.102606e-03 -2.016759e-04 9.999994e-01 4.436843e+00
9.999199e-01 -9.178180e-05 -1.265257e-02 3.399745e+00 1.024896e-04 9.999996e-01 8.456500e-04 -1.757598e-01 1.265249e-02 -8.468798e-04 9.999196e-01 4.612489e+00
9.999955e-01 4.880138e-05 2.991114e-03 3.908461e+00 -4.967416e-05 1.000000e+00 2.917403e-04 -1.940341e-01 -2.991099e-03 -2.918868e-04 9.999955e-01 4.667622e+00
9.999535e-01 5.166294e-05 -9.645592e-03 3.886760e+00 -4.776160e-05 9.999999e-01 4.047055e-04 -1.925119e-01 9.645612e-03 -4.042267e-04 9.999534e-01 4.889454e+00
1.000000e+00 5.653909e-05 -3.047807e-04 4.276922e+00 -5.629122e-05 9.999997e-01 8.129702e-04 -2.018910e-01 3.048269e-04 -8.129523e-04 9.999996e-01 4.943346e+00
9.999488e-01 -3.079693e-04 -1.011875e-02 4.921723e+00 3.130648e-04 9.999998e-01 5.019968e-04 -2.132793e-01 1.011859e-02 -5.051396e-04 9.999487e-01 4.779367e+00
9.999987e-01 4.187989e-04 1.551082e-03 5.313330e+00 -4.197979e-04 9.999997e-01 6.437953e-04 -2.261890e-01 -1.550811e-03 -6.444449e-04 9.999986e-01 4.774781e+00
9.999369e-01 -3.356246e-04 -1.122553e-02 5.800756e+00 3.420667e-04 9.999998e-01 5.719742e-04 -2.481278e-01 1.122534e-02 -5.757787e-04 9.999368e-01 4.886022e+00
9.999974e-01 4.442038e-04 2.226337e-03 6.248333e+00 -4.457409e-04 9.999997e-01 6.899929e-04 -2.577462e-01 -2.226030e-03 -6.909828e-04 9.999973e-01 4.801646e+00
9.999410e-01 -2.343294e-04 -1.086035e-02 6.584382e+00 2.395543e-04 9.999999e-01 4.798109e-04 -2.658966e-01 1.086023e-02 -4.823849e-04 9.999409e-01 4.805228e+00
9.999977e-01 3.710304e-04 2.128785e-03 6.778106e+00 -3.722135e-04 9.999998e-01 5.554523e-04 -2.645939e-01 -2.128578e-03 -5.562427e-04 9.999976e-01 4.827319e+00
9.999671e-01 -6.612796e-04 -8.083863e-03 7.031942e+00 6.695964e-04 9.999992e-01 1.026158e-03 -2.628445e-01 8.083178e-03 -1.031538e-03 9.999668e-01 4.147880e+00
9.999996e-01 5.802822e-04 6.459209e-04 7.414433e+00 -5.805597e-04 9.999997e-01 4.296399e-04 -2.678675e-01 -6.456711e-04 -4.300140e-04 9.999997e-01 3.777983e+00
9.999333e-01 -5.173834e-04 -1.153745e-02 7.988489e+00 5.262497e-04 9.999996e-01 7.654621e-04 -2.831766e-01 1.153705e-02 -7.714833e-04 9.999331e-01 3.817390e+00
9.999964e-01 5.505294e-04 2.609053e-03 8.219725e+00 -5.515211e-04 9.999998e-01 3.794661e-04 -2.850490e-01 -2.608843e-03 -3.809030e-04 9.999965e-01 3.870336e+00
9.999482e-01 -6.164507e-04 -1.016375e-02 7.853974e+00 6.199495e-04 9.999997e-01 3.411086e-04 -2.661785e-01 1.016354e-02 -3.473926e-04 9.999483e-01 3.947326e+00
9.999924e-01 7.081012e-04 3.833900e-03 7.616266e+00 -7.089782e-04 9.999997e-01 2.274351e-04 -2.536333e-01 -3.833738e-03 -2.301508e-04 9.999926e-01 4.174346e+00
9.999441e-01 -7.333477e-04 -1.054903e-02 7.538663e+00 7.449770e-04 9.999991e-01 1.098525e-03 -2.487003e-01 1.054822e-02 -1.106323e-03 9.999438e-01 3.804550e+00
9.999831e-01 1.120026e-04 5.811836e-03 7.645538e+00 -1.152669e-04 9.999998e-01 5.613507e-04 -2.423364e-01 -5.811772e-03 -5.620104e-04 9.999830e-01 2.742129e+00
9.999248e-01 -2.875738e-04 -1.226291e-02 7.926905e+00 2.986203e-04 9.999996e-01 8.989865e-04 -2.422544e-01 1.226265e-02 -9.025815e-04 9.999244e-01 2.158123e+00
9.999827e-01 4.493372e-04 5.860540e-03 8.067046e+00 -4.513061e-04 9.999998e-01 3.346633e-04 -2.471676e-01 -5.860388e-03 -3.373017e-04 9.999828e-01 1.942295e+00
9.999379e-01 -5.289659e-04 -1.113068e-02 8.017149e+00 5.414593e-04 9.999992e-01 1.119460e-03 -2.448342e-01 1.113007e-02 -1.125418e-03 9.999374e-01 1.315825e+00
9.999843e-01 3.834117e-04 5.595534e-03 7.753920e+00 -3.832281e-04 9.999999e-01 -3.384487e-05 -2.346614e-01 -5.595546e-03 3.170067e-05 9.999843e-01 9.182942e-01
9.999152e-01 -4.989475e-04 -1.301685e-02 7.295249e+00 5.081326e-04 9.999996e-01 7.023443e-04 -2.129322e-01 1.301649e-02 -7.088997e-04 9.999150e-01 9.739666e-01
9.999822e-01 6.091182e-04 5.930074e-03 7.526954e+00 -6.134960e-04 9.999995e-01 7.364647e-04 -2.191963e-01 -5.929622e-03 -7.400890e-04 9.999821e-01 7.276113e-01
9.998758e-01 -6.420049e-04 -1.574910e-02 8.066761e+00 6.506384e-04 9.999996e-01 5.430784e-04 -2.308617e-01 1.574874e-02 -5.532586e-04 9.998758e-01 6.169437e-01
9.999852e-01 5.537695e-04 5.411478e-03 8.649257e+00 -5.579330e-04 9.999995e-01 7.679273e-04 -2.453918e-01 -5.411050e-03 -7.709345e-04 9.999851e-01 5.604766e-01
9.999242e-01 -3.952054e-04 -1.230818e-02 8.632778e+00 3.989056e-04 9.999999e-01 2.981824e-04 -2.436344e-01 1.230806e-02 -3.030703e-04 9.999242e-01 4.909675e-01
9.999836e-01 3.859430e-04 5.719771e-03 8.261736e+00 -3.885922e-04 9.999998e-01 4.620815e-04 -2.302249e-01 -5.719591e-03 -4.642958e-04 9.999835e-01 4.690110e-01
9.999360e-01 -3.680320e-04 -1.130602e-02 8.075596e+00 3.739150e-04 9.999998e-01 5.182481e-04 -2.254536e-01 1.130583e-02 -5.224432e-04 9.999360e-01 2.135562e-01
9.999911e-01 6.271681e-04 4.166086e-03 8.128954e+00 -6.284186e-04 9.999998e-01 2.989122e-04 -2.321759e-01 -4.165897e-03 -3.015269e-04 9.999913e-01 4.362012e-01
9.999341e-01 -5.632182e-04 -1.146700e-02 7.480438e+00 5.688463e-04 9.999997e-01 4.875665e-04 -2.085642e-01 1.146672e-02 -4.940580e-04 9.999341e-01 4.372425e-01
9.999898e-01 3.968472e-04 4.510258e-03 6.583639e+00 -3.972942e-04 9.999999e-01 9.823823e-05 -1.780262e-01 -4.510218e-03 -1.000284e-04 9.999898e-01 2.740814e-01
9.999391e-01 -4.695481e-04 -1.102945e-02 6.015461e+00 4.744477e-04 9.999998e-01 4.416319e-04 -1.556196e-01 1.102924e-02 -4.468386e-04 9.999391e-01 3.441060e-01
9.999899e-01 3.738336e-04 4.479511e-03 5.427385e+00 -3.739124e-04 9.999999e-01 1.677377e-05 -1.310949e-01 -4.479504e-03 -1.844785e-05 9.999900e-01 4.495484e-01
9.999336e-01 -4.623886e-04 -1.151537e-02 5.067189e+00 4.736923e-04 9.999994e-01 9.789243e-04 -1.157014e-01 1.151491e-02 -9.843147e-04 9.999332e-01 1.911152e-01
9.999895e-01 4.361107e-04 4.558569e-03 4.870460e+00 -4.367227e-04 9.999999e-01 1.332754e-04 -1.063872e-01 -4.558510e-03 -1.352641e-04 9.999896e-01 -1.039767e-01
9.999397e-01 -2.563400e-04 -1.097991e-02 4.675810e+00 2.644828e-04 9.999997e-01 7.401746e-04 -1.015281e-01 1.097972e-02 -7.430346e-04 9.999394e-01 -1.049625e-01
9.999922e-01 5.276435e-04 3.901665e-03 4.698909e+00 -5.286281e-04 9.999998e-01 2.513825e-04 -1.020903e-01 -3.901531e-03 -2.534424e-04 9.999924e-01 2.066655e-02
9.999285e-01 -3.281749e-04 -1.195490e-02 4.922213e+00 3.374782e-04 9.999996e-01 7.762085e-04 -1.101897e-01 1.195464e-02 -7.801882e-04 9.999282e-01 1.647576e-01
9.999827e-01 4.041720e-04 5.872051e-03 4.776539e+00 -4.053060e-04 9.999999e-01 1.919609e-04 -1.044092e-01 -5.871973e-03 -1.943368e-04 9.999827e-01 1.052152e-01
9.999326e-01 -4.543169e-04 -1.160443e-02 4.079726e+00 4.600250e-04 9.999998e-01 4.892354e-04 -8.296249e-02 1.160420e-02 -4.945414e-04 9.999325e-01 -4.862453e-02
9.999860e-01 4.167536e-04 5.276987e-03 3.576253e+00 -4.169784e-04 9.999999e-01 4.151934e-05 -6.359037e-02 -5.276969e-03 -4.371846e-05 9.999861e-01 4.396165e-02
9.999081e-01 -1.661634e-04 -1.355960e-02 3.768370e+00 1.804912e-04 9.999994e-01 1.055450e-03 -6.567576e-02 1.355942e-02 -1.057801e-03 9.999075e-01 -5.064132e-02
9.999928e-01 -4.245807e-05 3.783191e-03 4.417745e+00 4.075772e-05 9.999999e-01 4.495730e-04 -7.134369e-02 -3.783210e-03 -4.494149e-04 9.999927e-01 -4.251689e-01
9.999058e-01 -1.378112e-05 -1.372558e-02 4.969920e+00 2.525424e-05 9.999997e-01 8.357329e-04 -8.412954e-02 1.372557e-02 -8.360015e-04 9.999055e-01 -5.274207e-01
9.999828e-01 1.558072e-04 5.868606e-03 5.041393e+00 -1.561034e-04 1.000000e+00 5.003710e-05 -8.147345e-02 -5.868598e-03 -5.095166e-05 9.999828e-01 -3.900678e-01
9.999304e-01 -1.366523e-04 -1.179517e-02 4.540729e+00 1.425259e-04 9.999999e-01 4.971371e-04 -6.238641e-02 1.179510e-02 -4.987843e-04 9.999303e-01 -2.931754e-01
9.999864e-01 -9.978690e-08 5.224208e-03 4.268093e+00 -1.418776e-06 1.000000e+00 2.907102e-04 -4.843833e-02 -5.224208e-03 -2.907129e-04 9.999863e-01 -3.073498e-01
9.999317e-01 6.056581e-05 -1.168403e-02 4.398797e+00 -5.060942e-05 9.999996e-01 8.524465e-04 -5.443557e-02 1.168408e-02 -8.517977e-04 9.999314e-01 -4.483164e-01
9.999934e-01 6.514817e-05 3.633378e-03 4.572526e+00 -6.637844e-05 9.999999e-01 3.385360e-04 -6.181904e-02 -3.633356e-03 -3.387743e-04 9.999933e-01 -4.376321e-01
9.999416e-01 4.893492e-05 -1.080376e-02 4.485759e+00 -4.042959e-05 9.999997e-01 7.874904e-04 -5.929696e-02 1.080380e-02 -7.870083e-04 9.999413e-01 -4.763241e-01
9.999992e-01 6.784444e-05 1.257954e-03 4.920488e+00 -6.818731e-05 1.000000e+00 2.726760e-04 -7.422335e-02 -1.257936e-03 -2.727609e-04 9.999992e-01 -4.478874e-01
9.999598e-01 -1.144577e-04 -8.966334e-03 4.856895e+00 1.172752e-04 9.999999e-01 3.137226e-04 -7.298949e-02 8.966298e-03 -3.147622e-04 9.999598e-01 -7.332568e-02
9.999985e-01 -2.068559e-04 1.747285e-03 4.524225e+00 2.069900e-04 1.000000e+00 -7.643405e-05 -4.964390e-02 -1.747269e-03 7.679629e-05 9.999985e-01 3.726227e-01
9.999520e-01 2.863488e-04 -9.789364e-03 4.435641e+00 -2.779067e-04 9.999996e-01 8.637487e-04 -3.910046e-02 9.789607e-03 -8.609874e-04 9.999517e-01 5.730847e-01
9.999938e-01 -3.650912e-04 3.494795e-03 3.946004e+00 3.668002e-04 9.999998e-01 -4.883202e-04 -1.495567e-02 -3.494616e-03 4.895997e-04 9.999938e-01 8.296472e-01
9.999428e-01 2.136956e-04 -1.069350e-02 3.670386e+00 -2.029185e-04 9.999995e-01 1.008903e-03 4.248750e-03 1.069371e-02 -1.006677e-03 9.999423e-01 1.123447e+00
9.999992e-01 -8.375012e-05 1.287146e-03 3.916849e+00 8.362340e-05 1.000000e+00 9.867140e-05 1.361032e-03 -1.287154e-03 -9.856300e-05 9.999992e-01 1.182578e+00
9.999665e-01 1.507830e-04 -8.183469e-03 3.754055e+00 -1.445981e-04 9.999997e-01 7.563886e-04 1.065802e-02 8.183580e-03 -7.551806e-04 9.999662e-01 1.305099e+00
9.999989e-01 -2.770448e-04 1.459742e-03 3.018820e+00 2.775749e-04 9.999999e-01 -3.628301e-04 4.253805e-02 -1.459641e-03 3.632355e-04 9.999989e-01 1.405446e+00
9.999697e-01 1.050233e-04 -7.784207e-03 2.438954e+00 -9.885026e-05 9.999997e-01 7.934244e-04 6.568815e-02 7.784287e-03 -7.926315e-04 9.999694e-01 1.497037e+00
9.999983e-01 -2.130696e-04 1.847338e-03 2.185690e+00 2.131012e-04 1.000000e+00 -1.680182e-05 8.037656e-02 -1.847334e-03 1.719614e-05 9.999983e-01 1.396733e+00
9.999664e-01 -4.481591e-04 -8.181361e-03 2.431634e+00 4.515293e-04 9.999998e-01 4.101270e-04 7.892299e-02 8.181176e-03 -4.138080e-04 9.999664e-01 1.616513e+00
9.999965e-01 2.144122e-05 2.649415e-03 2.163877e+00 -1.982024e-05 9.999998e-01 -6.117672e-04 8.865047e-02 -2.649427e-03 6.117133e-04 9.999963e-01 2.373517e+00
9.999414e-01 -1.353543e-04 -1.082762e-02 2.023813e+00 1.476274e-04 9.999993e-01 1.132732e-03 1.018870e-01 1.082746e-02 -1.134265e-03 9.999407e-01 2.776899e+00
9.999949e-01 1.613937e-04 3.178058e-03 1.903472e+00 -1.595100e-04 9.999998e-01 -5.929017e-04 1.129014e-01 -3.178153e-03 5.923924e-04 9.999948e-01 3.143315e+00
9.999406e-01 -6.545828e-04 -1.088288e-02 1.182610e+00 6.576621e-04 9.999997e-01 2.793912e-04 1.611189e-01 1.088269e-02 -2.865325e-04 9.999407e-01 3.770609e+00
9.999934e-01 4.264173e-05 3.635606e-03 3.578138e-01 -4.048027e-05 9.999998e-01 -5.945305e-04 2.119093e-01 -3.635630e-03 5.943801e-04 9.999932e-01 4.319205e+00
9.999511e-01 -1.756306e-04 -9.889443e-03 -6.440355e-02 1.850352e-04 9.999995e-01 9.500923e-04 2.333154e-01 9.889271e-03 -9.518764e-04 9.999506e-01 4.590227e+00
9.999934e-01 2.591697e-04 3.628707e-03 -5.563007e-01 -2.582659e-04 9.999999e-01 -2.494631e-04 2.496018e-01 -3.628771e-03 2.485250e-04 9.999934e-01 4.622343e+00
9.999454e-01 -5.676018e-04 -1.043680e-02 -1.346314e+00 5.712580e-04 9.999998e-01 3.473657e-04 2.882657e-01 1.043660e-02 -3.533095e-04 9.999455e-01 4.858602e+00
9.999947e-01 1.239963e-04 3.249985e-03 -2.155398e+00 -1.229429e-04 9.999999e-01 -3.242569e-04 3.314022e-01 -3.250025e-03 3.238563e-04 9.999947e-01 5.161265e+00
9.999501e-01 -2.837928e-04 -9.981176e-03 -2.689938e+00 2.922495e-04 9.999996e-01 8.458432e-04 3.549673e-01 9.980932e-03 -8.487187e-04 9.999498e-01 5.186777e+00
9.999953e-01 2.820002e-04 3.050103e-03 -2.689250e+00 -2.820757e-04 1.000000e+00 2.441447e-05 3.620984e-01 -3.050096e-03 -2.527405e-05 9.999953e-01 5.093453e+00
9.999278e-01 -1.884262e-04 -1.201220e-02 -2.379342e+00 1.995061e-04 9.999996e-01 9.212183e-04 3.577429e-01 1.201202e-02 -9.235490e-04 9.999274e-01 5.189370e+00
9.999941e-01 2.664738e-04 3.414474e-03 -2.193295e+00 -2.664118e-04 1.000000e+00 -1.854421e-05 3.573953e-01 -3.414478e-03 1.763511e-05 9.999942e-01 5.399934e+00
9.999538e-01 -6.598623e-05 -9.608119e-03 -2.380788e+00 7.406918e-05 9.999996e-01 8.409348e-04 3.615836e-01 9.608059e-03 -8.416083e-04 9.999535e-01 5.549549e+00
9.999929e-01 1.203342e-04 3.761740e-03 -2.707602e+00 -1.211969e-04 1.000000e+00 2.292018e-04 3.699349e-01 -3.761712e-03 -2.296554e-04 9.999929e-01 5.304455e+00
9.999554e-01 -2.040459e-04 -9.447117e-03 -2.896441e+00 2.123492e-04 9.999996e-01 8.779501e-04 3.768106e-01 9.446934e-03 -8.799176e-04 9.999550e-01 4.916658e+00
9.999974e-01 3.838272e-04 2.231706e-03 -3.092018e+00 -3.841143e-04 9.999999e-01 1.283129e-04 3.844642e-01 -2.231656e-03 -1.291691e-04 9.999975e-01 4.887692e+00
9.999549e-01 -1.762864e-04 -9.499911e-03 -3.071727e+00 1.850306e-04 9.999996e-01 9.196032e-04 3.853986e-01 9.499745e-03 -9.213201e-04 9.999545e-01 4.831977e+00
9.999976e-01 4.775021e-04 2.127706e-03 -3.104529e+00 -4.777615e-04 9.999999e-01 1.215342e-04 3.887124e-01 -2.127647e-03 -1.225497e-04 9.999977e-01 4.881060e+00
9.999617e-01 -4.003665e-04 -8.738562e-03 -2.998784e+00 4.069495e-04 9.999996e-01 7.515853e-04 3.849370e-01 8.738258e-03 -7.551133e-04 9.999615e-01 4.983666e+00
9.999994e-01 4.920949e-04 1.012412e-03 -2.668390e+00 -4.926999e-04 9.999997e-01 5.976589e-04 3.762494e-01 -1.012117e-03 -5.981566e-04 9.999993e-01 4.818495e+00
9.999640e-01 -4.155607e-04 -8.470201e-03 -2.359085e+00 4.203042e-04 9.999998e-01 5.582912e-04 3.667857e-01 8.469966e-03 -5.618318e-04 9.999640e-01 4.695723e+00
9.999994e-01 7.159735e-04 8.390040e-04 -2.138418e+00 -7.164642e-04 9.999996e-01 5.849788e-04 3.525761e-01 -8.385845e-04 -5.855789e-04 9.999995e-01 4.788970e+00
9.999491e-01 -5.350077e-04 -1.007636e-02 -1.696608e+00 5.407992e-04 9.999997e-01 5.720733e-04 3.360085e-01 1.007605e-02 -5.774941e-04 9.999491e-01 4.830428e+00
9.999995e-01 6.509795e-04 7.726516e-04 -1.255607e+00 -6.514283e-04 9.999996e-01 5.811556e-04 3.180254e-01 -7.722727e-04 -5.816579e-04 9.999995e-01 4.948247e+00
9.999795e-01 -8.094325e-04 -6.353763e-03 -1.049249e+00 8.152485e-04 9.999993e-01 9.128651e-04 3.196732e-01 6.353019e-03 -9.180269e-04 9.999794e-01 4.188924e+00
9.999982e-01 2.694066e-04 1.890195e-03 -1.143558e+00 -2.705533e-04 9.999998e-01 6.065495e-04 3.292904e-01 -1.890031e-03 -6.070591e-04 9.999980e-01 3.197358e+00
9.999627e-01 -5.010265e-04 -8.625144e-03 -1.280992e+00 5.034021e-04 9.999998e-01 2.732914e-04 3.423640e-01 8.625006e-03 -2.776237e-04 9.999628e-01 2.944498e+00
9.999873e-01 5.108092e-05 5.047573e-03 -1.403332e+00 -5.759513e-05 9.999992e-01 1.290483e-03 3.485672e-01 -5.047502e-03 -1.290756e-03 9.999864e-01 1.901298e+00
9.999436e-01 -1.097583e-04 -1.062235e-02 -1.344135e+00 1.008763e-04 9.999996e-01 -8.366721e-04 3.323776e-01 1.062244e-02 8.355527e-04 9.999432e-01 2.146837e+00
9.999861e-01 1.978192e-04 5.267040e-03 -1.266849e+00 -2.107243e-04 9.999970e-01 2.449786e-03 3.271469e-01 -5.266539e-03 -2.450861e-03 9.999831e-01 1.544023e+00
9.999706e-01 -1.313731e-03 -7.551069e-03 -1.327483e+00 1.309663e-03 9.999990e-01 -5.436444e-04 3.407559e-01 7.551775e-03 5.337384e-04 9.999713e-01 -1.822132e-01
9.999844e-01 3.623073e-04 5.567407e-03 -1.496295e+00 -3.759033e-04 9.999969e-01 2.441277e-03 3.537476e-01 -5.566505e-03 -2.443331e-03 9.999815e-01 -1.907923e+00
9.999545e-01 -8.026525e-04 -9.507290e-03 -1.555324e+00 7.907815e-04 9.999989e-01 -1.252281e-03 3.583916e-01 9.508284e-03 1.244705e-03 9.999540e-01 -2.578393e+00
9.999912e-01 6.199492e-04 4.158629e-03 -2.227991e+00 -6.265048e-04 9.999986e-01 1.575324e-03 3.824636e-01 -4.157646e-03 -1.577915e-03 9.999901e-01 -2.433260e+00
9.999430e-01 -8.986983e-04 -1.064198e-02 -2.944325e+00 8.855356e-04 9.999988e-01 -1.241487e-03 4.098758e-01 1.064308e-02 1.231991e-03 9.999426e-01 -2.383225e+00
9.999949e-01 1.123927e-03 3.005157e-03 -2.847917e+00 -1.131135e-03 9.999965e-01 2.397776e-03 4.100848e-01 -3.002452e-03 -2.401162e-03 9.999926e-01 -2.425432e+00
9.999315e-01 -1.156186e-03 -1.165153e-02 -2.319069e+00 1.144318e-03 9.999988e-01 -1.025118e-03 4.026290e-01 1.165270e-02 1.011714e-03 9.999316e-01 -2.672639e+00
9.999946e-01 1.153440e-03 3.063501e-03 -1.879244e+00 -1.160587e-03 9.999966e-01 2.332182e-03 3.974344e-01 -3.060800e-03 -2.335725e-03 9.999926e-01 -2.824032e+00
9.999315e-01 -1.299781e-03 -1.163016e-02 -1.414617e+00 1.285760e-03 9.999984e-01 -1.212975e-03 3.916113e-01 1.163172e-02 1.197937e-03 9.999316e-01 -2.927468e+00
9.999996e-01 9.178640e-04 3.940567e-05 -6.350030e-01 -9.179536e-04 9.999968e-01 2.345347e-03 3.597705e-01 -3.725259e-05 -2.345381e-03 9.999972e-01 -2.781512e+00
9.999529e-01 -1.389092e-03 -9.602097e-03 9.276458e-02 1.380412e-03 9.999986e-01 -9.104820e-04 3.483694e-01 9.603348e-03 8.971837e-04 9.999535e-01 -3.085416e+00
9.999939e-01 9.199298e-04 3.364612e-03 4.518965e-01 -9.285211e-04 9.999963e-01 2.552833e-03 3.507633e-01 -3.362251e-03 -2.555941e-03 9.999911e-01 -3.941404e+00
9.999532e-01 -9.386104e-04 -9.624685e-03 1.381583e-01 9.245324e-04 9.999985e-01 -1.467011e-03 3.611726e-01 9.626048e-03 1.458043e-03 9.999526e-01 -4.302330e+00
9.999954e-01 8.531657e-04 2.926787e-03 -5.255024e-01 -8.600611e-04 9.999969e-01 2.355610e-03 3.819419e-01 -2.924767e-03 -2.358116e-03 9.999929e-01 -4.590421e+00
9.999603e-01 -1.190489e-03 -8.830617e-03 -5.320906e-01 1.181913e-03 9.999988e-01 -9.762660e-04 3.903778e-01 8.831768e-03 9.657895e-04 9.999605e-01 -5.285629e+00
9.999929e-01 6.318410e-04 3.714666e-03 -5.097733e-01 -6.413909e-04 9.999965e-01 2.570314e-03 3.990968e-01 -3.713028e-03 -2.572677e-03 9.999898e-01 -6.278260e+00
9.999635e-01 -1.172041e-03 -8.460138e-03 -3.750225e-01 1.163936e-03 9.999989e-01 -9.628324e-04 4.054100e-01 8.461257e-03 9.529496e-04 9.999637e-01 -7.301870e+00
9.999950e-01 8.177002e-04 3.065513e-03 -3.269563e-01 -8.250003e-04 9.999968e-01 2.380974e-03 4.082255e-01 -3.063556e-03 -2.383490e-03 9.999925e-01 -8.051473e+00
9.999570e-01 -1.023074e-03 -9.216500e-03 -1.012763e-01 1.016015e-03 9.999992e-01 -7.704902e-04 4.096627e-01 9.217280e-03 7.610923e-04 9.999572e-01 -8.755696e+00
9.999987e-01 7.014616e-04 1.451708e-03 4.064048e-01 -7.044760e-04 9.999976e-01 2.077147e-03 4.034875e-01 -1.450248e-03 -2.078166e-03 9.999968e-01 -9.130206e+00
9.999655e-01 -7.771562e-04 -8.269675e-03 7.566044e-01 7.712326e-04 9.999994e-01 -7.194282e-04 4.003716e-01 8.270229e-03 7.130249e-04 9.999655e-01 -9.514825e+00
9.999984e-01 5.131675e-04 1.720285e-03 1.014651e+00 -5.167106e-04 9.999977e-01 2.060006e-03 3.987114e-01 -1.719224e-03 -2.060891e-03 9.999964e-01 -1.002354e+01
9.999663e-01 -5.285589e-04 -8.188409e-03 1.123823e+00 5.156684e-04 9.999986e-01 -1.576225e-03 3.773484e-01 8.189231e-03 1.571949e-03 9.999652e-01 -9.444772e+00
9.999995e-01 6.057253e-04 -8.278731e-04 1.405276e+00 -6.035280e-04 9.999963e-01 2.651450e-03 3.464828e-01 8.294763e-04 -2.650948e-03 9.999961e-01 -8.903130e+00
9.999696e-01 -5.348272e-04 -7.783061e-03 1.766966e+00 5.219560e-04 9.999985e-01 -1.655644e-03 3.271882e-01 7.783935e-03 1.651530e-03 9.999683e-01 -8.774182e+00
9.999998e-01 6.057559e-04 1.584011e-04 2.025388e+00 -6.062115e-04 9.999956e-01 2.894178e-03 3.183354e-01 -1.566470e-04 -2.894273e-03 9.999958e-01 -8.862465e+00
9.999645e-01 -4.825055e-04 -8.406933e-03 2.359596e+00 4.681884e-04 9.999984e-01 -1.704858e-03 3.067943e-01 8.407742e-03 1.700861e-03 9.999632e-01 -8.917837e+00
9.999987e-01 4.908623e-04 1.505136e-03 2.535932e+00 -4.943823e-04 9.999971e-01 2.339377e-03 2.814485e-01 -1.503983e-03 -2.340118e-03 9.999961e-01 -8.414253e+00
9.999691e-01 -4.607921e-04 -7.844565e-03 2.602917e+00 4.466141e-04 9.999983e-01 -1.808972e-03 2.601171e-01 7.845385e-03 1.805412e-03 9.999676e-01 -7.822093e+00
9.999967e-01 5.724334e-04 2.494602e-03 2.594677e+00 -5.784886e-04 9.999969e-01 2.427411e-03 2.510444e-01 -2.493205e-03 -2.428845e-03 9.999939e-01 -7.489451e+00
9.999677e-01 -5.158643e-04 -8.023005e-03 2.600841e+00 5.002090e-04 9.999980e-01 -1.953141e-03 2.382554e-01 8.023996e-03 1.949064e-03 9.999659e-01 -6.983695e+00
9.999991e-01 5.767376e-04 1.172473e-03 2.704811e+00 -5.799292e-04 9.999961e-01 2.723902e-03 2.204034e-01 -1.170897e-03 -2.724579e-03 9.999956e-01 -6.512644e+00
9.999669e-01 -4.674121e-04 -8.119044e-03 2.842630e+00 4.519276e-04 9.999981e-01 -1.908870e-03 2.056532e-01 8.119920e-03 1.905137e-03 9.999652e-01 -6.244250e+00
9.999978e-01 2.180116e-04 2.090624e-03 2.275311e+00 -2.220704e-04 9.999981e-01 1.941574e-03 2.347534e-01 -2.090197e-03 -1.942033e-03 9.999959e-01 -5.809731e+00
9.999604e-01 -6.412556e-04 -8.877108e-03 1.526805e+00 6.243492e-04 9.999980e-01 -1.907096e-03 2.717333e-01 8.878313e-03 1.901478e-03 9.999588e-01 -5.530783e+00
9.999949e-01 7.732459e-04 3.091753e-03 1.352868e+00 -7.817937e-04 9.999959e-01 2.764576e-03 2.751086e-01 -3.089602e-03 -2.766978e-03 9.999914e-01 -5.462593e+00
9.999658e-01 -7.868939e-04 -8.233981e-03 1.029015e+00 7.679546e-04 9.999971e-01 -2.303006e-03 2.838462e-01 8.235769e-03 2.296604e-03 9.999634e-01 -5.267688e+00
9.999982e-01 9.156611e-04 1.683245e-03 8.514878e-01 -9.211573e-04 9.999942e-01 3.267565e-03 2.858849e-01 -1.680243e-03 -3.269109e-03 9.999932e-01 -5.295437e+00
9.999682e-01 -8.110073e-04 -7.934960e-03 8.599418e-01 7.946286e-04 9.999975e-01 -2.066999e-03 2.836204e-01 7.936616e-03 2.060627e-03 9.999664e-01 -5.551436e+00
9.999970e-01 9.284567e-04 2.255627e-03 7.385928e-01 -9.348781e-04 9.999955e-01 2.847615e-03 2.831913e-01 -2.252972e-03 -2.849715e-03 9.999934e-01 -5.382844e+00
9.999671e-01 -1.182235e-03 -8.028186e-03 1.456738e-01 1.159593e-03 9.999953e-01 -2.824337e-03 3.143798e-01 8.031488e-03 2.814934e-03 9.999638e-01 -4.981297e+00
9.999957e-01 7.832059e-04 2.836334e-03 -4.333956e-01 -7.908614e-04 9.999960e-01 2.699098e-03 3.401689e-01 -2.834209e-03 -2.701329e-03 9.999923e-01 -4.521288e+00
9.999673e-01 -1.211651e-03 -7.991199e-03 -1.002903e+00 1.188756e-03 9.999952e-01 -2.869101e-03 3.573465e-01 7.994637e-03 2.859507e-03 9.999640e-01 -4.008777e+00
9.999954e-01 6.258807e-04 2.953000e-03 -1.713214e+00 -6.331767e-04 9.999967e-01 2.470542e-03 3.838169e-01 -2.951444e-03 -2.472400e-03 9.999926e-01 -3.458812e+00
9.999638e-01 -1.124540e-03 -8.439432e-03 -2.212158e+00 1.100948e-03 9.999955e-01 -2.799584e-03 3.991234e-01 8.442542e-03 2.790190e-03 9.999605e-01 -2.796456e+00
9.999966e-01 6.677481e-04 2.523146e-03 -2.830290e+00 -6.740657e-04 9.999966e-01 2.503996e-03 4.310642e-01 -2.521465e-03 -2.505688e-03 9.999937e-01 -2.198763e+00
9.999663e-01 -1.029566e-03 -8.146372e-03 -3.232975e+00 1.007831e-03 9.999959e-01 -2.671712e-03 4.501837e-01 8.149089e-03 2.663411e-03 9.999632e-01 -1.614687e+00
9.999971e-01 8.760708e-04 2.230515e-03 -3.231410e+00 -8.829677e-04 9.999948e-01 3.093127e-03 4.405431e-01 -2.227793e-03 -3.095087e-03 9.999927e-01 -1.126404e+00
9.999674e-01 -9.760115e-04 -8.018931e-03 -3.399294e+00 9.554713e-04 9.999963e-01 -2.564850e-03 4.437164e-01 8.021405e-03 2.557103e-03 9.999646e-01 -8.002714e-01
9.999965e-01 8.574494e-04 2.505450e-03 -3.805988e+00 -8.646685e-04 9.999955e-01 2.881859e-03 4.605170e-01 -2.502967e-03 -2.884015e-03 9.999927e-01 -5.346105e-01
9.999659e-01 -1.049832e-03 -8.188068e-03 -4.148750e+00 1.029173e-03 9.999963e-01 -2.526813e-03 4.758122e-01 8.190690e-03 2.518299e-03 9.999633e-01 -2.277179e-01
9.999967e-01 9.951754e-04 2.356094e-03 -4.300817e+00 -1.002686e-03 9.999944e-01 3.189070e-03 4.788369e-01 -2.352907e-03 -3.191421e-03 9.999921e-01 -2.827896e-02
9.999675e-01 -1.041793e-03 -7.998329e-03 -4.424101e+00 1.017967e-03 9.999950e-01 -2.982384e-03 4.751057e-01 8.001396e-03 2.974144e-03 9.999636e-01 5.066742e-01
9.999977e-01 6.689629e-04 2.023307e-03 -5.087968e+00 -6.748496e-04 9.999955e-01 2.910394e-03 5.037347e-01 -2.021351e-03 -2.911752e-03 9.999937e-01 9.209006e-01
9.999692e-01 -8.771516e-04 -7.805646e-03 -5.641816e+00 8.565011e-04 9.999961e-01 -2.648481e-03 5.237275e-01 7.807939e-03 2.641713e-03 9.999660e-01 1.089472e+00
9.999985e-01 9.360826e-04 1.483161e-03 -5.869490e+00 -9.410137e-04 9.999940e-01 3.327792e-03 5.317865e-01 -1.480036e-03 -3.329182e-03 9.999934e-01 1.258369e+00
9.999713e-01 -1.096624e-03 -7.492316e-03 -6.342986e+00 1.073459e-03 9.999946e-01 -3.095126e-03 5.551983e-01 7.495670e-03 3.086994e-03 9.999671e-01 1.544515e+00
9.999994e-01 1.011105e-03 4.565532e-04 -6.582243e+00 -1.012830e-03 9.999923e-01 3.795177e-03 5.687330e-01 -4.527122e-04 -3.795637e-03 9.999927e-01 1.730218e+00
9.999783e-01 -9.506589e-04 -6.523645e-03 -6.883574e+00 9.307328e-04 9.999949e-01 -3.056741e-03 5.787259e-01 6.526518e-03 3.050603e-03 9.999740e-01 1.792188e+00
9.999994e-01 9.287181e-04 5.065573e-04 -7.277132e+00 -9.306280e-04 9.999924e-01 3.783926e-03 5.912140e-01 -5.030391e-04 -3.784394e-03 9.999927e-01 1.802347e+00
9.999760e-01 -1.078781e-03 -6.844737e-03 -8.000339e+00 1.055549e-03 9.999937e-01 -3.396805e-03 6.211259e-01 6.848358e-03 3.389498e-03 9.999708e-01 1.888312e+00
9.999994e-01 9.182021e-04 -5.494337e-04 -8.474976e+00 -9.160100e-04 9.999917e-01 3.975984e-03 6.447734e-01 5.530801e-04 -3.975478e-03 9.999919e-01 2.026722e+00
9.999786e-01 -1.170546e-03 -6.435247e-03 -8.182114e+00 1.154820e-03 9.999963e-01 -2.446729e-03 6.451253e-01 6.438087e-03 2.439244e-03 9.999763e-01 1.519665e+00
9.999998e-01 6.205830e-04 -3.391484e-04 -7.768656e+00 -6.191798e-04 9.999913e-01 4.120829e-03 6.469413e-01 3.417030e-04 -4.120617e-03 9.999915e-01 7.407698e-01
9.999799e-01 -6.123383e-04 -6.304905e-03 -7.778946e+00 5.914844e-04 9.999944e-01 -3.308836e-03 6.487213e-01 6.306896e-03 3.305040e-03 9.999746e-01 8.568915e-01
1.000000e+00 2.447848e-04 -1.548270e-04 -8.331895e+00 -2.442415e-04 9.999939e-01 3.496800e-03 6.790782e-01 1.556822e-04 -3.496761e-03 9.999939e-01 1.200417e+00
9.999840e-01 -1.882177e-04 -5.645175e-03 -8.566392e+00 1.727404e-04 9.999962e-01 -2.741984e-03 6.842189e-01 5.645670e-03 2.740964e-03 9.999803e-01 1.245030e+00
9.999997e-01 2.601803e-04 -6.683400e-04 -8.857872e+00 -2.577166e-04 9.999932e-01 3.683067e-03 6.923124e-01 6.692938e-04 -3.682893e-03 9.999930e-01 1.121260e+00
9.999824e-01 -3.570835e-04 -5.921091e-03 -9.045235e+00 3.428706e-04 9.999971e-01 -2.401161e-03 7.016324e-01 5.921931e-03 2.399088e-03 9.999796e-01 6.589586e-01
9.999999e-01 7.050885e-05 4.680057e-04 -9.018184e+00 -7.238174e-05 9.999920e-01 4.003932e-03 7.058407e-01 -4.677195e-04 -4.003965e-03 9.999919e-01 -1.925016e-01
9.999833e-01 -5.913209e-04 -5.741781e-03 -8.855349e+00 5.782059e-04 9.999972e-01 -2.285458e-03 7.118048e-01 5.743116e-03 2.282100e-03 9.999809e-01 -1.239168e+00
1.000000e+00 -3.096500e-05 3.067674e-04 -8.629388e+00 2.976602e-05 9.999924e-01 3.909045e-03 7.177751e-01 -3.068859e-04 -3.909035e-03 9.999923e-01 -2.234887e+00
9.999783e-01 -2.145206e-04 -6.577270e-03 -8.389182e+00 1.973423e-04 9.999966e-01 -2.612245e-03 7.155382e-01 6.577807e-03 2.610890e-03 9.999750e-01 -2.686307e+00
1.000000e+00 7.087067e-05 -1.662377e-04 -8.165757e+00 -7.020960e-05 9.999921e-01 3.970770e-03 7.119427e-01 1.665180e-04 -3.970758e-03 9.999921e-01 -2.944098e+00
9.999823e-01 -2.161065e-04 -5.941087e-03 -8.223408e+00 1.992075e-04 9.999959e-01 -2.844805e-03 7.188879e-01 5.941677e-03 2.843571e-03 9.999783e-01 -3.318526e+00
1.000000e+00 1.592577e-04 1.469978e-04 -8.259330e+00 -1.598365e-04 9.999922e-01 3.949089e-03 7.194152e-01 -1.463676e-04 -3.949112e-03 9.999922e-01 -3.582190e+00
9.999819e-01 -1.463122e-04 -6.021854e-03 -8.535516e+00 1.265152e-04 9.999946e-01 -3.287719e-03 7.234604e-01 6.022302e-03 3.286897e-03 9.999765e-01 -3.438770e+00
9.999999e-01 8.708604e-05 -4.187641e-04 -8.644161e+00 -8.521431e-05 9.999900e-01 4.466579e-03 7.283284e-01 4.191490e-04 -4.466543e-03 9.999899e-01 -3.746641e+00
9.999723e-01 -1.359835e-04 -7.442942e-03 -8.304130e+00 1.133787e-04 9.999954e-01 -3.037354e-03 7.208841e-01 7.443321e-03 3.036425e-03 9.999677e-01 -4.036996e+00
9.999998e-01 -1.401221e-04 5.414255e-04 -8.001013e+00 1.376432e-04 9.999895e-01 4.576650e-03 7.196842e-01 -5.420610e-04 -4.576574e-03 9.999894e-01 -4.591905e+00
9.999826e-01 -1.148136e-04 -5.905777e-03 -7.915014e+00 9.702251e-05 9.999955e-01 -3.012618e-03 7.205015e-01 5.906095e-03 3.011992e-03 9.999780e-01 -5.312736e+00
9.999999e-01 -2.032819e-04 3.473982e-04 -7.737133e+00 2.017062e-04 9.999897e-01 4.530948e-03 7.217454e-01 -3.483155e-04 -4.530877e-03 9.999897e-01 -6.007653e+00
9.999850e-01 -6.762064e-05 -5.477825e-03 -7.596511e+00 5.065053e-05 9.999952e-01 -3.097966e-03 7.228921e-01 5.478008e-03 3.097641e-03 9.999802e-01 -6.704685e+00
9.999998e-01 -1.221717e-04 -5.630098e-04 -7.352515e+00 1.247567e-04 9.999894e-01 4.592967e-03 7.217287e-01 5.624429e-04 -4.593036e-03 9.999893e-01 -7.283921e+00
9.999619e-01 -9.201413e-05 -8.732259e-03 -6.742725e+00 6.440012e-05 9.999950e-01 -3.162477e-03 7.108433e-01 8.732506e-03 3.161793e-03 9.999569e-01 -7.534341e+00
9.999994e-01 7.619931e-05 -1.105319e-03 -6.213359e+00 -7.134183e-05 9.999903e-01 4.393612e-03 6.886523e-01 1.105643e-03 -4.393530e-03 9.999897e-01 -7.440692e+00
9.999647e-01 1.737436e-05 -8.401760e-03 -5.680107e+00 -4.315189e-05 9.999953e-01 -3.067887e-03 6.704064e-01 8.401667e-03 3.068140e-03 9.999600e-01 -7.469835e+00
9.999989e-01 -1.871735e-04 -1.494707e-03 -5.078394e+00 1.937678e-04 9.999902e-01 4.412514e-03 6.581378e-01 1.493867e-03 -4.412798e-03 9.999891e-01 -7.664430e+00
9.999632e-01 2.319484e-04 -8.574661e-03 -4.530226e+00 -2.583859e-04 9.999952e-01 -3.082177e-03 6.385684e-01 8.573905e-03 3.084279e-03 9.999585e-01 -7.646396e+00
9.999992e-01 -2.460186e-04 -1.246785e-03 -3.985976e+00 2.515340e-04 9.999902e-01 4.425105e-03 6.191716e-01 1.245684e-03 -4.425414e-03 9.999894e-01 -7.625575e+00
9.999626e-01 2.651954e-04 -8.641344e-03 -3.429936e+00 -2.920374e-04 9.999951e-01 -3.105070e-03 6.017918e-01 8.640479e-03 3.107477e-03 9.999578e-01 -7.650460e+00
9.999984e-01 -3.677749e-04 -1.743554e-03 -2.794469e+00 3.755734e-04 9.999899e-01 4.474247e-03 5.811368e-01 1.741891e-03 -4.474895e-03 9.999885e-01 -7.656118e+00
9.999638e-01 1.041356e-05 -8.510455e-03 -2.102879e+00 -3.620633e-05 9.999954e-01 -3.030513e-03 5.716153e-01 8.510384e-03 3.030711e-03 9.999592e-01 -7.913840e+00
9.999982e-01 -6.869117e-04 1.750672e-03 -1.665687e+00 6.785974e-04 9.999885e-01 4.745641e-03 5.766425e-01 -1.753911e-03 -4.744444e-03 9.999872e-01 -8.876442e+00
9.999529e-01 1.647923e-04 -9.707957e-03 -1.134842e+00 -1.956750e-04 9.999949e-01 -3.180263e-03 5.778600e-01 9.707384e-03 3.182012e-03 9.999478e-01 -9.547496e+00
9.999978e-01 -2.312210e-04 2.096662e-03 -8.493304e-01 2.228818e-04 9.999921e-01 3.976987e-03 5.587773e-01 -2.097565e-03 -3.976511e-03 9.999899e-01 -9.263806e+00
9.999641e-01 3.718631e-05 -8.468015e-03 -8.833670e-01 -6.661205e-05 9.999940e-01 -3.474618e-03 5.512823e-01 8.467835e-03 3.475057e-03 9.999581e-01 -8.882923e+00
9.999992e-01 -1.430622e-04 1.292809e-03 -9.597849e-01 1.373738e-04 9.999903e-01 4.399357e-03 5.504485e-01 -1.293425e-03 -4.399175e-03 9.999895e-01 -8.828981e+00
9.999571e-01 1.964664e-04 -9.262509e-03 -6.266963e-01 -2.274555e-04 9.999944e-01 -3.344670e-03 5.422429e-01 9.261800e-03 3.346633e-03 9.999515e-01 -8.836159e+00
1.000000e+00 -5.261554e-05 3.059982e-04 -2.903805e-01 5.123114e-05 9.999898e-01 4.523998e-03 5.309422e-01 -3.062330e-04 -4.523981e-03 9.999897e-01 -8.685394e+00
9.999542e-01 7.363385e-05 -9.569943e-03 2.386413e-01 -1.051998e-04 9.999946e-01 -3.297933e-03 5.205000e-01 9.569647e-03 3.298788e-03 9.999488e-01 -8.709277e+00
9.999995e-01 -4.521021e-04 9.268096e-04 9.315384e-01 4.475216e-04 9.999877e-01 4.937070e-03 5.176503e-01 -9.290302e-04 -4.936652e-03 9.999874e-01 -9.203252e+00
9.999538e-01 -1.506618e-04 -9.616025e-03 1.674024e+00 1.192695e-04 9.999947e-01 -3.265020e-03 5.173575e-01 9.616465e-03 3.263722e-03 9.999484e-01 -9.898566e+00
9.999990e-01 -1.103840e-04 1.385793e-03 2.226218e+00 1.038069e-04 9.999887e-01 4.745588e-03 5.131611e-01 -1.386301e-03 -4.745440e-03 9.999878e-01 -1.027911e+01
9.999404e-01 1.332410e-04 -1.091596e-02 2.785724e+00 -1.704770e-04 9.999942e-01 -3.410249e-03 5.012226e-01 1.091544e-02 3.411906e-03 9.999346e-01 -1.036113e+01
9.999993e-01 -1.460252e-04 1.153556e-03 3.381664e+00 1.405855e-04 9.999889e-01 4.714758e-03 4.855174e-01 -1.154232e-03 -4.714592e-03 9.999882e-01 -1.042996e+01
9.999041e-01 1.910072e-06 -1.385041e-02 4.282920e+00 -4.548650e-05 9.999951e-01 -3.145869e-03 4.704674e-01 1.385034e-02 3.146197e-03 9.998991e-01 -1.069281e+01
9.999841e-01 -1.209719e-04 5.646332e-03 4.320617e+00 9.925195e-05 9.999926e-01 3.846939e-03 4.804202e-01 -5.646755e-03 -3.846317e-03 9.999767e-01 -1.055024e+01
9.998877e-01 1.206075e-04 -1.498436e-02 4.406239e+00 -1.657724e-04 9.999954e-01 -3.012898e-03 4.894195e-01 1.498393e-02 3.015044e-03 9.998832e-01 -1.044219e+01
9.999859e-01 -5.684955e-04 5.289231e-03 5.162855e+00 5.429475e-04 9.999882e-01 4.830468e-03 4.902976e-01 -5.291914e-03 -4.827528e-03 9.999743e-01 -1.108951e+01
9.998956e-01 -5.070609e-05 -1.444712e-02 5.933516e+00 4.760108e-06 9.999949e-01 -3.180269e-03 4.906786e-01 1.444721e-02 3.179868e-03 9.998906e-01 -1.177956e+01
9.999816e-01 -2.399130e-04 6.066155e-03 6.268543e+00 2.129243e-04 9.999901e-01 4.449399e-03 4.934897e-01 -6.067162e-03 -4.448025e-03 9.999717e-01 -1.200872e+01
9.998563e-01 1.437067e-05 -1.695113e-02 6.690553e+00 -6.952336e-05 9.999947e-01 -3.253015e-03 5.013598e-01 1.695100e-02 3.253725e-03 9.998510e-01 -1.217083e+01
9.999955e-01 -4.705382e-04 2.951684e-03 7.694669e+00 4.562947e-04 9.999883e-01 4.824543e-03 4.760909e-01 -2.953919e-03 -4.823174e-03 9.999840e-01 -1.215709e+01
9.998282e-01 -1.599021e-04 -1.853358e-02 8.845642e+00 9.839521e-05 9.999945e-01 -3.319510e-03 4.478459e-01 1.853400e-02 3.317115e-03 9.998227e-01 -1.214000e+01
9.999600e-01 -1.582796e-04 8.945378e-03 9.419834e+00 1.166859e-04 9.999892e-01 4.650131e-03 4.445038e-01 -8.946017e-03 -4.648901e-03 9.999492e-01 -1.236094e+01
9.998721e-01 1.486827e-04 -1.599546e-02 9.480610e+00 -2.093831e-04 9.999928e-01 -3.793211e-03 4.513389e-01 1.599478e-02 3.796075e-03 9.998649e-01 -1.229773e+01
9.999629e-01 -2.119672e-04 8.607271e-03 9.834793e+00 1.686329e-04 9.999873e-01 5.035099e-03 4.465002e-01 -8.608229e-03 -5.033460e-03 9.999503e-01 -1.246020e+01
9.998772e-01 1.155883e-04 -1.567125e-02 1.019456e+01 -1.723088e-04 9.999934e-01 -3.618064e-03 4.432263e-01 1.567073e-02 3.620319e-03 9.998707e-01 -1.283458e+01
9.999855e-01 -7.204827e-04 5.335713e-03 1.088022e+01 6.932390e-04 9.999867e-01 5.106111e-03 4.432024e-01 -5.339321e-03 -5.102338e-03 9.999727e-01 -1.314687e+01
9.998348e-01 1.315078e-04 -1.817490e-02 1.184624e+01 -1.958297e-04 9.999937e-01 -3.537288e-03 4.300557e-01 1.817432e-02 3.540262e-03 9.998286e-01 -1.337026e+01
9.999355e-01 -1.552017e-04 1.135794e-02 1.170955e+01 1.063739e-04 9.999908e-01 4.299526e-03 4.369005e-01 -1.135850e-02 -4.298040e-03 9.999263e-01 -1.319842e+01
9.998351e-01 1.564510e-04 -1.815629e-02 1.151139e+01 -2.187154e-04 9.999941e-01 -3.427394e-03 4.460774e-01 1.815565e-02 3.430799e-03 9.998293e-01 -1.325974e+01
9.999267e-01 -8.408700e-04 1.208034e-02 1.187400e+01 7.778802e-04 9.999861e-01 5.218031e-03 4.524873e-01 -1.208456e-02 -5.208251e-03 9.999134e-01 -1.440988e+01
9.998251e-01 3.545622e-04 -1.870071e-02 1.216200e+01 -4.272165e-04 9.999924e-01 -3.881226e-03 4.498457e-01 1.869919e-02 3.888536e-03 9.998176e-01 -1.498733e+01
9.999507e-01 -3.191497e-04 9.923513e-03 1.250124e+01 2.702406e-04 9.999878e-01 4.929608e-03 4.307388e-01 -9.924965e-03 -4.926683e-03 9.999386e-01 -1.476609e+01
9.998059e-01 2.893639e-04 -1.969818e-02 1.307009e+01 -3.614496e-04 9.999933e-01 -3.656022e-03 4.173715e-01 1.969699e-02 3.662432e-03 9.997993e-01 -1.483330e+01
9.999567e-01 -4.700981e-04 9.293633e-03 1.374395e+01 4.236931e-04 9.999874e-01 4.994599e-03 4.054202e-01 -9.295865e-03 -4.990445e-03 9.999443e-01 -1.497731e+01
9.998764e-01 4.618605e-05 -1.571925e-02 1.414556e+01 -1.000192e-04 9.999941e-01 -3.423863e-03 4.089909e-01 1.571900e-02 3.425011e-03 9.998706e-01 -1.572428e+01
9.999517e-01 -5.781811e-04 9.813698e-03 1.445054e+01 5.316049e-04 9.999886e-01 4.748038e-03 4.083034e-01 -9.816331e-03 -4.742591e-03 9.999406e-01 -1.639284e+01
9.998747e-01 2.045138e-04 -1.582865e-02 1.473357e+01 -2.564391e-04 9.999946e-01 -3.278470e-03 4.051617e-01 1.582789e-02 3.282117e-03 9.998693e-01 -1.697846e+01
9.999478e-01 -7.996205e-04 1.018901e-02 1.500866e+01 7.490027e-04 9.999874e-01 4.970776e-03 4.100216e-01 -1.019285e-02 -4.962884e-03 9.999357e-01 -1.795024e+01
9.997697e-01 1.924691e-04 -2.146113e-02 1.597009e+01 -2.660211e-04 9.999941e-01 -3.424391e-03 4.021798e-01 2.146035e-02 3.429311e-03 9.997638e-01 -1.847773e+01
9.999379e-01 -4.624776e-04 1.113104e-02 1.646233e+01 4.117221e-04 9.999895e-01 4.561726e-03 3.939761e-01 -1.113303e-02 -4.556860e-03 9.999276e-01 -1.846186e+01
9.997805e-01 4.550892e-04 -2.094685e-02 1.673675e+01 -5.293265e-04 9.999936e-01 -3.538647e-03 3.914064e-01 2.094511e-02 3.548957e-03 9.997743e-01 -1.828511e+01
9.999386e-01 -5.509674e-04 1.106766e-02 1.718576e+01 4.984844e-04 9.999886e-01 4.744265e-03 3.925011e-01 -1.107015e-02 -4.738457e-03 9.999275e-01 -1.836518e+01
9.998280e-01 9.314416e-05 -1.854370e-02 1.710649e+01 -1.648246e-04 9.999925e-01 -3.863966e-03 4.127081e-01 1.854320e-02 3.866358e-03 9.998206e-01 -1.866593e+01
9.999474e-01 -7.788803e-05 1.025257e-02 1.739360e+01 2.895662e-05 9.999886e-01 4.772717e-03 4.029454e-01 -1.025282e-02 -4.772169e-03 9.999361e-01 -1.855205e+01
9.996783e-01 -5.255469e-04 -2.535701e-02 1.848720e+01 4.340852e-04 9.999934e-01 -3.612305e-03 3.517768e-01 2.535874e-02 3.600136e-03 9.996719e-01 -1.801827e+01
