9.999846e-01 -4.831692e-05 -5.558533e-03 -8.628210e-02 5.187555e-05 9.999998e-01 6.400720e-04 -8.608441e-03 5.558501e-03 -6.403512e-04 9.999843e-01 3.497104e-01
1.000000e+00 -1.903867e-05 8.943882e-05 -1.804814e-01 1.903841e-05 1.000000e+00 3.150792e-06 -1.855705e-02 -8.943854e-05 -3.148377e-06 1.000000e+00 6.616152e-01
9.999828e-01 -1.311292e-04 -5.866069e-03 -3.611570e-01 1.329692e-04 9.999999e-01 3.132880e-04 -2.308139e-02 5.866027e-03 -3.140633e-04 9.999827e-01 1.270346e+00
9.999997e-01 -1.906206e-05 7.326739e-04 -4.377209e-01 1.871645e-05 9.999999e-01 4.717617e-04 -3.126233e-02 -7.326825e-04 -4.717471e-04 9.999996e-01 1.455995e+00
9.999840e-01 -2.560976e-04 -5.652291e-03 -3.979223e-01 2.598092e-04 9.999998e-01 6.559422e-04 -3.716216e-02 5.652121e-03 -6.574010e-04 9.999838e-01 1.191541e+00
9.999998e-01 -5.165269e-05 6.388803e-04 -3.429169e-01 5.132285e-05 9.999999e-01 5.163406e-04 -4.117224e-02 -6.389065e-04 -5.163070e-04 9.999997e-01 7.648286e-01
9.999796e-01 4.415065e-05 -6.392181e-03 -3.736114e-01 -4.185964e-05 9.999999e-01 3.585478e-04 -4.966109e-02 6.392196e-03 -3.582736e-04 9.999795e-01 9.081931e-01
9.999993e-01 -3.053811e-04 1.103765e-03 -3.689873e-01 3.048697e-04 9.999998e-01 4.635589e-04 -5.562432e-02 -1.103906e-03 -4.632214e-04 9.999993e-01 8.837670e-01
9.999748e-01 1.563814e-04 -7.103648e-03 -6.118454e-01 -1.571916e-04 1.000000e+00 -1.134795e-04 -5.712327e-02 7.103630e-03 1.145926e-04 9.999748e-01 1.411912e+00
9.999991e-01 -1.986130e-04 1.343036e-03 -7.301517e-01 1.977726e-04 9.999998e-01 6.258662e-04 -6.374060e-02 -1.343160e-03 -6.255993e-04 9.999989e-01 1.845612e+00
9.999764e-01 3.709392e-06 -6.871423e-03 -7.177105e-01 -3.545952e-06 1.000000e+00 2.380378e-05 -7.264606e-02 6.871423e-03 -2.377956e-05 9.999764e-01 2.095215e+00
9.999984e-01 -2.605153e-04 1.745270e-03 -7.861635e-01 2.590516e-04 9.999996e-01 8.388669e-04 -7.547129e-02 -1.745487e-03 -8.384128e-04 9.999981e-01 2.051129e+00
9.999770e-01 3.091126e-05 -6.776416e-03 -7.737050e-01 -2.967100e-05 1.000000e+00 1.831340e-04 -8.061645e-02 6.776422e-03 -1.829295e-04 9.999770e-01 1.865677e+00
9.999978e-01 -2.951819e-04 2.072607e-03 -9.065119e-01 2.937223e-04 9.999997e-01 7.045085e-04 -8.211051e-02 -2.072814e-03 -7.038975e-04 9.999976e-01 1.787555e+00
9.999730e-01 1.928519e-04 -7.341090e-03 -1.043496e+00 -1.928952e-04 1.000000e+00 -5.182162e-06 -8.921650e-02 7.341088e-03 6.597373e-06 9.999731e-01 2.012190e+00
9.999981e-01 -3.283050e-04 1.897813e-03 -1.258313e+00 3.269822e-04 9.999997e-01 6.973254e-04 -8.897008e-02 -1.898041e-03 -6.967028e-04 9.999980e-01 2.174559e+00
9.999821e-01 9.273131e-05 -5.988253e-03 -1.406111e+00 -8.863045e-05 9.999998e-01 6.850885e-04 -8.619971e-02 5.988315e-03 -6.845462e-04 9.999818e-01 1.564814e+00
9.999981e-01 -4.368780e-04 1.906065e-03 -1.451944e+00 4.354623e-04 9.999996e-01 7.431250e-04 -8.386743e-02 -1.906388e-03 -7.422929e-04 9.999979e-01 8.078583e-01
9.999788e-01 1.986338e-04 -6.511002e-03 -1.620004e+00 -1.952338e-04 9.999998e-01 5.228418e-04 -7.855974e-02 6.511104e-03 -5.215602e-04 9.999787e-01 2.515706e-01
9.999980e-01 -5.278194e-04 1.908619e-03 -1.742739e+00 5.263973e-04 9.999996e-01 7.455615e-04 -7.273275e-02 -1.909011e-03 -7.445546e-04 9.999979e-01 -3.732604e-01
9.999782e-01 2.221267e-04 -6.603065e-03 -1.783941e+00 -2.191905e-04 9.999999e-01 4.454005e-04 -7.062105e-02 6.603162e-03 -4.439442e-04 9.999781e-01 -8.806979e-01
9.999979e-01 -5.578967e-04 1.958344e-03 -1.870807e+00 5.559438e-04 9.999993e-01 9.976239e-04 -6.529399e-02 -1.958899e-03 -9.965324e-04 9.999976e-01 -1.642750e+00
9.999818e-01 4.040620e-05 -6.030919e-03 -1.908540e+00 -3.694708e-05 9.999998e-01 5.736852e-04 -5.975348e-02 6.030941e-03 -5.734526e-04 9.999816e-01 -2.659725e+00
9.999997e-01 -4.249200e-04 6.206291e-04 -1.722894e+00 4.244093e-04 9.999996e-01 8.228705e-04 -6.178203e-02 -6.209781e-04 -8.226061e-04 9.999995e-01 -3.295879e+00
9.999697e-01 3.262381e-04 -7.774681e-03 -1.452409e+00 -3.259820e-04 9.999999e-01 3.422070e-05 -7.503667e-02 7.774692e-03 -3.168597e-05 9.999698e-01 -3.210708e+00
9.999981e-01 -4.949803e-04 1.859030e-03 -1.496537e+00 4.936618e-04 9.999996e-01 7.096635e-04 -8.104866e-02 -1.859381e-03 -7.087437e-04 9.999980e-01 -3.038408e+00
9.999540e-01 3.802731e-04 -9.586031e-03 -1.205426e+00 -3.789759e-04 9.999999e-01 1.371395e-04 -9.696361e-02 9.586082e-03 -1.335010e-04 9.999540e-01 -2.783744e+00
9.999964e-01 -7.887454e-04 2.572864e-03 -8.897802e-01 7.860499e-04 9.999991e-01 1.048511e-03 -1.026949e-01 -2.573688e-03 -1.046484e-03 9.999961e-01 -3.040119e+00
9.999773e-01 2.231081e-04 -6.728063e-03 -1.011590e+00 -2.215014e-04 9.999999e-01 2.395685e-04 -9.163354e-02 6.728116e-03 -2.380735e-04 9.999773e-01 -3.839614e+00
9.999982e-01 -5.274399e-04 1.821047e-03 -1.581973e+00 5.266419e-04 9.999998e-01 4.387127e-04 -7.097218e-02 -1.821278e-03 -4.377522e-04 9.999982e-01 -4.009310e+00
9.999717e-01 2.804765e-04 -7.522506e-03 -2.213249e+00 -2.819521e-04 9.999999e-01 -1.950874e-04 -4.639017e-02 7.522451e-03 1.972021e-04 9.999717e-01 -3.814941e+00
9.999999e-01 -3.843285e-04 -2.029718e-04 -1.997007e+00 3.845548e-04 9.999993e-01 1.115699e-03 -5.659744e-02 2.025432e-04 -1.115776e-03 9.999994e-01 -3.626963e+00
9.999850e-01 6.169219e-06 -5.476080e-03 -1.755933e+00 -3.945687e-06 9.999999e-01 4.060698e-04 -5.411400e-02 5.476082e-03 -4.060428e-04 9.999849e-01 -4.390823e+00
9.999995e-01 -5.866303e-04 8.531603e-04 -1.621197e+00 5.855879e-04 9.999991e-01 1.221717e-03 -4.886111e-02 -8.538759e-04 -1.221216e-03 9.999989e-01 -5.432630e+00
9.999835e-01 2.503721e-04 -5.730392e-03 -1.509409e+00 -2.483964e-04 9.999999e-01 3.455013e-04 -4.714298e-02 5.730478e-03 -3.440729e-04 9.999835e-01 -6.253775e+00
9.999994e-01 -5.496892e-04 9.052544e-04 -1.445350e+00 5.485636e-04 9.999991e-01 1.243261e-03 -4.579117e-02 -9.059366e-04 -1.242763e-03 9.999988e-01 -7.060032e+00
9.999811e-01 4.055773e-04 -6.139079e-03 -1.785083e+00 -4.054165e-04 9.999999e-01 2.745559e-05 -3.663852e-02 6.139090e-03 -2.496689e-05 9.999812e-01 -7.603824e+00
9.999992e-01 -5.125484e-04 1.119422e-03 -2.046497e+00 5.111438e-04 9.999991e-01 1.254683e-03 -3.029256e-02 -1.120063e-03 -1.254109e-03 9.999986e-01 -8.116540e+00
9.999815e-01 4.372363e-04 -6.075216e-03 -2.219910e+00 -4.365289e-04 9.999999e-01 1.177793e-04 -2.739026e-02 6.075267e-03 -1.151259e-04 9.999815e-01 -8.648672e+00
9.999997e-01 -4.497907e-04 6.006405e-04 -2.437814e+00 4.491124e-04 9.999993e-01 1.129096e-03 -2.272563e-02 -6.011476e-04 -1.128825e-03 9.999992e-01 -9.067346e+00
9.999818e-01 4.738718e-04 -6.018312e-03 -2.601083e+00 -4.729072e-04 9.999999e-01 1.617203e-04 -2.035247e-02 6.018388e-03 -1.588719e-04 9.999819e-01 -9.495141e+00
9.999994e-01 -5.425687e-04 9.117658e-04 -2.740176e+00 5.414631e-04 9.999991e-01 1.212504e-03 -1.790210e-02 -9.124225e-04 -1.212009e-03 9.999988e-01 -1.003624e+01
9.999791e-01 5.242894e-04 -6.445413e-03 -3.185984e+00 -5.239943e-04 9.999999e-01 4.748407e-05 -7.809518e-03 6.445437e-03 -4.410642e-05 9.999792e-01 -1.051120e+01
9.999987e-01 -6.601951e-04 1.447040e-03 -3.510452e+00 6.582496e-04 9.999989e-01 1.344628e-03 -5.612755e-04 -1.447926e-03 -1.343673e-03 9.999980e-01 -1.114577e+01
9.999807e-01 4.789676e-04 -6.196324e-03 -3.917247e+00 -4.785739e-04 9.999999e-01 6.502694e-05 9.222031e-03 6.196354e-03 -6.206099e-05 9.999808e-01 -1.183896e+01
9.999999e-01 -3.495615e-04 2.470251e-04 -3.923803e+00 3.492646e-04 9.999992e-01 1.200976e-03 6.103831e-03 -2.474443e-04 -1.200889e-03 9.999992e-01 -1.211744e+01
9.999598e-01 4.761270e-04 -8.948686e-03 -3.505678e+00 -4.755115e-04 9.999999e-01 7.092111e-05 -6.756430e-03 8.948718e-03 -6.666376e-05 9.999600e-01 -1.215813e+01
9.999996e-01 -3.338485e-04 8.576020e-04 -3.156903e+00 3.328117e-04 9.999992e-01 1.208912e-03 -1.652210e-02 -8.580045e-04 -1.208626e-03 9.999989e-01 -1.223716e+01
9.999692e-01 5.575771e-04 -7.828831e-03 -3.105387e+00 -5.590077e-04 9.999998e-01 -1.805298e-04 -1.938931e-02 7.828729e-03 1.848999e-04 9.999693e-01 -1.226380e+01
9.999986e-01 -3.565198e-04 1.613991e-03 -3.281545e+00 3.543072e-04 9.999990e-01 1.371084e-03 -1.737633e-02 -1.614478e-03 -1.370509e-03 9.999978e-01 -1.247144e+01
9.999686e-01 3.557803e-04 -7.916739e-03 -3.394203e+00 -3.571336e-04 9.999999e-01 -1.695119e-04 -1.386225e-02 7.916677e-03 1.723332e-04 9.999686e-01 -1.280385e+01
9.999969e-01 -3.598525e-04 2.450985e-03 -3.836248e+00 3.564610e-04 9.999990e-01 1.384100e-03 -3.722011e-03 -2.451480e-03 -1.383221e-03 9.999960e-01 -1.323498e+01
9.999811e-01 2.004676e-05 -6.148550e-03 -4.022473e+00 -1.861251e-05 1.000000e+00 2.333420e-04 4.301197e-04 6.148555e-03 -2.332238e-04 9.999811e-01 -1.422798e+01
9.999966e-01 -5.455419e-04 2.544896e-03 -4.049653e+00 5.419499e-04 9.999989e-01 1.411991e-03 4.839023e-03 -2.545663e-03 -1.410606e-03 9.999958e-01 -1.524768e+01
9.999571e-01 -1.539600e-05 -9.266912e-03 -3.625709e+00 1.696215e-05 1.000000e+00 1.689382e-04 8.181161e-03 9.266909e-03 -1.690889e-04 9.999570e-01 -1.608966e+01
9.999953e-01 -5.722854e-04 2.999273e-03 -3.348682e+00 5.681079e-04 9.999989e-01 1.393546e-03 9.824244e-03 -3.000067e-03 -1.391835e-03 9.999945e-01 -1.687522e+01
9.999801e-01 2.078724e-04 -6.299067e-03 -3.541361e+00 -2.059213e-04 9.999999e-01 3.104145e-04 1.335236e-02 6.299131e-03 -3.091119e-04 9.999801e-01 -1.789326e+01
9.999997e-01 -6.834631e-04 -1.865330e-04 -3.148888e+00 6.836856e-04 9.999991e-01 1.195037e-03 1.291309e-02 1.857163e-04 -1.195163e-03 9.999993e-01 -1.858520e+01
9.999940e-01 2.736296e-04 -3.443409e-03 -3.203692e+00 -2.721483e-04 9.999999e-01 4.306723e-04 1.543678e-02 3.443526e-03 -4.297334e-04 9.999940e-01 -1.951923e+01
9.999994e-01 -9.165220e-04 5.598737e-04 -3.281493e+00 9.157786e-04 9.999987e-01 1.326845e-03 2.233829e-02 -5.610887e-04 -1.326331e-03 9.999990e-01 -2.079585e+01
9.999929e-01 2.375575e-04 -3.765487e-03 -3.317647e+00 -2.359617e-04 9.999999e-01 4.242715e-04 2.920850e-02 3.765587e-03 -4.233806e-04 9.999928e-01 -2.204469e+01
9.999983e-01 -5.625212e-04 -1.737769e-03 -3.113489e+00 5.643191e-04 9.999993e-01 1.034162e-03 3.058353e-02 1.737186e-03 -1.035140e-03 9.999980e-01 -2.272693e+01
9.999929e-01 3.754636e-04 -3.762541e-03 -2.981688e+00 -3.735615e-04 9.999998e-01 5.062482e-04 3.042266e-02 3.762730e-03 -5.048397e-04 9.999928e-01 -2.341372e+01
9.999995e-01 -9.322809e-04 -3.248093e-04 -2.917249e+00 9.326640e-04 9.999989e-01 1.180870e-03 3.464584e-02 3.237084e-04 -1.181172e-03 9.999992e-01 -2.447138e+01
9.999668e-01 5.238210e-05 -8.143143e-03 -2.239352e+00 -4.803646e-05 9.999999e-01 5.338670e-04 3.596974e-02 8.143170e-03 -5.334589e-04 9.999667e-01 -2.535966e+01
9.999991e-01 -1.159836e-03 6.931660e-04 -1.679087e+00 1.158903e-03 9.999984e-01 1.345878e-03 4.080461e-02 -6.947256e-04 -1.345072e-03 9.999989e-01 -2.644214e+01
9.999938e-01 5.725575e-04 -3.475166e-03 -1.825253e+00 -5.710789e-04 9.999997e-01 4.264723e-04 4.746032e-02 3.475409e-03 -4.244858e-04 9.999939e-01 -2.772153e+01
9.999994e-01 -1.060573e-03 -2.930804e-06 -1.889239e+00 1.060576e-03 9.999987e-01 1.239385e-03 5.183426e-02 1.616675e-06 -1.239386e-03 9.999992e-01 -2.881267e+01
9.999811e-01 5.989040e-04 -6.124922e-03 -1.575295e+00 -5.971043e-04 9.999998e-01 2.956747e-04 5.300310e-02 6.125098e-03 -2.920126e-04 9.999812e-01 -2.953681e+01
9.999992e-01 -1.044454e-03 7.178112e-04 -1.386862e+00 1.043517e-03 9.999986e-01 1.305492e-03 5.510408e-02 -7.191734e-04 -1.304742e-03 9.999989e-01 -3.032616e+01
9.999879e-01 5.998182e-04 -4.886103e-03 -1.368185e+00 -5.987469e-04 9.999998e-01 2.207491e-04 5.856148e-02 4.886234e-03 -2.178216e-04 9.999880e-01 -3.125041e+01
9.999991e-01 -1.183785e-03 6.292466e-04 -1.312345e+00 1.182876e-03 9.999983e-01 1.444226e-03 6.297657e-02 -6.309548e-04 -1.443480e-03 9.999988e-01 -3.229166e+01
9.999923e-01 6.083566e-04 -3.877184e-03 -1.490099e+00 -6.071783e-04 9.999998e-01 3.051155e-04 7.110433e-02 3.877369e-03 -3.027597e-04 9.999924e-01 -3.346889e+01
9.999992e-01 -1.202686e-03 3.191627e-04 -1.544623e+00 1.202243e-03 9.999983e-01 1.385355e-03 7.709430e-02 -3.208280e-04 -1.384970e-03 9.999990e-01 -3.459688e+01
9.999919e-01 8.637364e-04 -3.926880e-03 -1.610733e+00 -8.637280e-04 9.999996e-01 3.870133e-06 7.963901e-02 3.926882e-03 -4.790378e-07 9.999923e-01 -3.535338e+01
9.999991e-01 -1.193572e-03 6.356740e-04 -1.974479e+00 1.192500e-03 9.999979e-01 1.684494e-03 8.822969e-02 -6.376829e-04 -1.683733e-03 9.999984e-01 -3.630964e+01
9.999909e-01 6.820784e-04 -4.204829e-03 -2.561207e+00 -6.818529e-04 9.999998e-01 5.510952e-05 1.052288e-01 4.204865e-03 -5.224264e-05 9.999912e-01 -3.749976e+01
9.999991e-01 -1.173129e-03 7.019318e-04 -3.160765e+00 1.171951e-03 9.999979e-01 1.676711e-03 1.223472e-01 -7.038970e-04 -1.675886e-03 9.999983e-01 -3.865395e+01
9.999930e-01 5.881902e-04 -3.687927e-03 -3.605440e+00 -5.875961e-04 9.999998e-01 1.621953e-04 1.359475e-01 3.688021e-03 -1.600278e-04 9.999932e-01 -4.000838e+01
9.999984e-01 -1.288122e-03 1.223088e-03 -3.936366e+00 1.285945e-03 9.999976e-01 1.779059e-03 1.480274e-01 -1.225376e-03 -1.777483e-03 9.999977e-01 -4.142039e+01
9.999910e-01 6.865851e-04 -4.196804e-03 -4.395845e+00 -6.863274e-04 9.999998e-01 6.287951e-05 1.624279e-01 4.196846e-03 -5.999925e-05 9.999912e-01 -4.275754e+01
9.999985e-01 -1.286911e-03 1.141580e-03 -4.761119e+00 1.284923e-03 9.999977e-01 1.740593e-03 1.753698e-01 -1.143817e-03 -1.739123e-03 9.999978e-01 -4.402449e+01
9.999888e-01 7.786533e-04 -4.663067e-03 -5.130005e+00 -7.787878e-04 9.999997e-01 -2.700258e-05 1.873585e-01 4.663045e-03 3.063313e-05 9.999891e-01 -4.516118e+01
9.999959e-01 -1.540697e-03 2.411015e-03 -5.449167e+00 1.535948e-03 9.999969e-01 1.970418e-03 1.995260e-01 -2.414043e-03 -1.966706e-03 9.999952e-01 -4.667291e+01
9.999876e-01 6.486981e-04 -4.935575e-03 -5.771146e+00 -6.487539e-04 9.999998e-01 -9.680105e-06 2.154223e-01 4.935567e-03 1.288127e-05 9.999878e-01 -4.825231e+01
9.999949e-01 -1.540322e-03 2.782893e-03 -5.992872e+00 1.534798e-03 9.999968e-01 1.986309e-03 2.279616e-01 -2.785943e-03 -1.982027e-03 9.999942e-01 -4.986679e+01
9.999828e-01 8.874796e-04 -5.801485e-03 -6.218574e+00 -8.886868e-04 9.999996e-01 -2.054877e-04 2.382332e-01 5.801300e-03 2.106392e-04 9.999832e-01 -5.116724e+01
9.999923e-01 -1.727160e-03 3.537813e-03 -6.361801e+00 1.719667e-03 9.999963e-01 2.120091e-03 2.488598e-01 -3.541461e-03 -2.113990e-03 9.999915e-01 -5.270554e+01
9.999767e-01 8.352088e-04 -6.776108e-03 -6.314608e+00 -8.363342e-04 9.999996e-01 -1.632212e-04 2.609399e-01 6.775969e-03 1.688838e-04 9.999770e-01 -5.427836e+01
9.999966e-01 -1.784351e-03 1.907245e-03 -6.088972e+00 1.780649e-03 9.999965e-01 1.940927e-03 2.727504e-01 -1.910701e-03 -1.937524e-03 9.999963e-01 -5.564288e+01
9.999784e-01 1.286123e-03 -6.448558e-03 -5.990171e+00 -1.288187e-03 9.999991e-01 -3.158615e-04 2.772442e-01 6.448146e-03 3.241609e-04 9.999792e-01 -5.662190e+01
9.999970e-01 -1.815329e-03 1.629565e-03 -5.842306e+00 1.811966e-03 9.999962e-01 2.063035e-03 2.842550e-01 -1.633304e-03 -2.060076e-03 9.999965e-01 -5.769421e+01
9.999676e-01 1.300862e-03 -7.943710e-03 -5.548057e+00 -1.304681e-03 9.999990e-01 -4.755396e-04 2.891019e-01 7.943083e-03 4.858875e-04 9.999683e-01 -5.856585e+01
9.999962e-01 -1.884318e-03 2.025591e-03 -5.258261e+00 1.879902e-03 9.999959e-01 2.179950e-03 2.951930e-01 -2.029690e-03 -2.176133e-03 9.999956e-01 -5.957512e+01
9.999699e-01 1.453669e-03 -7.624695e-03 -5.358401e+00 -1.460682e-03 9.999985e-01 -9.143145e-04 3.105138e-01 7.623354e-03 9.254235e-04 9.999705e-01 -6.021752e+01
9.999978e-01 -2.025634e-03 -4.574911e-04 -5.747016e+00 2.026218e-03 9.999971e-01 1.279541e-03 3.490523e-01 4.548983e-04 -1.280465e-03 9.999991e-01 -6.011260e+01
9.999544e-01 1.713922e-03 -9.399181e-03 -5.440238e+00 -1.716970e-03 9.999985e-01 -3.162277e-04 3.630480e-01 9.398624e-03 3.323507e-04 9.999558e-01 -6.031948e+01
9.999976e-01 -2.137293e-03 5.115939e-04 -4.980022e+00 2.136368e-03 9.999961e-01 1.801625e-03 3.731562e-01 -5.154422e-04 -1.800527e-03 9.999982e-01 -6.087442e+01
9.999585e-01 1.352992e-03 -9.009670e-03 -4.512139e+00 -1.357791e-03 9.999989e-01 -5.265747e-04 3.862688e-01 9.008948e-03 5.387854e-04 9.999593e-01 -6.162640e+01
9.999857e-01 -1.870319e-03 5.000475e-03 -4.551477e+00 1.859614e-03 9.999960e-01 2.144607e-03 3.924408e-01 -5.004466e-03 -2.135277e-03 9.999852e-01 -6.266517e+01
9.999475e-01 1.540852e-03 -1.013368e-02 -4.653998e+00 -1.546798e-03 9.999986e-01 -5.788887e-04 4.003170e-01 1.013277e-02 5.945324e-04 9.999485e-01 -6.350859e+01
9.999846e-01 -2.133304e-03 5.126770e-03 -4.741727e+00 2.122548e-03 9.999955e-01 2.102517e-03 4.128047e-01 -5.131232e-03 -2.091602e-03 9.999846e-01 -6.444885e+01
9.999634e-01 1.434551e-03 -8.431368e-03 -4.829893e+00 -1.437147e-03 9.999989e-01 -3.017995e-04 4.210486e-01 8.430926e-03 3.139049e-04 9.999644e-01 -6.580458e+01
9.999856e-01 -2.177669e-03 4.898453e-03 -4.843321e+00 2.167501e-03 9.999955e-01 2.080117e-03 4.291980e-01 -4.902960e-03 -2.069469e-03 9.999858e-01 -6.710620e+01
9.999713e-01 1.211192e-03 -7.477453e-03 -4.918339e+00 -1.212514e-03 9.999993e-01 -1.721872e-04 4.414791e-01 7.477239e-03 1.812481e-04 9.999720e-01 -6.869939e+01
9.999937e-01 -1.898299e-03 3.001965e-03 -4.869190e+00 1.892914e-03 9.999966e-01 1.795742e-03 4.490760e-01 -3.005364e-03 -1.790047e-03 9.999939e-01 -6.980046e+01
9.999487e-01 1.714388e-03 -9.987108e-03 -4.830869e+00 -1.719799e-03 9.999984e-01 -5.332522e-04 4.576272e-01 9.986178e-03 5.504000e-04 9.999500e-01 -7.019290e+01
9.999964e-01 -2.120196e-03 1.653951e-03 -4.826680e+00 2.117667e-03 9.999966e-01 1.529537e-03 4.792418e-01 -1.657188e-03 -1.526028e-03 9.999975e-01 -7.049992e+01
9.999715e-01 1.674814e-03 -7.359923e-03 -5.135378e+00 -1.678251e-03 9.999985e-01 -4.607871e-04 4.998822e-01 7.359140e-03 4.731251e-04 9.999728e-01 -7.107317e+01
9.999905e-01 -2.325034e-03 3.687370e-03 -5.725425e+00 2.317215e-03 9.999951e-01 2.123556e-03 5.211291e-01 -3.692288e-03 -2.114991e-03 9.999909e-01 -7.230217e+01
9.999654e-01 1.863336e-03 -8.102110e-03 -6.086466e+00 -1.868277e-03 9.999981e-01 -6.022573e-04 5.353765e-01 8.100972e-03 6.173728e-04 9.999670e-01 -7.327410e+01
9.999922e-01 -2.348250e-03 3.178217e-03 -6.101379e+00 2.341968e-03 9.999953e-01 1.978755e-03 5.436911e-01 -3.182849e-03 -1.971295e-03 9.999930e-01 -7.404968e+01
9.999408e-01 2.168438e-03 -1.066702e-02 -6.257506e+00 -2.182333e-03 9.999968e-01 -1.291163e-03 5.648149e-01 1.066419e-02 1.314365e-03 9.999423e-01 -7.397354e+01
9.999956e-01 -2.975201e-03 -6.571192e-05 -6.492483e+00 2.975297e-03 9.999944e-01 1.514580e-03 6.176549e-01 6.120569e-05 -1.514768e-03 9.999989e-01 -7.380367e+01
9.999529e-01 2.067732e-03 -9.481953e-03 -6.167298e+00 -2.070871e-03 9.999978e-01 -3.212058e-04 6.445375e-01 9.481268e-03 3.408259e-04 9.999550e-01 -7.435155e+01
9.999935e-01 -3.554174e-03 -6.155480e-04 -6.012478e+00 3.554719e-03 9.999933e-01 8.869329e-04 6.911467e-01 6.123919e-04 -8.891145e-04 9.999994e-01 -7.457861e+01
9.999561e-01 2.151368e-03 -9.121974e-03 -5.983865e+00 -2.155776e-03 9.999976e-01 -4.734060e-04 7.380839e-01 9.120933e-03 4.930495e-04 9.999583e-01 -7.469072e+01
9.999911e-01 -2.917297e-03 -3.055180e-03 -5.108592e+00 2.923212e-03 9.999939e-01 1.933216e-03 7.391642e-01 3.049522e-03 -1.942129e-03 9.999935e-01 -7.501538e+01
9.999821e-01 2.176584e-03 -5.580762e-03 -4.454488e+00 -2.177788e-03 9.999976e-01 -2.096784e-04 7.484281e-01 5.580292e-03 2.218277e-04 9.999844e-01 -7.592609e+01
9.999962e-01 -2.683687e-03 6.241810e-04 -4.318482e+00 2.682568e-03 9.999948e-01 1.786918e-03 7.517407e-01 -6.289729e-04 -1.785236e-03 9.999982e-01 -7.681210e+01
9.999837e-01 2.221795e-03 -5.266601e-03 -4.266967e+00 -2.223386e-03 9.999975e-01 -2.962215e-04 7.567341e-01 5.265929e-03 3.079257e-04 9.999861e-01 -7.767029e+01
9.999957e-01 -2.473580e-03 -1.574285e-03 -3.981129e+00 2.476001e-03 9.999958e-01 1.537975e-03 7.568792e-01 1.570474e-03 -1.541866e-03 9.999976e-01 -7.805517e+01
9.999817e-01 2.248890e-03 -5.618618e-03 -3.604933e+00 -2.250547e-03 9.999974e-01 -2.884287e-04 7.509919e-01 5.617954e-03 3.010677e-04 9.999842e-01 -7.830213e+01
9.999963e-01 -2.621059e-03 7.866426e-04 -3.539291e+00 2.619668e-03 9.999950e-01 1.764864e-03 7.553529e-01 -7.912642e-04 -1.762796e-03 9.999981e-01 -7.912220e+01
9.999863e-01 2.044157e-03 -4.825399e-03 -3.611492e+00 -2.044750e-03 9.999979e-01 -1.177934e-04 7.628023e-01 4.825148e-03 1.276578e-04 9.999884e-01 -8.016294e+01
9.999967e-01 -2.491367e-03 6.554577e-04 -3.856513e+00 2.490389e-03 9.999958e-01 1.488927e-03 7.746515e-01 -6.591641e-04 -1.487289e-03 9.999987e-01 -8.097062e+01
9.999705e-01 2.110763e-03 -7.387927e-03 -3.564355e+00 -2.113931e-03 9.999977e-01 -4.209694e-04 7.670789e-01 7.387021e-03 4.365738e-04 9.999726e-01 -8.116601e+01
9.999952e-01 -2.189339e-03 -2.193002e-03 -3.052587e+00 2.192701e-03 9.999964e-01 1.531903e-03 7.521876e-01 2.189640e-03 -1.536704e-03 9.999964e-01 -8.116667e+01
9.999749e-01 1.496948e-03 -6.927057e-03 -2.598300e+00 -1.499509e-03 9.999988e-01 -3.643975e-04 7.691917e-01 6.926503e-03 3.747749e-04 9.999759e-01 -8.147686e+01
9.999977e-01 -1.986525e-03 -7.787214e-04 -2.026780e+00 1.988020e-03 9.999962e-01 1.923834e-03 7.717313e-01 7.748970e-04 -1.925377e-03 9.999978e-01 -8.221174e+01
9.999654e-01 1.368954e-03 -8.207139e-03 -1.658980e+00 -1.374630e-03 9.999988e-01 -6.859871e-04 7.916219e-01 8.206190e-03 6.972445e-04 9.999661e-01 -8.268639e+01
9.999950e-01 -1.709314e-03 -2.675539e-03 -1.060594e+00 1.714497e-03 9.999967e-01 1.936001e-03 7.949790e-01 2.672221e-03 -1.940577e-03 9.999945e-01 -8.286857e+01
9.999652e-01 1.570262e-03 -8.192630e-03 -4.140981e-01 -1.574909e-03 9.999986e-01 -5.608159e-04 7.974936e-01 8.191737e-03 5.736984e-04 9.999663e-01 -8.308334e+01
9.999948e-01 -1.764165e-03 -2.703891e-03 2.954541e-01 1.768905e-03 9.999969e-01 1.751434e-03 7.809448e-01 2.700793e-03 -1.756207e-03 9.999948e-01 -8.316544e+01
9.999558e-01 1.616970e-03 -9.266018e-03 1.005535e+00 -1.620844e-03 9.999986e-01 -4.106299e-04 7.691198e-01 9.265341e-03 4.256298e-04 9.999570e-01 -8.320228e+01
9.999974e-01 -1.679045e-03 -1.567993e-03 1.667861e+00 1.681651e-03 9.999972e-01 1.662325e-03 7.515437e-01 1.565198e-03 -1.664957e-03 9.999974e-01 -8.323730e+01
9.999502e-01 1.697500e-03 -9.834964e-03 2.351809e+00 -1.701315e-03 9.999985e-01 -3.795032e-04 7.297079e-01 9.834304e-03 3.962160e-04 9.999516e-01 -8.321415e+01
9.999985e-01 -1.656908e-03 -5.173260e-04 2.975144e+00 1.657798e-03 9.999971e-01 1.724121e-03 7.160191e-01 5.144681e-04 -1.724975e-03 9.999984e-01 -8.331906e+01
9.999489e-01 1.665454e-03 -9.969823e-03 3.611728e+00 -1.671841e-03 9.999984e-01 -6.322831e-04 6.940808e-01 9.968754e-03 6.489181e-04 9.999501e-01 -8.328934e+01
9.999930e-01 -1.716359e-03 -3.333796e-03 4.416475e+00 1.723262e-03 9.999964e-01 2.068697e-03 6.733376e-01 3.330234e-03 -2.074427e-03 9.999923e-01 -8.332831e+01
9.999701e-01 1.466484e-03 -7.594424e-03 5.029548e+00 -1.475364e-03 9.999982e-01 -1.163754e-03 6.564285e-01 7.592704e-03 1.174923e-03 9.999705e-01 -8.320514e+01
9.999987e-01 -1.575494e-03 3.602890e-04 5.286899e+00 1.574622e-03 9.999959e-01 2.407115e-03 6.470624e-01 -3.640796e-04 -2.406544e-03 9.999970e-01 -8.341123e+01
9.999779e-01 1.283632e-03 -6.522486e-03 5.477285e+00 -1.292437e-03 9.999983e-01 -1.345809e-03 6.387999e-01 6.520747e-03 1.354208e-03 9.999778e-01 -8.363285e+01
9.999990e-01 -1.356343e-03 -4.427880e-04 5.658389e+00 1.357442e-03 9.999960e-01 2.489206e-03 6.319672e-01 4.394102e-04 -2.489804e-03 9.999968e-01 -8.375597e+01
9.999775e-01 9.534452e-04 -6.636319e-03 6.059990e+00 -9.623776e-04 9.999986e-01 -1.342897e-03 6.258361e-01 6.635029e-03 1.349253e-03 9.999771e-01 -8.401481e+01
9.999991e-01 -1.318896e-03 -8.853366e-05 6.391270e+00 1.319117e-03 9.999959e-01 2.535520e-03 6.207831e-01 8.518949e-05 -2.535634e-03 9.999968e-01 -8.436804e+01
9.999871e-01 9.928643e-04 -4.973327e-03 6.316580e+00 -9.997199e-04 9.999986e-01 -1.376120e-03 6.262550e-01 4.971953e-03 1.381073e-03 9.999867e-01 -8.482048e+01
9.999990e-01 -1.263880e-03 -6.600021e-04 6.121012e+00 1.265192e-03 9.999972e-01 1.990792e-03 6.274144e-01 6.574844e-04 -1.991625e-03 9.999978e-01 -8.476258e+01
9.999841e-01 1.177664e-03 -5.518586e-03 5.965684e+00 -1.186407e-03 9.999980e-01 -1.581346e-03 6.221923e-01 5.516712e-03 1.587868e-03 9.999835e-01 -8.429817e+01
9.999992e-01 -1.263459e-03 -1.513992e-04 5.447831e+00 1.263827e-03 9.999962e-01 2.454117e-03 6.379901e-01 1.482983e-04 -2.454306e-03 9.999970e-01 -8.449543e+01
9.999879e-01 9.855875e-04 -4.828576e-03 5.237962e+00 -9.906408e-04 9.999990e-01 -1.044202e-03 6.466086e-01 4.827542e-03 1.048972e-03 9.999878e-01 -8.522799e+01
9.999992e-01 -1.243021e-03 -3.271665e-04 5.081491e+00 1.243813e-03 9.999963e-01 2.431364e-03 6.532315e-01 3.241433e-04 -2.431769e-03 9.999970e-01 -8.589031e+01
9.999864e-01 1.026692e-03 -5.118240e-03 4.786299e+00 -1.033079e-03 9.999987e-01 -1.245530e-03 6.635482e-01 5.116954e-03 1.250800e-03 9.999861e-01 -8.639943e+01
9.999992e-01 -1.122389e-03 -6.082366e-04 4.383699e+00 1.123621e-03 9.999973e-01 2.027971e-03 6.738575e-01 6.059591e-04 -2.028652e-03 9.999978e-01 -8.646986e+01
9.999862e-01 1.021743e-03 -5.147426e-03 4.178775e+00 -1.026644e-03 9.999990e-01 -9.495557e-04 6.793111e-01 5.146450e-03 9.548265e-04 9.999863e-01 -8.678422e+01
9.999921e-01 -1.003092e-03 -3.858569e-03 4.669381e+00 1.011335e-03 9.999972e-01 2.134799e-03 6.611070e-01 3.856417e-03 -2.138684e-03 9.999903e-01 -8.682892e+01
9.999540e-01 8.340058e-04 -9.555198e-03 5.588867e+00 -8.406918e-04 9.999994e-01 -6.956920e-04 6.361652e-01 9.554612e-03 7.036924e-04 9.999541e-01 -8.691135e+01
9.999950e-01 -1.133650e-03 -2.936050e-03 6.475766e+00 1.139922e-03 9.999971e-01 2.135363e-03 6.229700e-01 2.933621e-03 -2.138699e-03 9.999934e-01 -8.720210e+01
9.999730e-01 9.185858e-04 -7.285428e-03 7.175206e+00 -9.237896e-04 9.999993e-01 -7.108973e-04 6.157981e-01 7.284770e-03 7.176077e-04 9.999732e-01 -8.750469e+01
9.999973e-01 -1.170784e-03 -2.013245e-03 7.845909e+00 1.175321e-03 9.999968e-01 2.253507e-03 6.139372e-01 2.010600e-03 -2.255867e-03 9.999954e-01 -8.797511e+01
9.999802e-01 7.447025e-04 -6.245003e-03 8.431929e+00 -7.491630e-04 9.999995e-01 -7.118880e-04 6.148219e-01 6.244469e-03 7.165518e-04 9.999802e-01 -8.861931e+01
9.999963e-01 -1.044195e-03 -2.530390e-03 9.070963e+00 1.049702e-03 9.999971e-01 2.175971e-03 6.114243e-01 2.528111e-03 -2.178619e-03 9.999944e-01 -8.911898e+01
9.999631e-01 6.884291e-04 -8.562183e-03 9.876344e+00 -6.952730e-04 9.999994e-01 -7.963249e-04 5.967242e-01 8.561630e-03 8.022479e-04 9.999630e-01 -8.934393e+01
9.999947e-01 -1.141647e-03 -3.048965e-03 1.051703e+01 1.147497e-03 9.999975e-01 1.917555e-03 5.978708e-01 3.046768e-03 -1.921042e-03 9.999935e-01 -8.938763e+01
9.999624e-01 8.431890e-04 -8.634737e-03 1.103092e+01 -8.501523e-04 9.999993e-01 -8.027476e-04 6.063058e-01 8.634054e-03 8.100577e-04 9.999624e-01 -8.942093e+01
9.999982e-01 -9.843794e-04 -1.601049e-03 1.169616e+01 9.877305e-04 9.999973e-01 2.093379e-03 5.925644e-01 1.598984e-03 -2.094956e-03 9.999965e-01 -8.955499e+01
9.999523e-01 8.051177e-04 -9.729404e-03 1.245704e+01 -8.123303e-04 9.999994e-01 -7.373517e-04 5.793249e-01 9.728804e-03 7.452194e-04 9.999524e-01 -8.970824e+01
9.999947e-01 -1.374962e-03 -2.966333e-03 1.342927e+01 1.381595e-03 9.999965e-01 2.235340e-03 5.674506e-01 2.963249e-03 -2.239426e-03 9.999931e-01 -9.001362e+01
9.999530e-01 1.137177e-03 -9.626914e-03 1.431803e+01 -1.146782e-03 9.999989e-01 -9.922329e-04 5.448579e-01 9.625774e-03 1.003226e-03 9.999532e-01 -9.007328e+01
9.999853e-01 -1.937962e-03 -5.073572e-03 1.531645e+01 1.950635e-03 9.999950e-01 2.494104e-03 5.436588e-01 5.068713e-03 -2.503963e-03 9.999840e-01 -9.025594e+01
9.999705e-01 1.673662e-03 -7.498832e-03 1.621573e+01 -1.680862e-03 9.999981e-01 -9.538385e-04 5.193049e-01 7.497221e-03 9.664142e-04 9.999714e-01 -9.037728e+01
9.999676e-01 -2.204209e-03 -7.738436e-03 1.741237e+01 2.223635e-03 9.999944e-01 2.502581e-03 4.899080e-01 7.732877e-03 -2.519706e-03 9.999669e-01 -9.052888e+01
9.999904e-01 1.628704e-03 -4.063159e-03 1.832995e+01 -1.632878e-03 9.999981e-01 -1.024117e-03 4.742691e-01 4.061483e-03 1.030742e-03 9.999912e-01 -9.082080e+01
9.999611e-01 -2.525239e-03 -8.446889e-03 1.935407e+01 2.550094e-03 9.999924e-01 2.932969e-03 4.739199e-01 8.439419e-03 -2.954394e-03 9.999600e-01 -9.179660e+01
9.999985e-01 9.136543e-04 -1.494908e-03 2.043103e+01 -9.148491e-04 9.999993e-01 -7.985013e-04 4.785949e-01 1.494177e-03 7.998671e-04 9.999986e-01 -9.298171e+01
9.999756e-01 -1.369259e-03 -6.847682e-03 2.099424e+01 1.385382e-03 9.999963e-01 2.350249e-03 4.792948e-01 6.844439e-03 -2.359678e-03 9.999738e-01 -9.373059e+01
9.999969e-01 8.037572e-04 -2.337334e-03 2.171239e+01 -8.057028e-04 9.999993e-01 -8.314289e-04 4.764180e-01 2.336664e-03 8.333089e-04 9.999969e-01 -9.421577e+01
9.999969e-01 -1.217723e-03 -2.174109e-03 2.157845e+01 1.222789e-03 9.999965e-01 2.330156e-03 4.872333e-01 2.171265e-03 -2.332807e-03 9.999949e-01 -9.510521e+01
9.999981e-01 7.271954e-04 -1.806483e-03 2.121211e+01 -7.293638e-04 9.999990e-01 -1.199756e-03 5.021250e-01 1.805608e-03 1.201071e-03 9.999976e-01 -9.589341e+01
9.999952e-01 -1.127339e-03 -2.873912e-03 2.077407e+01 1.133216e-03 9.999973e-01 2.043865e-03 5.206874e-01 2.871601e-03 -2.047111e-03 9.999938e-01 -9.643950e+01
9.999963e-01 6.329514e-04 -2.645607e-03 2.059391e+01 -6.355129e-04 9.999993e-01 -9.673214e-04 5.358520e-01 2.644993e-03 9.689985e-04 9.999960e-01 -9.700673e+01
9.999973e-01 -8.259834e-04 -2.152172e-03 2.070695e+01 8.311898e-04 9.999967e-01 2.419193e-03 5.357722e-01 2.150166e-03 -2.420975e-03 9.999948e-01 -9.768117e+01
9.999983e-01 5.190740e-04 -1.753161e-03 2.066639e+01 -5.206177e-04 9.999995e-01 -8.799564e-04 5.377195e-01 1.752703e-03 8.808670e-04 9.999981e-01 -9.854689e+01
9.999977e-01 -8.937644e-04 -1.931365e-03 2.052374e+01 8.985873e-04 9.999965e-01 2.497557e-03 5.424285e-01 1.929126e-03 -2.499286e-03 9.999950e-01 -9.950517e+01
9.999976e-01 6.379883e-04 -2.073100e-03 2.046066e+01 -6.399998e-04 9.999993e-01 -9.696002e-04 5.435996e-01 2.072479e-03 9.709241e-04 9.999974e-01 -1.003492e+02
9.999958e-01 -7.644849e-04 -2.796167e-03 2.048149e+01 7.712580e-04 9.999968e-01 2.421863e-03 5.425758e-01 2.794307e-03 -2.424009e-03 9.999932e-01 -1.009901e+02
9.999981e-01 6.265787e-04 -1.843953e-03 2.041310e+01 -6.284847e-04 9.999993e-01 -1.033045e-03 5.435327e-01 1.843304e-03 1.034202e-03 9.999978e-01 -1.016127e+02
9.999965e-01 -7.498796e-04 -2.523034e-03 2.034154e+01 7.561509e-04 9.999966e-01 2.485436e-03 5.436110e-01 2.521162e-03 -2.487335e-03 9.999937e-01 -1.022368e+02
9.999982e-01 6.025263e-04 -1.788293e-03 2.023470e+01 -6.043769e-04 9.999993e-01 -1.034263e-03 5.444498e-01 1.787669e-03 1.035341e-03 9.999979e-01 -1.028998e+02
9.999940e-01 -5.165993e-04 -3.435118e-03 2.023642e+01 5.239108e-04 9.999976e-01 2.127790e-03 5.391287e-01 3.434011e-03 -2.129576e-03 9.999918e-01 -1.030698e+02
9.999969e-01 5.442145e-04 -2.430593e-03 2.028313e+01 -5.481498e-04 9.999985e-01 -1.618539e-03 5.232721e-01 2.429709e-03 1.619866e-03 9.999957e-01 -1.025053e+02
9.999886e-01 -5.730380e-04 -4.731421e-03 2.040825e+01 5.831292e-04 9.999976e-01 2.131621e-03 4.986819e-01 4.730188e-03 -2.134355e-03 9.999865e-01 -1.017683e+02
9.999987e-01 4.664324e-04 -1.517630e-03 2.061819e+01 -4.676551e-04 9.999996e-01 -8.051270e-04 4.927215e-01 1.517254e-03 8.058351e-04 9.999985e-01 -1.020824e+02
9.999940e-01 -6.923571e-04 -3.381370e-03 2.061407e+01 6.987554e-04 9.999980e-01 1.891283e-03 4.915443e-01 3.380053e-03 -1.893634e-03 9.999925e-01 -1.024098e+02
9.999969e-01 7.170187e-04 -2.370042e-03 2.051874e+01 -7.201805e-04 9.999989e-01 -1.333346e-03 4.841917e-01 2.369083e-03 1.335048e-03 9.999963e-01 -1.019542e+02
9.999951e-01 -6.716829e-04 -3.054846e-03 2.026402e+01 6.788295e-04 9.999970e-01 2.338849e-03 4.852154e-01 3.053266e-03 -2.340911e-03 9.999926e-01 -1.020227e+02
9.999993e-01 4.915923e-04 -1.110335e-03 2.012142e+01 -4.925889e-04 9.999995e-01 -8.970625e-04 4.871839e-01 1.109893e-03 8.976082e-04 9.999990e-01 -1.027092e+02
9.999935e-01 -5.450504e-04 -3.556655e-03 1.999776e+01 5.522726e-04 9.999978e-01 2.029841e-03 4.867902e-01 3.555541e-03 -2.031791e-03 9.999916e-01 -1.030392e+02
9.999973e-01 5.702917e-04 -2.261566e-03 1.976956e+01 -5.736582e-04 9.999987e-01 -1.488060e-03 4.873516e-01 2.260715e-03 1.489353e-03 9.999963e-01 -1.026925e+02
9.999933e-01 -6.073274e-04 -3.618378e-03 1.934780e+01 6.146295e-04 9.999978e-01 2.017180e-03 4.976327e-01 3.617145e-03 -2.019390e-03 9.999914e-01 -1.024865e+02
9.999972e-01 5.184267e-04 -2.307110e-03 1.899257e+01 -5.221235e-04 9.999986e-01 -1.601848e-03 5.041079e-01 2.306276e-03 1.603048e-03 9.999961e-01 -1.021117e+02
9.999926e-01 -5.891207e-04 -3.798725e-03 1.847781e+01 5.971693e-04 9.999976e-01 2.117880e-03 5.189516e-01 3.797468e-03 -2.120133e-03 9.999905e-01 -1.019692e+02
9.999870e-01 5.521398e-04 -5.061912e-03 1.870923e+01 -5.592184e-04 9.999989e-01 -1.397012e-03 5.012746e-01 5.061135e-03 1.399824e-03 9.999862e-01 -1.015666e+02
9.999892e-01 -8.148514e-04 -4.584368e-03 1.914542e+01 8.247088e-04 9.999974e-01 2.148644e-03 4.770476e-01 4.582605e-03 -2.152401e-03 9.999872e-01 -1.011395e+02
9.999893e-01 6.596015e-04 -4.574946e-03 1.951651e+01 -6.659262e-04 9.999988e-01 -1.380979e-03 4.552980e-01 4.574030e-03 1.384010e-03 9.999886e-01 -1.006975e+02
9.999854e-01 -1.320088e-03 -5.242173e-03 1.991024e+01 1.331490e-03 9.999968e-01 2.172105e-03 4.467976e-01 5.239289e-03 -2.179053e-03 9.999839e-01 -1.005632e+02
9.999835e-01 3.820744e-04 -5.724948e-03 2.047403e+01 -3.875225e-04 9.999995e-01 -9.504869e-04 4.345151e-01 5.724581e-03 9.526892e-04 9.999832e-01 -1.006517e+02
9.999906e-01 -1.178237e-03 -4.162970e-03 2.108698e+01 1.188569e-03 9.999962e-01 2.480171e-03 4.229132e-01 4.160032e-03 -2.485095e-03 9.999883e-01 -1.009658e+02
9.999909e-01 8.419854e-04 -4.193538e-03 2.147480e+01 -8.498599e-04 9.999979e-01 -1.876244e-03 3.966281e-01 4.191949e-03 1.879791e-03 9.999894e-01 -1.004749e+02
9.999410e-01 -1.639290e-03 -1.073429e-02 2.253027e+01 1.669729e-03 9.999946e-01 2.827233e-03 3.404028e-01 1.072960e-02 -2.844989e-03 9.999384e-01 -9.973923e+01
9.999741e-01 2.655937e-04 -7.194320e-03 2.399899e+01 -2.760591e-04 9.999989e-01 -1.453667e-03 2.974304e-01 7.193926e-03 1.455615e-03 9.999731e-01 -9.960274e+01
9.999999e-01 -3.991806e-04 -2.000001e-04 2.421186e+01 3.996224e-04 9.999975e-01 2.211711e-03 2.774771e-01 1.991169e-04 -2.211790e-03 9.999975e-01 -9.909253e+01
9.999799e-01 -2.120815e-05 -6.341471e-03 2.434455e+01 7.394450e-06 9.999976e-01 -2.178261e-03 2.500292e-01 6.341502e-03 2.178170e-03 9.999775e-01 -9.801629e+01
9.999991e-01 -6.740771e-04 -1.130752e-03 2.445230e+01 6.759240e-04 9.999984e-01 1.633387e-03 2.078596e-01 1.129650e-03 -1.634149e-03 9.999980e-01 -9.630292e+01
9.999866e-01 2.252839e-04 -5.163937e-03 2.449197e+01 -2.350836e-04 9.999982e-01 -1.897110e-03 1.794971e-01 5.163500e-03 1.898298e-03 9.999849e-01 -9.500937e+01
9.999982e-01 -5.062288e-04 -1.802821e-03 2.458476e+01 5.098461e-04 9.999979e-01 2.006336e-03 1.518185e-01 1.801802e-03 -2.007251e-03 9.999964e-01 -9.396506e+01
9.999689e-01 1.295982e-04 -7.881206e-03 2.512184e+01 -1.360650e-04 9.999997e-01 -8.199521e-04 1.275814e-01 7.881096e-03 8.209985e-04 9.999686e-01 -9.372522e+01
9.999985e-01 -2.139749e-04 1.701065e-03 2.506421e+01 2.116446e-04 9.999990e-01 1.370242e-03 1.203951e-01 -1.701356e-03 -1.369879e-03 9.999976e-01 -9.337784e+01
9.999555e-01 5.034707e-05 -9.429312e-03 2.503646e+01 -5.767103e-05 9.999997e-01 -7.764067e-04 1.127588e-01 9.429270e-03 7.769155e-04 9.999552e-01 -9.295063e+01
9.999998e-01 -5.553867e-04 -1.458823e-04 2.551241e+01 5.556617e-04 9.999981e-01 1.888934e-03 1.029102e-01 1.448330e-04 -1.889014e-03 9.999982e-01 -9.291622e+01
9.999456e-01 -5.204137e-05 -1.042837e-02 2.631883e+01 4.691352e-05 9.999999e-01 -4.919230e-04 8.377946e-02 1.042839e-02 4.914065e-04 9.999455e-01 -9.309462e+01
9.999966e-01 -3.463421e-04 2.565412e-03 2.665807e+01 3.426580e-04 9.999989e-01 1.436559e-03 7.128974e-02 -2.565906e-03 -1.435675e-03 9.999957e-01 -9.295225e+01
9.999655e-01 2.729747e-04 -8.305729e-03 2.669310e+01 -2.815830e-04 9.999994e-01 -1.035230e-03 5.712163e-02 8.305441e-03 1.037533e-03 9.999650e-01 -9.239500e+01
9.999974e-01 -4.518800e-04 2.227996e-03 2.675865e+01 4.490051e-04 9.999991e-01 1.290891e-03 3.563386e-02 -2.228577e-03 -1.289887e-03 9.999967e-01 -9.157403e+01
9.999532e-01 1.725875e-04 -9.674851e-03 2.696983e+01 -1.806851e-04 9.999996e-01 -8.360653e-04 5.343525e-03 9.674703e-03 8.377738e-04 9.999528e-01 -9.075742e+01
9.999965e-01 -4.301518e-04 2.616930e-03 2.710841e+01 4.268017e-04 9.999991e-01 1.280752e-03 -1.714247e-02 -2.617478e-03 -1.279630e-03 9.999958e-01 -8.998805e+01
9.999624e-01 2.671244e-04 -8.670013e-03 2.717497e+01 -2.758611e-04 9.999995e-01 -1.006454e-03 -3.496025e-02 8.669739e-03 1.008807e-03 9.999619e-01 -8.923607e+01
9.999972e-01 -3.630915e-04 2.332050e-03 2.723248e+01 3.598233e-04 9.999990e-01 1.401880e-03 -5.459665e-02 -2.332556e-03 -1.401036e-03 9.999963e-01 -8.847132e+01
9.999592e-01 2.263054e-04 -9.033961e-03 2.740308e+01 -2.325491e-04 9.999997e-01 -6.900449e-04 -7.477756e-02 9.033803e-03 6.921171e-04 9.999590e-01 -8.796111e+01
9.999990e-01 -5.038742e-04 1.331681e-03 2.770020e+01 5.020428e-04 9.999989e-01 1.375635e-03 -1.026896e-01 -1.332373e-03 -1.374964e-03 9.999982e-01 -8.739751e+01
9.999689e-01 4.071080e-04 -7.876036e-03 2.781904e+01 -4.135349e-04 9.999996e-01 -8.143303e-04 -1.250797e-01 7.875701e-03 8.175615e-04 9.999687e-01 -8.675253e+01
9.999998e-01 -6.831510e-04 1.123904e-05 2.821195e+01 6.831298e-04 9.999981e-01 1.823978e-03 -1.456349e-01 -1.248496e-05 -1.823969e-03 9.999983e-01 -8.657877e+01
9.999845e-01 3.658494e-04 -5.561079e-03 2.844654e+01 -3.677797e-04 9.999999e-01 -3.460098e-04 -1.494197e-01 5.560952e-03 3.480492e-04 9.999845e-01 -8.711475e+01
9.999991e-01 -8.355348e-04 1.048151e-03 2.852735e+01 8.335684e-04 9.999979e-01 1.875581e-03 -1.464133e-01 -1.049715e-03 -1.874705e-03 9.999977e-01 -8.800458e+01
9.999818e-01 4.254115e-04 -6.014962e-03 2.868676e+01 -4.273846e-04 9.999999e-01 -3.266700e-04 -1.441152e-01 6.014822e-03 3.292342e-04 9.999819e-01 -8.886654e+01
9.999987e-01 -9.145329e-04 1.336677e-03 2.882542e+01 9.120388e-04 9.999978e-01 1.865646e-03 -1.409863e-01 -1.338380e-03 -1.864424e-03 9.999974e-01 -8.977758e+01
9.999839e-01 4.753308e-04 -5.653551e-03 2.892866e+01 -4.772153e-04 9.999998e-01 -3.319030e-04 -1.383578e-01 5.653393e-03 3.345951e-04 9.999840e-01 -9.065026e+01
9.999996e-01 -8.055967e-04 2.740757e-04 2.910485e+01 8.050760e-04 9.999979e-01 1.896312e-03 -1.374699e-01 -2.756026e-04 -1.896090e-03 9.999982e-01 -9.140806e+01
9.999838e-01 3.166146e-04 -5.675036e-03 2.937897e+01 -3.187375e-04 9.999999e-01 -3.730937e-04 -1.356803e-01 5.674917e-03 3.748960e-04 9.999838e-01 -9.220060e+01
9.999981e-01 -6.023520e-04 -1.870155e-03 2.981468e+01 6.052273e-04 9.999986e-01 1.537041e-03 -1.501647e-01 1.869227e-03 -1.538170e-03 9.999971e-01 -9.229820e+01
9.999761e-01 3.766230e-04 -6.908385e-03 3.021712e+01 -3.805542e-04 9.999998e-01 -5.676734e-04 -1.775076e-01 6.908170e-03 5.702884e-04 9.999760e-01 -9.188970e+01
9.999952e-01 -8.529583e-04 -2.989901e-03 3.087525e+01 8.594552e-04 9.999973e-01 2.172164e-03 -1.962108e-01 2.988040e-03 -2.174722e-03 9.999932e-01 -9.204240e+01
9.999908e-01 2.890873e-04 -4.280454e-03 3.139620e+01 -2.923039e-04 9.999997e-01 -7.507636e-04 -2.022506e-01 4.280235e-03 7.520074e-04 9.999906e-01 -9.254800e+01
9.999973e-01 -3.167816e-04 -2.310131e-03 3.162458e+01 3.212927e-04 9.999980e-01 1.952401e-03 -2.132552e-01 2.309508e-03 -1.953138e-03 9.999954e-01 -9.263707e+01
9.999908e-01 2.898165e-04 -4.275023e-03 3.182581e+01 -2.945582e-04 9.999993e-01 -1.108454e-03 -2.269947e-01 4.274699e-03 1.109702e-03 9.999902e-01 -9.242291e+01
9.999991e-01 -2.284470e-04 -1.299662e-03 3.181336e+01 2.308262e-04 9.999983e-01 1.830455e-03 -2.380037e-01 1.299242e-03 -1.830753e-03 9.999975e-01 -9.206966e+01
9.999915e-01 2.546720e-04 -4.117287e-03 3.181285e+01 -2.581577e-04 9.999996e-01 -8.459868e-04 -2.454262e-01 4.117070e-03 8.470420e-04 9.999912e-01 -9.201831e+01
9.999993e-01 -3.299098e-04 -1.095825e-03 3.182370e+01 3.319873e-04 9.999981e-01 1.895757e-03 -2.528041e-01 1.095198e-03 -1.896119e-03 9.999976e-01 -9.210418e+01
