9.999437e-01 -4.572187e-04 -1.059677e-02 5.158120e-01 4.637297e-04 9.999997e-01 6.119790e-04 -3.903985e-02 1.059649e-02 -6.168593e-04 9.999437e-01 8.665869e-01
9.999999e-01 -1.044102e-04 -4.504758e-04 1.084729e+00 1.045618e-04 9.999999e-01 3.364378e-04 -7.147128e-02 4.504410e-04 -3.364842e-04 9.999998e-01 1.471606e+00
9.999751e-01 1.894737e-04 -7.054148e-03 1.288395e+00 -1.850790e-04 9.999998e-01 6.236484e-04 -9.194493e-02 7.054265e-03 -6.223280e-04 9.999749e-01 1.837602e+00
9.999947e-01 -4.060370e-04 -3.223941e-03 1.873261e+00 4.078066e-04 9.999998e-01 5.482227e-04 -1.209498e-01 3.223718e-03 -5.495338e-04 9.999947e-01 2.020887e+00
9.999791e-01 6.833243e-05 -6.464863e-03 2.317982e+00 -6.701652e-05 1.000000e+00 2.037701e-04 -1.563859e-01 6.464877e-03 -2.033333e-04 9.999791e-01 2.684488e+00
9.999959e-01 -3.727504e-04 -2.850813e-03 2.692185e+00 3.740759e-04 9.999998e-01 4.644005e-04 -1.893483e-01 2.850640e-03 -4.654643e-04 9.999958e-01 3.427350e+00
9.999597e-01 5.991193e-05 -8.981844e-03 3.389620e+00 -5.312603e-05 9.999997e-01 7.557547e-04 -2.279339e-01 8.981886e-03 -7.552477e-04 9.999594e-01 3.828766e+00
9.999967e-01 -4.403865e-04 -2.522704e-03 4.157566e+00 4.416164e-04 9.999998e-01 4.869542e-04 -2.536828e-01 2.522489e-03 -4.880659e-04 9.999967e-01 3.832848e+00
9.999255e-01 -1.918404e-04 -1.220292e-02 5.237751e+00 2.020003e-04 9.999996e-01 8.313585e-04 -2.934435e-01 1.220276e-02 -8.337623e-04 9.999252e-01 3.985897e+00
9.999877e-01 -4.082114e-05 4.960847e-03 5.497643e+00 4.130469e-05 1.000000e+00 -9.735839e-05 -3.079347e-01 -4.960843e-03 9.756281e-05 9.999877e-01 4.304609e+00
9.998030e-01 -4.696269e-04 -1.984451e-02 6.581442e+00 5.028553e-04 9.999985e-01 1.669483e-03 -3.535934e-01 1.984369e-02 -1.679134e-03 9.998017e-01 4.578739e+00
9.999991e-01 -8.279624e-04 1.088913e-03 8.256798e+00 8.278626e-04 9.999997e-01 9.215660e-05 -3.963061e-01 -1.088988e-03 -9.125434e-05 9.999994e-01 4.432783e+00
9.999144e-01 1.316380e-04 -1.308508e-02 9.163231e+00 -1.181110e-04 9.999995e-01 1.034547e-03 -4.217236e-01 1.308521e-02 -1.032914e-03 9.999139e-01 4.357318e+00
9.999991e-01 -4.521949e-04 1.267128e-03 9.997782e+00 4.516922e-04 9.999998e-01 3.970643e-04 -4.523048e-01 -1.267307e-03 -3.964909e-04 9.999991e-01 4.396510e+00
9.999348e-01 -7.079374e-05 -1.141559e-02 1.074076e+01 8.086692e-05 9.999996e-01 8.819530e-04 -4.710649e-01 1.141552e-02 -8.828193e-04 9.999345e-01 4.276629e+00
9.999991e-01 -1.232594e-03 -5.190891e-04 1.177362e+01 1.233243e-03 9.999985e-01 1.252731e-03 -4.757660e-01 5.175445e-04 -1.253370e-03 9.999991e-01 3.303525e+00
9.999260e-01 -1.038027e-03 -1.211944e-02 1.272020e+01 1.053160e-03 9.999987e-01 1.242370e-03 -4.589660e-01 1.211814e-02 -1.255042e-03 9.999258e-01 1.505112e+00
9.999967e-01 -1.615538e-03 -1.980347e-03 1.350955e+01 1.618435e-03 9.999976e-01 1.462236e-03 -4.299084e-01 1.977980e-03 -1.465435e-03 9.999970e-01 -5.813454e-01
9.999640e-01 -2.216030e-04 -8.485586e-03 1.330021e+01 2.255172e-04 9.999999e-01 4.603291e-04 -3.916174e-01 8.485482e-03 -4.622268e-04 9.999639e-01 -2.203624e+00
9.999961e-01 -1.491752e-03 -2.359582e-03 1.257412e+01 1.494336e-03 9.999983e-01 1.093657e-03 -3.389824e-01 2.357947e-03 -1.097178e-03 9.999966e-01 -3.601447e+00
9.999582e-01 -1.595737e-04 -9.143599e-03 1.241319e+01 1.662084e-04 9.999997e-01 7.248669e-04 -3.035770e-01 9.143480e-03 -7.263571e-04 9.999579e-01 -4.990057e+00
9.999972e-01 -1.550400e-03 -1.792768e-03 1.250172e+01 1.552682e-03 9.999980e-01 1.272485e-03 -2.770027e-01 1.790792e-03 -1.275264e-03 9.999976e-01 -6.300191e+00
9.999349e-01 -4.628389e-04 -1.139946e-02 1.332511e+01 4.741805e-04 9.999994e-01 9.922444e-04 -2.659227e-01 1.139900e-02 -9.975860e-04 9.999345e-01 -7.761560e+00
9.999947e-01 -2.301258e-03 -2.282810e-03 1.385670e+01 2.304498e-03 9.999963e-01 1.417446e-03 -2.313509e-01 2.279540e-03 -1.422698e-03 9.999964e-01 -9.673484e+00
9.999750e-01 1.099724e-03 -6.983228e-03 1.302495e+01 -1.100851e-03 9.999994e-01 -1.575411e-04 -1.850355e-01 6.983050e-03 1.652240e-04 9.999756e-01 -1.064744e+01
9.999808e-01 -3.131973e-03 -5.349097e-03 1.301851e+01 3.142862e-03 9.999930e-01 2.028376e-03 -1.434625e-01 5.342708e-03 -2.045148e-03 9.999836e-01 -1.222440e+01
9.999812e-01 7.688269e-04 -6.089904e-03 1.238792e+01 -7.696332e-04 9.999997e-01 -1.300443e-04 -8.042260e-02 6.089802e-03 1.347281e-04 9.999814e-01 -1.437424e+01
9.999779e-01 -3.179284e-03 -5.830425e-03 1.218256e+01 3.192221e-03 9.999925e-01 2.210839e-03 -2.780015e-02 5.823352e-03 -2.229401e-03 9.999806e-01 -1.646373e+01
9.999901e-01 8.998387e-04 -4.360770e-03 1.257914e+01 -8.989369e-04 9.999996e-01 2.087911e-04 5.433865e-03 4.360956e-03 -2.048697e-04 9.999905e-01 -1.856736e+01
9.999699e-01 -3.754175e-03 -6.789890e-03 1.319058e+01 3.771185e-03 9.999898e-01 2.494124e-03 4.467382e-02 6.780458e-03 -2.519654e-03 9.999738e-01 -2.126542e+01
9.999951e-01 9.700791e-04 -2.986275e-03 1.326659e+01 -9.695544e-04 9.999995e-01 1.771797e-04 9.334248e-02 2.986446e-03 -1.742841e-04 9.999955e-01 -2.408394e+01
9.999788e-01 -3.025771e-03 -5.770297e-03 1.322199e+01 3.038393e-03 9.999930e-01 2.180026e-03 1.321163e-01 5.763661e-03 -2.197511e-03 9.999810e-01 -2.642722e+01
9.999955e-01 2.576716e-04 -2.997685e-03 1.284731e+01 -2.567938e-04 9.999999e-01 2.932624e-04 1.890546e-01 2.997760e-03 -2.924919e-04 9.999955e-01 -2.925281e+01
9.999739e-01 -2.886973e-03 -6.625807e-03 1.267111e+01 2.899575e-03 9.999940e-01 1.893132e-03 2.387330e-01 6.620302e-03 -1.912294e-03 9.999763e-01 -3.172658e+01
9.999868e-01 -2.141929e-05 -5.141350e-03 1.319860e+01 2.553521e-05 9.999997e-01 8.005164e-04 2.791025e-01 5.141331e-03 -8.006378e-04 9.999865e-01 -3.429076e+01
9.999769e-01 -2.307085e-03 -6.393195e-03 1.245730e+01 2.312201e-03 9.999970e-01 7.930023e-04 3.443753e-01 6.391347e-03 -8.077657e-04 9.999792e-01 -3.613221e+01
9.999911e-01 5.925961e-04 -4.175116e-03 1.104851e+01 -5.908382e-04 9.999997e-01 4.223209e-04 4.178698e-01 4.175364e-03 -4.198510e-04 9.999912e-01 -3.745518e+01
9.999659e-01 -2.592662e-03 -7.837837e-03 9.859124e+00 2.599139e-03 9.999963e-01 8.161970e-04 4.919230e-01 7.835692e-03 -8.365401e-04 9.999690e-01 -3.889335e+01
9.999731e-01 -3.329903e-04 -7.323778e-03 1.003908e+01 3.409238e-04 9.999994e-01 1.082048e-03 5.445322e-01 7.323413e-03 -1.084517e-03 9.999726e-01 -4.073589e+01
9.999336e-01 -3.668686e-03 -1.092802e-02 1.165062e+01 3.696799e-03 9.999899e-01 2.553492e-03 5.800965e-01 1.091854e-02 -2.593721e-03 9.999370e-01 -4.390494e+01
9.999192e-01 -1.595147e-03 -1.260838e-02 1.475308e+01 1.611382e-03 9.999979e-01 1.277624e-03 5.997507e-01 1.260631e-02 -1.297839e-03 9.999197e-01 -4.707252e+01
9.997963e-01 -3.304073e-03 -1.991270e-02 1.871120e+01 3.353859e-03 9.999913e-01 2.467330e-03 5.599575e-01 1.990437e-02 -2.533611e-03 9.997987e-01 -4.849951e+01
9.999475e-01 -1.534038e-03 -1.012790e-02 2.243638e+01 1.550816e-03 9.999974e-01 1.648908e-03 5.371477e-01 1.012535e-02 -1.664528e-03 9.999474e-01 -5.032341e+01
9.999269e-01 -2.363224e-03 -1.185613e-02 2.400046e+01 2.372689e-03 9.999969e-01 7.842850e-04 5.511522e-01 1.185424e-02 -8.123579e-04 9.999294e-01 -5.207958e+01
9.999608e-01 4.219158e-04 -8.848074e-03 2.517292e+01 -4.144585e-04 9.999996e-01 8.446545e-04 5.241849e-01 8.848426e-03 -8.409549e-04 9.999605e-01 -5.185781e+01
9.999904e-01 -1.265024e-03 -4.189915e-03 2.539531e+01 1.263505e-03 9.999991e-01 -3.652183e-04 4.963060e-01 4.190373e-03 3.599215e-04 9.999912e-01 -5.080282e+01
9.999935e-01 -1.634829e-04 -3.599620e-03 2.370851e+01 1.705824e-04 9.999980e-01 1.972125e-03 5.638233e-01 3.599290e-03 -1.972727e-03 9.999916e-01 -5.241204e+01
9.999898e-01 -8.024881e-04 -4.445200e-03 2.171876e+01 7.964511e-04 9.999988e-01 -1.359742e-03 6.381040e-01 4.446286e-03 1.356188e-03 9.999892e-01 -5.332522e+01
9.999959e-01 1.754812e-04 -2.843822e-03 2.083869e+01 -1.724164e-04 9.999994e-01 1.077994e-03 6.540375e-01 2.844009e-03 -1.077500e-03 9.999954e-01 -5.279110e+01
9.999929e-01 -2.969661e-04 -3.747980e-03 2.029358e+01 2.944826e-04 9.999997e-01 -6.632262e-04 6.637802e-01 3.748176e-03 6.621184e-04 9.999928e-01 -5.271437e+01
9.999973e-01 1.683036e-04 -2.320557e-03 1.999259e+01 -1.638190e-04 9.999981e-01 1.932698e-03 6.593384e-01 2.320878e-03 -1.932313e-03 9.999954e-01 -5.314453e+01
9.999681e-01 -3.866942e-04 -7.975068e-03 2.040654e+01 3.802298e-04 9.999996e-01 -8.121035e-04 6.228425e-01 7.975379e-03 8.090460e-04 9.999679e-01 -5.255192e+01
9.999999e-01 1.517207e-04 3.048471e-04 2.080113e+01 -1.524304e-04 9.999973e-01 2.328357e-03 6.132171e-01 -3.044934e-04 -2.328404e-03 9.999972e-01 -5.286200e+01
9.999708e-01 -4.757191e-04 -7.626372e-03 2.117295e+01 4.675789e-04 9.999993e-01 -1.069151e-03 6.034322e-01 7.626876e-03 1.065554e-03 9.999703e-01 -5.316821e+01
9.999999e-01 2.349462e-04 3.953469e-04 2.139433e+01 -2.355376e-04 9.999989e-01 1.496030e-03 5.793253e-01 -3.949953e-04 -1.496123e-03 9.999988e-01 -5.254421e+01
9.999728e-01 -1.010869e-03 -7.312269e-03 2.153876e+01 9.948917e-04 9.999971e-01 -2.188302e-03 5.391398e-01 7.314460e-03 2.180968e-03 9.999709e-01 -5.097110e+01
9.999989e-01 6.046198e-04 -1.378168e-03 2.172513e+01 -6.013768e-04 9.999971e-01 2.352443e-03 4.981959e-01 1.379586e-03 -2.351612e-03 9.999963e-01 -4.969440e+01
9.999827e-01 -7.192213e-04 -5.839815e-03 2.190413e+01 7.079897e-04 9.999979e-01 -1.925152e-03 4.737161e-01 5.841187e-03 1.920985e-03 9.999811e-01 -4.911860e+01
9.999952e-01 7.053274e-04 -3.002423e-03 2.209439e+01 -6.971644e-04 9.999961e-01 2.719089e-03 4.511811e-01 3.004329e-03 -2.716983e-03 9.999918e-01 -4.860762e+01
9.999935e-01 -7.223359e-04 -3.529455e-03 2.164406e+01 7.156565e-04 9.999980e-01 -1.893426e-03 4.664787e-01 3.530816e-03 1.890888e-03 9.999920e-01 -4.875119e+01
9.999970e-01 4.343058e-04 -2.397197e-03 2.102052e+01 -4.275507e-04 9.999959e-01 2.817830e-03 4.898444e-01 2.398411e-03 -2.816798e-03 9.999932e-01 -4.920764e+01
9.999914e-01 -7.821754e-04 -4.069047e-03 2.064301e+01 7.759017e-04 9.999985e-01 -1.543219e-03 5.083642e-01 4.070248e-03 1.540050e-03 9.999905e-01 -4.985772e+01
9.999972e-01 5.067474e-04 -2.310498e-03 2.045470e+01 -4.999188e-04 9.999955e-01 2.955203e-03 5.194653e-01 2.311985e-03 -2.954041e-03 9.999930e-01 -5.048377e+01
9.999914e-01 -7.503653e-04 -4.070469e-03 2.045865e+01 7.439427e-04 9.999985e-01 -1.579195e-03 5.263972e-01 4.071648e-03 1.576153e-03 9.999905e-01 -5.106789e+01
9.999971e-01 5.643617e-04 -2.320347e-03 2.031589e+01 -5.576977e-04 9.999957e-01 2.871706e-03 5.355820e-01 2.321957e-03 -2.870404e-03 9.999932e-01 -5.159078e+01
9.999765e-01 -7.566124e-04 -6.820852e-03 2.083803e+01 7.466405e-04 9.999986e-01 -1.464443e-03 5.274066e-01 6.821951e-03 1.459316e-03 9.999757e-01 -5.185019e+01
9.999981e-01 1.032586e-04 -1.935573e-03 2.147308e+01 -9.713971e-05 9.999950e-01 3.161259e-03 5.270778e-01 1.935889e-03 -3.161066e-03 9.999931e-01 -5.247014e+01
9.999845e-01 -5.958880e-04 -5.527468e-03 2.189904e+01 5.873588e-04 9.999986e-01 -1.544603e-03 5.267804e-01 5.528382e-03 1.541333e-03 9.999835e-01 -5.309020e+01
9.999998e-01 1.094254e-04 -5.429560e-04 2.216946e+01 -1.077248e-04 9.999951e-01 3.131776e-03 5.293498e-01 5.432958e-04 -3.131717e-03 9.999949e-01 -5.389288e+01
9.999766e-01 -7.581839e-04 -6.802111e-03 2.267816e+01 7.483072e-04 9.999987e-01 -1.454460e-03 5.316626e-01 6.803205e-03 1.449337e-03 9.999758e-01 -5.467475e+01
9.999997e-01 1.009467e-04 7.748177e-04 2.300283e+01 -1.033997e-04 9.999950e-01 3.166172e-03 5.373238e-01 -7.744945e-04 -3.166252e-03 9.999947e-01 -5.565553e+01
9.999865e-01 -8.094837e-04 -5.135639e-03 2.310099e+01 8.021438e-04 9.999987e-01 -1.431158e-03 5.443971e-01 5.136791e-03 1.427019e-03 9.999858e-01 -5.683434e+01
9.999999e-01 1.939995e-04 4.253891e-04 2.323739e+01 -1.952895e-04 9.999954e-01 3.033959e-03 5.498578e-01 -4.247989e-04 -3.034043e-03 9.999953e-01 -5.785729e+01
9.999863e-01 -7.783398e-04 -5.183362e-03 2.340261e+01 7.715598e-04 9.999988e-01 -1.309952e-03 5.545986e-01 5.184376e-03 1.305935e-03 9.999857e-01 -5.888439e+01
9.999983e-01 -5.327668e-07 1.851324e-03 2.326576e+01 -5.256006e-06 9.999951e-01 3.126676e-03 5.647346e-01 -1.851317e-03 -3.126681e-03 9.999934e-01 -6.026048e+01
9.999811e-01 -5.547515e-04 -6.116302e-03 2.319457e+01 5.461001e-04 9.999988e-01 -1.416093e-03 5.719765e-01 6.117081e-03 1.412727e-03 9.999803e-01 -6.138236e+01
9.999982e-01 -2.149138e-04 1.899134e-03 2.325317e+01 2.088636e-04 9.999949e-01 3.185273e-03 5.801006e-01 -1.899810e-03 -3.184872e-03 9.999931e-01 -6.262719e+01
9.999822e-01 -5.187267e-04 -5.947322e-03 2.330437e+01 5.103249e-04 9.999989e-01 -1.414180e-03 5.881864e-01 5.948049e-03 1.411120e-03 9.999813e-01 -6.387082e+01
9.999976e-01 -2.746566e-04 2.158718e-03 2.335346e+01 2.677268e-04 9.999948e-01 3.209639e-03 5.968375e-01 -2.159589e-03 -3.209054e-03 9.999925e-01 -6.520675e+01
9.999688e-01 -4.383728e-04 -7.890343e-03 2.362728e+01 4.271441e-04 9.999989e-01 -1.424761e-03 6.037532e-01 7.890959e-03 1.421347e-03 9.999679e-01 -6.629614e+01
9.999982e-01 -2.953248e-04 1.889466e-03 2.392812e+01 2.891647e-04 9.999946e-01 3.259494e-03 6.107366e-01 -1.890419e-03 -3.258943e-03 9.999929e-01 -6.737911e+01
9.999704e-01 -3.737564e-04 -7.690077e-03 2.408549e+01 3.621309e-04 9.999988e-01 -1.513136e-03 6.187466e-01 7.690634e-03 1.510307e-03 9.999693e-01 -6.841245e+01
9.999983e-01 -1.380854e-04 1.815909e-03 2.407569e+01 1.326543e-04 9.999955e-01 2.990464e-03 6.282541e-01 -1.816314e-03 -2.990218e-03 9.999939e-01 -6.922830e+01
9.999744e-01 -2.903160e-04 -7.150996e-03 2.419956e+01 2.806629e-04 9.999990e-01 -1.350897e-03 6.325631e-01 7.151382e-03 1.348856e-03 9.999735e-01 -7.009924e+01
9.999982e-01 -2.404186e-04 1.870488e-03 2.401016e+01 2.351645e-04 9.999960e-01 2.808488e-03 6.454423e-01 -1.871156e-03 -2.808044e-03 9.999943e-01 -7.098398e+01
9.999742e-01 -2.548553e-04 -7.174357e-03 2.414694e+01 2.466889e-04 9.999993e-01 -1.139173e-03 6.491581e-01 7.174643e-03 1.137374e-03 9.999736e-01 -7.189850e+01
9.999991e-01 -1.265085e-04 1.325752e-03 2.427372e+01 1.228984e-04 9.999963e-01 2.722569e-03 6.517430e-01 -1.326092e-03 -2.722405e-03 9.999954e-01 -7.263395e+01
9.999666e-01 -4.353149e-05 -8.169844e-03 2.445672e+01 3.373848e-05 9.999993e-01 -1.198846e-03 6.518947e-01 8.169891e-03 1.198531e-03 9.999659e-01 -7.315069e+01
9.999994e-01 -3.402266e-04 1.000472e-03 2.473560e+01 3.374177e-04 9.999960e-01 2.806094e-03 6.548968e-01 -1.001423e-03 -2.805755e-03 9.999956e-01 -7.379374e+01
9.999572e-01 -5.342232e-05 -9.246960e-03 2.527443e+01 4.271729e-05 9.999993e-01 -1.157906e-03 6.544412e-01 9.247016e-03 1.157462e-03 9.999566e-01 -7.433979e+01
9.999990e-01 -2.347581e-04 1.422907e-03 2.565656e+01 2.309372e-04 9.999964e-01 2.684622e-03 6.544781e-01 -1.423532e-03 -2.684292e-03 9.999954e-01 -7.480989e+01
9.999389e-01 1.004596e-04 -1.105740e-02 2.621800e+01 -1.142032e-04 9.999992e-01 -1.242326e-03 6.441680e-01 1.105727e-02 1.243513e-03 9.999381e-01 -7.494590e+01
9.999993e-01 -7.984229e-04 -9.232797e-04 2.701634e+01 8.005396e-04 9.999970e-01 2.294854e-03 6.096562e-01 9.214444e-04 -2.295592e-03 9.999969e-01 -7.467850e+01
9.998985e-01 3.952066e-04 -1.424486e-02 2.800962e+01 -4.041876e-04 9.999997e-01 -6.276269e-04 5.664111e-01 1.424461e-02 6.333214e-04 9.998983e-01 -7.441297e+01
9.999873e-01 -7.947514e-04 4.976034e-03 2.860871e+01 7.844408e-04 9.999975e-01 2.073598e-03 5.587899e-01 -4.977670e-03 -2.069669e-03 9.999855e-01 -7.470605e+01
9.998756e-01 6.557600e-04 -1.576062e-02 2.923509e+01 -6.647949e-04 9.999996e-01 -5.680459e-04 5.463069e-01 1.576024e-02 5.784534e-04 9.998756e-01 -7.484759e+01
9.999823e-01 -1.484089e-03 5.769126e-03 3.010151e+01 1.470603e-03 9.999962e-01 2.341044e-03 5.434764e-01 -5.772578e-03 -2.332519e-03 9.999806e-01 -7.547783e+01
9.999192e-01 1.522992e-03 -1.261755e-02 3.005385e+01 -1.538348e-03 9.999981e-01 -1.207400e-03 5.469831e-01 1.261568e-02 1.226713e-03 9.999197e-01 -7.570568e+01
9.999974e-01 -1.645969e-03 1.546408e-03 3.072606e+01 1.641689e-03 9.999948e-01 2.764736e-03 5.328627e-01 -1.550951e-03 -2.762191e-03 9.999950e-01 -7.578779e+01
9.998545e-01 9.093425e-04 -1.703151e-02 3.195243e+01 -9.293666e-04 9.999989e-01 -1.167847e-03 4.966815e-01 1.703043e-02 1.183506e-03 9.998543e-01 -7.576631e+01
9.999978e-01 -2.039657e-03 3.810757e-04 3.334281e+01 2.038564e-03 9.999939e-01 2.845047e-03 4.562095e-01 -3.868765e-04 -2.844264e-03 9.999959e-01 -7.575639e+01
9.998744e-01 9.053268e-04 -1.582117e-02 3.470573e+01 -9.195253e-04 9.999992e-01 -8.902045e-04 4.383740e-01 1.582035e-02 9.046413e-04 9.998744e-01 -7.623521e+01
9.999975e-01 -2.228352e-03 9.900208e-05 3.619175e+01 2.228065e-03 9.999936e-01 2.812842e-03 4.187517e-01 -1.052697e-04 -2.812615e-03 9.999960e-01 -7.672120e+01
9.998822e-01 1.006494e-03 -1.531671e-02 3.758724e+01 -1.018393e-03 9.999992e-01 -7.690763e-04 4.017864e-01 1.531592e-02 7.845847e-04 9.998824e-01 -7.724270e+01
9.999930e-01 -1.620882e-03 3.362853e-03 3.848713e+01 1.612736e-03 9.999958e-01 2.423402e-03 3.892962e-01 -3.366767e-03 -2.417962e-03 9.999914e-01 -7.755129e+01
9.998613e-01 1.078584e-03 -1.662061e-02 3.949732e+01 -1.090998e-03 9.999991e-01 -7.378212e-04 3.658034e-01 1.661980e-02 7.558525e-04 9.998616e-01 -7.771276e+01
9.999839e-01 -1.516255e-03 5.477019e-03 4.018810e+01 1.504881e-03 9.999967e-01 2.080227e-03 3.508497e-01 -5.480155e-03 -2.071952e-03 9.999828e-01 -7.780317e+01
9.999065e-01 1.546218e-03 -1.358330e-02 4.039936e+01 -1.558570e-03 9.999984e-01 -8.988397e-04 3.494770e-01 1.358189e-02 9.199268e-04 9.999073e-01 -7.775377e+01
9.999947e-01 -2.155675e-03 2.459921e-03 4.123589e+01 2.149786e-03 9.999948e-01 2.393953e-03 3.329991e-01 -2.465069e-03 -2.388653e-03 9.999941e-01 -7.792611e+01
9.999062e-01 1.545986e-03 -1.361228e-02 4.201073e+01 -1.560744e-03 9.999982e-01 -1.073668e-03 3.125395e-01 1.361059e-02 1.094813e-03 9.999068e-01 -7.789838e+01
9.999919e-01 -2.167764e-03 3.388345e-03 4.283372e+01 2.158381e-03 9.999938e-01 2.770578e-03 3.037644e-01 -3.394331e-03 -2.763243e-03 9.999904e-01 -7.835193e+01
9.998739e-01 1.407310e-03 -1.582043e-02 4.388066e+01 -1.425147e-03 9.999984e-01 -1.116268e-03 2.844119e-01 1.581883e-02 1.138675e-03 9.998742e-01 -7.863133e+01
9.999969e-01 -2.429339e-03 -4.815595e-04 4.524244e+01 2.430697e-03 9.999930e-01 2.841091e-03 2.461146e-01 4.746540e-04 -2.842253e-03 9.999958e-01 -7.864083e+01
9.998537e-01 1.178607e-03 -1.706282e-02 4.680620e+01 -1.194231e-03 9.999989e-01 -9.054939e-04 2.139862e-01 1.706173e-02 9.257390e-04 9.998540e-01 -7.894379e+01
9.999850e-01 -2.379107e-03 4.927973e-03 4.797558e+01 2.365606e-03 9.999934e-01 2.743665e-03 2.074234e-01 -4.934469e-03 -2.731967e-03 9.999841e-01 -7.962786e+01
9.999260e-01 1.694475e-03 -1.204701e-02 4.844896e+01 -1.706802e-03 9.999980e-01 -1.013097e-03 2.102095e-01 1.204527e-02 1.033584e-03 9.999269e-01 -8.053277e+01
9.999948e-01 -2.491550e-03 2.061575e-03 4.932544e+01 2.486010e-03 9.999933e-01 2.685483e-03 2.048821e-01 -2.068252e-03 -2.680345e-03 9.999943e-01 -8.113002e+01
9.999356e-01 1.902753e-03 -1.118621e-02 5.006089e+01 -1.914406e-03 9.999976e-01 -1.031091e-03 2.008894e-01 1.118422e-02 1.052440e-03 9.999369e-01 -8.172102e+01
9.999959e-01 -2.512281e-03 1.337552e-03 5.086436e+01 2.508732e-03 9.999933e-01 2.647863e-03 1.939892e-01 -1.344195e-03 -2.644497e-03 9.999956e-01 -8.219772e+01
9.999414e-01 1.963125e-03 -1.064826e-02 5.160002e+01 -1.974228e-03 9.999975e-01 -1.032344e-03 1.887383e-01 1.064621e-02 1.053307e-03 9.999428e-01 -8.269758e+01
9.999968e-01 -2.520932e-03 2.311487e-04 5.242540e+01 2.520320e-03 9.999934e-01 2.608347e-03 1.769111e-01 -2.377229e-04 -2.607757e-03 9.999966e-01 -8.304771e+01
9.999238e-01 1.649436e-03 -1.223489e-02 5.349637e+01 -1.660722e-03 9.999982e-01 -9.124354e-04 1.630770e-01 1.223337e-02 9.326852e-04 9.999247e-01 -8.347592e+01
9.999946e-01 -2.346778e-03 2.300381e-03 5.433972e+01 2.340903e-03 9.999940e-01 2.553386e-03 1.581700e-01 -2.306359e-03 -2.547988e-03 9.999941e-01 -8.403410e+01
9.999340e-01 1.615189e-03 -1.137201e-02 5.507426e+01 -1.624776e-03 9.999983e-01 -8.338039e-04 1.560802e-01 1.137065e-02 8.522264e-04 9.999350e-01 -8.466553e+01
9.999899e-01 -2.202557e-03 3.905242e-03 5.551921e+01 2.193245e-03 9.999947e-01 2.386973e-03 1.583128e-01 -3.910479e-03 -2.378385e-03 9.999895e-01 -8.531504e+01
9.999327e-01 1.653917e-03 -1.148693e-02 5.600074e+01 -1.663589e-03 9.999983e-01 -8.325900e-04 1.590101e-01 1.148554e-02 8.516440e-04 9.999337e-01 -8.596278e+01
9.999869e-01 -2.018884e-03 4.704438e-03 5.630988e+01 2.008400e-03 9.999955e-01 2.232153e-03 1.577539e-01 -4.708923e-03 -2.222676e-03 9.999864e-01 -8.644134e+01
9.999332e-01 1.738518e-03 -1.142541e-02 5.660741e+01 -1.749858e-03 9.999980e-01 -9.825764e-04 1.521976e-01 1.142368e-02 1.002504e-03 9.999342e-01 -8.671533e+01
9.999934e-01 -2.020192e-03 3.022525e-03 5.712361e+01 2.012740e-03 9.999949e-01 2.466352e-03 1.446763e-01 -3.027492e-03 -2.460253e-03 9.999924e-01 -8.704534e+01
9.999511e-01 1.886112e-03 -9.702677e-03 5.740185e+01 -1.897532e-03 9.999975e-01 -1.168010e-03 1.400611e-01 9.700450e-03 1.186365e-03 9.999522e-01 -8.737330e+01
9.999911e-01 -1.950402e-03 3.734313e-03 5.743242e+01 1.941088e-03 9.999950e-01 2.496171e-03 1.407436e-01 -3.739163e-03 -2.488901e-03 9.999899e-01 -8.775508e+01
9.999554e-01 1.587925e-03 -9.310201e-03 5.722725e+01 -1.599260e-03 9.999980e-01 -1.210217e-03 1.530685e-01 9.308261e-03 1.225053e-03 9.999559e-01 -8.837684e+01
9.999905e-01 -1.961276e-03 3.889691e-03 5.672002e+01 1.953659e-03 9.999962e-01 1.961147e-03 1.753114e-01 -3.893523e-03 -1.953530e-03 9.999905e-01 -8.866579e+01
9.999542e-01 1.806839e-03 -9.401823e-03 5.616393e+01 -1.821428e-03 9.999971e-01 -1.543482e-03 1.955202e-01 9.399008e-03 1.560537e-03 9.999546e-01 -8.856082e+01
9.999913e-01 -1.923585e-03 3.705450e-03 5.564478e+01 1.916228e-03 9.999962e-01 1.987846e-03 2.136344e-01 -3.709259e-03 -1.980729e-03 9.999912e-01 -8.837220e+01
9.999535e-01 1.664761e-03 -9.503654e-03 5.489107e+01 -1.677634e-03 9.999977e-01 -1.346863e-03 2.401995e-01 9.501390e-03 1.362745e-03 9.999539e-01 -8.855836e+01
9.999877e-01 -2.067486e-03 4.512471e-03 5.459769e+01 2.055367e-03 9.999943e-01 2.688543e-03 2.530542e-01 -4.518004e-03 -2.679236e-03 9.999862e-01 -8.929934e+01
9.999539e-01 1.664255e-03 -9.457438e-03 5.472622e+01 -1.674696e-03 9.999980e-01 -1.096224e-03 2.559193e-01 9.455595e-03 1.112013e-03 9.999547e-01 -9.015812e+01
9.999860e-01 -2.158734e-03 4.837043e-03 5.476453e+01 2.145548e-03 9.999940e-01 2.729574e-03 2.602931e-01 -4.842906e-03 -2.719158e-03 9.999846e-01 -9.110904e+01
9.999472e-01 1.809480e-03 -1.011225e-02 5.463192e+01 -1.822703e-03 9.999975e-01 -1.298626e-03 2.693266e-01 1.010988e-02 1.316989e-03 9.999480e-01 -9.185194e+01
9.999906e-01 -2.159031e-03 3.765984e-03 5.476358e+01 2.148672e-03 9.999939e-01 2.752388e-03 2.742853e-01 -3.771904e-03 -2.744271e-03 9.999891e-01 -9.248344e+01
9.999284e-01 1.718685e-03 -1.183829e-02 5.527668e+01 -1.731914e-03 9.999979e-01 -1.107308e-03 2.737944e-01 1.183637e-02 1.127732e-03 9.999293e-01 -9.307255e+01
9.999878e-01 -2.193261e-03 4.427470e-03 5.565453e+01 2.180943e-03 9.999937e-01 2.785009e-03 2.752554e-01 -4.433551e-03 -2.775319e-03 9.999863e-01 -9.370962e+01
9.999462e-01 1.829611e-03 -1.020719e-02 5.561216e+01 -1.843310e-03 9.999974e-01 -1.332808e-03 2.830143e-01 1.020473e-02 1.351552e-03 9.999470e-01 -9.442166e+01
9.999861e-01 -2.165984e-03 4.810827e-03 5.580079e+01 2.151934e-03 9.999934e-01 2.923757e-03 2.851779e-01 -4.817128e-03 -2.913364e-03 9.999842e-01 -9.518019e+01
9.999394e-01 1.773105e-03 -1.086177e-02 5.604751e+01 -1.789268e-03 9.999973e-01 -1.478538e-03 2.869380e-01 1.085912e-02 1.497884e-03 9.999399e-01 -9.583253e+01
9.999897e-01 -1.933161e-03 4.101277e-03 5.635128e+01 1.921109e-03 9.999938e-01 2.940396e-03 2.855372e-01 -4.106937e-03 -2.932487e-03 9.999873e-01 -9.635914e+01
9.999329e-01 1.332524e-03 -1.151100e-02 5.686335e+01 -1.347315e-03 9.999983e-01 -1.277369e-03 2.869961e-01 1.150928e-02 1.292792e-03 9.999329e-01 -9.712606e+01
9.999967e-01 -2.211844e-03 1.342617e-03 5.771384e+01 2.207711e-03 9.999928e-01 3.071828e-03 2.816059e-01 -1.349402e-03 -3.068855e-03 9.999944e-01 -9.784896e+01
9.999374e-01 1.465981e-03 -1.108873e-02 5.850421e+01 -1.481127e-03 9.999980e-01 -1.357855e-03 2.769420e-01 1.108672e-02 1.374194e-03 9.999376e-01 -9.840768e+01
9.999864e-01 -1.992478e-03 4.823556e-03 5.881118e+01 1.977903e-03 9.999935e-01 3.024406e-03 2.799840e-01 -4.829550e-03 -3.014824e-03 9.999838e-01 -9.921575e+01
9.999455e-01 1.694204e-03 -1.030068e-02 5.892645e+01 -1.709599e-03 9.999974e-01 -1.486017e-03 2.806686e-01 1.029814e-02 1.503547e-03 9.999458e-01 -9.989023e+01
9.999945e-01 -1.864488e-03 2.750322e-03 5.927324e+01 1.856406e-03 9.999940e-01 2.938063e-03 2.733534e-01 -2.755783e-03 -2.932942e-03 9.999919e-01 -1.001979e+02
9.999607e-01 1.570178e-03 -8.727829e-03 5.943294e+01 -1.582244e-03 9.999978e-01 -1.375790e-03 2.758319e-01 8.725649e-03 1.389546e-03 9.999610e-01 -1.008566e+02
9.999933e-01 -1.965192e-03 3.097313e-03 5.943814e+01 1.956132e-03 9.999938e-01 2.925292e-03 2.851894e-01 -3.103043e-03 -2.919214e-03 9.999909e-01 -1.016935e+02
9.999533e-01 1.585162e-03 -9.531453e-03 5.981830e+01 -1.598100e-03 9.999978e-01 -1.349941e-03 2.876517e-01 9.529293e-03 1.365111e-03 9.999537e-01 -1.024501e+02
9.999974e-01 -1.468074e-03 1.745037e-03 6.004885e+01 1.464059e-03 9.999963e-01 2.299433e-03 2.840967e-01 -1.748406e-03 -2.296872e-03 9.999958e-01 -1.024194e+02
9.999420e-01 1.429724e-03 -1.067471e-02 6.005989e+01 -1.446093e-03 9.999978e-01 -1.525935e-03 2.920943e-01 1.067250e-02 1.541284e-03 9.999419e-01 -1.021409e+02
9.999983e-01 -1.409153e-03 1.172826e-03 6.041962e+01 1.406273e-03 9.999960e-01 2.451908e-03 2.783290e-01 -1.176277e-03 -2.450255e-03 9.999963e-01 -1.019213e+02
9.999232e-01 8.735638e-04 -1.235870e-02 6.060341e+01 -9.049494e-04 9.999964e-01 -2.534231e-03 2.758034e-01 1.235644e-02 2.545221e-03 9.999204e-01 -1.010689e+02
9.999974e-01 -1.479806e-03 -1.752932e-03 6.078540e+01 1.484663e-03 9.999951e-01 2.773273e-03 2.830266e-01 1.748819e-03 -2.775869e-03 9.999946e-01 -1.002113e+02
9.999174e-01 1.069811e-03 -1.281151e-02 6.171387e+01 -1.090970e-03 9.999981e-01 -1.644717e-03 2.418140e-01 1.280972e-02 1.658559e-03 9.999166e-01 -9.971972e+01
9.999988e-01 -1.401439e-03 5.864942e-04 6.215809e+01 1.400070e-03 9.999963e-01 2.326434e-03 2.208132e-01 -5.897525e-04 -2.325610e-03 9.999971e-01 -9.908441e+01
9.999611e-01 8.774518e-04 -8.775342e-03 6.173166e+01 -8.998852e-04 9.999963e-01 -2.552844e-03 2.512535e-01 8.773070e-03 2.560642e-03 9.999582e-01 -9.830276e+01
9.999990e-01 -1.357183e-03 -4.446699e-04 6.153346e+01 1.358319e-03 9.999958e-01 2.564375e-03 2.703772e-01 4.411876e-04 -2.564977e-03 9.999966e-01 -9.759477e+01
9.999667e-01 1.110235e-03 -8.084692e-03 6.146473e+01 -1.128951e-03 9.999967e-01 -2.310809e-03 2.757502e-01 8.082100e-03 2.319860e-03 9.999646e-01 -9.695644e+01
9.999981e-01 -1.923174e-03 4.391800e-04 6.062138e+01 1.922552e-03 9.999972e-01 1.411333e-03 3.337000e-01 -4.418931e-04 -1.410487e-03 9.999989e-01 -9.614168e+01
9.999496e-01 1.340643e-03 -9.950523e-03 6.040222e+01 -1.354399e-03 9.999981e-01 -1.375830e-03 3.598761e-01 9.948660e-03 1.389238e-03 9.999495e-01 -9.545151e+01
9.999954e-01 -1.610234e-03 -2.566198e-03 6.114506e+01 1.616792e-03 9.999954e-01 2.555798e-03 3.269946e-01 2.562071e-03 -2.559936e-03 9.999934e-01 -9.514912e+01
9.999642e-01 1.432213e-03 -8.338032e-03 6.138751e+01 -1.448643e-03 9.999970e-01 -1.964821e-03 3.263864e-01 8.335194e-03 1.976830e-03 9.999633e-01 -9.468898e+01
9.999980e-01 -2.011220e-03 -1.493138e-04 6.103833e+01 2.011464e-03 9.999966e-01 1.657017e-03 3.558839e-01 1.459806e-04 -1.657315e-03 9.999986e-01 -9.392655e+01
9.998783e-01 1.677436e-03 -1.550874e-02 6.165781e+01 -1.684702e-03 9.999985e-01 -4.555015e-04 3.668027e-01 1.550795e-02 4.815741e-04 9.998796e-01 -9.381799e+01
9.999957e-01 -2.530289e-03 -1.472538e-03 6.300964e+01 2.532837e-03 9.999953e-01 1.731125e-03 3.422204e-01 1.468151e-03 -1.734848e-03 9.999974e-01 -9.394584e+01
9.999573e-01 2.120682e-03 -8.990351e-03 6.316426e+01 -2.133783e-03 9.999967e-01 -1.447912e-03 3.380952e-01 8.987250e-03 1.467035e-03 9.999585e-01 -9.321325e+01
9.999961e-01 -2.765833e-03 3.957847e-04 6.290983e+01 2.765299e-03 9.999953e-01 1.342473e-03 3.629469e-01 -3.994959e-04 -1.341374e-03 9.999990e-01 -9.261607e+01
9.999463e-01 2.315300e-03 -1.010545e-02 6.286901e+01 -2.328753e-03 9.999964e-01 -1.319742e-03 3.755984e-01 1.010235e-02 1.343204e-03 9.999481e-01 -9.201236e+01
9.999960e-01 -2.823368e-03 1.848987e-04 6.273805e+01 2.823135e-03 9.999952e-01 1.245463e-03 3.912425e-01 -1.884142e-04 -1.244936e-03 9.999992e-01 -9.127144e+01
9.999450e-01 2.265458e-03 -1.023673e-02 6.272222e+01 -2.279382e-03 9.999965e-01 -1.348822e-03 4.016479e-01 1.023363e-02 1.372082e-03 9.999467e-01 -9.052673e+01
9.999949e-01 -3.106846e-03 6.890578e-04 6.225881e+01 3.106447e-03 9.999950e-01 5.778253e-04 4.397097e-01 -6.908496e-04 -5.756824e-04 9.999996e-01 -8.952217e+01
9.999480e-01 1.974265e-03 -1.000334e-02 6.162644e+01 -1.988742e-03 9.999970e-01 -1.437524e-03 4.920102e-01 1.000047e-02 1.457343e-03 9.999489e-01 -8.842742e+01
9.999955e-01 -2.751816e-03 1.194586e-03 6.120864e+01 2.750246e-03 9.999954e-01 1.313444e-03 5.266983e-01 -1.198195e-03 -1.310154e-03 9.999984e-01 -8.772150e+01
9.997651e-01 1.069764e-03 -2.164581e-02 6.294079e+01 -1.074071e-03 9.999994e-01 -1.873732e-04 4.513011e-01 2.164559e-02 2.105788e-04 9.997657e-01 -8.678134e+01
9.999515e-01 -3.478237e-03 -9.215462e-03 6.566073e+01 3.495481e-03 9.999922e-01 1.855876e-03 3.414719e-01 9.208935e-03 -1.887998e-03 9.999558e-01 -8.591981e+01
9.999936e-01 2.686400e-03 -2.380409e-03 6.589873e+01 -2.690842e-03 9.999946e-01 -1.864914e-03 3.295945e-01 2.375386e-03 1.871308e-03 9.999954e-01 -8.508226e+01
9.999424e-01 -3.116034e-03 -1.026816e-02 6.642978e+01 3.148026e-03 9.999902e-01 3.101035e-03 3.142871e-01 1.025839e-02 -3.133181e-03 9.999425e-01 -8.471415e+01
9.999899e-01 1.991546e-03 -4.021083e-03 6.766048e+01 -1.997246e-03 9.999970e-01 -1.414198e-03 3.012622e-01 4.018255e-03 1.422215e-03 9.999909e-01 -8.518116e+01
9.999223e-01 -3.120181e-03 -1.206820e-02 6.919111e+01 3.159995e-03 9.999896e-01 3.281470e-03 2.669194e-01 1.205784e-02 -3.319351e-03 9.999218e-01 -8.554801e+01
9.998591e-01 1.169534e-03 -1.674719e-02 7.195273e+01 -1.190665e-03 9.999985e-01 -1.251932e-03 1.785728e-01 1.674570e-02 1.271696e-03 9.998590e-01 -8.531732e+01
9.999793e-01 -2.377926e-03 -5.978750e-03 7.383424e+01 2.393975e-03 9.999935e-01 2.678729e-03 1.026332e-01 5.972342e-03 -2.692987e-03 9.999785e-01 -8.472292e+01
9.996666e-01 -4.021558e-05 -2.581909e-02 7.672811e+01 9.684086e-06 9.999993e-01 -1.182661e-03 -2.506168e-02 2.581911e-02 1.182017e-03 9.996659e-01 -8.335094e+01
9.999875e-01 -2.158735e-03 -4.509840e-03 7.951431e+01 2.174078e-03 9.999919e-01 3.400143e-03 -8.172882e-02 4.502463e-03 -3.409906e-03 9.999841e-01 -8.353540e+01
9.999565e-01 5.822892e-04 -9.305419e-03 8.049828e+01 -5.959450e-04 9.999987e-01 -1.464863e-03 -5.932960e-02 9.304554e-03 1.470345e-03 9.999556e-01 -8.449578e+01
9.999960e-01 -2.771449e-03 6.036090e-04 7.812794e+01 2.772294e-03 9.999952e-01 -1.404443e-03 9.595803e-02 -5.997137e-04 1.406110e-03 9.999988e-01 -8.294443e+01
9.999435e-01 -3.742999e-04 -1.062056e-02 7.534193e+01 3.511886e-04 9.999976e-01 -2.177925e-03 2.824433e-01 1.062134e-02 2.174073e-03 9.999412e-01 -8.108763e+01
9.999968e-01 -1.432419e-03 2.071751e-03 7.368091e+01 1.431666e-03 9.999989e-01 3.645656e-04 3.918658e-01 -2.072271e-03 -3.615987e-04 9.999978e-01 -7.986552e+01
9.999610e-01 7.257339e-04 -8.807357e-03 7.254454e+01 -7.325352e-04 9.999994e-01 -7.690804e-04 4.513636e-01 8.806793e-03 7.755025e-04 9.999609e-01 -7.944859e+01
9.999975e-01 -2.140126e-03 6.179079e-04 7.112025e+01 2.140561e-03 9.999975e-01 -7.052598e-04 5.471214e-01 -6.163970e-04 7.065803e-04 9.999996e-01 -7.844344e+01
9.999493e-01 -4.279258e-04 -1.005907e-02 6.900703e+01 4.061725e-04 9.999976e-01 -2.164554e-03 6.972885e-01 1.005997e-02 2.160359e-03 9.999471e-01 -7.667620e+01
9.999949e-01 -2.997133e-03 1.131519e-03 6.588610e+01 2.999880e-03 9.999925e-01 -2.434594e-03 9.079971e-01 -1.124214e-03 2.437976e-03 9.999964e-01 -7.435064e+01
9.999298e-01 3.268967e-04 -1.184031e-02 6.363111e+01 -3.331480e-04 9.999998e-01 -5.260501e-04 1.065107e+00 1.184013e-02 5.299581e-04 9.999298e-01 -7.260795e+01
9.999954e-01 -2.139162e-03 2.134112e-03 6.227606e+01 2.141648e-03 9.999970e-01 -1.163608e-03 1.171945e+00 -2.131616e-03 1.168173e-03 9.999970e-01 -7.134463e+01
9.999202e-01 -4.439661e-04 -1.262782e-02 6.053230e+01 4.271081e-04 9.999990e-01 -1.337694e-03 1.310202e+00 1.262840e-02 1.332194e-03 9.999194e-01 -6.971102e+01
9.999903e-01 -1.944345e-03 3.957101e-03 5.846540e+01 1.950771e-03 9.999968e-01 -1.621044e-03 1.455905e+00 -3.953936e-03 1.628748e-03 9.999909e-01 -6.796165e+01
9.999203e-01 -3.732527e-04 -1.261869e-02 5.626517e+01 3.577040e-04 9.999992e-01 -1.234473e-03 1.603788e+00 1.261914e-02 1.229861e-03 9.999196e-01 -6.638860e+01
9.999936e-01 -1.763652e-03 3.122106e-03 5.411238e+01 1.767255e-03 9.999978e-01 -1.151870e-03 1.742215e+00 -3.120067e-03 1.157380e-03 9.999945e-01 -6.509947e+01
9.999441e-01 1.009694e-03 -1.052802e-02 5.312837e+01 -1.002047e-03 9.999992e-01 7.315442e-04 1.800325e+00 1.052875e-02 -7.209534e-04 9.999443e-01 -6.457709e+01
9.999944e-01 -1.696755e-03 2.874924e-03 5.241862e+01 1.699072e-03 9.999982e-01 -8.041550e-04 1.848977e+00 -2.873554e-03 8.090349e-04 9.999955e-01 -6.422625e+01
9.999246e-01 1.791219e-04 -1.227839e-02 5.143809e+01 -1.816294e-04 1.000000e+00 -2.031459e-04 1.929901e+00 1.227835e-02 2.053610e-04 9.999246e-01 -6.331892e+01
9.999919e-01 -1.410726e-03 3.756433e-03 5.045536e+01 1.414033e-03 9.999986e-01 -8.779964e-04 2.003972e+00 -3.755189e-03 8.833007e-04 9.999926e-01 -6.236903e+01
9.999391e-01 1.197640e-03 -1.097282e-02 5.011650e+01 -1.185581e-03 9.999987e-01 1.105456e-03 2.027344e+00 1.097413e-02 -1.092379e-03 9.999392e-01 -6.188298e+01
9.999908e-01 -1.262068e-03 4.096565e-03 4.987786e+01 1.265093e-03 9.999989e-01 -7.360889e-04 2.041368e+00 -4.095631e-03 7.412643e-04 9.999913e-01 -6.143629e+01
9.998860e-01 9.997247e-04 -1.506428e-02 4.979712e+01 -9.782363e-04 9.999985e-01 1.433712e-03 2.064664e+00 1.506569e-02 -1.418811e-03 9.998855e-01 -6.108671e+01
9.999789e-01 -1.626969e-03 6.284953e-03 4.846545e+01 1.637703e-03 9.999972e-01 -1.703300e-03 2.126915e+00 -6.282164e-03 1.713557e-03 9.999788e-01 -6.072837e+01
9.998720e-01 8.816196e-04 -1.597255e-02 4.792734e+01 -8.540872e-04 9.999981e-01 1.730436e-03 2.156548e+00 1.597405e-02 -1.716572e-03 9.998709e-01 -6.031815e+01
9.999579e-01 -2.826247e-03 -8.733170e-03 5.032909e+01 2.833074e-03 9.999957e-01 7.695411e-04 2.128527e+00 8.730958e-03 -7.942507e-04 9.999616e-01 -6.122006e+01
9.999096e-01 9.014491e-04 -1.341898e-02 5.233155e+01 -8.852558e-04 9.999989e-01 1.212594e-03 2.093730e+00 1.342006e-02 -1.200605e-03 9.999092e-01 -6.153502e+01
9.999969e-01 -2.225917e-03 1.072830e-03 5.235306e+01 2.227215e-03 9.999968e-01 -1.210709e-03 2.115996e+00 -1.070131e-03 1.213095e-03 9.999987e-01 -6.038892e+01
9.999472e-01 1.734900e-03 -1.012727e-02 5.294208e+01 -1.709233e-03 9.999953e-01 2.542425e-03 2.113245e+00 1.013163e-02 -2.524981e-03 9.999455e-01 -6.057878e+01
9.999928e-01 -1.728692e-03 3.374942e-03 5.325003e+01 1.732677e-03 9.999978e-01 -1.178329e-03 2.107872e+00 -3.372898e-03 1.184167e-03 9.999936e-01 -6.091134e+01
9.999448e-01 1.811302e-03 -1.034966e-02 5.350236e+01 -1.787645e-03 9.999958e-01 2.294516e-03 2.099767e+00 1.035378e-02 -2.275887e-03 9.999438e-01 -6.091171e+01
9.999934e-01 -1.757925e-03 3.165970e-03 5.371511e+01 1.762377e-03 9.999975e-01 -1.404171e-03 2.090842e+00 -3.163494e-03 1.409741e-03 9.999940e-01 -6.072294e+01
9.999180e-01 1.698282e-03 -1.269280e-02 5.418162e+01 -1.667051e-03 9.999956e-01 2.470640e-03 2.069105e+00 1.269694e-02 -2.449278e-03 9.999164e-01 -6.048106e+01
9.999856e-01 -2.032706e-03 4.970371e-03 5.411542e+01 2.045434e-03 9.999946e-01 -2.557028e-03 2.073240e+00 -4.965147e-03 2.567157e-03 9.999844e-01 -5.975795e+01
9.998586e-01 1.452347e-03 -1.675518e-02 5.420534e+01 -1.401761e-03 9.999944e-01 3.030471e-03 2.084650e+00 1.675949e-02 -3.006556e-03 9.998550e-01 -5.908362e+01
9.999958e-01 -2.413767e-03 1.617161e-03 5.518340e+01 2.416711e-03 9.999954e-01 -1.821266e-03 2.078920e+00 -1.612757e-03 1.825166e-03 9.999970e-01 -5.904917e+01
9.998929e-01 1.585091e-03 -1.455071e-02 5.571623e+01 -1.541758e-03 9.999943e-01 2.988731e-03 2.093618e+00 1.455537e-02 -2.965977e-03 9.998897e-01 -5.901664e+01
9.999931e-01 -1.756699e-03 3.259304e-03 5.639581e+01 1.762127e-03 9.999971e-01 -1.663306e-03 2.081653e+00 -3.256372e-03 1.669038e-03 9.999933e-01 -5.911087e+01
9.998827e-01 1.445120e-03 -1.524544e-02 5.696715e+01 -1.400942e-03 9.999948e-01 2.908013e-03 2.081423e+00 1.524956e-02 -2.886313e-03 9.998796e-01 -5.906641e+01
9.999952e-01 -1.721153e-03 2.559273e-03 5.745862e+01 1.726134e-03 9.999966e-01 -1.945564e-03 2.089315e+00 -2.555916e-03 1.949972e-03 9.999948e-01 -5.885765e+01
9.999168e-01 1.574839e-03 -1.280295e-02 5.752102e+01 -1.542283e-03 9.999956e-01 2.552281e-03 2.105098e+00 1.280691e-02 -2.532323e-03 9.999148e-01 -5.848088e+01
9.999983e-01 -1.774231e-03 5.383424e-04 5.804262e+01 1.775080e-03 9.999972e-01 -1.582454e-03 2.112236e+00 -5.355331e-04 1.583407e-03 9.999986e-01 -5.844247e+01
9.999334e-01 1.440821e-03 -1.145234e-02 5.795769e+01 -1.417857e-03 9.999970e-01 2.012977e-03 2.142589e+00 1.145521e-02 -1.996605e-03 9.999324e-01 -5.819420e+01
9.999978e-01 -1.878803e-03 -9.710640e-04 5.820953e+01 1.877558e-03 9.999974e-01 -1.280902e-03 2.168230e+00 9.734683e-04 1.279075e-03 9.999987e-01 -5.811904e+01
9.999481e-01 1.580520e-03 -1.006886e-02 5.821370e+01 -1.561442e-03 9.999970e-01 1.902229e-03 2.191984e+00 1.007183e-02 -1.886408e-03 9.999475e-01 -5.795167e+01
9.999951e-01 -2.174742e-03 2.265314e-03 5.738850e+01 2.179672e-03 9.999953e-01 -2.176214e-03 2.244211e+00 -2.260571e-03 2.181141e-03 9.999951e-01 -5.740612e+01
9.999476e-01 1.666980e-03 -1.010050e-02 5.669009e+01 -1.643395e-03 9.999959e-01 2.342802e-03 2.286472e+00 1.010437e-02 -2.326079e-03 9.999462e-01 -5.709814e+01
9.999908e-01 -2.377025e-03 -3.560670e-03 5.776812e+01 2.375120e-03 9.999970e-01 -5.389741e-04 2.293399e+00 3.561941e-03 5.305118e-04 9.999935e-01 -5.818091e+01
9.999603e-01 1.021210e-03 -8.857438e-03 5.899683e+01 -9.974764e-04 9.999959e-01 2.683388e-03 2.304142e+00 8.860142e-03 -2.674446e-03 9.999572e-01 -5.933260e+01
9.999989e-01 -1.401868e-03 -5.381353e-04 5.960244e+01 1.401237e-03 9.999983e-01 -1.169622e-03 2.307867e+00 5.397742e-04 1.168867e-03 9.999992e-01 -5.991452e+01
9.999688e-01 1.443298e-03 -7.768753e-03 5.961644e+01 -1.430042e-03 9.999975e-01 1.711508e-03 2.315263e+00 7.771203e-03 -1.700345e-03 9.999684e-01 -5.967633e+01
9.999985e-01 -1.728986e-03 2.696800e-05 5.929125e+01 1.729027e-03 9.999972e-01 -1.627459e-03 2.340530e+00 -2.415385e-05 1.627503e-03 9.999987e-01 -5.910076e+01
9.999735e-01 1.085129e-03 -7.192575e-03 5.843685e+01 -1.076594e-03 9.999987e-01 1.190232e-03 2.394275e+00 7.193857e-03 -1.182457e-03 9.999734e-01 -5.850484e+01
9.999984e-01 -1.774447e-03 3.470870e-04 5.752740e+01 1.775046e-03 9.999969e-01 -1.734407e-03 2.450695e+00 -3.440081e-04 1.735020e-03 9.999984e-01 -5.788971e+01
9.999670e-01 2.589187e-04 -8.120178e-03 5.583455e+01 -2.593242e-04 1.000000e+00 -4.896067e-05 2.559234e+00 8.120164e-03 5.106505e-05 9.999670e-01 -5.681391e+01
9.999980e-01 -1.834784e-03 -8.125938e-04 5.428976e+01 1.833427e-03 9.999969e-01 -1.666311e-03 2.663318e+00 8.156489e-04 1.664818e-03 9.999983e-01 -5.570331e+01
9.999317e-01 1.790638e-03 -1.154789e-02 5.486464e+01 -1.758448e-03 9.999945e-01 2.796991e-03 2.652846e+00 1.155283e-02 -2.776493e-03 9.999294e-01 -5.552413e+01
9.999955e-01 -2.698880e-03 -1.324049e-03 5.618333e+01 2.697805e-03 9.999960e-01 -8.124437e-04 2.661189e+00 1.326237e-03 8.088677e-04 9.999988e-01 -5.681213e+01
9.999381e-01 7.579257e-04 -1.110032e-02 5.760308e+01 -7.239480e-04 9.999950e-01 3.064603e-03 2.677941e+00 1.110258e-02 -3.056377e-03 9.999337e-01 -5.871421e+01
9.999984e-01 -1.813301e-03 -7.801695e-05 5.860683e+01 1.813222e-03 9.999979e-01 -9.914317e-04 2.689865e+00 7.981479e-05 9.912884e-04 9.999995e-01 -6.005961e+01
