9.999812e-01 8.396416e-04 -6.071677e-03 2.712076e-01 -8.295635e-04 9.999983e-01 1.662182e-03 -1.081685e-02 6.073062e-03 -1.657114e-03 9.999802e-01 5.864748e-01
9.999994e-01 5.801798e-04 -8.762790e-04 1.244477e+00 -5.797293e-04 9.999997e-01 5.142172e-04 -3.183377e-02 8.765774e-04 -5.137082e-04 9.999995e-01 9.650847e-01
9.999850e-01 2.022007e-04 -5.467523e-03 1.873043e+00 -1.957056e-04 9.999993e-01 1.188467e-03 -4.301362e-02 5.467759e-03 -1.187380e-03 9.999843e-01 1.095483e+00
9.999998e-01 1.677310e-04 6.050513e-04 1.880714e+00 -1.677810e-04 1.000000e+00 8.262255e-05 -4.952977e-02 -6.050371e-04 -8.272333e-05 9.999998e-01 1.532971e+00
9.999839e-01 4.476671e-04 -5.661575e-03 1.989904e+00 -4.407980e-04 9.999992e-01 1.214471e-03 -6.611618e-02 5.662114e-03 -1.211956e-03 9.999832e-01 2.031282e+00
9.999995e-01 8.709263e-04 -4.579952e-04 2.326479e+00 -8.706320e-04 9.999994e-01 6.423352e-04 -1.092471e-01 4.585547e-04 -6.419354e-04 9.999997e-01 3.227528e+00
9.999903e-01 1.162087e-04 -4.401158e-03 2.508418e+00 -1.125489e-04 9.999996e-01 8.317884e-04 -1.429173e-01 4.401252e-03 -8.312857e-04 9.999900e-01 4.152444e+00
9.999999e-01 4.967639e-04 -2.973339e-05 2.602789e+00 -4.967535e-04 9.999998e-01 3.471432e-04 -1.619258e-01 2.990617e-05 -3.471277e-04 9.999999e-01 4.686467e+00
9.999935e-01 3.069372e-04 -3.586636e-03 2.609939e+00 -3.033475e-04 9.999995e-01 1.001363e-03 -1.815210e-01 3.586941e-03 -1.000269e-03 9.999931e-01 5.740033e+00
9.999998e-01 5.016025e-04 -4.080058e-04 2.610818e+00 -5.014532e-04 9.999998e-01 3.657930e-04 -2.020383e-01 4.081896e-04 -3.655876e-04 9.999998e-01 6.878669e+00
9.999928e-01 1.313821e-04 -3.783034e-03 2.434647e+00 -1.273907e-04 9.999994e-01 1.055297e-03 -2.076616e-01 3.783170e-03 -1.054808e-03 9.999923e-01 7.960906e+00
9.999997e-01 4.685000e-04 -5.416719e-04 2.272325e+00 -4.683201e-04 9.999998e-01 3.321684e-04 -2.107506e-01 5.418278e-04 -3.319139e-04 9.999998e-01 8.773014e+00
9.999698e-01 6.193369e-04 -7.743779e-03 3.153743e+00 -6.063439e-04 9.999984e-01 1.680103e-03 -2.223901e-01 7.744806e-03 -1.675357e-03 9.999686e-01 8.682513e+00
9.999992e-01 5.622742e-04 1.112147e-03 3.892520e+00 -5.625306e-04 9.999998e-01 2.302154e-04 -2.432841e-01 -1.112017e-03 -2.308401e-04 9.999994e-01 9.074778e+00
9.999711e-01 7.057353e-04 -7.567768e-03 4.314430e+00 -6.939470e-04 9.999985e-01 1.560220e-03 -2.793087e-01 7.568858e-03 -1.554925e-03 9.999701e-01 1.002183e+01
9.999989e-01 8.547105e-04 1.177557e-03 4.753573e+00 -8.550542e-04 9.999996e-01 2.913801e-04 -3.238966e-01 -1.177307e-03 -2.923859e-04 9.999993e-01 1.122808e+01
9.999810e-01 4.579673e-04 -6.139527e-03 4.963641e+00 -4.492697e-04 9.999989e-01 1.417972e-03 -3.613064e-01 6.140169e-03 -1.415188e-03 9.999801e-01 1.240670e+01
9.999987e-01 3.536037e-04 1.604014e-03 5.061728e+00 -3.535351e-04 9.999999e-01 -4.304066e-05 -3.860842e-01 -1.604029e-03 4.247424e-05 9.999987e-01 1.323785e+01
9.999713e-01 6.451582e-04 -7.550514e-03 5.432558e+00 -6.322383e-04 9.999983e-01 1.713396e-03 -4.164595e-01 7.551607e-03 -1.708574e-03 9.999700e-01 1.390041e+01
9.999973e-01 4.370920e-04 2.283540e-03 5.662515e+00 -4.368870e-04 9.999999e-01 -9.025284e-05 -4.500699e-01 -2.283579e-03 8.925566e-05 9.999974e-01 1.488971e+01
9.999747e-01 7.521438e-04 -7.072259e-03 5.838221e+00 -7.398445e-04 9.999982e-01 1.741553e-03 -4.850956e-01 7.073556e-03 -1.736277e-03 9.999735e-01 1.610785e+01
9.999970e-01 5.109437e-04 2.412905e-03 6.006671e+00 -5.107408e-04 9.999999e-01 -8.467760e-05 -5.227059e-01 -2.412947e-03 8.344569e-05 9.999971e-01 1.748473e+01
9.999669e-01 1.170312e-03 -8.051950e-03 6.261104e+00 -1.155612e-03 9.999977e-01 1.830043e-03 -5.615820e-01 8.054072e-03 -1.820678e-03 9.999659e-01 1.892736e+01
9.999976e-01 5.908397e-04 2.112191e-03 6.701377e+00 -5.915127e-04 9.999998e-01 3.180480e-04 -6.098738e-01 -2.112002e-03 -3.192959e-04 9.999977e-01 2.046238e+01
9.999680e-01 1.247868e-03 -7.898121e-03 7.093564e+00 -1.234717e-03 9.999978e-01 1.669821e-03 -6.625037e-01 7.900188e-03 -1.660016e-03 9.999674e-01 2.195042e+01
9.999996e-01 7.757179e-04 4.012291e-04 7.736351e+00 -7.759487e-04 9.999995e-01 5.754796e-04 -7.218779e-01 -4.007822e-04 -5.757900e-04 9.999998e-01 2.336377e+01
9.999833e-01 8.645521e-04 -5.716375e-03 8.118958e+00 -8.562012e-04 9.999986e-01 1.463168e-03 -7.685534e-01 5.717632e-03 -1.458250e-03 9.999826e-01 2.482096e+01
9.999996e-01 7.448225e-04 -4.115257e-04 8.534883e+00 -7.446391e-04 9.999996e-01 4.455053e-04 -8.166889e-01 4.118577e-04 -4.451979e-04 9.999998e-01 2.612348e+01
9.999684e-01 9.594086e-04 -7.890909e-03 9.347445e+00 -9.445260e-04 9.999978e-01 1.889565e-03 -8.668050e-01 7.892704e-03 -1.882053e-03 9.999671e-01 2.712394e+01
9.999988e-01 5.518506e-04 1.477461e-03 9.927445e+00 -5.522680e-04 9.999998e-01 2.821535e-04 -9.148428e-01 -1.477304e-03 -2.829684e-04 9.999989e-01 2.828789e+01
9.999839e-01 7.545512e-04 -5.622308e-03 1.007855e+01 -7.470980e-04 9.999988e-01 1.327643e-03 -9.538583e-01 5.623303e-03 -1.323422e-03 9.999833e-01 2.974167e+01
9.999982e-01 2.718722e-04 1.887083e-03 1.014542e+01 -2.720799e-04 1.000000e+00 1.098423e-04 -9.829527e-01 -1.887053e-03 -1.103549e-04 9.999982e-01 3.099234e+01
9.999818e-01 6.873932e-04 -5.993224e-03 1.019109e+01 -6.795706e-04 9.999989e-01 1.307197e-03 -1.007783e+00 5.994115e-03 -1.303101e-03 9.999812e-01 3.212205e+01
9.999982e-01 -1.016872e-04 1.901370e-03 1.016786e+01 1.017354e-04 1.000000e+00 -2.522181e-05 -1.022468e+00 -1.901367e-03 2.541591e-05 9.999982e-01 3.297806e+01
9.999829e-01 3.252847e-04 -5.847249e-03 1.004505e+01 -3.177981e-04 9.999991e-01 1.281269e-03 -1.025659e+00 5.847660e-03 -1.279389e-03 9.999821e-01 3.301796e+01
9.999982e-01 -1.874052e-04 1.881776e-03 9.970673e+00 1.875542e-04 1.000000e+00 -7.893706e-05 -1.028343e+00 -1.881761e-03 7.929057e-05 9.999982e-01 3.295554e+01
9.999792e-01 5.963887e-04 -6.416629e-03 9.971309e+00 -5.878293e-04 9.999989e-01 1.335752e-03 -1.041200e+00 6.417419e-03 -1.331953e-03 9.999785e-01 3.346362e+01
9.999986e-01 -1.120080e-06 1.658852e-03 9.934394e+00 1.124661e-06 1.000000e+00 -2.707450e-06 -1.051672e+00 -1.658852e-03 2.710025e-06 9.999986e-01 3.415723e+01
9.999812e-01 5.301610e-05 -6.133543e-03 9.886285e+00 -4.522980e-05 9.999992e-01 1.269607e-03 -1.054769e+00 6.133605e-03 -1.269306e-03 9.999804e-01 3.413152e+01
9.999983e-01 2.374113e-04 1.832874e-03 9.919175e+00 -2.372924e-04 1.000000e+00 -6.505938e-05 -1.063566e+00 -1.832890e-03 6.462506e-05 9.999983e-01 3.424031e+01
9.999813e-01 8.033445e-05 -6.108281e-03 9.954339e+00 -7.289288e-05 9.999993e-01 1.218504e-03 -1.074846e+00 6.108374e-03 -1.218037e-03 9.999806e-01 3.445053e+01
9.999985e-01 1.958129e-04 1.746980e-03 9.967208e+00 -1.957672e-04 1.000000e+00 -2.625026e-05 -1.083107e+00 -1.746985e-03 2.590893e-05 9.999985e-01 3.453326e+01
9.999772e-01 1.578232e-04 -6.749190e-03 1.020851e+01 -1.495106e-04 9.999992e-01 1.232139e-03 -1.095073e+00 6.749379e-03 -1.231103e-03 9.999765e-01 3.446720e+01
9.999992e-01 3.011364e-04 1.230216e-03 1.057056e+01 -3.011869e-04 1.000000e+00 4.096990e-05 -1.107306e+00 -1.230203e-03 -4.133968e-05 9.999992e-01 3.433458e+01
9.999747e-01 -2.603765e-05 -7.106489e-03 1.089221e+01 3.536650e-05 9.999991e-01 1.312614e-03 -1.119484e+00 7.106449e-03 -1.312833e-03 9.999739e-01 3.438186e+01
9.999993e-01 5.486019e-04 1.000995e-03 1.125163e+01 -5.486757e-04 9.999998e-01 7.353036e-05 -1.130412e+00 -1.000954e-03 -7.407882e-05 9.999995e-01 3.427520e+01
9.999810e-01 -1.662139e-04 -6.166741e-03 1.136815e+01 1.737937e-04 9.999992e-01 1.228640e-03 -1.144517e+00 6.166532e-03 -1.229689e-03 9.999802e-01 3.454959e+01
9.999994e-01 7.241109e-04 8.431005e-04 1.149211e+01 -7.241625e-04 9.999997e-01 6.098121e-05 -1.159553e+00 -8.430558e-04 -6.159100e-05 9.999996e-01 3.494035e+01
9.999846e-01 -3.464202e-04 -5.531174e-03 1.153283e+01 3.525111e-04 9.999993e-01 1.100275e-03 -1.173904e+00 5.530789e-03 -1.102209e-03 9.999841e-01 3.540558e+01
9.999993e-01 1.022606e-03 6.665599e-04 1.163301e+01 -1.022747e-03 9.999995e-01 2.112605e-04 -1.194832e+00 -6.663432e-04 -2.119414e-04 9.999998e-01 3.602465e+01
9.999831e-01 -6.359712e-04 -5.785395e-03 1.169096e+01 6.416654e-04 9.999993e-01 9.824525e-04 -1.205758e+00 5.784766e-03 -9.861488e-04 9.999828e-01 3.625587e+01
9.999990e-01 1.074813e-03 9.482961e-04 1.177027e+01 -1.075050e-03 9.999994e-01 2.489522e-04 -1.222765e+00 -9.480276e-04 -2.499707e-04 9.999995e-01 3.671132e+01
9.999848e-01 -6.029428e-04 -5.484996e-03 1.181627e+01 6.081350e-04 9.999994e-01 9.450258e-04 -1.238739e+00 5.484423e-03 -9.483477e-04 9.999845e-01 3.724834e+01
9.999995e-01 9.378254e-04 4.321330e-04 1.205965e+01 -9.379431e-04 9.999995e-01 2.724430e-04 -1.248970e+00 -4.318770e-04 -2.728474e-04 9.999999e-01 3.704929e+01
9.999799e-01 -5.047860e-04 -6.317665e-03 1.250016e+01 5.119480e-04 9.999992e-01 1.132090e-03 -1.264032e+00 6.317088e-03 -1.135303e-03 9.999794e-01 3.703333e+01
9.999991e-01 1.133108e-03 6.498199e-04 1.297425e+01 -1.133275e-03 9.999993e-01 2.556786e-04 -1.284717e+00 -6.495294e-04 -2.564141e-04 9.999998e-01 3.712996e+01
9.999841e-01 -5.769285e-04 -5.605757e-03 1.331574e+01 5.829941e-04 9.999992e-01 1.080478e-03 -1.306732e+00 5.605129e-03 -1.083730e-03 9.999837e-01 3.747258e+01
9.999980e-01 1.655598e-03 -1.093673e-03 1.377568e+01 -1.654807e-03 9.999984e-01 7.230757e-04 -1.343185e+00 1.094868e-03 -7.212638e-04 9.999991e-01 3.817798e+01
9.999928e-01 -1.636709e-03 -3.425993e-03 1.393646e+01 1.638831e-03 9.999985e-01 6.168521e-04 -1.344205e+00 3.424978e-03 -6.224630e-04 9.999939e-01 3.752999e+01
9.999989e-01 1.474325e-03 -6.388933e-05 1.411818e+01 -1.474279e-03 9.999987e-01 7.213233e-04 -1.341943e+00 6.495303e-05 -7.212276e-04 9.999997e-01 3.659561e+01
9.999915e-01 -1.666305e-03 -3.771891e-03 1.416212e+01 1.668768e-03 9.999984e-01 6.498895e-04 -1.342350e+00 3.770802e-03 -6.561791e-04 9.999927e-01 3.583026e+01
9.999982e-01 1.729326e-03 -7.577569e-04 1.420189e+01 -1.728874e-03 9.999983e-01 5.961139e-04 -1.349621e+00 7.587868e-04 -5.948021e-04 9.999995e-01 3.572902e+01
9.999917e-01 -1.238679e-03 -3.888881e-03 1.441874e+01 1.240967e-03 9.999991e-01 5.860546e-04 -1.364366e+00 3.888152e-03 -5.908765e-04 9.999923e-01 3.579064e+01
9.999976e-01 1.869632e-03 -1.171495e-03 1.493157e+01 -1.868820e-03 9.999980e-01 6.933407e-04 -1.381601e+00 1.172790e-03 -6.911490e-04 9.999991e-01 3.557874e+01
9.999936e-01 -1.665139e-03 -3.180991e-03 1.517023e+01 1.666337e-03 9.999985e-01 3.740953e-04 -1.397832e+00 3.180363e-03 -3.793942e-04 9.999949e-01 3.559144e+01
9.999973e-01 1.909456e-03 -1.331436e-03 1.514286e+01 -1.908341e-03 9.999978e-01 8.382713e-04 -1.402288e+00 1.333034e-03 -8.357275e-04 9.999988e-01 3.558948e+01
9.999931e-01 -1.781880e-03 -3.247943e-03 1.506234e+01 1.783140e-03 9.999983e-01 3.852776e-04 -1.404803e+00 3.247251e-03 -3.910672e-04 9.999947e-01 3.551502e+01
9.999973e-01 1.897401e-03 -1.378054e-03 1.492124e+01 -1.896165e-03 9.999978e-01 8.974815e-04 -1.405536e+00 1.379754e-03 -8.948653e-04 9.999986e-01 3.556712e+01
9.999934e-01 -1.823782e-03 -3.136364e-03 1.469423e+01 1.825001e-03 9.999983e-01 3.859196e-04 -1.404328e+00 3.135654e-03 -3.916416e-04 9.999950e-01 3.568687e+01
9.999974e-01 1.851930e-03 -1.347468e-03 1.462337e+01 -1.850757e-03 9.999979e-01 8.713164e-04 -1.406006e+00 1.349079e-03 -8.688196e-04 9.999987e-01 3.550156e+01
9.999937e-01 -1.845784e-03 -3.032069e-03 1.453577e+01 1.846986e-03 9.999982e-01 3.937952e-04 -1.406613e+00 3.031336e-03 -3.993936e-04 9.999953e-01 3.520914e+01
9.999973e-01 1.886034e-03 -1.390517e-03 1.440972e+01 -1.884795e-03 9.999978e-01 8.916410e-04 -1.407215e+00 1.392196e-03 -8.890170e-04 9.999986e-01 3.504718e+01
9.999943e-01 -1.786131e-03 -2.869583e-03 1.436989e+01 1.787149e-03 9.999983e-01 3.523719e-04 -1.410175e+00 2.868948e-03 -3.574990e-04 9.999958e-01 3.490810e+01
9.999978e-01 1.729678e-03 -1.217916e-03 1.431083e+01 -1.728520e-03 9.999981e-01 9.515578e-04 -1.410978e+00 1.219560e-03 -9.494497e-04 9.999988e-01 3.452004e+01
9.999943e-01 -1.563221e-03 -3.001224e-03 1.419916e+01 1.564069e-03 9.999987e-01 2.802441e-04 -1.417095e+00 3.000782e-03 -2.849373e-04 9.999955e-01 3.461864e+01
9.999972e-01 1.877428e-03 -1.408324e-03 1.403373e+01 -1.876018e-03 9.999977e-01 1.001300e-03 -1.418117e+00 1.410201e-03 -9.986545e-04 9.999985e-01 3.515638e+01
9.999956e-01 -1.263728e-03 -2.682201e-03 1.401738e+01 1.264172e-03 9.999992e-01 1.639220e-04 -1.429924e+00 2.681992e-03 -1.673128e-04 9.999964e-01 3.585226e+01
9.999970e-01 1.669228e-03 -1.777250e-03 1.403071e+01 -1.667454e-03 9.999981e-01 9.990581e-04 -1.444706e+00 1.778914e-03 -9.960909e-04 9.999979e-01 3.642876e+01
9.999948e-01 -1.459095e-03 -2.863779e-03 1.386996e+01 1.459981e-03 9.999989e-01 3.073773e-04 -1.447125e+00 2.863327e-03 -3.115575e-04 9.999959e-01 3.660284e+01
9.999979e-01 1.370874e-03 -1.530787e-03 1.395060e+01 -1.369457e-03 9.999986e-01 9.261508e-04 -1.448623e+00 1.532055e-03 -9.240518e-04 9.999984e-01 3.615042e+01
9.999949e-01 -1.274379e-03 -2.919888e-03 1.380249e+01 1.275410e-03 9.999991e-01 3.515704e-04 -1.449590e+00 2.919437e-03 -3.552934e-04 9.999957e-01 3.622745e+01
9.999978e-01 1.341171e-03 -1.585025e-03 1.368191e+01 -1.339814e-03 9.999987e-01 8.568144e-04 -1.448564e+00 1.586172e-03 -8.546883e-04 9.999984e-01 3.607989e+01
9.999930e-01 -1.256984e-03 -3.533632e-03 1.360547e+01 1.258722e-03 9.999991e-01 4.895163e-04 -1.448853e+00 3.533013e-03 -4.939614e-04 9.999936e-01 3.584792e+01
9.999977e-01 1.472938e-03 -1.546737e-03 1.369753e+01 -1.471771e-03 9.999986e-01 7.550479e-04 -1.453965e+00 1.547847e-03 -7.527690e-04 9.999985e-01 3.581946e+01
9.999954e-01 -1.106816e-03 -2.839003e-03 1.368676e+01 1.107975e-03 9.999993e-01 4.067218e-04 -1.465438e+00 2.838550e-03 -4.098662e-04 9.999959e-01 3.631151e+01
9.999920e-01 2.485207e-03 -3.118918e-03 1.403310e+01 -2.481447e-03 9.999962e-01 1.208778e-03 -1.502250e+00 3.121910e-03 -1.201029e-03 9.999944e-01 3.730822e+01
9.999974e-01 -8.596916e-04 -2.089918e-03 1.430538e+01 8.610007e-04 9.999994e-01 6.256703e-04 -1.548517e+00 2.089379e-03 -6.274688e-04 9.999976e-01 3.884370e+01
9.999950e-01 2.620650e-03 -1.745991e-03 1.441047e+01 -2.618750e-03 9.999960e-01 1.089740e-03 -1.591837e+00 1.748840e-03 -1.085161e-03 9.999979e-01 4.076710e+01
9.999979e-01 -8.127125e-04 -1.902642e-03 1.455030e+01 8.138065e-04 9.999995e-01 5.743761e-04 -1.641086e+00 1.902174e-03 -5.759239e-04 9.999980e-01 4.274311e+01
9.999911e-01 3.024618e-03 -2.940562e-03 1.478211e+01 -3.020840e-03 9.999946e-01 1.288366e-03 -1.690891e+00 2.944443e-03 -1.279470e-03 9.999948e-01 4.462089e+01
9.999981e-01 -1.202485e-03 -1.553478e-03 1.494773e+01 1.203341e-03 9.999991e-01 5.501978e-04 -1.735706e+00 1.552815e-03 -5.520668e-04 9.999986e-01 4.641392e+01
9.999921e-01 3.173098e-03 -2.381787e-03 1.513391e+01 -3.170205e-03 9.999942e-01 1.217395e-03 -1.793433e+00 2.385637e-03 -1.209834e-03 9.999964e-01 4.865468e+01
9.999980e-01 -1.764738e-03 -9.286378e-04 1.503426e+01 1.764997e-03 9.999984e-01 2.782847e-04 -1.821243e+00 9.281449e-04 -2.799239e-04 9.999995e-01 5.048823e+01
9.999902e-01 2.610997e-03 -3.564818e-03 1.496163e+01 -2.607312e-03 9.999961e-01 1.037919e-03 -1.831270e+00 3.567515e-03 -1.028614e-03 9.999931e-01 5.142296e+01
9.999954e-01 -1.944221e-03 -2.342814e-03 1.518162e+01 1.945149e-03 9.999980e-01 3.941615e-04 -1.851065e+00 2.342043e-03 -3.987175e-04 9.999972e-01 5.184796e+01
9.999927e-01 2.188653e-03 -3.120181e-03 1.553363e+01 -2.185795e-03 9.999972e-01 9.190910e-04 -1.857181e+00 3.122184e-03 -9.122636e-04 9.999947e-01 5.142864e+01
9.999967e-01 -2.336495e-03 -1.067345e-03 1.570577e+01 2.336918e-03 9.999972e-01 3.956232e-04 -1.857633e+00 1.066418e-03 -3.981169e-04 9.999994e-01 5.075054e+01
9.999794e-01 2.905162e-03 -5.725052e-03 1.630307e+01 -2.898221e-03 9.999951e-01 1.220310e-03 -1.876307e+00 5.728569e-03 -1.203692e-03 9.999829e-01 5.068911e+01
9.999976e-01 -2.173362e-03 -3.065664e-04 1.664574e+01 2.173462e-03 9.999976e-01 3.278652e-04 -1.899379e+00 3.058528e-04 -3.285315e-04 9.999999e-01 5.110170e+01
9.999714e-01 3.094167e-03 -6.896655e-03 1.728297e+01 -3.084383e-03 9.999942e-01 1.428747e-03 -1.925096e+00 6.901037e-03 -1.407433e-03 9.999752e-01 5.121563e+01
9.999973e-01 -2.312726e-03 1.249640e-04 1.792692e+01 2.312699e-03 9.999973e-01 2.137288e-04 -1.947208e+00 -1.254582e-04 -2.134399e-04 1.000000e+00 5.120206e+01
9.999706e-01 2.851841e-03 -7.117592e-03 1.864903e+01 -2.841775e-03 9.999949e-01 1.423913e-03 -1.959314e+00 7.121617e-03 -1.403644e-03 9.999737e-01 5.087549e+01
9.999947e-01 -2.637591e-03 1.899939e-03 1.897786e+01 2.637972e-03 9.999965e-01 -1.979735e-04 -1.965293e+00 -1.899410e-03 2.029838e-04 9.999982e-01 5.046443e+01
9.999663e-01 3.192710e-03 -7.560752e-03 1.943561e+01 -3.181465e-03 9.999938e-01 1.498810e-03 -1.981253e+00 7.565491e-03 -1.474705e-03 9.999703e-01 5.032787e+01
9.999962e-01 -2.702559e-03 5.221905e-04 2.020843e+01 2.702488e-03 9.999963e-01 1.356303e-04 -1.991119e+00 -5.225555e-04 -1.342193e-04 9.999999e-01 4.990564e+01
9.999830e-01 2.823751e-03 -5.103361e-03 2.041783e+01 -2.818546e-03 9.999955e-01 1.026824e-03 -2.000384e+00 5.106238e-03 -1.012422e-03 9.999865e-01 4.958961e+01
9.999974e-01 -2.283690e-03 1.889775e-04 2.068447e+01 2.283663e-03 9.999974e-01 1.406532e-04 -2.018765e+00 -1.892985e-04 -1.402219e-04 1.000000e+00 4.962539e+01
9.999732e-01 2.795821e-03 -6.769135e-03 2.143338e+01 -2.786278e-03 9.999951e-01 1.418848e-03 -2.029312e+00 6.773069e-03 -1.399949e-03 9.999761e-01 4.917399e+01
9.999971e-01 -2.152149e-03 -1.038094e-03 2.245485e+01 2.152638e-03 9.999976e-01 4.703145e-04 -2.039404e+00 1.037079e-03 -4.725485e-04 9.999994e-01 4.859370e+01
9.999855e-01 2.534587e-03 -4.758116e-03 2.312147e+01 -2.529913e-03 9.999963e-01 9.881083e-04 -2.045982e+00 4.760604e-03 -9.760556e-04 9.999882e-01 4.799558e+01
9.999968e-01 -2.525464e-03 2.776040e-05 2.351940e+01 2.525451e-03 9.999967e-01 4.568396e-04 -2.044656e+00 -2.891433e-05 -4.567688e-04 9.999999e-01 4.718139e+01
9.999864e-01 2.514551e-03 -4.575438e-03 2.400326e+01 -2.509663e-03 9.999963e-01 1.073748e-03 -2.043793e+00 4.578121e-03 -1.062250e-03 9.999890e-01 4.633188e+01
9.999967e-01 -2.254855e-03 -1.259442e-03 2.468829e+01 2.255471e-03 9.999973e-01 4.876258e-04 -2.044377e+00 1.258339e-03 -4.904655e-04 9.999991e-01 4.555046e+01
9.999777e-01 2.825537e-03 -6.045229e-03 2.566852e+01 -2.817482e-03 9.999951e-01 1.340517e-03 -2.052103e+00 6.048987e-03 -1.323454e-03 9.999808e-01 4.492720e+01
9.999937e-01 -2.909294e-03 2.017970e-03 2.607230e+01 2.909127e-03 9.999958e-01 8.519014e-05 -2.048505e+00 -2.018210e-03 -7.931976e-05 9.999980e-01 4.392060e+01
9.999808e-01 2.677663e-03 -5.594791e-03 2.633600e+01 -2.670378e-03 9.999956e-01 1.309027e-03 -2.043636e+00 5.598272e-03 -1.294061e-03 9.999835e-01 4.285595e+01
9.999933e-01 -2.939977e-03 2.161533e-03 2.664996e+01 2.939655e-03 9.999957e-01 1.517496e-04 -2.038531e+00 -2.161970e-03 -1.453951e-04 9.999977e-01 4.174220e+01
9.999792e-01 2.698071e-03 -5.855034e-03 2.701247e+01 -2.690510e-03 9.999955e-01 1.298879e-03 -2.034054e+00 5.858513e-03 -1.283098e-03 9.999820e-01 4.068516e+01
9.999968e-01 -2.512368e-03 3.488977e-04 2.767786e+01 2.512290e-03 9.999968e-01 2.222476e-04 -2.034926e+00 -3.494553e-04 -2.213711e-04 9.999999e-01 3.989936e+01
9.999710e-01 2.979040e-03 -7.005952e-03 2.861776e+01 -2.968219e-03 9.999944e-01 1.554387e-03 -2.037537e+00 7.010544e-03 -1.533546e-03 9.999742e-01 3.914800e+01
9.999963e-01 -2.611985e-03 7.924558e-04 2.958112e+01 2.611787e-03 9.999966e-01 2.515596e-04 -2.036765e+00 -7.931104e-04 -2.494896e-04 9.999997e-01 3.821534e+01
9.999574e-01 3.099206e-03 -8.699983e-03 3.086174e+01 -3.083147e-03 9.999935e-01 1.858693e-03 -2.036629e+00 8.705687e-03 -1.831790e-03 9.999604e-01 3.725706e+01
9.999900e-01 -3.012158e-03 3.300238e-03 3.146808e+01 3.012867e-03 9.999954e-01 -2.101211e-04 -2.030415e+00 -3.299591e-03 2.200615e-04 9.999945e-01 3.616027e+01
9.999632e-01 3.380329e-03 -7.879637e-03 3.194386e+01 -3.368118e-03 9.999931e-01 1.562394e-03 -2.040729e+00 7.884865e-03 -1.535796e-03 9.999677e-01 3.570016e+01
9.999905e-01 -3.042449e-03 3.118651e-03 3.248136e+01 3.043333e-03 9.999953e-01 -2.789121e-04 -2.051906e+00 -3.117788e-03 2.883999e-04 9.999951e-01 3.511626e+01
9.999795e-01 2.639323e-03 -5.833430e-03 3.259224e+01 -2.628865e-03 9.999949e-01 1.799733e-03 -2.044366e+00 5.838150e-03 -1.784360e-03 9.999814e-01 3.376915e+01
9.999969e-01 -2.414904e-03 6.063744e-04 3.328273e+01 2.415104e-03 9.999970e-01 -3.308044e-04 -2.047684e+00 -6.055741e-04 3.322672e-04 9.999998e-01 3.295937e+01
9.999704e-01 2.891298e-03 -7.125568e-03 3.423650e+01 -2.876931e-03 9.999938e-01 2.025614e-03 -2.050504e+00 7.131381e-03 -2.005054e-03 9.999726e-01 3.210812e+01
9.999975e-01 -2.100126e-03 -7.516334e-04 3.544719e+01 2.100184e-03 9.999978e-01 7.592560e-05 -2.066002e+00 7.514720e-04 -7.750466e-05 9.999997e-01 3.147577e+01
9.999603e-01 3.012332e-03 -8.385758e-03 3.691944e+01 -2.992496e-03 9.999927e-01 2.376988e-03 -2.081623e+00 8.392857e-03 -2.351799e-03 9.999620e-01 3.072667e+01
9.999931e-01 -2.733962e-03 2.525421e-03 3.780189e+01 2.735980e-03 9.999959e-01 -7.959923e-04 -2.082928e+00 -2.523235e-03 8.028956e-04 9.999965e-01 2.980743e+01
9.999822e-01 2.433978e-03 -5.445405e-03 3.807217e+01 -2.421649e-03 9.999945e-01 2.269371e-03 -2.075975e+00 5.450899e-03 -2.256143e-03 9.999826e-01 2.853027e+01
9.999961e-01 -2.484446e-03 1.261681e-03 3.877178e+01 2.485132e-03 9.999968e-01 -5.426389e-04 -2.070175e+00 -1.260329e-03 5.457715e-04 9.999991e-01 2.731082e+01
9.999712e-01 2.687916e-03 -7.091801e-03 3.976676e+01 -2.670721e-03 9.999935e-01 2.432996e-03 -2.064872e+00 7.098295e-03 -2.413985e-03 9.999719e-01 2.616518e+01
9.999964e-01 -2.380566e-03 1.198244e-03 4.077664e+01 2.381288e-03 9.999970e-01 -6.012762e-04 -2.061750e+00 -1.196809e-03 6.041267e-04 9.999991e-01 2.507795e+01
9.999628e-01 2.932864e-03 -8.117529e-03 4.195039e+01 -2.912563e-03 9.999926e-01 2.511470e-03 -2.062178e+00 8.124835e-03 -2.487733e-03 9.999639e-01 2.407018e+01
9.999968e-01 -2.380157e-03 7.983304e-04 4.317298e+01 2.380561e-03 9.999970e-01 -5.051420e-04 -2.065298e+00 -7.971260e-04 5.070403e-04 9.999996e-01 2.315279e+01
9.999893e-01 2.079992e-03 -4.127923e-03 4.347936e+01 -2.071749e-03 9.999959e-01 1.999988e-03 -2.058704e+00 4.132067e-03 -1.991414e-03 9.999895e-01 2.193673e+01
9.999977e-01 -2.053645e-03 -5.315853e-04 4.413968e+01 2.053464e-03 9.999978e-01 -3.407303e-04 -2.052483e+00 5.322837e-04 3.396373e-04 9.999998e-01 2.075180e+01
9.999796e-01 2.332134e-03 -5.950719e-03 4.528047e+01 -2.317945e-03 9.999945e-01 2.390222e-03 -2.045926e+00 5.956260e-03 -2.376380e-03 9.999794e-01 1.956170e+01
9.999971e-01 -1.955993e-03 -1.437877e-03 4.652020e+01 1.955326e-03 9.999980e-01 -4.650869e-04 -2.046177e+00 1.438784e-03 4.622734e-04 9.999989e-01 1.860947e+01
9.999777e-01 2.744575e-03 -6.084953e-03 4.730975e+01 -2.730873e-03 9.999937e-01 2.258779e-03 -2.073094e+00 6.091114e-03 -2.242110e-03 9.999789e-01 1.857694e+01
9.999983e-01 -1.613164e-03 -8.509344e-04 4.769502e+01 1.612810e-03 9.999986e-01 -4.160553e-04 -2.104200e+00 8.516041e-04 4.146815e-04 9.999996e-01 1.945077e+01
9.999813e-01 2.219064e-03 -5.692273e-03 4.837430e+01 -2.207482e-03 9.999955e-01 2.040042e-03 -2.115747e+00 5.696775e-03 -2.027437e-03 9.999817e-01 1.907302e+01
9.999975e-01 -1.834304e-03 -1.259451e-03 4.943997e+01 1.834162e-03 9.999983e-01 -1.134558e-04 -2.114456e+00 1.259657e-03 1.111449e-04 9.999992e-01 1.814105e+01
9.999859e-01 2.148487e-03 -4.846979e-03 5.049760e+01 -2.137918e-03 9.999953e-01 2.184564e-03 -2.107262e+00 4.851650e-03 -2.174170e-03 9.999859e-01 1.682862e+01
9.999953e-01 -2.444545e-03 1.870679e-03 5.113178e+01 2.445440e-03 9.999969e-01 -4.764121e-04 -2.098440e+00 -1.869509e-03 4.809838e-04 9.999981e-01 1.534184e+01
9.999566e-01 2.906463e-03 -8.849760e-03 5.213729e+01 -2.887149e-03 9.999934e-01 2.194376e-03 -2.109357e+00 8.856080e-03 -2.168730e-03 9.999584e-01 1.470232e+01
9.999825e-01 -2.864211e-03 5.181268e-03 5.245097e+01 2.869321e-03 9.999954e-01 -9.791686e-04 -2.110033e+00 -5.178440e-03 9.940175e-04 9.999861e-01 1.384459e+01
9.999590e-01 2.581981e-03 -8.680834e-03 5.289507e+01 -2.560113e-03 9.999935e-01 2.529269e-03 -2.102852e+00 8.687308e-03 -2.506941e-03 9.999591e-01 1.259462e+01
9.999784e-01 -2.981558e-03 5.858175e-03 5.318516e+01 2.987604e-03 9.999950e-01 -1.023719e-03 -2.096217e+00 -5.855094e-03 1.041199e-03 9.999823e-01 1.129793e+01
9.999624e-01 2.544807e-03 -8.295489e-03 5.327784e+01 -2.523234e-03 9.999934e-01 2.609972e-03 -2.088830e+00 8.302077e-03 -2.588942e-03 9.999622e-01 9.895572e+00
9.999772e-01 -2.972881e-03 6.061930e-03 5.334914e+01 2.978662e-03 9.999951e-01 -9.450104e-04 -2.080050e+00 -6.059091e-03 9.630446e-04 9.999812e-01 8.351999e+00
9.999524e-01 2.719793e-03 -9.367828e-03 5.384552e+01 -2.696699e-03 9.999933e-01 2.477013e-03 -2.073688e+00 9.374502e-03 -2.451632e-03 9.999531e-01 7.094953e+00
9.999691e-01 -3.160694e-03 7.195529e-03 5.399538e+01 3.167433e-03 9.999946e-01 -9.253560e-04 -2.064649e+00 -7.192565e-03 9.481181e-04 9.999737e-01 5.589154e+00
9.999380e-01 2.804853e-03 -1.077675e-02 5.432246e+01 -2.780122e-03 9.999935e-01 2.309098e-03 -2.060135e+00 1.078316e-02 -2.278994e-03 9.999393e-01 4.606576e+00
9.999748e-01 -2.863831e-03 6.490659e-03 5.459008e+01 2.870309e-03 9.999954e-01 -9.889857e-04 -2.059151e+00 -6.487797e-03 1.007590e-03 9.999784e-01 3.808928e+00
9.999522e-01 2.588276e-03 -9.429827e-03 5.462433e+01 -2.564109e-03 9.999934e-01 2.574005e-03 -2.054559e+00 9.436427e-03 -2.549702e-03 9.999522e-01 2.598116e+00
9.999767e-01 -2.853847e-03 6.194350e-03 5.460417e+01 2.859854e-03 9.999954e-01 -9.612285e-04 -2.050673e+00 -6.191579e-03 9.789204e-04 9.999804e-01 1.424227e+00
9.999576e-01 2.604146e-03 -8.829855e-03 5.451826e+01 -2.579994e-03 9.999929e-01 2.745527e-03 -2.043614e+00 8.836942e-03 -2.722629e-03 9.999572e-01 -5.031075e-02
9.999686e-01 -3.063628e-03 7.309733e-03 5.442249e+01 3.068333e-03 9.999951e-01 -6.325167e-04 -2.027924e+00 -7.307759e-03 6.549249e-04 9.999731e-01 -2.248649e+00
9.999645e-01 2.319874e-03 -8.096998e-03 5.443945e+01 -2.297754e-03 9.999936e-01 2.740086e-03 -2.007906e+00 8.103303e-03 -2.721384e-03 9.999635e-01 -4.682695e+00
9.999762e-01 -2.910838e-03 6.247987e-03 5.457769e+01 2.918137e-03 9.999951e-01 -1.159512e-03 -1.995897e+00 -6.244581e-03 1.177716e-03 9.999798e-01 -6.375957e+00
9.999312e-01 3.048370e-03 -1.132539e-02 5.507720e+01 -3.017676e-03 9.999917e-01 2.726260e-03 -1.995975e+00 1.133360e-02 -2.691895e-03 9.999321e-01 -7.257905e+00
9.999537e-01 -3.469361e-03 8.976077e-03 5.507275e+01 3.480420e-03 9.999932e-01 -1.216741e-03 -1.988683e+00 -8.971795e-03 1.247925e-03 9.999590e-01 -8.621685e+00
9.999130e-01 3.240962e-03 -1.278906e-02 5.498153e+01 -3.207518e-03 9.999914e-01 2.634718e-03 -1.983551e+00 1.279749e-02 -2.593467e-03 9.999147e-01 -9.328111e+00
9.999669e-01 -2.954975e-03 7.579375e-03 5.557204e+01 2.964276e-03 9.999949e-01 -1.216289e-03 -1.989182e+00 -7.575743e-03 1.238716e-03 9.999705e-01 -9.940683e+00
9.999368e-01 2.615460e-03 -1.093793e-02 5.560098e+01 -2.585576e-03 9.999929e-01 2.745380e-03 -1.985996e+00 1.094504e-02 -2.716925e-03 9.999364e-01 -1.100701e+01
9.999663e-01 -2.914820e-03 7.672258e-03 5.531138e+01 2.921975e-03 9.999953e-01 -9.216484e-04 -1.979478e+00 -7.669535e-03 9.440348e-04 9.999701e-01 -1.219472e+01
9.999229e-01 2.914718e-03 -1.206721e-02 5.564147e+01 -2.887880e-03 9.999933e-01 2.240856e-03 -1.984033e+00 1.207366e-02 -2.205834e-03 9.999247e-01 -1.273689e+01
9.999780e-01 -2.701007e-03 6.054487e-03 5.618735e+01 2.705868e-03 9.999960e-01 -7.948856e-04 -1.988802e+00 -6.052316e-03 8.112502e-04 9.999814e-01 -1.309216e+01
9.999496e-01 2.413217e-03 -9.741718e-03 5.632738e+01 -2.391041e-03 9.999945e-01 2.287388e-03 -1.986240e+00 9.747185e-03 -2.263979e-03 9.999499e-01 -1.399145e+01
9.999872e-01 -2.258178e-03 4.519800e-03 5.668899e+01 2.261934e-03 9.999971e-01 -8.260768e-04 -1.983480e+00 -4.517921e-03 8.362891e-04 9.999894e-01 -1.482358e+01
9.999650e-01 1.899058e-03 -8.143279e-03 5.693991e+01 -1.880576e-03 9.999956e-01 2.276643e-03 -1.976988e+00 8.147567e-03 -2.261249e-03 9.999643e-01 -1.594942e+01
9.999896e-01 -2.065798e-03 4.068439e-03 5.713293e+01 2.069371e-03 9.999975e-01 -8.742796e-04 -1.972695e+00 -4.066623e-03 8.826889e-04 9.999913e-01 -1.689978e+01
9.999608e-01 2.082642e-03 -8.610087e-03 5.764218e+01 -2.061838e-03 9.999949e-01 2.424333e-03 -1.969535e+00 8.615092e-03 -2.406484e-03 9.999600e-01 -1.785606e+01
9.999991e-01 -1.284551e-03 4.976801e-04 5.873630e+01 1.284756e-03 9.999991e-01 -4.130103e-04 -1.983310e+00 -4.971494e-04 4.136486e-04 9.999998e-01 -1.841434e+01
9.999841e-01 1.433111e-03 -5.448112e-03 5.942126e+01 -1.422883e-03 9.999972e-01 1.880687e-03 -1.982551e+00 5.450792e-03 -1.872904e-03 9.999834e-01 -1.932038e+01
9.999984e-01 -9.453751e-04 -1.495543e-03 6.034692e+01 9.450570e-04 9.999995e-01 -2.132055e-04 -1.988618e+00 1.495744e-03 2.117912e-04 9.999989e-01 -1.999167e+01
9.999959e-01 8.231587e-04 -2.755737e-03 6.068958e+01 -8.190117e-04 9.999985e-01 1.505554e-03 -1.987052e+00 2.756973e-03 -1.503290e-03 9.999951e-01 -2.079498e+01
9.999983e-01 -8.786045e-04 -1.630016e-03 6.110514e+01 8.784952e-04 9.999996e-01 -6.758994e-05 -1.986341e+00 1.630075e-03 6.615722e-05 9.999987e-01 -2.159015e+01
9.999983e-01 6.523048e-04 -1.702650e-03 6.128871e+01 -6.496689e-04 9.999986e-01 1.548049e-03 -1.982298e+00 1.703657e-03 -1.546940e-03 9.999974e-01 -2.266723e+01
9.999983e-01 -1.051582e-03 -1.481220e-03 6.138825e+01 1.051531e-03 9.999994e-01 -3.528900e-05 -1.978694e+00 1.481256e-03 3.373075e-05 9.999989e-01 -2.370245e+01
9.999956e-01 8.690478e-04 -2.828956e-03 6.157064e+01 -8.649856e-04 9.999986e-01 1.436737e-03 -1.979116e+00 2.830201e-03 -1.434283e-03 9.999950e-01 -2.442130e+01
9.999986e-01 -9.316651e-04 -1.401692e-03 6.128098e+01 9.316496e-04 9.999996e-01 -1.151562e-05 -1.971055e+00 1.401702e-03 1.020908e-05 9.999990e-01 -2.462350e+01
9.999881e-01 2.482311e-03 -4.190762e-03 6.157134e+01 -2.474985e-03 9.999954e-01 1.752122e-03 -2.019834e+00 4.195093e-03 -1.741729e-03 9.999897e-01 -2.295253e+01
9.999980e-01 -7.391272e-04 -1.849095e-03 6.191268e+01 7.393155e-04 9.999997e-01 1.012972e-04 -2.080398e+00 1.849019e-03 -1.026647e-04 9.999983e-01 -2.123788e+01
9.999950e-01 8.623552e-04 -3.046987e-03 6.200895e+01 -8.583848e-04 9.999988e-01 1.304022e-03 -2.082556e+00 3.048108e-03 -1.301399e-03 9.999945e-01 -2.180769e+01
9.999992e-01 -1.204873e-03 2.343796e-04 6.201527e+01 1.204781e-03 9.999992e-01 3.917349e-04 -2.077304e+00 -2.348517e-04 -3.914528e-04 9.999999e-01 -2.308982e+01
9.999947e-01 7.864230e-04 -3.152567e-03 6.202962e+01 -7.826220e-04 9.999990e-01 1.206634e-03 -2.072054e+00 3.153513e-03 -1.204159e-03 9.999943e-01 -2.431481e+01
9.999985e-01 -8.535847e-04 -1.479867e-03 6.235963e+01 8.540659e-04 9.999996e-01 3.247700e-04 -2.069126e+00 1.479589e-03 -3.260341e-04 9.999989e-01 -2.521067e+01
9.999984e-01 4.796884e-04 -1.751838e-03 6.250206e+01 -4.776131e-04 9.999992e-01 1.184659e-03 -2.063523e+00 1.752405e-03 -1.183820e-03 9.999978e-01 -2.638380e+01
9.999966e-01 -6.950843e-04 -2.526094e-03 6.290441e+01 6.962802e-04 9.999996e-01 4.726965e-04 -2.054396e+00 2.525764e-03 -4.744544e-04 9.999967e-01 -2.768296e+01
9.999934e-01 1.183482e-03 -3.441280e-03 6.356723e+01 -1.179344e-03 9.999986e-01 1.204138e-03 -2.069801e+00 3.442700e-03 -1.200071e-03 9.999934e-01 -2.786770e+01
9.999954e-01 -2.904043e-04 -3.007133e-03 6.435043e+01 2.917888e-04 9.999999e-01 4.600976e-04 -2.102533e+00 3.006999e-03 -4.609736e-04 9.999954e-01 -2.773332e+01
9.999853e-01 1.058126e-03 -5.310259e-03 6.535237e+01 -1.049617e-03 9.999982e-01 1.604807e-03 -2.130110e+00 5.311947e-03 -1.599209e-03 9.999846e-01 -2.784579e+01
9.999906e-01 4.983012e-04 -4.297499e-03 6.645121e+01 -4.951763e-04 9.999996e-01 7.282653e-04 -2.178473e+00 4.297860e-03 -7.261311e-04 9.999905e-01 -2.747924e+01
9.999977e-01 7.508614e-04 -1.995399e-03 6.688203e+01 -7.488659e-04 9.999992e-01 1.000478e-03 -2.230918e+00 1.996149e-03 -9.989813e-04 9.999975e-01 -2.638022e+01
9.999976e-01 6.090757e-04 -2.127849e-03 6.701995e+01 -6.077666e-04 9.999996e-01 6.159744e-04 -2.271749e+00 2.128223e-03 -6.146803e-04 9.999975e-01 -2.487451e+01
9.999974e-01 -2.082425e-04 -2.279358e-03 6.708266e+01 2.094274e-04 9.999998e-01 5.194661e-04 -2.277592e+00 2.279250e-03 -5.199415e-04 9.999973e-01 -2.451392e+01
9.999970e-01 1.454485e-04 -2.433468e-03 6.730902e+01 -1.430045e-04 9.999995e-01 1.004616e-03 -2.275014e+00 2.433613e-03 -1.004266e-03 9.999965e-01 -2.527042e+01
9.999980e-01 -3.006964e-04 -1.964852e-03 6.772141e+01 3.017682e-04 9.999998e-01 5.450313e-04 -2.272179e+00 1.964688e-03 -5.456226e-04 9.999979e-01 -2.614898e+01
9.999730e-01 1.163337e-03 -7.261143e-03 6.894321e+01 -1.151090e-03 9.999979e-01 1.690769e-03 -2.283127e+00 7.263094e-03 -1.682366e-03 9.999722e-01 -2.675006e+01
9.999992e-01 -3.790585e-04 -1.190441e-03 7.014635e+01 3.796254e-04 9.999998e-01 4.757201e-04 -2.295056e+00 1.190261e-03 -4.761710e-04 9.999992e-01 -2.736818e+01
9.999960e-01 1.877041e-04 -2.822952e-03 7.066715e+01 -1.842038e-04 9.999992e-01 1.240286e-03 -2.285854e+00 2.823182e-03 -1.239762e-03 9.999952e-01 -2.878906e+01
9.999997e-01 -7.943953e-04 1.347095e-04 7.091402e+01 7.943286e-04 9.999996e-01 4.966245e-04 -2.274784e+00 -1.351037e-04 -4.965167e-04 9.999999e-01 -3.036015e+01
9.999962e-01 3.846774e-04 -2.741627e-03 7.106185e+01 -3.816592e-04 9.999993e-01 1.101434e-03 -2.268014e+00 2.742049e-03 -1.100384e-03 9.999956e-01 -3.170985e+01
9.999936e-01 -7.955462e-05 -3.570489e-03 7.189495e+01 8.156650e-05 9.999998e-01 5.632391e-04 -2.269156e+00 3.570444e-03 -5.635261e-04 9.999935e-01 -3.248740e+01
9.999943e-01 5.780366e-04 -3.325372e-03 7.297934e+01 -5.737730e-04 9.999990e-01 1.283039e-03 -2.273793e+00 3.326110e-03 -1.281124e-03 9.999936e-01 -3.330305e+01
9.999842e-01 3.829935e-04 -5.603027e-03 7.411736e+01 -3.781241e-04 9.999995e-01 8.700386e-04 -2.302614e+00 5.603358e-03 -8.679056e-04 9.999839e-01 -3.331556e+01
9.999996e-01 6.049020e-04 -6.672748e-04 7.508727e+01 -6.042189e-04 9.999993e-01 1.023958e-03 -2.326900e+00 6.678935e-04 -1.023555e-03 9.999993e-01 -3.306409e+01
9.999912e-01 1.496359e-04 -4.193009e-03 7.510361e+01 -1.480231e-04 9.999999e-01 3.848732e-04 -2.349053e+00 4.193067e-03 -3.842485e-04 9.999911e-01 -3.211559e+01
1.000000e+00 2.224132e-04 -4.448065e-05 7.461425e+01 -2.223570e-04 9.999992e-01 1.268272e-03 -2.349460e+00 4.476247e-05 -1.268263e-03 9.999992e-01 -3.108537e+01
9.999921e-01 -4.926717e-04 -3.955527e-03 7.377738e+01 4.947418e-04 9.999997e-01 5.223061e-04 -2.319252e+00 3.955268e-03 -5.242583e-04 9.999920e-01 -3.133928e+01
9.999999e-01 7.014529e-05 3.136789e-04 7.348166e+01 -7.055577e-05 9.999991e-01 1.307662e-03 -2.305994e+00 -3.135871e-04 -1.307684e-03 9.999991e-01 -3.256426e+01
9.999712e-01 6.183230e-04 -7.566909e-03 7.461779e+01 -6.128254e-04 9.999995e-01 7.287955e-04 -2.316776e+00 7.567356e-03 -7.241367e-04 9.999711e-01 -3.325836e+01
9.999928e-01 1.068973e-03 -3.634424e-03 7.626527e+01 -1.060748e-03 9.999969e-01 2.264572e-03 -2.354420e+00 3.636833e-03 -2.260701e-03 9.999908e-01 -3.359799e+01
9.999599e-01 3.042985e-04 -8.951827e-03 7.795903e+01 -2.974034e-04 9.999997e-01 7.715317e-04 -2.385443e+00 8.952059e-03 -7.688379e-04 9.999596e-01 -3.402500e+01
9.999990e-01 1.348222e-03 3.732857e-04 7.871073e+01 -1.348760e-03 9.999980e-01 1.443769e-03 -2.452698e+00 -3.713386e-04 -1.444272e-03 9.999989e-01 -3.273165e+01
9.999561e-01 6.205093e-04 -9.346626e-03 7.956349e+01 -6.127133e-04 9.999995e-01 8.368923e-04 -2.529595e+00 9.347141e-03 -8.311282e-04 9.999560e-01 -3.152838e+01
9.999995e-01 4.651193e-04 -8.492215e-04 8.104887e+01 -4.635930e-04 9.999983e-01 1.796963e-03 -2.550859e+00 8.500557e-04 -1.796569e-03 9.999980e-01 -3.208900e+01
9.999664e-01 3.513733e-04 -8.189028e-03 8.224023e+01 -3.482727e-04 9.999999e-01 3.800118e-04 -2.560209e+00 8.189160e-03 -3.771464e-04 9.999664e-01 -3.272566e+01
9.999983e-01 6.911660e-04 -1.731900e-03 8.355841e+01 -6.876068e-04 9.999977e-01 2.055089e-03 -2.583002e+00 1.733317e-03 -2.053895e-03 9.999964e-01 -3.310388e+01
9.999753e-01 3.896324e-04 -7.020061e-03 8.473270e+01 -3.883975e-04 9.999999e-01 1.772190e-04 -2.610048e+00 7.020129e-03 -1.744875e-04 9.999753e-01 -3.327017e+01
9.999984e-01 6.064206e-04 -1.710563e-03 8.602616e+01 -6.028664e-04 9.999977e-01 2.077739e-03 -2.634018e+00 1.711819e-03 -2.076705e-03 9.999964e-01 -3.366554e+01
9.999763e-01 1.716284e-04 -6.879881e-03 8.735246e+01 -1.706003e-04 1.000000e+00 1.499679e-04 -2.645771e+00 6.879907e-03 -1.487901e-04 9.999763e-01 -3.436403e+01
9.999986e-01 -1.026915e-04 1.652959e-03 8.781716e+01 1.004731e-04 9.999991e-01 1.341912e-03 -2.646857e+00 -1.653095e-03 -1.341744e-03 9.999977e-01 -3.514914e+01
9.999858e-01 -4.413851e-05 -5.324015e-03 8.815678e+01 4.415430e-05 1.000000e+00 2.775902e-06 -2.647916e+00 5.324015e-03 -3.010347e-06 9.999858e-01 -3.595757e+01
9.999935e-01 1.008396e-03 -3.459244e-03 8.932485e+01 -1.000949e-03 9.999972e-01 2.154072e-03 -2.669762e+00 3.461406e-03 -2.150596e-03 9.999917e-01 -3.632713e+01
9.999862e-01 -7.995389e-05 -5.245445e-03 9.046588e+01 7.985244e-05 1.000000e+00 -1.962513e-05 -2.691016e+00 5.245447e-03 1.920659e-05 9.999862e-01 -3.667650e+01
9.999895e-01 1.241555e-03 -4.415320e-03 9.149123e+01 -1.231445e-03 9.999966e-01 2.291834e-03 -2.727980e+00 4.418151e-03 -2.286373e-03 9.999876e-01 -3.649034e+01
9.999762e-01 1.048973e-03 -6.817464e-03 9.270078e+01 -1.045061e-03 9.999993e-01 5.773336e-04 -2.795291e+00 6.818065e-03 -5.701946e-04 9.999766e-01 -3.551711e+01
9.999704e-01 1.964213e-03 -7.435129e-03 9.442080e+01 -1.941516e-03 9.999934e-01 3.058764e-03 -2.886875e+00 7.441088e-03 -3.044238e-03 9.999677e-01 -3.419898e+01
9.999750e-01 8.818017e-04 -7.013454e-03 9.713180e+01 -8.760939e-04 9.999993e-01 8.168091e-04 -2.914957e+00 7.014169e-03 -8.106436e-04 9.999751e-01 -3.533191e+01
9.999874e-01 -3.883378e-04 -4.994959e-03 9.968359e+01 4.000498e-04 9.999972e-01 2.344074e-03 -2.932113e+00 4.994035e-03 -2.346043e-03 9.999848e-01 -3.674587e+01
9.999888e-01 2.593740e-03 -3.968675e-03 1.005317e+02 -2.592821e-03 9.999966e-01 2.366590e-04 -3.004580e+00 3.969276e-03 -2.263657e-04 9.999921e-01 -3.512587e+01
9.999281e-01 1.025886e-03 -1.194846e-02 1.026509e+02 -9.791881e-04 9.999919e-01 3.913485e-03 -3.099742e+00 1.195238e-02 -3.901505e-03 9.999210e-01 -3.409936e+01
9.999480e-01 2.838375e-03 -9.796407e-03 1.057108e+02 -2.823190e-03 9.999948e-01 1.563470e-03 -3.192659e+00 9.800794e-03 -1.535731e-03 9.999508e-01 -3.366169e+01
9.999899e-01 -7.238601e-04 -4.433375e-03 1.077210e+02 7.327770e-04 9.999977e-01 2.010114e-03 -3.238846e+00 4.431909e-03 -2.013343e-03 9.999882e-01 -3.383505e+01
9.999814e-01 2.063179e-03 -5.731267e-03 1.090528e+02 -2.059755e-03 9.999977e-01 6.032177e-04 -3.267032e+00 5.732499e-03 -5.914009e-04 9.999834e-01 -3.415455e+01
9.999973e-01 -1.260423e-03 -1.926898e-03 1.098093e+02 1.262893e-03 9.999984e-01 1.281226e-03 -3.295190e+00 1.925280e-03 -1.283657e-03 9.999973e-01 -3.383694e+01
9.999723e-01 2.562376e-03 -6.994037e-03 1.110153e+02 -2.554992e-03 9.999962e-01 1.064425e-03 -3.325775e+00 6.996738e-03 -1.046525e-03 9.999750e-01 -3.404166e+01
9.999976e-01 -2.124719e-03 -4.616701e-04 1.118981e+02 2.125082e-03 9.999974e-01 7.889941e-04 -3.329620e+00 4.599924e-04 -7.899738e-04 9.999996e-01 -3.468802e+01
9.999944e-01 1.722977e-03 -2.882878e-03 1.119826e+02 -1.721065e-03 9.999983e-01 6.651882e-04 -3.325291e+00 2.884019e-03 -6.602222e-04 9.999956e-01 -3.575337e+01
9.999962e-01 -1.598244e-03 -2.225076e-03 1.126063e+02 1.599958e-03 9.999984e-01 7.692122e-04 -3.326549e+00 2.223843e-03 -7.727699e-04 9.999972e-01 -3.651399e+01
9.999857e-01 2.382241e-03 -4.780608e-03 1.134684e+02 -2.377274e-03 9.999966e-01 1.044369e-03 -3.346190e+00 4.783080e-03 -1.032989e-03 9.999880e-01 -3.669642e+01
9.999944e-01 -1.053226e-03 -3.191090e-03 1.142720e+02 1.056706e-03 9.999988e-01 1.089278e-03 -3.390486e+00 3.189939e-03 -1.092644e-03 9.999943e-01 -3.609019e+01
9.999921e-01 2.225569e-03 -3.294858e-03 1.148541e+02 -2.223385e-03 9.999973e-01 6.662788e-04 -3.424970e+00 3.296332e-03 -6.589472e-04 9.999943e-01 -3.553255e+01
9.999945e-01 -1.440038e-03 -2.990652e-03 1.156658e+02 1.443054e-03 9.999985e-01 1.006539e-03 -3.449163e+00 2.989197e-03 -1.010850e-03 9.999950e-01 -3.559410e+01
