9.999901e-01 1.644343e-04 -4.438414e-03 -2.332199e-01 -1.580180e-04 9.999989e-01 1.445943e-03 -2.393013e-03 4.438646e-03 -1.445228e-03 9.999891e-01 2.114617e-01
9.999999e-01 3.370362e-04 2.178633e-04 -2.455306e-01 -3.369971e-04 9.999999e-01 -1.794230e-04 -1.868701e-02 -2.179235e-04 1.793503e-04 1.000000e+00 9.266073e-01
9.999902e-01 1.163017e-04 -4.433642e-03 -3.437422e-01 -1.096059e-04 9.999989e-01 1.510453e-03 -2.790177e-02 4.433812e-03 -1.509953e-03 9.999890e-01 1.618601e+00
9.999999e-01 3.290971e-04 4.112376e-04 -3.849755e-01 -3.289985e-04 9.999999e-01 -2.399432e-04 -4.197183e-02 -4.113162e-04 2.398085e-04 9.999999e-01 2.254490e+00
9.999917e-01 -2.841708e-04 -4.066935e-03 -4.142469e-01 2.905829e-04 9.999987e-01 1.576135e-03 -4.650514e-02 4.066481e-03 -1.577304e-03 9.999905e-01 1.897235e+00
9.999999e-01 5.127446e-04 -1.032398e-04 -3.952482e-01 -5.127766e-04 9.999998e-01 -3.103510e-04 -5.820050e-02 1.030810e-04 3.104046e-04 9.999999e-01 2.091083e+00
9.999898e-01 -1.106357e-04 -4.505900e-03 -3.456522e-01 1.176687e-04 9.999988e-01 1.560599e-03 -7.258924e-02 4.505721e-03 -1.561114e-03 9.999886e-01 2.559727e+00
9.999999e-01 4.640721e-04 6.921801e-05 -3.078230e-01 -4.640523e-04 9.999999e-01 -2.857122e-04 -8.812251e-02 -6.935025e-05 2.856807e-04 1.000000e+00 3.062235e+00
9.999893e-01 -1.271736e-04 -4.628297e-03 -5.262427e-01 1.348878e-04 9.999986e-01 1.666485e-03 -9.070780e-02 4.628078e-03 -1.667092e-03 9.999879e-01 3.620810e+00
1.000000e+00 2.493460e-04 1.363406e-04 -8.204914e-01 -2.493209e-04 1.000000e+00 -1.837488e-04 -8.806362e-02 -1.363861e-04 1.837155e-04 1.000000e+00 3.771292e+00
9.999916e-01 -7.393986e-05 -4.094190e-03 -7.625124e-01 7.982596e-05 9.999990e-01 1.437537e-03 -9.741952e-02 4.094079e-03 -1.437853e-03 9.999906e-01 3.857988e+00
1.000000e+00 2.350195e-04 5.730096e-05 -9.541774e-01 -2.350163e-04 1.000000e+00 -5.535571e-05 -1.012057e-01 -5.731363e-05 5.534295e-05 1.000000e+00 4.136679e+00
9.999903e-01 -5.778258e-05 -4.400227e-03 -8.773597e-01 6.398067e-05 9.999990e-01 1.408467e-03 -1.101603e-01 4.400141e-03 -1.408735e-03 9.999893e-01 4.046735e+00
9.999999e-01 1.555514e-05 5.362627e-04 -7.702954e-01 -1.546536e-05 1.000000e+00 -1.673374e-04 -1.175879e-01 -5.362650e-04 1.673298e-04 9.999998e-01 3.699525e+00
9.999857e-01 1.657306e-04 -5.353847e-03 -9.651593e-01 -1.573759e-04 9.999988e-01 1.560896e-03 -1.209485e-01 5.354099e-03 -1.560032e-03 9.999844e-01 3.879808e+00
9.999999e-01 1.485507e-04 2.875285e-04 -1.037035e+00 -1.485177e-04 1.000000e+00 -1.143928e-04 -1.268102e-01 -2.875452e-04 1.143508e-04 1.000000e+00 4.125627e+00
9.999925e-01 -3.295781e-04 -3.864476e-03 -1.057958e+00 3.353468e-04 9.999988e-01 1.492229e-03 -1.265887e-01 3.863980e-03 -1.493514e-03 9.999914e-01 3.309515e+00
1.000000e+00 6.139709e-05 2.529043e-04 -9.558817e-01 -6.137674e-05 1.000000e+00 -8.028378e-05 -1.252530e-01 -2.529089e-04 8.026897e-05 1.000000e+00 2.436452e+00
9.999911e-01 -3.094047e-04 -4.197493e-03 -7.308606e-01 3.155431e-04 9.999989e-01 1.461836e-03 -1.262447e-01 4.197036e-03 -1.463148e-03 9.999901e-01 1.698517e+00
1.000000e+00 9.171018e-05 1.700315e-04 -6.131551e-01 -9.169498e-05 1.000000e+00 -8.910144e-05 -1.288034e-01 -1.700394e-04 8.908656e-05 1.000000e+00 1.069428e+00
9.999901e-01 -4.738791e-05 -4.450165e-03 -3.789538e-01 5.369079e-05 9.999990e-01 1.416226e-03 -1.332312e-01 4.450093e-03 -1.416452e-03 9.999891e-01 5.467338e-01
9.999998e-01 -2.112776e-04 6.553270e-04 -2.377645e-01 2.112568e-04 1.000000e+00 3.182383e-05 -1.326190e-01 -6.553334e-04 -3.168467e-05 9.999998e-01 -2.582964e-01
9.999896e-01 -3.482176e-05 -4.570306e-03 -2.375129e-01 4.147032e-05 9.999989e-01 1.454655e-03 -1.319231e-01 4.570250e-03 -1.454830e-03 9.999885e-01 -1.100101e+00
1.000000e+00 -5.082806e-05 -2.089078e-05 1.512784e-01 5.082816e-05 1.000000e+00 2.097157e-06 -1.334938e-01 2.089101e-05 -2.097508e-06 1.000000e+00 -1.766540e+00
9.999849e-01 2.612703e-04 -5.492989e-03 4.335733e-01 -2.535185e-04 9.999990e-01 1.411870e-03 -1.453953e-01 5.493352e-03 -1.410456e-03 9.999839e-01 -1.673404e+00
9.999996e-01 -2.550226e-04 8.729403e-04 5.410672e-01 2.550717e-04 1.000000e+00 -5.608198e-05 -1.501025e-01 -8.729256e-04 5.630533e-05 9.999996e-01 -1.879145e+00
9.999781e-01 5.185698e-04 -6.602737e-03 9.118375e-01 -5.088423e-04 9.999988e-01 1.474868e-03 -1.639267e-01 6.603494e-03 -1.471477e-03 9.999771e-01 -1.922801e+00
9.999999e-01 -1.692582e-04 3.578809e-04 1.404077e+00 1.692232e-04 1.000000e+00 9.811419e-05 -1.737914e-01 -3.578972e-04 -9.805291e-05 9.999999e-01 -2.034836e+00
9.999874e-01 7.932759e-05 -5.022941e-03 1.547142e+00 -7.292723e-05 9.999992e-01 1.274409e-03 -1.741560e-01 5.023038e-03 -1.274027e-03 9.999866e-01 -2.229860e+00
9.999996e-01 -2.217928e-04 8.103536e-04 1.087134e+00 2.215680e-04 9.999999e-01 2.775371e-04 -1.574246e-01 -8.104147e-04 -2.773567e-04 9.999996e-01 -2.578799e+00
9.999841e-01 1.252000e-04 -5.644900e-03 5.573193e-01 -1.174100e-04 9.999990e-01 1.380323e-03 -1.386039e-01 5.645067e-03 -1.379639e-03 9.999831e-01 -2.822407e+00
9.999998e-01 -2.062830e-04 6.250154e-04 4.908206e-01 2.061958e-04 1.000000e+00 1.397372e-04 -1.316172e-01 -6.250438e-04 -1.396076e-04 9.999998e-01 -3.334720e+00
9.999881e-01 3.655506e-05 -4.882069e-03 6.202541e-01 -3.015094e-05 9.999991e-01 1.311844e-03 -1.294818e-01 4.882112e-03 -1.311682e-03 9.999872e-01 -4.200430e+00
1.000000e+00 -2.338336e-05 -3.350443e-05 1.005596e+00 2.338728e-05 1.000000e+00 1.148436e-04 -1.280002e-01 3.350208e-05 -1.148437e-04 1.000000e+00 -4.970214e+00
9.999931e-01 -1.802046e-04 -3.705215e-03 1.079166e+00 1.853461e-04 9.999990e-01 1.387371e-03 -1.257182e-01 3.704961e-03 -1.388049e-03 9.999922e-01 -5.919612e+00
1.000000e+00 -2.892339e-05 -2.295117e-04 1.112153e+00 2.894743e-05 1.000000e+00 1.044072e-04 -1.248623e-01 2.295090e-04 -1.044132e-04 1.000000e+00 -6.752788e+00
9.999900e-01 -9.109043e-05 -4.475723e-03 7.430183e-01 9.767456e-05 9.999989e-01 1.470894e-03 -1.148296e-01 4.475584e-03 -1.471317e-03 9.999889e-01 -7.199583e+00
9.999999e-01 7.195936e-05 -4.544965e-04 4.769173e-01 -7.198043e-05 1.000000e+00 -4.650706e-05 -1.078142e-01 4.544935e-04 4.654048e-05 9.999999e-01 -7.413717e+00
9.999903e-01 -1.241860e-04 -4.394968e-03 4.445674e-01 1.298797e-04 9.999992e-01 1.295264e-03 -1.086318e-01 4.394803e-03 -1.295823e-03 9.999895e-01 -7.664662e+00
9.999998e-01 9.670939e-05 -6.569158e-04 1.905637e-01 -9.663077e-05 1.000000e+00 1.196027e-04 -1.030138e-01 6.569277e-04 -1.195384e-04 9.999998e-01 -7.889280e+00
9.999906e-01 -1.706574e-04 -4.341589e-03 1.102415e-01 1.763304e-04 9.999991e-01 1.306329e-03 -1.012580e-01 4.341362e-03 -1.307083e-03 9.999897e-01 -8.309667e+00
9.999999e-01 7.179928e-05 -5.317373e-04 -1.191313e-01 -7.170468e-05 1.000000e+00 1.777673e-04 -9.658038e-02 5.317504e-04 -1.777284e-04 9.999998e-01 -8.760048e+00
9.999907e-01 -1.358972e-04 -4.301839e-03 -4.340098e-01 1.418094e-04 9.999990e-01 1.374096e-03 -9.121400e-02 4.301648e-03 -1.374694e-03 9.999898e-01 -9.209605e+00
9.999998e-01 8.632829e-05 -6.234237e-04 -8.078966e-01 -8.619827e-05 1.000000e+00 2.084483e-04 -8.384829e-02 6.234420e-04 -2.083938e-04 9.999998e-01 -9.610395e+00
9.999939e-01 -1.876777e-04 -3.488231e-03 -1.079346e+00 1.928844e-04 9.999989e-01 1.492396e-03 -7.909962e-02 3.487946e-03 -1.493061e-03 9.999928e-01 -1.042052e+01
9.999994e-01 7.743327e-05 -1.126889e-03 -1.195400e+00 -7.760687e-05 1.000000e+00 -1.540893e-04 -7.759171e-02 1.126877e-03 1.541774e-04 9.999994e-01 -1.082405e+01
9.999893e-01 9.034271e-05 -4.633253e-03 -1.319531e+00 -8.317958e-05 9.999988e-01 1.546214e-03 -7.556376e-02 4.633386e-03 -1.545813e-03 9.999881e-01 -1.095759e+01
9.999995e-01 7.817882e-05 -1.032540e-03 -1.460555e+00 -7.836787e-05 1.000000e+00 -1.831376e-04 -7.383631e-02 1.032526e-03 1.832191e-04 9.999995e-01 -1.098835e+01
9.999877e-01 1.774857e-04 -4.957485e-03 -1.409984e+00 -1.702521e-04 9.999989e-01 1.459536e-03 -7.700625e-02 4.957739e-03 -1.458675e-03 9.999866e-01 -1.092876e+01
9.999998e-01 -1.163716e-04 -6.413378e-04 -1.662416e+00 1.163417e-04 1.000000e+00 -4.690101e-05 -7.347230e-02 6.413436e-04 4.682709e-05 9.999998e-01 -1.098925e+01
9.999903e-01 9.999260e-05 -4.413811e-03 -1.861179e+00 -9.349337e-05 9.999989e-01 1.472680e-03 -6.821504e-02 4.413953e-03 -1.472254e-03 9.999892e-01 -1.120315e+01
9.999998e-01 -1.387314e-04 -6.417973e-04 -2.298337e+00 1.388439e-04 1.000000e+00 1.751316e-04 -5.890469e-02 6.417734e-04 -1.752200e-04 9.999998e-01 -1.155453e+01
9.999938e-01 -2.111957e-05 -3.524556e-03 -2.567147e+00 2.654772e-05 9.999988e-01 1.540083e-03 -5.398021e-02 3.524519e-03 -1.540168e-03 9.999926e-01 -1.239839e+01
9.999999e-01 -3.133163e-04 1.178713e-04 -2.509845e+00 3.133181e-04 1.000000e+00 -1.439057e-05 -4.909830e-02 -1.178664e-04 1.442820e-05 1.000000e+00 -1.353098e+01
9.999944e-01 6.534092e-06 -3.347979e-03 -2.467067e+00 -1.501120e-06 9.999989e-01 1.503316e-03 -4.490441e-02 3.347985e-03 -1.503303e-03 9.999933e-01 -1.464509e+01
9.999994e-01 -1.481521e-04 -1.087178e-03 -2.293632e+00 1.479956e-04 1.000000e+00 -1.441184e-04 -4.732092e-02 1.087199e-03 1.439581e-04 9.999994e-01 -1.526796e+01
9.999911e-01 8.112398e-04 -4.135490e-03 -2.077562e+00 -8.052021e-04 9.999986e-01 1.461445e-03 -6.499468e-02 4.136670e-03 -1.458103e-03 9.999904e-01 -1.485875e+01
9.999993e-01 -1.059804e-03 4.474274e-04 -2.306232e+00 1.059732e-03 9.999994e-01 1.610100e-04 -6.066847e-02 -4.475975e-04 -1.605350e-04 9.999999e-01 -1.575918e+01
9.999918e-01 9.205434e-04 -3.936246e-03 -2.477241e+00 -9.146277e-04 9.999985e-01 1.504453e-03 -5.779757e-02 3.937625e-03 -1.500841e-03 9.999911e-01 -1.682656e+01
9.999986e-01 -1.244190e-03 1.109125e-03 -2.504116e+00 1.244049e-03 9.999992e-01 1.280300e-04 -5.231225e-02 -1.109283e-03 -1.266493e-04 9.999994e-01 -1.812523e+01
9.999903e-01 9.085159e-04 -4.310195e-03 -2.510268e+00 -9.020004e-04 9.999984e-01 1.513385e-03 -4.697329e-02 4.311563e-03 -1.509483e-03 9.999896e-01 -1.936061e+01
9.999994e-01 -1.087670e-03 9.970391e-05 -2.525539e+00 1.087686e-03 9.999994e-01 -1.583372e-04 -4.929856e-02 -9.953129e-05 1.584462e-04 1.000000e+00 -1.989191e+01
9.999877e-01 1.234044e-03 -4.811076e-03 -2.511791e+00 -1.226516e-03 9.999980e-01 1.567255e-03 -5.435527e-02 4.813001e-03 -1.561335e-03 9.999872e-01 -2.032875e+01
9.999977e-01 -1.513312e-03 1.510597e-03 -2.560008e+00 1.513257e-03 9.999989e-01 3.800958e-05 -5.103223e-02 -1.510653e-03 -3.572287e-05 9.999989e-01 -2.142665e+01
9.999876e-01 1.225975e-03 -4.818370e-03 -2.642119e+00 -1.218413e-03 9.999980e-01 1.571985e-03 -4.721402e-02 4.820287e-03 -1.566095e-03 9.999872e-01 -2.256678e+01
9.999970e-01 -1.586155e-03 1.882636e-03 -2.882767e+00 1.585767e-03 9.999987e-01 2.075739e-04 -4.108922e-02 -1.882962e-03 -2.045872e-04 9.999982e-01 -2.389579e+01
9.999867e-01 1.289925e-03 -5.001774e-03 -2.983276e+00 -1.282563e-03 9.999981e-01 1.474774e-03 -3.641806e-02 5.003666e-03 -1.468340e-03 9.999864e-01 -2.512958e+01
9.999974e-01 -1.499531e-03 1.689099e-03 -2.970209e+00 1.499367e-03 9.999989e-01 9.799179e-05 -3.421711e-02 -1.689244e-03 -9.545826e-05 9.999986e-01 -2.616438e+01
9.999850e-01 1.189142e-03 -5.343006e-03 -3.001257e+00 -1.181488e-03 9.999983e-01 1.435553e-03 -3.219856e-02 5.344703e-03 -1.429219e-03 9.999847e-01 -2.711766e+01
9.999974e-01 -1.429719e-03 1.787009e-03 -3.213033e+00 1.429312e-03 9.999990e-01 2.295747e-04 -2.714962e-02 -1.787335e-03 -2.270192e-04 9.999984e-01 -2.812391e+01
9.999860e-01 1.108396e-03 -5.183294e-03 -3.455821e+00 -1.100757e-03 9.999983e-01 1.476416e-03 -2.012424e-02 5.184921e-03 -1.470691e-03 9.999855e-01 -2.921582e+01
9.999976e-01 -1.350599e-03 1.717894e-03 -3.733354e+00 1.350156e-03 9.999991e-01 2.589431e-04 -1.397382e-02 -1.718241e-03 -2.566223e-04 9.999985e-01 -3.028260e+01
9.999871e-01 9.823179e-04 -4.990319e-03 -3.948404e+00 -9.748589e-04 9.999984e-01 1.496920e-03 -7.804484e-03 4.991781e-03 -1.492036e-03 9.999864e-01 -3.147897e+01
9.999983e-01 -1.250900e-03 1.355743e-03 -4.103606e+00 1.250744e-03 9.999992e-01 1.154803e-04 -2.923592e-03 -1.355886e-03 -1.137837e-04 9.999991e-01 -3.248049e+01
9.999875e-01 1.086719e-03 -4.876008e-03 -4.232486e+00 -1.079608e-03 9.999984e-01 1.460658e-03 -3.493018e-05 4.877587e-03 -1.455376e-03 9.999870e-01 -3.349221e+01
9.999974e-01 -1.418354e-03 1.782236e-03 -4.564837e+00 1.417925e-03 9.999990e-01 2.418940e-04 7.812387e-03 -1.782577e-03 -2.393656e-04 9.999984e-01 -3.462969e+01
9.999861e-01 1.127352e-03 -5.152018e-03 -5.059089e+00 -1.118070e-03 9.999977e-01 1.804107e-03 1.971877e-02 5.154040e-03 -1.798322e-03 9.999851e-01 -3.583652e+01
9.999973e-01 -1.494007e-03 1.772851e-03 -5.582206e+00 1.493760e-03 9.999989e-01 1.406173e-04 3.351288e-02 -1.773059e-03 -1.379680e-04 9.999984e-01 -3.700512e+01
9.999865e-01 1.191173e-03 -5.059223e-03 -6.071363e+00 -1.181721e-03 9.999976e-01 1.870947e-03 4.625177e-02 5.061439e-03 -1.864944e-03 9.999855e-01 -3.823499e+01
9.999967e-01 -1.600330e-03 2.005172e-03 -6.555838e+00 1.600003e-03 9.999987e-01 1.648216e-04 5.968340e-02 -2.005433e-03 -1.616120e-04 9.999980e-01 -3.959715e+01
9.999865e-01 1.230032e-03 -5.049852e-03 -6.963732e+00 -1.220523e-03 9.999975e-01 1.885708e-03 7.108479e-02 5.052159e-03 -1.879520e-03 9.999855e-01 -4.097606e+01
9.999958e-01 -1.691062e-03 2.361498e-03 -7.090079e+00 1.691521e-03 9.999986e-01 -1.922841e-04 7.880031e-02 -2.361169e-03 1.962785e-04 9.999972e-01 -4.236831e+01
9.999844e-01 1.286263e-03 -5.430237e-03 -7.282146e+00 -1.275723e-03 9.999973e-01 1.944172e-03 8.674730e-02 5.432723e-03 -1.937215e-03 9.999834e-01 -4.365440e+01
9.999956e-01 -1.599418e-03 2.484364e-03 -7.423599e+00 1.600078e-03 9.999987e-01 -2.635272e-04 9.274749e-02 -2.483939e-03 2.675020e-04 9.999969e-01 -4.494189e+01
9.999802e-01 1.522089e-03 -6.104936e-03 -7.349288e+00 -1.508882e-03 9.999965e-01 2.167374e-03 1.202287e-01 6.108214e-03 -2.158120e-03 9.999790e-01 -4.541032e+01
9.999979e-01 -1.660842e-03 1.167233e-03 -7.306941e+00 1.660936e-03 9.999986e-01 -7.986254e-05 1.592666e-01 -1.167099e-03 8.180177e-05 9.999993e-01 -4.605166e+01
9.999927e-01 1.087400e-03 -3.663020e-03 -7.331628e+00 -1.080770e-03 9.999978e-01 1.811354e-03 1.688229e-01 3.664981e-03 -1.807383e-03 9.999917e-01 -4.758512e+01
9.999983e-01 -1.661747e-03 7.362339e-04 -7.179007e+00 1.661913e-03 9.999986e-01 -2.238456e-04 1.770633e-01 -7.358606e-04 2.250695e-04 9.999997e-01 -4.892094e+01
9.999903e-01 1.291190e-03 -4.207894e-03 -6.978991e+00 -1.282961e-03 9.999973e-01 1.957725e-03 1.876422e-01 4.210410e-03 -1.952308e-03 9.999892e-01 -5.040384e+01
9.999986e-01 -1.672703e-03 -2.367340e-04 -6.585382e+00 1.672687e-03 9.999986e-01 -6.763414e-05 2.071081e-01 2.368471e-04 6.723875e-05 1.000000e+00 -5.157715e+01
9.999938e-01 1.165215e-03 -3.311904e-03 -6.429400e+00 -1.159607e-03 9.999979e-01 1.694729e-03 2.145744e-01 3.313872e-03 -1.690878e-03 9.999931e-01 -5.276766e+01
9.999986e-01 -1.532339e-03 -6.702229e-04 -6.291160e+00 1.532388e-03 9.999988e-01 7.283231e-05 2.238845e-01 6.701108e-04 -7.385855e-05 9.999998e-01 -5.398129e+01
9.999866e-01 1.398219e-03 -4.977852e-03 -6.047460e+00 -1.389264e-03 9.999974e-01 1.801906e-03 2.396630e-01 4.980358e-03 -1.794967e-03 9.999860e-01 -5.511945e+01
9.999970e-01 -1.599139e-03 1.875846e-03 -5.960828e+00 1.599305e-03 9.999987e-01 -8.663895e-05 2.465944e-01 -1.875704e-03 8.963942e-05 9.999982e-01 -5.646139e+01
9.999853e-01 1.231642e-03 -5.289851e-03 -6.134160e+00 -1.221767e-03 9.999975e-01 1.869672e-03 2.579307e-01 5.292140e-03 -1.863182e-03 9.999843e-01 -5.745228e+01
9.999994e-01 -9.277759e-04 5.984072e-04 -6.825540e+00 9.275512e-04 9.999995e-01 3.759913e-04 3.102780e-01 -5.987554e-04 -3.754353e-04 9.999998e-01 -5.694753e+01
9.999722e-01 1.240159e-03 -7.359349e-03 -6.723516e+00 -1.229096e-03 9.999981e-01 1.507659e-03 3.336254e-01 7.361204e-03 -1.498573e-03 9.999718e-01 -5.682870e+01
9.999996e-01 -7.435196e-04 -5.328067e-04 -6.213781e+00 7.437864e-04 9.999996e-01 5.004695e-04 3.399423e-01 5.324348e-04 -5.008649e-04 9.999997e-01 -5.721258e+01
9.999902e-01 8.182536e-04 -4.341727e-03 -6.363209e+00 -8.125300e-04 9.999988e-01 1.319905e-03 3.607229e-01 4.342802e-03 -1.316365e-03 9.999897e-01 -5.773414e+01
9.999994e-01 -8.062794e-04 -7.195997e-04 -6.229460e+00 8.066033e-04 9.999996e-01 4.497930e-04 3.694652e-01 7.192371e-04 -4.503725e-04 9.999996e-01 -5.857813e+01
9.999940e-01 6.041011e-04 -3.398618e-03 -6.364841e+00 -6.002495e-04 9.999992e-01 1.134243e-03 3.741083e-01 3.399301e-03 -1.132197e-03 9.999936e-01 -5.924813e+01
9.999983e-01 -6.042088e-04 -1.735785e-03 -6.479799e+00 6.052919e-04 9.999996e-01 6.234432e-04 3.819907e-01 1.735408e-03 -6.244921e-04 9.999983e-01 -5.999100e+01
9.999986e-01 2.860898e-04 -1.642218e-03 -6.533151e+00 -2.844114e-04 9.999994e-01 1.022211e-03 3.853685e-01 1.642509e-03 -1.021744e-03 9.999981e-01 -6.106624e+01
9.999890e-01 -3.390878e-05 -4.699204e-03 -6.068736e+00 3.689057e-05 9.999998e-01 6.344142e-04 3.854815e-01 4.699181e-03 -6.345799e-04 9.999888e-01 -6.165134e+01
9.999999e-01 7.214827e-06 -3.373509e-04 -5.704667e+00 -6.844978e-06 9.999994e-01 1.096772e-03 3.885955e-01 3.373583e-04 -1.096770e-03 9.999993e-01 -6.254363e+01
9.999850e-01 -9.394044e-05 -5.484006e-03 -5.453303e+00 9.663927e-05 9.999999e-01 4.918374e-04 3.905088e-01 5.483960e-03 -4.923593e-04 9.999848e-01 -6.312190e+01
9.999997e-01 3.594412e-04 -6.953513e-04 -5.445183e+00 -3.587158e-04 9.999994e-01 1.043258e-03 3.967164e-01 6.957256e-04 -1.043009e-03 9.999992e-01 -6.315322e+01
9.999838e-01 -6.877159e-05 -5.685970e-03 -5.536922e+00 7.346562e-05 9.999997e-01 8.253141e-04 4.170403e-01 5.685911e-03 -8.257178e-04 9.999835e-01 -6.316578e+01
9.999998e-01 -7.052887e-07 6.409911e-04 -5.872142e+00 4.511592e-08 9.999995e-01 1.029676e-03 4.370875e-01 -6.409918e-04 -1.029676e-03 9.999993e-01 -6.385728e+01
9.999888e-01 -2.385033e-04 -4.736753e-03 -6.735117e+00 2.440049e-04 9.999993e-01 1.160899e-03 4.645530e-01 4.736473e-03 -1.162041e-03 9.999881e-01 -6.487610e+01
1.000000e+00 2.187254e-04 6.267063e-05 -7.119504e+00 -2.187662e-04 9.999998e-01 6.492280e-04 4.779339e-01 -6.252894e-05 -6.492424e-04 9.999998e-01 -6.556698e+01
9.999840e-01 -2.056501e-04 -5.654393e-03 -7.017321e+00 2.101265e-04 9.999997e-01 7.910587e-04 4.827416e-01 5.654229e-03 -7.922335e-04 9.999837e-01 -6.591615e+01
9.999998e-01 4.447037e-04 4.319493e-04 -7.308863e+00 -4.450755e-04 9.999995e-01 8.605781e-04 5.044786e-01 -4.315667e-04 -8.607709e-04 9.999995e-01 -6.562748e+01
9.999794e-01 2.123321e-04 -6.408241e-03 -7.684456e+00 -2.000490e-04 9.999981e-01 1.917329e-03 5.810117e-01 6.408637e-03 -1.916007e-03 9.999776e-01 -6.490600e+01
9.999999e-01 2.712476e-04 3.164029e-04 -7.375720e+00 -2.714447e-04 9.999998e-01 6.226580e-04 6.345109e-01 -3.162342e-04 -6.227445e-04 9.999998e-01 -6.474187e+01
9.999927e-01 2.347385e-05 -3.817907e-03 -7.618049e+00 -1.523339e-05 9.999977e-01 2.158342e-03 7.262617e-01 3.817949e-03 -2.158268e-03 9.999904e-01 -6.406735e+01
9.999997e-01 1.681205e-04 7.531533e-04 -7.664769e+00 -1.685598e-04 9.999998e-01 5.829918e-04 8.226917e-01 -7.530554e-04 -5.831192e-04 9.999995e-01 -6.325026e+01
9.999849e-01 3.277821e-04 -5.483201e-03 -7.650557e+00 -3.166249e-04 9.999979e-01 2.035506e-03 8.953651e-01 5.483857e-03 -2.033738e-03 9.999829e-01 -6.268343e+01
9.999998e-01 -4.756533e-04 3.756754e-04 -7.172623e+00 4.756222e-04 9.999999e-01 8.230010e-05 9.307764e-01 -3.757148e-04 -8.212208e-05 9.999999e-01 -6.315780e+01
9.999913e-01 1.161039e-04 -4.169113e-03 -7.180792e+00 -1.095846e-04 9.999988e-01 1.563865e-03 9.368621e-01 4.169290e-03 -1.563394e-03 9.999901e-01 -6.412866e+01
9.999997e-01 -4.789145e-04 6.617527e-04 -7.392303e+00 4.787574e-04 9.999999e-01 2.372794e-04 9.464034e-01 -6.618665e-04 -2.369632e-04 9.999998e-01 -6.528353e+01
9.999837e-01 4.018409e-04 -5.691491e-03 -7.265336e+00 -3.955182e-04 9.999993e-01 1.111946e-03 9.451226e-01 5.691934e-03 -1.109677e-03 9.999832e-01 -6.555264e+01
9.999999e-01 -2.885375e-04 3.805970e-04 -7.250921e+00 2.883802e-04 9.999999e-01 4.127884e-04 9.474231e-01 -3.807164e-04 -4.126793e-04 9.999998e-01 -6.576100e+01
9.999927e-01 1.394388e-05 -3.821660e-03 -7.353904e+00 -9.061791e-06 9.999992e-01 1.277446e-03 9.529564e-01 3.821675e-03 -1.277401e-03 9.999919e-01 -6.690102e+01
9.999995e-01 -5.078426e-04 8.702354e-04 -7.612536e+00 5.073192e-04 9.999997e-01 6.013370e-04 9.641134e-01 -8.705408e-04 -6.008959e-04 9.999994e-01 -6.829602e+01
9.999907e-01 1.428293e-04 -4.308138e-03 -7.939551e+00 -1.371379e-04 9.999991e-01 1.321300e-03 9.757384e-01 4.308323e-03 -1.320696e-03 9.999898e-01 -6.952056e+01
9.999999e-01 -3.186252e-04 -4.241767e-04 -7.655745e+00 3.187006e-04 9.999999e-01 1.781229e-04 9.739362e-01 4.241196e-04 -1.782587e-04 9.999999e-01 -7.019485e+01
9.999843e-01 3.340487e-04 -5.586638e-03 -7.486128e+00 -3.263268e-04 9.999990e-01 1.383031e-03 9.803209e-01 5.587095e-03 -1.381186e-03 9.999834e-01 -7.030959e+01
9.999997e-01 -1.502652e-04 -7.263961e-04 -7.177981e+00 1.504923e-04 9.999999e-01 3.128451e-04 9.876544e-01 7.263487e-04 -3.129550e-04 9.999997e-01 -7.046775e+01
9.999864e-01 4.435024e-04 -5.195838e-03 -7.186773e+00 -4.334143e-04 9.999980e-01 1.942495e-03 1.026508e+00 5.196689e-03 -1.940216e-03 9.999846e-01 -7.049252e+01
9.999997e-01 -1.406840e-04 -7.696344e-04 -7.209463e+00 1.409714e-04 9.999999e-01 3.736023e-04 1.066893e+00 7.695814e-04 -3.737114e-04 9.999996e-01 -7.053165e+01
9.999866e-01 4.946154e-04 -5.159178e-03 -7.169979e+00 -4.873678e-04 9.999989e-01 1.405928e-03 1.090819e+00 5.159868e-03 -1.403394e-03 9.999857e-01 -7.022664e+01
9.999955e-01 2.021222e-04 -2.999515e-03 -6.616927e+00 -2.007790e-04 9.999999e-01 4.481415e-04 1.087442e+00 2.999605e-03 -4.475380e-04 9.999954e-01 -7.026519e+01
9.999873e-01 4.548911e-04 -5.016755e-03 -6.075783e+00 -4.480370e-04 9.999990e-01 1.367237e-03 1.081862e+00 5.017372e-03 -1.364972e-03 9.999865e-01 -7.030090e+01
9.999964e-01 2.222277e-04 -2.682195e-03 -5.689294e+00 -2.211213e-04 9.999999e-01 4.128385e-04 1.075351e+00 2.682286e-03 -4.122446e-04 9.999963e-01 -7.012731e+01
9.999896e-01 2.621468e-04 -4.547170e-03 -5.213189e+00 -2.559067e-04 9.999990e-01 1.372789e-03 1.069452e+00 4.547526e-03 -1.371611e-03 9.999887e-01 -6.994852e+01
9.999910e-01 6.613867e-04 -4.184827e-03 -4.625725e+00 -6.593149e-04 9.999997e-01 4.964885e-04 1.045135e+00 4.185153e-03 -4.937256e-04 9.999911e-01 -6.982709e+01
9.999922e-01 6.287945e-05 -3.939748e-03 -4.092952e+00 -5.790215e-05 9.999992e-01 1.263406e-03 1.031089e+00 3.939825e-03 -1.263168e-03 9.999914e-01 -6.983713e+01
9.999932e-01 5.553131e-04 -3.639618e-03 -3.645389e+00 -5.541112e-04 9.999998e-01 3.312959e-04 1.010747e+00 3.639801e-03 -3.292775e-04 9.999933e-01 -6.970948e+01
9.999835e-01 2.691828e-04 -5.729654e-03 -2.938193e+00 -2.598508e-04 9.999986e-01 1.629349e-03 9.927550e-01 5.730085e-03 -1.627833e-03 9.999823e-01 -6.974725e+01
9.999989e-01 3.013028e-04 -1.459848e-03 -2.399347e+00 -3.011880e-04 1.000000e+00 7.904150e-05 9.847672e-01 1.459872e-03 -7.860239e-05 9.999989e-01 -6.987810e+01
9.999935e-01 -3.300234e-04 -3.577553e-03 -2.303395e+00 3.349107e-04 9.999990e-01 1.365516e-03 9.804804e-01 3.577099e-03 -1.366705e-03 9.999927e-01 -7.017057e+01
9.999977e-01 5.510814e-04 -2.055715e-03 -2.130586e+00 -5.507612e-04 9.999998e-01 1.564222e-04 9.709595e-01 2.055800e-03 -1.552903e-04 9.999979e-01 -7.025509e+01
9.999971e-01 -5.221460e-04 -2.366804e-03 -2.222222e+00 5.251420e-04 9.999991e-01 1.265329e-03 9.694285e-01 2.366142e-03 -1.266567e-03 9.999964e-01 -7.032020e+01
9.999965e-01 7.125371e-04 -2.551036e-03 -2.106979e+00 -7.121694e-04 9.999997e-01 1.451476e-04 9.598767e-01 2.551139e-03 -1.433309e-04 9.999967e-01 -7.019885e+01
9.999978e-01 -6.916927e-04 -2.004632e-03 -2.235671e+00 6.943135e-04 9.999989e-01 1.306834e-03 9.601611e-01 2.003726e-03 -1.308222e-03 9.999971e-01 -7.017193e+01
9.999966e-01 5.521603e-04 -2.542891e-03 -2.637998e+00 -5.512957e-04 9.999998e-01 3.407698e-04 9.756690e-01 2.543078e-03 -3.393674e-04 9.999967e-01 -7.040551e+01
9.999984e-01 -5.828663e-04 -1.714475e-03 -3.042043e+00 5.850020e-04 9.999991e-01 1.245328e-03 9.855163e-01 1.713747e-03 -1.246328e-03 9.999978e-01 -7.047059e+01
9.999957e-01 5.664397e-04 -2.881591e-03 -3.436462e+00 -5.654408e-04 9.999998e-01 3.475538e-04 9.948545e-01 2.881787e-03 -3.459236e-04 9.999958e-01 -7.039177e+01
9.999982e-01 -7.849114e-04 -1.753674e-03 -4.019950e+00 7.874036e-04 9.999987e-01 1.420771e-03 1.014353e+00 1.752557e-03 -1.422148e-03 9.999975e-01 -7.081721e+01
9.999970e-01 5.629620e-04 -2.396166e-03 -4.425079e+00 -5.621019e-04 9.999998e-01 3.596960e-04 1.028168e+00 2.396367e-03 -3.583487e-04 9.999971e-01 -7.166249e+01
9.999985e-01 -8.147858e-04 -1.521653e-03 -4.704713e+00 8.169693e-04 9.999986e-01 1.434716e-03 1.036861e+00 1.520483e-03 -1.435956e-03 9.999978e-01 -7.261970e+01
9.999955e-01 5.561101e-04 -2.946727e-03 -5.173201e+00 -5.552716e-04 9.999998e-01 2.854414e-04 1.052490e+00 2.946885e-03 -2.838046e-04 9.999956e-01 -7.326036e+01
9.999980e-01 -7.133221e-04 -1.842597e-03 -5.743405e+00 7.160107e-04 9.999987e-01 1.458775e-03 1.069908e+00 1.841554e-03 -1.460091e-03 9.999972e-01 -7.366394e+01
9.999959e-01 5.597121e-04 -2.806124e-03 -6.118771e+00 -5.592388e-04 9.999998e-01 1.695436e-04 1.080793e+00 2.806218e-03 -1.679743e-04 9.999960e-01 -7.414911e+01
9.999954e-01 -1.688410e-04 -3.039566e-03 -5.922222e+00 1.720931e-04 9.999994e-01 1.069609e-03 1.063615e+00 3.039384e-03 -1.070126e-03 9.999948e-01 -7.394708e+01
9.999743e-01 1.343905e-03 -7.041184e-03 -5.089115e+00 -1.336459e-03 9.999985e-01 1.062078e-03 1.034542e+00 7.042601e-03 -1.052641e-03 9.999746e-01 -7.386539e+01
9.999989e-01 -5.712660e-04 -1.400580e-03 -4.553750e+00 5.722226e-04 9.999996e-01 6.824931e-04 1.021194e+00 1.400190e-03 -6.832931e-04 9.999988e-01 -7.383602e+01
9.999843e-01 9.869124e-04 -5.512479e-03 -4.283756e+00 -9.806356e-04 9.999989e-01 1.141292e-03 1.036351e+00 5.513599e-03 -1.135869e-03 9.999842e-01 -7.388678e+01
9.999982e-01 -5.540024e-04 -1.834381e-03 -3.800894e+00 5.553354e-04 9.999996e-01 7.261305e-04 1.041979e+00 1.833978e-03 -7.271472e-04 9.999981e-01 -7.419395e+01
9.999876e-01 7.866757e-04 -4.910399e-03 -3.306817e+00 -7.825788e-04 9.999993e-01 8.362333e-04 1.040501e+00 4.911053e-03 -8.323808e-04 9.999876e-01 -7.453325e+01
9.999966e-01 -2.171625e-04 -2.585771e-03 -2.772034e+00 2.192445e-04 9.999997e-01 8.048331e-04 1.031183e+00 2.585596e-03 -8.053967e-04 9.999963e-01 -7.474544e+01
9.999884e-01 7.815061e-04 -4.751045e-03 -2.330992e+00 -7.777910e-04 9.999994e-01 7.838152e-04 1.015150e+00 4.751655e-03 -7.801114e-04 9.999884e-01 -7.470014e+01
9.999993e-01 -2.272869e-04 -1.196783e-03 -2.386458e+00 2.285651e-04 9.999994e-01 1.067804e-03 1.034411e+00 1.196540e-03 -1.068076e-03 9.999987e-01 -7.432705e+01
9.999865e-01 5.561764e-04 -5.159769e-03 -2.158801e+00 -5.523048e-04 9.999996e-01 7.517899e-04 1.053816e+00 5.160185e-03 -7.489306e-04 9.999864e-01 -7.410862e+01
9.999903e-01 4.495679e-04 -4.387497e-03 -1.358400e+00 -4.434199e-04 9.999989e-01 1.402070e-03 1.033864e+00 4.388123e-03 -1.400110e-03 9.999894e-01 -7.417420e+01
9.999896e-01 3.117050e-04 -4.554891e-03 -5.454124e-01 -3.087796e-04 9.999997e-01 6.429960e-04 1.021427e+00 4.555090e-03 -6.415835e-04 9.999894e-01 -7.441100e+01
9.999860e-01 6.218627e-04 -5.257544e-03 2.966978e-01 -6.141638e-04 9.999987e-01 1.465788e-03 1.004085e+00 5.258449e-03 -1.462538e-03 9.999851e-01 -7.455443e+01
9.999968e-01 -5.989871e-05 -2.522190e-03 8.889184e-01 6.159024e-05 9.999998e-01 6.706872e-04 1.023340e+00 2.522149e-03 -6.708411e-04 9.999966e-01 -7.463766e+01
9.999885e-01 2.739414e-04 -4.781271e-03 1.620092e+00 -2.683520e-04 9.999993e-01 1.169573e-03 1.035101e+00 4.781588e-03 -1.168275e-03 9.999879e-01 -7.480591e+01
9.999743e-01 1.342452e-03 -7.047702e-03 3.062665e+00 -1.331542e-03 9.999979e-01 1.552571e-03 1.011706e+00 7.049771e-03 -1.543147e-03 9.999740e-01 -7.524538e+01
9.999820e-01 5.320633e-04 -5.970073e-03 5.107342e+00 -5.214277e-04 9.999983e-01 1.782856e-03 9.976514e-01 5.971012e-03 -1.779710e-03 9.999806e-01 -7.625833e+01
9.999981e-01 -1.438190e-04 -1.951055e-03 6.085268e+00 1.445116e-04 9.999999e-01 3.549763e-04 1.001002e+00 1.951004e-03 -3.552582e-04 9.999980e-01 -7.726169e+01
9.999957e-01 5.321682e-04 -2.867222e-03 7.182407e+00 -5.241357e-04 9.999959e-01 2.801422e-03 1.019392e+00 2.868702e-03 -2.799907e-03 9.999920e-01 -7.976785e+01
9.999980e-01 -1.775125e-03 -9.316500e-04 7.975914e+00 1.774732e-03 9.999983e-01 -4.218862e-04 1.038856e+00 9.323970e-04 4.202313e-04 9.999995e-01 -8.194315e+01
9.999938e-01 1.431959e-03 -3.218971e-03 8.264537e+00 -1.425820e-03 9.999972e-01 1.908715e-03 1.041501e+00 3.221696e-03 -1.904113e-03 9.999930e-01 -8.289354e+01
9.999982e-01 -1.525902e-03 -1.156916e-03 8.380266e+00 1.525303e-03 9.999987e-01 -5.181702e-04 1.042754e+00 1.157705e-03 5.164040e-04 9.999992e-01 -8.367504e+01
9.999925e-01 1.315816e-03 -3.645017e-03 7.746391e+00 -1.307366e-03 9.999965e-01 2.319635e-03 1.064333e+00 3.648057e-03 -2.314851e-03 9.999907e-01 -8.424859e+01
9.999976e-01 -1.508283e-03 -1.577270e-03 6.722826e+00 1.508335e-03 9.999989e-01 3.211626e-05 1.096189e+00 1.577219e-03 -3.449587e-05 9.999988e-01 -8.485275e+01
9.999911e-01 1.388487e-03 -3.996098e-03 6.455353e+00 -1.380575e-03 9.999971e-01 1.981969e-03 1.114946e+00 3.998839e-03 -1.976433e-03 9.999901e-01 -8.534634e+01
9.999983e-01 -1.567261e-03 -9.747384e-04 6.302547e+00 1.567160e-03 9.999988e-01 -1.039264e-04 1.130678e+00 9.748998e-04 1.023981e-04 9.999995e-01 -8.592903e+01
9.999926e-01 1.385621e-03 -3.593711e-03 6.092622e+00 -1.379614e-03 9.999976e-01 1.673425e-03 1.137022e+00 3.596021e-03 -1.668454e-03 9.999921e-01 -8.655496e+01
9.999986e-01 -1.468548e-03 -8.406978e-04 5.709315e+00 1.468677e-03 9.999989e-01 1.531897e-04 1.145162e+00 8.404717e-04 -1.544248e-04 9.999996e-01 -8.734424e+01
9.999933e-01 1.189321e-03 -3.450285e-03 5.232586e+00 -1.183698e-03 9.999980e-01 1.631254e-03 1.156887e+00 3.452219e-03 -1.627159e-03 9.999927e-01 -8.806986e+01
9.999980e-01 -1.243384e-03 -1.563867e-03 4.678045e+00 1.243642e-03 9.999992e-01 1.639312e-04 1.169480e+00 1.563662e-03 -1.658764e-04 9.999988e-01 -8.840800e+01
9.999957e-01 1.080846e-03 -2.727127e-03 4.501909e+00 -1.076883e-03 9.999984e-01 1.454142e-03 1.172297e+00 2.728695e-03 -1.451198e-03 9.999952e-01 -8.907890e+01
9.999989e-01 -1.364727e-03 -6.201038e-04 4.443242e+00 1.364741e-03 9.999991e-01 2.248036e-05 1.173458e+00 6.200722e-04 -2.332725e-05 9.999998e-01 -9.000479e+01
9.999949e-01 1.241521e-03 -2.950427e-03 4.401895e+00 -1.237348e-03 9.999982e-01 1.415748e-03 1.172797e+00 2.952180e-03 -1.412089e-03 9.999946e-01 -9.082304e+01
9.999987e-01 -1.408975e-03 -7.623769e-04 4.297973e+00 1.409063e-03 9.999990e-01 1.145289e-04 1.173293e+00 7.622145e-04 -1.156036e-04 9.999997e-01 -9.171188e+01
9.999924e-01 1.364838e-03 -3.656336e-03 4.303546e+00 -1.360481e-03 9.999984e-01 1.193655e-03 1.168129e+00 3.657959e-03 -1.188671e-03 9.999926e-01 -9.212555e+01
9.999986e-01 -1.115775e-03 -1.269738e-03 4.375812e+00 1.115770e-03 9.999994e-01 -4.532335e-06 1.157179e+00 1.269742e-03 3.114967e-06 9.999992e-01 -9.187419e+01
9.999896e-01 1.600769e-03 -4.259628e-03 4.566550e+00 -1.595092e-03 9.999978e-01 1.335960e-03 1.138630e+00 4.261757e-03 -1.329151e-03 9.999900e-01 -9.156267e+01
9.999973e-01 -1.102850e-03 -2.024552e-03 5.106001e+00 1.103051e-03 9.999994e-01 9.865730e-05 1.128805e+00 2.024441e-03 -1.008908e-04 9.999979e-01 -9.186200e+01
9.999965e-01 9.345653e-04 -2.459064e-03 5.260072e+00 -9.315270e-04 9.999988e-01 1.236248e-03 1.126472e+00 2.460216e-03 -1.233953e-03 9.999962e-01 -9.241254e+01
9.999969e-01 -8.462414e-04 -2.337137e-03 5.042787e+00 8.465303e-04 9.999996e-01 1.227631e-04 1.126673e+00 2.337032e-03 -1.247418e-04 9.999973e-01 -9.228143e+01
9.999954e-01 9.464985e-04 -2.888087e-03 5.172047e+00 -9.430012e-04 9.999988e-01 1.211978e-03 1.119574e+00 2.889231e-03 -1.209249e-03 9.999951e-01 -9.255522e+01
9.999973e-01 -9.344243e-04 -2.148042e-03 5.606170e+00 9.351146e-04 9.999995e-01 3.205014e-04 1.121592e+00 2.147741e-03 -3.225098e-04 9.999976e-01 -9.341023e+01
9.999971e-01 8.088944e-04 -2.255087e-03 5.685648e+00 -8.065781e-04 9.999991e-01 1.027735e-03 1.118977e+00 2.255917e-03 -1.025913e-03 9.999969e-01 -9.396013e+01
9.999960e-01 -8.292636e-04 -2.690602e-03 5.375279e+00 8.303995e-04 9.999996e-01 4.211861e-04 1.125025e+00 2.690251e-03 -4.234194e-04 9.999963e-01 -9.406375e+01
9.999975e-01 7.637555e-04 -2.110714e-03 4.988074e+00 -7.613966e-04 9.999991e-01 1.118031e-03 1.133492e+00 2.111566e-03 -1.116420e-03 9.999971e-01 -9.439323e+01
9.999964e-01 -7.236384e-04 -2.582552e-03 4.622586e+00 7.245514e-04 9.999997e-01 3.527233e-04 1.141458e+00 2.582296e-03 -3.545938e-04 9.999966e-01 -9.437111e+01
9.999991e-01 6.008614e-04 -1.203919e-03 4.588666e+00 -5.996525e-04 9.999993e-01 1.004041e-03 1.140366e+00 1.204522e-03 -1.003318e-03 9.999988e-01 -9.510403e+01
9.999946e-01 -6.087034e-04 -3.235099e-03 4.800859e+00 6.097363e-04 9.999998e-01 3.183999e-04 1.138363e+00 3.234905e-03 -3.203713e-04 9.999947e-01 -9.568838e+01
9.999998e-01 3.036198e-04 -5.831616e-04 4.982582e+00 -3.030763e-04 9.999995e-01 9.312631e-04 1.139738e+00 5.834444e-04 -9.310855e-04 9.999994e-01 -9.643570e+01
9.999926e-01 -4.239812e-04 -3.825367e-03 5.415011e+00 4.258531e-04 9.999998e-01 4.886334e-04 1.141224e+00 3.825159e-03 -4.902595e-04 9.999926e-01 -9.723314e+01
9.999930e-01 1.572185e-03 -3.388986e-03 6.607721e+00 -1.567632e-03 9.999979e-01 1.345490e-03 1.134141e+00 3.391095e-03 -1.340167e-03 9.999934e-01 -9.765094e+01
9.999882e-01 3.326026e-04 -4.852720e-03 8.108683e+00 -3.278959e-04 9.999995e-01 9.707511e-04 1.108809e+00 4.853041e-03 -9.691490e-04 9.999878e-01 -9.764081e+01
9.999970e-01 1.479389e-03 -1.972773e-03 9.049765e+00 -1.477549e-03 9.999985e-01 9.335199e-04 1.074446e+00 1.974152e-03 -9.306016e-04 9.999976e-01 -9.706075e+01
9.999942e-01 -7.107522e-04 -3.344243e-03 9.574357e+00 7.117899e-04 9.999997e-01 3.092225e-04 1.056831e+00 3.344022e-03 -3.116017e-04 9.999944e-01 -9.699291e+01
9.999813e-01 2.141088e-03 -5.721190e-03 1.085836e+01 -2.129693e-03 9.999957e-01 1.997152e-03 1.029333e+00 5.725442e-03 -1.984929e-03 9.999816e-01 -9.730249e+01
9.999910e-01 -1.492242e-03 -3.980969e-03 1.227416e+01 1.493324e-03 9.999988e-01 2.688579e-04 1.020562e+00 3.980563e-03 -2.748009e-04 9.999920e-01 -9.802097e+01
9.999979e-01 1.944331e-03 -5.726178e-04 1.246145e+01 -1.943873e-03 9.999978e-01 7.982343e-04 1.005271e+00 5.741688e-04 -7.971189e-04 9.999995e-01 -9.780385e+01
9.999899e-01 -1.435280e-03 -4.268360e-03 1.270314e+01 1.437243e-03 9.999989e-01 4.570908e-04 9.834172e-01 4.267699e-03 -4.632215e-04 9.999908e-01 -9.738463e+01
9.999903e-01 2.929541e-03 -3.298359e-03 1.337286e+01 -2.924851e-03 9.999947e-01 1.425890e-03 9.379626e-01 3.302519e-03 -1.416228e-03 9.999935e-01 -9.672868e+01
9.999958e-01 -2.360929e-03 -1.701854e-03 1.351655e+01 2.360599e-03 9.999972e-01 -1.953446e-04 9.162736e-01 1.702310e-03 1.913258e-04 9.999985e-01 -9.622212e+01
9.999914e-01 2.747607e-03 -3.101851e-03 1.382465e+01 -2.743321e-03 9.999953e-01 1.384957e-03 9.047370e-01 3.105642e-03 -1.376435e-03 9.999942e-01 -9.651585e+01
9.999910e-01 -1.634574e-03 -3.914688e-03 1.432954e+01 1.635270e-03 9.999986e-01 1.746817e-04 8.616298e-01 3.914397e-03 -1.810823e-04 9.999923e-01 -9.596326e+01
9.999972e-01 2.224130e-03 -7.814038e-04 1.446869e+01 -2.223320e-03 9.999970e-01 1.035047e-03 8.449178e-01 7.837038e-04 -1.033307e-03 9.999992e-01 -9.549054e+01
9.999954e-01 -7.934449e-04 -2.912005e-03 1.458395e+01 7.950919e-04 9.999995e-01 5.645864e-04 8.111054e-01 2.911556e-03 -5.668997e-04 9.999956e-01 -9.397561e+01
9.999968e-01 1.654337e-03 -1.897162e-03 1.500751e+01 -1.652934e-03 9.999984e-01 7.407025e-04 7.952432e-01 1.898384e-03 -7.375637e-04 9.999979e-01 -9.373657e+01
9.999902e-01 -8.837128e-04 -4.344378e-03 1.570958e+01 8.873585e-04 9.999993e-01 8.374063e-04 7.777933e-01 4.343634e-03 -8.412537e-04 9.999902e-01 -9.385179e+01
9.999971e-01 1.896180e-03 -1.473894e-03 1.606085e+01 -1.895053e-03 9.999979e-01 7.650209e-04 7.434547e-01 1.475342e-03 -7.622250e-04 9.999986e-01 -9.309298e+01
9.999932e-01 -1.287064e-03 -3.455129e-03 1.619110e+01 1.288602e-03 9.999991e-01 4.430611e-04 7.217387e-01 3.454555e-03 -4.475110e-04 9.999939e-01 -9.256584e+01
9.999978e-01 1.490189e-03 -1.485927e-03 1.647769e+01 -1.489095e-03 9.999986e-01 7.368615e-04 7.123631e-01 1.487023e-03 -7.346466e-04 9.999986e-01 -9.289160e+01
9.999948e-01 -1.492858e-03 -2.850922e-03 1.674044e+01 1.494040e-03 9.999988e-01 4.126514e-04 7.091284e-01 2.850302e-03 -4.169093e-04 9.999959e-01 -9.345451e+01
9.999873e-01 2.287447e-03 -4.487837e-03 1.750969e+01 -2.281503e-03 9.999965e-01 1.328949e-03 6.869001e-01 4.490861e-03 -1.318693e-03 9.999890e-01 -9.354955e+01
9.999977e-01 -2.094590e-03 -4.842035e-04 1.782304e+01 2.094520e-03 9.999978e-01 -1.446694e-04 6.741580e-01 4.845052e-04 1.436543e-04 9.999999e-01 -9.375646e+01
9.999909e-01 2.437346e-03 -3.515246e-03 1.792160e+01 -2.432723e-03 9.999962e-01 1.318429e-03 6.604901e-01 3.518446e-03 -1.309865e-03 9.999930e-01 -9.370270e+01
9.999973e-01 -2.083114e-03 -1.012327e-03 1.821693e+01 2.083002e-03 9.999978e-01 -1.111624e-04 6.501484e-01 1.012557e-03 1.090529e-04 9.999995e-01 -9.408246e+01
9.999947e-01 1.847688e-03 -2.677102e-03 1.859815e+01 -1.843947e-03 9.999973e-01 1.398902e-03 6.526733e-01 2.679680e-03 -1.393957e-03 9.999954e-01 -9.496452e+01
9.999954e-01 -1.697030e-03 -2.505818e-03 1.904560e+01 1.696989e-03 9.999986e-01 -1.861873e-05 6.485825e-01 2.505846e-03 1.436571e-05 9.999969e-01 -9.555447e+01
9.999988e-01 1.370949e-03 -7.804199e-04 1.935591e+01 -1.369750e-03 9.999979e-01 1.534000e-03 6.549832e-01 7.825216e-04 -1.532928e-03 9.999985e-01 -9.683268e+01
9.999965e-01 -1.928250e-03 -1.805033e-03 1.963804e+01 1.928466e-03 9.999981e-01 1.178825e-04 6.666436e-01 1.804802e-03 -1.213636e-04 9.999984e-01 -9.838287e+01
9.999983e-01 1.550134e-03 -1.046656e-03 1.960606e+01 -1.548439e-03 9.999975e-01 1.618119e-03 6.734346e-01 1.049162e-03 -1.616495e-03 9.999981e-01 -9.976726e+01
9.999972e-01 -1.917104e-03 -1.406786e-03 1.957623e+01 1.917479e-03 9.999981e-01 2.654736e-04 6.844641e-01 1.406275e-03 -2.681709e-04 9.999990e-01 -1.015011e+02
9.999989e-01 1.275534e-03 7.370311e-04 1.959186e+01 -1.276870e-03 9.999975e-01 1.815583e-03 7.029538e-01 -7.347132e-04 -1.816522e-03 9.999981e-01 -1.038751e+02
9.999962e-01 -2.172338e-03 -1.671146e-03 1.956202e+01 2.172268e-03 9.999976e-01 -4.389508e-05 7.185470e-01 1.671237e-03 4.026416e-05 9.999986e-01 -1.059156e+02
9.999980e-01 1.774102e-03 -9.439059e-04 1.968026e+01 -1.772360e-03 9.999967e-01 1.842549e-03 7.291928e-01 9.471720e-04 -1.840872e-03 9.999979e-01 -1.075262e+02
9.999966e-01 -2.521722e-03 -6.373772e-04 2.002838e+01 2.521596e-03 9.999968e-01 -1.976024e-04 7.422388e-01 6.378733e-04 1.959939e-04 9.999998e-01 -1.092181e+02
9.999927e-01 2.320092e-03 -3.020618e-03 2.044482e+01 -2.314864e-03 9.999958e-01 1.732975e-03 7.445683e-01 3.024627e-03 -1.725969e-03 9.999939e-01 -1.101752e+02
9.999902e-01 -1.855798e-03 -4.027326e-03 2.120488e+01 1.855676e-03 9.999983e-01 -3.390424e-05 7.330854e-01 4.027382e-03 2.642992e-05 9.999919e-01 -1.105365e+02
9.999982e-01 1.871936e-03 -4.268333e-04 2.162987e+01 -1.871231e-03 9.999969e-01 1.644911e-03 7.387045e-01 4.299114e-04 -1.644109e-03 9.999986e-01 -1.117383e+02
9.999954e-01 -2.727365e-03 -1.330149e-03 2.169128e+01 2.727349e-03 9.999963e-01 -1.425724e-05 7.520382e-01 1.330182e-03 1.062882e-05 9.999991e-01 -1.135227e+02
9.999934e-01 2.564619e-03 -2.592188e-03 2.202455e+01 -2.561000e-03 9.999957e-01 1.398325e-03 7.523237e-01 2.595763e-03 -1.391677e-03 9.999957e-01 -1.142921e+02
9.999918e-01 -2.493003e-03 -3.181296e-03 2.252654e+01 2.493314e-03 9.999969e-01 9.381371e-05 7.529472e-01 3.181052e-03 -1.017455e-04 9.999949e-01 -1.149637e+02
9.999969e-01 2.299590e-03 -9.378006e-04 2.265866e+01 -2.298446e-03 9.999966e-01 1.219465e-03 7.536569e-01 9.406019e-04 -1.217306e-03 9.999988e-01 -1.157051e+02
9.999916e-01 -2.406998e-03 -3.331989e-03 2.289313e+01 2.407238e-03 9.999971e-01 6.797237e-05 7.547087e-01 3.331815e-03 -7.599326e-05 9.999944e-01 -1.164565e+02
9.999956e-01 2.432428e-03 -1.720796e-03 2.321847e+01 -2.430316e-03 9.999963e-01 1.228011e-03 7.501964e-01 1.723777e-03 -1.223823e-03 9.999978e-01 -1.169339e+02
