9.999747e-01 1.052760e-03 -7.035576e-03 3.216175e-01 -1.042100e-03 9.999983e-01 1.518620e-03 -3.512986e-02 7.037163e-03 -1.511251e-03 9.999741e-01 6.338376e-01
9.999998e-01 -4.393026e-04 -4.973587e-04 7.023582e-01 4.393126e-04 9.999999e-01 1.987907e-05 -5.599793e-02 4.973502e-04 -2.009684e-05 9.999999e-01 7.850191e-01
9.999794e-01 1.006052e-03 -6.342161e-03 9.426102e-01 -9.968363e-04 9.999984e-01 1.456154e-03 -6.739086e-02 6.343616e-03 -1.449803e-03 9.999788e-01 9.580796e-01
9.999975e-01 -8.355206e-04 2.088315e-03 5.966882e-01 8.360883e-04 9.999996e-01 -2.709710e-04 -5.004703e-02 -2.088087e-03 2.727170e-04 9.999978e-01 1.539346e+00
9.999791e-01 1.149982e-03 -6.369035e-03 2.607442e-01 -1.140185e-03 9.999982e-01 1.541620e-03 -3.548928e-02 6.370795e-03 -1.534326e-03 9.999785e-01 2.246026e+00
9.999957e-01 -7.349661e-04 2.840435e-03 1.169389e-01 7.360685e-04 9.999997e-01 -3.870776e-04 -3.717357e-02 -2.840149e-03 3.891674e-04 9.999959e-01 2.997183e+00
9.999772e-01 1.315108e-03 -6.629355e-03 3.050717e-02 -1.304982e-03 9.999980e-01 1.531477e-03 -4.906429e-02 6.631355e-03 -1.522792e-03 9.999769e-01 3.944685e+00
9.999966e-01 -1.038051e-03 2.396173e-03 -1.691623e-01 1.038602e-03 9.999994e-01 -2.287917e-04 -4.606493e-02 -2.395934e-03 2.312803e-04 9.999971e-01 4.471755e+00
9.999743e-01 1.079115e-03 -7.094649e-03 -4.352877e-01 -1.068090e-03 9.999982e-01 1.557589e-03 -4.322973e-02 7.096316e-03 -1.549972e-03 9.999736e-01 4.635170e+00
9.999968e-01 -9.048814e-04 2.380760e-03 -6.569405e-01 9.056664e-04 9.999995e-01 -3.286573e-04 -3.880454e-02 -2.380461e-03 3.308131e-04 9.999971e-01 5.041886e+00
9.999715e-01 1.148087e-03 -7.466531e-03 -8.992499e-01 -1.135872e-03 9.999980e-01 1.639952e-03 -2.590981e-02 7.468399e-03 -1.631425e-03 9.999708e-01 5.439894e+00
9.999969e-01 -9.707886e-04 2.272885e-03 -1.148039e+00 9.711897e-04 9.999995e-01 -1.753532e-04 -1.189395e-02 -2.272714e-03 1.775607e-04 9.999974e-01 5.666070e+00
9.999705e-01 1.091663e-03 -7.601255e-03 -1.287243e+00 -1.080212e-03 9.999983e-01 1.510291e-03 -9.215651e-03 7.602890e-03 -1.502037e-03 9.999700e-01 5.762965e+00
9.999998e-01 -6.146512e-04 1.234765e-04 -9.368995e-01 6.146451e-04 9.999998e-01 5.007971e-05 -1.607473e-02 -1.235069e-04 -5.000309e-05 1.000000e+00 5.807656e+00
9.999688e-01 1.473623e-03 -7.764151e-03 -4.652852e-01 -1.459329e-03 9.999972e-01 1.846360e-03 -2.290679e-02 7.766850e-03 -1.834972e-03 9.999682e-01 5.892401e+00
9.999997e-01 -7.271219e-04 4.129602e-04 -1.790335e-01 7.271263e-04 9.999997e-01 -1.056930e-05 -2.264844e-02 -4.129521e-04 1.087028e-05 9.999999e-01 6.208285e+00
9.999574e-01 1.508465e-03 -9.103500e-03 3.988926e-01 -1.491645e-03 9.999972e-01 1.854232e-03 -3.823586e-02 9.106271e-03 -1.840574e-03 9.999568e-01 6.421148e+00
9.999983e-01 -8.692186e-04 1.631045e-03 8.114769e-01 8.695037e-04 9.999996e-01 -1.740615e-04 -5.750981e-02 -1.630893e-03 1.754801e-04 9.999987e-01 6.618871e+00
9.999804e-01 1.045106e-03 -6.177747e-03 4.666420e-01 -1.035391e-03 9.999982e-01 1.575586e-03 -3.914616e-02 6.179382e-03 -1.569160e-03 9.999797e-01 7.016998e+00
9.999992e-01 -6.463726e-04 -1.064816e-03 7.184365e-01 6.462740e-04 9.999998e-01 -9.299599e-05 -3.738401e-02 1.064877e-03 9.230847e-05 9.999994e-01 7.156437e+00
9.999743e-01 1.387022e-03 -7.036480e-03 1.386963e+00 -1.373834e-03 9.999973e-01 1.878641e-03 -5.006307e-02 7.039066e-03 -1.868926e-03 9.999735e-01 7.007340e+00
9.999995e-01 -6.385716e-04 -7.599758e-04 1.910148e+00 6.384748e-04 9.999998e-01 -1.276780e-04 -7.826068e-02 7.600575e-04 1.271934e-04 9.999997e-01 7.269621e+00
9.999797e-01 1.152036e-03 -6.268177e-03 2.235466e+00 -1.142232e-03 9.999981e-01 1.567485e-03 -9.081061e-02 6.269971e-03 -1.560294e-03 9.999791e-01 7.279370e+00
9.999995e-01 -7.272673e-04 -7.431518e-04 2.595066e+00 7.271737e-04 9.999997e-01 -1.262611e-04 -1.021038e-01 7.432437e-04 1.257213e-04 9.999997e-01 7.218536e+00
9.999776e-01 1.183753e-03 -6.591671e-03 2.993565e+00 -1.173037e-03 9.999980e-01 1.629357e-03 -1.126162e-01 6.593586e-03 -1.621589e-03 9.999769e-01 7.173029e+00
9.999996e-01 -9.126446e-04 3.050464e-05 3.117256e+00 9.126539e-04 9.999995e-01 -3.035518e-04 -1.101590e-01 -3.022726e-05 3.035802e-04 1.000000e+00 7.267511e+00
9.999831e-01 1.114108e-03 -5.710139e-03 3.311010e+00 -1.103963e-03 9.999978e-01 1.779549e-03 -1.109579e-01 5.712109e-03 -1.773216e-03 9.999821e-01 6.707164e+00
9.999995e-01 -1.008578e-03 -1.087667e-04 3.611395e+00 1.008544e-03 9.999994e-01 -3.087688e-04 -1.168689e-01 1.090784e-04 3.086597e-04 9.999999e-01 6.484691e+00
9.999651e-01 1.672802e-03 -8.184676e-03 4.098333e+00 -1.656616e-03 9.999967e-01 1.984071e-03 -1.286305e-01 8.187968e-03 -1.970443e-03 9.999645e-01 6.596251e+00
9.999966e-01 -1.322312e-03 2.243379e-03 4.037471e+00 1.323579e-03 9.999990e-01 -5.632910e-04 -1.201761e-01 -2.242631e-03 5.662591e-04 9.999973e-01 6.761225e+00
9.999677e-01 1.438520e-03 -7.912511e-03 3.735339e+00 -1.422189e-03 9.999968e-01 2.069266e-03 -1.044551e-01 7.915462e-03 -2.057947e-03 9.999666e-01 6.909235e+00
9.999950e-01 -1.360384e-03 2.849390e-03 3.326024e+00 1.362003e-03 9.999989e-01 -5.661682e-04 -8.349223e-02 -2.848616e-03 5.700469e-04 9.999958e-01 7.161085e+00
9.999559e-01 1.589266e-03 -9.257525e-03 3.159099e+00 -1.567293e-03 9.999959e-01 2.380217e-03 -7.987758e-02 9.261270e-03 -2.365603e-03 9.999543e-01 6.943118e+00
9.999866e-01 -1.775253e-03 4.864088e-03 3.306519e+00 1.779954e-03 9.999980e-01 -9.623388e-04 -7.993739e-02 -4.862369e-03 9.709845e-04 9.999877e-01 6.271063e+00
9.999306e-01 2.148036e-03 -1.158409e-02 3.669253e+00 -2.120229e-03 9.999948e-01 2.412180e-03 -8.863366e-02 1.158921e-02 -2.387453e-03 9.999300e-01 6.135907e+00
9.999843e-01 -1.784104e-03 5.316528e-03 3.865719e+00 1.790243e-03 9.999977e-01 -1.149984e-03 -1.033362e-01 -5.314464e-03 1.159484e-03 9.999852e-01 6.264226e+00
9.999438e-01 1.864418e-03 -1.043996e-02 3.766929e+00 -1.836646e-03 9.999948e-01 2.669216e-03 -1.022353e-01 1.044488e-02 -2.649892e-03 9.999419e-01 5.804526e+00
9.999840e-01 -1.805022e-03 5.362056e-03 3.299235e+00 1.810624e-03 9.999978e-01 -1.039944e-03 -8.745889e-02 -5.360167e-03 1.049637e-03 9.999851e-01 5.722130e+00
9.999389e-01 1.877084e-03 -1.089131e-02 3.028283e+00 -1.849464e-03 9.999950e-01 2.545535e-03 -7.409167e-02 1.089604e-02 -2.525237e-03 9.999374e-01 5.815894e+00
9.999864e-01 -1.473172e-03 5.007573e-03 3.281215e+00 1.479010e-03 9.999982e-01 -1.162319e-03 -8.513621e-02 -5.005852e-03 1.169710e-03 9.999868e-01 5.733549e+00
9.998978e-01 2.370126e-03 -1.409891e-02 3.966762e+00 -2.326247e-03 9.999924e-01 3.127803e-03 -1.105892e-01 1.410622e-02 -3.094686e-03 9.998957e-01 5.823335e+00
9.999913e-01 -1.299148e-03 3.968736e-03 4.757151e+00 1.303485e-03 9.999986e-01 -1.090422e-03 -1.367702e-01 -3.967314e-03 1.095587e-03 9.999915e-01 5.900556e+00
9.999541e-01 1.479872e-03 -9.464552e-03 4.696756e+00 -1.458147e-03 9.999963e-01 2.301908e-03 -1.337930e-01 9.467923e-03 -2.288002e-03 9.999526e-01 6.063667e+00
9.999906e-01 -1.391114e-03 4.109353e-03 4.351009e+00 1.394558e-03 9.999987e-01 -8.353056e-04 -1.212042e-01 -4.108185e-03 8.410291e-04 9.999912e-01 6.125016e+00
9.999552e-01 1.526145e-03 -9.337247e-03 4.397304e+00 -1.507263e-03 9.999968e-01 2.028938e-03 -1.274612e-01 9.340314e-03 -2.014774e-03 9.999543e-01 6.186423e+00
9.999911e-01 -1.201910e-03 4.043213e-03 4.340862e+00 1.205585e-03 9.999989e-01 -9.068001e-04 -1.288795e-01 -4.042118e-03 9.116671e-04 9.999914e-01 6.539541e+00
9.999548e-01 1.128744e-03 -9.437449e-03 3.907716e+00 -1.105569e-03 9.999964e-01 2.460494e-03 -1.076082e-01 9.440191e-03 -2.449950e-03 9.999524e-01 6.850230e+00
9.999916e-01 -1.256094e-03 3.902871e-03 2.806871e+00 1.257938e-03 9.999991e-01 -4.700973e-04 -6.071822e-02 -3.902276e-03 4.750036e-04 9.999923e-01 6.890801e+00
9.999575e-01 1.181778e-03 -9.142165e-03 2.030443e+00 -1.160601e-03 9.999966e-01 2.321387e-03 -2.229263e-02 9.144878e-03 -2.310679e-03 9.999555e-01 7.114853e+00
9.999918e-01 -1.190548e-03 3.859437e-03 1.406882e+00 1.192883e-03 9.999991e-01 -6.027619e-04 7.191543e-03 -3.858716e-03 6.073615e-04 9.999924e-01 7.311153e+00
9.999555e-01 1.161664e-03 -9.363328e-03 8.426127e-01 -1.140055e-03 9.999967e-01 2.312910e-03 2.973462e-02 9.365983e-03 -2.302133e-03 9.999535e-01 7.342121e+00
9.999908e-01 -1.116730e-03 4.130096e-03 6.315372e-01 1.120737e-03 9.999989e-01 -9.679979e-04 3.966440e-02 -4.129010e-03 9.726185e-04 9.999910e-01 7.413937e+00
9.999520e-01 1.326001e-03 -9.705417e-03 6.710982e-01 -1.305370e-03 9.999969e-01 2.131727e-03 3.859539e-02 9.708213e-03 -2.118957e-03 9.999506e-01 7.574527e+00
9.999942e-01 -8.902679e-04 3.294393e-03 9.072369e-01 8.927771e-04 9.999993e-01 -7.602277e-04 2.763000e-02 -3.293714e-03 7.631652e-04 9.999943e-01 7.815455e+00
9.999304e-01 1.681023e-03 -1.167956e-02 1.485663e+00 -1.651563e-03 9.999954e-01 2.531551e-03 1.743073e-03 1.168376e-02 -2.512086e-03 9.999286e-01 8.072466e+00
9.999831e-01 -1.300615e-03 5.660477e-03 1.698242e+00 1.307155e-03 9.999985e-01 -1.151930e-03 -3.283786e-03 -5.658970e-03 1.159311e-03 9.999833e-01 8.149170e+00
9.999446e-01 1.223758e-03 -1.045489e-02 1.107106e+00 -1.194864e-03 9.999955e-01 2.769522e-03 1.673223e-02 1.045823e-02 -2.756877e-03 9.999415e-01 8.101413e+00
9.999855e-01 -1.204394e-03 5.246992e-03 5.113185e-01 1.210441e-03 9.999986e-01 -1.149506e-03 4.330492e-02 -5.245600e-03 1.155841e-03 9.999856e-01 8.263831e+00
9.999233e-01 1.541145e-03 -1.228634e-02 8.256417e-01 -1.510400e-03 9.999957e-01 2.511263e-03 3.854154e-02 1.229015e-02 -2.492514e-03 9.999214e-01 8.184934e+00
9.999957e-01 -7.730547e-04 2.827771e-03 1.807873e+00 7.747519e-04 9.999995e-01 -5.990793e-04 2.790178e-02 -2.827306e-03 6.012683e-04 9.999958e-01 7.769643e+00
9.999367e-01 1.586230e-03 -1.113480e-02 2.454929e+00 -1.559579e-03 9.999959e-01 2.401813e-03 1.168416e-02 1.113856e-02 -2.384297e-03 9.999351e-01 7.692735e+00
9.999879e-01 -1.146871e-03 4.780847e-03 2.657422e+00 1.152010e-03 9.999988e-01 -1.072134e-03 7.371032e-04 -4.779611e-03 1.077629e-03 9.999880e-01 7.989487e+00
9.999495e-01 1.368257e-03 -9.952722e-03 2.610324e+00 -1.346000e-03 9.999966e-01 2.242697e-03 3.671317e-03 9.955756e-03 -2.229189e-03 9.999480e-01 8.240055e+00
9.999873e-01 -1.085668e-03 4.928945e-03 2.609543e+00 1.090887e-03 9.999988e-01 -1.056221e-03 4.108773e-03 -4.927792e-03 1.061586e-03 9.999873e-01 8.509634e+00
9.999522e-01 1.239181e-03 -9.696320e-03 2.680929e+00 -1.217954e-03 9.999968e-01 2.194821e-03 -5.173143e-03 9.699009e-03 -2.182907e-03 9.999506e-01 8.657761e+00
9.999966e-01 -6.303923e-04 2.540043e-03 3.085230e+00 6.319380e-04 9.999996e-01 -6.077110e-04 -1.674832e-02 -2.539659e-03 6.093147e-04 9.999966e-01 8.691875e+00
9.999633e-01 8.923818e-04 -8.517672e-03 2.906368e+00 -8.742981e-04 9.999974e-01 2.126580e-03 -1.230975e-02 8.519547e-03 -2.119056e-03 9.999615e-01 8.909062e+00
9.999986e-01 -1.996514e-04 1.654172e-03 3.072024e+00 2.007219e-04 9.999998e-01 -6.469492e-04 -2.362699e-02 -1.654043e-03 6.472810e-04 9.999984e-01 9.224137e+00
9.999739e-01 4.524862e-04 -7.209951e-03 2.821794e+00 -4.384053e-04 9.999980e-01 1.954456e-03 -1.102027e-02 7.210820e-03 -1.951245e-03 9.999721e-01 9.719205e+00
9.999989e-01 -1.298255e-04 1.469935e-03 2.539450e+00 1.305651e-04 9.999999e-01 -5.029863e-04 8.964322e-03 -1.469869e-03 5.031784e-04 9.999988e-01 1.010590e+01
9.999753e-01 2.631298e-04 -7.023782e-03 2.255678e+00 -2.498366e-04 9.999982e-01 1.893428e-03 2.535050e-02 7.024267e-03 -1.891627e-03 9.999735e-01 1.036217e+01
9.999977e-01 -2.815807e-04 2.138221e-03 1.357946e+00 2.814396e-04 1.000000e+00 6.635287e-05 7.816108e-02 -2.138239e-03 -6.575024e-05 9.999977e-01 1.085432e+01
9.999759e-01 4.540009e-04 -6.927068e-03 7.631353e-01 -4.439509e-04 9.999988e-01 1.452317e-03 1.171483e-01 6.927719e-03 -1.449207e-03 9.999750e-01 1.135687e+01
9.999995e-01 -1.745219e-04 1.025408e-03 5.850693e-01 1.746227e-04 1.000000e+00 -9.799078e-05 1.278966e-01 -1.025390e-03 9.817048e-05 9.999995e-01 1.159631e+01
9.999802e-01 2.665364e-04 -6.283174e-03 2.889579e-01 -2.576688e-04 9.999990e-01 1.412123e-03 1.438160e-01 6.283543e-03 -1.410477e-03 9.999793e-01 1.185394e+01
9.999999e-01 -6.468881e-05 4.719969e-04 1.939721e-02 6.464371e-05 1.000000e+00 9.591420e-05 1.581249e-01 -4.720028e-04 -9.588298e-05 9.999999e-01 1.207448e+01
9.999850e-01 1.219204e-04 -5.469935e-03 -2.385876e-01 -1.151155e-04 9.999992e-01 1.244381e-03 1.661362e-01 5.470082e-03 -1.243734e-03 9.999843e-01 1.225283e+01
9.999996e-01 -3.217512e-05 9.024143e-04 -6.179747e-01 3.195780e-05 1.000000e+00 2.410356e-04 1.792265e-01 -9.024217e-04 -2.410060e-04 9.999996e-01 1.251305e+01
9.999876e-01 2.428834e-04 -4.969255e-03 -6.863555e-01 -2.380632e-04 9.999995e-01 9.706029e-04 1.782230e-01 4.969488e-03 -9.694086e-04 9.999872e-01 1.292009e+01
9.999995e-01 1.539355e-04 1.015198e-03 -9.235338e-01 -1.540423e-04 1.000000e+00 1.052888e-04 1.848790e-01 -1.015181e-03 -1.054444e-04 9.999995e-01 1.365743e+01
9.999798e-01 2.607549e-04 -6.343155e-03 -1.053553e+00 -2.535097e-04 9.999993e-01 1.143019e-03 1.924186e-01 6.343448e-03 -1.141389e-03 9.999792e-01 1.411904e+01
9.999999e-01 1.638265e-04 4.198431e-04 -1.055609e+00 -1.639000e-04 1.000000e+00 1.753135e-04 1.918421e-01 -4.198141e-04 -1.753816e-04 9.999999e-01 1.448706e+01
9.999866e-01 1.713310e-04 -5.170848e-03 -1.651128e+00 -1.644902e-04 9.999991e-01 1.323395e-03 2.341002e-01 5.171070e-03 -1.322527e-03 9.999858e-01 1.514117e+01
9.999998e-01 4.886443e-05 6.727737e-04 -2.369119e+00 -4.903799e-05 1.000000e+00 2.582314e-04 2.829941e-01 -6.727608e-04 -2.582636e-04 9.999997e-01 1.576484e+01
9.999856e-01 1.175680e-04 -5.369216e-03 -2.670956e+00 -1.120880e-04 9.999995e-01 1.020957e-03 3.001158e-01 5.369332e-03 -1.020341e-03 9.999851e-01 1.614702e+01
9.999999e-01 -1.763763e-04 3.536877e-04 -3.148806e+00 1.762132e-04 9.999999e-01 4.617901e-04 3.199099e-01 -3.537688e-04 -4.617271e-04 9.999998e-01 1.634443e+01
9.999850e-01 1.990682e-04 -5.476020e-03 -3.895694e+00 -1.914129e-04 9.999990e-01 1.398488e-03 3.612893e-01 5.476292e-03 -1.397420e-03 9.999840e-01 1.670585e+01
9.999999e-01 -2.576228e-04 4.684130e-04 -4.683863e+00 2.574086e-04 9.999999e-01 4.577922e-04 4.016454e-01 -4.685305e-04 -4.576709e-04 9.999998e-01 1.695993e+01
9.999820e-01 2.851647e-04 -6.000187e-03 -5.107048e+00 -2.781758e-04 9.999993e-01 1.165623e-03 4.195575e-01 6.000515e-03 -1.163934e-03 9.999813e-01 1.702060e+01
1.000000e+00 -7.065888e-05 1.647803e-04 -4.953858e+00 7.061195e-05 1.000000e+00 2.859332e-04 4.178498e-01 -1.648002e-04 -2.859209e-04 9.999999e-01 1.697388e+01
9.999716e-01 5.666638e-04 -7.521264e-03 -4.559516e+00 -5.570091e-04 9.999990e-01 1.285703e-03 4.067019e-01 7.521985e-03 -1.281477e-03 9.999709e-01 1.709272e+01
1.000000e+00 4.218335e-05 1.263304e-04 -4.129148e+00 -4.222574e-05 9.999999e-01 3.371604e-04 3.912424e-01 -1.263159e-04 -3.371650e-04 9.999999e-01 1.726743e+01
9.999821e-01 1.405132e-04 -5.989498e-03 -4.075372e+00 -1.350451e-04 9.999996e-01 9.133706e-04 3.879353e-01 5.989623e-03 -9.125460e-04 9.999816e-01 1.737599e+01
9.999995e-01 -1.261752e-04 9.561771e-04 -4.369376e+00 1.256254e-04 9.999998e-01 5.752696e-04 3.938062e-01 -9.562492e-04 -5.751485e-04 9.999994e-01 1.707321e+01
9.999822e-01 8.035825e-05 -5.962744e-03 -4.544190e+00 -7.580275e-05 9.999997e-01 7.642495e-04 3.944425e-01 5.962803e-03 -7.637846e-04 9.999819e-01 1.687825e+01
1.000000e+00 1.209564e-04 -2.480030e-04 -4.588579e+00 -1.207960e-04 9.999998e-01 6.458444e-04 3.964914e-01 2.480814e-04 -6.458137e-04 9.999998e-01 1.691278e+01
9.999852e-01 -7.837430e-05 -5.443171e-03 -4.654226e+00 8.247884e-05 9.999997e-01 7.538898e-04 3.991596e-01 5.443110e-03 -7.543282e-04 9.999849e-01 1.672665e+01
1.000000e+00 9.965771e-05 -2.300199e-05 -4.929656e+00 -9.964047e-05 9.999997e-01 7.395762e-04 4.056950e-01 2.307599e-05 -7.395732e-04 9.999997e-01 1.671578e+01
9.999835e-01 2.071575e-04 -5.736800e-03 -5.111284e+00 -2.022535e-04 9.999996e-01 8.554309e-04 4.125381e-01 5.736974e-03 -8.542572e-04 9.999832e-01 1.681556e+01
9.999998e-01 1.441809e-04 -6.723812e-04 -4.867567e+00 -1.438676e-04 9.999999e-01 4.657596e-04 3.993120e-01 6.724486e-04 -4.656621e-04 9.999997e-01 1.684942e+01
9.999854e-01 1.593573e-04 -5.397228e-03 -4.662711e+00 -1.549912e-04 9.999997e-01 8.094003e-04 3.870108e-01 5.397354e-03 -8.085526e-04 9.999851e-01 1.688334e+01
9.999994e-01 2.324238e-04 -1.038789e-03 -4.442544e+00 -2.319105e-04 9.999999e-01 4.939667e-04 3.697190e-01 1.038904e-03 -4.937248e-04 9.999993e-01 1.703644e+01
9.999746e-01 6.375257e-04 -7.093739e-03 -3.948530e+00 -6.288297e-04 9.999990e-01 1.228068e-03 3.407301e-01 7.094515e-03 -1.223576e-03 9.999741e-01 1.734712e+01
9.999998e-01 1.073456e-04 -5.648576e-04 -3.569959e+00 -1.071787e-04 1.000000e+00 2.951647e-04 3.142438e-01 5.648895e-04 -2.951034e-04 9.999998e-01 1.765513e+01
9.999871e-01 6.122940e-05 -5.076189e-03 -3.495258e+00 -5.563505e-05 9.999994e-01 1.102254e-03 3.108586e-01 5.076253e-03 -1.101958e-03 9.999865e-01 1.759313e+01
1.000000e+00 8.605460e-05 2.600029e-04 -3.750782e+00 -8.614944e-05 9.999999e-01 3.656450e-04 3.225642e-01 -2.599711e-04 -3.656667e-04 9.999999e-01 1.752906e+01
9.999859e-01 8.693578e-05 -5.313431e-03 -4.090895e+00 -7.982541e-05 9.999991e-01 1.338427e-03 3.323312e-01 5.313543e-03 -1.337984e-03 9.999850e-01 1.725254e+01
9.999997e-01 -9.767726e-05 7.135021e-04 -4.291773e+00 9.756487e-05 1.000000e+00 1.578748e-04 3.332837e-01 -7.135172e-04 -1.578045e-04 9.999997e-01 1.673260e+01
9.999862e-01 5.671252e-04 -5.230976e-03 -4.236117e+00 -5.625165e-04 9.999995e-01 8.825209e-04 3.132653e-01 5.231474e-03 -8.795669e-04 9.999859e-01 1.735960e+01
1.000000e+00 -2.692120e-05 2.066093e-04 -4.093720e+00 2.685060e-05 9.999999e-01 3.427906e-04 2.856338e-01 -2.066183e-04 -3.427843e-04 9.999999e-01 1.785581e+01
9.999948e-01 -3.124633e-04 -3.216253e-03 -4.151998e+00 3.167765e-04 9.999991e-01 1.340712e-03 2.929752e-01 3.215831e-03 -1.341724e-03 9.999939e-01 1.647700e+01
9.999999e-01 3.146527e-05 -3.765380e-04 -4.218024e+00 -3.138827e-05 1.000000e+00 2.038980e-04 2.961898e-01 3.765447e-04 -2.038855e-04 9.999999e-01 1.549661e+01
9.999916e-01 -1.057554e-04 -4.094183e-03 -4.333622e+00 1.101352e-04 9.999994e-01 1.069595e-03 2.940786e-01 4.094068e-03 -1.070037e-03 9.999910e-01 1.525206e+01
9.999999e-01 1.320807e-04 3.306807e-04 -4.763840e+00 -1.321901e-04 9.999999e-01 3.314817e-04 3.051555e-01 -3.306366e-04 -3.315247e-04 9.999999e-01 1.603590e+01
9.999866e-01 9.797643e-05 -5.176166e-03 -5.361322e+00 -9.178344e-05 9.999993e-01 1.196712e-03 3.292092e-01 5.176280e-03 -1.196221e-03 9.999859e-01 1.639963e+01
9.999994e-01 2.577255e-04 -1.047935e-03 -5.203201e+00 -2.576876e-04 1.000000e+00 3.614870e-05 3.200044e-01 1.047945e-03 -3.587796e-05 9.999995e-01 1.648479e+01
9.999839e-01 1.227028e-04 -5.671329e-03 -4.895687e+00 -1.148712e-04 9.999990e-01 1.381263e-03 3.119400e-01 5.671493e-03 -1.380590e-03 9.999830e-01 1.636096e+01
9.999997e-01 1.203965e-04 -7.430037e-04 -4.859878e+00 -1.203200e-04 1.000000e+00 1.026496e-04 3.134632e-01 7.430164e-04 -1.025595e-04 9.999997e-01 1.636489e+01
9.999866e-01 2.681929e-04 -5.174008e-03 -4.587490e+00 -2.610365e-04 9.999990e-01 1.383805e-03 3.086037e-01 5.174373e-03 -1.382437e-03 9.999857e-01 1.632335e+01
9.999975e-01 5.933684e-04 -2.141500e-03 -4.027224e+00 -5.922447e-04 9.999997e-01 5.251746e-04 2.708207e-01 2.141811e-03 -5.239043e-04 9.999976e-01 1.680346e+01
9.999806e-01 2.561872e-04 -6.226006e-03 -3.482472e+00 -2.478704e-04 9.999991e-01 1.336598e-03 2.426529e-01 6.226342e-03 -1.335030e-03 9.999797e-01 1.705767e+01
9.999986e-01 -4.617068e-04 1.607570e-03 -3.303788e+00 4.612561e-04 9.999999e-01 2.808740e-04 2.464957e-01 -1.607699e-03 -2.801315e-04 9.999987e-01 1.609950e+01
9.999787e-01 2.863109e-04 -6.526281e-03 -3.737201e+00 -2.770625e-04 9.999990e-01 1.417998e-03 2.606256e-01 6.526680e-03 -1.416161e-03 9.999777e-01 1.554580e+01
9.999995e-01 -2.089804e-04 9.314604e-04 -4.361367e+00 2.085343e-04 9.999999e-01 4.792362e-04 2.800289e-01 -9.315602e-04 -4.790411e-04 9.999995e-01 1.521734e+01
9.999841e-01 6.100307e-05 -5.643071e-03 -4.659079e+00 -5.454603e-05 9.999993e-01 1.144434e-03 2.884573e-01 5.643137e-03 -1.144109e-03 9.999834e-01 1.463459e+01
9.999995e-01 -2.342779e-04 9.700759e-04 -4.692764e+00 2.338321e-04 9.999999e-01 4.599328e-04 2.933823e-01 -9.701832e-04 -4.597051e-04 9.999994e-01 1.380726e+01
9.999816e-01 8.662424e-05 -6.067400e-03 -4.709819e+00 -8.030322e-05 9.999995e-01 1.042078e-03 2.987768e-01 6.067486e-03 -1.041572e-03 9.999811e-01 1.323650e+01
9.999996e-01 -1.115324e-04 9.029739e-04 -4.700508e+00 1.111159e-04 9.999999e-01 4.615748e-04 3.015012e-01 -9.030250e-04 -4.614736e-04 9.999995e-01 1.266109e+01
9.999833e-01 -4.955508e-05 -5.783968e-03 -4.502052e+00 5.545227e-05 9.999995e-01 1.019464e-03 3.037375e-01 5.783914e-03 -1.019768e-03 9.999828e-01 1.191682e+01
1.000000e+00 1.263201e-04 4.986665e-05 -4.224694e+00 -1.263371e-04 9.999999e-01 3.464471e-04 2.987201e-01 -4.982261e-05 -3.464528e-04 9.999999e-01 1.162860e+01
9.999858e-01 -3.254545e-05 -5.323500e-03 -4.109308e+00 3.749797e-05 9.999996e-01 9.302640e-04 2.944415e-01 5.323467e-03 -9.304511e-04 9.999854e-01 1.133208e+01
9.999996e-01 -1.633088e-04 8.641599e-04 -4.021598e+00 1.629398e-04 9.999999e-01 4.273988e-04 2.936670e-01 -8.642293e-04 -4.272572e-04 9.999995e-01 1.072452e+01
9.999845e-01 5.963399e-04 -5.535765e-03 -3.930328e+00 -5.917366e-04 9.999995e-01 8.331912e-04 2.743077e-01 5.536259e-03 -8.299032e-04 9.999843e-01 1.129865e+01
1.000000e+00 1.061628e-04 5.476580e-05 -3.747411e+00 -1.061874e-04 9.999999e-01 4.535709e-04 2.446084e-01 -5.471737e-05 -4.535760e-04 9.999999e-01 1.191933e+01
9.999801e-01 2.478999e-04 -6.301892e-03 -3.509520e+00 -2.423601e-04 9.999996e-01 8.798607e-04 2.299964e-01 6.302108e-03 -8.783165e-04 9.999798e-01 1.202034e+01
9.999997e-01 -2.120703e-04 7.719771e-04 -3.231272e+00 2.117324e-04 9.999999e-01 4.381368e-04 2.266683e-01 -7.720696e-04 -4.379725e-04 9.999996e-01 1.168378e+01
9.999732e-01 4.726236e-04 -7.306326e-03 -2.894898e+00 -4.657406e-04 9.999994e-01 9.437639e-04 2.161667e-01 7.306768e-03 -9.403364e-04 9.999729e-01 1.160009e+01
9.999983e-01 4.017060e-05 1.849393e-03 -2.728506e+00 -4.079969e-05 9.999999e-01 3.402719e-04 1.920492e-01 -1.849379e-03 -3.403462e-04 9.999982e-01 1.207680e+01
9.999800e-01 2.991543e-04 -6.319484e-03 -2.747966e+00 -2.947264e-04 9.999997e-01 7.016342e-04 1.793874e-01 6.319691e-03 -6.997583e-04 9.999798e-01 1.265279e+01
9.999983e-01 -8.625107e-05 1.822693e-03 -2.996211e+00 8.534921e-05 9.999999e-01 4.950166e-04 1.890417e-01 -1.822735e-03 -4.948595e-04 9.999982e-01 1.312391e+01
9.999803e-01 4.060163e-04 -6.261741e-03 -2.997382e+00 -4.024085e-04 9.999998e-01 5.774545e-04 1.769897e-01 6.261974e-03 -5.749240e-04 9.999802e-01 1.359262e+01
9.999995e-01 -2.400471e-05 1.013719e-03 -2.933462e+00 2.344664e-05 9.999998e-01 5.507963e-04 1.626537e-01 -1.013732e-03 -5.507716e-04 9.999993e-01 1.399178e+01
9.999805e-01 3.538609e-04 -6.235884e-03 -3.003018e+00 -3.499048e-04 9.999997e-01 6.355316e-04 1.601066e-01 6.236107e-03 -6.333379e-04 9.999804e-01 1.433873e+01
9.999987e-01 -3.770009e-04 1.590658e-03 -3.724449e+00 3.753136e-04 9.999994e-01 1.061047e-03 1.990203e-01 -1.591057e-03 -1.060448e-03 9.999982e-01 1.481173e+01
9.999785e-01 2.820832e-04 -6.552151e-03 -4.587556e+00 -2.768459e-04 9.999996e-01 8.002606e-04 2.462862e-01 6.552374e-03 -7.984301e-04 9.999782e-01 1.520369e+01
9.999989e-01 -2.482995e-04 1.474245e-03 -4.960538e+00 2.472848e-04 9.999997e-01 6.886013e-04 2.632868e-01 -1.474415e-03 -6.882353e-04 9.999987e-01 1.542211e+01
9.999829e-01 1.803966e-04 -5.846784e-03 -5.363898e+00 -1.765103e-04 9.999998e-01 6.652414e-04 2.776202e-01 5.846903e-03 -6.641986e-04 9.999827e-01 1.571655e+01
9.999999e-01 -1.239676e-04 4.488638e-04 -5.715561e+00 1.235666e-04 9.999996e-01 8.939338e-04 2.858454e-01 -4.489742e-04 -8.938776e-04 9.999995e-01 1.572770e+01
9.999841e-01 6.787434e-05 -5.639567e-03 -5.809782e+00 -6.487900e-05 9.999999e-01 5.313622e-04 2.872360e-01 5.639602e-03 -5.309885e-04 9.999840e-01 1.541166e+01
9.999999e-01 -7.952604e-05 4.472195e-04 -6.146470e+00 7.914933e-05 9.999996e-01 8.429516e-04 2.978986e-01 -4.472861e-04 -8.429155e-04 9.999995e-01 1.550386e+01
9.999871e-01 -2.365296e-06 -5.084461e-03 -6.639908e+00 5.585995e-06 9.999998e-01 6.334825e-04 3.203306e-01 5.084458e-03 -6.335033e-04 9.999869e-01 1.584134e+01
9.999996e-01 -1.751956e-04 8.978224e-04 -7.399483e+00 1.742570e-04 9.999994e-01 1.045715e-03 3.556012e-01 -8.980048e-04 -1.045558e-03 9.999991e-01 1.624154e+01
9.999884e-01 6.893413e-05 -4.807217e-03 -8.162344e+00 -6.607177e-05 9.999998e-01 5.956450e-04 3.849882e-01 4.807257e-03 -5.953212e-04 9.999883e-01 1.685773e+01
9.999993e-01 -1.642259e-04 1.210125e-03 -8.982716e+00 1.628888e-04 9.999994e-01 1.105240e-03 4.184570e-01 -1.210306e-03 -1.105041e-03 9.999987e-01 1.767488e+01
9.999868e-01 2.289658e-04 -5.137546e-03 -9.739797e+00 -2.265162e-04 9.999999e-01 4.774321e-04 4.531075e-01 5.137654e-03 -4.762627e-04 9.999867e-01 1.850124e+01
9.999997e-01 -3.413688e-04 6.752300e-04 -1.048111e+01 3.406137e-04 9.999993e-01 1.118416e-03 4.929023e-01 -6.756110e-04 -1.118185e-03 9.999991e-01 1.913937e+01
9.999881e-01 3.205239e-04 -4.875236e-03 -1.116652e+01 -3.186312e-04 9.999999e-01 3.890406e-04 5.312143e-01 4.875360e-03 -3.874832e-04 9.999880e-01 1.984612e+01
9.999999e-01 -3.054405e-04 1.906601e-04 -1.164973e+01 3.052498e-04 9.999995e-01 1.000981e-03 5.563866e-01 -1.909655e-04 -1.000922e-03 9.999995e-01 2.039041e+01
9.999867e-01 3.673934e-04 -5.135869e-03 -1.211218e+01 -3.645118e-04 9.999998e-01 5.620530e-04 5.791772e-01 5.136074e-03 -5.601741e-04 9.999867e-01 2.069225e+01
9.999998e-01 -4.134852e-04 3.986202e-04 -1.258957e+01 4.131305e-04 9.999995e-01 8.901653e-04 6.037008e-01 -3.989878e-04 -8.899998e-04 9.999995e-01 2.105345e+01
9.999885e-01 2.801694e-04 -4.797135e-03 -1.330698e+01 -2.762217e-04 9.999996e-01 8.236348e-04 6.433791e-01 4.797364e-03 -8.223008e-04 9.999882e-01 2.153161e+01
1.000000e+00 -3.273293e-05 -1.797221e-04 -1.358884e+01 3.283065e-05 9.999999e-01 5.421122e-04 6.574838e-01 1.797046e-04 -5.421174e-04 9.999998e-01 2.188631e+01
9.999898e-01 -1.115525e-05 -4.508334e-03 -1.401632e+01 1.396350e-05 9.999998e-01 6.229397e-04 6.795974e-01 4.508326e-03 -6.229969e-04 9.999896e-01 2.246004e+01
9.999998e-01 -3.501796e-04 -5.714871e-04 -1.513921e+01 3.510259e-04 9.999988e-01 1.480922e-03 7.321324e-01 5.709681e-04 -1.481121e-03 9.999987e-01 2.271458e+01
9.999893e-01 2.529306e-04 -4.610878e-03 -1.595688e+01 -2.515433e-04 9.999999e-01 3.015200e-04 7.644669e-01 4.610953e-03 -3.003576e-04 9.999893e-01 2.277651e+01
9.999997e-01 -2.852200e-04 -7.571128e-04 -1.643193e+01 2.861977e-04 9.999991e-01 1.291171e-03 7.857800e-01 7.567441e-04 -1.291387e-03 9.999989e-01 2.295948e+01
9.999908e-01 2.252735e-04 -4.275803e-03 -1.725282e+01 -2.229262e-04 9.999998e-01 5.495205e-04 8.292428e-01 4.275926e-03 -5.485629e-04 9.999907e-01 2.327860e+01
9.999996e-01 -2.958979e-04 -8.917671e-04 -1.813066e+01 2.971542e-04 9.999990e-01 1.408670e-03 8.746326e-01 8.913496e-04 -1.408933e-03 9.999986e-01 2.356661e+01
9.999913e-01 2.437470e-04 -4.168650e-03 -1.871995e+01 -2.428839e-04 9.999999e-01 2.076187e-04 8.974749e-01 4.168700e-03 -2.066050e-04 9.999913e-01 2.365794e+01
9.999992e-01 -3.714345e-04 -1.209045e-03 -1.950795e+01 3.733354e-04 9.999987e-01 1.572056e-03 9.253307e-01 1.208460e-03 -1.572506e-03 9.999980e-01 2.360730e+01
9.999898e-01 1.631650e-04 -4.511993e-03 -2.055776e+01 -1.606886e-04 9.999998e-01 5.492645e-04 9.736058e-01 4.512081e-03 -5.485345e-04 9.999897e-01 2.372489e+01
9.999997e-01 -1.554866e-04 -7.961254e-04 -2.134031e+01 1.566101e-04 9.999990e-01 1.410956e-03 1.014358e+00 7.959055e-04 -1.411080e-03 9.999987e-01 2.393274e+01
9.999863e-01 3.497155e-04 -5.214295e-03 -2.123638e+01 -3.488142e-04 9.999999e-01 1.738201e-04 1.019899e+00 5.214355e-03 -1.719996e-04 9.999864e-01 2.361728e+01
9.999999e-01 -3.471590e-04 -3.875466e-04 -2.116403e+01 3.477339e-04 9.999988e-01 1.483490e-03 1.023251e+00 3.870314e-04 -1.483624e-03 9.999988e-01 2.307912e+01
9.999889e-01 3.120828e-04 -4.695524e-03 -2.146403e+01 -3.126052e-04 9.999999e-01 -1.104587e-04 1.033659e+00 4.695489e-03 1.119247e-04 9.999890e-01 2.319531e+01
1.000000e+00 -2.820948e-04 -9.956518e-05 -2.197132e+01 2.822567e-04 9.999986e-01 1.626719e-03 1.062300e+00 9.910639e-05 -1.626746e-03 9.999987e-01 2.358089e+01
9.999848e-01 3.435117e-04 -5.496753e-03 -2.225152e+01 -3.444105e-04 9.999999e-01 -1.625069e-04 1.072539e+00 5.496697e-03 1.643970e-04 9.999849e-01 2.367891e+01
9.999999e-01 -2.650250e-04 -2.699775e-04 -2.259299e+01 2.655055e-04 9.999984e-01 1.779785e-03 1.084149e+00 2.695056e-04 -1.779856e-03 9.999984e-01 2.364759e+01
9.999824e-01 3.774154e-04 -5.925947e-03 -2.254899e+01 -3.780338e-04 9.999999e-01 -1.031799e-04 1.089489e+00 5.925908e-03 1.054177e-04 9.999824e-01 2.314098e+01
9.999990e-01 -5.751488e-04 1.267888e-03 -2.257232e+01 5.728841e-04 9.999982e-01 1.786148e-03 1.094464e+00 -1.268912e-03 -1.785419e-03 9.999976e-01 2.220067e+01
9.999840e-01 4.028931e-04 -5.648516e-03 -2.243777e+01 -4.042014e-04 9.999999e-01 -2.304195e-04 1.098795e+00 5.648423e-03 2.326983e-04 9.999840e-01 2.119218e+01
9.999991e-01 -5.538115e-04 1.191961e-03 -2.225158e+01 5.517559e-04 9.999984e-01 1.724444e-03 1.101065e+00 -1.192914e-03 -1.723784e-03 9.999978e-01 2.035682e+01
9.999798e-01 5.850609e-04 -6.322177e-03 -2.198133e+01 -5.874014e-04 9.999998e-01 -3.682963e-04 1.099804e+00 6.321960e-03 3.720019e-04 9.999799e-01 1.982383e+01
9.999989e-01 -3.893569e-04 1.429271e-03 -2.184855e+01 3.869834e-04 9.999985e-01 1.660764e-03 1.092385e+00 -1.429915e-03 -1.660208e-03 9.999976e-01 1.990986e+01
9.999752e-01 4.915747e-04 -7.029018e-03 -2.172917e+01 -4.921504e-04 9.999999e-01 -8.011998e-05 1.094976e+00 7.028978e-03 8.357671e-05 9.999753e-01 1.947133e+01
9.999978e-01 -5.522495e-04 2.031233e-03 -2.192513e+01 5.490625e-04 9.999986e-01 1.569363e-03 1.099050e+00 -2.032097e-03 -1.568244e-03 9.999967e-01 1.910907e+01
9.999742e-01 5.543298e-04 -7.165849e-03 -2.222218e+01 -5.547083e-04 9.999998e-01 -5.078356e-05 1.107767e+00 7.165819e-03 5.475659e-05 9.999743e-01 1.896735e+01
9.999983e-01 -5.317462e-04 1.738073e-03 -2.211024e+01 5.288362e-04 9.999985e-01 1.674532e-03 1.108141e+00 -1.738960e-03 -1.673609e-03 9.999971e-01 1.836046e+01
9.999738e-01 5.809309e-04 -7.213605e-03 -2.176108e+01 -5.820013e-04 9.999998e-01 -1.462370e-04 1.106985e+00 7.213518e-03 1.504309e-04 9.999740e-01 1.774078e+01
9.999985e-01 -4.382400e-04 1.675313e-03 -2.139310e+01 4.354881e-04 9.999986e-01 1.642855e-03 1.106714e+00 -1.676030e-03 -1.642122e-03 9.999972e-01 1.709367e+01
9.999817e-01 3.051453e-04 -6.042650e-03 -2.111660e+01 -3.057668e-04 9.999999e-01 -1.018738e-04 1.109324e+00 6.042618e-03 1.037189e-04 9.999817e-01 1.620491e+01
9.999994e-01 -3.997617e-04 1.022299e-03 -2.078066e+01 3.981892e-04 9.999987e-01 1.538250e-03 1.110773e+00 -1.022912e-03 -1.537841e-03 9.999983e-01 1.550979e+01
9.999837e-01 3.253981e-04 -5.694119e-03 -2.054710e+01 -3.264869e-04 9.999999e-01 -1.902188e-04 1.111135e+00 5.694057e-03 1.920741e-04 9.999838e-01 1.487302e+01
9.999993e-01 -3.444819e-04 1.149835e-03 -2.031761e+01 3.427134e-04 9.999988e-01 1.538154e-03 1.109638e+00 -1.150364e-03 -1.537758e-03 9.999982e-01 1.429103e+01
9.999644e-01 8.068510e-04 -8.399331e-03 -1.975269e+01 -8.064481e-04 9.999997e-01 5.139614e-05 1.098811e+00 8.399369e-03 -4.462130e-05 9.999647e-01 1.406288e+01
9.999998e-01 -1.404098e-04 5.329159e-04 -1.929893e+01 1.395606e-04 9.999987e-01 1.593789e-03 1.077261e+00 -5.331388e-04 -1.593714e-03 9.999986e-01 1.418141e+01
9.999630e-01 9.055233e-04 -8.558670e-03 -1.881781e+01 -9.052250e-04 9.999996e-01 3.877157e-05 1.055969e+00 8.558701e-03 -3.102322e-05 9.999634e-01 1.424344e+01
9.999998e-01 -2.464331e-05 -6.533308e-04 -1.814205e+01 2.582082e-05 9.999984e-01 1.801818e-03 1.033146e+00 6.532855e-04 -1.801834e-03 9.999982e-01 1.425246e+01
9.999662e-01 9.836776e-04 -8.162627e-03 -1.752261e+01 -9.830149e-04 9.999995e-01 8.524258e-05 1.008299e+00 8.162707e-03 -7.721632e-05 9.999667e-01 1.434533e+01
9.999999e-01 -1.435689e-04 -2.979246e-04 -1.697639e+01 1.440701e-04 9.999986e-01 1.681557e-03 9.842960e-01 2.976829e-04 -1.681599e-03 9.999985e-01 1.446355e+01
9.999665e-01 9.539971e-04 -8.132741e-03 -1.643506e+01 -9.537411e-04 9.999995e-01 3.539552e-05 9.640360e-01 8.132770e-03 -2.763840e-05 9.999669e-01 1.451775e+01
9.999999e-01 -8.555636e-05 -3.080902e-04 -1.586401e+01 8.609149e-05 9.999985e-01 1.736107e-03 9.426551e-01 3.079414e-04 -1.736133e-03 9.999984e-01 1.456846e+01
9.999665e-01 8.403845e-04 -8.139027e-03 -1.520412e+01 -8.399778e-04 9.999996e-01 5.343478e-05 9.339809e-01 8.139069e-03 -4.659699e-05 9.999669e-01 1.430191e+01
9.999971e-01 -7.884951e-04 2.253790e-03 -1.476770e+01 7.849028e-04 9.999984e-01 1.594477e-03 9.361330e-01 -2.255044e-03 -1.592703e-03 9.999962e-01 1.351183e+01
9.999576e-01 1.078534e-03 -9.141752e-03 -1.425241e+01 -1.078680e-03 9.999994e-01 -1.098961e-05 9.292984e-01 9.141735e-03 2.084957e-05 9.999582e-01 1.324070e+01
9.999956e-01 -6.768105e-04 2.904919e-03 -1.409698e+01 6.726479e-04 9.999987e-01 1.433800e-03 9.125848e-01 -2.905886e-03 -1.431839e-03 9.999948e-01 1.367095e+01
9.999675e-01 7.302026e-04 -8.025229e-03 -1.453507e+01 -7.285999e-04 9.999997e-01 2.026773e-04 9.223083e-01 8.025375e-03 -1.968241e-04 9.999678e-01 1.396793e+01
9.999996e-01 -8.874208e-05 8.392053e-04 -1.435518e+01 8.741205e-05 9.999987e-01 1.585223e-03 9.137595e-01 -8.393447e-04 -1.585149e-03 9.999984e-01 1.415595e+01
9.999653e-01 7.453108e-04 -8.298640e-03 -1.399005e+01 -7.453753e-04 9.999997e-01 -4.641759e-06 8.968392e-01 8.298634e-03 1.082661e-05 9.999656e-01 1.436625e+01
9.999995e-01 -1.751922e-04 9.525369e-04 -1.368541e+01 1.735847e-04 9.999986e-01 1.687877e-03 8.889123e-01 -9.528310e-04 -1.687710e-03 9.999981e-01 1.456526e+01
9.999573e-01 8.509987e-04 -9.200660e-03 -1.318554e+01 -8.502777e-04 9.999996e-01 8.231855e-05 8.790489e-01 9.200726e-03 -7.449251e-05 9.999577e-01 1.458366e+01
9.999981e-01 -4.826824e-04 1.889685e-03 -1.261803e+01 4.794394e-04 9.999984e-01 1.716454e-03 8.765390e-01 -1.890510e-03 -1.715544e-03 9.999967e-01 1.414819e+01
9.999597e-01 8.109808e-04 -8.935533e-03 -1.203060e+01 -8.112576e-04 9.999997e-01 -2.731405e-05 8.759828e-01 8.935508e-03 3.456138e-05 9.999601e-01 1.357735e+01
9.999970e-01 -3.205884e-04 2.446353e-03 -1.188418e+01 3.165070e-04 9.999986e-01 1.668705e-03 8.728149e-01 -2.446885e-03 -1.667925e-03 9.999956e-01 1.370266e+01
9.999497e-01 8.872563e-04 -9.991625e-03 -1.145461e+01 -8.874492e-04 9.999996e-01 -1.483193e-05 8.601728e-01 9.991608e-03 2.369765e-05 9.999501e-01 1.376873e+01
9.999984e-01 -1.480737e-04 1.802873e-03 -1.094447e+01 1.449740e-04 9.999985e-01 1.719532e-03 8.390820e-01 -1.803124e-03 -1.719267e-03 9.999969e-01 1.386647e+01
9.999405e-01 1.170320e-03 -1.084912e-02 -1.028368e+01 -1.168144e-03 9.999993e-01 2.069176e-04 8.211469e-01 1.084936e-02 -1.942325e-04 9.999411e-01 1.384921e+01
9.999897e-01 -5.536906e-04 4.503451e-03 -1.033746e+01 5.479044e-04 9.999990e-01 1.286050e-03 8.277557e-01 -4.504158e-03 -1.283569e-03 9.999890e-01 1.432167e+01
9.999312e-01 8.636574e-04 -1.169569e-02 -1.022225e+01 -8.600403e-04 9.999996e-01 3.143241e-04 8.399522e-01 1.169596e-02 -3.042443e-04 9.999316e-01 1.444517e+01
9.999929e-01 -3.959672e-05 3.767153e-03 -9.433352e+00 3.374171e-05 9.999988e-01 1.554386e-03 8.394652e-01 -3.767210e-03 -1.554248e-03 9.999917e-01 1.389857e+01
9.999324e-01 5.685663e-04 -1.161479e-02 -8.683476e+00 -5.664326e-04 9.999998e-01 1.870261e-04 8.366059e-01 1.161489e-02 -1.804350e-04 9.999325e-01 1.341344e+01
9.999945e-01 9.037459e-05 3.315135e-03 -8.161978e+00 -9.546584e-05 9.999988e-01 1.535759e-03 8.285339e-01 -3.314992e-03 -1.536066e-03 9.999933e-01 1.329353e+01
9.999408e-01 3.694706e-04 -1.087765e-02 -7.713887e+00 -3.653095e-04 9.999999e-01 3.845594e-04 8.320400e-01 1.087780e-02 -3.805635e-04 9.999408e-01 1.300433e+01
9.999995e-01 1.001725e-03 1.285441e-04 -6.672441e+00 -1.001997e-03 9.999972e-01 2.140791e-03 8.013452e-01 -1.263991e-04 -2.140918e-03 9.999977e-01 1.308495e+01
9.999185e-01 5.739723e-04 -1.275204e-02 -5.494123e+00 -5.677989e-04 9.999997e-01 4.877549e-04 7.638587e-01 1.275232e-02 -4.804751e-04 9.999186e-01 1.326568e+01
9.999872e-01 -1.111185e-05 5.055107e-03 -4.922405e+00 5.210043e-06 9.999993e-01 1.167590e-03 7.549044e-01 -5.055116e-03 -1.167548e-03 9.999865e-01 1.312794e+01
9.999382e-01 1.917157e-04 -1.111329e-02 -4.730956e+00 -1.888126e-04 9.999999e-01 2.623128e-04 7.517441e-01 1.111334e-02 -2.601988e-04 9.999382e-01 1.297602e+01
9.999870e-01 4.450467e-05 5.092492e-03 -4.478186e+00 -4.995092e-05 9.999994e-01 1.069428e-03 7.456978e-01 -5.092441e-03 -1.069668e-03 9.999865e-01 1.280497e+01
9.999473e-01 1.314508e-05 -1.026951e-02 -4.337742e+00 -9.795549e-06 9.999999e-01 3.262541e-04 7.420273e-01 1.026951e-02 -3.261368e-04 9.999472e-01 1.235095e+01
9.999989e-01 1.186719e-03 9.342295e-04 -3.420109e+00 -1.188486e-03 9.999975e-01 1.893763e-03 7.205027e-01 -9.319796e-04 -1.894870e-03 9.999978e-01 1.219948e+01
9.999318e-01 -4.023014e-04 -1.167202e-02 -2.378039e+00 4.071263e-04 9.999998e-01 4.110382e-04 7.011508e-01 1.167186e-02 -4.157627e-04 9.999318e-01 1.199740e+01
9.999804e-01 3.762695e-04 6.241782e-03 -2.782209e+00 -3.833511e-04 9.999993e-01 1.133447e-03 7.144700e-01 -6.241351e-03 -1.135817e-03 9.999799e-01 1.205742e+01
9.999335e-01 -3.267406e-04 -1.152698e-02 -3.412036e+00 3.341184e-04 9.999997e-01 6.381656e-04 7.337959e-01 1.152677e-02 -6.419751e-04 9.999334e-01 1.186996e+01
9.999730e-01 1.525547e-04 7.352007e-03 -3.392321e+00 -1.595466e-04 9.999995e-01 9.505058e-04 7.358328e-01 -7.351858e-03 -9.516526e-04 9.999725e-01 1.092452e+01
9.999282e-01 -2.288787e-04 -1.198085e-02 -3.274335e+00 2.350185e-04 9.999998e-01 5.111053e-04 7.318036e-01 1.198073e-02 -5.138849e-04 9.999281e-01 1.047737e+01
9.999795e-01 6.447699e-04 6.376001e-03 -3.057540e+00 -6.503714e-04 9.999994e-01 8.765641e-04 7.141909e-01 -6.375432e-03 -8.806924e-04 9.999793e-01 1.071543e+01
9.999063e-01 -9.241040e-05 -1.368757e-02 -2.461667e+00 1.037322e-04 9.999997e-01 8.264843e-04 7.034087e-01 1.368749e-02 -8.278273e-04 9.999060e-01 1.051397e+01
9.999872e-01 8.023997e-04 4.989515e-03 -1.800564e+00 -8.073974e-04 9.999992e-01 9.998026e-04 6.926667e-01 -4.988708e-03 -1.003818e-03 9.999871e-01 1.039312e+01
9.999334e-01 -5.541887e-04 -1.152732e-02 -1.425011e+00 5.606467e-04 9.999997e-01 5.570492e-04 6.940432e-01 1.152701e-02 -5.634755e-04 9.999334e-01 9.754685e+00
9.999743e-01 6.055070e-04 7.145601e-03 -1.165688e+00 -6.111417e-04 9.999995e-01 7.864619e-04 6.869111e-01 -7.145121e-03 -7.908081e-04 9.999742e-01 9.332981e+00
9.999229e-01 -3.956270e-04 -1.241359e-02 -7.718173e-01 4.035703e-04 9.999997e-01 6.374281e-04 6.805095e-01 1.241333e-02 -6.423892e-04 9.999227e-01 8.828529e+00
9.999711e-01 2.694086e-04 7.599446e-03 -4.754863e-01 -2.760913e-04 9.999996e-01 8.783936e-04 6.835553e-01 -7.599206e-03 -8.804658e-04 9.999707e-01 7.958718e+00
9.998707e-01 3.762255e-04 -1.607775e-02 4.096279e-01 -3.585936e-04 9.999993e-01 1.099560e-03 6.701740e-01 1.607815e-02 -1.093653e-03 9.998701e-01 7.611102e+00
9.999703e-01 5.537177e-04 7.693657e-03 9.264869e-01 -5.600885e-04 9.999995e-01 8.259915e-04 6.555669e-01 -7.693196e-03 -8.302755e-04 9.999701e-01 7.781161e+00
9.998925e-01 6.705910e-06 -1.466053e-02 1.130370e+00 3.477666e-06 9.999998e-01 6.946309e-04 6.558732e-01 1.466053e-02 -6.946078e-04 9.998923e-01 8.079568e+00
9.999736e-01 6.460345e-04 7.231293e-03 1.498652e+00 -6.540850e-04 9.999992e-01 1.111053e-03 6.591289e-01 -7.230569e-03 -1.115753e-03 9.999732e-01 8.087263e+00
9.999236e-01 -3.873966e-04 -1.235539e-02 1.190048e+00 3.976007e-04 9.999996e-01 8.234721e-04 6.853362e-01 1.235507e-02 -8.283222e-04 9.999233e-01 7.631528e+00
9.999802e-01 8.371698e-04 6.229088e-03 1.240113e+00 -8.411615e-04 9.999994e-01 6.383035e-04 6.857228e-01 -6.228550e-03 -6.435301e-04 9.999804e-01 7.843127e+00
9.998360e-01 9.857144e-04 -1.808090e-02 2.221130e+00 -9.522225e-04 9.999978e-01 1.860877e-03 6.379433e-01 1.808269e-02 -1.843355e-03 9.998348e-01 8.509554e+00
9.999784e-01 5.501206e-04 6.544244e-03 3.159387e+00 -5.537242e-04 9.999997e-01 5.489328e-04 6.021439e-01 -6.543940e-03 -5.525441e-04 9.999784e-01 8.884027e+00
