9.999768e-01 1.047166e-03 -6.729979e-03 4.766043e-01 -1.036328e-03 9.999982e-01 1.613736e-03 -2.998984e-02 6.731657e-03 -1.606725e-03 9.999761e-01 3.820555e-01
9.999999e-01 -2.646489e-04 3.809016e-04 9.478889e-01 2.647179e-04 9.999999e-01 -1.811401e-04 -4.840955e-02 -3.808533e-04 1.812416e-04 9.999999e-01 4.210922e-01
9.999901e-01 2.672980e-04 -4.447069e-03 1.165206e+00 -2.614132e-04 9.999991e-01 1.323838e-03 -5.130020e-02 4.447419e-03 -1.322663e-03 9.999892e-01 -1.289720e-01
9.999998e-01 1.878837e-05 -6.956775e-04 1.652445e+00 -1.877322e-05 1.000000e+00 2.174830e-05 -5.498916e-02 6.956782e-04 -2.173452e-05 9.999998e-01 -6.711036e-01
9.999852e-01 4.422167e-04 -5.413556e-03 2.265933e+00 -4.346296e-04 9.999989e-01 1.402589e-03 -6.765289e-02 5.414170e-03 -1.400216e-03 9.999844e-01 -9.600370e-01
1.000000e+00 -1.828841e-04 1.502491e-04 2.773430e+00 1.829144e-04 1.000000e+00 -2.011508e-04 -7.693139e-02 -1.502120e-04 2.011790e-04 1.000000e+00 -1.325904e+00
9.999877e-01 4.136287e-04 -4.937767e-03 3.258906e+00 -4.055566e-04 9.999986e-01 1.635661e-03 -7.847703e-02 4.938436e-03 -1.633639e-03 9.999865e-01 -2.018863e+00
9.999998e-01 -2.498413e-04 -6.339922e-04 3.936815e+00 2.498409e-04 1.000000e+00 -7.648361e-07 -7.668294e-02 6.339927e-04 6.071510e-07 9.999998e-01 -2.830074e+00
9.999887e-01 3.057003e-04 -4.736040e-03 4.564567e+00 -2.979550e-04 9.999986e-01 1.636015e-03 -7.166562e-02 4.736533e-03 -1.634586e-03 9.999874e-01 -3.808432e+00
9.999991e-01 -6.170895e-04 1.207800e-03 4.745117e+00 6.173953e-04 9.999998e-01 -2.528477e-04 -7.042474e-02 -1.207643e-03 2.535938e-04 9.999992e-01 -4.608749e+00
9.999881e-01 7.190672e-04 -4.818307e-03 5.126520e+00 -7.096639e-04 9.999978e-01 1.953020e-03 -6.608807e-02 4.819700e-03 -1.949578e-03 9.999865e-01 -5.821954e+00
9.999998e-01 -4.932162e-04 -3.742610e-04 5.978490e+00 4.932858e-04 9.999999e-01 1.857877e-04 -6.302395e-02 3.741697e-04 -1.859715e-04 9.999999e-01 -6.971070e+00
9.999933e-01 -3.937232e-05 -3.660202e-03 6.299461e+00 4.461789e-05 9.999990e-01 1.433076e-03 -5.758539e-02 3.660141e-03 -1.433231e-03 9.999923e-01 -8.044830e+00
9.999991e-01 1.017175e-04 -1.309341e-03 6.754066e+00 -1.017497e-04 1.000000e+00 -2.458339e-05 -5.669965e-02 1.309338e-03 2.471730e-05 9.999991e-01 -8.830078e+00
9.999749e-01 8.560391e-04 -7.038530e-03 7.838883e+00 -8.418333e-04 9.999976e-01 2.021022e-03 -7.511084e-02 7.040243e-03 -2.015046e-03 9.999732e-01 -9.135223e+00
9.999858e-01 3.960088e-04 -5.317494e-03 1.030329e+01 -3.907519e-04 9.999994e-01 9.895981e-04 -6.805911e-02 5.317883e-03 -9.875055e-04 9.999854e-01 -1.093801e+01
9.999721e-01 1.142215e-04 -7.466881e-03 1.434910e+01 -8.560205e-05 9.999927e-01 3.833071e-03 -1.244613e-02 7.467264e-03 -3.832325e-03 9.999648e-01 -1.528384e+01
9.999839e-01 9.087238e-04 -5.595833e-03 1.735280e+01 -9.082734e-04 9.999996e-01 8.301726e-05 1.033225e-02 5.595906e-03 -7.793267e-05 9.999843e-01 -1.779824e+01
9.999640e-01 -2.586797e-04 -8.485337e-03 2.124681e+01 2.974663e-04 9.999895e-01 4.570075e-03 5.178067e-02 8.484066e-03 -4.572435e-03 9.999536e-01 -2.136696e+01
9.999926e-01 8.643992e-04 -3.760301e-03 2.456383e+01 -8.654029e-04 9.999996e-01 -2.653274e-04 9.160689e-02 3.760071e-03 2.685803e-04 9.999929e-01 -2.477605e+01
9.999550e-01 -2.644640e-04 -9.487503e-03 2.830823e+01 3.098452e-04 9.999885e-01 4.782110e-03 1.343012e-01 9.486129e-03 -4.784835e-03 9.999436e-01 -2.842369e+01
9.999941e-01 8.388697e-04 -3.342575e-03 3.155150e+01 -8.412064e-04 9.999994e-01 -6.977476e-04 1.628054e-01 3.341988e-03 7.005560e-04 9.999942e-01 -3.129579e+01
9.999550e-01 3.419159e-04 -9.479149e-03 3.426745e+01 -3.025066e-04 9.999913e-01 4.158608e-03 1.663352e-01 9.480488e-03 -4.155554e-03 9.999464e-01 -3.309851e+01
9.999851e-01 7.274193e-04 -5.415969e-03 3.764554e+01 -7.279586e-04 9.999997e-01 -9.763278e-05 1.727651e-01 5.415897e-03 1.015746e-04 9.999853e-01 -3.520318e+01
9.999789e-01 -1.386156e-04 -6.493389e-03 4.064774e+01 1.645388e-04 9.999920e-01 3.991898e-03 2.022367e-01 6.492784e-03 -3.992883e-03 9.999709e-01 -3.810311e+01
9.999805e-01 6.508480e-04 -6.218424e-03 4.448531e+01 -6.469620e-04 9.999996e-01 6.268873e-04 2.528327e-01 6.218830e-03 -6.228513e-04 9.999805e-01 -4.216113e+01
9.999701e-01 1.973693e-05 -7.727501e-03 4.850812e+01 1.196746e-05 9.999916e-01 4.102744e-03 3.001308e-01 7.727516e-03 -4.102715e-03 9.999617e-01 -4.619111e+01
9.999897e-01 4.759875e-04 -4.509918e-03 5.201194e+01 -4.750746e-04 9.999999e-01 2.034862e-04 3.389065e-01 4.510015e-03 -2.013409e-04 9.999898e-01 -4.971297e+01
9.999829e-01 -2.926593e-04 -5.843711e-03 5.484691e+01 3.130835e-04 9.999938e-01 3.494479e-03 3.725967e-01 5.842652e-03 -3.496250e-03 9.999768e-01 -5.272153e+01
9.999806e-01 1.035176e-03 -6.138830e-03 5.740460e+01 -1.035059e-03 9.999995e-01 2.230683e-05 3.955774e-01 6.138851e-03 -1.595164e-05 9.999812e-01 -5.522959e+01
9.999828e-01 4.644581e-04 -5.848527e-03 5.956744e+01 -4.420047e-04 9.999925e-01 3.839876e-03 4.001002e-01 5.850266e-03 -3.837225e-03 9.999755e-01 -5.653574e+01
9.999856e-01 9.259765e-04 -5.277675e-03 6.129233e+01 -9.281991e-04 9.999995e-01 -4.187211e-04 4.145181e-01 5.277285e-03 4.236145e-04 9.999860e-01 -5.780249e+01
9.999825e-01 5.060783e-04 -5.897296e-03 6.312034e+01 -4.831394e-04 9.999923e-01 3.890520e-03 4.260961e-01 5.899219e-03 -3.887604e-03 9.999750e-01 -5.908953e+01
9.999813e-01 1.383607e-03 -5.963611e-03 6.541895e+01 -1.386700e-03 9.999989e-01 -5.145121e-04 4.208479e-01 5.962893e-03 5.227729e-04 9.999821e-01 -5.998917e+01
9.999763e-01 8.485432e-04 -6.832044e-03 6.815696e+01 -8.207103e-04 9.999914e-01 4.075664e-03 4.083136e-01 6.835443e-03 -4.069961e-03 9.999684e-01 -6.102430e+01
9.999887e-01 1.055821e-03 -4.625397e-03 7.004491e+01 -1.058336e-03 9.999993e-01 -5.413317e-04 4.062446e-01 4.624823e-03 5.462215e-04 9.999892e-01 -6.169364e+01
9.999848e-01 5.015228e-04 -5.495778e-03 7.101940e+01 -4.800709e-04 9.999923e-01 3.903998e-03 4.091924e-01 5.497693e-03 -3.901301e-03 9.999773e-01 -6.154492e+01
9.999750e-01 1.359717e-03 -6.941415e-03 7.264727e+01 -1.364029e-03 9.999989e-01 -6.165008e-04 4.098149e-01 6.940570e-03 6.259543e-04 9.999757e-01 -6.220565e+01
9.999751e-01 1.116086e-03 -6.962985e-03 7.490273e+01 -1.087125e-03 9.999907e-01 4.161620e-03 3.688725e-01 6.967565e-03 -4.153948e-03 9.999671e-01 -6.206907e+01
9.999775e-01 2.355221e-03 -6.276069e-03 7.707104e+01 -2.357775e-03 9.999971e-01 -3.996116e-04 3.166838e-01 6.275110e-03 4.144009e-04 9.999802e-01 -6.145256e+01
9.999842e-01 2.950837e-04 -5.605433e-03 7.863851e+01 -2.733756e-04 9.999925e-01 3.873090e-03 2.429946e-01 5.606533e-03 -3.871498e-03 9.999768e-01 -5.998891e+01
9.999813e-01 3.866226e-03 -4.747145e-03 8.008881e+01 -3.867356e-03 9.999925e-01 -2.288347e-04 1.130174e-01 4.746225e-03 2.471900e-04 9.999887e-01 -5.693660e+01
9.999899e-01 5.530738e-04 -4.468150e-03 8.128806e+01 -5.367581e-04 9.999932e-01 3.651948e-03 -2.451238e-02 4.470139e-03 -3.649514e-03 9.999833e-01 -5.347709e+01
9.999878e-01 3.509303e-03 -3.475958e-03 8.220586e+01 -3.510600e-03 9.999938e-01 -3.671566e-04 -1.413950e-01 3.474648e-03 3.793555e-04 9.999939e-01 -5.008852e+01
9.999873e-01 -6.698333e-04 -5.003562e-03 8.290861e+01 6.853883e-04 9.999949e-01 3.107744e-03 -2.158315e-01 5.001455e-03 -3.111135e-03 9.999827e-01 -4.772669e+01
9.999972e-01 2.241005e-03 -8.129245e-04 8.298556e+01 -2.242299e-03 9.999962e-01 -1.594167e-03 -2.466828e-01 8.093492e-04 1.595986e-03 9.999984e-01 -4.627317e+01
9.999659e-01 -1.255250e-03 -8.158511e-03 8.327496e+01 1.289963e-03 9.999901e-01 4.251029e-03 -2.463699e-01 8.153094e-03 -4.261409e-03 9.999577e-01 -4.627145e+01
9.999956e-01 1.897639e-03 2.283630e-03 8.290402e+01 -1.892635e-03 9.999958e-01 -2.191009e-03 -2.514391e-01 -2.287778e-03 2.186678e-03 9.999950e-01 -4.517214e+01
9.999733e-01 -2.158184e-03 -6.977133e-03 8.160867e+01 2.189035e-03 9.999878e-01 4.417092e-03 -2.076761e-01 6.967515e-03 -4.432248e-03 9.999659e-01 -4.472590e+01
9.999968e-01 2.036906e-03 1.530393e-03 8.046075e+01 -2.033453e-03 9.999954e-01 -2.254224e-03 -1.689293e-01 -1.534978e-03 2.251106e-03 9.999963e-01 -4.476299e+01
9.999711e-01 -1.083752e-03 -7.520237e-03 8.045076e+01 1.112487e-03 9.999921e-01 3.817918e-03 -1.909372e-01 7.516040e-03 -3.826174e-03 9.999644e-01 -4.412277e+01
9.999974e-01 2.240397e-03 3.092913e-04 8.096454e+01 -2.239770e-03 9.999955e-01 -2.012236e-03 -2.299117e-01 -3.137978e-04 2.011539e-03 9.999979e-01 -4.352075e+01
9.999689e-01 -1.678941e-03 -7.699773e-03 8.165919e+01 1.707358e-03 9.999918e-01 3.685579e-03 -2.348650e-01 7.693522e-03 -3.698611e-03 9.999636e-01 -4.400340e+01
9.999957e-01 1.632135e-03 2.453500e-03 8.182554e+01 -1.626567e-03 9.999961e-01 -2.269384e-03 -2.401523e-01 -2.457194e-03 2.265384e-03 9.999944e-01 -4.441889e+01
9.999652e-01 -1.161338e-03 -8.257260e-03 8.208513e+01 1.192058e-03 9.999924e-01 3.716450e-03 -2.581583e-01 8.252881e-03 -3.726165e-03 9.999590e-01 -4.405378e+01
9.999897e-01 2.242204e-03 3.951069e-03 8.219773e+01 -2.233618e-03 9.999951e-01 -2.176157e-03 -2.927332e-01 -3.955929e-03 2.167310e-03 9.999898e-01 -4.268620e+01
9.999608e-01 -1.072440e-03 -8.787361e-03 8.235818e+01 1.104633e-03 9.999927e-01 3.659481e-03 -3.327617e-01 8.783371e-03 -3.669046e-03 9.999547e-01 -4.142474e+01
9.999907e-01 1.250400e-03 4.130222e-03 8.211523e+01 -1.240391e-03 9.999963e-01 -2.424920e-03 -3.324408e-01 -4.133239e-03 2.419775e-03 9.999885e-01 -4.090941e+01
9.999496e-01 -1.012171e-03 -9.988029e-03 8.186364e+01 1.051299e-03 9.999918e-01 3.913045e-03 -3.293773e-01 9.983987e-03 -3.923348e-03 9.999425e-01 -4.063140e+01
9.999891e-01 9.305132e-04 4.586072e-03 8.140186e+01 -9.202462e-04 9.999971e-01 -2.240302e-03 -3.119999e-01 -4.588143e-03 2.236058e-03 9.999870e-01 -4.097234e+01
9.999543e-01 -1.128291e-03 -9.496823e-03 8.063181e+01 1.167789e-03 9.999907e-01 4.154569e-03 -2.808477e-01 9.492047e-03 -4.165470e-03 9.999463e-01 -4.147694e+01
9.999890e-01 9.841021e-04 4.590756e-03 7.997098e+01 -9.738968e-04 9.999971e-01 -2.224675e-03 -2.540309e-01 -4.592932e-03 2.220180e-03 9.999870e-01 -4.203399e+01
9.999547e-01 -1.154399e-03 -9.444784e-03 7.974500e+01 1.191013e-03 9.999918e-01 3.871936e-03 -2.434436e-01 9.440236e-03 -3.883010e-03 9.999479e-01 -4.267312e+01
9.999910e-01 1.043227e-03 4.114628e-03 7.973103e+01 -1.033704e-03 9.999968e-01 -2.315880e-03 -2.366018e-01 -4.117030e-03 2.311606e-03 9.999889e-01 -4.327479e+01
9.999559e-01 -1.171167e-03 -9.321650e-03 7.962436e+01 1.207094e-03 9.999919e-01 3.849472e-03 -2.284498e-01 9.317066e-03 -3.860555e-03 9.999491e-01 -4.379669e+01
9.999931e-01 1.295236e-03 3.486770e-03 7.979554e+01 -1.287082e-03 9.999964e-01 -2.339679e-03 -2.286958e-01 -3.489788e-03 2.335175e-03 9.999912e-01 -4.421577e+01
9.999455e-01 -8.590705e-04 -1.040057e-02 8.035767e+01 9.006290e-04 9.999916e-01 3.991790e-03 -2.309112e-01 1.039705e-02 -4.000940e-03 9.999379e-01 -4.478125e+01
9.999850e-01 7.914025e-04 5.414569e-03 8.057193e+01 -7.783556e-04 9.999968e-01 -2.411231e-03 -2.305288e-01 -5.416460e-03 2.406981e-03 9.999824e-01 -4.548692e+01
9.999461e-01 -9.131032e-04 -1.034075e-02 8.081172e+01 9.542330e-04 9.999917e-01 3.973229e-03 -2.275639e-01 1.033703e-02 -3.982883e-03 9.999386e-01 -4.636265e+01
9.999938e-01 1.418894e-03 3.236741e-03 8.149008e+01 -1.411539e-03 9.999964e-01 -2.273374e-03 -2.314538e-01 -3.239955e-03 2.268792e-03 9.999922e-01 -4.688874e+01
9.999625e-01 -1.490061e-03 -8.534360e-03 8.186117e+01 1.523679e-03 9.999911e-01 3.934004e-03 -2.264734e-01 8.528422e-03 -3.946861e-03 9.999558e-01 -4.786783e+01
9.999840e-01 1.075747e-03 5.546784e-03 8.173235e+01 -1.064125e-03 9.999972e-01 -2.097710e-03 -2.174100e-01 -5.549025e-03 2.091775e-03 9.999824e-01 -4.937696e+01
9.999573e-01 -1.333237e-03 -9.141765e-03 8.178373e+01 1.365323e-03 9.999929e-01 3.504499e-03 -2.151261e-01 9.137028e-03 -3.516832e-03 9.999521e-01 -5.029366e+01
9.999846e-01 1.132461e-03 5.437459e-03 8.191233e+01 -1.121676e-03 9.999974e-01 -1.986135e-03 -2.114546e-01 -5.439694e-03 1.980006e-03 9.999832e-01 -5.135104e+01
9.999619e-01 -1.572312e-03 -8.588021e-03 8.183151e+01 1.603867e-03 9.999920e-01 3.668691e-03 -2.045698e-01 8.582183e-03 -3.682326e-03 9.999564e-01 -5.265399e+01
9.999857e-01 1.216940e-03 5.211059e-03 8.181190e+01 -1.206680e-03 9.999973e-01 -1.971471e-03 -1.987282e-01 -5.213444e-03 1.965155e-03 9.999845e-01 -5.391196e+01
9.999632e-01 -1.726679e-03 -8.398352e-03 8.180497e+01 1.757005e-03 9.999920e-01 3.604960e-03 -1.910735e-01 8.392059e-03 -3.619585e-03 9.999582e-01 -5.521062e+01
9.999858e-01 1.357293e-03 5.146424e-03 8.159334e+01 -1.348078e-03 9.999975e-01 -1.793517e-03 -1.801128e-01 -5.148845e-03 1.786555e-03 9.999851e-01 -5.655314e+01
9.999665e-01 -1.717609e-03 -8.002686e-03 8.157450e+01 1.745892e-03 9.999923e-01 3.528562e-03 -1.724169e-01 7.996563e-03 -3.542417e-03 9.999618e-01 -5.801111e+01
9.999902e-01 1.345157e-03 4.229436e-03 8.178637e+01 -1.337311e-03 9.999974e-01 -1.857224e-03 -1.651964e-01 -4.231923e-03 1.851550e-03 9.999893e-01 -5.922221e+01
9.999629e-01 -1.619783e-03 -8.455242e-03 8.194248e+01 1.650046e-03 9.999923e-01 3.573422e-03 -1.579762e-01 8.449388e-03 -3.587242e-03 9.999579e-01 -6.042490e+01
9.999914e-01 1.292160e-03 3.944698e-03 8.205470e+01 -1.285072e-03 9.999976e-01 -1.798779e-03 -1.488049e-01 -3.947012e-03 1.793695e-03 9.999906e-01 -6.155692e+01
9.999611e-01 -1.522780e-03 -8.686644e-03 8.182193e+01 1.553746e-03 9.999925e-01 3.559184e-03 -1.333990e-01 8.681159e-03 -3.572544e-03 9.999559e-01 -6.235804e+01
9.999892e-01 1.211948e-03 4.490916e-03 8.179448e+01 -1.203509e-03 9.999975e-01 -1.881221e-03 -1.243523e-01 -4.493185e-03 1.875796e-03 9.999881e-01 -6.339698e+01
9.999589e-01 -1.437970e-03 -8.949267e-03 8.133978e+01 1.470404e-03 9.999924e-01 3.618660e-03 -1.029312e-01 8.943994e-03 -3.631671e-03 9.999534e-01 -6.402162e+01
9.999917e-01 1.383762e-03 3.822533e-03 8.122544e+01 -1.375607e-03 9.999968e-01 -2.135088e-03 -9.533690e-02 -3.825475e-03 2.129813e-03 9.999904e-01 -6.435576e+01
9.999447e-01 -1.132630e-03 -1.045903e-02 8.155950e+01 1.172120e-03 9.999922e-01 3.770359e-03 -9.777408e-02 1.045468e-02 -3.782410e-03 9.999382e-01 -6.473575e+01
9.999830e-01 8.682941e-04 5.768170e-03 8.138329e+01 -8.560198e-04 9.999974e-01 -2.130024e-03 -8.360114e-02 -5.770004e-03 2.125051e-03 9.999811e-01 -6.548111e+01
9.999390e-01 -7.806669e-04 -1.102024e-02 8.101210e+01 8.217144e-04 9.999927e-01 3.720718e-03 -6.955871e-02 1.101725e-02 -3.729547e-03 9.999324e-01 -6.557869e+01
9.999861e-01 8.879922e-04 5.187843e-03 8.048485e+01 -8.784823e-04 9.999979e-01 -1.835053e-03 -4.660439e-02 -5.189462e-03 1.830471e-03 9.999849e-01 -6.572407e+01
9.999425e-01 -8.047385e-04 -1.069686e-02 8.036327e+01 8.427786e-04 9.999933e-01 3.552186e-03 -3.146016e-02 1.069393e-02 -3.560997e-03 9.999365e-01 -6.603906e+01
9.999933e-01 1.277720e-03 3.420401e-03 8.071524e+01 -1.271302e-03 9.999974e-01 -1.877940e-03 -3.116582e-02 -3.422791e-03 1.873579e-03 9.999924e-01 -6.617880e+01
9.999727e-01 -9.484168e-04 -7.322163e-03 8.041025e+01 9.710967e-04 9.999947e-01 3.094530e-03 -1.683936e-02 7.319190e-03 -3.101557e-03 9.999684e-01 -6.553664e+01
9.999981e-01 1.572017e-03 1.159295e-03 8.052812e+01 -1.569932e-03 9.999972e-01 -1.797188e-03 -3.054373e-02 -1.162116e-03 1.795365e-03 9.999977e-01 -6.510630e+01
9.999777e-01 -1.514214e-03 -6.505531e-03 8.011095e+01 1.536076e-03 9.999932e-01 3.356789e-03 -1.092833e-02 6.500403e-03 -3.366708e-03 9.999732e-01 -6.495991e+01
9.999986e-01 1.571671e-03 5.210444e-04 7.974257e+01 -1.570843e-03 9.999975e-01 -1.586097e-03 7.280562e-03 -5.235356e-04 1.585277e-03 9.999986e-01 -6.494745e+01
9.999761e-01 -1.454565e-03 -6.756356e-03 7.993658e+01 1.476445e-03 9.999937e-01 3.234502e-03 1.294678e-02 6.751608e-03 -3.244401e-03 9.999719e-01 -6.544027e+01
9.999980e-01 1.535692e-03 1.298487e-03 7.952567e+01 -1.533685e-03 9.999976e-01 -1.545159e-03 3.424415e-02 -1.300857e-03 1.543165e-03 9.999980e-01 -6.529740e+01
9.999635e-01 -1.022032e-03 -8.482098e-03 7.980077e+01 1.049620e-03 9.999942e-01 3.248782e-03 3.946213e-02 8.478728e-03 -3.257567e-03 9.999587e-01 -6.525524e+01
9.999955e-01 2.108245e-03 -2.114621e-03 8.082340e+01 -2.109965e-03 9.999974e-01 -8.116471e-04 7.855576e-03 2.112905e-03 8.161059e-04 9.999974e-01 -6.519832e+01
9.999824e-01 -1.205457e-03 -5.805628e-03 8.136552e+01 1.220565e-03 9.999959e-01 2.599440e-03 -1.692747e-02 5.802470e-03 -2.606481e-03 9.999798e-01 -6.495932e+01
9.999981e-01 1.548074e-03 -1.204680e-03 8.180158e+01 -1.549389e-03 9.999982e-01 -1.091818e-03 -2.068869e-02 1.202988e-03 1.093683e-03 9.999987e-01 -6.510668e+01
9.999768e-01 -8.171188e-04 -6.757018e-03 8.249998e+01 8.365944e-04 9.999955e-01 2.879997e-03 -2.688210e-02 6.754634e-03 -2.885584e-03 9.999730e-01 -6.544023e+01
9.999962e-01 1.559995e-03 -2.273380e-03 8.350632e+01 -1.561818e-03 9.999985e-01 -8.003773e-04 -3.167740e-02 2.272128e-03 8.039255e-04 9.999971e-01 -6.598395e+01
9.999830e-01 -1.064676e-03 -5.737194e-03 8.424759e+01 1.079656e-03 9.999960e-01 2.608565e-03 -3.700900e-02 5.734394e-03 -2.614715e-03 9.999801e-01 -6.633515e+01
9.999905e-01 2.047578e-03 -3.851134e-03 8.517686e+01 -2.049417e-03 9.999978e-01 -4.737280e-04 -5.472193e-02 3.850155e-03 4.816167e-04 9.999925e-01 -6.653015e+01
9.999920e-01 -1.737168e-03 -3.607351e-03 8.558380e+01 1.744944e-03 9.999962e-01 2.153660e-03 -5.926177e-02 3.603596e-03 -2.159938e-03 9.999912e-01 -6.650080e+01
9.999948e-01 2.187405e-03 -2.386736e-03 8.585601e+01 -2.188949e-03 9.999974e-01 -6.446212e-04 -6.022862e-02 2.385320e-03 6.498429e-04 9.999969e-01 -6.649751e+01
9.999814e-01 -1.444865e-03 -5.922863e-03 8.670809e+01 1.459748e-03 9.999958e-01 2.509307e-03 -7.531875e-02 5.919213e-03 -2.517907e-03 9.999793e-01 -6.673901e+01
9.999963e-01 2.034773e-03 -1.814184e-03 8.752378e+01 -2.036059e-03 9.999977e-01 -7.071317e-04 -8.804458e-02 1.812741e-03 7.108235e-04 9.999981e-01 -6.702236e+01
9.999808e-01 -1.438443e-03 -6.020090e-03 8.839476e+01 1.453491e-03 9.999958e-01 2.496137e-03 -9.520377e-02 6.016474e-03 -2.504840e-03 9.999788e-01 -6.747214e+01
9.999945e-01 2.220960e-03 -2.470096e-03 8.936938e+01 -2.222276e-03 9.999974e-01 -5.300310e-04 -1.104341e-01 2.468913e-03 5.355180e-04 9.999968e-01 -6.780939e+01
9.999684e-01 -9.585798e-04 -7.888178e-03 9.060693e+01 9.811669e-04 9.999954e-01 2.860074e-03 -1.410044e-01 7.885400e-03 -2.867724e-03 9.999648e-01 -6.794119e+01
9.999959e-01 2.008908e-03 -2.052530e-03 9.187088e+01 -2.009927e-03 9.999979e-01 -4.946627e-04 -1.601321e-01 2.051532e-03 4.987868e-04 9.999978e-01 -6.836749e+01
9.999779e-01 -1.297482e-03 -6.516029e-03 9.295167e+01 1.313547e-03 9.999961e-01 2.461809e-03 -1.649053e-01 6.512809e-03 -2.470315e-03 9.999757e-01 -6.901606e+01
9.999982e-01 1.280420e-03 1.432028e-03 9.343104e+01 -1.279090e-03 9.999988e-01 -9.290335e-04 -1.634269e-01 -1.433215e-03 9.272007e-04 9.999985e-01 -6.982206e+01
9.999620e-01 -8.008109e-04 -8.677320e-03 9.424777e+01 8.236522e-04 9.999962e-01 2.629071e-03 -1.657255e-01 8.675182e-03 -2.636119e-03 9.999589e-01 -7.043541e+01
9.999971e-01 1.155082e-03 2.101428e-03 9.488471e+01 -1.153009e-03 9.999988e-01 -9.868946e-04 -1.672475e-01 -2.102566e-03 9.844694e-04 9.999973e-01 -7.104724e+01
9.999620e-01 -8.041834e-04 -8.682465e-03 9.549217e+01 8.268659e-04 9.999963e-01 2.609219e-03 -1.680638e-01 8.680334e-03 -2.616300e-03 9.999589e-01 -7.168162e+01
9.999972e-01 1.188380e-03 2.046851e-03 9.611942e+01 -1.186371e-03 9.999988e-01 -9.825456e-04 -1.694697e-01 -2.048016e-03 9.801152e-04 9.999974e-01 -7.229262e+01
9.999638e-01 -9.205950e-04 -8.455053e-03 9.670986e+01 9.423369e-04 9.999963e-01 2.567877e-03 -1.697566e-01 8.452657e-03 -2.575752e-03 9.999610e-01 -7.291647e+01
9.999979e-01 1.351829e-03 1.513947e-03 9.741935e+01 -1.350424e-03 9.999987e-01 -9.285106e-04 -1.710771e-01 -1.515200e-03 9.264649e-04 9.999984e-01 -7.352926e+01
9.999666e-01 -1.003585e-03 -8.108713e-03 9.809256e+01 1.024598e-03 9.999961e-01 2.587737e-03 -1.720474e-01 8.106085e-03 -2.595960e-03 9.999638e-01 -7.416777e+01
9.999967e-01 1.151121e-03 2.276167e-03 9.845634e+01 -1.148850e-03 9.999988e-01 -9.990444e-04 -1.727554e-01 -2.277314e-03 9.964268e-04 9.999969e-01 -7.474604e+01
9.999694e-01 -1.093368e-03 -7.749179e-03 9.840884e+01 1.114160e-03 9.999958e-01 2.679275e-03 -1.608148e-01 7.746216e-03 -2.687828e-03 9.999664e-01 -7.510199e+01
9.999952e-01 1.105003e-03 2.898223e-03 9.842354e+01 -1.101505e-03 9.999987e-01 -1.208183e-03 -1.538047e-01 -2.899554e-03 1.204986e-03 9.999951e-01 -7.541488e+01
9.999688e-01 -1.090730e-03 -7.826305e-03 9.866372e+01 1.110200e-03 9.999963e-01 2.483901e-03 -1.564683e-01 7.823566e-03 -2.492513e-03 9.999663e-01 -7.587572e+01
9.999968e-01 1.326531e-03 2.157866e-03 9.901031e+01 -1.324014e-03 9.999984e-01 -1.167519e-03 -1.632655e-01 -2.159411e-03 1.164659e-03 9.999970e-01 -7.619543e+01
9.999665e-01 -1.004201e-03 -8.124025e-03 9.936197e+01 1.024660e-03 9.999963e-01 2.514498e-03 -1.710287e-01 8.121470e-03 -2.522738e-03 9.999638e-01 -7.642431e+01
9.999955e-01 1.080447e-03 2.785389e-03 9.958845e+01 -1.077004e-03 9.999987e-01 -1.237257e-03 -1.765496e-01 -2.786722e-03 1.234252e-03 9.999954e-01 -7.675866e+01
9.999666e-01 -9.270138e-04 -8.124626e-03 9.966812e+01 9.484688e-04 9.999961e-01 2.637323e-03 -1.773343e-01 8.122149e-03 -2.644941e-03 9.999635e-01 -7.709044e+01
9.999952e-01 8.809628e-04 2.972113e-03 9.904678e+01 -8.780862e-04 9.999991e-01 -9.689376e-04 -1.541976e-01 -2.972964e-03 9.663238e-04 9.999951e-01 -7.710273e+01
9.999676e-01 -9.947727e-04 -7.987696e-03 9.812817e+01 1.017480e-03 9.999955e-01 2.839303e-03 -1.141617e-01 7.984835e-03 -2.847339e-03 9.999641e-01 -7.696863e+01
9.999953e-01 9.513283e-04 2.931622e-03 9.738607e+01 -9.481665e-04 9.999990e-01 -1.079616e-03 -8.196283e-02 -2.932646e-03 1.076832e-03 9.999951e-01 -7.682932e+01
9.999672e-01 -1.061109e-03 -8.034351e-03 9.669825e+01 1.083221e-03 9.999956e-01 2.748251e-03 -5.074662e-02 8.031399e-03 -2.756865e-03 9.999639e-01 -7.663530e+01
9.999956e-01 9.682837e-04 2.806351e-03 9.592415e+01 -9.656792e-04 9.999991e-01 -9.291406e-04 -2.040536e-02 -2.807248e-03 9.264271e-04 9.999956e-01 -7.659281e+01
9.999712e-01 -1.083622e-03 -7.515190e-03 9.556960e+01 1.103885e-03 9.999958e-01 2.692700e-03 -8.533166e-03 7.512241e-03 -2.700919e-03 9.999681e-01 -7.730001e+01
9.999928e-01 8.765099e-04 3.693322e-03 9.576569e+01 -8.720348e-04 9.999989e-01 -1.213020e-03 -4.952732e-03 -3.694381e-03 1.209791e-03 9.999924e-01 -7.829514e+01
9.999702e-01 -1.171668e-03 -7.627054e-03 9.590003e+01 1.192707e-03 9.999955e-01 2.754635e-03 -1.214884e-03 7.623792e-03 -2.763650e-03 9.999671e-01 -7.925295e+01
9.999953e-01 1.015758e-03 2.893370e-03 9.570922e+01 -1.012295e-03 9.999988e-01 -1.197939e-03 9.437730e-03 -2.894583e-03 1.195005e-03 9.999951e-01 -7.983904e+01
9.999644e-01 -1.004062e-03 -8.383692e-03 9.589284e+01 1.027144e-03 9.999957e-01 2.749380e-03 1.300702e-02 8.380895e-03 -2.757894e-03 9.999611e-01 -8.040593e+01
9.999980e-01 1.336786e-03 1.471952e-03 9.642945e+01 -1.335294e-03 9.999986e-01 -1.013656e-03 1.127118e-02 -1.473305e-03 1.011689e-03 9.999984e-01 -8.084642e+01
9.999634e-01 -1.061044e-03 -8.490189e-03 9.671081e+01 1.083827e-03 9.999958e-01 2.679387e-03 1.574672e-02 8.487310e-03 -2.688491e-03 9.999604e-01 -8.093349e+01
9.999978e-01 1.539987e-03 1.412968e-03 9.710809e+01 -1.538365e-03 9.999982e-01 -1.148464e-03 4.135722e-03 -1.414734e-03 1.146289e-03 9.999983e-01 -8.089460e+01
9.999817e-01 -1.588193e-03 -5.836385e-03 9.706924e+01 1.604475e-03 9.999948e-01 2.786210e-03 7.595397e-03 5.831930e-03 -2.795524e-03 9.999791e-01 -8.170533e+01
9.999980e-01 1.481451e-03 1.376351e-03 9.723959e+01 -1.479590e-03 9.999980e-01 -1.351639e-03 8.750235e-03 -1.378350e-03 1.349601e-03 9.999981e-01 -8.243256e+01
9.999688e-01 -1.206243e-03 -7.800271e-03 9.751760e+01 1.227915e-03 9.999954e-01 2.774183e-03 4.621626e-03 7.796888e-03 -2.783675e-03 9.999657e-01 -8.267111e+01
9.999978e-01 1.532339e-03 1.431206e-03 9.795447e+01 -1.530581e-03 9.999981e-01 -1.228185e-03 3.498765e-03 -1.433085e-03 1.225992e-03 9.999982e-01 -8.322230e+01
9.999832e-01 -1.516432e-03 -5.600151e-03 9.802882e+01 1.533001e-03 9.999945e-01 2.955687e-03 7.727090e-03 5.595638e-03 -2.964223e-03 9.999800e-01 -8.435868e+01
9.999963e-01 1.106750e-03 2.472281e-03 9.809544e+01 -1.103078e-03 9.999983e-01 -1.486112e-03 1.137876e-02 -2.473921e-03 1.483380e-03 9.999958e-01 -8.539809e+01
9.999687e-01 -1.038070e-03 -7.846642e-03 9.841405e+01 1.062548e-03 9.999946e-01 3.115975e-03 1.286310e-02 7.843364e-03 -3.124215e-03 9.999644e-01 -8.616091e+01
9.999947e-01 8.902980e-04 3.145154e-03 9.843907e+01 -8.851578e-04 9.999983e-01 -1.635230e-03 1.151872e-02 -3.146604e-03 1.632438e-03 9.999937e-01 -8.673067e+01
9.999600e-01 -7.776605e-04 -8.914818e-03 9.847200e+01 8.056252e-04 9.999948e-01 3.133761e-03 1.205935e-02 8.912334e-03 -3.140819e-03 9.999554e-01 -8.700449e+01
9.999937e-01 8.306248e-04 3.455089e-03 9.849109e+01 -8.256121e-04 9.999986e-01 -1.451888e-03 1.721696e-02 -3.456290e-03 1.449027e-03 9.999930e-01 -8.764125e+01
9.999627e-01 -9.877026e-04 -8.584891e-03 9.848716e+01 1.014779e-03 9.999945e-01 3.150262e-03 2.758479e-02 8.581732e-03 -3.158856e-03 9.999582e-01 -8.825097e+01
9.999948e-01 1.072615e-03 3.031710e-03 9.856375e+01 -1.068160e-03 9.999983e-01 -1.470457e-03 3.717942e-02 -3.033282e-03 1.467211e-03 9.999943e-01 -8.877078e+01
9.999637e-01 -8.630604e-04 -8.473668e-03 9.850099e+01 8.865809e-04 9.999958e-01 2.772390e-03 4.321763e-02 8.471239e-03 -2.779803e-03 9.999603e-01 -8.853713e+01
9.999948e-01 1.112145e-03 3.012959e-03 9.822545e+01 -1.107831e-03 9.999984e-01 -1.432970e-03 6.268873e-02 -3.014547e-03 1.429625e-03 9.999944e-01 -8.816400e+01
9.999570e-01 -4.838158e-04 -9.265259e-03 9.823875e+01 5.105548e-04 9.999957e-01 2.883830e-03 6.424624e-02 9.263824e-03 -2.888437e-03 9.999529e-01 -8.775812e+01
9.999829e-01 1.266463e-03 5.717419e-03 9.738280e+01 -1.260531e-03 9.999987e-01 -1.041040e-03 1.228698e-01 -5.718729e-03 1.033816e-03 9.999831e-01 -8.629412e+01
9.999532e-01 -3.114407e-04 -9.664654e-03 9.656717e+01 3.397428e-04 9.999957e-01 2.926955e-03 1.902557e-01 9.663700e-03 -2.930102e-03 9.999490e-01 -8.474685e+01
9.999940e-01 1.468656e-03 3.149655e-03 9.652846e+01 -1.465731e-03 9.999985e-01 -9.306661e-04 2.005897e-01 -3.151016e-03 9.260445e-04 9.999946e-01 -8.373549e+01
9.999487e-01 -2.583899e-04 -1.012948e-02 9.661930e+01 2.885590e-04 9.999955e-01 2.977034e-03 2.014851e-01 1.012866e-02 -2.979805e-03 9.999443e-01 -8.268972e+01
9.999874e-01 9.657605e-04 4.916984e-03 9.617535e+01 -9.590732e-04 9.999986e-01 -1.362157e-03 2.313277e-01 -4.918292e-03 1.357424e-03 9.999870e-01 -8.161338e+01
9.999482e-01 -4.137567e-04 -1.017106e-02 9.566836e+01 4.425169e-04 9.999959e-01 2.825597e-03 2.727433e-01 1.016985e-02 -2.829952e-03 9.999443e-01 -8.075822e+01
9.999851e-01 6.985525e-04 5.418590e-03 9.511828e+01 -6.906317e-04 9.999987e-01 -1.463451e-03 3.130091e-01 -5.419605e-03 1.459688e-03 9.999842e-01 -7.991421e+01
9.999475e-01 -2.630441e-04 -1.024074e-02 9.430699e+01 2.957810e-04 9.999949e-01 3.195386e-03 3.727165e-01 1.023984e-02 -3.198248e-03 9.999425e-01 -7.899134e+01
9.999894e-01 7.453709e-04 4.533883e-03 9.382224e+01 -7.380026e-04 9.999984e-01 -1.626534e-03 4.144415e-01 -4.535088e-03 1.623171e-03 9.999884e-01 -7.830048e+01
9.999233e-01 2.606729e-05 -1.238367e-02 9.410287e+01 1.572143e-05 9.999943e-01 3.374422e-03 4.037408e-01 1.238369e-02 -3.374358e-03 9.999176e-01 -7.788130e+01
9.999816e-01 5.222129e-04 6.049888e-03 9.400755e+01 -5.113104e-04 9.999982e-01 -1.803445e-03 4.162779e-01 -6.050819e-03 1.800319e-03 9.999801e-01 -7.736125e+01
9.999497e-01 -1.335485e-04 -1.003050e-02 9.323870e+01 1.661877e-04 9.999947e-01 3.253265e-03 4.739075e-01 1.003001e-02 -3.254769e-03 9.999444e-01 -7.633894e+01
9.999955e-01 7.997675e-04 2.892023e-03 9.305239e+01 -7.967073e-04 9.999991e-01 -1.059005e-03 5.208638e-01 -2.892868e-03 1.056697e-03 9.999953e-01 -7.542675e+01
9.999414e-01 1.778405e-04 -1.082011e-02 9.358815e+01 -1.363917e-04 9.999927e-01 3.831371e-03 5.393834e-01 1.082071e-02 -3.829672e-03 9.999341e-01 -7.488420e+01
9.999854e-01 2.896281e-04 5.397366e-03 9.316508e+01 -2.772623e-04 9.999973e-01 -2.291614e-03 5.726651e-01 -5.398015e-03 2.290084e-03 9.999828e-01 -7.402986e+01
9.999461e-01 -1.880971e-04 -1.038158e-02 9.224188e+01 2.316907e-04 9.999912e-01 4.198116e-03 6.388822e-01 1.038070e-02 -4.200296e-03 9.999373e-01 -7.321767e+01
9.999911e-01 7.549558e-04 4.147251e-03 9.187919e+01 -7.443266e-04 9.999964e-01 -2.563812e-03 6.717288e-01 -4.149171e-03 2.560703e-03 9.999881e-01 -7.248960e+01
9.999603e-01 -4.046037e-04 -8.900288e-03 9.123440e+01 4.411547e-04 9.999915e-01 4.105181e-03 7.211076e-01 8.898551e-03 -4.108945e-03 9.999520e-01 -7.159415e+01
9.999936e-01 1.041911e-03 3.414239e-03 9.068394e+01 -1.033580e-03 9.999965e-01 -2.440743e-03 7.658657e-01 -3.416770e-03 2.437199e-03 9.999912e-01 -7.056814e+01
9.999783e-01 -5.352225e-04 -6.565142e-03 8.942605e+01 5.636540e-04 9.999905e-01 4.329645e-03 8.605547e-01 6.562762e-03 -4.333253e-03 9.999691e-01 -6.914201e+01
9.999962e-01 9.255468e-04 2.603974e-03 8.841328e+01 -9.186876e-04 9.999961e-01 -2.633955e-03 9.399177e-01 -2.606401e-03 2.631553e-03 9.999931e-01 -6.796398e+01
9.999654e-01 -7.054450e-04 -8.284023e-03 8.755522e+01 7.430515e-04 9.999894e-01 4.537481e-03 1.004282e+00 8.280734e-03 -4.543480e-03 9.999554e-01 -6.720432e+01
9.999486e-01 3.927661e-03 -9.347352e-03 8.952728e+01 -3.929462e-03 9.999923e-01 -1.743301e-04 9.173342e-01 9.346595e-03 2.110518e-04 9.999563e-01 -6.612911e+01
9.999940e-01 -2.077716e-03 -2.772067e-03 9.038477e+01 2.085565e-03 9.999938e-01 2.831867e-03 8.778846e-01 2.766166e-03 -2.837632e-03 9.999921e-01 -6.519126e+01
9.999800e-01 3.113367e-03 -5.503248e-03 9.031837e+01 -3.118455e-03 9.999947e-01 -9.161579e-04 8.841118e-01 5.500367e-03 9.333018e-04 9.999844e-01 -6.421117e+01
9.999941e-01 -2.833016e-03 -1.956622e-03 9.003137e+01 2.839040e-03 9.999912e-01 3.083418e-03 9.054731e-01 1.947869e-03 -3.088955e-03 9.999933e-01 -6.423556e+01
9.999956e-01 2.121359e-03 -2.065608e-03 9.070482e+01 -2.123757e-03 9.999971e-01 -1.159536e-03 9.201029e-01 2.063142e-03 1.163918e-03 9.999972e-01 -6.561949e+01
9.999418e-01 -2.055690e-04 -1.078448e-02 9.242648e+01 2.530959e-04 9.999903e-01 4.405831e-03 8.876631e-01 1.078347e-02 -4.408304e-03 9.999321e-01 -6.612221e+01
9.999654e-01 2.874131e-03 -7.811234e-03 9.476766e+01 -2.876457e-03 9.999958e-01 -2.866517e-04 8.278321e-01 7.810378e-03 3.091110e-04 9.999695e-01 -6.622862e+01
9.998983e-01 1.139156e-03 -1.421259e-02 9.741615e+01 -1.057966e-03 9.999831e-01 5.718800e-03 7.152137e-01 1.421886e-02 -5.703183e-03 9.998826e-01 -6.521217e+01
9.998851e-01 4.673341e-03 -1.442167e-02 1.009044e+02 -4.659188e-03 9.999886e-01 1.014778e-03 5.582201e-01 1.442625e-02 -9.474680e-04 9.998955e-01 -6.354388e+01
9.999843e-01 -1.645539e-03 -5.351247e-03 1.031290e+02 1.663012e-03 9.999933e-01 3.262587e-03 5.040978e-01 5.345842e-03 -3.271436e-03 9.999804e-01 -6.294794e+01
9.999979e-01 1.971000e-03 -5.088266e-04 1.028194e+02 -1.971426e-03 9.999977e-01 -8.400331e-04 5.570368e-01 5.071699e-04 8.410350e-04 9.999995e-01 -6.273483e+01
9.999948e-01 -1.776404e-03 -2.686557e-03 1.001256e+02 1.789310e-03 9.999868e-01 4.809299e-03 7.392717e-01 2.677978e-03 -4.814082e-03 9.999848e-01 -6.092197e+01
9.999953e-01 2.475354e-03 1.812491e-03 9.689997e+01 -2.474490e-03 9.999968e-01 -4.782848e-04 9.668489e-01 -1.813669e-03 4.737981e-04 9.999982e-01 -5.856427e+01
9.999841e-01 -2.324192e-03 -5.142043e-03 9.518244e+01 2.341121e-03 9.999919e-01 3.288819e-03 1.079084e+00 5.134357e-03 -3.300805e-03 9.999814e-01 -5.735318e+01
9.999969e-01 2.341672e-03 8.730295e-04 9.383944e+01 -2.340836e-03 9.999968e-01 -9.575819e-04 1.157206e+00 -8.752689e-04 9.555359e-04 9.999992e-01 -5.670865e+01
9.999864e-01 -2.132590e-03 -4.765570e-03 9.206126e+01 2.151652e-03 9.999897e-01 3.998498e-03 1.274580e+00 4.756994e-03 -4.008698e-03 9.999807e-01 -5.550315e+01
9.999939e-01 2.525220e-03 2.408433e-03 8.979232e+01 -2.523959e-03 9.999967e-01 -5.262978e-04 1.433864e+00 -2.409754e-03 5.202164e-04 9.999970e-01 -5.368060e+01
9.999910e-01 -2.049548e-03 -3.727345e-03 8.660023e+01 2.066834e-03 9.999871e-01 4.639696e-03 1.654269e+00 3.717787e-03 -4.647358e-03 9.999823e-01 -5.125030e+01
9.999950e-01 2.673715e-03 1.673931e-03 8.439381e+01 -2.671399e-03 9.999955e-01 -1.384364e-03 1.816737e+00 -1.677625e-03 1.379886e-03 9.999976e-01 -4.943676e+01
9.999842e-01 -1.991417e-03 -5.256963e-03 8.313074e+01 2.013165e-03 9.999894e-01 4.135041e-03 1.920541e+00 5.248672e-03 -4.145559e-03 9.999776e-01 -4.816418e+01
9.999928e-01 2.709869e-03 2.661716e-03 8.164284e+01 -2.707834e-03 9.999960e-01 -7.675006e-04 2.064622e+00 -2.663785e-03 7.602881e-04 9.999962e-01 -4.662390e+01
9.999891e-01 -1.845255e-03 -4.280830e-03 7.936900e+01 1.863580e-03 9.999891e-01 4.280778e-03 2.235287e+00 4.272884e-03 -4.288710e-03 9.999817e-01 -4.443726e+01
9.999956e-01 2.183698e-03 1.992953e-03 7.690275e+01 -2.181942e-03 9.999972e-01 -8.825777e-04 2.407122e+00 -1.994875e-03 8.782259e-04 9.999976e-01 -4.256498e+01
9.999832e-01 -2.180630e-03 -5.365222e-03 7.442341e+01 2.204206e-03 9.999879e-01 4.392261e-03 2.570515e+00 5.355579e-03 -4.404014e-03 9.999760e-01 -4.108733e+01
9.999951e-01 2.540036e-03 1.814898e-03 7.301010e+01 -2.536390e-03 9.999948e-01 -2.008135e-03 2.664554e+00 -1.819989e-03 2.003523e-03 9.999963e-01 -4.008038e+01
9.999771e-01 -2.534831e-03 -6.267346e-03 7.216950e+01 2.560855e-03 9.999881e-01 4.148005e-03 2.727127e+00 6.256757e-03 -4.163961e-03 9.999718e-01 -3.937692e+01
9.999920e-01 2.971920e-03 2.692070e-03 7.079699e+01 -2.967818e-03 9.999944e-01 -1.526282e-03 2.824571e+00 -2.696591e-03 1.518281e-03 9.999952e-01 -3.825884e+01
9.999782e-01 -2.615526e-03 -6.065074e-03 6.956242e+01 2.637608e-03 9.999899e-01 3.635680e-03 2.917567e+00 6.055503e-03 -3.651599e-03 9.999750e-01 -3.704735e+01
9.999939e-01 2.894210e-03 1.979357e-03 6.867183e+01 -2.890543e-03 9.999941e-01 -1.852955e-03 2.979110e+00 -1.984708e-03 1.847223e-03 9.999963e-01 -3.621596e+01
9.999803e-01 -2.465925e-03 -5.765437e-03 6.794508e+01 2.485476e-03 9.999912e-01 3.386472e-03 3.028993e+00 5.757035e-03 -3.400736e-03 9.999776e-01 -3.540978e+01
9.999963e-01 2.583462e-03 8.410669e-04 6.733331e+01 -2.582015e-03 9.999952e-01 -1.716135e-03 3.066106e+00 -8.454963e-04 1.713957e-03 9.999982e-01 -3.496864e+01
9.999787e-01 -2.706467e-03 -5.937671e-03 6.611128e+01 2.729917e-03 9.999885e-01 3.944913e-03 3.131908e+00 5.926926e-03 -3.961038e-03 9.999746e-01 -3.459578e+01
9.999949e-01 3.171752e-03 2.026281e-04 6.547075e+01 -3.171319e-03 9.999928e-01 -2.101612e-03 3.175263e+00 -2.092922e-04 2.100959e-03 9.999978e-01 -3.405707e+01
9.998324e-01 -2.785267e-04 -1.830592e-02 6.836053e+01 3.976971e-04 9.999788e-01 6.506643e-03 3.140145e+00 1.830371e-02 -6.512833e-03 9.998113e-01 -3.494611e+01
9.999955e-01 2.806944e-03 -1.077002e-03 7.136389e+01 -2.808676e-03 9.999948e-01 -1.610201e-03 3.087208e+00 1.072476e-03 1.613220e-03 9.999981e-01 -3.539793e+01
9.999601e-01 -1.022679e-03 -8.873357e-03 7.255451e+01 1.063184e-03 9.999890e-01 4.561383e-03 3.044116e+00 8.868594e-03 -4.570635e-03 9.999502e-01 -3.441699e+01
9.999981e-01 1.552974e-03 1.212116e-03 7.332908e+01 -1.549771e-03 9.999953e-01 -2.638792e-03 3.038222e+00 -1.216208e-03 2.636909e-03 9.999958e-01 -3.444190e+01
9.999688e-01 -1.213291e-03 -7.807606e-03 7.368300e+01 1.244637e-03 9.999912e-01 4.011265e-03 3.030134e+00 7.802670e-03 -4.020858e-03 9.999615e-01 -3.458063e+01
9.999965e-01 1.527098e-03 2.161773e-03 7.376587e+01 -1.521075e-03 9.999950e-01 -2.784495e-03 3.023855e+00 -2.166014e-03 2.781197e-03 9.999938e-01 -3.444178e+01
9.999697e-01 -1.163852e-03 -7.703073e-03 7.388523e+01 1.194457e-03 9.999914e-01 3.969722e-03 3.012137e+00 7.698387e-03 -3.978803e-03 9.999625e-01 -3.424962e+01
9.999974e-01 2.254727e-03 -2.681990e-04 7.457251e+01 -2.255224e-03 9.999957e-01 -1.868558e-03 2.979750e+00 2.639849e-04 1.869159e-03 9.999982e-01 -3.382869e+01
9.999882e-01 -1.742117e-03 -4.534740e-03 7.418382e+01 1.757228e-03 9.999929e-01 3.330569e-03 3.002651e+00 4.528906e-03 -3.338499e-03 9.999842e-01 -3.288986e+01
9.999964e-01 2.622549e-03 6.207157e-04 7.349202e+01 -2.621636e-03 9.999955e-01 -1.465886e-03 3.058478e+00 -6.245571e-04 1.464253e-03 9.999987e-01 -3.173117e+01
9.999542e-01 -1.230680e-03 -9.496456e-03 7.443287e+01 1.271043e-03 9.999902e-01 4.245542e-03 3.062122e+00 9.491138e-03 -4.257418e-03 9.999459e-01 -3.129966e+01
9.999940e-01 1.430548e-03 3.142200e-03 7.476968e+01 -1.423553e-03 9.999965e-01 -2.227062e-03 3.082609e+00 -3.145375e-03 2.222576e-03 9.999926e-01 -3.106255e+01
9.999547e-01 -1.121581e-03 -9.453175e-03 7.488126e+01 1.157373e-03 9.999922e-01 3.781691e-03 3.089901e+00 9.448860e-03 -3.792461e-03 9.999482e-01 -3.081856e+01
9.999972e-01 1.749998e-03 1.591708e-03 7.544821e+01 -1.746806e-03 9.999965e-01 -2.004196e-03 3.075991e+00 -1.595210e-03 2.001411e-03 9.999967e-01 -3.074298e+01
9.999587e-01 -1.045073e-03 -9.031229e-03 7.585283e+01 1.078964e-03 9.999924e-01 3.748599e-03 3.067854e+00 9.027242e-03 -3.758189e-03 9.999522e-01 -3.052381e+01
9.999971e-01 1.696866e-03 1.712969e-03 7.614040e+01 -1.693767e-03 9.999969e-01 -1.808391e-03 3.074040e+00 -1.716032e-03 1.805485e-03 9.999969e-01 -3.012056e+01
9.999568e-01 -1.068180e-03 -9.235321e-03 7.634816e+01 1.101100e-03 9.999931e-01 3.560295e-03 3.084341e+00 9.231454e-03 -3.570310e-03 9.999510e-01 -2.984212e+01
9.999979e-01 1.971993e-03 6.270464e-04 7.689478e+01 -1.971054e-03 9.999969e-01 -1.494447e-03 3.080289e+00 -6.299914e-04 1.493208e-03 9.999987e-01 -2.971444e+01
9.999604e-01 -1.208751e-03 -8.819126e-03 7.732474e+01 1.239207e-03 9.999933e-01 3.448728e-03 3.088044e+00 8.814898e-03 -3.459521e-03 9.999552e-01 -2.959013e+01
9.999962e-01 1.686605e-03 2.159345e-03 7.741714e+01 -1.682892e-03 9.999971e-01 -1.719959e-03 3.103632e+00 -2.162239e-03 1.716319e-03 9.999962e-01 -2.931723e+01
9.999620e-01 -1.299278e-03 -8.620452e-03 7.738839e+01 1.327372e-03 9.999938e-01 3.254061e-03 3.114918e+00 8.616170e-03 -3.265381e-03 9.999575e-01 -2.897821e+01
9.999967e-01 1.496433e-03 2.076219e-03 7.723658e+01 -1.493267e-03 9.999977e-01 -1.525438e-03 3.130544e+00 -2.078497e-03 1.522333e-03 9.999967e-01 -2.886228e+01
9.999654e-01 -1.260619e-03 -8.219051e-03 7.765145e+01 1.286785e-03 9.999941e-01 3.179184e-03 3.133247e+00 8.214994e-03 -3.189650e-03 9.999612e-01 -2.951779e+01
9.999971e-01 1.530863e-03 1.870975e-03 7.823138e+01 -1.528082e-03 9.999977e-01 -1.487108e-03 3.135573e+00 -1.873247e-03 1.484245e-03 9.999971e-01 -3.026556e+01
9.999473e-01 -9.159012e-04 -1.022236e-02 7.897349e+01 9.493831e-04 9.999942e-01 3.271036e-03 3.128194e+00 1.021931e-02 -3.280569e-03 9.999424e-01 -3.061423e+01
9.999956e-01 1.776673e-03 2.361504e-03 7.946659e+01 -1.773263e-03 9.999974e-01 -1.445214e-03 3.105216e+00 -2.364066e-03 1.441021e-03 9.999962e-01 -3.040556e+01
9.999655e-01 -1.243156e-03 -8.215831e-03 7.936485e+01 1.267457e-03 9.999948e-01 2.953374e-03 3.113282e+00 8.212117e-03 -2.963686e-03 9.999619e-01 -2.982201e+01
9.999926e-01 1.398458e-03 3.573270e-03 7.882169e+01 -1.392961e-03 9.999978e-01 -1.540175e-03 3.152494e+00 -3.575416e-03 1.535187e-03 9.999924e-01 -2.917854e+01
9.999658e-01 -1.315562e-03 -8.164401e-03 7.805074e+01 1.342133e-03 9.999938e-01 3.249931e-03 3.205494e+00 8.160075e-03 -3.260778e-03 9.999614e-01 -2.850122e+01
9.999918e-01 1.487170e-03 3.762055e-03 7.704724e+01 -1.482252e-03 9.999980e-01 -1.309545e-03 3.275439e+00 -3.763995e-03 1.303958e-03 9.999921e-01 -2.763123e+01
9.999519e-01 -7.803025e-04 -9.775794e-03 7.681559e+01 8.108624e-04 9.999948e-01 3.122559e-03 3.308992e+00 9.773307e-03 -3.130336e-03 9.999473e-01 -2.693679e+01
9.999983e-01 1.822711e-03 -2.173249e-04 7.762912e+01 -1.822926e-03 9.999978e-01 -9.955346e-04 3.284286e+00 2.155100e-04 9.959295e-04 9.999995e-01 -2.671408e+01
9.999445e-01 -7.774156e-04 -1.050599e-02 8.013870e+01 8.238147e-04 9.999899e-01 4.412892e-03 3.316527e+00 1.050245e-02 -4.421303e-03 9.999351e-01 -2.952910e+01
9.999965e-01 1.152972e-04 2.641835e-03 8.362231e+01 -1.155208e-04 1.000000e+00 8.466727e-05 3.385415e+00 -2.641825e-03 -8.497169e-05 9.999965e-01 -3.466693e+01
9.999513e-01 -5.790746e-04 -9.854734e-03 8.605270e+01 6.129694e-04 9.999939e-01 3.436825e-03 3.435287e+00 9.852684e-03 -3.442699e-03 9.999455e-01 -3.838822e+01
