9.999854e-01 6.788051e-04 -5.359751e-03 1.236108e-01 -6.816763e-04 9.999996e-01 -5.338819e-04 -1.078045e-02 5.359386e-03 5.375270e-04 9.999855e-01 5.360946e-01
9.999999e-01 -4.513280e-05 4.984124e-04 4.862361e-01 4.535383e-05 9.999999e-01 -4.434188e-04 -2.756166e-02 -4.983920e-04 4.434421e-04 9.999998e-01 8.395945e-01
9.999874e-01 7.060017e-04 -4.972396e-03 6.904020e-01 -7.053017e-04 9.999997e-01 1.425388e-04 -4.340266e-02 4.972495e-03 -1.390307e-04 9.999876e-01 8.431510e-01
9.999999e-01 -4.578634e-04 -4.932621e-06 8.018873e-01 4.578631e-04 9.999999e-01 -7.288856e-05 -4.789039e-02 4.966333e-06 7.288701e-05 1.000000e+00 8.433257e-01
9.999877e-01 9.120290e-04 -4.868786e-03 1.052004e+00 -9.122180e-04 9.999996e-01 -3.659953e-05 -6.796193e-02 4.868750e-03 4.103976e-05 9.999881e-01 1.242532e+00
9.999997e-01 -4.398214e-04 5.823011e-04 1.136390e+00 4.400080e-04 9.999999e-01 -3.202534e-04 -8.591580e-02 -5.821598e-04 3.205102e-04 9.999998e-01 1.658606e+00
9.999874e-01 1.066350e-03 -4.912926e-03 1.479248e+00 -1.067988e-03 9.999994e-01 -3.306717e-04 -1.195942e-01 4.912570e-03 3.359138e-04 9.999879e-01 2.226240e+00
9.999997e-01 -6.934010e-04 2.439392e-04 1.504244e+00 6.933813e-04 9.999998e-01 8.092284e-05 -1.369791e-01 -2.439949e-04 -8.075296e-05 1.000000e+00 2.680166e+00
9.999830e-01 8.915103e-04 -5.756337e-03 1.382340e+00 -8.927054e-04 9.999996e-01 -2.050485e-04 -1.470458e-01 5.756151e-03 2.101830e-04 9.999834e-01 3.185554e+00
9.999997e-01 -7.571753e-04 2.282492e-04 1.223753e+00 7.572076e-04 9.999997e-01 -1.415196e-04 -1.523355e-01 -2.281416e-04 1.416931e-04 1.000000e+00 3.880056e+00
9.999667e-01 1.075628e-03 -8.084263e-03 8.136527e-01 -1.075574e-03 9.999994e-01 1.096805e-05 -1.465583e-01 8.084270e-03 -2.273175e-06 9.999673e-01 4.231779e+00
9.999993e-01 -2.469269e-04 1.195519e-03 6.426117e-01 2.471931e-04 9.999999e-01 -2.225324e-04 -1.474848e-01 -1.195464e-03 2.228285e-04 9.999993e-01 3.367758e+00
9.999747e-01 1.120322e-03 -7.017745e-03 6.195034e-01 -1.122589e-03 9.999993e-01 -3.191111e-04 -1.411429e-01 7.017382e-03 3.269804e-04 9.999753e-01 2.251968e+00
9.999988e-01 -4.649574e-04 1.499153e-03 6.158676e-01 4.650828e-04 9.999999e-01 -8.329940e-05 -1.431458e-01 -1.499114e-03 8.399724e-05 9.999989e-01 1.734256e+00
9.999788e-01 1.178195e-03 -6.409873e-03 7.078517e-01 -1.179989e-03 9.999993e-01 -2.761211e-04 -1.484760e-01 6.409543e-03 2.836781e-04 9.999794e-01 1.089064e+00
9.999996e-01 -8.086597e-04 4.870048e-04 5.830395e-01 8.087192e-04 9.999997e-01 -1.218783e-04 -1.607897e-01 -4.869057e-04 1.222728e-04 9.999999e-01 1.504799e+00
9.999863e-01 1.034958e-03 -5.139389e-03 5.593537e-01 -1.036715e-03 9.999994e-01 -3.393470e-04 -1.800645e-01 5.139035e-03 3.446697e-04 9.999867e-01 2.334541e+00
9.999995e-01 -5.318618e-04 8.990536e-04 6.507503e-01 5.319126e-04 9.999999e-01 -5.626590e-05 -2.011085e-01 -8.990232e-04 5.674480e-05 9.999996e-01 2.748261e+00
9.999867e-01 1.027920e-03 -5.046247e-03 8.993325e-01 -1.028549e-03 9.999995e-01 -1.220573e-04 -2.255497e-01 5.046118e-03 1.272453e-04 9.999873e-01 3.086435e+00
9.999995e-01 -3.357901e-04 9.020128e-04 1.373922e+00 3.361805e-04 9.999998e-01 -4.325493e-04 -2.504757e-01 -9.018671e-04 4.328531e-04 9.999995e-01 3.245689e+00
9.999835e-01 9.266433e-04 -5.672744e-03 1.855105e+00 -9.279818e-04 9.999995e-01 -2.333247e-04 -2.821784e-01 5.672524e-03 2.385844e-04 9.999839e-01 3.803687e+00
9.999989e-01 -3.808324e-04 1.414683e-03 2.107655e+00 3.818096e-04 9.999997e-01 -6.905264e-04 -3.161067e-01 -1.414420e-03 6.910665e-04 9.999988e-01 4.895413e+00
9.999796e-01 1.025760e-03 -6.304834e-03 2.382253e+00 -1.029237e-03 9.999993e-01 -5.483386e-04 -3.472299e-01 6.304267e-03 5.548159e-04 9.999800e-01 6.010457e+00
9.999985e-01 -4.597361e-04 1.658126e-03 2.652000e+00 4.603797e-04 9.999998e-01 -3.877443e-04 -3.755184e-01 -1.657947e-03 3.885078e-04 9.999986e-01 7.064330e+00
9.999816e-01 1.115856e-03 -5.961477e-03 3.012922e+00 -1.120592e-03 9.999991e-01 -7.910984e-04 -4.162779e-01 5.960588e-03 7.977635e-04 9.999819e-01 8.280477e+00
9.999979e-01 -5.489893e-04 1.949251e-03 3.240692e+00 5.500023e-04 9.999997e-01 -5.191492e-04 -4.531856e-01 -1.948966e-03 5.202210e-04 9.999980e-01 9.601876e+00
9.999791e-01 1.338065e-03 -6.320344e-03 3.743984e+00 -1.342332e-03 9.999989e-01 -6.708989e-04 -4.950102e-01 6.319439e-03 6.793682e-04 9.999798e-01 1.068139e+01
9.999964e-01 -7.995184e-04 2.575966e-03 3.994492e+00 8.003344e-04 9.999996e-01 -3.157254e-04 -5.294494e-01 -2.575713e-03 3.177866e-04 9.999966e-01 1.163146e+01
9.999751e-01 1.474176e-03 -6.904673e-03 4.350519e+00 -1.477622e-03 9.999988e-01 -4.939615e-04 -5.657766e-01 6.903936e-03 5.041509e-04 9.999760e-01 1.252341e+01
9.999946e-01 -1.154529e-03 3.086677e-03 4.440385e+00 1.155369e-03 9.999993e-01 -2.703722e-04 -5.915651e-01 -3.086362e-03 2.739377e-04 9.999952e-01 1.345673e+01
9.999746e-01 1.683050e-03 -6.924516e-03 4.689110e+00 -1.685169e-03 9.999985e-01 -3.002031e-04 -6.202467e-01 6.924000e-03 3.118638e-04 9.999760e-01 1.406517e+01
9.999939e-01 -1.397732e-03 3.191623e-03 4.769162e+00 1.399168e-03 9.999989e-01 -4.477058e-04 -6.469059e-01 -3.190994e-03 4.521695e-04 9.999948e-01 1.508376e+01
9.999747e-01 1.649569e-03 -6.915211e-03 4.836814e+00 -1.651821e-03 9.999986e-01 -3.199163e-04 -6.728822e-01 6.914674e-03 3.313302e-04 9.999760e-01 1.609284e+01
9.999952e-01 -1.397372e-03 2.749086e-03 4.859384e+00 1.397988e-03 9.999990e-01 -2.221462e-04 -6.932684e-01 -2.748772e-03 2.259890e-04 9.999962e-01 1.692527e+01
9.999705e-01 1.756350e-03 -7.475031e-03 4.863475e+00 -1.756972e-03 9.999985e-01 -7.658151e-05 -7.085736e-01 7.474885e-03 8.971196e-05 9.999721e-01 1.739731e+01
9.999977e-01 -1.300636e-03 1.695319e-03 4.795902e+00 1.300555e-03 9.999992e-01 4.855393e-05 -7.159104e-01 -1.695380e-03 -4.634825e-05 9.999986e-01 1.754620e+01
9.999706e-01 1.658261e-03 -7.492434e-03 4.691509e+00 -1.658071e-03 9.999986e-01 3.149194e-05 -7.217353e-01 7.492475e-03 -1.906873e-05 9.999719e-01 1.768589e+01
9.999966e-01 -1.233300e-03 2.310792e-03 4.666349e+00 1.233668e-03 9.999992e-01 -1.575926e-04 -7.340594e-01 -2.310596e-03 1.604435e-04 9.999973e-01 1.795682e+01
9.999679e-01 1.748130e-03 -7.813553e-03 4.602813e+00 -1.747464e-03 9.999985e-01 9.208665e-05 -7.412365e-01 7.813702e-03 -7.843051e-05 9.999695e-01 1.792888e+01
9.999973e-01 -1.244591e-03 1.969944e-03 4.535678e+00 1.244712e-03 9.999992e-01 -6.009617e-05 -7.462503e-01 -1.969867e-03 6.254873e-05 9.999981e-01 1.778873e+01
9.999694e-01 1.633503e-03 -7.647845e-03 4.479632e+00 -1.632278e-03 9.999987e-01 1.664309e-04 -7.541976e-01 7.648107e-03 -1.539431e-04 9.999707e-01 1.788494e+01
9.999966e-01 -1.215616e-03 2.324292e-03 4.549634e+00 1.215708e-03 9.999993e-01 -3.832252e-05 -7.653976e-01 -2.324244e-03 4.114875e-05 9.999973e-01 1.795599e+01
9.999728e-01 1.544595e-03 -7.214741e-03 4.664585e+00 -1.544523e-03 9.999988e-01 1.543964e-05 -7.839372e-01 7.214756e-03 -4.296595e-06 9.999740e-01 1.847106e+01
9.999958e-01 -1.162519e-03 2.651551e-03 4.791149e+00 1.163777e-03 9.999992e-01 -4.730852e-04 -8.092145e-01 -2.650998e-03 4.761698e-04 9.999964e-01 1.923149e+01
9.999688e-01 1.577390e-03 -7.744651e-03 5.027214e+00 -1.574038e-03 9.999987e-01 4.389549e-04 -8.251651e-01 7.745333e-03 -4.267515e-04 9.999699e-01 1.947258e+01
9.999945e-01 -1.153239e-03 3.098564e-03 5.146106e+00 1.155418e-03 9.999991e-01 -7.016655e-04 -8.480956e-01 -3.097751e-03 7.052426e-04 9.999950e-01 2.015575e+01
9.999672e-01 1.488720e-03 -7.965200e-03 5.251454e+00 -1.485976e-03 9.999988e-01 3.503655e-04 -8.704952e-01 7.965712e-03 -3.385186e-04 9.999682e-01 2.084282e+01
9.999961e-01 -1.102063e-03 2.554780e-03 5.467653e+00 1.103151e-03 9.999993e-01 -4.246024e-04 -8.931920e-01 -2.554310e-03 4.274198e-04 9.999966e-01 2.135552e+01
9.999677e-01 1.473375e-03 -7.898914e-03 5.598357e+00 -1.469851e-03 9.999988e-01 4.519966e-04 -9.122830e-01 7.899571e-03 -4.403725e-04 9.999687e-01 2.181221e+01
9.999956e-01 -1.230790e-03 2.708826e-03 5.606531e+00 1.231658e-03 9.999992e-01 -3.186810e-04 -9.250968e-01 -2.708432e-03 3.220166e-04 9.999963e-01 2.226544e+01
9.999675e-01 1.692388e-03 -7.881682e-03 5.931059e+00 -1.691290e-03 9.999986e-01 1.459668e-04 -9.458583e-01 7.881918e-03 -1.326326e-04 9.999689e-01 2.268221e+01
9.999934e-01 -1.437601e-03 3.341956e-03 6.015787e+00 1.439131e-03 9.999989e-01 -4.556291e-04 -9.697325e-01 -3.341296e-03 4.604363e-04 9.999943e-01 2.341621e+01
9.999702e-01 1.565472e-03 -7.557116e-03 6.029603e+00 -1.565005e-03 9.999988e-01 6.771107e-05 -9.890448e-01 7.557213e-03 -5.588284e-05 9.999714e-01 2.428420e+01
9.999970e-01 -1.145567e-03 2.165471e-03 6.280555e+00 1.145731e-03 9.999993e-01 -7.461007e-05 -1.006865e+00 -2.165384e-03 7.709160e-05 9.999977e-01 2.427938e+01
9.999768e-01 1.464434e-03 -6.652439e-03 6.678611e+00 -1.464734e-03 9.999989e-01 -4.031518e-05 -1.016763e+00 6.652372e-03 5.005760e-05 9.999779e-01 2.394551e+01
9.999983e-01 -9.289352e-04 1.621683e-03 7.327174e+00 9.295682e-04 9.999995e-01 -3.895676e-04 -1.039900e+00 -1.621320e-03 3.910751e-04 9.999986e-01 2.395665e+01
9.999756e-01 1.343567e-03 -6.858785e-03 7.976191e+00 -1.344455e-03 9.999991e-01 -1.248731e-04 -1.076189e+00 6.858611e-03 1.340907e-04 9.999765e-01 2.443168e+01
9.999977e-01 -8.363470e-04 1.980121e-03 8.354693e+00 8.374387e-04 9.999995e-01 -5.504925e-04 -1.105238e+00 -1.979659e-03 5.521502e-04 9.999979e-01 2.494321e+01
9.999709e-01 1.366667e-03 -7.505133e-03 8.615093e+00 -1.363044e-03 9.999990e-01 4.877923e-04 -1.110677e+00 7.505792e-03 -4.775490e-04 9.999717e-01 2.444128e+01
9.999941e-01 -7.166846e-04 3.365199e-03 8.794850e+00 7.193656e-04 9.999994e-01 -7.954913e-04 -1.119915e+00 -3.364627e-03 7.979081e-04 9.999940e-01 2.396881e+01
9.999625e-01 1.413331e-03 -8.543454e-03 8.747527e+00 -1.409335e-03 9.999989e-01 4.738309e-04 -1.128632e+00 8.544114e-03 -4.617733e-04 9.999634e-01 2.383149e+01
9.999924e-01 -1.033357e-03 3.768999e-03 8.811451e+00 1.035126e-03 9.999994e-01 -4.673317e-04 -1.142454e+00 -3.768513e-03 4.712302e-04 9.999928e-01 2.397498e+01
9.999639e-01 1.318385e-03 -8.399706e-03 8.880108e+00 -1.315137e-03 9.999991e-01 3.922814e-04 -1.162810e+00 8.400215e-03 -3.812211e-04 9.999646e-01 2.450458e+01
9.999908e-01 -8.665810e-04 4.191806e-03 9.186364e+00 8.710562e-04 9.999991e-01 -1.065876e-03 -1.199583e+00 -4.190878e-03 1.069519e-03 9.999906e-01 2.524944e+01
9.999629e-01 1.192283e-03 -8.536170e-03 9.482718e+00 -1.188466e-03 9.999992e-01 4.522674e-04 -1.237501e+00 8.536702e-03 -4.421063e-04 9.999635e-01 2.604108e+01
9.999959e-01 -8.131875e-04 2.741709e-03 9.470454e+00 8.137920e-04 9.999996e-01 -2.193151e-04 -1.249478e+00 -2.741530e-03 2.215461e-04 9.999962e-01 2.625661e+01
9.999605e-01 1.294773e-03 -8.798161e-03 9.413569e+00 -1.290779e-03 9.999991e-01 4.596426e-04 -1.251461e+00 8.798748e-03 -4.482687e-04 9.999612e-01 2.589922e+01
9.999974e-01 -7.374214e-04 2.154750e-03 9.265700e+00 7.380945e-04 9.999997e-01 -3.115083e-04 -1.251000e+00 -2.154520e-03 3.130986e-04 9.999976e-01 2.543390e+01
9.999537e-01 1.371186e-03 -9.525285e-03 8.984745e+00 -1.367093e-03 9.999990e-01 4.361994e-04 -1.244894e+00 9.525873e-03 -4.231580e-04 9.999545e-01 2.503262e+01
9.999980e-01 -9.379879e-04 1.748066e-03 8.618055e+00 9.382869e-04 9.999995e-01 -1.701626e-04 -1.234732e+00 -1.747906e-03 1.718032e-04 9.999985e-01 2.506370e+01
9.999653e-01 1.377762e-03 -8.219116e-03 8.435309e+00 -1.375036e-03 9.999990e-01 3.372758e-04 -1.232217e+00 8.219572e-03 -3.259632e-04 9.999662e-01 2.495816e+01
9.999947e-01 -1.163055e-03 3.033251e-03 8.432056e+00 1.163769e-03 9.999993e-01 -2.336810e-04 -1.244482e+00 -3.032977e-03 2.372105e-04 9.999954e-01 2.540290e+01
9.999662e-01 1.374276e-03 -8.101512e-03 8.429869e+00 -1.371924e-03 9.999990e-01 2.959031e-04 -1.257188e+00 8.101911e-03 -2.847792e-04 9.999671e-01 2.590082e+01
9.999959e-01 -1.059984e-03 2.668396e-03 8.372954e+00 1.060699e-03 9.999994e-01 -2.664738e-04 -1.264376e+00 -2.668112e-03 2.693038e-04 9.999964e-01 2.610073e+01
9.999604e-01 1.271624e-03 -8.811480e-03 8.228639e+00 -1.268673e-03 9.999991e-01 3.404301e-04 -1.269510e+00 8.811905e-03 -3.292385e-04 9.999611e-01 2.650493e+01
9.999940e-01 -1.054046e-03 3.290234e-03 8.151295e+00 1.055249e-03 9.999994e-01 -3.637045e-04 -1.278008e+00 -3.289848e-03 3.671751e-04 9.999945e-01 2.703557e+01
9.999590e-01 1.340881e-03 -8.957033e-03 8.123406e+00 -1.336193e-03 9.999990e-01 5.294268e-04 -1.289364e+00 8.957733e-03 -5.174374e-04 9.999597e-01 2.736300e+01
9.999926e-01 -1.088642e-03 3.690357e-03 8.158590e+00 1.089963e-03 9.999993e-01 -3.559246e-04 -1.304739e+00 -3.689967e-03 3.599451e-04 9.999931e-01 2.779908e+01
9.999535e-01 1.404692e-03 -9.536945e-03 8.132506e+00 -1.398432e-03 9.999988e-01 6.630273e-04 -1.312669e+00 9.537865e-03 -6.496604e-04 9.999543e-01 2.789595e+01
9.999912e-01 -1.031913e-03 4.072119e-03 8.141155e+00 1.034223e-03 9.999993e-01 -5.651313e-04 -1.318848e+00 -4.071533e-03 5.693385e-04 9.999915e-01 2.782473e+01
9.999529e-01 1.315974e-03 -9.620303e-03 8.028913e+00 -1.310014e-03 9.999989e-01 6.258144e-04 -1.324819e+00 9.621116e-03 -6.131829e-04 9.999535e-01 2.807918e+01
9.999914e-01 -1.099637e-03 4.005590e-03 7.969536e+00 1.102173e-03 9.999992e-01 -6.310305e-04 -1.334145e+00 -4.004893e-03 6.354406e-04 9.999918e-01 2.852235e+01
9.999474e-01 1.391155e-03 -1.016304e-02 8.149122e+00 -1.379186e-03 9.999983e-01 1.184576e-03 -1.346263e+00 1.016467e-02 -1.170497e-03 9.999477e-01 2.868032e+01
9.999908e-01 -1.003235e-03 4.164870e-03 8.084836e+00 1.006984e-03 9.999991e-01 -8.980864e-04 -1.348119e+00 -4.163965e-03 9.022728e-04 9.999909e-01 2.866603e+01
9.999552e-01 1.311479e-03 -9.372346e-03 8.132126e+00 -1.302000e-03 9.999986e-01 1.017445e-03 -1.358634e+00 9.373667e-03 -1.005197e-03 9.999556e-01 2.897461e+01
9.999901e-01 -9.858087e-04 4.343607e-03 8.283687e+00 9.922468e-04 9.999984e-01 -1.480259e-03 -1.384658e+00 -4.342141e-03 1.484554e-03 9.999895e-01 2.984452e+01
9.999585e-01 1.399699e-03 -8.999025e-03 8.439139e+00 -1.393920e-03 9.999988e-01 6.485200e-04 -1.415318e+00 8.999922e-03 -6.359498e-04 9.999593e-01 3.095917e+01
9.999886e-01 -1.304893e-03 4.594142e-03 8.369954e+00 1.312056e-03 9.999979e-01 -1.556368e-03 -1.431917e+00 -4.592102e-03 1.562379e-03 9.999882e-01 3.213223e+01
9.999604e-01 1.542747e-03 -8.761564e-03 8.397016e+00 -1.537841e-03 9.999987e-01 5.667431e-04 -1.455457e+00 8.762426e-03 -5.532475e-04 9.999615e-01 3.333858e+01
9.999939e-01 -8.644271e-04 3.377174e-03 8.652444e+00 8.700997e-04 9.999982e-01 -1.678499e-03 -1.490453e+00 -3.375716e-03 1.681428e-03 9.999929e-01 3.452638e+01
9.999698e-01 1.331069e-03 -7.657372e-03 8.883091e+00 -1.327835e-03 9.999990e-01 4.274434e-04 -1.532061e+00 7.657933e-03 -4.172635e-04 9.999706e-01 3.592977e+01
9.999909e-01 -7.834793e-04 4.202693e-03 9.111341e+00 7.924727e-04 9.999974e-01 -2.138625e-03 -1.576493e+00 -4.201006e-03 2.141936e-03 9.999889e-01 3.763582e+01
9.999524e-01 1.087333e-03 -9.695522e-03 9.077772e+00 -1.073492e-03 9.999984e-01 1.432708e-03 -1.589519e+00 9.697064e-03 -1.422233e-03 9.999520e-01 3.868639e+01
9.999842e-01 -7.087094e-04 5.570833e-03 9.178977e+00 7.218495e-04 9.999970e-01 -2.357038e-03 -1.616725e+00 -5.569145e-03 2.361023e-03 9.999817e-01 3.979792e+01
9.999448e-01 1.344962e-03 -1.041954e-02 9.490261e+00 -1.327819e-03 9.999978e-01 1.652066e-03 -1.651083e+00 1.042173e-02 -1.638141e-03 9.999444e-01 4.061984e+01
9.999859e-01 -7.749376e-04 5.250005e-03 9.647633e+00 7.842917e-04 9.999981e-01 -1.779877e-03 -1.655203e+00 -5.248616e-03 1.783970e-03 9.999846e-01 4.004164e+01
9.999435e-01 1.264883e-03 -1.055163e-02 1.005423e+01 -1.247299e-03 9.999978e-01 1.672973e-03 -1.657431e+00 1.055372e-02 -1.659718e-03 9.999429e-01 3.941960e+01
9.999874e-01 -7.481731e-04 4.958510e-03 1.094493e+01 7.583689e-04 9.999976e-01 -2.054615e-03 -1.675605e+00 -4.956961e-03 2.058350e-03 9.999856e-01 3.918972e+01
9.999436e-01 1.314964e-03 -1.053734e-02 1.182912e+01 -1.297540e-03 9.999978e-01 1.660215e-03 -1.692901e+00 1.053950e-02 -1.646449e-03 9.999431e-01 3.893424e+01
9.999802e-01 -6.876006e-04 6.254089e-03 1.229038e+01 7.008255e-04 9.999975e-01 -2.112616e-03 -1.709841e+00 -6.252621e-03 2.116958e-03 9.999782e-01 3.874634e+01
9.999356e-01 1.236357e-03 -1.128320e-02 1.300958e+01 -1.218110e-03 9.999979e-01 1.623981e-03 -1.734218e+00 1.128518e-02 -1.610133e-03 9.999350e-01 3.879233e+01
9.999822e-01 -7.009353e-04 5.917485e-03 1.348652e+01 7.120109e-04 9.999980e-01 -1.869737e-03 -1.756531e+00 -5.916162e-03 1.873918e-03 9.999807e-01 3.893773e+01
9.999397e-01 1.245473e-03 -1.091320e-02 1.394226e+01 -1.225484e-03 9.999976e-01 1.838150e-03 -1.771832e+00 1.091546e-02 -1.824666e-03 9.999388e-01 3.881701e+01
9.999858e-01 -6.497006e-04 5.291992e-03 1.470445e+01 6.613941e-04 9.999973e-01 -2.208161e-03 -1.794249e+00 -5.290543e-03 2.211630e-03 9.999836e-01 3.873059e+01
9.999468e-01 1.127161e-03 -1.025334e-02 1.524236e+01 -1.106017e-03 9.999973e-01 2.067630e-03 -1.811006e+00 1.025564e-02 -2.056180e-03 9.999453e-01 3.865099e+01
9.999858e-01 -7.159210e-04 5.280590e-03 1.548948e+01 7.270055e-04 9.999975e-01 -2.097437e-03 -1.833321e+00 -5.279075e-03 2.101247e-03 9.999839e-01 3.902743e+01
9.999386e-01 1.263885e-03 -1.100715e-02 1.605364e+01 -1.243802e-03 9.999975e-01 1.831206e-03 -1.860153e+00 1.100943e-02 -1.817404e-03 9.999377e-01 3.922591e+01
9.999909e-01 -7.314382e-04 4.200981e-03 1.720769e+01 7.419213e-04 9.999966e-01 -2.494345e-03 -1.880681e+00 -4.199142e-03 2.497440e-03 9.999881e-01 3.886852e+01
9.999318e-01 1.181614e-03 -1.162146e-02 1.830289e+01 -1.157645e-03 9.999972e-01 2.068990e-03 -1.906177e+00 1.162388e-02 -2.055396e-03 9.999303e-01 3.868751e+01
9.999901e-01 -7.470620e-04 4.377994e-03 1.945035e+01 7.585689e-04 9.999963e-01 -2.627234e-03 -1.928069e+00 -4.376015e-03 2.630530e-03 9.999870e-01 3.836389e+01
9.999327e-01 1.161021e-03 -1.154091e-02 2.060839e+01 -1.135998e-03 9.999970e-01 2.174519e-03 -1.941836e+00 1.154340e-02 -2.161263e-03 9.999310e-01 3.784680e+01
9.999914e-01 -7.557034e-04 4.084708e-03 2.190790e+01 7.665811e-04 9.999962e-01 -2.662059e-03 -1.953527e+00 -4.082681e-03 2.665168e-03 9.999881e-01 3.724379e+01
9.999466e-01 1.176538e-03 -1.026810e-02 2.283693e+01 -1.152167e-03 9.999965e-01 2.379095e-03 -1.964044e+00 1.027086e-02 -2.367138e-03 9.999445e-01 3.676848e+01
9.999959e-01 -7.141337e-04 2.768429e-03 2.408599e+01 7.225115e-04 9.999952e-01 -3.026277e-03 -1.987310e+00 -2.766254e-03 3.028265e-03 9.999916e-01 3.643361e+01
9.999606e-01 1.258973e-03 -8.791218e-03 2.525795e+01 -1.239241e-03 9.999967e-01 2.249655e-03 -2.005501e+00 8.794021e-03 -2.238672e-03 9.999588e-01 3.598588e+01
9.999912e-01 -8.288553e-04 4.120884e-03 2.620028e+01 8.415255e-04 9.999949e-01 -3.073793e-03 -2.009515e+00 -4.118315e-03 3.077235e-03 9.999868e-01 3.518217e+01
9.999606e-01 1.273351e-03 -8.785056e-03 2.672821e+01 -1.253411e-03 9.999966e-01 2.274930e-03 -2.004019e+00 8.787922e-03 -2.263829e-03 9.999588e-01 3.408973e+01
9.999945e-01 -8.586692e-04 3.194112e-03 2.763224e+01 8.674770e-04 9.999958e-01 -2.757084e-03 -2.010052e+00 -3.191731e-03 2.759841e-03 9.999911e-01 3.342594e+01
9.999656e-01 1.238928e-03 -8.197581e-03 2.852312e+01 -1.220863e-03 9.999968e-01 2.208376e-03 -2.015021e+00 8.200291e-03 -2.198292e-03 9.999640e-01 3.281402e+01
9.999988e-01 -8.406701e-04 1.296506e-03 2.981846e+01 8.444837e-04 9.999953e-01 -2.943518e-03 -2.024494e+00 -1.294026e-03 2.944610e-03 9.999948e-01 3.213179e+01
9.999764e-01 1.232762e-03 -6.763812e-03 3.096422e+01 -1.218388e-03 9.999970e-01 2.128899e-03 -2.024535e+00 6.766416e-03 -2.120608e-03 9.999749e-01 3.123978e+01
9.999996e-01 -8.458575e-04 -1.210118e-04 3.234486e+01 8.454996e-04 9.999954e-01 -2.929443e-03 -2.036728e+00 1.234894e-04 2.929341e-03 9.999957e-01 3.055237e+01
9.999905e-01 1.234939e-03 -4.168857e-03 3.305337e+01 -1.226125e-03 9.999970e-01 2.116157e-03 -2.031686e+00 4.171457e-03 -2.111026e-03 9.999891e-01 2.958521e+01
9.999992e-01 -9.890399e-04 -7.600607e-04 3.357825e+01 9.870397e-04 9.999961e-01 -2.627906e-03 -2.065623e+00 7.626571e-04 2.627154e-03 9.999963e-01 3.017499e+01
9.999858e-01 1.480050e-03 -5.116812e-03 3.447434e+01 -1.472627e-03 9.999979e-01 1.454150e-03 -2.113320e+00 5.118953e-03 -1.446594e-03 9.999859e-01 3.067843e+01
9.999992e-01 -1.017424e-03 8.080355e-04 3.484496e+01 1.019080e-03 9.999974e-01 -2.052096e-03 -2.110108e+00 -8.059453e-04 2.052918e-03 9.999976e-01 2.974037e+01
9.999811e-01 1.405298e-03 -5.977468e-03 3.554027e+01 -1.395859e-03 9.999978e-01 1.582996e-03 -2.114447e+00 5.979679e-03 -1.574623e-03 9.999809e-01 2.899416e+01
9.999983e-01 -9.628037e-04 -1.575261e-03 3.695843e+01 9.589299e-04 9.999965e-01 -2.458260e-03 -2.140587e+00 1.577622e-03 2.456746e-03 9.999957e-01 2.860357e+01
9.999726e-01 1.376918e-03 -7.266795e-03 3.879284e+01 -1.366792e-03 9.999981e-01 1.398250e-03 -2.168048e+00 7.268706e-03 -1.388280e-03 9.999726e-01 2.802918e+01
9.999994e-01 -1.031399e-03 -2.320013e-04 4.057644e+01 1.030779e-03 9.999959e-01 -2.660368e-03 -2.186342e+00 2.347445e-04 2.660128e-03 9.999964e-01 2.725997e+01
9.999804e-01 1.337976e-03 -6.112600e-03 4.205409e+01 -1.328856e-03 9.999980e-01 1.495857e-03 -2.210675e+00 6.114589e-03 -1.487705e-03 9.999802e-01 2.680559e+01
9.999971e-01 -9.025340e-04 2.214901e-03 4.255484e+01 9.078072e-04 9.999968e-01 -2.380816e-03 -2.207202e+00 -2.212745e-03 2.382821e-03 9.999947e-01 2.582547e+01
9.999719e-01 1.318483e-03 -7.383543e-03 4.332863e+01 -1.306894e-03 9.999979e-01 1.574091e-03 -2.203441e+00 7.385602e-03 -1.564397e-03 9.999715e-01 2.476756e+01
9.999995e-01 -9.861201e-04 3.286361e-04 4.501659e+01 9.870113e-04 9.999958e-01 -2.721968e-03 -2.213863e+00 -3.259503e-04 2.722292e-03 9.999962e-01 2.388644e+01
9.999703e-01 1.384461e-03 -7.586133e-03 4.661630e+01 -1.372229e-03 9.999978e-01 1.617491e-03 -2.240637e+00 7.588355e-03 -1.607033e-03 9.999699e-01 2.344312e+01
9.999994e-01 -9.615113e-04 -5.412208e-04 4.833103e+01 9.599450e-04 9.999954e-01 -2.887397e-03 -2.276324e+00 5.439948e-04 2.886877e-03 9.999957e-01 2.313752e+01
9.999906e-01 1.345603e-03 -4.113229e-03 4.942750e+01 -1.337428e-03 9.999971e-01 1.989672e-03 -2.284844e+00 4.115895e-03 -1.984153e-03 9.999896e-01 2.249953e+01
9.999992e-01 -1.067563e-03 -6.952632e-04 5.017677e+01 1.065758e-03 9.999961e-01 -2.592063e-03 -2.288608e+00 6.980279e-04 2.591321e-03 9.999964e-01 2.172600e+01
9.999904e-01 1.438890e-03 -4.141967e-03 5.087412e+01 -1.431742e-03 9.999975e-01 1.728292e-03 -2.285650e+00 4.144443e-03 -1.722346e-03 9.999899e-01 2.076545e+01
9.999888e-01 -1.126223e-03 -4.587912e-03 5.266686e+01 1.113027e-03 9.999952e-01 -2.877900e-03 -2.303926e+00 4.591132e-03 2.872762e-03 9.999853e-01 2.004415e+01
9.999917e-01 1.430932e-03 -3.805441e-03 5.450705e+01 -1.425267e-03 9.999979e-01 1.490990e-03 -2.335762e+00 3.807566e-03 -1.485555e-03 9.999916e-01 1.968114e+01
9.999985e-01 -8.786241e-04 -1.478993e-03 5.518316e+01 8.758828e-04 9.999979e-01 -1.853344e-03 -2.350954e+00 1.480619e-03 1.852047e-03 9.999972e-01 1.943456e+01
9.999899e-01 1.313280e-03 -4.288548e-03 5.560219e+01 -1.308591e-03 9.999985e-01 1.096216e-03 -2.379485e+00 4.289981e-03 -1.090594e-03 9.999902e-01 2.026980e+01
9.999931e-01 -9.041734e-04 -3.592579e-03 5.620204e+01 9.001995e-04 9.999990e-01 -1.107709e-03 -2.392173e+00 3.593577e-03 1.104468e-03 9.999929e-01 2.003439e+01
9.999947e-01 1.232390e-03 -3.011117e-03 5.762742e+01 -1.231956e-03 9.999992e-01 1.463275e-04 -2.395187e+00 3.011295e-03 -1.426178e-04 9.999955e-01 1.914501e+01
9.999978e-01 -7.223871e-04 -1.952289e-03 5.881520e+01 7.203132e-04 9.999992e-01 -1.062925e-03 -2.400272e+00 1.953055e-03 1.061517e-03 9.999975e-01 1.837486e+01
9.999966e-01 1.105405e-03 -2.357190e-03 5.987166e+01 -1.105264e-03 9.999994e-01 6.110065e-05 -2.404038e+00 2.357256e-03 -5.849578e-05 9.999972e-01 1.749458e+01
9.999990e-01 -9.216707e-04 -1.047914e-03 6.050686e+01 9.209214e-04 9.999993e-01 -7.156377e-04 -2.422096e+00 1.048573e-03 7.146726e-04 9.999992e-01 1.730914e+01
9.999900e-01 1.510967e-03 -4.218650e-03 6.150713e+01 -1.512629e-03 9.999988e-01 -3.908537e-04 -2.459621e+00 4.218054e-03 3.972304e-04 9.999910e-01 1.742827e+01
9.999996e-01 -9.485622e-04 -3.148571e-06 6.178237e+01 9.485611e-04 9.999995e-01 -4.185313e-04 -2.455089e+00 3.545777e-06 4.185287e-04 9.999999e-01 1.637822e+01
9.999894e-01 1.625323e-03 -4.310582e-03 6.197904e+01 -1.627931e-03 9.999985e-01 -6.015071e-04 -2.447646e+00 4.309598e-03 6.085174e-04 9.999905e-01 1.504968e+01
9.999996e-01 -8.382190e-04 -3.310574e-04 6.203373e+01 8.381131e-04 9.999996e-01 -3.209771e-04 -2.441847e+00 3.313265e-04 3.207001e-04 9.999999e-01 1.375798e+01
9.999796e-01 1.307521e-03 -6.252420e-03 6.337670e+01 -1.310302e-03 9.999990e-01 -4.405999e-04 -2.452372e+00 6.251838e-03 4.487828e-04 9.999804e-01 1.300519e+01
9.999983e-01 -8.199954e-04 1.627569e-03 6.427483e+01 8.205571e-04 9.999996e-01 -3.442620e-04 -2.466407e+00 -1.627286e-03 3.455976e-04 9.999986e-01 1.253120e+01
9.999832e-01 1.284232e-03 -5.654092e-03 6.499945e+01 -1.287938e-03 9.999990e-01 -6.518396e-04 -2.467482e+00 5.653249e-03 6.591102e-04 9.999838e-01 1.165539e+01
9.999985e-01 -8.009220e-04 1.518147e-03 6.537864e+01 8.011879e-04 9.999997e-01 -1.743508e-04 -2.460575e+00 -1.518007e-03 1.755675e-04 9.999988e-01 1.049492e+01
9.999802e-01 1.476449e-03 -6.125071e-03 6.552323e+01 -1.481043e-03 9.999986e-01 -7.454753e-04 -2.454302e+00 6.123961e-03 7.545313e-04 9.999810e-01 9.216144e+00
9.999991e-01 -7.660771e-04 1.085137e-03 6.558176e+01 7.657913e-04 9.999997e-01 2.641203e-04 -2.452133e+00 -1.085338e-03 -2.632884e-04 9.999994e-01 8.227045e+00
9.999790e-01 1.401750e-03 -6.331367e-03 6.560265e+01 -1.406014e-03 9.999988e-01 -6.690971e-04 -2.450672e+00 6.330421e-03 6.779844e-04 9.999797e-01 7.270061e+00
9.999996e-01 -4.311054e-04 8.145813e-04 6.547800e+01 4.311891e-04 9.999999e-01 -1.021541e-04 -2.445754e+00 -8.145370e-04 1.025059e-04 9.999997e-01 5.974519e+00
9.999870e-01 1.129734e-03 -4.974652e-03 6.559751e+01 -1.138250e-03 9.999979e-01 -1.709346e-03 -2.430143e+00 4.972710e-03 1.714985e-03 9.999862e-01 3.917943e+00
9.999979e-01 -2.569781e-04 2.032766e-03 6.566626e+01 2.579487e-04 9.999999e-01 -4.770928e-04 -2.410218e+00 -2.032643e-03 4.776168e-04 9.999978e-01 1.634342e+00
9.999820e-01 9.808833e-04 -5.918784e-03 6.578104e+01 -9.835627e-04 9.999994e-01 -4.497467e-04 -2.402144e+00 5.918340e-03 4.555595e-04 9.999824e-01 3.319071e-01
9.999977e-01 -3.168276e-04 2.118153e-03 6.594322e+01 3.177715e-04 9.999999e-01 -4.451495e-04 -2.398032e+00 -2.118012e-03 4.458222e-04 9.999977e-01 -7.486422e-01
9.999733e-01 1.501646e-03 -7.148012e-03 6.579501e+01 -1.506270e-03 9.999987e-01 -6.414446e-04 -2.389484e+00 7.147039e-03 6.521937e-04 9.999742e-01 -2.316769e+00
9.999989e-01 -3.459723e-04 1.435465e-03 6.555178e+01 3.470986e-04 9.999996e-01 -7.842124e-04 -2.376905e+00 -1.435193e-03 7.847104e-04 9.999987e-01 -4.224361e+00
9.999879e-01 1.068072e-03 -4.797344e-03 6.580039e+01 -1.071504e-03 9.999992e-01 -7.128468e-04 -2.364019e+00 4.796578e-03 7.179780e-04 9.999882e-01 -5.931956e+00
1.000000e+00 -1.892427e-04 -1.452008e-04 6.575838e+01 1.892035e-04 9.999999e-01 -2.724323e-04 -2.357030e+00 1.452525e-04 2.724054e-04 1.000000e+00 -7.306348e+00
9.999758e-01 1.370907e-03 -6.818167e-03 6.539497e+01 -1.374551e-03 9.999989e-01 -5.297221e-04 -2.346946e+00 6.817434e-03 5.390806e-04 9.999766e-01 -8.701631e+00
9.999972e-01 -6.425403e-04 2.284237e-03 6.550774e+01 6.429669e-04 9.999998e-01 -1.858519e-04 -2.342076e+00 -2.284117e-03 1.873207e-04 9.999974e-01 -9.888575e+00
9.999764e-01 9.599028e-04 -6.801549e-03 6.622096e+01 -9.628100e-04 9.999994e-01 -4.241227e-04 -2.341454e+00 6.801138e-03 4.306606e-04 9.999768e-01 -1.072452e+01
9.999994e-01 -8.126194e-04 -6.653990e-04 6.707011e+01 8.128792e-04 9.999996e-01 3.897009e-04 -2.350601e+00 6.650823e-04 -3.902410e-04 9.999997e-01 -1.112252e+01
9.999862e-01 1.108567e-03 -5.135237e-03 6.789486e+01 -1.111811e-03 9.999992e-01 -6.288919e-04 -2.359586e+00 5.134535e-03 6.345920e-04 9.999866e-01 -1.151417e+01
9.999988e-01 -7.113091e-04 1.391693e-03 6.818218e+01 7.116852e-04 9.999997e-01 -2.695181e-04 -2.350610e+00 -1.391501e-03 2.705088e-04 9.999990e-01 -1.276926e+01
9.999829e-01 1.227595e-03 -5.713314e-03 6.830847e+01 -1.230021e-03 9.999992e-01 -4.210302e-04 -2.343644e+00 5.712792e-03 4.280498e-04 9.999836e-01 -1.392949e+01
9.999996e-01 -8.840113e-04 -2.774548e-04 6.904766e+01 8.840453e-04 9.999996e-01 1.208822e-04 -2.348014e+00 2.773480e-04 -1.211268e-04 1.000000e+00 -1.457723e+01
9.999799e-01 1.257746e-03 -6.218892e-03 7.020144e+01 -1.262343e-03 9.999989e-01 -7.353652e-04 -2.371733e+00 6.217960e-03 7.432001e-04 9.999804e-01 -1.487779e+01
9.999995e-01 -9.684456e-04 -2.623513e-06 7.131471e+01 9.684459e-04 9.999995e-01 -3.326725e-05 -2.403759e+00 2.655886e-06 3.326531e-05 1.000000e+00 -1.493456e+01
9.999879e-01 1.223391e-03 -4.769165e-03 7.227882e+01 -1.226864e-03 9.999990e-01 -7.253701e-04 -2.420822e+00 4.768273e-03 7.312118e-04 9.999884e-01 -1.527365e+01
9.999987e-01 -7.713107e-04 1.434575e-03 7.265282e+01 7.712078e-04 9.999997e-01 7.248551e-05 -2.428437e+00 -1.434630e-03 -7.137844e-05 9.999990e-01 -1.577759e+01
9.999797e-01 1.431727e-03 -6.213049e-03 7.272684e+01 -1.434753e-03 9.999989e-01 -4.825269e-04 -2.426608e+00 6.212351e-03 4.914306e-04 9.999806e-01 -1.667664e+01
9.999988e-01 -9.964516e-04 1.215313e-03 7.315742e+01 9.964802e-04 9.999995e-01 -2.262508e-05 -2.423418e+00 -1.215289e-03 2.383670e-05 9.999993e-01 -1.758030e+01
9.999818e-01 1.444022e-03 -5.853774e-03 7.339220e+01 -1.445022e-03 9.999989e-01 -1.666917e-04 -2.422850e+00 5.853526e-03 1.751469e-04 9.999829e-01 -1.827191e+01
9.999996e-01 -8.085051e-04 -2.918998e-04 7.339376e+01 8.085354e-04 9.999997e-01 1.025619e-04 -2.424245e+00 2.918169e-04 -1.027972e-04 1.000000e+00 -1.881983e+01
9.999879e-01 1.120856e-03 -4.786558e-03 7.344771e+01 -1.121437e-03 9.999994e-01 -1.186335e-04 -2.436871e+00 4.786422e-03 1.239993e-04 9.999885e-01 -1.870307e+01
9.999976e-01 -7.686622e-04 2.028802e-03 7.381090e+01 7.722344e-04 9.999982e-01 -1.760345e-03 -2.495713e+00 -2.027445e-03 1.761909e-03 9.999964e-01 -1.678526e+01
9.999845e-01 9.685237e-04 -5.488296e-03 7.427496e+01 -9.703536e-04 9.999995e-01 -3.306972e-04 -2.559524e+00 5.487973e-03 3.360170e-04 9.999849e-01 -1.511222e+01
9.999998e-01 -6.263393e-04 -1.807596e-06 7.451874e+01 6.263399e-04 9.999998e-01 1.194583e-04 -2.558337e+00 1.732915e-06 -1.194588e-04 1.000000e+00 -1.588107e+01
9.999859e-01 1.301188e-03 -5.156522e-03 7.460506e+01 -1.305829e-03 9.999987e-01 -8.966526e-04 -2.553550e+00 5.155348e-03 9.033729e-04 9.999863e-01 -1.707043e+01
9.999981e-01 -9.747157e-04 -1.659782e-03 7.557651e+01 9.757732e-04 9.999993e-01 6.362530e-04 -2.569318e+00 1.659161e-03 -6.378708e-04 9.999984e-01 -1.747897e+01
9.999944e-01 1.333847e-03 -3.078507e-03 7.591420e+01 -1.337607e-03 9.999984e-01 -1.219523e-03 -2.564350e+00 3.076875e-03 1.223633e-03 9.999945e-01 -1.849287e+01
9.999975e-01 -9.215279e-04 -2.053314e-03 7.635446e+01 9.224765e-04 9.999995e-01 4.609130e-04 -2.557719e+00 2.052889e-03 -4.628053e-04 9.999978e-01 -1.968299e+01
9.999939e-01 1.204830e-03 -3.275859e-03 7.740368e+01 -1.208127e-03 9.999988e-01 -1.004557e-03 -2.561577e+00 3.274645e-03 1.008508e-03 9.999941e-01 -2.038260e+01
9.999990e-01 -1.250770e-03 -6.227525e-04 7.790110e+01 1.251196e-03 9.999990e-01 6.836419e-04 -2.571691e+00 6.218969e-04 -6.844198e-04 9.999996e-01 -2.055608e+01
9.999873e-01 1.427491e-03 -4.832891e-03 7.854408e+01 -1.432756e-03 9.999984e-01 -1.086072e-03 -2.597028e+00 4.831332e-03 1.092982e-03 9.999877e-01 -2.043843e+01
9.999899e-01 -1.195591e-03 -4.340935e-03 7.999015e+01 1.197618e-03 9.999992e-01 4.643244e-04 -2.637490e+00 4.340377e-03 -4.695179e-04 9.999905e-01 -2.042766e+01
9.999946e-01 1.550672e-03 -2.886082e-03 8.111247e+01 -1.555135e-03 9.999976e-01 -1.544605e-03 -2.694420e+00 2.883680e-03 1.549084e-03 9.999946e-01 -1.975926e+01
9.999992e-01 -8.359616e-04 -9.545273e-04 8.168498e+01 8.358137e-04 9.999996e-01 -1.556658e-04 -2.760851e+00 9.546572e-04 1.548685e-04 9.999995e-01 -1.820221e+01
9.999993e-01 1.031656e-03 -6.125140e-04 8.196765e+01 -1.033018e-03 9.999970e-01 -2.226326e-03 -2.821432e+00 6.102152e-04 2.226956e-03 9.999973e-01 -1.619814e+01
9.999898e-01 -9.214486e-04 -4.428089e-03 8.202376e+01 9.304969e-04 9.999975e-01 2.041682e-03 -2.828902e+00 4.426196e-03 -2.045781e-03 9.999881e-01 -1.585671e+01
9.999983e-01 1.333870e-03 -1.306915e-03 8.215742e+01 -1.336945e-03 9.999963e-01 -2.355185e-03 -2.823807e+00 1.303769e-03 2.356928e-03 9.999964e-01 -1.683063e+01
9.999856e-01 -1.140067e-03 -5.237104e-03 8.307090e+01 1.151592e-03 9.999969e-01 2.198185e-03 -2.824516e+00 5.234582e-03 -2.204184e-03 9.999839e-01 -1.761737e+01
9.999965e-01 1.363478e-03 -2.282110e-03 8.418007e+01 -1.369197e-03 9.999959e-01 -2.506237e-03 -2.845924e+00 2.278684e-03 2.509352e-03 9.999943e-01 -1.780556e+01
9.999857e-01 -9.676559e-04 -5.255666e-03 8.555583e+01 9.766425e-04 9.999981e-01 1.707508e-03 -2.870615e+00 5.254003e-03 -1.712616e-03 9.999847e-01 -1.819810e+01
9.999989e-01 1.223693e-03 -8.722365e-04 8.700558e+01 -1.226223e-03 9.999950e-01 -2.905437e-03 -2.873467e+00 8.686766e-04 2.906503e-03 9.999954e-01 -1.914874e+01
9.999940e-01 -1.028177e-03 -3.295742e-03 8.808245e+01 1.033584e-03 9.999981e-01 1.639240e-03 -2.866381e+00 3.294051e-03 -1.642636e-03 9.999932e-01 -2.031410e+01
9.999978e-01 1.615745e-03 -1.333425e-03 8.826146e+01 -1.619051e-03 9.999956e-01 -2.481133e-03 -2.859747e+00 1.329410e-03 2.483286e-03 9.999960e-01 -2.156556e+01
9.999889e-01 -1.279594e-03 -4.533341e-03 8.947922e+01 1.287603e-03 9.999976e-01 1.764057e-03 -2.871065e+00 4.531073e-03 -1.769874e-03 9.999882e-01 -2.217195e+01
9.999960e-01 1.651109e-03 -2.292679e-03 9.070504e+01 -1.657024e-03 9.999953e-01 -2.580199e-03 -2.899333e+00 2.288408e-03 2.583988e-03 9.999940e-01 -2.237921e+01
9.999950e-01 -1.255359e-03 -2.891785e-03 9.180874e+01 1.260250e-03 9.999978e-01 1.690060e-03 -2.922667e+00 2.889657e-03 -1.693695e-03 9.999944e-01 -2.258923e+01
9.999976e-01 1.817745e-03 -1.241046e-03 9.274510e+01 -1.821260e-03 9.999943e-01 -2.836794e-03 -2.946756e+00 1.235883e-03 2.839047e-03 9.999952e-01 -2.247122e+01
9.999956e-01 -1.562510e-03 -2.510180e-03 9.294886e+01 1.567209e-03 9.999970e-01 1.870884e-03 -2.985991e+00 2.507249e-03 -1.874809e-03 9.999951e-01 -2.117622e+01
9.999977e-01 1.699013e-03 -1.309729e-03 9.310838e+01 -1.702978e-03 9.999940e-01 -3.031242e-03 -3.021999e+00 1.304570e-03 3.033465e-03 9.999945e-01 -1.995061e+01
9.999903e-01 -1.326975e-03 -4.206256e-03 9.316919e+01 1.336768e-03 9.999964e-01 2.326219e-03 -3.010611e+00 4.203154e-03 -2.331819e-03 9.999884e-01 -2.120698e+01
9.999979e-01 1.695683e-03 -1.137176e-03 9.330371e+01 -1.698824e-03 9.999947e-01 -2.766298e-03 -3.005058e+00 1.132479e-03 2.768224e-03 9.999955e-01 -2.229522e+01
9.999816e-01 -1.406801e-03 -5.903477e-03 9.448359e+01 1.419791e-03 9.999966e-01 2.196715e-03 -3.034206e+00 5.900367e-03 -2.205056e-03 9.999802e-01 -2.248368e+01
9.999880e-01 1.675292e-03 -4.603786e-03 9.669988e+01 -1.693252e-03 9.999910e-01 -3.899824e-03 -3.096513e+00 4.597211e-03 3.907572e-03 9.999818e-01 -2.242230e+01
9.999862e-01 -1.640988e-03 -4.998801e-03 9.867554e+01 1.652504e-03 9.999960e-01 2.300425e-03 -3.160157e+00 4.995006e-03 -2.308653e-03 9.999849e-01 -2.210130e+01
9.999959e-01 2.536126e-03 1.315402e-03 9.945345e+01 -2.530306e-03 9.999871e-01 -4.407377e-03 -3.238946e+00 -1.326562e-03 4.404031e-03 9.999894e-01 -2.036241e+01
9.999781e-01 -2.304042e-03 -6.197031e-03 1.002501e+02 2.318897e-03 9.999945e-01 2.390819e-03 -3.317790e+00 6.191488e-03 -2.405137e-03 9.999779e-01 -1.880947e+01
9.999895e-01 2.543241e-03 -3.820288e-03 1.024570e+02 -2.558964e-03 9.999883e-01 -4.116278e-03 -3.369937e+00 3.809774e-03 4.126010e-03 9.999842e-01 -1.884087e+01
9.999840e-01 -2.276505e-03 -5.182631e-03 1.040603e+02 2.292667e-03 9.999925e-01 3.114639e-03 -3.403121e+00 5.175502e-03 -3.126471e-03 9.999817e-01 -1.905988e+01
9.999934e-01 2.665874e-03 -2.463714e-03 1.053617e+02 -2.675087e-03 9.999894e-01 -3.743481e-03 -3.431437e+00 2.453708e-03 3.750047e-03 9.999900e-01 -1.916464e+01
9.999801e-01 -2.121991e-03 -5.937453e-03 1.069004e+02 2.135831e-03 9.999950e-01 2.325471e-03 -3.477908e+00 5.932489e-03 -2.338106e-03 9.999797e-01 -1.889448e+01
9.999921e-01 2.697874e-03 -2.924492e-03 1.086256e+02 -2.708451e-03 9.999898e-01 -3.618907e-03 -3.527446e+00 2.914699e-03 3.626798e-03 9.999892e-01 -1.875140e+01
9.999745e-01 -2.390850e-03 -6.731081e-03 1.106257e+02 2.405142e-03 9.999949e-01 2.115885e-03 -3.584605e+00 6.725988e-03 -2.132020e-03 9.999751e-01 -1.859847e+01
9.999941e-01 2.725467e-03 2.085837e-03 1.114694e+02 -2.719252e-03 9.999919e-01 -2.976612e-03 -3.603804e+00 -2.093933e-03 2.970922e-03 9.999934e-01 -1.877586e+01
9.999672e-01 -2.314744e-03 -7.755551e-03 1.123176e+02 2.334379e-03 9.999941e-01 2.523586e-03 -3.628228e+00 7.749663e-03 -2.541607e-03 9.999667e-01 -1.889784e+01
9.999958e-01 2.775642e-03 -7.952353e-04 1.138052e+02 -2.778613e-03 9.999891e-01 -3.759170e-03 -3.685367e+00 7.847924e-04 3.761364e-03 9.999926e-01 -1.841272e+01
9.999729e-01 -2.348444e-03 -6.975203e-03 1.150286e+02 2.369206e-03 9.999928e-01 2.969658e-03 -3.728008e+00 6.968178e-03 -2.986103e-03 9.999713e-01 -1.816325e+01
9.999960e-01 2.801098e-03 4.415088e-04 1.162852e+02 -2.799083e-03 9.999860e-01 -4.501359e-03 -3.789303e+00 -4.541114e-04 4.500105e-03 9.999898e-01 -1.737612e+01
9.999727e-01 -1.843958e-03 -7.150173e-03 1.178524e+02 1.855942e-03 9.999969e-01 1.669676e-03 -3.886570e+00 7.147072e-03 -1.682900e-03 9.999730e-01 -1.568066e+01
9.999856e-01 2.803442e-03 -4.582711e-03 1.204914e+02 -2.824058e-03 9.999859e-01 -4.498268e-03 -3.982545e+00 4.570035e-03 4.511145e-03 9.999794e-01 -1.470100e+01
9.999825e-01 -1.704241e-03 -5.660833e-03 1.231733e+02 1.710539e-03 9.999979e-01 1.107870e-03 -4.085856e+00 5.658934e-03 -1.117533e-03 9.999834e-01 -1.343076e+01
9.999919e-01 2.835911e-03 -2.844666e-03 1.255168e+02 -2.849544e-03 9.999844e-01 -4.799730e-03 -4.201755e+00 2.831010e-03 4.807796e-03 9.999844e-01 -1.164682e+01
9.999979e-01 -1.764651e-03 -1.004074e-03 1.265074e+02 1.766045e-03 9.999975e-01 1.388374e-03 -4.288480e+00 1.001621e-03 -1.390144e-03 9.999985e-01 -9.469756e+00
9.999375e-01 2.725912e-03 -1.084253e-02 1.288361e+02 -2.763119e-03 9.999903e-01 -3.418059e-03 -4.375288e+00 1.083311e-02 3.447804e-03 9.999354e-01 -8.643442e+00
9.999956e-01 -2.014980e-03 -2.190903e-03 1.323073e+02 2.015498e-03 9.999979e-01 2.336140e-04 -4.466560e+00 2.190427e-03 -2.380282e-04 9.999976e-01 -8.274578e+00
9.999809e-01 2.623118e-03 -5.593936e-03 1.341882e+02 -2.634167e-03 9.999946e-01 -1.968562e-03 -4.518157e+00 5.588742e-03 1.983259e-03 9.999824e-01 -8.053765e+00
9.999987e-01 -1.631642e-03 -1.090749e-04 1.351396e+02 1.631741e-03 9.999983e-01 9.098635e-04 -4.552651e+00 1.075902e-04 -9.100397e-04 9.999996e-01 -7.886810e+00
9.999839e-01 2.034037e-03 -5.298849e-03 1.360080e+02 -2.044222e-03 9.999961e-01 -1.917398e-03 -4.592766e+00 5.294928e-03 1.928199e-03 9.999841e-01 -7.392030e+00
9.999963e-01 -1.454839e-03 -2.306452e-03 1.372747e+02 1.456901e-03 9.999985e-01 8.923287e-04 -4.629591e+00 2.305150e-03 -8.956851e-04 9.999969e-01 -7.389145e+00
9.999894e-01 1.802912e-03 -4.241960e-03 1.382737e+02 -1.809840e-03 9.999970e-01 -1.629836e-03 -4.650504e+00 4.239009e-03 1.637496e-03 9.999897e-01 -7.611042e+00
9.999989e-01 -1.505411e-03 -1.022405e-04 1.385941e+02 1.505551e-03 9.999979e-01 1.385856e-03 -4.656599e+00 1.001540e-04 -1.386008e-03 9.999990e-01 -8.067608e+00
9.999827e-01 1.904722e-03 -5.569419e-03 1.393720e+02 -1.915441e-03 9.999963e-01 -1.919757e-03 -4.689933e+00 5.565742e-03 1.930391e-03 9.999826e-01 -7.781340e+00
9.999985e-01 -1.625625e-03 5.998425e-04 1.400578e+02 1.625068e-03 9.999982e-01 9.279741e-04 -4.730896e+00 -6.013500e-04 -9.269975e-04 9.999994e-01 -7.039639e+00
9.999686e-01 2.117299e-03 -7.632220e-03 1.412612e+02 -2.133409e-03 9.999955e-01 -2.103321e-03 -4.783534e+00 7.627733e-03 2.119537e-03 9.999687e-01 -6.448104e+00
9.999984e-01 -1.751154e-03 2.108631e-04 1.427980e+02 1.751021e-03 9.999983e-01 6.357029e-04 -4.839553e+00 -2.119760e-04 -6.353322e-04 9.999998e-01 -6.005164e+00
9.999689e-01 2.195009e-03 -7.575085e-03 1.441005e+02 -2.207883e-03 9.999961e-01 -1.691478e-03 -4.880745e+00 7.571343e-03 1.708150e-03 9.999699e-01 -5.829034e+00
