9.999774e-01 7.237647e-05 -6.720103e-03 1.508987e-01 -6.867568e-05 9.999998e-01 5.509375e-04 -1.031718e-02 6.720141e-03 -5.504643e-04 9.999773e-01 2.070169e-01
1.000000e+00 1.770846e-04 -2.002321e-04 5.396875e-01 -1.771159e-04 1.000000e+00 -1.564546e-04 -2.696099e-02 2.002047e-04 1.564908e-04 1.000000e+00 2.924080e-01
9.999719e-01 6.258399e-05 -7.502534e-03 9.153292e-01 -5.757798e-05 9.999998e-01 6.674603e-04 -4.015217e-02 7.502574e-03 -6.670103e-04 9.999716e-01 3.898202e-01
9.999985e-01 2.180523e-05 1.706951e-03 8.298183e-01 -2.085316e-05 9.999998e-01 -5.577585e-04 -4.794832e-02 -1.706963e-03 5.577228e-04 9.999984e-01 1.028728e+00
9.999617e-01 2.003134e-04 -8.754165e-03 5.268871e-01 -1.929926e-04 9.999996e-01 8.371063e-04 -3.479380e-02 8.754329e-03 -8.353854e-04 9.999613e-01 1.409957e+00
9.999931e-01 -4.267501e-05 3.715191e-03 4.361966e-01 4.598128e-05 9.999996e-01 -8.898403e-04 -4.111709e-02 -3.715151e-03 8.900057e-04 9.999927e-01 2.079005e+00
9.999703e-01 3.842840e-05 -7.701863e-03 4.033214e-01 -3.749762e-05 1.000000e+00 1.210000e-04 -5.942893e-02 7.701867e-03 -1.207083e-04 9.999703e-01 3.107732e+00
9.999993e-01 1.566673e-04 1.134349e-03 1.885340e-01 -1.567038e-04 1.000000e+00 3.209784e-05 -5.918066e-02 -1.134343e-03 -3.227486e-05 9.999994e-01 3.496663e+00
9.999775e-01 -2.533177e-05 -6.709534e-03 1.417578e-01 2.637124e-05 1.000000e+00 1.548426e-04 -6.854917e-02 6.709529e-03 -1.550167e-04 9.999775e-01 3.966007e+00
9.999986e-01 1.372801e-04 1.651750e-03 1.508523e-01 -1.371964e-04 1.000000e+00 -5.078485e-05 -8.253469e-02 -1.651757e-03 5.055888e-05 9.999986e-01 4.496723e+00
9.999676e-01 2.537348e-05 -8.049440e-03 3.104645e-01 -2.370302e-05 1.000000e+00 2.076259e-04 -9.775026e-02 8.049445e-03 -2.074290e-04 9.999676e-01 4.907430e+00
9.999984e-01 -6.912882e-06 1.767521e-03 4.139287e-01 6.743557e-06 1.000000e+00 9.583247e-05 -1.003344e-01 -1.767521e-03 -9.581969e-05 9.999984e-01 5.177655e+00
9.999648e-01 1.165993e-04 -8.393470e-03 5.844123e-01 -1.142514e-04 1.000000e+00 2.802137e-04 -1.134036e-01 8.393502e-03 -2.792456e-04 9.999647e-01 5.502126e+00
1.000000e+00 1.163692e-04 -1.132190e-04 1.221455e+00 -1.163780e-04 1.000000e+00 -7.859242e-05 -1.304392e-01 1.132102e-04 7.860630e-05 1.000000e+00 5.539224e+00
9.999603e-01 2.460540e-06 -8.914716e-03 2.005269e+00 1.964127e-07 1.000000e+00 2.980465e-04 -1.470508e-01 8.914716e-03 -2.980371e-04 9.999602e-01 5.581140e+00
9.999998e-01 9.050832e-05 6.051317e-04 2.649131e+00 -9.029729e-05 9.999999e-01 -3.486606e-04 -1.652896e-01 -6.051628e-04 3.486066e-04 9.999998e-01 5.985767e+00
9.999584e-01 -4.466870e-06 -9.123893e-03 3.316183e+00 5.020325e-06 1.000000e+00 6.064376e-05 -1.850381e-01 9.123892e-03 -6.068775e-05 9.999584e-01 6.328497e+00
9.999967e-01 8.748234e-05 2.553837e-03 3.878795e+00 -8.749144e-05 1.000000e+00 3.477085e-06 -2.066623e-01 -2.553837e-03 -3.699803e-06 9.999967e-01 6.509210e+00
9.999464e-01 7.989400e-05 -1.035203e-02 4.444141e+00 -7.777811e-05 1.000000e+00 2.048030e-04 -2.289707e-01 1.035204e-02 -2.039875e-04 9.999464e-01 6.634701e+00
9.999986e-01 1.834887e-04 1.689765e-03 5.201539e+00 -1.833120e-04 1.000000e+00 -1.046614e-04 -2.490663e-01 -1.689784e-03 1.043522e-04 9.999986e-01 6.643505e+00
9.999514e-01 -8.066844e-07 -9.853858e-03 6.322925e+00 6.614922e-07 1.000000e+00 -1.473054e-05 -2.748318e-01 9.853857e-03 1.472259e-05 9.999514e-01 6.539437e+00
9.999994e-01 1.224318e-04 1.042289e-03 7.220474e+00 -1.224607e-04 1.000000e+00 2.775863e-05 -3.015924e-01 -1.042285e-03 -2.788555e-05 9.999995e-01 6.528759e+00
9.999445e-01 9.691823e-05 -1.053729e-02 8.315513e+00 -9.882300e-05 1.000000e+00 -1.802367e-04 -3.298784e-01 1.053727e-02 1.812674e-04 9.999445e-01 6.518338e+00
9.999940e-01 -2.554493e-05 3.473543e-03 9.085066e+00 2.451044e-05 1.000000e+00 2.978870e-04 -3.453173e-01 -3.473550e-03 -2.977993e-04 9.999939e-01 6.288658e+00
9.999263e-01 2.275837e-04 -1.213818e-02 9.902202e+00 -2.295217e-04 1.000000e+00 -1.582656e-04 -3.681839e-01 1.213814e-02 1.610392e-04 9.999263e-01 6.368534e+00
9.999896e-01 -1.581428e-04 4.548376e-03 1.059363e+01 1.565573e-04 9.999999e-01 3.489555e-04 -3.865688e-01 -4.548431e-03 -3.482391e-04 9.999896e-01 6.388180e+00
9.999497e-01 2.650873e-04 -1.002293e-02 1.094786e+01 -2.691878e-04 9.999999e-01 -4.077570e-04 -3.849808e-01 1.002282e-02 4.104339e-04 9.999497e-01 5.688891e+00
9.999922e-01 -2.528711e-04 3.948350e-03 1.147874e+01 2.509693e-04 9.999999e-01 4.821922e-04 -3.903232e-01 -3.948471e-03 -4.811968e-04 9.999921e-01 5.266643e+00
9.999171e-01 4.478272e-04 -1.286996e-02 1.234007e+01 -4.518241e-04 9.999999e-01 -3.076508e-04 -4.130379e-01 1.286982e-02 3.134396e-04 9.999171e-01 5.262645e+00
9.999873e-01 -2.613715e-04 5.028081e-03 1.305376e+01 2.587930e-04 9.999998e-01 5.134781e-04 -4.328771e-01 -5.028214e-03 -5.121697e-04 9.999872e-01 5.336138e+00
9.999279e-01 2.334059e-04 -1.200331e-02 1.321488e+01 -2.325572e-04 1.000000e+00 7.210317e-05 -4.309050e-01 1.200332e-02 -6.930722e-05 9.999280e-01 5.323180e+00
9.999892e-01 -7.408407e-05 4.654169e-03 1.353946e+01 7.168712e-05 9.999999e-01 5.151982e-04 -4.418267e-01 -4.654206e-03 -5.148583e-04 9.999890e-01 5.358827e+00
9.999437e-01 5.077405e-05 -1.061309e-02 1.394564e+01 -5.258725e-05 1.000000e+00 -1.705566e-04 -4.474615e-01 1.061308e-02 1.711044e-04 9.999437e-01 5.174118e+00
9.999854e-01 2.263776e-04 5.401491e-03 1.406442e+01 -2.244927e-04 9.999999e-01 -3.495447e-04 -4.425524e-01 -5.401569e-03 3.483277e-04 9.999854e-01 4.174738e+00
9.999324e-01 -1.889156e-04 -1.162685e-02 1.418577e+01 1.962357e-04 9.999998e-01 6.284538e-04 -4.442834e-01 1.162673e-02 -6.306936e-04 9.999322e-01 3.830052e+00
9.999899e-01 3.339450e-04 4.487046e-03 1.407029e+01 -3.328015e-04 9.999999e-01 -2.555531e-04 -4.437235e-01 -4.487130e-03 2.540579e-04 9.999899e-01 3.685983e+00
9.999312e-01 2.412996e-04 -1.172683e-02 1.384495e+01 -2.384682e-04 9.999999e-01 2.428568e-04 -4.380774e-01 1.172689e-02 -2.400443e-04 9.999312e-01 3.022589e+00
9.999929e-01 1.246255e-04 3.778416e-03 1.358959e+01 -1.253275e-04 1.000000e+00 1.855827e-04 -4.308914e-01 -3.778392e-03 -1.860542e-04 9.999928e-01 2.865788e+00
9.999158e-01 1.978820e-04 -1.297441e-02 1.306031e+01 -1.976387e-04 1.000000e+00 2.004377e-05 -4.052495e-01 1.297441e-02 -1.747854e-05 9.999158e-01 3.064869e+00
9.999825e-01 3.688663e-04 5.911096e-03 1.297390e+01 -3.692346e-04 9.999999e-01 6.123424e-05 -4.080067e-01 -5.911073e-03 -6.341505e-05 9.999825e-01 2.397593e+00
9.999325e-01 -3.444158e-04 -1.161657e-02 1.332354e+01 3.433966e-04 9.999999e-01 -8.972118e-05 -4.092990e-01 1.161660e-02 8.572533e-05 9.999325e-01 1.911782e+00
9.999825e-01 3.603647e-04 5.910370e-03 1.364328e+01 -3.610991e-04 9.999999e-01 1.232135e-04 -4.103230e-01 -5.910325e-03 -1.253449e-04 9.999825e-01 1.386808e+00
9.999232e-01 1.128701e-04 -1.239257e-02 1.353607e+01 -1.170479e-04 9.999999e-01 -3.363892e-04 -4.073192e-01 1.239253e-02 3.378132e-04 9.999232e-01 6.401499e-01
9.999882e-01 4.724386e-05 4.867927e-03 1.344888e+01 -5.202412e-05 9.999995e-01 9.818981e-04 -4.042780e-01 -4.867878e-03 -9.821390e-04 9.999877e-01 6.107361e-01
9.999218e-01 9.933775e-05 -1.250581e-02 1.316708e+01 -1.057677e-04 9.999999e-01 -5.134878e-04 -3.986151e-01 1.250576e-02 5.147696e-04 9.999217e-01 5.497515e-01
9.999824e-01 -3.611306e-05 5.931130e-03 1.311070e+01 3.005918e-05 9.999995e-01 1.020805e-03 -4.021920e-01 -5.931164e-03 -1.020608e-03 9.999819e-01 8.631381e-01
9.998792e-01 3.963375e-04 -1.553674e-02 1.251326e+01 -4.062521e-04 9.999997e-01 -6.349762e-04 -3.844635e-01 1.553648e-02 6.412107e-04 9.998791e-01 8.269719e-01
9.999915e-01 3.077919e-05 4.120284e-03 1.164117e+01 -3.458108e-05 9.999996e-01 9.226915e-04 -3.531448e-01 -4.120254e-03 -9.228255e-04 9.999911e-01 7.617614e-01
9.999156e-01 3.543282e-04 -1.298874e-02 1.118664e+01 -3.618243e-04 9.999998e-01 -5.747626e-04 -3.383352e-01 1.298854e-02 5.794130e-04 9.999155e-01 6.386427e-01
9.999953e-01 1.101358e-04 3.060307e-03 1.053588e+01 -1.129288e-04 9.999996e-01 9.125558e-04 -3.164106e-01 -3.060205e-03 -9.128964e-04 9.999949e-01 4.983942e-01
9.999242e-01 5.005567e-04 -1.230570e-02 9.944494e+00 -5.115453e-04 9.999995e-01 -8.898278e-04 -2.958716e-01 1.230525e-02 8.960545e-04 9.999239e-01 6.374098e-02
9.999934e-01 -2.895648e-05 3.636291e-03 9.488270e+00 2.594888e-05 9.999997e-01 8.271926e-04 -2.775615e-01 -3.636313e-03 -8.270921e-04 9.999930e-01 -4.116527e-01
9.999324e-01 2.669205e-04 -1.162811e-02 9.133405e+00 -2.720388e-04 9.999999e-01 -4.385744e-04 -2.681203e-01 1.162799e-02 4.417073e-04 9.999323e-01 -4.396449e-01
9.999852e-01 -2.052594e-04 5.430809e-03 9.032599e+00 2.006695e-04 9.999996e-01 8.457163e-04 -2.671404e-01 -5.430980e-03 -8.446133e-04 9.999849e-01 -8.701538e-02
9.999300e-01 4.713589e-04 -1.182090e-02 9.396685e+00 -4.822910e-04 9.999995e-01 -9.219619e-04 -2.902978e-01 1.182046e-02 9.275978e-04 9.999297e-01 3.667637e-01
9.999801e-01 -4.598736e-04 6.295989e-03 9.481367e+00 4.531779e-04 9.999993e-01 1.064886e-03 -2.938888e-01 -6.296474e-03 -1.062011e-03 9.999796e-01 7.022810e-01
9.998581e-01 8.817493e-04 -1.682515e-02 8.713983e+00 -8.963884e-04 9.999992e-01 -8.625414e-04 -2.678278e-01 1.682437e-02 8.775002e-04 9.998581e-01 6.015609e-01
9.999831e-01 -4.412402e-04 5.798660e-03 7.903575e+00 4.339160e-04 9.999991e-01 1.264315e-03 -2.393403e-01 -5.799212e-03 -1.261777e-03 9.999824e-01 5.490553e-01
9.999159e-01 6.456543e-04 -1.295029e-02 7.922324e+00 -6.538485e-04 9.999996e-01 -6.284985e-04 -2.395639e-01 1.294988e-02 6.369125e-04 9.999159e-01 6.669484e-01
9.999857e-01 -4.028582e-04 5.338346e-03 8.465435e+00 3.989361e-04 9.999996e-01 7.357769e-04 -2.624593e-01 -5.338640e-03 -7.336360e-04 9.999855e-01 8.186616e-01
9.999152e-01 7.540478e-04 -1.299735e-02 9.051980e+00 -7.637337e-04 9.999994e-01 -7.402589e-04 -2.874493e-01 1.299678e-02 7.501220e-04 9.999153e-01 1.114753e+00
9.999776e-01 -6.716749e-04 6.663817e-03 9.284372e+00 6.658374e-04 9.999994e-01 8.782218e-04 -3.019668e-01 -6.664403e-03 -8.737644e-04 9.999774e-01 1.476476e+00
9.999033e-01 8.657648e-04 -1.388144e-02 9.028539e+00 -8.708249e-04 9.999996e-01 -3.584679e-04 -2.905099e-01 1.388112e-02 3.705208e-04 9.999036e-01 1.740473e+00
9.999639e-01 -8.275189e-04 8.451389e-03 8.970412e+00 8.231566e-04 9.999995e-01 5.196476e-04 -2.883553e-01 -8.451814e-03 -5.126714e-04 9.999642e-01 2.153642e+00
9.998973e-01 1.015467e-03 -1.429238e-02 9.344111e+00 -1.023932e-03 9.999993e-01 -5.849445e-04 -3.060200e-01 1.429178e-02 5.995182e-04 9.998977e-01 2.301335e+00
9.999741e-01 -5.257914e-04 7.179781e-03 9.774026e+00 5.187835e-04 9.999994e-01 9.779210e-04 -3.261054e-01 -7.180290e-03 -9.741702e-04 9.999737e-01 2.425644e+00
9.998921e-01 9.256391e-04 -1.466341e-02 9.667706e+00 -9.337408e-04 9.999994e-01 -5.456594e-04 -3.232013e-01 1.466290e-02 5.592916e-04 9.998923e-01 2.590198e+00
9.999749e-01 -5.435084e-04 7.071164e-03 1.009569e+01 5.369587e-04 9.999994e-01 9.281501e-04 -3.447545e-01 -7.071664e-03 -9.243292e-04 9.999746e-01 2.775480e+00
9.999107e-01 6.741844e-04 -1.334350e-02 1.000105e+01 -6.840041e-04 9.999995e-01 -7.313529e-04 -3.467990e-01 1.334300e-02 7.404139e-04 9.999107e-01 3.294535e+00
9.999795e-01 -6.177673e-04 6.378760e-03 9.866855e+00 6.124920e-04 9.999995e-01 8.289591e-04 -3.373083e-01 -6.379268e-03 -8.250345e-04 9.999793e-01 3.793174e+00
9.999010e-01 8.412442e-04 -1.404677e-02 9.771880e+00 -8.470212e-04 9.999996e-01 -4.053044e-04 -3.301091e-01 1.404642e-02 4.171615e-04 9.999013e-01 4.122042e+00
9.999856e-01 -4.516921e-04 5.343234e-03 9.317721e+00 4.470462e-04 9.999995e-01 8.706962e-04 -3.125957e-01 -5.343624e-03 -8.682943e-04 9.999853e-01 4.241414e+00
9.999163e-01 5.932828e-04 -1.292715e-02 9.176427e+00 -5.966982e-04 9.999998e-01 -2.603274e-04 -3.064134e-01 1.292700e-02 2.680186e-04 9.999164e-01 4.251467e+00
9.999843e-01 -5.437682e-04 5.577687e-03 9.298041e+00 5.390026e-04 9.999995e-01 8.559150e-04 -3.109514e-01 -5.578149e-03 -8.528945e-04 9.999841e-01 4.378738e+00
9.998972e-01 8.858839e-04 -1.430797e-02 8.979798e+00 -8.914018e-04 9.999995e-01 -3.792606e-04 -3.009005e-01 1.430763e-02 3.919751e-04 9.998976e-01 4.271503e+00
9.999888e-01 -4.431152e-04 4.722273e-03 8.421241e+00 4.391980e-04 9.999996e-01 8.305541e-04 -2.826153e-01 -4.722639e-03 -8.284701e-04 9.999885e-01 4.222449e+00
9.998991e-01 8.008330e-04 -1.418028e-02 7.885859e+00 -8.068143e-04 9.999996e-01 -4.160684e-04 -2.660775e-01 1.417994e-02 4.274666e-04 9.998994e-01 4.164455e+00
9.999820e-01 -3.919960e-04 5.980538e-03 7.596660e+00 3.867802e-04 9.999995e-01 8.733011e-04 -2.564281e-01 -5.980878e-03 -8.709715e-04 9.999817e-01 4.005302e+00
9.999413e-01 2.184409e-04 -1.082971e-02 7.704019e+00 -2.278487e-04 9.999996e-01 -8.674606e-04 -2.626297e-01 1.082951e-02 8.698765e-04 9.999410e-01 4.236978e+00
9.999858e-01 -2.647792e-04 5.331596e-03 7.588088e+00 2.613243e-04 9.999998e-01 6.487320e-04 -2.675944e-01 -5.331767e-03 -6.473288e-04 9.999856e-01 4.967932e+00
9.999286e-01 2.937038e-04 -1.194697e-02 7.455856e+00 -2.980961e-04 9.999999e-01 -3.658571e-04 -2.612959e-01 1.194686e-02 3.693917e-04 9.999286e-01 5.411164e+00
9.999843e-01 -2.812861e-04 5.594015e-03 7.276816e+00 2.779997e-04 9.999998e-01 5.883006e-04 -2.549769e-01 -5.594179e-03 -5.867356e-04 9.999842e-01 5.946408e+00
9.999193e-01 4.222892e-04 -1.269711e-02 7.196506e+00 -4.287297e-04 9.999998e-01 -5.045081e-04 -2.466164e-01 1.269690e-02 5.099103e-04 9.999193e-01 6.510128e+00
9.999882e-01 -3.423949e-04 4.854074e-03 6.911199e+00 3.391374e-04 9.999997e-01 6.719406e-04 -2.237730e-01 -4.854302e-03 -6.702858e-04 9.999880e-01 7.096483e+00
9.999222e-01 5.479467e-04 -1.245860e-02 6.805828e+00 -5.509563e-04 9.999998e-01 -2.381179e-04 -2.157555e-01 1.245846e-02 2.449629e-04 9.999224e-01 7.300375e+00
9.999986e-01 -1.866184e-05 1.665095e-03 6.037003e+00 1.769147e-05 9.999998e-01 5.829320e-04 -1.929395e-01 -1.665105e-03 -5.829011e-04 9.999984e-01 7.122825e+00
9.999297e-01 4.102250e-04 -1.184713e-02 5.287034e+00 -4.128673e-04 9.999999e-01 -2.205631e-04 -1.589314e-01 1.184704e-02 2.254382e-04 9.999298e-01 7.272663e+00
9.999989e-01 -6.318712e-05 1.451908e-03 4.512880e+00 6.249045e-05 9.999999e-01 4.800416e-04 -1.225722e-01 -1.451938e-03 -4.799497e-04 9.999988e-01 7.413443e+00
9.999237e-01 4.396775e-04 -1.234348e-02 3.709977e+00 -4.431942e-04 9.999999e-01 -2.821483e-04 -9.452620e-02 1.234335e-02 2.875967e-04 9.999238e-01 7.246886e+00
9.999957e-01 -1.570511e-04 2.926051e-03 3.168103e+00 1.553639e-04 9.999998e-01 5.768879e-04 -7.850487e-02 -2.926141e-03 -5.764301e-04 9.999956e-01 7.087184e+00
9.999485e-01 1.724463e-04 -1.015055e-02 3.130321e+00 -1.729670e-04 1.000000e+00 -5.039382e-05 -7.546262e-02 1.015055e-02 5.214627e-05 9.999485e-01 7.352243e+00
9.999946e-01 -5.186859e-05 3.286759e-03 3.289739e+00 5.120687e-05 1.000000e+00 2.014931e-04 -8.252075e-02 -3.286770e-03 -2.013230e-04 9.999946e-01 7.700555e+00
9.999551e-01 2.835661e-04 -9.472073e-03 3.282996e+00 -2.813557e-04 9.999999e-01 2.347141e-04 -8.793381e-02 9.472138e-03 -2.320392e-04 9.999551e-01 7.952357e+00
9.999981e-01 -9.767798e-05 1.935001e-03 2.988662e+00 9.725158e-05 1.000000e+00 2.205936e-04 -8.250417e-02 -1.935023e-03 -2.204043e-04 9.999981e-01 8.001533e+00
9.999587e-01 3.459221e-04 -9.079803e-03 2.776530e+00 -3.450687e-04 9.999999e-01 9.559352e-05 -7.688810e-02 9.079835e-03 -9.245709e-05 9.999588e-01 7.843972e+00
9.999980e-01 -5.350579e-05 2.000207e-03 2.673523e+00 5.304013e-05 1.000000e+00 2.329945e-04 -7.333025e-02 -2.000219e-03 -2.328873e-04 9.999980e-01 7.494155e+00
9.999581e-01 2.834290e-04 -9.153394e-03 2.609417e+00 -2.815885e-04 9.999999e-01 2.023892e-04 -7.252247e-02 9.153451e-03 -1.998039e-04 9.999581e-01 7.245478e+00
9.999992e-01 -7.681356e-05 1.278281e-03 2.495007e+00 7.614053e-05 9.999999e-01 5.267702e-04 -6.935617e-02 -1.278321e-03 -5.266718e-04 9.999990e-01 7.306261e+00
9.999717e-01 1.815581e-04 -7.526160e-03 2.605880e+00 -1.818654e-04 1.000000e+00 -4.011437e-05 -7.743811e-02 7.526152e-03 4.148132e-05 9.999717e-01 7.531727e+00
9.999991e-01 -8.178251e-05 1.345214e-03 2.813080e+00 8.113293e-05 9.999999e-01 4.831403e-04 -9.100652e-02 -1.345253e-03 -4.830301e-04 9.999990e-01 7.635438e+00
9.999737e-01 9.951122e-05 -7.253754e-03 3.021792e+00 -1.007009e-04 1.000000e+00 -1.636039e-04 -9.632840e-02 7.253737e-03 1.643294e-04 9.999737e-01 7.364261e+00
1.000000e+00 8.787752e-05 -2.501777e-04 2.957192e+00 -8.770883e-05 9.999998e-01 6.731049e-04 -9.872574e-02 2.502371e-04 -6.730823e-04 9.999997e-01 7.285366e+00
9.999787e-01 9.905829e-05 -6.518674e-03 3.167026e+00 -1.001972e-04 1.000000e+00 -1.743398e-04 -1.120503e-01 6.518656e-03 1.749886e-04 9.999787e-01 7.426619e+00
1.000000e+00 2.048575e-04 1.965626e-04 3.470896e+00 -2.049327e-04 9.999999e-01 3.841045e-04 -1.346962e-01 -1.964837e-04 -3.841441e-04 9.999999e-01 7.723945e+00
9.999819e-01 8.582260e-05 -6.013835e-03 3.609718e+00 -8.665529e-05 1.000000e+00 -1.381543e-04 -1.482245e-01 6.013823e-03 1.386722e-04 9.999819e-01 8.124232e+00
1.000000e+00 -2.859885e-06 -4.931932e-05 3.692994e+00 2.874657e-06 1.000000e+00 2.935630e-04 -1.497481e-01 4.931872e-05 -2.935625e-04 1.000000e+00 8.250563e+00
9.999822e-01 2.820914e-04 -5.958772e-03 3.761088e+00 -2.841159e-04 9.999999e-01 -3.388629e-04 -1.487095e-01 5.958675e-03 3.405492e-04 9.999822e-01 7.557991e+00
9.999998e-01 6.007156e-04 1.049684e-04 3.578017e+00 -6.006558e-04 9.999997e-01 -5.664735e-04 -1.409970e-01 -1.053085e-04 5.664110e-04 9.999998e-01 6.128132e+00
9.999834e-01 -6.077294e-04 -5.729447e-03 3.581098e+00 6.119597e-04 9.999995e-01 7.366826e-04 -1.601703e-01 5.728997e-03 -7.401772e-04 9.999833e-01 6.510745e+00
9.999993e-01 9.928499e-04 6.311144e-04 3.665229e+00 -9.920938e-04 9.999988e-01 -1.196746e-03 -1.878150e-01 -6.323016e-04 1.196120e-03 9.999991e-01 6.731034e+00
9.999863e-01 -1.644835e-04 -5.237585e-03 3.598509e+00 1.637742e-04 1.000000e+00 -1.357896e-04 -1.759386e-01 5.237607e-03 1.349293e-04 9.999863e-01 5.004586e+00
9.999996e-01 9.253250e-04 1.197015e-04 3.536167e+00 -9.252190e-04 9.999992e-01 -8.806238e-04 -1.669476e-01 -1.205161e-04 8.805133e-04 9.999996e-01 3.532551e+00
9.999878e-01 -3.165515e-04 -4.939407e-03 3.541651e+00 3.162259e-04 9.999999e-01 -6.663570e-05 -1.586800e-01 4.939427e-03 6.507227e-05 9.999878e-01 2.181160e+00
9.999978e-01 3.302341e-04 -2.059421e-03 3.175920e+00 -3.298083e-04 9.999999e-01 2.069670e-04 -1.549445e-01 2.059489e-03 -2.062866e-04 9.999979e-01 2.520005e+00
9.999727e-01 -5.162902e-05 -7.393761e-03 2.593225e+00 5.332257e-05 1.000000e+00 2.288960e-04 -1.349428e-01 7.393749e-03 -2.292846e-04 9.999726e-01 2.588697e+00
9.999993e-01 1.402135e-04 1.192498e-03 2.882189e+00 -1.404505e-04 1.000000e+00 1.989489e-04 -1.385249e-01 -1.192469e-03 -1.991156e-04 9.999993e-01 2.355587e+00
9.999758e-01 9.431032e-05 -6.961499e-03 3.091663e+00 -9.599349e-05 1.000000e+00 -2.414042e-04 -1.372560e-01 6.961475e-03 2.420660e-04 9.999757e-01 1.656749e+00
1.000000e+00 1.103483e-05 2.029211e-04 3.294098e+00 -1.115558e-05 9.999998e-01 5.966456e-04 -1.402332e-01 -2.029142e-04 -5.966473e-04 9.999998e-01 1.324184e+00
9.999803e-01 -1.608674e-04 -6.268637e-03 3.727487e+00 1.582540e-04 9.999999e-01 -4.173413e-04 -1.512042e-01 6.268703e-03 4.163404e-04 9.999803e-01 1.451544e+00
9.999992e-01 3.198024e-04 -1.199069e-03 4.638870e+00 -3.195741e-04 9.999999e-01 1.903365e-04 -1.896973e-01 1.199130e-03 -1.899525e-04 9.999993e-01 1.762248e+00
9.999905e-01 -3.153775e-04 -4.347606e-03 5.553219e+00 3.121858e-04 9.999997e-01 -7.347160e-04 -2.113730e-01 4.347836e-03 7.333511e-04 9.999903e-01 1.628085e+00
9.999997e-01 7.173145e-04 -1.341526e-04 5.687542e+00 -7.173637e-04 9.999997e-01 -3.700207e-04 -1.999128e-01 1.338873e-04 3.701175e-04 9.999999e-01 8.746634e-02
9.999815e-01 -1.487805e-04 -6.084003e-03 5.525818e+00 1.465235e-04 9.999999e-01 -3.713510e-04 -1.907064e-01 6.084057e-03 3.704521e-04 9.999814e-01 -1.142896e+00
9.999981e-01 8.367178e-04 -1.766118e-03 5.172653e+00 -8.368155e-04 9.999996e-01 -5.478412e-05 -1.794633e-01 1.766072e-03 5.626257e-05 9.999984e-01 -2.159953e+00
9.999915e-01 -7.267948e-04 -4.056545e-03 5.358165e+00 7.264066e-04 9.999997e-01 -9.708902e-05 -1.760094e-01 4.056614e-03 9.414086e-05 9.999918e-01 -2.962669e+00
9.999975e-01 9.515531e-04 -2.011040e-03 5.422963e+00 -9.516431e-04 9.999995e-01 -4.394641e-05 -1.719454e-01 2.010998e-03 4.586073e-05 9.999980e-01 -3.774261e+00
9.999912e-01 -6.218012e-04 -4.136953e-03 5.434088e+00 6.211349e-04 9.999998e-01 -1.622805e-04 -1.672266e-01 4.137053e-03 1.597088e-04 9.999914e-01 -4.601234e+00
9.999979e-01 7.207677e-04 -1.907033e-03 5.540569e+00 -7.201637e-04 9.999997e-01 3.172256e-04 -1.671710e-01 1.907262e-03 -3.158510e-04 9.999981e-01 -5.145755e+00
9.999927e-01 -6.095132e-04 -3.773005e-03 5.794511e+00 6.088370e-04 9.999998e-01 -1.802809e-04 -1.676556e-01 3.773114e-03 1.779818e-04 9.999929e-01 -5.699052e+00
9.999990e-01 5.204597e-04 -1.336569e-03 6.077341e+00 -5.201124e-04 9.999998e-01 2.599202e-04 -1.701474e-01 1.336705e-03 -2.592241e-04 9.999991e-01 -6.134992e+00
9.999912e-01 -2.543880e-04 -4.188535e-03 6.281669e+00 2.540040e-04 1.000000e+00 -9.212767e-05 -1.719168e-01 4.188558e-03 9.106232e-05 9.999912e-01 -6.623888e+00
9.999994e-01 4.302141e-04 -9.591790e-04 6.469587e+00 -4.303211e-04 9.999999e-01 -1.116398e-04 -1.702835e-01 9.591311e-04 1.120531e-04 9.999995e-01 -7.358681e+00
9.999906e-01 -3.924204e-04 -4.321069e-03 6.675775e+00 3.939021e-04 9.999999e-01 3.421395e-04 -1.900990e-01 4.320933e-03 -3.438390e-04 9.999906e-01 -7.053887e+00
9.999988e-01 5.253592e-04 -1.446659e-03 6.937526e+00 -5.258485e-04 9.999998e-01 -3.380722e-04 -2.152845e-01 1.446481e-03 3.388331e-04 9.999989e-01 -6.673556e+00
9.999908e-01 -6.471478e-04 -4.238688e-03 7.311512e+00 6.497096e-04 9.999996e-01 6.031283e-04 -2.279513e-01 4.238296e-03 -6.058773e-04 9.999908e-01 -6.713465e+00
9.999989e-01 6.206313e-04 -1.351109e-03 7.601909e+00 -6.210276e-04 9.999998e-01 -2.931348e-04 -2.361252e-01 1.350926e-03 2.939742e-04 9.999990e-01 -6.845496e+00
9.999882e-01 -6.890428e-04 -4.799470e-03 7.967435e+00 6.923847e-04 9.999995e-01 6.947517e-04 -2.456911e-01 4.798988e-03 -6.980672e-04 9.999882e-01 -6.959671e+00
9.999993e-01 1.051642e-03 -5.484757e-04 8.190609e+00 -1.052023e-03 9.999992e-01 -6.958677e-04 -2.728696e-01 5.477436e-04 6.964449e-04 9.999996e-01 -6.454142e+00
9.999886e-01 -8.152634e-04 -4.698571e-03 8.341820e+00 8.180656e-04 9.999995e-01 5.945748e-04 -2.972249e-01 4.698084e-03 -5.984124e-04 9.999888e-01 -5.879979e+00
9.999989e-01 9.490577e-04 -1.125574e-03 8.438979e+00 -9.492496e-04 9.999995e-01 -1.702760e-04 -3.105534e-01 1.125412e-03 1.713449e-04 9.999994e-01 -5.603654e+00
9.999925e-01 -7.783537e-04 -3.794467e-03 8.484975e+00 7.792615e-04 9.999997e-01 2.378689e-04 -3.285020e-01 3.794281e-03 -2.408246e-04 9.999928e-01 -5.041577e+00
9.999975e-01 1.015374e-03 -2.017126e-03 8.647931e+00 -1.015735e-03 9.999995e-01 -1.782856e-04 -3.498380e-01 2.016945e-03 1.803346e-04 9.999979e-01 -4.569561e+00
9.999931e-01 -8.017544e-04 -3.636187e-03 8.821866e+00 8.035048e-04 9.999996e-01 4.800593e-04 -3.665721e-01 3.635800e-03 -4.829783e-04 9.999933e-01 -4.283039e+00
9.999842e-01 1.152879e-03 -5.496723e-03 8.253685e+00 -1.153495e-03 9.999993e-01 -1.088508e-04 -3.442751e-01 5.496594e-03 1.151902e-04 9.999849e-01 -4.090649e+00
9.999910e-01 -8.149189e-04 -4.170557e-03 7.614832e+00 8.171671e-04 9.999995e-01 5.374783e-04 -3.145151e-01 4.170117e-03 -5.408821e-04 9.999912e-01 -3.887896e+00
9.999921e-01 1.064818e-03 -3.817968e-03 7.379403e+00 -1.064828e-03 9.999994e-01 -5.405152e-07 -3.096343e-01 3.817965e-03 4.606603e-06 9.999927e-01 -3.940009e+00
9.999958e-01 -9.678666e-04 -2.742686e-03 7.173395e+00 9.690812e-04 9.999994e-01 4.416853e-04 -3.062177e-01 2.742257e-03 -4.443419e-04 9.999961e-01 -3.606348e+00
9.999873e-01 1.147701e-03 -4.901286e-03 7.070210e+00 -1.147025e-03 9.999993e-01 1.407368e-04 -3.094855e-01 4.901445e-03 -1.351125e-04 9.999880e-01 -3.647853e+00
9.999990e-01 -9.609007e-04 -1.008584e-03 7.197703e+00 9.605802e-04 9.999995e-01 -3.177401e-04 -3.081721e-01 1.008888e-03 3.167703e-04 9.999994e-01 -4.377191e+00
9.999810e-01 1.154269e-03 -6.050353e-03 7.275937e+00 -1.151532e-03 9.999992e-01 4.558573e-04 -3.069423e-01 6.050875e-03 -4.488809e-04 9.999816e-01 -4.869772e+00
9.999960e-01 -8.381915e-04 -2.711367e-03 6.903356e+00 8.381458e-04 9.999996e-01 -1.785017e-05 -2.955625e-01 2.711381e-03 1.557697e-05 9.999963e-01 -4.901815e+00
9.999796e-01 1.046863e-03 -6.298330e-03 6.541422e+00 -1.043874e-03 9.999993e-01 4.776950e-04 -2.848332e-01 6.298826e-03 -4.711100e-04 9.999801e-01 -4.981847e+00
9.999927e-01 -7.715012e-04 -3.733536e-03 5.875732e+00 7.712631e-04 9.999997e-01 -6.510966e-05 -2.667099e-01 3.733585e-03 6.222904e-05 9.999930e-01 -4.962663e+00
9.999829e-01 8.823884e-04 -5.778702e-03 5.144483e+00 -8.801126e-04 9.999995e-01 3.962893e-04 -2.424724e-01 5.779049e-03 -3.911960e-04 9.999832e-01 -4.681998e+00
9.999960e-01 -7.685242e-04 -2.734171e-03 4.602042e+00 7.680896e-04 9.999997e-01 -1.598645e-04 -2.260576e-01 2.734293e-03 1.577631e-04 9.999962e-01 -4.331083e+00
9.999807e-01 1.030026e-03 -6.131613e-03 4.057310e+00 -1.025829e-03 9.999992e-01 6.874287e-04 -2.039837e-01 6.132316e-03 -6.811248e-04 9.999810e-01 -4.086044e+00
9.999977e-01 -8.136684e-04 -2.001735e-03 3.685027e+00 8.131949e-04 9.999996e-01 -2.371298e-04 -1.879045e-01 2.001927e-03 2.355008e-04 9.999980e-01 -3.812597e+00
9.999824e-01 9.547563e-04 -5.851154e-03 3.659162e+00 -9.504942e-04 9.999993e-01 7.310899e-04 -1.890295e-01 5.851848e-03 -7.255150e-04 9.999826e-01 -3.771010e+00
9.999970e-01 -7.122903e-04 -2.336978e-03 3.422698e+00 7.118333e-04 9.999997e-01 -1.961917e-04 -1.826289e-01 2.337117e-03 1.945270e-04 9.999973e-01 -3.775713e+00
9.999861e-01 1.009428e-03 -5.183905e-03 3.195780e+00 -1.005055e-03 9.999991e-01 8.460470e-04 -1.718312e-01 5.184755e-03 -8.408245e-04 9.999862e-01 -3.568092e+00
9.999943e-01 -6.960248e-04 -3.290597e-03 3.019484e+00 6.952406e-04 9.999997e-01 -2.393219e-04 -1.646721e-01 3.290763e-03 2.370322e-04 9.999946e-01 -3.576612e+00
9.999880e-01 7.251641e-04 -4.847349e-03 3.565831e+00 -7.215351e-04 9.999995e-01 7.502789e-04 -1.772883e-01 4.847891e-03 -7.467718e-04 9.999880e-01 -3.687427e+00
9.999984e-01 -5.873926e-04 -1.676236e-03 3.800861e+00 5.865656e-04 9.999997e-01 -4.935795e-04 -1.923531e-01 1.676525e-03 4.925949e-04 9.999985e-01 -3.452278e+00
9.999681e-01 9.292896e-04 -7.932423e-03 3.232709e+00 -9.213617e-04 9.999991e-01 1.002969e-03 -1.716203e-01 7.933348e-03 -9.956279e-04 9.999680e-01 -3.375584e+00
9.999994e-01 -6.558086e-04 -8.788494e-04 2.894515e+00 6.554878e-04 9.999997e-01 -3.647599e-04 -1.625064e-01 8.790883e-04 3.641830e-04 9.999995e-01 -3.375352e+00
9.999778e-01 8.879042e-04 -6.610210e-03 2.786125e+00 -8.815935e-04 9.999992e-01 9.574843e-04 -1.600453e-01 6.611055e-03 -9.516349e-04 9.999777e-01 -3.224405e+00
9.999987e-01 -6.800991e-04 -1.464114e-03 2.836823e+00 6.795868e-04 9.999997e-01 -3.500917e-04 -1.562791e-01 1.464351e-03 3.490957e-04 9.999989e-01 -3.047451e+00
9.999819e-01 9.107106e-04 -5.953094e-03 2.700528e+00 -9.055369e-04 9.999992e-01 8.716333e-04 -1.465524e-01 5.953883e-03 -8.662261e-04 9.999819e-01 -2.836293e+00
9.999966e-01 -7.073891e-04 -2.492173e-03 2.473979e+00 7.065027e-04 9.999997e-01 -3.563900e-04 -1.390923e-01 2.492424e-03 3.546275e-04 9.999968e-01 -2.943870e+00
9.999862e-01 7.415337e-04 -5.199771e-03 2.383758e+00 -7.377985e-04 9.999995e-01 7.201379e-04 -1.320374e-01 5.200302e-03 -7.162910e-04 9.999862e-01 -3.068036e+00
9.999953e-01 -5.651384e-04 -3.020265e-03 2.016643e+00 5.639868e-04 9.999998e-01 -3.819811e-04 -1.132460e-01 3.020480e-03 3.802754e-04 9.999954e-01 -2.908623e+00
9.999823e-01 7.279250e-04 -5.906909e-03 1.610526e+00 -7.234311e-04 9.999994e-01 7.628107e-04 -9.283666e-02 5.907462e-03 -7.585234e-04 9.999823e-01 -2.930303e+00
9.999994e-01 -4.420920e-04 -1.020671e-03 1.594072e+00 4.412191e-04 9.999995e-01 -8.548714e-04 -8.372513e-02 1.021048e-03 8.544200e-04 9.999991e-01 -3.633994e+00
9.999848e-01 5.517384e-04 -5.489684e-03 1.885769e+00 -5.469092e-04 9.999995e-01 8.810692e-04 -8.303762e-02 5.490168e-03 -8.780529e-04 9.999845e-01 -4.213724e+00
9.999986e-01 -3.860877e-04 -1.622605e-03 1.816241e+00 3.854511e-04 9.999998e-01 -3.924013e-04 -7.940750e-02 1.622756e-03 3.917748e-04 9.999986e-01 -4.091699e+00
9.999865e-01 6.623770e-04 -5.153408e-03 1.862782e+00 -6.581742e-04 9.999994e-01 8.170970e-04 -8.397246e-02 5.153946e-03 -8.136936e-04 9.999864e-01 -3.854386e+00
9.999982e-01 -4.600392e-04 -1.820314e-03 1.849426e+00 4.594303e-04 9.999998e-01 -3.346938e-04 -8.871246e-02 1.820467e-03 3.338563e-04 9.999983e-01 -3.597769e+00
9.999857e-01 6.650290e-04 -5.304679e-03 2.128184e+00 -6.610488e-04 9.999995e-01 7.519556e-04 -1.013215e-01 5.305176e-03 -7.484377e-04 9.999856e-01 -3.421976e+00
9.999971e-01 -5.373292e-04 -2.339629e-03 2.223775e+00 5.359144e-04 9.999997e-01 -6.051183e-04 -9.686961e-02 2.339953e-03 6.038622e-04 9.999971e-01 -3.880612e+00
9.999922e-01 6.401804e-04 -3.889587e-03 2.463810e+00 -6.382071e-04 9.999997e-01 5.084495e-04 -9.506873e-02 3.889911e-03 -5.059626e-04 9.999923e-01 -4.615085e+00
9.999988e-01 -4.114811e-04 -1.492606e-03 2.726017e+00 4.102001e-04 9.999995e-01 -8.581175e-04 -9.062719e-02 1.492958e-03 8.575036e-04 9.999985e-01 -5.558151e+00
9.999935e-01 5.576141e-04 -3.553983e-03 2.962817e+00 -5.557966e-04 9.999997e-01 5.122258e-04 -8.694791e-02 3.554268e-03 -5.102467e-04 9.999936e-01 -6.403322e+00
9.999989e-01 -5.335035e-04 -1.398745e-03 3.184983e+00 5.329302e-04 9.999998e-01 -4.098813e-04 -1.055945e-01 1.398963e-03 4.091348e-04 9.999989e-01 -6.061330e+00
9.999911e-01 7.028254e-04 -4.154044e-03 3.393199e+00 -7.013223e-04 9.999997e-01 3.631845e-04 -1.284785e-01 4.154298e-03 -3.602674e-04 9.999913e-01 -5.542273e+00
9.999980e-01 -5.710890e-04 -1.929418e-03 3.642784e+00 5.705338e-04 9.999998e-01 -2.880613e-04 -1.343732e-01 1.929582e-03 2.869594e-04 9.999981e-01 -5.758046e+00
9.999901e-01 6.665828e-04 -4.389671e-03 3.979912e+00 -6.649065e-04 9.999997e-01 3.832232e-04 -1.396060e-01 4.389925e-03 -3.803001e-04 9.999903e-01 -6.148335e+00
9.999959e-01 -4.680067e-04 -2.819854e-03 3.978954e+00 4.678446e-04 9.999999e-01 -5.797318e-05 -1.357768e-01 2.819881e-03 5.665314e-05 9.999960e-01 -6.514539e+00
9.999912e-01 6.912864e-04 -4.147271e-03 4.161991e+00 -6.902637e-04 9.999997e-01 2.479260e-04 -1.369318e-01 4.147442e-03 -2.450606e-04 9.999914e-01 -6.981243e+00
9.999969e-01 -5.925155e-04 -2.432488e-03 4.622582e+00 5.923539e-04 9.999998e-01 -6.695674e-05 -1.423911e-01 2.432527e-03 6.551508e-05 9.999970e-01 -7.374627e+00
9.999930e-01 6.948975e-04 -3.684845e-03 5.235229e+00 -6.945116e-04 9.999998e-01 1.058805e-04 -1.491283e-01 3.684918e-03 -1.033201e-04 9.999932e-01 -7.719468e+00
9.999987e-01 -5.493060e-04 -1.541609e-03 5.833437e+00 5.488017e-04 9.999998e-01 -3.271840e-04 -1.478248e-01 1.541789e-03 3.263370e-04 9.999988e-01 -8.388966e+00
9.999930e-01 5.105918e-04 -3.713580e-03 6.362523e+00 -5.092469e-04 9.999998e-01 3.629877e-04 -1.551681e-01 3.713764e-03 -3.610934e-04 9.999930e-01 -8.682757e+00
9.999994e-01 -4.298542e-04 -9.753510e-04 6.755593e+00 4.296235e-04 9.999999e-01 -2.362561e-04 -1.655320e-01 9.754523e-04 2.358364e-04 9.999995e-01 -8.881612e+00
9.999884e-01 6.171613e-04 -4.775754e-03 7.122872e+00 -6.148912e-04 9.999997e-01 4.766896e-04 -1.801472e-01 4.776047e-03 -4.737469e-04 9.999885e-01 -8.894897e+00
9.999974e-01 -4.992405e-04 -2.243927e-03 7.662823e+00 4.989817e-04 9.999999e-01 -1.156431e-04 -1.969487e-01 2.243984e-03 1.145226e-04 9.999975e-01 -8.921348e+00
9.999874e-01 7.026131e-04 -4.978031e-03 8.245465e+00 -7.014901e-04 9.999997e-01 2.272336e-04 -2.208511e-01 4.978190e-03 -2.237381e-04 9.999876e-01 -8.796124e+00
9.999971e-01 -4.917703e-04 -2.346402e-03 8.650932e+00 4.922758e-04 9.999999e-01 2.150696e-04 -2.399461e-01 2.346296e-03 -2.162246e-04 9.999972e-01 -8.724503e+00
9.999866e-01 6.734019e-04 -5.135173e-03 9.185818e+00 -6.729100e-04 9.999998e-01 9.743789e-05 -2.551624e-01 5.135238e-03 -9.398054e-05 9.999868e-01 -8.816567e+00
9.999988e-01 -3.620384e-04 -1.511880e-03 9.469294e+00 3.624921e-04 9.999999e-01 3.001140e-04 -2.737906e-01 1.511771e-03 -3.006622e-04 9.999988e-01 -8.623450e+00
9.999834e-01 6.673119e-04 -5.716592e-03 9.779603e+00 -6.668812e-04 9.999998e-01 7.716230e-05 -2.935008e-01 5.716642e-03 -7.334820e-05 9.999837e-01 -8.368338e+00
9.999984e-01 -4.062868e-04 -1.746123e-03 1.014359e+01 4.067520e-04 9.999999e-01 2.663548e-04 -3.097051e-01 1.746014e-03 -2.670652e-04 9.999984e-01 -8.230646e+00
9.999844e-01 5.938833e-04 -5.561784e-03 1.069238e+01 -5.939658e-04 9.999998e-01 -1.327369e-05 -3.257368e-01 5.561775e-03 1.657752e-05 9.999845e-01 -8.298275e+00
9.999997e-01 -7.308284e-04 8.618758e-05 1.135543e+01 7.308396e-04 9.999997e-01 -1.353966e-04 -3.252355e-01 -8.608865e-05 1.354591e-04 1.000000e+00 -8.901648e+00
9.999878e-01 7.290470e-04 -4.891732e-03 1.187458e+01 -7.315518e-04 9.999996e-01 -5.103830e-04 -3.173172e-01 4.891358e-03 5.139558e-04 9.999879e-01 -9.952864e+00
9.999989e-01 -7.588527e-04 -1.248115e-03 1.250121e+01 7.596086e-04 9.999995e-01 6.056241e-04 -3.265164e-01 1.247655e-03 -6.065720e-04 9.999990e-01 -1.024528e+01
9.999850e-01 1.028570e-03 -5.380709e-03 1.290818e+01 -1.031154e-03 9.999994e-01 -4.776232e-04 -3.508594e-01 5.380214e-03 4.831649e-04 9.999854e-01 -9.921715e+00
9.999979e-01 -9.832419e-04 -1.820460e-03 1.298134e+01 9.846179e-04 9.999992e-01 7.553887e-04 -3.603653e-01 1.819716e-03 -7.571800e-04 9.999981e-01 -9.676228e+00
9.999829e-01 1.093174e-03 -5.740472e-03 1.313921e+01 -1.094891e-03 9.999994e-01 -2.961658e-04 -3.701807e-01 5.740144e-03 3.024464e-04 9.999835e-01 -9.490926e+00
9.999990e-01 -1.045930e-03 -9.488697e-04 1.329781e+01 1.046581e-03 9.999992e-01 6.854729e-04 -3.794578e-01 9.481520e-04 -6.864658e-04 9.999993e-01 -9.291883e+00
9.999774e-01 1.200532e-03 -6.608540e-03 1.364707e+01 -1.202577e-03 9.999992e-01 -3.055838e-04 -3.960444e-01 6.608168e-03 3.135247e-04 9.999781e-01 -9.045602e+00
9.999991e-01 -1.235213e-03 -4.484361e-04 1.423595e+01 1.235430e-03 9.999991e-01 4.852885e-04 -4.121667e-01 4.478362e-04 -4.858426e-04 9.999998e-01 -8.961408e+00
9.999851e-01 1.279852e-03 -5.307389e-03 1.496868e+01 -1.282840e-03 9.999990e-01 -5.597178e-04 -4.186499e-01 5.306668e-03 5.665185e-04 9.999858e-01 -9.411424e+00
9.999990e-01 -1.217510e-03 -6.788534e-04 1.573971e+01 1.217837e-03 9.999991e-01 4.828466e-04 -4.247335e-01 6.782649e-04 -4.836734e-04 9.999997e-01 -9.857763e+00
9.999781e-01 1.297684e-03 -6.482830e-03 1.632740e+01 -1.298836e-03 9.999991e-01 -1.735856e-04 -4.375144e-01 6.482599e-03 1.820025e-04 9.999790e-01 -9.943729e+00
9.999989e-01 -1.287576e-03 -7.168352e-04 1.687481e+01 1.287869e-03 9.999991e-01 4.100444e-04 -4.542381e-01 7.163066e-04 -4.109677e-04 9.999997e-01 -9.874416e+00
9.999752e-01 1.420595e-03 -6.904621e-03 1.745191e+01 -1.421389e-03 9.999990e-01 -1.102144e-04 -4.721429e-01 6.904458e-03 1.200263e-04 9.999762e-01 -9.877635e+00
9.999987e-01 -1.209358e-03 -1.085352e-03 1.807826e+01 1.209870e-03 9.999992e-01 4.714593e-04 -4.917700e-01 1.084781e-03 -4.727724e-04 9.999993e-01 -9.825216e+00
9.999758e-01 1.279034e-03 -6.835822e-03 1.847080e+01 -1.279713e-03 9.999992e-01 -9.497954e-05 -4.967889e-01 6.835695e-03 1.037256e-04 9.999766e-01 -9.644940e+00
9.999972e-01 -1.124438e-03 -2.077829e-03 1.858776e+01 1.125236e-03 9.999993e-01 3.829739e-04 -4.864214e-01 2.077397e-03 -3.853114e-04 9.999978e-01 -9.474077e+00
9.999802e-01 1.266890e-03 -6.170215e-03 1.966420e+01 -1.268889e-03 9.999991e-01 -3.202347e-04 -4.897131e-01 6.169804e-03 3.280581e-04 9.999809e-01 -1.004618e+01
9.999986e-01 -1.109338e-03 -1.290991e-03 2.049856e+01 1.109993e-03 9.999993e-01 5.076949e-04 -4.959629e-01 1.290427e-03 -5.091276e-04 9.999990e-01 -1.041596e+01
9.999777e-01 1.330684e-03 -6.544287e-03 2.116643e+01 -1.331490e-03 9.999991e-01 -1.188251e-04 -5.093384e-01 6.544123e-03 1.275366e-04 9.999786e-01 -1.046736e+01
9.999986e-01 -1.476122e-03 -7.317649e-04 2.156756e+01 1.476609e-03 9.999987e-01 6.661340e-04 -5.068151e-01 7.307806e-04 -6.672141e-04 9.999995e-01 -1.051899e+01
9.999560e-01 1.806215e-03 -9.200641e-03 2.256548e+01 -1.813892e-03 9.999980e-01 -8.262557e-04 -5.408990e-01 9.199130e-03 8.429089e-04 9.999573e-01 -1.024132e+01
9.999988e-01 -1.431997e-03 5.147409e-04 2.365778e+01 1.431927e-03 9.999990e-01 1.360150e-04 -5.792666e-01 -5.149352e-04 -1.352783e-04 9.999999e-01 -9.937307e+00
9.999762e-01 1.372935e-03 -6.759857e-03 2.416464e+01 -1.372072e-03 9.999990e-01 1.322281e-04 -5.879368e-01 6.760032e-03 -1.229495e-04 9.999771e-01 -1.001120e+01
9.999988e-01 -1.196302e-03 9.775433e-04 2.454620e+01 1.196341e-03 9.999993e-01 -4.014367e-05 -5.931958e-01 -9.774946e-04 4.131262e-05 9.999995e-01 -1.037788e+01
9.999785e-01 1.239138e-03 -6.442573e-03 2.495885e+01 -1.238827e-03 9.999992e-01 5.231086e-05 -5.958341e-01 6.442633e-03 -4.432802e-05 9.999792e-01 -1.087068e+01
9.999992e-01 -1.119577e-03 5.709879e-04 2.527896e+01 1.119553e-03 9.999994e-01 4.188607e-05 -5.981685e-01 -5.710344e-04 -4.124727e-05 9.999998e-01 -1.137924e+01
9.999545e-01 1.397778e-03 -9.433774e-03 2.617744e+01 -1.397430e-03 9.999990e-01 4.340656e-05 -6.261961e-01 9.433825e-03 -3.022107e-05 9.999555e-01 -1.137066e+01
9.999991e-01 -1.265981e-03 4.012460e-04 2.740991e+01 1.266256e-03 9.999990e-01 -6.879011e-04 -6.624954e-01 -4.003747e-04 6.884081e-04 9.999997e-01 -1.124553e+01
9.999716e-01 1.486319e-03 -7.390605e-03 2.749797e+01 -1.477536e-03 9.999982e-01 1.193736e-03 -6.648120e-01 7.392366e-03 -1.182782e-03 9.999720e-01 -1.105933e+01
9.999989e-01 -1.217342e-03 -8.181686e-04 2.724984e+01 1.216651e-03 9.999989e-01 -8.438690e-04 -6.554533e-01 8.191950e-04 8.428722e-04 9.999993e-01 -1.130152e+01
9.999883e-01 1.572226e-03 -4.568963e-03 2.736185e+01 -1.570320e-03 9.999987e-01 4.207143e-04 -6.505025e-01 4.569618e-03 -4.135342e-04 9.999895e-01 -1.236049e+01
9.999981e-01 -1.579821e-03 -1.131767e-03 2.769272e+01 1.579509e-03 9.999987e-01 -2.761697e-04 -6.591701e-01 1.132202e-03 2.743811e-04 9.999993e-01 -1.261471e+01
9.999867e-01 1.681145e-03 -4.873126e-03 2.801374e+01 -1.679093e-03 9.999985e-01 4.250374e-04 -6.810453e-01 4.873833e-03 -4.168488e-04 9.999880e-01 -1.226414e+01
9.999959e-01 -1.531552e-03 -2.400984e-03 2.860839e+01 1.531068e-03 9.999988e-01 -2.029193e-04 -7.007993e-01 2.401292e-03 1.992419e-04 9.999971e-01 -1.221432e+01
9.999867e-01 1.487003e-03 -4.946018e-03 2.935244e+01 -1.485651e-03 9.999989e-01 2.770816e-04 -7.218189e-01 4.946424e-03 -2.697294e-04 9.999877e-01 -1.219018e+01
9.999986e-01 -1.600260e-03 -4.483097e-04 2.983338e+01 1.600118e-03 9.999987e-01 -3.168006e-04 -7.230396e-01 4.488161e-04 3.160823e-04 9.999998e-01 -1.268428e+01
9.999896e-01 1.598285e-03 -4.272065e-03 3.012094e+01 -1.597326e-03 9.999987e-01 2.276731e-04 -7.291286e-01 4.272424e-03 -2.208464e-04 9.999908e-01 -1.304973e+01
9.999982e-01 -1.534666e-03 -1.128551e-03 3.045211e+01 1.534374e-03 9.999988e-01 -2.589611e-04 -7.380254e-01 1.128947e-03 2.572286e-04 9.999993e-01 -1.325197e+01
9.999896e-01 1.613732e-03 -4.264445e-03 3.087688e+01 -1.613077e-03 9.999987e-01 1.569718e-04 -7.375065e-01 4.264693e-03 -1.500908e-04 9.999909e-01 -1.392916e+01
9.999868e-01 -1.533053e-03 -4.908367e-03 3.190406e+01 1.532104e-03 9.999988e-01 -1.968128e-04 -7.561754e-01 4.908663e-03 1.892896e-04 9.999879e-01 -1.421038e+01
9.999918e-01 1.723143e-03 -3.657016e-03 3.267550e+01 -1.722504e-03 9.999985e-01 1.778014e-04 -7.794380e-01 3.657316e-03 -1.715003e-04 9.999933e-01 -1.400756e+01
9.999890e-01 -1.615145e-03 -4.414666e-03 3.320235e+01 1.613822e-03 9.999987e-01 -3.030578e-04 -7.984072e-01 4.415149e-03 2.959295e-04 9.999902e-01 -1.368751e+01
9.999944e-01 1.753000e-03 -2.845673e-03 3.370238e+01 -1.750674e-03 9.999981e-01 8.195141e-04 -8.067596e-01 2.847104e-03 -8.145272e-04 9.999956e-01 -1.367489e+01
9.999878e-01 -1.656164e-03 -4.659789e-03 3.372319e+01 1.653456e-03 9.999985e-01 -5.847956e-04 -7.958892e-01 4.660750e-03 5.770832e-04 9.999890e-01 -1.406795e+01
9.999919e-01 1.769827e-03 -3.608149e-03 3.427823e+01 -1.766256e-03 9.999979e-01 9.926686e-04 -8.200428e-01 3.609898e-03 -9.862872e-04 9.999930e-01 -1.388788e+01
9.999742e-01 -7.228086e-04 -7.140801e-03 3.595338e+01 7.043714e-04 9.999964e-01 -2.584056e-03 -8.982224e-01 7.142643e-03 2.578959e-03 9.999712e-01 -1.298154e+01
