9.999897e-01 1.790601e-04 -4.536596e-03 3.713287e-02 -1.804727e-04 9.999999e-01 -3.109747e-04 -1.855313e-02 4.536539e-03 3.117895e-04 9.999897e-01 7.752401e-01
1.000000e+00 -2.872146e-05 8.198412e-05 5.466920e-02 2.871863e-05 1.000000e+00 3.494057e-05 -3.673884e-02 -8.198478e-05 -3.493751e-05 1.000000e+00 1.533351e+00
9.999899e-01 1.245663e-04 -4.497032e-03 -4.004348e-02 -1.272094e-04 9.999998e-01 -5.874592e-04 -4.760126e-02 4.496958e-03 5.880246e-04 9.999897e-01 2.499935e+00
1.000000e+00 1.126633e-05 3.156855e-04 -7.190320e-02 -1.128756e-05 1.000000e+00 6.732845e-05 -6.278101e-02 -3.156844e-04 -6.733129e-05 9.999999e-01 3.407661e+00
9.999877e-01 2.031567e-04 -4.964443e-03 -1.184738e-01 -2.052918e-04 9.999999e-01 -4.295663e-04 -7.771011e-02 4.964355e-03 4.305795e-04 9.999876e-01 4.072535e+00
9.999998e-01 -9.287321e-05 6.895782e-04 -8.991987e-02 9.280256e-05 1.000000e+00 1.025381e-04 -9.727038e-02 -6.895874e-04 -1.024734e-04 9.999998e-01 4.837258e+00
9.999866e-01 2.577148e-04 -5.166040e-03 -4.365820e-02 -2.599817e-04 9.999999e-01 -4.381374e-04 -1.163871e-01 5.165926e-03 4.394739e-04 9.999866e-01 5.624308e+00
9.999996e-01 -8.828238e-05 8.504866e-04 2.537921e-03 8.821850e-05 1.000000e+00 7.519500e-05 -1.362922e-01 -8.504929e-04 -7.511923e-05 9.999996e-01 6.400871e+00
9.999849e-01 1.868148e-04 -5.498843e-03 -5.593251e-02 -1.899169e-04 9.999998e-01 -5.636140e-04 -1.493230e-01 5.498737e-03 5.646491e-04 9.999847e-01 7.275835e+00
9.999994e-01 -7.347439e-05 1.069801e-03 -8.572745e-02 7.326598e-05 1.000000e+00 1.948932e-04 -1.634604e-01 -1.069815e-03 -1.948140e-04 9.999994e-01 8.099069e+00
9.999868e-01 2.679980e-04 -5.122263e-03 -4.448083e-02 -2.719547e-04 9.999997e-01 -7.717619e-04 -1.845422e-01 5.122054e-03 7.731441e-04 9.999866e-01 9.007631e+00
9.999995e-01 -9.096268e-05 9.494331e-04 -3.564858e-02 9.080435e-05 1.000000e+00 1.668476e-04 -2.036827e-01 -9.494479e-04 -1.667606e-04 9.999995e-01 9.951275e+00
9.999759e-01 3.520709e-04 -6.930861e-03 -2.426294e-01 -3.547214e-04 9.999999e-01 -3.811860e-04 -2.077477e-01 6.930726e-03 3.836346e-04 9.999759e-01 1.047932e+01
9.999966e-01 -1.314659e-04 2.618400e-03 -1.952001e-01 1.317804e-04 1.000000e+00 -1.199354e-04 -2.251697e-01 -2.618384e-03 1.202807e-04 9.999966e-01 1.120546e+01
9.999739e-01 2.564730e-04 -7.213798e-03 -2.161185e-01 -2.590430e-04 9.999999e-01 -3.553158e-04 -2.410869e-01 7.213706e-03 3.571745e-04 9.999739e-01 1.204689e+01
9.999964e-01 -9.369124e-05 2.699289e-03 -2.063749e-01 9.347854e-05 1.000000e+00 7.894359e-05 -2.564209e-01 -2.699296e-03 -7.869026e-05 9.999964e-01 1.274257e+01
9.999690e-01 5.071408e-04 -7.861765e-03 -2.405042e-01 -5.100964e-04 9.999998e-01 -3.739393e-04 -2.619372e-01 7.861573e-03 3.779372e-04 9.999690e-01 1.271422e+01
9.999970e-01 4.783294e-05 2.462763e-03 -2.684028e-01 -4.798342e-05 1.000000e+00 6.106785e-05 -2.630308e-01 -2.462760e-03 -6.118512e-05 9.999970e-01 1.217169e+01
9.999717e-01 2.865853e-04 -7.513878e-03 -2.211492e-01 -2.896052e-04 9.999999e-01 -4.008151e-04 -2.695277e-01 7.513762e-03 4.029791e-04 9.999717e-01 1.204832e+01
9.999968e-01 -5.582817e-05 2.529596e-03 -2.679300e-01 5.575854e-05 1.000000e+00 2.761817e-05 -2.777340e-01 -2.529597e-03 -2.747632e-05 9.999968e-01 1.242707e+01
9.999750e-01 4.571049e-04 -7.054885e-03 -2.007162e-01 -4.606420e-04 9.999998e-01 -4.997540e-04 -2.832731e-01 7.054655e-03 5.029906e-04 9.999750e-01 1.234087e+01
9.999984e-01 -1.431764e-04 1.785116e-03 -1.739860e-01 1.428660e-04 1.000000e+00 1.740413e-04 -2.880335e-01 -1.785140e-03 -1.737853e-04 9.999984e-01 1.215495e+01
9.999761e-01 4.654444e-04 -6.898655e-03 -4.852255e-02 -4.686133e-04 9.999998e-01 -4.577333e-04 -2.906432e-01 6.898440e-03 4.609544e-04 9.999761e-01 1.163363e+01
9.999968e-01 -1.822644e-04 2.508064e-03 1.139602e-01 1.819882e-04 1.000000e+00 1.104110e-04 -2.947989e-01 -2.508084e-03 -1.099535e-04 9.999968e-01 1.122925e+01
9.999707e-01 2.518445e-04 -7.653779e-03 1.291579e-01 -2.543810e-04 9.999999e-01 -3.304298e-04 -3.071277e-01 7.653695e-03 3.323664e-04 9.999707e-01 1.156009e+01
9.999984e-01 -1.664013e-04 1.792848e-03 7.408763e-02 1.657261e-04 9.999999e-01 3.767629e-04 -3.168597e-01 -1.792911e-03 -3.764645e-04 9.999983e-01 1.198568e+01
9.999771e-01 2.627194e-04 -6.760079e-03 3.285051e-01 -2.657645e-04 9.999999e-01 -4.495517e-04 -3.282225e-01 6.759960e-03 4.513373e-04 9.999770e-01 1.198669e+01
9.999988e-01 1.792975e-04 1.535686e-03 2.999925e-01 -1.792629e-04 1.000000e+00 -2.260975e-05 -3.261347e-01 -1.535689e-03 2.233514e-05 9.999988e-01 1.146140e+01
9.999464e-01 3.455961e-04 -1.034784e-02 -3.657588e-01 -3.477260e-04 9.999999e-01 -2.040259e-04 -3.025837e-01 1.034777e-02 2.076125e-04 9.999464e-01 1.145790e+01
9.999959e-01 -1.093274e-04 2.853785e-03 -8.411206e-01 1.090815e-04 1.000000e+00 8.636492e-05 -2.882425e-01 -2.853794e-03 -8.605256e-05 9.999959e-01 1.194638e+01
9.999539e-01 1.414941e-04 -9.599248e-03 -5.842741e-01 -1.399958e-04 1.000000e+00 1.567618e-04 -3.007461e-01 9.599270e-03 -1.554115e-04 9.999539e-01 1.224353e+01
9.999914e-01 -6.892507e-05 4.141105e-03 -2.867908e-01 7.004130e-05 1.000000e+00 -2.693841e-04 -3.084270e-01 -4.141085e-03 2.696725e-04 9.999914e-01 1.240573e+01
9.999597e-01 3.671991e-04 -8.968827e-03 -7.425618e-02 -3.671750e-04 9.999999e-01 4.348925e-06 -3.059316e-01 8.968828e-03 -1.056331e-06 9.999598e-01 1.160709e+01
9.999910e-01 1.898629e-05 4.233755e-03 8.481977e-02 -1.673270e-05 9.999999e-01 -5.323039e-04 -3.013686e-01 -4.233765e-03 5.322290e-04 9.999909e-01 1.061319e+01
9.999585e-01 4.912817e-04 -9.091737e-03 1.684174e-01 -4.917963e-04 9.999999e-01 -5.435703e-05 -2.972074e-01 9.091708e-03 5.882535e-05 9.999587e-01 9.524501e+00
9.999935e-01 -5.963044e-05 3.595061e-03 2.181808e-01 6.037744e-05 1.000000e+00 -2.076501e-04 -2.961746e-01 -3.595048e-03 2.078665e-04 9.999935e-01 8.695110e+00
9.999465e-01 4.197743e-04 -1.033365e-02 7.270755e-02 -4.164661e-04 9.999999e-01 3.222963e-04 -2.940437e-01 1.033378e-02 -3.179761e-04 9.999466e-01 8.352544e+00
9.999903e-01 -6.277092e-05 4.408990e-03 -1.211516e-02 6.388455e-05 1.000000e+00 -2.524191e-04 -2.954456e-01 -4.408973e-03 2.526991e-04 9.999902e-01 8.259873e+00
9.999524e-01 2.722981e-04 -9.753418e-03 -9.629171e-03 -2.690960e-04 9.999999e-01 3.296265e-04 -3.058913e-01 9.753507e-03 -3.269869e-04 9.999524e-01 8.744343e+00
9.999942e-01 1.539547e-05 3.409369e-03 -7.208572e-02 -1.538495e-05 1.000000e+00 -3.083442e-06 -3.076507e-01 -3.409368e-03 3.031678e-06 9.999942e-01 8.836210e+00
9.999512e-01 2.124950e-04 -9.876793e-03 -1.661899e-01 -2.089107e-04 9.999999e-01 3.639433e-04 -3.091094e-01 9.876869e-03 -3.618629e-04 9.999512e-01 9.002612e+00
9.999957e-01 8.567416e-05 2.941644e-03 -3.696377e-01 -8.558609e-05 1.000000e+00 -3.002814e-05 -3.091325e-01 -2.941646e-03 2.977695e-05 9.999957e-01 9.198422e+00
9.999338e-01 3.809146e-04 -1.150385e-02 -8.022907e-01 -3.765406e-04 9.999999e-01 3.823994e-04 -2.970966e-01 1.150399e-02 -3.780431e-04 9.999338e-01 9.213860e+00
9.999936e-01 2.117788e-04 3.574714e-03 -1.149103e+00 -2.110477e-04 1.000000e+00 -2.048631e-04 -2.888227e-01 -3.574757e-03 2.041081e-04 9.999936e-01 8.898941e+00
9.999384e-01 4.551239e-04 -1.109049e-02 -1.472247e+00 -4.526235e-04 9.999999e-01 2.279706e-04 -2.807548e-01 1.109059e-02 -2.229375e-04 9.999385e-01 8.493234e+00
9.999950e-01 -5.837523e-05 3.165020e-03 -1.759227e+00 5.761628e-05 1.000000e+00 2.399190e-04 -2.745270e-01 -3.165033e-03 -2.397348e-04 9.999950e-01 8.444058e+00
9.999487e-01 2.971771e-04 -1.012385e-02 -1.844675e+00 -2.953239e-04 9.999999e-01 1.845508e-04 -2.731196e-01 1.012391e-02 -1.815522e-04 9.999487e-01 8.368764e+00
9.999983e-01 4.040804e-05 1.840176e-03 -2.166322e+00 -4.100307e-05 9.999999e-01 3.233823e-04 -2.653775e-01 -1.840163e-03 -3.234565e-04 9.999983e-01 8.310124e+00
9.999486e-01 2.583652e-04 -1.013876e-02 -2.581900e+00 -2.575855e-04 1.000000e+00 7.822144e-05 -2.548361e-01 1.013878e-02 -7.560652e-05 9.999486e-01 8.424913e+00
9.999956e-01 6.188984e-06 2.970060e-03 -2.862968e+00 -6.760589e-06 1.000000e+00 1.924885e-04 -2.503057e-01 -2.970059e-03 -1.925071e-04 9.999956e-01 8.708650e+00
9.999661e-01 1.807836e-04 -8.236662e-03 -2.883444e+00 -1.818506e-04 1.000000e+00 -1.287812e-04 -2.607671e-01 8.236638e-03 1.302739e-04 9.999661e-01 9.265064e+00
9.999996e-01 1.187729e-04 8.761090e-04 -3.169654e+00 -1.190889e-04 9.999999e-01 3.607932e-04 -2.569932e-01 -8.760657e-04 -3.608967e-04 9.999996e-01 9.498147e+00
9.999498e-01 5.877222e-04 -1.000491e-02 -3.729072e+00 -5.906478e-04 9.999998e-01 -2.894491e-04 -2.423924e-01 1.000474e-02 2.953433e-04 9.999499e-01 9.114269e+00
9.999941e-01 9.744415e-05 3.425082e-03 -3.890740e+00 -9.816655e-05 1.000000e+00 2.107872e-04 -2.413974e-01 -3.425061e-03 -2.111215e-04 9.999941e-01 8.422455e+00
9.999673e-01 5.385653e-04 -8.063332e-03 -3.806004e+00 -5.449205e-04 9.999995e-01 -7.859675e-04 -2.363508e-01 8.062905e-03 7.903350e-04 9.999672e-01 7.320894e+00
9.999963e-01 -1.972237e-04 2.710307e-03 -3.743931e+00 1.951064e-04 9.999997e-01 7.815278e-04 -2.456140e-01 -2.710460e-03 -7.809954e-04 9.999960e-01 7.452476e+00
9.999642e-01 5.957463e-04 -8.441186e-03 -3.894108e+00 -6.027148e-04 9.999995e-01 -8.230003e-04 -2.473483e-01 8.440691e-03 8.280578e-04 9.999640e-01 7.533416e+00
9.999987e-01 1.444494e-04 1.636316e-03 -4.117532e+00 -1.456497e-04 9.999997e-01 7.335153e-04 -2.429315e-01 -1.636209e-03 -7.337519e-04 9.999984e-01 6.905687e+00
9.999749e-01 3.708239e-04 -7.073287e-03 -4.117699e+00 -3.761481e-04 9.999996e-01 -7.513809e-04 -2.448510e-01 7.073006e-03 7.540220e-04 9.999747e-01 6.382231e+00
9.999985e-01 3.775165e-04 1.697935e-03 -4.138612e+00 -3.780092e-04 9.999999e-01 2.899445e-04 -2.426238e-01 -1.697825e-03 -2.905852e-04 9.999985e-01 5.358054e+00
9.999737e-01 5.129470e-04 -7.240303e-03 -4.278374e+00 -5.215356e-04 9.999992e-01 -1.184367e-03 -2.355691e-01 7.239689e-03 1.188111e-03 9.999731e-01 3.946797e+00
9.999972e-01 1.401161e-05 2.356619e-03 -4.233242e+00 -1.570407e-05 9.999997e-01 7.182237e-04 -2.324970e-01 -2.356608e-03 -7.182581e-04 9.999970e-01 2.964345e+00
9.999690e-01 3.358614e-04 -7.865457e-03 -3.614031e+00 -3.425783e-04 9.999996e-01 -8.526284e-04 -2.387573e-01 7.865167e-03 8.552958e-04 9.999687e-01 2.452585e+00
9.999963e-01 7.578927e-05 2.701038e-03 -3.404648e+00 -7.721951e-05 9.999999e-01 5.294731e-04 -2.375197e-01 -2.700997e-03 -5.296790e-04 9.999962e-01 1.641973e+00
9.999649e-01 7.022327e-04 -8.353580e-03 -3.444552e+00 -7.135588e-04 9.999988e-01 -1.352909e-03 -2.315423e-01 8.352620e-03 1.358822e-03 9.999642e-01 3.069169e-01
9.999953e-01 1.114584e-04 3.067762e-03 -3.487626e+00 -1.130901e-04 9.999999e-01 5.317645e-04 -2.255787e-01 -3.067702e-03 -5.321082e-04 9.999952e-01 -9.707506e-01
9.999657e-01 4.283752e-04 -8.272817e-03 -3.439275e+00 -4.342158e-04 9.999997e-01 -7.041990e-04 -2.260338e-01 8.272512e-03 7.077663e-04 9.999655e-01 -1.695998e+00
9.999957e-01 1.164938e-04 2.936459e-03 -3.391946e+00 -1.179288e-04 9.999999e-01 4.885759e-04 -2.265881e-01 -2.936401e-03 -4.889194e-04 9.999956e-01 -2.465714e+00
9.999666e-01 2.792826e-04 -8.171443e-03 -3.290595e+00 -2.834019e-04 9.999998e-01 -5.029382e-04 -2.286769e-01 8.171301e-03 5.052365e-04 9.999665e-01 -3.041033e+00
9.999970e-01 4.267048e-04 2.424112e-03 -3.317699e+00 -4.273148e-04 9.999999e-01 2.511951e-04 -2.279709e-01 -2.424004e-03 -2.522295e-04 9.999970e-01 -3.865490e+00
9.999645e-01 3.774496e-04 -8.415401e-03 -3.414305e+00 -3.818902e-04 9.999998e-01 -5.260466e-04 -2.244892e-01 8.415200e-03 5.292410e-04 9.999645e-01 -4.709684e+00
9.999959e-01 4.345010e-04 2.827010e-03 -3.498064e+00 -4.342117e-04 9.999999e-01 -1.028703e-04 -2.199253e-01 -2.827054e-03 1.016431e-04 9.999960e-01 -5.884612e+00
9.999609e-01 4.662102e-04 -8.826967e-03 -3.657989e+00 -4.706017e-04 9.999998e-01 -4.954184e-04 -2.142909e-01 8.826734e-03 4.995523e-04 9.999609e-01 -7.042447e+00
9.999967e-01 3.727122e-04 2.528476e-03 -3.831868e+00 -3.730026e-04 9.999999e-01 1.144517e-04 -2.094845e-01 -2.528433e-03 -1.153937e-04 9.999968e-01 -8.039476e+00
9.999673e-01 3.401205e-04 -8.081265e-03 -3.885554e+00 -3.457062e-04 9.999997e-01 -6.897807e-04 -2.064846e-01 8.081027e-03 6.925511e-04 9.999671e-01 -9.111452e+00
9.999997e-01 5.993196e-04 -5.711873e-04 -4.431397e+00 -5.990369e-04 9.999997e-01 4.946865e-04 -1.911596e-01 5.714839e-04 -4.943435e-04 9.999997e-01 -9.628396e+00
9.999626e-01 5.678867e-04 -8.634355e-03 -5.052218e+00 -5.759319e-04 9.999994e-01 -9.292790e-04 -1.741668e-01 8.633822e-03 9.342163e-04 9.999623e-01 -1.057788e+01
9.999997e-01 3.447213e-04 -6.968774e-04 -5.707318e+00 -3.442183e-04 9.999997e-01 7.215569e-04 -1.542164e-01 6.971262e-04 -7.213161e-04 9.999995e-01 -1.102957e+01
9.999762e-01 2.526356e-04 -6.901271e-03 -6.128372e+00 -2.586865e-04 9.999996e-01 -8.758729e-04 -1.434700e-01 6.901047e-03 8.776366e-04 9.999758e-01 -1.123527e+01
9.999990e-01 8.572333e-04 -1.134517e-03 -6.610980e+00 -8.567519e-04 9.999995e-01 4.246397e-04 -1.271813e-01 1.134881e-03 -4.236666e-04 9.999993e-01 -1.215231e+01
9.999789e-01 -1.386022e-04 -6.487727e-03 -7.051455e+00 1.339120e-04 9.999997e-01 -7.233407e-04 -1.124420e-01 6.487825e-03 7.224560e-04 9.999787e-01 -1.265441e+01
9.999998e-01 4.939208e-04 4.268468e-04 -7.371616e+00 -4.940598e-04 9.999998e-01 3.261779e-04 -1.077855e-01 -4.266853e-04 -3.263880e-04 9.999999e-01 -1.230073e+01
9.999774e-01 -1.943222e-04 -6.717099e-03 -7.694109e+00 1.901255e-04 9.999998e-01 -6.253792e-04 -1.038138e-01 6.717219e-03 6.240873e-04 9.999772e-01 -1.182914e+01
9.999987e-01 6.174127e-04 1.502192e-03 -7.839418e+00 -6.177827e-04 9.999998e-01 2.459791e-04 -1.052054e-01 -1.502039e-03 -2.469061e-04 9.999988e-01 -1.176171e+01
9.999840e-01 -1.561097e-04 -5.651625e-03 -7.748242e+00 1.511741e-04 9.999996e-01 -8.736867e-04 -1.009018e-01 5.651759e-03 8.728176e-04 9.999836e-01 -1.244619e+01
9.999996e-01 8.386375e-04 -5.131106e-05 -7.918116e+00 -8.386245e-04 9.999996e-01 2.484010e-04 -8.996982e-02 5.151964e-05 -2.483571e-04 1.000000e+00 -1.329815e+01
9.999805e-01 -4.750615e-04 -6.219100e-03 -8.147186e+00 4.718088e-04 9.999998e-01 -5.244344e-04 -8.162400e-02 6.219347e-03 5.214893e-04 9.999805e-01 -1.364799e+01
9.999977e-01 8.568953e-04 1.977807e-03 -8.025898e+00 -8.571895e-04 9.999996e-01 1.479990e-04 -8.495549e-02 -1.977679e-03 -1.496933e-04 9.999980e-01 -1.400465e+01
9.999737e-01 -2.948912e-04 -7.246491e-03 -7.910551e+00 2.899248e-04 9.999997e-01 -6.863650e-04 -7.630407e-02 7.246691e-03 6.842453e-04 9.999735e-01 -1.514209e+01
9.999952e-01 5.167333e-04 3.059849e-03 -7.725079e+00 -5.174096e-04 9.999998e-01 2.203070e-04 -7.233103e-02 -3.059735e-03 -2.218885e-04 9.999953e-01 -1.598885e+01
9.999726e-01 -2.397148e-04 -7.400291e-03 -7.676704e+00 2.347009e-04 9.999997e-01 -6.783572e-04 -8.257119e-02 7.400451e-03 6.766011e-04 9.999724e-01 -1.578601e+01
9.999967e-01 5.086129e-04 2.528520e-03 -7.477327e+00 -5.097610e-04 9.999998e-01 4.535154e-04 -8.041651e-02 -2.528289e-03 -4.548022e-04 9.999967e-01 -1.617402e+01
9.999726e-01 -4.298579e-04 -7.387184e-03 -7.172083e+00 4.232680e-04 9.999995e-01 -8.935758e-04 -7.271720e-02 7.387564e-03 8.904239e-04 9.999723e-01 -1.707202e+01
9.999952e-01 8.998458e-04 2.963001e-03 -6.944067e+00 -9.002382e-04 9.999996e-01 1.311892e-04 -6.521672e-02 -2.962881e-03 -1.338553e-04 9.999956e-01 -1.829230e+01
9.999495e-01 -7.706304e-04 -1.002311e-02 -7.244732e+00 7.691190e-04 9.999997e-01 -1.546213e-04 -4.262724e-02 1.002322e-02 1.469039e-04 9.999498e-01 -1.821614e+01
9.999983e-01 7.390901e-04 1.696271e-03 -7.679863e+00 -7.393573e-04 9.999997e-01 1.570743e-04 -4.253191e-03 -1.696154e-03 -1.583275e-04 9.999985e-01 -1.758618e+01
9.999563e-01 -8.837756e-04 -9.305909e-03 -7.485025e+00 8.842708e-04 9.999996e-01 4.911921e-05 2.590844e-03 9.305862e-03 -5.734669e-05 9.999567e-01 -1.728427e+01
9.999964e-01 5.603954e-04 2.634319e-03 -6.981787e+00 -5.613650e-04 9.999998e-01 3.674105e-04 9.015740e-03 -2.634112e-03 -3.688873e-04 9.999965e-01 -1.745193e+01
9.999656e-01 -7.443129e-04 -8.263114e-03 -6.566275e+00 7.415963e-04 9.999997e-01 -3.317955e-04 1.137954e-02 8.263358e-03 3.256555e-04 9.999658e-01 -1.763527e+01
9.999966e-01 1.612470e-03 2.072266e-03 -6.728998e+00 -1.612106e-03 9.999987e-01 -1.773847e-04 1.922185e-02 -2.072549e-03 1.740440e-04 9.999978e-01 -1.872034e+01
9.999602e-01 -1.156625e-03 -8.851592e-03 -6.810599e+00 1.159512e-03 9.999993e-01 3.210087e-04 2.420177e-02 8.851214e-03 -3.312601e-04 9.999608e-01 -1.915437e+01
9.999953e-01 1.566262e-03 2.647414e-03 -6.820432e+00 -1.564936e-03 9.999986e-01 -5.024355e-04 2.830893e-02 -2.648197e-03 4.982908e-04 9.999964e-01 -1.997714e+01
9.999639e-01 -9.157286e-04 -8.444661e-03 -6.888591e+00 9.142948e-04 9.999996e-01 -1.736099e-04 3.314058e-02 8.444816e-03 1.658820e-04 9.999643e-01 -2.120337e+01
9.999931e-01 1.302805e-03 3.467073e-03 -6.711603e+00 -1.300537e-03 9.999989e-01 -6.561993e-04 3.945958e-02 -3.467923e-03 6.516864e-04 9.999938e-01 -2.243216e+01
9.999695e-01 -9.250136e-04 -7.759788e-03 -6.522415e+00 9.215938e-04 9.999995e-01 -4.442332e-04 4.928985e-02 7.760195e-03 4.370676e-04 9.999698e-01 -2.390354e+01
9.999939e-01 1.203060e-03 3.269082e-03 -6.350036e+00 -1.202240e-03 9.999992e-01 -2.527056e-04 5.574364e-02 -3.269384e-03 2.487745e-04 9.999946e-01 -2.506828e+01
9.999465e-01 -1.175061e-03 -1.027577e-02 -6.256567e+00 1.183874e-03 9.999989e-01 8.516147e-04 5.742077e-02 1.027476e-02 -8.637351e-04 9.999468e-01 -2.513210e+01
9.999938e-01 1.034419e-03 3.363324e-03 -5.775005e+00 -1.033391e-03 9.999994e-01 -3.072814e-04 5.432896e-02 -3.363639e-03 3.038045e-04 9.999943e-01 -2.526224e+01
9.999434e-01 -7.560921e-04 -1.061360e-02 -5.921736e+00 7.592347e-04 9.999997e-01 2.920921e-04 6.803850e-02 1.061338e-02 -3.001344e-04 9.999436e-01 -2.588313e+01
9.999988e-01 1.336466e-03 7.338082e-04 -6.601815e+00 -1.336337e-03 9.999991e-01 -1.758825e-04 9.242726e-02 -7.340424e-04 1.749023e-04 9.999997e-01 -2.609058e+01
9.999593e-01 -1.001525e-03 -8.966647e-03 -6.891666e+00 1.006011e-03 9.999994e-01 4.957309e-04 1.043595e-01 8.966145e-03 -5.047319e-04 9.999597e-01 -2.629682e+01
9.999936e-01 1.085437e-03 3.410316e-03 -6.628864e+00 -1.084206e-03 9.999993e-01 -3.627681e-04 1.041952e-01 -3.410707e-03 3.590689e-04 9.999941e-01 -2.670061e+01
9.999370e-01 -1.095856e-03 -1.116988e-02 -6.616795e+00 1.104637e-03 9.999991e-01 7.799592e-04 1.186526e-01 1.116902e-02 -7.922495e-04 9.999373e-01 -2.667869e+01
9.999965e-01 8.651525e-04 2.493849e-03 -6.030654e+00 -8.640866e-04 9.999995e-01 -4.283254e-04 1.211660e-01 -2.494218e-03 4.261697e-04 9.999968e-01 -2.668254e+01
9.999655e-01 -1.035638e-03 -8.235864e-03 -5.035727e+00 1.037852e-03 9.999994e-01 2.645872e-04 1.252050e-01 8.235585e-03 -2.731264e-04 9.999660e-01 -2.730325e+01
9.999967e-01 1.046720e-03 2.346712e-03 -4.475174e+00 -1.044141e-03 9.999989e-01 -1.099610e-03 1.670236e-01 -2.347860e-03 1.097157e-03 9.999966e-01 -2.768789e+01
9.999654e-01 -1.161015e-03 -8.237816e-03 -3.679534e+00 1.165970e-03 9.999991e-01 5.967055e-04 1.730212e-01 8.237115e-03 -6.062906e-04 9.999659e-01 -2.781387e+01
9.999991e-01 9.490171e-04 9.971713e-04 -3.012557e+00 -9.481072e-04 9.999991e-01 -9.123215e-04 1.971876e-01 -9.980360e-04 9.113759e-04 9.999991e-01 -2.785355e+01
9.999795e-01 -9.644755e-04 -6.323310e-03 -2.212430e+00 9.675776e-04 9.999994e-01 4.875812e-04 2.005785e-01 6.322836e-03 -4.936902e-04 9.999799e-01 -2.851520e+01
9.999988e-01 1.160100e-03 9.820668e-04 -1.994300e+00 -1.159373e-03 9.999991e-01 -7.399256e-04 2.031741e-01 -9.829240e-04 7.387869e-04 9.999992e-01 -2.936151e+01
9.999766e-01 -6.886428e-04 -6.800149e-03 -1.990887e+00 6.913657e-04 9.999997e-01 3.981043e-04 2.082878e-01 6.799872e-03 -4.027970e-04 9.999768e-01 -3.026455e+01
9.999982e-01 7.803894e-04 1.753770e-03 -1.681940e+00 -7.794672e-04 9.999996e-01 -5.263330e-04 2.075533e-01 -1.754180e-03 5.249657e-04 9.999983e-01 -3.088214e+01
9.999706e-01 -7.213672e-04 -7.635929e-03 -1.420913e+00 7.271652e-04 9.999994e-01 7.565943e-04 1.955753e-01 7.635378e-03 -7.621253e-04 9.999706e-01 -3.061816e+01
9.999985e-01 1.242269e-03 1.185804e-03 -1.516966e+00 -1.241183e-03 9.999988e-01 -9.158060e-04 2.022318e-01 -1.186940e-03 9.143335e-04 9.999989e-01 -3.138963e+01
9.999679e-01 -4.134008e-04 -8.006052e-03 -1.784200e+00 4.161503e-04 9.999999e-01 3.417981e-04 2.145518e-01 8.005910e-03 -3.451195e-04 9.999679e-01 -3.249141e+01
9.999994e-01 1.092145e-03 2.675741e-04 -2.164729e+00 -1.091979e-03 9.999992e-01 -6.209974e-04 2.304676e-01 -2.682519e-04 6.207055e-04 9.999998e-01 -3.327511e+01
9.999861e-01 -1.131609e-03 -5.152957e-03 -1.822923e+00 1.133246e-03 9.999993e-01 3.149159e-04 2.229824e-01 5.152597e-03 -3.207518e-04 9.999867e-01 -3.350147e+01
9.999987e-01 1.082297e-03 -1.170807e-03 -1.347317e+00 -1.082325e-03 9.999994e-01 -2.367213e-05 2.112594e-01 1.170781e-03 2.493995e-05 9.999993e-01 -3.347682e+01
9.999779e-01 -9.857260e-04 -6.571690e-03 -6.758076e-01 9.876737e-04 9.999995e-01 2.931845e-04 1.947078e-01 6.571398e-03 -2.996694e-04 9.999784e-01 -3.353950e+01
9.999994e-01 1.102478e-03 2.561101e-04 1.106708e-01 -1.102414e-03 9.999994e-01 -2.474060e-04 1.961760e-01 -2.563825e-04 2.471241e-04 9.999999e-01 -3.373083e+01
9.999708e-01 -1.312085e-03 -7.534861e-03 9.078420e-01 1.315246e-03 9.999990e-01 4.146468e-04 1.944296e-01 7.534309e-03 -4.245455e-04 9.999715e-01 -3.403831e+01
9.999993e-01 1.103199e-03 -3.832831e-04 1.583357e+00 -1.103209e-03 9.999994e-01 -2.573500e-05 1.831220e-01 3.832547e-04 2.615847e-05 9.999999e-01 -3.402744e+01
9.999704e-01 -1.090102e-03 -7.616774e-03 2.332345e+00 1.092267e-03 9.999994e-01 2.801397e-04 1.640480e-01 7.616463e-03 -2.884516e-04 9.999710e-01 -3.401543e+01
9.999994e-01 1.062817e-03 -4.061987e-04 3.194682e+00 -1.062872e-03 9.999994e-01 -1.358345e-04 1.406398e-01 4.060543e-04 1.362668e-04 9.999999e-01 -3.399189e+01
9.999730e-01 -8.277181e-04 -7.300565e-03 3.785936e+00 8.297914e-04 9.999996e-01 2.810137e-04 1.169836e-01 7.300329e-03 -2.870647e-04 9.999733e-01 -3.376699e+01
9.999994e-01 1.016045e-03 -2.968384e-04 4.471228e+00 -1.016104e-03 9.999995e-01 -1.991327e-04 8.983851e-02 2.966361e-04 1.994349e-04 9.999999e-01 -3.358325e+01
9.999716e-01 -7.280792e-04 -7.502778e-03 5.126520e+00 7.307043e-04 9.999997e-01 3.471973e-04 6.175316e-02 7.502522e-03 -3.526704e-04 9.999718e-01 -3.337520e+01
9.999996e-01 8.122985e-04 -4.460115e-04 5.867539e+00 -8.123009e-04 9.999997e-01 -5.859339e-06 4.011915e-02 4.460068e-04 6.222277e-06 9.999999e-01 -3.339170e+01
9.999784e-01 -8.686852e-04 -6.515395e-03 6.550968e+00 8.697625e-04 9.999996e-01 1.625594e-04 1.510354e-02 6.515251e-03 -1.682233e-04 9.999788e-01 -3.329569e+01
9.999972e-01 8.716761e-04 -2.187203e-03 7.418994e+00 -8.722807e-04 9.999996e-01 -2.756162e-04 -7.486575e-03 2.186962e-03 2.775239e-04 9.999976e-01 -3.331234e+01
9.999896e-01 -9.847888e-04 -4.460631e-03 8.214415e+00 9.856155e-04 9.999995e-01 1.832048e-04 -3.319563e-02 4.460449e-03 -1.876000e-04 9.999900e-01 -3.311205e+01
9.999991e-01 1.007050e-03 -8.488784e-04 8.626836e+00 -1.007269e-03 9.999995e-01 -2.578628e-04 -4.909725e-02 8.486185e-04 2.587182e-04 9.999996e-01 -3.301506e+01
9.999895e-01 -1.054466e-03 -4.460558e-03 8.889592e+00 1.055705e-03 9.999994e-01 2.756035e-04 -6.391136e-02 4.460264e-03 -2.803103e-04 9.999900e-01 -3.275845e+01
9.999989e-01 1.096890e-03 -9.895741e-04 8.937847e+00 -1.097354e-03 9.999993e-01 -4.687325e-04 -7.324675e-02 9.890595e-04 4.698185e-04 9.999994e-01 -3.252362e+01
9.999911e-01 -1.108842e-03 -4.076398e-03 9.268764e+00 1.110152e-03 9.999993e-01 3.194257e-04 -8.835390e-02 4.076041e-03 -3.239489e-04 9.999916e-01 -3.228429e+01
9.999987e-01 1.170993e-03 -1.133715e-03 9.391983e+00 -1.171647e-03 9.999991e-01 -5.768033e-04 -9.650401e-02 1.133039e-03 5.781315e-04 9.999992e-01 -3.204856e+01
9.999851e-01 -8.778020e-04 -5.388329e-03 9.165887e+00 8.798773e-04 9.999995e-01 3.828444e-04 -9.136730e-02 5.387990e-03 -3.875804e-04 9.999854e-01 -3.203899e+01
9.999973e-01 1.124216e-03 -2.049315e-03 8.792686e+00 -1.125217e-03 9.999992e-01 -4.874297e-04 -8.784765e-02 2.048765e-03 4.897350e-04 9.999978e-01 -3.158469e+01
9.999918e-01 -1.054846e-03 -3.909397e-03 8.715055e+00 1.056511e-03 9.999994e-01 4.237224e-04 -9.543080e-02 3.908948e-03 -4.278499e-04 9.999923e-01 -3.104848e+01
9.999805e-01 1.556358e-03 -6.050594e-03 8.045739e+00 -1.557508e-03 9.999988e-01 -1.854462e-04 -7.497153e-02 6.050298e-03 1.948670e-04 9.999817e-01 -3.119520e+01
9.999938e-01 -9.529297e-04 -3.402012e-03 7.446451e+00 9.538398e-04 9.999995e-01 2.659978e-04 -5.458233e-02 3.401757e-03 -2.692418e-04 9.999942e-01 -3.156687e+01
9.999843e-01 1.496595e-03 -5.397123e-03 6.967070e+00 -1.497210e-03 9.999989e-01 -1.100486e-04 -3.980312e-02 5.396953e-03 1.181281e-04 9.999854e-01 -3.188495e+01
9.999901e-01 -1.015699e-03 -4.323855e-03 6.363774e+00 1.017070e-03 9.999994e-01 3.148998e-04 -2.145178e-02 4.323532e-03 -3.192950e-04 9.999906e-01 -3.215010e+01
9.999901e-01 1.309068e-03 -4.244216e-03 5.920221e+00 -1.309251e-03 9.999991e-01 -4.033681e-05 -7.447127e-03 4.244160e-03 4.589379e-05 9.999910e-01 -3.227605e+01
9.999929e-01 -1.217260e-03 -3.562869e-03 5.609988e+00 1.218406e-03 9.999992e-01 3.196812e-04 -1.031356e-03 3.562476e-03 -3.240205e-04 9.999936e-01 -3.217521e+01
9.999940e-01 1.245581e-03 -3.234641e-03 5.952372e+00 -1.245990e-03 9.999992e-01 -1.243407e-04 -2.428217e-02 3.234484e-03 1.283709e-04 9.999948e-01 -3.187926e+01
9.999851e-01 -9.312380e-04 -5.377982e-03 6.756757e+00 9.315343e-04 9.999996e-01 5.265873e-05 -5.886254e-02 5.377931e-03 -5.766834e-05 9.999855e-01 -3.164997e+01
9.999957e-01 1.145561e-03 -2.692656e-03 7.560248e+00 -1.145483e-03 9.999993e-01 3.060292e-05 -8.661809e-02 2.692690e-03 -2.751777e-05 9.999964e-01 -3.155421e+01
9.999868e-01 -1.129704e-03 -5.010433e-03 8.232425e+00 1.132368e-03 9.999992e-01 5.288797e-04 -1.005212e-01 5.009831e-03 -5.345470e-04 9.999873e-01 -3.163545e+01
9.999974e-01 9.656679e-04 -2.054391e-03 9.077467e+00 -9.662217e-04 9.999995e-01 -2.688159e-04 -1.068275e-01 2.054130e-03 2.708008e-04 9.999979e-01 -3.201076e+01
9.999942e-01 -9.684233e-04 -3.271532e-03 9.750967e+00 9.696093e-04 9.999995e-01 3.610688e-04 -1.128406e-01 3.271180e-03 -3.642395e-04 9.999946e-01 -3.238233e+01
9.999932e-01 1.023394e-03 -3.547592e-03 1.044299e+01 -1.023817e-03 9.999995e-01 -1.177328e-04 -1.263793e-01 3.547470e-03 1.213647e-04 9.999937e-01 -3.262983e+01
9.999952e-01 -9.770840e-04 -2.937154e-03 1.119398e+01 9.777592e-04 9.999995e-01 2.286098e-04 -1.469926e-01 2.936929e-03 -2.314812e-04 9.999957e-01 -3.266493e+01
9.999894e-01 8.261875e-04 -4.538029e-03 1.178634e+01 -8.258930e-04 9.999997e-01 6.667013e-05 -1.633077e-01 4.538083e-03 -6.292088e-05 9.999897e-01 -3.248566e+01
9.999959e-01 -1.141767e-03 -2.625054e-03 1.254475e+01 1.141770e-03 9.999993e-01 -3.782455e-07 -1.788341e-01 2.625053e-03 -2.619575e-06 9.999966e-01 -3.245550e+01
9.999809e-01 1.209255e-03 -6.053436e-03 1.356518e+01 -1.208808e-03 9.999993e-01 7.739104e-05 -2.066241e-01 6.053526e-03 -7.007152e-05 9.999817e-01 -3.249807e+01
9.999953e-01 -1.247711e-03 -2.801028e-03 1.465710e+01 1.247530e-03 9.999992e-01 -6.635593e-05 -2.337170e-01 2.801109e-03 6.286065e-05 9.999961e-01 -3.259441e+01
9.999889e-01 1.185358e-03 -4.566740e-03 1.557563e+01 -1.184324e-03 9.999993e-01 2.290387e-04 -2.536198e-01 4.567008e-03 -2.236270e-04 9.999895e-01 -3.275046e+01
9.999923e-01 -1.189231e-03 -3.749149e-03 1.655086e+01 1.188484e-03 9.999993e-01 -2.013595e-04 -2.820289e-01 3.749386e-03 1.969016e-04 9.999930e-01 -3.279643e+01
9.999914e-01 1.232700e-03 -3.959663e-03 1.751513e+01 -1.231911e-03 9.999992e-01 2.016830e-04 -3.069109e-01 3.959909e-03 -1.968027e-04 9.999921e-01 -3.281929e+01
9.999911e-01 -8.961221e-04 -4.132032e-03 1.822661e+01 8.965256e-04 9.999996e-01 9.589311e-05 -3.318417e-01 4.131944e-03 -9.959733e-05 9.999915e-01 -3.277617e+01
9.999908e-01 1.118735e-03 -4.131873e-03 1.900619e+01 -1.118788e-03 9.999994e-01 -1.061072e-05 -3.633810e-01 4.131859e-03 1.523391e-05 9.999915e-01 -3.259429e+01
9.999938e-01 -8.759014e-04 -3.409208e-03 1.962233e+01 8.766471e-04 9.999996e-01 2.173545e-04 -3.901466e-01 3.409016e-03 -2.203425e-04 9.999942e-01 -3.241350e+01
9.999950e-01 9.891199e-04 -2.987142e-03 1.997578e+01 -9.884236e-04 9.999995e-01 2.344428e-04 -4.027275e-01 2.987372e-03 -2.314885e-04 9.999955e-01 -3.236703e+01
9.999970e-01 -8.251773e-04 -2.285489e-03 2.024881e+01 8.251300e-04 9.999997e-01 -2.144717e-05 -4.124620e-01 2.285506e-03 1.956069e-05 9.999974e-01 -3.241013e+01
9.999947e-01 1.138567e-03 -3.046912e-03 2.048263e+01 -1.138516e-03 9.999994e-01 1.836955e-05 -4.137839e-01 3.046931e-03 -1.489990e-05 9.999954e-01 -3.301182e+01
9.999977e-01 -7.119979e-04 -2.018464e-03 2.074270e+01 7.120213e-04 9.999997e-01 1.104859e-05 -4.217070e-01 2.018456e-03 -1.248635e-05 9.999980e-01 -3.328139e+01
9.999942e-01 1.389365e-03 -3.111606e-03 2.071927e+01 -1.391796e-03 9.999987e-01 -7.792688e-04 -4.205590e-01 3.110520e-03 7.835955e-04 9.999949e-01 -3.376528e+01
9.999972e-01 -7.850693e-04 -2.211277e-03 2.063114e+01 7.847720e-04 9.999997e-01 -1.351070e-04 -4.080606e-01 2.211382e-03 1.333707e-04 9.999975e-01 -3.519081e+01
9.999944e-01 1.194194e-03 -3.114164e-03 2.068285e+01 -1.195412e-03 9.999992e-01 -3.894884e-04 -4.017097e-01 3.113697e-03 3.932095e-04 9.999951e-01 -3.622897e+01
9.999974e-01 -8.741040e-04 -2.083798e-03 2.085268e+01 8.740826e-04 9.999996e-01 -1.096394e-05 -4.001860e-01 2.083807e-03 9.141913e-06 9.999978e-01 -3.710861e+01
9.999942e-01 1.600757e-03 -3.009705e-03 2.083601e+01 -1.602579e-03 9.999985e-01 -6.032989e-04 -3.966532e-01 3.008735e-03 6.081193e-04 9.999953e-01 -3.824842e+01
9.999949e-01 -8.384916e-04 -3.084939e-03 2.072872e+01 8.390940e-04 9.999996e-01 1.941213e-04 -3.946646e-01 3.084775e-03 -1.967095e-04 9.999952e-01 -3.924932e+01
9.999957e-01 1.402041e-03 -2.590050e-03 2.075234e+01 -1.402626e-03 9.999990e-01 -2.242118e-04 -3.957689e-01 2.589733e-03 2.278443e-04 9.999966e-01 -3.993128e+01
9.999893e-01 -8.996209e-04 -4.535046e-03 2.074196e+01 9.022675e-04 9.999994e-01 5.816645e-04 -4.004796e-01 4.534520e-03 -5.857507e-04 9.999895e-01 -4.017600e+01
9.999952e-01 1.453651e-03 -2.754013e-03 2.104059e+01 -1.454855e-03 9.999988e-01 -4.351639e-04 -4.077394e-01 2.753377e-03 4.391690e-04 9.999961e-01 -4.059794e+01
9.999930e-01 -8.694428e-04 -3.627786e-03 2.123371e+01 8.709864e-04 9.999995e-01 4.240439e-04 -4.121256e-01 3.627415e-03 -4.272013e-04 9.999933e-01 -4.114544e+01
9.999957e-01 1.514338e-03 -2.514497e-03 2.124497e+01 -1.514996e-03 9.999988e-01 -2.601200e-04 -4.168198e-01 2.514101e-03 2.639289e-04 9.999968e-01 -4.161496e+01
9.999930e-01 -1.093292e-03 -3.591794e-03 2.126064e+01 1.095595e-03 9.999992e-01 6.394338e-04 -4.235769e-01 3.591092e-03 -6.433650e-04 9.999933e-01 -4.183544e+01
9.999968e-01 1.408412e-03 -2.124256e-03 2.145714e+01 -1.409508e-03 9.999989e-01 -5.147362e-04 -4.455210e-01 2.123529e-03 5.177293e-04 9.999976e-01 -4.139189e+01
9.999974e-01 -1.062021e-03 -1.994023e-03 2.162647e+01 1.061581e-03 9.999994e-01 -2.213687e-04 -4.774934e-01 1.994257e-03 2.192507e-04 9.999980e-01 -4.041998e+01
9.999965e-01 1.418402e-03 -2.224492e-03 2.186488e+01 -1.419813e-03 9.999988e-01 -6.331080e-04 -5.167530e-01 2.223592e-03 6.362648e-04 9.999973e-01 -3.938777e+01
9.999931e-01 -1.203353e-03 -3.506983e-03 2.224792e+01 1.204541e-03 9.999992e-01 3.366282e-04 -5.455093e-01 3.506575e-03 -3.408507e-04 9.999938e-01 -3.888831e+01
9.999977e-01 1.309239e-03 -1.704840e-03 2.244208e+01 -1.309758e-03 9.999991e-01 -3.032784e-04 -5.666504e-01 1.704442e-03 3.055112e-04 9.999985e-01 -3.843703e+01
9.999959e-01 -1.094971e-03 -2.644671e-03 2.254980e+01 1.094618e-03 9.999994e-01 -1.346944e-04 -5.927911e-01 2.644817e-03 1.317984e-04 9.999965e-01 -3.759829e+01
9.999958e-01 1.350834e-03 -2.551417e-03 2.263344e+01 -1.350296e-03 9.999991e-01 2.124759e-04 -6.106307e-01 2.551701e-03 -2.090292e-04 9.999967e-01 -3.711756e+01
9.999973e-01 -1.110453e-03 -2.064922e-03 2.281283e+01 1.110041e-03 9.999994e-01 -2.001145e-04 -6.245442e-01 2.065142e-03 1.978212e-04 9.999978e-01 -3.696857e+01
9.999925e-01 1.353948e-03 -3.636538e-03 2.311674e+01 -1.352789e-03 9.999990e-01 3.211369e-04 -6.481178e-01 3.636969e-03 -3.162145e-04 9.999933e-01 -3.658180e+01
9.999986e-01 -1.191313e-03 -1.198765e-03 2.319931e+01 1.190724e-03 9.999992e-01 -4.917287e-04 -6.690256e-01 1.199349e-03 4.903000e-04 9.999992e-01 -3.588580e+01
9.999913e-01 1.392323e-03 -3.923394e-03 2.316376e+01 -1.390988e-03 9.999990e-01 3.429642e-04 -6.805211e-01 3.923867e-03 -3.375032e-04 9.999922e-01 -3.520167e+01
9.999964e-01 -1.065312e-03 -2.457455e-03 2.293908e+01 1.064414e-03 9.999994e-01 -3.663512e-04 -6.806138e-01 2.457844e-03 3.637335e-04 9.999969e-01 -3.475516e+01
9.999946e-01 1.318435e-03 -3.024796e-03 2.294237e+01 -1.317139e-03 9.999990e-01 4.303256e-04 -6.918722e-01 3.025360e-03 -4.263386e-04 9.999953e-01 -3.431554e+01
9.999937e-01 -9.905870e-04 -3.405486e-03 2.337487e+01 9.887613e-04 9.999994e-01 -5.376187e-04 -7.208248e-01 3.406016e-03 5.342476e-04 9.999941e-01 -3.379996e+01
9.999966e-01 1.145504e-03 -2.349744e-03 2.369388e+01 -1.144282e-03 9.999992e-01 5.212269e-04 -7.394251e-01 2.350340e-03 -5.185358e-04 9.999971e-01 -3.343091e+01
9.999904e-01 -5.117982e-04 -4.354024e-03 2.387420e+01 5.086606e-04 9.999996e-01 -7.215905e-04 -7.386696e-01 4.354392e-03 7.193683e-04 9.999903e-01 -3.394118e+01
9.999969e-01 1.346689e-03 -2.081199e-03 2.417434e+01 -1.346524e-03 9.999991e-01 8.060821e-05 -7.275691e-01 2.081306e-03 -7.780501e-05 9.999978e-01 -3.466906e+01
9.999931e-01 -4.982980e-04 -3.689828e-03 2.519128e+01 4.941334e-04 9.999992e-01 -1.129359e-03 -7.173943e-01 3.690388e-03 1.127527e-03 9.999926e-01 -3.594340e+01
9.999982e-01 1.180147e-03 -1.453295e-03 2.594587e+01 -1.179524e-03 9.999992e-01 4.293025e-04 -7.191423e-01 1.453800e-03 -4.275870e-04 9.999989e-01 -3.671073e+01
9.999963e-01 -7.254737e-04 -2.635735e-03 2.667610e+01 7.229922e-04 9.999993e-01 -9.421495e-04 -7.420942e-01 2.636416e-03 9.402398e-04 9.999961e-01 -3.677335e+01
9.999631e-01 1.581501e-03 -8.443034e-03 2.844290e+01 -1.584157e-03 9.999987e-01 -3.079747e-04 -8.006318e-01 8.442536e-03 3.213390e-04 9.999643e-01 -3.647604e+01
9.999967e-01 -1.439548e-03 2.110069e-03 2.993542e+01 1.441935e-03 9.999983e-01 -1.130239e-03 -8.479810e-01 -2.108438e-03 1.133277e-03 9.999971e-01 -3.602654e+01
9.999762e-01 1.979562e-03 -6.614392e-03 3.002252e+01 -1.973802e-03 9.999977e-01 8.771006e-04 -8.609569e-01 6.616113e-03 -8.640237e-04 9.999777e-01 -3.585585e+01
9.999920e-01 -1.752851e-03 3.586975e-03 3.016095e+01 1.760400e-03 9.999962e-01 -2.102727e-03 -8.996832e-01 -3.583275e-03 2.109024e-03 9.999914e-01 -3.447750e+01
9.999831e-01 1.938618e-03 -5.480808e-03 3.036304e+01 -1.939030e-03 9.999981e-01 -6.989395e-05 -9.532486e-01 5.480662e-03 8.052077e-05 9.999850e-01 -3.256908e+01
9.999938e-01 -1.894937e-03 2.953609e-03 3.040298e+01 1.899478e-03 9.999970e-01 -1.535552e-03 -9.875560e-01 -2.950690e-03 1.541152e-03 9.999945e-01 -3.095407e+01
9.999772e-01 2.249077e-03 -6.371930e-03 3.059508e+01 -2.246518e-03 9.999974e-01 4.086595e-04 -1.025855e+00 6.372833e-03 -3.943350e-04 9.999796e-01 -2.974267e+01
9.999979e-01 -1.918144e-03 6.561758e-04 3.133205e+01 1.919014e-03 9.999973e-01 -1.328091e-03 -1.075303e+00 -6.536266e-04 1.329347e-03 9.999989e-01 -2.910584e+01
9.999875e-01 2.267835e-03 -4.452359e-03 3.185100e+01 -2.264342e-03 9.999971e-01 7.892531e-04 -1.100839e+00 4.454137e-03 -7.791611e-04 9.999898e-01 -2.878624e+01
9.999963e-01 -1.704685e-03 -2.125677e-03 3.279616e+01 1.700421e-03 9.999965e-01 -2.005681e-03 -1.149860e+00 2.129089e-03 2.002058e-03 9.999957e-01 -2.797899e+01
9.999920e-01 2.068697e-03 -3.417715e-03 3.362532e+01 -2.064203e-03 9.999970e-01 1.317982e-03 -1.174967e+00 3.420431e-03 -1.310916e-03 9.999933e-01 -2.771771e+01
9.999979e-01 -1.657182e-03 -1.230131e-03 3.406087e+01 1.655136e-03 9.999972e-01 -1.661967e-03 -1.198542e+00 1.232882e-03 1.659927e-03 9.999979e-01 -2.736009e+01
9.999866e-01 2.201598e-03 -4.677818e-03 3.480385e+01 -2.195906e-03 9.999968e-01 1.221488e-03 -1.233334e+00 4.680492e-03 -1.211199e-03 9.999883e-01 -2.704733e+01
9.999977e-01 -2.125798e-03 6.278917e-05 3.513922e+01 2.125905e-03 9.999962e-01 -1.761971e-03 -1.263314e+00 -5.904338e-05 1.762100e-03 9.999984e-01 -2.638777e+01
9.999879e-01 2.412407e-03 -4.282145e-03 3.527998e+01 -2.406919e-03 9.999963e-01 1.286141e-03 -1.291359e+00 4.285232e-03 -1.275818e-03 9.999900e-01 -2.555473e+01
9.999977e-01 -2.139984e-03 1.483492e-04 3.544776e+01 2.140245e-03 9.999961e-01 -1.784574e-03 -1.319890e+00 -1.445297e-04 1.784887e-03 9.999984e-01 -2.476319e+01
9.999867e-01 2.519268e-03 -4.495300e-03 3.581794e+01 -2.514973e-03 9.999964e-01 9.606852e-04 -1.356994e+00 4.497704e-03 -9.493664e-04 9.999894e-01 -2.389322e+01
9.999970e-01 -2.325500e-03 7.473055e-04 3.590998e+01 2.326737e-03 9.999959e-01 -1.658527e-03 -1.386532e+00 -7.434456e-04 1.660260e-03 9.999983e-01 -2.290746e+01
9.999843e-01 2.575602e-03 -4.970884e-03 3.596197e+01 -2.570535e-03 9.999962e-01 1.025240e-03 -1.408959e+00 4.973505e-03 -1.012445e-03 9.999871e-01 -2.193532e+01
9.999982e-01 -1.872199e-03 -3.858865e-06 3.617918e+01 1.872191e-03 9.999973e-01 -1.364605e-03 -1.425836e+00 6.413630e-06 1.364594e-03 9.999991e-01 -2.184991e+01
9.999868e-01 2.307576e-03 -4.599997e-03 3.690807e+01 -2.303972e-03 9.999970e-01 7.886470e-04 -1.451687e+00 4.601803e-03 -7.780378e-04 9.999891e-01 -2.187135e+01
9.999980e-01 -1.860810e-03 -7.779612e-04 3.767543e+01 1.859793e-03 9.999974e-01 -1.305026e-03 -1.468693e+00 7.803875e-04 1.303576e-03 9.999988e-01 -2.210142e+01
9.999874e-01 2.407363e-03 -4.397657e-03 3.805285e+01 -2.403885e-03 9.999968e-01 7.957369e-04 -1.467185e+00 4.399558e-03 -7.851549e-04 9.999900e-01 -2.299088e+01
9.999974e-01 -2.103328e-03 8.678505e-04 3.858747e+01 2.104719e-03 9.999965e-01 -1.605336e-03 -1.458963e+00 -8.644710e-04 1.607158e-03 9.999983e-01 -2.414727e+01
9.999756e-01 2.733485e-03 -6.434691e-03 3.859269e+01 -2.725143e-03 9.999954e-01 1.304708e-03 -1.457867e+00 6.438228e-03 -1.287140e-03 9.999784e-01 -2.502957e+01
9.999973e-01 -2.005934e-03 1.212018e-03 3.862945e+01 2.007970e-03 9.999966e-01 -1.681265e-03 -1.456383e+00 -1.208641e-03 1.683693e-03 9.999979e-01 -2.597223e+01
9.999785e-01 2.904214e-03 -5.871874e-03 3.869339e+01 -2.899845e-03 9.999955e-01 7.523722e-04 -1.449081e+00 5.874033e-03 -7.353280e-04 9.999825e-01 -2.737641e+01
9.999980e-01 -1.817667e-03 8.713507e-04 3.865167e+01 1.819040e-03 9.999971e-01 -1.577790e-03 -1.442322e+00 -8.684803e-04 1.579371e-03 9.999984e-01 -2.873182e+01
9.999802e-01 2.454577e-03 -5.786819e-03 3.878491e+01 -2.448233e-03 9.999964e-01 1.102863e-03 -1.439748e+00 5.789505e-03 -1.088674e-03 9.999826e-01 -2.973065e+01
9.999976e-01 -1.732692e-03 1.357010e-03 3.895906e+01 1.735409e-03 9.999965e-01 -2.003666e-03 -1.432224e+00 -1.353533e-03 2.006015e-03 9.999971e-01 -3.105625e+01
9.999705e-01 2.211662e-03 -7.357003e-03 3.988403e+01 -2.200010e-03 9.999963e-01 1.591517e-03 -1.436348e+00 7.360496e-03 -1.575284e-03 9.999717e-01 -3.173596e+01
9.999976e-01 -1.802848e-03 -1.229945e-03 4.122578e+01 1.800104e-03 9.999959e-01 -2.228542e-03 -1.471078e+00 1.233958e-03 2.226322e-03 9.999968e-01 -3.180703e+01
9.999876e-01 2.353417e-03 -4.378016e-03 4.190625e+01 -2.346847e-03 9.999961e-01 1.505107e-03 -1.469181e+00 4.381541e-03 -1.494813e-03 9.999893e-01 -3.270465e+01
9.999981e-01 -1.703269e-03 9.072137e-04 4.210214e+01 1.705583e-03 9.999953e-01 -2.556125e-03 -1.459834e+00 -9.028557e-04 2.557667e-03 9.999963e-01 -3.407724e+01
9.999799e-01 2.309790e-03 -5.899302e-03 4.229557e+01 -2.295891e-03 9.999946e-01 2.361505e-03 -1.460563e+00 5.904724e-03 -2.347913e-03 9.999798e-01 -3.478617e+01
9.999973e-01 -1.969464e-03 1.237010e-03 4.265285e+01 1.972365e-03 9.999953e-01 -2.349255e-03 -1.470542e+00 -1.232378e-03 2.351688e-03 9.999965e-01 -3.501105e+01
9.999787e-01 2.272025e-03 -6.122663e-03 4.272417e+01 -2.257823e-03 9.999947e-01 2.325349e-03 -1.483340e+00 6.127914e-03 -2.311475e-03 9.999786e-01 -3.479271e+01
9.999979e-01 -1.846584e-03 9.213195e-04 4.306697e+01 1.848867e-03 9.999952e-01 -2.483135e-03 -1.486478e+00 -9.167298e-04 2.484833e-03 9.999965e-01 -3.534342e+01
9.999785e-01 2.281064e-03 -6.144830e-03 4.343652e+01 -2.266217e-03 9.999945e-01 2.421941e-03 -1.494970e+00 6.150321e-03 -2.407963e-03 9.999782e-01 -3.572602e+01
