9.999950e-01 6.319459e-04 -3.111842e-03 3.771081e-01 -6.382499e-04 9.999977e-01 -2.025231e-03 -5.340914e-02 3.110555e-03 2.027207e-03 9.999931e-01 1.662997e+00
9.999995e-01 -1.829532e-04 -1.008896e-03 7.449976e-01 1.837416e-04 9.999997e-01 7.813425e-04 -9.821976e-02 1.008753e-03 -7.815268e-04 9.999992e-01 2.797029e+00
9.999936e-01 5.966254e-04 -3.529160e-03 1.067739e+00 -6.008548e-04 9.999991e-01 -1.197458e-03 -1.275291e-01 3.528442e-03 1.199570e-03 9.999931e-01 3.155416e+00
9.999989e-01 -2.218730e-04 -1.464949e-03 1.541047e+00 2.229454e-04 9.999997e-01 7.318666e-04 -1.602355e-01 1.464786e-03 -7.321917e-04 9.999987e-01 3.461986e+00
9.999913e-01 4.029104e-04 -4.154717e-03 2.182852e+00 -4.077006e-04 9.999993e-01 -1.152184e-03 -1.915048e-01 4.154249e-03 1.153867e-03 9.999907e-01 3.689285e+00
9.999997e-01 -2.291942e-04 -6.761734e-04 2.732073e+00 2.295927e-04 9.999998e-01 5.893009e-04 -2.274395e-01 6.760385e-04 -5.894553e-04 9.999996e-01 4.097523e+00
9.999833e-01 5.945783e-04 -5.744093e-03 3.325650e+00 -6.006233e-04 9.999993e-01 -1.050720e-03 -2.641179e-01 5.743463e-03 1.054152e-03 9.999830e-01 4.489636e+00
9.999998e-01 -5.704191e-04 3.300638e-05 4.117415e+00 5.703948e-04 9.999996e-01 7.328775e-04 -2.807994e-01 -3.342408e-05 -7.328579e-04 9.999997e-01 4.235415e+00
9.999846e-01 5.091538e-04 -5.519541e-03 4.913218e+00 -5.148588e-04 9.999993e-01 -1.032224e-03 -2.948625e-01 5.519011e-03 1.035049e-03 9.999842e-01 3.937080e+00
9.999992e-01 -3.072089e-04 1.256100e-03 5.269475e+00 3.060833e-04 9.999996e-01 8.962314e-04 -3.030617e-01 -1.256374e-03 -8.958454e-04 9.999988e-01 3.628047e+00
9.999770e-01 8.479950e-04 -6.724838e-03 5.813068e+00 -8.569199e-04 9.999988e-01 -1.324379e-03 -3.053563e-01 6.723707e-03 1.330111e-03 9.999765e-01 2.861598e+00
9.999999e-01 -3.737431e-04 -2.825563e-04 7.025972e+00 3.738073e-04 9.999999e-01 2.270771e-04 -3.008902e-01 2.824717e-04 -2.271819e-04 9.999999e-01 1.660667e+00
9.999932e-01 4.748078e-04 -3.644018e-03 7.499600e+00 -4.785454e-04 9.999994e-01 -1.024860e-03 -3.020347e-01 3.643528e-03 1.026596e-03 9.999928e-01 8.073484e-01
9.999993e-01 -2.516164e-04 -1.122765e-03 8.215351e+00 2.523666e-04 9.999997e-01 6.680248e-04 -3.184537e-01 1.122597e-03 -6.683070e-04 9.999991e-01 6.189754e-01
9.999939e-01 6.519625e-04 -3.441088e-03 8.988885e+00 -6.558304e-04 9.999992e-01 -1.122994e-03 -3.382900e-01 3.440353e-03 1.125243e-03 9.999934e-01 5.665903e-01
9.999884e-01 1.989045e-04 -4.813089e-03 1.078618e+01 -1.991888e-04 1.000000e+00 -5.861191e-05 -3.414976e-01 4.813077e-03 5.957066e-05 9.999884e-01 -5.630566e-01
9.999972e-01 8.003554e-04 -2.238536e-03 1.345018e+01 -8.053433e-04 9.999972e-01 -2.228156e-03 -3.201552e-01 2.236746e-03 2.229952e-03 9.999950e-01 -2.742933e+00
9.999853e-01 2.661960e-04 -5.406744e-03 1.609327e+01 -2.695449e-04 9.999998e-01 -6.186766e-04 -2.848280e-01 5.406579e-03 6.201256e-04 9.999852e-01 -5.578806e+00
9.999975e-01 9.156370e-04 -2.046282e-03 1.772644e+01 -9.191528e-04 9.999981e-01 -1.717830e-03 -2.576414e-01 2.044705e-03 1.719706e-03 9.999964e-01 -7.938464e+00
9.999774e-01 3.736482e-04 -6.714331e-03 1.924875e+01 -3.778165e-04 9.999997e-01 -6.195521e-04 -2.228714e-01 6.714098e-03 6.220756e-04 9.999773e-01 -1.040994e+01
9.999996e-01 6.888026e-04 -5.638769e-04 2.112430e+01 -6.899583e-04 9.999977e-01 -2.051818e-03 -1.889217e-01 5.624620e-04 2.052205e-03 9.999977e-01 -1.317360e+01
9.999864e-01 4.180573e-04 -5.196857e-03 2.264837e+01 -4.210344e-04 9.999997e-01 -5.717879e-04 -1.559178e-01 5.196617e-03 5.739689e-04 9.999863e-01 -1.587997e+01
9.999929e-01 8.576498e-04 -3.667981e-03 2.460736e+01 -8.644395e-04 9.999979e-01 -1.849860e-03 -1.300148e-01 3.666387e-03 1.853017e-03 9.999916e-01 -1.833995e+01
9.999969e-01 -2.385162e-05 -2.473733e-03 2.599861e+01 2.399808e-05 1.000000e+00 5.914460e-05 -1.304163e-01 2.473732e-03 -5.920307e-05 9.999969e-01 -1.958650e+01
9.999906e-01 1.088019e-03 -4.190044e-03 2.792458e+01 -1.100165e-03 9.999952e-01 -2.897497e-03 -9.547799e-02 4.186871e-03 2.902078e-03 9.999870e-01 -2.240144e+01
9.999963e-01 1.036556e-04 -2.710717e-03 3.025518e+01 -1.044987e-04 9.999999e-01 -3.109299e-04 -5.451009e-02 2.710685e-03 3.112127e-04 9.999963e-01 -2.555922e+01
9.999829e-01 1.506263e-03 -5.643933e-03 3.246713e+01 -1.524311e-03 9.999937e-01 -3.194775e-03 -7.868201e-03 5.639085e-03 3.203322e-03 9.999790e-01 -2.904651e+01
9.999951e-01 2.665877e-05 -3.140375e-03 3.395947e+01 -2.518396e-05 9.999999e-01 4.696367e-04 3.038687e-02 3.140388e-03 -4.695546e-04 9.999950e-01 -3.176684e+01
9.999903e-01 1.056279e-03 -4.265761e-03 3.541325e+01 -1.067808e-03 9.999958e-01 -2.701154e-03 5.981012e-02 4.262890e-03 2.705682e-03 9.999873e-01 -3.426159e+01
9.999909e-01 4.407554e-04 -4.243124e-03 3.726224e+01 -4.403825e-04 9.999999e-01 8.880716e-05 9.459839e-02 4.243163e-03 -8.693705e-05 9.999910e-01 -3.713108e+01
9.999823e-01 1.224110e-03 -5.825611e-03 3.841535e+01 -1.239869e-03 9.999956e-01 -2.702353e-03 1.374993e-01 5.822277e-03 2.709527e-03 9.999794e-01 -3.974591e+01
9.999882e-01 4.911132e-04 -4.842153e-03 3.908135e+01 -4.904124e-04 9.999999e-01 1.458975e-04 1.857103e-01 4.842225e-03 -1.435204e-04 9.999883e-01 -4.236193e+01
9.999768e-01 1.349077e-03 -6.672542e-03 3.958538e+01 -1.366266e-03 9.999958e-01 -2.572206e-03 2.371787e-01 6.669044e-03 2.581262e-03 9.999744e-01 -4.476817e+01
9.999813e-01 2.493976e-04 -6.118379e-03 3.975642e+01 -2.469336e-04 9.999999e-01 4.034607e-04 2.842377e-01 6.118479e-03 -4.019416e-04 9.999812e-01 -4.666448e+01
9.999915e-01 1.446470e-03 -3.850875e-03 4.108132e+01 -1.457441e-03 9.999949e-01 -2.847836e-03 3.137089e-01 3.846736e-03 2.853424e-03 9.999885e-01 -4.881204e+01
9.999596e-01 4.069912e-04 -8.981900e-03 4.184549e+01 -4.032948e-04 9.999998e-01 4.133295e-04 3.557014e-01 8.982067e-03 -4.096897e-04 9.999596e-01 -5.094904e+01
9.999982e-01 1.369619e-03 -1.302958e-03 4.367958e+01 -1.374049e-03 9.999933e-01 -3.405171e-03 3.855487e-01 1.298286e-03 3.406954e-03 9.999934e-01 -5.335881e+01
9.999664e-01 1.078681e-06 -8.200290e-03 4.501860e+01 1.318445e-05 9.999985e-01 1.739275e-03 3.750187e-01 8.200280e-03 -1.739324e-03 9.999649e-01 -5.413493e+01
9.999986e-01 1.652006e-03 -6.130667e-05 4.762871e+01 -1.652284e-03 9.999869e-01 -4.842297e-03 3.795531e-01 5.330605e-05 4.842391e-03 9.999883e-01 -5.615494e+01
9.999585e-01 -2.058944e-04 -9.104379e-03 4.961311e+01 2.228901e-04 9.999982e-01 1.865772e-03 3.879339e-01 9.103979e-03 -1.867724e-03 9.999568e-01 -5.801451e+01
9.999962e-01 1.351467e-03 2.398675e-03 5.138709e+01 -1.341513e-03 9.999905e-01 -4.146615e-03 3.668056e-01 -2.404257e-03 4.143381e-03 9.999885e-01 -5.869061e+01
9.999506e-01 -3.778030e-04 -9.931821e-03 5.355748e+01 3.918267e-04 9.999989e-01 1.410083e-03 2.900107e-01 9.931278e-03 -1.413904e-03 9.999497e-01 -5.746936e+01
9.999954e-01 1.552892e-03 2.611459e-03 5.526594e+01 -1.540985e-03 9.999884e-01 -4.555319e-03 2.127227e-01 -2.618503e-03 4.551273e-03 9.999862e-01 -5.602559e+01
9.999481e-01 -3.716091e-04 -1.018093e-02 5.705858e+01 3.909277e-04 9.999981e-01 1.895587e-03 1.561075e-01 1.018021e-02 -1.899468e-03 9.999464e-01 -5.507136e+01
9.999929e-01 1.148933e-03 3.588047e-03 5.811461e+01 -1.132399e-03 9.999887e-01 -4.606607e-03 9.619944e-02 -3.593299e-03 4.602510e-03 9.999830e-01 -5.335604e+01
9.999420e-01 -3.879207e-04 -1.076194e-02 5.869385e+01 4.180729e-04 9.999960e-01 2.799625e-03 5.574180e-02 1.076081e-02 -2.803961e-03 9.999382e-01 -5.202095e+01
9.999983e-01 1.455090e-03 1.142133e-03 5.928763e+01 -1.449870e-03 9.999886e-01 -4.558497e-03 3.096801e-02 -1.148753e-03 4.556832e-03 9.999890e-01 -5.136627e+01
9.999537e-01 -7.713448e-04 -9.591122e-03 5.960248e+01 8.016502e-04 9.999947e-01 3.156266e-03 1.056592e-02 9.588636e-03 -3.163808e-03 9.999490e-01 -5.053326e+01
9.999976e-01 1.347821e-03 1.698975e-03 5.933557e+01 -1.340631e-03 9.999902e-01 -4.225974e-03 1.685100e-03 -1.704654e-03 4.223686e-03 9.999896e-01 -4.964485e+01
9.998607e-01 5.375866e-04 -1.668369e-02 5.859176e+01 -4.910355e-04 9.999960e-01 2.794176e-03 4.382553e-02 1.668513e-02 -2.785594e-03 9.998569e-01 -5.053832e+01
9.999426e-01 8.814609e-05 1.071778e-02 5.904854e+01 -5.118479e-05 9.999941e-01 -3.448838e-03 7.237940e-03 -1.071802e-02 3.448091e-03 9.999366e-01 -4.986056e+01
9.998662e-01 4.457832e-04 -1.635275e-02 5.965505e+01 -4.094694e-04 9.999974e-01 2.223920e-03 -3.966592e-02 1.635370e-02 -2.216926e-03 9.998638e-01 -4.893964e+01
9.999479e-01 -8.411807e-05 1.020458e-02 6.016182e+01 1.084214e-04 9.999972e-01 -2.381103e-03 -4.176711e-02 -1.020435e-02 2.382084e-03 9.999451e-01 -4.959250e+01
9.998797e-01 8.172854e-05 -1.551009e-02 6.066867e+01 -4.790900e-05 9.999976e-01 2.180834e-03 -4.863943e-02 1.551023e-02 -2.179828e-03 9.998773e-01 -5.007937e+01
9.999523e-01 -6.953096e-05 9.768911e-03 6.109219e+01 8.975002e-05 9.999979e-01 -2.069331e-03 -6.989273e-02 -9.768746e-03 2.070108e-03 9.999501e-01 -4.988885e+01
9.999140e-01 3.768532e-04 -1.310860e-02 6.130473e+01 -3.626540e-04 9.999993e-01 1.085547e-03 -1.112991e-01 1.310900e-02 -1.080699e-03 9.999135e-01 -4.859518e+01
9.999619e-01 -2.136974e-04 8.723781e-03 6.161835e+01 2.340944e-04 9.999972e-01 -2.337156e-03 -1.567533e-01 -8.723258e-03 2.339109e-03 9.999592e-01 -4.737568e+01
9.998918e-01 3.455499e-04 -1.470492e-02 6.154386e+01 -3.082718e-04 9.999967e-01 2.537255e-03 -1.680074e-01 1.470575e-02 -2.532446e-03 9.998887e-01 -4.686446e+01
9.999806e-01 -9.924586e-05 6.228786e-03 6.151336e+01 1.118017e-04 9.999980e-01 -2.015498e-03 -1.734885e-01 -6.228573e-03 2.016155e-03 9.999786e-01 -4.680471e+01
9.999119e-01 1.962247e-04 -1.327061e-02 6.173090e+01 -1.701582e-04 9.999981e-01 1.965309e-03 -1.691297e-01 1.327097e-02 -1.962877e-03 9.999100e-01 -4.744252e+01
9.999715e-01 2.980799e-05 7.546658e-03 6.202479e+01 -1.088428e-05 9.999969e-01 -2.507617e-03 -1.614666e-01 -7.546709e-03 2.507463e-03 9.999684e-01 -4.851469e+01
9.999047e-01 1.039277e-04 -1.380842e-02 6.252108e+01 -7.360093e-05 9.999976e-01 2.196726e-03 -1.570295e-01 1.380861e-02 -2.195500e-03 9.999022e-01 -4.943473e+01
9.999710e-01 1.996099e-04 7.615797e-03 6.332593e+01 -1.810725e-04 9.999970e-01 -2.434705e-03 -1.618145e-01 -7.616261e-03 2.433255e-03 9.999680e-01 -4.999422e+01
9.999134e-01 -9.130730e-06 -1.316236e-02 6.392425e+01 3.450535e-05 9.999981e-01 1.927576e-03 -1.581363e-01 1.316232e-02 -1.927862e-03 9.999115e-01 -5.093112e+01
9.999721e-01 1.931319e-04 7.462037e-03 6.471682e+01 -1.753988e-04 9.999972e-01 -2.377061e-03 -1.600862e-01 -7.462476e-03 2.375685e-03 9.999693e-01 -5.167936e+01
9.999090e-01 2.121655e-05 -1.349234e-02 6.538559e+01 7.344892e-06 9.999978e-01 2.116795e-03 -1.643144e-01 1.349236e-02 -2.116701e-03 9.999067e-01 -5.228050e+01
9.999757e-01 2.209601e-04 6.973457e-03 6.619932e+01 -2.034782e-04 9.999968e-01 -2.507554e-03 -1.670264e-01 -6.973990e-03 2.506074e-03 9.999725e-01 -5.299364e+01
9.999281e-01 2.261232e-05 -1.198923e-02 6.660326e+01 -1.280746e-06 9.999984e-01 1.779216e-03 -1.617089e-01 1.198925e-02 -1.779072e-03 9.999265e-01 -5.409091e+01
9.999748e-01 2.381049e-04 7.098900e-03 6.700450e+01 -2.197388e-04 9.999966e-01 -2.587866e-03 -1.543617e-01 -7.099493e-03 2.586240e-03 9.999715e-01 -5.527234e+01
9.999226e-01 -1.137637e-05 -1.243920e-02 6.774820e+01 3.497029e-05 9.999982e-01 1.896507e-03 -1.495990e-01 1.243915e-02 -1.896795e-03 9.999208e-01 -5.629225e+01
9.999685e-01 2.706709e-04 7.935837e-03 6.815612e+01 -2.480885e-04 9.999959e-01 -2.846498e-03 -1.403822e-01 -7.936576e-03 2.844439e-03 9.999645e-01 -5.760073e+01
9.999210e-01 3.217902e-04 -1.256379e-02 6.815688e+01 -3.044733e-04 9.999990e-01 1.380187e-03 -1.275905e-01 1.256422e-02 -1.376252e-03 9.999201e-01 -5.935682e+01
9.999655e-01 3.445518e-05 8.301122e-03 6.860000e+01 -1.484558e-05 9.999972e-01 -2.362359e-03 -1.205242e-01 -8.301180e-03 2.362154e-03 9.999628e-01 -6.058464e+01
9.999233e-01 4.148806e-04 -1.237521e-02 6.893694e+01 -3.984290e-04 9.999990e-01 1.331819e-03 -1.120262e-01 1.237575e-02 -1.326785e-03 9.999225e-01 -6.191163e+01
9.999693e-01 -2.149327e-05 7.830469e-03 6.908265e+01 3.899519e-05 9.999975e-01 -2.234988e-03 -1.030958e-01 -7.830401e-03 2.235224e-03 9.999668e-01 -6.326233e+01
9.999163e-01 3.851617e-04 -1.292966e-02 6.926952e+01 -3.664689e-04 9.999989e-01 1.448058e-03 -9.592685e-02 1.293021e-02 -1.443198e-03 9.999154e-01 -6.450807e+01
9.999645e-01 -1.353111e-04 8.430072e-03 6.949063e+01 1.528711e-04 9.999978e-01 -2.082434e-03 -9.010217e-02 -8.429772e-03 2.083648e-03 9.999623e-01 -6.555800e+01
9.999154e-01 5.925874e-04 -1.299668e-02 6.964863e+01 -5.777081e-04 9.999992e-01 1.148560e-03 -8.072478e-02 1.299735e-02 -1.140954e-03 9.999149e-01 -6.695244e+01
9.999633e-01 -1.909085e-04 8.564977e-03 6.988790e+01 2.115443e-04 9.999971e-01 -2.408504e-03 -6.896817e-02 -8.564492e-03 2.410227e-03 9.999604e-01 -6.854580e+01
9.999100e-01 3.414308e-04 -1.341357e-02 7.036775e+01 -3.180706e-04 9.999984e-01 1.743614e-03 -6.166660e-02 1.341414e-02 -1.739190e-03 9.999085e-01 -6.962931e+01
9.999762e-01 -9.550948e-05 6.902648e-03 7.109246e+01 1.090905e-04 9.999981e-01 -1.967191e-03 -6.139758e-02 -6.902447e-03 1.967896e-03 9.999742e-01 -7.039868e+01
9.999170e-01 2.103637e-04 -1.288217e-02 7.150485e+01 -1.918684e-04 9.999989e-01 1.436929e-03 -5.525258e-02 1.288246e-02 -1.434337e-03 9.999160e-01 -7.142892e+01
9.999754e-01 -1.560609e-04 7.012167e-03 7.196921e+01 1.680180e-04 9.999985e-01 -1.704675e-03 -5.433575e-02 -7.011891e-03 1.705811e-03 9.999740e-01 -7.215528e+01
9.999240e-01 2.740020e-04 -1.232574e-02 7.235239e+01 -2.577886e-04 9.999991e-01 1.316963e-03 -4.929152e-02 1.232609e-02 -1.313685e-03 9.999232e-01 -7.305670e+01
9.999790e-01 -1.597935e-04 6.484797e-03 7.248161e+01 1.706252e-04 9.999986e-01 -1.669844e-03 -4.337680e-02 -6.484521e-03 1.670915e-03 9.999776e-01 -7.385083e+01
9.999043e-01 3.639085e-04 -1.382780e-02 7.321866e+01 -3.408240e-04 9.999985e-01 1.671736e-03 -5.556820e-02 1.382839e-02 -1.666862e-03 9.999030e-01 -7.416171e+01
9.999729e-01 -3.574887e-04 7.355559e-03 7.386537e+01 3.696443e-04 9.999986e-01 -1.651311e-03 -6.344879e-02 -7.354958e-03 1.653984e-03 9.999716e-01 -7.450524e+01
9.999089e-01 3.778339e-04 -1.349390e-02 7.439975e+01 -3.540420e-04 9.999984e-01 1.765488e-03 -6.691258e-02 1.349454e-02 -1.760549e-03 9.999074e-01 -7.494227e+01
9.999806e-01 -2.396261e-04 6.220831e-03 7.501293e+01 2.483155e-04 9.999990e-01 -1.396126e-03 -7.261829e-02 -6.220490e-03 1.397643e-03 9.999797e-01 -7.525667e+01
9.999144e-01 2.206181e-04 -1.308574e-02 7.572840e+01 -2.008826e-04 9.999988e-01 1.509444e-03 -7.768938e-02 1.308606e-02 -1.506685e-03 9.999132e-01 -7.563900e+01
9.999824e-01 -1.764128e-04 5.938119e-03 7.630919e+01 1.836070e-04 9.999992e-01 -1.211034e-03 -8.262936e-02 -5.937901e-03 1.212102e-03 9.999816e-01 -7.592897e+01
9.999090e-01 3.914999e-04 -1.348452e-02 7.718177e+01 -3.733858e-04 9.999990e-01 1.345800e-03 -9.050829e-02 1.348503e-02 -1.340642e-03 9.999082e-01 -7.625104e+01
9.999702e-01 -3.881554e-04 7.710245e-03 7.758883e+01 3.983945e-04 9.999990e-01 -1.326522e-03 -1.098952e-01 -7.709723e-03 1.329553e-03 9.999694e-01 -7.600434e+01
9.998977e-01 7.214292e-04 -1.428380e-02 7.810173e+01 -7.052505e-04 9.999991e-01 1.137652e-03 -1.432390e-01 1.428461e-02 -1.127461e-03 9.998973e-01 -7.557868e+01
9.999822e-01 -5.130762e-04 5.937962e-03 7.905849e+01 5.185743e-04 9.999994e-01 -9.244578e-04 -1.571444e-01 -5.937485e-03 9.275200e-04 9.999819e-01 -7.586758e+01
9.998875e-01 5.845004e-04 -1.498631e-02 8.027315e+01 -5.715905e-04 9.999995e-01 8.656941e-04 -1.777898e-01 1.498681e-02 -8.570301e-04 9.998873e-01 -7.613498e+01
9.999668e-01 -4.139451e-04 8.141882e-03 8.145648e+01 4.245369e-04 9.999991e-01 -1.299246e-03 -1.844186e-01 -8.141337e-03 1.302659e-03 9.999660e-01 -7.675912e+01
9.998507e-01 4.833365e-04 -1.727142e-02 8.258448e+01 -4.596020e-04 9.999989e-01 1.378136e-03 -1.996410e-01 1.727207e-02 -1.369992e-03 9.998499e-01 -7.710201e+01
9.999676e-01 -3.474840e-04 8.043175e-03 8.358340e+01 3.577759e-04 9.999991e-01 -1.278209e-03 -2.174616e-01 -8.042724e-03 1.281044e-03 9.999668e-01 -7.723421e+01
9.998556e-01 5.407360e-04 -1.698694e-02 8.481992e+01 -5.231701e-04 9.999993e-01 1.038494e-03 -2.486445e-01 1.698749e-02 -1.029456e-03 9.998552e-01 -7.726686e+01
9.999689e-01 -2.874967e-04 7.887713e-03 8.616561e+01 2.985346e-04 9.999990e-01 -1.398277e-03 -2.854839e-01 -7.887303e-03 1.400588e-03 9.999679e-01 -7.726692e+01
9.998745e-01 4.436864e-04 -1.583853e-02 8.714554e+01 -4.217109e-04 9.999989e-01 1.390770e-03 -2.987542e-01 1.583913e-02 -1.383916e-03 9.998736e-01 -7.755827e+01
9.999747e-01 -1.247436e-04 7.116552e-03 8.824258e+01 1.343502e-04 9.999991e-01 -1.349481e-03 -3.134205e-01 -7.116378e-03 1.350402e-03 9.999738e-01 -7.794137e+01
9.998800e-01 3.829028e-04 -1.548905e-02 8.953060e+01 -3.674970e-04 9.999994e-01 9.974437e-04 -3.246765e-01 1.548942e-02 -9.916312e-04 9.998795e-01 -7.847519e+01
9.999786e-01 -1.608331e-04 6.542164e-03 9.069520e+01 1.676696e-04 9.999994e-01 -1.044500e-03 -3.462403e-01 -6.541993e-03 1.045574e-03 9.999781e-01 -7.870150e+01
9.998328e-01 6.986350e-04 -1.827291e-02 9.234420e+01 -6.911211e-04 9.999997e-01 4.175047e-04 -3.913493e-01 1.827319e-02 -4.048055e-04 9.998329e-01 -7.866840e+01
9.999400e-01 -5.874510e-04 1.093640e-02 9.316464e+01 5.920212e-04 9.999997e-01 -4.146774e-04 -4.058843e-01 -1.093615e-02 4.211265e-04 9.999401e-01 -7.878280e+01
9.998223e-01 8.311346e-04 -1.883421e-02 9.367693e+01 -8.159997e-04 9.999993e-01 8.112404e-04 -4.197996e-01 1.883487e-02 -7.957269e-04 9.998223e-01 -7.875248e+01
9.999410e-01 -4.606787e-04 1.085623e-02 9.479358e+01 4.727968e-04 9.999993e-01 -1.113726e-03 -4.386101e-01 -1.085571e-02 1.118793e-03 9.999404e-01 -7.903699e+01
9.998402e-01 8.707706e-04 -1.785518e-02 9.569583e+01 -8.608132e-04 9.999995e-01 5.653370e-04 -4.676728e-01 1.785566e-02 -5.498760e-04 9.998404e-01 -7.882141e+01
9.999401e-01 -4.201769e-04 1.093485e-02 9.658933e+01 4.300302e-04 9.999995e-01 -8.987848e-04 -4.909576e-01 -1.093447e-02 9.034326e-04 9.999398e-01 -7.882797e+01
9.998310e-01 7.863703e-04 -1.836781e-02 9.757402e+01 -7.830327e-04 9.999997e-01 1.888857e-04 -5.269229e-01 1.836795e-02 -1.744706e-04 9.998313e-01 -7.846263e+01
9.999547e-01 -2.960573e-04 9.518002e-03 9.893416e+01 3.054576e-04 9.999995e-01 -9.862363e-04 -5.703418e-01 -9.517705e-03 9.890983e-04 9.999542e-01 -7.830893e+01
9.998185e-01 4.996700e-04 -1.904756e-02 1.005058e+02 -4.956986e-04 9.999999e-01 2.132057e-04 -6.057499e-01 1.904767e-02 -2.037245e-04 9.998186e-01 -7.840999e+01
9.999236e-01 -1.140729e-04 1.236101e-02 1.016720e+02 1.251913e-04 9.999996e-01 -8.987313e-04 -6.283150e-01 -1.236090e-02 9.002095e-04 9.999232e-01 -7.862242e+01
9.998501e-01 5.129121e-04 -1.730619e-02 1.023552e+02 -5.034930e-04 9.999997e-01 5.485954e-04 -6.382884e-01 1.730647e-02 -5.397990e-04 9.998501e-01 -7.896706e+01
9.999371e-01 -1.012736e-04 1.121940e-02 1.030757e+02 1.102625e-04 9.999997e-01 -8.006073e-04 -6.422865e-01 -1.121932e-02 8.017934e-04 9.999367e-01 -7.957567e+01
9.998420e-01 5.336914e-04 -1.776957e-02 1.039101e+02 -5.212035e-04 9.999996e-01 7.073769e-04 -6.510606e-01 1.776994e-02 -6.980029e-04 9.998419e-01 -7.999151e+01
9.999452e-01 -1.643353e-04 1.046299e-02 1.048371e+02 1.729522e-04 9.999996e-01 -8.226977e-04 -6.646799e-01 -1.046285e-02 8.244616e-04 9.999449e-01 -8.028955e+01
9.998484e-01 5.930535e-04 -1.740355e-02 1.056467e+02 -5.791779e-04 9.999995e-01 8.022969e-04 -6.755704e-01 1.740401e-02 -7.920949e-04 9.998482e-01 -8.063330e+01
9.999468e-01 -1.789377e-04 1.031122e-02 1.065114e+02 1.874046e-04 9.999996e-01 -8.201981e-04 -6.873718e-01 -1.031107e-02 8.220862e-04 9.999465e-01 -8.096025e+01
9.998666e-01 6.122602e-04 -1.632178e-02 1.071929e+02 -5.989217e-04 9.999995e-01 8.220762e-04 -6.959529e-01 1.632228e-02 -8.121905e-04 9.998665e-01 -8.131456e+01
9.999524e-01 -2.342565e-04 9.757169e-03 1.080210e+02 2.430020e-04 9.999996e-01 -8.951741e-04 -7.036166e-01 -9.756955e-03 8.975018e-04 9.999520e-01 -8.173990e+01
9.998744e-01 6.575644e-04 -1.583539e-02 1.085966e+02 -6.420881e-04 9.999993e-01 9.823707e-04 -7.115704e-01 1.583603e-02 -9.720789e-04 9.998741e-01 -8.203891e+01
9.999541e-01 -3.660669e-04 9.574260e-03 1.089378e+02 3.747678e-04 9.999995e-01 -9.070331e-04 -7.119495e-01 -9.573924e-03 9.105789e-04 9.999538e-01 -8.234768e+01
9.998784e-01 7.137420e-04 -1.557937e-02 1.091993e+02 -6.999028e-04 9.999994e-01 8.937135e-04 -7.130729e-01 1.558000e-02 -8.827001e-04 9.998782e-01 -8.249827e+01
9.999468e-01 -3.049797e-04 1.030951e-02 1.094499e+02 3.136246e-04 9.999996e-01 -8.369623e-04 -7.175370e-01 -1.030925e-02 8.401505e-04 9.999465e-01 -8.274882e+01
9.998761e-01 4.813678e-04 -1.573444e-02 1.095451e+02 -4.633593e-04 9.999992e-01 1.148129e-03 -7.279769e-01 1.573498e-02 -1.140696e-03 9.998755e-01 -8.251214e+01
9.999524e-01 -1.668509e-04 9.753488e-03 1.096792e+02 1.736246e-04 9.999997e-01 -6.936851e-04 -7.387464e-01 -9.753370e-03 6.953449e-04 9.999522e-01 -8.253057e+01
9.998803e-01 4.517080e-04 -1.546830e-02 1.097695e+02 -4.353293e-04 9.999993e-01 1.062181e-03 -7.530003e-01 1.546877e-02 -1.055320e-03 9.998798e-01 -8.222185e+01
9.999613e-01 -1.243148e-04 8.797169e-03 1.097089e+02 1.297138e-04 9.999998e-01 -6.131953e-04 -7.596007e-01 -8.797091e-03 6.143121e-04 9.999611e-01 -8.206415e+01
9.998817e-01 5.266394e-04 -1.537087e-02 1.097646e+02 -5.162598e-04 9.999996e-01 6.792150e-04 -7.543396e-01 1.537122e-02 -6.711987e-04 9.998816e-01 -8.260686e+01
9.999574e-01 -1.697164e-04 9.226109e-03 1.098518e+02 1.775721e-04 9.999996e-01 -8.506868e-04 -7.475743e-01 -9.225961e-03 8.522882e-04 9.999571e-01 -8.330737e+01
9.998740e-01 2.626311e-04 -1.587132e-02 1.098932e+02 -2.495274e-04 9.999996e-01 8.275759e-04 -7.405362e-01 1.587153e-02 -8.235106e-04 9.998737e-01 -8.380253e+01
9.999605e-01 2.893732e-05 8.888993e-03 1.097881e+02 -2.343821e-05 9.999998e-01 -6.187879e-04 -7.337188e-01 -8.889009e-03 6.185544e-04 9.999603e-01 -8.402545e+01
9.998592e-01 3.591553e-04 -1.677584e-02 1.095567e+02 -3.456123e-04 9.999996e-01 8.101604e-04 -7.224420e-01 1.677612e-02 -8.042478e-04 9.998589e-01 -8.444896e+01
9.999364e-01 -3.746773e-05 1.127827e-02 1.097340e+02 4.842062e-05 9.999995e-01 -9.709109e-04 -7.211391e-01 -1.127823e-02 9.713946e-04 9.999359e-01 -8.520864e+01
9.998669e-01 3.462750e-04 -1.631196e-02 1.100733e+02 -3.359414e-04 9.999997e-01 6.362125e-04 -7.185034e-01 1.631218e-02 -6.306474e-04 9.998667e-01 -8.603141e+01
9.999373e-01 -1.060995e-04 1.119510e-02 1.102647e+02 1.147733e-04 9.999997e-01 -7.741791e-04 -7.163876e-01 -1.119501e-02 7.754149e-04 9.999370e-01 -8.677907e+01
9.998296e-01 5.389676e-04 -1.845339e-02 1.100520e+02 -5.247441e-04 9.999996e-01 7.755922e-04 -7.040797e-01 1.845380e-02 -7.657761e-04 9.998294e-01 -8.729687e+01
9.999227e-01 -3.084855e-04 1.242788e-02 1.103667e+02 3.183642e-04 9.999996e-01 -7.929436e-04 -7.023465e-01 -1.242763e-02 7.968383e-04 9.999225e-01 -8.791644e+01
9.998243e-01 5.440634e-04 -1.873492e-02 1.110192e+02 -5.296443e-04 9.999996e-01 7.745759e-04 -7.030429e-01 1.873533e-02 -7.645164e-04 9.998242e-01 -8.849063e+01
9.999187e-01 -2.270980e-04 1.274896e-02 1.115648e+02 2.411016e-04 9.999994e-01 -1.096914e-03 -6.997853e-01 -1.274870e-02 1.099898e-03 9.999181e-01 -8.933090e+01
9.998366e-01 5.624238e-04 -1.807052e-02 1.116787e+02 -5.554100e-04 9.999998e-01 3.931325e-04 -6.938044e-01 1.807074e-02 -3.830311e-04 9.998366e-01 -9.048280e+01
9.999154e-01 -1.399046e-04 1.300546e-02 1.117842e+02 1.536503e-04 9.999994e-01 -1.055952e-03 -6.873739e-01 -1.300530e-02 1.057861e-03 9.999149e-01 -9.163097e+01
9.998417e-01 3.709751e-04 -1.779002e-02 1.119899e+02 -3.576884e-04 9.999997e-01 7.500137e-04 -6.838157e-01 1.779029e-02 -7.435311e-04 9.998415e-01 -9.243809e+01
9.999350e-01 -2.768512e-04 1.139846e-02 1.121617e+02 2.802404e-04 9.999999e-01 -2.957777e-04 -6.827078e-01 -1.139838e-02 2.989522e-04 9.999350e-01 -9.256586e+01
9.998503e-01 5.317416e-04 -1.729329e-02 1.124711e+02 -5.235741e-04 9.999997e-01 4.767971e-04 -6.842428e-01 1.729354e-02 -4.676708e-04 9.998503e-01 -9.306508e+01
9.999401e-01 -7.879623e-05 1.094749e-02 1.126832e+02 8.519004e-05 9.999998e-01 -5.836144e-04 -6.851252e-01 -1.094744e-02 5.845114e-04 9.999399e-01 -9.379362e+01
9.998726e-01 3.505144e-04 -1.596062e-02 1.128711e+02 -3.445988e-04 9.999999e-01 3.733649e-04 -6.834073e-01 1.596075e-02 -3.678167e-04 9.998726e-01 -9.463030e+01
9.999420e-01 -3.127908e-04 1.076683e-02 1.133209e+02 3.218652e-04 9.999996e-01 -8.411244e-04 -6.778569e-01 -1.076656e-02 8.445405e-04 9.999417e-01 -9.558812e+01
9.998583e-01 5.663004e-04 -1.682716e-02 1.133811e+02 -5.538776e-04 9.999996e-01 7.428923e-04 -6.774813e-01 1.682757e-02 -7.334662e-04 9.998581e-01 -9.624754e+01
9.999494e-01 -3.101103e-04 1.005978e-02 1.133724e+02 3.154980e-04 9.999998e-01 -5.340281e-04 -6.743748e-01 -1.005961e-02 5.371743e-04 9.999493e-01 -9.671715e+01
9.998812e-01 5.319102e-04 -1.540351e-02 1.135826e+02 -5.316611e-04 9.999999e-01 2.024090e-05 -6.693636e-01 1.540352e-02 -1.204844e-05 9.998814e-01 -9.777618e+01
9.999518e-01 -3.490309e-04 9.816688e-03 1.136889e+02 3.542753e-04 9.999998e-01 -5.325408e-04 -6.630585e-01 -9.816500e-03 5.359923e-04 9.999517e-01 -9.882978e+01
9.998789e-01 4.095184e-04 -1.555966e-02 1.140173e+02 -3.990710e-04 9.999997e-01 6.745144e-04 -6.636991e-01 1.555993e-02 -6.682227e-04 9.998787e-01 -9.931459e+01
9.999650e-01 -2.456836e-04 8.362526e-03 1.142708e+02 2.479406e-04 9.999999e-01 -2.689070e-04 -6.773758e-01 -8.362460e-03 2.709704e-04 9.999650e-01 -9.906903e+01
9.998776e-01 3.493746e-04 -1.564229e-02 1.145245e+02 -3.438666e-04 9.999999e-01 3.547841e-04 -6.835046e-01 1.564242e-02 -3.493612e-04 9.998776e-01 -9.878990e+01
9.999715e-01 -1.432389e-04 7.552290e-03 1.150879e+02 1.436520e-04 1.000000e+00 -5.420448e-05 -7.071798e-01 -7.552282e-03 5.528724e-05 9.999715e-01 -9.853963e+01
9.998926e-01 2.736345e-04 -1.465632e-02 1.149984e+02 -2.825583e-04 9.999998e-01 -6.068285e-04 -7.018864e-01 1.465615e-02 6.109052e-04 9.998924e-01 -9.728313e+01
9.999806e-01 -3.080558e-04 6.214310e-03 1.151533e+02 3.139659e-04 9.999995e-01 -9.501599e-04 -6.961941e-01 -6.214014e-03 9.520920e-04 9.999802e-01 -9.595387e+01
9.998859e-01 9.089606e-04 -1.508073e-02 1.162431e+02 -9.059419e-04 9.999996e-01 2.069738e-04 -7.449984e-01 1.508091e-02 -1.932873e-04 9.998863e-01 -9.523118e+01
9.999667e-01 -6.964794e-04 8.125457e-03 1.163365e+02 7.059202e-04 9.999991e-01 -1.159117e-03 -7.528101e-01 -8.124642e-03 1.164814e-03 9.999663e-01 -9.406073e+01
9.998790e-01 6.526859e-04 -1.554360e-02 1.158277e+02 -6.469921e-04 9.999997e-01 3.713127e-04 -7.200628e-01 1.554384e-02 -3.612106e-04 9.998791e-01 -9.281880e+01
9.999687e-01 -6.955915e-04 7.879918e-03 1.155616e+02 7.058007e-04 9.999989e-01 -1.292941e-03 -6.976547e-01 -7.879010e-03 1.298462e-03 9.999681e-01 -9.159259e+01
9.998827e-01 8.529293e-04 -1.529107e-02 1.155054e+02 -8.446738e-04 9.999995e-01 5.463115e-04 -6.962474e-01 1.529153e-02 -5.333308e-04 9.998829e-01 -9.052411e+01
9.999722e-01 -9.397583e-04 7.393412e-03 1.151464e+02 9.487457e-04 9.999988e-01 -1.212243e-03 -6.669686e-01 -7.392264e-03 1.219223e-03 9.999719e-01 -8.932377e+01
9.998589e-01 1.079545e-03 -1.676472e-02 1.159389e+02 -1.074240e-03 9.999994e-01 3.254171e-04 -6.959427e-01 1.676506e-02 -3.073613e-04 9.998594e-01 -8.855645e+01
9.999675e-01 -5.148852e-04 8.046026e-03 1.170367e+02 5.224115e-04 9.999994e-01 -9.333841e-04 -7.420494e-01 -8.045540e-03 9.375565e-04 9.999672e-01 -8.815999e+01
9.998804e-01 7.105993e-04 -1.545084e-02 1.173213e+02 -6.945070e-04 9.999992e-01 1.046826e-03 -7.559026e-01 1.545157e-02 -1.035970e-03 9.998801e-01 -8.762330e+01
9.999701e-01 -5.854248e-04 7.709863e-03 1.174248e+02 5.982128e-04 9.999984e-01 -1.656506e-03 -7.567393e-01 -7.708882e-03 1.661068e-03 9.999689e-01 -8.660299e+01
9.998513e-01 3.345303e-04 -1.724384e-02 1.179148e+02 -3.189469e-04 9.999995e-01 9.064247e-04 -7.525010e-01 1.724413e-02 -9.007894e-04 9.998509e-01 -8.596903e+01
9.999748e-01 -3.463142e-04 7.088197e-03 1.192860e+02 3.544627e-04 9.999993e-01 -1.148422e-03 -7.862185e-01 -7.087794e-03 1.150905e-03 9.999742e-01 -8.572907e+01
9.998953e-01 6.591407e-04 -1.445623e-02 1.194625e+02 -6.570265e-04 9.999998e-01 1.509659e-04 -7.994275e-01 1.445633e-02 -1.414514e-04 9.998955e-01 -8.462329e+01
9.999808e-01 -5.306648e-04 6.171776e-03 1.191701e+02 5.346450e-04 9.999997e-01 -6.433526e-04 -7.744396e-01 -6.171433e-03 6.466394e-04 9.999807e-01 -8.368204e+01
9.999059e-01 7.431516e-04 -1.369808e-02 1.193817e+02 -7.438906e-04 9.999997e-01 -4.889193e-05 -7.806605e-01 1.369804e-02 5.907776e-05 9.999062e-01 -8.267844e+01
9.999812e-01 -6.503181e-04 6.099623e-03 1.192567e+02 6.557118e-04 9.999994e-01 -8.823927e-04 -7.690236e-01 -6.099046e-03 8.863751e-04 9.999810e-01 -8.151764e+01
9.999025e-01 8.288332e-04 -1.393660e-02 1.196450e+02 -8.264104e-04 9.999996e-01 1.795697e-04 -7.833473e-01 1.393674e-02 -1.680343e-04 9.999029e-01 -8.066654e+01
9.999816e-01 -8.975998e-04 6.002150e-03 1.189964e+02 9.048156e-04 9.999989e-01 -1.199674e-03 -7.365628e-01 -6.001067e-03 1.205082e-03 9.999813e-01 -7.917008e+01
9.998865e-01 8.061962e-04 -1.504710e-02 1.184449e+02 -8.084118e-04 9.999997e-01 -1.411917e-04 -6.888110e-01 1.504698e-02 1.533405e-04 9.998868e-01 -7.759571e+01
9.999801e-01 -6.722501e-04 6.275427e-03 1.185307e+02 6.782841e-04 9.999993e-01 -9.595215e-04 -6.822816e-01 -6.274778e-03 9.637583e-04 9.999798e-01 -7.650630e+01
9.998929e-01 9.556580e-04 -1.460609e-02 1.188571e+02 -9.574761e-04 9.999995e-01 -1.175170e-04 -6.965028e-01 1.460597e-02 1.314899e-04 9.998933e-01 -7.530848e+01
9.999869e-01 -4.195976e-04 5.103137e-03 1.200282e+02 4.276233e-04 9.999987e-01 -1.571800e-03 -7.539782e-01 -5.102471e-03 1.573961e-03 9.999857e-01 -7.404162e+01
9.999221e-01 6.743761e-04 -1.246284e-02 1.202956e+02 -6.690120e-04 9.999997e-01 4.345351e-04 -7.761924e-01 1.246312e-02 -4.261629e-04 9.999222e-01 -7.276224e+01
9.999894e-01 -8.015010e-04 4.535185e-03 1.203627e+02 8.032450e-04 9.999996e-01 -3.828298e-04 -7.674515e-01 -4.534876e-03 3.864681e-04 9.999896e-01 -7.236928e+01
9.999559e-01 6.513261e-04 -9.365339e-03 1.212257e+02 -6.542138e-04 9.999997e-01 -3.053287e-04 -7.589187e-01 9.365138e-03 3.114428e-04 9.999561e-01 -7.347014e+01
9.999920e-01 -2.220530e-04 -4.002497e-03 1.232978e+02 2.190314e-04 9.999997e-01 -7.552152e-04 -7.973857e-01 4.002663e-03 7.543319e-04 9.999917e-01 -7.395893e+01
9.999234e-01 7.532870e-04 -1.235702e-02 1.264786e+02 -7.751556e-04 9.999981e-01 -1.765074e-03 -8.901002e-01 1.235567e-02 1.774518e-03 9.999221e-01 -7.360709e+01
9.999988e-01 5.326757e-04 -1.423165e-03 1.289992e+02 -5.333348e-04 9.999998e-01 -4.624042e-04 -9.974020e-01 1.422918e-03 4.631621e-04 9.999989e-01 -7.232611e+01
9.998885e-01 1.713876e-03 -1.483268e-02 1.326522e+02 -1.775431e-03 9.999899e-01 -4.137809e-03 -1.158648e+00 1.482544e-02 4.163682e-03 9.998814e-01 -7.029076e+01
9.999850e-01 -7.432707e-04 5.420370e-03 1.350605e+02 7.380049e-04 9.999993e-01 9.733287e-04 -1.246699e+00 -5.421089e-03 -9.693144e-04 9.999848e-01 -6.926550e+01
9.999000e-01 8.116784e-04 -1.411719e-02 1.354310e+02 -8.247907e-04 9.999992e-01 -9.230503e-04 -1.238160e+00 1.411643e-02 9.346023e-04 9.998999e-01 -6.892721e+01
9.999992e-01 -5.176936e-04 1.125142e-03 1.329235e+02 5.188852e-04 9.999993e-01 -1.059387e-03 -1.060932e+00 -1.124593e-03 1.059969e-03 9.999988e-01 -6.666072e+01
9.998331e-01 6.359441e-04 -1.825880e-02 1.297023e+02 -6.714859e-04 9.999979e-01 -1.940517e-03 -8.289642e-01 1.825752e-02 1.952454e-03 9.998314e-01 -6.404662e+01
9.999647e-01 -3.708054e-04 8.391481e-03 1.283472e+02 3.648273e-04 9.999997e-01 7.138587e-04 -7.346123e-01 -8.391743e-03 -7.107726e-04 9.999645e-01 -6.272842e+01
9.997877e-01 6.720758e-04 -2.059538e-02 1.268384e+02 -7.028319e-04 9.999986e-01 -1.486169e-03 -6.448517e-01 2.059435e-02 1.500329e-03 9.997868e-01 -6.185249e+01
9.999463e-01 -6.873757e-04 1.034211e-02 1.257118e+02 6.771106e-04 9.999993e-01 9.959681e-04 -5.623222e-01 -1.034279e-02 -9.889124e-04 9.999460e-01 -6.082282e+01
9.997254e-01 8.788429e-04 -2.341518e-02 1.234641e+02 -9.537280e-04 9.999945e-01 -3.187191e-03 -4.013497e-01 2.341225e-02 3.208648e-03 9.997207e-01 -5.877036e+01
9.999721e-01 -6.495778e-04 7.442267e-03 1.201201e+02 6.495813e-04 9.999998e-01 1.876630e-06 -1.673599e-01 -7.442267e-03 2.957290e-06 9.999723e-01 -5.592863e+01
9.997823e-01 4.617988e-04 -2.085941e-02 1.180956e+02 -5.057846e-04 9.999977e-01 -2.103474e-03 -1.006844e-02 2.085839e-02 2.113567e-03 9.997802e-01 -5.391937e+01
9.999243e-01 -9.856493e-04 1.226150e-02 1.175886e+02 9.688842e-04 9.999986e-01 1.373119e-03 6.681642e-02 -1.226283e-02 -1.361135e-03 9.999239e-01 -5.308910e+01
9.997395e-01 6.762942e-04 -2.281511e-02 1.160740e+02 -7.492429e-04 9.999946e-01 -3.189009e-03 1.955486e-01 2.281283e-02 3.205272e-03 9.997346e-01 -5.150892e+01
9.999252e-01 -8.965641e-04 1.220036e-02 1.145176e+02 8.762725e-04 9.999982e-01 1.668400e-03 3.170339e-01 -1.220183e-02 -1.657585e-03 9.999242e-01 -4.987817e+01
9.996761e-01 1.007890e-03 -2.542854e-02 1.123118e+02 -1.090133e-03 9.999942e-01 -3.220666e-03 4.729136e-01 2.542515e-02 3.247343e-03 9.996715e-01 -4.805020e+01
9.999252e-01 -8.474293e-04 1.219960e-02 1.103550e+02 8.220890e-04 9.999975e-01 2.081967e-03 6.045173e-01 -1.220133e-02 -2.071783e-03 9.999234e-01 -4.669777e+01
9.997737e-01 7.542500e-04 -2.126033e-02 1.095805e+02 -8.038409e-04 9.999970e-01 -2.324131e-03 6.608547e-01 2.125851e-02 2.340695e-03 9.997713e-01 -4.578744e+01
9.998929e-01 -7.049386e-04 1.461500e-02 1.096204e+02 6.727555e-04 9.999973e-01 2.206825e-03 6.717849e-01 -1.461652e-02 -2.196757e-03 9.998908e-01 -4.528543e+01
9.997128e-01 7.064548e-04 -2.395595e-02 1.084021e+02 -7.865421e-04 9.999941e-01 -3.333870e-03 7.643807e-01 2.395346e-02 3.351755e-03 9.997075e-01 -4.390779e+01
9.999100e-01 -7.232596e-04 1.339729e-02 1.070787e+02 6.900294e-04 9.999967e-01 2.484782e-03 8.582471e-01 -1.339904e-02 -2.475314e-03 9.999072e-01 -4.266094e+01
9.997575e-01 7.618698e-04 -2.200891e-02 1.064562e+02 -8.158268e-04 9.999967e-01 -2.442746e-03 9.023203e-01 2.200697e-02 2.460110e-03 9.997548e-01 -4.196211e+01
9.998809e-01 -7.188945e-04 1.541737e-02 1.064035e+02 6.790377e-04 9.999964e-01 2.590230e-03 9.060022e-01 -1.541917e-02 -2.579453e-03 9.998778e-01 -4.144414e+01
9.997504e-01 7.831510e-04 -2.232552e-02 1.063178e+02 -8.362783e-04 9.999968e-01 -2.370455e-03 9.144751e-01 2.232359e-02 2.388535e-03 9.997479e-01 -4.102135e+01
9.999276e-01 -4.053516e-04 1.202574e-02 1.055055e+02 3.734560e-04 9.999964e-01 2.654356e-03 9.538835e-01 -1.202677e-02 -2.649673e-03 9.999242e-01 -4.079670e+01
9.997755e-01 6.801879e-04 -2.117755e-02 1.050732e+02 -7.258970e-04 9.999974e-01 -2.150788e-03 9.798744e-01 2.117603e-02 2.165679e-03 9.997734e-01 -4.049954e+01
9.999152e-01 -5.919149e-04 1.300926e-02 1.058520e+02 5.677673e-04 9.999981e-01 1.859755e-03 9.548582e-01 -1.301034e-02 -1.852211e-03 9.999136e-01 -4.014994e+01
9.997891e-01 9.595388e-04 -2.051230e-02 1.067592e+02 -1.013261e-03 9.999961e-01 -2.608825e-03 9.217782e-01 2.050971e-02 2.629060e-03 9.997862e-01 -3.959079e+01
9.999174e-01 -7.171637e-04 1.283623e-02 1.079681e+02 6.996542e-04 9.999988e-01 1.368470e-03 8.921828e-01 -1.283719e-02 -1.359377e-03 9.999167e-01 -3.915177e+01
9.998279e-01 8.529200e-04 -1.853151e-02 1.089090e+02 -8.869024e-04 9.999979e-01 -1.825653e-03 8.721766e-01 1.852991e-02 1.841775e-03 9.998266e-01 -3.922555e+01
9.999128e-01 -7.212570e-04 1.318867e-02 1.091792e+02 6.951016e-04 9.999978e-01 1.987604e-03 8.559444e-01 -1.319008e-02 -1.978263e-03 9.999111e-01 -3.904158e+01
9.998099e-01 8.793706e-04 -1.948039e-02 1.094867e+02 -9.107768e-04 9.999983e-01 -1.603410e-03 8.420913e-01 1.947895e-02 1.620848e-03 9.998090e-01 -3.889846e+01
9.999086e-01 -6.690174e-04 1.350610e-02 1.097231e+02 6.453436e-04 9.999982e-01 1.757067e-03 8.236905e-01 -1.350725e-02 -1.748191e-03 9.999072e-01 -3.849761e+01
9.997992e-01 1.051645e-03 -2.001085e-02 1.102491e+02 -1.094935e-03 9.999971e-01 -2.152495e-03 7.911586e-01 2.000853e-02 2.173973e-03 9.997974e-01 -3.792731e+01
9.999025e-01 -1.100483e-03 1.391962e-02 1.098179e+02 1.077444e-03 9.999980e-01 1.662505e-03 8.125031e-01 -1.392143e-02 -1.647346e-03 9.999017e-01 -3.681337e+01
9.997594e-01 9.484371e-04 -2.191596e-02 1.094566e+02 -1.001812e-03 9.999966e-01 -2.424590e-03 8.467288e-01 2.191359e-02 2.445962e-03 9.997569e-01 -3.573985e+01
9.999141e-01 -8.115514e-04 1.308239e-02 1.105835e+02 7.869163e-04 9.999979e-01 1.888065e-03 8.227501e-01 -1.308390e-02 -1.877608e-03 9.999126e-01 -3.567567e+01
9.997929e-01 9.301767e-04 -2.033068e-02 1.114033e+02 -9.663302e-04 9.999980e-01 -1.768547e-03 8.102787e-01 2.032899e-02 1.787827e-03 9.997917e-01 -3.574866e+01
9.999248e-01 -8.169538e-04 1.223499e-02 1.120729e+02 7.930609e-04 9.999978e-01 1.957511e-03 7.949590e-01 -1.223656e-02 -1.947661e-03 9.999232e-01 -3.572503e+01
9.997729e-01 9.641510e-04 -2.129119e-02 1.129854e+02 -1.007021e-03 9.999975e-01 -2.002898e-03 7.679945e-01 2.128921e-02 2.023885e-03 9.997713e-01 -3.562554e+01
9.998987e-01 -9.914646e-04 1.419685e-02 1.133296e+02 9.596612e-04 9.999970e-01 2.246770e-03 7.479154e-01 -1.419904e-02 -2.232919e-03 9.998967e-01 -3.524265e+01
9.997507e-01 9.406043e-04 -2.230705e-02 1.137475e+02 -9.989467e-04 9.999961e-01 -2.604452e-03 7.375668e-01 2.230452e-02 2.626087e-03 9.997478e-01 -3.459711e+01
9.998994e-01 -9.305992e-04 1.415065e-02 1.142361e+02 8.944393e-04 9.999963e-01 2.561432e-03 7.263613e-01 -1.415298e-02 -2.548518e-03 9.998966e-01 -3.419047e+01
9.997448e-01 9.971769e-04 -2.256722e-02 1.148863e+02 -1.057304e-03 9.999959e-01 -2.652613e-03 7.097006e-01 2.256448e-02 2.675797e-03 9.997418e-01 -3.382278e+01
9.998954e-01 -1.002077e-03 1.442599e-02 1.153890e+02 9.641536e-04 9.999961e-01 2.635480e-03 6.989115e-01 -1.442858e-02 -2.621296e-03 9.998925e-01 -3.345333e+01
9.997416e-01 1.015846e-03 -2.270866e-02 1.155397e+02 -1.073359e-03 9.999962e-01 -2.520665e-03 7.062920e-01 2.270601e-02 2.544388e-03 9.997389e-01 -3.300223e+01
9.998923e-01 -9.656252e-04 1.464756e-02 1.159161e+02 9.294899e-04 9.999965e-01 2.473552e-03 6.948477e-01 -1.464989e-02 -2.459671e-03 9.998897e-01 -3.253270e+01
9.997522e-01 1.011043e-03 -2.223711e-02 1.161887e+02 -1.058992e-03 9.999971e-01 -2.144609e-03 6.947082e-01 2.223487e-02 2.167627e-03 9.997504e-01 -3.233704e+01
9.998663e-01 -9.539397e-04 1.632326e-02 1.167641e+02 9.171042e-04 9.999970e-01 2.263934e-03 6.962304e-01 -1.632537e-02 -2.248661e-03 9.998642e-01 -3.297049e+01
9.997445e-01 1.049029e-03 -2.258100e-02 1.174439e+02 -1.094235e-03 9.999974e-01 -1.989675e-03 6.939555e-01 2.257886e-02 2.013876e-03 9.997430e-01 -3.346961e+01
9.998835e-01 -1.074064e-03 1.522360e-02 1.182403e+02 1.039072e-03 9.999968e-01 2.306183e-03 6.820888e-01 -1.522603e-02 -2.290097e-03 9.998815e-01 -3.371451e+01
9.997425e-01 1.250797e-03 -2.265777e-02 1.185952e+02 -1.295017e-03 9.999973e-01 -1.937121e-03 6.643541e-01 2.265528e-02 1.965964e-03 9.997414e-01 -3.337788e+01
9.998791e-01 -1.131284e-03 1.550666e-02 1.187110e+02 1.103970e-03 9.999978e-01 1.769882e-03 6.613168e-01 -1.550863e-02 -1.752549e-03 9.998782e-01 -3.270593e+01
9.997401e-01 1.223922e-03 -2.276398e-02 1.183867e+02 -1.265331e-03 9.999976e-01 -1.804744e-03 6.832695e-01 2.276172e-02 1.833079e-03 9.997392e-01 -3.198534e+01
9.998893e-01 -1.308980e-03 1.481996e-02 1.177383e+02 1.285802e-03 9.999979e-01 1.573363e-03 7.287897e-01 -1.482199e-02 -1.554134e-03 9.998889e-01 -3.105339e+01
9.997420e-01 1.194253e-03 -2.268063e-02 1.170280e+02 -1.237559e-03 9.999974e-01 -1.895460e-03 7.788398e-01 2.267831e-02 1.923041e-03 9.997410e-01 -3.001983e+01
9.998859e-01 -1.226383e-03 1.505421e-02 1.168316e+02 1.208788e-03 9.999986e-01 1.177800e-03 8.009723e-01 -1.505563e-02 -1.159469e-03 9.998860e-01 -2.891922e+01
9.997327e-01 1.260793e-03 -2.308702e-02 1.176215e+02 -1.305934e-03 9.999973e-01 -1.940318e-03 7.702055e-01 2.308451e-02 1.969950e-03 9.997316e-01 -2.834576e+01
9.998931e-01 -1.076427e-03 1.458170e-02 1.195316e+02 1.076312e-03 9.999994e-01 1.565746e-05 7.930558e-01 -1.458171e-02 3.830261e-08 9.998937e-01 -3.046084e+01
9.998026e-01 1.514089e-03 -1.981296e-02 1.216521e+02 -1.580795e-03 9.999931e-01 -3.351568e-03 8.377448e-01 1.980775e-02 3.382227e-03 9.997981e-01 -3.409944e+01
9.999038e-01 -1.273969e-03 1.381143e-02 1.234001e+02 1.256078e-03 9.999984e-01 1.303893e-03 8.681401e-01 -1.381307e-02 -1.286420e-03 9.999038e-01 -3.668871e+01
