9.999854e-01 2.572779e-04 -5.405583e-03 -3.003138e-01 -2.521393e-04 9.999995e-01 9.512799e-04 2.541976e-03 5.405825e-03 -9.499038e-04 9.999849e-01 1.442319e-01
9.999996e-01 1.666228e-04 8.723237e-04 -4.480342e-01 -1.664931e-04 1.000000e+00 -1.486797e-04 -3.118100e-03 -8.723481e-04 1.485351e-04 9.999996e-01 5.697941e-01
9.999861e-01 2.963951e-04 -5.270867e-03 -6.472924e-01 -2.914931e-04 9.999995e-01 9.307699e-04 -5.467549e-03 5.271140e-03 -9.292212e-04 9.999857e-01 1.084534e+00
9.999998e-01 1.115584e-04 5.548308e-04 -9.438436e-01 -1.115033e-04 1.000000e+00 -9.925143e-05 -4.977626e-03 -5.548416e-04 9.919026e-05 9.999998e-01 1.445860e+00
9.999894e-01 2.919573e-04 -4.603599e-03 -1.141387e+00 -2.884330e-04 9.999997e-01 7.662080e-04 -8.273863e-03 4.603820e-03 -7.648727e-04 9.999891e-01 1.484825e+00
1.000000e+00 1.733346e-04 -1.147871e-05 -1.296342e+00 -1.733351e-04 1.000000e+00 -4.587254e-05 -1.503690e-02 1.147110e-05 4.587524e-05 1.000000e+00 1.716742e+00
9.999912e-01 3.408941e-04 -4.186747e-03 -1.264400e+00 -3.383145e-04 9.999998e-01 6.168420e-04 -2.511988e-02 4.186956e-03 -6.154209e-04 9.999910e-01 1.790160e+00
9.999999e-01 9.640841e-05 -5.006345e-04 -1.365070e+00 -9.631825e-05 1.000000e+00 1.800432e-04 -3.537018e-02 5.006522e-04 -1.799942e-04 9.999999e-01 2.058761e+00
9.999891e-01 2.612126e-04 -4.653951e-03 -1.700449e+00 -2.577927e-04 9.999997e-01 7.354231e-04 -3.129707e-02 4.654141e-03 -7.342160e-04 9.999889e-01 2.426119e+00
9.999996e-01 -3.568304e-06 -8.509219e-04 -2.092144e+00 3.766134e-06 1.000000e+00 2.324422e-04 -2.395281e-02 8.509214e-04 -2.324446e-04 9.999996e-01 2.608254e+00
9.999942e-01 3.268740e-04 -3.375398e-03 -2.181601e+00 -3.255218e-04 9.999999e-01 4.011642e-04 -2.791974e-02 3.375529e-03 -4.000639e-04 9.999942e-01 2.600856e+00
9.999994e-01 6.045676e-05 -1.093185e-03 -2.453249e+00 -6.008634e-05 9.999999e-01 3.388355e-04 -2.736417e-02 1.093206e-03 -3.387689e-04 9.999993e-01 2.837803e+00
9.999962e-01 2.638700e-04 -2.759832e-03 -2.566035e+00 -2.636309e-04 1.000000e+00 8.702507e-05 -2.820210e-02 2.759854e-03 -8.629787e-05 9.999962e-01 2.636588e+00
9.999979e-01 -4.838256e-05 -2.056621e-03 -2.938238e+00 4.986253e-05 9.999997e-01 7.195423e-04 -2.075322e-02 2.056586e-03 -7.196426e-04 9.999976e-01 2.521748e+00
9.999949e-01 4.836851e-04 -3.145609e-03 -3.100877e+00 -4.831085e-04 9.999999e-01 1.840989e-04 -2.716225e-02 3.145697e-03 -1.825790e-04 9.999950e-01 2.729478e+00
9.999992e-01 9.394085e-05 -1.225066e-03 -3.183458e+00 -9.328765e-05 9.999999e-01 5.332037e-04 -3.558100e-02 1.225117e-03 -5.330883e-04 9.999991e-01 2.992832e+00
9.999974e-01 3.470358e-05 -2.275951e-03 -3.287832e+00 -3.526337e-05 1.000000e+00 -2.458967e-04 -3.286406e-02 2.275942e-03 2.459756e-04 9.999974e-01 2.371167e+00
9.999993e-01 1.598568e-04 -1.211386e-03 -3.331221e+00 -1.592492e-04 9.999999e-01 5.016091e-04 -3.276943e-02 1.211466e-03 -5.014151e-04 9.999991e-01 1.811259e+00
9.999970e-01 5.818002e-05 -2.434008e-03 -3.256523e+00 -5.870219e-05 1.000000e+00 -2.144380e-04 -3.649245e-02 2.433995e-03 2.145795e-04 9.999970e-01 1.441427e+00
9.999990e-01 3.257220e-04 -1.399077e-03 -3.168123e+00 -3.248804e-04 9.999998e-01 6.017239e-04 -3.974857e-02 1.399273e-03 -6.012681e-04 9.999988e-01 1.347000e+00
9.999978e-01 -1.024502e-04 -2.079336e-03 -2.988840e+00 1.015665e-04 9.999999e-01 -4.250791e-04 -4.315748e-02 2.079379e-03 4.248663e-04 9.999977e-01 8.792930e-01
9.999987e-01 1.774164e-04 -1.579696e-03 -2.897697e+00 -1.764683e-04 9.999998e-01 6.003083e-04 -4.111843e-02 1.579802e-03 -6.000280e-04 9.999986e-01 1.428945e-01
9.999972e-01 -9.771818e-06 -2.385683e-03 -2.730287e+00 8.830610e-06 9.999999e-01 -3.945102e-04 -4.175187e-02 2.385686e-03 3.944872e-04 9.999971e-01 -5.520073e-01
9.999998e-01 9.431985e-05 -6.338446e-04 -2.347988e+00 -9.406171e-05 9.999999e-01 4.071740e-04 -4.231636e-02 6.338833e-04 -4.071136e-04 9.999997e-01 -1.292520e+00
9.999946e-01 1.568722e-04 -3.273477e-03 -2.280357e+00 -1.570641e-04 1.000000e+00 -5.833955e-05 -4.442203e-02 3.273468e-03 5.885267e-05 9.999946e-01 -1.745139e+00
9.999992e-01 2.516619e-04 -1.212891e-03 -2.133286e+00 -2.509858e-04 9.999998e-01 5.574909e-04 -5.118458e-02 1.213031e-03 -5.571853e-04 9.999991e-01 -1.831268e+00
9.999956e-01 1.107395e-04 -2.954775e-03 -1.921139e+00 -1.111571e-04 1.000000e+00 -1.411478e-04 -5.920032e-02 2.954759e-03 1.414749e-04 9.999956e-01 -2.077443e+00
9.999999e-01 1.569102e-05 -4.121776e-04 -1.843946e+00 -1.559370e-05 1.000000e+00 2.359691e-04 -5.621853e-02 4.121816e-04 -2.359619e-04 9.999999e-01 -2.663979e+00
9.999935e-01 -6.672193e-05 -3.611527e-03 -2.140775e+00 6.693540e-05 1.000000e+00 5.900602e-05 -4.061127e-02 3.611522e-03 -5.924808e-05 9.999935e-01 -3.348051e+00
9.999986e-01 9.728792e-05 -1.683947e-03 -2.706179e+00 -9.623641e-05 9.999998e-01 6.244643e-04 -2.101087e-02 1.684007e-03 -6.243007e-04 9.999984e-01 -3.786096e+00
9.999918e-01 2.616954e-05 -4.050850e-03 -3.213972e+00 -2.478041e-05 9.999999e-01 3.429891e-04 -3.057798e-03 4.050859e-03 -3.428866e-04 9.999917e-01 -3.827288e+00
9.999998e-01 1.289641e-04 -6.723100e-04 -3.157299e+00 -1.288814e-04 1.000000e+00 1.229736e-04 3.223962e-03 6.723262e-04 -1.228862e-04 9.999998e-01 -4.333277e+00
9.999960e-01 -2.092589e-07 -2.831294e-03 -2.911727e+00 7.012308e-08 1.000000e+00 -4.911729e-05 5.893486e-03 2.831294e-03 4.911618e-05 9.999960e-01 -5.134979e+00
1.000000e+00 1.285677e-04 -2.154336e-04 -2.747246e+00 -1.285606e-04 1.000000e+00 3.258239e-05 9.126639e-03 2.154381e-04 -3.255398e-05 1.000000e+00 -6.030573e+00
9.999956e-01 2.463039e-05 -2.968489e-03 -2.661113e+00 -2.446645e-05 1.000000e+00 5.528490e-05 1.004565e-02 2.968490e-03 -5.521274e-05 9.999956e-01 -6.851195e+00
9.999997e-01 1.424353e-04 -7.700381e-04 -2.699965e+00 -1.422886e-04 1.000000e+00 1.903866e-04 1.247214e-02 7.700655e-04 -1.902763e-04 9.999997e-01 -7.648218e+00
9.999908e-01 -2.165041e-05 -4.300402e-03 -3.020183e+00 2.380184e-05 9.999999e-01 5.002521e-04 2.333763e-02 4.300391e-03 -5.003505e-04 9.999906e-01 -8.021224e+00
9.999998e-01 2.918184e-04 -5.761463e-04 -3.348167e+00 -2.916285e-04 9.999999e-01 3.295211e-04 3.146265e-02 5.762427e-04 -3.293523e-04 9.999998e-01 -7.936665e+00
9.999940e-01 1.823185e-04 -3.470793e-03 -3.339025e+00 -1.811059e-04 9.999999e-01 3.496932e-04 2.264299e-02 3.470856e-03 -3.490632e-04 9.999939e-01 -7.692261e+00
9.999992e-01 9.193803e-05 -1.236114e-03 -3.436180e+00 -9.139844e-05 9.999999e-01 4.365052e-04 2.457598e-02 1.236154e-03 -4.363912e-04 9.999991e-01 -7.780619e+00
9.999935e-01 1.455373e-04 -3.613679e-03 -3.473672e+00 -1.445344e-04 1.000000e+00 2.777975e-04 2.498625e-02 3.613719e-03 -2.772740e-04 9.999934e-01 -8.080179e+00
9.999975e-01 4.529596e-05 -2.236009e-03 -3.815912e+00 -4.368469e-05 9.999997e-01 7.206081e-04 3.149628e-02 2.236041e-03 -7.205079e-04 9.999972e-01 -8.233081e+00
9.999926e-01 1.186668e-04 -3.837684e-03 -4.297462e+00 -1.175554e-04 1.000000e+00 2.898509e-04 4.333460e-02 3.837718e-03 -2.893984e-04 9.999926e-01 -8.445284e+00
9.999986e-01 7.905613e-05 -1.676094e-03 -4.636942e+00 -7.830790e-05 9.999999e-01 4.464211e-04 5.063409e-02 1.676129e-03 -4.462885e-04 9.999985e-01 -8.936439e+00
9.999933e-01 7.454489e-05 -3.667463e-03 -5.083002e+00 -7.321691e-05 9.999999e-01 3.622552e-04 6.071548e-02 3.667489e-03 -3.619850e-04 9.999932e-01 -9.361595e+00
9.999967e-01 7.754953e-05 -2.552487e-03 -5.652143e+00 -7.583274e-05 9.999998e-01 6.726515e-04 7.667614e-02 2.552539e-03 -6.724550e-04 9.999965e-01 -9.594269e+00
9.999936e-01 9.356682e-05 -3.575423e-03 -6.130692e+00 -9.260254e-05 1.000000e+00 2.698877e-04 8.880101e-02 3.575448e-03 -2.695556e-04 9.999936e-01 -9.921744e+00
9.999991e-01 7.908721e-05 -1.361820e-03 -6.193440e+00 -7.861219e-05 9.999999e-01 3.487946e-04 9.195117e-02 1.361848e-03 -3.486866e-04 9.999990e-01 -1.042078e+01
9.999940e-01 7.529402e-05 -3.476082e-03 -6.266979e+00 -7.433431e-05 1.000000e+00 2.762456e-04 9.419106e-02 3.476103e-03 -2.759862e-04 9.999939e-01 -1.086807e+01
9.999976e-01 1.120221e-04 -2.183652e-03 -6.530878e+00 -1.106089e-04 9.999998e-01 6.472539e-04 9.807312e-02 2.183725e-03 -6.470101e-04 9.999974e-01 -1.104551e+01
9.999957e-01 1.791045e-04 -2.929101e-03 -6.574643e+00 -1.783507e-04 1.000000e+00 2.576331e-04 9.561399e-02 2.929147e-03 -2.571103e-04 9.999957e-01 -1.120958e+01
9.999978e-01 5.460138e-05 -2.106462e-03 -6.770185e+00 -5.355929e-05 9.999999e-01 4.947183e-04 9.712744e-02 2.106489e-03 -4.946037e-04 9.999977e-01 -1.155200e+01
9.999952e-01 1.951101e-04 -3.108251e-03 -7.127394e+00 -1.946024e-04 1.000000e+00 1.636698e-04 1.008530e-01 3.108283e-03 -1.630649e-04 9.999952e-01 -1.219946e+01
1.000000e+00 4.040567e-05 2.943742e-04 -7.170059e+00 -4.033642e-05 1.000000e+00 -2.348860e-04 1.039022e-01 -2.943834e-04 2.348748e-04 9.999999e-01 -1.327917e+01
9.999922e-01 1.392726e-04 -3.935760e-03 -7.097665e+00 -1.376669e-04 9.999999e-01 4.082797e-04 1.028660e-01 3.935817e-03 -4.077354e-04 9.999922e-01 -1.392965e+01
9.999997e-01 1.341408e-04 -7.119694e-04 -7.026454e+00 -1.340122e-04 1.000000e+00 1.804395e-04 9.347575e-02 7.119939e-04 -1.803433e-04 9.999997e-01 -1.414103e+01
9.999946e-01 1.428252e-04 -3.279191e-03 -7.116570e+00 -1.414392e-04 9.999999e-01 4.229109e-04 8.837650e-02 3.279251e-03 -4.224456e-04 9.999945e-01 -1.451679e+01
9.999985e-01 -1.856697e-05 -1.757190e-03 -7.433031e+00 1.908185e-05 1.000000e+00 2.929370e-04 9.088059e-02 1.757185e-03 -2.929694e-04 9.999984e-01 -1.478625e+01
9.999965e-01 3.677825e-04 -2.619523e-03 -7.597577e+00 -3.667572e-04 9.999999e-01 3.919133e-04 8.759614e-02 2.619666e-03 -3.909519e-04 9.999965e-01 -1.499735e+01
1.000000e+00 -1.954309e-04 -1.464755e-04 -7.631090e+00 1.953581e-04 9.999999e-01 -4.976120e-04 8.975246e-02 1.465731e-04 4.975841e-04 9.999999e-01 -1.602039e+01
9.999952e-01 3.978581e-04 -3.087086e-03 -7.794820e+00 -3.965566e-04 9.999998e-01 4.222448e-04 9.331681e-02 3.087253e-03 -4.210193e-04 9.999951e-01 -1.715718e+01
9.999991e-01 -1.306631e-04 -1.365042e-03 -7.795443e+00 1.307490e-04 1.000000e+00 6.278921e-05 8.894235e-02 1.365034e-03 -6.296693e-05 9.999991e-01 -1.761172e+01
9.999948e-01 3.152950e-04 -3.214301e-03 -7.732729e+00 -3.134937e-04 9.999998e-01 5.609102e-04 8.219687e-02 3.214477e-03 -5.599003e-04 9.999947e-01 -1.794331e+01
9.999999e-01 -1.783743e-04 -2.962628e-04 -7.680805e+00 1.782607e-04 9.999999e-01 -3.837393e-04 8.101410e-02 2.963316e-04 3.836871e-04 9.999999e-01 -1.867203e+01
9.999928e-01 2.938077e-04 -3.792834e-03 -7.366945e+00 -2.935425e-04 1.000000e+00 7.049019e-05 8.359067e-02 3.792854e-03 -6.937703e-05 9.999928e-01 -1.956648e+01
9.999990e-01 -2.416436e-04 1.402410e-03 -7.229923e+00 2.417164e-04 1.000000e+00 -5.165727e-05 8.518803e-02 -1.402397e-03 5.199691e-05 9.999990e-01 -2.050743e+01
9.999873e-01 4.296855e-04 -5.021287e-03 -7.466565e+00 -4.291527e-04 9.999999e-01 1.072061e-04 8.947541e-02 5.021333e-03 -1.050506e-04 9.999874e-01 -2.155111e+01
9.999988e-01 -2.594099e-04 1.524983e-03 -7.600978e+00 2.593871e-04 1.000000e+00 1.521544e-05 9.047105e-02 -1.524987e-03 -1.481916e-05 9.999988e-01 -2.246704e+01
9.999842e-01 4.774405e-04 -5.603326e-03 -7.665574e+00 -4.761249e-04 9.999999e-01 2.361279e-04 8.915328e-02 5.603438e-03 -2.334570e-04 9.999843e-01 -2.317678e+01
9.999983e-01 -3.266169e-04 1.832044e-03 -7.804678e+00 3.263051e-04 9.999999e-01 1.705882e-04 8.872608e-02 -1.832099e-03 -1.699894e-04 9.999983e-01 -2.381679e+01
9.999833e-01 4.542654e-04 -5.761260e-03 -8.086987e+00 -4.542947e-04 9.999999e-01 -3.748067e-06 9.686608e-02 5.761257e-03 6.364609e-06 9.999834e-01 -2.478715e+01
9.999979e-01 -2.990307e-04 2.019947e-03 -8.384569e+00 2.987673e-04 9.999999e-01 1.307291e-04 1.050432e-01 -2.019986e-03 -1.301246e-04 9.999980e-01 -2.582850e+01
9.999840e-01 4.600072e-04 -5.632066e-03 -8.612901e+00 -4.602423e-04 9.999999e-01 -4.042516e-05 1.117593e-01 5.632047e-03 4.301592e-05 9.999841e-01 -2.682919e+01
9.999992e-01 -3.236729e-04 1.195544e-03 -8.998488e+00 3.232131e-04 9.999999e-01 3.848788e-04 1.224860e-01 -1.195668e-03 -3.844914e-04 9.999992e-01 -2.772461e+01
9.999870e-01 8.404158e-04 -5.033904e-03 -8.904520e+00 -8.410811e-04 9.999996e-01 -1.300272e-04 1.114206e-01 5.033793e-03 1.342587e-04 9.999873e-01 -2.775055e+01
9.999987e-01 -2.829290e-04 1.588681e-03 -9.062573e+00 2.819634e-04 9.999998e-01 6.080725e-04 1.062144e-01 -1.588852e-03 -6.076231e-04 9.999986e-01 -2.770960e+01
9.999758e-01 3.792213e-04 -6.940029e-03 -9.786046e+00 -3.802179e-04 9.999999e-01 -1.422561e-04 1.251963e-01 6.939974e-03 1.448907e-04 9.999759e-01 -2.867499e+01
9.999988e-01 -3.043785e-04 1.506217e-03 -1.049664e+01 3.033221e-04 9.999997e-01 7.016368e-04 1.452563e-01 -1.506430e-03 -7.011784e-04 9.999986e-01 -2.945343e+01
9.999866e-01 4.854633e-04 -5.162541e-03 -1.093913e+01 -4.889559e-04 9.999997e-01 -6.752759e-04 1.563689e-01 5.162211e-03 6.777903e-04 9.999864e-01 -3.072506e+01
9.999969e-01 -3.781614e-04 2.451313e-03 -1.127177e+01 3.772275e-04 9.999999e-01 3.815042e-04 1.664713e-01 -2.451457e-03 -3.805776e-04 9.999969e-01 -3.211006e+01
9.999807e-01 5.644105e-04 -6.186257e-03 -1.163827e+01 -5.662279e-04 9.999998e-01 -2.920051e-04 1.770498e-01 6.186090e-03 2.955016e-04 9.999808e-01 -3.316883e+01
9.999954e-01 -3.253959e-04 3.021814e-03 -1.175195e+01 3.237220e-04 9.999998e-01 5.544487e-04 1.812926e-01 -3.021994e-03 -5.534673e-04 9.999953e-01 -3.359453e+01
9.999768e-01 4.747635e-04 -6.792612e-03 -1.205475e+01 -4.764082e-04 9.999999e-01 -2.404843e-04 1.918813e-01 6.792496e-03 2.437141e-04 9.999769e-01 -3.428221e+01
9.999931e-01 -2.581708e-04 3.715481e-03 -1.219200e+01 2.564644e-04 9.999999e-01 4.597856e-04 1.970008e-01 -3.715599e-03 -4.588288e-04 9.999930e-01 -3.484402e+01
9.999816e-01 4.267395e-04 -6.052386e-03 -1.213347e+01 -4.306278e-04 9.999997e-01 -6.411387e-04 2.034958e-01 6.052110e-03 6.437325e-04 9.999815e-01 -3.569698e+01
9.999931e-01 -3.120068e-04 3.706733e-03 -1.226265e+01 3.107160e-04 9.999999e-01 3.488538e-04 2.132129e-01 -3.706842e-03 -3.476990e-04 9.999931e-01 -3.693936e+01
9.999785e-01 5.168254e-04 -6.532230e-03 -1.237228e+01 -5.181898e-04 9.999998e-01 -2.071582e-04 2.196779e-01 6.532122e-03 2.105380e-04 9.999786e-01 -3.746241e+01
9.999922e-01 -3.783552e-04 3.927975e-03 -1.226480e+01 3.778131e-04 9.999999e-01 1.387810e-04 2.225407e-01 -3.928026e-03 -1.372952e-04 9.999923e-01 -3.838942e+01
9.999808e-01 4.497215e-04 -6.179139e-03 -1.208682e+01 -4.527796e-04 9.999998e-01 -4.934961e-04 2.349696e-01 6.178915e-03 4.962837e-04 9.999808e-01 -3.954378e+01
9.999935e-01 -3.787856e-04 3.572036e-03 -1.194345e+01 3.777153e-04 9.999999e-01 3.003613e-04 2.519670e-01 -3.572149e-03 -2.990094e-04 9.999936e-01 -4.066822e+01
9.999818e-01 5.443068e-04 -6.007958e-03 -1.187258e+01 -5.473530e-04 9.999997e-01 -5.053830e-04 2.569061e-01 6.007681e-03 5.086616e-04 9.999818e-01 -4.177631e+01
9.999895e-01 -4.104359e-04 4.564085e-03 -1.173586e+01 4.106919e-04 9.999999e-01 -5.512005e-05 2.676310e-01 -4.564061e-03 5.699460e-05 9.999896e-01 -4.326682e+01
9.999793e-01 5.920666e-04 -6.411413e-03 -1.166556e+01 -5.941208e-04 9.999998e-01 -3.184794e-04 2.847983e-01 6.411223e-03 3.222813e-04 9.999794e-01 -4.464125e+01
9.999887e-01 -5.826165e-04 4.719936e-03 -1.143093e+01 5.827483e-04 9.999998e-01 -2.650594e-05 2.911405e-01 -4.719920e-03 2.925687e-05 9.999889e-01 -4.578767e+01
9.999669e-01 6.365226e-04 -8.106152e-03 -1.165863e+01 -6.323551e-04 9.999997e-01 5.166933e-04 3.269073e-01 8.106478e-03 -5.115510e-04 9.999670e-01 -4.575302e+01
9.999932e-01 -4.434009e-04 3.666062e-03 -1.195235e+01 4.416911e-04 9.999998e-01 4.672183e-04 3.543479e-01 -3.666268e-03 -4.655951e-04 9.999932e-01 -4.518056e+01
9.999591e-01 7.868744e-04 -9.010202e-03 -1.174752e+01 -7.838268e-04 9.999996e-01 3.417851e-04 3.594770e-01 9.010468e-03 -3.347093e-04 9.999593e-01 -4.503361e+01
9.999911e-01 -3.567838e-04 4.211826e-03 -1.162011e+01 3.564925e-04 9.999999e-01 6.993844e-05 3.847731e-01 -4.211850e-03 -6.843563e-05 9.999911e-01 -4.513524e+01
9.999697e-01 6.421965e-04 -7.753877e-03 -1.131142e+01 -6.418313e-04 9.999998e-01 4.961760e-05 3.901521e-01 7.753907e-03 -4.464011e-05 9.999699e-01 -4.596798e+01
9.999878e-01 -4.898804e-04 4.914644e-03 -1.141571e+01 4.909394e-04 9.999999e-01 -2.142521e-04 3.975810e-01 -4.914538e-03 2.166630e-04 9.999879e-01 -4.716993e+01
9.999577e-01 7.108677e-04 -9.172628e-03 -1.161181e+01 -7.059655e-04 9.999996e-01 5.376871e-04 4.058478e-01 9.173007e-03 -5.311895e-04 9.999578e-01 -4.795752e+01
9.999833e-01 -4.925154e-04 5.763358e-03 -1.173248e+01 4.949323e-04 9.999998e-01 -4.179236e-04 4.136948e-01 -5.763150e-03 4.207698e-04 9.999833e-01 -4.898902e+01
9.999578e-01 6.883321e-04 -9.158216e-03 -1.182345e+01 -6.837960e-04 9.999996e-01 4.984430e-04 4.164362e-01 9.158555e-03 -4.921603e-04 9.999579e-01 -4.994902e+01
9.999875e-01 -6.050459e-04 4.958720e-03 -1.145641e+01 6.056067e-04 9.999998e-01 -1.115641e-04 4.170937e-01 -4.958652e-03 1.145664e-04 9.999877e-01 -5.057425e+01
9.999551e-01 7.538201e-04 -9.447170e-03 -1.110657e+01 -7.486315e-04 9.999996e-01 5.527700e-04 4.167788e-01 9.447582e-03 -5.456734e-04 9.999552e-01 -5.116702e+01
9.999902e-01 -4.480773e-04 4.406034e-03 -1.069227e+01 4.478096e-04 9.999999e-01 6.179009e-05 4.154430e-01 -4.406061e-03 -5.981573e-05 9.999903e-01 -5.159519e+01
9.999596e-01 7.203989e-04 -8.958679e-03 -1.047265e+01 -7.155557e-04 9.999996e-01 5.438252e-04 4.152301e-01 8.959067e-03 -5.373935e-04 9.999597e-01 -5.195401e+01
9.999917e-01 -3.153017e-04 4.065803e-03 -1.012857e+01 3.146516e-04 9.999999e-01 1.605837e-04 4.159113e-01 -4.065853e-03 -1.593024e-04 9.999917e-01 -5.200440e+01
9.999574e-01 5.534565e-04 -9.216863e-03 -1.045880e+01 -5.487395e-04 9.999997e-01 5.143202e-04 4.349778e-01 9.217145e-03 -5.092413e-04 9.999574e-01 -5.254666e+01
9.999918e-01 -4.417959e-04 4.024270e-03 -1.108979e+01 4.420710e-04 9.999999e-01 -6.742829e-05 4.573062e-01 -4.024239e-03 6.920745e-05 9.999919e-01 -5.343852e+01
9.999612e-01 6.417232e-04 -8.780782e-03 -1.127140e+01 -6.357646e-04 9.999996e-01 6.813937e-04 4.642662e-01 8.781215e-03 -6.757855e-04 9.999612e-01 -5.393299e+01
9.999923e-01 -3.363336e-04 3.915606e-03 -1.092767e+01 3.366831e-04 9.999999e-01 -8.855400e-05 4.636606e-01 -3.915576e-03 8.987233e-05 9.999923e-01 -5.423224e+01
9.999664e-01 4.315672e-04 -8.189565e-03 -1.079828e+01 -4.265074e-04 9.999997e-01 6.195941e-04 4.755996e-01 8.189830e-03 -6.160811e-04 9.999663e-01 -5.436796e+01
9.999981e-01 4.290526e-05 1.955605e-03 -1.048471e+01 -4.242546e-05 1.000000e+00 -2.452944e-04 5.055528e-01 -1.955615e-03 2.452117e-04 9.999981e-01 -5.431971e+01
9.999809e-01 3.078395e-04 -6.164920e-03 -9.939086e+00 -3.047899e-04 9.999998e-01 4.956248e-04 5.384799e-01 6.165071e-03 -4.937370e-04 9.999809e-01 -5.483733e+01
9.999959e-01 5.754261e-05 2.862611e-03 -1.006130e+01 -5.611659e-05 9.999999e-01 -4.981667e-04 6.047857e-01 -2.862639e-03 4.980048e-04 9.999958e-01 -5.446700e+01
9.999709e-01 6.354068e-05 -7.630997e-03 -9.965600e+00 -5.821725e-05 9.999998e-01 6.978498e-04 6.668879e-01 7.631039e-03 -6.973859e-04 9.999706e-01 -5.377349e+01
9.999980e-01 3.420889e-04 1.956723e-03 -9.033585e+00 -3.408464e-04 9.999997e-01 -6.351796e-04 6.663609e-01 -1.956940e-03 6.345121e-04 9.999979e-01 -5.381721e+01
9.999782e-01 4.993766e-05 -6.600593e-03 -8.257405e+00 -4.430556e-05 9.999996e-01 8.534431e-04 6.704278e-01 6.600633e-03 -8.531328e-04 9.999779e-01 -5.419129e+01
9.999971e-01 1.489450e-04 2.418232e-03 -8.521340e+00 -1.476815e-04 9.999999e-01 -5.225579e-04 6.806293e-01 -2.418309e-03 5.222000e-04 9.999969e-01 -5.497125e+01
9.999797e-01 8.372507e-05 -6.370398e-03 -8.683319e+00 -7.865743e-05 9.999997e-01 7.957742e-04 6.889680e-01 6.370462e-03 -7.952577e-04 9.999794e-01 -5.573497e+01
9.999951e-01 5.459126e-05 3.137355e-03 -8.416399e+00 -5.243879e-05 9.999998e-01 -6.860928e-04 6.925728e-01 -3.137391e-03 6.859256e-04 9.999948e-01 -5.655820e+01
9.999751e-01 2.434057e-04 -7.050041e-03 -8.203124e+00 -2.356755e-04 9.999994e-01 1.097318e-03 6.926132e-01 7.050303e-03 -1.095630e-03 9.999745e-01 -5.694640e+01
9.999931e-01 -3.200252e-05 3.709779e-03 -8.259501e+00 3.563469e-05 9.999995e-01 -9.789638e-04 6.981316e-01 -3.709745e-03 9.790900e-04 9.999926e-01 -5.780384e+01
9.999778e-01 1.717179e-04 -6.662455e-03 -8.366782e+00 -1.658861e-04 9.999996e-01 8.758911e-04 7.052930e-01 6.662603e-03 -8.747671e-04 9.999774e-01 -5.889600e+01
9.999973e-01 6.275770e-05 2.314767e-03 -8.750819e+00 -6.148821e-05 9.999998e-01 -5.484083e-04 7.184982e-01 -2.314801e-03 5.482652e-04 9.999972e-01 -5.973345e+01
9.999789e-01 2.653350e-04 -6.484677e-03 -8.522484e+00 -2.595008e-04 9.999996e-01 9.005510e-04 7.142601e-01 6.484913e-03 -8.988499e-04 9.999786e-01 -6.015065e+01
9.999990e-01 8.512585e-05 1.405395e-03 -7.943800e+00 -8.456086e-05 9.999999e-01 -4.019270e-04 7.036090e-01 -1.405429e-03 4.018084e-04 9.999989e-01 -6.029429e+01
9.999803e-01 8.685642e-05 -6.270737e-03 -7.296466e+00 -8.279207e-05 9.999998e-01 6.484355e-04 7.011112e-01 6.270792e-03 -6.479042e-04 9.999801e-01 -6.059001e+01
9.999994e-01 2.853412e-04 1.009522e-03 -6.463225e+00 -2.851118e-04 9.999999e-01 -2.271072e-04 6.991918e-01 -1.009586e-03 2.268199e-04 9.999995e-01 -6.089624e+01
9.999746e-01 1.627363e-04 -7.123990e-03 -5.821108e+00 -1.566616e-04 9.999996e-01 8.532936e-04 6.929454e-01 7.124126e-03 -8.521565e-04 9.999743e-01 -6.097136e+01
9.999996e-01 3.297581e-04 8.378484e-04 -5.217638e+00 -3.296736e-04 9.999999e-01 -1.007433e-04 6.951055e-01 -8.378813e-04 1.004677e-04 9.999996e-01 -6.082654e+01
9.999705e-01 1.824327e-04 -7.678851e-03 -4.484126e+00 -1.763904e-04 9.999997e-01 7.875651e-04 6.748033e-01 7.678992e-03 -7.861881e-04 9.999702e-01 -6.074761e+01
9.999993e-01 4.248066e-04 1.086452e-03 -3.796059e+00 -4.248005e-04 9.999999e-01 -5.611878e-06 6.496900e-01 -1.086454e-03 5.151034e-06 9.999994e-01 -6.058406e+01
9.999684e-01 6.755230e-05 -7.946694e-03 -3.099998e+00 -6.209464e-05 9.999998e-01 6.870557e-04 6.235925e-01 7.946738e-03 -6.865413e-04 9.999682e-01 -6.039196e+01
9.999994e-01 5.433847e-04 1.001086e-03 -2.321357e+00 -5.435216e-04 9.999998e-01 1.366384e-04 5.929145e-01 -1.001011e-03 -1.371818e-04 9.999995e-01 -6.014474e+01
9.999720e-01 1.375364e-05 -7.481446e-03 -1.696210e+00 -8.428472e-06 9.999997e-01 7.118435e-04 5.653921e-01 7.481453e-03 -7.117612e-04 9.999718e-01 -5.991013e+01
9.999997e-01 5.128608e-04 5.422160e-04 -9.465135e-01 -5.128675e-04 9.999999e-01 1.274296e-05 5.386265e-01 -5.422091e-04 -1.302036e-05 9.999999e-01 -5.978601e+01
9.999735e-01 1.152531e-04 -7.277885e-03 -2.111427e-01 -1.089180e-04 9.999996e-01 8.708790e-04 5.083996e-01 7.277982e-03 -8.700639e-04 9.999731e-01 -5.960330e+01
9.999998e-01 4.993731e-04 -4.166428e-04 7.205235e-01 -4.995520e-04 9.999998e-01 -4.299725e-04 4.749127e-01 4.164283e-04 4.301812e-04 9.999998e-01 -5.944399e+01
9.999823e-01 2.170517e-04 -5.953050e-03 1.479019e+00 -2.097256e-04 9.999992e-01 1.231276e-03 4.517396e-01 5.953312e-03 -1.230007e-03 9.999815e-01 -5.928421e+01
9.999989e-01 1.979391e-04 1.481464e-03 1.884080e+00 -1.967416e-04 9.999997e-01 -8.082225e-04 4.409287e-01 -1.481623e-03 8.079308e-04 9.999986e-01 -5.948015e+01
9.999842e-01 1.589982e-04 -5.627316e-03 2.260198e+00 -1.525483e-04 9.999993e-01 1.146636e-03 4.332758e-01 5.627494e-03 -1.145760e-03 9.999835e-01 -5.987541e+01
9.999989e-01 3.267771e-04 1.457435e-03 2.432415e+00 -3.257650e-04 9.999997e-01 -6.945139e-04 4.254033e-01 -1.457661e-03 6.940390e-04 9.999987e-01 -5.987567e+01
9.999841e-01 1.459239e-04 -5.640354e-03 2.661656e+00 -1.395691e-04 9.999994e-01 1.127093e-03 4.140901e-01 5.640515e-03 -1.126289e-03 9.999835e-01 -5.975642e+01
9.999988e-01 2.804502e-04 1.507924e-03 2.895331e+00 -2.793739e-04 9.999997e-01 -7.137096e-04 4.059952e-01 -1.508124e-03 7.132882e-04 9.999986e-01 -5.973375e+01
9.999821e-01 6.439179e-05 -5.984258e-03 2.893843e+00 -5.660418e-05 9.999992e-01 1.301549e-03 4.035381e-01 5.984337e-03 -1.301188e-03 9.999812e-01 -5.977993e+01
9.999997e-01 3.535388e-04 6.462915e-04 2.543376e+00 -3.532476e-04 9.999998e-01 -4.502965e-04 4.070268e-01 -6.464504e-04 4.500688e-04 9.999997e-01 -5.955379e+01
9.999811e-01 4.313025e-05 -6.153083e-03 2.119934e+00 -3.445741e-05 9.999990e-01 1.409649e-03 4.149158e-01 6.153138e-03 -1.409411e-03 9.999801e-01 -5.917230e+01
1.000000e+00 1.693650e-04 4.980576e-05 1.546116e+00 -1.693400e-04 9.999999e-01 -4.967411e-04 4.312005e-01 -4.988962e-05 4.967333e-04 9.999999e-01 -5.948627e+01
9.999857e-01 2.523265e-05 -5.355864e-03 1.154380e+00 -1.889201e-05 9.999993e-01 1.183962e-03 4.437850e-01 5.355890e-03 -1.183844e-03 9.999850e-01 -5.990798e+01
9.999998e-01 2.232363e-04 -5.354087e-04 6.870271e-01 -2.233860e-04 9.999999e-01 -2.800432e-04 4.571356e-01 5.353464e-04 2.801635e-04 9.999998e-01 -6.018152e+01
9.999828e-01 2.241752e-05 -5.857747e-03 1.133781e-01 -1.452367e-05 9.999991e-01 1.347673e-03 4.721966e-01 5.857771e-03 -1.347566e-03 9.999819e-01 -6.033564e+01
1.000000e+00 2.116526e-04 -1.777159e-05 -3.454589e-01 -2.116589e-04 9.999999e-01 -3.665994e-04 4.833417e-01 1.769426e-05 3.666038e-04 9.999999e-01 -6.025003e+01
9.999878e-01 1.117131e-04 -4.932574e-03 -4.737774e-01 -1.067755e-04 9.999995e-01 1.001312e-03 4.886921e-01 4.932683e-03 -1.000774e-03 9.999873e-01 -6.058627e+01
9.999997e-01 3.786957e-04 -7.177304e-04 -9.957806e-02 -3.788448e-04 9.999999e-01 -2.080497e-04 4.681165e-01 7.176518e-04 2.083222e-04 9.999997e-01 -6.039994e+01
9.999801e-01 1.797070e-04 -6.301871e-03 6.528186e-01 -1.739926e-04 9.999996e-01 9.073665e-04 4.363180e-01 6.302031e-03 -9.062527e-04 9.999797e-01 -6.020813e+01
9.999997e-01 3.861142e-04 -6.989634e-04 1.425698e+00 -3.861573e-04 9.999999e-01 -6.196705e-05 4.088999e-01 6.989397e-04 6.223761e-05 9.999998e-01 -6.009663e+01
9.999827e-01 6.272348e-05 -5.877100e-03 2.023499e+00 -5.789402e-05 9.999997e-01 8.219524e-04 3.918200e-01 5.877149e-03 -8.215986e-04 9.999824e-01 -6.011434e+01
1.000000e+00 2.772150e-04 2.492828e-05 2.780417e+00 -2.772110e-04 1.000000e+00 -1.483818e-04 3.862557e-01 -2.496916e-05 1.483755e-04 1.000000e+00 -6.038644e+01
9.999894e-01 -2.800807e-05 -4.605254e-03 3.448495e+00 3.116126e-05 9.999998e-01 6.846809e-04 3.810177e-01 4.605233e-03 -6.848178e-04 9.999892e-01 -6.076050e+01
9.999997e-01 2.506121e-04 -7.217612e-04 4.113797e+00 -2.507705e-04 9.999999e-01 -2.196870e-04 3.683118e-01 7.217064e-04 2.198686e-04 9.999997e-01 -6.100608e+01
9.999858e-01 2.726247e-04 -5.315575e-03 4.687584e+00 -2.674297e-04 9.999995e-01 9.780462e-04 3.469629e-01 5.315838e-03 -9.766115e-04 9.999854e-01 -6.092675e+01
1.000000e+00 1.769180e-04 -7.174431e-05 5.146719e+00 -1.769469e-04 9.999999e-01 -4.060813e-04 3.390355e-01 7.167271e-05 4.060947e-04 9.999999e-01 -6.083240e+01
9.999813e-01 2.506051e-04 -6.106424e-03 5.755167e+00 -2.444528e-04 9.999995e-01 1.008299e-03 3.314978e-01 6.106673e-03 -1.006788e-03 9.999808e-01 -6.084693e+01
9.999999e-01 1.185161e-04 5.279773e-04 6.447536e+00 -1.183035e-04 9.999999e-01 -4.021073e-04 3.179386e-01 -5.280247e-04 4.020455e-04 9.999998e-01 -6.100620e+01
9.999777e-01 2.719388e-04 -6.676917e-03 7.222929e+00 -2.656504e-04 9.999995e-01 9.427323e-04 3.010710e-01 6.677170e-03 -9.409382e-04 9.999773e-01 -6.116148e+01
9.999994e-01 1.684762e-04 1.084002e-03 7.941026e+00 -1.681517e-04 9.999999e-01 -2.991651e-04 2.866908e-01 -1.084052e-03 2.989833e-04 9.999994e-01 -6.133914e+01
9.999588e-01 -4.901705e-05 -9.075767e-03 9.679141e+00 5.163622e-05 1.000000e+00 2.883866e-04 2.536442e-01 9.075752e-03 -2.888441e-04 9.999588e-01 -6.167831e+01
9.999940e-01 6.547327e-04 3.411028e-03 1.117269e+01 -6.540724e-04 9.999998e-01 -1.945912e-04 2.296025e-01 -3.411154e-03 1.923596e-04 9.999942e-01 -6.211830e+01
9.999541e-01 -5.806140e-04 -9.560580e-03 1.228327e+01 5.864845e-04 9.999996e-01 6.112744e-04 2.105780e-01 9.560221e-03 -6.168541e-04 9.999541e-01 -6.249003e+01
9.999927e-01 9.920776e-04 3.684777e-03 1.347469e+01 -9.908577e-04 9.999995e-01 -3.327972e-04 1.855350e-01 -3.685105e-03 3.291444e-04 9.999932e-01 -6.278343e+01
9.999772e-01 -6.962497e-04 -6.713500e-03 1.391729e+01 6.988433e-04 9.999997e-01 3.840242e-04 1.866444e-01 6.713230e-03 -3.887078e-04 9.999774e-01 -6.369635e+01
9.999953e-01 9.399939e-04 2.914007e-03 1.387854e+01 -9.391552e-04 9.999995e-01 -2.890468e-04 1.874099e-01 -2.914278e-03 2.863094e-04 9.999957e-01 -6.456097e+01
9.999802e-01 -7.282471e-04 -6.252452e-03 1.379547e+01 7.306216e-04 9.999997e-01 3.775496e-04 1.906048e-01 6.252175e-03 -3.821110e-04 9.999804e-01 -6.553760e+01
9.999952e-01 8.131639e-04 2.974771e-03 1.398788e+01 -8.115853e-04 9.999995e-01 -5.317276e-04 1.938553e-01 -2.975201e-03 5.293115e-04 9.999954e-01 -6.643286e+01
9.999819e-01 -6.256301e-04 -5.989748e-03 1.455357e+01 6.300385e-04 9.999995e-01 7.341785e-04 1.857213e-01 5.989285e-03 -7.379396e-04 9.999818e-01 -6.695098e+01
9.999986e-01 6.562053e-04 1.536012e-03 1.382779e+01 -6.556876e-04 9.999997e-01 -3.373324e-04 2.141574e-01 -1.536233e-03 3.363254e-04 9.999988e-01 -6.780149e+01
9.999674e-01 -5.682915e-04 -8.056631e-03 1.263436e+01 5.754336e-04 9.999994e-01 8.842309e-04 2.552092e-01 8.056124e-03 -8.888388e-04 9.999672e-01 -6.891004e+01
9.999975e-01 6.921650e-04 2.105263e-03 1.200801e+01 -6.919223e-04 9.999998e-01 -1.158752e-04 2.657627e-01 -2.105343e-03 1.144189e-04 9.999978e-01 -6.925234e+01
9.999736e-01 -5.573018e-04 -7.240103e-03 1.168613e+01 5.619819e-04 9.999996e-01 6.444471e-04 2.768406e-01 7.239741e-03 -6.484996e-04 9.999736e-01 -6.967111e+01
9.999977e-01 1.114822e-03 1.806726e-03 1.130378e+01 -1.115365e-03 9.999993e-01 3.000082e-04 2.799999e-01 -1.806390e-03 -3.020221e-04 9.999983e-01 -6.930756e+01
9.999684e-01 -7.719932e-04 -7.907708e-03 1.075738e+01 7.770578e-04 9.999995e-01 6.374560e-04 2.921699e-01 7.907212e-03 -6.435813e-04 9.999685e-01 -6.976281e+01
9.999913e-01 1.003559e-03 4.060994e-03 1.062171e+01 -1.002027e-03 9.999994e-01 -3.791967e-04 2.932787e-01 -4.061372e-03 3.751248e-04 9.999917e-01 -7.054976e+01
9.999616e-01 -7.693764e-04 -8.732102e-03 1.042088e+01 7.777099e-04 9.999992e-01 9.510250e-04 2.922235e-01 8.731363e-03 -9.577802e-04 9.999614e-01 -7.112982e+01
9.999948e-01 1.218169e-03 2.973728e-03 1.049667e+01 -1.217630e-03 9.999992e-01 -1.828893e-04 2.911618e-01 -2.973948e-03 1.792681e-04 9.999956e-01 -7.093717e+01
9.999643e-01 -7.258168e-04 -8.421838e-03 1.036984e+01 7.340603e-04 9.999993e-01 9.758093e-04 2.924056e-01 8.421123e-03 -9.819572e-04 9.999641e-01 -7.049547e+01
9.999951e-01 8.916315e-04 2.988498e-03 1.018550e+01 -8.907905e-04 9.999996e-01 -2.826249e-04 2.959939e-01 -2.988748e-03 2.799620e-04 9.999955e-01 -7.087239e+01
9.999683e-01 -6.715911e-04 -7.937674e-03 9.991577e+00 6.789912e-04 9.999993e-01 9.296614e-04 2.959919e-01 7.937044e-03 -9.350221e-04 9.999681e-01 -7.134426e+01
9.999947e-01 8.869024e-04 3.118580e-03 1.012748e+01 -8.864477e-04 9.999996e-01 -1.470781e-04 2.846862e-01 -3.118709e-03 1.443135e-04 9.999951e-01 -7.141607e+01
9.999683e-01 -2.842500e-04 -7.963052e-03 1.027413e+01 2.919262e-04 9.999995e-01 9.628703e-04 2.677159e-01 7.962774e-03 -9.651650e-04 9.999678e-01 -7.103947e+01
9.999939e-01 1.043623e-03 3.345997e-03 1.044793e+01 -1.042698e-03 9.999994e-01 -2.780755e-04 2.441226e-01 -3.346285e-03 2.745856e-04 9.999944e-01 -7.046941e+01
9.999513e-01 -6.360827e-04 -9.848778e-03 1.114923e+01 6.445424e-04 9.999994e-01 8.558442e-04 2.233296e-01 9.848227e-03 -8.621511e-04 9.999511e-01 -7.047598e+01
9.999896e-01 8.715311e-04 4.469441e-03 1.174536e+01 -8.706587e-04 9.999996e-01 -1.970676e-04 2.117556e-01 -4.469611e-03 1.931749e-04 9.999900e-01 -7.070337e+01
9.999634e-01 -1.518902e-04 -8.550664e-03 1.178955e+01 1.591922e-04 9.999996e-01 8.533385e-04 1.939650e-01 8.550531e-03 -8.546692e-04 9.999631e-01 -7.008467e+01
9.999957e-01 5.830029e-04 2.876527e-03 1.219127e+01 -5.824456e-04 9.999998e-01 -1.944400e-04 1.717438e-01 -2.876640e-03 1.927644e-04 9.999958e-01 -6.990345e+01
9.999621e-01 -6.657456e-04 -8.680559e-03 1.313702e+01 6.706246e-04 9.999996e-01 5.591996e-04 1.637643e-01 8.680183e-03 -5.650005e-04 9.999622e-01 -7.036689e+01
9.999940e-01 8.109052e-04 3.373455e-03 1.388689e+01 -8.112753e-04 9.999997e-01 1.084615e-04 1.523624e-01 -3.373365e-03 -1.111970e-04 9.999943e-01 -7.064779e+01
9.999691e-01 -2.116029e-04 -7.858744e-03 1.394647e+01 2.170864e-04 9.999997e-01 6.969554e-04 1.373593e-01 7.858594e-03 -6.986406e-04 9.999689e-01 -7.021102e+01
9.999946e-01 6.687750e-04 3.207621e-03 1.385741e+01 -6.694129e-04 9.999998e-01 1.979147e-04 1.320702e-01 -3.207488e-03 -2.000603e-04 9.999948e-01 -6.977065e+01
9.999680e-01 -3.972228e-04 -7.992194e-03 1.365659e+01 4.015172e-04 9.999998e-01 5.357714e-04 1.336103e-01 7.991979e-03 -5.389639e-04 9.999679e-01 -7.008199e+01
9.999901e-01 4.639123e-04 4.434329e-03 1.371964e+01 -4.624175e-04 9.999998e-01 -3.380322e-04 1.314821e-01 -4.434485e-03 3.359789e-04 9.999901e-01 -7.074067e+01
9.999630e-01 -3.978694e-04 -8.598458e-03 1.415281e+01 4.036800e-04 9.999997e-01 6.740867e-04 1.260188e-01 8.598187e-03 -6.775334e-04 9.999628e-01 -7.116342e+01
9.999919e-01 6.680751e-04 3.975232e-03 1.467589e+01 -6.668377e-04 9.999997e-01 -3.125209e-04 1.168382e-01 -3.975439e-03 3.098681e-04 9.999920e-01 -7.137268e+01
9.999642e-01 -8.062580e-04 -8.422784e-03 1.543139e+01 8.039988e-04 9.999996e-01 -2.715783e-04 1.245271e-01 8.423000e-03 2.647960e-04 9.999645e-01 -7.247507e+01
9.999886e-01 5.438461e-04 4.742081e-03 1.721715e+01 -5.375592e-04 9.999990e-01 -1.326866e-03 1.458030e-01 -4.742798e-03 1.324302e-03 9.999879e-01 -7.437800e+01
9.999570e-01 -1.805451e-04 -9.269071e-03 1.955908e+01 1.790726e-04 1.000000e+00 -1.596641e-04 1.459928e-01 9.269099e-03 1.579968e-04 9.999570e-01 -7.576676e+01
9.999858e-01 2.912736e-04 5.323400e-03 2.133865e+01 -2.848778e-04 9.999992e-01 -1.202111e-03 1.574570e-01 -5.323746e-03 1.200578e-03 9.999851e-01 -7.745577e+01
9.999746e-01 -3.784689e-04 -7.116105e-03 2.174409e+01 3.836451e-04 9.999997e-01 7.260889e-04 1.674352e-01 7.115828e-03 -7.288011e-04 9.999744e-01 -7.878785e+01
9.999987e-01 1.198974e-04 1.615030e-03 2.354071e+01 -1.178502e-04 9.999992e-01 -1.267445e-03 1.526695e-01 -1.615180e-03 1.267254e-03 9.999979e-01 -7.959506e+01
9.999780e-01 -6.937514e-05 -6.638006e-03 2.510151e+01 7.606760e-05 9.999995e-01 1.008007e-03 1.462019e-01 6.637933e-03 -1.008491e-03 9.999775e-01 -8.046831e+01
9.999936e-01 2.763053e-04 3.574430e-03 2.526827e+01 -2.733969e-04 9.999996e-01 -8.140560e-04 1.420890e-01 -3.574653e-03 8.130742e-04 9.999933e-01 -8.100606e+01
9.999617e-01 5.177020e-04 -8.731428e-03 2.584372e+01 -5.083030e-04 9.999993e-01 1.078689e-03 1.112254e-01 8.731980e-03 -1.074210e-03 9.999613e-01 -8.075049e+01
9.999905e-01 3.897326e-04 4.347887e-03 2.642049e+01 -3.870452e-04 9.999997e-01 -6.188252e-04 7.440800e-02 -4.348126e-03 6.171371e-04 9.999904e-01 -8.039199e+01
9.999637e-01 2.676625e-04 -8.515290e-03 2.642235e+01 -2.565907e-04 9.999991e-01 1.301325e-03 5.966987e-02 8.515630e-03 -1.299093e-03 9.999629e-01 -7.978129e+01
9.999923e-01 1.512944e-05 3.929392e-03 2.672890e+01 -1.212701e-05 9.999997e-01 -7.640281e-04 4.197783e-02 -3.929402e-03 7.639751e-04 9.999920e-01 -7.977279e+01
9.999636e-01 3.819534e-04 -8.529479e-03 2.745651e+01 -3.731077e-04 9.999994e-01 1.038686e-03 2.373923e-02 8.529870e-03 -1.035467e-03 9.999631e-01 -7.993631e+01
9.999932e-01 3.622329e-04 3.677515e-03 2.783377e+01 -3.603688e-04 9.999998e-01 -5.074510e-04 3.344766e-03 -3.677698e-03 5.061229e-04 9.999931e-01 -7.955529e+01
9.999764e-01 5.988398e-04 -6.849125e-03 2.808696e+01 -5.933065e-04 9.999995e-01 8.099376e-04 -1.372031e-02 6.849606e-03 -8.058555e-04 9.999762e-01 -7.895241e+01
9.999984e-01 6.072882e-04 1.676135e-03 2.871394e+01 -6.063497e-04 9.999997e-01 -5.601370e-04 -4.304807e-02 -1.676474e-03 5.591204e-04 9.999984e-01 -7.812562e+01
9.999677e-01 7.840919e-04 -7.998915e-03 2.989256e+01 -7.797937e-04 9.999995e-01 5.404987e-04 -8.821649e-02 7.999335e-03 -5.342443e-04 9.999679e-01 -7.733643e+01
9.999983e-01 -1.879146e-04 1.846284e-03 3.104450e+01 1.884887e-04 9.999999e-01 -3.105572e-04 -1.253527e-01 -1.846225e-03 3.109053e-04 9.999982e-01 -7.725816e+01
9.999760e-01 6.712726e-04 -6.889337e-03 3.142412e+01 -6.653641e-04 9.999994e-01 8.599481e-04 -1.410198e-01 6.889910e-03 -8.553443e-04 9.999759e-01 -7.715099e+01
9.999980e-01 -2.721621e-04 1.999716e-03 3.176480e+01 2.725730e-04 9.999999e-01 -2.049893e-04 -1.588618e-01 -1.999660e-03 2.055345e-04 9.999980e-01 -7.700323e+01
9.999787e-01 7.552255e-04 -6.479967e-03 3.209285e+01 -7.503929e-04 9.999994e-01 7.482212e-04 -1.766076e-01 6.480529e-03 -7.433434e-04 9.999787e-01 -7.689659e+01
9.999975e-01 -3.836793e-04 2.189850e-03 3.241835e+01 3.845566e-04 9.999998e-01 -4.000435e-04 -1.902447e-01 -2.189696e-03 4.008853e-04 9.999975e-01 -7.703543e+01
9.999786e-01 7.529157e-04 -6.494709e-03 3.263195e+01 -7.464843e-04 9.999992e-01 9.926765e-04 -2.039351e-01 6.495451e-03 -9.878077e-04 9.999784e-01 -7.707237e+01
9.999983e-01 -4.146736e-04 1.771488e-03 3.279677e+01 4.152267e-04 9.999999e-01 -3.116242e-04 -2.182878e-01 -1.771358e-03 3.123599e-04 9.999984e-01 -7.704953e+01
9.999809e-01 5.420843e-04 -6.155332e-03 3.328089e+01 -5.375995e-04 9.999996e-01 7.302980e-04 -2.343453e-01 6.155725e-03 -7.269755e-04 9.999808e-01 -7.720386e+01
9.999963e-01 -8.501948e-04 2.594048e-03 3.397999e+01 8.523061e-04 9.999993e-01 -8.127773e-04 -2.359520e-01 -2.593355e-03 8.149858e-04 9.999963e-01 -7.794385e+01
9.999840e-01 7.928636e-04 -5.603004e-03 3.426394e+01 -7.883983e-04 9.999994e-01 7.991899e-04 -2.352928e-01 5.603634e-03 -7.947603e-04 9.999840e-01 -7.871575e+01
9.999935e-01 -8.201778e-04 3.505306e-03 3.443948e+01 8.258482e-04 9.999984e-01 -1.616430e-03 -2.264854e-01 -3.503974e-03 1.619315e-03 9.999925e-01 -8.022445e+01
9.999916e-01 8.552135e-04 -4.001969e-03 3.453265e+01 -8.529185e-04 9.999995e-01 5.752326e-04 -2.132575e-01 4.002458e-03 -5.718150e-04 9.999918e-01 -8.199748e+01
9.999981e-01 -7.132235e-04 1.817170e-03 3.450276e+01 7.151381e-04 9.999992e-01 -1.052976e-03 -2.075314e-01 -1.816418e-03 1.054274e-03 9.999978e-01 -8.332683e+01
9.999939e-01 6.885072e-04 -3.436098e-03 3.454828e+01 -6.883616e-04 9.999998e-01 4.365112e-05 -1.957352e-01 3.436127e-03 -4.128620e-05 9.999941e-01 -8.510763e+01
9.999937e-01 -6.926946e-04 3.495160e-03 3.453078e+01 6.983485e-04 9.999984e-01 -1.616578e-03 -1.784256e-01 -3.494035e-03 1.619009e-03 9.999926e-01 -8.741729e+01
9.999942e-01 7.231555e-04 -3.328306e-03 3.457184e+01 -7.222394e-04 9.999997e-01 2.765592e-04 -1.639228e-01 3.328505e-03 -2.741544e-04 9.999944e-01 -8.933713e+01
9.999970e-01 -7.524048e-04 2.329512e-03 3.465688e+01 7.558592e-04 9.999986e-01 -1.482170e-03 -1.501997e-01 -2.328393e-03 1.483927e-03 9.999962e-01 -9.131858e+01
9.999976e-01 5.958068e-04 -2.111197e-03 3.496147e+01 -5.955272e-04 9.999998e-01 1.332642e-04 -1.338535e-01 2.111276e-03 -1.320072e-04 9.999978e-01 -9.319385e+01
9.999997e-01 -7.227378e-04 2.425071e-04 3.519993e+01 7.229311e-04 9.999994e-01 -7.964974e-04 -1.274868e-01 -2.419312e-04 7.966731e-04 9.999997e-01 -9.445905e+01
9.999869e-01 5.671664e-04 -5.079432e-03 3.575831e+01 -5.607304e-04 9.999990e-01 1.268479e-03 -1.345889e-01 5.080147e-03 -1.265615e-03 9.999863e-01 -9.479609e+01
9.999962e-01 -6.567234e-04 2.688584e-03 3.598328e+01 6.629326e-04 9.999971e-01 -2.309086e-03 -1.242236e-01 -2.687060e-03 2.310860e-03 9.999937e-01 -9.649230e+01
9.999969e-01 5.893542e-04 -2.406717e-03 3.619951e+01 -5.872490e-04 9.999994e-01 8.754946e-04 -1.080944e-01 2.407232e-03 -8.740792e-04 9.999967e-01 -9.839050e+01
9.999997e-01 -6.895605e-04 -3.351738e-04 3.640809e+01 6.892045e-04 9.999992e-01 -1.062162e-03 -1.069634e-01 3.359062e-04 1.061932e-03 9.999994e-01 -9.926697e+01
9.999955e-01 7.255732e-04 -2.918811e-03 3.667857e+01 -7.222957e-04 9.999991e-01 1.123948e-03 -1.056646e-01 2.919623e-03 -1.121835e-03 9.999951e-01 -1.000202e+02
9.999997e-01 -6.122159e-04 -4.773732e-04 3.685240e+01 6.117356e-04 9.999993e-01 -1.006279e-03 -1.055308e-01 4.779891e-04 1.005987e-03 9.999994e-01 -1.007246e+02
9.999961e-01 6.516590e-04 -2.703477e-03 3.706255e+01 -6.492386e-04 9.999994e-01 8.961992e-04 -1.030925e-01 2.704059e-03 -8.944411e-04 9.999959e-01 -1.016017e+02
9.999993e-01 -6.897903e-04 -1.006687e-03 3.735165e+01 6.891232e-04 9.999995e-01 -6.632549e-04 -1.049324e-01 1.007144e-03 6.625613e-04 9.999993e-01 -1.021966e+02
