9.999919e-01 1.231509e-03 -3.843828e-03 3.647596e-01 -1.230881e-03 9.999992e-01 1.659051e-04 -2.759238e-02 3.844029e-03 -1.611732e-04 9.999926e-01 1.461117e+00
9.999971e-01 2.266109e-04 -2.385786e-03 2.480015e+00 -2.285764e-04 9.999996e-01 -8.236370e-04 -7.236055e-02 2.385598e-03 8.241806e-04 9.999968e-01 1.988369e+00
9.999963e-01 3.589201e-04 -2.698026e-03 3.758543e+00 -3.566505e-04 9.999996e-01 8.416494e-04 -9.210932e-02 2.698327e-03 -8.406848e-04 9.999960e-01 1.954124e+00
9.999991e-01 -4.400299e-05 -1.315300e-03 3.862877e+00 4.368180e-05 1.000000e+00 -2.442448e-04 -9.675621e-02 1.315311e-03 2.441879e-04 9.999991e-01 1.806928e+00
9.999973e-01 2.107090e-04 -2.332237e-03 3.922360e+00 -2.091906e-04 9.999998e-01 6.513066e-04 -9.735667e-02 2.332373e-03 -6.508177e-04 9.999971e-01 1.302374e+00
9.999992e-01 1.250858e-03 -2.060119e-04 3.822019e+00 -1.250938e-03 9.999991e-01 -3.908768e-04 -1.151185e-01 2.055231e-04 3.911349e-04 9.999999e-01 2.843528e+00
9.999919e-01 -7.098667e-04 -3.971850e-03 4.181701e+00 7.135122e-04 9.999993e-01 9.164841e-04 -1.388527e-01 3.971196e-03 -9.193113e-04 9.999917e-01 3.077131e+00
9.999990e-01 1.411032e-03 -1.486799e-04 4.199520e+00 -1.411063e-03 9.999990e-01 -2.023442e-04 -1.568981e-01 1.483946e-04 2.025545e-04 1.000000e+00 3.655659e+00
9.999932e-01 -7.865588e-04 -3.589828e-03 4.115173e+00 7.894854e-04 9.999994e-01 8.139039e-04 -1.654511e-01 3.589185e-03 -8.167333e-04 9.999932e-01 4.397835e+00
9.999986e-01 1.616617e-03 3.667700e-04 3.838025e+00 -1.616460e-03 9.999986e-01 -4.283569e-04 -1.673783e-01 -3.674617e-04 4.277641e-04 9.999998e-01 5.720374e+00
9.999938e-01 -4.008777e-04 -3.496355e-03 3.467588e+00 4.032441e-04 9.999997e-01 6.761564e-04 -1.695196e-01 3.496082e-03 -6.775628e-04 9.999937e-01 7.507538e+00
9.999975e-01 8.921152e-04 -2.060035e-03 3.284301e+00 -8.915369e-04 9.999996e-01 2.816003e-04 -1.685330e-01 2.060286e-03 -2.797623e-04 9.999978e-01 7.983480e+00
9.999857e-01 -3.684845e-04 -5.343543e-03 4.796999e+00 3.656709e-04 9.999998e-01 -5.275027e-04 -1.823157e-01 5.343736e-03 5.255404e-04 9.999856e-01 7.546961e+00
9.999995e-01 9.862073e-04 -2.437861e-04 6.167532e+00 -9.860599e-04 9.999993e-01 6.038255e-04 -2.092208e-01 2.443818e-04 -6.035841e-04 9.999998e-01 7.565689e+00
9.999932e-01 -8.799738e-05 -3.698255e-03 6.367652e+00 8.789391e-05 1.000000e+00 -2.812959e-05 -2.361319e-01 3.698257e-03 2.780363e-05 9.999932e-01 8.596190e+00
9.999970e-01 1.247656e-03 -2.115695e-03 7.322673e+00 -1.247272e-03 9.999992e-01 1.827523e-04 -2.728721e-01 2.115922e-03 -1.801121e-04 9.999977e-01 9.417647e+00
9.999977e-01 -2.335077e-04 -2.115152e-03 7.619372e+00 2.341250e-04 9.999999e-01 2.916505e-04 -3.043673e-01 2.115084e-03 -2.921458e-04 9.999977e-01 1.037282e+01
9.999971e-01 9.023762e-04 -2.218215e-03 7.732492e+00 -9.014068e-04 9.999995e-01 4.379628e-04 -3.250608e-01 2.218610e-03 -4.359614e-04 9.999974e-01 1.089056e+01
9.999983e-01 -3.064018e-04 -1.808868e-03 7.933111e+00 3.068502e-04 9.999999e-01 2.476566e-04 -3.452777e-01 1.808792e-03 -2.482120e-04 9.999983e-01 1.130048e+01
9.999952e-01 6.370729e-04 -3.036419e-03 7.973900e+00 -6.353454e-04 9.999996e-01 5.698549e-04 -3.543811e-01 3.036781e-03 -5.679223e-04 9.999952e-01 1.192958e+01
9.999999e-01 2.793111e-04 -3.681268e-04 8.055022e+00 -2.793513e-04 1.000000e+00 -1.089972e-04 -3.782054e-01 3.680960e-04 1.090993e-04 9.999999e-01 1.309773e+01
9.999981e-01 1.726856e-03 -9.470419e-04 8.257917e+00 -1.726756e-03 9.999985e-01 1.062970e-04 -4.278199e-01 9.472244e-04 -1.046607e-04 9.999995e-01 1.532133e+01
9.999950e-01 5.929512e-04 -3.114538e-03 9.110343e+00 -5.933490e-04 9.999998e-01 -1.267635e-04 -4.965693e-01 3.114462e-03 1.286102e-04 9.999951e-01 1.754131e+01
9.999989e-01 1.337771e-03 -5.682274e-04 9.831578e+00 -1.337649e-03 9.999991e-01 2.147137e-04 -5.541103e-01 5.685144e-04 -2.139527e-04 9.999998e-01 1.958757e+01
9.999996e-01 7.324116e-04 -4.050972e-04 9.913942e+00 -7.326103e-04 9.999996e-01 -4.904139e-04 -5.995822e-01 4.047375e-04 4.907098e-04 9.999998e-01 2.194656e+01
9.999988e-01 1.560509e-03 6.034258e-05 1.001435e+01 -1.560516e-03 9.999988e-01 1.131455e-04 -6.496268e-01 -6.016561e-05 -1.132388e-04 1.000000e+00 2.461381e+01
9.999986e-01 7.905470e-04 -1.497986e-03 1.033653e+01 -7.909734e-04 9.999996e-01 -2.840358e-04 -7.092932e-01 1.497761e-03 2.852196e-04 9.999988e-01 2.710072e+01
9.999993e-01 1.079526e-03 -4.335804e-04 1.054427e+01 -1.079334e-03 9.999993e-01 4.433452e-04 -7.568674e-01 4.340591e-04 -4.428763e-04 9.999998e-01 2.896340e+01
9.999992e-01 7.613559e-04 -1.019337e-03 1.074753e+01 -7.618008e-04 9.999996e-01 -4.360540e-04 -8.038081e-01 1.019004e-03 4.368295e-04 9.999994e-01 3.111286e+01
9.999989e-01 1.317240e-03 -7.021306e-04 1.091727e+01 -1.316929e-03 9.999990e-01 4.421829e-04 -8.537052e-01 7.027127e-04 -4.412571e-04 9.999997e-01 3.325754e+01
9.999976e-01 -1.883966e-04 -2.188705e-03 1.099069e+01 1.881982e-04 1.000000e+00 -9.083454e-05 -8.815220e-01 2.188721e-03 9.042169e-05 9.999976e-01 3.444142e+01
9.999987e-01 1.608460e-03 -1.664040e-04 1.108141e+01 -1.608414e-03 9.999987e-01 2.731732e-04 -9.156829e-01 1.668435e-04 -2.729045e-04 9.999999e-01 3.593295e+01
9.999952e-01 -4.694587e-04 -3.059045e-03 1.110008e+01 4.700326e-04 9.999999e-01 1.868974e-04 -9.389969e-01 3.058956e-03 -1.883351e-04 9.999953e-01 3.704109e+01
9.999991e-01 1.372857e-03 5.421514e-06 1.108027e+01 -1.372858e-03 9.999990e-01 2.078206e-04 -9.580812e-01 -5.135877e-06 -2.078271e-04 1.000000e+00 3.810642e+01
9.999915e-01 -5.399019e-04 -4.097661e-03 1.100145e+01 5.421711e-04 9.999997e-01 5.526963e-04 -9.679544e-01 4.097361e-03 -5.549139e-04 9.999915e-01 3.877209e+01
9.999997e-01 7.378925e-04 -3.299108e-04 1.089167e+01 -7.378569e-04 9.999997e-01 1.076268e-04 -9.662063e-01 3.299905e-04 -1.073827e-04 9.999999e-01 3.846494e+01
9.999902e-01 -2.945923e-04 -4.423329e-03 1.073223e+01 2.978652e-04 9.999997e-01 7.392979e-04 -9.712146e-01 4.423110e-03 -7.406089e-04 9.999899e-01 3.882593e+01
9.999996e-01 8.204293e-04 -4.748985e-04 1.062064e+01 -8.203711e-04 9.999997e-01 1.227118e-04 -9.770683e-01 4.749994e-04 -1.223214e-04 9.999999e-01 3.915696e+01
9.999889e-01 -3.220788e-04 -4.701356e-03 1.033595e+01 3.258680e-04 9.999996e-01 8.052678e-04 -9.756712e-01 4.701095e-03 -8.067916e-04 9.999886e-01 3.948020e+01
9.999997e-01 5.218393e-04 -6.521375e-04 1.005168e+01 -5.217418e-04 9.999999e-01 1.495595e-04 -9.709144e-01 6.522157e-04 -1.492185e-04 9.999998e-01 3.942931e+01
9.999921e-01 -3.325338e-04 -3.965516e-03 9.846193e+00 3.349579e-04 9.999998e-01 6.106769e-04 -9.692065e-01 3.965312e-03 -6.120011e-04 9.999920e-01 3.923041e+01
9.999995e-01 6.024314e-04 -7.864117e-04 9.761508e+00 -6.022705e-04 9.999998e-01 2.047061e-04 -9.729864e-01 7.865351e-04 -2.042316e-04 9.999997e-01 3.920521e+01
9.999907e-01 -2.888673e-04 -4.291905e-03 1.001556e+01 2.911509e-04 9.999998e-01 5.314850e-04 -9.861754e-01 4.291750e-03 -5.327304e-04 9.999906e-01 3.922464e+01
9.999995e-01 6.920678e-04 -7.087649e-04 1.020551e+01 -6.918301e-04 9.999997e-01 3.354237e-04 -1.001308e+00 7.089971e-04 -3.349325e-04 9.999997e-01 3.947538e+01
9.999891e-01 -4.033501e-04 -4.661448e-03 1.034693e+01 4.056367e-04 9.999998e-01 4.896081e-04 -1.009320e+00 4.661250e-03 -4.914943e-04 9.999890e-01 3.947774e+01
9.999998e-01 5.890816e-04 3.802094e-04 1.039186e+01 -5.890997e-04 9.999998e-01 4.761512e-05 -1.010618e+00 -3.801810e-04 -4.783837e-05 9.999999e-01 3.903333e+01
9.999883e-01 -7.010602e-05 -4.842567e-03 1.047591e+01 7.365564e-05 9.999997e-01 7.328477e-04 -1.027196e+00 4.842514e-03 -7.331965e-04 9.999880e-01 3.955026e+01
9.999998e-01 6.768424e-04 1.055345e-04 1.049604e+01 -6.768478e-04 9.999998e-01 5.150212e-05 -1.038710e+00 -1.054993e-04 -5.157282e-05 1.000000e+00 4.011604e+01
9.999896e-01 -2.362927e-04 -4.561943e-03 1.053263e+01 2.395961e-04 9.999997e-01 7.236060e-04 -1.050803e+00 4.561771e-03 -7.246922e-04 9.999893e-01 4.039537e+01
9.999996e-01 8.107033e-04 3.596259e-04 1.055379e+01 -8.107029e-04 9.999997e-01 -1.091750e-06 -1.065154e+00 -3.596263e-04 8.009148e-07 9.999999e-01 4.089118e+01
9.999884e-01 -2.515833e-04 -4.818264e-03 1.066280e+01 2.551468e-04 9.999997e-01 7.390091e-04 -1.080394e+00 4.818076e-03 -7.402306e-04 9.999881e-01 4.128836e+01
9.999995e-01 8.824559e-04 4.701646e-04 1.080746e+01 -8.824311e-04 9.999996e-01 -5.265997e-05 -1.095731e+00 -4.702106e-04 5.224577e-05 9.999999e-01 4.157521e+01
9.999883e-01 -5.601653e-04 -4.795550e-03 1.073097e+01 5.636065e-04 9.999996e-01 7.162953e-04 -1.100162e+00 4.795147e-03 -7.189905e-04 9.999882e-01 4.154878e+01
9.999993e-01 8.258372e-04 8.672160e-04 1.083470e+01 -8.256181e-04 9.999996e-01 -2.528565e-04 -1.104802e+00 -8.674241e-04 2.521411e-04 9.999996e-01 4.119828e+01
9.999860e-01 -5.074571e-04 -5.262576e-03 1.108808e+01 5.113281e-04 9.999996e-01 7.342788e-04 -1.114115e+00 5.262201e-03 -7.369601e-04 9.999859e-01 4.096398e+01
9.999991e-01 8.069397e-04 1.110994e-03 1.138195e+01 -8.064546e-04 9.999996e-01 -4.368975e-04 -1.123210e+00 -1.111345e-03 4.360018e-04 9.999993e-01 4.064382e+01
9.999867e-01 -3.402101e-04 -5.138492e-03 1.166489e+01 3.444628e-04 9.999996e-01 8.267867e-04 -1.138955e+00 5.138208e-03 -8.285465e-04 9.999865e-01 4.063525e+01
9.999992e-01 8.286871e-04 9.613152e-04 1.211996e+01 -8.283206e-04 9.999996e-01 -3.814252e-04 -1.157028e+00 -9.616305e-04 3.806293e-04 9.999995e-01 4.068630e+01
9.999890e-01 -6.899726e-04 -4.647565e-03 1.217112e+01 6.935189e-04 9.999995e-01 7.615157e-04 -1.161111e+00 4.647037e-03 -7.647312e-04 9.999889e-01 4.012800e+01
9.999992e-01 1.038116e-03 7.199682e-04 1.234077e+01 -1.037832e-03 9.999994e-01 -3.947756e-04 -1.171706e+00 -7.203773e-04 3.940288e-04 9.999997e-01 3.979228e+01
9.999876e-01 -5.467088e-04 -4.947143e-03 1.282761e+01 5.513690e-04 9.999994e-01 9.406918e-04 -1.194464e+00 4.946625e-03 -9.434085e-04 9.999873e-01 3.996157e+01
9.999992e-01 9.315101e-04 7.984252e-04 1.284710e+01 -9.312353e-04 9.999995e-01 -3.444051e-04 -1.201326e+00 -7.987454e-04 3.436620e-04 9.999996e-01 3.984547e+01
9.999910e-01 -7.419850e-04 -4.169218e-03 1.288630e+01 7.447557e-04 9.999995e-01 6.630641e-04 -1.203373e+00 4.168723e-03 -6.661639e-04 9.999911e-01 3.919981e+01
9.999992e-01 9.443455e-04 7.836591e-04 1.309692e+01 -9.440244e-04 9.999995e-01 -4.098592e-04 -1.208953e+00 -7.840454e-04 4.091198e-04 9.999996e-01 3.870777e+01
9.999871e-01 -4.375204e-04 -5.057396e-03 1.331058e+01 4.425345e-04 9.999994e-01 9.903994e-04 -1.226478e+00 5.056959e-03 -9.926255e-04 9.999867e-01 3.884887e+01
9.999994e-01 8.695551e-04 6.776251e-04 1.332570e+01 -8.694224e-04 9.999996e-01 -1.958650e-04 -1.237953e+00 -6.777948e-04 1.952765e-04 9.999998e-01 3.903607e+01
9.999855e-01 -4.391774e-04 -5.373311e-03 1.333954e+01 4.450932e-04 9.999993e-01 1.099825e-03 -1.247574e+00 5.372824e-03 -1.102202e-03 9.999850e-01 3.925572e+01
9.999996e-01 6.953021e-04 4.782334e-04 1.327799e+01 -6.951742e-04 9.999997e-01 -2.672925e-04 -1.250942e+00 -4.784188e-04 2.669607e-04 9.999998e-01 3.917631e+01
9.999831e-01 -4.830821e-04 -5.793285e-03 1.307603e+01 4.901142e-04 9.999991e-01 1.212495e-03 -1.249950e+00 5.792694e-03 -1.215315e-03 9.999825e-01 3.911141e+01
9.999996e-01 6.884191e-04 5.515487e-04 1.273240e+01 -6.882255e-04 9.999997e-01 -3.508374e-04 -1.243388e+00 -5.517898e-04 3.504584e-04 9.999998e-01 3.888194e+01
9.999859e-01 -4.766642e-04 -5.289775e-03 1.248351e+01 4.828109e-04 9.999992e-01 1.160819e-03 -1.239163e+00 5.289217e-03 -1.163357e-03 9.999853e-01 3.879322e+01
9.999995e-01 8.848355e-04 4.485745e-04 1.239023e+01 -8.847273e-04 9.999996e-01 -2.410360e-04 -1.245461e+00 -4.487873e-04 2.406397e-04 9.999999e-01 3.903863e+01
9.999869e-01 -4.845041e-04 -5.104967e-03 1.236588e+01 4.899943e-04 9.999993e-01 1.074291e-03 -1.255242e+00 5.104443e-03 -1.076779e-03 9.999864e-01 3.923952e+01
9.999990e-01 9.394565e-04 1.095521e-03 1.229456e+01 -9.390521e-04 9.999995e-01 -3.694993e-04 -1.263629e+00 -1.095868e-03 3.684709e-04 9.999993e-01 3.937048e+01
9.999826e-01 -5.249588e-04 -5.871396e-03 1.214163e+01 5.323256e-04 9.999991e-01 1.253214e-03 -1.267410e+00 5.870732e-03 -1.256318e-03 9.999820e-01 3.962090e+01
9.999987e-01 9.809172e-04 1.257099e-03 1.198586e+01 -9.804424e-04 9.999994e-01 -3.782197e-04 -1.269269e+00 -1.257469e-03 3.769874e-04 9.999991e-01 4.014020e+01
9.999820e-01 -4.349110e-04 -5.986640e-03 1.201328e+01 4.422640e-04 9.999991e-01 1.226981e-03 -1.281419e+00 5.986101e-03 -1.229608e-03 9.999813e-01 4.055453e+01
9.999987e-01 8.812605e-04 1.349060e-03 1.207267e+01 -8.807471e-04 9.999995e-01 -3.809941e-04 -1.295670e+00 -1.349395e-03 3.798062e-04 9.999990e-01 4.095492e+01
9.999828e-01 -3.086398e-04 -5.856646e-03 1.202570e+01 3.155639e-04 9.999993e-01 1.181400e-03 -1.305287e+00 5.856277e-03 -1.183229e-03 9.999822e-01 4.139334e+01
9.999979e-01 5.611378e-04 1.970410e-03 1.208097e+01 -5.598313e-04 9.999996e-01 -6.634954e-04 -1.311362e+00 -1.970781e-03 6.623916e-04 9.999978e-01 4.116361e+01
9.999846e-01 -3.853561e-05 -5.545979e-03 1.192621e+01 4.551666e-05 9.999992e-01 1.258663e-03 -1.315694e+00 5.545926e-03 -1.258897e-03 9.999838e-01 4.199514e+01
9.999989e-01 7.515063e-04 1.292270e-03 1.175956e+01 -7.508789e-04 9.999996e-01 -4.858372e-04 -1.318367e+00 -1.292634e-03 4.848670e-04 9.999990e-01 4.277327e+01
9.999788e-01 -5.362913e-04 -6.489415e-03 1.151177e+01 5.458125e-04 9.999988e-01 1.465537e-03 -1.314136e+00 6.488621e-03 -1.469049e-03 9.999779e-01 4.284128e+01
9.999975e-01 7.437886e-04 2.125413e-03 1.145362e+01 -7.420915e-04 9.999994e-01 -7.990581e-04 -1.314502e+00 -2.126006e-03 7.974795e-04 9.999974e-01 4.255344e+01
9.999816e-01 -4.535797e-04 -6.044510e-03 1.150201e+01 4.617355e-04 9.999990e-01 1.347987e-03 -1.321523e+00 6.043892e-03 -1.350754e-03 9.999808e-01 4.237051e+01
9.999990e-01 1.379553e-03 1.681008e-04 1.258440e+01 -1.379348e-03 9.999983e-01 -1.209210e-03 -1.349506e+00 -1.697684e-04 1.208978e-03 9.999993e-01 4.260646e+01
9.999958e-01 3.668710e-04 -2.869419e-03 1.302293e+01 -3.626355e-04 9.999988e-01 1.476513e-03 -1.402152e+00 2.869957e-03 -1.475467e-03 9.999948e-01 4.475918e+01
9.999962e-01 2.025033e-03 1.856971e-03 1.325845e+01 -2.022128e-03 9.999967e-01 -1.565214e-03 -1.458263e+00 -1.860134e-03 1.561453e-03 9.999971e-01 4.726877e+01
9.999937e-01 9.181182e-05 -3.547212e-03 1.349446e+01 -8.627763e-05 9.999988e-01 1.560316e-03 -1.511227e+00 3.547351e-03 -1.560001e-03 9.999925e-01 4.947414e+01
9.999929e-01 1.915927e-03 -3.232952e-03 1.490473e+01 -1.920366e-03 9.999972e-01 -1.370464e-03 -1.578684e+00 3.230317e-03 1.376663e-03 9.999938e-01 5.098333e+01
9.999927e-01 1.256821e-04 -3.831350e-03 1.620577e+01 -1.193495e-04 9.999986e-01 1.653051e-03 -1.647106e+00 3.831553e-03 -1.652582e-03 9.999913e-01 5.242370e+01
9.999977e-01 1.383347e-03 -1.610434e-03 1.701342e+01 -1.385476e-03 9.999982e-01 -1.321177e-03 -1.697716e+00 1.608604e-03 1.323406e-03 9.999978e-01 5.377934e+01
9.999918e-01 -3.774789e-04 -4.030845e-03 1.752337e+01 3.849895e-04 9.999982e-01 1.862711e-03 -1.732197e+00 4.030134e-03 -1.864248e-03 9.999901e-01 5.474924e+01
9.999989e-01 1.421351e-03 4.129368e-04 1.758799e+01 -1.420793e-03 9.999981e-01 -1.347041e-03 -1.755565e+00 -4.148503e-04 1.346454e-03 9.999990e-01 5.574001e+01
9.999827e-01 -8.482601e-04 -5.821235e-03 1.795757e+01 8.602795e-04 9.999975e-01 2.062595e-03 -1.778592e+00 5.819471e-03 -2.067568e-03 9.999809e-01 5.602621e+01
9.999987e-01 1.113422e-03 1.175285e-03 1.828285e+01 -1.111556e-03 9.999981e-01 -1.586965e-03 -1.787055e+00 -1.177049e-03 1.585657e-03 9.999981e-01 5.572075e+01
9.999882e-01 -9.687525e-04 -4.765275e-03 1.838385e+01 9.777108e-04 9.999978e-01 1.877960e-03 -1.789431e+00 4.763444e-03 -1.882598e-03 9.999869e-01 5.513664e+01
9.999992e-01 1.256098e-03 -3.067665e-04 1.892780e+01 -1.256475e-03 9.999984e-01 -1.234086e-03 -1.806216e+00 3.052162e-04 1.234471e-03 9.999992e-01 5.510664e+01
9.999871e-01 -6.389635e-04 -5.039286e-03 1.947921e+01 6.482176e-04 9.999981e-01 1.834996e-03 -1.831353e+00 5.038104e-03 -1.838239e-03 9.999856e-01 5.536829e+01
9.999988e-01 1.302823e-03 8.252363e-04 1.976622e+01 -1.301671e-03 9.999982e-01 -1.395886e-03 -1.851392e+00 -8.270531e-04 1.394811e-03 9.999987e-01 5.548439e+01
9.999846e-01 -9.043803e-04 -5.480867e-03 2.014012e+01 9.146717e-04 9.999978e-01 1.875516e-03 -1.868849e+00 5.479159e-03 -1.880501e-03 9.999832e-01 5.542381e+01
9.999993e-01 9.407803e-04 7.439312e-04 2.060189e+01 -9.397196e-04 9.999985e-01 -1.424604e-03 -1.874900e+00 -7.452700e-04 1.423905e-03 9.999987e-01 5.503159e+01
9.999858e-01 -7.891338e-04 -5.275887e-03 2.095594e+01 7.991099e-04 9.999979e-01 1.889079e-03 -1.883047e+00 5.274385e-03 -1.893269e-03 9.999843e-01 5.467531e+01
9.999989e-01 1.362550e-03 6.080253e-04 2.140258e+01 -1.361696e-03 9.999981e-01 -1.402868e-03 -1.904869e+00 -6.099354e-04 1.402039e-03 9.999988e-01 5.479188e+01
9.999822e-01 -1.192244e-03 -5.841874e-03 2.197745e+01 1.203278e-03 9.999975e-01 1.885692e-03 -1.917434e+00 5.839611e-03 -1.892688e-03 9.999812e-01 5.459591e+01
9.999977e-01 1.652281e-03 1.395177e-03 2.218382e+01 -1.650600e-03 9.999979e-01 -1.204837e-03 -1.935762e+00 -1.397164e-03 1.202532e-03 9.999983e-01 5.475563e+01
9.999806e-01 -9.723351e-04 -6.156134e-03 2.235673e+01 9.840173e-04 9.999977e-01 1.894936e-03 -1.957091e+00 6.154277e-03 -1.900958e-03 9.999793e-01 5.511255e+01
9.999973e-01 1.224392e-03 1.980234e-03 2.272714e+01 -1.221313e-03 9.999980e-01 -1.555027e-03 -1.964469e+00 -1.982134e-03 1.552605e-03 9.999968e-01 5.469269e+01
9.999764e-01 -1.138561e-03 -6.774115e-03 2.343693e+01 1.151023e-03 9.999977e-01 1.836052e-03 -1.973919e+00 6.772009e-03 -1.843807e-03 9.999754e-01 5.427865e+01
9.999953e-01 1.121335e-03 2.845380e-03 2.391863e+01 -1.116721e-03 9.999981e-01 -1.622496e-03 -1.977962e+00 -2.847194e-03 1.619312e-03 9.999946e-01 5.372533e+01
9.999815e-01 -1.037719e-03 -5.992057e-03 2.408647e+01 1.047568e-03 9.999981e-01 1.640852e-03 -1.977221e+00 5.990342e-03 -1.647099e-03 9.999807e-01 5.292112e+01
9.999941e-01 1.139471e-03 3.228426e-03 2.419130e+01 -1.133711e-03 9.999978e-01 -1.785465e-03 -1.974779e+00 -3.230453e-03 1.781795e-03 9.999932e-01 5.195981e+01
9.999729e-01 -1.208541e-03 -7.262757e-03 2.477524e+01 1.222295e-03 9.999975e-01 1.889643e-03 -1.974769e+00 7.260454e-03 -1.898470e-03 9.999718e-01 5.124442e+01
9.999928e-01 1.163279e-03 3.608049e-03 2.527863e+01 -1.156388e-03 9.999975e-01 -1.911526e-03 -1.974868e+00 -3.610264e-03 1.907341e-03 9.999917e-01 5.048167e+01
9.999721e-01 -1.109508e-03 -7.380652e-03 2.590658e+01 1.123727e-03 9.999975e-01 1.922717e-03 -1.977930e+00 7.378500e-03 -1.930958e-03 9.999709e-01 4.976284e+01
9.999860e-01 1.074015e-03 5.178005e-03 2.619638e+01 -1.062495e-03 9.999970e-01 -2.227078e-03 -1.972821e+00 -5.180381e-03 2.221546e-03 9.999841e-01 4.867899e+01
9.999730e-01 -9.491993e-04 -7.287291e-03 2.624696e+01 9.628662e-04 9.999978e-01 1.872198e-03 -1.967751e+00 7.285498e-03 -1.879165e-03 9.999717e-01 4.748033e+01
9.999899e-01 8.099928e-04 4.431892e-03 2.660689e+01 -8.002863e-04 9.999973e-01 -2.191434e-03 -1.963587e+00 -4.433655e-03 2.187865e-03 9.999878e-01 4.648839e+01
9.999681e-01 -7.663399e-04 -7.944447e-03 2.709227e+01 7.843034e-04 9.999971e-01 2.258301e-03 -1.961080e+00 7.942693e-03 -2.264460e-03 9.999659e-01 4.569016e+01
9.999902e-01 7.518162e-04 4.355798e-03 2.751429e+01 -7.417894e-04 9.999971e-01 -2.303045e-03 -1.957693e+00 -4.357516e-03 2.299792e-03 9.999879e-01 4.481519e+01
9.999588e-01 -1.225494e-03 -8.992092e-03 2.874801e+01 1.244406e-03 9.999970e-01 2.097953e-03 -1.958660e+00 8.989494e-03 -2.109057e-03 9.999574e-01 4.397198e+01
9.999848e-01 9.539604e-04 5.422418e-03 2.954038e+01 -9.415854e-04 9.999969e-01 -2.284262e-03 -1.954883e+00 -5.424580e-03 2.279122e-03 9.999827e-01 4.299820e+01
9.999699e-01 -1.020364e-03 -7.689956e-03 2.996547e+01 1.034091e-03 9.999979e-01 1.781280e-03 -1.946087e+00 7.688122e-03 -1.789179e-03 9.999688e-01 4.173005e+01
9.999920e-01 1.806552e-03 3.554924e-03 3.121750e+01 -1.798834e-03 9.999960e-01 -2.173029e-03 -1.994357e+00 -3.558836e-03 2.166618e-03 9.999913e-01 4.196966e+01
9.999752e-01 1.172873e-04 -7.045357e-03 3.266492e+01 -1.058694e-04 9.999987e-01 1.620997e-03 -2.061157e+00 7.045537e-03 -1.620212e-03 9.999739e-01 4.248544e+01
9.999856e-01 -5.016024e-05 5.359594e-03 3.275197e+01 6.202046e-05 9.999976e-01 -2.212714e-03 -2.053032e+00 -5.359470e-03 2.213015e-03 9.999832e-01 4.109466e+01
9.999570e-01 -1.620016e-04 -9.275668e-03 3.362763e+01 1.803702e-04 9.999980e-01 1.979523e-03 -2.053798e+00 9.275328e-03 -1.981111e-03 9.999550e-01 4.023989e+01
9.999833e-01 -1.347288e-04 5.783119e-03 3.447184e+01 1.481501e-04 9.999973e-01 -2.320367e-03 -2.052539e+00 -5.782791e-03 2.321186e-03 9.999806e-01 3.928549e+01
9.999511e-01 -2.370878e-04 -9.884674e-03 3.570617e+01 2.576294e-04 9.999978e-01 2.076924e-03 -2.056975e+00 9.884160e-03 -2.079370e-03 9.999490e-01 3.845994e+01
9.999862e-01 -1.461310e-05 5.258272e-03 3.716786e+01 2.619787e-05 9.999976e-01 -2.203050e-03 -2.064579e+00 -5.258227e-03 2.203158e-03 9.999837e-01 3.762541e+01
9.999673e-01 -1.792083e-04 -8.086194e-03 3.794612e+01 1.944144e-04 9.999982e-01 1.879776e-03 -2.056828e+00 8.085842e-03 -1.881287e-03 9.999655e-01 3.649179e+01
9.999769e-01 2.683179e-04 6.796504e-03 3.794838e+01 -2.507213e-04 9.999966e-01 -2.589762e-03 -2.047870e+00 -6.797176e-03 2.587999e-03 9.999735e-01 3.493420e+01
9.999587e-01 -4.443068e-04 -9.073961e-03 3.822331e+01 4.628677e-04 9.999978e-01 2.043537e-03 -2.042773e+00 9.073033e-03 -2.047653e-03 9.999567e-01 3.376685e+01
9.999825e-01 1.293775e-04 5.917446e-03 3.912064e+01 -1.155679e-04 9.999973e-01 -2.333958e-03 -2.035757e+00 -5.917731e-03 2.333234e-03 9.999798e-01 3.268275e+01
9.999618e-01 -4.142227e-04 -8.726480e-03 3.982752e+01 4.312800e-04 9.999980e-01 1.952891e-03 -2.029063e+00 8.725654e-03 -1.956581e-03 9.999600e-01 3.156806e+01
9.999854e-01 1.367278e-04 5.403029e-03 4.076897e+01 -1.247503e-04 9.999975e-01 -2.217046e-03 -2.026658e+00 -5.403319e-03 2.216340e-03 9.999829e-01 3.057794e+01
9.999659e-01 -3.256619e-04 -8.246744e-03 4.160630e+01 3.416795e-04 9.999981e-01 1.940992e-03 -2.019046e+00 8.246095e-03 -1.943744e-03 9.999641e-01 2.945007e+01
9.999785e-01 3.914438e-04 6.544079e-03 4.173980e+01 -3.746709e-04 9.999966e-01 -2.564061e-03 -2.010198e+00 -6.545061e-03 2.561555e-03 9.999753e-01 2.803841e+01
9.999605e-01 -4.610102e-04 -8.878191e-03 4.205452e+01 4.806182e-04 9.999975e-01 2.206575e-03 -2.005119e+00 8.877150e-03 -2.210755e-03 9.999582e-01 2.697592e+01
9.999866e-01 -4.084666e-04 5.158309e-03 4.385815e+01 4.260948e-04 9.999941e-01 -3.416756e-03 -1.993017e+00 -5.156882e-03 3.418909e-03 9.999809e-01 2.543704e+01
9.999695e-01 1.714111e-04 -7.812558e-03 4.457774e+01 -1.473013e-04 9.999952e-01 3.086535e-03 -1.987293e+00 7.813049e-03 -3.085291e-03 9.999647e-01 2.432059e+01
9.999917e-01 -1.866717e-04 4.062404e-03 4.493782e+01 1.980642e-04 9.999960e-01 -2.804102e-03 -1.991016e+00 -4.061864e-03 2.804885e-03 9.999878e-01 2.377629e+01
9.999604e-01 5.920729e-04 -8.877016e-03 4.510828e+01 -5.605202e-04 9.999935e-01 3.556513e-03 -2.003314e+00 8.879064e-03 -3.551397e-03 9.999543e-01 2.400820e+01
9.999932e-01 -5.811202e-04 3.631578e-03 4.544408e+01 5.922148e-04 9.999952e-01 -3.054641e-03 -2.010242e+00 -3.629785e-03 3.056772e-03 9.999887e-01 2.361571e+01
9.999752e-01 4.489165e-04 -7.027799e-03 4.591648e+01 -4.288855e-04 9.999958e-01 2.851540e-03 -2.007062e+00 7.029050e-03 -2.848455e-03 9.999712e-01 2.267081e+01
9.999858e-01 -4.055290e-04 5.305394e-03 4.606559e+01 4.240780e-04 9.999938e-01 -3.495567e-03 -1.998879e+00 -5.303943e-03 3.497768e-03 9.999798e-01 2.124254e+01
9.999697e-01 -1.314443e-04 -7.789252e-03 4.700509e+01 1.526457e-04 9.999963e-01 2.721370e-03 -1.987864e+00 7.788865e-03 -2.722478e-03 9.999660e-01 1.981393e+01
9.999751e-01 2.146772e-04 7.049314e-03 4.707625e+01 -1.879162e-04 9.999928e-01 -3.796664e-03 -1.975067e+00 -7.050078e-03 3.795246e-03 9.999679e-01 1.803706e+01
9.999608e-01 -1.833085e-04 -8.849596e-03 4.717888e+01 2.137895e-04 9.999940e-01 3.443547e-03 -1.970401e+00 8.848912e-03 -3.445304e-03 9.999549e-01 1.687687e+01
9.999728e-01 1.937372e-04 7.366626e-03 4.729370e+01 -1.630994e-04 9.999913e-01 -4.159335e-03 -1.962051e+00 -7.367368e-03 4.158021e-03 9.999642e-01 1.543560e+01
9.999609e-01 -1.116922e-04 -8.839001e-03 4.729931e+01 1.425957e-04 9.999939e-01 3.495743e-03 -1.953946e+00 8.838556e-03 -3.496867e-03 9.999548e-01 1.395086e+01
9.999761e-01 1.854449e-04 6.912262e-03 4.727028e+01 -1.579364e-04 9.999921e-01 -3.979975e-03 -1.947967e+00 -6.912945e-03 3.978788e-03 9.999682e-01 1.259233e+01
9.999650e-01 -1.350580e-04 -8.360733e-03 4.733830e+01 1.627891e-04 9.999945e-01 3.316257e-03 -1.939987e+00 8.360239e-03 -3.317503e-03 9.999595e-01 1.114199e+01
9.999764e-01 1.475746e-04 6.867002e-03 4.746175e+01 -1.204688e-04 9.999922e-01 -3.947455e-03 -1.932503e+00 -6.867530e-03 3.946536e-03 9.999686e-01 9.768852e+00
9.999674e-01 -1.109501e-04 -8.074855e-03 4.752875e+01 1.372975e-04 9.999947e-01 3.262442e-03 -1.924009e+00 8.074449e-03 -3.263444e-03 9.999621e-01 8.297571e+00
9.999814e-01 2.025951e-04 6.092442e-03 4.762911e+01 -1.799389e-04 9.999931e-01 -3.719017e-03 -1.917571e+00 -6.093153e-03 3.717852e-03 9.999745e-01 7.065220e+00
9.999583e-01 -1.078527e-04 -9.136568e-03 4.779952e+01 1.400966e-04 9.999938e-01 3.528570e-03 -1.914582e+00 9.136131e-03 -3.529704e-03 9.999520e-01 6.098011e+00
9.999798e-01 2.179225e-04 6.346499e-03 4.789622e+01 -1.956917e-04 9.999938e-01 -3.503217e-03 -1.914546e+00 -6.347223e-03 3.501905e-03 9.999737e-01 5.268134e+00
9.999550e-01 -3.247314e-05 -9.489352e-03 4.790051e+01 6.626889e-05 9.999937e-01 3.561171e-03 -1.914488e+00 9.489176e-03 -3.561640e-03 9.999486e-01 4.401037e+00
9.999723e-01 2.112893e-04 7.434293e-03 4.782202e+01 -1.828387e-04 9.999927e-01 -3.827381e-03 -1.910339e+00 -7.435046e-03 3.825917e-03 9.999650e-01 3.137428e+00
9.999590e-01 -5.349707e-05 -9.053236e-03 4.772021e+01 8.091494e-05 9.999954e-01 3.028202e-03 -1.899387e+00 9.053032e-03 -3.028811e-03 9.999544e-01 1.394156e+00
9.999544e-01 1.536256e-04 9.550683e-03 4.772876e+01 -1.102459e-04 9.999897e-01 -4.542390e-03 -1.880428e+00 -9.551282e-03 4.541131e-03 9.999441e-01 -8.735676e-01
9.999451e-01 -4.768975e-05 -1.047551e-02 4.774694e+01 8.535279e-05 9.999935e-01 3.594945e-03 -1.868000e+00 1.047527e-02 -3.595643e-03 9.999387e-01 -2.595697e+00
9.999721e-01 8.273340e-04 7.426105e-03 4.869041e+01 -7.969322e-04 9.999913e-01 -4.095896e-03 -1.901961e+00 -7.429429e-03 4.089864e-03 9.999640e-01 -2.488616e+00
9.999673e-01 3.638514e-04 -8.073004e-03 4.946330e+01 -3.355553e-04 9.999938e-01 3.506134e-03 -1.939217e+00 8.074229e-03 -3.503311e-03 9.999613e-01 -2.311358e+00
9.999881e-01 -2.527816e-04 4.866843e-03 4.935318e+01 2.697650e-04 9.999939e-01 -3.489211e-03 -1.932522e+00 -4.865931e-03 3.490483e-03 9.999821e-01 -3.224943e+00
9.999632e-01 2.841384e-04 -8.575174e-03 4.896826e+01 -2.538886e-04 9.999937e-01 3.528509e-03 -1.919660e+00 8.576123e-03 -3.526203e-03 9.999570e-01 -4.304704e+00
9.999863e-01 -1.461231e-04 5.237877e-03 4.858978e+01 1.650445e-04 9.999935e-01 -3.612108e-03 -1.911792e+00 -5.237315e-03 3.612924e-03 9.999798e-01 -5.549254e+00
9.999619e-01 3.046495e-04 -8.719398e-03 4.820465e+01 -2.733599e-04 9.999935e-01 3.589494e-03 -1.903411e+00 8.720434e-03 -3.586975e-03 9.999555e-01 -6.754004e+00
9.999810e-01 -1.802020e-04 6.163458e-03 4.809743e+01 2.036172e-04 9.999928e-01 -3.798580e-03 -1.899189e+00 -6.162729e-03 3.799763e-03 9.999738e-01 -7.927505e+00
9.999571e-01 3.515662e-04 -9.255769e-03 4.803204e+01 -3.158121e-04 9.999925e-01 3.864108e-03 -1.895121e+00 9.257057e-03 -3.861020e-03 9.999497e-01 -8.892004e+00
9.999836e-01 -1.625429e-04 5.728157e-03 4.797490e+01 1.834311e-04 9.999933e-01 -3.646195e-03 -1.893759e+00 -5.727526e-03 3.647187e-03 9.999769e-01 -9.680164e+00
9.999618e-01 3.659502e-04 -8.735181e-03 4.810076e+01 -3.341594e-04 9.999933e-01 3.640605e-03 -1.890188e+00 8.736455e-03 -3.637548e-03 9.999552e-01 -1.066067e+01
9.999762e-01 -2.739710e-04 6.899063e-03 4.825837e+01 3.020093e-04 9.999917e-01 -4.063329e-03 -1.882728e+00 -6.897892e-03 4.065317e-03 9.999679e-01 -1.190842e+01
9.999581e-01 4.036842e-04 -9.148174e-03 4.837606e+01 -3.692105e-04 9.999928e-01 3.769766e-03 -1.876308e+00 9.149629e-03 -3.766231e-03 9.999510e-01 -1.307073e+01
9.999772e-01 -3.490538e-04 6.739266e-03 4.849355e+01 3.762462e-04 9.999918e-01 -4.034033e-03 -1.871837e+00 -6.737802e-03 4.036478e-03 9.999692e-01 -1.419925e+01
9.999481e-01 2.879976e-04 -1.018126e-02 4.893801e+01 -2.463024e-04 9.999916e-01 4.096330e-03 -1.872190e+00 1.018235e-02 -4.093610e-03 9.999398e-01 -1.494307e+01
9.999760e-01 -2.812522e-04 6.917036e-03 4.946755e+01 3.104920e-04 9.999910e-01 -4.226479e-03 -1.870338e+00 -6.915785e-03 4.228527e-03 9.999671e-01 -1.581311e+01
9.999537e-01 3.285834e-04 -9.617909e-03 4.981500e+01 -2.899358e-04 9.999919e-01 4.019442e-03 -1.864280e+00 9.619151e-03 -4.016468e-03 9.999457e-01 -1.684620e+01
9.999745e-01 -1.676877e-04 7.133850e-03 4.985440e+01 1.974451e-04 9.999913e-01 -4.170761e-03 -1.860878e+00 -7.133088e-03 4.172064e-03 9.999659e-01 -1.787423e+01
9.999473e-01 3.301961e-04 -1.025984e-02 4.978649e+01 -2.872145e-04 9.999912e-01 4.190524e-03 -1.858771e+00 1.026113e-02 -4.187357e-03 9.999386e-01 -1.881943e+01
9.999705e-01 -1.020470e-04 7.685508e-03 4.965562e+01 1.356582e-04 9.999904e-01 -4.372901e-03 -1.854395e+00 -7.684988e-03 4.373815e-03 9.999609e-01 -2.003252e+01
9.999436e-01 2.817443e-04 -1.061622e-02 4.961557e+01 -2.345606e-04 9.999901e-01 4.445494e-03 -1.851102e+00 1.061736e-02 -4.442754e-03 9.999338e-01 -2.092428e+01
9.999848e-01 -1.363418e-04 5.517947e-03 4.993273e+01 1.588666e-04 9.999917e-01 -4.081818e-03 -1.853844e+00 -5.517345e-03 4.082633e-03 9.999764e-01 -2.140281e+01
9.999426e-01 1.181698e-04 -1.071467e-02 5.122119e+01 -7.729358e-05 9.999927e-01 3.815329e-03 -1.856832e+00 1.071504e-02 -3.814283e-03 9.999353e-01 -2.213007e+01
9.999984e-01 1.468936e-03 -1.019971e-03 5.404194e+01 -1.472081e-03 9.999941e-01 -3.089269e-03 -1.940424e+00 1.015427e-03 3.090767e-03 9.999947e-01 -2.170664e+01
9.999954e-01 2.281543e-04 -3.031851e-03 5.432390e+01 -2.182700e-04 9.999947e-01 3.260155e-03 -1.985330e+00 3.032578e-03 -3.259479e-03 9.999901e-01 -2.027372e+01
9.999995e-01 1.463924e-06 -1.009188e-03 5.447600e+01 -4.508888e-06 9.999954e-01 -3.017508e-03 -1.986052e+00 1.009179e-03 3.017512e-03 9.999949e-01 -2.093839e+01
9.999989e-01 5.670635e-05 -1.513940e-03 5.454726e+01 -5.261907e-05 9.999964e-01 2.699843e-03 -1.981346e+00 1.514087e-03 -2.699761e-03 9.999952e-01 -2.210646e+01
9.999992e-01 -6.360165e-06 -1.235400e-03 5.471238e+01 2.867070e-06 9.999960e-01 -2.827698e-03 -1.979373e+00 1.235414e-03 2.827693e-03 9.999952e-01 -2.302824e+01
9.999974e-01 1.798050e-04 -2.255797e-03 5.495140e+01 -1.729976e-04 9.999954e-01 3.017718e-03 -1.978104e+00 2.256329e-03 -3.017321e-03 9.999929e-01 -2.380925e+01
1.000000e+00 -1.088403e-04 -1.568057e-04 5.502966e+01 1.083043e-04 9.999942e-01 -3.415858e-03 -1.971651e+00 1.571768e-04 3.415842e-03 9.999942e-01 -2.504674e+01
9.999940e-01 -1.457918e-04 -3.464299e-03 5.569278e+01 1.569412e-04 9.999948e-01 3.218408e-03 -1.966541e+00 3.463811e-03 -3.218933e-03 9.999888e-01 -2.598804e+01
9.999989e-01 9.202490e-04 -1.179369e-03 5.698743e+01 -9.244670e-04 9.999932e-01 -3.581254e-03 -2.011643e+00 1.176066e-03 3.582341e-03 9.999929e-01 -2.580863e+01
9.999990e-01 3.567256e-04 -1.380643e-03 5.817103e+01 -3.527001e-04 9.999957e-01 2.914950e-03 -2.052304e+00 1.381676e-03 -2.914460e-03 9.999948e-01 -2.575210e+01
9.999945e-01 -4.971010e-04 -3.271770e-03 5.898143e+01 4.883157e-04 9.999963e-01 -2.685510e-03 -2.060535e+00 3.273093e-03 2.683899e-03 9.999910e-01 -2.628929e+01
9.999990e-01 9.295217e-04 -1.049054e-03 6.042401e+01 -9.269973e-04 9.999967e-01 2.404618e-03 -2.095289e+00 1.051285e-03 -2.403643e-03 9.999966e-01 -2.655313e+01
9.999717e-01 -3.800795e-05 -7.519886e-03 6.421578e+01 5.280194e-06 9.999905e-01 -4.352170e-03 -2.158912e+00 7.519980e-03 4.352008e-03 9.999623e-01 -2.729441e+01
9.999903e-01 2.393434e-03 -3.688091e-03 6.798745e+01 -2.379252e-03 9.999898e-01 3.845259e-03 -2.274769e+00 3.697256e-03 -3.836448e-03 9.999858e-01 -2.642754e+01
9.999993e-01 -4.208680e-04 1.112938e-03 6.887357e+01 4.254848e-04 9.999913e-01 -4.151070e-03 -2.327143e+00 -1.111181e-03 4.151541e-03 9.999908e-01 -2.561231e+01
9.999932e-01 5.860131e-04 -3.634519e-03 6.879071e+01 -5.724366e-04 9.999929e-01 3.735436e-03 -2.316872e+00 3.636682e-03 -3.733331e-03 9.999864e-01 -2.707329e+01
9.999989e-01 -5.108229e-04 1.392582e-03 6.900077e+01 5.166440e-04 9.999911e-01 -4.182688e-03 -2.308725e+00 -1.390433e-03 4.183403e-03 9.999903e-01 -2.835401e+01
9.999799e-01 2.643538e-04 -6.338256e-03 7.010444e+01 -2.374389e-04 9.999910e-01 4.246836e-03 -2.313861e+00 6.339321e-03 -4.245247e-03 9.999709e-01 -2.900876e+01
9.999965e-01 -4.795488e-04 2.599743e-03 7.081772e+01 4.906502e-04 9.999908e-01 -4.271114e-03 -2.315034e+00 -2.597671e-03 4.272375e-03 9.999875e-01 -2.973238e+01
9.999865e-01 3.280626e-04 -5.184654e-03 7.125872e+01 -3.088176e-04 9.999931e-01 3.712330e-03 -2.306719e+00 5.185836e-03 -3.710679e-03 9.999797e-01 -3.102411e+01
9.999917e-01 -2.298705e-04 4.057026e-03 7.132961e+01 2.485852e-04 9.999893e-01 -4.612939e-03 -2.295616e+00 -4.055922e-03 4.613910e-03 9.999811e-01 -3.266283e+01
9.999818e-01 3.217288e-04 -6.018027e-03 7.139727e+01 -2.973679e-04 9.999918e-01 4.048477e-03 -2.287974e+00 6.019280e-03 -4.046615e-03 9.999737e-01 -3.405475e+01
9.999920e-01 -2.247978e-04 3.994584e-03 7.154200e+01 2.426321e-04 9.999900e-01 -4.464627e-03 -2.280933e+00 -3.993541e-03 4.465561e-03 9.999821e-01 -3.529049e+01
9.999779e-01 1.169213e-04 -6.644585e-03 7.195890e+01 -9.005812e-05 9.999918e-01 4.043063e-03 -2.273060e+00 6.645003e-03 -4.042376e-03 9.999698e-01 -3.647253e+01
9.999967e-01 -9.410322e-05 2.554845e-03 7.291749e+01 1.056993e-04 9.999897e-01 -4.538970e-03 -2.274094e+00 -2.554391e-03 4.539226e-03 9.999864e-01 -3.748503e+01
9.999880e-01 4.037525e-04 -4.889483e-03 7.354615e+01 -3.836829e-04 9.999915e-01 4.104947e-03 -2.277645e+00 4.891098e-03 -4.103023e-03 9.999796e-01 -3.826123e+01
9.999999e-01 3.835630e-04 -1.835091e-04 7.318192e+01 -3.841800e-04 9.999942e-01 -3.375890e-03 -2.285808e+00 1.822134e-04 3.375961e-03 9.999943e-01 -3.747706e+01
9.999822e-01 9.511538e-05 -5.959912e-03 7.217574e+01 -6.968336e-05 9.999909e-01 4.267292e-03 -2.261739e+00 5.960263e-03 -4.266802e-03 9.999731e-01 -3.698467e+01
9.999998e-01 -2.009303e-04 -6.576861e-04 7.082629e+01 1.986378e-04 9.999939e-01 -3.484314e-03 -2.207074e+00 6.583824e-04 3.484183e-03 9.999937e-01 -3.773208e+01
9.999899e-01 2.801971e-04 -4.493399e-03 7.010798e+01 -2.633457e-04 9.999929e-01 3.750470e-03 -2.178927e+00 4.494418e-03 -3.749249e-03 9.999829e-01 -3.886774e+01
9.999997e-01 -5.355397e-04 -5.887569e-04 7.113104e+01 5.334093e-04 9.999933e-01 -3.613357e-03 -2.191596e+00 5.906882e-04 3.613043e-03 9.999933e-01 -3.935977e+01
9.999673e-01 7.935699e-04 -8.050565e-03 7.283645e+01 -7.612040e-04 9.999916e-01 4.022636e-03 -2.236258e+00 8.053690e-03 -4.016377e-03 9.999595e-01 -3.945505e+01
9.999999e-01 -2.356144e-04 -3.972016e-04 7.435324e+01 2.341889e-04 9.999935e-01 -3.585703e-03 -2.280976e+00 3.980441e-04 3.585611e-03 9.999935e-01 -3.937510e+01
9.999860e-01 1.437824e-03 -5.090907e-03 7.491770e+01 -1.415604e-03 9.999895e-01 4.365544e-03 -2.331401e+00 5.097130e-03 -4.358276e-03 9.999775e-01 -3.836287e+01
9.999986e-01 -2.124105e-04 -1.640281e-03 7.568269e+01 2.057437e-04 9.999917e-01 -4.063738e-03 -2.388367e+00 1.641131e-03 4.063396e-03 9.999904e-01 -3.742397e+01
9.999783e-01 2.541239e-04 -6.577318e-03 7.757449e+01 -2.265979e-04 9.999912e-01 4.185437e-03 -2.417718e+00 6.578323e-03 -4.183857e-03 9.999696e-01 -3.788253e+01
9.999986e-01 7.294083e-06 -1.691054e-03 7.921577e+01 -1.377107e-05 9.999927e-01 -3.830357e-03 -2.450847e+00 1.691014e-03 3.830376e-03 9.999912e-01 -3.810474e+01
9.999868e-01 2.854467e-04 -5.126802e-03 8.040599e+01 -2.646054e-04 9.999917e-01 4.065444e-03 -2.472263e+00 5.127920e-03 -4.064035e-03 9.999786e-01 -3.835683e+01
9.999956e-01 3.445957e-04 -2.931902e-03 8.196140e+01 -3.562543e-04 9.999920e-01 -3.976975e-03 -2.506652e+00 2.930509e-03 3.978003e-03 9.999878e-01 -3.847268e+01
9.999865e-01 2.720832e-04 -5.185540e-03 8.333723e+01 -2.510658e-04 9.999918e-01 4.053356e-03 -2.548357e+00 5.186600e-03 -4.052000e-03 9.999783e-01 -3.831039e+01
9.999955e-01 2.464087e-04 -2.977692e-03 8.497684e+01 -2.577098e-04 9.999928e-01 -3.795579e-03 -2.594533e+00 2.976735e-03 3.796330e-03 9.999884e-01 -3.827593e+01
9.999999e-01 -2.448578e-04 -2.549702e-04 8.545467e+01 2.458147e-04 9.999929e-01 3.761084e-03 -2.591317e+00 2.540472e-04 -3.761147e-03 9.999929e-01 -3.918525e+01
9.999930e-01 1.640905e-04 -3.734679e-03 8.610218e+01 -1.779445e-04 9.999931e-01 -3.709621e-03 -2.600599e+00 3.734045e-03 3.710260e-03 9.999861e-01 -3.970333e+01
9.999929e-01 1.665453e-04 -3.769864e-03 8.760345e+01 -1.510922e-04 9.999916e-01 4.099134e-03 -2.634556e+00 3.770514e-03 -4.098536e-03 9.999845e-01 -3.987093e+01
9.999965e-01 1.905440e-05 -2.645993e-03 8.881806e+01 -2.884923e-05 9.999931e-01 -3.701898e-03 -2.659785e+00 2.645904e-03 3.701962e-03 9.999896e-01 -4.012409e+01
9.999847e-01 4.417898e-04 -5.519687e-03 9.054742e+01 -4.196465e-04 9.999919e-01 4.012273e-03 -2.710095e+00 5.521414e-03 -4.009895e-03 9.999767e-01 -3.999839e+01
9.999948e-01 7.145795e-04 -3.132605e-03 9.285619e+01 -7.275294e-04 9.999912e-01 -4.134847e-03 -2.784684e+00 3.129623e-03 4.137105e-03 9.999865e-01 -3.960759e+01
9.999741e-01 -4.736844e-05 -7.198519e-03 9.517168e+01 7.669036e-05 9.999917e-01 4.073153e-03 -2.850940e+00 7.198266e-03 -4.073600e-03 9.999658e-01 -3.928225e+01
9.999944e-01 1.130608e-03 -3.135167e-03 9.768927e+01 -1.143754e-03 9.999905e-01 -4.194353e-03 -2.921894e+00 3.130396e-03 4.197916e-03 9.999863e-01 -3.874819e+01
9.999873e-01 7.456248e-04 -4.991198e-03 9.949262e+01 -7.243155e-04 9.999906e-01 4.269897e-03 -3.016393e+00 4.994334e-03 -4.266228e-03 9.999784e-01 -3.725427e+01
9.999991e-01 1.112212e-03 -7.608282e-04 1.005430e+02 -1.115250e-03 9.999914e-01 -4.004167e-03 -3.089212e+00 7.563684e-04 4.005012e-03 9.999917e-01 -3.575114e+01
9.999231e-01 -7.962279e-04 -1.237587e-02 1.035550e+02 8.440342e-04 9.999922e-01 3.858150e-03 -3.168558e+00 1.237270e-02 -3.868300e-03 9.999160e-01 -3.558076e+01
9.999980e-01 1.495227e-03 1.292209e-03 1.065289e+02 -1.490330e-03 9.999917e-01 -3.781884e-03 -3.237164e+00 -1.297853e-03 3.779952e-03 9.999920e-01 -3.566744e+01
9.999771e-01 -1.108123e-03 -6.674309e-03 1.076811e+02 1.133698e-03 9.999920e-01 3.829332e-03 -3.254681e+00 6.670012e-03 -3.836811e-03 9.999704e-01 -3.609613e+01
9.999941e-01 1.374275e-03 3.142246e-03 1.081539e+02 -1.362012e-03 9.999915e-01 -3.901413e-03 -3.264652e+00 -3.147581e-03 3.897111e-03 9.999875e-01 -3.673290e+01
9.999647e-01 -7.173865e-04 -8.372958e-03 1.084559e+02 7.503310e-04 9.999920e-01 3.932195e-03 -3.280800e+00 8.370070e-03 -3.938340e-03 9.999572e-01 -3.694918e+01
9.999973e-01 1.553369e-03 1.716991e-03 1.092228e+02 -1.547492e-03 9.999930e-01 -3.418603e-03 -3.328770e+00 -1.722289e-03 3.415937e-03 9.999927e-01 -3.647177e+01
9.999778e-01 -1.740972e-03 -6.433083e-03 1.103862e+02 1.764390e-03 9.999918e-01 3.636399e-03 -3.335991e+00 6.426699e-03 -3.647670e-03 9.999727e-01 -3.709590e+01
9.999918e-01 1.874250e-03 3.584475e-03 1.105051e+02 -1.860230e-03 9.999906e-01 -3.910486e-03 -3.331568e+00 -3.591771e-03 3.903786e-03 9.999859e-01 -3.813726e+01
9.999761e-01 -1.771155e-03 -6.678944e-03 1.108814e+02 1.797078e-03 9.999909e-01 3.877307e-03 -3.335519e+00 6.672016e-03 -3.889218e-03 9.999702e-01 -3.873185e+01
9.999964e-01 2.572965e-03 7.322928e-04 1.118126e+02 -2.570281e-03 9.999901e-01 -3.641628e-03 -3.370726e+00 -7.416551e-04 3.639734e-03 9.999931e-01 -3.841765e+01
9.999760e-01 -1.733372e-03 -6.707753e-03 1.125758e+02 1.759887e-03 9.999907e-01 3.948980e-03 -3.408816e+00 6.700845e-03 -3.960690e-03 9.999697e-01 -3.791993e+01
9.999952e-01 2.428469e-03 1.941936e-03 1.133638e+02 -2.421058e-03 9.999898e-01 -3.809041e-03 -3.434893e+00 -1.951166e-03 3.804322e-03 9.999909e-01 -3.782459e+01
9.999785e-01 -2.111429e-03 -6.201010e-03 1.142917e+02 2.133676e-03 9.999913e-01 3.583402e-03 -3.449571e+00 6.193390e-03 -3.596557e-03 9.999744e-01 -3.816547e+01
