9.999870e-01 1.417700e-03 -4.901987e-03 3.251117e-01 -1.414951e-03 9.999988e-01 5.642520e-04 -3.789932e-02 4.902780e-03 -5.573093e-04 9.999878e-01 1.002558e+00
9.999992e-01 -1.076307e-03 -7.172997e-04 5.131837e-01 1.076564e-03 9.999994e-01 3.584583e-04 -4.133883e-02 7.169138e-04 -3.592295e-04 9.999997e-01 9.144350e-01
9.999821e-01 1.240610e-03 -5.854692e-03 1.163787e+00 -1.238792e-03 9.999992e-01 3.141934e-04 -6.547779e-02 5.855077e-03 -3.069357e-04 9.999828e-01 9.392911e-01
9.999992e-01 -3.179077e-04 1.249965e-03 1.234655e+00 3.174909e-04 9.999999e-01 3.336761e-04 -8.917772e-02 -1.250070e-03 -3.332783e-04 9.999992e-01 1.754755e+00
9.999841e-01 8.200425e-04 -5.571364e-03 9.440733e-01 -8.172970e-04 9.999995e-01 4.950492e-04 -7.684566e-02 5.571767e-03 -4.904887e-04 9.999844e-01 2.450702e+00
9.999997e-01 -6.551952e-04 2.854938e-04 7.174443e-01 6.550471e-04 9.999997e-01 5.185317e-04 -7.333020e-02 -2.858331e-04 -5.183439e-04 9.999998e-01 2.642336e+00
9.999859e-01 1.071347e-03 -5.204132e-03 5.070907e-01 -1.069612e-03 9.999994e-01 3.361012e-04 -7.430626e-02 5.204488e-03 -3.305308e-04 9.999864e-01 3.011630e+00
9.999996e-01 -7.695420e-04 -3.428355e-04 3.285160e-01 7.697300e-04 9.999996e-01 5.482946e-04 -7.540819e-02 3.424137e-04 -5.485576e-04 9.999998e-01 3.140721e+00
9.999886e-01 1.110632e-03 -4.649004e-03 3.403680e-01 -1.109794e-03 9.999994e-01 1.828255e-04 -7.909663e-02 4.649204e-03 -1.776647e-04 9.999892e-01 3.112793e+00
9.999998e-01 -6.106182e-04 -3.161212e-04 4.339082e-01 6.108142e-04 9.999996e-01 6.201599e-04 -9.512560e-02 3.157428e-04 -6.203521e-04 9.999998e-01 3.410659e+00
9.999904e-01 9.108040e-04 -4.297266e-03 3.002177e-01 -9.098783e-04 9.999996e-01 2.173709e-04 -8.958406e-02 4.297462e-03 -2.134595e-04 9.999907e-01 3.869837e+00
9.999995e-01 -6.503149e-04 -8.226160e-04 1.953800e-01 6.510616e-04 9.999994e-01 9.076853e-04 -8.047279e-02 8.220255e-04 -9.082197e-04 9.999992e-01 4.066489e+00
9.999880e-01 9.120457e-04 -4.818637e-03 2.999252e-02 -9.119758e-04 9.999996e-01 1.670563e-05 -7.714657e-02 4.818649e-03 -1.231167e-05 9.999884e-01 4.256210e+00
9.999982e-01 -5.685450e-04 -1.783845e-03 5.457047e-01 5.696324e-04 9.999997e-01 6.090924e-04 -8.853289e-02 1.783498e-03 -6.101067e-04 9.999982e-01 4.299164e+00
9.999858e-01 9.211323e-04 -5.257964e-03 1.317410e+00 -9.197178e-04 9.999995e-01 2.714547e-04 -1.041702e-01 5.258211e-03 -2.666157e-04 9.999861e-01 4.342052e+00
9.999987e-01 -3.941481e-04 -1.548015e-03 2.075151e+00 3.950385e-04 9.999998e-01 5.749171e-04 -1.262283e-01 1.547788e-03 -5.755272e-04 9.999986e-01 4.620957e+00
9.999909e-01 9.552288e-04 -4.145788e-03 2.474383e+00 -9.539142e-04 9.999995e-01 3.190543e-04 -1.375924e-01 4.146091e-03 -3.150974e-04 9.999914e-01 5.039461e+00
9.999999e-01 -3.644158e-04 -2.207618e-04 2.562192e+00 3.645412e-04 9.999998e-01 5.678928e-04 -1.470332e-01 2.205551e-04 -5.679725e-04 9.999998e-01 5.527093e+00
9.999908e-01 5.212089e-04 -4.255655e-03 2.188014e+00 -5.200130e-04 9.999998e-01 2.821136e-04 -1.286992e-01 4.255801e-03 -2.798988e-04 9.999909e-01 6.092585e+00
9.999983e-01 -2.621685e-04 -1.836589e-03 2.412767e+00 2.630351e-04 9.999999e-01 4.716019e-04 -1.300495e-01 1.836465e-03 -4.720834e-04 9.999982e-01 6.314764e+00
9.999921e-01 6.092136e-04 -3.935686e-03 3.106850e+00 -6.076241e-04 9.999997e-01 4.050890e-04 -1.438737e-01 3.935932e-03 -4.026950e-04 9.999922e-01 6.175224e+00
9.999967e-01 -2.483710e-04 -2.543643e-03 3.808799e+00 2.487658e-04 1.000000e+00 1.548874e-04 -1.643239e-01 2.543605e-03 -1.555190e-04 9.999968e-01 6.121953e+00
9.999973e-01 5.339056e-04 -2.269460e-03 4.341020e+00 -5.328382e-04 9.999997e-01 4.709311e-04 -1.727567e-01 2.269710e-03 -4.697212e-04 9.999973e-01 5.851107e+00
9.999894e-01 -1.594889e-04 -4.600807e-03 5.022523e+00 1.619155e-04 9.999998e-01 5.270473e-04 -1.935498e-01 4.600722e-03 -5.277860e-04 9.999893e-01 5.884256e+00
9.999979e-01 5.432002e-04 -1.986072e-03 5.620784e+00 -5.425480e-04 9.999998e-01 3.289000e-04 -2.119761e-01 1.986250e-03 -3.278224e-04 9.999980e-01 6.021899e+00
9.999903e-01 -7.561472e-05 -4.411532e-03 6.151862e+00 7.812329e-05 9.999998e-01 5.684535e-04 -2.276647e-01 4.411489e-03 -5.687919e-04 9.999901e-01 6.186776e+00
1.000000e+00 2.693803e-04 4.456814e-05 6.518152e+00 -2.693804e-04 1.000000e+00 4.438179e-07 -2.283155e-01 -4.456836e-05 -4.565346e-07 1.000000e+00 5.657536e+00
9.999880e-01 -1.406787e-04 -4.892896e-03 7.015265e+00 1.436123e-04 9.999998e-01 5.992064e-04 -2.359425e-01 4.892811e-03 -5.999012e-04 9.999879e-01 5.332311e+00
9.999983e-01 6.297762e-04 -1.717805e-03 7.622506e+00 -6.293556e-04 9.999998e-01 2.454595e-04 -2.569430e-01 1.717959e-03 -2.443787e-04 9.999985e-01 5.509032e+00
9.999912e-01 -2.770622e-04 -4.183593e-03 7.819190e+00 2.803993e-04 9.999996e-01 7.970863e-04 -2.583803e-01 4.183371e-03 -7.982517e-04 9.999909e-01 5.677767e+00
9.999988e-01 5.335860e-04 -1.461064e-03 7.738073e+00 -5.331261e-04 9.999998e-01 3.152444e-04 -2.487712e-01 1.461232e-03 -3.144658e-04 9.999989e-01 5.790533e+00
9.999917e-01 -3.559930e-04 -4.067440e-03 7.996462e+00 3.585461e-04 9.999997e-01 6.269485e-04 -2.570939e-01 4.067216e-03 -6.284010e-04 9.999915e-01 5.720382e+00
9.999991e-01 6.783374e-04 -1.186770e-03 8.046632e+00 -6.779784e-04 9.999997e-01 3.029374e-04 -2.589290e-01 1.186975e-03 -3.021332e-04 9.999992e-01 5.482795e+00
9.999963e-01 -5.149089e-04 -2.665287e-03 8.251886e+00 5.149778e-04 9.999999e-01 2.515270e-05 -2.577411e-01 2.665274e-03 -2.652446e-05 9.999964e-01 4.797771e+00
9.999980e-01 6.978408e-04 -1.869811e-03 8.507135e+00 -6.969113e-04 9.999996e-01 4.977871e-04 -2.597278e-01 1.870157e-03 -4.964837e-04 9.999981e-01 4.379002e+00
9.999945e-01 -2.890995e-04 -3.309342e-03 8.547907e+00 2.903329e-04 9.999999e-01 3.721841e-04 -2.715170e-01 3.309235e-03 -3.731421e-04 9.999945e-01 4.513897e+00
9.999969e-01 5.331615e-04 -2.427533e-03 8.242341e+00 -5.318175e-04 9.999997e-01 5.542772e-04 -2.690321e-01 2.427828e-03 -5.529852e-04 9.999969e-01 4.218267e+00
9.999953e-01 -3.835095e-04 -3.045590e-03 7.832369e+00 3.849071e-04 9.999998e-01 4.583020e-04 -2.541516e-01 3.045414e-03 -4.594714e-04 9.999953e-01 4.341238e+00
9.999975e-01 5.686411e-04 -2.166027e-03 7.303698e+00 -5.668728e-04 9.999995e-01 8.169415e-04 -2.259850e-01 2.166490e-03 -8.157123e-04 9.999973e-01 4.701031e+00
9.999939e-01 -3.802767e-04 -3.467230e-03 7.580985e+00 3.806977e-04 9.999999e-01 1.207381e-04 -2.396687e-01 3.467184e-03 -1.220566e-04 9.999940e-01 4.638828e+00
9.999955e-01 6.261303e-04 -2.928285e-03 8.166545e+00 -6.238254e-04 9.999995e-01 7.879949e-04 -2.570381e-01 2.928777e-03 -7.861654e-04 9.999954e-01 4.608593e+00
9.999972e-01 -3.740313e-04 -2.354893e-03 8.417258e+00 3.739463e-04 9.999999e-01 -3.657738e-05 -2.609728e-01 2.354907e-03 3.569739e-05 9.999972e-01 4.272134e+00
9.999955e-01 5.759894e-04 -2.936015e-03 8.169776e+00 -5.740924e-04 9.999996e-01 6.469425e-04 -2.560584e-01 2.936386e-03 -6.452547e-04 9.999955e-01 3.693160e+00
9.999982e-01 -4.000141e-04 -1.837378e-03 8.050286e+00 4.001071e-04 9.999999e-01 5.018607e-05 -2.496542e-01 1.837358e-03 -5.092043e-05 9.999983e-01 3.337883e+00
9.999941e-01 5.189559e-04 -3.382841e-03 7.803036e+00 -5.166279e-04 9.999996e-01 6.890280e-04 -2.422853e-01 3.383197e-03 -6.872770e-04 9.999940e-01 2.980923e+00
9.999977e-01 -2.369292e-04 -2.120758e-03 7.720267e+00 2.375709e-04 9.999999e-01 3.023144e-04 -2.420136e-01 2.120687e-03 -3.028168e-04 9.999977e-01 3.215865e+00
9.999905e-01 4.538373e-04 -4.331143e-03 7.103360e+00 -4.499684e-04 9.999995e-01 8.942280e-04 -2.233890e-01 4.331547e-03 -8.922714e-04 9.999902e-01 3.232844e+00
9.999943e-01 -3.146845e-04 -3.362052e-03 6.055910e+00 3.158700e-04 9.999999e-01 3.520545e-04 -1.903137e-01 3.361941e-03 -3.531137e-04 9.999943e-01 2.810963e+00
9.999953e-01 5.103435e-04 -3.025654e-03 5.628640e+00 -5.079354e-04 9.999996e-01 7.966429e-04 -1.795806e-01 3.026059e-03 -7.951031e-04 9.999951e-01 2.740430e+00
9.999956e-01 -3.271516e-04 -2.934495e-03 5.387752e+00 3.279923e-04 9.999999e-01 2.859867e-04 -1.721587e-01 2.934401e-03 -2.869472e-04 9.999957e-01 2.750178e+00
9.999950e-01 5.437564e-04 -3.114723e-03 5.016543e+00 -5.411363e-04 9.999995e-01 8.420293e-04 -1.577695e-01 3.115179e-03 -8.403403e-04 9.999948e-01 2.766613e+00
9.999976e-01 -3.355853e-04 -2.159347e-03 5.041111e+00 3.354714e-04 9.999999e-01 -5.314871e-05 -1.535570e-01 2.159365e-03 5.242489e-05 9.999977e-01 2.548585e+00
9.999952e-01 6.219376e-04 -3.047911e-03 5.070270e+00 -6.186862e-04 9.999992e-01 1.067635e-03 -1.557418e-01 3.048573e-03 -1.065745e-03 9.999948e-01 2.652203e+00
9.999973e-01 -2.531512e-04 -2.318342e-03 5.262567e+00 2.526445e-04 9.999999e-01 -2.189220e-04 -1.689989e-01 2.318397e-03 2.183364e-04 9.999973e-01 2.880020e+00
9.999904e-01 7.979779e-04 -4.304913e-03 5.901563e+00 -7.939813e-04 9.999993e-01 9.300440e-04 -2.031449e-01 4.305652e-03 -9.266178e-04 9.999903e-01 3.263971e+00
9.999995e-01 -2.716410e-04 -9.980470e-04 6.258330e+00 2.714939e-04 1.000000e+00 -1.476370e-04 -2.167257e-01 9.980873e-04 1.473666e-04 9.999995e-01 3.402141e+00
9.999902e-01 4.406741e-04 -4.413742e-03 5.878902e+00 -4.362356e-04 9.999994e-01 1.006557e-03 -2.064937e-01 4.414183e-03 -1.004622e-03 9.999898e-01 3.202143e+00
9.999983e-01 -3.277823e-04 -1.789235e-03 5.378375e+00 3.280554e-04 9.999999e-01 1.523125e-04 -1.912824e-01 1.789186e-03 -1.528986e-04 9.999984e-01 3.215874e+00
9.999938e-01 3.697954e-04 -3.493731e-03 5.671849e+00 -3.682854e-04 9.999998e-01 4.328680e-04 -1.963954e-01 3.493890e-03 -4.315794e-04 9.999938e-01 2.868249e+00
9.999995e-01 -2.680574e-04 -9.204271e-04 6.381926e+00 2.680334e-04 1.000000e+00 -2.638015e-05 -2.039763e-01 9.204345e-04 2.613413e-05 9.999996e-01 2.481594e+00
9.999853e-01 5.770540e-04 -5.396028e-03 6.971209e+00 -5.718720e-04 9.999994e-01 9.618505e-04 -2.227187e-01 5.396579e-03 -9.587512e-04 9.999850e-01 2.519272e+00
1.000000e+00 -5.339095e-07 2.458485e-04 7.186704e+00 5.664833e-07 1.000000e+00 -1.319339e-04 -2.372933e-01 -2.458481e-04 1.319348e-04 1.000000e+00 2.850113e+00
9.999878e-01 2.870373e-04 -4.938983e-03 7.118606e+00 -2.818591e-04 9.999994e-01 1.049139e-03 -2.362472e-01 4.939281e-03 -1.047735e-03 9.999873e-01 3.150428e+00
9.999995e-01 1.615677e-04 9.943947e-04 7.049288e+00 -1.613119e-04 1.000000e+00 -2.571512e-04 -2.359385e-01 -9.944359e-04 2.569914e-04 9.999995e-01 3.592430e+00
9.999849e-01 2.622569e-04 -5.493795e-03 7.340489e+00 -2.579772e-04 9.999997e-01 7.797325e-04 -2.507896e-01 5.493997e-03 -7.783041e-04 9.999846e-01 3.758995e+00
9.999997e-01 -2.251303e-04 -8.047956e-04 7.189740e+00 2.253547e-04 9.999999e-01 2.785458e-04 -2.433029e-01 8.047332e-04 -2.787264e-04 9.999996e-01 3.647998e+00
9.999863e-01 3.195669e-04 -5.220844e-03 6.782843e+00 -3.157219e-04 9.999997e-01 7.373109e-04 -2.290401e-01 5.221077e-03 -7.356532e-04 9.999861e-01 3.508547e+00
9.999997e-01 -2.825903e-04 -6.769567e-04 6.926940e+00 2.824853e-04 9.999999e-01 -1.555173e-04 -2.253447e-01 6.770009e-04 1.553268e-04 9.999998e-01 3.330889e+00
9.999862e-01 5.739389e-04 -5.230210e-03 6.827871e+00 -5.671106e-04 9.999990e-01 1.306966e-03 -2.248518e-01 5.230955e-03 -1.303982e-03 9.999855e-01 3.577865e+00
9.999999e-01 -3.373531e-04 2.838287e-04 6.654251e+00 3.374571e-04 9.999999e-01 -3.659700e-04 -2.150496e-01 -2.837049e-04 3.660665e-04 9.999999e-01 3.910242e+00
9.999821e-01 6.042731e-04 -5.948209e-03 6.610417e+00 -5.963232e-04 9.999989e-01 1.338239e-03 -2.111953e-01 5.949011e-03 -1.334669e-03 9.999814e-01 4.194565e+00
9.999998e-01 -4.720039e-04 3.316984e-04 6.208105e+00 4.720482e-04 9.999999e-01 -1.331172e-04 -1.926580e-01 -3.316353e-04 1.332744e-04 9.999999e-01 4.409483e+00
9.999842e-01 6.740846e-04 -5.576317e-03 6.016126e+00 -6.673850e-04 9.999991e-01 1.203252e-03 -1.840388e-01 5.577122e-03 -1.199512e-03 9.999837e-01 4.662342e+00
1.000000e+00 -2.457827e-04 4.098879e-06 6.147713e+00 2.457838e-04 9.999999e-01 -2.327561e-04 -1.937580e-01 -4.041359e-06 2.327578e-04 1.000000e+00 4.910891e+00
9.999833e-01 3.938499e-04 -5.760588e-03 6.022641e+00 -3.859330e-04 9.999990e-01 1.375398e-03 -1.889090e-01 5.761124e-03 -1.373153e-03 9.999825e-01 5.108588e+00
1.000000e+00 -3.027640e-04 -8.513340e-05 5.936601e+00 3.027403e-04 9.999999e-01 -2.792849e-04 -1.826875e-01 8.521826e-05 2.792598e-04 1.000000e+00 5.276371e+00
9.999818e-01 4.293696e-04 -6.009963e-03 5.411534e+00 -4.209772e-04 9.999989e-01 1.397643e-03 -1.673285e-01 6.010557e-03 -1.395088e-03 9.999810e-01 5.300691e+00
9.999986e-01 -2.212825e-04 1.655916e-03 5.294649e+00 2.228872e-04 9.999995e-01 -9.688496e-04 -1.638381e-01 -1.655700e-03 9.692180e-04 9.999982e-01 4.618745e+00
9.999853e-01 7.088990e-04 -5.373925e-03 5.620069e+00 -7.021394e-04 9.999990e-01 1.259655e-03 -1.726973e-01 5.374812e-03 -1.255864e-03 9.999848e-01 4.479659e+00
9.999992e-01 1.932329e-04 1.288694e-03 5.596246e+00 -1.923494e-04 9.999997e-01 -6.855153e-04 -1.888857e-01 -1.288826e-03 6.852676e-04 9.999989e-01 5.351656e+00
9.999784e-01 1.062647e-04 -6.565545e-03 5.593591e+00 -9.555711e-05 9.999987e-01 1.631201e-03 -1.881414e-01 6.565709e-03 -1.630539e-03 9.999771e-01 5.571207e+00
9.999988e-01 1.911287e-04 1.509912e-03 5.439246e+00 -1.898696e-04 9.999996e-01 -8.338813e-04 -1.834084e-01 -1.510070e-03 8.335943e-04 9.999985e-01 5.998624e+00
9.999796e-01 3.222844e-04 -6.371771e-03 5.386936e+00 -3.119807e-04 9.999986e-01 1.618033e-03 -1.784433e-01 6.372284e-03 -1.616013e-03 9.999784e-01 6.663269e+00
9.999991e-01 7.360092e-05 1.301958e-03 5.224823e+00 -7.273803e-05 9.999998e-01 -6.626638e-04 -1.653795e-01 -1.302006e-03 6.625693e-04 9.999989e-01 7.220581e+00
9.999791e-01 2.225322e-04 -6.467545e-03 5.110237e+00 -2.115226e-04 9.999985e-01 1.702949e-03 -1.580289e-01 6.467914e-03 -1.701546e-03 9.999776e-01 7.525188e+00
9.999997e-01 -1.528916e-04 6.967135e-04 4.620398e+00 1.533057e-04 9.999998e-01 -5.939818e-04 -1.410253e-01 -6.966222e-04 5.940892e-04 9.999996e-01 7.640584e+00
9.999765e-01 2.397632e-04 -6.856350e-03 4.019168e+00 -2.276285e-04 9.999984e-01 1.770596e-03 -1.155679e-01 6.856764e-03 -1.768995e-03 9.999749e-01 7.783372e+00
9.999998e-01 -5.630397e-05 6.903874e-04 3.496718e+00 5.666081e-05 9.999999e-01 -5.165865e-04 -9.071010e-02 -6.903579e-04 5.166262e-04 9.999996e-01 7.913694e+00
9.999729e-01 2.091212e-04 -7.355973e-03 2.827106e+00 -1.969321e-04 9.999986e-01 1.657750e-03 -6.832214e-02 7.356309e-03 -1.656257e-03 9.999716e-01 7.804858e+00
9.999989e-01 -1.752349e-05 1.484732e-03 2.401228e+00 1.851863e-05 9.999998e-01 -6.701083e-04 -5.689856e-02 -1.484720e-03 6.701357e-04 9.999987e-01 7.651967e+00
9.999763e-01 2.988913e-04 -6.881644e-03 2.457173e+00 -2.880236e-04 9.999987e-01 1.580188e-03 -5.840977e-02 6.882107e-03 -1.578169e-03 9.999751e-01 7.897555e+00
9.999992e-01 2.197935e-04 1.242339e-03 2.797920e+00 -2.188284e-04 9.999997e-01 -7.767380e-04 -7.779801e-02 -1.242509e-03 7.764662e-04 9.999989e-01 8.280739e+00
9.999794e-01 2.253558e-04 -6.420233e-03 2.872288e+00 -2.146259e-04 9.999986e-01 1.671927e-03 -8.956789e-02 6.420600e-03 -1.670515e-03 9.999780e-01 8.586961e+00
9.999997e-01 8.908131e-06 7.247604e-04 2.539893e+00 -8.435945e-06 9.999998e-01 -6.512394e-04 -8.340726e-02 -7.247657e-04 6.512338e-04 9.999995e-01 8.584593e+00
9.999801e-01 2.211275e-04 -6.304384e-03 2.375500e+00 -2.106036e-04 9.999986e-01 1.669944e-03 -8.370196e-02 6.304744e-03 -1.668584e-03 9.999787e-01 8.571302e+00
9.999992e-01 8.918266e-05 1.295121e-03 2.374728e+00 -8.816151e-05 9.999997e-01 -7.883413e-04 -8.513115e-02 -1.295191e-03 7.882272e-04 9.999989e-01 8.430810e+00
9.999790e-01 1.329237e-04 -6.474541e-03 2.316460e+00 -1.227434e-04 9.999988e-01 1.572768e-03 -8.420865e-02 6.474741e-03 -1.571941e-03 9.999778e-01 8.211141e+00
9.999993e-01 -3.353265e-05 1.188496e-03 1.861780e+00 3.423281e-05 9.999998e-01 -5.889267e-04 -7.217764e-02 -1.188476e-03 5.889676e-04 9.999991e-01 8.364120e+00
9.999802e-01 4.242847e-04 -6.279114e-03 1.883933e+00 -4.154004e-04 9.999989e-01 1.416172e-03 -8.065327e-02 6.279708e-03 -1.413536e-03 9.999793e-01 8.733557e+00
9.999999e-01 -1.563740e-04 5.174276e-04 1.712376e+00 1.566165e-04 9.999999e-01 -4.681633e-04 -8.204335e-02 -5.173540e-04 4.682450e-04 9.999998e-01 8.768397e+00
9.999823e-01 5.216224e-04 -5.923194e-03 1.914270e+00 -5.135935e-04 9.999989e-01 1.356986e-03 -9.751421e-02 5.923895e-03 -1.353921e-03 9.999815e-01 8.921727e+00
9.999999e-01 -2.006408e-04 2.554235e-04 2.012060e+00 2.007255e-04 9.999999e-01 -3.310558e-04 -1.079472e-01 -2.553567e-04 3.311077e-04 9.999999e-01 9.086742e+00
9.999881e-01 5.558598e-04 -4.843200e-03 2.105574e+00 -5.508047e-04 9.999993e-01 1.045067e-03 -1.177327e-01 4.843778e-03 -1.042388e-03 9.999877e-01 9.231769e+00
9.999997e-01 2.557621e-05 -7.086784e-04 2.395177e+00 -2.574080e-05 1.000000e+00 -2.325325e-04 -1.400316e-01 7.086727e-04 2.325514e-04 9.999997e-01 9.616332e+00
9.999928e-01 2.988012e-04 -3.794793e-03 2.351979e+00 -2.948716e-04 9.999994e-01 1.036116e-03 -1.447462e-01 3.795100e-03 -1.034990e-03 9.999923e-01 9.896150e+00
9.999994e-01 2.094348e-05 -1.093889e-03 2.186838e+00 -2.104490e-05 1.000000e+00 -9.290567e-05 -1.384123e-01 1.093887e-03 9.292932e-05 9.999994e-01 1.017856e+01
9.999965e-01 2.401849e-04 -2.640990e-03 2.308494e+00 -2.394451e-04 9.999999e-01 2.805153e-04 -1.339803e-01 2.641057e-03 -2.798826e-04 9.999965e-01 9.237186e+00
1.000000e+00 -1.366951e-04 1.945570e-04 2.029877e+00 1.368380e-04 9.999997e-01 -7.337130e-04 -1.242458e-01 -1.944564e-04 7.337403e-04 9.999997e-01 7.657571e+00
9.999860e-01 7.280988e-04 -5.234835e-03 1.942203e+00 -7.200957e-04 9.999986e-01 1.530572e-03 -1.354954e-01 5.235942e-03 -1.526782e-03 9.999851e-01 7.734265e+00
9.999992e-01 -3.414357e-04 1.255064e-03 1.881663e+00 3.428097e-04 9.999993e-01 -1.094541e-03 -1.438444e-01 -1.254689e-03 1.094971e-03 9.999986e-01 7.221056e+00
9.999956e-01 4.915653e-04 -2.933780e-03 1.709063e+00 -4.904945e-04 9.999998e-01 3.657812e-04 -1.321152e-01 2.933959e-03 -3.643413e-04 9.999956e-01 5.446273e+00
9.999999e-01 -2.203857e-04 2.368521e-04 1.432404e+00 2.205616e-04 9.999997e-01 -7.422223e-04 -1.213717e-01 -2.366882e-04 7.422752e-04 9.999997e-01 3.806554e+00
9.999969e-01 4.045347e-04 -2.446302e-03 1.393020e+00 -4.039706e-04 9.999999e-01 2.311798e-04 -1.116675e-01 2.446395e-03 -2.301916e-04 9.999970e-01 2.313309e+00
9.999965e-01 -3.776681e-04 -2.605929e-03 6.467305e-01 3.792265e-04 9.999997e-01 5.974755e-04 -9.162925e-02 2.605703e-03 -5.984609e-04 9.999964e-01 2.582493e+00
9.999940e-01 4.759299e-04 -3.422768e-03 -2.012617e-01 -4.740054e-04 9.999997e-01 5.631311e-04 -5.856336e-02 3.423035e-03 -5.615060e-04 9.999940e-01 2.841963e+00
9.999991e-01 -2.071043e-04 -1.296227e-03 1.841693e-02 2.072531e-04 1.000000e+00 1.144311e-04 -5.949082e-02 1.296204e-03 -1.146989e-04 9.999992e-01 2.474653e+00
9.999947e-01 3.524150e-04 -3.251212e-03 3.760533e-01 -3.510688e-04 9.999999e-01 4.147051e-04 -6.042849e-02 3.251358e-03 -4.135621e-04 9.999946e-01 1.978345e+00
9.999964e-01 -3.135413e-05 -2.688292e-03 7.722331e-01 3.268761e-05 9.999999e-01 4.959051e-04 -7.420410e-02 2.688277e-03 -4.959905e-04 9.999963e-01 2.033840e+00
9.999784e-01 7.258656e-04 -6.537259e-03 2.495627e+00 -7.274898e-04 9.999997e-01 -2.460484e-04 -1.226459e-01 6.537079e-03 2.507982e-04 9.999786e-01 2.175037e+00
9.999974e-01 3.667351e-04 -2.244538e-03 4.539895e+00 -3.655775e-04 9.999998e-01 5.160252e-04 -1.868113e-01 2.244727e-03 -5.152026e-04 9.999973e-01 2.418186e+00
9.999942e-01 1.822573e-04 -3.398610e-03 5.337042e+00 -1.825525e-04 1.000000e+00 -8.649759e-05 -2.038885e-01 3.398593e-03 8.711684e-05 9.999942e-01 2.236089e+00
9.999999e-01 -1.438777e-04 3.739644e-04 5.711107e+00 1.438880e-04 1.000000e+00 -2.690385e-05 -1.973148e-01 -3.739603e-04 2.695833e-05 9.999999e-01 1.218625e+00
9.999826e-01 3.016016e-04 -5.893427e-03 5.300679e+00 -2.986242e-04 9.999998e-01 5.061225e-04 -1.817023e-01 5.893578e-03 -5.043544e-04 9.999825e-01 3.612765e-01
9.999993e-01 -1.280738e-04 -1.213702e-03 4.454739e+00 1.287676e-04 9.999998e-01 5.713581e-04 -1.587221e-01 1.213629e-03 -5.715133e-04 9.999991e-01 -8.997729e-02
9.999910e-01 3.499746e-04 -4.236834e-03 4.115338e+00 -3.500866e-04 9.999999e-01 -2.562581e-05 -1.466505e-01 4.236824e-03 2.710816e-05 9.999910e-01 -7.829719e-01
9.999993e-01 -1.326564e-04 -1.167424e-03 3.762294e+00 1.333502e-04 9.999998e-01 5.940524e-04 -1.365703e-01 1.167345e-03 -5.942069e-04 9.999991e-01 -1.468677e+00
9.999914e-01 3.338549e-04 -4.136245e-03 3.501902e+00 -3.341487e-04 9.999999e-01 -7.027132e-05 -1.284926e-01 4.136221e-03 7.165217e-05 9.999914e-01 -2.125779e+00
9.999992e-01 -8.056134e-05 -1.262948e-03 3.276824e+00 8.162044e-05 9.999996e-01 8.383651e-04 -1.233429e-01 1.262880e-03 -8.384668e-04 9.999989e-01 -2.540759e+00
9.999943e-01 3.014666e-04 -3.377626e-03 3.430432e+00 -3.022550e-04 9.999999e-01 -2.328248e-04 -1.265050e-01 3.377555e-03 2.338436e-04 9.999943e-01 -3.023626e+00
9.999992e-01 -4.137263e-05 -1.283075e-03 3.780538e+00 4.230074e-05 9.999997e-01 7.231298e-04 -1.297471e-01 1.283045e-03 -7.231828e-04 9.999989e-01 -3.454879e+00
9.999968e-01 2.062203e-04 -2.540431e-03 4.000179e+00 -2.070333e-04 9.999999e-01 -3.196530e-04 -1.303160e-01 2.540364e-03 3.201772e-04 9.999967e-01 -4.021644e+00
9.999985e-01 -2.554106e-06 -1.718225e-03 4.224304e+00 3.838536e-06 9.999997e-01 7.473806e-04 -1.313674e-01 1.718223e-03 -7.473854e-04 9.999982e-01 -4.561430e+00
9.999958e-01 1.424666e-03 -2.506328e-03 4.803619e+00 -1.425347e-03 9.999989e-01 -2.696840e-04 -1.884873e-01 2.505941e-03 2.732546e-04 9.999968e-01 -3.160895e+00
9.999956e-01 7.756743e-04 -2.852805e-03 5.532686e+00 -7.744528e-04 9.999996e-01 4.291565e-04 -2.647617e-01 2.853137e-03 -4.269446e-04 9.999958e-01 -1.585428e+00
9.999963e-01 -1.693409e-04 -2.719064e-03 5.867833e+00 1.704276e-04 9.999999e-01 3.995281e-04 -2.828409e-01 2.718996e-03 -3.999907e-04 9.999962e-01 -1.469858e+00
9.999979e-01 4.302503e-04 -2.012571e-03 6.144589e+00 -4.298728e-04 9.999999e-01 1.878443e-04 -2.879700e-01 2.012652e-03 -1.869781e-04 9.999980e-01 -1.725984e+00
9.999937e-01 -1.183714e-04 -3.538931e-03 6.514132e+00 1.204351e-04 9.999998e-01 5.830199e-04 -2.994902e-01 3.538861e-03 -5.834431e-04 9.999936e-01 -1.799489e+00
9.999984e-01 1.460051e-03 -9.964882e-04 7.041709e+00 -1.460044e-03 9.999989e-01 7.745845e-06 -3.531700e-01 9.964987e-04 -6.290247e-06 9.999995e-01 -5.682619e-01
9.999915e-01 1.554225e-04 -4.111184e-03 7.512633e+00 -1.536297e-04 9.999999e-01 4.364486e-04 -4.064930e-01 4.111251e-03 -4.358139e-04 9.999915e-01 5.608841e-01
9.999997e-01 3.480158e-04 -6.949140e-04 7.675740e+00 -3.477664e-04 9.999999e-01 3.586988e-04 -4.250490e-01 6.950390e-04 -3.584564e-04 9.999997e-01 9.403760e-01
9.999940e-01 4.700546e-04 -3.423660e-03 7.768499e+00 -4.690969e-04 9.999999e-01 2.805948e-04 -4.481890e-01 3.423791e-03 -2.789878e-04 9.999941e-01 1.611893e+00
9.999992e-01 2.790464e-04 -1.234549e-03 7.900725e+00 -2.785221e-04 9.999999e-01 4.246811e-04 -4.709303e-01 1.234667e-03 -4.243362e-04 9.999991e-01 2.153138e+00
9.999922e-01 8.127529e-05 -3.946716e-03 7.914554e+00 -7.904199e-05 9.999998e-01 5.660845e-04 -4.787031e-01 3.946761e-03 -5.657688e-04 9.999921e-01 2.420279e+00
9.999982e-01 -5.518490e-05 -1.871477e-03 7.457108e+00 5.624425e-05 9.999998e-01 5.658535e-04 -4.615791e-01 1.871446e-03 -5.659571e-04 9.999981e-01 2.589486e+00
9.999938e-01 1.682390e-04 -3.513610e-03 7.101342e+00 -1.662247e-04 9.999998e-01 5.736633e-04 -4.453699e-01 3.513706e-03 -5.730764e-04 9.999937e-01 2.863114e+00
9.999983e-01 5.025332e-05 -1.861475e-03 6.970841e+00 -4.936249e-05 9.999999e-01 4.784521e-04 -4.443396e-01 1.861499e-03 -4.783587e-04 9.999982e-01 3.006127e+00
9.999967e-01 8.136136e-05 -2.570927e-03 6.567746e+00 -8.030788e-05 9.999999e-01 4.099769e-04 -4.319135e-01 2.570960e-03 -4.097697e-04 9.999966e-01 3.419796e+00
9.999963e-01 3.741105e-04 -2.676238e-03 6.385523e+00 -3.728572e-04 9.999998e-01 4.686785e-04 -4.331087e-01 2.676413e-03 -4.676783e-04 9.999963e-01 3.656508e+00
9.999966e-01 -1.400407e-04 -2.621749e-03 6.555268e+00 1.407628e-04 1.000000e+00 2.753516e-04 -4.362670e-01 2.621710e-03 -2.757204e-04 9.999965e-01 3.304763e+00
9.999949e-01 3.004999e-04 -3.178187e-03 6.624374e+00 -2.983491e-04 9.999997e-01 6.770758e-04 -4.387163e-01 3.178390e-03 -6.761235e-04 9.999947e-01 3.114031e+00
9.999974e-01 -2.993669e-04 -2.276912e-03 6.117392e+00 3.003198e-04 9.999999e-01 4.182990e-04 -4.204451e-01 2.276786e-03 -4.189823e-04 9.999973e-01 3.327862e+00
9.999953e-01 3.519386e-04 -3.033742e-03 5.292518e+00 -3.500506e-04 9.999997e-01 6.227475e-04 -3.884249e-01 3.033961e-03 -6.216820e-04 9.999952e-01 3.698265e+00
9.999984e-01 -2.368736e-04 -1.761218e-03 4.423333e+00 2.373403e-04 9.999999e-01 2.649474e-04 -3.581684e-01 1.761155e-03 -2.653656e-04 9.999984e-01 4.339454e+00
9.999973e-01 3.516344e-04 -2.287015e-03 3.520500e+00 -3.504636e-04 9.999998e-01 5.122016e-04 -3.249034e-01 2.287195e-03 -5.113980e-04 9.999973e-01 5.181390e+00
9.999974e-01 -2.023685e-04 -2.264305e-03 2.747386e+00 2.033026e-04 9.999999e-01 4.124278e-04 -2.956507e-01 2.264221e-03 -4.128877e-04 9.999974e-01 5.902143e+00
9.999948e-01 4.240569e-05 -3.223362e-03 1.860297e+00 -3.992348e-05 9.999997e-01 7.700364e-04 -2.522590e-01 3.223394e-03 -7.699031e-04 9.999945e-01 6.354222e+00
9.999987e-01 8.761415e-05 -1.597884e-03 1.307221e+00 -8.717272e-05 1.000000e+00 2.765101e-04 -2.279523e-01 1.597908e-03 -2.763711e-04 9.999987e-01 6.820933e+00
9.999934e-01 3.927409e-04 -3.609301e-03 1.396756e+00 -3.906725e-04 9.999998e-01 5.736616e-04 -2.401708e-01 3.609525e-03 -5.722471e-04 9.999933e-01 7.234365e+00
9.999983e-01 -3.409768e-06 -1.828989e-03 1.467321e+00 3.942475e-06 1.000000e+00 2.914186e-04 -2.492778e-01 1.828988e-03 -2.914260e-04 9.999983e-01 7.579777e+00
9.999929e-01 1.437300e-05 -3.759784e-03 9.871783e-01 -1.116882e-05 9.999996e-01 8.521650e-04 -2.295593e-01 3.759795e-03 -8.521163e-04 9.999926e-01 7.782738e+00
9.999981e-01 -9.758761e-05 -1.971149e-03 2.411056e-01 9.823231e-05 9.999999e-01 3.271320e-04 -1.967797e-01 1.971117e-03 -3.273257e-04 9.999980e-01 8.025558e+00
9.999938e-01 3.790466e-04 -3.496406e-03 1.623514e-01 -3.767736e-04 9.999997e-01 6.506292e-04 -1.955417e-01 3.496652e-03 -6.493072e-04 9.999937e-01 8.308404e+00
9.999990e-01 -1.366184e-04 -1.436666e-03 -8.466843e-02 1.369168e-04 1.000000e+00 2.078093e-04 -1.906051e-01 1.436637e-03 -2.080064e-04 9.999989e-01 8.811276e+00
9.999820e-01 -5.654485e-05 -6.007088e-03 -1.419161e+00 6.369016e-05 9.999993e-01 1.189244e-03 -1.330174e-01 6.007017e-03 -1.189605e-03 9.999813e-01 8.960763e+00
9.999991e-01 1.746077e-05 -1.353713e-03 -2.477027e+00 -1.735750e-05 1.000000e+00 7.652838e-05 -9.474796e-02 1.353714e-03 -7.650546e-05 9.999991e-01 8.917271e+00
9.999881e-01 -2.221703e-05 -4.887352e-03 -3.096100e+00 2.755427e-05 9.999994e-01 1.091922e-03 -7.121199e-02 4.887325e-03 -1.092043e-03 9.999875e-01 9.025756e+00
9.999995e-01 -7.211855e-06 -1.006724e-03 -3.800423e+00 7.350240e-06 1.000000e+00 1.377709e-04 -3.667013e-02 1.006723e-03 -1.377789e-04 9.999995e-01 9.311596e+00
9.999878e-01 2.543736e-05 -4.938802e-03 -4.394217e+00 -1.994334e-05 9.999994e-01 1.112402e-03 -8.558181e-03 4.938827e-03 -1.112289e-03 9.999872e-01 9.559296e+00
9.999995e-01 -8.204548e-05 -9.501800e-04 -5.150993e+00 8.208799e-05 1.000000e+00 4.503539e-05 2.380309e-02 9.501761e-04 -4.511401e-05 9.999995e-01 9.758211e+00
9.999815e-01 1.162993e-04 -6.079749e-03 -6.019479e+00 -1.088550e-04 9.999992e-01 1.224706e-03 5.557594e-02 6.079887e-03 -1.224021e-03 9.999808e-01 9.764583e+00
9.999993e-01 -1.275401e-04 -1.140716e-03 -6.948592e+00 1.276063e-04 1.000000e+00 5.832585e-05 9.126185e-02 1.140709e-03 -5.847202e-05 9.999993e-01 9.754356e+00
9.999872e-01 2.996532e-04 -5.043660e-03 -7.564338e+00 -2.939526e-04 9.999993e-01 1.130874e-03 1.192229e-01 5.043995e-03 -1.129376e-03 9.999866e-01 9.824558e+00
1.000000e+00 -1.181929e-04 -2.877034e-04 -7.602683e+00 1.180631e-04 9.999999e-01 -4.501210e-04 1.263693e-01 2.877563e-04 4.500864e-04 9.999999e-01 9.640421e+00
9.999881e-01 1.804519e-04 -4.877161e-03 -7.077731e+00 -1.762061e-04 9.999996e-01 8.708971e-04 1.239857e-01 4.877316e-03 -8.700267e-04 9.999877e-01 9.088580e+00
9.999998e-01 -5.180499e-05 -7.000397e-04 -7.035612e+00 5.191134e-05 1.000000e+00 1.523638e-04 1.246112e-01 7.000316e-04 -1.524008e-04 9.999997e-01 9.285729e+00
9.999899e-01 2.187363e-04 -4.490036e-03 -7.203116e+00 -2.147049e-04 9.999996e-01 8.982474e-04 1.301185e-01 4.490230e-03 -8.972736e-04 9.999895e-01 9.531523e+00
9.999996e-01 1.827081e-05 -8.987140e-04 -7.432391e+00 -1.821192e-05 1.000000e+00 6.591025e-05 1.327774e-01 8.987150e-04 -6.589449e-05 9.999996e-01 9.756960e+00
9.999888e-01 1.766890e-04 -4.739038e-03 -7.505682e+00 -1.722372e-04 9.999995e-01 9.397133e-04 1.303351e-01 4.739202e-03 -9.388859e-04 9.999883e-01 9.940003e+00
9.999994e-01 -2.878237e-05 -1.102059e-03 -7.438528e+00 2.847952e-05 1.000000e+00 -2.745142e-04 1.338338e-01 1.102066e-03 2.744820e-04 9.999994e-01 9.492288e+00
9.999928e-01 2.178235e-04 -3.796017e-03 -7.218283e+00 -2.152904e-04 9.999998e-01 6.676287e-04 1.342665e-01 3.796162e-03 -6.668060e-04 9.999926e-01 8.797330e+00
9.999999e-01 -6.082651e-05 -5.389083e-04 -6.917694e+00 6.067087e-05 1.000000e+00 -2.881852e-04 1.348391e-01 5.389256e-04 2.881519e-04 9.999998e-01 8.150177e+00
9.999936e-01 1.945648e-04 -3.567289e-03 -6.533105e+00 -1.921921e-04 9.999998e-01 6.653736e-04 1.352334e-01 3.567418e-03 -6.646831e-04 9.999934e-01 7.576428e+00
9.999984e-01 3.564882e-04 -1.728597e-03 -6.168402e+00 -3.564000e-04 9.999999e-01 5.149806e-05 1.168106e-01 1.728615e-03 -5.088254e-05 9.999985e-01 7.739561e+00
9.999959e-01 3.932288e-04 -2.828717e-03 -5.876088e+00 -3.913933e-04 9.999997e-01 6.493006e-04 9.332949e-02 2.828972e-03 -6.481901e-04 9.999958e-01 8.243467e+00
9.999960e-01 -3.171446e-05 -2.815510e-03 -5.900493e+00 3.212275e-05 1.000000e+00 1.450923e-04 8.926764e-02 2.815505e-03 -1.451828e-04 9.999960e-01 8.408566e+00
9.999956e-01 1.794316e-04 -2.970158e-03 -6.075657e+00 -1.767248e-04 9.999996e-01 9.114586e-04 9.245654e-02 2.970320e-03 -9.109290e-04 9.999952e-01 8.450724e+00
9.999963e-01 -4.703156e-05 -2.713052e-03 -6.477405e+00 4.707195e-05 1.000000e+00 1.495252e-05 1.017643e-01 2.713051e-03 -1.508081e-05 9.999963e-01 8.514039e+00
9.999963e-01 2.497418e-04 -2.725762e-03 -6.532946e+00 -2.479282e-04 9.999997e-01 6.655397e-04 1.050894e-01 2.725928e-03 -6.648608e-04 9.999961e-01 8.158914e+00
9.999966e-01 -9.552998e-05 -2.614159e-03 -6.061174e+00 9.520027e-05 1.000000e+00 -1.261126e-04 1.001320e-01 2.614171e-03 1.258627e-04 9.999966e-01 7.749467e+00
9.999974e-01 1.321872e-04 -2.268358e-03 -5.527334e+00 -1.310413e-04 9.999999e-01 5.051855e-04 9.849434e-02 2.268424e-03 -5.048863e-04 9.999973e-01 7.235916e+00
9.999984e-01 -1.057963e-04 -1.772784e-03 -5.076869e+00 1.053034e-04 1.000000e+00 -2.779490e-04 9.939909e-02 1.772813e-03 2.777612e-04 9.999984e-01 6.624612e+00
9.999970e-01 2.125260e-04 -2.433069e-03 -4.654609e+00 -2.107941e-04 9.999997e-01 7.118870e-04 9.846495e-02 2.433220e-03 -7.113714e-04 9.999968e-01 6.146387e+00
9.999988e-01 2.960907e-05 -1.546910e-03 -4.378181e+00 -3.013456e-05 9.999999e-01 -3.394527e-04 9.392744e-02 1.546899e-03 3.394983e-04 9.999987e-01 5.781530e+00
9.999954e-01 1.334947e-04 -3.037104e-03 -3.906746e+00 -1.311530e-04 9.999997e-01 7.710854e-04 8.339923e-02 3.037206e-03 -7.706829e-04 9.999951e-01 5.564732e+00
9.999942e-01 1.128149e-04 -3.394887e-03 -3.297988e+00 -1.125963e-04 1.000000e+00 6.469518e-05 6.509628e-02 3.394894e-03 -6.431318e-05 9.999942e-01 5.515452e+00
9.999955e-01 3.383612e-04 -2.971235e-03 -2.737548e+00 -3.360722e-04 9.999996e-01 7.707220e-04 4.476416e-02 2.971495e-03 -7.697194e-04 9.999953e-01 5.576050e+00
9.999963e-01 1.544874e-05 -2.734570e-03 -2.259995e+00 -1.578068e-05 1.000000e+00 -1.212318e-04 2.624159e-02 2.734568e-03 1.212738e-04 9.999963e-01 5.580286e+00
9.999920e-01 2.855107e-04 -3.989158e-03 -1.625109e+00 -2.825112e-04 9.999997e-01 7.523528e-04 6.355282e-03 3.989372e-03 -7.512191e-04 9.999918e-01 5.529758e+00
9.999969e-01 1.015739e-04 -2.503724e-03 -1.079764e+00 -1.009506e-04 1.000000e+00 2.492130e-04 -1.901627e-02 2.503749e-03 -2.489601e-04 9.999968e-01 5.680052e+00
9.999929e-01 2.729421e-04 -3.765225e-03 -7.156674e-01 -2.703542e-04 9.999997e-01 6.876959e-04 -3.735773e-02 3.765412e-03 -6.866724e-04 9.999927e-01 5.845656e+00
9.999971e-01 3.272269e-05 -2.396795e-03 -3.938976e-01 -3.214899e-05 1.000000e+00 2.395559e-04 -5.061522e-02 2.396803e-03 -2.394787e-04 9.999971e-01 5.907074e+00
9.999930e-01 2.453391e-04 -3.739569e-03 1.472611e-01 -2.431443e-04 9.999998e-01 5.872761e-04 -6.924914e-02 3.739712e-03 -5.863621e-04 9.999928e-01 5.899248e+00
9.999984e-01 1.518324e-04 -1.767921e-03 8.540918e-01 -1.519430e-04 1.000000e+00 -6.222944e-05 -7.941060e-02 1.767911e-03 6.249735e-05 9.999984e-01 5.675236e+00
9.999975e-01 -1.330869e-04 -2.219402e-03 1.320294e+00 1.334163e-04 1.000000e+00 1.480804e-04 -7.479805e-02 2.219383e-03 -1.483756e-04 9.999975e-01 4.794513e+00
9.999957e-01 2.518916e-04 -2.915921e-03 1.916757e+00 -2.507175e-04 9.999999e-01 4.031350e-04 -8.225311e-02 2.916022e-03 -4.024028e-04 9.999957e-01 4.476040e+00
9.999978e-01 2.694014e-04 -2.087835e-03 2.254452e+00 -2.684238e-04 9.999999e-01 4.683302e-04 -1.030383e-01 2.087961e-03 -4.677682e-04 9.999977e-01 4.832354e+00
9.999936e-01 2.230372e-04 -3.578139e-03 2.606903e+00 -2.220918e-04 9.999999e-01 2.647371e-04 -1.242233e-01 3.578197e-03 -2.639414e-04 9.999936e-01 5.188385e+00
9.999956e-01 1.530291e-04 -2.962498e-03 3.224878e+00 -1.513596e-04 9.999998e-01 5.636450e-04 -1.486748e-01 2.962584e-03 -5.631935e-04 9.999955e-01 5.315547e+00
9.999944e-01 2.797454e-04 -3.339239e-03 3.707549e+00 -2.786191e-04 9.999999e-01 3.378499e-04 -1.702176e-01 3.339333e-03 -3.369183e-04 9.999944e-01 5.472394e+00
9.999969e-01 1.180187e-04 -2.472455e-03 4.133707e+00 -1.167710e-04 9.999999e-01 5.046404e-04 -1.891459e-01 2.472515e-03 -5.043496e-04 9.999968e-01 5.727922e+00
9.999928e-01 4.172489e-04 -3.764000e-03 4.782351e+00 -4.165009e-04 9.999999e-01 1.996239e-04 -2.083202e-01 3.764083e-03 -1.980554e-04 9.999929e-01 5.844574e+00
9.999990e-01 -2.566680e-04 -1.354865e-03 5.502846e+00 2.566501e-04 1.000000e+00 -1.369489e-05 -2.117026e-01 1.354869e-03 1.334775e-05 9.999991e-01 5.269021e+00
9.999932e-01 5.726357e-04 -3.651583e-03 6.169732e+00 -5.706520e-04 9.999997e-01 5.443820e-04 -2.209652e-01 3.651894e-03 -5.422951e-04 9.999932e-01 5.033728e+00
9.999969e-01 -1.226542e-04 -2.471186e-03 6.764353e+00 1.227681e-04 1.000000e+00 4.580910e-05 -2.399890e-01 2.471181e-03 -4.611174e-05 9.999969e-01 5.210147e+00
9.999925e-01 5.188000e-04 -3.849754e-03 7.330384e+00 -5.157001e-04 9.999995e-01 8.062632e-04 -2.595492e-01 3.850170e-03 -8.042724e-04 9.999923e-01 5.332915e+00
9.999967e-01 -9.268366e-05 -2.550615e-03 7.899646e+00 9.288211e-05 1.000000e+00 7.753248e-05 -2.815556e-01 2.550608e-03 -7.776853e-05 9.999967e-01 5.446962e+00
9.999932e-01 5.454567e-04 -3.647833e-03 8.574778e+00 -5.431271e-04 9.999996e-01 6.396960e-04 -2.940758e-01 3.648181e-03 -6.377110e-04 9.999931e-01 5.319141e+00
9.999984e-01 -4.228728e-04 -1.733125e-03 8.495969e+00 4.236831e-04 9.999998e-01 4.669533e-04 -2.812893e-01 1.732927e-03 -4.676862e-04 9.999984e-01 5.659040e+00
9.999908e-01 5.054441e-04 -4.254972e-03 8.484082e+00 -5.039825e-04 9.999998e-01 3.446653e-04 -2.649059e-01 4.255145e-03 -3.425183e-04 9.999909e-01 5.992763e+00
9.999968e-01 -2.348898e-04 -2.500211e-03 9.356299e+00 2.359029e-04 9.999999e-01 4.047295e-04 -2.776928e-01 2.500115e-03 -4.053175e-04 9.999968e-01 5.743413e+00
9.999906e-01 4.693115e-04 -4.317945e-03 1.019987e+01 -4.676128e-04 9.999998e-01 3.945110e-04 -2.968576e-01 4.318130e-03 -3.924887e-04 9.999906e-01 5.636046e+00
9.999972e-01 -9.075148e-05 -2.347283e-03 1.076238e+01 9.195353e-05 9.999999e-01 5.118241e-04 -3.125279e-01 2.347236e-03 -5.120379e-04 9.999971e-01 5.686758e+00
9.999910e-01 5.103439e-04 -4.206011e-03 1.122715e+01 -5.095215e-04 9.999999e-01 1.966928e-04 -3.130701e-01 4.206111e-03 -1.945486e-04 9.999911e-01 5.634010e+00
9.999901e-01 -1.787875e-04 -4.447158e-03 1.241705e+01 1.823561e-04 9.999997e-01 8.019652e-04 -3.546488e-01 4.447013e-03 -8.027677e-04 9.999898e-01 5.922206e+00
9.999945e-01 8.901722e-04 -3.188619e-03 1.345265e+01 -8.906558e-04 9.999996e-01 -1.501021e-04 -3.909370e-01 3.188483e-03 1.529407e-04 9.999949e-01 6.193141e+00
9.999976e-01 -5.487266e-04 -2.113427e-03 1.400698e+01 5.507259e-04 9.999994e-01 9.453681e-04 -3.988776e-01 2.112907e-03 -9.465292e-04 9.999973e-01 6.044520e+00
9.999966e-01 7.962366e-04 -2.493538e-03 1.443819e+01 -7.974889e-04 9.999996e-01 -5.010640e-04 -4.038405e-01 2.493138e-03 5.030503e-04 9.999968e-01 5.656050e+00
9.999974e-01 -6.363177e-04 -2.192240e-03 1.488447e+01 6.382385e-04 9.999994e-01 8.754368e-04 -4.049762e-01 2.191682e-03 -8.768331e-04 9.999972e-01 5.083879e+00
9.999961e-01 8.946638e-04 -2.636119e-03 1.523549e+01 -8.951206e-04 9.999996e-01 -1.719375e-04 -4.161859e-01 2.635964e-03 1.742959e-04 9.999965e-01 4.902941e+00
9.999865e-01 -5.920810e-04 -5.158440e-03 1.608184e+01 5.978216e-04 9.999992e-01 1.111301e-03 -4.519609e-01 5.157778e-03 -1.114369e-03 9.999861e-01 5.129840e+00
9.999958e-01 1.088646e-03 -2.697729e-03 1.712396e+01 -1.089564e-03 9.999993e-01 -3.385405e-04 -4.834905e-01 2.697358e-03 3.414779e-04 9.999963e-01 5.205806e+00
9.999959e-01 -7.951130e-04 -2.756955e-03 1.732826e+01 7.987325e-04 9.999988e-01 1.311862e-03 -4.861260e-01 2.755909e-03 -1.314059e-03 9.999953e-01 5.231457e+00
9.999964e-01 1.048085e-03 -2.468848e-03 1.713795e+01 -1.049513e-03 9.999993e-01 -5.769236e-04 -4.768468e-01 2.468242e-03 5.795121e-04 9.999968e-01 4.784600e+00
9.999990e-01 -8.578178e-04 -1.085584e-03 1.726602e+01 8.585171e-04 9.999994e-01 6.434926e-04 -4.727465e-01 1.085031e-03 -6.444234e-04 9.999992e-01 3.822075e+00
9.999933e-01 1.203216e-03 -3.468742e-03 1.734462e+01 -1.203398e-03 9.999993e-01 -5.045596e-05 -4.769723e-01 3.468678e-03 5.462932e-05 9.999940e-01 3.467704e+00
9.999987e-01 -6.821487e-04 -1.462731e-03 1.765198e+01 6.832363e-04 9.999995e-01 7.428702e-04 -4.918425e-01 1.462223e-03 -7.438680e-04 9.999987e-01 3.585593e+00
9.999891e-01 9.694328e-04 -4.566187e-03 1.825129e+01 -9.698631e-04 9.999995e-01 -9.192211e-05 -5.100052e-01 4.566095e-03 9.634911e-05 9.999896e-01 3.584046e+00
9.999991e-01 -5.625086e-04 -1.209232e-03 1.894525e+01 5.633490e-04 9.999996e-01 6.943884e-04 -5.214837e-01 1.208841e-03 -6.950684e-04 9.999990e-01 3.401587e+00
9.999978e-01 6.853753e-04 -1.985231e-03 1.936917e+01 -6.867384e-04 9.999995e-01 -6.857894e-04 -5.143756e-01 1.984759e-03 6.871506e-04 9.999978e-01 2.437888e+00
9.999973e-01 -1.507313e-04 -2.299723e-03 2.065178e+01 1.517015e-04 9.999999e-01 4.215048e-04 -5.562709e-01 2.299659e-03 -4.218520e-04 9.999973e-01 2.425985e+00
9.999974e-01 1.616019e-03 -1.598953e-03 2.192744e+01 -1.617206e-03 9.999984e-01 -7.410981e-04 -6.056280e-01 1.597753e-03 7.436814e-04 9.999984e-01 2.653558e+00
9.999943e-01 -1.593036e-03 -2.967610e-03 2.245629e+01 1.596051e-03 9.999982e-01 1.013714e-03 -6.060614e-01 2.965989e-03 -1.018444e-03 9.999951e-01 2.031434e+00
9.999960e-01 1.606824e-03 -2.334012e-03 2.319694e+01 -1.608278e-03 9.999985e-01 -6.210422e-04 -6.103222e-01 2.333010e-03 6.247928e-04 9.999971e-01 1.586830e+00
9.999920e-01 -1.263728e-03 -3.807027e-03 2.366441e+01 1.270042e-03 9.999978e-01 1.656505e-03 -6.266339e-01 3.804925e-03 -1.661327e-03 9.999914e-01 1.764037e+00
9.999946e-01 1.807417e-03 -2.751904e-03 2.419044e+01 -1.809783e-03 9.999980e-01 -8.575635e-04 -6.478965e-01 2.750348e-03 8.625387e-04 9.999958e-01 2.057499e+00
9.999952e-01 -1.309924e-03 -2.812606e-03 2.464073e+01 1.314741e-03 9.999977e-01 1.711395e-03 -6.556008e-01 2.810358e-03 -1.715084e-03 9.999946e-01 2.028217e+00
9.999984e-01 1.602444e-03 -7.508475e-04 2.481681e+01 -1.603496e-03 9.999977e-01 -1.401513e-03 -6.517958e-01 7.485998e-04 1.402715e-03 9.999987e-01 1.201327e+00
9.999830e-01 -1.203897e-03 -5.706065e-03 2.545628e+01 1.216949e-03 9.999967e-01 2.284383e-03 -6.825495e-01 5.703296e-03 -2.291287e-03 9.999811e-01 1.417933e+00
9.999893e-01 2.119369e-03 -4.120904e-03 2.707552e+01 -2.126300e-03 9.999963e-01 -1.678211e-03 -7.597224e-01 4.117332e-03 1.686955e-03 9.999901e-01 2.235890e+00
