9.999886e-01 1.294270e-03 -4.601120e-03 4.052204e-01 -1.291957e-03 9.999990e-01 5.055407e-04 -4.430941e-02 4.601769e-03 -4.995912e-04 9.999893e-01 1.077737e+00
9.999991e-01 -1.695812e-04 -1.297065e-03 8.916421e-01 1.697928e-04 1.000000e+00 1.629747e-04 -8.507164e-02 1.297038e-03 -1.631941e-04 9.999991e-01 1.738047e+00
9.999939e-01 6.506379e-04 -3.441358e-03 1.271778e+00 -6.493206e-04 9.999997e-01 3.839054e-04 -1.067977e-01 3.441606e-03 -3.816692e-04 9.999940e-01 1.820552e+00
9.999998e-01 -5.513702e-04 -4.156937e-04 1.723750e+00 5.513533e-04 9.999998e-01 -4.079527e-05 -1.187435e-01 4.157165e-04 4.056678e-05 9.999999e-01 1.549582e+00
9.999901e-01 8.021179e-04 -4.373106e-03 2.343780e+00 -8.002927e-04 9.999996e-01 4.191078e-04 -1.355288e-01 4.373440e-03 -4.156046e-04 9.999904e-01 1.368454e+00
9.999998e-01 -6.405930e-04 6.972506e-05 2.957613e+00 6.405997e-04 9.999998e-01 -9.560899e-05 -1.466797e-01 -6.966345e-05 9.565435e-05 1.000000e+00 1.064218e+00
9.999912e-01 6.451243e-04 -4.157332e-03 3.540596e+00 -6.438316e-04 9.999997e-01 3.122904e-04 -1.535546e-01 4.157532e-03 -3.096117e-04 9.999913e-01 6.474792e-01
9.999996e-01 -7.740952e-04 5.416049e-04 4.159573e+00 7.741363e-04 9.999997e-01 -7.560755e-05 -1.572451e-01 -5.415458e-04 7.602750e-05 9.999999e-01 1.689902e-01
9.999914e-01 7.485437e-04 -4.068328e-03 4.747434e+00 -7.485220e-04 9.999997e-01 6.857551e-06 -1.550051e-01 4.068332e-03 -3.812972e-06 9.999917e-01 -4.743667e-01
9.999985e-01 -8.160445e-04 1.535930e-03 5.333500e+00 8.160967e-04 9.999997e-01 -3.334140e-05 -1.515539e-01 -1.535902e-03 3.459553e-05 9.999988e-01 -1.164101e+00
9.999913e-01 5.344221e-04 -4.138508e-03 5.848752e+00 -5.353878e-04 9.999998e-01 -2.322261e-04 -1.500530e-01 4.138383e-03 2.344391e-04 9.999914e-01 -2.041524e+00
9.999950e-01 -1.216079e-03 2.928002e-03 6.505424e+00 1.218891e-03 9.999988e-01 -9.588225e-04 -1.366230e-01 -2.926832e-03 9.623873e-04 9.999953e-01 -3.828990e+00
9.999815e-01 1.035935e-03 -5.998692e-03 7.189868e+00 -1.031233e-03 9.999992e-01 7.869364e-04 -1.315421e-01 5.999502e-03 -7.807364e-04 9.999817e-01 -4.785409e+00
9.999990e-01 -1.437941e-04 1.385473e-03 7.596104e+00 1.441959e-04 9.999999e-01 -2.899238e-04 -1.622569e-01 -1.385431e-03 2.901240e-04 9.999990e-01 -4.280217e+00
9.999850e-01 1.972829e-03 -5.106844e-03 8.052719e+00 -1.969480e-03 9.999978e-01 6.608710e-04 -2.169528e-01 5.108136e-03 -6.508039e-04 9.999867e-01 -2.647744e+00
9.999918e-01 -4.773185e-04 -4.014842e-03 9.670253e+00 4.753322e-04 9.999998e-01 -4.956838e-04 -2.852354e-01 4.015078e-03 4.937721e-04 9.999918e-01 -1.782415e+00
9.999984e-01 1.287166e-04 -1.791153e-03 1.384935e+01 -1.330654e-04 9.999970e-01 -2.428042e-03 -2.760741e-01 1.790835e-03 2.428276e-03 9.999954e-01 -4.293598e+00
9.999939e-01 -1.177178e-03 -3.277091e-03 1.871030e+01 1.171597e-03 9.999979e-01 -1.704651e-03 -2.358190e-01 3.279091e-03 1.700802e-03 9.999932e-01 -8.114968e+00
9.999996e-01 2.124482e-04 -8.114597e-04 2.335749e+01 -2.140232e-04 9.999981e-01 -1.941362e-03 -1.995508e-01 8.110454e-04 1.941534e-03 9.999978e-01 -1.173939e+01
9.999884e-01 -8.137919e-04 -4.756077e-03 2.791019e+01 8.063033e-04 9.999984e-01 -1.576258e-03 -1.806593e-01 4.757353e-03 1.572406e-03 9.999874e-01 -1.481995e+01
9.999999e-01 2.063005e-05 -4.554332e-04 3.211637e+01 -2.146315e-05 9.999983e-01 -1.829175e-03 -1.513948e-01 4.553943e-04 1.829184e-03 9.999982e-01 -1.817952e+01
9.999896e-01 -9.665360e-04 -4.447890e-03 3.676268e+01 9.569868e-04 9.999972e-01 -2.148560e-03 -1.146463e-01 4.449954e-03 2.144282e-03 9.999878e-01 -2.190623e+01
9.999933e-01 1.228158e-03 -3.460484e-03 4.043084e+01 -1.226644e-03 9.999992e-01 4.394991e-04 -1.328506e-01 3.461020e-03 -4.352520e-04 9.999939e-01 -2.335194e+01
9.999931e-01 -6.699359e-04 -3.645532e-03 4.388043e+01 6.627782e-04 9.999979e-01 -1.964297e-03 -1.633110e-01 3.646841e-03 1.961868e-03 9.999914e-01 -2.435694e+01
9.999959e-01 1.435705e-03 -2.494972e-03 4.665957e+01 -1.435200e-03 9.999989e-01 2.039383e-04 -1.930410e-01 2.495262e-03 -2.003574e-04 9.999969e-01 -2.506935e+01
9.999963e-01 -2.232252e-03 -1.554057e-03 5.117647e+01 2.225102e-03 9.999870e-01 -4.587639e-03 -1.591102e-01 1.564278e-03 4.584165e-03 9.999883e-01 -2.880935e+01
9.999980e-01 1.010001e-03 -1.741393e-03 5.595866e+01 -1.010412e-03 9.999995e-01 -2.351119e-04 -1.174335e-01 1.741155e-03 2.368702e-04 9.999985e-01 -3.313227e+01
9.999960e-01 -2.275196e-03 -1.698183e-03 6.066175e+01 2.268413e-03 9.999895e-01 -3.985650e-03 -8.345444e-02 1.707234e-03 3.981783e-03 9.999906e-01 -3.727981e+01
9.999975e-01 1.865723e-03 -1.270226e-03 6.474480e+01 -1.865365e-03 9.999982e-01 2.826436e-04 -7.214862e-02 1.270751e-03 -2.802741e-04 9.999992e-01 -4.039294e+01
9.999927e-01 -2.373509e-03 -2.995506e-03 6.859657e+01 2.362069e-03 9.999899e-01 -3.816856e-03 -6.061783e-02 3.004535e-03 3.809754e-03 9.999882e-01 -4.332815e+01
9.999965e-01 2.380690e-03 -1.187355e-03 7.211943e+01 -2.379214e-03 9.999964e-01 1.243152e-03 -7.321090e-02 1.190310e-03 -1.240324e-03 9.999985e-01 -4.523634e+01
9.999909e-01 -2.540009e-03 -3.415941e-03 7.553262e+01 2.527020e-03 9.999896e-01 -3.801425e-03 -7.528210e-02 3.425562e-03 3.792759e-03 9.999869e-01 -4.747732e+01
9.999956e-01 2.456694e-03 -1.688625e-03 7.771814e+01 -2.452899e-03 9.999945e-01 2.246065e-03 -7.647333e-02 1.694133e-03 -2.241913e-03 9.999961e-01 -4.909216e+01
9.999859e-01 -2.035934e-03 -4.910117e-03 8.036848e+01 2.015425e-03 9.999892e-01 -4.178170e-03 -8.812083e-02 4.918571e-03 4.168216e-03 9.999792e-01 -5.057818e+01
9.999976e-01 1.993273e-03 -8.570230e-04 8.283924e+01 -1.991022e-03 9.999946e-01 2.619269e-03 -9.557159e-02 8.622389e-04 -2.617557e-03 9.999962e-01 -5.203466e+01
9.999894e-01 -1.687278e-03 -4.289911e-03 8.600100e+01 1.667683e-03 9.999882e-01 -4.567225e-03 -1.163905e-01 4.297567e-03 4.560023e-03 9.999804e-01 -5.329051e+01
9.999964e-01 1.679659e-03 -2.068627e-03 8.832957e+01 -1.673653e-03 9.999944e-01 2.901544e-03 -1.119932e-01 2.073488e-03 -2.898072e-03 9.999937e-01 -5.468755e+01
9.999905e-01 -1.352634e-03 -4.146903e-03 9.144676e+01 1.331315e-03 9.999859e-01 -5.139434e-03 -1.238976e-01 4.153797e-03 5.133865e-03 9.999782e-01 -5.636147e+01
9.999983e-01 1.228863e-03 -1.339250e-03 9.602368e+01 -1.226269e-03 9.999974e-01 1.935977e-03 -1.348500e-01 1.341625e-03 -1.934332e-03 9.999972e-01 -5.891625e+01
9.999859e-01 -2.018524e-03 -4.908048e-03 1.013255e+02 1.990031e-03 9.999812e-01 -5.803270e-03 -1.201238e-01 4.919670e-03 5.793422e-03 9.999711e-01 -6.245997e+01
9.999914e-01 2.679621e-03 -3.151246e-03 1.052656e+02 -2.665701e-03 9.999867e-01 4.413210e-03 -1.654109e-01 3.163030e-03 -4.404773e-03 9.999853e-01 -6.362127e+01
9.999284e-01 -3.438833e-04 -1.195785e-02 1.106319e+02 2.737923e-04 9.999828e-01 -5.862651e-03 -2.615036e-01 1.195966e-02 5.858958e-03 9.999113e-01 -6.407684e+01
9.999972e-01 2.371572e-03 -1.319741e-05 1.152808e+02 -2.371498e-03 9.999886e-01 4.132487e-03 -3.539486e-01 2.299743e-05 -4.132444e-03 9.999915e-01 -6.422411e+01
9.999528e-01 -3.122478e-04 -9.711735e-03 1.181104e+02 2.717706e-04 9.999913e-01 -4.168921e-03 -4.561843e-01 9.712952e-03 4.166085e-03 9.999441e-01 -6.291908e+01
9.999937e-01 3.367666e-03 1.144038e-03 1.199535e+02 -3.372209e-03 9.999863e-01 3.993144e-03 -5.641561e-01 -1.130576e-03 -3.996978e-03 9.999914e-01 -6.064843e+01
9.999479e-01 -1.852336e-03 -1.003494e-02 1.214115e+02 1.812831e-03 9.999906e-01 -3.944381e-03 -6.242251e-01 1.004215e-02 3.925985e-03 9.999419e-01 -5.991292e+01
9.999971e-01 1.867572e-04 2.395883e-03 1.216816e+02 -1.899736e-04 9.999991e-01 1.342263e-03 -5.344279e-01 -2.395630e-03 -1.342715e-03 9.999962e-01 -6.423820e+01
9.999661e-01 -5.428436e-04 -8.212773e-03 1.204418e+02 5.294488e-04 9.999985e-01 -1.633074e-03 -4.838964e-01 8.213648e-03 1.628671e-03 9.999649e-01 -6.648034e+01
9.999935e-01 1.123876e-03 3.432811e-03 1.202144e+02 -1.130299e-03 9.999976e-01 1.869685e-03 -4.942778e-01 -3.430702e-03 -1.873554e-03 9.999924e-01 -6.664859e+01
9.999588e-01 -1.043290e-03 -9.017333e-03 1.195596e+02 1.028685e-03 9.999982e-01 -1.624158e-03 -4.820366e-01 9.019011e-03 1.614816e-03 9.999580e-01 -6.767825e+01
9.999944e-01 1.692897e-03 2.901463e-03 1.190553e+02 -1.699245e-03 9.999962e-01 2.186477e-03 -4.878396e-01 -2.897751e-03 -2.191395e-03 9.999934e-01 -6.818159e+01
9.999741e-01 1.839992e-04 -7.191147e-03 1.193973e+02 -1.977424e-04 9.999982e-01 -1.910487e-03 -5.360836e-01 7.190783e-03 1.911860e-03 9.999723e-01 -6.676933e+01
9.999975e-01 4.158937e-05 2.218865e-03 1.198157e+02 -4.685335e-05 9.999972e-01 2.372312e-03 -5.469706e-01 -2.218760e-03 -2.372411e-03 9.999947e-01 -6.709456e+01
9.999760e-01 1.277461e-05 -6.921259e-03 1.203761e+02 -2.687069e-05 9.999979e-01 -2.036566e-03 -5.489187e-01 6.921219e-03 2.036704e-03 9.999740e-01 -6.769730e+01
9.999988e-01 3.358838e-04 1.521264e-03 1.204060e+02 -3.403907e-04 9.999956e-01 2.963238e-03 -5.599596e-01 -1.520262e-03 -2.963753e-03 9.999945e-01 -6.759052e+01
9.999837e-01 1.114603e-03 -5.596152e-03 1.210072e+02 -1.129309e-03 9.999959e-01 -2.625318e-03 -6.146615e-01 5.593203e-03 2.631596e-03 9.999809e-01 -6.619682e+01
9.999992e-01 9.830752e-04 8.527809e-04 1.216462e+02 -9.854379e-04 9.999957e-01 2.774388e-03 -6.836826e-01 -8.500501e-04 -2.775227e-03 9.999958e-01 -6.456600e+01
9.999553e-01 -3.600588e-04 -9.449337e-03 1.231617e+02 3.372096e-04 9.999970e-01 -2.419568e-03 -7.199365e-01 9.450180e-03 2.416274e-03 9.999524e-01 -6.460281e+01
9.999987e-01 9.166533e-04 1.339260e-03 1.248022e+02 -9.204575e-04 9.999955e-01 2.842563e-03 -7.499222e-01 -1.336649e-03 -2.843793e-03 9.999951e-01 -6.485498e+01
9.999703e-01 -7.684133e-04 -7.666594e-03 1.245944e+02 7.531270e-04 9.999977e-01 -1.996589e-03 -7.380008e-01 7.668111e-03 1.990757e-03 9.999686e-01 -6.534599e+01
9.999977e-01 8.526119e-04 1.984879e-03 1.241635e+02 -8.579528e-04 9.999960e-01 2.691401e-03 -7.187751e-01 -1.982577e-03 -2.693098e-03 9.999944e-01 -6.602960e+01
9.999700e-01 -7.544316e-04 -7.710347e-03 1.236038e+02 7.382036e-04 9.999975e-01 -2.107349e-03 -6.998824e-01 7.711918e-03 2.101595e-03 9.999681e-01 -6.657626e+01
9.999962e-01 8.853915e-04 2.628150e-03 1.234805e+02 -8.921298e-04 9.999963e-01 2.563754e-03 -6.898108e-01 -2.625871e-03 -2.566090e-03 9.999933e-01 -6.727988e+01
9.999772e-01 -7.380362e-04 -6.707441e-03 1.235962e+02 7.220523e-04 9.999969e-01 -2.385143e-03 -6.846922e-01 6.709181e-03 2.380247e-03 9.999747e-01 -6.813369e+01
9.999972e-01 8.343770e-04 2.223902e-03 1.236879e+02 -8.404450e-04 9.999959e-01 2.728940e-03 -6.784207e-01 -2.221616e-03 -2.730802e-03 9.999938e-01 -6.894547e+01
9.999370e-01 -6.270838e-04 -1.121163e-02 1.253706e+02 5.973131e-04 9.999963e-01 -2.658507e-03 -7.066861e-01 1.121326e-02 2.651644e-03 9.999336e-01 -6.930201e+01
9.999907e-01 1.041155e-03 4.178153e-03 1.268872e+02 -1.054217e-03 9.999946e-01 3.125214e-03 -7.300420e-01 -4.174877e-03 -3.129591e-03 9.999864e-01 -6.969156e+01
9.999616e-01 -8.965952e-04 -8.721862e-03 1.269874e+02 8.726780e-04 9.999958e-01 -2.745645e-03 -7.282662e-01 8.724288e-03 2.737929e-03 9.999582e-01 -7.037077e+01
9.999867e-01 9.170744e-04 5.071856e-03 1.273924e+02 -9.304088e-04 9.999961e-01 2.627337e-03 -7.226588e-01 -5.069427e-03 -2.632022e-03 9.999837e-01 -7.138146e+01
9.999532e-01 -9.912496e-04 -9.618848e-03 1.281237e+02 9.688974e-04 9.999968e-01 -2.328186e-03 -7.237661e-01 9.621126e-03 2.318758e-03 9.999510e-01 -7.205284e+01
9.999831e-01 1.016080e-03 5.730710e-03 1.285686e+02 -1.029350e-03 9.999968e-01 2.313058e-03 -7.182454e-01 -5.728342e-03 -2.318918e-03 9.999809e-01 -7.303907e+01
9.999682e-01 -9.242349e-04 -7.922595e-03 1.286656e+02 9.027171e-04 9.999959e-01 -2.719177e-03 -7.100540e-01 7.925076e-03 2.711940e-03 9.999649e-01 -7.439161e+01
9.999831e-01 9.815791e-04 5.736404e-03 1.287949e+02 -9.951466e-04 9.999967e-01 2.362761e-03 -7.047637e-01 -5.734067e-03 -2.368430e-03 9.999808e-01 -7.552633e+01
9.999669e-01 -9.411550e-04 -8.085324e-03 1.289137e+02 9.197560e-04 9.999961e-01 -2.649981e-03 -7.006250e-01 8.087787e-03 2.642457e-03 9.999638e-01 -7.663239e+01
9.999849e-01 1.084787e-03 5.393902e-03 1.290440e+02 -1.097797e-03 9.999965e-01 2.409480e-03 -6.942827e-01 -5.391269e-03 -2.415366e-03 9.999826e-01 -7.778004e+01
9.999637e-01 -9.492258e-04 -8.469986e-03 1.291605e+02 9.285229e-04 9.999966e-01 -2.447881e-03 -6.905778e-01 8.472281e-03 2.439928e-03 9.999611e-01 -7.879984e+01
9.999818e-01 1.079067e-03 5.928498e-03 1.292821e+02 -1.091795e-03 9.999971e-01 2.144043e-03 -6.840136e-01 -5.926168e-03 -2.150477e-03 9.999801e-01 -7.997615e+01
9.999634e-01 -9.828269e-04 -8.504479e-03 1.294461e+02 9.629466e-04 9.999968e-01 -2.341433e-03 -6.781151e-01 8.506754e-03 2.333159e-03 9.999611e-01 -8.107967e+01
9.999835e-01 9.220575e-04 5.674258e-03 1.297093e+02 -9.330711e-04 9.999977e-01 1.938610e-03 -6.706961e-01 -5.672458e-03 -1.943873e-03 9.999820e-01 -8.231450e+01
9.999612e-01 -8.654479e-04 -8.761591e-03 1.300229e+02 8.482200e-04 9.999977e-01 -1.969853e-03 -6.646211e-01 8.763276e-03 1.962346e-03 9.999597e-01 -8.333957e+01
9.999920e-01 9.158034e-04 3.886845e-03 1.302564e+02 -9.249186e-04 9.999968e-01 2.343944e-03 -6.586584e-01 -3.884687e-03 -2.347521e-03 9.999897e-01 -8.399664e+01
9.999605e-01 -9.051068e-04 -8.845910e-03 1.302546e+02 8.895718e-04 9.999981e-01 -1.759983e-03 -6.505608e-01 8.847486e-03 1.752045e-03 9.999593e-01 -8.433989e+01
9.999943e-01 9.718530e-04 3.245419e-03 1.297790e+02 -9.805117e-04 9.999960e-01 2.667408e-03 -6.347757e-01 -3.242814e-03 -2.670576e-03 9.999912e-01 -8.442779e+01
9.999708e-01 -9.008433e-04 -7.589173e-03 1.295363e+02 8.850865e-04 9.999974e-01 -2.079348e-03 -6.225985e-01 7.591027e-03 2.072571e-03 9.999690e-01 -8.464225e+01
9.999948e-01 9.340761e-04 3.076185e-03 1.291291e+02 -9.424157e-04 9.999959e-01 2.710642e-03 -6.047398e-01 -3.073641e-03 -2.713527e-03 9.999916e-01 -8.483054e+01
9.999668e-01 -7.290628e-04 -8.110253e-03 1.291068e+02 7.138697e-04 9.999980e-01 -1.876077e-03 -6.044265e-01 8.111605e-03 1.870226e-03 9.999654e-01 -8.467370e+01
9.999961e-01 8.880346e-04 2.636273e-03 1.290497e+02 -8.956061e-04 9.999955e-01 2.872166e-03 -6.024805e-01 -2.633711e-03 -2.874516e-03 9.999924e-01 -8.455487e+01
9.999677e-01 -7.701865e-04 -7.995416e-03 1.286859e+02 7.541906e-04 9.999977e-01 -2.003475e-03 -5.905475e-01 7.996941e-03 1.997381e-03 9.999660e-01 -8.461134e+01
9.999952e-01 9.263690e-04 2.942914e-03 1.284801e+02 -9.352325e-04 9.999950e-01 3.011817e-03 -5.810551e-01 -2.940110e-03 -3.014556e-03 9.999911e-01 -8.443292e+01
9.999647e-01 -8.794785e-04 -8.351635e-03 1.281744e+02 8.636366e-04 9.999978e-01 -1.900301e-03 -5.646845e-01 8.353288e-03 1.893022e-03 9.999633e-01 -8.419273e+01
9.999958e-01 9.528349e-04 2.727090e-03 1.279441e+02 -9.606526e-04 9.999954e-01 2.866719e-03 -5.503528e-01 -2.724346e-03 -2.869327e-03 9.999922e-01 -8.413472e+01
9.999604e-01 -7.552115e-04 -8.870046e-03 1.280866e+02 7.389683e-04 9.999980e-01 -1.834397e-03 -5.442345e-01 8.871414e-03 1.827770e-03 9.999590e-01 -8.416263e+01
9.999982e-01 1.492800e-03 1.157994e-03 1.290750e+02 -1.495818e-03 9.999955e-01 2.609691e-03 -5.746166e-01 -1.154094e-03 -2.611419e-03 9.999959e-01 -8.394210e+01
9.999672e-01 -6.295259e-04 -8.076593e-03 1.302661e+02 6.113413e-04 9.999973e-01 -2.253811e-03 -6.082914e-01 8.077990e-03 2.248800e-03 9.999648e-01 -8.385624e+01
9.999982e-01 6.902693e-04 1.757866e-03 1.298257e+02 -6.961479e-04 9.999942e-01 3.345610e-03 -5.942303e-01 -1.755547e-03 -3.346828e-03 9.999929e-01 -8.392016e+01
9.999614e-01 -6.565398e-04 -8.757320e-03 1.290181e+02 6.375184e-04 9.999974e-01 -2.174692e-03 -5.684320e-01 8.758726e-03 2.169026e-03 9.999593e-01 -8.399716e+01
9.999943e-01 8.043437e-04 3.281263e-03 1.287596e+02 -8.144166e-04 9.999950e-01 3.069560e-03 -5.574021e-01 -3.278778e-03 -3.072215e-03 9.999899e-01 -8.415251e+01
9.999624e-01 -7.112379e-04 -8.638773e-03 1.285173e+02 6.929953e-04 9.999975e-01 -2.114549e-03 -5.428543e-01 8.640256e-03 2.108483e-03 9.999604e-01 -8.407439e+01
9.999974e-01 9.022259e-04 2.072690e-03 1.289500e+02 -9.085875e-04 9.999949e-01 3.070213e-03 -5.485102e-01 -2.069910e-03 -3.072089e-03 9.999931e-01 -8.396394e+01
9.999662e-01 -1.921168e-04 -8.223089e-03 1.295194e+02 1.734272e-04 9.999974e-01 -2.273501e-03 -5.811479e-01 8.223504e-03 2.271999e-03 9.999636e-01 -8.351625e+01
9.999934e-01 5.732901e-04 3.591908e-03 1.295273e+02 -5.844314e-04 9.999950e-01 3.101451e-03 -5.939843e-01 -3.590112e-03 -3.103531e-03 9.999887e-01 -8.305648e+01
9.999479e-01 -3.679319e-04 -1.019680e-02 1.301939e+02 3.421492e-04 9.999967e-01 -2.530164e-03 -6.054698e-01 1.019769e-02 2.526544e-03 9.999448e-01 -8.324731e+01
9.999962e-01 4.979551e-04 2.724929e-03 1.313328e+02 -5.066068e-04 9.999948e-01 3.175166e-03 -6.179421e-01 -2.723334e-03 -3.176535e-03 9.999912e-01 -8.364108e+01
9.999509e-01 -3.080013e-04 -9.909140e-03 1.323846e+02 2.822699e-04 9.999966e-01 -2.598054e-03 -6.310972e-01 9.909907e-03 2.595130e-03 9.999475e-01 -8.399637e+01
9.999939e-01 4.512087e-04 3.453058e-03 1.330678e+02 -4.628493e-04 9.999942e-01 3.370987e-03 -6.421010e-01 -3.451517e-03 -3.372566e-03 9.999884e-01 -8.418463e+01
9.999398e-01 -2.845870e-04 -1.096581e-02 1.339248e+02 2.561578e-04 9.999966e-01 -2.593868e-03 -6.626233e-01 1.096651e-02 2.590903e-03 9.999365e-01 -8.425870e+01
9.999886e-01 3.896269e-04 4.761342e-03 1.342660e+02 -4.061796e-04 9.999939e-01 3.475948e-03 -6.634025e-01 -4.759959e-03 -3.477843e-03 9.999826e-01 -8.434184e+01
9.999421e-01 -1.720820e-04 -1.075836e-02 1.344417e+02 1.449664e-04 9.999968e-01 -2.521164e-03 -6.597894e-01 1.075876e-02 2.519459e-03 9.999389e-01 -8.429122e+01
9.999917e-01 2.893180e-04 4.067589e-03 1.352930e+02 -3.017022e-04 9.999953e-01 3.044276e-03 -6.733908e-01 -4.066690e-03 -3.045479e-03 9.999871e-01 -8.454735e+01
9.999524e-01 -3.503233e-04 -9.754763e-03 1.361157e+02 3.238797e-04 9.999963e-01 -2.712310e-03 -6.783354e-01 9.755677e-03 2.709022e-03 9.999487e-01 -8.502430e+01
9.999899e-01 3.027386e-04 4.475224e-03 1.368115e+02 -3.161848e-04 9.999954e-01 3.004128e-03 -6.821810e-01 -4.474294e-03 -3.005513e-03 9.999855e-01 -8.555175e+01
9.999483e-01 -2.097515e-04 -1.016350e-02 1.376087e+02 1.831241e-04 9.999965e-01 -2.620795e-03 -6.926110e-01 1.016401e-02 2.618799e-03 9.999449e-01 -8.586628e+01
9.999914e-01 5.743630e-04 4.116490e-03 1.382052e+02 -5.879793e-04 9.999944e-01 3.307241e-03 -7.131141e-01 -4.114567e-03 -3.309633e-03 9.999861e-01 -8.570356e+01
9.999359e-01 -4.335465e-04 -1.131541e-02 1.391981e+02 4.011601e-04 9.999958e-01 -2.864278e-03 -7.330994e-01 1.131661e-02 2.859555e-03 9.999319e-01 -8.590652e+01
9.999801e-01 3.834732e-04 6.298398e-03 1.400635e+02 -4.030534e-04 9.999951e-01 3.107743e-03 -7.363354e-01 -6.297175e-03 -3.110221e-03 9.999753e-01 -8.646475e+01
9.999449e-01 -4.491960e-04 -1.048384e-02 1.405424e+02 4.174069e-04 9.999953e-01 -3.034217e-03 -7.359204e-01 1.048515e-02 3.029675e-03 9.999404e-01 -8.719664e+01
9.999835e-01 2.997472e-04 5.744555e-03 1.411971e+02 -3.179947e-04 9.999949e-01 3.175784e-03 -7.359316e-01 -5.743574e-03 -3.177559e-03 9.999785e-01 -8.789459e+01
9.999344e-01 -3.574108e-04 -1.144855e-02 1.420328e+02 3.263665e-04 9.999963e-01 -2.713406e-03 -7.438696e-01 1.144948e-02 2.709492e-03 9.999308e-01 -8.830245e+01
9.999826e-01 3.419295e-04 5.891706e-03 1.427636e+02 -3.608374e-04 9.999948e-01 3.208440e-03 -7.493716e-01 -5.890578e-03 -3.210510e-03 9.999775e-01 -8.870827e+01
9.999327e-01 -3.860819e-04 -1.159899e-02 1.435161e+02 3.537380e-04 9.999960e-01 -2.790449e-03 -7.547546e-01 1.160002e-02 2.786158e-03 9.999288e-01 -8.914175e+01
9.999869e-01 4.797152e-04 5.089373e-03 1.444218e+02 -4.967546e-04 9.999943e-01 3.347244e-03 -7.702273e-01 -5.087738e-03 -3.349730e-03 9.999814e-01 -8.940963e+01
9.999459e-01 -4.756008e-04 -1.039074e-02 1.451916e+02 4.446271e-04 9.999955e-01 -2.983030e-03 -7.741098e-01 1.039211e-02 2.978250e-03 9.999416e-01 -8.989643e+01
9.999867e-01 3.959351e-04 5.146123e-03 1.458719e+02 -4.129443e-04 9.999945e-01 3.304552e-03 -7.778734e-01 -5.144786e-03 -3.306633e-03 9.999813e-01 -9.041714e+01
9.999523e-01 -3.662588e-04 -9.763398e-03 1.460131e+02 3.406815e-04 9.999965e-01 -2.621274e-03 -7.812787e-01 9.764325e-03 2.617823e-03 9.999489e-01 -9.072165e+01
9.999890e-01 5.002347e-04 4.661830e-03 1.456677e+02 -5.162999e-04 9.999939e-01 3.445474e-03 -7.730192e-01 -4.660079e-03 -3.447844e-03 9.999832e-01 -9.053583e+01
9.999575e-01 -2.821693e-04 -9.220558e-03 1.455518e+02 2.570303e-04 9.999962e-01 -2.727507e-03 -7.715779e-01 9.221294e-03 2.725022e-03 9.999538e-01 -9.032688e+01
9.999876e-01 4.158287e-04 4.959390e-03 1.455287e+02 -4.325119e-04 9.999943e-01 3.363327e-03 -7.719271e-01 -4.957963e-03 -3.365431e-03 9.999820e-01 -9.036649e+01
9.999550e-01 -9.297175e-05 -9.486118e-03 1.454272e+02 6.936891e-05 9.999969e-01 -2.488472e-03 -7.755725e-01 9.486320e-03 2.487703e-03 9.999519e-01 -9.003943e+01
9.999888e-01 2.452574e-04 4.718496e-03 1.452433e+02 -2.615583e-04 9.999940e-01 3.454316e-03 -7.719738e-01 -4.717621e-03 -3.455513e-03 9.999829e-01 -8.975193e+01
9.999541e-01 -7.277395e-05 -9.579433e-03 1.450652e+02 4.879230e-05 9.999969e-01 -2.503690e-03 -7.711376e-01 9.579586e-03 2.503108e-03 9.999510e-01 -8.953928e+01
9.999911e-01 1.409567e-04 4.212127e-03 1.446306e+02 -1.557302e-04 9.999938e-01 3.507178e-03 -7.590894e-01 -4.211607e-03 -3.507803e-03 9.999850e-01 -8.937767e+01
9.999528e-01 -1.086059e-04 -9.711879e-03 1.439277e+02 8.403974e-05 9.999968e-01 -2.529902e-03 -7.344968e-01 9.712123e-03 2.528967e-03 9.999496e-01 -8.928932e+01
9.999915e-01 1.128416e-04 4.127654e-03 1.433073e+02 -1.269850e-04 9.999941e-01 3.426329e-03 -7.106358e-01 -4.127243e-03 -3.426825e-03 9.999856e-01 -8.945140e+01
9.999568e-01 -9.230207e-06 -9.300091e-03 1.427800e+02 -1.380904e-05 9.999969e-01 -2.477276e-03 -6.929980e-01 9.300085e-03 2.477298e-03 9.999537e-01 -8.927242e+01
9.999914e-01 -2.151810e-05 4.136806e-03 1.421865e+02 7.024657e-06 9.999939e-01 3.503448e-03 -6.690538e-01 -4.136857e-03 -3.503390e-03 9.999853e-01 -8.899436e+01
9.999520e-01 3.859764e-05 -9.794749e-03 1.413677e+02 -6.202901e-05 9.999971e-01 -2.391974e-03 -6.350878e-01 9.794629e-03 2.392467e-03 9.999492e-01 -8.876244e+01
9.999854e-01 1.313752e-04 5.407863e-03 1.411657e+02 -1.464355e-04 9.999961e-01 2.784532e-03 -6.240985e-01 -5.407477e-03 -2.785284e-03 9.999815e-01 -8.933923e+01
9.999643e-01 -8.930354e-05 -8.446669e-03 1.414258e+02 6.407218e-05 9.999955e-01 -2.987395e-03 -6.195307e-01 8.446898e-03 2.986747e-03 9.999599e-01 -9.031276e+01
9.999876e-01 2.360993e-04 4.978726e-03 1.415049e+02 -2.519218e-04 9.999949e-01 3.177582e-03 -6.163096e-01 -4.977951e-03 -3.178798e-03 9.999826e-01 -9.110671e+01
9.999510e-01 -1.112412e-04 -9.902276e-03 1.412739e+02 8.511797e-05 9.999965e-01 -2.638511e-03 -6.045840e-01 9.902535e-03 2.637539e-03 9.999475e-01 -9.162301e+01
9.999878e-01 1.874006e-04 4.941027e-03 1.416550e+02 -2.025034e-04 9.999953e-01 3.056231e-03 -6.050283e-01 -4.940431e-03 -3.057195e-03 9.999831e-01 -9.219118e+01
9.999468e-01 -5.412534e-05 -1.031515e-02 1.421980e+02 2.810631e-05 9.999968e-01 -2.522565e-03 -6.057209e-01 1.031526e-02 2.522141e-03 9.999436e-01 -9.264746e+01
9.999890e-01 1.672869e-04 4.679190e-03 1.428134e+02 -1.825599e-04 9.999947e-01 3.263717e-03 -6.088929e-01 -4.678619e-03 -3.264536e-03 9.999837e-01 -9.301183e+01
9.999586e-01 7.936835e-05 -9.103246e-03 1.430646e+02 -1.061024e-04 9.999957e-01 -2.936343e-03 -6.073925e-01 9.102974e-03 2.937188e-03 9.999543e-01 -9.372077e+01
9.999815e-01 9.449285e-05 6.074194e-03 1.431538e+02 -1.125383e-04 9.999956e-01 2.970513e-03 -6.019060e-01 -6.073887e-03 -2.971143e-03 9.999771e-01 -9.481750e+01
9.999551e-01 7.042421e-05 -9.481103e-03 1.433538e+02 -9.763587e-05 9.999959e-01 -2.869693e-03 -5.987226e-01 9.480862e-03 2.870491e-03 9.999509e-01 -9.567108e+01
9.999882e-01 -7.675391e-05 4.861505e-03 1.437760e+02 6.231234e-05 9.999956e-01 2.970616e-03 -5.970308e-01 -4.861711e-03 -2.970279e-03 9.999838e-01 -9.640379e+01
9.999538e-01 1.790408e-04 -9.615091e-03 1.441300e+02 -2.022620e-04 9.999971e-01 -2.414188e-03 -5.992896e-01 9.614631e-03 2.416022e-03 9.999509e-01 -9.686501e+01
9.999766e-01 -4.555549e-05 6.835266e-03 1.441439e+02 3.039895e-05 9.999975e-01 2.217447e-03 -5.939644e-01 -6.835351e-03 -2.217188e-03 9.999742e-01 -9.819939e+01
9.999634e-01 1.369847e-04 -8.551052e-03 1.442228e+02 -1.623625e-04 9.999956e-01 -2.967216e-03 -5.837588e-01 8.550608e-03 2.968496e-03 9.999590e-01 -9.968424e+01
9.999898e-01 1.980674e-05 4.515125e-03 1.445473e+02 -3.426385e-05 9.999949e-01 3.201806e-03 -5.805522e-01 -4.515038e-03 -3.201929e-03 9.999847e-01 -1.004872e+02
9.999615e-01 1.907671e-04 -8.773137e-03 1.444828e+02 -2.155243e-04 9.999960e-01 -2.821104e-03 -5.783097e-01 8.772564e-03 2.822887e-03 9.999575e-01 -1.011935e+02
9.999922e-01 8.634242e-05 3.944771e-03 1.445344e+02 -1.000000e-04 9.999940e-01 3.462062e-03 -5.772254e-01 -3.944449e-03 -3.462430e-03 9.999862e-01 -1.016313e+02
9.999653e-01 7.379006e-05 -8.334602e-03 1.449831e+02 -9.923782e-05 9.999953e-01 -3.052931e-03 -5.795259e-01 8.334338e-03 3.053653e-03 9.999606e-01 -1.021690e+02
9.999901e-01 7.308691e-05 4.449391e-03 1.453093e+02 -8.791075e-05 9.999944e-01 3.331482e-03 -5.792496e-01 -4.449123e-03 -3.331840e-03 9.999846e-01 -1.027741e+02
9.999566e-01 1.101205e-04 -9.311480e-03 1.457655e+02 -1.370255e-04 9.999958e-01 -2.888889e-03 -5.823300e-01 9.311123e-03 2.890041e-03 9.999525e-01 -1.032935e+02
9.999940e-01 2.459162e-04 3.462390e-03 1.461342e+02 -2.593532e-04 9.999924e-01 3.880845e-03 -5.988536e-01 -3.461410e-03 -3.881720e-03 9.999865e-01 -1.031934e+02
9.999567e-01 1.244586e-04 -9.308827e-03 1.464751e+02 -1.523424e-04 9.999955e-01 -2.994806e-03 -6.126902e-01 9.308413e-03 2.996095e-03 9.999522e-01 -1.030159e+02
9.999969e-01 2.833414e-04 2.489393e-03 1.471486e+02 -2.928049e-04 9.999927e-01 3.801852e-03 -6.426501e-01 -2.488298e-03 -3.802570e-03 9.999897e-01 -1.026877e+02
9.999582e-01 5.205024e-04 -9.126248e-03 1.479895e+02 -5.501767e-04 9.999946e-01 -3.249360e-03 -6.728744e-01 9.124507e-03 3.254246e-03 9.999531e-01 -1.018908e+02
9.999990e-01 4.620175e-04 1.309171e-03 1.490138e+02 -4.668170e-04 9.999932e-01 3.667884e-03 -7.054693e-01 -1.307467e-03 -3.668492e-03 9.999924e-01 -1.011341e+02
9.999387e-01 4.298812e-04 -1.106439e-02 1.507247e+02 -4.617440e-04 9.999958e-01 -2.877398e-03 -7.711492e-01 1.106310e-02 2.882332e-03 9.999346e-01 -1.005766e+02
9.999962e-01 6.700470e-04 2.657407e-03 1.521031e+02 -6.795065e-04 9.999934e-01 3.560251e-03 -8.351354e-01 -2.655004e-03 -3.562044e-03 9.999901e-01 -9.983774e+01
9.999674e-01 1.014684e-04 -8.072648e-03 1.522196e+02 -1.241516e-04 9.999960e-01 -2.809460e-03 -8.410198e-01 8.072331e-03 2.810371e-03 9.999635e-01 -9.914811e+01
9.999974e-01 4.513052e-04 2.249238e-03 1.525549e+02 -4.590743e-04 9.999939e-01 3.454619e-03 -8.528372e-01 -2.247666e-03 -3.455643e-03 9.999915e-01 -9.853974e+01
9.999719e-01 2.660296e-04 -7.497963e-03 1.529221e+02 -2.861080e-04 9.999964e-01 -2.676942e-03 -8.793189e-01 7.497224e-03 2.679012e-03 9.999683e-01 -9.781844e+01
9.999975e-01 3.660160e-05 2.229082e-03 1.528566e+02 -4.413017e-05 9.999943e-01 3.377324e-03 -8.677637e-01 -2.228946e-03 -3.377415e-03 9.999918e-01 -9.704745e+01
9.999609e-01 5.132482e-04 -8.827015e-03 1.533432e+02 -5.357220e-04 9.999966e-01 -2.543893e-03 -8.783884e-01 8.825680e-03 2.548523e-03 9.999578e-01 -9.644919e+01
9.999997e-01 1.957563e-04 7.660001e-04 1.543826e+02 -1.983330e-04 9.999943e-01 3.364888e-03 -9.214219e-01 -7.653373e-04 -3.365039e-03 9.999940e-01 -9.608922e+01
9.999737e-01 5.125315e-04 -7.239478e-03 1.550233e+02 -5.314421e-04 9.999965e-01 -2.610514e-03 -9.458580e-01 7.238115e-03 2.614293e-03 9.999704e-01 -9.569148e+01
9.999994e-01 1.011366e-04 1.073249e-03 1.556055e+02 -1.046274e-04 9.999947e-01 3.252696e-03 -9.681678e-01 -1.072914e-03 -3.252807e-03 9.999941e-01 -9.505632e+01
9.999480e-01 4.352516e-04 -1.018373e-02 1.569028e+02 -4.643519e-04 9.999958e-01 -2.855377e-03 -9.948262e-01 1.018244e-02 2.859958e-03 9.999441e-01 -9.488082e+01
9.999996e-01 1.080718e-04 9.310894e-04 1.584896e+02 -1.115559e-04 9.999930e-01 3.742283e-03 -1.039568e+00 -9.306786e-04 -3.742386e-03 9.999926e-01 -9.469941e+01
9.999708e-01 7.583707e-04 -7.600614e-03 1.592647e+02 -7.800359e-04 9.999956e-01 -2.847938e-03 -1.074393e+00 7.598421e-03 2.853784e-03 9.999671e-01 -9.425477e+01
9.999989e-01 -3.606951e-04 1.449475e-03 1.596138e+02 3.554161e-04 9.999933e-01 3.640380e-03 -1.083446e+00 -1.450779e-03 -3.639861e-03 9.999923e-01 -9.383294e+01
9.999619e-01 9.664539e-04 -8.680863e-03 1.604880e+02 -9.925897e-04 9.999950e-01 -3.006970e-03 -1.117434e+00 8.677914e-03 3.015473e-03 9.999578e-01 -9.338767e+01
9.999961e-01 -2.107996e-04 2.779891e-03 1.610688e+02 2.004289e-04 9.999930e-01 3.730236e-03 -1.146449e+00 -2.780658e-03 -3.729665e-03 9.999892e-01 -9.278398e+01
9.999643e-01 8.137596e-04 -8.407442e-03 1.613238e+02 -8.390893e-04 9.999951e-01 -3.009723e-03 -1.149849e+00 8.404952e-03 3.016671e-03 9.999601e-01 -9.207487e+01
9.999960e-01 -2.557814e-05 2.837449e-03 1.617319e+02 1.516656e-05 9.999933e-01 3.669179e-03 -1.164243e+00 -2.837524e-03 -3.669122e-03 9.999892e-01 -9.131729e+01
9.999572e-01 7.582977e-04 -9.221630e-03 1.623473e+02 -7.863582e-04 9.999951e-01 -3.039697e-03 -1.182561e+00 9.219280e-03 3.046819e-03 9.999529e-01 -9.054832e+01
9.999980e-01 -1.251805e-04 1.981871e-03 1.631799e+02 1.177460e-04 9.999930e-01 3.750735e-03 -1.212636e+00 -1.982326e-03 -3.750495e-03 9.999910e-01 -9.008382e+01
9.998834e-01 9.308399e-04 -1.524355e-02 1.658854e+02 -9.781411e-04 9.999947e-01 -3.095888e-03 -1.322551e+00 1.524059e-02 3.110438e-03 9.998790e-01 -8.908012e+01
9.999986e-01 1.072446e-03 1.268606e-03 1.691377e+02 -1.077000e-03 9.999930e-01 3.593725e-03 -1.452002e+00 -1.264743e-03 -3.595087e-03 9.999927e-01 -8.787251e+01
9.999491e-01 -1.281334e-05 -1.008798e-02 1.705213e+02 -1.796505e-05 9.999953e-01 -3.050935e-03 -1.515135e+00 1.008798e-02 3.050962e-03 9.999445e-01 -8.711018e+01
9.999941e-01 1.487168e-04 3.432014e-03 1.713535e+02 -1.603434e-04 9.999942e-01 3.387572e-03 -1.516786e+00 -3.431490e-03 -3.388103e-03 9.999884e-01 -8.760691e+01
9.999889e-01 -8.394855e-04 -4.639506e-03 1.723913e+02 8.185533e-04 9.999895e-01 -4.511886e-03 -1.499231e+00 4.643245e-03 4.508039e-03 9.999791e-01 -8.927528e+01
9.999883e-01 3.414260e-04 -4.835363e-03 1.749014e+02 -3.196332e-04 9.999898e-01 4.507100e-03 -1.536962e+00 4.836852e-03 -4.505502e-03 9.999782e-01 -9.002634e+01
9.999853e-01 1.902580e-04 -5.412413e-03 1.777640e+02 -2.144019e-04 9.999900e-01 -4.460680e-03 -1.591167e+00 5.411511e-03 4.461775e-03 9.999754e-01 -9.043740e+01
9.999467e-01 1.263808e-03 -1.025108e-02 1.813006e+02 -1.212801e-03 9.999869e-01 4.980518e-03 -1.728257e+00 1.025724e-02 -4.967821e-03 9.999351e-01 -8.916368e+01
9.999680e-01 6.093404e-04 -7.978542e-03 1.857214e+02 -6.467425e-04 9.999888e-01 -4.686152e-03 -1.904654e+00 7.975597e-03 4.691163e-03 9.999572e-01 -8.746008e+01
9.999635e-01 1.005963e-03 -8.485982e-03 1.895084e+02 -9.673066e-04 9.999891e-01 4.558187e-03 -1.995261e+00 8.490475e-03 -4.549812e-03 9.999536e-01 -8.725317e+01
9.999974e-01 -9.129704e-04 2.074111e-03 1.906628e+02 9.201245e-04 9.999936e-01 -3.450726e-03 -1.995783e+00 -2.070947e-03 3.452626e-03 9.999919e-01 -8.756156e+01
9.999868e-01 3.985392e-04 -5.123370e-03 1.885918e+02 -3.764325e-04 9.999906e-01 4.315197e-03 -1.845858e+00 5.125041e-03 -4.313212e-03 9.999776e-01 -8.548747e+01
9.999989e-01 -1.004665e-04 1.479487e-03 1.870781e+02 1.052176e-04 9.999948e-01 -3.211309e-03 -1.700962e+00 -1.479157e-03 3.211462e-03 9.999937e-01 -8.366164e+01
9.999884e-01 -6.506433e-05 -4.821302e-03 1.852677e+02 8.656924e-05 9.999900e-01 4.460404e-03 -1.580792e+00 4.820964e-03 -4.460770e-03 9.999784e-01 -8.209467e+01
9.999998e-01 -1.241950e-04 6.269667e-04 1.835331e+02 1.260675e-04 9.999955e-01 -2.986788e-03 -1.471423e+00 -6.265928e-04 2.986867e-03 9.999953e-01 -8.088033e+01
9.999905e-01 -2.496727e-04 -4.343938e-03 1.820260e+02 2.670876e-04 9.999919e-01 4.008983e-03 -1.367073e+00 4.342902e-03 -4.010106e-03 9.999825e-01 -7.952571e+01
9.999985e-01 6.571774e-05 1.732394e-03 1.797931e+02 -6.081787e-05 9.999960e-01 -2.828043e-03 -1.205314e+00 -1.732573e-03 2.827934e-03 9.999945e-01 -7.737578e+01
9.999942e-01 -7.796651e-04 -3.329864e-03 1.767207e+02 7.932380e-04 9.999914e-01 4.076851e-03 -9.885181e-01 3.326656e-03 -4.079469e-03 9.999861e-01 -7.460777e+01
9.999994e-01 9.468488e-04 5.248244e-04 1.748956e+02 -9.453881e-04 9.999957e-01 -2.775612e-03 -8.455049e-01 -5.274501e-04 2.775115e-03 9.999960e-01 -7.258044e+01
9.999852e-01 -6.135487e-04 -5.401168e-03 1.741486e+02 6.322254e-04 9.999938e-01 3.456948e-03 -7.626647e-01 5.399013e-03 -3.460312e-03 9.999794e-01 -7.149814e+01
9.999973e-01 8.032004e-04 2.191150e-03 1.726152e+02 -7.978572e-04 9.999967e-01 -2.438164e-03 -6.273372e-01 -2.193101e-03 2.436410e-03 9.999946e-01 -6.977126e+01
9.999849e-01 -9.352372e-04 -5.417383e-03 1.710059e+02 9.540367e-04 9.999935e-01 3.468747e-03 -4.980847e-01 5.414103e-03 -3.473863e-03 9.999793e-01 -6.797941e+01
9.999966e-01 7.304574e-04 2.497157e-03 1.691602e+02 -7.248133e-04 9.999972e-01 -2.260218e-03 -3.682484e-01 -2.498801e-03 2.258401e-03 9.999943e-01 -6.619716e+01
9.999803e-01 -9.998933e-04 -6.194973e-03 1.675652e+02 1.021378e-03 9.999935e-01 3.466014e-03 -2.596112e-01 6.191467e-03 -3.472274e-03 9.999748e-01 -6.484153e+01
9.999989e-01 1.317503e-03 6.151153e-04 1.674957e+02 -1.315883e-03 9.999957e-01 -2.626358e-03 -2.361086e-01 -6.185728e-04 2.625546e-03 9.999964e-01 -6.410839e+01
9.999836e-01 -7.128116e-04 -5.688065e-03 1.673906e+02 7.301280e-04 9.999951e-01 3.042922e-03 -2.055407e-01 5.685868e-03 -3.047025e-03 9.999792e-01 -6.322855e+01
9.999990e-01 1.028206e-03 9.715059e-04 1.670033e+02 -1.025658e-03 9.999960e-01 -2.619520e-03 -1.566150e-01 -9.741954e-04 2.618521e-03 9.999961e-01 -6.237623e+01
9.999799e-01 -8.441911e-04 -6.284009e-03 1.667505e+02 8.660252e-04 9.999936e-01 3.472707e-03 -1.138054e-01 6.281037e-03 -3.478080e-03 9.999742e-01 -6.149197e+01
9.999982e-01 1.193776e-03 1.471365e-03 1.664664e+02 -1.190014e-03 9.999960e-01 -2.555225e-03 -9.456563e-02 -1.474409e-03 2.553470e-03 9.999957e-01 -6.092743e+01
9.999816e-01 -8.563958e-04 -6.001172e-03 1.662592e+02 8.767000e-04 9.999939e-01 3.381636e-03 -8.406050e-02 5.998239e-03 -3.386835e-03 9.999763e-01 -6.032672e+01
9.999996e-01 8.636660e-04 3.706480e-04 1.652940e+02 -8.628761e-04 9.999974e-01 -2.124935e-03 -3.307423e-02 -3.724822e-04 2.124614e-03 9.999977e-01 -5.973191e+01
9.999443e-01 -1.270228e-03 -1.047908e-02 1.628253e+02 1.309459e-03 9.999922e-01 3.737758e-03 7.663306e-02 1.047425e-02 -3.751272e-03 9.999381e-01 -5.972844e+01
9.999936e-01 1.494253e-03 3.243325e-03 1.618897e+02 -1.486788e-03 9.999962e-01 -2.302817e-03 1.219558e-01 -3.246754e-03 2.297980e-03 9.999921e-01 -5.934241e+01
9.999327e-01 -8.602689e-04 -1.157173e-02 1.633887e+02 8.911353e-04 9.999961e-01 2.662546e-03 7.293157e-02 1.156940e-02 -2.672679e-03 9.999295e-01 -5.909144e+01
9.999840e-01 2.225422e-03 5.204179e-03 1.648153e+02 -2.212414e-03 9.999944e-01 -2.503831e-03 2.168817e-02 -5.209722e-03 2.492278e-03 9.999833e-01 -5.813778e+01
9.999144e-01 -1.437389e-03 -1.300740e-02 1.659210e+02 1.471013e-03 9.999956e-01 2.575813e-03 1.475384e-02 1.300364e-02 -2.594728e-03 9.999121e-01 -5.736141e+01
9.999592e-01 1.518435e-03 8.907773e-03 1.667495e+02 -1.493345e-03 9.999949e-01 -2.822525e-03 2.018240e-02 -8.912013e-03 2.809108e-03 9.999563e-01 -5.834411e+01
9.999339e-01 -1.384627e-03 -1.141787e-02 1.669178e+02 1.414019e-03 9.999957e-01 2.566602e-03 2.456977e-02 1.141427e-02 -2.582578e-03 9.999315e-01 -5.934707e+01
9.999758e-01 1.709943e-03 6.740640e-03 1.672337e+02 -1.697275e-03 9.999968e-01 -1.884560e-03 1.553263e-02 -6.743841e-03 1.873074e-03 9.999755e-01 -5.927408e+01
9.999322e-01 -1.191035e-03 -1.158605e-02 1.675623e+02 1.220332e-03 9.999961e-01 2.521928e-03 -1.142770e-04 1.158300e-02 -2.535897e-03 9.999297e-01 -5.879100e+01
9.999822e-01 1.908672e-03 5.654926e-03 1.682476e+02 -1.897739e-03 9.999963e-01 -1.937940e-03 -2.997590e-02 -5.658604e-03 1.927175e-03 9.999821e-01 -5.826289e+01
9.999295e-01 -1.334336e-03 -1.180247e-02 1.687936e+02 1.361853e-03 9.999964e-01 2.323801e-03 -4.856154e-02 1.179932e-02 -2.339711e-03 9.999276e-01 -5.753317e+01
9.999761e-01 2.054158e-03 6.604932e-03 1.691315e+02 -2.043315e-03 9.999966e-01 -1.648018e-03 -4.600780e-02 -6.608295e-03 1.634483e-03 9.999768e-01 -5.681932e+01
9.998756e-01 -1.532395e-03 -1.569932e-02 1.704284e+02 1.564076e-03 9.999968e-01 2.005945e-03 -6.453278e-02 1.569620e-02 -2.030251e-03 9.998747e-01 -5.685101e+01
9.999650e-01 2.034592e-03 8.120861e-03 1.713150e+02 -2.023660e-03 9.999970e-01 -1.354170e-03 -8.014636e-02 -8.123592e-03 1.337689e-03 9.999661e-01 -5.680727e+01
9.998851e-01 -1.561206e-03 -1.508105e-02 1.719398e+02 1.592237e-03 9.999966e-01 2.045840e-03 -9.968266e-02 1.507780e-02 -2.069618e-03 9.998842e-01 -5.661791e+01
9.999697e-01 2.070416e-03 7.497998e-03 1.728068e+02 -2.061343e-03 9.999971e-01 -1.217462e-03 -1.314313e-01 -7.500497e-03 1.201970e-03 9.999711e-01 -5.639899e+01
9.999082e-01 -1.525977e-03 -1.346369e-02 1.733296e+02 1.552123e-03 9.999969e-01 1.931742e-03 -1.572335e-01 1.346070e-02 -1.952462e-03 9.999075e-01 -5.608511e+01
9.999746e-01 2.141824e-03 6.800766e-03 1.740699e+02 -2.133645e-03 9.999970e-01 -1.209545e-03 -1.862282e-01 -6.803336e-03 1.195004e-03 9.999761e-01 -5.574454e+01
9.999087e-01 -1.576041e-03 -1.341803e-02 1.747417e+02 1.601781e-03 9.999969e-01 1.907823e-03 -2.044238e-01 1.341498e-02 -1.929142e-03 9.999082e-01 -5.571031e+01
9.999766e-01 1.892410e-03 6.572218e-03 1.755630e+02 -1.884977e-03 9.999976e-01 -1.136964e-03 -2.202591e-01 -6.574353e-03 1.124549e-03 9.999778e-01 -5.583835e+01
9.999003e-01 -1.499489e-03 -1.404006e-02 1.765505e+02 1.523292e-03 9.999974e-01 1.684851e-03 -2.367603e-01 1.403749e-02 -1.706071e-03 9.999000e-01 -5.599612e+01
9.999747e-01 1.926492e-03 6.852516e-03 1.776062e+02 -1.920761e-03 9.999978e-01 -8.427582e-04 -2.547050e-01 -6.854124e-03 8.295754e-04 9.999762e-01 -5.615395e+01
9.999179e-01 -1.380643e-03 -1.273938e-02 1.781138e+02 1.401364e-03 9.999977e-01 1.617829e-03 -2.709477e-01 1.273712e-02 -1.635549e-03 9.999175e-01 -5.591032e+01
9.999750e-01 1.821308e-03 6.836320e-03 1.784562e+02 -1.815388e-03 9.999980e-01 -8.720331e-04 -2.755814e-01 -6.837894e-03 8.596013e-04 9.999763e-01 -5.589752e+01
9.999244e-01 -1.719880e-03 -1.217284e-02 1.789982e+02 1.730701e-03 9.999981e-01 8.785504e-04 -2.739001e-01 1.217130e-02 -8.995521e-04 9.999255e-01 -5.659191e+01
9.999653e-01 1.629489e-03 8.175010e-03 1.798227e+02 -1.623182e-03 9.999984e-01 -7.779167e-04 -2.692149e-01 -8.176264e-03 7.646207e-04 9.999663e-01 -5.741367e+01
9.999127e-01 -1.452552e-03 -1.313252e-02 1.805390e+02 1.468535e-03 9.999982e-01 1.207578e-03 -2.718916e-01 1.313074e-02 -1.226759e-03 9.999130e-01 -5.785548e+01
9.999835e-01 1.978979e-03 5.401097e-03 1.817256e+02 -1.976790e-03 9.999980e-01 -4.104428e-04 -3.168720e-01 -5.401898e-03 3.997597e-04 9.999853e-01 -5.759008e+01
9.999342e-01 -9.284291e-04 -1.143638e-02 1.825274e+02 9.408876e-04 9.999990e-01 1.084083e-03 -3.617049e-01 1.143536e-02 -1.094772e-03 9.999340e-01 -5.689313e+01
9.999797e-01 1.161409e-03 6.257294e-03 1.825368e+02 -1.160065e-03 9.999993e-01 -2.183081e-04 -3.571518e-01 -6.257543e-03 2.110454e-04 9.999804e-01 -5.650431e+01
9.999368e-01 -7.907908e-04 -1.121327e-02 1.825316e+02 8.028670e-04 9.999991e-01 1.072531e-03 -3.505541e-01 1.121241e-02 -1.081467e-03 9.999366e-01 -5.602412e+01
9.999776e-01 1.177722e-03 6.593497e-03 1.824197e+02 -1.175878e-03 9.999993e-01 -2.834912e-04 -3.402893e-01 -6.593826e-03 2.757323e-04 9.999782e-01 -5.542548e+01
9.999188e-01 -6.006091e-04 -1.272546e-02 1.829754e+02 6.117293e-04 9.999994e-01 8.700216e-04 -3.615945e-01 1.272493e-02 -8.777360e-04 9.999186e-01 -5.492365e+01
9.999847e-01 1.263692e-03 5.389269e-03 1.838498e+02 -1.263556e-03 9.999992e-01 -2.855783e-05 -3.921044e-01 -5.389301e-03 2.174829e-05 9.999855e-01 -5.465793e+01
9.999224e-01 -2.617146e-03 -1.218053e-02 1.864077e+02 2.574771e-03 9.999906e-01 -3.493212e-03 -3.515318e-01 1.218956e-02 3.461578e-03 9.999197e-01 -5.775598e+01
9.998780e-01 6.109689e-04 1.561101e-02 1.895291e+02 -5.655509e-04 9.999956e-01 -2.913577e-03 -2.573124e-01 -1.561272e-02 2.904394e-03 9.998739e-01 -6.406136e+01
