9.999553e-01 1.165769e-03 -9.378829e-03 2.852281e-01 -1.169883e-03 9.999992e-01 -4.331411e-04 1.332584e-02 9.378317e-03 4.440931e-04 9.999559e-01 8.914012e-01
9.999983e-01 1.195037e-04 1.832182e-03 6.409675e-01 -1.201034e-04 9.999999e-01 3.272459e-04 4.352331e-02 -1.832142e-03 -3.274647e-04 9.999983e-01 9.979296e-01
9.999487e-01 1.090336e-03 -1.007189e-02 1.023563e+00 -1.097562e-03 9.999991e-01 -7.120103e-04 6.036547e-02 1.007111e-02 7.230276e-04 9.999490e-01 1.522887e+00
9.999962e-01 -9.626023e-04 2.574471e-03 1.677304e-01 9.624610e-04 9.999995e-01 5.615131e-05 1.044543e-01 -2.574523e-03 -5.367256e-05 9.999967e-01 2.390945e+00
9.999519e-01 1.230455e-03 -9.729880e-03 -5.287017e-01 -1.236825e-03 9.999990e-01 -6.487847e-04 1.378526e-01 9.729072e-03 6.607870e-04 9.999525e-01 3.279191e+00
9.999932e-01 -7.690469e-04 3.593474e-03 -8.477108e-01 7.679784e-04 9.999997e-01 2.987338e-04 1.509740e-01 -3.593702e-03 -2.959714e-04 9.999935e-01 4.066187e+00
9.999551e-01 1.550032e-03 -9.349369e-03 -7.418159e-01 -1.552097e-03 9.999988e-01 -2.135465e-04 1.506452e-01 9.349027e-03 2.280473e-04 9.999563e-01 4.583780e+00
9.999964e-01 -8.033459e-04 2.567569e-03 -8.651047e-01 8.031184e-04 9.999997e-01 8.963963e-05 1.534996e-01 -2.567640e-03 -8.757653e-05 9.999967e-01 5.398115e+00
9.999510e-01 1.280280e-03 -9.812040e-03 -1.321737e+00 -1.290447e-03 9.999986e-01 -1.029921e-03 1.690092e-01 9.810708e-03 1.042532e-03 9.999513e-01 6.946564e+00
9.999970e-01 -7.179748e-04 2.331355e-03 -1.713767e+00 7.178395e-04 9.999997e-01 5.890148e-05 1.782982e-01 -2.331396e-03 -5.722706e-05 9.999973e-01 8.543088e+00
9.999324e-01 1.403553e-03 -1.154139e-02 -2.119910e+00 -1.414301e-03 9.999986e-01 -9.231267e-04 1.882518e-01 1.154008e-02 9.393866e-04 9.999330e-01 1.004824e+01
9.999980e-01 -5.974379e-04 1.925637e-03 -2.427167e+00 5.965830e-04 9.999997e-01 4.445262e-04 1.973910e-01 -1.925901e-03 -4.433758e-04 9.999980e-01 1.111653e+01
9.999586e-01 1.760490e-03 -8.930978e-03 -2.041863e+00 -1.758292e-03 9.999984e-01 2.538958e-04 1.989894e-01 8.931411e-03 -2.381828e-04 9.999601e-01 1.109433e+01
9.999988e-01 -5.061832e-04 1.485787e-03 -1.712206e+00 5.061237e-04 9.999999e-01 4.051293e-05 1.999050e-01 -1.485807e-03 -3.976018e-05 9.999989e-01 1.142222e+01
9.999681e-01 1.295428e-03 -7.886231e-03 -1.749242e+00 -1.301716e-03 9.999988e-01 -7.922581e-04 1.891700e-01 7.885196e-03 8.024977e-04 9.999686e-01 1.288297e+01
9.999982e-01 -2.917099e-05 -1.918440e-03 -1.407576e+00 2.961802e-05 1.000000e+00 2.329526e-04 1.679357e-01 1.918433e-03 -2.330083e-04 9.999981e-01 1.415595e+01
9.999834e-01 8.247883e-04 -5.696978e-03 -1.564900e+00 -8.299701e-04 9.999992e-01 -9.072485e-04 1.739228e-01 5.696225e-03 9.119611e-04 9.999834e-01 1.530653e+01
9.999994e-01 -3.895655e-04 -1.010655e-03 -2.018736e+00 3.900548e-04 9.999998e-01 4.839432e-04 1.907403e-01 1.010466e-03 -4.843364e-04 9.999994e-01 1.615888e+01
9.999841e-01 9.572555e-04 -5.554918e-03 -2.375026e+00 -9.615625e-04 9.999992e-01 -7.727099e-04 2.054376e-01 5.554174e-03 7.780384e-04 9.999843e-01 1.693593e+01
9.999998e-01 -1.423085e-04 -5.327065e-04 -2.375590e+00 1.424322e-04 1.000000e+00 2.319628e-04 2.004190e-01 5.326738e-04 -2.320379e-04 9.999998e-01 1.807707e+01
9.999802e-01 8.835754e-04 -6.223466e-03 -2.612755e+00 -8.907595e-04 9.999989e-01 -1.151676e-03 2.011216e-01 6.222442e-03 1.157196e-03 9.999800e-01 1.964879e+01
9.999981e-01 2.453052e-04 -1.914029e-03 -2.581518e+00 -2.457107e-04 9.999999e-01 -2.116424e-04 1.853269e-01 1.913977e-03 2.121130e-04 9.999981e-01 2.167354e+01
9.999441e-01 1.620926e-03 -1.044691e-02 -1.819073e+00 -1.632435e-03 9.999981e-01 -1.093198e-03 1.520238e-01 1.044512e-02 1.110190e-03 9.999448e-01 2.349844e+01
1.000000e+00 -2.718972e-06 2.238295e-04 -1.287719e+00 2.745368e-06 1.000000e+00 -1.175120e-04 1.228186e-01 -2.238289e-04 1.175133e-04 1.000000e+00 2.530004e+01
9.999607e-01 1.384883e-03 -8.754702e-03 -9.766920e-01 -1.393922e-03 9.999985e-01 -1.026478e-03 9.236751e-02 8.753267e-03 1.038641e-03 9.999612e-01 2.712416e+01
9.999994e-01 -5.496607e-05 -1.122055e-03 -7.214508e-01 5.475340e-05 1.000000e+00 -1.896563e-04 7.124850e-02 1.122066e-03 1.895954e-04 9.999994e-01 2.904241e+01
9.999697e-01 1.239792e-03 -7.685825e-03 -6.711033e-01 -1.247375e-03 9.999987e-01 -9.818677e-04 6.111181e-02 7.684598e-03 9.914243e-04 9.999700e-01 3.078067e+01
9.999992e-01 -4.158074e-04 1.199101e-03 -8.277014e-01 4.157848e-04 9.999999e-01 1.915175e-05 5.956886e-02 -1.199109e-03 -1.865246e-05 9.999993e-01 3.226047e+01
9.999654e-01 1.458511e-03 -8.194662e-03 -7.865430e-01 -1.466577e-03 9.999984e-01 -9.783466e-04 4.847802e-02 8.193222e-03 9.903301e-04 9.999659e-01 3.387574e+01
9.999994e-01 -4.456329e-04 9.559043e-04 -8.243858e-01 4.454983e-04 9.999999e-01 1.411061e-04 4.411247e-02 -9.559668e-04 -1.406795e-04 9.999995e-01 3.526612e+01
9.999744e-01 1.189117e-03 -7.052959e-03 -9.345251e-01 -1.193503e-03 9.999991e-01 -6.177357e-04 4.507302e-02 7.052218e-03 6.261369e-04 9.999749e-01 3.632058e+01
9.999996e-01 -1.943495e-04 8.833784e-04 -7.370367e-01 1.943327e-04 1.000000e+00 1.919162e-05 3.040759e-02 -8.833818e-04 -1.901923e-05 9.999996e-01 3.751896e+01
9.999731e-01 9.573656e-04 -7.267945e-03 -8.356045e-01 -9.620270e-04 9.999993e-01 -6.378779e-04 2.731584e-02 7.267329e-03 6.448520e-04 9.999734e-01 3.875882e+01
9.999996e-01 -2.782002e-04 8.766942e-04 -9.847665e-01 2.781250e-04 1.000000e+00 8.605142e-05 2.569339e-02 -8.767178e-04 -8.580684e-05 9.999996e-01 3.995029e+01
9.999717e-01 9.459352e-04 -7.470056e-03 -1.174846e+00 -9.500359e-04 9.999994e-01 -5.454048e-04 2.686124e-02 7.469536e-03 5.524854e-04 9.999720e-01 4.100690e+01
9.999998e-01 -4.564516e-04 4.213668e-04 -1.522472e+00 4.563491e-04 9.999999e-01 2.434675e-04 3.801197e-02 -4.214776e-04 -2.432744e-04 9.999999e-01 4.188210e+01
9.999739e-01 1.019505e-03 -7.158928e-03 -1.802585e+00 -1.024109e-03 9.999993e-01 -6.394381e-04 4.469865e-02 7.158271e-03 6.467522e-04 9.999742e-01 4.288266e+01
9.999999e-01 -3.315122e-04 1.356689e-04 -2.031424e+00 3.314890e-04 9.999999e-01 1.714645e-04 4.926104e-02 -1.357254e-04 -1.714188e-04 1.000000e+00 4.397389e+01
9.999735e-01 8.730572e-04 -7.223368e-03 -2.309991e+00 -8.746425e-04 9.999996e-01 -2.162855e-04 5.495078e-02 7.223175e-03 2.225969e-04 9.999739e-01 4.466775e+01
9.999997e-01 -4.193824e-04 6.575474e-04 -2.602276e+00 4.191020e-04 9.999998e-01 4.266649e-04 6.128693e-02 -6.577259e-04 -4.263885e-04 9.999997e-01 4.496326e+01
9.999708e-01 7.928582e-04 -7.602597e-03 -2.890488e+00 -7.948403e-04 9.999997e-01 -2.576829e-04 6.407225e-02 7.602389e-03 2.637175e-04 9.999711e-01 4.537348e+01
9.999999e-01 -4.654884e-04 1.302056e-04 -3.286438e+00 4.654398e-04 9.999998e-01 3.745876e-04 7.319527e-02 -1.303797e-04 -3.745262e-04 9.999999e-01 4.580343e+01
9.999855e-01 1.002676e-03 -5.283657e-03 -3.228366e+00 -1.003740e-03 9.999995e-01 -1.987296e-04 6.248596e-02 5.283455e-03 2.040294e-04 9.999860e-01 4.624039e+01
9.999997e-01 -3.549069e-04 -6.582881e-04 -3.069516e+00 3.552008e-04 9.999998e-01 4.461156e-04 5.209654e-02 6.581300e-04 -4.463486e-04 9.999997e-01 4.653551e+01
9.999805e-01 7.078183e-04 -6.211963e-03 -3.324456e+00 -7.086665e-04 9.999997e-01 -1.343316e-04 5.963046e-02 6.211866e-03 1.387305e-04 9.999807e-01 4.669414e+01
9.999999e-01 -1.587898e-04 4.408645e-04 -3.258074e+00 1.585676e-04 9.999999e-01 5.044706e-04 5.124217e-02 -4.409442e-04 -5.044000e-04 9.999998e-01 4.687004e+01
9.999762e-01 6.427475e-04 -6.871230e-03 -3.442138e+00 -6.475472e-04 9.999995e-01 -6.962938e-04 5.212208e-02 6.870779e-03 7.007260e-04 9.999762e-01 4.759323e+01
1.000000e+00 -1.558677e-04 -2.525462e-04 -3.749616e+00 1.560076e-04 9.999998e-01 5.534478e-04 6.008309e-02 2.524602e-04 -5.534865e-04 9.999998e-01 4.827176e+01
9.999887e-01 4.712041e-04 -4.735259e-03 -3.731512e+00 -4.730993e-04 9.999998e-01 -3.990795e-04 4.737850e-02 4.735070e-03 4.013146e-04 9.999887e-01 4.877636e+01
1.000000e+00 -9.515205e-05 -1.968894e-04 -3.679776e+00 9.526586e-05 9.999998e-01 5.773069e-04 3.266884e-02 1.968347e-04 -5.773250e-04 9.999998e-01 4.925014e+01
9.999848e-01 5.526391e-04 -5.491775e-03 -3.486326e+00 -5.546647e-04 9.999998e-01 -3.673105e-04 1.133890e-02 5.491570e-03 3.703503e-04 9.999849e-01 4.974573e+01
1.000000e+00 -4.387528e-05 1.782684e-04 -3.229420e+00 4.375862e-05 9.999998e-01 6.552645e-04 -7.257102e-03 -1.782968e-04 -6.552560e-04 9.999998e-01 5.007876e+01
9.999906e-01 4.643783e-04 -4.314924e-03 -3.092605e+00 -4.655283e-04 9.999999e-01 -2.654833e-04 -1.815928e-02 4.314800e-03 2.674888e-04 9.999907e-01 5.017837e+01
1.000000e+00 -7.004532e-05 2.986900e-04 -3.025633e+00 6.982337e-05 9.999997e-01 7.435480e-04 -2.824714e-02 -2.987417e-04 -7.435264e-04 9.999997e-01 5.005833e+01
9.999937e-01 5.158975e-04 -3.511609e-03 -2.903529e+00 -5.165342e-04 9.999999e-01 -1.803632e-04 -3.388050e-02 3.511516e-03 1.821752e-04 9.999938e-01 4.964832e+01
9.999987e-01 9.451021e-05 -1.590688e-03 -2.694233e+00 -9.431311e-05 1.000000e+00 1.238788e-04 -5.845317e-02 1.590700e-03 -1.237280e-04 9.999987e-01 5.031360e+01
9.999958e-01 6.201969e-04 -2.834532e-03 -2.425644e+00 -6.207760e-04 9.999998e-01 -2.033594e-04 -8.435174e-02 2.834405e-03 2.051175e-04 9.999960e-01 5.102024e+01
9.999980e-01 -4.354534e-05 -2.010080e-03 -2.361633e+00 4.339694e-05 1.000000e+00 -7.395124e-05 -1.034227e-01 2.010084e-03 7.386456e-05 9.999980e-01 5.187601e+01
9.999929e-01 4.713902e-04 -3.730011e-03 -2.556878e+00 -4.703343e-04 9.999998e-01 2.840227e-04 -1.000971e-01 3.730144e-03 -2.822671e-04 9.999930e-01 5.222487e+01
9.999997e-01 1.740081e-04 -7.760851e-04 -2.687301e+00 -1.740989e-04 1.000000e+00 -1.171208e-04 -9.813500e-02 7.760650e-04 1.172565e-04 9.999997e-01 5.255537e+01
9.999884e-01 5.918899e-04 -4.783218e-03 -2.751488e+00 -5.940286e-04 9.999997e-01 -4.456798e-04 -1.010054e-01 4.782952e-03 4.485152e-04 9.999885e-01 5.365320e+01
9.999997e-01 -4.169896e-06 -7.988793e-04 -2.797676e+00 4.563647e-06 9.999999e-01 4.926564e-04 -1.086759e-01 7.988775e-04 -4.926592e-04 9.999996e-01 5.430460e+01
9.999918e-01 5.232764e-04 -4.021429e-03 -2.879255e+00 -5.249068e-04 9.999998e-01 -4.043265e-04 -1.129467e-01 4.021216e-03 4.064333e-04 9.999918e-01 5.481201e+01
9.999992e-01 4.598069e-04 -1.138950e-03 -2.376002e+00 -4.594278e-04 9.999998e-01 3.329368e-04 -1.476657e-01 1.139103e-03 -3.324126e-04 9.999993e-01 5.556416e+01
9.999954e-01 2.517663e-04 -3.034447e-03 -2.272827e+00 -2.525548e-04 9.999999e-01 -2.593891e-04 -1.618104e-01 3.034381e-03 2.601535e-04 9.999954e-01 5.612493e+01
9.999950e-01 1.851418e-04 -3.155053e-03 -2.575187e+00 -1.848399e-04 1.000000e+00 9.591272e-05 -1.543084e-01 3.155071e-03 -9.532836e-05 9.999950e-01 5.685112e+01
9.999984e-01 2.282796e-04 -1.783665e-03 -2.824589e+00 -2.293881e-04 9.999998e-01 -6.211778e-04 -1.490628e-01 1.783523e-03 6.215852e-04 9.999982e-01 5.784732e+01
9.999899e-01 2.692070e-04 -4.492434e-03 -3.128176e+00 -2.681038e-04 9.999999e-01 2.461435e-04 -1.401065e-01 4.492500e-03 -2.449359e-04 9.999899e-01 5.879441e+01
9.999961e-01 1.540582e-04 -2.791062e-03 -3.722379e+00 -1.564910e-04 9.999996e-01 -8.713676e-04 -1.147704e-01 2.790926e-03 8.718003e-04 9.999957e-01 5.980669e+01
9.999898e-01 2.077914e-04 -4.509858e-03 -4.315891e+00 -2.063604e-04 9.999999e-01 3.177171e-04 -8.924738e-02 4.509924e-03 -3.167825e-04 9.999898e-01 6.072138e+01
9.999980e-01 1.461713e-04 -1.971150e-03 -4.812867e+00 -1.478922e-04 9.999996e-01 -8.728516e-04 -6.884036e-02 1.971021e-03 8.731407e-04 9.999977e-01 6.173213e+01
9.999933e-01 4.328051e-04 -3.627644e-03 -4.959760e+00 -4.312282e-04 9.999998e-01 4.354219e-04 -7.305281e-02 3.627832e-03 -4.338539e-04 9.999933e-01 6.279039e+01
9.999985e-01 1.550060e-04 -1.752794e-03 -5.088472e+00 -1.566628e-04 9.999995e-01 -9.449910e-04 -7.955542e-02 1.752646e-03 9.452634e-04 9.999980e-01 6.393336e+01
9.999908e-01 3.624837e-04 -4.275865e-03 -5.410209e+00 -3.610226e-04 9.999999e-01 3.424310e-04 -7.290335e-02 4.275989e-03 -3.408835e-04 9.999908e-01 6.512917e+01
9.999981e-01 1.567137e-04 -1.937647e-03 -5.710625e+00 -1.584809e-04 9.999996e-01 -9.118394e-04 -6.802690e-02 1.937503e-03 9.121440e-04 9.999977e-01 6.628193e+01
9.999894e-01 3.881323e-04 -4.589692e-03 -6.024202e+00 -3.877429e-04 9.999999e-01 8.568707e-05 -6.253324e-02 4.589726e-03 -8.390585e-05 9.999895e-01 6.776154e+01
9.999970e-01 5.067710e-04 -2.385674e-03 -6.076205e+00 -5.083384e-04 9.999997e-01 -6.563346e-04 -6.948274e-02 2.385340e-03 6.575447e-04 9.999969e-01 6.901680e+01
9.999907e-01 2.834735e-04 -4.310989e-03 -6.140045e+00 -2.831871e-04 1.000000e+00 6.700524e-05 -7.614651e-02 4.311008e-03 -6.578311e-05 9.999907e-01 7.028928e+01
9.999976e-01 3.844924e-04 -2.178679e-03 -6.286433e+00 -3.855353e-04 9.999998e-01 -4.781892e-04 -7.556454e-02 2.178494e-03 4.790273e-04 9.999975e-01 7.123539e+01
9.999946e-01 -2.260614e-05 -3.293254e-03 -6.407506e+00 2.478853e-05 9.999998e-01 6.625793e-04 -8.094344e-02 3.293238e-03 -6.626567e-04 9.999944e-01 7.166423e+01
9.999979e-01 2.913834e-04 -2.010473e-03 -6.704840e+00 -2.933924e-04 9.999995e-01 -9.989260e-04 -7.319494e-02 2.010181e-03 9.995131e-04 9.999975e-01 7.253058e+01
9.999887e-01 7.099990e-05 -4.758132e-03 -7.212422e+00 -6.854209e-05 9.999999e-01 5.166657e-04 -5.348543e-02 4.758168e-03 -5.163330e-04 9.999885e-01 7.346493e+01
9.999976e-01 1.056313e-04 -2.207269e-03 -7.863868e+00 -1.079252e-04 9.999995e-01 -1.039044e-03 -2.135359e-02 2.207158e-03 1.039279e-03 9.999970e-01 7.434015e+01
9.999874e-01 3.074255e-04 -5.008743e-03 -8.307507e+00 -3.030708e-04 9.999996e-01 8.701132e-04 -2.609401e-03 5.009009e-03 -8.685836e-04 9.999871e-01 7.498859e+01
9.999999e-01 1.083222e-05 -5.128962e-04 -8.619112e+00 -1.147833e-05 9.999992e-01 -1.259291e-03 8.278748e-03 5.128819e-04 1.259296e-03 9.999991e-01 7.588997e+01
9.999783e-01 9.916574e-04 -6.509751e-03 -8.607416e+00 -9.896596e-04 9.999995e-01 3.100801e-04 -1.019806e-02 6.510055e-03 -3.036303e-04 9.999788e-01 7.756573e+01
9.999992e-01 2.136640e-04 -1.252525e-03 -8.505991e+00 -2.161196e-04 9.999981e-01 -1.960471e-03 -4.413409e-02 1.252103e-03 1.960739e-03 9.999973e-01 7.982485e+01
9.999823e-01 4.810518e-04 -5.935616e-03 -8.787263e+00 -4.810108e-04 9.999999e-01 8.288529e-06 -5.781633e-02 5.935619e-03 -5.432605e-06 9.999824e-01 8.227009e+01
9.999994e-01 6.271045e-04 -9.262060e-04 -8.739860e+00 -6.287445e-04 9.999982e-01 -1.771179e-03 -8.891191e-02 9.250934e-04 1.771760e-03 9.999980e-01 8.460418e+01
9.999424e-01 1.049734e-03 -1.068528e-02 -8.111121e+00 -1.047263e-03 9.999994e-01 2.367985e-04 -1.290315e-01 1.068552e-02 -2.255939e-04 9.999429e-01 8.668093e+01
9.999994e-01 5.734445e-04 -9.691139e-04 -7.168399e+00 -5.748742e-04 9.999987e-01 -1.475325e-03 -1.836488e-01 9.682665e-04 1.475881e-03 9.999984e-01 8.872188e+01
9.999618e-01 1.060896e-03 -8.674831e-03 -6.574103e+00 -1.059586e-03 9.999994e-01 1.555373e-04 -2.359809e-01 8.674992e-03 -1.463389e-04 9.999624e-01 9.083567e+01
9.999999e-01 3.440768e-04 -1.417480e-04 -6.160106e+00 -3.442700e-04 9.999990e-01 -1.362948e-03 -2.769258e-01 1.412787e-04 1.362996e-03 9.999991e-01 9.271050e+01
9.999766e-01 9.324008e-04 -6.778043e-03 -5.717070e+00 -9.291264e-04 9.999995e-01 4.861829e-04 -3.165985e-01 6.778493e-03 -4.798732e-04 9.999769e-01 9.422173e+01
9.999996e-01 3.358921e-04 -8.653539e-04 -5.127121e+00 -3.365509e-04 9.999997e-01 -7.609257e-04 -3.472385e-01 8.650978e-04 7.612159e-04 9.999993e-01 9.513357e+01
9.999881e-01 4.156059e-04 -4.853036e-03 -4.932256e+00 -4.098495e-04 9.999992e-01 1.187017e-03 -3.470297e-01 4.853525e-03 -1.185013e-03 9.999875e-01 9.512851e+01
9.999999e-01 1.050551e-04 3.373430e-04 -4.926394e+00 -1.048000e-04 9.999997e-01 -7.571422e-04 -3.404194e-01 -3.374226e-04 7.571061e-04 9.999997e-01 9.510631e+01
9.999762e-01 9.716332e-04 -6.831214e-03 -4.497462e+00 -9.678061e-04 9.999994e-01 5.634854e-04 -3.482298e-01 6.831757e-03 -5.568600e-04 9.999765e-01 9.581180e+01
1.000000e+00 2.066905e-04 1.706475e-05 -3.904105e+00 -2.066782e-04 9.999997e-01 -7.327349e-04 -3.622054e-01 -1.721643e-05 7.327307e-04 9.999997e-01 9.644940e+01
9.999854e-01 7.477745e-04 -5.357049e-03 -3.530463e+00 -7.431043e-04 9.999993e-01 8.736606e-04 -3.611635e-01 5.357699e-03 -8.696663e-04 9.999853e-01 9.648054e+01
9.999997e-01 2.900603e-04 -7.364458e-04 -2.897569e+00 -2.906643e-04 9.999996e-01 -8.199031e-04 -3.764964e-01 7.362075e-04 8.201162e-04 9.999994e-01 9.687352e+01
9.999886e-01 6.019491e-04 -4.729994e-03 -2.470578e+00 -5.964050e-04 9.999991e-01 1.173395e-03 -3.856348e-01 4.730696e-03 -1.170560e-03 9.999881e-01 9.702625e+01
9.999999e-01 2.960836e-04 -3.180654e-04 -1.944992e+00 -2.963150e-04 9.999997e-01 -7.271178e-04 -3.971569e-01 3.178498e-04 7.272113e-04 9.999997e-01 9.704859e+01
9.999815e-01 5.741183e-04 -6.061328e-03 -1.365619e+00 -5.671051e-04 9.999992e-01 1.158651e-03 -4.167341e-01 6.061988e-03 -1.155192e-03 9.999810e-01 9.723907e+01
9.999999e-01 2.857328e-04 -2.447136e-04 -7.879195e-01 -2.858760e-04 9.999998e-01 -5.842743e-04 -4.360512e-01 2.445464e-04 5.843435e-04 9.999998e-01 9.730525e+01
9.999837e-01 3.840138e-04 -5.702219e-03 -4.620377e-01 -3.791384e-04 9.999996e-01 8.560047e-04 -4.608564e-01 5.702546e-03 -8.538282e-04 9.999834e-01 9.778471e+01
9.999995e-01 2.284523e-04 -9.893163e-04 -2.565119e-02 -2.288892e-04 9.999999e-01 -4.412738e-04 -4.892269e-01 9.892151e-04 4.414994e-04 9.999994e-01 9.819128e+01
9.999805e-01 5.312198e-04 -6.221478e-03 7.822959e-01 -5.237270e-04 9.999991e-01 1.205867e-03 -5.045754e-01 6.222114e-03 -1.202584e-03 9.999799e-01 9.791324e+01
9.999985e-01 3.842233e-04 -1.710563e-03 1.688267e+00 -3.847953e-04 9.999999e-01 -3.338723e-04 -5.219906e-01 1.710434e-03 3.345293e-04 9.999985e-01 9.763550e+01
9.999759e-01 5.906606e-04 -6.916130e-03 2.642010e+00 -5.829188e-04 9.999992e-01 1.121315e-03 -5.464749e-01 6.916787e-03 -1.117256e-03 9.999755e-01 9.748203e+01
9.999971e-01 6.623506e-05 2.422940e-03 3.062125e+00 -6.524162e-05 9.999999e-01 -4.102125e-04 -5.497638e-01 -2.422968e-03 4.100526e-04 9.999970e-01 9.696289e+01
9.999800e-01 5.348239e-04 -6.299521e-03 3.446735e+00 -5.272903e-04 9.999991e-01 1.197452e-03 -5.511196e-01 6.300156e-03 -1.194106e-03 9.999794e-01 9.633114e+01
9.999996e-01 3.791347e-04 -8.651602e-04 4.339259e+00 -3.793965e-04 9.999999e-01 -3.021159e-04 -5.636747e-01 8.650454e-04 3.024433e-04 9.999996e-01 9.593981e+01
9.999730e-01 7.023778e-04 -7.317158e-03 5.393633e+00 -6.936856e-04 9.999991e-01 1.190348e-03 -5.821120e-01 7.317988e-03 -1.185239e-03 9.999725e-01 9.561240e+01
9.999992e-01 1.890322e-04 1.254653e-03 6.292409e+00 -1.885097e-04 9.999999e-01 -4.167932e-04 -5.892323e-01 -1.254732e-03 4.165557e-04 9.999991e-01 9.502344e+01
9.999964e-01 5.191405e-04 -2.615506e-03 6.414796e+00 -5.164676e-04 9.999993e-01 1.022423e-03 -5.842593e-01 2.616035e-03 -1.021068e-03 9.999961e-01 9.378271e+01
1.000000e+00 1.906334e-04 -6.984920e-05 6.889796e+00 -1.906492e-04 1.000000e+00 -2.223557e-04 -5.808887e-01 6.980660e-05 2.223683e-04 1.000000e+00 9.282456e+01
9.999831e-01 7.727883e-04 -5.756832e-03 7.894535e+00 -7.658212e-04 9.999990e-01 1.212284e-03 -5.855112e-01 5.757763e-03 -1.207855e-03 9.999827e-01 9.213192e+01
1.000000e+00 1.062107e-04 1.635237e-04 8.668124e+00 -1.061411e-04 9.999999e-01 -4.275392e-04 -5.856548e-01 -1.635693e-04 4.275212e-04 9.999999e-01 9.141993e+01
9.999823e-01 8.875276e-04 -5.882494e-03 9.646410e+00 -8.797624e-04 9.999987e-01 1.322454e-03 -5.827506e-01 5.883661e-03 -1.317255e-03 9.999818e-01 9.059134e+01
9.999998e-01 9.623984e-05 6.950192e-04 1.063796e+01 -9.593926e-05 9.999999e-01 -4.329431e-04 -5.795465e-01 -6.950610e-04 4.328756e-04 9.999997e-01 8.969431e+01
9.999687e-01 1.061263e-03 -7.837728e-03 1.181058e+01 -1.049140e-03 9.999982e-01 1.550681e-03 -5.848380e-01 7.839360e-03 -1.542409e-03 9.999681e-01 8.901715e+01
9.999969e-01 8.264382e-06 2.482946e-03 1.267570e+01 -6.125715e-06 9.999996e-01 -8.614758e-04 -5.869189e-01 -2.482953e-03 8.614573e-04 9.999965e-01 8.829278e+01
9.999743e-01 1.444803e-03 -7.024809e-03 1.441509e+01 -1.432958e-03 9.999975e-01 1.690941e-03 -6.402830e-01 7.027235e-03 -1.680831e-03 9.999739e-01 8.836851e+01
9.999996e-01 2.013287e-04 8.238799e-04 1.615961e+01 -1.994469e-04 9.999974e-01 -2.283939e-03 -6.988900e-01 -8.243377e-04 2.283773e-03 9.999971e-01 8.841221e+01
9.999971e-01 6.043977e-04 -2.351456e-03 1.645286e+01 -5.975101e-04 9.999955e-01 2.928542e-03 -6.921745e-01 2.353216e-03 -2.927128e-03 9.999929e-01 8.722276e+01
9.999988e-01 2.518388e-04 -1.507712e-03 1.717228e+01 -2.551040e-04 9.999976e-01 -2.165647e-03 -6.909530e-01 1.507163e-03 2.166029e-03 9.999965e-01 8.632925e+01
9.999888e-01 8.038280e-04 -4.668424e-03 1.829226e+01 -7.891399e-04 9.999947e-01 3.147193e-03 -6.998189e-01 4.670929e-03 -3.143473e-03 9.999842e-01 8.566530e+01
9.999954e-01 5.246841e-04 -2.977953e-03 1.962279e+01 -5.310764e-04 9.999976e-01 -2.146046e-03 -7.103547e-01 2.976819e-03 2.147617e-03 9.999933e-01 8.495938e+01
9.999751e-01 1.025425e-03 -6.979975e-03 2.117981e+01 -1.003100e-03 9.999944e-01 3.201066e-03 -7.316386e-01 6.983218e-03 -3.193984e-03 9.999705e-01 8.441780e+01
9.999993e-01 2.679839e-04 1.141720e-03 2.232300e+01 -2.651438e-04 9.999969e-01 -2.487249e-03 -7.323228e-01 -1.142383e-03 2.486944e-03 9.999963e-01 8.356965e+01
9.999980e-01 4.493028e-04 -1.939541e-03 2.252298e+01 -4.432751e-04 9.999951e-01 3.106962e-03 -7.259008e-01 1.940928e-03 -3.106096e-03 9.999933e-01 8.227951e+01
9.999936e-01 6.477470e-04 -3.505887e-03 2.368124e+01 -6.556101e-04 9.999973e-01 -2.242029e-03 -7.204133e-01 3.504425e-03 2.244312e-03 9.999913e-01 8.127388e+01
9.999935e-01 6.147180e-04 -3.564889e-03 2.496138e+01 -6.030290e-04 9.999944e-01 3.278974e-03 -7.193987e-01 3.566885e-03 -3.276802e-03 9.999883e-01 8.040193e+01
9.999894e-01 6.581923e-04 -4.558247e-03 2.625849e+01 -6.682999e-04 9.999973e-01 -2.216195e-03 -7.330580e-01 4.556776e-03 2.219217e-03 9.999872e-01 7.981121e+01
9.999985e-01 4.181397e-04 -1.702369e-03 2.738166e+01 -4.128264e-04 9.999950e-01 3.120060e-03 -7.407953e-01 1.703665e-03 -3.119351e-03 9.999937e-01 7.912333e+01
9.999916e-01 8.352708e-04 -4.012242e-03 2.847267e+01 -8.450269e-04 9.999967e-01 -2.430429e-03 -7.410390e-01 4.010198e-03 2.433798e-03 9.999890e-01 7.831239e+01
9.999959e-01 -3.995783e-05 2.851108e-03 2.868111e+01 3.135699e-05 9.999954e-01 3.016765e-03 -7.338917e-01 -2.851216e-03 -3.016662e-03 9.999914e-01 7.703397e+01
9.999891e-01 8.173022e-04 -4.592294e-03 2.913428e+01 -8.280432e-04 9.999969e-01 -2.337429e-03 -7.279306e-01 4.590370e-03 2.341206e-03 9.999867e-01 7.586664e+01
9.999860e-01 1.362124e-03 -5.116561e-03 3.148664e+01 -1.343241e-03 9.999923e-01 3.692148e-03 -7.164508e-01 5.121550e-03 -3.685223e-03 9.999801e-01 7.415107e+01
9.999999e-01 2.247126e-04 -3.331742e-04 3.246479e+01 -2.255028e-04 9.999972e-01 -2.372647e-03 -6.998027e-01 3.326400e-04 2.372721e-03 9.999971e-01 7.238451e+01
9.999906e-01 4.628874e-04 -4.300733e-03 3.295154e+01 -4.497883e-04 9.999953e-01 3.046172e-03 -7.076244e-01 4.302123e-03 -3.044209e-03 9.999861e-01 7.195835e+01
9.999988e-01 1.431949e-04 -1.555851e-03 3.321432e+01 -1.480840e-04 9.999951e-01 -3.142546e-03 -7.341765e-01 1.555393e-03 3.142772e-03 9.999939e-01 7.293251e+01
9.999857e-01 5.072836e-04 -5.326581e-03 3.370402e+01 -4.863081e-04 9.999921e-01 3.938374e-03 -7.509397e-01 5.328537e-03 -3.935727e-03 9.999781e-01 7.293095e+01
9.999970e-01 6.161620e-04 -2.380605e-03 3.478686e+01 -6.230170e-04 9.999957e-01 -2.879706e-03 -7.568431e-01 2.378820e-03 2.881180e-03 9.999930e-01 7.231280e+01
9.999982e-01 3.460677e-04 -1.870929e-03 3.558801e+01 -3.393254e-04 9.999935e-01 3.602670e-03 -7.522418e-01 1.872164e-03 -3.602028e-03 9.999918e-01 7.128178e+01
9.999979e-01 5.644847e-04 1.945369e-03 3.593893e+01 -5.587374e-04 9.999955e-01 -2.953820e-03 -7.421816e-01 -1.947028e-03 2.952726e-03 9.999937e-01 6.972253e+01
9.999906e-01 3.227831e-04 -4.331328e-03 3.641772e+01 -3.073106e-04 9.999936e-01 3.572347e-03 -7.415708e-01 4.332453e-03 -3.570981e-03 9.999842e-01 6.876394e+01
9.999985e-01 3.025064e-04 1.692599e-03 3.685425e+01 -2.974970e-04 9.999956e-01 -2.959279e-03 -7.453149e-01 -1.693487e-03 2.958771e-03 9.999942e-01 6.790815e+01
9.999968e-01 4.608838e-04 -2.480846e-03 3.692960e+01 -4.518304e-04 9.999932e-01 3.648511e-03 -7.382007e-01 2.482511e-03 -3.647378e-03 9.999903e-01 6.642096e+01
9.999989e-01 2.983803e-04 1.454672e-03 3.695264e+01 -2.940480e-04 9.999955e-01 -2.977759e-03 -7.313313e-01 -1.455554e-03 2.977327e-03 9.999945e-01 6.492902e+01
9.999962e-01 4.501926e-04 -2.706205e-03 3.698945e+01 -4.403329e-04 9.999933e-01 3.642732e-03 -7.253994e-01 2.707827e-03 -3.641526e-03 9.999897e-01 6.351770e+01
9.999960e-01 5.456763e-04 -2.773357e-03 3.796406e+01 -5.533634e-04 9.999960e-01 -2.771644e-03 -7.243652e-01 2.771833e-03 2.773167e-03 9.999923e-01 6.261717e+01
9.999980e-01 1.577017e-04 2.005527e-03 3.817163e+01 -1.645511e-04 9.999942e-01 3.415700e-03 -7.181568e-01 -2.004976e-03 -3.416022e-03 9.999922e-01 6.133767e+01
9.999927e-01 6.479914e-04 -3.770042e-03 3.857985e+01 -6.587290e-04 9.999957e-01 -2.847488e-03 -7.112892e-01 3.768181e-03 2.849950e-03 9.999888e-01 6.014524e+01
9.999962e-01 1.341911e-04 2.737980e-03 3.867783e+01 -1.436451e-04 9.999940e-01 3.453144e-03 -7.034752e-01 -2.737500e-03 -3.453524e-03 9.999903e-01 5.869096e+01
9.999910e-01 5.702830e-04 -4.194249e-03 3.882068e+01 -5.817569e-04 9.999961e-01 -2.734835e-03 -6.981787e-01 4.192673e-03 2.737249e-03 9.999875e-01 5.741004e+01
9.999989e-01 8.258590e-06 1.499842e-03 3.901725e+01 -1.323000e-05 9.999945e-01 3.314886e-03 -6.971351e-01 -1.499807e-03 -3.314902e-03 9.999934e-01 5.648712e+01
9.999861e-01 4.657274e-04 -5.250277e-03 3.908738e+01 -4.796438e-04 9.999964e-01 -2.649572e-03 -7.063848e-01 5.249024e-03 2.652053e-03 9.999827e-01 5.607740e+01
9.999974e-01 2.193051e-05 2.301419e-03 3.904987e+01 -2.959465e-05 9.999945e-01 3.330356e-03 -7.085425e-01 -2.301333e-03 -3.330415e-03 9.999918e-01 5.522744e+01
9.999935e-01 7.354298e-04 -3.542306e-03 3.909430e+01 -7.447256e-04 9.999963e-01 -2.623499e-03 -7.021463e-01 3.540364e-03 2.626120e-03 9.999903e-01 5.376715e+01
9.999928e-01 1.876571e-04 3.786420e-03 3.912991e+01 -1.999669e-04 9.999947e-01 3.251010e-03 -6.895579e-01 -3.785790e-03 -3.251743e-03 9.999875e-01 5.184589e+01
9.999915e-01 5.808125e-04 -4.086425e-03 3.927279e+01 -5.915653e-04 9.999964e-01 -2.630550e-03 -6.797860e-01 4.084882e-03 2.632944e-03 9.999882e-01 5.034029e+01
9.999910e-01 5.771778e-04 4.193842e-03 4.024116e+01 -5.923164e-04 9.999933e-01 3.609471e-03 -6.933954e-01 -4.191730e-03 -3.611922e-03 9.999847e-01 4.919356e+01
9.999883e-01 4.679315e-04 -4.806711e-03 4.101097e+01 -4.838869e-04 9.999944e-01 -3.318708e-03 -7.068039e-01 4.805131e-03 3.320994e-03 9.999829e-01 4.792420e+01
9.999969e-01 1.428145e-04 2.493544e-03 4.112997e+01 -1.527151e-04 9.999921e-01 3.970913e-03 -7.043511e-01 -2.492957e-03 -3.971281e-03 9.999890e-01 4.695305e+01
9.999804e-01 3.639684e-04 -6.242434e-03 4.099298e+01 -3.856032e-04 9.999939e-01 -3.464848e-03 -7.058086e-01 6.241135e-03 3.467187e-03 9.999745e-01 4.637396e+01
9.999994e-01 8.624749e-05 1.060861e-03 4.064512e+01 -9.062223e-05 9.999915e-01 4.124763e-03 -7.012305e-01 -1.060496e-03 -4.124856e-03 9.999909e-01 4.561875e+01
9.999922e-01 6.651842e-04 -3.901916e-03 4.042453e+01 -6.782901e-04 9.999941e-01 -3.358394e-03 -6.953544e-01 3.899659e-03 3.361013e-03 9.999867e-01 4.416697e+01
9.999980e-01 7.212345e-05 2.021293e-03 4.031221e+01 -8.036708e-05 9.999917e-01 4.078794e-03 -6.887258e-01 -2.020982e-03 -4.078948e-03 9.999896e-01 4.266128e+01
9.999796e-01 4.580469e-04 -6.372853e-03 4.011652e+01 -4.798263e-04 9.999940e-01 -3.416360e-03 -6.827352e-01 6.371250e-03 3.419347e-03 9.999739e-01 4.189826e+01
9.999972e-01 4.201417e-05 2.349154e-03 4.007890e+01 -5.143652e-05 9.999920e-01 4.011193e-03 -6.841993e-01 -2.348967e-03 -4.011302e-03 9.999892e-01 4.132661e+01
9.999881e-01 6.773069e-04 -4.840720e-03 4.034561e+01 -6.935150e-04 9.999942e-01 -3.347307e-03 -6.811295e-01 4.838424e-03 3.350624e-03 9.999827e-01 4.040905e+01
9.999914e-01 1.360409e-04 4.142205e-03 4.050725e+01 -1.523288e-04 9.999923e-01 3.932216e-03 -6.712990e-01 -4.141638e-03 -3.932813e-03 9.999837e-01 3.890980e+01
9.999844e-01 6.218319e-04 -5.543848e-03 4.067580e+01 -6.405015e-04 9.999941e-01 -3.366423e-03 -6.633736e-01 5.541722e-03 3.369921e-03 9.999790e-01 3.762950e+01
9.999919e-01 6.391405e-05 4.013996e-03 4.083636e+01 -7.990557e-05 9.999921e-01 3.984002e-03 -6.587521e-01 -4.013709e-03 -3.984290e-03 9.999840e-01 3.643959e+01
9.999755e-01 5.959950e-04 -6.973870e-03 4.123372e+01 -6.186434e-04 9.999945e-01 -3.245839e-03 -6.588726e-01 6.971898e-03 3.250073e-03 9.999704e-01 3.568866e+01
9.999957e-01 1.797018e-04 2.921651e-03 4.197173e+01 -1.914992e-04 9.999918e-01 4.038248e-03 -6.639266e-01 -2.920902e-03 -4.038789e-03 9.999876e-01 3.503586e+01
9.999743e-01 8.715384e-04 -7.116760e-03 4.271303e+01 -8.957501e-04 9.999938e-01 -3.399536e-03 -6.635454e-01 7.113753e-03 3.405823e-03 9.999689e-01 3.424402e+01
9.999856e-01 -2.598763e-04 5.355874e-03 4.279388e+01 2.382965e-04 9.999919e-01 4.029497e-03 -6.596356e-01 -5.356877e-03 -4.028162e-03 9.999775e-01 3.309780e+01
9.999624e-01 8.258459e-04 -8.635154e-03 4.273949e+01 -8.546140e-04 9.999941e-01 -3.328309e-03 -6.586006e-01 8.632354e-03 3.335563e-03 9.999572e-01 3.213726e+01
9.999803e-01 -2.033742e-04 6.272407e-03 4.265061e+01 1.780656e-04 9.999918e-01 4.035261e-03 -6.556915e-01 -6.273176e-03 -4.034064e-03 9.999722e-01 3.090980e+01
9.999597e-01 7.171737e-04 -8.954477e-03 4.269201e+01 -7.469640e-04 9.999942e-01 -3.323917e-03 -6.566967e-01 8.952041e-03 3.330471e-03 9.999544e-01 3.015638e+01
9.999950e-01 1.005805e-05 3.150880e-03 4.305445e+01 -2.234690e-05 9.999924e-01 3.900243e-03 -6.671130e-01 -3.150817e-03 -3.900293e-03 9.999874e-01 3.012879e+01
9.999201e-01 1.373952e-03 -1.256758e-02 4.424831e+01 -1.412944e-03 9.999942e-01 -3.094161e-03 -6.786255e-01 1.256325e-02 3.111671e-03 9.999162e-01 2.965615e+01
9.999906e-01 9.439898e-05 -4.324787e-03 4.632292e+01 -8.604890e-05 9.999981e-01 1.930805e-03 -8.442437e-01 4.324961e-03 -1.930414e-03 9.999888e-01 3.310017e+01
9.999993e-01 5.944244e-04 -9.926415e-04 4.701946e+01 -6.001030e-04 9.999834e-01 -5.729917e-03 -9.870375e-01 9.892189e-04 5.730508e-03 9.999831e-01 3.748884e+01
9.999891e-01 -1.393240e-04 -4.663107e-03 4.721588e+01 1.671472e-04 9.999822e-01 5.966726e-03 -1.012313e+00 4.662193e-03 -5.967440e-03 9.999713e-01 3.772373e+01
9.999954e-01 8.960495e-04 2.896821e-03 4.735428e+01 -8.805850e-04 9.999854e-01 -5.335457e-03 -1.008267e+00 -2.901560e-03 5.332880e-03 9.999816e-01 3.658219e+01
9.999800e-01 -1.485876e-04 -6.322055e-03 4.771594e+01 1.867254e-04 9.999818e-01 6.032278e-03 -1.008322e+00 6.321044e-03 -6.033337e-03 9.999618e-01 3.583139e+01
9.999944e-01 9.633614e-04 3.206893e-03 4.797259e+01 -9.460547e-04 9.999850e-01 -5.393985e-03 -1.005438e+00 -3.212042e-03 5.390920e-03 9.999803e-01 3.488089e+01
9.999889e-01 -2.119448e-04 -4.711887e-03 4.809763e+01 2.403115e-04 9.999818e-01 6.020414e-03 -9.999226e-01 4.710525e-03 -6.021479e-03 9.999708e-01 3.362940e+01
9.999938e-01 1.138697e-03 3.320536e-03 4.845952e+01 -1.120739e-03 9.999848e-01 -5.405154e-03 -9.912848e-01 -3.326640e-03 5.401398e-03 9.999799e-01 3.229721e+01
9.999837e-01 2.702576e-04 -5.709456e-03 4.999672e+01 -2.347194e-04 9.999806e-01 6.224129e-03 -1.030798e+00 5.711028e-03 -6.222687e-03 9.999643e-01 3.199439e+01
9.999991e-01 1.166357e-03 6.547400e-04 5.138158e+01 -1.161838e-03 9.999758e-01 -6.861115e-03 -1.076525e+00 -6.627268e-04 6.860348e-03 9.999762e-01 3.192773e+01
9.999720e-01 -3.043532e-04 -7.480879e-03 5.219682e+01 3.618384e-04 9.999704e-01 7.684071e-03 -1.103460e+00 7.478320e-03 -7.686562e-03 9.999425e-01 3.195980e+01
9.999969e-01 1.872719e-03 1.619815e-03 5.378721e+01 -1.861364e-03 9.999739e-01 -6.984027e-03 -1.158530e+00 -1.632852e-03 6.980990e-03 9.999743e-01 3.214405e+01
9.997699e-01 1.510372e-03 -2.139811e-02 5.758535e+01 -1.359698e-03 9.999742e-01 7.054271e-03 -1.254090e+00 2.140821e-02 -7.023552e-03 9.997461e-01 3.214621e+01
9.999980e-01 1.395519e-03 1.411342e-03 6.127608e+01 -1.385058e-03 9.999718e-01 -7.386497e-03 -1.387972e+00 -1.421611e-03 7.384527e-03 9.999717e-01 3.349882e+01
9.999731e-01 7.819223e-05 -7.331381e-03 6.257548e+01 -2.998477e-05 9.999784e-01 6.575318e-03 -1.436687e+00 7.331737e-03 -6.574921e-03 9.999515e-01 3.381302e+01
9.999857e-01 7.959790e-04 5.279392e-03 6.253724e+01 -7.646027e-04 9.999821e-01 -5.942607e-03 -1.427716e+00 -5.284027e-03 5.938485e-03 9.999684e-01 3.234682e+01
9.999670e-01 3.966587e-05 -8.121217e-03 6.302939e+01 1.480775e-05 9.999775e-01 6.707347e-03 -1.422934e+00 8.121300e-03 -6.707245e-03 9.999445e-01 3.134025e+01
9.999959e-01 1.062929e-03 2.657344e-03 6.394576e+01 -1.047483e-03 9.999826e-01 -5.807546e-03 -1.421898e+00 -2.663471e-03 5.804738e-03 9.999796e-01 3.059570e+01
9.999432e-01 2.027882e-04 -1.065743e-02 6.516397e+01 -1.304719e-04 9.999770e-01 6.785744e-03 -1.438233e+00 1.065856e-02 -6.783968e-03 9.999202e-01 3.010585e+01
9.999729e-01 8.805122e-04 7.313205e-03 6.586637e+01 -8.369576e-04 9.999819e-01 -5.956601e-03 -1.432613e+00 -7.318318e-03 5.950318e-03 9.999555e-01 2.903649e+01
9.999674e-01 1.991392e-04 -8.076873e-03 6.619719e+01 -1.458041e-04 9.999782e-01 6.603432e-03 -1.422114e+00 8.078012e-03 -6.602038e-03 9.999456e-01 2.755484e+01
9.999724e-01 6.569081e-04 7.394663e-03 6.632220e+01 -6.126773e-04 9.999819e-01 -5.982195e-03 -1.413814e+00 -7.398459e-03 5.977499e-03 9.999548e-01 2.605713e+01
9.999569e-01 1.691375e-04 -9.285667e-03 6.672476e+01 -1.070941e-04 9.999777e-01 6.681669e-03 -1.407820e+00 9.286590e-03 -6.680386e-03 9.999346e-01 2.493391e+01
9.999945e-01 9.699853e-04 3.173479e-03 6.776080e+01 -9.515531e-04 9.999827e-01 -5.804699e-03 -1.416204e+00 -3.179055e-03 5.801647e-03 9.999781e-01 2.434148e+01
9.999146e-01 1.633957e-04 -1.306568e-02 6.874550e+01 -8.631513e-05 9.999826e-01 5.899780e-03 -1.467548e+00 1.306642e-02 -5.898148e-03 9.998972e-01 2.517198e+01
9.999892e-01 5.969114e-04 4.601225e-03 6.940424e+01 -5.662771e-04 9.999777e-01 -6.656377e-03 -1.522268e+00 -4.605095e-03 6.653699e-03 9.999673e-01 2.648526e+01
9.999522e-01 7.261481e-05 -9.776082e-03 6.975325e+01 -2.900566e-05 9.999901e-01 4.460823e-03 -1.597748e+00 9.776309e-03 -4.460326e-03 9.999423e-01 2.935426e+01
9.999778e-01 3.578649e-04 6.646428e-03 6.992456e+01 -3.067807e-04 9.999704e-01 -7.685451e-03 -1.685982e+00 -6.648982e-03 7.683241e-03 9.999484e-01 3.287411e+01
9.999102e-01 -1.939150e-04 -1.340148e-02 6.936133e+01 2.904173e-04 9.999740e-01 7.199267e-03 -1.680430e+00 1.339974e-02 -7.202511e-03 9.998843e-01 3.348054e+01
9.999519e-01 9.379135e-04 9.765395e-03 6.924638e+01 -8.738273e-04 9.999781e-01 -6.564822e-03 -1.671084e+00 -9.771338e-03 6.555972e-03 9.999308e-01 3.233336e+01
9.997762e-01 4.687424e-04 -2.115250e-02 7.059085e+01 -3.123328e-04 9.999726e-01 7.397052e-03 -1.710965e+00 2.115539e-02 -7.388789e-03 9.997489e-01 3.240670e+01
9.999820e-01 1.413132e-03 5.824017e-03 7.240434e+01 -1.376165e-03 9.999789e-01 -6.346560e-03 -1.772427e+00 -5.832863e-03 6.338431e-03 9.999629e-01 3.269244e+01
9.997140e-01 1.005036e-03 -2.389228e-02 7.465893e+01 -8.362460e-04 9.999746e-01 7.073534e-03 -1.837324e+00 2.389878e-02 -7.051531e-03 9.996895e-01 3.295003e+01
9.998834e-01 2.991176e-04 1.526604e-02 7.556627e+01 -1.605922e-04 9.999588e-01 -9.074541e-03 -1.953737e+00 -1.526813e-02 9.071031e-03 9.998423e-01 3.625812e+01
9.997658e-01 6.171506e-04 -2.163354e-02 7.630312e+01 -4.789798e-04 9.999795e-01 6.391462e-03 -2.072358e+00 2.163704e-02 -6.379603e-03 9.997455e-01 3.950520e+01
9.999417e-01 1.082435e-03 1.073991e-02 7.784647e+01 -1.024247e-03 9.999848e-01 -5.421987e-03 -2.102334e+00 -1.074561e-02 5.410670e-03 9.999276e-01 3.925802e+01
9.998288e-01 1.211125e-04 -1.850280e-02 7.885266e+01 -5.150142e-06 9.999804e-01 6.267181e-03 -2.111566e+00 1.850320e-02 -6.266012e-03 9.998092e-01 3.877825e+01
9.999518e-01 1.067646e-03 9.763731e-03 7.987526e+01 -1.013972e-03 9.999844e-01 -5.500619e-03 -2.129459e+00 -9.769451e-03 5.490453e-03 9.999372e-01 3.853986e+01
9.998279e-01 6.038202e-05 -1.855441e-02 8.098162e+01 5.600710e-05 9.999803e-01 6.272246e-03 -2.151448e+00 1.855442e-02 -6.272205e-03 9.998082e-01 3.833551e+01
9.999675e-01 1.176426e-03 7.976113e-03 8.222593e+01 -1.131450e-03 9.999834e-01 -5.641050e-03 -2.191233e+00 -7.982617e-03 5.631842e-03 9.999523e-01 3.852279e+01
9.997845e-01 4.293386e-04 -2.075731e-02 8.379458e+01 -3.015043e-04 9.999810e-01 6.161232e-03 -2.244293e+00 2.075956e-02 -6.153645e-03 9.997656e-01 3.886884e+01
9.999070e-01 9.840551e-04 1.360143e-02 8.483195e+01 -9.075238e-04 9.999837e-01 -5.631776e-03 -2.261010e+00 -1.360675e-02 5.618909e-03 9.998916e-01 3.852294e+01
9.998258e-01 -7.571227e-05 -1.866668e-02 8.561247e+01 1.975754e-04 9.999787e-01 6.526595e-03 -2.276674e+00 1.866579e-02 -6.529146e-03 9.998045e-01 3.818513e+01
9.999528e-01 1.324317e-03 9.629255e-03 8.660336e+01 -1.265930e-03 9.999808e-01 -6.067115e-03 -2.313808e+00 -9.637105e-03 6.054638e-03 9.999352e-01 3.843345e+01
9.998090e-01 -9.810489e-05 -1.954136e-02 8.772018e+01 2.284694e-04 9.999777e-01 6.669063e-03 -2.352072e+00 1.954027e-02 -6.672254e-03 9.997868e-01 3.861367e+01
9.999643e-01 1.809035e-03 8.258839e-03 8.939525e+01 -1.760376e-03 9.999811e-01 -5.895264e-03 -2.412029e+00 -8.269347e-03 5.880514e-03 9.999485e-01 3.904572e+01
9.997479e-01 -6.244346e-05 -2.245388e-02 9.138639e+01 2.016181e-04 9.999808e-01 6.196013e-03 -2.481540e+00 2.245306e-02 -6.198977e-03 9.997287e-01 3.949526e+01
9.999857e-01 2.238675e-03 4.849712e-03 9.336396e+01 -2.209430e-03 9.999794e-01 -6.027261e-03 -2.556906e+00 -4.863105e-03 6.016459e-03 9.999701e-01 4.047147e+01
9.995237e-01 1.171333e-03 -3.083744e-02 9.724479e+01 -9.440432e-04 9.999723e-01 7.384097e-03 -2.614622e+00 3.084524e-02 -7.351468e-03 9.994971e-01 3.978232e+01
9.999519e-01 1.854426e-03 9.631527e-03 1.002510e+02 -1.792662e-03 9.999778e-01 -6.417432e-03 -2.683402e+00 -9.643214e-03 6.399857e-03 9.999330e-01 3.976860e+01
9.997698e-01 -2.443791e-04 -2.145463e-02 1.014537e+02 3.720138e-04 9.999823e-01 5.945239e-03 -2.756028e+00 2.145279e-02 -5.951851e-03 9.997521e-01 4.117897e+01
9.999952e-01 3.076292e-03 -3.354945e-04 1.043287e+02 -3.077921e-03 9.999829e-01 -4.966770e-03 -2.849891e+00 3.202095e-04 4.967779e-03 9.999876e-01 4.183473e+01
9.997007e-01 3.458125e-04 -2.446117e-02 1.075575e+02 -2.137129e-04 9.999854e-01 5.402765e-03 -2.946179e+00 2.446268e-02 -5.395920e-03 9.996862e-01 4.246675e+01
9.999437e-01 1.763138e-03 1.046279e-02 1.092795e+02 -1.711916e-03 9.999865e-01 -4.902550e-03 -3.000078e+00 -1.047129e-02 4.884362e-03 9.999332e-01 4.278128e+01
9.998492e-01 -4.783094e-04 -1.736058e-02 1.100819e+02 5.727770e-04 9.999851e-01 5.436906e-03 -3.030964e+00 1.735772e-02 -5.446029e-03 9.998345e-01 4.298521e+01
9.999526e-01 1.831197e-03 9.559255e-03 1.109871e+02 -1.783477e-03 9.999859e-01 -4.998211e-03 -3.052384e+00 -9.568273e-03 4.980925e-03 9.999418e-01 4.278935e+01
9.998387e-01 -7.634285e-04 -1.794234e-02 1.121081e+02 8.659459e-04 9.999833e-01 5.706608e-03 -3.083252e+00 1.793768e-02 -5.721225e-03 9.998227e-01 4.267019e+01
9.999278e-01 1.913503e-03 1.185936e-02 1.128534e+02 -1.853536e-03 9.999855e-01 -5.065432e-03 -3.097791e+00 -1.186888e-02 5.043084e-03 9.999168e-01 4.244666e+01
9.998773e-01 -1.183516e-03 -1.562157e-02 1.129673e+02 1.273784e-03 9.999825e-01 5.769710e-03 -3.099379e+00 1.561447e-02 -5.788900e-03 9.998613e-01 4.199354e+01
9.999225e-01 1.943521e-03 1.229332e-02 1.134941e+02 -1.878636e-03 9.999843e-01 -5.287419e-03 -3.117143e+00 -1.230341e-02 5.263914e-03 9.999105e-01 4.191839e+01
9.998754e-01 -1.139783e-03 -1.574704e-02 1.138396e+02 1.221065e-03 9.999860e-01 5.153032e-03 -3.133618e+00 1.574094e-02 -5.171618e-03 9.998627e-01 4.239033e+01
9.999656e-01 2.289368e-03 7.971142e-03 1.147406e+02 -2.250615e-03 9.999856e-01 -4.867386e-03 -3.167365e+00 -7.982170e-03 4.849278e-03 9.999564e-01 4.285035e+01
9.998884e-01 -1.189223e-03 -1.489128e-02 1.156286e+02 1.265721e-03 9.999860e-01 5.128717e-03 -3.197885e+00 1.488497e-02 -5.146993e-03 9.998760e-01 4.312059e+01
9.999788e-01 2.634630e-03 5.948397e-03 1.168926e+02 -2.605561e-03 9.999847e-01 -4.889475e-03 -3.227367e+00 -5.961188e-03 4.873873e-03 9.999704e-01 4.322054e+01
