9.999895e-01 3.577013e-04 -4.562078e-03 1.474139e-02 -3.575203e-04 9.999999e-01 4.049240e-05 -1.602557e-02 4.562092e-03 -3.886165e-05 9.999896e-01 5.856085e-01
9.999999e-01 -4.577117e-05 -4.258872e-04 -3.516304e-02 4.571422e-05 1.000000e+00 -1.337985e-04 -2.923466e-02 4.258937e-04 1.337797e-04 9.999999e-01 1.308166e+00
9.999921e-01 2.972765e-04 -3.969537e-03 -1.651269e-01 -2.980102e-04 9.999999e-01 -1.842368e-04 -3.757537e-02 3.969482e-03 1.854176e-04 9.999921e-01 2.189566e+00
9.999996e-01 2.331261e-05 -9.362360e-04 -3.062342e-01 -2.322883e-05 1.000000e+00 8.946016e-05 -4.698842e-02 9.362385e-04 -8.943766e-05 9.999996e-01 2.848579e+00
9.999939e-01 3.381158e-04 -3.487521e-03 -4.063541e-01 -3.380101e-04 9.999999e-01 3.091480e-05 -5.689353e-02 3.487531e-03 -2.973650e-05 9.999939e-01 3.106453e+00
9.999990e-01 -1.468773e-05 -1.397199e-03 -5.283348e-01 1.481006e-05 1.000000e+00 8.751816e-05 -6.921916e-02 1.397198e-03 -8.753806e-05 9.999990e-01 3.524899e+00
9.999937e-01 3.805320e-04 -3.530636e-03 -4.856809e-01 -3.801948e-04 9.999999e-01 9.618395e-05 -8.107885e-02 3.530672e-03 -9.484172e-05 9.999938e-01 3.834365e+00
9.999996e-01 2.326617e-05 -8.526896e-04 -3.760137e-01 -2.329864e-05 1.000000e+00 -3.810360e-05 -9.833010e-02 8.526891e-04 3.812416e-05 9.999996e-01 4.357004e+00
9.999894e-01 2.212224e-04 -4.600443e-03 -5.549428e-01 -2.213388e-04 1.000000e+00 -2.477929e-05 -1.036562e-01 4.600437e-03 2.579657e-05 9.999894e-01 5.014995e+00
1.000000e+00 1.502237e-05 -3.035269e-04 -6.591817e-01 -1.502536e-05 1.000000e+00 -9.993160e-06 -1.133842e-01 3.035271e-04 9.998432e-06 1.000000e+00 5.605641e+00
9.999911e-01 3.922119e-04 -4.199867e-03 -5.559234e-01 -3.925992e-04 9.999999e-01 -9.138522e-05 -1.352745e-01 4.199831e-03 9.303256e-05 9.999912e-01 6.360442e+00
9.999997e-01 -8.076483e-05 -8.223178e-04 -6.772502e-01 8.074560e-05 1.000000e+00 -2.346790e-05 -1.456940e-01 8.223200e-04 2.340221e-05 9.999997e-01 7.044415e+00
9.999879e-01 3.710005e-04 -4.909574e-03 -9.217675e-01 -3.706411e-04 9.999999e-01 7.413215e-05 -1.503550e-01 4.909600e-03 -7.231228e-05 9.999879e-01 7.496036e+00
1.000000e+00 -1.401354e-05 1.997679e-04 -1.005289e+00 1.400998e-05 1.000000e+00 1.806037e-05 -1.616274e-01 -1.997678e-04 -1.805685e-05 1.000000e+00 7.902752e+00
9.999863e-01 3.126943e-04 -5.224653e-03 -1.112209e+00 -3.135008e-04 9.999999e-01 -1.535416e-04 -1.721308e-01 5.224605e-03 1.551767e-04 9.999863e-01 8.618384e+00
1.000000e+00 -5.134920e-05 1.072471e-04 -1.298165e+00 5.134567e-05 1.000000e+00 3.335705e-05 -1.777344e-01 -1.072484e-04 -3.335083e-05 1.000000e+00 9.258927e+00
9.999860e-01 3.869167e-04 -5.274320e-03 -1.537183e+00 -3.857353e-04 9.999999e-01 2.250203e-04 -1.781657e-01 5.274406e-03 -2.229834e-04 9.999861e-01 9.234302e+00
9.999990e-01 9.104909e-05 1.420517e-03 -1.464886e+00 -9.123895e-05 1.000000e+00 1.336343e-04 -1.859907e-01 -1.420505e-03 -1.337630e-04 9.999990e-01 9.056648e+00
9.999834e-01 4.857490e-04 -5.733738e-03 -1.352529e+00 -4.837769e-04 9.999998e-01 3.453410e-04 -1.912182e-01 5.733905e-03 -3.425621e-04 9.999835e-01 8.694963e+00
9.999994e-01 -4.574930e-05 1.098758e-03 -1.291317e+00 4.606732e-05 1.000000e+00 -2.893609e-04 -2.007433e-01 -1.098745e-03 2.894120e-04 9.999994e-01 9.033556e+00
9.999831e-01 5.390985e-04 -5.784840e-03 -1.239696e+00 -5.357710e-04 9.999997e-01 5.767444e-04 -2.063040e-01 5.785149e-03 -5.736360e-04 9.999831e-01 8.981469e+00
9.999981e-01 1.164342e-04 1.931952e-03 -1.115189e+00 -1.166127e-04 1.000000e+00 9.229663e-05 -2.046034e-01 -1.931941e-03 -9.252103e-05 9.999981e-01 8.188932e+00
9.999842e-01 5.899045e-04 -5.583721e-03 -8.394868e-01 -5.868788e-04 9.999997e-01 5.435211e-04 -2.046739e-01 5.584039e-03 -5.402362e-04 9.999843e-01 7.433799e+00
9.999978e-01 9.519621e-05 2.072465e-03 -5.390172e-01 -9.537819e-05 1.000000e+00 8.774186e-05 -2.062908e-01 -2.072456e-03 -8.793863e-05 9.999978e-01 6.732425e+00
9.999805e-01 5.544230e-04 -6.227481e-03 -2.524525e-01 -5.525608e-04 9.999998e-01 3.007613e-04 -2.161146e-01 6.227646e-03 -2.973151e-04 9.999806e-01 6.576795e+00
9.999995e-01 -3.533567e-05 1.033879e-03 -1.596593e-01 3.530640e-05 1.000000e+00 2.839864e-05 -2.227680e-01 -1.033879e-03 -2.836141e-05 9.999995e-01 6.586833e+00
9.999830e-01 7.255384e-04 -5.785769e-03 1.951814e-01 -7.229996e-04 9.999996e-01 4.408992e-04 -2.342110e-01 5.786087e-03 -4.367093e-04 9.999832e-01 6.396474e+00
9.999985e-01 1.092650e-04 1.723360e-03 6.443635e-01 -1.093072e-04 1.000000e+00 2.442763e-05 -2.420933e-01 -1.723357e-03 -2.461526e-05 9.999985e-01 5.939253e+00
9.999864e-01 4.398271e-04 -5.197673e-03 7.018334e-01 -4.383209e-04 9.999999e-01 2.909181e-04 -2.420900e-01 5.197800e-03 -2.886366e-04 9.999864e-01 5.584249e+00
9.999998e-01 -1.314574e-04 -6.822852e-04 2.833628e-01 1.315419e-04 1.000000e+00 1.237077e-04 -2.262584e-01 6.822693e-04 -1.237967e-04 9.999998e-01 5.122448e+00
9.999836e-01 4.332846e-04 -5.710005e-03 -9.276105e-02 -4.311223e-04 9.999998e-01 3.799213e-04 -2.137054e-01 5.710168e-03 -3.774540e-04 9.999836e-01 4.738758e+00
1.000000e+00 4.668741e-05 2.337634e-04 -1.027356e-01 -4.671755e-05 1.000000e+00 1.292446e-04 -2.079140e-01 -2.337571e-04 -1.292548e-04 1.000000e+00 4.340933e+00
9.999918e-01 7.058060e-04 -3.987635e-03 2.514190e-01 -7.038347e-04 9.999996e-01 4.957442e-04 -2.060724e-01 3.987983e-03 -4.929342e-04 9.999919e-01 3.594866e+00
9.999991e-01 1.352886e-05 1.332772e-03 4.264454e-01 -1.364258e-05 1.000000e+00 8.537620e-05 -2.025927e-01 -1.332770e-03 -8.539359e-05 9.999991e-01 2.604219e+00
9.999941e-01 7.060238e-04 -3.372385e-03 5.854733e-01 -7.043498e-04 9.999996e-01 4.975432e-04 -1.986337e-01 3.372735e-03 -4.951656e-04 9.999942e-01 1.531105e+00
9.999999e-01 -7.272557e-05 4.443806e-04 6.558374e-01 7.266251e-05 1.000000e+00 1.420901e-04 -1.985696e-01 -4.443906e-04 -1.420571e-04 9.999999e-01 6.973995e-01
9.999786e-01 3.609223e-04 -6.529836e-03 3.435737e-01 -3.584891e-04 9.999999e-01 3.737952e-04 -1.933439e-01 6.529970e-03 -3.714470e-04 9.999786e-01 4.234879e-01
9.999994e-01 -1.051377e-04 1.070288e-03 1.477422e-01 1.051915e-04 1.000000e+00 -5.010934e-05 -1.921989e-01 -1.070282e-03 5.022260e-05 9.999994e-01 4.537971e-01
9.999827e-01 4.453088e-04 -5.870262e-03 1.199559e-01 -4.432393e-04 9.999998e-01 3.538458e-04 -1.992220e-01 5.870419e-03 -3.512384e-04 9.999827e-01 6.031828e-01
1.000000e+00 -9.226326e-05 2.892878e-04 7.121281e-02 9.221314e-05 1.000000e+00 1.735520e-04 -2.020946e-01 -2.893035e-04 -1.735246e-04 9.999999e-01 5.175278e-01
9.999818e-01 4.121157e-04 -6.015396e-03 -8.149906e-02 -4.092445e-04 9.999998e-01 4.785510e-04 -2.022578e-01 6.015591e-03 -4.760812e-04 9.999818e-01 2.402496e-01
9.999998e-01 -1.416153e-04 -6.180588e-04 -3.819276e-01 1.416993e-04 1.000000e+00 1.357349e-04 -1.981259e-01 6.180399e-04 -1.358217e-04 9.999998e-01 1.785169e-02
9.999809e-01 4.550049e-04 -6.163258e-03 -7.003862e-01 -4.519748e-04 9.999998e-01 4.930324e-04 -1.936124e-01 6.163480e-03 -4.902380e-04 9.999809e-01 -3.637334e-01
1.000000e+00 -1.424726e-04 -2.668415e-04 -1.003628e+00 1.425238e-04 1.000000e+00 1.913722e-04 -1.900833e-01 2.668146e-04 -1.914095e-04 9.999999e-01 -7.798920e-01
9.999799e-01 5.098535e-04 -6.327056e-03 -1.413652e+00 -5.067278e-04 9.999997e-01 4.956310e-04 -1.836023e-01 6.327306e-03 -4.924157e-04 9.999799e-01 -1.321519e+00
9.999998e-01 -2.651821e-04 5.811631e-04 -1.620429e+00 2.651412e-04 1.000000e+00 7.049927e-05 -1.824506e-01 -5.811814e-04 -7.034445e-05 9.999998e-01 -1.476339e+00
9.999727e-01 5.784934e-04 -7.362885e-03 -1.862481e+00 -5.743846e-04 9.999997e-01 5.601702e-04 -1.784177e-01 7.363207e-03 -5.559265e-04 9.999727e-01 -1.632940e+00
9.999992e-01 -1.475123e-04 1.279838e-03 -1.786522e+00 1.474014e-04 1.000000e+00 8.686060e-05 -1.809935e-01 -1.279850e-03 -8.667117e-05 9.999992e-01 -1.780997e+00
9.999766e-01 5.474067e-04 -6.820250e-03 -1.653292e+00 -5.446622e-04 9.999998e-01 4.042744e-04 -1.932217e-01 6.820469e-03 -4.005509e-04 9.999767e-01 -1.602983e+00
9.999998e-01 -1.950221e-04 6.757831e-04 -1.730187e+00 1.948867e-04 1.000000e+00 2.005101e-04 -1.965396e-01 -6.758219e-04 -2.003776e-04 9.999998e-01 -1.629200e+00
9.999801e-01 4.666334e-04 -6.295023e-03 -1.841739e+00 -4.652107e-04 9.999999e-01 2.274865e-04 -1.999663e-01 6.295128e-03 -2.245542e-04 9.999802e-01 -1.515730e+00
1.000000e+00 -2.018889e-04 -1.473694e-04 -2.111501e+00 2.019255e-04 9.999999e-01 2.476033e-04 -1.995577e-01 1.473197e-04 -2.476323e-04 1.000000e+00 -1.496238e+00
9.999883e-01 6.830695e-04 -4.785975e-03 -2.314192e+00 -6.805709e-04 9.999996e-01 5.237018e-04 -2.007470e-01 4.786330e-03 -5.204392e-04 9.999884e-01 -2.226192e+00
9.999980e-01 -1.543505e-04 1.979080e-03 -2.247709e+00 1.540803e-04 1.000000e+00 1.367453e-04 -2.019263e-01 -1.979100e-03 -1.364393e-04 9.999980e-01 -2.982939e+00
9.999893e-01 7.177384e-04 -4.565011e-03 -1.995171e+00 -7.153459e-04 9.999996e-01 5.257328e-04 -2.016906e-01 4.565386e-03 -5.224623e-04 9.999894e-01 -3.638861e+00
9.999998e-01 -1.578934e-04 5.258882e-04 -1.932701e+00 1.578335e-04 1.000000e+00 1.141837e-04 -2.052550e-01 -5.259059e-04 -1.140999e-04 9.999999e-01 -4.224552e+00
9.999887e-01 5.114096e-04 -4.716419e-03 -1.874021e+00 -5.088439e-04 9.999997e-01 5.452022e-04 -2.141940e-01 4.716696e-03 -5.427968e-04 9.999887e-01 -4.432461e+00
1.000000e+00 -3.537551e-05 -1.587638e-04 -2.073584e+00 3.540401e-05 1.000000e+00 1.787443e-04 -2.157230e-01 1.587578e-04 -1.787492e-04 1.000000e+00 -5.036428e+00
9.999923e-01 4.567659e-04 -3.909547e-03 -2.059388e+00 -4.561847e-04 9.999999e-01 1.495948e-04 -2.229486e-01 3.909615e-03 -1.478109e-04 9.999923e-01 -5.032612e+00
9.999990e-01 7.699539e-05 1.410272e-03 -2.019992e+00 -7.768642e-05 9.999999e-01 4.900392e-04 -2.229438e-01 -1.410234e-03 -4.901475e-04 9.999989e-01 -5.936295e+00
9.999946e-01 6.908173e-04 -3.198401e-03 -1.978845e+00 -6.903034e-04 9.999997e-01 1.618031e-04 -2.179724e-01 3.198512e-03 -1.595951e-04 9.999949e-01 -7.221924e+00
9.999998e-01 -2.248581e-04 -5.015588e-04 -1.887488e+00 2.251401e-04 9.999998e-01 5.620365e-04 -2.214307e-01 5.014327e-04 -5.621486e-04 9.999997e-01 -7.743487e+00
9.999919e-01 6.883907e-04 -3.968963e-03 -1.744392e+00 -6.883030e-04 9.999998e-01 2.348517e-05 -2.279761e-01 3.968978e-03 -2.075384e-05 9.999921e-01 -8.144281e+00
9.999986e-01 -3.884046e-05 1.672640e-03 -1.728200e+00 3.772497e-05 9.999998e-01 6.670018e-04 -2.257422e-01 -1.672665e-03 -6.669370e-04 9.999984e-01 -9.249033e+00
9.999877e-01 1.223471e-03 -4.803864e-03 -1.429088e+00 -1.223278e-03 9.999993e-01 4.302438e-05 -2.134215e-01 4.803913e-03 -3.714809e-05 9.999885e-01 -1.095761e+01
9.999946e-01 -3.362227e-04 3.260366e-03 -1.119081e+00 3.338791e-04 9.999997e-01 7.193781e-04 -2.017396e-01 -3.260606e-03 -7.182849e-04 9.999944e-01 -1.258825e+01
9.999839e-01 9.649805e-04 -5.593929e-03 -1.144948e+00 -9.651134e-04 9.999995e-01 -2.102322e-05 -1.988893e-01 5.593906e-03 2.642095e-05 9.999844e-01 -1.372801e+01
9.999967e-01 -4.089875e-04 2.545656e-03 -1.102911e+00 4.072191e-04 9.999997e-01 6.952089e-04 -1.995310e-01 -2.545940e-03 -6.941693e-04 9.999965e-01 -1.456050e+01
9.999839e-01 1.030563e-03 -5.571387e-03 -1.075714e+00 -1.030753e-03 9.999995e-01 -3.136884e-05 -1.994292e-01 5.571351e-03 3.711036e-05 9.999845e-01 -1.543808e+01
9.999965e-01 -4.367025e-04 2.590557e-03 -1.129969e+00 4.347696e-04 9.999996e-01 7.467036e-04 -1.978269e-01 -2.590882e-03 -7.455740e-04 9.999964e-01 -1.645652e+01
9.999790e-01 1.008332e-03 -6.399241e-03 -1.251825e+00 -1.008310e-03 9.999995e-01 6.661661e-06 -1.952173e-01 6.399245e-03 -2.098062e-07 9.999795e-01 -1.739333e+01
9.999939e-01 -3.619188e-04 3.484403e-03 -1.353956e+00 3.594354e-04 9.999997e-01 7.133665e-04 -1.918713e-01 -3.484660e-03 -7.121090e-04 9.999937e-01 -1.856667e+01
9.999779e-01 1.221791e-03 -6.540973e-03 -9.908435e-01 -1.221939e-03 9.999993e-01 -1.862437e-05 -1.863485e-01 6.540945e-03 2.661592e-05 9.999786e-01 -1.961735e+01
9.999963e-01 -6.248781e-04 2.664629e-03 -1.175872e+00 6.228675e-04 9.999995e-01 7.553732e-04 -1.820998e-01 -2.665100e-03 -7.537099e-04 9.999962e-01 -2.066729e+01
9.999841e-01 1.148291e-03 -5.521624e-03 -1.133270e+00 -1.149549e-03 9.999993e-01 -2.246888e-04 -1.880783e-01 5.521362e-03 2.310319e-04 9.999847e-01 -2.106114e+01
9.999997e-01 -7.151979e-04 3.875499e-04 -1.434063e+00 7.150062e-04 9.999996e-01 4.947648e-04 -1.871789e-01 -3.879033e-04 -4.944869e-04 9.999998e-01 -2.128645e+01
9.999766e-01 1.202387e-03 -6.741813e-03 -1.971320e+00 -1.200391e-03 9.999992e-01 3.001693e-04 -1.744725e-01 6.742168e-03 -2.920702e-04 9.999772e-01 -2.234566e+01
9.999985e-01 -6.473528e-04 1.625372e-03 -2.341437e+00 6.465175e-04 9.999997e-01 5.144981e-04 -1.654237e-01 -1.625704e-03 -5.134458e-04 9.999985e-01 -2.345544e+01
9.999789e-01 1.262793e-03 -6.378376e-03 -2.722396e+00 -1.260858e-03 9.999992e-01 3.074211e-04 -1.575395e-01 6.378759e-03 -2.993731e-04 9.999796e-01 -2.469704e+01
9.999974e-01 -5.920787e-04 2.223126e-03 -3.072850e+00 5.908906e-04 9.999997e-01 5.350920e-04 -1.483666e-01 -2.223442e-03 -5.337763e-04 9.999974e-01 -2.607533e+01
9.999781e-01 1.199255e-03 -6.516116e-03 -3.358981e+00 -1.197561e-03 9.999992e-01 2.639490e-04 -1.420166e-01 6.516428e-03 -2.561405e-04 9.999787e-01 -2.720456e+01
9.999961e-01 -6.837221e-04 2.725673e-03 -3.500351e+00 6.826859e-04 9.999997e-01 3.811470e-04 -1.381047e-01 -2.725932e-03 -3.792840e-04 9.999962e-01 -2.798966e+01
9.999772e-01 1.127463e-03 -6.660863e-03 -3.590859e+00 -1.128672e-03 9.999993e-01 -1.777236e-04 -1.378023e-01 6.660658e-03 1.852368e-04 9.999778e-01 -2.798270e+01
9.999958e-01 -5.891291e-04 2.826370e-03 -3.728285e+00 5.867942e-04 9.999995e-01 8.269253e-04 -1.357658e-01 -2.826855e-03 -8.252627e-04 9.999957e-01 -2.876056e+01
9.999857e-01 1.166060e-03 -5.213929e-03 -3.632526e+00 -1.167058e-03 9.999993e-01 -1.883899e-04 -1.350969e-01 5.213705e-03 1.944715e-04 9.999864e-01 -2.961876e+01
9.999984e-01 -5.202567e-04 1.733984e-03 -3.816108e+00 5.188724e-04 9.999995e-01 7.987766e-04 -1.219296e-01 -1.734398e-03 -7.978749e-04 9.999982e-01 -3.079650e+01
9.999911e-01 1.177344e-03 -4.061023e-03 -3.781847e+00 -1.177870e-03 9.999993e-01 -1.272223e-04 -1.178742e-01 4.060870e-03 1.320038e-04 9.999917e-01 -3.190673e+01
9.999989e-01 -5.844185e-04 1.389040e-03 -3.602663e+00 5.833633e-04 9.999995e-01 7.600305e-04 -1.170511e-01 -1.389483e-03 -7.592186e-04 9.999987e-01 -3.267058e+01
9.999941e-01 1.369247e-03 -3.135266e-03 -3.329816e+00 -1.369660e-03 9.999991e-01 -1.292790e-04 -1.103852e-01 3.135086e-03 1.335717e-04 9.999951e-01 -3.382954e+01
9.999965e-01 -5.419191e-04 -2.576200e-03 -3.355515e+00 5.427994e-04 9.999998e-01 3.409638e-04 -7.221354e-02 2.576015e-03 -3.423603e-04 9.999966e-01 -3.445207e+01
9.999977e-01 1.513462e-03 -1.535371e-03 -2.864317e+00 -1.513327e-03 9.999989e-01 8.969556e-05 -6.971442e-02 1.535504e-03 -8.737254e-05 9.999988e-01 -3.503627e+01
9.999980e-01 -8.790995e-04 -1.823296e-03 -2.866693e+00 8.800456e-04 9.999995e-01 5.181002e-04 -5.844170e-02 1.822839e-03 -5.197030e-04 9.999982e-01 -3.599626e+01
9.999977e-01 1.893351e-03 -1.035363e-03 -2.535359e+00 -1.893342e-03 9.999982e-01 1.056869e-05 -4.952264e-02 1.035381e-03 -8.609074e-06 9.999995e-01 -3.706650e+01
9.999985e-01 -1.192824e-03 -1.267500e-03 -2.063766e+00 1.193580e-03 9.999991e-01 5.958348e-04 -4.825684e-02 1.266788e-03 -5.973460e-04 9.999990e-01 -3.779653e+01
9.999904e-01 1.745890e-03 -4.010896e-03 -2.124560e+00 -1.746941e-03 9.999984e-01 -2.584784e-04 -3.098895e-02 4.010438e-03 2.654820e-04 9.999919e-01 -3.766077e+01
9.999851e-01 -1.417861e-03 -5.274655e-03 -2.913341e+00 1.417106e-03 9.999990e-01 -1.468852e-04 2.848096e-02 5.274859e-03 1.394090e-04 9.999861e-01 -3.695760e+01
9.999924e-01 2.082284e-03 -3.309460e-03 -2.970510e+00 -2.081808e-03 9.999978e-01 1.472141e-04 5.889412e-02 3.309759e-03 -1.403240e-04 9.999945e-01 -3.662069e+01
9.999924e-01 -1.232907e-03 -3.702381e-03 -2.685450e+00 1.233697e-03 9.999992e-01 2.110215e-04 7.721826e-02 3.702118e-03 -2.155868e-04 9.999931e-01 -3.666171e+01
9.999906e-01 1.899155e-03 -3.885471e-03 -3.069567e+00 -1.899649e-03 9.999982e-01 -1.234350e-04 1.123093e-01 3.885229e-03 1.308142e-04 9.999924e-01 -3.694480e+01
9.999981e-01 -1.222388e-03 1.539264e-03 -2.975692e+00 1.221197e-03 9.999990e-01 7.745436e-04 1.155033e-01 -1.540209e-03 -7.726616e-04 9.999985e-01 -3.800170e+01
9.999855e-01 1.837810e-03 -5.068425e-03 -2.783511e+00 -1.837964e-03 9.999983e-01 -2.571831e-05 1.157581e-01 5.068368e-03 3.503282e-05 9.999872e-01 -3.880706e+01
9.999993e-01 -9.951617e-04 6.508414e-04 -2.505106e+00 9.947017e-04 9.999993e-01 7.069682e-04 1.173486e-01 -6.515442e-04 -7.063196e-04 9.999995e-01 -3.949384e+01
9.999886e-01 1.525412e-03 -4.517861e-03 -2.318851e+00 -1.525280e-03 9.999988e-01 3.251398e-05 1.151119e-01 4.517905e-03 -2.562330e-05 9.999898e-01 -4.002017e+01
9.999988e-01 -5.868497e-04 -1.460211e-03 -1.681556e+00 5.878821e-04 9.999996e-01 7.065797e-04 1.144784e-01 1.459796e-03 -7.074366e-04 9.999987e-01 -4.047084e+01
9.999930e-01 1.509075e-03 -3.434299e-03 -1.009627e+00 -1.508405e-03 9.999988e-01 1.976449e-04 1.150191e-01 3.434593e-03 -1.924639e-04 9.999941e-01 -4.109868e+01
9.999995e-01 -6.610338e-04 -7.494713e-04 -6.506152e-01 6.614231e-04 9.999996e-01 5.190306e-04 1.158914e-01 7.491282e-04 -5.195253e-04 9.999996e-01 -4.171392e+01
9.999828e-01 1.239538e-03 -5.726875e-03 -4.055834e-01 -1.238869e-03 9.999992e-01 1.204149e-04 1.162150e-01 5.727020e-03 -1.133187e-04 9.999836e-01 -4.171267e+01
9.999988e-01 -4.578571e-04 -1.459640e-03 -2.797057e-02 4.584507e-04 9.999998e-01 4.062551e-04 1.199000e-01 1.459454e-03 -4.069231e-04 9.999989e-01 -4.171920e+01
9.999883e-01 1.219751e-03 -4.680959e-03 -2.778135e-04 -1.218733e-03 9.999992e-01 2.204361e-04 1.301573e-01 4.681224e-03 -2.147293e-04 9.999890e-01 -4.232487e+01
9.999993e-01 -7.111383e-04 -9.028703e-04 -4.471917e-01 7.115497e-04 9.999996e-01 4.551189e-04 1.443321e-01 9.025466e-04 -4.557604e-04 9.999995e-01 -4.339929e+01
9.999878e-01 1.090111e-03 -4.816846e-03 -6.779650e-01 -1.089843e-03 9.999994e-01 5.845343e-05 1.514957e-01 4.816907e-03 -5.320381e-05 9.999884e-01 -4.374042e+01
1.000000e+00 -2.645635e-04 -1.550849e-04 -2.539648e-01 2.646564e-04 9.999998e-01 5.979385e-04 1.487032e-01 1.549270e-04 -5.979788e-04 9.999998e-01 -4.409741e+01
9.999819e-01 5.888865e-04 -5.993539e-03 -4.844600e-01 -5.912728e-04 9.999997e-01 -3.963432e-04 1.699029e-01 5.993304e-03 3.998791e-04 9.999820e-01 -4.378850e+01
9.999937e-01 -9.178534e-05 -3.558421e-03 -7.125212e-01 9.269817e-05 1.000000e+00 2.563054e-04 2.130417e-01 3.558397e-03 -2.566329e-04 9.999936e-01 -4.347692e+01
9.999916e-01 1.103279e-03 -3.935405e-03 -3.099807e-01 -1.102740e-03 9.999994e-01 1.391635e-04 2.413029e-01 3.935555e-03 -1.348233e-04 9.999922e-01 -4.384276e+01
9.999994e-01 -2.490513e-04 -1.071580e-03 -6.222675e-02 2.491987e-04 1.000000e+00 1.372305e-04 2.715326e-01 1.071546e-03 -1.374967e-04 9.999994e-01 -4.449507e+01
9.999587e-01 6.842000e-04 -9.059957e-03 -8.955407e-01 -6.950229e-04 9.999990e-01 -1.191473e-03 3.632233e-01 9.059133e-03 1.197720e-03 9.999582e-01 -4.369935e+01
9.999995e-01 2.773420e-04 9.714374e-04 -1.005342e-01 -2.791228e-04 9.999983e-01 1.833803e-03 3.746670e-01 -9.709269e-04 -1.834073e-03 9.999978e-01 -4.410255e+01
9.999767e-01 9.028081e-04 -6.759866e-03 4.654378e-01 -9.118385e-04 9.999987e-01 -1.332893e-03 3.884656e-01 6.758653e-03 1.339025e-03 9.999763e-01 -4.486731e+01
9.999957e-01 -5.489125e-05 2.943334e-03 8.085129e-01 4.894359e-05 9.999980e-01 2.020830e-03 3.899887e-01 -2.943439e-03 -2.020677e-03 9.999936e-01 -4.564921e+01
9.999769e-01 6.584345e-04 -6.759138e-03 7.303246e-01 -6.672908e-04 9.999989e-01 -1.308059e-03 3.956652e-01 6.758269e-03 1.312539e-03 9.999763e-01 -4.661369e+01
9.999979e-01 5.706829e-05 2.030359e-03 1.165025e+00 -6.115649e-05 9.999980e-01 2.013638e-03 3.903418e-01 -2.030240e-03 -2.013757e-03 9.999959e-01 -4.695525e+01
9.999805e-01 7.930046e-04 -6.194653e-03 1.551718e+00 -8.013402e-04 9.999988e-01 -1.343208e-03 3.914006e-01 6.193580e-03 1.348146e-03 9.999799e-01 -4.760484e+01
9.999955e-01 -9.214113e-05 3.006680e-03 1.701637e+00 8.623479e-05 9.999981e-01 1.964553e-03 3.939401e-01 -3.006855e-03 -1.964284e-03 9.999936e-01 -4.849803e+01
9.999801e-01 7.810887e-04 -6.267394e-03 1.720709e+00 -7.891565e-04 9.999989e-01 -1.284858e-03 3.983426e-01 6.266383e-03 1.289778e-03 9.999795e-01 -4.947050e+01
9.999969e-01 -2.400719e-04 2.466452e-03 1.659472e+00 2.352462e-04 9.999981e-01 1.956714e-03 4.031562e-01 -2.466917e-03 -1.956127e-03 9.999950e-01 -5.031886e+01
9.999802e-01 9.831924e-04 -6.217306e-03 1.978397e+00 -9.917565e-04 9.999986e-01 -1.374482e-03 3.998749e-01 6.215946e-03 1.380620e-03 9.999797e-01 -5.085699e+01
9.999984e-01 -1.240519e-04 1.763777e-03 2.446386e+00 1.206273e-04 9.999981e-01 1.941759e-03 3.971275e-01 -1.764014e-03 -1.941542e-03 9.999966e-01 -5.129557e+01
9.999686e-01 9.988325e-04 -7.863772e-03 3.143777e+00 -1.009042e-03 9.999987e-01 -1.294427e-03 3.978588e-01 7.862468e-03 1.302321e-03 9.999682e-01 -5.167676e+01
9.999988e-01 1.286715e-04 1.564078e-03 3.989100e+00 -1.317777e-04 9.999980e-01 1.986141e-03 4.017953e-01 -1.563820e-03 -1.986344e-03 9.999968e-01 -5.227334e+01
9.999595e-01 8.705575e-04 -8.953834e-03 4.511750e+00 -8.858889e-04 9.999981e-01 -1.708422e-03 4.276389e-01 8.952330e-03 1.716284e-03 9.999585e-01 -5.258162e+01
1.000000e+00 1.844993e-04 1.946270e-04 5.080101e+00 -1.849178e-04 9.999977e-01 2.153552e-03 4.322126e-01 -1.942289e-04 -2.153587e-03 9.999977e-01 -5.249746e+01
9.999521e-01 1.022647e-03 -9.732090e-03 5.886676e+00 -1.038858e-03 9.999981e-01 -1.660769e-03 4.098131e-01 9.730373e-03 1.670799e-03 9.999513e-01 -5.238006e+01
9.999997e-01 1.527672e-04 8.023472e-04 6.651389e+00 -1.544573e-04 9.999978e-01 2.107181e-03 4.008281e-01 -8.020232e-04 -2.107303e-03 9.999975e-01 -5.238410e+01
9.999528e-01 7.970310e-04 -9.682295e-03 7.250124e+00 -8.144011e-04 9.999981e-01 -1.790165e-03 3.805729e-01 9.680849e-03 1.797965e-03 9.999515e-01 -5.206593e+01
9.999999e-01 2.314749e-04 2.270437e-04 7.946765e+00 -2.320066e-04 9.999972e-01 2.345724e-03 3.592240e-01 -2.264998e-04 -2.345776e-03 9.999972e-01 -5.186669e+01
9.999516e-01 7.626162e-04 -9.812173e-03 8.671590e+00 -7.801158e-04 9.999981e-01 -1.779730e-03 3.314136e-01 9.810797e-03 1.787298e-03 9.999503e-01 -5.167806e+01
9.999998e-01 2.574253e-04 6.385895e-04 9.387299e+00 -2.589140e-04 9.999972e-01 2.332621e-03 3.089748e-01 -6.379870e-04 -2.332785e-03 9.999971e-01 -5.157156e+01
9.999436e-01 8.014231e-04 -1.058670e-02 1.020795e+01 -8.196608e-04 9.999982e-01 -1.718440e-03 2.802429e-01 1.058530e-02 1.727020e-03 9.999425e-01 -5.141258e+01
9.999993e-01 5.080371e-04 -1.057148e-03 1.121803e+01 -5.058711e-04 9.999978e-01 2.047974e-03 2.456347e-01 1.058187e-03 -2.047437e-03 9.999973e-01 -5.122920e+01
9.999701e-01 6.855327e-04 -7.697657e-03 1.209819e+01 -6.977889e-04 9.999985e-01 -1.589600e-03 2.249458e-01 7.696556e-03 1.594924e-03 9.999691e-01 -5.120541e+01
9.999966e-01 1.297419e-04 2.585621e-03 1.259083e+01 -1.350051e-04 9.999979e-01 2.035630e-03 2.112956e-01 -2.585352e-03 -2.035971e-03 9.999946e-01 -5.127526e+01
9.999738e-01 6.802953e-04 -7.209269e-03 1.301897e+01 -6.912290e-04 9.999986e-01 -1.514197e-03 2.005968e-01 7.208229e-03 1.519140e-03 9.999729e-01 -5.152300e+01
9.999950e-01 5.911895e-05 3.147642e-03 1.334147e+01 -6.555843e-05 9.999979e-01 2.045833e-03 1.929909e-01 -3.147515e-03 -2.046029e-03 9.999930e-01 -5.187565e+01
9.999738e-01 7.544190e-04 -7.204413e-03 1.383552e+01 -7.648457e-04 9.999987e-01 -1.444573e-03 1.847264e-01 7.203313e-03 1.450045e-03 9.999730e-01 -5.228439e+01
9.999980e-01 -5.732432e-05 2.009834e-03 1.423113e+01 5.373492e-05 9.999984e-01 1.786067e-03 1.719053e-01 -2.009933e-03 -1.785955e-03 9.999964e-01 -5.219530e+01
9.999727e-01 6.285621e-04 -7.357374e-03 1.422141e+01 -6.377801e-04 9.999990e-01 -1.250570e-03 1.733885e-01 7.356580e-03 1.255228e-03 9.999722e-01 -5.249319e+01
9.999990e-01 -2.321428e-04 1.414425e-03 1.405249e+01 2.298578e-04 9.999987e-01 1.615655e-03 1.761719e-01 -1.414798e-03 -1.615327e-03 9.999977e-01 -5.255866e+01
9.999669e-01 6.116861e-04 -8.108713e-03 1.382750e+01 -6.219597e-04 9.999990e-01 -1.264485e-03 1.783633e-01 8.107931e-03 1.269486e-03 9.999663e-01 -5.249974e+01
9.999979e-01 -2.065827e-04 2.060362e-03 1.350710e+01 2.026863e-04 9.999982e-01 1.891277e-03 1.897713e-01 -2.060748e-03 -1.890854e-03 9.999961e-01 -5.312639e+01
9.999744e-01 6.814986e-04 -7.119252e-03 1.335922e+01 -6.907587e-04 9.999989e-01 -1.298297e-03 1.977487e-01 7.118359e-03 1.303181e-03 9.999738e-01 -5.373828e+01
9.999994e-01 -2.294623e-04 1.115736e-03 1.323138e+01 2.273770e-04 9.999982e-01 1.869062e-03 2.012360e-01 -1.116162e-03 -1.868807e-03 9.999976e-01 -5.397984e+01
9.999693e-01 5.468538e-04 -7.820506e-03 1.291661e+01 -5.576888e-04 9.999989e-01 -1.383311e-03 2.099195e-01 7.819741e-03 1.387630e-03 9.999685e-01 -5.417470e+01
9.999990e-01 -2.788882e-04 1.399686e-03 1.264030e+01 2.764270e-04 9.999984e-01 1.758510e-03 2.169540e-01 -1.400174e-03 -1.758121e-03 9.999975e-01 -5.422020e+01
9.999787e-01 8.130260e-04 -6.480544e-03 1.272341e+01 -8.213221e-04 9.999988e-01 -1.277556e-03 2.148940e-01 6.479498e-03 1.282851e-03 9.999782e-01 -5.442686e+01
9.999995e-01 2.116773e-05 -9.951407e-04 1.327957e+01 -1.927294e-05 9.999982e-01 1.903719e-03 1.872740e-01 9.951794e-04 -1.903698e-03 9.999977e-01 -5.422482e+01
9.999441e-01 1.270519e-03 -1.049862e-02 1.426555e+01 -1.284445e-03 9.999983e-01 -1.319729e-03 1.514794e-01 1.049692e-02 1.333140e-03 9.999440e-01 -5.405886e+01
9.999999e-01 -2.537169e-05 -5.277708e-04 1.528287e+01 2.638928e-05 9.999981e-01 1.927602e-03 1.236641e-01 5.277211e-04 -1.927615e-03 9.999980e-01 -5.401837e+01
9.999628e-01 1.073611e-03 -8.558002e-03 1.604930e+01 -1.085906e-03 9.999984e-01 -1.432122e-03 1.123711e-01 8.556451e-03 1.441362e-03 9.999624e-01 -5.407617e+01
1.000000e+00 7.985359e-06 -1.812522e-05 1.689588e+01 -7.946802e-06 9.999978e-01 2.109079e-03 9.912865e-02 1.814224e-05 -2.109078e-03 9.999978e-01 -5.427917e+01
9.999655e-01 1.007466e-03 -8.248608e-03 1.773271e+01 -1.018650e-03 9.999986e-01 -1.351748e-03 8.399263e-02 8.247234e-03 1.360103e-03 9.999651e-01 -5.447715e+01
9.999994e-01 6.268068e-05 -1.120678e-03 1.854393e+01 -6.035777e-05 9.999979e-01 2.072403e-03 6.039294e-02 1.120806e-03 -2.072333e-03 9.999972e-01 -5.447316e+01
9.999654e-01 9.781409e-04 -8.265109e-03 1.932286e+01 -9.898749e-04 9.999985e-01 -1.415690e-03 3.147295e-02 8.263712e-03 1.423822e-03 9.999648e-01 -5.431141e+01
9.999999e-01 4.062741e-05 -3.497010e-04 2.005341e+01 -3.996432e-05 9.999982e-01 1.895040e-03 9.963635e-03 3.497776e-04 -1.895025e-03 9.999981e-01 -5.419046e+01
9.999672e-01 1.193071e-03 -8.011065e-03 2.075021e+01 -1.204903e-03 9.999982e-01 -1.472347e-03 1.527679e-03 8.009293e-03 1.481951e-03 9.999668e-01 -5.410761e+01
9.999999e-01 -1.881167e-04 -4.441533e-04 2.152245e+01 1.890744e-04 9.999977e-01 2.156462e-03 -1.535674e-02 4.437468e-04 -2.156546e-03 9.999976e-01 -5.418816e+01
9.999553e-01 1.444566e-03 -9.348849e-03 2.250471e+01 -1.457726e-03 9.999980e-01 -1.400954e-03 -3.222657e-02 9.346806e-03 1.414519e-03 9.999553e-01 -5.434657e+01
9.999999e-01 -1.953617e-04 -2.926376e-04 2.354587e+01 1.960053e-04 9.999976e-01 2.199615e-03 -4.574711e-02 2.922074e-04 -2.199672e-03 9.999975e-01 -5.458967e+01
9.999370e-01 2.074153e-03 -1.103506e-02 2.536587e+01 -2.084484e-03 9.999974e-01 -9.247959e-04 -7.290169e-02 1.103311e-02 9.477394e-04 9.999387e-01 -5.501280e+01
9.999970e-01 -1.634116e-04 -2.453528e-03 2.727843e+01 1.677700e-04 9.999984e-01 1.776150e-03 -1.079352e-01 2.453234e-03 -1.776556e-03 9.999954e-01 -5.532818e+01
9.999676e-01 1.570965e-03 -7.894737e-03 2.869057e+01 -1.575866e-03 9.999986e-01 -6.146129e-04 -1.386839e-01 7.893760e-03 6.270334e-04 9.999686e-01 -5.557242e+01
9.999977e-01 1.055638e-03 -1.863945e-03 3.128664e+01 -1.051635e-03 9.999971e-01 2.147417e-03 -1.430153e-01 1.866207e-03 -2.145451e-03 9.999960e-01 -5.724760e+01
9.999927e-01 8.818334e-04 -3.728858e-03 3.306361e+01 -8.849698e-04 9.999993e-01 -8.394594e-04 -1.382049e-01 3.728115e-03 8.427525e-04 9.999927e-01 -5.909050e+01
9.999980e-01 1.009429e-03 -1.745705e-03 3.445257e+01 -1.006466e-03 9.999981e-01 1.697168e-03 -1.166942e-01 1.747415e-03 -1.695407e-03 9.999970e-01 -6.130400e+01
9.999912e-01 5.201629e-04 -4.161658e-03 3.572492e+01 -5.221321e-04 9.999998e-01 -4.720347e-04 -1.012590e-01 4.161411e-03 4.742028e-04 9.999912e-01 -6.287363e+01
9.999993e-01 1.199648e-04 1.167488e-03 3.595917e+01 -1.212085e-04 9.999994e-01 1.065620e-03 -9.929832e-02 -1.167359e-03 -1.065760e-03 9.999988e-01 -6.371394e+01
9.999897e-01 4.774431e-04 -4.507018e-03 3.619288e+01 -4.791894e-04 9.999998e-01 -3.863165e-04 -1.001711e-01 4.506833e-03 3.884716e-04 9.999898e-01 -6.439207e+01
9.999965e-01 3.267687e-04 2.619848e-03 3.624779e+01 -3.298713e-04 9.999992e-01 1.184067e-03 -9.188715e-02 -2.619459e-03 -1.184926e-03 9.999959e-01 -6.580881e+01
9.999836e-01 4.025530e-04 -5.721492e-03 3.605065e+01 -4.046684e-04 9.999999e-01 -3.685143e-04 -7.797784e-02 5.721343e-03 3.708229e-04 9.999836e-01 -6.733814e+01
9.999977e-01 1.328716e-04 2.130433e-03 3.599882e+01 -1.354037e-04 9.999993e-01 1.188646e-03 -7.866979e-02 -2.130274e-03 -1.188931e-03 9.999970e-01 -6.804755e+01
9.999710e-01 6.628426e-04 -7.585283e-03 3.613579e+01 -6.684881e-04 9.999995e-01 -7.417108e-04 -8.759042e-02 7.584788e-03 7.467593e-04 9.999710e-01 -6.781682e+01
9.999987e-01 1.854811e-04 1.610610e-03 3.617826e+01 -1.876774e-04 9.999991e-01 1.363790e-03 -9.194312e-02 -1.610356e-03 -1.364090e-03 9.999978e-01 -6.783034e+01
9.999669e-01 2.851174e-04 -8.135999e-03 3.586393e+01 -2.889572e-04 9.999998e-01 -4.707366e-04 -8.708429e-02 8.135863e-03 4.730713e-04 9.999668e-01 -6.818796e+01
9.999984e-01 1.579820e-04 1.779613e-03 3.551483e+01 -1.604799e-04 9.999990e-01 1.403771e-03 -7.983825e-02 -1.779389e-03 -1.404053e-03 9.999974e-01 -6.870048e+01
9.999687e-01 3.645394e-04 -7.901559e-03 3.535450e+01 -3.685521e-04 9.999998e-01 -5.063438e-04 -7.927883e-02 7.901372e-03 5.092394e-04 9.999687e-01 -6.893463e+01
9.999998e-01 5.797724e-04 3.691122e-04 3.571517e+01 -5.801680e-04 9.999993e-01 1.073379e-03 -9.344411e-02 -3.684894e-04 -1.073592e-03 9.999994e-01 -6.871294e+01
9.999792e-01 4.163363e-04 -6.441346e-03 3.611404e+01 -4.187455e-04 9.999998e-01 -3.726093e-04 -1.065644e-01 6.441190e-03 3.752982e-04 9.999792e-01 -6.861211e+01
9.999998e-01 3.867578e-04 -4.805214e-04 3.629775e+01 -3.863045e-04 9.999995e-01 9.423216e-04 -1.154859e-01 4.808858e-04 -9.421351e-04 9.999994e-01 -6.839575e+01
9.999850e-01 8.619305e-05 -5.471191e-03 3.628127e+01 -8.664654e-05 1.000000e+00 -8.258068e-05 -1.181902e-01 5.471183e-03 8.305287e-05 9.999850e-01 -6.868110e+01
9.999998e-01 4.464802e-04 -3.757685e-04 3.648355e+01 -4.461696e-04 9.999996e-01 8.252947e-04 -1.302955e-01 3.761370e-04 -8.251262e-04 9.999996e-01 -6.865867e+01
9.999816e-01 1.696926e-04 -6.067368e-03 3.676759e+01 -1.727916e-04 9.999999e-01 -5.101785e-04 -1.546778e-01 6.067280e-03 5.112168e-04 9.999815e-01 -6.815071e+01
9.999996e-01 5.471748e-04 -7.443517e-04 3.715141e+01 -5.466485e-04 9.999996e-01 7.065959e-04 -1.878140e-01 7.447382e-04 -7.061880e-04 9.999995e-01 -6.754325e+01
9.999548e-01 7.530251e-04 -9.472914e-03 3.812112e+01 -7.527468e-04 9.999997e-01 3.298421e-05 -2.167449e-01 9.472936e-03 -2.585264e-05 9.999551e-01 -6.751617e+01
9.999986e-01 2.259267e-04 1.646832e-03 3.882110e+01 -2.270537e-04 9.999997e-01 6.844261e-04 -2.408456e-01 -1.646677e-03 -6.847985e-04 9.999984e-01 -6.746586e+01
9.999725e-01 3.839719e-04 -7.412597e-03 3.894975e+01 -3.869663e-04 9.999998e-01 -4.024719e-04 -2.599750e-01 7.412441e-03 4.053287e-04 9.999724e-01 -6.700631e+01
9.999999e-01 3.205112e-04 -5.525647e-05 3.936385e+01 -3.204581e-04 9.999995e-01 9.508746e-04 -2.777998e-01 5.556136e-05 -9.508562e-04 9.999995e-01 -6.690547e+01
9.999534e-01 9.325338e-04 -9.612431e-03 4.067577e+01 -9.313591e-04 9.999996e-01 1.267252e-04 -2.797280e-01 9.612545e-03 -1.177673e-04 9.999538e-01 -6.763552e+01
9.999987e-01 -7.117058e-05 1.587198e-03 4.142155e+01 7.012744e-05 9.999998e-01 6.575233e-04 -2.909495e-01 -1.587245e-03 -6.574105e-04 9.999985e-01 -6.788050e+01
9.999719e-01 3.997220e-04 -7.484403e-03 4.138241e+01 -4.030105e-04 9.999998e-01 -4.378289e-04 -2.991733e-01 7.484226e-03 4.408323e-04 9.999719e-01 -6.740838e+01
9.999998e-01 -1.847153e-04 5.537598e-04 4.105293e+01 1.843157e-04 9.999997e-01 7.223552e-04 -2.929507e-01 -5.538929e-04 -7.222524e-04 9.999996e-01 -6.713225e+01
9.999689e-01 5.428708e-04 -7.869618e-03 4.089036e+01 -5.464984e-04 9.999997e-01 -4.587632e-04 -2.931132e-01 7.869367e-03 4.630490e-04 9.999689e-01 -6.674216e+01
9.999999e-01 6.913860e-06 3.731624e-04 4.078585e+01 -7.222400e-06 9.999997e-01 8.279303e-04 -2.933548e-01 -3.731564e-04 -8.279323e-04 9.999996e-01 -6.640267e+01
9.999734e-01 7.491305e-04 -7.256568e-03 4.091414e+01 -7.536831e-04 9.999995e-01 -6.246148e-04 -3.010885e-01 7.256096e-03 6.300667e-04 9.999735e-01 -6.585469e+01
9.999983e-01 -3.653571e-05 1.855639e-03 4.093819e+01 3.500492e-05 9.999997e-01 8.251848e-04 -2.979356e-01 -1.855669e-03 -8.251178e-04 9.999979e-01 -6.544613e+01
9.999746e-01 5.441302e-04 -7.110644e-03 4.070870e+01 -5.464329e-04 9.999998e-01 -3.218368e-04 -2.823744e-01 7.110468e-03 3.257135e-04 9.999747e-01 -6.559506e+01
9.999941e-01 3.374051e-04 3.429581e-03 4.093047e+01 -3.410865e-04 9.999994e-01 1.073008e-03 -2.626948e-01 -3.429217e-03 -1.074171e-03 9.999935e-01 -6.609270e+01
9.999731e-01 9.990228e-04 -7.267722e-03 4.148781e+01 -1.004192e-03 9.999992e-01 -7.075549e-04 -2.476497e-01 7.267009e-03 7.148335e-04 9.999733e-01 -6.642260e+01
9.999953e-01 -9.303654e-05 3.077310e-03 4.143840e+01 8.952340e-05 9.999993e-01 1.141881e-03 -2.261771e-01 -3.077414e-03 -1.141600e-03 9.999946e-01 -6.665382e+01
9.999806e-01 8.883694e-04 -6.166198e-03 4.156181e+01 -8.924713e-04 9.999994e-01 -6.624455e-04 -2.227582e-01 6.165605e-03 6.679352e-04 9.999808e-01 -6.662853e+01
9.999894e-01 9.385786e-04 -4.514317e-03 4.286227e+01 -9.333888e-04 9.999989e-01 1.151513e-03 -2.597879e-01 4.515393e-03 -1.147286e-03 9.999891e-01 -6.635939e+01
9.999775e-01 8.902002e-04 -6.648301e-03 4.424884e+01 -8.947304e-04 9.999994e-01 -6.784089e-04 -2.975752e-01 6.647693e-03 6.843415e-04 9.999777e-01 -6.608173e+01
9.999984e-01 6.553754e-05 1.771308e-03 4.445840e+01 -6.652517e-05 9.999998e-01 5.577579e-04 -3.146376e-01 -1.771271e-03 -5.578742e-04 9.999983e-01 -6.526209e+01
9.999824e-01 9.834173e-04 -5.849606e-03 4.509892e+01 -9.839328e-04 9.999995e-01 -8.517838e-05 -3.443476e-01 5.849519e-03 9.093190e-05 9.999829e-01 -6.487967e+01
9.999983e-01 9.547276e-05 -1.862857e-03 4.604116e+01 -9.459869e-05 9.999999e-01 4.690573e-04 -3.852378e-01 1.862902e-03 -4.688797e-04 9.999982e-01 -6.457007e+01
9.999839e-01 8.482241e-04 -5.610826e-03 4.667446e+01 -8.482104e-04 9.999996e-01 4.914564e-06 -4.094968e-01 5.610828e-03 -1.559225e-07 9.999843e-01 -6.443612e+01
9.999998e-01 -1.064271e-04 6.308718e-04 4.700726e+01 1.062047e-04 9.999999e-01 3.531945e-04 -4.285969e-01 -6.309092e-04 -3.531269e-04 9.999997e-01 -6.412345e+01
9.999851e-01 8.997901e-04 -5.376455e-03 4.711811e+01 -8.999492e-04 9.999996e-01 -2.709427e-05 -4.342772e-01 5.376428e-03 3.193181e-05 9.999855e-01 -6.385048e+01
9.999997e-01 4.941914e-05 7.823046e-04 4.737485e+01 -4.935929e-05 1.000000e+00 -7.596401e-05 -4.584374e-01 -7.823083e-04 7.592597e-05 9.999997e-01 -6.306380e+01
9.999670e-01 1.197768e-03 -8.038793e-03 4.804668e+01 -1.195624e-03 9.999992e-01 2.716092e-04 -4.836124e-01 8.039112e-03 -2.619895e-04 9.999677e-01 -6.254635e+01
9.999986e-01 -8.316074e-05 1.694585e-03 4.856116e+01 8.242051e-05 9.999999e-01 4.371498e-04 -4.849379e-01 -1.694621e-03 -4.370089e-04 9.999985e-01 -6.267374e+01
9.999666e-01 1.044410e-03 -8.101469e-03 4.901314e+01 -1.044131e-03 9.999995e-01 3.866315e-05 -5.034653e-01 8.101505e-03 -3.020346e-05 9.999672e-01 -6.236243e+01
9.999997e-01 8.681422e-05 7.413282e-04 4.954002e+01 -8.695547e-05 1.000000e+00 1.911180e-04 -5.300029e-01 -7.413115e-04 -1.911819e-04 9.999997e-01 -6.172138e+01
9.999683e-01 9.272637e-04 -7.905728e-03 4.999877e+01 -9.271850e-04 9.999996e-01 1.367852e-05 -5.552829e-01 7.905737e-03 -6.348604e-06 9.999687e-01 -6.121510e+01
9.999998e-01 -2.105778e-05 5.662796e-04 5.046754e+01 2.097282e-05 1.000000e+00 1.508417e-04 -5.853319e-01 -5.662827e-04 -1.508292e-04 9.999998e-01 -6.060760e+01
9.999763e-01 8.257501e-04 -6.832319e-03 5.078194e+01 -8.265458e-04 9.999997e-01 -1.135849e-04 -6.144871e-01 6.832222e-03 1.192289e-04 9.999767e-01 -5.995604e+01
9.999999e-01 -8.926913e-05 3.135297e-04 5.119382e+01 8.918661e-05 1.000000e+00 2.646613e-04 -6.425207e-01 -3.135532e-04 -2.646328e-04 9.999999e-01 -5.937101e+01
9.999842e-01 6.304512e-04 -5.584847e-03 5.144577e+01 -6.312036e-04 9.999998e-01 -1.328629e-04 -6.651932e-01 5.584762e-03 1.363854e-04 9.999844e-01 -5.886407e+01
1.000000e+00 -1.098087e-04 2.262172e-05 5.178237e+01 1.097935e-04 9.999998e-01 6.871919e-04 -6.836342e-01 -2.269708e-05 -6.871888e-04 9.999998e-01 -5.873487e+01
9.999877e-01 8.208327e-04 -4.883827e-03 5.215822e+01 -8.219997e-04 9.999996e-01 -2.368461e-04 -6.986462e-01 4.883631e-03 2.408572e-04 9.999880e-01 -5.860724e+01
9.999994e-01 2.085457e-05 1.049049e-03 5.256355e+01 -2.173753e-05 9.999996e-01 8.421150e-04 -7.144164e-01 -1.049031e-03 -8.421368e-04 9.999991e-01 -5.864483e+01
9.999861e-01 7.487171e-04 -5.215380e-03 5.297546e+01 -7.498173e-04 9.999997e-01 -2.089072e-04 -7.294279e-01 5.215222e-03 2.128143e-04 9.999864e-01 -5.879842e+01
9.999988e-01 -4.296732e-05 1.576862e-03 5.313576e+01 4.143807e-05 9.999995e-01 9.701201e-04 -7.278274e-01 -1.576903e-03 -9.700530e-04 9.999983e-01 -5.945280e+01
9.999945e-01 6.418488e-04 -3.250891e-03 5.324466e+01 -6.413237e-04 9.999998e-01 1.627284e-04 -7.236570e-01 3.250995e-03 -1.606432e-04 9.999947e-01 -6.059696e+01
9.999998e-01 -1.517853e-04 -6.557043e-04 5.322082e+01 1.523549e-04 9.999996e-01 8.680037e-04 -7.277598e-01 6.555724e-04 -8.681028e-04 9.999994e-01 -6.123428e+01
9.999934e-01 7.646275e-04 -3.551574e-03 5.316731e+01 -7.646104e-04 9.999997e-01 6.327871e-06 -7.237565e-01 3.551578e-03 -3.612835e-06 9.999937e-01 -6.179184e+01
1.000000e+00 -5.448941e-05 -2.547842e-04 5.289192e+01 5.476793e-05 9.999994e-01 1.091462e-03 -7.067020e-01 2.547246e-04 -1.091475e-03 9.999994e-01 -6.290826e+01
9.999957e-01 5.958895e-04 -2.856310e-03 5.276774e+01 -5.956761e-04 9.999998e-01 7.571125e-05 -6.956077e-01 2.856354e-03 -7.401007e-05 9.999959e-01 -6.384381e+01
9.999994e-01 9.948545e-05 -1.054212e-03 5.264937e+01 -9.888094e-05 9.999998e-01 5.730141e-04 -6.879209e-01 1.054269e-03 -5.729090e-04 9.999993e-01 -6.428560e+01
9.999993e-01 5.230918e-04 -1.102991e-03 5.277038e+01 -5.227101e-04 9.999998e-01 3.467415e-04 -6.836084e-01 1.103172e-03 -3.461653e-04 9.999993e-01 -6.483968e+01
9.999941e-01 3.059665e-04 -3.415340e-03 5.309695e+01 -3.046449e-04 9.999999e-01 3.873191e-04 -6.944019e-01 3.415458e-03 -3.862758e-04 9.999941e-01 -6.480875e+01
9.999974e-01 5.869318e-04 -2.224042e-03 5.346926e+01 -5.862133e-04 9.999998e-01 3.238969e-04 -7.041910e-01 2.224232e-03 -3.225928e-04 9.999975e-01 -6.484997e+01
9.999973e-01 9.283276e-05 -2.306044e-03 5.334853e+01 -9.145931e-05 9.999998e-01 5.954806e-04 -6.967155e-01 2.306099e-03 -5.952676e-04 9.999972e-01 -6.575839e+01
9.999998e-01 5.774001e-04 -1.525670e-04 5.332292e+01 -5.773124e-04 9.999997e-01 5.773737e-04 -6.844424e-01 1.529002e-04 -5.772860e-04 9.999998e-01 -6.703106e+01
9.999895e-01 1.211707e-04 -4.581909e-03 5.373283e+01 -1.204461e-04 1.000000e+00 1.583024e-04 -6.958596e-01 4.581928e-03 -1.577483e-04 9.999895e-01 -6.720347e+01
9.999998e-01 4.604510e-04 -3.647931e-04 5.408621e+01 -4.602247e-04 9.999997e-01 6.214812e-04 -7.050184e-01 3.650790e-04 -6.213138e-04 9.999997e-01 -6.744680e+01
9.999904e-01 -1.955031e-06 -4.386889e-03 5.425668e+01 1.948728e-06 1.000000e+00 -1.550715e-06 -7.149428e-01 4.386889e-03 1.542718e-06 9.999904e-01 -6.764055e+01
9.999997e-01 4.861472e-04 5.264446e-04 5.440525e+01 -4.864913e-04 9.999997e-01 6.529049e-04 -7.180079e-01 -5.261271e-04 -6.531614e-04 9.999996e-01 -6.818108e+01
9.999898e-01 -8.258606e-06 -4.514696e-03 5.453129e+01 8.496734e-06 1.000000e+00 5.261893e-05 -7.219554e-01 4.514695e-03 -5.265619e-05 9.999898e-01 -6.869562e+01
