9.999818e-01 6.066871e-04 -6.002482e-03 2.368468e-01 -6.083365e-04 9.999998e-01 -2.729471e-04 -3.091650e-02 6.002315e-03 2.765929e-04 9.999819e-01 8.705641e-01
9.999995e-01 -6.020249e-05 -9.916421e-04 4.447788e-01 6.098038e-05 9.999997e-01 7.844104e-04 -3.481778e-02 9.915949e-04 -7.844698e-04 9.999992e-01 9.399742e-01
9.999674e-01 8.964300e-04 -8.026496e-03 1.077861e+00 -8.970653e-04 9.999996e-01 -7.555227e-05 -5.490886e-02 8.026424e-03 8.274939e-05 9.999678e-01 9.603680e-01
9.999984e-01 -3.549450e-04 1.726646e-03 1.294256e+00 3.547933e-04 9.999999e-01 8.820884e-05 -8.671964e-02 -1.726677e-03 -8.759539e-05 9.999985e-01 1.690604e+00
9.999747e-01 4.008217e-04 -7.102365e-03 1.136632e+00 -4.035762e-04 9.999998e-01 -3.864073e-04 -8.776182e-02 7.102208e-03 3.892631e-04 9.999747e-01 2.388566e+00
9.999991e-01 -1.147799e-04 1.371777e-03 1.115011e+00 1.136922e-04 9.999997e-01 7.929686e-04 -9.632775e-02 -1.371868e-03 -7.928112e-04 9.999987e-01 2.711566e+00
9.999758e-01 2.372032e-04 -6.947374e-03 8.575347e-01 -2.422700e-04 9.999997e-01 -7.284771e-04 -9.545271e-02 6.947199e-03 7.301420e-04 9.999756e-01 3.136416e+00
9.999993e-01 -8.971527e-05 1.157262e-03 5.943014e-01 8.864989e-05 9.999996e-01 9.206669e-04 -9.470187e-02 -1.157344e-03 -9.205630e-04 9.999989e-01 3.455065e+00
9.999818e-01 3.719780e-04 -6.015904e-03 5.635114e-01 -3.759946e-04 9.999997e-01 -6.665417e-04 -1.019154e-01 6.015654e-03 6.687909e-04 9.999817e-01 3.674073e+00
9.999994e-01 -5.985546e-05 1.072619e-03 6.483734e-01 5.887242e-05 9.999996e-01 9.165304e-04 -1.188513e-01 -1.072673e-03 -9.164660e-04 9.999990e-01 4.065057e+00
9.999748e-01 2.939902e-04 -7.088168e-03 4.754931e-01 -2.999428e-04 9.999996e-01 -8.387329e-04 -1.086189e-01 7.087919e-03 8.408371e-04 9.999745e-01 4.511024e+00
9.999999e-01 1.267761e-04 3.864936e-04 4.072822e-01 -1.272324e-04 9.999993e-01 1.180715e-03 -9.541606e-02 -3.863433e-04 -1.180764e-03 9.999992e-01 4.744531e+00
9.999759e-01 8.338707e-05 -6.935980e-03 2.673781e-01 -8.929535e-05 9.999996e-01 -8.515189e-04 -8.846223e-02 6.935906e-03 8.521170e-04 9.999756e-01 4.951501e+00
9.999986e-01 5.864450e-04 -1.554657e-03 5.560770e-01 -5.845113e-04 9.999991e-01 1.243935e-03 -8.642489e-02 1.555385e-03 -1.243024e-03 9.999980e-01 5.091979e+00
9.999666e-01 4.982857e-04 -8.162832e-03 1.353221e+00 -5.043017e-04 9.999996e-01 -7.349398e-04 -8.965877e-02 8.162462e-03 7.390311e-04 9.999664e-01 4.999704e+00
9.999978e-01 6.750163e-04 -2.002566e-03 1.957921e+00 -6.731345e-04 9.999993e-01 9.401942e-04 -9.311219e-02 2.003200e-03 -9.388434e-04 9.999976e-01 5.339215e+00
9.999591e-01 7.054030e-04 -9.018747e-03 2.826190e+00 -7.113899e-04 9.999995e-01 -6.606401e-04 -1.120677e-01 9.018276e-03 6.670282e-04 9.999591e-01 5.572742e+00
9.999976e-01 1.643412e-04 2.202976e-03 3.237097e+00 -1.663579e-04 9.999996e-01 9.153351e-04 -1.326020e-01 -2.202825e-03 -9.156986e-04 9.999972e-01 5.997522e+00
9.999566e-01 6.151114e-04 -9.293582e-03 3.593443e+00 -6.224752e-04 9.999995e-01 -7.894721e-04 -1.526202e-01 9.293091e-03 7.952221e-04 9.999565e-01 6.487742e+00
9.999999e-01 3.783315e-04 -2.124849e-04 4.257513e+00 -3.780595e-04 9.999991e-01 1.278502e-03 -1.701939e-01 2.129688e-04 -1.278421e-03 9.999992e-01 6.579325e+00
9.999775e-01 5.648562e-04 -6.681396e-03 4.944080e+00 -5.692948e-04 9.999996e-01 -6.624288e-04 -1.813999e-01 6.681019e-03 6.662169e-04 9.999775e-01 6.384528e+00
9.999999e-01 2.466374e-04 -3.012641e-04 5.555928e+00 -2.462338e-04 9.999991e-01 1.338721e-03 -2.019388e-01 3.015943e-04 -1.338646e-03 9.999991e-01 6.376298e+00
9.999802e-01 5.709397e-04 -6.269878e-03 6.054134e+00 -5.755820e-04 9.999996e-01 -7.386113e-04 -2.174989e-01 6.269453e-03 7.422048e-04 9.999801e-01 6.343344e+00
9.999999e-01 1.378720e-04 4.046957e-04 6.592701e+00 -1.384917e-04 9.999988e-01 1.531921e-03 -2.234963e-01 -4.044837e-04 -1.531976e-03 9.999987e-01 6.019303e+00
9.999673e-01 5.177571e-04 -8.067141e-03 6.825696e+00 -5.266445e-04 9.999993e-01 -1.099589e-03 -2.280469e-01 8.066565e-03 1.103801e-03 9.999669e-01 6.277206e+00
9.999998e-01 3.394225e-04 4.666591e-04 7.375305e+00 -3.402049e-04 9.999985e-01 1.677752e-03 -2.401575e-01 -4.660887e-04 -1.677910e-03 9.999985e-01 6.239213e+00
9.999884e-01 4.542954e-04 -4.805058e-03 7.749853e+00 -4.588570e-04 9.999994e-01 -9.482531e-04 -2.403038e-01 4.804624e-03 9.504461e-04 9.999880e-01 5.687150e+00
9.999995e-01 2.156742e-04 9.329044e-04 8.051586e+00 -2.172048e-04 9.999986e-01 1.640942e-03 -2.430045e-01 -9.325489e-04 -1.641144e-03 9.999982e-01 5.246077e+00
9.999530e-01 7.593921e-04 -9.661661e-03 8.617967e+00 -7.706521e-04 9.999990e-01 -1.161752e-03 -2.520035e-01 9.660769e-03 1.169142e-03 9.999527e-01 5.308116e+00
9.999991e-01 -3.111512e-04 1.303902e-03 8.526037e+00 3.091103e-04 9.999987e-01 1.565179e-03 -2.370444e-01 -1.304387e-03 -1.564774e-03 9.999979e-01 5.495666e+00
9.999500e-01 3.360266e-04 -9.997464e-03 7.854068e+00 -3.493837e-04 9.999990e-01 -1.334322e-03 -2.050698e-01 9.997006e-03 1.337747e-03 9.999491e-01 5.708479e+00
9.999961e-01 -2.439782e-04 2.798146e-03 7.439834e+00 2.395498e-04 9.999987e-01 1.582862e-03 -1.816920e-01 -2.798529e-03 -1.582185e-03 9.999948e-01 6.063374e+00
9.999541e-01 7.444432e-04 -9.547748e-03 7.307135e+00 -7.554968e-04 9.999990e-01 -1.154153e-03 -1.729772e-01 9.546879e-03 1.161313e-03 9.999538e-01 6.008720e+00
9.999789e-01 -4.169722e-05 6.496822e-03 7.520331e+00 3.019111e-05 9.999984e-01 1.771141e-03 -1.703408e-01 -6.496885e-03 -1.770906e-03 9.999773e-01 5.231274e+00
9.999401e-01 6.075292e-04 -1.093208e-02 7.703006e+00 -6.217453e-04 9.999990e-01 -1.297045e-03 -1.755294e-01 1.093128e-02 1.303763e-03 9.999394e-01 5.157026e+00
9.999861e-01 -2.264862e-04 5.260565e-03 7.700904e+00 2.174718e-04 9.999985e-01 1.714106e-03 -1.836478e-01 -5.260945e-03 -1.712937e-03 9.999847e-01 5.402468e+00
9.999319e-01 6.242938e-04 -1.165054e-02 7.453776e+00 -6.375324e-04 9.999992e-01 -1.132620e-03 -1.799300e-01 1.164983e-02 1.139970e-03 9.999315e-01 5.129055e+00
9.999937e-01 -5.640892e-04 3.492362e-03 6.749448e+00 5.593078e-04 9.999989e-01 1.369953e-03 -1.517530e-01 -3.493131e-03 -1.367991e-03 9.999930e-01 5.265641e+00
9.999356e-01 6.987569e-04 -1.132663e-02 6.206939e+00 -7.136365e-04 9.999989e-01 -1.309684e-03 -1.220331e-01 1.132570e-02 1.317682e-03 9.999350e-01 5.654720e+00
9.999882e-01 -1.957570e-04 4.848057e-03 6.589619e+00 1.856751e-04 9.999978e-01 2.079964e-03 -1.368472e-01 -4.848453e-03 -2.079038e-03 9.999861e-01 5.648223e+00
9.998865e-01 1.237074e-03 -1.501730e-02 7.400632e+00 -1.256664e-03 9.999984e-01 -1.295134e-03 -1.670815e-01 1.501567e-02 1.313858e-03 9.998864e-01 5.780349e+00
9.999819e-01 -3.582575e-04 6.002459e-03 7.972749e+00 3.464750e-04 9.999980e-01 1.963893e-03 -1.909210e-01 -6.003150e-03 -1.961778e-03 9.999801e-01 5.937418e+00
9.999230e-01 7.401173e-04 -1.238606e-02 7.961507e+00 -7.574576e-04 9.999987e-01 -1.395339e-03 -1.890005e-01 1.238501e-02 1.404613e-03 9.999223e-01 6.070403e+00
9.999858e-01 -5.388536e-04 5.295988e-03 7.605880e+00 5.294211e-04 9.999983e-01 1.782326e-03 -1.770643e-01 -5.296939e-03 -1.779496e-03 9.999844e-01 6.062879e+00
9.999385e-01 9.209475e-04 -1.104779e-02 7.418408e+00 -9.345826e-04 9.999988e-01 -1.229080e-03 -1.721537e-01 1.104664e-02 1.239328e-03 9.999382e-01 5.731971e+00
9.999902e-01 -6.275858e-04 4.386041e-03 7.416940e+00 6.203451e-04 9.999984e-01 1.652040e-03 -1.747818e-01 -4.387071e-03 -1.649303e-03 9.999890e-01 5.932476e+00
9.999335e-01 9.277544e-04 -1.149094e-02 7.209328e+00 -9.454618e-04 9.999984e-01 -1.535640e-03 -1.697173e-01 1.148950e-02 1.546402e-03 9.999328e-01 6.479584e+00
9.999945e-01 -8.929277e-04 3.182871e-03 6.477367e+00 8.876758e-04 9.999982e-01 1.651115e-03 -1.420587e-01 -3.184339e-03 -1.648280e-03 9.999936e-01 6.592787e+00
9.999375e-01 9.951740e-04 -1.113373e-02 5.927644e+00 -1.008990e-03 9.999987e-01 -1.235371e-03 -1.236980e-01 1.113249e-02 1.246527e-03 9.999373e-01 6.612075e+00
9.999960e-01 -9.719135e-04 2.645829e-03 5.273989e+00 9.676880e-04 9.999983e-01 1.597909e-03 -9.867519e-02 -2.647377e-03 -1.595342e-03 9.999952e-01 6.686869e+00
9.999426e-01 1.147865e-03 -1.065409e-02 4.720742e+00 -1.161181e-03 9.999986e-01 -1.243767e-03 -7.816673e-02 1.065265e-02 1.256066e-03 9.999425e-01 6.612304e+00
9.999907e-01 -8.240392e-04 4.237747e-03 4.541911e+00 8.167249e-04 9.999982e-01 1.727471e-03 -6.850005e-02 -4.239163e-03 -1.723993e-03 9.999895e-01 6.459003e+00
9.999476e-01 1.050144e-03 -1.018056e-02 4.356479e+00 -1.063343e-03 9.999986e-01 -1.291114e-03 -6.451008e-02 1.017919e-02 1.301871e-03 9.999473e-01 6.518861e+00
9.999951e-01 -4.364080e-04 3.108370e-03 4.682066e+00 4.309623e-04 9.999984e-01 1.752451e-03 -8.520647e-02 -3.109129e-03 -1.751102e-03 9.999936e-01 6.809211e+00
9.999223e-01 1.405753e-03 -1.238399e-02 5.356997e+00 -1.421251e-03 9.999982e-01 -1.242793e-03 -1.187899e-01 1.238222e-02 1.260296e-03 9.999225e-01 7.169312e+00
9.999787e-01 -6.405097e-04 6.495060e-03 5.665017e+00 6.310668e-04 9.999987e-01 1.455825e-03 -1.386209e-01 -6.495984e-03 -1.451695e-03 9.999778e-01 7.545706e+00
9.999053e-01 8.496749e-04 -1.373873e-02 5.141794e+00 -8.650893e-04 9.999990e-01 -1.116055e-03 -1.236324e-01 1.373777e-02 1.127834e-03 9.999050e-01 7.482827e+00
9.999795e-01 -7.984057e-04 6.355536e-03 4.683169e+00 7.892592e-04 9.999986e-01 1.441533e-03 -1.053115e-01 -6.356678e-03 -1.436487e-03 9.999788e-01 7.627079e+00
9.998999e-01 1.599262e-03 -1.405658e-02 5.120421e+00 -1.614377e-03 9.999981e-01 -1.064016e-03 -1.250154e-01 1.405486e-02 1.086601e-03 9.999006e-01 7.851843e+00
9.999940e-01 -5.881191e-04 3.409692e-03 5.960220e+00 5.824324e-04 9.999984e-01 1.668621e-03 -1.609956e-01 -3.410668e-03 -1.666624e-03 9.999928e-01 8.135487e+00
9.998903e-01 1.702598e-03 -1.471373e-02 6.915040e+00 -1.717076e-03 9.999981e-01 -9.713791e-04 -1.930759e-01 1.471205e-02 9.965364e-04 9.998913e-01 8.306662e+00
9.999737e-01 -8.647470e-04 7.197518e-03 7.317242e+00 8.553480e-04 9.999988e-01 1.308866e-03 -2.161813e-01 -7.198641e-03 -1.302675e-03 9.999732e-01 8.654403e+00
9.999054e-01 1.258758e-03 -1.370024e-02 7.230105e+00 -1.271204e-03 9.999988e-01 -8.997665e-04 -2.093072e-01 1.369909e-02 9.170965e-04 9.999057e-01 8.916827e+00
9.999660e-01 -1.077816e-03 8.175924e-03 6.957531e+00 1.069968e-03 9.999990e-01 9.642812e-04 -1.958393e-01 -8.176954e-03 -9.554997e-04 9.999661e-01 9.287340e+00
9.998971e-01 1.562664e-03 -1.425727e-02 7.222387e+00 -1.569550e-03 9.999987e-01 -4.717526e-04 -2.113532e-01 1.425651e-02 4.940809e-04 9.998982e-01 9.419998e+00
9.999760e-01 -1.184705e-03 6.830968e-03 7.410205e+00 1.178265e-03 9.999989e-01 9.466500e-04 -2.220990e-01 -6.832081e-03 -9.385778e-04 9.999762e-01 9.630991e+00
9.998864e-01 1.392094e-03 -1.500643e-02 7.021074e+00 -1.399397e-03 9.999989e-01 -4.761619e-04 -2.054974e-01 1.500575e-02 4.971071e-04 9.998873e-01 9.751840e+00
9.999747e-01 -1.042578e-03 7.038942e-03 7.119298e+00 1.037183e-03 9.999992e-01 7.699870e-04 -2.071085e-01 -7.039738e-03 -7.626661e-04 9.999749e-01 1.005744e+01
9.999078e-01 1.536550e-03 -1.349376e-02 7.223908e+00 -1.545614e-03 9.999986e-01 -6.612858e-04 -2.244827e-01 1.349272e-02 6.820803e-04 9.999087e-01 1.068091e+01
9.999738e-01 -1.159552e-03 7.151633e-03 7.118376e+00 1.154340e-03 9.999991e-01 7.329573e-04 -2.179723e-01 -7.152476e-03 -7.246820e-04 9.999742e-01 1.123858e+01
9.998916e-01 1.401729e-03 -1.465737e-02 6.781052e+00 -1.410635e-03 9.999988e-01 -5.972401e-04 -1.999702e-01 1.465652e-02 6.178508e-04 9.998924e-01 1.170017e+01
9.999781e-01 -1.428854e-03 6.466114e-03 6.152308e+00 1.424141e-03 9.999987e-01 7.334942e-04 -1.683248e-01 -6.467154e-03 -7.242688e-04 9.999788e-01 1.203755e+01
9.999137e-01 1.564473e-03 -1.304521e-02 5.913752e+00 -1.570106e-03 9.999987e-01 -4.215907e-04 -1.589924e-01 1.304453e-02 4.420359e-04 9.999148e-01 1.235679e+01
9.999760e-01 -1.232650e-03 6.822232e-03 5.848752e+00 1.227282e-03 9.999989e-01 7.910272e-04 -1.597701e-01 -6.823200e-03 -7.826347e-04 9.999764e-01 1.264220e+01
9.999106e-01 1.498217e-03 -1.328587e-02 5.723748e+00 -1.503777e-03 9.999988e-01 -4.084759e-04 -1.559978e-01 1.328524e-02 4.284177e-04 9.999117e-01 1.295060e+01
9.999837e-01 -1.450376e-03 5.524581e-03 5.217177e+00 1.446590e-03 9.999987e-01 6.892230e-04 -1.314055e-01 -5.525573e-03 -6.812193e-04 9.999845e-01 1.325194e+01
9.999175e-01 1.485153e-03 -1.275871e-02 4.711522e+00 -1.491574e-03 9.999988e-01 -4.937568e-04 -1.088892e-01 1.275796e-02 5.127460e-04 9.999185e-01 1.352253e+01
9.999801e-01 -1.344597e-03 6.159532e-03 4.315491e+00 1.339710e-03 9.999988e-01 7.975011e-04 -9.662686e-02 -6.160596e-03 -7.892326e-04 9.999807e-01 1.370740e+01
9.999455e-01 1.675278e-03 -1.030046e-02 4.283702e+00 -1.685392e-03 9.999981e-01 -9.732878e-04 -1.012102e-01 1.029881e-02 9.905945e-04 9.999465e-01 1.432851e+01
9.999853e-01 -1.432891e-03 5.232512e-03 4.018670e+00 1.430555e-03 9.999989e-01 4.503171e-04 -9.723879e-02 -5.233152e-03 -4.428244e-04 9.999862e-01 1.528140e+01
9.999345e-01 1.546269e-03 -1.133909e-02 3.746211e+00 -1.551301e-03 9.999987e-01 -4.349437e-04 -8.040385e-02 1.133840e-02 4.525048e-04 9.999356e-01 1.576814e+01
9.999903e-01 -9.052281e-04 4.312380e-03 3.934671e+00 9.022908e-04 9.999994e-01 6.830828e-04 -9.162761e-02 -4.312995e-03 -6.791844e-04 9.999905e-01 1.620544e+01
9.999256e-01 1.096301e-03 -1.215047e-02 3.403776e+00 -1.107449e-03 9.999990e-01 -9.107490e-04 -5.438677e-02 1.214946e-02 9.241365e-04 9.999258e-01 1.699957e+01
9.999887e-01 -8.988138e-04 4.668553e-03 2.943377e+00 8.954549e-04 9.999993e-01 7.215783e-04 -2.061882e-02 -4.669198e-03 -7.173890e-04 9.999888e-01 1.770956e+01
9.999389e-01 1.473350e-03 -1.095841e-02 2.949833e+00 -1.478396e-03 9.999988e-01 -4.523416e-04 -1.673893e-02 1.095773e-02 4.685142e-04 9.999399e-01 1.800618e+01
9.999946e-01 -1.317744e-03 3.014013e-03 2.328108e+00 1.315222e-03 9.999988e-01 8.385924e-04 2.944316e-04 -3.015114e-03 -8.346231e-04 9.999951e-01 1.790589e+01
9.999263e-01 1.332702e-03 -1.206829e-02 1.525288e+00 -1.339760e-03 9.999989e-01 -5.767181e-04 3.372545e-02 1.206751e-02 5.928435e-04 9.999270e-01 1.803139e+01
9.999964e-01 -1.218352e-03 2.383157e-03 6.477123e-01 1.216451e-03 9.999989e-01 7.993844e-04 7.192782e-02 -2.384128e-03 -7.964818e-04 9.999968e-01 1.811104e+01
9.999346e-01 1.328234e-03 -1.135592e-02 -2.165907e-01 -1.334859e-03 9.999989e-01 -5.758464e-04 1.018865e-01 1.135514e-02 5.909666e-04 9.999354e-01 1.787008e+01
9.999869e-01 -1.022387e-03 5.009670e-03 -5.604574e-01 1.017483e-03 9.999990e-01 9.814214e-04 1.119825e-01 -5.010668e-03 -9.763106e-04 9.999870e-01 1.764851e+01
9.999377e-01 1.464135e-03 -1.106283e-02 -5.000772e-01 -1.471108e-03 9.999987e-01 -6.221956e-04 1.128674e-01 1.106191e-02 6.384308e-04 9.999386e-01 1.788505e+01
9.999931e-01 -6.748791e-04 3.653058e-03 -2.189418e-01 6.715971e-04 9.999994e-01 8.996279e-04 1.025451e-01 -3.653663e-03 -8.971676e-04 9.999929e-01 1.824094e+01
9.999551e-01 1.051313e-03 -9.417019e-03 -2.148073e-01 -1.055621e-03 9.999993e-01 -4.525238e-04 9.747166e-02 9.416537e-03 4.624436e-04 9.999556e-01 1.846431e+01
9.999923e-01 -8.316299e-04 3.833482e-03 -4.308416e-01 8.287338e-04 9.999994e-01 7.570656e-04 9.843577e-02 -3.834109e-03 -7.538822e-04 9.999924e-01 1.854134e+01
9.999594e-01 1.265245e-03 -8.924077e-03 -5.373058e-01 -1.267509e-03 9.999992e-01 -2.479464e-04 1.011981e-01 8.923756e-03 2.592470e-04 9.999601e-01 1.817650e+01
9.999951e-01 -9.030911e-04 2.996042e-03 -5.991579e-01 9.008104e-04 9.999993e-01 7.625887e-04 1.008642e-01 -2.996728e-03 -7.598855e-04 9.999952e-01 1.806251e+01
9.999623e-01 1.371901e-03 -8.575846e-03 -5.224215e-01 -1.373487e-03 9.999990e-01 -1.790625e-04 9.675618e-02 8.575592e-03 1.908339e-04 9.999632e-01 1.793579e+01
9.999968e-01 -1.039161e-03 2.300119e-03 -5.736433e-01 1.037842e-03 9.999993e-01 5.747822e-04 9.920542e-02 -2.300715e-03 -5.723925e-04 9.999972e-01 1.809314e+01
9.999614e-01 1.380727e-03 -8.674470e-03 -7.039928e-01 -1.382030e-03 9.999990e-01 -1.441964e-04 1.037845e-01 8.674262e-03 1.561786e-04 9.999624e-01 1.822922e+01
9.999951e-01 -1.020016e-03 2.954377e-03 -6.708935e-01 1.018355e-03 9.999993e-01 5.638728e-04 9.548890e-02 -2.954949e-03 -5.608608e-04 9.999955e-01 1.835855e+01
9.999613e-01 1.375985e-03 -8.683984e-03 -5.062921e-01 -1.376489e-03 9.999991e-01 -5.212155e-05 7.774733e-02 8.683904e-03 6.407228e-05 9.999623e-01 1.859544e+01
9.999968e-01 -8.875756e-04 2.355664e-03 -3.351312e-01 8.862666e-04 9.999995e-01 5.567746e-04 6.426312e-02 -2.356157e-03 -5.546844e-04 9.999971e-01 1.871912e+01
9.999614e-01 1.448063e-03 -8.669795e-03 1.892043e-02 -1.447710e-03 9.999990e-01 4.704536e-05 4.988760e-02 8.669854e-03 -3.449287e-05 9.999624e-01 1.875301e+01
9.999998e-01 -6.452829e-04 -1.676580e-04 6.032915e-01 6.453857e-04 9.999996e-01 6.120216e-04 2.203774e-02 1.672633e-04 -6.121290e-04 9.999998e-01 1.896705e+01
9.999878e-01 1.060286e-03 -4.825430e-03 6.059089e-01 -1.063416e-03 9.999992e-01 -6.461440e-04 1.301556e-02 4.824740e-03 6.512669e-04 9.999881e-01 1.971642e+01
9.999988e-01 -9.530052e-04 -1.255274e-03 1.205896e-01 9.531712e-04 9.999995e-01 1.314565e-04 3.835623e-02 1.255148e-03 -1.326521e-04 9.999992e-01 2.056255e+01
9.999898e-01 1.586165e-03 -4.232860e-03 2.649733e-01 -1.584138e-03 9.999986e-01 4.823249e-04 4.330775e-02 4.233619e-03 -4.756152e-04 9.999909e-01 2.002554e+01
9.999947e-01 -1.364431e-03 -2.970068e-03 -1.723436e-01 1.364443e-03 9.999991e-01 1.972608e-06 5.174080e-02 2.970063e-03 -6.024423e-06 9.999956e-01 1.989513e+01
9.999975e-01 1.740233e-03 -1.408621e-03 -6.029963e-02 -1.741715e-03 9.999979e-01 -1.051723e-03 1.156386e-02 1.406788e-03 1.054173e-03 9.999985e-01 2.144817e+01
9.999906e-01 -1.154488e-03 -4.178346e-03 2.267706e-01 1.156430e-03 9.999992e-01 4.624060e-04 -3.932436e-02 4.177809e-03 -4.672329e-04 9.999912e-01 2.271687e+01
9.999967e-01 1.846595e-03 1.770773e-03 3.998088e-01 -1.846848e-03 9.999983e-01 1.408678e-04 -3.536843e-02 -1.770510e-03 -1.441384e-04 9.999984e-01 2.172957e+01
9.999917e-01 -1.031025e-03 -3.947327e-03 6.451539e-01 1.032949e-03 9.999993e-01 4.853578e-04 -2.906960e-02 3.946824e-03 -4.894305e-04 9.999921e-01 2.066568e+01
9.999974e-01 1.695379e-03 1.514262e-03 7.612950e-01 -1.695389e-03 9.999986e-01 5.111757e-06 -2.284059e-02 -1.514252e-03 -7.679669e-06 9.999989e-01 1.993613e+01
9.999747e-01 -1.522514e-03 -6.945054e-03 3.499908e-01 1.521499e-03 9.999988e-01 -1.514970e-04 -1.050590e-02 6.945277e-03 1.409269e-04 9.999759e-01 2.041110e+01
9.999987e-01 1.562358e-03 2.609645e-04 -1.818672e-01 -1.562414e-03 9.999988e-01 2.140431e-04 1.213425e-02 -2.606300e-04 -2.144512e-04 9.999999e-01 2.066245e+01
9.999772e-01 -8.990299e-04 -6.690937e-03 1.669725e-01 9.015783e-04 9.999995e-01 3.778146e-04 4.509555e-03 6.690595e-03 -3.838378e-04 9.999775e-01 2.063532e+01
9.999983e-01 1.775525e-03 4.553656e-04 7.441251e-01 -1.775687e-03 9.999984e-01 3.548049e-04 -4.350565e-03 -4.547351e-04 -3.556135e-04 9.999998e-01 2.041262e+01
9.999692e-01 -8.123233e-04 -7.812347e-03 1.419589e+00 8.155899e-04 9.999996e-01 4.149139e-04 -1.945539e-02 7.812007e-03 -4.212721e-04 9.999694e-01 2.029214e+01
9.999966e-01 1.799132e-03 1.872765e-03 2.252163e+00 -1.799685e-03 9.999983e-01 2.935896e-04 -4.963095e-02 -1.872234e-03 -2.969596e-04 9.999982e-01 2.050432e+01
9.999423e-01 -6.603388e-04 -1.072458e-02 3.344241e+00 6.613532e-04 9.999998e-01 9.101521e-05 -1.011951e-01 1.072452e-02 -9.810203e-05 9.999425e-01 2.100353e+01
9.999933e-01 2.010528e-03 3.072432e-03 4.302506e+00 -2.012167e-03 9.999978e-01 5.304572e-04 -1.190357e-01 -3.071360e-03 -5.366365e-04 9.999951e-01 2.076364e+01
9.999762e-01 -1.060353e-03 -6.823318e-03 4.918899e+00 1.061522e-03 9.999994e-01 1.675959e-04 -1.164398e-01 6.823137e-03 -1.748343e-04 9.999767e-01 1.998609e+01
9.999952e-01 1.799675e-03 2.510695e-03 4.946806e+00 -1.800832e-03 9.999983e-01 4.584903e-04 -1.110105e-01 -2.509866e-03 -4.630101e-04 9.999967e-01 1.916515e+01
9.999655e-01 -1.402290e-03 -8.185402e-03 4.616923e+00 1.402210e-03 9.999990e-01 -1.559825e-05 -9.868034e-02 8.185416e-03 4.120712e-06 9.999665e-01 1.847055e+01
9.999870e-01 2.212314e-03 4.604744e-03 4.908473e+00 -2.215158e-03 9.999974e-01 6.124025e-04 -9.593220e-02 -4.603378e-03 -6.225953e-04 9.999892e-01 1.771776e+01
9.999672e-01 -1.350910e-03 -7.988889e-03 5.248858e+00 1.351264e-03 9.999991e-01 3.879539e-05 -9.173132e-02 7.988830e-03 -4.958856e-05 9.999681e-01 1.683422e+01
9.999840e-01 2.121445e-03 5.239400e-03 5.532698e+00 -2.124559e-03 9.999976e-01 5.888771e-04 -8.736372e-02 -5.238138e-03 -5.999997e-04 9.999861e-01 1.590757e+01
9.999614e-01 -1.412270e-03 -8.668368e-03 5.829543e+00 1.412279e-03 9.999990e-01 -5.128867e-06 -8.544094e-02 8.668367e-03 -7.112835e-06 9.999624e-01 1.521904e+01
9.999852e-01 2.177249e-03 4.980851e-03 6.225962e+00 -2.180593e-03 9.999974e-01 6.659907e-04 -8.495832e-02 -4.979388e-03 -6.768427e-04 9.999874e-01 1.457507e+01
9.999524e-01 -1.399073e-03 -9.651608e-03 6.688673e+00 1.398516e-03 9.999990e-01 -6.450626e-05 -9.168573e-02 9.651689e-03 5.100591e-05 9.999534e-01 1.425442e+01
9.999815e-01 2.000134e-03 5.753104e-03 6.956507e+00 -2.004126e-03 9.999978e-01 6.882563e-04 -9.348277e-02 -5.751715e-03 -6.997741e-04 9.999832e-01 1.373544e+01
9.999524e-01 -1.360092e-03 -9.658789e-03 7.192244e+00 1.359167e-03 9.999991e-01 -1.024311e-04 -9.498825e-02 9.658919e-03 8.929896e-05 9.999533e-01 1.316415e+01
9.999862e-01 2.022691e-03 4.854046e-03 7.792796e+00 -2.021745e-03 9.999979e-01 -1.998096e-04 -1.485615e-01 -4.854441e-03 1.899925e-04 9.999882e-01 1.452960e+01
9.999195e-01 -1.060357e-03 -1.264744e-02 8.492520e+00 1.050353e-03 9.999991e-01 -7.976407e-04 -2.237719e-01 1.264827e-02 7.842928e-04 9.999197e-01 1.608511e+01
9.999766e-01 1.789783e-03 6.598218e-03 8.891186e+00 -1.798296e-03 9.999976e-01 1.284414e-03 -2.439716e-01 -6.595903e-03 -1.296250e-03 9.999774e-01 1.621688e+01
9.999339e-01 -1.231848e-03 -1.143344e-02 9.141737e+00 1.223495e-03 9.999990e-01 -7.376081e-04 -2.503920e-01 1.143434e-02 7.235712e-04 9.999344e-01 1.599179e+01
9.999809e-01 1.793645e-03 5.912686e-03 9.469976e+00 -1.801508e-03 9.999975e-01 1.324589e-03 -2.601767e-01 -5.910295e-03 -1.335216e-03 9.999816e-01 1.589204e+01
9.999307e-01 -1.228719e-03 -1.171223e-02 9.806128e+00 1.210927e-03 9.999981e-01 -1.526169e-03 -3.060428e-01 1.171408e-02 1.511881e-03 9.999302e-01 1.708543e+01
9.999746e-01 1.827978e-03 6.884302e-03 9.981794e+00 -1.833362e-03 9.999980e-01 7.758557e-04 -3.512434e-01 -6.882870e-03 -7.884581e-04 9.999760e-01 1.844031e+01
9.999304e-01 -1.599713e-03 -1.168856e-02 9.957582e+00 1.593404e-03 9.999986e-01 -5.491141e-04 -3.619130e-01 1.168942e-02 5.304520e-04 9.999315e-01 1.883881e+01
9.999707e-01 1.865033e-03 7.423304e-03 9.970839e+00 -1.869015e-03 9.999981e-01 5.294676e-04 -3.788747e-01 -7.422302e-03 -5.433270e-04 9.999723e-01 1.946143e+01
9.999171e-01 -1.568063e-03 -1.277881e-02 9.975157e+00 1.563905e-03 9.999987e-01 -3.354003e-04 -3.913244e-01 1.277932e-02 3.153883e-04 9.999183e-01 1.991430e+01
9.999738e-01 1.697070e-03 7.034953e-03 9.827861e+00 -1.700210e-03 9.999985e-01 4.403063e-04 -3.907286e-01 -7.034195e-03 -4.522563e-04 9.999752e-01 2.032535e+01
9.998779e-01 -1.666821e-03 -1.553461e-02 9.115047e+00 1.662069e-03 9.999986e-01 -3.188186e-04 -3.594473e-01 1.553512e-02 2.929607e-04 9.998793e-01 2.060624e+01
9.999685e-01 1.566872e-03 7.778119e-03 8.494369e+00 -1.570177e-03 9.999987e-01 4.188294e-04 -3.297483e-01 -7.777453e-03 -4.310298e-04 9.999697e-01 2.093639e+01
9.999029e-01 -1.365148e-03 -1.386625e-02 8.298498e+00 1.363250e-03 9.999991e-01 -1.463539e-04 -3.254230e-01 1.386644e-02 1.274372e-04 9.999038e-01 2.115683e+01
9.999656e-01 1.505305e-03 8.151269e-03 8.057395e+00 -1.509344e-03 9.999987e-01 4.894084e-04 -3.235360e-01 -8.150523e-03 -5.016953e-04 9.999667e-01 2.126010e+01
9.999023e-01 -1.054853e-03 -1.394066e-02 8.132628e+00 1.054712e-03 9.999994e-01 -1.748099e-05 -3.340655e-01 1.394067e-02 2.776537e-06 9.999028e-01 2.123909e+01
9.999551e-01 1.621918e-03 9.339522e-03 8.281847e+00 -1.627936e-03 9.999985e-01 6.366816e-04 -3.389045e-01 -9.338475e-03 -6.518578e-04 9.999562e-01 2.089921e+01
9.998762e-01 -1.291837e-03 -1.568120e-02 8.276231e+00 1.289806e-03 9.999992e-01 -1.396297e-04 -3.399006e-01 1.568137e-02 1.193874e-04 9.998770e-01 2.086640e+01
9.999555e-01 1.458554e-03 9.316586e-03 8.025709e+00 -1.463685e-03 9.999988e-01 5.439181e-04 -3.354264e-01 -9.315782e-03 -5.575311e-04 9.999565e-01 2.099919e+01
9.998625e-01 -1.443989e-03 -1.651728e-02 7.482613e+00 1.438126e-03 9.999989e-01 -3.668535e-04 -3.162527e-01 1.651779e-02 3.430498e-04 9.998635e-01 2.116356e+01
9.999547e-01 1.482041e-03 9.399595e-03 6.911757e+00 -1.486803e-03 9.999988e-01 4.996951e-04 -2.994353e-01 -9.398843e-03 -5.136484e-04 9.999557e-01 2.129770e+01
9.998716e-01 -1.446240e-03 -1.595858e-02 6.401743e+00 1.438589e-03 9.999988e-01 -4.909259e-04 -2.843539e-01 1.595927e-02 4.679057e-04 9.998725e-01 2.161401e+01
9.999549e-01 1.485352e-03 9.378277e-03 5.887695e+00 -1.489698e-03 9.999988e-01 4.564152e-04 -2.654705e-01 -9.377588e-03 -4.703661e-04 9.999559e-01 2.197774e+01
9.998655e-01 -1.523809e-03 -1.632698e-02 5.327879e+00 1.514186e-03 9.999987e-01 -6.017846e-04 -2.370160e-01 1.632787e-02 5.769823e-04 9.998665e-01 2.252093e+01
9.999423e-01 1.597904e-03 1.061997e-02 5.116172e+00 -1.605326e-03 9.999985e-01 6.903594e-04 -2.305783e-01 -1.061885e-02 -7.073687e-04 9.999434e-01 2.290254e+01
9.998482e-01 -9.783113e-04 -1.739348e-02 5.440255e+00 9.747300e-04 9.999995e-01 -2.143935e-04 -2.510195e-01 1.739368e-02 1.974077e-04 9.998487e-01 2.315086e+01
9.999350e-01 1.615563e-03 1.128920e-02 5.705430e+00 -1.624091e-03 9.999984e-01 7.462109e-04 -2.625865e-01 -1.128798e-02 -7.644977e-04 9.999360e-01 2.323840e+01
9.998502e-01 -1.424739e-03 -1.724902e-02 5.603345e+00 1.416822e-03 9.999989e-01 -4.711932e-04 -2.606020e-01 1.724968e-02 4.466844e-04 9.998511e-01 2.353902e+01
9.999447e-01 1.750233e-03 1.036804e-02 5.459371e+00 -1.759758e-03 9.999980e-01 9.096395e-04 -2.544304e-01 -1.036643e-02 -9.278350e-04 9.999458e-01 2.363442e+01
9.998622e-01 -1.240271e-03 -1.655514e-02 5.708483e+00 1.232962e-03 9.999991e-01 -4.516997e-04 -2.633573e-01 1.655569e-02 4.312262e-04 9.998629e-01 2.367961e+01
9.999438e-01 1.728234e-03 1.046288e-02 5.849420e+00 -1.737383e-03 9.999981e-01 8.653781e-04 -2.801446e-01 -1.046136e-02 -8.835081e-04 9.999449e-01 2.402804e+01
9.998416e-01 -1.604213e-03 -1.772358e-02 5.423513e+00 1.592411e-03 9.999985e-01 -6.800206e-04 -2.635145e-01 1.772465e-02 6.516903e-04 9.998427e-01 2.423823e+01
9.999391e-01 1.830066e-03 1.088382e-02 5.235816e+00 -1.841739e-03 9.999977e-01 1.062534e-03 -2.590893e-01 -1.088185e-02 -1.082515e-03 9.999402e-01 2.420734e+01
9.998441e-01 -1.449340e-03 -1.759958e-02 5.264286e+00 1.438216e-03 9.999988e-01 -6.447358e-04 -2.604420e-01 1.760049e-02 6.193239e-04 9.998449e-01 2.431457e+01
9.999434e-01 1.725920e-03 1.049637e-02 5.227391e+00 -1.737207e-03 9.999979e-01 1.066190e-03 -2.554617e-01 -1.049451e-02 -1.084365e-03 9.999443e-01 2.453869e+01
9.998398e-01 -1.312238e-03 -1.784870e-02 5.398307e+00 1.299170e-03 9.999989e-01 -7.437830e-04 -2.570525e-01 1.784965e-02 7.204760e-04 9.998404e-01 2.467944e+01
9.999320e-01 1.518994e-03 1.156123e-02 5.207907e+00 -1.532376e-03 9.999982e-01 1.148626e-03 -2.504156e-01 -1.155947e-02 -1.166265e-03 9.999325e-01 2.476973e+01
9.998356e-01 -1.099691e-03 -1.809982e-02 5.063079e+00 1.087832e-03 9.999992e-01 -6.650573e-04 -2.438862e-01 1.810053e-02 6.452590e-04 9.998360e-01 2.455058e+01
9.999434e-01 1.298626e-03 1.056339e-02 4.536282e+00 -1.309296e-03 9.999986e-01 1.003212e-03 -2.223963e-01 -1.056207e-02 -1.016987e-03 9.999437e-01 2.447252e+01
9.998169e-01 -1.105765e-03 -1.910180e-02 3.975721e+00 1.089562e-03 9.999990e-01 -8.586362e-04 -1.914051e-01 1.910273e-02 8.376670e-04 9.998172e-01 2.458293e+01
9.998909e-01 1.784388e-03 1.466306e-02 4.260883e+00 -1.806083e-03 9.999973e-01 1.466447e-03 -1.887643e-01 -1.466040e-02 -1.492770e-03 9.998914e-01 2.400423e+01
9.997800e-01 -8.609109e-04 -2.095531e-02 4.995093e+00 8.488898e-04 9.999995e-01 -5.825632e-04 -1.939079e-01 2.095580e-02 5.646469e-04 9.997802e-01 2.356821e+01
9.999161e-01 1.575859e-03 1.285973e-02 5.579458e+00 -1.592384e-03 9.999979e-01 1.274828e-03 -2.168072e-01 -1.285770e-02 -1.295199e-03 9.999165e-01 2.367189e+01
9.998226e-01 -1.208284e-03 -1.879891e-02 5.683342e+00 1.190786e-03 9.999988e-01 -9.419809e-04 -2.281144e-01 1.880003e-02 9.194289e-04 9.998228e-01 2.397279e+01
9.999339e-01 1.721876e-03 1.136567e-02 6.096205e+00 -1.739592e-03 9.999973e-01 1.549024e-03 -2.514694e-01 -1.136297e-02 -1.568694e-03 9.999342e-01 2.421239e+01
9.998235e-01 -1.124187e-03 -1.875329e-02 6.513795e+00 1.106074e-03 9.999989e-01 -9.762085e-04 -2.759461e-01 1.875437e-02 9.552943e-04 9.998237e-01 2.447194e+01
9.999164e-01 1.957089e-03 1.278211e-02 6.987482e+00 -1.978588e-03 9.999966e-01 1.669474e-03 -2.809620e-01 -1.277880e-02 -1.694625e-03 9.999169e-01 2.405173e+01
9.998527e-01 -1.152697e-03 -1.712436e-02 7.396065e+00 1.135709e-03 9.999989e-01 -1.001737e-03 -2.801524e-01 1.712549e-02 9.821420e-04 9.998529e-01 2.334297e+01
9.999067e-01 2.004114e-03 1.351266e-02 7.849387e+00 -2.026618e-03 9.999966e-01 1.651822e-03 -2.771179e-01 -1.350930e-02 -1.679054e-03 9.999073e-01 2.252422e+01
9.998588e-01 -1.138682e-03 -1.676759e-02 8.316687e+00 1.120495e-03 9.999988e-01 -1.094072e-03 -2.739428e-01 1.676881e-02 1.075130e-03 9.998588e-01 2.176908e+01
9.999365e-01 1.728886e-03 1.113388e-02 8.699274e+00 -1.747183e-03 9.999971e-01 1.633764e-03 -2.953145e-01 -1.113102e-02 -1.653114e-03 9.999367e-01 2.192742e+01
9.998618e-01 -9.963209e-04 -1.659184e-02 9.126046e+00 9.759360e-04 9.999988e-01 -1.236691e-03 -3.163309e-01 1.659305e-02 1.220328e-03 9.998616e-01 2.209243e+01
9.999547e-01 1.822854e-03 9.340554e-03 9.699602e+00 -1.841054e-03 9.999964e-01 1.940184e-03 -3.331009e-01 -9.336984e-03 -1.957293e-03 9.999545e-01 2.205987e+01
9.998702e-01 -1.105391e-03 -1.607371e-02 1.013762e+01 1.086573e-03 9.999987e-01 -1.179423e-03 -3.432802e-01 1.607499e-02 1.161805e-03 9.998701e-01 2.192804e+01
9.999436e-01 1.730431e-03 1.048054e-02 1.039639e+01 -1.748990e-03 9.999969e-01 1.761892e-03 -3.453252e-01 -1.047746e-02 -1.780123e-03 9.999435e-01 2.154061e+01
9.998729e-01 -9.766567e-04 -1.591356e-02 1.079849e+01 9.604248e-04 9.999990e-01 -1.027641e-03 -3.491499e-01 1.591455e-02 1.012227e-03 9.998728e-01 2.108211e+01
9.999451e-01 1.738354e-03 1.033772e-02 1.132439e+01 -1.756660e-03 9.999969e-01 1.761850e-03 -3.538069e-01 -1.033462e-02 -1.779914e-03 9.999450e-01 2.066727e+01
9.998784e-01 -9.595832e-04 -1.556657e-02 1.182673e+01 9.424345e-04 9.999989e-01 -1.108967e-03 -3.593226e-01 1.556762e-02 1.094163e-03 9.998782e-01 2.028450e+01
9.999383e-01 1.702820e-03 1.097987e-02 1.230825e+01 -1.722495e-03 9.999969e-01 1.782709e-03 -3.606136e-01 -1.097680e-02 -1.801512e-03 9.999381e-01 1.975813e+01
9.998805e-01 -9.543800e-04 -1.543165e-02 1.272682e+01 9.370184e-04 9.999989e-01 -1.132286e-03 -3.632374e-01 1.543271e-02 1.117692e-03 9.998803e-01 1.929084e+01
9.999292e-01 1.505235e-03 1.180206e-02 1.303814e+01 -1.525534e-03 9.999974e-01 1.711122e-03 -3.702380e-01 -1.179945e-02 -1.729006e-03 9.999289e-01 1.902259e+01
9.998569e-01 -9.184821e-04 -1.689263e-02 1.343457e+01 8.996483e-04 9.999990e-01 -1.122503e-03 -3.862531e-01 1.689365e-02 1.107146e-03 9.998567e-01 1.899553e+01
9.999685e-01 1.744056e-03 7.747400e-03 1.414581e+01 -1.759404e-03 9.999965e-01 1.974632e-03 -4.123061e-01 -7.743930e-03 -1.988202e-03 9.999680e-01 1.906980e+01
9.998409e-01 -7.121478e-04 -1.782545e-02 1.488775e+01 6.896734e-04 9.999990e-01 -1.266948e-03 -4.448746e-01 1.782633e-02 1.254454e-03 9.998403e-01 1.931012e+01
9.999684e-01 1.715361e-03 7.768275e-03 1.567400e+01 -1.730681e-03 9.999966e-01 1.965770e-03 -4.744661e-01 -7.764876e-03 -1.979153e-03 9.999679e-01 1.943182e+01
9.998355e-01 -6.311633e-04 -1.812442e-02 1.661035e+01 6.091256e-04 9.999991e-01 -1.221429e-03 -4.928093e-01 1.812518e-02 1.210189e-03 9.998350e-01 1.924759e+01
9.999630e-01 1.419155e-03 8.481706e-03 1.730560e+01 -1.436507e-03 9.999969e-01 2.039989e-03 -5.199608e-01 -8.478785e-03 -2.052098e-03 9.999619e-01 1.937562e+01
9.998415e-01 -5.941002e-04 -1.779547e-02 1.789627e+01 5.699003e-04 9.999989e-01 -1.364956e-03 -5.491355e-01 1.779626e-02 1.354599e-03 9.998407e-01 1.960968e+01
9.999591e-01 1.320791e-03 8.950492e-03 1.844802e+01 -1.339009e-03 9.999970e-01 2.029692e-03 -5.729256e-01 -8.947785e-03 -2.041594e-03 9.999579e-01 1.976115e+01
9.998388e-01 -4.627143e-04 -1.794928e-02 1.910214e+01 4.401004e-04 9.999991e-01 -1.263833e-03 -6.016616e-01 1.794985e-02 1.255730e-03 9.998381e-01 1.996410e+01
9.999373e-01 1.528843e-03 1.109104e-02 1.976674e+01 -1.550234e-03 9.999970e-01 1.920316e-03 -6.124291e-01 -1.108808e-02 -1.937389e-03 9.999366e-01 1.978006e+01
9.999020e-01 -5.140288e-04 -1.399083e-02 2.029935e+01 4.962241e-04 9.999991e-01 -1.276071e-03 -6.056018e-01 1.399147e-02 1.269004e-03 9.999013e-01 1.877532e+01
9.999751e-01 1.501966e-03 6.892564e-03 2.109677e+01 -1.516720e-03 9.999966e-01 2.135842e-03 -6.226876e-01 -6.889333e-03 -2.146244e-03 9.999740e-01 1.860552e+01
9.998834e-01 -4.732323e-04 -1.526323e-02 2.175283e+01 4.485353e-04 9.999986e-01 -1.621486e-03 -6.464249e-01 1.526397e-02 1.614452e-03 9.998822e-01 1.872747e+01
9.999584e-01 1.454427e-03 9.000033e-03 2.241655e+01 -1.476027e-03 9.999960e-01 2.393668e-03 -6.524510e-01 -8.996516e-03 -2.406853e-03 9.999566e-01 1.834671e+01
9.998421e-01 -5.399727e-04 -1.776377e-02 2.308771e+01 5.109709e-04 9.999985e-01 -1.637164e-03 -6.763569e-01 1.776463e-02 1.627830e-03 9.998409e-01 1.841270e+01
9.999529e-01 1.339313e-03 9.617164e-03 2.366650e+01 -1.361589e-03 9.999964e-01 2.310049e-03 -6.989556e-01 -9.614036e-03 -2.323035e-03 9.999511e-01 1.852763e+01
9.998258e-01 -2.989740e-04 -1.866083e-02 2.429418e+01 2.639962e-04 9.999982e-01 -1.876855e-03 -7.235373e-01 1.866136e-02 1.871602e-03 9.998241e-01 1.879745e+01
9.999480e-01 1.413596e-03 1.009958e-02 2.501071e+01 -1.438070e-03 9.999960e-01 2.416328e-03 -7.436648e-01 -1.009613e-02 -2.430727e-03 9.999461e-01 1.890859e+01
9.998443e-01 -2.661489e-04 -1.764645e-02 2.587841e+01 2.371951e-04 9.999986e-01 -1.642868e-03 -7.560392e-01 1.764686e-02 1.638427e-03 9.998429e-01 1.866009e+01
9.999471e-01 1.432827e-03 1.018617e-02 2.684900e+01 -1.457960e-03 9.999959e-01 2.460309e-03 -7.660355e-01 -1.018260e-02 -2.475031e-03 9.999451e-01 1.827444e+01
9.998353e-01 -4.109151e-04 -1.814300e-02 2.756628e+01 3.777429e-04 9.999983e-01 -1.831789e-03 -7.839392e-01 1.814372e-02 1.824634e-03 9.998337e-01 1.825428e+01
9.999502e-01 1.409961e-03 9.879829e-03 2.824216e+01 -1.435181e-03 9.999957e-01 2.545981e-03 -8.021129e-01 -9.876197e-03 -2.560034e-03 9.999480e-01 1.826699e+01
9.998220e-01 -4.318167e-04 -1.886362e-02 2.890864e+01 3.945897e-04 9.999980e-01 -1.977185e-03 -8.264566e-01 1.886444e-02 1.969390e-03 9.998201e-01 1.841250e+01
9.999605e-01 1.508123e-03 8.757942e-03 2.972806e+01 -1.530975e-03 9.999954e-01 2.603065e-03 -8.402616e-01 -8.753976e-03 -2.616371e-03 9.999583e-01 1.828426e+01
9.998769e-01 -9.970166e-04 -1.565808e-02 2.989861e+01 9.628339e-04 9.999971e-01 -2.190489e-03 -8.376079e-01 1.566022e-02 2.175143e-03 9.998750e-01 1.852326e+01
9.999748e-01 1.698099e-03 6.897067e-03 3.008348e+01 -1.715669e-03 9.999953e-01 2.542198e-03 -8.339529e-01 -6.892718e-03 -2.553967e-03 9.999730e-01 1.882919e+01
9.998534e-01 -4.502267e-04 -1.711404e-02 3.128250e+01 4.209695e-04 9.999984e-01 -1.713135e-03 -8.439826e-01 1.711479e-02 1.705680e-03 9.998521e-01 1.835168e+01
9.999692e-01 1.587165e-03 7.689885e-03 3.229028e+01 -1.606043e-03 9.999957e-01 2.449211e-03 -8.522762e-01 -7.685964e-03 -2.461486e-03 9.999674e-01 1.794565e+01
9.998638e-01 -7.147525e-04 -1.649106e-02 3.294519e+01 6.846243e-04 9.999981e-01 -1.832549e-03 -8.648610e-01 1.649234e-02 1.821010e-03 9.998623e-01 1.789252e+01
9.999590e-01 1.623831e-03 8.912798e-03 3.357977e+01 -1.646680e-03 9.999954e-01 2.556851e-03 -8.623508e-01 -8.908605e-03 -2.571423e-03 9.999570e-01 1.759869e+01
9.997650e-01 -1.911920e-04 -2.167874e-02 3.480825e+01 1.590002e-04 9.999989e-01 -1.486682e-03 -8.917583e-01 2.167900e-02 1.482886e-03 9.997639e-01 1.766757e+01
9.999602e-01 1.794430e-03 8.736426e-03 3.595061e+01 -1.811620e-03 9.999964e-01 1.960048e-03 -9.250637e-01 -8.732878e-03 -1.975797e-03 9.999599e-01 1.787810e+01
9.998656e-01 -7.856980e-04 -1.637502e-02 3.672496e+01 7.630228e-04 9.999987e-01 -1.390977e-03 -9.359537e-01 1.637610e-02 1.378296e-03 9.998650e-01 1.771063e+01
9.999410e-01 1.505435e-03 1.075436e-02 3.724085e+01 -1.527010e-03 9.999968e-01 1.998159e-03 -9.455677e-01 -1.075131e-02 -2.014464e-03 9.999402e-01 1.755791e+01
9.998691e-01 -6.435695e-04 -1.616780e-02 3.782940e+01 6.220284e-04 9.999989e-01 -1.337372e-03 -9.505975e-01 1.616865e-02 1.327141e-03 9.998684e-01 1.711973e+01
9.999399e-01 1.306246e-03 1.088399e-02 3.823275e+01 -1.327861e-03 9.999972e-01 1.978837e-03 -9.660828e-01 -1.088137e-02 -1.993171e-03 9.999388e-01 1.707182e+01
9.997052e-01 4.526188e-05 -2.428116e-02 3.956111e+01 -6.603555e-05 9.999996e-01 -8.547673e-04 -1.004158e+00 2.428112e-02 8.561192e-04 9.997048e-01 1.718342e+01
9.999304e-01 1.601109e-03 1.168904e-02 4.090049e+01 -1.622162e-03 9.999971e-01 1.791712e-03 -1.029997e+00 -1.168613e-02 -1.810550e-03 9.999301e-01 1.709955e+01
9.998350e-01 -9.556533e-04 -1.813885e-02 4.108740e+01 9.319629e-04 9.999987e-01 -1.314493e-03 -1.032023e+00 1.814008e-02 1.297372e-03 9.998346e-01 1.716061e+01
9.999268e-01 1.441698e-03 1.201725e-02 4.110571e+01 -1.464069e-03 9.999972e-01 1.852916e-03 -1.028494e+00 -1.201455e-02 -1.870375e-03 9.999261e-01 1.702788e+01
9.998512e-01 -6.044880e-04 -1.724226e-02 4.171496e+01 5.857362e-04 9.999992e-01 -1.092613e-03 -1.029897e+00 1.724291e-02 1.082351e-03 9.998507e-01 1.646270e+01
9.999305e-01 1.340486e-03 1.171654e-02 4.224870e+01 -1.361873e-03 9.999974e-01 1.817571e-03 -1.039477e+00 -1.171407e-02 -1.833402e-03 9.999297e-01 1.618054e+01
9.998277e-01 -6.051584e-04 -1.855253e-02 4.271622e+01 5.809795e-04 9.999990e-01 -1.308662e-03 -1.060358e+00 1.855330e-02 1.297658e-03 9.998270e-01 1.627885e+01
9.999545e-01 1.546461e-03 9.410018e-03 4.348159e+01 -1.565454e-03 9.999968e-01 2.011265e-03 -1.081401e+00 -9.406877e-03 -2.025905e-03 9.999537e-01 1.627703e+01
9.998155e-01 -2.528087e-04 -1.920687e-02 4.442139e+01 2.285376e-04 9.999992e-01 -1.265877e-03 -1.105484e+00 1.920717e-02 1.261255e-03 9.998147e-01 1.630144e+01
9.999105e-01 1.418607e-03 1.330686e-02 4.522949e+01 -1.444083e-03 9.999971e-01 1.905044e-03 -1.111968e+00 -1.330412e-02 -1.924090e-03 9.999096e-01 1.588371e+01
9.998732e-01 -6.801200e-05 -1.592387e-02 4.679688e+01 5.424064e-05 9.999996e-01 -8.652897e-04 -1.154435e+00 1.592392e-02 8.643168e-04 9.998728e-01 1.569788e+01
9.999424e-01 1.506015e-03 1.062427e-02 4.824394e+01 -1.514811e-03 9.999985e-01 8.198910e-04 -1.191938e+00 -1.062302e-02 -8.359381e-04 9.999432e-01 1.547419e+01
9.998851e-01 -5.835238e-04 -1.514783e-02 4.887457e+01 5.820897e-04 9.999998e-01 -9.912005e-05 -1.192092e+00 1.514789e-02 9.029176e-05 9.998853e-01 1.483319e+01
9.999739e-01 1.715528e-03 7.022738e-03 4.981835e+01 -1.721894e-03 9.999981e-01 9.005287e-04 -1.201523e+00 -7.021180e-03 -9.125981e-04 9.999749e-01 1.445720e+01
9.998693e-01 -6.350663e-04 -1.615742e-02 5.051787e+01 6.287618e-04 9.999997e-01 -3.953025e-04 -1.220375e+00 1.615766e-02 3.850922e-04 9.998694e-01 1.458702e+01
9.999786e-01 1.787322e-03 6.293765e-03 5.122789e+01 -1.792565e-03 9.999981e-01 8.274156e-04 -1.243067e+00 -6.292274e-03 -8.386803e-04 9.999799e-01 1.482541e+01
9.999008e-01 -8.587733e-04 -1.405618e-02 5.181205e+01 8.526619e-04 9.999995e-01 -4.408067e-04 -1.255065e+00 1.405655e-02 4.287783e-04 9.999011e-01 1.487365e+01
9.999550e-01 1.732155e-03 9.324344e-03 5.223386e+01 -1.742345e-03 9.999979e-01 1.084814e-03 -1.253251e+00 -9.322445e-03 -1.101012e-03 9.999559e-01 1.441668e+01
9.998282e-01 -7.792475e-04 -1.852017e-02 5.296538e+01 7.694221e-04 9.999996e-01 -5.376737e-04 -1.288377e+00 1.852059e-02 5.233320e-04 9.998283e-01 1.475842e+01
9.999917e-01 3.205327e-03 -2.522288e-03 5.515493e+01 -3.202597e-03 9.999943e-01 1.086077e-03 -1.380871e+00 2.525755e-03 -1.077991e-03 9.999962e-01 1.580653e+01
9.998867e-01 -9.551528e-04 -1.502255e-02 5.686388e+01 9.431239e-04 9.999992e-01 -8.078269e-04 -1.448663e+00 1.502331e-02 7.935677e-04 9.998868e-01 1.658755e+01
