9.999872e-01 -2.096308e-04 -5.048975e-03 -2.977818e-01 2.149432e-04 9.999994e-01 1.051654e-03 1.393635e-02 5.048751e-03 -1.052727e-03 9.999867e-01 4.514718e-01
9.999995e-01 2.739771e-04 -9.819809e-04 -3.399540e-01 -2.741608e-04 9.999999e-01 -1.870105e-04 1.760678e-02 9.819299e-04 1.872804e-04 9.999995e-01 5.555646e-01
9.999857e-01 -2.871730e-05 -5.349611e-03 -1.833534e-01 3.355655e-05 9.999996e-01 9.045151e-04 1.779561e-02 5.349582e-03 -9.046824e-04 9.999853e-01 6.215248e-01
9.999977e-01 -1.019761e-04 2.134274e-03 -2.850031e-01 1.024348e-04 1.000000e+00 -2.148225e-04 1.106472e-02 -2.134252e-03 2.150414e-04 9.999977e-01 1.375429e+00
9.999898e-01 -2.830494e-04 -4.509083e-03 -4.482789e-01 2.857115e-04 9.999998e-01 5.897560e-04 2.226734e-03 4.508915e-03 -5.910390e-04 9.999897e-01 2.538399e+00
9.999989e-01 1.355569e-04 -1.480398e-03 -9.598470e-01 -1.345056e-04 9.999997e-01 7.101815e-04 1.879303e-02 1.480494e-03 -7.099809e-04 9.999987e-01 2.873448e+00
9.999900e-01 -5.165439e-04 -4.443742e-03 -1.634342e+00 5.191066e-04 9.999997e-01 5.755853e-04 4.368593e-02 4.443443e-03 -5.778870e-04 9.999900e-01 3.389832e+00
9.999986e-01 4.457758e-04 -1.640297e-03 -2.060907e+00 -4.447533e-04 9.999997e-01 6.236833e-04 5.362986e-02 1.640575e-03 -6.229521e-04 9.999985e-01 3.503735e+00
9.999894e-01 -3.938348e-04 -4.587180e-03 -2.386858e+00 3.960223e-04 9.999998e-01 4.759753e-04 6.024070e-02 4.586991e-03 -4.777876e-04 9.999894e-01 3.546156e+00
9.999999e-01 4.546627e-04 2.394255e-04 -2.346747e+00 -4.547083e-04 9.999999e-01 1.908368e-04 4.815973e-02 -2.393384e-04 -1.909450e-04 1.000000e+00 3.813483e+00
9.999926e-01 -6.371624e-04 -3.804271e-03 -2.458988e+00 6.388005e-04 9.999997e-01 4.294030e-04 4.805181e-02 3.803996e-03 -4.318307e-04 9.999927e-01 4.490825e+00
9.999998e-01 3.058643e-04 -4.769389e-04 -2.549780e+00 -3.056752e-04 9.999999e-01 3.964664e-04 4.959600e-02 4.770604e-04 -3.963198e-04 9.999998e-01 5.028203e+00
9.999898e-01 -3.404270e-04 -4.501298e-03 -2.769231e+00 3.429145e-04 9.999998e-01 5.518791e-04 5.562731e-02 4.501109e-03 -5.534178e-04 9.999897e-01 5.363409e+00
9.999988e-01 5.996857e-04 -1.419955e-03 -2.755125e+00 -5.992792e-04 9.999998e-01 2.866412e-04 6.129847e-02 1.420127e-03 -2.857892e-04 9.999990e-01 5.628911e+00
9.999844e-01 -4.722812e-04 -5.569042e-03 -2.251407e+00 4.738666e-04 9.999998e-01 2.833709e-04 6.075241e-02 5.568907e-03 -2.860062e-04 9.999845e-01 5.775953e+00
9.999994e-01 5.597627e-04 -9.810409e-04 -1.902936e+00 -5.594908e-04 9.999998e-01 2.773914e-04 6.706499e-02 9.811964e-04 -2.768416e-04 9.999995e-01 6.110313e+00
9.999900e-01 -4.576403e-04 -4.448871e-03 -1.654528e+00 4.588762e-04 9.999999e-01 2.768001e-04 6.643573e-02 4.448743e-03 -2.788395e-04 9.999901e-01 6.529819e+00
9.999996e-01 2.846213e-04 9.043509e-04 -1.454241e+00 -2.848571e-04 9.999999e-01 2.607017e-04 4.770349e-02 -9.042763e-04 -2.609584e-04 9.999996e-01 7.197871e+00
9.999914e-01 -4.262114e-04 -4.130355e-03 -1.567884e+00 4.277202e-04 9.999998e-01 3.644357e-04 4.750348e-02 4.130198e-03 -3.661999e-04 9.999914e-01 7.916986e+00
9.999993e-01 5.707517e-04 -1.010616e-03 -1.449575e+00 -5.704073e-04 9.999998e-01 3.410338e-04 4.614112e-02 1.010811e-03 -3.404564e-04 9.999994e-01 8.268575e+00
9.999809e-01 -4.754396e-04 -6.169503e-03 -6.645475e-01 4.750523e-04 9.999999e-01 -6.423381e-05 2.815992e-02 6.169533e-03 6.130103e-05 9.999810e-01 8.318041e+00
9.999990e-01 4.454363e-04 1.333538e-03 -8.205544e-02 -4.455396e-04 9.999999e-01 7.718787e-05 1.655939e-02 -1.333503e-03 -7.778123e-05 9.999991e-01 8.173263e+00
9.999734e-01 -2.578590e-04 -7.282576e-03 3.610435e-01 2.593188e-04 9.999999e-01 1.995140e-04 8.967784e-03 7.282524e-03 -2.013980e-04 9.999735e-01 7.916179e+00
9.999995e-01 5.052254e-04 8.430282e-04 8.750424e-01 -5.054956e-04 9.999998e-01 3.204163e-04 -3.787987e-03 -8.428658e-04 -3.208416e-04 9.999996e-01 7.926409e+00
9.999754e-01 -4.905614e-04 -7.002272e-03 9.220709e-01 4.941981e-04 9.999997e-01 5.176455e-04 5.131208e-03 7.002016e-03 -5.210940e-04 9.999753e-01 8.037489e+00
9.999995e-01 5.286038e-04 8.268460e-04 1.030736e+00 -5.287187e-04 9.999999e-01 1.388384e-04 1.268937e-02 -8.267721e-04 -1.392748e-04 9.999996e-01 8.103514e+00
9.999786e-01 -5.579320e-04 -6.525365e-03 1.221168e+00 5.574874e-04 9.999998e-01 -6.994341e-05 1.756626e-02 6.525403e-03 6.630339e-05 9.999787e-01 7.009682e+00
9.999996e-01 5.097521e-04 6.642610e-04 1.462202e+00 -5.099963e-04 9.999998e-01 3.675273e-04 1.826174e-02 -6.640732e-04 -3.678652e-04 9.999997e-01 6.429928e+00
9.999770e-01 -1.915809e-04 -6.773931e-03 1.851604e+00 1.929117e-04 1.000000e+00 1.958196e-04 1.387477e-02 6.773893e-03 -1.971225e-04 9.999770e-01 6.579105e+00
9.999999e-01 2.738137e-06 3.402819e-04 1.546829e+00 -3.090168e-06 9.999995e-01 1.034761e-03 3.230452e-02 -3.402785e-04 -1.034761e-03 9.999994e-01 6.856995e+00
9.999722e-01 -1.197818e-04 -7.449022e-03 1.000444e+00 1.226162e-04 9.999999e-01 3.800611e-04 5.554126e-02 7.448976e-03 -3.809646e-04 9.999722e-01 7.000690e+00
9.999989e-01 8.776095e-05 1.448697e-03 7.449147e-01 -8.879540e-05 9.999997e-01 7.140590e-04 6.376340e-02 -1.448634e-03 -7.141861e-04 9.999987e-01 7.128603e+00
9.999731e-01 -1.239591e-05 -7.337273e-03 5.874305e-01 1.465212e-05 1.000000e+00 3.074571e-04 6.660669e-02 7.337268e-03 -3.075570e-04 9.999730e-01 7.214913e+00
9.999986e-01 3.893800e-05 1.643609e-03 7.476954e-01 -3.904806e-05 1.000000e+00 6.698608e-05 6.658939e-02 -1.643606e-03 -6.704947e-05 9.999986e-01 6.760909e+00
9.999794e-01 -6.201248e-05 -6.411457e-03 9.065327e-01 6.546532e-05 9.999999e-01 5.383468e-04 5.655211e-02 6.411423e-03 -5.387562e-04 9.999793e-01 6.993743e+00
9.999976e-01 1.193195e-04 2.193230e-03 8.604530e-01 -1.197853e-04 1.000000e+00 2.123036e-04 4.719089e-02 -2.193204e-03 -2.125651e-04 9.999976e-01 7.342792e+00
9.999668e-01 -1.220189e-04 -8.144264e-03 5.769598e-01 1.292605e-04 9.999996e-01 8.886482e-04 5.471805e-02 8.144152e-03 -8.896722e-04 9.999664e-01 7.503729e+00
9.999988e-01 1.277521e-04 1.567325e-03 1.568135e-01 -1.283734e-04 9.999999e-01 3.963578e-04 7.074240e-02 -1.567274e-03 -3.965578e-04 9.999987e-01 7.574072e+00
9.999631e-01 -5.159799e-04 -8.577874e-03 -5.230951e-01 5.256151e-04 9.999992e-01 1.121051e-03 1.079670e-01 8.577289e-03 -1.125519e-03 9.999626e-01 7.964322e+00
9.999956e-01 9.660499e-04 2.804569e-03 -2.296405e-02 -9.653250e-04 9.999995e-01 -2.597855e-04 7.861508e-02 -2.804819e-03 2.570778e-04 9.999960e-01 8.349034e+00
9.999390e-01 -1.684601e-04 -1.104591e-02 1.037460e+00 1.770989e-04 9.999997e-01 7.811216e-04 3.913753e-02 1.104577e-02 -7.830308e-04 9.999387e-01 8.629788e+00
9.999944e-01 9.696511e-04 3.190316e-03 1.954053e+00 -9.685329e-04 9.999995e-01 -3.519972e-04 7.057724e-03 -3.190655e-03 3.489060e-04 9.999948e-01 8.862048e+00
9.999584e-01 -9.304799e-04 -9.068972e-03 1.884824e+00 9.420899e-04 9.999987e-01 1.276007e-03 1.092352e-02 9.067773e-03 -1.284499e-03 9.999581e-01 8.970893e+00
9.999972e-01 1.022420e-03 2.139772e-03 1.458366e+00 -1.022369e-03 9.999995e-01 -2.467140e-05 2.476100e-02 -2.139796e-03 2.248440e-05 9.999977e-01 8.930185e+00
9.999574e-01 -8.978258e-04 -9.183515e-03 9.881364e-01 9.098659e-04 9.999987e-01 1.306965e-03 3.574235e-02 9.182329e-03 -1.315266e-03 9.999570e-01 8.812576e+00
9.999940e-01 7.752072e-04 3.362717e-03 6.134741e-01 -7.750662e-04 9.999997e-01 -4.319566e-05 5.326032e-02 -3.362749e-03 4.058978e-05 9.999943e-01 9.144955e+00
9.999359e-01 -8.429683e-04 -1.128740e-02 -2.190783e-01 8.634367e-04 9.999980e-01 1.808651e-03 8.466465e-02 1.128586e-02 -1.818282e-03 9.999347e-01 9.349935e+00
9.999988e-01 6.953161e-04 1.373372e-03 -1.389789e+00 -6.954133e-04 9.999998e-01 7.037328e-05 1.282688e-01 -1.373323e-03 -7.132756e-05 9.999991e-01 9.067743e+00
9.999579e-01 -5.979410e-04 -9.157997e-03 -2.008280e+00 6.110862e-04 9.999988e-01 1.432671e-03 1.463309e-01 9.157129e-03 -1.438208e-03 9.999570e-01 9.003075e+00
9.999986e-01 5.786476e-04 1.543399e-03 -2.661154e+00 -5.788000e-04 9.999998e-01 9.841580e-05 1.710092e-01 -1.543342e-03 -9.930829e-05 9.999988e-01 9.078176e+00
9.999613e-01 -6.431979e-04 -8.774098e-03 -3.238927e+00 6.547050e-04 9.999989e-01 1.308686e-03 1.936700e-01 8.773247e-03 -1.314381e-03 9.999607e-01 9.191801e+00
9.999986e-01 6.496108e-04 1.537059e-03 -3.712089e+00 -6.496499e-04 9.999998e-01 2.506216e-05 2.131619e-01 -1.537042e-03 -2.605997e-05 9.999988e-01 9.250474e+00
9.999734e-01 -6.405816e-04 -7.259715e-03 -3.867966e+00 6.475024e-04 9.999993e-01 9.510162e-04 2.182539e-01 7.259101e-03 -9.556924e-04 9.999732e-01 9.418221e+00
9.999960e-01 7.781272e-04 2.723749e-03 -3.777163e+00 -7.773425e-04 9.999997e-01 -2.891037e-04 2.080756e-01 -2.723973e-03 2.869860e-04 9.999962e-01 9.703863e+00
9.999701e-01 -1.937847e-04 -7.734104e-03 -3.182861e+00 1.984290e-04 9.999998e-01 5.997502e-04 1.737428e-01 7.733986e-03 -6.012676e-04 9.999699e-01 1.017490e+01
9.999931e-01 4.314028e-04 3.683460e-03 -2.947299e+00 -4.304967e-04 9.999999e-01 -2.467479e-04 1.546370e-01 -3.683566e-03 2.451612e-04 9.999932e-01 1.062173e+01
9.999288e-01 -4.251761e-04 -1.192747e-02 -3.759459e+00 4.487959e-04 9.999979e-01 1.977685e-03 1.824281e-01 1.192660e-02 -1.982898e-03 9.999269e-01 1.062565e+01
9.999950e-01 4.559568e-04 3.113950e-03 -4.684058e+00 -4.554877e-04 9.999999e-01 -1.513318e-04 2.126773e-01 -3.114019e-03 1.499134e-04 9.999951e-01 1.054689e+01
9.999549e-01 -8.542046e-06 -9.500739e-03 -4.094921e+00 1.217768e-05 9.999999e-01 3.826254e-04 2.029802e-01 9.500734e-03 -3.827245e-04 9.999548e-01 1.044063e+01
9.999985e-01 1.953921e-04 1.717912e-03 -2.782972e+00 -1.940311e-04 9.999997e-01 -7.922742e-04 1.908973e-01 -1.718066e-03 7.919404e-04 9.999982e-01 9.952863e+00
9.999612e-01 7.313538e-05 -8.813033e-03 -1.947155e+00 -6.246075e-05 9.999993e-01 1.211518e-03 1.650490e-01 8.813115e-03 -1.210922e-03 9.999604e-01 1.007918e+01
9.999910e-01 2.028695e-04 4.238265e-03 -1.678554e+00 -1.998493e-04 9.999997e-01 -7.129855e-04 1.479549e-01 -4.238408e-03 7.121328e-04 9.999908e-01 1.044214e+01
9.999546e-01 -1.597687e-04 -9.526211e-03 -1.764261e+00 1.758869e-04 9.999986e-01 1.691193e-03 1.530771e-01 9.525927e-03 -1.692792e-03 9.999532e-01 1.071189e+01
9.999874e-01 3.774616e-05 5.012942e-03 -1.855166e+00 -3.335796e-05 9.999996e-01 -8.754260e-04 1.569403e-01 -5.012972e-03 8.752484e-04 9.999871e-01 1.109328e+01
9.999421e-01 4.269000e-04 -1.075197e-02 -1.140937e+00 -4.190019e-04 9.999996e-01 7.368276e-04 1.460214e-01 1.075228e-02 -7.322806e-04 9.999419e-01 1.085301e+01
9.999969e-01 -3.722102e-04 2.447103e-03 -6.423931e-02 3.741912e-04 9.999996e-01 -8.090266e-04 1.432538e-01 -2.446801e-03 8.099405e-04 9.999967e-01 1.023806e+01
9.999421e-01 3.880802e-04 -1.075032e-02 5.603612e-01 -3.780978e-04 9.999995e-01 9.306030e-04 1.514445e-01 1.075067e-02 -9.264852e-04 9.999418e-01 9.537138e+00
9.999972e-01 -1.545615e-06 2.346563e-03 1.911670e+00 5.460025e-06 9.999986e-01 -1.668072e-03 1.498170e-01 -2.346557e-03 1.668081e-03 9.999959e-01 8.715639e+00
9.999480e-01 -3.062183e-04 -1.019207e-02 2.924174e+00 3.238197e-04 9.999985e-01 1.725375e-03 1.390592e-01 1.019152e-02 -1.728587e-03 9.999466e-01 8.378869e+00
9.999843e-01 2.735519e-04 5.605288e-03 2.945221e+00 -2.677903e-04 9.999994e-01 -1.028590e-03 1.412640e-01 -5.605566e-03 1.027073e-03 9.999838e-01 8.777262e+00
9.999408e-01 -2.137033e-04 -1.088280e-02 2.948985e+00 2.344462e-04 9.999982e-01 1.904798e-03 1.454967e-01 1.088237e-02 -1.907237e-03 9.999390e-01 9.178409e+00
9.999836e-01 3.623783e-05 5.723455e-03 2.818191e+00 -3.079726e-05 9.999995e-01 -9.506301e-04 1.515884e-01 -5.723486e-03 9.504390e-04 9.999832e-01 9.550838e+00
9.999447e-01 1.001959e-04 -1.051870e-02 3.030997e+00 -8.269202e-05 9.999986e-01 1.664507e-03 1.376178e-01 1.051885e-02 -1.663545e-03 9.999433e-01 9.992641e+00
9.999864e-01 -3.418201e-04 5.208465e-03 2.731181e+00 3.443015e-04 9.999998e-01 -4.754863e-04 1.517118e-01 -5.208301e-03 4.772738e-04 9.999863e-01 1.048822e+01
9.999384e-01 3.482988e-04 -1.109493e-02 2.571699e+00 -3.303939e-04 9.999986e-01 1.615599e-03 1.591602e-01 1.109548e-02 -1.611834e-03 9.999371e-01 1.079647e+01
9.999924e-01 -3.555287e-04 3.871908e-03 2.034086e+00 3.564216e-04 9.999999e-01 -2.298877e-04 1.802913e-01 -3.871826e-03 2.312667e-04 9.999925e-01 1.092591e+01
9.999372e-01 2.753120e-04 -1.120479e-02 1.371023e+00 -2.561541e-04 9.999985e-01 1.711210e-03 2.058145e-01 1.120525e-02 -1.708233e-03 9.999358e-01 1.106478e+01
9.999882e-01 -2.057131e-04 4.856879e-03 1.086729e+00 2.092511e-04 9.999997e-01 -7.279045e-04 2.129811e-01 -4.856728e-03 7.289129e-04 9.999879e-01 1.094234e+01
9.999561e-01 -6.266644e-05 -9.375176e-03 1.299664e+00 7.120745e-05 9.999996e-01 9.107114e-04 2.109515e-01 9.375115e-03 -9.113397e-04 9.999556e-01 1.079273e+01
9.999863e-01 -6.857479e-05 5.235147e-03 1.081170e+00 6.866818e-05 1.000000e+00 -1.762353e-05 2.172467e-01 -5.235146e-03 1.798346e-05 9.999863e-01 1.134461e+01
9.999471e-01 -1.968770e-05 -1.029012e-02 9.771221e-01 2.902793e-05 9.999996e-01 9.075577e-04 2.222702e-01 1.029010e-02 -9.078090e-04 9.999466e-01 1.169747e+01
9.999818e-01 -4.346202e-06 6.031749e-03 8.729689e-01 4.377231e-06 1.000000e+00 -5.099923e-06 2.269754e-01 -6.031749e-03 5.126920e-06 9.999818e-01 1.223825e+01
9.999413e-01 -1.588268e-04 -1.083252e-02 6.472454e-01 1.708331e-04 9.999994e-01 1.107458e-03 2.480650e-01 1.083234e-02 -1.109244e-03 9.999407e-01 1.300197e+01
9.999814e-01 -1.487138e-04 6.097153e-03 4.453176e-01 1.488919e-04 1.000000e+00 -2.872827e-05 2.665631e-01 -6.097148e-03 2.963623e-05 9.999814e-01 1.372177e+01
9.999265e-01 1.899502e-04 -1.212330e-02 3.520303e-01 -1.778690e-04 9.999995e-01 9.976170e-04 2.773432e-01 1.212348e-02 -9.953880e-04 9.999260e-01 1.400007e+01
9.999903e-01 -1.695669e-04 4.400233e-03 -3.994855e-01 1.668484e-04 9.999998e-01 6.182042e-04 3.034275e-01 -4.400337e-03 -6.174634e-04 9.999901e-01 1.403978e+01
9.999291e-01 -8.154379e-05 -1.191068e-02 -1.192968e+00 9.438607e-05 9.999994e-01 1.077673e-03 3.432177e-01 1.191059e-02 -1.078722e-03 9.999285e-01 1.434029e+01
9.999929e-01 -1.341699e-04 3.758685e-03 -2.056024e+00 1.316839e-04 9.999998e-01 6.616724e-04 3.862214e-01 -3.758773e-03 -6.611721e-04 9.999927e-01 1.457237e+01
9.999214e-01 1.685706e-04 -1.253302e-02 -3.050265e+00 -1.535377e-04 9.999993e-01 1.200429e-03 4.213445e-01 1.253322e-02 -1.198411e-03 9.999207e-01 1.448084e+01
9.999880e-01 -8.088297e-05 4.899729e-03 -3.576973e+00 8.034126e-05 1.000000e+00 1.107968e-04 4.384132e-01 -4.899738e-03 -1.104012e-04 9.999880e-01 1.433414e+01
9.999455e-01 8.369194e-05 -1.044125e-02 -3.592136e+00 -7.542230e-05 9.999997e-01 7.924260e-04 4.436274e-01 1.044132e-02 -7.915960e-04 9.999452e-01 1.462766e+01
9.999824e-01 6.828682e-05 5.937287e-03 -3.438497e+00 -6.754777e-05 1.000000e+00 -1.246417e-04 4.330845e-01 -5.937295e-03 1.242392e-04 9.999824e-01 1.503073e+01
9.999492e-01 2.321945e-05 -1.008326e-02 -3.356397e+00 -1.576260e-05 9.999997e-01 7.396267e-04 4.167227e-01 1.008328e-02 -7.394309e-04 9.999489e-01 1.545707e+01
9.999908e-01 -4.111663e-05 4.298213e-03 -3.670347e+00 3.946250e-05 9.999999e-01 3.849740e-04 4.227862e-01 -4.298228e-03 -3.848001e-04 9.999907e-01 1.558748e+01
9.999455e-01 2.044328e-04 -1.043418e-02 -3.980128e+00 -1.971603e-04 9.999997e-01 6.980375e-04 4.275707e-01 1.043432e-02 -6.959430e-04 9.999453e-01 1.549425e+01
9.999927e-01 -3.122633e-05 3.825022e-03 -4.204303e+00 3.035042e-05 1.000000e+00 2.291082e-04 4.324438e-01 -3.825029e-03 -2.289898e-04 9.999927e-01 1.519572e+01
9.999418e-01 1.959396e-04 -1.078323e-02 -4.501350e+00 -1.872689e-04 9.999997e-01 8.051185e-04 4.387802e-01 1.078338e-02 -8.030530e-04 9.999415e-01 1.484987e+01
9.999935e-01 -2.080782e-04 3.604965e-03 -5.226554e+00 2.056022e-04 9.999997e-01 6.872610e-04 4.655441e-01 -3.605107e-03 -6.865147e-04 9.999933e-01 1.501332e+01
9.999640e-01 1.642578e-05 -8.483262e-03 -5.521009e+00 -1.337898e-05 9.999999e-01 3.592370e-04 4.735308e-01 8.483267e-03 -3.591113e-04 9.999640e-01 1.542715e+01
9.999931e-01 -7.785310e-06 3.727226e-03 -5.591920e+00 6.112541e-06 9.999999e-01 4.488683e-04 4.670426e-01 -3.727229e-03 -4.488417e-04 9.999930e-01 1.572873e+01
9.999576e-01 1.287807e-06 -9.212186e-03 -5.814343e+00 3.863461e-06 9.999998e-01 5.591857e-04 4.691634e-01 9.212185e-03 -5.591983e-04 9.999574e-01 1.592947e+01
9.999961e-01 1.471305e-04 2.780518e-03 -6.076042e+00 -1.487132e-04 9.999998e-01 5.690767e-04 4.724214e-01 -2.780433e-03 -5.694873e-04 9.999960e-01 1.591020e+01
9.999743e-01 -9.469281e-05 -7.169207e-03 -5.869238e+00 9.489000e-05 1.000000e+00 2.719533e-05 4.560651e-01 7.169204e-03 -2.787559e-05 9.999743e-01 1.631924e+01
9.999940e-01 3.560820e-04 3.449116e-03 -5.573774e+00 -3.574676e-04 9.999999e-01 4.011907e-04 4.265465e-01 -3.448973e-03 -4.024206e-04 9.999940e-01 1.695623e+01
9.999723e-01 -6.222031e-04 -7.421149e-03 -5.777783e+00 6.259157e-04 9.999997e-01 4.979935e-04 4.314580e-01 7.420836e-03 -5.026254e-04 9.999723e-01 1.758048e+01
9.999936e-01 2.526381e-04 3.570282e-03 -5.980924e+00 -2.543282e-04 9.999999e-01 4.729999e-04 4.391750e-01 -3.570161e-03 -4.739042e-04 9.999935e-01 1.825408e+01
9.999541e-01 -2.437969e-04 -9.580661e-03 -5.874219e+00 2.407237e-04 9.999999e-01 -3.218926e-04 4.435063e-01 9.580738e-03 3.195708e-04 9.999541e-01 1.722221e+01
9.999964e-01 5.207008e-04 2.644698e-03 -6.382953e+00 -5.241848e-04 9.999990e-01 1.316917e-03 4.511314e-01 -2.644010e-03 -1.318298e-03 9.999956e-01 1.602611e+01
9.999919e-01 -7.917360e-04 -3.942451e-03 -6.392834e+00 7.879735e-04 9.999992e-01 -9.557638e-04 4.308086e-01 3.943204e-03 9.526488e-04 9.999918e-01 1.717238e+01
9.999993e-01 1.043899e-03 5.500930e-04 -6.157721e+00 -1.044418e-03 9.999990e-01 9.443312e-04 3.988829e-01 -5.491064e-04 -9.449044e-04 9.999994e-01 1.750990e+01
9.999797e-01 -1.034520e-03 -6.290127e-03 -6.237919e+00 1.029232e-03 9.999991e-01 -8.438950e-04 4.067023e-01 6.290994e-03 8.374032e-04 9.999799e-01 1.595020e+01
9.999994e-01 1.101153e-03 -7.073055e-05 -6.465621e+00 -1.101067e-03 9.999987e-01 1.193635e-03 4.154650e-01 7.204512e-05 -1.193555e-03 9.999993e-01 1.436642e+01
9.999805e-01 -1.017438e-03 -6.157566e-03 -6.624818e+00 1.012161e-03 9.999991e-01 -8.598796e-04 4.230460e-01 6.158435e-03 8.536297e-04 9.999807e-01 1.314745e+01
9.999973e-01 5.804447e-04 2.270338e-03 -7.328717e+00 -5.849375e-04 9.999979e-01 1.978821e-03 4.489546e-01 -2.269184e-03 -1.980143e-03 9.999955e-01 1.420791e+01
9.999773e-01 -1.333687e-03 -6.604385e-03 -8.130303e+00 1.329943e-03 9.999990e-01 -5.711916e-04 4.868700e-01 6.605140e-03 5.623945e-04 9.999780e-01 1.513253e+01
9.999989e-01 1.454072e-03 3.728549e-04 -8.088146e+00 -1.454520e-03 9.999982e-01 1.205153e-03 4.879514e-01 -3.711015e-04 -1.205693e-03 9.999992e-01 1.486961e+01
9.999784e-01 -1.334347e-03 -6.435995e-03 -7.627897e+00 1.328046e-03 9.999986e-01 -9.831638e-04 4.848035e-01 6.437298e-03 9.745946e-04 9.999788e-01 1.444083e+01
9.999985e-01 1.654446e-03 4.766623e-04 -7.220900e+00 -1.655196e-03 9.999974e-01 1.578077e-03 4.700652e-01 -4.740499e-04 -1.578863e-03 9.999986e-01 1.455495e+01
9.999754e-01 -1.586304e-03 -6.829778e-03 -6.745767e+00 1.576455e-03 9.999977e-01 -1.447177e-03 4.680781e-01 6.832057e-03 1.436374e-03 9.999756e-01 1.413060e+01
9.999977e-01 1.752706e-03 1.274606e-03 -5.756300e+00 -1.754640e-03 9.999973e-01 1.518195e-03 4.359527e-01 -1.271941e-03 -1.520427e-03 9.999980e-01 1.424521e+01
9.999693e-01 -1.187138e-03 -7.748769e-03 -4.907898e+00 1.175413e-03 9.999982e-01 -1.517527e-03 4.026516e-01 7.750556e-03 1.508371e-03 9.999688e-01 1.452680e+01
9.999974e-01 1.134468e-03 1.974545e-03 -4.591496e+00 -1.137665e-03 9.999980e-01 1.619007e-03 4.055497e-01 -1.972704e-03 -1.621249e-03 9.999967e-01 1.369749e+01
9.999601e-01 -1.080133e-03 -8.862204e-03 -4.767091e+00 1.073171e-03 9.999991e-01 -7.902678e-04 4.126570e-01 8.863049e-03 7.807250e-04 9.999604e-01 1.305716e+01
9.999990e-01 1.182405e-03 8.182652e-04 -5.349935e+00 -1.184051e-03 9.999973e-01 2.013977e-03 4.324386e-01 -8.158814e-04 -2.014944e-03 9.999976e-01 1.261734e+01
9.999768e-01 -1.161177e-03 -6.716628e-03 -5.148846e+00 1.147822e-03 9.999974e-01 -1.991753e-03 4.395687e-01 6.718923e-03 1.983997e-03 9.999755e-01 1.169615e+01
9.999984e-01 1.099534e-03 1.409754e-03 -4.898929e+00 -1.102266e-03 9.999975e-01 1.938614e-03 4.447072e-01 -1.407619e-03 -1.940165e-03 9.999971e-01 1.078469e+01
9.999775e-01 -1.169620e-03 -6.611499e-03 -4.602995e+00 1.156576e-03 9.999974e-01 -1.976293e-03 4.474154e-01 6.613793e-03 1.968601e-03 9.999762e-01 1.009338e+01
9.999988e-01 1.212474e-03 9.839813e-04 -4.400865e+00 -1.214549e-03 9.999970e-01 2.111973e-03 4.484893e-01 -9.814174e-04 -2.113165e-03 9.999973e-01 9.445654e+00
9.999760e-01 -1.159008e-03 -6.837505e-03 -4.081178e+00 1.146843e-03 9.999978e-01 -1.782768e-03 4.437625e-01 6.839555e-03 1.774883e-03 9.999750e-01 9.029673e+00
9.999990e-01 1.235951e-03 7.090280e-04 -3.597068e+00 -1.237360e-03 9.999973e-01 1.991238e-03 4.373239e-01 -7.065647e-04 -1.992113e-03 9.999978e-01 8.652589e+00
9.999808e-01 -1.145653e-03 -6.089130e-03 -3.431026e+00 1.135603e-03 9.999980e-01 -1.653710e-03 4.343678e-01 6.091012e-03 1.646763e-03 9.999801e-01 8.171901e+00
9.999992e-01 1.180322e-03 4.403649e-04 -3.291465e+00 -1.181187e-03 9.999974e-01 1.968044e-03 4.342217e-01 -4.380405e-04 -1.968562e-03 9.999980e-01 7.511343e+00
9.999870e-01 -1.096380e-03 -4.971782e-03 -3.015432e+00 1.088557e-03 9.999982e-01 -1.576005e-03 4.162257e-01 4.973500e-03 1.570572e-03 9.999864e-01 7.718680e+00
9.999985e-01 1.385521e-03 1.020529e-03 -2.584031e+00 -1.387284e-03 9.999975e-01 1.729374e-03 3.800813e-01 -1.018130e-03 -1.730787e-03 9.999980e-01 8.258759e+00
9.999810e-01 -1.154870e-03 -6.058434e-03 -2.183446e+00 1.146637e-03 9.999984e-01 -1.362215e-03 3.589332e-01 6.059997e-03 1.355241e-03 9.999807e-01 8.444423e+00
9.999992e-01 1.211735e-03 3.707213e-04 -1.947840e+00 -1.212351e-03 9.999979e-01 1.665015e-03 3.572401e-01 -3.687027e-04 -1.665462e-03 9.999985e-01 8.054492e+00
9.999811e-01 -1.037978e-03 -6.058722e-03 -1.600271e+00 1.030220e-03 9.999986e-01 -1.283561e-03 3.453471e-01 6.060045e-03 1.277294e-03 9.999808e-01 8.009198e+00
9.999955e-01 1.051350e-03 2.803504e-03 -1.465423e+00 -1.056270e-03 9.999979e-01 1.754061e-03 3.200138e-01 -2.801654e-03 -1.757013e-03 9.999945e-01 8.578394e+00
9.999802e-01 -1.095558e-03 -6.200923e-03 -1.471909e+00 1.088000e-03 9.999987e-01 -1.222035e-03 3.067219e-01 6.202254e-03 1.215263e-03 9.999800e-01 9.124048e+00
9.999967e-01 9.026706e-04 2.405917e-03 -1.599920e+00 -9.073708e-04 9.999977e-01 1.953327e-03 3.037930e-01 -2.404148e-03 -1.955503e-03 9.999952e-01 9.666592e+00
9.999843e-01 -1.097282e-03 -5.498326e-03 -1.645778e+00 1.089872e-03 9.999985e-01 -1.350454e-03 2.938042e-01 5.499799e-03 1.344440e-03 9.999840e-01 1.029537e+01
9.999974e-01 1.067399e-03 1.999813e-03 -1.587808e+00 -1.071115e-03 9.999977e-01 1.857936e-03 2.770008e-01 -1.997825e-03 -1.860073e-03 9.999963e-01 1.083303e+01
9.999762e-01 -1.162328e-03 -6.801198e-03 -1.784864e+00 1.155853e-03 9.999989e-01 -9.558070e-04 2.787358e-01 6.802301e-03 9.479224e-04 9.999764e-01 1.118479e+01
9.999993e-01 9.242990e-04 7.149866e-04 -2.299693e+00 -9.258961e-04 9.999971e-01 2.237040e-03 3.016366e-01 -7.129165e-04 -2.237700e-03 9.999972e-01 1.155139e+01
9.999768e-01 -9.983585e-04 -6.743866e-03 -2.632974e+00 9.909858e-04 9.999989e-01 -1.096460e-03 3.146046e-01 6.744953e-03 1.089751e-03 9.999767e-01 1.174655e+01
9.999993e-01 1.062660e-03 6.035758e-04 -2.847738e+00 -1.063955e-03 9.999971e-01 2.149076e-03 3.188757e-01 -6.012901e-04 -2.149716e-03 9.999975e-01 1.181974e+01
9.999842e-01 -1.402449e-03 -5.447188e-03 -3.357495e+00 1.396938e-03 9.999985e-01 -1.015272e-03 3.394657e-01 5.448603e-03 1.007646e-03 9.999846e-01 1.241931e+01
9.999988e-01 1.499935e-03 4.788136e-04 -3.589006e+00 -1.500825e-03 9.999971e-01 1.866071e-03 3.409940e-01 -4.760130e-04 -1.866786e-03 9.999981e-01 1.267895e+01
9.999763e-01 -1.373773e-03 -6.740603e-03 -3.354614e+00 1.364626e-03 9.999981e-01 -1.361340e-03 3.368935e-01 6.742460e-03 1.352109e-03 9.999764e-01 1.229709e+01
9.999988e-01 1.506319e-03 1.975350e-04 -3.275500e+00 -1.506748e-03 9.999965e-01 2.195311e-03 3.346970e-01 -1.942272e-04 -2.195606e-03 9.999976e-01 1.230857e+01
9.999728e-01 -1.903469e-03 -7.131539e-03 -4.184804e+00 1.899823e-03 9.999981e-01 -5.178976e-04 3.837847e-01 7.132510e-03 5.043342e-04 9.999744e-01 1.289735e+01
9.999982e-01 1.292880e-03 1.423790e-03 -5.185487e+00 -1.295732e-03 9.999972e-01 2.004699e-03 4.288121e-01 -1.421194e-03 -2.006540e-03 9.999970e-01 1.372627e+01
9.999733e-01 -1.840083e-03 -7.076081e-03 -6.308393e+00 1.837476e-03 9.999982e-01 -3.748707e-04 4.728891e-01 7.076758e-03 3.618579e-04 9.999749e-01 1.459437e+01
9.999953e-01 1.080493e-03 2.877913e-03 -7.297035e+00 -1.085414e-03 9.999980e-01 1.709211e-03 5.133866e-01 -2.876060e-03 -1.712326e-03 9.999944e-01 1.577206e+01
9.999803e-01 -1.948412e-03 -5.971998e-03 -8.138672e+00 1.945385e-03 9.999980e-01 -5.127234e-04 5.534468e-01 5.972984e-03 5.010948e-04 9.999820e-01 1.714224e+01
9.999983e-01 1.406844e-03 1.177281e-03 -8.883713e+00 -1.408996e-03 9.999973e-01 1.829953e-03 5.915635e-01 -1.174703e-03 -1.831609e-03 9.999976e-01 1.802780e+01
9.999829e-01 -1.903985e-03 -5.527782e-03 -9.349420e+00 1.899791e-03 9.999979e-01 -7.638511e-04 6.128452e-01 5.529225e-03 7.533358e-04 9.999844e-01 1.871827e+01
9.999971e-01 2.151280e-03 1.057089e-03 -9.145675e+00 -2.152732e-03 9.999967e-01 1.374780e-03 5.934186e-01 -1.054127e-03 -1.377051e-03 9.999985e-01 1.921996e+01
9.999783e-01 -2.098501e-03 -6.238656e-03 -9.284013e+00 2.096183e-03 9.999977e-01 -3.779993e-04 5.927966e-01 6.239435e-03 3.649131e-04 9.999805e-01 1.953711e+01
9.999978e-01 2.106480e-03 -2.187057e-04 -9.591587e+00 -2.106130e-03 9.999965e-01 1.585948e-03 6.026475e-01 2.220460e-04 -1.585483e-03 9.999987e-01 1.965258e+01
9.999822e-01 -2.336195e-03 -5.487797e-03 -1.007271e+01 2.334366e-03 9.999972e-01 -3.396776e-04 6.267099e-01 5.488576e-03 3.268604e-04 9.999849e-01 2.017507e+01
9.999972e-01 2.301263e-03 4.539628e-04 -1.023907e+01 -2.301853e-03 9.999965e-01 1.305030e-03 6.347468e-01 -4.509578e-04 -1.306071e-03 9.999990e-01 2.061068e+01
9.999802e-01 -2.434953e-03 -5.807441e-03 -1.059826e+01 2.433867e-03 9.999970e-01 -1.940207e-04 6.476787e-01 5.807895e-03 1.798817e-04 9.999831e-01 2.106541e+01
9.999883e-01 2.136260e-03 -4.333745e-03 -1.216032e+01 -2.124782e-03 9.999942e-01 2.651246e-03 7.150351e-01 4.339384e-03 -2.642006e-03 9.999871e-01 2.125969e+01
9.999884e-01 -2.347680e-03 -4.213913e-03 -1.329980e+01 2.344848e-03 9.999970e-01 -6.768187e-04 7.601491e-01 4.215489e-03 6.669292e-04 9.999909e-01 2.135365e+01
9.999941e-01 2.287032e-03 -2.570737e-03 -1.381787e+01 -2.281860e-03 9.999954e-01 2.013084e-03 7.803172e-01 2.575329e-03 -2.007206e-03 9.999947e-01 2.150674e+01
9.999879e-01 -2.597545e-03 -4.179716e-03 -1.447448e+01 2.595382e-03 9.999965e-01 -5.227296e-04 8.138067e-01 4.181059e-03 5.118747e-04 9.999911e-01 2.184262e+01
9.999936e-01 2.444761e-03 -2.617337e-03 -1.498560e+01 -2.440070e-03 9.999954e-01 1.794044e-03 8.397464e-01 2.621712e-03 -1.787646e-03 9.999950e-01 2.209173e+01
9.999879e-01 -2.527453e-03 -4.228589e-03 -1.558412e+01 2.525710e-03 9.999967e-01 -4.174581e-04 8.637533e-01 4.229630e-03 4.067722e-04 9.999910e-01 2.226349e+01
9.999873e-01 2.585327e-03 -4.333332e-03 -1.647843e+01 -2.575794e-03 9.999943e-01 2.203875e-03 8.923608e-01 4.339005e-03 -2.192684e-03 9.999882e-01 2.214339e+01
9.999862e-01 -2.576976e-03 -4.582720e-03 -1.739528e+01 2.574738e-03 9.999966e-01 -4.940917e-04 9.279742e-01 4.583978e-03 4.822849e-04 9.999894e-01 2.196445e+01
9.999946e-01 2.319474e-03 -2.319993e-03 -1.777176e+01 -2.316049e-03 9.999962e-01 1.477983e-03 9.545962e-01 2.323412e-03 -1.472601e-03 9.999962e-01 2.178517e+01
9.999922e-01 -2.276016e-03 -3.213863e-03 -1.745384e+01 2.271394e-03 9.999964e-01 -1.440910e-03 9.614442e-01 3.217131e-03 1.433599e-03 9.999938e-01 2.130720e+01
9.999879e-01 2.399136e-03 -4.304708e-03 -1.676728e+01 -2.391639e-03 9.999956e-01 1.745781e-03 9.619222e-01 4.308878e-03 -1.735464e-03 9.999892e-01 2.067784e+01
9.999947e-01 -2.151433e-03 -2.463029e-03 -1.628655e+01 2.148582e-03 9.999970e-01 -1.159339e-03 9.477338e-01 2.465516e-03 1.154040e-03 9.999963e-01 2.064954e+01
9.999919e-01 2.275073e-03 -3.317483e-03 -1.625208e+01 -2.268734e-03 9.999956e-01 1.913096e-03 9.462110e-01 3.321821e-03 -1.905553e-03 9.999927e-01 2.079309e+01
9.999969e-01 -2.303379e-03 -9.592808e-04 -1.634492e+01 2.302286e-03 9.999967e-01 -1.138141e-03 9.424872e-01 9.618990e-04 1.135928e-03 9.999989e-01 2.127653e+01
9.999848e-01 2.397572e-03 -4.960527e-03 -1.630930e+01 -2.387644e-03 9.999951e-01 2.006293e-03 9.380191e-01 4.965314e-03 -1.994418e-03 9.999857e-01 2.147962e+01
9.999941e-01 -2.158422e-03 -2.686900e-03 -1.618257e+01 2.155111e-03 9.999969e-01 -1.234702e-03 9.408406e-01 2.689556e-03 1.228903e-03 9.999956e-01 2.112061e+01
9.999883e-01 2.355469e-03 -4.215861e-03 -1.582448e+01 -2.348651e-03 9.999959e-01 1.621253e-03 9.402533e-01 4.219663e-03 -1.611332e-03 9.999898e-01 2.044207e+01
9.999949e-01 -2.161247e-03 -2.372182e-03 -1.537796e+01 2.157980e-03 9.999967e-01 -1.378859e-03 9.409828e-01 2.375154e-03 1.373732e-03 9.999962e-01 1.977650e+01
9.999919e-01 2.201552e-03 -3.374776e-03 -1.488831e+01 -2.196531e-03 9.999965e-01 1.490536e-03 9.379904e-01 3.378046e-03 -1.483111e-03 9.999932e-01 1.932229e+01
9.999974e-01 -2.157994e-03 -6.788578e-04 -1.454593e+01 2.157177e-03 9.999970e-01 -1.200298e-03 9.158814e-01 6.814458e-04 1.198829e-03 9.999990e-01 1.959690e+01
9.999957e-01 2.121580e-03 -2.037329e-03 -1.424295e+01 -2.118672e-03 9.999967e-01 1.428565e-03 8.818248e-01 2.040353e-03 -1.424242e-03 9.999969e-01 2.041221e+01
9.999957e-01 -2.014260e-03 -2.117838e-03 -1.411790e+01 2.012318e-03 9.999976e-01 -9.188645e-04 8.678918e-01 2.119684e-03 9.145982e-04 9.999973e-01 2.082400e+01
9.999902e-01 2.055731e-03 -3.931061e-03 -1.396781e+01 -2.049259e-03 9.999965e-01 1.649565e-03 8.658126e-01 3.934439e-03 -1.641493e-03 9.999909e-01 2.105123e+01
9.999947e-01 -1.978197e-03 -2.593381e-03 -1.425113e+01 1.976400e-03 9.999978e-01 -6.951461e-04 8.761557e-01 2.594751e-03 6.900162e-04 9.999964e-01 2.093923e+01
9.999888e-01 2.031435e-03 -4.269861e-03 -1.431232e+01 -2.025662e-03 9.999970e-01 1.355964e-03 8.831846e-01 4.272603e-03 -1.347299e-03 9.999900e-01 2.030941e+01
9.999959e-01 -1.879422e-03 -2.164846e-03 -1.384441e+01 1.877443e-03 9.999978e-01 -9.157673e-04 8.794596e-01 2.166562e-03 9.116986e-04 9.999972e-01 1.988208e+01
9.999897e-01 2.030699e-03 -4.067247e-03 -1.346404e+01 -2.025806e-03 9.999972e-01 1.206789e-03 8.769068e-01 4.069686e-03 -1.198536e-03 9.999910e-01 1.942595e+01
9.999973e-01 -2.029193e-03 -1.113273e-03 -1.320665e+01 2.028123e-03 9.999975e-01 -9.606998e-04 8.758766e-01 1.115219e-03 9.584387e-04 9.999989e-01 1.886878e+01
9.999897e-01 1.926781e-03 -4.105649e-03 -1.288020e+01 -1.922411e-03 9.999976e-01 1.067934e-03 8.764228e-01 4.107697e-03 -1.060030e-03 9.999910e-01 1.829165e+01
9.999978e-01 -2.085983e-03 3.716293e-04 -1.256763e+01 2.086341e-03 9.999974e-01 -9.666429e-04 8.666674e-01 -3.696121e-04 9.674154e-04 9.999995e-01 1.826814e+01
9.999863e-01 2.303057e-03 -4.704812e-03 -1.215968e+01 -2.297298e-03 9.999966e-01 1.229058e-03 8.447182e-01 4.707627e-03 -1.218233e-03 9.999882e-01 1.842396e+01
9.999965e-01 -1.907702e-03 -1.835771e-03 -1.155443e+01 1.906301e-03 9.999979e-01 -7.647732e-04 8.209918e-01 1.837226e-03 7.612704e-04 9.999980e-01 1.854415e+01
9.999851e-01 2.281810e-03 -4.950602e-03 -1.099375e+01 -2.275692e-03 9.999966e-01 1.240906e-03 8.036699e-01 4.953417e-03 -1.229621e-03 9.999870e-01 1.857150e+01
9.999972e-01 -1.698855e-03 -1.656062e-03 -1.035244e+01 1.697549e-03 9.999982e-01 -7.893996e-04 7.731711e-01 1.657400e-03 7.865855e-04 9.999983e-01 1.883063e+01
9.999838e-01 2.184822e-03 -5.259721e-03 -9.738770e+00 -2.177796e-03 9.999967e-01 1.341107e-03 7.503721e-01 5.262634e-03 -1.329630e-03 9.999853e-01 1.894233e+01
9.999981e-01 -1.769646e-03 -7.743434e-04 -9.271530e+00 1.769106e-03 9.999982e-01 -6.971282e-04 7.240073e-01 7.755754e-04 6.957564e-04 9.999995e-01 1.918986e+01
9.999876e-01 2.130485e-03 -4.507413e-03 -8.955921e+00 -2.123850e-03 9.999967e-01 1.476056e-03 7.021079e-01 4.510543e-03 -1.466464e-03 9.999888e-01 1.955974e+01
9.999968e-01 -1.819473e-03 -1.738769e-03 -8.533490e+00 1.818141e-03 9.999981e-01 -7.673849e-04 6.834835e-01 1.740161e-03 7.642205e-04 9.999982e-01 1.973865e+01
9.999868e-01 2.263785e-03 -4.614042e-03 -7.896335e+00 -2.258223e-03 9.999967e-01 1.210247e-03 6.565180e-01 4.616766e-03 -1.199811e-03 9.999886e-01 1.997567e+01
9.999962e-01 -2.155717e-03 -1.743550e-03 -7.190532e+00 2.153706e-03 9.999970e-01 -1.153798e-03 6.474958e-01 1.746032e-03 1.150038e-03 9.999978e-01 1.980717e+01
9.999878e-01 2.010976e-03 -4.508776e-03 -6.643374e+00 -2.007127e-03 9.999976e-01 8.580732e-04 6.580582e-01 4.510491e-03 -8.490125e-04 9.999895e-01 1.861460e+01
9.999962e-01 -1.899724e-03 -2.001254e-03 -5.881414e+00 1.898191e-03 9.999979e-01 -7.671499e-04 6.522903e-01 2.002707e-03 7.633476e-04 9.999977e-01 1.821760e+01
9.999957e-01 1.996009e-03 -2.132392e-03 -5.786180e+00 -1.993188e-03 9.999971e-01 1.323851e-03 6.377165e-01 2.135029e-03 -1.319595e-03 9.999969e-01 1.879659e+01
9.999925e-01 -1.744351e-03 -3.449537e-03 -6.002498e+00 1.743134e-03 9.999984e-01 -3.555843e-04 6.361416e-01 3.450152e-03 3.495681e-04 9.999940e-01 1.904083e+01
9.999944e-01 2.021590e-03 -2.660410e-03 -5.674231e+00 -2.018735e-03 9.999974e-01 1.075477e-03 6.207730e-01 2.662577e-03 -1.070099e-03 9.999959e-01 1.921603e+01
9.999912e-01 -1.734320e-03 -3.814095e-03 -5.143495e+00 1.732293e-03 9.999984e-01 -5.345770e-04 6.021777e-01 3.815015e-03 5.279646e-04 9.999926e-01 1.932574e+01
9.999968e-01 1.871109e-03 -1.703519e-03 -4.740635e+00 -1.869504e-03 9.999978e-01 9.427728e-04 5.912638e-01 1.705280e-03 -9.395845e-04 9.999981e-01 1.957989e+01
9.999907e-01 -1.961607e-03 -3.843644e-03 -4.201993e+00 1.959005e-03 9.999978e-01 -6.804285e-04 5.842171e-01 3.844971e-03 6.728918e-04 9.999924e-01 1.978046e+01
9.999950e-01 1.914394e-03 -2.526711e-03 -3.405950e+00 -1.913079e-03 9.999980e-01 5.228481e-04 5.847193e-01 2.527708e-03 -5.180111e-04 9.999967e-01 1.917383e+01
9.999922e-01 -2.013577e-03 -3.401431e-03 -2.762557e+00 2.012012e-03 9.999979e-01 -4.631371e-04 5.769522e-01 3.402356e-03 4.562892e-04 9.999941e-01 1.914033e+01
9.999956e-01 1.827291e-03 -2.340699e-03 -2.819138e+00 -1.824005e-03 9.999973e-01 1.404933e-03 5.808725e-01 2.343260e-03 -1.400657e-03 9.999963e-01 1.920053e+01
9.999923e-01 -1.779864e-03 -3.510434e-03 -2.319981e+00 1.776155e-03 9.999979e-01 -1.059232e-03 5.749010e-01 3.512312e-03 1.052989e-03 9.999933e-01 1.919132e+01
9.999949e-01 1.940553e-03 -2.531137e-03 -1.765525e+00 -1.937081e-03 9.999972e-01 1.373083e-03 5.645553e-01 2.533794e-03 -1.368173e-03 9.999959e-01 1.913058e+01
9.999880e-01 -1.784547e-03 -4.568489e-03 -1.090327e+00 1.779649e-03 9.999978e-01 -1.075807e-03 5.537842e-01 4.570399e-03 1.067663e-03 9.999890e-01 1.900831e+01
9.999983e-01 1.819626e-03 -3.375030e-04 -1.034805e+00 -1.818913e-03 9.999961e-01 2.101036e-03 5.517944e-01 3.413249e-04 -2.100418e-03 9.999977e-01 1.948241e+01
9.999871e-01 -1.746865e-03 -4.778291e-03 -1.065067e+00 1.741930e-03 9.999979e-01 -1.036704e-03 5.571848e-01 4.780092e-03 1.028367e-03 9.999880e-01 2.010080e+01
9.999941e-01 1.963128e-03 -2.804852e-03 -2.198736e-01 -1.959197e-03 9.999971e-01 1.403525e-03 5.464906e-01 2.807599e-03 -1.398021e-03 9.999951e-01 1.987615e+01
9.999873e-01 -1.436763e-03 -4.832211e-03 6.162571e-01 1.432174e-03 9.999985e-01 -9.528658e-04 5.272280e-01 4.833572e-03 9.459326e-04 9.999879e-01 1.981149e+01
9.999965e-01 1.777383e-03 -1.982953e-03 1.137644e+00 -1.774264e-03 9.999972e-01 1.573203e-03 5.167666e-01 1.985744e-03 -1.569679e-03 9.999968e-01 1.989550e+01
9.999842e-01 -1.680563e-03 -5.360044e-03 1.514696e+00 1.675995e-03 9.999982e-01 -8.564798e-04 5.257864e-01 5.361474e-03 8.474823e-04 9.999853e-01 1.975152e+01
9.999969e-01 2.090555e-03 -1.342633e-03 2.438735e+00 -2.088739e-03 9.999969e-01 1.352614e-03 4.916528e-01 1.345457e-03 -1.349805e-03 9.999982e-01 2.021430e+01
9.999829e-01 -1.310978e-03 -5.692776e-03 3.520439e+00 1.304242e-03 9.999984e-01 -1.186688e-03 4.511434e-01 5.694323e-03 1.179242e-03 9.999831e-01 2.078391e+01
9.999993e-01 1.196090e-03 1.271628e-04 3.958817e+00 -1.196264e-03 9.999983e-01 1.380364e-03 4.497124e-01 -1.255114e-04 -1.380514e-03 9.999990e-01 2.063173e+01
9.999834e-01 -1.172069e-03 -5.641920e-03 4.309565e+00 1.165338e-03 9.999986e-01 -1.196017e-03 4.484448e-01 5.643314e-03 1.189422e-03 9.999834e-01 2.023012e+01
9.999992e-01 1.225683e-03 -3.978613e-04 4.760894e+00 -1.225156e-03 9.999984e-01 1.321184e-03 4.497686e-01 3.994801e-04 -1.320694e-03 9.999990e-01 1.952377e+01
9.999906e-01 -1.184542e-03 -4.160674e-03 5.029604e+00 1.180993e-03 9.999989e-01 -8.551974e-04 4.313587e-01 4.161682e-03 8.502751e-04 9.999910e-01 1.978821e+01
9.999908e-01 1.850732e-03 -3.859226e-03 6.099214e+00 -1.844180e-03 9.999969e-01 1.700515e-03 3.884457e-01 3.862362e-03 -1.693382e-03 9.999911e-01 2.019172e+01
9.999808e-01 -1.263832e-03 -6.074161e-03 7.420059e+00 1.255786e-03 9.999983e-01 -1.328272e-03 3.637023e-01 6.075829e-03 1.320618e-03 9.999807e-01 2.006885e+01
9.999991e-01 1.310568e-03 -1.197650e-04 7.614523e+00 -1.310345e-03 9.999975e-01 1.836029e-03 3.632790e-01 1.221711e-04 -1.835869e-03 9.999983e-01 1.965782e+01
9.999800e-01 -1.210404e-03 -6.202320e-03 7.683975e+00 1.203150e-03 9.999986e-01 -1.173099e-03 3.662284e-01 6.203731e-03 1.165612e-03 9.999801e-01 1.932602e+01
9.999993e-01 1.149201e-03 3.831355e-04 8.090864e+00 -1.149594e-03 9.999988e-01 1.027725e-03 3.735775e-01 -3.819538e-04 -1.028164e-03 9.999994e-01 1.822723e+01
9.999792e-01 -1.123652e-03 -6.352119e-03 8.397715e+00 1.118979e-03 9.999991e-01 -7.391093e-04 3.720439e-01 6.352943e-03 7.319854e-04 9.999796e-01 1.759405e+01
9.999984e-01 1.202637e-03 1.343393e-03 8.648896e+00 -1.204164e-03 9.999986e-01 1.136484e-03 3.593793e-01 -1.342024e-03 -1.138099e-03 9.999985e-01 1.766893e+01
9.999759e-01 -1.173746e-03 -6.840397e-03 9.279793e+00 1.166677e-03 9.999988e-01 -1.037243e-03 3.521349e-01 6.841606e-03 1.029237e-03 9.999761e-01 1.749327e+01
9.999992e-01 1.231420e-03 6.682289e-06 1.013326e+01 -1.231425e-03 9.999989e-01 8.774624e-04 3.511113e-01 -5.601648e-06 -8.774694e-04 9.999996e-01 1.708203e+01
9.999808e-01 -1.322530e-03 -6.052140e-03 1.061932e+01 1.316353e-03 9.999986e-01 -1.024320e-03 3.556794e-01 6.053486e-03 1.016333e-03 9.999812e-01 1.625102e+01
9.999987e-01 1.212694e-03 1.053413e-03 1.105593e+01 -1.213639e-03 9.999989e-01 8.972505e-04 3.567788e-01 -1.052324e-03 -8.985273e-04 9.999990e-01 1.543361e+01
9.999760e-01 -1.192392e-03 -6.819920e-03 1.147373e+01 1.186519e-03 9.999989e-01 -8.650740e-04 3.573026e-01 6.820944e-03 8.569608e-04 9.999764e-01 1.472696e+01
9.999989e-01 1.186541e-03 8.340000e-04 1.179330e+01 -1.187407e-03 9.999988e-01 1.039217e-03 3.590140e-01 -8.327658e-04 -1.040205e-03 9.999991e-01 1.398568e+01
9.999742e-01 -1.024391e-03 -7.108826e-03 1.246080e+01 1.018277e-03 9.999991e-01 -8.636161e-04 3.510205e-01 7.109704e-03 8.563545e-04 9.999744e-01 1.375194e+01
9.999985e-01 1.330363e-03 1.142012e-03 1.288468e+01 -1.332070e-03 9.999980e-01 1.495824e-03 3.401863e-01 -1.140020e-03 -1.497342e-03 9.999982e-01 1.408651e+01
9.999765e-01 -8.679778e-04 -6.796758e-03 1.340022e+01 8.614948e-04 9.999992e-01 -9.566363e-04 3.226778e-01 6.797583e-03 9.507579e-04 9.999764e-01 1.449840e+01
9.999995e-01 7.460929e-04 6.427852e-04 1.396386e+01 -7.468203e-04 9.999991e-01 1.132915e-03 3.232725e-01 -6.419392e-04 -1.133393e-03 9.999992e-01 1.439338e+01
9.999767e-01 -8.723454e-04 -6.770940e-03 1.450618e+01 8.629494e-04 9.999987e-01 -1.390425e-03 3.308757e-01 6.772144e-03 1.384549e-03 9.999761e-01 1.343133e+01
9.999991e-01 1.103543e-03 7.208453e-04 1.532047e+01 -1.104768e-03 9.999979e-01 1.700702e-03 3.009613e-01 -7.189669e-04 -1.701497e-03 9.999983e-01 1.356005e+01
9.999481e-01 6.699351e-04 -1.016789e-02 1.750676e+01 -6.865726e-04 9.999984e-01 -1.632824e-03 2.086485e-01 1.016678e-02 1.639720e-03 9.999470e-01 1.469153e+01
9.999985e-01 6.319485e-04 1.643416e-03 1.917772e+01 -6.348574e-04 9.999982e-01 1.770402e-03 1.371519e-01 -1.642295e-03 -1.771442e-03 9.999971e-01 1.567781e+01
