9.999954e-01 -2.596684e-04 -3.014685e-03 -8.578520e-02 2.616422e-04 9.999998e-01 6.543505e-04 -9.239355e-03 3.014514e-03 -6.551369e-04 9.999952e-01 7.058694e-01
9.999998e-01 5.055239e-05 6.546010e-04 -1.011020e-01 -5.046548e-05 1.000000e+00 -1.327466e-04 -2.559534e-02 -6.546074e-04 1.327143e-04 9.999998e-01 1.578935e+00
9.999929e-01 -3.806192e-04 -3.761831e-03 -2.597931e-01 3.837127e-04 9.999996e-01 8.216584e-04 -3.001896e-02 3.761517e-03 -8.230967e-04 9.999926e-01 2.358412e+00
9.999999e-01 1.382379e-04 4.711666e-04 -4.152034e-01 -1.381881e-04 1.000000e+00 -1.056670e-04 -3.705136e-02 -4.711808e-04 1.056026e-04 9.999999e-01 3.044258e+00
9.999915e-01 -2.350728e-04 -4.113058e-03 -5.065029e-01 2.382629e-04 9.999997e-01 7.751213e-04 -4.871886e-02 4.112874e-03 -7.760955e-04 9.999912e-01 3.371346e+00
9.999990e-01 9.355508e-05 1.407112e-03 -4.742952e-01 -9.318851e-05 1.000000e+00 -2.605549e-04 -6.721515e-02 -1.407136e-03 2.604242e-04 9.999990e-01 4.059748e+00
9.999864e-01 -2.175094e-04 -5.209811e-03 -5.586773e-01 2.224595e-04 9.999995e-01 9.496043e-04 -7.627178e-02 5.209601e-03 -9.507510e-04 9.999860e-01 4.498699e+00
9.999987e-01 1.576811e-04 1.583520e-03 -6.465430e-01 -1.572543e-04 1.000000e+00 -2.696539e-04 -8.784227e-02 -1.583563e-03 2.694052e-04 9.999987e-01 4.947046e+00
9.999885e-01 -4.358273e-04 -4.772580e-03 -8.027823e-01 4.403720e-04 9.999995e-01 9.512399e-04 -9.270060e-02 4.772163e-03 -9.533314e-04 9.999882e-01 5.733758e+00
9.999979e-01 2.004380e-04 2.018238e-03 -8.308635e-01 -1.996789e-04 9.999999e-01 -3.762769e-04 -1.053022e-01 -2.018313e-03 3.758738e-04 9.999979e-01 6.413469e+00
9.999896e-01 -3.981806e-04 -4.533022e-03 -8.145399e-01 4.021491e-04 9.999995e-01 8.746069e-04 -1.219230e-01 4.532671e-03 -8.764215e-04 9.999893e-01 7.158537e+00
9.999985e-01 6.729732e-05 1.732216e-03 -9.684003e-01 -6.691055e-05 1.000000e+00 -2.233153e-04 -1.280698e-01 -1.732230e-03 2.231998e-04 9.999985e-01 8.033876e+00
9.999842e-01 -2.838008e-04 -5.606728e-03 -1.214020e+00 2.897700e-04 9.999994e-01 1.063879e-03 -1.304836e-01 5.606422e-03 -1.065488e-03 9.999837e-01 8.612023e+00
9.999984e-01 6.892589e-05 1.809204e-03 -1.444814e+00 -6.848963e-05 1.000000e+00 -2.411712e-04 -1.339830e-01 -1.809220e-03 2.410476e-04 9.999983e-01 9.218075e+00
9.999857e-01 -2.045508e-04 -5.343073e-03 -1.506095e+00 2.094877e-04 9.999996e-01 9.234440e-04 -1.439553e-01 5.342882e-03 -9.245509e-04 9.999853e-01 9.845330e+00
9.999995e-01 -9.139250e-05 9.923701e-04 -1.842167e+00 9.135568e-05 1.000000e+00 3.718081e-05 -1.405842e-01 -9.923732e-04 -3.708942e-05 9.999995e-01 1.041220e+01
9.999785e-01 1.275699e-04 -6.561867e-03 -2.113788e+00 -1.225898e-04 9.999997e-01 7.593503e-04 -1.346060e-01 6.561962e-03 -7.585303e-04 9.999782e-01 1.004470e+01
9.999995e-01 -8.479107e-05 1.034617e-03 -2.279432e+00 8.485470e-05 1.000000e+00 -6.142033e-05 -1.307660e-01 -1.034611e-03 6.150880e-05 9.999995e-01 9.514989e+00
9.999855e-01 3.060575e-05 -5.376630e-03 -2.321716e+00 -2.760954e-05 9.999998e-01 5.573460e-04 -1.353236e-01 5.376645e-03 -5.571902e-04 9.999854e-01 9.534477e+00
9.999999e-01 -2.273352e-04 2.744941e-04 -2.589974e+00 2.272575e-04 9.999999e-01 2.831784e-04 -1.296511e-01 -2.745582e-04 -2.831153e-04 9.999999e-01 9.614528e+00
9.999867e-01 2.351949e-04 -5.148791e-03 -2.571248e+00 -2.344771e-04 1.000000e+00 1.400135e-04 -1.289346e-01 5.148824e-03 -1.388051e-04 9.999867e-01 9.171068e+00
1.000000e+00 -2.067985e-04 -1.254613e-04 -2.626857e+00 2.068519e-04 9.999999e-01 4.250688e-04 -1.261158e-01 1.253737e-04 -4.250940e-04 9.999999e-01 8.664692e+00
9.999841e-01 1.974436e-04 -5.629048e-03 -2.768539e+00 -1.961665e-04 1.000000e+00 2.274465e-04 -1.205111e-01 5.629092e-03 -2.263394e-04 9.999841e-01 8.088551e+00
9.999995e-01 -2.273072e-04 9.378836e-04 -2.550933e+00 2.273842e-04 1.000000e+00 -8.200482e-05 -1.236099e-01 -9.378646e-04 8.221875e-05 9.999996e-01 7.531468e+00
9.999874e-01 1.186910e-04 -5.024476e-03 -2.471946e+00 -1.162157e-04 9.999999e-01 4.929618e-04 -1.316223e-01 5.024533e-03 -4.923724e-04 9.999873e-01 7.649706e+00
1.000000e+00 -1.161894e-04 2.216225e-04 -2.489213e+00 1.161821e-04 1.000000e+00 3.317409e-05 -1.334937e-01 -2.216260e-04 -3.314763e-05 1.000000e+00 7.505257e+00
9.999864e-01 1.662822e-04 -5.215420e-03 -2.241791e+00 -1.648735e-04 9.999999e-01 2.705328e-04 -1.406592e-01 5.215465e-03 -2.696700e-04 9.999864e-01 7.153668e+00
1.000000e+00 -2.407620e-04 1.593305e-04 -1.921306e+00 2.407965e-04 9.999999e-01 -2.163869e-04 -1.434867e-01 -1.592780e-04 2.164260e-04 1.000000e+00 6.667705e+00
9.999856e-01 2.499015e-04 -5.359939e-03 -2.018547e+00 -2.463015e-04 9.999997e-01 6.723089e-04 -1.367368e-01 5.360105e-03 -6.709797e-04 9.999854e-01 6.002104e+00
9.999987e-01 -2.465074e-04 -1.623639e-03 -2.648900e+00 2.475490e-04 9.999998e-01 6.412869e-04 -1.163009e-01 1.623481e-03 -6.416872e-04 9.999985e-01 5.827238e+00
9.999857e-01 3.084025e-04 -5.339463e-03 -3.112873e+00 -3.057772e-04 9.999998e-01 4.925050e-04 -1.015687e-01 5.339614e-03 -4.908660e-04 9.999856e-01 5.395438e+00
9.999997e-01 -2.892550e-04 -6.727785e-04 -3.164432e+00 2.892824e-04 1.000000e+00 4.055179e-05 -9.617792e-02 6.727671e-04 -4.074570e-05 9.999998e-01 4.776628e+00
9.999879e-01 3.118003e-04 -4.915586e-03 -2.969123e+00 -3.114917e-04 9.999999e-01 6.356291e-05 -9.183110e-02 4.915605e-03 -6.203168e-05 9.999879e-01 3.751932e+00
9.999997e-01 -3.213866e-04 -6.307196e-04 -2.814272e+00 3.213377e-04 9.999999e-01 -7.781057e-05 -8.597160e-02 6.307450e-04 7.760858e-05 9.999998e-01 2.573928e+00
9.999885e-01 3.768303e-04 -4.787644e-03 -2.794162e+00 -3.755306e-04 9.999999e-01 2.723658e-04 -8.190245e-02 4.787746e-03 -2.705655e-04 9.999885e-01 1.413825e+00
9.999994e-01 -2.897549e-04 -1.089977e-03 -2.891545e+00 2.901242e-04 9.999999e-01 3.386333e-04 -8.069862e-02 1.089879e-03 -3.389487e-04 9.999993e-01 6.263231e-01
9.999842e-01 4.025513e-04 -5.614426e-03 -3.230885e+00 -3.987502e-04 9.999997e-01 6.781454e-04 -7.395333e-02 5.614697e-03 -6.758966e-04 9.999840e-01 2.284023e-01
9.999995e-01 -4.688753e-04 9.187311e-04 -3.430009e+00 4.686122e-04 9.999998e-01 2.866159e-04 -7.466693e-02 -9.188650e-04 -2.861845e-04 9.999995e-01 4.850409e-01
9.999871e-01 3.787296e-04 -5.057823e-03 -3.502830e+00 -3.762182e-04 9.999998e-01 4.975062e-04 -8.140010e-02 5.058010e-03 -4.955977e-04 9.999871e-01 8.023260e-01
1.000000e+00 -2.951917e-04 -1.109136e-04 -3.524759e+00 2.952137e-04 9.999999e-01 1.980426e-04 -8.273341e-02 1.108555e-04 -1.980746e-04 1.000000e+00 6.876224e-01
9.999876e-01 4.095647e-04 -4.967858e-03 -3.455993e+00 -4.074317e-04 9.999998e-01 4.303872e-04 -8.692497e-02 4.968033e-03 -4.283585e-04 9.999876e-01 5.664238e-01
9.999998e-01 -4.251070e-04 -3.969117e-04 -3.649485e+00 4.253509e-04 9.999997e-01 6.144565e-04 -8.785098e-02 3.966507e-04 -6.146245e-04 9.999997e-01 7.362609e-01
9.999842e-01 5.631760e-04 -5.584677e-03 -3.884667e+00 -5.610917e-04 9.999998e-01 3.748035e-04 -8.577169e-02 5.584886e-03 -3.716648e-04 9.999843e-01 5.711234e-01
9.999996e-01 -4.942898e-04 -7.952219e-04 -4.206294e+00 4.949204e-04 9.999996e-01 7.928563e-04 -8.145796e-02 7.948300e-04 -7.932488e-04 9.999994e-01 5.456452e-01
9.999817e-01 5.192958e-04 -6.024945e-03 -4.690973e+00 -5.160711e-04 9.999997e-01 5.367825e-04 -6.972810e-02 6.025222e-03 -5.336641e-04 9.999817e-01 5.396619e-01
9.999991e-01 -4.268159e-04 -1.279162e-03 -5.239531e+00 4.279170e-04 9.999995e-01 8.605866e-04 -5.627248e-02 1.278794e-03 -8.611325e-04 9.999988e-01 4.629929e-01
9.999820e-01 5.402030e-04 -5.981731e-03 -5.746703e+00 -5.373612e-04 9.999997e-01 4.767013e-04 -4.561395e-02 5.981987e-03 -4.734791e-04 9.999820e-01 2.633468e-01
9.999997e-01 -4.833682e-04 -5.776383e-04 -5.982577e+00 4.835752e-04 9.999998e-01 3.581335e-04 -3.734195e-02 5.774654e-04 -3.584120e-04 9.999998e-01 -1.527052e-01
9.999855e-01 5.633458e-04 -5.347267e-03 -6.212322e+00 -5.598946e-04 9.999996e-01 6.469084e-04 -3.556667e-02 5.347629e-03 -6.439058e-04 9.999855e-01 -1.629493e-01
9.999998e-01 -5.561644e-04 -3.794248e-04 -6.473377e+00 5.563245e-04 9.999998e-01 4.214850e-04 -3.029229e-02 3.791906e-04 -4.216952e-04 9.999998e-01 -5.538035e-02
9.999868e-01 5.079210e-04 -5.117326e-03 -6.746827e+00 -5.047154e-04 9.999997e-01 6.277224e-04 -2.515369e-02 5.117643e-03 -6.251320e-04 9.999867e-01 1.367500e-01
9.999990e-01 -4.674127e-04 -1.320502e-03 -7.107065e+00 4.682713e-04 9.999997e-01 6.498783e-04 -1.906281e-02 1.320198e-03 -6.504953e-04 9.999989e-01 9.368180e-02
9.999883e-01 5.859299e-04 -4.803053e-03 -7.273813e+00 -5.854307e-04 9.999998e-01 1.053633e-04 -2.003400e-02 4.803114e-03 -1.025509e-04 9.999885e-01 -5.706601e-01
9.999998e-01 -5.734746e-04 -2.213158e-04 -7.211017e+00 5.735322e-04 9.999998e-01 2.598785e-04 -2.171575e-02 2.211671e-04 -2.600047e-04 9.999999e-01 -1.252152e+00
9.999921e-01 5.628902e-04 -3.932298e-03 -6.884563e+00 -5.632985e-04 9.999998e-01 -1.027106e-04 -2.775577e-02 3.932240e-03 1.049241e-04 9.999923e-01 -1.546234e+00
9.999992e-01 -4.706422e-04 -1.211817e-03 -6.906269e+00 4.716504e-04 9.999995e-01 8.317791e-04 -3.447250e-02 1.211425e-03 -8.323493e-04 9.999989e-01 -1.581555e+00
9.999959e-01 3.266089e-04 -2.845821e-03 -6.989767e+00 -3.268496e-04 9.999999e-01 -8.408875e-05 -3.718145e-02 2.845793e-03 8.501786e-05 9.999959e-01 -1.135761e+00
9.999964e-01 -3.029031e-04 -2.657726e-03 -7.297668e+00 3.058631e-04 9.999993e-01 1.113363e-03 -3.230620e-02 2.657387e-03 -1.114171e-03 9.999958e-01 -1.194617e+00
9.999978e-01 3.289886e-04 -2.087019e-03 -7.413307e+00 -3.296335e-04 9.999999e-01 -3.085803e-04 -3.753534e-02 2.086917e-03 3.092669e-04 9.999978e-01 -1.285272e+00
9.999951e-01 -2.498345e-04 -3.121236e-03 -7.424037e+00 2.517965e-04 9.999998e-01 6.281909e-04 -3.814592e-02 3.121078e-03 -6.289730e-04 9.999949e-01 -2.184215e+00
9.999966e-01 3.268517e-04 -2.572456e-03 -7.523899e+00 -3.276101e-04 9.999999e-01 -2.943355e-04 -3.462537e-02 2.572359e-03 2.951766e-04 9.999966e-01 -3.441257e+00
9.999979e-01 -2.102179e-04 -2.020378e-03 -7.392843e+00 2.121113e-04 9.999995e-01 9.369214e-04 -5.022757e-02 2.020181e-03 -9.373473e-04 9.999975e-01 -3.416592e+00
9.999976e-01 3.738673e-04 -2.156333e-03 -7.344103e+00 -3.748376e-04 9.999998e-01 -4.495294e-04 -6.962045e-02 2.156164e-03 4.503359e-04 9.999976e-01 -3.157851e+00
9.999947e-01 -3.633013e-04 -3.240567e-03 -7.321164e+00 3.662572e-04 9.999995e-01 9.115518e-04 -6.936231e-02 3.240234e-03 -9.127332e-04 9.999943e-01 -3.818365e+00
9.999979e-01 4.868232e-04 -2.009584e-03 -7.337624e+00 -4.878227e-04 9.999998e-01 -4.968056e-04 -6.868781e-02 2.009342e-03 4.977841e-04 9.999979e-01 -4.697524e+00
9.999938e-01 -5.788458e-04 -3.460967e-03 -7.319567e+00 5.813602e-04 9.999996e-01 7.255049e-04 -6.604566e-02 3.460546e-03 -7.275118e-04 9.999937e-01 -5.762138e+00
9.999981e-01 6.430190e-04 -1.840287e-03 -7.337777e+00 -6.438113e-04 9.999997e-01 -4.299003e-04 -6.467414e-02 1.840010e-03 4.310836e-04 9.999982e-01 -6.775785e+00
9.999946e-01 -5.968856e-04 -3.230058e-03 -7.278621e+00 5.991954e-04 9.999996e-01 7.141360e-04 -6.564851e-02 3.229630e-03 -7.160669e-04 9.999945e-01 -7.578927e+00
9.999978e-01 6.504476e-04 -2.010132e-03 -7.271231e+00 -6.509973e-04 9.999998e-01 -2.727275e-04 -6.658812e-02 2.009954e-03 2.740348e-04 9.999979e-01 -8.332199e+00
9.999949e-01 -5.786609e-04 -3.149289e-03 -7.321665e+00 5.810965e-04 9.999995e-01 7.724622e-04 -6.578522e-02 3.148841e-03 -7.742875e-04 9.999947e-01 -9.053122e+00
9.999978e-01 5.175329e-04 -2.029319e-03 -7.274415e+00 -5.181695e-04 9.999998e-01 -3.131336e-04 -5.763553e-02 2.029156e-03 3.141838e-04 9.999979e-01 -9.558072e+00
9.999931e-01 -5.820393e-04 -3.679144e-03 -6.998311e+00 5.849526e-04 9.999995e-01 7.907742e-04 -4.884527e-02 3.678682e-03 -7.929201e-04 9.999929e-01 -9.686794e+00
9.999984e-01 6.296057e-04 -1.655335e-03 -7.059659e+00 -6.303844e-04 9.999997e-01 -4.699050e-04 -4.430214e-02 1.655038e-03 4.709471e-04 9.999985e-01 -1.085267e+01
9.999910e-01 -5.600403e-04 -4.211694e-03 -7.226035e+00 5.646749e-04 9.999992e-01 1.099267e-03 -3.917826e-02 4.211076e-03 -1.101635e-03 9.999905e-01 -1.166219e+01
9.999979e-01 6.297839e-04 -1.974535e-03 -7.567511e+00 -6.301211e-04 9.999998e-01 -1.701141e-04 -3.218215e-02 1.974427e-03 1.713572e-04 9.999980e-01 -1.216689e+01
9.999871e-01 -4.631597e-04 -5.060466e-03 -8.114841e+00 4.696889e-04 9.999991e-01 1.289108e-03 -1.869443e-02 5.059864e-03 -1.291468e-03 9.999864e-01 -1.292017e+01
9.999960e-01 5.988286e-04 -2.778278e-03 -8.704680e+00 -5.993640e-04 9.999998e-01 -1.918098e-04 -4.536276e-03 2.778162e-03 1.934735e-04 9.999961e-01 -1.398727e+01
9.999885e-01 -4.335412e-04 -4.777174e-03 -9.312506e+00 4.399312e-04 9.999990e-01 1.336603e-03 1.105275e-02 4.776591e-03 -1.338688e-03 9.999877e-01 -1.493108e+01
9.999975e-01 5.297862e-04 -2.157640e-03 -9.690764e+00 -5.309386e-04 9.999997e-01 -5.334574e-04 1.883081e-02 2.157356e-03 5.346010e-04 9.999975e-01 -1.601963e+01
9.999904e-01 -4.376304e-04 -4.366215e-03 -1.008858e+01 4.435542e-04 9.999990e-01 1.355820e-03 3.026154e-02 4.365617e-03 -1.357743e-03 9.999895e-01 -1.706264e+01
9.999982e-01 4.866875e-04 -1.814559e-03 -1.045404e+01 -4.876692e-04 9.999997e-01 -5.405046e-04 4.122524e-02 1.814296e-03 5.413878e-04 9.999982e-01 -1.788509e+01
9.999963e-01 -5.369886e-04 -2.685109e-03 -1.061707e+01 5.402062e-04 9.999991e-01 1.197662e-03 4.573806e-02 2.684464e-03 -1.199107e-03 9.999957e-01 -1.818606e+01
1.000000e+00 -3.280615e-05 -2.323214e-04 -1.057654e+01 3.265632e-05 9.999998e-01 -6.441682e-04 5.082639e-02 2.323422e-04 6.441599e-04 9.999998e-01 -1.700207e+01
9.999904e-01 -9.386107e-04 -4.273134e-03 -1.029104e+01 9.429840e-04 9.999990e-01 1.021502e-03 6.545221e-02 4.272171e-03 -1.025521e-03 9.999903e-01 -1.639426e+01
9.999997e-01 7.675353e-04 -2.929861e-04 -1.038777e+01 -7.677074e-04 9.999995e-01 -5.871879e-04 7.516724e-02 2.925350e-04 5.874119e-04 9.999998e-01 -1.695109e+01
9.999954e-01 -1.787102e-03 -2.450337e-03 -1.050407e+01 1.789951e-03 9.999977e-01 1.161061e-03 9.528301e-02 2.448257e-03 -1.165441e-03 9.999963e-01 -1.592760e+01
9.999972e-01 1.648451e-03 -1.709578e-03 -1.065038e+01 -1.649376e-03 9.999985e-01 -5.399442e-04 9.944470e-02 1.708685e-03 5.427618e-04 9.999984e-01 -1.607433e+01
9.999961e-01 -1.778467e-03 -2.174458e-03 -1.069945e+01 1.780671e-03 9.999979e-01 1.011881e-03 9.723061e-02 2.172654e-03 -1.015748e-03 9.999971e-01 -1.621496e+01
9.999955e-01 1.599802e-03 -2.548268e-03 -1.058232e+01 -1.602362e-03 9.999982e-01 -1.002809e-03 1.062035e-01 2.546659e-03 1.006887e-03 9.999963e-01 -1.716186e+01
9.999973e-01 -1.991283e-03 -1.201784e-03 -1.040126e+01 1.992368e-03 9.999976e-01 9.028267e-04 1.164789e-01 1.199984e-03 -9.052179e-04 9.999989e-01 -1.781410e+01
9.999960e-01 1.768924e-03 -2.190434e-03 -1.030125e+01 -1.770343e-03 9.999982e-01 -6.460626e-04 1.109372e-01 2.189287e-03 6.499372e-04 9.999974e-01 -1.785960e+01
9.999946e-01 -2.042581e-03 -2.564970e-03 -1.022447e+01 2.044527e-03 9.999976e-01 7.561700e-04 1.252679e-01 2.563420e-03 -7.614094e-04 9.999964e-01 -1.872733e+01
9.999961e-01 1.846957e-03 -2.083277e-03 -1.005620e+01 -1.848733e-03 9.999979e-01 -8.511096e-04 1.373984e-01 2.081700e-03 8.549570e-04 9.999975e-01 -1.977699e+01
9.999965e-01 -1.929011e-03 -1.797073e-03 -9.742783e+00 1.930326e-03 9.999979e-01 7.301058e-04 1.339787e-01 1.795661e-03 -7.335715e-04 9.999981e-01 -2.028096e+01
9.999968e-01 1.685661e-03 -1.912194e-03 -9.655090e+00 -1.685660e-03 9.999986e-01 2.561738e-06 1.338679e-01 1.912195e-03 6.608895e-07 9.999982e-01 -1.986372e+01
9.999909e-01 -2.668748e-03 -3.333387e-03 -1.016858e+01 2.672606e-03 9.999958e-01 1.153229e-03 1.822308e-01 3.330295e-03 -1.162126e-03 9.999938e-01 -1.914980e+01
9.999953e-01 2.440510e-03 -1.844148e-03 -9.894830e+00 -2.441791e-03 9.999968e-01 -6.928095e-04 1.926036e-01 1.842451e-03 6.973086e-04 9.999981e-01 -1.893697e+01
9.999899e-01 -2.680579e-03 -3.598179e-03 -9.515216e+00 2.683293e-03 9.999961e-01 7.496706e-04 2.066622e-01 3.596156e-03 -7.593173e-04 9.999932e-01 -1.937606e+01
9.999953e-01 2.387610e-03 -1.902324e-03 -9.166633e+00 -2.389219e-03 9.999968e-01 -8.437493e-04 2.239361e-01 1.900303e-03 8.482897e-04 9.999978e-01 -2.007614e+01
9.999915e-01 -2.364301e-03 -3.384029e-03 -9.182768e+00 2.368085e-03 9.999966e-01 1.114449e-03 2.266846e-01 3.381383e-03 -1.122452e-03 9.999937e-01 -2.112249e+01
9.999947e-01 2.308836e-03 -2.303985e-03 -9.189828e+00 -2.310576e-03 9.999970e-01 -7.529485e-04 2.322493e-01 2.302239e-03 7.582673e-04 9.999971e-01 -2.208588e+01
9.999914e-01 -2.346812e-03 -3.410994e-03 -9.252776e+00 2.351075e-03 9.999965e-01 1.246142e-03 2.352665e-01 3.408058e-03 -1.254150e-03 9.999934e-01 -2.296467e+01
9.999957e-01 2.361651e-03 -1.766431e-03 -9.238826e+00 -2.362941e-03 9.999969e-01 -7.285150e-04 2.360649e-01 1.764705e-03 7.326851e-04 9.999982e-01 -2.362419e+01
9.999856e-01 -2.135323e-03 -4.915364e-03 -8.625661e+00 2.141331e-03 9.999970e-01 1.217196e-03 2.329699e-01 4.912750e-03 -1.227703e-03 9.999872e-01 -2.397560e+01
9.999975e-01 1.948434e-03 -1.133446e-03 -8.234432e+00 -1.949815e-03 9.999974e-01 -1.218239e-03 2.408239e-01 1.131069e-03 1.220445e-03 9.999986e-01 -2.512993e+01
9.999870e-01 -2.074004e-03 -4.667433e-03 -8.006511e+00 2.080154e-03 9.999970e-01 1.313012e-03 2.464834e-01 4.664696e-03 -1.322703e-03 9.999882e-01 -2.621366e+01
9.999976e-01 1.991097e-03 -9.661933e-04 -7.861704e+00 -1.991803e-03 9.999978e-01 -7.292901e-04 2.537996e-01 9.647388e-04 7.312121e-04 9.999993e-01 -2.632575e+01
9.999877e-01 -2.277054e-03 -4.396431e-03 -7.693847e+00 2.281808e-03 9.999968e-01 1.076420e-03 2.707335e-01 4.393967e-03 -1.086438e-03 9.999898e-01 -2.628469e+01
9.999958e-01 2.076704e-03 -2.036143e-03 -7.775432e+00 -2.077765e-03 9.999977e-01 -5.191583e-04 2.888471e-01 2.035060e-03 5.233860e-04 9.999978e-01 -2.701728e+01
9.999834e-01 -2.016806e-03 -5.394179e-03 -8.305765e+00 2.025602e-03 9.999966e-01 1.625499e-03 3.074138e-01 5.390883e-03 -1.636398e-03 9.999841e-01 -2.765777e+01
9.999976e-01 2.020911e-03 -8.235187e-04 -8.597050e+00 -2.021527e-03 9.999977e-01 -7.476124e-04 3.157445e-01 8.220056e-04 7.492747e-04 9.999994e-01 -2.817503e+01
9.999881e-01 -2.180110e-03 -4.372938e-03 -8.510188e+00 2.185359e-03 9.999969e-01 1.195820e-03 3.250041e-01 4.370318e-03 -1.205362e-03 9.999897e-01 -2.840567e+01
9.999977e-01 1.833371e-03 -1.137605e-03 -8.906115e+00 -1.833471e-03 9.999983e-01 -8.650886e-05 3.546809e-01 1.137445e-03 8.859375e-05 9.999993e-01 -2.808299e+01
9.999811e-01 -2.256655e-03 -5.712056e-03 -8.928052e+00 2.260102e-03 9.999973e-01 5.971694e-04 3.879008e-01 5.710693e-03 -6.100672e-04 9.999835e-01 -2.827906e+01
9.999974e-01 1.887198e-03 -1.302694e-03 -7.916190e+00 -1.888213e-03 9.999979e-01 -7.783456e-04 4.014849e-01 1.301223e-03 7.808027e-04 9.999988e-01 -2.867704e+01
9.999855e-01 -2.290339e-03 -4.879105e-03 -7.064082e+00 2.291907e-03 9.999973e-01 3.158004e-04 4.246327e-01 4.878369e-03 -3.269776e-04 9.999880e-01 -2.917267e+01
9.999985e-01 1.722332e-03 2.639828e-04 -6.396073e+00 -1.722195e-03 9.999984e-01 -5.189836e-04 4.316165e-01 -2.648765e-04 5.185275e-04 9.999998e-01 -2.884406e+01
9.999799e-01 -1.853217e-03 -6.066642e-03 -5.635262e+00 1.855039e-03 9.999982e-01 2.946743e-04 4.393931e-01 6.066086e-03 -3.059216e-04 9.999816e-01 -2.924979e+01
9.999981e-01 1.865202e-03 -4.780607e-04 -5.007349e+00 -1.865452e-03 9.999981e-01 -5.214254e-04 4.466332e-01 4.770869e-04 5.223156e-04 9.999997e-01 -3.015696e+01
9.999851e-01 -1.845753e-03 -5.133341e-03 -5.050426e+00 1.850208e-03 9.999979e-01 8.632658e-04 4.506825e-01 5.131738e-03 -8.727500e-04 9.999865e-01 -3.127725e+01
9.999979e-01 1.847356e-03 -9.410853e-04 -5.184794e+00 -1.847696e-03 9.999982e-01 -3.609442e-04 4.577109e-01 9.404165e-04 3.626815e-04 9.999995e-01 -3.230605e+01
9.999891e-01 -1.881098e-03 -4.282031e-03 -4.756674e+00 1.883148e-03 9.999981e-01 4.747385e-04 4.545434e-01 4.281130e-03 -4.827963e-04 9.999907e-01 -3.278869e+01
9.999975e-01 1.849193e-03 -1.241879e-03 -4.409728e+00 -1.849661e-03 9.999982e-01 -3.753197e-04 4.549104e-01 1.241182e-03 3.776152e-04 9.999992e-01 -3.337800e+01
9.999858e-01 -1.816934e-03 -5.018068e-03 -4.577123e+00 1.821615e-03 9.999979e-01 9.283314e-04 4.623129e-01 5.016371e-03 -9.374585e-04 9.999870e-01 -3.440086e+01
9.999963e-01 1.891576e-03 -1.970036e-03 -5.001570e+00 -1.891657e-03 9.999982e-01 -3.908566e-05 4.766790e-01 1.969958e-03 4.281147e-05 9.999981e-01 -3.541555e+01
9.999885e-01 -1.888844e-03 -4.411246e-03 -5.306438e+00 1.892341e-03 9.999979e-01 7.886824e-04 4.887047e-01 4.409747e-03 -7.970202e-04 9.999900e-01 -3.623860e+01
9.999977e-01 1.891688e-03 -1.038629e-03 -5.097756e+00 -1.892233e-03 9.999981e-01 -5.240453e-04 4.891820e-01 1.037635e-03 5.260087e-04 9.999993e-01 -3.688462e+01
9.999879e-01 -1.969066e-03 -4.514259e-03 -4.871356e+00 1.971870e-03 9.999979e-01 6.166615e-04 4.956838e-01 4.513035e-03 -6.255549e-04 9.999896e-01 -3.766154e+01
9.999941e-01 2.161390e-03 -2.685133e-03 -4.069084e+00 -2.162813e-03 9.999975e-01 -5.267169e-04 4.906605e-01 2.683987e-03 5.325205e-04 9.999963e-01 -3.797727e+01
9.999875e-01 -2.251094e-03 -4.456048e-03 -3.174817e+00 2.253146e-03 9.999974e-01 4.552836e-04 4.934078e-01 4.455011e-03 -4.653174e-04 9.999900e-01 -3.853802e+01
9.999960e-01 2.246286e-03 -1.724995e-03 -2.534140e+00 -2.247198e-03 9.999973e-01 -5.268897e-04 4.996307e-01 1.723807e-03 5.307633e-04 9.999984e-01 -3.911310e+01
9.999859e-01 -2.279784e-03 -4.796584e-03 -1.888785e+00 2.283631e-03 9.999971e-01 7.966086e-04 5.017818e-01 4.794754e-03 -8.075503e-04 9.999882e-01 -3.913929e+01
9.999956e-01 2.431271e-03 -1.713518e-03 -1.245627e+00 -2.432167e-03 9.999969e-01 -5.212414e-04 4.987085e-01 1.712245e-03 5.254060e-04 9.999984e-01 -3.909010e+01
9.999858e-01 -2.157149e-03 -4.876668e-03 -5.409810e-01 2.160896e-03 9.999974e-01 7.630734e-04 4.893817e-01 4.875010e-03 -7.735999e-04 9.999878e-01 -3.905469e+01
9.999966e-01 2.381451e-03 -1.061903e-03 -5.963556e-03 -2.381828e-03 9.999971e-01 -3.532599e-04 4.787522e-01 1.061059e-03 3.557874e-04 9.999994e-01 -3.890190e+01
9.999863e-01 -2.072910e-03 -4.814525e-03 5.351851e-01 2.076430e-03 9.999976e-01 7.261066e-04 4.636083e-01 4.813008e-03 -7.360930e-04 9.999881e-01 -3.871560e+01
9.999964e-01 2.397264e-03 -1.207444e-03 1.112962e+00 -2.397784e-03 9.999970e-01 -4.292182e-04 4.441586e-01 1.206411e-03 4.321112e-04 9.999992e-01 -3.857992e+01
9.999830e-01 -2.003805e-03 -5.467489e-03 1.848370e+00 2.007490e-03 9.999978e-01 6.685722e-04 4.269723e-01 5.466137e-03 -6.795361e-04 9.999848e-01 -3.854252e+01
9.999966e-01 2.428111e-03 -9.310736e-04 2.589791e+00 -2.428563e-03 9.999969e-01 -4.844908e-04 4.013950e-01 9.298941e-04 4.867497e-04 9.999994e-01 -3.833442e+01
9.999787e-01 -1.974927e-03 -6.228149e-03 3.400799e+00 1.978594e-03 9.999979e-01 5.826476e-04 3.848844e-01 6.226986e-03 -5.949575e-04 9.999804e-01 -3.834256e+01
9.999978e-01 2.063595e-03 2.487177e-04 4.107249e+00 -2.063433e-03 9.999977e-01 -6.499170e-04 3.780048e-01 -2.500586e-04 6.494018e-04 9.999998e-01 -3.840900e+01
9.999836e-01 -2.072216e-03 -5.339015e-03 4.182460e+00 2.078338e-03 9.999972e-01 1.141192e-03 3.748860e-01 5.336635e-03 -1.152269e-03 9.999851e-01 -3.852676e+01
9.999980e-01 2.015319e-03 1.157586e-04 4.207256e+00 -2.015248e-03 9.999978e-01 -6.112016e-04 3.749011e-01 -1.169903e-04 6.109664e-04 9.999998e-01 -3.889124e+01
9.999849e-01 -2.115658e-03 -5.066846e-03 4.233693e+00 2.121106e-03 9.999972e-01 1.069919e-03 3.749880e-01 5.064568e-03 -1.080649e-03 9.999866e-01 -3.916031e+01
9.999977e-01 2.052782e-03 5.541736e-04 4.420823e+00 -2.052314e-03 9.999975e-01 -8.438162e-04 3.720438e-01 -5.559047e-04 8.426763e-04 9.999995e-01 -3.946439e+01
9.999822e-01 -2.143706e-03 -5.574109e-03 4.204076e+00 2.153017e-03 9.999963e-01 1.664920e-03 3.731096e-01 5.570519e-03 -1.676891e-03 9.999831e-01 -3.922982e+01
9.999975e-01 2.135496e-03 -7.172435e-04 3.704618e+00 -2.135852e-03 9.999976e-01 -4.963960e-04 3.879132e-01 7.161815e-04 4.979260e-04 9.999996e-01 -3.931778e+01
9.999777e-01 -2.122448e-03 -6.339766e-03 3.074386e+00 2.134592e-03 9.999959e-01 1.909340e-03 4.055029e-01 6.335687e-03 -1.922829e-03 9.999781e-01 -3.929962e+01
9.999977e-01 2.161067e-03 6.450019e-05 2.625673e+00 -2.161024e-03 9.999975e-01 -6.548339e-04 4.151336e-01 -6.591542e-05 6.546923e-04 9.999998e-01 -3.911567e+01
9.999679e-01 -2.057801e-03 -7.746177e-03 2.066746e+00 2.072407e-03 9.999961e-01 1.877940e-03 4.322550e-01 7.742283e-03 -1.893932e-03 9.999682e-01 -3.972851e+01
9.999975e-01 2.133687e-03 6.908738e-04 1.635239e+00 -2.133056e-03 9.999973e-01 -9.122683e-04 4.470809e-01 -6.928187e-04 9.107917e-04 9.999993e-01 -4.046372e+01
9.999639e-01 -2.061293e-03 -8.245964e-03 1.128766e+00 2.078915e-03 9.999956e-01 2.128983e-03 4.613300e-01 8.241539e-03 -2.146048e-03 9.999637e-01 -4.100188e+01
9.999977e-01 2.120630e-03 2.286623e-04 4.633793e-01 -2.120493e-03 9.999976e-01 -5.990397e-04 4.792915e-01 -2.299323e-04 5.985528e-04 9.999998e-01 -4.125327e+01
9.999692e-01 -2.036128e-03 -7.581052e-03 -1.098381e-01 2.050873e-03 9.999960e-01 1.937741e-03 4.961672e-01 7.577077e-03 -1.953228e-03 9.999694e-01 -4.148182e+01
9.999974e-01 2.072466e-03 9.607604e-04 -4.577679e-01 -2.071639e-03 9.999975e-01 -8.610926e-04 5.061109e-01 -9.625429e-04 8.590994e-04 9.999992e-01 -4.179105e+01
9.999811e-01 -1.955091e-03 -5.832981e-03 -1.666770e-01 1.962607e-03 9.999973e-01 1.282975e-03 4.950494e-01 5.830457e-03 -1.294398e-03 9.999822e-01 -4.182320e+01
9.999968e-01 2.457384e-03 -5.676878e-04 5.663143e-01 -2.457992e-03 9.999964e-01 -1.072019e-03 4.667153e-01 5.650511e-04 1.073411e-03 9.999993e-01 -4.159049e+01
9.999817e-01 -2.051571e-03 -5.693569e-03 1.179617e+00 2.059524e-03 9.999969e-01 1.391348e-03 4.509463e-01 5.690697e-03 -1.403048e-03 9.999828e-01 -4.152159e+01
9.999974e-01 2.242115e-03 -4.658797e-04 1.770652e+00 -2.242634e-03 9.999969e-01 -1.117233e-03 4.439005e-01 4.633730e-04 1.118274e-03 9.999993e-01 -4.159987e+01
9.999835e-01 -2.237122e-03 -5.282822e-03 2.432828e+00 2.242737e-03 9.999969e-01 1.057139e-03 4.431985e-01 5.280441e-03 -1.068969e-03 9.999855e-01 -4.196700e+01
9.999973e-01 2.278637e-03 -3.881762e-04 3.032508e+00 -2.279057e-03 9.999968e-01 -1.084632e-03 4.417871e-01 3.857033e-04 1.085513e-03 9.999993e-01 -4.241798e+01
9.999833e-01 -2.181113e-03 -5.353741e-03 3.674324e+00 2.187896e-03 9.999968e-01 1.261464e-03 4.336115e-01 5.350973e-03 -1.273155e-03 9.999849e-01 -4.268526e+01
9.999973e-01 2.315295e-03 -2.132977e-04 4.228739e+00 -2.315537e-03 9.999967e-01 -1.141940e-03 4.232496e-01 2.106529e-04 1.142430e-03 9.999993e-01 -4.277426e+01
9.999869e-01 -2.311145e-03 -4.569297e-03 4.800945e+00 2.316465e-03 9.999966e-01 1.159142e-03 4.128155e-01 4.566603e-03 -1.169711e-03 9.999889e-01 -4.289581e+01
9.999968e-01 2.376096e-03 -8.954920e-04 5.457280e+00 -2.377200e-03 9.999964e-01 -1.234186e-03 4.071426e-01 8.925560e-04 1.236310e-03 9.999988e-01 -4.329376e+01
9.999866e-01 -2.473164e-03 -4.556857e-03 6.004307e+00 2.479110e-03 9.999961e-01 1.299484e-03 4.081630e-01 4.553626e-03 -1.310762e-03 9.999888e-01 -4.376872e+01
9.999946e-01 2.634682e-03 -1.975716e-03 6.801177e+00 -2.636916e-03 9.999959e-01 -1.129086e-03 4.020923e-01 1.972733e-03 1.134289e-03 9.999974e-01 -4.403435e+01
9.999877e-01 -2.627851e-03 -4.211820e-03 7.308702e+00 2.633180e-03 9.999957e-01 1.260229e-03 4.023014e-01 4.208490e-03 -1.271304e-03 9.999903e-01 -4.450263e+01
9.999956e-01 2.799956e-03 -9.598350e-04 8.008573e+00 -2.801130e-03 9.999953e-01 -1.223274e-03 3.894274e-01 9.564052e-04 1.225957e-03 9.999988e-01 -4.471399e+01
9.999722e-01 -2.333000e-03 -7.081921e-03 9.185617e+00 2.340551e-03 9.999967e-01 1.058021e-03 3.745990e-01 7.079430e-03 -1.074566e-03 9.999744e-01 -4.502725e+01
9.999971e-01 2.394298e-03 -3.333911e-04 1.018816e+01 -2.394596e-03 9.999967e-01 -8.955304e-04 3.588272e-01 3.312456e-04 8.963255e-04 9.999995e-01 -4.529185e+01
9.999764e-01 -1.852272e-03 -6.620537e-03 1.105184e+01 1.860081e-03 9.999976e-01 1.173525e-03 3.297293e-01 6.618347e-03 -1.185811e-03 9.999774e-01 -4.514256e+01
9.999973e-01 2.306770e-03 3.619314e-05 1.178525e+01 -2.306739e-03 9.999970e-01 -8.412031e-04 3.046483e-01 -3.813372e-05 8.411167e-04 9.999996e-01 -4.501318e+01
9.999799e-01 -2.227436e-03 -5.932831e-03 1.182686e+01 2.236653e-03 9.999963e-01 1.547431e-03 3.035815e-01 5.929362e-03 -1.560669e-03 9.999812e-01 -4.537700e+01
9.999973e-01 2.285087e-03 -4.597481e-04 1.159492e+01 -2.285422e-03 9.999971e-01 -7.297422e-04 3.080448e-01 4.580790e-04 7.307903e-04 9.999996e-01 -4.603611e+01
9.999864e-01 -2.212878e-03 -4.720856e-03 1.161326e+01 2.218026e-03 9.999970e-01 1.085457e-03 3.078550e-01 4.718440e-03 -1.095913e-03 9.999883e-01 -4.683101e+01
9.999975e-01 2.192016e-03 -5.218579e-04 1.181538e+01 -2.192436e-03 9.999973e-01 -8.036475e-04 3.058536e-01 5.200947e-04 8.047890e-04 9.999995e-01 -4.741955e+01
9.999603e-01 -2.053498e-03 -8.676389e-03 1.095288e+01 2.071222e-03 9.999958e-01 2.034179e-03 3.404973e-01 8.672175e-03 -2.052069e-03 9.999603e-01 -4.880117e+01
9.999937e-01 2.001669e-03 -2.936606e-03 9.597082e+00 -2.002034e-03 9.999980e-01 -1.214266e-04 3.847296e-01 2.936357e-03 1.273044e-04 9.999957e-01 -4.999607e+01
9.999892e-01 -1.939064e-03 -4.217183e-03 9.229356e+00 1.942931e-03 9.999977e-01 9.130151e-04 3.938129e-01 4.215403e-03 -9.211984e-04 9.999907e-01 -5.108008e+01
9.999977e-01 2.010621e-03 -8.028240e-04 9.300418e+00 -2.010869e-03 9.999979e-01 -3.087445e-04 3.864912e-01 8.022014e-04 3.103576e-04 9.999996e-01 -5.136910e+01
9.999911e-01 -1.881843e-03 -3.771319e-03 9.620447e+00 1.885135e-03 9.999978e-01 8.694844e-04 3.678883e-01 3.769675e-03 -8.765855e-04 9.999925e-01 -5.061291e+01
9.999971e-01 1.879712e-03 -1.505300e-03 9.677280e+00 -1.879674e-03 9.999982e-01 2.719753e-05 3.625817e-01 1.505349e-03 -2.436860e-05 9.999989e-01 -5.023138e+01
9.999920e-01 -1.865755e-03 -3.527063e-03 9.758416e+00 1.868542e-03 9.999979e-01 7.868997e-04 3.535164e-01 3.525588e-03 -7.934832e-04 9.999935e-01 -4.996008e+01
9.999969e-01 2.026625e-03 -1.454361e-03 1.010077e+01 -2.026770e-03 9.999979e-01 -9.798692e-05 3.361583e-01 1.454160e-03 1.009337e-04 9.999989e-01 -4.967502e+01
9.999920e-01 -1.539663e-03 -3.688683e-03 1.078277e+01 1.541514e-03 9.999987e-01 4.988547e-04 3.022012e-01 3.687910e-03 -5.045363e-04 9.999931e-01 -4.910788e+01
9.999965e-01 1.891935e-03 -1.832268e-03 1.170815e+01 -1.892174e-03 9.999982e-01 -1.288613e-04 2.645556e-01 1.832020e-03 1.323272e-04 9.999983e-01 -4.845654e+01
9.999951e-01 -1.741736e-03 -2.614142e-03 1.217381e+01 1.743532e-03 9.999982e-01 6.845783e-04 2.411365e-01 2.612945e-03 -6.891321e-04 9.999963e-01 -4.794334e+01
9.999952e-01 1.794393e-03 -2.544112e-03 1.233428e+01 -1.794335e-03 9.999984e-01 2.523389e-05 2.321489e-01 2.544153e-03 -2.066939e-05 9.999968e-01 -4.791604e+01
9.999966e-01 -1.703661e-03 -1.983926e-03 1.278843e+01 1.704714e-03 9.999984e-01 5.288970e-04 2.050386e-01 1.983022e-03 -5.322766e-04 9.999979e-01 -4.754887e+01
9.999983e-01 1.675043e-03 -7.969590e-04 1.310684e+01 -1.675046e-03 9.999986e-01 -2.562135e-06 1.696595e-01 7.969534e-04 3.896460e-06 9.999997e-01 -4.657578e+01
9.999967e-01 -1.434535e-03 -2.109168e-03 1.348017e+01 1.435377e-03 9.999989e-01 3.974746e-04 1.299292e-01 2.108596e-03 -4.005001e-04 9.999977e-01 -4.566991e+01
9.999878e-01 2.015810e-03 -4.502268e-03 1.437834e+01 -2.016130e-03 9.999980e-01 -6.647276e-05 9.327186e-02 4.502124e-03 7.554849e-05 9.999899e-01 -4.534217e+01
9.999979e-01 -1.880346e-03 -8.624946e-04 1.493419e+01 1.880788e-03 9.999981e-01 5.109860e-04 6.613260e-02 8.615323e-04 -5.126065e-04 9.999995e-01 -4.503474e+01
9.999968e-01 1.658502e-03 -1.918753e-03 1.490552e+01 -1.658341e-03 9.999986e-01 8.582068e-05 5.277052e-02 1.918893e-03 -8.263906e-05 9.999982e-01 -4.428554e+01
9.999967e-01 -1.337869e-03 -2.185410e-03 1.519226e+01 1.338746e-03 9.999990e-01 3.996605e-04 2.937101e-02 2.184873e-03 -4.025843e-04 9.999975e-01 -4.381462e+01
9.999688e-01 1.803917e-03 -7.691373e-03 1.656768e+01 -1.805019e-03 9.999984e-01 -1.362924e-04 1.812080e-02 7.691115e-03 1.501706e-04 9.999704e-01 -4.431747e+01
9.999964e-01 -1.682143e-03 2.101716e-03 1.711834e+01 1.680746e-03 9.999984e-01 6.664222e-04 -3.495045e-03 -2.102833e-03 -6.628867e-04 9.999976e-01 -4.419044e+01
9.999856e-01 1.467828e-03 -5.154188e-03 1.710982e+01 -1.467829e-03 9.999989e-01 3.643225e-06 -1.579083e-02 5.154188e-03 3.921686e-06 9.999867e-01 -4.343154e+01
9.999973e-01 -1.610961e-03 1.677429e-03 1.712502e+01 1.609818e-03 9.999985e-01 6.829275e-04 -2.822948e-02 -1.678527e-03 -6.802247e-04 9.999984e-01 -4.283130e+01
9.999808e-01 1.406199e-03 -6.027019e-03 1.705174e+01 -1.405376e-03 9.999990e-01 1.406928e-04 -2.992359e-02 6.027211e-03 -1.322205e-04 9.999818e-01 -4.236517e+01
9.999967e-01 -1.477268e-03 2.114673e-03 1.724063e+01 1.476556e-03 9.999989e-01 3.381742e-04 -3.795578e-02 -2.115170e-03 -3.350500e-04 9.999977e-01 -4.234369e+01
9.999818e-01 1.616422e-03 -5.807894e-03 1.773299e+01 -1.615964e-03 9.999987e-01 8.364440e-05 -6.440726e-02 5.808021e-03 -7.425814e-05 9.999831e-01 -4.175821e+01
9.999967e-01 -1.705305e-03 1.938489e-03 1.817263e+01 1.704711e-03 9.999985e-01 3.082906e-04 -7.882568e-02 -1.939012e-03 -3.049844e-04 9.999981e-01 -4.143899e+01
9.999786e-01 1.541733e-03 -6.357313e-03 1.890018e+01 -1.544559e-03 9.999987e-01 -4.395718e-04 -7.392625e-02 6.356627e-03 4.493811e-04 9.999797e-01 -4.186095e+01
9.999981e-01 -1.946440e-03 1.314311e-04 2.093483e+01 1.946491e-03 9.999980e-01 -3.794371e-04 -7.988286e-02 -1.306921e-04 3.796928e-04 9.999999e-01 -4.198913e+01
9.999733e-01 1.297056e-03 -7.193010e-03 2.307399e+01 -1.297944e-03 9.999992e-01 -1.187564e-04 -1.119641e-01 7.192850e-03 1.280888e-04 9.999741e-01 -4.150709e+01
9.999962e-01 -1.942919e-03 1.966867e-03 2.471209e+01 1.943255e-03 9.999981e-01 -1.686387e-04 -1.410235e-01 -1.966536e-03 1.724608e-04 9.999981e-01 -4.084575e+01
9.999951e-01 1.143421e-03 -2.902369e-03 2.515763e+01 -1.142530e-03 9.999993e-01 3.086562e-04 -1.561400e-01 2.902719e-03 -3.053393e-04 9.999957e-01 -4.026023e+01
9.999878e-01 2.961933e-04 -4.924707e-03 2.724097e+01 -2.993995e-04 9.999997e-01 -6.503931e-04 -2.272100e-01 4.924513e-03 6.518603e-04 9.999877e-01 -3.938868e+01
9.999997e-01 -3.155938e-04 -6.795656e-04 2.867217e+01 3.159954e-04 9.999998e-01 5.915558e-04 -2.727109e-01 6.793785e-04 -5.917710e-04 9.999996e-01 -3.845020e+01
9.999999e-01 -7.072685e-05 -3.799586e-04 2.882564e+01 7.064215e-05 1.000000e+00 -2.239664e-04 -2.926973e-01 3.799746e-04 2.239401e-04 9.999999e-01 -3.747590e+01
9.999982e-01 -1.851795e-04 -1.898535e-03 2.919048e+01 1.861178e-04 9.999999e-01 4.942530e-04 -3.154445e-01 1.898443e-03 -4.946061e-04 9.999981e-01 -3.689268e+01
9.999988e-01 2.609784e-04 -1.514501e-03 2.977627e+01 -2.609911e-04 1.000000e+00 -8.406771e-06 -3.515678e-01 1.514499e-03 8.802625e-06 9.999989e-01 -3.619372e+01
9.999953e-01 -5.821768e-05 -3.074482e-03 3.025983e+01 5.967549e-05 9.999999e-01 4.742036e-04 -3.803234e-01 3.074453e-03 -4.743854e-04 9.999952e-01 -3.556937e+01
9.999999e-01 -7.035607e-05 5.031344e-04 3.054626e+01 7.040100e-05 1.000000e+00 -8.850763e-05 -4.097868e-01 -5.031280e-04 8.854363e-05 9.999999e-01 -3.475456e+01
9.999907e-01 2.712041e-04 -4.307349e-03 3.129105e+01 -2.702393e-04 9.999999e-01 2.246568e-04 -4.507375e-01 4.307410e-03 -2.234913e-04 9.999907e-01 -3.376086e+01
9.999980e-01 -5.471844e-04 1.915878e-03 3.167558e+01 5.469230e-04 9.999998e-01 1.371714e-04 -4.789843e-01 -1.915952e-03 -1.361227e-04 9.999982e-01 -3.295519e+01
9.999929e-01 3.644975e-04 -3.762392e-03 3.253848e+01 -3.652724e-04 9.999999e-01 -2.051763e-04 -5.251775e-01 3.762317e-03 2.065485e-04 9.999929e-01 -3.146595e+01
9.999995e-01 -2.280173e-04 -9.212097e-04 3.343844e+01 2.286117e-04 9.999998e-01 6.447875e-04 -5.613802e-01 9.210626e-04 -6.449973e-04 9.999994e-01 -3.056493e+01
9.999860e-01 5.331721e-04 -5.266642e-03 3.452302e+01 -5.346977e-04 9.999998e-01 -2.881942e-04 -5.999083e-01 5.266488e-03 2.910057e-04 9.999861e-01 -2.986245e+01
9.999997e-01 -1.447115e-04 -8.101184e-04 3.605464e+01 1.451540e-04 9.999998e-01 5.456302e-04 -6.629964e-01 8.100395e-04 -5.457470e-04 9.999995e-01 -2.854231e+01
9.999972e-01 7.215553e-05 -2.361885e-03 3.644442e+01 -7.240165e-05 1.000000e+00 -1.039464e-04 -6.884648e-01 2.361877e-03 1.041165e-04 9.999972e-01 -2.794806e+01
9.999996e-01 -3.288535e-04 7.773550e-04 3.659676e+01 3.284681e-04 9.999998e-01 4.964023e-04 -7.178805e-01 -7.775179e-04 -4.961462e-04 9.999996e-01 -2.686126e+01
9.999962e-01 1.175803e-04 -2.758737e-03 3.677400e+01 -1.176553e-04 1.000000e+00 -2.685947e-05 -7.471753e-01 2.758734e-03 2.718336e-05 9.999962e-01 -2.584367e+01
9.999995e-01 -8.957479e-05 -9.929799e-04 3.718199e+01 9.013661e-05 9.999998e-01 5.653453e-04 -7.768654e-01 9.929293e-04 -5.654339e-04 9.999993e-01 -2.504388e+01
9.999976e-01 3.828291e-05 -2.200723e-03 3.747985e+01 -3.840000e-05 1.000000e+00 -5.297688e-05 -8.044641e-01 2.200721e-03 5.306067e-05 9.999976e-01 -2.430409e+01
9.999987e-01 -5.660696e-05 -1.639853e-03 3.772717e+01 5.764202e-05 9.999998e-01 6.308964e-04 -8.257430e-01 1.639817e-03 -6.309895e-04 9.999985e-01 -2.372949e+01
9.999971e-01 1.975745e-04 -2.389012e-03 3.815414e+01 -1.979223e-04 1.000000e+00 -1.451521e-04 -8.525969e-01 2.388983e-03 1.456239e-04 9.999971e-01 -2.317312e+01
9.999995e-01 -2.785083e-04 -9.945931e-04 3.854333e+01 2.789757e-04 9.999999e-01 4.694226e-04 -8.702755e-01 9.944624e-04 -4.696992e-04 9.999994e-01 -2.294853e+01
9.999975e-01 2.307499e-04 -2.202705e-03 3.880839e+01 -2.308786e-04 1.000000e+00 -5.799779e-05 -8.833207e-01 2.202692e-03 5.850562e-05 9.999976e-01 -2.277252e+01
9.999971e-01 -2.060551e-04 -2.387253e-03 3.911373e+01 2.065969e-04 1.000000e+00 2.265146e-04 -8.874361e-01 2.387206e-03 -2.270065e-04 9.999971e-01 -2.301930e+01
9.999981e-01 4.762436e-05 -1.959319e-03 3.921345e+01 -4.754825e-05 1.000000e+00 3.910331e-05 -8.878487e-01 1.959321e-03 -3.901066e-05 9.999981e-01 -2.373690e+01
9.999924e-01 -9.304037e-06 -3.890340e-03 3.908785e+01 1.217900e-05 9.999997e-01 7.388696e-04 -8.891715e-01 3.890332e-03 -7.389108e-04 9.999922e-01 -2.427706e+01
9.999987e-01 -7.449993e-05 -1.627405e-03 3.910655e+01 7.413117e-05 1.000000e+00 -2.263967e-04 -8.903350e-01 1.627422e-03 2.262752e-04 9.999987e-01 -2.483736e+01
9.999929e-01 -3.820270e-05 -3.773389e-03 3.903386e+01 4.029995e-05 9.999998e-01 5.556160e-04 -8.824919e-01 3.773367e-03 -5.557635e-04 9.999927e-01 -2.593201e+01
1.000000e+00 -1.233953e-04 1.304712e-04 3.918074e+01 1.234325e-04 1.000000e+00 -2.879439e-04 -8.836414e-01 -1.304358e-04 2.879594e-04 1.000000e+00 -2.636352e+01
9.999837e-01 -1.786182e-06 -5.712873e-03 3.925919e+01 4.874671e-06 9.999999e-01 5.405318e-04 -8.816138e-01 5.712871e-03 -5.405502e-04 9.999835e-01 -2.723034e+01
9.999989e-01 -2.750783e-04 1.441086e-03 3.947339e+01 2.760267e-04 9.999997e-01 -6.582775e-04 -8.755079e-01 -1.440905e-03 6.586740e-04 9.999987e-01 -2.839311e+01
9.999847e-01 1.382652e-04 -5.529590e-03 4.010841e+01 -1.333961e-04 9.999996e-01 8.808423e-04 -8.874975e-01 5.529710e-03 -8.800907e-04 9.999843e-01 -2.865914e+01
9.999997e-01 3.870086e-05 7.933300e-04 4.070740e+01 -3.837273e-05 9.999999e-01 -4.141596e-04 -9.149733e-01 -7.933461e-04 4.141284e-04 9.999996e-01 -2.825826e+01
9.999852e-01 -9.846399e-05 -5.445166e-03 4.079113e+01 1.026937e-04 9.999997e-01 7.764397e-04 -9.169611e-01 5.445088e-03 -7.769868e-04 9.999849e-01 -2.856199e+01
9.999992e-01 4.965545e-05 1.289939e-03 4.074909e+01 -4.926274e-05 1.000000e+00 -3.048040e-04 -9.087719e-01 -1.289955e-03 3.047397e-04 9.999991e-01 -2.915762e+01
9.999888e-01 -1.034586e-04 -4.735384e-03 4.096780e+01 1.069342e-04 9.999997e-01 7.336174e-04 -9.196821e-01 4.735307e-03 -7.341150e-04 9.999885e-01 -2.907918e+01
9.999999e-01 1.999050e-04 -4.495778e-04 4.137041e+01 -1.999881e-04 1.000000e+00 -1.838462e-04 -9.349286e-01 4.495409e-04 1.839355e-04 9.999999e-01 -2.908095e+01
9.999944e-01 -2.572427e-04 -3.330508e-03 4.147536e+01 2.598835e-04 9.999997e-01 7.923812e-04 -9.497382e-01 3.330303e-03 -7.932418e-04 9.999941e-01 -2.870340e+01
9.999990e-01 3.342771e-04 -1.408483e-03 4.150781e+01 -3.347300e-04 9.999999e-01 -3.210200e-04 -9.549931e-01 1.408376e-03 3.214905e-04 9.999990e-01 -2.913836e+01
9.999953e-01 -3.245912e-04 -3.058965e-03 4.163276e+01 3.268754e-04 9.999997e-01 7.461310e-04 -9.653242e-01 3.058722e-03 -7.471268e-04 9.999950e-01 -2.934199e+01
