9.999958e-01 2.173021e-04 -2.905629e-03 6.185897e-01 -2.166083e-04 9.999999e-01 2.390773e-04 -4.410011e-02 2.905680e-03 -2.384477e-04 9.999958e-01 9.324933e-01
9.999999e-01 3.255273e-05 -3.804627e-04 1.110018e+00 -3.253932e-05 1.000000e+00 3.520764e-05 -8.420377e-02 3.804642e-04 -3.519455e-05 9.999999e-01 1.742836e+00
9.999961e-01 7.690253e-05 -2.809565e-03 1.483930e+00 -7.617976e-05 1.000000e+00 2.573682e-04 -1.185247e-01 2.809585e-03 -2.571539e-04 9.999960e-01 2.345134e+00
9.999988e-01 2.730563e-04 -1.549556e-03 2.169550e+00 -2.730391e-04 1.000000e+00 1.133416e-05 -1.629888e-01 1.549560e-03 -1.091034e-05 9.999988e-01 2.961253e+00
9.999987e-01 -9.484632e-05 -1.632574e-03 2.790331e+00 9.502705e-05 1.000000e+00 1.106456e-04 -2.082495e-01 1.632563e-03 -1.108013e-04 9.999987e-01 3.785044e+00
9.999996e-01 1.604356e-04 -8.954219e-04 3.297779e+00 -1.603904e-04 1.000000e+00 5.059729e-05 -2.503806e-01 8.954304e-04 -5.045294e-05 9.999996e-01 4.647943e+00
9.999970e-01 8.350733e-05 -2.450014e-03 3.761700e+00 -8.314103e-05 1.000000e+00 1.496227e-04 -2.836103e-01 2.450026e-03 -1.494193e-04 9.999970e-01 5.244080e+00
9.999980e-01 2.292048e-04 -1.997866e-03 4.594558e+00 -2.292526e-04 1.000000e+00 -2.366674e-05 -3.271301e-01 1.997861e-03 2.412542e-05 9.999980e-01 5.799299e+00
9.999948e-01 1.413420e-04 -3.206256e-03 5.424917e+00 -1.407888e-04 1.000000e+00 1.727604e-04 -3.637379e-01 3.206280e-03 -1.723088e-04 9.999948e-01 6.292327e+00
9.999985e-01 -5.441390e-04 1.622707e-03 5.539949e+00 5.436464e-04 9.999998e-01 3.039809e-04 -3.806316e-01 -1.622871e-03 -3.030975e-04 9.999986e-01 7.277827e+00
9.999863e-01 1.004408e-03 -5.132943e-03 6.238761e+00 -1.005823e-03 9.999995e-01 -2.731341e-04 -4.168951e-01 5.132665e-03 2.782925e-04 9.999868e-01 7.994077e+00
9.999996e-01 -7.766670e-04 -5.409494e-04 7.367544e+00 7.768246e-04 9.999997e-01 2.912081e-04 -4.424356e-01 5.407234e-04 -2.916275e-04 9.999998e-01 7.840968e+00
9.999912e-01 7.533383e-04 -4.137324e-03 8.209495e+00 -7.544828e-04 9.999997e-01 -2.750674e-04 -4.696680e-01 4.137115e-03 2.781858e-04 9.999914e-01 7.903213e+00
9.999993e-01 -4.514987e-04 1.079408e-03 8.639045e+00 4.509831e-04 9.999998e-01 4.779346e-04 -5.004580e-01 -1.079624e-03 -4.774468e-04 9.999993e-01 8.395976e+00
9.999693e-01 7.926135e-04 -7.792328e-03 1.010659e+01 -7.943539e-04 9.999997e-01 -2.202475e-04 -5.463120e-01 7.792150e-03 2.264299e-04 9.999696e-01 9.220593e+00
9.999784e-01 8.176640e-04 -6.521041e-03 1.358055e+01 -8.230118e-04 9.999993e-01 -8.174517e-04 -5.918220e-01 6.520369e-03 8.228016e-04 9.999784e-01 8.916657e+00
9.998780e-01 -5.352551e-04 -1.560945e-02 1.919777e+01 5.029626e-04 9.999977e-01 -2.072630e-03 -5.899533e-01 1.561052e-02 2.064525e-03 9.998760e-01 6.399978e+00
9.999844e-01 4.407953e-04 -5.564120e-03 2.475415e+01 -4.422143e-04 9.999999e-01 -2.538122e-04 -6.060118e-01 5.564007e-03 2.562695e-04 9.999845e-01 4.395265e+00
9.999098e-01 -5.219875e-05 -1.342961e-02 2.960547e+01 2.591449e-05 9.999981e-01 -1.957348e-03 -6.181197e-01 1.342969e-02 1.956823e-03 9.999079e-01 2.838751e+00
9.999721e-01 -4.257442e-04 -7.456204e-03 3.520410e+01 4.177407e-04 9.999993e-01 -1.074931e-03 -6.073572e-01 7.456657e-03 1.071787e-03 9.999716e-01 2.350474e-01
9.999206e-01 7.161095e-04 -1.257962e-02 4.047939e+01 -7.374179e-04 9.999983e-01 -1.689317e-03 -6.088818e-01 1.257839e-02 1.698458e-03 9.999194e-01 -1.849046e+00
9.999799e-01 -5.645710e-04 -6.308296e-03 4.557163e+01 5.611822e-04 9.999997e-01 -5.389788e-04 -6.340234e-01 6.308599e-03 5.354286e-04 9.999800e-01 -3.294718e+00
9.998770e-01 9.570241e-04 -1.565319e-02 5.151939e+01 -9.861811e-04 9.999978e-01 -1.855074e-03 -6.634748e-01 1.565138e-02 1.870282e-03 9.998758e-01 -5.063611e+00
9.999763e-01 -9.331718e-04 -6.819799e-03 5.750558e+01 9.243150e-04 9.999987e-01 -1.301737e-03 -6.792517e-01 6.821005e-03 1.295403e-03 9.999759e-01 -7.089297e+00
9.999684e-01 1.642272e-03 -7.783277e-03 6.121174e+01 -1.646335e-03 9.999985e-01 -5.155961e-04 -6.955780e-01 7.782418e-03 5.283930e-04 9.999696e-01 -7.849464e+00
9.999233e-01 -1.886336e-03 -1.224212e-02 6.685698e+01 1.851279e-03 9.999942e-01 -2.874291e-03 -6.821542e-01 1.224747e-02 2.851408e-03 9.999209e-01 -1.053651e+01
9.999682e-01 1.712097e-03 -7.791351e-03 7.267984e+01 -1.716306e-03 9.999984e-01 -5.335980e-04 -6.776898e-01 7.790425e-03 5.469527e-04 9.999695e-01 -1.308464e+01
9.999122e-01 -1.800063e-03 -1.313063e-02 7.841673e+01 1.762475e-03 9.999943e-01 -2.873682e-03 -6.702668e-01 1.313572e-02 2.850288e-03 9.999097e-01 -1.570663e+01
9.999836e-01 1.807414e-03 -5.430334e-03 8.345512e+01 -1.806974e-03 9.999984e-01 8.589731e-05 -6.688765e-01 5.430480e-03 -7.608413e-05 9.999853e-01 -1.784621e+01
9.999273e-01 -1.479148e-03 -1.196284e-02 8.839169e+01 1.447814e-03 9.999955e-01 -2.627573e-03 -6.821866e-01 1.196667e-02 2.610063e-03 9.999250e-01 -1.946401e+01
9.999983e-01 1.278892e-03 -1.307616e-03 9.068977e+01 -1.275394e-03 9.999956e-01 2.672068e-03 -6.972937e-01 1.311028e-03 -2.670397e-03 9.999956e-01 -1.899258e+01
9.998904e-01 -1.095810e-03 -1.476223e-02 9.516048e+01 1.025829e-03 9.999882e-01 -4.747287e-03 -7.216762e-01 1.476726e-02 4.731624e-03 9.998798e-01 -1.986961e+01
9.999959e-01 1.221212e-03 -2.590446e-03 9.985482e+01 -1.214702e-03 9.999961e-01 2.513326e-03 -7.352853e-01 2.593505e-03 -2.510170e-03 9.999935e-01 -2.105591e+01
9.999110e-01 -1.100152e-03 -1.329302e-02 1.030054e+02 1.058480e-03 9.999945e-01 -3.141501e-03 -7.463728e-01 1.329640e-02 3.127152e-03 9.999067e-01 -2.068041e+01
9.999982e-01 8.344029e-04 -1.715597e-03 1.072210e+02 -8.319499e-04 9.999986e-01 1.430174e-03 -7.763433e-01 1.716787e-03 -1.428745e-03 9.999975e-01 -2.081353e+01
9.999096e-01 -1.319585e-03 -1.337940e-02 1.104776e+02 1.291905e-03 9.999970e-01 -2.077291e-03 -7.865522e-01 1.338210e-02 2.059819e-03 9.999083e-01 -2.051167e+01
9.999996e-01 6.515328e-04 -5.483641e-04 1.124402e+02 -6.500985e-04 9.999964e-01 2.611998e-03 -7.866085e-01 5.500636e-04 -2.611641e-03 9.999964e-01 -1.919696e+01
9.999337e-01 3.764577e-04 -1.150678e-02 1.144302e+02 -4.055043e-04 9.999967e-01 -2.522099e-03 -8.182286e-01 1.150579e-02 2.526598e-03 9.999306e-01 -1.787371e+01
9.999586e-01 3.652067e-04 -9.092459e-03 1.203193e+02 -3.694421e-04 9.999998e-01 -4.641197e-04 -8.563836e-01 9.092288e-03 4.674589e-04 9.999586e-01 -1.904786e+01
9.999293e-01 7.827208e-04 -1.186867e-02 1.263010e+02 -8.121460e-04 9.999966e-01 -2.474630e-03 -9.064715e-01 1.186669e-02 2.484095e-03 9.999265e-01 -2.039787e+01
9.999339e-01 3.828188e-04 -1.149383e-02 1.325859e+02 -3.810023e-04 9.999999e-01 1.602544e-04 -9.867143e-01 1.149389e-02 -1.558653e-04 9.999339e-01 -2.111701e+01
9.999035e-01 5.131635e-04 -1.387973e-02 1.392735e+02 -5.491916e-04 9.999965e-01 -2.592064e-03 -1.090725e+00 1.387835e-02 2.599438e-03 9.999003e-01 -2.139427e+01
9.999814e-01 5.490130e-04 -6.074929e-03 1.447455e+02 -5.464132e-04 9.999998e-01 4.296420e-04 -1.171740e+00 6.075163e-03 -4.263153e-04 9.999815e-01 -2.167149e+01
9.999995e-01 -3.239486e-04 -9.141122e-04 1.464844e+02 3.239124e-04 9.999999e-01 -3.996946e-05 -1.259859e+00 9.141254e-04 3.967402e-05 9.999996e-01 -1.824279e+01
9.999996e-01 2.843574e-04 -8.300916e-04 1.478459e+02 -2.844620e-04 1.000000e+00 -1.255296e-04 -1.359434e+00 8.300556e-04 1.257651e-04 9.999996e-01 -1.467004e+01
9.999968e-01 -9.541617e-04 -2.332046e-03 1.472070e+02 9.566873e-04 9.999990e-01 1.082033e-03 -1.363414e+00 2.331011e-03 -1.084260e-03 9.999967e-01 -1.186609e+01
9.999313e-01 1.881890e-04 -1.171699e-02 1.443432e+02 -1.574063e-04 9.999965e-01 2.628068e-03 -1.253639e+00 1.171745e-02 -2.626044e-03 9.999279e-01 -1.067783e+01
9.999861e-01 -1.315057e-03 -5.115700e-03 1.407568e+02 1.324134e-03 9.999976e-01 1.771318e-03 -1.100168e+00 5.113358e-03 -1.778067e-03 9.999853e-01 -9.964923e+00
9.999952e-01 5.380432e-04 -3.060693e-03 1.390733e+02 -5.369490e-04 9.999998e-01 3.583990e-04 -1.043360e+00 3.060885e-03 -3.567545e-04 9.999953e-01 -8.862237e+00
9.999791e-01 -3.485840e-04 -6.458948e-03 1.381596e+02 3.584056e-04 9.999988e-01 1.519498e-03 -1.012528e+00 6.458411e-03 -1.521781e-03 9.999780e-01 -9.254261e+00
9.999954e-01 1.401467e-04 3.014042e-03 1.381612e+02 -1.388833e-04 9.999999e-01 -4.194714e-04 -1.043845e+00 -3.014100e-03 4.190502e-04 9.999954e-01 -7.964567e+00
9.999946e-01 -2.601078e-05 -3.295873e-03 1.387683e+02 2.543019e-05 1.000000e+00 -1.762766e-04 -1.115793e+00 3.295878e-03 1.761925e-04 9.999946e-01 -6.046537e+00
9.999934e-01 1.515680e-04 -3.623219e-03 1.394180e+02 -1.495842e-04 9.999998e-01 5.478470e-04 -1.119801e+00 3.623302e-03 -5.473021e-04 9.999933e-01 -6.496318e+00
9.999967e-01 -6.362087e-05 -2.561269e-03 1.399007e+02 6.337091e-05 1.000000e+00 -9.777131e-05 -1.128689e+00 2.561275e-03 9.760934e-05 9.999967e-01 -6.811975e+00
9.999961e-01 1.640145e-04 -2.797579e-03 1.399970e+02 -1.619268e-04 9.999997e-01 7.465795e-04 -1.137320e+00 2.797700e-03 -7.461242e-04 9.999958e-01 -6.736928e+00
9.999989e-01 -4.192051e-04 1.443069e-03 1.400892e+02 4.198098e-04 9.999998e-01 -4.185289e-04 -1.165067e+00 -1.442893e-03 4.191350e-04 9.999989e-01 -5.588585e+00
9.999967e-01 3.083937e-04 -2.559005e-03 1.402148e+02 -3.071475e-04 9.999998e-01 4.874371e-04 -1.198676e+00 2.559155e-03 -4.866502e-04 9.999966e-01 -4.355582e+00
9.999979e-01 -3.400451e-04 -1.997123e-03 1.399854e+02 3.409408e-04 9.999998e-01 4.480083e-04 -1.200123e+00 1.996970e-03 -4.486876e-04 9.999979e-01 -3.881005e+00
9.999911e-01 5.032920e-04 -4.199718e-03 1.396960e+02 -5.007641e-04 9.999997e-01 6.030207e-04 -1.195787e+00 4.200020e-03 -6.009129e-04 9.999910e-01 -3.732430e+00
9.999947e-01 -4.615557e-04 -3.222714e-03 1.393781e+02 4.629216e-04 9.999998e-01 4.230342e-04 -1.184048e+00 3.222519e-03 -4.245232e-04 9.999947e-01 -4.087633e+00
9.999882e-01 4.830731e-04 -4.840178e-03 1.388408e+02 -4.801852e-04 9.999997e-01 5.978570e-04 -1.161275e+00 4.840465e-03 -5.955264e-04 9.999881e-01 -4.784619e+00
9.999949e-01 -3.576266e-04 -3.184142e-03 1.381293e+02 3.599404e-04 9.999997e-01 7.260429e-04 -1.133746e+00 3.183881e-03 -7.271846e-04 9.999947e-01 -5.198796e+00
9.999937e-01 4.480562e-04 -3.510379e-03 1.380464e+02 -4.485391e-04 9.999999e-01 -1.367146e-04 -1.122992e+00 3.510317e-03 1.382876e-04 9.999938e-01 -5.841936e+00
9.999950e-01 -3.489718e-04 -3.157758e-03 1.380342e+02 3.508683e-04 9.999998e-01 5.999876e-04 -1.113954e+00 3.157548e-03 -6.010919e-04 9.999948e-01 -6.644856e+00
9.999938e-01 3.883137e-04 -3.488982e-03 1.379243e+02 -3.882238e-04 9.999999e-01 2.654210e-05 -1.104641e+00 3.488992e-03 -2.518808e-05 9.999939e-01 -7.361796e+00
9.999915e-01 6.458432e-05 -4.112327e-03 1.388517e+02 -6.270643e-05 9.999999e-01 4.567073e-04 -1.124550e+00 4.112357e-03 -4.564449e-04 9.999914e-01 -7.470078e+00
9.999791e-01 7.924630e-04 -6.419864e-03 1.402474e+02 -7.929886e-04 9.999997e-01 -7.927925e-05 -1.158443e+00 6.419799e-03 8.436781e-05 9.999794e-01 -7.450871e+00
9.999996e-01 -7.737496e-04 -5.369435e-04 1.408153e+02 7.740859e-04 9.999995e-01 6.258623e-04 -1.160072e+00 5.364592e-04 -6.262770e-04 9.999997e-01 -7.957072e+00
9.999793e-01 1.011072e-03 -6.348911e-03 1.414080e+02 -1.013307e-03 9.999994e-01 -3.487038e-04 -1.158977e+00 6.348554e-03 3.551293e-04 9.999798e-01 -8.610479e+00
9.999990e-01 -8.252396e-04 -1.111478e-03 1.422694e+02 8.261122e-04 9.999994e-01 7.845928e-04 -1.166204e+00 1.110830e-03 -7.855096e-04 9.999991e-01 -9.024462e+00
9.999820e-01 8.816224e-04 -5.935028e-03 1.428320e+02 -8.847788e-04 9.999995e-01 -5.291667e-04 -1.161688e+00 5.934558e-03 5.344077e-04 9.999822e-01 -9.820825e+00
9.999995e-01 -9.247090e-04 2.468683e-04 1.430310e+02 9.245677e-04 9.999994e-01 5.730960e-04 -1.154511e+00 -2.473978e-04 -5.728669e-04 9.999998e-01 -1.101887e+01
9.999851e-01 8.947981e-04 -5.390016e-03 1.431945e+02 -8.980798e-04 9.999994e-01 -6.064020e-04 -1.148217e+00 5.389470e-03 6.112330e-04 9.999853e-01 -1.217188e+01
9.999996e-01 -8.626787e-04 4.332460e-05 1.433273e+02 8.626464e-04 9.999993e-01 7.476624e-04 -1.146897e+00 -4.396933e-05 -7.476241e-04 9.999997e-01 -1.308430e+01
9.999844e-01 8.253606e-04 -5.517505e-03 1.434568e+02 -8.283390e-04 9.999995e-01 -5.375046e-04 -1.144743e+00 5.517058e-03 5.420660e-04 9.999846e-01 -1.399534e+01
9.999996e-01 -7.412188e-04 -5.009866e-04 1.436762e+02 7.416476e-04 9.999994e-01 8.557226e-04 -1.145628e+00 5.003522e-04 -8.560931e-04 9.999995e-01 -1.471757e+01
9.999879e-01 6.750009e-04 -4.863530e-03 1.438519e+02 -6.781536e-04 9.999996e-01 -6.465619e-04 -1.143387e+00 4.863091e-03 6.498517e-04 9.999880e-01 -1.556980e+01
9.999997e-01 -7.317572e-04 -2.993374e-04 1.440073e+02 7.319594e-04 9.999995e-01 6.749538e-04 -1.138852e+00 2.988436e-04 -6.751721e-04 9.999997e-01 -1.664814e+01
9.999858e-01 7.750594e-04 -5.265000e-03 1.441980e+02 -7.764833e-04 9.999997e-01 -2.683470e-04 -1.141490e+00 5.264790e-03 2.724308e-04 9.999861e-01 -1.724258e+01
9.999995e-01 -8.303075e-04 -6.218652e-04 1.445673e+02 8.306476e-04 9.999995e-01 5.464549e-04 -1.139830e+00 6.214114e-04 -5.469705e-04 9.999997e-01 -1.800622e+01
9.999782e-01 9.081970e-04 -6.534915e-03 1.451839e+02 -9.098220e-04 9.999996e-01 -2.456482e-04 -1.140300e+00 6.534689e-03 2.515878e-04 9.999786e-01 -1.868596e+01
9.999996e-01 -8.578358e-04 -2.987223e-04 1.456114e+02 8.580406e-04 9.999994e-01 6.848060e-04 -1.143448e+00 2.981349e-04 -6.850614e-04 9.999997e-01 -1.908278e+01
9.999826e-01 6.838233e-04 -5.856559e-03 1.455014e+02 -6.831145e-04 9.999998e-01 1.230639e-04 -1.131451e+00 5.856642e-03 -1.190617e-04 9.999828e-01 -1.925917e+01
9.999996e-01 -7.942918e-04 3.873942e-04 1.453151e+02 7.940809e-04 9.999995e-01 5.450032e-04 -1.118775e+00 -3.878267e-04 -5.446947e-04 9.999998e-01 -1.962275e+01
9.999763e-01 7.891278e-04 -6.840595e-03 1.447698e+02 -7.845756e-04 9.999995e-01 6.681771e-04 -1.097776e+00 6.841118e-03 -6.627950e-04 9.999764e-01 -1.973774e+01
9.999976e-01 -6.569278e-04 2.084122e-03 1.451306e+02 6.569187e-04 9.999998e-01 5.199868e-06 -1.115858e+00 -2.084125e-03 -3.830119e-06 9.999978e-01 -1.931773e+01
9.999724e-01 9.621898e-04 -7.365908e-03 1.455836e+02 -9.590261e-04 9.999994e-01 4.330647e-04 -1.136232e+00 7.366321e-03 -4.259893e-04 9.999728e-01 -1.889665e+01
9.999975e-01 -9.810643e-04 1.991918e-03 1.453915e+02 9.803085e-04 9.999994e-01 3.805323e-04 -1.127865e+00 -1.992290e-03 -3.785780e-04 9.999979e-01 -1.894892e+01
9.999822e-01 8.394359e-04 -5.914943e-03 1.454070e+02 -8.375843e-04 9.999996e-01 3.155605e-04 -1.133276e+00 5.915205e-03 -3.106012e-04 9.999825e-01 -1.847517e+01
9.999996e-01 -8.228074e-04 -2.481647e-04 1.452626e+02 8.229996e-04 9.999994e-01 7.743410e-04 -1.121715e+00 2.475276e-04 -7.745443e-04 9.999997e-01 -1.820274e+01
9.999808e-01 8.178201e-04 -6.147234e-03 1.452393e+02 -8.187910e-04 9.999997e-01 -1.553598e-04 -1.109175e+00 6.147105e-03 1.603894e-04 9.999811e-01 -1.858327e+01
9.999986e-01 -6.140725e-04 -1.565969e-03 1.458132e+02 6.151746e-04 9.999996e-01 7.032343e-04 -1.110052e+00 1.565536e-03 -7.041960e-04 9.999985e-01 -1.898750e+01
9.999952e-01 6.711040e-04 -3.038974e-03 1.456724e+02 -6.707291e-04 9.999998e-01 1.244918e-04 -1.114866e+00 3.039057e-03 -1.224535e-04 9.999954e-01 -1.869739e+01
9.999987e-01 -5.132488e-04 -1.501344e-03 1.456347e+02 5.139114e-04 9.999998e-01 4.407628e-04 -1.122663e+00 1.501118e-03 -4.415332e-04 9.999988e-01 -1.837288e+01
9.999851e-01 5.466441e-04 -5.439398e-03 1.455577e+02 -5.450050e-04 9.999998e-01 3.028739e-04 -1.112660e+00 5.439563e-03 -2.999056e-04 9.999852e-01 -1.894170e+01
9.999979e-01 -4.392208e-04 -1.984696e-03 1.452959e+02 4.407694e-04 9.999996e-01 7.797378e-04 -1.103102e+00 1.984353e-03 -7.806104e-04 9.999977e-01 -1.924313e+01
9.999885e-01 4.707262e-04 -4.780061e-03 1.453205e+02 -4.713342e-04 9.999999e-01 -1.259968e-04 -1.095246e+00 4.780001e-03 1.282477e-04 9.999886e-01 -1.970245e+01
9.999990e-01 -4.374260e-04 -1.339763e-03 1.453882e+02 4.385944e-04 9.999995e-01 8.716780e-04 -1.087097e+00 1.339381e-03 -8.722641e-04 9.999987e-01 -1.976936e+01
9.999783e-01 8.600890e-04 -6.537163e-03 1.461683e+02 -8.618175e-04 9.999996e-01 -2.615494e-04 -1.104639e+00 6.536935e-03 2.671769e-04 9.999786e-01 -1.969042e+01
9.999997e-01 -4.368000e-04 -6.547432e-04 1.469415e+02 4.372351e-04 9.999997e-01 6.639693e-04 -1.127785e+00 6.544531e-04 -6.642548e-04 9.999996e-01 -1.958166e+01
9.999890e-01 7.126317e-04 -4.644971e-03 1.473824e+02 -7.135000e-04 9.999997e-01 -1.851867e-04 -1.154549e+00 4.644838e-03 1.884982e-04 9.999892e-01 -1.921241e+01
9.999964e-01 -5.331664e-04 -2.626831e-03 1.480380e+02 5.351462e-04 9.999996e-01 7.528849e-04 -1.159484e+00 2.626428e-03 -7.542873e-04 9.999963e-01 -1.948820e+01
9.999827e-01 8.883720e-04 -5.813573e-03 1.489105e+02 -8.892334e-04 9.999996e-01 -1.455282e-04 -1.165826e+00 5.813441e-03 1.506946e-04 9.999831e-01 -1.984949e+01
9.999908e-01 -5.007244e-04 -4.271670e-03 1.500213e+02 5.040513e-04 9.999996e-01 7.777072e-04 -1.178906e+00 4.271279e-03 -7.798526e-04 9.999906e-01 -2.014759e+01
9.999922e-01 8.271976e-04 -3.866840e-03 1.508452e+02 -8.277628e-04 9.999996e-01 -1.444721e-04 -1.192235e+00 3.866719e-03 1.476712e-04 9.999925e-01 -2.027042e+01
9.999857e-01 -2.449623e-04 -5.342661e-03 1.518902e+02 2.489515e-04 9.999997e-01 7.459450e-04 -1.214564e+00 5.342477e-03 -7.472638e-04 9.999854e-01 -2.033715e+01
9.999974e-01 6.290811e-04 -2.207327e-03 1.525019e+02 -6.292583e-04 9.999998e-01 -7.942627e-05 -1.228312e+00 2.207277e-03 8.081442e-05 9.999976e-01 -2.022998e+01
9.999909e-01 -5.524289e-04 -4.230338e-03 1.526142e+02 5.560078e-04 9.999995e-01 8.447928e-04 -1.223951e+00 4.229869e-03 -8.471366e-04 9.999907e-01 -2.039316e+01
9.999950e-01 7.470853e-04 -3.086604e-03 1.534152e+02 -7.488437e-04 9.999996e-01 -5.684708e-04 -1.230357e+00 3.086177e-03 5.707787e-04 9.999951e-01 -2.078198e+01
9.999903e-01 -6.108662e-04 -4.363353e-03 1.542838e+02 6.144357e-04 9.999995e-01 8.166769e-04 -1.237107e+00 4.362852e-03 -8.193493e-04 9.999901e-01 -2.119920e+01
9.999994e-01 6.224787e-04 -9.482716e-04 1.548374e+02 -6.229904e-04 9.999997e-01 -5.390296e-04 -1.248944e+00 9.479355e-04 5.396194e-04 9.999994e-01 -2.116328e+01
9.999966e-01 -9.259864e-04 -2.452482e-03 1.549352e+02 9.290447e-04 9.999988e-01 1.246008e-03 -1.256686e+00 2.451325e-03 -1.248281e-03 9.999962e-01 -2.036025e+01
9.999979e-01 8.385680e-04 -1.880073e-03 1.551755e+02 -8.396061e-04 9.999995e-01 -5.512050e-04 -1.271016e+00 1.879609e-03 5.527818e-04 9.999981e-01 -1.979399e+01
9.999832e-01 -3.238898e-04 -5.782009e-03 1.562646e+02 3.282931e-04 9.999997e-01 7.605394e-04 -1.302548e+00 5.781761e-03 -7.624242e-04 9.999830e-01 -1.955113e+01
9.999986e-01 4.750321e-04 -1.621824e-03 1.571879e+02 -4.760164e-04 9.999997e-01 -6.063472e-04 -1.313581e+00 1.621535e-03 6.071178e-04 9.999985e-01 -1.987013e+01
9.999898e-01 -4.402266e-04 -4.488689e-03 1.577695e+02 4.433570e-04 9.999997e-01 6.963556e-04 -1.313197e+00 4.488381e-03 -6.983380e-04 9.999897e-01 -2.055073e+01
9.999977e-01 5.696260e-04 -2.068621e-03 1.584469e+02 -5.705887e-04 9.999997e-01 -4.646113e-04 -1.315434e+00 2.068355e-03 4.657899e-04 9.999978e-01 -2.108900e+01
9.999880e-01 -4.434880e-04 -4.868970e-03 1.591376e+02 4.472030e-04 9.999996e-01 7.618536e-04 -1.318006e+00 4.868630e-03 -7.640213e-04 9.999879e-01 -2.159899e+01
9.999976e-01 5.799033e-04 -2.131190e-03 1.598847e+02 -5.809869e-04 9.999997e-01 -5.077102e-04 -1.323598e+00 2.130895e-03 5.089465e-04 9.999976e-01 -2.199499e+01
9.999876e-01 -3.812534e-04 -4.960441e-03 1.606269e+02 3.855675e-04 9.999995e-01 8.686931e-04 -1.332026e+00 4.960107e-03 -8.705943e-04 9.999873e-01 -2.231135e+01
9.999958e-01 7.370189e-04 -2.795234e-03 1.614369e+02 -7.380860e-04 9.999997e-01 -3.806303e-04 -1.348257e+00 2.794952e-03 3.826912e-04 9.999960e-01 -2.244461e+01
9.999922e-01 -5.377927e-04 -3.918295e-03 1.621088e+02 5.408229e-04 9.999996e-01 7.722231e-04 -1.361060e+00 3.917878e-03 -7.743356e-04 9.999920e-01 -2.257606e+01
9.999964e-01 6.932764e-04 -2.589392e-03 1.627503e+02 -6.945099e-04 9.999996e-01 -4.753544e-04 -1.368020e+00 2.589062e-03 4.771505e-04 9.999965e-01 -2.291059e+01
9.999969e-01 -6.305152e-04 -2.420573e-03 1.626744e+02 6.334649e-04 9.999991e-01 1.217840e-03 -1.373492e+00 2.419803e-03 -1.219369e-03 9.999963e-01 -2.264537e+01
9.999960e-01 2.261853e-04 -2.806226e-03 1.620223e+02 -2.259267e-04 1.000000e+00 9.261123e-05 -1.350209e+00 2.806246e-03 -9.197746e-05 9.999961e-01 -2.208725e+01
9.999940e-01 -4.428210e-04 -3.430207e-03 1.614926e+02 4.470590e-04 9.999991e-01 1.234735e-03 -1.331022e+00 3.429658e-03 -1.236261e-03 9.999934e-01 -2.198583e+01
1.000000e+00 2.697550e-04 -2.609707e-05 1.615663e+02 -2.697726e-04 9.999997e-01 -6.622086e-04 -1.341846e+00 2.591829e-05 6.622150e-04 9.999998e-01 -2.158116e+01
9.999939e-01 -2.666464e-04 -3.480694e-03 1.617012e+02 2.709020e-04 9.999992e-01 1.222097e-03 -1.360184e+00 3.480365e-03 -1.223031e-03 9.999932e-01 -2.105548e+01
9.999997e-01 3.346719e-04 -6.873931e-04 1.618821e+02 -3.351327e-04 9.999997e-01 -6.697757e-04 -1.378062e+00 6.871686e-04 6.700052e-04 9.999995e-01 -2.071928e+01
9.999966e-01 -3.602950e-04 -2.581662e-03 1.619687e+02 3.634833e-04 9.999992e-01 1.234435e-03 -1.397802e+00 2.581215e-03 -1.235369e-03 9.999959e-01 -2.019540e+01
9.999955e-01 3.161818e-04 -2.985769e-03 1.616519e+02 -3.167725e-04 9.999999e-01 -1.972256e-04 -1.392088e+00 2.985706e-03 1.981699e-04 9.999955e-01 -1.998161e+01
9.999935e-01 -4.875697e-04 -3.584569e-03 1.611160e+02 4.926716e-04 9.999989e-01 1.422447e-03 -1.371500e+00 3.583872e-03 -1.424203e-03 9.999926e-01 -2.004430e+01
9.999928e-01 4.207788e-04 -3.768900e-03 1.604227e+02 -4.207797e-04 9.999999e-01 6.479689e-07 -1.345568e+00 3.768900e-03 9.373225e-07 9.999929e-01 -2.008800e+01
9.999969e-01 -7.874692e-04 -2.362766e-03 1.597569e+02 7.910843e-04 9.999985e-01 1.529299e-03 -1.316357e+00 2.361558e-03 -1.531162e-03 9.999960e-01 -1.974219e+01
9.999965e-01 4.565584e-04 -2.616003e-03 1.592458e+02 -4.577333e-04 9.999998e-01 -4.483947e-04 -1.296722e+00 2.615798e-03 4.495899e-04 9.999965e-01 -1.913027e+01
9.999972e-01 -9.850038e-04 -2.134315e-03 1.587026e+02 9.884524e-04 9.999982e-01 1.615131e-03 -1.272865e+00 2.132720e-03 -1.617236e-03 9.999964e-01 -1.848749e+01
9.999979e-01 7.552767e-04 -1.895600e-03 1.586390e+02 -7.569258e-04 9.999993e-01 -8.691765e-04 -1.273950e+00 1.894942e-03 8.706090e-04 9.999978e-01 -1.796205e+01
9.999944e-01 -6.798987e-04 -3.283553e-03 1.589936e+02 6.836843e-04 9.999991e-01 1.151798e-03 -1.280773e+00 3.282767e-03 -1.154036e-03 9.999939e-01 -1.817149e+01
9.999980e-01 6.395184e-04 -1.891552e-03 1.590545e+02 -6.408153e-04 9.999996e-01 -6.848937e-04 -1.277205e+00 1.891113e-03 6.861038e-04 9.999980e-01 -1.868665e+01
9.999913e-01 -6.199106e-04 -4.114800e-03 1.589652e+02 6.255321e-04 9.999989e-01 1.364915e-03 -1.270686e+00 4.113949e-03 -1.367476e-03 9.999906e-01 -1.906078e+01
9.999973e-01 7.097113e-04 -2.233525e-03 1.592469e+02 -7.117264e-04 9.999993e-01 -9.013460e-04 -1.270205e+00 2.232884e-03 9.029327e-04 9.999971e-01 -1.964144e+01
9.999868e-01 -5.378294e-04 -5.103134e-03 1.599730e+02 5.441386e-04 9.999991e-01 1.234964e-03 -1.270501e+00 5.102465e-03 -1.237724e-03 9.999862e-01 -2.019847e+01
9.999972e-01 7.098652e-04 -2.277434e-03 1.605909e+02 -7.117835e-04 9.999994e-01 -8.413975e-04 -1.271975e+00 2.276835e-03 8.430156e-04 9.999971e-01 -2.068668e+01
9.999913e-01 -6.476383e-04 -4.110303e-03 1.605234e+02 6.540685e-04 9.999986e-01 1.563137e-03 -1.265809e+00 4.109285e-03 -1.565811e-03 9.999903e-01 -2.134252e+01
9.999983e-01 5.876557e-04 -1.748194e-03 1.605765e+02 -5.899185e-04 9.999990e-01 -1.293899e-03 -1.261253e+00 1.747431e-03 1.294927e-03 9.999976e-01 -2.242372e+01
9.999933e-01 -6.885995e-04 -3.602742e-03 1.608353e+02 6.929836e-04 9.999990e-01 1.215648e-03 -1.255540e+00 3.601901e-03 -1.218136e-03 9.999928e-01 -2.346759e+01
9.999980e-01 6.856131e-04 -1.901231e-03 1.611666e+02 -6.880466e-04 9.999989e-01 -1.279421e-03 -1.251133e+00 1.900351e-03 1.280726e-03 9.999974e-01 -2.440948e+01
9.999922e-01 -5.715173e-04 -3.917727e-03 1.613981e+02 5.778691e-04 9.999985e-01 1.620251e-03 -1.251916e+00 3.916795e-03 -1.622501e-03 9.999910e-01 -2.513371e+01
9.999978e-01 5.728362e-04 -2.002910e-03 1.614857e+02 -5.754300e-04 9.999990e-01 -1.294499e-03 -1.256183e+00 2.002167e-03 1.295649e-03 9.999972e-01 -2.586981e+01
9.999970e-01 -6.969945e-04 -2.337211e-03 1.617394e+02 7.003086e-04 9.999988e-01 1.417258e-03 -1.252784e+00 2.336220e-03 -1.418890e-03 9.999963e-01 -2.672340e+01
9.999910e-01 7.347864e-04 -4.188273e-03 1.621168e+02 -7.405055e-04 9.999988e-01 -1.364015e-03 -1.245425e+00 4.187265e-03 1.367104e-03 9.999903e-01 -2.785557e+01
9.999986e-01 -7.033868e-04 -1.521511e-03 1.621271e+02 7.061217e-04 9.999981e-01 1.797471e-03 -1.243657e+00 1.520244e-03 -1.798543e-03 9.999972e-01 -2.874436e+01
9.999876e-01 7.457367e-04 -4.914372e-03 1.620952e+02 -7.513405e-04 9.999991e-01 -1.138458e-03 -1.240165e+00 4.913518e-03 1.142136e-03 9.999873e-01 -2.930952e+01
9.999990e-01 -8.051655e-04 -1.172295e-03 1.623855e+02 8.068235e-04 9.999987e-01 1.414159e-03 -1.239349e+00 1.171155e-03 -1.415103e-03 9.999983e-01 -2.988588e+01
9.999889e-01 6.252376e-04 -4.675004e-03 1.627892e+02 -6.323047e-04 9.999987e-01 -1.510254e-03 -1.230127e+00 4.674054e-03 1.513192e-03 9.999879e-01 -3.074602e+01
9.999986e-01 -6.476419e-04 -1.510948e-03 1.633898e+02 6.500384e-04 9.999985e-01 1.585852e-03 -1.227736e+00 1.509918e-03 -1.586832e-03 9.999976e-01 -3.134776e+01
9.999886e-01 9.541217e-04 -4.669848e-03 1.639826e+02 -9.595977e-04 9.999989e-01 -1.170435e-03 -1.244807e+00 4.668725e-03 1.174902e-03 9.999884e-01 -3.127762e+01
9.999988e-01 -6.037126e-04 -1.453714e-03 1.645087e+02 6.059656e-04 9.999986e-01 1.549597e-03 -1.259238e+00 1.452777e-03 -1.550475e-03 9.999977e-01 -3.110113e+01
9.999867e-01 1.054644e-03 -5.057968e-03 1.652282e+02 -1.060594e-03 9.999987e-01 -1.173755e-03 -1.285775e+00 5.056724e-03 1.179103e-03 9.999865e-01 -3.083281e+01
9.999994e-01 -7.901483e-04 -8.086737e-04 1.661405e+02 7.913103e-04 9.999987e-01 1.436948e-03 -1.310152e+00 8.075373e-04 -1.437586e-03 9.999986e-01 -2.987629e+01
9.999861e-01 1.405897e-03 -5.074967e-03 1.670143e+02 -1.412231e-03 9.999982e-01 -1.244561e-03 -1.331151e+00 5.073208e-03 1.251710e-03 9.999863e-01 -2.882332e+01
9.999869e-01 -4.086441e-04 -5.102244e-03 1.685074e+02 4.157631e-04 9.999989e-01 1.394184e-03 -1.373831e+00 5.101669e-03 -1.396287e-03 9.999860e-01 -2.851253e+01
9.999934e-01 1.054807e-03 -3.466023e-03 1.697729e+02 -1.058708e-03 9.999988e-01 -1.123854e-03 -1.415679e+00 3.464833e-03 1.127516e-03 9.999934e-01 -2.801407e+01
9.999990e-01 -7.390278e-04 -1.221798e-03 1.701620e+02 7.411548e-04 9.999982e-01 1.741012e-03 -1.431914e+00 1.220509e-03 -1.741916e-03 9.999977e-01 -2.723954e+01
9.999945e-01 1.234183e-03 -3.081893e-03 1.706303e+02 -1.238446e-03 9.999983e-01 -1.381333e-03 -1.451997e+00 3.080182e-03 1.385142e-03 9.999943e-01 -2.647930e+01
9.999986e-01 -7.945509e-04 -1.454565e-03 1.712310e+02 7.969959e-04 9.999983e-01 1.680787e-03 -1.481080e+00 1.453227e-03 -1.681944e-03 9.999975e-01 -2.579889e+01
9.999938e-01 9.392893e-04 -3.404259e-03 1.712041e+02 -9.423225e-04 9.999992e-01 -8.893709e-04 -1.464185e+00 3.403420e-03 8.925728e-04 9.999938e-01 -2.501093e+01
9.999976e-01 -4.998883e-04 -2.125454e-03 1.718267e+02 5.030789e-04 9.999987e-01 1.500660e-03 -1.483090e+00 2.124701e-03 -1.501725e-03 9.999966e-01 -2.425887e+01
9.999889e-01 1.287978e-03 -4.526617e-03 1.727227e+02 -1.294371e-03 9.999982e-01 -1.409603e-03 -1.525060e+00 4.524793e-03 1.415446e-03 9.999888e-01 -2.375190e+01
9.999987e-01 -1.038762e-03 -1.251898e-03 1.730339e+02 1.041328e-03 9.999974e-01 2.050878e-03 -1.530625e+00 1.249765e-03 -2.052179e-03 9.999971e-01 -2.334710e+01
9.999882e-01 1.376238e-03 -4.667594e-03 1.737673e+02 -1.383817e-03 9.999977e-01 -1.620929e-03 -1.550861e+00 4.665353e-03 1.627368e-03 9.999878e-01 -2.280094e+01
9.999825e-01 -4.327977e-04 -5.904010e-03 1.754053e+02 4.417063e-04 9.999988e-01 1.507598e-03 -1.583616e+00 5.903351e-03 -1.510179e-03 9.999814e-01 -2.285196e+01
9.999803e-01 1.530769e-03 -6.087408e-03 1.773467e+02 -1.539281e-03 9.999978e-01 -1.393664e-03 -1.625168e+00 6.085261e-03 1.403006e-03 9.999805e-01 -2.289372e+01
9.999973e-01 -8.628729e-04 -2.139706e-03 1.783938e+02 8.662501e-04 9.999984e-01 1.577685e-03 -1.653820e+00 2.138341e-03 -1.579534e-03 9.999965e-01 -2.266175e+01
9.999882e-01 1.026505e-03 -4.741686e-03 1.787539e+02 -1.030752e-03 9.999991e-01 -8.933082e-04 -1.654969e+00 4.740765e-03 8.981846e-04 9.999884e-01 -2.244970e+01
9.999965e-01 -4.252624e-04 -2.592309e-03 1.796972e+02 4.279861e-04 9.999994e-01 1.050033e-03 -1.677216e+00 2.591861e-03 -1.051139e-03 9.999961e-01 -2.225462e+01
9.999914e-01 9.450772e-04 -4.045026e-03 1.805242e+02 -9.483478e-04 9.999992e-01 -8.065902e-04 -1.705162e+00 4.044261e-03 8.104188e-04 9.999915e-01 -2.188010e+01
9.999976e-01 -3.523928e-04 -2.140512e-03 1.812889e+02 3.546451e-04 9.999994e-01 1.051694e-03 -1.734614e+00 2.140140e-03 -1.052450e-03 9.999972e-01 -2.143236e+01
9.999828e-01 1.096685e-03 -5.768433e-03 1.824918e+02 -1.102124e-03 9.999990e-01 -9.397004e-04 -1.764198e+00 5.767396e-03 9.460412e-04 9.999829e-01 -2.089082e+01
9.999990e-01 -4.931243e-04 -1.327080e-03 1.835023e+02 4.949213e-04 9.999990e-01 1.353722e-03 -1.792819e+00 1.326411e-03 -1.354377e-03 9.999982e-01 -2.026818e+01
9.999825e-01 1.161848e-03 -5.792364e-03 1.842645e+02 -1.166117e-03 9.999991e-01 -7.335859e-04 -1.821432e+00 5.791506e-03 7.403272e-04 9.999830e-01 -1.977220e+01
9.999778e-01 9.375634e-04 -6.592936e-03 1.872098e+02 -9.344197e-04 9.999994e-01 4.798153e-04 -1.934726e+00 6.593382e-03 -4.736435e-04 9.999782e-01 -1.850186e+01
9.999764e-01 1.304276e-03 -6.743643e-03 1.905023e+02 -1.311575e-03 9.999986e-01 -1.077856e-03 -2.067816e+00 6.742227e-03 1.086675e-03 9.999767e-01 -1.692513e+01
9.999982e-01 -4.505989e-04 1.865609e-03 1.914943e+02 4.479136e-04 9.999989e-01 1.439845e-03 -2.120741e+00 -1.866255e-03 -1.439006e-03 9.999972e-01 -1.565535e+01
9.999734e-01 6.173256e-04 -7.268491e-03 1.916343e+02 -6.224046e-04 9.999996e-01 -6.964567e-04 -2.120076e+00 7.268058e-03 7.009616e-04 9.999733e-01 -1.527095e+01
9.999987e-01 -6.655840e-04 1.434641e-03 1.927978e+02 6.642012e-04 9.999993e-01 9.644843e-04 -2.134788e+00 -1.435282e-03 -9.635297e-04 9.999985e-01 -1.565191e+01
9.998792e-01 2.174934e-03 -1.539128e-02 1.951898e+02 -2.181357e-03 9.999975e-01 -4.004819e-04 -2.193449e+00 1.539037e-02 4.340069e-04 9.998815e-01 -1.566869e+01
9.999986e-01 -9.853084e-04 1.338589e-03 1.980117e+02 9.845292e-04 9.999993e-01 5.830515e-04 -2.260687e+00 -1.339162e-03 -5.817323e-04 9.999989e-01 -1.547645e+01
9.998843e-01 3.104631e-03 -1.489058e-02 2.011285e+02 -3.114188e-03 9.999950e-01 -6.187019e-04 -2.365207e+00 1.488859e-02 6.650019e-04 9.998889e-01 -1.436886e+01
9.999920e-01 2.685549e-04 -3.989154e-03 2.059249e+02 -2.678077e-04 9.999999e-01 1.877218e-04 -2.535717e+00 3.989205e-03 -1.866515e-04 9.999920e-01 -1.250256e+01
9.998773e-01 1.907017e-03 -1.554899e-02 2.098486e+02 -1.924284e-03 9.999975e-01 -1.095574e-03 -2.615783e+00 1.554686e-02 1.125360e-03 9.998785e-01 -1.227915e+01
9.999810e-01 -2.105134e-03 5.787163e-03 2.108690e+02 2.095897e-03 9.999965e-01 1.601880e-03 -2.607731e+00 -5.790515e-03 -1.589720e-03 9.999820e-01 -1.253832e+01
9.998822e-01 1.793045e-03 -1.524352e-02 2.110904e+02 -1.807204e-03 9.999979e-01 -9.150818e-04 -2.539877e+00 1.524185e-02 9.425217e-04 9.998834e-01 -1.180261e+01
9.999643e-01 -3.980917e-03 7.457928e-03 2.101353e+02 3.960082e-03 9.999882e-01 2.806424e-03 -2.435780e+00 -7.469013e-03 -2.776789e-03 9.999683e-01 -1.044125e+01
9.998973e-01 2.977905e-03 -1.401681e-02 2.090911e+02 -2.993475e-03 9.999949e-01 -1.089949e-03 -2.365746e+00 1.401350e-02 1.131795e-03 9.999012e-01 -9.416112e+00
9.999708e-01 -3.667998e-03 6.706760e-03 2.080950e+02 3.649342e-03 9.999894e-01 2.791919e-03 -2.307325e+00 -6.716930e-03 -2.767362e-03 9.999736e-01 -8.780287e+00
9.999122e-01 3.278358e-03 -1.284178e-02 2.076676e+02 -3.298897e-03 9.999933e-01 -1.578478e-03 -2.262584e+00 1.283652e-02 1.620702e-03 9.999163e-01 -8.060446e+00
9.999744e-01 -5.167653e-03 4.940949e-03 2.063058e+02 5.149716e-03 9.999801e-01 3.636222e-03 -2.145537e+00 -4.959641e-03 -3.610684e-03 9.999812e-01 -6.454166e+00
9.999045e-01 3.049010e-03 -1.347726e-02 2.040541e+02 -3.057271e-03 9.999952e-01 -5.923539e-04 -1.981110e+00 1.347538e-02 6.335005e-04 9.999090e-01 -4.498077e+00
9.999747e-01 -4.827516e-03 5.226725e-03 2.032892e+02 4.816558e-03 9.999862e-01 2.107156e-03 -1.888813e+00 -5.236825e-03 -2.081927e-03 9.999841e-01 -3.418230e+00
9.999130e-01 3.932856e-03 -1.258861e-02 2.028484e+02 -3.945187e-03 9.999918e-01 -9.548246e-04 -1.824496e+00 1.258475e-02 1.004405e-03 9.999203e-01 -2.632950e+00
9.999752e-01 -5.800651e-03 3.995712e-03 2.023458e+02 5.792089e-03 9.999809e-01 2.151251e-03 -1.727630e+00 -4.008115e-03 -2.128054e-03 9.999897e-01 -1.679478e+00
9.999207e-01 4.387964e-03 -1.180401e-02 2.019129e+02 -4.398875e-03 9.999899e-01 -8.984872e-04 -1.647480e+00 1.179995e-02 9.503399e-04 9.999299e-01 -6.101362e-01
9.999732e-01 -5.705651e-03 4.594472e-03 2.012915e+02 5.695133e-03 9.999811e-01 2.299442e-03 -1.576599e+00 -4.607505e-03 -2.273214e-03 9.999868e-01 4.559677e-01
9.999318e-01 4.652182e-03 -1.071016e-02 2.002650e+02 -4.657326e-03 9.999891e-01 -4.552814e-04 -1.505368e+00 1.070793e-02 5.051306e-04 9.999425e-01 1.575034e+00
9.999709e-01 -5.106362e-03 5.670149e-03 1.999472e+02 5.097855e-03 9.999859e-01 1.513946e-03 -1.482007e+00 -5.677800e-03 -1.484996e-03 9.999828e-01 2.241599e+00
9.999292e-01 5.043493e-03 -1.077858e-02 2.000567e+02 -5.054297e-03 9.999868e-01 -9.752915e-04 -1.475618e+00 1.077352e-02 1.029700e-03 9.999414e-01 2.852926e+00
9.999784e-01 -4.903179e-03 4.385754e-03 2.007671e+02 4.897839e-03 9.999873e-01 1.227708e-03 -1.485952e+00 -4.391718e-03 -1.206201e-03 9.999896e-01 3.047864e+00
9.999331e-01 4.790219e-03 -1.053314e-02 2.013234e+02 -4.798426e-03 9.999882e-01 -7.540231e-04 -1.492010e+00 1.052940e-02 8.045147e-04 9.999442e-01 3.566678e+00
9.999699e-01 -4.921341e-03 6.003753e-03 2.011917e+02 4.911737e-03 9.999866e-01 1.613453e-03 -1.484227e+00 -6.011613e-03 -1.583915e-03 9.999807e-01 4.124890e+00
9.999332e-01 4.664360e-03 -1.057169e-02 2.009864e+02 -4.670671e-03 9.999889e-01 -5.723285e-04 -1.471319e+00 1.056891e-02 6.216667e-04 9.999440e-01 4.700018e+00
9.999769e-01 -5.217178e-03 4.352393e-03 2.000926e+02 5.208022e-03 9.999842e-01 2.112535e-03 -1.419662e+00 -4.363346e-03 -2.089819e-03 9.999883e-01 5.614847e+00
9.998425e-01 4.361663e-03 -1.720079e-02 1.976799e+02 -4.335610e-03 9.999894e-01 1.551675e-03 -1.301082e+00 1.720738e-02 -1.476855e-03 9.998509e-01 6.222305e+00
9.999565e-01 -4.958507e-03 7.902461e-03 1.967517e+02 4.954288e-03 9.999876e-01 5.534331e-04 -1.246011e+00 -7.905107e-03 -5.142575e-04 9.999686e-01 6.733584e+00
9.998459e-01 5.517103e-03 -1.666550e-02 1.982103e+02 -5.526722e-03 9.999846e-01 -5.311171e-04 -1.285007e+00 1.666231e-02 6.231404e-04 9.998610e-01 7.133318e+00
9.999293e-01 -5.519938e-03 1.052986e-02 1.994265e+02 5.514828e-03 9.999847e-01 5.142382e-04 -1.329168e+00 -1.053254e-02 -4.561310e-04 9.999444e-01 8.083619e+00
9.998366e-01 5.891582e-03 -1.709109e-02 2.006032e+02 -5.900626e-03 9.999825e-01 -4.787458e-04 -1.364275e+00 1.708797e-02 5.795152e-04 9.998538e-01 8.873720e+00
9.999288e-01 -5.982527e-03 1.032425e-02 2.015210e+02 5.977657e-03 9.999820e-01 5.025646e-04 -1.374176e+00 -1.032707e-02 -4.408135e-04 9.999466e-01 8.900124e+00
9.998595e-01 6.054138e-03 -1.562822e-02 2.018933e+02 -6.057594e-03 9.999816e-01 -1.737553e-04 -1.381872e+00 1.562688e-02 2.683999e-04 9.998779e-01 8.700516e+00
9.999250e-01 -6.028823e-03 1.065626e-02 2.022770e+02 6.022357e-03 9.999817e-01 6.387622e-04 -1.396521e+00 -1.065992e-02 -5.745381e-04 9.999430e-01 8.859550e+00
9.998671e-01 6.233635e-03 -1.506536e-02 2.026766e+02 -6.236411e-03 9.999805e-01 -1.372774e-04 -1.424339e+00 1.506421e-02 2.312125e-04 9.998865e-01 9.371675e+00
9.999423e-01 -5.896232e-03 8.980605e-03 2.035175e+02 5.893520e-03 9.999826e-01 3.285204e-04 -1.460868e+00 -8.982385e-03 -2.755736e-04 9.999596e-01 9.916260e+00
9.998973e-01 5.821973e-03 -1.309364e-02 2.036982e+02 -5.817659e-03 9.999830e-01 3.675877e-04 -1.461877e+00 1.309556e-02 -2.913761e-04 9.999142e-01 1.089326e+01
9.999663e-01 -5.572707e-03 6.033484e-03 2.043865e+02 5.571737e-03 9.999845e-01 1.777680e-04 -1.465733e+00 -6.034381e-03 -1.441446e-04 9.999818e-01 1.152506e+01
9.998097e-01 6.448477e-03 -1.840976e-02 2.064377e+02 -6.453225e-03 9.999792e-01 -1.984946e-04 -1.503710e+00 1.840809e-02 3.172587e-04 9.998305e-01 1.144704e+01
9.999338e-01 -6.053054e-03 9.781931e-03 2.074816e+02 6.047580e-03 9.999815e-01 5.891702e-04 -1.531507e+00 -9.785316e-03 -5.299738e-04 9.999520e-01 1.158678e+01
9.998311e-01 6.630783e-03 -1.713887e-02 2.083700e+02 -6.635057e-03 9.999780e-01 -1.924593e-04 -1.560428e+00 1.713721e-02 3.061437e-04 9.998531e-01 1.183119e+01
9.999296e-01 -6.039557e-03 1.021173e-02 2.092865e+02 6.034990e-03 9.999817e-01 4.779994e-04 -1.591912e+00 -1.021443e-02 -4.163377e-04 9.999477e-01 1.212124e+01
9.998713e-01 5.839270e-03 -1.494335e-02 2.096923e+02 -5.842237e-03 9.999829e-01 -1.548916e-04 -1.597803e+00 1.494219e-02 2.421738e-04 9.998883e-01 1.219442e+01
9.999443e-01 -5.727835e-03 8.870105e-03 2.103395e+02 5.724130e-03 9.999835e-01 4.431258e-04 -1.604027e+00 -8.872497e-03 -3.923270e-04 9.999606e-01 1.242071e+01
9.998358e-01 6.219134e-03 -1.701992e-02 2.113831e+02 -6.225298e-03 9.999806e-01 -3.091255e-04 -1.612230e+00 1.701767e-02 4.150283e-04 9.998551e-01 1.222547e+01
9.999408e-01 -6.019487e-03 9.067455e-03 2.123522e+02 6.016017e-03 9.999818e-01 4.099848e-04 -1.615583e+00 -9.069758e-03 -3.554101e-04 9.999588e-01 1.192658e+01
9.998072e-01 6.624290e-03 -1.848243e-02 2.137709e+02 -6.634754e-03 9.999779e-01 -5.048294e-04 -1.620406e+00 1.847867e-02 6.273580e-04 9.998291e-01 1.141571e+01
9.999410e-01 -6.555017e-03 8.662507e-03 2.151454e+02 6.551911e-03 9.999785e-01 3.869133e-04 -1.624929e+00 -8.664857e-03 -3.301341e-04 9.999624e-01 1.089508e+01
9.998701e-01 6.608790e-03 -1.470014e-02 2.156479e+02 -6.607880e-03 9.999782e-01 1.105001e-04 -1.630725e+00 1.470055e-02 -1.334937e-05 9.998919e-01 1.106470e+01
9.999439e-01 -6.583343e-03 8.302010e-03 2.161750e+02 6.583287e-03 9.999783e-01 3.421139e-05 -1.627272e+00 -8.302055e-03 2.044545e-05 9.999655e-01 1.065764e+01
9.998496e-01 6.597468e-03 -1.603669e-02 2.170089e+02 -6.608192e-03 9.999780e-01 -6.158151e-04 -1.610322e+00 1.603227e-02 7.216956e-04 9.998712e-01 9.144198e+00
9.999288e-01 -6.926184e-03 9.718264e-03 2.177778e+02 6.925251e-03 9.999760e-01 1.297558e-04 -1.596945e+00 -9.718929e-03 -6.244476e-05 9.999528e-01 7.871404e+00
9.998470e-01 6.886274e-03 -1.608167e-02 2.185085e+02 -6.889111e-03 9.999763e-01 -1.210224e-04 -1.593435e+00 1.608045e-02 2.317919e-04 9.998707e-01 7.275073e+00
9.999289e-01 -6.678987e-03 9.879175e-03 2.190189e+02 6.672584e-03 9.999775e-01 6.810758e-04 -1.604228e+00 -9.883502e-03 -6.151073e-04 9.999510e-01 7.414854e+00
9.998535e-01 6.748328e-03 -1.573032e-02 2.193116e+02 -6.747950e-03 9.999772e-01 7.715928e-05 -1.609959e+00 1.573048e-02 2.899904e-05 9.998763e-01 7.732141e+00
9.999197e-01 -6.828035e-03 1.067903e-02 2.194214e+02 6.820349e-03 9.999765e-01 7.559954e-04 -1.603894e+00 -1.068394e-02 -6.830996e-04 9.999427e-01 8.296278e+00
9.998523e-01 6.555474e-03 -1.588503e-02 2.191816e+02 -6.550522e-03 9.999785e-01 3.637596e-04 -1.579807e+00 1.588707e-02 -2.596511e-04 9.998738e-01 8.949659e+00
9.999109e-01 -6.940239e-03 1.140193e-02 2.189560e+02 6.932419e-03 9.999757e-01 7.252929e-04 -1.556310e+00 -1.140669e-02 -6.461850e-04 9.999347e-01 9.734264e+00
9.998289e-01 7.089535e-03 -1.708661e-02 2.193385e+02 -7.093825e-03 9.999748e-01 -1.904397e-04 -1.552294e+00 1.708483e-02 3.116161e-04 9.998540e-01 1.031226e+01
9.999225e-01 -6.659191e-03 1.052325e-02 2.202825e+02 6.655191e-03 9.999778e-01 4.151800e-04 -1.584293e+00 -1.052579e-02 -3.451131e-04 9.999445e-01 1.069932e+01
9.997234e-01 7.287489e-03 -2.236208e-02 2.226194e+02 -7.327064e-03 9.999717e-01 -1.688267e-03 -1.560526e+00 2.234914e-02 1.851648e-03 9.997485e-01 9.044460e+00
9.999325e-01 -7.852381e-03 8.566059e-03 2.260326e+02 7.866257e-03 9.999678e-01 -1.587305e-03 -1.494213e+00 -8.553319e-03 1.654581e-03 9.999621e-01 5.246138e+00
