9.999915e-01 2.253048e-04 -4.121127e-03 2.483467e-02 -2.224676e-04 9.999997e-01 6.889057e-04 -1.511576e-02 4.121281e-03 -6.879838e-04 9.999913e-01 6.417245e-01
9.999999e-01 3.144450e-05 4.776232e-04 6.253078e-02 -3.141418e-05 1.000000e+00 -6.342149e-05 -3.466106e-02 -4.776249e-04 6.340719e-05 9.999999e-01 1.430460e+00
9.999910e-01 3.607564e-05 -4.234128e-03 -4.574592e-02 -3.267003e-05 9.999997e-01 8.043971e-04 -4.198295e-02 4.234155e-03 -8.042523e-04 9.999907e-01 2.237223e+00
9.999999e-01 1.098298e-04 5.195962e-04 -9.239256e-02 -1.097657e-04 1.000000e+00 -1.233679e-04 -5.387274e-02 -5.196094e-04 1.233115e-04 9.999999e-01 3.021560e+00
9.999916e-01 1.060957e-04 -4.108811e-03 -7.362112e-02 -1.030857e-04 9.999997e-01 7.327862e-04 -7.144728e-02 4.108887e-03 -7.323572e-04 9.999913e-01 3.758924e+00
1.000000e+00 1.602664e-04 2.128351e-05 -3.802578e-02 -1.602617e-04 1.000000e+00 -2.180421e-04 -8.602362e-02 -2.131812e-05 2.180394e-04 1.000000e+00 4.102304e+00
9.999907e-01 1.008401e-04 -4.312496e-03 -5.442534e-03 -9.696962e-05 9.999996e-01 8.977182e-04 -1.020238e-01 4.312584e-03 -8.972923e-04 9.999903e-01 4.640040e+00
9.999999e-01 1.649883e-04 5.078287e-04 3.925141e-02 -1.648533e-04 1.000000e+00 -2.658111e-04 -1.212488e-01 -5.078722e-04 2.657280e-04 9.999998e-01 5.340562e+00
9.999894e-01 -1.001303e-05 -4.611913e-03 -2.215558e-02 1.469864e-05 9.999995e-01 1.015954e-03 -1.317658e-01 4.611900e-03 -1.016012e-03 9.999888e-01 6.038994e+00
1.000000e+00 2.351632e-04 -1.236913e-04 -1.123342e-01 -2.352026e-04 9.999999e-01 -3.186142e-04 -1.411952e-01 1.236167e-04 3.186440e-04 9.999999e-01 6.435041e+00
9.999929e-01 4.347975e-05 -3.758183e-03 -2.919559e-02 -4.009872e-05 9.999996e-01 8.997268e-04 -1.588928e-01 3.758221e-03 -8.995704e-04 9.999925e-01 7.068437e+00
1.000000e+00 1.605864e-04 -2.682105e-04 -7.163825e-02 -1.606250e-04 1.000000e+00 -1.440285e-04 -1.707183e-01 2.681877e-04 1.440722e-04 1.000000e+00 7.831140e+00
9.999903e-01 4.213038e-06 -4.402483e-03 -2.975054e-01 -3.150531e-07 9.999996e-01 8.854153e-04 -1.728958e-01 4.402485e-03 -8.854060e-04 9.999899e-01 8.303098e+00
1.000000e+00 2.252800e-04 -3.250773e-05 -3.587776e-01 -2.252890e-04 9.999999e-01 -2.805444e-04 -1.829076e-01 3.244486e-05 2.805525e-04 1.000000e+00 8.700080e+00
9.999896e-01 -7.852385e-05 -4.560402e-03 -6.153289e-01 8.326341e-05 9.999995e-01 1.039114e-03 -1.837364e-01 4.560318e-03 -1.039484e-03 9.999891e-01 9.193526e+00
1.000000e+00 2.399422e-04 1.719751e-04 -7.712375e-01 -2.398869e-04 9.999999e-01 -3.208919e-04 -1.893455e-01 -1.720517e-04 3.208513e-04 9.999999e-01 9.737581e+00
9.999898e-01 -7.461828e-05 -4.510587e-03 -9.236699e-01 7.841832e-05 9.999996e-01 8.423110e-04 -1.926702e-01 4.510522e-03 -8.426568e-04 9.999895e-01 9.763461e+00
1.000000e+00 1.267057e-04 7.633386e-05 -1.112143e+00 -1.266669e-04 9.999999e-01 -5.079332e-04 -1.895026e-01 -7.639786e-05 5.079242e-04 9.999999e-01 9.386360e+00
9.999913e-01 -3.617330e-05 -4.179563e-03 -1.093434e+00 3.981929e-05 9.999996e-01 8.722690e-04 -1.949444e-01 4.179530e-03 -8.724285e-04 9.999909e-01 9.269215e+00
9.999999e-01 5.935734e-05 4.525431e-04 -1.119396e+00 -5.911961e-05 9.999999e-01 -5.251858e-04 -1.979482e-01 -4.525738e-04 5.251597e-04 9.999998e-01 9.329696e+00
9.999901e-01 2.155746e-06 -4.455801e-03 -1.155602e+00 1.789012e-06 9.999996e-01 8.853157e-04 -2.016035e-01 4.455800e-03 -8.853156e-04 9.999897e-01 9.245270e+00
9.999996e-01 -1.144809e-04 8.613182e-04 -1.075114e+00 1.151800e-04 9.999997e-01 -8.116281e-04 -2.025899e-01 -8.612247e-04 8.117277e-04 9.999993e-01 8.618101e+00
9.999905e-01 -3.411734e-05 -4.365917e-03 -1.032191e+00 3.757428e-05 9.999997e-01 7.917345e-04 -2.009855e-01 4.365888e-03 -7.918918e-04 9.999902e-01 7.775022e+00
9.999997e-01 -1.160376e-04 7.766109e-04 -7.143351e-01 1.165435e-04 9.999998e-01 -6.512767e-04 -2.057237e-01 -7.765348e-04 6.513677e-04 9.999995e-01 7.234275e+00
9.999861e-01 2.900054e-04 -5.271176e-03 -3.832184e-01 -2.841233e-04 9.999993e-01 1.116637e-03 -2.186573e-01 5.271496e-03 -1.115125e-03 9.999855e-01 7.288747e+00
9.999996e-01 -1.509695e-04 8.636458e-04 -4.234281e-01 1.514670e-04 9.999998e-01 -5.759084e-04 -2.241595e-01 -8.635584e-04 5.760397e-04 9.999995e-01 7.436958e+00
9.999871e-01 1.415632e-04 -5.078073e-03 2.667824e-02 -1.366370e-04 9.999995e-01 9.704417e-04 -2.380087e-01 5.078207e-03 -9.697360e-04 9.999866e-01 7.337679e+00
9.999994e-01 -1.680001e-04 1.075438e-03 3.296305e-01 1.687388e-04 9.999997e-01 -6.867603e-04 -2.437933e-01 -1.075322e-03 6.869421e-04 9.999992e-01 7.083544e+00
9.999892e-01 3.133243e-05 -4.654443e-03 2.623567e-01 -2.728299e-05 9.999996e-01 8.700898e-04 -2.390157e-01 4.654469e-03 -8.699541e-04 9.999888e-01 6.729681e+00
1.000000e+00 -1.378480e-05 -1.298774e-04 -1.834217e-01 1.374079e-05 9.999999e-01 -3.393744e-04 -2.241202e-01 1.298824e-04 3.393734e-04 9.999999e-01 6.596093e+00
9.999879e-01 1.021608e-04 -4.926570e-03 -6.961150e-01 -9.822715e-05 9.999997e-01 7.986996e-04 -2.084047e-01 4.926650e-03 -7.982066e-04 9.999875e-01 6.265329e+00
9.999998e-01 -1.373331e-04 5.658042e-04 -8.077687e-01 1.376095e-04 9.999999e-01 -4.883876e-04 -2.023437e-01 -5.657367e-04 4.884661e-04 9.999997e-01 5.772566e+00
9.999929e-01 -1.601818e-04 -3.758732e-03 -5.990465e-01 1.619410e-04 9.999999e-01 4.677287e-04 -1.999125e-01 3.758656e-03 -4.683348e-04 9.999928e-01 4.930068e+00
9.999994e-01 -2.428743e-04 1.088332e-03 -4.316078e-01 2.435431e-04 9.999998e-01 -6.144032e-04 -1.957410e-01 -1.088183e-03 6.146685e-04 9.999992e-01 3.905908e+00
9.999929e-01 -6.856883e-05 -3.763825e-03 -3.219496e-01 7.029244e-05 9.999999e-01 4.578293e-04 -1.929414e-01 3.763793e-03 -4.580914e-04 9.999928e-01 2.891706e+00
9.999999e-01 -1.417427e-04 4.842379e-04 -1.854382e-01 1.419654e-04 9.999999e-01 -4.596475e-04 -1.923581e-01 -4.841724e-04 4.597169e-04 9.999998e-01 2.089991e+00
9.999883e-01 2.638614e-04 -4.837210e-03 -3.721275e-01 -2.604312e-04 9.999997e-01 7.097649e-04 -1.901877e-01 4.837395e-03 -7.084975e-04 9.999880e-01 1.558012e+00
1.000000e+00 -1.147490e-04 3.929763e-05 -5.051063e-01 1.147560e-04 1.000000e+00 -1.743222e-04 -1.896686e-01 -3.927729e-05 1.743274e-04 1.000000e+00 1.433470e+00
9.999895e-01 2.045236e-04 -4.587371e-03 -3.516160e-01 -2.012347e-04 9.999997e-01 7.174179e-04 -1.971738e-01 4.587517e-03 -7.164879e-04 9.999892e-01 1.378281e+00
9.999999e-01 -6.666206e-05 -3.419630e-04 -3.795423e-01 6.661695e-05 1.000000e+00 -1.321741e-04 -1.993128e-01 3.419722e-04 1.321521e-04 9.999999e-01 1.221225e+00
9.999900e-01 2.082616e-04 -4.458341e-03 -4.000276e-01 -2.055905e-04 9.999998e-01 5.996058e-04 -2.015678e-01 4.458464e-03 -5.986840e-04 9.999899e-01 9.798759e-01
9.999998e-01 1.465923e-05 -5.789609e-04 -5.734370e-01 -1.469253e-05 1.000000e+00 -5.766159e-05 -2.016870e-01 5.789604e-04 5.767080e-05 9.999998e-01 7.234848e-01
9.999885e-01 1.807606e-04 -4.789796e-03 -8.366756e-01 -1.774438e-04 9.999997e-01 6.929027e-04 -1.989998e-01 4.789920e-03 -6.920455e-04 9.999883e-01 4.983375e-01
1.000000e+00 2.576429e-05 -1.223218e-04 -1.086812e+00 -2.579504e-05 1.000000e+00 -2.520405e-04 -1.971539e-01 1.223156e-04 2.520443e-04 1.000000e+00 7.186453e-02
9.999865e-01 1.963326e-04 -5.197746e-03 -1.530414e+00 -1.917597e-04 9.999996e-01 8.802926e-04 -1.894585e-01 5.197916e-03 -8.792846e-04 9.999861e-01 -2.083063e-01
1.000000e+00 -4.208379e-05 2.256138e-04 -1.913645e+00 4.216850e-05 9.999999e-01 -3.750904e-04 -1.808533e-01 -2.255976e-04 3.751006e-04 9.999999e-01 -4.868298e-01
9.999863e-01 1.812739e-04 -5.228370e-03 -2.311285e+00 -1.768669e-04 9.999996e-01 8.433641e-04 -1.714395e-01 5.228521e-03 -8.424286e-04 9.999860e-01 -9.084200e-01
1.000000e+00 -3.622874e-05 1.473232e-04 -2.666612e+00 3.628320e-05 9.999999e-01 -3.690606e-04 -1.640065e-01 -1.473095e-04 3.690667e-04 9.999999e-01 -1.274339e+00
9.999851e-01 2.611260e-04 -5.451529e-03 -3.060189e+00 -2.558148e-04 9.999995e-01 9.749540e-04 -1.576311e-01 5.451781e-03 -9.735456e-04 9.999847e-01 -1.472882e+00
1.000000e+00 -9.551227e-05 -1.278896e-04 -3.543545e+00 9.548363e-05 1.000000e+00 -2.246424e-04 -1.462798e-01 1.279114e-04 2.246309e-04 1.000000e+00 -1.482197e+00
9.999862e-01 2.226191e-04 -5.256850e-03 -3.898656e+00 -2.173010e-04 9.999995e-01 1.012219e-03 -1.381488e-01 5.257072e-03 -1.011063e-03 9.999857e-01 -1.373338e+00
1.000000e+00 1.643267e-05 -2.407011e-04 -4.369565e+00 -1.651138e-05 9.999999e-01 -3.274135e-04 -1.300571e-01 2.406961e-04 3.274182e-04 9.999999e-01 -1.458038e+00
9.999890e-01 2.317933e-04 -4.683942e-03 -4.770617e+00 -2.286585e-04 9.999997e-01 6.698097e-04 -1.261266e-01 4.684096e-03 -6.687321e-04 9.999888e-01 -2.226939e+00
9.999982e-01 -2.786767e-04 1.868985e-03 -4.781522e+00 2.803625e-04 9.999996e-01 -9.017001e-04 -1.239391e-01 -1.868733e-03 9.022232e-04 9.999978e-01 -3.275560e+00
9.999886e-01 -1.723615e-04 -4.776001e-03 -4.573662e+00 1.764298e-04 9.999996e-01 8.514341e-04 -1.211683e-01 4.775852e-03 -8.522677e-04 9.999882e-01 -4.158882e+00
9.999999e-01 1.539551e-04 4.410655e-04 -4.340910e+00 -1.537130e-04 9.999998e-01 -5.484842e-04 -1.246257e-01 -4.411495e-04 5.484170e-04 9.999998e-01 -4.624967e+00
9.999892e-01 -5.596839e-05 -4.638163e-03 -4.553527e+00 5.911152e-05 9.999998e-01 6.775552e-04 -1.231890e-01 4.638123e-03 -6.778228e-04 9.999890e-01 -5.478127e+00
9.999998e-01 1.894591e-04 5.783332e-04 -4.818318e+00 -1.890745e-04 9.999998e-01 -6.647455e-04 -1.198780e-01 -5.784587e-04 6.646367e-04 9.999996e-01 -6.303902e+00
9.999883e-01 -3.038276e-04 -4.823230e-03 -4.359414e+00 3.090433e-04 9.999994e-01 1.080697e-03 -1.240155e-01 4.822898e-03 -1.082176e-03 9.999878e-01 -6.691990e+00
9.999988e-01 8.644944e-05 1.543580e-03 -4.304484e+00 -8.486745e-05 9.999995e-01 -1.024851e-03 -1.232911e-01 -1.543667e-03 1.024720e-03 9.999983e-01 -7.616064e+00
9.999900e-01 -1.710614e-04 -4.476396e-03 -4.440953e+00 1.743871e-04 9.999997e-01 7.425844e-04 -1.193506e-01 4.476267e-03 -7.433583e-04 9.999897e-01 -8.923468e+00
9.999999e-01 3.050811e-04 3.974973e-04 -4.358628e+00 -3.048805e-04 9.999998e-01 -5.041902e-04 -1.256865e-01 -3.976507e-04 5.040696e-04 9.999998e-01 -9.305568e+00
9.999853e-01 -1.462296e-04 -5.419546e-03 -4.364549e+00 1.525696e-04 9.999993e-01 1.169469e-03 -1.342848e-01 5.419370e-03 -1.170279e-03 9.999846e-01 -9.627563e+00
9.999969e-01 -7.128671e-05 2.489738e-03 -4.360823e+00 7.456142e-05 9.999991e-01 -1.315166e-03 -1.317634e-01 -2.489642e-03 1.315348e-03 9.999960e-01 -1.071680e+01
9.999845e-01 -5.113004e-04 -5.551326e-03 -3.964702e+00 5.188450e-04 9.999989e-01 1.357729e-03 -1.258978e-01 5.550626e-03 -1.360589e-03 9.999837e-01 -1.173386e+01
9.999948e-01 1.517121e-04 3.213840e-03 -3.846214e+00 -1.465026e-04 9.999987e-01 -1.621092e-03 -1.203390e-01 -3.214081e-03 1.620613e-03 9.999935e-01 -1.292730e+01
9.999786e-01 -2.553978e-04 -6.535859e-03 -3.843797e+00 2.655422e-04 9.999988e-01 1.551309e-03 -1.199186e-01 6.535454e-03 -1.553012e-03 9.999774e-01 -1.385102e+01
9.999961e-01 -2.043632e-05 2.802929e-03 -3.695019e+00 2.405101e-05 9.999992e-01 -1.289541e-03 -1.217814e-01 -2.802900e-03 1.289605e-03 9.999952e-01 -1.452922e+01
9.999815e-01 -1.428846e-04 -6.078849e-03 -3.538032e+00 1.508228e-04 9.999991e-01 1.305452e-03 -1.218829e-01 6.078657e-03 -1.306346e-03 9.999807e-01 -1.525990e+01
9.999971e-01 1.267574e-04 2.399068e-03 -3.673846e+00 -1.237188e-04 9.999992e-01 -1.266636e-03 -1.191295e-01 -2.399226e-03 1.266336e-03 9.999963e-01 -1.621502e+01
9.999818e-01 -1.408210e-04 -6.029801e-03 -3.960797e+00 1.477474e-04 9.999993e-01 1.148281e-03 -1.114124e-01 6.029635e-03 -1.149152e-03 9.999812e-01 -1.725277e+01
9.999955e-01 -2.234881e-04 2.984236e-03 -3.938431e+00 2.273790e-04 9.999991e-01 -1.303482e-03 -1.061385e-01 -2.983942e-03 1.304155e-03 9.999947e-01 -1.835440e+01
9.999815e-01 5.428973e-06 -6.088393e-03 -3.904983e+00 1.835987e-06 9.999993e-01 1.193262e-03 -1.023689e-01 6.088395e-03 -1.193251e-03 9.999808e-01 -1.936748e+01
9.999963e-01 4.646764e-08 2.704649e-03 -4.101473e+00 3.656059e-06 9.999991e-01 -1.368897e-03 -9.790243e-02 -2.704646e-03 1.368902e-03 9.999954e-01 -2.050710e+01
9.999782e-01 7.852037e-05 -6.610040e-03 -4.343137e+00 -6.933703e-05 9.999990e-01 1.389538e-03 -9.384219e-02 6.610143e-03 -1.389050e-03 9.999772e-01 -2.150610e+01
9.999980e-01 2.215811e-05 2.013506e-03 -4.891425e+00 -1.982875e-05 9.999993e-01 -1.156816e-03 -8.080893e-02 -2.013530e-03 1.156775e-03 9.999973e-01 -2.234367e+01
9.999774e-01 1.550815e-04 -6.727505e-03 -5.403316e+00 -1.458021e-04 9.999990e-01 1.379808e-03 -6.932950e-02 6.727713e-03 -1.378797e-03 9.999764e-01 -2.312094e+01
9.999982e-01 -5.588192e-05 1.888974e-03 -6.014722e+00 5.797357e-05 9.999994e-01 -1.107185e-03 -5.354697e-02 -1.888910e-03 1.107293e-03 9.999976e-01 -2.391680e+01
9.999850e-01 5.097782e-05 -5.474467e-03 -6.363837e+00 -4.576353e-05 9.999995e-01 9.526194e-04 -4.590045e-02 5.474513e-03 -9.523553e-04 9.999846e-01 -2.525044e+01
9.999981e-01 -8.664489e-05 1.922989e-03 -6.725261e+00 8.886012e-05 9.999993e-01 -1.151843e-03 -3.628286e-02 -1.922887e-03 1.152012e-03 9.999975e-01 -2.654859e+01
9.999816e-01 1.904655e-04 -6.069475e-03 -7.127433e+00 -1.829308e-04 9.999992e-01 1.241960e-03 -2.519278e-02 6.069706e-03 -1.240828e-03 9.999808e-01 -2.740991e+01
9.999977e-01 -1.897159e-04 2.137000e-03 -7.362131e+00 1.921302e-04 9.999993e-01 -1.129571e-03 -1.710888e-02 -2.136784e-03 1.129980e-03 9.999971e-01 -2.806337e+01
9.999808e-01 9.034376e-05 -6.201639e-03 -7.644424e+00 -8.066411e-05 9.999988e-01 1.561075e-03 -4.286565e-03 6.201772e-03 -1.560546e-03 9.999796e-01 -2.806751e+01
9.999968e-01 -3.632791e-05 2.525287e-03 -7.852694e+00 4.037125e-05 9.999987e-01 -1.601051e-03 1.136587e-03 -2.525226e-03 1.601148e-03 9.999955e-01 -2.900869e+01
9.999835e-01 -7.237150e-06 -5.747015e-03 -7.882039e+00 1.587158e-05 9.999989e-01 1.502400e-03 4.770622e-03 5.746998e-03 -1.502467e-03 9.999824e-01 -2.979776e+01
9.999959e-01 -5.886944e-05 2.852799e-03 -8.140400e+00 6.442070e-05 9.999981e-01 -1.945793e-03 1.399413e-02 -2.852679e-03 1.945970e-03 9.999940e-01 -3.116178e+01
9.999816e-01 -4.295338e-07 -6.071485e-03 -8.234367e+00 1.103376e-05 9.999985e-01 1.746552e-03 1.884837e-02 6.071474e-03 -1.746588e-03 9.999800e-01 -3.211469e+01
9.999961e-01 -6.038799e-05 2.788782e-03 -8.261204e+00 6.564845e-05 9.999982e-01 -1.886189e-03 2.092625e-02 -2.788663e-03 1.886365e-03 9.999943e-01 -3.305367e+01
9.999852e-01 -2.903081e-04 -5.431771e-03 -8.194033e+00 2.988819e-04 9.999987e-01 1.577729e-03 2.617084e-02 5.431306e-03 -1.579330e-03 9.999840e-01 -3.428148e+01
9.999952e-01 1.789785e-05 3.112028e-03 -8.062696e+00 -1.196412e-05 9.999982e-01 -1.906669e-03 3.148076e-02 -3.112056e-03 1.906623e-03 9.999933e-01 -3.542404e+01
9.999810e-01 -5.290076e-05 -6.162703e-03 -7.901969e+00 6.469379e-05 9.999982e-01 1.913454e-03 2.908445e-02 6.162590e-03 -1.913817e-03 9.999792e-01 -3.587744e+01
9.999952e-01 -1.399686e-04 3.094672e-03 -7.960853e+00 1.464560e-04 9.999978e-01 -2.096149e-03 3.398868e-02 -3.094371e-03 2.096593e-03 9.999930e-01 -3.718210e+01
9.999891e-01 -2.137792e-04 -4.660120e-03 -7.963031e+00 2.205101e-04 9.999989e-01 1.443926e-03 4.456154e-02 4.659806e-03 -1.444939e-03 9.999881e-01 -3.887941e+01
9.999966e-01 -2.401294e-04 2.593146e-03 -7.810224e+00 2.448250e-04 9.999983e-01 -1.810558e-03 5.108976e-02 -2.592707e-03 1.811187e-03 9.999950e-01 -4.014871e+01
9.999712e-01 2.517528e-04 -7.588547e-03 -8.132898e+00 -2.344683e-04 9.999974e-01 2.278538e-03 6.530469e-02 7.589100e-03 -2.276694e-03 9.999686e-01 -4.018967e+01
9.999974e-01 -3.718512e-04 2.253821e-03 -8.510401e+00 3.744904e-04 9.999992e-01 -1.170615e-03 9.223661e-02 -2.253384e-03 1.171456e-03 9.999968e-01 -3.972594e+01
9.999709e-01 4.188162e-04 -7.620351e-03 -8.572536e+00 -4.040837e-04 9.999980e-01 1.934767e-03 9.928588e-02 7.621146e-03 -1.931632e-03 9.999691e-01 -3.981490e+01
9.999971e-01 -4.639236e-04 2.366936e-03 -8.951398e+00 4.668686e-04 9.999991e-01 -1.243767e-03 1.282946e-01 -2.366356e-03 1.244869e-03 9.999964e-01 -3.967329e+01
9.999802e-01 3.895008e-04 -6.278492e-03 -8.776756e+00 -3.806232e-04 9.999989e-01 1.415133e-03 1.318734e-01 6.279036e-03 -1.412716e-03 9.999793e-01 -4.039328e+01
9.999939e-01 -5.404806e-04 3.449390e-03 -8.825120e+00 5.463535e-04 9.999984e-01 -1.701843e-03 1.365269e-01 -3.448464e-03 1.703718e-03 9.999926e-01 -4.156729e+01
9.999822e-01 1.005451e-04 -5.961845e-03 -8.737156e+00 -9.199544e-05 9.999990e-01 1.434339e-03 1.417689e-01 5.961983e-03 -1.433766e-03 9.999812e-01 -4.276313e+01
9.999967e-01 -7.787421e-05 2.580936e-03 -8.935508e+00 8.210922e-05 9.999987e-01 -1.640751e-03 1.477549e-01 -2.580805e-03 1.640958e-03 9.999953e-01 -4.388828e+01
9.999813e-01 -4.948790e-05 -6.107745e-03 -8.958287e+00 5.914592e-05 9.999987e-01 1.581129e-03 1.478244e-01 6.107659e-03 -1.581462e-03 9.999801e-01 -4.479194e+01
9.999925e-01 -3.163002e-04 3.849306e-03 -8.898320e+00 3.236874e-04 9.999981e-01 -1.918595e-03 1.535283e-01 -3.848692e-03 1.919828e-03 9.999908e-01 -4.606802e+01
9.999819e-01 -1.889080e-04 -6.018746e-03 -8.764442e+00 1.982953e-04 9.999988e-01 1.559139e-03 1.599784e-01 6.018444e-03 -1.560305e-03 9.999807e-01 -4.735734e+01
9.999930e-01 -1.015894e-04 3.744796e-03 -8.704825e+00 1.089428e-04 9.999981e-01 -1.963428e-03 1.664169e-01 -3.744589e-03 1.963823e-03 9.999911e-01 -4.867128e+01
9.999690e-01 9.488130e-05 -7.877433e-03 -8.849144e+00 -7.851926e-05 9.999978e-01 2.077382e-03 1.711021e-01 7.877613e-03 -2.076700e-03 9.999668e-01 -4.925801e+01
9.999963e-01 -1.143819e-04 2.700778e-03 -8.668620e+00 1.178278e-04 9.999992e-01 -1.275694e-03 1.742836e-01 -2.700629e-03 1.276008e-03 9.999955e-01 -4.921777e+01
9.999705e-01 2.054527e-04 -7.672319e-03 -8.977354e+00 -1.912118e-04 9.999983e-01 1.856850e-03 1.892278e-01 7.672687e-03 -1.855329e-03 9.999688e-01 -4.955889e+01
9.999963e-01 -8.327344e-05 2.732813e-03 -9.824071e+00 8.772443e-05 9.999987e-01 -1.628579e-03 2.138186e-01 -2.732674e-03 1.628813e-03 9.999949e-01 -5.052694e+01
9.999702e-01 2.612384e-04 -7.713952e-03 -1.034361e+01 -2.461282e-04 9.999980e-01 1.959728e-03 2.275548e-01 7.714449e-03 -1.957771e-03 9.999683e-01 -5.124089e+01
9.999923e-01 -3.360660e-04 3.913945e-03 -1.039837e+01 3.430807e-04 9.999983e-01 -1.791648e-03 2.341990e-01 -3.913336e-03 1.792977e-03 9.999907e-01 -5.163669e+01
9.999542e-01 9.520702e-05 -9.567864e-03 -1.101697e+01 -6.953688e-05 9.999964e-01 2.683269e-03 2.654573e-01 9.568085e-03 -2.682481e-03 9.999506e-01 -5.131038e+01
9.999921e-01 -3.443548e-04 3.950796e-03 -1.113807e+01 3.500630e-04 9.999989e-01 -1.444201e-03 2.887793e-01 -3.950294e-03 1.445573e-03 9.999912e-01 -5.094322e+01
9.999651e-01 1.975886e-04 -8.353729e-03 -1.069421e+01 -1.807795e-04 9.999980e-01 2.012894e-03 3.067305e-01 8.354109e-03 -2.011314e-03 9.999631e-01 -5.114226e+01
9.999875e-01 -6.035079e-04 4.957856e-03 -1.071942e+01 6.125117e-04 9.999982e-01 -1.814715e-03 3.393461e-01 -4.956752e-03 1.817730e-03 9.999861e-01 -5.139098e+01
9.999650e-01 -8.294191e-05 -8.361039e-03 -1.033801e+01 1.042818e-04 9.999967e-01 2.551916e-03 3.717164e-01 8.360800e-03 -2.552699e-03 9.999618e-01 -5.133107e+01
9.999923e-01 -4.046472e-04 3.891787e-03 -9.846568e+00 4.112890e-04 9.999985e-01 -1.705924e-03 3.903930e-01 -3.891091e-03 1.707512e-03 9.999910e-01 -5.119995e+01
9.999656e-01 1.844506e-04 -8.288400e-03 -9.312036e+00 -1.668166e-04 9.999977e-01 2.128220e-03 3.933810e-01 8.288774e-03 -2.126765e-03 9.999634e-01 -5.185298e+01
9.999863e-01 -3.003574e-04 5.227295e-03 -9.213589e+00 3.120562e-04 9.999974e-01 -2.237307e-03 3.959426e-01 -5.226610e-03 2.238908e-03 9.999838e-01 -5.283172e+01
9.999617e-01 2.724280e-04 -8.742886e-03 -9.424007e+00 -2.543634e-04 9.999978e-01 2.067276e-03 4.039042e-01 8.743430e-03 -2.064974e-03 9.999596e-01 -5.379476e+01
9.999853e-01 -4.750678e-04 5.403124e-03 -9.341309e+00 4.867967e-04 9.999975e-01 -2.169616e-03 4.089910e-01 -5.402079e-03 2.172215e-03 9.999830e-01 -5.455473e+01
9.999481e-01 4.813071e-04 -1.017496e-02 -8.885078e+00 -4.543967e-04 9.999964e-01 2.646929e-03 4.040417e-01 1.017620e-02 -2.642169e-03 9.999447e-01 -5.480736e+01
9.999789e-01 -5.425985e-04 6.471892e-03 -9.003895e+00 5.596381e-04 9.999964e-01 -2.631302e-03 4.092450e-01 -6.470441e-03 2.634870e-03 9.999756e-01 -5.571798e+01
9.999512e-01 5.009243e-04 -9.862737e-03 -9.191423e+00 -4.769427e-04 9.999969e-01 2.433758e-03 4.163607e-01 9.863925e-03 -2.428936e-03 9.999484e-01 -5.675482e+01
9.999785e-01 -6.858484e-04 6.515083e-03 -8.975229e+00 7.019069e-04 9.999967e-01 -2.462824e-03 4.148004e-01 -6.513372e-03 2.467345e-03 9.999757e-01 -5.747195e+01
9.999517e-01 5.886598e-04 -9.812198e-03 -8.779849e+00 -5.642639e-04 9.999967e-01 2.488884e-03 4.117934e-01 9.813631e-03 -2.483228e-03 9.999488e-01 -5.795938e+01
9.999822e-01 -7.897961e-04 5.910812e-03 -8.554713e+00 8.035026e-04 9.999970e-01 -2.316842e-03 4.171181e-01 -5.908964e-03 2.321550e-03 9.999798e-01 -5.840216e+01
9.999578e-01 3.542770e-04 -9.177711e-03 -8.372783e+00 -3.331232e-04 9.999973e-01 2.306354e-03 4.268143e-01 9.178503e-03 -2.303200e-03 9.999552e-01 -5.914907e+01
9.999888e-01 -5.538373e-04 4.699280e-03 -7.728628e+00 5.629629e-04 9.999980e-01 -1.940755e-03 4.291988e-01 -4.698195e-03 1.943380e-03 9.999871e-01 -5.973001e+01
9.999556e-01 1.018865e-04 -9.419617e-03 -7.126250e+00 -7.787230e-05 9.999967e-01 2.549737e-03 4.385056e-01 9.419846e-03 -2.548891e-03 9.999524e-01 -6.010141e+01
9.999904e-01 1.226510e-04 4.384679e-03 -6.738582e+00 -1.160802e-04 9.999989e-01 -1.498745e-03 4.412552e-01 -4.384857e-03 1.498223e-03 9.999893e-01 -5.991134e+01
9.999462e-01 6.595720e-05 -1.036844e-02 -6.059664e+00 -4.191745e-05 9.999973e-01 2.318770e-03 4.196457e-01 1.036856e-02 -2.318212e-03 9.999436e-01 -5.974980e+01
9.999888e-01 4.061348e-04 4.723582e-03 -5.383687e+00 -3.991843e-04 9.999988e-01 -1.472254e-03 3.985602e-01 -4.724174e-03 1.470353e-03 9.999878e-01 -5.953595e+01
9.999469e-01 -3.835033e-04 -1.029822e-02 -5.077863e+00 4.076278e-04 9.999972e-01 2.340616e-03 3.926601e-01 1.029729e-02 -2.344691e-03 9.999442e-01 -5.935703e+01
9.999877e-01 7.452604e-04 4.898883e-03 -4.552516e+00 -7.378696e-04 9.999986e-01 -1.510277e-03 3.761281e-01 -4.900002e-03 1.506644e-03 9.999869e-01 -5.915098e+01
9.999417e-01 -3.853484e-04 -1.079091e-02 -3.979592e+00 4.104791e-04 9.999972e-01 2.326773e-03 3.521767e-01 1.078999e-02 -2.331068e-03 9.999391e-01 -5.896860e+01
9.999869e-01 6.897520e-04 5.071655e-03 -3.443282e+00 -6.820618e-04 9.999986e-01 -1.517858e-03 3.328622e-01 -5.072694e-03 1.514379e-03 9.999860e-01 -5.880824e+01
9.999428e-01 -1.333497e-04 -1.069439e-02 -2.733491e+00 1.580601e-04 9.999973e-01 2.309802e-03 3.016001e-01 1.069406e-02 -2.311361e-03 9.999401e-01 -5.843444e+01
9.999895e-01 4.397901e-04 4.566134e-03 -1.894772e+00 -4.327397e-04 9.999987e-01 -1.544869e-03 2.633064e-01 -4.566807e-03 1.542877e-03 9.999884e-01 -5.798790e+01
9.999521e-01 8.987407e-05 -9.784110e-03 -1.202676e+00 -6.762489e-05 9.999974e-01 2.274341e-03 2.408808e-01 9.784288e-03 -2.273571e-03 9.999495e-01 -5.782289e+01
9.999849e-01 -1.105927e-04 5.486383e-03 -1.043595e+00 1.208636e-04 9.999982e-01 -1.871739e-03 2.341940e-01 -5.486166e-03 1.872375e-03 9.999832e-01 -5.805059e+01
9.999551e-01 1.918554e-04 -9.472561e-03 -9.294480e-01 -1.717627e-04 9.999977e-01 2.121939e-03 2.290440e-01 9.472946e-03 -2.120217e-03 9.999529e-01 -5.831367e+01
9.999852e-01 -1.642210e-04 5.436825e-03 -7.798078e-01 1.742841e-04 9.999983e-01 -1.850465e-03 2.228217e-01 -5.436512e-03 1.851386e-03 9.999835e-01 -5.859894e+01
9.999534e-01 2.012198e-04 -9.656752e-03 -6.083048e-01 -1.796036e-04 9.999975e-01 2.239295e-03 2.156426e-01 9.657178e-03 -2.237457e-03 9.999509e-01 -5.868558e+01
9.999842e-01 -2.317767e-04 5.619322e-03 -4.302862e-01 2.426182e-04 9.999981e-01 -1.928694e-03 2.131241e-01 -5.618864e-03 1.930028e-03 9.999824e-01 -5.896632e+01
9.999490e-01 2.394413e-04 -1.009724e-02 -8.324841e-01 -2.159653e-04 9.999973e-01 2.326035e-03 2.283581e-01 1.009777e-02 -2.323736e-03 9.999463e-01 -5.932551e+01
9.999879e-01 -1.308156e-04 4.922948e-03 -1.321083e+00 1.394330e-04 9.999985e-01 -1.750114e-03 2.421233e-01 -4.922711e-03 1.750780e-03 9.999864e-01 -5.944293e+01
9.999485e-01 3.307298e-04 -1.014121e-02 -1.641598e+00 -3.062602e-04 9.999970e-01 2.414368e-03 2.476602e-01 1.014198e-02 -2.411138e-03 9.999457e-01 -5.939544e+01
9.999882e-01 -1.818706e-04 4.850040e-03 -2.144736e+00 1.910240e-04 9.999982e-01 -1.886844e-03 2.622098e-01 -4.849688e-03 1.887749e-03 9.999865e-01 -5.969875e+01
9.999590e-01 1.485003e-04 -9.055130e-03 -2.354054e+00 -1.297473e-04 9.999978e-01 2.071553e-03 2.692464e-01 9.055417e-03 -2.070293e-03 9.999569e-01 -6.036049e+01
9.999902e-01 -3.341191e-05 4.428253e-03 -2.655684e+00 4.110341e-05 9.999985e-01 -1.736782e-03 2.776277e-01 -4.428188e-03 1.736947e-03 9.999887e-01 -6.084052e+01
9.999547e-01 2.196785e-04 -9.511396e-03 -3.043993e+00 -1.985939e-04 9.999975e-01 2.217688e-03 2.879943e-01 9.511859e-03 -2.215700e-03 9.999523e-01 -6.110194e+01
9.999899e-01 -3.061222e-05 4.494639e-03 -3.372702e+00 3.782149e-05 9.999987e-01 -1.603842e-03 2.957129e-01 -4.494583e-03 1.603997e-03 9.999886e-01 -6.117158e+01
9.999574e-01 1.560074e-04 -9.233091e-03 -3.497888e+00 -1.368028e-04 9.999978e-01 2.080595e-03 2.980595e-01 9.233395e-03 -2.079243e-03 9.999552e-01 -6.133163e+01
9.999903e-01 2.090481e-05 4.413081e-03 -3.166036e+00 -1.460883e-05 9.999990e-01 -1.426634e-03 2.797395e-01 -4.413106e-03 1.426557e-03 9.999892e-01 -6.118104e+01
9.999499e-01 2.030986e-04 -1.001004e-02 -2.453683e+00 -1.820141e-04 9.999978e-01 2.107229e-03 2.517711e-01 1.001045e-02 -2.105302e-03 9.999477e-01 -6.104208e+01
9.999922e-01 2.413351e-04 3.933575e-03 -1.734031e+00 -2.363696e-04 9.999992e-01 -1.262681e-03 2.252723e-01 -3.933877e-03 1.261742e-03 9.999915e-01 -6.087310e+01
9.999551e-01 5.212560e-06 -9.471936e-03 -1.212583e+00 1.418089e-05 9.999979e-01 2.047422e-03 2.075860e-01 9.471926e-03 -2.047465e-03 9.999530e-01 -6.080149e+01
9.999934e-01 2.100596e-04 3.635114e-03 -6.163304e-01 -2.056680e-04 9.999992e-01 -1.208375e-03 1.918891e-01 -3.635365e-03 1.207620e-03 9.999927e-01 -6.079309e+01
9.999655e-01 -1.659433e-04 -8.310579e-03 -1.104290e-01 1.798567e-04 9.999986e-01 1.673493e-03 1.892706e-01 8.310289e-03 -1.674930e-03 9.999641e-01 -6.119478e+01
9.999937e-01 8.352239e-05 3.556485e-03 4.854041e-01 -7.965328e-05 9.999994e-01 -1.087959e-03 1.746508e-01 -3.556573e-03 1.087669e-03 9.999931e-01 -6.132393e+01
9.999604e-01 2.927947e-04 -8.892812e-03 1.083685e+00 -2.773944e-04 9.999985e-01 1.732979e-03 1.528028e-01 8.893305e-03 -1.730445e-03 9.999590e-01 -6.120747e+01
9.999906e-01 -3.141481e-04 4.320276e-03 1.510582e+00 3.190758e-04 9.999993e-01 -1.139885e-03 1.450065e-01 -4.319915e-03 1.141254e-03 9.999900e-01 -6.113467e+01
9.999560e-01 2.507679e-04 -9.379144e-03 2.097490e+00 -2.318769e-04 9.999979e-01 2.015202e-03 1.394314e-01 9.379629e-03 -2.012939e-03 9.999540e-01 -6.114737e+01
9.999869e-01 -5.775795e-04 5.091722e-03 2.679849e+00 5.859318e-04 9.999985e-01 -1.638985e-03 1.354590e-01 -5.090768e-03 1.641948e-03 9.999857e-01 -6.156797e+01
9.999399e-01 7.339537e-04 -1.093963e-02 3.477111e+00 -7.070738e-04 9.999967e-01 2.460796e-03 1.228307e-01 1.094140e-02 -2.452914e-03 9.999371e-01 -6.165517e+01
9.999809e-01 -6.869987e-04 6.149151e-03 4.023369e+00 6.989153e-04 9.999979e-01 -1.935949e-03 1.210830e-01 -6.147808e-03 1.940210e-03 9.999792e-01 -6.205661e+01
9.999307e-01 4.243147e-04 -1.176837e-02 4.720947e+00 -3.912046e-04 9.999960e-01 2.815659e-03 1.168473e-01 1.176952e-02 -2.810861e-03 9.999268e-01 -6.215347e+01
9.999829e-01 -1.261971e-04 5.853479e-03 5.650742e+00 1.379523e-04 9.999980e-01 -2.007845e-03 9.047912e-02 -5.853213e-03 2.008619e-03 9.999809e-01 -6.204137e+01
9.999270e-01 3.733489e-04 -1.207792e-02 6.396121e+00 -3.380573e-04 9.999957e-01 2.923925e-03 6.482862e-02 1.207896e-02 -2.919629e-03 9.999228e-01 -6.191458e+01
9.999819e-01 -1.325324e-04 6.014866e-03 7.308558e+00 1.452715e-04 9.999977e-01 -2.117509e-03 3.662289e-02 -6.014571e-03 2.118345e-03 9.999797e-01 -6.181125e+01
9.999378e-01 2.924868e-04 -1.115016e-02 7.715733e+00 -2.617264e-04 9.999962e-01 2.760126e-03 2.704573e-02 1.115092e-02 -2.757037e-03 9.999340e-01 -6.203724e+01
9.999748e-01 -2.132432e-04 7.089658e-03 7.316291e+00 2.330762e-04 9.999961e-01 -2.796705e-03 3.627981e-02 -7.089033e-03 2.798288e-03 9.999710e-01 -6.309859e+01
9.999510e-01 1.275134e-04 -9.902699e-03 7.116130e+00 -1.038982e-04 9.999971e-01 2.385227e-03 4.285902e-02 9.902975e-03 -2.384082e-03 9.999481e-01 -6.444820e+01
9.999750e-01 -8.094833e-04 7.031230e-03 7.433965e+00 8.269318e-04 9.999966e-01 -2.478980e-03 4.861549e-02 -7.029199e-03 2.484733e-03 9.999722e-01 -6.552053e+01
9.999542e-01 3.119222e-04 -9.569940e-03 7.850478e+00 -2.893950e-04 9.999972e-01 2.355272e-03 5.828031e-02 9.570648e-03 -2.352395e-03 9.999514e-01 -6.676817e+01
9.999832e-01 -2.138601e-04 5.791493e-03 7.279878e+00 2.285716e-04 9.999967e-01 -2.539599e-03 7.564707e-02 -5.790931e-03 2.540881e-03 9.999800e-01 -6.799548e+01
9.999425e-01 4.573117e-04 -1.071576e-02 6.534805e+00 -4.280540e-04 9.999962e-01 2.732508e-03 9.280415e-02 1.071697e-02 -2.727764e-03 9.999389e-01 -6.932176e+01
9.999807e-01 -6.764390e-05 6.206361e-03 6.087353e+00 8.422288e-05 9.999964e-01 -2.671022e-03 9.635447e-02 -6.206158e-03 2.671494e-03 9.999772e-01 -7.013839e+01
9.999415e-01 2.879888e-04 -1.080856e-02 6.089084e+00 -2.540594e-04 9.999950e-01 3.140391e-03 9.002263e-02 1.080941e-02 -3.137462e-03 9.999367e-01 -7.038491e+01
9.999753e-01 -3.617604e-04 7.026247e-03 6.184108e+00 3.825604e-04 9.999955e-01 -2.959175e-03 8.949362e-02 -7.025145e-03 2.961790e-03 9.999709e-01 -7.117660e+01
9.999443e-01 4.132739e-04 -1.055005e-02 6.048454e+00 -3.834549e-04 9.999959e-01 2.828325e-03 9.069332e-02 1.055118e-02 -2.824123e-03 9.999403e-01 -7.217058e+01
9.999804e-01 -2.732087e-04 6.258263e-03 5.839419e+00 2.901065e-04 9.999963e-01 -2.699292e-03 9.156724e-02 -6.257502e-03 2.701055e-03 9.999768e-01 -7.290352e+01
9.999382e-01 3.884816e-04 -1.111351e-02 5.742914e+00 -3.543432e-04 9.999952e-01 3.073626e-03 8.889881e-02 1.111465e-02 -3.069498e-03 9.999335e-01 -7.337457e+01
9.999835e-01 -3.629551e-04 5.725641e-03 6.206356e+00 3.764391e-04 9.999972e-01 -2.354077e-03 8.000501e-02 -5.724770e-03 2.356194e-03 9.999808e-01 -7.358686e+01
9.999365e-01 4.164803e-04 -1.125792e-02 6.733962e+00 -3.819006e-04 9.999952e-01 3.073593e-03 6.961409e-02 1.125914e-02 -3.069099e-03 9.999319e-01 -7.379563e+01
9.999803e-01 -1.820397e-04 6.273764e-03 6.854196e+00 1.976615e-04 9.999969e-01 -2.489445e-03 6.157142e-02 -6.273291e-03 2.490637e-03 9.999772e-01 -7.403776e+01
9.999361e-01 3.865466e-04 -1.129733e-02 6.767058e+00 -3.525431e-04 9.999954e-01 3.011731e-03 5.785816e-02 1.129844e-02 -3.007557e-03 9.999316e-01 -7.432538e+01
9.999807e-01 -1.192996e-04 6.216768e-03 7.049266e+00 1.343399e-04 9.999971e-01 -2.418907e-03 4.197177e-02 -6.216460e-03 2.419696e-03 9.999777e-01 -7.424633e+01
9.999442e-01 6.754276e-04 -1.054282e-02 7.281817e+00 -6.424925e-04 9.999949e-01 3.127040e-03 1.526080e-02 1.054488e-02 -3.120092e-03 9.999395e-01 -7.364083e+01
9.999827e-01 -1.645069e-04 5.886511e-03 7.619285e+00 1.788126e-04 9.999970e-01 -2.429750e-03 -1.712786e-02 -5.886093e-03 2.430761e-03 9.999797e-01 -7.300398e+01
9.999411e-01 4.593723e-04 -1.083967e-02 8.139859e+00 -4.254571e-04 9.999950e-01 3.130926e-03 -4.141224e-02 1.084106e-02 -3.126131e-03 9.999363e-01 -7.280898e+01
9.999801e-01 -2.289776e-04 6.306955e-03 8.469776e+00 2.455038e-04 9.999965e-01 -2.619625e-03 -5.585898e-02 -6.306333e-03 2.621122e-03 9.999767e-01 -7.282898e+01
9.999427e-01 5.677118e-04 -1.069408e-02 8.537178e+00 -5.321320e-04 9.999943e-01 3.329634e-03 -7.319364e-02 1.069591e-02 -3.323753e-03 9.999373e-01 -7.233028e+01
9.999802e-01 -2.195184e-04 6.294062e-03 8.622796e+00 2.362738e-04 9.999964e-01 -2.661428e-03 -9.158129e-02 -6.293455e-03 2.662863e-03 9.999767e-01 -7.183811e+01
9.999326e-01 2.459378e-04 -1.160355e-02 9.251057e+00 -2.065773e-04 9.999942e-01 3.393208e-03 -1.079106e-01 1.160432e-02 -3.390583e-03 9.999269e-01 -7.192372e+01
9.999766e-01 1.203496e-04 6.841339e-03 9.438724e+00 -1.014333e-04 9.999962e-01 -2.765236e-03 -1.249721e-01 -6.841645e-03 2.764478e-03 9.999728e-01 -7.169554e+01
9.999384e-01 1.400812e-04 -1.109651e-02 9.420680e+00 -1.013176e-04 9.999939e-01 3.493822e-03 -1.365242e-01 1.109693e-02 -3.492483e-03 9.999323e-01 -7.115475e+01
9.999789e-01 2.974674e-05 6.501926e-03 9.267512e+00 -1.220744e-05 9.999964e-01 -2.697530e-03 -1.387726e-01 -6.501982e-03 2.697394e-03 9.999752e-01 -7.067907e+01
9.999387e-01 2.195736e-04 -1.107453e-02 9.207821e+00 -1.810728e-04 9.999939e-01 3.477425e-03 -1.462818e-01 1.107523e-02 -3.475207e-03 9.999326e-01 -7.015528e+01
9.999786e-01 1.365234e-04 6.539247e-03 9.258809e+00 -1.189239e-04 9.999964e-01 -2.691634e-03 -1.596459e-01 -6.539590e-03 2.690800e-03 9.999750e-01 -6.959157e+01
9.999416e-01 4.331371e-05 -1.080952e-02 9.487744e+00 -9.024993e-06 9.999950e-01 3.172142e-03 -1.706437e-01 1.080960e-02 -3.171860e-03 9.999365e-01 -6.959927e+01
9.999752e-01 -8.452651e-05 7.037619e-03 9.913036e+00 1.046209e-04 9.999959e-01 -2.854914e-03 -1.759309e-01 -7.037349e-03 2.855580e-03 9.999712e-01 -6.987437e+01
9.999493e-01 -5.415382e-04 -1.005399e-02 1.047124e+01 5.716454e-04 9.999954e-01 2.991948e-03 -1.697084e-01 1.005232e-02 -2.997544e-03 9.999450e-01 -7.074424e+01
9.999774e-01 -1.386805e-04 6.717060e-03 1.168359e+01 1.582138e-04 9.999958e-01 -2.907528e-03 -1.634074e-01 -6.716628e-03 2.908526e-03 9.999732e-01 -7.158415e+01
9.999477e-01 -3.347294e-04 -1.022230e-02 1.295936e+01 3.694611e-04 9.999942e-01 3.395979e-03 -1.738787e-01 1.022110e-02 -3.399578e-03 9.999420e-01 -7.177751e+01
9.999782e-01 1.830678e-04 6.593760e-03 1.399586e+01 -1.639359e-04 9.999958e-01 -2.901903e-03 -1.882722e-01 -6.594263e-03 2.900759e-03 9.999741e-01 -7.192069e+01
9.999544e-01 -3.575682e-04 -9.539164e-03 1.448517e+01 3.873607e-04 9.999951e-01 3.121547e-03 -1.927644e-01 9.538000e-03 -3.125101e-03 9.999496e-01 -7.229364e+01
9.999949e-01 7.731011e-04 3.091097e-03 1.590057e+01 -7.656278e-04 9.999968e-01 -2.418024e-03 -2.402847e-01 -3.092956e-03 2.415646e-03 9.999923e-01 -7.193232e+01
9.999589e-01 -1.998267e-04 -9.063007e-03 1.736655e+01 2.281939e-04 9.999951e-01 3.129114e-03 -2.846295e-01 9.062337e-03 -3.131054e-03 9.999540e-01 -7.154160e+01
9.999874e-01 6.436664e-04 4.979672e-03 1.756893e+01 -6.307710e-04 9.999964e-01 -2.590685e-03 -3.050866e-01 -4.981321e-03 2.587512e-03 9.999842e-01 -7.104591e+01
9.999652e-01 -3.022234e-04 -8.339472e-03 1.763586e+01 3.288519e-04 9.999949e-01 3.191925e-03 -3.300021e-01 8.338464e-03 -3.194557e-03 9.999601e-01 -7.006692e+01
9.999867e-01 6.768303e-04 5.110185e-03 1.772415e+01 -6.637320e-04 9.999965e-01 -2.564391e-03 -3.580781e-01 -5.111903e-03 2.560965e-03 9.999837e-01 -6.900505e+01
9.999641e-01 -4.226419e-04 -8.460210e-03 1.774750e+01 4.492954e-04 9.999949e-01 3.148837e-03 -3.790199e-01 8.458836e-03 -3.152526e-03 9.999593e-01 -6.806005e+01
9.999892e-01 7.937426e-04 4.577515e-03 1.782803e+01 -7.820217e-04 9.999964e-01 -2.561679e-03 -4.008552e-01 -4.579532e-03 2.558072e-03 9.999862e-01 -6.731339e+01
9.999579e-01 -5.036490e-04 -9.167458e-03 1.829804e+01 5.327766e-04 9.999948e-01 3.175149e-03 -4.312022e-01 9.165812e-03 -3.179900e-03 9.999529e-01 -6.694574e+01
9.999864e-01 1.084958e-03 5.107133e-03 1.862461e+01 -1.071602e-03 9.999960e-01 -2.617047e-03 -4.654027e-01 -5.109952e-03 2.611539e-03 9.999835e-01 -6.624729e+01
9.999600e-01 -6.398826e-04 -8.917637e-03 1.874329e+01 6.692583e-04 9.999944e-01 3.291553e-03 -4.871502e-01 8.915480e-03 -3.297390e-03 9.999548e-01 -6.551863e+01
9.999885e-01 7.192521e-04 4.735496e-03 1.916315e+01 -7.065640e-04 9.999962e-01 -2.680408e-03 -5.009566e-01 -4.737405e-03 2.677032e-03 9.999852e-01 -6.543731e+01
9.999504e-01 -4.716074e-04 -9.946820e-03 1.997749e+01 5.041314e-04 9.999945e-01 3.267567e-03 -5.220155e-01 9.945224e-03 -3.272420e-03 9.999452e-01 -6.541800e+01
9.999860e-01 7.306529e-04 5.250037e-03 2.050062e+01 -7.161105e-04 9.999959e-01 -2.771244e-03 -5.401947e-01 -5.252040e-03 2.767446e-03 9.999824e-01 -6.543781e+01
9.999536e-01 -2.383101e-04 -9.633306e-03 2.085590e+01 2.709151e-04 9.999942e-01 3.383487e-03 -5.667003e-01 9.632444e-03 -3.385941e-03 9.999479e-01 -6.486585e+01
9.999859e-01 6.296358e-04 5.267261e-03 2.114299e+01 -6.154809e-04 9.999962e-01 -2.688466e-03 -5.925455e-01 -5.268934e-03 2.685187e-03 9.999825e-01 -6.425488e+01
9.999547e-01 -1.788688e-04 -9.514516e-03 2.146887e+01 2.107658e-04 9.999944e-01 3.351597e-03 -6.199018e-01 9.513863e-03 -3.353451e-03 9.999491e-01 -6.359829e+01
9.999890e-01 5.342152e-04 4.663777e-03 2.196382e+01 -5.218496e-04 9.999963e-01 -2.652169e-03 -6.482029e-01 -4.665176e-03 2.649706e-03 9.999856e-01 -6.305843e+01
9.999645e-01 -1.868209e-04 -8.425640e-03 2.206847e+01 2.143984e-04 9.999946e-01 3.272301e-03 -6.722119e-01 8.424984e-03 -3.273992e-03 9.999591e-01 -6.226558e+01
9.999902e-01 4.702214e-04 4.398217e-03 2.211086e+01 -4.586585e-04 9.999964e-01 -2.629558e-03 -6.889675e-01 -4.399438e-03 2.627516e-03 9.999869e-01 -6.162783e+01
9.999608e-01 -4.668321e-04 -8.846582e-03 2.245990e+01 4.946791e-04 9.999949e-01 3.145888e-03 -6.995937e-01 8.845068e-03 -3.150141e-03 9.999559e-01 -6.186797e+01
9.999873e-01 1.098765e-04 5.039047e-03 2.295510e+01 -9.612930e-05 9.999963e-01 -2.728227e-03 -7.037184e-01 -5.039327e-03 2.727709e-03 9.999836e-01 -6.237801e+01
9.999579e-01 -1.479409e-04 -9.178125e-03 2.331966e+01 1.766806e-04 9.999951e-01 3.130629e-03 -7.118074e-01 9.177616e-03 -3.132120e-03 9.999530e-01 -6.271767e+01
9.999875e-01 -3.032598e-04 4.990281e-03 2.393236e+01 3.162101e-04 9.999966e-01 -2.594460e-03 -7.122051e-01 -4.989477e-03 2.596006e-03 9.999842e-01 -6.330916e+01
9.999725e-01 -1.072034e-04 -7.414073e-03 2.420494e+01 1.260262e-04 9.999968e-01 2.538430e-03 -7.049285e-01 7.413777e-03 -2.539295e-03 9.999693e-01 -6.449268e+01
9.999915e-01 6.429390e-05 4.113539e-03 2.413557e+01 -5.316551e-05 9.999963e-01 -2.705277e-03 -7.039822e-01 -4.113697e-03 2.705036e-03 9.999879e-01 -6.551338e+01
9.999742e-01 -2.833833e-04 -7.179044e-03 2.413125e+01 3.017247e-04 9.999967e-01 2.553943e-03 -7.010764e-01 7.178297e-03 -2.556044e-03 9.999710e-01 -6.663536e+01
9.999855e-01 -1.823189e-04 5.387021e-03 2.413689e+01 1.989549e-04 9.999952e-01 -3.087721e-03 -6.911628e-01 -5.386432e-03 3.088749e-03 9.999807e-01 -6.827897e+01
9.999715e-01 -1.166489e-04 -7.554446e-03 2.420366e+01 1.359442e-04 9.999967e-01 2.553748e-03 -6.850563e-01 7.554123e-03 -2.554703e-03 9.999682e-01 -6.953996e+01
9.999885e-01 -4.758845e-04 4.771278e-03 2.456254e+01 4.880431e-04 9.999966e-01 -2.547373e-03 -6.801865e-01 -4.770050e-03 2.549673e-03 9.999854e-01 -7.052239e+01
9.999784e-01 -2.125782e-04 -6.566393e-03 2.485322e+01 2.273681e-04 9.999974e-01 2.251747e-03 -6.706485e-01 6.565897e-03 -2.253192e-03 9.999759e-01 -7.187250e+01
9.999963e-01 -6.444027e-05 2.733945e-03 2.516059e+01 6.991470e-05 9.999980e-01 -2.002216e-03 -6.721113e-01 -2.733810e-03 2.002400e-03 9.999943e-01 -7.247324e+01
9.999645e-01 9.991275e-05 -8.427526e-03 2.583466e+01 -7.729540e-05 9.999964e-01 2.684072e-03 -6.853619e-01 8.427764e-03 -2.683326e-03 9.999609e-01 -7.265776e+01
9.999863e-01 -6.316087e-04 5.186893e-03 2.621842e+01 6.442563e-04 9.999968e-01 -2.436996e-03 -6.799957e-01 -5.185337e-03 2.440305e-03 9.999836e-01 -7.367033e+01
9.999741e-01 2.209591e-04 -7.199718e-03 2.641835e+01 -2.061517e-04 9.999979e-01 2.057392e-03 -6.734936e-01 7.200157e-03 -2.055855e-03 9.999720e-01 -7.483404e+01
9.999940e-01 -4.436493e-04 3.426333e-03 2.659652e+01 4.498153e-04 9.999983e-01 -1.798913e-03 -6.761922e-01 -3.425529e-03 1.800445e-03 9.999925e-01 -7.540151e+01
9.999711e-01 4.987403e-04 -7.591173e-03 2.683377e+01 -4.826986e-04 9.999976e-01 2.114937e-03 -6.802060e-01 7.592210e-03 -2.111212e-03 9.999690e-01 -7.579934e+01
9.999943e-01 -4.711435e-04 3.345924e-03 2.702013e+01 4.769315e-04 9.999984e-01 -1.729177e-03 -6.861122e-01 -3.345104e-03 1.730763e-03 9.999929e-01 -7.612222e+01
9.999766e-01 2.961544e-04 -6.835963e-03 2.715700e+01 -2.835216e-04 9.999983e-01 1.848943e-03 -6.864941e-01 6.836498e-03 -1.846962e-03 9.999749e-01 -7.686126e+01
9.999955e-01 -4.912001e-04 2.963817e-03 2.742543e+01 4.959079e-04 9.999986e-01 -1.587784e-03 -6.874252e-01 -2.963033e-03 1.589248e-03 9.999943e-01 -7.746290e+01
