9.999881e-01 3.387461e-04 -4.865635e-03 1.955193e-01 -3.350154e-04 9.999996e-01 7.675338e-04 -1.799751e-02 4.865893e-03 -7.658954e-04 9.999879e-01 9.519315e-01
9.999995e-01 -9.213151e-05 9.528471e-04 5.666555e-01 9.199416e-05 1.000000e+00 1.442179e-04 -4.053076e-02 -9.528601e-04 -1.441294e-04 9.999995e-01 1.989533e+00
9.999874e-01 2.235821e-04 -5.015106e-03 5.677103e-01 -2.203987e-04 9.999998e-01 6.353030e-04 -5.101410e-02 5.015247e-03 -6.341903e-04 9.999872e-01 2.697976e+00
9.999999e-01 -1.525300e-04 3.766929e-04 3.789050e-01 1.524728e-04 1.000000e+00 1.521178e-04 -4.723044e-02 -3.767157e-04 -1.520596e-04 9.999999e-01 3.108367e+00
9.999893e-01 3.498013e-04 -4.613709e-03 4.138428e-01 -3.474813e-04 9.999998e-01 5.036569e-04 -5.914574e-02 4.613884e-03 -5.020491e-04 9.999892e-01 3.631878e+00
9.999998e-01 -1.773441e-04 5.889225e-04 4.128254e-01 1.772533e-04 1.000000e+00 1.542155e-04 -7.200307e-02 -5.889495e-04 -1.541104e-04 9.999998e-01 4.251119e+00
9.999914e-01 4.795367e-04 -4.125379e-03 5.009118e-01 -4.777545e-04 9.999998e-01 4.330065e-04 -9.622972e-02 4.125585e-03 -4.310326e-04 9.999914e-01 5.113978e+00
1.000000e+00 -2.348754e-06 -1.712863e-04 7.166975e-01 2.395149e-06 1.000000e+00 2.706580e-04 -1.219579e-01 1.712860e-04 -2.706577e-04 9.999999e-01 5.782177e+00
9.999946e-01 1.679345e-04 -3.289865e-03 7.073426e-01 -1.668253e-04 9.999999e-01 3.374225e-04 -1.375095e-01 3.289921e-03 -3.368725e-04 9.999945e-01 6.691969e+00
9.999992e-01 -7.389488e-05 -1.227170e-03 5.554310e-01 7.451806e-05 9.999999e-01 5.077492e-04 -1.389311e-01 1.227133e-03 -5.078395e-04 9.999991e-01 7.354526e+00
9.999922e-01 1.123765e-04 -3.949273e-03 1.944141e-01 -1.105458e-04 9.999999e-01 4.637833e-04 -1.283082e-01 3.949324e-03 -4.633439e-04 9.999921e-01 7.887037e+00
9.999987e-01 7.101119e-05 -1.608676e-03 2.500614e-01 -7.040665e-05 9.999999e-01 3.758230e-04 -1.356186e-01 1.608703e-03 -3.757086e-04 9.999986e-01 8.167419e+00
9.999944e-01 2.103788e-04 -3.333429e-03 4.753530e-01 -2.099886e-04 1.000000e+00 1.174202e-04 -1.435410e-01 3.333453e-03 -1.167202e-04 9.999944e-01 8.234761e+00
9.999990e-01 -1.045913e-04 -1.398543e-03 8.006795e-01 1.054311e-04 9.999998e-01 6.004340e-04 -1.572042e-01 1.398481e-03 -6.005802e-04 9.999988e-01 8.669127e+00
9.999953e-01 4.411114e-04 -3.025344e-03 1.001441e+00 -4.409249e-04 9.999999e-01 6.231772e-05 -1.759951e-01 3.025370e-03 -6.098420e-05 9.999954e-01 9.249623e+00
9.999999e-01 -1.430552e-04 -4.892341e-04 1.069380e+00 1.433577e-04 9.999998e-01 6.183250e-04 -1.997309e-01 4.891458e-04 -6.183944e-04 9.999997e-01 1.026960e+01
9.999961e-01 3.991770e-04 -2.746250e-03 1.117318e+00 -3.993037e-04 9.999999e-01 -4.556576e-05 -2.235571e-01 2.746231e-03 4.666146e-05 9.999962e-01 1.141140e+01
9.999996e-01 -1.263081e-04 -9.147607e-04 1.170953e+00 1.269135e-04 9.999998e-01 6.617770e-04 -2.438919e-01 9.146773e-04 -6.618921e-04 9.999994e-01 1.225426e+01
9.999938e-01 3.392066e-04 -3.505249e-03 1.355830e+00 -3.394926e-04 9.999999e-01 -8.097631e-05 -2.593332e-01 3.505221e-03 8.216510e-05 9.999939e-01 1.261249e+01
9.999999e-01 3.262119e-05 -5.162381e-04 1.594355e+00 -3.227918e-05 9.999998e-01 6.624059e-04 -2.857657e-01 5.162599e-04 -6.623884e-04 9.999996e-01 1.334825e+01
9.999953e-01 4.130963e-04 -3.052778e-03 1.765681e+00 -4.132394e-04 9.999999e-01 -4.625784e-05 -3.153954e-01 3.052758e-03 4.751844e-05 9.999953e-01 1.435153e+01
1.000000e+00 -1.463235e-04 -2.184030e-04 1.823140e+00 1.464646e-04 9.999998e-01 6.456598e-04 -3.383197e-01 2.183088e-04 -6.456911e-04 9.999998e-01 1.545024e+01
9.999949e-01 4.565286e-04 -3.167254e-03 1.878924e+00 -4.561054e-04 9.999999e-01 1.343773e-04 -3.625376e-01 3.167314e-03 -1.329327e-04 9.999950e-01 1.682118e+01
9.999999e-01 -3.652050e-06 -3.483454e-04 2.068220e+00 3.852733e-06 9.999998e-01 5.759433e-04 -3.955222e-01 3.483435e-04 -5.759439e-04 9.999998e-01 1.812869e+01
9.999949e-01 4.648963e-04 -3.164971e-03 2.252257e+00 -4.647428e-04 9.999999e-01 4.923457e-05 -4.284243e-01 3.164993e-03 -4.776413e-05 9.999950e-01 1.936296e+01
1.000000e+00 -1.166478e-04 2.193186e-04 2.359538e+00 1.165240e-04 9.999998e-01 5.646388e-04 -4.587423e-01 -2.193841e-04 -5.646126e-04 9.999998e-01 2.078621e+01
9.999909e-01 6.277884e-04 -4.217972e-03 2.699604e+00 -6.270870e-04 9.999998e-01 1.676251e-04 -4.980043e-01 4.218076e-03 -1.649792e-04 9.999911e-01 2.203684e+01
9.999999e-01 -1.225266e-04 -3.769820e-04 3.209769e+00 1.227631e-04 9.999998e-01 6.271006e-04 -5.338867e-01 3.769054e-04 -6.271461e-04 9.999997e-01 2.287509e+01
9.999939e-01 6.799965e-04 -3.423395e-03 3.509300e+00 -6.799077e-04 9.999998e-01 2.711908e-05 -5.719343e-01 3.423413e-03 -2.479204e-05 9.999941e-01 2.404374e+01
9.999999e-01 -4.710434e-04 4.558257e-05 3.517241e+00 4.710134e-04 9.999997e-01 6.577795e-04 -5.900044e-01 -4.589207e-05 -6.577572e-04 9.999998e-01 2.504743e+01
9.999921e-01 7.725571e-04 -3.907250e-03 3.593455e+00 -7.725724e-04 9.999997e-01 -2.399914e-06 -6.107061e-01 3.907247e-03 5.417817e-06 9.999924e-01 2.580169e+01
9.999999e-01 -4.081700e-04 1.133596e-04 3.707455e+00 4.081020e-04 9.999997e-01 6.001280e-04 -6.351090e-01 -1.136042e-04 -6.000809e-04 9.999998e-01 2.660594e+01
9.999925e-01 6.719928e-04 -3.818462e-03 3.751807e+00 -6.718562e-04 9.999998e-01 3.706066e-05 -6.536446e-01 3.818486e-03 -3.449563e-05 9.999927e-01 2.735658e+01
9.999999e-01 -4.765432e-04 -2.362529e-04 3.711284e+00 4.766811e-04 9.999997e-01 5.837598e-04 -6.645380e-01 2.359750e-04 -5.838716e-04 9.999998e-01 2.791875e+01
9.999921e-01 6.817959e-04 -3.903452e-03 3.728015e+00 -6.816908e-04 9.999998e-01 2.825362e-05 -6.771777e-01 3.903470e-03 -2.559316e-05 9.999924e-01 2.839849e+01
9.999995e-01 -5.161353e-04 -8.876209e-04 3.565105e+00 5.167581e-04 9.999996e-01 7.015163e-04 -6.787223e-01 8.872588e-04 -7.019739e-04 9.999994e-01 2.864847e+01
9.999914e-01 6.911857e-04 -4.077638e-03 3.360070e+00 -6.911332e-04 9.999998e-01 1.428550e-05 -6.774929e-01 4.077646e-03 -1.146790e-05 9.999917e-01 2.883638e+01
9.999994e-01 -4.999891e-04 -9.629320e-04 3.154253e+00 5.006556e-04 9.999996e-01 6.919258e-04 -6.764099e-01 9.625860e-04 -6.924068e-04 9.999993e-01 2.893843e+01
9.999921e-01 6.433794e-04 -3.921263e-03 2.922837e+00 -6.439892e-04 9.999998e-01 -1.542388e-04 -6.724560e-01 3.921162e-03 1.567622e-04 9.999923e-01 2.872397e+01
9.999996e-01 -5.435993e-04 -7.439934e-04 2.768180e+00 5.440363e-04 9.999997e-01 5.872213e-04 -6.705359e-01 7.436743e-04 -5.876251e-04 9.999996e-01 2.841982e+01
9.999912e-01 7.526607e-04 -4.132682e-03 2.603313e+00 -7.522248e-04 9.999997e-01 1.070685e-04 -6.744382e-01 4.132761e-03 -1.039595e-04 9.999915e-01 2.865171e+01
9.999995e-01 -6.144629e-04 -7.712413e-04 2.666355e+00 6.148776e-04 9.999997e-01 5.375654e-04 -6.820371e-01 7.709110e-04 -5.380387e-04 9.999996e-01 2.876173e+01
9.999931e-01 8.252473e-04 -3.633228e-03 2.787237e+00 -8.251573e-04 9.999997e-01 2.628833e-05 -6.968328e-01 3.633249e-03 -2.329087e-05 9.999934e-01 2.909809e+01
9.999995e-01 -5.305951e-04 -8.105071e-04 2.864805e+00 5.311418e-04 9.999996e-01 6.744001e-04 -7.116839e-01 8.101493e-04 -6.748295e-04 9.999994e-01 2.953936e+01
9.999925e-01 7.629955e-04 -3.785506e-03 2.915908e+00 -7.629102e-04 9.999997e-01 2.399485e-05 -7.241345e-01 3.785523e-03 -2.110738e-05 9.999928e-01 2.991776e+01
9.999995e-01 -4.490803e-04 -8.505403e-04 3.086581e+00 4.495994e-04 9.999997e-01 6.100853e-04 -7.420370e-01 8.502664e-04 -6.104667e-04 9.999995e-01 3.039354e+01
9.999923e-01 6.589174e-04 -3.855869e-03 3.019010e+00 -6.585183e-04 9.999998e-01 1.047816e-04 -7.484680e-01 3.855937e-03 -1.022423e-04 9.999926e-01 3.068878e+01
9.999992e-01 -4.926132e-04 -1.166634e-03 2.942559e+00 4.932880e-04 9.999997e-01 5.781264e-04 -7.510739e-01 1.166349e-03 -5.787007e-04 9.999992e-01 3.080227e+01
9.999949e-01 6.541738e-04 -3.111957e-03 2.948455e+00 -6.538635e-04 9.999998e-01 1.007596e-04 -7.638335e-01 3.112022e-03 -9.872502e-05 9.999952e-01 3.128742e+01
9.999986e-01 -3.935100e-04 -1.600623e-03 3.043804e+00 3.944465e-04 9.999998e-01 5.847702e-04 -7.795805e-01 1.600392e-03 -5.854001e-04 9.999985e-01 3.168523e+01
9.999946e-01 6.419377e-04 -3.212399e-03 3.321336e+00 -6.416195e-04 9.999998e-01 1.001186e-04 -7.966753e-01 3.212462e-03 -9.805764e-05 9.999948e-01 3.198040e+01
9.999989e-01 -4.139139e-04 -1.438945e-03 3.409506e+00 4.146586e-04 9.999998e-01 5.172153e-04 -8.103970e-01 1.438731e-03 -5.178106e-04 9.999988e-01 3.223024e+01
9.999970e-01 5.718095e-04 -2.399500e-03 3.408850e+00 -5.715927e-04 9.999998e-01 9.110089e-05 -8.252758e-01 2.399552e-03 -8.972979e-05 9.999971e-01 3.295511e+01
9.999979e-01 -3.137509e-04 -2.009443e-03 3.515454e+00 3.148044e-04 9.999998e-01 5.239280e-04 -8.412386e-01 2.009278e-03 -5.245587e-04 9.999978e-01 3.317141e+01
9.999985e-01 3.111155e-04 -1.677443e-03 3.796565e+00 -3.115511e-04 9.999999e-01 -2.593778e-04 -8.499657e-01 1.677362e-03 2.598993e-04 9.999986e-01 3.297753e+01
9.999975e-01 -2.340855e-04 -2.216433e-03 4.069751e+00 2.358087e-04 9.999997e-01 7.772172e-04 -8.669124e-01 2.216251e-03 -7.777372e-04 9.999972e-01 3.323158e+01
9.999983e-01 5.460167e-04 -1.758197e-03 4.484076e+00 -5.465461e-04 9.999998e-01 -3.006194e-04 -8.931988e-01 1.758032e-03 3.015791e-04 9.999984e-01 3.369394e+01
9.999968e-01 -1.306714e-04 -2.513118e-03 4.801533e+00 1.332801e-04 9.999995e-01 1.037841e-03 -9.241453e-01 2.512982e-03 -1.038172e-03 9.999963e-01 3.442134e+01
9.999977e-01 2.569481e-04 -2.118657e-03 4.813172e+00 -2.581711e-04 9.999998e-01 -5.769834e-04 -9.294816e-01 2.118508e-03 5.775284e-04 9.999976e-01 3.408265e+01
9.999982e-01 -1.882566e-04 -1.891872e-03 4.865850e+00 1.898682e-04 9.999996e-01 8.516707e-04 -9.342778e-01 1.891711e-03 -8.520276e-04 9.999978e-01 3.355410e+01
9.999976e-01 3.446620e-04 -2.144695e-03 4.993120e+00 -3.455873e-04 9.999998e-01 -4.310722e-04 -9.448066e-01 2.144546e-03 4.318117e-04 9.999976e-01 3.357676e+01
9.999978e-01 -1.337558e-04 -2.100296e-03 5.031744e+00 1.357756e-04 9.999995e-01 9.615024e-04 -9.582381e-01 2.100167e-03 -9.617847e-04 9.999973e-01 3.383388e+01
9.999976e-01 4.102349e-04 -2.160703e-03 5.030747e+00 -4.110406e-04 9.999998e-01 -3.723969e-04 -9.721583e-01 2.160550e-03 3.732834e-04 9.999976e-01 3.407778e+01
9.999986e-01 -1.430831e-04 -1.664603e-03 5.106553e+00 1.446904e-04 9.999995e-01 9.654372e-04 -9.919599e-01 1.664464e-03 -9.656760e-04 9.999981e-01 3.474579e+01
9.999976e-01 3.869907e-04 -2.151892e-03 5.162258e+00 -3.876888e-04 9.999999e-01 -3.239408e-04 -1.012138e+00 2.151766e-03 3.247736e-04 9.999976e-01 3.537012e+01
9.999974e-01 -1.560291e-04 -2.263915e-03 5.137729e+00 1.583416e-04 9.999995e-01 1.021263e-03 -1.021876e+00 2.263755e-03 -1.021618e-03 9.999969e-01 3.581819e+01
9.999970e-01 3.567863e-04 -2.417393e-03 5.157032e+00 -3.576074e-04 9.999999e-01 -3.391689e-04 -1.030738e+00 2.417271e-03 3.400317e-04 9.999970e-01 3.609232e+01
9.999977e-01 -1.083277e-04 -2.158407e-03 5.164138e+00 1.101753e-04 9.999996e-01 8.558497e-04 -1.038391e+00 2.158314e-03 -8.560848e-04 9.999973e-01 3.611962e+01
9.999958e-01 2.995594e-04 -2.892473e-03 4.879199e+00 -2.999331e-04 9.999999e-01 -1.287178e-04 -1.034324e+00 2.892434e-03 1.295841e-04 9.999958e-01 3.623807e+01
9.999978e-01 -1.189407e-04 -2.094141e-03 4.583628e+00 1.204999e-04 9.999997e-01 7.443834e-04 -1.029354e+00 2.094053e-03 -7.446334e-04 9.999975e-01 3.617662e+01
9.999967e-01 2.864811e-04 -2.560266e-03 4.354766e+00 -2.865957e-04 1.000000e+00 -4.437675e-05 -1.029473e+00 2.560253e-03 4.510966e-05 9.999967e-01 3.648414e+01
9.999984e-01 -1.079707e-04 -1.809588e-03 4.215198e+00 1.092781e-04 9.999997e-01 7.223341e-04 -1.035088e+00 1.809510e-03 -7.225299e-04 9.999981e-01 3.691576e+01
9.999967e-01 3.280865e-04 -2.543096e-03 4.087475e+00 -3.283136e-04 9.999999e-01 -8.886503e-05 -1.042611e+00 2.543066e-03 8.969897e-05 9.999968e-01 3.730632e+01
9.999985e-01 -1.419375e-04 -1.730655e-03 3.916079e+00 1.432832e-04 9.999997e-01 7.773978e-04 -1.047362e+00 1.730544e-03 -7.776439e-04 9.999982e-01 3.777404e+01
9.999967e-01 2.158852e-04 -2.566450e-03 3.700629e+00 -2.158636e-04 1.000000e+00 8.741761e-06 -1.046536e+00 2.566452e-03 -8.188432e-06 9.999967e-01 3.838397e+01
9.999987e-01 -9.307815e-05 -1.634819e-03 3.621035e+00 9.430453e-05 9.999997e-01 7.500191e-04 -1.054146e+00 1.634749e-03 -7.501716e-04 9.999984e-01 3.905912e+01
9.999962e-01 3.631207e-04 -2.744102e-03 3.676241e+00 -3.631601e-04 9.999999e-01 -1.380240e-05 -1.069875e+00 2.744097e-03 1.479820e-05 9.999962e-01 3.969154e+01
9.999987e-01 -5.211125e-05 -1.619760e-03 3.723910e+00 5.322921e-05 9.999998e-01 6.900819e-04 -1.085918e+00 1.619724e-03 -6.901665e-04 9.999985e-01 4.024225e+01
9.999960e-01 2.826784e-04 -2.821312e-03 3.755324e+00 -2.825654e-04 1.000000e+00 4.047813e-05 -1.099078e+00 2.821323e-03 -3.968147e-05 9.999960e-01 4.077813e+01
9.999991e-01 -1.381110e-04 -1.309334e-03 3.829870e+00 1.386785e-04 9.999999e-01 4.332894e-04 -1.111097e+00 1.309274e-03 -4.334699e-04 9.999990e-01 4.090773e+01
9.999952e-01 2.568586e-04 -3.077561e-03 3.702191e+00 -2.559785e-04 9.999999e-01 2.864062e-04 -1.115264e+00 3.077634e-03 -2.856177e-04 9.999952e-01 4.143425e+01
9.999995e-01 -1.496209e-04 -9.716563e-04 3.637707e+00 1.500664e-04 9.999999e-01 4.583244e-04 -1.122698e+00 9.715879e-04 -4.584693e-04 9.999994e-01 4.205315e+01
9.999926e-01 3.362373e-04 -3.827036e-03 3.489881e+00 -3.351878e-04 9.999999e-01 2.748999e-04 -1.124998e+00 3.827128e-03 -2.736158e-04 9.999926e-01 4.228637e+01
9.999996e-01 -1.825240e-04 -9.020448e-04 3.316363e+00 1.827715e-04 9.999999e-01 2.741457e-04 -1.123176e+00 9.019951e-04 -2.743098e-04 9.999996e-01 4.216848e+01
9.999932e-01 3.914673e-04 -3.679131e-03 3.221857e+00 -3.900529e-04 9.999998e-01 3.851889e-04 -1.129302e+00 3.679281e-03 -3.837519e-04 9.999932e-01 4.246896e+01
1.000000e+00 -1.211092e-04 7.027910e-05 3.265053e+00 1.210929e-04 1.000000e+00 2.332299e-04 -1.150808e+00 -7.030702e-05 -2.332207e-04 1.000000e+00 4.339117e+01
9.999952e-01 4.340303e-04 -3.081030e-03 3.356792e+00 -4.327546e-04 9.999998e-01 4.147319e-04 -1.182846e+00 3.081209e-03 -4.133972e-04 9.999952e-01 4.485053e+01
9.999998e-01 -3.379396e-04 4.548565e-04 3.282997e+00 3.377947e-04 9.999999e-01 3.189621e-04 -1.203861e+00 -4.549640e-04 -3.188077e-04 9.999998e-01 4.636338e+01
9.999936e-01 5.298895e-04 -3.537305e-03 3.274200e+00 -5.284609e-04 9.999998e-01 4.048164e-04 -1.226671e+00 3.537519e-03 -4.029452e-04 9.999937e-01 4.773479e+01
9.999999e-01 -1.128501e-04 4.144784e-04 3.411316e+00 1.127508e-04 1.000000e+00 2.399842e-04 -1.261751e+00 -4.145051e-04 -2.399367e-04 9.999999e-01 4.920633e+01
9.999924e-01 7.426170e-04 -3.815688e-03 3.666845e+00 -7.406333e-04 9.999996e-01 5.212852e-04 -1.306254e+00 3.816073e-03 -5.184559e-04 9.999926e-01 5.068774e+01
9.999999e-01 -3.425595e-04 -1.024425e-04 3.763949e+00 3.425818e-04 9.999999e-01 2.154741e-04 -1.333077e+00 1.023690e-04 -2.155085e-04 1.000000e+00 5.183635e+01
9.999911e-01 6.735630e-04 -4.160735e-03 3.812287e+00 -6.709622e-04 9.999996e-01 6.264912e-04 -1.352097e+00 4.161155e-03 -6.236947e-04 9.999911e-01 5.283875e+01
1.000000e+00 -2.728279e-04 -1.259980e-04 3.981005e+00 2.728388e-04 1.000000e+00 8.551342e-05 -1.376864e+00 1.259750e-04 -8.554710e-05 1.000000e+00 5.366134e+01
9.999860e-01 6.388165e-04 -5.249747e-03 4.418921e+00 -6.350697e-04 9.999995e-01 7.153687e-04 -1.398603e+00 5.250201e-03 -7.120255e-04 9.999860e-01 5.393419e+01
9.999995e-01 -6.047873e-04 8.487264e-04 4.709942e+00 6.049979e-04 9.999998e-01 -2.477955e-04 -1.405218e+00 -8.485761e-04 2.483095e-04 9.999996e-01 5.356720e+01
9.999895e-01 5.214808e-04 -4.553435e-03 4.783353e+00 -5.196180e-04 9.999998e-01 4.102927e-04 -1.407396e+00 4.553647e-03 -4.079230e-04 9.999895e-01 5.289882e+01
9.999997e-01 -5.945439e-04 4.429281e-04 4.974134e+00 5.945818e-04 9.999998e-01 -8.515310e-05 -1.411058e+00 -4.428771e-04 8.541713e-05 9.999999e-01 5.245214e+01
9.999865e-01 6.772982e-04 -5.155405e-03 5.340177e+00 -6.740504e-04 9.999996e-01 6.317310e-04 -1.420236e+00 5.155830e-03 -6.282482e-04 9.999865e-01 5.225064e+01
9.999997e-01 -6.326007e-04 5.264319e-04 5.889318e+00 6.326101e-04 9.999998e-01 -1.743970e-05 -1.433800e+00 -5.264205e-04 1.777341e-05 9.999999e-01 5.218240e+01
9.999875e-01 5.941399e-04 -4.954645e-03 6.348521e+00 -5.913714e-04 9.999997e-01 5.602469e-04 -1.444374e+00 4.954976e-03 -5.573106e-04 9.999876e-01 5.195749e+01
9.999998e-01 -6.143957e-04 -9.016248e-05 6.955495e+00 6.144146e-04 9.999998e-01 2.074822e-04 -1.458933e+00 9.003529e-05 -2.075368e-04 1.000000e+00 5.184078e+01
9.999909e-01 6.177332e-04 -4.217690e-03 7.378307e+00 -6.164409e-04 9.999998e-01 3.077520e-04 -1.471583e+00 4.217879e-03 -3.051500e-04 9.999911e-01 5.169223e+01
9.999998e-01 -5.140588e-04 -1.904991e-04 7.855100e+00 5.141166e-04 9.999998e-01 3.025276e-04 -1.488544e+00 1.903438e-04 -3.026248e-04 9.999999e-01 5.172013e+01
9.999891e-01 4.033457e-04 -4.648359e-03 8.482356e+00 -4.014402e-04 9.999998e-01 4.109057e-04 -1.499917e+00 4.648524e-03 -4.090359e-04 9.999891e-01 5.149762e+01
1.000000e+00 -9.938967e-05 1.505304e-04 8.827645e+00 9.936735e-05 1.000000e+00 1.494433e-04 -1.519751e+00 -1.505449e-04 -1.494277e-04 1.000000e+00 5.168639e+01
9.999903e-01 2.214290e-04 -4.405442e-03 9.081482e+00 -2.192678e-04 9.999999e-01 4.910838e-04 -1.538967e+00 4.405550e-03 -4.901138e-04 9.999902e-01 5.184660e+01
9.999999e-01 -4.722513e-04 1.758806e-04 9.591121e+00 4.722355e-04 9.999999e-01 9.081664e-05 -1.543948e+00 -1.759232e-04 -9.073288e-05 1.000000e+00 5.137083e+01
9.999886e-01 3.089653e-04 -4.759555e-03 1.023990e+01 -3.063352e-04 9.999998e-01 5.533590e-04 -1.557446e+00 4.759725e-03 -5.518953e-04 9.999885e-01 5.114142e+01
9.999997e-01 -5.758735e-04 -4.829300e-04 1.109272e+01 5.760086e-04 9.999998e-01 2.792575e-04 -1.570698e+00 4.827694e-04 -2.795349e-04 9.999998e-01 5.083401e+01
9.999929e-01 3.037329e-04 -3.751851e-03 1.149761e+01 -3.030261e-04 9.999999e-01 1.889947e-04 -1.571262e+00 3.751907e-03 -1.878571e-04 9.999929e-01 5.024083e+01
9.999995e-01 -7.188532e-04 6.256215e-04 1.170089e+01 7.189285e-04 9.999997e-01 -1.197870e-04 -1.570079e+00 -6.255349e-04 1.202375e-04 9.999998e-01 4.940799e+01
9.999943e-01 2.666277e-04 -3.370274e-03 1.190841e+01 -2.663501e-04 1.000000e+00 8.287522e-05 -1.567318e+00 3.370296e-03 -8.197777e-05 9.999943e-01 4.847967e+01
9.999981e-01 -5.767575e-04 -1.845052e-03 1.282078e+01 5.780353e-04 9.999996e-01 6.919938e-04 -1.578813e+00 1.844652e-03 -6.930583e-04 9.999981e-01 4.812302e+01
9.999955e-01 1.965405e-05 -3.007756e-03 1.382749e+01 -1.955574e-05 1.000000e+00 3.277651e-05 -1.582677e+00 3.007756e-03 -3.271823e-05 9.999955e-01 4.752628e+01
9.999996e-01 -7.352411e-04 4.099864e-04 1.426952e+01 7.352066e-04 9.999997e-01 8.478264e-05 -1.575438e+00 -4.100483e-04 -8.448049e-05 9.999999e-01 4.643443e+01
9.999946e-01 -4.957405e-06 -3.281567e-03 1.480748e+01 5.186016e-06 1.000000e+00 6.971338e-05 -1.569754e+00 3.281566e-03 -6.973072e-05 9.999946e-01 4.547537e+01
9.999993e-01 -3.510095e-04 1.119050e-03 1.488441e+01 3.514769e-04 9.999999e-01 -4.173757e-04 -1.564541e+00 -1.118903e-03 4.177695e-04 9.999993e-01 4.423854e+01
9.999770e-01 1.751607e-04 -6.779994e-03 1.606753e+01 -1.673603e-04 9.999993e-01 1.151079e-03 -1.581741e+00 6.780191e-03 -1.149918e-03 9.999764e-01 4.392872e+01
9.999942e-01 -6.867137e-04 3.340760e-03 1.658161e+01 6.895171e-04 9.999994e-01 -8.380112e-04 -1.576032e+00 -3.340183e-03 8.403105e-04 9.999941e-01 4.301680e+01
9.999840e-01 -9.853760e-05 -5.653658e-03 1.706584e+01 1.031017e-04 9.999997e-01 8.070331e-04 -1.566958e+00 5.653576e-03 -8.076038e-04 9.999837e-01 4.183556e+01
9.999993e-01 -5.749283e-04 1.066425e-03 1.820284e+01 5.751661e-04 9.999998e-01 -2.225408e-04 -1.566115e+00 -1.066297e-03 2.231547e-04 9.999994e-01 4.110880e+01
9.999912e-01 5.878700e-05 -4.190974e-03 1.862978e+01 -5.723662e-05 9.999999e-01 3.700988e-04 -1.559486e+00 4.190995e-03 -3.698563e-04 9.999911e-01 4.010585e+01
9.999993e-01 -3.566246e-04 1.159879e-03 1.917256e+01 3.568345e-04 9.999999e-01 -1.806024e-04 -1.572742e+00 -1.159814e-03 1.810169e-04 9.999993e-01 3.989721e+01
9.999900e-01 2.237225e-04 -4.457481e-03 1.967631e+01 -2.206312e-04 9.999997e-01 6.940355e-04 -1.594333e+00 4.457634e-03 -6.930458e-04 9.999898e-01 4.002638e+01
9.999969e-01 -6.518930e-04 2.409675e-03 1.979027e+01 6.543872e-04 9.999993e-01 -1.034339e-03 -1.588110e+00 -2.408999e-03 1.035914e-03 9.999966e-01 3.874613e+01
9.999878e-01 -4.817966e-05 -4.935406e-03 2.019197e+01 5.339025e-05 9.999994e-01 1.055670e-03 -1.582181e+00 4.935352e-03 -1.055921e-03 9.999873e-01 3.773972e+01
9.999990e-01 -5.869700e-04 1.302221e-03 2.095326e+01 5.878108e-04 9.999996e-01 -6.451961e-04 -1.581117e+00 -1.301842e-03 6.459616e-04 9.999989e-01 3.699486e+01
9.999837e-01 -1.199384e-04 -5.704216e-03 2.204652e+01 1.273088e-04 9.999992e-01 1.291793e-03 -1.585947e+00 5.704056e-03 -1.292499e-03 9.999829e-01 3.636795e+01
9.999989e-01 -5.585810e-04 1.406646e-03 2.312911e+01 5.595434e-04 9.999996e-01 -6.837690e-04 -1.586600e+00 -1.406263e-03 6.845560e-04 9.999988e-01 3.564830e+01
9.999920e-01 -1.102377e-04 -3.996823e-03 2.362325e+01 1.135653e-04 9.999996e-01 8.323953e-04 -1.578972e+00 3.996730e-03 -8.328432e-04 9.999917e-01 3.459798e+01
9.999973e-01 -5.925442e-04 2.265807e-03 2.390604e+01 5.949390e-04 9.999993e-01 -1.056341e-03 -1.570984e+00 -2.265179e-03 1.057687e-03 9.999969e-01 3.334156e+01
9.999876e-01 -4.523654e-04 -4.968449e-03 2.453101e+01 4.588054e-04 9.999991e-01 1.295143e-03 -1.562223e+00 4.967858e-03 -1.297407e-03 9.999868e-01 3.223469e+01
9.999999e-01 -2.871166e-04 2.022095e-04 2.588602e+01 2.872504e-04 9.999997e-01 -6.610826e-04 -1.562036e+00 -2.020194e-04 6.611414e-04 9.999998e-01 3.144366e+01
9.999901e-01 -4.277993e-04 -4.421827e-03 2.696195e+01 4.333599e-04 9.999991e-01 1.256693e-03 -1.563134e+00 4.421285e-03 -1.258597e-03 9.999894e-01 3.073936e+01
9.999999e-01 -1.622878e-04 -5.132986e-04 2.829559e+01 1.620158e-04 9.999998e-01 -5.303670e-04 -1.573553e+00 5.133849e-04 5.302845e-04 9.999997e-01 3.016527e+01
9.999978e-01 -4.752831e-04 -2.045116e-03 2.879293e+01 4.765021e-04 9.999997e-01 5.957105e-04 -1.564499e+00 2.044832e-03 -5.966843e-04 9.999977e-01 2.903048e+01
9.999999e-01 -1.024839e-04 -4.875284e-04 2.919116e+01 1.021830e-04 9.999998e-01 -6.175979e-04 -1.557306e+00 4.875919e-04 6.175487e-04 9.999997e-01 2.798512e+01
9.999992e-01 -5.094638e-04 -1.198517e-03 2.936716e+01 5.097827e-04 9.999998e-01 2.659738e-04 -1.549223e+00 1.198381e-03 -2.665853e-04 9.999992e-01 2.661320e+01
9.999975e-01 -1.425735e-03 -1.746209e-03 3.088885e+01 1.425720e-03 9.999990e-01 -9.927265e-06 -1.523073e+00 1.746222e-03 7.438316e-06 9.999985e-01 2.486025e+01
9.999991e-01 4.233464e-04 -1.247445e-03 3.202298e+01 -4.229404e-04 9.999999e-01 3.259223e-04 -1.506382e+00 1.247582e-03 -3.253951e-04 9.999992e-01 2.350174e+01
9.999981e-01 -7.118157e-04 -1.835891e-03 3.210228e+01 7.111167e-04 9.999997e-01 -3.814557e-04 -1.505288e+00 1.836162e-03 3.801501e-04 9.999982e-01 2.254841e+01
9.999959e-01 6.953920e-04 -2.787373e-03 3.230038e+01 -6.931958e-04 9.999994e-01 7.888496e-04 -1.512959e+00 2.787920e-03 -7.869149e-04 9.999958e-01 2.230209e+01
9.999959e-01 -9.713462e-04 -2.685063e-03 3.300925e+01 9.714462e-04 9.999995e-01 3.586102e-05 -1.521585e+00 2.685027e-03 -3.846859e-05 9.999964e-01 2.199899e+01
9.999981e-01 3.130823e-04 -1.929174e-03 3.395109e+01 -3.120413e-04 9.999998e-01 5.400143e-04 -1.518467e+00 1.929342e-03 -5.394120e-04 9.999980e-01 2.130109e+01
9.999984e-01 -1.097891e-03 -1.426275e-03 3.474185e+01 1.097625e-03 9.999994e-01 -1.873979e-04 -1.513360e+00 1.426480e-03 1.858327e-04 9.999990e-01 2.039123e+01
9.999986e-01 1.223612e-04 -1.676672e-03 3.566954e+01 -1.213262e-04 9.999998e-01 6.175315e-04 -1.505678e+00 1.676747e-03 -6.173279e-04 9.999984e-01 1.934371e+01
9.999988e-01 -7.351558e-04 -1.353186e-03 3.652288e+01 7.345015e-04 9.999996e-01 -4.841712e-04 -1.501300e+00 1.353541e-03 4.831774e-04 9.999990e-01 1.841061e+01
9.999990e-01 2.447841e-04 -1.362476e-03 3.684877e+01 -2.438486e-04 9.999997e-01 6.868436e-04 -1.502694e+00 1.362643e-03 -6.865114e-04 9.999988e-01 1.760852e+01
9.999996e-01 -9.233160e-04 -2.324296e-05 3.699042e+01 9.232870e-04 9.999988e-01 -1.225174e-03 -1.493321e+00 2.437446e-05 1.225153e-03 9.999992e-01 1.607538e+01
9.999978e-01 4.774442e-04 -2.050302e-03 3.704836e+01 -4.756750e-04 9.999995e-01 8.634217e-04 -1.487294e+00 2.050713e-03 -8.624452e-04 9.999975e-01 1.472006e+01
9.999995e-01 -9.392772e-04 2.301394e-04 3.707027e+01 9.395755e-04 9.999987e-01 -1.298431e-03 -1.479839e+00 -2.289192e-04 1.298648e-03 9.999991e-01 1.319339e+01
9.999987e-01 1.641497e-04 -1.593840e-03 3.727160e+01 -1.628123e-04 9.999996e-01 8.393272e-04 -1.470606e+00 1.593977e-03 -8.390673e-04 9.999984e-01 1.170212e+01
9.999984e-01 -1.019649e-03 -1.473059e-03 3.808746e+01 1.018907e-03 9.999994e-01 -5.046028e-04 -1.461760e+00 1.473573e-03 5.031018e-04 9.999988e-01 1.061953e+01
9.999999e-01 2.411341e-04 -2.429912e-04 3.841087e+01 -2.410555e-04 9.999999e-01 3.243834e-04 -1.452137e+00 2.430691e-04 -3.243255e-04 9.999999e-01 9.260357e+00
9.999987e-01 -8.145502e-04 -1.388751e-03 3.855165e+01 8.134095e-04 9.999993e-01 -8.219386e-04 -1.443726e+00 1.389420e-03 8.208086e-04 9.999987e-01 7.834807e+00
9.999994e-01 2.625131e-04 -1.033265e-03 3.874582e+01 -2.619157e-04 9.999998e-01 5.784415e-04 -1.438130e+00 1.033417e-03 -5.781712e-04 9.999993e-01 6.627841e+00
9.999988e-01 -6.951135e-04 -1.369278e-03 3.886145e+01 6.940886e-04 9.999995e-01 -7.490411e-04 -1.433826e+00 1.369798e-03 7.480904e-04 9.999988e-01 5.462937e+00
9.999983e-01 5.499540e-04 -1.758902e-03 3.888221e+01 -5.488032e-04 9.999996e-01 6.547890e-04 -1.432809e+00 1.759262e-03 -6.538233e-04 9.999982e-01 4.445380e+00
9.999994e-01 -7.178397e-04 -8.276950e-04 3.876697e+01 7.169879e-04 9.999992e-01 -1.029266e-03 -1.427550e+00 8.284335e-04 1.028673e-03 9.999991e-01 2.994535e+00
9.999995e-01 3.243742e-04 -9.581900e-04 3.866948e+01 -3.239205e-04 9.999998e-01 4.738469e-04 -1.417343e+00 9.583433e-04 -4.735369e-04 9.999994e-01 1.134519e+00
9.999996e-01 -8.071268e-04 2.821395e-04 3.862596e+01 8.075206e-04 9.999987e-01 -1.397645e-03 -1.403633e+00 -2.810108e-04 1.397873e-03 9.999990e-01 -9.097359e-01
9.999983e-01 3.638640e-04 -1.803783e-03 3.867592e+01 -3.624162e-04 9.999996e-01 8.030390e-04 -1.394621e+00 1.804074e-03 -8.023846e-04 9.999981e-01 -2.456108e+00
9.999994e-01 -1.072835e-03 -9.864147e-05 3.892066e+01 1.072727e-03 9.999988e-01 -1.091265e-03 -1.386170e+00 9.981239e-05 1.091159e-03 9.999994e-01 -3.817551e+00
9.999985e-01 6.785342e-04 -1.598205e-03 3.886257e+01 -6.778181e-04 9.999997e-01 4.487013e-04 -1.377045e+00 1.598509e-03 -4.476180e-04 9.999986e-01 -5.453792e+00
9.999989e-01 -8.057149e-04 -1.252384e-03 3.871561e+01 8.047444e-04 9.999994e-01 -7.754539e-04 -1.371601e+00 1.253009e-03 7.744458e-04 9.999989e-01 -6.806935e+00
9.999992e-01 5.009274e-04 -1.120613e-03 3.878093e+01 -5.004604e-04 9.999998e-01 4.171462e-04 -1.367611e+00 1.120821e-03 -4.165857e-04 9.999993e-01 -7.944204e+00
9.999958e-01 -4.338127e-04 -2.874128e-03 3.839858e+01 4.326220e-04 9.999998e-01 -4.149546e-04 -1.360527e+00 2.874308e-03 4.137101e-04 9.999958e-01 -9.108993e+00
9.999999e-01 3.677632e-04 1.956006e-05 3.812992e+01 -3.677635e-04 9.999999e-01 5.325214e-07 -1.354000e+00 -1.956015e-05 -5.403854e-07 1.000000e+00 -1.064445e+01
9.999961e-01 -5.284406e-04 -2.741721e-03 3.802311e+01 5.273987e-04 9.999998e-01 -3.808204e-04 -1.348920e+00 2.741922e-03 3.793736e-04 9.999962e-01 -1.192469e+01
9.999997e-01 4.989445e-04 -6.181018e-04 3.779091e+01 -4.988263e-04 9.999999e-01 1.917813e-04 -1.342055e+00 6.181971e-04 -1.914736e-04 9.999998e-01 -1.312450e+01
9.999979e-01 -9.322150e-04 -1.821874e-03 3.792563e+01 9.314779e-04 9.999995e-01 -4.055056e-04 -1.337381e+00 1.822251e-03 4.038084e-04 9.999983e-01 -1.425434e+01
9.999998e-01 4.895954e-04 -3.562829e-04 3.807352e+01 -4.895317e-04 9.999999e-01 1.794987e-04 -1.331272e+00 3.563705e-04 -1.793250e-04 9.999999e-01 -1.549022e+01
9.999986e-01 -9.806990e-04 -1.367204e-03 3.818862e+01 9.798025e-04 9.999993e-01 -6.563770e-04 -1.322544e+00 1.367847e-03 6.550371e-04 9.999988e-01 -1.694053e+01
9.999996e-01 6.632004e-04 -6.412380e-04 3.824025e+01 -6.630258e-04 9.999997e-01 2.728165e-04 -1.315706e+00 6.414185e-04 -2.723919e-04 9.999998e-01 -1.829319e+01
9.999978e-01 -1.234534e-03 -1.697261e-03 3.841089e+01 1.233823e-03 9.999992e-01 -4.200540e-04 -1.310170e+00 1.697778e-03 4.179596e-04 9.999985e-01 -1.949970e+01
9.999978e-01 7.390647e-04 -1.982732e-03 3.912401e+01 -7.375466e-04 9.999994e-01 7.664210e-04 -1.309390e+00 1.983297e-03 -7.649576e-04 9.999977e-01 -2.023817e+01
9.999988e-01 -1.423491e-03 -6.458034e-04 3.958899e+01 1.423048e-03 9.999988e-01 -6.863329e-04 -1.301838e+00 6.467799e-04 6.854138e-04 9.999996e-01 -2.129972e+01
9.999973e-01 9.175934e-04 -2.156554e-03 4.007011e+01 -9.159850e-04 9.999993e-01 7.467977e-04 -1.295049e+00 2.157237e-03 -7.448209e-04 9.999974e-01 -2.226292e+01
9.999991e-01 -1.182124e-03 -5.765496e-04 4.022166e+01 1.181618e-03 9.999989e-01 -8.761565e-04 -1.292474e+00 5.775850e-04 8.754751e-04 9.999994e-01 -2.320079e+01
9.999935e-01 1.185489e-03 -3.394344e-03 4.014704e+01 -1.181940e-03 9.999988e-01 1.047522e-03 -1.292683e+00 3.395581e-03 -1.043504e-03 9.999937e-01 -2.401843e+01
9.999991e-01 -1.273704e-03 4.128320e-04 4.006550e+01 1.274200e-03 9.999985e-01 -1.201506e-03 -1.289769e+00 -4.113007e-04 1.202032e-03 9.999992e-01 -2.522768e+01
9.999934e-01 1.178021e-03 -3.450120e-03 4.013843e+01 -1.174512e-03 9.999988e-01 1.019228e-03 -1.289643e+00 3.451317e-03 -1.015170e-03 9.999935e-01 -2.603653e+01
9.999973e-01 -1.223471e-03 -1.969467e-03 4.018822e+01 1.222805e-03 9.999992e-01 -3.393343e-04 -1.289443e+00 1.969880e-03 3.369258e-04 9.999980e-01 -2.630088e+01
9.999962e-01 1.169037e-03 -2.506734e-03 4.074052e+01 -1.167050e-03 9.999990e-01 7.938353e-04 -1.295261e+00 2.507659e-03 -7.909075e-04 9.999965e-01 -2.661344e+01
9.999993e-01 -2.321461e-04 -1.137909e-03 4.135792e+01 2.319015e-04 9.999999e-01 -2.153007e-04 -1.365879e+00 1.137959e-03 2.150373e-04 9.999993e-01 -2.441014e+01
9.999988e-01 8.034709e-04 -1.336584e-03 4.192035e+01 -8.020264e-04 9.999991e-01 1.081142e-03 -1.444632e+00 1.337451e-03 -1.080069e-03 9.999985e-01 -2.209223e+01
9.999944e-01 -9.269255e-04 -3.227973e-03 4.201801e+01 9.250656e-04 9.999994e-01 -5.777054e-04 -1.448293e+00 3.228507e-03 5.747167e-04 9.999946e-01 -2.264823e+01
9.999997e-01 4.000828e-04 6.882319e-04 4.218324e+01 -4.003798e-04 9.999998e-01 4.311379e-04 -1.444247e+00 -6.880596e-04 -4.314140e-04 9.999997e-01 -2.375902e+01
9.999933e-01 -8.041437e-04 -3.569671e-03 4.240179e+01 8.022752e-04 9.999995e-01 -5.249176e-04 -1.441071e+00 3.570092e-03 5.220509e-04 9.999935e-01 -2.473139e+01
9.999996e-01 5.532784e-04 7.153005e-04 4.253032e+01 -5.535559e-04 9.999998e-01 3.874845e-04 -1.438013e+00 -7.150862e-04 -3.878810e-04 9.999997e-01 -2.574594e+01
9.999957e-01 -1.021306e-03 -2.743759e-03 4.262805e+01 1.019013e-03 9.999991e-01 -8.370651e-04 -1.431454e+00 2.744612e-03 8.342663e-04 9.999959e-01 -2.706239e+01
9.999999e-01 3.630982e-04 3.583344e-04 4.293366e+01 -3.633218e-04 9.999997e-01 6.234054e-04 -1.422533e+00 -3.581082e-04 -6.235362e-04 9.999997e-01 -2.836823e+01
9.999959e-01 -8.416072e-04 -2.749332e-03 4.345599e+01 8.396329e-04 9.999994e-01 -7.192787e-04 -1.421029e+00 2.749936e-03 7.169680e-04 9.999960e-01 -2.916035e+01
9.999999e-01 1.882478e-04 -2.848572e-04 4.389798e+01 -1.880036e-04 9.999996e-01 8.579925e-04 -1.418268e+00 2.850183e-04 -8.579396e-04 9.999996e-01 -2.999372e+01
9.999933e-01 -3.128269e-04 -3.656624e-03 4.448886e+01 3.110082e-04 9.999998e-01 -4.980017e-04 -1.431287e+00 3.656779e-03 4.968617e-04 9.999932e-01 -3.016069e+01
9.999998e-01 3.015506e-05 -7.046042e-04 4.530003e+01 -2.942203e-05 9.999995e-01 1.040705e-03 -1.450057e+00 7.046349e-04 -1.040685e-03 9.999992e-01 -3.034848e+01
9.999943e-01 4.351594e-04 -3.345586e-03 4.553534e+01 -4.366715e-04 9.999998e-01 -4.513464e-04 -1.486146e+00 3.345389e-03 4.528054e-04 9.999943e-01 -2.947955e+01
1.000000e+00 -1.015975e-04 -1.538228e-05 4.576006e+01 1.016135e-04 9.999994e-01 1.062856e-03 -1.525210e+00 1.527402e-05 -1.062858e-03 9.999994e-01 -2.809774e+01
9.999932e-01 -1.562933e-04 -3.674098e-03 4.607759e+01 1.544591e-04 9.999999e-01 -4.995672e-04 -1.530636e+00 3.674176e-03 4.989969e-04 9.999931e-01 -2.810435e+01
9.999994e-01 -5.049894e-06 1.104892e-03 4.593765e+01 4.900468e-06 1.000000e+00 1.350018e-04 -1.522602e+00 -1.104893e-03 -1.349970e-04 9.999994e-01 -2.953307e+01
9.999940e-01 -7.726146e-04 -3.365504e-03 4.636079e+01 7.715473e-04 9.999997e-01 -3.185174e-04 -1.514363e+00 3.365749e-03 3.159195e-04 9.999943e-01 -3.067662e+01
9.999991e-01 2.186800e-04 -1.341495e-03 4.753232e+01 -2.175500e-04 9.999996e-01 8.425754e-04 -1.516854e+00 1.341679e-03 -8.422835e-04 9.999987e-01 -3.132238e+01
9.999966e-01 -9.354644e-04 -2.419044e-03 4.837515e+01 9.345670e-04 9.999995e-01 -3.721978e-04 -1.514904e+00 2.419391e-03 3.699365e-04 9.999970e-01 -3.205826e+01
9.999983e-01 1.869121e-04 -1.849478e-03 4.939364e+01 -1.852351e-04 9.999996e-01 9.070368e-04 -1.507351e+00 1.849646e-03 -9.066933e-04 9.999979e-01 -3.297194e+01
9.999997e-01 -7.353260e-04 3.227259e-04 4.953654e+01 7.357989e-04 9.999987e-01 -1.466788e-03 -1.498030e+00 -3.216466e-04 1.467025e-03 9.999989e-01 -3.444700e+01
9.999982e-01 3.006267e-04 -1.880732e-03 4.956192e+01 -2.989090e-04 9.999995e-01 9.136523e-04 -1.489387e+00 1.881005e-03 -9.130891e-04 9.999978e-01 -3.602360e+01
9.999990e-01 -8.978539e-04 -1.059832e-03 5.018107e+01 8.969686e-04 9.999992e-01 -8.357486e-04 -1.484089e+00 1.060582e-03 8.347978e-04 9.999991e-01 -3.691869e+01
9.999984e-01 1.832252e-04 -1.768169e-03 5.074066e+01 -1.815967e-04 9.999996e-01 9.212718e-04 -1.475032e+00 1.768337e-03 -9.209499e-04 9.999980e-01 -3.803006e+01
9.999968e-01 1.558059e-06 -2.539585e-03 5.156032e+01 -3.433190e-06 9.999997e-01 -7.384651e-04 -1.491131e+00 2.539583e-03 7.384721e-04 9.999965e-01 -3.816571e+01
9.999997e-01 1.996218e-06 -7.272142e-04 5.198476e+01 -1.015661e-06 9.999991e-01 1.348751e-03 -1.510699e+00 7.272160e-04 -1.348750e-03 9.999988e-01 -3.742950e+01
9.999977e-01 2.171891e-04 -2.118081e-03 5.208610e+01 -2.189606e-04 9.999996e-01 -8.362975e-04 -1.545141e+00 2.117899e-03 8.367601e-04 9.999974e-01 -3.590125e+01
9.999999e-01 -6.097453e-05 -3.725730e-04 5.205084e+01 6.155778e-05 9.999988e-01 1.566414e-03 -1.574585e+00 3.724768e-04 -1.566438e-03 9.999987e-01 -3.422405e+01
9.999889e-01 1.948233e-04 -4.713963e-03 5.129376e+01 -1.997912e-04 9.999994e-01 -1.053483e-03 -1.553598e+00 4.713755e-03 1.054414e-03 9.999883e-01 -3.479460e+01
9.999993e-01 -3.396552e-04 1.114752e-03 5.105518e+01 3.386774e-04 9.999996e-01 8.769771e-04 -1.546314e+00 -1.115050e-03 -8.765996e-04 9.999990e-01 -3.606810e+01
9.999784e-01 1.355740e-04 -6.573631e-03 5.235391e+01 -1.374000e-04 1.000000e+00 -2.773712e-04 -1.567855e+00 6.573593e-03 2.782691e-04 9.999784e-01 -3.635033e+01
1.000000e+00 5.844565e-05 -1.941765e-04 5.408718e+01 -5.823497e-05 9.999994e-01 1.086298e-03 -1.617969e+00 1.942396e-04 -1.086287e-03 9.999994e-01 -3.613789e+01
9.999782e-01 1.471023e-04 -6.604974e-03 5.582835e+01 -1.490124e-04 9.999999e-01 -2.887354e-04 -1.663745e+00 6.604931e-03 2.897140e-04 9.999781e-01 -3.594682e+01
9.999964e-01 6.782797e-04 2.605871e-03 5.632340e+01 -6.805623e-04 9.999994e-01 8.750370e-04 -1.722595e+00 -2.605276e-03 -8.768080e-04 9.999962e-01 -3.423129e+01
9.999795e-01 -1.492585e-04 -6.408038e-03 5.708840e+01 1.490698e-04 1.000000e+00 -2.997380e-05 -1.802009e+00 6.408042e-03 2.901858e-05 9.999795e-01 -3.242729e+01
9.999998e-01 6.351377e-05 5.803204e-04 5.851830e+01 -6.395006e-05 9.999997e-01 7.513078e-04 -1.830115e+00 -5.802728e-04 -7.513454e-04 9.999995e-01 -3.256357e+01
9.999844e-01 -5.147525e-04 -5.558884e-03 5.934834e+01 5.145230e-04 9.999999e-01 -4.276289e-05 -1.830663e+00 5.558906e-03 3.990270e-05 9.999845e-01 -3.309426e+01
9.999997e-01 5.228244e-04 6.401454e-04 6.017915e+01 -5.231650e-04 9.999997e-01 5.315225e-04 -1.843165e+00 -6.398676e-04 -5.318578e-04 9.999997e-01 -3.334797e+01
9.999872e-01 -6.361502e-04 -5.028660e-03 6.076197e+01 6.355808e-04 9.999998e-01 -1.148856e-04 -1.849342e+00 5.028732e-03 1.116887e-04 9.999873e-01 -3.362261e+01
9.999998e-01 4.858967e-04 -3.421293e-04 6.200093e+01 -4.856418e-04 9.999996e-01 7.456848e-04 -1.882359e+00 3.424912e-04 -7.455192e-04 9.999997e-01 -3.350078e+01
9.999887e-01 -5.704268e-04 -4.719867e-03 6.321785e+01 5.696680e-04 9.999998e-01 -1.621746e-04 -1.912013e+00 4.719958e-03 1.594847e-04 9.999888e-01 -3.347132e+01
9.999999e-01 3.488867e-04 1.974274e-04 6.408229e+01 -3.490341e-04 9.999997e-01 7.454780e-04 -1.928018e+00 -1.971675e-04 -7.455475e-04 9.999997e-01 -3.368578e+01
9.999937e-01 -7.940611e-04 -3.470691e-03 6.456875e+01 7.920838e-04 9.999995e-01 -5.711106e-04 -1.931872e+00 3.471143e-03 5.683586e-04 9.999938e-01 -3.426294e+01
9.999982e-01 7.897101e-04 -1.724976e-03 6.558434e+01 -7.876568e-04 9.999990e-01 1.190868e-03 -1.956786e+00 1.725915e-03 -1.189508e-03 9.999978e-01 -3.429435e+01
9.999939e-01 -9.040299e-04 -3.365799e-03 6.658314e+01 9.020521e-04 9.999994e-01 -5.891875e-04 -1.978176e+00 3.366330e-03 5.861484e-04 9.999942e-01 -3.440012e+01
9.999971e-01 1.343974e-03 -2.012668e-03 6.763537e+01 -1.341480e-03 9.999983e-01 1.240174e-03 -2.020373e+00 2.014331e-03 -1.237471e-03 9.999972e-01 -3.392914e+01
9.999949e-01 -6.813813e-04 -3.135651e-03 6.896724e+01 6.799122e-04 9.999997e-01 -4.696306e-04 -2.094676e+00 3.135970e-03 4.674969e-04 9.999950e-01 -3.257082e+01
9.999965e-01 1.404583e-03 -2.228929e-03 7.055611e+01 -1.401626e-03 9.999981e-01 1.327694e-03 -2.185102e+00 2.230789e-03 -1.324566e-03 9.999966e-01 -3.073354e+01
9.999686e-01 -2.270858e-03 -7.588622e-03 7.406502e+01 2.269604e-03 9.999974e-01 -1.738405e-04 -2.246968e+00 7.588997e-03 1.566125e-04 9.999712e-01 -3.090976e+01
9.999976e-01 2.038741e-03 -8.574035e-04 7.710395e+01 -2.037906e-03 9.999974e-01 9.736537e-04 -2.293295e+00 8.593861e-04 -9.719046e-04 9.999992e-01 -3.123636e+01
9.999893e-01 -1.487218e-03 -4.379854e-03 7.847067e+01 1.486711e-03 9.999989e-01 -1.189648e-04 -2.358692e+00 4.380027e-03 1.124526e-04 9.999904e-01 -3.007822e+01
9.999939e-01 1.791387e-03 -2.994393e-03 8.036010e+01 -1.788237e-03 9.999978e-01 1.054402e-03 -2.420724e+00 2.996275e-03 -1.049042e-03 9.999950e-01 -2.948205e+01
9.999799e-01 -1.588617e-03 -6.141757e-03 8.349729e+01 1.587970e-03 9.999987e-01 -1.101787e-04 -2.490781e+00 6.141924e-03 1.004242e-04 9.999811e-01 -2.917388e+01
9.999984e-01 1.714332e-03 -4.435869e-04 8.514328e+01 -1.713888e-03 9.999980e-01 1.000410e-03 -2.527803e+00 4.453009e-04 -9.996489e-04 9.999994e-01 -2.909652e+01
9.999871e-01 -1.828151e-03 -4.747240e-03 8.609874e+01 1.826359e-03 9.999983e-01 -3.817124e-04 -2.544707e+00 4.747929e-03 3.730380e-04 9.999887e-01 -2.937348e+01
9.999980e-01 1.980052e-03 1.125942e-04 8.682722e+01 -1.980159e-03 9.999976e-01 9.550933e-04 -2.570114e+00 -1.107031e-04 -9.553150e-04 9.999995e-01 -2.912747e+01
9.999862e-01 -2.059177e-03 -4.823767e-03 8.775713e+01 2.058088e-03 9.999979e-01 -2.307647e-04 -2.592506e+00 4.824232e-03 2.208345e-04 9.999883e-01 -2.918525e+01
9.999983e-01 1.820116e-03 -1.334969e-04 8.842070e+01 -1.820005e-03 9.999980e-01 8.254045e-04 -2.592651e+00 1.349988e-04 -8.251608e-04 9.999997e-01 -2.975048e+01
9.999929e-01 -1.944792e-03 -3.241330e-03 8.849331e+01 1.941819e-03 9.999977e-01 -9.201641e-04 -2.592438e+00 3.243112e-03 9.138641e-04 9.999943e-01 -3.052492e+01
9.999984e-01 1.799472e-03 2.101408e-04 8.867650e+01 -1.799684e-03 9.999979e-01 1.011217e-03 -2.593575e+00 -2.083209e-04 -1.011594e-03 9.999995e-01 -3.100516e+01
9.999935e-01 -1.868905e-03 -3.069321e-03 8.887123e+01 1.866849e-03 9.999980e-01 -6.725651e-04 -2.604399e+00 3.070573e-03 6.668314e-04 9.999951e-01 -3.064198e+01
9.999973e-01 2.147009e-03 -9.038651e-04 8.949774e+01 -2.145943e-03 9.999970e-01 1.178168e-03 -2.632774e+00 9.063917e-04 -1.176226e-03 9.999989e-01 -3.012250e+01
9.999926e-01 -2.102755e-03 -3.229114e-03 9.039325e+01 2.100576e-03 9.999976e-01 -6.780335e-04 -2.658965e+00 3.230532e-03 6.712461e-04 9.999946e-01 -2.993877e+01
9.999983e-01 1.845560e-03 2.670859e-04 9.069099e+01 -1.845813e-03 9.999978e-01 9.499647e-04 -2.664638e+00 -2.653323e-04 -9.504567e-04 9.999995e-01 -3.010315e+01
