9.999880e-01 -2.942039e-05 -4.895196e-03 -1.456558e-01 3.406998e-05 9.999995e-01 9.497509e-04 3.636191e-03 4.895166e-03 -9.499070e-04 9.999876e-01 4.837254e-01
9.999998e-01 1.889793e-04 -5.425877e-04 -1.986860e-01 -1.890734e-04 1.000000e+00 -1.732928e-04 5.336495e-03 5.425553e-04 1.733960e-04 9.999998e-01 5.212716e-01
9.999850e-01 -1.838833e-04 -5.469508e-03 -1.471703e-01 1.898454e-04 9.999994e-01 1.089568e-03 4.205196e-03 5.469304e-03 -1.090591e-03 9.999844e-01 6.012777e-01
9.999992e-01 3.334011e-04 1.232575e-03 -2.159914e-01 -3.331094e-04 9.999999e-01 -2.368527e-04 -5.901747e-03 -1.232653e-03 2.364426e-04 9.999992e-01 1.410995e+00
9.999840e-01 -4.711176e-04 -5.629867e-03 -5.458014e-01 4.779023e-04 9.999992e-01 1.203846e-03 3.060387e-03 5.629295e-03 -1.206518e-03 9.999834e-01 2.297543e+00
9.999998e-01 4.727415e-04 4.557572e-04 -1.004296e+00 -4.725658e-04 9.999998e-01 -3.855390e-04 1.830858e-02 -4.559390e-04 3.853243e-04 9.999998e-01 2.585017e+00
9.999857e-01 -4.182432e-04 -5.334615e-03 -1.374671e+00 4.242738e-04 9.999993e-01 1.129390e-03 2.639726e-02 5.334138e-03 -1.131638e-03 9.999851e-01 2.907562e+00
9.999998e-01 5.709988e-04 5.648028e-05 -1.710874e+00 -5.709729e-04 9.999997e-01 -4.571297e-04 3.290969e-02 -5.674095e-05 4.570981e-04 9.999999e-01 2.813820e+00
9.999884e-01 -4.716724e-04 -4.796660e-03 -1.754082e+00 4.762276e-04 9.999994e-01 9.485762e-04 3.099823e-02 4.796210e-03 -9.508501e-04 9.999880e-01 2.736259e+00
9.999998e-01 6.704682e-04 5.749884e-05 -1.752388e+00 -6.704550e-04 9.999997e-01 -2.290310e-04 2.028632e-02 -5.765204e-05 2.289931e-04 1.000000e+00 3.052216e+00
9.999857e-01 -6.496900e-04 -5.313862e-03 -1.995851e+00 6.558219e-04 9.999991e-01 1.152293e-03 2.986372e-02 5.313108e-03 -1.155763e-03 9.999852e-01 3.356659e+00
9.999997e-01 7.745254e-04 2.891826e-04 -2.111366e+00 -7.744482e-04 9.999997e-01 -2.668529e-04 3.466047e-02 -2.893888e-04 2.666295e-04 9.999999e-01 3.609767e+00
9.999821e-01 -8.028940e-04 -5.923566e-03 -2.459178e+00 8.099107e-04 9.999990e-01 1.182242e-03 4.955776e-02 5.922611e-03 -1.187019e-03 9.999818e-01 3.837713e+00
9.999997e-01 6.471182e-04 -3.775951e-04 -2.297395e+00 -6.471854e-04 9.999998e-01 -1.780337e-04 5.377430e-02 3.774802e-04 1.782788e-04 9.999999e-01 3.865455e+00
9.999847e-01 -4.175489e-04 -5.518210e-03 -1.640475e+00 4.231414e-04 9.999994e-01 1.012351e-03 4.326494e-02 5.517783e-03 -1.014672e-03 9.999843e-01 3.907090e+00
9.999997e-01 6.767495e-04 -3.267737e-04 -1.195590e+00 -6.767365e-04 9.999998e-01 3.956549e-05 3.616993e-02 3.268007e-04 -3.934363e-05 9.999999e-01 4.224987e+00
9.999867e-01 -6.621409e-04 -5.123957e-03 -1.029166e+00 6.676613e-04 9.999992e-01 1.075746e-03 3.437063e-02 5.123240e-03 -1.079154e-03 9.999863e-01 4.670168e+00
9.999995e-01 9.884889e-04 7.140590e-05 -7.510684e-01 -9.884685e-04 9.999995e-01 -2.850164e-04 1.509022e-02 -7.168726e-05 2.849464e-04 1.000000e+00 5.099845e+00
9.999881e-01 -9.386653e-04 -4.782417e-03 -8.193435e-01 9.444317e-04 9.999988e-01 1.203646e-03 1.323847e-02 4.781281e-03 -1.208149e-03 9.999878e-01 5.577630e+00
9.999990e-01 1.024018e-03 -9.631758e-04 -4.297623e-01 -1.024288e-03 9.999994e-01 -2.801597e-04 -7.389206e-05 9.628887e-04 2.811467e-04 9.999995e-01 5.848911e+00
9.999910e-01 -7.549863e-04 -4.186846e-03 1.219838e-01 7.586091e-04 9.999993e-01 8.637715e-04 -1.294334e-02 4.186191e-03 -8.669406e-04 9.999909e-01 5.821278e+00
9.999997e-01 6.096275e-04 4.395643e-04 4.616900e-01 -6.093441e-04 9.999996e-01 -6.444048e-04 -1.686218e-02 -4.399567e-04 6.441375e-04 9.999997e-01 5.328173e+00
9.999811e-01 -2.397609e-04 -6.144342e-03 1.053602e+00 2.483274e-04 9.999990e-01 1.393493e-03 -3.819798e-02 6.144001e-03 -1.394993e-03 9.999802e-01 5.479810e+00
9.999995e-01 3.442395e-04 9.380485e-04 1.372352e+00 -3.435254e-04 9.999997e-01 -7.612656e-04 -4.247135e-02 -9.383099e-04 7.609436e-04 9.999993e-01 5.276818e+00
9.999788e-01 -2.184183e-04 -6.502315e-03 1.592460e+00 2.294311e-04 9.999985e-01 1.692998e-03 -4.735739e-02 6.501935e-03 -1.694455e-03 9.999774e-01 5.499406e+00
9.999995e-01 3.661956e-04 9.729398e-04 1.795919e+00 -3.654604e-04 9.999996e-01 -7.556009e-04 -5.175349e-02 -9.732158e-04 7.552457e-04 9.999992e-01 5.677417e+00
9.999881e-01 -5.729503e-04 -4.841694e-03 1.955852e+00 5.776067e-04 9.999994e-01 9.603991e-04 -5.130628e-02 4.841141e-03 -9.631850e-04 9.999878e-01 4.899659e+00
9.999992e-01 2.897311e-04 1.256963e-03 2.192844e+00 -2.885537e-04 9.999995e-01 -9.367470e-04 -5.209855e-02 -1.257234e-03 9.363842e-04 9.999988e-01 4.300955e+00
9.999739e-01 -1.333649e-04 -7.223504e-03 2.643050e+00 1.466604e-04 9.999983e-01 1.840087e-03 -6.189276e-02 7.223246e-03 -1.841099e-03 9.999722e-01 4.388056e+00
9.999985e-01 2.541840e-04 1.719577e-03 2.400163e+00 -2.526329e-04 9.999996e-01 -9.021560e-04 -4.750417e-02 -1.719805e-03 9.017209e-04 9.999981e-01 4.569247e+00
9.999698e-01 -2.128008e-04 -7.768972e-03 1.708576e+00 2.268416e-04 9.999983e-01 1.806470e-03 -2.123825e-02 7.768574e-03 -1.808179e-03 9.999682e-01 4.618095e+00
9.999977e-01 2.506838e-04 2.127565e-03 1.422326e+00 -2.487943e-04 9.999996e-01 -8.882779e-04 -1.077912e-02 -2.127787e-03 8.877472e-04 9.999973e-01 4.776386e+00
9.999697e-01 -4.876494e-05 -7.778610e-03 1.420398e+00 6.141347e-05 9.999987e-01 1.625845e-03 -1.390295e-02 7.778520e-03 -1.626275e-03 9.999684e-01 4.651598e+00
9.999932e-01 1.218123e-04 3.678687e-03 1.494418e+00 -1.166562e-04 9.999990e-01 -1.401773e-03 -1.781078e-02 -3.678854e-03 1.401335e-03 9.999923e-01 4.207910e+00
9.999653e-01 -3.206191e-05 -8.336197e-03 1.568483e+00 4.752339e-05 9.999983e-01 1.854559e-03 -2.086816e-02 8.336123e-03 -1.854891e-03 9.999635e-01 3.985290e+00
9.999952e-01 2.490270e-04 3.095883e-03 1.303589e+00 -2.453474e-04 9.999993e-01 -1.188839e-03 -1.882897e-02 -3.096176e-03 1.188075e-03 9.999945e-01 4.016623e+00
9.999632e-01 4.843517e-06 -8.579612e-03 9.885668e-01 1.133518e-05 9.999982e-01 1.885675e-03 -1.581980e-02 8.579606e-03 -1.885703e-03 9.999614e-01 3.843713e+00
9.999961e-01 9.343184e-05 2.785223e-03 4.382972e-01 -9.024590e-05 9.999993e-01 -1.143947e-03 6.334456e-04 -2.785327e-03 1.143691e-03 9.999955e-01 3.836097e+00
9.999616e-01 -1.908803e-04 -8.765677e-03 -3.137833e-01 2.100835e-04 9.999976e-01 2.189867e-03 3.570292e-02 8.765238e-03 -2.191625e-03 9.999592e-01 4.065844e+00
9.999951e-01 3.763908e-04 3.121591e-03 -7.824305e-02 -3.721392e-04 9.999990e-01 -1.362446e-03 2.467651e-02 -3.122100e-03 1.361278e-03 9.999942e-01 4.082005e+00
9.999555e-01 -8.525928e-05 -9.433425e-03 8.231548e-01 1.045688e-04 9.999979e-01 2.046466e-03 -2.319470e-03 9.433230e-03 -2.047362e-03 9.999534e-01 4.150986e+00
9.999924e-01 3.164555e-04 3.873633e-03 1.242704e+00 -3.113085e-04 9.999991e-01 -1.329213e-03 -1.367536e-02 -3.874049e-03 1.327998e-03 9.999916e-01 4.125883e+00
9.999607e-01 -2.079097e-04 -8.866952e-03 1.013538e+00 2.240251e-04 9.999983e-01 1.816534e-03 -7.638427e-03 8.866559e-03 -1.818449e-03 9.999590e-01 4.033419e+00
9.999944e-01 3.418685e-04 3.337291e-03 6.042199e-01 -3.383136e-04 9.999994e-01 -1.065652e-03 4.995926e-03 -3.337653e-03 1.064518e-03 9.999939e-01 3.997450e+00
9.999677e-01 -2.158536e-04 -8.028415e-03 3.293527e-01 2.277447e-04 9.999989e-01 1.480245e-03 1.077825e-02 8.028086e-03 -1.482026e-03 9.999667e-01 3.675939e+00
9.999965e-01 2.157247e-04 2.642651e-03 1.283924e-01 -2.144775e-04 9.999999e-01 -4.721957e-04 1.788155e-02 -2.642752e-03 4.716279e-04 9.999964e-01 3.994515e+00
9.999669e-01 -1.058908e-04 -8.132741e-03 -2.603855e-01 1.166488e-04 9.999991e-01 1.322349e-03 3.128125e-02 8.132593e-03 -1.323255e-03 9.999661e-01 4.158682e+00
9.999975e-01 2.132026e-04 2.241763e-03 -1.081771e+00 -2.118270e-04 9.999998e-01 -6.138092e-04 5.693618e-02 -2.241893e-03 6.133335e-04 9.999973e-01 4.017012e+00
9.999665e-01 -1.703931e-04 -8.179457e-03 -1.810200e+00 1.820370e-04 9.999990e-01 1.422841e-03 8.178652e-02 8.179206e-03 -1.424283e-03 9.999655e-01 4.006614e+00
9.999978e-01 1.554645e-04 2.101778e-03 -2.599457e+00 -1.542643e-04 9.999998e-01 -5.711657e-04 1.112521e-01 -2.101867e-03 5.708409e-04 9.999976e-01 4.037239e+00
9.999663e-01 -1.697885e-04 -8.213605e-03 -3.454245e+00 1.814202e-04 9.999990e-01 1.415429e-03 1.441002e-01 8.213356e-03 -1.416873e-03 9.999653e-01 4.059722e+00
9.999950e-01 2.599825e-04 3.164869e-03 -3.903787e+00 -2.570709e-04 9.999995e-01 -9.202892e-04 1.600007e-01 -3.165107e-03 9.194717e-04 9.999946e-01 3.834940e+00
9.999645e-01 -6.714524e-05 -8.428835e-03 -4.317940e+00 7.986713e-05 9.999989e-01 1.509016e-03 1.697557e-01 8.428724e-03 -1.509636e-03 9.999633e-01 3.771690e+00
9.999945e-01 1.894943e-04 3.310349e-03 -4.286895e+00 -1.872381e-04 9.999998e-01 -6.818199e-04 1.635952e-01 -3.310477e-03 6.811971e-04 9.999943e-01 3.980197e+00
9.999625e-01 1.500002e-04 -8.660420e-03 -3.921999e+00 -1.381341e-04 9.999991e-01 1.370753e-03 1.415998e-01 8.660617e-03 -1.369506e-03 9.999616e-01 4.253273e+00
9.999930e-01 -5.860096e-05 3.753266e-03 -3.974469e+00 6.078018e-05 9.999998e-01 -5.804777e-04 1.442378e-01 -3.753231e-03 5.807024e-04 9.999928e-01 4.488861e+00
9.999546e-01 8.466937e-05 -9.526758e-03 -4.742597e+00 -7.202932e-05 9.999991e-01 1.327142e-03 1.704416e-01 9.526862e-03 -1.326396e-03 9.999537e-01 4.493432e+00
9.999935e-01 -9.172092e-05 3.617767e-03 -5.446132e+00 9.346925e-05 9.999999e-01 -4.830619e-04 1.965034e-01 -3.617722e-03 4.833976e-04 9.999933e-01 4.555835e+00
9.999612e-01 1.933983e-04 -8.810385e-03 -5.435762e+00 -1.815873e-04 9.999991e-01 1.341368e-03 1.929552e-01 8.810636e-03 -1.339717e-03 9.999603e-01 4.827029e+00
9.999955e-01 1.406728e-04 2.998878e-03 -4.937932e+00 -1.392904e-04 9.999999e-01 -4.611519e-04 1.673998e-01 -2.998942e-03 4.607328e-04 9.999954e-01 5.085232e+00
9.999611e-01 3.549920e-04 -8.816516e-03 -4.368405e+00 -3.434523e-04 9.999991e-01 1.310374e-03 1.409798e-01 8.816973e-03 -1.307296e-03 9.999603e-01 5.401405e+00
9.999917e-01 -1.284177e-04 4.067896e-03 -4.226119e+00 1.305703e-04 9.999999e-01 -5.288779e-04 1.263597e-01 -4.067827e-03 5.294054e-04 9.999916e-01 5.821011e+00
9.999536e-01 1.322491e-04 -9.637382e-03 -4.595407e+00 -1.186994e-04 9.999990e-01 1.406526e-03 1.414879e-01 9.637558e-03 -1.405318e-03 9.999526e-01 6.014801e+00
9.999917e-01 -1.082067e-04 4.081753e-03 -5.112563e+00 1.104725e-04 9.999998e-01 -5.548498e-04 1.608848e-01 -4.081692e-03 5.552968e-04 9.999915e-01 6.182067e+00
9.999577e-01 3.283756e-04 -9.197200e-03 -5.115757e+00 -3.162526e-04 9.999991e-01 1.319556e-03 1.524349e-01 9.197624e-03 -1.316592e-03 9.999568e-01 6.439023e+00
9.999945e-01 -1.636747e-04 3.312719e-03 -5.049536e+00 1.651809e-04 9.999999e-01 -4.543530e-04 1.467930e-01 -3.312644e-03 4.548984e-04 9.999944e-01 6.617038e+00
9.999569e-01 1.880233e-04 -9.283075e-03 -5.370298e+00 -1.748472e-04 9.999990e-01 1.420170e-03 1.600483e-01 9.283333e-03 -1.418486e-03 9.999559e-01 6.822581e+00
9.999952e-01 -8.852147e-05 3.099095e-03 -5.425367e+00 8.960149e-05 9.999999e-01 -3.483122e-04 1.630060e-01 -3.099064e-03 3.485889e-04 9.999951e-01 7.179275e+00
9.999680e-01 1.720335e-04 -7.997646e-03 -5.478904e+00 -1.613976e-04 9.999991e-01 1.330522e-03 1.574630e-01 7.997867e-03 -1.329189e-03 9.999671e-01 7.856297e+00
9.999967e-01 -3.473055e-04 2.555058e-03 -5.822471e+00 3.476334e-04 9.999999e-01 -1.278505e-04 1.791204e-01 -2.555013e-03 1.287390e-04 9.999967e-01 8.429016e+00
9.999647e-01 3.429757e-04 -8.400974e-03 -6.333076e+00 -3.330216e-04 9.999992e-01 1.186270e-03 2.027827e-01 8.401375e-03 -1.183431e-03 9.999640e-01 8.680373e+00
9.999976e-01 -5.497516e-04 2.113260e-03 -7.203953e+00 5.498961e-04 9.999998e-01 -6.775320e-05 2.446230e-01 -2.113222e-03 6.891581e-05 9.999978e-01 8.930607e+00
9.999668e-01 5.082047e-04 -8.129006e-03 -7.481789e+00 -4.988087e-04 9.999992e-01 1.157858e-03 2.598299e-01 8.129588e-03 -1.153765e-03 9.999663e-01 9.155965e+00
9.999972e-01 -3.919212e-04 2.341499e-03 -7.650416e+00 3.923956e-04 9.999999e-01 -2.020941e-04 2.662025e-01 -2.341419e-03 2.030130e-04 9.999972e-01 9.350905e+00
9.999654e-01 4.206294e-04 -8.311783e-03 -8.051727e+00 -4.109449e-04 9.999992e-01 1.166849e-03 2.823724e-01 8.312267e-03 -1.163393e-03 9.999648e-01 9.498173e+00
9.999972e-01 -5.664133e-04 2.289614e-03 -8.696521e+00 5.668121e-04 9.999998e-01 -1.734520e-04 3.127770e-01 -2.289515e-03 1.747500e-04 9.999974e-01 9.744379e+00
9.999657e-01 5.018258e-04 -8.266718e-03 -9.462694e+00 -4.926659e-04 9.999993e-01 1.110052e-03 3.441621e-01 8.267269e-03 -1.105942e-03 9.999652e-01 9.874742e+00
9.999962e-01 -4.089480e-04 2.719344e-03 -9.968036e+00 4.101610e-04 9.999998e-01 -4.454813e-04 3.582012e-01 -2.719161e-03 4.465957e-04 9.999962e-01 9.789054e+00
9.999753e-01 5.305460e-04 -7.005804e-03 -9.991287e+00 -5.224384e-04 9.999992e-01 1.159065e-03 3.539119e-01 7.006413e-03 -1.155377e-03 9.999748e-01 1.020872e+01
9.999964e-01 -7.576628e-04 2.580765e-03 -1.031850e+01 7.579740e-04 9.999997e-01 -1.195392e-04 3.685456e-01 -2.580673e-03 1.214956e-04 9.999967e-01 1.090654e+01
9.999659e-01 6.612101e-04 -8.234905e-03 -1.077073e+01 -6.514523e-04 9.999991e-01 1.187572e-03 3.925224e-01 8.235682e-03 -1.182167e-03 9.999654e-01 1.133014e+01
9.999938e-01 -6.910634e-04 3.445278e-03 -1.089793e+01 6.919200e-04 9.999997e-01 -2.473949e-04 3.949880e-01 -3.445106e-03 2.497779e-04 9.999940e-01 1.185025e+01
9.999643e-01 3.962824e-04 -8.446074e-03 -1.132061e+01 -3.828711e-04 9.999987e-01 1.589451e-03 4.225629e-01 8.446692e-03 -1.586161e-03 9.999631e-01 1.250865e+01
9.999942e-01 -5.937787e-04 3.364735e-03 -1.165317e+01 5.948655e-04 9.999998e-01 -3.219743e-04 4.438697e-01 -3.364542e-03 3.239747e-04 9.999943e-01 1.304908e+01
9.999612e-01 6.225741e-04 -8.791072e-03 -1.183423e+01 -6.119309e-04 9.999991e-01 1.213334e-03 4.512110e-01 8.791819e-03 -1.207908e-03 9.999606e-01 1.331354e+01
9.999954e-01 -4.996525e-04 3.002409e-03 -1.258603e+01 5.012512e-04 9.999997e-01 -5.316598e-04 4.721883e-01 -3.002143e-03 5.331630e-04 9.999954e-01 1.321572e+01
9.999582e-01 4.408254e-04 -9.129186e-03 -1.351432e+01 -4.281646e-04 9.999989e-01 1.388778e-03 5.084439e-01 9.129789e-03 -1.384811e-03 9.999574e-01 1.324908e+01
9.999961e-01 -6.110932e-04 2.738485e-03 -1.457241e+01 6.121531e-04 9.999997e-01 -3.861345e-04 5.542778e-01 -2.738248e-03 3.878101e-04 9.999962e-01 1.337475e+01
9.999615e-01 6.495293e-04 -8.754791e-03 -1.560233e+01 -6.398680e-04 9.999992e-01 1.106319e-03 5.901706e-01 8.755502e-03 -1.100676e-03 9.999611e-01 1.328238e+01
9.999941e-01 -5.386819e-04 3.388050e-03 -1.614681e+01 5.404665e-04 9.999997e-01 -5.257819e-04 6.056434e-01 -3.387765e-03 5.276106e-04 9.999941e-01 1.322267e+01
9.999619e-01 5.234678e-04 -8.711471e-03 -1.624526e+01 -5.110880e-04 9.999989e-01 1.423279e-03 6.094979e-01 8.712205e-03 -1.418774e-03 9.999610e-01 1.350452e+01
9.999913e-01 -3.845673e-04 4.161781e-03 -1.620052e+01 3.870356e-04 9.999997e-01 -5.922634e-04 6.007580e-01 -4.161552e-03 5.938697e-04 9.999912e-01 1.398848e+01
9.999603e-01 5.179404e-04 -8.896241e-03 -1.625493e+01 -5.056459e-04 9.999989e-01 1.384208e-03 5.957507e-01 8.896948e-03 -1.379655e-03 9.999595e-01 1.433991e+01
9.999926e-01 -3.267626e-04 3.838104e-03 -1.644548e+01 3.294732e-04 9.999997e-01 -7.055550e-04 5.966004e-01 -3.837872e-03 7.068150e-04 9.999924e-01 1.443060e+01
9.999629e-01 5.251826e-04 -8.596201e-03 -1.656919e+01 -5.146013e-04 9.999991e-01 1.233124e-03 5.959996e-01 8.596841e-03 -1.228655e-03 9.999623e-01 1.436036e+01
9.999917e-01 -4.551228e-04 4.060021e-03 -1.670435e+01 4.585852e-04 9.999995e-01 -8.518582e-04 5.995516e-01 -4.059631e-03 8.537136e-04 9.999914e-01 1.401247e+01
9.999595e-01 6.278218e-04 -8.980955e-03 -1.699097e+01 -6.158686e-04 9.999989e-01 1.333678e-03 6.046681e-01 8.981782e-03 -1.328094e-03 9.999588e-01 1.374709e+01
9.999947e-01 -5.918699e-04 3.213910e-03 -1.759516e+01 5.936522e-04 9.999997e-01 -5.535820e-04 6.237754e-01 -3.213581e-03 5.554877e-04 9.999947e-01 1.378019e+01
9.999619e-01 6.688798e-04 -8.703455e-03 -1.799312e+01 -6.570035e-04 9.999988e-01 1.367365e-03 6.354726e-01 8.704359e-03 -1.361595e-03 9.999612e-01 1.396013e+01
9.999946e-01 -4.986653e-04 3.254727e-03 -1.828951e+01 5.006619e-04 9.999997e-01 -6.126045e-04 6.397300e-01 -3.254420e-03 6.142314e-04 9.999945e-01 1.404542e+01
9.999639e-01 6.976724e-04 -8.466101e-03 -1.821028e+01 -6.859661e-04 9.999988e-01 1.385577e-03 6.274381e-01 8.467057e-03 -1.379720e-03 9.999632e-01 1.428941e+01
9.999953e-01 -5.048700e-04 3.039612e-03 -1.820579e+01 5.069120e-04 9.999996e-01 -6.709745e-04 6.203608e-01 -3.039272e-03 6.725128e-04 9.999952e-01 1.432919e+01
9.999695e-01 6.864120e-04 -7.778437e-03 -1.808040e+01 -6.757087e-04 9.999988e-01 1.378590e-03 6.072378e-01 7.779374e-03 -1.373293e-03 9.999688e-01 1.474870e+01
9.999964e-01 -5.367474e-04 2.629860e-03 -1.798224e+01 5.381459e-04 9.999997e-01 -5.310032e-04 5.976289e-01 -2.629574e-03 5.324172e-04 9.999964e-01 1.504953e+01
9.999687e-01 5.930939e-04 -7.888275e-03 -1.834073e+01 -5.826365e-04 9.999989e-01 1.327938e-03 6.064285e-01 7.889054e-03 -1.323301e-03 9.999680e-01 1.518530e+01
9.999953e-01 -5.315603e-04 3.028073e-03 -1.853912e+01 5.330229e-04 9.999997e-01 -4.821440e-04 6.119584e-01 -3.027816e-03 4.837564e-04 9.999953e-01 1.560201e+01
9.999693e-01 6.728198e-04 -7.813174e-03 -1.872629e+01 -6.649589e-04 9.999993e-01 1.008692e-03 6.165514e-01 7.813847e-03 -1.003466e-03 9.999690e-01 1.503978e+01
9.999952e-01 -4.278054e-04 3.068810e-03 -1.924852e+01 4.301151e-04 9.999996e-01 -7.519471e-04 6.261913e-01 -3.068487e-03 7.532641e-04 9.999950e-01 1.422587e+01
9.999742e-01 4.961661e-04 -7.170667e-03 -1.930939e+01 -4.855848e-04 9.999988e-01 1.477338e-03 6.134166e-01 7.171391e-03 -1.473819e-03 9.999732e-01 1.497416e+01
9.999957e-01 -7.728576e-05 2.929320e-03 -1.918493e+01 7.981826e-05 9.999996e-01 -8.643550e-04 5.845881e-01 -2.929251e-03 8.645858e-04 9.999953e-01 1.558956e+01
9.999730e-01 2.757439e-04 -7.337805e-03 -1.942277e+01 -2.674807e-04 9.999993e-01 1.127094e-03 5.871539e-01 7.338110e-03 -1.125102e-03 9.999724e-01 1.497577e+01
9.999969e-01 -1.164545e-06 2.473397e-03 -1.981740e+01 3.257059e-06 9.999996e-01 -8.459156e-04 5.925073e-01 -2.473395e-03 8.459217e-04 9.999966e-01 1.424322e+01
9.999737e-01 2.408385e-04 -7.244349e-03 -2.024018e+01 -2.324226e-04 9.999993e-01 1.162564e-03 6.000540e-01 7.244623e-03 -1.160850e-03 9.999731e-01 1.395182e+01
9.999977e-01 -3.509617e-04 2.137366e-03 -2.087257e+01 3.516930e-04 9.999999e-01 -3.416844e-04 6.219609e-01 -2.137246e-03 3.424360e-04 9.999977e-01 1.424852e+01
9.999667e-01 3.342707e-04 -8.155313e-03 -2.185708e+01 -3.255105e-04 9.999994e-01 1.075497e-03 6.585661e-01 8.155667e-03 -1.072807e-03 9.999662e-01 1.426730e+01
9.999955e-01 -2.409012e-04 2.974877e-03 -2.208777e+01 2.422253e-04 9.999999e-01 -4.446647e-04 6.662901e-01 -2.974770e-03 4.453839e-04 9.999955e-01 1.404758e+01
9.999774e-01 -1.220423e-04 -6.716424e-03 -2.184233e+01 1.258386e-04 9.999998e-01 5.648311e-04 6.672186e-01 6.716353e-03 -5.656643e-04 9.999773e-01 1.331426e+01
9.999991e-01 2.115773e-04 1.289141e-03 -2.141585e+01 -2.116689e-04 1.000000e+00 7.110118e-05 6.588428e-01 -1.289125e-03 -7.137332e-05 9.999992e-01 1.318838e+01
9.999798e-01 -6.277404e-05 -6.352545e-03 -2.107664e+01 6.626253e-05 9.999998e-01 5.489759e-04 6.504596e-01 6.352509e-03 -5.493865e-04 9.999797e-01 1.311590e+01
9.999994e-01 1.001617e-04 1.135680e-03 -2.004606e+01 -1.001735e-04 1.000000e+00 1.051900e-05 6.156224e-01 -1.135679e-03 -1.063208e-05 9.999994e-01 1.329779e+01
9.999792e-01 3.330543e-05 -6.455177e-03 -1.930452e+01 -2.930663e-05 9.999998e-01 6.196010e-04 5.921400e-01 6.455196e-03 -6.193996e-04 9.999790e-01 1.333739e+01
9.999936e-01 -5.579156e-04 3.542188e-03 -1.907964e+01 5.606656e-04 9.999995e-01 -7.753454e-04 5.972741e-01 -3.541753e-03 7.773271e-04 9.999934e-01 1.227812e+01
9.999729e-01 6.416706e-04 -7.330541e-03 -1.938408e+01 -6.360309e-04 9.999995e-01 7.716717e-04 6.052781e-01 7.331032e-03 -7.669890e-04 9.999728e-01 1.127539e+01
9.999983e-01 -2.553435e-04 1.819106e-03 -1.985613e+01 2.558690e-04 9.999999e-01 -2.884798e-04 6.110914e-01 -1.819032e-03 2.889455e-04 9.999983e-01 1.087594e+01
9.999783e-01 3.184953e-04 -6.574499e-03 -1.976352e+01 -3.139569e-04 9.999997e-01 6.913635e-04 6.094660e-01 6.574717e-03 -6.892851e-04 9.999781e-01 1.054329e+01
9.999970e-01 -3.396624e-04 2.420216e-03 -1.972468e+01 3.407461e-04 9.999998e-01 -4.472447e-04 6.098716e-01 -2.420064e-03 4.480688e-04 9.999970e-01 1.004515e+01
9.999771e-01 4.055123e-04 -6.754491e-03 -1.988358e+01 -4.012323e-04 9.999997e-01 6.350242e-04 6.135229e-01 6.754746e-03 -6.323002e-04 9.999770e-01 9.434032e+00
9.999965e-01 -4.002214e-04 2.611379e-03 -1.989571e+01 4.013043e-04 9.999998e-01 -4.140908e-04 6.133052e-01 -2.611213e-03 4.151380e-04 9.999965e-01 8.861937e+00
9.999754e-01 2.651920e-04 -7.010948e-03 -1.966956e+01 -2.595847e-04 9.999996e-01 8.007274e-04 6.103564e-01 7.011157e-03 -7.988884e-04 9.999751e-01 8.403782e+00
9.999966e-01 -1.896484e-04 2.615401e-03 -1.931932e+01 1.905229e-04 9.999999e-01 -3.340285e-04 6.027687e-01 -2.615337e-03 3.345263e-04 9.999965e-01 8.157862e+00
9.999774e-01 2.035972e-05 -6.720676e-03 -1.909539e+01 -1.551704e-05 9.999997e-01 7.206528e-04 6.003478e-01 6.720688e-03 -7.205330e-04 9.999772e-01 7.666183e+00
9.999951e-01 -1.641022e-04 3.133199e-03 -1.888108e+01 1.659889e-04 9.999998e-01 -6.018450e-04 5.999471e-01 -3.133099e-03 6.023628e-04 9.999949e-01 7.056495e+00
9.999737e-01 4.891501e-04 -7.241274e-03 -1.867662e+01 -4.807820e-04 9.999992e-01 1.157336e-03 5.779223e-01 7.241834e-03 -1.153824e-03 9.999731e-01 7.481927e+00
9.999963e-01 -2.491524e-04 2.727285e-03 -1.827795e+01 2.503195e-04 9.999999e-01 -4.275258e-04 5.411063e-01 -2.727177e-03 4.282075e-04 9.999962e-01 8.079404e+00
9.999710e-01 6.092773e-04 -7.588982e-03 -1.790305e+01 -6.008835e-04 9.999992e-01 1.108316e-03 5.199438e-01 7.589651e-03 -1.103725e-03 9.999706e-01 8.264731e+00
9.999954e-01 -5.538260e-04 2.987879e-03 -1.763768e+01 5.554553e-04 9.999997e-01 -5.444400e-04 5.111007e-01 -2.987577e-03 5.460977e-04 9.999954e-01 8.168921e+00
9.999686e-01 5.719142e-04 -7.900112e-03 -1.732137e+01 -5.628383e-04 9.999992e-01 1.151043e-03 5.018200e-01 7.900764e-03 -1.146561e-03 9.999681e-01 8.067570e+00
9.999944e-01 -1.923469e-04 3.327661e-03 -1.715141e+01 1.940714e-04 9.999998e-01 -5.178419e-04 4.772076e-01 -3.327561e-03 5.184855e-04 9.999943e-01 8.573017e+00
9.999749e-01 2.817000e-04 -7.082821e-03 -1.719888e+01 -2.729312e-04 9.999992e-01 1.239014e-03 4.642348e-01 7.083164e-03 -1.237051e-03 9.999741e-01 9.360935e+00
9.999988e-01 -1.779164e-04 1.570332e-03 -1.747494e+01 1.785373e-04 9.999999e-01 -3.950407e-04 4.716208e-01 -1.570261e-03 3.953213e-04 9.999987e-01 9.520414e+00
9.999823e-01 3.222509e-04 -5.933344e-03 -1.750856e+01 -3.156228e-04 9.999993e-01 1.118044e-03 4.615299e-01 5.933700e-03 -1.116152e-03 9.999818e-01 1.004205e+01
9.999990e-01 -1.225240e-04 1.407005e-03 -1.750054e+01 1.230186e-04 9.999999e-01 -3.512052e-04 4.495858e-01 -1.406962e-03 3.513786e-04 9.999989e-01 1.055028e+01
9.999765e-01 2.876614e-04 -6.843766e-03 -1.760199e+01 -2.796225e-04 9.999993e-01 1.175593e-03 4.479566e-01 6.844099e-03 -1.173652e-03 9.999759e-01 1.076186e+01
9.999993e-01 -4.875459e-04 1.065526e-03 -1.826091e+01 4.877224e-04 9.999999e-01 -1.651416e-04 4.788683e-01 -1.065445e-03 1.656618e-04 9.999994e-01 1.105040e+01
9.999756e-01 3.364921e-04 -6.984255e-03 -1.880287e+01 -3.274101e-04 9.999991e-01 1.301495e-03 5.078316e-01 6.984686e-03 -1.299177e-03 9.999748e-01 1.143747e+01
9.999988e-01 -2.706734e-04 1.533117e-03 -1.906400e+01 2.713452e-04 9.999999e-01 -4.378437e-04 5.165351e-01 -1.532998e-03 4.382598e-04 9.999987e-01 1.164179e+01
9.999768e-01 2.157738e-04 -6.809412e-03 -1.948519e+01 -2.065586e-04 9.999991e-01 1.354013e-03 5.334010e-01 6.809697e-03 -1.352575e-03 9.999759e-01 1.195446e+01
9.999995e-01 2.425431e-05 1.029214e-03 -1.968635e+01 -2.358020e-05 9.999998e-01 -6.547225e-04 5.321548e-01 -1.029229e-03 6.546985e-04 9.999993e-01 1.190700e+01
9.999885e-01 -8.272078e-05 -4.800311e-03 -1.956431e+01 8.614158e-05 9.999997e-01 7.124764e-04 5.301480e-01 4.800250e-03 -7.128823e-04 9.999882e-01 1.133631e+01
9.999999e-01 1.690863e-04 -3.249712e-04 -1.971891e+01 -1.691330e-04 1.000000e+00 -1.445189e-04 5.330256e-01 3.249470e-04 1.445745e-04 9.999999e-01 1.123668e+01
9.999861e-01 -2.805805e-04 -5.264582e-03 -2.031243e+01 2.858640e-04 9.999995e-01 1.002925e-03 5.567102e-01 5.264298e-03 -1.004417e-03 9.999856e-01 1.142287e+01
9.999998e-01 4.045082e-05 -5.703041e-04 -2.119193e+01 -4.045787e-05 1.000000e+00 -1.283842e-05 5.961651e-01 5.703038e-04 1.286215e-05 9.999998e-01 1.170732e+01
9.999892e-01 -2.466956e-04 -4.649889e-03 -2.195813e+01 2.506617e-04 9.999996e-01 8.524337e-04 6.262717e-01 4.649677e-03 -8.535906e-04 9.999888e-01 1.213971e+01
9.999999e-01 1.509051e-05 -3.886317e-04 -2.264100e+01 -1.508341e-05 1.000000e+00 1.754468e-05 6.536240e-01 3.886322e-04 -1.753817e-05 9.999999e-01 1.268184e+01
9.999889e-01 -2.580486e-04 -4.710543e-03 -2.326949e+01 2.623475e-04 9.999995e-01 9.120646e-04 6.810301e-01 4.710305e-03 -9.132909e-04 9.999885e-01 1.324577e+01
9.999997e-01 7.068400e-06 -7.850566e-04 -2.389322e+01 -6.942814e-06 1.000000e+00 1.596095e-04 7.128207e-01 7.850580e-04 -1.596033e-04 9.999997e-01 1.373587e+01
9.999887e-01 -1.337537e-04 -4.751359e-03 -2.430388e+01 1.381022e-04 9.999996e-01 9.149670e-04 7.345815e-01 4.751235e-03 -9.156135e-04 9.999883e-01 1.421740e+01
9.999995e-01 2.193281e-04 -9.706078e-04 -2.403114e+01 -2.194436e-04 1.000000e+00 -1.192031e-04 7.190677e-01 9.705819e-04 1.194167e-04 9.999995e-01 1.442136e+01
9.999903e-01 -8.017201e-05 -4.404215e-03 -2.415506e+01 8.393436e-05 9.999996e-01 8.541495e-04 7.194384e-01 4.404145e-03 -8.545115e-04 9.999899e-01 1.459616e+01
9.999991e-01 1.091626e-04 -1.355263e-03 -2.427313e+01 -1.091148e-04 1.000000e+00 3.516285e-05 7.231744e-01 1.355267e-03 -3.501429e-05 9.999991e-01 1.477193e+01
9.999901e-01 -3.267626e-05 -4.453510e-03 -2.468836e+01 3.574455e-05 9.999998e-01 6.889478e-04 7.370382e-01 4.453486e-03 -6.891008e-04 9.999898e-01 1.478190e+01
9.999996e-01 9.959426e-05 -8.629953e-04 -2.466308e+01 -9.968964e-05 1.000000e+00 -1.108246e-04 7.356488e-01 8.629845e-04 1.109112e-04 9.999996e-01 1.466659e+01
9.999906e-01 -2.912477e-05 -4.324904e-03 -2.480661e+01 3.310706e-05 9.999996e-01 9.207805e-04 7.373123e-01 4.324875e-03 -9.209157e-04 9.999902e-01 1.495435e+01
9.999989e-01 -1.759669e-04 -1.441604e-03 -2.553969e+01 1.760907e-04 1.000000e+00 8.553845e-05 7.720677e-01 1.441589e-03 -8.579156e-05 9.999990e-01 1.529309e+01
9.999905e-01 1.902161e-04 -4.360238e-03 -2.614593e+01 -1.869979e-04 9.999997e-01 7.385389e-04 7.935095e-01 4.360377e-03 -7.377171e-04 9.999902e-01 1.538317e+01
9.999991e-01 -1.288896e-04 -1.360950e-03 -2.656726e+01 1.289498e-04 1.000000e+00 4.394218e-05 8.066062e-01 1.360945e-03 -4.411699e-05 9.999991e-01 1.545497e+01
9.999900e-01 2.211581e-05 -4.468137e-03 -2.699417e+01 -1.776554e-05 9.999995e-01 9.737268e-04 8.280473e-01 4.468156e-03 -9.736383e-04 9.999895e-01 1.572815e+01
9.999987e-01 -1.588539e-04 -1.626900e-03 -2.750950e+01 1.590713e-04 1.000000e+00 1.333408e-04 8.563394e-01 1.626879e-03 -1.335988e-04 9.999987e-01 1.604080e+01
9.999922e-01 7.673896e-05 -3.938421e-03 -2.799940e+01 -7.368778e-05 9.999997e-01 7.749407e-04 8.768053e-01 3.938479e-03 -7.746451e-04 9.999919e-01 1.625908e+01
9.999987e-01 6.118292e-05 -1.590896e-03 -2.859369e+01 -6.142760e-05 1.000000e+00 -1.539473e-04 8.932156e-01 1.590887e-03 1.540455e-04 9.999987e-01 1.610688e+01
9.999900e-01 -1.340928e-04 -4.464955e-03 -2.946897e+01 1.384241e-04 9.999995e-01 9.698393e-04 9.259107e-01 4.464823e-03 -9.704483e-04 9.999896e-01 1.612231e+01
9.999989e-01 1.155555e-04 -1.456552e-03 -3.017546e+01 -1.157007e-04 1.000000e+00 -9.986469e-05 9.554889e-01 1.456541e-03 1.000337e-04 9.999989e-01 1.609354e+01
9.999970e-01 -2.807963e-04 -2.413035e-03 -3.015772e+01 2.814587e-04 9.999999e-01 2.743154e-04 9.637638e-01 2.412958e-03 -2.749944e-04 9.999971e-01 1.540509e+01
9.999968e-01 4.751824e-05 -2.528827e-03 -2.963505e+01 -4.687970e-05 1.000000e+00 2.524401e-04 9.636471e-01 2.528840e-03 -2.523201e-04 9.999968e-01 1.488017e+01
9.999952e-01 1.494673e-04 -3.097175e-03 -2.927945e+01 -1.477251e-04 9.999998e-01 5.628331e-04 9.498678e-01 3.097259e-03 -5.623735e-04 9.999950e-01 1.502407e+01
9.999971e-01 -1.973853e-04 -2.388178e-03 -2.952352e+01 1.984306e-04 9.999999e-01 4.373360e-04 9.616560e-01 2.388092e-03 -4.378080e-04 9.999971e-01 1.542141e+01
9.999949e-01 3.148247e-04 -3.176807e-03 -2.974890e+01 -3.138376e-04 9.999999e-01 3.113205e-04 9.661356e-01 3.176904e-03 -3.103225e-04 9.999949e-01 1.549875e+01
9.999964e-01 -1.823629e-04 -2.658844e-03 -2.968255e+01 1.834886e-04 9.999999e-01 4.229995e-04 9.637185e-01 2.658766e-03 -4.234852e-04 9.999964e-01 1.553374e+01
9.999981e-01 4.627837e-05 -1.939606e-03 -2.966923e+01 -4.646342e-05 1.000000e+00 -9.519441e-05 9.677281e-01 1.939602e-03 9.528371e-05 9.999981e-01 1.486618e+01
9.999989e-01 -4.721548e-04 -1.410481e-03 -2.943570e+01 4.721794e-04 9.999999e-01 1.685929e-05 9.716157e-01 1.410474e-03 -1.752463e-05 9.999990e-01 1.392552e+01
9.999978e-01 -2.327886e-05 -2.092501e-03 -2.904200e+01 2.356165e-05 1.000000e+00 1.352774e-04 9.776100e-01 2.092498e-03 -1.353270e-04 9.999978e-01 1.294543e+01
9.999987e-01 -2.341996e-04 -1.564810e-03 -2.862393e+01 2.342652e-04 1.000000e+00 4.150185e-05 9.795897e-01 1.564800e-03 -4.186775e-05 9.999988e-01 1.232233e+01
9.999952e-01 6.520600e-04 -3.044501e-03 -2.832591e+01 -6.502282e-04 9.999996e-01 6.027301e-04 9.579185e-01 3.044892e-03 -6.007482e-04 9.999952e-01 1.267557e+01
9.999989e-01 -3.715728e-04 -1.415314e-03 -2.813048e+01 3.716917e-04 9.999999e-01 8.347595e-05 9.376975e-01 1.415283e-03 -8.400128e-05 9.999990e-01 1.312524e+01
9.999935e-01 4.101437e-04 -3.595417e-03 -2.782116e+01 -4.080373e-04 9.999997e-01 5.866609e-04 9.264822e-01 3.595656e-03 -5.851906e-04 9.999934e-01 1.309822e+01
9.999990e-01 -2.904857e-04 -1.413587e-03 -2.775072e+01 2.903000e-04 9.999999e-01 -1.318057e-04 9.273722e-01 1.413625e-03 1.313958e-04 9.999990e-01 1.282325e+01
9.999943e-01 2.421575e-04 -3.368304e-03 -2.793571e+01 -2.403777e-04 9.999998e-01 5.288754e-04 9.354808e-01 3.368431e-03 -5.280633e-04 9.999942e-01 1.238377e+01
9.999994e-01 -3.211760e-04 -1.055315e-03 -2.783336e+01 3.209483e-04 9.999999e-01 -2.162323e-04 9.366341e-01 1.055385e-03 2.158941e-04 9.999994e-01 1.177957e+01
9.999941e-01 6.857009e-05 -3.448213e-03 -2.738591e+01 -6.637516e-05 9.999998e-01 6.367482e-04 9.358451e-01 3.448256e-03 -6.365162e-04 9.999939e-01 1.124551e+01
9.999995e-01 -2.297239e-04 -9.457126e-04 -2.699657e+01 2.295070e-04 9.999999e-01 -2.297634e-04 9.350782e-01 9.457656e-04 2.295469e-04 9.999995e-01 1.071951e+01
9.999939e-01 9.518117e-05 -3.494298e-03 -2.658387e+01 -9.283318e-05 9.999998e-01 6.722024e-04 9.325355e-01 3.494361e-03 -6.718745e-04 9.999937e-01 1.029991e+01
9.999995e-01 -1.980936e-04 -9.788756e-04 -2.614432e+01 1.979089e-04 1.000000e+00 -1.890874e-04 9.265409e-01 9.789132e-04 1.888942e-04 9.999995e-01 1.003631e+01
9.999945e-01 2.065305e-04 -3.301683e-03 -2.580174e+01 -2.043555e-04 9.999998e-01 6.591772e-04 9.156455e-01 3.301818e-03 -6.584995e-04 9.999943e-01 9.984240e+00
9.999991e-01 -3.058693e-04 -1.325709e-03 -2.539278e+01 3.057922e-04 1.000000e+00 -5.860595e-05 9.038250e-01 1.325727e-03 5.820113e-05 9.999991e-01 9.874756e+00
9.999895e-01 5.299902e-04 -4.543117e-03 -2.487017e+01 -5.262287e-04 9.999995e-01 8.291721e-04 8.847485e-01 4.543554e-03 -8.267733e-04 9.999893e-01 9.914696e+00
9.999993e-01 -2.464152e-04 -1.126383e-03 -2.433760e+01 2.463013e-04 1.000000e+00 -1.015360e-04 8.666130e-01 1.126408e-03 1.012591e-04 9.999994e-01 9.962443e+00
9.999919e-01 1.095691e-05 -4.025201e-03 -2.389472e+01 -7.863859e-06 9.999997e-01 7.685219e-04 8.587130e-01 4.025208e-03 -7.684846e-04 9.999916e-01 9.694495e+00
9.999978e-01 1.592383e-04 -2.083872e-03 -2.325530e+01 -1.592251e-04 1.000000e+00 6.329061e-06 8.407311e-01 2.083873e-03 -5.996621e-06 9.999978e-01 9.664087e+00
9.999924e-01 2.998051e-04 -3.886767e-03 -2.277725e+01 -2.967383e-04 9.999996e-01 7.896923e-04 8.189620e-01 3.887002e-03 -7.885335e-04 9.999921e-01 9.803751e+00
9.999976e-01 -9.568491e-06 -2.177730e-03 -2.224163e+01 9.606416e-06 1.000000e+00 1.724145e-05 8.000699e-01 2.177730e-03 -1.726171e-05 9.999976e-01 9.866090e+00
9.999929e-01 2.345298e-04 -3.750732e-03 -2.178780e+01 -2.314336e-04 9.999996e-01 8.259954e-04 7.819924e-01 3.750924e-03 -8.251222e-04 9.999926e-01 9.928949e+00
9.999979e-01 5.833531e-05 -2.045782e-03 -2.122876e+01 -5.850553e-05 1.000000e+00 -8.332215e-05 7.626769e-01 2.045777e-03 8.344229e-05 9.999979e-01 9.971847e+00
9.999961e-01 -2.693531e-04 -2.783671e-03 -2.058754e+01 2.708205e-04 9.999998e-01 5.269030e-04 7.599332e-01 2.783529e-03 -5.276554e-04 9.999960e-01 9.614944e+00
9.999998e-01 -1.844242e-04 -5.413145e-04 -2.017596e+01 1.841424e-04 9.999998e-01 -5.211510e-04 7.669291e-01 5.414108e-04 5.210518e-04 9.999997e-01 8.628567e+00
9.999924e-01 -4.089872e-05 -3.901628e-03 -1.961478e+01 4.467761e-05 9.999995e-01 9.685519e-04 7.613517e-01 3.901586e-03 -9.687195e-04 9.999919e-01 8.302637e+00
9.999990e-01 3.742685e-04 -1.369296e-03 -1.922300e+01 -3.746863e-04 9.999999e-01 -3.051284e-04 7.419758e-01 1.369182e-03 3.056418e-04 9.999990e-01 8.515985e+00
9.999914e-01 -2.047958e-04 -4.139112e-03 -1.929139e+01 2.090537e-04 9.999994e-01 1.028396e-03 7.358875e-01 4.138899e-03 -1.029254e-03 9.999909e-01 8.735059e+00
9.999989e-01 1.302879e-04 -1.445913e-03 -1.869525e+01 -1.307542e-04 9.999999e-01 -3.226794e-04 7.283986e-01 1.445871e-03 3.228687e-04 9.999989e-01 8.438036e+00
9.999923e-01 6.941794e-05 -3.912848e-03 -1.829294e+01 -6.546946e-05 9.999995e-01 1.009319e-03 7.140820e-01 3.912916e-03 -1.009056e-03 9.999918e-01 8.448744e+00
9.999982e-01 1.786907e-04 -1.900872e-03 -1.794545e+01 -1.788931e-04 1.000000e+00 -1.064710e-04 6.952529e-01 1.900853e-03 1.068115e-04 9.999982e-01 8.749589e+00
9.999927e-01 5.532956e-05 -3.813879e-03 -1.735490e+01 -5.178157e-05 9.999996e-01 9.304736e-04 6.762165e-01 3.813928e-03 -9.302700e-04 9.999923e-01 8.892340e+00
9.999987e-01 -1.930154e-04 -1.569880e-03 -1.664127e+01 1.926785e-04 1.000000e+00 -2.149686e-04 6.647325e-01 1.569921e-03 2.146664e-04 9.999987e-01 8.710992e+00
9.999918e-01 2.753781e-04 -4.029427e-03 -1.594396e+01 -2.713999e-04 9.999995e-01 9.879114e-04 6.510859e-01 4.029697e-03 -9.868104e-04 9.999914e-01 8.641458e+00
9.999988e-01 -2.562430e-04 -1.551665e-03 -1.533831e+01 2.558743e-04 9.999999e-01 -2.380404e-04 6.401648e-01 1.551726e-03 2.376437e-04 9.999988e-01 8.509842e+00
9.999917e-01 4.040304e-04 -4.055257e-03 -1.478346e+01 -3.999587e-04 9.999994e-01 1.004897e-03 6.230773e-01 4.055661e-03 -1.003268e-03 9.999913e-01 8.557984e+00
9.999993e-01 -4.099003e-04 -1.124807e-03 -1.432850e+01 4.095136e-04 9.999999e-01 -3.443590e-04 6.107878e-01 1.124948e-03 3.438987e-04 9.999993e-01 8.481515e+00
9.999876e-01 6.113786e-04 -4.950193e-03 -1.368275e+01 -6.054247e-04 9.999991e-01 1.204238e-03 5.949768e-01 4.950925e-03 -1.201226e-03 9.999870e-01 8.450847e+00
9.999996e-01 -2.471917e-04 -8.485424e-04 -1.321522e+01 2.469673e-04 9.999999e-01 -2.650571e-04 5.780301e-01 8.486081e-04 2.648480e-04 9.999996e-01 8.878425e+00
9.999866e-01 6.588772e-05 -5.182797e-03 -1.337388e+01 -5.811065e-05 9.999989e-01 1.500764e-03 5.945294e-01 5.182890e-03 -1.500444e-03 9.999854e-01 9.254942e+00
9.999998e-01 -6.176418e-05 -5.909736e-04 -1.263325e+01 6.139483e-05 9.999998e-01 -6.256399e-04 5.866937e-01 5.910123e-04 6.256041e-04 9.999996e-01 9.017895e+00
9.999830e-01 2.180926e-04 -5.823565e-03 -1.177300e+01 -2.095597e-04 9.999989e-01 1.465865e-03 5.710765e-01 5.823878e-03 -1.464620e-03 9.999820e-01 8.884798e+00
1.000000e+00 2.427740e-05 -2.167703e-04 -1.126042e+01 -2.441179e-05 9.999998e-01 -6.217737e-04 5.610628e-01 2.167554e-04 6.217796e-04 9.999998e-01 8.826767e+00
9.999845e-01 6.821615e-05 -5.567142e-03 -1.080086e+01 -5.970874e-05 9.999988e-01 1.528371e-03 5.604398e-01 5.567239e-03 -1.528015e-03 9.999833e-01 8.715703e+00
9.999993e-01 3.971736e-04 -1.132879e-03 -9.768542e+00 -3.978564e-04 9.999997e-01 -6.029094e-04 5.328896e-01 1.132639e-03 6.033603e-04 9.999992e-01 8.835106e+00
9.999859e-01 1.484712e-04 -5.317640e-03 -8.686183e+00 -1.409196e-04 9.999990e-01 1.420527e-03 4.986701e-01 5.317846e-03 -1.419758e-03 9.999849e-01 9.102726e+00
9.999999e-01 2.319738e-04 2.734876e-04 -8.331623e+00 -2.317742e-04 9.999997e-01 -7.280874e-04 4.847796e-01 -2.736562e-04 7.280246e-04 9.999997e-01 9.255732e+00
9.999862e-01 -1.897849e-04 -5.247426e-03 -8.078056e+00 1.965226e-04 9.999992e-01 1.283597e-03 4.753232e-01 5.247178e-03 -1.284611e-03 9.999854e-01 9.321190e+00
9.999998e-01 1.042047e-04 6.097191e-04 -7.730144e+00 -1.037239e-04 9.999997e-01 -7.878499e-04 4.702674e-01 -6.098009e-04 7.877871e-04 9.999995e-01 8.967756e+00
9.999838e-01 7.639377e-05 -5.692982e-03 -7.463903e+00 -6.863440e-05 9.999991e-01 1.363225e-03 4.584195e-01 5.693081e-03 -1.362813e-03 9.999829e-01 8.876764e+00
9.999998e-01 2.382100e-04 -6.403320e-04 -6.665076e+00 -2.385056e-04 9.999999e-01 -4.621503e-04 4.376034e-01 6.402220e-04 4.623035e-04 9.999997e-01 8.924820e+00
9.999855e-01 -3.821832e-04 -5.379694e-03 -5.494815e+00 3.885364e-04 9.999992e-01 1.180035e-03 4.203602e-01 5.379239e-03 -1.182109e-03 9.999848e-01 8.700081e+00
9.999998e-01 6.228772e-04 -9.598701e-05 -5.388454e+00 -6.229179e-04 9.999997e-01 -4.283642e-04 4.171735e-01 9.572033e-05 4.284245e-04 9.999999e-01 8.736349e+00
9.999864e-01 -5.329014e-04 -5.186848e-03 -5.449105e+00 5.382930e-04 9.999993e-01 1.038212e-03 4.181732e-01 5.186291e-03 -1.040990e-03 9.999860e-01 8.355150e+00
9.999983e-01 2.259128e-05 1.853108e-03 -5.116531e+00 -2.077979e-05 9.999995e-01 -9.773367e-04 4.220429e-01 -1.853129e-03 9.772971e-04 9.999978e-01 7.493231e+00
9.999817e-01 1.434070e-04 -6.046473e-03 -4.831630e+00 -1.349984e-04 9.999990e-01 1.391105e-03 4.128750e-01 6.046666e-03 -1.390264e-03 9.999808e-01 7.232054e+00
9.999994e-01 2.760134e-05 1.110661e-03 -4.516946e+00 -2.680096e-05 9.999997e-01 -7.202720e-04 3.943327e-01 -1.110680e-03 7.202424e-04 9.999991e-01 7.510775e+00
9.999762e-01 1.429891e-04 -6.896971e-03 -3.899891e+00 -1.329324e-04 9.999989e-01 1.458628e-03 3.735860e-01 6.897172e-03 -1.457677e-03 9.999752e-01 7.608264e+00
9.999990e-01 1.086960e-04 1.402131e-03 -3.210965e+00 -1.075956e-04 9.999997e-01 -7.845552e-04 3.555603e-01 -1.402216e-03 7.844042e-04 9.999987e-01 7.630328e+00
9.999839e-01 -4.605118e-04 -5.663689e-03 -2.755680e+00 4.667781e-04 9.999993e-01 1.105202e-03 3.562848e-01 5.663176e-03 -1.107828e-03 9.999834e-01 7.036671e+00
9.999964e-01 -4.276704e-05 2.682022e-03 -2.174899e+00 4.519360e-05 9.999996e-01 -9.045402e-04 3.493574e-01 -2.681982e-03 9.046587e-04 9.999960e-01 6.502457e+00
9.999789e-01 -2.705514e-04 -6.486789e-03 -1.529091e+00 2.791666e-04 9.999991e-01 1.327315e-03 3.439825e-01 6.486424e-03 -1.329098e-03 9.999781e-01 6.020121e+00
9.999980e-01 -5.246335e-05 1.976699e-03 -1.035379e+00 5.430465e-05 9.999996e-01 -9.312460e-04 3.430650e-01 -1.976649e-03 9.313521e-04 9.999976e-01 5.504092e+00
9.999749e-01 -2.406782e-04 -7.081906e-03 -3.375007e-01 2.520873e-04 9.999987e-01 1.610230e-03 3.341445e-01 7.081509e-03 -1.611975e-03 9.999736e-01 5.233049e+00
9.999989e-01 7.329605e-04 1.316146e-03 1.473697e-01 -7.319945e-04 9.999995e-01 -7.339761e-04 3.168277e-01 -1.316683e-03 7.330124e-04 9.999989e-01 5.466435e+00
9.999746e-01 -3.755202e-04 -7.123713e-03 6.779239e-01 3.871279e-04 9.999986e-01 1.628199e-03 2.944995e-01 7.123091e-03 -1.630916e-03 9.999733e-01 5.765636e+00
9.999986e-01 7.338846e-04 1.473762e-03 1.028429e+00 -7.328828e-04 9.999995e-01 -6.798364e-04 2.850700e-01 -1.474261e-03 6.787559e-04 9.999987e-01 5.959552e+00
9.999761e-01 -7.688331e-04 -6.864379e-03 1.287337e+00 7.782366e-04 9.999988e-01 1.367391e-03 2.831195e-01 6.863320e-03 -1.372701e-03 9.999755e-01 5.656823e+00
9.999992e-01 1.066507e-03 6.658324e-04 1.925583e+00 -1.066189e-03 9.999993e-01 -4.768594e-04 2.518693e-01 -6.663404e-04 4.761497e-04 9.999997e-01 5.926023e+00
9.999612e-01 -4.156279e-04 -8.795880e-03 3.662546e+00 4.292820e-04 9.999987e-01 1.550544e-03 1.812064e-01 8.795224e-03 -1.554261e-03 9.999601e-01 6.745943e+00
9.999968e-01 1.328068e-03 2.148129e-03 5.008379e+00 -1.326565e-03 9.999989e-01 -7.008768e-04 1.300328e-01 -2.149057e-03 6.980255e-04 9.999974e-01 7.370378e+00
