9.999874e-01 2.686172e-04 -5.015137e-03 4.399122e-01 -2.654093e-04 9.999998e-01 6.403009e-04 -2.674652e-02 5.015308e-03 -6.389625e-04 9.999872e-01 2.900640e-01
9.999998e-01 2.239121e-04 6.524480e-04 8.490820e-01 -2.239329e-04 1.000000e+00 3.184211e-05 -5.729462e-02 -6.524405e-04 -3.198750e-05 9.999998e-01 8.220586e-01
9.999858e-01 -2.485975e-06 -5.338329e-03 1.186599e+00 5.884716e-06 9.999998e-01 6.366570e-04 -8.004517e-02 5.338326e-03 -6.366800e-04 9.999855e-01 1.041366e+00
9.999998e-01 4.681672e-04 4.991853e-04 1.716457e+00 -4.681585e-04 9.999999e-01 -1.745249e-05 -1.116358e-01 -4.991931e-04 1.721950e-05 9.999999e-01 1.384678e+00
9.999880e-01 1.131639e-04 -4.905395e-03 2.249629e+00 -1.101290e-04 9.999998e-01 6.189600e-04 -1.476523e-01 4.905463e-03 -6.184130e-04 9.999878e-01 1.961706e+00
9.999996e-01 4.399600e-04 7.708980e-04 2.647661e+00 -4.399777e-04 9.999999e-01 2.292228e-05 -1.828232e-01 -7.708875e-04 -2.326074e-05 9.999997e-01 2.653780e+00
9.999849e-01 -4.032473e-04 -5.480861e-03 3.105687e+00 4.069535e-04 9.999997e-01 6.751081e-04 -1.998778e-01 5.480587e-03 -6.773291e-04 9.999848e-01 2.631914e+00
9.999996e-01 5.942294e-04 7.296525e-04 3.649280e+00 -5.941412e-04 9.999998e-01 -1.210563e-04 -2.166422e-01 -7.297240e-04 1.206234e-04 9.999997e-01 2.582599e+00
9.999816e-01 -3.123985e-04 -6.051405e-03 4.197483e+00 3.165727e-04 9.999997e-01 6.888544e-04 -2.361527e-01 6.051188e-03 -6.907582e-04 9.999815e-01 2.650761e+00
9.999991e-01 6.319099e-04 1.224592e-03 4.868941e+00 -6.315150e-04 9.999997e-01 -3.227756e-04 -2.511106e-01 -1.224795e-03 3.220027e-04 9.999992e-01 2.594918e+00
9.999794e-01 -1.074389e-03 -6.329380e-03 5.441970e+00 1.082161e-03 9.999987e-01 1.224761e-03 -2.585375e-01 6.328055e-03 -1.231586e-03 9.999792e-01 2.257786e+00
9.999996e-01 8.832744e-04 -1.403064e-04 6.669412e+00 -8.833279e-04 9.999995e-01 -3.822535e-04 -2.738848e-01 1.399691e-04 3.823780e-04 9.999999e-01 1.887250e+00
9.999897e-01 -5.998518e-04 -4.492227e-03 7.351711e+00 6.033151e-04 9.999995e-01 7.696436e-04 -2.925324e-01 4.491763e-03 -7.723466e-04 9.999896e-01 1.828586e+00
9.999997e-01 6.170181e-04 5.188793e-04 7.434280e+00 -6.167715e-04 9.999997e-01 -4.753297e-04 -2.963886e-01 -5.191721e-04 4.750103e-04 9.999998e-01 1.322091e+00
9.999875e-01 -2.384531e-04 -4.993897e-03 7.739434e+00 2.434898e-04 9.999995e-01 1.007996e-03 -3.150063e-01 4.993654e-03 -1.009200e-03 9.999870e-01 1.658773e+00
9.999995e-01 -7.158180e-04 -6.262099e-04 9.212623e+00 7.156224e-04 9.999997e-01 -3.127333e-04 -3.216503e-01 6.264339e-04 3.122857e-04 9.999998e-01 1.013383e+00
9.999931e-01 -1.418396e-03 -3.434427e-03 1.215304e+01 1.420109e-03 9.999989e-01 4.964690e-04 -2.848395e-01 3.433719e-03 -5.013435e-04 9.999940e-01 -1.105215e+00
9.999986e-01 -4.374920e-04 -1.595202e-03 1.495634e+01 4.375576e-04 9.999999e-01 4.075139e-05 -2.546976e-01 1.595185e-03 -4.144862e-05 9.999987e-01 -3.032524e+00
9.999944e-01 -1.104257e-03 -3.173387e-03 1.759341e+01 1.104662e-03 9.999994e-01 1.257666e-04 -2.328147e-01 3.173245e-03 -1.292721e-04 9.999950e-01 -4.708656e+00
9.999991e-01 -1.184884e-03 -6.042550e-04 2.049506e+01 1.184886e-03 9.999993e-01 2.635331e-06 -1.915207e-01 6.042518e-04 -3.350592e-06 9.999998e-01 -7.101716e+00
9.999969e-01 -1.316435e-03 -2.133474e-03 2.352101e+01 1.316206e-03 9.999991e-01 -1.089475e-04 -1.370343e-01 2.133615e-03 1.061384e-04 9.999977e-01 -1.007236e+01
9.999982e-01 -1.554192e-03 -1.123723e-03 2.665988e+01 1.554342e-03 9.999988e-01 1.327613e-04 -8.123721e-02 1.123516e-03 -1.345070e-04 9.999994e-01 -1.303919e+01
9.999948e-01 -1.748226e-03 -2.712716e-03 3.074373e+01 1.748900e-03 9.999984e-01 2.459197e-04 -2.444523e-02 2.712282e-03 -2.506634e-04 9.999963e-01 -1.602117e+01
9.999990e-01 -9.335775e-04 -1.077650e-03 3.433255e+01 9.334215e-04 9.999996e-01 -1.452634e-04 2.132781e-02 1.077785e-03 1.442580e-04 9.999994e-01 -1.860604e+01
9.999966e-01 -1.193573e-03 -2.319754e-03 3.672962e+01 1.193860e-03 9.999993e-01 1.222235e-04 6.323423e-02 2.319606e-03 -1.249932e-04 9.999973e-01 -2.105947e+01
9.999994e-01 -7.883170e-04 -8.091800e-04 3.932347e+01 7.879610e-04 9.999996e-01 -4.402425e-04 1.087173e-01 8.095271e-04 4.396054e-04 9.999996e-01 -2.368954e+01
9.999954e-01 -1.509005e-03 -2.638683e-03 4.241605e+01 1.509561e-03 9.999988e-01 2.086977e-04 1.557011e-01 2.638364e-03 -2.126807e-04 9.999965e-01 -2.649978e+01
9.999994e-01 -1.062793e-03 -7.598705e-05 4.552721e+01 1.062775e-03 9.999994e-01 -2.349734e-04 2.083643e-01 7.623709e-05 2.348932e-04 1.000000e+00 -2.953911e+01
9.999948e-01 -1.307562e-03 -2.958109e-03 4.809760e+01 1.308353e-03 9.999991e-01 2.652478e-04 2.537769e-01 2.957759e-03 -2.691174e-04 9.999956e-01 -3.228065e+01
9.999991e-01 8.090041e-06 -1.313812e-03 5.036899e+01 -8.451900e-06 1.000000e+00 -2.754717e-04 2.817408e-01 1.313810e-03 2.754833e-04 9.999991e-01 -3.433129e+01
9.999936e-01 -2.324795e-03 -2.714421e-03 5.348242e+01 2.325830e-03 9.999972e-01 3.782856e-04 3.234682e-01 2.713534e-03 -3.845972e-04 9.999962e-01 -3.705880e+01
9.999996e-01 -4.329514e-04 -8.114681e-04 5.662180e+01 4.326848e-04 9.999999e-01 -3.288072e-04 3.753403e-01 8.116107e-04 3.284566e-04 9.999996e-01 -4.010316e+01
9.999938e-01 -2.221929e-03 -2.737249e-03 5.986815e+01 2.222714e-03 9.999975e-01 2.839467e-04 4.258394e-01 2.736611e-03 -2.900297e-04 9.999962e-01 -4.308860e+01
9.999992e-01 -4.998593e-06 -1.279775e-03 6.311385e+01 4.548937e-06 9.999999e-01 -3.514140e-04 4.657454e-01 1.279777e-03 3.514086e-04 9.999991e-01 -4.571476e+01
9.999913e-01 -2.475701e-04 -4.159773e-03 6.466945e+01 2.519219e-04 9.999994e-01 1.045702e-03 4.552779e-01 4.159512e-03 -1.046741e-03 9.999908e-01 -4.647233e+01
9.999990e-01 -1.283704e-03 -5.810303e-04 6.755000e+01 1.283170e-03 9.999988e-01 -9.200962e-04 4.778080e-01 5.822111e-04 9.193505e-04 9.999994e-01 -4.849327e+01
9.999907e-01 -1.936713e-04 -4.313842e-03 7.053891e+01 1.986473e-04 9.999993e-01 1.153110e-03 4.915347e-01 4.313615e-03 -1.153957e-03 9.999900e-01 -5.022721e+01
9.999985e-01 -1.519473e-03 -8.291093e-04 7.372463e+01 1.518751e-03 9.999985e-01 -8.713995e-04 5.054491e-01 8.304324e-04 8.701397e-04 9.999993e-01 -5.201996e+01
9.999908e-01 -1.586091e-04 -4.293990e-03 7.703195e+01 1.630079e-04 9.999995e-01 1.024087e-03 5.165832e-01 4.293825e-03 -1.024778e-03 9.999903e-01 -5.375821e+01
9.999971e-01 -1.401433e-03 -1.961794e-03 8.050331e+01 1.401163e-03 9.999990e-01 -1.385699e-04 5.186943e-01 1.961986e-03 1.358214e-04 9.999981e-01 -5.542258e+01
9.999893e-01 1.203326e-03 -4.464639e-03 8.337871e+01 -1.201969e-03 9.999992e-01 3.065458e-04 5.008903e-01 4.465004e-03 -3.011769e-04 9.999900e-01 -5.627602e+01
9.999959e-01 -7.539084e-04 -2.767368e-03 8.617784e+01 7.553449e-04 9.999996e-01 5.180177e-04 4.425194e-01 2.766977e-03 -5.201052e-04 9.999960e-01 -5.597377e+01
9.999881e-01 1.227333e-03 -4.722110e-03 8.849021e+01 -1.224532e-03 9.999991e-01 5.959340e-04 3.682167e-01 4.722837e-03 -5.901452e-04 9.999887e-01 -5.501766e+01
9.999944e-01 -1.161644e-03 -3.150716e-03 8.987618e+01 1.162908e-03 9.999992e-01 3.992127e-04 3.503018e-01 3.150250e-03 -4.028737e-04 9.999950e-01 -5.450888e+01
9.999961e-01 1.527161e-03 -2.347225e-03 8.960534e+01 -1.525581e-03 9.999986e-01 6.748954e-04 3.455623e-01 2.348252e-03 -6.713126e-04 9.999970e-01 -5.317222e+01
9.999934e-01 -1.083582e-03 -3.458305e-03 9.050594e+01 1.085285e-03 9.999993e-01 4.905386e-04 2.941250e-01 3.457771e-03 -4.942879e-04 9.999939e-01 -5.186842e+01
9.999921e-01 6.363871e-04 -3.920438e-03 8.841682e+01 -6.350542e-04 9.999997e-01 3.412352e-04 3.871722e-01 3.920653e-03 -3.387435e-04 9.999923e-01 -5.235253e+01
9.999875e-01 -1.334688e-03 -4.822941e-03 8.498631e+01 1.339370e-03 9.999986e-01 9.677436e-04 5.312639e-01 4.821643e-03 -9.741905e-04 9.999879e-01 -5.261912e+01
9.999989e-01 7.982246e-04 -1.281224e-03 8.304311e+01 -7.980445e-04 9.999997e-01 1.411425e-04 6.128486e-01 1.281336e-03 -1.401206e-04 9.999992e-01 -5.210116e+01
9.999925e-01 -4.799451e-04 -3.840107e-03 8.347655e+01 4.824004e-04 9.999997e-01 6.384653e-04 5.877547e-01 3.839799e-03 -6.403123e-04 9.999924e-01 -5.168220e+01
9.999989e-01 1.060539e-03 -1.056982e-03 8.372358e+01 -1.060441e-03 9.999994e-01 9.360223e-05 5.554060e-01 1.057081e-03 -9.248195e-05 9.999994e-01 -5.076082e+01
9.999943e-01 -6.609522e-04 -3.298442e-03 8.414548e+01 6.637127e-04 9.999994e-01 8.358567e-04 5.098761e-01 3.297888e-03 -8.380405e-04 9.999942e-01 -4.975256e+01
9.999982e-01 3.704029e-04 -1.872663e-03 8.497495e+01 -3.706962e-04 9.999999e-01 -1.562145e-04 5.058072e-01 1.872604e-03 1.569077e-04 9.999982e-01 -5.019283e+01
9.999969e-01 -3.044676e-04 -2.480012e-03 8.525046e+01 3.055001e-04 9.999999e-01 4.159410e-04 4.999286e-01 2.479885e-03 -4.166967e-04 9.999968e-01 -5.060056e+01
9.999967e-01 5.304995e-04 -2.528273e-03 8.570506e+01 -5.299899e-04 9.999998e-01 2.022493e-04 4.818504e-01 2.528379e-03 -2.009094e-04 9.999968e-01 -5.048067e+01
9.999998e-01 -8.348973e-05 -6.169340e-04 8.588337e+01 8.367566e-05 1.000000e+00 3.011790e-04 4.457927e-01 6.169092e-04 -3.012299e-04 9.999998e-01 -4.913848e+01
9.999970e-01 4.270142e-04 -2.431425e-03 8.605304e+01 -4.261516e-04 9.999998e-01 3.552987e-04 4.097283e-01 2.431576e-03 -3.542622e-04 9.999970e-01 -4.796644e+01
9.999959e-01 -2.571072e-04 -2.854055e-03 8.582631e+01 2.582680e-04 9.999999e-01 4.063069e-04 4.086099e-01 2.853950e-03 -4.070416e-04 9.999958e-01 -4.774449e+01
9.999947e-01 4.179274e-04 -3.230558e-03 8.567821e+01 -4.165199e-04 9.999998e-01 4.363692e-04 4.075804e-01 3.230739e-03 -4.350219e-04 9.999947e-01 -4.766219e+01
9.999980e-01 -3.837491e-04 -1.942399e-03 8.559951e+01 3.838306e-04 9.999999e-01 4.153987e-05 4.126809e-01 1.942383e-03 -4.228465e-05 9.999981e-01 -4.801530e+01
9.999977e-01 2.884859e-04 -2.138577e-03 8.520626e+01 -2.883665e-04 1.000000e+00 5.618779e-05 4.305976e-01 2.138593e-03 -5.557166e-05 9.999977e-01 -4.873223e+01
9.999963e-01 -3.961062e-04 -2.682357e-03 8.464594e+01 3.970495e-04 9.999999e-01 3.510909e-04 4.529109e-01 2.682218e-03 -3.521539e-04 9.999963e-01 -4.925290e+01
9.999986e-01 3.308722e-04 -1.645428e-03 8.450971e+01 -3.309849e-04 9.999999e-01 -6.816983e-05 4.608010e-01 1.645405e-03 6.871366e-05 9.999986e-01 -4.982906e+01
9.999973e-01 -4.895726e-04 -2.284572e-03 8.450101e+01 4.900227e-04 9.999999e-01 1.963976e-04 4.671230e-01 2.284476e-03 -1.975158e-04 9.999974e-01 -5.053178e+01
9.999977e-01 4.218255e-04 -2.097347e-03 8.418316e+01 -4.217401e-04 9.999999e-01 4.126674e-05 4.794466e-01 2.097364e-03 -4.038281e-05 9.999978e-01 -5.113215e+01
9.999948e-01 -5.315170e-04 -3.195518e-03 8.477465e+01 5.336160e-04 9.999996e-01 6.559852e-04 4.714097e-01 3.195169e-03 -6.576862e-04 9.999947e-01 -5.137124e+01
9.999965e-01 2.519837e-04 -2.632037e-03 8.558440e+01 -2.518295e-04 1.000000e+00 5.897025e-05 4.628907e-01 2.632051e-03 -5.830791e-05 9.999965e-01 -5.169636e+01
9.999993e-01 -4.767859e-04 -1.105159e-03 8.601341e+01 4.768686e-04 9.999999e-01 7.450090e-05 4.655890e-01 1.105124e-03 -7.502717e-05 9.999994e-01 -5.245931e+01
9.999978e-01 7.190569e-05 -2.112461e-03 8.624744e+01 -7.218552e-05 1.000000e+00 -1.323235e-04 4.697989e-01 2.112451e-03 1.324750e-04 9.999978e-01 -5.345409e+01
9.999950e-01 -3.207316e-04 -3.134792e-03 8.725059e+01 3.229259e-04 9.999997e-01 6.994466e-04 4.618448e-01 3.134568e-03 -7.004548e-04 9.999948e-01 -5.388306e+01
9.999998e-01 -1.825741e-04 -6.463217e-04 8.775915e+01 1.822690e-04 9.999999e-01 -4.719821e-04 4.684597e-01 6.464074e-04 4.718635e-04 9.999997e-01 -5.483255e+01
9.999996e-01 -1.926298e-04 -9.154909e-04 8.775263e+01 1.924231e-04 1.000000e+00 -2.260225e-04 4.781992e-01 9.155347e-04 2.258469e-04 9.999996e-01 -5.644113e+01
9.999992e-01 -2.172509e-04 -1.215087e-03 8.790233e+01 2.171183e-04 1.000000e+00 -1.091395e-04 4.830971e-01 1.215110e-03 1.088749e-04 9.999993e-01 -5.755436e+01
9.999991e-01 -1.940119e-04 -1.332076e-03 8.800237e+01 1.939995e-04 1.000000e+00 -9.556578e-06 4.878404e-01 1.332078e-03 9.298838e-06 9.999991e-01 -5.875378e+01
9.999997e-01 -9.217827e-05 -8.174111e-04 8.805161e+01 9.179633e-05 9.999999e-01 -4.671034e-04 4.932143e-01 8.174537e-04 4.670275e-04 9.999996e-01 -5.998317e+01
9.999972e-01 -2.349577e-04 -2.355109e-03 8.820760e+01 2.359645e-04 9.999999e-01 4.271606e-04 4.958309e-01 2.355009e-03 -4.277145e-04 9.999971e-01 -6.093817e+01
9.999999e-01 -5.995123e-05 -3.178398e-04 8.841000e+01 5.975504e-05 9.999998e-01 -6.167800e-04 4.997288e-01 3.178764e-04 6.167603e-04 9.999998e-01 -6.188139e+01
9.999965e-01 -3.498266e-04 -2.625434e-03 8.861914e+01 3.511645e-04 9.999998e-01 5.090799e-04 5.036501e-01 2.625255e-03 -5.099994e-04 9.999964e-01 -6.284629e+01
9.999999e-01 -2.087143e-04 4.467392e-04 8.877818e+01 2.090663e-04 9.999997e-01 -7.884228e-04 5.109413e-01 -4.465749e-04 7.885155e-04 9.999996e-01 -6.414250e+01
9.999961e-01 -2.167291e-04 -2.773654e-03 8.898947e+01 2.180061e-04 9.999999e-01 4.600576e-04 5.170891e-01 2.773554e-03 -4.606598e-04 9.999960e-01 -6.524505e+01
9.999992e-01 -1.230850e-04 -1.277807e-03 8.943320e+01 1.228093e-04 1.000000e+00 -2.157932e-04 5.209278e-01 1.277833e-03 2.156354e-04 9.999992e-01 -6.606575e+01
9.999979e-01 -1.537329e-04 -2.065071e-03 8.966780e+01 1.540520e-04 1.000000e+00 1.542826e-04 5.273504e-01 2.065048e-03 -1.545997e-04 9.999979e-01 -6.697247e+01
9.999985e-01 7.387754e-05 -1.744717e-03 8.964691e+01 -7.406581e-05 1.000000e+00 -1.077602e-04 5.354022e-01 1.744708e-03 1.078885e-04 9.999985e-01 -6.766321e+01
9.999981e-01 -1.971963e-04 -1.927776e-03 8.949678e+01 1.974820e-04 1.000000e+00 1.479334e-04 5.460674e-01 1.927747e-03 -1.483132e-04 9.999981e-01 -6.839651e+01
9.999981e-01 5.736465e-05 -1.973137e-03 8.921862e+01 -5.744143e-05 1.000000e+00 -3.878257e-05 5.595959e-01 1.973134e-03 3.889514e-05 9.999981e-01 -6.902551e+01
9.999937e-01 -5.290664e-05 -3.554549e-03 8.975281e+01 5.561475e-05 9.999997e-01 7.617344e-04 5.477578e-01 3.554508e-03 -7.619266e-04 9.999934e-01 -6.915557e+01
9.999989e-01 1.487290e-04 -1.485748e-03 9.036370e+01 -1.491197e-04 1.000000e+00 -2.627315e-04 5.397275e-01 1.485709e-03 2.629521e-04 9.999989e-01 -6.939106e+01
9.999966e-01 -2.542995e-04 -2.611137e-03 9.023098e+01 2.554043e-04 9.999999e-01 4.227313e-04 5.498659e-01 2.611030e-03 -4.233961e-04 9.999965e-01 -6.985673e+01
9.999974e-01 1.900242e-04 -2.257005e-03 9.031043e+01 -1.899163e-04 1.000000e+00 4.806763e-05 5.522436e-01 2.257014e-03 -4.763955e-05 9.999975e-01 -7.007293e+01
9.999967e-01 -1.332306e-04 -2.564080e-03 9.013337e+01 1.342446e-04 9.999999e-01 3.952622e-04 5.646835e-01 2.564028e-03 -3.956044e-04 9.999966e-01 -7.028414e+01
9.999972e-01 2.517052e-05 -2.380955e-03 8.995403e+01 -2.491014e-05 1.000000e+00 1.094589e-04 5.782493e-01 2.380957e-03 -1.093999e-04 9.999972e-01 -7.052826e+01
9.999960e-01 -9.624688e-05 -2.812283e-03 9.037038e+01 9.769688e-05 9.999999e-01 5.154080e-04 5.812417e-01 2.812233e-03 -5.156800e-04 9.999959e-01 -7.094306e+01
9.999980e-01 3.534413e-04 -1.953722e-03 9.063417e+01 -3.532236e-04 9.999999e-01 1.118550e-04 5.656693e-01 1.953761e-03 -1.111654e-04 9.999981e-01 -7.070637e+01
9.999950e-01 -2.938723e-04 -3.143729e-03 9.052720e+01 2.960779e-04 9.999997e-01 7.010989e-04 5.651655e-01 3.143523e-03 -7.020255e-04 9.999948e-01 -7.030298e+01
9.999970e-01 4.542370e-04 -2.394526e-03 9.055276e+01 -4.543017e-04 9.999999e-01 -2.640453e-05 5.696682e-01 2.394513e-03 2.749161e-05 9.999971e-01 -7.037859e+01
9.999942e-01 -3.855598e-04 -3.372868e-03 9.023804e+01 3.880620e-04 9.999997e-01 7.411791e-04 5.796414e-01 3.372582e-03 -7.424830e-04 9.999940e-01 -7.060395e+01
9.999982e-01 4.326934e-04 -1.828447e-03 9.052596e+01 -4.330685e-04 9.999999e-01 -2.046464e-04 5.815982e-01 1.828358e-03 2.054372e-04 9.999983e-01 -7.096814e+01
9.999925e-01 -4.751603e-04 -3.856085e-03 9.109574e+01 4.792225e-04 9.999993e-01 1.052545e-03 5.775182e-01 3.855582e-03 -1.054384e-03 9.999920e-01 -7.115466e+01
9.999974e-01 7.487359e-04 -2.151720e-03 9.159876e+01 -7.487227e-04 9.999997e-01 7.005415e-06 5.680595e-01 2.151725e-03 -5.395037e-06 9.999977e-01 -7.102205e+01
9.999921e-01 -5.549907e-04 -3.942605e-03 9.248345e+01 5.579982e-04 9.999996e-01 7.617086e-04 5.388824e-01 3.942181e-03 -7.639019e-04 9.999919e-01 -7.084246e+01
9.999970e-01 9.014247e-04 -2.282045e-03 9.349872e+01 -9.015422e-04 9.999996e-01 -5.039255e-05 5.063274e-01 2.281999e-03 5.244907e-05 9.999974e-01 -7.068339e+01
9.999917e-01 -1.083077e-03 -3.940200e-03 9.432800e+01 1.086652e-03 9.999990e-01 9.051352e-04 5.014220e-01 3.939216e-03 -9.094086e-04 9.999918e-01 -7.101809e+01
9.999971e-01 8.975778e-04 -2.226917e-03 9.528143e+01 -8.978209e-04 9.999996e-01 -1.080802e-04 4.988669e-01 2.226819e-03 1.100786e-04 9.999975e-01 -7.144776e+01
9.999918e-01 -1.043464e-03 -3.923014e-03 9.639492e+01 1.046634e-03 9.999991e-01 8.060698e-04 4.925447e-01 3.922170e-03 -8.101684e-04 9.999920e-01 -7.187347e+01
9.999970e-01 1.158945e-03 -2.148287e-03 9.728747e+01 -1.159247e-03 9.999993e-01 -1.394998e-04 4.804789e-01 2.148124e-03 1.419891e-04 9.999977e-01 -7.204686e+01
9.999904e-01 -1.061725e-03 -4.251268e-03 9.806637e+01 1.066202e-03 9.999989e-01 1.050998e-03 4.675880e-01 4.250148e-03 -1.055520e-03 9.999904e-01 -7.215189e+01
9.999984e-01 1.336616e-03 -1.198635e-03 9.857232e+01 -1.337070e-03 9.999990e-01 -3.783699e-04 4.594892e-01 1.198128e-03 3.799713e-04 9.999992e-01 -7.219700e+01
9.999895e-01 -1.387665e-03 -4.375570e-03 9.889633e+01 1.393140e-03 9.999983e-01 1.248518e-03 4.557881e-01 4.373830e-03 -1.254600e-03 9.999896e-01 -7.217779e+01
9.999989e-01 1.195519e-03 -9.296763e-04 9.969928e+01 -1.196040e-03 9.999991e-01 -5.593952e-04 4.517391e-01 9.290064e-04 5.605058e-04 9.999994e-01 -7.257010e+01
9.999890e-01 -1.408868e-03 -4.474938e-03 1.005444e+02 1.414243e-03 9.999983e-01 1.198149e-03 4.448045e-01 4.473242e-03 -1.204464e-03 9.999893e-01 -7.293210e+01
9.999988e-01 1.470526e-03 -4.838902e-04 1.011881e+02 -1.470855e-03 9.999987e-01 -6.798663e-04 4.341239e-01 4.828895e-04 6.805766e-04 9.999997e-01 -7.296553e+01
9.999882e-01 -1.371535e-03 -4.664360e-03 1.018071e+02 1.377991e-03 9.999981e-01 1.381238e-03 4.167182e-01 4.662457e-03 -1.387649e-03 9.999882e-01 -7.262474e+01
9.999980e-01 1.603891e-03 -1.159351e-03 1.028439e+02 -1.604574e-03 9.999985e-01 -5.876952e-04 3.868957e-01 1.158406e-03 5.895537e-04 9.999992e-01 -7.238091e+01
9.999874e-01 -1.694330e-03 -4.734651e-03 1.038463e+02 1.700388e-03 9.999977e-01 1.275792e-03 3.700118e-01 4.732479e-03 -1.283825e-03 9.999880e-01 -7.251263e+01
9.999988e-01 1.483746e-03 -4.838686e-04 1.047209e+02 -1.484090e-03 9.999986e-01 -7.108051e-04 3.620494e-01 4.828130e-04 7.115217e-04 9.999996e-01 -7.286373e+01
9.999910e-01 -1.964509e-03 -3.749327e-03 1.053768e+02 1.968574e-03 9.999975e-01 1.080773e-03 3.649947e-01 3.747195e-03 -1.088144e-03 9.999924e-01 -7.356147e+01
9.999982e-01 1.524492e-03 -1.130748e-03 1.061702e+02 -1.525041e-03 9.999987e-01 -4.848795e-04 3.672557e-01 1.130007e-03 4.866024e-04 9.999992e-01 -7.417240e+01
9.999912e-01 -1.841054e-03 -3.758851e-03 1.068927e+02 1.845068e-03 9.999977e-01 1.064571e-03 3.681578e-01 3.756883e-03 -1.071496e-03 9.999924e-01 -7.471323e+01
9.999979e-01 1.584256e-03 -1.290778e-03 1.076415e+02 -1.584892e-03 9.999986e-01 -4.920101e-04 3.680864e-01 1.289996e-03 4.940542e-04 9.999990e-01 -7.523167e+01
9.999894e-01 -1.865103e-03 -4.215998e-03 1.084943e+02 1.870238e-03 9.999975e-01 1.214427e-03 3.638879e-01 4.213723e-03 -1.222298e-03 9.999904e-01 -7.565544e+01
9.999979e-01 1.652072e-03 -1.246401e-03 1.093570e+02 -1.652754e-03 9.999985e-01 -5.461605e-04 3.584967e-01 1.245496e-03 5.482187e-04 9.999991e-01 -7.605705e+01
9.999871e-01 -1.755987e-03 -4.759183e-03 1.102753e+02 1.762097e-03 9.999976e-01 1.279845e-03 3.474684e-01 4.756925e-03 -1.288214e-03 9.999879e-01 -7.634003e+01
9.999988e-01 1.410560e-03 -5.968704e-04 1.111310e+02 -1.410903e-03 9.999988e-01 -5.749973e-04 3.452514e-01 5.960583e-04 5.758381e-04 9.999997e-01 -7.682257e+01
9.999911e-01 -1.285338e-03 -4.011790e-03 1.114431e+02 1.288916e-03 9.999988e-01 8.892986e-04 3.409508e-01 4.010642e-03 -8.944609e-04 9.999916e-01 -7.709126e+01
9.999986e-01 1.241987e-03 -1.078525e-03 1.112158e+02 -1.242271e-03 9.999992e-01 -2.620359e-04 3.524084e-01 1.078198e-03 2.633747e-04 9.999994e-01 -7.708979e+01
9.999910e-01 -1.261894e-03 -4.038909e-03 1.112365e+02 1.265404e-03 9.999988e-01 8.665483e-04 3.577857e-01 4.037811e-03 -8.716507e-04 9.999915e-01 -7.721522e+01
9.999991e-01 1.239582e-03 -5.876319e-04 1.114815e+02 -1.239803e-03 9.999992e-01 -3.762054e-04 3.560523e-01 5.871647e-04 3.769329e-04 9.999998e-01 -7.742235e+01
9.999899e-01 -1.146325e-03 -4.341304e-03 1.117382e+02 1.150795e-03 9.999988e-01 1.027214e-03 3.445532e-01 4.340121e-03 -1.032199e-03 9.999900e-01 -7.733121e+01
9.999989e-01 1.426617e-03 -3.912272e-04 1.117977e+02 -1.426738e-03 9.999989e-01 -3.102741e-04 3.307042e-01 3.907838e-04 3.108313e-04 9.999999e-01 -7.695369e+01
9.999912e-01 -1.209079e-03 -4.024884e-03 1.118267e+02 1.213000e-03 9.999988e-01 9.718964e-04 3.156941e-01 4.023704e-03 -9.767694e-04 9.999914e-01 -7.651111e+01
9.999984e-01 1.423242e-03 -1.052374e-03 1.116648e+02 -1.423527e-03 9.999990e-01 -2.698516e-04 3.133090e-01 1.051989e-03 2.713486e-04 9.999994e-01 -7.630681e+01
9.999924e-01 -1.459828e-03 -3.605113e-03 1.113644e+02 1.462400e-03 9.999987e-01 7.107833e-04 3.264150e-01 3.604071e-03 -7.160494e-04 9.999932e-01 -7.666548e+01
9.999992e-01 1.273651e-03 -2.091141e-04 1.111454e+02 -1.273769e-03 9.999990e-01 -5.617279e-04 3.407936e-01 2.083982e-04 5.619932e-04 9.999998e-01 -7.724479e+01
9.999897e-01 -1.220123e-03 -4.381843e-03 1.108940e+02 1.224749e-03 9.999987e-01 1.053028e-03 3.503755e-01 4.380552e-03 -1.058383e-03 9.999898e-01 -7.734938e+01
9.999988e-01 1.273066e-03 -8.997452e-04 1.103393e+02 -1.273376e-03 9.999991e-01 -3.441674e-04 3.672077e-01 8.993059e-04 3.453120e-04 9.999995e-01 -7.728095e+01
9.999890e-01 -1.212707e-03 -4.530667e-03 1.097069e+02 1.217180e-03 9.999988e-01 9.844941e-04 3.881507e-01 4.529468e-03 -9.899973e-04 9.999893e-01 -7.738781e+01
9.999993e-01 1.131415e-03 1.584251e-04 1.095994e+02 -1.131307e-03 9.999991e-01 -6.755603e-04 3.930509e-01 -1.591896e-04 6.753800e-04 9.999998e-01 -7.795099e+01
9.999928e-01 -1.310973e-03 -3.570491e-03 1.098096e+02 1.313739e-03 9.999988e-01 7.724642e-04 3.932408e-01 3.569475e-03 -7.771486e-04 9.999933e-01 -7.862671e+01
9.999992e-01 1.248288e-03 -1.224271e-04 1.098752e+02 -1.248367e-03 9.999990e-01 -6.425366e-04 3.957025e-01 1.216247e-04 6.426883e-04 9.999998e-01 -7.924929e+01
9.999897e-01 -1.308696e-03 -4.339402e-03 1.096544e+02 1.312956e-03 9.999987e-01 9.788852e-04 4.057876e-01 4.338116e-03 -9.845720e-04 9.999901e-01 -7.976963e+01
9.999994e-01 1.103896e-03 1.789724e-04 1.099878e+02 -1.103778e-03 9.999992e-01 -6.601088e-04 4.065998e-01 -1.797012e-04 6.599101e-04 9.999998e-01 -8.042375e+01
9.999877e-01 -1.522998e-03 -4.721551e-03 1.106320e+02 1.528654e-03 9.999981e-01 1.194585e-03 4.098418e-01 4.719723e-03 -1.201787e-03 9.999881e-01 -8.107628e+01
9.999991e-01 1.172284e-03 7.206146e-04 1.110934e+02 -1.171637e-03 9.999989e-01 -8.989105e-04 4.143953e-01 -7.216679e-04 8.980646e-04 9.999993e-01 -8.190302e+01
9.999912e-01 -1.300889e-03 -3.995582e-03 1.111074e+02 1.304211e-03 9.999988e-01 8.287534e-04 4.167792e-01 3.994500e-03 -8.339565e-04 9.999917e-01 -8.280009e+01
9.999989e-01 1.129344e-03 9.730376e-04 1.111358e+02 -1.128346e-03 9.999988e-01 -1.025162e-03 4.201625e-01 -9.741945e-04 1.024062e-03 9.999990e-01 -8.386835e+01
9.999922e-01 -1.508285e-03 -3.644001e-03 1.113833e+02 1.511482e-03 9.999985e-01 8.748372e-04 4.246040e-01 3.642676e-03 -8.803375e-04 9.999930e-01 -8.480966e+01
9.999988e-01 1.372624e-03 -7.537291e-04 1.117127e+02 -1.372971e-03 9.999990e-01 -4.587519e-04 4.222918e-01 7.530983e-04 4.597856e-04 9.999996e-01 -8.522662e+01
9.999930e-01 -1.625261e-03 -3.363277e-03 1.120329e+02 1.628100e-03 9.999983e-01 8.416650e-04 4.236993e-01 3.361904e-03 -8.471342e-04 9.999940e-01 -8.595525e+01
9.999993e-01 1.140965e-03 1.733837e-04 1.122468e+02 -1.140841e-03 9.999991e-01 -7.158429e-04 4.278170e-01 -1.742006e-04 7.156439e-04 9.999997e-01 -8.701581e+01
9.999961e-01 -1.568557e-03 -2.308754e-03 1.123704e+02 1.569250e-03 9.999987e-01 2.982759e-04 4.330399e-01 2.308283e-03 -3.018971e-04 9.999973e-01 -8.818081e+01
9.999992e-01 1.075737e-03 -5.979283e-04 1.126933e+02 -1.075925e-03 9.999994e-01 -3.128710e-04 4.389633e-01 5.975911e-04 3.135135e-04 9.999998e-01 -8.921555e+01
9.999958e-01 -1.117984e-03 -2.680585e-03 1.126557e+02 1.118357e-03 9.999994e-01 1.376741e-04 4.400731e-01 2.680429e-03 -1.406708e-04 9.999964e-01 -9.010052e+01
9.999978e-01 1.149231e-03 -1.732793e-03 1.126792e+02 -1.148988e-03 9.999993e-01 1.416277e-04 4.402827e-01 1.732954e-03 -1.396371e-04 9.999985e-01 -9.052027e+01
9.999950e-01 -1.111730e-03 -2.968531e-03 1.125870e+02 1.112444e-03 9.999994e-01 2.386157e-04 4.443537e-01 2.968264e-03 -2.419161e-04 9.999956e-01 -9.092932e+01
9.999989e-01 9.314734e-04 -1.154667e-03 1.128486e+02 -9.315801e-04 9.999996e-01 -9.169604e-05 4.448186e-01 1.154580e-03 9.277095e-05 9.999993e-01 -9.150574e+01
9.999952e-01 -1.201435e-03 -2.867985e-03 1.132306e+02 1.202629e-03 9.999992e-01 4.145430e-04 4.450662e-01 2.867484e-03 -4.179895e-04 9.999958e-01 -9.210537e+01
9.999961e-01 1.460778e-03 -2.398211e-03 1.133741e+02 -1.459664e-03 9.999988e-01 4.664757e-04 4.322234e-01 2.398889e-03 -4.629739e-04 9.999970e-01 -9.178317e+01
9.999937e-01 -1.482609e-03 -3.238814e-03 1.135000e+02 1.484263e-03 9.999988e-01 5.084473e-04 4.291677e-01 3.238056e-03 -5.132506e-04 9.999946e-01 -9.145173e+01
9.999959e-01 1.635015e-03 -2.345989e-03 1.137921e+02 -1.633943e-03 9.999986e-01 4.591233e-04 4.157125e-01 2.346736e-03 -4.552889e-04 9.999971e-01 -9.100543e+01
9.999963e-01 -1.950880e-03 -1.901111e-03 1.133296e+02 1.952931e-03 9.999975e-01 1.077488e-03 4.430543e-01 1.899004e-03 -1.081197e-03 9.999976e-01 -8.944776e+01
9.999950e-01 1.366809e-03 -2.836759e-03 1.130366e+02 -1.364579e-03 9.999988e-01 7.881309e-04 4.700420e-01 2.837833e-03 -7.842566e-04 9.999957e-01 -8.783319e+01
9.999950e-01 -1.106270e-03 -2.956759e-03 1.137083e+02 1.107164e-03 9.999993e-01 3.007637e-04 4.386239e-01 2.956425e-03 -3.040352e-04 9.999956e-01 -8.682178e+01
9.999973e-01 1.142998e-03 -2.014918e-03 1.140355e+02 -1.141259e-03 9.999990e-01 8.642101e-04 4.208907e-01 2.015904e-03 -8.619089e-04 9.999976e-01 -8.567069e+01
9.999963e-01 -1.805234e-03 -2.054576e-03 1.133783e+02 1.806996e-03 9.999980e-01 8.556491e-04 4.637225e-01 2.053028e-03 -8.593579e-04 9.999975e-01 -8.433594e+01
9.999947e-01 1.264913e-03 -3.003170e-03 1.129828e+02 -1.262540e-03 9.999989e-01 7.921651e-04 4.942408e-01 3.004168e-03 -7.883699e-04 9.999952e-01 -8.309436e+01
9.999973e-01 -1.788948e-03 -1.452431e-03 1.125701e+02 1.790156e-03 9.999981e-01 8.306421e-04 5.205098e-01 1.450942e-03 -8.332393e-04 9.999986e-01 -8.183205e+01
9.999917e-01 3.653516e-04 -4.069251e-03 1.111585e+02 -3.599178e-04 9.999990e-01 1.336070e-03 6.234414e-01 4.069735e-03 -1.334595e-03 9.999908e-01 -8.034590e+01
9.999975e-01 -1.134509e-03 -1.951665e-03 1.104464e+02 1.135765e-03 9.999991e-01 6.423848e-04 6.832608e-01 1.950935e-03 -6.445991e-04 9.999979e-01 -7.928799e+01
9.999901e-01 1.516650e-03 -4.193544e-03 1.112641e+02 -1.515872e-03 9.999988e-01 1.886802e-04 6.472114e-01 4.193825e-03 -1.823221e-04 9.999912e-01 -7.887904e+01
9.999986e-01 -1.419786e-03 -8.912503e-04 1.112412e+02 1.420608e-03 9.999986e-01 9.222609e-04 6.464191e-01 8.899399e-04 -9.235251e-04 9.999992e-01 -7.816751e+01
9.999929e-01 8.848277e-04 -3.671277e-03 1.107896e+02 -8.825263e-04 9.999994e-01 6.285086e-04 6.786076e-01 3.671831e-03 -6.252648e-04 9.999931e-01 -7.695545e+01
9.999949e-01 -1.168107e-03 -2.982356e-03 1.116165e+02 1.169924e-03 9.999991e-01 6.075381e-04 6.511875e-01 2.981644e-03 -6.110235e-04 9.999954e-01 -7.627324e+01
9.999889e-01 2.039402e-03 -4.254657e-03 1.131604e+02 -2.038356e-03 9.999979e-01 2.503772e-04 5.945236e-01 4.255158e-03 -2.417025e-04 9.999909e-01 -7.578104e+01
9.999976e-01 -2.112751e-03 -5.424420e-04 1.132247e+02 2.113308e-03 9.999972e-01 1.027555e-03 5.877896e-01 5.402698e-04 -1.028699e-03 9.999993e-01 -7.464024e+01
9.999854e-01 1.217091e-03 -5.266488e-03 1.124765e+02 -1.212786e-03 9.999989e-01 8.207722e-04 6.444083e-01 5.267481e-03 -8.143737e-04 9.999858e-01 -7.357328e+01
9.999987e-01 -1.592457e-03 -2.450575e-04 1.123616e+02 1.592576e-03 9.999986e-01 4.838332e-04 6.572918e-01 2.442869e-04 -4.842222e-04 9.999999e-01 -7.251696e+01
9.999900e-01 9.120103e-04 -4.377956e-03 1.117806e+02 -9.067847e-04 9.999989e-01 1.195533e-03 6.979707e-01 4.379041e-03 -1.191552e-03 9.999897e-01 -7.131867e+01
9.999988e-01 -1.274358e-03 -8.332416e-04 1.115498e+02 1.274555e-03 9.999992e-01 2.357180e-04 7.157690e-01 8.329407e-04 -2.367791e-04 9.999996e-01 -7.010959e+01
9.999926e-01 7.018341e-04 -3.770721e-03 1.111187e+02 -6.964449e-04 9.999987e-01 1.430431e-03 7.471725e-01 3.771720e-03 -1.427795e-03 9.999919e-01 -6.859910e+01
9.999977e-01 -1.714729e-03 -1.317875e-03 1.103463e+02 1.715697e-03 9.999983e-01 7.339689e-04 8.108217e-01 1.316614e-03 -7.362276e-04 9.999989e-01 -6.697350e+01
9.999844e-01 3.602202e-04 -5.578686e-03 1.085811e+02 -3.520676e-04 9.999989e-01 1.462350e-03 9.330600e-01 5.579206e-03 -1.460364e-03 9.999834e-01 -6.569731e+01
9.999996e-01 -8.492869e-04 -3.379952e-04 1.083145e+02 8.493665e-04 9.999996e-01 2.344956e-04 9.622831e-01 3.377962e-04 -2.347820e-04 9.999999e-01 -6.430856e+01
9.999675e-01 1.832789e-03 -7.854720e-03 1.107505e+02 -1.826756e-03 9.999980e-01 7.752670e-04 8.556802e-01 7.856125e-03 -7.608938e-04 9.999689e-01 -6.275660e+01
9.999961e-01 -1.685474e-03 2.246587e-03 1.108974e+02 1.684315e-03 9.999984e-01 5.179908e-04 8.435618e-01 -2.247457e-03 -5.142042e-04 9.999973e-01 -6.137258e+01
9.999623e-01 1.586461e-03 -8.532147e-03 1.109712e+02 -1.581322e-03 9.999986e-01 6.090606e-04 8.565061e-01 8.533100e-03 -5.955462e-04 9.999634e-01 -6.133986e+01
9.999836e-01 -2.305839e-03 5.249918e-03 1.120343e+02 2.308011e-03 9.999973e-01 -4.077267e-04 8.658041e-01 -5.248963e-03 4.198375e-04 9.999861e-01 -6.217410e+01
9.998944e-01 2.272012e-03 -1.435329e-02 1.140278e+02 -2.250382e-03 9.999963e-01 1.522997e-03 8.193120e-01 1.435670e-02 -1.490537e-03 9.998958e-01 -6.216825e+01
9.999900e-01 -1.453177e-03 4.230694e-03 1.171309e+02 1.454190e-03 9.999989e-01 -2.362006e-04 7.268963e-01 -4.230346e-03 2.423511e-04 9.999910e-01 -6.156028e+01
9.999193e-01 2.442362e-03 -1.246610e-02 1.193011e+02 -2.423558e-03 9.999959e-01 1.523325e-03 6.291516e-01 1.246977e-02 -1.492990e-03 9.999211e-01 -5.997973e+01
9.999966e-01 -1.630357e-03 2.055055e-03 1.226412e+02 1.630317e-03 9.999987e-01 2.158763e-05 4.964903e-01 -2.055087e-03 -1.823653e-05 9.999979e-01 -5.787435e+01
9.999329e-01 1.974528e-03 -1.141776e-02 1.260126e+02 -1.962869e-03 9.999975e-01 1.032280e-03 4.244571e-01 1.141977e-02 -1.009799e-03 9.999343e-01 -5.749331e+01
9.999849e-01 -1.983784e-03 5.121750e-03 1.263840e+02 1.981349e-03 9.999979e-01 4.804232e-04 4.509092e-01 -5.122692e-03 -4.702674e-04 9.999868e-01 -5.739662e+01
9.999479e-01 1.243613e-03 -1.012691e-02 1.262013e+02 -1.232113e-03 9.999986e-01 1.141756e-03 5.157295e-01 1.012831e-02 -1.129219e-03 9.999481e-01 -5.650252e+01
9.999856e-01 -2.822225e-03 4.571468e-03 1.241923e+02 2.815349e-03 9.999949e-01 1.509860e-03 6.654029e-01 -4.575706e-03 -1.496967e-03 9.999884e-01 -5.458353e+01
9.999514e-01 2.439130e-03 -9.551067e-03 1.234020e+02 -2.442450e-03 9.999970e-01 -3.359521e-04 7.144641e-01 9.550218e-03 3.592631e-04 9.999543e-01 -5.387739e+01
9.999886e-01 -3.033171e-03 3.678287e-03 1.221740e+02 3.027238e-03 9.999941e-01 1.617754e-03 7.841967e-01 -3.683172e-03 -1.606600e-03 9.999919e-01 -5.325596e+01
9.999555e-01 2.177918e-03 -9.179736e-03 1.210842e+02 -2.178533e-03 9.999976e-01 -5.696429e-05 8.605356e-01 9.179590e-03 7.695950e-05 9.999579e-01 -5.214363e+01
9.999856e-01 -3.935961e-03 3.651536e-03 1.188929e+02 3.926802e-03 9.999891e-01 2.512095e-03 1.017341e+00 -3.661384e-03 -2.497719e-03 9.999902e-01 -5.017093e+01
9.999447e-01 1.149492e-03 -1.044962e-02 1.152833e+02 -1.146189e-03 9.999993e-01 3.221170e-04 1.267470e+00 1.044999e-02 -3.101226e-04 9.999453e-01 -4.760713e+01
9.999876e-01 -2.634832e-03 4.220749e-03 1.130837e+02 2.626211e-03 9.999945e-01 2.046744e-03 1.424568e+00 -4.226119e-03 -2.035633e-03 9.999890e-01 -4.588411e+01
9.999563e-01 2.071161e-03 -9.116135e-03 1.121076e+02 -2.076272e-03 9.999977e-01 -5.511386e-04 1.504710e+00 9.114972e-03 5.700414e-04 9.999583e-01 -4.480700e+01
9.999837e-01 -3.015978e-03 4.843946e-03 1.106646e+02 3.005257e-03 9.999930e-01 2.219162e-03 1.624890e+00 -4.850605e-03 -2.204568e-03 9.999858e-01 -4.337198e+01
9.999461e-01 1.382188e-03 -1.028843e-02 1.087405e+02 -1.383104e-03 9.999990e-01 -8.190835e-05 1.763919e+00 1.028831e-02 9.613329e-05 9.999471e-01 -4.159171e+01
9.999864e-01 -3.128862e-03 4.183044e-03 1.066962e+02 3.118696e-03 9.999922e-01 2.434584e-03 1.911081e+00 -4.190629e-03 -2.421505e-03 9.999883e-01 -3.988109e+01
9.999422e-01 2.216959e-03 -1.052015e-02 1.053701e+02 -2.223392e-03 9.999973e-01 -5.998133e-04 2.003958e+00 1.051879e-02 6.231684e-04 9.999445e-01 -3.875115e+01
9.999836e-01 -2.451161e-03 5.166753e-03 1.049139e+02 2.441410e-03 9.999952e-01 1.892673e-03 2.034272e+00 -5.171367e-03 -1.880027e-03 9.999849e-01 -3.818048e+01
9.999471e-01 2.292044e-03 -1.002637e-02 1.045482e+02 -2.301127e-03 9.999970e-01 -8.945241e-04 2.061832e+00 1.002429e-02 9.175481e-04 9.999493e-01 -3.767497e+01
9.999844e-01 -2.515111e-03 4.996892e-03 1.045358e+02 2.504750e-03 9.999947e-01 2.078815e-03 2.086463e+00 -5.002094e-03 -2.066266e-03 9.999854e-01 -3.723675e+01
9.999524e-01 2.145620e-03 -9.518487e-03 1.040298e+02 -2.152105e-03 9.999975e-01 -6.710676e-04 2.126535e+00 9.517023e-03 6.915198e-04 9.999545e-01 -3.644215e+01
9.999873e-01 -2.371336e-03 4.449005e-03 1.036779e+02 2.362651e-03 9.999953e-01 1.956408e-03 2.149377e+00 -4.453623e-03 -1.945872e-03 9.999882e-01 -3.580565e+01
9.999532e-01 2.235974e-03 -9.416586e-03 1.033314e+02 -2.243225e-03 9.999972e-01 -7.594334e-04 2.169237e+00 9.414861e-03 7.805208e-04 9.999554e-01 -3.526164e+01
9.999907e-01 -2.516611e-03 3.501809e-03 1.030867e+02 2.509393e-03 9.999947e-01 2.064288e-03 2.191306e+00 -3.506986e-03 -2.055481e-03 9.999917e-01 -3.485999e+01
9.999294e-01 1.580444e-03 -1.177852e-02 1.000887e+02 -1.586000e-03 9.999986e-01 -4.623550e-04 2.334696e+00 1.177777e-02 4.810024e-04 9.999305e-01 -3.456969e+01
9.999872e-01 -2.461854e-03 4.409710e-03 9.803592e+01 2.452500e-03 9.999947e-01 2.125540e-03 2.447496e+00 -4.414919e-03 -2.114698e-03 9.999880e-01 -3.392233e+01
9.999434e-01 2.492453e-03 -1.034634e-02 9.874917e+01 -2.501357e-03 9.999965e-01 -8.477091e-04 2.426444e+00 1.034419e-02 8.735404e-04 9.999461e-01 -3.327987e+01
9.999865e-01 -2.278324e-03 4.665359e-03 9.975841e+01 2.270900e-03 9.999961e-01 1.596105e-03 2.399686e+00 -4.668978e-03 -1.585488e-03 9.999878e-01 -3.303170e+01
9.999458e-01 2.269263e-03 -1.016472e-02 1.006950e+02 -2.279437e-03 9.999969e-01 -9.893923e-04 2.386313e+00 1.016244e-02 1.012508e-03 9.999478e-01 -3.304411e+01
9.999818e-01 -2.528344e-03 5.474861e-03 1.014339e+02 2.519162e-03 9.999954e-01 1.683370e-03 2.377142e+00 -5.479091e-03 -1.669546e-03 9.999836e-01 -3.322627e+01
9.999497e-01 2.389595e-03 -9.737773e-03 1.017913e+02 -2.401635e-03 9.999964e-01 -1.224846e-03 2.372809e+00 9.734811e-03 1.248171e-03 9.999518e-01 -3.359413e+01
9.999863e-01 -2.295354e-03 4.709363e-03 1.020243e+02 2.286547e-03 9.999956e-01 1.874704e-03 2.367670e+00 -4.713645e-03 -1.863909e-03 9.999872e-01 -3.364784e+01
9.999474e-01 2.548503e-03 -9.938589e-03 1.023126e+02 -2.559250e-03 9.999962e-01 -1.068820e-03 2.354457e+00 9.935827e-03 1.094198e-03 9.999500e-01 -3.347209e+01
9.999876e-01 -2.302263e-03 4.423716e-03 1.029030e+02 2.294145e-03 9.999957e-01 1.839415e-03 2.330570e+00 -4.427931e-03 -1.829243e-03 9.999885e-01 -3.315009e+01
9.999587e-01 1.327147e-03 -8.986175e-03 1.019582e+02 -1.328589e-03 9.999991e-01 -1.544389e-04 2.396310e+00 8.985962e-03 1.663708e-04 9.999596e-01 -3.196078e+01
9.999909e-01 -1.987762e-03 3.773993e-03 1.013373e+02 1.980242e-03 9.999960e-01 1.995305e-03 2.446618e+00 -3.777944e-03 -1.987813e-03 9.999909e-01 -3.070853e+01
9.999478e-01 2.062233e-03 -1.000600e-02 1.024430e+02 -2.073276e-03 9.999973e-01 -1.093313e-03 2.420609e+00 1.000372e-02 1.114001e-03 9.999493e-01 -3.057226e+01
9.999892e-01 -1.757573e-03 4.308016e-03 1.030405e+02 1.749363e-03 9.999966e-01 1.908867e-03 2.409926e+00 -4.311356e-03 -1.901309e-03 9.999889e-01 -3.057091e+01
9.999442e-01 1.951647e-03 -1.038493e-02 1.037810e+02 -1.962661e-03 9.999975e-01 -1.050499e-03 2.391522e+00 1.038285e-02 1.070822e-03 9.999455e-01 -3.049265e+01
9.999891e-01 -1.437498e-03 4.439683e-03 1.046733e+02 1.429305e-03 9.999973e-01 1.847917e-03 2.360278e+00 -4.442327e-03 -1.841551e-03 9.999884e-01 -3.025768e+01
9.999436e-01 1.998838e-03 -1.042825e-02 1.052404e+02 -2.008483e-03 9.999976e-01 -9.144353e-04 2.332720e+00 1.042640e-02 9.353281e-04 9.999452e-01 -2.983544e+01
9.999853e-01 -2.067370e-03 5.012585e-03 1.054184e+02 2.056570e-03 9.999956e-01 2.158932e-03 2.330323e+00 -5.017025e-03 -2.148591e-03 9.999851e-01 -2.917361e+01
9.999380e-01 2.212894e-03 -1.091761e-02 1.057836e+02 -2.224586e-03 9.999970e-01 -1.058905e-03 2.323625e+00 1.091523e-02 1.083126e-03 9.999398e-01 -2.872415e+01
9.999837e-01 -2.517686e-03 5.126287e-03 1.058438e+02 2.505332e-03 9.999939e-01 2.414922e-03 2.334492e+00 -5.132335e-03 -2.402039e-03 9.999839e-01 -2.812268e+01
9.999308e-01 2.250828e-03 -1.154565e-02 1.065133e+02 -2.264087e-03 9.999968e-01 -1.135406e-03 2.339734e+00 1.154305e-02 1.161467e-03 9.999327e-01 -2.790015e+01
9.999776e-01 -2.579556e-03 6.171417e-03 1.067935e+02 2.564135e-03 9.999936e-01 2.505523e-03 2.354976e+00 -6.177840e-03 -2.489642e-03 9.999778e-01 -2.741253e+01
9.999290e-01 2.213638e-03 -1.170541e-02 1.066147e+02 -2.227013e-03 9.999969e-01 -1.129708e-03 2.372153e+00 1.170287e-02 1.155696e-03 9.999309e-01 -2.679788e+01
9.999802e-01 -2.380942e-03 5.825227e-03 1.065025e+02 2.368622e-03 9.999949e-01 2.120931e-03 2.387548e+00 -5.830247e-03 -2.107090e-03 9.999808e-01 -2.658355e+01
9.999440e-01 2.123901e-03 -1.036895e-02 1.069906e+02 -2.141185e-03 9.999963e-01 -1.656082e-03 2.391162e+00 1.036539e-02 1.678191e-03 9.999449e-01 -2.722291e+01
9.999741e-01 -2.769929e-03 6.639828e-03 1.080804e+02 2.756359e-03 9.999941e-01 2.052196e-03 2.403751e+00 -6.645473e-03 -2.033841e-03 9.999759e-01 -2.817334e+01
9.999254e-01 2.838395e-03 -1.187733e-02 1.085796e+02 -2.854058e-03 9.999951e-01 -1.301955e-03 2.400498e+00 1.187358e-02 1.335756e-03 9.999286e-01 -2.834408e+01
9.999783e-01 -2.754579e-03 5.989727e-03 1.088801e+02 2.740629e-03 9.999935e-01 2.335999e-03 2.392747e+00 -5.996122e-03 -2.319532e-03 9.999793e-01 -2.806199e+01
9.999345e-01 2.272445e-03 -1.121564e-02 1.083633e+02 -2.281989e-03 9.999970e-01 -8.382268e-04 2.427966e+00 1.121370e-02 8.637653e-04 9.999368e-01 -2.726009e+01
9.999804e-01 -3.070531e-03 5.459180e-03 1.074191e+02 3.057006e-03 9.999922e-01 2.484056e-03 2.493334e+00 -5.466765e-03 -2.467318e-03 9.999820e-01 -2.637737e+01
9.999374e-01 2.145257e-03 -1.098510e-02 1.063969e+02 -2.152033e-03 9.999975e-01 -6.050368e-04 2.566521e+00 1.098378e-02 6.286386e-04 9.999395e-01 -2.532608e+01
9.999775e-01 -3.109685e-03 5.947003e-03 1.054457e+02 3.095302e-03 9.999923e-01 2.426233e-03 2.634376e+00 -5.954502e-03 -2.407770e-03 9.999794e-01 -2.416146e+01
9.999376e-01 2.607772e-03 -1.086427e-02 1.050739e+02 -2.616746e-03 9.999962e-01 -8.117929e-04 2.663561e+00 1.086212e-02 8.401707e-04 9.999407e-01 -2.299102e+01
9.999816e-01 -2.379312e-03 5.588115e-03 1.056386e+02 2.369193e-03 9.999955e-01 1.816831e-03 2.639390e+00 -5.592412e-03 -1.803557e-03 9.999827e-01 -2.228375e+01
9.999586e-01 -3.459778e-04 -9.088758e-03 1.075366e+02 3.311315e-04 9.999986e-01 -1.634894e-03 2.672166e+00 9.089310e-03 1.631816e-03 9.999574e-01 -2.432091e+01
9.999519e-01 -2.654933e-03 9.446760e-03 1.099482e+02 2.646329e-03 9.999961e-01 9.232031e-04 2.731004e+00 -9.449174e-03 -8.981589e-04 9.999550e-01 -2.784915e+01
9.999220e-01 9.413866e-04 -1.245294e-02 1.118553e+02 -9.486235e-04 9.999994e-01 -5.752127e-04 2.767230e+00 1.245240e-02 5.869804e-04 9.999223e-01 -3.003325e+01
