9.999983e-01 -4.448211e-04 -1.767275e-03 1.175671e-01 4.450958e-04 9.999999e-01 1.550535e-04 -1.405200e-03 1.767206e-03 -1.558404e-04 9.999985e-01 1.026212e-02
9.999998e-01 3.143149e-04 -4.645002e-04 2.283990e-01 -3.143323e-04 9.999999e-01 -3.749179e-05 -3.701574e-03 4.644880e-04 3.763830e-05 9.999998e-01 3.672587e-02
9.999989e-01 -9.106393e-04 -1.207424e-03 2.509572e-01 9.108057e-04 9.999996e-01 1.372988e-04 -3.879931e-03 1.207299e-03 -1.383989e-04 9.999994e-01 6.011333e-02
1.000000e+00 2.502093e-04 -1.666545e-04 2.962718e-01 -2.502142e-04 1.000000e+00 -2.941195e-05 -4.387985e-03 1.666465e-04 2.945418e-05 9.999999e-01 3.911478e-02
9.999991e-01 -1.139495e-03 -6.993305e-04 3.386682e-01 1.139500e-03 9.999994e-01 6.759718e-06 -4.589813e-03 6.993230e-04 -7.557124e-06 9.999999e-01 -9.049496e-03
9.999996e-01 4.348652e-04 -7.998689e-04 3.297908e-01 -4.348392e-04 9.999999e-01 3.263200e-05 -4.625866e-03 7.998821e-04 -3.228365e-05 9.999996e-01 -2.508829e-02
9.999991e-01 -1.307949e-03 2.491697e-04 3.254000e-01 1.307975e-03 9.999991e-01 -1.045863e-04 -4.533592e-03 -2.490317e-04 1.049116e-04 1.000000e+00 -4.245777e-02
9.999990e-01 6.005548e-04 -1.252760e-03 3.182623e-01 -6.003361e-04 9.999998e-01 1.749751e-04 -4.600027e-03 1.252864e-03 -1.742223e-04 9.999991e-01 -7.061502e-02
9.999990e-01 -7.629005e-04 1.220738e-03 2.507983e-01 7.633909e-04 9.999996e-01 -4.013575e-04 -4.865077e-03 -1.220430e-03 4.022885e-04 9.999993e-01 -1.533247e-02
9.999994e-01 5.916418e-05 -1.073687e-03 2.288328e-01 -5.883183e-05 1.000000e+00 3.095439e-04 -4.702260e-03 1.073704e-03 -3.094801e-04 9.999993e-01 -2.010669e-02
9.999996e-01 7.481037e-04 3.942852e-04 2.307249e-01 -7.477755e-04 9.999994e-01 -8.319043e-04 -6.642078e-03 -3.949062e-04 8.316087e-04 9.999997e-01 6.089328e-02
9.999982e-01 -6.832139e-04 -1.770119e-03 2.083364e-01 6.844390e-04 9.999995e-01 6.915501e-04 -6.840749e-03 1.769644e-03 -6.927599e-04 9.999981e-01 1.290428e-01
9.999999e-01 -9.756906e-06 4.020884e-04 1.785527e-01 1.004347e-05 9.999997e-01 -7.127589e-04 -6.793857e-03 -4.020800e-04 7.127625e-04 9.999998e-01 1.413911e-01
9.999990e-01 -8.541904e-04 -1.156708e-03 1.981780e-01 8.548990e-04 9.999994e-01 6.122113e-04 -6.808723e-03 1.156183e-03 -6.131991e-04 9.999990e-01 1.240735e-01
9.999999e-01 -3.415220e-05 3.538048e-04 2.466479e-01 3.433455e-05 9.999999e-01 -5.154794e-04 -7.135904e-03 -3.537856e-04 5.154911e-04 9.999999e-01 7.826137e-02
9.999988e-01 -9.372712e-04 -1.214268e-03 2.771492e-01 9.379751e-04 9.999994e-01 5.791936e-04 -7.124316e-03 1.213723e-03 -5.803314e-04 9.999990e-01 2.735750e-02
9.999965e-01 3.608940e-04 2.611682e-03 3.710023e-01 -3.619482e-04 9.999999e-01 4.031691e-04 -7.671176e-03 -2.611535e-03 -4.041135e-04 9.999966e-01 -6.400889e-02
9.999982e-01 -1.479602e-03 -1.148545e-03 4.148385e-01 1.479013e-03 9.999988e-01 -5.141561e-04 -7.088201e-03 1.149303e-03 5.124570e-04 9.999991e-01 -1.836034e-01
9.999978e-01 1.091344e-03 1.769332e-03 4.732159e-01 -1.092034e-03 9.999993e-01 3.894703e-04 -8.029185e-03 -1.768904e-03 -3.914021e-04 9.999985e-01 -2.279331e-01
9.999984e-01 1.417055e-04 -1.797420e-03 4.665307e-01 -1.428096e-04 9.999998e-01 -6.141415e-04 -1.123968e-02 1.797331e-03 6.143977e-04 9.999981e-01 -1.542134e-01
9.999975e-01 -3.215721e-04 2.219448e-03 4.305815e-01 3.211036e-04 9.999999e-01 2.114528e-04 -1.051079e-02 -2.219515e-03 -2.107400e-04 9.999976e-01 -1.350691e-01
9.999979e-01 -5.737379e-04 -1.967201e-03 4.234271e-01 5.730326e-04 9.999998e-01 -3.590814e-04 -1.007181e-02 1.967405e-03 3.579538e-04 9.999979e-01 -1.765829e-01
9.999987e-01 3.045405e-04 1.574719e-03 4.370680e-01 -3.049029e-04 9.999999e-01 2.298819e-04 -1.025183e-02 -1.574648e-03 -2.303622e-04 9.999988e-01 -2.158233e-01
9.999981e-01 -8.758382e-04 -1.740869e-03 4.535774e-01 8.753532e-04 9.999996e-01 -2.793717e-04 -1.046726e-02 1.741111e-03 2.778477e-04 9.999983e-01 -2.303793e-01
9.999968e-01 -2.745705e-04 2.514035e-03 5.009483e-01 2.739485e-04 9.999999e-01 2.477392e-04 -1.022267e-02 -2.514102e-03 -2.470501e-04 9.999969e-01 -3.138977e-01
9.999935e-01 2.174229e-04 -3.603277e-03 6.652757e-01 -2.208141e-04 9.999995e-01 -9.407791e-04 -1.387633e-02 3.603069e-03 9.415690e-04 9.999930e-01 -3.372611e-01
9.999915e-01 -1.137631e-03 3.968854e-03 7.489726e-01 1.131238e-03 9.999981e-01 1.612678e-03 -1.462411e-02 -3.970679e-03 -1.608175e-03 9.999909e-01 -3.775991e-01
9.999949e-01 -1.425494e-04 -3.197312e-03 7.930586e-01 1.368271e-04 9.999984e-01 -1.789885e-03 -1.443251e-02 3.197561e-03 1.789439e-03 9.999932e-01 -4.775791e-01
9.999930e-01 -5.609600e-04 3.705169e-03 7.891058e-01 5.545186e-04 9.999983e-01 1.739280e-03 -1.426552e-02 -3.706137e-03 -1.737213e-03 9.999917e-01 -5.298172e-01
9.999949e-01 -5.120257e-04 -3.164827e-03 8.172476e-01 5.061390e-04 9.999981e-01 -1.860560e-03 -1.403667e-02 3.165773e-03 1.858949e-03 9.999932e-01 -6.070255e-01
9.999935e-01 -2.288419e-04 3.589570e-03 8.363548e-01 2.220428e-04 9.999982e-01 1.894402e-03 -1.400132e-02 -3.589996e-03 -1.893593e-03 9.999919e-01 -6.639462e-01
9.999883e-01 8.722025e-04 -4.750977e-03 9.217373e-01 -8.836386e-04 9.999967e-01 -2.405540e-03 -1.779883e-02 4.748862e-03 2.409711e-03 9.999857e-01 -6.386715e-01
9.999879e-01 -9.695076e-04 4.829783e-03 9.277623e-01 9.555243e-04 9.999953e-01 2.896686e-03 -1.820194e-02 -4.832567e-03 -2.892037e-03 9.999842e-01 -6.037255e-01
9.999897e-01 3.097703e-05 -4.540018e-03 9.385111e-01 -4.458802e-05 9.999955e-01 -2.997936e-03 -1.777742e-02 4.539903e-03 2.998108e-03 9.999851e-01 -6.557137e-01
9.999891e-01 -3.622836e-04 4.651886e-03 9.276207e-01 3.487007e-04 9.999957e-01 2.920329e-03 -1.764366e-02 -4.652922e-03 -2.918676e-03 9.999850e-01 -6.791850e-01
9.999861e-01 1.102789e-03 -5.149739e-03 8.832168e-01 -1.118659e-03 9.999946e-01 -3.079763e-03 -1.856141e-02 5.146314e-03 3.085481e-03 9.999819e-01 -6.259335e-01
9.999891e-01 -3.218225e-04 4.665724e-03 8.213961e-01 3.096925e-04 9.999966e-01 2.600293e-03 -1.884947e-02 -4.666544e-03 -2.598820e-03 9.999858e-01 -5.638135e-01
9.999849e-01 1.184873e-03 -5.357248e-03 7.548819e-01 -1.200524e-03 9.999950e-01 -2.919335e-03 -1.957167e-02 5.353761e-03 2.925723e-03 9.999813e-01 -4.911501e-01
9.999944e-01 1.433936e-03 3.011305e-03 7.864250e-01 -1.440342e-03 9.999967e-01 2.126241e-03 -2.424458e-02 -3.008245e-03 -2.130566e-03 9.999933e-01 -3.200712e-01
9.999937e-01 -5.582551e-04 -3.511710e-03 7.798654e-01 5.494272e-04 9.999967e-01 -2.514313e-03 -2.612094e-02 3.513101e-03 2.512368e-03 9.999906e-01 -2.091086e-01
9.999958e-01 6.762359e-04 2.804074e-03 7.016987e-01 -6.824716e-04 9.999973e-01 2.223429e-03 -2.581299e-02 -2.802562e-03 -2.225334e-03 9.999937e-01 -1.764050e-01
9.999949e-01 -4.151747e-04 -3.174128e-03 6.139373e-01 4.068180e-04 9.999965e-01 -2.632944e-03 -2.554240e-02 3.175208e-03 2.631639e-03 9.999914e-01 -1.318214e-01
9.999943e-01 1.969310e-03 2.726211e-03 5.926982e-01 -1.974804e-03 9.999960e-01 2.013956e-03 -2.844424e-02 -2.722232e-03 -2.019329e-03 9.999944e-01 -3.264348e-02
9.999832e-01 1.779949e-03 -5.523165e-03 8.473518e-01 -1.789567e-03 9.999969e-01 -1.736799e-03 -3.479485e-02 5.520055e-03 1.746654e-03 9.999831e-01 2.012832e-01
9.999490e-01 -6.086992e-04 1.008398e-02 1.082312e+00 5.806533e-04 9.999960e-01 2.783923e-03 -3.970195e-02 -1.008564e-02 -2.777925e-03 9.999454e-01 2.954658e-01
9.999510e-01 1.528921e-03 -9.776814e-03 1.055084e+00 -1.557398e-03 9.999946e-01 -2.905791e-03 -4.164036e-02 9.772317e-03 2.920875e-03 9.999479e-01 3.888799e-01
9.999625e-01 -8.496843e-04 8.618479e-03 9.894521e-01 8.278340e-04 9.999964e-01 2.538535e-03 -4.160079e-02 -8.620604e-03 -2.531305e-03 9.999597e-01 4.610028e-01
9.999591e-01 1.219789e-03 -8.964295e-03 9.124357e-01 -1.243164e-03 9.999958e-01 -2.602484e-03 -4.221991e-02 8.961082e-03 2.613522e-03 9.999563e-01 5.303014e-01
9.999649e-01 -5.101018e-04 8.364561e-03 8.397534e-01 4.917198e-04 9.999975e-01 2.199514e-03 -4.224512e-02 -8.365660e-03 -2.195323e-03 9.999627e-01 5.946366e-01
9.999544e-01 1.828393e-03 -9.373784e-03 7.997432e-01 -1.853694e-03 9.999947e-01 -2.691213e-03 -4.336926e-02 9.368812e-03 2.708466e-03 9.999523e-01 6.923480e-01
9.999561e-01 -1.606455e-03 9.231865e-03 7.547561e-01 1.583257e-03 9.999956e-01 2.519569e-03 -4.438563e-02 -9.235869e-03 -2.504841e-03 9.999543e-01 7.463434e-01
9.999521e-01 1.684116e-03 -9.645725e-03 6.847439e-01 -1.710674e-03 9.999948e-01 -2.745776e-03 -4.440216e-02 9.641048e-03 2.762145e-03 9.999496e-01 7.888683e-01
9.999593e-01 -1.417801e-03 8.905733e-03 6.055633e-01 1.395576e-03 9.999959e-01 2.501338e-03 -4.448421e-02 -8.909241e-03 -2.488808e-03 9.999573e-01 8.428609e-01
9.999516e-01 2.017716e-03 -9.630677e-03 5.526730e-01 -2.044054e-03 9.999942e-01 -2.725741e-03 -4.544699e-02 9.625119e-03 2.745294e-03 9.999498e-01 9.179420e-01
9.999820e-01 1.315395e-03 5.859564e-03 8.377345e-01 -1.334253e-03 9.999939e-01 3.215557e-03 -5.135225e-02 -5.855296e-03 -3.223317e-03 9.999778e-01 1.147223e+00
9.999889e-01 2.572674e-03 -3.941292e-03 1.233657e+00 -2.580411e-03 9.999948e-01 -1.959232e-03 -5.931138e-02 3.936229e-03 1.969380e-03 9.999902e-01 1.350522e+00
9.999791e-01 -6.507972e-04 6.435642e-03 1.401835e+00 6.368079e-04 9.999974e-01 2.175541e-03 -6.335076e-02 -6.437040e-03 -2.171397e-03 9.999770e-01 1.500523e+00
9.999722e-01 2.859805e-03 -6.882724e-03 1.373433e+00 -2.878486e-03 9.999922e-01 -2.705887e-03 -6.721191e-02 6.874930e-03 2.725623e-03 9.999726e-01 1.661485e+00
9.999763e-01 -1.310698e-03 6.759941e-03 1.325177e+00 1.295150e-03 9.999965e-01 2.303950e-03 -6.931961e-02 -6.762935e-03 -2.295140e-03 9.999746e-01 1.787912e+00
9.999723e-01 2.708738e-03 -6.928400e-03 1.259811e+00 -2.727817e-03 9.999925e-01 -2.745738e-03 -7.096403e-02 6.920908e-03 2.764561e-03 9.999721e-01 1.895728e+00
9.999855e-01 -8.199999e-04 5.325147e-03 1.275854e+00 8.082998e-04 9.999973e-01 2.198908e-03 -7.423573e-02 -5.326934e-03 -2.194571e-03 9.999835e-01 2.034803e+00
9.999751e-01 1.142575e-03 -6.958826e-03 1.334253e+00 -1.158915e-03 9.999966e-01 -2.344558e-03 -7.648414e-02 6.956121e-03 2.352564e-03 9.999729e-01 2.109521e+00
9.999861e-01 -3.258721e-04 5.266795e-03 1.399908e+00 3.135928e-04 9.999972e-01 2.332110e-03 -7.981049e-02 -5.267538e-03 -2.330426e-03 9.999835e-01 2.217995e+00
9.999773e-01 1.491041e-03 -6.570603e-03 1.460006e+00 -1.506681e-03 9.999960e-01 -2.376027e-03 -8.412881e-02 6.567031e-03 2.385873e-03 9.999755e-01 2.344475e+00
9.999828e-01 6.776154e-04 5.822094e-03 1.555521e+00 -6.912757e-04 9.999970e-01 2.344590e-03 -8.901727e-02 -5.820485e-03 -2.348575e-03 9.999804e-01 2.501282e+00
9.999711e-01 1.513929e-03 -7.448156e-03 1.628231e+00 -1.532303e-03 9.999958e-01 -2.461773e-03 -9.346122e-02 7.444395e-03 2.473114e-03 9.999691e-01 2.666191e+00
9.999797e-01 1.257194e-03 6.244793e-03 1.644625e+00 -1.268310e-03 9.999976e-01 1.776489e-03 -9.786545e-02 -6.242542e-03 -1.784373e-03 9.999790e-01 2.861504e+00
9.999850e-01 2.313459e-03 -4.964911e-03 1.593946e+00 -2.323102e-03 9.999954e-01 -1.937495e-03 -1.014542e-01 4.960403e-03 1.949000e-03 9.999857e-01 3.073713e+00
9.999896e-01 -8.317665e-04 4.474527e-03 1.502729e+00 8.250923e-04 9.999985e-01 1.493225e-03 -1.032822e-01 -4.475760e-03 -1.489517e-03 9.999890e-01 3.195372e+00
9.999861e-01 2.882990e-03 -4.416763e-03 1.415204e+00 -2.890167e-03 9.999945e-01 -1.619591e-03 -1.053363e-01 4.412067e-03 1.632334e-03 9.999888e-01 3.333162e+00
9.999914e-01 -8.925466e-04 4.048263e-03 1.336279e+00 8.880846e-04 9.999990e-01 1.103846e-03 -1.066459e-01 -4.049241e-03 -1.100241e-03 9.999913e-01 3.463910e+00
9.999826e-01 2.027719e-03 -5.537801e-03 1.257398e+00 -2.034948e-03 9.999971e-01 -1.300113e-03 -1.075466e-01 5.535145e-03 1.311359e-03 9.999837e-01 3.568870e+00
9.999911e-01 -8.867968e-04 4.127163e-03 1.170276e+00 8.826694e-04 9.999991e-01 1.001755e-03 -1.080918e-01 -4.128045e-03 -9.981032e-04 9.999911e-01 3.655232e+00
9.999862e-01 2.192268e-03 -4.776033e-03 1.061056e+00 -2.199294e-03 9.999965e-01 -1.466412e-03 -1.090331e-01 4.772798e-03 1.476895e-03 9.999874e-01 3.762252e+00
9.999899e-01 1.373643e-04 4.486688e-03 9.627897e-01 -1.448891e-04 9.999986e-01 1.676864e-03 -1.101686e-01 -4.486448e-03 -1.677497e-03 9.999886e-01 3.902063e+00
9.999705e-01 3.340667e-03 -6.913663e-03 1.059610e+00 -3.363893e-03 9.999887e-01 -3.350501e-03 -1.182244e-01 6.902388e-03 3.373658e-03 9.999704e-01 4.135600e+00
9.999906e-01 -5.193660e-04 4.294465e-03 1.237770e+00 5.043068e-04 9.999937e-01 3.506985e-03 -1.243162e-01 -4.296255e-03 -3.504786e-03 9.999847e-01 4.304491e+00
9.999862e-01 8.406434e-04 -5.191103e-03 1.230272e+00 -8.598824e-04 9.999928e-01 -3.705050e-03 -1.246761e-01 5.187947e-03 3.709462e-03 9.999796e-01 4.374758e+00
9.999947e-01 -6.646778e-04 3.199804e-03 1.174717e+00 6.527970e-04 9.999929e-01 3.712590e-03 -1.250680e-01 -3.202245e-03 -3.710481e-03 9.999881e-01 4.434246e+00
9.999854e-01 8.437547e-04 -5.333573e-03 1.115310e+00 -8.634702e-04 9.999928e-01 -3.695273e-03 -1.253390e-01 5.330412e-03 3.699824e-03 9.999788e-01 4.497720e+00
9.999895e-01 4.378934e-05 4.573445e-03 1.180298e+00 -5.752867e-05 9.999955e-01 3.004067e-03 -1.273110e-01 -4.573289e-03 -3.004298e-03 9.999851e-01 4.608203e+00
9.999834e-01 -9.891305e-06 -5.759988e-03 1.289549e+00 -3.605786e-06 9.999973e-01 -2.343237e-03 -1.281966e-01 5.759991e-03 2.343218e-03 9.999806e-01 4.625292e+00
9.999832e-01 -1.270249e-03 5.650883e-03 1.372162e+00 1.256423e-03 9.999962e-01 2.449527e-03 -1.281899e-01 -5.653968e-03 -2.442386e-03 9.999811e-01 4.525541e+00
9.999770e-01 2.721371e-04 -6.780791e-03 1.520290e+00 -2.889222e-04 9.999969e-01 -2.474524e-03 -1.289315e-01 6.780092e-03 2.476426e-03 9.999738e-01 4.456053e+00
9.999783e-01 -1.229271e-03 6.470377e-03 1.616902e+00 1.209260e-03 9.999945e-01 3.095696e-03 -1.294475e-01 -6.474142e-03 -3.087804e-03 9.999744e-01 4.386490e+00
9.999712e-01 1.363730e-03 -7.468516e-03 1.678973e+00 -1.386434e-03 9.999944e-01 -3.035680e-03 -1.310742e-01 7.464330e-03 3.045947e-03 9.999674e-01 4.406734e+00
9.999799e-01 -6.788699e-04 6.309250e-03 1.625153e+00 6.605567e-04 9.999956e-01 2.904221e-03 -1.318962e-01 -6.311188e-03 -2.899994e-03 9.999760e-01 4.484072e+00
9.999724e-01 2.508787e-03 -6.987106e-03 1.594459e+00 -2.535354e-03 9.999896e-01 -3.795931e-03 -1.338410e-01 6.977505e-03 3.813540e-03 9.999683e-01 4.613741e+00
9.999814e-01 -1.293034e-03 5.961930e-03 1.575766e+00 1.273866e-03 9.999940e-01 3.217703e-03 -1.353566e-01 -5.966050e-03 -3.210048e-03 9.999772e-01 4.731452e+00
9.999724e-01 1.431213e-03 -7.291036e-03 1.541970e+00 -1.454734e-03 9.999938e-01 -3.221795e-03 -1.359887e-01 7.286374e-03 3.232312e-03 9.999681e-01 4.784029e+00
9.999838e-01 -1.107999e-03 5.584662e-03 1.559655e+00 1.089682e-03 9.999940e-01 3.281817e-03 -1.380065e-01 -5.588259e-03 -3.275677e-03 9.999791e-01 4.841374e+00
9.999751e-01 6.936268e-04 -7.022698e-03 1.531617e+00 -7.150038e-04 9.999951e-01 -3.041937e-03 -1.378400e-01 7.020548e-03 3.046881e-03 9.999706e-01 4.855224e+00
9.999764e-01 -9.825297e-05 6.862839e-03 1.473268e+00 7.986495e-05 9.999964e-01 2.679584e-03 -1.383760e-01 -6.863072e-03 -2.678972e-03 9.999730e-01 4.932935e+00
9.999693e-01 5.750974e-04 -7.811713e-03 1.421387e+00 -5.988106e-04 9.999952e-01 -3.033595e-03 -1.385755e-01 7.809925e-03 3.038179e-03 9.999648e-01 5.015178e+00
9.999735e-01 9.819649e-05 7.278754e-03 1.373178e+00 -1.169266e-04 9.999967e-01 2.572873e-03 -1.390267e-01 -7.278472e-03 -2.573655e-03 9.999703e-01 5.091366e+00
9.999663e-01 -2.750316e-04 -8.206530e-03 1.316531e+00 2.528775e-04 9.999963e-01 -2.700487e-03 -1.387886e-01 8.207236e-03 2.698320e-03 9.999626e-01 5.128223e+00
9.999823e-01 4.930393e-05 5.953974e-03 1.232747e+00 -6.750255e-05 9.999953e-01 3.056390e-03 -1.382855e-01 -5.953790e-03 -3.056737e-03 9.999777e-01 5.146723e+00
9.999734e-01 7.695199e-04 -7.247804e-03 1.144051e+00 -7.948556e-04 9.999936e-01 -3.493408e-03 -1.383766e-01 7.245063e-03 3.499075e-03 9.999675e-01 5.236980e+00
9.999794e-01 -2.968814e-04 6.406221e-03 1.081411e+00 2.737122e-04 9.999934e-01 3.617258e-03 -1.383595e-01 -6.407247e-03 -3.615429e-03 9.999730e-01 5.319914e+00
9.999725e-01 -2.409912e-04 -7.415978e-03 1.042259e+00 2.144236e-04 9.999936e-01 -3.583072e-03 -1.382670e-01 7.416787e-03 3.581382e-03 9.999660e-01 5.346967e+00
9.999680e-01 -5.278746e-04 7.980617e-03 1.062002e+00 5.018596e-04 9.999946e-01 3.261435e-03 -1.382281e-01 -7.982289e-03 -3.257325e-03 9.999629e-01 5.321285e+00
9.999658e-01 -8.250078e-05 -8.275230e-03 1.073157e+00 5.468701e-05 9.999943e-01 -3.361258e-03 -1.381046e-01 8.275454e-03 3.360689e-03 9.999600e-01 5.305034e+00
9.999720e-01 -4.429515e-04 7.465618e-03 1.048351e+00 4.186548e-04 9.999946e-01 3.255737e-03 -1.380593e-01 -7.467014e-03 -3.252519e-03 9.999669e-01 5.317461e+00
9.999595e-01 7.644035e-04 -8.966491e-03 9.862467e-01 -7.945109e-04 9.999941e-01 -3.354684e-03 -1.381285e-01 8.963867e-03 3.361671e-03 9.999541e-01 5.374284e+00
9.999702e-01 -4.458709e-05 7.718524e-03 9.296840e-01 1.983514e-05 9.999949e-01 3.206874e-03 -1.385498e-01 -7.718621e-03 -3.206625e-03 9.999652e-01 5.464767e+00
9.999731e-01 -7.825189e-04 -7.297726e-03 1.022092e+00 7.550145e-04 9.999926e-01 -3.770892e-03 -1.384436e-01 7.300616e-03 3.765280e-03 9.999662e-01 5.413130e+00
9.999779e-01 -9.742444e-05 6.650475e-03 1.234865e+00 7.141751e-05 9.999924e-01 3.910668e-03 -1.401248e-01 -6.650798e-03 -3.910106e-03 9.999703e-01 5.326949e+00
9.999732e-01 -8.214114e-04 -7.280198e-03 1.432498e+00 7.933804e-04 9.999923e-01 -3.852350e-03 -1.413423e-01 7.283299e-03 3.846470e-03 9.999660e-01 5.235648e+00
9.999775e-01 -1.128186e-04 6.701256e-03 1.661274e+00 8.588360e-05 9.999919e-01 4.019546e-03 -1.430130e-01 -6.701648e-03 -4.018879e-03 9.999696e-01 5.143659e+00
9.999792e-01 -7.200019e-04 -6.402964e-03 2.010248e+00 6.951987e-04 9.999923e-01 -3.875099e-03 -1.458074e-01 6.405697e-03 3.870566e-03 9.999719e-01 5.022741e+00
9.999742e-01 -2.290020e-04 7.175656e-03 2.322407e+00 1.992935e-04 9.999914e-01 4.140624e-03 -1.483838e-01 -7.176536e-03 -4.139087e-03 9.999658e-01 4.909064e+00
9.999675e-01 -4.896952e-04 -8.042894e-03 2.565147e+00 4.585918e-04 9.999924e-01 -3.868585e-03 -1.507057e-01 8.044721e-03 3.864770e-03 9.999601e-01 4.846119e+00
9.999690e-01 -7.072305e-04 7.836290e-03 2.837256e+00 6.757498e-04 9.999917e-01 4.019222e-03 -1.527779e-01 -7.839061e-03 -4.013801e-03 9.999613e-01 4.753660e+00
9.999660e-01 -3.635093e-04 -8.236901e-03 3.100392e+00 3.330075e-04 9.999931e-01 -3.704141e-03 -1.545138e-01 8.238184e-03 3.701271e-03 9.999591e-01 4.635320e+00
9.999719e-01 -2.720168e-04 7.488179e-03 3.342523e+00 2.408864e-04 9.999913e-01 4.157861e-03 -1.566720e-01 -7.489238e-03 -4.155940e-03 9.999634e-01 4.621593e+00
9.999665e-01 -1.434952e-04 -8.186861e-03 3.467893e+00 1.100355e-04 9.999916e-01 -4.087301e-03 -1.580892e-01 8.187372e-03 4.086262e-03 9.999580e-01 4.606448e+00
9.999738e-01 -8.290818e-04 7.193506e-03 3.557069e+00 7.980233e-04 9.999904e-01 4.319377e-03 -1.585166e-01 -7.197011e-03 -4.313523e-03 9.999649e-01 4.552527e+00
9.999663e-01 -2.594316e-04 -8.202259e-03 3.709183e+00 2.249556e-04 9.999911e-01 -4.203869e-03 -1.596437e-01 8.203270e-03 4.201881e-03 9.999574e-01 4.486843e+00
9.999537e-01 -1.225556e-04 9.624565e-03 3.988559e+00 8.063639e-05 9.999905e-01 4.355707e-03 -1.623185e-01 -9.625001e-03 -4.354728e-03 9.999443e-01 4.410058e+00
9.999474e-01 -4.886293e-04 -1.024746e-02 4.210981e+00 4.438314e-04 9.999903e-01 -4.373422e-03 -1.653998e-01 1.024949e-02 4.368643e-03 9.999378e-01 4.405372e+00
9.999470e-01 -4.123027e-04 1.028288e-02 4.502327e+00 3.682640e-04 9.999908e-01 4.284247e-03 -1.669587e-01 -1.028455e-02 -4.280233e-03 9.999381e-01 4.315061e+00
9.999650e-01 -1.699629e-04 -8.359682e-03 4.750838e+00 1.320739e-04 9.999897e-01 -4.532688e-03 -1.689219e-01 8.360359e-03 4.531425e-03 9.999547e-01 4.216331e+00
9.999525e-01 -1.525371e-03 9.622683e-03 4.961527e+00 1.483790e-03 9.999895e-01 4.326861e-03 -1.695711e-01 -9.629176e-03 -4.312376e-03 9.999444e-01 4.069127e+00
9.999607e-01 2.178577e-04 -8.858988e-03 5.111374e+00 -2.568101e-04 9.999903e-01 -4.396030e-03 -1.698789e-01 8.857938e-03 4.398132e-03 9.999510e-01 3.934124e+00
9.999515e-01 -1.620320e-03 9.713277e-03 5.257995e+00 1.578476e-03 9.999894e-01 4.314103e-03 -1.702951e-01 -9.720158e-03 -4.298561e-03 9.999436e-01 3.793407e+00
9.999458e-01 1.007817e-03 -1.036708e-02 5.326403e+00 -1.050127e-03 9.999911e-01 -4.076588e-03 -1.708381e-01 1.036287e-02 4.087253e-03 9.999379e-01 3.745432e+00
9.999641e-01 -1.195292e-03 8.386075e-03 5.274481e+00 1.161062e-03 9.999910e-01 4.085471e-03 -1.708895e-01 -8.390876e-03 -4.075587e-03 9.999566e-01 3.783136e+00
9.999520e-01 1.117659e-03 -9.734983e-03 5.214422e+00 -1.157744e-03 9.999909e-01 -4.112923e-03 -1.710392e-01 9.730291e-03 4.123996e-03 9.999441e-01 3.831194e+00
9.999659e-01 -8.485983e-04 8.220501e-03 5.150203e+00 8.150520e-04 9.999913e-01 4.083298e-03 -1.714405e-01 -8.223887e-03 -4.076458e-03 9.999580e-01 3.893039e+00
9.999641e-01 4.117823e-04 -8.463519e-03 5.127527e+00 -4.498787e-04 9.999898e-01 -4.499840e-03 -1.710594e-01 8.461573e-03 4.503485e-03 9.999540e-01 3.893834e+00
9.999554e-01 -1.997601e-03 9.226073e-03 5.283845e+00 1.954326e-03 9.999871e-01 4.697142e-03 -1.716590e-01 -9.235329e-03 -4.678901e-03 9.999465e-01 3.750510e+00
9.999570e-01 7.265618e-04 -9.240940e-03 5.464443e+00 -7.699168e-04 9.999887e-01 -4.688923e-03 -1.724239e-01 9.237422e-03 4.695836e-03 9.999462e-01 3.618654e+00
9.999646e-01 -1.750615e-03 8.225306e-03 5.536402e+00 1.708679e-03 9.999855e-01 5.102653e-03 -1.726828e-01 -8.234113e-03 -5.088417e-03 9.999533e-01 3.539196e+00
9.999637e-01 7.504572e-04 -8.489525e-03 5.603637e+00 -7.936565e-04 9.999867e-01 -5.086323e-03 -1.727232e-01 8.485588e-03 5.092876e-03 9.999509e-01 3.464046e+00
9.999587e-01 -4.758221e-04 9.070662e-03 5.685506e+00 4.342774e-04 9.999894e-01 4.581538e-03 -1.753509e-01 -9.072739e-03 -4.577409e-03 9.999485e-01 3.453166e+00
9.999644e-01 -5.426527e-04 -8.416747e-03 5.783088e+00 5.053725e-04 9.999901e-01 -4.430786e-03 -1.755467e-01 8.419061e-03 4.426374e-03 9.999547e-01 3.393023e+00
9.999609e-01 -1.020256e-03 8.780841e-03 5.991414e+00 9.791863e-04 9.999886e-01 4.680185e-03 -1.767246e-01 -8.785509e-03 -4.671404e-03 9.999506e-01 3.249048e+00
9.999701e-01 -4.310355e-04 -7.722701e-03 6.240399e+00 3.950252e-04 9.999890e-01 -4.663836e-03 -1.780680e-01 7.724619e-03 4.660645e-03 9.999592e-01 3.089353e+00
9.999809e-01 3.383175e-04 6.166255e-03 6.293640e+00 -3.691007e-04 9.999875e-01 4.991757e-03 -1.788245e-01 -6.164482e-03 -4.993937e-03 9.999686e-01 3.089548e+00
9.999824e-01 1.302784e-03 -5.786755e-03 6.185856e+00 -1.334556e-03 9.999840e-01 -5.489976e-03 -1.803511e-01 5.779503e-03 5.497601e-03 9.999681e-01 3.228535e+00
9.999856e-01 8.131860e-04 5.311916e-03 6.055929e+00 -8.441887e-04 9.999826e-01 5.836815e-03 -1.807873e-01 -5.307070e-03 -5.841214e-03 9.999690e-01 3.360256e+00
9.999795e-01 4.821872e-04 -6.378857e-03 5.930516e+00 -5.217118e-04 9.999807e-01 -6.195989e-03 -1.809721e-01 6.375739e-03 6.199189e-03 9.999604e-01 3.464730e+00
9.999831e-01 8.232754e-04 5.757267e-03 5.794922e+00 -8.573523e-04 9.999821e-01 5.918977e-03 -1.813775e-01 -5.752284e-03 -5.923812e-03 9.999660e-01 3.569306e+00
9.999774e-01 5.586957e-04 -6.703748e-03 5.663438e+00 -5.995343e-04 9.999813e-01 -6.091443e-03 -1.815771e-01 6.700212e-03 6.095323e-03 9.999589e-01 3.678534e+00
9.999841e-01 3.433654e-04 5.634412e-03 5.538488e+00 -3.763755e-04 9.999828e-01 5.858639e-03 -1.817610e-01 -5.632296e-03 -5.860666e-03 9.999671e-01 3.767974e+00
9.999783e-01 7.040064e-04 -6.554287e-03 5.422691e+00 -7.449838e-04 9.999802e-01 -6.251648e-03 -1.820439e-01 6.549748e-03 6.256394e-03 9.999589e-01 3.862307e+00
9.999859e-01 2.480969e-04 5.305606e-03 5.308637e+00 -2.794137e-04 9.999825e-01 5.902663e-03 -1.823805e-01 -5.304041e-03 -5.904061e-03 9.999686e-01 3.952191e+00
9.999799e-01 1.135048e-03 -6.231134e-03 5.197300e+00 -1.172834e-03 9.999809e-01 -6.063814e-03 -1.825236e-01 6.224125e-03 6.071000e-03 9.999621e-01 4.050451e+00
9.999772e-01 -4.985725e-05 6.749459e-03 5.078476e+00 1.462363e-05 9.999864e-01 5.220169e-03 -1.828912e-01 -6.749619e-03 -5.219951e-03 9.999637e-01 4.138588e+00
9.999740e-01 2.159505e-03 -6.875864e-03 4.980130e+00 -2.195982e-03 9.999835e-01 -5.301871e-03 -1.829412e-01 6.864294e-03 5.316832e-03 9.999622e-01 4.263544e+00
9.999748e-01 -1.438677e-03 6.951713e-03 4.916946e+00 1.400993e-03 9.999843e-01 5.422567e-03 -1.834099e-01 -6.959397e-03 -5.412690e-03 9.999612e-01 4.336530e+00
9.999696e-01 1.587056e-03 -7.631880e-03 4.860875e+00 -1.630218e-03 9.999827e-01 -5.652706e-03 -1.837253e-01 7.622769e-03 5.664975e-03 9.999548e-01 4.388061e+00
9.999766e-01 -1.285571e-03 6.724886e-03 4.792326e+00 1.249958e-03 9.999852e-01 5.297198e-03 -1.841391e-01 -6.731588e-03 -5.288667e-03 9.999635e-01 4.436101e+00
9.999712e-01 1.874658e-03 -7.359330e-03 4.699131e+00 -1.915148e-03 9.999830e-01 -5.498704e-03 -1.846180e-01 7.348890e-03 5.512639e-03 9.999577e-01 4.507112e+00
9.999828e-01 -9.182363e-04 5.796681e-03 4.592896e+00 8.888275e-04 9.999867e-01 5.073933e-03 -1.850167e-01 -5.801255e-03 -5.068693e-03 9.999704e-01 4.586549e+00
9.999728e-01 2.464910e-03 -6.957497e-03 4.499322e+00 -2.505697e-03 9.999797e-01 -5.859778e-03 -1.851999e-01 6.942903e-03 5.877050e-03 9.999585e-01 4.673638e+00
9.999818e-01 -1.110529e-03 5.924329e-03 4.445927e+00 1.076238e-03 9.999827e-01 5.788112e-03 -1.871373e-01 -5.930646e-03 -5.781629e-03 9.999658e-01 4.782084e+00
9.999693e-01 2.449707e-03 -7.438906e-03 4.387671e+00 -2.494245e-03 9.999790e-01 -5.983880e-03 -1.888263e-01 7.424082e-03 6.002249e-03 9.999543e-01 4.871877e+00
9.999800e-01 -1.935452e-03 6.024148e-03 4.309911e+00 1.898953e-03 9.999798e-01 6.058570e-03 -1.893513e-01 -6.035744e-03 -6.047008e-03 9.999636e-01 4.934249e+00
9.999721e-01 3.028830e-03 -6.826260e-03 4.225878e+00 -3.071794e-03 9.999755e-01 -6.292222e-03 -1.906792e-01 6.807026e-03 6.313014e-03 9.999568e-01 5.027416e+00
9.999826e-01 -1.623449e-03 5.670997e-03 4.113282e+00 1.589938e-03 9.999813e-01 5.908837e-03 -1.913573e-01 -5.680475e-03 -5.899716e-03 9.999666e-01 5.128162e+00
9.999659e-01 3.057640e-03 -7.667709e-03 4.012030e+00 -3.102413e-03 9.999782e-01 -5.834086e-03 -1.917649e-01 7.649695e-03 5.857675e-03 9.999535e-01 5.256482e+00
9.999755e-01 -2.286117e-03 6.613462e-03 3.904646e+00 2.248295e-03 9.999811e-01 5.720749e-03 -1.921081e-01 -6.626407e-03 -5.705739e-03 9.999619e-01 5.345054e+00
9.999672e-01 3.409901e-03 -7.340913e-03 3.794352e+00 -3.454077e-03 9.999760e-01 -6.013628e-03 -1.925027e-01 7.320222e-03 6.038785e-03 9.999549e-01 5.448748e+00
9.999791e-01 -2.479646e-03 5.978347e-03 3.681363e+00 2.446016e-03 9.999812e-01 5.626048e-03 -1.927796e-01 -5.992176e-03 -5.611305e-03 9.999664e-01 5.536734e+00
9.999725e-01 3.623100e-03 -6.468680e-03 3.579941e+00 -3.659787e-03 9.999772e-01 -5.668747e-03 -1.930196e-01 6.447985e-03 5.692264e-03 9.999629e-01 5.640931e+00
9.999811e-01 -2.841476e-03 5.454001e-03 3.485621e+00 2.812712e-03 9.999821e-01 5.274362e-03 -1.932926e-01 -5.468881e-03 -5.258920e-03 9.999713e-01 5.713700e+00
9.999730e-01 3.296674e-03 -6.565546e-03 3.377872e+00 -3.331474e-03 9.999804e-01 -5.296585e-03 -1.935188e-01 6.547947e-03 5.318313e-03 9.999643e-01 5.780927e+00
9.999827e-01 -2.481113e-03 5.339809e-03 3.269482e+00 2.454278e-03 9.999844e-01 5.026107e-03 -1.935694e-01 -5.352186e-03 -5.012913e-03 9.999732e-01 5.869920e+00
9.999752e-01 3.475388e-03 -6.128244e-03 3.151971e+00 -3.507148e-03 9.999804e-01 -5.179410e-03 -1.939049e-01 6.110114e-03 5.200772e-03 9.999677e-01 5.957667e+00
9.999849e-01 -2.365399e-03 4.963803e-03 3.023589e+00 2.342060e-03 9.999862e-01 4.702409e-03 -1.938674e-01 -4.974848e-03 -4.690710e-03 9.999767e-01 6.046139e+00
9.999794e-01 3.169781e-03 -5.573792e-03 2.914357e+00 -3.197911e-03 9.999822e-01 -5.045215e-03 -1.940518e-01 5.557690e-03 5.062934e-03 9.999716e-01 6.139212e+00
9.999860e-01 -2.077606e-03 4.873196e-03 2.788561e+00 2.053799e-03 9.999860e-01 4.885138e-03 -1.943508e-01 -4.883267e-03 -4.875059e-03 9.999763e-01 6.238010e+00
9.999761e-01 3.471118e-03 -5.980409e-03 2.661695e+00 -3.502088e-03 9.999805e-01 -5.175778e-03 -1.946494e-01 5.962316e-03 5.196596e-03 9.999686e-01 6.342636e+00
9.999854e-01 -1.786189e-03 5.092466e-03 2.544789e+00 1.761704e-03 9.999869e-01 4.808568e-03 -1.950368e-01 -5.100978e-03 -4.799525e-03 9.999756e-01 6.464390e+00
9.999875e-01 2.472259e-03 -4.339102e-03 2.471211e+00 -2.492154e-03 9.999864e-01 -4.585774e-03 -1.946132e-01 4.327695e-03 4.596529e-03 9.999800e-01 6.527930e+00
9.999914e-01 -2.790947e-03 3.058100e-03 2.407482e+00 2.776435e-03 9.999849e-01 4.739679e-03 -1.945423e-01 -3.071271e-03 -4.731146e-03 9.999842e-01 6.540190e+00
9.999902e-01 2.367380e-03 -3.736133e-03 2.342309e+00 -2.385693e-03 9.999851e-01 -4.904816e-03 -1.942254e-01 3.724455e-03 4.913679e-03 9.999809e-01 6.560564e+00
9.999931e-01 -2.451395e-03 2.784461e-03 2.268738e+00 2.437236e-03 9.999841e-01 5.077300e-03 -1.943398e-01 -2.796853e-03 -5.070477e-03 9.999833e-01 6.591628e+00
9.999889e-01 3.201917e-03 -3.453879e-03 2.174781e+00 -3.220189e-03 9.999808e-01 -5.297878e-03 -1.948934e-01 3.436839e-03 5.308939e-03 9.999799e-01 6.666794e+00
9.999942e-01 -2.565682e-03 2.237151e-03 2.083825e+00 2.554862e-03 9.999851e-01 4.825913e-03 -1.948244e-01 -2.249488e-03 -4.820168e-03 9.999860e-01 6.736849e+00
9.999894e-01 3.349110e-03 -3.145806e-03 1.986540e+00 -3.364721e-03 9.999820e-01 -4.970528e-03 -1.952409e-01 3.129092e-03 4.981058e-03 9.999826e-01 6.826081e+00
9.999956e-01 -2.425480e-03 1.733980e-03 1.884133e+00 2.417275e-03 9.999859e-01 4.718248e-03 -1.955878e-01 -1.745389e-03 -4.714034e-03 9.999875e-01 6.922802e+00
9.999896e-01 3.930318e-03 -2.300900e-03 1.762148e+00 -3.941748e-03 9.999798e-01 -4.984086e-03 -1.962123e-01 2.281254e-03 4.993102e-03 9.999848e-01 7.050136e+00
9.999968e-01 -1.739512e-03 1.846899e-03 1.659806e+00 1.730993e-03 9.999879e-01 4.604356e-03 -1.961975e-01 -1.854875e-03 -4.601142e-03 9.999878e-01 7.172319e+00
9.999916e-01 2.725360e-03 -3.050772e-03 1.583525e+00 -2.740306e-03 9.999842e-01 -4.905611e-03 -1.967935e-01 3.037344e-03 4.913928e-03 9.999832e-01 7.281189e+00
9.999965e-01 -1.472476e-03 2.193864e-03 1.502687e+00 1.462229e-03 9.999881e-01 4.664924e-03 -1.981677e-01 -2.200696e-03 -4.661698e-03 9.999868e-01 7.406858e+00
9.999930e-01 2.618649e-03 -2.678000e-03 1.456076e+00 -2.632951e-03 9.999822e-01 -5.350991e-03 -1.990703e-01 2.663929e-03 5.358002e-03 9.999820e-01 7.493894e+00
9.999925e-01 -2.310173e-03 3.099063e-03 1.422640e+00 2.294517e-03 9.999846e-01 5.046125e-03 -1.997661e-01 -3.110662e-03 -5.038975e-03 9.999826e-01 7.545742e+00
9.999890e-01 2.735178e-03 -3.818845e-03 1.439515e+00 -2.755672e-03 9.999818e-01 -5.371511e-03 -2.017372e-01 3.804072e-03 5.381973e-03 9.999782e-01 7.608682e+00
9.999889e-01 -2.918040e-03 3.704608e-03 1.467802e+00 2.896838e-03 9.999795e-01 5.715646e-03 -2.020228e-01 -3.721199e-03 -5.704849e-03 9.999769e-01 7.609441e+00
9.999926e-01 2.488667e-03 -2.938349e-03 1.499030e+00 -2.505947e-03 9.999795e-01 -5.891923e-03 -2.031312e-01 2.923615e-03 5.899241e-03 9.999782e-01 7.610157e+00
9.999960e-01 -1.284616e-03 2.518031e-03 1.460261e+00 1.270538e-03 9.999836e-01 5.584403e-03 -2.045964e-01 -2.525152e-03 -5.581179e-03 9.999813e-01 7.695119e+00
9.999884e-01 3.076665e-03 -3.710373e-03 1.372894e+00 -3.098020e-03 9.999786e-01 -5.763516e-03 -2.057092e-01 3.692550e-03 5.774941e-03 9.999764e-01 7.817934e+00
9.999832e-01 -3.729031e-03 4.434240e-03 1.411822e+00 3.706635e-03 9.999804e-01 5.048209e-03 -2.054343e-01 -4.452967e-03 -5.031686e-03 9.999775e-01 7.795007e+00
9.999918e-01 2.333209e-03 -3.297016e-03 1.579130e+00 -2.350702e-03 9.999831e-01 -5.311563e-03 -2.059221e-01 3.284556e-03 5.319267e-03 9.999804e-01 7.658940e+00
9.999939e-01 -2.592281e-03 2.340387e-03 1.664502e+00 2.579539e-03 9.999819e-01 5.431042e-03 -2.067758e-01 -2.354412e-03 -5.424970e-03 9.999826e-01 7.637774e+00
9.999909e-01 2.993441e-03 -3.031328e-03 1.638513e+00 -3.010336e-03 9.999799e-01 -5.584307e-03 -2.079644e-01 3.014539e-03 5.593380e-03 9.999797e-01 7.693691e+00
9.999945e-01 -2.653000e-03 2.009671e-03 1.607420e+00 2.641991e-03 9.999816e-01 5.461135e-03 -2.087750e-01 -2.024112e-03 -5.455793e-03 9.999832e-01 7.749089e+00
9.999964e-01 1.883503e-03 -1.917639e-03 1.692447e+00 -1.894851e-03 9.999806e-01 -5.932659e-03 -2.092137e-01 1.906417e-03 5.936269e-03 9.999805e-01 7.724193e+00
9.999985e-01 -1.642332e-03 6.303232e-04 1.909150e+00 1.638703e-03 9.999823e-01 5.715422e-03 -2.144206e-01 -6.396873e-04 -5.714378e-03 9.999836e-01 7.780222e+00
9.999921e-01 2.659609e-03 -2.937813e-03 2.066190e+00 -2.676313e-03 9.999802e-01 -5.696828e-03 -2.188797e-01 2.922592e-03 5.704643e-03 9.999794e-01 7.922172e+00
9.999990e-01 -1.373053e-03 2.558549e-04 2.199603e+00 1.371577e-03 9.999829e-01 5.683368e-03 -2.236207e-01 -2.636421e-04 -5.683009e-03 9.999839e-01 8.079522e+00
9.999973e-01 1.871617e-03 -1.388512e-03 2.229574e+00 -1.878696e-03 9.999852e-01 -5.114468e-03 -2.251626e-01 1.378907e-03 5.117061e-03 9.999859e-01 8.145986e+00
9.999996e-01 -8.738335e-04 1.216685e-04 2.171756e+00 8.732603e-04 9.999889e-01 4.635111e-03 -2.263362e-01 -1.257053e-04 -4.635001e-03 9.999894e-01 8.234391e+00
9.999960e-01 1.738779e-03 -2.243131e-03 2.106068e+00 -1.749316e-03 9.999874e-01 -4.704074e-03 -2.270559e-01 2.234911e-03 4.707977e-03 9.999863e-01 8.317479e+00
9.999998e-01 -5.284086e-04 2.852275e-04 2.066129e+00 5.271386e-04 9.999900e-01 4.435066e-03 -2.277175e-01 -2.875556e-04 -4.434912e-03 9.999902e-01 8.432718e+00
9.999959e-01 2.228166e-03 -1.807416e-03 2.224460e+00 -2.237179e-03 9.999850e-01 -5.000171e-03 -2.293953e-01 1.796235e-03 5.004191e-03 9.999858e-01 8.537830e+00
9.999903e-01 1.235615e-03 4.220874e-03 2.809830e+00 -1.254093e-03 9.999896e-01 4.377863e-03 -2.417995e-01 -4.215409e-03 -4.383111e-03 9.999816e-01 8.724467e+00
9.999996e-01 8.495342e-04 -3.983725e-04 3.253760e+00 -8.510955e-04 9.999919e-01 -3.935305e-03 -2.526123e-01 3.950140e-04 3.935640e-03 9.999921e-01 8.963427e+00
9.999920e-01 3.907759e-03 -8.814466e-04 3.675274e+00 -3.905181e-03 9.999881e-01 2.907796e-03 -2.636060e-01 8.928114e-04 -2.904328e-03 9.999955e-01 9.216443e+00
9.999784e-01 -2.972754e-03 5.854982e-03 3.932887e+00 2.985819e-03 9.999931e-01 -2.224027e-03 -2.662476e-01 -5.848341e-03 2.241458e-03 9.999803e-01 9.320540e+00
9.999564e-01 4.314495e-03 -8.275535e-03 4.048123e+00 -4.298497e-03 9.999889e-01 1.949896e-03 -2.704382e-01 8.283867e-03 -1.914236e-03 9.999640e-01 9.445653e+00
9.999816e-01 -2.216465e-03 5.645999e-03 4.298061e+00 2.227794e-03 9.999955e-01 -2.000932e-03 -2.784261e-01 -5.641551e-03 2.013470e-03 9.999820e-01 9.628333e+00
9.999685e-01 4.680147e-03 -6.406254e-03 4.439341e+00 -4.667122e-03 9.999870e-01 2.046592e-03 -2.827438e-01 6.415761e-03 -2.016626e-03 9.999775e-01 9.826374e+00
9.999907e-01 -1.394999e-03 4.092943e-03 4.567457e+00 1.404922e-03 9.999961e-01 -2.422446e-03 -2.898069e-01 -4.089560e-03 2.428171e-03 9.999886e-01 1.007692e+01
9.999759e-01 4.419008e-03 -5.359749e-03 4.635601e+00 -4.407494e-03 9.999880e-01 2.158064e-03 -2.945791e-01 5.369234e-03 -2.134386e-03 9.999834e-01 1.029355e+01
9.999902e-01 -1.755930e-03 4.076064e-03 4.713681e+00 1.766512e-03 9.999951e-01 -2.593909e-03 -2.989941e-01 -4.071502e-03 2.601081e-03 9.999882e-01 1.049545e+01
9.999611e-01 5.256564e-03 -7.079998e-03 4.930316e+00 -5.237602e-03 9.999827e-01 2.694202e-03 -3.089195e-01 7.094050e-03 -2.657012e-03 9.999714e-01 1.079817e+01
9.999806e-01 -2.524406e-03 5.685637e-03 5.052531e+00 2.540839e-03 9.999926e-01 -2.884852e-03 -3.136464e-01 -5.678325e-03 2.899240e-03 9.999796e-01 1.100751e+01
9.999353e-01 7.303610e-03 -8.724581e-03 5.344855e+00 -7.275925e-03 9.999684e-01 3.200648e-03 -3.240927e-01 8.747695e-03 -3.136958e-03 9.999569e-01 1.132244e+01
9.999061e-01 -6.192873e-03 1.222751e-02 5.784422e+00 6.216700e-03 9.999788e-01 -1.911597e-03 -3.320700e-01 -1.221542e-02 1.987430e-03 9.999233e-01 1.148254e+01
9.999145e-01 7.594896e-03 -1.064355e-02 5.994549e+00 -7.568894e-03 9.999683e-01 2.481132e-03 -3.379148e-01 1.066207e-02 -2.400358e-03 9.999404e-01 1.167578e+01
9.999516e-01 -5.410801e-03 8.215274e-03 6.042861e+00 5.437608e-03 9.999800e-01 -3.244197e-03 -3.407427e-01 -8.197569e-03 3.288708e-03 9.999609e-01 1.185258e+01
9.999175e-01 8.687328e-03 -9.458066e-03 6.235530e+00 -8.657621e-03 9.999575e-01 3.177362e-03 -3.491250e-01 9.485280e-03 -3.095213e-03 9.999503e-01 1.213864e+01
9.999428e-01 -5.754739e-03 9.012528e-03 6.314487e+00 5.787685e-03 9.999766e-01 -3.633799e-03 -3.553659e-01 -8.991420e-03 3.685750e-03 9.999527e-01 1.240629e+01
9.999064e-01 8.566700e-03 -1.066788e-02 6.297606e+00 -8.538653e-03 9.999600e-01 2.671903e-03 -3.586359e-01 1.069036e-02 -2.580560e-03 9.999396e-01 1.261736e+01
9.999497e-01 -5.786069e-03 8.192979e-03 6.368032e+00 5.815300e-03 9.999768e-01 -3.548431e-03 -3.640973e-01 -8.172272e-03 3.595894e-03 9.999600e-01 1.285584e+01
9.999364e-01 8.743379e-03 -7.124451e-03 6.601981e+00 -8.716866e-03 9.999550e-01 3.743944e-03 -3.718677e-01 7.156879e-03 -3.681599e-03 9.999677e-01 1.311943e+01
9.998933e-01 -4.650836e-03 1.385103e-02 7.033138e+00 4.707061e-03 9.999808e-01 -4.029486e-03 -3.793950e-01 -1.383204e-02 4.094250e-03 9.998959e-01 1.328730e+01
9.999317e-01 8.050466e-03 -8.468987e-03 7.340733e+00 -8.024558e-03 9.999630e-01 3.088706e-03 -3.876911e-01 8.493552e-03 -3.020532e-03 9.999595e-01 1.348978e+01
9.999666e-01 -4.162474e-03 7.034365e-03 7.578745e+00 4.187277e-03 9.999851e-01 -3.514890e-03 -3.973889e-01 -7.019641e-03 3.544224e-03 9.999690e-01 1.383948e+01
9.999336e-01 8.538166e-03 -7.741240e-03 7.811477e+00 -8.516660e-03 9.999598e-01 2.806743e-03 -4.068844e-01 7.764906e-03 -2.740623e-03 9.999662e-01 1.415779e+01
9.999707e-01 -4.767482e-03 5.984522e-03 7.974418e+00 4.788548e-03 9.999824e-01 -3.510836e-03 -4.155467e-01 -5.967691e-03 3.539387e-03 9.999758e-01 1.448630e+01
9.999484e-01 7.888325e-03 -6.401562e-03 8.130666e+00 -7.867725e-03 9.999638e-01 3.236735e-03 -4.213858e-01 6.426876e-03 -3.186198e-03 9.999744e-01 1.474227e+01
9.999745e-01 -5.135431e-03 4.958272e-03 8.197286e+00 5.154192e-03 9.999796e-01 -3.778475e-03 -4.265019e-01 -4.938780e-03 3.803931e-03 9.999805e-01 1.495635e+01
9.999400e-01 8.294366e-03 -7.148697e-03 8.284723e+00 -8.273894e-03 9.999616e-01 2.888411e-03 -4.327377e-01 7.172394e-03 -2.829087e-03 9.999704e-01 1.519996e+01
9.999625e-01 -4.875540e-03 7.158372e-03 8.351664e+00 4.896392e-03 9.999838e-01 -2.898491e-03 -4.366166e-01 -7.144137e-03 2.933429e-03 9.999701e-01 1.540906e+01
9.998895e-01 1.114883e-02 -9.830653e-03 8.655589e+00 -1.112201e-02 9.999343e-01 2.778513e-03 -4.432364e-01 9.860998e-03 -2.668865e-03 9.999479e-01 1.567481e+01
9.998257e-01 -4.876525e-03 1.802294e-02 9.054118e+00 4.939916e-03 9.999818e-01 -3.474414e-03 -4.473272e-01 -1.800568e-02 3.562836e-03 9.998314e-01 1.594468e+01
9.998986e-01 6.829939e-03 -1.249894e-02 9.225194e+00 -6.788827e-03 9.999714e-01 3.328670e-03 -4.489403e-01 1.252133e-02 -3.243475e-03 9.999164e-01 1.612450e+01
9.999363e-01 -3.844548e-03 1.061561e-02 9.252803e+00 3.889562e-03 9.999835e-01 -4.223024e-03 -4.532547e-01 -1.059921e-02 4.264041e-03 9.999346e-01 1.633451e+01
9.998900e-01 6.546327e-03 -1.330691e-02 9.429340e+00 -6.499589e-03 9.999726e-01 3.552488e-03 -4.613674e-01 1.332981e-02 -3.465603e-03 9.999052e-01 1.662672e+01
9.999124e-01 -4.158367e-03 1.256411e-02 9.915152e+00 4.189280e-03 9.999883e-01 -2.435097e-03 -4.740633e-01 -1.255385e-02 2.487514e-03 9.999180e-01 1.691041e+01
9.999251e-01 5.670046e-03 -1.084520e-02 1.044900e+01 -5.635549e-03 9.999790e-01 3.208747e-03 -4.890238e-01 1.086318e-02 -3.147384e-03 9.999361e-01 1.724672e+01
9.998927e-01 -4.682078e-03 1.387925e-02 1.111259e+01 4.713829e-03 9.999863e-01 -2.255830e-03 -5.062323e-01 -1.386851e-02 2.321009e-03 9.999010e-01 1.752213e+01
9.999224e-01 5.499871e-03 -1.117727e-02 1.171992e+01 -5.466198e-03 9.999804e-01 3.040980e-03 -5.212005e-01 1.119379e-02 -2.979643e-03 9.999330e-01 1.772490e+01
9.999260e-01 -4.337489e-03 1.136713e-02 1.227671e+01 4.360051e-03 9.999886e-01 -1.960849e-03 -5.353514e-01 -1.135851e-02 2.010261e-03 9.999334e-01 1.792923e+01
9.999260e-01 5.882900e-03 -1.065087e-02 1.276224e+01 -5.857041e-03 9.999798e-01 2.457419e-03 -5.504956e-01 1.066513e-02 -2.394851e-03 9.999404e-01 1.822752e+01
