9.999991e-01 7.357851e-04 -1.118097e-03 -1.074525e-01 -7.359897e-04 9.999997e-01 -1.825644e-04 -5.081340e-04 1.117962e-03 1.833867e-04 9.999995e-01 9.083316e-02
9.999994e-01 5.619912e-04 9.678308e-04 -2.504579e-01 -5.619322e-04 9.999998e-01 -6.113063e-05 -8.171670e-04 -9.678651e-04 6.058717e-05 9.999994e-01 2.109449e-01
9.999993e-01 8.527900e-04 -7.773123e-04 -3.980678e-01 -8.529991e-04 9.999996e-01 -2.686925e-04 -9.839113e-04 7.770829e-04 2.693549e-04 9.999998e-01 3.371129e-01
9.999988e-01 5.949910e-04 1.431864e-03 -5.367179e-01 -5.947784e-04 9.999998e-01 -1.488186e-04 -1.135891e-03 -1.431952e-03 1.479671e-04 9.999989e-01 4.547616e-01
9.999967e-01 8.006658e-04 -2.442599e-03 -6.589181e-01 -8.014629e-04 9.999996e-01 -3.253291e-04 -1.519402e-03 2.442337e-03 3.272854e-04 9.999971e-01 5.596057e-01
9.999995e-01 5.114995e-04 8.624603e-04 -7.743098e-01 -5.115799e-04 9.999999e-01 9.310894e-05 -1.987989e-03 -8.624128e-04 -9.354982e-05 9.999995e-01 6.683176e-01
9.999968e-01 5.164090e-04 -2.468534e-03 -8.801242e-01 -5.170418e-04 9.999998e-01 -2.557182e-04 -2.443843e-03 2.468402e-03 2.569934e-04 9.999970e-01 7.648702e-01
9.999990e-01 3.606285e-04 1.392462e-03 -9.947541e-01 -3.607758e-04 9.999999e-01 1.054925e-04 -2.671551e-03 -1.392424e-03 -1.059945e-04 9.999989e-01 8.696380e-01
9.999979e-01 9.176710e-04 -1.844610e-03 -1.103825e+00 -9.181863e-04 9.999995e-01 -2.785293e-04 -2.898805e-03 1.844354e-03 2.802222e-04 9.999984e-01 9.891724e-01
9.999998e-01 3.464049e-04 5.532002e-04 -1.213334e+00 -3.463367e-04 9.999999e-01 -1.232787e-04 -3.312626e-03 -5.532435e-04 1.230873e-04 9.999997e-01 1.079228e+00
9.999977e-01 7.761230e-04 -2.006492e-03 -1.321797e+00 -7.765076e-04 9.999997e-01 -1.908986e-04 -3.776738e-03 2.006344e-03 1.924561e-04 9.999981e-01 1.177820e+00
9.999999e-01 1.344634e-04 4.983124e-04 -1.430877e+00 -1.344183e-04 1.000000e+00 -9.055869e-05 -4.077359e-03 -4.983256e-04 9.049183e-05 9.999998e-01 1.262189e+00
9.999963e-01 1.026917e-03 -2.524055e-03 -1.518394e+00 -1.027292e-03 9.999995e-01 -1.472087e-04 -4.234934e-03 2.523904e-03 1.498010e-04 9.999969e-01 1.362151e+00
9.999983e-01 -4.032715e-04 1.788178e-03 -1.599460e+00 4.033272e-04 9.999999e-01 -3.075974e-05 -4.559181e-03 -1.788166e-03 3.148101e-05 9.999983e-01 1.455830e+00
9.999957e-01 1.213728e-03 -2.666511e-03 -1.701099e+00 -1.214602e-03 9.999992e-01 -3.260071e-04 -4.796659e-03 2.666114e-03 3.292444e-04 9.999965e-01 1.554065e+00
9.999973e-01 1.627700e-04 2.311150e-03 -1.803931e+00 -1.631964e-04 1.000000e+00 1.843083e-04 -5.151039e-03 -2.311122e-03 -1.846850e-04 9.999972e-01 1.670051e+00
9.999911e-01 6.234034e-04 -4.161308e-03 -1.879362e+00 -6.256682e-04 9.999997e-01 -5.429613e-04 -5.534458e-03 4.160969e-03 5.455601e-04 9.999913e-01 1.747391e+00
9.999958e-01 -3.764004e-04 2.872381e-03 -1.953416e+00 3.756230e-04 9.999999e-01 2.712061e-04 -5.901869e-03 -2.872485e-03 -2.701261e-04 9.999957e-01 1.818837e+00
9.999892e-01 9.398167e-04 -4.557911e-03 -2.021334e+00 -9.420002e-04 9.999994e-01 -4.769314e-04 -6.075851e-03 4.557462e-03 4.812198e-04 9.999896e-01 1.899695e+00
9.999935e-01 -2.427283e-04 3.596585e-03 -2.117990e+00 2.413707e-04 9.999999e-01 3.778899e-04 -6.435968e-03 -3.596679e-03 -3.770194e-04 9.999934e-01 1.993868e+00
9.999911e-01 1.437961e-03 -3.977058e-03 -2.216722e+00 -1.439506e-03 9.999989e-01 -3.854904e-04 -7.187895e-03 3.976501e-03 3.912120e-04 9.999921e-01 2.101762e+00
9.999977e-01 -4.131936e-04 2.107954e-03 -2.307359e+00 4.135385e-04 9.999999e-01 -1.631661e-04 -7.339397e-03 -2.107889e-03 1.640374e-04 9.999977e-01 2.180988e+00
9.999927e-01 1.010854e-03 -3.678989e-03 -2.388014e+00 -1.011257e-03 9.999995e-01 -1.077542e-04 -7.751485e-03 3.678880e-03 1.114740e-04 9.999933e-01 2.247453e+00
9.999957e-01 1.043745e-03 2.742871e-03 -2.404946e+00 -1.041594e-03 9.999991e-01 -7.856606e-04 -1.153673e-02 -2.743692e-03 7.828000e-04 9.999958e-01 2.396834e+00
9.999889e-01 9.011962e-05 -4.720455e-03 -2.428098e+00 -8.630470e-05 9.999997e-01 8.083670e-04 -1.244896e-02 4.720529e-03 -8.079503e-04 9.999886e-01 2.520990e+00
9.999916e-01 1.162086e-03 3.936741e-03 -2.482481e+00 -1.157148e-03 9.999985e-01 -1.256231e-03 -1.440801e-02 -3.938198e-03 1.251664e-03 9.999914e-01 2.648989e+00
9.999886e-01 7.363606e-04 -4.718737e-03 -2.510653e+00 -7.325656e-04 9.999994e-01 8.059142e-04 -1.792156e-02 4.719330e-03 -8.024479e-04 9.999886e-01 2.803038e+00
9.999882e-01 1.389844e-03 4.662074e-03 -2.584512e+00 -1.382697e-03 9.999979e-01 -1.535905e-03 -2.038751e-02 -4.664201e-03 1.529441e-03 9.999879e-01 2.967775e+00
9.999900e-01 1.978259e-03 -4.010828e-03 -2.687889e+00 -1.972756e-03 9.999971e-01 1.375429e-03 -2.324102e-02 4.013540e-03 -1.367503e-03 9.999911e-01 3.171883e+00
9.999895e-01 9.767128e-04 4.469959e-03 -2.798161e+00 -9.683940e-04 9.999978e-01 -1.862827e-03 -2.603770e-02 -4.471771e-03 1.858479e-03 9.999882e-01 3.360036e+00
9.999889e-01 1.870990e-03 -4.324932e-03 -2.894783e+00 -1.864873e-03 9.999973e-01 1.417850e-03 -2.828153e-02 4.327576e-03 -1.409768e-03 9.999897e-01 3.532343e+00
9.999908e-01 9.528364e-04 4.180003e-03 -2.982428e+00 -9.448248e-04 9.999977e-01 -1.918192e-03 -3.116420e-02 -4.181824e-03 1.914224e-03 9.999893e-01 3.718979e+00
9.999914e-01 2.319619e-03 -3.444062e-03 -3.054875e+00 -2.313240e-03 9.999956e-01 1.854979e-03 -3.354052e-02 3.448353e-03 -1.846996e-03 9.999924e-01 3.913080e+00
9.999938e-01 -2.797195e-05 3.523429e-03 -3.126511e+00 3.375078e-05 9.999987e-01 -1.640063e-03 -3.565492e-02 -3.523381e-03 1.640171e-03 9.999923e-01 4.073354e+00
9.999921e-01 2.408333e-03 -3.164609e-03 -3.191554e+00 -2.403448e-03 9.999959e-01 1.546502e-03 -3.836705e-02 3.168324e-03 -1.538883e-03 9.999939e-01 4.222553e+00
9.999956e-01 -5.842745e-05 2.976607e-03 -3.259810e+00 6.460984e-05 9.999978e-01 -2.076933e-03 -4.082732e-02 -2.976482e-03 2.077115e-03 9.999933e-01 4.370043e+00
9.999923e-01 2.370573e-03 -3.137075e-03 -3.315060e+00 -2.365267e-03 9.999958e-01 1.694094e-03 -4.290565e-02 3.141080e-03 -1.686660e-03 9.999937e-01 4.512875e+00
9.999972e-01 -1.277601e-03 1.982983e-03 -3.388155e+00 1.281414e-03 9.999973e-01 -1.922534e-03 -4.414407e-02 -1.980524e-03 1.925069e-03 9.999961e-01 4.614661e+00
9.999954e-01 2.460685e-03 -1.745438e-03 -3.413626e+00 -2.457668e-03 9.999955e-01 1.728622e-03 -4.575198e-02 1.749686e-03 -1.724324e-03 9.999971e-01 4.701657e+00
9.999991e-01 -9.606679e-04 9.402797e-04 -3.474760e+00 9.626895e-04 9.999972e-01 -2.151897e-03 -4.738247e-02 -9.382126e-04 2.152800e-03 9.999971e-01 4.804523e+00
9.999932e-01 3.475472e-03 -1.203158e-03 -3.565613e+00 -3.473396e-03 9.999925e-01 1.723868e-03 -4.974377e-02 1.209143e-03 -1.719676e-03 9.999979e-01 4.964899e+00
9.999976e-01 -1.484069e-03 1.600622e-03 -3.640991e+00 1.486887e-03 9.999973e-01 -1.760791e-03 -5.217903e-02 -1.598007e-03 1.763166e-03 9.999971e-01 5.105387e+00
9.999961e-01 2.663101e-03 -8.433181e-04 -3.725190e+00 -2.662053e-03 9.999957e-01 1.240868e-03 -5.290063e-02 8.466217e-04 -1.238617e-03 9.999990e-01 5.161385e+00
9.999967e-01 -1.464941e-03 2.131987e-03 -3.795237e+00 1.469201e-03 9.999969e-01 -1.998214e-03 -5.327678e-02 -2.129056e-03 2.001339e-03 9.999956e-01 5.209134e+00
9.999970e-01 1.970488e-03 -1.449009e-03 -3.846915e+00 -1.968255e-03 9.999969e-01 1.541039e-03 -5.311490e-02 1.452043e-03 -1.538181e-03 9.999979e-01 5.248743e+00
9.999950e-01 -2.289765e-03 2.183495e-03 -3.855061e+00 2.294114e-03 9.999954e-01 -1.991568e-03 -5.311750e-02 -2.178927e-03 1.996566e-03 9.999955e-01 5.242242e+00
9.999920e-01 2.696629e-03 -2.939736e-03 -3.890855e+00 -2.690947e-03 9.999945e-01 1.935154e-03 -5.374167e-02 2.944940e-03 -1.927227e-03 9.999939e-01 5.284069e+00
9.999996e-01 -1.837153e-04 -8.853462e-04 -3.849583e+00 1.812215e-04 9.999960e-01 -2.815998e-03 -5.870570e-02 8.858572e-04 2.815835e-03 9.999955e-01 5.457960e+00
9.999271e-01 6.547921e-03 1.014803e-02 -3.195055e+00 -6.540134e-03 9.999783e-01 -8.003159e-04 -6.354035e-02 -1.015305e-02 7.338895e-04 9.999483e-01 5.523984e+00
9.999952e-01 -3.092589e-03 -1.173111e-04 -2.480534e+00 3.092824e-03 9.999931e-01 2.063536e-03 -7.020870e-02 1.109276e-04 -2.063890e-03 9.999978e-01 5.256291e+00
9.999761e-01 5.205840e-03 4.545959e-03 -2.125051e+00 -5.198604e-03 9.999852e-01 -1.602019e-03 -7.313468e-02 -4.554231e-03 1.578349e-03 9.999885e-01 5.185076e+00
9.999911e-01 -4.085383e-04 4.191268e-03 -1.598761e+00 4.109956e-04 9.999997e-01 -5.854519e-04 -7.546078e-02 -4.191028e-03 5.871678e-04 9.999909e-01 5.189160e+00
9.999402e-01 6.678831e-03 8.654772e-03 -7.748691e-01 -6.675676e-03 9.999776e-01 -3.933608e-04 -8.224599e-02 -8.657207e-03 3.355625e-04 9.999626e-01 4.943973e+00
9.997441e-01 -1.956075e-04 -2.262155e-02 6.628323e-01 3.167380e-04 9.999856e-01 5.351192e-03 -9.555023e-02 2.262017e-02 -5.356989e-03 9.997297e-01 4.379852e+00
9.995332e-01 4.339922e-04 3.054928e-02 1.506175e+00 -3.855053e-04 9.999987e-01 -1.593041e-03 -1.022411e-01 -3.054993e-02 1.580522e-03 9.995321e-01 4.053670e+00
9.997519e-01 3.938122e-03 -2.192537e-02 1.943890e+00 -3.948340e-03 9.999921e-01 -4.227951e-04 -1.046861e-01 2.192354e-02 5.092581e-04 9.997594e-01 4.100214e+00
9.996559e-01 -2.439640e-03 2.611895e-02 2.318708e+00 2.399252e-03 9.999959e-01 1.577532e-03 -1.075018e-01 -2.612269e-02 -1.514322e-03 9.996577e-01 3.978820e+00
9.996598e-01 3.929381e-03 -2.578639e-02 2.430000e+00 -3.950362e-03 9.999919e-01 -7.627877e-04 -1.096696e-01 2.578318e-02 8.643929e-04 9.996671e-01 4.053027e+00
9.992183e-01 1.706852e-03 3.949421e-02 3.249959e+00 -1.641961e-03 9.999972e-01 -1.675415e-03 -1.145990e-01 -3.949697e-02 1.609258e-03 9.992185e-01 3.839096e+00
9.992577e-01 4.417796e-03 -3.826939e-02 4.934620e+00 -4.175904e-03 9.999708e-01 6.398419e-03 -1.307325e-01 3.829655e-02 -6.233860e-03 9.992469e-01 3.176021e+00
9.991600e-01 -6.048406e-04 4.097539e-02 6.370962e+00 6.951864e-04 9.999974e-01 -2.190668e-03 -1.440188e-01 -4.097396e-02 2.217313e-03 9.991579e-01 2.592992e+00
9.993335e-01 1.282199e-03 -3.648164e-02 7.062924e+00 -1.079525e-03 9.999839e-01 5.574671e-03 -1.499251e-01 3.648820e-02 -5.531572e-03 9.993187e-01 2.305145e+00
9.993328e-01 -1.359244e-04 3.652317e-02 7.390442e+00 3.341115e-04 9.999853e-01 -5.420289e-03 -1.545960e-01 -3.652190e-02 5.428875e-03 9.993182e-01 2.320020e+00
9.993399e-01 1.018541e-03 -3.631328e-02 7.659326e+00 -7.968396e-04 9.999810e-01 6.119181e-03 -1.579556e-01 3.631882e-02 -6.086206e-03 9.993216e-01 2.328639e+00
9.993398e-01 1.118391e-04 3.633035e-02 7.943502e+00 1.202761e-04 9.999796e-01 -6.386767e-03 -1.621882e-01 -3.633033e-02 6.386920e-03 9.993195e-01 2.361132e+00
9.993610e-01 1.435848e-03 -3.571538e-02 8.132285e+00 -1.175723e-03 9.999726e-01 7.303221e-03 -1.646746e-01 3.572489e-02 -7.256562e-03 9.993352e-01 2.403228e+00
9.993801e-01 -8.510268e-04 3.519472e-02 8.138330e+00 1.116347e-03 9.999711e-01 -7.519670e-03 -1.648928e-01 -3.518731e-02 7.554298e-03 9.993523e-01 2.442793e+00
9.993855e-01 1.632290e-03 -3.501457e-02 8.137052e+00 -1.376929e-03 9.999723e-01 7.315866e-03 -1.657813e-01 3.502555e-02 -7.263158e-03 9.993599e-01 2.478999e+00
9.994120e-01 -7.276159e-04 3.427866e-02 8.098149e+00 9.828792e-04 9.999719e-01 -7.430451e-03 -1.661583e-01 -3.427230e-02 7.459774e-03 9.993848e-01 2.530993e+00
9.993711e-01 1.983430e-03 -3.540386e-02 8.057732e+00 -1.729779e-03 9.999726e-01 7.193705e-03 -1.669189e-01 3.541716e-02 -7.127940e-03 9.993471e-01 2.608130e+00
9.994225e-01 -1.151613e-03 3.396036e-02 8.002735e+00 1.406993e-03 9.999709e-01 -7.497001e-03 -1.670231e-01 -3.395074e-02 7.540454e-03 9.993952e-01 2.681942e+00
9.993591e-01 1.980689e-03 -3.574052e-02 7.960830e+00 -1.718177e-03 9.999713e-01 7.374151e-03 -1.675765e-01 3.575411e-02 -7.308016e-03 9.993338e-01 2.758623e+00
9.994065e-01 -2.314702e-03 3.436960e-02 7.945992e+00 2.571295e-03 9.999691e-01 -7.423381e-03 -1.672713e-01 -3.435136e-02 7.507350e-03 9.993817e-01 2.778036e+00
9.992999e-01 3.711092e-03 -3.722861e-02 8.051539e+00 -3.435649e-03 9.999663e-01 7.459934e-03 -1.707151e-01 3.725504e-02 -7.326806e-03 9.992788e-01 2.915812e+00
9.993259e-01 -2.844169e-03 3.660002e-02 8.074581e+00 3.122950e-03 9.999665e-01 -7.562057e-03 -1.714935e-01 -3.657729e-02 7.671259e-03 9.993015e-01 2.982837e+00
9.992618e-01 2.693308e-03 -3.832345e-02 8.016994e+00 -2.403494e-03 9.999682e-01 7.606371e-03 -1.708553e-01 3.834272e-02 -7.508645e-03 9.992363e-01 2.982391e+00
9.993275e-01 -3.150560e-03 3.653178e-02 7.990077e+00 3.431504e-03 9.999650e-01 -7.630230e-03 -1.702060e-01 -3.650647e-02 7.750457e-03 9.993035e-01 2.962643e+00
9.992828e-01 2.826603e-03 -3.776171e-02 7.926498e+00 -2.528712e-03 9.999653e-01 7.934135e-03 -1.694832e-01 3.778283e-02 -7.832956e-03 9.992552e-01 2.931737e+00
9.993260e-01 -2.862291e-03 3.659809e-02 7.877637e+00 3.170330e-03 9.999600e-01 -8.361563e-03 -1.687953e-01 -3.657270e-02 8.471955e-03 9.992952e-01 2.931329e+00
9.992705e-01 2.466202e-03 -3.811128e-02 7.916591e+00 -2.142573e-03 9.999613e-01 8.530180e-03 -1.689298e-01 3.813085e-02 -8.442300e-03 9.992370e-01 2.897425e+00
9.993347e-01 -2.865573e-03 3.635738e-02 7.929842e+00 3.168517e-03 9.999607e-01 -8.277516e-03 -1.687929e-01 -3.633224e-02 8.387208e-03 9.993047e-01 2.862774e+00
9.992801e-01 2.303588e-03 -3.786839e-02 7.905964e+00 -1.982490e-03 9.999618e-01 8.514689e-03 -1.680971e-01 3.788656e-02 -8.433486e-03 9.992464e-01 2.804892e+00
9.993490e-01 -2.799964e-03 3.596935e-02 7.857975e+00 3.098157e-03 9.999613e-01 -8.237121e-03 -1.672937e-01 -3.594490e-02 8.343197e-03 9.993190e-01 2.754566e+00
9.992703e-01 2.477745e-03 -3.811582e-02 7.818116e+00 -2.160124e-03 9.999626e-01 8.371962e-03 -1.666708e-01 3.813514e-02 -8.283518e-03 9.992382e-01 2.726283e+00
9.993457e-01 -2.677942e-03 3.606961e-02 7.785914e+00 2.974796e-03 9.999621e-01 -8.178882e-03 -1.662474e-01 -3.604635e-02 8.280830e-03 9.993159e-01 2.712324e+00
9.992688e-01 2.469146e-03 -3.815530e-02 7.745540e+00 -2.153365e-03 9.999631e-01 8.315088e-03 -1.657160e-01 3.817442e-02 -8.226846e-03 9.992371e-01 2.704570e+00
9.993425e-01 -2.848567e-03 3.614598e-02 7.721445e+00 3.153335e-03 9.999599e-01 -8.377383e-03 -1.651751e-01 -3.612067e-02 8.485855e-03 9.993115e-01 2.690093e+00
9.992655e-01 2.799154e-03 -3.821816e-02 7.685124e+00 -2.472247e-03 9.999600e-01 8.598299e-03 -1.648179e-01 3.824070e-02 -8.497498e-03 9.992323e-01 2.691021e+00
9.993462e-01 -2.387120e-03 3.607637e-02 7.663292e+00 2.699369e-03 9.999593e-01 -8.608990e-03 -1.650054e-01 -3.605436e-02 8.700744e-03 9.993121e-01 2.722410e+00
9.992849e-01 2.670480e-03 -3.771645e-02 7.645234e+00 -2.339785e-03 9.999585e-01 8.809349e-03 -1.653547e-01 3.773841e-02 -8.714801e-03 9.992496e-01 2.776112e+00
9.993541e-01 -2.039885e-03 3.587821e-02 7.617173e+00 2.355320e-03 9.999589e-01 -8.751755e-03 -1.657663e-01 -3.585889e-02 8.830607e-03 9.993179e-01 2.841027e+00
9.992196e-01 4.919400e-03 -3.919257e-02 7.713411e+00 -4.614750e-03 9.999585e-01 7.859830e-03 -1.723823e-01 3.922960e-02 -7.672832e-03 9.992007e-01 3.053700e+00
9.992129e-01 -3.543355e-03 3.950949e-02 7.744316e+00 3.882866e-03 9.999562e-01 -8.519724e-03 -1.734315e-01 -3.947757e-02 8.666428e-03 9.991830e-01 3.187357e+00
9.991515e-01 4.351086e-03 -4.095658e-02 7.714008e+00 -4.002683e-03 9.999551e-01 8.584807e-03 -1.739461e-01 4.099210e-02 -8.413586e-03 9.991239e-01 3.254741e+00
9.992300e-01 -4.104021e-03 3.902055e-02 7.667192e+00 4.432212e-03 9.999555e-01 -8.327920e-03 -1.738504e-01 -3.898463e-02 8.494455e-03 9.992038e-01 3.301597e+00
9.991933e-01 4.202492e-03 -3.993793e-02 7.577449e+00 -3.865388e-03 9.999563e-01 8.514170e-03 -1.732249e-01 3.997196e-02 -8.352926e-03 9.991658e-01 3.319075e+00
9.992682e-01 -3.795931e-03 3.806195e-02 7.494175e+00 4.113773e-03 9.999573e-01 -8.275815e-03 -1.726289e-01 -3.802891e-02 8.426337e-03 9.992412e-01 3.338344e+00
9.991578e-01 3.981717e-03 -4.083862e-02 7.440375e+00 -3.628545e-03 9.999554e-01 8.718472e-03 -1.724465e-01 4.087151e-02 -8.562944e-03 9.991276e-01 3.367787e+00
9.992559e-01 -3.622861e-03 3.840029e-02 7.381614e+00 3.942623e-03 9.999582e-01 -8.254612e-03 -1.725951e-01 -3.836877e-02 8.399867e-03 9.992284e-01 3.409705e+00
9.991838e-01 4.301775e-03 -4.016577e-02 7.306568e+00 -3.968682e-03 9.999571e-01 8.369017e-03 -1.727936e-01 4.020004e-02 -8.202781e-03 9.991579e-01 3.479553e+00
9.992616e-01 -3.396234e-03 3.827050e-02 7.235244e+00 3.694465e-03 9.999633e-01 -7.724666e-03 -1.727068e-01 -3.824286e-02 7.860351e-03 9.992377e-01 3.540821e+00
9.991841e-01 3.775066e-03 -4.021147e-02 7.143314e+00 -3.453629e-03 9.999616e-01 8.060135e-03 -1.724499e-01 4.024035e-02 -7.914683e-03 9.991586e-01 3.576796e+00
9.992435e-01 -3.098325e-03 3.876504e-02 7.048302e+00 3.403215e-03 9.999638e-01 -7.801567e-03 -1.725503e-01 -3.873946e-02 7.927591e-03 9.992180e-01 3.642538e+00
9.991882e-01 3.574581e-03 -4.012707e-02 6.951138e+00 -3.260327e-03 9.999635e-01 7.894169e-03 -1.721061e-01 4.015383e-02 -7.756932e-03 9.991633e-01 3.700853e+00
9.992561e-01 -2.913521e-03 3.845412e-02 6.868076e+00 3.211096e-03 9.999654e-01 -7.678949e-03 -1.721816e-01 -3.843041e-02 7.796716e-03 9.992310e-01 3.769903e+00
9.991832e-01 3.511137e-03 -4.025604e-02 6.792347e+00 -3.196091e-03 9.999638e-01 7.887742e-03 -1.723448e-01 4.028228e-02 -7.752637e-03 9.991582e-01 3.842333e+00
9.992477e-01 -2.908230e-03 3.867165e-02 6.708618e+00 3.205237e-03 9.999658e-01 -7.620462e-03 -1.724474e-01 -3.864817e-02 7.738681e-03 9.992230e-01 3.915532e+00
9.991842e-01 3.858381e-03 -4.019987e-02 6.624471e+00 -3.556454e-03 9.999650e-01 7.579441e-03 -1.725651e-01 4.022770e-02 -7.430289e-03 9.991628e-01 4.000383e+00
9.992480e-01 -2.591961e-03 3.868626e-02 6.531699e+00 2.884546e-03 9.999676e-01 -7.509119e-03 -1.728636e-01 -3.866554e-02 7.615064e-03 9.992233e-01 4.101718e+00
9.991804e-01 3.600261e-03 -4.031735e-02 6.446042e+00 -3.285559e-03 9.999636e-01 7.869168e-03 -1.729728e-01 4.034421e-02 -7.730254e-03 9.991558e-01 4.197889e+00
9.992524e-01 -2.660641e-03 3.856852e-02 6.366471e+00 2.953491e-03 9.999672e-01 -7.538004e-03 -1.730964e-01 -3.854720e-02 7.646280e-03 9.992276e-01 4.290470e+00
9.992507e-01 4.167561e-03 -3.847828e-02 6.286553e+00 -3.899542e-03 9.999676e-01 7.037888e-03 -1.740098e-01 3.850636e-02 -6.882567e-03 9.992346e-01 4.408036e+00
9.993144e-01 -3.085205e-03 3.689476e-02 6.202238e+00 3.336359e-03 9.999717e-01 -6.747668e-03 -1.738539e-01 -3.687289e-02 6.866135e-03 9.992965e-01 4.499265e+00
9.992606e-01 3.354726e-03 -3.830161e-02 6.109900e+00 -3.097425e-03 9.999723e-01 6.775129e-03 -1.732795e-01 3.832327e-02 -6.651483e-03 9.992432e-01 4.544470e+00
9.992985e-01 -3.012010e-03 3.732782e-02 6.006935e+00 3.267519e-03 9.999716e-01 -6.785904e-03 -1.727733e-01 -3.730632e-02 6.903113e-03 9.992801e-01 4.596925e+00
9.992309e-01 3.604641e-03 -3.904729e-02 5.935093e+00 -3.332097e-03 9.999696e-01 7.042673e-03 -1.726179e-01 3.907148e-02 -6.907147e-03 9.992124e-01 4.666443e+00
9.992954e-01 -3.220518e-03 3.739407e-02 5.869990e+00 3.477929e-03 9.999707e-01 -6.820749e-03 -1.726331e-01 -3.737100e-02 6.945997e-03 9.992774e-01 4.728416e+00
9.992149e-01 3.660698e-03 -3.944853e-02 5.814027e+00 -3.388758e-03 9.999700e-01 6.958201e-03 -1.726023e-01 3.947281e-02 -6.819056e-03 9.991973e-01 4.796557e+00
9.992904e-01 -2.866139e-03 3.755615e-02 5.754269e+00 3.123154e-03 9.999721e-01 -6.786596e-03 -1.729901e-01 -3.753565e-02 6.899074e-03 9.992716e-01 4.874507e+00
9.992249e-01 4.000377e-03 -3.916160e-02 5.681755e+00 -3.735157e-03 9.999696e-01 6.843271e-03 -1.735744e-01 3.918778e-02 -6.691692e-03 9.992094e-01 4.968776e+00
9.993079e-01 -3.195239e-03 3.706162e-02 5.617187e+00 3.447889e-03 9.999712e-01 -6.755105e-03 -1.736282e-01 -3.703897e-02 6.878213e-03 9.992903e-01 5.057243e+00
9.992158e-01 3.987037e-03 -3.939358e-02 5.555748e+00 -3.717687e-03 9.999692e-01 6.908304e-03 -1.737512e-01 3.941991e-02 -6.756433e-03 9.991998e-01 5.133306e+00
9.992928e-01 -3.585285e-03 3.742978e-02 5.487285e+00 3.839829e-03 9.999700e-01 -6.730892e-03 -1.739763e-01 -3.740452e-02 6.869856e-03 9.992767e-01 5.205368e+00
9.992650e-01 4.822797e-03 -3.802934e-02 5.395077e+00 -4.571971e-03 9.999672e-01 6.679799e-03 -1.744044e-01 3.806030e-02 -6.501020e-03 9.992542e-01 5.317227e+00
9.993037e-01 -2.593658e-03 3.722035e-02 5.274393e+00 2.861811e-03 9.999703e-01 -7.153016e-03 -1.756015e-01 -3.720068e-02 7.254553e-03 9.992816e-01 5.469598e+00
9.992779e-01 4.657402e-03 -3.770802e-02 5.144014e+00 -4.404418e-03 9.999673e-01 6.789325e-03 -1.761214e-01 3.773840e-02 -6.618341e-03 9.992656e-01 5.604536e+00
9.993203e-01 -3.429354e-03 3.670398e-02 5.033096e+00 3.688751e-03 9.999687e-01 -7.001889e-03 -1.761347e-01 -3.667881e-02 7.132521e-03 9.993018e-01 5.712220e+00
9.993014e-01 4.883135e-03 -3.705295e-02 4.926246e+00 -4.600566e-03 9.999597e-01 7.707511e-03 -1.761773e-01 3.708909e-02 -7.531661e-03 9.992835e-01 5.818114e+00
9.993435e-01 -3.666541e-03 3.604315e-02 4.819081e+00 3.953113e-03 9.999611e-01 -7.882759e-03 -1.762098e-01 -3.601284e-02 8.020066e-03 9.993192e-01 5.912860e+00
9.992843e-01 4.767855e-03 -3.752566e-02 4.730746e+00 -4.479059e-03 9.999597e-01 7.776266e-03 -1.765336e-01 3.756122e-02 -7.602621e-03 9.992653e-01 6.000873e+00
9.993268e-01 -3.610933e-03 3.650823e-02 4.628694e+00 3.894028e-03 9.999629e-01 -7.686138e-03 -1.769307e-01 -3.647911e-02 7.823128e-03 9.993039e-01 6.089166e+00
9.992708e-01 5.272063e-03 -3.781505e-02 4.517017e+00 -4.993937e-03 9.999598e-01 7.445595e-03 -1.772926e-01 3.785278e-02 -7.251320e-03 9.992569e-01 6.195096e+00
9.993277e-01 -3.699453e-03 3.647447e-02 4.410947e+00 3.977775e-03 9.999635e-01 -7.560988e-03 -1.777713e-01 -3.644516e-02 7.700993e-03 9.993061e-01 6.302159e+00
9.992770e-01 5.121547e-03 -3.767224e-02 4.314049e+00 -4.833221e-03 9.999584e-01 7.740650e-03 -1.778734e-01 3.771031e-02 -7.552976e-03 9.992601e-01 6.405082e+00
9.993278e-01 -4.131979e-03 3.642630e-02 4.221814e+00 4.416612e-03 9.999603e-01 -7.736931e-03 -1.780311e-01 -3.639288e-02 7.892611e-03 9.993065e-01 6.498284e+00
9.992778e-01 5.251259e-03 -3.763336e-02 4.125353e+00 -4.963866e-03 9.999578e-01 7.726031e-03 -1.784309e-01 3.767234e-02 -7.533644e-03 9.992616e-01 6.595044e+00
9.993236e-01 -4.034792e-03 3.655351e-02 4.022151e+00 4.321032e-03 9.999606e-01 -7.755114e-03 -1.789428e-01 -3.652077e-02 7.907818e-03 9.993017e-01 6.690314e+00
9.992690e-01 5.253603e-03 -3.786693e-02 3.916147e+00 -4.959931e-03 9.999569e-01 7.845154e-03 -1.791705e-01 3.790651e-02 -7.651602e-03 9.992519e-01 6.777614e+00
9.993140e-01 -3.976901e-03 3.681991e-02 3.816254e+00 4.270217e-03 9.999597e-01 -7.891016e-03 -1.795037e-01 -3.678704e-02 8.042832e-03 9.992909e-01 6.874650e+00
9.992639e-01 5.517815e-03 -3.796412e-02 3.711021e+00 -5.225264e-03 9.999559e-01 7.800895e-03 -1.799731e-01 3.800548e-02 -7.596780e-03 9.992486e-01 6.984725e+00
9.993112e-01 -3.576015e-03 3.693585e-02 3.598652e+00 3.864692e-03 9.999625e-01 -7.747191e-03 -1.802690e-01 -3.690676e-02 7.884602e-03 9.992877e-01 7.112188e+00
9.992491e-01 5.003185e-03 -3.842250e-02 3.497769e+00 -4.707803e-03 9.999587e-01 7.774365e-03 -1.805075e-01 3.845980e-02 -7.587642e-03 9.992312e-01 7.212601e+00
9.992356e-01 -4.556426e-03 3.882593e-02 3.463598e+00 4.835852e-03 9.999631e-01 -7.106016e-03 -1.796132e-01 -3.879211e-02 7.288340e-03 9.992208e-01 7.219177e+00
9.992383e-01 3.515562e-03 -3.886338e-02 3.566090e+00 -3.229434e-03 9.999672e-01 7.422730e-03 -1.795725e-01 3.888819e-02 -7.291570e-03 9.992169e-01 7.095990e+00
9.992585e-01 -4.405557e-03 3.824980e-02 3.635907e+00 4.683744e-03 9.999632e-01 -7.186350e-03 -1.793114e-01 -3.821672e-02 7.360174e-03 9.992425e-01 6.993124e+00
9.991989e-01 3.783713e-03 -3.983960e-02 3.657261e+00 -3.487417e-03 9.999658e-01 7.504094e-03 -1.788929e-01 3.986663e-02 -7.359145e-03 9.991778e-01 6.938242e+00
9.991596e-01 -2.981386e-03 4.088007e-02 3.683299e+00 3.221577e-03 9.999779e-01 -5.810887e-03 -1.789071e-01 -4.086184e-02 5.937702e-03 9.991473e-01 6.888899e+00
9.992279e-01 1.465802e-03 -3.926263e-02 3.820142e+00 -1.240154e-03 9.999826e-01 5.770887e-03 -1.788951e-01 3.927039e-02 -5.717739e-03 9.992122e-01 6.762676e+00
9.991942e-01 -2.862391e-03 4.003517e-02 3.976442e+00 3.096012e-03 9.999785e-01 -5.774605e-03 -1.791789e-01 -4.001777e-02 5.893901e-03 9.991817e-01 6.619698e+00
9.991794e-01 1.952567e-03 -4.045730e-02 4.128045e+00 -1.712642e-03 9.999807e-01 5.964138e-03 -1.796578e-01 4.046815e-02 -5.889954e-03 9.991634e-01 6.505074e+00
9.992050e-01 -2.929863e-03 3.975858e-02 4.256836e+00 3.155356e-03 9.999793e-01 -5.610000e-03 -1.801386e-01 -3.974131e-02 5.730993e-03 9.991937e-01 6.391239e+00
9.991901e-01 1.936405e-03 -4.019113e-02 4.420891e+00 -1.695455e-03 9.999804e-01 6.028332e-03 -1.805714e-01 4.020201e-02 -5.955308e-03 9.991737e-01 6.262864e+00
9.992321e-01 -2.788406e-03 3.908216e-02 4.553093e+00 3.014777e-03 9.999790e-01 -5.734444e-03 -1.809244e-01 -3.906535e-02 5.847865e-03 9.992196e-01 6.171195e+00
9.992026e-01 1.822172e-03 -3.988663e-02 4.643821e+00 -1.583120e-03 9.999806e-01 6.024042e-03 -1.809251e-01 3.989683e-02 -5.956092e-03 9.991860e-01 6.073267e+00
9.992690e-01 -1.744763e-03 3.818919e-02 4.700030e+00 1.983106e-03 9.999788e-01 -6.204135e-03 -1.812628e-01 -3.817755e-02 6.275333e-03 9.992514e-01 6.049117e+00
9.992377e-01 9.066027e-04 -3.902940e-02 4.778783e+00 -6.505477e-04 9.999782e-01 6.572766e-03 -1.814999e-01 3.903450e-02 -6.542365e-03 9.992163e-01 5.991111e+00
9.992621e-01 -1.909132e-03 3.836146e-02 4.915188e+00 2.150120e-03 9.999782e-01 -6.241784e-03 -1.818673e-01 -3.834870e-02 6.319660e-03 9.992445e-01 5.876024e+00
9.992670e-01 8.255552e-04 -3.827290e-02 5.023330e+00 -5.872302e-04 9.999804e-01 6.237814e-03 -1.816810e-01 3.827729e-02 -6.210766e-03 9.992478e-01 5.751820e+00
9.992616e-01 -1.886526e-03 3.837694e-02 5.105135e+00 2.125264e-03 9.999786e-01 -6.181045e-03 -1.815798e-01 -3.836445e-02 6.258042e-03 9.992443e-01 5.625919e+00
9.992244e-01 1.114853e-03 -3.936089e-02 5.137134e+00 -8.677489e-04 9.999798e-01 6.294424e-03 -1.812434e-01 3.936711e-02 -6.255387e-03 9.992051e-01 5.537074e+00
9.992815e-01 -1.760481e-03 3.786011e-02 5.178243e+00 1.989611e-03 9.999799e-01 -6.015209e-03 -1.811345e-01 -3.784875e-02 6.086214e-03 9.992650e-01 5.474971e+00
9.992013e-01 1.348406e-03 -3.993579e-02 5.200552e+00 -1.101231e-03 9.999801e-01 6.210680e-03 -1.813117e-01 3.994336e-02 -6.161741e-03 9.991828e-01 5.465512e+00
9.992798e-01 -1.689262e-03 3.790846e-02 5.176657e+00 1.923604e-03 9.999793e-01 -6.146162e-03 -1.809996e-01 -3.789728e-02 6.214656e-03 9.992624e-01 5.470955e+00
9.992128e-01 1.191604e-03 -3.965263e-02 5.157037e+00 -9.441650e-04 9.999800e-01 6.258302e-03 -1.805016e-01 3.965928e-02 -6.215936e-03 9.991938e-01 5.451034e+00
9.992900e-01 -1.575869e-03 3.764260e-02 5.124897e+00 1.809800e-03 9.999793e-01 -6.181268e-03 -1.800066e-01 -3.763207e-02 6.245005e-03 9.992722e-01 5.440900e+00
9.992385e-01 1.298609e-03 -3.899712e-02 5.067085e+00 -1.051971e-03 9.999793e-01 6.344375e-03 -1.797088e-01 3.900455e-02 -6.298520e-03 9.992191e-01 5.448473e+00
9.992818e-01 -1.431572e-03 3.786528e-02 5.015412e+00 1.682785e-03 9.999768e-01 -6.603353e-03 -1.792621e-01 -3.785494e-02 6.662330e-03 9.992611e-01 5.474031e+00
9.992254e-01 1.398989e-03 -3.932842e-02 4.965258e+00 -1.134609e-03 9.999766e-01 6.743863e-03 -1.791978e-01 3.933693e-02 -6.694016e-03 9.992035e-01 5.489859e+00
9.993153e-01 -1.185839e-03 3.698101e-02 4.929379e+00 1.431779e-03 9.999770e-01 -6.624687e-03 -1.792524e-01 -3.697229e-02 6.673099e-03 9.992941e-01 5.536228e+00
9.992433e-01 1.190784e-03 -3.887641e-02 4.882463e+00 -9.282674e-04 9.999767e-01 6.769934e-03 -1.790479e-01 3.888355e-02 -6.728724e-03 9.992210e-01 5.560819e+00
9.993098e-01 -1.239895e-03 3.712615e-02 4.828429e+00 1.489989e-03 9.999764e-01 -6.709426e-03 -1.786831e-01 -3.711694e-02 6.760113e-03 9.992882e-01 5.573939e+00
9.992430e-01 5.821093e-04 -3.889908e-02 4.837277e+00 -3.230106e-04 9.999777e-01 6.666745e-03 -1.779903e-01 3.890208e-02 -6.649133e-03 9.992208e-01 5.525024e+00
9.992992e-01 -1.285573e-03 3.740807e-02 4.912047e+00 1.532227e-03 9.999773e-01 -6.565678e-03 -1.778970e-01 -3.739876e-02 6.618394e-03 9.992786e-01 5.454497e+00
9.992592e-01 1.164897e-03 -3.846770e-02 4.866892e+00 -9.106463e-04 9.999776e-01 6.626318e-03 -1.773405e-01 3.847455e-02 -6.586378e-03 9.992378e-01 5.458447e+00
9.993305e-01 -1.105264e-03 3.657006e-02 4.816044e+00 1.346619e-03 9.999775e-01 -6.575833e-03 -1.771859e-01 -3.656195e-02 6.620676e-03 9.993096e-01 5.488568e+00
9.992761e-01 9.106184e-04 -3.803291e-02 4.745882e+00 -6.628052e-04 9.999785e-01 6.527856e-03 -1.763098e-01 3.803803e-02 -6.497921e-03 9.992551e-01 5.472551e+00
9.993247e-01 -1.090011e-03 3.672776e-02 4.669218e+00 1.332824e-03 9.999774e-01 -6.587325e-03 -1.754599e-01 -3.671974e-02 6.631829e-03 9.993037e-01 5.456791e+00
9.992840e-01 1.183625e-03 -3.781709e-02 4.566885e+00 -9.286747e-04 9.999767e-01 6.758531e-03 -1.749189e-01 3.782420e-02 -6.718572e-03 9.992617e-01 5.467244e+00
9.993384e-01 -9.381503e-04 3.635677e-02 4.471593e+00 1.181976e-03 9.999770e-01 -6.685565e-03 -1.746345e-01 -3.634965e-02 6.724115e-03 9.993166e-01 5.514509e+00
9.992772e-01 1.404157e-03 -3.798809e-02 4.371412e+00 -1.146692e-03 9.999762e-01 6.798445e-03 -1.743579e-01 3.799672e-02 -6.749970e-03 9.992550e-01 5.566397e+00
9.993300e-01 -9.503160e-04 3.658880e-02 4.266554e+00 1.192108e-03 9.999776e-01 -6.587119e-03 -1.742578e-01 -3.658171e-02 6.626323e-03 9.993088e-01 5.617173e+00
9.992875e-01 1.469123e-03 -3.771324e-02 4.195402e+00 -1.211227e-03 9.999757e-01 6.860286e-03 -1.737151e-01 3.772239e-02 -6.809719e-03 9.992650e-01 5.653439e+00
9.993357e-01 -1.719709e-03 3.640359e-02 4.131741e+00 1.974106e-03 9.999739e-01 -6.953468e-03 -1.729366e-01 -3.639067e-02 7.020713e-03 9.993131e-01 5.640584e+00
9.992796e-01 1.243763e-03 -3.793193e-02 4.102686e+00 -9.842647e-04 9.999760e-01 6.859060e-03 -1.719584e-01 3.793954e-02 -6.816783e-03 9.992567e-01 5.599790e+00
9.993356e-01 -1.633229e-03 3.641016e-02 4.068080e+00 1.876528e-03 9.999761e-01 -6.649006e-03 -1.710382e-01 -3.639842e-02 6.712913e-03 9.993149e-01 5.546148e+00
9.992888e-01 9.614895e-04 -3.769478e-02 4.070950e+00 -7.144412e-04 9.999782e-01 6.566834e-03 -1.701099e-01 3.770026e-02 -6.535233e-03 9.992676e-01 5.470782e+00
9.993108e-01 -1.784787e-03 3.707851e-02 4.189978e+00 2.018246e-03 9.999784e-01 -6.259869e-03 -1.702584e-01 -3.706652e-02 6.330387e-03 9.992928e-01 5.362325e+00
9.992798e-01 9.799492e-04 -3.793334e-02 4.258399e+00 -7.352745e-04 9.999788e-01 6.463538e-03 -1.699057e-01 3.793886e-02 -6.430991e-03 9.992593e-01 5.265461e+00
9.993118e-01 -1.835659e-03 3.704756e-02 4.316955e+00 2.066673e-03 9.999787e-01 -6.198298e-03 -1.697133e-01 -3.703538e-02 6.270597e-03 9.992944e-01 5.171574e+00
9.992709e-01 1.044057e-03 -3.816567e-02 4.403479e+00 -7.964142e-04 9.999785e-01 6.503243e-03 -1.697783e-01 3.817163e-02 -6.468105e-03 9.992502e-01 5.085404e+00
9.993464e-01 -1.633358e-03 3.611204e-02 4.453536e+00 1.861613e-03 9.999785e-01 -6.288036e-03 -1.696807e-01 -3.610098e-02 6.351152e-03 9.993281e-01 5.031802e+00
9.992724e-01 9.428701e-04 -3.812770e-02 4.475785e+00 -6.979841e-04 9.999790e-01 6.435585e-03 -1.692112e-01 3.813296e-02 -6.404290e-03 9.992521e-01 4.977762e+00
9.993175e-01 -1.738699e-03 3.689916e-02 4.552074e+00 1.971040e-03 9.999785e-01 -6.261201e-03 -1.690438e-01 -3.688747e-02 6.329657e-03 9.992995e-01 4.894076e+00
9.992815e-01 9.458237e-04 -3.788943e-02 4.647229e+00 -6.992293e-04 9.999785e-01 6.520986e-03 -1.691285e-01 3.789478e-02 -6.489807e-03 9.992606e-01 4.800050e+00
9.993476e-01 -1.238919e-03 3.609514e-02 4.648965e+00 1.469020e-03 9.999788e-01 -6.349029e-03 -1.686378e-01 -3.608649e-02 6.397910e-03 9.993283e-01 4.770370e+00
9.992773e-01 1.165786e-03 -3.799418e-02 4.599103e+00 -9.220863e-04 9.999789e-01 6.431033e-03 -1.684416e-01 3.800087e-02 -6.391351e-03 9.992572e-01 4.789147e+00
9.993538e-01 -1.223779e-03 3.592308e-02 4.559032e+00 1.453257e-03 9.999787e-01 -6.362628e-03 -1.683383e-01 -3.591452e-02 6.410721e-03 9.993344e-01 4.817183e+00
9.992789e-01 1.096831e-03 -3.795237e-02 4.523301e+00 -8.535085e-04 9.999790e-01 6.426871e-03 -1.682247e-01 3.795861e-02 -6.389844e-03 9.992588e-01 4.844864e+00
9.993598e-01 -1.213731e-03 3.575764e-02 4.495437e+00 1.442856e-03 9.999786e-01 -6.382617e-03 -1.679987e-01 -3.574912e-02 6.430123e-03 9.993402e-01 4.872824e+00
9.993291e-01 9.941942e-04 -3.661044e-02 4.455333e+00 -7.582281e-04 9.999789e-01 6.458642e-03 -1.677930e-01 3.661608e-02 -6.426550e-03 9.993086e-01 4.897045e+00
9.993601e-01 -1.496614e-03 3.573865e-02 4.429063e+00 1.728936e-03 9.999776e-01 -6.470543e-03 -1.671375e-01 -3.572815e-02 6.528191e-03 9.993403e-01 4.872020e+00
9.993047e-01 1.084259e-03 -3.726845e-02 4.389295e+00 -8.371091e-04 9.999776e-01 6.646586e-03 -1.664463e-01 3.727480e-02 -6.610766e-03 9.992831e-01 4.837589e+00
9.993807e-01 -1.410982e-03 3.516087e-02 4.340668e+00 1.641769e-03 9.999773e-01 -6.535746e-03 -1.659199e-01 -3.515084e-02 6.589424e-03 9.993604e-01 4.830979e+00
9.993397e-01 8.521260e-04 -3.632467e-02 4.292230e+00 -6.140751e-04 9.999783e-01 6.564075e-03 -1.650329e-01 3.632946e-02 -6.537434e-03 9.993184e-01 4.796039e+00
9.993895e-01 -1.437638e-03 3.490752e-02 4.240580e+00 1.661361e-03 9.999783e-01 -6.380866e-03 -1.638491e-01 -3.489757e-02 6.434964e-03 9.993703e-01 4.715016e+00
9.993710e-01 5.617644e-04 -3.545881e-02 4.292470e+00 -3.298655e-04 9.999785e-01 6.545462e-03 -1.634191e-01 3.546171e-02 -6.529648e-03 9.993496e-01 4.601550e+00
9.993669e-01 -1.604359e-03 3.554103e-02 4.415440e+00 1.828086e-03 9.999787e-01 -6.263276e-03 -1.636299e-01 -3.553021e-02 6.324283e-03 9.993487e-01 4.454291e+00
9.993754e-01 6.599363e-04 -3.533161e-02 4.515600e+00 -4.318765e-04 9.999790e-01 6.462078e-03 -1.634502e-01 3.533512e-02 -6.442783e-03 9.993547e-01 4.304458e+00
9.994395e-01 -1.082849e-03 3.345916e-02 4.516417e+00 1.290902e-03 9.999800e-01 -6.197147e-03 -1.629055e-01 -3.345176e-02 6.236865e-03 9.994210e-01 4.243034e+00
9.993881e-01 4.575609e-04 -3.497424e-02 4.471143e+00 -2.382669e-04 9.999803e-01 6.274066e-03 -1.621082e-01 3.497640e-02 -6.261893e-03 9.993684e-01 4.206114e+00
9.994204e-01 -1.290382e-03 3.401698e-02 4.467885e+00 1.499618e-03 9.999801e-01 -6.126133e-03 -1.612971e-01 -3.400839e-02 6.173594e-03 9.994026e-01 4.116729e+00
9.993712e-01 6.871735e-04 -3.544972e-02 4.443246e+00 -4.613392e-04 9.999796e-01 6.378338e-03 -1.603412e-01 3.545337e-02 -6.357973e-03 9.993510e-01 4.032614e+00
9.994058e-01 -1.497622e-03 3.443577e-02 4.469445e+00 1.713773e-03 9.999790e-01 -6.248279e-03 -1.597491e-01 -3.442568e-02 6.303581e-03 9.993875e-01 3.947504e+00
9.993699e-01 2.328983e-03 -3.541798e-02 4.491950e+00 -2.121102e-03 9.999803e-01 5.905802e-03 -1.608890e-01 3.543102e-02 -5.826955e-03 9.993550e-01 3.971056e+00
9.993782e-01 -2.862185e-03 3.514215e-02 4.538355e+00 3.070464e-03 9.999780e-01 -5.874228e-03 -1.604737e-01 -3.512455e-02 5.978478e-03 9.993652e-01 3.944458e+00
9.992945e-01 2.406523e-03 -3.747839e-02 4.590720e+00 -2.178318e-03 9.999788e-01 6.128618e-03 -1.608908e-01 3.749233e-02 -6.042654e-03 9.992785e-01 3.927598e+00
9.993068e-01 -2.188233e-03 3.716493e-02 4.563537e+00 2.413050e-03 9.999791e-01 -6.005401e-03 -1.621066e-01 -3.715100e-02 6.090918e-03 9.992912e-01 3.988763e+00
9.992691e-01 2.244051e-03 -3.816131e-02 4.532452e+00 -2.024851e-03 9.999812e-01 5.781709e-03 -1.619892e-01 3.817356e-02 -5.700211e-03 9.992548e-01 4.020980e+00
9.992914e-01 -3.096551e-03 3.751095e-02 4.552959e+00 3.313169e-03 9.999782e-01 -5.714028e-03 -1.615263e-01 -3.749243e-02 5.834259e-03 9.992800e-01 3.970762e+00
9.992280e-01 2.607616e-03 -3.920057e-02 4.507325e+00 -2.377065e-03 9.999796e-01 5.926779e-03 -1.609073e-01 3.921521e-02 -5.829021e-03 9.992137e-01 3.944162e+00
9.992477e-01 -3.440078e-03 3.862903e-02 4.565735e+00 3.671388e-03 9.999757e-01 -5.918649e-03 -1.606459e-01 -3.860771e-02 6.056018e-03 9.992362e-01 3.862355e+00
9.992255e-01 2.739773e-03 -3.925311e-02 4.633169e+00 -2.494162e-03 9.999770e-01 6.304732e-03 -1.604429e-01 3.926947e-02 -6.201945e-03 9.992093e-01 3.754315e+00
9.992454e-01 -3.179279e-03 3.871051e-02 4.637016e+00 3.427151e-03 9.999740e-01 -6.338531e-03 -1.602905e-01 -3.868933e-02 6.466415e-03 9.992305e-01 3.706341e+00
9.992514e-01 2.243617e-03 -3.862108e-02 4.675625e+00 -1.995179e-03 9.999771e-01 6.470039e-03 -1.600544e-01 3.863469e-02 -6.388138e-03 9.992329e-01 3.636726e+00
9.992728e-01 -3.163844e-03 3.799941e-02 4.730873e+00 3.403882e-03 9.999747e-01 -6.253848e-03 -1.598608e-01 -3.797865e-02 6.378644e-03 9.992583e-01 3.544509e+00
9.992505e-01 2.301369e-03 -3.864231e-02 4.815850e+00 -2.047057e-03 9.999760e-01 6.619482e-03 -1.599296e-01 3.865660e-02 -6.535417e-03 9.992311e-01 3.448557e+00
9.992858e-01 -3.173546e-03 3.765483e-02 4.859255e+00 3.411795e-03 9.999746e-01 -6.264618e-03 -1.597634e-01 -3.763397e-02 6.388613e-03 9.992713e-01 3.364711e+00
9.992069e-01 2.714491e-03 -3.972573e-02 4.834797e+00 -2.463515e-03 9.999767e-01 6.365297e-03 -1.591893e-01 3.974207e-02 -6.262383e-03 9.991902e-01 3.333052e+00
9.991775e-01 -2.606002e-03 4.046600e-02 4.890086e+00 2.808373e-03 9.999838e-01 -4.944982e-03 -1.587124e-01 -4.045244e-02 5.054557e-03 9.991688e-01 3.236305e+00
9.991749e-01 1.634457e-03 -4.058107e-02 4.985334e+00 -1.418387e-03 9.999847e-01 5.352627e-03 -1.585932e-01 4.058918e-02 -5.290650e-03 9.991618e-01 3.108933e+00
9.991889e-01 -2.541344e-03 4.018745e-02 5.059536e+00 2.746367e-03 9.999835e-01 -5.047302e-03 -1.583356e-01 -4.017395e-02 5.153577e-03 9.991795e-01 2.990066e+00
9.991708e-01 1.607164e-03 -4.068411e-02 5.147779e+00 -1.387350e-03 9.999843e-01 5.430607e-03 -1.583255e-01 4.069218e-02 -5.369660e-03 9.991572e-01 2.877950e+00
9.991996e-01 -2.542583e-03 3.992030e-02 5.244174e+00 2.757425e-03 9.999820e-01 -5.327651e-03 -1.585152e-01 -3.990602e-02 5.433463e-03 9.991888e-01 2.786472e+00
9.991352e-01 2.952366e-03 -4.147346e-02 5.215603e+00 -2.712563e-03 9.999793e-01 5.837162e-03 -1.590298e-01 4.148982e-02 -5.719614e-03 9.991225e-01 2.828440e+00
9.992090e-01 -2.023523e-03 3.971589e-02 5.130654e+00 2.256363e-03 9.999805e-01 -5.818685e-03 -1.593761e-01 -3.970332e-02 5.903694e-03 9.991942e-01 2.904743e+00
9.991421e-01 2.748269e-03 -4.132099e-02 5.045177e+00 -2.510682e-03 9.999800e-01 5.800594e-03 -1.596699e-01 4.133609e-02 -5.691873e-03 9.991290e-01 2.977882e+00
9.992030e-01 -2.038532e-03 3.986459e-02 4.965909e+00 2.265293e-03 9.999815e-01 -5.643927e-03 -1.599447e-01 -3.985233e-02 5.729733e-03 9.991893e-01 3.047670e+00
9.991488e-01 2.530850e-03 -4.117248e-02 4.876177e+00 -2.292526e-03 9.999804e-01 5.834600e-03 -1.601820e-01 4.118642e-02 -5.735244e-03 9.991349e-01 3.107036e+00
9.991706e-01 -2.135964e-03 4.066441e-02 4.800547e+00 2.357344e-03 9.999827e-01 -5.396902e-03 -1.593586e-01 -4.065216e-02 5.488285e-03 9.991584e-01 3.122915e+00
9.991064e-01 2.333397e-03 -4.220149e-02 4.746272e+00 -2.101905e-03 9.999825e-01 5.528929e-03 -1.593944e-01 4.221364e-02 -5.435284e-03 9.990937e-01 3.164957e+00
9.991636e-01 -1.699193e-03 4.085678e-02 4.683923e+00 1.927929e-03 9.999827e-01 -5.559723e-03 -1.599381e-01 -4.084661e-02 5.633840e-03 9.991496e-01 3.234119e+00
9.990767e-01 2.533999e-03 -4.288650e-02 4.620926e+00 -2.306029e-03 9.999830e-01 5.364303e-03 -1.602557e-01 4.289935e-02 -5.260452e-03 9.990655e-01 3.298909e+00
9.991677e-01 -2.138403e-03 4.073410e-02 4.568489e+00 2.355908e-03 9.999832e-01 -5.292361e-03 -1.606402e-01 -4.072208e-02 5.383921e-03 9.991561e-01 3.354335e+00
9.990782e-01 2.273130e-03 -4.286743e-02 4.520867e+00 -2.041624e-03 9.999831e-01 5.443531e-03 -1.609861e-01 4.287906e-02 -5.350993e-03 9.990658e-01 3.403418e+00
9.991726e-01 -2.239468e-03 4.060978e-02 4.482691e+00 2.457787e-03 9.999828e-01 -5.326910e-03 -1.612615e-01 -4.059713e-02 5.422311e-03 9.991610e-01 3.452877e+00
9.990818e-01 2.441810e-03 -4.277288e-02 4.446004e+00 -2.210238e-03 9.999826e-01 5.460448e-03 -1.616144e-01 4.278546e-02 -5.360896e-03 9.990698e-01 3.512304e+00
9.991668e-01 -2.084737e-03 4.075997e-02 4.393803e+00 2.303709e-03 9.999832e-01 -5.325996e-03 -1.617520e-01 -4.074817e-02 5.415457e-03 9.991549e-01 3.561346e+00
9.990750e-01 2.281695e-03 -4.294168e-02 4.349608e+00 -2.045973e-03 9.999826e-01 5.532513e-03 -1.621734e-01 4.295354e-02 -5.439536e-03 9.990622e-01 3.622158e+00
9.991741e-01 -2.178391e-03 4.057460e-02 4.314117e+00 2.396932e-03 9.999829e-01 -5.338268e-03 -1.624585e-01 -4.056226e-02 5.431113e-03 9.991624e-01 3.679136e+00
