9.998712e-01 -6.513263e-03 -1.467041e-02 2.680537e-01 6.514582e-03 9.999788e-01 4.209325e-05 -1.488046e-02 1.466982e-02 -1.376601e-04 9.998924e-01 -5.233619e-02
9.999243e-01 7.673974e-03 9.617956e-03 3.490145e-01 -7.671755e-03 9.999705e-01 -2.675895e-04 -2.638715e-02 -9.619726e-03 1.937833e-04 9.999537e-01 -4.056621e-03
9.997011e-01 -8.851571e-03 -2.279060e-02 6.249696e-01 8.744616e-03 9.999503e-01 -4.788336e-03 -4.119330e-02 2.283185e-02 4.587609e-03 9.997288e-01 -1.016159e-01
9.998834e-01 7.011812e-03 1.356609e-02 8.803409e-01 -7.086531e-03 9.999599e-01 5.467558e-03 -5.552789e-02 -1.352721e-02 -5.563056e-03 9.998930e-01 -1.451465e-01
9.998316e-01 -6.245635e-03 -1.725861e-02 8.921716e-01 6.149981e-03 9.999655e-01 -5.589932e-03 -6.439337e-02 1.729292e-02 5.482849e-03 9.998354e-01 6.146505e-03
9.998815e-01 6.789435e-03 1.381640e-02 8.972455e-01 -6.863995e-03 9.999621e-01 5.356314e-03 -7.332475e-02 -1.377951e-02 -5.450514e-03 9.998902e-01 1.707212e-01
9.998268e-01 -6.180102e-03 -1.755278e-02 9.055268e-01 6.084871e-03 9.999665e-01 -5.473638e-03 -8.247737e-02 1.758602e-02 5.365883e-03 9.998310e-01 3.139909e-01
9.998666e-01 6.750287e-03 1.487539e-02 9.046729e-01 -6.829760e-03 9.999626e-01 5.298277e-03 -9.148266e-02 -1.483907e-02 -5.399165e-03 9.998753e-01 4.973376e-01
9.998539e-01 -6.301690e-03 -1.588714e-02 8.582324e-01 6.210896e-03 9.999641e-01 -5.757835e-03 -9.752776e-02 1.592286e-02 5.658320e-03 9.998572e-01 7.615965e-01
9.998495e-01 7.100594e-03 1.583011e-02 7.938090e-01 -7.183908e-03 9.999606e-01 5.212394e-03 -1.028636e-01 -1.579247e-02 -5.325331e-03 9.998611e-01 1.059029e+00
9.998486e-01 -6.498375e-03 -1.614448e-02 7.250136e-01 6.406276e-03 9.999629e-01 -5.749855e-03 -1.073986e-01 1.618125e-02 5.645557e-03 9.998531e-01 1.362954e+00
9.998519e-01 7.128642e-03 1.566495e-02 6.655623e-01 -7.210528e-03 9.999606e-01 5.177104e-03 -1.124898e-01 -1.562743e-02 -5.289289e-03 9.998639e-01 1.661861e+00
9.998605e-01 -7.371141e-03 -1.498920e-02 5.752819e-01 7.282426e-03 9.999557e-01 -5.964591e-03 -1.155088e-01 1.503250e-02 5.854600e-03 9.998699e-01 2.014316e+00
9.998583e-01 7.634654e-03 1.500084e-02 4.929155e-01 -7.713851e-03 9.999566e-01 5.228703e-03 -1.186349e-01 -1.496027e-02 -5.343675e-03 9.998738e-01 2.342455e+00
9.998723e-01 -7.029573e-03 -1.434859e-02 3.996372e-01 6.944726e-03 9.999582e-01 -5.954538e-03 -1.216961e-01 1.438984e-02 5.854130e-03 9.998793e-01 2.700835e+00
9.998510e-01 7.053126e-03 1.575583e-02 2.799601e-01 -7.131030e-03 9.999626e-01 4.893727e-03 -1.224034e-01 -1.572072e-02 -5.005353e-03 9.998639e-01 3.115430e+00
9.998575e-01 -6.494461e-03 -1.557968e-02 2.009678e-01 6.406821e-03 9.999634e-01 -5.668590e-03 -1.244633e-01 1.561593e-02 5.567966e-03 9.998626e-01 3.519845e+00
9.998685e-01 7.558049e-03 1.434908e-02 1.949082e-01 -7.638291e-03 9.999555e-01 5.545609e-03 -1.303244e-01 -1.430652e-02 -5.654481e-03 9.998817e-01 3.826154e+00
9.998405e-01 -6.552626e-03 -1.661553e-02 1.827176e-01 6.459206e-03 9.999631e-01 -5.669904e-03 -1.370961e-01 1.665206e-02 5.561675e-03 9.998459e-01 4.060131e+00
9.998415e-01 7.555194e-03 1.611835e-02 1.122758e-01 -7.637880e-03 9.999580e-01 5.074549e-03 -1.420691e-01 -1.607933e-02 -5.196854e-03 9.998572e-01 4.348255e+00
9.998836e-01 -8.678532e-03 -1.254930e-02 -5.455603e-02 8.597962e-03 9.999422e-01 -6.460059e-03 -1.396411e-01 1.260464e-02 6.351408e-03 9.999004e-01 4.876829e+00
9.997852e-01 5.682075e-03 1.993080e-02 -3.205200e-01 -5.763486e-03 9.999753e-01 4.029618e-03 -1.296816e-01 -1.990741e-02 -4.143623e-03 9.997932e-01 5.629110e+00
9.999004e-01 -1.011586e-02 -9.837854e-03 -6.533913e-01 1.004737e-02 9.999251e-01 -6.986377e-03 -1.152257e-01 9.907790e-03 6.886836e-03 9.999272e-01 6.526307e+00
9.997498e-01 3.487970e-03 2.209671e-02 -1.046673e+00 -3.559311e-03 9.999886e-01 3.190048e-03 -9.608252e-02 -2.208533e-02 -3.267898e-03 9.997507e-01 7.538570e+00
9.998552e-01 -7.562229e-03 -1.524657e-02 -1.322667e+00 7.476950e-03 9.999561e-01 -5.642552e-03 -8.498705e-02 1.528857e-02 5.527736e-03 9.998678e-01 8.261407e+00
9.997394e-01 5.516437e-03 2.215379e-02 -1.564418e+00 -5.593491e-03 9.999785e-01 3.417681e-03 -7.765414e-02 -2.213446e-02 -3.540707e-03 9.997487e-01 8.960720e+00
9.991961e-01 -1.754279e-02 -3.604660e-02 -1.616626e+00 1.746439e-02 9.998444e-01 -2.488604e-03 -7.966068e-02 3.608465e-02 1.857071e-03 9.993470e-01 9.250996e+00
9.996075e-01 1.253706e-02 2.505483e-02 -1.313520e+00 -1.263653e-02 9.999129e-01 3.815759e-03 -9.522986e-02 -2.500481e-02 -4.130866e-03 9.996788e-01 9.161942e+00
9.996445e-01 -1.163198e-02 -2.399175e-02 -1.389829e+00 1.153159e-02 9.999242e-01 -4.318126e-03 -9.991471e-02 2.404016e-02 4.039927e-03 9.997028e-01 9.532595e+00
9.994731e-01 7.733515e-03 3.152252e-02 -1.666453e+00 -7.785413e-03 9.999685e-01 1.523970e-03 -8.928951e-02 -3.150974e-02 -1.768582e-03 9.995019e-01 1.028253e+01
9.996815e-01 -9.978032e-03 -2.317990e-02 -1.966105e+00 9.881696e-03 9.999421e-01 -4.266821e-03 -7.732463e-02 2.322113e-02 4.036405e-03 9.997222e-01 1.107019e+01
9.994045e-01 5.447632e-03 3.407334e-02 -2.336883e+00 -5.482735e-03 9.999845e-01 9.368652e-04 -6.020522e-02 -3.406771e-02 -1.123122e-03 9.994189e-01 1.201761e+01
9.991812e-01 -1.352844e-02 -3.812977e-02 -2.521736e+00 1.348393e-02 9.999081e-01 -1.424351e-03 -5.403478e-02 3.814554e-02 9.090448e-04 9.992718e-01 1.256891e+01
9.992257e-01 1.414512e-02 3.671352e-02 -2.536213e+00 -1.418437e-02 9.998991e-01 8.089402e-04 -6.220635e-02 -3.669837e-02 -1.329071e-03 9.993255e-01 1.279258e+01
9.993033e-01 -1.510222e-02 -3.413013e-02 -2.692629e+00 1.501654e-02 9.998834e-01 -2.765273e-03 -6.040909e-02 3.416792e-02 2.250829e-03 9.994136e-01 1.326185e+01
9.991714e-01 1.380774e-02 3.828545e-02 -2.887770e+00 -1.383254e-02 9.999043e-01 3.828133e-04 -5.633022e-02 -3.827650e-02 -9.120804e-04 9.992668e-01 1.381140e+01
9.993257e-01 -1.476929e-02 -3.361684e-02 -3.077262e+00 1.470323e-02 9.998895e-01 -2.211445e-03 -5.236178e-02 3.364578e-02 1.715677e-03 9.994323e-01 1.440606e+01
9.991919e-01 1.340415e-02 3.789169e-02 -3.252286e+00 -1.342446e-02 9.999098e-01 2.817146e-04 -4.940208e-02 -3.788450e-02 -7.901620e-04 9.992818e-01 1.495909e+01
9.992929e-01 -1.441102e-02 -3.472883e-02 -3.401837e+00 1.434534e-02 9.998948e-01 -2.139637e-03 -4.814055e-02 3.475601e-02 1.639926e-03 9.993945e-01 1.545380e+01
9.992228e-01 1.437932e-02 3.670317e-02 -3.533171e+00 -1.441093e-02 9.998960e-01 5.969792e-04 -4.822319e-02 -3.669077e-02 -1.125442e-03 9.993260e-01 1.588579e+01
9.992138e-01 -1.376026e-02 -3.718080e-02 -3.592856e+00 1.371240e-02 9.999048e-01 -1.542126e-03 -5.322492e-02 3.719848e-02 1.031075e-03 9.993074e-01 1.617846e+01
9.992415e-01 1.481091e-02 3.601532e-02 -3.629696e+00 -1.484508e-02 9.998896e-01 6.814738e-04 -6.060136e-02 -3.600125e-02 -1.215607e-03 9.993510e-01 1.641472e+01
9.993325e-01 -1.448647e-02 -3.353608e-02 -3.757971e+00 1.442674e-02 9.998939e-01 -2.022465e-03 -6.175171e-02 3.356182e-02 1.537298e-03 9.994355e-01 1.684692e+01
9.992479e-01 1.241620e-02 3.673422e-02 -3.921286e+00 -1.242451e-02 9.999228e-01 -1.875422e-06 -5.922518e-02 -3.673141e-02 -4.545301e-04 9.993251e-01 1.737430e+01
9.992968e-01 -1.206732e-02 -3.550007e-02 -4.043721e+00 1.201868e-02 9.999265e-01 -1.583083e-03 -6.001954e-02 3.551657e-02 1.155305e-03 9.993684e-01 1.775944e+01
9.992880e-01 1.269841e-02 3.552823e-02 -4.132552e+00 -1.272442e-02 9.999189e-01 5.058979e-04 -6.340896e-02 -3.551892e-02 -9.576129e-04 9.993685e-01 1.808384e+01
9.993731e-01 -1.182344e-02 -3.337224e-02 -4.254493e+00 1.177475e-02 9.999293e-01 -1.654951e-03 -6.517808e-02 3.338944e-02 1.260963e-03 9.994416e-01 1.851222e+01
9.992703e-01 1.189520e-02 3.629474e-02 -4.403383e+00 -1.190218e-02 9.999292e-01 -2.360492e-05 -6.438735e-02 -3.629245e-02 -4.083982e-04 9.993411e-01 1.896213e+01
9.993652e-01 -1.177490e-02 -3.362303e-02 -4.543771e+00 1.172794e-02 9.999300e-01 -1.593593e-03 -6.386894e-02 3.363944e-02 1.198252e-03 9.994333e-01 1.943988e+01
9.991738e-01 1.076993e-02 3.918722e-02 -4.759417e+00 -1.076372e-02 9.999420e-01 -3.694968e-04 -5.892895e-02 -3.918893e-02 -5.260808e-05 9.992318e-01 2.004890e+01
9.993846e-01 -1.013162e-02 -3.358262e-02 -4.978177e+00 1.010377e-02 9.999485e-01 -9.986743e-04 -5.506046e-02 3.359101e-02 6.587478e-04 9.994354e-01 2.069657e+01
9.990552e-01 1.057564e-02 4.215241e-02 -5.253584e+00 -1.055299e-02 9.999440e-01 -7.599353e-04 -4.798734e-02 -4.215809e-02 3.143842e-04 9.991109e-01 2.145763e+01
9.993532e-01 -1.190502e-02 -3.393288e-02 -5.537103e+00 1.187075e-02 9.999288e-01 -1.211023e-03 -3.955240e-02 3.394488e-02 8.074298e-04 9.994234e-01 2.220347e+01
9.992318e-01 9.546334e-03 3.800789e-02 -5.729086e+00 -9.525675e-03 9.999544e-01 -7.246023e-04 -3.532499e-02 -3.801308e-02 3.619955e-04 9.992772e-01 2.275670e+01
9.992843e-01 -1.049503e-02 -3.634099e-02 -5.855697e+00 1.047677e-02 9.999449e-01 -6.928108e-04 -3.571849e-02 3.634625e-02 3.115782e-04 9.993392e-01 2.318520e+01
9.991769e-01 8.873773e-03 3.958160e-02 -6.021795e+00 -8.836749e-03 9.999603e-01 -1.110236e-03 -3.369787e-02 -3.958989e-02 7.595499e-04 9.992157e-01 2.368625e+01
9.993159e-01 -1.052436e-02 -3.545488e-02 -6.215991e+00 1.050729e-02 9.999446e-01 -6.677678e-04 -2.967951e-02 3.545994e-02 2.947755e-04 9.993711e-01 2.424343e+01
9.991767e-01 1.009649e-02 3.929382e-02 -6.389541e+00 -1.006763e-02 9.999489e-01 -9.321529e-04 -2.700169e-02 -3.930122e-02 5.357905e-04 9.992273e-01 2.479099e+01
9.992992e-01 -1.016499e-02 -3.602486e-02 -6.543927e+00 1.013824e-02 9.999482e-01 -9.251194e-04 -2.588815e-02 3.603240e-02 5.592416e-04 9.993505e-01 2.525755e+01
9.992516e-01 1.079692e-02 3.714319e-02 -6.659554e+00 -1.080890e-02 9.999416e-01 1.214993e-04 -2.757010e-02 -3.713971e-02 -5.228845e-04 9.993099e-01 2.564106e+01
9.992568e-01 -9.852358e-03 -3.726619e-02 -6.737114e+00 9.812652e-03 9.999511e-01 -1.248234e-03 -3.100183e-02 3.727667e-02 8.816256e-04 9.993046e-01 2.594641e+01
9.992659e-01 1.053509e-02 3.683386e-02 -6.819957e+00 -1.054380e-02 9.999444e-01 4.227521e-05 -3.436248e-02 -3.683136e-02 -4.306122e-04 9.993214e-01 2.625161e+01
9.993410e-01 -1.045489e-02 -3.476003e-02 -6.933339e+00 1.041796e-02 9.999450e-01 -1.243374e-03 -3.599925e-02 3.477111e-02 8.804256e-04 9.993949e-01 2.669110e+01
9.991914e-01 8.525798e-03 3.929267e-02 -7.115255e+00 -8.506480e-03 9.999636e-01 -6.588121e-04 -3.237993e-02 -3.929686e-02 3.240377e-04 9.992275e-01 2.727447e+01
9.993755e-01 -1.056622e-02 -3.371770e-02 -7.319480e+00 1.053193e-02 9.999438e-01 -1.194438e-03 -2.796433e-02 3.372843e-02 8.385792e-04 9.994307e-01 2.788050e+01
9.991535e-01 7.856450e-03 4.038138e-02 -7.571089e+00 -7.807767e-03 9.999686e-01 -1.363155e-03 -2.035346e-02 -4.039082e-02 1.046713e-03 9.991834e-01 2.854947e+01
9.993648e-01 -1.230859e-02 -3.344476e-02 -7.850755e+00 1.226220e-02 9.999235e-01 -1.591779e-03 -9.750237e-03 3.346180e-02 1.180661e-03 9.994393e-01 2.926917e+01
9.992243e-01 1.084663e-02 3.785736e-02 -8.061676e+00 -1.082703e-02 9.999411e-01 -7.227261e-04 -4.088528e-03 -3.786297e-02 3.122833e-04 9.992829e-01 2.984534e+01
9.992903e-01 -1.098259e-02 -3.603269e-02 -8.183370e+00 1.096882e-02 9.999397e-01 -5.797814e-04 -4.637745e-03 3.603688e-02 1.841332e-04 9.993504e-01 3.028430e+01
9.993342e-01 1.166401e-02 3.456957e-02 -8.230032e+00 -1.167073e-02 9.999319e-01 -7.376339e-06 -1.050735e-02 -3.456730e-02 -3.960800e-04 9.994023e-01 3.052092e+01
9.995580e-01 -9.532903e-03 -2.815975e-02 -8.374804e+00 9.507783e-03 9.999543e-01 -1.025808e-03 -9.586206e-03 2.816825e-02 7.576172e-04 9.996029e-01 3.116163e+01
9.991345e-01 8.946994e-03 4.062338e-02 -8.715812e+00 -8.876408e-03 9.999588e-01 -1.917598e-03 5.319299e-03 -4.063887e-02 1.555349e-03 9.991727e-01 3.216438e+01
9.995353e-01 -9.103609e-03 -2.909161e-02 -9.037232e+00 9.086967e-03 9.999585e-01 -7.041924e-04 1.851901e-02 2.909681e-02 4.395099e-04 9.995765e-01 3.310947e+01
9.992147e-01 7.575565e-03 3.889118e-02 -9.332772e+00 -7.501749e-03 9.999698e-01 -2.043582e-03 3.011890e-02 -3.890549e-02 1.750226e-03 9.992414e-01 3.396982e+01
9.994780e-01 -9.673704e-03 -3.082445e-02 -9.585639e+00 9.669824e-03 9.999532e-01 -2.749187e-04 3.904261e-02 3.082566e-02 -2.329250e-05 9.995248e-01 3.473334e+01
9.993077e-01 8.097374e-03 3.631052e-02 -9.773375e+00 -8.042345e-03 9.999663e-01 -1.661324e-03 4.364437e-02 -3.632275e-02 1.368152e-03 9.993392e-01 3.537363e+01
9.995259e-01 -9.577627e-03 -2.926210e-02 -9.992008e+00 9.575283e-03 9.999541e-01 -2.202339e-04 4.999967e-02 2.926287e-02 -6.006410e-05 9.995717e-01 3.609595e+01
9.992898e-01 6.920736e-03 3.704037e-02 -1.023868e+01 -6.846724e-03 9.999743e-01 -2.124617e-03 5.827441e-02 -3.705412e-02 1.869504e-03 9.993115e-01 3.684730e+01
9.995453e-01 -1.022725e-02 -2.836445e-02 -1.050101e+01 1.022226e-02 9.999477e-01 -3.210469e-04 6.765588e-02 2.836625e-02 3.095136e-05 9.995976e-01 3.764833e+01
9.992011e-01 6.458676e-03 3.943862e-02 -1.083932e+01 -6.356792e-03 9.999761e-01 -2.708197e-03 8.208924e-02 -3.945517e-02 2.455331e-03 9.992183e-01 3.858369e+01
9.995014e-01 -7.291796e-03 -3.072050e-02 -1.111388e+01 7.316132e-03 9.999730e-01 6.798241e-04 9.175911e-02 3.071471e-02 -9.042411e-04 9.995278e-01 3.938109e+01
9.993052e-01 5.013134e-03 3.693244e-02 -1.132768e+01 -4.918120e-03 9.999844e-01 -2.663024e-03 9.765444e-02 -3.694521e-02 2.479536e-03 9.993142e-01 4.005559e+01
9.995287e-01 -8.378610e-03 -2.953180e-02 -1.157497e+01 8.394519e-03 9.999647e-01 4.147919e-04 1.058910e-01 2.952728e-02 -6.625023e-04 9.995638e-01 4.079720e+01
9.993392e-01 6.275191e-03 3.580327e-02 -1.180345e+01 -6.192439e-03 9.999779e-01 -2.421717e-03 1.127662e-01 -3.581767e-02 2.198408e-03 9.993559e-01 4.146436e+01
9.994889e-01 -7.602004e-03 -3.105205e-02 -1.197732e+01 7.630634e-03 9.999706e-01 8.035705e-04 1.160231e-01 3.104502e-02 -1.040107e-03 9.995174e-01 4.206451e+01
9.993166e-01 6.123829e-03 3.645411e-02 -1.217818e+01 -6.032812e-03 9.999784e-01 -2.606226e-03 1.209608e-01 -3.646928e-02 2.384524e-03 9.993319e-01 4.269401e+01
9.994755e-01 -6.999071e-03 -3.161870e-02 -1.235259e+01 7.039123e-03 9.999746e-01 1.155592e-03 1.237616e-01 3.160981e-02 -1.377554e-03 9.994993e-01 4.327291e+01
9.993033e-01 5.821614e-03 3.686575e-02 -1.254308e+01 -5.719048e-03 9.999795e-01 -2.886991e-03 1.279091e-01 -3.688180e-02 2.674143e-03 9.993161e-01 4.388693e+01
9.994988e-01 -8.369251e-03 -3.053074e-02 -1.276387e+01 8.400812e-03 9.999643e-01 9.056236e-04 1.342613e-01 3.052207e-02 -1.161653e-03 9.995334e-01 4.456619e+01
9.992872e-01 5.863629e-03 3.729186e-02 -1.299555e+01 -5.752901e-03 9.999787e-01 -3.075853e-03 1.413546e-01 -3.730910e-02 2.859125e-03 9.992997e-01 4.526875e+01
9.994743e-01 -8.636080e-03 -3.124946e-02 -1.321448e+01 8.670883e-03 9.999619e-01 9.783619e-04 1.478096e-01 3.123982e-02 -1.248809e-03 9.995111e-01 4.592929e+01
9.993441e-01 6.726762e-03 3.558374e-02 -1.339602e+01 -6.635091e-03 9.999744e-01 -2.693681e-03 1.514080e-01 -3.560095e-02 2.455813e-03 9.993631e-01 4.649831e+01
9.994379e-01 -6.906575e-03 -3.280481e-02 -1.352545e+01 6.961997e-03 9.999745e-01 1.575510e-03 1.512948e-01 3.279310e-02 -1.803013e-03 9.994605e-01 4.697630e+01
9.992387e-01 4.775129e-03 3.871890e-02 -1.373099e+01 -4.640885e-03 9.999829e-01 -3.556293e-03 1.560447e-01 -3.873522e-02 3.373897e-03 9.992438e-01 4.760725e+01
9.993617e-01 -5.939360e-03 -3.522593e-02 -1.389969e+01 6.021413e-03 9.999794e-01 2.223695e-03 1.596815e-01 3.521200e-02 -2.434386e-03 9.993769e-01 4.813482e+01
9.991800e-01 4.432720e-03 4.024646e-02 -1.409845e+01 -4.263264e-03 9.999817e-01 -4.295306e-03 1.639265e-01 -4.026476e-02 4.120203e-03 9.991806e-01 4.871407e+01
9.993793e-01 -7.044000e-03 -3.451704e-02 -1.432994e+01 7.124101e-03 9.999722e-01 2.198184e-03 1.707414e-01 3.450059e-02 -2.442723e-03 9.994017e-01 4.935552e+01
9.992442e-01 5.849507e-03 3.842911e-02 -1.451113e+01 -5.707454e-03 9.999765e-01 -3.805163e-03 1.749365e-01 -3.845047e-02 3.582955e-03 9.992541e-01 4.992239e+01
9.993456e-01 -7.712625e-03 -3.533921e-02 -1.466965e+01 7.788906e-03 9.999676e-01 2.021382e-03 1.766877e-01 3.532247e-02 -2.295314e-03 9.993733e-01 5.040884e+01
9.992383e-01 7.381029e-03 3.831829e-02 -1.482677e+01 -7.255781e-03 9.999679e-01 -3.406679e-03 1.786516e-01 -3.834220e-02 3.126056e-03 9.992598e-01 5.091977e+01
9.992961e-01 -8.203979e-03 -3.660543e-02 -1.493877e+01 8.291652e-03 9.999631e-01 2.243903e-03 1.775624e-01 3.658567e-02 -2.545844e-03 9.993273e-01 5.134291e+01
9.993023e-01 8.347525e-03 3.640446e-02 -1.500817e+01 -8.239623e-03 9.999612e-01 -3.113013e-03 1.734046e-01 -3.642904e-02 2.810883e-03 9.993323e-01 5.166080e+01
9.993308e-01 -7.497717e-03 -3.580042e-02 -1.506785e+01 7.590023e-03 9.999682e-01 2.443150e-03 1.679313e-01 3.578097e-02 -2.713242e-03 9.993560e-01 5.198956e+01
9.997934e-01 -6.923973e-04 2.031315e-02 -1.496795e+01 7.325315e-04 9.999978e-01 -1.968402e-03 1.569714e-01 -2.031174e-02 1.982876e-03 9.997917e-01 5.203387e+01
9.997396e-01 1.652390e-03 -2.276083e-02 -1.488698e+01 -1.592056e-03 9.999952e-01 2.668645e-03 1.456503e-01 2.276513e-02 -2.631714e-03 9.997374e-01 5.217484e+01
9.998683e-01 -5.745676e-03 1.517880e-02 -1.489525e+01 5.773455e-03 9.999817e-01 -1.786932e-03 1.376955e-01 -1.516825e-02 1.874331e-03 9.998832e-01 5.235044e+01
9.998437e-01 6.626396e-03 -1.638952e-02 -1.490098e+01 -6.598221e-03 9.999767e-01 1.772547e-03 1.294170e-01 1.640088e-02 -1.664129e-03 9.998641e-01 5.258298e+01
9.995481e-01 -4.907930e-03 2.965558e-02 -1.525140e+01 5.030844e-03 9.999791e-01 -4.071543e-03 1.428895e-01 -2.963497e-02 4.218896e-03 9.995519e-01 5.363406e+01
9.999411e-01 8.960559e-03 -6.118323e-03 -1.585661e+01 -8.977607e-03 9.999559e-01 -2.764763e-03 1.789299e-01 6.093279e-03 2.819527e-03 9.999775e-01 5.517881e+01
9.997790e-01 -1.558127e-02 1.411065e-02 -1.611381e+01 1.555528e-02 9.998771e-01 1.950342e-03 1.968665e-01 -1.413930e-02 -1.730415e-03 9.998985e-01 5.608509e+01
9.998123e-01 1.495595e-02 -1.231913e-02 -1.622728e+01 -1.498997e-02 9.998841e-01 -2.673230e-03 1.954190e-01 1.227772e-02 2.857390e-03 9.999205e-01 5.649943e+01
9.997318e-01 -1.630324e-02 1.644884e-02 -1.640919e+01 1.628079e-02 9.998663e-01 1.497761e-03 1.985939e-01 -1.647105e-02 -1.229558e-03 9.998636e-01 5.705604e+01
9.998457e-01 1.597582e-02 -7.308468e-03 -1.668066e+01 -1.599874e-02 9.998672e-01 -3.087557e-03 2.076288e-01 7.258172e-03 3.204006e-03 9.999685e-01 5.789873e+01
9.997316e-01 -1.837288e-02 1.411024e-02 -1.692115e+01 1.836460e-02 9.998311e-01 7.159288e-04 2.164583e-01 -1.412101e-02 -4.566071e-04 9.999002e-01 5.860139e+01
9.997842e-01 1.959685e-02 -6.895127e-03 -1.712992e+01 -1.960964e-02 9.998061e-01 -1.791484e-03 2.208512e-01 6.858682e-03 1.926308e-03 9.999746e-01 5.931370e+01
9.996173e-01 -2.766261e-02 2.575183e-04 -1.725609e+01 2.766218e-02 9.996161e-01 1.545505e-03 2.226527e-01 -3.001718e-04 -1.537789e-03 9.999988e-01 5.976873e+01
9.995425e-01 2.889491e-02 -8.939450e-03 -1.705579e+01 -2.890049e-02 9.995822e-01 -4.961628e-04 2.086186e-01 8.921378e-03 7.542897e-04 9.999599e-01 5.974228e+01
9.996180e-01 -2.750571e-02 -2.695144e-03 -1.667362e+01 2.749740e-02 9.996171e-01 -3.074153e-03 1.924058e-01 2.778669e-03 2.998869e-03 9.999916e-01 5.958043e+01
9.996599e-01 2.340586e-02 -1.149908e-02 -1.622434e+01 -2.333404e-02 9.997076e-01 6.340037e-03 1.757477e-01 1.164412e-02 -6.069561e-03 9.999138e-01 5.938490e+01
9.995978e-01 -2.834657e-02 -8.133226e-04 -1.596764e+01 2.834233e-02 9.995867e-01 -4.818422e-03 1.610604e-01 9.495726e-04 4.793434e-03 9.999881e-01 5.930369e+01
9.995684e-01 2.936496e-02 7.976563e-04 -1.600447e+01 -2.936837e-02 9.995578e-01 4.667322e-03 1.541677e-01 -6.602482e-04 -4.688734e-03 9.999888e-01 5.958847e+01
9.991763e-01 -3.797072e-02 -1.431371e-02 -1.598879e+01 3.792158e-02 9.992739e-01 -3.689000e-03 1.463807e-01 1.444340e-02 3.143163e-03 9.998907e-01 5.973558e+01
9.995913e-01 2.785311e-02 -6.429716e-03 -1.556349e+01 -2.780211e-02 9.995823e-01 7.889036e-03 1.288458e-01 6.646764e-03 -7.707053e-03 9.999482e-01 5.956712e+01
9.997027e-01 -2.426214e-02 2.427226e-03 -1.541945e+01 2.427641e-02 9.996871e-01 -6.033034e-03 1.169374e-01 -2.280091e-03 6.090166e-03 9.999789e-01 5.967014e+01
9.996901e-01 2.489242e-02 -3.755541e-04 -1.551833e+01 -2.489017e-02 9.996770e-01 5.130565e-03 1.158510e-01 5.031447e-04 -5.119628e-03 9.999868e-01 6.010440e+01
9.997082e-01 -2.411192e-02 1.425150e-03 -1.560616e+01 2.412046e-02 9.996891e-01 -6.315319e-03 1.143649e-01 -1.272433e-03 6.347852e-03 9.999790e-01 6.049547e+01
9.997319e-01 2.312764e-02 1.126611e-03 -1.571912e+01 -2.313320e-02 9.997188e-01 5.208001e-03 1.136850e-01 -1.005846e-03 -5.232667e-03 9.999858e-01 6.095328e+01
9.996221e-01 -2.641408e-02 -7.607739e-03 -1.573735e+01 2.636992e-02 9.996351e-01 -5.847834e-03 1.084382e-01 7.759429e-03 5.645009e-03 9.999540e-01 6.117177e+01
9.996990e-01 2.423822e-02 -3.802181e-03 -1.546663e+01 -2.420982e-02 9.996799e-01 7.344586e-03 9.324450e-02 3.978984e-03 -7.250326e-03 9.999658e-01 6.109001e+01
9.997318e-01 -2.300353e-02 2.658663e-03 -1.548239e+01 2.302282e-02 9.997070e-01 -7.470140e-03 8.544724e-02 -2.486044e-03 7.529347e-03 9.999686e-01 6.132996e+01
9.997434e-01 1.543205e-02 -1.658474e-02 -1.542204e+01 -1.527822e-02 9.998394e-01 9.362408e-03 7.665544e-02 1.672656e-02 -9.106620e-03 9.998186e-01 6.143401e+01
9.997988e-01 -1.498508e-02 1.333165e-02 -1.530285e+01 1.509782e-02 9.998508e-01 -8.396966e-03 6.412922e-02 -1.320383e-02 8.596556e-03 9.998759e-01 6.152282e+01
9.996606e-01 7.631269e-03 -2.491074e-02 -1.527772e+01 -7.378943e-03 9.999207e-01 1.020544e-02 5.585914e-02 2.498665e-02 -1.001816e-02 9.996376e-01 6.169818e+01
9.992950e-01 -3.687679e-02 -7.037169e-03 -1.442107e+01 3.671571e-02 9.990882e-01 -2.178949e-02 3.187418e-02 7.834279e-03 2.151575e-02 9.997378e-01 6.134144e+01
9.994401e-01 3.345122e-02 6.892786e-04 -1.394027e+01 -3.345783e-02 9.993250e-01 1.516659e-02 1.452715e-02 -1.814729e-04 -1.518116e-02 9.998847e-01 6.123598e+01
9.994539e-01 -3.304295e-02 2.075793e-04 -1.403466e+01 3.304211e-02 9.993293e-01 -1.578754e-02 1.176254e-02 3.142273e-04 1.578578e-02 9.998753e-01 6.158425e+01
9.995386e-01 2.669568e-02 -1.448935e-02 -1.386608e+01 -2.646050e-02 9.995188e-01 1.618717e-02 -1.435871e-04 1.491450e-02 -1.579631e-02 9.997640e-01 6.158857e+01
9.996189e-01 -2.590485e-02 9.541839e-03 -1.366487e+01 2.605225e-02 9.995379e-01 -1.566249e-02 -1.423799e-02 -9.131695e-03 1.590511e-02 9.998318e-01 6.161042e+01
9.993821e-01 1.798117e-02 -3.020026e-02 -1.333274e+01 -1.764547e-02 9.997799e-01 1.134589e-02 -2.996623e-02 3.039763e-02 -1.080598e-02 9.994795e-01 6.149233e+01
9.996827e-01 -2.229908e-02 1.171130e-02 -1.273524e+01 2.239799e-02 9.997140e-01 -8.383741e-03 -4.990572e-02 -1.152100e-02 8.643391e-03 9.998963e-01 6.122817e+01
9.995995e-01 2.125539e-02 -1.868354e-02 -1.237849e+01 -2.108423e-02 9.997343e-01 9.310476e-03 -6.619347e-02 1.887648e-02 -8.912820e-03 9.997821e-01 6.114673e+01
9.996699e-01 -2.038302e-02 1.563913e-02 -1.237915e+01 2.052707e-02 9.997478e-01 -9.106565e-03 -7.446665e-02 -1.544956e-02 9.424585e-03 9.998362e-01 6.131072e+01
9.995979e-01 2.098409e-02 -1.907021e-02 -1.236550e+01 -2.080453e-02 9.997378e-01 9.565678e-03 -8.398070e-02 1.926594e-02 -9.165085e-03 9.997724e-01 6.145351e+01
9.996773e-01 -2.022175e-02 1.537207e-02 -1.233350e+01 2.036416e-02 9.997506e-01 -9.164890e-03 -9.432969e-02 -1.518291e-02 9.474973e-03 9.998398e-01 6.156464e+01
9.995979e-01 2.081500e-02 -1.925603e-02 -1.228992e+01 -2.063215e-02 9.997406e-01 9.646676e-03 -1.051102e-01 1.945183e-02 -9.245505e-03 9.997680e-01 6.164236e+01
9.997078e-01 -2.168293e-02 1.068945e-02 -1.214956e+01 2.180181e-02 9.997003e-01 -1.113274e-02 -1.180742e-01 -1.044486e-02 1.136254e-02 9.998809e-01 6.164214e+01
9.995635e-01 2.364046e-02 -1.772030e-02 -1.192667e+01 -2.340850e-02 9.996390e-01 1.318501e-02 -1.318983e-01 1.802560e-02 -1.276444e-02 9.997560e-01 6.160415e+01
9.994742e-01 -3.238386e-02 1.614620e-03 -1.164565e+01 3.239861e-02 9.994235e-01 -1.014573e-02 -1.479229e-01 -1.285131e-03 1.019271e-02 9.999472e-01 6.152796e+01
9.994594e-01 3.066426e-02 -1.185796e-02 -1.131489e+01 -3.051656e-02 9.994568e-01 1.244276e-02 -1.633310e-01 1.223307e-02 -1.207417e-02 9.998523e-01 6.143596e+01
9.995131e-01 -3.069164e-02 5.611584e-03 -1.121656e+01 3.075817e-02 9.994526e-01 -1.218072e-02 -1.753378e-01 -5.234665e-03 1.234739e-02 9.999101e-01 6.145900e+01
9.994103e-01 3.158964e-02 -1.346111e-02 -1.107064e+01 -3.145876e-02 9.994568e-01 9.825992e-03 -1.882950e-01 1.376420e-02 -9.396729e-03 9.998611e-01 6.146621e+01
9.995199e-01 -3.010417e-02 7.329327e-03 -1.097375e+01 3.016595e-02 9.995090e-01 -8.470603e-03 -2.008323e-01 -7.070727e-03 8.687633e-03 9.999373e-01 6.152444e+01
9.994690e-01 3.101518e-02 -9.990488e-03 -1.097414e+01 -3.092820e-02 9.994833e-01 8.746286e-03 -2.093068e-01 1.025659e-02 -8.432654e-03 9.999118e-01 6.170363e+01
9.994040e-01 -3.452000e-02 -1.531095e-04 -1.083675e+01 3.451759e-02 9.993706e-01 -8.185687e-03 -2.221279e-01 4.355835e-04 8.175524e-03 9.999665e-01 6.170002e+01
9.993871e-01 3.490040e-02 -2.713646e-03 -1.077964e+01 -3.487546e-02 9.993533e-01 8.751934e-03 -2.324332e-01 3.017337e-03 -8.651931e-03 9.999580e-01 6.186308e+01
9.994248e-01 -3.388723e-02 1.324212e-03 -1.079703e+01 3.389753e-02 9.993872e-01 -8.731278e-03 -2.392774e-01 -1.027521e-03 8.771144e-03 9.999610e-01 6.208720e+01
9.994870e-01 3.006488e-02 -1.104010e-02 -1.069397e+01 -2.995569e-02 9.995019e-01 9.926278e-03 -2.516210e-01 1.133303e-02 -9.590473e-03 9.998898e-01 6.209308e+01
9.995830e-01 -2.853376e-02 4.422137e-03 -1.056612e+01 2.857291e-02 9.995507e-01 -9.059351e-03 -2.641808e-01 -4.161653e-03 9.181928e-03 9.999492e-01 6.209965e+01
9.995440e-01 2.943779e-02 -6.729900e-03 -1.057026e+01 -2.937509e-02 9.995258e-01 9.232169e-03 -2.729635e-01 6.998483e-03 -9.030268e-03 9.999347e-01 6.229417e+01
9.995819e-01 -2.846781e-02 5.057551e-03 -1.058444e+01 2.851373e-02 9.995506e-01 -9.251463e-03 -2.799444e-01 -4.791909e-03 9.391805e-03 9.999444e-01 6.255057e+01
9.995161e-01 2.349834e-02 -2.038212e-02 -1.036551e+01 -2.332114e-02 9.996885e-01 8.888703e-03 -2.936843e-01 2.058464e-02 -8.409068e-03 9.997527e-01 6.250340e+01
9.995172e-01 -3.055699e-02 5.631713e-03 -1.007004e+01 3.059691e-02 9.995063e-01 -7.144969e-03 -3.093924e-01 -5.410603e-03 7.313833e-03 9.999586e-01 6.240737e+01
9.994803e-01 3.163643e-02 -6.192764e-03 -1.009295e+01 -3.158959e-02 9.994726e-01 7.521073e-03 -3.169395e-01 6.427438e-03 -7.321538e-03 9.999525e-01 6.267978e+01
9.994746e-01 -3.134071e-02 8.265948e-03 -1.019817e+01 3.140748e-02 9.994740e-01 -8.074949e-03 -3.186505e-01 -8.008526e-03 8.330320e-03 9.999332e-01 6.309587e+01
9.994567e-01 3.205008e-02 -7.687410e-03 -1.026809e+01 -3.199015e-02 9.994578e-01 7.796683e-03 -3.228009e-01 7.933126e-03 -7.546526e-03 9.999401e-01 6.343443e+01
9.994774e-01 -3.133040e-02 7.959777e-03 -1.033282e+01 3.139296e-02 9.994762e-01 -7.859949e-03 -3.275029e-01 -7.709352e-03 8.105723e-03 9.999374e-01 6.376144e+01
9.994699e-01 3.166037e-02 -7.584518e-03 -1.040175e+01 -3.160194e-02 9.994708e-01 7.703619e-03 -3.317526e-01 7.824404e-03 -7.459850e-03 9.999416e-01 6.409614e+01
9.994730e-01 -3.136760e-02 8.351913e-03 -1.047112e+01 3.143371e-02 9.994746e-01 -7.905206e-03 -3.362138e-01 -8.099557e-03 8.163572e-03 9.999339e-01 6.443812e+01
9.994878e-01 3.088855e-02 -8.369940e-03 -1.054183e+01 -3.082549e-02 9.994962e-01 7.560476e-03 -3.398308e-01 8.599255e-03 -7.298597e-03 9.999364e-01 6.477250e+01
9.995126e-01 -3.009500e-02 8.301575e-03 -1.059844e+01 3.015988e-02 9.995146e-01 -7.804408e-03 -3.448578e-01 -8.062671e-03 8.050979e-03 9.999351e-01 6.507651e+01
9.994895e-01 3.103247e-02 -7.597589e-03 -1.066943e+01 -3.097580e-02 9.994922e-01 7.466387e-03 -3.488960e-01 7.825431e-03 -7.227235e-03 9.999433e-01 6.542967e+01
9.994716e-01 -3.078474e-02 1.042814e-02 -1.078936e+01 3.087029e-02 9.994902e-01 -8.144120e-03 -3.495775e-01 -1.017211e-02 8.461737e-03 9.999125e-01 6.589455e+01
9.994725e-01 3.091303e-02 -9.952492e-03 -1.086938e+01 -3.083593e-02 9.994940e-01 7.809368e-03 -3.524653e-01 1.018887e-02 -7.498355e-03 9.999200e-01 6.623782e+01
9.993943e-01 -3.449921e-02 -4.569537e-03 -1.059693e+01 3.444481e-02 9.993405e-01 -1.149352e-02 -3.666561e-01 4.963041e-03 1.132916e-02 9.999235e-01 6.613753e+01
9.996356e-01 2.102315e-02 -1.692998e-02 -9.999360e+00 -2.079512e-02 9.996921e-01 1.353421e-02 -3.857460e-01 1.720930e-02 -1.317722e-02 9.997651e-01 6.585785e+01
9.996872e-01 -2.263160e-02 1.064536e-02 -9.871405e+00 2.276415e-02 9.996627e-01 -1.249949e-02 -3.988183e-01 -1.035889e-02 1.273791e-02 9.998652e-01 6.589959e+01
9.996605e-01 2.344893e-02 -1.136101e-02 -9.922567e+00 -2.330795e-02 9.996516e-01 1.238663e-02 -4.043876e-01 1.164750e-02 -1.211762e-02 9.998587e-01 6.617168e+01
9.996588e-01 -2.291384e-02 1.254094e-02 -9.998810e+00 2.307209e-02 9.996541e-01 -1.262320e-02 -4.087307e-01 -1.224736e-02 1.290824e-02 9.998417e-01 6.652236e+01
9.995351e-01 1.513253e-02 -2.646829e-02 -9.936219e+00 -1.474761e-02 9.997835e-01 1.467799e-02 -4.191564e-01 2.668467e-02 -1.428083e-02 9.995419e-01 6.659585e+01
9.997757e-01 -1.591489e-02 1.397463e-02 -9.632062e+00 1.609206e-02 9.997904e-01 -1.265857e-02 -4.344943e-01 -1.377024e-02 1.288061e-02 9.998222e-01 6.650277e+01
9.996793e-01 1.404849e-02 -2.106967e-02 -9.497322e+00 -1.376941e-02 9.998163e-01 1.333265e-02 -4.475353e-01 2.125310e-02 -1.303826e-02 9.996891e-01 6.650539e+01
9.997585e-01 -1.291496e-02 1.777787e-02 -9.470025e+00 1.314386e-02 9.998314e-01 -1.281936e-02 -4.579490e-01 -1.760931e-02 1.304993e-02 9.997598e-01 6.664508e+01
9.997059e-01 1.377430e-02 -1.995996e-02 -9.487904e+00 -1.351821e-02 9.998253e-01 1.290864e-02 -4.657990e-01 2.013428e-02 -1.263502e-02 9.997174e-01 6.684433e+01
9.997699e-01 -1.277815e-02 1.723037e-02 -9.493957e+00 1.299797e-02 9.998348e-01 -1.270630e-02 -4.741702e-01 -1.706516e-02 1.292734e-02 9.997708e-01 6.701962e+01
9.997324e-01 1.374941e-02 -1.860220e-02 -9.518257e+00 -1.351273e-02 9.998269e-01 1.278979e-02 -4.819182e-01 1.877483e-02 -1.253500e-02 9.997452e-01 6.724949e+01
9.997160e-01 -1.354187e-02 1.960928e-02 -9.606487e+00 1.380274e-02 9.998172e-01 -1.322956e-02 -4.851134e-01 -1.942654e-02 1.349646e-02 9.997202e-01 6.760899e+01
9.997688e-01 1.284654e-02 -1.724230e-02 -9.735241e+00 -1.263285e-02 9.998427e-01 1.244565e-02 -4.856714e-01 1.739947e-02 -1.222495e-02 9.997739e-01 6.804535e+01
9.997813e-01 -1.182339e-02 1.724745e-02 -9.805725e+00 1.204815e-02 9.998431e-01 -1.298591e-02 -4.896155e-01 -1.709120e-02 1.319087e-02 9.997669e-01 6.834922e+01
9.997448e-01 1.286076e-02 -1.857442e-02 -9.830706e+00 -1.261786e-02 9.998341e-01 1.313559e-02 -4.973256e-01 1.874028e-02 -1.289787e-02 9.997412e-01 6.857167e+01
9.997004e-01 -1.258840e-02 2.099274e-02 -9.946297e+00 1.287583e-02 9.998244e-01 -1.361326e-02 -4.992076e-01 -2.081769e-02 1.387948e-02 9.996869e-01 6.899561e+01
9.998175e-01 1.131698e-02 -1.539014e-02 -1.015175e+01 -1.113150e-02 9.998650e-01 1.208451e-02 -4.941886e-01 1.552482e-02 -1.191099e-02 9.998085e-01 6.961833e+01
9.995667e-01 -1.529407e-02 2.515091e-02 -1.046927e+01 1.566324e-02 9.997715e-01 -1.454733e-02 -4.812770e-01 -2.492267e-02 1.493497e-02 9.995778e-01 7.047247e+01
9.998057e-01 1.110493e-02 -1.628479e-02 -1.078771e+01 -1.090832e-02 9.998671e-01 1.211282e-02 -4.672985e-01 1.641714e-02 -1.193283e-02 9.997940e-01 7.130335e+01
9.997173e-01 -1.243795e-02 2.026588e-02 -1.096876e+01 1.270967e-02 9.998303e-01 -1.333489e-02 -4.633606e-01 -2.009658e-02 1.358870e-02 9.997057e-01 7.185591e+01
9.996077e-01 9.600546e-03 -2.631137e-02 -1.099984e+01 -9.231404e-03 9.998578e-01 1.411553e-02 -4.685645e-01 2.644314e-02 -1.386710e-02 9.995541e-01 7.208857e+01
9.997795e-01 -6.134905e-03 2.008105e-02 -1.081272e+01 6.397037e-03 9.998948e-01 -1.301556e-02 -4.818215e-01 -1.999909e-02 1.314115e-02 9.997136e-01 7.206159e+01
9.994462e-01 7.602747e-03 -3.239710e-02 -1.047920e+01 -7.316060e-03 9.999331e-01 8.958533e-03 -4.974652e-01 3.246305e-02 -8.716553e-03 9.994349e-01 7.191979e+01
9.995188e-01 -7.017369e-03 3.021456e-02 -1.042537e+01 7.270901e-03 9.999392e-01 -8.289371e-03 -5.078129e-01 -3.015455e-02 8.505070e-03 9.995091e-01 7.208125e+01
9.995562e-01 6.162161e-03 -2.914662e-02 -1.053396e+01 -5.946319e-03 9.999543e-01 7.486302e-03 -5.093942e-01 2.919142e-02 -7.309665e-03 9.995471e-01 7.245054e+01
9.995996e-01 -5.238905e-03 2.780639e-02 -1.057606e+01 5.454868e-03 9.999555e-01 -7.696522e-03 -5.154132e-01 -2.776483e-02 7.845122e-03 9.995837e-01 7.270100e+01
9.994101e-01 4.473783e-03 -3.405137e-02 -1.054589e+01 -4.226373e-03 9.999642e-01 7.334308e-03 -5.256448e-01 3.408297e-02 -7.186068e-03 9.993932e-01 7.279209e+01
9.997059e-01 -6.544710e-03 2.335130e-02 -1.031110e+01 6.683298e-03 9.999605e-01 -5.861788e-03 -5.401863e-01 -2.331201e-02 6.016128e-03 9.997101e-01 7.270801e+01
9.993286e-01 1.365468e-03 -3.661389e-02 -1.006997e+01 -1.082172e-03 9.999693e-01 7.756098e-03 -5.548503e-01 3.662335e-02 -7.711269e-03 9.992994e-01 7.263510e+01
9.996610e-01 -4.304804e-03 2.567644e-02 -9.846527e+00 4.485898e-03 9.999654e-01 -6.999495e-03 -5.691449e-01 -2.564542e-02 7.112305e-03 9.996458e-01 7.258049e+01
9.991703e-01 4.504777e-03 -4.047820e-02 -9.418416e+00 -4.107141e-03 9.999425e-01 9.901270e-03 -5.858387e-01 4.052048e-02 -9.726805e-03 9.991314e-01 7.243576e+01
9.994151e-01 -1.052613e-02 3.253825e-02 -8.559664e+00 1.139457e-02 9.995807e-01 -2.662076e-02 -6.054334e-01 -3.224439e-02 2.697595e-02 9.991159e-01 7.209182e+01
9.991272e-01 1.134347e-02 -4.020149e-02 -8.376365e+00 -1.026295e-02 9.995832e-01 2.698293e-02 -6.190610e-01 4.049081e-02 -2.654679e-02 9.988272e-01 7.204089e+01
9.994330e-01 -9.892027e-03 3.218452e-02 -8.194690e+00 1.072203e-02 9.996117e-01 -2.571937e-02 -6.327903e-01 -3.191761e-02 2.604987e-02 9.991510e-01 7.199462e+01
9.990640e-01 1.014255e-02 -4.205093e-02 -7.967949e+00 -9.009847e-03 9.995938e-01 2.703895e-02 -6.469122e-01 4.230810e-02 -2.663477e-02 9.987495e-01 7.192718e+01
9.993983e-01 -7.444232e-03 3.387733e-02 -7.801501e+00 8.348248e-03 9.996107e-01 -2.662224e-02 -6.601107e-01 -3.366596e-02 2.688903e-02 9.990714e-01 7.189043e+01
9.990325e-01 9.541210e-03 -4.292948e-02 -7.576149e+00 -8.427886e-03 9.996254e-01 2.604045e-02 -6.741384e-01 4.316185e-02 -2.565346e-02 9.987387e-01 7.181266e+01
9.994136e-01 -8.987798e-03 3.303923e-02 -7.368407e+00 9.797605e-03 9.996535e-01 -2.443084e-02 -6.880722e-01 -3.280821e-02 2.474022e-02 9.991554e-01 7.175943e+01
9.992243e-01 1.176195e-02 -3.758356e-02 -7.300362e+00 -1.084592e-02 9.996414e-01 2.448473e-02 -6.996168e-01 3.785807e-02 -2.405811e-02 9.989935e-01 7.179979e+01
9.994408e-01 -9.075934e-03 3.218139e-02 -7.196352e+00 9.865450e-03 9.996521e-01 -2.445999e-02 -7.119119e-01 -3.194820e-02 2.476380e-02 9.991827e-01 7.180884e+01
9.993785e-01 1.070850e-02 -3.358370e-02 -7.222315e+00 -9.880348e-03 9.996454e-01 2.472914e-02 -7.198678e-01 3.383660e-02 -2.438196e-02 9.991299e-01 7.202916e+01
9.993460e-01 -9.741839e-03 3.482398e-02 -7.328974e+00 1.062138e-02 9.996270e-01 -2.516163e-02 -7.215235e-01 -3.456587e-02 2.551505e-02 9.990767e-01 7.241630e+01
9.990815e-01 7.848067e-03 -4.212590e-02 -7.294012e+00 -6.783949e-03 9.996558e-01 2.534420e-02 -7.294827e-01 4.231030e-02 -2.503514e-02 9.987908e-01 7.255211e+01
9.993551e-01 -6.218919e-03 3.536629e-02 -7.076762e+00 7.046415e-03 9.997032e-01 -2.332157e-02 -7.435217e-01 -3.521075e-02 2.355573e-02 9.991023e-01 7.253386e+01
9.993697e-01 8.110259e-03 -3.456179e-02 -7.161605e+00 -7.329501e-03 9.997164e-01 2.265734e-02 -7.477926e-01 3.473575e-02 -2.238973e-02 9.991457e-01 7.287719e+01
9.992851e-01 -7.682302e-03 3.701848e-02 -7.276667e+00 8.545861e-03 9.996937e-01 -2.322630e-02 -7.476167e-01 -3.682870e-02 2.352605e-02 9.990446e-01 7.339175e+01
9.993901e-01 8.747517e-03 -3.380785e-02 -7.403674e+00 -7.988520e-03 9.997145e-01 2.252054e-02 -7.475717e-01 3.399519e-02 -2.223673e-02 9.991746e-01 7.387591e+01
9.993147e-01 -8.655520e-03 3.598977e-02 -7.534976e+00 9.495293e-03 9.996851e-01 -2.322857e-02 -7.477376e-01 -3.577738e-02 2.355439e-02 9.990822e-01 7.431182e+01
9.994370e-01 7.925791e-03 -3.260040e-02 -7.688350e+00 -7.207438e-03 9.997299e-01 2.209389e-02 -7.465350e-01 3.276671e-02 -2.184649e-02 9.992242e-01 7.480051e+01
9.993380e-01 -8.865452e-03 3.528295e-02 -7.851831e+00 9.688315e-03 9.996834e-01 -2.321962e-02 -7.436045e-01 -3.506593e-02 2.354608e-02 9.991076e-01 7.528540e+01
9.994065e-01 9.006505e-03 -3.324969e-02 -7.980955e+00 -8.263640e-03 9.997147e-01 2.241224e-02 -7.438172e-01 3.344206e-02 -2.212418e-02 9.991958e-01 7.572804e+01
9.993084e-01 -9.649344e-03 3.591144e-02 -8.128910e+00 1.049425e-02 9.996708e-01 -2.341381e-02 -7.426299e-01 -3.567369e-02 2.377448e-02 9.990807e-01 7.619323e+01
9.993606e-01 9.335219e-03 -3.451393e-02 -8.246490e+00 -8.553402e-03 9.997050e-01 2.273090e-02 -7.435158e-01 3.471595e-02 -2.242116e-02 9.991457e-01 7.659377e+01
9.993946e-01 -8.537197e-03 3.372646e-02 -8.304158e+00 9.313005e-03 9.996941e-01 -2.291320e-02 -7.485902e-01 -3.352052e-02 2.321343e-02 9.991684e-01 7.686956e+01
9.993673e-01 9.992973e-03 -3.413303e-02 -8.363632e+00 -9.219871e-03 9.996991e-01 2.273248e-02 -7.537652e-01 3.434992e-02 -2.240340e-02 9.991587e-01 7.715543e+01
9.991717e-01 -8.725731e-03 3.974575e-02 -8.526009e+00 9.657959e-03 9.996813e-01 -2.332349e-02 -7.508735e-01 -3.952957e-02 2.368803e-02 9.989376e-01 7.779138e+01
9.989358e-01 1.163063e-03 -4.610761e-02 -8.644752e+00 -6.070744e-05 9.997143e-01 2.390251e-02 -7.500151e-01 4.612224e-02 -2.387428e-02 9.986505e-01 7.822202e+01
9.991286e-01 -1.698543e-04 4.173650e-02 -8.571939e+00 1.154712e-03 9.997214e-01 -2.357405e-02 -7.611016e-01 -4.172087e-02 2.360171e-02 9.988505e-01 7.829678e+01
9.989118e-01 1.693683e-03 -4.660894e-02 -8.515395e+00 -5.948373e-04 9.997218e-01 2.357964e-02 -7.721611e-01 4.663591e-02 -2.352626e-02 9.986349e-01 7.836721e+01
9.994229e-01 -6.405683e-03 3.335812e-02 -8.261095e+00 7.198559e-03 9.996931e-01 -2.370301e-02 -7.864933e-01 -3.319605e-02 2.392946e-02 9.991624e-01 7.829799e+01
9.993612e-01 8.048475e-03 -3.482097e-02 -8.242044e+00 -7.204637e-03 9.996790e-01 2.429160e-02 -7.954685e-01 3.500530e-02 -2.402521e-02 9.990983e-01 7.852397e+01
9.992890e-01 -9.280731e-03 3.654211e-02 -8.369437e+00 1.021595e-02 9.996229e-01 -2.549004e-02 -7.951890e-01 -3.629176e-02 2.584523e-02 9.990070e-01 7.893928e+01
9.993210e-01 9.794504e-03 -3.551840e-02 -8.485512e+00 -8.910985e-03 9.996490e-01 2.494854e-02 -7.959700e-01 3.575029e-02 -2.461510e-02 9.990576e-01 7.932816e+01
9.993086e-01 -8.399651e-03 3.621920e-02 -8.575574e+00 9.317433e-03 9.996379e-01 -2.524576e-02 -7.986389e-01 -3.599403e-02 2.556578e-02 9.990249e-01 7.969010e+01
9.987014e-01 5.713156e-03 -5.062546e-02 -8.376448e+00 -4.562750e-03 9.997294e-01 2.281036e-02 -8.115060e-01 5.074208e-02 -2.254975e-02 9.984572e-01 7.965630e+01
9.988727e-01 -4.696351e-03 4.723576e-02 -8.183446e+00 5.698807e-03 9.997609e-01 -2.111017e-02 -8.240019e-01 -4.712532e-02 2.135556e-02 9.986607e-01 7.976392e+01
9.989078e-01 7.338172e-03 -4.614586e-02 -8.268509e+00 -6.433801e-03 9.997849e-01 1.971619e-02 -8.246632e-01 4.628062e-02 -1.939776e-02 9.987401e-01 8.013308e+01
9.988533e-01 -7.052761e-03 4.735305e-02 -8.373474e+00 8.026445e-03 9.997596e-01 -2.040365e-02 -8.258481e-01 -4.719777e-02 2.076033e-02 9.986698e-01 8.056009e+01
9.993878e-01 6.064473e-03 -3.445708e-02 -8.752546e+00 -5.448067e-03 9.998240e-01 1.795490e-02 -8.098836e-01 3.455990e-02 -1.775618e-02 9.992449e-01 8.155299e+01
9.991293e-01 -8.643352e-03 4.081626e-02 -9.004901e+00 9.447626e-03 9.997642e-01 -1.955315e-02 -7.985677e-01 -4.063763e-02 1.992175e-02 9.989753e-01 8.225776e+01
9.990158e-01 1.020429e-02 -4.316544e-02 -9.026783e+00 -9.358020e-03 9.997609e-01 1.976222e-02 -8.055274e-01 4.335678e-02 -1.933883e-02 9.988725e-01 8.246712e+01
9.991836e-01 -8.405385e-03 3.951485e-02 -9.012756e+00 9.175150e-03 9.997709e-01 -1.933958e-02 -8.149278e-01 -3.934324e-02 1.968635e-02 9.990318e-01 8.260382e+01
9.987791e-01 5.273966e-03 -4.911666e-02 -8.924821e+00 -4.344153e-03 9.998097e-01 1.901825e-02 -8.265396e-01 4.920761e-02 -1.878166e-02 9.986120e-01 8.264096e+01
9.988978e-01 -3.277815e-03 4.682402e-02 -8.923913e+00 4.151206e-03 9.998190e-01 -1.856758e-02 -8.353658e-01 -4.675469e-02 1.874149e-02 9.987306e-01 8.283295e+01
