9.999939e-01 1.398312e-03 -3.207635e-03 8.459595e-02 -1.392204e-03 9.999972e-01 1.905796e-03 -1.147402e-02 3.210290e-03 -1.901319e-03 9.999930e-01 1.012427e-01
9.999976e-01 -1.721169e-03 1.332396e-03 2.838953e-02 1.724311e-03 9.999957e-01 -2.360305e-03 -1.780760e-02 -1.328328e-03 2.362598e-03 9.999963e-01 3.421341e-01
9.999630e-01 5.482824e-03 -6.631097e-03 2.034810e-01 -5.472557e-03 9.999838e-01 1.565476e-03 -3.132632e-02 6.639572e-03 -1.529129e-03 9.999768e-01 3.435551e-01
9.994957e-01 -2.384009e-02 -2.097467e-02 1.542875e+00 2.386543e-02 9.997147e-01 9.586072e-04 -6.148202e-02 2.094584e-02 -1.458693e-03 9.997795e-01 -4.034528e-01
9.999604e-01 6.790156e-03 5.746894e-03 2.274303e+00 -6.800919e-03 9.999752e-01 1.855430e-03 -8.314626e-02 -5.734153e-03 -1.894442e-03 9.999818e-01 -8.005640e-01
9.998633e-01 -1.019723e-02 -1.301353e-02 2.736834e+00 1.025771e-02 9.999369e-01 4.589165e-03 -1.015552e-01 1.296591e-02 -4.722026e-03 9.999048e-01 -9.808875e-01
9.999288e-01 9.882305e-03 6.689143e-03 2.817722e+00 -9.848103e-03 9.999384e-01 -5.126793e-03 -1.139251e-01 -6.739395e-03 5.060552e-03 9.999645e-01 -8.537192e-01
9.998852e-01 -1.027835e-02 -1.113069e-02 2.834135e+00 1.033208e-02 9.999352e-01 4.780111e-03 -1.242859e-01 1.108084e-02 -4.894565e-03 9.999266e-01 -6.969338e-01
9.999014e-01 1.003794e-02 9.822213e-03 2.763179e+00 -9.983215e-03 9.999345e-01 -5.604429e-03 -1.302892e-01 -9.877826e-03 5.505818e-03 9.999361e-01 -4.015570e-01
9.998210e-01 -1.092113e-02 -1.544815e-02 2.794721e+00 1.100012e-02 9.999268e-01 5.037538e-03 -1.407057e-01 1.539200e-02 -5.206567e-03 9.998680e-01 -2.819161e-01
9.997920e-01 1.161398e-02 1.676358e-02 2.693444e+00 -1.151570e-02 9.999160e-01 -5.946981e-03 -1.440183e-01 -1.683124e-02 5.752699e-03 9.998418e-01 1.564230e-01
9.998622e-01 -1.219882e-02 -1.126304e-02 2.491040e+00 1.224930e-02 9.999152e-01 4.424068e-03 -1.417367e-01 1.120812e-02 -4.561422e-03 9.999268e-01 9.037835e-01
9.998975e-01 1.207657e-02 7.693470e-03 2.503948e+00 -1.203020e-02 9.999094e-01 -6.044779e-03 -1.513371e-01 -7.765773e-03 5.951604e-03 9.999521e-01 1.113752e+00
9.998590e-01 -1.217169e-02 -1.156503e-02 2.534679e+00 1.223396e-02 9.999110e-01 5.328407e-03 -1.616339e-01 1.149915e-02 -5.469142e-03 9.999189e-01 1.349840e+00
9.998876e-01 1.161408e-02 9.482088e-03 2.495877e+00 -1.155438e-02 9.999132e-01 -6.327471e-03 -1.685439e-01 -9.554754e-03 6.217199e-03 9.999350e-01 1.568735e+00
9.998613e-01 -1.181380e-02 -1.174150e-02 2.445239e+00 1.187896e-02 9.999143e-01 5.495517e-03 -1.755771e-01 1.167557e-02 -5.634231e-03 9.999160e-01 1.792437e+00
9.998642e-01 1.200489e-02 1.129413e-02 2.358611e+00 -1.193062e-02 9.999069e-01 -6.619932e-03 -1.806053e-01 -1.137255e-02 6.484286e-03 9.999143e-01 2.112948e+00
9.998829e-01 -1.232529e-02 -9.073643e-03 2.210896e+00 1.237445e-02 9.999089e-01 5.382322e-03 -1.817781e-01 9.006479e-03 -5.493972e-03 9.999443e-01 2.586548e+00
9.998815e-01 1.184249e-02 9.835296e-03 2.102055e+00 -1.177661e-02 9.999080e-01 -6.729575e-03 -1.852226e-01 -9.914086e-03 6.612951e-03 9.999290e-01 2.974071e+00
9.998484e-01 -1.229886e-02 -1.232149e-02 2.064475e+00 1.237359e-02 9.999054e-01 6.007778e-03 -1.924005e-01 1.224644e-02 -6.159328e-03 9.999060e-01 3.184172e+00
9.998515e-01 1.269481e-02 1.165182e-02 1.972293e+00 -1.261132e-02 9.998945e-01 -7.211002e-03 -1.969998e-01 -1.174214e-02 7.062985e-03 9.999061e-01 3.510360e+00
9.998760e-01 -1.311823e-02 -8.717486e-03 1.811851e+00 1.316910e-02 9.998964e-01 5.803638e-03 -1.974789e-01 8.640450e-03 -5.917718e-03 9.999452e-01 4.018758e+00
9.998370e-01 1.286363e-02 1.266586e-02 1.630278e+00 -1.277184e-02 9.998918e-01 -7.301799e-03 -1.965256e-01 -1.275842e-02 7.138842e-03 9.998931e-01 4.577588e+00
9.998624e-01 -1.321829e-02 -1.002778e-02 1.469745e+00 1.327934e-02 9.998935e-01 6.045661e-03 -1.968435e-01 9.946798e-03 -6.177991e-03 9.999314e-01 5.077292e+00
9.998456e-01 1.284985e-02 1.198615e-02 1.325473e+00 -1.276229e-02 9.998915e-01 -7.353131e-03 -1.979875e-01 -1.207934e-02 7.199025e-03 9.999011e-01 5.522000e+00
9.998208e-01 -1.338218e-02 -1.338959e-02 1.257439e+00 1.346977e-02 9.998883e-01 6.472481e-03 -2.033633e-01 1.330148e-02 -6.651676e-03 9.998894e-01 5.774807e+00
9.998784e-01 1.279587e-02 8.918170e-03 1.260000e+00 -1.273256e-02 9.998936e-01 -7.120123e-03 -2.126961e-01 -9.008329e-03 7.005705e-03 9.999349e-01 5.885296e+00
9.998355e-01 -1.322825e-02 -1.240945e-02 1.232983e+00 1.330940e-02 9.998904e-01 6.479079e-03 -2.207106e-01 1.232238e-02 -6.643175e-03 9.999020e-01 6.049810e+00
9.997856e-01 1.346140e-02 1.573259e-02 1.060043e+00 -1.333702e-02 9.998792e-01 -7.984254e-03 -2.204621e-01 -1.583817e-02 7.772716e-03 9.998444e-01 6.599283e+00
9.998681e-01 -1.402568e-02 -8.190793e-03 8.106436e-01 1.407687e-02 9.998815e-01 6.226527e-03 -2.154095e-01 8.102492e-03 -6.341006e-03 9.999471e-01 7.376951e+00
9.998126e-01 1.376448e-02 1.361297e-02 6.087009e-01 -1.366105e-02 9.998773e-01 -7.662111e-03 -2.132050e-01 -1.371676e-02 7.474707e-03 9.998780e-01 8.058837e+00
9.998856e-01 -1.402325e-02 -5.670098e-03 3.429929e-01 1.405763e-02 9.998828e-01 6.070973e-03 -2.071371e-01 5.584299e-03 -6.149986e-03 9.999655e-01 8.895211e+00
9.998798e-01 1.342207e-02 7.766299e-03 2.044264e-01 -1.336310e-02 9.998819e-01 -7.596853e-03 -2.085552e-01 -7.867347e-03 7.492157e-03 9.999410e-01 9.352797e+00
9.998659e-01 -1.381321e-02 -8.796708e-03 1.227472e-01 1.387324e-02 9.998806e-01 6.800618e-03 -2.135233e-01 8.701720e-03 -6.921744e-03 9.999382e-01 9.671397e+00
9.998318e-01 1.422517e-02 1.157921e-02 -2.914337e-02 -1.412920e-02 9.998655e-01 -8.327807e-03 -2.146923e-01 -1.169611e-02 8.162800e-03 9.998983e-01 1.019548e+01
9.998630e-01 -1.428712e-02 -8.354208e-03 -1.957920e-01 1.434489e-02 9.998733e-01 6.897080e-03 -2.149025e-01 8.254610e-03 -7.015975e-03 9.999413e-01 1.071268e+01
9.996675e-01 1.618508e-02 2.007465e-02 -5.176580e-01 -1.599113e-02 9.998243e-01 -9.784550e-03 -2.068311e-01 -2.022949e-02 9.460279e-03 9.997506e-01 1.165620e+01
9.998241e-01 -1.632233e-02 -9.233870e-03 -8.432619e-01 1.639494e-02 9.998348e-01 7.843507e-03 -1.982602e-01 9.104321e-03 -7.993516e-03 9.999266e-01 1.261599e+01
9.998036e-01 1.618332e-02 1.144004e-02 -9.920329e-01 -1.607849e-02 9.998284e-01 -9.196732e-03 -2.000134e-01 -1.158691e-02 9.010986e-03 9.998923e-01 1.308238e+01
9.998053e-01 -1.644323e-02 -1.090839e-02 -1.107720e+00 1.653181e-02 9.998307e-01 8.080019e-03 -2.033960e-01 1.077368e-02 -8.258781e-03 9.999079e-01 1.348682e+01
9.998029e-01 1.608016e-02 1.164098e-02 -1.219161e+00 -1.597216e-02 9.998291e-01 -9.311412e-03 -2.071676e-01 -1.178872e-02 9.123645e-03 9.998889e-01 1.390238e+01
9.998387e-01 -1.621428e-02 -7.724873e-03 -1.393492e+00 1.627645e-02 9.998351e-01 8.054062e-03 -2.067942e-01 7.593008e-03 -8.178495e-03 9.999377e-01 1.450959e+01
9.997905e-01 1.527631e-02 1.362462e-02 -1.613378e+00 -1.514130e-02 9.998358e-01 -9.958060e-03 -2.042683e-01 -1.377451e-02 9.749678e-03 9.998576e-01 1.518348e+01
9.998351e-01 -1.495313e-02 -1.030551e-02 -1.781823e+00 1.504237e-02 9.998496e-01 8.637060e-03 -2.047737e-01 1.017481e-02 -8.790654e-03 9.999096e-01 1.573622e+01
9.997875e-01 1.473644e-02 1.441247e-02 -1.962700e+00 -1.458493e-02 9.998378e-01 -1.056202e-02 -2.039144e-01 -1.456578e-02 1.034957e-02 9.998403e-01 1.630032e+01
9.997549e-01 -1.507358e-02 -1.621528e-02 -2.019069e+00 1.522871e-02 9.998390e-01 9.486039e-03 -2.103724e-01 1.606968e-02 -9.730651e-03 9.998235e-01 1.654717e+01
9.996875e-01 1.599885e-02 1.920824e-02 -2.141564e+00 -1.581188e-02 9.998265e-01 -9.846597e-03 -2.092437e-01 -1.936244e-02 9.539800e-03 9.997670e-01 1.721159e+01
9.998037e-01 -1.662808e-02 -1.077595e-02 -2.325417e+00 1.674220e-02 9.998038e-01 1.058824e-02 -2.048352e-01 1.059777e-02 -1.076657e-02 9.998859e-01 1.807493e+01
9.997698e-01 1.661728e-02 1.357204e-02 -2.505799e+00 -1.646364e-02 9.998000e-01 -1.135504e-02 -2.056058e-01 -1.375802e-02 1.112898e-02 9.998434e-01 1.863138e+01
9.997623e-01 -1.663491e-02 -1.409062e-02 -2.623758e+00 1.678504e-02 9.998029e-01 1.060395e-02 -2.096266e-01 1.391145e-02 -1.083794e-02 9.998445e-01 1.900469e+01
9.997656e-01 1.650600e-02 1.400831e-02 -2.726521e+00 -1.634163e-02 9.997972e-01 -1.176770e-02 -2.139026e-01 -1.419971e-02 1.153602e-02 9.998326e-01 1.936038e+01
9.997577e-01 -1.665023e-02 -1.439814e-02 -2.819826e+00 1.680401e-02 9.998023e-01 1.062657e-02 -2.187811e-01 1.421836e-02 -1.086594e-02 9.998399e-01 1.969183e+01
9.997590e-01 1.717218e-02 1.367361e-02 -2.906561e+00 -1.701177e-02 9.997861e-01 -1.176238e-02 -2.240223e-01 -1.387267e-02 1.152693e-02 9.998373e-01 2.001855e+01
9.997463e-01 -1.741194e-02 -1.428796e-02 -2.989679e+00 1.756334e-02 9.997902e-01 1.054015e-02 -2.294564e-01 1.410144e-02 -1.078842e-02 9.998424e-01 2.034563e+01
9.997786e-01 1.715577e-02 1.218295e-02 -3.038519e+00 -1.701438e-02 9.997878e-01 -1.161542e-02 -2.364748e-01 -1.237964e-02 1.140556e-02 9.998583e-01 2.060196e+01
9.997561e-01 -1.707557e-02 -1.400558e-02 -3.095386e+00 1.722432e-02 9.997958e-01 1.056994e-02 -2.430286e-01 1.382223e-02 -1.080860e-02 9.998460e-01 2.086347e+01
9.997770e-01 1.715547e-02 1.231141e-02 -3.158246e+00 -1.701303e-02 9.997882e-01 -1.158246e-02 -2.492310e-01 -1.250751e-02 1.137042e-02 9.998571e-01 2.113955e+01
9.997676e-01 -1.733015e-02 -1.281965e-02 -3.245992e+00 1.746602e-02 9.997917e-01 1.056360e-02 -2.542848e-01 1.263391e-02 -1.078506e-02 9.998620e-01 2.151046e+01
9.996661e-01 1.815336e-02 1.838859e-02 -3.415878e+00 -1.796103e-02 9.997828e-01 -1.057056e-02 -2.506906e-01 -1.857649e-02 1.023675e-02 9.997750e-01 2.236681e+01
9.997759e-01 -1.926268e-02 -8.778954e-03 -3.645249e+00 1.935048e-02 9.997625e-01 1.002898e-02 -2.431932e-01 8.583684e-03 -1.019661e-02 9.999112e-01 2.337603e+01
9.994467e-01 2.977952e-02 1.481570e-02 -3.702621e+00 -2.962007e-02 9.995021e-01 -1.086772e-02 -2.457848e-01 -1.513195e-02 1.042287e-02 9.998312e-01 2.377854e+01
9.994233e-01 -2.939262e-02 -1.700169e-02 -3.762651e+00 2.955920e-02 9.995166e-01 9.630623e-03 -2.526365e-01 1.671040e-02 -1.012763e-02 9.998091e-01 2.401893e+01
9.994433e-01 2.964608e-02 1.530107e-02 -3.835360e+00 -2.948546e-02 9.995088e-01 -1.061855e-02 -2.586533e-01 -1.560836e-02 1.016148e-02 9.998265e-01 2.432690e+01
9.994587e-01 -2.974926e-02 -1.404796e-02 -3.965641e+00 2.988090e-02 9.995106e-01 9.255771e-03 -2.615455e-01 1.376573e-02 -9.670526e-03 9.998585e-01 2.477281e+01
9.993285e-01 3.041996e-02 2.042513e-02 -4.173157e+00 -3.021319e-02 9.994898e-01 -1.035686e-02 -2.574318e-01 -2.072976e-02 9.732795e-03 9.997377e-01 2.571940e+01
9.995251e-01 -3.062416e-02 3.424981e-03 -4.690204e+00 3.059736e-02 9.995027e-01 7.622855e-03 -2.371741e-01 -3.656721e-03 -7.514439e-03 9.999651e-01 2.744379e+01
9.995113e-01 3.029568e-02 7.708311e-03 -5.006504e+00 -3.021904e-02 9.994946e-01 -9.871128e-03 -2.292353e-01 -8.003467e-03 9.633365e-03 9.999216e-01 2.843319e+01
9.995227e-01 -2.976937e-02 8.253445e-03 -5.367185e+00 2.969588e-02 9.995195e-01 8.887344e-03 -2.134630e-01 -8.514049e-03 -8.638008e-03 9.999264e-01 2.990439e+01
9.995541e-01 2.867747e-02 8.320060e-03 -5.779352e+00 -2.857912e-02 9.995230e-01 -1.170850e-02 -2.001832e-01 -8.651862e-03 1.146549e-02 9.998968e-01 3.113856e+01
9.995614e-01 -2.882282e-02 -6.800205e-03 -5.920608e+00 2.889266e-02 9.995284e-01 1.040617e-02 -2.029735e-01 6.497062e-03 -1.059809e-02 9.999227e-01 3.158325e+01
9.995211e-01 2.948614e-02 9.386866e-03 -6.079308e+00 -2.937814e-02 9.995029e-01 -1.144243e-02 -2.033336e-01 -9.719593e-03 1.116118e-02 9.998905e-01 3.218387e+01
9.995631e-01 -2.941833e-02 -2.857560e-03 -6.286163e+00 2.944669e-02 9.995117e-01 1.045002e-02 -1.995644e-01 2.548743e-03 -1.052960e-02 9.999413e-01 3.307474e+01
9.995318e-01 2.954387e-02 7.955139e-03 -6.457505e+00 -2.945185e-02 9.995007e-01 -1.144575e-02 -2.010666e-01 -8.289319e-03 1.120609e-02 9.999029e-01 3.382590e+01
9.995604e-01 -2.959165e-02 -1.810323e-03 -6.698607e+00 2.960858e-02 9.995098e-01 1.017384e-02 -1.988587e-01 1.508375e-03 -1.022297e-02 9.999466e-01 3.459484e+01
9.995586e-01 2.927263e-02 5.064661e-03 -6.878288e+00 -2.921297e-02 9.995073e-01 -1.147833e-02 -1.991720e-01 -5.398166e-03 1.132531e-02 9.999213e-01 3.522520e+01
9.996018e-01 -2.797347e-02 3.702312e-03 -7.142053e+00 2.793644e-02 9.995626e-01 9.700833e-03 -1.940500e-01 -3.972058e-03 -9.593540e-03 9.999461e-01 3.606083e+01
9.995880e-01 2.759231e-02 7.899497e-03 -7.478193e+00 -2.750221e-02 9.995579e-01 -1.129600e-02 -1.842028e-01 -8.207688e-03 1.107410e-02 9.999050e-01 3.717726e+01
9.995865e-01 -2.838269e-02 4.605575e-03 -7.814376e+00 2.834002e-02 9.995571e-01 9.080612e-03 -1.744430e-01 -4.861267e-03 -8.946335e-03 9.999482e-01 3.828147e+01
9.995784e-01 2.797602e-02 7.763515e-03 -8.171745e+00 -2.789457e-02 9.995567e-01 -1.040839e-02 -1.630079e-01 -8.051259e-03 1.018744e-02 9.999157e-01 3.947451e+01
9.995383e-01 -2.899263e-02 9.093215e-03 -8.601612e+00 2.891675e-02 9.995468e-01 8.368179e-03 -1.475995e-01 -9.331709e-03 -8.101368e-03 9.999236e-01 4.086005e+01
9.996036e-01 2.813327e-02 -1.097933e-03 -8.830822e+00 -2.814254e-02 9.995577e-01 -9.608692e-03 -1.445387e-01 8.271235e-04 9.635781e-03 9.999532e-01 4.166212e+01
9.995864e-01 -2.839655e-02 4.546113e-03 -9.008334e+00 2.835551e-02 9.995587e-01 8.850770e-03 -1.448116e-01 -4.795438e-03 -8.718201e-03 9.999505e-01 4.228014e+01
9.995973e-01 2.827366e-02 2.427820e-03 -9.267847e+00 -2.824833e-02 9.995519e-01 -9.902332e-03 -1.403197e-01 -2.706707e-03 9.829761e-03 9.999480e-01 4.310951e+01
9.995778e-01 -2.860252e-02 5.112197e-03 -9.534224e+00 2.855762e-02 9.995547e-01 8.649456e-03 -1.357341e-01 -5.357317e-03 -8.499811e-03 9.999495e-01 4.391748e+01
9.995911e-01 2.834040e-02 -3.811370e-03 -9.668546e+00 -2.837473e-02 9.995543e-01 -9.275037e-03 -1.384519e-01 3.546813e-03 9.379390e-03 9.999497e-01 4.439495e+01
9.995631e-01 -2.869866e-02 7.074216e-03 -9.846178e+00 2.863894e-02 9.995545e-01 8.402168e-03 -1.386843e-01 -7.312195e-03 -8.195898e-03 9.999397e-01 4.496931e+01
9.995829e-01 2.837796e-02 -5.356653e-03 -9.986059e+00 -2.842587e-02 9.995546e-01 -9.090942e-03 -1.410673e-01 5.096284e-03 9.239417e-03 9.999443e-01 4.548489e+01
9.995385e-01 -2.887274e-02 9.444902e-03 -1.017286e+01 2.879668e-02 9.995525e-01 8.091839e-03 -1.407102e-01 -9.674309e-03 -7.816122e-03 9.999227e-01 4.610842e+01
9.995652e-01 2.844020e-02 -7.776297e-03 -1.030780e+01 -2.850874e-02 9.995544e-01 -8.850593e-03 -1.433501e-01 7.521118e-03 9.068437e-03 9.999306e-01 4.661995e+01
9.995348e-01 -2.881826e-02 9.981545e-03 -1.045468e+01 2.873716e-02 9.995536e-01 8.175633e-03 -1.453196e-01 -1.021270e-02 -7.884989e-03 9.999168e-01 4.715173e+01
9.995754e-01 2.838166e-02 -6.595892e-03 -1.062914e+01 -2.844128e-02 9.995538e-01 -9.126623e-03 -1.456952e-01 6.333920e-03 9.310342e-03 9.999366e-01 4.774203e+01
9.995385e-01 -2.885402e-02 9.501957e-03 -1.079009e+01 2.877633e-02 9.995521e-01 8.213276e-03 -1.465861e-01 -9.734687e-03 -7.936054e-03 9.999211e-01 4.830294e+01
9.995581e-01 2.833550e-02 -8.982965e-03 -1.089644e+01 -2.841623e-02 9.995557e-01 -8.990107e-03 -1.502997e-01 8.724235e-03 9.241396e-03 9.999192e-01 4.872670e+01
9.995428e-01 -2.867834e-02 9.576413e-03 -1.100756e+01 2.859803e-02 9.995555e-01 8.420461e-03 -1.535355e-01 -9.813641e-03 -8.142745e-03 9.999187e-01 4.911918e+01
9.995465e-01 2.892519e-02 -8.374655e-03 -1.113087e+01 -2.899951e-02 9.995399e-01 -8.893773e-03 -1.550280e-01 8.113547e-03 9.132599e-03 9.999254e-01 4.962482e+01
9.995527e-01 -2.748786e-02 1.178341e-02 -1.129699e+01 2.740000e-02 9.995960e-01 7.554287e-03 -1.557185e-01 -1.198630e-02 -7.228042e-03 9.999020e-01 5.016758e+01
9.995700e-01 2.792539e-02 -8.943080e-03 -1.147117e+01 -2.800343e-02 9.995698e-01 -8.723196e-03 -1.566063e-01 8.695633e-03 8.969882e-03 9.999220e-01 5.067864e+01
9.995433e-01 -2.829667e-02 1.061053e-02 -1.161750e+01 2.821183e-02 9.995695e-01 8.061802e-03 -1.582735e-01 -1.083408e-02 -7.758777e-03 9.999112e-01 5.116944e+01
9.995669e-01 2.850569e-02 -7.304313e-03 -1.179165e+01 -2.857291e-02 9.995487e-01 -9.268899e-03 -1.585000e-01 7.036801e-03 9.473590e-03 9.999304e-01 5.170770e+01
9.995218e-01 -2.900978e-02 1.070907e-02 -1.197094e+01 2.892189e-02 9.995474e-01 8.272586e-03 -1.581680e-01 -1.094421e-02 -7.958903e-03 9.999084e-01 5.226443e+01
9.995346e-01 2.887999e-02 -9.824762e-03 -1.209827e+01 -2.896763e-02 9.995407e-01 -8.898238e-03 -1.606955e-01 9.563269e-03 9.178696e-03 9.999121e-01 5.272041e+01
9.994624e-01 -2.882059e-02 1.562971e-02 -1.230575e+01 2.869804e-02 9.995560e-01 8.009386e-03 -1.588452e-01 -1.585361e-02 -7.556537e-03 9.998458e-01 5.344266e+01
9.995731e-01 2.811997e-02 -7.927298e-03 -1.255901e+01 -2.819466e-02 9.995576e-01 -9.473993e-03 -1.540952e-01 7.657382e-03 9.693456e-03 9.999237e-01 5.426886e+01
9.995452e-01 -2.878296e-02 8.992526e-03 -1.267141e+01 2.870515e-02 9.995504e-01 8.665684e-03 -1.573933e-01 -9.237907e-03 -8.403610e-03 9.999220e-01 5.468588e+01
9.995261e-01 3.054127e-02 -3.848963e-03 -1.285276e+01 -3.058057e-02 9.994761e-01 -1.060226e-02 -1.568545e-01 3.523140e-03 1.071494e-02 9.999364e-01 5.533091e+01
9.994580e-01 -3.132423e-02 1.012033e-02 -1.306127e+01 3.123377e-02 9.994718e-01 8.975910e-03 -1.545422e-01 -1.039615e-02 -8.654948e-03 9.999085e-01 5.601118e+01
9.994346e-01 3.111473e-02 -1.274420e-02 -1.310442e+01 -3.122272e-02 9.994774e-01 -8.364830e-03 -1.608746e-01 1.247727e-02 8.758009e-03 9.998838e-01 5.634925e+01
9.993525e-01 -3.144057e-02 1.749382e-02 -1.331818e+01 3.131095e-02 9.994805e-01 7.634944e-03 -1.586138e-01 -1.772478e-02 -7.082252e-03 9.998178e-01 5.704151e+01
9.993714e-01 3.101243e-02 -1.717613e-02 -1.338430e+01 -3.115170e-02 9.994834e-01 -7.900726e-03 -1.624052e-01 1.692224e-02 8.430825e-03 9.998213e-01 5.747182e+01
9.994013e-01 -3.188197e-02 1.343657e-02 -1.338790e+01 3.177688e-02 9.994633e-01 7.963615e-03 -1.719035e-01 -1.368325e-02 -7.531875e-03 9.998780e-01 5.767675e+01
9.993610e-01 3.262621e-02 -1.460105e-02 -1.346159e+01 -3.274135e-02 9.994341e-01 -7.717466e-03 -1.772378e-01 1.434100e-02 8.190592e-03 9.998636e-01 5.796590e+01
9.993435e-01 -3.371773e-02 1.325106e-02 -1.352189e+01 3.362408e-02 9.994084e-01 7.227963e-03 -1.826394e-01 -1.348693e-02 -6.777662e-03 9.998861e-01 5.824145e+01
9.993247e-01 3.460226e-02 -1.236188e-02 -1.363474e+01 -3.468075e-02 9.993793e-01 -6.192286e-03 -1.855266e-01 1.213994e-02 6.616823e-03 9.999044e-01 5.872668e+01
9.992121e-01 -3.608119e-02 1.653483e-02 -1.378809e+01 3.598507e-02 9.993339e-01 6.074071e-03 -1.847439e-01 -1.674298e-02 -5.474277e-03 9.998448e-01 5.936997e+01
9.992331e-01 3.698157e-02 -1.286595e-02 -1.397703e+01 -3.706382e-02 9.992936e-01 -6.213808e-03 -1.844918e-01 1.262706e-02 6.685903e-03 9.998979e-01 6.001636e+01
9.991719e-01 -3.742163e-02 1.597479e-02 -1.413493e+01 3.733832e-02 9.992876e-01 5.481928e-03 -1.859831e-01 -1.616856e-02 -4.880916e-03 9.998574e-01 6.052198e+01
9.990915e-01 3.798828e-02 -1.931495e-02 -1.416278e+01 -3.809444e-02 9.992608e-01 -5.158158e-03 -1.936996e-01 1.910472e-02 5.889263e-03 9.998001e-01 6.069738e+01
9.991351e-01 -3.861684e-02 1.542273e-02 -1.417412e+01 3.853462e-02 9.992416e-01 5.592692e-03 -2.022259e-01 -1.562700e-02 -4.993545e-03 9.998654e-01 6.084035e+01
9.990284e-01 3.812288e-02 -2.211018e-02 -1.413141e+01 -3.824599e-02 9.992550e-01 -5.171973e-03 -2.133289e-01 2.189654e-02 6.012573e-03 9.997422e-01 6.090257e+01
9.991811e-01 -3.675188e-02 1.692679e-02 -1.404164e+01 3.664299e-02 9.993060e-01 6.699261e-03 -2.258714e-01 -1.716125e-02 -6.073526e-03 9.998343e-01 6.091593e+01
9.991192e-01 3.625549e-02 -2.112529e-02 -1.405532e+01 -3.639333e-02 9.993185e-01 -6.177201e-03 -2.348232e-01 2.088694e-02 6.940580e-03 9.997578e-01 6.104948e+01
9.991771e-01 -3.622462e-02 1.824649e-02 -1.408201e+01 3.611198e-02 9.993268e-01 6.465225e-03 -2.427954e-01 -1.846841e-02 -5.800987e-03 9.998126e-01 6.122868e+01
9.990590e-01 3.742741e-02 -2.191691e-02 -1.399842e+01 -3.751375e-02 9.992898e-01 -3.541750e-03 -2.527604e-01 2.176879e-02 4.360602e-03 9.997535e-01 6.130740e+01
9.990786e-01 -3.745830e-02 2.095020e-02 -1.408413e+01 3.739410e-02 9.992946e-01 3.447704e-03 -2.577230e-01 -2.106457e-02 -2.661112e-03 9.997746e-01 6.162335e+01
9.991625e-01 3.955651e-02 -1.046790e-02 -1.436805e+01 -3.961353e-02 9.992010e-01 -5.296775e-03 -2.508156e-01 1.025001e-02 5.707009e-03 9.999312e-01 6.250543e+01
9.988911e-01 -3.969705e-02 2.531284e-02 -1.470510e+01 3.959283e-02 9.992053e-01 4.605581e-03 -2.401294e-01 -2.547555e-02 -3.598266e-03 9.996690e-01 6.358282e+01
9.991224e-01 4.000937e-02 -1.239971e-02 -1.505368e+01 -4.008535e-02 9.991786e-01 -5.940540e-03 -2.307052e-01 1.215185e-02 6.432372e-03 9.999055e-01 6.457717e+01
9.990263e-01 -3.987877e-02 1.887180e-02 -1.528201e+01 3.978281e-02 9.991936e-01 5.433401e-03 -2.301471e-01 -1.907326e-02 -4.677337e-03 9.998071e-01 6.524410e+01
9.989794e-01 3.969623e-02 -2.155069e-02 -1.532114e+01 -3.981603e-02 9.991937e-01 -5.158496e-03 -2.368603e-01 2.132854e-02 6.011293e-03 9.997544e-01 6.544633e+01
9.989738e-01 -4.006625e-02 2.111915e-02 -1.541438e+01 3.996603e-02 9.991878e-01 5.146818e-03 -2.410909e-01 -2.130821e-02 -4.297487e-03 9.997637e-01 6.578056e+01
9.989777e-01 3.939386e-02 -2.217599e-02 -1.548742e+01 -3.951329e-02 9.992067e-01 -4.973003e-03 -2.463925e-01 2.196249e-02 5.844165e-03 9.997417e-01 6.606655e+01
9.990330e-01 -3.989313e-02 1.848170e-02 -1.552041e+01 3.980060e-02 9.991933e-01 5.347908e-03 -2.543330e-01 -1.868013e-02 -4.607154e-03 9.998149e-01 6.624375e+01
9.990140e-01 3.934517e-02 -2.056568e-02 -1.558089e+01 -3.946186e-02 9.992070e-01 -5.299101e-03 -2.601395e-01 2.034088e-02 6.105436e-03 9.997745e-01 6.650623e+01
9.990063e-01 -3.955723e-02 2.053386e-02 -1.564548e+01 3.943864e-02 9.992031e-01 6.148436e-03 -2.647651e-01 -2.076071e-02 -5.332498e-03 9.997703e-01 6.697328e+01
9.991313e-01 3.851914e-02 -1.590562e-02 -1.580974e+01 -3.863268e-02 9.992297e-01 -6.894058e-03 -2.644315e-01 1.562782e-02 7.502546e-03 9.998497e-01 6.756356e+01
9.991272e-01 -3.807248e-02 1.718233e-02 -1.593775e+01 3.796806e-02 9.992587e-01 6.363010e-03 -2.673934e-01 -1.741185e-02 -5.705077e-03 9.998321e-01 6.796002e+01
9.991945e-01 3.810468e-02 -1.258487e-02 -1.614595e+01 -3.819655e-02 9.992447e-01 -7.142215e-03 -2.656259e-01 1.230321e-02 7.617160e-03 9.998953e-01 6.856284e+01
9.991574e-01 -3.853853e-02 1.411633e-02 -1.625506e+01 3.844495e-02 9.992373e-01 6.841436e-03 -2.680937e-01 -1.436922e-02 -6.292969e-03 9.998770e-01 6.899925e+01
9.991638e-01 3.795511e-02 -1.520559e-02 -1.631221e+01 -3.804955e-02 9.992580e-01 -5.970722e-03 -2.734893e-01 1.496769e-02 6.544294e-03 9.998666e-01 6.939282e+01
9.989814e-01 -3.896181e-02 2.276331e-02 -1.654785e+01 3.884457e-02 9.992297e-01 5.570176e-03 -2.690866e-01 -2.296280e-02 -4.680270e-03 9.997254e-01 7.013669e+01
9.992329e-01 3.804344e-02 -9.286797e-03 -1.692131e+01 -3.810627e-02 9.992513e-01 -6.684551e-03 -2.558768e-01 9.025541e-03 7.033308e-03 9.999345e-01 7.122207e+01
9.990146e-01 -3.908954e-02 2.102212e-02 -1.724317e+01 3.897524e-02 9.992232e-01 5.820032e-03 -2.457698e-01 -2.123329e-02 -4.994954e-03 9.997621e-01 7.217800e+01
9.992016e-01 3.949994e-02 -6.000242e-03 -1.762910e+01 -3.954593e-02 9.991877e-01 -7.749559e-03 -2.335808e-01 5.689260e-03 7.980656e-03 9.999520e-01 7.332328e+01
9.989824e-01 -4.032106e-02 2.020882e-02 -1.801069e+01 4.019869e-02 9.991710e-01 6.425186e-03 -2.217554e-01 -2.045114e-02 -5.606279e-03 9.997751e-01 7.444853e+01
9.990965e-01 3.956344e-02 -1.552048e-02 -1.819985e+01 -3.967952e-02 9.991862e-01 -7.244018e-03 -2.208108e-01 1.522125e-02 7.853318e-03 9.998533e-01 7.506619e+01
9.991014e-01 -3.958946e-02 1.513248e-02 -1.829415e+01 3.948789e-02 9.991959e-01 6.952812e-03 -2.255963e-01 -1.539557e-02 -6.349014e-03 9.998613e-01 7.542898e+01
9.991471e-01 3.901560e-02 -1.351897e-02 -1.842101e+01 -3.912034e-02 9.992058e-01 -7.571522e-03 -2.282494e-01 1.321283e-02 8.093931e-03 9.998799e-01 7.584763e+01
9.991523e-01 -3.975813e-02 1.067673e-02 -1.845495e+01 3.968029e-02 9.991850e-01 7.405658e-03 -2.356617e-01 -1.096246e-02 -6.975724e-03 9.999156e-01 7.603571e+01
9.991047e-01 3.920331e-02 -1.590216e-02 -1.844823e+01 -3.931790e-02 9.992025e-01 -6.957971e-03 -2.456835e-01 1.561670e-02 7.576980e-03 9.998493e-01 7.613457e+01
9.991371e-01 -3.981423e-02 1.182493e-02 -1.846721e+01 3.973475e-02 9.991866e-01 6.881611e-03 -2.542241e-01 -1.208930e-02 -6.405812e-03 9.999064e-01 7.628093e+01
9.991067e-01 3.927466e-02 -1.559938e-02 -1.849882e+01 -3.938234e-02 9.992020e-01 -6.656824e-03 -2.622079e-01 1.532548e-02 7.265216e-03 9.998562e-01 7.645439e+01
9.991327e-01 -3.988444e-02 1.196390e-02 -1.852819e+01 3.980615e-02 9.991849e-01 6.711701e-03 -2.703878e-01 -1.222184e-02 -6.229642e-03 9.999059e-01 7.663777e+01
9.991311e-01 3.938175e-02 -1.364504e-02 -1.859617e+01 -3.947604e-02 9.991980e-01 -6.710735e-03 -2.762883e-01 1.336981e-02 7.243555e-03 9.998844e-01 7.694700e+01
9.991363e-01 -3.999546e-02 1.127169e-02 -1.864615e+01 3.992466e-02 9.991819e-01 6.438504e-03 -2.832603e-01 -1.151998e-02 -5.982924e-03 9.999157e-01 7.718190e+01
9.991618e-01 3.956132e-02 -1.051638e-02 -1.876163e+01 -3.963305e-02 9.991918e-01 -6.702478e-03 -2.861839e-01 1.024272e-02 7.113656e-03 9.999222e-01 7.762431e+01
9.990969e-01 -4.052421e-02 1.277536e-02 -1.889933e+01 4.044947e-02 9.991632e-01 6.055341e-03 -2.887576e-01 -1.301006e-02 -5.533114e-03 9.999001e-01 7.807338e+01
9.990647e-01 3.997907e-02 -1.647632e-02 -1.892607e+01 -4.007911e-02 9.991798e-01 -5.786828e-03 -2.969051e-01 1.623145e-02 6.441771e-03 9.998475e-01 7.824829e+01
9.990970e-01 -4.057153e-02 1.261397e-02 -1.894725e+01 4.049916e-02 9.991619e-01 5.940337e-03 -3.055931e-01 -1.284441e-02 -5.424117e-03 9.999028e-01 7.841188e+01
9.990808e-01 3.995594e-02 -1.552973e-02 -1.899840e+01 -4.005024e-02 9.991808e-01 -5.809170e-03 -3.129238e-01 1.528489e-02 6.425798e-03 9.998625e-01 7.863846e+01
9.990965e-01 -4.060510e-02 1.254514e-02 -1.902982e+01 4.053875e-02 9.991628e-01 5.498826e-03 -3.209590e-01 -1.275792e-02 -4.985293e-03 9.999062e-01 7.882928e+01
9.990235e-01 3.976026e-02 -1.926582e-02 -1.891314e+01 -3.986865e-02 9.991910e-01 -5.274650e-03 -3.344325e-01 1.904051e-02 6.037601e-03 9.998005e-01 7.884403e+01
9.991050e-01 -4.003498e-02 1.365464e-02 -1.888133e+01 3.996378e-02 9.991863e-01 5.448172e-03 -3.458456e-01 -1.386164e-02 -4.897604e-03 9.998919e-01 7.890503e+01
9.990793e-01 3.977216e-02 -1.608477e-02 -1.893788e+01 -3.986343e-02 9.991906e-01 -5.394143e-03 -3.527150e-01 1.585721e-02 6.030370e-03 9.998561e-01 7.914180e+01
9.990771e-01 -3.874824e-02 1.853616e-02 -1.907957e+01 3.866873e-02 9.992414e-01 4.628952e-03 -3.541254e-01 -1.870146e-02 -3.907910e-03 9.998175e-01 7.964727e+01
9.991563e-01 3.819568e-02 -1.509512e-02 -1.923813e+01 -3.827521e-02 9.992546e-01 -5.015412e-03 -3.554388e-01 1.489230e-02 5.588948e-03 9.998735e-01 8.018026e+01
9.991554e-01 -3.863278e-02 1.400118e-02 -1.931241e+01 3.856968e-02 9.992446e-01 4.749241e-03 -3.611272e-01 -1.417408e-02 -4.205208e-03 9.998907e-01 8.047032e+01
9.991334e-01 3.864375e-02 -1.546503e-02 -1.938920e+01 -3.872648e-02 9.992369e-01 -5.085682e-03 -3.667485e-01 1.525669e-02 5.680179e-03 9.998675e-01 8.074841e+01
9.991199e-01 -3.880070e-02 1.593370e-02 -1.949160e+01 3.872598e-02 9.992375e-01 4.971787e-03 -3.703984e-01 -1.611446e-02 -4.350362e-03 9.998607e-01 8.112705e+01
9.990847e-01 3.880884e-02 -1.799159e-02 -1.955676e+01 -3.890740e-02 9.992295e-01 -5.160580e-03 -3.767437e-01 1.777745e-02 5.855861e-03 9.998248e-01 8.140413e+01
9.990667e-01 -3.816497e-02 2.022918e-02 -1.968417e+01 3.807262e-02 9.992628e-01 4.931001e-03 -3.784928e-01 -2.040245e-02 -4.156221e-03 9.997832e-01 8.192601e+01
9.991539e-01 3.817734e-02 -1.529881e-02 -1.986899e+01 -3.825509e-02 9.992564e-01 -4.822313e-03 -3.768817e-01 1.510333e-02 5.403489e-03 9.998713e-01 8.265534e+01
9.989843e-01 -3.814033e-02 2.399312e-02 -2.015439e+01 3.802834e-02 9.992636e-01 5.106880e-03 -3.703289e-01 -2.417023e-02 -4.189273e-03 9.996991e-01 8.363004e+01
9.991323e-01 3.746513e-02 -1.819609e-02 -2.036969e+01 -3.756225e-02 9.992817e-01 -5.024855e-03 -3.678419e-01 1.799476e-02 5.703980e-03 9.998218e-01 8.445760e+01
9.991500e-01 -3.708484e-02 1.800068e-02 -2.043919e+01 3.698204e-02 9.992979e-01 6.011085e-03 -3.723498e-01 -1.821096e-02 -5.340273e-03 9.998199e-01 8.480988e+01
9.990123e-01 3.720871e-02 -2.429026e-02 -2.038910e+01 -3.734910e-02 9.992879e-01 -5.351580e-03 -3.840934e-01 2.407384e-02 6.253513e-03 9.996906e-01 8.485544e+01
9.990931e-01 -3.783543e-02 1.953239e-02 -2.039940e+01 3.772945e-02 9.992714e-01 5.765969e-03 -3.932053e-01 -1.973631e-02 -5.023792e-03 9.997926e-01 8.498857e+01
9.990873e-01 3.757489e-02 -2.031622e-02 -2.048520e+01 -3.770072e-02 9.992720e-01 -5.846431e-03 -3.985376e-01 2.008175e-02 6.607030e-03 9.997765e-01 8.529864e+01
9.990777e-01 -3.776945e-02 2.042602e-02 -2.058585e+01 3.766322e-02 9.992750e-01 5.560995e-03 -4.030519e-01 -2.062125e-02 -4.786556e-03 9.997759e-01 8.565605e+01
9.989761e-01 3.862755e-02 -2.355205e-02 -2.060965e+01 -3.876614e-02 9.992334e-01 -5.456082e-03 -4.107989e-01 2.332324e-02 6.363517e-03 9.997077e-01 8.583350e+01
9.990615e-01 -3.832722e-02 2.018023e-02 -2.060240e+01 3.819680e-02 9.992470e-01 6.809445e-03 -4.201773e-01 -2.042602e-02 -6.032233e-03 9.997732e-01 8.599403e+01
9.990206e-01 3.837408e-02 -2.203007e-02 -2.061149e+01 -3.850871e-02 9.992419e-01 -5.719834e-03 -4.281440e-01 2.179388e-02 6.562581e-03 9.997409e-01 8.624873e+01
9.989681e-01 -3.805567e-02 2.478805e-02 -2.074656e+01 3.793715e-02 9.992664e-01 5.234479e-03 -4.302552e-01 -2.496907e-02 -4.288689e-03 9.996790e-01 8.675191e+01
9.991129e-01 3.709068e-02 -1.994298e-02 -2.091995e+01 -3.720438e-02 9.992933e-01 -5.360768e-03 -4.290261e-01 1.973005e-02 6.097977e-03 9.997867e-01 8.734040e+01
9.989572e-01 -3.773540e-02 2.570181e-02 -2.111921e+01 3.761540e-02 9.992791e-01 5.136818e-03 -4.270434e-01 -2.587712e-02 -4.164677e-03 9.996565e-01 8.800803e+01
9.989961e-01 3.719736e-02 -2.496412e-02 -2.124429e+01 -3.734106e-02 9.992884e-01 -5.315122e-03 -4.295953e-01 2.474865e-02 6.241972e-03 9.996742e-01 8.839026e+01
9.990354e-01 -3.775732e-02 2.241962e-02 -2.128158e+01 3.764301e-02 9.992761e-01 5.499183e-03 -4.369486e-01 -2.261103e-02 -4.649936e-03 9.997335e-01 8.857987e+01
9.990071e-01 3.720939e-02 -2.450069e-02 -2.134702e+01 -3.734698e-02 9.992889e-01 -5.182100e-03 -4.431946e-01 2.429045e-02 6.091981e-03 9.996864e-01 8.884049e+01
9.990358e-01 -3.777916e-02 2.236432e-02 -2.140249e+01 3.767041e-02 9.992764e-01 5.264494e-03 -4.498711e-01 -2.254702e-02 -4.416944e-03 9.997360e-01 8.908737e+01
9.989960e-01 3.704635e-02 -2.518976e-02 -2.143514e+01 -3.718939e-02 9.992945e-01 -5.233803e-03 -4.576700e-01 2.497810e-02 6.165339e-03 9.996690e-01 8.929705e+01
9.990382e-01 -3.767294e-02 2.243796e-02 -2.146798e+01 3.756081e-02 9.992798e-01 5.398089e-03 -4.652995e-01 -2.262517e-02 -4.550109e-03 9.997337e-01 8.953089e+01
9.990337e-01 3.706107e-02 -2.362436e-02 -2.153112e+01 -3.720047e-02 9.992927e-01 -5.488670e-03 -4.711373e-01 2.340424e-02 6.362203e-03 9.997058e-01 8.983708e+01
9.990064e-01 -3.709281e-02 2.470314e-02 -2.162672e+01 3.695812e-02 9.992995e-01 5.886748e-03 -4.748487e-01 -2.490419e-02 -4.967917e-03 9.996775e-01 9.026441e+01
9.991577e-01 3.638559e-02 -1.897500e-02 -2.182433e+01 -3.651125e-02 9.993133e-01 -6.318439e-03 -4.724814e-01 1.873207e-02 7.005917e-03 9.998000e-01 9.094044e+01
9.990790e-01 -3.702705e-02 2.168062e-02 -2.194919e+01 3.689873e-02 9.992992e-01 6.289187e-03 -4.744340e-01 -2.189829e-02 -5.483407e-03 9.997452e-01 9.150302e+01
9.992211e-01 3.566080e-02 -1.689483e-02 -2.211638e+01 -3.578583e-02 9.993339e-01 -7.156703e-03 -4.739607e-01 1.662836e-02 7.755724e-03 9.998317e-01 9.207620e+01
9.992772e-01 -3.611311e-02 1.186991e-02 -2.208478e+01 3.602717e-02 9.993236e-01 7.376561e-03 -4.846165e-01 -1.212827e-02 -6.943589e-03 9.999023e-01 9.214613e+01
9.991772e-01 3.676244e-02 -1.713057e-02 -2.201091e+01 -3.687568e-02 9.992997e-01 -6.342368e-03 -4.967662e-01 1.688541e-02 6.968851e-03 9.998331e-01 9.216492e+01
9.992006e-01 -3.704817e-02 1.501780e-02 -2.206054e+01 3.695398e-02 9.992958e-01 6.501913e-03 -5.040388e-01 -1.524810e-02 -5.941748e-03 9.998661e-01 9.242166e+01
9.992016e-01 3.649893e-02 -1.624472e-02 -2.212166e+01 -3.661489e-02 9.993056e-01 -6.898834e-03 -5.105358e-01 1.598163e-02 7.488124e-03 9.998442e-01 9.269396e+01
9.991442e-01 -3.713384e-02 1.821785e-02 -2.224173e+01 3.702277e-02 9.992940e-01 6.396340e-03 -5.131241e-01 -1.844251e-02 -5.716390e-03 9.998136e-01 9.313032e+01
9.991296e-01 3.632853e-02 -2.049894e-02 -2.227477e+01 -3.646832e-02 9.993138e-01 -6.487054e-03 -5.206087e-01 2.024920e-02 7.228969e-03 9.997688e-01 9.337458e+01
9.991122e-01 -3.674082e-02 2.061345e-02 -2.235992e+01 3.660590e-02 9.993061e-01 6.884606e-03 -5.249641e-01 -2.085209e-02 -6.123919e-03 9.997638e-01 9.376219e+01
9.991677e-01 3.555802e-02 -1.999047e-02 -2.242644e+01 -3.570717e-02 9.993367e-01 -7.154035e-03 -5.297224e-01 1.972282e-02 7.861883e-03 9.997746e-01 9.406346e+01
9.992178e-01 -3.609940e-02 1.614236e-02 -2.243215e+01 3.597994e-02 9.993234e-01 7.630390e-03 -5.389206e-01 -1.640689e-02 -7.043620e-03 9.998406e-01 9.420007e+01
9.991430e-01 3.543743e-02 -2.138647e-02 -2.241827e+01 -3.560034e-02 9.993396e-01 -7.285223e-03 -5.493165e-01 2.111418e-02 8.040345e-03 9.997447e-01 9.428144e+01
9.992119e-01 -3.608971e-02 1.652363e-02 -2.241167e+01 3.597290e-02 9.993260e-01 7.312599e-03 -5.592264e-01 -1.677640e-02 -6.712433e-03 9.998367e-01 9.438436e+01
9.991313e-01 3.557598e-02 -2.170450e-02 -2.237805e+01 -3.572995e-02 9.993387e-01 -6.747772e-03 -5.701368e-01 2.145009e-02 7.517410e-03 9.997417e-01 9.444509e+01
9.992214e-01 -3.605206e-02 1.602406e-02 -2.231123e+01 3.594247e-02 9.993288e-01 7.074906e-03 -5.820071e-01 -1.626837e-02 -6.493452e-03 9.998466e-01 9.448718e+01
9.990948e-01 3.718727e-02 -2.065678e-02 -2.227175e+01 -3.735150e-02 9.992731e-01 -7.622033e-03 -5.929886e-01 2.035832e-02 8.386694e-03 9.997576e-01 9.457179e+01
9.990653e-01 -3.785975e-02 2.085945e-02 -2.236236e+01 3.771859e-02 9.992630e-01 7.119696e-03 -5.971503e-01 -2.111363e-02 -6.326252e-03 9.997571e-01 9.494812e+01
9.989930e-01 3.715419e-02 -2.515208e-02 -2.235431e+01 -3.733070e-02 9.992813e-01 -6.584673e-03 -6.067194e-01 2.488935e-02 7.516986e-03 9.996620e-01 9.505190e+01
9.990185e-01 -3.730867e-02 2.387672e-02 -2.242771e+01 3.714968e-02 9.992847e-01 7.068177e-03 -6.127156e-01 -2.412334e-02 -6.174226e-03 9.996899e-01 9.533934e+01
9.991114e-01 3.632196e-02 -2.137888e-02 -2.255772e+01 -3.647946e-02 9.993097e-01 -7.023848e-03 -6.139733e-01 2.110900e-02 7.797496e-03 9.997468e-01 9.579027e+01
9.993739e-01 -2.896246e-02 2.031974e-02 -2.250090e+01 2.882696e-02 9.995604e-01 6.930098e-03 -6.248007e-01 -2.051152e-02 -6.340002e-03 9.997695e-01 9.588875e+01
9.993415e-01 2.849930e-02 -2.245567e-02 -2.255662e+01 -2.865757e-02 9.995664e-01 -6.757810e-03 -6.311471e-01 2.225334e-02 7.396885e-03 9.997250e-01 9.612613e+01
9.993354e-01 -2.912236e-02 2.192545e-02 -2.264279e+01 2.898493e-02 9.995583e-01 6.559996e-03 -6.357439e-01 -2.210680e-02 -5.920128e-03 9.997381e-01 9.644027e+01
9.993086e-01 2.837629e-02 -2.402489e-02 -2.268627e+01 -2.854035e-02 9.995714e-01 -6.513428e-03 -6.423423e-01 2.382976e-02 7.194602e-03 9.996901e-01 9.666582e+01
9.993316e-01 -2.906203e-02 2.217606e-02 -2.274424e+01 2.892246e-02 9.995599e-01 6.588801e-03 -6.484894e-01 -2.235779e-02 -5.943010e-03 9.997324e-01 9.695983e+01
9.993486e-01 2.842023e-02 -2.224232e-02 -2.283622e+01 -2.857354e-02 9.995699e-01 -6.605392e-03 -6.530908e-01 2.204503e-02 7.236630e-03 9.997308e-01 9.737640e+01
9.988963e-01 -2.892205e-02 3.700931e-02 -2.321536e+01 2.870510e-02 9.995676e-01 6.380166e-03 -6.391572e-01 -3.717783e-02 -5.310768e-03 9.992946e-01 9.860633e+01
9.992333e-01 2.714902e-02 -2.820771e-02 -2.345858e+01 -2.735775e-02 9.996009e-01 -7.040270e-03 -6.331857e-01 2.800531e-02 7.806572e-03 9.995773e-01 9.935585e+01
9.993373e-01 -3.038969e-02 2.003557e-02 -2.328191e+01 3.026835e-02 9.995218e-01 6.331732e-03 -6.473320e-01 -2.021840e-02 -5.721091e-03 9.997792e-01 9.939219e+01
9.992058e-01 3.033261e-02 -2.583860e-02 -2.323176e+01 -3.050490e-02 9.995148e-01 -6.300017e-03 -6.583275e-01 2.563496e-02 7.083217e-03 9.996463e-01 9.948380e+01
9.992472e-01 -3.099698e-02 2.332908e-02 -2.328374e+01 3.086048e-02 9.995045e-01 6.188615e-03 -6.651315e-01 -2.350935e-02 -5.464008e-03 9.997087e-01 9.970948e+01
9.992439e-01 3.080724e-02 -2.371636e-02 -2.338110e+01 -3.096433e-02 9.995007e-01 -6.284882e-03 -6.696929e-01 2.351090e-02 7.014491e-03 9.996990e-01 1.000526e+02
9.989610e-01 -2.998213e-02 3.432106e-02 -2.367066e+01 2.981239e-02 9.995407e-01 5.447021e-03 -6.628469e-01 -3.446861e-02 -4.418169e-03 9.993960e-01 1.009498e+02
9.993491e-01 2.916933e-02 -2.122441e-02 -2.401804e+01 -2.931206e-02 9.995495e-01 -6.445319e-03 -6.527098e-01 2.102684e-02 7.063255e-03 9.997540e-01 1.019879e+02
9.991010e-01 -2.967055e-02 3.027808e-02 -2.427878e+01 2.949787e-02 9.995460e-01 6.134156e-03 -6.473794e-01 -3.044634e-02 -5.235502e-03 9.995227e-01 1.028166e+02
9.992178e-01 2.905547e-02 -2.682304e-02 -2.442515e+01 -2.923657e-02 9.995521e-01 -6.384120e-03 -6.483115e-01 2.662554e-02 7.163340e-03 9.996198e-01 1.033857e+02
9.991436e-01 -2.935593e-02 2.916011e-02 -2.451713e+01 2.917362e-02 9.995522e-01 6.658154e-03 -6.488787e-01 -2.934251e-02 -5.801745e-03 9.995526e-01 1.041262e+02
9.991188e-01 2.797658e-02 -3.128660e-02 -2.452609e+01 -2.819625e-02 9.995806e-01 -6.602071e-03 -6.565550e-01 3.108878e-02 7.478417e-03 9.994886e-01 1.044834e+02
9.992310e-01 -2.854550e-02 2.688156e-02 -2.453349e+01 2.836607e-02 9.995729e-01 7.032595e-03 -6.658018e-01 -2.707082e-02 -6.264662e-03 9.996139e-01 1.046059e+02
9.991416e-01 2.768709e-02 -3.081427e-02 -2.454613e+01 -2.790303e-02 9.995888e-01 -6.600111e-03 -6.744921e-01 3.061886e-02 7.454256e-03 9.995033e-01 1.047723e+02
9.992699e-01 -2.824905e-02 2.572309e-02 -2.450214e+01 2.808119e-02 9.995821e-01 6.863788e-03 -6.855683e-01 -2.590624e-02 -6.136441e-03 9.996455e-01 1.048486e+02
9.991896e-01 2.768958e-02 -2.921494e-02 -2.452863e+01 -2.788544e-02 9.995912e-01 -6.317981e-03 -6.939828e-01 2.902806e-02 7.127532e-03 9.995532e-01 1.050502e+02
9.991133e-01 -2.837895e-02 3.110054e-02 -2.465787e+01 2.820401e-02 9.995839e-01 6.049473e-03 -6.963686e-01 -3.125927e-02 -5.166948e-03 9.994980e-01 1.054977e+02
9.990838e-01 2.753354e-02 -3.276367e-02 -2.470624e+01 -2.774771e-02 9.995963e-01 -6.099953e-03 -7.030436e-01 3.258249e-02 7.003480e-03 9.994445e-01 1.057355e+02
9.991560e-01 -2.827276e-02 2.979803e-02 -2.472901e+01 2.810394e-02 9.995866e-01 6.069141e-03 -7.112360e-01 -2.995730e-02 -5.226576e-03 9.995375e-01 1.059307e+02
9.990040e-01 2.849929e-02 -3.433257e-02 -2.465232e+01 -2.871835e-02 9.995701e-01 -5.904220e-03 -7.218418e-01 3.414954e-02 6.884314e-03 9.993930e-01 1.060183e+02
9.991643e-01 -3.061856e-02 2.707681e-02 -2.453884e+01 3.043559e-02 9.995112e-01 7.143985e-03 -7.348335e-01 -2.728231e-02 -6.313916e-03 9.996078e-01 1.060637e+02
9.991077e-01 3.018773e-02 -2.953923e-02 -2.457995e+01 -3.040738e-02 9.995130e-01 -7.014943e-03 -7.424212e-01 2.931308e-02 7.906894e-03 9.995390e-01 1.062805e+02
9.989340e-01 -3.144799e-02 3.379237e-02 -2.476383e+01 3.124310e-02 9.994902e-01 6.574373e-03 -7.405891e-01 -3.398190e-02 -5.511585e-03 9.994073e-01 1.068690e+02
9.990731e-01 3.075307e-02 -3.011806e-02 -2.493696e+01 -3.097360e-02 9.994965e-01 -6.883328e-03 -7.405142e-01 2.989121e-02 7.809812e-03 9.995226e-01 1.074490e+02
9.989272e-01 -3.179003e-02 3.367203e-02 -2.510049e+01 3.159247e-02 9.994804e-01 6.383264e-03 -7.400184e-01 -3.385746e-02 -5.312633e-03 9.994126e-01 1.079995e+02
9.989253e-01 3.091368e-02 -3.453465e-02 -2.517154e+01 -3.115190e-02 9.994943e-01 -6.381049e-03 -7.453249e-01 3.431992e-02 7.450010e-03 9.993831e-01 1.083156e+02
9.989630e-01 -3.157179e-02 3.280599e-02 -2.523600e+01 3.136924e-02 9.994856e-01 6.670778e-03 -7.513342e-01 -3.299972e-02 -5.634760e-03 9.994395e-01 1.086052e+02
9.990851e-01 3.069081e-02 -2.978258e-02 -2.538282e+01 -3.090851e-02 9.994986e-01 -6.876909e-03 -7.517674e-01 2.955659e-02 7.791152e-03 9.995327e-01 1.091361e+02
9.989598e-01 -3.142802e-02 3.304056e-02 -2.553522e+01 3.121718e-02 9.994890e-01 6.877688e-03 -7.523960e-01 -3.323983e-02 -5.839100e-03 9.994303e-01 1.096801e+02
