9.999876e-01 -2.590577e-04 4.975844e-03 -2.033193e-01 2.634026e-04 9.999996e-01 -8.725584e-04 2.147809e-03 -4.975616e-03 8.738575e-04 9.999872e-01 7.344160e-01
9.999961e-01 -7.025069e-05 2.779124e-03 -4.639103e-01 7.105222e-05 1.000000e+00 -2.883050e-04 6.968347e-03 -2.779103e-03 2.885021e-04 9.999961e-01 1.620330e+00
9.999973e-01 -3.778272e-04 2.294502e-03 -6.652001e-01 3.800274e-04 9.999995e-01 -9.585659e-04 8.328167e-03 -2.294139e-03 9.594346e-04 9.999969e-01 2.322625e+00
9.999995e-01 1.965806e-04 9.443819e-04 -8.361991e-01 -1.967624e-04 1.000000e+00 1.924161e-04 8.051069e-03 -9.443437e-04 -1.926011e-04 9.999995e-01 2.960914e+00
9.999922e-01 -4.115195e-04 3.933373e-03 -1.037266e+00 4.167947e-04 9.999990e-01 -1.340423e-03 9.608588e-03 -3.932817e-03 1.342051e-03 9.999914e-01 3.649056e+00
9.999995e-01 3.171072e-04 9.848529e-04 -1.248252e+00 -3.176048e-04 9.999998e-01 5.051593e-04 1.144245e-02 -9.846921e-04 -5.054711e-04 9.999994e-01 4.396994e+00
9.999875e-01 -7.329176e-04 4.955671e-03 -1.471095e+00 7.410474e-04 9.999984e-01 -1.638877e-03 1.408608e-02 -4.954463e-03 1.642528e-03 9.999864e-01 5.166537e+00
9.999997e-01 2.778932e-04 -6.517837e-04 -1.653804e+00 -2.775817e-04 9.999998e-01 4.779847e-04 1.461527e-02 6.519168e-04 -4.778029e-04 9.999997e-01 5.837151e+00
9.999922e-01 -5.962953e-04 3.913556e-03 -1.816678e+00 6.020199e-04 9.999988e-01 -1.461754e-03 1.422276e-02 -3.912680e-03 1.464098e-03 9.999913e-01 6.466646e+00
9.999992e-01 4.694456e-04 -1.173861e-03 -1.968909e+00 -4.689168e-04 9.999998e-01 4.506785e-04 1.333418e-02 1.174072e-03 -4.501270e-04 9.999992e-01 7.065317e+00
9.999930e-01 -8.868883e-04 3.633289e-03 -2.102869e+00 8.921740e-04 9.999985e-01 -1.453424e-03 1.153148e-02 -3.631995e-03 1.456654e-03 9.999923e-01 7.626005e+00
9.999995e-01 6.479131e-04 -7.313727e-04 -2.257403e+00 -6.476523e-04 9.999997e-01 3.566636e-04 1.066339e-02 7.316039e-04 -3.561890e-04 9.999997e-01 8.244471e+00
9.999952e-01 -9.559288e-04 2.933793e-03 -2.396304e+00 9.601143e-04 9.999985e-01 -1.425578e-03 8.956381e-03 -2.932426e-03 1.428387e-03 9.999947e-01 8.821038e+00
9.999981e-01 5.935211e-04 -1.842551e-03 -2.507346e+00 -5.925822e-04 9.999997e-01 5.100669e-04 5.423620e-03 1.842854e-03 -5.089733e-04 9.999982e-01 9.329121e+00
9.999960e-01 -6.404208e-04 2.762924e-03 -2.628515e+00 6.441059e-04 9.999989e-01 -1.333104e-03 2.582071e-03 -2.762068e-03 1.334877e-03 9.999953e-01 9.834390e+00
9.999974e-01 5.157931e-04 2.243434e-03 -2.832520e+00 -5.168192e-04 9.999998e-01 4.568485e-04 4.338054e-03 -2.243197e-03 -4.580060e-04 9.999974e-01 1.061918e+01
9.999861e-01 -8.965797e-04 5.187013e-03 -3.083889e+00 9.068172e-04 9.999976e-01 -1.971675e-03 8.679834e-03 -5.185234e-03 1.976350e-03 9.999846e-01 1.148996e+01
9.999998e-01 6.118597e-04 -1.370742e-05 -3.294842e+00 -6.118469e-04 9.999994e-01 9.136409e-04 1.065888e-02 1.426677e-05 -9.136317e-04 9.999996e-01 1.225114e+01
9.999772e-01 -8.839815e-04 6.698300e-03 -3.524599e+00 8.958262e-04 9.999980e-01 -1.765511e-03 1.405257e-02 -6.696727e-03 1.771471e-03 9.999760e-01 1.305710e+01
9.999999e-01 3.394599e-04 -3.865049e-04 -3.745281e+00 -3.393124e-04 9.999999e-01 3.817664e-04 1.612983e-02 3.866348e-04 -3.816345e-04 9.999999e-01 1.378894e+01
9.999959e-01 -7.615933e-04 2.772093e-03 -3.888466e+00 7.653827e-04 9.999988e-01 -1.366201e-03 1.426910e-02 -2.771049e-03 1.368316e-03 9.999952e-01 1.438385e+01
9.999996e-01 5.481206e-04 -7.033908e-04 -4.027466e+00 -5.478191e-04 9.999998e-01 4.287664e-04 1.235643e-02 7.036260e-04 -4.283802e-04 9.999997e-01 1.494254e+01
9.999980e-01 -6.653676e-04 1.877444e-03 -4.148599e+00 6.677110e-04 9.999990e-01 -1.247827e-03 9.497270e-03 -1.876612e-03 1.249078e-03 9.999975e-01 1.543747e+01
9.999987e-01 1.406545e-04 1.596893e-03 -4.308072e+00 -1.407463e-04 1.000000e+00 5.740249e-05 8.858823e-03 -1.596884e-03 -5.762647e-05 9.999987e-01 1.606594e+01
9.999948e-01 1.019727e-06 3.234292e-03 -4.507619e+00 2.947457e-06 9.999992e-01 -1.226593e-03 1.015463e-02 -3.234291e-03 1.226596e-03 9.999940e-01 1.678342e+01
1.000000e+00 -1.377835e-04 1.644190e-04 -4.674537e+00 1.377614e-04 1.000000e+00 1.344191e-04 9.799228e-03 -1.644371e-04 -1.343957e-04 1.000000e+00 1.742353e+01
9.999961e-01 -1.011161e-04 2.801351e-03 -4.816110e+00 1.044803e-04 9.999993e-01 -1.200764e-03 8.176206e-03 -2.801228e-03 1.201051e-03 9.999954e-01 1.801404e+01
9.999971e-01 6.378172e-04 -2.309552e-03 -4.911446e+00 -6.373054e-04 9.999998e-01 2.223513e-04 4.419519e-03 2.309694e-03 -2.208781e-04 9.999973e-01 1.849480e+01
9.999943e-01 -1.484202e-04 3.377027e-03 -5.022302e+00 1.524838e-04 9.999993e-01 -1.203068e-03 1.542874e-03 -3.376846e-03 1.203576e-03 9.999936e-01 1.900325e+01
9.999949e-01 -3.145647e-04 -3.193373e-03 -5.125090e+00 3.161234e-04 9.999998e-01 4.875899e-04 -2.178420e-03 3.193220e-03 -4.885961e-04 9.999948e-01 1.950834e+01
9.999776e-01 -9.202673e-06 6.693668e-03 -5.288574e+00 1.978459e-05 9.999988e-01 -1.580820e-03 -2.563151e-03 -6.693645e-03 1.580916e-03 9.999763e-01 2.017018e+01
9.999927e-01 -3.221710e-04 -3.810628e-03 -5.440993e+00 3.243350e-04 9.999998e-01 5.672873e-04 -3.622601e-03 3.810445e-03 -5.685183e-04 9.999926e-01 2.079830e+01
9.999786e-01 9.660200e-05 6.534394e-03 -5.590063e+00 -8.590264e-05 9.999987e-01 -1.637651e-03 -4.855211e-03 -6.534544e-03 1.637054e-03 9.999773e-01 2.140220e+01
9.999836e-01 4.010999e-04 -5.716045e-03 -5.698133e+00 -3.980423e-04 9.999998e-01 5.360434e-04 -8.465263e-03 5.716259e-03 -5.337587e-04 9.999835e-01 2.189679e+01
9.999742e-01 -7.264361e-04 7.149093e-03 -5.822662e+00 7.361187e-04 9.999988e-01 -1.351835e-03 -1.108028e-02 -7.148102e-03 1.357062e-03 9.999735e-01 2.244006e+01
9.999887e-01 4.404535e-04 -4.738367e-03 -5.961797e+00 -4.386074e-04 9.999998e-01 3.906558e-04 -1.287034e-02 4.738539e-03 -3.885724e-04 9.999887e-01 2.301566e+01
9.999838e-01 8.676417e-04 5.625874e-03 -6.067376e+00 -8.590714e-04 9.999985e-01 -1.525600e-03 -1.625055e-02 -5.627189e-03 1.520742e-03 9.999830e-01 2.347567e+01
9.999913e-01 -1.148566e-03 -4.018347e-03 -6.195359e+00 1.151249e-03 9.999991e-01 6.653227e-04 -1.874125e-02 4.017580e-03 -6.699423e-04 9.999917e-01 2.401598e+01
9.999815e-01 1.116898e-03 5.986265e-03 -6.332436e+00 -1.107062e-03 9.999980e-01 -1.646074e-03 -2.091172e-02 -5.988092e-03 1.639416e-03 9.999807e-01 2.454893e+01
9.999897e-01 -1.389790e-03 -4.328986e-03 -6.467234e+00 1.393052e-03 9.999987e-01 7.508274e-04 -2.304841e-02 4.327937e-03 -7.568494e-04 9.999903e-01 2.507557e+01
9.999772e-01 1.074716e-03 6.670575e-03 -6.608508e+00 -1.063168e-03 9.999979e-01 -1.734507e-03 -2.495683e-02 -6.672426e-03 1.727375e-03 9.999762e-01 2.562858e+01
9.999899e-01 -1.313049e-03 -4.301599e-03 -6.757657e+00 1.316406e-03 9.999988e-01 7.777902e-04 -2.630408e-02 4.300573e-03 -7.834442e-04 9.999904e-01 2.619433e+01
9.999798e-01 1.145767e-03 6.253840e-03 -6.891914e+00 -1.134066e-03 9.999976e-01 -1.874390e-03 -2.866540e-02 -6.255973e-03 1.867259e-03 9.999787e-01 2.672703e+01
9.999833e-01 -1.283655e-03 -5.641190e-03 -7.004216e+00 1.289972e-03 9.999985e-01 1.116336e-03 -3.241342e-02 5.639749e-03 -1.123594e-03 9.999835e-01 2.720225e+01
9.999782e-01 1.919826e-03 6.319239e-03 -7.122759e+00 -1.907089e-03 9.999961e-01 -2.020946e-03 -3.577307e-02 -6.323095e-03 2.008850e-03 9.999780e-01 2.767768e+01
9.999795e-01 -1.667512e-03 -6.180014e-03 -7.227935e+00 1.674831e-03 9.999979e-01 1.179377e-03 -3.997034e-02 6.178034e-03 -1.189702e-03 9.999802e-01 2.812449e+01
9.999834e-01 2.915078e-03 4.970649e-03 -7.279644e+00 -2.904215e-03 9.999934e-01 -2.191218e-03 -4.640060e-02 -4.977004e-03 2.176745e-03 9.999852e-01 2.844284e+01
9.999731e-01 -3.313860e-03 -6.538145e-03 -7.360327e+00 3.324600e-03 9.999931e-01 1.632467e-03 -5.171144e-02 6.532691e-03 -1.654159e-03 9.999773e-01 2.881204e+01
9.999640e-01 2.942654e-03 7.959669e-03 -7.485753e+00 -2.922928e-03 9.999926e-01 -2.488670e-03 -5.446689e-02 -7.966934e-03 2.465314e-03 9.999652e-01 2.937444e+01
9.999822e-01 -3.353789e-03 -4.935052e-03 -7.638175e+00 3.359975e-03 9.999936e-01 1.245860e-03 -5.579911e-02 4.930842e-03 -1.262418e-03 9.999870e-01 2.996616e+01
9.999777e-01 2.872470e-03 6.037177e-03 -7.742887e+00 -2.859194e-03 9.999935e-01 -2.206484e-03 -5.963339e-02 -6.043476e-03 2.189172e-03 9.999793e-01 3.042109e+01
9.999870e-01 -3.179653e-03 -3.974657e-03 -7.881167e+00 3.185180e-03 9.999940e-01 1.385055e-03 -6.151483e-02 3.970229e-03 -1.397696e-03 9.999911e-01 3.101625e+01
9.999532e-01 2.778166e-03 9.271448e-03 -8.078390e+00 -2.754739e-03 9.999930e-01 -2.538590e-03 -6.022861e-02 -9.278436e-03 2.512930e-03 9.999538e-01 3.178304e+01
9.999864e-01 -3.313518e-03 -4.024307e-03 -8.275133e+00 3.318129e-03 9.999938e-01 1.139591e-03 -5.920234e-02 4.020507e-03 -1.152928e-03 9.999913e-01 3.248409e+01
9.999837e-01 2.871832e-03 4.944771e-03 -8.391632e+00 -2.861931e-03 9.999939e-01 -2.008319e-03 -6.249502e-02 -4.950509e-03 1.994134e-03 9.999858e-01 3.297737e+01
9.999900e-01 -3.282061e-03 -3.044374e-03 -8.526917e+00 3.285485e-03 9.999940e-01 1.120111e-03 -6.488582e-02 3.040680e-03 -1.130101e-03 9.999947e-01 3.352469e+01
9.999803e-01 3.451186e-03 5.248263e-03 -8.678967e+00 -3.440495e-03 9.999920e-01 -2.044759e-03 -6.614021e-02 -5.255278e-03 2.026661e-03 9.999841e-01 3.410190e+01
9.999884e-01 -3.559109e-03 -3.260189e-03 -8.819628e+00 3.562373e-03 9.999932e-01 9.959665e-04 -6.787876e-02 3.256622e-03 -1.007568e-03 9.999942e-01 3.465109e+01
9.999917e-01 3.169889e-03 2.577606e-03 -8.888199e+00 -3.164863e-03 9.999931e-01 -1.951540e-03 -7.365497e-02 -2.583774e-03 1.943365e-03 9.999948e-01 3.498691e+01
9.999789e-01 -3.666712e-03 -5.364354e-03 -8.927357e+00 3.674117e-03 9.999923e-01 1.371208e-03 -8.098968e-02 5.359285e-03 -1.390887e-03 9.999847e-01 3.523323e+01
9.999900e-01 3.310620e-03 3.015987e-03 -8.979797e+00 -3.304955e-03 9.999928e-01 -1.881385e-03 -8.793670e-02 -3.022194e-03 1.871398e-03 9.999937e-01 3.549249e+01
9.999890e-01 -3.812797e-03 -2.714991e-03 -9.088827e+00 3.816284e-03 9.999919e-01 1.280455e-03 -9.142154e-02 2.710087e-03 -1.290802e-03 9.999955e-01 3.596018e+01
9.999847e-01 3.388444e-03 4.372811e-03 -9.204431e+00 -3.377759e-03 9.999913e-01 -2.448553e-03 -9.434413e-02 -4.381070e-03 2.433744e-03 9.999874e-01 3.648902e+01
9.999800e-01 -3.525468e-03 -5.258179e-03 -9.278706e+00 3.534542e-03 9.999923e-01 1.717266e-03 -9.962773e-02 5.252085e-03 -1.735816e-03 9.999847e-01 3.690629e+01
9.999786e-01 2.974752e-03 5.835227e-03 -9.389908e+00 -2.960205e-03 9.999925e-01 -2.499970e-03 -1.028370e-01 -5.842621e-03 2.482643e-03 9.999798e-01 3.737199e+01
9.999842e-01 -3.171242e-03 -4.632701e-03 -9.504213e+00 3.179832e-03 9.999932e-01 1.848034e-03 -1.058629e-01 4.626809e-03 -1.862735e-03 9.999876e-01 3.782960e+01
9.999769e-01 2.862058e-03 6.161235e-03 -9.643427e+00 -2.846194e-03 9.999926e-01 -2.582018e-03 -1.074954e-01 -6.168579e-03 2.564422e-03 9.999777e-01 3.833423e+01
9.999860e-01 -3.160214e-03 -4.247451e-03 -9.795475e+00 3.167035e-03 9.999937e-01 1.600231e-03 -1.085128e-01 4.242367e-03 -1.613660e-03 9.999897e-01 3.883818e+01
9.999811e-01 2.843591e-03 5.448898e-03 -9.929013e+00 -2.829441e-03 9.999926e-01 -2.602776e-03 -1.105927e-01 -5.456259e-03 2.587309e-03 9.999818e-01 3.928841e+01
9.999862e-01 -2.351791e-03 -4.703259e-03 -1.006060e+01 2.359553e-03 9.999959e-01 1.645423e-03 -1.125972e-01 4.699370e-03 -1.656497e-03 9.999876e-01 3.973090e+01
9.999885e-01 3.297100e-03 3.477118e-03 -1.014410e+01 -3.288518e-03 9.999915e-01 -2.470968e-03 -1.174457e-01 -3.485236e-03 2.459505e-03 9.999909e-01 4.003983e+01
9.999880e-01 -2.806917e-03 -4.011037e-03 -1.024646e+01 2.813199e-03 9.999948e-01 1.561463e-03 -1.213577e-01 4.006634e-03 -1.572728e-03 9.999907e-01 4.040350e+01
9.999931e-01 2.746365e-03 2.518589e-03 -1.031885e+01 -2.740665e-03 9.999937e-01 -2.263724e-03 -1.271526e-01 -2.524790e-03 2.256805e-03 9.999943e-01 4.070835e+01
9.999889e-01 -3.128650e-03 -3.521663e-03 -1.039813e+01 3.133990e-03 9.999939e-01 1.511697e-03 -1.326592e-01 3.516913e-03 -1.522716e-03 9.999927e-01 4.103064e+01
9.999879e-01 2.770980e-03 4.056221e-03 -1.051393e+01 -2.761084e-03 9.999932e-01 -2.443166e-03 -1.360693e-01 -4.062963e-03 2.431936e-03 9.999888e-01 4.145908e+01
9.999891e-01 -3.157952e-03 -3.439116e-03 -1.063502e+01 3.163197e-03 9.999938e-01 1.520725e-03 -1.389670e-01 3.434293e-03 -1.531587e-03 9.999929e-01 4.190898e+01
9.999904e-01 3.040574e-03 3.144578e-03 -1.073045e+01 -3.032705e-03 9.999923e-01 -2.503984e-03 -1.427101e-01 -3.152168e-03 2.494422e-03 9.999919e-01 4.230865e+01
9.999878e-01 -3.311467e-03 -3.675813e-03 -1.082417e+01 3.318624e-03 9.999926e-01 1.942700e-03 -1.471215e-01 3.669353e-03 -1.954874e-03 9.999914e-01 4.272265e+01
9.999844e-01 3.453945e-03 4.391332e-03 -1.095135e+01 -3.441000e-03 9.999897e-01 -2.952151e-03 -1.493314e-01 -4.401484e-03 2.936994e-03 9.999860e-01 4.315055e+01
9.999749e-01 -3.823454e-03 -5.958178e-03 -1.101239e+01 3.836907e-03 9.999901e-01 2.248102e-03 -1.555704e-01 5.949524e-03 -2.270906e-03 9.999797e-01 4.342790e+01
9.999836e-01 4.626703e-03 3.379262e-03 -1.106282e+01 -4.616949e-03 9.999852e-01 -2.888561e-03 -1.625317e-01 -3.392577e-03 2.872911e-03 9.999901e-01 4.367119e+01
9.999720e-01 -4.934399e-03 -5.624685e-03 -1.111814e+01 4.947607e-03 9.999850e-01 2.336674e-03 -1.690813e-01 5.613071e-03 -2.364437e-03 9.999815e-01 4.393302e+01
9.999782e-01 4.660587e-03 4.670444e-03 -1.120584e+01 -4.647215e-03 9.999851e-01 -2.870068e-03 -1.740599e-01 -4.683750e-03 2.848300e-03 9.999850e-01 4.427041e+01
9.999762e-01 -4.994316e-03 -4.760904e-03 -1.131202e+01 5.004219e-03 9.999853e-01 2.070488e-03 -1.777897e-01 4.750494e-03 -2.094263e-03 9.999865e-01 4.464395e+01
9.999810e-01 4.640982e-03 4.059644e-03 -1.139866e+01 -4.629238e-03 9.999851e-01 -2.897436e-03 -1.824940e-01 -4.073031e-03 2.878588e-03 9.999876e-01 4.498645e+01
9.999731e-01 -4.481939e-03 -5.811343e-03 -1.142729e+01 4.487559e-03 9.999895e-01 9.542882e-04 -1.897298e-01 5.807005e-03 -9.803406e-04 9.999827e-01 4.523868e+01
9.999607e-01 8.751417e-03 1.436441e-03 -1.138353e+01 -8.739154e-03 9.999271e-01 -8.331774e-03 -1.990211e-01 -1.509251e-03 8.318892e-03 9.999643e-01 4.540130e+01
9.999729e-01 -6.864586e-03 -2.667919e-03 -1.145456e+01 6.879534e-03 9.999605e-01 5.634685e-03 -2.050035e-01 2.629134e-03 -5.652885e-03 9.999806e-01 4.568808e+01
9.999781e-01 6.570726e-03 8.239774e-04 -1.151757e+01 -6.565423e-03 9.999587e-01 -6.281174e-03 -2.114019e-01 -8.652156e-04 6.275626e-03 9.999799e-01 4.592274e+01
9.999480e-01 -8.143998e-03 -6.133150e-03 -1.148095e+01 8.177668e-03 9.999515e-01 5.484809e-03 -2.214883e-01 6.088184e-03 -5.534679e-03 9.999662e-01 4.603183e+01
9.999662e-01 8.217822e-03 3.684053e-04 -1.140185e+01 -8.215239e-03 9.999449e-01 -6.537021e-03 -2.331186e-01 -4.221054e-04 6.533773e-03 9.999786e-01 4.613859e+01
9.999579e-01 -8.697204e-03 -2.924134e-03 -1.143379e+01 8.714122e-03 9.999451e-01 5.823533e-03 -2.407571e-01 2.873325e-03 -5.848768e-03 9.999788e-01 4.638004e+01
9.999660e-01 8.120241e-03 -1.407149e-03 -1.140885e+01 -8.129234e-03 9.999458e-01 -6.507525e-03 -2.502746e-01 1.354229e-03 6.518742e-03 9.999778e-01 4.653392e+01
9.999412e-01 -9.163977e-03 -5.790798e-03 -1.126293e+01 9.197528e-03 9.999409e-01 5.794083e-03 -2.639818e-01 5.737359e-03 -5.847003e-03 9.999664e-01 4.653394e+01
9.999579e-01 9.149741e-03 6.700529e-04 -1.117444e+01 -9.145458e-03 9.999393e-01 -6.138055e-03 -2.757680e-01 -7.261742e-04 6.131668e-03 9.999809e-01 4.661973e+01
9.999433e-01 -9.731555e-03 -4.324182e-03 -1.118348e+01 9.755565e-03 9.999369e-01 5.566662e-03 -2.844925e-01 4.269737e-03 -5.608530e-03 9.999752e-01 4.682477e+01
9.999576e-01 9.192910e-03 4.403595e-04 -1.117747e+01 -9.189989e-03 9.999384e-01 -6.229902e-03 -2.939584e-01 -4.976036e-04 6.225591e-03 9.999805e-01 4.700833e+01
9.999074e-01 -9.809810e-03 -9.433628e-03 -1.080868e+01 9.868378e-03 9.999322e-01 6.182030e-03 -3.114702e-01 9.372344e-03 -6.274551e-03 9.999364e-01 4.683513e+01
9.999298e-01 1.070411e-02 5.073327e-03 -1.076193e+01 -1.066673e-02 9.999162e-01 -7.337564e-03 -3.219778e-01 -5.151445e-03 7.282933e-03 9.999602e-01 4.696985e+01
9.998622e-01 -1.191489e-02 -1.156051e-02 -1.066065e+01 1.199007e-02 9.999073e-01 6.455533e-03 -3.343084e-01 1.148252e-02 -6.593254e-03 9.999123e-01 4.701136e+01
9.999110e-01 1.165903e-02 6.491773e-03 -1.060891e+01 -1.161434e-02 9.999089e-01 -6.878472e-03 -3.454800e-01 -6.571378e-03 6.802462e-03 9.999553e-01 4.710394e+01
9.998742e-01 -1.211870e-02 -1.023168e-02 -1.062177e+01 1.218324e-02 9.999061e-01 6.269522e-03 -3.541174e-01 1.015475e-02 -6.393387e-03 9.999280e-01 4.730372e+01
9.999040e-01 1.168895e-02 7.443879e-03 -1.065477e+01 -1.163704e-02 9.999079e-01 -6.979502e-03 -3.618080e-01 -7.524777e-03 6.892207e-03 9.999479e-01 4.753786e+01
9.998601e-01 -1.190015e-02 -1.175403e-02 -1.064946e+01 1.197103e-02 9.999105e-01 5.978037e-03 -3.712267e-01 1.168184e-02 -6.117908e-03 9.999130e-01 4.768954e+01
9.999144e-01 1.160645e-02 6.046965e-03 -1.058472e+01 -1.156773e-02 9.999126e-01 -6.400258e-03 -3.831673e-01 -6.120721e-03 6.329759e-03 9.999612e-01 4.774868e+01
9.998692e-01 -1.217063e-02 -1.065450e-02 -1.057300e+01 1.223243e-02 9.999086e-01 5.754001e-03 -3.932847e-01 1.058350e-02 -5.883578e-03 9.999267e-01 4.788802e+01
9.999086e-01 1.219349e-02 5.840003e-03 -1.054682e+01 -1.215500e-02 9.999045e-01 -6.580735e-03 -4.034837e-01 -5.919688e-03 6.509148e-03 9.999613e-01 4.800885e+01
9.998558e-01 -1.220127e-02 -1.181131e-02 -1.044446e+01 1.227797e-02 9.999039e-01 6.443097e-03 -4.165215e-01 1.173156e-02 -6.587186e-03 9.999095e-01 4.803323e+01
9.999085e-01 1.215730e-02 5.926099e-03 -1.035847e+01 -1.211844e-02 9.999051e-01 -6.550144e-03 -4.289986e-01 -6.005169e-03 6.477729e-03 9.999610e-01 4.807474e+01
9.998570e-01 -1.193977e-02 -1.197356e-02 -1.024207e+01 1.201799e-02 9.999068e-01 6.482446e-03 -4.422397e-01 1.189505e-02 -6.625417e-03 9.999073e-01 4.809344e+01
9.999100e-01 1.201541e-02 5.967577e-03 -1.014226e+01 -1.197651e-02 9.999071e-01 -6.511860e-03 -4.550907e-01 -6.045266e-03 6.439803e-03 9.999610e-01 4.812963e+01
9.998514e-01 -1.215185e-02 -1.223026e-02 -1.005150e+01 1.222658e-02 9.999069e-01 6.054086e-03 -4.677608e-01 1.215556e-02 -6.202719e-03 9.999069e-01 4.818115e+01
9.999159e-01 1.178656e-02 5.403372e-03 -9.892827e+00 -1.175460e-02 9.999135e-01 -5.908755e-03 -4.823197e-01 -5.472548e-03 5.844744e-03 9.999679e-01 4.815907e+01
9.998733e-01 -1.167752e-02 -1.081886e-02 -9.773590e+00 1.174774e-02 9.999102e-01 6.449748e-03 -4.953480e-01 1.074257e-02 -6.576027e-03 9.999207e-01 4.816427e+01
9.999189e-01 1.171080e-02 5.001749e-03 -9.692312e+00 -1.167823e-02 9.999107e-01 -6.492257e-03 -5.078805e-01 -5.077332e-03 6.433318e-03 9.999664e-01 4.820394e+01
9.998689e-01 -1.188282e-02 -1.099509e-02 -9.616999e+00 1.195219e-02 9.999089e-01 6.265035e-03 -5.203520e-01 1.091964e-02 -6.395629e-03 9.999199e-01 4.824374e+01
9.999189e-01 1.165349e-02 5.146695e-03 -9.551820e+00 -1.161988e-02 9.999113e-01 -6.511390e-03 -5.323546e-01 -5.222119e-03 6.451057e-03 9.999656e-01 4.831853e+01
9.998683e-01 -1.213141e-02 -1.077932e-02 -9.505617e+00 1.219498e-02 9.999085e-01 5.851910e-03 -5.436515e-01 1.070735e-02 -5.982592e-03 9.999248e-01 4.841478e+01
9.999117e-01 1.214165e-02 5.399144e-03 -9.451444e+00 -1.210943e-02 9.999089e-01 -5.961759e-03 -5.553170e-01 -5.471038e-03 5.895851e-03 9.999677e-01 4.848853e+01
9.998597e-01 -1.268687e-02 -1.093542e-02 -9.410219e+00 1.274400e-02 9.999054e-01 5.170988e-03 -5.665177e-01 1.086878e-02 -5.309622e-03 9.999268e-01 4.858368e+01
9.999078e-01 1.265036e-02 4.939155e-03 -9.311683e+00 -1.262489e-02 9.999070e-01 -5.153726e-03 -5.795388e-01 -5.003892e-03 5.090894e-03 9.999745e-01 4.861809e+01
9.998515e-01 -1.315374e-02 -1.113742e-02 -9.239335e+00 1.320634e-02 9.999019e-01 4.662807e-03 -5.918453e-01 1.107499e-02 -4.809198e-03 9.999271e-01 4.868395e+01
9.999065e-01 1.270671e-02 5.058511e-03 -9.178396e+00 -1.268122e-02 9.999069e-01 -5.039550e-03 -6.038217e-01 -5.122077e-03 4.974929e-03 9.999745e-01 4.875533e+01
9.998613e-01 -1.254373e-02 -1.095754e-02 -9.116213e+00 1.260136e-02 9.999070e-01 5.206506e-03 -6.154453e-01 1.089121e-02 -5.343862e-03 9.999264e-01 4.887004e+01
9.999057e-01 1.244248e-02 5.805441e-03 -9.085931e+00 -1.240822e-02 9.999056e-01 -5.900288e-03 -6.262335e-01 -5.878308e-03 5.827696e-03 9.999657e-01 4.900238e+01
9.998532e-01 -1.302529e-02 -1.113349e-02 -9.058420e+00 1.308383e-02 9.999009e-01 5.201377e-03 -6.369520e-01 1.106463e-02 -5.346281e-03 9.999245e-01 4.913542e+01
9.999078e-01 1.256352e-02 5.158161e-03 -8.991472e+00 -1.253251e-02 9.999035e-01 -6.000966e-03 -6.487794e-01 -5.233057e-03 5.935767e-03 9.999687e-01 4.923352e+01
9.998580e-01 -1.310844e-02 -1.059046e-02 -8.952210e+00 1.316542e-02 9.998991e-01 5.328837e-03 -6.600940e-01 1.051954e-02 -5.467507e-03 9.999297e-01 4.936477e+01
9.999108e-01 1.248888e-02 4.738898e-03 -8.904674e+00 -1.246009e-02 9.999040e-01 -6.056859e-03 -6.715835e-01 -4.814087e-03 5.997271e-03 9.999704e-01 4.947204e+01
9.998636e-01 -1.310154e-02 -1.005336e-02 -8.868857e+00 1.315506e-02 9.998996e-01 5.275513e-03 -6.825163e-01 9.983229e-03 -5.407045e-03 9.999355e-01 4.959423e+01
9.999040e-01 1.340560e-02 3.490925e-03 -8.789755e+00 -1.338423e-02 9.998920e-01 -6.075289e-03 -6.948524e-01 -3.571991e-03 6.027982e-03 9.999755e-01 4.964744e+01
9.998736e-01 -1.313646e-02 -8.955658e-03 -8.714715e+00 1.319179e-02 9.998941e-01 6.147106e-03 -7.063879e-01 8.873959e-03 -6.264470e-03 9.999410e-01 4.971920e+01
9.999262e-01 1.207858e-02 1.293272e-03 -8.546808e+00 -1.206971e-02 9.999049e-01 -6.664684e-03 -7.208388e-01 -1.373649e-03 6.648582e-03 9.999770e-01 4.969253e+01
9.998644e-01 -1.334562e-02 -9.649965e-03 -8.264644e+00 1.340479e-02 9.998916e-01 6.092938e-03 -7.374099e-01 9.567605e-03 -6.221467e-03 9.999349e-01 4.958231e+01
9.999148e-01 1.271927e-02 2.918100e-03 -8.053233e+00 -1.270201e-02 9.999022e-01 -5.860435e-03 -7.527053e-01 -2.992356e-03 5.822870e-03 9.999786e-01 4.951269e+01
9.998750e-01 -1.289053e-02 -9.152246e-03 -7.871357e+00 1.294923e-02 9.998958e-01 6.383332e-03 -7.673654e-01 9.069008e-03 -6.501048e-03 9.999377e-01 4.946195e+01
9.999188e-01 1.252213e-02 2.345271e-03 -7.670579e+00 -1.250687e-02 9.999012e-01 -6.410060e-03 -7.824412e-01 -2.425307e-03 6.380207e-03 9.999767e-01 4.939742e+01
9.998635e-01 -1.354666e-02 -9.453822e-03 -7.462434e+00 1.360207e-02 9.998905e-01 5.821786e-03 -7.975252e-01 9.373922e-03 -5.949582e-03 9.999384e-01 4.932947e+01
9.998918e-01 1.374525e-02 5.242018e-03 -7.419947e+00 -1.371582e-02 9.998902e-01 -5.610677e-03 -8.076301e-01 -5.318562e-03 5.538171e-03 9.999705e-01 4.947891e+01
9.998324e-01 -1.453345e-02 -1.113654e-02 -7.328456e+00 1.458629e-02 9.998827e-01 4.678528e-03 -8.186491e-01 1.106724e-02 -4.840184e-03 9.999270e-01 4.967215e+01
9.998898e-01 1.435390e-02 3.778363e-03 -7.097624e+00 -1.434059e-02 9.998910e-01 -3.526183e-03 -8.348793e-01 -3.828566e-03 3.471610e-03 9.999866e-01 4.967057e+01
9.998489e-01 -1.399957e-02 -1.030420e-02 -6.903893e+00 1.403105e-02 9.998971e-01 2.989520e-03 -8.498308e-01 1.026128e-02 -3.133647e-03 9.999424e-01 4.962174e+01
9.998851e-01 1.410880e-02 5.540069e-03 -6.885261e+00 -1.409047e-02 9.998952e-01 -3.334149e-03 -8.596376e-01 -5.586529e-03 3.255703e-03 9.999791e-01 4.974592e+01
9.998407e-01 -1.505031e-02 -9.593475e-03 -6.861307e+00 1.507581e-02 9.998830e-01 2.590646e-03 -8.694626e-01 9.553363e-03 -2.734862e-03 9.999506e-01 4.987575e+01
9.998657e-01 1.578677e-02 4.401590e-03 -6.702801e+00 -1.577871e-02 9.998738e-01 -1.859464e-03 -8.835513e-01 -4.430390e-03 1.789762e-03 9.999886e-01 4.984027e+01
9.998375e-01 -1.551685e-02 -9.178897e-03 -6.576121e+00 1.553884e-02 9.998766e-01 2.329973e-03 -8.966299e-01 9.141610e-03 -2.472223e-03 9.999552e-01 4.982792e+01
9.998920e-01 1.453916e-02 2.142095e-03 -6.377507e+00 -1.453336e-02 9.998907e-01 -2.699194e-03 -9.113549e-01 -2.181105e-03 2.667770e-03 9.999941e-01 4.975980e+01
9.998457e-01 -1.527967e-02 -8.669064e-03 -6.259444e+00 1.530070e-02 9.998801e-01 2.364512e-03 -9.240457e-01 8.631897e-03 -2.496789e-03 9.999596e-01 4.982128e+01
9.998950e-01 1.439502e-02 1.681590e-03 -6.110363e+00 -1.438980e-02 9.998917e-01 -3.077830e-03 -9.379856e-01 -1.725714e-03 3.053308e-03 9.999938e-01 4.981039e+01
9.998458e-01 -1.521789e-02 -8.764898e-03 -5.920013e+00 1.524445e-02 9.998794e-01 2.972438e-03 -9.526293e-01 8.718607e-03 -3.105595e-03 9.999572e-01 4.976960e+01
9.998842e-01 1.499751e-02 2.590680e-03 -5.813377e+00 -1.498890e-02 9.998822e-01 -3.313257e-03 -9.654873e-01 -2.640066e-03 3.274041e-03 9.999912e-01 4.980641e+01
9.998509e-01 -1.476604e-02 -8.947203e-03 -5.677300e+00 1.479087e-02 9.998869e-01 2.715982e-03 -9.792695e-01 8.906087e-03 -2.847913e-03 9.999563e-01 4.981287e+01
9.998952e-01 1.441259e-02 1.399503e-03 -5.480750e+00 -1.440734e-02 9.998894e-01 -3.690788e-03 -9.949222e-01 -1.452542e-03 3.670237e-03 9.999922e-01 4.976211e+01
9.998478e-01 -1.492957e-02 -9.023596e-03 -5.267092e+00 1.495585e-02 9.998841e-01 2.851576e-03 -1.010715e+00 8.979978e-03 -2.986096e-03 9.999552e-01 4.970178e+01
9.998851e-01 1.499176e-02 2.226555e-03 -5.064713e+00 -1.498572e-02 9.998841e-01 -2.702824e-03 -1.025718e+00 -2.266817e-03 2.669146e-03 9.999939e-01 4.965702e+01
9.998319e-01 -1.599803e-02 -8.959757e-03 -4.929506e+00 1.602195e-02 9.998682e-01 2.604520e-03 -1.039276e+00 8.916910e-03 -2.747634e-03 9.999565e-01 4.968735e+01
9.998584e-01 1.660237e-02 2.730038e-03 -4.799943e+00 -1.659618e-02 9.998597e-01 -2.273443e-03 -1.052815e+00 -2.767400e-03 2.227812e-03 9.999937e-01 4.973083e+01
9.998103e-01 -1.706765e-02 -9.378766e-03 -4.592593e+00 1.709610e-02 9.998495e-01 2.960918e-03 -1.068334e+00 9.326819e-03 -3.120696e-03 9.999516e-01 4.967599e+01
9.998586e-01 1.636454e-02 3.872278e-03 -4.480403e+00 -1.635593e-02 9.998637e-01 -2.243540e-03 -1.081209e+00 -3.908465e-03 2.179888e-03 9.999900e-01 4.967435e+01
9.998362e-01 -1.557885e-02 -9.215729e-03 -4.391875e+00 1.560232e-02 9.998752e-01 2.480892e-03 -1.093931e+00 9.175930e-03 -2.624272e-03 9.999545e-01 4.968247e+01
9.998661e-01 1.600288e-02 3.419412e-03 -4.270596e+00 -1.599580e-02 9.998699e-01 -2.085811e-03 -1.107504e+00 -3.452347e-03 2.030834e-03 9.999920e-01 4.967548e+01
9.998401e-01 -1.559559e-02 -8.749043e-03 -4.130002e+00 1.561961e-02 9.998744e-01 2.683328e-03 -1.121027e+00 8.706097e-03 -2.819555e-03 9.999581e-01 4.964703e+01
9.998803e-01 1.520161e-02 2.871792e-03 -3.981960e+00 -1.519535e-02 9.998821e-01 -2.189322e-03 -1.134912e+00 -2.904735e-03 2.145421e-03 9.999935e-01 4.961883e+01
9.998226e-01 -1.634899e-02 -9.357203e-03 -3.799600e+00 1.637896e-02 9.998609e-01 3.134540e-03 -1.149317e+00 9.304656e-03 -3.287244e-03 9.999513e-01 4.960232e+01
9.998442e-01 1.714952e-02 4.172259e-03 -3.673029e+00 -1.713979e-02 9.998503e-01 -2.356699e-03 -1.163190e+00 -4.212051e-03 2.284820e-03 9.999885e-01 4.964526e+01
9.997918e-01 -1.737204e-02 -1.070322e-02 -3.554660e+00 1.739798e-02 9.998459e-01 2.335252e-03 -1.176292e+00 1.066100e-02 -2.520979e-03 9.999400e-01 4.966765e+01
9.998204e-01 1.813565e-02 5.496641e-03 -3.406333e+00 -1.812985e-02 9.998350e-01 -1.104355e-03 -1.190280e+00 -5.515763e-03 1.004502e-03 9.999843e-01 4.965150e+01
9.997917e-01 -1.716916e-02 -1.103541e-02 -3.256664e+00 1.718907e-02 9.998508e-01 1.711401e-03 -1.204291e+00 1.100438e-02 -1.900733e-03 9.999376e-01 4.962669e+01
9.998483e-01 1.657338e-02 5.348466e-03 -3.104251e+00 -1.656862e-02 9.998623e-01 -9.328442e-04 -1.217994e+00 -5.363191e-03 8.440853e-04 9.999853e-01 4.960022e+01
9.997627e-01 -1.823298e-02 -1.191953e-02 -2.926534e+00 1.825240e-02 9.998323e-01 1.522404e-03 -1.232486e+00 1.188978e-02 -1.739602e-03 9.999278e-01 4.955675e+01
9.997707e-01 1.957797e-02 8.680242e-03 -2.859795e+00 -1.957723e-02 9.998083e-01 -1.696357e-04 -1.243091e+00 -8.681899e-03 -3.390070e-07 9.999623e-01 4.962987e+01
9.997223e-01 -1.892474e-02 -1.404365e-02 -2.756742e+00 1.893318e-02 9.998206e-01 4.681416e-04 -1.256023e+00 1.403227e-02 -7.339019e-04 9.999013e-01 4.963894e+01
9.997682e-01 1.969516e-02 8.692566e-03 -2.631201e+00 -1.969660e-02 9.998060e-01 7.947890e-05 -1.269377e+00 -8.689314e-03 -2.506751e-04 9.999622e-01 4.962966e+01
9.997295e-01 -1.900067e-02 -1.341580e-02 -2.540424e+00 1.900722e-02 9.998193e-01 3.607967e-04 -1.281842e+00 1.340652e-02 -6.156956e-04 9.999099e-01 4.963958e+01
9.997861e-01 1.860788e-02 9.031462e-03 -2.527225e+00 -1.859921e-02 9.998265e-01 -1.043327e-03 -1.291991e+00 -9.049309e-03 8.751254e-04 9.999587e-01 4.972750e+01
9.997189e-01 -1.898796e-02 -1.419560e-02 -2.505241e+00 1.899408e-02 9.998196e-01 2.961580e-04 -1.302737e+00 1.418742e-02 -5.657064e-04 9.998992e-01 4.982222e+01
9.998093e-01 1.820150e-02 7.079649e-03 -2.336314e+00 -1.819532e-02 9.998340e-01 -9.363901e-04 -1.317325e+00 -7.095518e-03 8.073943e-04 9.999745e-01 4.978711e+01
9.997186e-01 -1.928579e-02 -1.381335e-02 -2.150721e+00 1.929774e-02 9.998135e-01 7.321618e-04 -1.331794e+00 1.379665e-02 -9.985214e-04 9.999043e-01 4.974575e+01
9.998097e-01 1.786288e-02 7.842760e-03 -1.981982e+00 -1.786173e-02 9.998404e-01 -2.161239e-04 -1.345440e+00 -7.845369e-03 7.599684e-05 9.999692e-01 4.971146e+01
9.997578e-01 -1.728905e-02 -1.361964e-02 -1.810571e+00 1.729369e-02 9.998504e-01 2.225254e-04 -1.359187e+00 1.361375e-02 -4.580046e-04 9.999072e-01 4.967003e+01
9.996944e-01 1.897974e-02 1.584151e-02 -1.875117e+00 -1.898851e-02 9.998196e-01 4.031673e-04 -1.363470e+00 -1.583100e-02 -7.038513e-04 9.998744e-01 5.008653e+01
9.995906e-01 -1.860346e-02 -2.173889e-02 -1.605436e+00 1.860801e-02 9.998269e-01 7.114425e-06 -1.378471e+00 2.173499e-02 -4.116283e-04 9.997637e-01 5.013406e+01
9.997721e-01 2.134129e-02 4.754307e-04 -7.064961e-01 -2.134224e-02 9.997701e-01 2.083245e-03 -1.402632e+00 -4.308626e-04 -2.092917e-03 9.999977e-01 4.967757e+01
9.993059e-01 -3.260954e-02 -1.801080e-02 5.622405e-02 3.249855e-02 9.994512e-01 -6.420733e-03 -1.425418e+00 1.821029e-02 5.830952e-03 9.998172e-01 4.936938e+01
9.995175e-01 2.956418e-02 9.525157e-03 2.960343e-01 -2.962120e-02 9.995438e-01 5.901418e-03 -1.440965e+00 -9.346341e-03 -6.180718e-03 9.999372e-01 4.933194e+01
9.993655e-01 -3.162916e-02 -1.637605e-02 4.824574e-01 3.153927e-02 9.994862e-01 -5.718738e-03 -1.455722e+00 1.654851e-02 5.198622e-03 9.998495e-01 4.931326e+01
9.994225e-01 3.234040e-02 1.042552e-02 7.078115e-01 -3.241082e-02 9.994525e-01 6.657904e-03 -1.471738e+00 -1.020450e-02 -6.991960e-03 9.999235e-01 4.925518e+01
9.993680e-01 -3.195296e-02 -1.557794e-02 9.163278e-01 3.185904e-02 9.994729e-01 -6.240383e-03 -1.486692e+00 1.576913e-02 5.740142e-03 9.998592e-01 4.918334e+01
9.994834e-01 3.070113e-02 9.502502e-03 1.118558e+00 -3.076411e-02 9.995052e-01 6.553821e-03 -1.501774e+00 -9.296590e-03 -6.842772e-03 9.999334e-01 4.912254e+01
9.994298e-01 -3.123329e-02 -1.283011e-02 1.099760e+00 3.114276e-02 9.994890e-01 -7.196073e-03 -1.510002e+00 1.304831e-02 6.792406e-03 9.998918e-01 4.932622e+01
9.995360e-01 2.951630e-02 7.525128e-03 1.152490e+00 -2.956587e-02 9.995413e-01 6.562861e-03 -1.521497e+00 -7.327965e-03 -6.782303e-03 9.999501e-01 4.947844e+01
9.995054e-01 -2.888888e-02 -1.242828e-02 1.268907e+00 2.881311e-02 9.995654e-01 -6.233066e-03 -1.534621e+00 1.260294e-02 5.871886e-03 9.999033e-01 4.950415e+01
9.995185e-01 3.029850e-02 6.693252e-03 1.443473e+00 -3.033848e-02 9.995219e-01 5.954702e-03 -1.548999e+00 -6.509634e-03 -6.154899e-03 9.999599e-01 4.948806e+01
9.994371e-01 -3.064397e-02 -1.365703e-02 1.531978e+00 3.055739e-02 9.995119e-01 -6.503834e-03 -1.561808e+00 1.384966e-02 6.082850e-03 9.998856e-01 4.958941e+01
9.995003e-01 2.995869e-02 1.008326e-02 1.551750e+00 -3.001646e-02 9.995336e-01 5.628329e-03 -1.572084e+00 -9.909936e-03 -5.928181e-03 9.999333e-01 4.983790e+01
9.994147e-01 -3.053382e-02 -1.542367e-02 1.604231e+00 3.043236e-02 9.995139e-01 -6.770626e-03 -1.583379e+00 1.562291e-02 6.297285e-03 9.998581e-01 4.996243e+01
9.994740e-01 3.042537e-02 1.122938e-02 1.640747e+00 -3.049663e-02 9.995155e-01 6.230169e-03 -1.593887e+00 -1.103439e-02 -6.569351e-03 9.999175e-01 5.015793e+01
9.993612e-01 -3.081529e-02 -1.810186e-02 1.749902e+00 3.068933e-02 9.995031e-01 -7.195388e-03 -1.607544e+00 1.831459e-02 6.635258e-03 9.998103e-01 5.027956e+01
9.994463e-01 3.094826e-02 1.221720e-02 1.849964e+00 -3.103702e-02 9.994927e-01 7.143615e-03 -1.620511e+00 -1.198992e-02 -7.518846e-03 9.998998e-01 5.044530e+01
9.993468e-01 -3.171791e-02 -1.732087e-02 1.916748e+00 3.157414e-02 9.994652e-01 -8.512140e-03 -1.632688e+00 1.758160e-02 7.959688e-03 9.998137e-01 5.061088e+01
9.994264e-01 3.179842e-02 1.164761e-02 2.030145e+00 -3.189704e-02 9.994560e-01 8.381090e-03 -1.646121e+00 -1.137477e-02 -8.747808e-03 9.998970e-01 5.062355e+01
9.993113e-01 -3.253896e-02 -1.783850e-02 2.141715e+00 3.238862e-02 9.994379e-01 -8.653079e-03 -1.659326e+00 1.811003e-02 8.069356e-03 9.998034e-01 5.064121e+01
9.994256e-01 3.191695e-02 1.139386e-02 2.287238e+00 -3.201535e-02 9.994507e-01 8.560569e-03 -1.673570e+00 -1.111437e-02 -8.920431e-03 9.998984e-01 5.062594e+01
9.993616e-01 -3.168739e-02 -1.650038e-02 2.393058e+00 3.154934e-02 9.994655e-01 -8.560750e-03 -1.686536e+00 1.676283e-02 8.034710e-03 9.998272e-01 5.063598e+01
9.994653e-01 3.105752e-02 1.022402e-02 2.569025e+00 -3.114575e-02 9.994780e-01 8.586174e-03 -1.701290e+00 -9.952018e-03 -8.900019e-03 9.999109e-01 5.058918e+01
9.994128e-01 -3.065191e-02 -1.531230e-02 2.735380e+00 3.053144e-02 9.995015e-01 -8.040316e-03 -1.715472e+00 1.555111e-02 7.568089e-03 9.998504e-01 5.054823e+01
9.995095e-01 2.981845e-02 9.567962e-03 2.882201e+00 -2.989960e-02 9.995172e-01 8.453203e-03 -1.729280e+00 -9.311281e-03 -8.735136e-03 9.999185e-01 5.052366e+01
9.994884e-01 -2.856842e-02 -1.438199e-02 3.053440e+00 2.845671e-02 9.995637e-01 -7.912818e-03 -1.743470e+00 1.460177e-02 7.499506e-03 9.998653e-01 5.048250e+01
9.995347e-01 2.904849e-02 9.304306e-03 3.157249e+00 -2.912537e-02 9.995418e-01 8.237028e-03 -1.756291e+00 -9.060770e-03 -8.504187e-03 9.999228e-01 5.049676e+01
9.995588e-01 -2.797572e-02 -9.978873e-03 3.140292e+00 2.790808e-02 9.995870e-01 -6.854492e-03 -1.760238e+00 1.016651e-02 6.572977e-03 9.999267e-01 5.089857e+01
9.995375e-01 2.763976e-02 1.267825e-02 3.099699e+00 -2.773947e-02 9.995851e-01 7.757376e-03 -1.763438e+00 -1.245858e-02 -8.105477e-03 9.998895e-01 5.144839e+01
9.991620e-01 -3.688218e-02 -1.774682e-02 3.174656e+00 3.677727e-02 9.993042e-01 -6.202018e-03 -1.770117e+00 1.796322e-02 5.544142e-03 9.998233e-01 5.166216e+01
9.999169e-01 1.288910e-02 1.475110e-04 3.773539e+00 -1.288988e-02 9.998826e-01 8.286170e-03 -1.787552e+00 -4.069264e-05 -8.287383e-03 9.999657e-01 5.135642e+01
9.977421e-01 -6.111603e-02 -2.784851e-02 4.629026e+00 6.042454e-02 9.978589e-01 -2.503037e-02 -1.806535e+00 2.931864e-02 2.329112e-02 9.992987e-01 5.092802e+01
9.976945e-01 6.300147e-02 2.522718e-02 4.952861e+00 -6.368616e-02 9.975958e-01 2.732512e-02 -1.823109e+00 -2.344501e-02 -2.886874e-02 9.993082e-01 5.079469e+01
9.974739e-01 -6.462424e-02 -2.948619e-02 5.120921e+00 6.381271e-02 9.975779e-01 -2.768077e-02 -1.837191e+00 3.120362e-02 2.572926e-02 9.991818e-01 5.077418e+01
9.976438e-01 6.381000e-02 2.520260e-02 5.290975e+00 -6.448449e-02 9.975555e-01 2.692299e-02 -1.851711e+00 -2.342303e-02 -2.848473e-02 9.993198e-01 5.073268e+01
9.974244e-01 -6.533037e-02 -2.960736e-02 5.468999e+00 6.450733e-02 9.975257e-01 -2.795041e-02 -1.866384e+00 3.136011e-02 2.596853e-02 9.991707e-01 5.068918e+01
9.975351e-01 6.521837e-02 2.589145e-02 5.563150e+00 -6.591449e-02 9.974597e-01 2.700938e-02 -1.878803e+00 -2.406417e-02 -2.864942e-02 9.992998e-01 5.074860e+01
9.974618e-01 -6.490502e-02 -2.927819e-02 5.709621e+00 6.409245e-02 9.975542e-01 -2.788757e-02 -1.892879e+00 3.101663e-02 2.594028e-02 9.991822e-01 5.074329e+01
9.975813e-01 6.477712e-02 2.521036e-02 5.863643e+00 -6.545370e-02 9.974901e-01 2.700659e-02 -1.907035e+00 -2.339767e-02 -2.859138e-02 9.993173e-01 5.072059e+01
9.973150e-01 -6.657811e-02 -3.049816e-02 6.062317e+00 6.570460e-02 9.974234e-01 -2.880104e-02 -1.922117e+00 3.233710e-02 2.671984e-02 9.991198e-01 5.066346e+01
9.974315e-01 6.613042e-02 2.751555e-02 6.228430e+00 -6.690905e-02 9.973545e-01 2.841017e-02 -1.936127e+00 -2.556398e-02 -3.017823e-02 9.992176e-01 5.063154e+01
9.973344e-01 -6.609755e-02 -3.090563e-02 6.566202e+00 6.516994e-02 9.974196e-01 -3.011652e-02 -1.952488e+00 3.281651e-02 2.802212e-02 9.990685e-01 5.047566e+01
9.980838e-01 5.837787e-02 2.051361e-02 6.960226e+00 -5.895360e-02 9.978486e-01 2.868129e-02 -1.970041e+00 -1.879513e-02 -2.983568e-02 9.993781e-01 5.028917e+01
9.979330e-01 -5.950507e-02 -2.426776e-02 7.115130e+00 5.879011e-02 9.978437e-01 -2.918195e-02 -1.983634e+00 2.595191e-02 2.769493e-02 9.992795e-01 5.026651e+01
9.980987e-01 5.858081e-02 1.916312e-02 7.322330e+00 -5.910354e-02 9.978604e-01 2.795464e-02 -1.998858e+00 -1.748452e-02 -2.903410e-02 9.994255e-01 5.019828e+01
9.977501e-01 -6.208933e-02 -2.529173e-02 7.551000e+00 6.135254e-02 9.976967e-01 -2.893465e-02 -2.013717e+00 2.703001e-02 2.731784e-02 9.992613e-01 5.011560e+01
9.979366e-01 6.069908e-02 2.093196e-02 7.726064e+00 -6.128197e-02 9.977155e-01 2.843075e-02 -2.028309e+00 -1.915842e-02 -2.965484e-02 9.993766e-01 5.006505e+01
9.978373e-01 -6.099053e-02 -2.451406e-02 7.868269e+00 6.026915e-02 9.977561e-01 -2.916187e-02 -2.042010e+00 2.623765e-02 2.762136e-02 9.992741e-01 5.003698e+01
9.979708e-01 6.020211e-02 2.073793e-02 8.001445e+00 -6.078626e-02 9.977354e-01 2.879456e-02 -2.055456e+00 -1.895748e-02 -2.999671e-02 9.993702e-01 5.002369e+01
9.979818e-01 -5.886147e-02 -2.382597e-02 8.158751e+00 5.816124e-02 9.978834e-01 -2.908699e-02 -2.069622e+00 2.548764e-02 2.764254e-02 9.992929e-01 5.000409e+01
9.984820e-01 5.242132e-02 1.690246e-02 8.318903e+00 -5.286740e-02 9.982331e-01 2.712313e-02 -2.081386e+00 -1.545077e-02 -2.797555e-02 9.994892e-01 5.009168e+01
9.984341e-01 -5.208566e-02 -2.040727e-02 8.526860e+00 5.152022e-02 9.982983e-01 -2.731748e-02 -2.094858e+00 2.179539e-02 2.622332e-02 9.994185e-01 5.024281e+01
9.985131e-01 5.218256e-02 1.576431e-02 8.654689e+00 -5.259211e-02 9.982567e-01 2.678988e-02 -2.108630e+00 -1.433886e-02 -2.757913e-02 9.995168e-01 5.025730e+01
9.982810e-01 -5.437709e-02 -2.186518e-02 8.844568e+00 5.376205e-02 9.981668e-01 -2.779657e-02 -2.123834e+00 2.333659e-02 2.657327e-02 9.993744e-01 5.022026e+01
9.984389e-01 5.317778e-02 1.708235e-02 9.019789e+00 -5.363392e-02 9.981831e-01 2.745743e-02 -2.138314e+00 -1.559119e-02 -2.833076e-02 9.994770e-01 5.020535e+01
9.977861e-01 -6.080735e-02 -2.693334e-02 9.292815e+00 6.001173e-02 9.977639e-01 -2.942458e-02 -2.154483e+00 2.866234e-02 2.774312e-02 9.992041e-01 5.009828e+01
9.980409e-01 5.867392e-02 2.171916e-02 9.480908e+00 -5.928364e-02 9.978319e-01 2.858249e-02 -2.168623e+00 -1.999502e-02 -2.981408e-02 9.993555e-01 5.003531e+01
9.981339e-01 -5.209750e-02 -3.185113e-02 1.001466e+01 5.109436e-02 9.981958e-01 -3.153708e-02 -2.189619e+00 3.343667e-02 2.985082e-02 9.989950e-01 4.976448e+01
9.991420e-01 3.740490e-02 1.778098e-02 1.049666e+01 -3.786378e-02 9.989391e-01 2.621217e-02 -2.209765e+00 -1.678165e-02 -2.686293e-02 9.994983e-01 4.955571e+01
9.991934e-01 -3.284129e-02 -2.310824e-02 1.075547e+01 3.222877e-02 9.991319e-01 -2.639759e-02 -2.225501e+00 2.395511e-02 2.563155e-02 9.993844e-01 4.948314e+01
9.995528e-01 2.733611e-02 1.212152e-02 1.126695e+01 -2.765799e-02 9.992464e-01 2.723360e-02 -2.243831e+00 -1.136792e-02 -2.755668e-02 9.995556e-01 4.921674e+01
9.985136e-01 -4.766733e-02 -2.642612e-02 1.201621e+01 4.681566e-02 9.983921e-01 -3.196111e-02 -2.264663e+00 2.790713e-02 3.067645e-02 9.991397e-01 4.883438e+01
9.988480e-01 4.352826e-02 2.019683e-02 1.234958e+01 -4.416815e-02 9.984986e-01 3.239929e-02 -2.280098e+00 -1.875622e-02 -3.325403e-02 9.992709e-01 4.870226e+01
9.985183e-01 -4.668263e-02 -2.796370e-02 1.269022e+01 4.575346e-02 9.984077e-01 -3.299395e-02 -2.296054e+00 2.945942e-02 3.166563e-02 9.990643e-01 4.856691e+01
9.987664e-01 4.462192e-02 2.178612e-02 1.294265e+01 -4.531811e-02 9.984411e-01 3.258242e-02 -2.310729e+00 -2.029827e-02 -3.352953e-02 9.992316e-01 4.849435e+01
9.985414e-01 -4.607547e-02 -2.814450e-02 1.316980e+01 4.511630e-02 9.984093e-01 -3.381433e-02 -2.325005e+00 2.965774e-02 3.249523e-02 9.990318e-01 4.845620e+01
9.988414e-01 4.316088e-02 2.128250e-02 1.346581e+01 -4.385762e-02 9.984781e-01 3.343628e-02 -2.340998e+00 -1.980697e-02 -3.433094e-02 9.992142e-01 4.833577e+01
