9.998552e-01 1.135325e-03 1.697767e-02 -4.007671e-01 -1.095665e-03 9.999966e-01 -2.345152e-03 1.541857e-02 -1.698028e-02 2.326209e-03 9.998531e-01 1.148411e+00
9.999625e-01 -1.111735e-03 8.590283e-03 -1.003568e+00 1.116392e-03 9.999992e-01 -5.373622e-04 4.436759e-02 -8.589678e-03 5.469328e-04 9.999630e-01 2.780560e+00
9.999573e-01 3.097982e-03 8.704431e-03 -1.431856e+00 -3.074182e-03 9.999915e-01 -2.746261e-03 6.611955e-02 -8.712866e-03 2.719384e-03 9.999583e-01 3.996690e+00
9.999891e-01 -4.678103e-03 9.471125e-05 -1.671084e+00 4.678031e-03 9.999888e-01 7.506807e-04 7.481679e-02 -9.822161e-05 -7.502287e-04 9.999997e-01 4.826166e+00
9.999338e-01 1.781541e-03 1.136879e-02 -1.997966e+00 -1.739969e-03 9.999918e-01 -3.665553e-03 9.023796e-02 -1.137522e-02 3.645529e-03 9.999287e-01 5.824776e+00
9.999896e-01 -3.375318e-03 -3.066285e-03 -2.233364e+00 3.380629e-03 9.999928e-01 1.728300e-03 9.874079e-02 3.060430e-03 -1.738647e-03 9.999938e-01 6.633358e+00
9.999083e-01 1.285003e-03 1.347997e-02 -2.517447e+00 -1.229428e-03 9.999907e-01 -4.130248e-03 1.112716e-01 -1.348516e-02 4.113296e-03 9.999006e-01 7.573066e+00
9.999968e-01 -1.664163e-03 -1.899293e-03 -2.834653e+00 1.666709e-03 9.999977e-01 1.339619e-03 1.253983e-01 1.897060e-03 -1.342780e-03 9.999973e-01 8.528454e+00
9.999195e-01 -1.444071e-03 1.260384e-02 -3.142167e+00 1.494128e-03 9.999910e-01 -3.963047e-03 1.391193e-01 -1.259800e-02 3.981559e-03 9.999127e-01 9.488698e+00
9.999924e-01 2.922350e-03 2.590271e-03 -3.530444e+00 -2.924958e-03 9.999952e-01 1.003704e-03 1.573226e-01 -2.587325e-03 -1.011272e-03 9.999961e-01 1.059968e+01
9.999692e-01 -2.426975e-03 7.461881e-03 -3.812904e+00 2.448360e-03 9.999929e-01 -2.858058e-03 1.673275e-01 -7.454892e-03 2.876238e-03 9.999681e-01 1.144669e+01
9.999975e-01 1.863148e-03 -1.249767e-03 -4.004173e+00 -1.861659e-03 9.999976e-01 1.191910e-03 1.723385e-01 1.251985e-03 -1.189580e-03 9.999985e-01 1.211714e+01
9.999488e-01 -1.465719e-03 1.001657e-02 -4.256480e+00 1.492846e-03 9.999952e-01 -2.701345e-03 1.790281e-01 -1.001257e-02 2.716159e-03 9.999462e-01 1.289823e+01
9.999983e-01 1.817345e-03 -2.633496e-04 -4.501649e+00 -1.816971e-03 9.999974e-01 1.410633e-03 1.865882e-01 2.659128e-04 -1.410152e-03 9.999990e-01 1.369351e+01
9.999606e-01 -1.299248e-03 8.779210e-03 -4.751059e+00 1.325588e-03 9.999946e-01 -2.995115e-03 1.930481e-01 -8.775272e-03 3.006634e-03 9.999570e-01 1.446214e+01
9.999657e-01 1.943542e-03 8.050277e-03 -5.179414e+00 -1.945821e-03 9.999981e-01 2.751853e-04 2.100588e-01 -8.049726e-03 -2.908395e-04 9.999676e-01 1.561275e+01
9.999832e-01 -1.268832e-03 5.649267e-03 -5.514876e+00 1.282027e-03 9.999965e-01 -2.332735e-03 2.238985e-01 -5.646288e-03 2.339937e-03 9.999813e-01 1.660679e+01
9.999991e-01 1.892425e-04 1.333545e-03 -5.719981e+00 -1.900389e-04 9.999998e-01 5.970813e-04 2.305045e-01 -1.333431e-03 -5.973335e-04 9.999989e-01 1.733517e+01
9.999820e-01 -1.315983e-03 5.852780e-03 -5.928938e+00 1.330048e-03 9.999962e-01 -2.399971e-03 2.372053e-01 -5.849600e-03 2.407712e-03 9.999800e-01 1.806742e+01
9.999997e-01 1.078749e-04 7.835824e-04 -6.125922e+00 -1.084165e-04 9.999998e-01 6.911388e-04 2.431195e-01 -7.835073e-04 -6.912228e-04 9.999995e-01 1.877284e+01
9.999808e-01 -1.173566e-03 6.087582e-03 -6.324977e+00 1.187834e-03 9.999966e-01 -2.340672e-03 2.492491e-01 -6.084815e-03 2.347858e-03 9.999787e-01 1.949597e+01
9.999236e-01 1.716076e-03 1.223842e-02 -6.750377e+00 -1.712204e-03 9.999985e-01 -3.268632e-04 2.683184e-01 -1.223896e-02 3.058843e-04 9.999251e-01 2.078626e+01
9.999282e-01 -1.452244e-03 1.189559e-02 -7.322955e+00 1.482540e-03 9.999957e-01 -2.538459e-03 2.941616e-01 -1.189185e-02 2.555911e-03 9.999260e-01 2.230466e+01
9.999342e-01 1.551334e-03 1.136535e-02 -7.886461e+00 -1.548201e-03 9.999988e-01 -2.844235e-04 3.187654e-01 -1.136578e-02 2.668097e-04 9.999354e-01 2.372100e+01
9.999850e-01 -8.508767e-04 5.406160e-03 -8.281770e+00 8.618771e-04 9.999976e-01 -2.032771e-03 3.360812e-01 -5.404418e-03 2.037399e-03 9.999833e-01 2.485272e+01
9.999046e-01 1.401825e-03 1.374230e-02 -8.730773e+00 -1.393642e-03 9.999988e-01 -6.050404e-04 3.560239e-01 -1.374313e-02 5.858315e-04 9.999054e-01 2.618112e+01
9.999819e-01 -7.082547e-05 6.019918e-03 -9.201819e+00 8.561868e-05 9.999970e-01 -2.457141e-03 3.789057e-01 -6.019726e-03 2.457611e-03 9.999789e-01 2.750383e+01
9.999672e-01 9.831658e-04 8.042852e-03 -9.546275e+00 -9.834900e-04 9.999995e-01 3.634126e-05 3.944050e-01 -8.042813e-03 -4.424943e-05 9.999677e-01 2.857683e+01
9.999111e-01 -5.668892e-04 1.332050e-02 -1.005202e+01 6.051336e-04 9.999957e-01 -2.867233e-03 4.184716e-01 -1.331882e-02 2.875039e-03 9.999072e-01 3.004742e+01
9.999852e-01 2.241682e-03 4.955191e-03 -1.049064e+01 -2.240117e-03 9.999974e-01 -3.213590e-04 4.404912e-01 -4.955899e-03 3.102547e-04 9.999877e-01 3.129523e+01
9.999574e-01 -1.451190e-03 9.117262e-03 -1.083582e+01 1.467739e-03 9.999973e-01 -1.808686e-03 4.546372e-01 -9.114612e-03 1.821990e-03 9.999568e-01 3.237791e+01
9.999776e-01 2.457167e-03 6.218674e-03 -1.121881e+01 -2.452019e-03 9.999966e-01 -8.353244e-04 4.731021e-01 -6.220705e-03 8.200581e-04 9.999803e-01 3.352340e+01
9.999957e-01 -2.436248e-03 1.610858e-03 -1.144056e+01 2.438222e-03 9.999963e-01 -1.224337e-03 4.804676e-01 -1.607869e-03 1.228258e-03 9.999980e-01 3.427206e+01
9.999761e-01 1.421020e-03 6.762766e-03 -1.168467e+01 -1.415932e-03 9.999987e-01 -7.571946e-04 4.884218e-01 -6.763833e-03 7.476016e-04 9.999768e-01 3.505907e+01
9.999778e-01 -1.489202e-03 6.488195e-03 -1.202498e+01 1.497473e-03 9.999981e-01 -1.270123e-03 5.017256e-01 -6.486291e-03 1.279810e-03 9.999781e-01 3.601573e+01
9.999994e-01 1.963581e-04 1.122373e-03 -1.224823e+01 -1.957183e-04 9.999998e-01 -5.702829e-04 5.088416e-01 -1.122484e-03 5.700636e-04 9.999992e-01 3.675722e+01
9.999799e-01 -1.525749e-03 6.146180e-03 -1.246389e+01 1.532947e-03 9.999981e-01 -1.166470e-03 5.153337e-01 -6.144390e-03 1.175868e-03 9.999804e-01 3.748068e+01
9.999997e-01 3.954787e-04 6.826935e-04 -1.267060e+01 -3.950453e-04 9.999997e-01 -6.350523e-04 5.213379e-01 -6.829441e-04 6.347831e-04 9.999996e-01 3.817575e+01
9.999826e-01 -1.257327e-03 5.768208e-03 -1.286644e+01 1.263140e-03 9.999987e-01 -1.004299e-03 5.265008e-01 -5.766939e-03 1.011566e-03 9.999829e-01 3.885165e+01
9.999997e-01 3.889921e-04 6.221275e-04 -1.306095e+01 -3.885662e-04 9.999997e-01 -6.848518e-04 5.314960e-01 -6.223934e-04 6.846106e-04 9.999996e-01 3.952011e+01
9.999826e-01 -1.246528e-03 5.759545e-03 -1.325835e+01 1.252178e-03 9.999987e-01 -9.773442e-04 5.366671e-01 -5.758320e-03 9.845385e-04 9.999829e-01 4.019102e+01
9.999999e-01 4.111124e-04 -2.549379e-04 -1.343450e+01 -4.112379e-04 9.999998e-01 -4.920089e-04 5.405015e-01 2.547359e-04 4.921143e-04 9.999998e-01 4.081462e+01
9.999905e-01 -1.095603e-03 4.225035e-03 -1.357684e+01 1.098505e-03 9.999992e-01 -6.846067e-04 5.419329e-01 -4.224282e-03 6.892407e-04 9.999908e-01 4.135754e+01
9.999996e-01 4.791801e-04 -8.002729e-04 -1.370809e+01 -4.794901e-04 9.999998e-01 -3.870355e-04 5.425324e-01 8.000876e-04 3.874197e-04 9.999996e-01 4.187555e+01
9.999949e-01 -1.542591e-03 2.810723e-03 -1.381813e+01 1.544426e-03 9.999986e-01 -6.506562e-04 5.416959e-01 -2.809716e-03 6.549931e-04 9.999958e-01 4.232395e+01
9.999996e-01 2.694679e-04 8.660460e-04 -1.396010e+01 -2.689649e-04 9.999998e-01 -5.811367e-04 5.431697e-01 -8.662021e-04 5.809042e-04 9.999995e-01 4.285668e+01
9.999641e-01 -2.969215e-04 8.464474e-03 -1.422430e+01 3.083164e-04 9.999990e-01 -1.344912e-03 5.528326e-01 -8.464067e-03 1.347472e-03 9.999633e-01 4.375614e+01
9.999968e-01 1.962302e-03 1.606949e-03 -1.450483e+01 -1.960567e-03 9.999975e-01 -1.080419e-03 5.641888e-01 -1.609065e-03 1.077265e-03 9.999981e-01 4.460192e+01
9.999835e-01 -2.087793e-03 5.350084e-03 -1.469309e+01 2.089419e-03 9.999978e-01 -2.981653e-04 5.683666e-01 -5.349449e-03 3.093383e-04 9.999856e-01 4.530711e+01
9.999971e-01 1.264727e-03 2.026304e-03 -1.491306e+01 -1.261014e-03 9.999975e-01 -1.832695e-03 5.756647e-01 -2.028616e-03 1.830135e-03 9.999963e-01 4.602387e+01
9.999949e-01 -2.023951e-03 2.470595e-03 -1.506607e+01 2.022532e-03 9.999978e-01 5.769345e-04 5.777660e-01 -2.471757e-03 -5.719354e-04 9.999968e-01 4.659638e+01
9.999942e-01 7.897509e-04 3.313917e-03 -1.524550e+01 -7.827137e-04 9.999974e-01 -2.124325e-03 5.818746e-01 -3.315586e-03 2.121720e-03 9.999923e-01 4.725553e+01
9.999862e-01 -2.030019e-03 4.841323e-03 -1.546874e+01 2.028886e-03 9.999979e-01 2.389615e-04 5.895651e-01 -4.841798e-03 -2.291364e-04 9.999883e-01 4.803714e+01
9.999998e-01 6.119543e-04 2.716296e-04 -1.565017e+01 -6.113733e-04 9.999975e-01 -2.134311e-03 5.947027e-01 -2.729347e-04 2.134146e-03 9.999977e-01 4.864624e+01
9.999959e-01 -3.818266e-04 2.843358e-03 -1.575812e+01 3.780807e-04 9.999991e-01 1.317904e-03 5.934091e-01 -2.843859e-03 -1.316824e-03 9.999951e-01 4.913753e+01
9.999981e-01 -5.946844e-04 1.861539e-03 -1.591438e+01 5.997915e-04 9.999961e-01 -2.744172e-03 5.962077e-01 -1.859899e-03 2.745284e-03 9.999945e-01 4.973290e+01
9.999944e-01 -9.900529e-04 3.186122e-03 -1.608136e+01 9.861888e-04 9.999988e-01 1.214210e-03 5.997054e-01 -3.187320e-03 -1.211061e-03 9.999942e-01 5.034883e+01
9.999982e-01 -3.703027e-04 1.852059e-03 -1.624585e+01 3.753462e-04 9.999962e-01 -2.723683e-03 6.032760e-01 -1.851043e-03 2.724374e-03 9.999946e-01 5.096333e+01
9.999961e-01 -7.865518e-04 -2.680047e-03 -1.632830e+01 7.916110e-04 9.999979e-01 1.887099e-03 6.009718e-01 2.678557e-03 -1.889214e-03 9.999946e-01 5.130592e+01
9.999961e-01 4.392625e-04 -2.767658e-03 -1.629556e+01 -4.437786e-04 9.999986e-01 -1.631301e-03 5.902163e-01 2.766938e-03 1.632524e-03 9.999948e-01 5.139573e+01
9.999954e-01 -1.046050e-03 -2.858242e-03 -1.626015e+01 1.051544e-03 9.999976e-01 1.921206e-03 5.794906e-01 2.856225e-03 -1.924204e-03 9.999941e-01 5.148378e+01
9.999764e-01 2.850427e-03 6.244879e-03 -1.634780e+01 -2.835651e-03 9.999932e-01 -2.373703e-03 5.765947e-01 -6.251603e-03 2.355939e-03 9.999777e-01 5.195311e+01
9.999899e-01 -4.248630e-03 -1.435598e-03 -1.652711e+01 4.249368e-03 9.999908e-01 5.117433e-04 5.810838e-01 1.433411e-03 -5.178393e-04 9.999988e-01 5.254757e+01
9.999887e-01 8.780779e-04 -4.676243e-03 -1.655031e+01 -8.805640e-04 9.999995e-01 -5.295734e-04 5.754618e-01 4.675776e-03 5.336858e-04 9.999889e-01 5.277626e+01
9.999933e-01 -1.464012e-04 3.646374e-03 -1.656547e+01 1.450126e-04 9.999999e-01 3.811170e-04 5.677496e-01 -3.646429e-03 -3.805864e-04 9.999933e-01 5.304396e+01
9.999828e-01 9.796098e-04 -5.776160e-03 -1.657716e+01 -9.832475e-04 9.999993e-01 -6.269293e-04 5.604656e-01 5.775542e-03 6.325986e-04 9.999831e-01 5.325485e+01
9.999907e-01 -2.668817e-04 4.294233e-03 -1.661153e+01 2.651442e-04 9.999999e-01 4.052022e-04 5.533297e-01 -4.294341e-03 -4.040606e-04 9.999907e-01 5.348637e+01
9.999913e-01 5.357067e-04 -4.144408e-03 -1.669363e+01 -5.412973e-04 9.999989e-01 -1.347905e-03 5.503512e-01 4.143681e-03 1.350137e-03 9.999905e-01 5.382123e+01
9.999917e-01 -5.692929e-04 4.036725e-03 -1.677309e+01 5.668509e-04 9.999997e-01 6.061011e-04 5.468834e-01 -4.037068e-03 -6.038085e-04 9.999917e-01 5.413938e+01
9.999823e-01 1.227728e-03 -5.827621e-03 -1.681487e+01 -1.233321e-03 9.999988e-01 -9.561002e-04 5.406207e-01 5.826440e-03 9.632713e-04 9.999826e-01 5.436637e+01
9.999957e-01 -5.952536e-04 2.880279e-03 -1.683037e+01 5.928546e-04 9.999995e-01 8.337302e-04 5.325576e-01 -2.880774e-03 -8.320197e-04 9.999955e-01 5.453784e+01
9.999781e-01 1.346906e-03 -6.477220e-03 -1.682697e+01 -1.352477e-03 9.999987e-01 -8.558389e-04 5.234968e-01 6.476060e-03 8.645812e-04 9.999787e-01 5.467642e+01
9.999937e-01 -6.766757e-04 3.482735e-03 -1.683730e+01 6.741738e-04 9.999995e-01 7.195423e-04 5.151376e-01 -3.483220e-03 -7.171904e-04 9.999937e-01 5.484374e+01
9.999802e-01 1.364567e-03 -6.148028e-03 -1.685491e+01 -1.369975e-03 9.999987e-01 -8.754758e-04 5.073009e-01 6.146825e-03 8.838818e-04 9.999807e-01 5.502907e+01
9.999861e-01 -5.749748e-04 5.241109e-03 -1.690107e+01 5.723952e-04 9.999997e-01 4.937106e-04 5.011590e-01 -5.241392e-03 -4.907044e-04 9.999861e-01 5.529180e+01
9.999855e-01 1.104900e-03 -5.276814e-03 -1.697736e+01 -1.111229e-03 9.999987e-01 -1.196469e-03 4.973400e-01 5.275486e-03 1.202316e-03 9.999854e-01 5.560829e+01
9.999846e-01 -6.788908e-04 5.509755e-03 -1.705631e+01 6.760524e-04 9.999996e-01 5.170425e-04 4.939241e-01 -5.510104e-03 -5.133104e-04 9.999847e-01 5.594670e+01
9.999866e-01 8.791861e-04 -5.111411e-03 -1.713753e+01 -8.864972e-04 9.999986e-01 -1.428228e-03 4.906405e-01 5.110148e-03 1.432741e-03 9.999859e-01 5.628560e+01
9.999829e-01 -5.765850e-04 5.812689e-03 -1.722427e+01 5.722822e-04 9.999996e-01 7.418908e-04 4.875901e-01 -5.813115e-03 -7.385523e-04 9.999828e-01 5.665376e+01
9.999716e-01 1.242664e-03 -7.428155e-03 -1.726533e+01 -1.250496e-03 9.999987e-01 -1.049839e-03 4.815222e-01 7.426841e-03 1.059099e-03 9.999719e-01 5.689096e+01
9.999901e-01 -3.091315e-03 -3.188103e-03 -1.709752e+01 3.086390e-03 9.999940e-01 -1.548575e-03 4.682717e-01 3.192871e-03 1.538719e-03 9.999937e-01 5.685301e+01
9.999928e-01 8.606265e-04 -3.708070e-03 -1.693084e+01 -8.526467e-04 9.999973e-01 2.153071e-03 4.551870e-01 3.709913e-03 -2.149893e-03 9.999908e-01 5.684377e+01
9.999980e-01 -1.785227e-04 1.968856e-03 -1.696350e+01 1.833747e-04 9.999969e-01 -2.464394e-03 4.482328e-01 -1.968410e-03 2.464750e-03 9.999950e-01 5.707012e+01
9.999966e-01 2.887561e-04 -2.600265e-03 -1.703010e+01 -2.842032e-04 9.999984e-01 1.751200e-03 4.439694e-01 2.600767e-03 -1.750455e-03 9.999951e-01 5.736982e+01
9.999926e-01 -8.109320e-04 3.768841e-03 -1.713389e+01 8.210064e-04 9.999961e-01 -2.672265e-03 4.429443e-01 -3.766660e-03 2.675339e-03 9.999893e-01 5.780160e+01
9.999520e-01 2.109666e-03 9.565244e-03 -1.747936e+01 -2.115711e-03 9.999976e-01 6.218710e-04 4.530315e-01 -9.563909e-03 -6.420778e-04 9.999541e-01 5.868260e+01
9.999443e-01 -2.181401e-03 1.032680e-02 -1.801690e+01 2.211830e-03 9.999932e-01 -2.936125e-03 4.750946e-01 -1.032032e-02 2.958801e-03 9.999424e-01 5.993816e+01
9.999852e-01 2.535490e-03 4.818808e-03 -1.846322e+01 -2.539713e-03 9.999964e-01 8.702190e-04 4.928516e-01 -4.816584e-03 -8.824438e-04 9.999880e-01 6.102286e+01
9.999734e-01 -2.032913e-03 7.007186e-03 -1.881805e+01 2.051909e-03 9.999942e-01 -2.704785e-03 5.043894e-01 -7.001648e-03 2.719091e-03 9.999718e-01 6.190733e+01
9.998468e-01 1.800928e-03 1.741344e-02 -1.944180e+01 -1.803283e-03 9.999984e-01 1.195426e-04 5.305264e-01 -1.741320e-02 -1.509250e-04 9.998484e-01 6.332426e+01
9.999714e-01 -4.679584e-04 -7.543251e-03 -1.971438e+01 4.558258e-04 9.999986e-01 -1.610056e-03 5.384645e-01 7.543993e-03 1.606571e-03 9.999703e-01 6.409324e+01
9.999431e-01 9.406872e-04 1.062868e-02 -1.986006e+01 -9.500785e-04 9.999992e-01 8.785530e-04 5.370792e-01 -1.062784e-02 -8.886004e-04 9.999431e-01 6.452567e+01
9.999198e-01 5.889220e-04 -1.265356e-02 -1.986522e+01 -6.005107e-04 9.999994e-01 -9.120816e-04 5.287794e-01 1.265301e-02 9.196063e-04 9.999195e-01 6.470913e+01
9.999911e-01 -2.985653e-03 2.977193e-03 -1.968754e+01 2.979720e-03 9.999936e-01 1.995213e-03 5.153258e-01 -2.983131e-03 -1.986323e-03 9.999936e-01 6.476682e+01
9.999487e-01 2.133610e-03 -9.896954e-03 -1.959118e+01 -2.145381e-03 9.999970e-01 -1.178910e-03 5.035404e-01 9.894408e-03 1.200082e-03 9.999503e-01 6.485244e+01
9.999765e-01 -1.343655e-03 6.726230e-03 -1.958551e+01 1.336466e-03 9.999985e-01 1.073192e-03 4.942601e-01 -6.727662e-03 -1.064177e-03 9.999768e-01 6.501464e+01
9.999363e-01 1.215954e-03 -1.122363e-02 -1.958048e+01 -1.227891e-03 9.999987e-01 -1.056770e-03 4.855000e-01 1.122233e-02 1.070484e-03 9.999365e-01 6.516145e+01
9.999845e-01 -5.210958e-03 1.982061e-03 -1.950345e+01 5.207331e-03 9.999848e-01 1.830849e-03 4.736812e-01 -1.991571e-03 -1.820499e-03 9.999964e-01 6.521346e+01
9.999655e-01 6.113674e-03 -5.614554e-03 -1.948680e+01 -6.123848e-03 9.999796e-01 -1.796786e-03 4.638635e-01 5.603455e-03 1.831107e-03 9.999826e-01 6.534861e+01
9.999491e-01 -9.587780e-03 -3.133756e-03 -1.943979e+01 9.595671e-03 9.999508e-01 2.512886e-03 4.528899e-01 3.109509e-03 -2.542828e-03 9.999919e-01 6.542200e+01
9.999573e-01 8.703298e-03 -3.111386e-03 -1.938233e+01 -8.709845e-03 9.999599e-01 -2.096922e-03 4.412602e-01 3.093011e-03 2.123931e-03 9.999930e-01 6.548559e+01
9.999582e-01 -8.888630e-03 -2.134476e-03 -1.934073e+01 8.893706e-03 9.999576e-01 2.380577e-03 4.302803e-01 2.113226e-03 -2.399460e-03 9.999949e-01 6.557427e+01
9.999500e-01 9.591606e-03 -2.828668e-03 -1.929650e+01 -9.598552e-03 9.999509e-01 -2.452577e-03 4.191244e-01 2.805004e-03 2.479605e-03 9.999930e-01 6.565429e+01
9.999329e-01 -1.085743e-02 -4.033863e-03 -1.922362e+01 1.086883e-02 9.999370e-01 2.814839e-03 4.074385e-01 4.003047e-03 -2.858493e-03 9.999879e-01 6.570098e+01
9.999370e-01 1.009595e-02 -4.909544e-03 -1.906873e+01 -1.011346e-02 9.999425e-01 -3.554336e-03 3.944642e-01 4.873377e-03 3.603764e-03 9.999816e-01 6.567364e+01
9.999527e-01 -9.722552e-03 2.667157e-04 -1.899541e+01 9.721524e-03 9.999462e-01 3.617312e-03 3.828500e-01 -3.018706e-04 -3.614548e-03 9.999934e-01 6.573936e+01
9.999320e-01 8.696000e-03 -7.774508e-03 -1.892428e+01 -8.724258e-03 9.999554e-01 -3.608237e-03 3.719038e-01 7.742784e-03 3.675818e-03 9.999633e-01 6.580713e+01
9.999742e-01 -7.163728e-03 -4.930978e-04 -1.869035e+01 7.165236e-03 9.999694e-01 3.127474e-03 3.583873e-01 4.706787e-04 -3.130926e-03 9.999950e-01 6.573002e+01
9.999546e-01 7.121078e-03 -6.324150e-03 -1.850019e+01 -7.145448e-03 9.999671e-01 -3.839226e-03 3.453241e-01 6.296602e-03 3.884240e-03 9.999726e-01 6.568154e+01
9.999712e-01 -7.247791e-03 -2.261985e-03 -1.831758e+01 7.255172e-03 9.999683e-01 3.271923e-03 3.323690e-01 2.238199e-03 -3.288240e-03 9.999921e-01 6.563409e+01
9.999655e-01 6.498642e-03 -5.174384e-03 -1.814430e+01 -6.514656e-03 9.999740e-01 -3.084150e-03 3.195585e-01 5.154206e-03 3.117752e-03 9.999819e-01 6.559673e+01
9.999678e-01 -7.328385e-03 -3.260066e-03 -1.797985e+01 7.340632e-03 9.999660e-01 3.760562e-03 3.066120e-01 3.232396e-03 -3.784371e-03 9.999876e-01 6.556620e+01
9.999171e-01 7.788094e-03 -1.025750e-02 -1.768454e+01 -7.844664e-03 9.999542e-01 -5.486339e-03 2.916042e-01 1.021430e-02 5.566349e-03 9.999323e-01 6.545297e+01
9.999513e-01 -9.858590e-03 -3.409989e-04 -1.740215e+01 9.860758e-03 9.999263e-01 7.079559e-03 2.770431e-01 2.711797e-04 -7.082577e-03 9.999749e-01 6.535978e+01
9.999303e-01 1.125440e-02 -3.576816e-03 -1.734450e+01 -1.127968e-02 9.999110e-01 -7.129295e-03 2.654591e-01 3.496261e-03 7.169142e-03 9.999682e-01 6.543399e+01
9.999427e-01 -1.067080e-02 8.199733e-04 -1.735040e+01 1.066474e-02 9.999181e-01 7.070825e-03 2.564396e-01 -8.953573e-04 -7.061674e-03 9.999747e-01 6.561419e+01
9.999322e-01 1.126373e-02 -2.956215e-03 -1.737749e+01 -1.128492e-02 9.999100e-01 -7.254821e-03 2.492314e-01 2.874232e-03 7.287689e-03 9.999693e-01 6.583284e+01
9.999362e-01 -1.117121e-02 -1.681768e-03 -1.735680e+01 1.118326e-02 9.999106e-01 7.334235e-03 2.395638e-01 1.599685e-03 -7.352574e-03 9.999717e-01 6.595340e+01
9.999256e-01 1.203966e-02 -1.949211e-03 -1.734018e+01 -1.205358e-02 9.999008e-01 -7.293706e-03 2.295848e-01 1.861203e-03 7.316658e-03 9.999715e-01 6.609303e+01
9.998707e-01 -1.491832e-02 -6.008931e-03 -1.731359e+01 1.496513e-02 9.998574e-01 7.823035e-03 2.198727e-01 5.891368e-03 -7.911947e-03 9.999513e-01 6.620082e+01
9.998985e-01 1.424725e-02 7.434122e-05 -1.721670e+01 -1.424625e-02 9.998686e-01 -7.728594e-03 2.076806e-01 -1.844430e-04 7.726749e-03 9.999701e-01 6.623572e+01
9.998901e-01 -1.404200e-02 -4.759486e-03 -1.715740e+01 1.407832e-02 9.998714e-01 7.686010e-03 1.962816e-01 4.650948e-03 -7.752170e-03 9.999591e-01 6.630879e+01
9.999115e-01 1.324203e-02 -1.308800e-03 -1.708522e+01 -1.325139e-02 9.998846e-01 -7.424183e-03 1.847327e-01 1.210338e-03 7.440868e-03 9.999716e-01 6.636738e+01
9.999295e-01 -1.174890e-02 1.696653e-03 -1.715674e+01 1.173654e-02 9.999058e-01 7.118652e-03 1.816840e-01 -1.780129e-03 -7.098237e-03 9.999732e-01 6.680184e+01
9.999156e-01 1.298590e-02 -3.181784e-04 -1.721989e+01 -1.298816e-02 9.998783e-01 -8.647961e-03 1.807372e-01 2.058378e-04 8.651363e-03 9.999626e-01 6.718792e+01
9.999203e-01 -1.216900e-02 -3.374930e-03 -1.720705e+01 1.219708e-02 9.998901e-01 8.427497e-03 1.711696e-01 3.272005e-03 -8.467988e-03 9.999588e-01 6.732781e+01
9.999162e-01 1.294422e-02 -2.137873e-04 -1.719462e+01 -1.294557e-02 9.998802e-01 -8.480576e-03 1.616177e-01 1.039869e-04 8.482633e-03 9.999640e-01 6.746780e+01
9.999199e-01 -1.212524e-02 -3.626634e-03 -1.716928e+01 1.215545e-02 9.998906e-01 8.429354e-03 1.513986e-01 3.524030e-03 -8.472761e-03 9.999579e-01 6.759486e+01
9.999176e-01 1.280809e-02 8.548795e-04 -1.717900e+01 -1.280023e-02 9.998807e-01 -8.647372e-03 1.431874e-01 -9.655341e-04 8.635716e-03 9.999622e-01 6.779230e+01
9.999200e-01 -1.211137e-02 -3.635469e-03 -1.718584e+01 1.214162e-02 9.998909e-01 8.417306e-03 1.348942e-01 3.533128e-03 -8.460772e-03 9.999580e-01 6.798087e+01
9.999271e-01 1.177747e-02 -2.664306e-03 -1.709175e+01 -1.179907e-02 9.998964e-01 -8.244305e-03 1.230552e-01 2.566933e-03 8.275140e-03 9.999625e-01 6.801543e+01
9.999327e-01 -1.153059e-02 -1.296083e-03 -1.704713e+01 1.154101e-02 9.998986e-01 8.345029e-03 1.122442e-01 1.199729e-03 -8.359424e-03 9.999643e-01 6.810189e+01
9.999227e-01 1.155855e-02 -4.591753e-03 -1.699700e+01 -1.160253e-02 9.998859e-01 -9.669960e-03 1.015286e-01 4.479458e-03 9.722487e-03 9.999427e-01 6.815949e+01
9.999186e-01 -1.187639e-02 -4.668146e-03 -1.677451e+01 1.191393e-02 9.998962e-01 8.097980e-03 8.748518e-02 4.571487e-03 -8.152935e-03 9.999563e-01 6.808383e+01
9.999274e-01 1.024096e-02 -6.352722e-03 -1.652555e+01 -1.029237e-02 9.999141e-01 -8.112985e-03 7.295948e-02 6.269092e-03 8.177780e-03 9.999469e-01 6.799363e+01
9.999087e-01 -1.260934e-02 -4.852420e-03 -1.627425e+01 1.265149e-02 9.998816e-01 8.755389e-03 5.850269e-02 4.741446e-03 -8.815979e-03 9.999499e-01 6.790005e+01
9.999339e-01 1.071354e-02 -4.164070e-03 -1.608708e+01 -1.074667e-02 9.999101e-01 -8.016357e-03 4.495915e-02 4.077812e-03 8.060576e-03 9.999592e-01 6.784877e+01
9.999225e-01 -1.158869e-02 -4.555350e-03 -1.593741e+01 1.162142e-02 9.999064e-01 7.225208e-03 3.194331e-02 4.471193e-03 -7.277587e-03 9.999635e-01 6.783095e+01
9.999191e-01 1.259642e-02 1.767721e-03 -1.592809e+01 -1.258349e-02 9.998953e-01 -7.144994e-03 2.221175e-02 -1.857538e-03 7.122171e-03 9.999729e-01 6.798680e+01
9.998707e-01 -1.427297e-02 -7.401392e-03 -1.593764e+01 1.432752e-02 9.998702e-01 7.370011e-03 1.426334e-02 7.295239e-03 -7.475101e-03 9.999454e-01 6.814906e+01
9.999269e-01 1.076573e-02 -5.509379e-03 -1.567903e+01 -1.081775e-02 9.998964e-01 -9.500291e-03 -7.664007e-04 5.406530e-03 9.559194e-03 9.999397e-01 6.806314e+01
9.999409e-01 -1.076425e-02 -1.497143e-03 -1.546719e+01 1.077909e-02 9.998890e-01 1.028551e-02 -1.452636e-02 1.386261e-03 -1.030104e-02 9.999460e-01 6.802891e+01
9.999255e-01 9.557667e-03 -7.597220e-03 -1.532721e+01 -9.643300e-03 9.998895e-01 -1.131603e-02 -2.726510e-02 7.488225e-03 1.138845e-02 9.999071e-01 6.801105e+01
9.999650e-01 -8.032654e-03 -2.342528e-03 -1.510976e+01 8.057418e-03 9.999096e-01 1.076113e-02 -4.129410e-02 2.255876e-03 -1.077963e-02 9.999394e-01 6.793964e+01
9.999346e-01 9.568856e-03 -6.262513e-03 -1.488277e+01 -9.637445e-03 9.998929e-01 -1.101546e-02 -5.516763e-02 6.156437e-03 1.107510e-02 9.999197e-01 6.786401e+01
9.999409e-01 -1.055396e-02 -2.614270e-03 -1.468827e+01 1.058406e-02 9.998746e-01 1.178287e-02 -6.880588e-02 2.489587e-03 -1.180984e-02 9.999272e-01 6.780591e+01
9.999307e-01 9.453857e-03 -7.014828e-03 -1.450614e+01 -9.536255e-03 9.998848e-01 -1.180722e-02 -8.231475e-02 6.902396e-03 1.187329e-02 9.999057e-01 6.775400e+01
9.999402e-01 -1.090832e-02 7.479142e-04 -1.440304e+01 1.089852e-02 9.998680e-01 1.205188e-02 -9.463387e-02 -8.792808e-04 -1.204301e-02 9.999271e-01 6.777377e+01
9.999212e-01 9.335972e-03 -8.394258e-03 -1.428572e+01 -9.437140e-03 9.998823e-01 -1.209440e-02 -1.069965e-01 8.280357e-03 1.217266e-02 9.998916e-01 6.777563e+01
9.999510e-01 -9.875006e-03 -6.838545e-04 -1.411291e+01 9.882427e-03 9.998808e-01 1.186490e-02 -1.202892e-01 5.666074e-04 -1.187107e-02 9.999294e-01 6.773317e+01
9.999480e-01 9.566467e-03 -3.538610e-03 -1.404588e+01 -9.607751e-03 9.998837e-01 -1.183967e-02 -1.312116e-01 3.424935e-03 1.187305e-02 9.999236e-01 6.782524e+01
9.999641e-01 -8.474405e-03 -1.816925e-04 -1.401187e+01 8.475962e-03 9.998941e-01 1.183182e-02 -1.412969e-01 8.140594e-05 -1.183294e-02 9.999300e-01 6.799263e+01
9.999498e-01 4.853780e-03 -8.766665e-03 -1.393481e+01 -4.951086e-03 9.999260e-01 -1.111208e-02 -1.526371e-01 8.712081e-03 1.115492e-02 9.998998e-01 6.805209e+01
9.999845e-01 -5.575337e-03 -8.926077e-05 -1.370831e+01 5.575957e-03 9.999325e-01 1.019386e-02 -1.663509e-01 3.242087e-05 -1.019420e-02 9.999480e-01 6.797725e+01
9.999719e-01 3.638643e-03 -6.559289e-03 -1.353913e+01 -3.701274e-03 9.999474e-01 -9.561821e-03 -1.792807e-01 6.524151e-03 9.585829e-03 9.999328e-01 6.794986e+01
9.999888e-01 -4.724913e-03 -1.944172e-04 -1.340865e+01 4.726594e-03 9.999407e-01 9.816041e-03 -1.919886e-01 1.480260e-04 -9.816850e-03 9.999518e-01 6.795131e+01
9.998769e-01 6.247151e-03 -1.439245e-02 -1.300530e+01 -6.441509e-03 9.998882e-01 -1.349757e-02 -2.077664e-01 1.430651e-02 1.358861e-02 9.998053e-01 6.777612e+01
9.999053e-01 -1.376115e-02 -2.489433e-04 -1.254375e+01 1.376338e-02 9.997715e-01 1.635697e-02 -2.242455e-01 2.379604e-05 -1.635885e-02 9.998662e-01 6.758259e+01
9.997805e-01 1.037678e-02 -1.820030e-02 -1.212331e+01 -1.066212e-02 9.998207e-01 -1.565127e-02 -2.407311e-01 1.803462e-02 1.584189e-02 9.997119e-01 6.740304e+01
9.998792e-01 -1.422959e-02 6.254780e-03 -1.182674e+01 1.412089e-02 9.997542e-01 1.709229e-02 -2.555844e-01 -6.496459e-03 -1.700190e-02 9.998344e-01 6.728996e+01
9.997844e-01 1.366945e-02 -1.563032e-02 -1.164045e+01 -1.393490e-02 9.997583e-01 -1.700221e-02 -2.691929e-01 1.539413e-02 1.721635e-02 9.997333e-01 6.723753e+01
9.998478e-01 -1.401599e-02 1.039261e-02 -1.156032e+01 1.383495e-02 9.997548e-01 1.729200e-02 -2.811599e-01 -1.063242e-02 -1.714558e-02 9.997965e-01 6.728923e+01
9.997250e-01 1.061033e-02 -2.091371e-02 -1.143889e+01 -1.097047e-02 9.997922e-01 -1.718126e-02 -2.935199e-01 2.072706e-02 1.740597e-02 9.996336e-01 6.729736e+01
9.998087e-01 -1.009769e-02 1.674936e-02 -1.135073e+01 9.795218e-03 9.997892e-01 1.804341e-02 -3.049682e-01 -1.692802e-02 -1.787589e-02 9.996969e-01 6.741797e+01
9.997682e-01 1.070309e-02 -1.868034e-02 -1.134069e+01 -1.105042e-02 9.997661e-01 -1.858995e-02 -3.112982e-01 1.847700e-02 1.879206e-02 9.996527e-01 6.762444e+01
9.998645e-01 -1.318940e-02 9.849408e-03 -1.127443e+01 1.299994e-02 9.997339e-01 1.905806e-02 -3.224044e-01 -1.009815e-02 -1.892744e-02 9.997699e-01 6.769319e+01
9.997141e-01 1.153708e-02 -2.094148e-02 -1.100988e+01 -1.192789e-02 9.997552e-01 -1.863383e-02 -3.371702e-01 2.072137e-02 1.887829e-02 9.996070e-01 6.760100e+01
9.998079e-01 -1.406400e-02 1.365424e-02 -1.085410e+01 1.379915e-02 9.997185e-01 1.930171e-02 -3.501172e-01 -1.392186e-02 -1.910959e-02 9.997205e-01 6.759142e+01
9.997293e-01 1.437164e-02 -1.829861e-02 -1.077952e+01 -1.472074e-02 9.997094e-01 -1.908820e-02 -3.616960e-01 1.801896e-02 1.935240e-02 9.996503e-01 6.764741e+01
9.998498e-01 -1.501989e-02 8.641963e-03 -1.059604e+01 1.486758e-02 9.997376e-01 1.742615e-02 -3.753295e-01 -8.901434e-03 -1.729505e-02 9.998108e-01 6.760848e+01
9.997777e-01 1.310602e-02 -1.651759e-02 -1.039482e+01 -1.337865e-02 9.997743e-01 -1.650474e-02 -3.889948e-01 1.629755e-02 1.672205e-02 9.997273e-01 6.755894e+01
9.998628e-01 -1.345782e-02 9.658930e-03 -1.027797e+01 1.329302e-02 9.997683e-01 1.692808e-02 -4.013118e-01 -9.884507e-03 -1.679736e-02 9.998101e-01 6.757617e+01
9.996926e-01 5.692693e-03 -2.413007e-02 -1.004926e+01 -6.179392e-03 9.997780e-01 -2.014347e-02 -4.156425e-01 2.401005e-02 2.028639e-02 9.995059e-01 6.750623e+01
9.998000e-01 -6.386212e-03 1.895340e-02 -9.900201e+00 5.985335e-03 9.997588e-01 2.113256e-02 -4.286972e-01 -1.908378e-02 -2.101489e-02 9.995970e-01 6.753837e+01
9.997633e-01 6.575253e-03 -2.073695e-02 -9.939422e+00 -7.018251e-03 9.997472e-01 -2.136283e-02 -4.352130e-01 2.059124e-02 2.150331e-02 9.995567e-01 6.777346e+01
9.998380e-01 -7.166478e-03 1.651018e-02 -9.953324e+00 6.811365e-03 9.997464e-01 2.146544e-02 -4.431337e-01 -1.665982e-02 -2.134951e-02 9.996333e-01 6.792723e+01
9.996526e-01 6.314670e-03 -2.558759e-02 -9.793719e+00 -6.894198e-03 9.997203e-01 -2.262420e-02 -4.563511e-01 2.543757e-02 2.279275e-02 9.994165e-01 6.789541e+01
9.997802e-01 -6.641112e-03 1.988410e-02 -9.657790e+00 6.181374e-03 9.997142e-01 2.309375e-02 -4.694965e-01 -2.003178e-02 -2.296577e-02 9.995355e-01 6.790044e+01
9.997119e-01 6.769299e-03 -2.302701e-02 -9.657454e+00 -7.299707e-03 9.997082e-01 -2.302863e-02 -4.785652e-01 2.286441e-02 2.319008e-02 9.994696e-01 6.807431e+01
9.997522e-01 -6.601355e-03 2.126012e-02 -9.695964e+00 6.114030e-03 9.997189e-01 2.290601e-02 -4.846135e-01 -2.140536e-02 -2.277035e-02 9.995115e-01 6.832269e+01
9.997252e-01 6.769221e-03 -2.244269e-02 -9.752339e+00 -7.289961e-03 9.997042e-01 -2.320307e-02 -4.896443e-01 2.227899e-02 2.336030e-02 9.994788e-01 6.860558e+01
9.997559e-01 -6.786072e-03 2.102712e-02 -9.808902e+00 6.302496e-03 9.997161e-01 2.297929e-02 -4.948419e-01 -2.117709e-02 -2.284115e-02 9.995148e-01 6.887170e+01
9.996852e-01 6.928061e-03 -2.411283e-02 -9.825644e+00 -7.483696e-03 9.997068e-01 -2.302971e-02 -5.021976e-01 2.394621e-02 2.320291e-02 9.994439e-01 6.906222e+01
9.998044e-01 -8.883704e-03 1.767150e-02 -9.792810e+00 8.467021e-03 9.996876e-01 2.351605e-02 -5.125415e-01 -1.787489e-02 -2.336183e-02 9.995673e-01 6.916668e+01
9.996060e-01 8.888589e-03 -2.662315e-02 -9.646439e+00 -9.508528e-03 9.996845e-01 -2.325032e-02 -5.256459e-01 2.640809e-02 2.349431e-02 9.993751e-01 6.915621e+01
9.997260e-01 -9.097933e-03 2.156764e-02 -9.522769e+00 8.602099e-03 9.996991e-01 2.297211e-02 -5.379479e-01 -2.177015e-02 -2.278029e-02 9.995034e-01 6.920888e+01
9.995272e-01 5.321442e-03 -3.028343e-02 -9.391379e+00 -6.012307e-03 9.997227e-01 -2.276815e-02 -5.504201e-01 3.015388e-02 2.293946e-02 9.992820e-01 6.924655e+01
9.996839e-01 -7.007250e-03 2.414572e-02 -9.263956e+00 6.443703e-03 9.997068e-01 2.333870e-02 -5.628404e-01 -2.430218e-02 -2.317573e-02 9.994360e-01 6.925479e+01
9.995565e-01 6.504582e-03 -2.905968e-02 -9.203913e+00 -7.187586e-03 9.996989e-01 -2.346120e-02 -5.741612e-01 2.889832e-02 2.365966e-02 9.993023e-01 6.934625e+01
9.996192e-01 -6.637961e-03 2.678357e-02 -9.223153e+00 6.009469e-03 9.997063e-01 2.347824e-02 -5.818851e-01 -2.693155e-02 -2.330834e-02 9.993655e-01 6.956319e+01
9.995168e-01 6.724727e-03 -3.034543e-02 -9.221527e+00 -7.431016e-03 9.997027e-01 -2.322254e-02 -5.902855e-01 3.018024e-02 2.343682e-02 9.992697e-01 6.971841e+01
9.995875e-01 -6.610747e-03 2.794731e-02 -9.236968e+00 5.961464e-03 9.997119e-01 2.325220e-02 -5.984957e-01 -2.809297e-02 -2.307601e-02 9.993389e-01 6.993466e+01
9.991858e-01 -9.967963e-04 -4.033187e-02 -9.203654e+00 1.156395e-04 9.997614e-01 -2.184409e-02 -6.075986e-01 4.034402e-02 2.182164e-02 9.989475e-01 7.005309e+01
9.991822e-01 8.391673e-04 4.042536e-02 -9.239036e+00 -1.707721e-03 9.997683e-01 2.145562e-02 -6.131579e-01 -4.039799e-02 -2.150711e-02 9.989522e-01 7.043837e+01
9.993409e-01 -4.430258e-04 -3.629809e-02 -9.370936e+00 -3.911860e-04 9.997360e-01 -2.297192e-02 -6.116456e-01 3.629869e-02 2.297098e-02 9.990769e-01 7.098086e+01
9.993581e-01 4.731085e-04 3.582153e-02 -9.426284e+00 -1.281314e-03 9.997451e-01 2.254242e-02 -6.164077e-01 -3.580174e-02 -2.257384e-02 9.991039e-01 7.126456e+01
9.992575e-01 -4.070055e-04 -3.852627e-02 -9.427284e+00 -4.639208e-04 9.997446e-01 -2.259439e-02 -6.244092e-01 3.852563e-02 2.259549e-02 9.990021e-01 7.148488e+01
9.993285e-01 4.025941e-04 3.663761e-02 -9.431779e+00 -1.225136e-03 9.997476e-01 2.243109e-02 -6.321195e-01 -3.661933e-02 -2.246091e-02 9.990768e-01 7.168550e+01
9.993529e-01 6.005050e-05 -3.596850e-02 -9.514334e+00 -8.866341e-04 9.997359e-01 -2.296525e-02 -6.344374e-01 3.595762e-02 2.298228e-02 9.990890e-01 7.213027e+01
9.992786e-01 5.826633e-04 3.797275e-02 -9.601790e+00 -1.408156e-03 9.997632e-01 2.171596e-02 -6.351479e-01 -3.795110e-02 -2.175377e-02 9.990428e-01 7.255610e+01
9.991378e-01 -7.042693e-04 -4.151134e-02 -9.589572e+00 -2.005651e-04 9.997626e-01 -2.178909e-02 -6.447241e-01 4.151682e-02 2.177863e-02 9.989004e-01 7.269653e+01
9.993324e-01 -4.660913e-04 3.653054e-02 -9.545391e+00 -3.338124e-04 9.997604e-01 2.188770e-02 -6.555973e-01 -3.653198e-02 -2.188528e-02 9.990928e-01 7.278967e+01
9.990462e-01 -1.574140e-03 -4.363796e-02 -9.450796e+00 6.292434e-04 9.997652e-01 -2.165838e-02 -6.677214e-01 4.366181e-02 2.161026e-02 9.988126e-01 7.282418e+01
9.993415e-01 -9.912231e-04 3.627063e-02 -9.291806e+00 1.921661e-04 9.997574e-01 2.202728e-02 -6.808571e-01 -3.628366e-02 -2.200580e-02 9.990992e-01 7.280198e+01
9.990372e-01 -2.282005e-03 -4.381198e-02 -9.150801e+00 1.338371e-03 9.997668e-01 -2.155552e-02 -6.937398e-01 4.385095e-02 2.147613e-02 9.988072e-01 7.279991e+01
9.993197e-01 3.789965e-04 3.687827e-02 -9.004264e+00 -1.189661e-03 9.997581e-01 2.196271e-02 -7.065812e-01 -3.686102e-02 -2.199164e-02 9.990784e-01 7.279417e+01
9.991709e-01 -4.481028e-04 -4.070999e-02 -8.985589e+00 -4.477103e-04 9.997580e-01 -2.199296e-02 -7.164502e-01 4.071000e-02 2.199296e-02 9.989289e-01 7.291651e+01
9.994985e-01 -3.206392e-03 3.150189e-02 -8.832218e+00 2.563052e-03 9.997878e-01 2.044147e-02 -7.296373e-01 -3.156075e-02 -2.035048e-02 9.992946e-01 7.289558e+01
9.991555e-01 3.509404e-03 -4.093798e-02 -8.625751e+00 -4.291387e-03 9.998097e-01 -1.902945e-02 -7.433602e-01 4.086340e-02 1.918906e-02 9.989805e-01 7.284695e+01
9.994189e-01 -5.470857e-03 3.364334e-02 -8.452765e+00 4.809264e-03 9.997941e-01 1.971449e-02 -7.566744e-01 -3.374427e-02 -1.954123e-02 9.992394e-01 7.282187e+01
9.992267e-01 3.848531e-03 -3.912974e-02 -8.408348e+00 -4.607561e-03 9.998026e-01 -1.932612e-02 -7.675603e-01 3.904763e-02 1.949147e-02 9.990472e-01 7.293418e+01
9.994608e-01 -6.201336e-03 3.224515e-02 -8.373653e+00 5.569307e-03 9.997913e-01 1.965377e-02 -7.776449e-01 -3.236030e-02 -1.946359e-02 9.992867e-01 7.305169e+01
9.990307e-01 1.037165e-03 -4.400608e-02 -8.185219e+00 -1.797806e-03 9.998496e-01 -1.724885e-02 -7.916549e-01 4.398158e-02 1.731124e-02 9.988823e-01 7.303031e+01
9.995256e-01 -8.543791e-03 2.958976e-02 -7.905279e+00 7.949821e-03 9.997657e-01 2.013332e-02 -8.072600e-01 -2.975484e-02 -1.988853e-02 9.993593e-01 7.293294e+01
9.989902e-01 -1.681573e-03 -4.489779e-02 -7.571511e+00 8.627370e-04 9.998331e-01 -1.825094e-02 -8.237710e-01 4.492098e-02 1.819377e-02 9.988249e-01 7.279879e+01
9.993183e-01 -2.045393e-03 3.686035e-02 -7.359266e+00 1.354859e-03 9.998233e-01 1.874903e-02 -8.377424e-01 -3.689218e-02 -1.868631e-02 9.991445e-01 7.274518e+01
9.990045e-01 6.195463e-04 -4.460431e-02 -7.201304e+00 -1.490779e-03 9.998087e-01 -1.950186e-02 -8.509291e-01 4.458369e-02 1.954895e-02 9.988144e-01 7.272808e+01
9.993223e-01 -8.123617e-04 3.680115e-02 -7.008235e+00 1.076240e-04 9.998167e-01 1.914782e-02 -8.645748e-01 -3.680996e-02 -1.913088e-02 9.991391e-01 7.267527e+01
9.992208e-01 1.040273e-03 -3.945538e-02 -6.997147e+00 -1.798894e-03 9.998141e-01 -1.919668e-02 -8.736434e-01 3.942808e-02 1.925269e-02 9.990369e-01 7.288336e+01
9.993087e-01 -9.939762e-04 3.716312e-02 -7.009327e+00 2.897959e-04 9.998204e-01 1.894895e-02 -8.812493e-01 -3.717528e-02 -1.892508e-02 9.991295e-01 7.307225e+01
9.991141e-01 3.981181e-04 -4.208246e-02 -6.953364e+00 -1.190378e-03 9.998225e-01 -1.880297e-02 -8.919937e-01 4.206750e-02 1.883641e-02 9.989372e-01 7.315961e+01
9.995954e-01 -2.940057e-03 2.829043e-02 -6.591402e+00 2.588293e-03 9.999190e-01 1.246266e-02 -9.078372e-01 -2.832477e-02 -1.238439e-02 9.995221e-01 7.300898e+01
9.991798e-01 2.802380e-04 -4.049276e-02 -6.162545e+00 -6.988474e-04 9.999465e-01 -1.032410e-02 -9.243332e-01 4.048770e-02 1.034392e-02 9.991265e-01 7.283007e+01
9.994934e-01 -1.787177e-03 3.177508e-02 -5.922890e+00 1.471604e-03 9.999494e-01 9.952084e-03 -9.385689e-01 -3.179126e-02 -9.900282e-03 9.994455e-01 7.275019e+01
9.991278e-01 -3.550560e-04 -4.175639e-02 -5.708422e+00 -3.818532e-05 9.999557e-01 -9.416335e-03 -9.529429e-01 4.175788e-02 9.409715e-03 9.990834e-01 7.268141e+01
9.993260e-01 -2.027776e-04 3.670849e-02 -5.575810e+00 -1.501640e-04 9.999538e-01 9.611702e-03 -9.657132e-01 -3.670875e-02 -9.610736e-03 9.992798e-01 7.268960e+01
9.990810e-01 -8.088668e-05 -4.286247e-02 -5.514232e+00 -3.264184e-04 9.999549e-01 -9.495517e-03 -9.769480e-01 4.286131e-02 9.500781e-03 9.990359e-01 7.276392e+01
9.994228e-01 -2.923042e-03 3.384681e-02 -5.352570e+00 2.622150e-03 9.999567e-01 8.930824e-03 -9.900708e-01 -3.387145e-02 -8.836917e-03 9.993871e-01 7.273482e+01
9.990617e-01 1.424264e-03 -4.328570e-02 -5.135898e+00 -1.821467e-03 9.999566e-01 -9.138258e-03 -1.003979e+00 4.327081e-02 9.208527e-03 9.990209e-01 7.266674e+01
9.994265e-01 -2.219330e-03 3.378960e-02 -4.924671e+00 1.920565e-03 9.999588e-01 8.871804e-03 -1.017829e+00 -3.380789e-02 -8.801820e-03 9.993896e-01 7.260493e+01
9.990447e-01 -1.874931e-03 -4.365926e-02 -4.655505e+00 1.524958e-03 9.999665e-01 -8.047937e-03 -1.032350e+00 4.367288e-02 7.973670e-03 9.990141e-01 7.252061e+01
9.996626e-01 3.286881e-03 2.576637e-02 -4.090640e+00 -3.491066e-03 9.999628e-01 7.883512e-03 -1.048626e+00 -2.573950e-02 -7.970803e-03 9.996369e-01 7.225969e+01
9.986821e-01 -2.060162e-02 -4.700669e-02 -3.202500e+00 2.034760e-02 9.997757e-01 -5.875922e-03 -1.069974e+00 4.711720e-02 4.911704e-03 9.988773e-01 7.182105e+01
9.992456e-01 -1.790828e-02 3.446112e-02 -2.444834e+00 1.803819e-02 9.998313e-01 -3.462478e-03 -1.089809e+00 -3.439330e-02 4.081483e-03 9.994000e-01 7.142355e+01
9.988278e-01 1.721852e-02 -4.523916e-02 -2.130055e+00 -1.731192e-02 9.998487e-01 -1.673540e-03 -1.104264e+00 4.520350e-02 2.454754e-03 9.989748e-01 7.128948e+01
9.991668e-01 -2.477266e-02 3.243517e-02 -1.642136e+00 2.472548e-02 9.996926e-01 1.855126e-03 -1.120916e+00 -3.247116e-02 -1.051605e-03 9.994721e-01 7.105558e+01
9.988917e-01 2.042375e-02 -4.240661e-02 -1.347922e+00 -2.044802e-02 9.997909e-01 -1.384821e-04 -1.133799e+00 4.239491e-02 1.005459e-03 9.991004e-01 7.098603e+01
9.990271e-01 -2.096451e-02 3.879995e-02 -1.287166e+00 2.094146e-02 9.997802e-01 1.000444e-03 -1.141190e+00 -3.881239e-02 -1.869424e-04 9.992465e-01 7.127813e+01
9.986238e-01 1.048278e-02 -5.138696e-02 -1.273450e+00 -1.043918e-02 9.999449e-01 1.116735e-03 -1.147935e+00 5.139583e-02 -5.787615e-04 9.986782e-01 7.154933e+01
9.989240e-01 -1.654376e-02 4.332655e-02 -1.076620e+00 1.662242e-02 9.998608e-01 -1.455923e-03 -1.158856e+00 -4.329643e-02 2.174549e-03 9.990599e-01 7.162767e+01
9.984186e-01 -2.813701e-03 -5.614692e-02 -7.534718e-01 2.659868e-03 9.999925e-01 -2.814365e-03 -1.173585e+00 5.615441e-02 2.660571e-03 9.984186e-01 7.161460e+01
9.989279e-01 9.070951e-04 4.628455e-02 -5.563340e-01 -1.088100e-03 9.999919e-01 3.885652e-03 -1.187277e+00 -4.628065e-02 -3.931848e-03 9.989207e-01 7.156624e+01
9.983998e-01 -1.790288e-03 -5.652115e-02 -3.828331e-01 1.474562e-03 9.999831e-01 -5.627192e-03 -1.200637e+00 5.653027e-02 5.534843e-03 9.983855e-01 7.152985e+01
9.988159e-01 1.518911e-03 4.862516e-02 -1.836654e-01 -1.827847e-03 9.999784e-01 6.309587e-03 -1.214246e+00 -4.861453e-02 -6.390995e-03 9.987972e-01 7.149168e+01
9.986310e-01 -1.179801e-03 -5.229478e-02 -1.634058e-01 8.556805e-04 9.999803e-01 -6.219899e-03 -1.223555e+00 5.230109e-02 6.166635e-03 9.986123e-01 7.165757e+01
9.990484e-01 3.962529e-05 4.361452e-02 9.538808e-03 -3.195691e-04 9.999794e-01 6.411643e-03 -1.236921e+00 -4.361337e-02 -6.419479e-03 9.990279e-01 7.163340e+01
9.985936e-01 5.025963e-04 -5.301398e-02 2.560278e-01 -8.366209e-04 9.999799e-01 -6.278680e-03 -1.251234e+00 5.300976e-02 6.314202e-03 9.985740e-01 7.155052e+01
9.990483e-01 -5.892862e-04 4.361326e-02 4.818007e-01 2.851618e-04 9.999756e-01 6.979106e-03 -1.265436e+00 -4.361631e-02 -6.960026e-03 9.990241e-01 7.148297e+01
9.985712e-01 -2.281062e-04 -5.343706e-02 7.227326e-01 -1.235258e-04 9.999784e-01 -6.576903e-03 -1.279828e+00 5.343741e-02 6.574106e-03 9.985496e-01 7.140050e+01
