1.000000e+00 1.197624e-11 1.704639e-10 3.214096e-14 1.197625e-11 1.000000e+00 3.562503e-10 -1.998401e-15 1.704639e-10 3.562503e-10 1.000000e+00 -4.041212e-14 0.000000e+00 0.000000e+00 0.000000e+00 1.000000e+00
7.796165e-01 2.031722e-01 -5.923842e-01 -5.056185e-01 -2.291288e-01 9.728661e-01 3.211892e-02 1.881078e-02 5.828362e-01 1.106919e-01 8.050151e-01 6.999841e-01
9.991385e-01 3.760719e-02 -1.754808e-02 -1.054073e+00 -3.804427e-02 9.989563e-01 -2.527663e-02 3.819449e-02 1.657918e-02 2.592246e-02 9.995265e-01 1.510012e+00
8.476118e-01 1.400894e-01 -5.117903e-01 -1.478603e+00 -1.336692e-01 9.897865e-01 4.954953e-02 5.137187e-02 5.135045e-01 2.641183e-02 8.576803e-01 2.142376e+00
9.954681e-01 9.011276e-02 3.037878e-02 -1.890120e+00 -8.845477e-02 9.947167e-01 -5.210085e-02 6.463815e-02 -3.491323e-02 4.917759e-02 9.981797e-01 2.680816e+00
8.377645e-01 9.002041e-02 -5.385601e-01 -2.325607e+00 -1.032495e-01 9.946395e-01 5.642946e-03 7.869911e-02 5.361811e-01 5.087862e-02 8.425682e-01 3.287320e+00
9.802412e-01 1.869995e-01 -6.448599e-02 -2.858506e+00 -1.891746e-01 9.815031e-01 -2.940448e-02 9.734464e-02 5.779458e-02 4.102259e-02 9.974853e-01 4.015743e+00
8.043940e-01 -5.165337e-03 -5.940737e-01 -3.399753e+00 -3.740303e-02 9.975382e-01 -5.931822e-02 1.178585e-01 5.929176e-01 6.993538e-02 8.022205e-01 4.853158e+00
9.787225e-01 2.029504e-01 3.022314e-02 -3.817628e+00 -2.048544e-01 9.748730e-01 8.750630e-02 1.329565e-01 -1.170428e-02 -9.183573e-02 9.957054e-01 5.451985e+00
8.188106e-01 3.949237e-02 -5.727037e-01 -4.286230e+00 -1.855411e-01 9.622926e-01 -1.989159e-01 1.498515e-01 5.432528e-01 2.691345e-01 7.952628e-01 6.110498e+00
9.784228e-01 1.359871e-01 -1.555518e-01 -4.957518e+00 -1.120156e-01 9.817495e-01 1.536896e-01 1.737943e-01 1.736127e-01 -1.329492e-01 9.757987e-01 7.085155e+00
8.857098e-01 7.353407e-02 -4.583785e-01 -5.439871e+00 -1.610508e-01 9.747265e-01 -1.548255e-01 1.919846e-01 4.354087e-01 2.109527e-01 8.751675e-01 7.844578e+00
9.739610e-01 1.486894e-01 -1.711473e-01 -5.905910e+00 -1.341186e-01 9.865136e-01 9.382452e-02 2.076006e-01 1.827898e-01 -6.842739e-02 9.807678e-01 8.518973e+00
9.192579e-01 7.837794e-02 -3.857742e-01 -6.373765e+00 -1.328450e-01 9.842563e-01 -1.165832e-01 2.225221e-01 3.705632e-01 1.584182e-01 9.151976e-01 9.237685e+00
9.854892e-01 9.103020e-02 -1.432639e-01 -6.762792e+00 -7.587715e-02 9.912616e-01 1.079032e-01 2.342231e-01 1.518345e-01 -9.546699e-02 9.837847e-01 9.856015e+00
9.272139e-01 1.311173e-01 -3.508314e-01 -7.145088e+00 -1.784794e-01 9.782047e-01 -1.061166e-01 2.458028e-01 3.292712e-01 1.610090e-01 9.304067e-01 1.042478e+01
9.790064e-01 8.026559e-02 -1.873606e-01 -7.535330e+00 -7.132085e-02 9.959899e-01 5.401430e-02 2.586035e-01 1.909447e-01 -3.951762e-02 9.808050e-01 1.102558e+01
9.281683e-01 1.662799e-01 -3.329484e-01 -7.944392e+00 -1.989341e-01 9.777704e-01 -6.625880e-02 2.724283e-01 3.145296e-01 1.277341e-01 9.406142e-01 1.160815e+01
9.691191e-01 3.426288e-02 -2.442010e-01 -8.428136e+00 -2.317444e-02 9.985719e-01 4.813720e-02 2.881597e-01 2.455016e-01 -4.099146e-02 9.685291e-01 1.229777e+01
9.428243e-01 1.994013e-01 -2.670607e-01 -8.851646e+00 -2.131933e-01 9.767304e-01 -2.337493e-02 3.010222e-01 2.561853e-01 7.897400e-02 9.633962e-01 1.288549e+01
9.634192e-01 7.237035e-03 -2.679012e-01 -9.289267e+00 -1.261226e-02 9.997521e-01 -1.834874e-02 3.156440e-01 2.677020e-01 2.105637e-02 9.632716e-01 1.349053e+01
9.096136e-01 1.951828e-01 -3.667516e-01 -9.835576e+00 -1.886418e-01 9.805612e-01 5.398072e-02 3.349087e-01 3.701585e-01 2.008310e-02 9.287515e-01 1.431250e+01
9.739837e-01 3.658163e-02 -2.236461e-01 -1.036037e+01 -5.085043e-02 9.969987e-01 -5.837639e-02 3.526704e-01 2.208393e-01 6.823015e-02 9.729207e-01 1.505042e+01
9.241651e-01 1.192493e-01 -3.629027e-01 -1.082043e+01 -1.004212e-01 9.924522e-01 7.038631e-02 3.687411e-01 3.685571e-01 -2.860543e-02 9.291649e-01 1.576097e+01
9.919246e-01 1.011689e-01 -7.648792e-02 -1.111051e+01 -1.081631e-01 9.897144e-01 -9.362777e-02 3.773271e-01 6.622898e-02 1.011449e-01 9.926648e-01 1.623260e+01
8.757764e-01 1.261763e-01 -4.659348e-01 -1.144605e+01 -1.631131e-01 9.858112e-01 -3.962911e-02 3.904299e-01 4.543234e-01 1.107063e-01 8.839312e-01 1.670741e+01
9.757605e-01 9.538626e-02 -1.969593e-01 -1.201791e+01 -9.376912e-02 9.954394e-01 1.754190e-02 4.111312e-01 1.977343e-01 1.352007e-03 9.802547e-01 1.753149e+01
8.516004e-01 1.208292e-01 -5.100756e-01 -1.264562e+01 -1.604651e-01 9.864477e-01 -3.423116e-02 4.342853e-01 4.990268e-01 1.110006e-01 8.594482e-01 1.848071e+01
9.942780e-01 6.282500e-02 -8.639557e-02 -1.315265e+01 -5.851571e-02 9.969551e-01 5.153992e-02 4.517142e-01 8.937050e-02 -4.618951e-02 9.949269e-01 1.924964e+01
8.982034e-01 1.303677e-01 -4.198035e-01 -1.356197e+01 -1.640755e-01 9.854192e-01 -4.503613e-02 4.654371e-01 4.078112e-01 1.093311e-01 9.064970e-01 1.986724e+01
9.979201e-01 1.673611e-02 -6.225231e-02 -1.392201e+01 -1.265363e-02 9.977786e-01 6.540502e-02 4.769136e-01 6.320865e-02 -6.448127e-02 9.959151e-01 2.041355e+01
8.642050e-01 1.560344e-01 -4.783336e-01 -1.434486e+01 -1.926691e-01 9.808604e-01 -2.813443e-02 4.913715e-01 4.647885e-01 1.164740e-01 8.777274e-01 2.107210e+01
9.999055e-01 1.111826e-02 8.088051e-03 -1.471415e+01 -1.154906e-02 9.984015e-01 5.532727e-02 5.030278e-01 -7.459980e-03 -5.541545e-02 9.984355e-01 2.158606e+01
8.615550e-01 1.480622e-01 -4.855930e-01 -1.509286e+01 -1.781579e-01 9.838702e-01 -1.610169e-02 5.155845e-01 4.753764e-01 1.003847e-01 8.740367e-01 2.212441e+01
9.988357e-01 -1.572160e-02 4.560887e-02 -1.542903e+01 1.334537e-02 9.985608e-01 5.194486e-02 5.257244e-01 -4.635989e-02 -5.127571e-02 9.976079e-01 2.262183e+01
8.695275e-01 1.530072e-01 -4.695857e-01 -1.574561e+01 -1.777275e-01 9.840434e-01 -8.461020e-03 5.354328e-01 4.607981e-01 9.081537e-02 8.828463e-01 2.309666e+01
9.933152e-01 -6.671224e-02 9.420436e-02 -1.600467e+01 6.144939e-02 9.964406e-01 5.770623e-02 5.430493e-01 -9.771876e-02 -5.153167e-02 9.938790e-01 2.347336e+01
8.568121e-01 2.133174e-01 -4.694345e-01 -1.629192e+01 -2.435490e-01 9.698812e-01 -3.798629e-03 5.515071e-01 4.544854e-01 1.175850e-01 8.829591e-01 2.386861e+01
9.970709e-01 -7.230617e-02 -2.492689e-02 -1.668926e+01 7.283240e-02 9.971254e-01 2.089114e-02 5.646674e-01 2.334468e-02 -2.264544e-02 9.994710e-01 2.443990e+01
8.238832e-01 2.248700e-01 -5.202403e-01 -1.708129e+01 -2.396780e-01 9.700394e-01 3.972410e-02 5.797555e-01 5.135864e-01 9.196214e-02 8.530956e-01 2.501148e+01
9.959854e-01 -7.294532e-02 5.188535e-02 -1.745675e+01 7.313927e-02 9.973200e-01 -1.846755e-03 5.910344e-01 -5.161159e-02 5.634199e-03 9.986513e-01 2.557289e+01
8.953485e-01 2.176982e-01 -3.885340e-01 -1.770528e+01 -2.209028e-01 9.745931e-01 3.701652e-02 5.972618e-01 3.867210e-01 5.268554e-02 9.206906e-01 2.589453e+01
9.993925e-01 2.292963e-02 -2.624529e-02 -1.802111e+01 -2.458640e-02 9.976051e-01 -6.464941e-02 6.065051e-01 2.470004e-02 6.525542e-02 9.975628e-01 2.630695e+01
9.268603e-01 1.091137e-01 -3.591992e-01 -1.826112e+01 -8.936221e-02 9.934514e-01 7.119422e-02 6.139231e-01 3.646153e-01 -3.388826e-02 9.305414e-01 2.662383e+01
9.437509e-01 -4.402295e-03 -3.306281e-01 -1.811092e+01 -1.035407e-01 9.456897e-01 -3.081402e-01 6.247131e-01 3.140281e-01 3.250411e-01 8.920396e-01 2.668133e+01
9.976797e-01 5.525113e-02 -3.978196e-02 -1.834672e+01 -3.992405e-02 9.480844e-01 3.155029e-01 6.307102e-01 5.514855e-02 -3.131826e-01 9.480904e-01 2.700154e+01
9.243821e-01 1.231162e-01 -3.610543e-01 -1.864239e+01 -2.435155e-01 9.189917e-01 -3.100879e-01 6.398211e-01 2.936291e-01 3.745620e-01 8.794801e-01 2.739903e+01
9.903585e-01 -1.105743e-01 -8.344724e-02 -1.891104e+01 1.320882e-01 9.352951e-01 3.282922e-01 6.477605e-01 4.174713e-02 -3.361494e-01 9.408830e-01 2.777281e+01
9.244266e-01 2.655581e-01 -2.737048e-01 -1.913755e+01 -3.370195e-01 9.047590e-01 -2.604402e-01 6.531900e-01 1.784748e-01 3.330017e-01 9.258815e-01 2.807976e+01
9.635985e-01 -1.550731e-01 -2.177850e-01 -1.943995e+01 1.948830e-01 9.650718e-01 1.750913e-01 6.628480e-01 1.830262e-01 -2.111603e-01 9.601629e-01 2.849474e+01
9.348132e-01 2.888769e-01 -2.065778e-01 -1.971733e+01 -3.105340e-01 9.471228e-01 -8.079007e-02 6.714289e-01 1.723161e-01 1.396731e-01 9.750890e-01 2.888369e+01
9.721275e-01 -1.977684e-01 -1.259195e-01 -1.992487e+01 2.068172e-01 9.763327e-01 6.325384e-02 6.768099e-01 1.104297e-01 -8.753312e-02 9.900218e-01 2.917268e+01
8.953624e-01 3.643302e-01 -2.561048e-01 -2.018326e+01 -3.806414e-01 9.245938e-01 -1.544106e-02 6.845645e-01 2.311673e-01 1.113094e-01 9.665257e-01 2.953704e+01
9.606162e-01 -2.171318e-01 -1.734078e-01 -2.050482e+01 2.149266e-01 9.761180e-01 -3.162651e-02 6.941991e-01 1.761336e-01 -6.889018e-03 9.843422e-01 2.997949e+01
9.261849e-01 3.183296e-01 -2.021083e-01 -2.078300e+01 -2.971239e-01 9.461385e-01 1.286053e-01 7.026376e-01 2.321614e-01 -5.906110e-02 9.708825e-01 3.034557e+01
9.769780e-01 -2.104615e-01 -3.492888e-02 -2.096066e+01 2.052920e-01 9.719813e-01 -1.144880e-01 7.064019e-01 5.804554e-02 1.046817e-01 9.928104e-01 3.059011e+01
9.371176e-01 2.943684e-01 -1.875041e-01 -2.113239e+01 -2.616506e-01 9.480883e-01 1.807416e-01 7.100530e-01 2.309750e-01 -1.203156e-01 9.654919e-01 3.082621e+01
9.867101e-01 -1.604866e-01 -2.544076e-02 -2.131406e+01 1.537136e-01 9.726621e-01 -1.740704e-01 7.137887e-01 5.268124e-02 1.678464e-01 9.844045e-01 3.107890e+01
9.183219e-01 2.921012e-01 -2.671362e-01 -2.154395e+01 -2.385160e-01 9.469292e-01 2.154882e-01 7.197267e-01 3.159035e-01 -1.341712e-01 9.392567e-01 3.139202e+01
9.862317e-01 -1.604877e-01 -3.988410e-02 -2.176430e+01 1.508046e-01 9.717908e-01 -1.813304e-01 7.262036e-01 6.786030e-02 1.728190e-01 9.826131e-01 3.170887e+01
9.257959e-01 2.498316e-01 -2.837008e-01 -2.193129e+01 -2.052895e-01 9.624470e-01 1.776289e-01 7.316718e-01 3.174243e-01 -1.062073e-01 9.423173e-01 3.197274e+01
9.923469e-01 -1.140496e-01 4.733167e-02 -2.206098e+01 1.211908e-01 9.730352e-01 -1.962530e-01 7.356585e-01 -2.367280e-02 2.004872e-01 9.794103e-01 3.217431e+01
9.200461e-01 2.105190e-01 -3.304495e-01 -2.213929e+01 -1.500031e-01 9.683918e-01 1.992896e-01 7.395588e-01 3.619589e-01 -1.337871e-01 9.225437e-01 3.231182e+01
9.999503e-01 -2.587760e-03 9.631296e-03 -2.235217e+01 4.384917e-03 9.814729e-01 -1.915507e-01 7.449229e-01 -8.957168e-03 1.915835e-01 9.814355e-01 3.261035e+01
9.518201e-01 3.950032e-02 -3.041025e-01 -2.249416e+01 3.191250e-02 9.735262e-01 2.263367e-01 7.494524e-01 3.049921e-01 -2.251365e-01 9.253612e-01 3.282521e+01
9.883684e-01 1.362952e-01 6.746507e-02 -2.258950e+01 -1.166045e-01 9.639556e-01 -2.391507e-01 7.521785e-01 -9.762842e-02 2.285023e-01 9.686358e-01 3.294619e+01
9.253694e-01 -4.990217e-02 -3.757674e-01 -2.277003e+01 1.475404e-01 9.605428e-01 2.357739e-01 7.563291e-01 3.491751e-01 -2.736189e-01 8.962196e-01 3.320580e+01
9.655492e-01 1.029992e-01 2.389686e-01 -2.264304e+01 -3.331049e-02 9.596975e-01 -2.790539e-01 7.548698e-01 -2.580799e-01 2.614801e-01 9.300661e-01 3.317288e+01
9.383819e-01 -5.723417e-02 -3.408279e-01 -2.250756e+01 1.577820e-01 9.483638e-01 2.751563e-01 7.536641e-01 3.074805e-01 -3.119782e-01 8.989579e-01 3.308832e+01
9.679721e-01 1.840296e-01 1.707723e-01 -2.257410e+01 -1.382561e-01 9.585160e-01 -2.492635e-01 7.533854e-01 -2.095598e-01 2.176698e-01 9.532600e-01 3.318672e+01
8.949681e-01 -6.351462e-02 -4.415858e-01 -2.272302e+01 1.632452e-01 9.677918e-01 1.916510e-01 7.556203e-01 4.151905e-01 -2.436083e-01 8.765112e-01 3.338187e+01
9.608303e-01 2.569846e-01 1.037503e-01 -2.292576e+01 -2.325957e-01 9.513064e-01 -2.022754e-01 7.602530e-01 -1.506800e-01 1.702205e-01 9.738175e-01 3.367200e+01
9.160777e-01 -1.724785e-01 -3.620122e-01 -2.307397e+01 2.271891e-01 9.671413e-01 1.141173e-01 7.627165e-01 3.304341e-01 -1.867855e-01 9.251619e-01 3.388011e+01
9.387502e-01 3.435261e-01 2.716309e-02 -2.325867e+01 -3.358255e-01 9.296779e-01 -1.513943e-01 7.674019e-01 -7.726081e-02 1.329993e-01 9.881002e-01 3.412950e+01
8.859408e-01 -2.270547e-01 -4.044194e-01 -2.349120e+01 2.518565e-01 9.677280e-01 8.414026e-03 7.734073e-01 3.894575e-01 -1.093100e-01 9.145350e-01 3.444209e+01
9.270770e-01 3.013451e-01 2.229783e-01 -2.362023e+01 -2.953124e-01 9.534675e-01 -6.074807e-02 7.752064e-01 -2.309087e-01 -9.530096e-03 9.729288e-01 3.464155e+01
9.021827e-01 -3.212924e-01 -2.878152e-01 -2.354265e+01 3.228899e-01 9.454460e-01 -4.328797e-02 7.740664e-01 2.860219e-01 -5.387900e-02 9.567071e-01 3.464275e+01
9.127905e-01 4.074713e-01 2.793936e-02 -2.369126e+01 -4.083787e-01 9.116062e-01 4.691544e-02 7.773023e-01 -6.352994e-03 -5.423381e-02 9.985081e-01 3.485912e+01
8.942031e-01 -3.555002e-01 -2.720671e-01 -2.387503e+01 3.218803e-01 9.329654e-01 -1.611479e-01 7.819732e-01 3.111173e-01 5.652593e-02 9.486890e-01 3.514986e+01
9.202844e-01 3.812354e-01 8.795595e-02 -2.402004e+01 -3.906943e-01 9.074326e-01 1.546741e-01 7.842270e-01 -2.084687e-02 -1.767080e-01 9.840425e-01 3.534992e+01
9.066005e-01 -3.232284e-01 -2.712913e-01 -2.419741e+01 2.579858e-01 9.332899e-01 -2.498265e-01 7.877205e-01 3.339445e-01 1.565035e-01 9.295094e-01 3.560605e+01
9.379864e-01 3.017831e-01 1.706117e-01 -2.431344e+01 -3.349921e-01 9.156917e-01 2.220113e-01 7.891486e-01 -8.922849e-02 -2.653972e-01 9.600014e-01 3.578116e+01
9.252026e-01 -3.025081e-01 -2.291049e-01 -2.440141e+01 2.345305e-01 9.304680e-01 -2.814690e-01 7.892872e-01 2.983214e-01 2.066838e-01 9.318187e-01 3.590465e+01
9.486315e-01 3.141178e-01 3.779233e-02 -2.457543e+01 -3.112092e-01 9.049235e-01 2.902795e-01 7.925531e-01 5.698278e-02 -2.871296e-01 9.561953e-01 3.613349e+01
9.398558e-01 -2.023911e-01 -2.751524e-01 -2.482003e+01 9.058557e-02 9.243935e-01 -3.705278e-01 7.983571e-01 3.293406e-01 3.233179e-01 8.871304e-01 3.646252e+01
9.703523e-01 2.359230e-01 -5.250541e-02 -2.508357e+01 -2.016311e-01 9.099586e-01 3.623815e-01 8.060859e-01 1.332719e-01 -3.410510e-01 9.305498e-01 3.684175e+01
9.761396e-01 -1.725095e-01 -1.318786e-01 -2.514302e+01 1.023264e-01 9.011122e-01 -4.213384e-01 8.105132e-01 1.915223e-01 3.977904e-01 8.972636e-01 3.706354e+01
9.905080e-01 -3.991441e-02 -1.315323e-01 -2.460054e+01 8.576512e-02 9.272555e-01 3.644745e-01 8.128847e-01 1.074163e-01 -3.722957e-01 9.218772e-01 3.671326e+01
9.729239e-01 1.580742e-01 -1.686169e-01 -2.461785e+01 -2.094963e-01 9.112905e-01 -3.544869e-01 8.155418e-01 9.762373e-02 3.802134e-01 9.197322e-01 3.679531e+01
9.619099e-01 -1.152279e-01 -2.478947e-01 -2.484574e+01 1.912450e-01 9.316187e-01 3.090503e-01 8.212137e-01 1.953321e-01 -3.446871e-01 9.181700e-01 3.714361e+01
9.392628e-01 2.665723e-01 -2.161588e-01 -2.481909e+01 -3.225602e-01 9.007996e-01 -2.907147e-01 8.256055e-01 1.172192e-01 3.427817e-01 9.320731e-01 3.730563e+01
9.213378e-01 -3.359715e-01 -1.956009e-01 -2.484652e+01 3.757285e-01 8.987219e-01 2.261131e-01 8.289470e-01 9.982328e-02 -2.818194e-01 9.542605e-01 3.739912e+01
9.061732e-01 4.118725e-01 -9.597452e-02 -2.494759e+01 -4.228338e-01 8.865918e-01 -1.875274e-01 8.310593e-01 7.852861e-03 2.105136e-01 9.775594e-01 3.754888e+01
9.235319e-01 -2.892995e-01 -2.517829e-01 -2.514822e+01 3.135605e-01 9.475841e-01 6.135253e-02 8.359466e-01 2.208362e-01 -1.356102e-01 9.658371e-01 3.781697e+01
9.080156e-01 4.093397e-01 -8.915571e-02 -2.535443e+01 -4.123717e-01 9.108396e-01 -1.791407e-02 8.407761e-01 7.387361e-02 5.303154e-02 9.958566e-01 3.814104e+01
9.205076e-01 -3.301785e-01 -2.089210e-01 -2.554794e+01 3.266211e-01 9.437053e-01 -5.233547e-02 8.450009e-01 2.144399e-01 -2.006282e-02 9.765311e-01 3.841048e+01
9.087585e-01 4.167369e-01 -2.209594e-02 -2.572345e+01 -4.140928e-01 9.070354e-01 7.624934e-02 8.482133e-01 5.181771e-02 -6.014247e-02 9.968439e-01 3.864837e+01
9.253384e-01 -2.851071e-01 -2.499254e-01 -2.596253e+01 2.380775e-01 9.499622e-01 -2.022153e-01 8.541763e-01 2.950727e-01 1.276160e-01 9.469141e-01 3.896557e+01
9.266663e-01 3.616671e-01 -1.024038e-01 -2.625248e+01 -3.303892e-01 9.136172e-01 2.369526e-01 8.622064e-01 1.792558e-01 -1.857429e-01 9.661092e-01 3.940688e+01
9.749382e-01 -1.420985e-01 -1.711828e-01 -2.649534e+01 7.368898e-02 9.322656e-01 -3.541904e-01 8.694961e-01 2.099178e-01 3.326995e-01 9.193724e-01 3.971929e+01
9.770925e-01 1.334477e-01 -1.657768e-01 -2.668135e+01 -6.809485e-02 9.340638e-01 3.505537e-01 8.768375e-01 2.016267e-01 -3.312348e-01 9.217539e-01 4.004292e+01
9.804084e-01 -2.149754e-02 -1.957989e-01 -2.685442e+01 -5.377112e-02 9.270628e-01 -3.710299e-01 8.842610e-01 1.894941e-01 3.742891e-01 9.077443e-01 4.037432e+01
9.606856e-01 1.628435e-01 -2.248672e-01 -2.697080e+01 -1.061614e-01 9.638354e-01 2.444403e-01 8.919894e-01 2.565405e-01 -2.109580e-01 9.432305e-01 4.057509e+01
9.967214e-01 8.050694e-02 8.063881e-03 -2.712460e+01 -7.463026e-02 9.532839e-01 -2.927116e-01 8.967666e-01 -3.125248e-02 2.911501e-01 9.561668e-01 4.073740e+01
9.841652e-01 -4.358994e-02 -1.718104e-01 -2.719196e+01 9.310760e-02 9.519289e-01 2.918260e-01 8.968099e-01 1.508306e-01 -3.032019e-01 9.409138e-01 4.084903e+01
9.952047e-01 9.748114e-02 8.062265e-03 -2.724755e+01 -9.165027e-02 9.581159e-01 -2.713195e-01 8.966710e-01 -3.417311e-02 2.692795e-01 9.624556e-01 4.093928e+01
9.779408e-01 -7.965244e-02 -1.930991e-01 -2.730863e+01 1.327019e-01 9.508281e-01 2.798502e-01 8.965506e-01 1.613133e-01 -2.993016e-01 9.404236e-01 4.103731e+01
9.646294e-01 2.335989e-01 -1.221547e-01 -2.748862e+01 -2.580855e-01 9.312668e-01 -2.571653e-01 9.005383e-01 5.368508e-02 2.795956e-01 9.586158e-01 4.128498e+01
9.659719e-01 -1.814239e-01 -1.843466e-01 -2.765254e+01 2.216239e-01 9.480293e-01 2.283053e-01 9.034754e-01 1.333460e-01 -2.613921e-01 9.559775e-01 4.152799e+01
9.690891e-01 2.447397e-01 3.112704e-02 -2.771869e+01 -2.336574e-01 9.509754e-01 -2.026082e-01 9.028771e-01 -7.918732e-02 1.890723e-01 9.787651e-01 4.163931e+01
9.607216e-01 -2.048179e-01 -1.872531e-01 -2.777556e+01 2.418222e-01 9.488925e-01 2.027930e-01 9.018878e-01 1.361474e-01 -2.401096e-01 9.611510e-01 4.173612e+01
9.607174e-01 2.770911e-01 -1.557814e-02 -2.786345e+01 -2.748324e-01 9.420782e-01 -1.922392e-01 9.025068e-01 -3.859196e-02 1.889689e-01 9.812244e-01 4.185260e+01
9.507029e-01 -2.398607e-01 -1.965472e-01 -2.794815e+01 2.713776e-01 9.502303e-01 1.530245e-01 9.031177e-01 1.500605e-01 -1.988194e-01 9.684796e-01 4.198622e+01
9.565466e-01 2.869544e-01 5.172852e-02 -2.798303e+01 -2.736800e-01 9.447853e-01 -1.802223e-01 9.030220e-01 -1.005879e-01 1.582339e-01 9.822648e-01 4.206475e+01
9.394826e-01 -2.889047e-01 -1.841372e-01 -2.800114e+01 3.195426e-01 9.327657e-01 1.668553e-01 9.012154e-01 1.235515e-01 -2.155974e-01 9.686345e-01 4.211780e+01
9.400773e-01 3.402292e-01 2.233402e-02 -2.806887e+01 -3.331654e-01 9.305368e-01 -1.519940e-01 9.006778e-01 -7.249541e-02 1.354451e-01 9.881291e-01 4.222536e+01
9.285433e-01 -2.943232e-01 -2.262327e-01 -2.815855e+01 3.233006e-01 9.406546e-01 1.031777e-01 9.009538e-01 1.824393e-01 -1.689461e-01 9.685934e-01 4.235523e+01
9.312109e-01 3.641590e-01 1.531089e-02 -2.827330e+01 -3.613473e-01 9.278867e-01 -9.194764e-02 9.023778e-01 -4.769033e-02 8.009010e-02 9.956461e-01 4.250388e+01
9.347723e-01 -3.045149e-01 -1.829521e-01 -2.838284e+01 3.175702e-01 9.471101e-01 4.616881e-02 9.030815e-01 1.592167e-01 -1.012575e-01 9.820371e-01 4.265907e+01
9.374989e-01 3.408069e-01 7.033198e-02 -2.845952e+01 -3.387319e-01 9.400346e-01 -3.994585e-02 9.028314e-01 -7.972831e-02 1.362550e-02 9.967235e-01 4.276653e+01
9.361006e-01 -2.998043e-01 -1.839376e-01 -2.854005e+01 3.065209e-01 9.518255e-01 8.551872e-03 9.025309e-01 1.725126e-01 -6.438613e-02 9.829007e-01 4.287796e+01
9.354523e-01 3.509939e-01 4.162061e-02 -2.864031e+01 -3.516346e-01 9.360942e-01 8.988237e-03 9.029856e-01 -3.580600e-02 -2.304331e-02 9.990931e-01 4.301673e+01
9.352596e-01 -3.064293e-01 -1.771737e-01 -2.874144e+01 3.013909e-01 9.518921e-01 -5.536299e-02 9.036094e-01 1.856151e-01 -1.619782e-03 9.826212e-01 4.315691e+01
9.385283e-01 3.337165e-01 8.830581e-02 -2.882415e+01 -3.388557e-01 9.394470e-01 5.114878e-02 9.034209e-01 -6.588943e-02 -7.792751e-02 9.947793e-01 4.328083e+01
2.081719e-01 -5.561373e-01 -8.045967e-01 -2.842237e+01 -8.135640e-01 3.581771e-01 -4.580641e-01 9.728605e-01 5.429346e-01 7.499470e-01 -3.778909e-01 4.445393e+01
9.591240e-01 -2.096675e-01 1.900543e-01 -2.881731e+01 8.671689e-02 8.570540e-01 5.078766e-01 1.046858e+00 -2.693720e-01 -4.706357e-01 8.402028e-01 4.538723e+01
9.146987e-01 1.302640e-01 -3.825670e-01 -2.890056e+01 -2.934125e-01 8.650229e-01 -4.069945e-01 1.046691e+00 2.779125e-01 4.845273e-01 8.294564e-01 4.551013e+01
9.511504e-01 -2.679499e-01 1.533484e-01 -2.898428e+01 1.617882e-01 8.556543e-01 4.916100e-01 1.046764e+00 -2.629400e-01 -4.427851e-01 8.572071e-01 4.563316e+01
9.146899e-01 1.952387e-01 -3.538703e-01 -2.905412e+01 -3.330585e-01 8.601215e-01 -3.863457e-01 1.046363e+00 2.289419e-01 4.712461e-01 8.517704e-01 4.574385e+01
9.410784e-01 -3.164226e-01 1.193656e-01 -2.912198e+01 2.238827e-01 8.474431e-01 4.813696e-01 1.045647e+00 -2.534718e-01 -4.262827e-01 8.683519e-01 4.585419e+01
8.899464e-01 2.693403e-01 -3.680370e-01 -2.920701e+01 -4.006309e-01 8.472987e-01 -3.486831e-01 1.045665e+00 2.179228e-01 4.577562e-01 8.619564e-01 4.598535e+01
9.167957e-01 -3.834669e-01 1.115292e-01 -2.925585e+01 3.016643e-01 8.479760e-01 4.358158e-01 1.045087e+00 -2.616950e-01 -3.659096e-01 8.930990e-01 4.608849e+01
9.310989e-01 2.364669e-01 -2.777377e-01 -2.914659e+01 -3.306043e-01 8.687984e-01 -3.686328e-01 1.042093e+00 1.541287e-01 4.350548e-01 8.871142e-01 4.605330e+01
8.976809e-01 -4.006981e-01 1.833305e-01 -2.895359e+01 2.928797e-01 8.534107e-01 4.311748e-01 1.038400e+00 -3.292271e-01 -3.333636e-01 8.834468e-01 4.594349e+01
9.239439e-01 2.198020e-01 -3.130730e-01 -2.874944e+01 -3.288117e-01 8.745756e-01 -3.563711e-01 1.034908e+00 1.954750e-01 4.322090e-01 8.803323e-01 4.583285e+01
8.930276e-01 -3.769980e-01 2.457118e-01 -2.865108e+01 2.411595e-01 8.619352e-01 4.459931e-01 1.030862e+00 -3.799262e-01 -3.390284e-01 8.606485e-01 4.579583e+01
9.193651e-01 2.131862e-01 -3.306350e-01 -2.863331e+01 -3.260580e-01 8.831701e-01 -3.371896e-01 1.027029e+00 2.201228e-01 4.178065e-01 8.814668e-01 4.580810e+01
9.143564e-01 -3.477219e-01 2.074653e-01 -2.864463e+01 2.289569e-01 8.665970e-01 4.433829e-01 1.024303e+00 -3.339627e-01 -3.579094e-01 8.719918e-01 4.584625e+01
9.299584e-01 1.999167e-01 -3.085623e-01 -2.862857e+01 -3.099992e-01 8.775896e-01 -3.657008e-01 1.021342e+00 1.976814e-01 4.357406e-01 8.780958e-01 4.587119e+01
8.973322e-01 -3.623057e-01 2.520508e-01 -2.854835e+01 2.285015e-01 8.699518e-01 4.370022e-01 1.017330e+00 -3.776004e-01 -3.345421e-01 8.634231e-01 4.584469e+01
9.358826e-01 1.942984e-01 -2.938909e-01 -2.850712e+01 -2.923362e-01 8.938359e-01 -3.399954e-01 1.013012e+00 1.966297e-01 4.041107e-01 8.933260e-01 4.582910e+01
9.096393e-01 -3.053547e-01 2.816289e-01 -2.849598e+01 1.745416e-01 8.961784e-01 4.079211e-01 1.009396e+00 -3.769503e-01 -3.219051e-01 8.684961e-01 4.586243e+01
9.049942e-01 1.494125e-01 -3.983233e-01 -2.848725e+01 -2.814595e-01 9.123742e-01 -2.972437e-01 1.007127e+00 3.190080e-01 3.811157e-01 8.677469e-01 4.587466e+01
8.934286e-01 -2.962172e-01 3.376993e-01 -2.850162e+01 1.395838e-01 8.976244e-01 4.180750e-01 1.004408e+00 -4.269681e-01 -3.263828e-01 8.433104e-01 4.590733e+01
8.722832e-01 1.940424e-01 -4.488537e-01 -2.856579e+01 -3.446890e-01 8.950710e-01 -2.829087e-01 1.003035e+00 3.468597e-01 4.014914e-01 8.476397e-01 4.600934e+01
9.366446e-01 -2.844372e-01 2.044317e-01 -2.867180e+01 2.071362e-01 9.204077e-01 3.315785e-01 1.005466e+00 -2.824738e-01 -2.682260e-01 9.210121e-01 4.617896e+01
8.734373e-01 2.447195e-01 -4.209746e-01 -2.876141e+01 -3.688877e-01 8.968761e-01 -2.439984e-01 1.007180e+00 3.178509e-01 3.684097e-01 8.736390e-01 4.631268e+01
8.673654e-01 -3.864486e-01 3.135838e-01 -2.868068e+01 2.791398e-01 8.994260e-01 3.363239e-01 1.005431e+00 -4.120174e-01 -2.041819e-01 8.880042e-01 4.628867e+01
8.976869e-01 1.929738e-01 -3.961304e-01 -2.851109e+01 -2.972217e-01 9.288681e-01 -2.210505e-01 1.002047e+00 3.252959e-01 3.161727e-01 8.911888e-01 4.619987e+01
8.883762e-01 -3.312248e-01 3.179274e-01 -2.849502e+01 2.092831e-01 9.084994e-01 3.617035e-01 9.988815e-01 -4.086421e-01 -2.547920e-01 8.764090e-01 4.622091e+01
8.546979e-01 2.444119e-01 -4.579895e-01 -2.854521e+01 -3.680511e-01 9.074707e-01 -2.025720e-01 9.979107e-01 3.661011e-01 3.417014e-01 8.655693e-01 4.629582e+01
8.977359e-01 -3.515585e-01 2.654749e-01 -2.859375e+01 2.645735e-01 9.120991e-01 3.131712e-01 9.979796e-01 -3.522374e-01 -2.109074e-01 9.118371e-01 4.636911e+01
8.625238e-01 2.951482e-01 -4.110233e-01 -2.859894e+01 -3.731904e-01 9.195932e-01 -1.227894e-01 9.961809e-01 3.417332e-01 2.592987e-01 9.033176e-01 4.639764e+01
9.000950e-01 -3.687283e-01 2.320957e-01 -2.865730e+01 3.112771e-01 9.169572e-01 2.495916e-01 9.957413e-01 -3.048533e-01 -1.524101e-01 9.401253e-01 4.648122e+01
8.912359e-01 3.115884e-01 -3.295624e-01 -2.867351e+01 -3.641049e-01 9.248057e-01 -1.102814e-01 9.936124e-01 2.704188e-01 2.182820e-01 9.376709e-01 4.653758e+01
9.171069e-01 -3.533920e-01 1.844695e-01 -2.873041e+01 3.025664e-01 9.183601e-01 2.550849e-01 9.921045e-01 -2.595544e-01 -1.781259e-01 9.491589e-01 4.662438e+01
8.273029e-01 3.445638e-01 -4.436730e-01 -2.882669e+01 -4.378978e-01 8.902737e-01 -1.251328e-01 9.940961e-01 3.518742e-01 2.978062e-01 8.874097e-01 4.678141e+01
8.977823e-01 -3.913236e-01 2.021209e-01 -2.892080e+01 3.403917e-01 9.076920e-01 2.454155e-01 9.953618e-01 -2.795004e-01 -1.515294e-01 9.481131e-01 4.692764e+01
7.986073e-01 4.042859e-01 -4.458468e-01 -2.904557e+01 -4.721578e-01 8.802302e-01 -4.755900e-02 9.970121e-01 3.732203e-01 2.484910e-01 8.938450e-01 4.711381e+01
8.645759e-01 -4.347271e-01 2.520335e-01 -2.914570e+01 3.924729e-01 8.974037e-01 2.015729e-01 9.976659e-01 -3.138050e-01 -7.535875e-02 9.464922e-01 4.727831e+01
7.852122e-01 4.437451e-01 -4.318935e-01 -2.923469e+01 -4.836340e-01 8.750468e-01 1.977916e-02 9.979779e-01 3.867040e-01 1.933475e-01 9.017077e-01 4.741370e+01
8.677400e-01 -4.347628e-01 2.408496e-01 -2.934381e+01 4.208578e-01 9.005212e-01 1.092714e-01 9.995864e-01 -2.643974e-01 6.544235e-03 9.643916e-01 4.757002e+01
8.631819e-01 4.203538e-01 -2.796778e-01 -2.937456e+01 -4.286283e-01 9.028385e-01 3.406536e-02 9.982099e-01 2.668234e-01 9.047324e-02 9.594894e-01 4.761040e+01
8.675995e-01 -4.354385e-01 2.401342e-01 -2.940429e+01 4.199927e-01 9.002178e-01 1.149522e-01 9.961071e-01 -2.662277e-01 1.122138e-03 9.639095e-01 4.765758e+01
-6.795426e-01 -3.856479e-01 -6.240974e-01 -2.847920e+01 -6.937026e-01 6.146051e-01 3.755492e-01 1.087839e+00 2.387437e-01 6.881397e-01 -6.851753e-01 4.865526e+01
4.110675e-01 1.199602e-01 9.036775e-01 -2.852081e+01 -1.917441e-01 9.805053e-01 -4.293769e-02 1.184631e+00 -8.912114e-01 -1.556246e-01 4.260555e-01 4.950526e+01
3.214492e-01 -1.913527e-01 -9.273913e-01 -2.857763e+01 7.863776e-02 9.813810e-01 -1.752355e-01 1.184683e+00 9.436559e-01 -1.659869e-02 3.305117e-01 4.960984e+01
4.122135e-01 5.690210e-02 9.093086e-01 -2.861244e+01 -1.845013e-01 9.825826e-01 2.215192e-02 1.183781e+00 -8.922103e-01 -1.769000e-01 4.155323e-01 4.968575e+01
3.487314e-01 -1.784047e-01 -9.200860e-01 -2.862990e+01 6.322147e-02 9.839572e-01 -1.668271e-01 1.182330e+00 9.350879e-01 8.645221e-06 3.544158e-01 4.974697e+01
3.704144e-01 2.772089e-02 9.284529e-01 -2.865309e+01 -1.751628e-01 9.837056e-01 4.051215e-02 1.180027e+00 -9.122013e-01 -1.776367e-01 3.692344e-01 4.979222e+01
3.575840e-01 -1.507610e-01 -9.216316e-01 -2.868732e+01 4.105233e-03 9.871276e-01 -1.598821e-01 1.178357e+00 9.338719e-01 5.338777e-02 3.536000e-01 4.986155e+01
3.494935e-01 -2.687173e-02 9.365534e-01 -2.869417e+01 -1.330876e-01 9.880292e-01 7.801298e-02 1.175734e+00 -9.274384e-01 -1.519087e-01 3.417335e-01 4.989459e+01
4.174054e-01 -1.406569e-01 -8.977686e-01 -2.869560e+01 9.102088e-04 9.880123e-01 -1.543725e-01 1.172640e+00 9.087199e-01 6.361877e-02 4.125297e-01 4.993024e+01
3.081042e-01 -1.119122e-02 9.512868e-01 -2.866916e+01 -1.112651e-01 9.926447e-01 4.771446e-02 1.168119e+00 -9.448237e-01 -1.205460e-01 3.045928e-01 4.994423e+01
3.801069e-01 -1.269836e-01 -9.161844e-01 -2.864969e+01 5.087482e-02 9.919020e-01 -1.163712e-01 1.164254e+00 9.235424e-01 -2.377229e-03 3.834891e-01 4.994901e+01
3.536994e-01 3.674722e-02 9.346370e-01 -2.863649e+01 -1.042627e-01 9.945497e-01 3.538390e-04 1.161025e+00 -9.295300e-01 -9.757291e-02 3.556030e-01 4.997825e+01
3.917355e-01 -1.071072e-01 -9.138224e-01 -2.861583e+01 9.127888e-02 9.928255e-01 -7.723774e-02 1.157354e+00 9.155389e-01 -5.315592e-02 3.987016e-01 4.998771e+01
3.046112e-01 9.794891e-02 9.474271e-01 -2.855228e+01 -5.985908e-02 9.947007e-01 -8.359071e-02 1.153315e+00 -9.505940e-01 -3.124945e-02 3.088601e-01 4.997344e+01
3.911836e-01 -7.535627e-02 -9.172224e-01 -2.845979e+01 1.551880e-01 9.877716e-01 -1.496669e-02 1.148663e+00 9.071340e-01 -1.364872e-01 3.980944e-01 4.993758e+01
3.749988e-01 1.222821e-01 9.189249e-01 -2.844125e+01 -3.709156e-02 9.924474e-01 -1.169293e-01 1.145595e+00 -9.262829e-01 9.763992e-03 3.767022e-01 4.994027e+01
3.750871e-01 -1.483129e-02 -9.268709e-01 -2.844173e+01 1.281538e-01 9.911006e-01 3.600234e-02 1.142494e+00 9.180884e-01 -1.322860e-01 3.736497e-01 4.998756e+01
3.120097e-01 1.350466e-01 9.404320e-01 -2.839075e+01 2.981956e-02 9.879666e-01 -1.517659e-01 1.138605e+00 -9.496109e-01 7.539570e-02 3.042281e-01 4.997752e+01
3.432891e-01 -1.221070e-02 -9.391504e-01 -2.821391e+01 2.022214e-01 9.774251e-01 6.120998e-02 1.134952e+00 9.172018e-01 -2.109291e-01 3.380087e-01 4.988543e+01
4.005668e-01 1.959168e-01 8.950770e-01 -2.791283e+01 6.247887e-02 9.687590e-01 -2.400051e-01 1.132153e+00 -9.141349e-01 1.520615e-01 3.758120e-01 4.970747e+01
3.261512e-01 -2.515821e-03 -9.453143e-01 -2.756233e+01 3.094871e-01 9.451703e-01 1.042634e-01 1.130146e+00 8.932207e-01 -3.265682e-01 3.090470e-01 4.948668e+01
4.179821e-01 2.958836e-01 8.589202e-01 -2.719479e+01 7.648384e-02 9.306550e-01 -3.578149e-01 1.128201e+00 -9.052299e-01 2.152537e-01 3.663668e-01 4.924869e+01
4.668385e-01 4.437122e-02 -8.832287e-01 -2.702603e+01 3.396903e-01 9.131246e-01 2.254195e-01 1.124312e+00 8.165000e-01 -4.052587e-01 4.112093e-01 4.916666e+01
3.609819e-01 3.102959e-01 8.794365e-01 -2.698338e+01 1.456056e-01 9.127034e-01 -3.818003e-01 1.119136e+00 -9.211358e-01 2.658739e-01 2.842886e-01 4.915473e+01
4.829885e-01 1.482163e-01 -8.629913e-01 -2.696105e+01 3.029942e-01 8.963946e-01 3.235294e-01 1.114533e+00 8.215331e-01 -4.177423e-01 3.880396e-01 4.915756e+01
4.089589e-01 2.784756e-01 8.690247e-01 -2.695749e+01 1.968850e-01 9.029469e-01 -3.819990e-01 1.110738e+00 -8.910605e-01 3.273198e-01 3.144405e-01 4.918171e+01
3.853008e-01 2.195052e-01 -8.963039e-01 -2.696252e+01 3.003765e-01 8.885655e-01 3.467352e-01 1.108671e+00 8.725350e-01 -4.028260e-01 2.764308e-01 4.922655e+01
4.388742e-01 2.648030e-01 8.586436e-01 -2.699501e+01 1.969148e-01 9.040170e-01 -3.794441e-01 1.106938e+00 -8.767064e-01 3.356078e-01 3.446061e-01 4.930127e+01
3.888324e-01 2.436313e-01 -8.885118e-01 -2.705170e+01 2.712872e-01 8.913674e-01 3.631356e-01 1.105446e+00 8.804616e-01 -3.822408e-01 2.804985e-01 4.938397e+01
4.449625e-01 2.640739e-01 8.557297e-01 -2.712279e+01 1.863875e-01 9.073040e-01 -3.769073e-01 1.104997e+00 -8.759384e-01 3.272069e-01 3.544962e-01 4.948778e+01
-6.553626e-01 -7.209891e-01 -2.251101e-01 -2.654173e+01 -5.236514e-01 6.484894e-01 -5.524951e-01 1.168633e+00 5.443244e-01 -2.442054e-01 -8.025426e-01 5.043368e+01
4.634645e-01 1.092171e-01 8.793590e-01 -2.671916e+01 -8.293848e-01 4.028401e-01 3.870927e-01 1.235025e+00 -3.119640e-01 -9.087307e-01 2.772851e-01 5.109353e+01
4.477460e-01 -7.964914e-01 -4.063558e-01 -2.683098e+01 -6.185320e-02 4.257769e-01 -9.027116e-01 1.235981e+00 8.920189e-01 4.293199e-01 1.413743e-01 5.126042e+01
5.140121e-01 -6.992536e-02 8.549280e-01 -2.689183e+01 -7.739614e-01 3.919060e-01 4.973866e-01 1.235092e+00 -3.698313e-01 -9.173441e-01 1.473249e-01 5.137126e+01
3.284483e-01 -8.703529e-01 -3.668890e-01 -2.586225e+01 -8.536368e-01 -4.397877e-01 2.790896e-01 1.276378e+00 -4.042597e-01 2.215234e-01 -8.874128e-01 5.138978e+01
2.622938e-01 -9.645025e-01 3.061006e-02 -2.501502e+01 7.121236e-01 2.148717e-01 6.683638e-01 1.373045e+00 -6.512158e-01 -1.535095e-01 7.432044e-01 5.215838e+01
-8.044181e-01 -2.353797e-02 -5.935971e-01 -2.521135e+01 -5.875022e-01 1.796193e-01 7.890361e-01 1.440316e+00 8.804919e-02 9.834546e-01 -1.583176e-01 5.284066e+01
-7.822919e-01 -6.098419e-01 1.269341e-01 -2.528192e+01 4.904027e-02 1.428473e-01 9.885291e-01 1.439554e+00 -6.209786e-01 7.795431e-01 -8.184149e-02 5.293857e+01
-8.303602e-01 4.271539e-02 -5.555874e-01 -2.535147e+01 -5.495028e-01 1.026682e-01 8.291598e-01 1.438966e+00 9.245903e-02 9.937981e-01 -6.177934e-02 5.304433e+01
-8.136245e-01 -5.702164e-01 1.134394e-01 -2.540213e+01 8.729224e-02 7.309281e-02 9.934976e-01 1.437474e+00 -5.748002e-01 8.182364e-01 -9.694637e-03 5.312522e+01
-8.208605e-01 1.014150e-01 -5.620526e-01 -2.543368e+01 -5.604026e-01 4.680790e-02 8.268966e-01 1.435683e+00 1.101682e-01 9.937424e-01 1.841045e-02 5.318455e+01
-8.241684e-01 -5.581795e-01 9.582380e-02 -2.545198e+01 1.064211e-01 1.354736e-02 9.942289e-01 1.433338e+00 -5.562563e-01 8.296096e-01 4.823679e-02 5.323355e+01
-8.239815e-01 1.299932e-01 -5.515036e-01 -2.546839e+01 -5.569725e-01 -7.004681e-03 8.305014e-01 1.430887e+00 1.040964e-01 9.914901e-01 7.817437e-02 5.328486e+01
-8.392011e-01 -5.376543e-01 8.166670e-02 -2.546210e+01 1.039359e-01 -1.116680e-02 9.945213e-01 1.428198e+00 -5.337967e-01 8.430914e-01 6.525279e-02 5.332661e+01
-8.130795e-01 1.447926e-01 -5.638589e-01 -2.545649e+01 -5.714769e-01 -1.387817e-02 8.205008e-01 1.424801e+00 1.109771e-01 9.893647e-01 9.402970e-02 5.335965e+01
-8.181003e-01 -5.664492e-01 9.923330e-02 -2.547200e+01 1.562979e-01 -5.295190e-02 9.862895e-01 1.422381e+00 -5.534283e-01 8.223937e-01 1.318548e-01 5.340480e+01
-8.184589e-01 1.733720e-01 -5.477839e-01 -2.550762e+01 -5.649698e-01 -6.933126e-02 8.221936e-01 1.420610e+00 1.045668e-01 9.824130e-01 1.546947e-01 5.347398e+01
-8.177248e-01 -5.735078e-01 4.914185e-02 -2.553417e+01 1.250663e-01 -9.368953e-02 9.877149e-01 1.417971e+00 -5.618581e-01 8.138250e-01 1.483387e-01 5.351535e+01
-7.365214e-01 1.391928e-01 -6.619378e-01 -2.553326e+01 -6.734445e-01 -5.929552e-02 7.368559e-01 1.414184e+00 6.331510e-02 9.884884e-01 1.374110e-01 5.352576e+01
-7.703730e-01 -6.325557e-01 -7.999273e-02 -2.535239e+01 -8.709859e-02 -1.987883e-02 9.960013e-01 1.408546e+00 -6.316164e-01 7.742598e-01 -3.978059e-02 5.341019e+01
-9.938564e-01 2.214560e-02 -1.084388e-01 -2.376355e+01 -1.030229e-01 1.729203e-01 9.795330e-01 1.413582e+00 4.044362e-02 9.846868e-01 -1.695764e-01 5.225528e+01
-7.675537e-01 5.084000e-01 3.903727e-01 -2.251057e+01 5.714955e-01 2.669991e-01 7.759538e-01 1.427815e+00 2.902658e-01 8.186825e-01 -4.954844e-01 5.116016e+01
-7.641033e-01 5.994013e-01 2.384623e-01 -2.250098e+01 4.556056e-01 2.397357e-01 8.572924e-01 1.424092e+00 4.566942e-01 7.637047e-01 -4.562735e-01 5.118117e+01
-7.897764e-01 4.880832e-01 3.715211e-01 -2.247633e+01 5.213984e-01 2.151385e-01 8.257476e-01 1.419966e+00 3.231051e-01 8.458665e-01 -4.243971e-01 5.118834e+01
-7.944085e-01 5.301522e-01 2.964016e-01 -2.246408e+01 4.447432e-01 1.753681e-01 8.783220e-01 1.416085e+00 4.136649e-01 8.295690e-01 -3.750954e-01 5.119948e+01
-8.071204e-01 4.500513e-01 3.821132e-01 -2.246163e+01 4.892178e-01 1.475290e-01 8.595936e-01 1.412823e+00 3.304884e-01 8.807321e-01 -3.392468e-01 5.121934e+01
-8.348720e-01 4.849849e-01 2.603427e-01 -2.246992e+01 3.626471e-01 1.288135e-01 9.229811e-01 1.409176e+00 4.140963e-01 8.649836e-01 -2.834212e-01 5.124442e+01
-8.662387e-01 3.760348e-01 3.289809e-01 -2.247135e+01 3.962408e-01 1.159605e-01 9.107944e-01 1.405648e+00 3.043416e-01 9.193210e-01 -2.494498e-01 5.126743e+01
-8.915347e-01 4.131562e-01 1.856551e-01 -2.241529e+01 2.580752e-01 1.264923e-01 9.578084e-01 1.401112e+00 3.722406e-01 9.018324e-01 -2.193976e-01 5.126534e+01
-9.125328e-01 2.836634e-01 2.946506e-01 -2.233712e+01 3.338435e-01 1.003887e-01 9.372676e-01 1.396666e+00 2.362889e-01 9.536546e-01 -1.863072e-01 5.124085e+01
-9.289195e-01 3.249374e-01 1.775510e-01 -2.234333e+01 2.133578e-01 7.780095e-02 9.738714e-01 1.392963e+00 3.026336e-01 9.425300e-01 -1.415987e-01 5.126571e+01
-9.462676e-01 2.123346e-01 2.439090e-01 -2.235199e+01 2.617791e-01 6.012694e-02 9.632530e-01 1.389993e+00 1.898664e-01 9.753455e-01 -1.124809e-01 5.129340e+01
-9.495399e-01 2.815988e-01 1.381166e-01 -2.233910e+01 1.573874e-01 4.688989e-02 9.864231e-01 1.386375e+00 2.712993e-01 9.583859e-01 -8.884390e-02 5.131285e+01
-9.591388e-01 1.657506e-01 2.293021e-01 -2.233198e+01 2.353844e-01 1.776348e-02 9.717400e-01 1.382888e+00 1.569933e-01 9.860077e-01 -5.605275e-02 5.133306e+01
-9.617646e-01 2.670327e-01 6.084754e-02 -2.230062e+01 7.100667e-02 2.854561e-02 9.970673e-01 1.378999e+00 2.645127e-01 9.632646e-01 -4.641526e-02 5.134031e+01
-9.778804e-01 1.071012e-01 1.796642e-01 -2.227651e+01 1.825498e-01 1.769542e-02 9.830374e-01 1.374934e+00 1.021052e-01 9.940906e-01 -3.685530e-02 5.135684e+01
-9.694881e-01 2.276593e-01 9.090685e-02 -2.225929e+01 9.344613e-02 3.770619e-04 9.956243e-01 1.371688e+00 2.266289e-01 9.737408e-01 -2.163944e-02 5.138913e+01
3.098720e-01 7.981195e-01 5.167055e-01 -2.021686e+01 4.122232e-01 3.769420e-01 -8.294497e-01 1.425658e+00 -8.567680e-01 4.700212e-01 -2.121997e-01 5.076672e+01
-4.506838e-01 -5.781214e-01 -6.801910e-01 -1.897891e+01 8.422442e-01 -2.288080e-02 -5.386103e-01 1.463443e+00 2.958188e-01 -8.156299e-01 4.972314e-01 4.986583e+01
-4.035935e-01 8.609215e-01 3.097200e-01 -1.895753e+01 -5.924746e-01 1.203398e-02 -8.054992e-01 1.460706e+00 -6.971988e-01 -5.085955e-01 5.052173e-01 4.990531e+01
-5.135710e-01 -5.774220e-01 -6.346879e-01 -1.882494e+01 7.686230e-01 1.919870e-02 -6.394138e-01 1.460026e+00 3.813968e-01 -8.162201e-01 4.339599e-01 4.985712e+01
-4.859865e-01 7.914335e-01 3.707428e-01 -1.870802e+01 -6.551503e-01 -4.914082e-02 -7.538987e-01 1.459792e+00 -5.784420e-01 -6.092768e-01 5.423897e-01 4.981080e+01
-5.210396e-01 -6.711778e-01 -5.272931e-01 -1.864702e+01 7.521998e-01 -6.911838e-02 -6.553000e-01 1.458957e+00 4.033772e-01 -7.380670e-01 5.408733e-01 4.981328e+01
-4.666420e-01 7.739481e-01 4.280765e-01 -1.854505e+01 -7.400233e-01 -7.659827e-02 -6.682052e-01 1.457950e+00 -4.843662e-01 -6.285992e-01 6.084837e-01 4.978474e+01
-6.332903e-01 -7.606178e-01 -1.428422e-01 -1.824545e+01 3.709915e-01 -1.363828e-01 -9.185669e-01 1.465344e+00 6.791971e-01 -6.347127e-01 3.685526e-01 4.955744e+01
6.822297e-02 6.993542e-01 7.115120e-01 -1.761129e+01 -9.895069e-01 -4.361321e-02 1.377463e-01 1.478528e+00 1.273648e-01 -7.134435e-01 6.890403e-01 4.906738e+01
2.354364e-01 -9.032788e-01 3.586881e-01 -1.729764e+01 3.009587e-02 -3.621097e-01 -9.316495e-01 1.492224e+00 9.714237e-01 2.301392e-01 -5.806883e-02 4.880936e+01
6.700601e-01 1.470668e-01 7.275925e-01 -1.704839e+01 -7.204456e-01 -1.072832e-01 6.851631e-01 1.498431e+00 1.788232e-01 -9.832912e-01 3.406748e-02 4.866684e+01
5.770235e-01 -7.951643e-01 1.864343e-01 -1.667362e+01 2.941219e-02 -2.078905e-01 -9.777098e-01 1.498439e+00 8.161978e-01 5.696449e-01 -9.657017e-02 4.839640e+01
6.422748e-01 -9.141951e-03 7.664199e-01 -1.625379e+01 -7.645583e-01 -7.830289e-02 6.397807e-01 1.497057e+00 5.416406e-02 -9.968877e-01 -5.728153e-02 4.810456e+01
5.468695e-01 -8.370875e-01 -1.477056e-02 -1.578913e+01 -1.740385e-01 -9.640696e-02 -9.800083e-01 1.496709e+00 8.189288e-01 5.385073e-01 -1.984075e-01 4.779215e+01
5.816260e-01 -2.241069e-01 7.819765e-01 -1.546590e+01 -8.022732e-01 8.165961e-04 5.969565e-01 1.495038e+00 -1.344207e-01 -9.745642e-01 -1.793200e-01 4.758099e+01
5.409632e-01 -8.329006e-01 -1.167710e-01 -1.535191e+01 -1.894236e-01 1.461520e-02 -9.817867e-01 1.491257e+00 8.194373e-01 5.532296e-01 -1.498647e-01 4.752478e+01
4.676788e-01 -2.116019e-01 8.581964e-01 -1.525948e+01 -8.670508e-01 7.883738e-02 4.919427e-01 1.487189e+00 -1.717540e-01 -9.741711e-01 -1.465991e-01 4.747550e+01
4.306420e-01 -8.928004e-01 -1.321173e-01 -1.516270e+01 -1.369477e-01 8.005037e-02 -9.873385e-01 1.482976e+00 8.920722e-01 4.432825e-01 -8.779395e-02 4.743558e+01
