9.999990e-01 5.769989e-04 -1.257054e-03 -5.281554e-02 -5.776586e-04 9.999997e-01 -5.245412e-04 -5.295970e-03 1.256750e-03 5.252662e-04 9.999991e-01 2.638255e-01
1.000000e+00 -6.393585e-05 1.329471e-04 -1.086818e-01 6.394270e-05 1.000000e+00 -5.131361e-05 -1.030646e-02 -1.329435e-04 5.132282e-05 1.000000e+00 5.325184e-01
9.999985e-01 7.433449e-04 -1.550676e-03 -1.579956e-01 -7.440073e-04 9.999996e-01 -4.266353e-04 -1.568443e-02 1.550358e-03 4.277877e-04 9.999987e-01 7.923157e-01
9.999999e-01 9.306633e-05 3.781965e-04 -2.102655e-01 -9.304357e-05 1.000000e+00 -6.013907e-05 -2.114775e-02 -3.782018e-04 6.010459e-05 9.999999e-01 1.057925e+00
9.999942e-01 7.211415e-04 -3.321387e-03 -2.269396e-01 -7.212975e-04 9.999997e-01 -4.576687e-05 -2.870549e-02 3.321353e-03 4.816160e-05 9.999945e-01 1.234699e+00
9.999988e-01 1.060635e-04 1.549621e-03 -2.474690e-01 -1.060660e-04 1.000000e+00 1.526803e-06 -3.694641e-02 -1.549621e-03 -1.690451e-06 9.999988e-01 1.441195e+00
9.999949e-01 5.754084e-04 -3.155295e-03 -2.898875e-01 -5.764948e-04 9.999998e-01 -3.433958e-04 -4.300712e-02 3.155096e-03 3.452123e-04 9.999950e-01 1.682940e+00
9.999949e-01 3.859385e-04 3.166897e-03 -3.636216e-01 -3.850382e-04 9.999999e-01 -2.848776e-04 -4.680784e-02 -3.167006e-03 2.836575e-04 9.999949e-01 2.024901e+00
9.999965e-01 5.186381e-04 -2.581547e-03 -4.621852e-01 -5.202327e-04 9.999997e-01 -6.170438e-04 -4.897170e-02 2.581226e-03 6.183839e-04 9.999965e-01 2.378008e+00
9.999970e-01 2.587127e-04 2.433464e-03 -5.362635e-01 -2.589964e-04 1.000000e+00 1.162973e-04 -5.289771e-02 -2.433433e-03 -1.169265e-04 9.999970e-01 2.704512e+00
9.999935e-01 -2.059562e-05 -3.605929e-03 -5.937975e-01 1.815649e-05 9.999998e-01 -6.764457e-04 -5.780245e-02 3.605942e-03 6.763752e-04 9.999933e-01 2.967924e+00
9.999961e-01 8.742245e-04 2.634279e-03 -6.426645e-01 -8.749766e-04 9.999996e-01 2.843759e-04 -6.405639e-02 -2.634029e-03 -2.866790e-04 9.999965e-01 3.221562e+00
9.999924e-01 4.536166e-06 -3.911286e-03 -6.955344e-01 -7.599917e-06 9.999997e-01 -7.832885e-04 -6.979030e-02 3.911281e-03 7.833115e-04 9.999920e-01 3.470842e+00
9.999954e-01 7.414015e-04 2.955286e-03 -7.583438e-01 -7.419217e-04 9.999997e-01 1.749473e-04 -7.473319e-02 -2.955155e-03 -1.771384e-04 9.999956e-01 3.739017e+00
9.999921e-01 2.266626e-04 -3.963643e-03 -8.159039e-01 -2.296504e-04 9.999997e-01 -7.533563e-04 -7.993332e-02 3.963471e-03 7.542599e-04 9.999919e-01 4.002258e+00
9.999945e-01 2.879698e-05 3.305264e-03 -8.883586e-01 -2.919573e-05 1.000000e+00 1.206047e-04 -8.409349e-02 -3.305260e-03 -1.206998e-04 9.999945e-01 4.290200e+00
9.999893e-01 7.642994e-04 -4.569796e-03 -9.435977e-01 -7.672271e-04 9.999995e-01 -6.389267e-04 -8.955106e-02 4.569306e-03 6.424252e-04 9.999894e-01 4.544592e+00
9.999949e-01 -3.277042e-04 3.167724e-03 -9.947493e-01 3.271287e-04 9.999999e-01 1.822174e-04 -9.523161e-02 -3.167784e-03 -1.811795e-04 9.999950e-01 4.790335e+00
9.999914e-01 1.228452e-03 -3.969767e-03 -1.056324e+00 -1.231387e-03 9.999990e-01 -7.371651e-04 -1.003543e-01 3.968857e-03 7.420463e-04 9.999918e-01 5.060063e+00
9.999934e-01 -5.837001e-04 3.572411e-03 -1.133679e+00 5.833440e-04 9.999998e-01 1.007105e-04 -1.042946e-01 -3.572469e-03 -9.862515e-05 9.999936e-01 5.360042e+00
9.999786e-01 1.289741e-03 -6.412996e-03 -1.156921e+00 -1.292252e-03 9.999991e-01 -3.872903e-04 -1.118094e-01 6.412490e-03 3.955685e-04 9.999794e-01 5.533040e+00
9.999872e-01 -5.110874e-04 5.029961e-03 -1.200196e+00 5.109959e-04 9.999999e-01 1.948090e-05 -1.182899e-01 -5.029970e-03 -1.690965e-05 9.999873e-01 5.772451e+00
9.999715e-01 1.335830e-03 -7.434166e-03 -1.231656e+00 -1.337532e-03 9.999991e-01 -2.239472e-04 -1.250056e-01 7.433860e-03 2.338835e-04 9.999723e-01 5.967944e+00
9.999768e-01 -5.493103e-04 6.795365e-03 -1.287972e+00 5.502134e-04 9.999998e-01 -1.310213e-04 -1.306183e-01 -6.795292e-03 1.347579e-04 9.999769e-01 6.251866e+00
9.999809e-01 2.526264e-04 -6.182231e-03 -1.381959e+00 -2.564383e-04 9.999998e-01 -6.157988e-04 -1.326525e-01 6.182073e-03 6.173717e-04 9.999807e-01 6.619840e+00
9.999885e-01 3.710803e-04 4.777810e-03 -1.429594e+00 -3.726726e-04 9.999999e-01 3.323807e-04 -1.382098e-01 -4.777686e-03 -3.341567e-04 9.999885e-01 6.873525e+00
9.999896e-01 2.993270e-04 -4.543042e-03 -1.499153e+00 -3.029036e-04 9.999996e-01 -7.866041e-04 -1.425627e-01 4.542804e-03 7.879714e-04 9.999894e-01 7.218867e+00
9.999786e-01 -1.435915e-04 6.536894e-03 -1.606367e+00 1.433383e-04 1.000000e+00 3.920694e-05 -1.438317e-01 -6.536899e-03 -3.826840e-05 9.999786e-01 7.676065e+00
9.999840e-01 3.538226e-04 -5.637647e-03 -1.684669e+00 -3.576771e-04 9.999997e-01 -6.826956e-04 -1.466509e-01 5.637403e-03 6.847005e-04 9.999839e-01 8.072480e+00
9.999817e-01 3.326653e-04 6.034356e-03 -1.754183e+00 -3.329229e-04 9.999999e-01 4.168017e-05 -1.505147e-01 -6.034342e-03 -4.368767e-05 9.999818e-01 8.415763e+00
9.999788e-01 1.976667e-04 -6.511114e-03 -1.813983e+00 -1.999735e-04 9.999999e-01 -3.536316e-04 -1.552172e-01 6.511043e-03 3.549255e-04 9.999787e-01 8.715839e+00
9.999917e-01 4.172131e-04 4.050605e-03 -1.833298e+00 -4.180410e-04 9.999999e-01 2.035427e-04 -1.626635e-01 -4.050520e-03 -2.052336e-04 9.999918e-01 8.914657e+00
9.999722e-01 3.140587e-04 -7.445617e-03 -1.830963e+00 -3.156942e-04 9.999999e-01 -2.184795e-04 -1.716241e-01 7.445547e-03 2.208232e-04 9.999723e-01 9.065342e+00
9.999946e-01 4.488062e-04 3.265839e-03 -1.816982e+00 -4.501047e-04 9.999998e-01 3.968919e-04 -1.813157e-01 -3.265660e-03 -3.983590e-04 9.999946e-01 9.169897e+00
9.999536e-01 1.067787e-03 -9.575375e-03 -1.699374e+00 -1.079362e-03 9.999987e-01 -1.203808e-03 -1.935972e-01 9.574077e-03 1.214087e-03 9.999534e-01 9.173037e+00
9.999867e-01 -3.615749e-04 5.145180e-03 -1.646483e+00 3.588466e-04 9.999998e-01 5.311876e-04 -2.047658e-01 -5.145371e-03 -5.293335e-04 9.999866e-01 9.235642e+00
9.999368e-01 2.057566e-03 -1.105476e-02 -1.521060e+00 -2.060418e-03 9.999978e-01 -2.465585e-04 -2.173811e-01 1.105423e-02 2.693197e-04 9.999389e-01 9.243032e+00
9.999651e-01 -1.231007e-03 8.258706e-03 -1.527389e+00 1.228550e-03 9.999992e-01 3.025310e-04 -2.264166e-01 -8.259071e-03 -2.923735e-04 9.999659e-01 9.405808e+00
9.999647e-01 2.314486e-03 -8.079801e-03 -1.600079e+00 -2.321778e-03 9.999969e-01 -8.932731e-04 -2.312166e-01 8.077708e-03 9.120004e-04 9.999670e-01 9.717622e+00
9.999579e-01 -1.182575e-03 9.103833e-03 -1.699730e+00 1.182148e-03 9.999993e-01 5.222337e-05 -2.339962e-01 -9.103888e-03 -4.145837e-05 9.999586e-01 1.008448e+01
9.999512e-01 2.010319e-03 -9.668539e-03 -1.772000e+00 -2.016023e-03 9.999978e-01 -5.802120e-04 -2.384157e-01 9.667351e-03 5.996750e-04 9.999531e-01 1.037921e+01
9.999690e-01 -1.158196e-03 7.792349e-03 -1.815408e+00 1.155995e-03 9.999993e-01 2.870656e-04 -2.446078e-01 -7.792676e-03 -2.780480e-04 9.999696e-01 1.060607e+01
9.999459e-01 1.858993e-03 -1.022958e-02 -1.844869e+00 -1.863941e-03 9.999982e-01 -4.741984e-04 -2.519399e-01 1.022868e-02 4.932394e-04 9.999476e-01 1.079571e+01
9.999724e-01 -1.060493e-03 7.352240e-03 -1.862840e+00 1.058128e-03 9.999994e-01 3.255041e-04 -2.601025e-01 -7.352580e-03 -3.177148e-04 9.999729e-01 1.096373e+01
9.999630e-01 1.929847e-03 -8.377790e-03 -1.913708e+00 -1.936254e-03 9.999978e-01 -7.566747e-04 -2.659503e-01 8.376311e-03 7.728675e-04 9.999646e-01 1.122576e+01
9.999759e-01 -1.201445e-03 6.840085e-03 -1.966303e+00 1.199228e-03 9.999992e-01 3.281248e-04 -2.716436e-01 -6.840473e-03 -3.199134e-04 9.999766e-01 1.146878e+01
9.999472e-01 1.976656e-03 -1.008785e-02 -1.982672e+00 -1.982336e-03 9.999979e-01 -5.531430e-04 -2.795996e-01 1.008673e-02 5.731105e-04 9.999490e-01 1.161874e+01
9.999814e-01 -1.359637e-03 5.944315e-03 -1.965089e+00 1.355457e-03 9.999988e-01 7.071765e-04 -2.895639e-01 -5.945269e-03 -6.991054e-04 9.999821e-01 1.171855e+01
9.999432e-01 1.845185e-03 -1.049273e-02 -1.926740e+00 -1.855021e-03 9.999978e-01 -9.276931e-04 -3.001816e-01 1.049100e-02 9.471040e-04 9.999445e-01 1.180148e+01
9.999954e-01 -5.314815e-04 2.991837e-03 -1.808463e+00 5.313388e-04 9.999999e-01 4.850634e-05 -3.128170e-01 -2.991862e-03 -4.691572e-05 9.999955e-01 1.181300e+01
9.999730e-01 4.063672e-04 -7.333556e-03 -1.755817e+00 -4.049711e-04 9.999999e-01 1.918617e-04 -3.232364e-01 7.333633e-03 -1.888874e-04 9.999731e-01 1.191012e+01
9.999982e-01 -8.009666e-04 1.744235e-03 -1.731121e+00 8.008779e-04 9.999997e-01 5.162646e-05 -3.333927e-01 -1.744275e-03 -5.022873e-05 9.999985e-01 1.200299e+01
9.999704e-01 1.877857e-04 -7.697756e-03 -1.687220e+00 -1.862097e-04 1.000000e+00 2.054640e-04 -3.444425e-01 7.697793e-03 -2.040253e-04 9.999704e-01 1.206205e+01
9.999913e-01 6.667511e-04 4.119237e-03 -1.681332e+00 -6.662878e-04 9.999998e-01 -1.138435e-04 -3.539721e-01 -4.119312e-03 1.110986e-04 9.999915e-01 1.219373e+01
9.999253e-01 -2.978105e-03 -1.185262e-02 -1.648412e+00 2.986559e-03 9.999953e-01 6.956862e-04 -3.645487e-01 1.185050e-02 -7.310335e-04 9.999295e-01 1.226742e+01
9.999862e-01 4.343661e-03 2.958886e-03 -1.450963e+00 -4.344659e-03 9.999905e-01 3.309393e-04 -3.784527e-01 -2.957420e-03 -3.437894e-04 9.999956e-01 1.221923e+01
9.999343e-01 -5.287822e-03 -1.017112e-02 -1.320239e+00 5.287931e-03 9.999860e-01 -1.618969e-05 -3.911659e-01 1.017106e-02 -3.759626e-05 9.999483e-01 1.221923e+01
9.999806e-01 6.131807e-03 1.121059e-03 -1.172510e+00 -6.130861e-03 9.999808e-01 -8.455008e-04 -4.045360e-01 -1.126221e-03 8.386120e-04 9.999990e-01 1.218743e+01
9.999762e-01 -5.026935e-03 -4.734381e-03 -1.139498e+00 5.031151e-03 9.999870e-01 8.791391e-04 -4.149111e-01 4.729900e-03 -9.029382e-04 9.999884e-01 1.230939e+01
9.999811e-01 5.832790e-03 1.952279e-03 -1.158762e+00 -5.830578e-03 9.999824e-01 -1.137135e-03 -4.224082e-01 -1.958877e-03 1.125731e-03 9.999974e-01 1.247800e+01
9.999743e-01 -5.133037e-03 -5.005479e-03 -1.170054e+00 5.138354e-03 9.999862e-01 1.049966e-03 -4.309079e-01 5.000020e-03 -1.075660e-03 9.999869e-01 1.264397e+01
9.999845e-01 5.449608e-03 1.102213e-03 -1.179852e+00 -5.448394e-03 9.999846e-01 -1.101899e-03 -4.387150e-01 -1.108200e-03 1.095878e-03 9.999988e-01 1.280165e+01
9.999735e-01 -3.759990e-03 -6.230427e-03 -1.079461e+00 3.759842e-03 9.999929e-01 -3.531483e-05 -4.508848e-01 6.230516e-03 1.188775e-05 9.999806e-01 1.281910e+01
9.999894e-01 4.504743e-03 -9.898229e-04 -9.678871e-01 -4.504803e-03 9.999899e-01 -5.848917e-05 -4.636146e-01 9.895497e-04 6.294822e-05 9.999995e-01 1.282452e+01
9.999896e-01 -3.615771e-03 -2.785149e-03 -9.536062e-01 3.616321e-03 9.999934e-01 1.922760e-04 -4.737131e-01 2.784435e-03 -2.023467e-04 9.999961e-01 1.293734e+01
9.999900e-01 4.349847e-03 1.033042e-03 -9.895500e-01 -4.349328e-03 9.999904e-01 -5.032266e-04 -4.804805e-01 -1.035221e-03 4.987292e-04 9.999993e-01 1.317206e+01
9.999883e-01 -3.734974e-03 -3.081062e-03 -1.021049e+00 3.735826e-03 9.999930e-01 2.709260e-04 -4.874289e-01 3.080029e-03 -2.824338e-04 9.999952e-01 1.338803e+01
9.999803e-01 3.755240e-03 -5.036395e-03 -8.642943e-01 -3.768092e-03 9.999897e-01 -2.544846e-03 -5.005839e-01 5.026787e-03 2.563774e-03 9.999841e-01 1.336151e+01
9.999812e-01 -5.846032e-03 -1.846694e-03 -7.248265e-01 5.851401e-03 9.999786e-01 2.915526e-03 -5.136179e-01 1.829610e-03 -2.926278e-03 9.999940e-01 1.336543e+01
9.999775e-01 6.601821e-03 -1.225222e-03 -7.420271e-01 -6.605515e-03 9.999736e-01 -3.035997e-03 -5.216928e-01 1.205146e-03 3.044022e-03 9.999946e-01 1.352392e+01
9.999834e-01 -5.755894e-03 2.621712e-04 -7.958076e-01 5.755177e-03 9.999799e-01 2.657874e-03 -5.279331e-01 -2.774647e-04 -2.656322e-03 9.999964e-01 1.377713e+01
9.999878e-01 4.765203e-03 1.309299e-03 -9.311444e-01 -4.759855e-03 9.999804e-01 -4.058358e-03 -5.271558e-01 -1.328612e-03 4.052077e-03 9.999909e-01 1.419916e+01
9.999888e-01 -4.635632e-03 -9.291149e-04 -1.031823e+00 4.638513e-03 9.999844e-01 3.122151e-03 -5.291546e-01 9.146269e-04 -3.126426e-03 9.999947e-01 1.454631e+01
9.999867e-01 5.154888e-03 -1.850650e-04 -1.096891e+00 -5.155556e-03 9.999795e-01 -3.809653e-03 -5.335121e-01 1.654232e-04 3.810558e-03 9.999927e-01 1.481774e+01
9.998641e-01 -8.783883e-03 -1.395122e-02 -9.358219e-01 8.792604e-03 9.999612e-01 5.638815e-04 -5.459711e-01 1.394572e-02 -6.864731e-04 9.999025e-01 1.478666e+01
9.999699e-01 5.361798e-03 5.603945e-03 -7.438668e-01 -5.362657e-03 9.999856e-01 1.382145e-04 -5.601057e-01 -5.603123e-03 -1.682617e-04 9.999843e-01 1.477553e+01
9.999657e-01 -4.631655e-03 -6.860926e-03 -7.964409e-01 4.627295e-03 9.999891e-01 -6.513041e-04 -5.656337e-01 6.863867e-03 6.195335e-04 9.999763e-01 1.503377e+01
9.999741e-01 5.341784e-03 4.822213e-03 -8.361611e-01 -5.342820e-03 9.999857e-01 2.020450e-04 -5.718082e-01 -4.821064e-03 -2.278033e-04 9.999884e-01 1.525828e+01
9.999565e-01 -4.573729e-03 -8.126699e-03 -8.485782e-01 4.570639e-03 9.999895e-01 -3.986970e-04 -5.798164e-01 8.128437e-03 3.615347e-04 9.999669e-01 1.540697e+01
9.999923e-01 3.820033e-03 -8.854766e-04 -7.368892e-01 -3.819543e-03 9.999926e-01 5.542825e-04 -5.923400e-01 8.875877e-04 -5.508954e-04 9.999995e-01 1.541003e+01
9.999950e-01 -3.084948e-03 -7.382898e-04 -7.590995e-01 3.084409e-03 9.999950e-01 -7.307945e-04 -6.001860e-01 7.405403e-04 7.285129e-04 9.999995e-01 1.563734e+01
9.999959e-01 2.155180e-03 1.891390e-03 -8.813340e-01 -2.154435e-03 9.999976e-01 -3.956278e-04 -6.002540e-01 -1.892237e-03 3.915520e-04 9.999981e-01 1.604577e+01
9.999954e-01 -3.014747e-03 -1.419071e-04 -1.012204e+00 3.014630e-03 9.999951e-01 -8.217188e-04 -6.001093e-01 1.443833e-04 8.212865e-04 9.999997e-01 1.647827e+01
9.999899e-01 1.680269e-03 4.178549e-03 -1.208272e+00 -1.676165e-03 9.999981e-01 -9.853950e-04 -5.951626e-01 -4.180196e-03 9.783818e-04 9.999908e-01 1.703342e+01
9.999913e-01 -2.427026e-03 -3.385244e-03 -1.324437e+00 2.426641e-03 9.999970e-01 -1.177852e-04 -5.957209e-01 3.385519e-03 1.095687e-04 9.999943e-01 1.742315e+01
9.999903e-01 1.813509e-03 4.012835e-03 -1.431952e+00 -1.808985e-03 9.999977e-01 -1.130655e-03 -5.969030e-01 -4.014876e-03 1.123386e-03 9.999913e-01 1.780102e+01
9.999932e-01 -2.113044e-03 -3.027472e-03 -1.553512e+00 2.112802e-03 9.999978e-01 -8.314426e-05 -5.973403e-01 3.027640e-03 7.674653e-05 9.999954e-01 1.819799e+01
9.999453e-01 1.603295e-03 1.033876e-02 -1.833884e+00 -1.579250e-03 9.999960e-01 -2.333408e-03 -5.865958e-01 -1.034246e-02 2.316954e-03 9.999438e-01 1.893593e+01
9.999741e-01 -4.078306e-03 -5.925226e-03 -2.047532e+00 4.079217e-03 9.999917e-01 1.415824e-04 -5.805982e-01 5.924599e-03 -1.657497e-04 9.999824e-01 1.951921e+01
9.999582e-01 1.811647e-03 8.956920e-03 -2.231782e+00 -1.793001e-03 9.999962e-01 -2.089281e-03 -5.758008e-01 -8.960671e-03 2.073135e-03 9.999577e-01 2.003888e+01
9.999606e-01 -2.612151e-03 -8.488938e-03 -2.340926e+00 2.620394e-03 9.999961e-01 9.600537e-04 -5.768272e-01 8.486397e-03 -9.822609e-04 9.999635e-01 2.041188e+01
9.999311e-01 -8.049646e-03 -8.543433e-03 -2.281182e+00 8.057799e-03 9.999671e-01 9.202488e-04 -5.854904e-01 8.535745e-03 -9.890260e-04 9.999631e-01 2.052920e+01
9.999610e-01 1.575623e-03 -8.691037e-03 -1.784338e+00 -1.554017e-03 9.999957e-01 2.492273e-03 -6.037231e-01 8.694926e-03 -2.478671e-03 9.999591e-01 2.032782e+01
9.999350e-01 2.750120e-04 1.140064e-02 -1.877635e+00 -2.430087e-04 9.999960e-01 -2.808427e-03 -6.046792e-01 -1.140137e-02 2.805474e-03 9.999311e-01 2.088303e+01
9.995595e-01 -1.751254e-02 -2.396133e-02 -2.086984e+00 1.759274e-02 9.998403e-01 3.140322e-03 -5.958054e-01 2.390251e-02 -3.560485e-03 9.997080e-01 2.150240e+01
9.995438e-01 1.857094e-02 2.381982e-02 -2.139559e+00 -1.848218e-02 9.998214e-01 -3.941087e-03 -6.015942e-01 -2.388875e-02 3.499047e-03 9.997085e-01 2.181983e+01
9.995537e-01 -1.899419e-02 -2.305757e-02 -2.262580e+00 1.905325e-02 9.998157e-01 2.344262e-03 -6.010570e-01 2.300879e-02 -2.782538e-03 9.997314e-01 2.221104e+01
9.995664e-01 1.920415e-02 2.232280e-02 -2.333019e+00 -1.913106e-02 9.998109e-01 -3.483197e-03 -6.051762e-01 -2.238547e-02 3.054628e-03 9.997447e-01 2.251315e+01
9.995898e-01 -2.050078e-02 -2.000062e-02 -2.480881e+00 2.053901e-02 9.997876e-01 1.707753e-03 -6.038180e-01 1.996136e-02 -2.117846e-03 9.997985e-01 2.298549e+01
9.995800e-01 1.922324e-02 2.168448e-02 -2.627624e+00 -1.915339e-02 9.998107e-01 -3.424627e-03 -6.016513e-01 -2.174621e-02 3.007858e-03 9.997590e-01 2.343650e+01
9.995564e-01 -1.847670e-02 -2.335834e-02 -2.673828e+00 1.854180e-02 9.998248e-01 2.573223e-03 -6.074366e-01 2.330670e-02 -3.005188e-03 9.997238e-01 2.367808e+01
9.995586e-01 1.829462e-02 2.340831e-02 -2.766721e+00 -1.820993e-02 9.998269e-01 -3.826271e-03 -6.099022e-01 -2.347425e-02 3.398319e-03 9.997187e-01 2.402356e+01
9.995361e-01 -1.732717e-02 -2.504879e-02 -2.821662e+00 1.740648e-02 9.998441e-01 2.951584e-03 -6.143124e-01 2.499374e-02 -3.386226e-03 9.996819e-01 2.427731e+01
9.995956e-01 1.826618e-02 2.179434e-02 -2.829642e+00 -1.819441e-02 9.998284e-01 -3.487031e-03 -6.231286e-01 -2.185429e-02 3.089087e-03 9.997564e-01 2.443145e+01
9.995663e-01 -1.747438e-02 -2.370267e-02 -2.863828e+00 1.754165e-02 9.998427e-01 2.633164e-03 -6.296389e-01 2.365293e-02 -3.047807e-03 9.997156e-01 2.466709e+01
9.995909e-01 1.811208e-02 2.213704e-02 -2.906901e+00 -1.803841e-02 9.998311e-01 -3.523227e-03 -6.356350e-01 -2.219711e-02 3.122469e-03 9.997487e-01 2.492132e+01
9.995870e-01 -1.824808e-02 -2.220002e-02 -2.981481e+00 1.830375e-02 9.998298e-01 2.307150e-03 -6.393079e-01 2.215414e-02 -2.712541e-03 9.997509e-01 2.525715e+01
9.995845e-01 1.718693e-02 2.313915e-02 -3.092447e+00 -1.710314e-02 9.998465e-01 -3.814438e-03 -6.405577e-01 -2.320116e-02 3.417101e-03 9.997250e-01 2.564883e+01
9.996102e-01 -1.888256e-02 -2.056230e-02 -3.248890e+00 1.892858e-02 9.998187e-01 2.045824e-03 -6.388766e-01 2.051994e-02 -2.434243e-03 9.997865e-01 2.613153e+01
9.995966e-01 1.924687e-02 2.088552e-02 -3.350701e+00 -1.918407e-02 9.998108e-01 -3.203088e-03 -6.405460e-01 -2.094322e-02 2.801127e-03 9.997767e-01 2.647584e+01
9.995801e-01 -1.847968e-02 -2.231863e-02 -3.400723e+00 1.853581e-02 9.998255e-01 2.310918e-03 -6.463617e-01 2.227203e-02 -2.723642e-03 9.997482e-01 2.672402e+01
9.995711e-01 1.814231e-02 2.298851e-02 -3.506515e+00 -1.806227e-02 9.998301e-01 -3.684645e-03 -6.482758e-01 -2.305145e-02 3.267840e-03 9.997289e-01 2.709761e+01
9.996328e-01 -2.048763e-02 -1.773493e-02 -3.723209e+00 2.051750e-02 9.997884e-01 1.504171e-03 -6.424259e-01 1.770036e-02 -1.867496e-03 9.998416e-01 2.771965e+01
9.994669e-01 1.571993e-02 2.861449e-02 -4.078664e+00 -1.558039e-02 9.998656e-01 -5.093018e-03 -6.265056e-01 -2.869071e-02 4.644478e-03 9.995775e-01 2.865856e+01
9.996320e-01 -1.982093e-02 -1.851956e-02 -4.411282e+00 1.986056e-02 9.998008e-01 1.958382e-03 -6.116997e-01 1.847706e-02 -2.325471e-03 9.998266e-01 2.956403e+01
9.994268e-01 1.434056e-02 3.066653e-02 -4.800077e+00 -1.416581e-02 9.998822e-01 -5.908143e-03 -5.928955e-01 -3.074765e-02 5.470341e-03 9.995122e-01 3.057615e+01
9.996381e-01 -2.023707e-02 -1.772255e-02 -5.206166e+00 2.027713e-02 9.997922e-01 2.083876e-03 -5.726259e-01 1.767670e-02 -2.442485e-03 9.998408e-01 3.164005e+01
9.994447e-01 1.447847e-02 3.001121e-02 -5.602308e+00 -1.430377e-02 9.998795e-01 -6.027553e-03 -5.531561e-01 -3.009487e-02 5.594933e-03 9.995314e-01 3.266153e+01
9.995464e-01 -1.645289e-02 -2.522668e-02 -5.810197e+00 1.655788e-02 9.998551e-01 3.958926e-03 -5.456940e-01 2.515789e-02 -4.374831e-03 9.996739e-01 3.327573e+01
9.994744e-01 1.699814e-02 2.760558e-02 -5.916831e+00 -1.686292e-02 9.998447e-01 -5.123661e-03 -5.481320e-01 -2.768838e-02 4.655457e-03 9.996058e-01 3.371821e+01
9.995941e-01 -1.964150e-02 -2.063634e-02 -6.156597e+00 1.970285e-02 9.998020e-01 2.773939e-03 -5.405526e-01 2.057777e-02 -3.179408e-03 9.997832e-01 3.443779e+01
9.995214e-01 1.715849e-02 2.573849e-02 -6.358404e+00 -1.703425e-02 9.998422e-01 -5.038585e-03 -5.345282e-01 -2.582089e-02 4.597739e-03 9.996560e-01 3.505100e+01
9.995225e-01 -1.745753e-02 -2.549489e-02 -6.440611e+00 1.756115e-02 9.998384e-01 3.845894e-03 -5.377095e-01 2.542363e-02 -4.291777e-03 9.996676e-01 3.539339e+01
9.995616e-01 1.840200e-02 2.319241e-02 -6.470724e+00 -1.830635e-02 9.998231e-01 -4.329441e-03 -5.443189e-01 -2.326798e-02 3.902976e-03 9.997216e-01 3.559813e+01
9.995000e-01 -1.770131e-02 -2.619963e-02 -6.481130e+00 1.780514e-02 9.998345e-01 3.735053e-03 -5.524804e-01 2.612918e-02 -4.199674e-03 9.996498e-01 3.577132e+01
9.995521e-01 1.841328e-02 2.359135e-02 -6.489050e+00 -1.831664e-02 9.998230e-01 -4.305964e-03 -5.611940e-01 -2.366646e-02 3.871921e-03 9.997124e-01 3.596041e+01
9.995452e-01 -1.768637e-02 -2.442701e-02 -6.528848e+00 1.778006e-02 9.998354e-01 3.623410e-03 -5.678612e-01 2.435890e-02 -4.056076e-03 9.996950e-01 3.623253e+01
9.995223e-01 1.839000e-02 2.483952e-02 -6.599205e+00 -1.828385e-02 9.998227e-01 -4.493920e-03 -5.722921e-01 -2.491776e-02 4.037612e-03 9.996814e-01 3.657974e+01
9.995776e-01 -1.868626e-02 -2.225908e-02 -6.717876e+00 1.876119e-02 9.998190e-01 3.162175e-03 -5.730103e-01 2.219596e-02 -3.578446e-03 9.997472e-01 3.705335e+01
9.995220e-01 1.826006e-02 2.494801e-02 -6.845741e+00 -1.815199e-02 9.998249e-01 -4.551479e-03 -5.729284e-01 -2.502675e-02 4.096448e-03 9.996784e-01 3.753546e+01
9.996404e-01 -2.118681e-02 -1.643808e-02 -7.105987e+00 2.122201e-02 9.997728e-01 1.969894e-03 -5.644279e-01 1.639261e-02 -2.318036e-03 9.998629e-01 3.830883e+01
9.994545e-01 1.567018e-02 2.907240e-02 -7.502961e+00 -1.550619e-02 9.998626e-01 -5.857736e-03 -5.449257e-01 -2.916019e-02 5.403739e-03 9.995601e-01 3.934931e+01
9.996508e-01 -1.938018e-02 -1.796433e-02 -7.846112e+00 1.943250e-02 9.998074e-01 2.742513e-03 -5.294356e-01 1.790772e-02 -3.090647e-03 9.998349e-01 4.031144e+01
9.995074e-01 1.497521e-02 2.757986e-02 -8.158403e+00 -1.481819e-02 9.998729e-01 -5.888932e-03 -5.154718e-01 -2.766454e-02 5.477349e-03 9.996023e-01 4.120015e+01
9.995997e-01 -1.642597e-02 -2.303521e-02 -8.334040e+00 1.652660e-02 9.998547e-01 4.185088e-03 -5.114211e-01 2.296312e-02 -4.564107e-03 9.997259e-01 4.179780e+01
9.995291e-01 1.590828e-02 2.623979e-02 -8.466833e+00 -1.576532e-02 9.998598e-01 -5.646395e-03 -5.111097e-01 -2.632593e-02 5.230058e-03 9.996397e-01 4.230435e+01
9.995906e-01 -1.668813e-02 -2.324005e-02 -8.601402e+00 1.679127e-02 9.998500e-01 4.249812e-03 -5.105762e-01 2.316564e-02 -4.638302e-03 9.997209e-01 4.280066e+01
9.995383e-01 1.681786e-02 2.530406e-02 -8.710730e+00 -1.668613e-02 9.998462e-01 -5.407894e-03 -5.120003e-01 -2.539112e-02 4.983171e-03 9.996652e-01 4.324663e+01
9.995610e-01 -1.649183e-02 -2.461398e-02 -8.787808e+00 1.660846e-02 9.998518e-01 4.541476e-03 -5.156234e-01 2.453543e-02 -4.948283e-03 9.996867e-01 4.360083e+01
9.995684e-01 1.713505e-02 2.386018e-02 -8.831769e+00 -1.701400e-02 9.998414e-01 -5.267256e-03 -5.214597e-01 -2.394665e-02 4.859027e-03 9.997014e-01 4.390344e+01
9.995705e-01 -1.642443e-02 -2.427025e-02 -8.885961e+00 1.653727e-02 9.998533e-01 4.456147e-03 -5.262249e-01 2.419350e-02 -4.855598e-03 9.996955e-01 4.423448e+01
9.995628e-01 1.707162e-02 2.413921e-02 -8.940132e+00 -1.695082e-02 9.998428e-01 -5.200271e-03 -5.316496e-01 -2.422419e-02 4.788819e-03 9.996951e-01 4.454023e+01
9.995597e-01 -1.665180e-02 -2.456017e-02 -8.995887e+00 1.676484e-02 9.998498e-01 4.404248e-03 -5.368081e-01 2.448314e-02 -4.814057e-03 9.996887e-01 4.485364e+01
9.995565e-01 1.728947e-02 2.424814e-02 -9.046642e+00 -1.717041e-02 9.998395e-01 -5.109832e-03 -5.424396e-01 -2.433260e-02 4.691216e-03 9.996929e-01 4.516084e+01
9.995339e-01 -1.658591e-02 -2.562964e-02 -9.085102e+00 1.670380e-02 9.998508e-01 4.392794e-03 -5.488487e-01 2.555296e-02 -4.818860e-03 9.996619e-01 4.542455e+01
9.995305e-01 1.730228e-02 2.528836e-02 -9.132154e+00 -1.717803e-02 9.998393e-01 -5.122455e-03 -5.548604e-01 -2.537293e-02 4.685646e-03 9.996671e-01 4.572333e+01
9.995492e-01 -1.705999e-02 -2.470353e-02 -9.214510e+00 1.716779e-02 9.998440e-01 4.158368e-03 -5.582806e-01 2.462874e-02 -4.580599e-03 9.996862e-01 4.608537e+01
9.995490e-01 1.750958e-02 2.439516e-02 -9.275702e+00 -1.739279e-02 9.998363e-01 -4.991287e-03 -5.633333e-01 -2.447856e-02 4.564737e-03 9.996899e-01 4.639091e+01
9.995379e-01 -1.761107e-02 -2.477635e-02 -9.347650e+00 1.771537e-02 9.998351e-01 3.996475e-03 -5.673684e-01 2.470188e-02 -4.433551e-03 9.996850e-01 4.670451e+01
9.995499e-01 1.776514e-02 2.417534e-02 -9.416914e+00 -1.764924e-02 9.998317e-01 -4.999123e-03 -5.718282e-01 -2.426008e-02 4.570197e-03 9.996952e-01 4.700192e+01
9.995023e-01 -1.689470e-02 -2.664064e-02 -9.443665e+00 1.701751e-02 9.998456e-01 4.389898e-03 -5.787370e-01 2.656236e-02 -4.841071e-03 9.996354e-01 4.719833e+01
9.995463e-01 1.781174e-02 2.428982e-02 -9.458061e+00 -1.769819e-02 9.998315e-01 -4.881785e-03 -5.872161e-01 -2.437268e-02 4.449685e-03 9.996930e-01 4.738860e+01
9.994955e-01 -1.701300e-02 -2.681869e-02 -9.482439e+00 1.713429e-02 9.998440e-01 4.299042e-03 -5.941498e-01 2.674136e-02 -4.756393e-03 9.996311e-01 4.759381e+01
9.994733e-01 1.642765e-02 2.798770e-02 -9.590279e+00 -1.627247e-02 9.998510e-01 -5.763355e-03 -5.958387e-01 -2.807821e-02 5.304891e-03 9.995917e-01 4.799750e+01
9.995232e-01 -1.732372e-02 -2.555797e-02 -9.733262e+00 1.743583e-02 9.998393e-01 4.170357e-03 -5.945938e-01 2.548161e-02 -4.613993e-03 9.996646e-01 4.848131e+01
9.994380e-01 1.546247e-02 2.974296e-02 -9.911892e+00 -1.528018e-02 9.998631e-01 -6.346331e-03 -5.915197e-01 -2.983702e-02 5.888287e-03 9.995374e-01 4.903471e+01
9.995302e-01 -1.613325e-02 -2.605889e-02 -1.008189e+01 1.626023e-02 9.998569e-01 4.668286e-03 -5.881154e-01 2.597985e-02 -5.089817e-03 9.996495e-01 4.959692e+01
9.995128e-01 1.655847e-02 2.645695e-02 -1.015073e+01 -1.641773e-02 9.998499e-01 -5.527713e-03 -5.916006e-01 -2.654451e-02 5.090657e-03 9.996347e-01 4.996502e+01
9.995425e-01 -1.582341e-02 -2.577621e-02 -1.021710e+01 1.594817e-02 9.998620e-01 4.641726e-03 -5.957754e-01 2.569921e-02 -5.050686e-03 9.996570e-01 5.033724e+01
9.994849e-01 1.568745e-02 2.799581e-02 -1.032826e+01 -1.552713e-02 9.998618e-01 -5.934912e-03 -5.970501e-01 -2.808504e-02 5.497162e-03 9.995904e-01 5.080525e+01
9.991376e-01 -2.153314e-02 -3.550154e-02 -1.037559e+01 2.176504e-02 9.997441e-01 6.158568e-03 -6.009469e-01 3.535984e-02 -6.925950e-03 9.993506e-01 5.109246e+01
9.991202e-01 2.260520e-02 3.532438e-02 -1.040784e+01 -2.236462e-02 9.997240e-01 -7.191061e-03 -6.074523e-01 -3.547719e-02 6.394718e-03 9.993500e-01 5.142046e+01
9.991846e-01 -2.234072e-02 -3.363220e-02 -1.051945e+01 2.254655e-02 9.997292e-01 5.753389e-03 -6.075017e-01 3.349456e-02 -6.506988e-03 9.994177e-01 5.186025e+01
9.992563e-01 2.328607e-02 3.073293e-02 -1.052008e+01 -2.309571e-02 9.997119e-01 -6.534444e-03 -6.158458e-01 -3.087623e-02 5.819787e-03 9.995063e-01 5.206626e+01
9.993251e-01 -2.230446e-02 -2.918785e-02 -1.059592e+01 2.247056e-02 9.997331e-01 5.374963e-03 -6.199580e-01 2.906017e-02 -6.027203e-03 9.995595e-01 5.247530e+01
9.991597e-01 2.120933e-02 3.507303e-02 -1.080820e+01 -2.095094e-02 9.997507e-01 -7.718394e-03 -6.144486e-01 -3.522799e-02 6.977096e-03 9.993549e-01 5.314577e+01
9.993450e-01 -2.277199e-02 -2.812599e-02 -1.105335e+01 2.293222e-02 9.997225e-01 5.387223e-03 -6.062942e-01 2.799551e-02 -6.028686e-03 9.995899e-01 5.388886e+01
9.991715e-01 2.077444e-02 3.499668e-02 -1.128992e+01 -2.050570e-02 9.997576e-01 -8.020615e-03 -5.987331e-01 -3.515482e-02 7.296339e-03 9.993552e-01 5.462297e+01
9.982680e-01 -3.266256e-02 -4.893100e-02 -1.132209e+01 3.311071e-02 9.994166e-01 8.376127e-03 -6.029323e-01 4.862887e-02 -9.981760e-03 9.987670e-01 5.492331e+01
9.982905e-01 3.434414e-02 4.729262e-02 -1.126147e+01 -3.389981e-02 9.993735e-01 -1.016581e-02 -6.124388e-01 -4.761213e-02 8.545221e-03 9.988293e-01 5.517563e+01
9.984849e-01 -3.328019e-02 -4.382107e-02 -1.139821e+01 3.366247e-02 9.994011e-01 8.014685e-03 -6.119202e-01 4.352810e-02 -9.477668e-03 9.990072e-01 5.570022e+01
9.982775e-01 3.423230e-02 4.764694e-02 -1.153546e+01 -3.377984e-02 9.993765e-01 -1.026944e-02 -6.113608e-01 -4.796878e-02 8.642250e-03 9.988114e-01 5.622273e+01
9.984274e-01 -3.313681e-02 -4.521837e-02 -1.164089e+01 3.353881e-02 9.994041e-01 8.160470e-03 -6.128108e-01 4.492101e-02 -9.664208e-03 9.989438e-01 5.666397e+01
9.983155e-01 3.409614e-02 4.694193e-02 -1.173465e+01 -3.365213e-02 9.993814e-01 -1.021689e-02 -6.151410e-01 -4.726124e-02 8.619988e-03 9.988454e-01 5.709572e+01
9.983815e-01 -3.302154e-02 -4.630302e-02 -1.180461e+01 3.343491e-02 9.994074e-01 8.181294e-03 -6.187547e-01 4.600542e-02 -9.716191e-03 9.988939e-01 5.747300e+01
9.984060e-01 3.393793e-02 4.509572e-02 -1.184759e+01 -3.352530e-02 9.993891e-01 -9.875438e-03 -6.248107e-01 -4.540332e-02 8.347851e-03 9.989339e-01 5.774287e+01
9.975548e-01 -3.976392e-02 -5.747341e-02 -1.175454e+01 4.035913e-02 9.991426e-01 9.232319e-03 -6.361999e-01 5.705702e-02 -1.152932e-02 9.983043e-01 5.784906e+01
9.975548e-01 4.487735e-02 5.357669e-02 -1.147387e+01 -4.443199e-02 9.989675e-01 -9.475549e-03 -6.470237e-01 -5.394661e-02 7.071860e-03 9.985188e-01 5.795306e+01
9.922532e-01 -9.607213e-02 -7.876418e-02 -1.080462e+01 9.539352e-02 9.953631e-01 -1.234235e-02 -6.667762e-01 7.958471e-02 4.733139e-03 9.968169e-01 5.779569e+01
9.919874e-01 9.815170e-02 7.954349e-02 -1.074394e+01 -9.888686e-02 9.950843e-01 5.346785e-03 -6.745069e-01 -7.862768e-02 -1.316975e-02 9.968171e-01 5.805827e+01
9.922702e-01 -9.857380e-02 -7.538594e-02 -1.087679e+01 9.783728e-02 9.951121e-01 -1.341039e-02 -6.754736e-01 7.633937e-02 5.931177e-03 9.970643e-01 5.855133e+01
9.940263e-01 9.102538e-02 6.021781e-02 -1.074388e+01 -9.165236e-02 9.957611e-01 7.727422e-03 -6.862373e-01 -5.925916e-02 -1.320036e-02 9.981553e-01 5.860645e+01
9.927080e-01 -9.446906e-02 -7.487570e-02 -1.039596e+01 9.378842e-02 9.955129e-01 -1.256283e-02 -7.022096e-01 7.572652e-02 5.448749e-03 9.971137e-01 5.849736e+01
9.928976e-01 9.475276e-02 7.194665e-02 -1.036643e+01 -9.542458e-02 9.954189e-01 5.951014e-03 -7.123976e-01 -7.105318e-02 -1.277423e-02 9.973907e-01 5.862773e+01
9.929362e-01 -9.411289e-02 -7.225320e-02 -1.039608e+01 9.338969e-02 9.955404e-01 -1.333060e-02 -7.189314e-01 7.318556e-02 6.488730e-03 9.972972e-01 5.891846e+01
9.928447e-01 9.434340e-02 7.320269e-02 -1.046533e+01 -9.504053e-02 9.954548e-01 6.091352e-03 -7.242641e-01 -7.229529e-02 -1.300499e-02 9.972985e-01 5.922512e+01
9.932100e-01 -9.422191e-02 -6.823625e-02 -1.062703e+01 9.349974e-02 9.955249e-01 -1.370809e-02 -7.222639e-01 6.922249e-02 7.234935e-03 9.975750e-01 5.974808e+01
9.929695e-01 9.436714e-02 7.145904e-02 -1.074758e+01 -9.505114e-02 9.954529e-01 6.225062e-03 -7.223301e-01 -7.054667e-02 -1.297356e-02 9.974241e-01 6.023733e+01
9.932164e-01 -9.415903e-02 -6.822904e-02 -1.086780e+01 9.342902e-02 9.955300e-01 -1.381974e-02 -7.221812e-01 6.922531e-02 7.351423e-03 9.975740e-01 6.068783e+01
9.933435e-01 9.428346e-02 6.617640e-02 -1.087938e+01 -9.498853e-02 9.954495e-01 7.583090e-03 -7.304478e-01 -6.516031e-02 -1.381861e-02 9.977791e-01 6.085558e+01
9.934424e-01 -9.389878e-02 -6.523213e-02 -1.094435e+01 9.316059e-02 9.955488e-01 -1.427420e-02 -7.341276e-01 6.628210e-02 8.103528e-03 9.977680e-01 6.124191e+01
9.937033e-01 9.230255e-02 6.351427e-02 -1.099396e+01 -9.300014e-02 9.956331e-01 8.109655e-03 -7.389319e-01 -6.248836e-02 -1.396543e-02 9.979480e-01 6.151393e+01
9.936979e-01 -9.217502e-02 -6.378216e-02 -1.103122e+01 9.144049e-02 9.957072e-01 -1.434730e-02 -7.453012e-01 6.483082e-02 8.424607e-03 9.978607e-01 6.178324e+01
9.936715e-01 9.241008e-02 6.385340e-02 -1.107730e+01 -9.310407e-02 9.956245e-01 7.973307e-03 -7.506466e-01 -6.283719e-02 -1.386786e-02 9.979274e-01 6.204389e+01
9.937597e-01 -9.199211e-02 -6.307955e-02 -1.114227e+01 9.124684e-02 9.957212e-01 -1.460165e-02 -7.544485e-01 6.415289e-02 8.754721e-03 9.979017e-01 6.234726e+01
9.937731e-01 9.205434e-02 6.277749e-02 -1.118545e+01 -9.277007e-02 9.956506e-01 8.577028e-03 -7.605550e-01 -6.171489e-02 -1.434749e-02 9.979907e-01 6.261839e+01
9.938646e-01 -9.226816e-02 -6.098985e-02 -1.126501e+01 9.152432e-02 9.956916e-01 -1.488529e-02 -7.637900e-01 6.210052e-02 9.211910e-03 9.980274e-01 6.297785e+01
9.939073e-01 9.247422e-02 5.997258e-02 -1.127090e+01 -9.318853e-02 9.956058e-01 9.219171e-03 -7.713109e-01 -5.885651e-02 -1.475176e-02 9.981575e-01 6.319434e+01
9.938113e-01 -9.222835e-02 -6.191205e-02 -1.126305e+01 9.146668e-02 9.956947e-01 -1.503197e-02 -7.801320e-01 6.303187e-02 9.276050e-03 9.979684e-01 6.336514e+01
9.937738e-01 9.286634e-02 6.155832e-02 -1.128988e+01 -9.359457e-02 9.955693e-01 9.047605e-03 -7.860391e-01 -6.044536e-02 -1.475280e-02 9.980625e-01 6.367771e+01
9.939143e-01 -9.223479e-02 -6.022584e-02 -1.135733e+01 9.147487e-02 9.956904e-01 -1.526120e-02 -7.885454e-01 6.137391e-02 9.659171e-03 9.980681e-01 6.409887e+01
9.936615e-01 9.325733e-02 6.276886e-02 -1.143291e+01 -9.400926e-02 9.955295e-01 9.128149e-03 -7.902375e-01 -6.163698e-02 -1.497114e-02 9.979863e-01 6.460641e+01
9.942911e-01 -9.243903e-02 -5.329425e-02 -1.162345e+01 9.175804e-02 9.956670e-01 -1.509151e-02 -7.851330e-01 5.445836e-02 1.011517e-02 9.984648e-01 6.536387e+01
9.934903e-01 9.370000e-02 6.478648e-02 -1.187389e+01 -9.440683e-02 9.955021e-01 7.929409e-03 -7.751470e-01 -6.375209e-02 -1.399408e-02 9.978676e-01 6.629347e+01
9.943690e-01 -9.247087e-02 -5.176400e-02 -1.214463e+01 9.186272e-02 9.956731e-01 -1.401200e-02 -7.667348e-01 5.283573e-02 9.177913e-03 9.985610e-01 6.717245e+01
9.936663e-01 9.266322e-02 6.356806e-02 -1.242885e+01 -9.329145e-02 9.956144e-01 6.980416e-03 -7.599720e-01 -6.264244e-02 -1.286656e-02 9.979531e-01 6.800048e+01
9.943852e-01 -9.275384e-02 -5.093843e-02 -1.273162e+01 9.220029e-02 9.956541e-01 -1.311651e-02 -7.518817e-01 5.193366e-02 8.346328e-03 9.986157e-01 6.883436e+01
9.936870e-01 9.292961e-02 6.285099e-02 -1.301565e+01 -9.350751e-02 9.955986e-01 6.310449e-03 -7.447116e-01 -6.198793e-02 -1.214765e-02 9.980030e-01 6.963372e+01
9.943010e-01 -9.292552e-02 -5.225224e-02 -1.325914e+01 9.240959e-02 9.956462e-01 -1.220992e-02 -7.399527e-01 5.315936e-02 7.311731e-03 9.985593e-01 7.038962e+01
9.936096e-01 9.315023e-02 6.374242e-02 -1.354837e+01 -9.365415e-02 9.955924e-01 4.957343e-03 -7.301914e-01 -6.299969e-02 -1.089540e-02 9.979541e-01 7.126986e+01
9.947493e-01 -9.191121e-02 -4.501350e-02 -1.394012e+01 9.151330e-02 9.957450e-01 -1.082645e-02 -7.146556e-01 4.581704e-02 6.650272e-03 9.989277e-01 7.243190e+01
9.937218e-01 9.240462e-02 6.307390e-02 -1.433075e+01 -9.279837e-02 9.956793e-01 3.335748e-03 -6.973662e-01 -6.249314e-02 -9.167960e-03 9.980033e-01 7.366769e+01
9.941673e-01 -9.156051e-02 -5.699160e-02 -1.448935e+01 9.117825e-02 9.957914e-01 -9.277291e-03 -6.937170e-01 5.760117e-02 4.026784e-03 9.983316e-01 7.435659e+01
9.939031e-01 9.223322e-02 6.041245e-02 -1.459637e+01 -9.256359e-02 9.957031e-01 2.686976e-03 -6.931441e-01 -5.990504e-02 -8.262586e-03 9.981699e-01 7.491091e+01
9.943778e-01 -9.128250e-02 -5.366810e-02 -1.478084e+01 9.089950e-02 9.958144e-01 -9.539795e-03 -6.879105e-01 5.431428e-02 4.607757e-03 9.985133e-01 7.555449e+01
9.942447e-01 9.144858e-02 5.580815e-02 -1.487720e+01 -9.180217e-02 9.957700e-01 3.800138e-03 -6.892086e-01 -5.522457e-02 -8.901576e-03 9.984343e-01 7.599938e+01
9.944471e-01 -9.081877e-02 -5.316918e-02 -1.498285e+01 9.044892e-02 9.958574e-01 -9.326611e-03 -6.904512e-01 5.379595e-02 4.465726e-03 9.985420e-01 7.644110e+01
9.943061e-01 9.153720e-02 5.455539e-02 -1.505692e+01 -9.189376e-02 9.957605e-01 4.058153e-03 -6.935270e-01 -5.395263e-02 -9.048345e-03 9.985025e-01 7.683674e+01
9.944420e-01 -9.067136e-02 -5.351402e-02 -1.513450e+01 9.029146e-02 9.958703e-01 -9.479472e-03 -6.975250e-01 5.415254e-02 4.594925e-03 9.985221e-01 7.721037e+01
9.941513e-01 9.158888e-02 5.722529e-02 -1.524146e+01 -9.197025e-02 9.957535e-01 4.061221e-03 -6.997504e-01 -5.661032e-02 -9.300492e-03 9.983530e-01 7.765427e+01
9.942951e-01 -9.083684e-02 -5.591074e-02 -1.529363e+01 9.047482e-02 9.958583e-01 -8.977660e-03 -7.062151e-01 5.649467e-02 3.867929e-03 9.983954e-01 7.797395e+01
9.941339e-01 9.130868e-02 5.797030e-02 -1.537190e+01 -9.166370e-02 9.957839e-01 3.489223e-03 -7.090780e-01 -5.740729e-02 -8.782526e-03 9.983122e-01 7.839059e+01
9.939920e-01 -9.175951e-02 -5.966595e-02 -1.541188e+01 9.136574e-02 9.957740e-01 -9.300318e-03 -7.143115e-01 6.026720e-02 3.793017e-03 9.981751e-01 7.865019e+01
9.940916e-01 9.214022e-02 5.737690e-02 -1.542450e+01 -9.251779e-02 9.957032e-01 3.953731e-03 -7.228280e-01 -5.676606e-02 -9.238754e-03 9.983448e-01 7.882267e+01
9.939679e-01 -9.172917e-02 -6.011368e-02 -1.542506e+01 9.132151e-02 9.957761e-01 -9.499950e-03 -7.317722e-01 6.073119e-02 3.952972e-03 9.981463e-01 7.896575e+01
9.940256e-01 9.233279e-02 5.820450e-02 -1.543422e+01 -9.271142e-02 9.956856e-01 3.832840e-03 -7.390930e-01 -5.759949e-02 -9.206162e-03 9.982973e-01 7.915137e+01
9.940936e-01 -9.172977e-02 -5.799607e-02 -1.548057e+01 9.132844e-02 9.957751e-01 -9.538644e-03 -7.449076e-01 5.862602e-02 4.185614e-03 9.982712e-01 7.947321e+01
9.939409e-01 9.090081e-02 6.179491e-02 -1.561270e+01 -9.123833e-02 9.958255e-01 2.656398e-03 -7.438011e-01 -6.129548e-02 -8.278366e-03 9.980853e-01 7.999161e+01
9.941496e-01 -9.063942e-02 -5.874558e-02 -1.572414e+01 9.027845e-02 9.958779e-01 -8.775398e-03 -7.449917e-01 5.929882e-02 3.420598e-03 9.982344e-01 8.043704e+01
9.949835e-01 8.639648e-02 5.043353e-02 -1.567083e+01 -8.674902e-02 9.962184e-01 4.839458e-03 -7.553735e-01 -4.982470e-02 -9.190239e-03 9.987157e-01 8.054226e+01
9.941521e-01 -9.060293e-02 -5.875959e-02 -1.556016e+01 9.020733e-02 9.958791e-01 -9.356064e-03 -7.674247e-01 5.936513e-02 4.000805e-03 9.982283e-01 8.059452e+01
9.941148e-01 9.137214e-02 5.819710e-02 -1.558844e+01 -9.174135e-02 9.957760e-01 3.698706e-03 -7.742661e-01 -5.761331e-02 -9.016018e-03 9.982983e-01 8.085991e+01
9.918634e-01 -1.021348e-01 -7.599660e-02 -1.544623e+01 1.017252e-01 9.947695e-01 -9.252115e-03 -7.870832e-01 7.654406e-02 1.446067e-03 9.970652e-01 8.086799e+01
9.918678e-01 1.035379e-01 7.401435e-02 -1.532650e+01 -1.040121e-01 9.945727e-01 2.569870e-03 -7.990414e-01 -7.334657e-02 -1.024736e-02 9.972539e-01 8.099799e+01
9.924129e-01 -1.028556e-01 -6.735985e-02 -1.551035e+01 1.023734e-01 9.946898e-01 -1.058163e-02 -7.966267e-01 6.809054e-02 3.605487e-03 9.976726e-01 8.165882e+01
9.917007e-01 1.031275e-01 7.677578e-02 -1.572255e+01 -1.035710e-01 9.946204e-01 1.807192e-03 -7.932254e-01 -7.617639e-02 -9.743940e-03 9.970467e-01 8.236103e+01
9.920553e-01 -1.022859e-01 -7.323885e-02 -1.580082e+01 1.018296e-01 9.947521e-01 -9.946367e-03 -7.957855e-01 7.387187e-02 2.409460e-03 9.972648e-01 8.278497e+01
9.920903e-01 1.028374e-01 7.198138e-02 -1.583302e+01 -1.032761e-01 9.946499e-01 2.388493e-03 -8.031535e-01 -7.135065e-02 -9.803553e-03 9.974031e-01 8.302527e+01
9.920650e-01 -1.023105e-01 -7.307280e-02 -1.585553e+01 1.018762e-01 9.947502e-01 -9.655696e-03 -8.104412e-01 7.367706e-02 2.134698e-03 9.972799e-01 8.325357e+01
9.922477e-01 1.026565e-01 7.004454e-02 -1.585104e+01 -1.030886e-01 9.946689e-01 2.571656e-03 -8.199167e-01 -6.940712e-02 -9.772510e-03 9.975406e-01 8.338142e+01
9.919146e-01 -1.029719e-01 -7.417746e-02 -1.582828e+01 1.024982e-01 9.946811e-01 -1.017528e-02 -8.299715e-01 7.483069e-02 2.489958e-03 9.971931e-01 8.347465e+01
9.910665e-01 1.056935e-01 8.133871e-02 -1.596158e+01 -1.061143e-01 9.943536e-01 8.554823e-04 -8.316376e-01 -8.078902e-02 -9.479037e-03 9.966862e-01 8.402841e+01
9.917563e-01 -1.042605e-01 -7.449237e-02 -1.612462e+01 1.037868e-01 9.945471e-01 -1.021338e-02 -8.283579e-01 7.515103e-02 2.397858e-03 9.971693e-01 8.460522e+01
9.918772e-01 1.044925e-01 7.253203e-02 -1.614620e+01 -1.049483e-01 9.944746e-01 2.491026e-03 -8.360088e-01 -7.187097e-02 -1.008290e-02 9.973630e-01 8.479045e+01
9.918060e-01 -1.041985e-01 -7.391608e-02 -1.618241e+01 1.036923e-01 9.945523e-01 -1.066299e-02 -8.426738e-01 7.462447e-02 2.911087e-03 9.972075e-01 8.500298e+01
9.923892e-01 1.024293e-01 6.835070e-02 -1.615935e+01 -1.029384e-01 9.946799e-01 3.957989e-03 -8.526134e-01 -6.758165e-02 -1.096377e-02 9.976535e-01 8.510357e+01
9.918892e-01 -1.015290e-01 -7.647009e-02 -1.600551e+01 1.009635e-01 9.948267e-01 -1.123454e-02 -8.657904e-01 7.721512e-02 3.422733e-03 9.970086e-01 8.508721e+01
9.921977e-01 1.011122e-01 7.293885e-02 -1.598816e+01 -1.016670e-01 9.948108e-01 3.924080e-03 -8.755088e-01 -7.216358e-02 -1.130893e-02 9.973287e-01 8.521328e+01
