1.000000e+00 1.197625e-11 1.704638e-10 5.551115e-17 1.197625e-11 1.000000e+00 3.562503e-10 0.000000e+00 1.704638e-10 3.562503e-10 1.000000e+00 2.220446e-16 0.000000e+00 0.000000e+00 0.000000e+00 1.000000e+00
9.929848e-01 3.375953e-02 -1.133199e-01 -6.663377e-02 -2.876562e-02 9.985538e-01 4.541912e-02 -3.632659e-04 1.146893e-01 -4.184078e-02 9.925199e-01 9.367790e-02
9.998307e-01 -9.952400e-03 1.547444e-02 -1.321375e-01 1.011160e-02 9.998964e-01 -1.024369e-02 -5.523313e-04 -1.537089e-02 1.039843e-02 9.998278e-01 1.887375e-01
9.948194e-01 3.243420e-02 -9.634544e-02 -1.886658e-01 -2.793141e-02 9.984700e-01 4.772282e-02 -1.290792e-03 9.774588e-02 -4.478452e-02 9.942032e-01 2.719949e-01
9.998012e-01 -5.577367e-03 1.914341e-02 -2.489299e-01 5.725797e-03 9.999539e-01 -7.707545e-03 -2.325817e-03 -1.909954e-02 7.815625e-03 9.997870e-01 3.509113e-01
9.924798e-01 3.026639e-02 -1.186078e-01 -3.168287e-01 -2.406848e-02 9.982861e-01 5.334415e-02 -2.760135e-03 1.200190e-01 -5.008829e-02 9.915072e-01 4.407235e-01
9.995054e-01 -1.243271e-02 2.888670e-02 -3.750746e-01 1.290561e-02 9.997848e-01 -1.624237e-02 -3.258543e-03 -2.867855e-02 1.660714e-02 9.994507e-01 5.290029e-01
9.898936e-01 3.238733e-02 -1.380645e-01 -4.385216e-01 -2.437108e-02 9.979390e-01 5.936216e-02 -3.556437e-03 1.397026e-01 -5.539743e-02 9.886427e-01 6.197471e-01
9.992369e-01 -1.141627e-02 3.735426e-02 -5.026857e-01 1.221642e-02 9.996993e-01 -2.126308e-02 -3.656503e-03 -3.710028e-02 2.170319e-02 9.990758e-01 7.078248e-01
9.928169e-01 2.841375e-02 -1.162210e-01 -5.563806e-01 -2.188428e-02 9.981299e-01 5.707690e-02 -4.196867e-03 1.176254e-01 -5.412350e-02 9.915820e-01 7.887006e-01
9.997624e-01 -9.374441e-03 1.967831e-02 -6.154774e-01 9.605407e-03 9.998857e-01 -1.167554e-02 -4.812315e-03 -1.956661e-02 1.186178e-02 9.997382e-01 8.685111e-01
9.885099e-01 4.193262e-02 -1.452231e-01 -6.946962e-01 -3.496232e-02 9.981259e-01 5.022227e-02 -4.591869e-03 1.470569e-01 -4.456787e-02 9.881235e-01 9.692393e-01
9.981953e-01 1.016694e-03 6.004216e-02 -7.764974e-01 2.390848e-04 9.997815e-01 -2.090405e-02 -4.807686e-03 -6.005029e-02 2.088068e-02 9.979769e-01 1.071486e+00
9.927462e-01 2.014505e-02 -1.185288e-01 -8.347445e-01 -1.335248e-02 9.982374e-01 5.782496e-02 -5.720034e-03 1.194848e-01 -5.582286e-02 9.912655e-01 1.141318e+00
9.994859e-01 3.381909e-03 3.188361e-02 -9.026715e-01 -2.783203e-03 9.998193e-01 -1.880355e-02 -6.141123e-03 -3.194144e-02 1.870515e-02 9.993147e-01 1.225670e+00
9.979752e-01 1.208919e-02 -6.244479e-02 -9.485450e-01 -8.873087e-03 9.986322e-01 5.152613e-02 -7.362213e-03 6.298229e-02 -5.086773e-02 9.967175e-01 1.287846e+00
9.996309e-01 -1.451734e-03 2.712742e-02 -9.989561e-01 1.407095e-03 9.999976e-01 1.664568e-03 -8.821793e-03 -2.712977e-02 -1.625782e-03 9.996306e-01 1.344399e+00
9.978268e-01 1.788183e-02 -6.341846e-02 -1.045010e+00 -1.559105e-02 9.992144e-01 3.643438e-02 -1.029608e-02 6.402016e-02 -3.536644e-02 9.973217e-01 1.405880e+00
9.998602e-01 -5.616429e-04 1.670927e-02 -1.094603e+00 5.276747e-04 9.999978e-01 2.037264e-03 -1.159638e-02 -1.671038e-02 -2.028162e-03 9.998583e-01 1.472681e+00
9.999034e-01 1.276824e-02 -5.487594e-03 -1.129013e+00 -1.259224e-02 9.994403e-01 3.099078e-02 -1.352181e-02 5.880220e-03 -3.091868e-02 9.995046e-01 1.528748e+00
9.997407e-01 -1.511905e-02 1.702559e-02 -1.149206e+00 1.530140e-02 9.998264e-01 -1.063152e-02 -1.566461e-02 -1.686189e-02 1.088928e-02 9.997985e-01 1.578373e+00
9.998096e-01 6.162543e-03 -1.851266e-02 -1.167341e+00 -5.423746e-03 9.991971e-01 3.969622e-02 -1.774593e-02 1.874242e-02 -3.958826e-02 9.990403e-01 1.615370e+00
9.991041e-01 -1.745008e-03 4.228384e-02 -1.191581e+00 1.879786e-03 9.999933e-01 -3.147900e-03 -2.003066e-02 -4.227806e-02 3.224565e-03 9.991007e-01 1.653728e+00
9.999550e-01 2.114696e-03 -9.245188e-03 -1.208440e+00 -1.873331e-03 9.996592e-01 2.603829e-02 -2.238048e-02 9.297100e-03 -2.601980e-02 9.996182e-01 1.690520e+00
9.984891e-01 -1.014175e-02 5.400632e-02 -1.217800e+00 9.893566e-03 9.999392e-01 4.860915e-03 -2.511387e-02 -5.405233e-02 -4.319255e-03 9.985288e-01 1.719159e+00
9.999577e-01 8.863580e-03 -2.461499e-03 -1.228802e+00 -8.787782e-03 9.995331e-01 2.926328e-02 -2.813810e-02 2.719727e-03 -2.924041e-02 9.995687e-01 1.744021e+00
9.999666e-01 -8.135148e-03 8.151975e-04 -1.254139e+00 8.132877e-03 9.999631e-01 2.752581e-03 -3.016136e-02 -8.375598e-04 -2.745859e-03 9.999959e-01 1.785623e+00
9.998363e-01 1.049658e-02 1.473538e-02 -1.272692e+00 -1.088124e-02 9.995956e-01 2.627151e-02 -3.234090e-02 -1.445366e-02 -2.642755e-02 9.995462e-01 1.823444e+00
9.964008e-01 2.306030e-02 -8.157045e-02 -1.345613e+00 -2.196528e-02 9.996565e-01 1.429642e-02 -3.325092e-02 8.187211e-02 -1.245324e-02 9.965650e-01 1.914556e+00
9.985710e-01 3.810770e-02 -3.746550e-02 -1.455962e+00 -3.796138e-02 9.992686e-01 4.609185e-03 -3.265932e-02 3.761374e-02 -3.180357e-03 9.992873e-01 2.060572e+00
9.997659e-01 -1.322108e-02 1.712858e-02 -1.514708e+00 1.288814e-02 9.997286e-01 1.940477e-02 -3.388416e-02 -1.738048e-02 -1.917948e-02 9.996650e-01 2.139380e+00
9.980294e-01 8.352003e-03 6.218992e-02 -1.522143e+00 -8.672879e-03 9.999504e-01 4.891447e-03 -3.696058e-02 -6.214598e-02 -5.421174e-03 9.980523e-01 2.165569e+00
9.998865e-01 -1.502480e-02 1.154350e-03 -1.527182e+00 1.499169e-02 9.995821e-01 2.471765e-02 -4.006967e-02 -1.525245e-03 -2.469754e-02 9.996938e-01 2.189812e+00
9.997864e-01 1.508360e-02 1.413149e-02 -1.551664e+00 -1.533934e-02 9.997173e-01 1.816716e-02 -4.242223e-02 -1.385347e-02 -1.838005e-02 9.997351e-01 2.222350e+00
9.989880e-01 -8.285418e-03 -4.420871e-02 -1.585412e+00 8.896403e-03 9.998674e-01 1.364165e-02 -4.393420e-02 4.408982e-02 -1.402114e-02 9.989292e-01 2.276632e+00
9.994707e-01 7.989024e-03 3.153552e-02 -1.614351e+00 -8.708284e-03 9.997036e-01 2.273684e-02 -4.571851e-02 -3.134453e-02 -2.299943e-02 9.992440e-01 2.319927e+00
9.993290e-01 -6.288848e-03 -3.608437e-02 -1.642506e+00 6.915346e-03 9.998271e-01 1.726355e-02 -4.777693e-02 3.596956e-02 -1.750150e-02 9.991996e-01 2.361989e+00
9.995403e-01 1.827553e-02 -2.419281e-02 -1.695846e+00 -1.739661e-02 9.991984e-01 3.605474e-02 -4.896316e-02 2.483234e-02 -3.561729e-02 9.990569e-01 2.424570e+00
9.971850e-01 5.251615e-03 -7.479645e-02 -1.765565e+00 -5.313021e-03 9.999857e-01 -6.220234e-04 -4.890631e-02 7.479211e-02 1.017668e-03 9.971986e-01 2.511991e+00
9.998481e-01 1.336909e-02 -1.118449e-02 -1.825497e+00 -1.286093e-02 9.989339e-01 4.433514e-02 -4.961085e-02 1.176529e-02 -4.418456e-02 9.989541e-01 2.589111e+00
9.946045e-01 2.288585e-02 -1.011834e-01 -1.898566e+00 -2.326623e-02 9.997260e-01 -2.580627e-03 -4.970079e-02 1.010966e-01 4.920859e-03 9.948644e-01 2.678842e+00
9.828443e-01 7.343591e-02 -1.691871e-01 -2.067909e+00 -7.578284e-02 9.970965e-01 -7.447613e-03 -4.594568e-02 1.681490e-01 2.014132e-02 9.855558e-01 2.886098e+00
9.940885e-01 -3.364383e-02 -1.032284e-01 -2.244561e+00 3.383115e-02 9.994276e-01 6.383327e-05 -4.138700e-02 1.031672e-01 -3.555793e-03 9.946577e-01 3.169357e+00
9.949467e-01 4.149120e-02 9.143050e-02 -2.269764e+00 -4.459969e-02 9.984852e-01 3.222081e-02 -4.352883e-02 -8.995512e-02 -3.613576e-02 9.952901e-01 3.212411e+00
9.702270e-01 1.014199e-02 -2.419849e-01 -2.362362e+00 -1.023963e-02 9.999472e-01 8.541299e-04 -4.310297e-02 2.419808e-01 1.649136e-03 9.702796e-01 3.323724e+00
9.959219e-01 3.146637e-02 8.455440e-02 -2.469811e+00 -3.358234e-02 9.991544e-01 2.372004e-02 -4.217761e-02 -8.373652e-02 -2.646284e-02 9.961365e-01 3.459399e+00
9.833144e-01 -8.397873e-03 -1.817201e-01 -2.534012e+00 9.391538e-03 9.999453e-01 4.608300e-03 -4.248756e-02 1.816715e-01 -6.238039e-03 9.833395e-01 3.547691e+00
9.940470e-01 2.914701e-02 1.049814e-01 -2.597614e+00 -3.223742e-02 9.990918e-01 2.786177e-02 -4.310306e-02 -1.040740e-01 -3.108024e-02 9.940838e-01 3.634617e+00
9.834283e-01 -1.092483e-02 -1.809679e-01 -2.656898e+00 1.166481e-02 9.999274e-01 3.025194e-03 -4.374283e-02 1.809217e-01 -5.086017e-03 9.834844e-01 3.713579e+00
9.933158e-01 2.343309e-02 1.130252e-01 -2.714527e+00 -2.712170e-02 9.991449e-01 3.120866e-02 -4.452541e-02 -1.121972e-01 -3.406549e-02 9.931019e-01 3.790275e+00
9.855684e-01 -4.974907e-03 -1.692044e-01 -2.770606e+00 4.747882e-03 9.999872e-01 -1.746298e-03 -4.538665e-02 1.692109e-01 9.177340e-04 9.855794e-01 3.861449e+00
9.869710e-01 1.840598e-02 1.598418e-01 -2.814425e+00 -2.227020e-02 9.995006e-01 2.241751e-02 -4.688347e-02 -1.593493e-01 -2.568514e-02 9.868881e-01 3.929530e+00
9.984628e-01 -3.916939e-02 -3.921396e-02 -2.768792e+00 4.055389e-02 9.985587e-01 3.515636e-02 -5.129556e-02 3.778039e-02 -3.669259e-02 9.986122e-01 3.872927e+00
9.978812e-01 5.254362e-02 3.836932e-02 -2.798837e+00 -5.228062e-02 9.986018e-01 -7.826732e-03 -5.313009e-02 -3.872691e-02 5.804178e-03 9.992330e-01 3.932741e+00
9.971780e-01 -7.003573e-02 -2.703702e-02 -2.801028e+00 7.067079e-02 9.972277e-01 2.329377e-02 -5.552904e-02 2.533067e-02 -2.513876e-02 9.993630e-01 3.968160e+00
9.955112e-01 5.370165e-02 7.793365e-02 -2.776793e+00 -5.235249e-02 9.984430e-01 -1.925420e-02 -5.905087e-02 -7.884629e-02 1.508775e-02 9.967726e-01 3.988447e+00
9.910079e-01 -7.350881e-02 -1.118023e-01 -2.776007e+00 8.124745e-02 9.944858e-01 6.630806e-02 -6.205445e-02 1.063116e-01 -7.479547e-02 9.915157e-01 4.016602e+00
9.970644e-01 3.864161e-02 6.610224e-02 -2.683437e+00 -3.296761e-02 9.958463e-01 -8.487264e-02 -6.423340e-02 -6.910729e-02 8.244425e-02 9.941967e-01 3.985803e+00
9.665089e-01 -1.496432e-01 -2.084884e-01 -2.276894e+00 1.642145e-01 9.849273e-01 5.432969e-02 -6.522392e-02 1.972158e-01 -8.674696e-02 9.765147e-01 3.708695e+00
9.992521e-01 2.383532e-02 3.044917e-02 -1.815726e+00 -2.116945e-02 9.961510e-01 -8.505851e-02 -6.598096e-02 -3.235937e-02 8.435030e-02 9.959106e-01 3.387903e+00
9.745720e-01 -1.711491e-01 -1.446283e-01 -1.450952e+00 1.810061e-01 9.817764e-01 5.789524e-02 -6.694232e-02 1.320839e-01 -8.260168e-02 9.877909e-01 3.119125e+00
9.786071e-01 1.131798e-01 1.718096e-01 -1.312253e+00 -1.001260e-01 9.915186e-01 -8.285874e-02 -7.057088e-02 -1.797304e-01 6.388355e-02 9.816394e-01 3.040715e+00
9.803976e-01 -1.740142e-01 -9.240965e-02 -1.021388e+00 1.816340e-01 9.799712e-01 8.164322e-02 -7.466998e-02 7.635171e-02 -9.682755e-02 9.923683e-01 2.842080e+00
9.950593e-01 9.700610e-02 2.113691e-02 -8.183961e-01 -9.505022e-02 9.922999e-01 -7.941262e-02 -7.735700e-02 -2.867766e-02 7.701120e-02 9.966177e-01 2.720078e+00
9.909074e-01 -1.299945e-01 -3.469893e-02 -7.610014e-01 1.329706e-01 9.855266e-01 1.051481e-01 -8.057919e-02 2.052804e-02 -1.088060e-01 9.938510e-01 2.707855e+00
9.957272e-01 7.530743e-02 5.344210e-02 -6.430137e-01 -6.952149e-02 9.922578e-01 -1.029139e-01 -8.429305e-02 -6.077853e-02 9.875882e-02 9.932536e-01 2.638705e+00
9.890713e-01 -1.027200e-01 -1.057668e-01 -6.034029e-01 1.168155e-01 9.836480e-01 1.370795e-01 -8.724224e-02 8.995652e-02 -1.479366e-01 9.848972e-01 2.644065e+00
9.940043e-01 1.080827e-01 1.653774e-02 -6.227634e-01 -1.059605e-01 9.895110e-01 -9.818555e-02 -8.900194e-02 -2.697643e-02 9.584451e-02 9.950307e-01 2.712816e+00
9.871970e-01 -1.508415e-01 -5.185485e-02 -5.324962e-01 1.560267e-01 9.807393e-01 1.174992e-01 -9.225498e-02 3.313234e-02 -1.240856e-01 9.917182e-01 2.675416e+00
9.971873e-01 7.190027e-02 2.116180e-02 -2.596964e-01 -6.866227e-02 9.895643e-01 -1.266808e-01 -9.508729e-02 -3.004935e-02 1.248715e-01 9.917178e-01 2.506625e+00
9.930694e-01 -1.097815e-01 -4.196653e-02 -1.569692e-01 1.152428e-01 9.796479e-01 1.643443e-01 -9.851630e-02 2.307046e-02 -1.680417e-01 9.855099e-01 2.460627e+00
9.857661e-01 8.296156e-02 1.462278e-01 -8.561077e-02 -5.343702e-02 9.792763e-01 -1.953519e-01 -1.025664e-01 -1.594042e-01 1.847573e-01 9.697706e-01 2.450409e+00
9.775079e-01 -1.312881e-01 -1.650509e-01 2.136564e-01 1.578817e-01 9.744159e-01 1.599593e-01 -1.058868e-01 1.398275e-01 -1.824200e-01 9.732272e-01 2.260654e+00
9.996246e-01 2.265281e-02 -1.541084e-02 7.355752e-01 -2.521931e-02 9.805858e-01 -1.944619e-01 -1.059619e-01 1.070654e-02 1.947775e-01 9.807890e-01 1.916710e+00
9.772120e-01 -1.599853e-01 -1.395040e-01 1.297260e+00 1.828518e-01 9.682514e-01 1.704536e-01 -1.064583e-01 1.078049e-01 -1.920778e-01 9.754405e-01 1.516576e+00
9.863718e-01 9.566221e-02 -1.338634e-01 1.568556e+00 -1.203405e-01 9.742876e-01 -1.904778e-01 -1.063536e-01 1.121999e-01 2.039912e-01 9.725219e-01 1.369685e+00
9.828524e-01 -1.620874e-01 8.791378e-02 1.684940e+00 1.431515e-01 9.712365e-01 1.902820e-01 -1.083586e-01 -1.162274e-01 -1.744341e-01 9.777852e-01 1.277827e+00
9.885465e-01 1.261734e-01 -8.280122e-02 1.708809e+00 -1.385897e-01 9.761452e-01 -1.671332e-01 -1.115855e-01 5.973826e-02 1.766943e-01 9.824513e-01 1.288786e+00
9.580659e-01 -1.876477e-01 2.165594e-01 1.820889e+00 1.524572e-01 9.737116e-01 1.692408e-01 -1.160745e-01 -2.426241e-01 -1.291278e-01 9.614882e-01 1.240574e+00
9.820569e-01 1.110625e-01 -1.524121e-01 2.002859e+00 -1.319366e-01 9.820945e-01 -1.344736e-01 -1.202373e-01 1.347481e-01 1.521694e-01 9.791258e-01 1.130560e+00
9.120015e-01 -1.973761e-01 3.595775e-01 2.159094e+00 1.509894e-01 9.766056e-01 1.531132e-01 -1.251640e-01 -3.813863e-01 -8.534708e-02 9.204675e-01 1.064514e+00
9.680263e-01 9.265942e-02 -2.331081e-01 2.367693e+00 -1.194906e-01 9.874028e-01 -1.037197e-01 -1.296460e-01 2.205610e-01 1.282576e-01 9.669037e-01 9.206966e-01
9.435385e-01 -1.719597e-01 2.831342e-01 2.428318e+00 1.332824e-01 9.795445e-01 1.507593e-01 -1.339663e-01 -3.032670e-01 -1.045105e-01 9.471571e-01 8.937643e-01
9.655914e-01 1.183172e-01 -2.315909e-01 2.461265e+00 -1.403180e-01 9.867961e-01 -8.089636e-02 -1.381509e-01 2.189616e-01 1.106092e-01 9.694439e-01 8.834177e-01
9.375985e-01 -1.671204e-01 3.049260e-01 2.497368e+00 1.342771e-01 9.829226e-01 1.258285e-01 -1.422118e-01 -3.207471e-01 -7.703200e-02 9.440272e-01 8.778815e-01
9.446872e-01 1.356080e-01 -2.986245e-01 2.506313e+00 -1.510185e-01 9.881045e-01 -2.903437e-02 -1.458906e-01 2.911349e-01 7.252621e-02 9.539289e-01 8.855023e-01
9.594869e-01 -1.562211e-01 2.344778e-01 2.471040e+00 1.362031e-01 9.856849e-01 9.936848e-02 -1.473817e-01 -2.466447e-01 -6.340615e-02 9.670295e-01 9.489793e-01
9.682799e-01 1.216794e-01 -2.182387e-01 2.476167e+00 -1.356990e-01 9.894679e-01 -5.038865e-02 -1.504060e-01 2.098089e-01 7.840508e-02 9.745937e-01 9.749944e-01
9.579669e-01 -1.617791e-01 2.369112e-01 2.484449e+00 1.386079e-01 9.840500e-01 1.115056e-01 -1.537242e-01 -2.511718e-01 -7.398086e-02 9.651112e-01 9.920066e-01
9.596041e-01 1.384346e-01 -2.449407e-01 2.472135e+00 -1.528046e-01 9.874231e-01 -4.057478e-02 -1.563107e-01 2.362431e-01 7.636379e-02 9.686887e-01 1.026627e+00
9.623641e-01 -1.695736e-01 2.123681e-01 2.457170e+00 1.497651e-01 9.829972e-01 1.062396e-01 -1.585096e-01 -2.267727e-01 -7.043588e-02 9.713974e-01 1.069088e+00
9.617851e-01 1.431597e-01 -2.333984e-01 2.460726e+00 -1.581665e-01 9.863027e-01 -4.680140e-02 -1.610552e-01 2.235014e-01 8.192869e-02 9.712543e-01 1.097489e+00
9.462521e-01 -1.829340e-01 2.667250e-01 2.474567e+00 1.646215e-01 9.822723e-01 8.967121e-02 -1.643052e-01 -2.784005e-01 -4.094291e-02 9.595920e-01 1.125145e+00
9.747648e-01 1.099044e-01 -1.943052e-01 2.515484e+00 -1.259268e-01 9.894166e-01 -7.209140e-02 -1.684948e-01 1.843257e-01 9.474040e-02 9.782885e-01 1.131019e+00
9.680361e-01 -1.695097e-01 1.848584e-01 2.516289e+00 1.493256e-01 9.816952e-01 1.182217e-01 -1.715874e-01 -2.015143e-01 -8.683878e-02 9.756285e-01 1.161391e+00
9.659989e-01 1.435649e-01 -2.150239e-01 2.510875e+00 -1.596182e-01 9.854043e-01 -5.916365e-02 -1.738726e-01 2.033916e-01 9.147376e-02 9.748151e-01 1.204246e+00
9.485455e-01 -1.929351e-01 2.510725e-01 2.532763e+00 1.708008e-01 9.794388e-01 1.073624e-01 -1.774567e-01 -2.666241e-01 -5.895477e-02 9.619958e-01 1.216964e+00
9.661636e-01 1.206388e-01 -2.279783e-01 2.702571e+00 -1.396339e-01 9.877923e-01 -6.905555e-02 -1.812167e-01 2.168644e-01 9.855247e-02 9.712143e-01 1.108845e+00
9.514150e-01 -1.939391e-01 2.391592e-01 2.809143e+00 1.682341e-01 9.779456e-01 1.237727e-01 -1.850675e-01 -2.578891e-01 -7.752447e-02 9.630593e-01 1.058744e+00
9.748715e-01 1.257372e-01 -1.838905e-01 2.856064e+00 -1.426135e-01 9.864109e-01 -8.157742e-02 -1.893023e-01 1.711342e-01 1.057528e-01 9.795557e-01 1.045130e+00
9.561845e-01 -1.976350e-01 2.159899e-01 2.996552e+00 1.783722e-01 9.782905e-01 1.055036e-01 -1.932837e-01 -2.321521e-01 -6.235433e-02 9.706788e-01 9.656072e-01
9.333391e-01 6.993662e-02 -3.521179e-01 3.382414e+00 -9.864560e-02 9.930471e-01 -6.423826e-02 -1.948501e-01 3.451770e-01 9.469096e-02 9.337486e-01 7.104747e-01
9.370444e-01 -1.592026e-01 3.108093e-01 3.514585e+00 1.317264e-01 9.854270e-01 1.076191e-01 -1.977528e-01 -3.234131e-01 -5.990204e-02 9.443600e-01 6.485234e-01
9.480362e-01 7.460953e-02 -3.092909e-01 3.609975e+00 -1.032754e-01 9.916408e-01 -7.734762e-02 -2.007435e-01 3.009346e-01 1.052705e-01 9.478167e-01 6.048416e-01
9.451649e-01 -1.502456e-01 2.899820e-01 3.679490e+00 1.179268e-01 9.849989e-01 1.259783e-01 -2.043955e-01 -3.045597e-01 -8.487360e-02 9.487043e-01 5.902906e-01
9.248905e-01 1.273690e-01 -3.582663e-01 3.648664e+00 -1.531267e-01 9.872113e-01 -4.433937e-02 -2.060638e-01 3.480371e-01 9.586922e-02 9.325660e-01 6.701335e-01
9.299247e-01 -1.756713e-01 3.230783e-01 3.640894e+00 1.448135e-01 9.824706e-01 1.173904e-01 -2.083844e-01 -3.380371e-01 -6.237811e-02 9.390633e-01 7.165079e-01
9.388201e-01 1.042553e-01 -3.282494e-01 3.754648e+00 -1.328877e-01 9.889329e-01 -6.597473e-02 -2.119996e-01 3.177384e-01 1.055587e-01 9.422843e-01 6.661049e-01
9.490231e-01 -2.328043e-01 2.125023e-01 4.095505e+00 2.213796e-01 9.721902e-01 7.640242e-02 -2.136657e-01 -2.243795e-01 -2.546398e-02 9.741691e-01 4.454961e-01
9.356487e-01 2.046875e-01 -2.875144e-01 4.145816e+00 -2.037812e-01 9.784460e-01 3.341739e-02 -2.162368e-01 2.881574e-01 2.732310e-02 9.571932e-01 4.436534e-01
9.525261e-01 -1.944946e-01 2.342345e-01 4.104640e+00 1.897682e-01 9.808966e-01 4.277710e-02 -2.175884e-01 -2.380798e-01 3.703964e-03 9.712385e-01 5.272689e-01
9.345295e-01 2.053403e-01 -2.906714e-01 4.072737e+00 -1.978122e-01 9.786738e-01 5.538832e-02 -2.193614e-01 2.958460e-01 5.736338e-03 9.552184e-01 5.980721e-01
9.488105e-01 -2.121820e-01 2.339603e-01 4.069650e+00 2.141004e-01 9.766554e-01 1.747288e-02 -2.213437e-01 -2.322060e-01 3.351254e-02 9.720891e-01 6.490637e-01
9.447828e-01 1.971453e-01 -2.617619e-01 4.083892e+00 -1.880593e-01 9.803488e-01 5.958086e-02 -2.238939e-01 2.683640e-01 -7.064209e-03 9.632917e-01 6.902373e-01
9.229737e-01 -2.606997e-01 2.831171e-01 4.231779e+00 2.780476e-01 9.603113e-01 -2.217376e-02 -2.270884e-01 -2.660999e-01 9.918582e-02 9.588290e-01 6.156895e-01
9.177843e-01 1.508502e-01 -3.673095e-01 4.623116e+00 -1.249542e-01 9.877526e-01 9.344087e-02 -2.285917e-01 3.769065e-01 -3.986170e-02 9.253932e-01 3.631964e-01
9.138286e-01 -2.183906e-01 3.423782e-01 4.955977e+00 2.561829e-01 9.641802e-01 -6.875233e-02 -2.307608e-01 -3.150995e-01 1.505393e-01 9.370434e-01 1.497494e-01
9.330611e-01 1.718657e-01 -3.160051e-01 5.151037e+00 -1.330958e-01 9.810808e-01 1.405914e-01 -2.338580e-01 3.341894e-01 -8.912138e-02 9.382829e-01 4.500635e-02
9.071629e-01 -1.926507e-01 3.740871e-01 5.282078e+00 2.428722e-01 9.657209e-01 -9.163056e-02 -2.374451e-01 -3.436111e-01 1.739792e-01 9.228557e-01 -1.320122e-02
9.197488e-01 2.142164e-01 -3.288974e-01 5.318165e+00 -1.543460e-01 9.678229e-01 1.987365e-01 -2.410064e-01 3.608871e-01 -1.320236e-01 9.232174e-01 -1.098595e-02
9.350784e-01 -1.689672e-01 3.115742e-01 5.304428e+00 2.150733e-01 9.692148e-01 -1.198587e-01 -2.428507e-01 -2.817301e-01 1.790886e-01 9.426322e-01 4.548658e-02
9.441134e-01 1.814718e-01 -2.751687e-01 5.339003e+00 -1.316399e-01 9.729236e-01 1.899751e-01 -2.461408e-01 3.021933e-01 -1.431349e-01 9.424392e-01 5.487273e-02
9.352953e-01 -1.691588e-01 3.108184e-01 5.394813e+00 2.203564e-01 9.656757e-01 -1.375262e-01 -2.495782e-01 -2.768860e-01 1.971184e-01 9.404672e-01 4.962793e-02
9.363469e-01 1.837251e-01 -2.991647e-01 5.417096e+00 -1.230079e-01 9.698057e-01 2.105849e-01 -2.525272e-01 3.288213e-01 -1.603809e-01 9.306742e-01 9.046701e-02
9.281767e-01 -1.682552e-01 3.319309e-01 5.431316e+00 2.265964e-01 9.630666e-01 -1.454535e-01 -2.555339e-01 -2.951983e-01 2.102209e-01 9.320221e-01 1.196350e-01
9.447439e-01 2.039555e-01 -2.566344e-01 5.455148e+00 -1.468962e-01 9.632739e-01 2.247776e-01 -2.592167e-01 2.930538e-01 -1.746587e-01 9.400073e-01 1.325943e-01
9.604009e-01 -1.534986e-01 2.325257e-01 5.420113e+00 1.911893e-01 9.701406e-01 -1.492444e-01 -2.611950e-01 -2.026739e-01 1.877909e-01 9.610712e-01 2.071866e-01
9.221476e-01 2.156482e-01 -3.211536e-01 5.349202e+00 -1.464037e-01 9.630020e-01 2.262589e-01 -2.612651e-01 3.580639e-01 -1.616260e-01 9.196017e-01 3.326014e-01
9.501650e-01 -1.538175e-01 2.711580e-01 5.324903e+00 2.054818e-01 9.631256e-01 -1.736847e-01 -2.618930e-01 -2.344434e-01 2.207472e-01 9.467349e-01 4.088611e-01
9.483407e-01 1.516451e-01 -2.786642e-01 5.415819e+00 -9.116380e-02 9.715756e-01 2.184721e-01 -2.639932e-01 3.038736e-01 -1.817819e-01 9.352092e-01 3.976241e-01
9.612592e-01 -1.489157e-01 2.319586e-01 5.598264e+00 1.953539e-01 9.617263e-01 -1.921444e-01 -2.663240e-01 -1.944674e-01 2.300146e-01 9.535595e-01 3.273498e-01
9.637002e-01 1.218168e-01 -2.375766e-01 5.845429e+00 -6.681454e-02 9.715666e-01 2.271434e-01 -2.689569e-01 2.584914e-01 -2.030246e-01 9.444380e-01 1.988690e-01
9.594477e-01 -1.310693e-01 2.495615e-01 6.057036e+00 1.870350e-01 9.583737e-01 -2.157260e-01 -2.718696e-01 -2.108981e-01 2.536546e-01 9.440240e-01 8.369264e-02
9.781957e-01 1.087460e-01 -1.769389e-01 6.227219e+00 -6.497282e-02 9.694299e-01 2.366100e-01 -2.754702e-01 1.972603e-01 -2.199547e-01 9.553577e-01 -1.300821e-03
9.704959e-01 -1.131850e-01 2.129011e-01 6.314897e+00 1.569540e-01 9.668395e-01 -2.014616e-01 -2.792486e-01 -1.830387e-01 2.289333e-01 9.560786e-01 -2.970300e-02
9.836262e-01 1.277394e-01 -1.271305e-01 6.348192e+00 -9.599332e-02 9.683739e-01 2.302984e-01 -2.825579e-01 1.525280e-01 -2.143239e-01 9.647800e-01 -2.074241e-02
9.664923e-01 -1.446350e-01 2.120693e-01 6.381718e+00 1.837079e-01 9.667492e-01 -1.778970e-01 -2.864499e-01 -1.792877e-01 2.108949e-01 9.609263e-01 -1.589984e-02
9.818431e-01 1.678125e-01 -8.844777e-02 6.401884e+00 -1.469314e-01 9.676844e-01 2.049343e-01 -2.901743e-01 1.199801e-01 -1.882176e-01 9.747712e-01 7.727031e-03
9.697628e-01 -1.781967e-01 1.667515e-01 6.424671e+00 2.037331e-01 9.672874e-01 -1.511552e-01 -2.937487e-01 -1.343612e-01 1.805575e-01 9.743439e-01 2.219925e-02
9.824283e-01 1.791630e-01 -5.229908e-02 6.436888e+00 -1.666965e-01 9.683289e-01 1.858803e-01 -2.974730e-01 8.394558e-02 -1.738960e-01 9.811796e-01 4.266097e-02
9.700016e-01 -1.937424e-01 1.468359e-01 6.475229e+00 2.167849e-01 9.627111e-01 -1.618383e-01 -3.009089e-01 -1.100056e-01 1.888152e-01 9.758317e-01 4.842556e-02
9.837497e-01 1.745735e-01 -4.196002e-02 6.539028e+00 -1.634551e-01 9.674866e-01 1.930080e-01 -3.052435e-01 7.428984e-02 -1.830130e-01 9.802996e-01 2.953824e-02
9.668088e-01 -2.091895e-01 1.466983e-01 6.587710e+00 2.306499e-01 9.615776e-01 -1.488932e-01 -3.096239e-01 -1.099149e-01 1.777872e-01 9.779113e-01 1.819044e-02
9.781902e-01 2.050547e-01 -3.311189e-02 6.610885e+00 -1.959361e-01 9.638487e-01 1.805680e-01 -3.132520e-01 6.894117e-02 -1.701420e-01 9.830050e-01 2.425717e-02
9.689485e-01 -2.147725e-01 1.225217e-01 6.630966e+00 2.318042e-01 9.614677e-01 -1.478064e-01 -3.166090e-01 -8.605594e-02 1.716179e-01 9.813978e-01 3.844413e-02
9.758974e-01 1.875552e-01 -1.115677e-01 6.728849e+00 -1.682664e-01 9.722424e-01 1.625766e-01 -3.197578e-01 1.389629e-01 -1.398850e-01 9.803680e-01 5.799920e-03
9.678268e-01 -2.267511e-01 1.090650e-01 6.783957e+00 2.401284e-01 9.618403e-01 -1.311546e-01 -3.230441e-01 -7.516367e-02 1.531246e-01 9.853442e-01 8.292376e-03
9.688895e-01 2.324729e-01 -8.490882e-02 6.780499e+00 -2.141679e-01 9.594797e-01 1.831142e-01 -3.257784e-01 1.240374e-01 -1.592327e-01 9.794180e-01 4.560551e-02
9.758712e-01 -2.157854e-01 3.334711e-02 6.748505e+00 2.183424e-01 9.634226e-01 -1.553820e-01 -3.270182e-01 1.401793e-03 1.589139e-01 9.872915e-01 1.225845e-01
9.594387e-01 2.429109e-01 -1.430793e-01 6.674689e+00 -2.076048e-01 9.521374e-01 2.243539e-01 -3.269383e-01 1.907291e-01 -1.855499e-01 9.639469e-01 2.444528e-01
9.843897e-01 -1.731317e-01 3.166024e-02 6.576917e+00 1.759333e-01 9.628983e-01 -2.046322e-01 -3.258020e-01 4.942731e-03 2.070079e-01 9.783268e-01 3.950409e-01
9.733559e-01 1.986838e-01 -1.144682e-01 6.507339e+00 -1.653237e-01 9.540054e-01 2.500836e-01 -3.255162e-01 1.588908e-01 -2.244961e-01 9.614339e-01 5.139201e-01
9.903858e-01 -1.380762e-01 8.425985e-03 6.430131e+00 1.364963e-01 9.655285e-01 -2.216382e-01 -3.252853e-01 2.246743e-02 2.206575e-01 9.750926e-01 6.443848e-01
9.711858e-01 1.810538e-01 -1.549764e-01 6.320690e+00 -1.365823e-01 9.557286e-01 2.606303e-01 -3.238553e-01 1.953035e-01 -2.319534e-01 9.529188e-01 8.071575e-01
9.934686e-01 -1.012601e-01 5.259812e-02 6.228470e+00 1.110272e-01 9.641939e-01 -2.408384e-01 -3.230997e-01 -2.632746e-02 2.451052e-01 9.691389e-01 9.513285e-01
9.835840e-01 1.311914e-01 -1.239003e-01 6.169204e+00 -9.167258e-02 9.546911e-01 2.831271e-01 -3.234468e-01 1.554304e-01 -2.671210e-01 9.510456e-01 1.049093e+00
9.866214e-01 -9.551141e-02 1.321202e-01 6.170245e+00 1.264679e-01 9.598059e-01 -2.505564e-01 -3.255357e-01 -1.028788e-01 2.639133e-01 9.590442e-01 1.089527e+00
9.900020e-01 9.606559e-02 -1.032831e-01 6.208615e+00 -6.230501e-02 9.547482e-01 2.908160e-01 -3.289535e-01 1.265467e-01 -2.814734e-01 9.511880e-01 1.094922e+00
9.838699e-01 -1.110164e-01 1.402690e-01 6.285858e+00 1.464245e-01 9.502348e-01 -2.749794e-01 -3.322156e-01 -1.027612e-01 2.910828e-01 9.511629e-01 1.072105e+00
9.927618e-01 8.904052e-02 -8.059598e-02 6.375797e+00 -5.979111e-02 9.484267e-01 3.113067e-01 -3.363004e-01 1.041583e-01 -3.042345e-01 9.468856e-01 1.039892e+00
9.834748e-01 -1.226206e-01 1.331973e-01 6.510142e+00 1.577938e-01 9.412513e-01 -2.985752e-01 -3.402755e-01 -8.876066e-02 3.146589e-01 9.450457e-01 9.782491e-01
9.899436e-01 1.164072e-01 -8.038071e-02 6.630967e+00 -8.402262e-02 9.409655e-01 3.279086e-01 -3.441678e-01 1.138064e-01 -3.178572e-01 9.412836e-01 9.381808e-01
9.801601e-01 -1.366042e-01 1.436157e-01 6.692464e+00 1.750902e-01 9.363294e-01 -3.043530e-01 -3.478217e-01 -9.289567e-02 3.234603e-01 9.416708e-01 9.257995e-01
9.925731e-01 1.180758e-01 -2.926870e-02 6.804750e+00 -1.031233e-01 9.443253e-01 3.124346e-01 -3.520446e-01 6.453015e-02 -3.070959e-01 9.494883e-01 8.728604e-01
9.792421e-01 -1.584550e-01 1.263998e-01 6.930090e+00 1.887870e-01 9.400000e-01 -2.841820e-01 -3.563829e-01 -7.378578e-02 3.021457e-01 9.504018e-01 8.158235e-01
9.897098e-01 1.311102e-01 5.731200e-02 7.032194e+00 -1.417563e-01 9.529503e-01 2.679380e-01 -3.614904e-01 -1.948607e-02 -2.733052e-01 9.617300e-01 7.712297e-01
9.802256e-01 -1.866676e-01 6.567368e-02 7.118149e+00 1.970783e-01 9.508126e-01 -2.389885e-01 -3.661909e-01 -1.783196e-02 2.472055e-01 9.687990e-01 7.330310e-01
9.833235e-01 1.580562e-01 8.996183e-02 7.195139e+00 -1.745005e-01 9.593270e-01 2.219039e-01 -3.707951e-01 -5.122951e-02 -2.339018e-01 9.709096e-01 7.032530e-01
9.661861e-01 -2.517220e-01 -5.586136e-02 7.438069e+00 2.310969e-01 9.414766e-01 -2.453896e-01 -3.743565e-01 1.143621e-01 2.241826e-01 9.678138e-01 5.526512e-01
5.719585e-01 1.778008e-01 -8.007811e-01 8.016612e+00 -3.732006e-01 9.257423e-01 -6.101231e-02 -3.578281e-01 7.304689e-01 3.337485e-01 5.958416e-01 5.603474e-01
9.218055e-01 -3.453262e-02 3.861116e-01 8.261442e+00 1.227221e-01 9.707915e-01 -2.061631e-01 -3.431411e-01 -3.677145e-01 2.374267e-01 8.991188e-01 4.552819e-01
9.514592e-01 1.073092e-01 -2.884618e-01 8.318727e+00 -2.738114e-02 9.630453e-01 2.679441e-01 -3.476390e-01 3.065546e-01 -2.470394e-01 9.192365e-01 4.270783e-01
9.663196e-01 -7.562181e-02 2.459834e-01 8.351756e+00 1.340495e-01 9.638456e-01 -2.302877e-01 -3.502887e-01 -2.196752e-01 2.555055e-01 9.415199e-01 4.536497e-01
9.665444e-01 9.056110e-02 -2.399803e-01 8.358481e+00 -2.533047e-02 9.647255e-01 2.620364e-01 -3.528189e-01 2.552454e-01 -2.471910e-01 9.347440e-01 4.933923e-01
9.850647e-01 -4.483736e-02 1.662445e-01 8.327651e+00 8.228836e-02 9.706949e-01 -2.257877e-01 -3.540988e-01 -1.512489e-01 2.360955e-01 9.598868e-01 5.471062e-01
9.673282e-01 7.663887e-02 -2.416663e-01 8.327661e+00 -1.455774e-02 9.684338e-01 2.488455e-01 -3.558237e-01 2.531090e-01 -2.371971e-01 9.379090e-01 6.106784e-01
9.961144e-01 -8.979035e-03 8.760985e-02 8.277790e+00 2.801714e-02 9.754162e-01 -2.185825e-01 -3.560002e-01 -8.349341e-02 2.201878e-01 9.718777e-01 7.314075e-01
9.786957e-01 3.050802e-02 -2.030369e-01 8.230874e+00 1.996641e-02 9.700695e-01 2.420050e-01 -3.564011e-01 2.043430e-01 -2.409032e-01 9.487938e-01 8.409900e-01
8.800563e-01 -4.660089e-01 -9.130518e-02 9.977323e+00 3.888115e-01 8.175110e-01 -4.248544e-01 -3.544137e-01 2.726289e-01 3.383953e-01 9.006454e-01 -4.991954e-01
9.914155e-01 -9.228042e-02 -9.262645e-02 1.141207e+01 1.030250e-01 9.875526e-01 1.188513e-01 -3.401446e-01 8.050585e-02 -1.273739e-01 9.885822e-01 -1.773853e+00
9.887784e-01 1.327343e-01 -6.854810e-02 1.131787e+01 -1.380181e-01 9.872618e-01 -7.915289e-02 -3.393474e-01 5.716861e-02 8.772554e-02 9.945029e-01 -1.667060e+00
9.528011e-01 -2.193544e-02 -3.028017e-01 1.108074e+01 2.826682e-02 9.994635e-01 1.654214e-02 -3.322670e-01 3.022764e-01 -2.432061e-02 9.529100e-01 -1.334378e+00
9.961736e-01 8.579424e-02 -1.665848e-02 1.089520e+01 -8.610265e-02 9.961094e-01 -1.877368e-02 -3.275875e-01 1.498299e-02 2.013619e-02 9.996850e-01 -1.012857e+00
9.834827e-01 -5.790478e-02 -1.714902e-01 1.080338e+01 6.613865e-02 9.968968e-01 4.269120e-02 -3.273209e-01 1.684860e-01 -5.332818e-02 9.842604e-01 -8.744901e-01
9.833316e-01 1.413385e-01 -1.143786e-01 1.065321e+01 -1.467336e-01 9.883601e-01 -4.016862e-02 -3.233999e-01 1.073698e-01 5.628225e-02 9.926248e-01 -6.402634e-01
9.522632e-01 -1.158058e-02 -3.050585e-01 1.039710e+01 1.364739e-04 9.992963e-01 -3.750909e-02 -3.156370e-01 3.052782e-01 3.567689e-02 9.515946e-01 -2.389086e-01
9.956634e-01 9.249500e-02 -9.955224e-03 1.019688e+01 -9.166593e-02 9.936920e-01 6.460240e-02 -3.113665e-01 1.586783e-02 -6.340969e-02 9.978614e-01 7.685009e-02
8.929284e-01 1.856352e-02 -4.498158e-01 9.944715e+00 -8.338383e-02 9.886816e-01 -1.247230e-01 -3.003228e-01 4.424093e-01 1.488761e-01 8.843698e-01 4.677586e-01
9.907952e-01 1.157178e-01 -7.024361e-02 9.661857e+00 -1.135797e-01 9.929566e-01 3.371815e-02 -2.897595e-01 7.365065e-02 -2.542953e-02 9.969598e-01 9.207058e-01
9.639187e-01 -5.052843e-02 -2.613573e-01 9.451656e+00 4.423904e-02 9.985736e-01 -2.989590e-02 -2.845455e-01 2.624951e-01 1.725502e-02 9.647790e-01 1.256058e+00
9.926643e-01 1.037748e-01 -6.203548e-02 9.280066e+00 -1.002943e-01 9.933344e-01 5.681388e-02 -2.797650e-01 6.751783e-02 -5.017531e-02 9.964556e-01 1.523128e+00
9.359449e-01 3.596286e-03 -3.521282e-01 9.072350e+00 -4.060601e-02 9.943799e-01 -9.777380e-02 -2.723011e-01 3.497976e-01 1.058094e-01 9.308308e-01 1.836671e+00
9.895024e-01 5.593469e-02 -1.332529e-01 8.842916e+00 -4.664235e-02 9.963231e-01 7.186567e-02 -2.631700e-01 1.367827e-01 -6.489602e-02 9.884731e-01 2.201464e+00
9.695675e-01 2.497039e-02 -2.435475e-01 8.654110e+00 -4.618921e-02 9.955774e-01 -8.180581e-02 -2.573602e-01 2.404276e-01 9.056552e-02 9.664328e-01 2.519368e+00
9.967932e-01 1.766659e-02 -7.804679e-02 8.471921e+00 -7.431945e-03 9.915480e-01 1.295270e-01 -2.526467e-01 7.967544e-02 -1.285316e-01 9.884996e-01 2.788153e+00
9.275788e-01 9.768012e-02 -3.606329e-01 8.197783e+00 -1.495813e-01 9.815782e-01 -1.188680e-01 -2.443541e-01 3.423784e-01 1.642034e-01 9.251023e-01 3.205508e+00
9.986332e-01 3.627890e-02 -3.762285e-02 7.957878e+00 -3.319075e-02 9.962671e-01 7.968794e-02 -2.369332e-01 4.037340e-02 -7.833029e-02 9.961096e-01 3.550797e+00
9.460298e-01 7.732538e-02 -3.147195e-01 7.721103e+00 -9.918256e-02 9.936022e-01 -5.401315e-02 -2.302890e-01 3.085294e-01 8.231274e-02 9.476467e-01 3.893321e+00
9.960534e-01 -2.804849e-02 -8.420806e-02 7.474267e+00 3.620207e-02 9.946338e-01 9.691725e-02 -2.222742e-01 8.103781e-02 -9.958325e-02 9.917238e-01 4.257320e+00
9.687766e-01 1.267295e-01 -2.130997e-01 7.303195e+00 -1.478911e-01 9.852203e-01 -8.642418e-02 -2.182098e-01 1.989976e-01 1.152413e-01 9.732006e-01 4.514274e+00
9.956445e-01 -7.173477e-02 -5.955027e-02 7.170590e+00 7.782581e-02 9.911858e-01 1.072093e-01 -2.157093e-01 5.133475e-02 -1.113769e-01 9.924515e-01 4.697815e+00
8.968948e-01 1.814350e-01 -4.033125e-01 6.918501e+00 -2.309931e-01 9.698736e-01 -7.737802e-02 -2.065588e-01 3.771231e-01 1.625624e-01 9.117849e-01 5.084922e+00
9.891329e-01 -5.116854e-02 -1.378331e-01 6.602010e+00 5.221992e-02 9.986275e-01 4.020304e-03 -1.954785e-01 1.374382e-01 -1.117425e-02 9.904473e-01 5.555879e+00
8.753827e-01 1.994446e-01 -4.403714e-01 6.229372e+00 -2.290415e-01 9.733089e-01 -1.448269e-02 -1.817910e-01 4.257290e-01 1.135412e-01 8.976989e-01 6.128674e+00
9.722068e-01 -1.489082e-02 -2.336496e-01 5.824168e+00 -1.158811e-02 9.936916e-01 -1.115471e-01 -1.649899e-01 2.338367e-01 1.111544e-01 9.659012e-01 6.816232e+00
8.529363e-01 1.758079e-01 -4.915193e-01 5.442131e+00 -2.110014e-01 9.773453e-01 -1.657245e-02 -1.475630e-01 4.774705e-01 1.178465e-01 8.707090e-01 7.517953e+00
9.804287e-01 5.232328e-02 -1.897942e-01 5.076591e+00 -7.914260e-02 9.874593e-01 -1.366035e-01 -1.315709e-01 1.802665e-01 1.489508e-01 9.722745e-01 8.164371e+00
8.626754e-01 1.187934e-01 -4.916089e-01 4.690007e+00 -1.480840e-01 9.887532e-01 -2.093353e-02 -1.155683e-01 4.835931e-01 9.085827e-02 8.705645e-01 8.831075e+00
9.874799e-01 9.747918e-02 -1.240209e-01 4.304791e+00 -1.063952e-01 9.920363e-01 -6.740955e-02 -1.010248e-01 1.164622e-01 7.976079e-02 9.899873e-01 9.467907e+00
9.154851e-01 4.048916e-02 -4.003095e-01 3.970110e+00 -5.077019e-02 9.985961e-01 -1.510587e-02 -9.010061e-02 3.991359e-01 3.415299e-02 9.162555e-01 1.002948e+01
9.669996e-01 1.621813e-01 -1.964919e-01 3.582721e+00 -1.688070e-01 9.854966e-01 -1.733976e-02 -7.620784e-02 1.908299e-01 4.993673e-02 9.803521e-01 1.060707e+01
9.283752e-01 1.848972e-02 -3.711840e-01 3.296917e+00 -5.939820e-02 9.933048e-01 -9.908264e-02 -6.525508e-02 3.668669e-01 1.140335e-01 9.232579e-01 1.113226e+01
9.649524e-01 9.455070e-02 -2.447998e-01 3.012208e+00 -8.935162e-02 9.954768e-01 3.228339e-02 -5.239802e-02 2.467450e-01 -9.278673e-03 9.690360e-01 1.165412e+01
9.074487e-01 1.575840e-01 -3.894921e-01 2.612130e+00 -2.220396e-01 9.668440e-01 -1.261396e-01 -3.845533e-02 3.567005e-01 2.009479e-01 9.123512e-01 1.224899e+01
9.831871e-01 9.733823e-03 -1.823416e-01 2.161775e+00 8.569282e-03 9.950184e-01 9.932204e-02 -2.461869e-02 1.824000e-01 -9.921468e-02 9.782058e-01 1.285783e+01
7.899801e-01 2.324600e-01 -5.673569e-01 1.588354e+00 -3.389136e-01 9.366819e-01 -8.811723e-02 -3.416602e-03 5.109492e-01 2.618958e-01 8.187439e-01 1.368945e+01
9.782890e-01 -1.245431e-01 -1.656494e-01 1.081332e+00 1.321778e-01 9.905775e-01 3.584985e-02 1.586021e-02 1.596237e-01 -5.696669e-02 9.855329e-01 1.446890e+01
7.111758e-01 3.387462e-01 -6.160194e-01 5.952034e-01 -4.199851e-01 9.074211e-01 1.412652e-02 3.608646e-02 5.637743e-01 2.486725e-01 7.876043e-01 1.525044e+01
9.875059e-01 -1.516204e-01 -4.293325e-02 3.196119e-01 1.430074e-01 9.767075e-01 -1.599729e-01 5.087280e-02 6.618839e-02 1.518344e-01 9.861873e-01 1.579334e+01
8.610645e-01 1.922100e-01 -4.707688e-01 3.753970e-01 -1.545956e-01 9.809369e-01 1.177416e-01 5.631913e-02 4.844256e-01 -2.860437e-02 8.743647e-01 1.585678e+01
9.879490e-01 -2.833117e-02 -1.521651e-01 4.225426e-01 -2.023149e-02 9.510334e-01 -3.084254e-01 6.676124e-02 1.534521e-01 3.077871e-01 9.389992e-01 1.610443e+01
8.818814e-01 2.440985e-02 -4.708391e-01 5.699882e-01 3.713817e-02 9.919592e-01 1.209862e-01 7.497385e-02 4.700064e-01 -1.241816e-01 8.738838e-01 1.611781e+01
9.086754e-01 2.982822e-01 -2.921244e-01 1.568886e-01 -3.583078e-01 9.162961e-01 -1.789328e-01 9.317117e-02 2.143000e-01 2.672623e-01 9.394926e-01 1.681283e+01
9.407228e-01 -2.234011e-01 -2.552109e-01 -1.486415e-01 2.509489e-01 9.646383e-01 8.060801e-02 1.024793e-01 2.281783e-01 -1.398747e-01 9.635195e-01 1.730278e+01
9.263149e-01 3.329206e-01 -1.763647e-01 -3.976468e-01 -3.447002e-01 9.378567e-01 -4.008231e-02 1.111663e-01 1.520606e-01 9.792177e-02 9.835085e-01 1.768452e+01
9.178196e-01 -2.581949e-01 -3.015669e-01 -6.379462e-01 2.543189e-01 9.656795e-01 -5.277310e-02 1.209718e-01 3.048427e-01 -2.825797e-02 9.519834e-01 1.810482e+01
8.157353e-01 4.166070e-01 -4.012661e-01 -1.077203e+00 -4.239891e-01 9.025463e-01 7.512279e-02 1.397137e-01 3.934579e-01 1.088521e-01 9.128757e-01 1.883002e+01
9.740012e-01 -1.617532e-01 -1.586115e-01 -1.530097e+00 1.321118e-01 9.743185e-01 -1.823455e-01 1.546945e-01 1.840331e-01 1.566503e-01 9.703569e-01 1.947474e+01
9.071732e-01 3.027232e-01 -2.922251e-01 -1.883860e+00 -2.410940e-01 9.431877e-01 2.286279e-01 1.660220e-01 3.448341e-01 -1.369513e-01 9.286193e-01 1.996800e+01
9.806720e-01 -1.287615e-01 -1.473187e-01 -2.247625e+00 9.623779e-02 9.729973e-01 -2.097964e-01 1.774135e-01 1.703544e-01 1.915638e-01 9.665830e-01 2.049992e+01
9.766410e-01 1.825817e-01 -1.132974e-01 -2.417220e+00 -1.539732e-01 9.624207e-01 2.236933e-01 1.814430e-01 1.498820e-01 -2.010233e-01 9.680522e-01 2.076310e+01
9.934886e-01 -1.095665e-01 3.123525e-02 -2.478061e+00 1.137742e-01 9.685142e-01 -2.214401e-01 1.820345e-01 -5.989366e-03 2.235520e-01 9.746736e-01 2.082868e+01
9.678579e-01 1.778242e-01 -1.778472e-01 -2.572677e+00 -1.225684e-01 9.510019e-01 2.838528e-01 1.827904e-01 2.196090e-01 -2.529307e-01 9.422303e-01 2.094453e+01
9.934391e-01 -1.119133e-01 2.354191e-02 -2.642252e+00 1.142298e-01 9.611156e-01 -2.514126e-01 1.838756e-01 5.509920e-03 2.524523e-01 9.675936e-01 2.106133e+01
9.684097e-01 1.861696e-01 -1.659023e-01 -2.737277e+00 -1.315622e-01 9.466148e-01 2.942988e-01 1.846080e-01 2.118351e-01 -2.631753e-01 9.412038e-01 2.115422e+01
9.991943e-01 -3.826906e-02 -1.209610e-02 -2.886989e+00 3.398200e-02 9.670319e-01 -2.523777e-01 1.863724e-01 2.135557e-02 2.517633e-01 9.675532e-01 2.134687e+01
9.686100e-01 1.112064e-01 -2.223238e-01 -3.027417e+00 -4.411448e-02 9.570568e-01 2.865242e-01 1.883612e-01 2.446398e-01 -2.677225e-01 9.319206e-01 2.155219e+01
9.987869e-01 2.142388e-02 4.433687e-02 -3.154011e+00 -9.803813e-03 9.688845e-01 -2.473189e-01 1.896196e-01 -4.825584e-02 2.465842e-01 9.679192e-01 2.172181e+01
9.680478e-01 6.276899e-02 -2.427830e-01 -3.282899e+00 4.256939e-03 9.639130e-01 2.661833e-01 1.911904e-01 2.507297e-01 -2.587116e-01 9.328467e-01 2.189636e+01
9.957801e-01 9.088204e-02 -1.274628e-02 -3.455424e+00 -9.117513e-02 9.639112e-01 -2.501247e-01 1.943530e-01 -1.044556e-02 2.502314e-01 9.681297e-01 2.211289e+01
9.601560e-01 -2.334638e-02 -2.784876e-01 -3.605200e+00 9.558337e-02 9.638408e-01 2.487463e-01 1.966449e-01 2.626104e-01 -2.654540e-01 9.276691e-01 2.234711e+01
9.806197e-01 1.157120e-01 1.581005e-01 -3.664881e+00 -7.780415e-02 9.705972e-01 -2.277883e-01 1.962098e-01 -1.798097e-01 2.110728e-01 9.607896e-01 2.243586e+01
9.325753e-01 -1.012903e-02 -3.608333e-01 -3.782579e+00 8.944950e-02 9.749143e-01 2.038156e-01 1.977927e-01 3.497171e-01 -2.223498e-01 9.100871e-01 2.257028e+01
9.747612e-01 1.438974e-01 1.706870e-01 -3.903204e+00 -1.093271e-01 9.742842e-01 -1.970224e-01 1.993781e-01 -1.946487e-01 1.733891e-01 9.654264e-01 2.273684e+01
9.467799e-01 -6.927553e-02 -3.143387e-01 -3.973744e+00 1.352124e-01 9.718216e-01 1.930812e-01 1.991171e-01 2.921053e-01 -2.253078e-01 9.294681e-01 2.283670e+01
9.733867e-01 2.078051e-01 9.661980e-02 -4.089402e+00 -1.846889e-01 9.609408e-01 -2.061134e-01 2.006297e-01 -1.356773e-01 1.827835e-01 9.737463e-01 2.299715e+01
8.536671e-01 -7.994905e-03 -5.207577e-01 -4.356372e+00 3.147151e-02 9.988469e-01 3.625584e-02 2.088672e-01 5.198674e-01 -4.733945e-02 8.529343e-01 2.333401e+01
9.715660e-01 2.149824e-01 9.920676e-02 -4.606979e+00 -2.063294e-01 9.742775e-01 -9.061741e-02 2.182482e-01 -1.161361e-01 6.757153e-02 9.909321e-01 2.367773e+01
7.806618e-01 -3.775682e-02 -6.238122e-01 -4.933697e+00 -5.144671e-02 9.909028e-01 -1.243577e-01 2.314867e-01 6.228326e-01 1.291743e-01 7.716175e-01 2.414163e+01
