9.999970e-01 -2.916980e-04 -2.414954e-03 -5.208784e-02 2.909180e-04 9.999999e-01 -3.233533e-04 -6.566088e-03 2.415048e-03 3.226491e-04 9.999970e-01 2.400165e-01
9.999999e-01 1.920925e-04 4.199942e-04 -1.003630e-01 -1.920918e-04 1.000000e+00 -1.773539e-06 -1.291057e-02 -4.199942e-04 1.693574e-06 9.999999e-01 4.922872e-01
9.999976e-01 -5.470680e-04 -2.139756e-03 -1.615342e-01 5.461817e-04 9.999998e-01 -4.147707e-04 -1.898070e-02 2.139982e-03 4.136002e-04 9.999976e-01 7.623649e-01
1.000000e+00 1.280127e-04 -2.115499e-04 -2.108841e-01 -1.280292e-04 1.000000e+00 -7.825732e-05 -2.573833e-02 2.115402e-04 7.828511e-05 1.000000e+00 9.924921e-01
9.999999e-01 -3.856835e-04 -9.346882e-05 -3.084566e-01 3.856366e-04 9.999998e-01 -5.012507e-04 -2.979499e-02 9.366178e-05 5.012139e-04 9.999999e-01 1.340649e+00
1.000000e+00 -1.809433e-05 -8.460531e-05 -4.017805e-01 1.808733e-05 1.000000e+00 -8.302179e-05 -3.372205e-02 8.460715e-05 8.302097e-05 1.000000e+00 1.691552e+00
9.999991e-01 -3.486603e-04 -1.283291e-03 -4.706234e-01 3.479231e-04 9.999998e-01 -5.746083e-04 -3.948260e-02 1.283490e-03 5.741606e-04 9.999990e-01 1.969742e+00
1.000000e+00 -2.764731e-05 2.741676e-04 -5.567707e-01 2.765837e-05 1.000000e+00 -4.026051e-05 -4.419617e-02 -2.741661e-04 4.026881e-05 1.000000e+00 2.288700e+00
9.999999e-01 -3.506554e-04 7.468459e-05 -6.578938e-01 3.507041e-04 9.999997e-01 -6.544370e-04 -4.785777e-02 -7.445543e-05 6.544624e-04 9.999998e-01 2.659900e+00
9.999983e-01 -5.924734e-05 -1.866039e-03 -7.091333e-01 5.981133e-05 1.000000e+00 3.021667e-04 -5.430862e-02 1.866021e-03 -3.022770e-04 9.999982e-01 2.907830e+00
9.999991e-01 -3.321541e-04 -1.295993e-03 -7.258291e-01 3.313707e-04 9.999998e-01 -6.045885e-04 -6.240986e-02 1.296193e-03 6.041578e-04 9.999990e-01 3.079859e+00
9.999933e-01 -1.099270e-04 -3.651984e-03 -6.980164e-01 1.116908e-04 9.999999e-01 4.827725e-04 -7.259918e-02 3.651930e-03 -4.831765e-04 9.999932e-01 3.186027e+00
9.999999e-01 -1.463325e-04 3.047230e-04 -7.298249e-01 1.465451e-04 9.999997e-01 -6.977005e-04 -8.055841e-02 -3.046212e-04 6.977444e-04 9.999997e-01 3.372822e+00
9.999974e-01 -2.443766e-04 -2.282786e-03 -7.888000e-01 2.449763e-04 9.999999e-01 2.624086e-04 -8.700012e-02 2.282722e-03 -2.629665e-04 9.999974e-01 3.610388e+00
9.999999e-01 -6.465869e-05 -3.278310e-04 -8.308385e-01 6.441903e-05 9.999997e-01 -7.308834e-04 -9.419977e-02 3.278778e-04 7.308615e-04 9.999997e-01 3.815518e+00
9.999984e-01 -4.032096e-04 -1.726713e-03 -8.840109e-01 4.037632e-04 9.999999e-01 3.202953e-04 -1.007176e-01 1.726584e-03 -3.209913e-04 9.999985e-01 4.049708e+00
1.000000e+00 5.014975e-05 -2.354992e-04 -9.448827e-01 -5.035931e-05 9.999996e-01 -8.897693e-04 -1.069578e-01 2.354541e-04 8.897805e-04 9.999996e-01 4.303295e+00
9.999959e-01 -5.668405e-04 -2.800749e-03 -9.702867e-01 5.680568e-04 9.999997e-01 4.334825e-04 -1.150371e-01 2.800503e-03 -4.350710e-04 9.999960e-01 4.477509e+00
9.999994e-01 5.437986e-04 -9.765117e-04 -9.726399e-01 -5.442611e-04 9.999997e-01 -4.733737e-04 -1.242165e-01 9.762537e-04 4.739041e-04 9.999994e-01 4.603540e+00
9.999960e-01 -9.689218e-04 -2.663762e-03 -9.902334e-01 9.704013e-04 9.999994e-01 5.541714e-04 -1.325259e-01 2.663224e-03 -5.567534e-04 9.999963e-01 4.769035e+00
9.999998e-01 5.370805e-04 -3.629575e-04 -1.013467e+00 -5.373707e-04 9.999995e-01 -7.998759e-04 -1.405229e-01 3.625274e-04 8.000700e-04 9.999996e-01 4.962394e+00
9.999944e-01 -9.028961e-04 -3.224797e-03 -1.034041e+00 9.042881e-04 9.999995e-01 4.302088e-04 -1.491011e-01 3.224408e-03 -4.331218e-04 9.999947e-01 5.138576e+00
9.999999e-01 3.880422e-04 -1.346144e-04 -1.055075e+00 -3.881630e-04 9.999995e-01 -8.979819e-04 -1.572688e-01 1.342655e-04 8.980334e-04 9.999996e-01 5.319800e+00
9.999959e-01 -6.845635e-04 -2.796717e-03 -1.097696e+00 6.859416e-04 9.999996e-01 4.918270e-04 -1.649745e-01 2.796379e-03 -4.937427e-04 9.999960e-01 5.524540e+00
9.999996e-01 1.907784e-04 8.565182e-04 -1.159738e+00 -1.896571e-04 9.999991e-01 -1.309115e-03 -1.711462e-01 -8.567675e-04 1.308952e-03 9.999988e-01 5.774010e+00
9.999917e-01 -6.640928e-04 -4.018478e-03 -1.187718e+00 6.665183e-04 9.999996e-01 6.022640e-04 -1.792860e-01 4.018076e-03 -6.049367e-04 9.999917e-01 5.957975e+00
9.999995e-01 2.688159e-04 9.149162e-04 -1.218591e+00 -2.677001e-04 9.999992e-01 -1.219459e-03 -1.873975e-01 -9.152436e-04 1.219213e-03 9.999988e-01 6.139939e+00
9.999925e-01 -6.985981e-04 -3.813544e-03 -1.261688e+00 7.010323e-04 9.999996e-01 6.370071e-04 -1.946848e-01 3.813098e-03 -6.396751e-04 9.999925e-01 6.404075e+00
9.999992e-01 1.885614e-04 1.215850e-03 -1.293885e+00 -1.869944e-04 9.999992e-01 -1.288887e-03 -2.024093e-01 -1.216092e-03 1.288658e-03 9.999984e-01 6.686765e+00
9.999909e-01 -7.924851e-04 -4.189231e-03 -1.316372e+00 7.947293e-04 9.999995e-01 5.340578e-04 -2.106231e-01 4.188807e-03 -5.373816e-04 9.999911e-01 6.902054e+00
1.000000e+00 2.858355e-04 -9.467912e-05 -1.321454e+00 -2.859411e-04 9.999993e-01 -1.117229e-03 -2.199238e-01 9.435937e-05 1.117256e-03 9.999994e-01 7.033153e+00
9.999935e-01 -7.465630e-04 -3.514668e-03 -1.342529e+00 7.484159e-04 9.999996e-01 5.259034e-04 -2.284165e-01 3.514274e-03 -5.285297e-04 9.999937e-01 7.200827e+00
9.999999e-01 2.963628e-04 2.754780e-04 -1.371495e+00 -2.960256e-04 9.999992e-01 -1.223518e-03 -2.364606e-01 -2.758407e-04 1.223435e-03 9.999992e-01 7.379424e+00
9.999891e-01 -7.371773e-04 -4.611835e-03 -1.375843e+00 7.405915e-04 9.999995e-01 7.386462e-04 -2.458112e-01 4.611288e-03 -7.420529e-04 9.999891e-01 7.506970e+00
9.999993e-01 4.228804e-04 1.119483e-03 -1.393788e+00 -4.215199e-04 9.999992e-01 -1.215298e-03 -2.543090e-01 -1.119996e-03 1.214825e-03 9.999986e-01 7.654902e+00
9.999861e-01 -9.879696e-04 -5.185389e-03 -1.391067e+00 9.928839e-04 9.999991e-01 9.452166e-04 -2.634770e-01 5.184451e-03 -9.503512e-04 9.999861e-01 7.770703e+00
9.999992e-01 4.041894e-04 1.175069e-03 -1.384382e+00 -4.028516e-04 9.999993e-01 -1.138491e-03 -2.728105e-01 -1.175528e-03 1.138016e-03 9.999987e-01 7.890945e+00
9.999916e-01 -7.035444e-04 -4.035987e-03 -1.420678e+00 7.063101e-04 9.999995e-01 6.838555e-04 -2.803330e-01 4.035504e-03 -6.866997e-04 9.999916e-01 8.089950e+00
9.999929e-01 2.342180e-04 3.756563e-03 -1.503405e+00 -2.283268e-04 9.999987e-01 -1.568615e-03 -2.849697e-01 -3.756926e-03 1.567746e-03 9.999917e-01 8.421038e+00
9.999787e-01 -7.356034e-04 -6.488318e-03 -1.527321e+00 7.426291e-04 9.999991e-01 1.080472e-03 -2.931776e-01 6.487518e-03 -1.085267e-03 9.999784e-01 8.620187e+00
9.999925e-01 3.207883e-04 3.858149e-03 -1.574293e+00 -3.149678e-04 9.999988e-01 -1.509173e-03 -2.999939e-01 -3.858629e-03 1.507946e-03 9.999914e-01 8.862584e+00
9.999877e-01 -5.868411e-04 -4.924100e-03 -1.641202e+00 5.890635e-04 9.999997e-01 4.498889e-04 -3.052644e-01 4.923835e-03 -4.527833e-04 9.999878e-01 9.156410e+00
9.999973e-01 2.176634e-04 2.305362e-03 -1.686821e+00 -2.153002e-04 9.999995e-01 -1.025303e-03 -3.121754e-01 -2.305585e-03 1.024803e-03 9.999968e-01 9.367549e+00
9.999831e-01 -2.291073e-04 -5.801307e-03 -1.700234e+00 2.333458e-04 9.999997e-01 7.299361e-04 -3.203870e-01 5.801138e-03 -7.312768e-04 9.999829e-01 9.520417e+00
9.999977e-01 -2.498064e-04 2.114310e-03 -1.707654e+00 2.515884e-04 9.999996e-01 -8.426502e-04 -3.292076e-01 -2.114099e-03 8.431795e-04 9.999974e-01 9.657673e+00
9.999779e-01 6.008927e-04 -6.625161e-03 -1.686962e+00 -5.958679e-04 9.999995e-01 7.603704e-04 -3.389856e-01 6.625615e-03 -7.564052e-04 9.999778e-01 9.753068e+00
9.999987e-01 -1.194724e-03 1.036388e-03 -1.639712e+00 1.195600e-03 9.999989e-01 -8.443737e-04 -3.504596e-01 -1.035379e-03 8.456110e-04 9.999991e-01 9.805360e+00
9.999836e-01 6.787083e-04 -5.682475e-03 -1.618739e+00 -6.758931e-04 9.999996e-01 4.973060e-04 -3.606807e-01 5.682811e-03 -4.934564e-04 9.999837e-01 9.904995e+00
9.999998e-01 -6.247302e-04 9.472948e-05 -1.523497e+00 6.247811e-04 9.999997e-01 -5.386550e-04 -3.727378e-01 -9.439328e-05 5.387134e-04 9.999999e-01 9.958599e+00
9.999857e-01 4.511218e-04 -5.334211e-03 -1.461926e+00 -4.493821e-04 9.999998e-01 3.273133e-04 -3.843376e-01 5.334358e-03 -3.249108e-04 9.999857e-01 1.002411e+01
9.999987e-01 -2.027950e-04 -1.598739e-03 -1.376722e+00 2.011589e-04 9.999995e-01 -1.023429e-03 -3.960430e-01 1.598945e-03 1.023106e-03 9.999982e-01 1.010735e+01
9.999918e-01 -1.854218e-04 -4.050021e-03 -1.298099e+00 1.865941e-04 9.999999e-01 2.890569e-04 -4.082273e-01 4.049967e-03 -2.898095e-04 9.999918e-01 1.014801e+01
9.999851e-01 -2.948753e-03 -4.593701e-03 -9.853804e-01 2.945410e-03 9.999954e-01 -7.343393e-04 -4.245125e-01 4.595845e-03 7.207973e-04 9.999892e-01 1.001477e+01
9.999951e-01 3.117016e-03 -2.767281e-04 -9.145182e-01 -3.116900e-03 9.999951e-01 4.161782e-04 -4.357646e-01 2.780244e-04 -4.153129e-04 9.999999e-01 1.008026e+01
9.999833e-01 -3.568217e-03 -4.537997e-03 -8.644404e-01 3.561702e-03 9.999926e-01 -1.442845e-03 -4.462999e-01 4.543112e-03 1.426658e-03 9.999887e-01 1.015985e+01
9.999936e-01 2.733334e-03 -2.294994e-03 -6.685790e-01 -2.731026e-03 9.999958e-01 1.008215e-03 -4.608404e-01 2.297740e-03 -1.001940e-03 9.999969e-01 1.011243e+01
9.999657e-01 -4.919923e-03 -6.663081e-03 -3.342814e-01 4.907292e-03 9.999861e-01 -1.910727e-03 -4.778102e-01 6.672389e-03 1.877963e-03 9.999760e-01 9.960768e+00
9.999931e-01 3.566550e-03 -9.931948e-04 -6.938658e-02 -3.564547e-03 9.999916e-01 2.011356e-03 -4.925412e-01 1.000360e-03 -2.007802e-03 9.999975e-01 9.857590e+00
9.999852e-01 -2.692287e-03 -4.736977e-03 3.370605e-02 2.679053e-03 9.999925e-01 -2.797793e-03 -5.045371e-01 4.744473e-03 2.785060e-03 9.999849e-01 9.902981e+00
9.999956e-01 2.716554e-03 -1.208931e-03 1.343408e-01 -2.714488e-03 9.999949e-01 1.707005e-03 -5.171141e-01 1.213562e-03 -1.703715e-03 9.999978e-01 9.923084e+00
9.999805e-01 -2.196055e-03 -5.838629e-03 3.697877e-01 2.184864e-03 9.999958e-01 -1.922387e-03 -5.310196e-01 5.842826e-03 1.909593e-03 9.999811e-01 9.854876e+00
9.999952e-01 3.080443e-03 3.698370e-04 4.703753e-01 -3.081122e-03 9.999935e-01 1.851827e-03 -5.432176e-01 -3.641298e-04 -1.852957e-03 9.999982e-01 9.881314e+00
9.999714e-01 -3.483728e-03 -6.717420e-03 6.271484e-01 3.473245e-03 9.999927e-01 -1.571606e-03 -5.574462e-01 6.722846e-03 1.548229e-03 9.999762e-01 9.842153e+00
9.999934e-01 3.057529e-03 -1.942395e-03 9.019588e-01 -3.055288e-03 9.999947e-01 1.155413e-03 -5.723923e-01 1.945918e-03 -1.149470e-03 9.999974e-01 9.729628e+00
9.999902e-01 -1.577831e-03 -4.140768e-03 1.038011e+00 1.566795e-03 9.999952e-01 -2.667071e-03 -5.850142e-01 4.144956e-03 2.660557e-03 9.999879e-01 9.747329e+00
9.999993e-01 1.154765e-03 -3.329325e-04 1.055613e+00 -1.154044e-03 9.999970e-01 2.156398e-03 -5.952883e-01 3.354220e-04 -2.156011e-03 9.999976e-01 9.856837e+00
9.999883e-01 -1.777020e-03 -4.501166e-03 1.089128e+00 1.763236e-03 9.999938e-01 -3.064302e-03 -6.060313e-01 4.506583e-03 3.056328e-03 9.999852e-01 9.940972e+00
9.999955e-01 1.218238e-03 -2.757275e-03 1.239120e+00 -1.212756e-03 9.999973e-01 1.988835e-03 -6.201056e-01 2.759691e-03 -1.985481e-03 9.999942e-01 9.916327e+00
9.999989e-01 3.942771e-04 -1.425925e-03 1.384941e+00 -3.960420e-04 9.999992e-01 -1.237623e-03 -6.332555e-01 1.425436e-03 1.238186e-03 9.999982e-01 9.882988e+00
9.999871e-01 -9.445590e-04 -4.982628e-03 1.533450e+00 9.498676e-04 9.999990e-01 1.063144e-03 -6.467690e-01 4.981619e-03 -1.067862e-03 9.999870e-01 9.842406e+00
9.999997e-01 4.739475e-04 5.950721e-04 1.535829e+00 -4.730362e-04 9.999987e-01 -1.530882e-03 -6.564887e-01 -5.957973e-04 1.530600e-03 9.999987e-01 9.962805e+00
9.999963e-01 -1.083352e-03 -2.509702e-03 1.482441e+00 1.084929e-03 9.999992e-01 6.273146e-04 -6.630111e-01 2.509021e-03 -6.300344e-04 9.999967e-01 1.020812e+01
9.999999e-01 4.656429e-04 -1.705696e-04 1.454348e+00 -4.658670e-04 9.999990e-01 -1.315033e-03 -6.708431e-01 1.699568e-04 1.315112e-03 9.999991e-01 1.039764e+01
9.999893e-01 -8.855774e-04 -4.541741e-03 1.475923e+00 8.895303e-04 9.999992e-01 8.683747e-04 -6.812474e-01 4.540969e-03 -8.724047e-04 9.999893e-01 1.048575e+01
9.999989e-01 8.628400e-04 -1.212646e-03 1.577689e+00 -8.636842e-04 9.999994e-01 -6.957443e-04 -6.939819e-01 1.212045e-03 6.967901e-04 9.999990e-01 1.049256e+01
9.999949e-01 -4.184449e-05 -3.201387e-03 1.670067e+00 4.648362e-05 9.999989e-01 1.448997e-03 -7.064036e-01 3.201323e-03 -1.449138e-03 9.999938e-01 1.053032e+01
9.999996e-01 -5.550134e-04 -6.985834e-04 1.668623e+00 5.536010e-04 9.999978e-01 -2.020209e-03 -7.156091e-01 6.997028e-04 2.019820e-03 9.999977e-01 1.067493e+01
9.999914e-01 6.948971e-05 -4.145026e-03 1.702197e+00 -6.337254e-05 9.999989e-01 1.475867e-03 -7.262034e-01 4.145125e-03 -1.475591e-03 9.999903e-01 1.076523e+01
9.999955e-01 -9.244291e-04 -2.843853e-03 1.871136e+00 9.188636e-04 9.999977e-01 -1.957674e-03 -7.403256e-01 2.845656e-03 1.955051e-03 9.999940e-01 1.071938e+01
9.999876e-01 -8.686779e-04 -4.905581e-03 2.097027e+00 8.763463e-04 9.999984e-01 1.561232e-03 -7.548782e-01 4.904217e-03 -1.565511e-03 9.999867e-01 1.063518e+01
9.999984e-01 8.616896e-04 -1.551151e-03 2.290765e+00 -8.640883e-04 9.999984e-01 -1.546297e-03 -7.678363e-01 1.549816e-03 1.547634e-03 9.999976e-01 1.060769e+01
9.999974e-01 -1.400980e-03 -1.792771e-03 2.279750e+00 1.402563e-03 9.999986e-01 8.822599e-04 -7.764211e-01 1.791533e-03 -8.847714e-04 9.999980e-01 1.078240e+01
9.999995e-01 9.196008e-04 4.899857e-04 2.212839e+00 -9.187748e-04 9.999982e-01 -1.683516e-03 -7.822383e-01 -4.915333e-04 1.683065e-03 9.999985e-01 1.106188e+01
9.999951e-01 -1.589668e-03 -2.714023e-03 2.171881e+00 1.592114e-03 9.999983e-01 8.991563e-04 -7.894311e-01 2.712590e-03 -9.034722e-04 9.999959e-01 1.128402e+01
9.999994e-01 1.014643e-03 -4.568093e-04 2.152461e+00 -1.015394e-03 9.999981e-01 -1.646814e-03 -7.977724e-01 4.551372e-04 1.647276e-03 9.999985e-01 1.147563e+01
9.999948e-01 -1.360791e-03 -2.914436e-03 2.129257e+00 1.364229e-03 9.999984e-01 1.178030e-03 -8.062939e-01 2.912828e-03 -1.181999e-03 9.999951e-01 1.164859e+01
9.999987e-01 8.800269e-04 1.368343e-03 2.069204e+00 -8.772334e-04 9.999975e-01 -2.040864e-03 -8.124981e-01 -1.370136e-03 2.039660e-03 9.999970e-01 1.191615e+01
9.999897e-01 -1.494452e-03 -4.285039e-03 2.043026e+00 1.500147e-03 9.999980e-01 1.326064e-03 -8.205323e-01 4.283049e-03 -1.332478e-03 9.999899e-01 1.209889e+01
9.999843e-01 2.008446e-03 5.235060e-03 1.956834e+00 -1.996208e-03 9.999953e-01 -2.341842e-03 -8.251629e-01 -5.239739e-03 2.331354e-03 9.999836e-01 1.248234e+01
9.999906e-01 -2.862924e-03 -3.264956e-03 1.838999e+00 2.866994e-03 9.999951e-01 1.242529e-03 -8.279985e-01 3.261383e-03 -1.251877e-03 9.999939e-01 1.291211e+01
9.999969e-01 2.169747e-03 1.258662e-03 1.795014e+00 -2.167153e-03 9.999955e-01 -2.058140e-03 -8.350627e-01 -1.263122e-03 2.055406e-03 9.999971e-01 1.313569e+01
9.999802e-01 -2.791447e-03 -5.640063e-03 1.821326e+00 2.800399e-03 9.999948e-01 1.579948e-03 -8.452684e-01 5.635624e-03 -1.595711e-03 9.999828e-01 1.323515e+01
9.999927e-01 3.803943e-03 2.987562e-04 1.929572e+00 -3.803672e-03 9.999924e-01 -9.022307e-04 -8.583210e-01 -3.021863e-04 9.010871e-04 9.999995e-01 1.323613e+01
9.999781e-01 -3.584548e-03 -5.560095e-03 1.993787e+00 3.590859e-03 9.999929e-01 1.125475e-03 -8.699451e-01 5.556022e-03 -1.145415e-03 9.999839e-01 1.329497e+01
9.999901e-01 -1.597012e-03 -4.164245e-03 2.276770e+00 1.580604e-03 9.999910e-01 -3.940575e-03 -8.872876e-01 4.170501e-03 3.933954e-03 9.999836e-01 1.324295e+01
9.999985e-01 8.478925e-04 1.512910e-03 2.247121e+00 -8.525758e-04 9.999948e-01 3.097709e-03 -8.946036e-01 -1.510275e-03 -3.098993e-03 9.999941e-01 1.344222e+01
9.999978e-01 -1.417500e-03 -1.534756e-03 2.180187e+00 1.410455e-03 9.999885e-01 -4.581436e-03 -8.996274e-01 1.541233e-03 4.579261e-03 9.999883e-01 1.376130e+01
9.999976e-01 1.128937e-03 -1.892834e-03 2.175376e+00 -1.120395e-03 9.999892e-01 4.507956e-03 -9.086142e-01 1.897903e-03 -4.505823e-03 9.999880e-01 1.394970e+01
9.999985e-01 -1.658002e-03 5.817682e-04 2.105346e+00 1.661127e-03 9.999840e-01 -5.413088e-03 -9.142294e-01 -5.727842e-04 5.414045e-03 9.999852e-01 1.422774e+01
9.999901e-01 1.755152e-03 -4.081042e-03 2.103694e+00 -1.736994e-03 9.999886e-01 4.448629e-03 -9.233319e-01 4.088804e-03 -4.441496e-03 9.999818e-01 1.436029e+01
9.999995e-01 -5.712554e-04 -8.298218e-04 2.184774e+00 5.666909e-04 9.999848e-01 -5.490247e-03 -9.352939e-01 8.329452e-04 5.489773e-03 9.999846e-01 1.438367e+01
9.999941e-01 1.052527e-03 -3.264949e-03 2.183929e+00 -1.039440e-03 9.999914e-01 4.007254e-03 -9.450273e-01 3.269140e-03 -4.003836e-03 9.999866e-01 1.451581e+01
9.999991e-01 -1.306268e-03 -3.895520e-04 2.182376e+00 1.304270e-03 9.999862e-01 -5.084005e-03 -9.541316e-01 3.961874e-04 5.083492e-03 9.999870e-01 1.466865e+01
9.999844e-01 1.744354e-03 -5.306836e-03 2.288673e+00 -1.718335e-03 9.999865e-01 4.903681e-03 -9.670327e-01 5.315319e-03 -4.894485e-03 9.999739e-01 1.465958e+01
9.999990e-01 -1.378588e-03 2.000802e-04 2.325075e+00 1.379586e-03 9.999862e-01 -5.076565e-03 -9.780263e-01 -1.930793e-04 5.076836e-03 9.999871e-01 1.471578e+01
9.999892e-01 1.198970e-03 -4.482726e-03 2.339935e+00 -1.177017e-03 9.999873e-01 4.896566e-03 -9.881698e-01 4.488540e-03 -4.891237e-03 9.999780e-01 1.481361e+01
9.999969e-01 -1.558688e-03 1.956226e-03 2.296101e+00 1.569560e-03 9.999833e-01 -5.568181e-03 -9.957204e-01 -1.947515e-03 5.571233e-03 9.999826e-01 1.503098e+01
9.999896e-01 1.233698e-03 -4.380920e-03 2.248658e+00 -1.212422e-03 9.999875e-01 4.855698e-03 -1.003069e+00 4.386856e-03 -4.850335e-03 9.999786e-01 1.524153e+01
9.999952e-01 -1.552063e-03 2.672974e-03 2.182852e+00 1.567055e-03 9.999830e-01 -5.615776e-03 -1.009476e+00 -2.664213e-03 5.619938e-03 9.999807e-01 1.549687e+01
9.999824e-01 1.328067e-03 -5.780910e-03 2.155446e+00 -1.300654e-03 9.999879e-01 4.743254e-03 -1.017846e+00 5.787140e-03 -4.735650e-03 9.999720e-01 1.566235e+01
9.999964e-01 -1.434172e-03 2.274589e-03 2.137287e+00 1.445558e-03 9.999864e-01 -5.012221e-03 -1.026596e+00 -2.267370e-03 5.015490e-03 9.999849e-01 1.580569e+01
9.999919e-01 1.227037e-03 -3.838722e-03 2.070642e+00 -1.210554e-03 9.999901e-01 4.293222e-03 -1.032967e+00 3.843953e-03 -4.288539e-03 9.999834e-01 1.606660e+01
9.999912e-01 -1.689729e-03 3.835788e-03 1.977713e+00 1.710053e-03 9.999845e-01 -5.301636e-03 -1.037514e+00 -3.826770e-03 5.308148e-03 9.999786e-01 1.641390e+01
9.999954e-01 1.456435e-03 -2.673200e-03 1.854356e+00 -1.444691e-03 9.999893e-01 4.389859e-03 -1.040723e+00 2.679565e-03 -4.385976e-03 9.999868e-01 1.685486e+01
9.999609e-01 -2.153391e-03 8.579665e-03 1.642832e+00 2.204963e-03 9.999795e-01 -6.006019e-03 -1.037802e+00 -8.566556e-03 6.024701e-03 9.999452e-01 1.750279e+01
9.999906e-01 1.557882e-03 -4.056690e-03 1.461162e+00 -1.539190e-03 9.999882e-01 4.606552e-03 -1.036590e+00 4.063818e-03 -4.600264e-03 9.999812e-01 1.809988e+01
9.999511e-01 -2.197005e-03 9.644482e-03 1.257378e+00 2.256365e-03 9.999786e-01 -6.148176e-03 -1.033993e+00 -9.630768e-03 6.169636e-03 9.999346e-01 1.874573e+01
9.999907e-01 1.578269e-03 -4.012182e-03 1.052105e+00 -1.559771e-03 9.999882e-01 4.609299e-03 -1.031471e+00 4.019409e-03 -4.602997e-03 9.999813e-01 1.940756e+01
9.999763e-01 -2.295906e-03 6.488391e-03 9.167561e-01 2.335118e-03 9.999790e-01 -6.042330e-03 -1.032786e+00 -6.474383e-03 6.057338e-03 9.999607e-01 1.988469e+01
9.999680e-01 1.980840e-03 -7.754751e-03 8.526469e-01 -1.939901e-03 9.999842e-01 5.283146e-03 -1.039147e+00 7.765094e-03 -5.267933e-03 9.999560e-01 2.018671e+01
9.999669e-01 -2.254299e-03 7.817690e-03 7.549990e-01 2.303263e-03 9.999778e-01 -6.259986e-03 -1.043683e+00 -7.803404e-03 6.277785e-03 9.999498e-01 2.053995e+01
9.999618e-01 1.849396e-03 -8.545777e-03 6.783047e-01 -1.803601e-03 9.999840e-01 5.363386e-03 -1.049313e+00 8.555559e-03 -5.347767e-03 9.999491e-01 2.086153e+01
9.999614e-01 -2.307081e-03 8.475897e-03 5.924344e-01 2.362312e-03 9.999760e-01 -6.512027e-03 -1.054158e+00 -8.460670e-03 6.531798e-03 9.999429e-01 2.119998e+01
9.999394e-01 1.869172e-03 -1.085006e-02 5.502338e-01 -1.807861e-03 9.999824e-01 5.657775e-03 -1.061586e+00 1.086045e-02 -5.637816e-03 9.999251e-01 2.141987e+01
9.999642e-01 -2.252831e-03 8.160237e-03 5.155871e-01 2.305880e-03 9.999762e-01 -6.497287e-03 -1.069301e+00 -8.145406e-03 6.515870e-03 9.999456e-01 2.163791e+01
9.999452e-01 1.895450e-03 -1.029199e-02 4.645767e-01 -1.836760e-03 9.999820e-01 5.708956e-03 -1.076163e+00 1.030263e-02 -5.689738e-03 9.999307e-01 2.188502e+01
9.999620e-01 -2.321730e-03 8.406584e-03 4.086666e-01 2.377371e-03 9.999753e-01 -6.614810e-03 -1.082692e+00 -8.391018e-03 6.634543e-03 9.999428e-01 2.213478e+01
9.999713e-01 2.112427e-03 -7.279800e-03 2.880405e-01 -2.071678e-03 9.999822e-01 5.600550e-03 -1.085477e+00 7.291501e-03 -5.585308e-03 9.999578e-01 2.258238e+01
9.999378e-01 -2.685014e-03 1.082717e-02 1.277175e-01 2.760869e-03 9.999717e-01 -6.997131e-03 -1.085220e+00 -1.080808e-02 7.026588e-03 9.999169e-01 2.312467e+01
9.999777e-01 2.082958e-03 -6.341248e-03 -5.927567e-02 -2.047415e-03 9.999822e-01 5.606300e-03 -1.083496e+00 6.352813e-03 -5.593191e-03 9.999642e-01 2.372841e+01
9.999238e-01 -2.728689e-03 1.204158e-02 -2.686389e-01 2.814973e-03 9.999704e-01 -7.154413e-03 -1.080414e+00 -1.202171e-02 7.187763e-03 9.999019e-01 2.438485e+01
9.999817e-01 2.174036e-03 -5.652460e-03 -4.910600e-01 -2.142821e-03 9.999825e-01 5.522457e-03 -1.076730e+00 5.664368e-03 -5.510243e-03 9.999688e-01 2.508465e+01
9.999306e-01 -2.804461e-03 1.144239e-02 -7.034704e-01 2.886398e-03 9.999703e-01 -7.150639e-03 -1.073818e+00 -1.142199e-02 7.183169e-03 9.999090e-01 2.573107e+01
9.999771e-01 2.232527e-03 -6.393794e-03 -9.008105e-01 -2.196588e-03 9.999818e-01 5.622416e-03 -1.071618e+00 6.406230e-03 -5.608241e-03 9.999638e-01 2.634637e+01
9.999245e-01 -2.809030e-03 1.195907e-02 -1.111916e+00 2.894561e-03 9.999703e-01 -7.140622e-03 -1.068629e+00 -1.193866e-02 7.174699e-03 9.999030e-01 2.700777e+01
9.999657e-01 2.161954e-03 -7.991329e-03 -1.281873e+00 -2.117073e-03 9.999820e-01 5.620421e-03 -1.067786e+00 8.003337e-03 -5.603310e-03 9.999523e-01 2.756314e+01
9.999161e-01 -2.690829e-03 1.266972e-02 -1.469765e+00 2.779792e-03 9.999716e-01 -7.009362e-03 -1.066004e+00 -1.265050e-02 7.043993e-03 9.998952e-01 2.819162e+01
9.999727e-01 2.039200e-03 -7.106549e-03 -1.674619e+00 -2.000815e-03 9.999834e-01 5.404298e-03 -1.063240e+00 7.117452e-03 -5.389931e-03 9.999601e-01 2.885684e+01
9.999572e-01 -2.642990e-03 8.866535e-03 -1.798726e+00 2.702584e-03 9.999738e-01 -6.715976e-03 -1.065104e+00 -8.848552e-03 6.739650e-03 9.999381e-01 2.929222e+01
9.999710e-01 2.422238e-03 -7.226292e-03 -1.931830e+00 -2.382922e-03 9.999823e-01 5.444351e-03 -1.067099e+00 7.239353e-03 -5.426973e-03 9.999591e-01 2.974512e+01
9.999452e-01 -2.994384e-03 1.003281e-02 -2.080347e+00 3.063859e-03 9.999714e-01 -6.916522e-03 -1.067753e+00 -1.001181e-02 6.946881e-03 9.999257e-01 3.023119e+01
9.999420e-01 2.533098e-03 -1.046789e-02 -2.162007e+00 -2.470383e-03 9.999789e-01 5.999756e-03 -1.072626e+00 1.048287e-02 -5.973547e-03 9.999272e-01 3.056423e+01
9.999405e-01 -3.044598e-03 1.047504e-02 -2.255580e+00 3.118395e-03 9.999704e-01 -7.035901e-03 -1.076768e+00 -1.045331e-02 7.068147e-03 9.999204e-01 3.091914e+01
9.999271e-01 2.602107e-03 -1.179358e-02 -2.313876e+00 -2.528901e-03 9.999775e-01 6.217927e-03 -1.082852e+00 1.180950e-02 -6.187648e-03 9.999111e-01 3.121408e+01
9.999440e-01 -3.031367e-03 1.013857e-02 -2.367133e+00 3.103065e-03 9.999702e-01 -7.063496e-03 -1.089324e+00 -1.011686e-02 7.094560e-03 9.999237e-01 3.148340e+01
9.999285e-01 2.568766e-03 -1.167723e-02 -2.430091e+00 -2.495298e-03 9.999770e-01 6.301798e-03 -1.095275e+00 1.169315e-02 -6.272209e-03 9.999120e-01 3.176197e+01
9.999476e-01 -2.994834e-03 9.790848e-03 -2.484734e+00 3.064167e-03 9.999703e-01 -7.074167e-03 -1.101863e+00 -9.769371e-03 7.103796e-03 9.999270e-01 3.201806e+01
9.999328e-01 2.582746e-03 -1.129900e-02 -2.553079e+00 -2.511340e-03 9.999768e-01 6.329285e-03 -1.107690e+00 1.131508e-02 -6.300484e-03 9.999161e-01 3.228595e+01
9.999433e-01 -3.075154e-03 1.019689e-02 -2.624337e+00 3.148882e-03 9.999690e-01 -7.222300e-03 -1.113274e+00 -1.017436e-02 7.253999e-03 9.999219e-01 3.256535e+01
9.999220e-01 2.767127e-03 -1.217565e-02 -2.681499e+00 -2.687626e-03 9.999750e-01 6.540958e-03 -1.119847e+00 1.219345e-02 -6.507724e-03 9.999045e-01 3.280950e+01
9.999474e-01 -3.169238e-03 9.750615e-03 -2.728577e+00 3.240363e-03 9.999682e-01 -7.287271e-03 -1.127014e+00 -9.727210e-03 7.318483e-03 9.999259e-01 3.302273e+01
9.999152e-01 2.814931e-03 -1.271737e-02 -2.762363e+00 -2.729696e-03 9.999737e-01 6.714643e-03 -1.134898e+00 1.273593e-02 -6.679358e-03 9.998966e-01 3.320368e+01
9.999495e-01 -3.196386e-03 9.527215e-03 -2.787790e+00 3.265096e-03 9.999687e-01 -7.205173e-03 -1.143033e+00 -9.503887e-03 7.235916e-03 9.999287e-01 3.336529e+01
9.999279e-01 2.842319e-03 -1.167079e-02 -2.838977e+00 -2.765384e-03 9.999744e-01 6.602999e-03 -1.150007e+00 1.168926e-02 -6.570248e-03 9.999101e-01 3.358077e+01
9.999427e-01 -3.204833e-03 1.021134e-02 -2.898680e+00 3.281502e-03 9.999665e-01 -7.500280e-03 -1.156358e+00 -1.018696e-02 7.533359e-03 9.999197e-01 3.384441e+01
9.999426e-01 2.917092e-03 -1.030556e-02 -2.989078e+00 -2.850115e-03 9.999748e-01 6.507798e-03 -1.160777e+00 1.032428e-02 -6.478052e-03 9.999257e-01 3.417288e+01
9.999314e-01 -3.391264e-03 1.121339e-02 -3.099121e+00 3.476241e-03 9.999653e-01 -7.567364e-03 -1.164004e+00 -1.118733e-02 7.605825e-03 9.999085e-01 3.456576e+01
9.999360e-01 2.860176e-03 -1.094688e-02 -3.193647e+00 -2.788266e-03 9.999745e-01 6.578533e-03 -1.167789e+00 1.096541e-02 -6.547588e-03 9.999184e-01 3.492701e+01
9.999415e-01 -3.338281e-03 1.028595e-02 -3.268678e+00 3.414185e-03 9.999670e-01 -7.370665e-03 -1.172662e+00 -1.026100e-02 7.405351e-03 9.999199e-01 3.525280e+01
9.999545e-01 2.757380e-03 -9.134402e-03 -3.377994e+00 -2.701371e-03 9.999775e-01 6.138243e-03 -1.175347e+00 9.151122e-03 -6.113288e-03 9.999394e-01 3.567726e+01
9.999740e-01 -3.396527e-03 6.354836e-03 -3.387761e+00 3.440430e-03 9.999702e-01 -6.910428e-03 -1.183395e+00 -6.331175e-03 6.932112e-03 9.999559e-01 3.587109e+01
9.999698e-01 3.499276e-03 -6.942105e-03 -3.460693e+00 -3.458606e-03 9.999768e-01 5.861878e-03 -1.188882e+00 6.962457e-03 -5.837690e-03 9.999587e-01 3.622727e+01
9.999573e-01 -3.984110e-03 8.343510e-03 -3.578992e+00 4.043032e-03 9.999669e-01 -7.057120e-03 -1.191357e+00 -8.315118e-03 7.090550e-03 9.999403e-01 3.668474e+01
9.999764e-01 3.325510e-03 -6.003930e-03 -3.716778e+00 -3.290987e-03 9.999780e-01 5.750653e-03 -1.192522e+00 6.022922e-03 -5.730758e-03 9.999654e-01 3.720261e+01
9.999638e-01 -3.833186e-03 7.597972e-03 -3.840017e+00 3.885680e-03 9.999686e-01 -6.906253e-03 -1.194448e+00 -7.571261e-03 6.935526e-03 9.999473e-01 3.769497e+01
9.999919e-01 3.203026e-03 -2.452670e-03 -4.038513e+00 -3.189349e-03 9.999795e-01 5.560062e-03 -1.191833e+00 2.470429e-03 -5.552193e-03 9.999815e-01 3.838199e+01
9.999398e-01 -3.945189e-03 1.024260e-02 -4.257590e+00 4.013436e-03 9.999698e-01 -6.651136e-03 -1.186392e+00 -1.021605e-02 6.691842e-03 9.999254e-01 3.930652e+01
9.999818e-01 2.993289e-03 5.240028e-03 -4.620169e+00 -3.018843e-03 9.999836e-01 4.875556e-03 -1.172979e+00 -5.225347e-03 -4.891285e-03 9.999744e-01 4.052526e+01
9.999863e-01 -2.582195e-03 -4.542640e-03 -4.630606e+00 2.554526e-03 9.999782e-01 -6.086262e-03 -1.177579e+00 4.558257e-03 6.074574e-03 9.999712e-01 4.099227e+01
9.998991e-01 6.281286e-03 1.274244e-02 -4.703426e+00 -6.394324e-03 9.999404e-01 8.849739e-03 -1.177412e+00 -1.268610e-02 -8.930325e-03 9.998796e-01 4.161239e+01
9.999857e-01 -4.816520e-03 -2.319461e-03 -4.913722e+00 4.792862e-03 9.999375e-01 -1.009958e-02 -1.172892e+00 2.367961e-03 1.008832e-02 9.999463e-01 4.244722e+01
9.999865e-01 4.703006e-03 -2.224116e-03 -4.879212e+00 -4.681078e-03 9.999414e-01 9.763712e-03 -1.183095e+00 2.269905e-03 -9.753167e-03 9.999499e-01 4.268352e+01
9.999859e-01 -4.754315e-03 -2.363878e-03 -4.849028e+00 4.730005e-03 9.999369e-01 -1.018526e-02 -1.193227e+00 2.412153e-03 1.017393e-02 9.999453e-01 4.295836e+01
9.999887e-01 4.075341e-03 -2.463583e-03 -4.793844e+00 -4.050145e-03 9.999403e-01 1.014744e-02 -1.204301e+00 2.504791e-03 -1.013735e-02 9.999455e-01 4.324068e+01
9.999883e-01 -4.750980e-03 9.584273e-04 -4.830562e+00 4.761072e-03 9.999301e-01 -1.081800e-02 -1.210457e+00 -9.069646e-04 1.082243e-02 9.999410e-01 4.368663e+01
9.999787e-01 4.041776e-03 -5.133613e-03 -4.816311e+00 -3.989211e-03 9.999399e-01 1.020876e-02 -1.220090e+00 5.174566e-03 -1.018806e-02 9.999347e-01 4.395371e+01
9.999878e-01 -4.280114e-03 2.484454e-03 -4.835861e+00 4.306248e-03 9.999344e-01 -1.061090e-02 -1.228455e+00 -2.438876e-03 1.062147e-02 9.999406e-01 4.424498e+01
9.999931e-01 -6.827932e-06 -3.713366e-03 -3.869944e+00 7.164210e-05 9.998477e-01 1.745439e-02 -1.252016e+00 3.712681e-03 -1.745454e-02 9.998408e-01 4.373391e+01
9.997124e-01 -2.205941e-02 9.411353e-03 -2.706463e+00 2.200916e-02 9.997431e-01 5.409425e-03 -1.280938e+00 -9.528265e-03 -5.200734e-03 9.999411e-01 4.304846e+01
9.997190e-01 1.444031e-02 -1.879758e-02 -2.536883e+00 -1.453989e-02 9.998809e-01 -5.172070e-03 -1.293291e+00 1.872065e-02 5.443932e-03 9.998099e-01 4.316534e+01
9.995188e-01 -3.087592e-02 2.965520e-03 -2.161986e+00 3.086223e-02 9.995133e-01 4.554137e-03 -1.308881e+00 -3.104690e-03 -4.460424e-03 9.999852e-01 4.316699e+01
9.996862e-01 1.032236e-03 -2.502900e-02 -1.385178e+00 -1.220872e-03 9.999710e-01 -7.522603e-03 -1.329181e+00 2.502051e-02 7.550800e-03 9.996584e-01 4.280021e+01
9.998427e-01 -3.279154e-03 1.743235e-02 -1.197467e+00 3.146090e-03 9.999658e-01 7.655115e-03 -1.341886e+00 -1.745685e-02 -7.599067e-03 9.998187e-01 4.294339e+01
9.997396e-01 2.453899e-03 -2.268549e-02 -1.159991e+00 -2.634740e-03 9.999650e-01 -7.945213e-03 -1.353144e+00 2.266520e-02 8.002915e-03 9.997111e-01 4.311347e+01
9.998013e-01 -1.955797e-02 3.862951e-03 -6.529944e-01 1.954522e-02 9.998035e-01 3.310430e-03 -1.370986e+00 -3.926938e-03 -3.234270e-03 9.999871e-01 4.296637e+01
9.997163e-01 1.513720e-02 -1.839126e-02 -1.649662e-01 -1.520083e-02 9.998789e-01 -3.324989e-03 -1.387422e+00 1.833870e-02 3.603609e-03 9.998253e-01 4.283957e+01
9.988225e-01 -4.762923e-02 -9.221012e-03 1.237644e+00 4.768754e-02 9.988430e-01 6.210812e-03 -1.415421e+00 8.914527e-03 -6.643227e-03 9.999382e-01 4.207195e+01
9.992770e-01 3.639759e-02 -1.098860e-02 2.291985e+00 -3.641804e-02 9.993353e-01 -1.667159e-03 -1.437800e+00 1.092061e-02 2.066137e-03 9.999382e-01 4.182351e+01
9.983161e-01 -5.732324e-02 -8.893866e-03 3.012842e+00 5.734279e-02 9.983526e-01 1.958982e-03 -1.460871e+00 8.766919e-03 -2.465683e-03 9.999585e-01 4.144652e+01
9.980830e-01 6.108222e-02 9.961273e-03 3.880065e+00 -6.129860e-02 9.978522e-01 2.309522e-02 -1.478699e+00 -8.529171e-03 -2.366155e-02 9.996836e-01 4.111481e+01
9.935800e-01 -1.071554e-01 -3.628271e-02 4.811032e+00 1.053986e-01 9.933048e-01 -4.729438e-02 -1.501118e+00 4.110763e-02 4.316660e-02 9.982218e-01 4.071774e+01
9.947726e-01 9.788490e-02 2.908703e-02 5.115029e+00 -9.910944e-02 9.940964e-01 4.415444e-02 -1.516613e+00 -2.459326e-02 -4.680643e-02 9.986012e-01 4.076483e+01
9.948929e-01 -9.716267e-02 -2.733952e-02 5.442773e+00 9.603520e-02 9.945776e-01 -3.990837e-02 -1.530877e+00 3.106888e-02 3.707900e-02 9.988293e-01 4.077364e+01
9.948666e-01 9.636115e-02 3.090221e-02 5.392180e+00 -9.745171e-02 9.945899e-01 3.597233e-02 -1.536533e+00 -2.726869e-02 -3.879914e-02 9.988749e-01 4.109652e+01
9.949605e-01 -9.501763e-02 -3.201856e-02 5.497837e+00 9.364638e-02 9.947232e-01 -4.190651e-02 -1.548124e+00 3.583146e-02 3.869691e-02 9.986084e-01 4.123745e+01
9.951920e-01 9.292789e-02 3.093966e-02 5.528934e+00 -9.409721e-02 9.948080e-01 3.876521e-02 -1.558424e+00 -2.717665e-02 -4.149016e-02 9.987692e-01 4.145135e+01
9.950901e-01 -9.458628e-02 -2.913901e-02 5.494450e+00 9.330772e-02 9.947301e-01 -4.249360e-02 -1.565957e+00 3.300476e-02 3.956607e-02 9.986717e-01 4.177944e+01
9.951128e-01 9.312432e-02 3.284011e-02 5.463588e+00 -9.437675e-02 9.947760e-01 3.890554e-02 -1.572579e+00 -2.904551e-02 -4.181474e-02 9.987031e-01 4.217180e+01
9.949444e-01 -9.512631e-02 -3.219604e-02 5.510585e+00 9.371397e-02 9.946765e-01 -4.285338e-02 -1.582853e+00 3.610113e-02 3.961951e-02 9.985625e-01 4.245164e+01
9.974716e-01 6.906882e-02 1.672999e-02 6.368861e+00 -6.967653e-02 9.968081e-01 3.897218e-02 -1.603518e+00 -1.398482e-02 -4.003933e-02 9.991002e-01 4.222807e+01
9.955833e-01 -8.993372e-02 -2.694215e-02 7.283005e+00 8.882804e-02 9.952532e-01 -3.975626e-02 -1.623817e+00 3.038969e-02 3.718745e-02 9.988461e-01 4.191861e+01
9.984238e-01 5.533381e-02 9.390340e-03 8.747882e+00 -5.573627e-02 9.971896e-01 5.006345e-02 -1.652535e+00 -6.593748e-03 -5.050792e-02 9.987019e-01 4.122651e+01
9.958371e-01 -8.618661e-02 -2.967191e-02 1.012443e+01 8.459255e-02 9.950923e-01 -5.133598e-02 -1.677427e+00 3.395076e-02 4.861225e-02 9.982405e-01 4.076891e+01
9.983221e-01 5.650173e-02 1.266829e-02 1.169555e+01 -5.716083e-02 9.965770e-01 5.972454e-02 -1.705833e+00 -9.250388e-03 -6.034846e-02 9.981345e-01 4.018382e+01
9.909712e-01 -1.277173e-01 -4.079676e-02 1.362472e+01 1.245837e-01 9.896050e-01 -7.183897e-02 -1.741852e+00 4.954775e-02 6.610774e-02 9.965816e-01 3.917898e+01
9.980794e-01 5.717902e-02 2.383408e-02 1.543681e+01 -5.892564e-02 9.950111e-01 8.050271e-02 -1.775489e+00 -1.911210e-02 -8.175254e-02 9.964694e-01 3.826862e+01
9.928554e-01 -1.100931e-01 -4.601718e-02 1.676387e+01 1.064017e-01 9.914017e-01 -7.616671e-02 -1.806037e+00 5.400693e-02 7.072623e-02 9.960327e-01 3.766302e+01
9.982653e-01 5.393798e-02 2.360342e-02 1.902397e+01 -5.560959e-02 9.954730e-01 7.707891e-02 -1.847297e+00 -1.933908e-02 -7.825778e-02 9.967456e-01 3.635762e+01
9.912676e-01 -1.237288e-01 -4.560514e-02 2.143504e+01 1.205275e-01 9.904261e-01 -6.729978e-02 -1.887324e+00 5.349544e-02 6.121541e-02 9.966900e-01 3.494811e+01
9.951086e-01 7.888642e-02 5.946289e-02 2.352467e+01 -8.551975e-02 9.892271e-01 1.188110e-01 -1.920388e+00 -4.944973e-02 -1.233151e-01 9.911348e-01 3.405147e+01
9.867812e-01 -1.462235e-01 -6.986848e-02 2.599282e+01 1.374662e-01 9.835752e-01 -1.169740e-01 -1.966050e+00 8.582525e-02 1.058232e-01 9.906743e-01 3.258489e+01
9.927144e-01 8.720078e-02 8.315190e-02 2.848617e+01 -9.920624e-02 9.831838e-01 1.533226e-01 -2.007087e+00 -6.838374e-02 -1.604548e-01 9.846715e-01 3.121910e+01
9.881128e-01 -1.244115e-01 -9.030443e-02 2.988548e+01 1.095347e-01 9.819376e-01 -1.542750e-01 -2.041803e+00 1.078669e-01 1.425496e-01 9.838924e-01 3.072718e+01
9.912889e-01 9.828996e-02 8.766669e-02 3.063866e+01 -1.103190e-01 9.832592e-01 1.450207e-01 -2.066339e+00 -7.194501e-02 -1.534287e-01 9.855372e-01 3.078137e+01
9.908329e-01 -1.113302e-01 -7.652258e-02 3.070755e+01 9.854923e-02 9.831050e-01 -1.542482e-01 -2.077216e+00 9.240222e-02 1.452930e-01 9.850644e-01 3.121132e+01
9.915333e-01 1.169461e-01 5.643957e-02 3.185809e+01 -1.234839e-01 9.836311e-01 1.312310e-01 -2.103682e+00 -4.016877e-02 -1.370893e-01 9.897439e-01 3.079406e+01
9.877527e-01 -1.470102e-01 -5.227389e-02 3.366510e+01 1.407785e-01 9.841687e-01 -1.076722e-01 -2.138499e+00 6.727524e-02 9.899444e-02 9.928112e-01 2.989578e+01
9.942514e-01 1.022369e-01 3.180965e-02 3.564160e+01 -1.052723e-01 9.876403e-01 1.161227e-01 -2.178088e+00 -1.954447e-02 -1.188038e-01 9.927254e-01 2.869926e+01
9.856095e-01 -1.649158e-01 -3.710462e-02 3.764245e+01 1.605788e-01 9.820202e-01 -9.925133e-02 -2.214270e+00 5.280561e-02 9.186484e-02 9.943704e-01 2.750956e+01
9.941383e-01 1.036316e-01 3.081498e-02 3.951821e+01 -1.063625e-01 9.885729e-01 1.068203e-01 -2.251392e+00 -1.939289e-02 -1.094717e-01 9.938007e-01 2.637451e+01
9.887576e-01 -1.441707e-01 -3.966514e-02 4.059540e+01 1.393536e-01 9.846458e-01 -1.051339e-01 -2.277600e+00 5.421333e-02 9.842445e-02 9.936667e-01 2.579428e+01
9.952813e-01 9.398133e-02 2.413605e-02 4.231070e+01 -9.605820e-02 9.894694e-01 1.082733e-01 -2.313192e+00 -1.370622e-02 -1.100808e-01 9.938281e-01 2.474861e+01
9.901571e-01 -1.363609e-01 -3.153655e-02 4.371065e+01 1.321917e-01 9.851739e-01 -1.093519e-01 -2.340493e+00 4.598029e-02 1.041067e-01 9.935027e-01 2.393625e+01
9.933542e-01 1.113345e-01 2.919093e-02 4.452702e+01 -1.138875e-01 9.874537e-01 1.093842e-01 -2.362889e+00 -1.664646e-02 -1.119817e-01 9.935708e-01 2.346728e+01
9.926955e-01 -1.177807e-01 -2.614081e-02 4.492952e+01 1.142792e-01 9.874261e-01 -1.092246e-01 -2.378924e+00 3.867668e-02 1.054395e-01 9.936733e-01 2.335675e+01
9.928339e-01 1.153939e-01 3.106631e-02 4.507267e+01 -1.180057e-01 9.877071e-01 1.025147e-01 -2.391676e+00 -1.885485e-02 -1.054461e-01 9.942463e-01 2.343481e+01
9.926137e-01 -1.204427e-01 -1.454468e-02 4.507249e+01 1.181460e-01 9.869252e-01 -1.096369e-01 -2.400079e+00 2.755948e-02 1.071087e-01 9.938653e-01 2.378578e+01
9.927428e-01 1.173816e-01 2.613893e-02 4.505334e+01 -1.195174e-01 9.871161e-01 1.063837e-01 -2.407797e+00 -1.331467e-02 -1.087357e-01 9.939815e-01 2.413905e+01
9.926248e-01 -1.202494e-01 -1.536768e-02 4.503684e+01 1.178617e-01 9.869442e-01 -1.097715e-01 -2.416073e+00 2.836699e-02 1.071506e-01 9.938380e-01 2.446218e+01
9.940374e-01 1.076337e-01 1.745571e-02 4.533372e+01 -1.088967e-01 9.881316e-01 1.083391e-01 -2.431528e+00 -5.587599e-03 -1.095940e-01 9.939607e-01 2.438570e+01
9.939864e-01 -1.089102e-01 -1.138412e-02 4.545915e+01 1.070081e-01 9.881392e-01 -1.101367e-01 -2.443940e+00 2.324410e-02 1.082562e-01 9.938513e-01 2.445224e+01
9.938818e-01 1.086462e-01 1.987599e-02 4.547597e+01 -1.101672e-01 9.880124e-01 1.081416e-01 -2.453615e+00 -7.888557e-03 -1.096696e-01 9.939368e-01 2.467888e+01
9.937471e-01 -1.109528e-01 -1.249787e-02 4.548943e+01 1.089028e-01 9.878623e-01 -1.107619e-01 -2.463329e+00 2.463552e-02 1.087082e-01 9.937684e-01 2.481165e+01
9.940864e-01 1.072265e-01 1.716517e-02 4.559617e+01 -1.084634e-01 9.881112e-01 1.089582e-01 -2.475542e+00 -5.277886e-03 -1.101756e-01 9.938981e-01 2.494726e+01
9.940104e-01 -1.088407e-01 -9.851207e-03 4.563819e+01 1.070805e-01 9.880052e-01 -1.112629e-01 -2.486234e+00 2.184298e-02 1.095416e-01 9.937422e-01 2.509371e+01
9.947451e-01 1.018741e-01 1.018610e-02 4.591335e+01 -1.023760e-01 9.886685e-01 1.097894e-01 -2.501796e+00 1.114022e-03 -1.102553e-01 9.939027e-01 2.504882e+01
9.947572e-01 -1.022152e-01 -3.194829e-03 4.592193e+01 1.012197e-01 9.885631e-01 -1.117921e-01 -2.511248e+00 1.458514e-02 1.108826e-01 9.937265e-01 2.524745e+01
9.953224e-01 9.617473e-02 9.151513e-03 4.601968e+01 -9.659519e-02 9.890933e-01 1.111926e-01 -2.521891e+00 1.642215e-03 -1.115565e-01 9.937567e-01 2.534617e+01
9.933149e-01 -1.142703e-01 -1.636232e-02 4.661399e+01 1.116708e-01 9.871211e-01 -1.145493e-01 -2.540048e+00 2.924117e-02 1.119563e-01 9.932828e-01 2.507521e+01
9.938368e-01 1.090251e-01 2.004795e-02 4.684761e+01 -1.105962e-01 9.874879e-01 1.124109e-01 -2.552376e+00 -7.541496e-03 -1.139353e-01 9.934595e-01 2.518523e+01
9.938347e-01 -1.099915e-01 -1.394588e-02 4.697158e+01 1.075403e-01 9.869173e-01 -1.201223e-01 -2.564567e+00 2.697586e-02 1.178820e-01 9.926611e-01 2.530931e+01
9.940039e-01 1.071166e-01 2.195994e-02 4.699743e+01 -1.089683e-01 9.870460e-01 1.177548e-01 -2.575058e+00 -9.061978e-03 -1.194417e-01 9.927999e-01 2.542105e+01
9.933800e-01 -1.133321e-01 -1.876458e-02 4.727348e+01 1.101898e-01 9.862411e-01 -1.232344e-01 -2.589810e+00 3.247280e-02 1.203509e-01 9.922002e-01 2.537053e+01
9.937254e-01 1.087265e-01 2.623777e-02 4.736726e+01 -1.111215e-01 9.864106e-01 1.210209e-01 -2.601967e+00 -1.272304e-02 -1.231771e-01 9.923031e-01 2.546033e+01
9.936187e-01 -1.115113e-01 -1.694365e-02 4.738241e+01 1.085860e-01 9.863549e-01 -1.237463e-01 -2.611799e+00 3.051157e-02 1.211168e-01 9.921692e-01 2.560505e+01
9.936944e-01 1.092941e-01 2.502289e-02 4.742697e+01 -1.115373e-01 9.863429e-01 1.211906e-01 -2.622742e+00 -1.143573e-02 -1.232174e-01 9.923138e-01 2.568773e+01
9.934373e-01 -1.130400e-01 -1.744510e-02 4.753749e+01 1.100399e-01 9.861825e-01 -1.238361e-01 -2.635598e+00 3.120248e-02 1.211038e-01 9.921493e-01 2.568894e+01
9.936386e-01 1.096481e-01 2.568179e-02 4.760096e+01 -1.119760e-01 9.862314e-01 1.216926e-01 -2.647517e+00 -1.198483e-02 -1.237943e-01 9.922355e-01 2.574718e+01
9.935648e-01 -1.119036e-01 -1.750832e-02 4.766413e+01 1.088807e-01 9.862169e-01 -1.245839e-01 -2.659455e+00 3.120839e-02 1.218758e-01 9.920546e-01 2.579114e+01
