1.000000e+00 1.197625e-11 1.704638e-10 1.665335e-16 1.197625e-11 1.000000e+00 3.562503e-10 -1.110223e-16 1.704638e-10 3.562503e-10 1.000000e+00 2.220446e-16 0.000000e+00 0.000000e+00 0.000000e+00 1.000000e+00
9.617555e-01 8.140428e-02 -2.615333e-01 -1.195264e-01 -9.346237e-02 9.950427e-01 -3.398120e-02 2.949784e-03 2.574706e-01 5.712513e-02 9.645961e-01 1.871819e-01
9.928492e-01 -1.621143e-02 1.182694e-01 -1.964782e-01 9.702411e-03 9.984168e-01 5.540515e-02 4.496472e-03 -1.189803e-01 -5.386146e-02 9.914346e-01 2.793218e-01
9.692809e-01 3.054952e-03 -2.459375e-01 -1.620687e-01 -1.111223e-02 9.994457e-01 -3.138038e-02 3.071009e-03 2.457054e-01 3.314932e-02 9.687776e-01 2.865042e-01
9.988739e-01 -4.370176e-02 1.846891e-02 -1.278535e-01 4.334795e-02 9.988766e-01 1.914151e-02 3.071129e-03 -1.928468e-02 -1.831937e-02 9.996462e-01 3.231750e-01
9.605646e-01 -1.646379e-01 -2.240761e-01 3.428824e-01 1.579477e-01 9.863001e-01 -4.758860e-02 2.312419e-03 2.288411e-01 1.031963e-02 9.734091e-01 -2.663310e-02
9.900771e-01 -1.182962e-01 -7.585058e-02 1.068760e+00 1.189901e-01 9.928844e-01 4.680074e-03 3.258300e-03 7.475723e-02 -1.365911e-02 9.971082e-01 -5.498739e-01
9.636966e-01 -1.325567e-01 -2.317704e-01 1.787398e+00 1.192226e-01 9.903482e-01 -7.068568e-02 4.962808e-03 2.389032e-01 4.048728e-02 9.701990e-01 -1.078897e+00
9.905658e-01 -1.327927e-01 3.384503e-02 2.330755e+00 1.332545e-01 9.910120e-01 -1.176538e-02 5.142618e-03 -3.197847e-02 1.616439e-02 9.993578e-01 -1.506229e+00
9.832902e-01 -9.056408e-02 -1.579194e-01 2.803038e+00 9.391027e-02 9.954844e-01 1.384196e-02 4.459690e-03 1.559528e-01 -2.844092e-02 9.873550e-01 -1.890292e+00
9.943374e-01 -2.329301e-02 1.036851e-01 3.120454e+00 2.748194e-02 9.988551e-01 -3.915685e-02 3.751263e-03 -1.026543e-01 4.178459e-02 9.938391e-01 -2.170387e+00
9.597588e-01 1.294378e-01 -2.492164e-01 3.034273e+00 -1.138808e-01 9.905891e-01 7.592397e-02 4.521973e-03 2.566985e-01 -4.448772e-02 9.654671e-01 -2.084734e+00
9.990818e-01 -4.281514e-02 -1.580690e-03 3.042989e+00 4.159713e-02 9.781754e-01 -2.035744e-01 7.668011e-03 1.026226e-02 2.033217e-01 9.790582e-01 -1.970140e+00
9.928780e-01 1.080673e-01 5.014781e-02 3.112257e+00 -1.150190e-01 9.792089e-01 1.670947e-01 7.399147e-03 -3.104772e-02 -1.716726e-01 9.846647e-01 -2.057973e+00
9.790688e-01 -8.312347e-02 -1.857818e-01 3.046750e+00 5.074058e-02 9.836643e-01 -1.727137e-01 7.499196e-03 1.971034e-01 1.596720e-01 9.672927e-01 -1.936180e+00
9.611011e-01 2.033220e-01 -1.869352e-01 2.875907e+00 -1.875670e-01 9.772895e-01 9.860961e-02 1.389604e-02 2.027393e-01 -5.971094e-02 9.774106e-01 -1.663085e+00
9.474633e-01 -4.003745e-03 -3.198394e-01 2.618642e+00 -7.985736e-02 9.652969e-01 -2.486458e-01 2.577831e-02 3.097355e-01 2.611243e-01 9.142637e-01 -1.257242e+00
9.793392e-01 1.975436e-01 -4.325845e-02 2.476123e+00 -1.925846e-01 9.763242e-01 9.850002e-02 3.338699e-02 6.169232e-02 -8.813402e-02 9.941964e-01 -1.067225e+00
9.162213e-01 -1.271238e-03 -4.006705e-01 2.332277e+00 -1.328827e-01 9.424340e-01 -3.068557e-01 4.297375e-02 3.779956e-01 3.343899e-01 8.633092e-01 -8.751746e-01
9.773099e-01 1.991005e-01 -7.227980e-02 2.160633e+00 -1.873938e-01 9.718027e-01 1.431193e-01 5.282338e-02 9.873684e-02 -1.263271e-01 9.870626e-01 -6.768280e-01
9.369065e-01 -2.911650e-03 -3.495679e-01 2.030802e+00 -1.137900e-01 9.429675e-01 -3.128324e-01 6.138795e-02 3.305421e-01 3.328720e-01 8.831411e-01 -5.246104e-01
9.949322e-01 1.664397e-02 -9.916127e-02 2.048487e+00 -5.685438e-04 9.871199e-01 1.599811e-01 6.838803e-02 1.005468e-01 -1.591140e-01 9.821268e-01 -4.949560e-01
9.165493e-01 2.189265e-01 -3.346767e-01 1.997651e+00 -3.177110e-01 9.068651e-01 -2.768671e-01 7.644501e-02 2.428931e-01 3.600928e-01 9.007420e-01 -4.583209e-01
9.932065e-01 -1.124466e-01 -2.994280e-02 1.919556e+00 1.157119e-01 9.815998e-01 1.518968e-01 8.221718e-02 1.231157e-02 -1.543296e-01 9.879427e-01 -3.424108e-01
9.006274e-01 1.858138e-01 -3.928659e-01 1.862000e+00 -2.817401e-01 9.379295e-01 -2.022640e-01 8.885592e-02 3.308971e-01 2.928505e-01 8.970762e-01 -2.491659e-01
9.899348e-01 -1.011568e-01 9.897711e-02 1.906699e+00 9.098038e-02 9.905708e-01 1.024309e-01 9.386514e-02 -1.084054e-01 -9.239498e-02 9.898037e-01 -2.381874e-01
8.607618e-01 1.348908e-01 -4.908090e-01 2.111550e+00 -2.610862e-01 9.447414e-01 -1.982362e-01 9.995416e-02 4.369474e-01 2.987776e-01 8.484155e-01 -4.001473e-01
9.972421e-01 -6.621765e-02 -3.351613e-02 2.436965e+00 6.747893e-02 9.969963e-01 3.801400e-02 1.093729e-01 3.089826e-02 -4.017079e-02 9.987150e-01 -6.727559e-01
1.645640e-01 -8.957063e-02 -9.822911e-01 2.911903e+00 -5.946840e-01 7.855079e-01 -1.712548e-01 1.416710e-01 7.869368e-01 6.123352e-01 7.600012e-02 -6.924100e-01
8.803982e-01 -2.363545e-02 4.736459e-01 3.073748e+00 8.550521e-03 9.993860e-01 3.397703e-02 1.714214e-01 -4.741581e-01 -2.586340e-02 8.800597e-01 -7.548894e-01
7.007000e-01 -6.462590e-02 -7.105230e-01 3.295592e+00 2.785695e-03 9.961293e-01 -8.785615e-02 1.746687e-01 7.134506e-01 5.958151e-02 6.981678e-01 -9.329765e-01
9.012953e-01 2.131605e-02 4.326805e-01 3.320880e+00 -4.851752e-02 9.974718e-01 5.192391e-02 1.780427e-01 -4.304798e-01 -6.779136e-02 9.000508e-01 -9.063143e-01
6.964250e-01 -6.382976e-02 -7.147852e-01 3.316042e+00 -2.605779e-02 9.931304e-01 -1.140742e-01 1.823916e-01 7.171563e-01 9.806987e-02 6.899776e-01 -8.561518e-01
8.910687e-01 -1.564048e-02 4.535989e-01 3.429206e+00 -2.586021e-02 9.960329e-01 8.514494e-02 1.857745e-01 -4.531312e-01 -8.760015e-02 8.871293e-01 -9.124496e-01
5.180844e-01 -8.722915e-02 -8.508699e-01 3.708132e+00 -1.571450e-01 9.681454e-01 -1.949356e-01 1.940889e-01 8.407699e-01 2.347030e-01 4.878735e-01 -1.129839e+00
9.570744e-01 1.134060e-01 2.667353e-01 3.863541e+00 -1.272022e-01 9.912603e-01 3.496741e-02 2.084168e-01 -2.604386e-01 -6.739572e-02 9.631353e-01 -1.255660e+00
5.540442e-01 -1.394291e-01 -8.207281e-01 3.958891e+00 -2.067029e-01 9.319609e-01 -2.978636e-01 2.235246e-01 8.064174e-01 3.346765e-01 4.875271e-01 -1.308418e+00
9.745847e-01 9.365976e-02 2.035006e-01 4.060795e+00 -1.225840e-01 9.833007e-01 1.345096e-01 2.381627e-01 -1.875042e-01 -1.560369e-01 9.697911e-01 -1.392002e+00
5.509157e-01 -1.754885e-01 -8.159018e-01 4.070346e+00 -2.452330e-01 9.004410e-01 -3.592586e-01 2.555545e-01 7.977172e-01 3.980073e-01 4.530315e-01 -1.372226e+00
9.613080e-01 8.267718e-03 2.753516e-01 4.134400e+00 -7.143112e-02 9.728427e-01 2.201698e-01 2.695235e-01 -2.660535e-01 -2.313197e-01 9.357920e-01 -1.371717e+00
6.813084e-01 -1.401268e-01 -7.184590e-01 4.529103e+00 -2.187412e-01 8.976838e-01 -3.825128e-01 2.775006e-01 6.985493e-01 4.177658e-01 5.809480e-01 -1.650421e+00
9.768487e-01 -1.507266e-01 1.518159e-01 4.943466e+00 1.155759e-01 9.689959e-01 2.183783e-01 2.878347e-01 -1.800245e-01 -1.957763e-01 9.639828e-01 -1.988280e+00
6.932825e-01 -2.868275e-02 -7.200949e-01 5.222270e+00 -2.610618e-01 9.213466e-01 -2.880403e-01 2.978452e-01 6.717188e-01 3.876825e-01 6.312655e-01 -2.193201e+00
9.695235e-01 -1.141958e-01 2.167567e-01 5.707861e+00 8.971698e-02 9.887574e-01 1.196234e-01 3.071262e-01 -2.279803e-01 -9.653090e-02 9.688688e-01 -2.563775e+00
5.174487e-01 8.250364e-02 -8.517276e-01 5.823173e+00 -4.238649e-01 8.893673e-01 -1.713603e-01 3.217911e-01 7.433608e-01 4.496876e-01 4.951724e-01 -2.712484e+00
9.818033e-01 -1.296905e-01 1.387176e-01 5.590679e+00 1.150643e-01 9.873882e-01 1.087413e-01 3.437282e-01 -1.510708e-01 -9.080109e-02 9.843438e-01 -2.365614e+00
6.537260e-01 1.887643e-01 -7.328099e-01 5.396210e+00 -4.268081e-01 8.916346e-01 -1.510717e-01 3.569685e-01 6.248817e-01 4.115287e-01 6.634508e-01 -2.013092e+00
9.420233e-01 -1.814077e-01 2.822824e-01 5.205860e+00 1.329699e-01 9.742053e-01 1.823266e-01 3.678078e-01 -3.080765e-01 -1.342208e-01 9.418459e-01 -1.717061e+00
4.879596e-01 1.892769e-01 -8.520972e-01 5.095150e+00 -5.093481e-01 8.545100e-01 -1.018690e-01 3.847457e-01 7.088441e-01 4.837220e-01 5.133742e-01 -1.559764e+00
8.084624e-01 -2.968905e-01 5.081777e-01 5.385485e+00 2.659409e-01 9.545482e-01 1.345850e-01 3.948048e-01 -5.250372e-01 2.633833e-02 8.506716e-01 -1.819034e+00
4.750269e-01 1.425306e-01 -8.683516e-01 5.682425e+00 -3.610758e-01 9.314677e-01 -4.463413e-02 4.054814e-01 8.024797e-01 3.347432e-01 4.939365e-01 -2.196978e+00
7.743581e-01 -1.432110e-01 6.163280e-01 5.610609e+00 5.405377e-02 9.854616e-01 1.610700e-01 4.133626e-01 -6.304346e-01 -9.141102e-02 7.708413e-01 -2.055548e+00
5.474927e-01 1.004611e-01 -8.307583e-01 5.509676e+00 -3.740919e-01 9.174253e-01 -1.355954e-01 4.194818e-01 7.485366e-01 3.850174e-01 5.398653e-01 -1.964756e+00
6.491054e-01 -3.508179e-01 6.749733e-01 5.428984e+00 1.060383e-01 9.203730e-01 3.763901e-01 4.201483e-01 -7.532715e-01 -1.727438e-01 6.346192e-01 -1.867592e+00
6.312355e-01 1.410947e-01 -7.626494e-01 5.400725e+00 -3.618604e-01 9.233071e-01 -1.286900e-01 4.181601e-01 6.860021e-01 3.572063e-01 6.338808e-01 -1.809845e+00
6.149134e-01 -3.862180e-01 6.875443e-01 5.376909e+00 1.262845e-01 9.088353e-01 3.975810e-01 4.159935e-01 -7.784174e-01 -1.576517e-01 6.076284e-01 -1.765826e+00
-6.123269e-01 -7.637872e-01 -2.041689e-01 6.483029e+00 -7.586771e-01 4.950201e-01 4.235139e-01 4.891245e-01 -2.224068e-01 4.142273e-01 -8.825820e-01 -1.291537e+00
3.392066e-02 -2.313362e-01 9.722823e-01 6.776645e+00 -3.422054e-01 9.113488e-01 2.287770e-01 5.694916e-01 -9.390127e-01 -3.404805e-01 -4.825095e-02 -7.589395e-01
1.217177e-01 -3.129210e-01 -9.419476e-01 6.838856e+00 -1.968544e-01 9.225416e-01 -3.319116e-01 5.656679e-01 9.728480e-01 2.258260e-01 5.068982e-02 -7.501900e-01
-1.205577e-02 -2.092165e-01 9.777950e-01 6.854571e+00 -3.480698e-01 9.175876e-01 1.920426e-01 5.623974e-01 -9.373911e-01 -3.380257e-01 -8.388419e-02 -7.345590e-01
3.063841e-02 -3.203991e-01 -9.467870e-01 6.829265e+00 -1.981790e-01 9.264791e-01 -3.199399e-01 5.598060e-01 9.796869e-01 1.974358e-01 -3.511053e-02 -7.061903e-01
-3.920073e-02 -2.202350e-01 9.746588e-01 6.814194e+00 -3.282054e-01 9.241295e-01 1.956169e-01 5.570426e-01 -9.437926e-01 -3.122200e-01 -1.085088e-01 -6.672793e-01
9.629678e-02 -3.154276e-01 -9.440510e-01 6.807823e+00 -1.584917e-01 9.314985e-01 -3.274003e-01 5.530109e-01 9.826532e-01 1.811518e-01 3.970766e-02 -6.501361e-01
-7.876396e-02 -1.819583e-01 9.801466e-01 6.794785e+00 -3.353523e-01 9.307365e-01 1.458369e-01 5.482079e-01 -9.387945e-01 -3.172077e-01 -1.343286e-01 -6.272281e-01
-2.743593e-01 -4.626897e-01 -8.429978e-01 7.003308e+00 -6.636902e-02 8.836572e-01 -4.634059e-01 5.498114e-01 9.593342e-01 -7.119080e-02 -2.731479e-01 -7.833791e-01
-4.005904e-01 -9.234648e-02 9.115917e-01 6.980572e+00 -4.453897e-01 8.890809e-01 -1.056562e-01 5.458991e-01 -8.007218e-01 -4.483384e-01 -3.972874e-01 -7.622086e-01
-3.487944e-01 -4.282173e-01 -8.336500e-01 6.948707e+00 -6.782917e-02 8.987135e-01 -4.332589e-01 5.435686e-01 9.347415e-01 -9.457250e-02 -3.425119e-01 -7.242141e-01
-4.059238e-01 -1.038464e-01 9.079878e-01 6.923811e+00 -4.227089e-01 9.021956e-01 -8.579175e-02 5.408970e-01 -8.102734e-01 -4.186394e-01 -4.101195e-01 -6.896200e-01
-3.681398e-01 -3.946907e-01 -8.418387e-01 6.898407e+00 -7.922257e-02 9.154494e-01 -3.945583e-01 5.385574e-01 9.263892e-01 -7.855997e-02 -3.682818e-01 -6.497778e-01
-4.545270e-01 -1.011861e-01 8.849670e-01 6.873409e+00 -3.865827e-01 9.174878e-01 -9.364784e-02 5.351431e-01 -8.024706e-01 -3.846784e-01 -4.561398e-01 -5.998767e-01
-3.785569e-01 -3.541369e-01 -8.551501e-01 6.851918e+00 -7.072429e-02 9.322755e-01 -3.547681e-01 5.318921e-01 9.228720e-01 -7.382004e-02 -3.779654e-01 -5.770458e-01
-4.691531e-01 -8.802142e-02 8.787193e-01 6.827474e+00 -3.430056e-01 9.350630e-01 -8.946722e-02 5.287836e-01 -8.137829e-01 -3.433795e-01 -4.688795e-01 -5.310674e-01
-3.726136e-01 -3.295549e-01 -8.674979e-01 6.808496e+00 -2.693646e-02 9.382644e-01 -3.448686e-01 5.254118e-01 9.275956e-01 -1.051354e-01 -3.584871e-01 -5.013089e-01
-4.406751e-01 -4.900960e-02 8.963278e-01 6.793732e+00 -3.113950e-01 9.448516e-01 -1.014330e-01 5.223748e-01 -8.419255e-01 -3.238110e-01 -4.316339e-01 -4.807306e-01
-3.118119e-01 -3.058630e-01 -8.995672e-01 6.784989e+00 9.215474e-03 9.457514e-01 -3.247605e-01 5.183508e-01 9.500992e-01 -1.095541e-01 -2.920779e-01 -4.475181e-01
-3.764436e-01 -1.629142e-03 9.264381e-01 6.782322e+00 -2.729255e-01 9.558154e-01 -1.092182e-01 5.150542e-01 -8.853259e-01 -2.939631e-01 -3.602552e-01 -4.333920e-01
-2.541216e-01 -2.677351e-01 -9.293762e-01 6.782350e+00 5.820943e-02 9.549453e-01 -2.910174e-01 5.109130e-01 9.654190e-01 -1.280523e-01 -2.270875e-01 -4.067004e-01
-3.406618e-01 4.658723e-02 9.390310e-01 6.778496e+00 -2.354124e-01 9.627294e-01 -1.331659e-01 5.072123e-01 -9.102365e-01 -2.664240e-01 -3.169979e-01 -3.939236e-01
-2.859914e-01 -2.037240e-01 -9.363255e-01 6.766353e+00 6.011701e-02 9.713989e-01 -2.297174e-01 5.041765e-01 9.563445e-01 -1.219863e-01 -2.655645e-01 -3.674162e-01
-3.411534e-01 6.366068e-02 9.378495e-01 6.761465e+00 -1.536368e-01 9.805117e-01 -1.224437e-01 5.017069e-01 -9.273673e-01 -1.858603e-01 -3.247243e-01 -3.242723e-01
-2.362158e-01 -1.342828e-01 -9.623774e-01 6.758366e+00 1.041299e-01 9.812038e-01 -1.624684e-01 4.978656e-01 9.661051e-01 -1.385898e-01 -2.177930e-01 -3.105230e-01
-3.104658e-01 8.310732e-02 9.469446e-01 6.751483e+00 -1.211260e-01 9.845919e-01 -1.261238e-01 4.947851e-01 -9.428359e-01 -1.538567e-01 -2.956157e-01 -2.778196e-01
-2.246606e-01 -1.039333e-01 -9.688785e-01 6.750412e+00 1.065169e-01 9.857180e-01 -1.304385e-01 4.911287e-01 9.685978e-01 -1.325063e-01 -2.103814e-01 -2.495044e-01
-3.169043e-01 1.073579e-01 9.423619e-01 6.759221e+00 -6.247693e-02 9.890522e-01 -1.336873e-01 4.871150e-01 -9.463975e-01 -1.012419e-01 -3.067275e-01 -2.319628e-01
-1.749664e-01 -6.506864e-02 -9.824219e-01 6.775847e+00 1.528482e-01 9.839215e-01 -9.238977e-02 4.823642e-01 9.726377e-01 -1.663266e-01 -1.622076e-01 -2.133291e-01
-2.520718e-01 1.558059e-01 9.550834e-01 6.805047e+00 -1.361592e-02 9.862848e-01 -1.644895e-01 4.782838e-01 -9.676127e-01 -5.446751e-02 -2.464932e-01 -2.043285e-01
-2.012338e-01 3.594445e-03 -9.795366e-01 6.834018e+00 2.110240e-01 9.766716e-01 -3.976835e-02 4.747156e-01 9.565427e-01 -2.147085e-01 -1.972978e-01 -1.909162e-01
-2.898025e-01 2.316290e-01 9.286348e-01 6.871641e+00 9.345246e-02 9.724845e-01 -2.134023e-01 4.701777e-01 -9.525131e-01 2.493867e-02 -3.034748e-01 -1.911203e-01
-1.628089e-01 1.092856e-01 -9.805865e-01 6.896949e+00 2.790259e-01 9.583769e-01 6.048310e-02 4.655636e-01 9.463814e-01 -2.637619e-01 -1.865258e-01 -1.892437e-01
-2.676768e-01 3.026392e-01 9.147451e-01 6.915130e+00 1.903253e-01 9.472910e-01 -2.577130e-01 4.612478e-01 -9.445239e-01 1.051153e-01 -3.111678e-01 -1.745041e-01
-3.741912e-01 1.774872e-01 -9.102084e-01 7.479259e+00 3.918456e-01 9.198494e-01 1.827750e-02 4.586445e-01 8.404987e-01 -3.498218e-01 -4.137471e-01 -5.474203e-01
-1.693418e-01 5.006320e-01 8.489352e-01 7.971127e+00 2.915503e-01 8.482698e-01 -4.420824e-01 4.606614e-01 -9.414466e-01 1.726442e-01 -2.896069e-01 -8.963676e-01
-8.385587e-02 3.216689e-01 -9.431316e-01 7.986302e+00 5.100176e-01 8.269557e-01 2.366987e-01 4.564675e-01 8.560667e-01 -4.611652e-01 -2.334019e-01 -8.871112e-01
-1.420108e-01 5.482901e-01 8.241425e-01 8.150967e+00 4.259585e-01 7.854001e-01 -4.491170e-01 4.525363e-01 -8.935280e-01 2.872710e-01 -3.450841e-01 -9.771371e-01
-1.081691e-01 3.922506e-01 -9.134763e-01 8.566186e+00 6.301887e-01 7.377151e-01 2.421544e-01 4.502987e-01 7.688704e-01 -5.494688e-01 -3.269898e-01 -1.254027e+00
2.175112e-02 6.759621e-01 7.366153e-01 9.031471e+00 4.742735e-01 6.416320e-01 -6.028043e-01 4.493204e-01 -8.801088e-01 3.624688e-01 -3.066347e-01 -1.571571e+00
-1.686470e-02 4.024057e-01 -9.153061e-01 9.618363e+00 7.783242e-01 5.799261e-01 2.406183e-01 4.491835e-01 6.276360e-01 -7.083469e-01 -3.229824e-01 -1.988400e+00
2.163385e-01 7.921347e-01 5.707190e-01 1.024139e+01 4.513414e-01 4.372048e-01 -7.779093e-01 4.503400e-01 -8.657301e-01 4.258809e-01 -2.629389e-01 -2.433884e+00
2.715271e-01 3.819880e-01 -8.833789e-01 1.059944e+01 8.237875e-01 3.823525e-01 4.185460e-01 4.474608e-01 4.976416e-01 -8.413630e-01 -2.108579e-01 -2.652481e+00
3.443323e-01 8.166691e-01 4.631273e-01 1.093662e+01 4.105229e-01 3.126657e-01 -8.565694e-01 4.447877e-01 -8.443377e-01 4.850689e-01 -2.276005e-01 -2.843751e+00
4.713853e-01 3.953189e-01 -7.883647e-01 1.100721e+01 7.667877e-01 2.579079e-01 5.878096e-01 4.400254e-01 4.356977e-01 -8.815931e-01 -1.815517e-01 -2.870733e+00
4.509879e-01 7.636269e-01 4.620432e-01 1.122304e+01 5.300991e-01 1.873114e-01 -8.269882e-01 4.356742e-01 -7.180563e-01 6.178903e-01 -3.203227e-01 -2.991115e+00
3.927643e-01 4.053785e-01 -8.254722e-01 1.187568e+01 8.765237e-01 1.066026e-01 4.694060e-01 4.365165e-01 2.782846e-01 -9.079120e-01 -3.134542e-01 -3.457243e+00
5.883581e-01 7.889884e-01 1.770085e-01 1.246881e+01 3.097503e-01 -1.770670e-02 -9.506531e-01 4.370714e-01 -7.469200e-01 6.141528e-01 -2.548073e-01 -3.867221e+00
6.067898e-01 1.864183e-01 -7.726929e-01 1.289219e+01 7.934487e-01 -8.410499e-02 6.027981e-01 4.348176e-01 4.738530e-02 -9.788639e-01 -1.989474e-01 -4.141004e+00
6.747350e-01 7.368075e-01 4.298147e-02 1.318808e+01 2.240040e-01 -1.489483e-01 -9.631390e-01 4.317065e-01 -7.032460e-01 6.594916e-01 -2.655484e-01 -4.320999e+00
7.212117e-01 1.231099e-01 -6.816874e-01 1.345159e+01 6.907748e-01 -2.014121e-01 6.944518e-01 4.285175e-01 -5.180622e-02 -9.717392e-01 -2.303019e-01 -4.416368e+00
7.949497e-01 6.011667e-01 -8.156953e-02 1.370500e+01 1.003980e-01 -2.629603e-01 -9.595687e-01 4.261394e-01 -5.983103e-01 7.546195e-01 -2.693961e-01 -4.557262e+00
8.445600e-01 1.521185e-03 -5.354587e-01 1.400590e+01 5.145147e-01 -2.792625e-01 8.107324e-01 4.222835e-01 -1.483003e-01 -9.602136e-01 -2.366366e-01 -4.734312e+00
8.716575e-01 4.697054e-01 -1.399643e-01 1.419570e+01 -2.403975e-03 -2.814733e-01 -9.595661e-01 4.189670e-01 -4.901096e-01 8.367494e-01 -2.442191e-01 -4.825663e+00
8.990209e-01 -6.848583e-02 -4.325172e-01 1.428605e+01 3.951229e-01 -2.989364e-01 8.686282e-01 4.147735e-01 -1.887838e-01 -9.518123e-01 -2.416897e-01 -4.866414e+00
9.222764e-01 3.504521e-01 -1.630630e-01 1.434752e+01 -6.362176e-02 -2.784744e-01 -9.583341e-01 4.108820e-01 -3.812591e-01 8.942233e-01 -2.345340e-01 -4.884461e+00
9.427034e-01 -1.312990e-01 -3.067097e-01 1.448119e+01 2.624754e-01 -2.756246e-01 9.247366e-01 4.068320e-01 -2.059537e-01 -9.522561e-01 -2.253695e-01 -4.956076e+00
9.652369e-01 1.456675e-01 -2.170224e-01 1.482636e+01 -1.693591e-01 -2.838740e-01 -9.437865e-01 4.038361e-01 -1.990861e-01 9.477323e-01 -2.493356e-01 -5.177221e+00
9.243599e-01 -2.977116e-01 -2.385928e-01 1.524284e+01 1.595536e-01 -2.664070e-01 9.505630e-01 4.017027e-01 -3.465564e-01 -9.167307e-01 -1.987550e-01 -5.452885e+00
9.040004e-01 4.282247e-02 -4.253815e-01 1.567983e+01 -4.022795e-01 -2.516852e-01 -8.802419e-01 4.000886e-01 -1.447564e-01 9.668613e-01 -2.102969e-01 -5.739555e+00
8.682956e-01 -4.632916e-01 -1.772671e-01 1.590075e+01 6.468073e-02 -2.485655e-01 9.664531e-01 3.975163e-01 -4.918120e-01 -8.506328e-01 -1.858623e-01 -5.854695e+00
8.619481e-01 -8.164405e-02 -5.003795e-01 1.643525e+01 -5.066453e-01 -1.754355e-01 -8.441167e-01 3.946769e-01 -1.886724e-02 9.810997e-01 -1.925809e-01 -6.251165e+00
7.166705e-01 -6.968926e-01 -2.690806e-02 1.713241e+01 -2.742611e-02 -6.671537e-02 9.973950e-01 3.955645e-01 -6.968724e-01 -7.140656e-01 -6.692599e-02 -6.809467e+00
6.681068e-01 -1.741575e-01 -7.233965e-01 1.757305e+01 -7.325726e-01 1.625458e-02 -6.804948e-01 3.941340e-01 1.302718e-01 9.845836e-01 -1.167232e-01 -7.123615e+00
5.923906e-01 -7.982873e-01 1.086772e-01 1.780615e+01 -1.123568e-01 5.171527e-02 9.923213e-01 3.921786e-01 -7.977777e-01 -6.000524e-01 -5.905733e-02 -7.281744e+00
4.493729e-01 -2.761573e-01 -8.495888e-01 1.824144e+01 -8.434713e-01 1.821561e-01 -5.053467e-01 3.916483e-01 2.943130e-01 9.436929e-01 -1.510747e-01 -7.618626e+00
2.565894e-01 -9.149861e-01 3.113878e-01 1.883467e+01 -7.863072e-02 3.013444e-01 9.502677e-01 3.924001e-01 -9.633167e-01 -2.683133e-01 5.375793e-03 -8.055109e+00
1.746914e-01 -1.345081e-01 -9.753925e-01 1.923675e+01 -8.784465e-01 4.261838e-01 -2.160999e-01 3.906899e-01 4.447637e-01 8.945809e-01 -4.370749e-02 -8.321716e+00
7.494707e-02 -8.872469e-01 4.551658e-01 1.985041e+01 1.124401e-01 4.610577e-01 8.802176e-01 3.904783e-01 -9.908280e-01 -1.479087e-02 1.343170e-01 -8.767858e+00
6.605679e-03 6.237962e-02 -9.980306e-01 2.035591e+01 -7.507909e-01 6.595443e-01 3.625404e-02 3.895050e-01 6.605070e-01 7.490728e-01 5.119079e-02 -9.146578e+00
-5.298635e-02 -7.366412e-01 6.742049e-01 2.061057e+01 1.624152e-01 6.598063e-01 7.336736e-01 3.877350e-01 -9.852988e-01 1.483758e-01 8.468099e-02 -9.321337e+00
-1.376180e-01 1.624888e-01 -9.770664e-01 2.076464e+01 -6.820969e-01 6.997241e-01 2.124381e-01 3.864310e-01 7.181957e-01 6.956893e-01 1.453854e-02 -9.441053e+00
-9.778083e-02 -6.944606e-01 7.128558e-01 2.076548e+01 2.107505e-01 6.855941e-01 6.968106e-01 3.849953e-01 -9.726372e-01 2.183694e-01 7.931997e-02 -9.374993e+00
-1.134855e-01 2.240588e-01 -9.679456e-01 2.086266e+01 -6.430948e-01 7.260537e-01 2.434648e-01 3.830877e-01 7.573309e-01 6.501105e-01 6.169443e-02 -9.429302e+00
1.730488e-01 -6.215288e-01 7.640394e-01 2.070979e+01 3.361939e-01 7.664261e-01 5.473251e-01 3.877310e-01 -9.257580e-01 1.621514e-01 3.415833e-01 -9.215939e+00
8.771955e-02 3.496169e-01 -9.327772e-01 2.077219e+01 -5.905111e-01 7.723718e-01 2.339625e-01 3.871206e-01 8.022481e-01 5.302922e-01 2.742048e-01 -9.225760e+00
4.537774e-02 -6.065500e-01 7.937493e-01 2.086548e+01 3.463540e-01 7.548350e-01 5.570126e-01 3.840081e-01 -9.370057e-01 2.496423e-01 2.443337e-01 -9.292483e+00
7.483184e-02 3.546001e-01 -9.320188e-01 2.091530e+01 -5.931189e-01 7.671686e-01 2.442588e-01 3.805330e-01 8.016297e-01 5.345196e-01 2.677286e-01 -9.304168e+00
-3.002784e-02 -5.874149e-01 8.087286e-01 2.104830e+01 3.384724e-01 7.553177e-01 5.611876e-01 3.762967e-01 -9.404971e-01 2.905836e-01 1.761432e-01 -9.388337e+00
1.274249e-02 3.537087e-01 -9.352688e-01 2.117504e+01 -5.536887e-01 7.813518e-01 2.879552e-01 3.723742e-01 8.326262e-01 5.141785e-01 2.058009e-01 -9.452174e+00
-2.662244e-02 -5.582139e-01 8.292698e-01 2.124036e+01 3.934984e-01 7.567376e-01 5.220223e-01 3.690028e-01 -9.189398e-01 3.402138e-01 1.995101e-01 -9.476925e+00
-1.792715e-02 3.877937e-01 -9.215719e-01 2.149669e+01 -4.854818e-01 8.023946e-01 3.470883e-01 3.658836e-01 8.740630e-01 4.536287e-01 1.738821e-01 -9.639385e+00
-1.194169e-02 -4.647673e-01 8.853523e-01 2.187238e+01 5.365364e-01 7.441821e-01 3.978966e-01 3.640576e-01 -8.437927e-01 4.797753e-01 2.404778e-01 -9.897628e+00
-2.767356e-02 5.097780e-01 -8.598608e-01 2.230891e+01 -3.535364e-01 7.996045e-01 4.854325e-01 3.630544e-01 9.350113e-01 3.174258e-01 1.580972e-01 -1.023511e+01
-1.175282e-01 -3.444576e-01 9.314162e-01 2.247031e+01 5.705200e-01 7.442677e-01 3.472356e-01 3.603302e-01 -8.128309e-01 5.722015e-01 1.090475e-01 -1.033248e+01
-8.433532e-03 5.961149e-01 -8.028549e-01 2.249216e+01 -3.963977e-01 7.351125e-01 5.499805e-01 3.561990e-01 9.180402e-01 3.228881e-01 2.300990e-01 -1.033070e+01
-1.041045e-01 -3.843428e-01 9.173020e-01 2.257476e+01 6.003319e-01 7.110571e-01 3.660593e-01 3.517821e-01 -7.929463e-01 5.887941e-01 1.567090e-01 -1.037263e+01
-2.959043e-01 5.513228e-01 -7.800537e-01 2.349461e+01 1.229887e-01 8.318166e-01 5.412531e-01 3.570833e-01 9.472668e-01 6.422132e-02 -3.139446e-01 -1.097881e+01
4.895371e-02 3.221464e-01 9.454233e-01 2.423354e+01 7.324098e-01 6.320031e-01 -2.532746e-01 3.600486e-01 -6.791019e-01 7.048360e-01 -2.050043e-01 -1.154466e+01
4.467235e-02 7.213009e-01 -6.911797e-01 2.437370e+01 4.019407e-01 6.204226e-01 6.734385e-01 3.575793e-01 9.145753e-01 -3.078973e-01 -2.622045e-01 -1.158902e+01
5.547650e-02 4.050912e-01 9.125916e-01 2.458477e+01 7.505445e-01 5.858659e-01 -3.056863e-01 3.543063e-01 -6.584871e-01 7.018990e-01 -2.715372e-01 -1.171873e+01
1.105813e-01 7.540216e-01 -6.474745e-01 2.468607e+01 4.617462e-01 5.379143e-01 7.052933e-01 3.508396e-01 8.800922e-01 -3.769612e-01 -2.886833e-01 -1.175808e+01
9.408198e-02 4.282945e-01 8.987282e-01 2.471001e+01 7.735459e-01 5.368308e-01 -3.368076e-01 3.473642e-01 -6.267179e-01 7.268951e-01 -2.807994e-01 -1.174239e+01
1.567604e-01 7.582926e-01 -6.327863e-01 2.498661e+01 4.529369e-01 5.141608e-01 7.283453e-01 3.435567e-01 8.776528e-01 -4.007879e-01 -2.628586e-01 -1.191640e+01
3.774315e-01 4.135176e-01 8.285823e-01 2.545714e+01 7.505378e-01 3.875180e-01 -5.352783e-01 3.437485e-01 -5.424375e-01 8.239132e-01 -1.640991e-01 -1.224383e+01
3.576730e-01 6.933569e-01 -6.255607e-01 2.579270e+01 5.517880e-01 3.835150e-01 7.405716e-01 3.424728e-01 7.533923e-01 -6.100594e-01 -2.454131e-01 -1.245984e+01
4.049411e-01 5.048655e-01 7.623211e-01 2.589922e+01 7.135049e-01 3.468940e-01 -6.087490e-01 3.389793e-01 -5.717810e-01 7.904274e-01 -2.197524e-01 -1.250258e+01
4.736699e-01 6.724236e-01 -5.687559e-01 2.606589e+01 5.293145e-01 2.987894e-01 7.940725e-01 3.355620e-01 7.038913e-01 -6.771790e-01 -2.143960e-01 -1.259269e+01
5.328383e-01 4.730905e-01 7.016186e-01 2.629303e+01 6.971856e-01 2.244833e-01 -6.808373e-01 3.324294e-01 -4.795994e-01 8.519346e-01 -2.102186e-01 -1.272358e+01
5.636055e-01 6.677478e-01 -4.862732e-01 2.644516e+01 5.084874e-01 1.834724e-01 8.412957e-01 3.284864e-01 6.509911e-01 -7.214227e-01 -2.361353e-01 -1.277853e+01
5.954610e-01 4.787821e-01 6.451309e-01 2.654378e+01 6.630711e-01 1.605131e-01 -7.311445e-01 3.255873e-01 -4.536109e-01 8.631357e-01 -2.218873e-01 -1.278515e+01
6.048605e-01 6.601121e-01 -4.454164e-01 2.660481e+01 5.003708e-01 1.200782e-01 8.574440e-01 3.224127e-01 6.194940e-01 -7.415074e-01 -2.576703e-01 -1.278301e+01
6.154553e-01 4.613109e-01 6.390673e-01 2.665879e+01 6.708330e-01 1.190579e-01 -7.319893e-01 3.191244e-01 -4.137606e-01 8.792141e-01 -2.361877e-01 -1.277915e+01
6.658007e-01 6.416984e-01 -3.807002e-01 2.675666e+01 4.400122e-01 7.438155e-02 8.949060e-01 3.154474e-01 6.025768e-01 -7.633417e-01 -2.328318e-01 -1.281469e+01
6.776693e-01 3.920122e-01 6.221662e-01 2.683210e+01 6.563665e-01 5.905158e-02 -7.521276e-01 3.119072e-01 -3.315831e-01 9.180628e-01 -2.172862e-01 -1.283441e+01
6.898309e-01 6.418069e-01 -3.349883e-01 2.684720e+01 4.315702e-01 6.959379e-03 9.020525e-01 3.095332e-01 5.812748e-01 -7.668347e-01 -2.721840e-01 -1.280003e+01
7.826178e-01 4.063689e-01 4.715651e-01 2.700586e+01 5.110517e-01 1.311216e-02 -8.594499e-01 3.081779e-01 -3.554370e-01 9.136150e-01 -1.974137e-01 -1.283828e+01
7.630836e-01 4.946889e-01 -4.159162e-01 2.701775e+01 4.969926e-01 -3.775167e-02 8.669332e-01 3.068319e-01 4.131607e-01 -8.682498e-01 -2.746644e-01 -1.283932e+01
7.788622e-01 4.739310e-01 4.108078e-01 2.701671e+01 4.749656e-01 -1.792476e-02 -8.798218e-01 3.043906e-01 -4.096112e-01 8.803795e-01 -2.390618e-01 -1.279257e+01
7.725081e-01 4.917775e-01 -4.017289e-01 2.699729e+01 4.940812e-01 -6.808977e-02 8.667454e-01 3.022831e-01 3.988923e-01 -8.680545e-01 -2.955779e-01 -1.274166e+01
7.834852e-01 4.812915e-01 3.930770e-01 2.697723e+01 4.642942e-01 -3.296982e-02 -8.850672e-01 3.003453e-01 -4.130156e-01 8.759404e-01 -2.492922e-01 -1.268530e+01
7.949227e-01 4.659648e-01 -3.885547e-01 2.699037e+01 4.689400e-01 -6.552788e-02 8.807959e-01 2.975690e-01 3.849587e-01 -8.823735e-01 -2.705991e-01 -1.265243e+01
8.072959e-01 4.326423e-01 4.013651e-01 2.700644e+01 4.623726e-01 -4.107016e-02 -8.857341e-01 2.946961e-01 -3.667219e-01 9.006297e-01 -2.331977e-01 -1.262290e+01
8.093231e-01 4.563664e-01 -3.697645e-01 2.702327e+01 4.530405e-01 -8.434818e-02 8.874907e-01 2.922487e-01 3.738320e-01 -8.857850e-01 -2.750174e-01 -1.259671e+01
8.278765e-01 4.309089e-01 3.590795e-01 2.701282e+01 4.208548e-01 -5.398369e-02 -9.055203e-01 2.900860e-01 -3.708123e-01 9.007793e-01 -2.260419e-01 -1.253809e+01
7.968775e-01 4.357803e-01 -4.184278e-01 2.697511e+01 4.970890e-01 -7.932865e-02 8.640657e-01 2.889606e-01 3.433495e-01 -8.965503e-01 -2.798368e-01 -1.244186e+01
8.159089e-01 4.665197e-01 3.415436e-01 2.697557e+01 4.091888e-01 -4.857528e-02 -9.111558e-01 2.869026e-01 -4.084816e-01 8.831760e-01 -2.305277e-01 -1.239025e+01
7.602518e-01 4.392909e-01 -4.785819e-01 2.691572e+01 5.575587e-01 -6.316547e-02 8.277309e-01 2.864940e-01 3.333848e-01 -8.961214e-01 -2.929521e-01 -1.227694e+01
7.781197e-01 5.403722e-01 3.201994e-01 2.690693e+01 4.016217e-01 -3.608080e-02 -9.150946e-01 2.845721e-01 -4.829386e-01 8.406522e-01 -2.451004e-01 -1.220961e+01
7.321122e-01 4.290675e-01 -5.290679e-01 2.685895e+01 6.057985e-01 -5.496101e-02 7.937175e-01 2.835428e-01 3.114803e-01 -9.015988e-01 -3.001661e-01 -1.211945e+01
7.579077e-01 6.159405e-01 2.149260e-01 2.676032e+01 2.903241e-01 -2.343038e-02 -9.566415e-01 2.849032e-01 -5.841985e-01 7.874441e-01 -1.965804e-01 -1.195926e+01
6.750156e-01 3.132384e-01 -6.680088e-01 2.668227e+01 7.103548e-01 -3.125593e-02 7.031494e-01 2.852888e-01 1.993742e-01 -9.491600e-01 -2.436086e-01 -1.180966e+01
6.834560e-01 7.029351e-01 1.969014e-01 2.665889e+01 2.737859e-01 3.209857e-03 -9.617853e-01 2.836132e-01 -6.767047e-01 7.112468e-01 -1.902599e-01 -1.173990e+01
6.505913e-01 3.032679e-01 -6.962468e-01 2.662178e+01 7.329388e-01 -1.071483e-02 6.802102e-01 2.819671e-01 1.988257e-01 -9.528451e-01 -2.292478e-01 -1.165144e+01
7.034870e-01 7.097224e-01 3.741719e-02 2.681527e+01 1.531498e-01 -9.997263e-02 -9.831331e-01 2.805406e-01 -6.940109e-01 6.973518e-01 -1.790233e-01 -1.167798e+01
5.889225e-01 1.095387e-01 -8.007319e-01 2.694781e+01 8.076360e-01 -1.164285e-01 5.780731e-01 2.797233e-01 -2.990660e-02 -9.871401e-01 -1.570348e-01 -1.171915e+01
5.272364e-01 8.199863e-01 -2.228099e-01 2.681251e+01 -1.973324e-01 -1.368900e-01 -9.707322e-01 2.850007e-01 -8.264876e-01 5.557730e-01 8.963647e-02 -1.148515e+01
4.265527e-01 -1.992200e-01 -8.822495e-01 2.687917e+01 8.662706e-01 -1.904752e-01 4.618382e-01 2.838790e-01 -2.600540e-01 -9.612651e-01 9.133074e-02 -1.144998e+01
4.603074e-01 8.444913e-01 -2.737729e-01 2.708207e+01 -2.215160e-01 -1.893727e-01 -9.565922e-01 2.812370e-01 -8.596789e-01 5.009716e-01 9.989867e-02 -1.156701e+01
4.722101e-01 -2.631225e-01 -8.412991e-01 2.721003e+01 8.206510e-01 -2.171864e-01 5.285471e-01 2.777336e-01 -3.217913e-01 -9.399982e-01 1.133741e-01 -1.161823e+01
5.414733e-01 7.783483e-01 -3.177745e-01 2.741081e+01 -3.004870e-01 -1.738380e-01 -9.378102e-01 2.743928e-01 -7.851842e-01 6.032863e-01 1.397549e-01 -1.174059e+01
5.416870e-01 -2.880138e-01 -7.896982e-01 2.750522e+01 7.696188e-01 -2.078596e-01 6.037229e-01 2.708451e-01 -3.380269e-01 -9.347954e-01 1.090660e-01 -1.177451e+01
5.097109e-01 5.747736e-01 -6.401798e-01 2.904824e+01 -7.290339e-01 -1.065626e-01 -6.761317e-01 2.742059e-01 -4.568418e-01 8.113444e-01 3.647133e-01 -1.291986e+01
-1.069408e-01 -9.666760e-01 -2.325965e-01 3.067949e+01 8.552421e-01 -2.087435e-01 4.743280e-01 2.919007e-01 -5.070745e-01 -1.482013e-01 8.490652e-01 -1.424010e+01
-1.057016e-01 8.655954e-01 -4.894608e-01 3.076237e+01 -9.772683e-01 -1.813931e-01 -1.097415e-01 2.891994e-01 -1.837766e-01 4.667346e-01 8.650925e-01 -1.428617e+01
-1.169126e-01 -9.755328e-01 -1.861913e-01 3.070534e+01 9.273519e-01 -1.743323e-01 3.310992e-01 2.890987e-01 -3.554572e-01 -1.339552e-01 9.250439e-01 -1.420204e+01
-1.715154e-01 9.399487e-01 -2.950913e-01 3.062824e+01 -9.840791e-01 -1.776231e-01 6.195101e-03 2.899230e-01 -4.659196e-02 2.914557e-01 9.554490e-01 -1.404362e+01
-1.638347e-01 -9.852421e-01 -4.956057e-02 3.053795e+01 9.782614e-01 -1.687379e-01 1.205497e-01 2.914300e-01 -1.271334e-01 -2.873296e-02 9.914694e-01 -1.389015e+01
-2.023543e-01 9.785225e-01 -3.932484e-02 3.039761e+01 -9.579519e-01 -1.894399e-01 2.155008e-01 2.949968e-01 2.034227e-01 8.127883e-02 9.757115e-01 -1.366487e+01
-1.075430e-01 -9.685372e-01 2.244329e-01 3.023810e+01 9.703835e-01 -1.513725e-01 -1.882609e-01 2.989732e-01 2.163107e-01 1.975399e-01 9.561316e-01 -1.342431e+01
-8.046987e-02 9.612448e-01 2.636912e-01 3.006569e+01 -8.645229e-01 -1.989801e-01 4.615269e-01 3.035208e-01 4.961096e-01 -1.908280e-01 8.470300e-01 -1.316203e+01
8.279823e-02 -8.790888e-01 4.694116e-01 2.990290e+01 8.709488e-01 -1.650964e-01 -4.628080e-01 3.081984e-01 4.843476e-01 4.471532e-01 7.519717e-01 -1.289701e+01
2.070221e-01 8.532806e-01 4.785960e-01 2.976562e+01 -7.311158e-01 -1.901269e-01 6.552262e-01 3.120439e-01 6.500858e-01 -4.855554e-01 5.844865e-01 -1.266612e+01
3.582013e-01 -7.341787e-01 5.767785e-01 2.964616e+01 7.344911e-01 -1.597866e-01 -6.595385e-01 3.146853e-01 5.763806e-01 6.598862e-01 4.820120e-01 -1.246878e+01
4.711316e-01 7.496963e-01 4.647477e-01 2.948971e+01 -5.178846e-01 -1.914070e-01 8.337619e-01 3.192052e-01 7.140242e-01 -6.334973e-01 2.980783e-01 -1.222210e+01
7.152136e-01 -5.165704e-01 4.707701e-01 2.925142e+01 4.621176e-01 -1.557997e-01 -8.730256e-01 3.275351e-01 5.243251e-01 8.419510e-01 1.272862e-01 -1.183735e+01
7.980753e-01 6.018976e-01 2.819746e-02 2.898301e+01 3.536368e-02 -9.350276e-02 9.949908e-01 3.420899e-01 6.015191e-01 -7.930804e-01 -9.590756e-02 -1.136475e+01
9.836679e-01 3.663538e-02 1.762251e-01 2.881047e+01 1.790215e-01 -9.755166e-02 -9.789969e-01 3.509455e-01 -1.867487e-02 9.945559e-01 -1.025170e-01 -1.104226e+01
9.211732e-01 2.219508e-01 -3.196525e-01 2.863085e+01 3.467238e-01 -9.513513e-02 9.331302e-01 3.569248e-01 1.766988e-01 -9.704057e-01 -1.645916e-01 -1.076441e+01
7.668447e-01 4.498397e-01 -4.578138e-01 2.840350e+01 -3.781407e-01 -2.597056e-01 -8.885733e-01 3.737711e-01 -5.186124e-01 8.545158e-01 -2.905119e-02 -1.027073e+01
1.909277e-01 -4.496783e-01 -8.725457e-01 2.808219e+01 9.653778e-01 -7.493645e-02 2.498604e-01 3.978741e-01 -1.777423e-01 -8.900415e-01 4.198020e-01 -9.652158e+00
-6.459901e-02 9.511874e-01 -3.017771e-01 2.771658e+01 -9.580884e-01 -1.436944e-01 -2.478277e-01 4.207637e-01 -2.790943e-01 2.731197e-01 9.206041e-01 -9.026082e+00
-1.839979e-01 -9.540735e-01 -2.364075e-01 2.740461e+01 9.560264e-01 -1.178259e-01 -2.685712e-01 4.342837e-01 2.283818e-01 -2.754284e-01 9.337992e-01 -8.525904e+00
-1.108996e-01 9.426410e-01 3.148478e-01 2.726214e+01 -9.938116e-01 -1.071964e-01 -2.911103e-02 4.384571e-01 6.309309e-03 -3.161278e-01 9.486956e-01 -8.271795e+00
-1.111365e-01 -9.937424e-01 -1.116395e-02 2.717120e+01 8.730088e-01 -9.225402e-02 -4.788996e-01 4.401669e-01 4.748729e-01 -6.296946e-02 8.777987e-01 -8.090730e+00
-3.414544e-02 8.559422e-01 5.159429e-01 2.708205e+01 -9.891362e-01 -1.027990e-01 1.050804e-01 4.417042e-01 1.429812e-01 -5.067497e-01 8.501536e-01 -7.933370e+00
-2.247182e-02 -9.931693e-01 1.144977e-01 2.703007e+01 7.895919e-01 -8.787911e-02 -6.073071e-01 4.418751e-01 6.132208e-01 7.675916e-02 7.861732e-01 -7.791141e+00
4.701699e-01 8.658011e-01 1.712563e-01 2.761447e+01 -3.054215e-01 -2.243931e-02 9.519528e-01 4.678220e-01 8.280447e-01 -4.998849e-01 2.538839e-01 -7.637484e+00
9.904431e-01 2.810044e-02 1.350292e-01 2.803663e+01 1.328661e-01 -4.570484e-01 -8.794620e-01 4.881559e-01 3.700160e-02 8.889978e-01 -4.564140e-01 -7.657584e+00
9.761198e-01 1.449844e-01 -1.617702e-01 2.791992e+01 2.133225e-01 -4.990909e-01 8.398820e-01 4.902309e-01 4.103171e-02 -8.543347e-01 -5.181009e-01 -7.459709e+00
7.706562e-01 3.337775e-01 -5.428458e-01 2.772315e+01 -2.678045e-01 -6.033463e-01 -7.511684e-01 5.037291e-01 -5.782471e-01 7.242692e-01 -3.755854e-01 -7.003844e+00
2.440563e-01 -2.978641e-01 -9.228832e-01 2.746154e+01 7.325790e-01 -5.669362e-01 3.767112e-01 5.208706e-01 -6.354247e-01 -7.680236e-01 7.984459e-02 -6.523674e+00
-9.735798e-01 1.000936e-03 -2.283450e-01 2.763669e+01 -1.305130e-01 -8.229950e-01 5.528522e-01 5.852509e-01 -1.873735e-01 5.680477e-01 8.013819e-01 -5.247822e+00
-3.895494e-01 -1.517325e-01 9.084209e-01 2.701373e+01 9.077050e-01 -2.302708e-01 3.507806e-01 6.574014e-01 1.559579e-01 9.612245e-01 2.274302e-01 -4.080552e+00
-4.243808e-01 8.737723e-01 2.375349e-01 2.685778e+01 1.554953e-01 -1.881073e-01 9.697612e-01 6.620621e-01 8.920326e-01 4.484836e-01 -5.603832e-02 -3.808088e+00
-8.957631e-02 7.301409e-02 9.933001e-01 2.667314e+01 9.716098e-01 -2.128621e-01 1.032670e-01 6.686939e-01 2.189759e-01 9.743504e-01 -5.187380e-02 -3.518285e+00
-2.223096e-02 9.698837e-01 2.425518e-01 2.657028e+01 3.596620e-01 -2.186099e-01 9.071124e-01 6.729557e-01 9.328178e-01 1.074026e-01 -3.439704e-01 -3.328998e+00
1.524490e-01 3.676071e-01 9.174009e-01 2.647160e+01 9.810325e-01 -1.687377e-01 -9.540890e-02 6.750165e-01 1.197271e-01 9.145450e-01 -3.863584e-01 -3.142148e+00
1.768659e-01 9.733309e-01 1.461005e-01 2.633820e+01 5.855560e-01 -2.233707e-01 7.792495e-01 6.780011e-01 7.911022e-01 -5.227264e-02 -6.094464e-01 -2.924576e+00
3.301733e-01 6.252414e-01 7.071484e-01 2.618349e+01 9.385386e-01 -1.375713e-01 -3.165744e-01 6.823226e-01 -1.006521e-01 7.682105e-01 -6.322356e-01 -2.663094e+00
2.381009e-01 9.597014e-01 -1.492689e-01 2.599120e+01 8.460307e-01 -1.294592e-01 5.171774e-01 6.880869e-01 4.770116e-01 -2.494265e-01 -8.427611e-01 -2.363594e+00
3.305977e-01 8.404619e-01 4.293355e-01 2.582151e+01 8.490324e-01 -6.620233e-02 -5.241767e-01 6.929523e-01 -4.121275e-01 5.378113e-01 -7.354658e-01 -2.096595e+00
2.826062e-01 8.663681e-01 -4.117524e-01 2.578345e+01 9.021014e-01 -9.411170e-02 4.211366e-01 6.931430e-01 3.261086e-01 -4.904583e-01 -8.081484e-01 -1.973912e+00
3.496118e-01 8.684301e-01 3.515689e-01 2.592681e+01 8.548881e-01 -1.421673e-01 -4.989538e-01 6.899621e-01 -3.833249e-01 4.749922e-01 -7.921139e-01 -2.048401e+00
2.680956e-01 8.692003e-01 -4.154704e-01 2.589118e+01 9.330818e-01 -1.269477e-01 3.365154e-01 6.897332e-01 2.397563e-01 -4.778862e-01 -8.450691e-01 -1.944106e+00
3.301921e-01 9.193821e-01 2.137985e-01 2.575131e+01 6.971714e-01 -8.484455e-02 -7.118662e-01 6.940734e-01 -6.363374e-01 3.841067e-01 -6.689819e-01 -1.719198e+00
1.849387e-01 7.182117e-01 -6.707978e-01 2.567236e+01 9.825698e-01 -1.220594e-01 1.402072e-01 6.968097e-01 1.882129e-02 -6.850354e-01 -7.282666e-01 -1.558648e+00
2.288264e-01 9.730610e-01 2.812158e-02 2.571226e+01 6.554127e-01 -1.326396e-01 -7.435328e-01 6.958523e-01 -7.197727e-01 1.885712e-01 -6.681079e-01 -1.504698e+00
1.603426e-01 6.333545e-01 -7.570682e-01 2.584677e+01 9.744607e-01 -2.237350e-01 1.921087e-02 6.951377e-01 -1.572154e-01 -7.408135e-01 -6.530533e-01 -1.580585e+00
1.344068e-01 9.812920e-01 -1.378434e-01 2.576356e+01 4.845306e-01 -1.864237e-01 -8.546791e-01 6.966185e-01 -8.643870e-01 4.808533e-02 -5.005226e-01 -1.424246e+00
-5.686192e-02 5.294164e-01 -8.464543e-01 2.565763e+01 9.655100e-01 -1.866060e-01 -1.815727e-01 6.990096e-01 -2.540810e-01 -8.275847e-01 -5.005461e-01 -1.243211e+00
-9.610241e-02 9.774935e-01 -1.878051e-01 2.556990e+01 3.555274e-01 -1.425229e-01 -9.237356e-01 7.005951e-01 -9.297121e-01 -1.555431e-01 -3.338290e-01 -1.076157e+00
-2.015976e-01 4.085195e-01 -8.902080e-01 2.552002e+01 9.487261e-01 -1.444762e-01 -2.811503e-01 7.003593e-01 -2.434692e-01 -9.012427e-01 -3.584471e-01 -9.626973e-01
-2.068669e-01 9.631656e-01 -1.718085e-01 2.549782e+01 3.324856e-01 -9.594721e-02 -9.382151e-01 6.990096e-01 -9.201410e-01 -2.512095e-01 -3.003904e-01 -8.940079e-01
-8.659086e-01 -4.274688e-01 2.597551e-01 2.617986e+01 -1.649353e-02 -4.946172e-01 -8.689544e-01 7.449547e-01 4.999303e-01 -7.567194e-01 4.212428e-01 -4.659569e-01
-1.825822e-01 4.974346e-01 8.480699e-01 2.630163e+01 -5.677284e-01 -7.575741e-01 3.221273e-01 7.887903e-01 8.027130e-01 -4.226586e-01 4.207273e-01 -2.472701e-01
3.455993e-02 -5.971266e-01 8.014021e-01 2.617061e+01 4.088402e-01 -7.232666e-01 -5.565386e-01 7.915432e-01 9.119514e-01 3.468793e-01 2.191333e-01 -4.768119e-02
2.468489e-01 3.775583e-01 8.924771e-01 2.604075e+01 -4.670759e-01 -7.605823e-01 4.509487e-01 7.942881e-01 8.490617e-01 -5.281707e-01 -1.140053e-02 1.632713e-01
4.172773e-01 -4.976459e-01 7.604132e-01 2.594640e+01 2.804608e-01 -7.253801e-01 -6.286218e-01 7.956995e-01 8.644197e-01 4.755757e-01 -1.631145e-01 3.254383e-01
5.041874e-01 2.441426e-01 8.283655e-01 2.588543e+01 -4.426935e-01 -7.505247e-01 4.906476e-01 7.953873e-01 7.414968e-01 -6.140904e-01 -2.703248e-01 4.531077e-01
5.758108e-01 -4.772448e-01 6.638368e-01 2.583666e+01 1.839929e-01 -7.154813e-01 -6.739681e-01 7.947549e-01 7.966106e-01 5.102194e-01 -3.241723e-01 5.405290e-01
9.312703e-01 2.892499e-01 -2.215175e-01 2.589686e+01 3.614162e-01 -6.567196e-01 6.618894e-01 8.198287e-01 4.597657e-02 -6.964580e-01 -7.161232e-01 9.534079e-01
