9.987582e-01 -3.320843e-02 -3.713799e-02 1.357940e+00 3.315256e-02 9.994481e-01 -2.119401e-03 -3.685396e-02 3.718787e-02 8.855490e-04 9.993079e-01 -6.083311e-01
9.999316e-01 1.044794e-02 5.257874e-03 2.898261e+00 -1.046282e-02 9.999413e-01 2.809721e-03 -7.613488e-02 -5.228209e-03 -2.864540e-03 9.999822e-01 -1.325588e+00
9.976116e-01 -5.262118e-02 -4.474535e-02 4.862428e+00 5.255625e-02 9.986145e-01 -2.627122e-03 -1.185482e-01 4.482160e-02 2.691986e-04 9.989950e-01 -2.391097e+00
9.997781e-01 2.087910e-02 -2.802858e-03 6.838993e+00 -2.087497e-02 9.997810e-01 1.497150e-03 -1.604513e-01 2.833504e-03 -1.438307e-03 9.999950e-01 -3.522190e+00
9.966447e-01 -6.718190e-02 -4.675464e-02 9.098693e+00 6.701304e-02 9.977387e-01 -5.171572e-03 -2.086040e-01 4.699635e-02 2.021048e-03 9.988930e-01 -4.777733e+00
9.985596e-01 5.280742e-02 9.492091e-03 1.087218e+01 -5.284863e-02 9.985939e-01 4.144176e-03 -2.490307e-01 -9.259901e-03 -4.639850e-03 9.999464e-01 -5.614689e+00
9.952131e-01 -8.213368e-02 -5.296188e-02 1.251918e+01 8.171630e-02 9.966054e-01 -1.000237e-02 -2.894865e-01 5.360363e-02 5.626638e-03 9.985464e-01 -6.532222e+00
9.979210e-01 6.266702e-02 1.504796e-02 1.459255e+01 -6.285011e-02 9.979506e-01 1.201872e-02 -3.339866e-01 -1.426395e-02 -1.293950e-02 9.998145e-01 -7.652549e+00
9.942600e-01 -9.453799e-02 -5.009601e-02 1.629224e+01 9.400967e-02 9.954889e-01 -1.280473e-02 -3.702662e-01 5.108056e-02 8.021722e-03 9.986623e-01 -8.633428e+00
9.958239e-01 8.544210e-02 3.216263e-02 1.750999e+01 -8.629188e-02 9.959298e-01 2.602975e-02 -3.971440e-01 -2.980768e-02 -2.869642e-02 9.991436e-01 -9.273522e+00
9.901713e-01 -1.267213e-01 -5.918156e-02 1.910038e+01 1.256875e-01 9.918499e-01 -2.088994e-02 -4.258426e-01 6.134642e-02 1.324623e-02 9.980286e-01 -9.984865e+00
9.961571e-01 8.158526e-02 3.185578e-02 2.064579e+01 -8.235408e-02 9.963233e-01 2.361604e-02 -4.569257e-01 -2.981194e-02 -2.614874e-02 9.992134e-01 -1.071598e+01
9.920521e-01 -1.104455e-01 -6.028658e-02 2.181233e+01 1.089481e-01 9.936644e-01 -2.759425e-02 -4.838625e-01 6.295229e-02 2.080682e-02 9.977996e-01 -1.109924e+01
9.936020e-01 1.127068e-01 7.229663e-03 2.365664e+01 -1.128329e-01 9.934039e-01 2.042897e-02 -5.214531e-01 -4.879493e-03 -2.111401e-02 9.997652e-01 -1.202694e+01
9.863290e-01 -1.498410e-01 -6.857627e-02 2.625165e+01 1.486646e-01 9.886434e-01 -2.197700e-02 -5.757643e-01 7.109054e-02 1.148169e-02 9.974038e-01 -1.349360e+01
9.947780e-01 9.310014e-02 4.182213e-02 2.868309e+01 -9.450454e-02 9.949787e-01 3.295812e-02 -6.207709e-01 -3.854373e-02 -3.673839e-02 9.985813e-01 -1.493801e+01
9.876338e-01 -1.383501e-01 -7.374808e-02 3.087257e+01 1.368526e-01 9.902756e-01 -2.501076e-02 -6.631733e-01 7.649116e-02 1.460885e-02 9.969632e-01 -1.626982e+01
9.969457e-01 6.412838e-02 4.457406e-02 3.354795e+01 -6.571139e-02 9.972245e-01 3.500460e-02 -7.105802e-01 -4.220555e-02 -3.782671e-02 9.983926e-01 -1.790543e+01
9.898670e-01 -1.233941e-01 -7.026586e-02 3.550839e+01 1.216063e-01 9.921490e-01 -2.919219e-02 -7.458345e-01 7.331635e-02 2.035161e-02 9.971011e-01 -1.905790e+01
9.961021e-01 7.344611e-02 4.884880e-02 3.635950e+01 -7.449411e-02 9.970211e-01 1.998857e-02 -7.678060e-01 -4.723521e-02 -2.354960e-02 9.986062e-01 -1.951078e+01
9.931410e-01 -9.480459e-02 -6.843237e-02 3.692989e+01 9.320830e-02 9.953029e-01 -2.616152e-02 -7.882628e-01 7.059116e-02 1.960361e-02 9.973127e-01 -1.965530e+01
9.968624e-01 6.580292e-02 4.399199e-02 3.832673e+01 -6.681921e-02 9.975216e-01 2.204328e-02 -8.187337e-01 -4.243245e-02 -2.491362e-02 9.987887e-01 -2.045314e+01
9.919879e-01 -1.032746e-01 -7.276185e-02 3.996698e+01 1.021533e-01 9.945876e-01 -1.897723e-02 -8.530111e-01 7.432790e-02 1.139232e-02 9.971688e-01 -2.141571e+01
9.974894e-01 4.786643e-02 5.218866e-02 4.117553e+01 -4.881147e-02 9.986636e-01 1.698585e-02 -8.787479e-01 -5.130586e-02 -1.949061e-02 9.984928e-01 -2.202361e+01
9.926965e-01 -9.460146e-02 -7.486109e-02 4.257692e+01 9.351958e-02 9.954577e-01 -1.783547e-02 -9.086186e-01 7.620831e-02 1.070423e-02 9.970345e-01 -2.271270e+01
9.979532e-01 4.205268e-02 4.817713e-02 4.309436e+01 -4.191201e-02 9.991136e-01 -3.926687e-03 -9.245671e-01 -4.829955e-02 1.899449e-03 9.988311e-01 -2.284052e+01
9.938083e-01 -8.664523e-02 -6.955366e-02 4.337367e+01 8.591202e-02 9.962117e-01 -1.347043e-02 -9.383807e-01 7.045731e-02 7.411532e-03 9.974873e-01 -2.275568e+01
9.966392e-01 6.523097e-02 4.954967e-02 4.390399e+01 -6.568627e-02 9.978113e-01 7.614842e-03 -9.584905e-01 -4.894450e-02 -1.084398e-02 9.987426e-01 -2.297548e+01
9.956742e-01 -6.360815e-02 -6.772704e-02 4.479749e+01 6.291683e-02 9.979430e-01 -1.229410e-02 -9.837541e-01 6.836973e-02 7.979746e-03 9.976281e-01 -2.344805e+01
9.991219e-01 1.232605e-02 4.004426e-02 4.567044e+01 -1.228796e-02 9.999238e-01 -1.197197e-03 -1.008759e+00 -4.005596e-02 7.040834e-04 9.991972e-01 -2.393988e+01
9.938169e-01 -8.073487e-02 -7.622243e-02 4.687113e+01 7.981057e-02 9.966957e-01 -1.510055e-02 -1.037749e+00 7.718970e-02 8.923823e-03 9.969765e-01 -2.464487e+01
9.985500e-01 3.137865e-02 4.374099e-02 4.786524e+01 -3.113707e-02 9.994959e-01 -6.193491e-03 -1.065771e+00 -4.391328e-02 4.822545e-03 9.990237e-01 -2.518463e+01
9.934813e-01 -8.437885e-02 -7.664922e-02 4.904453e+01 8.386041e-02 9.964277e-01 -9.963211e-03 -1.095920e+00 7.721609e-02 3.470429e-03 9.970083e-01 -2.586864e+01
9.978742e-01 4.465820e-02 4.746330e-02 4.988638e+01 -4.421211e-02 9.989679e-01 -1.040797e-02 -1.122248e+00 -4.787912e-02 8.287393e-03 9.988188e-01 -2.629034e+01
9.953930e-01 -6.697604e-02 -6.860789e-02 5.051435e+01 6.719374e-02 9.977396e-01 8.677003e-04 -1.144652e+00 6.839469e-02 -5.473724e-03 9.976433e-01 -2.653907e+01
9.972954e-01 5.363256e-02 5.025426e-02 5.112280e+01 -5.315312e-02 9.985277e-01 -1.082945e-02 -1.167009e+00 -5.076108e-02 8.128989e-03 9.986777e-01 -2.678775e+01
9.939219e-01 -8.265930e-02 -7.271001e-02 5.178623e+01 8.190009e-02 9.965509e-01 -1.336692e-02 -1.190511e+00 7.356413e-02 7.330721e-03 9.972635e-01 -2.710001e+01
9.967099e-01 6.096021e-02 5.341571e-02 5.235234e+01 -6.098836e-02 9.981379e-01 -1.104350e-03 -1.212273e+00 -5.338356e-02 -2.157019e-03 9.985718e-01 -2.734960e+01
9.961469e-01 -6.424876e-02 -5.969545e-02 5.253502e+01 6.418956e-02 9.979335e-01 -2.910743e-03 -1.226044e+00 5.975910e-02 -9.322972e-04 9.982124e-01 -2.725395e+01
9.978302e-01 4.496552e-02 4.809393e-02 5.288408e+01 -4.504360e-02 9.989849e-01 5.403910e-04 -1.241675e+00 -4.802081e-02 -2.705542e-03 9.988427e-01 -2.735060e+01
9.958119e-01 -6.295541e-02 -6.629740e-02 5.344483e+01 6.254551e-02 9.980081e-01 -8.242268e-03 -1.262601e+00 6.668424e-02 4.061143e-03 9.977659e-01 -2.761876e+01
9.971637e-01 5.460643e-02 5.179512e-02 5.415127e+01 -5.500803e-02 9.984657e-01 6.358950e-03 -1.286906e+00 -5.136841e-02 -9.190061e-03 9.986375e-01 -2.798898e+01
9.964027e-01 -5.751462e-02 -6.223987e-02 5.455086e+01 5.689570e-02 9.983119e-01 -1.167262e-02 -1.305721e+00 6.280615e-02 8.089452e-03 9.979930e-01 -2.816002e+01
9.963981e-01 5.918614e-02 6.072795e-02 5.467417e+01 -5.985921e-02 9.981633e-01 9.323132e-03 -1.316616e+00 -6.006461e-02 -1.292468e-02 9.981108e-01 -2.777402e+01
9.961402e-01 -6.110476e-02 -6.301562e-02 5.471079e+01 6.033459e-02 9.980793e-01 -1.405509e-02 -1.324100e+00 6.375341e-02 1.019881e-02 9.979136e-01 -2.735159e+01
9.965210e-01 5.972087e-02 5.813166e-02 5.476398e+01 -6.039897e-02 9.981245e-01 9.976965e-03 -1.335997e+00 -5.742680e-02 -1.345335e-02 9.982591e-01 -2.723384e+01
9.947883e-01 -6.355688e-02 -7.972978e-02 5.574749e+01 6.150544e-02 9.977159e-01 -2.792961e-02 -1.362219e+00 8.132279e-02 2.288023e-02 9.964252e-01 -2.776727e+01
9.957137e-01 6.028324e-02 7.014393e-02 5.617164e+01 -6.206382e-02 9.977958e-01 2.348647e-02 -1.380914e+00 -6.857348e-02 -2.773920e-02 9.972604e-01 -2.795096e+01
9.954056e-01 -6.184133e-02 -7.309756e-02 5.622371e+01 5.984382e-02 9.977803e-01 -2.920998e-02 -1.392228e+00 7.474169e-02 2.470134e-02 9.968969e-01 -2.783696e+01
9.965502e-01 5.340709e-02 6.352537e-02 5.649383e+01 -5.497949e-02 9.982164e-01 2.326605e-02 -1.408207e+00 -6.216949e-02 -2.667838e-02 9.977090e-01 -2.793631e+01
9.960498e-01 -5.677668e-02 -6.827247e-02 5.661134e+01 5.495981e-02 9.980902e-01 -2.820364e-02 -1.420390e+00 6.974339e-02 2.433999e-02 9.972680e-01 -2.791105e+01
9.965594e-01 5.384027e-02 6.301247e-02 5.675910e+01 -5.547477e-02 9.981599e-01 2.448245e-02 -1.434335e+00 -6.157838e-02 -2.789382e-02 9.977124e-01 -2.792745e+01
9.962941e-01 -5.258433e-02 -6.806558e-02 5.694147e+01 5.072861e-02 9.982997e-01 -2.871213e-02 -1.447569e+00 6.945965e-02 2.515285e-02 9.972676e-01 -2.793670e+01
9.966475e-01 5.075746e-02 6.416685e-02 5.701312e+01 -5.247374e-02 9.983005e-01 2.535002e-02 -1.459442e+00 -6.277110e-02 -2.863210e-02 9.976172e-01 -2.787666e+01
9.963164e-01 -5.204210e-02 -6.815637e-02 5.707781e+01 5.016828e-02 9.983219e-01 -2.892311e-02 -1.471393e+00 6.954721e-02 2.539728e-02 9.972553e-01 -2.782823e+01
9.966574e-01 5.097428e-02 6.384129e-02 5.718274e+01 -5.274450e-02 9.982602e-01 2.635592e-02 -1.484286e+00 -6.238675e-02 -2.963510e-02 9.976120e-01 -2.777845e+01
9.962665e-01 -5.245656e-02 -6.856604e-02 5.729387e+01 5.048651e-02 9.982693e-01 -3.015717e-02 -1.498458e+00 7.002932e-02 2.658291e-02 9.971907e-01 -2.773456e+01
9.966076e-01 5.102361e-02 6.457416e-02 5.738987e+01 -5.287861e-02 9.982263e-01 2.735011e-02 -1.511262e+00 -6.306412e-02 -3.067192e-02 9.975380e-01 -2.770389e+01
9.962993e-01 -5.190571e-02 -6.850856e-02 5.751494e+01 4.992483e-02 9.982927e-01 -3.031758e-02 -1.525198e+00 6.996526e-02 2.678511e-02 9.971898e-01 -2.767957e+01
9.966091e-01 5.079616e-02 6.473028e-02 5.763624e+01 -5.268287e-02 9.982248e-01 2.778050e-02 -1.538660e+00 -6.320423e-02 -3.109648e-02 9.975160e-01 -2.768083e+01
9.962863e-01 -5.183881e-02 -6.874800e-02 5.778303e+01 4.983104e-02 9.982886e-01 -3.060606e-02 -1.552979e+00 7.021693e-02 2.706662e-02 9.971645e-01 -2.769754e+01
9.966211e-01 5.032223e-02 6.491624e-02 5.794094e+01 -5.224709e-02 9.982331e-01 2.830164e-02 -1.567090e+00 -6.337734e-02 -3.159770e-02 9.974893e-01 -2.772746e+01
9.963150e-01 -5.144024e-02 -6.863236e-02 5.808632e+01 4.941488e-02 9.983006e-01 -3.088978e-02 -1.580783e+00 7.010470e-02 2.738449e-02 9.971637e-01 -2.774674e+01
9.966044e-01 5.029725e-02 6.519088e-02 5.819572e+01 -5.224151e-02 9.982286e-01 2.846974e-02 -1.593780e+00 -6.364345e-02 -3.177873e-02 9.974666e-01 -2.773897e+01
9.962657e-01 -5.182823e-02 -6.905486e-02 5.828486e+01 4.974526e-02 9.982635e-01 -3.155080e-02 -1.606500e+00 7.057017e-02 2.799782e-02 9.971138e-01 -2.771510e+01
9.965698e-01 5.090180e-02 6.525113e-02 5.840171e+01 -5.287359e-02 9.981842e-01 2.885533e-02 -1.619845e+00 -6.366386e-02 -3.220641e-02 9.974516e-01 -2.771231e+01
9.962525e-01 -5.191689e-02 -6.917865e-02 5.854951e+01 4.982519e-02 9.982571e-01 -3.162731e-02 -1.633932e+00 7.070007e-02 2.806194e-02 9.971028e-01 -2.773538e+01
9.965801e-01 5.045920e-02 6.543629e-02 5.868389e+01 -5.245621e-02 9.981972e-01 2.916706e-02 -1.647550e+00 -6.384657e-02 -3.249985e-02 9.974304e-01 -2.774510e+01
9.962804e-01 -5.143674e-02 -6.913450e-02 5.882073e+01 4.932189e-02 9.982715e-01 -3.195793e-02 -1.661304e+00 7.065881e-02 2.842922e-02 9.970953e-01 -2.776024e+01
9.966504e-01 4.942137e-02 6.515746e-02 5.896496e+01 -5.143247e-02 9.982390e-01 2.955687e-02 -1.675075e+00 -6.358198e-02 -3.280907e-02 9.974372e-01 -2.778138e+01
9.962723e-01 -5.143178e-02 -6.925568e-02 5.912521e+01 4.930577e-02 9.982688e-01 -3.206635e-02 -1.688933e+00 7.078501e-02 2.853211e-02 9.970834e-01 -2.780648e+01
9.965977e-01 5.011568e-02 6.543274e-02 5.925375e+01 -5.213328e-02 9.982043e-01 2.949917e-02 -1.702567e+00 -6.383687e-02 -3.281003e-02 9.974209e-01 -2.780977e+01
9.963346e-01 -5.066972e-02 -6.892036e-02 5.940385e+01 4.855376e-02 9.983066e-01 -3.203874e-02 -1.716756e+00 7.042704e-02 2.857496e-02 9.971076e-01 -2.782297e+01
9.968262e-01 4.765837e-02 6.376621e-02 5.960064e+01 -4.962306e-02 9.983296e-01 2.958935e-02 -1.731866e+00 -6.224951e-02 -3.265971e-02 9.975261e-01 -2.787331e+01
9.965793e-01 -4.805786e-02 -6.723184e-02 5.975609e+01 4.600096e-02 9.984346e-01 -3.181572e-02 -1.745760e+00 6.865560e-02 2.861416e-02 9.972300e-01 -2.789478e+01
9.969304e-01 4.595915e-02 6.338357e-02 5.986881e+01 -4.789267e-02 9.984218e-01 2.933012e-02 -1.758525e+00 -6.193555e-02 -3.227570e-02 9.975582e-01 -2.790042e+01
9.965597e-01 -4.815443e-02 -6.745238e-02 5.993502e+01 4.604791e-02 9.984122e-01 -3.244473e-02 -1.770513e+00 6.890764e-02 2.922707e-02 9.971948e-01 -2.786685e+01
9.968922e-01 4.628762e-02 6.374471e-02 6.002082e+01 -4.827282e-02 9.983847e-01 2.996238e-02 -1.782884e+00 -6.225485e-02 -3.294639e-02 9.975163e-01 -2.784937e+01
9.965327e-01 -4.843006e-02 -6.765364e-02 6.016558e+01 4.633851e-02 9.984083e-01 -3.215097e-02 -1.796441e+00 6.910303e-02 2.890452e-02 9.971907e-01 -2.786658e+01
9.968156e-01 4.753805e-02 6.402217e-02 6.027895e+01 -4.952936e-02 9.983255e-01 2.988326e-02 -1.809665e+00 -6.249438e-02 -3.295908e-02 9.975010e-01 -2.786409e+01
9.965352e-01 -4.851405e-02 -6.755755e-02 6.038671e+01 4.640436e-02 9.983953e-01 -3.245563e-02 -1.822684e+00 6.902370e-02 2.920821e-02 9.971873e-01 -2.786087e+01
9.968509e-01 4.720090e-02 6.372108e-02 6.048557e+01 -4.917942e-02 9.983439e-01 2.984599e-02 -1.835732e+00 -6.220680e-02 -3.288576e-02 9.975213e-01 -2.785362e+01
9.965771e-01 -4.845625e-02 -6.697780e-02 6.057033e+01 4.636269e-02 9.983969e-01 -3.246715e-02 -1.848100e+00 6.844367e-02 2.925075e-02 9.972261e-01 -2.783398e+01
9.969103e-01 4.691926e-02 6.299482e-02 6.066725e+01 -4.887978e-02 9.983555e-01 2.994948e-02 -1.860893e+00 -6.148602e-02 -3.293612e-02 9.975644e-01 -2.781510e+01
9.966331e-01 -4.759638e-02 -6.676145e-02 6.078831e+01 4.551751e-02 9.984405e-01 -3.232240e-02 -1.874185e+00 6.819577e-02 2.917476e-02 9.972453e-01 -2.781074e+01
9.969028e-01 4.711082e-02 6.297113e-02 6.092232e+01 -4.908664e-02 9.983377e-01 3.020583e-02 -1.887679e+00 -6.144343e-02 -3.320332e-02 9.975581e-01 -2.781852e+01
9.966137e-01 -4.845548e-02 -6.643182e-02 6.103841e+01 4.638005e-02 9.983971e-01 -3.243659e-02 -1.900564e+00 6.789707e-02 2.924564e-02 9.972636e-01 -2.781476e+01
9.969789e-01 4.634866e-02 6.232946e-02 6.110274e+01 -4.825949e-02 9.983989e-01 2.950835e-02 -1.912496e+00 -6.086199e-02 -3.242719e-02 9.976193e-01 -2.776160e+01
9.967180e-01 -4.716250e-02 -6.579414e-02 6.119972e+01 4.513476e-02 9.984691e-01 -3.197359e-02 -1.925242e+00 6.720137e-02 2.889905e-02 9.973208e-01 -2.774435e+01
9.970384e-01 4.636413e-02 6.135728e-02 6.131819e+01 -4.824278e-02 9.984000e-01 2.949868e-02 -1.939014e+00 -5.989142e-02 -3.237136e-02 9.976799e-01 -2.774453e+01
9.966984e-01 -4.814876e-02 -6.537649e-02 6.139273e+01 4.610482e-02 9.984103e-01 -3.242163e-02 -1.951163e+00 6.683362e-02 2.930042e-02 9.973338e-01 -2.769925e+01
9.970176e-01 4.668585e-02 6.145202e-02 6.151149e+01 -4.860959e-02 9.983615e-01 3.019050e-02 -1.964805e+00 -5.994186e-02 -3.308762e-02 9.976533e-01 -2.769996e+01
9.967610e-01 -4.747812e-02 -6.491031e-02 6.164408e+01 4.545244e-02 9.984430e-01 -3.233657e-02 -1.978434e+00 6.634452e-02 2.928150e-02 9.973670e-01 -2.771378e+01
9.971306e-01 4.572537e-02 6.033044e-02 6.183350e+01 -4.760630e-02 9.984121e-01 3.011636e-02 -1.993387e+00 -5.885756e-02 -3.290205e-02 9.977240e-01 -2.775788e+01
9.967765e-01 -4.715568e-02 -6.490759e-02 6.202415e+01 4.507652e-02 9.984339e-01 -3.313346e-02 -2.008046e+00 6.636837e-02 3.010085e-02 9.973411e-01 -2.779900e+01
9.971452e-01 4.540279e-02 6.033219e-02 6.219890e+01 -4.732425e-02 9.984043e-01 3.080958e-02 -2.022961e+00 -5.883707e-02 -3.357680e-02 9.977028e-01 -2.782692e+01
9.968916e-01 -4.676327e-02 -6.340578e-02 6.229493e+01 4.472901e-02 9.984496e-01 -3.313260e-02 -2.035032e+00 6.485686e-02 3.019353e-02 9.974377e-01 -2.778750e+01
9.972236e-01 4.474093e-02 5.952540e-02 6.238779e+01 -4.663623e-02 9.984357e-01 3.084068e-02 -2.047519e+00 -5.805245e-02 -3.353109e-02 9.977503e-01 -2.776575e+01
9.969744e-01 -4.476400e-02 -6.354676e-02 6.252390e+01 4.271943e-02 9.985361e-01 -3.317693e-02 -2.061361e+00 6.493886e-02 3.036187e-02 9.974272e-01 -2.777480e+01
9.973248e-01 4.240995e-02 5.953681e-02 6.267937e+01 -4.435197e-02 9.985134e-01 3.168488e-02 -2.075325e+00 -5.810455e-02 -3.424069e-02 9.977231e-01 -2.780007e+01
9.968787e-01 -4.496185e-02 -6.489480e-02 6.287136e+01 4.280878e-02 9.984979e-01 -3.419620e-02 -2.090407e+00 6.633484e-02 3.131139e-02 9.973060e-01 -2.785598e+01
9.972455e-01 4.365283e-02 5.996565e-02 6.309214e+01 -4.562735e-02 9.984471e-01 3.196207e-02 -2.104777e+00 -5.847730e-02 -3.461010e-02 9.976886e-01 -2.789934e+01
9.968658e-01 -4.581640e-02 -6.449444e-02 6.324852e+01 4.363266e-02 9.984389e-01 -3.487075e-02 -2.118575e+00 6.599141e-02 3.194739e-02 9.973086e-01 -2.791872e+01
9.973097e-01 4.287561e-02 5.945616e-02 6.342987e+01 -4.485771e-02 9.984674e-01 3.241250e-02 -2.133229e+00 -5.797533e-02 -3.499237e-02 9.977046e-01 -2.796694e+01
9.969876e-01 -4.462787e-02 -6.343588e-02 6.360589e+01 4.250780e-02 9.985042e-01 -3.438688e-02 -2.147285e+00 6.487560e-02 3.158678e-02 9.973933e-01 -2.799987e+01
9.973706e-01 4.264928e-02 5.859135e-02 6.376668e+01 -4.457759e-02 9.984930e-01 3.200768e-02 -2.161672e+00 -5.713795e-02 -3.453538e-02 9.977688e-01 -2.802593e+01
9.970123e-01 -4.508173e-02 -6.272320e-02 6.389725e+01 4.299733e-02 9.984898e-01 -3.419432e-02 -2.174847e+00 6.417002e-02 3.139522e-02 9.974450e-01 -2.803130e+01
9.973595e-01 4.298336e-02 5.853662e-02 6.403391e+01 -4.492453e-02 9.984694e-01 3.225915e-02 -2.188598e+00 -5.706042e-02 -3.480370e-02 9.977639e-01 -2.804681e+01
9.969813e-01 -4.521685e-02 -6.311663e-02 6.419730e+01 4.305001e-02 9.984498e-01 -3.527927e-02 -2.202693e+00 6.461401e-02 3.245561e-02 9.973824e-01 -2.808181e+01
9.974138e-01 4.194585e-02 5.836377e-02 6.436245e+01 -4.390773e-02 9.984987e-01 3.274796e-02 -2.216498e+00 -5.690251e-02 -3.522589e-02 9.977581e-01 -2.812221e+01
9.969747e-01 -4.488821e-02 -6.345480e-02 6.451198e+01 4.268941e-02 9.984542e-01 -3.559316e-02 -2.230692e+00 6.495442e-02 3.277663e-02 9.973498e-01 -2.814823e+01
9.974133e-01 4.190831e-02 5.839907e-02 6.469142e+01 -4.389055e-02 9.984884e-01 3.308376e-02 -2.245055e+00 -5.692431e-02 -3.556135e-02 9.977450e-01 -2.818443e+01
9.970787e-01 -4.202617e-02 -6.377937e-02 6.489098e+01 3.978702e-02 9.985601e-01 -3.598134e-02 -2.259728e+00 6.519969e-02 3.333864e-02 9.973152e-01 -2.823244e+01
9.973853e-01 4.302924e-02 5.806081e-02 6.508829e+01 -4.502458e-02 9.984238e-01 3.350699e-02 -2.274192e+00 -5.652752e-02 -3.603355e-02 9.977506e-01 -2.827586e+01
9.970906e-01 -4.216102e-02 -6.350456e-02 6.528397e+01 3.987882e-02 9.985271e-01 -3.678679e-02 -2.288559e+00 6.496199e-02 3.414727e-02 9.973033e-01 -2.831482e+01
9.974224e-01 4.273999e-02 5.763544e-02 6.550233e+01 -4.474766e-02 9.984194e-01 3.400473e-02 -2.303319e+00 -5.609098e-02 -3.649613e-02 9.977584e-01 -2.838570e+01
9.969008e-01 -4.606327e-02 -6.377276e-02 6.575052e+01 4.377457e-02 9.983622e-01 -3.683287e-02 -2.318193e+00 6.536496e-02 3.392709e-02 9.972845e-01 -2.848367e+01
9.972116e-01 4.466868e-02 5.978124e-02 6.586247e+01 -4.678611e-02 9.983089e-01 3.450095e-02 -2.330558e+00 -5.813903e-02 -3.720168e-02 9.976151e-01 -2.848939e+01
9.966822e-01 -4.729479e-02 -6.624084e-02 6.610972e+01 4.484048e-02 9.982688e-01 -3.806123e-02 -2.345885e+00 6.792626e-02 3.496468e-02 9.970775e-01 -2.859455e+01
9.973485e-01 4.272021e-02 5.891395e-02 6.640565e+01 -4.483996e-02 9.983760e-01 3.514000e-02 -2.361844e+00 -5.731709e-02 -3.768852e-02 9.976444e-01 -2.872676e+01
9.964763e-01 -4.997431e-02 -6.736124e-02 6.661447e+01 4.741939e-02 9.981131e-01 -3.900938e-02 -2.377015e+00 6.918360e-02 3.567769e-02 9.969658e-01 -2.879557e+01
9.979802e-01 3.249128e-02 5.458822e-02 6.693975e+01 -3.404376e-02 9.990349e-01 2.775479e-02 -2.392775e+00 -5.363375e-02 -2.955712e-02 9.981231e-01 -2.894155e+01
9.973791e-01 -3.586729e-02 -6.283751e-02 6.725873e+01 3.403186e-02 9.989692e-01 -3.004035e-02 -2.408826e+00 6.385020e-02 2.782313e-02 9.975716e-01 -2.908955e+01
9.979489e-01 3.160719e-02 5.566818e-02 6.753159e+01 -3.321730e-02 9.990491e-01 2.823945e-02 -2.423485e+00 -5.472268e-02 -3.003068e-02 9.980499e-01 -2.920245e+01
9.975126e-01 -3.363395e-02 -6.194712e-02 6.775777e+01 3.181473e-02 9.990397e-01 -3.012342e-02 -2.437338e+00 6.290081e-02 2.807766e-02 9.976247e-01 -2.926922e+01
9.978007e-01 3.239335e-02 5.783137e-02 6.786919e+01 -3.410052e-02 9.990039e-01 2.878091e-02 -2.449071e+00 -5.684146e-02 -3.068969e-02 9.979114e-01 -2.923895e+01
9.976830e-01 -3.377592e-02 -5.905770e-02 6.784660e+01 3.201883e-02 9.990233e-01 -3.044975e-02 -2.456756e+00 6.002849e-02 2.848824e-02 9.977901e-01 -2.904818e+01
9.977831e-01 3.159947e-02 5.856873e-02 6.779215e+01 -3.328134e-02 9.990547e-01 2.796640e-02 -2.463118e+00 -5.762964e-02 -2.985365e-02 9.978916e-01 -2.878481e+01
9.975767e-01 -3.371903e-02 -6.085882e-02 6.775702e+01 3.192021e-02 9.990313e-01 -3.029152e-02 -2.470540e+00 6.182127e-02 2.827549e-02 9.976866e-01 -2.857682e+01
9.976061e-01 3.156557e-02 6.152813e-02 6.766645e+01 -3.330345e-02 9.990689e-01 2.742726e-02 -2.475080e+00 -6.060509e-02 -2.941070e-02 9.977284e-01 -2.824268e+01
9.975284e-01 -3.382766e-02 -6.158509e-02 6.759995e+01 3.202827e-02 9.990374e-01 -2.997474e-02 -2.480502e+00 6.253978e-02 2.792819e-02 9.976516e-01 -2.795557e+01
9.977577e-01 3.143956e-02 5.908575e-02 6.760124e+01 -3.312396e-02 9.990660e-01 2.774776e-02 -2.489552e+00 -5.815819e-02 -2.964270e-02 9.978672e-01 -2.780849e+01
9.975442e-01 -3.363907e-02 -6.143246e-02 6.757999e+01 3.184469e-02 9.990437e-01 -2.995841e-02 -2.497652e+00 6.238149e-02 2.792854e-02 9.976615e-01 -2.763180e+01
9.974179e-01 3.926768e-02 6.012972e-02 6.763082e+01 -4.101246e-02 9.987645e-01 2.806261e-02 -2.505467e+00 -5.895347e-02 -3.045621e-02 9.977960e-01 -2.742802e+01
9.969484e-01 -4.278353e-02 -6.529540e-02 6.779225e+01 4.083543e-02 9.986885e-01 -3.088428e-02 -2.518551e+00 6.653110e-02 2.812367e-02 9.973879e-01 -2.733389e+01
9.972752e-01 4.091906e-02 6.138187e-02 6.784640e+01 -4.271599e-02 9.986877e-01 2.825332e-02 -2.529885e+00 -6.014522e-02 -3.079832e-02 9.977144e-01 -2.727111e+01
9.970686e-01 -4.327937e-02 -6.309612e-02 6.781500e+01 4.135900e-02 9.986499e-01 -3.143100e-02 -2.537613e+00 6.437125e-02 2.872927e-02 9.975124e-01 -2.708719e+01
9.974031e-01 4.119079e-02 5.908002e-02 6.792168e+01 -4.293156e-02 9.986713e-01 2.850372e-02 -2.549315e+00 -5.782743e-02 -3.096610e-02 9.978462e-01 -2.702619e+01
9.969670e-01 -4.353146e-02 -6.451173e-02 6.810934e+01 4.162844e-02 9.986658e-01 -3.055565e-02 -2.561914e+00 6.575580e-02 2.777745e-02 9.974490e-01 -2.702160e+01
9.972394e-01 4.140804e-02 6.163535e-02 6.811267e+01 -4.316437e-02 9.986910e-01 2.744154e-02 -2.571270e+00 -6.041838e-02 -3.002623e-02 9.977214e-01 -2.690976e+01
9.968900e-01 -4.340822e-02 -6.577303e-02 6.816826e+01 4.148893e-02 9.986803e-01 -3.027133e-02 -2.583120e+00 6.700026e-02 2.744834e-02 9.973753e-01 -2.686690e+01
9.972215e-01 4.123410e-02 6.204127e-02 6.820071e+01 -4.300613e-02 9.986962e-01 2.750267e-02 -2.593877e+00 -6.082634e-02 -3.009440e-02 9.976946e-01 -2.678839e+01
9.971260e-01 -4.317235e-02 -6.225652e-02 6.813144e+01 4.131699e-02 9.986716e-01 -3.078790e-02 -2.600027e+00 6.350301e-02 2.812716e-02 9.975852e-01 -2.650743e+01
9.972124e-01 4.065000e-02 6.256997e-02 6.806626e+01 -4.241019e-02 9.987336e-01 2.706487e-02 -2.605580e+00 -6.139055e-02 -2.964303e-02 9.976735e-01 -2.623060e+01
9.969090e-01 -4.306686e-02 -6.570945e-02 6.808108e+01 4.115675e-02 9.986977e-01 -3.015152e-02 -2.615529e+00 6.692240e-02 2.735394e-02 9.973832e-01 -2.613266e+01
9.970773e-01 4.101451e-02 6.445597e-02 6.803361e+01 -4.282611e-02 9.987182e-01 2.697977e-02 -2.622765e+00 -6.326679e-02 -2.966132e-02 9.975558e-01 -2.591295e+01
9.971782e-01 -4.342995e-02 -6.123271e-02 6.789892e+01 4.160309e-02 9.986593e-01 -3.080110e-02 -2.624460e+00 6.248831e-02 2.816671e-02 9.976482e-01 -2.546362e+01
9.971421e-01 4.088739e-02 6.352884e-02 6.780015e+01 -4.268704e-02 9.987173e-01 2.723331e-02 -2.627667e+00 -6.233385e-02 -2.986734e-02 9.976084e-01 -2.507970e+01
9.959032e-01 -6.428924e-02 -6.359013e-02 6.851041e+01 6.270463e-02 9.976773e-01 -2.661065e-02 -2.644073e+00 6.515321e-02 2.251424e-02 9.976213e-01 -2.543109e+01
9.963215e-01 6.772369e-02 5.250759e-02 6.893494e+01 -6.819395e-02 9.976460e-01 7.214669e-03 -2.657331e+00 -5.189538e-02 -1.076883e-02 9.985945e-01 -2.532332e+01
9.965363e-01 -6.909738e-02 -4.627118e-02 6.873552e+01 6.861059e-02 9.975710e-01 -1.202900e-02 -2.655141e+00 4.698996e-02 8.812645e-03 9.988565e-01 -2.468520e+01
9.963870e-01 6.820350e-02 5.060796e-02 6.856864e+01 -6.865461e-02 9.976143e-01 7.227682e-03 -2.655137e+00 -4.999427e-02 -1.067604e-02 9.986924e-01 -2.413443e+01
9.966979e-01 -6.917016e-02 -4.253046e-02 6.832226e+01 6.873256e-02 9.975669e-01 -1.166850e-02 -2.650499e+00 4.323409e-02 8.706736e-03 9.990270e-01 -2.339618e+01
9.962695e-01 6.841144e-02 5.260227e-02 6.802838e+01 -6.883573e-02 9.976081e-01 6.294893e-03 -2.642847e+00 -5.204581e-02 -9.892326e-03 9.985957e-01 -2.250658e+01
9.960529e-01 -7.174197e-02 -5.226513e-02 6.791743e+01 7.127319e-02 9.973986e-01 -1.078103e-02 -2.647023e+00 5.290261e-02 7.013370e-03 9.985750e-01 -2.212188e+01
9.962401e-01 7.098403e-02 4.966736e-02 6.787854e+01 -7.140700e-02 9.974241e-01 6.791856e-03 -2.654852e+00 -4.905731e-02 -1.031292e-02 9.987427e-01 -2.192597e+01
9.963847e-01 -7.207575e-02 -4.497284e-02 6.770289e+01 7.163285e-02 9.973661e-01 -1.138532e-02 -2.654254e+00 4.567499e-02 8.122624e-03 9.989233e-01 -2.137690e+01
9.961541e-01 7.157114e-02 5.054252e-02 6.749820e+01 -7.197690e-02 9.973867e-01 6.251750e-03 -2.652207e+00 -4.996299e-02 -9.865600e-03 9.987023e-01 -2.076093e+01
9.964501e-01 -7.252719e-02 -4.274320e-02 6.725024e+01 7.212696e-02 9.973366e-01 -1.083454e-02 -2.647302e+00 4.341516e-02 7.713139e-03 9.990273e-01 -2.001464e+01
9.960627e-01 7.153435e-02 5.236353e-02 6.696490e+01 -7.192428e-02 9.973944e-01 5.598004e-03 -2.640515e+00 -5.182664e-02 -9.342172e-03 9.986124e-01 -1.915187e+01
9.961594e-01 -7.282270e-02 -4.861409e-02 6.682284e+01 7.239108e-02 9.973202e-01 -1.058328e-02 -2.641371e+00 4.925451e-02 7.023409e-03 9.987616e-01 -1.867328e+01
9.964336e-01 7.206316e-02 4.389672e-02 6.684383e+01 -7.245149e-02 9.973451e-01 7.318672e-03 -2.652207e+00 -4.325277e-02 -1.047295e-02 9.990093e-01 -1.858700e+01
9.963319e-01 -7.181283e-02 -4.653720e-02 6.686884e+01 7.140805e-02 9.973940e-01 -1.030497e-02 -2.662554e+00 4.715596e-02 6.944039e-03 9.988634e-01 -1.844957e+01
9.965355e-01 7.053285e-02 4.406939e-02 6.690610e+01 -7.091465e-02 9.974567e-01 7.159194e-03 -2.670946e+00 -4.345235e-02 -1.025956e-02 9.990028e-01 -1.822482e+01
9.965043e-01 -7.109908e-02 -4.386472e-02 6.678926e+01 7.070799e-02 9.974428e-01 -1.040575e-02 -2.674217e+00 4.449239e-02 7.267792e-03 9.989833e-01 -1.781136e+01
9.964547e-01 6.955131e-02 4.733528e-02 6.665871e+01 -6.990078e-02 9.975373e-01 5.765942e-03 -2.674833e+00 -4.681767e-02 -9.054272e-03 9.988624e-01 -1.729989e+01
9.967355e-01 -6.976600e-02 -4.063191e-02 6.641886e+01 6.944677e-02 9.975431e-01 -9.217482e-03 -2.668977e+00 4.117514e-02 6.365636e-03 9.991317e-01 -1.655653e+01
9.962850e-01 6.831979e-02 5.242748e-02 6.612008e+01 -6.859192e-02 9.976390e-01 3.406916e-03 -2.661525e+00 -5.207094e-02 -6.990360e-03 9.986189e-01 -1.564100e+01
9.961452e-01 -6.912968e-02 -5.399923e-02 6.607233e+01 6.880127e-02 9.975990e-01 -7.919391e-03 -2.668577e+00 5.441704e-02 4.173647e-03 9.985096e-01 -1.540967e+01
9.959244e-01 6.922782e-02 5.781037e-02 6.590052e+01 -6.949531e-02 9.975788e-01 2.626899e-03 -2.668885e+00 -5.748854e-02 -6.633741e-03 9.983241e-01 -1.482197e+01
9.961951e-01 -6.994720e-02 -5.198824e-02 6.567524e+01 6.965457e-02 9.975436e-01 -7.421679e-03 -2.666309e+00 5.237965e-02 3.772221e-03 9.986201e-01 -1.412432e+01
9.960778e-01 6.863423e-02 5.584190e-02 6.552775e+01 -6.886058e-02 9.976240e-01 2.136999e-03 -2.667223e+00 -5.556255e-02 -5.973922e-03 9.984373e-01 -1.356171e+01
9.961884e-01 -6.929783e-02 -5.297537e-02 6.539142e+01 6.906074e-02 9.975926e-01 -6.295166e-03 -2.668460e+00 5.328408e-02 2.612653e-03 9.985760e-01 -1.302686e+01
9.960782e-01 6.823644e-02 5.632107e-02 6.524306e+01 -6.839801e-02 9.976577e-01 9.438815e-04 -2.668950e+00 -5.612475e-02 -4.792429e-03 9.984123e-01 -1.253972e+01
9.960303e-01 -6.885718e-02 -5.641301e-02 6.515501e+01 6.864791e-02 9.976250e-01 -5.641462e-03 -2.673778e+00 5.666749e-02 1.746431e-03 9.983916e-01 -1.220887e+01
9.957005e-01 6.840350e-02 6.246202e-02 6.494252e+01 -6.853979e-02 9.976484e-01 3.935310e-05 -2.670794e+00 -6.231244e-02 -4.320317e-03 9.980473e-01 -1.150187e+01
9.962405e-01 -6.943747e-02 -5.180104e-02 6.463649e+01 6.924687e-02 9.975846e-01 -5.467232e-03 -2.662528e+00 5.205555e-02 1.859618e-03 9.986425e-01 -1.058344e+01
9.960628e-01 6.874382e-02 5.597504e-02 6.446049e+01 -6.886152e-02 9.976262e-01 1.742373e-04 -2.661718e+00 -5.583019e-02 -4.028077e-03 9.984322e-01 -1.000808e+01
9.963911e-01 -6.945952e-02 -4.878679e-02 6.422007e+01 6.930239e-02 9.975836e-01 -4.906840e-03 -2.657220e+00 4.900973e-02 1.508090e-03 9.987972e-01 -9.249740e+00
9.960078e-01 6.878796e-02 5.689137e-02 6.398247e+01 -6.884920e-02 9.976267e-01 -8.852486e-04 -2.652011e+00 -5.681724e-02 -3.035210e-03 9.983800e-01 -8.527764e+00
9.957881e-01 -6.927270e-02 -6.006158e-02 6.395365e+01 6.917567e-02 9.975976e-01 -3.695691e-03 -2.660272e+00 6.017331e-02 -4.746759e-04 9.981878e-01 -8.344734e+00
9.950482e-01 8.735778e-02 4.741024e-02 6.418337e+01 -8.748146e-02 9.961660e-01 5.359628e-04 -2.669329e+00 -4.718165e-02 -4.680826e-03 9.988754e-01 -7.940465e+00
9.947031e-01 -8.764552e-02 -5.370225e-02 6.435191e+01 8.743223e-02 9.961505e-01 -6.312877e-03 -2.682008e+00 5.404881e-02 1.584132e-03 9.985370e-01 -7.480986e+00
9.975122e-01 6.503026e-02 2.721161e-02 6.552200e+01 -6.517286e-02 9.978643e-01 4.386004e-03 -2.713370e+00 -2.686827e-02 -6.148550e-03 9.996201e-01 -7.959119e+00
9.958087e-01 -8.689647e-02 -2.852971e-02 6.678832e+01 8.758872e-02 9.958680e-01 2.398216e-02 -2.737345e+00 2.632786e-02 -2.638053e-02 9.993052e-01 -8.746138e+00
9.967429e-01 7.946629e-02 1.373536e-02 6.746722e+01 -7.911462e-02 9.965647e-01 -2.448875e-02 -2.755655e+00 -1.563421e-02 2.332232e-02 9.996057e-01 -8.701260e+00
9.942050e-01 -1.014224e-01 -3.563461e-02 6.848695e+01 1.022113e-01 9.945398e-01 2.105636e-02 -2.782789e+00 3.330445e-02 -2.457660e-02 9.991430e-01 -9.058651e+00
9.973870e-01 7.164032e-02 9.318102e-03 6.943812e+01 -7.147252e-02 9.972935e-01 -1.724193e-02 -2.805182e+00 -1.052810e-02 1.653088e-02 9.998079e-01 -9.311307e+00
9.974825e-01 -6.659301e-02 -2.437257e-02 6.990162e+01 6.690647e-02 9.976837e-01 1.227917e-02 -2.823858e+00 2.349840e-02 -1.387894e-02 9.996275e-01 -9.122899e+00
9.970301e-01 7.172933e-02 2.803460e-02 6.982219e+01 -7.133642e-02 9.973429e-01 -1.477389e-02 -2.821361e+00 -2.901983e-02 1.273013e-02 9.994978e-01 -8.155871e+00
9.969993e-01 -6.956193e-02 -3.396377e-02 7.000738e+01 6.982795e-02 9.975365e-01 6.708571e-03 -2.831425e+00 3.341344e-02 -9.060061e-03 9.994005e-01 -7.603836e+00
9.971435e-01 6.934267e-02 2.994157e-02 6.999843e+01 -6.909433e-02 9.975672e-01 -9.251950e-03 -2.840221e+00 -3.051028e-02 7.156729e-03 9.995088e-01 -7.436587e+00
9.973775e-01 -6.843154e-02 -2.356261e-02 6.974964e+01 6.859599e-02 9.976250e-01 6.242287e-03 -2.835722e+00 2.307948e-02 -7.842218e-03 9.997029e-01 -6.663156e+00
9.970890e-01 6.777269e-02 3.493426e-02 6.940767e+01 -6.743351e-02 9.976653e-01 -1.079891e-02 -2.825586e+00 -3.558457e-02 8.411731e-03 9.993313e-01 -5.682313e+00
9.973105e-01 -6.809129e-02 -2.711853e-02 6.914713e+01 6.831250e-02 9.976372e-01 7.314848e-03 -2.820008e+00 2.655638e-02 -9.147709e-03 9.996055e-01 -4.892781e+00
9.970516e-01 6.771763e-02 3.609037e-02 6.885365e+01 -6.734362e-02 9.976638e-01 -1.148134e-02 -2.812803e+00 -3.678354e-02 9.017030e-03 9.992826e-01 -4.035187e+00
9.973299e-01 -6.804395e-02 -2.651442e-02 6.854875e+01 6.827715e-02 9.976344e-01 7.990323e-03 -2.804922e+00 2.590801e-02 -9.779318e-03 9.996165e-01 -3.152615e+00
9.971137e-01 6.752535e-02 3.470715e-02 6.827569e+01 -6.714055e-02 9.976697e-01 -1.213672e-02 -2.798352e+00 -3.544581e-02 9.771429e-03 9.993238e-01 -2.335649e+00
9.973512e-01 -6.778291e-02 -2.638427e-02 6.800203e+01 6.803625e-02 9.976438e-01 8.824495e-03 -2.792061e+00 2.572395e-02 -1.059621e-02 9.996129e-01 -1.506947e+00
9.971752e-01 6.722279e-02 3.350718e-02 6.775383e+01 -6.682424e-02 9.976817e-01 -1.287706e-02 -2.786984e+00 -3.429513e-02 1.060159e-02 9.993555e-01 -7.577939e-01
9.972813e-01 -6.741035e-02 -2.976217e-02 6.756636e+01 6.772035e-02 9.976588e-01 9.532435e-03 -2.785849e+00 2.904991e-02 -1.152202e-02 9.995116e-01 -1.168979e-01
9.969911e-01 6.704642e-02 3.890448e-02 6.728487e+01 -6.656036e-02 9.976889e-01 -1.365863e-02 -2.778852e+00 -3.973033e-02 1.102804e-02 9.991496e-01 8.095327e-01
9.973295e-01 -6.751295e-02 -2.785509e-02 6.695680e+01 6.780900e-02 9.976500e-01 9.823055e-03 -2.768933e+00 2.712645e-02 -1.168565e-02 9.995637e-01 1.767191e+00
9.969255e-01 6.715864e-02 4.036399e-02 6.658823e+01 -6.662176e-02 9.976729e-01 -1.450344e-02 -2.756968e+00 -4.124409e-02 1.176973e-02 9.990798e-01 2.836564e+00
9.974537e-01 -6.740659e-02 -2.328913e-02 6.613911e+01 6.767202e-02 9.976491e-01 1.080257e-02 -2.739623e+00 2.250621e-02 -1.235108e-02 9.996704e-01 4.160250e+00
9.970441e-01 6.702130e-02 3.756534e-02 6.577302e+01 -6.647916e-02 9.976674e-01 -1.550106e-02 -2.725730e+00 -3.851661e-02 1.295793e-02 9.991739e-01 5.276185e+00
9.974164e-01 -6.709523e-02 -2.566494e-02 6.555366e+01 6.742001e-02 9.976525e-01 1.200503e-02 -2.717413e+00 2.479921e-02 -1.370435e-02 9.995985e-01 6.319200e+00
9.968914e-01 6.635756e-02 4.247534e-02 6.524867e+01 -6.568760e-02 9.976957e-01 -1.698052e-02 -2.703087e+00 -4.350426e-02 1.413763e-02 9.989532e-01 7.737396e+00
9.972424e-01 -6.700147e-02 -3.191266e-02 6.502165e+01 6.745723e-02 9.976318e-01 1.342455e-02 -2.696883e+00 3.093762e-02 -1.554027e-02 9.994005e-01 8.932240e+00
9.965965e-01 6.656647e-02 4.862367e-02 6.456524e+01 -6.573010e-02 9.976640e-01 -1.860368e-02 -2.680833e+00 -4.974847e-02 1.534433e-02 9.986439e-01 1.026668e+01
9.972057e-01 -6.680227e-02 -3.343972e-02 6.412201e+01 6.729849e-02 9.976355e-01 1.393939e-02 -2.664457e+00 3.242947e-02 -1.615088e-02 9.993435e-01 1.152549e+01
9.969888e-01 6.664208e-02 3.964997e-02 6.388045e+01 -6.596252e-02 9.976559e-01 -1.820880e-02 -2.659618e+00 -4.077050e-02 1.553856e-02 9.990477e-01 1.227342e+01
9.973001e-01 -6.605389e-02 -3.208512e-02 6.361067e+01 6.655788e-02 9.976713e-01 1.490116e-02 -2.653179e+00 3.102613e-02 -1.699645e-02 9.993741e-01 1.321809e+01
9.966924e-01 6.548076e-02 4.813046e-02 6.322414e+01 -6.453585e-02 9.976958e-01 -2.093255e-02 -2.638576e+00 -4.939023e-02 1.775717e-02 9.986217e-01 1.465672e+01
9.969897e-01 -6.522923e-02 -4.191248e-02 6.306995e+01 6.596010e-02 9.976892e-01 1.629696e-02 -2.636765e+00 4.075259e-02 -1.901246e-02 9.989884e-01 1.556170e+01
9.972028e-01 6.533317e-02 3.630661e-02 6.308024e+01 -6.467384e-02 9.977246e-01 -1.904827e-02 -2.646578e+00 -3.746849e-02 1.664690e-02 9.991591e-01 1.574808e+01
9.975271e-01 -6.428902e-02 -2.840071e-02 6.279106e+01 6.476891e-02 9.977670e-01 1.631234e-02 -2.639648e+00 2.728858e-02 -1.811149e-02 9.994635e-01 1.672772e+01
9.970940e-01 6.398876e-02 4.133979e-02 6.243657e+01 -6.313917e-02 9.977722e-01 -2.154134e-02 -2.627180e+00 -4.262610e-02 1.886859e-02 9.989129e-01 1.792447e+01
9.971113e-01 -6.363114e-02 -4.147347e-02 6.232388e+01 6.443994e-02 9.977508e-01 1.846410e-02 -2.630282e+00 4.020529e-02 -2.108331e-02 9.989690e-01 1.842968e+01
9.970602e-01 6.376238e-02 4.248802e-02 6.219498e+01 -6.285204e-02 9.977708e-01 -2.242917e-02 -2.631763e+00 -4.382344e-02 1.969277e-02 9.988452e-01 1.897073e+01
9.974204e-01 -6.314780e-02 -3.413126e-02 6.191296e+01 6.381674e-02 9.977831e-01 1.887730e-02 -2.624185e+00 3.286353e-02 -2.100675e-02 9.992391e-01 1.998679e+01
9.970515e-01 6.317159e-02 4.356198e-02 6.161679e+01 -6.220023e-02 9.977915e-01 -2.330574e-02 -2.615056e+00 -4.493804e-02 2.052746e-02 9.987789e-01 2.104272e+01
9.975053e-01 -6.268872e-02 -3.245487e-02 6.128898e+01 6.335907e-02 9.977893e-01 2.005472e-02 -2.604479e+00 3.112592e-02 -2.206100e-02 9.992720e-01 2.228702e+01
9.970553e-01 6.285399e-02 4.393210e-02 6.093492e+01 -6.181852e-02 9.977856e-01 -2.454510e-02 -2.592285e+00 -4.537757e-02 2.175700e-02 9.987330e-01 2.352253e+01
9.974512e-01 -6.230019e-02 -3.478298e-02 6.065193e+01 6.305417e-02 9.977888e-01 2.101669e-02 -2.583640e+00 3.339672e-02 -2.315633e-02 9.991739e-01 2.465813e+01
9.971992e-01 6.258810e-02 4.094400e-02 6.043431e+01 -6.160601e-02 9.977918e-01 -2.482486e-02 -2.579331e+00 -4.240732e-02 2.223294e-02 9.988530e-01 2.561031e+01
9.974161e-01 -6.208822e-02 -3.614167e-02 6.025095e+01 6.289745e-02 9.977840e-01 2.170049e-02 -2.576406e+00 3.471424e-02 -2.391764e-02 9.991110e-01 2.652963e+01
9.971171e-01 6.239229e-02 4.318225e-02 5.999785e+01 -6.130750e-02 9.977801e-01 -2.600655e-02 -2.571611e+00 -4.470899e-02 2.328418e-02 9.987287e-01 2.739758e+01
9.974253e-01 -6.208069e-02 -3.589947e-02 5.972609e+01 6.289690e-02 9.977759e-01 2.207114e-02 -2.564467e+00 3.444943e-02 -2.427228e-02 9.991117e-01 2.827371e+01
9.972791e-01 6.224409e-02 3.949899e-02 5.954268e+01 -6.125978e-02 9.977920e-01 -2.566027e-02 -2.562650e+00 -4.100897e-02 2.317075e-02 9.988901e-01 2.897221e+01
9.977487e-01 -6.170027e-02 -2.627832e-02 5.918017e+01 6.229545e-02 9.978049e-01 2.246651e-02 -2.551310e+00 2.483445e-02 -2.405295e-02 9.994022e-01 3.013490e+01
9.973067e-01 6.182498e-02 3.945956e-02 5.881415e+01 -6.079773e-02 9.977923e-01 -2.672379e-02 -2.538824e+00 -4.102464e-02 2.425277e-02 9.988637e-01 3.132208e+01
9.975892e-01 -6.188000e-02 -3.141158e-02 5.853443e+01 6.261199e-02 9.977757e-01 2.287935e-02 -2.531026e+00 2.992594e-02 -2.479093e-02 9.992446e-01 3.222206e+01
9.972426e-01 6.260827e-02 3.984299e-02 5.825804e+01 -6.157514e-02 9.977466e-01 -2.665048e-02 -2.524258e+00 -4.142175e-02 2.412366e-02 9.988505e-01 3.322376e+01
9.975326e-01 -6.240070e-02 -3.216935e-02 5.799245e+01 6.315010e-02 9.977429e-01 2.282996e-02 -2.518217e+00 3.067213e-02 -2.480513e-02 9.992217e-01 3.407854e+01
9.973946e-01 6.289826e-02 3.532424e-02 5.781492e+01 -6.199353e-02 9.977339e-01 -2.614965e-02 -2.517260e+00 -3.688896e-02 2.389165e-02 9.990337e-01 3.473790e+01
9.977866e-01 -6.271588e-02 -2.210315e-02 5.745665e+01 6.321904e-02 9.977380e-01 2.285146e-02 -2.506063e+00 2.062001e-02 -2.419822e-02 9.994945e-01 3.585459e+01
9.974744e-01 6.333636e-02 3.214629e-02 5.715652e+01 -6.249150e-02 9.976899e-01 -2.663976e-02 -2.498289e+00 -3.375929e-02 2.456361e-02 9.991281e-01 3.684381e+01
9.978206e-01 -6.339512e-02 -1.830588e-02 5.675573e+01 6.381062e-02 9.976950e-01 2.308282e-02 -2.484327e+00 1.680035e-02 -2.420062e-02 9.995659e-01 3.801452e+01
9.977222e-01 6.489117e-02 1.842607e-02 5.665120e+01 -6.442880e-02 9.976174e-01 -2.466728e-02 -2.487242e+00 -1.998286e-02 2.342393e-02 9.995259e-01 3.843974e+01
9.977358e-01 -6.486743e-02 -1.776459e-02 5.651554e+01 6.526950e-02 9.976009e-01 2.307414e-02 -2.489439e+00 1.622521e-02 -2.418138e-02 9.995759e-01 3.900997e+01
9.974524e-01 6.513639e-02 2.908673e-02 5.615418e+01 -6.437199e-02 9.975744e-01 -2.648638e-02 -2.477426e+00 -3.074141e-02 2.454653e-02 9.992259e-01 4.020649e+01
9.976748e-01 -6.520410e-02 -1.983378e-02 5.587721e+01 6.566555e-02 9.975631e-01 2.357954e-02 -2.468980e+00 1.824797e-02 -2.482711e-02 9.995252e-01 4.119738e+01
9.975225e-01 6.510036e-02 2.666167e-02 5.563557e+01 -6.439866e-02 9.975754e-01 -2.638283e-02 -2.462662e+00 -2.831456e-02 2.460049e-02 9.992963e-01 4.224285e+01
9.978921e-01 -6.261600e-02 -1.704571e-02 5.536211e+01 6.302116e-02 9.977146e-01 2.437141e-02 -2.455518e+00 1.548072e-02 -2.539428e-02 9.995576e-01 4.325872e+01
9.978389e-01 6.284029e-02 1.920175e-02 5.522874e+01 -6.231810e-02 9.976997e-01 -2.668022e-02 -2.456800e+00 -2.083417e-02 2.542594e-02 9.994596e-01 4.386136e+01
9.978945e-01 -6.294017e-02 -1.565339e-02 5.503888e+01 6.331553e-02 9.976862e-01 2.476661e-02 -2.454376e+00 1.405836e-02 -2.570556e-02 9.995707e-01 4.462289e+01
9.975837e-01 6.317012e-02 2.891921e-02 5.468733e+01 -6.234845e-02 9.976479e-01 -2.848427e-02 -2.442704e+00 -3.065055e-02 2.661238e-02 9.991758e-01 4.585097e+01
