9.998865e-01 1.514309e-03 1.498659e-02 -3.591749e-01 -1.485138e-03 9.999970e-01 -1.957372e-03 1.695769e-02 -1.498951e-02 1.934892e-03 9.998858e-01 1.174029e+00
9.999205e-01 -4.154834e-03 -1.190484e-02 -5.834428e-01 4.164697e-03 9.999910e-01 8.038058e-04 2.609481e-02 1.190139e-02 -8.533212e-04 9.999288e-01 1.910564e+00
9.999563e-01 3.319524e-03 8.740353e-03 -6.088237e-01 -3.311560e-03 9.999941e-01 -9.255114e-04 2.028914e-02 -8.743374e-03 8.965261e-04 9.999614e-01 2.191496e+00
9.998945e-01 -3.840000e-03 -1.401208e-02 -5.895941e-01 3.855129e-03 9.999920e-01 1.052833e-03 1.127509e-02 1.400792e-02 -1.106739e-03 9.999013e-01 2.353569e+00
9.999052e-01 5.733051e-03 1.252004e-02 -6.193187e-01 -5.709777e-03 9.999819e-01 -1.893936e-03 5.961895e-03 -1.253067e-02 1.822269e-03 9.999198e-01 2.686137e+00
9.999337e-01 -4.062981e-03 -1.077072e-02 -7.156683e-01 4.075740e-03 9.999910e-01 1.162947e-03 5.119934e-03 1.076590e-02 -1.206768e-03 9.999413e-01 3.207433e+00
9.995757e-01 4.766384e-03 2.873491e-02 -1.097820e+00 -4.653738e-03 9.999812e-01 -3.985771e-03 2.703494e-02 -2.875336e-02 3.850355e-03 9.995791e-01 4.591475e+00
9.999694e-01 -2.526154e-03 -7.405479e-03 -1.597656e+00 2.534286e-03 9.999962e-01 1.088890e-03 6.081506e-02 7.402701e-03 -1.107623e-03 9.999720e-01 6.188953e+00
9.999639e-01 -8.488450e-03 -3.468702e-04 -1.760642e+00 8.488200e-03 9.999637e-01 -7.152466e-04 6.682431e-02 3.529287e-04 7.122758e-04 9.999997e-01 6.779194e+00
9.999509e-01 9.070317e-03 -3.980427e-03 -1.704103e+00 -9.066440e-03 9.999584e-01 9.911895e-04 5.672705e-02 3.989253e-03 -9.550519e-04 9.999916e-01 6.938139e+00
9.998756e-01 -5.704208e-03 1.470767e-02 -1.889638e+00 5.726134e-03 9.999826e-01 -1.449080e-03 6.306687e-02 -1.469915e-02 1.533117e-03 9.998908e-01 7.829454e+00
9.999493e-01 8.923769e-03 4.667674e-03 -2.290451e+00 -8.923195e-03 9.999602e-01 -1.437265e-04 8.571422e-02 -4.668770e-03 1.020693e-04 9.999891e-01 9.233787e+00
9.999681e-01 -7.979801e-03 -4.379003e-04 -2.425269e+00 7.979658e-03 9.999681e-01 -3.258202e-04 8.920867e-02 4.404860e-04 3.223148e-04 9.999999e-01 9.841484e+00
9.999499e-01 9.643992e-03 2.688433e-03 -2.517133e+00 -9.643899e-03 9.999535e-01 -4.753021e-05 8.744450e-02 -2.688766e-03 2.160157e-05 9.999964e-01 1.035661e+01
9.998738e-01 -6.770898e-03 1.436900e-02 -2.845421e+00 6.789226e-03 9.999762e-01 -1.227105e-03 1.019889e-01 -1.436035e-02 1.324504e-03 9.998960e-01 1.158320e+01
9.998868e-01 8.028427e-03 1.272316e-02 -3.461768e+00 -8.008982e-03 9.999667e-01 -1.578573e-03 1.313589e-01 -1.273541e-02 1.476495e-03 9.999178e-01 1.322378e+01
9.998988e-01 -7.491202e-03 1.209181e-02 -4.091388e+00 7.506187e-03 9.999711e-01 -1.194388e-03 1.618887e-01 -1.208252e-02 1.285029e-03 9.999262e-01 1.484539e+01
9.999177e-01 8.535215e-03 9.579373e-03 -4.631882e+00 -8.525832e-03 9.999631e-01 -1.019930e-03 1.875496e-01 -9.587725e-03 9.381748e-04 9.999536e-01 1.631472e+01
9.999421e-01 -7.199775e-03 8.000514e-03 -5.052572e+00 7.205310e-03 9.999738e-01 -6.632568e-04 2.034700e-01 -7.995530e-03 7.208638e-04 9.999678e-01 1.751850e+01
9.997930e-01 7.480081e-03 1.892143e-02 -5.765648e+00 -7.434414e-03 9.999693e-01 -2.482729e-03 2.385709e-01 -1.893942e-02 2.341546e-03 9.998179e-01 1.931256e+01
9.999804e-01 -6.137568e-03 1.219657e-03 -6.294785e+00 6.136848e-03 9.999810e-01 5.935354e-04 2.653901e-01 -1.223277e-03 -5.860397e-04 9.999991e-01 2.077791e+01
9.998799e-01 7.760955e-03 1.341719e-02 -6.686548e+00 -7.732226e-03 9.999677e-01 -2.191731e-03 2.819385e-01 -1.343376e-02 2.087724e-03 9.999076e-01 2.198257e+01
9.998305e-01 -8.480295e-03 1.634170e-02 -7.491486e+00 8.501823e-03 9.999631e-01 -1.248342e-03 3.208899e-01 -1.633051e-02 1.387064e-03 9.998657e-01 2.379875e+01
9.999319e-01 7.781879e-03 8.702633e-03 -8.153490e+00 -7.767988e-03 9.999685e-01 -1.628786e-03 3.504132e-01 -8.715033e-03 1.561074e-03 9.999608e-01 2.532868e+01
9.998311e-01 -7.884766e-03 1.660310e-02 -8.781855e+00 7.897699e-03 9.999686e-01 -7.135215e-04 3.791899e-01 -1.659695e-02 8.445265e-04 9.998619e-01 2.691396e+01
9.999122e-01 9.310982e-03 9.431158e-03 -9.480554e+00 -9.289246e-03 9.999541e-01 -2.345910e-03 4.151395e-01 -9.452568e-03 2.258096e-03 9.999528e-01 2.880135e+01
9.996761e-01 -8.823091e-03 2.386978e-02 -1.039393e+01 8.857784e-03 9.999599e-01 -1.348078e-03 4.634717e-01 -2.385693e-02 1.559074e-03 9.997142e-01 3.104940e+01
9.999426e-01 1.004190e-02 -3.725911e-03 -1.098119e+01 -1.004511e-02 9.999492e-01 -8.442957e-04 4.952247e-01 3.717243e-03 8.816751e-04 9.999927e-01 3.258841e+01
9.997563e-01 -8.398282e-03 2.041690e-02 -1.136556e+01 8.399588e-03 9.999647e-01 2.178978e-05 5.109824e-01 -2.041637e-02 1.497084e-04 9.997916e-01 3.394090e+01
9.999488e-01 9.510429e-03 3.457824e-03 -1.198938e+01 -9.501805e-03 9.999517e-01 -2.502171e-03 5.425275e-01 -3.481454e-03 2.469188e-03 9.999909e-01 3.565478e+01
9.998646e-01 -8.462435e-03 1.411007e-02 -1.244629e+01 8.445935e-03 9.999636e-01 1.228531e-03 5.623315e-01 -1.411995e-02 -1.109192e-03 9.998997e-01 3.690576e+01
9.999105e-01 1.134601e-02 -7.092308e-03 -1.259653e+01 -1.135382e-02 9.999350e-01 -1.061509e-03 5.687098e-01 7.079803e-03 1.141939e-03 9.999743e-01 3.781957e+01
9.998968e-01 -8.967236e-03 1.122779e-02 -1.268366e+01 8.950210e-03 9.999587e-01 1.565717e-03 5.686093e-01 -1.124136e-02 -1.465065e-03 9.999357e-01 3.845718e+01
9.999342e-01 1.145636e-02 -5.895937e-04 -1.290148e+01 -1.145753e-02 9.999323e-01 -2.028186e-03 5.770478e-01 5.663185e-04 2.034808e-03 9.999978e-01 3.953857e+01
9.997852e-01 -1.000262e-02 1.815247e-02 -1.331701e+01 9.987652e-03 9.999497e-01 9.150577e-04 5.987595e-01 -1.816071e-02 -7.335613e-04 9.998348e-01 4.096092e+01
9.999278e-01 1.198784e-02 8.199660e-04 -1.379874e+01 -1.198559e-02 9.999246e-01 -2.689512e-03 6.251985e-01 -8.521453e-04 2.679491e-03 9.999960e-01 4.259644e+01
9.998580e-01 -1.024696e-02 1.337601e-02 -1.412916e+01 1.022198e-02 9.999459e-01 1.934625e-03 6.413968e-01 -1.339511e-02 -1.797622e-03 9.999087e-01 4.381321e+01
9.998782e-01 1.200845e-02 9.973818e-03 -1.468660e+01 -1.196720e-02 9.999196e-01 -4.185288e-03 6.667782e-01 -1.002328e-02 4.065420e-03 9.999415e-01 4.540279e+01
9.997068e-01 -1.176313e-02 2.116673e-02 -1.553786e+01 1.173973e-02 9.999303e-01 1.229375e-03 7.110816e-01 -2.117972e-02 -9.805235e-04 9.997752e-01 4.754651e+01
9.999157e-01 1.237202e-02 3.928173e-03 -1.624705e+01 -1.235734e-02 9.999166e-01 -3.741145e-03 7.467925e-01 -3.974131e-03 3.692289e-03 9.999853e-01 4.936902e+01
9.998801e-01 -1.044240e-02 1.143309e-02 -1.674912e+01 1.041489e-02 9.999427e-01 2.463454e-03 7.729682e-01 -1.145816e-02 -2.344085e-03 9.999316e-01 5.084878e+01
9.998998e-01 1.382627e-02 3.041913e-03 -1.713892e+01 -1.381646e-02 9.998994e-01 -3.223237e-03 7.928460e-01 -3.086172e-03 3.180886e-03 9.999902e-01 5.232740e+01
9.999260e-01 -9.794198e-03 7.219755e-03 -1.744153e+01 9.776542e-03 9.999491e-01 2.476775e-03 8.097904e-01 -7.243646e-03 -2.406008e-03 9.999709e-01 5.349306e+01
9.998788e-01 1.462450e-02 -5.343967e-03 -1.731194e+01 -1.463198e-02 9.998920e-01 -1.362192e-03 8.017200e-01 5.323469e-03 1.440221e-03 9.999848e-01 5.402980e+01
9.998279e-01 -1.333039e-02 1.290182e-02 -1.749532e+01 1.330866e-02 9.999099e-01 1.769374e-03 8.080767e-01 -1.292424e-02 -1.597365e-03 9.999152e-01 5.487129e+01
9.998171e-01 1.427210e-02 -1.273233e-02 -1.752617e+01 -1.429660e-02 9.998961e-01 -1.835883e-03 8.032898e-01 1.270481e-02 2.017577e-03 9.999173e-01 5.531568e+01
9.997900e-01 -1.319274e-02 1.568271e-02 -1.763418e+01 1.316795e-02 9.999119e-01 1.683015e-03 8.022763e-01 -1.570353e-02 -1.476153e-03 9.998756e-01 5.587608e+01
9.998214e-01 1.398493e-02 -1.270925e-02 -1.771068e+01 -1.400872e-02 9.999003e-01 -1.785262e-03 8.001162e-01 1.268301e-02 1.962984e-03 9.999176e-01 5.639696e+01
9.998784e-01 -1.225441e-02 9.642266e-03 -1.765436e+01 1.223371e-02 9.999227e-01 2.202742e-03 7.902323e-01 -9.668515e-03 -2.084515e-03 9.999511e-01 5.661565e+01
9.998117e-01 6.211341e-03 -1.838214e-02 -1.755607e+01 -6.241206e-03 9.999793e-01 -1.567756e-03 7.783086e-01 1.837202e-02 1.682188e-03 9.998298e-01 5.675873e+01
9.999102e-01 -4.128716e-03 1.275247e-02 -1.746812e+01 4.111479e-03 9.999906e-01 1.377581e-03 7.673471e-01 -1.275804e-02 -1.325026e-03 9.999177e-01 5.691406e+01
9.994275e-01 -1.283037e-02 -3.130649e-02 -1.735014e+01 1.287107e-02 9.999166e-01 1.098922e-03 7.548901e-01 3.128978e-02 -1.501240e-03 9.995092e-01 5.697136e+01
9.995126e-01 1.605049e-02 2.677579e-02 -1.717117e+01 -1.599938e-02 9.998698e-01 -2.121918e-03 7.415885e-01 -2.680636e-02 1.692487e-03 9.996392e-01 5.697028e+01
9.993543e-01 -1.390203e-02 -3.313065e-02 -1.701885e+01 1.396061e-02 9.999014e-01 1.537393e-03 7.284509e-01 3.310601e-02 -1.998924e-03 9.994498e-01 5.697821e+01
9.995331e-01 1.684105e-02 2.549433e-02 -1.683516e+01 -1.677127e-02 9.998550e-01 -2.948630e-03 7.148001e-01 -2.554029e-02 2.519681e-03 9.996706e-01 5.693895e+01
9.994021e-01 -1.647961e-02 -3.039596e-02 -1.669889e+01 1.657436e-02 9.998585e-01 2.867739e-03 7.021022e-01 3.034440e-02 -3.369817e-03 9.995338e-01 5.698207e+01
9.994152e-01 2.026014e-02 2.754601e-02 -1.657615e+01 -2.019195e-02 9.997923e-01 -2.751145e-03 6.901115e-01 -2.759603e-02 2.193328e-03 9.996168e-01 5.703753e+01
9.992009e-01 -2.095650e-02 -3.403525e-02 -1.643415e+01 2.104254e-02 9.997762e-01 2.171740e-03 6.772150e-01 3.398212e-02 -2.886192e-03 9.994183e-01 5.702035e+01
9.994668e-01 1.933264e-02 2.631290e-02 -1.630268e+01 -1.926568e-02 9.998105e-01 -2.795862e-03 6.642765e-01 -2.636196e-02 2.287435e-03 9.996498e-01 5.702934e+01
9.991971e-01 -1.940528e-02 -3.505008e-02 -1.614461e+01 1.952820e-02 9.998043e-01 3.167831e-03 6.512912e-01 3.498175e-02 -3.849752e-03 9.993805e-01 5.700809e+01
9.994100e-01 2.186229e-02 2.648789e-02 -1.594465e+01 -2.175885e-02 9.997545e-01 -4.187202e-03 6.376611e-01 -2.657293e-02 3.608385e-03 9.996404e-01 5.695489e+01
9.990530e-01 -2.107040e-02 -3.806854e-02 -1.567732e+01 2.121525e-02 9.997691e-01 3.405034e-03 6.225741e-01 3.798801e-02 -4.209442e-03 9.992693e-01 5.686229e+01
9.993689e-01 2.118682e-02 2.851175e-02 -1.542258e+01 -2.111522e-02 9.997731e-01 -2.810168e-03 6.081118e-01 -2.856482e-02 2.206362e-03 9.995895e-01 5.678879e+01
9.991151e-01 -2.051618e-02 -3.671627e-02 -1.524303e+01 2.062538e-02 9.997839e-01 2.597934e-03 5.946173e-01 3.665503e-02 -3.352921e-03 9.993224e-01 5.675299e+01
9.993535e-01 2.161078e-02 2.873227e-02 -1.507635e+01 -2.153832e-02 9.997640e-01 -2.829207e-03 5.813576e-01 -2.878664e-02 2.208532e-03 9.995831e-01 5.672450e+01
9.992231e-01 -1.980453e-02 -3.407376e-02 -1.492437e+01 1.990149e-02 9.997988e-01 2.508781e-03 5.683194e-01 3.401722e-02 -3.184950e-03 9.994162e-01 5.671276e+01
9.995090e-01 1.707901e-02 2.627035e-02 -1.478061e+01 -1.701249e-02 9.998515e-01 -2.753839e-03 5.555145e-01 -2.631348e-02 2.305562e-03 9.996511e-01 5.671562e+01
9.992722e-01 -1.549934e-02 -3.485330e-02 -1.459905e+01 1.559350e-02 9.998755e-01 2.431441e-03 5.420224e-01 3.481128e-02 -2.973156e-03 9.993895e-01 5.667336e+01
9.994927e-01 1.666993e-02 2.713898e-02 -1.441804e+01 -1.659715e-02 9.998580e-01 -2.904777e-03 5.282791e-01 -2.718355e-02 2.452873e-03 9.996274e-01 5.663503e+01
9.991970e-01 -1.860016e-02 -3.548719e-02 -1.422038e+01 1.871274e-02 9.998209e-01 2.842805e-03 5.144932e-01 3.542796e-02 -3.504584e-03 9.993661e-01 5.659215e+01
9.995543e-01 2.143200e-02 2.078158e-02 -1.381875e+01 -2.127823e-02 9.997448e-01 -7.592307e-03 4.979433e-01 -2.093899e-02 7.146727e-03 9.997552e-01 5.641896e+01
9.987917e-01 -2.738290e-02 -4.080849e-02 -1.321605e+01 2.784382e-02 9.995543e-01 1.076946e-02 4.783965e-01 4.049540e-02 -1.189271e-02 9.991089e-01 5.614229e+01
9.993032e-01 2.398142e-02 2.859965e-02 -1.287352e+01 -2.371178e-02 9.996715e-01 -9.730185e-03 4.627106e-01 -2.882359e-02 9.045256e-03 9.995436e-01 5.603130e+01
9.985367e-01 -2.963024e-02 -4.523770e-02 -1.251700e+01 2.975460e-02 9.995551e-01 2.078026e-03 4.464924e-01 4.515600e-02 -3.421014e-03 9.989741e-01 5.588837e+01
9.991323e-01 2.722233e-02 3.152245e-02 -1.214985e+01 -2.721495e-02 9.996294e-01 -6.633453e-04 4.307122e-01 -3.152883e-02 -1.951131e-04 9.995028e-01 5.575998e+01
9.987378e-01 -2.732098e-02 -4.214810e-02 -1.187664e+01 2.734992e-02 9.996259e-01 1.100953e-04 4.159081e-01 4.212933e-02 -1.262703e-03 9.991114e-01 5.566626e+01
9.992049e-01 2.605977e-02 3.017339e-02 -1.161645e+01 -2.609439e-02 9.996592e-01 7.541937e-04 4.011508e-01 -3.014345e-02 -1.540951e-03 9.995444e-01 5.557682e+01
9.985586e-01 -2.669333e-02 -4.656361e-02 -1.118770e+01 2.638379e-02 9.996256e-01 -7.249810e-03 3.840508e-01 4.673970e-02 6.010836e-03 9.988890e-01 5.537772e+01
9.994357e-01 1.671953e-02 2.913269e-02 -1.068540e+01 -1.699487e-02 9.998130e-01 9.229463e-03 3.659246e-01 -2.897293e-02 -9.719362e-03 9.995329e-01 5.516197e+01
9.990578e-01 -1.629068e-02 -4.022671e-02 -1.042481e+01 1.596125e-02 9.998365e-01 -8.496878e-03 3.510048e-01 4.035855e-02 7.846804e-03 9.991545e-01 5.509031e+01
9.993489e-01 1.583207e-02 3.242115e-02 -1.024249e+01 -1.608157e-02 9.998429e-01 7.449305e-03 3.375341e-01 -3.229812e-02 -7.965839e-03 9.994465e-01 5.504997e+01
9.990674e-01 -1.606146e-02 -4.007951e-02 -1.005610e+01 1.576829e-02 9.998466e-01 -7.620297e-03 3.239774e-01 4.019575e-02 6.981205e-03 9.991674e-01 5.500559e+01
9.992782e-01 1.492305e-02 3.493413e-02 -9.948190e+00 -1.518103e-02 9.998593e-01 7.131178e-03 3.117239e-01 -3.482279e-02 -7.656367e-03 9.993642e-01 5.503422e+01
9.983086e-01 -2.549823e-02 -5.224643e-02 -9.676204e+00 2.481268e-02 9.995978e-01 -1.372844e-02 2.971933e-01 5.257547e-02 1.240885e-02 9.985399e-01 5.495991e+01
9.988067e-01 2.416081e-02 4.244246e-02 -9.376504e+00 -2.479242e-02 9.995886e-01 1.441888e-02 2.824390e-01 -4.207663e-02 -1.545392e-02 9.989949e-01 5.487847e+01
9.984693e-01 -2.600107e-02 -4.881529e-02 -9.270231e+00 2.523355e-02 9.995491e-01 -1.627406e-02 2.704630e-01 4.921642e-02 1.501737e-02 9.986752e-01 5.490629e+01
9.988402e-01 2.350237e-02 4.202141e-02 -9.153770e+00 -2.416729e-02 9.995895e-01 1.538609e-02 2.580979e-01 -4.164255e-02 -1.638379e-02 9.989982e-01 5.492310e+01
9.986695e-01 -2.369183e-02 -4.580216e-02 -9.070719e+00 2.296732e-02 9.996037e-01 -1.628019e-02 2.464622e-01 4.616971e-02 1.520658e-02 9.988179e-01 5.498205e+01
9.989934e-01 2.145433e-02 3.939528e-02 -8.978526e+00 -2.207837e-02 9.996365e-01 1.547427e-02 2.345728e-01 -3.904897e-02 -1.632847e-02 9.991039e-01 5.500339e+01
9.986403e-01 -2.250393e-02 -4.702213e-02 -8.795625e+00 2.175919e-02 9.996305e-01 -1.629040e-02 2.212963e-01 4.737136e-02 1.524509e-02 9.987610e-01 5.496848e+01
9.988953e-01 2.212756e-02 4.145439e-02 -8.599570e+00 -2.278198e-02 9.996221e-01 1.538104e-02 2.080187e-01 -4.109838e-02 -1.630846e-02 9.990220e-01 5.492883e+01
9.985961e-01 -2.196554e-02 -4.820165e-02 -8.416927e+00 2.115250e-02 9.996263e-01 -1.731330e-02 1.947806e-01 4.856393e-02 1.626941e-02 9.986876e-01 5.488638e+01
9.989650e-01 2.191555e-02 3.985873e-02 -8.240718e+00 -2.258592e-02 9.996096e-01 1.644684e-02 1.816556e-01 -3.948273e-02 -1.733006e-02 9.990700e-01 5.485040e+01
9.986516e-01 -2.257698e-02 -4.674726e-02 -8.007015e+00 2.175586e-02 9.996013e-01 -1.800005e-02 1.674729e-01 4.713501e-02 1.695875e-02 9.987446e-01 5.479333e+01
9.990091e-01 2.148187e-02 3.897985e-02 -7.710305e+00 -2.221341e-02 9.995833e-01 1.843211e-02 1.524269e-01 -3.856765e-02 -1.927972e-02 9.990700e-01 5.470572e+01
9.986262e-01 -2.031533e-02 -4.830079e-02 -7.435889e+00 1.937906e-02 9.996166e-01 -1.977392e-02 1.377445e-01 4.868399e-02 1.881074e-02 9.986371e-01 5.461344e+01
9.988438e-01 2.166422e-02 4.291525e-02 -7.188298e+00 -2.249138e-02 9.995686e-01 1.888593e-02 1.233826e-01 -4.248759e-02 -1.982932e-02 9.989002e-01 5.454953e+01
9.985921e-01 -2.170112e-02 -4.840427e-02 -7.004380e+00 2.070514e-02 9.995654e-01 -2.098370e-02 1.099206e-01 4.883861e-02 1.995194e-02 9.986074e-01 5.452121e+01
9.990514e-01 1.777971e-02 3.975046e-02 -6.779923e+00 -1.860416e-02 9.996174e-01 2.046776e-02 9.548135e-02 -3.937135e-02 -2.118787e-02 9.990000e-01 5.446223e+01
9.986509e-01 -2.116583e-02 -4.741620e-02 -6.598640e+00 2.021004e-02 9.995846e-01 -2.054704e-02 8.199728e-02 4.783139e-02 1.956104e-02 9.986639e-01 5.443149e+01
9.990122e-01 2.332495e-02 3.782369e-02 -6.357662e+00 -2.404406e-02 9.995365e-01 1.867013e-02 6.750215e-02 -3.737068e-02 -1.956112e-02 9.991100e-01 5.435665e+01
9.989394e-01 -1.854124e-02 -4.214518e-02 -6.056620e+00 1.771969e-02 9.996472e-01 -1.978391e-02 5.241888e-02 4.249713e-02 1.901613e-02 9.989156e-01 5.426123e+01
9.991626e-01 2.026759e-02 3.554199e-02 -5.816492e+00 -2.090605e-02 9.996250e-01 1.768482e-02 3.823077e-02 -3.517024e-02 -1.841306e-02 9.992117e-01 5.419551e+01
9.988143e-01 -1.932150e-02 -4.468381e-02 -5.528591e+00 1.852610e-02 9.996637e-01 -1.814679e-02 2.334318e-02 4.501941e-02 1.729746e-02 9.988363e-01 5.409393e+01
9.991342e-01 2.039162e-02 3.626253e-02 -5.260181e+00 -2.107005e-02 9.996082e-01 1.842619e-02 8.450471e-03 -3.587258e-02 -1.917429e-02 9.991724e-01 5.400166e+01
9.987458e-01 -2.119930e-02 -4.535943e-02 -4.997253e+00 2.036462e-02 9.996161e-01 -1.878506e-02 -6.189696e-03 4.574024e-02 1.783777e-02 9.987941e-01 5.391776e+01
9.990510e-01 2.124392e-02 3.802356e-02 -4.806803e+00 -2.196857e-02 9.995830e-01 1.874280e-02 -1.975881e-02 -3.760954e-02 -1.956034e-02 9.991011e-01 5.387890e+01
9.987968e-01 -2.153490e-02 -4.405927e-02 -4.661857e+00 2.064725e-02 9.995766e-01 -2.050352e-02 -3.268263e-02 4.448216e-02 1.956915e-02 9.988185e-01 5.387647e+01
9.990640e-01 2.174309e-02 3.739596e-02 -4.462376e+00 -2.247497e-02 9.995618e-01 1.926342e-02 -4.639539e-02 -3.696073e-02 -2.008586e-02 9.991148e-01 5.384313e+01
9.987391e-01 -2.063869e-02 -4.576298e-02 -4.253659e+00 1.977654e-02 9.996198e-01 -1.921276e-02 -6.033130e-02 4.614211e-02 1.828350e-02 9.987676e-01 5.379398e+01
9.990567e-01 2.185675e-02 3.752280e-02 -4.050010e+00 -2.255675e-02 9.995774e-01 1.833444e-02 -7.436611e-02 -3.710621e-02 -1.916354e-02 9.991276e-01 5.374286e+01
9.987220e-01 -2.005819e-02 -4.638915e-02 -3.787168e+00 1.916933e-02 9.996255e-01 -1.952712e-02 -8.918547e-02 4.676346e-02 1.861291e-02 9.987326e-01 5.366366e+01
9.988506e-01 2.240516e-02 4.237392e-02 -3.575441e+00 -2.321666e-02 9.995545e-01 1.875671e-02 -1.032696e-01 -4.193479e-02 -1.971893e-02 9.989257e-01 5.362333e+01
9.985375e-01 -2.422474e-02 -4.833251e-02 -3.466480e+00 2.327776e-02 9.995277e-01 -2.006064e-02 -1.154471e-01 4.879565e-02 1.890622e-02 9.986298e-01 5.366570e+01
9.987311e-01 2.588426e-02 4.319976e-02 -3.291574e+00 -2.668443e-02 9.994809e-01 1.804979e-02 -1.287144e-01 -4.271013e-02 -1.917964e-02 9.989034e-01 5.363826e+01
9.983757e-01 -2.478957e-02 -5.129765e-02 -3.115739e+00 2.377652e-02 9.995119e-01 -2.026542e-02 -1.420002e-01 5.177499e-02 1.901282e-02 9.984778e-01 5.360638e+01
9.987305e-01 2.396954e-02 4.430436e-02 -2.952965e+00 -2.485943e-02 9.994979e-01 1.964510e-02 -1.547947e-01 -4.381123e-02 -2.072154e-02 9.988249e-01 5.358410e+01
9.982975e-01 -2.629112e-02 -5.206640e-02 -2.755238e+00 2.504202e-02 9.993861e-01 -2.449941e-02 -1.673652e-01 5.267856e-02 2.315386e-02 9.983431e-01 5.353775e+01
9.986869e-01 2.722112e-02 4.339837e-02 -2.571016e+00 -2.830995e-02 9.992946e-01 2.467527e-02 -1.808527e-01 -4.269607e-02 -2.587148e-02 9.987531e-01 5.349799e+01
9.983743e-01 -2.922404e-02 -4.893594e-02 -2.463373e+00 2.796938e-02 9.992672e-01 -2.613042e-02 -1.925214e-01 4.966372e-02 2.471923e-02 9.984601e-01 5.352615e+01
9.984731e-01 2.895388e-02 4.704488e-02 -2.440728e+00 -3.013279e-02 9.992445e-01 2.454618e-02 -2.017760e-01 -4.629863e-02 -2.592629e-02 9.985911e-01 5.369565e+01
9.981168e-01 -3.204064e-02 -5.230950e-02 -2.430308e+00 3.072687e-02 9.991966e-01 -2.572938e-02 -2.112016e-01 5.309187e-02 2.407362e-02 9.982994e-01 5.383724e+01
9.983011e-01 3.159084e-02 4.895933e-02 -2.413303e+00 -3.280947e-02 9.991664e-01 2.428997e-02 -2.208878e-01 -4.815118e-02 -2.585503e-02 9.985054e-01 5.394850e+01
9.981955e-01 -3.211495e-02 -5.073754e-02 -2.418818e+00 3.082230e-02 9.991852e-01 -2.605764e-02 -2.295345e-01 5.153304e-02 2.444677e-02 9.983720e-01 5.413441e+01
9.980985e-01 3.192514e-02 5.272730e-02 -2.513151e+00 -3.320290e-02 9.991714e-01 2.353769e-02 -2.322682e-01 -5.193217e-02 -2.524363e-02 9.983315e-01 5.451844e+01
9.981026e-01 -3.317787e-02 -5.186901e-02 -2.597760e+00 3.185613e-02 9.991515e-01 -2.610477e-02 -2.354597e-01 5.269110e-02 2.440290e-02 9.983126e-01 5.485125e+01
9.980192e-01 3.267913e-02 5.375680e-02 -2.707400e+00 -3.397356e-02 9.991501e-01 2.334428e-02 -2.371965e-01 -5.294824e-02 -2.512435e-02 9.982811e-01 5.523989e+01
9.975518e-01 -3.831902e-02 -5.849807e-02 -2.776907e+00 3.690104e-02 9.990029e-01 -2.513090e-02 -2.402503e-01 5.940274e-02 2.291073e-02 9.979711e-01 5.554412e+01
9.974345e-01 3.799521e-02 6.066871e-02 -2.851315e+00 -3.942977e-02 9.989661e-01 2.262591e-02 -2.459686e-01 -5.974631e-02 -2.496002e-02 9.979015e-01 5.587729e+01
9.975210e-01 -3.945857e-02 -5.826578e-02 -2.979283e+00 3.799255e-02 9.989382e-01 -2.605827e-02 -2.458860e-01 5.923214e-02 2.378000e-02 9.979610e-01 5.630003e+01
9.975132e-01 3.837120e-02 5.911831e-02 -3.067446e+00 -3.979029e-02 9.989429e-01 2.301658e-02 -2.488559e-01 -5.817265e-02 -2.531168e-02 9.979856e-01 5.663517e+01
9.975111e-01 -3.958685e-02 -5.834725e-02 -3.147481e+00 3.812921e-02 9.989374e-01 -2.588768e-02 -2.524567e-01 5.931006e-02 2.359852e-02 9.979606e-01 5.696183e+01
9.975708e-01 3.786435e-02 5.846975e-02 -3.212385e+00 -3.926937e-02 9.989623e-01 2.307035e-02 -2.572169e-01 -5.753553e-02 -2.531038e-02 9.980226e-01 5.724806e+01
9.975741e-01 -3.893980e-02 -5.770207e-02 -3.288053e+00 3.747739e-02 9.989536e-01 -2.621365e-02 -2.606403e-01 5.866245e-02 2.398754e-02 9.979896e-01 5.756490e+01
9.987830e-01 2.808491e-02 4.054250e-02 -3.171909e+00 -2.908407e-02 9.992823e-01 2.426887e-02 -2.721408e-01 -3.983181e-02 -2.541848e-02 9.988830e-01 5.758408e+01
9.986596e-01 -2.504061e-02 -4.529768e-02 -2.992556e+00 2.396737e-02 9.994226e-01 -2.408317e-02 -2.857350e-01 4.587459e-02 2.296523e-02 9.986832e-01 5.761731e+01
9.986635e-01 2.474398e-02 4.537670e-02 -3.058932e+00 -2.578472e-02 9.994144e-01 2.249540e-02 -2.901602e-01 -4.479350e-02 -2.363536e-02 9.987166e-01 5.792389e+01
9.986385e-01 -2.513217e-02 -4.571225e-02 -3.121097e+00 2.404627e-02 9.994191e-01 -2.415195e-02 -2.950214e-01 4.629268e-02 2.301986e-02 9.986626e-01 5.820365e+01
9.986116e-01 2.470254e-02 4.652624e-02 -3.211220e+00 -2.576581e-02 9.994172e-01 2.239366e-02 -2.978384e-01 -4.594594e-02 -2.356136e-02 9.986660e-01 5.855611e+01
9.985635e-01 -2.523108e-02 -4.726970e-02 -3.272805e+00 2.411768e-02 9.994215e-01 -2.397844e-02 -3.023401e-01 4.784736e-02 2.280396e-02 9.985943e-01 5.882209e+01
9.986706e-01 2.486962e-02 4.514968e-02 -3.290002e+00 -2.591016e-02 9.994086e-01 2.260937e-02 -3.102253e-01 -4.456069e-02 -2.374915e-02 9.987243e-01 5.900459e+01
9.984727e-01 -2.548309e-02 -4.901905e-02 -3.283009e+00 2.434675e-02 9.994240e-01 -2.364069e-02 -3.192288e-01 4.959325e-02 2.241113e-02 9.985180e-01 5.912501e+01
9.983284e-01 2.525548e-02 5.198613e-02 -3.368959e+00 -2.641603e-02 9.994142e-01 2.175942e-02 -3.229395e-01 -5.140614e-02 -2.309632e-02 9.984107e-01 5.956131e+01
9.985731e-01 -2.954821e-02 -4.448138e-02 -3.626213e+00 2.845462e-02 9.992819e-01 -2.502118e-02 -3.134872e-01 4.518877e-02 2.371978e-02 9.986968e-01 6.028408e+01
9.993423e-01 1.950910e-02 3.056679e-02 -3.575839e+00 -2.029391e-02 9.994668e-01 2.557895e-02 -3.213131e-01 -3.005147e-02 -2.618245e-02 9.992054e-01 6.042351e+01
9.992512e-01 -1.986880e-02 -3.319959e-02 -3.469761e+00 1.902591e-02 9.994934e-01 -2.551444e-02 -3.332490e-01 3.368971e-02 2.486369e-02 9.991230e-01 6.055277e+01
9.990638e-01 1.575981e-02 4.028757e-02 -3.731675e+00 -1.667292e-02 9.996094e-01 2.243021e-02 -3.230813e-01 -3.991833e-02 -2.308092e-02 9.989363e-01 6.127848e+01
9.991263e-01 -1.761391e-02 -3.789950e-02 -3.866742e+00 1.670990e-02 9.995714e-01 -2.403880e-02 -3.214895e-01 3.830667e-02 2.338450e-02 9.989924e-01 6.174639e+01
9.988711e-01 1.882247e-02 4.361569e-02 -3.997436e+00 -1.982209e-02 9.995480e-01 2.260084e-02 -3.212488e-01 -4.317058e-02 -2.343988e-02 9.987927e-01 6.232708e+01
9.991473e-01 -1.932500e-02 -3.648524e-02 -4.194109e+00 1.845548e-02 9.995411e-01 -2.402042e-02 -3.172363e-01 3.693269e-02 2.332658e-02 9.990455e-01 6.299446e+01
9.990279e-01 1.786133e-02 4.030142e-02 -4.344964e+00 -1.876605e-02 9.995778e-01 2.218330e-02 -3.153702e-01 -3.988818e-02 -2.291804e-02 9.989413e-01 6.352131e+01
9.991764e-01 -1.922404e-02 -3.573475e-02 -4.506340e+00 1.836938e-02 9.995409e-01 -2.409333e-02 -3.131474e-01 3.618152e-02 2.341706e-02 9.990708e-01 6.408171e+01
9.988644e-01 1.625115e-02 4.478594e-02 -4.775546e+00 -1.720754e-02 9.996303e-01 2.105255e-02 -3.036818e-01 -4.442725e-02 -2.179930e-02 9.987748e-01 6.488089e+01
9.990880e-01 -1.911606e-02 -3.818129e-02 -4.986880e+00 1.822936e-02 9.995591e-01 -2.343795e-02 -2.978982e-01 3.861250e-02 2.272055e-02 9.989959e-01 6.554663e+01
9.996207e-01 1.127503e-02 2.512435e-02 -4.916268e+00 -1.188007e-02 9.996398e-01 2.406421e-02 -3.078715e-01 -2.484398e-02 -2.435356e-02 9.993947e-01 6.564535e+01
9.989071e-01 -1.960852e-02 -4.242785e-02 -4.374040e+00 1.854905e-02 9.995098e-01 -2.522231e-02 -3.269033e-01 4.290162e-02 2.440774e-02 9.987811e-01 6.539708e+01
9.993058e-01 1.478785e-02 3.419286e-02 -4.108902e+00 -1.565802e-02 9.995567e-01 2.532267e-02 -3.420252e-01 -3.380323e-02 -2.584049e-02 9.990944e-01 6.535780e+01
9.993137e-01 -1.487613e-02 -3.392454e-02 -4.154456e+00 1.399668e-02 9.995635e-01 -2.601566e-02 -3.483628e-01 3.429674e-02 2.552298e-02 9.990857e-01 6.567573e+01
9.992516e-01 1.411607e-02 3.601246e-02 -4.247591e+00 -1.501641e-02 9.995783e-01 2.485409e-02 -3.508478e-01 -3.564643e-02 -2.537627e-02 9.990422e-01 6.610274e+01
9.992322e-01 -1.435932e-02 -3.645228e-02 -4.288717e+00 1.343514e-02 9.995852e-01 -2.547251e-02 -3.570675e-01 3.680293e-02 2.496321e-02 9.990107e-01 6.635872e+01
9.996282e-01 1.031780e-02 2.523921e-02 -4.107965e+00 -1.092742e-02 9.996490e-01 2.413619e-02 -3.710096e-01 -2.498131e-02 -2.440301e-02 9.993900e-01 6.633454e+01
9.991680e-01 -1.145232e-02 -3.914334e-02 -3.720675e+00 1.041129e-02 9.995894e-01 -2.669661e-02 -3.879731e-01 3.943300e-02 2.626687e-02 9.988769e-01 6.615885e+01
9.993323e-01 1.096704e-02 3.485161e-02 -3.553945e+00 -1.188668e-02 9.995837e-01 2.629046e-02 -4.015644e-01 -3.454877e-02 -2.668718e-02 9.990466e-01 6.622283e+01
9.988174e-01 -1.286064e-02 -4.688820e-02 -3.264497e+00 1.152243e-02 9.995217e-01 -2.869982e-02 -4.146885e-01 4.723487e-02 2.812562e-02 9.984878e-01 6.615392e+01
9.991934e-01 8.110458e-03 3.932832e-02 -3.088299e+00 -9.257022e-03 9.995348e-01 2.905973e-02 -4.289202e-01 -3.907434e-02 -2.940036e-02 9.988037e-01 6.621174e+01
9.992734e-01 -8.528316e-03 -3.714695e-02 -3.181178e+00 7.412618e-03 9.995203e-01 -3.006956e-02 -4.317567e-01 3.738558e-02 2.977236e-02 9.988573e-01 6.663319e+01
9.991344e-01 5.912674e-03 4.117595e-02 -3.334462e+00 -7.087248e-03 9.995704e-01 2.843842e-02 -4.295983e-01 -4.099011e-02 -2.870563e-02 9.987471e-01 6.717787e+01
9.987235e-01 -1.178173e-02 -4.911747e-02 -3.337923e+00 1.042117e-02 9.995574e-01 -2.786478e-02 -4.362821e-01 4.942402e-02 2.731735e-02 9.984042e-01 6.738559e+01
9.985913e-01 1.153762e-02 5.179013e-02 -3.416473e+00 -1.294206e-02 9.995553e-01 2.686499e-02 -4.401433e-01 -5.145714e-02 -2.749741e-02 9.982966e-01 6.782128e+01
9.990130e-01 -1.591566e-02 -4.147048e-02 -3.728041e+00 1.468181e-02 9.994454e-01 -2.988902e-02 -4.271689e-01 4.192318e-02 2.925066e-02 9.986926e-01 6.869355e+01
9.984447e-01 1.184319e-02 5.447936e-02 -4.100551e+00 -1.328865e-02 9.995672e-01 2.624692e-02 -4.105270e-01 -5.414493e-02 -2.693006e-02 9.981699e-01 6.969570e+01
9.988255e-01 -1.633061e-02 -4.561657e-02 -4.381100e+00 1.502526e-02 9.994719e-01 -2.881349e-02 -3.975403e-01 4.606303e-02 2.809425e-02 9.985434e-01 7.053029e+01
9.987922e-01 1.568347e-02 4.656292e-02 -4.446080e+00 -1.697863e-02 9.994762e-01 2.755134e-02 -4.012335e-01 -4.610643e-02 -2.830864e-02 9.985353e-01 7.090694e+01
9.988604e-01 -1.650308e-02 -4.478401e-02 -4.541475e+00 1.522538e-02 9.994714e-01 -2.872298e-02 -4.033486e-01 4.523436e-02 2.800840e-02 9.985837e-01 7.128959e+01
9.986995e-01 1.583054e-02 4.846400e-02 -4.662661e+00 -1.716624e-02 9.994807e-01 2.726951e-02 -4.051259e-01 -4.800714e-02 -2.806599e-02 9.984526e-01 7.176393e+01
9.989732e-01 -1.760344e-02 -4.174581e-02 -4.847231e+00 1.638990e-02 9.994382e-01 -2.923613e-02 -4.024284e-01 4.223701e-02 2.852190e-02 9.987004e-01 7.238928e+01
9.987577e-01 1.488672e-02 4.755427e-02 -5.044668e+00 -1.617818e-02 9.995075e-01 2.688914e-02 -3.966025e-01 -4.713056e-02 -2.762508e-02 9.985067e-01 7.301541e+01
9.989353e-01 -1.744473e-02 -4.270731e-02 -5.209098e+00 1.621735e-02 9.994502e-01 -2.891907e-02 -3.943998e-01 4.318831e-02 2.819568e-02 9.986690e-01 7.357553e+01
9.987825e-01 1.461267e-02 4.711720e-02 -5.373566e+00 -1.588409e-02 9.995167e-01 2.672367e-02 -3.908201e-01 -4.670393e-02 -2.743954e-02 9.985318e-01 7.413269e+01
9.982900e-01 -2.067915e-02 -5.467508e-02 -5.381291e+00 1.922362e-02 9.994502e-01 -2.701482e-02 -3.980747e-01 5.520366e-02 2.591757e-02 9.981387e-01 7.432099e+01
9.984565e-01 2.010791e-02 5.177063e-02 -5.304103e+00 -2.149005e-02 9.994236e-01 2.628061e-02 -4.097134e-01 -5.121234e-02 -2.735260e-02 9.983131e-01 7.442692e+01
9.983489e-01 -2.072038e-02 -5.357371e-02 -5.312772e+00 1.926630e-02 9.994356e-01 -2.751717e-02 -4.170042e-01 5.411365e-02 2.643957e-02 9.981847e-01 7.466768e+01
9.990143e-01 1.498498e-02 4.178305e-02 -5.143730e+00 -1.611566e-02 9.995094e-01 2.685669e-02 -4.299359e-01 -4.136010e-02 -2.750358e-02 9.987657e-01 7.467356e+01
9.987726e-01 -1.695297e-02 -4.653951e-02 -4.908403e+00 1.576934e-02 9.995457e-01 -2.568331e-02 -4.434710e-01 4.695378e-02 2.491789e-02 9.985862e-01 7.461959e+01
9.983668e-01 2.068501e-02 5.325308e-02 -4.991152e+00 -2.198090e-02 9.994735e-01 2.386479e-02 -4.448556e-01 -5.273140e-02 -2.499636e-02 9.982958e-01 7.517603e+01
9.989085e-01 -2.010838e-02 -4.215888e-02 -5.281116e+00 1.897354e-02 9.994514e-01 -2.714758e-02 -4.317568e-01 4.268164e-02 2.631804e-02 9.987420e-01 7.613829e+01
9.988815e-01 1.618216e-02 4.442915e-02 -5.453231e+00 -1.734670e-02 9.995127e-01 2.595185e-02 -4.276864e-01 -4.398754e-02 -2.669352e-02 9.986754e-01 7.667737e+01
9.997362e-01 -1.140918e-02 -1.993582e-02 -5.857660e+00 1.085196e-02 9.995535e-01 -2.783879e-02 -4.042650e-01 2.024454e-02 2.761510e-02 9.994136e-01 7.826318e+01
9.983571e-01 8.240784e-03 5.670307e-02 -6.731049e+00 -9.466943e-03 9.997264e-01 2.138966e-02 -3.488097e-01 -5.651129e-02 -2.189133e-02 9.981619e-01 8.054509e+01
9.980372e-01 -2.570337e-02 -5.710592e-02 -7.203728e+00 2.442657e-02 9.994383e-01 -2.294524e-02 -3.208369e-01 5.766362e-02 2.150530e-02 9.981044e-01 8.169835e+01
9.983353e-01 2.487820e-02 5.203529e-02 -7.110514e+00 -2.603421e-02 9.994264e-01 2.165722e-02 -3.323581e-01 -5.146665e-02 -2.297586e-02 9.984104e-01 8.182076e+01
9.985799e-01 -2.516273e-02 -4.695822e-02 -7.245511e+00 2.406650e-02 9.994278e-01 -2.376584e-02 -3.330719e-01 4.752937e-02 2.260197e-02 9.986141e-01 8.235695e+01
9.976887e-01 1.764805e-02 6.561789e-02 -7.768192e+00 -1.884611e-02 9.996660e-01 1.768415e-02 -3.058761e-01 -6.528389e-02 -1.887992e-02 9.976881e-01 8.368918e+01
9.986796e-01 -3.028508e-02 -4.149429e-02 -8.462325e+00 2.929510e-02 9.992763e-01 -2.426205e-02 -2.657594e-01 4.219904e-02 2.301444e-02 9.988441e-01 8.532467e+01
9.977705e-01 1.961394e-02 6.379069e-02 -9.112447e+00 -2.072933e-02 9.996428e-01 1.687047e-02 -2.288240e-01 -6.343700e-02 -1.815519e-02 9.978207e-01 8.685820e+01
9.986022e-01 -3.112887e-02 -4.271658e-02 -9.731719e+00 3.016318e-02 9.992788e-01 -2.306843e-02 -1.936677e-01 4.340386e-02 2.174771e-02 9.988209e-01 8.833100e+01
9.977062e-01 2.059772e-02 6.448242e-02 -1.036066e+01 -2.164889e-02 9.996432e-01 1.564569e-02 -1.580472e-01 -6.413715e-02 -1.700577e-02 9.977962e-01 8.983706e+01
9.986119e-01 -3.219429e-02 -4.168611e-02 -1.102023e+01 3.129335e-02 9.992662e-01 -2.208763e-02 -1.204030e-01 4.236662e-02 2.075247e-02 9.988866e-01 9.140050e+01
9.976219e-01 2.136712e-02 6.552848e-02 -1.170292e+01 -2.234676e-02 9.996487e-01 1.425333e-02 -8.149290e-02 -6.520091e-02 -1.568379e-02 9.977489e-01 9.301970e+01
9.985896e-01 -3.328806e-02 -4.136111e-02 -1.239746e+01 3.244418e-02 9.992548e-01 -2.090947e-02 -4.109987e-02 4.202633e-02 1.953805e-02 9.989254e-01 9.466277e+01
9.975573e-01 2.223651e-02 6.621905e-02 -1.309817e+01 -2.313710e-02 9.996495e-01 1.286429e-02 -3.615678e-04 -6.590979e-02 -1.436498e-02 9.977222e-01 9.634288e+01
9.985399e-01 -3.441718e-02 -4.163652e-02 -1.379399e+01 3.362066e-02 9.992408e-01 -1.968185e-02 4.020602e-02 4.228231e-02 1.825326e-02 9.989389e-01 9.800263e+01
9.975291e-01 2.087726e-02 6.708096e-02 -1.451604e+01 -2.165815e-02 9.997056e-01 1.093492e-02 8.255868e-02 -6.683292e-02 -1.236075e-02 9.976876e-01 9.971302e+01
9.985739e-01 -3.553824e-02 -3.984002e-02 -1.530391e+01 3.482240e-02 9.992219e-01 -1.852039e-02 1.299357e-01 4.046721e-02 1.710665e-02 9.990344e-01 1.015604e+02
9.976477e-01 2.506948e-02 6.380182e-02 -1.599132e+01 -2.580564e-02 9.996093e-01 1.074026e-02 1.705150e-01 -6.350764e-02 -1.236144e-02 9.979048e-01 1.032243e+02
9.985499e-01 -3.307550e-02 -4.247381e-02 -1.656478e+01 3.240042e-02 9.993390e-01 -1.648547e-02 2.032115e-01 4.299100e-02 1.508540e-02 9.989616e-01 1.047523e+02
9.973866e-01 2.459658e-02 6.793404e-02 -1.723737e+01 -2.524780e-02 9.996430e-01 8.744049e-03 2.439175e-01 -6.769472e-02 -1.043638e-02 9.976515e-01 1.065335e+02
9.986318e-01 -3.569547e-02 -3.821415e-02 -1.796951e+01 3.510357e-02 9.992548e-01 -1.604968e-02 2.904955e-01 3.875858e-02 1.468627e-02 9.991407e-01 1.085538e+02
9.975837e-01 2.667069e-02 6.415123e-02 -1.867944e+01 -2.722548e-02 9.995990e-01 7.789455e-03 3.350322e-01 -6.391775e-02 -9.517183e-03 9.979098e-01 1.103253e+02
9.984390e-01 -3.659510e-02 -4.219374e-02 -1.931023e+01 3.603188e-02 9.992521e-01 -1.403283e-02 3.708487e-01 4.267571e-02 1.249060e-02 9.990109e-01 1.118744e+02
9.977220e-01 2.880619e-02 6.100049e-02 -1.986006e+01 -2.931039e-02 9.995431e-01 7.386705e-03 4.007237e-01 -6.075983e-02 -9.157827e-03 9.981104e-01 1.132404e+02
9.980454e-01 -3.188515e-02 -5.374738e-02 -2.011748e+01 3.135132e-02 9.994507e-01 -1.074642e-02 4.109385e-01 5.406050e-02 9.040361e-03 9.984967e-01 1.139657e+02
9.981106e-01 3.191170e-02 5.250565e-02 -2.015935e+01 -3.241947e-02 9.994352e-01 8.847606e-03 4.047620e-01 -5.219366e-02 -1.053310e-02 9.985814e-01 1.142171e+02
9.986881e-01 -3.376531e-02 -3.849539e-02 -2.048785e+01 3.329518e-02 9.993637e-01 -1.278912e-02 4.174237e-01 3.890272e-02 1.149064e-02 9.991769e-01 1.151782e+02
9.986602e-01 3.454609e-02 3.852749e-02 -2.048944e+01 -3.502077e-02 9.993179e-01 1.171432e-02 4.095705e-01 -3.809653e-02 -1.304789e-02 9.991889e-01 1.154776e+02
9.988491e-01 -3.620579e-02 -3.145798e-02 -2.068634e+01 3.577786e-02 9.992608e-01 -1.406147e-02 4.143667e-01 3.194383e-02 1.291979e-02 9.994062e-01 1.161405e+02
9.984058e-01 3.302907e-02 4.576958e-02 -2.110566e+01 -3.348806e-02 9.993959e-01 9.297815e-03 4.325798e-01 -4.543483e-02 -1.081573e-02 9.989088e-01 1.172244e+02
9.986718e-01 -3.806459e-02 -3.472369e-02 -2.145933e+01 3.763244e-02 9.992069e-01 -1.301557e-02 4.500402e-01 3.519158e-02 1.169154e-02 9.993122e-01 1.181771e+02
9.986287e-01 3.855717e-02 3.541261e-02 -2.151752e+01 -3.898517e-02 9.991739e-01 1.147596e-02 4.455200e-01 -3.494087e-02 -1.284079e-02 9.993069e-01 1.185103e+02
9.986104e-01 -3.860829e-02 -3.587051e-02 -2.156880e+01 3.815167e-02 9.991831e-01 -1.332816e-02 4.398183e-01 3.635578e-02 1.194112e-02 9.992676e-01 1.188083e+02
9.983117e-01 3.712006e-02 4.467596e-02 -2.180327e+01 -3.758298e-02 9.992477e-01 9.566372e-03 4.463545e-01 -4.428725e-02 -1.122928e-02 9.989557e-01 1.195621e+02
9.986405e-01 -4.359142e-02 -2.858165e-02 -2.227439e+01 4.319584e-02 9.989641e-01 -1.431506e-02 4.705970e-01 2.917605e-02 1.306099e-02 9.994890e-01 1.207648e+02
9.982937e-01 3.845755e-02 4.394029e-02 -2.270750e+01 -3.888650e-02 9.992036e-01 8.949114e-03 4.923808e-01 -4.356114e-02 -1.064253e-02 9.989941e-01 1.219568e+02
9.984970e-01 -4.242452e-02 -3.469848e-02 -2.299521e+01 4.199276e-02 9.990323e-01 -1.307905e-02 5.050700e-01 3.521978e-02 1.160230e-02 9.993122e-01 1.227487e+02
9.982023e-01 4.325176e-02 4.148931e-02 -2.317066e+01 -4.371777e-02 9.989899e-01 1.039074e-02 5.073192e-01 -4.099798e-02 -1.218588e-02 9.990849e-01 1.234095e+02
9.983745e-01 -4.714205e-02 -3.203110e-02 -2.344629e+01 4.670622e-02 9.988074e-01 -1.422141e-02 5.175808e-01 3.266333e-02 1.270224e-02 9.993857e-01 1.242090e+02
9.982240e-01 4.457537e-02 3.952098e-02 -2.366828e+01 -4.502121e-02 9.989312e-01 1.046334e-02 5.245521e-01 -3.901233e-02 -1.222404e-02 9.991640e-01 1.249364e+02
9.984444e-01 -4.745211e-02 -2.927662e-02 -2.396745e+01 4.704261e-02 9.987873e-01 -1.452133e-02 5.357733e-01 2.993019e-02 1.312150e-02 9.994659e-01 1.257592e+02
9.981646e-01 4.280863e-02 4.283527e-02 -2.436606e+01 -4.324880e-02 9.990201e-01 9.402072e-03 5.540155e-01 -4.239081e-02 -1.123739e-02 9.990379e-01 1.267990e+02
9.984463e-01 -4.797345e-02 -2.834502e-02 -2.479363e+01 4.759517e-02 9.987704e-01 -1.387332e-02 5.748213e-01 2.897572e-02 1.250268e-02 9.995019e-01 1.279199e+02
9.983000e-01 4.538351e-02 3.657014e-02 -2.506526e+01 -4.577695e-02 9.989017e-01 9.993418e-03 5.853484e-01 -3.607644e-02 -1.165050e-02 9.992811e-01 1.286509e+02
9.985260e-01 -4.742380e-02 -2.639838e-02 -2.536071e+01 4.707907e-02 9.987995e-01 -1.353076e-02 5.957393e-01 2.700837e-02 1.226801e-02 9.995599e-01 1.294970e+02
9.984316e-01 4.335912e-02 3.541710e-02 -2.568011e+01 -4.372196e-02 9.989982e-01 9.534822e-03 6.106168e-01 -3.496820e-02 -1.106837e-02 9.993271e-01 1.303324e+02
9.985803e-01 -4.501399e-02 -2.848179e-02 -2.590144e+01 4.467129e-02 9.989228e-01 -1.255636e-02 6.160528e-01 2.901632e-02 1.126621e-02 9.995154e-01 1.310013e+02
9.985550e-01 4.074350e-02 3.504226e-02 -2.616268e+01 -4.107778e-02 9.991166e-01 8.872565e-03 6.265186e-01 -3.464981e-02 -1.029920e-02 9.993464e-01 1.317018e+02
9.985392e-01 -4.049558e-02 -3.577120e-02 -2.621993e+01 4.014108e-02 9.991381e-01 -1.057357e-02 6.214329e-01 3.616855e-02 9.122232e-03 9.993041e-01 1.319664e+02
9.987346e-01 3.998598e-02 3.050097e-02 -2.613789e+01 -4.028613e-02 9.991450e-01 9.290444e-03 6.097113e-01 -3.010340e-02 -1.050745e-02 9.994916e-01 1.320028e+02
9.987793e-01 -3.935488e-02 -2.985036e-02 -2.619670e+01 3.904596e-02 9.991784e-01 -1.086232e-02 6.038918e-01 3.025332e-02 9.683530e-03 9.994954e-01 1.323217e+02
9.986647e-01 3.597229e-02 3.707948e-02 -2.645602e+01 -3.626178e-02 9.993166e-01 7.164367e-03 6.124620e-01 -3.679642e-02 -8.499369e-03 9.992866e-01 1.330355e+02
9.982646e-01 -4.199705e-02 -4.127930e-02 -2.657617e+01 4.168550e-02 9.990956e-01 -8.379554e-03 6.130405e-01 4.159389e-02 6.644265e-03 9.991125e-01 1.334795e+02
9.981210e-01 4.299078e-02 4.366130e-02 -2.665692e+01 -4.328849e-02 9.990452e-01 5.895621e-03 6.102562e-01 -4.336615e-02 -7.774575e-03 9.990290e-01 1.339313e+02
9.982714e-01 -4.689172e-02 -3.543245e-02 -2.692623e+01 4.657573e-02 9.988677e-01 -9.691881e-03 6.202072e-01 3.584680e-02 8.024836e-03 9.993251e-01 1.346962e+02
9.981179e-01 4.344780e-02 4.327736e-02 -2.718976e+01 -4.372663e-02 9.990283e-01 5.516909e-03 6.294360e-01 -4.299561e-02 -7.398900e-03 9.990479e-01 1.354530e+02
9.982924e-01 -4.621866e-02 -3.572416e-02 -2.744669e+01 4.592113e-02 9.989036e-01 -9.105006e-03 6.377054e-01 3.610581e-02 7.448965e-03 9.993202e-01 1.361633e+02
9.981506e-01 4.387043e-02 4.208001e-02 -2.769003e+01 -4.411733e-02 9.990141e-01 4.956398e-03 6.455904e-01 -4.182108e-02 -6.803690e-03 9.991020e-01 1.368276e+02
9.982843e-01 -4.774111e-02 -3.390013e-02 -2.796128e+01 4.746987e-02 9.988342e-01 -8.761610e-03 6.566165e-01 3.427890e-02 7.137344e-03 9.993868e-01 1.376404e+02
9.978243e-01 4.792751e-02 4.527335e-02 -2.826417e+01 -4.817741e-02 9.988289e-01 4.444168e-03 6.704876e-01 -4.500734e-02 -6.615653e-03 9.989648e-01 1.385825e+02
9.981417e-01 -5.064615e-02 -3.388292e-02 -2.857200e+01 5.038657e-02 9.986939e-01 -8.471981e-03 6.841690e-01 3.426774e-02 6.748994e-03 9.993899e-01 1.395542e+02
9.972141e-01 5.055488e-02 5.484744e-02 -2.913673e+01 -5.077425e-02 9.987067e-01 2.612811e-03 7.095614e-01 -5.464442e-02 -5.390370e-03 9.984913e-01 1.409459e+02
