9.999918e-01 -1.006273e-05 -4.055942e-03 -4.002616e-01 1.062600e-05 1.000000e+00 1.388600e-04 1.764346e-02 4.055941e-03 -1.389027e-04 9.999918e-01 7.060072e-01
9.999974e-01 2.974511e-04 -2.241184e-03 -8.701255e-01 -2.961590e-04 9.999998e-01 5.768521e-04 3.230417e-02 2.241356e-03 -5.761861e-04 9.999973e-01 7.830153e-01
9.999973e-01 -1.465904e-04 -2.301915e-03 -9.277374e-01 1.465109e-04 1.000000e+00 -3.471396e-05 2.756852e-02 2.301920e-03 3.437589e-05 9.999973e-01 1.137332e+00
9.999990e-01 1.493282e-04 -1.403324e-03 -1.007914e+00 -1.492076e-04 1.000000e+00 8.607300e-05 1.238697e-02 1.403337e-03 -8.586282e-05 9.999990e-01 2.342226e+00
9.999965e-01 -8.927704e-05 -2.651731e-03 -1.292324e+00 8.950827e-05 1.000000e+00 8.709111e-05 1.952225e-02 2.651722e-03 -8.732886e-05 9.999965e-01 3.074953e+00
9.999924e-01 3.665373e-04 -3.884298e-03 -1.895376e+00 -3.643976e-04 9.999998e-01 5.515495e-04 3.976208e-02 3.884500e-03 -5.501292e-04 9.999923e-01 3.203278e+00
9.999978e-01 -1.570992e-04 -2.099157e-03 -2.512776e+00 1.569020e-04 1.000000e+00 -9.410968e-05 6.312947e-02 2.099172e-03 9.377939e-05 9.999978e-01 3.481299e+00
9.999922e-01 4.160358e-04 -3.921525e-03 -3.026895e+00 -4.133878e-04 9.999997e-01 6.760260e-04 7.863788e-02 3.921806e-03 -6.743989e-04 9.999921e-01 3.651599e+00
9.999984e-01 -1.326241e-04 -1.771061e-03 -3.391397e+00 1.324483e-04 1.000000e+00 -9.939827e-05 8.569151e-02 1.771073e-03 9.916283e-05 9.999984e-01 3.793617e+00
9.999964e-01 2.781566e-04 -2.681982e-03 -3.413516e+00 -2.765553e-04 9.999998e-01 5.973966e-04 7.475351e-02 2.682148e-03 -5.966520e-04 9.999962e-01 4.259661e+00
9.999990e-01 -3.066048e-04 -1.415790e-03 -3.693153e+00 3.060981e-04 9.999999e-01 -3.580713e-04 8.712273e-02 1.415899e-03 3.576368e-04 9.999989e-01 4.905012e+00
9.999960e-01 4.337675e-04 -2.807229e-03 -3.878401e+00 -4.318516e-04 9.999997e-01 6.830542e-04 9.259450e-02 2.807524e-03 -6.818384e-04 9.999958e-01 5.430817e+00
9.999991e-01 -3.956415e-04 -1.272318e-03 -4.038633e+00 3.951859e-04 9.999999e-01 -3.583083e-04 9.285265e-02 1.272459e-03 3.578045e-04 9.999991e-01 6.004970e+00
9.999932e-01 5.030158e-04 -3.657916e-03 -4.180100e+00 -5.004366e-04 9.999996e-01 7.059462e-04 1.021727e-01 3.658270e-03 -7.041101e-04 9.999931e-01 6.453809e+00
9.999974e-01 -3.423745e-04 -2.236324e-03 -4.235534e+00 3.424204e-04 9.999999e-01 2.015150e-05 1.104232e-01 2.236317e-03 -2.091792e-05 9.999975e-01 6.949626e+00
9.999960e-01 2.596087e-04 -2.822331e-03 -4.656587e+00 -2.586120e-04 9.999999e-01 3.534864e-04 1.395874e-01 2.822422e-03 -3.527544e-04 9.999960e-01 7.797996e+00
9.999965e-01 -1.174674e-04 -2.653798e-03 -4.714820e+00 1.179208e-04 1.000000e+00 1.707145e-04 1.477107e-01 2.653778e-03 -1.710276e-04 9.999965e-01 8.467860e+00
9.999978e-01 3.896280e-04 -2.076650e-03 -4.553917e+00 -3.890295e-04 9.999999e-01 2.885459e-04 1.260466e-01 2.076763e-03 -2.877367e-04 9.999978e-01 9.094037e+00
9.999988e-01 -2.719132e-04 -1.553307e-03 -4.586146e+00 2.717311e-04 1.000000e+00 -1.174309e-04 1.138891e-01 1.553338e-03 1.170080e-04 9.999988e-01 9.882058e+00
9.999862e-01 6.711325e-04 -5.212164e-03 -4.144451e+00 -6.659217e-04 9.999993e-01 1.001389e-03 9.459985e-02 5.212832e-03 -9.979039e-04 9.999859e-01 1.022636e+01
9.999984e-01 3.747615e-05 -1.798026e-03 -3.527169e+00 -3.743829e-05 1.000000e+00 2.112274e-05 7.804492e-02 1.798027e-03 -2.105610e-05 9.999984e-01 1.024638e+01
9.999879e-01 4.546475e-04 -4.888082e-03 -2.974398e+00 -4.502116e-04 9.999995e-01 9.085344e-04 4.992768e-02 4.888493e-03 -9.063220e-04 9.999876e-01 1.064433e+01
9.999969e-01 1.334839e-05 -2.492345e-03 -2.432985e+00 -1.286909e-05 1.000000e+00 1.923519e-04 2.478621e-02 2.492347e-03 -1.923199e-04 9.999969e-01 1.098785e+01
9.999910e-01 4.845874e-04 -4.203242e-03 -2.024446e+00 -4.813228e-04 9.999996e-01 7.776324e-04 3.504551e-03 4.203618e-03 -7.756016e-04 9.999909e-01 1.120828e+01
9.999990e-01 -4.419125e-04 -1.378580e-03 -2.239140e+00 4.417642e-04 9.999999e-01 -1.078460e-04 1.758164e-02 1.378627e-03 1.072362e-04 9.999990e-01 1.164187e+01
9.999906e-01 5.453111e-04 -4.305429e-03 -2.639457e+00 -5.422386e-04 9.999996e-01 7.147498e-04 4.165113e-02 4.305818e-03 -7.124078e-04 9.999905e-01 1.211649e+01
9.999980e-01 4.913361e-05 -2.003567e-03 -2.816310e+00 -4.919188e-05 1.000000e+00 -2.899514e-05 4.163173e-02 2.003565e-03 2.909293e-05 9.999980e-01 1.175571e+01
9.999929e-01 5.686494e-04 -3.718663e-03 -2.838511e+00 -5.658354e-04 9.999996e-01 7.576956e-04 3.614154e-02 3.719093e-03 -7.555854e-04 9.999928e-01 1.151203e+01
9.999987e-01 -5.100978e-04 -1.498495e-03 -3.036220e+00 5.098378e-04 9.999999e-01 -1.737931e-04 4.840583e-02 1.498583e-03 1.730282e-04 9.999989e-01 1.192352e+01
9.999903e-01 4.952681e-04 -4.373858e-03 -3.527227e+00 -4.914081e-04 9.999995e-01 8.835208e-04 7.798462e-02 4.374293e-03 -8.813621e-04 9.999900e-01 1.238632e+01
9.999960e-01 -2.925900e-04 -2.830906e-03 -4.294857e+00 2.924839e-04 1.000000e+00 -3.786912e-05 1.129649e-01 2.830917e-03 3.704027e-05 9.999960e-01 1.256827e+01
9.999937e-01 3.489802e-04 -3.543474e-03 -4.892806e+00 -3.459635e-04 9.999996e-01 8.519031e-04 1.428729e-01 3.543770e-03 -8.506711e-04 9.999934e-01 1.286194e+01
9.999978e-01 -2.688272e-04 -2.073917e-03 -5.180855e+00 2.682659e-04 9.999999e-01 -2.708751e-04 1.603637e-01 2.073990e-03 2.703174e-04 9.999978e-01 1.326432e+01
9.999951e-01 5.272057e-04 -3.091078e-03 -5.098893e+00 -5.243546e-04 9.999994e-01 9.230754e-04 1.499415e-01 3.091563e-03 -9.214494e-04 9.999948e-01 1.347135e+01
9.999979e-01 -2.575923e-04 -2.040128e-03 -5.006292e+00 2.569196e-04 9.999999e-01 -3.299635e-04 1.366477e-01 2.040212e-03 3.294379e-04 9.999979e-01 1.377968e+01
9.999959e-01 4.203020e-04 -2.818660e-03 -5.076222e+00 -4.178836e-04 9.999995e-01 8.585032e-04 1.326177e-01 2.819019e-03 -8.573211e-04 9.999957e-01 1.421495e+01
9.999936e-01 -1.942395e-04 -3.564060e-03 -5.511492e+00 1.938643e-04 1.000000e+00 -1.055953e-04 1.478083e-01 3.564080e-03 1.049030e-04 9.999936e-01 1.436218e+01
9.999971e-01 3.395717e-05 -2.406006e-03 -6.388845e+00 -3.251035e-05 9.999998e-01 6.013333e-04 2.006387e-01 2.406026e-03 -6.012526e-04 9.999969e-01 1.497826e+01
9.999925e-01 -9.743649e-05 -3.878590e-03 -7.332398e+00 9.714752e-05 1.000000e+00 -7.466668e-05 2.579504e-01 3.878597e-03 7.428861e-05 9.999925e-01 1.563393e+01
9.999961e-01 5.513102e-04 -2.736470e-03 -6.977177e+00 -5.487681e-04 9.999994e-01 9.295950e-04 2.406242e-01 2.736982e-03 -9.280890e-04 9.999958e-01 1.571114e+01
9.999817e-01 1.101102e-04 -6.050709e-03 -6.199339e+00 -1.082020e-04 9.999999e-01 3.157105e-04 2.156940e-01 6.050743e-03 -3.150508e-04 9.999816e-01 1.582704e+01
9.999999e-01 3.352671e-04 1.699927e-04 -5.865468e+00 -3.353522e-04 9.999998e-01 5.014971e-04 2.058783e-01 -1.698242e-04 -5.015534e-04 9.999999e-01 1.579223e+01
9.999835e-01 -2.896249e-04 -5.736145e-03 -6.219810e+00 2.907824e-04 9.999999e-01 2.009822e-04 2.217735e-01 5.736086e-03 -2.026476e-04 9.999835e-01 1.610924e+01
9.999995e-01 4.193308e-04 9.577602e-04 -6.391232e+00 -4.194824e-04 9.999999e-01 1.581795e-04 2.300343e-01 -9.576934e-04 -1.585804e-04 9.999995e-01 1.658972e+01
9.999808e-01 -9.942964e-05 -6.198483e-03 -6.248990e+00 1.026762e-04 9.999999e-01 5.234712e-04 2.136396e-01 6.198430e-03 -5.240982e-04 9.999807e-01 1.685640e+01
9.999996e-01 3.689202e-04 8.616004e-04 -6.125701e+00 -3.689751e-04 9.999999e-01 6.367864e-05 1.963882e-01 -8.615765e-04 -6.399582e-05 9.999996e-01 1.741004e+01
9.999743e-01 -1.588147e-04 -7.161729e-03 -6.486267e+00 1.627770e-04 9.999998e-01 5.526972e-04 2.120781e-01 7.161640e-03 -5.538495e-04 9.999742e-01 1.800082e+01
9.999993e-01 4.533340e-04 -1.059957e-03 -7.497815e+00 -4.531526e-04 9.999999e-01 1.711815e-04 2.540509e-01 1.060035e-03 -1.707003e-04 9.999994e-01 1.810459e+01
9.999842e-01 -3.445091e-04 -5.607234e-03 -8.159126e+00 3.477747e-04 9.999998e-01 5.814543e-04 2.879673e-01 5.607032e-03 -5.833959e-04 9.999841e-01 1.839224e+01
1.000000e+00 2.343274e-04 1.916098e-04 -8.699142e+00 -2.343178e-04 1.000000e+00 -4.950501e-05 3.216336e-01 -1.916210e-04 4.946082e-05 1.000000e+00 1.894866e+01
9.999824e-01 -2.692603e-04 -5.929870e-03 -9.167747e+00 2.732205e-04 9.999997e-01 6.670546e-04 3.519158e-01 5.929689e-03 -6.686637e-04 9.999822e-01 1.940236e+01
9.999999e-01 3.829722e-04 3.358515e-04 -9.412560e+00 -3.829455e-04 9.999999e-01 -7.904720e-05 3.672326e-01 -3.358814e-04 7.891928e-05 9.999999e-01 1.974160e+01
9.999863e-01 -1.975787e-04 -5.236072e-03 -9.499120e+00 2.003808e-04 9.999998e-01 5.346587e-04 3.663193e-01 5.235965e-03 -5.357012e-04 9.999861e-01 2.022258e+01
9.999996e-01 4.502832e-04 7.317437e-04 -9.457761e+00 -4.502876e-04 9.999999e-01 5.997268e-06 3.575399e-01 -7.317406e-04 -6.326058e-06 9.999997e-01 2.054232e+01
9.999762e-01 -4.968469e-05 -6.899353e-03 -9.058911e+00 5.581713e-05 9.999996e-01 8.886712e-04 3.313621e-01 6.899305e-03 -8.890359e-04 9.999758e-01 2.094897e+01
9.999976e-01 4.432183e-04 2.148033e-03 -9.073754e+00 -4.425478e-04 9.999999e-01 -3.125518e-04 3.285253e-01 -2.148171e-03 3.116012e-04 9.999976e-01 2.116794e+01
9.999620e-01 -1.886234e-04 -8.717588e-03 -9.743727e+00 1.965684e-04 9.999996e-01 9.105372e-04 3.544492e-01 8.717412e-03 -9.122169e-04 9.999616e-01 2.131423e+01
9.999955e-01 3.709060e-04 2.976329e-03 -1.022045e+01 -3.698789e-04 9.999999e-01 -3.455759e-04 3.743712e-01 -2.976456e-03 3.444742e-04 9.999955e-01 2.156292e+01
9.999648e-01 -1.916882e-04 -8.384914e-03 -1.016706e+01 1.991286e-04 9.999996e-01 8.865407e-04 3.742483e-01 8.384740e-03 -8.881799e-04 9.999645e-01 2.186334e+01
9.999996e-01 8.394623e-04 3.462044e-04 -9.351797e+00 -8.395262e-04 9.999996e-01 1.848612e-04 3.551981e-01 -3.460487e-04 -1.851511e-04 9.999999e-01 2.195755e+01
9.999573e-01 -1.088186e-04 -9.240852e-03 -8.637127e+00 1.213847e-04 9.999991e-01 1.359307e-03 3.318332e-01 9.240695e-03 -1.360371e-03 9.999564e-01 2.215879e+01
9.999905e-01 4.441220e-04 4.335456e-03 -8.479260e+00 -4.403442e-04 9.999995e-01 -8.722469e-04 3.119627e-01 -4.335841e-03 8.703302e-04 9.999902e-01 2.265935e+01
9.999585e-01 -3.867811e-04 -9.099529e-03 -8.727453e+00 3.995034e-04 9.999989e-01 1.396370e-03 3.229298e-01 9.098979e-03 -1.399948e-03 9.999576e-01 2.308501e+01
9.999874e-01 5.009860e-04 4.992086e-03 -8.889588e+00 -4.951655e-04 9.999992e-01 -1.167074e-03 3.256084e-01 -4.992666e-03 1.164588e-03 9.999869e-01 2.373252e+01
9.999396e-01 -2.207972e-05 -1.098730e-02 -8.546531e+00 4.104287e-05 9.999985e-01 1.725706e-03 2.996619e-01 1.098725e-02 -1.726053e-03 9.999381e-01 2.421204e+01
9.999984e-01 4.850580e-04 1.729595e-03 -8.293418e+00 -4.843832e-04 9.999998e-01 -3.904712e-04 2.942475e-01 -1.729784e-03 3.896335e-04 9.999984e-01 2.454825e+01
9.999589e-01 -1.282626e-04 -9.066349e-03 -8.204716e+00 1.404973e-04 9.999991e-01 1.348854e-03 2.885361e-01 9.066168e-03 -1.350073e-03 9.999580e-01 2.508787e+01
9.999989e-01 7.736874e-04 -1.227294e-03 -7.432856e+00 -7.736204e-04 9.999997e-01 5.495827e-05 2.649497e-01 1.227336e-03 -5.400805e-05 9.999992e-01 2.543505e+01
9.999768e-01 -2.386371e-04 -6.811249e-03 -7.055818e+00 2.463436e-04 9.999993e-01 1.130644e-03 2.462152e-01 6.810974e-03 -1.132296e-03 9.999762e-01 2.601714e+01
9.999983e-01 3.200395e-04 1.836437e-03 -7.252640e+00 -3.186384e-04 9.999997e-01 -7.630616e-04 2.548176e-01 -1.836680e-03 7.624759e-04 9.999980e-01 2.663347e+01
9.999667e-01 -4.041444e-04 -8.146351e-03 -8.028547e+00 4.153125e-04 9.999990e-01 1.369304e-03 3.029517e-01 8.145789e-03 -1.372643e-03 9.999659e-01 2.721147e+01
9.999992e-01 2.341330e-04 1.251683e-03 -9.087680e+00 -2.332055e-04 9.999997e-01 -7.409454e-04 3.687245e-01 -1.251855e-03 7.406536e-04 9.999989e-01 2.788304e+01
9.999772e-01 -1.219852e-04 -6.757480e-03 -9.321307e+00 1.304964e-04 9.999992e-01 1.259121e-03 3.853143e-01 6.757321e-03 -1.259974e-03 9.999764e-01 2.838632e+01
9.999999e-01 2.907794e-04 4.010327e-04 -9.811232e+00 -2.905907e-04 9.999998e-01 -4.701066e-04 4.082795e-01 -4.011690e-04 4.699907e-04 9.999998e-01 2.863353e+01
9.999787e-01 -3.741130e-04 -6.509872e-03 -1.041185e+01 3.820528e-04 9.999992e-01 1.218482e-03 4.413195e-01 6.509410e-03 -1.220944e-03 9.999781e-01 2.913608e+01
9.999997e-01 3.343862e-04 6.257559e-04 -1.091250e+01 -3.339527e-04 9.999997e-01 -6.925352e-04 4.702699e-01 -6.259870e-04 6.923268e-04 9.999996e-01 2.969200e+01
9.999708e-01 -1.369513e-04 -7.638429e-03 -1.170066e+01 1.475479e-04 9.999990e-01 1.386744e-03 5.046430e-01 7.638231e-03 -1.387831e-03 9.999699e-01 2.990342e+01
9.999986e-01 2.957695e-04 1.664493e-03 -1.232853e+01 -2.943099e-04 9.999996e-01 -8.769198e-04 5.307036e-01 -1.664752e-03 8.764294e-04 9.999982e-01 3.020416e+01
9.999831e-01 -3.052493e-04 -5.800389e-03 -1.260960e+01 3.117085e-04 9.999993e-01 1.112752e-03 5.412937e-01 5.800045e-03 -1.114541e-03 9.999826e-01 3.084820e+01
9.999981e-01 2.288573e-04 1.930832e-03 -1.293770e+01 -2.270384e-04 9.999995e-01 -9.421047e-04 5.533666e-01 -1.931047e-03 9.416652e-04 9.999977e-01 3.172034e+01
9.999739e-01 -3.167144e-04 -7.216030e-03 -1.352111e+01 3.262369e-04 9.999991e-01 1.318512e-03 5.879006e-01 7.215605e-03 -1.320833e-03 9.999731e-01 3.242445e+01
9.999960e-01 2.584408e-04 2.825837e-03 -1.382537e+01 -2.558317e-04 9.999995e-01 -9.235428e-04 6.018215e-01 -2.826074e-03 9.228168e-04 9.999956e-01 3.307130e+01
9.999663e-01 -5.964284e-04 -8.190167e-03 -1.474192e+01 6.073144e-04 9.999989e-01 1.326752e-03 6.660722e-01 8.189367e-03 -1.331682e-03 9.999656e-01 3.401439e+01
9.999983e-01 3.229513e-04 1.832675e-03 -1.586527e+01 -3.215403e-04 9.999997e-01 -7.700342e-04 7.410754e-01 -1.832923e-03 7.694443e-04 9.999980e-01 3.488711e+01
9.999710e-01 -3.261288e-04 -7.606893e-03 -1.645505e+01 3.364893e-04 9.999990e-01 1.360767e-03 7.754962e-01 7.606442e-03 -1.363288e-03 9.999701e-01 3.541275e+01
9.999998e-01 5.224198e-04 3.477851e-04 -1.733584e+01 -5.221971e-04 9.999997e-01 -6.398034e-04 8.145993e-01 -3.481189e-04 6.396223e-04 9.999997e-01 3.560805e+01
9.999652e-01 -4.331158e-04 -8.331386e-03 -1.857233e+01 4.443785e-04 9.999990e-01 1.350051e-03 8.770516e-01 8.330793e-03 -1.353707e-03 9.999644e-01 3.593482e+01
9.999998e-01 5.623320e-04 3.099168e-04 -1.977567e+01 -5.621447e-04 9.999997e-01 -6.036031e-04 9.383324e-01 -3.102558e-04 6.034294e-04 9.999998e-01 3.629276e+01
9.999666e-01 -1.967868e-04 -8.169008e-03 -2.071718e+01 2.075676e-04 9.999991e-01 1.318925e-03 9.730702e-01 8.168741e-03 -1.320577e-03 9.999658e-01 3.629815e+01
9.999992e-01 6.681235e-04 1.095647e-03 -2.135686e+01 -6.674330e-04 9.999996e-01 -6.302576e-04 9.912482e-01 -1.096068e-03 6.295265e-04 9.999992e-01 3.617132e+01
9.999833e-01 -5.919938e-04 -5.757029e-03 -2.160406e+01 5.983418e-04 9.999992e-01 1.101033e-03 1.000892e+00 5.756372e-03 -1.104459e-03 9.999828e-01 3.656791e+01
9.999992e-01 8.554541e-04 9.716544e-04 -2.146324e+01 -8.548506e-04 9.999994e-01 -6.211580e-04 9.861941e-01 -9.721849e-04 6.203275e-04 9.999993e-01 3.704660e+01
9.999844e-01 -5.334142e-04 -5.560411e-03 -2.135007e+01 5.396119e-04 9.999992e-01 1.113199e-03 9.684150e-01 5.559813e-03 -1.116183e-03 9.999839e-01 3.745046e+01
9.999994e-01 7.874037e-04 8.109144e-04 -2.151927e+01 -7.868488e-04 9.999995e-01 -6.841598e-04 9.682311e-01 -8.114524e-04 6.835219e-04 9.999994e-01 3.766580e+01
9.999823e-01 -5.983142e-04 -5.927863e-03 -2.170491e+01 6.060306e-04 9.999990e-01 1.300047e-03 9.705811e-01 5.927079e-03 -1.303617e-03 9.999816e-01 3.785366e+01
9.999997e-01 7.733315e-04 2.595313e-04 -2.194414e+01 -7.731719e-04 9.999995e-01 -6.138893e-04 9.795457e-01 -2.600056e-04 6.136891e-04 9.999998e-01 3.809295e+01
9.999814e-01 -4.369170e-04 -6.084971e-03 -2.224994e+01 4.447265e-04 9.999991e-01 1.282152e-03 9.847789e-01 6.084405e-03 -1.284835e-03 9.999807e-01 3.811335e+01
9.999997e-01 7.083220e-04 -3.402663e-04 -2.280421e+01 -7.085394e-04 9.999995e-01 -6.399865e-04 1.002727e+00 3.398132e-04 6.402281e-04 9.999997e-01 3.820160e+01
9.999855e-01 -5.058878e-04 -5.367345e-03 -2.331130e+01 5.122903e-04 9.999992e-01 1.191604e-03 1.020665e+00 5.366737e-03 -1.194337e-03 9.999849e-01 3.842072e+01
9.999998e-01 6.535247e-04 1.927166e-04 -2.350664e+01 -6.534100e-04 9.999996e-01 -5.936911e-04 1.024394e+00 -1.931042e-04 5.935657e-04 9.999998e-01 3.877360e+01
9.999865e-01 -5.364033e-04 -5.159223e-03 -2.359600e+01 5.427372e-04 9.999991e-01 1.226409e-03 1.020878e+00 5.158561e-03 -1.229193e-03 9.999859e-01 3.915614e+01
9.999997e-01 7.777788e-04 -8.989563e-05 -2.367554e+01 -7.778363e-04 9.999995e-01 -6.435114e-04 1.016980e+00 8.939536e-05 6.435818e-04 9.999998e-01 3.950113e+01
9.999862e-01 -5.649393e-04 -5.230480e-03 -2.361864e+01 5.720153e-04 9.999989e-01 1.351500e-03 1.006090e+00 5.229711e-03 -1.354474e-03 9.999854e-01 3.990051e+01
9.999997e-01 8.291705e-04 -2.019565e-05 -2.353470e+01 -8.291830e-04 9.999995e-01 -6.394070e-04 9.951031e-01 1.966575e-05 6.394242e-04 9.999998e-01 4.019490e+01
9.999932e-01 -7.497789e-04 -3.614315e-03 -2.364541e+01 7.530193e-04 9.999993e-01 8.953342e-04 9.904065e-01 3.613641e-03 -8.980504e-04 9.999931e-01 4.086205e+01
9.999997e-01 7.216562e-04 -3.980905e-04 -2.408692e+01 -7.219547e-04 9.999995e-01 -7.505959e-04 1.011112e+00 3.975489e-04 7.508838e-04 9.999996e-01 4.157954e+01
9.999712e-01 -1.057001e-04 -7.587248e-03 -2.478804e+01 1.181431e-04 9.999986e-01 1.639582e-03 1.027789e+00 7.587064e-03 -1.640432e-03 9.999699e-01 4.128185e+01
9.999993e-01 7.657877e-04 -8.494258e-04 -2.554661e+01 -7.663877e-04 9.999995e-01 -7.064393e-04 1.041948e+00 8.488846e-04 7.070905e-04 9.999994e-01 4.086568e+01
9.999976e-01 -8.227925e-04 -2.043746e-03 -2.554863e+01 8.237233e-04 9.999996e-01 4.547457e-04 1.016989e+00 2.043370e-03 -4.564287e-04 9.999978e-01 4.232861e+01
9.999985e-01 1.246789e-03 -1.169070e-03 -2.535674e+01 -1.247440e-03 9.999991e-01 -5.572133e-04 9.723378e-01 1.168374e-03 5.586715e-04 9.999992e-01 4.346909e+01
9.999891e-01 -3.961009e-04 -4.646737e-03 -2.550724e+01 4.003561e-04 9.999995e-01 9.148917e-04 9.729251e-01 4.646372e-03 -9.167428e-04 9.999888e-01 4.252439e+01
9.999929e-01 1.087088e-03 -3.613667e-03 -2.629465e+01 -1.087673e-03 9.999994e-01 -1.601051e-04 9.897414e-01 3.613491e-03 1.640351e-04 9.999935e-01 4.195892e+01
9.999931e-01 -6.639648e-04 -3.661902e-03 -2.700443e+01 6.671408e-04 9.999994e-01 8.662336e-04 1.010218e+00 3.661325e-03 -8.686713e-04 9.999929e-01 4.189948e+01
9.999895e-01 9.537806e-04 -4.472143e-03 -2.803447e+01 -9.548320e-04 9.999995e-01 -2.330311e-04 1.049764e+00 4.471919e-03 2.372995e-04 9.999900e-01 4.203551e+01
9.999915e-01 -5.666991e-04 -4.079844e-03 -2.937380e+01 5.696157e-04 9.999996e-01 7.138157e-04 1.104373e+00 4.079437e-03 -7.161343e-04 9.999914e-01 4.208635e+01
9.999958e-01 8.140205e-04 -2.784990e-03 -2.992883e+01 -8.136586e-04 9.999997e-01 1.309951e-04 1.127133e+00 2.785096e-03 -1.287278e-04 9.999961e-01 4.221440e+01
9.999862e-01 -2.948793e-04 -5.241765e-03 -2.935002e+01 3.003168e-04 9.999994e-01 1.036635e-03 1.099909e+00 5.241456e-03 -1.038195e-03 9.999857e-01 4.247995e+01
9.999987e-01 6.981680e-04 -1.424009e-03 -2.904604e+01 -6.984847e-04 9.999997e-01 -2.221206e-04 1.082890e+00 1.423854e-03 2.231157e-04 9.999990e-01 4.283099e+01
9.999913e-01 -3.609763e-04 -4.152648e-03 -2.915150e+01 3.643454e-04 9.999996e-01 8.106381e-04 1.084812e+00 4.152354e-03 -8.121447e-04 9.999910e-01 4.307369e+01
9.999929e-01 8.529876e-04 -3.674629e-03 -2.842663e+01 -8.514692e-04 9.999996e-01 4.146903e-04 1.040938e+00 3.674981e-03 -4.115578e-04 9.999932e-01 4.373575e+01
9.999898e-01 -1.085576e-04 -4.524008e-03 -2.767402e+01 1.124357e-04 9.999996e-01 8.570375e-04 1.001993e+00 4.523913e-03 -8.575381e-04 9.999894e-01 4.420781e+01
9.999985e-01 8.528315e-04 -1.536331e-03 -2.715738e+01 -8.530350e-04 9.999996e-01 -1.319562e-04 9.965260e-01 1.536218e-03 1.332672e-04 9.999988e-01 4.380936e+01
9.999792e-01 -3.223615e-04 -6.440253e-03 -2.787082e+01 3.290884e-04 9.999994e-01 1.043522e-03 1.015745e+00 6.439913e-03 -1.045620e-03 9.999787e-01 4.361409e+01
9.999994e-01 6.944123e-04 -9.037034e-04 -2.851413e+01 -6.946854e-04 9.999997e-01 -3.022614e-04 1.039279e+00 9.034935e-04 3.028897e-04 9.999995e-01 4.361801e+01
9.999906e-01 -4.416079e-05 -4.337545e-03 -2.833431e+01 4.797302e-05 9.999996e-01 8.788542e-04 1.039062e+00 4.337504e-03 -8.790547e-04 9.999902e-01 4.311858e+01
9.999993e-01 8.276651e-04 -7.983873e-04 -2.814902e+01 -8.280094e-04 9.999996e-01 -4.313970e-04 1.040646e+00 7.980302e-04 4.320585e-04 9.999996e-01 4.240769e+01
9.999894e-01 -2.328802e-04 -4.594828e-03 -2.775722e+01 2.380993e-04 9.999993e-01 1.135412e-03 1.037473e+00 4.594561e-03 -1.136495e-03 9.999888e-01 4.208900e+01
9.999994e-01 8.241131e-04 -7.064723e-04 -2.734934e+01 -8.243827e-04 9.999996e-01 -3.817876e-04 1.029923e+00 7.061577e-04 3.823704e-04 9.999997e-01 4.190727e+01
9.999790e-01 -1.258914e-04 -6.478951e-03 -2.669678e+01 1.351909e-04 9.999990e-01 1.434968e-03 1.005199e+00 6.478763e-03 -1.435815e-03 9.999780e-01 4.200710e+01
9.999997e-01 7.480229e-04 -5.745811e-05 -2.606352e+01 -7.480569e-04 9.999995e-01 -5.990436e-04 9.763540e-01 5.701024e-05 5.990870e-04 9.999998e-01 4.227678e+01
9.999893e-01 -2.773597e-04 -4.619591e-03 -2.585611e+01 2.826491e-04 9.999993e-01 1.144439e-03 9.665822e-01 4.619271e-03 -1.145733e-03 9.999887e-01 4.215982e+01
9.999996e-01 7.255585e-04 -5.692772e-04 -2.579633e+01 -7.258332e-04 9.999996e-01 -4.829291e-04 9.587835e-01 5.689269e-04 4.833428e-04 9.999997e-01 4.213595e+01
9.999870e-01 -4.713510e-04 -5.080585e-03 -2.557265e+01 4.772845e-04 9.999992e-01 1.166790e-03 9.349652e-01 5.080031e-03 -1.169200e-03 9.999864e-01 4.261638e+01
9.999911e-01 1.327426e-03 -4.010553e-03 -2.459874e+01 -1.327068e-03 9.999991e-01 9.192572e-05 8.761622e-01 4.010671e-03 -8.660197e-05 9.999920e-01 4.343668e+01
9.999972e-01 -5.233470e-04 -2.309236e-03 -2.375748e+01 5.247784e-04 9.999997e-01 6.194108e-04 8.393418e-01 2.308911e-03 -6.206216e-04 9.999971e-01 4.382921e+01
9.999962e-01 1.066896e-03 -2.548874e-03 -2.346003e+01 -1.066674e-03 9.999994e-01 8.837809e-05 8.333517e-01 2.548967e-03 -8.565828e-05 9.999967e-01 4.356788e+01
9.999938e-01 -6.244209e-04 -3.466897e-03 -2.312435e+01 6.273411e-04 9.999994e-01 8.413570e-04 8.122995e-01 3.466369e-03 -8.435274e-04 9.999936e-01 4.373268e+01
9.999968e-01 1.063588e-03 -2.298008e-03 -2.275858e+01 -1.063940e-03 9.999994e-01 -1.519987e-04 7.751799e-01 2.297845e-03 1.544438e-04 9.999973e-01 4.439543e+01
9.999980e-01 -8.893833e-04 -1.765673e-03 -2.267733e+01 8.900638e-04 9.999995e-01 3.848248e-04 7.500480e-01 1.765330e-03 -3.863963e-04 9.999984e-01 4.527479e+01
9.999956e-01 1.088521e-03 -2.777088e-03 -2.267408e+01 -1.088355e-03 9.999994e-01 6.107186e-05 7.394972e-01 2.777153e-03 -5.804847e-05 9.999961e-01 4.573161e+01
9.999983e-01 -8.480400e-04 -1.666869e-03 -2.256701e+01 8.486887e-04 9.999996e-01 3.887142e-04 7.177234e-01 1.666538e-03 -3.901288e-04 9.999985e-01 4.623537e+01
9.999923e-01 1.126868e-03 -3.755536e-03 -2.238695e+01 -1.126520e-03 9.999994e-01 9.480385e-05 6.940296e-01 3.755641e-03 -9.057178e-05 9.999929e-01 4.695514e+01
9.999987e-01 -1.039559e-03 -1.243189e-03 -2.263124e+01 1.039987e-03 9.999994e-01 3.443562e-04 7.032237e-01 1.242830e-03 -3.456493e-04 9.999992e-01 4.746812e+01
9.999850e-01 1.064328e-03 -5.378654e-03 -2.346680e+01 -1.062859e-03 9.999994e-01 2.759202e-04 7.462512e-01 5.378945e-03 -2.701987e-04 9.999855e-01 4.786485e+01
9.999990e-01 -1.185950e-03 -8.154493e-04 -2.427746e+01 1.186207e-03 9.999992e-01 3.154175e-04 7.939061e-01 8.150744e-04 -3.163851e-04 9.999996e-01 4.844663e+01
9.999897e-01 1.333297e-03 -4.341008e-03 -2.453207e+01 -1.332733e-03 9.999991e-01 1.326579e-04 8.041201e-01 4.341182e-03 -1.268705e-04 9.999906e-01 4.880673e+01
9.999992e-01 -1.229078e-03 -6.887866e-05 -2.486128e+01 1.229084e-03 9.999992e-01 8.957525e-05 8.133003e-01 6.876828e-05 -8.966049e-05 1.000000e+00 4.927765e+01
9.999886e-01 1.592700e-03 -4.509668e-03 -2.468058e+01 -1.591486e-03 9.999987e-01 2.726568e-04 7.918320e-01 4.510096e-03 -2.654759e-04 9.999898e-01 4.975148e+01
9.999977e-01 -9.161723e-04 -1.951256e-03 -2.412728e+01 9.173260e-04 9.999994e-01 5.906133e-04 7.721918e-01 1.950713e-03 -5.924025e-04 9.999979e-01 4.981179e+01
9.999928e-01 1.154072e-03 -3.611511e-03 -2.416935e+01 -1.153375e-03 9.999993e-01 1.951381e-04 7.696936e-01 3.611734e-03 -1.909706e-04 9.999935e-01 4.996524e+01
9.999977e-01 -1.109352e-03 -1.817230e-03 -2.455918e+01 1.109961e-03 9.999993e-01 3.344706e-04 7.871656e-01 1.816858e-03 -3.364875e-04 9.999983e-01 5.036478e+01
9.999884e-01 1.164842e-03 -4.674670e-03 -2.559158e+01 -1.165220e-03 9.999993e-01 -7.819246e-05 8.382767e-01 4.674576e-03 8.363922e-05 9.999891e-01 5.092619e+01
9.999993e-01 -1.000975e-03 -5.920012e-04 -2.637848e+01 1.000994e-03 9.999995e-01 3.148258e-05 8.642405e-01 5.919692e-04 -3.207579e-05 9.999998e-01 5.154383e+01
9.999932e-01 1.076323e-03 -3.535258e-03 -2.708334e+01 -1.077465e-03 9.999994e-01 -3.211702e-04 8.879749e-01 3.534910e-03 3.249778e-04 9.999937e-01 5.250321e+01
9.999994e-01 -1.073061e-03 -1.011252e-04 -2.760173e+01 1.073074e-03 9.999994e-01 1.336311e-04 9.059991e-01 1.009815e-04 -1.337402e-04 1.000000e+00 5.339652e+01
9.999891e-01 9.196100e-04 -4.575158e-03 -2.819084e+01 -9.192997e-04 9.999996e-01 6.984963e-05 9.367381e-01 4.575220e-03 -6.564229e-05 9.999895e-01 5.416502e+01
9.999994e-01 -9.382361e-04 5.416795e-04 -2.847254e+01 9.382436e-04 9.999996e-01 -1.424137e-05 9.460960e-01 -5.416661e-04 1.474894e-05 9.999999e-01 5.505421e+01
9.999729e-01 1.505636e-03 -7.208664e-03 -2.793152e+01 -1.500332e-03 9.999986e-01 7.410383e-04 9.041366e-01 7.209770e-03 -7.302022e-04 9.999737e-01 5.580459e+01
9.999976e-01 -1.126766e-03 1.871636e-03 -2.763989e+01 1.127274e-03 9.999993e-01 -2.708096e-04 8.741906e-01 -1.871330e-03 2.729181e-04 9.999982e-01 5.641357e+01
9.999766e-01 1.356635e-03 -6.710677e-03 -2.758059e+01 -1.352010e-03 9.999988e-01 6.936315e-04 8.616588e-01 6.711610e-03 -6.845417e-04 9.999772e-01 5.693314e+01
9.999991e-01 -1.129271e-03 7.834096e-04 -2.792239e+01 1.129488e-03 9.999993e-01 -2.763310e-04 8.766620e-01 -7.830973e-04 2.772150e-04 9.999997e-01 5.726094e+01
9.999807e-01 1.440286e-03 -6.048660e-03 -2.772761e+01 -1.435049e-03 9.999986e-01 8.700557e-04 8.582985e-01 6.049905e-03 -8.613581e-04 9.999813e-01 5.769840e+01
9.999983e-01 -1.359802e-03 1.241205e-03 -2.781168e+01 1.360500e-03 9.999989e-01 -5.619726e-04 8.487457e-01 -1.240440e-03 5.636597e-04 9.999991e-01 5.857265e+01
9.999642e-01 1.466863e-03 -8.333945e-03 -2.888259e+01 -1.458543e-03 9.999984e-01 1.004338e-03 9.013692e-01 8.335405e-03 -9.921461e-04 9.999648e-01 5.910645e+01
9.999971e-01 -1.242262e-03 2.045155e-03 -2.958801e+01 1.243302e-03 9.999991e-01 -5.077157e-04 9.271806e-01 -2.044522e-03 5.102563e-04 9.999978e-01 5.927811e+01
9.999710e-01 1.419629e-03 -7.478807e-03 -2.976847e+01 -1.411275e-03 9.999984e-01 1.122140e-03 9.331981e-01 7.480388e-03 -1.111552e-03 9.999714e-01 5.953125e+01
9.999960e-01 -1.508220e-03 2.406771e-03 -3.026224e+01 1.509716e-03 9.999987e-01 -6.202540e-04 9.633792e-01 -2.405832e-03 6.238845e-04 9.999969e-01 6.010853e+01
9.999662e-01 1.512561e-03 -8.078054e-03 -3.075776e+01 -1.503826e-03 9.999983e-01 1.087260e-03 9.960720e-01 8.079685e-03 -1.075075e-03 9.999668e-01 6.064105e+01
9.999971e-01 -1.288290e-03 2.051763e-03 -3.130146e+01 1.289318e-03 9.999990e-01 -5.000952e-04 1.018718e+00 -2.051117e-03 5.027385e-04 9.999978e-01 6.083316e+01
9.999551e-01 1.685175e-03 -9.325787e-03 -3.200578e+01 -1.674207e-03 9.999979e-01 1.183728e-03 1.041006e+00 9.327762e-03 -1.168060e-03 9.999558e-01 6.081588e+01
9.999975e-01 -1.482505e-03 1.658700e-03 -3.296975e+01 1.483254e-03 9.999988e-01 -4.503565e-04 1.083222e+00 -1.658031e-03 4.528150e-04 9.999985e-01 6.095271e+01
9.999690e-01 1.770613e-03 -7.666941e-03 -3.348510e+01 -1.762718e-03 9.999979e-01 1.036348e-03 1.114951e+00 7.668760e-03 -1.022800e-03 9.999701e-01 6.119901e+01
9.999960e-01 -1.392791e-03 2.465683e-03 -3.324751e+01 1.393942e-03 9.999989e-01 -4.652461e-04 1.116861e+00 -2.465033e-03 4.686806e-04 9.999969e-01 6.119121e+01
9.999425e-01 2.065815e-03 -1.052014e-02 -3.259863e+01 -2.050336e-03 9.999968e-01 1.481911e-03 1.110565e+00 1.052317e-02 -1.460256e-03 9.999436e-01 6.094475e+01
9.999884e-01 -1.920178e-03 4.424023e-03 -3.255829e+01 1.923520e-03 9.999979e-01 -7.515382e-04 1.107705e+00 -4.422571e-03 7.600386e-04 9.999899e-01 6.145766e+01
9.999557e-01 2.025901e-03 -9.195186e-03 -3.273290e+01 -2.016267e-03 9.999974e-01 1.056851e-03 1.113306e+00 9.197304e-03 -1.038264e-03 9.999572e-01 6.213684e+01
9.999939e-01 -1.622268e-03 3.086939e-03 -3.248561e+01 1.623295e-03 9.999986e-01 -3.304608e-04 1.094684e+00 -3.086399e-03 3.354691e-04 9.999952e-01 6.244362e+01
9.999533e-01 2.128294e-03 -9.427954e-03 -3.214706e+01 -2.117097e-03 9.999970e-01 1.197442e-03 1.085055e+00 9.430475e-03 -1.177426e-03 9.999548e-01 6.250041e+01
9.999948e-01 -1.408149e-03 2.916224e-03 -3.210521e+01 1.409701e-03 9.999989e-01 -5.306296e-04 1.089301e+00 -2.915474e-03 5.347372e-04 9.999956e-01 6.197036e+01
9.999609e-01 2.114455e-03 -8.590548e-03 -3.173503e+01 -2.105001e-03 9.999972e-01 1.109338e-03 1.085407e+00 8.592870e-03 -1.091211e-03 9.999625e-01 6.145216e+01
9.999960e-01 -1.301090e-03 2.513987e-03 -3.105311e+01 1.302070e-03 9.999991e-01 -3.882858e-04 1.080748e+00 -2.513480e-03 3.915570e-04 9.999968e-01 6.102472e+01
9.999690e-01 1.997419e-03 -7.610589e-03 -3.052060e+01 -1.989384e-03 9.999975e-01 1.063174e-03 1.078041e+00 7.612694e-03 -1.048000e-03 9.999705e-01 6.057403e+01
9.999964e-01 -1.556022e-03 2.176306e-03 -3.018929e+01 1.556958e-03 9.999987e-01 -4.286147e-04 1.047717e+00 -2.175636e-03 4.320010e-04 9.999975e-01 6.108778e+01
9.999763e-01 1.966408e-03 -6.601958e-03 -2.996506e+01 -1.961172e-03 9.999978e-01 7.994517e-04 1.013925e+00 6.603515e-03 -7.864845e-04 9.999779e-01 6.186137e+01
9.999977e-01 -1.656307e-03 1.366745e-03 -2.987423e+01 1.656632e-03 9.999986e-01 -2.370659e-04 1.001429e+00 -1.366351e-03 2.393290e-04 9.999990e-01 6.211531e+01
9.999667e-01 2.172302e-03 -7.869186e-03 -2.937758e+01 -2.163374e-03 9.999970e-01 1.142896e-03 9.872348e-01 7.871646e-03 -1.125833e-03 9.999684e-01 6.214265e+01
9.999964e-01 -1.689869e-03 2.091689e-03 -2.935960e+01 1.690776e-03 9.999985e-01 -4.318184e-04 9.911527e-01 -2.090956e-03 4.353528e-04 9.999977e-01 6.208306e+01
9.999601e-01 2.325858e-03 -8.621209e-03 -2.910548e+01 -2.315770e-03 9.999966e-01 1.179888e-03 9.899040e-01 8.623925e-03 -1.159876e-03 9.999621e-01 6.163729e+01
9.999976e-01 -1.665426e-03 1.450262e-03 -2.842684e+01 1.665707e-03 9.999986e-01 -1.925158e-04 9.810293e-01 -1.449939e-03 1.949304e-04 9.999989e-01 6.139264e+01
9.999634e-01 2.354545e-03 -8.225366e-03 -2.779829e+01 -2.345500e-03 9.999966e-01 1.109128e-03 9.722320e-01 8.227950e-03 -1.089794e-03 9.999656e-01 6.114978e+01
9.999968e-01 -1.715743e-03 1.840086e-03 -2.721148e+01 1.716081e-03 9.999985e-01 -1.823956e-04 9.649227e-01 -1.839771e-03 1.855522e-04 9.999983e-01 6.088511e+01
9.999689e-01 2.286635e-03 -7.554119e-03 -2.670109e+01 -2.278824e-03 9.999969e-01 1.042367e-03 9.540220e-01 7.556479e-03 -1.025119e-03 9.999709e-01 6.073664e+01
9.999942e-01 -1.789876e-03 2.906893e-03 -2.637106e+01 1.790918e-03 9.999983e-01 -3.561080e-04 9.372231e-01 -2.906251e-03 3.613114e-04 9.999957e-01 6.086074e+01
9.999582e-01 2.370866e-03 -8.831568e-03 -2.590439e+01 -2.360569e-03 9.999965e-01 1.176094e-03 9.201217e-01 8.834326e-03 -1.155197e-03 9.999603e-01 6.086836e+01
9.999982e-01 -1.768610e-03 6.949429e-04 -2.524011e+01 1.768616e-03 9.999984e-01 -8.949240e-06 9.015026e-01 -6.949262e-04 1.017771e-05 9.999998e-01 6.086144e+01
9.999712e-01 2.259351e-03 -7.239323e-03 -2.476854e+01 -2.252391e-03 9.999970e-01 9.693753e-04 8.760262e-01 7.241492e-03 -9.530411e-04 9.999733e-01 6.111376e+01
9.999987e-01 -1.599167e-03 9.715508e-05 -2.421632e+01 1.599168e-03 9.999987e-01 -2.248181e-05 8.568778e-01 -9.711916e-05 2.263655e-05 1.000000e+00 6.112704e+01
9.999634e-01 2.192893e-03 -8.266172e-03 -2.350553e+01 -2.182921e-03 9.999969e-01 1.215204e-03 8.415191e-01 8.268812e-03 -1.197115e-03 9.999651e-01 6.101434e+01
9.999982e-01 -1.645930e-03 9.608135e-04 -2.302289e+01 1.646080e-03 9.999986e-01 -1.549367e-04 8.212309e-01 -9.605573e-04 1.565174e-04 9.999995e-01 6.114052e+01
9.999627e-01 2.201795e-03 -8.355988e-03 -2.248557e+01 -2.191990e-03 9.999969e-01 1.182289e-03 8.020610e-01 8.358565e-03 -1.163928e-03 9.999644e-01 6.122693e+01
9.999980e-01 -1.672175e-03 1.109791e-03 -2.195729e+01 1.672384e-03 9.999986e-01 -1.879204e-04 7.854620e-01 -1.109476e-03 1.897754e-04 9.999994e-01 6.123965e+01
9.999629e-01 2.221592e-03 -8.324450e-03 -2.134854e+01 -2.211267e-03 9.999968e-01 1.249224e-03 7.693867e-01 8.327199e-03 -1.230770e-03 9.999646e-01 6.117425e+01
9.999967e-01 -1.357304e-03 2.179287e-03 -2.068254e+01 1.358251e-03 9.999990e-01 -4.333008e-04 7.634906e-01 -2.178697e-03 4.362588e-04 9.999975e-01 6.090707e+01
9.999675e-01 2.354225e-03 -7.711986e-03 -2.042110e+01 -2.348610e-03 9.999970e-01 7.370995e-04 7.698233e-01 7.713698e-03 -7.189625e-04 9.999700e-01 5.986781e+01
9.999964e-01 -1.700646e-03 2.063811e-03 -1.992764e+01 1.700529e-03 9.999986e-01 5.840190e-05 7.665340e-01 -2.063908e-03 -5.489271e-05 9.999979e-01 5.946341e+01
9.999658e-01 2.265331e-03 -7.949767e-03 -1.951561e+01 -2.259630e-03 9.999972e-01 7.260233e-04 7.440092e-01 7.951389e-03 -7.080344e-04 9.999681e-01 5.981976e+01
9.999965e-01 -1.808732e-03 1.921996e-03 -1.910542e+01 1.808850e-03 9.999984e-01 -5.944070e-05 7.271740e-01 -1.921886e-03 6.291650e-05 9.999982e-01 6.000424e+01
9.999637e-01 2.478854e-03 -8.154315e-03 -1.857146e+01 -2.471826e-03 9.999966e-01 8.717627e-04 7.213479e-01 8.156448e-03 -8.515744e-04 9.999664e-01 5.963782e+01
9.999969e-01 -2.029297e-03 1.452639e-03 -1.809511e+01 2.029145e-03 9.999979e-01 1.059082e-04 7.012293e-01 -1.452851e-03 -1.029609e-04 9.999989e-01 5.974851e+01
9.999647e-01 2.431556e-03 -8.044797e-03 -1.768751e+01 -2.424701e-03 9.999967e-01 8.617575e-04 6.791499e-01 8.046866e-03 -8.422203e-04 9.999673e-01 6.005876e+01
9.999975e-01 -1.811588e-03 1.292168e-03 -1.711643e+01 1.811516e-03 9.999984e-01 5.676552e-05 6.576799e-01 -1.292269e-03 -5.442518e-05 9.999992e-01 6.028249e+01
9.999617e-01 2.512348e-03 -8.381943e-03 -1.638739e+01 -2.504440e-03 9.999964e-01 9.538376e-04 6.434918e-01 8.384309e-03 -9.328084e-04 9.999644e-01 6.016192e+01
9.999963e-01 -1.940835e-03 1.930170e-03 -1.583691e+01 1.940970e-03 9.999981e-01 -6.810470e-05 6.253872e-01 -1.930034e-03 7.185026e-05 9.999981e-01 6.031194e+01
9.999743e-01 2.171351e-03 -6.833510e-03 -1.572063e+01 -2.167164e-03 9.999975e-01 6.200797e-04 6.168711e-01 6.834839e-03 -6.052538e-04 9.999765e-01 6.063987e+01
9.999964e-01 -1.830311e-03 1.953775e-03 -1.547313e+01 1.830219e-03 9.999983e-01 4.846004e-05 6.056653e-01 -1.953861e-03 -4.488460e-05 9.999981e-01 6.086797e+01
9.999604e-01 2.309278e-03 -8.589048e-03 -1.499362e+01 -2.301498e-03 9.999969e-01 9.156093e-04 5.823705e-01 8.591137e-03 -8.958048e-04 9.999627e-01 6.105133e+01
9.999985e-01 -1.657403e-03 5.206087e-04 -1.434496e+01 1.657336e-03 9.999986e-01 1.272869e-04 5.638820e-01 -5.208191e-04 -1.264245e-04 9.999999e-01 6.109403e+01
9.999840e-01 1.661710e-03 -5.412183e-03 -1.462381e+01 -1.659429e-03 9.999985e-01 4.258172e-04 5.786428e-01 5.412883e-03 -4.168287e-04 9.999853e-01 6.158707e+01
9.999988e-01 -1.542763e-03 1.888170e-05 -1.482094e+01 1.542760e-03 9.999988e-01 9.265606e-05 5.949852e-01 -1.902474e-05 -9.262739e-05 1.000000e+00 6.215936e+01
9.999409e-01 2.572507e-03 -1.056521e-02 -1.367489e+01 -2.558529e-03 9.999958e-01 1.336308e-03 5.846015e-01 1.056861e-02 -1.309197e-03 9.999433e-01 6.177943e+01
9.999975e-01 -1.749038e-03 1.368672e-03 -1.267074e+01 1.749281e-03 9.999985e-01 -1.769287e-04 5.714585e-01 -1.368360e-03 1.793219e-04 9.999990e-01 6.152306e+01
9.999550e-01 2.250186e-03 -9.219325e-03 -1.211880e+01 -2.238599e-03 9.999967e-01 1.266861e-03 5.550607e-01 9.222145e-03 -1.246165e-03 9.999567e-01 6.157140e+01
9.999942e-01 -1.972687e-03 2.791445e-03 -1.191505e+01 1.974023e-03 9.999979e-01 -4.760698e-04 5.539222e-01 -2.790501e-03 4.815768e-04 9.999960e-01 6.180251e+01
9.999227e-01 2.465037e-03 -1.218452e-02 -1.114417e+01 -2.444136e-03 9.999955e-01 1.729890e-03 5.209603e-01 1.218873e-02 -1.699975e-03 9.999243e-01 6.227740e+01
9.999885e-01 -1.805390e-03 4.441838e-03 -1.045218e+01 1.809098e-03 9.999980e-01 -8.311323e-04 4.875316e-01 -4.440328e-03 8.391579e-04 9.999898e-01 6.272250e+01
9.999548e-01 1.962736e-03 -9.298563e-03 -1.066225e+01 -1.949179e-03 9.999970e-01 1.466703e-03 4.945375e-01 9.301414e-03 -1.448512e-03 9.999557e-01 6.309405e+01
9.999935e-01 -1.755255e-03 3.146036e-03 -1.123232e+01 1.757872e-03 9.999981e-01 -8.294090e-04 5.156964e-01 -3.144575e-03 8.349334e-04 9.999947e-01 6.330892e+01
9.999573e-01 2.130885e-03 -8.993750e-03 -1.138830e+01 -2.117201e-03 9.999966e-01 1.530722e-03 5.161843e-01 8.996981e-03 -1.511615e-03 9.999584e-01 6.332576e+01
9.999913e-01 -1.612091e-03 3.841497e-03 -1.129613e+01 1.615462e-03 9.999983e-01 -8.747352e-04 5.051078e-01 -3.840080e-03 8.809328e-04 9.999922e-01 6.325437e+01
9.999155e-01 2.195845e-03 -1.281045e-02 -1.058289e+01 -2.169125e-03 9.999954e-01 2.099274e-03 4.796980e-01 1.281500e-02 -2.071309e-03 9.999157e-01 6.338028e+01
9.999917e-01 -1.360854e-03 3.844515e-03 -9.646335e+00 1.364326e-03 9.999987e-01 -9.006732e-04 4.546243e-01 -3.843284e-03 9.059103e-04 9.999922e-01 6.343260e+01
9.999357e-01 1.695942e-03 -1.121594e-02 -1.033816e+01 -1.676642e-03 9.999971e-01 1.729953e-03 4.767037e-01 1.121884e-02 -1.711036e-03 9.999356e-01 6.346852e+01
9.999941e-01 -1.193188e-03 3.232879e-03 -1.112909e+01 1.196141e-03 9.999989e-01 -9.118922e-04 4.994858e-01 -3.231788e-03 9.157532e-04 9.999944e-01 6.333138e+01
9.999609e-01 2.006893e-03 -8.617423e-03 -1.085225e+01 -1.995183e-03 9.999971e-01 1.367243e-03 4.999395e-01 8.620141e-03 -1.349996e-03 9.999619e-01 6.261820e+01
9.999940e-01 -1.455653e-03 3.138337e-03 -1.037789e+01 1.457230e-03 9.999988e-01 -5.006554e-04 4.837956e-01 -3.137605e-03 5.052252e-04 9.999950e-01 6.262415e+01
9.999628e-01 1.925737e-03 -8.410451e-03 -1.005961e+01 -1.916037e-03 9.999975e-01 1.161167e-03 4.612640e-01 8.412666e-03 -1.145009e-03 9.999640e-01 6.301558e+01
9.999988e-01 -1.356344e-03 7.017921e-04 -9.401027e+00 1.356329e-03 9.999991e-01 2.159500e-05 4.349659e-01 -7.018208e-04 -2.064366e-05 9.999998e-01 6.318882e+01
9.999708e-01 2.077528e-03 -7.358497e-03 -8.784677e+00 -2.070836e-03 9.999974e-01 9.169540e-04 4.139775e-01 7.360383e-03 -9.016884e-04 9.999725e-01 6.330750e+01
9.999948e-01 -1.424316e-03 2.881631e-03 -8.393187e+00 1.425473e-03 9.999989e-01 -3.995685e-04 4.108339e-01 -2.881058e-03 4.036736e-04 9.999958e-01 6.286783e+01
9.999673e-01 2.138227e-03 -7.798779e-03 -7.784635e+00 -2.131031e-03 9.999973e-01 9.308332e-04 4.018196e-01 7.800749e-03 -9.141828e-04 9.999692e-01 6.241603e+01
9.999985e-01 -1.288803e-03 1.189697e-03 -6.953178e+00 1.288765e-03 9.999992e-01 3.276978e-05 3.888607e-01 -1.189739e-03 -3.123702e-05 9.999993e-01 6.216162e+01
9.999749e-01 1.977137e-03 -6.798619e-03 -6.450140e+00 -1.972895e-03 9.999979e-01 6.304578e-04 3.868494e-01 6.799851e-03 -6.170285e-04 9.999767e-01 6.165280e+01
9.999990e-01 -1.331072e-03 -5.189086e-04 -5.727704e+00 1.331273e-03 9.999990e-01 3.890531e-04 3.721375e-01 5.183902e-04 -3.897441e-04 9.999998e-01 6.152121e+01
9.999819e-01 1.676410e-03 -5.784980e-03 -5.433429e+00 -1.674079e-03 9.999985e-01 4.076351e-04 3.512248e-01 5.785655e-03 -3.979427e-04 9.999832e-01 6.199311e+01
9.999990e-01 -1.335154e-03 -4.615467e-04 -5.132905e+00 1.335295e-03 9.999991e-01 3.068723e-04 3.322460e-01 4.611365e-04 -3.074888e-04 9.999998e-01 6.245587e+01
9.999804e-01 1.791133e-03 -6.002129e-03 -4.843093e+00 -1.787543e-03 9.999982e-01 6.032097e-04 3.145157e-01 6.003199e-03 -5.924683e-04 9.999818e-01 6.271731e+01
9.999987e-01 -1.423646e-03 -7.327531e-04 -5.275125e+00 1.423775e-03 9.999990e-01 1.762157e-04 3.276423e-01 7.325014e-04 -1.772593e-04 9.999997e-01 6.277423e+01
9.999850e-01 1.797532e-03 -5.174196e-03 -5.034404e+00 -1.794097e-03 9.999982e-01 6.684555e-04 3.065296e-01 5.175388e-03 -6.591620e-04 9.999864e-01 6.311312e+01
9.999596e-01 -9.075781e-04 -8.940931e-03 -3.484922e+00 9.175761e-04 9.999990e-01 1.114243e-03 2.382758e-01 8.939910e-03 -1.122402e-03 9.999594e-01 6.411991e+01
9.999914e-01 2.174910e-03 -3.532788e-03 -2.030509e+00 -2.173542e-03 9.999976e-01 3.910668e-04 1.812306e-01 3.533630e-03 -3.833843e-04 9.999937e-01 6.490559e+01
