9.999898e-01 2.617662e-04 -4.503266e-03 -6.424155e-02 -2.596380e-04 9.999999e-01 4.731747e-04 -1.096717e-02 4.503389e-03 -4.720014e-04 9.999897e-01 4.325046e-01
9.999997e-01 -4.996171e-05 7.173376e-04 -7.780764e-02 5.010220e-05 1.000000e+00 -1.957923e-04 -2.586174e-02 -7.173274e-04 1.958289e-04 9.999997e-01 1.080015e+00
9.999927e-01 2.343341e-04 -3.807506e-03 -8.063880e-02 -2.333134e-04 9.999999e-01 2.685334e-04 -4.311060e-02 3.807568e-03 -2.676438e-04 9.999927e-01 1.911319e+00
9.999999e-01 1.978593e-05 -4.746576e-04 -2.529749e-01 -1.976654e-05 1.000000e+00 4.079015e-05 -5.017273e-02 4.746588e-04 -4.078005e-05 9.999999e-01 2.477667e+00
9.999944e-01 2.782542e-04 -3.346795e-03 -3.275825e-01 -2.778576e-04 1.000000e+00 1.189550e-04 -6.430860e-02 3.346827e-03 -1.180251e-04 9.999944e-01 2.950163e+00
1.000000e+00 -4.229664e-05 -7.658966e-05 -2.907771e-01 4.230596e-05 1.000000e+00 1.212787e-04 -8.289900e-02 7.658487e-05 -1.212812e-04 1.000000e+00 3.595821e+00
9.999919e-01 3.846064e-04 -4.006108e-03 -9.986642e-02 -3.835604e-04 9.999999e-01 2.618718e-04 -1.050073e-01 4.006208e-03 -2.603338e-04 9.999919e-01 4.124528e+00
9.999999e-01 -1.036259e-04 3.240462e-04 1.266174e-02 1.035814e-04 1.000000e+00 1.374312e-04 -1.253758e-01 -3.240601e-04 -1.373969e-04 9.999999e-01 4.725366e+00
9.999909e-01 2.629358e-04 -4.261659e-03 -1.511028e-01 -2.623555e-04 1.000000e+00 1.367174e-04 -1.304944e-01 4.261694e-03 -1.355988e-04 9.999909e-01 5.422694e+00
9.999998e-01 -1.100685e-04 5.655009e-04 -2.408794e-01 1.100210e-04 1.000000e+00 8.403163e-05 -1.395013e-01 -5.655099e-04 -8.396869e-05 9.999998e-01 6.097193e+00
9.999892e-01 4.029815e-04 -4.626895e-03 -8.392441e-02 -4.015668e-04 9.999999e-01 3.066770e-04 -1.643914e-01 4.627017e-03 -3.048164e-04 9.999892e-01 6.819844e+00
9.999996e-01 -2.334795e-04 8.903642e-04 -1.403064e-01 2.335057e-04 1.000000e+00 -2.926491e-05 -1.760381e-01 -8.903570e-04 2.947352e-05 9.999996e-01 7.582989e+00
9.999796e-01 5.885392e-04 -6.364569e-03 -4.764118e-01 -5.853064e-04 9.999997e-01 5.097861e-04 -1.756815e-01 6.364867e-03 -5.060512e-04 9.999796e-01 7.865538e+00
9.999982e-01 -2.138111e-04 1.886771e-03 -5.165174e-01 2.141461e-04 1.000000e+00 -1.773171e-04 -1.866611e-01 -1.886733e-03 1.777216e-04 9.999982e-01 7.995471e+00
9.999657e-01 5.722369e-04 -8.262439e-03 -1.088394e+00 -5.663218e-04 9.999996e-01 7.182190e-04 -1.729914e-01 8.262847e-03 -7.135159e-04 9.999656e-01 8.171252e+00
9.999951e-01 -2.220928e-04 3.134691e-03 -8.830277e-01 2.225667e-04 1.000000e+00 -1.507869e-04 -1.943268e-01 -3.134657e-03 1.514845e-04 9.999951e-01 8.699689e+00
9.999749e-01 6.065336e-04 -7.053432e-03 -8.871035e-01 -6.042498e-04 9.999998e-01 3.259268e-04 -2.030093e-01 7.053628e-03 -3.216573e-04 9.999751e-01 8.752738e+00
9.999949e-01 -1.804989e-04 3.178060e-03 -7.859290e-01 1.805101e-04 1.000000e+00 -3.243057e-06 -2.160242e-01 -3.178059e-03 3.817424e-06 9.999949e-01 8.867978e+00
9.999683e-01 6.439619e-04 -7.934701e-03 -6.618623e-01 -6.396201e-04 9.999996e-01 5.497143e-04 -2.277228e-01 7.935052e-03 -5.446224e-04 9.999684e-01 8.902126e+00
9.999964e-01 -2.911361e-04 2.685655e-03 -8.337269e-01 2.911660e-04 1.000000e+00 -1.071886e-05 -2.255993e-01 -2.685651e-03 1.150151e-05 9.999964e-01 9.009799e+00
9.999775e-01 5.471314e-04 -6.692634e-03 -9.170035e-01 -5.452360e-04 9.999998e-01 2.850326e-04 -2.274134e-01 6.692788e-03 -2.813778e-04 9.999776e-01 9.224602e+00
9.999990e-01 5.319883e-05 1.447431e-03 -8.271612e-01 -5.366286e-05 9.999999e-01 3.205856e-04 -2.328428e-01 -1.447413e-03 -3.206622e-04 9.999989e-01 8.905386e+00
9.999763e-01 5.628418e-04 -6.862015e-03 -8.283127e-01 -5.614864e-04 9.999998e-01 1.994447e-04 -2.346524e-01 6.862126e-03 -1.955878e-04 9.999764e-01 8.496970e+00
9.999976e-01 6.543134e-05 2.198669e-03 -4.956560e-01 -6.611509e-05 9.999999e-01 3.109373e-04 -2.440968e-01 -2.198649e-03 -3.110812e-04 9.999975e-01 8.142139e+00
9.999802e-01 3.518367e-04 -6.284061e-03 -3.292325e-01 -3.504682e-04 9.999999e-01 2.188778e-04 -2.579465e-01 6.284137e-03 -2.166718e-04 9.999802e-01 8.362550e+00
9.999986e-01 -2.273131e-05 1.689513e-03 -3.429590e-01 2.223264e-05 1.000000e+00 2.952116e-04 -2.678025e-01 -1.689519e-03 -2.951729e-04 9.999985e-01 8.746720e+00
9.999767e-01 4.984166e-04 -6.805587e-03 -2.527581e-02 -4.956450e-04 9.999998e-01 4.089405e-04 -2.868674e-01 6.805789e-03 -4.055585e-04 9.999768e-01 9.051012e+00
9.999990e-01 1.937662e-04 1.366975e-03 5.761947e-01 -1.942296e-04 9.999999e-01 3.389572e-04 -2.981798e-01 -1.366908e-03 -3.392216e-04 9.999990e-01 8.888721e+00
9.999836e-01 3.530652e-04 -5.724608e-03 6.481464e-01 -3.530053e-04 9.999999e-01 1.148380e-05 -2.980529e-01 5.724612e-03 -9.463502e-06 9.999836e-01 8.471432e+00
1.000000e+00 4.692003e-05 2.782125e-06 2.673145e-01 -4.692114e-05 9.999999e-01 4.243368e-04 -2.847942e-01 -2.761880e-06 -4.243362e-04 9.999999e-01 8.227810e+00
9.999783e-01 2.958112e-04 -6.586394e-03 -3.336321e-01 -2.944100e-04 9.999999e-01 2.137157e-04 -2.653819e-01 6.586456e-03 -2.117727e-04 9.999783e-01 8.247664e+00
9.999993e-01 2.151322e-04 1.198517e-03 -4.874429e-01 -2.155349e-04 9.999999e-01 3.359184e-04 -2.570523e-01 -1.198445e-03 -3.361758e-04 9.999992e-01 7.933592e+00
9.999799e-01 4.660064e-04 -6.317126e-03 -5.560349e-02 -4.640739e-04 9.999998e-01 3.073939e-04 -2.546355e-01 6.317268e-03 -3.044569e-04 9.999800e-01 7.306982e+00
9.999988e-01 2.967165e-04 1.508672e-03 2.278745e-01 -2.967950e-04 1.000000e+00 5.184793e-05 -2.511811e-01 -1.508656e-03 -5.229493e-05 9.999989e-01 6.516895e+00
9.999795e-01 5.240222e-04 -6.380012e-03 3.744308e-01 -5.222652e-04 9.999998e-01 2.770736e-04 -2.490142e-01 6.380155e-03 -2.737366e-04 9.999796e-01 5.653989e+00
9.999993e-01 2.153924e-04 1.202517e-03 4.378786e-01 -2.155580e-04 1.000000e+00 1.376780e-04 -2.492966e-01 -1.202486e-03 -1.379364e-04 9.999993e-01 4.958474e+00
9.999732e-01 3.467423e-04 -7.310600e-03 1.855786e-01 -3.425964e-04 9.999998e-01 5.683633e-04 -2.441382e-01 7.310795e-03 -5.658442e-04 9.999731e-01 4.580052e+00
9.999966e-01 -9.882802e-05 2.587354e-03 7.779364e-03 9.928748e-05 1.000000e+00 -1.774195e-04 -2.444418e-01 -2.587336e-03 1.776765e-04 9.999966e-01 4.793094e+00
9.999715e-01 4.377958e-04 -7.534930e-03 -4.091344e-02 -4.327618e-04 9.999997e-01 6.697133e-04 -2.456622e-01 7.535220e-03 -6.664341e-04 9.999714e-01 4.735602e+00
9.999976e-01 -1.022756e-04 2.185567e-03 -1.656728e-01 1.024739e-04 1.000000e+00 -9.056096e-05 -2.437243e-01 -2.185558e-03 9.078542e-05 9.999976e-01 4.664841e+00
9.999706e-01 5.897374e-04 -7.644260e-03 -1.902135e-01 -5.840460e-04 9.999996e-01 7.467590e-04 -2.442398e-01 7.644696e-03 -7.422732e-04 9.999705e-01 4.378106e+00
9.999984e-01 -1.349330e-04 1.797020e-03 -3.411116e-01 1.350072e-04 1.000000e+00 -4.110470e-05 -2.426531e-01 -1.797014e-03 4.134795e-05 9.999984e-01 4.177364e+00
9.999683e-01 6.107425e-04 -7.940380e-03 -5.903907e-01 -6.051929e-04 9.999996e-01 7.013079e-04 -2.391166e-01 7.940805e-03 -6.964809e-04 9.999682e-01 3.899486e+00
9.999979e-01 -6.312639e-05 2.024981e-03 -7.693657e-01 6.328034e-05 1.000000e+00 -7.591269e-05 -2.372449e-01 -2.024976e-03 7.604138e-05 9.999979e-01 3.531096e+00
9.999622e-01 5.346009e-04 -8.677547e-03 -1.218723e+00 -5.281303e-04 9.999996e-01 7.479553e-04 -2.286531e-01 8.677943e-03 -7.433449e-04 9.999621e-01 3.260211e+00
9.999995e-01 -6.878938e-05 1.000490e-03 -1.956175e+00 6.873368e-05 1.000000e+00 5.581088e-05 -2.089038e-01 -1.000494e-03 -5.574138e-05 9.999995e-01 3.131010e+00
9.999626e-01 4.744938e-04 -8.635518e-03 -2.716738e+00 -4.680439e-04 9.999996e-01 7.489213e-04 -1.850135e-01 8.635870e-03 -7.448522e-04 9.999624e-01 3.081794e+00
9.999983e-01 -1.725646e-04 1.808667e-03 -3.252586e+00 1.724468e-04 1.000000e+00 6.534568e-05 -1.680267e-01 -1.808678e-03 -6.503296e-05 9.999984e-01 3.119701e+00
9.999663e-01 4.431555e-04 -8.191673e-03 -3.736431e+00 -4.378372e-04 9.999997e-01 6.510354e-04 -1.529053e-01 8.191959e-03 -6.474275e-04 9.999662e-01 3.211427e+00
9.999981e-01 -1.253900e-04 1.956729e-03 -4.130684e+00 1.252191e-04 1.000000e+00 8.752038e-05 -1.440553e-01 -1.956740e-03 -8.727449e-05 9.999981e-01 3.240827e+00
9.999753e-01 3.804393e-04 -7.021125e-03 -4.081510e+00 -3.763512e-04 9.999998e-01 5.835774e-04 -1.558538e-01 7.021345e-03 -5.809213e-04 9.999752e-01 3.473741e+00
9.999996e-01 2.389929e-05 9.197543e-04 -4.338603e+00 -2.406319e-05 1.000000e+00 1.783110e-04 -1.565653e-01 -9.197497e-04 -1.783324e-04 9.999996e-01 3.451852e+00
9.999630e-01 6.491286e-04 -8.575512e-03 -4.902180e+00 -6.441667e-04 9.999996e-01 5.813783e-04 -1.477713e-01 8.575886e-03 -5.758335e-04 9.999631e-01 2.890927e+00
9.999923e-01 1.207594e-04 3.931092e-03 -4.808311e+00 -1.197000e-04 1.000000e+00 -2.696865e-04 -1.462081e-01 -3.931124e-03 2.692146e-04 9.999922e-01 1.998565e+00
9.999646e-01 5.354039e-04 -8.402268e-03 -4.565687e+00 -5.291168e-04 9.999996e-01 7.504831e-04 -1.469040e-01 8.402666e-03 -7.460115e-04 9.999644e-01 1.372493e+00
9.999943e-01 -9.048800e-06 3.377476e-03 -4.358613e+00 9.305673e-06 1.000000e+00 -7.600303e-05 -1.550984e-01 -3.377475e-03 7.603474e-05 9.999943e-01 1.133269e+00
9.999638e-01 3.997194e-04 -8.497686e-03 -4.485529e+00 -3.949501e-04 9.999998e-01 5.629387e-04 -1.564624e-01 8.497909e-03 -5.595629e-04 9.999637e-01 8.955481e-01
9.999879e-01 -1.897279e-04 4.918615e-03 -4.509400e+00 1.912790e-04 9.999999e-01 -3.148664e-04 -1.692797e-01 -4.918554e-03 3.158041e-04 9.999879e-01 1.543957e+00
9.999522e-01 7.261504e-04 -9.751088e-03 -4.493076e+00 -7.186672e-04 9.999994e-01 7.709097e-04 -1.746876e-01 9.751642e-03 -7.638658e-04 9.999522e-01 1.156107e+00
9.999878e-01 -2.394549e-05 4.936805e-03 -4.398369e+00 2.646211e-05 9.999999e-01 -5.096757e-04 -1.747164e-01 -4.936792e-03 5.098008e-04 9.999877e-01 3.730328e-01
9.999407e-01 9.679882e-04 -1.085046e-02 -4.569243e+00 -9.604118e-04 9.999993e-01 7.034538e-04 -1.709194e-01 1.085113e-02 -6.929919e-04 9.999409e-01 -8.052826e-01
9.999817e-01 -8.446135e-04 5.994560e-03 -4.315512e+00 8.449573e-04 9.999996e-01 -5.481109e-05 -2.031610e-01 -5.994511e-03 5.987594e-05 9.999820e-01 -9.448477e-02
9.999382e-01 1.318152e-03 -1.103589e-02 -4.012872e+00 -1.312352e-03 9.999990e-01 5.327905e-04 -2.417481e-01 1.103658e-02 -5.182754e-04 9.999390e-01 5.403036e-01
9.999826e-01 -6.109310e-04 5.868316e-03 -4.031761e+00 6.123247e-04 9.999998e-01 -2.356759e-04 -2.428381e-01 -5.868170e-03 2.392659e-04 9.999828e-01 -2.727743e-01
9.999319e-01 1.450750e-03 -1.157832e-02 -4.133822e+00 -1.444181e-03 9.999988e-01 5.756736e-04 -2.404488e-01 1.157915e-02 -5.589139e-04 9.999328e-01 -1.247589e+00
9.999812e-01 -5.982120e-04 6.097890e-03 -4.193863e+00 6.003387e-04 9.999998e-01 -3.469122e-04 -2.376765e-01 -6.097681e-03 3.505672e-04 9.999813e-01 -2.323653e+00
9.999408e-01 1.286637e-03 -1.080491e-02 -4.103658e+00 -1.279036e-03 9.999989e-01 7.103410e-04 -2.381716e-01 1.080581e-02 -6.964798e-04 9.999414e-01 -3.090494e+00
9.999812e-01 -6.883667e-04 6.092412e-03 -3.921777e+00 6.896640e-04 9.999997e-01 -2.108205e-04 -2.404677e-01 -6.092265e-03 2.150189e-04 9.999814e-01 -3.651081e+00
9.999425e-01 1.315501e-03 -1.064136e-02 -3.791904e+00 -1.308199e-03 9.999989e-01 6.931317e-04 -2.418391e-01 1.064226e-02 -6.791715e-04 9.999431e-01 -4.289756e+00
9.999853e-01 -6.225552e-04 5.389844e-03 -3.823007e+00 6.243635e-04 9.999997e-01 -3.338093e-04 -2.419180e-01 -5.389635e-03 3.371703e-04 9.999854e-01 -5.105226e+00
9.999368e-01 1.331268e-03 -1.116613e-02 -3.951605e+00 -1.322997e-03 9.999988e-01 7.481158e-04 -2.387267e-01 1.116711e-02 -7.332964e-04 9.999374e-01 -5.969911e+00
9.999862e-01 -5.327149e-04 5.219631e-03 -4.105607e+00 5.346849e-04 9.999998e-01 -3.759901e-04 -2.348870e-01 -5.219429e-03 3.787765e-04 9.999863e-01 -6.885316e+00
9.999414e-01 1.403856e-03 -1.073063e-02 -4.182312e+00 -1.397342e-03 9.999988e-01 6.145462e-04 -2.314067e-01 1.073148e-02 -5.995165e-04 9.999422e-01 -7.969399e+00
9.999906e-01 -5.545675e-04 4.302145e-03 -4.452565e+00 5.554526e-04 9.999998e-01 -2.045074e-04 -2.242827e-01 -4.302030e-03 2.068958e-04 9.999907e-01 -8.996202e+00
9.999530e-01 1.065697e-03 -9.636253e-03 -4.700915e+00 -1.060482e-03 9.999993e-01 5.463609e-04 -2.190638e-01 9.636828e-03 -5.361169e-04 9.999534e-01 -9.381552e+00
9.999954e-01 -5.998615e-04 2.989763e-03 -5.232666e+00 6.001272e-04 9.999998e-01 -8.794185e-05 -2.049960e-01 -2.989710e-03 8.973638e-05 9.999955e-01 -9.791652e+00
9.999402e-01 1.316977e-03 -1.085583e-02 -5.926998e+00 -1.309776e-03 9.999989e-01 6.705083e-04 -1.876447e-01 1.085671e-02 -6.562502e-04 9.999408e-01 -1.052030e+01
9.999926e-01 -6.669501e-04 3.781926e-03 -6.432323e+00 6.673787e-04 9.999998e-01 -1.120279e-04 -1.751429e-01 -3.781850e-03 1.145518e-04 9.999928e-01 -1.123576e+01
9.999453e-01 1.449341e-03 -1.035971e-02 -6.738981e+00 -1.444230e-03 9.999988e-01 5.007950e-04 -1.700076e-01 1.036042e-02 -4.858065e-04 9.999462e-01 -1.217119e+01
9.999894e-01 -7.156739e-04 4.548137e-03 -6.881087e+00 7.163239e-04 9.999997e-01 -1.412611e-04 -1.686438e-01 -4.548034e-03 1.445182e-04 9.999896e-01 -1.307598e+01
9.999545e-01 1.262144e-03 -9.459188e-03 -6.994920e+00 -1.257549e-03 9.999991e-01 4.916212e-04 -1.671636e-01 9.459800e-03 -4.797041e-04 9.999551e-01 -1.351825e+01
9.999825e-01 -9.487810e-04 5.840308e-03 -6.954785e+00 9.504454e-04 9.999995e-01 -2.821931e-04 -1.765617e-01 -5.840037e-03 2.877397e-04 9.999829e-01 -1.327520e+01
9.999364e-01 1.432326e-03 -1.118886e-02 -7.176204e+00 -1.425486e-03 9.999988e-01 6.192908e-04 -1.724614e-01 1.118973e-02 -6.033026e-04 9.999372e-01 -1.367086e+01
9.999801e-01 -8.977285e-04 6.243558e-03 -7.296975e+00 8.996894e-04 9.999995e-01 -3.112382e-04 -1.702780e-01 -6.243275e-03 3.168500e-04 9.999805e-01 -1.413161e+01
9.999424e-01 1.586075e-03 -1.061972e-02 -7.159422e+00 -1.579442e-03 9.999986e-01 6.329466e-04 -1.687628e-01 1.062071e-02 -6.161376e-04 9.999434e-01 -1.494626e+01
9.999799e-01 -8.994924e-04 6.269449e-03 -7.128587e+00 9.024197e-04 9.999995e-01 -4.640714e-04 -1.634117e-01 -6.269028e-03 4.697204e-04 9.999802e-01 -1.582901e+01
9.999411e-01 1.540655e-03 -1.073907e-02 -7.086000e+00 -1.532515e-03 9.999985e-01 7.662016e-04 -1.616436e-01 1.074024e-02 -7.496995e-04 9.999420e-01 -1.647172e+01
9.999808e-01 -9.191055e-04 6.135278e-03 -7.011412e+00 9.217903e-04 9.999995e-01 -4.347467e-04 -1.616346e-01 -6.134875e-03 4.403945e-04 9.999811e-01 -1.715913e+01
9.999447e-01 1.525123e-03 -1.040859e-02 -6.818641e+00 -1.516966e-03 9.999985e-01 7.914617e-04 -1.634846e-01 1.040978e-02 -7.756292e-04 9.999455e-01 -1.772359e+01
9.999792e-01 -8.712791e-04 6.394197e-03 -6.637261e+00 8.738945e-04 9.999995e-01 -4.062136e-04 -1.624303e-01 -6.393840e-03 4.117937e-04 9.999795e-01 -1.833523e+01
9.999511e-01 1.216746e-03 -9.816069e-03 -6.503156e+00 -1.209768e-03 9.999990e-01 7.167805e-04 -1.784492e-01 9.816931e-03 -7.048710e-04 9.999516e-01 -1.785323e+01
9.999878e-01 -6.247042e-04 4.899942e-03 -6.575748e+00 6.274484e-04 9.999996e-01 -5.584853e-04 -1.758979e-01 -4.899591e-03 5.615536e-04 9.999878e-01 -1.849648e+01
9.999523e-01 1.528324e-03 -9.647317e-03 -6.508079e+00 -1.521298e-03 9.999986e-01 7.356169e-04 -1.715619e-01 9.648428e-03 -7.209061e-04 9.999532e-01 -1.958664e+01
9.999871e-01 -7.320750e-04 5.021445e-03 -6.385072e+00 7.349471e-04 9.999996e-01 -5.701102e-04 -1.681482e-01 -5.021025e-03 5.737940e-04 9.999872e-01 -2.062988e+01
9.999375e-01 1.083472e-03 -1.112677e-02 -6.812792e+00 -1.070060e-03 9.999987e-01 1.211258e-03 -1.574033e-01 1.112807e-02 -1.199277e-03 9.999374e-01 -2.056626e+01
9.999814e-01 -1.226993e-03 5.975973e-03 -7.451103e+00 1.231341e-03 9.999990e-01 -7.239666e-04 -1.158355e-01 -5.975078e-03 7.313123e-04 9.999819e-01 -1.992548e+01
9.999369e-01 1.390379e-03 -1.114626e-02 -7.622563e+00 -1.375586e-03 9.999982e-01 1.334770e-03 -1.058624e-01 1.114809e-02 -1.319354e-03 9.999370e-01 -1.957539e+01
9.999797e-01 -1.020370e-03 6.294641e-03 -7.479858e+00 1.025062e-03 9.999992e-01 -7.422868e-04 -1.048390e-01 -6.293878e-03 7.487248e-04 9.999799e-01 -1.959092e+01
9.999386e-01 1.439489e-03 -1.099052e-02 -7.490414e+00 -1.425198e-03 9.999981e-01 1.308019e-03 -1.002195e-01 1.099239e-02 -1.292275e-03 9.999387e-01 -1.967106e+01
9.999868e-01 -6.520780e-04 5.093916e-03 -7.653274e+00 6.568077e-04 9.999994e-01 -9.268300e-04 -9.500400e-02 -5.093308e-03 9.301642e-04 9.999866e-01 -2.057316e+01
9.999268e-01 1.579315e-03 -1.199279e-02 -7.992788e+00 -1.563821e-03 9.999979e-01 1.301237e-03 -8.539781e-02 1.199482e-02 -1.282388e-03 9.999272e-01 -2.171588e+01
9.999882e-01 -7.452887e-04 4.796475e-03 -8.439340e+00 7.489827e-04 9.999994e-01 -7.683505e-04 -7.456999e-02 -4.795899e-03 7.719346e-04 9.999882e-01 -2.264628e+01
9.999458e-01 1.593560e-03 -1.029353e-02 -8.493395e+00 -1.584041e-03 9.999983e-01 9.329242e-04 -7.290101e-02 1.029500e-02 -9.165689e-04 9.999466e-01 -2.367576e+01
9.999870e-01 -7.466240e-04 5.036563e-03 -8.269857e+00 7.497343e-04 9.999995e-01 -6.156470e-04 -6.983275e-02 -5.036101e-03 6.194158e-04 9.999871e-01 -2.457468e+01
9.999341e-01 1.693362e-03 -1.135593e-02 -7.711698e+00 -1.680187e-03 9.999979e-01 1.169706e-03 -6.572848e-02 1.135789e-02 -1.150549e-03 9.999348e-01 -2.531000e+01
9.999794e-01 -9.364724e-04 6.345967e-03 -7.524065e+00 9.413477e-04 9.999993e-01 -7.652720e-04 -6.511833e-02 -6.345246e-03 7.712307e-04 9.999796e-01 -2.602696e+01
9.999339e-01 1.292411e-03 -1.142731e-02 -7.573722e+00 -1.275796e-03 9.999981e-01 1.461149e-03 -6.566318e-02 1.142918e-02 -1.446474e-03 9.999336e-01 -2.606222e+01
9.999807e-01 -1.059552e-03 6.128014e-03 -7.522663e+00 1.064064e-03 9.999992e-01 -7.330621e-04 -6.333210e-02 -6.127232e-03 7.395692e-04 9.999810e-01 -2.576991e+01
9.999277e-01 1.662694e-03 -1.190699e-02 -7.639790e+00 -1.645719e-03 9.999976e-01 1.435334e-03 -5.629140e-02 1.190935e-02 -1.415635e-03 9.999281e-01 -2.606884e+01
9.999918e-01 -8.881942e-04 3.945871e-03 -8.364483e+00 8.914420e-04 9.999993e-01 -8.213590e-04 -3.312547e-02 -3.945138e-03 8.248705e-04 9.999919e-01 -2.688447e+01
9.999418e-01 1.572749e-03 -1.067656e-02 -8.750173e+00 -1.558232e-03 9.999979e-01 1.367918e-03 -2.232524e-02 1.067869e-02 -1.351202e-03 9.999421e-01 -2.756046e+01
9.999813e-01 -1.008570e-03 6.024767e-03 -8.679165e+00 1.013822e-03 9.999991e-01 -8.688359e-04 -1.933638e-02 -6.023885e-03 8.749285e-04 9.999815e-01 -2.794164e+01
9.999497e-01 8.545639e-04 -9.997527e-03 -9.060352e+00 -8.425492e-04 9.999989e-01 1.205942e-03 2.882418e-03 9.998547e-03 -1.197459e-03 9.999493e-01 -2.733468e+01
9.999969e-01 -4.268671e-04 2.442536e-03 -8.719172e+00 4.275451e-04 9.999999e-01 -2.769552e-04 5.352779e-03 -2.442417e-03 2.779993e-04 9.999970e-01 -2.697915e+01
9.999483e-01 1.297940e-03 -1.008180e-02 -7.900956e+00 -1.285430e-03 9.999984e-01 1.247259e-03 6.752805e-03 1.008340e-02 -1.234235e-03 9.999484e-01 -2.707191e+01
9.999987e-01 -4.414416e-04 1.569972e-03 -6.842226e+00 4.416905e-04 9.999999e-01 -1.580541e-04 -3.772696e-03 -1.569902e-03 1.587481e-04 9.999988e-01 -2.701194e+01
9.999362e-01 1.458424e-03 -1.120212e-02 -5.457960e+00 -1.444325e-03 9.999982e-01 1.266681e-03 -1.332469e-02 1.120394e-02 -1.250421e-03 9.999365e-01 -2.680545e+01
9.999999e-01 -4.163058e-04 -2.571890e-05 -3.947757e+00 4.163141e-04 9.999999e-01 3.130881e-04 -3.315284e-02 2.558882e-05 -3.130981e-04 1.000000e+00 -2.674441e+01
9.999682e-01 1.398752e-03 -7.853749e-03 -3.004755e+00 -1.392803e-03 9.999987e-01 7.629545e-04 -4.593176e-02 7.854806e-03 -7.519922e-04 9.999689e-01 -2.699730e+01
9.999969e-01 -5.408635e-04 2.442116e-03 -2.984295e+00 5.417338e-04 9.999998e-01 -3.555976e-04 -4.308165e-02 -2.441922e-03 3.569201e-04 9.999970e-01 -2.790785e+01
9.999603e-01 1.359691e-03 -8.807322e-03 -3.197008e+00 -1.352468e-03 9.999987e-01 8.260657e-04 -3.513774e-02 8.808434e-03 -8.141219e-04 9.999609e-01 -2.878411e+01
9.999909e-01 -6.673894e-04 4.206745e-03 -2.877277e+00 6.687188e-04 9.999997e-01 -3.145676e-04 -3.647031e-02 -4.206533e-03 3.173785e-04 9.999911e-01 -2.931636e+01
9.999538e-01 1.239475e-03 -9.531371e-03 -2.470911e+00 -1.229174e-03 9.999987e-01 1.086608e-03 -5.165528e-02 9.532705e-03 -1.074843e-03 9.999540e-01 -2.916882e+01
9.999907e-01 -5.294564e-04 4.273511e-03 -2.454322e+00 5.320001e-04 9.999997e-01 -5.940425e-04 -4.779393e-02 -4.273195e-03 5.963112e-04 9.999907e-01 -2.982195e+01
9.999446e-01 1.316608e-03 -1.044404e-02 -2.673954e+00 -1.305768e-03 9.999986e-01 1.044709e-03 -3.914857e-02 1.044540e-02 -1.031014e-03 9.999449e-01 -3.070714e+01
9.999888e-01 -6.906554e-04 4.679907e-03 -2.855198e+00 6.931667e-04 9.999996e-01 -5.349543e-04 -3.244313e-02 -4.679536e-03 5.381929e-04 9.999889e-01 -3.117462e+01
9.999426e-01 1.252847e-03 -1.063810e-02 -2.366775e+00 -1.237658e-03 9.999982e-01 1.434228e-03 -5.015066e-02 1.063987e-02 -1.420980e-03 9.999424e-01 -3.107292e+01
9.999917e-01 -5.550161e-04 4.043251e-03 -1.801386e+00 5.566613e-04 9.999998e-01 -4.057008e-04 -7.392928e-02 -4.043024e-03 4.079488e-04 9.999917e-01 -3.083269e+01
9.999452e-01 1.134921e-03 -1.040748e-02 -1.146316e+00 -1.120676e-03 9.999984e-01 1.374473e-03 -9.249865e-02 1.040902e-02 -1.362735e-03 9.999449e-01 -3.081392e+01
9.999961e-01 -3.417876e-04 2.783791e-03 -3.727253e-01 3.425621e-04 9.999999e-01 -2.776478e-04 -1.058544e-01 -2.783696e-03 2.786010e-04 9.999961e-01 -3.093349e+01
9.999518e-01 1.032131e-03 -9.766163e-03 3.272306e-01 -1.019089e-03 9.999986e-01 1.340334e-03 -1.205133e-01 9.767532e-03 -1.330318e-03 9.999514e-01 -3.098093e+01
9.999974e-01 -5.130980e-04 2.211356e-03 8.890624e-01 5.136679e-04 9.999998e-01 -2.570077e-04 -1.431595e-01 -2.211223e-03 2.581436e-04 9.999975e-01 -3.061306e+01
9.999513e-01 1.082418e-03 -9.806666e-03 1.510517e+00 -1.068962e-03 9.999985e-01 1.377332e-03 -1.704257e-01 9.808142e-03 -1.366783e-03 9.999510e-01 -3.024644e+01
9.999996e-01 -3.316609e-04 7.887531e-04 2.387717e+00 3.316858e-04 9.999999e-01 -3.099323e-05 -2.085379e-01 -7.887425e-04 3.125551e-05 9.999997e-01 -2.983799e+01
9.999663e-01 8.753236e-04 -8.163080e-03 2.964150e+00 -8.661506e-04 9.999990e-01 1.127229e-03 -2.383733e-01 8.164059e-03 -1.120121e-03 9.999660e-01 -2.937827e+01
9.999996e-01 -3.743321e-04 8.302329e-04 3.553668e+00 3.743802e-04 9.999999e-01 -5.747829e-05 -2.684609e-01 -8.302111e-04 5.778976e-05 9.999997e-01 -2.896124e+01
9.999495e-01 1.139660e-03 -9.984506e-03 4.398626e+00 -1.124835e-03 9.999983e-01 1.490309e-03 -3.046493e-01 9.986187e-03 -1.479003e-03 9.999490e-01 -2.863107e+01
9.999991e-01 -4.924322e-04 1.251431e-03 5.208421e+00 4.926575e-04 9.999999e-01 -1.795248e-04 -3.397942e-01 -1.251342e-03 1.801419e-04 9.999992e-01 -2.830737e+01
9.999659e-01 9.779319e-04 -8.202375e-03 5.775986e+00 -9.676500e-04 9.999987e-01 1.257429e-03 -3.847506e-01 8.203594e-03 -1.249450e-03 9.999656e-01 -2.761972e+01
9.999998e-01 -2.322529e-04 -5.705001e-04 6.574804e+00 2.321072e-04 9.999999e-01 -2.560411e-04 -4.311451e-01 5.705598e-04 2.559093e-04 9.999998e-01 -2.695541e+01
9.999666e-01 1.157614e-03 -8.087862e-03 7.467943e+00 -1.146015e-03 9.999983e-01 1.438707e-03 -4.616804e-01 8.089514e-03 -1.429390e-03 9.999663e-01 -2.664832e+01
9.999958e-01 -6.288847e-04 2.827443e-03 7.693326e+00 6.310893e-04 9.999995e-01 -7.787805e-04 -4.748230e-01 -2.826952e-03 7.805623e-04 9.999957e-01 -2.645219e+01
9.999675e-01 1.282732e-03 -7.954666e-03 7.995660e+00 -1.270882e-03 9.999981e-01 1.494618e-03 -4.875523e-01 7.956568e-03 -1.484461e-03 9.999672e-01 -2.650197e+01
9.999933e-01 -8.919068e-04 3.548993e-03 7.991582e+00 8.956165e-04 9.999991e-01 -1.043746e-03 -4.978025e-01 -3.548058e-03 1.046918e-03 9.999932e-01 -2.610447e+01
9.999662e-01 1.329686e-03 -8.119516e-03 8.226854e+00 -1.316133e-03 9.999977e-01 1.674308e-03 -5.136477e-01 8.121724e-03 -1.663566e-03 9.999656e-01 -2.571517e+01
9.999970e-01 -8.112126e-04 2.324377e-03 8.672603e+00 8.131270e-04 9.999993e-01 -8.226339e-04 -5.360648e-01 -2.323708e-03 8.245221e-04 9.999970e-01 -2.539408e+01
9.999719e-01 1.244511e-03 -7.395329e-03 8.877149e+00 -1.232899e-03 9.999980e-01 1.574516e-03 -5.524507e-01 7.397273e-03 -1.565355e-03 9.999714e-01 -2.499736e+01
9.999949e-01 -9.900936e-04 3.023329e-03 8.800779e+00 9.934729e-04 9.999989e-01 -1.116363e-03 -5.620001e-01 -3.022220e-03 1.119361e-03 9.999948e-01 -2.443122e+01
9.999702e-01 1.230572e-03 -7.617220e-03 8.635201e+00 -1.218903e-03 9.999981e-01 1.536414e-03 -5.667535e-01 7.619096e-03 -1.527084e-03 9.999698e-01 -2.386766e+01
9.999995e-01 -7.713769e-04 5.547883e-04 8.009599e+00 7.718638e-04 9.999993e-01 -8.773966e-04 -5.479963e-01 -5.541109e-04 8.778251e-04 9.999995e-01 -2.399959e+01
9.999755e-01 1.240343e-03 -6.889751e-03 7.597494e+00 -1.230360e-03 9.999982e-01 1.452939e-03 -5.336882e-01 6.891540e-03 -1.444427e-03 9.999752e-01 -2.427623e+01
9.999996e-01 -6.964655e-04 5.863207e-04 7.287651e+00 6.969223e-04 9.999995e-01 -7.786603e-04 -5.254246e-01 -5.857778e-04 7.790693e-04 9.999995e-01 -2.454352e+01
9.999763e-01 1.149495e-03 -6.794171e-03 6.896989e+00 -1.140177e-03 9.999984e-01 1.375226e-03 -5.172970e-01 6.795741e-03 -1.367448e-03 9.999760e-01 -2.452323e+01
9.999995e-01 -7.377487e-04 6.695178e-04 6.451082e+00 7.382780e-04 9.999994e-01 -7.901640e-04 -5.066417e-01 -6.689342e-04 7.906585e-04 9.999995e-01 -2.455639e+01
9.999791e-01 1.199524e-03 -6.349503e-03 6.208819e+00 -1.190627e-03 9.999983e-01 1.404808e-03 -5.027643e-01 6.351177e-03 -1.397219e-03 9.999789e-01 -2.457653e+01
9.999994e-01 -7.097678e-04 7.975582e-04 6.553346e+00 7.102277e-04 9.999996e-01 -5.761037e-04 -5.270384e-01 -7.971488e-04 5.766705e-04 9.999995e-01 -2.425635e+01
9.999596e-01 1.392513e-03 -8.875492e-03 7.254367e+00 -1.376946e-03 9.999975e-01 1.759830e-03 -5.601995e-01 8.877920e-03 -1.747538e-03 9.999591e-01 -2.396185e+01
9.999989e-01 -7.507272e-04 1.265985e-03 7.882129e+00 7.515919e-04 9.999995e-01 -6.824181e-04 -5.913320e-01 -1.265472e-03 6.833695e-04 9.999990e-01 -2.363891e+01
9.999603e-01 1.315943e-03 -8.810974e-03 8.458354e+00 -1.300215e-03 9.999976e-01 1.790552e-03 -6.180574e-01 8.813308e-03 -1.779026e-03 9.999596e-01 -2.341035e+01
9.999986e-01 -6.478067e-04 1.551679e-03 9.061085e+00 6.490142e-04 9.999995e-01 -7.775448e-04 -6.427825e-01 -1.551175e-03 7.785514e-04 9.999985e-01 -2.326213e+01
9.999733e-01 1.388073e-03 -7.173563e-03 9.615139e+00 -1.376544e-03 9.999978e-01 1.611880e-03 -6.542506e-01 7.175784e-03 -1.601962e-03 9.999730e-01 -2.340769e+01
9.999979e-01 -8.826352e-04 1.859368e-03 1.012050e+01 8.840973e-04 9.999993e-01 -7.854509e-04 -6.720879e-01 -1.858673e-03 7.870937e-04 9.999980e-01 -2.342358e+01
9.999687e-01 1.479433e-03 -7.766213e-03 1.059407e+01 -1.466657e-03 9.999976e-01 1.650593e-03 -6.963103e-01 7.768636e-03 -1.639151e-03 9.999685e-01 -2.313112e+01
9.999980e-01 -8.690390e-04 1.824949e-03 1.111891e+01 8.704023e-04 9.999993e-01 -7.461857e-04 -7.223727e-01 -1.824299e-03 7.477733e-04 9.999981e-01 -2.284343e+01
9.999667e-01 1.571975e-03 -8.006158e-03 1.171283e+01 -1.558889e-03 9.999974e-01 1.640507e-03 -7.448142e-01 8.008716e-03 -1.627972e-03 9.999666e-01 -2.267753e+01
9.999955e-01 -1.070028e-03 2.789886e-03 1.213938e+01 1.072538e-03 9.999990e-01 -8.980393e-04 -7.613436e-01 -2.788922e-03 9.010282e-04 9.999957e-01 -2.253638e+01
9.999465e-01 1.666284e-03 -1.020644e-02 1.277342e+01 -1.645560e-03 9.999966e-01 2.038528e-03 -7.847020e-01 1.020980e-02 -2.021625e-03 9.999458e-01 -2.232883e+01
9.999892e-01 -1.064583e-03 4.514950e-03 1.318178e+01 1.070054e-03 9.999987e-01 -1.209585e-03 -8.028231e-01 -4.513657e-03 1.214404e-03 9.999891e-01 -2.211430e+01
9.999364e-01 1.653718e-03 -1.116007e-02 1.387520e+01 -1.630254e-03 9.999964e-01 2.111287e-03 -8.186570e-01 1.116352e-02 -2.092959e-03 9.999355e-01 -2.200411e+01
9.999972e-01 -6.166620e-04 2.268843e-03 1.496692e+01 6.185177e-04 9.999995e-01 -8.171164e-04 -8.431728e-01 -2.268337e-03 8.185181e-04 9.999971e-01 -2.209084e+01
9.999431e-01 1.436106e-03 -1.057187e-02 1.577695e+01 -1.414214e-03 9.999968e-01 2.078011e-03 -8.612505e-01 1.057482e-02 -2.062943e-03 9.999420e-01 -2.217784e+01
9.999960e-01 -7.541084e-04 2.735957e-03 1.651684e+01 7.565983e-04 9.999993e-01 -9.090175e-04 -8.937456e-01 -2.735270e-03 9.110845e-04 9.999958e-01 -2.185639e+01
9.999600e-01 1.365425e-03 -8.843069e-03 1.681295e+01 -1.349502e-03 9.999975e-01 1.806427e-03 -9.136986e-01 8.845513e-03 -1.794421e-03 9.999593e-01 -2.152751e+01
9.999964e-01 -1.034832e-03 2.473778e-03 1.629020e+01 1.037639e-03 9.999988e-01 -1.133865e-03 -9.003239e-01 -2.472602e-03 1.136428e-03 9.999963e-01 -2.134865e+01
9.999632e-01 1.456460e-03 -8.455689e-03 1.593069e+01 -1.442170e-03 9.999975e-01 1.695849e-03 -8.932247e-01 8.458138e-03 -1.683592e-03 9.999628e-01 -2.150290e+01
9.999936e-01 -9.847011e-04 3.436703e-03 1.605118e+01 9.884644e-04 9.999989e-01 -1.093391e-03 -8.995370e-01 -3.435622e-03 1.096782e-03 9.999935e-01 -2.176399e+01
9.999635e-01 1.375546e-03 -8.429585e-03 1.590823e+01 -1.361729e-03 9.999977e-01 1.644671e-03 -9.023032e-01 8.431828e-03 -1.633133e-03 9.999631e-01 -2.177978e+01
9.999997e-01 -6.035137e-04 -3.938556e-04 1.495338e+01 6.031235e-04 9.999993e-01 -9.910251e-04 -8.746019e-01 3.944536e-04 9.907879e-04 9.999994e-01 -2.239973e+01
9.999582e-01 1.493902e-03 -9.025669e-03 1.376121e+01 -1.481148e-03 9.999979e-01 1.419750e-03 -8.373781e-01 9.027770e-03 -1.406322e-03 9.999583e-01 -2.329666e+01
9.999902e-01 -1.075078e-03 4.295384e-03 1.355687e+01 1.080233e-03 9.999987e-01 -1.197761e-03 -8.445458e-01 -4.294091e-03 1.202390e-03 9.999901e-01 -2.318857e+01
9.999560e-01 1.436220e-03 -9.270548e-03 1.357920e+01 -1.421474e-03 9.999977e-01 1.597024e-03 -8.581587e-01 9.272820e-03 -1.583776e-03 9.999558e-01 -2.305751e+01
9.999932e-01 -1.142721e-03 3.515566e-03 1.336748e+01 1.145869e-03 9.999989e-01 -8.935925e-04 -8.582072e-01 -3.514541e-03 8.976154e-04 9.999934e-01 -2.266962e+01
9.999521e-01 1.694909e-03 -9.639591e-03 1.316451e+01 -1.680107e-03 9.999974e-01 1.543530e-03 -8.573101e-01 9.642181e-03 -1.527261e-03 9.999523e-01 -2.307199e+01
9.999931e-01 -1.240177e-03 3.493098e-03 1.287645e+01 1.243190e-03 9.999989e-01 -8.605686e-04 -8.573143e-01 -3.492027e-03 8.649059e-04 9.999935e-01 -2.310114e+01
9.999548e-01 1.529522e-03 -9.381225e-03 1.288609e+01 -1.514393e-03 9.999975e-01 1.619649e-03 -8.634015e-01 9.383679e-03 -1.605369e-03 9.999547e-01 -2.278645e+01
9.999962e-01 -1.005904e-03 2.578542e-03 1.338075e+01 1.007933e-03 9.999992e-01 -7.854192e-04 -8.854419e-01 -2.577750e-03 7.880158e-04 9.999964e-01 -2.240338e+01
9.999547e-01 1.584562e-03 -9.382312e-03 1.388203e+01 -1.569076e-03 9.999974e-01 1.657740e-03 -9.112068e-01 9.384914e-03 -1.642944e-03 9.999546e-01 -2.213437e+01
9.999883e-01 -1.264184e-03 4.664422e-03 1.401817e+01 1.269606e-03 9.999985e-01 -1.159727e-03 -9.302829e-01 -4.662949e-03 1.165636e-03 9.999884e-01 -2.170448e+01
9.999483e-01 1.645650e-03 -1.003082e-02 1.395795e+01 -1.626910e-03 9.999969e-01 1.876170e-03 -9.355928e-01 1.003388e-02 -1.859754e-03 9.999479e-01 -2.186731e+01
9.999876e-01 -1.272124e-03 4.821239e-03 1.425435e+01 1.277353e-03 9.999986e-01 -1.081574e-03 -9.515492e-01 -4.819856e-03 1.087720e-03 9.999878e-01 -2.185616e+01
9.999494e-01 1.642090e-03 -9.923261e-03 1.449763e+01 -1.626015e-03 9.999974e-01 1.627762e-03 -9.804837e-01 9.925907e-03 -1.611545e-03 9.999494e-01 -2.120961e+01
9.999830e-01 -1.256469e-03 5.695776e-03 1.469270e+01 1.263706e-03 9.999984e-01 -1.267165e-03 -1.013156e+00 -5.694174e-03 1.274342e-03 9.999830e-01 -2.041267e+01
9.999264e-01 1.985738e-03 -1.196759e-02 1.520035e+01 -1.961536e-03 9.999960e-01 2.033756e-03 -1.038384e+00 1.197158e-02 -2.010132e-03 9.999263e-01 -2.020998e+01
9.999758e-01 -1.494078e-03 6.800960e-03 1.554719e+01 1.502963e-03 9.999980e-01 -1.301395e-03 -1.059763e+00 -6.799002e-03 1.311586e-03 9.999760e-01 -1.996511e+01
9.999350e-01 1.805806e-03 -1.125351e-02 1.568830e+01 -1.785853e-03 9.999968e-01 1.782890e-03 -1.082674e+00 1.125669e-02 -1.762678e-03 9.999351e-01 -1.936211e+01
9.999731e-01 -1.499969e-03 7.178412e-03 1.578822e+01 1.509860e-03 9.999979e-01 -1.372556e-03 -1.104228e+00 -7.176338e-03 1.383358e-03 9.999733e-01 -1.878784e+01
9.999023e-01 2.094508e-03 -1.381870e-02 1.635616e+01 -2.064140e-03 9.999954e-01 2.211533e-03 -1.123769e+00 1.382327e-02 -2.182794e-03 9.999021e-01 -1.877750e+01
9.999553e-01 -1.743020e-03 9.294620e-03 1.650945e+01 1.757462e-03 9.999973e-01 -1.545746e-03 -1.141812e+00 -9.291900e-03 1.562012e-03 9.999556e-01 -1.851610e+01
9.999128e-01 1.967092e-03 -1.305660e-02 1.648152e+01 -1.942767e-03 9.999964e-01 1.875475e-03 -1.154164e+00 1.306025e-02 -1.849946e-03 9.999130e-01 -1.789063e+01
9.999589e-01 -1.780026e-03 8.887061e-03 1.632366e+01 1.793342e-03 9.999973e-01 -1.490490e-03 -1.155996e+00 -8.884384e-03 1.506367e-03 9.999594e-01 -1.729129e+01
9.999002e-01 2.101577e-03 -1.397124e-02 1.612957e+01 -2.073798e-03 9.999958e-01 2.002511e-03 -1.159975e+00 1.397539e-02 -1.973338e-03 9.999004e-01 -1.703908e+01
9.999547e-01 -1.559027e-03 9.384631e-03 1.617856e+01 1.574463e-03 9.999974e-01 -1.637616e-03 -1.162925e+00 -9.382054e-03 1.652318e-03 9.999546e-01 -1.758363e+01
9.999071e-01 2.060997e-03 -1.347251e-02 1.631259e+01 -2.034069e-03 9.999959e-01 2.012112e-03 -1.165976e+00 1.347660e-02 -1.984522e-03 9.999072e-01 -1.792053e+01
9.999610e-01 -1.337451e-03 8.732923e-03 1.675312e+01 1.351683e-03 9.999978e-01 -1.623949e-03 -1.168762e+00 -8.730732e-03 1.635690e-03 9.999605e-01 -1.832019e+01
9.998759e-01 2.523371e-03 -1.555327e-02 1.761595e+01 -2.490959e-03 9.999947e-01 2.102970e-03 -1.158426e+00 1.555850e-02 -2.063967e-03 9.998768e-01 -1.941696e+01
9.999869e-01 -9.917165e-04 5.029609e-03 1.970300e+01 9.968599e-04 9.999990e-01 -1.020129e-03 -1.155986e+00 -5.028592e-03 1.025130e-03 9.999868e-01 -2.041187e+01
9.998560e-01 2.553882e-03 -1.677922e-02 2.182166e+01 -2.520159e-03 9.999948e-01 2.030696e-03 -1.177335e+00 1.678432e-02 -1.988118e-03 9.998572e-01 -2.070605e+01
9.999797e-01 -1.159570e-03 6.269066e-03 2.361016e+01 1.165659e-03 9.999989e-01 -9.675766e-04 -1.189101e+00 -6.267937e-03 9.748651e-04 9.999799e-01 -2.121692e+01
9.999318e-01 1.899814e-03 -1.152024e-02 2.418500e+01 -1.881817e-03 9.999970e-01 1.572872e-03 -1.195965e+00 1.152320e-02 -1.551086e-03 9.999324e-01 -2.166754e+01
9.999997e-01 -7.565952e-04 -7.328159e-05 2.563820e+01 7.565678e-04 9.999996e-01 -3.792445e-04 -1.222319e+00 7.356863e-05 3.791895e-04 9.999999e-01 -2.182098e+01
9.999862e-01 1.326512e-03 -5.092719e-03 2.604045e+01 -1.322596e-03 9.999988e-01 7.723130e-04 -1.236028e+00 5.093738e-03 -7.655673e-04 9.999867e-01 -2.169862e+01
9.999994e-01 -8.491538e-04 6.631789e-04 2.615869e+01 8.494480e-04 9.999995e-01 -4.427849e-04 -1.245330e+00 -6.628025e-04 4.433486e-04 9.999997e-01 -2.202125e+01
9.999855e-01 1.325729e-03 -5.213827e-03 2.645998e+01 -1.321572e-03 9.999988e-01 8.007625e-04 -1.265740e+00 5.214882e-03 -7.938610e-04 9.999861e-01 -2.182387e+01
9.999958e-01 -8.083213e-04 -2.771822e-03 2.715065e+01 8.089197e-04 9.999996e-01 2.146190e-04 -1.301745e+00 2.771647e-03 -2.168597e-04 9.999961e-01 -2.140674e+01
9.999942e-01 1.306248e-03 -3.135716e-03 2.758437e+01 -1.304540e-03 9.999990e-01 5.466196e-04 -1.320404e+00 3.136427e-03 -5.425264e-04 9.999949e-01 -2.131842e+01
9.999987e-01 -9.116140e-04 -1.302001e-03 2.784004e+01 9.117084e-04 9.999996e-01 7.159700e-05 -1.337646e+00 1.301935e-03 -7.278337e-05 9.999991e-01 -2.119261e+01
9.999935e-01 1.452320e-03 -3.312292e-03 2.816675e+01 -1.451119e-03 9.999989e-01 3.651924e-04 -1.351715e+00 3.312819e-03 -3.603840e-04 9.999944e-01 -2.134949e+01
9.999992e-01 -9.295605e-04 -8.999662e-04 2.833000e+01 9.296207e-04 9.999996e-01 6.593813e-05 -1.362266e+00 8.999046e-04 -6.677411e-05 9.999996e-01 -2.153080e+01
9.999952e-01 1.162400e-03 -2.887587e-03 2.837139e+01 -1.162343e-03 9.999993e-01 2.151590e-05 -1.381912e+00 2.887610e-03 -1.816001e-05 9.999958e-01 -2.045763e+01
9.999940e-01 -7.943860e-04 -3.361149e-03 2.891026e+01 7.955237e-04 9.999996e-01 3.370097e-04 -1.424597e+00 3.360881e-03 -3.396810e-04 9.999943e-01 -1.917303e+01
9.999959e-01 1.162491e-03 -2.614845e-03 2.937932e+01 -1.162697e-03 9.999993e-01 -7.677955e-05 -1.469402e+00 2.614754e-03 7.981893e-05 9.999966e-01 -1.785210e+01
9.999903e-01 -8.025669e-04 -4.331240e-03 2.986859e+01 8.069324e-04 9.999992e-01 1.006154e-03 -1.500588e+00 4.330429e-03 -1.009639e-03 9.999901e-01 -1.728276e+01
9.999993e-01 1.114537e-03 2.428417e-04 3.004966e+01 -1.114356e-03 9.999991e-01 -7.476106e-04 -1.527314e+00 -2.436748e-04 7.473389e-04 9.999997e-01 -1.651523e+01
9.999837e-01 -7.396823e-04 -5.658309e-03 3.035403e+01 7.472962e-04 9.999988e-01 1.343542e-03 -1.555551e+00 5.657309e-03 -1.347748e-03 9.999831e-01 -1.588537e+01
9.999983e-01 1.025526e-03 1.526816e-03 3.048344e+01 -1.024126e-03 9.999991e-01 -9.181929e-04 -1.574648e+00 -1.527757e-03 9.166271e-04 9.999984e-01 -1.536928e+01
9.999791e-01 -6.534632e-04 -6.426955e-03 3.075609e+01 6.630452e-04 9.999987e-01 1.488807e-03 -1.596771e+00 6.425974e-03 -1.493037e-03 9.999782e-01 -1.495686e+01
9.999982e-01 1.042452e-03 1.614909e-03 3.107134e+01 -1.041057e-03 9.999991e-01 -8.649194e-04 -1.614159e+00 -1.615809e-03 8.632360e-04 9.999983e-01 -1.473727e+01
9.999839e-01 -7.632853e-04 -5.621140e-03 3.117113e+01 7.703206e-04 9.999989e-01 1.249436e-03 -1.629304e+00 5.620181e-03 -1.253746e-03 9.999834e-01 -1.444496e+01
9.999987e-01 1.304647e-03 9.057373e-04 3.140544e+01 -1.303967e-03 9.999989e-01 -7.519753e-04 -1.634544e+00 -9.067175e-04 7.507927e-04 9.999993e-01 -1.492066e+01
9.999840e-01 -7.524037e-04 -5.614631e-03 3.178971e+01 7.594549e-04 9.999989e-01 1.253745e-03 -1.637480e+00 5.613682e-03 -1.257988e-03 9.999835e-01 -1.547832e+01
9.999990e-01 1.347187e-03 4.944246e-04 3.219403e+01 -1.346879e-03 9.999989e-01 -6.226542e-04 -1.642045e+00 -4.952630e-04 6.219871e-04 9.999997e-01 -1.593981e+01
9.999875e-01 -5.775612e-04 -4.961537e-03 3.235936e+01 5.815945e-04 9.999995e-01 8.114238e-04 -1.639159e+00 4.961066e-03 -8.142987e-04 9.999874e-01 -1.692838e+01
9.999986e-01 1.665893e-03 -8.344260e-05 3.233897e+01 -1.665975e-03 9.999981e-01 -9.877842e-04 -1.629668e+00 8.179680e-05 9.879213e-04 9.999995e-01 -1.854581e+01
9.999852e-01 -7.246664e-04 -5.397466e-03 3.220990e+01 7.301500e-04 9.999992e-01 1.013970e-03 -1.626241e+00 5.396727e-03 -1.017895e-03 9.999849e-01 -1.981473e+01
9.999984e-01 1.770795e-03 3.732178e-04 3.217891e+01 -1.770376e-03 9.999978e-01 -1.120985e-03 -1.618979e+00 -3.752021e-04 1.120322e-03 9.999993e-01 -2.128257e+01
9.999850e-01 -4.756309e-04 -5.458017e-03 3.212564e+01 4.791958e-04 9.999997e-01 6.517691e-04 -1.604906e+00 5.457705e-03 -6.543743e-04 9.999849e-01 -2.330695e+01
9.999989e-01 1.411009e-03 5.101036e-04 3.215903e+01 -1.410636e-03 9.999987e-01 -7.313299e-04 -1.597242e+00 -5.111350e-04 7.306089e-04 9.999996e-01 -2.474462e+01
9.999875e-01 -4.474969e-04 -4.970494e-03 3.233645e+01 4.516223e-04 9.999996e-01 8.287933e-04 -1.591643e+00 4.970121e-03 -8.310272e-04 9.999873e-01 -2.590263e+01
9.999987e-01 1.590774e-03 8.201908e-05 3.243405e+01 -1.590692e-03 9.999982e-01 -9.910991e-04 -1.579813e+00 -8.359564e-05 9.909668e-04 9.999995e-01 -2.757980e+01
9.999861e-01 -8.407098e-04 -5.208011e-03 3.273361e+01 8.481848e-04 9.999986e-01 1.433160e-03 -1.577944e+00 5.206799e-03 -1.437557e-03 9.999854e-01 -2.838027e+01
9.999988e-01 1.314290e-03 -8.629824e-04 3.320440e+01 -1.314762e-03 9.999990e-01 -5.451974e-04 -1.583954e+00 8.622649e-04 5.463308e-04 9.999995e-01 -2.870701e+01
9.999912e-01 -3.548348e-04 -4.169185e-03 3.348102e+01 3.577954e-04 9.999997e-01 7.092973e-04 -1.579396e+00 4.168932e-03 -7.107822e-04 9.999911e-01 -2.977032e+01
9.999991e-01 1.321448e-03 -3.013728e-04 3.358761e+01 -1.321669e-03 9.999989e-01 -7.317973e-04 -1.569917e+00 3.004053e-04 7.321943e-04 9.999997e-01 -3.119922e+01
9.999893e-01 -7.292248e-04 -4.566339e-03 3.384957e+01 7.348601e-04 9.999990e-01 1.232418e-03 -1.571160e+00 4.565436e-03 -1.235760e-03 9.999888e-01 -3.177873e+01
9.999987e-01 1.347751e-03 -8.698008e-04 3.427724e+01 -1.348214e-03 9.999990e-01 -5.313020e-04 -1.570734e+00 8.690837e-04 5.324734e-04 9.999995e-01 -3.233053e+01
9.999924e-01 -8.172397e-04 -3.813332e-03 3.446194e+01 8.213241e-04 9.999991e-01 1.069513e-03 -1.574697e+00 3.812454e-03 -1.072636e-03 9.999922e-01 -3.279161e+01
9.999978e-01 1.482977e-03 -1.471800e-03 3.477194e+01 -1.483701e-03 9.999988e-01 -4.910390e-04 -1.575718e+00 1.471070e-03 4.932211e-04 9.999988e-01 -3.335032e+01
9.999946e-01 -8.064499e-04 -3.199738e-03 3.499034e+01 8.095251e-04 9.999992e-01 9.597521e-04 -1.575040e+00 3.198961e-03 -9.623366e-04 9.999944e-01 -3.405482e+01
