9.999876e-01 2.166037e-04 -4.977731e-03 2.427842e-01 -2.166921e-04 1.000000e+00 -1.721182e-05 -3.428772e-02 4.977727e-03 1.828953e-05 9.999876e-01 1.682752e+00
9.999983e-01 1.858855e-04 -1.843264e-03 1.015264e+00 -1.855834e-04 1.000000e+00 1.640591e-04 -9.485915e-02 1.843295e-03 -1.637160e-04 9.999983e-01 3.667865e+00
9.999945e-01 1.804944e-04 -3.308982e-03 1.325962e+00 -1.802822e-04 1.000000e+00 6.443293e-05 -1.280152e-01 3.308994e-03 -6.383674e-05 9.999945e-01 4.753687e+00
9.999992e-01 6.799919e-05 -1.249996e-03 1.424037e+00 -6.750190e-05 9.999999e-01 3.978510e-04 -1.394963e-01 1.250023e-03 -3.977656e-04 9.999991e-01 5.184304e+00
9.999954e-01 1.813366e-04 -3.017041e-03 1.541612e+00 -1.812417e-04 1.000000e+00 3.173548e-05 -1.607075e-01 3.017047e-03 -3.118924e-05 9.999954e-01 5.789877e+00
9.999986e-01 1.319145e-04 -1.677407e-03 1.762861e+00 -1.313167e-04 9.999999e-01 3.564841e-04 -1.905049e-01 1.677454e-03 -3.562626e-04 9.999985e-01 6.615002e+00
9.999856e-01 3.882328e-04 -5.348627e-03 2.335945e+00 -3.859943e-04 9.999998e-01 4.195540e-04 -2.291054e-01 5.348789e-03 -4.174841e-04 9.999856e-01 7.382206e+00
9.999995e-01 -5.459785e-05 -1.016553e-03 2.784642e+00 5.484796e-05 1.000000e+00 2.459731e-04 -2.658548e-01 1.016540e-03 -2.460280e-04 9.999995e-01 8.254122e+00
9.999979e-01 2.288962e-04 -2.021046e-03 2.844922e+00 -2.295175e-04 9.999999e-01 -3.072161e-04 -2.938849e-01 2.020975e-03 3.076787e-04 9.999979e-01 9.467798e+00
9.999997e-01 -2.745083e-04 -6.575988e-04 2.564674e+00 2.744870e-04 1.000000e+00 -3.253891e-05 -3.013939e-01 6.576080e-04 3.235911e-05 9.999998e-01 1.112170e+01
9.999958e-01 1.186794e-04 -2.909761e-03 2.049955e+00 -1.192174e-04 1.000000e+00 -1.847107e-04 -2.898825e-01 2.909739e-03 1.850561e-04 9.999957e-01 1.266456e+01
9.999971e-01 -1.102732e-04 -2.404218e-03 1.487031e+00 1.111106e-04 9.999999e-01 3.481239e-04 -2.724773e-01 2.404180e-03 -3.483894e-04 9.999970e-01 1.373563e+01
9.999941e-01 2.229953e-04 -3.418398e-03 1.604991e+00 -2.221546e-04 9.999999e-01 2.463363e-04 -2.912452e-01 3.418452e-03 -2.455761e-04 9.999941e-01 1.476110e+01
9.999892e-01 3.069127e-04 -4.631891e-03 2.251725e+00 -3.041578e-04 9.999998e-01 5.954557e-04 -3.254122e-01 4.632073e-03 -5.940397e-04 9.999891e-01 1.558604e+01
9.999997e-01 -2.409936e-04 7.041307e-04 2.293600e+00 2.413229e-04 9.999999e-01 -4.676695e-04 -3.484532e-01 -7.040182e-04 4.678386e-04 9.999996e-01 1.680186e+01
9.999913e-01 4.134263e-04 -4.139166e-03 2.539202e+00 -4.125014e-04 9.999999e-01 2.243125e-04 -3.949382e-01 4.139258e-03 -2.226024e-04 9.999914e-01 1.853488e+01
9.999989e-01 -2.335978e-04 1.445522e-03 2.582870e+00 2.345787e-04 9.999997e-01 -6.784483e-04 -4.249388e-01 -1.445364e-03 6.787859e-04 9.999987e-01 2.009814e+01
9.999810e-01 5.281527e-04 -6.146266e-03 2.800293e+00 -5.214509e-04 9.999993e-01 1.091934e-03 -4.546027e-01 6.146838e-03 -1.088707e-03 9.999805e-01 2.093098e+01
9.999999e-01 -1.214845e-04 -3.041160e-04 3.274618e+00 1.213714e-04 9.999999e-01 -3.715843e-04 -4.887115e-01 3.041608e-04 3.715467e-04 9.999999e-01 2.167004e+01
9.999881e-01 3.648511e-04 -4.856297e-03 3.601977e+00 -3.608357e-04 9.999996e-01 8.276924e-04 -5.246774e-01 4.856597e-03 -8.259296e-04 9.999879e-01 2.269732e+01
9.999983e-01 -2.035108e-04 1.828590e-03 3.770643e+00 2.054232e-04 9.999994e-01 -1.045731e-03 -5.650709e-01 -1.828376e-03 1.046104e-03 9.999978e-01 2.429833e+01
9.999927e-01 2.213980e-04 -3.821295e-03 3.792994e+00 -2.199217e-04 9.999999e-01 3.867337e-04 -6.022361e-01 3.821381e-03 -3.858898e-04 9.999926e-01 2.646962e+01
9.999987e-01 -1.551805e-04 1.614950e-03 3.788882e+00 1.571753e-04 9.999992e-01 -1.235212e-03 -6.416250e-01 -1.614758e-03 1.235464e-03 9.999979e-01 2.906996e+01
9.999879e-01 2.867575e-05 -4.909970e-03 3.701181e+00 -2.505936e-05 9.999997e-01 7.365866e-04 -6.644541e-01 4.909990e-03 -7.364540e-04 9.999877e-01 3.121931e+01
9.999944e-01 -3.905029e-05 3.332626e-03 3.663647e+00 4.428766e-05 9.999988e-01 -1.571504e-03 -6.991389e-01 -3.332561e-03 1.571642e-03 9.999932e-01 3.344699e+01
9.999861e-01 9.793473e-05 -5.264647e-03 3.647302e+00 -9.369136e-05 9.999997e-01 8.062406e-04 -7.348105e-01 5.264724e-03 -8.057354e-04 9.999858e-01 3.573708e+01
9.999950e-01 3.179618e-05 3.164565e-03 3.805629e+00 -2.668243e-05 9.999987e-01 -1.615992e-03 -7.828383e-01 -3.164612e-03 1.615899e-03 9.999937e-01 3.808822e+01
9.999843e-01 1.754133e-04 -5.604983e-03 3.943086e+00 -1.685572e-04 9.999992e-01 1.223653e-03 -8.227277e-01 5.605194e-03 -1.222688e-03 9.999835e-01 3.987914e+01
9.999948e-01 -1.697134e-04 3.235238e-03 4.115114e+00 1.755292e-04 9.999984e-01 -1.797444e-03 -8.673007e-01 -3.234928e-03 1.798002e-03 9.999932e-01 4.199801e+01
9.999846e-01 4.190179e-04 -5.535050e-03 4.369259e+00 -4.126881e-04 9.999993e-01 1.144663e-03 -9.242654e-01 5.535526e-03 -1.142361e-03 9.999840e-01 4.418524e+01
9.999968e-01 -1.953157e-04 2.539131e-03 4.471439e+00 1.986119e-04 9.999991e-01 -1.298017e-03 -9.555170e-01 -2.538875e-03 1.298516e-03 9.999959e-01 4.549716e+01
9.999846e-01 4.231657e-04 -5.541837e-03 4.616855e+00 -4.167431e-04 9.999992e-01 1.160017e-03 -9.923591e-01 5.542324e-03 -1.157689e-03 9.999840e-01 4.697338e+01
9.999965e-01 -1.823645e-04 2.655074e-03 4.711160e+00 1.859232e-04 9.999991e-01 -1.340183e-03 -1.023863e+00 -2.654827e-03 1.340671e-03 9.999956e-01 4.831246e+01
9.999828e-01 2.645318e-04 -5.857921e-03 4.610211e+00 -2.566078e-04 9.999991e-01 1.353400e-03 -1.034298e+00 5.858274e-03 -1.351873e-03 9.999819e-01 4.934700e+01
9.999972e-01 -4.284264e-05 2.386227e-03 4.613358e+00 4.566300e-05 9.999993e-01 -1.181924e-03 -1.049794e+00 -2.386175e-03 1.182029e-03 9.999965e-01 5.005168e+01
9.999785e-01 2.973943e-04 -6.548513e-03 4.668455e+00 -2.868515e-04 9.999987e-01 1.610830e-03 -1.062314e+00 6.548983e-03 -1.608916e-03 9.999773e-01 5.037997e+01
9.999969e-01 -1.179845e-04 2.480470e-03 4.662951e+00 1.209652e-04 9.999993e-01 -1.201609e-03 -1.075002e+00 -2.480327e-03 1.201905e-03 9.999962e-01 5.099102e+01
9.999731e-01 3.840341e-04 -7.319231e-03 4.589398e+00 -3.714263e-04 9.999984e-01 1.723818e-03 -1.082938e+00 7.319881e-03 -1.721053e-03 9.999717e-01 5.131904e+01
9.999982e-01 6.586065e-06 1.871517e-03 4.408606e+00 -4.454929e-06 9.999994e-01 -1.138765e-03 -1.081283e+00 -1.871524e-03 1.138754e-03 9.999976e-01 5.112996e+01
9.999786e-01 3.180529e-04 -6.528963e-03 4.309135e+00 -3.074997e-04 9.999986e-01 1.617296e-03 -1.086326e+00 6.529469e-03 -1.615253e-03 9.999774e-01 5.123805e+01
9.999984e-01 -3.590150e-05 1.813014e-03 4.191793e+00 3.795710e-05 9.999994e-01 -1.133827e-03 -1.093521e+00 -1.812972e-03 1.133893e-03 9.999977e-01 5.146000e+01
9.999785e-01 3.322136e-04 -6.543521e-03 4.098461e+00 -3.215812e-04 9.999986e-01 1.625849e-03 -1.100192e+00 6.544052e-03 -1.623709e-03 9.999773e-01 5.159447e+01
9.999973e-01 -6.277395e-05 2.332956e-03 4.227937e+00 6.530063e-05 9.999994e-01 -1.083015e-03 -1.116429e+00 -2.332887e-03 1.083163e-03 9.999967e-01 5.197687e+01
9.999634e-01 5.156426e-04 -8.538410e-03 4.633162e+00 -4.998098e-04 9.999982e-01 1.856331e-03 -1.140638e+00 8.539352e-03 -1.851995e-03 9.999618e-01 5.235574e+01
9.999934e-01 -9.430366e-05 3.624654e-03 4.745614e+00 9.879377e-05 9.999992e-01 -1.238635e-03 -1.149030e+00 -3.624535e-03 1.238984e-03 9.999927e-01 5.225723e+01
9.999675e-01 4.506545e-04 -8.046281e-03 4.730252e+00 -4.368231e-04 9.999984e-01 1.720645e-03 -1.159085e+00 8.047044e-03 -1.717073e-03 9.999661e-01 5.240209e+01
9.999927e-01 -2.462029e-04 3.801218e-03 4.774466e+00 2.509922e-04 9.999992e-01 -1.259537e-03 -1.174521e+00 -3.800906e-03 1.260481e-03 9.999920e-01 5.283382e+01
9.999652e-01 4.397066e-04 -8.332822e-03 4.738851e+00 -4.252915e-04 9.999984e-01 1.731605e-03 -1.182147e+00 8.333570e-03 -1.728000e-03 9.999638e-01 5.321745e+01
9.999911e-01 -2.193484e-04 4.203153e-03 4.752937e+00 2.247928e-04 9.999991e-01 -1.294907e-03 -1.194419e+00 -4.202865e-03 1.295840e-03 9.999903e-01 5.356129e+01
9.999629e-01 4.831838e-04 -8.603352e-03 4.696536e+00 -4.681163e-04 9.999984e-01 1.753275e-03 -1.203939e+00 8.604186e-03 -1.749182e-03 9.999615e-01 5.380635e+01
9.999941e-01 -4.305523e-05 3.421512e-03 5.010460e+00 4.651749e-05 9.999995e-01 -1.011865e-03 -1.215905e+00 -3.421467e-03 1.012018e-03 9.999936e-01 5.383727e+01
9.999619e-01 6.122456e-04 -8.711938e-03 5.207064e+00 -5.990045e-04 9.999987e-01 1.522395e-03 -1.223772e+00 8.712859e-03 -1.517118e-03 9.999609e-01 5.358771e+01
9.999920e-01 9.345096e-05 3.994135e-03 5.386804e+00 -8.937537e-05 9.999995e-01 -1.020585e-03 -1.224167e+00 -3.994229e-03 1.020219e-03 9.999915e-01 5.295279e+01
9.999611e-01 5.782080e-04 -8.799879e-03 5.673612e+00 -5.649213e-04 9.999987e-01 1.512265e-03 -1.225048e+00 8.800743e-03 -1.507234e-03 9.999601e-01 5.233457e+01
9.999928e-01 7.513737e-05 3.805223e-03 6.071732e+00 -7.207395e-05 9.999997e-01 -8.052169e-04 -1.231695e+00 -3.805282e-03 8.049361e-04 9.999924e-01 5.196776e+01
9.999650e-01 3.987110e-04 -8.360061e-03 6.399441e+00 -3.875217e-04 9.999990e-01 1.339988e-03 -1.244555e+00 8.360587e-03 -1.336700e-03 9.999642e-01 5.192975e+01
9.999930e-01 2.608776e-05 3.733646e-03 6.707637e+00 -2.323385e-05 9.999997e-01 -7.644465e-04 -1.269863e+00 -3.733665e-03 7.643537e-04 9.999927e-01 5.240984e+01
9.999720e-01 2.510879e-04 -7.476064e-03 6.794077e+00 -2.430054e-04 9.999994e-01 1.082000e-03 -1.285390e+00 7.476331e-03 -1.080152e-03 9.999715e-01 5.271590e+01
9.999966e-01 2.211385e-04 2.588000e-03 6.875197e+00 -2.195837e-04 9.999998e-01 -6.010895e-04 -1.291873e+00 -2.588133e-03 6.005185e-04 9.999965e-01 5.241544e+01
9.999673e-01 2.510629e-04 -8.081107e-03 7.280915e+00 -2.395822e-04 9.999990e-01 1.421615e-03 -1.316978e+00 8.081456e-03 -1.419632e-03 9.999663e-01 5.271773e+01
9.999937e-01 8.178658e-05 3.538160e-03 7.442006e+00 -7.818177e-05 9.999995e-01 -1.018997e-03 -1.340779e+00 -3.538242e-03 1.018713e-03 9.999932e-01 5.332751e+01
9.999662e-01 3.347249e-04 -8.209260e-03 7.424252e+00 -3.223712e-04 9.999988e-01 1.506111e-03 -1.347498e+00 8.209755e-03 -1.503413e-03 9.999652e-01 5.321928e+01
9.999921e-01 1.880475e-04 3.974610e-03 7.578645e+00 -1.837000e-04 9.999994e-01 -1.094193e-03 -1.357874e+00 -3.974814e-03 1.093453e-03 9.999915e-01 5.293561e+01
9.999634e-01 4.202831e-04 -8.547061e-03 8.072586e+00 -4.059124e-04 9.999985e-01 1.683011e-03 -1.372300e+00 8.547756e-03 -1.679479e-03 9.999621e-01 5.279911e+01
9.999934e-01 -1.097654e-05 3.640895e-03 8.448032e+00 1.464150e-05 9.999995e-01 -1.006617e-03 -1.397621e+00 -3.640883e-03 1.006663e-03 9.999929e-01 5.310459e+01
9.999670e-01 3.246405e-04 -8.120269e-03 8.425337e+00 -3.125937e-04 9.999988e-01 1.484760e-03 -1.407971e+00 8.120742e-03 -1.482172e-03 9.999659e-01 5.321624e+01
9.999918e-01 -8.832913e-05 4.040282e-03 8.468533e+00 9.244853e-05 9.999995e-01 -1.019439e-03 -1.421862e+00 -4.040190e-03 1.019803e-03 9.999913e-01 5.357979e+01
9.999636e-01 3.975723e-04 -8.522133e-03 8.580957e+00 -3.839393e-04 9.999986e-01 1.601285e-03 -1.439237e+00 8.522759e-03 -1.597954e-03 9.999624e-01 5.392592e+01
9.999936e-01 -1.328571e-04 3.572790e-03 8.367705e+00 1.368257e-04 9.999994e-01 -1.110583e-03 -1.439638e+00 -3.572641e-03 1.111064e-03 9.999930e-01 5.418405e+01
9.999604e-01 4.861820e-04 -8.883642e-03 8.173625e+00 -4.711605e-04 9.999985e-01 1.692915e-03 -1.439193e+00 8.884452e-03 -1.688662e-03 9.999591e-01 5.411258e+01
9.999908e-01 -1.525305e-04 4.290904e-03 8.059556e+00 1.579057e-04 9.999992e-01 -1.252420e-03 -1.442859e+00 -4.290710e-03 1.253086e-03 9.999900e-01 5.417225e+01
9.999647e-01 4.044214e-04 -8.389660e-03 8.007607e+00 -3.909154e-04 9.999986e-01 1.611400e-03 -1.454276e+00 8.390301e-03 -1.608063e-03 9.999635e-01 5.456295e+01
9.999907e-01 -1.063731e-04 4.304132e-03 7.985024e+00 1.117477e-04 9.999992e-01 -1.248523e-03 -1.467053e+00 -4.303996e-03 1.248992e-03 9.999900e-01 5.492022e+01
9.999615e-01 4.223116e-04 -8.768612e-03 7.914967e+00 -4.081931e-04 9.999986e-01 1.611832e-03 -1.478511e+00 8.769281e-03 -1.608190e-03 9.999603e-01 5.516225e+01
9.999878e-01 -1.936184e-04 4.926266e-03 7.874296e+00 2.001778e-04 9.999991e-01 -1.331085e-03 -1.490813e+00 -4.926005e-03 1.332054e-03 9.999870e-01 5.570129e+01
9.999622e-01 3.574710e-04 -8.689330e-03 7.854476e+00 -3.437073e-04 9.999987e-01 1.585409e-03 -1.504323e+00 8.689886e-03 -1.582362e-03 9.999610e-01 5.643215e+01
9.999911e-01 -7.268347e-05 4.217008e-03 8.015957e+00 7.772463e-05 9.999993e-01 -1.195318e-03 -1.530438e+00 -4.216918e-03 1.195634e-03 9.999904e-01 5.715633e+01
9.999643e-01 3.250284e-04 -8.446748e-03 8.128566e+00 -3.117534e-04 9.999987e-01 1.572866e-03 -1.554180e+00 8.447248e-03 -1.570176e-03 9.999631e-01 5.786388e+01
9.999916e-01 -1.056409e-04 4.107112e-03 8.179708e+00 1.106068e-04 9.999993e-01 -1.208921e-03 -1.569357e+00 -4.106982e-03 1.209364e-03 9.999908e-01 5.838173e+01
9.999656e-01 4.302183e-04 -8.277975e-03 8.236643e+00 -4.161780e-04 9.999985e-01 1.697734e-03 -1.580263e+00 8.278693e-03 -1.694230e-03 9.999643e-01 5.850764e+01
9.999886e-01 -3.589827e-04 4.751461e-03 8.146348e+00 3.660606e-04 9.999988e-01 -1.488864e-03 -1.588958e+00 -4.750921e-03 1.490585e-03 9.999876e-01 5.932838e+01
9.999665e-01 4.811343e-04 -8.166643e-03 8.055535e+00 -4.684188e-04 9.999987e-01 1.558828e-03 -1.598150e+00 8.167383e-03 -1.554950e-03 9.999654e-01 6.021671e+01
9.999938e-01 -2.683494e-04 3.507649e-03 8.036080e+00 2.717598e-04 9.999995e-01 -9.718736e-04 -1.605809e+00 -3.507387e-03 9.728201e-04 9.999934e-01 6.048028e+01
9.999662e-01 6.864241e-04 -8.192461e-03 8.030578e+00 -6.740120e-04 9.999986e-01 1.517706e-03 -1.610803e+00 8.193492e-03 -1.512132e-03 9.999653e-01 6.030630e+01
9.999906e-01 -4.646022e-04 4.313736e-03 8.083984e+00 4.693168e-04 9.999993e-01 -1.092013e-03 -1.626218e+00 -4.313226e-03 1.094027e-03 9.999901e-01 6.081545e+01
9.999661e-01 5.294162e-04 -8.222756e-03 8.190415e+00 -5.199912e-04 9.999992e-01 1.148290e-03 -1.657891e+00 8.223357e-03 -1.143974e-03 9.999655e-01 6.237795e+01
9.999766e-01 -6.618594e-04 6.815015e-03 7.930618e+00 6.769100e-04 9.999973e-01 -2.206397e-03 -1.683636e+00 -6.813537e-03 2.210958e-03 9.999743e-01 6.508287e+01
9.999661e-01 4.278473e-04 -8.220753e-03 7.392666e+00 -4.191841e-04 9.999994e-01 1.055492e-03 -1.686057e+00 8.221200e-03 -1.052010e-03 9.999657e-01 6.773075e+01
9.999788e-01 -5.920386e-04 6.487267e-03 7.043229e+00 6.054859e-04 9.999977e-01 -2.071142e-03 -1.701619e+00 -6.486026e-03 2.075025e-03 9.999768e-01 7.029148e+01
9.999676e-01 6.070294e-04 -8.023275e-03 7.052209e+00 -5.995777e-04 9.999994e-01 9.311238e-04 -1.747832e+00 8.023835e-03 -9.262824e-04 9.999674e-01 7.309765e+01
9.999829e-01 -4.654042e-04 5.825790e-03 7.114896e+00 4.758852e-04 9.999983e-01 -1.797831e-03 -1.795578e+00 -5.824944e-03 1.800572e-03 9.999814e-01 7.558356e+01
9.999664e-01 4.810403e-04 -8.177639e-03 7.097074e+00 -4.719983e-04 9.999993e-01 1.107572e-03 -1.831978e+00 8.178166e-03 -1.103674e-03 9.999659e-01 7.775705e+01
9.999824e-01 -2.009541e-04 5.928325e-03 7.269593e+00 2.121400e-04 9.999982e-01 -1.886319e-03 -1.884300e+00 -5.927935e-03 1.887543e-03 9.999806e-01 7.991436e+01
9.999497e-01 5.778405e-04 -1.001175e-02 7.513027e+00 -5.579151e-04 9.999979e-01 1.992863e-03 -1.925055e+00 1.001288e-02 -1.987177e-03 9.999479e-01 8.117489e+01
9.999932e-01 -1.436139e-04 3.673271e-03 7.942282e+00 1.486914e-04 9.999990e-01 -1.382074e-03 -1.959028e+00 -3.673069e-03 1.382610e-03 9.999923e-01 8.193945e+01
9.999537e-01 6.529815e-04 -9.598057e-03 8.381672e+00 -6.327588e-04 9.999976e-01 2.109818e-03 -1.975846e+00 9.599412e-03 -2.103646e-03 9.999517e-01 8.204390e+01
9.999943e-01 -1.821495e-04 3.382789e-03 8.903530e+00 1.864462e-04 9.999992e-01 -1.269947e-03 -1.985123e+00 -3.382555e-03 1.270569e-03 9.999935e-01 8.177685e+01
9.999548e-01 6.506077e-04 -9.480678e-03 9.415549e+00 -6.300364e-04 9.999974e-01 2.172623e-03 -2.002475e+00 9.482067e-03 -2.166551e-03 9.999527e-01 8.179096e+01
9.999941e-01 -1.675537e-04 3.417400e-03 9.806395e+00 1.730320e-04 9.999987e-01 -1.602883e-03 -2.035127e+00 -3.417127e-03 1.603465e-03 9.999929e-01 8.255615e+01
9.999518e-01 6.058599e-04 -9.795111e-03 1.025076e+01 -5.837181e-04 9.999973e-01 2.263177e-03 -2.065148e+00 9.796456e-03 -2.257349e-03 9.999495e-01 8.317608e+01
9.999947e-01 -6.336875e-05 3.257667e-03 1.078850e+01 6.810598e-05 9.999989e-01 -1.454140e-03 -2.087104e+00 -3.257572e-03 1.454354e-03 9.999936e-01 8.333581e+01
9.999514e-01 6.113987e-04 -9.844058e-03 1.136605e+01 -5.879811e-04 9.999970e-01 2.381553e-03 -2.095867e+00 9.845484e-03 -2.375648e-03 9.999487e-01 8.308659e+01
9.999921e-01 2.446591e-05 3.964603e-03 1.188975e+01 -1.828361e-05 9.999988e-01 -1.559448e-03 -2.110975e+00 -3.964637e-03 1.559362e-03 9.999909e-01 8.305702e+01
9.999488e-01 4.467912e-04 -1.010671e-02 1.233734e+01 -4.242597e-04 9.999974e-01 2.231375e-03 -2.136033e+00 1.010768e-02 -2.226972e-03 9.999464e-01 8.344486e+01
9.999944e-01 1.309342e-04 3.357186e-03 1.290701e+01 -1.262990e-04 9.999990e-01 -1.380912e-03 -2.154988e+00 -3.357364e-03 1.380480e-03 9.999934e-01 8.351805e+01
9.999633e-01 2.619266e-04 -8.567305e-03 1.320782e+01 -2.440400e-04 9.999978e-01 2.088732e-03 -2.179259e+00 8.567833e-03 -2.086563e-03 9.999611e-01 8.388536e+01
9.999939e-01 1.001408e-04 3.480562e-03 1.343940e+01 -9.459400e-05 9.999987e-01 -1.593838e-03 -2.205436e+00 -3.480717e-03 1.593499e-03 9.999927e-01 8.440481e+01
9.999230e-01 6.702079e-04 -1.238831e-02 1.439388e+01 -6.374239e-04 9.999963e-01 2.650108e-03 -2.226872e+00 1.239004e-02 -2.642007e-03 9.999198e-01 8.429556e+01
9.999898e-01 5.132936e-05 4.520378e-03 1.523754e+01 -4.397522e-05 9.999987e-01 -1.627014e-03 -2.245393e+00 -4.520456e-03 1.626798e-03 9.999885e-01 8.412767e+01
9.999115e-01 7.235083e-04 -1.328380e-02 1.616915e+01 -6.872127e-04 9.999960e-01 2.736671e-03 -2.269290e+00 1.328573e-02 -2.727299e-03 9.999080e-01 8.406784e+01
9.999800e-01 -4.330765e-05 6.329620e-03 1.690930e+01 5.460125e-05 9.999984e-01 -1.784116e-03 -2.276046e+00 -6.329533e-03 1.784425e-03 9.999784e-01 8.370013e+01
9.999317e-01 6.889449e-04 -1.166717e-02 1.725154e+01 -6.617648e-04 9.999971e-01 2.333305e-03 -2.275533e+00 1.166875e-02 -2.325424e-03 9.999292e-01 8.303323e+01
9.999921e-01 -1.349618e-05 3.966243e-03 1.811782e+01 1.853623e-05 9.999992e-01 -1.270754e-03 -2.284718e+00 -3.966223e-03 1.270817e-03 9.999913e-01 8.265933e+01
9.999328e-01 7.100587e-04 -1.157397e-02 1.896641e+01 -6.835095e-04 9.999971e-01 2.297645e-03 -2.303725e+00 1.157557e-02 -2.289579e-03 9.999304e-01 8.252272e+01
9.999965e-01 1.187102e-04 2.632905e-03 1.998444e+01 -1.154937e-04 9.999992e-01 -1.221864e-03 -2.329108e+00 -2.633049e-03 1.221555e-03 9.999958e-01 8.243825e+01
9.999740e-01 7.747375e-04 -7.172094e-03 2.025844e+01 -7.642293e-04 9.999986e-01 1.467747e-03 -2.322809e+00 7.173222e-03 -1.462227e-03 9.999732e-01 8.134894e+01
9.999974e-01 2.032323e-04 2.286638e-03 2.029047e+01 -2.000473e-04 9.999990e-01 -1.393134e-03 -2.317501e+00 -2.286919e-03 1.392673e-03 9.999964e-01 8.008413e+01
9.999738e-01 5.666950e-04 -7.222702e-03 2.057735e+01 -5.540320e-04 9.999983e-01 1.755069e-03 -2.313537e+00 7.223684e-03 -1.751021e-03 9.999724e-01 7.914686e+01
9.999979e-01 3.062717e-04 2.037226e-03 2.096089e+01 -3.035853e-04 9.999991e-01 -1.318915e-03 -2.308000e+00 -2.037628e-03 1.318293e-03 9.999971e-01 7.822349e+01
9.999738e-01 6.338115e-04 -7.205287e-03 2.134366e+01 -6.217382e-04 9.999984e-01 1.677697e-03 -2.301072e+00 7.206340e-03 -1.673173e-03 9.999726e-01 7.717958e+01
9.999965e-01 4.146260e-04 2.598668e-03 2.151911e+01 -4.106130e-04 9.999987e-01 -1.544708e-03 -2.293281e+00 -2.599305e-03 1.543635e-03 9.999954e-01 7.589416e+01
9.999228e-01 5.791700e-04 -1.241585e-02 2.284103e+01 -5.436149e-04 9.999957e-01 2.866848e-03 -2.301728e+00 1.241746e-02 -2.859877e-03 9.999188e-01 7.534142e+01
9.999792e-01 4.114126e-04 6.440951e-03 2.354270e+01 -3.968207e-04 9.999974e-01 -2.266636e-03 -2.293225e+00 -6.441867e-03 2.264032e-03 9.999767e-01 7.437270e+01
9.999403e-01 2.532595e-04 -1.092398e-02 2.412815e+01 -2.222923e-04 9.999960e-01 2.835892e-03 -2.300408e+00 1.092465e-02 -2.833294e-03 9.999363e-01 7.382312e+01
9.999793e-01 6.293606e-04 6.401331e-03 2.477297e+01 -6.132549e-04 9.999966e-01 -2.517673e-03 -2.315105e+00 -6.402895e-03 2.513695e-03 9.999763e-01 7.348352e+01
9.999371e-01 1.797607e-04 -1.121319e-02 2.513689e+01 -1.476459e-04 9.999959e-01 2.864762e-03 -2.308274e+00 1.121366e-02 -2.862926e-03 9.999330e-01 7.239810e+01
9.999914e-01 5.681051e-04 4.100804e-03 2.608984e+01 -5.601535e-04 9.999980e-01 -1.939963e-03 -2.312913e+00 -4.101898e-03 1.937649e-03 9.999897e-01 7.181620e+01
9.999473e-01 2.453053e-04 -1.026681e-02 2.695572e+01 -2.178996e-04 9.999964e-01 2.670363e-03 -2.310678e+00 1.026743e-02 -2.667984e-03 9.999437e-01 7.103243e+01
9.999988e-01 7.514417e-04 1.376394e-03 2.822289e+01 -7.493498e-04 9.999986e-01 -1.519846e-03 -2.318292e+00 -1.377535e-03 1.518812e-03 9.999979e-01 7.040040e+01
9.999403e-01 2.687696e-04 -1.092567e-02 2.954726e+01 -2.383103e-04 9.999961e-01 2.789054e-03 -2.336642e+00 1.092637e-02 -2.786283e-03 9.999364e-01 7.000731e+01
9.999872e-01 5.751554e-04 5.036428e-03 3.039475e+01 -5.643566e-04 9.999975e-01 -2.145342e-03 -2.334061e+00 -5.037650e-03 2.142472e-03 9.999850e-01 6.920243e+01
9.999559e-01 2.713070e-04 -9.387904e-03 3.054184e+01 -2.494076e-04 9.999972e-01 2.333790e-03 -2.329508e+00 9.388512e-03 -2.331345e-03 9.999532e-01 6.812817e+01
9.999951e-01 6.150098e-04 3.083468e-03 3.124200e+01 -6.097688e-04 9.999984e-01 -1.700444e-03 -2.321101e+00 -3.084509e-03 1.698555e-03 9.999938e-01 6.716433e+01
9.999310e-01 3.558084e-04 -1.173924e-02 3.248759e+01 -3.223697e-04 9.999959e-01 2.850205e-03 -2.319174e+00 1.174020e-02 -2.846223e-03 9.999270e-01 6.640710e+01
9.999923e-01 4.327568e-04 3.904177e-03 3.356650e+01 -4.256966e-04 9.999983e-01 -1.809072e-03 -2.326037e+00 -3.904953e-03 1.807396e-03 9.999907e-01 6.585035e+01
9.999399e-01 3.343003e-04 -1.095392e-02 3.451823e+01 -3.049244e-04 9.999964e-01 2.683307e-03 -2.335270e+00 1.095478e-02 -2.679805e-03 9.999364e-01 6.537746e+01
9.999826e-01 5.953912e-04 5.869869e-03 3.503005e+01 -5.824230e-04 9.999974e-01 -2.210794e-03 -2.328878e+00 -5.871170e-03 2.207336e-03 9.999803e-01 6.446087e+01
9.999486e-01 2.973635e-04 -1.013344e-02 3.524600e+01 -2.729518e-04 9.999971e-01 2.410298e-03 -2.322667e+00 1.013412e-02 -2.407408e-03 9.999458e-01 6.335757e+01
9.999855e-01 6.298988e-04 5.339998e-03 3.556437e+01 -6.185739e-04 9.999976e-01 -2.122187e-03 -2.317312e+00 -5.341322e-03 2.118852e-03 9.999835e-01 6.233743e+01
9.999129e-01 1.711808e-04 -1.320051e-02 3.669364e+01 -1.293519e-04 9.999950e-01 3.169501e-03 -2.310124e+00 1.320098e-02 -3.167516e-03 9.999078e-01 6.152899e+01
9.999977e-01 1.106460e-03 1.851768e-03 3.849683e+01 -1.103537e-03 9.999981e-01 -1.578601e-03 -2.306662e+00 -1.853512e-03 1.576553e-03 9.999970e-01 6.059433e+01
9.999735e-01 -6.190264e-04 -7.247607e-03 3.883835e+01 6.359254e-04 9.999971e-01 2.329556e-03 -2.312105e+00 7.246144e-03 -2.334102e-03 9.999710e-01 6.013634e+01
9.999972e-01 7.151875e-04 2.255985e-03 3.849153e+01 -7.110630e-04 9.999981e-01 -1.828640e-03 -2.298746e+00 -2.257288e-03 1.827030e-03 9.999958e-01 6.050712e+01
9.999681e-01 -3.034591e-04 -7.980203e-03 3.850347e+01 3.226505e-04 9.999971e-01 2.403661e-03 -2.300454e+00 7.979451e-03 -2.406159e-03 9.999653e-01 6.050152e+01
9.999979e-01 9.810525e-04 1.788509e-03 3.911356e+01 -9.779768e-04 9.999980e-01 -1.719929e-03 -2.297458e+00 -1.790193e-03 1.718175e-03 9.999969e-01 5.974541e+01
9.999540e-01 -9.051061e-05 -9.589567e-03 4.015709e+01 1.172609e-04 9.999961e-01 2.788967e-03 -2.302937e+00 9.589277e-03 -2.789962e-03 9.999501e-01 5.918219e+01
9.999927e-01 1.027363e-03 3.679845e-03 4.099992e+01 -1.019474e-03 9.999972e-01 -2.145096e-03 -2.297618e+00 -3.682039e-03 2.141328e-03 9.999909e-01 5.825637e+01
9.999707e-01 -1.617329e-04 -7.653315e-03 4.127781e+01 1.794983e-04 9.999973e-01 2.320601e-03 -2.289737e+00 7.652919e-03 -2.321906e-03 9.999680e-01 5.708703e+01
9.999963e-01 7.329757e-04 2.608333e-03 4.187523e+01 -7.280658e-04 9.999980e-01 -1.882936e-03 -2.314805e+00 -2.609708e-03 1.881029e-03 9.999948e-01 5.714916e+01
9.999741e-01 2.568666e-04 -7.194249e-03 4.201286e+01 -2.431807e-04 9.999982e-01 1.903118e-03 -2.306022e+00 7.194724e-03 -1.901319e-03 9.999723e-01 5.571190e+01
9.999972e-01 7.214691e-04 2.270888e-03 4.205960e+01 -7.172682e-04 9.999980e-01 -1.850259e-03 -2.300130e+00 -2.272218e-03 1.848624e-03 9.999957e-01 5.439021e+01
9.999708e-01 3.222735e-04 -7.630870e-03 4.198166e+01 -3.086176e-04 9.999983e-01 1.790631e-03 -2.293301e+00 7.631434e-03 -1.788223e-03 9.999693e-01 5.289826e+01
9.999957e-01 6.646348e-04 2.840704e-03 4.207923e+01 -6.597007e-04 9.999983e-01 -1.737613e-03 -2.286280e+00 -2.841854e-03 1.735731e-03 9.999945e-01 5.151290e+01
9.999745e-01 2.591674e-04 -7.139061e-03 4.226830e+01 -2.460929e-04 9.999983e-01 1.832186e-03 -2.278943e+00 7.139524e-03 -1.830381e-03 9.999728e-01 5.024643e+01
9.999959e-01 7.073453e-04 2.781140e-03 4.243917e+01 -7.024679e-04 9.999982e-01 -1.754420e-03 -2.270798e+00 -2.782376e-03 1.752459e-03 9.999946e-01 4.890254e+01
9.999717e-01 2.513016e-04 -7.515349e-03 4.254526e+01 -2.373818e-04 9.999983e-01 1.852982e-03 -2.264598e+00 7.515802e-03 -1.851145e-03 9.999700e-01 4.762981e+01
9.999963e-01 7.059257e-04 2.642664e-03 4.283155e+01 -7.016030e-04 9.999984e-01 -1.636422e-03 -2.257211e+00 -2.643815e-03 1.634561e-03 9.999952e-01 4.643314e+01
9.999680e-01 1.020285e-04 -7.996158e-03 4.311333e+01 -8.531611e-05 9.999978e-01 2.090327e-03 -2.254375e+00 7.996354e-03 -2.089577e-03 9.999658e-01 4.554565e+01
9.999937e-01 7.243239e-04 3.474291e-03 4.323566e+01 -7.179718e-04 9.999981e-01 -1.829302e-03 -2.251539e+00 -3.475610e-03 1.826795e-03 9.999923e-01 4.454531e+01
9.999620e-01 2.478642e-04 -8.715343e-03 4.318531e+01 -2.314507e-04 9.999982e-01 1.884218e-03 -2.246445e+00 8.715795e-03 -1.882128e-03 9.999602e-01 4.320682e+01
9.999939e-01 1.142463e-03 3.307644e-03 4.309643e+01 -1.135117e-03 9.999969e-01 -2.221947e-03 -2.232883e+00 -3.310172e-03 2.218178e-03 9.999921e-01 4.116272e+01
9.999659e-01 1.947902e-04 -8.261864e-03 4.309155e+01 -1.787716e-04 9.999981e-01 1.939523e-03 -2.218135e+00 8.262226e-03 -1.937979e-03 9.999640e-01 3.915825e+01
9.999934e-01 5.219921e-04 3.582111e-03 4.358666e+01 -5.165156e-04 9.999987e-01 -1.529687e-03 -2.211793e+00 -3.582905e-03 1.527826e-03 9.999924e-01 3.814848e+01
9.999607e-01 4.681042e-04 -8.848997e-03 4.417322e+01 -4.516619e-04 9.999982e-01 1.859971e-03 -2.204089e+00 8.849852e-03 -1.855900e-03 9.999591e-01 3.710534e+01
9.999906e-01 3.409592e-04 4.319127e-03 4.426329e+01 -3.334813e-04 9.999984e-01 -1.732012e-03 -2.198967e+00 -4.319711e-03 1.730554e-03 9.999892e-01 3.595256e+01
9.999559e-01 3.232433e-04 -9.390997e-03 4.414862e+01 -3.039890e-04 9.999978e-01 2.051619e-03 -2.193936e+00 9.391640e-03 -2.048673e-03 9.999538e-01 3.527721e+01
9.999897e-01 3.504486e-04 4.521120e-03 4.412609e+01 -3.425359e-04 9.999984e-01 -1.750894e-03 -2.192172e+00 -4.521726e-03 1.749327e-03 9.999882e-01 3.455447e+01
9.999437e-01 4.221012e-04 -1.060300e-02 4.390920e+01 -4.000215e-04 9.999977e-01 2.084406e-03 -2.187157e+00 1.060386e-02 -2.080046e-03 9.999416e-01 3.358262e+01
9.999885e-01 5.956593e-04 4.749046e-03 4.373978e+01 -5.860514e-04 9.999978e-01 -2.024326e-03 -2.181328e+00 -4.750241e-03 2.021519e-03 9.999867e-01 3.218142e+01
9.999168e-01 1.800391e-04 -1.289695e-02 4.304435e+01 -1.444815e-04 9.999962e-01 2.757905e-03 -2.166040e+00 1.289739e-02 -2.755812e-03 9.999130e-01 3.142529e+01
9.999853e-01 1.746159e-04 5.420449e-03 4.218693e+01 -1.636074e-04 9.999979e-01 -2.031354e-03 -2.135171e+00 -5.420793e-03 2.030437e-03 9.999832e-01 3.141940e+01
9.999364e-01 5.241991e-05 -1.127454e-02 4.169559e+01 -2.294354e-05 9.999966e-01 2.614506e-03 -2.117420e+00 1.127464e-02 -2.614080e-03 9.999330e-01 3.155387e+01
9.999779e-01 5.745515e-04 6.624676e-03 4.176777e+01 -5.600389e-04 9.999974e-01 -2.192390e-03 -2.119821e+00 -6.625919e-03 2.188631e-03 9.999757e-01 3.094628e+01
9.999349e-01 2.457978e-04 -1.141061e-02 4.186417e+01 -2.169159e-04 9.999968e-01 2.532281e-03 -2.117229e+00 1.141120e-02 -2.529641e-03 9.999317e-01 2.998863e+01
9.999773e-01 6.546710e-04 6.712040e-03 4.201269e+01 -6.397683e-04 9.999973e-01 -2.222244e-03 -2.112503e+00 -6.713478e-03 2.217899e-03 9.999750e-01 2.899703e+01
9.999143e-01 1.024704e-04 -1.309187e-02 4.266931e+01 -6.449821e-05 9.999958e-01 2.900807e-03 -2.108768e+00 1.309211e-02 -2.899713e-03 9.999101e-01 2.820844e+01
9.999712e-01 5.816564e-04 7.560723e-03 4.333266e+01 -5.655499e-04 9.999976e-01 -2.132285e-03 -2.114946e+00 -7.561945e-03 2.127947e-03 9.999691e-01 2.771581e+01
9.999238e-01 8.169857e-05 -1.234185e-02 4.387318e+01 -4.944349e-05 9.999966e-01 2.613728e-03 -2.121021e+00 1.234202e-02 -2.612918e-03 9.999204e-01 2.718180e+01
9.999740e-01 5.301468e-04 7.197253e-03 4.419391e+01 -5.164151e-04 9.999980e-01 -1.909682e-03 -2.128794e+00 -7.198252e-03 1.905915e-03 9.999723e-01 2.680194e+01
9.999183e-01 -2.202944e-04 -1.278279e-02 4.388808e+01 2.521097e-04 9.999969e-01 2.487330e-03 -2.126562e+00 1.278220e-02 -2.490349e-03 9.999152e-01 2.692806e+01
9.999811e-01 7.248552e-04 6.107681e-03 4.339763e+01 -7.135237e-04 9.999980e-01 -1.857319e-03 -2.115921e+00 -6.109016e-03 1.852925e-03 9.999796e-01 2.661427e+01
9.999245e-01 7.036249e-05 -1.229155e-02 4.316365e+01 -4.267832e-05 9.999975e-01 2.252513e-03 -2.113871e+00 1.229168e-02 -2.251818e-03 9.999219e-01 2.570505e+01
9.999760e-01 6.558650e-04 6.897617e-03 4.310104e+01 -6.426673e-04 9.999980e-01 -1.915462e-03 -2.112489e+00 -6.898859e-03 1.910983e-03 9.999744e-01 2.485380e+01
9.999302e-01 -1.607187e-04 -1.181103e-02 4.314963e+01 1.887235e-04 9.999972e-01 2.369961e-03 -2.116264e+00 1.181062e-02 -2.372024e-03 9.999274e-01 2.455627e+01
9.999789e-01 6.657721e-04 6.469074e-03 4.346308e+01 -6.555082e-04 9.999985e-01 -1.588663e-03 -2.128921e+00 -6.470122e-03 1.584388e-03 9.999778e-01 2.443999e+01
9.999439e-01 -1.155451e-03 -1.053148e-02 4.406246e+01 1.166214e-03 9.999988e-01 1.015897e-03 -2.216430e+00 1.053030e-02 -1.028121e-03 9.999440e-01 2.817395e+01
9.999583e-01 1.955304e-03 8.915608e-03 4.476331e+01 -1.929268e-03 9.999939e-01 -2.927981e-03 -2.345708e+00 -8.921278e-03 2.910658e-03 9.999560e-01 3.226545e+01
9.998992e-01 -1.485586e-03 -1.412008e-02 4.491909e+01 1.535295e-03 9.999927e-01 3.510207e-03 -2.367508e+00 1.411476e-02 -3.531531e-03 9.998941e-01 3.246918e+01
9.999550e-01 2.365920e-03 9.182235e-03 4.504811e+01 -2.336099e-03 9.999920e-01 -3.257166e-03 -2.365454e+00 -9.189867e-03 3.235569e-03 9.999525e-01 3.152441e+01
9.998827e-01 -1.752599e-03 -1.521317e-02 4.560924e+01 1.813867e-03 9.999903e-01 4.014448e-03 -2.368082e+00 1.520598e-02 -4.041572e-03 9.998762e-01 3.105619e+01
9.999431e-01 2.590095e-03 1.034871e-02 4.577940e+01 -2.551386e-03 9.999897e-01 -3.751997e-03 -2.365875e+00 -1.035832e-02 3.725379e-03 9.999394e-01 3.016956e+01
9.998581e-01 -1.920736e-03 -1.673774e-02 4.643650e+01 1.994832e-03 9.999883e-01 4.411273e-03 -2.365641e+00 1.672907e-02 -4.444035e-03 9.998502e-01 2.946134e+01
9.999477e-01 2.852761e-03 9.819929e-03 4.739026e+01 -2.818481e-03 9.999899e-01 -3.502958e-03 -2.365765e+00 -9.829823e-03 3.475097e-03 9.999456e-01 2.884687e+01
9.998971e-01 -2.082133e-03 -1.419551e-02 4.788448e+01 2.138434e-03 9.999899e-01 3.952056e-03 -2.369779e+00 1.418714e-02 -3.982005e-03 9.998914e-01 2.825221e+01
9.999624e-01 2.915538e-03 8.169260e-03 4.871387e+01 -2.889115e-03 9.999906e-01 -3.244415e-03 -2.385327e+00 -8.178642e-03 3.220691e-03 9.999614e-01 2.804531e+01
9.998468e-01 -2.155767e-03 -1.737100e-02 4.972126e+01 2.234377e-03 9.999873e-01 4.507180e-03 -2.422886e+00 1.736106e-02 -4.545302e-03 9.998390e-01 2.835488e+01
9.999514e-01 3.051554e-03 9.377914e-03 5.063652e+01 -3.016042e-03 9.999882e-01 -3.798533e-03 -2.479744e+00 -9.389395e-03 3.770064e-03 9.999488e-01 2.921803e+01
9.998959e-01 -2.943290e-03 -1.412761e-02 5.105870e+01 3.000637e-03 9.999873e-01 4.039721e-03 -2.539199e+00 1.411554e-02 -4.081692e-03 9.998920e-01 3.087908e+01
9.999392e-01 3.608668e-03 1.042025e-02 5.164768e+01 -3.560955e-03 9.999831e-01 -4.593867e-03 -2.624598e+00 -1.043665e-02 4.556481e-03 9.999352e-01 3.320089e+01
9.998746e-01 -2.863801e-03 -1.557715e-02 5.217696e+01 2.939840e-03 9.999839e-01 4.860716e-03 -2.652407e+00 1.556298e-02 -4.905900e-03 9.998669e-01 3.356023e+01
9.999485e-01 3.921468e-03 9.363731e-03 5.198870e+01 -3.879078e-03 9.999822e-01 -4.541003e-03 -2.644739e+00 -9.381372e-03 4.504446e-03 9.999458e-01 3.241595e+01
9.998776e-01 -3.113707e-03 -1.533320e-02 5.252998e+01 3.191800e-03 9.999820e-01 5.071178e-03 -2.639359e+00 1.531713e-02 -5.119497e-03 9.998696e-01 3.157156e+01
9.999686e-01 3.996778e-03 6.839011e-03 5.353526e+01 -3.970155e-03 9.999845e-01 -3.902019e-03 -2.651660e+00 -6.854501e-03 3.874744e-03 9.999690e-01 3.126081e+01
9.999047e-01 -3.236435e-03 -1.341793e-02 5.436610e+01 3.300901e-03 9.999831e-01 4.785103e-03 -2.657159e+00 1.340222e-02 -4.828938e-03 9.998985e-01 3.080366e+01
9.999734e-01 4.428104e-03 5.790983e-03 5.550025e+01 -4.405520e-03 9.999827e-01 -3.906872e-03 -2.657664e+00 -5.808182e-03 3.881255e-03 9.999756e-01 3.012957e+01
9.999308e-01 -3.400334e-03 -1.126516e-02 5.607978e+01 3.448707e-03 9.999849e-01 4.277369e-03 -2.647666e+00 1.125045e-02 -4.315923e-03 9.999274e-01 2.902395e+01
9.999714e-01 4.346097e-03 6.187728e-03 5.643111e+01 -4.321355e-03 9.999826e-01 -4.006398e-03 -2.640388e+00 -6.205033e-03 3.979543e-03 9.999728e-01 2.790087e+01
9.999160e-01 -3.667484e-03 -1.242872e-02 5.718750e+01 3.727871e-03 9.999813e-01 4.838948e-03 -2.641934e+00 1.241075e-02 -4.884874e-03 9.999111e-01 2.732684e+01
9.999672e-01 4.482925e-03 6.746023e-03 5.790627e+01 -4.455064e-03 9.999815e-01 -4.139425e-03 -2.651586e+00 -6.764455e-03 4.109234e-03 9.999687e-01 2.699504e+01
9.998660e-01 -3.486450e-03 -1.599254e-02 5.926240e+01 3.566989e-03 9.999811e-01 5.010278e-03 -2.679705e+00 1.597477e-02 -5.066651e-03 9.998596e-01 2.739341e+01
9.999524e-01 4.313465e-03 8.752141e-03 6.022390e+01 -4.272494e-03 9.999799e-01 -4.694661e-03 -2.685611e+00 -8.772215e-03 4.657043e-03 9.999507e-01 2.766371e+01
9.999254e-01 -4.676455e-03 -1.128651e-02 6.036348e+01 4.722345e-03 9.999807e-01 4.042689e-03 -2.731194e+00 1.126739e-02 -4.095685e-03 9.999281e-01 3.017558e+01
9.999251e-01 4.782476e-03 1.126573e-02 6.025881e+01 -4.716135e-03 9.999714e-01 -5.907969e-03 -2.779684e+00 -1.129366e-02 5.854395e-03 9.999191e-01 3.324913e+01
9.997823e-01 -4.125147e-03 -2.045118e-02 5.891712e+01 4.250706e-03 9.999724e-01 6.099758e-03 -2.738350e+00 2.042546e-02 -6.185362e-03 9.997722e-01 3.324925e+01
9.999083e-01 5.304982e-03 1.245602e-02 5.829883e+01 -5.231371e-03 9.999687e-01 -5.934839e-03 -2.712330e+00 -1.248711e-02 5.869132e-03 9.999048e-01 3.187839e+01
9.997481e-01 -4.361537e-03 -2.201437e-02 5.951596e+01 4.521267e-03 9.999638e-01 7.211150e-03 -2.731321e+00 2.198212e-02 -7.308866e-03 9.997316e-01 3.159447e+01
9.999524e-01 5.821823e-03 7.832315e-03 6.133820e+01 -5.780332e-03 9.999692e-01 -5.309739e-03 -2.787433e+00 -7.862986e-03 5.264212e-03 9.999552e-01 3.194689e+01
9.997484e-01 -4.412908e-03 -2.199312e-02 6.321464e+01 4.569850e-03 9.999644e-01 7.090801e-03 -2.839768e+00 2.196104e-02 -7.189521e-03 9.997330e-01 3.226908e+01
9.998736e-01 4.491074e-03 1.524945e-02 6.408515e+01 -4.385164e-03 9.999661e-01 -6.971554e-03 -2.940341e+00 -1.528024e-02 6.903801e-03 9.998594e-01 3.524599e+01
9.997912e-01 -3.475545e-03 -2.013773e-02 6.508226e+01 3.600393e-03 9.999745e-01 6.166779e-03 -3.062590e+00 2.011578e-02 -6.237994e-03 9.997782e-01 3.821782e+01
9.999675e-01 4.777686e-03 6.489422e-03 6.687236e+01 -4.749534e-03 9.999793e-01 -4.346701e-03 -3.108968e+00 -6.510055e-03 4.315738e-03 9.999695e-01 3.844481e+01
9.998566e-01 -3.797524e-03 -1.650389e-02 6.805041e+01 3.890228e-03 9.999768e-01 5.588657e-03 -3.133026e+00 1.648228e-02 -5.652058e-03 9.998482e-01 3.832002e+01
9.999663e-01 4.739783e-03 6.702916e-03 6.915076e+01 -4.711157e-03 9.999797e-01 -4.280023e-03 -3.157731e+00 -6.723067e-03 4.248299e-03 9.999684e-01 3.833497e+01
9.998516e-01 -3.697028e-03 -1.682595e-02 7.032849e+01 3.788907e-03 9.999781e-01 5.431939e-03 -3.188589e+00 1.680550e-02 -5.494884e-03 9.998437e-01 3.858339e+01
9.999691e-01 4.415957e-03 6.497628e-03 7.157960e+01 -4.389730e-03 9.999822e-01 -4.045302e-03 -3.226226e+00 -6.515376e-03 4.016654e-03 9.999707e-01 3.882610e+01
9.997974e-01 -3.232543e-03 -1.986481e-02 7.331804e+01 3.347233e-03 9.999779e-01 5.742982e-03 -3.289774e+00 1.984581e-02 -5.808310e-03 9.997862e-01 3.950552e+01
9.998976e-01 4.164237e-03 1.369395e-02 7.409095e+01 -4.094818e-03 9.999786e-01 -5.093444e-03 -3.308121e+00 -1.371487e-02 5.036847e-03 9.998933e-01 3.943059e+01
9.998088e-01 -3.647028e-03 -1.921008e-02 7.470575e+01 3.760586e-03 9.999756e-01 5.878568e-03 -3.326850e+00 1.918817e-02 -5.949684e-03 9.997982e-01 3.934622e+01
9.999498e-01 4.719048e-03 8.843999e-03 7.594945e+01 -4.678627e-03 9.999785e-01 -4.585622e-03 -3.366815e+00 -8.865449e-03 4.544013e-03 9.999504e-01 3.961192e+01
9.998147e-01 -3.840048e-03 -1.886413e-02 7.710300e+01 3.950321e-03 9.999753e-01 5.811829e-03 -3.404081e+00 1.884135e-02 -5.885271e-03 9.998052e-01 3.987161e+01
9.999550e-01 4.754478e-03 8.205945e-03 7.839078e+01 -4.717555e-03 9.999787e-01 -4.513151e-03 -3.449443e+00 -8.227227e-03 4.474235e-03 9.999561e-01 4.032412e+01
9.997499e-01 -3.647103e-03 -2.206565e-02 8.008775e+01 3.785494e-03 9.999734e-01 6.233259e-03 -3.523889e+00 2.204233e-02 -6.315229e-03 9.997371e-01 4.140921e+01
9.999619e-01 4.972620e-03 7.170904e-03 8.201120e+01 -4.938894e-03 9.999767e-01 -4.713322e-03 -3.613898e+00 -7.194175e-03 4.677726e-03 9.999632e-01 4.304348e+01
9.996466e-01 -3.123945e-03 -2.639877e-02 8.484762e+01 3.309635e-03 9.999701e-01 6.993262e-03 -3.674019e+00 2.637613e-02 -7.078160e-03 9.996270e-01 4.351975e+01
9.999308e-01 4.592226e-03 1.083444e-02 8.698617e+01 -4.537521e-03 9.999769e-01 -5.068418e-03 -3.765721e+00 -1.085746e-02 5.018905e-03 9.999285e-01 4.509290e+01
9.998476e-01 -3.851192e-03 -1.703006e-02 8.773989e+01 3.938353e-03 9.999793e-01 5.087503e-03 -3.840832e+00 1.701012e-02 -5.153797e-03 9.998420e-01 4.720148e+01
9.999820e-01 5.260763e-03 -2.881201e-03 9.047910e+01 -5.268577e-03 9.999824e-01 -2.711240e-03 -3.917217e+00 2.866887e-03 2.726371e-03 9.999922e-01 4.785905e+01
9.998186e-01 -2.820276e-03 -1.883546e-02 9.377212e+01 2.925240e-03 9.999803e-01 5.547400e-03 -3.982229e+00 1.881945e-02 -5.601492e-03 9.998072e-01 4.793784e+01
9.999316e-01 4.177016e-03 1.092767e-02 9.495237e+01 -4.126646e-03 9.999808e-01 -4.628025e-03 -4.009126e+00 -1.094679e-02 4.582613e-03 9.999296e-01 4.785775e+01
9.998559e-01 -3.354383e-03 -1.663871e-02 9.542992e+01 3.437246e-03 9.999818e-01 4.953982e-03 -4.021342e+00 1.662179e-02 -5.010459e-03 9.998493e-01 4.735146e+01
9.999255e-01 3.866855e-03 1.157858e-02 9.592598e+01 -3.815995e-03 9.999830e-01 -4.411511e-03 -4.042282e+00 -1.159544e-02 4.366998e-03 9.999232e-01 4.741733e+01
9.997696e-01 -2.943583e-03 -2.126123e-02 9.701280e+01 3.061973e-03 9.999800e-01 5.537898e-03 -4.070441e+00 2.124450e-02 -5.601723e-03 9.997586e-01 4.745343e+01
9.999044e-01 3.992223e-03 1.323693e-02 9.797898e+01 -3.930553e-03 9.999813e-01 -4.681687e-03 -4.084140e+00 -1.325537e-02 4.629210e-03 9.999014e-01 4.713976e+01
9.998292e-01 -3.232334e-03 -1.819726e-02 9.799274e+01 3.321661e-03 9.999826e-01 4.880712e-03 -4.083190e+00 1.818117e-02 -4.940323e-03 9.998225e-01 4.628521e+01
9.998858e-01 3.770981e-03 1.463331e-02 9.835474e+01 -3.706208e-03 9.999832e-01 -4.450990e-03 -4.095507e+00 -1.464985e-02 4.396247e-03 9.998830e-01 4.623449e+01
9.998049e-01 -3.210381e-03 -1.948924e-02 9.873741e+01 3.304795e-03 9.999830e-01 4.814139e-03 -4.128493e+00 1.947345e-02 -4.877607e-03 9.997985e-01 4.703013e+01
9.999451e-01 4.086384e-03 9.650950e-03 9.985144e+01 -4.050510e-03 9.999848e-01 -3.733876e-03 -4.182442e+00 -9.666062e-03 3.694579e-03 9.999465e-01 4.790907e+01
9.998204e-01 -3.126493e-03 -1.869402e-02 1.008735e+02 3.210309e-03 9.999849e-01 4.455232e-03 -4.233478e+00 1.867981e-02 -4.514444e-03 9.998153e-01 4.875618e+01
9.999305e-01 3.992219e-03 1.109411e-02 1.018480e+02 -3.952099e-03 9.999856e-01 -3.635923e-03 -4.257196e+00 -1.110846e-02 3.591824e-03 9.999318e-01 4.875810e+01
9.997955e-01 -2.861460e-03 -2.002168e-02 1.030835e+02 2.956454e-03 9.999845e-01 4.716542e-03 -4.279913e+00 2.000787e-02 -4.774770e-03 9.997884e-01 4.867050e+01
