9.999856e-01 4.778410e-04 -5.353666e-03 3.929024e-01 -4.756304e-04 9.999998e-01 4.141843e-04 -3.557299e-02 5.353863e-03 -4.116327e-04 9.999856e-01 7.402994e-01
9.999997e-01 -4.168994e-05 8.288153e-04 6.914830e-01 4.174564e-05 1.000000e+00 -6.715376e-05 -6.525662e-02 -8.288122e-04 6.718905e-05 9.999997e-01 1.233029e+00
9.999879e-01 4.623307e-04 -4.895062e-03 9.441825e-01 -4.600875e-04 9.999998e-01 4.593649e-04 -8.854653e-02 4.895273e-03 -4.571079e-04 9.999879e-01 1.454107e+00
1.000000e+00 4.006219e-05 -1.585659e-04 1.336611e+00 -4.003804e-05 1.000000e+00 1.521505e-04 -1.090408e-01 1.585723e-04 -1.521434e-04 1.000000e+00 1.514253e+00
9.999863e-01 5.544075e-04 -5.212823e-03 1.813818e+00 -5.512920e-04 9.999997e-01 5.990935e-04 -1.261533e-01 5.213153e-03 -5.962122e-04 9.999862e-01 1.476335e+00
9.999999e-01 7.546930e-06 -3.773218e-04 2.239695e+00 -7.525025e-06 1.000000e+00 5.796447e-05 -1.552361e-01 3.773225e-04 -5.796091e-05 9.999999e-01 1.837569e+00
9.999843e-01 6.438688e-04 -5.562530e-03 2.766455e+00 -6.404503e-04 9.999996e-01 6.163249e-04 -1.705631e-01 5.562925e-03 -6.127534e-04 9.999843e-01 1.718722e+00
9.999994e-01 1.233893e-05 1.077844e-03 3.161631e+00 -1.221044e-05 1.000000e+00 -1.191834e-04 -1.689173e-01 -1.077845e-03 1.191709e-04 9.999994e-01 1.093050e+00
9.999777e-01 7.756745e-04 -6.626712e-03 3.895259e+00 -7.696337e-04 9.999993e-01 9.140982e-04 -1.653351e-01 6.627416e-03 -9.089784e-04 9.999776e-01 4.887328e-01
9.999969e-01 -2.973035e-04 2.465668e-03 4.189477e+00 2.982043e-04 9.999999e-01 -3.649538e-04 -1.739230e-01 -2.465559e-03 3.656887e-04 9.999969e-01 2.648280e-01
9.999571e-01 1.166848e-03 -9.194015e-03 4.883328e+00 -1.157793e-03 9.999988e-01 9.902279e-04 -1.747503e-01 9.195159e-03 -9.795413e-04 9.999572e-01 -4.375086e-01
9.999953e-01 3.750599e-04 3.036154e-03 5.428311e+00 -3.714565e-04 9.999992e-01 -1.187288e-03 -1.562126e-01 -3.036597e-03 1.186156e-03 9.999947e-01 -2.353641e+00
9.999676e-01 5.710626e-04 -8.023579e-03 5.901494e+00 -5.595108e-04 9.999988e-01 1.441901e-03 -1.481515e-01 8.024392e-03 -1.437366e-03 9.999668e-01 -3.482532e+00
9.999942e-01 3.251778e-05 3.405908e-03 6.324337e+00 -2.980951e-05 9.999997e-01 -7.952015e-04 -1.730457e-01 -3.405932e-03 7.950961e-04 9.999939e-01 -3.275566e+00
9.999723e-01 3.182261e-04 -7.436869e-03 6.590073e+00 -3.100151e-04 9.999993e-01 1.105219e-03 -2.075218e-01 7.437215e-03 -1.102884e-03 9.999717e-01 -2.213163e+00
9.999885e-01 1.228539e-03 -4.637924e-03 8.511849e+00 -1.230099e-03 9.999992e-01 -3.335894e-04 -2.082462e-01 4.637510e-03 3.392914e-04 9.999892e-01 -3.321362e+00
9.998795e-01 1.793970e-03 -1.542120e-02 1.247809e+01 -1.761711e-03 9.999962e-01 2.105169e-03 -1.319919e-01 1.542492e-02 -2.077749e-03 9.998789e-01 -7.286467e+00
9.999744e-01 1.463844e-03 -7.008310e-03 1.667964e+01 -1.462962e-03 9.999989e-01 1.309400e-04 -5.981179e-02 7.008494e-03 -1.206831e-04 9.999754e-01 -1.123628e+01
9.999231e-01 1.093864e-03 -1.234956e-02 2.004064e+01 -1.070055e-03 9.999976e-01 1.934361e-03 -2.422484e-02 1.235165e-02 -1.920998e-03 9.999219e-01 -1.388169e+01
9.999624e-01 1.838234e-03 -8.474917e-03 2.387425e+01 -1.833785e-03 9.999982e-01 5.326778e-04 2.629944e-02 8.475881e-03 -5.171159e-04 9.999639e-01 -1.714966e+01
9.999290e-01 8.541070e-04 -1.188785e-02 2.767000e+01 -8.323799e-04 9.999980e-01 1.832508e-03 6.752694e-02 1.188939e-02 -1.822483e-03 9.999277e-01 -2.010141e+01
9.999793e-01 1.312328e-03 -6.299109e-03 3.060368e+01 -1.309223e-03 9.999990e-01 4.971005e-04 8.142997e-02 6.299755e-03 -4.888426e-04 9.999800e-01 -2.203792e+01
9.998370e-01 1.720084e-03 -1.797240e-02 3.506793e+01 -1.676299e-03 9.999956e-01 2.451015e-03 1.308584e-01 1.797654e-02 -2.420489e-03 9.998355e-01 -2.536070e+01
9.999951e-01 1.361683e-03 -2.806474e-03 3.932191e+01 -1.361042e-03 9.999990e-01 2.302331e-04 1.540829e-01 2.806785e-03 -2.264116e-04 9.999960e-01 -2.784284e+01
9.998979e-01 8.762544e-04 -1.426528e-02 4.209695e+01 -8.562670e-04 9.999986e-01 1.407175e-03 1.707090e-01 1.426650e-02 -1.394817e-03 9.998973e-01 -2.981220e+01
9.999826e-01 2.019354e-03 -5.543748e-03 4.572538e+01 -2.015699e-03 9.999977e-01 6.647783e-04 2.130454e-01 5.545078e-03 -6.535915e-04 9.999844e-01 -3.287568e+01
9.998336e-01 1.557956e-03 -1.817430e-02 4.995175e+01 -1.528999e-03 9.999975e-01 1.607105e-03 2.769953e-01 1.817676e-02 -1.579050e-03 9.998335e-01 -3.687252e+01
9.999901e-01 1.625606e-03 -4.134551e-03 5.410980e+01 -1.621980e-03 9.999983e-01 8.801362e-04 3.245712e-01 4.135975e-03 -8.734206e-04 9.999911e-01 -4.033746e+01
9.998877e-01 1.069754e-03 -1.495026e-02 5.742377e+01 -1.055452e-03 9.999990e-01 9.645219e-04 3.750835e-01 1.495128e-02 -9.486350e-04 9.998878e-01 -4.365365e+01
9.999873e-01 1.900710e-03 -4.671739e-03 6.098588e+01 -1.896514e-03 9.999978e-01 9.023523e-04 4.300627e-01 4.673444e-03 -8.934801e-04 9.999887e-01 -4.723694e+01
9.998905e-01 6.628427e-04 -1.478418e-02 6.343000e+01 -6.541705e-04 9.999996e-01 5.914279e-04 4.647613e-01 1.478457e-02 -5.816925e-04 9.998905e-01 -4.999244e+01
9.999833e-01 2.234066e-03 -5.323526e-03 6.660509e+01 -2.228433e-03 9.999970e-01 1.063890e-03 5.185226e-01 5.325887e-03 -1.052009e-03 9.999853e-01 -5.360969e+01
9.999016e-01 1.879046e-04 -1.402528e-02 6.921175e+01 -1.733636e-04 9.999994e-01 1.037995e-03 5.492187e-01 1.402547e-02 -1.035462e-03 9.999011e-01 -5.638273e+01
9.999708e-01 2.757945e-03 -7.123073e-03 7.241779e+01 -2.752193e-03 9.999959e-01 8.172577e-04 5.948656e-01 7.125298e-03 -7.976291e-04 9.999743e-01 -5.977345e+01
9.999024e-01 2.183831e-04 -1.397245e-02 7.567942e+01 -2.016191e-04 9.999993e-01 1.201196e-03 6.413682e-01 1.397270e-02 -1.198262e-03 9.999017e-01 -6.315608e+01
9.999771e-01 2.370008e-03 -6.340177e-03 7.809319e+01 -2.361679e-03 9.999963e-01 1.320827e-03 6.780211e-01 6.343285e-03 -1.305823e-03 9.999790e-01 -6.576798e+01
9.999563e-01 -1.487911e-03 -9.228039e-03 7.733876e+01 1.491291e-03 9.999988e-01 3.593854e-04 7.326158e-01 9.227493e-03 -3.731321e-04 9.999574e-01 -6.588865e+01
9.999569e-01 3.064495e-03 -8.763253e-03 7.717944e+01 -3.055637e-03 9.999948e-01 1.024002e-03 7.857308e-01 8.766346e-03 -9.971800e-04 9.999611e-01 -6.662665e+01
9.998650e-01 -9.775858e-07 -1.643232e-02 8.074592e+01 2.564515e-05 9.999989e-01 1.500963e-03 8.216922e-01 1.643230e-02 -1.501182e-03 9.998639e-01 -6.958415e+01
9.999634e-01 3.265393e-03 -7.907782e-03 8.421090e+01 -3.259085e-03 9.999944e-01 8.103863e-04 8.782404e-01 7.910384e-03 -7.845838e-04 9.999684e-01 -7.345507e+01
9.999270e-01 -7.270526e-04 -1.206433e-02 8.688554e+01 7.461424e-04 9.999985e-01 1.577927e-03 8.738427e-01 1.206316e-02 -1.586814e-03 9.999260e-01 -7.511432e+01
9.999799e-01 2.149251e-03 -5.970064e-03 8.901013e+01 -2.149252e-03 9.999977e-01 6.110580e-06 7.780985e-01 5.970064e-03 6.721404e-06 9.999822e-01 -7.263579e+01
9.999593e-01 -1.335314e-03 -8.920481e-03 8.995956e+01 1.346512e-03 9.999983e-01 1.249445e-03 7.244231e-01 8.918797e-03 -1.261407e-03 9.999594e-01 -6.985493e+01
9.999868e-01 1.997366e-03 -4.727448e-03 9.014716e+01 -1.999539e-03 9.999979e-01 -4.552355e-04 7.003396e-01 4.726529e-03 4.646829e-04 9.999887e-01 -6.690214e+01
9.999878e-01 -1.932384e-03 -4.555115e-03 9.069802e+01 1.936135e-03 9.999978e-01 8.194003e-04 6.482661e-01 4.553521e-03 -8.282103e-04 9.999893e-01 -6.350204e+01
9.999966e-01 2.569844e-03 4.667944e-04 9.140095e+01 -2.568990e-03 9.999950e-01 -1.820359e-03 5.435540e-01 -4.714699e-04 1.819155e-03 9.999982e-01 -5.957949e+01
9.999636e-01 -2.276261e-03 -8.219780e-03 9.040596e+01 2.289213e-03 9.999962e-01 1.566714e-03 5.505497e-01 8.216182e-03 -1.585474e-03 9.999650e-01 -5.690271e+01
9.999932e-01 2.039686e-03 3.057584e-03 8.979707e+01 -2.033256e-03 9.999957e-01 -2.104626e-03 5.518323e-01 -3.061863e-03 2.098395e-03 9.999931e-01 -5.433896e+01
9.999711e-01 -1.478107e-03 -7.459179e-03 9.031996e+01 1.491001e-03 9.999974e-01 1.723378e-03 4.775894e-01 7.456612e-03 -1.734450e-03 9.999707e-01 -5.225763e+01
9.999977e-01 2.070597e-03 4.685170e-04 9.024811e+01 -2.070040e-03 9.999972e-01 -1.185307e-03 4.529564e-01 -4.709697e-04 1.184335e-03 9.999992e-01 -5.142617e+01
9.999778e-01 -1.926825e-03 -6.375816e-03 9.063887e+01 1.937399e-03 9.999968e-01 1.652696e-03 4.017029e-01 6.372611e-03 -1.665012e-03 9.999783e-01 -4.988599e+01
9.999957e-01 2.585866e-03 1.409000e-03 9.128424e+01 -2.583095e-03 9.999947e-01 -1.964777e-03 3.203066e-01 -1.414073e-03 1.961130e-03 9.999971e-01 -4.774504e+01
9.999652e-01 -1.903113e-03 -8.128116e-03 9.187606e+01 1.926515e-03 9.999940e-01 2.872251e-03 3.119476e-01 8.122601e-03 -2.887811e-03 9.999628e-01 -4.801400e+01
9.999948e-01 2.565427e-03 1.956180e-03 9.248123e+01 -2.561495e-03 9.999947e-01 -2.009802e-03 3.067484e-01 -1.961326e-03 2.004781e-03 9.999961e-01 -4.845969e+01
9.999733e-01 -2.140951e-03 -6.986927e-03 9.265461e+01 2.159573e-03 9.999941e-01 2.658847e-03 2.940217e-01 6.981194e-03 -2.673866e-03 9.999721e-01 -4.830211e+01
9.999921e-01 2.416371e-03 3.153097e-03 9.289140e+01 -2.408395e-03 9.999939e-01 -2.531000e-03 2.551192e-01 -3.159193e-03 2.523387e-03 9.999918e-01 -4.698076e+01
9.999744e-01 -2.064844e-03 -6.843738e-03 9.309288e+01 2.082423e-03 9.999945e-01 2.562624e-03 2.170946e-01 6.838409e-03 -2.576811e-03 9.999733e-01 -4.573246e+01
9.999931e-01 2.181061e-03 3.021921e-03 9.295641e+01 -2.173823e-03 9.999948e-01 -2.396228e-03 2.080863e-01 -3.027131e-03 2.389643e-03 9.999926e-01 -4.492374e+01
9.999655e-01 -1.958754e-03 -8.076531e-03 9.299957e+01 1.981505e-03 9.999941e-01 2.809953e-03 1.949108e-01 8.070980e-03 -2.825861e-03 9.999634e-01 -4.441592e+01
9.999957e-01 2.522651e-03 1.470425e-03 9.286746e+01 -2.519694e-03 9.999948e-01 -2.009322e-03 1.989134e-01 -1.475486e-03 2.005609e-03 9.999969e-01 -4.462803e+01
9.999616e-01 -1.713113e-03 -8.599961e-03 9.242301e+01 1.735654e-03 9.999951e-01 2.614413e-03 2.160370e-01 8.595439e-03 -2.629239e-03 9.999596e-01 -4.525320e+01
9.999962e-01 2.312824e-03 1.500973e-03 9.183646e+01 -2.309631e-03 9.999951e-01 -2.125194e-03 2.399942e-01 -1.505880e-03 2.121720e-03 9.999966e-01 -4.572992e+01
9.999698e-01 -1.662571e-03 -7.589369e-03 9.173862e+01 1.683487e-03 9.999948e-01 2.750395e-03 2.505143e-01 7.584757e-03 -2.763089e-03 9.999674e-01 -4.617129e+01
9.999957e-01 2.380995e-03 1.684629e-03 9.176489e+01 -2.377426e-03 9.999949e-01 -2.117011e-03 2.578846e-01 -1.689660e-03 2.112997e-03 9.999963e-01 -4.668122e+01
9.999677e-01 -1.621994e-03 -7.874924e-03 9.175601e+01 1.644051e-03 9.999947e-01 2.795234e-03 2.644446e-01 7.870349e-03 -2.808091e-03 9.999651e-01 -4.717617e+01
9.999973e-01 2.202806e-03 6.852059e-04 9.233972e+01 -2.201585e-03 9.999960e-01 -1.778420e-03 2.489486e-01 -6.891204e-04 1.776908e-03 9.999982e-01 -4.716348e+01
9.999596e-01 -1.320555e-03 -8.894175e-03 9.320813e+01 1.345501e-03 9.999952e-01 2.799409e-03 2.390207e-01 8.890435e-03 -2.811263e-03 9.999565e-01 -4.745864e+01
9.999941e-01 2.092607e-03 2.713882e-03 9.374897e+01 -2.087103e-03 9.999958e-01 -2.029233e-03 2.409386e-01 -2.718117e-03 2.023558e-03 9.999943e-01 -4.807197e+01
9.999629e-01 -1.266707e-03 -8.524198e-03 9.424104e+01 1.289109e-03 9.999957e-01 2.623077e-03 2.452760e-01 8.520839e-03 -2.633969e-03 9.999602e-01 -4.874547e+01
9.999966e-01 2.062713e-03 1.601913e-03 9.509952e+01 -2.060243e-03 9.999967e-01 -1.541553e-03 2.444993e-01 -1.605087e-03 1.538248e-03 9.999975e-01 -4.928839e+01
9.999705e-01 -1.129400e-03 -7.593933e-03 9.570398e+01 1.144882e-03 9.999973e-01 2.034717e-03 2.535820e-01 7.591614e-03 -2.043352e-03 9.999691e-01 -5.020486e+01
9.999939e-01 2.134608e-03 2.760902e-03 9.591317e+01 -2.129489e-03 9.999960e-01 -1.855468e-03 2.602947e-01 -2.764852e-03 1.849578e-03 9.999945e-01 -5.132941e+01
9.999744e-01 -1.479814e-03 -7.004210e-03 9.619137e+01 1.496392e-03 9.999961e-01 2.362249e-03 2.586406e-01 7.000687e-03 -2.372670e-03 9.999727e-01 -5.197182e+01
9.999948e-01 2.293696e-03 2.275882e-03 9.632661e+01 -2.288769e-03 9.999950e-01 -2.165349e-03 2.615409e-01 -2.280837e-03 2.160130e-03 9.999951e-01 -5.293929e+01
9.999747e-01 -1.293278e-03 -6.991838e-03 9.647942e+01 1.310262e-03 9.999962e-01 2.425102e-03 2.665810e-01 6.988674e-03 -2.434202e-03 9.999726e-01 -5.399267e+01
9.999964e-01 2.147952e-03 1.633538e-03 9.685525e+01 -2.144623e-03 9.999956e-01 -2.036257e-03 2.694108e-01 -1.637904e-03 2.032747e-03 9.999966e-01 -5.480368e+01
9.999798e-01 -1.217800e-03 -6.246247e-03 9.715838e+01 1.232166e-03 9.999966e-01 2.296750e-03 2.758993e-01 6.243429e-03 -2.304400e-03 9.999779e-01 -5.577932e+01
9.999962e-01 2.230783e-03 1.590626e-03 9.735581e+01 -2.227383e-03 9.999952e-01 -2.135934e-03 2.832856e-01 -1.595383e-03 2.132383e-03 9.999965e-01 -5.698030e+01
9.999780e-01 -1.097714e-03 -6.534687e-03 9.750250e+01 1.111704e-03 9.999971e-01 2.137613e-03 2.915739e-01 6.532321e-03 -2.144832e-03 9.999764e-01 -5.832667e+01
9.999968e-01 2.121273e-03 1.369957e-03 9.787445e+01 -2.118714e-03 9.999960e-01 -1.866123e-03 3.008361e-01 -1.373909e-03 1.863216e-03 9.999973e-01 -5.947166e+01
9.999665e-01 -1.180547e-03 -8.102848e-03 9.842915e+01 1.201081e-03 9.999961e-01 2.529737e-03 3.060736e-01 8.099830e-03 -2.539385e-03 9.999640e-01 -6.029848e+01
9.999957e-01 2.023776e-03 2.142663e-03 9.864910e+01 -2.019528e-03 9.999960e-01 -1.982809e-03 3.141664e-01 -2.146667e-03 1.978474e-03 9.999957e-01 -6.096866e+01
9.999752e-01 -1.525251e-03 -6.868390e-03 9.891504e+01 1.542468e-03 9.999957e-01 2.502140e-03 3.103965e-01 6.864543e-03 -2.512673e-03 9.999733e-01 -6.110730e+01
9.999950e-01 2.030056e-03 2.423798e-03 9.898912e+01 -2.024713e-03 9.999955e-01 -2.204912e-03 3.118242e-01 -2.428263e-03 2.199995e-03 9.999946e-01 -6.142667e+01
9.999674e-01 -1.486017e-03 -7.935251e-03 9.871556e+01 1.507050e-03 9.999954e-01 2.645261e-03 3.262984e-01 7.931283e-03 -2.657135e-03 9.999650e-01 -6.179614e+01
9.999973e-01 2.009727e-03 1.133986e-03 9.924795e+01 -2.007666e-03 9.999963e-01 -1.815882e-03 3.177888e-01 -1.137631e-03 1.813601e-03 9.999977e-01 -6.201467e+01
9.999644e-01 -1.328155e-03 -8.330256e-03 9.996773e+01 1.351940e-03 9.999950e-01 2.850375e-03 3.066322e-01 8.326429e-03 -2.861537e-03 9.999612e-01 -6.216966e+01
9.999917e-01 1.903837e-03 3.604918e-03 1.001129e+02 -1.895283e-03 9.999954e-01 -2.374832e-03 3.073146e-01 -3.609423e-03 2.367981e-03 9.999907e-01 -6.246820e+01
9.999593e-01 -1.583001e-03 -8.886844e-03 9.989905e+01 1.608914e-03 9.999945e-01 2.909527e-03 3.119966e-01 8.882189e-03 -2.923707e-03 9.999563e-01 -6.238351e+01
9.999944e-01 1.878795e-03 2.752226e-03 9.960079e+01 -1.872495e-03 9.999956e-01 -2.289801e-03 3.278830e-01 -2.756516e-03 2.284635e-03 9.999936e-01 -6.225435e+01
9.999629e-01 -1.658146e-03 -8.448754e-03 9.959482e+01 1.682602e-03 9.999944e-01 2.888417e-03 3.374489e-01 8.443917e-03 -2.902526e-03 9.999601e-01 -6.220570e+01
9.999966e-01 2.252270e-03 1.325795e-03 1.000147e+02 -2.249650e-03 9.999955e-01 -1.974500e-03 3.355364e-01 -1.330236e-03 1.971511e-03 9.999972e-01 -6.226769e+01
9.999823e-01 -2.111928e-03 -5.566876e-03 1.000861e+02 2.124874e-03 9.999950e-01 2.320659e-03 3.206598e-01 5.561947e-03 -2.332447e-03 9.999818e-01 -6.172136e+01
9.999963e-01 2.186817e-03 1.617568e-03 1.000208e+02 -2.183469e-03 9.999955e-01 -2.068453e-03 3.163757e-01 -1.622084e-03 2.064914e-03 9.999966e-01 -6.115668e+01
9.999700e-01 -2.012062e-03 -7.485919e-03 9.986252e+01 2.033004e-03 9.999940e-01 2.791005e-03 3.270336e-01 7.480259e-03 -2.806140e-03 9.999681e-01 -6.093882e+01
9.999966e-01 2.486121e-03 8.165875e-04 1.001031e+02 -2.484518e-03 9.999950e-01 -1.958611e-03 3.231973e-01 -8.214526e-04 1.956576e-03 9.999977e-01 -6.085417e+01
9.999651e-01 -1.840242e-03 -8.153405e-03 1.007690e+02 1.863476e-03 9.999942e-01 2.842920e-03 3.056268e-01 8.148126e-03 -2.858015e-03 9.999627e-01 -6.089610e+01
9.999945e-01 1.963446e-03 2.666001e-03 1.006285e+02 -1.957324e-03 9.999954e-01 -2.296899e-03 3.203389e-01 -2.670499e-03 2.291669e-03 9.999938e-01 -6.063347e+01
9.999326e-01 -1.515014e-03 -1.151349e-02 1.012356e+02 1.554393e-03 9.999930e-01 3.412130e-03 3.117126e-01 1.150824e-02 -3.429797e-03 9.999279e-01 -6.041234e+01
9.999962e-01 2.360307e-03 1.410443e-03 1.023367e+02 -2.357551e-03 9.999953e-01 -1.951911e-03 2.728212e-01 -1.415044e-03 1.948580e-03 9.999971e-01 -6.010857e+01
9.999497e-01 -1.493693e-03 -9.920056e-03 1.032162e+02 1.522900e-03 9.999945e-01 2.937373e-03 2.440223e-01 9.915614e-03 -2.952333e-03 9.999465e-01 -6.000829e+01
9.999954e-01 2.082908e-03 2.199002e-03 1.039442e+02 -2.078790e-03 9.999961e-01 -1.873238e-03 2.381045e-01 -2.202895e-03 1.868658e-03 9.999958e-01 -6.027209e+01
9.999210e-01 -1.299356e-03 -1.250519e-02 1.049614e+02 1.340392e-03 9.999937e-01 3.273762e-03 2.282139e-01 1.250086e-02 -3.290266e-03 9.999164e-01 -6.052820e+01
9.999950e-01 2.187957e-03 2.286979e-03 1.060275e+02 -2.183503e-03 9.999957e-01 -1.947851e-03 2.194612e-01 -2.291231e-03 1.942849e-03 9.999955e-01 -6.085963e+01
9.999356e-01 -1.399549e-03 -1.125912e-02 1.069146e+02 1.434749e-03 9.999941e-01 3.118956e-03 2.125166e-01 1.125469e-02 -3.134910e-03 9.999317e-01 -6.115004e+01
9.999950e-01 2.180862e-03 2.287930e-03 1.078174e+02 -2.176402e-03 9.999957e-01 -1.949802e-03 2.044940e-01 -2.292173e-03 1.944813e-03 9.999955e-01 -6.141972e+01
9.999551e-01 -1.637716e-03 -9.333661e-03 1.083109e+02 1.663964e-03 9.999947e-01 2.805116e-03 1.990826e-01 9.329017e-03 -2.820521e-03 9.999525e-01 -6.141471e+01
9.999935e-01 1.906488e-03 3.060237e-03 1.085014e+02 -1.900312e-03 9.999962e-01 -2.019641e-03 1.965636e-01 -3.064076e-03 2.013813e-03 9.999933e-01 -6.120502e+01
9.999235e-01 -1.070674e-03 -1.231896e-02 1.094325e+02 1.110759e-03 9.999941e-01 3.247513e-03 1.830082e-01 1.231541e-02 -3.260949e-03 9.999188e-01 -6.141041e+01
9.999919e-01 1.855417e-03 3.564418e-03 1.103429e+02 -1.848039e-03 9.999961e-01 -2.071990e-03 1.761321e-01 -3.568248e-03 2.065387e-03 9.999915e-01 -6.176948e+01
9.999337e-01 -1.177575e-03 -1.145054e-02 1.111212e+02 1.214389e-03 9.999941e-01 3.208675e-03 1.611071e-01 1.144670e-02 -3.222368e-03 9.999293e-01 -6.182431e+01
9.999793e-01 1.339419e-03 6.295755e-03 1.114045e+02 -1.322035e-03 9.999953e-01 -2.764496e-03 1.491429e-01 -6.299429e-03 2.756116e-03 9.999764e-01 -6.111375e+01
9.998989e-01 -9.325637e-04 -1.419133e-02 1.120724e+02 9.834711e-04 9.999931e-01 3.580694e-03 1.127517e-01 1.418789e-02 -3.594289e-03 9.998929e-01 -6.052402e+01
9.999945e-01 1.924877e-03 2.694992e-03 1.133625e+02 -1.919362e-03 9.999961e-01 -2.047154e-03 8.011705e-02 -2.698922e-03 2.041971e-03 9.999943e-01 -6.040416e+01
9.999232e-01 -9.385694e-04 -1.235873e-02 1.144600e+02 9.793305e-04 9.999941e-01 3.292553e-03 5.725463e-02 1.235557e-02 -3.304404e-03 9.999182e-01 -6.046727e+01
9.999864e-01 1.613863e-03 4.952585e-03 1.152766e+02 -1.602354e-03 9.999960e-01 -2.326786e-03 5.556543e-02 -4.956320e-03 2.318819e-03 9.999850e-01 -6.098698e+01
9.999190e-01 -9.056697e-04 -1.269157e-02 1.161078e+02 9.480850e-04 9.999940e-01 3.336424e-03 5.031197e-02 1.268847e-02 -3.348188e-03 9.999139e-01 -6.138913e+01
9.999851e-01 1.574878e-03 5.230832e-03 1.168547e+02 -1.562652e-03 9.999960e-01 -2.340553e-03 4.648240e-02 -5.234497e-03 2.332345e-03 9.999836e-01 -6.178998e+01
9.999058e-01 -7.507874e-04 -1.370324e-02 1.177077e+02 7.976109e-04 9.999939e-01 3.411852e-03 3.630674e-02 1.370059e-02 -3.422461e-03 9.999003e-01 -6.202506e+01
9.999842e-01 1.505915e-03 5.409430e-03 1.185602e+02 -1.493524e-03 9.999963e-01 -2.293846e-03 2.910230e-02 -5.412864e-03 2.285732e-03 9.999827e-01 -6.237394e+01
9.998955e-01 -7.790761e-04 -1.443751e-02 1.194398e+02 8.296414e-04 9.999935e-01 3.496726e-03 1.602164e-02 1.443469e-02 -3.508339e-03 9.998897e-01 -6.258005e+01
9.999809e-01 1.589281e-03 5.977150e-03 1.203379e+02 -1.575122e-03 9.999959e-01 -2.372651e-03 9.801475e-03 -5.980897e-03 2.363192e-03 9.999793e-01 -6.296308e+01
9.998983e-01 -8.289128e-04 -1.423472e-02 1.212167e+02 8.784397e-04 9.999936e-01 3.473433e-03 3.637624e-03 1.423174e-02 -3.485585e-03 9.998926e-01 -6.334274e+01
9.999668e-01 1.475425e-03 8.010848e-03 1.216047e+02 -1.455288e-03 9.999958e-01 -2.518948e-03 -3.556401e-03 -8.014530e-03 2.507207e-03 9.999647e-01 -6.345943e+01
9.999131e-01 -1.263738e-03 -1.312198e-02 1.211546e+02 1.301582e-03 9.999950e-01 2.875859e-03 1.106493e-02 1.311828e-02 -2.892689e-03 9.999098e-01 -6.318989e+01
9.999589e-01 1.473661e-03 8.942594e-03 1.211345e+02 -1.450830e-03 9.999957e-01 -2.558965e-03 7.445051e-03 -8.946326e-03 2.545887e-03 9.999567e-01 -6.281814e+01
9.999067e-01 -1.076276e-03 -1.361559e-02 1.214148e+02 1.118340e-03 9.999946e-01 3.082208e-03 2.087094e-04 1.361220e-02 -3.097148e-03 9.999026e-01 -6.283026e+01
9.999651e-01 1.458371e-03 8.230896e-03 1.217700e+02 -1.439110e-03 9.999962e-01 -2.345443e-03 -1.473303e-02 -8.234285e-03 2.333516e-03 9.999634e-01 -6.272137e+01
9.999091e-01 -1.016007e-03 -1.344701e-02 1.220394e+02 1.056664e-03 9.999949e-01 3.016794e-03 -3.482600e-02 1.344387e-02 -3.030730e-03 9.999050e-01 -6.245723e+01
9.999624e-01 1.317560e-03 8.566546e-03 1.222147e+02 -1.296898e-03 9.999962e-01 -2.417017e-03 -5.377054e-02 -8.569698e-03 2.405817e-03 9.999604e-01 -6.208592e+01
9.999082e-01 -1.045714e-03 -1.350681e-02 1.220299e+02 1.085389e-03 9.999951e-01 2.930457e-03 -5.551558e-02 1.350368e-02 -2.944849e-03 9.999045e-01 -6.181050e+01
9.999631e-01 1.403568e-03 8.479665e-03 1.219133e+02 -1.382951e-03 9.999961e-01 -2.436678e-03 -4.882353e-02 -8.483052e-03 2.424862e-03 9.999611e-01 -6.191614e+01
9.998827e-01 -1.033975e-03 -1.528411e-02 1.212942e+02 1.082178e-03 9.999945e-01 3.145900e-03 -2.740656e-02 1.528077e-02 -3.162072e-03 9.998782e-01 -6.190134e+01
9.999536e-01 1.322657e-03 9.541620e-03 1.208574e+02 -1.298254e-03 9.999959e-01 -2.563209e-03 -1.426887e-02 -9.544971e-03 2.550704e-03 9.999512e-01 -6.180722e+01
9.998718e-01 -1.084974e-03 -1.597714e-02 1.202648e+02 1.136979e-03 9.999941e-01 3.246263e-03 9.668001e-03 1.597352e-02 -3.264013e-03 9.998671e-01 -6.162892e+01
9.999573e-01 1.428605e-03 9.129556e-03 1.194973e+02 -1.404093e-03 9.999954e-01 -2.690700e-03 3.851943e-02 -9.133357e-03 2.677767e-03 9.999547e-01 -6.152414e+01
9.998937e-01 -9.970290e-04 -1.454549e-02 1.195269e+02 1.045676e-03 9.999939e-01 3.337284e-03 3.990689e-02 1.454207e-02 -3.352140e-03 9.998886e-01 -6.164142e+01
9.999536e-01 1.607586e-03 9.500075e-03 1.199598e+02 -1.582908e-03 9.999954e-01 -2.604547e-03 3.526867e-02 -9.504218e-03 2.589389e-03 9.999515e-01 -6.197064e+01
9.998912e-01 -1.001212e-03 -1.471612e-02 1.199866e+02 1.048111e-03 9.999944e-01 3.179537e-03 4.012463e-02 1.471285e-02 -3.194615e-03 9.998867e-01 -6.231775e+01
9.999594e-01 1.549364e-03 8.882209e-03 1.198097e+02 -1.526320e-03 9.999955e-01 -2.600565e-03 5.096372e-02 -8.886198e-03 2.586903e-03 9.999572e-01 -6.262761e+01
9.998834e-01 -8.397676e-04 -1.524799e-02 1.202533e+02 8.896955e-04 9.999943e-01 3.267931e-03 5.437657e-02 1.524516e-02 -3.281117e-03 9.998784e-01 -6.317881e+01
9.999712e-01 1.548192e-03 7.425788e-03 1.210352e+02 -1.532152e-03 9.999965e-01 -2.165150e-03 5.046780e-02 -7.429114e-03 2.153711e-03 9.999701e-01 -6.351583e+01
9.998879e-01 -9.308395e-04 -1.494414e-02 1.215838e+02 9.766313e-04 9.999948e-01 3.057221e-03 4.230929e-02 1.494122e-02 -3.071474e-03 9.998837e-01 -6.343723e+01
9.999616e-01 1.596089e-03 8.620387e-03 1.217142e+02 -1.576009e-03 9.999960e-01 -2.335677e-03 4.915161e-02 -8.624081e-03 2.322002e-03 9.999601e-01 -6.361922e+01
9.999006e-01 -7.853606e-04 -1.407654e-02 1.217911e+02 8.242291e-04 9.999959e-01 2.755665e-03 5.081010e-02 1.407431e-02 -2.766994e-03 9.998971e-01 -6.432603e+01
9.999533e-01 1.553363e-03 9.537771e-03 1.220353e+02 -1.531664e-03 9.999962e-01 -2.281861e-03 5.308088e-02 -9.541279e-03 2.267146e-03 9.999519e-01 -6.511210e+01
9.998946e-01 -1.044156e-03 -1.448398e-02 1.222219e+02 1.084795e-03 9.999955e-01 2.798268e-03 5.581989e-02 1.448099e-02 -2.813685e-03 9.998912e-01 -6.544509e+01
9.999698e-01 1.741421e-03 7.574352e-03 1.228625e+02 -1.727599e-03 9.999968e-01 -1.830964e-03 5.005156e-02 -7.577516e-03 1.817824e-03 9.999696e-01 -6.576398e+01
9.999208e-01 -6.249094e-04 -1.256730e-02 1.230500e+02 6.459955e-04 9.999984e-01 1.673907e-03 5.597001e-02 1.256623e-02 -1.681894e-03 9.999196e-01 -6.696009e+01
9.999704e-01 1.837648e-03 7.478072e-03 1.235358e+02 -1.826384e-03 9.999972e-01 -1.512846e-03 6.904235e-02 -7.480831e-03 1.499144e-03 9.999709e-01 -6.828407e+01
9.999022e-01 -1.071944e-03 -1.394618e-02 1.241593e+02 1.103415e-03 9.999969e-01 2.249169e-03 6.764990e-02 1.394372e-02 -2.264338e-03 9.999002e-01 -6.877691e+01
9.999619e-01 1.739271e-03 8.559864e-03 1.243088e+02 -1.725786e-03 9.999973e-01 -1.582523e-03 6.442859e-02 -8.562593e-03 1.567691e-03 9.999621e-01 -6.923082e+01
9.998944e-01 -1.137350e-03 -1.448829e-02 1.243498e+02 1.171064e-03 9.999966e-01 2.318748e-03 6.277707e-02 1.448560e-02 -2.335470e-03 9.998924e-01 -6.940476e+01
9.999545e-01 1.637942e-03 9.400506e-03 1.244584e+02 -1.622273e-03 9.999973e-01 -1.674226e-03 5.653126e-02 -9.403222e-03 1.658900e-03 9.999544e-01 -6.934052e+01
9.998906e-01 -1.036829e-03 -1.475182e-02 1.248728e+02 1.071880e-03 9.999966e-01 2.368378e-03 4.315071e-02 1.474931e-02 -2.383931e-03 9.998884e-01 -6.923580e+01
9.999601e-01 1.641899e-03 8.786065e-03 1.254144e+02 -1.629052e-03 9.999976e-01 -1.469141e-03 3.052941e-02 -8.788456e-03 1.454770e-03 9.999603e-01 -6.933351e+01
9.998937e-01 -1.267635e-03 -1.452689e-02 1.256786e+02 1.299881e-03 9.999967e-01 2.210554e-03 8.516479e-03 1.452404e-02 -2.229203e-03 9.998920e-01 -6.890227e+01
9.999637e-01 1.663124e-03 8.355851e-03 1.258915e+02 -1.649762e-03 9.999974e-01 -1.605622e-03 -7.767405e-03 -8.358499e-03 1.591780e-03 9.999638e-01 -6.819923e+01
9.998742e-01 -1.172382e-03 -1.581732e-02 1.264454e+02 1.212677e-03 9.999960e-01 2.538216e-03 -3.924892e-02 1.581429e-02 -2.557078e-03 9.998717e-01 -6.745137e+01
9.999453e-01 1.123574e-03 1.040107e-02 1.261592e+02 -1.097882e-03 9.999963e-01 -2.475526e-03 -2.580288e-02 -1.040381e-02 2.463972e-03 9.999428e-01 -6.567289e+01
9.998661e-01 -9.224114e-04 -1.633766e-02 1.259813e+02 9.605026e-04 9.999968e-01 2.323835e-03 -9.444141e-03 1.633546e-02 -2.339217e-03 9.998638e-01 -6.374525e+01
9.999725e-01 1.534474e-03 7.251455e-03 1.268043e+02 -1.523220e-03 9.999976e-01 -1.557065e-03 -4.929099e-02 -7.253827e-03 1.545978e-03 9.999725e-01 -6.235273e+01
9.998661e-01 -8.366630e-04 -1.634000e-02 1.274801e+02 8.750698e-04 9.999969e-01 2.343495e-03 -8.305851e-02 1.633799e-02 -2.357480e-03 9.998637e-01 -6.081907e+01
9.999375e-01 7.470122e-04 1.115804e-02 1.269506e+02 -7.198375e-04 9.999968e-01 -2.439205e-03 -5.027690e-02 -1.115983e-02 2.431021e-03 9.999348e-01 -5.922650e+01
9.998634e-01 -7.573182e-04 -1.651040e-02 1.266672e+02 7.977699e-04 9.999967e-01 2.443657e-03 -3.219082e-02 1.650849e-02 -2.456496e-03 9.998607e-01 -5.766687e+01
9.999390e-01 7.970736e-04 1.101520e-02 1.262940e+02 -7.719922e-04 9.999971e-01 -2.281003e-03 -1.496351e-02 -1.101698e-02 2.272361e-03 9.999367e-01 -5.627658e+01
9.998774e-01 -1.074246e-03 -1.561893e-02 1.255872e+02 1.106535e-03 9.999973e-01 2.058823e-03 3.211918e-02 1.561668e-02 -2.075854e-03 9.998759e-01 -5.474610e+01
9.999597e-01 1.352859e-03 8.874921e-03 1.256914e+02 -1.339001e-03 9.999979e-01 -1.567198e-03 3.308912e-02 -8.877022e-03 1.555252e-03 9.999594e-01 -5.357616e+01
9.998114e-01 -3.907838e-04 -1.941578e-02 1.267698e+02 4.484700e-04 9.999955e-01 2.966858e-03 -1.680485e-02 1.941453e-02 -2.975007e-03 9.998071e-01 -5.277577e+01
9.999054e-01 6.419316e-04 1.374326e-02 1.268046e+02 -6.078566e-04 9.999967e-01 -2.483394e-03 -2.289149e-02 -1.374481e-02 2.474806e-03 9.999025e-01 -5.188676e+01
9.998119e-01 -5.799155e-04 -1.938756e-02 1.266576e+02 6.347635e-04 9.999958e-01 2.823022e-03 -1.370455e-02 1.938584e-02 -2.834798e-03 9.998081e-01 -5.054852e+01
9.999594e-01 1.307853e-03 8.917424e-03 1.277146e+02 -1.292013e-03 9.999976e-01 -1.781799e-03 -6.040102e-02 -8.919733e-03 1.770206e-03 9.999587e-01 -4.959621e+01
9.996540e-01 3.166098e-04 -2.630105e-02 1.299275e+02 -2.036600e-04 9.999907e-01 4.297084e-03 -1.411376e-01 2.630216e-02 -4.290241e-03 9.996448e-01 -4.882674e+01
9.998289e-01 5.398621e-04 1.849141e-02 1.304885e+02 -4.687770e-04 9.999925e-01 -3.848314e-03 -1.845676e-01 -1.849335e-02 3.838987e-03 9.998216e-01 -4.735952e+01
9.997024e-01 -5.298605e-04 -2.438825e-02 1.301851e+02 6.270049e-04 9.999919e-01 3.975792e-03 -1.636299e-01 2.438595e-02 -3.989901e-03 9.996947e-01 -4.602058e+01
9.998388e-01 8.734847e-04 1.793177e-02 1.304456e+02 -8.117127e-04 9.999937e-01 -3.451793e-03 -1.805116e-01 -1.793467e-02 3.436682e-03 9.998333e-01 -4.471477e+01
9.997261e-01 -8.969873e-04 -2.338475e-02 1.300889e+02 9.805063e-04 9.999932e-01 3.560315e-03 -1.570582e-01 2.338140e-02 -3.582270e-03 9.997202e-01 -4.322413e+01
9.998513e-01 1.133487e-03 1.720513e-02 1.301532e+02 -1.078195e-03 9.999942e-01 -3.222609e-03 -1.616838e-01 -1.720868e-02 3.203580e-03 9.998468e-01 -4.177784e+01
9.997273e-01 -9.184799e-04 -2.333598e-02 1.301554e+02 9.995482e-04 9.999935e-01 3.462556e-03 -1.632519e-01 2.333264e-02 -3.484938e-03 9.997217e-01 -4.009325e+01
9.998665e-01 1.164418e-03 1.629971e-02 1.300715e+02 -1.111555e-03 9.999941e-01 -3.251835e-03 -1.500221e-01 -1.630340e-02 3.233283e-03 9.998619e-01 -3.818094e+01
9.996868e-01 -6.126814e-04 -2.501691e-02 1.305114e+02 7.107207e-04 9.999921e-01 3.910238e-03 -1.694577e-01 2.501432e-02 -3.926794e-03 9.996794e-01 -3.684164e+01
9.998640e-01 9.934223e-04 1.646490e-02 1.308668e+02 -9.400282e-04 9.999943e-01 -3.250293e-03 -1.821140e-01 -1.646804e-02 3.234374e-03 9.998592e-01 -3.536338e+01
9.990977e-01 2.111911e-03 -4.241876e-02 1.345899e+02 -1.832560e-03 9.999764e-01 6.623366e-03 -3.154270e-01 4.243175e-02 -6.539655e-03 9.990780e-01 -3.382997e+01
9.994512e-01 -1.194253e-03 3.310363e-02 1.351504e+02 1.380140e-03 9.999834e-01 -5.592999e-03 -3.467066e-01 -3.309640e-02 5.635618e-03 9.994363e-01 -3.262497e+01
9.991770e-01 2.233153e-03 -4.050091e-02 1.354650e+02 -1.977867e-03 9.999779e-01 6.342189e-03 -3.479458e-01 4.051418e-02 -6.256864e-03 9.991594e-01 -3.266974e+01
9.995107e-01 -8.257861e-04 3.126641e-02 1.369740e+02 9.802489e-04 9.999874e-01 -4.925192e-03 -3.478277e-01 -3.126195e-02 4.953432e-03 9.994990e-01 -3.350359e+01
9.986852e-01 3.083694e-03 -5.116962e-02 1.395384e+02 -2.717214e-03 9.999702e-01 7.230095e-03 -3.911535e-01 5.119039e-02 -7.081550e-03 9.986638e-01 -3.377500e+01
9.996761e-01 -5.767852e-04 2.544362e-02 1.432316e+02 6.657548e-04 9.999937e-01 -3.488380e-03 -4.672544e-01 -2.544144e-02 3.504189e-03 9.996702e-01 -3.360579e+01
9.986668e-01 2.705951e-03 -5.154924e-02 1.466349e+02 -2.340864e-03 9.999718e-01 7.141370e-03 -5.895884e-01 5.156711e-02 -7.011180e-03 9.986449e-01 -3.212965e+01
9.998725e-01 3.409878e-04 1.596167e-02 1.514497e+02 -3.057607e-04 9.999975e-01 -2.209335e-03 -7.621929e-01 -1.596239e-02 2.204174e-03 9.998702e-01 -2.993999e+01
9.991187e-01 2.682433e-03 -4.188912e-02 1.553708e+02 -2.464649e-03 9.999832e-01 5.249844e-03 -8.785932e-01 4.190249e-02 -5.141976e-03 9.991085e-01 -2.877323e+01
9.994199e-01 -2.148985e-03 3.398942e-02 1.557155e+02 2.303535e-03 9.999872e-01 -4.508489e-03 -8.855787e-01 -3.397930e-02 4.584170e-03 9.994120e-01 -2.811975e+01
9.992274e-01 9.256529e-04 -3.929095e-02 1.533802e+02 -7.630268e-04 9.999911e-01 4.153829e-03 -7.125448e-01 3.929444e-02 -4.120640e-03 9.992192e-01 -2.586762e+01
9.994066e-01 -1.129977e-03 3.442533e-02 1.522752e+02 1.268135e-03 9.999912e-01 -3.991652e-03 -6.331858e-01 -3.442052e-02 4.032940e-03 9.993993e-01 -2.444430e+01
9.992291e-01 1.152896e-03 -3.924233e-02 1.516730e+02 -9.824151e-04 9.999900e-01 4.363335e-03 -5.950311e-01 3.924697e-02 -4.321419e-03 9.992202e-01 -2.357391e+01
9.994203e-01 -1.163498e-03 3.402456e-02 1.510195e+02 1.296670e-03 9.999916e-01 -3.892158e-03 -5.539392e-01 -3.401974e-02 3.934020e-03 9.994134e-01 -2.288390e+01
9.993089e-01 7.586484e-04 -3.716455e-02 1.500265e+02 -6.250714e-04 9.999933e-01 3.605709e-03 -4.839340e-01 3.716704e-02 -3.579987e-03 9.993027e-01 -2.154583e+01
9.994740e-01 -1.352237e-03 3.240109e-02 1.484625e+02 1.477104e-03 9.999916e-01 -3.830151e-03 -3.686038e-01 -3.239564e-02 3.875997e-03 9.994676e-01 -1.962691e+01
9.993155e-01 -8.431807e-05 -3.699305e-02 1.457104e+02 1.926336e-04 9.999957e-01 2.924458e-03 -1.659472e-01 3.699264e-02 -2.929583e-03 9.993112e-01 -1.692792e+01
9.994615e-01 -3.713088e-04 3.280980e-02 1.441518e+02 4.795545e-04 9.999945e-01 -3.291365e-03 -4.766644e-02 -3.280839e-02 3.305327e-03 9.994562e-01 -1.486785e+01
9.992426e-01 7.033462e-04 -3.890778e-02 1.438817e+02 -5.583168e-04 9.999929e-01 3.738273e-03 3.844133e-03 3.891013e-02 -3.713720e-03 9.992358e-01 -1.399067e+01
9.994573e-01 -3.357752e-04 3.293910e-02 1.433646e+02 4.473509e-04 9.999942e-01 -3.380004e-03 9.212009e-02 -3.293778e-02 3.392906e-03 9.994516e-01 -1.290075e+01
9.992907e-01 -4.103027e-04 -3.765457e-02 1.417921e+02 5.290177e-04 9.999949e-01 3.142847e-03 2.081253e-01 3.765308e-02 -3.160538e-03 9.992859e-01 -1.114924e+01
9.994268e-01 -1.173425e-04 3.385265e-02 1.404462e+02 2.362413e-04 9.999938e-01 -3.508251e-03 3.044254e-01 -3.385202e-02 3.514238e-03 9.994207e-01 -9.282195e+00
9.992764e-01 -2.396004e-04 -3.803429e-02 1.393620e+02 3.652698e-04 9.999945e-01 3.297210e-03 3.805282e-01 3.803329e-02 -3.308717e-03 9.992710e-01 -7.702886e+00
9.994684e-01 4.018434e-04 3.260091e-02 1.390373e+02 -3.050805e-04 9.999955e-01 -2.973006e-03 4.034854e-01 -3.260196e-02 2.961480e-03 9.994640e-01 -6.802307e+00
9.992220e-01 3.433915e-04 -3.943736e-02 1.395178e+02 -1.896530e-04 9.999924e-01 3.901988e-03 3.818652e-01 3.943839e-02 -3.891473e-03 9.992144e-01 -6.447636e+00
9.994949e-01 3.940927e-04 3.177822e-02 1.400700e+02 -2.986268e-04 9.999954e-01 -3.008803e-03 3.775524e-01 -3.177926e-02 2.997794e-03 9.994904e-01 -5.981460e+00
9.993127e-01 -5.346403e-04 -3.706600e-02 1.398283e+02 6.631402e-04 9.999938e-01 3.454596e-03 3.955979e-01 3.706392e-02 -3.476802e-03 9.993068e-01 -4.840423e+00
9.994618e-01 6.546882e-04 3.279646e-02 1.394389e+02 -5.456260e-04 9.999943e-01 -3.334246e-03 4.165104e-01 -3.279846e-02 3.314558e-03 9.994565e-01 -3.916586e+00
9.993065e-01 -5.632560e-04 -3.723260e-02 1.390775e+02 6.994498e-04 9.999931e-01 3.645009e-03 4.337802e-01 3.723029e-02 -3.668524e-03 9.993000e-01 -3.082601e+00
9.994773e-01 5.407905e-04 3.232432e-02 1.384634e+02 -4.318044e-04 9.999942e-01 -3.378511e-03 4.729271e-01 -3.232596e-02 3.362788e-03 9.994717e-01 -2.225885e+00
9.991855e-01 -4.473390e-04 -4.034937e-02 1.371501e+02 6.124432e-04 9.999915e-01 4.079610e-03 5.477598e-01 4.034720e-02 -4.101000e-03 9.991773e-01 -1.615878e+00
9.994951e-01 6.218788e-04 3.176874e-02 1.366038e+02 -5.226154e-04 9.999950e-01 -3.132750e-03 5.879227e-01 -3.177053e-02 3.114566e-03 9.994903e-01 -8.497244e-01
9.988275e-01 1.191535e-03 -4.839724e-02 1.386734e+02 -9.397192e-04 9.999859e-01 5.225535e-03 5.286144e-01 4.840279e-02 -5.173929e-03 9.988145e-01 -2.842079e-01
9.992818e-01 1.501230e-05 3.789175e-02 1.398554e+02 1.345658e-04 9.999922e-01 -3.944943e-03 4.693971e-01 -3.789151e-02 3.947209e-03 9.992741e-01 1.039714e+00
9.989115e-01 9.010694e-04 -4.663714e-02 1.407296e+02 -6.846748e-04 9.999889e-01 4.655743e-03 4.504992e-01 4.664082e-02 -4.618745e-03 9.989010e-01 2.106544e+00
9.992475e-01 -4.813135e-05 3.878595e-02 1.415915e+02 1.810930e-04 9.999941e-01 -3.424566e-03 4.363986e-01 -3.878555e-02 3.429013e-03 9.992417e-01 2.151447e+00
9.990053e-01 6.794229e-04 -4.458699e-02 1.419543e+02 -4.908660e-04 9.999909e-01 4.239794e-03 4.135821e-01 4.458946e-02 -4.213691e-03 9.989965e-01 2.383595e+00
9.992502e-01 -1.014084e-04 3.871612e-02 1.422887e+02 2.330346e-04 9.999942e-01 -3.395264e-03 3.948500e-01 -3.871556e-02 3.401741e-03 9.992445e-01 2.601037e+00
9.989657e-01 7.126295e-04 -4.546531e-02 1.427295e+02 -5.178842e-04 9.999906e-01 4.295031e-03 3.657419e-01 4.546794e-02 -4.267043e-03 9.989567e-01 3.111438e+00
9.993436e-01 3.334309e-04 3.622592e-02 1.436283e+02 -2.214042e-04 9.999952e-01 -3.096397e-03 3.276602e-01 -3.622678e-02 3.086344e-03 9.993388e-01 3.725284e+00
9.991720e-01 -5.595379e-04 -4.068196e-02 1.431660e+02 6.876992e-04 9.999948e-01 3.136412e-03 3.516799e-01 4.067999e-02 -3.161793e-03 9.991672e-01 5.138927e+00
9.993973e-01 9.908238e-04 3.470027e-02 1.430014e+02 -8.806023e-04 9.999945e-01 -3.191509e-03 3.683245e-01 -3.470324e-02 3.159029e-03 9.993927e-01 6.603968e+00
9.988430e-01 5.481786e-04 -4.808690e-02 1.445240e+02 -3.157818e-04 9.999882e-01 4.840328e-03 3.380375e-01 4.808898e-02 -4.819544e-03 9.988314e-01 6.712323e+00
9.992710e-01 3.551065e-04 3.817455e-02 1.453808e+02 -2.283010e-04 9.999944e-01 -3.326020e-03 3.120838e-01 -3.817552e-02 3.314881e-03 9.992656e-01 6.964715e+00
9.988955e-01 5.046002e-04 -4.698492e-02 1.460740e+02 -2.943072e-04 9.999899e-01 4.482578e-03 2.847548e-01 4.698671e-02 -4.463799e-03 9.988855e-01 7.310015e+00
9.992230e-01 2.801531e-04 3.941328e-02 1.466999e+02 -1.495597e-04 9.999945e-01 -3.316329e-03 2.588036e-01 -3.941399e-02 3.307858e-03 9.992175e-01 7.562107e+00
9.989077e-01 4.119927e-04 -4.672461e-02 1.472560e+02 -2.160574e-04 9.999912e-01 4.198392e-03 2.246650e-01 4.672593e-02 -4.183712e-03 9.988990e-01 8.312791e+00
9.991936e-01 1.106642e-04 4.015095e-02 1.475234e+02 2.600906e-05 9.999942e-01 -3.403431e-03 2.116501e-01 -4.015110e-02 3.401731e-03 9.991878e-01 9.101549e+00
9.989151e-01 2.650959e-04 -4.656750e-02 1.476146e+02 -7.430885e-05 9.999916e-01 4.098696e-03 2.100968e-01 4.656820e-02 -4.090790e-03 9.989067e-01 9.810826e+00
9.991850e-01 -2.188252e-06 4.036426e-02 1.475614e+02 1.369053e-04 9.999944e-01 -3.334753e-03 2.193096e-01 -4.036403e-02 3.337561e-03 9.991795e-01 1.047025e+01
9.989456e-01 9.918769e-05 -4.590936e-02 1.471944e+02 7.555767e-05 9.999928e-01 3.804575e-03 2.458861e-01 4.590941e-02 -3.804032e-03 9.989384e-01 1.132837e+01
9.991953e-01 4.760318e-05 4.010899e-02 1.469584e+02 7.975728e-05 9.999950e-01 -3.173737e-03 2.653364e-01 -4.010894e-02 3.174383e-03 9.991903e-01 1.204051e+01
9.989473e-01 1.445675e-04 -4.587159e-02 1.467173e+02 2.755137e-05 9.999930e-01 3.751548e-03 2.818293e-01 4.587181e-02 -3.748863e-03 9.989403e-01 1.275058e+01
9.991941e-01 6.144092e-05 4.013912e-02 1.464045e+02 6.410577e-05 9.999951e-01 -3.126478e-03 3.002318e-01 -4.013912e-02 3.126532e-03 9.991892e-01 1.314248e+01
9.989254e-01 6.183535e-04 -4.634255e-02 1.465542e+02 -4.329262e-04 9.999919e-01 4.011176e-03 2.985943e-01 4.634465e-02 -3.986803e-03 9.989176e-01 1.301841e+01
9.992327e-01 1.805416e-04 3.916645e-02 1.471896e+02 -6.448466e-05 9.999956e-01 -2.964399e-03 2.858686e-01 -3.916681e-02 2.959599e-03 9.992283e-01 1.287988e+01
9.989690e-01 4.602621e-04 -4.539562e-02 1.475839e+02 -2.872671e-04 9.999927e-01 3.817296e-03 2.715429e-01 4.539704e-02 -3.800320e-03 9.989618e-01 1.297105e+01
9.992523e-01 4.944667e-05 3.866319e-02 1.479972e+02 6.222633e-05 9.999958e-01 -2.887129e-03 2.451806e-01 -3.866317e-02 2.887376e-03 9.992481e-01 1.347389e+01
9.990141e-01 2.018590e-04 -4.439305e-02 1.479103e+02 -5.329875e-05 9.999944e-01 3.347646e-03 2.456233e-01 4.439348e-02 -3.341980e-03 9.990085e-01 1.440408e+01
9.992382e-01 -1.957931e-04 3.902570e-02 1.474525e+02 3.138628e-04 9.999954e-01 -3.019313e-03 2.767013e-01 -3.902493e-02 3.029262e-03 9.992336e-01 1.536885e+01
9.990013e-01 2.641979e-04 -4.467983e-02 1.470472e+02 -1.154110e-04 9.999944e-01 3.332631e-03 3.048527e-01 4.468046e-02 -3.324146e-03 9.989958e-01 1.635626e+01
9.992030e-01 -3.218971e-04 3.991456e-02 1.464553e+02 4.528461e-04 9.999945e-01 -3.271718e-03 3.433852e-01 -3.991329e-02 3.287186e-03 9.991977e-01 1.759065e+01
9.989689e-01 6.601580e-04 -4.539438e-02 1.464878e+02 -4.988570e-04 9.999935e-01 3.564576e-03 3.391738e-01 4.539644e-02 -3.538255e-03 9.989628e-01 1.872710e+01
9.992630e-01 -1.351478e-04 3.838640e-02 1.469713e+02 2.456509e-04 9.999958e-01 -2.873985e-03 3.133337e-01 -3.838585e-02 2.881297e-03 9.992588e-01 1.941570e+01
9.987664e-01 2.029360e-03 -4.961346e-02 1.487368e+02 -1.824492e-03 9.999896e-01 4.174242e-03 3.295234e-01 4.962142e-02 -4.078573e-03 9.987598e-01 1.823167e+01
9.993085e-01 -1.081522e-04 3.718194e-02 1.512336e+02 1.990657e-04 9.999970e-01 -2.441388e-03 3.669174e-01 -3.718157e-02 2.447101e-03 9.993055e-01 1.629071e+01
9.986998e-01 1.866467e-03 -5.094337e-02 1.533949e+02 -1.644078e-03 9.999889e-01 4.406976e-03 3.585903e-01 5.095103e-02 -4.317492e-03 9.986918e-01 1.548763e+01
