9.999707e-01 3.794777e-04 -7.649728e-03 3.078399e-02 -3.697379e-04 9.999991e-01 1.274599e-03 7.965273e-03 7.650205e-03 -1.271733e-03 9.999699e-01 5.513206e-01
9.999999e-01 2.173741e-04 -4.975035e-04 5.633040e-01 -2.174308e-04 1.000000e+00 -1.139138e-04 1.193820e-02 4.974790e-04 1.140227e-04 9.999999e-01 1.021390e+00
9.999720e-01 1.325524e-04 -7.485953e-03 6.518130e-01 -1.217893e-04 9.999990e-01 1.438216e-03 1.606147e-02 7.486135e-03 -1.437265e-03 9.999709e-01 1.597457e+00
9.999999e-01 1.651182e-04 -5.039820e-04 1.489903e-01 -1.652259e-04 1.000000e+00 -2.138132e-04 3.648273e-02 5.039471e-04 2.138971e-04 9.999999e-01 1.863528e+00
9.999918e-01 -5.940050e-05 -4.059026e-03 1.992846e-01 6.233700e-05 9.999997e-01 7.233359e-04 2.438401e-02 4.058982e-03 -7.235837e-04 9.999915e-01 2.494854e+00
9.999993e-01 2.809022e-04 -1.122201e-03 5.997452e-01 -2.811051e-04 9.999999e-01 -1.806551e-04 -3.068843e-03 1.122151e-03 1.809711e-04 9.999994e-01 3.174148e+00
9.999916e-01 -1.148728e-04 -4.089997e-03 9.980937e-01 1.180277e-04 9.999997e-01 7.711440e-04 -2.952344e-02 4.089907e-03 -7.716210e-04 9.999913e-01 3.714669e+00
9.999987e-01 3.107273e-04 -1.574756e-03 1.387833e+00 -3.110836e-04 9.999999e-01 -2.260432e-04 -5.234897e-02 1.574686e-03 2.265335e-04 9.999987e-01 4.012797e+00
9.999875e-01 -2.073864e-05 -5.005233e-03 1.241148e+00 2.647853e-05 9.999993e-01 1.146721e-03 -5.310930e-02 5.005206e-03 -1.146840e-03 9.999868e-01 4.739458e+00
9.999946e-01 3.923093e-04 -3.255919e-03 7.056473e-01 -3.920273e-04 9.999999e-01 8.724486e-05 -3.526526e-02 3.255953e-03 -8.596727e-05 9.999947e-01 5.502206e+00
9.999739e-01 1.295740e-04 -7.225661e-03 -1.113414e-01 -1.175182e-04 9.999986e-01 1.668886e-03 -1.847882e-03 7.225867e-03 -1.667994e-03 9.999725e-01 6.307923e+00
9.999962e-01 2.735087e-04 -2.733972e-03 -6.803676e-01 -2.739420e-04 9.999999e-01 -1.581415e-04 1.531838e-02 2.733929e-03 1.588906e-04 9.999963e-01 6.646683e+00
9.999748e-01 1.688534e-04 -7.095144e-03 -7.446447e-01 -1.594417e-04 9.999991e-01 1.327061e-03 1.803982e-02 7.095361e-03 -1.325897e-03 9.999739e-01 6.514875e+00
9.999995e-01 2.489902e-04 -9.927355e-04 -3.243417e-01 -2.491408e-04 1.000000e+00 -1.516090e-04 8.955864e-03 9.926980e-04 1.518570e-04 9.999995e-01 6.646206e+00
9.999779e-01 4.803600e-05 -6.652630e-03 -2.845245e-01 -4.035875e-05 9.999993e-01 1.154155e-03 1.644795e-03 6.652681e-03 -1.153862e-03 9.999772e-01 7.043998e+00
9.999994e-01 2.925237e-04 -1.077268e-03 -2.763072e-01 -2.922875e-04 9.999999e-01 2.192908e-04 -8.770833e-04 1.077332e-03 -2.189751e-04 9.999994e-01 7.738576e+00
9.999720e-01 2.934010e-05 -7.478794e-03 -4.660701e-01 -2.114423e-05 9.999994e-01 1.095967e-03 2.943397e-03 7.478822e-03 -1.095778e-03 9.999714e-01 8.114363e+00
9.999997e-01 1.882341e-04 7.789272e-04 -6.398177e-01 -1.879245e-04 9.999999e-01 -3.973684e-04 1.687361e-04 -7.790016e-04 3.972226e-04 9.999996e-01 8.212743e+00
9.999716e-01 9.167273e-05 -7.530533e-03 -4.518911e-01 -8.307866e-05 9.999993e-01 1.141544e-03 -6.135217e-03 7.530633e-03 -1.140887e-03 9.999710e-01 8.238574e+00
9.999997e-01 2.638027e-04 6.714608e-04 2.686181e-01 -2.635893e-04 9.999999e-01 -3.177414e-04 -3.126079e-02 -6.715442e-04 3.175651e-04 9.999997e-01 8.580200e+00
9.999834e-01 -6.056481e-05 -5.761389e-03 4.449411e-01 6.562693e-05 9.999996e-01 8.784566e-04 -5.431578e-02 5.761334e-03 -8.788208e-04 9.999830e-01 9.545897e+00
9.999997e-01 3.944279e-04 5.920841e-04 5.032262e-01 -3.942043e-04 9.999999e-01 -3.775526e-04 -7.657160e-02 -5.922326e-04 3.773198e-04 9.999998e-01 1.085245e+01
9.999758e-01 -9.765495e-05 -6.961938e-03 4.128863e-01 1.079314e-04 9.999989e-01 1.475737e-03 -8.458921e-02 6.961786e-03 -1.476453e-03 9.999747e-01 1.229675e+01
9.999999e-01 4.335320e-04 -1.275071e-04 4.264061e-01 -4.335592e-04 9.999999e-01 -2.138516e-04 -9.201250e-02 1.274147e-04 2.139076e-04 1.000000e+00 1.345140e+01
9.999882e-01 -1.783589e-04 -4.856401e-03 7.083406e-01 1.815718e-04 9.999998e-01 6.611776e-04 -1.276299e-01 4.856281e-03 -6.620523e-04 9.999880e-01 1.482736e+01
9.999997e-01 4.382463e-04 -5.686017e-04 9.526535e-01 -4.381668e-04 9.999999e-01 1.396627e-04 -1.571193e-01 5.686632e-04 -1.394129e-04 9.999998e-01 1.617595e+01
9.999854e-01 -1.924063e-04 -5.393515e-03 1.465910e+00 1.951737e-04 9.999998e-01 5.125958e-04 -1.911539e-01 5.393416e-03 -5.136417e-04 9.999853e-01 1.729288e+01
9.999997e-01 4.115644e-04 6.621735e-04 2.012454e+00 -4.116057e-04 9.999999e-01 6.240184e-05 -2.332766e-01 -6.621475e-04 -6.267366e-05 9.999998e-01 1.853622e+01
9.999826e-01 -6.461938e-05 -5.895339e-03 2.477351e+00 6.643972e-05 1.000000e+00 3.085964e-04 -2.731237e-01 5.895319e-03 -3.089835e-04 9.999826e-01 1.981049e+01
9.999997e-01 2.309084e-04 7.613618e-04 2.681517e+00 -2.311073e-04 9.999999e-01 2.613229e-04 -2.998867e-01 -7.613011e-04 -2.614980e-04 9.999997e-01 2.106627e+01
9.999802e-01 -2.496027e-06 -6.295440e-03 3.099921e+00 4.930372e-06 9.999999e-01 3.866831e-04 -3.266471e-01 6.295438e-03 -3.867072e-04 9.999801e-01 2.170535e+01
9.999992e-01 1.729498e-04 1.256042e-03 3.486963e+00 -1.730039e-04 1.000000e+00 4.306863e-05 -3.529188e-01 -1.256034e-03 -4.328519e-05 9.999992e-01 2.224194e+01
9.999828e-01 -2.411487e-05 -5.869348e-03 3.555737e+00 2.666340e-05 9.999999e-01 4.341500e-04 -3.727828e-01 5.869336e-03 -4.342997e-04 9.999827e-01 2.331287e+01
9.999978e-01 3.351844e-04 -2.057500e-03 3.129566e+00 -3.339201e-04 9.999998e-01 6.147413e-04 -3.632101e-01 2.057706e-03 -6.140522e-04 9.999977e-01 2.377915e+01
9.999887e-01 -1.134074e-04 -4.751412e-03 2.952447e+00 1.140025e-04 1.000000e+00 1.249994e-04 -3.647746e-01 4.751397e-03 -1.255404e-04 9.999887e-01 2.388616e+01
9.999986e-01 3.528379e-04 -1.614844e-03 2.786711e+00 -3.518798e-04 9.999998e-01 5.935317e-04 -3.661328e-01 1.615053e-03 -5.929620e-04 9.999985e-01 2.411022e+01
9.999801e-01 -5.394288e-05 -6.310554e-03 2.462271e+00 5.615963e-05 9.999999e-01 3.511174e-04 -3.622492e-01 6.310534e-03 -3.514655e-04 9.999800e-01 2.419831e+01
9.999990e-01 3.847932e-04 -1.376785e-03 2.144184e+00 -3.837583e-04 9.999996e-01 7.518011e-04 -3.542140e-01 1.377074e-03 -7.512713e-04 9.999988e-01 2.467318e+01
9.999749e-01 -4.586923e-05 -7.090585e-03 1.718525e+00 4.848548e-05 9.999999e-01 3.688205e-04 -3.447508e-01 7.090567e-03 -3.691557e-04 9.999748e-01 2.468415e+01
9.999998e-01 2.854093e-04 5.405502e-04 1.501961e+00 -2.855954e-04 9.999999e-01 3.444769e-04 -3.449758e-01 -5.404515e-04 -3.446305e-04 9.999998e-01 2.459692e+01
9.999761e-01 -7.639890e-05 -6.919294e-03 1.240272e+00 7.977388e-05 9.999999e-01 4.875049e-04 -3.421256e-01 6.919255e-03 -4.880459e-04 9.999759e-01 2.497778e+01
9.999999e-01 2.600627e-04 3.590481e-04 1.000882e+00 -2.601806e-04 9.999999e-01 3.287723e-04 -3.430204e-01 -3.589623e-04 -3.288650e-04 9.999999e-01 2.520440e+01
9.999873e-01 -1.412715e-04 -5.035930e-03 9.718231e-01 1.415848e-04 1.000000e+00 6.186558e-05 -3.559192e-01 5.035921e-03 -6.257851e-05 9.999873e-01 2.565772e+01
9.999998e-01 2.961483e-04 6.092912e-04 1.273897e+00 -2.964094e-04 9.999999e-01 4.287653e-04 -3.760430e-01 -6.091638e-04 -4.289451e-04 9.999997e-01 2.596708e+01
9.999744e-01 -3.175414e-05 -7.159316e-03 1.062910e+00 3.454988e-05 9.999999e-01 3.903969e-04 -3.744417e-01 7.159303e-03 -3.906349e-04 9.999743e-01 2.599306e+01
9.999988e-01 2.441033e-04 1.540660e-03 9.611089e-01 -2.443639e-04 1.000000e+00 1.690624e-04 -3.793638e-01 -1.540618e-03 -1.694380e-04 9.999988e-01 2.587374e+01
9.999748e-01 -8.837780e-05 -7.096555e-03 8.170391e-01 9.166819e-05 9.999999e-01 4.633542e-04 -3.854099e-01 7.096513e-03 -4.639938e-04 9.999747e-01 2.618060e+01
9.999999e-01 2.987262e-04 1.525065e-04 5.890225e-01 -2.988087e-04 9.999998e-01 5.420245e-04 -3.796060e-01 -1.523443e-04 -5.420693e-04 9.999998e-01 2.633976e+01
9.999870e-01 -1.382600e-04 -5.102087e-03 6.963492e-01 1.383173e-04 1.000000e+00 1.090438e-05 -3.896062e-01 5.102085e-03 -1.161064e-05 9.999870e-01 2.644930e+01
9.999996e-01 2.320615e-04 8.142105e-04 8.166899e-01 -2.324720e-04 9.999998e-01 5.042106e-04 -4.058085e-01 -8.140931e-04 -5.043990e-04 9.999995e-01 2.682974e+01
9.999845e-01 -4.654448e-05 -5.570636e-03 1.050741e+00 4.688413e-05 1.000000e+00 6.086621e-05 -4.179766e-01 5.570633e-03 -6.112715e-05 9.999845e-01 2.695649e+01
9.999997e-01 2.323789e-04 7.946569e-04 1.266747e+00 -2.327746e-04 9.999998e-01 4.980673e-04 -4.280202e-01 -7.945407e-04 -4.982514e-04 9.999996e-01 2.693677e+01
9.999807e-01 5.905301e-05 -6.215203e-03 1.359975e+00 -5.871217e-05 1.000000e+00 5.504412e-05 -4.296054e-01 6.215206e-03 -5.467885e-05 9.999807e-01 2.655360e+01
9.999988e-01 2.104744e-04 1.553058e-03 1.586016e+00 -2.110222e-04 9.999999e-01 3.527006e-04 -4.374589e-01 -1.552983e-03 -3.530272e-04 9.999987e-01 2.623468e+01
9.999824e-01 9.471117e-06 -5.932248e-03 1.797537e+00 -9.543338e-06 1.000000e+00 -1.212242e-05 -4.492685e-01 5.932247e-03 1.217812e-05 9.999824e-01 2.612214e+01
9.999992e-01 2.130057e-04 1.216964e-03 2.408195e+00 -2.136945e-04 9.999998e-01 5.659678e-04 -4.756391e-01 -1.216843e-03 -5.662267e-04 9.999991e-01 2.631917e+01
9.999809e-01 6.723658e-05 -6.181140e-03 2.975430e+00 -6.818852e-05 1.000000e+00 -1.537725e-04 -5.095498e-01 6.181130e-03 1.541904e-04 9.999809e-01 2.694768e+01
9.999983e-01 9.293978e-06 1.850042e-03 3.095813e+00 -1.048081e-05 9.999998e-01 6.415889e-04 -5.292190e-01 -1.850036e-03 -6.416065e-04 9.999981e-01 2.760280e+01
9.999691e-01 2.049439e-04 -7.862348e-03 3.006993e+00 -2.052190e-04 1.000000e+00 -3.416521e-05 -5.338008e-01 7.862341e-03 3.577696e-05 9.999691e-01 2.747612e+01
9.999942e-01 7.300950e-05 3.396290e-03 3.170606e+00 -7.394335e-05 1.000000e+00 2.748811e-04 -5.456843e-01 -3.396270e-03 -2.751300e-04 9.999942e-01 2.720304e+01
9.999716e-01 2.247307e-06 -7.542623e-03 3.418000e+00 -1.342271e-06 1.000000e+00 1.200144e-04 -5.683739e-01 7.542623e-03 -1.200015e-04 9.999715e-01 2.758244e+01
9.999963e-01 2.090108e-04 2.710078e-03 3.773195e+00 -2.100157e-04 9.999999e-01 3.705600e-04 -5.893327e-01 -2.710000e-03 -3.711271e-04 9.999963e-01 2.788507e+01
9.999755e-01 -5.813096e-05 -6.994545e-03 4.051409e+00 5.816891e-05 1.000000e+00 5.244592e-06 -6.104057e-01 6.994544e-03 -5.652028e-06 9.999755e-01 2.819126e+01
9.999987e-01 3.915422e-04 1.593853e-03 4.700644e+00 -3.925452e-04 9.999997e-01 6.291623e-04 -6.400380e-01 -1.593606e-03 -6.297864e-04 9.999985e-01 2.854551e+01
9.999835e-01 -2.616777e-04 -5.738120e-03 4.869385e+00 2.597989e-04 9.999999e-01 -3.281324e-04 -6.584870e-01 5.738205e-03 3.266355e-04 9.999835e-01 2.895956e+01
9.999999e-01 4.173558e-04 2.638183e-04 4.753020e+00 -4.175999e-04 9.999995e-01 9.267745e-04 -6.636356e-01 -2.634311e-04 -9.268839e-04 9.999995e-01 2.913658e+01
9.999838e-01 -3.024001e-04 -5.691859e-03 4.626848e+00 3.009026e-04 9.999999e-01 -2.639200e-04 -6.667096e-01 5.691938e-03 2.622023e-04 9.999838e-01 2.943767e+01
9.999999e-01 4.680559e-04 1.910560e-04 4.543938e+00 -4.682199e-04 9.999995e-01 8.597996e-04 -6.739577e-01 -1.906532e-04 -8.598883e-04 9.999996e-01 2.972673e+01
9.999797e-01 -3.062934e-04 -6.371608e-03 4.331800e+00 3.056694e-04 9.999999e-01 -9.886706e-05 -6.742932e-01 6.371638e-03 9.691674e-05 9.999797e-01 3.008225e+01
9.999997e-01 5.090853e-04 -5.832697e-04 3.981641e+00 -5.084821e-04 9.999993e-01 1.033572e-03 -6.655296e-01 5.837958e-04 -1.033275e-03 9.999993e-01 3.041099e+01
9.999882e-01 -3.656412e-04 -4.835118e-03 3.816303e+00 3.637709e-04 9.999999e-01 -3.876595e-04 -6.682044e-01 4.835259e-03 3.858954e-04 9.999882e-01 3.088390e+01
9.999999e-01 4.889960e-04 -2.092442e-05 3.763361e+00 -4.889758e-04 9.999994e-01 9.484826e-04 -6.774998e-01 2.138852e-05 -9.484716e-04 9.999995e-01 3.152868e+01
9.999915e-01 -4.172318e-04 -4.105802e-03 3.837765e+00 4.147834e-04 9.999997e-01 -5.971205e-04 -6.966785e-01 4.106050e-03 5.954117e-04 9.999914e-01 3.209535e+01
9.999963e-01 6.512398e-04 -2.645066e-03 3.597495e+00 -6.478074e-04 9.999989e-01 1.298220e-03 -6.989798e-01 2.645909e-03 -1.296501e-03 9.999957e-01 3.229754e+01
9.999916e-01 -4.861672e-04 -4.078727e-03 3.339908e+00 4.841552e-04 9.999998e-01 -4.942212e-04 -6.993549e-01 4.078966e-03 4.922416e-04 9.999916e-01 3.269090e+01
9.999994e-01 6.339097e-04 -8.434782e-04 3.297870e+00 -6.330204e-04 9.999992e-01 1.053944e-03 -7.107690e-01 8.441460e-04 -1.053409e-03 9.999991e-01 3.348628e+01
9.999916e-01 -5.278547e-04 -4.058711e-03 3.430657e+00 5.259341e-04 9.999997e-01 -4.742184e-04 -7.291797e-01 4.058960e-03 4.720792e-04 9.999917e-01 3.414047e+01
9.999995e-01 6.801543e-04 -6.998450e-04 3.522855e+00 -6.794788e-04 9.999993e-01 9.647258e-04 -7.490093e-01 7.005010e-04 -9.642491e-04 9.999993e-01 3.486873e+01
9.999922e-01 -5.871393e-04 -3.901357e-03 3.602588e+00 5.855309e-04 9.999997e-01 -4.133422e-04 -7.652194e-01 3.901598e-03 4.110540e-04 9.999923e-01 3.551394e+01
9.999992e-01 7.504741e-04 -1.042743e-03 3.831077e+00 -7.495102e-04 9.999993e-01 9.242661e-04 -7.824500e-01 1.043436e-03 -9.234831e-04 9.999990e-01 3.589975e+01
9.999959e-01 -6.559543e-04 -2.784971e-03 3.827195e+00 6.541941e-04 9.999996e-01 -6.328311e-04 -7.959242e-01 2.785385e-03 6.310059e-04 9.999959e-01 3.658652e+01
9.999978e-01 7.219616e-04 -1.980961e-03 3.710995e+00 -7.194409e-04 9.999989e-01 1.272782e-03 -7.998907e-01 1.981879e-03 -1.271353e-03 9.999972e-01 3.725538e+01
9.999968e-01 -6.184494e-04 -2.437708e-03 3.874329e+00 6.165562e-04 9.999995e-01 -7.772041e-04 -8.189640e-01 2.438187e-03 7.756980e-04 9.999967e-01 3.775300e+01
9.999972e-01 7.865809e-04 -2.230051e-03 4.104990e+00 -7.837381e-04 9.999989e-01 1.275290e-03 -8.337987e-01 2.231052e-03 -1.273538e-03 9.999967e-01 3.804121e+01
9.999972e-01 -6.453791e-04 -2.286336e-03 4.066723e+00 6.435687e-04 9.999995e-01 -7.924099e-04 -8.432709e-01 2.286846e-03 7.909356e-04 9.999971e-01 3.872091e+01
9.999959e-01 9.169429e-04 -2.718469e-03 4.269253e+00 -9.133314e-04 9.999987e-01 1.329381e-03 -8.692481e-01 2.719685e-03 -1.326892e-03 9.999954e-01 3.979233e+01
9.999957e-01 -6.093295e-04 -2.880963e-03 3.996217e+00 6.077794e-04 9.999997e-01 -5.388404e-04 -8.718114e-01 2.881290e-03 5.370864e-04 9.999957e-01 4.137074e+01
9.999944e-01 8.791894e-04 -3.216077e-03 3.571338e+00 -8.741910e-04 9.999984e-01 1.555229e-03 -8.641034e-01 3.217439e-03 -1.552408e-03 9.999936e-01 4.311369e+01
9.999945e-01 -5.954275e-04 -3.258596e-03 3.171286e+00 5.939633e-04 9.999997e-01 -4.502411e-04 -8.569501e-01 3.258863e-03 4.483024e-04 9.999946e-01 4.460045e+01
9.999958e-01 9.179479e-04 -2.744979e-03 3.098753e+00 -9.142300e-04 9.999987e-01 1.355305e-03 -8.676212e-01 2.746220e-03 -1.352789e-03 9.999953e-01 4.611329e+01
9.999962e-01 -6.057880e-04 -2.688905e-03 3.353033e+00 6.042041e-04 9.999996e-01 -5.897373e-04 -9.004529e-01 2.689261e-03 5.881097e-04 9.999962e-01 4.764376e+01
9.999956e-01 8.736086e-04 -2.826780e-03 3.414064e+00 -8.697002e-04 9.999987e-01 1.383481e-03 -9.221284e-01 2.827985e-03 -1.381016e-03 9.999950e-01 4.909818e+01
9.999965e-01 -6.456145e-04 -2.583698e-03 3.359070e+00 6.438920e-04 9.999996e-01 -6.673607e-04 -9.376898e-01 2.584128e-03 6.656940e-04 9.999964e-01 5.044316e+01
9.999986e-01 7.925900e-04 -1.498686e-03 3.469210e+00 -7.911522e-04 9.999992e-01 9.596173e-04 -9.613135e-01 1.499446e-03 -9.584295e-04 9.999984e-01 5.157004e+01
9.999939e-01 -6.111197e-04 -3.437002e-03 3.855324e+00 6.096597e-04 9.999997e-01 -4.257678e-04 -9.917815e-01 3.437261e-03 4.236691e-04 9.999940e-01 5.233145e+01
9.999988e-01 8.599868e-04 -1.274835e-03 4.238892e+00 -8.586921e-04 9.999991e-01 1.015621e-03 -1.006645e+00 1.275708e-03 -1.014525e-03 9.999987e-01 5.240070e+01
9.999937e-01 -6.012719e-04 -3.495377e-03 4.560184e+00 5.993039e-04 9.999997e-01 -5.639882e-04 -1.014482e+00 3.495714e-03 5.618892e-04 9.999937e-01 5.203292e+01
9.999957e-01 1.002255e-03 -2.770057e-03 5.400034e+00 -9.986250e-04 9.999986e-01 1.311353e-03 -1.038249e+00 2.771368e-03 -1.308581e-03 9.999953e-01 5.211858e+01
9.999942e-01 -6.281019e-04 -3.351976e-03 6.110312e+00 6.259843e-04 9.999996e-01 -6.326900e-04 -1.068260e+00 3.352371e-03 6.305874e-04 9.999942e-01 5.259462e+01
9.999974e-01 8.967625e-04 -2.079398e-03 6.701462e+00 -8.942054e-04 9.999988e-01 1.230195e-03 -1.094154e+00 2.080499e-03 -1.228332e-03 9.999971e-01 5.301416e+01
9.999945e-01 -5.950274e-04 -3.269994e-03 7.406775e+00 5.932210e-04 9.999997e-01 -5.532914e-04 -1.117773e+00 3.270322e-03 5.513479e-04 9.999945e-01 5.317268e+01
9.999985e-01 8.590286e-04 -1.532523e-03 7.922316e+00 -8.572791e-04 9.999990e-01 1.141676e-03 -1.133480e+00 1.533503e-03 -1.140360e-03 9.999982e-01 5.315850e+01
9.999930e-01 -6.200811e-04 -3.703308e-03 8.532459e+00 6.179287e-04 9.999996e-01 -5.822686e-04 -1.151911e+00 3.703667e-03 5.799754e-04 9.999930e-01 5.322782e+01
9.999991e-01 8.477814e-04 -1.075589e-03 9.121702e+00 -8.464184e-04 9.999988e-01 1.266865e-03 -1.177669e+00 1.076662e-03 -1.265953e-03 9.999986e-01 5.348836e+01
9.999904e-01 -5.136950e-04 -4.354069e-03 9.860829e+00 5.116353e-04 9.999998e-01 -4.741018e-04 -1.195293e+00 4.354311e-03 4.718689e-04 9.999904e-01 5.340342e+01
9.999997e-01 7.204561e-04 -1.386969e-04 1.016025e+01 -7.203380e-04 9.999994e-01 8.486067e-04 -1.218199e+00 1.393085e-04 -8.485059e-04 9.999996e-01 5.373283e+01
9.999873e-01 -5.596526e-04 -5.008205e-03 1.069210e+01 5.588385e-04 9.999998e-01 -1.638977e-04 -1.236872e+00 5.008295e-03 1.610961e-04 9.999874e-01 5.376393e+01
9.999996e-01 8.770794e-04 1.415340e-04 1.147360e+01 -8.772095e-04 9.999992e-01 9.235663e-04 -1.250857e+00 -1.407235e-04 -9.236894e-04 9.999996e-01 5.353087e+01
9.999850e-01 -5.402059e-04 -5.449697e-03 1.225124e+01 5.393839e-04 9.999998e-01 -1.522618e-04 -1.263264e+00 5.449778e-03 1.493194e-04 9.999851e-01 5.325970e+01
9.999996e-01 8.853490e-04 -1.381247e-04 1.307344e+01 -8.852039e-04 9.999991e-01 1.045143e-03 -1.283217e+00 1.390501e-04 -1.045020e-03 9.999994e-01 5.315778e+01
9.999870e-01 -5.664936e-04 -5.061545e-03 1.384337e+01 5.656169e-04 9.999998e-01 -1.746041e-04 -1.290064e+00 5.061642e-03 1.717383e-04 9.999872e-01 5.277551e+01
9.999996e-01 8.426631e-04 3.971901e-05 1.437465e+01 -8.426952e-04 9.999993e-01 8.229345e-04 -1.290044e+00 -3.902525e-05 -8.229670e-04 9.999997e-01 5.220078e+01
9.999888e-01 -5.637035e-04 -4.709593e-03 1.503661e+01 5.629928e-04 9.999998e-01 -1.521675e-04 -1.295759e+00 4.709678e-03 1.495136e-04 9.999889e-01 5.179765e+01
9.999994e-01 9.158448e-04 -6.157779e-04 1.600303e+01 -9.151752e-04 9.999990e-01 1.086300e-03 -1.306743e+00 6.167724e-04 -1.085736e-03 9.999992e-01 5.142839e+01
9.999913e-01 -5.649560e-04 -4.140576e-03 1.683579e+01 5.635118e-04 9.999998e-01 -3.499043e-04 -1.310800e+00 4.140773e-03 3.475673e-04 9.999914e-01 5.090842e+01
9.999993e-01 9.734064e-04 -6.779673e-04 1.733921e+01 -9.727859e-04 9.999991e-01 9.145948e-04 -1.307804e+00 6.788572e-04 -9.139339e-04 9.999994e-01 5.012296e+01
9.999909e-01 -5.989463e-04 -4.225788e-03 1.758013e+01 5.963477e-04 9.999996e-01 -6.161139e-04 -1.304439e+00 4.226155e-03 6.135876e-04 9.999909e-01 4.921782e+01
9.999994e-01 9.448206e-04 -5.940208e-04 1.819152e+01 -9.441002e-04 9.999988e-01 1.211581e-03 -1.304661e+00 5.951651e-04 -1.211019e-03 9.999991e-01 4.854648e+01
9.999906e-01 -5.682239e-04 -4.294333e-03 1.873615e+01 5.653142e-04 9.999996e-01 -6.786861e-04 -1.302696e+00 4.294717e-03 6.762515e-04 9.999905e-01 4.782114e+01
9.999990e-01 1.012647e-03 -9.386035e-04 1.904751e+01 -1.011633e-03 9.999989e-01 1.080109e-03 -1.296257e+00 9.396966e-04 -1.079158e-03 9.999990e-01 4.676465e+01
9.999925e-01 -6.021171e-04 -3.821959e-03 1.972810e+01 5.999389e-04 9.999997e-01 -5.709760e-04 -1.286812e+00 3.822301e-03 5.686781e-04 9.999925e-01 4.570173e+01
9.999984e-01 1.045159e-03 -1.483495e-03 2.081139e+01 -1.042997e-03 9.999984e-01 1.456883e-03 -1.290027e+00 1.485015e-03 -1.455332e-03 9.999978e-01 4.510798e+01
9.999924e-01 -5.965450e-04 -3.861627e-03 2.147795e+01 5.935871e-04 9.999995e-01 -7.669855e-04 -1.283728e+00 3.862082e-03 7.646868e-04 9.999922e-01 4.425127e+01
9.999996e-01 8.980658e-04 -2.054850e-04 2.181501e+01 -8.978457e-04 9.999990e-01 1.067329e-03 -1.287877e+00 2.064436e-04 -1.067143e-03 9.999994e-01 4.370917e+01
9.999907e-01 -5.483777e-04 -4.270629e-03 2.206357e+01 5.457672e-04 9.999997e-01 -6.123626e-04 -1.292300e+00 4.270963e-03 6.100255e-04 9.999907e-01 4.311158e+01
9.999991e-01 1.035579e-03 -8.609365e-04 2.220999e+01 -1.034983e-03 9.999992e-01 6.915962e-04 -1.285285e+00 8.616523e-04 -6.907038e-04 9.999994e-01 4.185797e+01
9.999936e-01 -6.905557e-04 -3.505878e-03 2.281014e+01 6.896524e-04 9.999997e-01 -2.587937e-04 -1.282285e+00 3.506056e-03 2.563735e-04 9.999938e-01 4.103964e+01
9.999978e-01 1.076404e-03 -1.818753e-03 2.392105e+01 -1.074220e-03 9.999987e-01 1.201647e-03 -1.293219e+00 1.820045e-03 -1.199690e-03 9.999976e-01 4.057296e+01
9.999934e-01 -6.680943e-04 -3.559637e-03 2.508360e+01 6.671319e-04 9.999997e-01 -2.714718e-04 -1.303583e+00 3.559817e-03 2.690946e-04 9.999936e-01 4.006860e+01
9.999992e-01 1.032080e-03 -7.382628e-04 2.591754e+01 -1.031462e-03 9.999991e-01 8.368777e-04 -1.298360e+00 7.391261e-04 -8.361149e-04 9.999994e-01 3.919206e+01
9.999917e-01 -5.805204e-04 -4.029617e-03 2.669950e+01 5.795864e-04 9.999998e-01 -2.328774e-04 -1.291290e+00 4.029751e-03 2.305392e-04 9.999919e-01 3.825151e+01
9.999993e-01 1.004369e-03 -6.765513e-04 2.691100e+01 -1.004093e-03 9.999994e-01 4.085758e-04 -1.285662e+00 6.769615e-04 -4.078955e-04 9.999997e-01 3.716741e+01
9.999923e-01 -6.315570e-04 -3.866635e-03 2.766698e+01 6.322880e-04 9.999998e-01 1.879093e-04 -1.277086e+00 3.866515e-03 -1.903533e-04 9.999925e-01 3.620476e+01
9.999985e-01 1.160211e-03 -1.308678e-03 2.850809e+01 -1.159561e-03 9.999992e-01 4.973995e-04 -1.266947e+00 1.309254e-03 -4.958805e-04 9.999990e-01 3.520056e+01
9.999939e-01 -7.346413e-04 -3.422941e-03 2.939590e+01 7.349322e-04 9.999997e-01 8.380439e-05 -1.262635e+00 3.422878e-03 -8.632017e-05 9.999941e-01 3.434755e+01
9.999984e-01 1.133868e-03 -1.375327e-03 3.049221e+01 -1.132768e-03 9.999990e-01 7.996202e-04 -1.266139e+00 1.376232e-03 -7.980603e-04 9.999987e-01 3.371200e+01
9.999926e-01 -6.494355e-04 -3.780932e-03 3.092042e+01 6.477385e-04 9.999997e-01 -4.499705e-04 -1.256331e+00 3.781223e-03 4.475175e-04 9.999928e-01 3.252034e+01
9.999984e-01 1.139119e-03 -1.346843e-03 3.111686e+01 -1.138231e-03 9.999991e-01 6.599519e-04 -1.249427e+00 1.347594e-03 -6.584172e-04 9.999989e-01 3.133324e+01
9.999940e-01 -7.623625e-04 -3.389535e-03 3.144841e+01 7.611791e-04 9.999996e-01 -3.503357e-04 -1.242305e+00 3.389801e-03 3.477529e-04 9.999942e-01 3.022589e+01
9.999985e-01 1.220147e-03 -1.224959e-03 3.243376e+01 -1.218833e-03 9.999987e-01 1.071856e-03 -1.240608e+00 1.226266e-03 -1.070361e-03 9.999987e-01 2.959105e+01
9.999905e-01 -7.089428e-04 -4.304687e-03 3.320874e+01 7.079959e-04 9.999997e-01 -2.214081e-04 -1.234772e+00 4.304843e-03 2.183576e-04 9.999907e-01 2.886122e+01
9.999982e-01 1.151444e-03 -1.492288e-03 3.323173e+01 -1.150605e-03 9.999992e-01 5.629491e-04 -1.234515e+00 1.492936e-03 -5.612304e-04 9.999987e-01 2.796053e+01
9.999939e-01 -9.455912e-04 -3.354724e-03 3.364436e+01 9.457899e-04 9.999996e-01 5.773596e-05 -1.244678e+00 3.354668e-03 -6.090914e-05 9.999944e-01 2.778539e+01
9.999973e-01 1.164581e-03 -2.020297e-03 3.442819e+01 -1.162777e-03 9.999989e-01 8.934801e-04 -1.250503e+00 2.021336e-03 -8.911279e-04 9.999976e-01 2.739467e+01
9.999948e-01 -7.863405e-04 -3.117519e-03 3.530367e+01 7.861212e-04 9.999997e-01 -7.148100e-05 -1.248266e+00 3.117574e-03 6.902923e-05 9.999951e-01 2.672417e+01
9.999969e-01 1.213522e-03 -2.192043e-03 3.576438e+01 -1.212377e-03 9.999991e-01 5.235741e-04 -1.240058e+00 2.192676e-03 -5.209142e-04 9.999975e-01 2.561755e+01
9.999967e-01 -8.099282e-04 -2.456151e-03 3.635363e+01 8.096194e-04 9.999997e-01 -1.265990e-04 -1.230126e+00 2.456253e-03 1.246094e-04 9.999970e-01 2.447148e+01
9.999972e-01 1.245645e-03 -1.987138e-03 3.708893e+01 -1.244272e-03 9.999990e-01 6.919202e-04 -1.228893e+00 1.987998e-03 -6.894451e-04 9.999978e-01 2.370092e+01
9.999970e-01 -9.245422e-04 -2.288542e-03 3.751541e+01 9.237791e-04 9.999995e-01 -3.343301e-04 -1.225794e+00 2.288850e-03 3.322143e-04 9.999973e-01 2.280600e+01
9.999923e-01 1.513558e-03 -3.610747e-03 3.758325e+01 -1.511901e-03 9.999988e-01 4.613980e-04 -1.217320e+00 3.611441e-03 -4.559347e-04 9.999934e-01 2.134103e+01
9.999967e-01 -9.755611e-04 -2.365000e-03 3.763017e+01 9.749085e-04 9.999995e-01 -2.769677e-04 -1.210594e+00 2.365269e-03 2.746604e-04 9.999972e-01 1.998798e+01
9.999901e-01 1.550999e-03 -4.175078e-03 3.757856e+01 -1.549071e-03 9.999987e-01 4.647251e-04 -1.203797e+00 4.175793e-03 -4.582524e-04 9.999912e-01 1.855080e+01
9.999987e-01 -1.055291e-03 -1.237241e-03 3.770420e+01 1.054786e-03 9.999994e-01 -4.079411e-04 -1.196116e+00 1.237671e-03 4.066349e-04 9.999992e-01 1.717542e+01
9.999924e-01 1.502997e-03 -3.592978e-03 3.799568e+01 -1.500980e-03 9.999987e-01 5.637803e-04 -1.186458e+00 3.593821e-03 -5.583824e-04 9.999934e-01 1.584073e+01
9.999981e-01 -1.021225e-03 -1.658795e-03 3.859180e+01 1.021212e-03 9.999995e-01 -8.211202e-06 -1.176334e+00 1.658803e-03 6.516554e-06 9.999986e-01 1.469547e+01
9.999883e-01 1.625071e-03 -4.545433e-03 3.859925e+01 -1.624622e-03 9.999987e-01 1.023492e-04 -1.168434e+00 4.545594e-03 -9.496271e-05 9.999897e-01 1.319995e+01
9.999987e-01 -1.130950e-03 -1.109139e-03 3.861273e+01 1.130956e-03 9.999994e-01 4.952003e-06 -1.163802e+00 1.109133e-03 -6.207033e-06 9.999994e-01 1.193780e+01
9.999893e-01 1.531448e-03 -4.367430e-03 3.863961e+01 -1.530257e-03 9.999988e-01 2.760809e-04 -1.163757e+00 4.367847e-03 -2.693940e-04 9.999904e-01 1.103786e+01
9.999977e-01 -1.104418e-03 -1.850998e-03 3.860193e+01 1.104549e-03 9.999994e-01 6.958284e-05 -1.164268e+00 1.850920e-03 -7.162784e-05 9.999983e-01 1.014273e+01
9.999839e-01 1.668388e-03 -5.414962e-03 3.839461e+01 -1.666836e-03 9.999986e-01 2.910466e-04 -1.161616e+00 5.415440e-03 -2.820154e-04 9.999853e-01 8.944008e+00
9.999960e-01 -9.090087e-04 -2.679797e-03 3.817148e+01 9.085773e-04 9.999996e-01 -1.620790e-04 -1.151250e+00 2.679943e-03 1.596429e-04 9.999964e-01 7.103099e+00
9.999885e-01 1.707643e-03 -4.482059e-03 3.805673e+01 -1.706602e-03 9.999985e-01 2.358841e-04 -1.139072e+00 4.482455e-03 -2.282317e-04 9.999899e-01 5.207683e+00
9.999989e-01 -1.150584e-03 -9.255638e-04 3.814683e+01 1.150358e-03 9.999993e-01 -2.442534e-04 -1.130676e+00 9.258440e-04 2.431878e-04 9.999995e-01 3.789664e+00
9.999909e-01 1.536092e-03 -3.989348e-03 3.875980e+01 -1.532335e-03 9.999984e-01 9.446308e-04 -1.126503e+00 3.990793e-03 -9.385085e-04 9.999916e-01 2.918597e+00
9.999943e-01 -9.231913e-04 -3.247972e-03 3.857703e+01 9.212774e-04 9.999994e-01 -5.905930e-04 -1.120556e+00 3.248515e-03 5.875967e-04 9.999946e-01 1.660025e+00
9.999859e-01 1.641949e-03 -5.045176e-03 3.828679e+01 -1.637122e-03 9.999982e-01 9.606987e-04 -1.111284e+00 5.046745e-03 -9.524250e-04 9.999868e-01 8.416284e-02
9.999993e-01 -1.090505e-03 -4.965917e-04 3.840803e+01 1.090052e-03 9.999990e-01 -9.103876e-04 -1.103056e+00 4.975838e-04 9.098450e-04 9.999995e-01 -1.254988e+00
9.999693e-01 1.761680e-03 -7.634993e-03 3.812758e+01 -1.751073e-03 9.999975e-01 1.395657e-03 -1.095988e+00 7.637433e-03 -1.382244e-03 9.999699e-01 -2.494157e+00
9.999973e-01 -1.021133e-03 -2.074066e-03 3.765163e+01 1.019662e-03 9.999992e-01 -7.096255e-04 -1.086555e+00 2.074788e-03 7.075081e-04 9.999976e-01 -3.826374e+00
9.999768e-01 1.688991e-03 -6.594334e-03 3.727939e+01 -1.680582e-03 9.999978e-01 1.280376e-03 -1.078508e+00 6.596482e-03 -1.269263e-03 9.999774e-01 -5.046678e+00
9.999993e-01 -1.149762e-03 2.525163e-04 3.722178e+01 1.149969e-03 9.999990e-01 -8.223852e-04 -1.072032e+00 -2.515707e-04 8.226743e-04 9.999996e-01 -5.957829e+00
9.999795e-01 1.473366e-03 -6.239045e-03 3.726487e+01 -1.464697e-03 9.999980e-01 1.393680e-03 -1.071086e+00 6.241086e-03 -1.384513e-03 9.999796e-01 -6.412487e+00
9.999985e-01 -1.153713e-03 1.285740e-03 3.787325e+01 1.154624e-03 9.999991e-01 -7.080183e-04 -1.070331e+00 -1.284923e-03 7.095012e-04 9.999989e-01 -6.911784e+00
9.999794e-01 1.696970e-03 -6.195654e-03 3.809610e+01 -1.691526e-03 9.999982e-01 8.836207e-04 -1.062543e+00 6.197142e-03 -8.731217e-04 9.999804e-01 -8.095380e+00
9.999987e-01 -1.184662e-03 1.121261e-03 3.824947e+01 1.185421e-03 9.999991e-01 -6.762616e-04 -1.056239e+00 -1.120459e-03 6.775892e-04 9.999991e-01 -9.209907e+00
9.999822e-01 1.514434e-03 -5.774075e-03 3.860716e+01 -1.508355e-03 9.999983e-01 1.057016e-03 -1.051200e+00 5.775666e-03 -1.048287e-03 9.999828e-01 -1.013596e+01
9.999994e-01 -1.066055e-03 3.980920e-04 3.966384e+01 1.066130e-03 9.999994e-01 -1.896967e-04 -1.059224e+00 -3.978898e-04 1.901204e-04 9.999999e-01 -1.062590e+01
9.999860e-01 1.423934e-03 -5.097831e-03 4.059013e+01 -1.419230e-03 9.999986e-01 9.261754e-04 -1.071194e+00 5.099143e-03 -9.189268e-04 9.999866e-01 -1.099123e+01
9.999994e-01 -9.934977e-04 4.954017e-04 4.145919e+01 9.935889e-04 9.999995e-01 -1.847034e-04 -1.076598e+00 -4.952182e-04 1.851949e-04 9.999999e-01 -1.148424e+01
9.999868e-01 1.365881e-03 -4.947883e-03 4.190634e+01 -1.362651e-03 9.999989e-01 6.560604e-04 -1.074312e+00 4.948774e-03 -6.493089e-04 9.999875e-01 -1.227530e+01
9.999995e-01 -9.453380e-04 -4.062964e-04 4.199484e+01 9.451772e-04 9.999995e-01 -3.948343e-04 -1.072392e+00 4.066692e-04 3.944494e-04 9.999998e-01 -1.321425e+01
9.999827e-01 1.365242e-03 -5.724663e-03 4.196948e+01 -1.361023e-03 9.999988e-01 7.407394e-04 -1.070855e+00 5.725668e-03 -7.329346e-04 9.999833e-01 -1.422584e+01
9.999993e-01 -8.407717e-04 -8.789443e-04 4.185515e+01 8.404688e-04 9.999996e-01 -3.445159e-04 -1.068524e+00 8.792335e-04 3.437762e-04 9.999996e-01 -1.517261e+01
9.999777e-01 1.198907e-03 -6.562206e-03 4.165272e+01 -1.190922e-03 9.999985e-01 1.220460e-03 -1.063891e+00 6.563660e-03 -1.212617e-03 9.999777e-01 -1.548374e+01
9.999986e-01 -9.778150e-04 1.330949e-03 4.188393e+01 9.786937e-04 9.999993e-01 -6.600621e-04 -1.070022e+00 -1.330302e-03 6.613632e-04 9.999989e-01 -1.579695e+01
9.999774e-01 1.294623e-03 -6.600795e-03 4.246091e+01 -1.285763e-03 9.999983e-01 1.346288e-03 -1.106351e+00 6.602527e-03 -1.337769e-03 9.999773e-01 -1.515667e+01
9.999979e-01 -1.077597e-03 1.718511e-03 4.306175e+01 1.078426e-03 9.999993e-01 -4.818300e-04 -1.147473e+00 -1.717990e-03 4.836817e-04 9.999984e-01 -1.452481e+01
9.999707e-01 1.511717e-03 -7.507532e-03 4.325778e+01 -1.504625e-03 9.999984e-01 9.501031e-04 -1.143727e+00 7.508957e-03 -9.387786e-04 9.999714e-01 -1.547164e+01
9.999959e-01 -1.168565e-03 2.608545e-03 4.346191e+01 1.170180e-03 9.999991e-01 -6.176713e-04 -1.141413e+00 -2.607822e-03 6.207206e-04 9.999964e-01 -1.635525e+01
9.999754e-01 1.449767e-03 -6.862873e-03 4.410179e+01 -1.441244e-03 9.999982e-01 1.246597e-03 -1.144736e+00 6.864668e-03 -1.236675e-03 9.999757e-01 -1.680204e+01
9.999988e-01 -1.041888e-03 1.108574e-03 4.431381e+01 1.042749e-03 9.999992e-01 -7.767333e-04 -1.143036e+00 -1.107764e-03 7.778877e-04 9.999991e-01 -1.761154e+01
9.999778e-01 1.479646e-03 -6.494846e-03 4.451222e+01 -1.472792e-03 9.999984e-01 1.059958e-03 -1.137732e+00 6.496404e-03 -1.050368e-03 9.999783e-01 -1.868796e+01
9.999981e-01 -1.040602e-03 1.644675e-03 4.545733e+01 1.041019e-03 9.999994e-01 -2.528431e-04 -1.134412e+00 -1.644411e-03 2.545542e-04 9.999986e-01 -1.937140e+01
9.999719e-01 1.528144e-03 -7.343482e-03 4.641049e+01 -1.520040e-03 9.999982e-01 1.108940e-03 -1.147457e+00 7.345164e-03 -1.097746e-03 9.999724e-01 -1.963400e+01
9.999965e-01 -1.211679e-03 2.348229e-03 4.730051e+01 1.212084e-03 9.999993e-01 -1.709208e-04 -1.158024e+00 -2.348021e-03 1.737659e-04 9.999972e-01 -1.998106e+01
9.999650e-01 1.632577e-03 -8.200541e-03 4.827448e+01 -1.623854e-03 9.999981e-01 1.070212e-03 -1.171789e+00 8.202273e-03 -1.056857e-03 9.999658e-01 -2.025195e+01
9.999975e-01 -1.168939e-03 1.881319e-03 4.928570e+01 1.169087e-03 9.999993e-01 -7.783757e-05 -1.193858e+00 -1.881227e-03 8.003620e-05 9.999982e-01 -2.033559e+01
9.999738e-01 1.394851e-03 -7.102125e-03 4.969620e+01 -1.389929e-03 9.999988e-01 6.978453e-04 -1.217798e+00 7.103090e-03 -6.879550e-04 9.999745e-01 -2.010025e+01
9.999964e-01 -1.196085e-03 2.399347e-03 5.015053e+01 1.196148e-03 9.999993e-01 -2.496709e-05 -1.250526e+00 -2.399316e-03 2.783637e-05 9.999971e-01 -1.953207e+01
9.999693e-01 1.483064e-03 -7.697167e-03 5.035964e+01 -1.477509e-03 9.999986e-01 7.272523e-04 -1.252249e+00 7.698235e-03 -7.158567e-04 9.999701e-01 -1.952640e+01
9.999993e-01 -1.000972e-03 5.780375e-04 5.033280e+01 1.001064e-03 9.999995e-01 -1.602023e-04 -1.243963e+00 -5.778770e-04 1.607803e-04 9.999998e-01 -2.051372e+01
9.999815e-01 1.514890e-03 -5.894267e-03 5.058872e+01 -1.512643e-03 9.999988e-01 3.856269e-04 -1.237099e+00 5.894844e-03 -3.767032e-04 9.999826e-01 -2.163220e+01
9.999992e-01 -1.098719e-03 6.448125e-04 5.127884e+01 1.098509e-03 9.999993e-01 3.249335e-04 -1.233361e+00 -6.451693e-04 -3.242256e-04 9.999997e-01 -2.231847e+01
9.999851e-01 1.491406e-03 -5.252478e-03 5.215382e+01 -1.489160e-03 9.999988e-01 4.313289e-04 -1.233334e+00 5.253115e-03 -4.235001e-04 9.999861e-01 -2.293098e+01
9.999991e-01 -9.936091e-04 -8.606424e-04 5.338325e+01 9.943195e-04 9.999992e-01 8.259288e-04 -1.241975e+00 8.598209e-04 -8.267844e-04 9.999993e-01 -2.343114e+01
9.999871e-01 1.592681e-03 -4.830512e-03 5.356021e+01 -1.595688e-03 9.999985e-01 -6.189125e-04 -1.232911e+00 4.829519e-03 6.266130e-04 9.999881e-01 -2.479243e+01
9.999993e-01 -1.148425e-03 -4.009008e-04 5.416964e+01 1.148920e-03 9.999986e-01 1.235746e-03 -1.224601e+00 3.994809e-04 -1.236206e-03 9.999992e-01 -2.579172e+01
9.999893e-01 1.583990e-03 -4.355148e-03 5.487559e+01 -1.586991e-03 9.999985e-01 -6.857112e-04 -1.223807e+00 4.354055e-03 6.926160e-04 9.999903e-01 -2.647664e+01
9.999993e-01 -1.149784e-03 -3.702836e-04 5.587353e+01 1.150335e-03 9.999982e-01 1.491298e-03 -1.224891e+00 3.685681e-04 -1.491724e-03 9.999988e-01 -2.713131e+01
9.999856e-01 1.617092e-03 -5.112889e-03 5.650502e+01 -1.622049e-03 9.999982e-01 -9.656872e-04 -1.219221e+00 5.111319e-03 9.739672e-04 9.999865e-01 -2.816679e+01
9.999993e-01 -1.057208e-03 -4.333300e-04 5.694471e+01 1.057704e-03 9.999988e-01 1.146111e-03 -1.215763e+00 4.321176e-04 -1.146569e-03 9.999992e-01 -2.917829e+01
9.999885e-01 1.300059e-03 -4.626519e-03 5.714779e+01 -1.303991e-03 9.999988e-01 -8.471208e-04 -1.230942e+00 4.625412e-03 8.531445e-04 9.999889e-01 -2.882003e+01
9.999969e-01 -8.979307e-04 -2.340067e-03 5.700456e+01 9.015152e-04 9.999984e-01 1.531399e-03 -1.230528e+00 2.338688e-03 -1.533505e-03 9.999961e-01 -2.874486e+01
9.999663e-01 1.940382e-03 -7.977904e-03 5.666214e+01 -1.947547e-03 9.999977e-01 -8.905346e-04 -1.197627e+00 7.976158e-03 9.060425e-04 9.999678e-01 -3.057961e+01
9.999988e-01 -1.188588e-03 9.686983e-04 5.683129e+01 1.187632e-03 9.999988e-01 9.860406e-04 -1.183801e+00 -9.698693e-04 -9.848895e-04 9.999990e-01 -3.219149e+01
9.999734e-01 1.672565e-03 -7.097637e-03 5.797725e+01 -1.673111e-03 9.999986e-01 -7.103579e-05 -1.203486e+00 7.097509e-03 8.290962e-05 9.999748e-01 -3.241143e+01
9.999988e-01 -1.115907e-03 -1.055508e-03 5.954786e+01 1.117526e-03 9.999982e-01 1.535097e-03 -1.243936e+00 1.053793e-03 -1.536276e-03 9.999983e-01 -3.230984e+01
9.999751e-01 1.731461e-03 -6.846534e-03 6.094412e+01 -1.733736e-03 9.999984e-01 -3.264228e-04 -1.282765e+00 6.845958e-03 3.382853e-04 9.999765e-01 -3.211686e+01
9.999983e-01 -1.323470e-03 1.320778e-03 6.171955e+01 1.322130e-03 9.999986e-01 1.014017e-03 -1.329173e+00 -1.322119e-03 -1.012270e-03 9.999986e-01 -3.137889e+01
9.999774e-01 1.618855e-03 -6.527173e-03 6.249983e+01 -1.618897e-03 9.999987e-01 -1.359826e-06 -1.374941e+00 6.527162e-03 1.192720e-05 9.999787e-01 -3.078525e+01
9.999993e-01 -1.063004e-03 -5.822549e-04 6.378544e+01 1.063661e-03 9.999988e-01 1.129463e-03 -1.397941e+00 5.810535e-04 -1.130082e-03 9.999992e-01 -3.094580e+01
9.999861e-01 1.469981e-03 -5.068134e-03 6.473323e+01 -1.470703e-03 9.999989e-01 -1.388592e-04 -1.405301e+00 5.067924e-03 1.463116e-04 9.999871e-01 -3.136434e+01
9.999994e-01 -1.113111e-03 1.709661e-05 6.553936e+01 1.113094e-03 9.999990e-01 9.270878e-04 -1.412244e+00 -1.812867e-05 -9.270688e-04 9.999996e-01 -3.173413e+01
9.999811e-01 1.538938e-03 -5.959583e-03 6.653935e+01 -1.538534e-03 9.999988e-01 7.219825e-05 -1.425970e+00 5.959687e-03 -6.302728e-05 9.999822e-01 -3.199936e+01
9.999993e-01 -1.144403e-03 -1.628650e-04 6.756882e+01 1.144531e-03 9.999990e-01 7.907982e-04 -1.449378e+00 1.619597e-04 -7.909846e-04 9.999997e-01 -3.203050e+01
9.999784e-01 1.586875e-03 -6.376155e-03 6.857510e+01 -1.586543e-03 9.999987e-01 5.708960e-05 -1.485376e+00 6.376238e-03 -4.697175e-05 9.999797e-01 -3.170280e+01
9.999987e-01 -1.164208e-03 1.076760e-03 6.890253e+01 1.163699e-03 9.999992e-01 4.728191e-04 -1.482919e+00 -1.077310e-03 -4.715661e-04 9.999993e-01 -3.249980e+01
9.999832e-01 1.430082e-03 -5.619973e-03 6.910120e+01 -1.431326e-03 9.999990e-01 -2.174395e-04 -1.487717e+00 5.619656e-03 2.254805e-04 9.999842e-01 -3.302849e+01
9.999995e-01 -1.032614e-03 1.502437e-04 6.993387e+01 1.032465e-03 9.999990e-01 9.814249e-04 -1.508045e+00 -1.512571e-04 -9.812698e-04 9.999995e-01 -3.307560e+01
9.999796e-01 1.484322e-03 -6.212801e-03 7.086219e+01 -1.485475e-03 9.999989e-01 -1.809651e-04 -1.531792e+00 6.212525e-03 1.901910e-04 9.999807e-01 -3.304291e+01
9.999993e-01 -1.063229e-03 -4.273156e-04 7.177235e+01 1.063690e-03 9.999989e-01 1.080131e-03 -1.569059e+00 4.261665e-04 -1.080586e-03 9.999993e-01 -3.263890e+01
9.999828e-01 1.535299e-03 -5.658426e-03 7.288062e+01 -1.535871e-03 9.999988e-01 -9.676975e-05 -1.623010e+00 5.658271e-03 1.054593e-04 9.999840e-01 -3.169441e+01
9.999985e-01 -9.841483e-04 -1.424719e-03 7.442075e+01 9.862729e-04 9.999984e-01 1.491659e-03 -1.687568e+00 1.423248e-03 -1.493062e-03 9.999979e-01 -3.046627e+01
9.999675e-01 1.794531e-03 -7.855938e-03 7.642528e+01 -1.795640e-03 9.999984e-01 -1.340538e-04 -1.742723e+00 7.855685e-03 1.481565e-04 9.999691e-01 -2.963601e+01
9.999987e-01 -1.135599e-03 1.171750e-03 7.787196e+01 1.134541e-03 9.999989e-01 9.029972e-04 -1.807698e+00 -1.172774e-03 -9.016672e-04 9.999989e-01 -2.827161e+01
9.999835e-01 1.447410e-03 -5.565609e-03 7.852880e+01 -1.449761e-03 9.999989e-01 -4.184759e-04 -1.859013e+00 5.564997e-03 4.265383e-04 9.999844e-01 -2.690240e+01
9.999981e-01 -9.814655e-04 -1.697617e-03 8.024877e+01 9.844719e-04 9.999979e-01 1.771332e-03 -1.900418e+00 1.695875e-03 -1.773000e-03 9.999970e-01 -2.677962e+01
9.999481e-01 2.019890e-03 -9.987636e-03 8.295423e+01 -2.016497e-03 9.999979e-01 3.498054e-04 -1.935919e+00 9.988322e-03 -3.296466e-04 9.999501e-01 -2.716809e+01
9.999939e-01 -1.605249e-03 3.097234e-03 8.423530e+01 1.603656e-03 9.999986e-01 5.164426e-04 -1.959567e+00 -3.098059e-03 -5.114732e-04 9.999951e-01 -2.739223e+01
9.999672e-01 1.857511e-03 -7.880129e-03 8.466902e+01 -1.858334e-03 9.999983e-01 -9.720653e-05 -1.971174e+00 7.879935e-03 1.118478e-04 9.999689e-01 -2.789502e+01
9.999950e-01 -1.593880e-03 2.715824e-03 8.503224e+01 1.592439e-03 9.999986e-01 5.327328e-04 -1.977408e+00 -2.716670e-03 -5.284060e-04 9.999962e-01 -2.842312e+01
9.999734e-01 1.863131e-03 -7.049369e-03 8.577396e+01 -1.862048e-03 9.999983e-01 1.601311e-04 -1.990015e+00 7.049655e-03 -1.470001e-04 9.999751e-01 -2.869195e+01
9.999979e-01 -1.521584e-03 1.374354e-03 8.616471e+01 1.520834e-03 9.999987e-01 5.458508e-04 -1.993666e+00 -1.375183e-03 -5.437601e-04 9.999989e-01 -2.921850e+01
9.999530e-01 2.088390e-03 -9.465591e-03 8.590758e+01 -2.087150e-03 9.999978e-01 1.408723e-04 -1.988648e+00 9.465865e-03 -1.211090e-04 9.999552e-01 -3.013473e+01
9.999803e-01 -1.901413e-03 5.978816e-03 8.621772e+01 1.900703e-03 9.999982e-01 1.243559e-04 -1.994839e+00 -5.979042e-03 -1.129900e-04 9.999821e-01 -3.048627e+01
9.999515e-01 2.134642e-03 -9.618836e-03 8.675911e+01 -2.132604e-03 9.999977e-01 2.221375e-04 -2.010813e+00 9.619289e-03 -2.016130e-04 9.999537e-01 -3.049184e+01
9.999885e-01 -1.796322e-03 4.453068e-03 8.752719e+01 1.794555e-03 9.999983e-01 4.006623e-04 -2.053149e+00 -4.453781e-03 -3.926669e-04 9.999900e-01 -2.968237e+01
9.999440e-01 2.160484e-03 -1.035922e-02 8.846928e+01 -2.155785e-03 9.999976e-01 4.647617e-04 -2.100590e+00 1.036019e-02 -4.424029e-04 9.999462e-01 -2.896652e+01
9.999879e-01 -1.754533e-03 4.586139e-03 8.963358e+01 1.752049e-03 9.999983e-01 5.454377e-04 -2.121501e+00 -4.587089e-03 -5.373965e-04 9.999893e-01 -2.911745e+01
