9.999842e-01 1.578007e-04 -5.623382e-03 -1.300125e-01 -1.546242e-04 9.999998e-01 5.653015e-04 -9.727906e-03 5.623470e-03 -5.644238e-04 9.999840e-01 4.145361e-01
9.999999e-01 2.610875e-05 -3.813637e-04 -3.545883e-01 -2.605455e-05 1.000000e+00 1.420542e-04 -1.446229e-02 3.813677e-04 -1.420436e-04 9.999999e-01 9.138572e-01
9.999813e-01 1.890827e-04 -6.105345e-03 -6.602079e-01 -1.850241e-04 9.999998e-01 6.653281e-04 -1.290085e-02 6.105469e-03 -6.641868e-04 9.999811e-01 1.376529e+00
9.999999e-01 -2.558370e-06 3.625401e-04 -8.426036e-01 2.592311e-06 1.000000e+00 -9.353062e-05 -2.081110e-02 -3.625395e-04 9.353226e-05 9.999999e-01 1.829765e+00
9.999837e-01 2.014481e-04 -5.697374e-03 -9.475422e-01 -1.985128e-04 9.999998e-01 5.157673e-04 -3.163814e-02 5.697477e-03 -5.146287e-04 9.999836e-01 2.036462e+00
9.999998e-01 -8.524066e-05 6.936369e-04 -9.845825e-01 8.529876e-05 1.000000e+00 -8.368365e-05 -4.584247e-02 -6.936294e-04 8.374351e-05 9.999998e-01 2.355765e+00
9.999873e-01 2.240350e-04 -5.027698e-03 -8.376623e-01 -2.213729e-04 9.999998e-01 5.300448e-04 -6.448812e-02 5.027815e-03 -5.289258e-04 9.999872e-01 2.853866e+00
9.999999e-01 -1.002900e-04 5.299077e-04 -7.760774e-01 1.003660e-04 1.000000e+00 -1.432923e-04 -8.040209e-02 -5.298929e-04 1.433461e-04 9.999998e-01 3.285001e+00
9.999844e-01 2.449120e-04 -5.580339e-03 -9.425761e-01 -2.404993e-04 9.999997e-01 7.914384e-04 -8.533705e-02 5.580530e-03 -7.900847e-04 9.999841e-01 4.032917e+00
9.999999e-01 -9.143448e-05 4.039773e-04 -1.019325e+00 9.151809e-05 1.000000e+00 -2.068492e-04 -9.628289e-02 -4.039580e-04 2.068868e-04 9.999999e-01 4.498711e+00
9.999884e-01 2.620413e-04 -4.817062e-03 -9.476974e-01 -2.594104e-04 9.999998e-01 5.467961e-04 -1.117624e-01 4.817204e-03 -5.455409e-04 9.999882e-01 4.907954e+00
9.999988e-01 -2.814628e-05 -1.519794e-03 -1.200600e+00 2.837078e-05 1.000000e+00 1.476672e-04 -1.153383e-01 1.519790e-03 -1.477094e-04 9.999988e-01 5.300323e+00
9.999827e-01 3.571689e-04 -5.879336e-03 -1.543164e+00 -3.531021e-04 9.999997e-01 6.927369e-04 -1.124533e-01 5.879582e-03 -6.906496e-04 9.999825e-01 5.337389e+00
9.999991e-01 -1.523658e-04 1.367892e-03 -1.501565e+00 1.528986e-04 9.999999e-01 -3.893770e-04 -1.252942e-01 -1.367832e-03 3.895865e-04 9.999990e-01 5.556803e+00
9.999664e-01 3.786451e-04 -8.187475e-03 -1.788084e+00 -3.686811e-04 9.999992e-01 1.218465e-03 -1.277991e-01 8.187929e-03 -1.215406e-03 9.999657e-01 5.877450e+00
9.999978e-01 -1.722669e-04 2.110112e-03 -2.024116e+00 1.734183e-04 9.999998e-01 -5.454846e-04 -1.313520e-01 -2.110018e-03 5.458500e-04 9.999976e-01 6.336078e+00
9.999545e-01 6.096768e-04 -9.524038e-03 -2.304618e+00 -5.977171e-04 9.999990e-01 1.258546e-03 -1.263956e-01 9.524796e-03 -1.252797e-03 9.999539e-01 5.888645e+00
9.999942e-01 -2.409481e-04 3.393057e-03 -2.390079e+00 2.436539e-04 9.999997e-01 -7.970308e-04 -1.265772e-01 -3.392863e-03 7.978536e-04 9.999939e-01 5.370057e+00
9.999592e-01 5.532418e-04 -9.020873e-03 -2.375367e+00 -5.416838e-04 9.999990e-01 1.283645e-03 -1.326874e-01 9.021574e-03 -1.278707e-03 9.999585e-01 5.206034e+00
9.999989e-01 -1.255618e-04 1.481320e-03 -2.639272e+00 1.262481e-04 9.999999e-01 -4.631822e-04 -1.261086e-01 -1.481261e-03 4.633694e-04 9.999988e-01 4.896296e+00
9.999686e-01 5.013863e-04 -7.904061e-03 -2.737579e+00 -4.931458e-04 9.999993e-01 1.044491e-03 -1.267918e-01 7.904579e-03 -1.040561e-03 9.999682e-01 4.573005e+00
9.999993e-01 -1.830912e-05 1.150651e-03 -2.796019e+00 1.897042e-05 9.999998e-01 -5.746524e-04 -1.233448e-01 -1.150640e-03 5.746745e-04 9.999992e-01 3.738023e+00
9.999704e-01 4.496741e-04 -7.681207e-03 -2.807893e+00 -4.414193e-04 9.999993e-01 1.076338e-03 -1.218235e-01 7.681685e-03 -1.072917e-03 9.999699e-01 3.010845e+00
9.999974e-01 -7.706144e-05 2.283843e-03 -2.651990e+00 7.875010e-05 9.999997e-01 -7.392815e-04 -1.211277e-01 -2.283785e-03 7.394601e-04 9.999971e-01 2.217861e+00
9.999653e-01 3.663850e-04 -8.324897e-03 -2.653361e+00 -3.554453e-04 9.999991e-01 1.315549e-03 -1.254381e-01 8.325371e-03 -1.312545e-03 9.999645e-01 2.064717e+00
9.999980e-01 -8.149890e-05 2.011247e-03 -2.705447e+00 8.269173e-05 9.999998e-01 -5.929678e-04 -1.289508e-01 -2.011198e-03 5.931337e-04 9.999978e-01 2.069621e+00
9.999750e-01 3.920946e-04 -7.056260e-03 -2.397941e+00 -3.841453e-04 9.999993e-01 1.127890e-03 -1.372907e-01 7.056697e-03 -1.125152e-03 9.999745e-01 1.736754e+00
9.999987e-01 2.996641e-06 1.623336e-03 -2.143661e+00 -1.876228e-06 9.999998e-01 -6.901435e-04 -1.393931e-01 -1.623337e-03 6.901403e-04 9.999984e-01 1.172228e+00
9.999601e-01 4.726477e-04 -8.922232e-03 -2.411491e+00 -4.597420e-04 9.999988e-01 1.448479e-03 -1.263885e-01 8.922906e-03 -1.444320e-03 9.999591e-01 6.227436e-01
9.999998e-01 -4.114105e-05 -6.388295e-04 -3.064253e+00 4.106298e-05 1.000000e+00 -1.223470e-04 -1.055144e-01 6.388349e-04 1.223215e-04 9.999998e-01 5.849955e-01
9.999705e-01 4.227260e-04 -7.668802e-03 -3.474502e+00 -4.138266e-04 9.999992e-01 1.162025e-03 -9.288240e-02 7.669287e-03 -1.158818e-03 9.999699e-01 3.518163e-01
9.999991e-01 -3.708053e-05 1.340541e-03 -3.403470e+00 3.754997e-05 9.999999e-01 -3.500965e-04 -8.858221e-02 -1.340528e-03 3.501472e-04 9.999990e-01 -7.318795e-02
9.999795e-01 4.389729e-04 -6.389840e-03 -3.120358e+00 -4.340498e-04 9.999996e-01 7.718292e-04 -8.511931e-02 6.390175e-03 -7.690406e-04 9.999793e-01 -8.767239e-01
9.999991e-01 2.240973e-08 1.339507e-03 -2.808019e+00 4.106198e-07 9.999999e-01 -3.232048e-04 -8.057899e-02 -1.339507e-03 3.232058e-04 9.999991e-01 -1.743161e+00
9.999757e-01 4.327524e-04 -6.961845e-03 -2.728639e+00 -4.282187e-04 9.999997e-01 6.527200e-04 -7.953652e-02 6.962125e-03 -6.497236e-04 9.999756e-01 -2.636635e+00
9.999999e-01 5.586322e-05 3.466241e-04 -2.819416e+00 -5.577924e-05 1.000000e+00 -2.420050e-04 -7.799619e-02 -3.466372e-04 2.419864e-04 9.999999e-01 -3.612934e+00
9.999607e-01 4.154592e-04 -8.852589e-03 -3.188202e+00 -4.047030e-04 9.999992e-01 1.216800e-03 -7.032110e-02 8.853087e-03 -1.213171e-03 9.999601e-01 -4.132472e+00
9.999970e-01 -1.942918e-04 2.446757e-03 -3.424788e+00 1.953137e-04 9.999999e-01 -4.173806e-04 -6.791228e-02 -2.446675e-03 4.178580e-04 9.999969e-01 -4.008940e+00
9.999684e-01 4.326593e-04 -7.939917e-03 -3.422402e+00 -4.243321e-04 9.999994e-01 1.050444e-03 -7.135759e-02 7.940366e-03 -1.047042e-03 9.999679e-01 -4.042757e+00
9.999987e-01 -1.318166e-04 1.581406e-03 -3.542112e+00 1.322530e-04 1.000000e+00 -2.757479e-04 -7.033875e-02 -1.581369e-03 2.759574e-04 9.999987e-01 -4.205677e+00
9.999671e-01 4.518466e-04 -8.097358e-03 -3.618425e+00 -4.434801e-04 9.999994e-01 1.035005e-03 -7.038035e-02 8.097820e-03 -1.031381e-03 9.999667e-01 -4.454329e+00
9.999999e-01 -8.932778e-05 4.763063e-04 -3.870118e+00 8.936936e-05 1.000000e+00 -8.705383e-05 -6.611302e-02 -4.762982e-04 8.709709e-05 9.999999e-01 -4.680107e+00
9.999672e-01 4.354747e-04 -8.088659e-03 -4.182433e+00 -4.270541e-04 9.999994e-01 1.042747e-03 -6.283441e-02 8.089107e-03 -1.039259e-03 9.999667e-01 -4.864660e+00
1.000000e+00 -1.185754e-05 2.079176e-04 -4.509350e+00 1.188291e-05 1.000000e+00 -1.214426e-04 -5.860491e-02 -2.079158e-04 1.214458e-04 1.000000e+00 -5.251876e+00
9.999545e-01 5.234728e-04 -9.527999e-03 -5.064818e+00 -5.112380e-04 9.999990e-01 1.286491e-03 -4.697374e-02 9.528663e-03 -1.281562e-03 9.999538e-01 -5.552966e+00
1.000000e+00 -1.645262e-05 1.751685e-04 -5.595802e+00 1.647293e-05 1.000000e+00 -1.152787e-04 -3.491746e-02 -1.751663e-04 1.152823e-04 1.000000e+00 -5.973398e+00
9.999580e-01 5.452128e-04 -9.151204e-03 -6.030868e+00 -5.348412e-04 9.999992e-01 1.135788e-03 -2.602482e-02 9.151816e-03 -1.130846e-03 9.999575e-01 -6.501369e+00
9.999989e-01 -1.306748e-04 1.466434e-03 -6.284838e+00 1.311712e-04 9.999999e-01 -3.383585e-04 -2.261148e-02 -1.466389e-03 3.385512e-04 9.999989e-01 -6.989710e+00
9.999481e-01 5.132660e-04 -1.017580e-02 -6.711935e+00 -4.981321e-04 9.999988e-01 1.489738e-03 -1.580330e-02 1.017655e-02 -1.484593e-03 9.999471e-01 -7.178466e+00
9.999998e-01 -8.920158e-05 5.650327e-04 -7.272679e+00 8.932048e-05 1.000000e+00 -2.101810e-04 -4.494498e-03 -5.650136e-04 2.102321e-04 9.999998e-01 -7.342798e+00
9.999613e-01 3.928681e-04 -8.787283e-03 -7.651047e+00 -3.815518e-04 9.999991e-01 1.289452e-03 2.021767e-03 8.787782e-03 -1.286050e-03 9.999606e-01 -7.366753e+00
1.000000e+00 -7.983338e-06 1.112127e-04 -8.112290e+00 7.999950e-06 1.000000e+00 -1.481075e-04 1.223152e-02 -1.112112e-04 1.481091e-04 1.000000e+00 -7.371224e+00
9.999527e-01 5.468507e-04 -9.713837e-03 -8.559447e+00 -5.363515e-04 9.999993e-01 1.083435e-03 1.719054e-02 9.714422e-03 -1.078175e-03 9.999522e-01 -8.118015e+00
9.999943e-01 -5.224136e-05 3.365423e-03 -8.646029e+00 5.462737e-05 9.999997e-01 -7.088457e-04 1.783815e-02 -3.365385e-03 7.090262e-04 9.999941e-01 -9.105806e+00
9.999637e-01 4.661112e-04 -8.502388e-03 -8.526070e+00 -4.583630e-04 9.999995e-01 9.132452e-04 2.178100e-02 8.502809e-03 -9.093156e-04 9.999634e-01 -1.011811e+01
9.999967e-01 -3.031671e-05 2.582027e-03 -8.511381e+00 3.150633e-05 9.999999e-01 -4.606337e-04 1.998793e-02 -2.582012e-03 4.607142e-04 9.999966e-01 -1.084966e+01
9.999513e-01 5.144792e-04 -9.855456e-03 -8.703510e+00 -5.042249e-04 9.999993e-01 1.042943e-03 2.103129e-02 9.855986e-03 -1.037923e-03 9.999509e-01 -1.168749e+01
1.000000e+00 1.148856e-04 3.299951e-05 -9.249753e+00 -1.148844e-04 1.000000e+00 -3.051812e-05 3.155597e-02 -3.300270e-05 3.051503e-05 1.000000e+00 -1.249684e+01
9.999721e-01 3.618833e-04 -7.454615e-03 -9.470461e+00 -3.568630e-04 9.999997e-01 6.747909e-04 3.395515e-02 7.454857e-03 -6.721125e-04 9.999720e-01 -1.325146e+01
9.999994e-01 1.171306e-04 1.133465e-03 -9.560323e+00 -1.166789e-04 9.999999e-01 -3.984396e-04 3.515055e-02 -1.133511e-03 3.983078e-04 9.999993e-01 -1.427493e+01
9.999531e-01 5.367555e-04 -9.673530e-03 -9.877647e+00 -5.273810e-04 9.999994e-01 9.716273e-04 4.040946e-02 9.674045e-03 -9.664808e-04 9.999527e-01 -1.546903e+01
9.999923e-01 -1.085253e-04 3.917419e-03 -9.847600e+00 1.108888e-04 9.999998e-01 -6.030620e-04 4.150784e-02 -3.917353e-03 6.034925e-04 9.999921e-01 -1.633277e+01
9.999583e-01 4.165148e-04 -9.120181e-03 -9.553309e+00 -4.057543e-04 9.999992e-01 1.181694e-03 4.184412e-02 9.120666e-03 -1.177944e-03 9.999577e-01 -1.695053e+01
9.999972e-01 6.484245e-05 2.382990e-03 -9.663815e+00 -6.320712e-05 9.999998e-01 -6.862514e-04 4.247432e-02 -2.383033e-03 6.860995e-04 9.999969e-01 -1.781826e+01
9.999474e-01 5.322470e-04 -1.024457e-02 -9.915552e+00 -5.200063e-04 9.999991e-01 1.197492e-03 4.712342e-02 1.024520e-02 -1.192103e-03 9.999468e-01 -1.894584e+01
9.999964e-01 1.073146e-04 2.697586e-03 -1.013973e+01 -1.052960e-04 9.999997e-01 -7.483706e-04 5.245593e-02 -2.697666e-03 7.480845e-04 9.999961e-01 -2.011794e+01
9.999523e-01 4.287434e-04 -9.761728e-03 -1.029772e+01 -4.176417e-04 9.999993e-01 1.139294e-03 5.568338e-02 9.762209e-03 -1.135163e-03 9.999517e-01 -2.121437e+01
9.999889e-01 -1.208020e-04 4.701264e-03 -1.018455e+01 1.244469e-04 9.999997e-01 -7.749844e-04 5.408222e-02 -4.701169e-03 7.755615e-04 9.999886e-01 -2.190184e+01
9.999438e-01 5.496646e-04 -1.058673e-02 -1.019016e+01 -5.374860e-04 9.999992e-01 1.153195e-03 5.337309e-02 1.058735e-02 -1.147440e-03 9.999433e-01 -2.270902e+01
9.999952e-01 2.728199e-05 3.112629e-03 -1.040128e+01 -2.522069e-05 9.999998e-01 -6.622139e-04 5.732919e-02 -3.112646e-03 6.621329e-04 9.999949e-01 -2.374562e+01
9.999263e-01 6.319316e-04 -1.212434e-02 -1.077959e+01 -6.152867e-04 9.999989e-01 1.376544e-03 6.653932e-02 1.212520e-02 -1.368983e-03 9.999256e-01 -2.487065e+01
9.999894e-01 -5.366947e-05 4.599185e-03 -1.097738e+01 5.769080e-05 9.999996e-01 -8.741883e-04 7.231919e-02 -4.599136e-03 8.744451e-04 9.999890e-01 -2.590860e+01
9.999155e-01 7.251987e-04 -1.297784e-02 -1.128351e+01 -7.070058e-04 9.999988e-01 1.406396e-03 7.927252e-02 1.297884e-02 -1.397103e-03 9.999148e-01 -2.714211e+01
9.999891e-01 -5.228198e-05 4.675643e-03 -1.158597e+01 5.629253e-05 9.999996e-01 -8.575843e-04 8.586135e-02 -4.675596e-03 8.578388e-04 9.999887e-01 -2.832635e+01
9.999056e-01 6.852409e-04 -1.372387e-02 -1.200819e+01 -6.625801e-04 9.999984e-01 1.655685e-03 9.407824e-02 1.372498e-02 -1.646437e-03 9.999045e-01 -2.928292e+01
9.999934e-01 5.417503e-05 3.632717e-03 -1.260752e+01 -5.197771e-05 9.999998e-01 -6.049064e-04 1.090520e-01 -3.632749e-03 6.047142e-04 9.999932e-01 -3.021144e+01
9.998977e-01 6.978586e-04 -1.428294e-02 -1.323729e+01 -6.734474e-04 9.999983e-01 1.713864e-03 1.240096e-01 1.428411e-02 -1.704071e-03 9.998965e-01 -3.114546e+01
9.999964e-01 7.283164e-05 2.675375e-03 -1.404906e+01 -7.188916e-05 9.999999e-01 -3.522937e-04 1.453717e-01 -2.675401e-03 3.521008e-04 9.999964e-01 -3.194947e+01
9.999316e-01 5.530455e-04 -1.168547e-02 -1.444454e+01 -5.400316e-04 9.999992e-01 1.116828e-03 1.525185e-01 1.168608e-02 -1.110442e-03 9.999311e-01 -3.294076e+01
9.999979e-01 2.352624e-04 2.026346e-03 -1.492001e+01 -2.344048e-04 9.999999e-01 -4.233082e-04 1.645688e-01 -2.026445e-03 4.228330e-04 9.999979e-01 -3.428494e+01
9.999320e-01 3.796334e-04 -1.165728e-02 -1.546785e+01 -3.631387e-04 9.999989e-01 1.417073e-03 1.773888e-01 1.165781e-02 -1.412744e-03 9.999310e-01 -3.506933e+01
9.999960e-01 2.202562e-04 2.822766e-03 -1.592966e+01 -2.187196e-04 9.999998e-01 -5.445762e-04 1.921035e-01 -2.822885e-03 5.439573e-04 9.999959e-01 -3.585896e+01
9.999129e-01 4.884697e-04 -1.318714e-02 -1.659089e+01 -4.657897e-04 9.999984e-01 1.722891e-03 2.119195e-01 1.318796e-02 -1.716600e-03 9.999116e-01 -3.660400e+01
9.999941e-01 2.428300e-04 3.439272e-03 -1.708944e+01 -2.399505e-04 9.999996e-01 -8.375711e-04 2.258175e-01 -3.439474e-03 8.367415e-04 9.999937e-01 -3.770015e+01
9.999389e-01 4.247963e-04 -1.104211e-02 -1.728859e+01 -4.111796e-04 9.999992e-01 1.235420e-03 2.342446e-01 1.104262e-02 -1.230805e-03 9.999383e-01 -3.898536e+01
9.999993e-01 4.444299e-04 1.082942e-03 -1.776062e+01 -4.439141e-04 9.999998e-01 -4.762964e-04 2.530581e-01 -1.083153e-03 4.758160e-04 9.999993e-01 -4.041750e+01
9.999627e-01 1.481883e-04 -8.631830e-03 -1.796299e+01 -1.399642e-04 9.999995e-01 9.533893e-04 2.593940e-01 8.631967e-03 -9.521463e-04 9.999623e-01 -4.151195e+01
9.999982e-01 4.113629e-04 1.868143e-03 -1.806723e+01 -4.102494e-04 9.999997e-01 -5.963118e-04 2.640381e-01 -1.868388e-03 5.955450e-04 9.999981e-01 -4.265422e+01
9.999538e-01 2.738086e-04 -9.608505e-03 -1.827461e+01 -2.646006e-04 9.999995e-01 9.595968e-04 2.729658e-01 9.608763e-03 -9.570107e-04 9.999534e-01 -4.404913e+01
9.999952e-01 2.844478e-04 3.085874e-03 -1.833458e+01 -2.824777e-04 9.999998e-01 -6.387451e-04 2.774249e-01 -3.086055e-03 6.378711e-04 9.999950e-01 -4.520087e+01
9.999664e-01 9.535261e-05 -8.199907e-03 -1.823530e+01 -8.766641e-05 9.999996e-01 9.377366e-04 2.782512e-01 8.199993e-03 -9.369869e-04 9.999659e-01 -4.592255e+01
9.999998e-01 5.775884e-04 4.034920e-04 -1.846145e+01 -5.774083e-04 9.999997e-01 -4.456181e-04 2.892950e-01 -4.037490e-04 4.453856e-04 9.999998e-01 -4.701196e+01
9.999724e-01 1.831951e-04 -7.424595e-03 -1.856384e+01 -1.787499e-04 9.999998e-01 5.994142e-04 3.004369e-01 7.424703e-03 -5.980712e-04 9.999723e-01 -4.875168e+01
9.999981e-01 3.366587e-04 1.910035e-03 -1.854841e+01 -3.356673e-04 9.999998e-01 -5.192073e-04 3.036525e-01 -1.910210e-03 5.185658e-04 9.999980e-01 -4.992525e+01
9.999673e-01 1.789990e-05 -8.092761e-03 -1.859582e+01 -8.390887e-06 9.999993e-01 1.175065e-03 3.046054e-01 8.092776e-03 -1.174960e-03 9.999666e-01 -5.003813e+01
9.999992e-01 3.095586e-04 1.263419e-03 -1.886065e+01 -3.095102e-04 1.000000e+00 -3.829363e-05 3.224878e-01 -1.263431e-03 3.790323e-05 9.999992e-01 -4.956607e+01
9.999732e-01 -5.012931e-05 -7.319715e-03 -1.876517e+01 5.559560e-05 9.999997e-01 7.466239e-04 3.189810e-01 7.319675e-03 -7.470115e-04 9.999729e-01 -4.961182e+01
9.999999e-01 4.889209e-04 1.228204e-04 -1.897920e+01 -4.889244e-04 9.999999e-01 3.095784e-05 3.248576e-01 -1.228050e-04 -3.101721e-05 1.000000e+00 -4.996756e+01
9.999697e-01 -6.702863e-05 -7.790176e-03 -1.908835e+01 7.419063e-05 9.999996e-01 9.191107e-04 3.336192e-01 7.790110e-03 -9.196615e-04 9.999692e-01 -5.037758e+01
9.999997e-01 6.706187e-04 2.313359e-04 -1.927730e+01 -6.705177e-04 9.999997e-01 -4.354317e-04 3.400479e-01 -2.316276e-04 4.352771e-04 9.999999e-01 -5.149760e+01
9.999607e-01 -7.767659e-05 -8.859884e-03 -1.961246e+01 8.777471e-05 9.999993e-01 1.139405e-03 3.476263e-01 8.859790e-03 -1.140138e-03 9.999601e-01 -5.238257e+01
9.999994e-01 7.573657e-04 -7.838459e-04 -2.007122e+01 -7.575114e-04 9.999997e-01 -1.859419e-04 3.574932e-01 7.837051e-04 1.865362e-04 9.999997e-01 -5.327000e+01
9.999644e-01 -5.053918e-05 -8.432843e-03 -2.044991e+01 5.645637e-05 9.999998e-01 7.014791e-04 3.664200e-01 8.432805e-03 -7.019309e-04 9.999642e-01 -5.469321e+01
9.999996e-01 6.726138e-04 5.659279e-04 -2.066816e+01 -6.725137e-04 9.999998e-01 -1.767248e-04 3.726932e-01 -5.660463e-04 1.763448e-04 9.999998e-01 -5.589508e+01
9.999762e-01 -3.111673e-04 -6.898228e-03 -2.072393e+01 3.157422e-04 9.999997e-01 6.621573e-04 3.699344e-01 6.898020e-03 -6.643202e-04 9.999760e-01 -5.649784e+01
9.999996e-01 8.849921e-04 1.906982e-04 -2.078257e+01 -8.849490e-04 9.999996e-01 -2.248333e-04 3.731837e-01 -1.908969e-04 2.246651e-04 1.000000e+00 -5.753061e+01
9.999695e-01 -3.601757e-04 -7.798030e-03 -2.104107e+01 3.678041e-04 9.999995e-01 9.768631e-04 3.793671e-01 7.797674e-03 -9.797022e-04 9.999691e-01 -5.814202e+01
9.999985e-01 6.541098e-04 1.633757e-03 -2.106100e+01 -6.541307e-04 9.999998e-01 1.242650e-05 3.854191e-01 -1.633749e-03 -1.349451e-05 9.999987e-01 -5.792616e+01
9.999463e-01 -1.485624e-04 -1.036185e-02 -2.140180e+01 1.607929e-04 9.999993e-01 1.179546e-03 3.991852e-01 1.036166e-02 -1.181150e-03 9.999456e-01 -5.817495e+01
9.999971e-01 1.025213e-03 -2.158135e-03 -2.231554e+01 -1.024454e-03 9.999994e-01 3.522752e-04 4.267857e-01 2.158495e-03 -3.500626e-04 9.999976e-01 -5.898357e+01
9.999693e-01 -4.817327e-04 -7.825953e-03 -2.294720e+01 4.892088e-04 9.999994e-01 9.534414e-04 4.438392e-01 7.825489e-03 -9.572413e-04 9.999689e-01 -5.932475e+01
9.999970e-01 6.541127e-04 2.372303e-03 -2.272511e+01 -6.538376e-04 9.999998e-01 -1.166122e-04 4.374202e-01 -2.372379e-03 1.150614e-04 9.999972e-01 -5.922108e+01
9.999383e-01 -5.181941e-05 -1.110386e-02 -2.336329e+01 6.791327e-05 9.999989e-01 1.449048e-03 4.695859e-01 1.110377e-02 -1.449714e-03 9.999373e-01 -5.899210e+01
9.999951e-01 5.165035e-04 3.101779e-03 -2.365656e+01 -5.167815e-04 9.999999e-01 8.894127e-05 4.988976e-01 -3.101732e-03 -9.054311e-05 9.999952e-01 -5.865887e+01
9.999461e-01 -7.215331e-05 -1.038633e-02 -2.330637e+01 8.107249e-05 9.999996e-01 8.583521e-04 5.085938e-01 1.038626e-02 -8.591485e-04 9.999457e-01 -5.883727e+01
9.999943e-01 5.221997e-04 3.327782e-03 -2.309537e+01 -5.223059e-04 9.999999e-01 3.113037e-05 5.215624e-01 -3.327765e-03 -3.286767e-05 9.999945e-01 -5.933023e+01
9.999499e-01 -7.745050e-05 -1.001450e-02 -2.257751e+01 8.762180e-05 9.999995e-01 1.015254e-03 5.344182e-01 1.001441e-02 -1.016081e-03 9.999493e-01 -5.941857e+01
9.999950e-01 4.900810e-04 3.124465e-03 -2.186235e+01 -4.903580e-04 9.999999e-01 8.800358e-05 5.406183e-01 -3.124421e-03 -8.953460e-05 9.999951e-01 -5.956093e+01
9.999492e-01 -7.227247e-05 -1.008337e-02 -2.162219e+01 7.932491e-05 9.999998e-01 6.990455e-04 5.480160e-01 1.008332e-02 -6.998105e-04 9.999489e-01 -6.008872e+01
9.999872e-01 3.253796e-04 5.049207e-03 -2.109867e+01 -3.252080e-04 9.999999e-01 -3.475698e-05 5.345241e-01 -5.049218e-03 3.311514e-05 9.999873e-01 -6.018056e+01
9.999304e-01 1.069632e-04 -1.179463e-02 -2.101201e+01 -9.905810e-05 9.999998e-01 6.708413e-04 5.368621e-01 1.179470e-02 -6.696269e-04 9.999302e-01 -6.079797e+01
9.999861e-01 2.222016e-04 5.272799e-03 -2.103443e+01 -2.222781e-04 1.000000e+00 1.397922e-05 5.388208e-01 -5.272795e-03 -1.515041e-05 9.999861e-01 -6.113675e+01
9.999341e-01 7.177904e-05 -1.148232e-02 -2.086349e+01 -6.242559e-05 9.999997e-01 8.149803e-04 5.367720e-01 1.148237e-02 -8.142105e-04 9.999337e-01 -6.113266e+01
9.999963e-01 5.832135e-04 2.667300e-03 -2.120292e+01 -5.830056e-04 9.999998e-01 -7.860137e-05 5.471374e-01 -2.667345e-03 7.704668e-05 9.999964e-01 -6.212372e+01
9.999446e-01 2.914762e-05 -1.052975e-02 -2.141162e+01 -2.260965e-05 9.999998e-01 6.210539e-04 5.552085e-01 1.052977e-02 -6.207820e-04 9.999444e-01 -6.318172e+01
9.999974e-01 5.171768e-04 2.231407e-03 -2.171327e+01 -5.173391e-04 9.999999e-01 7.230953e-05 5.660966e-01 -2.231369e-03 -7.346309e-05 9.999975e-01 -6.401356e+01
9.999599e-01 -1.115221e-04 -8.953390e-03 -2.170367e+01 1.166145e-04 9.999998e-01 5.682850e-04 5.694607e-01 8.953325e-03 -5.693070e-04 9.999598e-01 -6.452336e+01
9.999974e-01 5.782489e-04 2.208872e-03 -2.173923e+01 -5.784749e-04 9.999998e-01 1.018076e-04 5.796931e-01 -2.208813e-03 -1.030844e-04 9.999976e-01 -6.508674e+01
9.999712e-01 -2.711116e-04 -7.589972e-03 -2.132824e+01 2.765988e-04 9.999997e-01 7.219654e-04 5.805200e-01 7.589774e-03 -7.240446e-04 9.999709e-01 -6.531198e+01
9.999981e-01 5.996934e-04 1.828118e-03 -2.060726e+01 -5.997110e-04 9.999998e-01 9.234352e-06 5.792272e-01 -1.828112e-03 -1.033004e-05 9.999983e-01 -6.566592e+01
9.999756e-01 -3.391990e-04 -6.977034e-03 -1.995030e+01 3.452848e-04 9.999996e-01 8.711243e-04 5.751177e-01 6.976736e-03 -8.735128e-04 9.999753e-01 -6.592379e+01
9.999995e-01 6.265444e-04 7.136128e-04 -1.946870e+01 -6.265184e-04 9.999998e-01 -3.625258e-05 5.604316e-01 -7.136352e-04 3.580611e-05 9.999997e-01 -6.571300e+01
9.999772e-01 -3.767280e-04 -6.744364e-03 -1.884113e+01 3.839569e-04 9.999994e-01 1.070640e-03 5.386597e-01 6.743956e-03 -1.073206e-03 9.999767e-01 -6.547838e+01
9.999998e-01 6.853496e-04 3.553979e-05 -1.837061e+01 -6.853407e-04 9.999997e-01 -2.417806e-04 5.272604e-01 -3.570528e-05 2.417568e-04 1.000000e+00 -6.532876e+01
9.999820e-01 -4.100474e-04 -5.982006e-03 -1.808972e+01 4.174012e-04 9.999992e-01 1.228181e-03 5.202564e-01 5.981498e-03 -1.230656e-03 9.999814e-01 -6.509987e+01
9.999997e-01 6.852869e-04 -2.688905e-04 -1.750340e+01 -6.853477e-04 9.999997e-01 -2.273537e-04 5.018218e-01 2.687349e-04 2.275386e-04 9.999999e-01 -6.486820e+01
9.999836e-01 -4.296108e-04 -5.709489e-03 -1.690840e+01 4.358470e-04 9.999993e-01 1.091106e-03 4.758827e-01 5.709016e-03 -1.093577e-03 9.999831e-01 -6.463326e+01
9.999998e-01 6.658804e-04 -1.733959e-04 -1.633627e+01 -6.658989e-04 9.999998e-01 -1.085808e-04 4.556479e-01 1.733237e-04 1.086969e-04 1.000000e+00 -6.444436e+01
9.999802e-01 -3.403057e-04 -6.281431e-03 -1.567532e+01 3.464442e-04 9.999995e-01 9.762465e-04 4.315103e-01 6.281095e-03 -9.784040e-04 9.999798e-01 -6.425397e+01
9.999998e-01 5.660902e-04 3.248475e-04 -1.476656e+01 -5.662074e-04 9.999998e-01 3.620087e-04 4.006341e-01 -3.246423e-04 -3.621919e-04 9.999999e-01 -6.406745e+01
9.999713e-01 -1.551129e-04 -7.570892e-03 -1.391738e+01 1.578085e-04 9.999999e-01 3.554993e-04 3.776375e-01 7.570836e-03 -3.566844e-04 9.999713e-01 -6.395865e+01
9.999972e-01 4.650613e-04 2.299466e-03 -1.360281e+01 -4.655699e-04 9.999999e-01 2.208087e-04 3.662362e-01 -2.299363e-03 -2.218781e-04 9.999973e-01 -6.405578e+01
9.999699e-01 -1.047934e-04 -7.763696e-03 -1.333471e+01 1.066654e-04 1.000000e+00 2.407564e-04 3.571462e-01 7.763670e-03 -2.415779e-04 9.999698e-01 -6.438270e+01
9.999986e-01 4.158415e-04 1.599499e-03 -1.332705e+01 -4.165202e-04 9.999998e-01 4.242457e-04 3.521275e-01 -1.599322e-03 -4.249107e-04 9.999986e-01 -6.433839e+01
9.999752e-01 -2.003530e-04 -7.041776e-03 -1.319449e+01 2.018226e-04 1.000000e+00 2.080422e-04 3.416482e-01 7.041734e-03 -2.094589e-04 9.999752e-01 -6.402487e+01
9.999989e-01 5.541906e-04 1.370570e-03 -1.298563e+01 -5.547328e-04 9.999998e-01 3.955539e-04 3.362370e-01 -1.370350e-03 -3.963131e-04 9.999990e-01 -6.412519e+01
9.999567e-01 -9.266181e-05 -9.303007e-03 -1.329809e+01 9.671276e-05 9.999999e-01 4.350365e-04 3.481872e-01 9.302965e-03 -4.359180e-04 9.999566e-01 -6.456308e+01
9.999994e-01 3.968077e-04 1.017990e-03 -1.366953e+01 -3.974312e-04 9.999997e-01 6.127338e-04 3.551348e-01 -1.017746e-03 -6.131374e-04 9.999993e-01 -6.453555e+01
9.999612e-01 -2.364885e-05 -8.807009e-03 -1.394351e+01 2.706286e-05 9.999999e-01 3.875699e-04 3.595888e-01 8.806999e-03 -3.877938e-04 9.999611e-01 -6.447847e+01
9.999993e-01 5.569646e-04 -1.083065e-03 -1.453048e+01 -5.560271e-04 9.999995e-01 8.652890e-04 3.781772e-01 1.083546e-03 -8.646856e-04 9.999990e-01 -6.480747e+01
9.999686e-01 2.662414e-05 -7.918994e-03 -1.490284e+01 -2.628567e-05 1.000000e+00 4.289431e-05 3.898865e-01 7.918995e-03 -4.268543e-05 9.999686e-01 -6.553923e+01
9.999997e-01 4.955623e-04 -6.382447e-04 -1.521924e+01 -4.950308e-04 9.999995e-01 8.320766e-04 3.989433e-01 6.386569e-04 -8.317597e-04 9.999995e-01 -6.619302e+01
9.999591e-01 -3.121831e-05 -9.041581e-03 -1.575200e+01 3.441876e-05 9.999999e-01 3.538576e-04 4.135827e-01 9.041569e-03 -3.541549e-04 9.999591e-01 -6.655553e+01
9.999999e-01 4.639291e-04 -1.126934e-04 -1.627699e+01 -4.638366e-04 9.999996e-01 8.156574e-04 4.284951e-01 1.130720e-04 -8.156045e-04 9.999997e-01 -6.673556e+01
9.999633e-01 -5.328203e-05 -8.566821e-03 -1.667747e+01 5.531735e-05 1.000000e+00 2.373908e-04 4.400562e-01 8.566808e-03 -2.378566e-04 9.999633e-01 -6.698592e+01
9.999933e-01 1.628825e-04 3.665315e-03 -1.645919e+01 -1.644116e-04 9.999999e-01 4.170154e-04 4.223968e-01 -3.665247e-03 -4.176146e-04 9.999932e-01 -6.676390e+01
9.999628e-01 2.248822e-05 -8.629346e-03 -1.589028e+01 -1.907079e-05 9.999999e-01 3.961519e-04 3.988834e-01 8.629354e-03 -3.959732e-04 9.999627e-01 -6.664704e+01
9.999964e-01 2.341564e-04 2.654443e-03 -1.530982e+01 -2.351966e-04 9.999999e-01 3.917058e-04 3.721898e-01 -2.654351e-03 -3.923281e-04 9.999964e-01 -6.639198e+01
9.999643e-01 -3.541065e-05 -8.447005e-03 -1.480749e+01 3.942564e-05 9.999999e-01 4.751953e-04 3.512803e-01 8.446987e-03 -4.755120e-04 9.999642e-01 -6.622300e+01
9.999973e-01 2.198391e-04 2.307641e-03 -1.424866e+01 -2.207720e-04 9.999999e-01 4.041983e-04 3.322511e-01 -2.307551e-03 -4.047061e-04 9.999973e-01 -6.608650e+01
9.999709e-01 5.578527e-05 -7.632777e-03 -1.388338e+01 -5.455725e-05 1.000000e+00 1.611480e-04 3.228979e-01 7.632786e-03 -1.607274e-04 9.999709e-01 -6.622048e+01
9.999975e-01 1.588387e-04 2.213185e-03 -1.339365e+01 -1.602067e-04 9.999998e-01 6.181066e-04 3.022594e-01 -2.213087e-03 -6.184590e-04 9.999974e-01 -6.608768e+01
9.999689e-01 9.124606e-05 -7.883254e-03 -1.283302e+01 -9.007020e-05 1.000000e+00 1.495652e-04 2.745045e-01 7.883268e-03 -1.488512e-04 9.999689e-01 -6.581523e+01
9.999974e-01 1.438754e-04 2.263424e-03 -1.230624e+01 -1.453363e-04 9.999998e-01 6.454863e-04 2.540863e-01 -2.263330e-03 -6.458130e-04 9.999972e-01 -6.556753e+01
9.999644e-01 1.696631e-04 -8.440010e-03 -1.167091e+01 -1.675712e-04 1.000000e+00 2.486186e-04 2.342646e-01 8.440052e-03 -2.471960e-04 9.999644e-01 -6.540505e+01
9.999971e-01 7.128164e-05 2.393070e-03 -1.110236e+01 -7.280583e-05 9.999998e-01 6.370110e-04 2.197851e-01 -2.393024e-03 -6.371828e-04 9.999969e-01 -6.531991e+01
9.999571e-01 2.453677e-04 -9.260457e-03 -1.041235e+01 -2.411266e-04 9.999999e-01 4.591376e-04 2.069101e-01 9.260568e-03 -4.568856e-04 9.999570e-01 -6.526067e+01
9.999960e-01 6.662965e-05 2.820468e-03 -9.825825e+00 -6.765222e-05 9.999999e-01 3.626096e-04 1.974977e-01 -2.820444e-03 -3.627983e-04 9.999960e-01 -6.530781e+01
9.999597e-01 1.889799e-04 -8.973465e-03 -9.044506e+00 -1.827038e-04 9.999997e-01 7.002682e-04 1.749531e-01 8.973595e-03 -6.986011e-04 9.999595e-01 -6.516087e+01
9.999978e-01 1.953797e-04 2.086659e-03 -8.033343e+00 -1.961714e-04 9.999999e-01 3.794062e-04 1.513480e-01 -2.086585e-03 -3.798141e-04 9.999978e-01 -6.516928e+01
9.999634e-01 1.609769e-04 -8.558285e-03 -7.377524e+00 -1.569310e-04 9.999999e-01 4.734618e-04 1.376967e-01 8.558360e-03 -4.721020e-04 9.999633e-01 -6.514536e+01
9.999985e-01 1.221193e-04 1.741639e-03 -6.641815e+00 -1.231116e-04 9.999998e-01 5.699477e-04 1.166844e-01 -1.741569e-03 -5.701607e-04 9.999983e-01 -6.495457e+01
9.999620e-01 1.692712e-04 -8.715803e-03 -6.280054e+00 -1.667446e-04 9.999999e-01 2.906588e-04 1.071034e-01 8.715851e-03 -2.891950e-04 9.999620e-01 -6.475116e+01
9.999975e-01 7.609612e-05 2.226728e-03 -6.018088e+00 -7.758707e-05 9.999998e-01 6.696834e-04 9.866921e-02 -2.226676e-03 -6.698539e-04 9.999973e-01 -6.454681e+01
9.999604e-01 2.744538e-04 -8.897225e-03 -6.073576e+00 -2.743534e-04 1.000000e+00 1.255079e-05 1.001828e-01 8.897228e-03 -1.010989e-05 9.999604e-01 -6.501010e+01
9.999944e-01 6.776755e-05 3.336092e-03 -6.015435e+00 -6.900235e-05 9.999999e-01 3.701480e-04 9.945038e-02 -3.336067e-03 -3.703756e-04 9.999944e-01 -6.571835e+01
9.999646e-01 2.135306e-04 -8.406580e-03 -5.939758e+00 -2.138012e-04 1.000000e+00 -3.124598e-05 9.097820e-02 8.406573e-03 3.304162e-05 9.999647e-01 -6.592533e+01
9.999971e-01 6.234911e-04 -2.340892e-03 -6.488330e+00 -6.212384e-04 9.999993e-01 9.627597e-04 1.129787e-01 2.341490e-03 -9.613021e-04 9.999968e-01 -6.732761e+01
9.999486e-01 2.208727e-04 -1.013611e-02 -7.227840e+00 -2.197323e-04 1.000000e+00 1.136621e-04 1.438561e-01 1.013614e-02 -1.114296e-04 9.999486e-01 -6.858239e+01
9.999952e-01 4.824397e-05 3.091617e-03 -7.408095e+00 -4.978597e-05 9.999999e-01 4.988362e-04 1.416056e-01 -3.091593e-03 -4.989871e-04 9.999951e-01 -6.874847e+01
9.999549e-01 2.676920e-04 -9.494083e-03 -7.369529e+00 -2.677617e-04 1.000000e+00 -6.026609e-06 1.320844e-01 9.494081e-03 8.567910e-06 9.999549e-01 -6.882690e+01
9.999958e-01 7.032906e-05 2.909439e-03 -7.277241e+00 -7.234369e-05 9.999998e-01 6.925013e-04 1.259328e-01 -2.909389e-03 -6.927083e-04 9.999955e-01 -6.897350e+01
9.999350e-01 3.852474e-04 -1.139214e-02 -7.591243e+00 -3.830118e-04 9.999999e-01 1.984609e-04 1.301240e-01 1.139222e-02 -1.940853e-04 9.999351e-01 -6.938172e+01
9.999946e-01 -2.639722e-05 3.281438e-03 -7.869980e+00 2.430614e-05 9.999998e-01 6.374203e-04 1.332357e-01 -3.281454e-03 -6.373365e-04 9.999944e-01 -6.959307e+01
9.999565e-01 2.512361e-04 -9.329143e-03 -7.702664e+00 -2.504902e-04 1.000000e+00 8.117250e-05 1.241521e-01 9.329163e-03 -7.883268e-05 9.999565e-01 -6.968822e+01
9.999948e-01 -1.699944e-05 3.220890e-03 -7.070902e+00 1.450869e-05 9.999997e-01 7.734730e-04 1.090450e-01 -3.220902e-03 -7.734217e-04 9.999945e-01 -6.975205e+01
9.999629e-01 2.645149e-04 -8.608978e-03 -6.538457e+00 -2.651536e-04 1.000000e+00 -7.298997e-05 9.643560e-02 8.608958e-03 7.526939e-05 9.999629e-01 -6.986348e+01
9.999958e-01 -6.141148e-05 2.904407e-03 -6.413129e+00 5.934844e-05 9.999997e-01 7.105532e-04 8.774089e-02 -2.904449e-03 -7.103773e-04 9.999955e-01 -6.999508e+01
9.999573e-01 3.373318e-04 -9.230780e-03 -6.474854e+00 -3.379211e-04 9.999999e-01 -6.223613e-05 8.356538e-02 9.230759e-03 6.535218e-05 9.999574e-01 -7.029293e+01
9.999895e-01 -1.910560e-04 4.576851e-03 -6.176240e+00 1.883274e-04 9.999998e-01 5.967167e-04 6.833876e-02 -4.576964e-03 -5.958479e-04 9.999893e-01 -7.029620e+01
9.999540e-01 3.498523e-04 -9.586474e-03 -5.976260e+00 -3.508059e-04 9.999999e-01 -9.774243e-05 4.820681e-02 9.586439e-03 1.011004e-04 9.999540e-01 -6.989222e+01
9.999883e-01 -1.514722e-04 4.834891e-03 -5.572434e+00 1.479695e-04 9.999997e-01 7.249066e-04 1.730291e-02 -4.834999e-03 -7.241821e-04 9.999880e-01 -6.939649e+01
9.999441e-01 3.798499e-04 -1.057034e-02 -4.941342e+00 -3.789773e-04 9.999999e-01 8.459371e-05 -4.622701e-03 1.057037e-02 -8.058363e-05 9.999441e-01 -6.930255e+01
9.999856e-01 -1.102587e-04 5.362989e-03 -4.445277e+00 1.075930e-04 9.999999e-01 4.974359e-04 -2.588505e-02 -5.363043e-03 -4.968511e-04 9.999855e-01 -6.920004e+01
9.999466e-01 2.554501e-04 -1.033217e-02 -4.285263e+00 -2.554753e-04 1.000000e+00 -1.068640e-06 -4.490805e-02 1.033217e-02 3.707636e-06 9.999466e-01 -6.874577e+01
9.999881e-01 -4.733231e-05 4.886677e-03 -4.137346e+00 4.382202e-05 9.999997e-01 7.185384e-04 -5.683046e-02 -4.886709e-03 -7.183152e-04 9.999878e-01 -6.870781e+01
9.999518e-01 3.086029e-04 -9.808895e-03 -3.582255e+00 -3.090871e-04 1.000000e+00 -4.779309e-05 -6.041070e-02 9.808880e-03 5.082204e-05 9.999519e-01 -6.915457e+01
9.999902e-01 -1.314602e-04 4.427787e-03 -3.513567e+00 1.289301e-04 9.999998e-01 5.717909e-04 -7.473273e-02 -4.427861e-03 -5.712138e-04 9.999900e-01 -6.896628e+01
9.999503e-01 3.108895e-04 -9.961719e-03 -3.653358e+00 -3.089976e-04 9.999999e-01 1.915071e-04 -7.682490e-02 9.961777e-03 -1.884200e-04 9.999504e-01 -6.851308e+01
9.999959e-01 -5.921324e-05 2.859376e-03 -3.985784e+00 5.691247e-05 9.999997e-01 8.048823e-04 -6.947470e-02 -2.859423e-03 -8.047157e-04 9.999956e-01 -6.818843e+01
9.999423e-01 4.190204e-04 -1.073151e-02 -4.282032e+00 -4.176067e-04 9.999999e-01 1.340261e-04 -6.529220e-02 1.073156e-02 -1.295373e-04 9.999424e-01 -6.836109e+01
9.999850e-01 -2.218608e-04 5.474859e-03 -4.181246e+00 2.201679e-04 9.999999e-01 3.098940e-04 -6.872218e-02 -5.474927e-03 -3.086834e-04 9.999850e-01 -6.877569e+01
9.999444e-01 5.834412e-04 -1.052540e-02 -4.014088e+00 -5.833355e-04 9.999998e-01 1.316287e-05 -6.845008e-02 1.052540e-02 -7.022848e-06 9.999446e-01 -6.952137e+01
9.999875e-01 -1.176840e-04 5.007227e-03 -3.941096e+00 1.167124e-04 1.000000e+00 1.944231e-04 -6.248179e-02 -5.007249e-03 -1.938357e-04 9.999874e-01 -7.066530e+01
9.999399e-01 5.728669e-04 -1.094608e-02 -3.567771e+00 -5.714497e-04 9.999998e-01 1.326424e-04 -4.363511e-02 1.094615e-02 -1.263798e-04 9.999401e-01 -7.242597e+01
9.999920e-01 1.557369e-04 4.000457e-03 -2.308831e+00 -1.587745e-04 9.999997e-01 7.591223e-04 -8.596196e-03 -4.000337e-03 -7.597508e-04 9.999917e-01 -7.459315e+01
9.999379e-01 6.729238e-04 -1.112671e-02 -6.755800e-01 -6.701904e-04 9.999997e-01 2.494264e-04 2.556571e-02 1.112687e-02 -2.419545e-04 9.999381e-01 -7.660183e+01
9.999887e-01 3.228793e-05 4.752693e-03 4.050186e-01 -3.383198e-05 9.999999e-01 3.249025e-04 5.131437e-02 -4.752682e-03 -3.250590e-04 9.999887e-01 -7.837452e+01
9.999476e-01 5.505525e-04 -1.022450e-02 5.366142e-01 -5.534100e-04 9.999998e-01 -2.765984e-04 6.036754e-02 1.022435e-02 2.822417e-04 9.999477e-01 -7.971641e+01
9.999823e-01 -3.890359e-04 5.944953e-03 7.157702e-01 3.860552e-04 9.999998e-01 5.026028e-04 4.650266e-02 -5.945148e-03 -5.002983e-04 9.999822e-01 -7.967128e+01
9.999094e-01 1.095681e-03 -1.341520e-02 2.035115e+00 -1.092885e-03 9.999994e-01 2.157752e-04 2.771415e-02 1.341543e-02 -2.010949e-04 9.999100e-01 -7.997058e+01
9.999727e-01 -7.916640e-04 7.352004e-03 1.978927e+00 7.902078e-04 9.999997e-01 2.010416e-04 2.434847e-02 -7.352161e-03 -1.952260e-04 9.999730e-01 -8.058600e+01
9.999211e-01 1.008901e-03 -1.252176e-02 2.234774e+00 -1.005036e-03 9.999994e-01 3.149855e-04 1.811670e-02 1.252207e-02 -3.023764e-04 9.999216e-01 -8.103270e+01
9.999749e-01 -8.053379e-04 7.040139e-03 2.904034e+00 8.018735e-04 9.999996e-01 4.949670e-04 -1.067741e-03 -7.040534e-03 -4.893087e-04 9.999751e-01 -8.108356e+01
9.999182e-01 1.143420e-03 -1.274207e-02 3.497640e+00 -1.140065e-03 9.999993e-01 2.705696e-04 -1.890006e-02 1.274237e-02 -2.560212e-04 9.999188e-01 -8.106840e+01
9.999713e-01 -9.588907e-04 7.520581e-03 3.602060e+00 9.579065e-04 9.999995e-01 1.345408e-04 -3.297918e-02 -7.520706e-03 -1.273324e-04 9.999717e-01 -8.095785e+01
9.999298e-01 1.059361e-03 -1.180323e-02 4.038624e+00 -1.055142e-03 9.999994e-01 3.637139e-04 -5.419914e-02 1.180360e-02 -3.512348e-04 9.999303e-01 -8.093133e+01
9.999744e-01 -8.320617e-04 7.113078e-03 4.185614e+00 8.325190e-04 9.999997e-01 -6.125801e-05 -6.354583e-02 -7.113025e-03 6.717874e-05 9.999747e-01 -8.122129e+01
9.998892e-01 1.433318e-03 -1.481990e-02 4.008549e+00 -1.425975e-03 9.999989e-01 5.060163e-04 -5.517759e-02 1.482061e-02 -4.848279e-04 9.998901e-01 -8.220435e+01
9.999704e-01 -1.165446e-03 7.600892e-03 4.102504e+00 1.163125e-03 9.999993e-01 3.098795e-04 -5.976861e-02 -7.601248e-03 -3.010291e-04 9.999711e-01 -8.222840e+01
9.999000e-01 1.424882e-03 -1.406980e-02 4.743705e+00 -1.418170e-03 9.999989e-01 4.870937e-04 -8.633627e-02 1.407048e-02 -4.670922e-04 9.999009e-01 -8.201455e+01
9.999620e-01 -1.164472e-03 8.638966e-03 5.233046e+00 1.164249e-03 9.999993e-01 3.089742e-05 -1.076300e-01 -8.638996e-03 -2.083782e-05 9.999627e-01 -8.188537e+01
9.999077e-01 1.328971e-03 -1.352419e-02 5.519610e+00 -1.323022e-03 9.999990e-01 4.488773e-04 -1.286493e-01 1.352477e-02 -4.309436e-04 9.999084e-01 -8.158976e+01
9.999615e-01 -1.176951e-03 8.700553e-03 5.784849e+00 1.176474e-03 9.999993e-01 5.997716e-05 -1.496130e-01 -8.700618e-03 -4.973836e-05 9.999621e-01 -8.122416e+01
9.999053e-01 1.382780e-03 -1.368946e-02 5.989176e+00 -1.378163e-03 9.999990e-01 3.467263e-04 -1.628274e-01 1.368993e-02 -3.278277e-04 9.999062e-01 -8.126996e+01
9.999619e-01 -1.231220e-03 8.637851e-03 6.267036e+00 1.229339e-03 9.999992e-01 2.231673e-04 -1.797574e-01 -8.638119e-03 -2.125395e-04 9.999627e-01 -8.112938e+01
9.999149e-01 1.453787e-03 -1.296763e-02 6.611121e+00 -1.450137e-03 9.999989e-01 2.909268e-04 -1.997130e-01 1.296804e-02 -2.720977e-04 9.999159e-01 -8.087668e+01
9.999677e-01 -1.264956e-03 7.934619e-03 6.862864e+00 1.262924e-03 9.999992e-01 2.611431e-04 -2.126896e-01 -7.934942e-03 -2.511134e-04 9.999685e-01 -8.094336e+01
9.999184e-01 1.512800e-03 -1.268488e-02 7.147666e+00 -1.509630e-03 9.999988e-01 2.595176e-04 -2.201792e-01 1.268526e-02 -2.403475e-04 9.999195e-01 -8.132417e+01
9.999685e-01 -1.156661e-03 7.853691e-03 7.307151e+00 1.156991e-03 9.999993e-01 -3.740035e-05 -2.187832e-01 -7.853643e-03 4.648633e-05 9.999692e-01 -8.220488e+01
9.999147e-01 1.497515e-03 -1.297131e-02 7.543455e+00 -1.491707e-03 9.999988e-01 4.575175e-04 -2.208836e-01 1.297198e-02 -4.381296e-04 9.999158e-01 -8.279749e+01
9.999726e-01 -1.141318e-03 7.319837e-03 7.684570e+00 1.142115e-03 9.999993e-01 -1.047214e-04 -2.169908e-01 -7.319712e-03 1.130791e-04 9.999732e-01 -8.385134e+01
9.999114e-01 1.655162e-03 -1.320763e-02 7.736378e+00 -1.651708e-03 9.999986e-01 2.725001e-04 -2.111596e-01 1.320807e-02 -2.506613e-04 9.999127e-01 -8.510394e+01
9.999845e-01 -1.140103e-03 5.451973e-03 7.509031e+00 1.138862e-03 9.999993e-01 2.308780e-04 -2.093306e-01 -5.452233e-03 -2.246648e-04 9.999851e-01 -8.619185e+01
9.999120e-01 1.681258e-03 -1.315613e-02 7.300082e+00 -1.678249e-03 9.999986e-01 2.398193e-04 -2.059493e-01 1.315651e-02 -2.177195e-04 9.999134e-01 -8.734925e+01
9.999837e-01 -1.003528e-03 5.628293e-03 7.149570e+00 1.003893e-03 9.999995e-01 -6.195691e-05 -1.944068e-01 -5.628228e-03 6.760660e-05 9.999842e-01 -8.912342e+01
9.999281e-01 1.636931e-03 -1.187805e-02 7.078622e+00 -1.635014e-03 9.999986e-01 1.711021e-04 -1.874665e-01 1.187832e-02 -1.516695e-04 9.999294e-01 -9.049136e+01
9.999874e-01 -1.114231e-03 4.896091e-03 7.018601e+00 1.113864e-03 9.999994e-01 7.778643e-05 -1.797093e-01 -4.896175e-03 -7.233137e-05 9.999880e-01 -9.196534e+01
9.999407e-01 1.844085e-03 -1.073313e-02 7.120169e+00 -1.845521e-03 9.999983e-01 -1.238048e-04 -1.648697e-01 1.073288e-02 1.436052e-04 9.999424e-01 -9.377951e+01
9.999821e-01 -1.563436e-03 5.774476e-03 7.319765e+00 1.560646e-03 9.999987e-01 4.877984e-04 -1.652800e-01 -5.775231e-03 -4.787773e-04 9.999832e-01 -9.448815e+01
9.999347e-01 1.878951e-03 -1.127544e-02 8.066298e+00 -1.875238e-03 9.999982e-01 3.399091e-04 -1.752111e-01 1.127606e-02 -3.187432e-04 9.999364e-01 -9.478654e+01
9.999840e-01 -1.572711e-03 5.426222e-03 8.202962e+00 1.572123e-03 9.999988e-01 1.126863e-04 -1.730692e-01 -5.426392e-03 -1.041533e-04 9.999853e-01 -9.579929e+01
9.999343e-01 2.258683e-03 -1.123931e-02 8.213833e+00 -2.259770e-03 9.999974e-01 -8.390546e-05 -1.627404e-01 1.123909e-02 1.092977e-04 9.999368e-01 -9.732556e+01
9.999758e-01 -2.010955e-03 6.660839e-03 8.547422e+00 2.007135e-03 9.999978e-01 5.801726e-04 -1.638754e-01 -6.661991e-03 -5.667889e-04 9.999776e-01 -9.789709e+01
9.999283e-01 2.297842e-03 -1.175596e-02 8.703556e+00 -2.299035e-03 9.999974e-01 -8.787710e-05 -1.678597e-01 1.175573e-02 1.148977e-04 9.999309e-01 -9.837914e+01
9.999815e-01 -1.998006e-03 5.752031e-03 8.666079e+00 1.994409e-03 9.999978e-01 6.311637e-04 -1.715428e-01 -5.753280e-03 -6.196796e-04 9.999833e-01 -9.882086e+01
9.999361e-01 2.245449e-03 -1.108250e-02 8.945342e+00 -2.245758e-03 9.999975e-01 -1.545717e-05 -1.739927e-01 1.108244e-02 4.034432e-05 9.999386e-01 -9.933801e+01
9.999804e-01 -1.914373e-03 5.965669e-03 9.163629e+00 1.911728e-03 9.999981e-01 4.491133e-04 -1.734688e-01 -5.966517e-03 -4.376993e-04 9.999821e-01 -1.000572e+02
