9.999908e-01 2.296469e-04 -4.273106e-03 4.559300e-01 -2.281210e-04 9.999999e-01 3.575831e-04 -3.286393e-02 4.273187e-03 -3.566057e-04 9.999908e-01 8.415969e-01
1.000000e+00 -8.791245e-05 2.058145e-04 7.285050e-01 8.790228e-05 1.000000e+00 4.954785e-05 -5.730605e-02 -2.058185e-04 -4.952904e-05 1.000000e+00 1.219378e+00
9.999909e-01 2.091165e-04 -4.252061e-03 9.551868e-01 -2.081980e-04 1.000000e+00 2.164760e-04 -8.124530e-02 4.252106e-03 -2.155895e-04 9.999909e-01 1.555758e+00
9.999997e-01 -1.018893e-04 7.119241e-04 1.333728e+00 1.016700e-04 9.999999e-01 3.080883e-04 -9.803649e-02 -7.119551e-04 -3.080151e-04 9.999997e-01 1.512728e+00
9.999856e-01 3.343625e-04 -5.361028e-03 1.874393e+00 -3.327691e-04 9.999999e-01 2.981146e-04 -1.143315e-01 5.361127e-03 -2.963270e-04 9.999856e-01 1.444894e+00
9.999992e-01 -1.361532e-04 1.226235e-03 2.295051e+00 1.360299e-04 1.000000e+00 1.006779e-04 -1.295512e-01 -1.226248e-03 -1.005103e-04 9.999992e-01 1.399260e+00
9.999867e-01 2.273351e-04 -5.144523e-03 2.721611e+00 -2.246430e-04 9.999998e-01 5.238597e-04 -1.426883e-01 5.144641e-03 -5.226977e-04 9.999866e-01 1.276210e+00
9.999995e-01 -1.208003e-05 9.577461e-04 3.250199e+00 1.207051e-05 1.000000e+00 9.973255e-06 -1.471535e-01 -9.577459e-04 -9.960978e-06 9.999995e-01 9.146697e-01
9.999864e-01 2.357580e-04 -5.204993e-03 3.971513e+00 -2.321252e-04 9.999997e-01 6.985471e-04 -1.432041e-01 5.205156e-03 -6.973301e-04 9.999862e-01 3.017395e-01
1.000000e+00 1.206416e-04 2.901586e-04 4.119227e+00 -1.205244e-04 9.999999e-01 -4.036841e-04 -1.439018e-01 -2.902069e-04 4.036499e-04 9.999999e-01 -3.146207e-01
9.999826e-01 8.152638e-05 -5.900223e-03 4.328384e+00 -7.640468e-05 9.999996e-01 8.682793e-04 -1.430615e-01 5.900291e-03 -8.678141e-04 9.999822e-01 -1.183885e+00
9.999995e-01 5.322129e-04 -8.546807e-04 4.669762e+00 -5.325672e-04 9.999998e-01 -4.144399e-04 -1.282095e-01 8.544603e-04 4.148955e-04 9.999995e-01 -2.872635e+00
9.999840e-01 1.753488e-04 -5.662081e-03 4.659205e+00 -1.718724e-04 9.999998e-01 6.144545e-04 -1.207912e-01 5.662187e-03 -6.134722e-04 9.999838e-01 -4.199549e+00
9.999996e-01 5.213771e-05 8.450660e-04 4.666523e+00 -5.180628e-05 9.999999e-01 -3.921596e-04 -1.319392e-01 -8.450861e-04 3.921164e-04 9.999996e-01 -4.275765e+00
9.999784e-01 1.963144e-04 -6.567901e-03 5.123238e+00 -1.903740e-04 9.999996e-01 9.050846e-04 -1.558443e-01 6.568076e-03 -9.038154e-04 9.999780e-01 -3.724517e+00
9.999999e-01 2.600634e-04 -2.485158e-04 7.096785e+00 -2.598287e-04 9.999995e-01 9.437749e-04 -1.496476e-01 2.487615e-04 -9.437096e-04 9.999995e-01 -4.739149e+00
9.999547e-01 1.062756e-03 -9.457535e-03 1.048892e+01 -1.050289e-03 9.999986e-01 1.323117e-03 -8.906070e-02 9.458927e-03 -1.313124e-03 9.999544e-01 -7.741505e+00
9.999964e-01 7.771974e-04 -2.571983e-03 1.299464e+01 -7.768612e-04 9.999997e-01 1.316890e-04 -3.478143e-02 2.572085e-03 -1.296897e-04 9.999967e-01 -1.066896e+01
9.999732e-01 2.732170e-04 -7.316727e-03 1.522117e+01 -2.601372e-04 9.999984e-01 1.788557e-03 3.402411e-03 7.317204e-03 -1.786606e-03 9.999716e-01 -1.288578e+01
9.999880e-01 1.252511e-03 -4.746383e-03 1.755697e+01 -1.252498e-03 9.999992e-01 5.747113e-06 6.146793e-02 4.746387e-03 1.985021e-07 9.999887e-01 -1.593433e+01
9.999759e-01 3.920630e-04 -6.929515e-03 2.004206e+01 -3.807228e-04 9.999986e-01 1.637764e-03 1.214215e-01 6.930147e-03 -1.635087e-03 9.999746e-01 -1.911778e+01
9.999895e-01 1.166184e-03 -4.421934e-03 2.192150e+01 -1.167424e-03 9.999993e-01 -2.779413e-04 1.612427e-01 4.421607e-03 2.831014e-04 9.999902e-01 -2.145271e+01
9.999777e-01 5.728293e-04 -6.655465e-03 2.516263e+01 -5.577384e-04 9.999973e-01 2.269085e-03 2.228099e-01 6.656746e-03 -2.265323e-03 9.999753e-01 -2.462283e+01
9.999862e-01 1.118219e-03 -5.130733e-03 2.825600e+01 -1.119628e-03 9.999993e-01 -2.718476e-04 2.816908e-01 5.130426e-03 2.775890e-04 9.999868e-01 -2.771724e+01
9.999743e-01 1.410655e-04 -7.162352e-03 2.992495e+01 -1.249863e-04 9.999975e-01 2.245382e-03 3.312153e-01 7.162651e-03 -2.244429e-03 9.999718e-01 -3.024765e+01
9.999898e-01 1.316447e-03 -4.331397e-03 3.225430e+01 -1.319829e-03 9.999988e-01 -7.781389e-04 3.963345e-01 4.330368e-03 7.838483e-04 9.999903e-01 -3.377991e+01
9.999480e-01 5.151845e-04 -1.018247e-02 3.455781e+01 -4.892802e-04 9.999966e-01 2.546341e-03 4.747740e-01 1.018374e-02 -2.541227e-03 9.999449e-01 -3.794481e+01
9.999916e-01 1.571257e-03 -3.791981e-03 3.666945e+01 -1.574982e-03 9.999983e-01 -9.797541e-04 5.496790e-01 3.790435e-03 9.857188e-04 9.999923e-01 -4.200708e+01
9.999708e-01 -2.883703e-04 -7.638632e-03 3.851987e+01 3.070697e-04 9.999970e-01 2.446951e-03 5.965527e-01 7.637903e-03 -2.449226e-03 9.999678e-01 -4.479684e+01
9.999836e-01 1.935998e-03 -5.383214e-03 4.054462e+01 -1.940509e-03 9.999978e-01 -8.329554e-04 6.581524e-01 5.381590e-03 8.433887e-04 9.999852e-01 -4.814796e+01
9.999140e-01 5.087392e-07 -1.311400e-02 4.137376e+01 4.121536e-05 9.999949e-01 3.181383e-03 7.261017e-01 1.311394e-02 -3.181651e-03 9.999089e-01 -5.083072e+01
9.999942e-01 1.667676e-03 -2.973083e-03 4.242269e+01 -1.670513e-03 9.999982e-01 -9.519227e-04 7.865000e-01 2.971490e-03 9.568845e-04 9.999951e-01 -5.349901e+01
9.998886e-01 4.644377e-05 -1.492911e-02 4.268107e+01 1.509951e-06 9.999948e-01 3.212076e-03 8.430303e-01 1.492918e-02 -3.211741e-03 9.998834e-01 -5.545224e+01
9.999949e-01 1.794399e-03 -2.639295e-03 4.376143e+01 -1.796371e-03 9.999981e-01 -7.452295e-04 9.129733e-01 2.637953e-03 7.499675e-04 9.999962e-01 -5.877943e+01
9.999010e-01 9.810476e-05 -1.406958e-02 4.515843e+01 -5.809037e-05 9.999960e-01 2.844425e-03 9.881058e-01 1.406980e-02 -2.843327e-03 9.998970e-01 -6.226861e+01
9.999782e-01 1.175672e-03 -6.491611e-03 4.421741e+01 -1.172964e-03 9.999992e-01 4.208214e-04 1.053376e+00 6.492101e-03 -4.131971e-04 9.999788e-01 -6.306639e+01
9.999097e-01 6.190186e-04 -1.342245e-02 4.492216e+01 -5.831102e-04 9.999962e-01 2.679011e-03 1.129125e+00 1.342406e-02 -2.670943e-03 9.999063e-01 -6.589208e+01
9.999653e-01 7.664278e-04 -8.291848e-03 4.361327e+01 -7.577461e-04 9.999992e-01 1.050090e-03 1.209608e+00 8.292646e-03 -1.043770e-03 9.999651e-01 -6.674294e+01
9.999512e-01 9.145574e-04 -9.837288e-03 4.489814e+01 -8.946352e-04 9.999975e-01 2.029394e-03 1.277711e+00 9.839120e-03 -2.020495e-03 9.999496e-01 -6.959168e+01
9.999853e-01 1.052051e-03 -5.321374e-03 4.698540e+01 -1.052540e-03 9.999994e-01 -8.905693e-05 1.336140e+00 5.321278e-03 9.465728e-05 9.999858e-01 -7.313175e+01
9.999464e-01 1.073957e-03 -1.030227e-02 4.880018e+01 -1.055576e-03 9.999978e-01 1.789477e-03 1.405460e+00 1.030417e-02 -1.778507e-03 9.999453e-01 -7.714108e+01
9.999808e-01 1.119943e-03 -6.100521e-03 5.103172e+01 -1.116558e-03 9.999992e-01 5.580844e-04 1.469792e+00 6.101141e-03 -5.512614e-04 9.999812e-01 -8.059339e+01
9.999440e-01 8.106553e-04 -1.055432e-02 5.279168e+01 -7.920403e-04 9.999981e-01 1.767807e-03 1.534220e+00 1.055573e-02 -1.759349e-03 9.999427e-01 -8.401138e+01
9.999773e-01 1.275188e-03 -6.615698e-03 5.398706e+01 -1.272943e-03 9.999991e-01 3.434654e-04 1.597031e+00 6.616130e-03 -3.350355e-04 9.999781e-01 -8.724599e+01
9.998902e-01 1.594301e-04 -1.481646e-02 5.265385e+01 -1.241696e-04 9.999972e-01 2.380719e-03 1.654642e+00 1.481680e-02 -2.378619e-03 9.998874e-01 -8.846822e+01
9.999657e-01 1.687569e-04 8.286148e-03 5.269552e+01 -1.560140e-04 9.999988e-01 -1.538449e-03 1.636922e+00 -8.286397e-03 1.537104e-03 9.999645e-01 -8.748421e+01
9.997968e-01 4.135622e-04 -2.015197e-02 5.213212e+01 -3.489905e-04 9.999948e-01 3.207657e-03 1.641740e+00 2.015319e-02 -3.199973e-03 9.997918e-01 -8.723672e+01
9.999742e-01 1.572395e-04 7.187115e-03 5.129218e+01 -1.466928e-04 9.999989e-01 -1.467928e-03 1.659940e+00 -7.187338e-03 1.466836e-03 9.999731e-01 -8.714803e+01
9.998829e-01 2.359677e-04 -1.530114e-02 5.095329e+01 -1.974497e-04 9.999968e-01 2.518802e-03 1.656404e+00 1.530168e-02 -2.515487e-03 9.998798e-01 -8.650773e+01
9.999685e-01 7.384948e-05 7.942519e-03 5.065113e+01 -5.983640e-05 9.999984e-01 -1.764507e-03 1.647031e+00 -7.942637e-03 1.763977e-03 9.999669e-01 -8.610843e+01
9.998936e-01 3.054929e-04 -1.458340e-02 5.044600e+01 -2.692183e-04 9.999969e-01 2.489303e-03 1.636197e+00 1.458411e-02 -2.485113e-03 9.998906e-01 -8.499564e+01
9.999467e-01 -2.041488e-04 1.032587e-02 5.073617e+01 2.239932e-04 9.999981e-01 -1.920673e-03 1.602093e+00 -1.032546e-02 1.922884e-03 9.999448e-01 -8.403363e+01
9.998819e-01 5.123351e-04 -1.536131e-02 5.146490e+01 -4.695770e-04 9.999960e-01 2.786983e-03 1.597067e+00 1.536268e-02 -2.779441e-03 9.998781e-01 -8.441733e+01
9.999533e-01 -7.428919e-05 9.668964e-03 5.175191e+01 9.547619e-05 9.999976e-01 -2.190772e-03 1.593168e+00 -9.668777e-03 2.191593e-03 9.999509e-01 -8.494413e+01
9.998702e-01 3.956473e-04 -1.610609e-02 5.179187e+01 -3.481422e-04 9.999956e-01 2.952226e-03 1.589924e+00 1.610719e-02 -2.946236e-03 9.998659e-01 -8.514241e+01
9.999256e-01 -2.060756e-04 1.219882e-02 5.193818e+01 2.389904e-04 9.999963e-01 -2.696772e-03 1.563773e+00 -1.219822e-02 2.699488e-03 9.999220e-01 -8.427614e+01
9.998670e-01 3.130443e-04 -1.630887e-02 5.205267e+01 -2.607673e-04 9.999948e-01 3.207472e-03 1.539136e+00 1.630979e-02 -3.202793e-03 9.998619e-01 -8.343699e+01
9.999568e-01 -2.871555e-05 9.294246e-03 5.174473e+01 4.967884e-05 9.999975e-01 -2.255265e-03 1.541363e+00 -9.294158e-03 2.255630e-03 9.999543e-01 -8.321686e+01
9.998422e-01 3.587740e-04 -1.776150e-02 5.129732e+01 -2.967282e-04 9.999938e-01 3.495794e-03 1.551993e+00 1.776265e-02 -3.489973e-03 9.998361e-01 -8.312915e+01
9.999631e-01 1.667200e-04 8.588555e-03 5.089161e+01 -1.479257e-04 9.999976e-01 -2.188858e-03 1.565185e+00 -8.588899e-03 2.187508e-03 9.999607e-01 -8.344352e+01
9.998138e-01 4.979126e-04 -1.929015e-02 5.015577e+01 -4.288712e-04 9.999935e-01 3.583082e-03 1.593307e+00 1.929181e-02 -3.574142e-03 9.998075e-01 -8.396580e+01
9.999650e-01 2.634632e-04 8.367302e-03 4.945808e+01 -2.452029e-04 9.999976e-01 -2.183262e-03 1.620394e+00 -8.367857e-03 2.181135e-03 9.999626e-01 -8.454430e+01
9.998692e-01 2.254785e-04 -1.617180e-02 4.931816e+01 -1.751365e-04 9.999951e-01 3.114315e-03 1.629544e+00 1.617243e-02 -3.111076e-03 9.998644e-01 -8.513145e+01
9.999615e-01 2.923824e-04 8.772729e-03 4.925345e+01 -2.722509e-04 9.999973e-01 -2.295855e-03 1.636709e+00 -8.773376e-03 2.293379e-03 9.999589e-01 -8.584739e+01
9.998649e-01 1.839952e-04 -1.643904e-02 4.925461e+01 -1.313437e-04 9.999949e-01 3.203867e-03 1.644818e+00 1.643955e-02 -3.201275e-03 9.998597e-01 -8.644239e+01
9.999447e-01 1.634349e-04 1.051456e-02 4.951651e+01 -1.370808e-04 9.999968e-01 -2.507094e-03 1.642604e+00 -1.051494e-02 2.505515e-03 9.999416e-01 -8.687080e+01
9.998738e-01 2.077494e-04 -1.588778e-02 4.995483e+01 -1.571352e-04 9.999949e-01 3.186929e-03 1.639468e+00 1.588836e-02 -3.184031e-03 9.998687e-01 -8.731452e+01
9.999551e-01 3.129688e-04 9.466413e-03 4.999902e+01 -2.872778e-04 9.999963e-01 -2.715124e-03 1.641620e+00 -9.467227e-03 2.712283e-03 9.999515e-01 -8.821619e+01
9.998832e-01 1.360571e-04 -1.528432e-02 5.010783e+01 -8.927656e-05 9.999953e-01 3.061348e-03 1.643154e+00 1.528466e-02 -3.059627e-03 9.998785e-01 -8.910248e+01
9.999485e-01 4.172230e-04 1.014495e-02 5.089793e+01 -3.941872e-04 9.999973e-01 -2.272528e-03 1.645638e+00 -1.014587e-02 2.268412e-03 9.999460e-01 -8.977419e+01
9.998709e-01 8.731138e-05 -1.606872e-02 5.129316e+01 -4.134088e-05 9.999959e-01 2.861194e-03 1.649489e+00 1.606891e-02 -2.860161e-03 9.998668e-01 -9.060986e+01
9.999538e-01 5.713219e-04 9.597216e-03 5.133480e+01 -5.469380e-04 9.999966e-01 -2.543137e-03 1.657313e+00 -9.598636e-03 2.537771e-03 9.999507e-01 -9.196293e+01
9.998755e-01 3.753111e-05 -1.577928e-02 5.131831e+01 6.082910e-06 9.999962e-01 2.763965e-03 1.662853e+00 1.577932e-02 -2.763717e-03 9.998717e-01 -9.320440e+01
9.999483e-01 4.129048e-04 1.016015e-02 5.136178e+01 -3.877643e-04 9.999969e-01 -2.476240e-03 1.664347e+00 -1.016114e-02 2.472173e-03 9.999453e-01 -9.416617e+01
9.998651e-01 1.343122e-04 -1.642429e-02 5.138105e+01 -8.771957e-05 9.999960e-01 2.837513e-03 1.668659e+00 1.642460e-02 -2.835691e-03 9.998611e-01 -9.525644e+01
9.999515e-01 3.571728e-04 9.837278e-03 5.143722e+01 -3.333781e-04 9.999970e-01 -2.420343e-03 1.670883e+00 -9.838113e-03 2.416947e-03 9.999487e-01 -9.603749e+01
9.998741e-01 1.850190e-04 -1.586523e-02 5.149504e+01 -1.423192e-04 9.999964e-01 2.692512e-03 1.675295e+00 1.586567e-02 -2.689915e-03 9.998705e-01 -9.713231e+01
9.999622e-01 4.864765e-04 8.685942e-03 5.137366e+01 -4.661821e-04 9.999972e-01 -2.338306e-03 1.681721e+00 -8.687055e-03 2.334169e-03 9.999595e-01 -9.839779e+01
9.998752e-01 3.771576e-05 -1.579596e-02 5.124694e+01 4.782557e-06 9.999964e-01 2.690425e-03 1.683973e+00 1.579601e-02 -2.690166e-03 9.998716e-01 -9.944814e+01
9.999508e-01 5.506415e-04 9.907778e-03 5.178882e+01 -5.310685e-04 9.999979e-01 -1.978014e-03 1.690821e+00 -9.908846e-03 1.972656e-03 9.999490e-01 -1.003437e+02
9.998492e-01 4.042551e-05 -1.736736e-02 5.199420e+01 7.972114e-06 9.999961e-01 2.786637e-03 1.702275e+00 1.736740e-02 -2.786356e-03 9.998453e-01 -1.012034e+02
9.999596e-01 5.428894e-04 8.968518e-03 5.201911e+01 -5.278874e-04 9.999985e-01 -1.674991e-03 1.717290e+00 -8.969414e-03 1.670190e-03 9.999584e-01 -1.017904e+02
9.998451e-01 -2.072490e-05 -1.760323e-02 5.172136e+01 6.931701e-05 9.999962e-01 2.759819e-03 1.735394e+00 1.760310e-02 -2.760613e-03 9.998412e-01 -1.022353e+02
9.999518e-01 5.888360e-04 9.802185e-03 5.147695e+01 -5.701010e-04 9.999980e-01 -1.913962e-03 1.748768e+00 -9.803293e-03 1.908282e-03 9.999501e-01 -1.028942e+02
9.998224e-01 4.464742e-05 -1.884489e-02 5.100372e+01 1.191020e-05 9.999955e-01 3.001111e-03 1.768025e+00 1.884494e-02 -3.000803e-03 9.998179e-01 -1.034440e+02
9.999328e-01 2.524569e-04 1.159203e-02 5.086546e+01 -2.284877e-04 9.999978e-01 -2.068987e-03 1.772858e+00 -1.159252e-02 2.066200e-03 9.999307e-01 -1.034093e+02
9.998412e-01 8.248517e-05 -1.782044e-02 5.127442e+01 -3.011120e-05 9.999957e-01 2.939247e-03 1.765932e+00 1.782061e-02 -2.938245e-03 9.998369e-01 -1.035820e+02
9.999564e-01 4.739583e-04 9.326048e-03 5.090591e+01 -4.570866e-04 9.999983e-01 -1.811107e-03 1.782447e+00 -9.326890e-03 1.806766e-03 9.999549e-01 -1.039748e+02
9.998499e-01 -4.821989e-05 -1.732395e-02 5.063738e+01 9.714849e-05 9.999960e-01 2.823518e-03 1.795474e+00 1.732375e-02 -2.824778e-03 9.998459e-01 -1.042069e+02
9.999611e-01 5.283436e-04 8.804229e-03 5.037648e+01 -5.140418e-04 9.999985e-01 -1.626581e-03 1.811522e+00 -8.805076e-03 1.621993e-03 9.999599e-01 -1.042377e+02
9.998557e-01 1.812954e-05 -1.698826e-02 5.017509e+01 2.874845e-05 9.999962e-01 2.759204e-03 1.829519e+00 1.698824e-02 -2.759295e-03 9.998519e-01 -1.045590e+02
9.999549e-01 4.662607e-04 9.484842e-03 5.042162e+01 -4.502733e-04 9.999985e-01 -1.687613e-03 1.838666e+00 -9.485614e-03 1.683267e-03 9.999536e-01 -1.051074e+02
9.998446e-01 -1.496760e-04 -1.762872e-02 5.000759e+01 1.990103e-04 9.999961e-01 2.796816e-03 1.851976e+00 1.762823e-02 -2.799891e-03 9.998407e-01 -1.050650e+02
9.999251e-01 4.176439e-04 1.223218e-02 4.989538e+01 -3.943243e-04 9.999981e-01 -1.908736e-03 1.854349e+00 -1.223296e-02 1.903770e-03 9.999234e-01 -1.046895e+02
9.998051e-01 -3.961775e-05 -1.974393e-02 4.994956e+01 9.970450e-05 9.999954e-01 3.042343e-03 1.861399e+00 1.974372e-02 -3.043719e-03 9.998004e-01 -1.048412e+02
9.999269e-01 3.923451e-04 1.208823e-02 4.996391e+01 -3.692300e-04 9.999981e-01 -1.914343e-03 1.867236e+00 -1.208896e-02 1.909740e-03 9.999251e-01 -1.050107e+02
9.998125e-01 7.322352e-05 -1.936299e-02 5.014443e+01 -1.652311e-05 9.999957e-01 2.928448e-03 1.872039e+00 1.936312e-02 -2.927579e-03 9.998082e-01 -1.053771e+02
9.999159e-01 3.245054e-04 1.296427e-02 5.048646e+01 -3.005691e-04 9.999982e-01 -1.848208e-03 1.876639e+00 -1.296485e-02 1.844156e-03 9.999143e-01 -1.055354e+02
9.997841e-01 6.035220e-06 -2.078003e-02 5.099210e+01 5.815384e-05 9.999952e-01 3.088387e-03 1.878747e+00 2.077995e-02 -3.088930e-03 9.997793e-01 -1.055495e+02
9.999057e-01 4.442400e-04 1.372348e-02 5.189320e+01 -4.170703e-04 9.999979e-01 -1.982575e-03 1.862658e+00 -1.372433e-02 1.976665e-03 9.999039e-01 -1.056004e+02
9.998094e-01 -1.413355e-04 -1.952209e-02 5.251080e+01 1.962297e-04 9.999960e-01 2.810031e-03 1.838976e+00 1.952161e-02 -2.813327e-03 9.998055e-01 -1.053942e+02
9.999198e-01 5.630384e-04 1.264825e-02 5.285519e+01 -5.423439e-04 9.999985e-01 -1.639496e-03 1.840536e+00 -1.264916e-02 1.632506e-03 9.999187e-01 -1.054345e+02
9.998085e-01 -2.187695e-04 -1.956937e-02 5.364441e+01 2.722392e-04 9.999962e-01 2.729710e-03 1.830880e+00 1.956869e-02 -2.734516e-03 9.998048e-01 -1.055912e+02
9.999208e-01 7.617158e-04 1.256171e-02 5.468731e+01 -7.435168e-04 9.999987e-01 -1.453350e-03 1.822764e+00 -1.256280e-02 1.443895e-03 9.999200e-01 -1.059219e+02
9.998202e-01 -3.686966e-04 -1.895670e-02 5.537183e+01 4.157633e-04 9.999968e-01 2.478991e-03 1.822970e+00 1.895573e-02 -2.486427e-03 9.998172e-01 -1.062172e+02
9.999279e-01 7.082146e-04 1.198796e-02 5.580059e+01 -6.925394e-04 9.999989e-01 -1.311645e-03 1.826999e+00 -1.198887e-02 1.303249e-03 9.999273e-01 -1.063783e+02
9.998118e-01 -2.353270e-04 -1.939857e-02 5.575962e+01 2.838164e-04 9.999968e-01 2.496940e-03 1.842725e+00 1.939792e-02 -2.501977e-03 9.998087e-01 -1.063496e+02
9.999173e-01 4.978496e-04 1.284981e-02 5.573446e+01 -4.806646e-04 9.999990e-01 -1.340404e-03 1.850182e+00 -1.285046e-02 1.334117e-03 9.999165e-01 -1.061861e+02
9.998242e-01 -1.017362e-04 -1.875189e-02 5.653276e+01 1.459068e-04 9.999972e-01 2.354191e-03 1.845116e+00 1.875160e-02 -2.356514e-03 9.998214e-01 -1.065332e+02
9.999182e-01 5.502234e-04 1.277975e-02 5.740737e+01 -5.332926e-04 9.999990e-01 -1.328161e-03 1.841610e+00 -1.278047e-02 1.321238e-03 9.999175e-01 -1.069531e+02
9.998315e-01 -1.614546e-04 -1.835428e-02 5.823927e+01 2.031506e-04 9.999974e-01 2.269909e-03 1.836587e+00 1.835387e-02 -2.273256e-03 9.998290e-01 -1.073441e+02
9.999263e-01 5.670576e-04 1.213054e-02 5.907601e+01 -5.508213e-04 9.999989e-01 -1.341731e-03 1.822869e+00 -1.213129e-02 1.334951e-03 9.999255e-01 -1.073766e+02
9.998226e-01 -1.191617e-04 -1.883437e-02 5.994333e+01 1.631339e-04 9.999973e-01 2.333177e-03 1.802065e+00 1.883404e-02 -2.335837e-03 9.998199e-01 -1.073485e+02
9.999346e-01 6.399604e-04 1.141869e-02 6.116809e+01 -6.288355e-04 9.999993e-01 -9.777983e-04 1.777065e+00 -1.141930e-02 9.705545e-04 9.999343e-01 -1.073862e+02
9.998423e-01 -9.804176e-05 -1.775979e-02 6.225814e+01 1.351824e-04 9.999978e-01 2.090108e-03 1.767494e+00 1.775955e-02 -2.092180e-03 9.998401e-01 -1.077802e+02
9.999279e-01 5.349202e-04 1.199494e-02 6.271754e+01 -5.180236e-04 9.999989e-01 -1.411674e-03 1.771336e+00 -1.199569e-02 1.405359e-03 9.999271e-01 -1.085765e+02
9.998366e-01 -6.404068e-05 -1.807435e-02 6.320181e+01 1.021685e-04 9.999978e-01 2.108605e-03 1.775121e+00 1.807418e-02 -2.110108e-03 9.998344e-01 -1.093638e+02
9.999243e-01 4.834462e-04 1.229268e-02 6.381949e+01 -4.671208e-04 9.999990e-01 -1.330862e-03 1.776471e+00 -1.229332e-02 1.325020e-03 9.999236e-01 -1.099506e+02
9.998417e-01 -6.963050e-05 -1.779128e-02 6.464844e+01 1.097359e-04 9.999975e-01 2.253272e-03 1.775384e+00 1.779108e-02 -2.254869e-03 9.998392e-01 -1.104383e+02
9.999248e-01 4.515182e-04 1.225356e-02 6.528699e+01 -4.338872e-04 9.999989e-01 -1.441431e-03 1.775223e+00 -1.225420e-02 1.436007e-03 9.999239e-01 -1.109753e+02
9.998412e-01 -8.358856e-05 -1.782111e-02 6.608809e+01 1.256163e-04 9.999972e-01 2.357224e-03 1.773158e+00 1.782086e-02 -2.359089e-03 9.998384e-01 -1.114131e+02
9.999284e-01 4.382940e-04 1.195549e-02 6.684393e+01 -4.213267e-04 9.999989e-01 -1.421659e-03 1.766576e+00 -1.195610e-02 1.416521e-03 9.999275e-01 -1.117292e+02
9.998448e-01 -5.218357e-05 -1.761984e-02 6.736148e+01 8.969426e-05 9.999977e-01 2.128127e-03 1.767936e+00 1.761969e-02 -2.129378e-03 9.998425e-01 -1.123615e+02
9.999369e-01 4.937104e-04 1.122278e-02 6.759412e+01 -4.775827e-04 9.999988e-01 -1.439649e-03 1.765388e+00 -1.122348e-02 1.434199e-03 9.999360e-01 -1.126472e+02
9.997956e-01 5.362094e-06 -2.021819e-02 6.711781e+01 4.735485e-05 9.999966e-01 2.606940e-03 1.785308e+00 2.021814e-02 -2.607365e-03 9.997922e-01 -1.127317e+02
9.999126e-01 4.504083e-04 1.321236e-02 6.709727e+01 -4.271790e-04 9.999984e-01 -1.760891e-03 1.793712e+00 -1.321313e-02 1.755093e-03 9.999112e-01 -1.130889e+02
9.998276e-01 -1.013599e-04 -1.857015e-02 6.718567e+01 1.434963e-04 9.999974e-01 2.267743e-03 1.791236e+00 1.856987e-02 -2.270018e-03 9.998250e-01 -1.132375e+02
9.998998e-01 2.734866e-04 1.415166e-02 6.729049e+01 -2.494636e-04 9.999985e-01 -1.699251e-03 1.780687e+00 -1.415211e-02 1.695551e-03 9.998984e-01 -1.128478e+02
9.998187e-01 -1.148899e-04 -1.904159e-02 6.738939e+01 1.596919e-04 9.999972e-01 2.351368e-03 1.770344e+00 1.904127e-02 -2.353983e-03 9.998159e-01 -1.125877e+02
9.998912e-01 2.482380e-04 1.475133e-02 6.742545e+01 -2.212659e-04 9.999983e-01 -1.830025e-03 1.756671e+00 -1.475176e-02 1.826563e-03 9.998895e-01 -1.121848e+02
9.997737e-01 4.657090e-05 -2.127204e-02 6.719086e+01 1.039072e-05 9.999964e-01 2.677668e-03 1.757035e+00 2.127209e-02 -2.677284e-03 9.997701e-01 -1.119941e+02
9.999239e-01 4.845397e-04 1.232731e-02 6.659054e+01 -4.671440e-04 9.999989e-01 -1.413960e-03 1.779355e+00 -1.232798e-02 1.408095e-03 9.999230e-01 -1.120936e+02
9.997716e-01 5.912364e-05 -2.137181e-02 6.599221e+01 -2.516737e-06 9.999965e-01 2.648706e-03 1.804168e+00 2.137189e-02 -2.648048e-03 9.997681e-01 -1.123657e+02
9.999046e-01 3.597586e-04 1.380906e-02 6.568967e+01 -3.369235e-04 9.999986e-01 -1.655893e-03 1.820078e+00 -1.380963e-02 1.651083e-03 9.999033e-01 -1.124762e+02
9.997544e-01 1.817096e-05 -2.216177e-02 6.511917e+01 4.352772e-05 9.999961e-01 2.783546e-03 1.838877e+00 2.216173e-02 -2.783828e-03 9.997505e-01 -1.122480e+02
9.999370e-01 5.183288e-04 1.121658e-02 6.429411e+01 -5.050117e-04 9.999992e-01 -1.190031e-03 1.866310e+00 -1.121718e-02 1.184292e-03 9.999364e-01 -1.123055e+02
9.998276e-01 -1.017499e-04 -1.856588e-02 6.409653e+01 1.377154e-04 9.999981e-01 1.935931e-03 1.872602e+00 1.856564e-02 -1.938155e-03 9.998258e-01 -1.127771e+02
9.999094e-01 4.530679e-04 1.345074e-02 6.430249e+01 -4.326516e-04 9.999988e-01 -1.520698e-03 1.872921e+00 -1.345142e-02 1.514742e-03 9.999084e-01 -1.134689e+02
9.997987e-01 2.761966e-05 -2.006215e-02 6.426148e+01 1.580312e-05 9.999977e-01 2.164271e-03 1.878779e+00 2.006216e-02 -2.164154e-03 9.997964e-01 -1.140659e+02
9.999321e-01 5.587297e-04 1.164061e-02 6.393306e+01 -5.447473e-04 9.999991e-01 -1.204280e-03 1.892618e+00 -1.164127e-02 1.197858e-03 9.999315e-01 -1.146750e+02
9.998471e-01 -1.569501e-04 -1.748841e-02 6.431396e+01 1.894592e-04 9.999983e-01 1.857277e-03 1.894641e+00 1.748809e-02 -1.860307e-03 9.998453e-01 -1.153277e+02
9.999302e-01 5.813811e-04 1.180343e-02 6.495241e+01 -5.681808e-04 9.999992e-01 -1.121631e-03 1.900733e+00 -1.180407e-02 1.114847e-03 9.999297e-01 -1.161056e+02
9.998382e-01 -5.260152e-05 -1.798731e-02 6.512249e+01 8.150801e-05 9.999987e-01 1.606342e-03 1.906938e+00 1.798721e-02 -1.607549e-03 9.998369e-01 -1.170077e+02
9.999501e-01 6.452290e-04 9.965753e-03 6.491347e+01 -6.379296e-04 9.999995e-01 -7.355617e-04 1.918224e+00 -9.966223e-03 7.291681e-04 9.999501e-01 -1.177004e+02
9.998541e-01 -9.850695e-05 -1.708364e-02 6.486327e+01 1.212071e-04 9.999991e-01 1.327759e-03 1.923896e+00 1.708350e-02 -1.329637e-03 9.998532e-01 -1.185501e+02
9.999324e-01 5.467033e-04 1.161814e-02 6.500723e+01 -5.355678e-04 9.999994e-01 -9.615120e-04 1.926467e+00 -1.161866e-02 9.552253e-04 9.999320e-01 -1.194064e+02
9.998536e-01 -1.221446e-04 -1.710897e-02 6.525837e+01 1.471547e-04 9.999989e-01 1.460583e-03 1.927347e+00 1.710877e-02 -1.462887e-03 9.998526e-01 -1.200680e+02
9.999348e-01 5.103510e-04 1.140405e-02 6.546559e+01 -4.992788e-04 9.999994e-01 -9.736836e-04 1.928009e+00 -1.140454e-02 9.679269e-04 9.999345e-01 -1.207783e+02
9.998206e-01 -2.750324e-06 -1.894025e-02 6.535521e+01 2.954716e-05 9.999990e-01 1.414551e-03 1.932380e+00 1.894023e-02 -1.414858e-03 9.998196e-01 -1.220886e+02
9.999245e-01 6.774453e-04 1.226636e-02 6.530086e+01 -6.619349e-04 9.999990e-01 -1.268449e-03 1.941770e+00 -1.226720e-02 1.260234e-03 9.999240e-01 -1.235735e+02
9.998401e-01 -2.254549e-04 -1.787940e-02 6.561560e+01 2.573075e-04 9.999984e-01 1.779268e-03 1.946482e+00 1.787897e-02 -1.783585e-03 9.998386e-01 -1.244869e+02
9.999349e-01 6.619531e-04 1.139131e-02 6.567545e+01 -6.489561e-04 9.999991e-01 -1.144575e-03 1.946887e+00 -1.139206e-02 1.137109e-03 9.999345e-01 -1.251022e+02
9.998105e-01 -3.001234e-04 -1.946237e-02 6.536340e+01 3.414819e-04 9.999977e-01 2.121782e-03 1.954504e+00 1.946169e-02 -2.128027e-03 9.998083e-01 -1.253277e+02
9.999194e-01 5.519929e-04 1.268544e-02 6.532335e+01 -5.370248e-04 9.999992e-01 -1.183285e-03 1.955791e+00 -1.268608e-02 1.176378e-03 9.999188e-01 -1.252912e+02
9.997985e-01 -1.435482e-04 -2.007394e-02 6.521975e+01 1.864458e-04 9.999977e-01 2.135146e-03 1.962390e+00 2.007359e-02 -2.138460e-03 9.997962e-01 -1.255524e+02
9.998938e-01 4.273331e-04 1.456823e-02 6.547102e+01 -4.062540e-04 9.999989e-01 -1.449824e-03 1.958795e+00 -1.456883e-02 1.443752e-03 9.998928e-01 -1.259109e+02
9.997946e-01 -1.535295e-04 -2.026576e-02 6.594332e+01 2.002099e-04 9.999973e-01 2.301425e-03 1.935556e+00 2.026535e-02 -2.305010e-03 9.997920e-01 -1.257205e+02
9.998921e-01 3.603491e-04 1.468847e-02 6.633415e+01 -3.391926e-04 9.999989e-01 -1.442779e-03 1.920619e+00 -1.468897e-02 1.437642e-03 9.998911e-01 -1.256153e+02
9.997946e-01 -5.770037e-05 -2.026810e-02 6.688014e+01 1.062261e-04 9.999971e-01 2.393143e-03 1.896854e+00 2.026790e-02 -2.394805e-03 9.997917e-01 -1.253751e+02
9.999058e-01 4.937526e-04 1.371359e-02 6.734020e+01 -4.731670e-04 9.999988e-01 -1.504282e-03 1.878755e+00 -1.371432e-02 1.497652e-03 9.999048e-01 -1.246300e+02
9.997841e-01 -5.944218e-05 -2.078048e-02 6.783722e+01 1.165455e-04 9.999962e-01 2.746750e-03 1.866993e+00 2.078024e-02 -2.748579e-03 9.997803e-01 -1.237855e+02
9.999187e-01 5.086229e-04 1.274397e-02 6.905786e+01 -4.911042e-04 9.999989e-01 -1.377720e-03 1.829420e+00 -1.274466e-02 1.371350e-03 9.999178e-01 -1.234412e+02
9.997951e-01 -4.269521e-05 -2.024189e-02 7.006347e+01 9.228743e-05 9.999970e-01 2.449074e-03 1.788775e+00 2.024173e-02 -2.450441e-03 9.997921e-01 -1.229340e+02
9.998995e-01 4.022038e-04 1.417109e-02 7.033205e+01 -3.788912e-04 9.999986e-01 -1.647698e-03 1.773329e+00 -1.417173e-02 1.642164e-03 9.998982e-01 -1.222777e+02
9.998023e-01 -4.740200e-05 -1.988172e-02 7.081438e+01 9.844402e-05 9.999967e-01 2.566336e-03 1.746423e+00 1.988153e-02 -2.567786e-03 9.997990e-01 -1.215995e+02
9.998992e-01 3.945906e-04 1.419281e-02 7.120245e+01 -3.692608e-04 9.999983e-01 -1.787232e-03 1.718975e+00 -1.419349e-02 1.781812e-03 9.998977e-01 -1.209502e+02
9.997655e-01 2.283043e-04 -2.165263e-02 7.081918e+01 -1.571914e-04 9.999946e-01 3.285930e-03 1.749629e+00 2.165326e-02 -3.281757e-03 9.997602e-01 -1.201633e+02
9.999012e-01 1.025133e-04 1.405947e-02 7.107915e+01 -7.452012e-05 9.999980e-01 -1.991534e-03 1.745880e+00 -1.405964e-02 1.990290e-03 9.998992e-01 -1.194767e+02
9.997816e-01 2.439581e-04 -2.089871e-02 7.186462e+01 -1.801954e-04 9.999953e-01 3.052884e-03 1.716241e+00 2.089935e-02 -3.048452e-03 9.997769e-01 -1.191846e+02
9.998953e-01 8.784139e-05 1.447163e-02 7.252551e+01 -5.829810e-05 9.999979e-01 -2.041839e-03 1.692023e+00 -1.447178e-02 2.040782e-03 9.998932e-01 -1.189277e+02
9.997724e-01 3.145787e-04 -2.133279e-02 7.322885e+01 -2.493716e-04 9.999953e-01 3.059277e-03 1.664829e+00 2.133365e-02 -3.053261e-03 9.997677e-01 -1.184208e+02
9.998957e-01 -3.182184e-05 1.444155e-02 7.425162e+01 5.602774e-05 9.999986e-01 -1.675694e-03 1.628800e+00 -1.444148e-02 1.676329e-03 9.998943e-01 -1.180915e+02
9.997528e-01 6.242436e-04 -2.222565e-02 7.559681e+01 -5.566408e-04 9.999952e-01 3.047734e-03 1.588541e+00 2.222744e-02 -3.034609e-03 9.997483e-01 -1.178570e+02
9.998778e-01 -2.808270e-04 1.562921e-02 7.620492e+01 3.149913e-04 9.999976e-01 -2.183477e-03 1.561697e+00 -1.562856e-02 2.188134e-03 9.998755e-01 -1.175073e+02
9.997403e-01 6.726366e-04 -2.277782e-02 7.608062e+01 -5.921686e-04 9.999936e-01 3.539314e-03 1.576230e+00 2.278006e-02 -3.524907e-03 9.997343e-01 -1.172543e+02
9.998626e-01 -3.232947e-04 1.657569e-02 7.680984e+01 3.629912e-04 9.999971e-01 -2.391883e-03 1.549544e+00 -1.657487e-02 2.397571e-03 9.998598e-01 -1.169588e+02
9.997242e-01 7.861295e-04 -2.347308e-02 7.771890e+01 -7.052019e-04 9.999938e-01 3.455778e-03 1.511516e+00 2.347565e-02 -3.438272e-03 9.997185e-01 -1.164811e+02
9.998546e-01 -3.810509e-04 1.704835e-02 7.847671e+01 4.220083e-04 9.999970e-01 -2.398862e-03 1.478301e+00 -1.704738e-02 2.405709e-03 9.998518e-01 -1.160025e+02
9.997024e-01 8.674802e-04 -2.437943e-02 7.909186e+01 -7.858757e-04 9.999941e-01 3.356669e-03 1.458394e+00 2.438220e-02 -3.336511e-03 9.996971e-01 -1.153465e+02
9.998715e-01 -2.972813e-04 1.602894e-02 7.917316e+01 3.316274e-04 9.999977e-01 -2.140110e-03 1.467700e+00 -1.602827e-02 2.145151e-03 9.998692e-01 -1.146121e+02
9.996320e-01 1.069784e-03 -2.710710e-02 7.827311e+01 -9.557852e-04 9.999906e-01 4.218136e-03 1.522028e+00 2.711136e-02 -4.190675e-03 9.996236e-01 -1.141099e+02
9.998004e-01 -5.906417e-04 1.997097e-02 7.894819e+01 6.496891e-04 9.999954e-01 -2.950274e-03 1.502342e+00 -1.996914e-02 2.962660e-03 9.997962e-01 -1.134454e+02
9.994353e-01 1.778574e-03 -3.355328e-02 8.199486e+01 -1.602092e-03 9.999847e-01 5.285916e-03 1.406944e+00 3.356217e-02 -5.229177e-03 9.994230e-01 -1.123958e+02
9.996430e-01 -1.236627e-03 2.668811e-02 8.255593e+01 1.348032e-03 9.999905e-01 -4.156729e-03 1.379256e+00 -2.668271e-02 4.191222e-03 9.996352e-01 -1.115420e+02
9.994348e-01 1.588157e-03 -3.357832e-02 8.270833e+01 -1.420629e-03 9.999864e-01 5.012451e-03 1.378359e+00 3.358582e-02 -4.961916e-03 9.994235e-01 -1.119075e+02
9.995675e-01 -8.975182e-04 2.939444e-02 8.338637e+01 1.039934e-03 9.999878e-01 -4.830031e-03 1.395773e+00 -2.938974e-02 4.858511e-03 9.995562e-01 -1.134024e+02
9.992939e-01 1.630623e-03 -3.753837e-02 8.542024e+01 -1.370219e-03 9.999748e-01 6.961706e-03 1.363334e+00 3.754878e-02 -6.905355e-03 9.992709e-01 -1.136760e+02
9.996887e-01 -3.055009e-04 2.494860e-02 8.838981e+01 4.161114e-04 9.999901e-01 -4.428444e-03 1.296477e+00 -2.494700e-02 4.437447e-03 9.996789e-01 -1.133857e+02
9.993616e-01 1.360842e-03 -3.570192e-02 9.090156e+01 -1.120485e-03 9.999766e-01 6.751504e-03 1.222303e+00 3.571027e-02 -6.707190e-03 9.993397e-01 -1.125477e+02
9.998118e-01 1.472378e-04 1.939776e-02 9.514451e+01 -8.145044e-05 9.999942e-01 -3.392212e-03 1.092828e+00 -1.939815e-02 3.389994e-03 9.998061e-01 -1.110050e+02
9.994484e-01 1.059823e-03 -3.319320e-02 9.806054e+01 -8.695671e-04 9.999831e-01 5.745711e-03 1.018141e+00 3.319873e-02 -5.713678e-03 9.994324e-01 -1.102512e+02
9.996723e-01 -4.136586e-04 2.559537e-02 9.844958e+01 5.291872e-04 9.999897e-01 -4.507022e-03 1.023320e+00 -2.559324e-02 4.519090e-03 9.996622e-01 -1.100524e+02
9.992689e-01 1.927005e-03 -3.818423e-02 9.700680e+01 -1.658436e-03 9.999737e-01 7.063944e-03 1.135726e+00 3.819684e-02 -6.995454e-03 9.992457e-01 -1.084945e+02
9.997227e-01 -9.060200e-04 2.353012e-02 9.553294e+01 1.002178e-03 9.999912e-01 -4.075117e-03 1.250096e+00 -2.352622e-02 4.097569e-03 9.997148e-01 -1.071130e+02
9.994261e-01 1.717633e-03 -3.383135e-02 9.455674e+01 -1.517591e-03 9.999812e-01 5.937723e-03 1.309523e+00 3.384092e-02 -5.882973e-03 9.994099e-01 -1.063513e+02
9.997637e-01 -1.045294e-03 2.171102e-02 9.344571e+01 1.128214e-03 9.999921e-01 -3.807328e-03 1.366381e+00 -2.170687e-02 3.830924e-03 9.997570e-01 -1.059641e+02
9.995673e-01 1.812677e-03 -2.935780e-02 9.304896e+01 -1.650875e-03 9.999833e-01 5.534692e-03 1.405008e+00 2.936734e-02 -5.483832e-03 9.995536e-01 -1.054296e+02
9.998813e-01 -4.854467e-04 1.539933e-02 9.151255e+01 5.287464e-04 9.999959e-01 -2.807810e-03 1.525144e+00 -1.539790e-02 2.815620e-03 9.998775e-01 -1.038828e+02
9.994462e-01 2.189849e-03 -3.320319e-02 8.891709e+01 -1.968676e-03 9.999757e-01 6.692446e-03 1.706225e+00 3.321703e-02 -6.623374e-03 9.994262e-01 -1.018457e+02
9.998222e-01 -1.180520e-03 1.881693e-02 8.727901e+01 1.247827e-03 9.999929e-01 -3.565570e-03 1.831022e+00 -1.881259e-02 3.588416e-03 9.998166e-01 -1.002556e+02
9.995540e-01 2.294590e-03 -2.977377e-02 8.633386e+01 -2.123922e-03 9.999811e-01 5.762535e-03 1.913001e+00 2.978643e-02 -5.696729e-03 9.995401e-01 -9.914199e+01
9.998946e-01 -8.808545e-04 1.449172e-02 8.462517e+01 9.193638e-04 9.999961e-01 -2.650841e-03 2.049656e+00 -1.448933e-02 2.663886e-03 9.998915e-01 -9.751968e+01
9.995971e-01 2.213683e-03 -2.829612e-02 8.293324e+01 -2.055597e-03 9.999821e-01 5.614707e-03 2.175914e+00 2.830804e-02 -5.554280e-03 9.995838e-01 -9.598229e+01
9.998593e-01 -1.276631e-03 1.672441e-02 8.171051e+01 1.331963e-03 9.999937e-01 -3.297694e-03 2.260935e+00 -1.672009e-02 3.319507e-03 9.998547e-01 -9.492609e+01
9.995914e-01 2.017922e-03 -2.851366e-02 8.053011e+01 -1.857960e-03 9.999824e-01 5.635389e-03 2.337363e+00 2.852453e-02 -5.580109e-03 9.995775e-01 -9.408759e+01
9.997791e-01 -1.641251e-03 2.095340e-02 8.018180e+01 1.731940e-03 9.999892e-01 -4.310676e-03 2.358968e+00 -2.094609e-02 4.346014e-03 9.997712e-01 -9.360462e+01
9.996073e-01 2.084660e-03 -2.794402e-02 7.989185e+01 -1.931207e-03 9.999829e-01 5.517336e-03 2.376647e+00 2.795504e-02 -5.461204e-03 9.995943e-01 -9.323579e+01
9.997869e-01 -1.543569e-03 2.058584e-02 7.951091e+01 1.631597e-03 9.999896e-01 -4.260023e-03 2.404718e+00 -2.057905e-02 4.292704e-03 9.997790e-01 -9.273951e+01
9.996238e-01 1.918428e-03 -2.736111e-02 7.927671e+01 -1.769917e-03 9.999836e-01 5.451025e-03 2.422329e+00 2.737111e-02 -5.400547e-03 9.996108e-01 -9.211290e+01
9.997543e-01 -1.586818e-03 2.211058e-02 7.927994e+01 1.692429e-03 9.999872e-01 -4.758583e-03 2.415723e+00 -2.210274e-02 4.794834e-03 9.997442e-01 -9.155424e+01
9.996086e-01 1.940113e-03 -2.790780e-02 7.904953e+01 -1.785006e-03 9.999828e-01 5.581691e-03 2.423890e+00 2.791815e-02 -5.529692e-03 9.995949e-01 -9.094657e+01
9.997656e-01 -1.564515e-03 2.159515e-02 7.882058e+01 1.662028e-03 9.999885e-01 -4.498278e-03 2.436632e+00 -2.158786e-02 4.533116e-03 9.997567e-01 -9.052338e+01
9.995051e-01 2.304353e-03 -3.137379e-02 7.803623e+01 -2.113495e-03 9.999791e-01 6.115186e-03 2.474603e+00 3.138723e-02 -6.045851e-03 9.994890e-01 -8.987627e+01
9.997625e-01 -1.626269e-03 2.173074e-02 7.760953e+01 1.717696e-03 9.999897e-01 -4.189209e-03 2.497509e+00 -2.172370e-02 4.225541e-03 9.997551e-01 -8.902898e+01
9.995479e-01 2.105222e-03 -2.999274e-02 7.805636e+01 -1.935848e-03 9.999820e-01 5.675107e-03 2.492845e+00 3.000415e-02 -5.614481e-03 9.995340e-01 -8.852879e+01
9.997119e-01 -1.568301e-03 2.395301e-02 7.871242e+01 1.687508e-03 9.999863e-01 -4.957287e-03 2.456056e+00 -2.394491e-02 4.996280e-03 9.997008e-01 -8.754393e+01
9.995800e-01 1.918114e-03 -2.891578e-02 7.925757e+01 -1.747768e-03 9.999810e-01 5.915250e-03 2.420414e+00 2.892657e-02 -5.862228e-03 9.995643e-01 -8.662936e+01
9.997118e-01 -1.660845e-03 2.394882e-02 7.953294e+01 1.787180e-03 9.999846e-01 -5.254779e-03 2.407138e+00 -2.393972e-02 5.296066e-03 9.996994e-01 -8.637707e+01
9.995972e-01 2.018532e-03 -2.830871e-02 7.987261e+01 -1.852335e-03 9.999809e-01 5.895883e-03 2.395139e+00 2.832007e-02 -5.841071e-03 9.995818e-01 -8.640409e+01
9.997186e-01 -1.685141e-03 2.365988e-02 8.015721e+01 1.809251e-03 9.999847e-01 -5.225123e-03 2.383924e+00 -2.365071e-02 5.266460e-03 9.997064e-01 -8.638272e+01
9.995869e-01 2.014939e-03 -2.866921e-02 8.043986e+01 -1.844354e-03 9.999804e-01 5.975342e-03 2.366408e+00 2.868069e-02 -5.919998e-03 9.995711e-01 -8.614379e+01
9.997235e-01 -1.655247e-03 2.345447e-02 8.091953e+01 1.777093e-03 9.999850e-01 -5.175092e-03 2.337220e+00 -2.344555e-02 5.215343e-03 9.997115e-01 -8.558466e+01
9.995511e-01 2.385278e-03 -2.986381e-02 8.044974e+01 -2.202007e-03 9.999786e-01 6.168307e-03 2.364999e+00 2.987788e-02 -6.099778e-03 9.995349e-01 -8.464558e+01
9.997772e-01 -1.967923e-03 2.101713e-02 7.982711e+01 2.062673e-03 9.999878e-01 -4.487472e-03 2.410673e+00 -2.100804e-02 4.529824e-03 9.997690e-01 -8.372033e+01
9.996027e-01 2.404936e-03 -2.808399e-02 8.063039e+01 -2.248000e-03 9.999817e-01 5.618348e-03 2.388727e+00 2.809699e-02 -5.552984e-03 9.995898e-01 -8.348478e+01
9.997692e-01 -1.967756e-03 2.139126e-02 8.122100e+01 2.067503e-03 9.999871e-01 -4.641860e-03 2.375272e+00 -2.138185e-02 4.685016e-03 9.997604e-01 -8.337105e+01
9.996082e-01 2.385596e-03 -2.788701e-02 8.188862e+01 -2.224835e-03 9.999807e-01 5.794364e-03 2.356798e+00 2.790030e-02 -5.730051e-03 9.995943e-01 -8.330661e+01
9.997529e-01 -1.984433e-03 2.213946e-02 8.243504e+01 2.093999e-03 9.999857e-01 -4.926812e-03 2.335941e+00 -2.212937e-02 4.971955e-03 9.997428e-01 -8.314334e+01
9.996071e-01 2.390168e-03 -2.792690e-02 8.305003e+01 -2.227189e-03 9.999803e-01 5.865593e-03 2.304098e+00 2.794037e-02 -5.801090e-03 9.995928e-01 -8.270430e+01
9.997717e-01 -1.918306e-03 2.128071e-02 8.373912e+01 2.022079e-03 9.999862e-01 -4.855902e-03 2.278969e+00 -2.127110e-02 4.897825e-03 9.997617e-01 -8.235576e+01
9.996170e-01 2.301162e-03 -2.757976e-02 8.438382e+01 -2.138874e-03 9.999802e-01 5.912373e-03 2.256227e+00 2.759282e-02 -5.851119e-03 9.996021e-01 -8.207865e+01
9.997815e-01 -1.897071e-03 2.081492e-02 8.508714e+01 1.997065e-03 9.999866e-01 -4.784157e-03 2.242263e+00 -2.080556e-02 4.824682e-03 9.997719e-01 -8.201161e+01
9.996142e-01 2.341511e-03 -2.767644e-02 8.553133e+01 -2.184482e-03 9.999814e-01 5.702663e-03 2.234235e+00 2.768928e-02 -5.640004e-03 9.996007e-01 -8.189197e+01
9.997731e-01 -1.915862e-03 2.121356e-02 8.579576e+01 2.014282e-03 9.999873e-01 -4.619076e-03 2.232833e+00 -2.120444e-02 4.660758e-03 9.997643e-01 -8.172605e+01
9.996090e-01 2.320880e-03 -2.786385e-02 8.602361e+01 -2.165107e-03 9.999819e-01 5.619398e-03 2.229579e+00 2.787638e-02 -5.556873e-03 9.995959e-01 -8.151186e+01
9.997549e-01 -2.017126e-03 2.204917e-02 8.638930e+01 2.118911e-03 9.999872e-01 -4.593852e-03 2.221260e+00 -2.203962e-02 4.639446e-03 9.997463e-01 -8.147936e+01
9.996150e-01 2.398850e-03 -2.764262e-02 8.691528e+01 -2.249782e-03 9.999828e-01 5.422574e-03 2.219781e+00 2.765516e-02 -5.358297e-03 9.996032e-01 -8.182595e+01
9.997491e-01 -2.065079e-03 2.230315e-02 8.743838e+01 2.167730e-03 9.999872e-01 -4.579337e-03 2.215751e+00 -2.229341e-02 4.626536e-03 9.997408e-01 -8.208869e+01
9.995904e-01 2.438056e-03 -2.851398e-02 8.799370e+01 -2.282458e-03 9.999823e-01 5.488224e-03 2.201037e+00 2.852686e-02 -5.420895e-03 9.995783e-01 -8.207063e+01
9.997509e-01 -2.019144e-03 2.222661e-02 8.852204e+01 2.119662e-03 9.999876e-01 -4.499749e-03 2.186097e+00 -2.221724e-02 4.545741e-03 9.997428e-01 -8.190074e+01
9.995821e-01 2.514001e-03 -2.879687e-02 8.859318e+01 -2.358157e-03 9.999824e-01 5.444545e-03 2.189482e+00 2.881005e-02 -5.374363e-03 9.995705e-01 -8.146015e+01
9.997697e-01 -2.000177e-03 2.136708e-02 8.813694e+01 2.087993e-03 9.999895e-01 -4.088306e-03 2.218292e+00 -2.135868e-02 4.131979e-03 9.997633e-01 -8.093404e+01
9.994854e-01 2.765221e-03 -3.195620e-02 8.726081e+01 -2.574192e-03 9.999786e-01 6.017474e-03 2.264865e+00 3.197215e-02 -5.932117e-03 9.994712e-01 -8.057720e+01
9.997056e-01 -2.229836e-03 2.416045e-02 8.671574e+01 2.339642e-03 9.999871e-01 -4.517509e-03 2.299452e+00 -2.415006e-02 4.572706e-03 9.996979e-01 -8.002225e+01
9.995501e-01 2.635619e-03 -2.987666e-02 8.704104e+01 -2.470310e-03 9.999814e-01 5.568620e-03 2.288140e+00 2.989078e-02 -5.492311e-03 9.995381e-01 -7.961724e+01
9.997244e-01 -2.166825e-03 2.337638e-02 8.772279e+01 2.276887e-03 9.999864e-01 -4.682639e-03 2.261267e+00 -2.336591e-02 4.734574e-03 9.997158e-01 -7.932929e+01
9.995396e-01 2.145151e-03 -3.026535e-02 8.976381e+01 -1.941332e-03 9.999753e-01 6.762200e-03 2.294653e+00 3.027911e-02 -6.700332e-03 9.995190e-01 -8.106719e+01
9.997339e-01 -8.154747e-04 2.305235e-02 9.264694e+01 9.360450e-04 9.999859e-01 -5.219949e-03 2.365498e+00 -2.304777e-02 5.240138e-03 9.997206e-01 -8.457639e+01
9.995368e-01 2.074158e-03 -3.036111e-02 9.443411e+01 -1.892360e-03 9.999801e-01 6.015400e-03 2.411593e+00 3.037298e-02 -5.955160e-03 9.995209e-01 -8.736122e+01
9.997947e-01 -8.921656e-04 2.024104e-02 9.492816e+01 9.968912e-04 9.999862e-01 -5.164392e-03 2.446386e+00 -2.023615e-02 5.183511e-03 9.997818e-01 -9.005152e+01
