9.999876e-01 -5.344317e-05 -4.987296e-03 -2.591172e-02 5.647492e-05 9.999998e-01 6.077604e-04 -4.615449e-03 4.987262e-03 -6.080352e-04 9.999874e-01 2.103331e-01
1.000000e+00 1.157616e-04 -1.485872e-04 -2.255006e-02 -1.157705e-04 1.000000e+00 -6.008803e-05 -6.547453e-03 1.485805e-04 6.010594e-05 1.000000e+00 1.531704e-01
9.999911e-01 -9.924905e-05 -4.222138e-03 2.875134e-01 1.015554e-04 9.999998e-01 5.460495e-04 -1.652524e-02 4.222082e-03 -5.464741e-04 9.999909e-01 1.551924e-01
9.999996e-01 1.782319e-04 -8.543396e-04 2.250495e-01 -1.780311e-04 1.000000e+00 2.351289e-04 -2.033056e-02 8.543818e-04 -2.349760e-04 9.999996e-01 4.930912e-01
9.999788e-01 -2.900660e-04 -6.507706e-03 -3.384980e-01 2.940645e-04 9.999998e-01 6.134864e-04 3.768514e-03 6.507526e-03 -6.153878e-04 9.999786e-01 7.367281e-01
9.999977e-01 2.593772e-04 2.145487e-03 -4.323626e-01 -2.596721e-04 1.000000e+00 1.371737e-04 -1.591423e-03 -2.145451e-03 -1.377298e-04 9.999977e-01 1.255706e+00
9.999724e-01 -3.417833e-04 -7.423576e-03 -7.041618e-01 3.463085e-04 9.999998e-01 6.082946e-04 -1.979372e-04 7.423366e-03 -6.108493e-04 9.999723e-01 1.641813e+00
9.999997e-01 4.039615e-04 6.383240e-04 -1.149920e+00 -4.040424e-04 9.999999e-01 1.266634e-04 8.771158e-03 -6.382724e-04 -1.269206e-04 9.999998e-01 1.624988e+00
9.999818e-01 -4.044496e-04 -6.027862e-03 -1.278621e+00 4.073264e-04 9.999998e-01 4.760519e-04 8.084468e-03 6.027668e-03 -4.784993e-04 9.999817e-01 1.696876e+00
9.999980e-01 3.498663e-04 1.983484e-03 -1.266891e+00 -3.503471e-04 9.999999e-01 2.420861e-04 -6.242462e-03 -1.983399e-03 -2.427799e-04 9.999980e-01 2.148719e+00
9.999764e-01 -4.674033e-04 -6.851022e-03 -1.480417e+00 4.705127e-04 9.999998e-01 4.522649e-04 2.646246e-03 6.850809e-03 -4.554785e-04 9.999764e-01 2.688288e+00
9.999987e-01 3.741056e-04 1.564015e-03 -1.660292e+00 -3.743021e-04 9.999999e-01 1.253806e-04 1.204595e-02 -1.563967e-03 -1.259652e-04 9.999988e-01 3.122845e+00
9.999754e-01 -4.805613e-04 -7.002128e-03 -1.899094e+00 4.847016e-04 9.999997e-01 5.896204e-04 2.121385e-02 7.001842e-03 -5.930005e-04 9.999753e-01 3.606357e+00
9.999961e-01 3.046688e-04 2.788475e-03 -1.541990e+00 -3.049283e-04 9.999999e-01 9.266534e-05 1.289285e-02 -2.788446e-03 -9.351455e-05 9.999961e-01 3.821748e+00
9.999748e-01 -4.919337e-04 -7.079621e-03 -7.984167e-01 4.966650e-04 9.999997e-01 6.665633e-04 -6.406806e-03 7.079290e-03 -6.700634e-04 9.999747e-01 4.030197e+00
9.999964e-01 2.775937e-04 2.671539e-03 -4.981529e-01 -2.783043e-04 9.999999e-01 2.656256e-04 -1.401901e-02 -2.671465e-03 -2.663675e-04 9.999964e-01 4.523375e+00
9.999789e-01 -5.974269e-04 -6.465409e-03 1.445034e-01 6.011303e-04 9.999997e-01 5.708855e-04 -2.892249e-02 6.465066e-03 -5.747608e-04 9.999789e-01 4.829948e+00
9.999959e-01 5.054136e-04 2.808139e-03 5.998309e-01 -5.060533e-04 9.999998e-01 2.271306e-04 -5.356088e-02 -2.808024e-03 -2.285500e-04 9.999960e-01 5.205172e+00
9.999799e-01 -6.464352e-04 -6.300902e-03 7.833048e-01 6.501755e-04 9.999996e-01 5.916046e-04 -7.435505e-02 6.300516e-03 -5.956901e-04 9.999800e-01 5.763385e+00
9.999968e-01 3.411051e-04 2.513183e-03 1.389137e+00 -3.416831e-04 9.999999e-01 2.295830e-04 -9.749137e-02 -2.513104e-03 -2.304402e-04 9.999968e-01 6.094833e+00
9.999787e-01 -4.810794e-04 -6.502386e-03 2.010325e+00 4.844470e-04 9.999997e-01 5.163426e-04 -1.244997e-01 6.502136e-03 -5.194824e-04 9.999787e-01 6.399063e+00
9.999948e-01 1.847353e-04 3.233556e-03 2.569932e+00 -1.855909e-04 9.999999e-01 2.643211e-04 -1.533900e-01 -3.233507e-03 -2.649191e-04 9.999947e-01 6.879086e+00
9.999764e-01 -3.794222e-04 -6.863813e-03 3.226487e+00 3.818889e-04 9.999999e-01 3.580882e-04 -1.776124e-01 6.863676e-03 -3.607017e-04 9.999764e-01 7.082486e+00
9.999960e-01 2.294962e-04 2.807503e-03 3.815142e+00 -2.303779e-04 9.999999e-01 3.137603e-04 -2.006410e-01 -2.807430e-03 -3.144051e-04 9.999960e-01 7.260637e+00
9.999766e-01 -4.004056e-04 -6.832899e-03 4.391181e+00 4.030718e-04 9.999998e-01 3.888335e-04 -2.219347e-01 6.832742e-03 -3.915792e-04 9.999766e-01 7.394770e+00
9.999966e-01 1.733112e-04 2.616601e-03 4.645081e+00 -1.740395e-04 9.999999e-01 2.781462e-04 -2.329443e-01 -2.616552e-03 -2.785999e-04 9.999965e-01 7.715620e+00
9.999828e-01 -1.810430e-04 -5.869895e-03 5.002956e+00 1.804259e-04 1.000000e+00 -1.056474e-04 -2.387709e-01 5.869914e-03 1.045858e-04 9.999828e-01 7.441423e+00
9.999961e-01 1.488267e-04 2.786708e-03 5.526010e+00 -1.499471e-04 9.999999e-01 4.018688e-04 -2.544186e-01 -2.786648e-03 -4.022843e-04 9.999960e-01 7.386185e+00
9.999771e-01 -4.219932e-04 -6.752212e-03 6.092516e+00 4.247745e-04 9.999998e-01 4.104823e-04 -2.775116e-01 6.752037e-03 -4.133418e-04 9.999771e-01 7.649766e+00
9.999987e-01 3.570321e-04 1.583137e-03 6.170341e+00 -3.575827e-04 9.999999e-01 3.475613e-04 -2.817893e-01 -1.583012e-03 -3.481263e-04 9.999987e-01 7.952162e+00
9.999677e-01 -4.720666e-04 -8.022444e-03 5.848718e+00 4.751793e-04 9.999998e-01 3.861167e-04 -2.645766e-01 8.022260e-03 -3.899170e-04 9.999677e-01 8.268953e+00
9.999974e-01 4.900272e-04 2.241587e-03 5.592774e+00 -4.909359e-04 9.999998e-01 4.048645e-04 -2.527425e-01 -2.241388e-03 -4.059632e-04 9.999974e-01 8.629076e+00
9.999696e-01 -6.604435e-04 -7.765961e-03 5.390338e+00 6.623554e-04 9.999998e-01 2.436312e-04 -2.433818e-01 7.765798e-03 -2.487684e-04 9.999698e-01 9.091056e+00
9.999956e-01 6.894620e-04 2.897481e-03 5.339171e+00 -6.905079e-04 9.999997e-01 3.600118e-04 -2.475384e-01 -2.897231e-03 -3.620103e-04 9.999957e-01 9.257455e+00
9.999688e-01 -5.678651e-04 -7.874421e-03 5.199566e+00 5.703297e-04 9.999998e-01 3.107610e-04 -2.503664e-01 7.874243e-03 -3.152430e-04 9.999689e-01 9.451183e+00
9.999969e-01 4.425925e-04 2.447050e-03 4.968988e+00 -4.436231e-04 9.999998e-01 4.206733e-04 -2.452822e-01 -2.446863e-03 -4.217568e-04 9.999969e-01 9.916890e+00
9.999658e-01 -4.022827e-04 -8.256480e-03 4.731407e+00 4.053482e-04 9.999998e-01 3.696260e-04 -2.433664e-01 8.256330e-03 -3.729608e-04 9.999658e-01 1.009776e+01
9.999998e-01 2.823182e-04 -4.838955e-04 3.779996e+00 -2.819126e-04 9.999996e-01 8.377816e-04 -1.935564e-01 4.841322e-04 -8.376443e-04 9.999995e-01 1.056551e+01
9.999612e-01 -8.354421e-04 -8.773329e-03 2.805475e+00 8.372954e-04 9.999996e-01 2.075800e-04 -1.308198e-01 8.773152e-03 -2.149185e-04 9.999615e-01 1.139139e+01
9.999889e-01 7.870728e-04 4.636990e-03 3.281835e+00 -7.898430e-04 9.999995e-01 5.956198e-04 -1.612238e-01 -4.636518e-03 -5.992750e-04 9.999891e-01 1.188190e+01
9.999624e-01 -1.165386e-03 -8.597973e-03 4.375161e+00 1.168279e-03 9.999993e-01 3.314093e-04 -1.975470e-01 8.597581e-03 -3.414424e-04 9.999630e-01 1.214622e+01
9.999896e-01 1.055627e-03 4.437789e-03 4.859662e+00 -1.056983e-03 9.999994e-01 3.033315e-04 -2.171061e-01 -4.437466e-03 -3.080184e-04 9.999901e-01 1.227127e+01
9.999568e-01 -1.003803e-03 -9.238014e-03 4.888179e+00 1.007136e-03 9.999994e-01 3.561433e-04 -2.234679e-01 9.237651e-03 -3.654325e-04 9.999573e-01 1.248004e+01
9.999954e-01 9.396649e-04 2.874944e-03 4.536271e+00 -9.406977e-04 9.999995e-01 3.579421e-04 -2.087275e-01 -2.874606e-03 -3.606442e-04 9.999958e-01 1.271382e+01
9.999621e-01 -8.126926e-04 -8.667948e-03 4.222243e+00 8.149835e-04 9.999996e-01 2.607821e-04 -2.031278e-01 8.667733e-03 -2.678371e-04 9.999624e-01 1.260450e+01
9.999950e-01 7.218359e-04 3.062536e-03 4.037627e+00 -7.235681e-04 9.999996e-01 5.645597e-04 -1.997450e-01 -3.062127e-03 -5.667721e-04 9.999952e-01 1.299618e+01
9.999681e-01 -9.044748e-04 -7.940485e-03 3.981893e+00 9.068706e-04 9.999995e-01 2.981377e-04 -2.010018e-01 7.940211e-03 -3.053299e-04 9.999684e-01 1.351841e+01
9.999990e-01 9.278390e-04 1.110053e-03 3.571055e+00 -9.282798e-04 9.999995e-01 3.968033e-04 -1.899702e-01 -1.109684e-03 -3.978327e-04 9.999993e-01 1.360006e+01
9.999630e-01 -1.061609e-03 -8.533457e-03 3.035935e+00 1.066116e-03 9.999993e-01 5.235530e-04 -1.633026e-01 8.532895e-03 -5.326320e-04 9.999635e-01 1.389962e+01
9.999983e-01 9.915961e-04 1.533816e-03 2.590461e+00 -9.921668e-04 9.999994e-01 3.714364e-04 -1.425889e-01 -1.533446e-03 -3.729569e-04 9.999988e-01 1.415969e+01
9.999494e-01 -1.170440e-03 -9.990223e-03 1.830524e+00 1.177339e-03 9.999991e-01 6.848057e-04 -1.043056e-01 9.989412e-03 -6.965337e-04 9.999499e-01 1.447843e+01
9.999987e-01 8.397886e-04 1.401752e-03 1.072274e+00 -8.402884e-04 9.999996e-01 3.560889e-04 -6.296501e-02 -1.401452e-03 -3.572656e-04 9.999990e-01 1.489711e+01
9.999705e-01 -7.523168e-04 -7.648830e-03 7.249321e-01 7.544908e-04 9.999997e-01 2.813574e-04 -5.443044e-02 7.648616e-03 -2.871207e-04 9.999707e-01 1.484399e+01
9.999935e-01 7.356054e-04 3.521951e-03 8.418959e-01 -7.368800e-04 9.999997e-01 3.606591e-04 -6.638581e-02 -3.521685e-03 -3.632513e-04 9.999937e-01 1.511296e+01
9.999728e-01 -9.868368e-04 -7.313961e-03 1.310989e+00 9.906167e-04 9.999994e-01 5.132141e-04 -9.423699e-02 7.313450e-03 -5.204462e-04 9.999731e-01 1.555173e+01
9.999952e-01 1.012587e-03 2.936787e-03 1.310660e+00 -1.013010e-03 9.999995e-01 1.426373e-04 -9.752684e-02 -2.936641e-03 -1.456109e-04 9.999957e-01 1.586025e+01
9.999391e-01 -1.052556e-03 -1.098873e-02 6.143628e-01 1.060107e-03 9.999992e-01 6.813815e-04 -7.422177e-02 1.098800e-02 -6.929899e-04 9.999394e-01 1.590335e+01
9.999960e-01 9.651701e-04 2.669623e-03 -9.887302e-02 -9.657056e-04 9.999995e-01 1.993687e-04 -4.863768e-02 -2.669429e-03 -2.019452e-04 9.999964e-01 1.597557e+01
9.999741e-01 -9.593425e-04 -7.135324e-03 4.360718e-02 9.624219e-04 9.999994e-01 4.281647e-04 -5.447792e-02 7.134909e-03 -4.350215e-04 9.999745e-01 1.601878e+01
9.999948e-01 7.572576e-04 3.121331e-03 8.309102e-01 -7.578992e-04 9.999997e-01 2.044077e-04 -7.578215e-02 -3.121175e-03 -2.067716e-04 9.999951e-01 1.605638e+01
9.999711e-01 -9.289121e-04 -7.551671e-03 1.636310e+00 9.340286e-04 9.999993e-01 6.740428e-04 -1.050359e-01 7.551039e-03 -6.810775e-04 9.999713e-01 1.628958e+01
9.999929e-01 8.029125e-04 3.685136e-03 1.853132e+00 -8.032445e-04 9.999997e-01 8.865095e-05 -1.247818e-01 -3.685063e-03 -9.160969e-05 9.999932e-01 1.673146e+01
9.999538e-01 -7.601014e-04 -9.579824e-03 1.607602e+00 7.665004e-04 9.999995e-01 6.643304e-04 -1.166292e-01 9.579314e-03 -6.716433e-04 9.999539e-01 1.697392e+01
9.999911e-01 7.024180e-04 4.158857e-03 1.369202e+00 -7.024507e-04 9.999998e-01 6.436426e-06 -1.076665e-01 -4.158851e-03 -9.357062e-06 9.999914e-01 1.736016e+01
9.999690e-01 -8.226083e-04 -7.834702e-03 1.582404e+00 8.275994e-04 9.999995e-01 6.338533e-04 -1.250686e-01 7.834176e-03 -6.403183e-04 9.999691e-01 1.769133e+01
9.999970e-01 8.733499e-04 2.276458e-03 1.759659e+00 -8.735487e-04 9.999996e-01 8.639855e-05 -1.314907e-01 -2.276382e-03 -8.838619e-05 9.999974e-01 1.783840e+01
9.999638e-01 -8.941034e-04 -8.463388e-03 1.630408e+00 9.015464e-04 9.999992e-01 8.756725e-04 -1.290342e-01 8.462598e-03 -8.832717e-04 9.999638e-01 1.816605e+01
9.999926e-01 8.096748e-04 3.751865e-03 2.094739e+00 -8.094165e-04 9.999997e-01 -7.031344e-05 -1.484841e-01 -3.751920e-03 6.727680e-05 9.999930e-01 1.850510e+01
9.999677e-01 -8.876780e-04 -7.991710e-03 2.320958e+00 8.970598e-04 9.999989e-01 1.170447e-03 -1.724083e-01 7.990662e-03 -1.177579e-03 9.999674e-01 1.921658e+01
9.999931e-01 5.453882e-04 3.664964e-03 2.281848e+00 -5.441221e-04 9.999998e-01 -3.464091e-04 -1.796108e-01 -3.665152e-03 3.444132e-04 9.999932e-01 1.997674e+01
9.999554e-01 -6.788906e-04 -9.421990e-03 2.015376e+00 6.897156e-04 9.999991e-01 1.145728e-03 -1.680664e-01 9.421203e-03 -1.152177e-03 9.999550e-01 2.045951e+01
9.999989e-01 4.870341e-04 1.410904e-03 1.281785e+00 -4.869109e-04 9.999999e-01 -8.759845e-05 -1.246317e-01 -1.410946e-03 8.691206e-05 9.999990e-01 2.103938e+01
9.999708e-01 -7.761451e-04 -7.601770e-03 9.237954e-01 7.830639e-04 9.999993e-01 9.072336e-04 -1.056045e-01 7.601060e-03 -9.131605e-04 9.999707e-01 2.166448e+01
9.999982e-01 7.493074e-04 1.763345e-03 7.985876e-01 -7.490635e-04 9.999997e-01 -1.389242e-04 -1.041648e-01 -1.763448e-03 1.376038e-04 9.999984e-01 2.195628e+01
9.999707e-01 -7.842964e-04 -7.613556e-03 6.431588e-01 7.921990e-04 9.999992e-01 1.035025e-03 -1.014912e-01 7.612737e-03 -1.041026e-03 9.999705e-01 2.235106e+01
9.999990e-01 7.270581e-04 1.181776e-03 4.363256e-01 -7.268083e-04 9.999997e-01 -2.116551e-04 -9.317461e-02 -1.181930e-03 2.107967e-04 9.999993e-01 2.269203e+01
9.999686e-01 -7.597664e-04 -7.886384e-03 8.882597e-02 7.675047e-04 9.999992e-01 9.782681e-04 -8.028841e-02 7.885634e-03 -9.842909e-04 9.999684e-01 2.285819e+01
9.999946e-01 8.159062e-04 3.190450e-03 -8.693628e-02 -8.137050e-04 9.999994e-01 -6.911080e-04 -7.593122e-02 -3.191011e-03 6.885089e-04 9.999947e-01 2.225127e+01
9.999808e-01 -8.032291e-04 -6.139904e-03 9.343822e-02 8.092224e-04 9.999992e-01 9.737388e-04 -8.611352e-02 6.139116e-03 -9.786894e-04 9.999807e-01 2.214066e+01
9.999976e-01 5.212344e-04 2.146061e-03 -1.432213e-02 -5.212859e-04 9.999999e-01 2.351929e-05 -9.423587e-02 -2.146048e-03 -2.463725e-05 9.999977e-01 2.305799e+01
9.999701e-01 -8.101826e-04 -7.684184e-03 -2.358711e-01 8.155682e-04 9.999994e-01 6.977853e-04 -8.566383e-02 7.683614e-03 -7.040322e-04 9.999702e-01 2.368661e+01
9.999932e-01 6.499228e-04 3.631521e-03 -1.399375e-01 -6.506371e-04 9.999998e-01 1.955604e-04 -9.837360e-02 -3.631393e-03 -1.979212e-04 9.999934e-01 2.421364e+01
9.999650e-01 -8.338714e-04 -8.318943e-03 -2.811751e-01 8.408998e-04 9.999993e-01 8.414202e-04 -9.411051e-02 8.318235e-03 -8.483869e-04 9.999650e-01 2.497585e+01
9.999948e-01 5.213591e-04 3.190268e-03 -5.001168e-01 -5.214189e-04 9.999999e-01 1.796191e-05 -8.503550e-02 -3.190258e-03 -1.962459e-05 9.999949e-01 2.571119e+01
9.999607e-01 -5.738540e-04 -8.842581e-03 -6.717243e-01 5.800295e-04 9.999996e-01 6.958526e-04 -7.910784e-02 8.842178e-03 -7.009549e-04 9.999607e-01 2.606188e+01
9.999995e-01 6.412473e-04 8.116117e-04 -1.397907e+00 -6.414755e-04 9.999998e-01 2.812374e-04 -6.042066e-02 -8.114308e-04 -2.817572e-04 9.999996e-01 2.594650e+01
9.999656e-01 -7.826151e-04 -8.261757e-03 -1.927600e+00 7.878353e-04 9.999995e-01 6.286330e-04 -3.188363e-02 8.261260e-03 -6.351210e-04 9.999657e-01 2.631710e+01
9.999997e-01 7.206220e-04 1.853385e-04 -2.598006e+00 -7.206958e-04 9.999997e-01 3.992609e-04 -3.688184e-03 -1.850504e-04 -3.993937e-04 9.999999e-01 2.644850e+01
9.999525e-01 -8.181810e-04 -9.714034e-03 -3.575002e+00 8.240155e-04 9.999995e-01 5.966502e-04 2.860932e-02 9.713541e-03 -6.046270e-04 9.999526e-01 2.634243e+01
9.999988e-01 8.113005e-04 1.340705e-03 -4.333634e+00 -8.117026e-04 9.999996e-01 2.995126e-04 5.173645e-02 -1.340461e-03 -3.005998e-04 9.999991e-01 2.631241e+01
9.999738e-01 -9.156904e-04 -7.182876e-03 -4.574076e+00 9.194170e-04 9.999994e-01 5.155660e-04 6.098484e-02 7.182400e-03 -5.221572e-04 9.999741e-01 2.666902e+01
9.999947e-01 7.498917e-04 3.179529e-03 -4.479940e+00 -7.506401e-04 9.999997e-01 2.342581e-04 4.941219e-02 -3.179352e-03 -2.366429e-04 9.999949e-01 2.715067e+01
9.999718e-01 -7.505443e-04 -7.477042e-03 -4.399926e+00 7.539540e-04 9.999996e-01 4.532402e-04 3.514451e-02 7.476699e-03 -4.588654e-04 9.999719e-01 2.749925e+01
9.999963e-01 7.854876e-04 2.590234e-03 -4.550877e+00 -7.859017e-04 9.999997e-01 1.589290e-04 3.280524e-02 -2.590108e-03 -1.609634e-04 9.999966e-01 2.777400e+01
9.999710e-01 -6.735427e-04 -7.581356e-03 -4.691065e+00 6.771388e-04 9.999997e-01 4.717926e-04 3.016443e-02 7.581036e-03 -4.769133e-04 9.999711e-01 2.793478e+01
9.999978e-01 8.048685e-04 1.920035e-03 -4.936262e+00 -8.052167e-04 9.999997e-01 1.806774e-04 3.182450e-02 -1.919889e-03 -1.822223e-04 9.999981e-01 2.792066e+01
9.999675e-01 -6.654173e-04 -8.037062e-03 -5.276370e+00 6.696536e-04 9.999996e-01 5.244301e-04 3.505421e-02 8.036709e-03 -5.297958e-04 9.999676e-01 2.790138e+01
9.999961e-01 7.631654e-04 2.702703e-03 -5.358467e+00 -7.633357e-04 9.999997e-01 6.206428e-05 3.374162e-02 -2.702654e-03 -6.412642e-05 9.999963e-01 2.793712e+01
9.999719e-01 -8.504041e-04 -7.445341e-03 -5.280842e+00 8.542578e-04 9.999995e-01 5.144544e-04 2.886756e-02 7.444900e-03 -5.208009e-04 9.999722e-01 2.809650e+01
9.999977e-01 8.848134e-04 1.963365e-03 -5.450984e+00 -8.851800e-04 9.999996e-01 1.859505e-04 2.615078e-02 -1.963199e-03 -1.876873e-04 9.999981e-01 2.826451e+01
9.999738e-01 -8.662653e-04 -7.188737e-03 -5.507905e+00 8.701748e-04 9.999995e-01 5.407487e-04 1.988706e-02 7.188264e-03 -5.469907e-04 9.999740e-01 2.846183e+01
9.999956e-01 8.508799e-04 2.852922e-03 -5.234342e+00 -8.512684e-04 9.999996e-01 1.350387e-04 -7.908177e-04 -2.852806e-03 -1.374661e-04 9.999959e-01 2.871293e+01
9.999789e-01 -9.312764e-04 -6.435368e-03 -4.972401e+00 9.331663e-04 9.999995e-01 2.907075e-04 -1.143450e-02 6.435094e-03 -2.967073e-04 9.999793e-01 2.875375e+01
9.999967e-01 8.004645e-04 2.423313e-03 -4.826308e+00 -8.014407e-04 9.999996e-01 4.019896e-04 -3.123590e-02 -2.422990e-03 -4.039298e-04 9.999970e-01 2.921548e+01
9.999726e-01 -8.027973e-04 -7.358410e-03 -5.016802e+00 8.058235e-04 9.999996e-01 4.083278e-04 -2.920782e-02 7.358078e-03 -4.142469e-04 9.999728e-01 2.967600e+01
9.999952e-01 5.882798e-04 3.032006e-03 -4.928346e+00 -5.887993e-04 9.999998e-01 1.705216e-04 -3.829468e-02 -3.031905e-03 -1.723053e-04 9.999954e-01 3.011026e+01
9.999821e-01 -6.026531e-04 -5.951575e-03 -4.759498e+00 6.018552e-04 9.999998e-01 -1.358141e-04 -3.828447e-02 5.951655e-03 1.322290e-04 9.999823e-01 2.944431e+01
9.999997e-01 7.801667e-04 -1.616763e-04 -5.242031e+00 -7.800330e-04 9.999994e-01 8.240017e-04 -3.352736e-02 1.623193e-04 -8.238747e-04 9.999996e-01 2.885160e+01
9.999908e-01 -7.869541e-04 -4.226226e-03 -5.376338e+00 7.867767e-04 9.999997e-01 -4.358737e-05 -4.152199e-02 4.226259e-03 4.026120e-05 9.999911e-01 2.925860e+01
9.999996e-01 8.737095e-04 3.448555e-04 -5.407066e+00 -8.739247e-04 9.999994e-01 6.249731e-04 -5.409522e-02 -3.443089e-04 -6.252735e-04 9.999997e-01 2.916356e+01
9.999948e-01 -7.908132e-04 -3.128070e-03 -5.513827e+00 7.883566e-04 9.999994e-01 -7.864129e-04 -5.142132e-02 3.128689e-03 7.839421e-04 9.999948e-01 2.806860e+01
9.999984e-01 9.520868e-04 -1.539118e-03 -5.867417e+00 -9.502828e-04 9.999989e-01 1.172255e-03 -4.530862e-02 1.540233e-03 -1.170790e-03 9.999981e-01 2.717855e+01
9.999837e-01 -8.764108e-04 -5.645434e-03 -6.564588e+00 8.739626e-04 9.999995e-01 -4.360621e-04 -2.773150e-02 5.645813e-03 4.311204e-04 9.999840e-01 2.672032e+01
9.999944e-01 7.814236e-04 -3.263437e-03 -7.500540e+00 -7.765461e-04 9.999986e-01 1.495536e-03 3.524698e-03 3.264601e-03 -1.492993e-03 9.999936e-01 2.675996e+01
9.999941e-01 -8.718458e-04 -3.324782e-03 -7.925522e+00 8.694915e-04 9.999994e-01 -7.094293e-04 1.468149e-02 3.325399e-03 7.065336e-04 9.999942e-01 2.695809e+01
9.999972e-01 9.326947e-04 -2.178356e-03 -8.030699e+00 -9.296543e-04 9.999986e-01 1.396224e-03 1.446314e-02 2.179656e-03 -1.394194e-03 9.999967e-01 2.704888e+01
9.999989e-01 -9.314590e-04 -1.147378e-03 -7.521923e+00 9.301174e-04 9.999989e-01 -1.169015e-03 4.550123e-03 1.148465e-03 1.167946e-03 9.999987e-01 2.690408e+01
9.999956e-01 8.652750e-04 -2.842150e-03 -7.061445e+00 -8.599716e-04 9.999979e-01 1.866615e-03 -1.841680e-02 2.843759e-03 -1.864162e-03 9.999942e-01 2.709793e+01
9.999991e-01 -1.045054e-03 -7.882386e-04 -6.582269e+00 1.044103e-03 9.999987e-01 -1.205946e-03 -4.018439e-02 7.894975e-04 1.205122e-03 9.999990e-01 2.735501e+01
9.999974e-01 8.731969e-04 -2.116179e-03 -5.908751e+00 -8.697797e-04 9.999983e-01 1.615112e-03 -6.430933e-02 2.117586e-03 -1.613266e-03 9.999965e-01 2.747038e+01
9.999987e-01 -1.093615e-03 -1.184509e-03 -5.394484e+00 1.092399e-03 9.999989e-01 -1.026599e-03 -8.571861e-02 1.185630e-03 1.025303e-03 9.999988e-01 2.762074e+01
9.999980e-01 1.082981e-03 -1.677230e-03 -5.193813e+00 -1.081338e-03 9.999989e-01 9.800389e-04 -8.745181e-02 1.678290e-03 -9.782226e-04 9.999981e-01 2.706671e+01
9.999952e-01 -1.032375e-03 -2.917169e-03 -5.322919e+00 1.030340e-03 9.999992e-01 -6.990862e-04 -8.459683e-02 2.917888e-03 6.960765e-04 9.999955e-01 2.658023e+01
9.999942e-01 1.167000e-03 -3.213616e-03 -5.639582e+00 -1.162631e-03 9.999984e-01 1.360823e-03 -7.901286e-02 3.215199e-03 -1.357078e-03 9.999939e-01 2.639562e+01
9.999947e-01 -9.568569e-04 -3.105343e-03 -6.077829e+00 9.552248e-04 9.999994e-01 -5.269465e-04 -7.312981e-02 3.105845e-03 5.239767e-04 9.999950e-01 2.603495e+01
9.999949e-01 9.745111e-04 -3.042145e-03 -6.551861e+00 -9.714443e-04 9.999990e-01 1.009337e-03 -6.372107e-02 3.043125e-03 -1.006376e-03 9.999949e-01 2.539368e+01
9.999995e-01 -9.822061e-04 9.395700e-05 -6.401831e+00 9.823113e-04 9.999989e-01 -1.128097e-03 -6.350933e-02 -9.284916e-05 1.128188e-03 9.999994e-01 2.477990e+01
9.999946e-01 1.054623e-03 -3.121202e-03 -6.232270e+00 -1.051149e-03 9.999988e-01 1.114417e-03 -6.576530e-02 3.122374e-03 -1.111129e-03 9.999945e-01 2.426858e+01
9.999993e-01 -1.059319e-03 5.112125e-04 -5.942618e+00 1.059930e-03 9.999987e-01 -1.198151e-03 -6.828202e-02 -5.099429e-04 1.198692e-03 9.999992e-01 2.383403e+01
9.999930e-01 1.010290e-03 -3.599905e-03 -5.565256e+00 -1.005128e-03 9.999985e-01 1.435344e-03 -7.782973e-02 3.601350e-03 -1.431715e-03 9.999925e-01 2.369791e+01
9.999994e-01 -9.840241e-04 4.948701e-04 -5.298645e+00 9.846941e-04 9.999986e-01 -1.355951e-03 -8.332854e-02 -4.935354e-04 1.356437e-03 9.999990e-01 2.337254e+01
9.999942e-01 9.858097e-04 -3.262545e-03 -4.953466e+00 -9.812513e-04 9.999985e-01 1.398405e-03 -8.780055e-02 3.263919e-03 -1.395194e-03 9.999937e-01 2.298131e+01
9.999995e-01 -9.205436e-04 -3.913743e-04 -4.632697e+00 9.201992e-04 9.999992e-01 -8.787814e-04 -1.051126e-01 3.921826e-04 8.784202e-04 9.999995e-01 2.309639e+01
9.999948e-01 7.817845e-04 -3.122141e-03 -4.200264e+00 -7.766285e-04 9.999983e-01 1.652204e-03 -1.360658e-01 3.123428e-03 -1.649770e-03 9.999938e-01 2.346070e+01
9.999996e-01 -8.702713e-04 -2.311566e-04 -3.828725e+00 8.700201e-04 9.999990e-01 -1.083433e-03 -1.573686e-01 2.320990e-04 1.083230e-03 9.999994e-01 2.362784e+01
9.999956e-01 8.766015e-04 -2.848051e-03 -3.553052e+00 -8.730816e-04 9.999989e-01 1.236812e-03 -1.636971e-01 2.849133e-03 -1.234320e-03 9.999952e-01 2.338400e+01
9.999994e-01 -8.138346e-04 -6.807236e-04 -3.215856e+00 8.132273e-04 9.999993e-01 -8.916692e-04 -1.757371e-01 6.814485e-04 8.911144e-04 9.999994e-01 2.335381e+01
9.999945e-01 8.210837e-04 -3.211040e-03 -2.958049e+00 -8.158145e-04 9.999983e-01 1.641835e-03 -2.024095e-01 3.212383e-03 -1.639206e-03 9.999935e-01 2.375023e+01
9.999994e-01 -8.949383e-04 -6.349222e-04 -2.774756e+00 8.943882e-04 9.999992e-01 -8.657684e-04 -2.271543e-01 6.356962e-04 8.651993e-04 9.999994e-01 2.419232e+01
9.999920e-01 8.824436e-04 -3.908926e-03 -2.779123e+00 -8.765385e-04 9.999985e-01 1.512069e-03 -2.372600e-01 3.910254e-03 -1.508630e-03 9.999912e-01 2.456546e+01
9.999995e-01 -9.653959e-04 2.100863e-04 -2.739932e+00 9.655526e-04 9.999993e-01 -7.482074e-04 -2.551706e-01 -2.093641e-04 7.484092e-04 9.999997e-01 2.508942e+01
9.999902e-01 8.708643e-04 -4.342102e-03 -2.745198e+00 -8.639879e-04 9.999984e-01 1.585223e-03 -2.677506e-01 4.343476e-03 -1.581455e-03 9.999893e-01 2.565187e+01
9.999983e-01 -1.003369e-03 -1.541882e-03 -2.982443e+00 1.002051e-03 9.999991e-01 -8.551773e-04 -2.608768e-01 1.542738e-03 8.536301e-04 9.999984e-01 2.604905e+01
9.999863e-01 9.341256e-04 -5.155674e-03 -3.403932e+00 -9.252983e-04 9.999981e-01 1.714204e-03 -2.449857e-01 5.157266e-03 -1.709409e-03 9.999852e-01 2.635357e+01
9.999973e-01 -1.112849e-03 -2.023910e-03 -3.882505e+00 1.111152e-03 9.999990e-01 -8.396584e-04 -2.203961e-01 2.024842e-03 8.374067e-04 9.999976e-01 2.672651e+01
9.999931e-01 1.062607e-03 -3.548192e-03 -4.090768e+00 -1.057272e-03 9.999983e-01 1.505272e-03 -2.145152e-01 3.549786e-03 -1.501510e-03 9.999926e-01 2.705416e+01
9.999973e-01 -9.969323e-04 -2.078368e-03 -4.335861e+00 9.951819e-04 9.999991e-01 -8.429474e-04 -2.103580e-01 2.079206e-03 8.408761e-04 9.999975e-01 2.725168e+01
9.999958e-01 1.211703e-03 -2.621586e-03 -4.378692e+00 -1.208150e-03 9.999984e-01 1.356379e-03 -2.188355e-01 2.623226e-03 -1.353206e-03 9.999956e-01 2.708156e+01
9.999993e-01 -1.132239e-03 -2.132429e-04 -4.164960e+00 1.131927e-03 9.999983e-01 -1.454999e-03 -2.205455e-01 2.148897e-04 1.454756e-03 9.999989e-01 2.654942e+01
9.999871e-01 1.304048e-03 -4.916374e-03 -4.177593e+00 -1.294194e-03 9.999971e-01 2.006810e-03 -2.240134e-01 4.918977e-03 -2.000421e-03 9.999859e-01 2.657063e+01
9.999984e-01 -1.244815e-03 -1.272877e-03 -4.420370e+00 1.243126e-03 9.999983e-01 -1.326734e-03 -2.155792e-01 1.274526e-03 1.325149e-03 9.999983e-01 2.675143e+01
9.999625e-01 8.231292e-04 -8.621221e-03 -5.465594e+00 -8.015382e-04 9.999965e-01 2.507525e-03 -1.621036e-01 8.623255e-03 -2.500520e-03 9.999597e-01 2.715226e+01
9.999996e-01 -8.591597e-04 2.997820e-04 -6.233560e+00 8.596478e-04 9.999983e-01 -1.632832e-03 -1.348066e-01 -2.983789e-04 1.633088e-03 9.999986e-01 2.726685e+01
9.999723e-01 7.785833e-04 -7.397770e-03 -6.787077e+00 -7.602591e-04 9.999966e-01 2.479445e-03 -1.177727e-01 7.399675e-03 -2.473751e-03 9.999696e-01 2.748902e+01
9.999990e-01 -8.963007e-04 1.098294e-03 -7.166097e+00 8.981091e-04 9.999982e-01 -1.647415e-03 -1.077709e-01 -1.096816e-03 1.648399e-03 9.999980e-01 2.782354e+01
9.999656e-01 7.795698e-04 -8.257762e-03 -7.684734e+00 -7.581334e-04 9.999963e-01 2.598697e-03 -8.298198e-02 8.259758e-03 -2.592347e-03 9.999625e-01 2.819802e+01
9.999983e-01 -9.561983e-04 1.601420e-03 -7.999643e+00 9.591799e-04 9.999978e-01 -1.862279e-03 -6.693536e-02 -1.599636e-03 1.863811e-03 9.999970e-01 2.858073e+01
9.999841e-01 9.423126e-04 -5.555047e-03 -7.517420e+00 -9.294059e-04 9.999969e-01 2.325503e-03 -8.265031e-02 5.557221e-03 -2.320303e-03 9.999819e-01 2.862868e+01
9.999984e-01 -1.034755e-03 1.456064e-03 -7.140978e+00 1.037462e-03 9.999977e-01 -1.859726e-03 -9.352318e-02 -1.454137e-03 1.861233e-03 9.999972e-01 2.867394e+01
9.999739e-01 1.133852e-03 -7.129386e-03 -7.193921e+00 -1.116145e-03 9.999963e-01 2.487081e-03 -9.245114e-02 7.132180e-03 -2.479058e-03 9.999715e-01 2.881065e+01
9.999978e-01 -9.962725e-04 1.826136e-03 -7.215457e+00 9.999855e-04 9.999974e-01 -2.033612e-03 -8.963765e-02 -1.824106e-03 2.035433e-03 9.999963e-01 2.862983e+01
9.999852e-01 1.064758e-03 -5.328464e-03 -6.695771e+00 -1.052524e-03 9.999968e-01 2.298246e-03 -1.008600e-01 5.330895e-03 -2.292603e-03 9.999832e-01 2.853898e+01
9.999991e-01 -1.131700e-03 6.720087e-04 -6.616051e+00 1.132556e-03 9.999985e-01 -1.275826e-03 -1.174500e-01 -6.705641e-04 1.276585e-03 9.999990e-01 2.908903e+01
9.999700e-01 9.446977e-04 -7.691225e-03 -7.020587e+00 -9.289656e-04 9.999975e-01 2.048747e-03 -9.904247e-02 7.693141e-03 -2.041540e-03 9.999683e-01 2.940694e+01
9.999990e-01 -9.175192e-04 1.082615e-03 -7.332619e+00 9.190771e-04 9.999985e-01 -1.439585e-03 -9.050289e-02 -1.081293e-03 1.440578e-03 9.999984e-01 2.938916e+01
9.999728e-01 9.570872e-04 -7.311176e-03 -7.564472e+00 -9.417122e-04 9.999973e-01 2.106062e-03 -8.221160e-02 7.313172e-03 -2.099119e-03 9.999711e-01 2.946352e+01
9.999994e-01 -9.989425e-04 4.785195e-04 -7.920745e+00 9.995587e-04 9.999987e-01 -1.289850e-03 -6.117057e-02 -4.772307e-04 1.290327e-03 9.999991e-01 2.994683e+01
9.999757e-01 7.821431e-04 -6.922320e-03 -8.156826e+00 -7.688918e-04 9.999979e-01 1.916685e-03 -4.374629e-02 6.923804e-03 -1.911316e-03 9.999742e-01 3.031473e+01
9.999992e-01 -6.954145e-04 1.096865e-03 -8.326204e+00 6.969197e-04 9.999988e-01 -1.372740e-03 -3.775491e-02 -1.095909e-03 1.373503e-03 9.999985e-01 3.032065e+01
9.999672e-01 6.463072e-04 -8.078817e-03 -8.676503e+00 -6.295168e-04 9.999976e-01 2.080665e-03 -2.474595e-02 8.080143e-03 -2.075510e-03 9.999652e-01 3.042066e+01
9.999996e-01 -6.859559e-04 5.544602e-04 -9.306160e+00 6.865528e-04 9.999992e-01 -1.077656e-03 5.847843e-03 -5.537208e-04 1.078036e-03 9.999993e-01 3.071043e+01
9.999748e-01 5.260377e-04 -7.080251e-03 -9.766522e+00 -5.128857e-04 9.999981e-01 1.859201e-03 3.651424e-02 7.081216e-03 -1.855522e-03 9.999732e-01 3.096763e+01
9.999924e-01 -5.169886e-04 3.854637e-03 -9.680494e+00 5.247700e-04 9.999978e-01 -2.018041e-03 4.445423e-02 -3.853585e-03 2.020048e-03 9.999905e-01 3.029770e+01
9.999815e-01 4.255795e-04 -6.072866e-03 -8.936553e+00 -4.157511e-04 9.999986e-01 1.619534e-03 4.609111e-02 6.073547e-03 -1.616978e-03 9.999802e-01 2.972702e+01
9.999991e-01 -3.592405e-04 1.304663e-03 -8.766889e+00 3.603199e-04 9.999996e-01 -8.273804e-04 3.447199e-02 -1.304366e-03 8.278492e-04 9.999988e-01 3.011269e+01
9.999753e-01 2.291789e-05 -7.033843e-03 -8.967114e+00 -1.189847e-05 9.999988e-01 1.566622e-03 4.500359e-02 7.033871e-03 -1.566499e-03 9.999740e-01 3.073268e+01
9.999970e-01 -4.514686e-06 2.434337e-03 -8.655546e+00 6.865207e-06 9.999995e-01 -9.656928e-04 2.847888e-02 -2.434331e-03 9.657060e-04 9.999966e-01 3.093731e+01
9.999780e-01 -1.898074e-04 -6.636224e-03 -8.226537e+00 2.004581e-04 9.999987e-01 1.604263e-03 1.161056e-02 6.635911e-03 -1.605558e-03 9.999767e-01 3.116837e+01
9.999952e-01 2.071083e-04 3.098308e-03 -7.898836e+00 -2.021956e-04 9.999987e-01 -1.585942e-03 1.088575e-02 -3.098633e-03 1.585307e-03 9.999939e-01 3.065221e+01
9.999844e-01 -1.825478e-04 -5.576365e-03 -7.541161e+00 1.898185e-04 9.999991e-01 1.303285e-03 1.170282e-02 5.576122e-03 -1.304322e-03 9.999836e-01 2.997649e+01
9.999948e-01 1.411546e-04 3.224644e-03 -7.057323e+00 -1.360544e-04 9.999987e-01 -1.581887e-03 1.313562e-02 -3.224863e-03 1.581439e-03 9.999935e-01 2.937310e+01
9.999823e-01 -1.836540e-04 -5.939528e-03 -6.542195e+00 1.939030e-04 9.999985e-01 1.724970e-03 2.712773e-03 5.939203e-03 -1.726091e-03 9.999809e-01 2.918435e+01
9.999965e-01 1.135213e-04 2.628179e-03 -6.154859e+00 -1.109290e-04 9.999995e-01 -9.865875e-04 -2.523418e-02 -2.628290e-03 9.862919e-04 9.999961e-01 2.961926e+01
9.999833e-01 -2.809316e-04 -5.776623e-03 -5.871211e+00 2.914441e-04 9.999983e-01 1.819010e-03 -5.464734e-02 5.776102e-03 -1.820663e-03 9.999817e-01 3.019102e+01
9.999979e-01 1.015226e-04 2.053902e-03 -5.523309e+00 -9.969164e-05 9.999996e-01 -8.916790e-04 -8.194570e-02 -2.053992e-03 8.914717e-04 9.999975e-01 3.073663e+01
9.999794e-01 -1.889141e-04 -6.417976e-03 -5.069447e+00 1.982069e-04 9.999989e-01 1.447290e-03 -9.592713e-02 6.417696e-03 -1.448532e-03 9.999784e-01 3.087605e+01
9.999969e-01 2.864412e-06 2.479646e-03 -4.680764e+00 -2.778282e-07 9.999995e-01 -1.043258e-03 -1.027426e-01 -2.479648e-03 1.043254e-03 9.999964e-01 3.095599e+01
9.999856e-01 6.395565e-05 -5.359890e-03 -4.407967e+00 -5.921688e-05 9.999996e-01 8.842097e-04 -1.032004e-01 5.359945e-03 -8.838790e-04 9.999852e-01 3.032630e+01
9.999969e-01 -1.007745e-04 2.478970e-03 -3.790689e+00 1.030371e-04 9.999996e-01 -9.127620e-04 -1.093304e-01 -2.478877e-03 9.130140e-04 9.999965e-01 3.000422e+01
9.999853e-01 -4.381269e-08 -5.424234e-03 -3.081965e+00 5.797889e-06 9.999994e-01 1.060733e-03 -1.187388e-01 5.424231e-03 -1.060748e-03 9.999847e-01 2.976684e+01
9.999965e-01 -8.289054e-05 2.646268e-03 -2.426526e+00 8.559791e-05 9.999995e-01 -1.023120e-03 -1.272848e-01 -2.646182e-03 1.023342e-03 9.999960e-01 2.951658e+01
9.999861e-01 -2.099779e-05 -5.268408e-03 -1.880400e+00 2.697778e-05 9.999994e-01 1.134934e-03 -1.367695e-01 5.268381e-03 -1.135060e-03 9.999855e-01 2.932540e+01
9.999974e-01 -1.228815e-04 2.280084e-03 -1.467732e+00 1.244607e-04 9.999998e-01 -6.926074e-04 -1.548775e-01 -2.279998e-03 6.928887e-04 9.999972e-01 2.946456e+01
9.999844e-01 1.777798e-06 -5.590864e-03 -9.206263e-01 3.786173e-06 9.999995e-01 9.951195e-04 -1.700392e-01 5.590864e-03 -9.951245e-04 9.999839e-01 2.943351e+01
9.999989e-01 -8.683131e-05 1.488030e-03 -2.989642e-01 8.745140e-05 9.999999e-01 -4.168899e-04 -1.923746e-01 -1.487993e-03 4.170190e-04 9.999988e-01 2.953818e+01
9.999851e-01 -2.308538e-06 -5.455600e-03 2.030710e-01 7.993182e-06 9.999995e-01 1.041900e-03 -2.128480e-01 5.455595e-03 -1.041928e-03 9.999846e-01 2.965556e+01
9.999987e-01 -1.885671e-04 1.598340e-03 8.836225e-01 1.892453e-04 9.999999e-01 -4.243603e-04 -2.371991e-01 -1.598260e-03 4.246616e-04 9.999986e-01 2.977878e+01
9.999842e-01 1.703276e-05 -5.625783e-03 1.575494e+00 -1.162793e-05 9.999995e-01 9.606964e-04 -2.556373e-01 5.625797e-03 -9.606151e-04 9.999837e-01 2.977637e+01
9.999995e-01 1.646392e-05 1.044968e-03 2.001182e+00 -1.617594e-05 1.000000e+00 -2.759227e-04 -2.765464e-01 -1.044973e-03 2.759050e-04 9.999994e-01 2.993091e+01
9.999840e-01 -9.101119e-05 -5.658489e-03 2.342989e+00 9.737124e-05 9.999994e-01 1.123660e-03 -2.963836e-01 5.658383e-03 -1.124192e-03 9.999834e-01 3.025456e+01
9.999991e-01 -1.898619e-05 1.323608e-03 2.801300e+00 1.949338e-05 9.999999e-01 -3.834376e-04 -3.174652e-01 -1.323601e-03 3.834625e-04 9.999991e-01 3.048010e+01
9.999844e-01 -7.607128e-05 -5.581108e-03 3.349426e+00 8.271744e-05 9.999993e-01 1.190550e-03 -3.441295e-01 5.581014e-03 -1.190992e-03 9.999837e-01 3.077067e+01
9.999970e-01 -1.475996e-04 2.460310e-03 3.892945e+00 1.497720e-04 9.999996e-01 -8.829718e-04 -3.561576e-01 -2.460179e-03 8.833370e-04 9.999966e-01 3.070180e+01
9.999904e-01 6.553237e-05 -4.372868e-03 4.167624e+00 -6.338233e-05 9.999999e-01 4.917337e-04 -3.517094e-01 4.372900e-03 -4.914512e-04 9.999903e-01 2.981461e+01
9.999987e-01 -9.638733e-05 1.598354e-03 4.606749e+00 9.709896e-05 9.999999e-01 -4.453735e-04 -3.588888e-01 -1.598311e-03 4.455275e-04 9.999986e-01 2.954342e+01
9.999870e-01 -6.137338e-05 -5.104635e-03 5.117917e+00 6.663183e-05 9.999995e-01 1.029902e-03 -3.787667e-01 5.104570e-03 -1.030228e-03 9.999864e-01 2.966400e+01
9.999980e-01 -9.304622e-05 1.988481e-03 5.781909e+00 9.455108e-05 9.999997e-01 -7.568834e-04 -3.963770e-01 -1.988410e-03 7.570693e-04 9.999977e-01 2.963611e+01
9.999815e-01 3.213651e-05 -6.084807e-03 6.430759e+00 -2.287301e-05 9.999988e-01 1.522405e-03 -4.248558e-01 6.084849e-03 -1.522237e-03 9.999803e-01 2.986460e+01
9.999981e-01 -2.611115e-04 1.921978e-03 6.965097e+00 2.622417e-04 9.999998e-01 -5.879914e-04 -4.538186e-01 -1.921824e-03 5.884937e-04 9.999980e-01 3.021484e+01
9.999824e-01 6.679079e-05 -5.929621e-03 7.408452e+00 -5.835731e-05 9.999990e-01 1.422365e-03 -4.796537e-01 5.929710e-03 -1.421993e-03 9.999814e-01 3.061681e+01
9.999974e-01 -3.062202e-04 2.265528e-03 8.041385e+00 3.079980e-04 9.999996e-01 -7.846042e-04 -5.028597e-01 -2.265287e-03 7.852994e-04 9.999971e-01 3.082763e+01
9.999864e-01 9.659340e-05 -5.210871e-03 8.730563e+00 -9.164196e-05 9.999995e-01 9.503766e-04 -5.151920e-01 5.210960e-03 -9.498855e-04 9.999860e-01 3.069219e+01
9.999981e-01 -2.419986e-04 1.915598e-03 9.233658e+00 2.433010e-04 9.999997e-01 -6.798785e-04 -5.263972e-01 -1.915433e-03 6.803427e-04 9.999979e-01 3.063217e+01
9.999837e-01 1.913997e-04 -5.714735e-03 9.533613e+00 -1.852240e-04 9.999994e-01 1.081106e-03 -5.379277e-01 5.714939e-03 -1.080029e-03 9.999831e-01 3.069440e+01
9.999978e-01 -2.812679e-04 2.056353e-03 1.003897e+01 2.825508e-04 9.999998e-01 -6.237987e-04 -5.556636e-01 -2.056177e-03 6.243778e-04 9.999977e-01 3.076925e+01
9.999835e-01 1.452701e-04 -5.735585e-03 1.056834e+01 -1.383739e-04 9.999993e-01 1.202675e-03 -5.792717e-01 5.735755e-03 -1.201861e-03 9.999828e-01 3.093192e+01
9.999980e-01 -4.723415e-04 1.941545e-03 1.141516e+01 4.733720e-04 9.999997e-01 -5.305073e-04 -5.978017e-01 -1.941294e-03 5.314247e-04 9.999980e-01 3.090271e+01
9.999752e-01 5.631260e-04 -7.020620e-03 1.176256e+01 -5.543772e-04 9.999991e-01 1.247991e-03 -6.097928e-01 7.021317e-03 -1.244067e-03 9.999746e-01 3.113325e+01
9.999970e-01 -8.394403e-04 2.293657e-03 1.187956e+01 8.404728e-04 9.999995e-01 -4.493812e-04 -6.109487e-01 -2.293279e-03 4.513070e-04 9.999973e-01 3.160029e+01
9.999808e-01 5.692581e-04 -6.165099e-03 1.291414e+01 -5.634748e-04 9.999994e-01 9.397046e-04 -6.283034e-01 6.165630e-03 -9.362121e-04 9.999806e-01 3.148186e+01
9.999977e-01 -6.716286e-04 2.029529e-03 1.381843e+01 6.727725e-04 9.999996e-01 -5.631713e-04 -6.423231e-01 -2.029150e-03 5.645348e-04 9.999978e-01 3.137977e+01
9.999789e-01 5.591060e-04 -6.478996e-03 1.444607e+01 -5.513399e-04 9.999991e-01 1.200318e-03 -6.595441e-01 6.479662e-03 -1.196720e-03 9.999783e-01 3.148496e+01
9.999977e-01 -6.048689e-04 2.044011e-03 1.490377e+01 6.060487e-04 9.999997e-01 -5.768238e-04 -6.706612e-01 -2.043661e-03 5.780606e-04 9.999977e-01 3.164069e+01
9.999831e-01 3.502096e-04 -5.805361e-03 1.575579e+01 -3.403081e-04 9.999985e-01 1.706419e-03 -7.083977e-01 5.805950e-03 -1.704414e-03 9.999817e-01 3.234480e+01
9.999971e-01 -1.166631e-03 2.097811e-03 1.683072e+01 1.167464e-03 9.999992e-01 -3.958212e-04 -7.523350e-01 -2.097348e-03 3.982686e-04 9.999977e-01 3.294810e+01
9.999807e-01 1.058189e-03 -6.127103e-03 1.729853e+01 -1.051740e-03 9.999989e-01 1.055622e-03 -7.726416e-01 6.128214e-03 -1.049157e-03 9.999807e-01 3.312129e+01
9.999960e-01 -1.128319e-03 2.588979e-03 1.760430e+01 1.129874e-03 9.999992e-01 -5.995266e-04 -7.865837e-01 -2.588301e-03 6.024488e-04 9.999965e-01 3.322885e+01
9.999838e-01 1.037072e-03 -5.588650e-03 1.793725e+01 -1.032788e-03 9.999992e-01 7.692560e-04 -7.938479e-01 5.589443e-03 -7.634711e-04 9.999841e-01 3.298525e+01
9.999979e-01 -1.075230e-03 1.734045e-03 1.810437e+01 1.075266e-03 9.999994e-01 -1.992719e-05 -8.111600e-01 -1.734023e-03 2.179110e-05 9.999985e-01 3.332070e+01
9.999818e-01 8.885423e-04 -5.962260e-03 1.895557e+01 -8.822491e-04 9.999991e-01 1.057990e-03 -8.513597e-01 5.963194e-03 -1.052710e-03 9.999817e-01 3.390111e+01
9.999961e-01 -1.422808e-03 2.416977e-03 2.009840e+01 1.423533e-03 9.999989e-01 -2.984492e-04 -8.841835e-01 -2.416550e-03 3.018881e-04 9.999970e-01 3.411381e+01
9.999750e-01 1.435380e-03 -6.927870e-03 2.027290e+01 -1.429412e-03 9.999986e-01 8.662160e-04 -8.891182e-01 6.929104e-03 -8.562909e-04 9.999756e-01 3.411346e+01
9.999986e-01 -1.301877e-03 1.071251e-03 1.993670e+01 1.302082e-03 9.999991e-01 -1.911616e-04 -8.821436e-01 -1.071002e-03 1.925556e-04 9.999994e-01 3.374196e+01
9.999932e-01 1.308556e-03 -3.433782e-03 1.995464e+01 -1.308766e-03 9.999991e-01 -5.917937e-05 -8.795678e-01 3.433702e-03 6.367359e-05 9.999941e-01 3.271419e+01
9.999992e-01 -1.180267e-03 4.388735e-04 2.021233e+01 1.180229e-03 9.999993e-01 8.572377e-05 -8.842781e-01 -4.389745e-04 -8.520633e-05 9.999999e-01 3.225879e+01
9.999924e-01 9.520134e-04 -3.786326e-03 2.068875e+01 -9.498608e-04 9.999994e-01 5.701999e-04 -9.073966e-01 3.786867e-03 -5.665985e-04 9.999927e-01 3.248374e+01
9.999993e-01 -1.167487e-03 2.561836e-06 2.133442e+01 1.167486e-03 9.999993e-01 1.674945e-04 -9.364514e-01 -2.757570e-06 -1.674920e-04 1.000000e+00 3.275256e+01
9.999936e-01 9.083422e-04 -3.470280e-03 2.201321e+01 -9.069422e-04 9.999995e-01 4.048698e-04 -9.578557e-01 3.470646e-03 -4.017193e-04 9.999939e-01 3.285026e+01
9.999987e-01 -1.055752e-03 1.209556e-03 2.240189e+01 1.056341e-03 9.999993e-01 -4.868355e-04 -9.603678e-01 -1.209041e-03 4.881120e-04 9.999992e-01 3.238908e+01
9.999959e-01 9.717826e-04 -2.704078e-03 2.293156e+01 -9.713671e-04 9.999995e-01 1.548019e-04 -9.649434e-01 2.704228e-03 -1.521740e-04 9.999963e-01 3.187459e+01
9.999990e-01 -1.166069e-03 8.079105e-04 2.358359e+01 1.166410e-03 9.999992e-01 -4.222491e-04 -9.666250e-01 -8.074177e-04 4.231904e-04 9.999996e-01 3.130464e+01
9.999954e-01 1.049773e-03 -2.835415e-03 2.413853e+01 -1.049374e-03 9.999994e-01 1.420145e-04 -9.682586e-01 2.835563e-03 -1.390379e-04 9.999960e-01 3.077312e+01
9.999993e-01 -1.167590e-03 -6.374742e-06 2.479875e+01 1.167591e-03 9.999993e-01 1.150449e-04 -9.813180e-01 6.240227e-06 -1.150529e-04 1.000000e+00 3.063464e+01
9.999906e-01 1.017235e-03 -4.207188e-03 2.536787e+01 -1.013956e-03 9.999992e-01 7.813202e-04 -1.007336e+00 4.207980e-03 -7.770464e-04 9.999908e-01 3.101459e+01
9.999991e-01 -1.299029e-03 3.362980e-04 2.595105e+01 1.298979e-03 9.999991e-01 1.460826e-04 -1.037666e+00 -3.364876e-04 -1.456463e-04 9.999999e-01 3.147020e+01
9.999863e-01 1.245412e-03 -5.080573e-03 2.617954e+01 -1.241927e-03 9.999990e-01 6.889126e-04 -1.051219e+00 5.081426e-03 -6.825928e-04 9.999869e-01 3.177064e+01
9.999993e-01 -1.164923e-03 -3.416768e-04 2.609542e+01 1.164939e-03 9.999993e-01 4.647859e-05 -1.050497e+00 3.416222e-04 -4.687718e-05 9.999999e-01 3.178540e+01
9.999939e-01 9.518852e-04 -3.354822e-03 2.652665e+01 -9.484848e-04 9.999990e-01 1.014916e-03 -1.085487e+00 3.355785e-03 -1.011727e-03 9.999939e-01 3.232850e+01
9.999982e-01 -1.807506e-03 -5.563489e-04 2.845269e+01 1.807920e-03 9.999981e-01 7.452987e-04 -1.164196e+00 5.550005e-04 -7.463038e-04 9.999996e-01 3.343230e+01
