9.999926e-01 -9.174641e-04 -3.742476e-03 -1.504335e-01 9.253064e-04 9.999974e-01 2.094303e-03 -9.184869e-03 3.740544e-03 -2.097751e-03 9.999908e-01 2.599039e+00
9.999986e-01 -9.168772e-06 1.697071e-03 7.678419e-04 9.849623e-06 9.999999e-01 -4.011691e-04 -4.175401e-02 -1.697067e-03 4.011860e-04 9.999985e-01 5.505051e+00
9.999841e-01 -1.142935e-03 -5.524043e-03 -2.815606e-01 1.151030e-03 9.999983e-01 1.462622e-03 -4.253343e-02 5.522361e-03 -1.468957e-03 9.999837e-01 7.552802e+00
9.999983e-01 8.421438e-04 1.650557e-03 -2.925819e-01 -8.411728e-04 9.999995e-01 -5.888512e-04 -5.438242e-02 -1.651052e-03 5.874625e-04 9.999985e-01 8.439584e+00
9.999806e-01 -1.018376e-03 -6.137898e-03 -3.309234e-01 1.027606e-03 9.999983e-01 1.500760e-03 -6.240039e-02 6.136359e-03 -1.507039e-03 9.999800e-01 9.155668e+00
9.999974e-01 6.863373e-04 2.174622e-03 -4.647197e-01 -6.851390e-04 9.999996e-01 -5.517210e-04 -6.814840e-02 -2.174999e-03 5.502304e-04 9.999975e-01 1.011251e+01
9.998797e-01 -6.804305e-04 -1.549487e-02 -2.246029e+00 7.213777e-04 9.999963e-01 2.637194e-03 -5.213198e-03 1.549302e-02 -2.648055e-03 9.998765e-01 9.957547e+00
9.999978e-01 2.406437e-04 2.086399e-03 -3.878323e+00 -2.389698e-04 9.999996e-01 -8.024941e-04 6.250149e-02 -2.086591e-03 8.019945e-04 9.999975e-01 1.010175e+01
9.999715e-01 -7.126312e-04 -7.518969e-03 -4.250107e+00 7.271086e-04 9.999979e-01 1.922896e-03 7.319963e-02 7.517582e-03 -1.928309e-03 9.999699e-01 1.115962e+01
9.999977e-01 -1.173956e-04 2.157802e-03 -4.773425e+00 1.175105e-04 1.000000e+00 -5.307507e-05 8.811917e-02 -2.157796e-03 5.332922e-05 9.999977e-01 1.324471e+01
9.999643e-01 -1.541528e-03 -8.304627e-03 -5.728716e+00 1.560302e-03 9.999962e-01 2.254763e-03 1.257112e-01 8.301119e-03 -2.267641e-03 9.999630e-01 1.613342e+01
9.999985e-01 2.403209e-04 1.734543e-03 -6.435900e+00 -2.391293e-04 9.999997e-01 -6.871153e-04 1.556514e-01 -1.734708e-03 6.867001e-04 9.999983e-01 1.814252e+01
9.999727e-01 -1.016906e-03 -7.318933e-03 -6.828211e+00 1.035636e-03 9.999962e-01 2.555782e-03 1.642658e-01 7.316306e-03 -2.563293e-03 9.999700e-01 2.025797e+01
9.999957e-01 -4.615575e-06 2.947676e-03 -6.935074e+00 7.975144e-06 9.999994e-01 -1.139707e-03 1.571480e-01 -2.947668e-03 1.139727e-03 9.999950e-01 2.223449e+01
9.999673e-01 -5.632783e-04 -8.070124e-03 -7.238487e+00 5.853943e-04 9.999961e-01 2.738396e-03 1.603281e-01 8.068549e-03 -2.743032e-03 9.999637e-01 2.392231e+01
9.999869e-01 -7.974026e-04 -5.065556e-03 -9.307786e+00 7.973731e-04 9.999997e-01 -7.853531e-06 2.677513e-01 5.065561e-03 3.814998e-06 9.999872e-01 2.591882e+01
9.998491e-01 -4.085438e-04 -1.736864e-02 -1.273744e+01 4.544342e-04 9.999964e-01 2.638282e-03 4.304897e-01 1.736750e-02 -2.645777e-03 9.998457e-01 2.615623e+01
9.999992e-01 1.831508e-04 1.260770e-03 -1.488195e+01 -1.826895e-04 9.999999e-01 -3.659646e-04 5.089034e-01 -1.260837e-03 3.657347e-04 9.999991e-01 2.574613e+01
9.998410e-01 -3.866784e-04 -1.782926e-02 -1.712694e+01 4.352437e-04 9.999962e-01 2.720109e-03 5.895807e-01 1.782814e-02 -2.727437e-03 9.998373e-01 2.523973e+01
9.999995e-01 -3.248627e-05 -1.034382e-03 -1.980173e+01 3.232305e-05 1.000000e+00 -1.578845e-04 6.992868e-01 1.034387e-03 1.578516e-04 9.999995e-01 2.496961e+01
9.998095e-01 -9.447341e-04 -1.949547e-02 -2.302226e+01 1.004403e-03 9.999948e-01 3.051076e-03 8.608780e-01 1.949249e-02 -3.070077e-03 9.998053e-01 2.570984e+01
9.999769e-01 -7.669583e-04 6.753032e-03 -2.507743e+01 7.682615e-04 9.999997e-01 -1.903717e-04 9.670361e-01 -6.752884e-03 1.955561e-04 9.999772e-01 2.834752e+01
9.999551e-01 -1.231247e-03 -9.395333e-03 -2.553188e+01 1.257861e-03 9.999952e-01 2.827411e-03 9.559111e-01 9.391806e-03 -2.839103e-03 9.999519e-01 3.235615e+01
9.999919e-01 -8.217286e-04 -3.939333e-03 -2.795711e+01 8.227542e-04 9.999996e-01 2.587046e-04 1.081363e+00 3.939119e-03 -2.619429e-04 9.999922e-01 3.528978e+01
9.998172e-01 -9.780796e-04 -1.909346e-02 -3.195479e+01 1.045260e-03 9.999933e-01 3.508836e-03 1.289117e+00 1.908990e-02 -3.528153e-03 9.998115e-01 3.714587e+01
9.999927e-01 -1.107421e-03 -3.643417e-03 -3.601284e+01 1.109326e-03 9.999992e-01 5.208504e-04 1.501728e+00 3.642838e-03 -5.248876e-04 9.999932e-01 3.947080e+01
9.998302e-01 -9.612159e-04 -1.840037e-02 -3.983664e+01 1.017083e-03 9.999949e-01 3.027059e-03 1.701327e+00 1.839736e-02 -3.045260e-03 9.998261e-01 4.148162e+01
9.999998e-01 -3.306235e-04 4.720060e-04 -4.274917e+01 3.307810e-04 9.999999e-01 -3.334157e-04 1.847628e+00 -4.718954e-04 3.335725e-04 9.999998e-01 4.275501e+01
9.997538e-01 -1.106988e-03 -2.216181e-02 -4.653743e+01 1.194761e-03 9.999915e-01 3.947696e-03 2.043857e+00 2.215725e-02 -3.973203e-03 9.997466e-01 4.443330e+01
9.999993e-01 -7.955608e-04 -9.145483e-04 -5.045491e+01 7.948513e-04 9.999994e-01 -7.760356e-04 2.242617e+00 9.151655e-04 7.753088e-04 9.999993e-01 4.593108e+01
9.997879e-01 -3.154018e-04 -2.059190e-02 -5.383632e+01 3.873895e-04 9.999938e-01 3.492031e-03 2.406879e+00 2.059067e-02 -3.499269e-03 9.997819e-01 4.641443e+01
9.999975e-01 -5.760082e-04 2.153049e-03 -5.672864e+01 5.778602e-04 9.999995e-01 -8.595777e-04 2.547359e+00 -2.152553e-03 8.608205e-04 9.999973e-01 4.714861e+01
9.999003e-01 -4.796261e-04 -1.411505e-02 -5.839765e+01 5.176810e-04 9.999962e-01 2.692538e-03 2.624962e+00 1.411370e-02 -2.699577e-03 9.998968e-01 4.824890e+01
9.999586e-01 -7.265104e-05 9.103189e-03 -5.879641e+01 8.594804e-05 9.999989e-01 -1.460298e-03 2.634815e+00 -9.103073e-03 1.461020e-03 9.999575e-01 4.961889e+01
9.999016e-01 -5.255034e-04 -1.401750e-02 -5.915185e+01 5.598219e-04 9.999969e-01 2.444457e-03 2.640546e+00 1.401617e-02 -2.452065e-03 9.998988e-01 5.067686e+01
9.999641e-01 4.428797e-04 8.458756e-03 -5.947725e+01 -4.294561e-04 9.999986e-01 -1.588673e-03 2.645931e+00 -8.459448e-03 1.584984e-03 9.999630e-01 5.109961e+01
9.998961e-01 -7.563845e-04 -1.439791e-02 -5.986592e+01 7.959141e-04 9.999959e-01 2.739988e-03 2.658735e+00 1.439578e-02 -2.751163e-03 9.998926e-01 5.198361e+01
9.999538e-01 2.858665e-04 9.603428e-03 -6.011470e+01 -2.688267e-04 9.999984e-01 -1.775570e-03 2.661885e+00 -9.603919e-03 1.772907e-03 9.999523e-01 5.299843e+01
9.998924e-01 -9.213602e-04 -1.463739e-02 -6.043184e+01 9.618021e-04 9.999957e-01 2.756128e-03 2.669780e+00 1.463479e-02 -2.769911e-03 9.998891e-01 5.416856e+01
9.999536e-01 5.939741e-04 9.612350e-03 -6.068255e+01 -5.760478e-04 9.999981e-01 -1.867569e-03 2.672493e+00 -9.613440e-03 1.861946e-03 9.999521e-01 5.491691e+01
9.998785e-01 -6.913067e-04 -1.557193e-02 -6.105132e+01 7.339322e-04 9.999960e-01 2.731787e-03 2.680489e+00 1.556998e-02 -2.742885e-03 9.998750e-01 5.530865e+01
9.999453e-01 5.292312e-04 1.044350e-02 -6.129693e+01 -5.088873e-04 9.999980e-01 -1.950542e-03 2.680828e+00 -1.044451e-02 1.945121e-03 9.999436e-01 5.579556e+01
9.998951e-01 -6.210580e-04 -1.446751e-02 -6.132638e+01 6.615322e-04 9.999959e-01 2.792988e-03 2.668887e+00 1.446572e-02 -2.802267e-03 9.998914e-01 5.641513e+01
9.999392e-01 4.935623e-04 1.101786e-02 -6.128888e+01 -4.709164e-04 9.999978e-01 -2.057862e-03 2.650380e+00 -1.101885e-02 2.052549e-03 9.999372e-01 5.707318e+01
9.998548e-01 -5.183947e-04 -1.703402e-02 -6.163192e+01 5.674086e-04 9.999957e-01 2.872715e-03 2.657292e+00 1.703246e-02 -2.881964e-03 9.998508e-01 5.734925e+01
9.999229e-01 4.440857e-04 1.240630e-02 -6.180819e+01 -4.181917e-04 9.999977e-01 -2.089667e-03 2.653672e+00 -1.240720e-02 2.084319e-03 9.999209e-01 5.782827e+01
9.998553e-01 -7.417875e-04 -1.699601e-02 -6.203717e+01 7.947482e-04 9.999948e-01 3.109536e-03 2.652785e+00 1.699361e-02 -3.122594e-03 9.998507e-01 5.881291e+01
9.999286e-01 4.729082e-04 1.194386e-02 -6.227757e+01 -4.461418e-04 9.999974e-01 -2.243567e-03 2.656400e+00 -1.194489e-02 2.238079e-03 9.999262e-01 5.950672e+01
9.996806e-01 -4.536295e-04 -2.527002e-02 -6.402728e+01 5.579043e-04 9.999914e-01 4.119536e-03 2.717924e+00 2.526793e-02 -4.132319e-03 9.996722e-01 5.927175e+01
9.999340e-01 1.774375e-04 1.148865e-02 -6.577298e+01 -1.480531e-04 9.999967e-01 -2.558477e-03 2.777205e+00 -1.148907e-02 2.556608e-03 9.999307e-01 5.894503e+01
9.998881e-01 -2.376993e-04 -1.495887e-02 -6.570415e+01 2.872329e-04 9.999945e-01 3.309270e-03 2.758695e+00 1.495800e-02 -3.313197e-03 9.998826e-01 5.954377e+01
9.999955e-01 3.405304e-04 2.994741e-03 -6.723214e+01 -3.357971e-04 9.999987e-01 -1.580816e-03 2.804305e+00 -2.995275e-03 1.579804e-03 9.999943e-01 5.915969e+01
9.998505e-01 -5.072728e-04 -1.728310e-02 -6.916648e+01 5.660116e-04 9.999941e-01 3.393918e-03 2.861334e+00 1.728128e-02 -3.403194e-03 9.998449e-01 5.853131e+01
9.999461e-01 5.523811e-04 1.036837e-02 -6.972183e+01 -5.256985e-04 9.999965e-01 -2.575989e-03 2.870945e+00 -1.036975e-02 2.570400e-03 9.999429e-01 5.832055e+01
9.999006e-01 -5.135572e-04 -1.409209e-02 -6.971100e+01 5.588079e-04 9.999947e-01 3.207337e-03 2.855865e+00 1.409036e-02 -3.214894e-03 9.998956e-01 5.867803e+01
9.999415e-01 4.810391e-04 1.080281e-02 -6.965797e+01 -4.533514e-04 9.999966e-01 -2.565299e-03 2.838560e+00 -1.080401e-02 2.560252e-03 9.999384e-01 5.916287e+01
9.999038e-01 -5.645312e-04 -1.385786e-02 -6.949269e+01 6.108240e-04 9.999942e-01 3.336557e-03 2.811586e+00 1.385589e-02 -3.344701e-03 9.998984e-01 5.987291e+01
9.999409e-01 2.752782e-04 1.086492e-02 -6.914153e+01 -2.493462e-04 9.999971e-01 -2.388034e-03 2.779334e+00 -1.086554e-02 2.385185e-03 9.999381e-01 6.076961e+01
9.998872e-01 -3.657135e-04 -1.501466e-02 -6.908282e+01 4.157169e-04 9.999944e-01 3.327333e-03 2.769133e+00 1.501336e-02 -3.333200e-03 9.998817e-01 6.139639e+01
9.999417e-01 2.314441e-04 1.079575e-02 -6.900312e+01 -2.067447e-04 9.999974e-01 -2.288915e-03 2.753920e+00 -1.079625e-02 2.286551e-03 9.999391e-01 6.198662e+01
9.998860e-01 -5.621300e-04 -1.508902e-02 -6.905776e+01 6.094875e-04 9.999949e-01 3.134135e-03 2.747168e+00 1.508718e-02 -3.142974e-03 9.998812e-01 6.288188e+01
9.999443e-01 4.465058e-04 1.054584e-02 -6.912937e+01 -4.222751e-04 9.999973e-01 -2.299748e-03 2.739527e+00 -1.054684e-02 2.295167e-03 9.999417e-01 6.339170e+01
9.998797e-01 -3.045763e-04 -1.551001e-02 -6.926476e+01 3.531503e-04 9.999950e-01 3.129156e-03 2.729750e+00 1.550898e-02 -3.134258e-03 9.998748e-01 6.338214e+01
9.999364e-01 3.833284e-04 1.127443e-02 -6.936644e+01 -3.535279e-04 9.999964e-01 -2.645047e-03 2.721815e+00 -1.127540e-02 2.640894e-03 9.999329e-01 6.308186e+01
9.998708e-01 -4.572735e-04 -1.606914e-02 -6.951559e+01 5.142241e-04 9.999936e-01 3.540158e-03 2.714823e+00 1.606741e-02 -3.547965e-03 9.998646e-01 6.359900e+01
9.999529e-01 2.934297e-04 9.696797e-03 -6.997469e+01 -2.679078e-04 9.999965e-01 -2.633163e-03 2.735458e+00 -9.697536e-03 2.630442e-03 9.999495e-01 6.416677e+01
9.999026e-01 -4.743379e-04 -1.394550e-02 -7.005052e+01 5.217450e-04 9.999941e-01 3.396029e-03 2.730069e+00 1.394381e-02 -3.402975e-03 9.998970e-01 6.491086e+01
9.999534e-01 3.906033e-04 9.644659e-03 -7.007677e+01 -3.659816e-04 9.999967e-01 -2.554490e-03 2.720579e+00 -9.645624e-03 2.550842e-03 9.999502e-01 6.552984e+01
9.999000e-01 -6.477540e-04 -1.412640e-02 -7.012497e+01 6.961733e-04 9.999939e-01 3.422944e-03 2.713871e+00 1.412409e-02 -3.432437e-03 9.998944e-01 6.633633e+01
9.999632e-01 5.980469e-04 8.555639e-03 -7.044565e+01 -5.752398e-04 9.999963e-01 -2.667929e-03 2.719844e+00 -8.557202e-03 2.662910e-03 9.999598e-01 6.670676e+01
9.999091e-01 -6.967583e-04 -1.346161e-02 -7.061720e+01 7.433597e-04 9.999937e-01 3.457118e-03 2.719685e+00 1.345912e-02 -3.466811e-03 9.999034e-01 6.729115e+01
9.999578e-01 4.827297e-04 9.171182e-03 -7.063995e+01 -4.590910e-04 9.999966e-01 -2.579400e-03 2.708340e+00 -9.172395e-03 2.575081e-03 9.999546e-01 6.806100e+01
9.999137e-01 -6.696270e-04 -1.312320e-02 -7.068865e+01 7.134238e-04 9.999942e-01 3.332972e-03 2.697768e+00 1.312089e-02 -3.342047e-03 9.999083e-01 6.876619e+01
9.999590e-01 4.871046e-04 9.037814e-03 -7.057578e+01 -4.654985e-04 9.999970e-01 -2.392557e-03 2.680606e+00 -9.038953e-03 2.388253e-03 9.999563e-01 6.947366e+01
9.999042e-01 -7.675091e-04 -1.382340e-02 -7.073372e+01 8.140723e-04 9.999940e-01 3.363130e-03 2.677604e+00 1.382074e-02 -3.374062e-03 9.998988e-01 7.030244e+01
9.999575e-01 4.902092e-04 9.203545e-03 -7.082423e+01 -4.689087e-04 9.999972e-01 -2.316363e-03 2.670283e+00 -9.204654e-03 2.311949e-03 9.999550e-01 7.121836e+01
9.999111e-01 -7.260518e-04 -1.331188e-02 -7.057908e+01 7.683077e-04 9.999947e-01 3.169472e-03 2.650802e+00 1.330951e-02 -3.179419e-03 9.999064e-01 7.193434e+01
9.999546e-01 4.669061e-04 9.519937e-03 -7.036213e+01 -4.476273e-04 9.999978e-01 -2.027106e-03 2.626351e+00 -9.520862e-03 2.022753e-03 9.999526e-01 7.285479e+01
9.999072e-01 -7.164805e-04 -1.360252e-02 -7.029420e+01 7.549320e-04 9.999957e-01 2.821880e-03 2.611339e+00 1.360044e-02 -2.831888e-03 9.999035e-01 7.358703e+01
9.999547e-01 6.974593e-04 9.487634e-03 -7.030267e+01 -6.768691e-04 9.999974e-01 -2.173230e-03 2.600180e+00 -9.489125e-03 2.166710e-03 9.999526e-01 7.398012e+01
9.999133e-01 -1.033453e-03 -1.313014e-02 -7.042799e+01 1.079415e-03 9.999933e-01 3.493937e-03 2.588884e+00 1.312644e-02 -3.507807e-03 9.999077e-01 7.537800e+01
9.999616e-01 4.562425e-04 8.746282e-03 -7.070567e+01 -4.331179e-04 9.999964e-01 -2.645615e-03 2.593290e+00 -8.747457e-03 2.641726e-03 9.999583e-01 7.657582e+01
9.999126e-01 -5.185471e-04 -1.321259e-02 -7.073978e+01 5.626219e-04 9.999943e-01 3.332336e-03 2.585594e+00 1.321078e-02 -3.339479e-03 9.999072e-01 7.708637e+01
9.999548e-01 4.687691e-04 9.498197e-03 -7.044236e+01 -4.419603e-04 9.999959e-01 -2.824385e-03 2.571421e+00 -9.499482e-03 2.820060e-03 9.999509e-01 7.721825e+01
9.999108e-01 -6.459893e-04 -1.333834e-02 -7.043063e+01 6.991439e-04 9.999918e-01 3.980834e-03 2.554494e+00 1.333566e-02 -3.989805e-03 9.999031e-01 7.846221e+01
9.999587e-01 1.001377e-04 9.082362e-03 -7.058920e+01 -8.119851e-05 9.999978e-01 -2.085586e-03 2.542474e+00 -9.082551e-03 2.084763e-03 9.999566e-01 8.057255e+01
9.999111e-01 -2.005546e-03 -1.318390e-02 -7.133010e+01 2.068151e-03 9.999866e-01 4.736743e-03 2.552865e+00 1.317422e-02 -4.763589e-03 9.999019e-01 8.435169e+01
9.999570e-01 -3.109510e-04 9.264091e-03 -7.217739e+01 3.314017e-04 9.999975e-01 -2.206042e-03 2.568515e+00 -9.263381e-03 2.209018e-03 9.999547e-01 8.839359e+01
9.999210e-01 -1.483909e-03 -1.248089e-02 -7.265906e+01 1.541525e-03 9.999882e-01 4.607977e-03 2.562840e+00 1.247391e-02 -4.626853e-03 9.999115e-01 9.189898e+01
9.999508e-01 -3.246051e-04 9.915826e-03 -7.295902e+01 3.429061e-04 9.999982e-01 -1.843964e-03 2.541188e+00 -9.915209e-03 1.847274e-03 9.999491e-01 9.584659e+01
9.999256e-01 -1.292318e-03 -1.213355e-02 -7.296967e+01 1.344697e-03 9.999898e-01 4.309736e-03 2.505039e+00 1.212785e-02 -4.325732e-03 9.999171e-01 9.937781e+01
9.999520e-01 -2.262974e-04 9.790857e-03 -7.307307e+01 2.437832e-04 9.999984e-01 -1.784750e-03 2.474880e+00 -9.790437e-03 1.787052e-03 9.999505e-01 1.026793e+02
9.999145e-01 -1.244559e-03 -1.301372e-02 -7.327605e+01 1.291973e-03 9.999926e-01 3.635647e-03 2.459153e+00 1.300910e-02 -3.652150e-03 9.999087e-01 1.053588e+02
9.999436e-01 6.679172e-04 1.059789e-02 -7.312424e+01 -6.430793e-04 9.999970e-01 -2.346874e-03 2.429070e+00 -1.059943e-02 2.339927e-03 9.999411e-01 1.069004e+02
9.999076e-01 -9.772358e-04 -1.355877e-02 -7.269516e+01 1.023877e-03 9.999936e-01 3.433398e-03 2.395115e+00 1.355532e-02 -3.446964e-03 9.999022e-01 1.079748e+02
9.999435e-01 8.646485e-04 1.059627e-02 -7.235380e+01 -8.313985e-04 9.999947e-01 -3.141875e-03 2.380905e+00 -1.059893e-02 3.132888e-03 9.999389e-01 1.080269e+02
9.998993e-01 -8.779210e-04 -1.416420e-02 -7.209660e+01 9.284574e-04 9.999932e-01 3.561731e-03 2.367074e+00 1.416098e-02 -3.574524e-03 9.998933e-01 1.082190e+02
9.999523e-01 8.154003e-04 9.736527e-03 -7.205203e+01 -7.881824e-04 9.999958e-01 -2.798929e-03 2.355191e+00 -9.738768e-03 2.791122e-03 9.999487e-01 1.086886e+02
9.999064e-01 -1.002629e-03 -1.364456e-02 -7.178165e+01 1.052543e-03 9.999928e-01 3.651450e-03 2.334993e+00 1.364080e-02 -3.665471e-03 9.999002e-01 1.092860e+02
9.999439e-01 8.003017e-04 1.055897e-02 -7.131630e+01 -7.669362e-04 9.999947e-01 -3.163563e-03 2.314419e+00 -1.056145e-02 3.155288e-03 9.999392e-01 1.095990e+02
9.999035e-01 -9.515676e-04 -1.386264e-02 -7.080147e+01 1.002454e-03 9.999928e-01 3.664314e-03 2.292762e+00 1.385905e-02 -3.677857e-03 9.998972e-01 1.099086e+02
9.999441e-01 8.269508e-04 1.054534e-02 -7.024052e+01 -7.922757e-04 9.999943e-01 -3.291919e-03 2.274686e+00 -1.054800e-02 3.283380e-03 9.999390e-01 1.099561e+02
9.999048e-01 -1.070890e-03 -1.375364e-02 -6.954140e+01 1.123584e-03 9.999921e-01 3.824134e-03 2.254565e+00 1.374943e-02 -3.839225e-03 9.998981e-01 1.100872e+02
9.999450e-01 9.273617e-04 1.044622e-02 -6.899636e+01 -8.936535e-04 9.999944e-01 -3.231014e-03 2.225783e+00 -1.044916e-02 3.221501e-03 9.999402e-01 1.105111e+02
9.999017e-01 -1.079754e-03 -1.398053e-02 -6.834325e+01 1.131408e-03 9.999926e-01 3.687294e-03 2.205435e+00 1.397645e-02 -3.702750e-03 9.998955e-01 1.106153e+02
9.999456e-01 1.101062e-03 1.037167e-02 -6.812329e+01 -1.069805e-03 9.999949e-01 -3.018791e-03 2.181553e+00 -1.037494e-02 3.007532e-03 9.999417e-01 1.110733e+02
9.999040e-01 -1.138761e-03 -1.380593e-02 -6.786533e+01 1.190749e-03 9.999922e-01 3.757981e-03 2.157171e+00 1.380154e-02 -3.774060e-03 9.998976e-01 1.115872e+02
9.999386e-01 1.003091e-03 1.103258e-02 -6.716998e+01 -9.633970e-04 9.999930e-01 -3.602575e-03 2.140303e+00 -1.103612e-02 3.591726e-03 9.999326e-01 1.114802e+02
9.999004e-01 -1.127868e-03 -1.406944e-02 -6.651251e+01 1.181166e-03 9.999922e-01 3.780521e-03 2.127038e+00 1.406507e-02 -3.796763e-03 9.998939e-01 1.113011e+02
9.999377e-01 1.008144e-03 1.112021e-02 -6.587376e+01 -9.689688e-04 9.999933e-01 -3.527643e-03 2.111090e+00 -1.112370e-02 3.516649e-03 9.999319e-01 1.111548e+02
9.998933e-01 -1.111869e-03 -1.456833e-02 -6.541538e+01 1.166779e-03 9.999922e-01 3.761173e-03 2.103818e+00 1.456404e-02 -3.777770e-03 9.998868e-01 1.108932e+02
9.999275e-01 1.062089e-03 1.199554e-02 -6.508268e+01 -1.015550e-03 9.999919e-01 -3.885105e-03 2.103176e+00 -1.199957e-02 3.872642e-03 9.999205e-01 1.102882e+02
9.998997e-01 -1.109021e-03 -1.411731e-02 -6.478296e+01 1.159033e-03 9.999931e-01 3.534898e-03 2.105008e+00 1.411329e-02 -3.550906e-03 9.998941e-01 1.095374e+02
9.999294e-01 1.020928e-03 1.183657e-02 -6.413087e+01 -9.771584e-04 9.999927e-01 -3.702980e-03 2.100749e+00 -1.184026e-02 3.691153e-03 9.999231e-01 1.090588e+02
9.999086e-01 -1.124783e-03 -1.346946e-02 -6.374141e+01 1.168189e-03 9.999941e-01 3.215191e-03 2.105180e+00 1.346576e-02 -3.230633e-03 9.999041e-01 1.081793e+02
9.999275e-01 1.033256e-03 1.199503e-02 -6.347658e+01 -9.883604e-04 9.999925e-01 -3.748185e-03 2.109332e+00 -1.199881e-02 3.736059e-03 9.999210e-01 1.072569e+02
9.999086e-01 -1.062887e-03 -1.347765e-02 -6.338023e+01 1.105802e-03 9.999943e-01 3.177095e-03 2.114265e+00 1.347420e-02 -3.191709e-03 9.999041e-01 1.061132e+02
9.999250e-01 9.993235e-04 1.220385e-02 -6.308958e+01 -9.529311e-04 9.999923e-01 -3.806656e-03 2.119400e+00 -1.220756e-02 3.794741e-03 9.999183e-01 1.051315e+02
9.998983e-01 -1.067620e-03 -1.422303e-02 -6.262899e+01 1.115034e-03 9.999938e-01 3.326115e-03 2.122831e+00 1.421939e-02 -3.341636e-03 9.998933e-01 1.043612e+02
9.999198e-01 9.828615e-04 1.262685e-02 -6.218227e+01 -9.354216e-04 9.999925e-01 -3.762399e-03 2.128347e+00 -1.263046e-02 3.750286e-03 9.999132e-01 1.034873e+02
9.999097e-01 -1.083404e-03 -1.339790e-02 -6.197837e+01 1.124268e-03 9.999947e-01 3.042923e-03 2.136401e+00 1.339453e-02 -3.057712e-03 9.999056e-01 1.022089e+02
9.999190e-01 9.608659e-04 1.269474e-02 -6.161902e+01 -9.122384e-04 9.999922e-01 -3.835742e-03 2.144499e+00 -1.269833e-02 3.823851e-03 9.999121e-01 1.010684e+02
9.999084e-01 -1.087862e-03 -1.349458e-02 -6.141554e+01 1.130581e-03 9.999944e-01 3.158497e-03 2.152658e+00 1.349107e-02 -3.173464e-03 9.999040e-01 9.978170e+01
9.999193e-01 9.816431e-04 1.266254e-02 -6.124647e+01 -9.325303e-04 9.999920e-01 -3.883893e-03 2.159818e+00 -1.266625e-02 3.871773e-03 9.999123e-01 9.852218e+01
9.999090e-01 -1.092921e-03 -1.344451e-02 -6.105556e+01 1.134996e-03 9.999945e-01 3.122290e-03 2.168233e+00 1.344103e-02 -3.137266e-03 9.999047e-01 9.724133e+01
9.999235e-01 1.035812e-03 1.232810e-02 -6.098684e+01 -9.885909e-04 9.999922e-01 -3.835822e-03 2.175668e+00 -1.233198e-02 3.823342e-03 9.999166e-01 9.588482e+01
9.999114e-01 -1.163076e-03 -1.326363e-02 -6.067423e+01 1.204912e-03 9.999943e-01 3.146659e-03 2.182293e+00 1.325989e-02 -3.162362e-03 9.999071e-01 9.482983e+01
9.999197e-01 9.709975e-04 1.263798e-02 -6.017607e+01 -9.215585e-04 9.999919e-01 -3.917157e-03 2.191333e+00 -1.264168e-02 3.905196e-03 9.999125e-01 9.373144e+01
9.999119e-01 -1.253204e-03 -1.321496e-02 -5.935508e+01 1.295450e-03 9.999941e-01 3.188831e-03 2.199353e+00 1.321088e-02 -3.205670e-03 9.999076e-01 9.276729e+01
9.999182e-01 1.019500e-03 1.274700e-02 -5.863853e+01 -9.691405e-04 9.999917e-01 -3.956233e-03 2.204491e+00 -1.275092e-02 3.943557e-03 9.999109e-01 9.186078e+01
9.999122e-01 -1.248764e-03 -1.319274e-02 -5.827826e+01 1.290963e-03 9.999941e-01 3.190671e-03 2.213721e+00 1.318868e-02 -3.207422e-03 9.999079e-01 9.064593e+01
9.999249e-01 1.173684e-03 1.220037e-02 -5.812713e+01 -1.126485e-03 9.999919e-01 -3.874734e-03 2.220495e+00 -1.220482e-02 3.860700e-03 9.999181e-01 8.941123e+01
9.999103e-01 -1.264867e-03 -1.333557e-02 -5.775149e+01 1.308601e-03 9.999938e-01 3.271299e-03 2.225615e+00 1.333135e-02 -3.288457e-03 9.999057e-01 8.848887e+01
9.999254e-01 1.070281e-03 1.216695e-02 -5.693267e+01 -1.022597e-03 9.999918e-01 -3.924631e-03 2.233871e+00 -1.217105e-02 3.911897e-03 9.999183e-01 8.759681e+01
9.999157e-01 -1.206748e-03 -1.292428e-02 -5.642688e+01 1.246893e-03 9.999944e-01 3.098519e-03 2.241661e+00 1.292047e-02 -3.114374e-03 9.999117e-01 8.654488e+01
9.999238e-01 1.062125e-03 1.230085e-02 -5.603459e+01 -1.014454e-03 9.999920e-01 -3.880985e-03 2.249525e+00 -1.230487e-02 3.868211e-03 9.999168e-01 8.544042e+01
9.999152e-01 -1.183638e-03 -1.297174e-02 -5.584822e+01 1.224327e-03 9.999944e-01 3.129263e-03 2.258169e+00 1.296797e-02 -3.144880e-03 9.999110e-01 8.411954e+01
9.999307e-01 1.186660e-03 1.171514e-02 -5.579206e+01 -1.142146e-03 9.999921e-01 -3.805555e-03 2.265212e+00 -1.171956e-02 3.791912e-03 9.999241e-01 8.279717e+01
9.999170e-01 -1.245297e-03 -1.282433e-02 -5.568626e+01 1.285618e-03 9.999943e-01 3.136389e-03 2.271716e+00 1.282035e-02 -3.152616e-03 9.999128e-01 8.152921e+01
9.999439e-01 1.277288e-03 1.051422e-02 -5.526032e+01 -1.244360e-03 9.999943e-01 -3.137659e-03 2.258448e+00 -1.051817e-02 3.124400e-03 9.999398e-01 8.140238e+01
9.999119e-01 -1.444347e-03 -1.319123e-02 -5.462731e+01 1.486856e-03 9.999937e-01 3.213246e-03 2.245426e+00 1.318650e-02 -3.232578e-03 9.999078e-01 8.120489e+01
9.999487e-01 1.239015e-03 1.005507e-02 -5.407461e+01 -1.211924e-03 9.999956e-01 -2.699840e-03 2.221856e+00 -1.005837e-02 2.687516e-03 9.999458e-01 8.140154e+01
9.998861e-01 -1.266273e-03 -1.504216e-02 -5.437533e+01 1.317986e-03 9.999933e-01 3.428448e-03 2.234450e+00 1.503771e-02 -3.447883e-03 9.998810e-01 8.209637e+01
9.999515e-01 1.094256e-03 9.790197e-03 -5.452332e+01 -1.069060e-03 9.999961e-01 -2.578461e-03 2.244132e+00 -9.792980e-03 2.567870e-03 9.999488e-01 8.261096e+01
9.999227e-01 -1.282547e-03 -1.236739e-02 -5.399140e+01 1.313277e-03 9.999961e-01 2.476922e-03 2.244371e+00 1.236417e-02 -2.492973e-03 9.999205e-01 8.203096e+01
9.999324e-01 1.105521e-03 1.157387e-02 -5.351956e+01 -1.068898e-03 9.999944e-01 -3.169940e-03 2.252969e+00 -1.157731e-02 3.157355e-03 9.999280e-01 8.093322e+01
9.999269e-01 -1.271042e-03 -1.202578e-02 -5.325334e+01 1.299854e-03 9.999963e-01 2.388380e-03 2.260628e+00 1.202270e-02 -2.403838e-03 9.999248e-01 7.972112e+01
9.999389e-01 1.075750e-03 1.099803e-02 -5.296212e+01 -1.042822e-03 9.999950e-01 -2.999184e-03 2.266273e+00 -1.100120e-02 2.987532e-03 9.999350e-01 7.870642e+01
9.999223e-01 -1.203041e-03 -1.240588e-02 -5.271170e+01 1.234641e-03 9.999960e-01 2.539794e-03 2.269176e+00 1.240277e-02 -2.554914e-03 9.999198e-01 7.776607e+01
9.999347e-01 1.086723e-03 1.137714e-02 -5.262921e+01 -1.049506e-03 9.999941e-01 -3.276642e-03 2.276436e+00 -1.138063e-02 3.264488e-03 9.999299e-01 7.639581e+01
9.999180e-01 -1.178031e-03 -1.275035e-02 -5.258974e+01 1.212038e-03 9.999957e-01 2.659742e-03 2.282923e+00 1.274717e-02 -2.674978e-03 9.999152e-01 7.504330e+01
9.999380e-01 1.137632e-03 1.107853e-02 -5.261833e+01 -1.102413e-03 9.999943e-01 -3.184656e-03 2.289653e+00 -1.108209e-02 3.172246e-03 9.999336e-01 7.362997e+01
9.999260e-01 -1.262400e-03 -1.210240e-02 -5.256528e+01 1.292088e-03 9.999962e-01 2.445617e-03 2.297526e+00 1.209927e-02 -2.461074e-03 9.999238e-01 7.217980e+01
9.999300e-01 1.072084e-03 1.178597e-02 -5.234212e+01 -1.033268e-03 9.999940e-01 -3.298981e-03 2.307212e+00 -1.178943e-02 3.286573e-03 9.999251e-01 7.078835e+01
9.999225e-01 -1.223042e-03 -1.239105e-02 -5.217975e+01 1.253719e-03 9.999962e-01 2.468345e-03 2.315986e+00 1.238799e-02 -2.483689e-03 9.999202e-01 6.940610e+01
9.999329e-01 1.116429e-03 1.152792e-02 -5.208333e+01 -1.079291e-03 9.999942e-01 -3.227280e-03 2.324066e+00 -1.153146e-02 3.214622e-03 9.999283e-01 6.798531e+01
9.999107e-01 -1.165166e-03 -1.331632e-02 -5.210465e+01 1.201310e-03 9.999956e-01 2.706595e-03 2.329313e+00 1.331311e-02 -2.722351e-03 9.999077e-01 6.666619e+01
9.999456e-01 1.138835e-03 1.036986e-02 -5.180879e+01 -1.110280e-03 9.999956e-01 -2.758931e-03 2.326882e+00 -1.037295e-02 2.747268e-03 9.999424e-01 6.608386e+01
9.999062e-01 -1.111258e-03 -1.365185e-02 -5.176640e+01 1.149961e-03 9.999953e-01 2.827496e-03 2.322333e+00 1.364865e-02 -2.842931e-03 9.999028e-01 6.551023e+01
9.999293e-01 1.119429e-03 1.183640e-02 -5.182131e+01 -1.080351e-03 9.999939e-01 -3.307416e-03 2.328428e+00 -1.184003e-02 3.294396e-03 9.999245e-01 6.412172e+01
9.999019e-01 -1.180323e-03 -1.395835e-02 -5.193649e+01 1.222072e-03 9.999948e-01 2.982886e-03 2.334504e+00 1.395476e-02 -2.999652e-03 9.998981e-01 6.264856e+01
9.999068e-01 1.108805e-03 1.360610e-02 -5.200273e+01 -1.054712e-03 9.999915e-01 -3.982151e-03 2.348487e+00 -1.361040e-02 3.967430e-03 9.998995e-01 6.064586e+01
9.998924e-01 -1.207874e-03 -1.462162e-02 -5.195699e+01 1.254490e-03 9.999942e-01 3.179427e-03 2.356558e+00 1.461770e-02 -3.197428e-03 9.998880e-01 5.920478e+01
9.999034e-01 1.076992e-03 1.385432e-02 -5.173855e+01 -1.025072e-03 9.999924e-01 -3.754137e-03 2.362819e+00 -1.385825e-02 3.739574e-03 9.998970e-01 5.797876e+01
9.998795e-01 -1.218463e-03 -1.547387e-02 -5.166830e+01 1.267233e-03 9.999943e-01 3.142376e-03 2.368328e+00 1.546995e-02 -3.161607e-03 9.998753e-01 5.678466e+01
9.999173e-01 1.289186e-03 1.279905e-02 -5.181860e+01 -1.245613e-03 9.999934e-01 -3.411711e-03 2.374831e+00 -1.280337e-02 3.395487e-03 9.999123e-01 5.550186e+01
9.998883e-01 -1.270115e-03 -1.489325e-02 -5.190392e+01 1.314449e-03 9.999947e-01 2.967396e-03 2.382200e+00 1.488940e-02 -2.986641e-03 9.998847e-01 5.414185e+01
9.999285e-01 1.319864e-03 1.188595e-02 -5.210203e+01 -1.282462e-03 9.999942e-01 -3.153801e-03 2.387980e+00 -1.189004e-02 3.138332e-03 9.999244e-01 5.286687e+01
9.998896e-01 -1.265285e-03 -1.480649e-02 -5.232452e+01 1.309179e-03 9.999948e-01 2.955264e-03 2.394278e+00 1.480267e-02 -2.974323e-03 9.998860e-01 5.148306e+01
9.999318e-01 1.322945e-03 1.160773e-02 -5.261221e+01 -1.286819e-03 9.999943e-01 -3.119160e-03 2.402012e+00 -1.161179e-02 3.104011e-03 9.999278e-01 5.005249e+01
9.998801e-01 -1.233146e-03 -1.543320e-02 -5.286958e+01 1.281557e-03 9.999943e-01 3.127308e-03 2.411722e+00 1.542926e-02 -3.146712e-03 9.998760e-01 4.910454e+01
9.999171e-01 1.317582e-03 1.280598e-02 -5.286600e+01 -1.275918e-03 9.999939e-01 -3.261012e-03 2.412088e+00 -1.281020e-02 3.244403e-03 9.999127e-01 4.822935e+01
9.998779e-01 -1.453889e-03 -1.555967e-02 -5.224740e+01 1.504915e-03 9.999935e-01 3.268231e-03 2.408669e+00 1.555482e-02 -3.291249e-03 9.998736e-01 4.785876e+01
9.998902e-01 1.326318e-03 1.475790e-02 -5.199865e+01 -1.266613e-03 9.999910e-01 -4.054195e-03 2.416917e+00 -1.476314e-02 4.035058e-03 9.998829e-01 4.666905e+01
9.998652e-01 -1.386833e-03 -1.635949e-02 -5.176067e+01 1.444567e-03 9.999928e-01 3.517830e-03 2.422939e+00 1.635449e-02 -3.540989e-03 9.998600e-01 4.567365e+01
9.998892e-01 1.408697e-03 1.482094e-02 -5.152439e+01 -1.349434e-03 9.999911e-01 -4.007818e-03 2.426517e+00 -1.482645e-02 3.987375e-03 9.998821e-01 4.474339e+01
9.998670e-01 -1.523739e-03 -1.623783e-02 -5.117872e+01 1.580398e-03 9.999927e-01 3.477080e-03 2.430940e+00 1.623242e-02 -3.502280e-03 9.998621e-01 4.383671e+01
9.998845e-01 1.366842e-03 1.513347e-02 -5.060808e+01 -1.307108e-03 9.999913e-01 -3.956317e-03 2.425608e+00 -1.513875e-02 3.936080e-03 9.998777e-01 4.328219e+01
9.998657e-01 -1.418603e-03 -1.632772e-02 -5.044504e+01 1.473283e-03 9.999933e-01 3.337408e-03 2.431392e+00 1.632287e-02 -3.361015e-03 9.998611e-01 4.215634e+01
9.998951e-01 1.433336e-03 1.441111e-02 -5.033873e+01 -1.378885e-03 9.999919e-01 -3.787602e-03 2.433335e+00 -1.441642e-02 3.767334e-03 9.998890e-01 4.123075e+01
9.998423e-01 -1.369675e-03 -1.770655e-02 -5.031951e+01 1.439120e-03 9.999913e-01 3.909844e-03 2.430927e+00 1.770104e-02 -3.934709e-03 9.998356e-01 4.074231e+01
9.998928e-01 1.476438e-03 1.456723e-02 -5.039611e+01 -1.418953e-03 9.999912e-01 -3.955713e-03 2.431157e+00 -1.457294e-02 3.934619e-03 9.998861e-01 3.984517e+01
9.998315e-01 -1.309600e-03 -1.831100e-02 -5.045324e+01 1.384515e-03 9.999907e-01 4.079177e-03 2.429018e+00 1.830549e-02 -4.103842e-03 9.998240e-01 3.935743e+01
9.999084e-01 1.211562e-03 1.348376e-02 -5.045547e+01 -1.166263e-03 9.999937e-01 -3.366888e-03 2.426065e+00 -1.348776e-02 3.350854e-03 9.999034e-01 3.953879e+01
9.998622e-01 -1.396963e-03 -1.654047e-02 -4.957720e+01 1.457854e-03 9.999922e-01 3.669860e-03 2.406823e+00 1.653522e-02 -3.693468e-03 9.998565e-01 3.953377e+01
9.999188e-01 1.311466e-03 1.267177e-02 -4.879613e+01 -1.277011e-03 9.999955e-01 -2.726714e-03 2.362946e+00 -1.267529e-02 2.710311e-03 9.999160e-01 4.022975e+01
9.998783e-01 -1.655494e-03 -1.551008e-02 -4.827326e+01 1.709817e-03 9.999924e-01 3.489835e-03 2.327714e+00 1.550418e-02 -3.515930e-03 9.998736e-01 4.074611e+01
9.999054e-01 1.655909e-03 1.365217e-02 -4.809694e+01 -1.602881e-03 9.999911e-01 -3.894280e-03 2.330576e+00 -1.365849e-02 3.872030e-03 9.998992e-01 3.984697e+01
9.998743e-01 -1.645554e-03 -1.576734e-02 -4.779723e+01 1.702759e-03 9.999920e-01 3.615386e-03 2.330996e+00 1.576126e-02 -3.641780e-03 9.998692e-01 3.913123e+01
9.999150e-01 1.487350e-03 1.295674e-02 -4.713783e+01 -1.441909e-03 9.999928e-01 -3.515760e-03 2.319415e+00 -1.296188e-02 3.496779e-03 9.999099e-01 3.888785e+01
9.998809e-01 -1.554871e-03 -1.535294e-02 -4.693262e+01 1.605596e-03 9.999933e-01 3.292169e-03 2.320729e+00 1.534772e-02 -3.316428e-03 9.998767e-01 3.808598e+01
9.999034e-01 1.562773e-03 1.381056e-02 -4.669369e+01 -1.509654e-03 9.999914e-01 -3.855831e-03 2.325535e+00 -1.381647e-02 3.834610e-03 9.998972e-01 3.706353e+01
9.998880e-01 -1.721513e-03 -1.486695e-02 -4.622028e+01 1.767764e-03 9.999936e-01 3.098475e-03 2.334113e+00 1.486152e-02 -3.124410e-03 9.998847e-01 3.601026e+01
9.999059e-01 1.603732e-03 1.362375e-02 -4.571234e+01 -1.553652e-03 9.999920e-01 -3.685722e-03 2.340435e+00 -1.362955e-02 3.664209e-03 9.999004e-01 3.510500e+01
9.998894e-01 -1.770847e-03 -1.476963e-02 -4.532155e+01 1.815071e-03 9.999939e-01 2.981451e-03 2.348824e+00 1.476426e-02 -3.007930e-03 9.998865e-01 3.402198e+01
9.999115e-01 1.744618e-03 1.318595e-02 -4.477282e+01 -1.697093e-03 9.999920e-01 -3.614519e-03 2.352762e+00 -1.319215e-02 3.591822e-03 9.999065e-01 3.323854e+01
9.998903e-01 -1.928372e-03 -1.468674e-02 -4.433921e+01 1.975632e-03 9.999929e-01 3.204106e-03 2.357777e+00 1.468045e-02 -3.232771e-03 9.998870e-01 3.236770e+01
9.999362e-01 1.930319e-03 1.113411e-02 -4.374678e+01 -1.897976e-03 9.999940e-01 -2.914685e-03 2.346882e+00 -1.113967e-02 2.893367e-03 9.999338e-01 3.225521e+01
9.998984e-01 -2.094391e-03 -1.409765e-02 -4.314065e+01 2.141556e-03 9.999922e-01 3.331352e-03 2.323463e+00 1.409057e-02 -3.361205e-03 9.998951e-01 3.244545e+01
9.999223e-01 1.953015e-03 1.230880e-02 -4.274390e+01 -1.908679e-03 9.999917e-01 -3.612657e-03 2.325075e+00 -1.231575e-02 3.588883e-03 9.999177e-01 3.185179e+01
9.999057e-01 -1.983870e-03 -1.359000e-02 -4.257776e+01 2.024284e-03 9.999936e-01 2.960705e-03 2.332193e+00 1.358404e-02 -2.987937e-03 9.999033e-01 3.065491e+01
9.999245e-01 1.991082e-03 1.212401e-02 -4.231035e+01 -1.947944e-03 9.999917e-01 -3.568842e-03 2.336925e+00 -1.213102e-02 3.544956e-03 9.999201e-01 2.968967e+01
9.999008e-01 -2.066887e-03 -1.393054e-02 -4.184323e+01 2.109982e-03 9.999930e-01 3.079608e-03 2.341501e+00 1.392408e-02 -3.108696e-03 9.998982e-01 2.890059e+01
9.999261e-01 1.926297e-03 1.200030e-02 -4.118405e+01 -1.885538e-03 9.999924e-01 -3.406817e-03 2.338878e+00 -1.200678e-02 3.383939e-03 9.999222e-01 2.836072e+01
9.998885e-01 -2.142216e-03 -1.477951e-02 -4.039978e+01 2.196812e-03 9.999908e-01 3.678823e-03 2.326920e+00 1.477149e-02 -3.710881e-03 9.998840e-01 2.808944e+01
9.999081e-01 2.032388e-03 1.340359e-02 -4.024147e+01 -1.975362e-03 9.999889e-01 -4.266314e-03 2.332040e+00 -1.341212e-02 4.239446e-03 9.999011e-01 2.697920e+01
9.998882e-01 -2.052383e-03 -1.480980e-02 -4.021880e+01 2.105977e-03 9.999913e-01 3.604102e-03 2.338714e+00 1.480227e-02 -3.634888e-03 9.998838e-01 2.562019e+01
9.999080e-01 2.027148e-03 1.341322e-02 -4.000638e+01 -1.970802e-03 9.999892e-01 -4.212583e-03 2.342683e+00 -1.342161e-02 4.185761e-03 9.999012e-01 2.466403e+01
9.998943e-01 -2.115131e-03 -1.438343e-02 -3.968000e+01 2.165037e-03 9.999917e-01 3.455003e-03 2.350157e+00 1.437600e-02 -3.485780e-03 9.998906e-01 2.356550e+01
9.999063e-01 1.845942e-03 1.356544e-02 -3.907905e+01 -1.789342e-03 9.999896e-01 -4.183255e-03 2.359897e+00 -1.357302e-02 4.158591e-03 9.998992e-01 2.240346e+01
9.998931e-01 -2.179135e-03 -1.446002e-02 -3.843365e+01 2.231768e-03 9.999909e-01 3.624795e-03 2.357721e+00 1.445199e-02 -3.656680e-03 9.998889e-01 2.156047e+01
9.999254e-01 2.121585e-03 1.203126e-02 -3.794469e+01 -2.082014e-03 9.999924e-01 -3.300595e-03 2.327887e+00 -1.203817e-02 3.275300e-03 9.999222e-01 2.201920e+01
9.999000e-01 -2.386925e-03 -1.394179e-02 -3.755663e+01 2.438062e-03 9.999904e-01 3.652067e-03 2.307723e+00 1.393294e-02 -3.685693e-03 9.998961e-01 2.230147e+01
9.999073e-01 2.302368e-03 1.342250e-02 -3.746986e+01 -2.240581e-03 9.999868e-01 -4.616434e-03 2.318988e+00 -1.343295e-02 4.585933e-03 9.998993e-01 2.070222e+01
9.998879e-01 -2.353256e-03 -1.478867e-02 -3.736531e+01 2.411283e-03 9.999895e-01 3.907153e-03 2.324572e+00 1.477932e-02 -3.942376e-03 9.998830e-01 1.948279e+01
9.999215e-01 2.242184e-03 1.232424e-02 -3.664920e+01 -2.193218e-03 9.999897e-01 -3.985182e-03 2.315516e+00 -1.233305e-02 3.957840e-03 9.999161e-01 1.917023e+01
9.998806e-01 -2.475937e-03 -1.525439e-02 -3.556482e+01 2.543932e-03 9.999869e-01 4.439660e-03 2.284164e+00 1.524320e-02 -4.477937e-03 9.998738e-01 1.923220e+01
9.999256e-01 1.999539e-03 1.203594e-02 -3.436553e+01 -1.953617e-03 9.999908e-01 -3.825912e-03 2.253051e+00 -1.204348e-02 3.802115e-03 9.999202e-01 1.936605e+01
9.998790e-01 -2.047169e-03 -1.542336e-02 -3.391783e+01 2.117681e-03 9.999874e-01 4.556835e-03 2.222936e+00 1.541384e-02 -4.588946e-03 9.998707e-01 1.985396e+01
9.999234e-01 1.915853e-03 1.222572e-02 -3.351351e+01 -1.867462e-03 9.999904e-01 -3.968268e-03 2.191566e+00 -1.223320e-02 3.945134e-03 9.999174e-01 2.026982e+01
9.998945e-01 -2.183037e-03 -1.435737e-02 -3.272889e+01 2.238403e-03 9.999901e-01 3.841382e-03 2.186364e+00 1.434884e-02 -3.873115e-03 9.998895e-01 1.984945e+01
9.999270e-01 2.007257e-03 1.191231e-02 -3.206405e+01 -1.961719e-03 9.999907e-01 -3.833198e-03 2.180782e+00 -1.191990e-02 3.809550e-03 9.999217e-01 1.948781e+01
9.998986e-01 -2.022703e-03 -1.409807e-02 -3.166416e+01 2.071309e-03 9.999920e-01 3.434005e-03 2.183415e+00 1.409101e-02 -3.462859e-03 9.998947e-01 1.875430e+01
9.999284e-01 1.880024e-03 1.181886e-02 -3.116550e+01 -1.837414e-03 9.999918e-01 -3.615035e-03 2.183003e+00 -1.182556e-02 3.593060e-03 9.999236e-01 1.815214e+01
9.999036e-01 -2.041956e-03 -1.373522e-02 -3.050196e+01 2.089919e-03 9.999918e-01 3.478524e-03 2.169815e+00 1.372801e-02 -3.506895e-03 9.998996e-01 1.796041e+01
9.999295e-01 1.663379e-03 1.175332e-02 -2.981628e+01 -1.624770e-03 9.999933e-01 -3.293716e-03 2.153070e+00 -1.175872e-02 3.274388e-03 9.999255e-01 1.797191e+01
9.999053e-01 -1.718786e-03 -1.365603e-02 -2.964447e+01 1.759359e-03 9.999941e-01 2.959610e-03 2.154953e+00 1.365086e-02 -2.983356e-03 9.999024e-01 1.711816e+01
9.999331e-01 1.739789e-03 1.143262e-02 -2.949825e+01 -1.702042e-03 9.999931e-01 -3.310575e-03 2.154338e+00 -1.143830e-02 3.290895e-03 9.999292e-01 1.641152e+01
9.999091e-01 -1.830758e-03 -1.335958e-02 -2.924781e+01 1.870538e-03 9.999939e-01 2.965780e-03 2.154465e+00 1.335407e-02 -2.990501e-03 9.999064e-01 1.570937e+01
9.999336e-01 1.747045e-03 1.138771e-02 -2.892589e+01 -1.708813e-03 9.999929e-01 -3.366121e-03 2.156572e+00 -1.139351e-02 3.346438e-03 9.999295e-01 1.496731e+01
9.998968e-01 -1.891021e-03 -1.424048e-02 -2.814401e+01 1.943961e-03 9.999912e-01 3.704677e-03 2.133695e+00 1.423335e-02 -3.731978e-03 9.998917e-01 1.502187e+01
9.999364e-01 1.518096e-03 1.117826e-02 -2.740222e+01 -1.489319e-03 9.999956e-01 -2.582213e-03 2.093677e+00 -1.118213e-02 2.565402e-03 9.999342e-01 1.599155e+01
9.998992e-01 -2.299321e-03 -1.400932e-02 -2.586534e+01 2.355989e-03 9.999891e-01 4.029864e-03 2.032814e+00 1.399990e-02 -4.062465e-03 9.998937e-01 1.721633e+01
9.999322e-01 1.319257e-03 1.156680e-02 -2.396070e+01 -1.286348e-03 9.999951e-01 -2.852053e-03 1.984083e+00 -1.157051e-02 2.836982e-03 9.999290e-01 1.802984e+01
9.999067e-01 -1.903724e-03 -1.352510e-02 -2.305743e+01 1.961504e-03 9.999890e-01 4.260087e-03 1.927605e+00 1.351684e-02 -4.286220e-03 9.998995e-01 1.961943e+01
9.999362e-01 1.309102e-03 1.122222e-02 -2.246987e+01 -1.276366e-03 9.999949e-01 -2.923746e-03 1.880237e+00 -1.122599e-02 2.909236e-03 9.999328e-01 2.095100e+01
9.998942e-01 -1.871163e-03 -1.442674e-02 -2.083973e+01 1.925165e-03 9.999912e-01 3.730244e-03 1.834684e+00 1.441963e-02 -3.757624e-03 9.998890e-01 2.138208e+01
9.999369e-01 7.413663e-04 1.121157e-02 -1.894763e+01 -7.151679e-04 9.999970e-01 -2.340527e-03 1.781825e+00 -1.121327e-02 2.332362e-03 9.999344e-01 2.195756e+01
9.998986e-01 -1.145827e-03 -1.419380e-02 -1.835656e+01 1.192654e-03 9.999939e-01 3.291162e-03 1.749896e+00 1.418995e-02 -3.307757e-03 9.998938e-01 2.269233e+01
9.999364e-01 8.327439e-04 1.124803e-02 -1.815067e+01 -8.083823e-04 9.999973e-01 -2.170198e-03 1.723690e+00 -1.124981e-02 2.160968e-03 9.999344e-01 2.369373e+01
9.999055e-01 -1.097631e-03 -1.370060e-02 -1.795844e+01 1.140940e-03 9.999944e-01 3.153744e-03 1.693890e+00 1.369706e-02 -3.169079e-03 9.999012e-01 2.490438e+01
9.999448e-01 8.959021e-04 1.046997e-02 -1.738652e+01 -8.740066e-04 9.999974e-01 -2.095617e-03 1.651084e+00 -1.047182e-02 2.086351e-03 9.999430e-01 2.576676e+01
9.999006e-01 -1.188490e-03 -1.404888e-02 -1.689491e+01 1.231698e-03 9.999945e-01 3.067322e-03 1.629621e+00 1.404516e-02 -3.084322e-03 9.998966e-01 2.618728e+01
9.999407e-01 9.440426e-04 1.085207e-02 -1.662867e+01 -9.143140e-04 9.999958e-01 -2.744041e-03 1.624517e+00 -1.085461e-02 2.733957e-03 9.999373e-01 2.602645e+01
9.999175e-01 -1.050458e-03 -1.280390e-02 -1.634421e+01 1.082385e-03 9.999963e-01 2.486887e-03 1.620154e+00 1.280124e-02 -2.500541e-03 9.999149e-01 2.557863e+01
9.999418e-01 8.878420e-04 1.075197e-02 -1.595229e+01 -8.655449e-04 9.999975e-01 -2.078220e-03 1.593572e+00 -1.075379e-02 2.068793e-03 9.999400e-01 2.619966e+01
9.999145e-01 -9.872793e-04 -1.303990e-02 -1.568310e+01 1.024268e-03 9.999955e-01 2.830257e-03 1.563672e+00 1.303705e-02 -2.843372e-03 9.999110e-01 2.715311e+01
9.999393e-01 6.067228e-04 1.099908e-02 -1.498713e+01 -5.849114e-04 9.999979e-01 -1.986096e-03 1.525007e+00 -1.100026e-02 1.979542e-03 9.999375e-01 2.788894e+01
9.999155e-01 -9.137611e-04 -1.296604e-02 -1.439759e+01 9.429536e-04 9.999970e-01 2.245551e-03 1.505394e+00 1.296395e-02 -2.257588e-03 9.999134e-01 2.803832e+01
