9.999906e-01 -1.571034e-04 -4.341678e-03 -1.110866e-01 1.609367e-04 9.999996e-01 8.825840e-04 -8.113557e-03 4.341538e-03 -8.832752e-04 9.999902e-01 6.472518e-01
9.999999e-01 -4.848023e-05 4.659070e-04 -1.284913e-01 4.848669e-05 1.000000e+00 -1.378498e-05 -2.336999e-02 -4.659060e-04 1.380828e-05 9.999999e-01 1.378318e+00
9.999810e-01 -1.676553e-04 -6.164283e-03 -5.068789e-01 1.733616e-04 9.999996e-01 9.251838e-04 -1.637573e-02 6.164125e-03 -9.262355e-04 9.999806e-01 1.929686e+00
9.999983e-01 -4.295679e-05 1.829942e-03 -6.966052e-01 4.301100e-05 1.000000e+00 -2.956513e-05 -2.083301e-02 -1.829940e-03 2.964450e-05 9.999983e-01 2.655069e+00
9.999853e-01 -2.331653e-05 -5.420138e-03 -7.299941e-01 2.748238e-05 9.999997e-01 7.685205e-04 -3.678562e-02 5.420118e-03 -7.686589e-04 9.999850e-01 3.149803e+00
9.999988e-01 -1.842416e-05 1.571905e-03 -7.276015e-01 1.848652e-05 1.000000e+00 -3.963989e-05 -5.281117e-02 -1.571904e-03 3.966961e-05 9.999988e-01 3.552909e+00
9.999859e-01 -5.929116e-05 -5.307635e-03 -6.710682e-01 6.353518e-05 9.999997e-01 7.994477e-04 -6.894658e-02 5.307585e-03 -7.997743e-04 9.999856e-01 4.055649e+00
9.999986e-01 -4.931675e-05 1.654795e-03 -6.681370e-01 4.930556e-05 1.000000e+00 6.829539e-06 -8.514256e-02 -1.654795e-03 -6.747228e-06 9.999986e-01 4.696181e+00
9.999797e-01 -1.965158e-04 -6.362349e-03 -8.635319e-01 2.021699e-04 9.999996e-01 8.880610e-04 -8.875008e-02 6.362172e-03 -8.893299e-04 9.999794e-01 5.364200e+00
9.999982e-01 -1.306867e-05 1.875082e-03 -1.043493e+00 1.313202e-05 1.000000e+00 -3.375138e-05 -9.388300e-02 -1.875082e-03 3.377666e-05 9.999982e-01 6.018325e+00
9.999832e-01 -1.491738e-04 -5.787403e-03 -1.115403e+00 1.542495e-04 9.999996e-01 8.765962e-04 -1.051613e-01 5.787269e-03 -8.774749e-04 9.999829e-01 6.696502e+00
9.999998e-01 -2.874629e-06 5.533716e-04 -1.384477e+00 2.851859e-06 1.000000e+00 4.122197e-05 -1.069287e-01 -5.533714e-04 -4.121968e-05 9.999998e-01 7.215163e+00
9.999844e-01 -1.557394e-04 -5.588642e-03 -1.676554e+00 1.603987e-04 9.999996e-01 8.332667e-04 -1.075484e-01 5.588510e-03 -8.341508e-04 9.999840e-01 7.717735e+00
9.999998e-01 5.974460e-05 6.707667e-04 -1.884849e+00 -5.977182e-05 1.000000e+00 4.062347e-05 -1.129553e-01 -6.707640e-04 -4.066285e-05 9.999998e-01 8.171043e+00
9.999833e-01 -2.246994e-04 -5.767807e-03 -2.047778e+00 2.295204e-04 9.999996e-01 8.352146e-04 -1.177886e-01 5.767616e-03 -8.365253e-04 9.999830e-01 8.669929e+00
1.000000e+00 1.552713e-04 -1.499468e-04 -2.436278e+00 -1.552719e-04 1.000000e+00 -4.383983e-06 -1.118455e-01 1.499465e-04 4.407976e-06 1.000000e+00 8.974535e+00
9.999904e-01 -1.610640e-04 -4.387115e-03 -2.646815e+00 1.636633e-04 9.999998e-01 5.921483e-04 -1.125763e-01 4.387019e-03 -5.928613e-04 9.999902e-01 8.884478e+00
1.000000e+00 1.600822e-04 2.697546e-04 -2.750839e+00 -1.600365e-04 1.000000e+00 -1.693870e-04 -1.166758e-01 -2.697814e-04 1.693446e-04 9.999999e-01 8.724651e+00
9.999893e-01 -2.390983e-04 -4.622389e-03 -2.709263e+00 2.417764e-04 9.999998e-01 5.788412e-04 -1.191303e-01 4.622249e-03 -5.799533e-04 9.999891e-01 8.448556e+00
9.999997e-01 1.633134e-04 -7.824482e-04 -2.937079e+00 -1.632034e-04 1.000000e+00 1.405997e-04 -1.183534e-01 7.824715e-04 -1.404712e-04 9.999997e-01 8.524539e+00
9.999979e-01 -3.333110e-04 -2.029476e-03 -2.757640e+00 3.337854e-04 9.999999e-01 2.334546e-04 -1.298722e-01 2.029398e-03 -2.341323e-04 9.999979e-01 8.601249e+00
9.999991e-01 2.741574e-04 -1.280249e-03 -2.613601e+00 -2.742429e-04 1.000000e+00 -6.662646e-05 -1.338405e-01 1.280231e-03 6.697821e-05 9.999992e-01 8.154722e+00
9.999990e-01 -3.859951e-04 -1.350954e-03 -2.297230e+00 3.861739e-04 9.999999e-01 1.321400e-04 -1.410004e-01 1.350903e-03 -1.326623e-04 9.999991e-01 7.706524e+00
9.999996e-01 2.213263e-04 -8.159550e-04 -1.892547e+00 -2.214840e-04 1.000000e+00 -1.932009e-04 -1.491309e-01 8.159125e-04 1.933823e-04 9.999996e-01 7.288697e+00
9.999959e-01 -3.185316e-04 -2.833140e-03 -1.799627e+00 3.206698e-04 9.999997e-01 7.543137e-04 -1.599020e-01 2.832899e-03 -7.552198e-04 9.999957e-01 7.377266e+00
9.999994e-01 2.137456e-04 -1.080710e-03 -1.666452e+00 -2.138820e-04 1.000000e+00 -1.260906e-04 -1.706796e-01 1.080683e-03 1.263224e-04 9.999994e-01 7.595905e+00
9.999985e-01 -3.464468e-04 -1.681170e-03 -1.176000e+00 3.470446e-04 9.999999e-01 3.553563e-04 -1.849193e-01 1.681046e-03 -3.559399e-04 9.999985e-01 7.492402e+00
1.000000e+00 -3.127448e-06 -2.990886e-04 -5.617417e-01 3.007562e-06 9.999999e-01 -4.010435e-04 -1.893562e-01 2.990901e-04 4.010433e-04 9.999999e-01 6.986347e+00
9.999974e-01 -1.012672e-04 -2.286113e-03 -4.428185e-01 1.019759e-04 9.999999e-01 3.099129e-04 -1.888298e-01 2.286081e-03 -3.101459e-04 9.999973e-01 6.411642e+00
9.999964e-01 9.555199e-06 -2.675564e-03 -6.909036e-01 -9.723017e-06 1.000000e+00 -6.273303e-05 -1.791052e-01 2.675563e-03 6.275953e-05 9.999964e-01 6.089282e+00
9.999943e-01 -2.283184e-05 -3.377586e-03 -1.054596e+00 2.474276e-05 9.999998e-01 5.657465e-04 -1.665089e-01 3.377572e-03 -5.658275e-04 9.999941e-01 5.904304e+00
1.000000e+00 -2.037822e-05 -1.650199e-04 -9.385356e-01 2.029120e-05 9.999999e-01 -5.277284e-04 -1.648337e-01 1.650310e-04 5.277257e-04 9.999998e-01 5.463706e+00
9.999984e-01 -5.995313e-05 -1.782228e-03 -4.805149e-01 6.021550e-05 1.000000e+00 1.471979e-04 -1.636352e-01 1.782219e-03 -1.473056e-04 9.999984e-01 4.830870e+00
1.000000e+00 -1.133270e-05 1.077809e-04 -2.338953e-01 1.139309e-05 9.999998e-01 -5.596348e-04 -1.593340e-01 -1.077742e-04 5.596367e-04 9.999998e-01 3.903477e+00
9.999980e-01 -8.195811e-06 -2.006546e-03 -1.272191e-01 8.576086e-06 1.000000e+00 1.895429e-04 -1.569441e-01 2.006545e-03 -1.895604e-04 9.999980e-01 2.944544e+00
9.999996e-01 7.102644e-05 -8.414682e-04 -1.172977e-01 -7.126559e-05 1.000000e+00 -2.842733e-04 -1.574274e-01 8.414483e-04 2.843339e-04 9.999996e-01 2.155570e+00
9.999879e-01 -2.006939e-05 -4.929064e-03 -4.164616e-01 2.389789e-05 9.999997e-01 7.766760e-04 -1.525799e-01 4.929047e-03 -7.767851e-04 9.999876e-01 1.826876e+00
1.000000e+00 1.021952e-04 -2.158539e-04 -6.329827e-01 -1.022422e-04 1.000000e+00 -2.178585e-04 -1.506011e-01 2.158319e-04 2.178813e-04 1.000000e+00 1.814510e+00
9.999918e-01 -6.586056e-05 -4.057166e-03 -6.522833e-01 6.867392e-05 9.999998e-01 6.933107e-04 -1.559175e-01 4.057119e-03 -6.935843e-04 9.999915e-01 1.879722e+00
9.999996e-01 1.685520e-04 -8.563795e-04 -7.619597e-01 -1.686810e-04 1.000000e+00 -1.507021e-04 -1.566808e-01 8.563545e-04 1.508472e-04 9.999996e-01 1.823094e+00
9.999912e-01 -7.091747e-05 -4.191280e-03 -8.842820e-01 7.374344e-05 9.999998e-01 6.741165e-04 -1.580224e-01 4.191231e-03 -6.744203e-04 9.999910e-01 1.749348e+00
9.999991e-01 1.504751e-04 -1.350838e-03 -1.081104e+00 -1.505945e-04 1.000000e+00 -8.832387e-05 -1.566688e-01 1.350825e-03 8.852793e-05 9.999991e-01 1.689018e+00
9.999901e-01 -2.771597e-05 -4.460238e-03 -1.346335e+00 3.100505e-05 9.999997e-01 7.373731e-04 -1.556478e-01 4.460216e-03 -7.375048e-04 9.999898e-01 1.575534e+00
9.999995e-01 1.501894e-04 -9.922368e-04 -1.605931e+00 -1.504024e-04 1.000000e+00 -2.146508e-04 -1.538911e-01 9.922049e-04 2.148006e-04 9.999995e-01 1.288234e+00
9.999823e-01 -7.394364e-05 -5.942048e-03 -2.132205e+00 8.016289e-05 9.999994e-01 1.046434e-03 -1.393223e-01 5.941967e-03 -1.046892e-03 9.999818e-01 1.353975e+00
9.999990e-01 1.206374e-04 -1.382766e-03 -2.675398e+00 -1.209660e-04 1.000000e+00 -2.376681e-04 -1.266564e-01 1.382737e-03 2.378358e-04 9.999990e-01 1.288677e+00
9.999866e-01 -5.200392e-05 -5.181470e-03 -3.129945e+00 5.655620e-05 9.999996e-01 8.784443e-04 -1.177738e-01 5.181422e-03 -8.787262e-04 9.999862e-01 9.528352e-01
9.999989e-01 1.459957e-04 -1.493395e-03 -3.498968e+00 -1.462837e-04 1.000000e+00 -1.927614e-04 -1.135414e-01 1.493367e-03 1.929803e-04 9.999989e-01 8.240168e-01
9.999882e-01 -5.460781e-05 -4.865894e-03 -3.835221e+00 5.913167e-05 9.999996e-01 9.295872e-04 -1.082984e-01 4.865841e-03 -9.298646e-04 9.999877e-01 7.907677e-01
9.999981e-01 6.951282e-05 -1.924517e-03 -4.275938e+00 -6.969506e-05 1.000000e+00 -9.468076e-05 -9.843331e-02 1.924511e-03 9.481542e-05 9.999981e-01 8.650430e-01
9.999927e-01 -1.334462e-04 -3.819727e-03 -4.506524e+00 1.370961e-04 9.999995e-01 9.553177e-04 -9.535803e-02 3.819597e-03 -9.558351e-04 9.999922e-01 1.184317e+00
9.999987e-01 6.138261e-05 -1.625524e-03 -4.734970e+00 -6.158521e-05 1.000000e+00 -1.246495e-04 -9.085879e-02 1.625517e-03 1.247501e-04 9.999987e-01 1.607379e+00
9.999913e-01 7.104673e-05 -4.166880e-03 -5.063283e+00 -6.772828e-05 9.999997e-01 7.965476e-04 -8.964136e-02 4.166935e-03 -7.962592e-04 9.999910e-01 1.201061e+00
1.000000e+00 7.380420e-05 -1.659202e-04 -5.207814e+00 -7.387954e-05 9.999999e-01 -4.547288e-04 -9.169420e-02 1.658870e-04 4.547418e-04 9.999999e-01 7.217357e-01
9.999963e-01 -1.717244e-04 -2.724035e-03 -4.973989e+00 1.733972e-04 9.999998e-01 6.139030e-04 -1.028023e-01 2.723929e-03 -6.143738e-04 9.999961e-01 6.470281e-01
9.999995e-01 1.787556e-04 -1.022272e-03 -4.801792e+00 -1.790798e-04 9.999999e-01 -3.171851e-04 -1.096358e-01 1.022216e-03 3.173687e-04 9.999994e-01 3.553584e-01
9.999946e-01 -1.354958e-04 -3.281992e-03 -4.798933e+00 1.385988e-04 9.999995e-01 9.452730e-04 -1.190951e-01 3.281862e-03 -9.457235e-04 9.999942e-01 6.791373e-01
9.999982e-01 2.079167e-04 -1.867967e-03 -4.974815e+00 -2.083970e-04 9.999999e-01 -2.570192e-04 -1.226881e-01 1.867914e-03 2.574088e-04 9.999982e-01 8.626526e-01
9.999977e-01 -1.037428e-04 -2.122846e-03 -5.022723e+00 1.056087e-04 9.999996e-01 8.789185e-04 -1.332780e-01 2.122754e-03 -8.791414e-04 9.999974e-01 1.030263e+00
9.999996e-01 1.568302e-04 -9.117797e-04 -5.056018e+00 -1.576930e-04 9.999995e-01 -9.464674e-04 -1.356577e-01 9.116312e-04 9.466114e-04 9.999991e-01 2.632406e-01
9.999970e-01 -1.067425e-04 -2.458179e-03 -5.192290e+00 1.091148e-04 9.999995e-01 9.649818e-04 -1.352099e-01 2.458074e-03 -9.652479e-04 9.999965e-01 -7.050681e-01
9.999993e-01 2.884523e-04 -1.134263e-03 -5.138480e+00 -2.893645e-04 9.999996e-01 -8.041868e-04 -1.422492e-01 1.134031e-03 8.045152e-04 9.999990e-01 -1.040972e+00
9.999966e-01 -2.335119e-04 -2.591592e-03 -4.962317e+00 2.364901e-04 9.999993e-01 1.148981e-03 -1.514222e-01 2.591322e-03 -1.149590e-03 9.999960e-01 -1.258029e+00
9.999997e-01 2.913544e-04 -7.070982e-04 -5.006425e+00 -2.921629e-04 9.999993e-01 -1.143681e-03 -1.534850e-01 7.067648e-04 1.143888e-03 9.999991e-01 -2.009612e+00
9.999951e-01 -1.754815e-04 -3.137392e-03 -5.073073e+00 1.798762e-04 9.999990e-01 1.400550e-03 -1.567440e-01 3.137142e-03 -1.401109e-03 9.999941e-01 -2.569493e+00
9.999997e-01 2.443815e-04 -7.534881e-04 -5.210793e+00 -2.453685e-04 9.999991e-01 -1.310250e-03 -1.575978e-01 7.531675e-04 1.310435e-03 9.999989e-01 -3.341292e+00
9.999972e-01 -2.043800e-04 -2.365605e-03 -5.343185e+00 2.072589e-04 9.999992e-01 1.216846e-03 -1.558951e-01 2.365354e-03 -1.217333e-03 9.999965e-01 -4.394892e+00
9.999991e-01 2.587100e-04 -1.306332e-03 -5.199364e+00 -2.599334e-04 9.999995e-01 -9.364879e-04 -1.640311e-01 1.306089e-03 9.368273e-04 9.999987e-01 -4.665623e+00
9.999984e-01 -2.167379e-04 -1.785323e-03 -5.185502e+00 2.183912e-04 9.999995e-01 9.259582e-04 -1.657356e-01 1.785121e-03 -9.263473e-04 9.999980e-01 -5.374411e+00
9.999980e-01 2.987957e-04 -2.001282e-03 -5.381610e+00 -3.004689e-04 9.999996e-01 -8.358872e-04 -1.622058e-01 2.001032e-03 8.364875e-04 9.999976e-01 -6.296539e+00
9.999985e-01 -2.804621e-04 -1.698950e-03 -5.538291e+00 2.818971e-04 9.999996e-01 8.445348e-04 -1.587162e-01 1.698712e-03 -8.450132e-04 9.999982e-01 -7.193031e+00
9.999962e-01 3.052736e-04 -2.742897e-03 -5.848460e+00 -3.072028e-04 9.999997e-01 -7.029736e-04 -1.509371e-01 2.742682e-03 7.038142e-04 9.999960e-01 -8.190990e+00
9.999998e-01 -5.155448e-04 2.299470e-04 -5.488990e+00 5.154217e-04 9.999997e-01 5.343728e-04 -1.449697e-01 -2.302227e-04 -5.342549e-04 9.999998e-01 -8.954786e+00
9.999884e-01 5.996438e-04 -4.782079e-03 -5.775783e+00 -6.009452e-04 9.999998e-01 -2.707400e-04 -1.391815e-01 4.781916e-03 2.736114e-04 9.999885e-01 -9.775650e+00
9.999998e-01 -5.705236e-04 3.511718e-05 -6.143067e+00 5.705037e-04 9.999997e-01 5.582839e-04 -1.311781e-01 -3.543601e-05 -5.582644e-04 9.999998e-01 -1.079904e+01
9.999787e-01 5.635088e-04 -6.498774e-03 -6.722284e+00 -5.637565e-04 9.999998e-01 -3.629490e-05 -1.162706e-01 6.498753e-03 3.995856e-05 9.999789e-01 -1.156998e+01
9.999987e-01 -5.747069e-04 -1.489684e-03 -7.555155e+00 5.760048e-04 9.999995e-01 8.710388e-04 -9.441590e-02 1.489182e-03 -8.718964e-04 9.999985e-01 -1.226462e+01
9.999781e-01 5.388662e-04 -6.596433e-03 -8.393110e+00 -5.393073e-04 9.999999e-01 -6.510486e-05 -7.093477e-02 6.596398e-03 6.866164e-05 9.999782e-01 -1.287713e+01
9.999990e-01 -5.068851e-04 1.295565e-03 -8.831622e+00 5.062594e-04 9.999998e-01 4.831297e-04 -6.118266e-02 -1.295809e-03 -4.824741e-04 9.999990e-01 -1.381905e+01
9.999825e-01 5.158883e-04 -5.898863e-03 -9.248320e+00 -5.177002e-04 9.999998e-01 -3.056553e-04 -5.044724e-02 5.898704e-03 3.087045e-04 9.999826e-01 -1.499667e+01
9.999996e-01 -4.536831e-04 7.817667e-04 -9.659995e+00 4.531855e-04 9.999997e-01 6.362730e-04 -4.003365e-02 -7.820555e-04 -6.359192e-04 9.999995e-01 -1.591011e+01
9.999775e-01 4.687701e-04 -6.698146e-03 -1.016560e+01 -4.693171e-04 9.999999e-01 -8.012409e-05 -2.472789e-02 6.698108e-03 8.326654e-05 9.999776e-01 -1.606565e+01
9.999996e-01 -4.662032e-04 7.584636e-04 -1.066976e+01 4.656696e-04 9.999996e-01 7.033759e-04 -9.137610e-03 -7.587916e-04 -7.030231e-04 9.999995e-01 -1.612664e+01
9.999878e-01 4.943162e-04 -4.906360e-03 -1.091179e+01 -4.970186e-04 9.999997e-01 -5.496158e-04 -1.602999e-03 4.906088e-03 5.520483e-04 9.999878e-01 -1.694438e+01
9.999986e-01 -4.362373e-04 1.640267e-03 -1.108705e+01 4.353670e-04 9.999998e-01 5.307957e-04 4.969493e-03 -1.640499e-03 -5.300815e-04 9.999985e-01 -1.796715e+01
9.999888e-01 -1.671180e-04 -4.727908e-03 -1.096949e+01 1.653342e-04 9.999999e-01 -3.777210e-04 2.119074e-02 4.727971e-03 3.769358e-04 9.999888e-01 -1.792395e+01
9.999998e-01 1.811679e-04 5.283822e-04 -1.122309e+01 -1.814185e-04 9.999999e-01 4.740252e-04 3.164196e-02 -5.282965e-04 -4.741217e-04 9.999997e-01 -1.853283e+01
9.999954e-01 -2.637053e-04 -3.025905e-03 -1.113338e+01 2.624666e-04 9.999999e-01 -4.098095e-04 2.711860e-02 3.026013e-03 4.090141e-04 9.999953e-01 -1.880215e+01
9.999996e-01 2.699849e-04 -8.256516e-04 -1.133809e+01 -2.695747e-04 9.999998e-01 4.970916e-04 4.096344e-02 8.257854e-04 -4.968695e-04 9.999995e-01 -1.950621e+01
9.999983e-01 -1.916843e-04 -1.856848e-03 -1.133686e+01 1.905181e-04 9.999998e-01 -6.282685e-04 4.259624e-02 1.856968e-03 6.279144e-04 9.999981e-01 -2.033646e+01
1.000000e+00 -3.429041e-05 4.238968e-05 -1.107213e+01 3.426320e-05 9.999998e-01 6.380579e-04 3.814563e-02 -4.241187e-05 -6.380571e-04 9.999998e-01 -2.068621e+01
9.999967e-01 -8.352848e-05 -2.569868e-03 -1.092229e+01 8.218782e-05 9.999999e-01 -5.218452e-04 3.510559e-02 2.569912e-03 5.216330e-04 9.999966e-01 -2.097591e+01
9.999995e-01 4.220841e-05 9.882556e-04 -1.075701e+01 -4.234048e-05 1.000000e+00 1.334642e-04 3.973598e-02 -9.882503e-04 -1.335066e-04 9.999995e-01 -2.199648e+01
9.999911e-01 -7.446198e-06 -4.217797e-03 -1.065559e+01 8.423396e-06 1.000000e+00 2.316291e-04 3.014651e-02 4.217795e-03 -2.316619e-04 9.999911e-01 -2.215058e+01
9.999999e-01 -3.224702e-04 3.955138e-04 -1.045083e+01 3.222476e-04 9.999998e-01 5.622969e-04 2.464782e-02 -3.956954e-04 -5.621701e-04 9.999998e-01 -2.170942e+01
9.999870e-01 1.001250e-04 -5.088969e-03 -1.044356e+01 -9.900297e-05 1.000000e+00 2.207085e-04 2.678137e-02 5.088991e-03 -2.202011e-04 9.999870e-01 -2.115470e+01
9.999999e-01 -4.733883e-04 1.029013e-04 -1.054988e+01 4.733368e-04 9.999998e-01 4.982524e-04 3.839142e-02 -1.031375e-04 -4.982043e-04 9.999999e-01 -2.059246e+01
9.999846e-01 2.154085e-04 -5.546992e-03 -1.071607e+01 -2.136596e-04 9.999999e-01 3.158397e-04 6.018563e-02 5.547060e-03 -3.146490e-04 9.999846e-01 -2.012171e+01
9.999973e-01 -3.664186e-04 2.290192e-03 -1.028699e+01 3.663509e-04 9.999999e-01 2.990291e-05 5.165899e-02 -2.290203e-03 -2.906451e-05 9.999974e-01 -2.012816e+01
9.999874e-01 3.615283e-04 -5.009363e-03 -1.023158e+01 -3.617760e-04 9.999999e-01 -4.858354e-05 5.317634e-02 5.009346e-03 5.039589e-05 9.999875e-01 -2.081107e+01
9.999998e-01 -3.278410e-04 -4.404114e-04 -1.057097e+01 3.280297e-04 9.999999e-01 4.288585e-04 6.050480e-02 4.402704e-04 -4.290036e-04 9.999998e-01 -2.142086e+01
9.999795e-01 4.332688e-04 -6.382621e-03 -1.117481e+01 -4.311549e-04 9.999999e-01 3.325303e-04 7.538134e-02 6.382764e-03 -3.297709e-04 9.999796e-01 -2.199229e+01
9.999986e-01 -3.769677e-04 1.607469e-03 -1.135418e+01 3.768990e-04 9.999999e-01 4.293254e-05 7.616360e-02 -1.607485e-03 -4.232732e-05 9.999987e-01 -2.241440e+01
9.999902e-01 4.214063e-04 -4.398747e-03 -1.134867e+01 -4.221240e-04 9.999999e-01 -1.622691e-04 7.575961e-02 4.398679e-03 1.641250e-04 9.999903e-01 -2.327010e+01
9.999997e-01 -4.453625e-04 5.736674e-04 -1.098232e+01 4.450587e-04 9.999998e-01 5.292986e-04 6.630856e-02 -5.739033e-04 -5.290439e-04 9.999997e-01 -2.339900e+01
9.999942e-01 4.358871e-04 -3.383191e-03 -1.080849e+01 -4.378665e-04 9.999997e-01 -5.844025e-04 6.191455e-02 3.382936e-03 5.858812e-04 9.999941e-01 -2.385189e+01
9.999996e-01 -4.425415e-04 -7.591273e-04 -1.061934e+01 4.434108e-04 9.999992e-01 1.145621e-03 5.338114e-02 7.586195e-04 -1.145958e-03 9.999991e-01 -2.365308e+01
9.999945e-01 2.868736e-04 -3.308901e-03 -1.035052e+01 -2.884665e-04 9.999998e-01 -4.809849e-04 4.727525e-02 3.308762e-03 4.819374e-04 9.999944e-01 -2.334971e+01
9.999986e-01 -2.830815e-04 -1.634291e-03 -1.050605e+01 2.850768e-04 9.999992e-01 1.220925e-03 5.381331e-02 1.633944e-03 -1.221390e-03 9.999979e-01 -2.323179e+01
9.999816e-01 2.736133e-04 -6.055291e-03 -1.125927e+01 -2.762205e-04 9.999999e-01 -4.297634e-04 7.646985e-02 6.055173e-03 4.314288e-04 9.999816e-01 -2.371439e+01
9.999997e-01 -2.646841e-04 7.313976e-04 -1.145160e+01 2.638804e-04 9.999994e-01 1.098412e-03 8.064081e-02 -7.316882e-04 -1.098220e-03 9.999991e-01 -2.357827e+01
9.999920e-01 2.073123e-04 -3.986153e-03 -1.127896e+01 -2.109305e-04 9.999996e-01 -9.073354e-04 8.189036e-02 3.985964e-03 9.081697e-04 9.999916e-01 -2.381793e+01
9.999996e-01 -2.919356e-04 -8.968930e-04 -1.144431e+01 2.933344e-04 9.999987e-01 1.560179e-03 9.332816e-02 8.964361e-04 -1.560442e-03 9.999984e-01 -2.345210e+01
9.999947e-01 7.342364e-06 -3.256293e-03 -1.114601e+01 -9.833307e-06 9.999997e-01 -7.650054e-04 9.397402e-02 3.256287e-03 7.650340e-04 9.999944e-01 -2.310956e+01
1.000000e+00 -1.872034e-04 5.898638e-06 -1.043048e+01 1.871974e-04 9.999995e-01 9.820915e-04 8.573756e-02 -6.082794e-06 -9.820911e-04 9.999995e-01 -2.326213e+01
9.999947e-01 -6.178531e-04 -3.204222e-03 -9.625603e+00 6.148098e-04 9.999994e-01 -9.507205e-04 1.379912e-01 3.204808e-03 9.487461e-04 9.999944e-01 -2.318931e+01
9.999980e-01 -6.151615e-04 1.900856e-03 -8.336784e+00 6.141914e-04 9.999997e-01 5.108019e-04 1.841028e-01 -1.901169e-03 -5.096341e-04 9.999981e-01 -2.315337e+01
9.999925e-01 8.811012e-06 -3.868765e-03 -7.248286e+00 -1.037291e-05 9.999999e-01 -4.037501e-04 1.829600e-01 3.868761e-03 4.037879e-04 9.999924e-01 -2.322680e+01
9.999991e-01 -3.184868e-04 1.308406e-03 -6.676381e+00 3.175933e-04 9.999997e-01 6.829183e-04 1.760263e-01 -1.308623e-03 -6.825028e-04 9.999989e-01 -2.340680e+01
9.999879e-01 2.487570e-04 -4.902998e-03 -6.617044e+00 -2.518504e-04 9.999998e-01 -6.303511e-04 1.817758e-01 4.902840e-03 6.315790e-04 9.999878e-01 -2.409295e+01
9.999997e-01 -3.510993e-04 7.493884e-04 -6.696035e+00 3.505593e-04 9.999997e-01 7.204058e-04 1.895001e-01 -7.496414e-04 -7.201436e-04 9.999995e-01 -2.469396e+01
9.999934e-01 2.237849e-04 -3.638292e-03 -6.146489e+00 -2.253188e-04 9.999999e-01 -4.212370e-04 1.728760e-01 3.638198e-03 4.220546e-04 9.999933e-01 -2.471095e+01
9.999999e-01 -4.166871e-04 3.001620e-04 -5.669588e+00 4.163965e-04 9.999994e-01 9.670647e-04 1.570705e-01 -3.005651e-04 -9.669403e-04 9.999995e-01 -2.461312e+01
9.999955e-01 3.459939e-04 -2.981812e-03 -5.531508e+00 -3.488118e-04 9.999995e-01 -9.446205e-04 1.575493e-01 2.981484e-03 9.456571e-04 9.999951e-01 -2.522650e+01
9.999970e-01 -3.085205e-04 -2.445897e-03 -5.950010e+00 3.115480e-04 9.999992e-01 1.237609e-03 1.710455e-01 2.445513e-03 -1.238368e-03 9.999962e-01 -2.597405e+01
9.999992e-01 2.671564e-04 -1.267639e-03 -6.017881e+00 -2.685742e-04 9.999993e-01 -1.118639e-03 1.741842e-01 1.267340e-03 1.118979e-03 9.999986e-01 -2.654260e+01
9.999997e-01 -4.444453e-04 -7.066952e-04 -5.583773e+00 4.451887e-04 9.999993e-01 1.052377e-03 1.665285e-01 7.062267e-04 -1.052692e-03 9.999992e-01 -2.694607e+01
9.999980e-01 2.316203e-04 -2.011168e-03 -5.085162e+00 -2.330836e-04 9.999997e-01 -7.274687e-04 1.507049e-01 2.010999e-03 7.279367e-04 9.999977e-01 -2.687382e+01
9.999998e-01 -5.707909e-04 -1.165593e-04 -4.332631e+00 5.708909e-04 9.999995e-01 8.612858e-04 1.405362e-01 1.160674e-04 -8.613529e-04 9.999996e-01 -2.705925e+01
9.999969e-01 2.609054e-04 -2.465006e-03 -3.431942e+00 -2.629583e-04 9.999996e-01 -8.326342e-04 1.337599e-01 2.464788e-03 8.332806e-04 9.999966e-01 -2.740372e+01
9.999998e-01 -6.058126e-04 8.214625e-05 -2.555629e+00 6.057319e-04 9.999993e-01 9.765395e-04 1.315838e-01 -8.273810e-05 -9.764902e-04 9.999995e-01 -2.764271e+01
9.999920e-01 4.482744e-04 -3.985070e-03 -1.862307e+00 -4.494630e-04 9.999999e-01 -2.974192e-04 1.136180e-01 3.984936e-03 2.992086e-04 9.999920e-01 -2.738701e+01
9.999994e-01 -9.691048e-04 4.438673e-04 -9.565955e-01 9.685333e-04 9.999987e-01 1.285477e-03 8.028009e-02 -4.451128e-04 -1.285047e-03 9.999991e-01 -2.702616e+01
9.999892e-01 6.779066e-04 -4.598224e-03 -1.070265e-01 -6.798345e-04 9.999997e-01 -4.177675e-04 4.953505e-02 4.597940e-03 4.208897e-04 9.999893e-01 -2.675771e+01
9.999991e-01 -1.012094e-03 9.077225e-04 4.876586e-01 1.010908e-03 9.999986e-01 1.306572e-03 2.385429e-02 -9.090439e-04 -1.305654e-03 9.999987e-01 -2.639150e+01
9.999891e-01 6.727712e-04 -4.629857e-03 1.208019e+00 -6.747076e-04 9.999997e-01 -4.167492e-04 -7.715482e-03 4.629576e-03 4.198691e-04 9.999892e-01 -2.600463e+01
9.999993e-01 -1.013579e-03 6.828435e-04 1.962771e+00 1.012655e-03 9.999986e-01 1.351197e-03 -4.250665e-02 -6.842124e-04 -1.350505e-03 9.999989e-01 -2.565700e+01
9.999898e-01 6.621124e-04 -4.465294e-03 2.779440e+00 -6.642699e-04 9.999997e-01 -4.817543e-04 -7.426376e-02 4.464974e-03 4.847162e-04 9.999899e-01 -2.537821e+01
9.999994e-01 -9.887799e-04 4.693968e-04 3.587741e+00 9.880437e-04 9.999983e-01 1.565598e-03 -1.150078e-01 -4.709443e-04 -1.565134e-03 9.999987e-01 -2.492010e+01
9.999924e-01 4.037614e-04 -3.879653e-03 4.648739e+00 -4.054500e-04 9.999998e-01 -4.345448e-04 -1.559006e-01 3.879477e-03 4.361152e-04 9.999924e-01 -2.457166e+01
9.999998e-01 -6.773140e-04 6.593319e-05 5.602550e+00 6.772317e-04 9.999990e-01 1.237540e-03 -1.866627e-01 -6.677163e-05 -1.237496e-03 9.999992e-01 -2.433756e+01
9.999959e-01 4.698873e-04 -2.833777e-03 6.030767e+00 -4.718913e-04 9.999996e-01 -7.066250e-04 -2.042479e-01 2.833444e-03 7.079600e-04 9.999957e-01 -2.414830e+01
9.999998e-01 -6.805927e-04 9.471310e-05 6.385111e+00 6.804657e-04 9.999989e-01 1.332820e-03 -2.225992e-01 -9.562040e-05 -1.332755e-03 9.999991e-01 -2.385568e+01
9.999933e-01 4.666665e-04 -3.634391e-03 6.506836e+00 -4.688321e-04 9.999997e-01 -5.950759e-04 -2.349324e-01 3.634112e-03 5.967765e-04 9.999932e-01 -2.343762e+01
9.999996e-01 -6.938821e-04 5.260538e-04 6.856225e+00 6.932356e-04 9.999990e-01 1.227845e-03 -2.547541e-01 -5.269056e-04 -1.227480e-03 9.999991e-01 -2.300620e+01
9.999946e-01 4.672381e-04 -3.258725e-03 7.244582e+00 -4.697411e-04 9.999996e-01 -7.674339e-04 -2.683616e-01 3.258365e-03 7.689612e-04 9.999944e-01 -2.283089e+01
9.999986e-01 -5.855729e-04 -1.557090e-03 7.041310e+00 5.877507e-04 9.999988e-01 1.398696e-03 -2.662467e-01 1.556269e-03 -1.399610e-03 9.999978e-01 -2.271841e+01
9.999942e-01 4.042295e-04 -3.381585e-03 6.893029e+00 -4.061678e-04 9.999998e-01 -5.725841e-04 -2.704098e-01 3.381353e-03 5.739549e-04 9.999941e-01 -2.237027e+01
9.999974e-01 -5.502397e-04 -2.222636e-03 6.641561e+00 5.534314e-04 9.999988e-01 1.435742e-03 -2.682810e-01 2.221843e-03 -1.436969e-03 9.999965e-01 -2.208924e+01
9.999864e-01 6.056868e-04 -5.177618e-03 6.040787e+00 -6.084489e-04 9.999997e-01 -5.319513e-04 -2.515989e-01 5.177294e-03 5.350951e-04 9.999865e-01 -2.216451e+01
9.999995e-01 -6.272583e-04 -7.119436e-04 5.666157e+00 6.279444e-04 9.999993e-01 9.642098e-04 -2.386602e-01 7.113380e-04 -9.646571e-04 9.999993e-01 -2.251449e+01
9.999922e-01 5.769021e-04 -3.907594e-03 5.596821e+00 -5.787987e-04 9.999997e-01 -4.843046e-04 -2.371949e-01 3.907313e-03 4.865632e-04 9.999922e-01 -2.275223e+01
9.999957e-01 -5.407544e-04 -2.881200e-03 5.133772e+00 5.445374e-04 9.999990e-01 1.312439e-03 -2.275807e-01 2.880487e-03 -1.314003e-03 9.999950e-01 -2.272110e+01
9.999964e-01 6.235091e-04 -2.609476e-03 4.859259e+00 -6.252228e-04 9.999996e-01 -6.560513e-04 -2.226745e-01 2.609066e-03 6.576811e-04 9.999964e-01 -2.274636e+01
9.999963e-01 -5.736100e-04 -2.663094e-03 4.651156e+00 5.772165e-04 9.999989e-01 1.353761e-03 -2.224336e-01 2.662315e-03 -1.355294e-03 9.999955e-01 -2.271171e+01
9.999996e-01 5.289328e-04 -7.421162e-04 4.886098e+00 -5.294917e-04 9.999996e-01 -7.534736e-04 -2.376322e-01 7.417176e-04 7.538669e-04 9.999994e-01 -2.251937e+01
9.999953e-01 -8.019213e-04 -2.948144e-03 5.483068e+00 8.067927e-04 9.999983e-01 1.651640e-03 -2.720330e-01 2.946814e-03 -1.654012e-03 9.999943e-01 -2.212827e+01
9.999990e-01 5.262906e-04 -1.276252e-03 6.225677e+00 -5.272366e-04 9.999996e-01 -7.412313e-04 -3.044234e-01 1.275861e-03 7.419042e-04 9.999989e-01 -2.181375e+01
9.999962e-01 -6.957381e-04 -2.659131e-03 6.761486e+00 6.997065e-04 9.999986e-01 1.491831e-03 -3.322539e-01 2.658090e-03 -1.493687e-03 9.999954e-01 -2.153308e+01
9.999994e-01 4.177567e-04 -1.051801e-03 7.499764e+00 -4.186203e-04 9.999996e-01 -8.212662e-04 -3.543657e-01 1.051458e-03 8.217066e-04 9.999991e-01 -2.142956e+01
9.999964e-01 -5.574731e-04 -2.612621e-03 8.082395e+00 5.609385e-04 9.999990e-01 1.325941e-03 -3.736634e-01 2.611879e-03 -1.327402e-03 9.999957e-01 -2.134174e+01
9.999994e-01 3.478286e-04 -1.064549e-03 8.694803e+00 -3.484522e-04 9.999998e-01 -5.859158e-04 -4.014921e-01 1.064346e-03 5.862870e-04 9.999993e-01 -2.109580e+01
9.999969e-01 -5.806330e-04 -2.438010e-03 9.247612e+00 5.841261e-04 9.999988e-01 1.432382e-03 -4.318073e-01 2.437175e-03 -1.433802e-03 9.999960e-01 -2.071235e+01
9.999996e-01 3.233410e-04 -8.117737e-04 9.681995e+00 -3.238504e-04 9.999998e-01 -6.277767e-04 -4.444427e-01 8.115707e-04 6.280400e-04 9.999995e-01 -2.023901e+01
9.999973e-01 -7.210973e-04 -2.230106e-03 1.004547e+01 7.235578e-04 9.999991e-01 1.102836e-03 -4.480177e-01 2.229308e-03 -1.104447e-03 9.999969e-01 -1.986120e+01
9.999992e-01 4.334158e-04 -1.156080e-03 1.063498e+01 -4.337767e-04 9.999999e-01 -3.121622e-04 -4.764321e-01 1.155945e-03 3.126641e-04 9.999993e-01 -1.948720e+01
9.999962e-01 -7.871863e-04 -2.642681e-03 1.147215e+01 7.902802e-04 9.999990e-01 1.169996e-03 -5.086529e-01 2.641757e-03 -1.172080e-03 9.999958e-01 -1.918333e+01
9.999995e-01 4.277076e-04 -8.557648e-04 1.223572e+01 -4.279509e-04 9.999999e-01 -2.844807e-04 -5.307295e-01 8.556433e-04 2.848475e-04 9.999996e-01 -1.883296e+01
9.999975e-01 -8.987925e-04 -2.033181e-03 1.296299e+01 9.005446e-04 9.999992e-01 8.611461e-04 -5.267656e-01 2.032405e-03 -8.629756e-04 9.999976e-01 -1.859504e+01
9.999999e-01 3.316940e-04 -2.481688e-04 1.411831e+01 -3.318636e-04 9.999997e-01 -6.847456e-04 -5.330357e-01 2.479419e-04 6.848286e-04 9.999997e-01 -1.865603e+01
9.999938e-01 -6.700616e-04 -3.459920e-03 1.519827e+01 6.744435e-04 9.999990e-01 1.265538e-03 -5.566256e-01 3.459068e-03 -1.267864e-03 9.999932e-01 -1.864469e+01
9.999998e-01 3.075942e-04 -4.830272e-04 1.617028e+01 -3.077925e-04 9.999999e-01 -4.109523e-04 -5.900356e-01 4.829010e-04 4.111016e-04 9.999998e-01 -1.836871e+01
9.999943e-01 -5.488779e-04 -3.337681e-03 1.684603e+01 5.530336e-04 9.999991e-01 1.244354e-03 -6.191568e-01 3.336994e-03 -1.246193e-03 9.999937e-01 -1.807153e+01
9.999996e-01 4.917280e-04 -7.212428e-04 1.699700e+01 -4.921730e-04 9.999997e-01 -6.172359e-04 -6.293234e-01 7.209393e-04 6.175913e-04 9.999995e-01 -1.799892e+01
9.999941e-01 -3.915357e-04 -3.423477e-03 1.693048e+01 3.949523e-04 9.999994e-01 9.974717e-04 -6.307085e-01 3.423084e-03 -9.988185e-04 9.999936e-01 -1.833186e+01
9.999998e-01 4.108870e-04 5.552041e-04 1.703834e+01 -4.102870e-04 9.999993e-01 -1.079899e-03 -6.327605e-01 -5.556472e-04 1.079672e-03 9.999993e-01 -1.893478e+01
9.999942e-01 -3.707932e-04 -3.391896e-03 1.705194e+01 3.741373e-04 9.999994e-01 9.853824e-04 -6.334359e-01 3.391528e-03 -9.866463e-04 9.999938e-01 -1.974764e+01
9.999946e-01 4.801717e-04 -3.262333e-03 1.653632e+01 -4.808776e-04 9.999999e-01 -2.156862e-04 -6.255367e-01 3.262229e-03 2.172545e-04 9.999947e-01 -1.991912e+01
9.999943e-01 -4.175341e-04 -3.359245e-03 1.608039e+01 4.207217e-04 9.999995e-01 9.483148e-04 -6.171131e-01 3.358847e-03 -9.497233e-04 9.999939e-01 -2.007927e+01
9.999997e-01 5.203556e-04 6.458394e-04 1.615433e+01 -5.196829e-04 9.999993e-01 -1.040947e-03 -6.203318e-01 -6.463803e-04 1.040611e-03 9.999992e-01 -2.069150e+01
9.999881e-01 -6.967007e-04 -4.831007e-03 1.652109e+01 7.058981e-04 9.999979e-01 1.902427e-03 -6.365745e-01 4.829671e-03 -1.905815e-03 9.999865e-01 -2.038865e+01
9.999998e-01 2.621664e-04 -5.161507e-04 1.640887e+01 -2.625606e-04 9.999997e-01 -7.642979e-04 -6.389830e-01 5.159504e-04 7.644339e-04 9.999996e-01 -1.940443e+01
9.999805e-01 -5.876968e-04 -6.221000e-03 1.610541e+01 5.999273e-04 9.999979e-01 1.964368e-03 -6.268761e-01 6.219832e-03 -1.968063e-03 9.999787e-01 -1.877987e+01
9.999997e-01 2.600330e-04 -6.936316e-04 1.573709e+01 -2.605202e-04 9.999997e-01 -7.027213e-04 -6.126349e-01 6.934490e-04 7.029025e-04 9.999995e-01 -1.800694e+01
9.999901e-01 -5.641859e-04 -4.407313e-03 1.579614e+01 5.716065e-04 9.999984e-01 1.682692e-03 -6.170685e-01 4.406356e-03 -1.685195e-03 9.999889e-01 -1.746258e+01
1.000000e+00 1.989962e-04 1.976079e-04 1.596255e+01 -1.989557e-04 1.000000e+00 -2.035622e-04 -6.348361e-01 -1.976481e-04 2.035235e-04 1.000000e+00 -1.623398e+01
9.999944e-01 -8.988719e-04 -3.213735e-03 1.616504e+01 9.048742e-04 9.999978e-01 1.866828e-03 -6.621556e-01 3.212050e-03 -1.869726e-03 9.999931e-01 -1.451720e+01
9.999989e-01 6.045835e-04 -1.331547e-03 1.617867e+01 -6.057182e-04 9.999995e-01 -8.521314e-04 -6.676035e-01 1.331032e-03 8.529377e-04 9.999988e-01 -1.364632e+01
9.999882e-01 -8.111816e-04 -4.795150e-03 1.586728e+01 8.191555e-04 9.999983e-01 1.661224e-03 -6.546591e-01 4.793794e-03 -1.665133e-03 9.999871e-01 -1.322942e+01
9.999994e-01 7.484825e-04 8.283231e-04 1.617797e+01 -7.478262e-04 9.999994e-01 -7.919863e-04 -6.772428e-01 -8.289152e-04 7.913670e-04 9.999993e-01 -1.283964e+01
9.999894e-01 -9.116918e-04 -4.508132e-03 1.654457e+01 9.196295e-04 9.999980e-01 1.759054e-03 -7.076405e-01 4.506519e-03 -1.763182e-03 9.999883e-01 -1.217323e+01
9.999992e-01 7.237964e-04 1.043172e-03 1.703629e+01 -7.230247e-04 9.999995e-01 -7.397266e-04 -7.452187e-01 -1.043707e-03 7.389724e-04 9.999992e-01 -1.148888e+01
9.999878e-01 -1.010259e-03 -4.829244e-03 1.779599e+01 1.017371e-03 9.999984e-01 1.470665e-03 -7.739391e-01 4.827750e-03 -1.475561e-03 9.999873e-01 -1.122302e+01
9.999988e-01 8.599623e-04 1.268249e-03 1.822669e+01 -8.590089e-04 9.999993e-01 -7.519210e-04 -7.984825e-01 -1.268894e-03 7.508313e-04 9.999989e-01 -1.095160e+01
9.999893e-01 -9.572022e-04 -4.530160e-03 1.831837e+01 9.642108e-04 9.999983e-01 1.545231e-03 -8.213812e-01 4.528673e-03 -1.549583e-03 9.999885e-01 -1.030811e+01
9.999990e-01 8.797678e-04 1.134566e-03 1.841788e+01 -8.789080e-04 9.999993e-01 -7.578313e-04 -8.433886e-01 -1.135232e-03 7.568340e-04 9.999991e-01 -9.727856e+00
9.999909e-01 -1.085769e-03 -4.128916e-03 1.899108e+01 1.090253e-03 9.999988e-01 1.084008e-03 -8.626879e-01 4.127734e-03 -1.088500e-03 9.999909e-01 -9.700586e+00
9.999994e-01 1.065780e-03 5.123255e-05 1.925444e+01 -1.065768e-03 9.999994e-01 -2.221718e-04 -8.861369e-01 -5.146905e-05 2.221177e-04 1.000000e+00 -9.309802e+00
9.999918e-01 -1.260922e-03 -3.843912e-03 1.924249e+01 1.265162e-03 9.999986e-01 1.100938e-03 -9.011183e-01 3.842519e-03 -1.105793e-03 9.999920e-01 -8.583926e+00
9.999991e-01 1.050698e-03 -7.789862e-04 1.909441e+01 -1.050827e-03 9.999994e-01 -1.657881e-04 -9.042774e-01 7.788118e-04 1.666071e-04 9.999997e-01 -7.876392e+00
9.999946e-01 -1.279158e-03 -3.013145e-03 1.907014e+01 1.283034e-03 9.999984e-01 1.285010e-03 -9.185531e-01 3.011496e-03 -1.288870e-03 9.999946e-01 -6.987070e+00
9.999989e-01 1.100610e-03 -1.023113e-03 1.926060e+01 -1.100834e-03 9.999994e-01 -2.190385e-04 -9.358137e-01 1.022872e-03 2.201652e-04 9.999995e-01 -6.416974e+00
9.999953e-01 -1.458744e-03 -2.714236e-03 1.973890e+01 1.462873e-03 9.999978e-01 1.520096e-03 -9.601255e-01 2.712012e-03 -1.524060e-03 9.999952e-01 -5.665164e+00
9.999993e-01 1.044980e-03 -5.298088e-04 2.038232e+01 -1.045324e-03 9.999992e-01 -6.503314e-04 -9.745947e-01 5.291290e-04 6.508854e-04 9.999996e-01 -5.140111e+00
9.999981e-01 -1.889350e-03 -4.254411e-04 2.166518e+01 1.889645e-03 9.999980e-01 6.944377e-04 -9.741350e-01 4.241279e-04 -6.952410e-04 9.999997e-01 -5.248075e+00
9.999997e-01 8.311354e-04 4.405109e-05 2.336966e+01 -8.311034e-04 9.999994e-01 -7.158838e-04 -9.814485e-01 -4.464580e-05 7.158476e-04 9.999997e-01 -4.959035e+00
9.999981e-01 -1.840227e-03 -5.901101e-04 2.512544e+01 1.841113e-03 9.999972e-01 1.506146e-03 -1.016869e+00 5.873366e-04 -1.507231e-03 9.999987e-01 -3.610679e+00
9.999986e-01 1.055067e-03 -1.305544e-03 2.660430e+01 -1.056160e-03 9.999991e-01 -8.372751e-04 -1.050088e+00 1.304660e-03 8.386535e-04 9.999988e-01 -2.404214e+00
9.999982e-01 -1.605912e-03 -9.989380e-04 2.777407e+01 1.607247e-03 9.999978e-01 1.337163e-03 -1.085926e+00 9.967882e-04 -1.338766e-03 9.999986e-01 -1.625475e+00
9.999917e-01 8.376369e-04 -3.989476e-03 2.902282e+01 -8.349617e-04 9.999994e-01 6.721152e-04 -1.109103e+00 3.990037e-03 -6.687779e-04 9.999918e-01 -6.281387e-01
9.999989e-01 -1.249306e-03 7.841432e-04 2.937326e+01 1.248788e-03 9.999990e-01 6.610517e-04 -1.140272e+00 -7.849685e-04 -6.600724e-04 9.999995e-01 4.663789e-01
9.999884e-01 9.621074e-04 -4.718103e-03 2.943924e+01 -9.585355e-04 9.999993e-01 7.592137e-04 -1.162321e+00 4.718830e-03 -7.546817e-04 9.999886e-01 1.547255e+00
9.999980e-01 -1.702086e-03 -1.089591e-03 2.905956e+01 1.702819e-03 9.999983e-01 6.724843e-04 -1.153307e+00 1.088444e-03 -6.743390e-04 9.999992e-01 2.837648e+00
9.999838e-01 1.631483e-03 -5.459693e-03 2.867887e+01 -1.628725e-03 9.999985e-01 5.095748e-04 -1.149094e+00 5.460516e-03 -5.006736e-04 9.999850e-01 3.040551e+00
9.999964e-01 -1.579235e-03 -2.163549e-03 2.810410e+01 1.580841e-03 9.999985e-01 7.409063e-04 -1.134361e+00 2.162376e-03 -7.443245e-04 9.999974e-01 3.090917e+00
9.999969e-01 1.287245e-03 -2.132806e-03 2.803680e+01 -1.286209e-03 9.999991e-01 4.871257e-04 -1.144522e+00 2.133431e-03 -4.843803e-04 9.999976e-01 3.956822e+00
9.999978e-01 -1.609444e-03 -1.376351e-03 2.850803e+01 1.610518e-03 9.999984e-01 7.797207e-04 -1.173373e+00 1.375093e-03 -7.819363e-04 9.999987e-01 4.715932e+00
9.999960e-01 1.043991e-03 -2.635655e-03 2.838150e+01 -1.041780e-03 9.999991e-01 8.399291e-04 -1.183942e+00 2.636530e-03 -8.371793e-04 9.999962e-01 6.510676e+00
9.999972e-01 -2.001686e-03 -1.223969e-03 2.807530e+01 2.002995e-03 9.999974e-01 1.069394e-03 -1.187720e+00 1.221825e-03 -1.071843e-03 9.999987e-01 8.713709e+00
9.999957e-01 1.291563e-03 -2.615209e-03 2.799982e+01 -1.289384e-03 9.999988e-01 8.347939e-04 -1.202228e+00 2.616285e-03 -8.314177e-04 9.999962e-01 1.079754e+01
9.999974e-01 -2.065237e-03 -1.015583e-03 2.790081e+01 2.066094e-03 9.999975e-01 8.432403e-04 -1.216958e+00 1.013839e-03 -8.453370e-04 9.999991e-01 1.280675e+01
9.999974e-01 1.323501e-03 -1.874316e-03 2.815366e+01 -1.322550e-03 9.999990e-01 5.081326e-04 -1.245764e+00 1.874987e-03 -5.056518e-04 9.999981e-01 1.437705e+01
9.999967e-01 -1.871896e-03 -1.768084e-03 2.818524e+01 1.872714e-03 9.999981e-01 4.610623e-04 -1.261892e+00 1.767217e-03 -4.643725e-04 9.999983e-01 1.548979e+01
9.999973e-01 1.702440e-03 -1.573742e-03 2.839025e+01 -1.701761e-03 9.999985e-01 4.320462e-04 -1.286961e+00 1.574475e-03 -4.293663e-04 9.999987e-01 1.623693e+01
9.999968e-01 -1.865605e-03 -1.685491e-03 2.857936e+01 1.866367e-03 9.999982e-01 4.507634e-04 -1.311508e+00 1.684646e-03 -4.539084e-04 9.999985e-01 1.701357e+01
9.999981e-01 1.569413e-03 -1.183958e-03 2.877246e+01 -1.568529e-03 9.999985e-01 7.466867e-04 -1.343506e+00 1.185128e-03 -7.448276e-04 9.999990e-01 1.813479e+01
9.999953e-01 -1.697583e-03 -2.562410e-03 2.911001e+01 1.697935e-03 9.999985e-01 1.352577e-04 -1.369271e+00 2.562177e-03 -1.396085e-04 9.999967e-01 1.862071e+01
9.999946e-01 1.785966e-03 -2.759503e-03 2.888608e+01 -1.783676e-03 9.999981e-01 8.320529e-04 -1.374599e+00 2.760984e-03 -8.271257e-04 9.999958e-01 1.880714e+01
9.999976e-01 -1.850195e-03 -1.214272e-03 2.917920e+01 1.850071e-03 9.999983e-01 -1.026142e-04 -1.392708e+00 1.214459e-03 1.003668e-04 9.999993e-01 1.902964e+01
9.999960e-01 1.569470e-03 -2.359678e-03 2.977764e+01 -1.567795e-03 9.999985e-01 7.110750e-04 -1.414105e+00 2.360791e-03 -7.073721e-04 9.999970e-01 1.919715e+01
9.999974e-01 -1.756211e-03 -1.482296e-03 3.036462e+01 1.756140e-03 9.999985e-01 -4.889146e-05 -1.436049e+00 1.482380e-03 4.628758e-05 9.999989e-01 1.938091e+01
9.999977e-01 1.562857e-03 -1.493057e-03 3.077737e+01 -1.562380e-03 9.999987e-01 3.201795e-04 -1.438748e+00 1.493556e-03 -3.178454e-04 9.999988e-01 1.891684e+01
9.999979e-01 -1.752627e-03 -1.078807e-03 3.093439e+01 1.752074e-03 9.999983e-01 -5.128451e-04 -1.438975e+00 1.079703e-03 5.109533e-04 9.999993e-01 1.811753e+01
9.999951e-01 1.784604e-03 -2.585507e-03 3.098904e+01 -1.782605e-03 9.999981e-01 7.750578e-04 -1.444620e+00 2.586885e-03 -7.704444e-04 9.999964e-01 1.766198e+01
9.999981e-01 -1.909946e-03 -2.593690e-04 3.113594e+01 1.909796e-03 9.999980e-01 -5.765761e-04 -1.444577e+00 2.604695e-04 5.760790e-04 9.999998e-01 1.688951e+01
9.999972e-01 1.602588e-03 -1.735018e-03 3.146107e+01 -1.601680e-03 9.999986e-01 5.245781e-04 -1.440331e+00 1.735857e-03 -5.217971e-04 9.999984e-01 1.591099e+01
9.999979e-01 -1.930138e-03 -6.580023e-04 3.177183e+01 1.929562e-03 9.999978e-01 -8.745729e-04 -1.438636e+00 6.596886e-04 8.733008e-04 9.999994e-01 1.513962e+01
9.999965e-01 1.758712e-03 -1.973397e-03 3.205208e+01 -1.756511e-03 9.999978e-01 1.116189e-03 -1.438429e+00 1.975356e-03 -1.112718e-03 9.999974e-01 1.440642e+01
9.999978e-01 -2.088908e-03 -1.322636e-04 3.236843e+01 2.088705e-03 9.999967e-01 -1.515409e-03 -1.435714e+00 1.354284e-04 1.515129e-03 9.999988e-01 1.356240e+01
9.999910e-01 1.753796e-03 -3.864399e-03 3.308281e+01 -1.743339e-03 9.999948e-01 2.707790e-03 -1.464672e+00 3.869128e-03 -2.701028e-03 9.999889e-01 1.411535e+01
9.999978e-01 -2.077013e-03 3.101331e-04 3.364824e+01 2.077491e-03 9.999966e-01 -1.551688e-03 -1.491596e+00 -3.069094e-04 1.552328e-03 9.999987e-01 1.488629e+01
9.999912e-01 1.897934e-03 -3.743344e-03 3.405004e+01 -1.890743e-03 9.999964e-01 1.923638e-03 -1.496086e+00 3.746982e-03 -1.916543e-03 9.999911e-01 1.448562e+01
9.999969e-01 -2.132057e-03 1.250773e-03 3.438761e+01 2.134849e-03 9.999952e-01 -2.235735e-03 -1.496299e+00 -1.246000e-03 2.238397e-03 9.999967e-01 1.389022e+01
9.999850e-01 2.023410e-03 -5.093540e-03 3.481263e+01 -2.009488e-03 9.999942e-01 2.736978e-03 -1.510311e+00 5.099049e-03 -2.726701e-03 9.999833e-01 1.387101e+01
9.999969e-01 -2.131818e-03 1.296114e-03 3.526584e+01 2.134771e-03 9.999951e-01 -2.281459e-03 -1.527111e+00 -1.291245e-03 2.284218e-03 9.999966e-01 1.395603e+01
9.999840e-01 2.004035e-03 -5.288140e-03 3.565048e+01 -1.987115e-03 9.999929e-01 3.202821e-03 -1.550808e+00 5.294521e-03 -3.192261e-03 9.999809e-01 1.445116e+01
9.999955e-01 -1.925421e-03 2.294290e-03 3.572669e+01 1.932845e-03 9.999929e-01 -3.238092e-03 -1.554374e+00 -2.288039e-03 3.242512e-03 9.999921e-01 1.387990e+01
9.999780e-01 1.930729e-03 -6.348379e-03 3.597276e+01 -1.906364e-03 9.999908e-01 3.841737e-03 -1.570972e+00 6.355738e-03 -3.829550e-03 9.999725e-01 1.404420e+01
