9.999960e-01 -3.163028e-04 -2.817616e-03 4.437181e-01 3.193969e-04 9.999993e-01 1.097775e-03 -3.893603e-02 2.817266e-03 -1.098671e-03 9.999954e-01 9.226401e-01
9.999998e-01 1.287398e-04 -5.738177e-04 8.810785e-01 -1.289077e-04 9.999999e-01 -2.925239e-04 -7.452994e-02 5.737804e-04 2.925986e-04 9.999998e-01 1.555646e+00
9.999960e-01 -2.811376e-04 -2.816454e-03 1.215658e+00 2.839413e-04 9.999995e-01 9.951337e-04 -1.020252e-01 2.816172e-03 -9.959301e-04 9.999955e-01 1.927224e+00
9.999999e-01 1.867918e-04 -5.006411e-04 1.642665e+00 -1.870879e-04 9.999998e-01 -5.915912e-04 -1.213797e-01 5.005308e-04 5.916854e-04 9.999997e-01 1.981781e+00
9.999964e-01 -3.253159e-04 -2.658491e-03 2.236908e+00 3.278869e-04 9.999995e-01 9.666897e-04 -1.426813e-01 2.658175e-03 -9.675586e-04 9.999960e-01 2.046183e+00
9.999999e-01 1.497806e-04 -4.596346e-04 2.723760e+00 -1.499473e-04 9.999999e-01 -3.625913e-04 -1.717156e-01 4.595806e-04 3.626609e-04 9.999998e-01 2.382374e+00
9.999955e-01 -3.357036e-04 -2.984644e-03 3.337204e+00 3.388333e-04 9.999994e-01 1.048157e-03 -2.016850e-01 2.984290e-03 -1.049164e-03 9.999950e-01 2.643175e+00
1.000000e+00 7.569299e-05 -1.032988e-04 4.006037e+00 -7.578044e-05 9.999996e-01 -8.471449e-04 -2.116168e-01 1.032350e-04 8.471534e-04 9.999996e-01 2.386908e+00
9.999951e-01 -3.207906e-04 -3.099806e-03 4.840183e+00 3.244203e-04 9.999993e-01 1.170509e-03 -2.257684e-01 3.099428e-03 -1.171510e-03 9.999945e-01 2.177486e+00
1.000000e+00 1.059372e-04 8.220187e-05 5.361648e+00 -1.058536e-04 9.999995e-01 -1.016045e-03 -2.392357e-01 -8.230913e-05 1.016037e-03 9.999995e-01 2.063397e+00
9.999935e-01 -5.212763e-04 -3.578838e-03 6.342262e+00 5.280049e-04 9.999981e-01 1.879437e-03 -2.701318e-01 3.577851e-03 -1.881315e-03 9.999918e-01 2.297554e+00
9.999998e-01 1.124928e-04 6.433952e-04 7.720781e+00 -1.114784e-04 9.999988e-01 -1.576449e-03 -2.810564e-01 -6.435714e-04 1.576377e-03 9.999986e-01 1.940390e+00
9.999938e-01 -5.101706e-04 -3.480119e-03 8.383809e+00 5.156727e-04 9.999986e-01 1.580291e-03 -2.880126e-01 3.479308e-03 -1.582076e-03 9.999927e-01 1.602612e+00
9.999999e-01 2.347295e-04 2.218021e-04 8.533455e+00 -2.346333e-04 9.999999e-01 -4.336853e-04 -3.186807e-01 -2.219035e-04 4.336340e-04 9.999999e-01 2.707121e+00
9.999965e-01 -1.156437e-03 -2.365585e-03 8.467269e+00 1.161891e-03 9.999967e-01 2.305345e-03 -3.450101e-01 2.362911e-03 -2.308087e-03 9.999945e-01 5.081790e+00
9.999998e-01 -6.827953e-05 -6.193712e-04 9.519638e+00 6.803590e-05 9.999999e-01 -3.934349e-04 -3.896348e-01 6.193984e-04 3.933934e-04 9.999997e-01 7.266453e+00
9.999943e-01 -1.986342e-03 2.743797e-03 1.337507e+01 1.986283e-03 9.999980e-01 2.401486e-05 -4.066329e-01 -2.743840e-03 -1.856548e-05 9.999962e-01 7.070246e+00
9.999967e-01 2.400530e-04 -2.571619e-03 1.716555e+01 -2.413227e-04 9.999998e-01 -4.934759e-04 -4.176266e-01 2.571500e-03 4.940956e-04 9.999966e-01 6.809528e+00
9.999896e-01 -2.170089e-03 4.004054e-03 2.094990e+01 2.170168e-03 9.999976e-01 -1.534539e-05 -4.248600e-01 -4.004011e-03 2.403399e-05 9.999920e-01 6.084704e+00
9.999995e-01 -2.167483e-04 -9.652805e-04 2.532121e+01 2.152980e-04 9.999988e-01 -1.502354e-03 -3.978814e-01 9.656054e-04 1.502146e-03 9.999984e-01 4.423568e+00
9.999827e-01 -2.202336e-03 5.447308e-03 3.017353e+01 2.205005e-03 9.999975e-01 -4.840082e-04 -3.730796e-01 -5.446228e-03 4.960105e-04 9.999850e-01 2.467112e+00
9.999997e-01 -4.297130e-04 -6.101805e-04 3.538533e+01 4.287339e-04 9.999986e-01 -1.603788e-03 -3.433941e-01 6.108692e-04 1.603527e-03 9.999985e-01 3.055849e-01
9.999988e-01 -1.283098e-03 8.694778e-04 3.907313e+01 1.281624e-03 9.999977e-01 1.693299e-03 -3.641813e-01 -8.716488e-04 -1.692183e-03 9.999982e-01 3.604992e-01
9.999997e-01 -6.928740e-04 -1.919564e-04 4.275942e+01 6.924855e-04 9.999977e-01 -2.016518e-03 -3.619433e-01 1.933535e-04 2.016385e-03 9.999979e-01 1.027502e-01
9.999853e-01 -1.810523e-03 5.114602e-03 4.728382e+01 1.809905e-03 9.999984e-01 1.255767e-04 -3.330745e-01 -5.114821e-03 -1.163186e-04 9.999869e-01 -1.793874e+00
9.999994e-01 -1.041558e-03 2.349985e-04 5.225680e+01 1.042142e-03 9.999963e-01 -2.495003e-03 -2.982934e-01 -2.323986e-04 2.495248e-03 9.999969e-01 -4.105045e+00
9.999888e-01 -1.966888e-03 4.313303e-03 5.744644e+01 1.964972e-03 9.999980e-01 4.483731e-04 -2.580533e-01 -4.314177e-03 -4.398933e-04 9.999906e-01 -6.453311e+00
9.999996e-01 -7.197858e-04 -4.614688e-04 6.236311e+01 7.186684e-04 9.999968e-01 -2.417043e-03 -2.126866e-01 4.632074e-04 2.416711e-03 9.999970e-01 -8.874495e+00
9.999910e-01 -1.601540e-03 3.930823e-03 6.679722e+01 1.598879e-03 9.999985e-01 6.799188e-04 -1.840773e-01 -3.931907e-03 -6.736284e-04 9.999920e-01 -1.082026e+01
9.999983e-01 -1.040842e-03 -1.553148e-03 7.121925e+01 1.038182e-03 9.999980e-01 -1.712189e-03 -1.819163e-01 1.554928e-03 1.710574e-03 9.999973e-01 -1.178500e+01
9.999969e-01 -1.492026e-03 2.010684e-03 7.515211e+01 1.489009e-03 9.999978e-01 1.500853e-03 -1.763579e-01 -2.012919e-03 -1.497856e-03 9.999969e-01 -1.196556e+01
9.999913e-01 -6.735417e-04 -4.127181e-03 7.840748e+01 6.686183e-04 9.999991e-01 -1.194180e-03 -1.610800e-01 4.127982e-03 1.191410e-03 9.999908e-01 -1.190274e+01
9.999980e-01 -9.924689e-04 -1.727940e-03 8.053118e+01 9.965133e-04 9.999968e-01 2.341336e-03 -1.430282e-01 1.725610e-03 -2.343054e-03 9.999958e-01 -1.113741e+01
9.999931e-01 -8.902199e-04 -3.601088e-03 8.261543e+01 8.872823e-04 9.999993e-01 -8.172806e-04 -1.322130e-01 3.601814e-03 8.140805e-04 9.999932e-01 -9.803976e+00
9.999969e-01 -1.243232e-03 2.153545e-03 8.588011e+01 1.240046e-03 9.999981e-01 1.480146e-03 -1.329417e-01 -2.155382e-03 -1.477472e-03 9.999966e-01 -9.104977e+00
9.999745e-01 -7.803458e-04 -7.092578e-03 8.835835e+01 7.802004e-04 9.999997e-01 -2.327325e-05 -1.207156e-01 7.092594e-03 1.773972e-05 9.999748e-01 -7.728377e+00
9.999963e-01 -1.353330e-03 2.370141e-03 9.084892e+01 1.349851e-03 9.999980e-01 1.468754e-03 -1.143203e-01 -2.372125e-03 -1.465549e-03 9.999961e-01 -6.171407e+00
9.998766e-01 -4.885956e-04 -1.570116e-02 9.044129e+01 5.142180e-04 9.999985e-01 1.627887e-03 -2.764996e-02 1.570034e-02 -1.635759e-03 9.998754e-01 -4.367433e+00
9.999004e-01 -1.774005e-03 1.400422e-02 9.409469e+01 1.787054e-03 9.999980e-01 -9.193349e-04 -4.229569e-02 -1.400256e-02 9.442688e-04 9.999015e-01 -3.427009e+00
9.998349e-01 -2.614641e-04 -1.817104e-02 9.749896e+01 2.897422e-04 9.999988e-01 1.553600e-03 -4.969443e-02 1.817061e-02 -1.558608e-03 9.998337e-01 -3.070714e+00
9.999460e-01 -1.597883e-03 1.026544e-02 9.943908e+01 1.596304e-03 9.999987e-01 1.620284e-04 -2.953882e-02 -1.026569e-02 -1.456336e-04 9.999473e-01 -2.337515e+00
9.998590e-01 2.232747e-04 -1.679205e-02 1.014683e+02 -1.841459e-04 9.999973e-01 2.331705e-03 -7.139331e-02 1.679253e-02 -2.328283e-03 9.998563e-01 -3.078946e-01
9.999908e-01 -1.400615e-03 4.044381e-03 1.014871e+02 1.399102e-03 9.999990e-01 3.769210e-04 -3.692412e-02 -4.044905e-03 -3.712598e-04 9.999918e-01 1.370561e+00
9.998053e-01 2.529643e-04 -1.972826e-02 1.004521e+02 -2.013421e-04 9.999966e-01 2.618605e-03 2.969449e-02 1.972886e-02 -2.614123e-03 9.998019e-01 2.497604e+00
9.999731e-01 -1.423311e-03 7.194461e-03 9.922995e+01 1.425069e-03 9.999990e-01 -2.392654e-04 7.383525e-02 -7.194114e-03 2.495109e-04 9.999741e-01 3.676618e+00
9.999037e-01 7.973214e-04 -1.385246e-02 9.885913e+01 -7.646760e-04 9.999969e-01 2.361785e-03 6.630919e-02 1.385430e-02 -2.350964e-03 9.999013e-01 4.888368e+00
9.999909e-01 -1.276685e-03 4.061589e-03 9.832595e+01 1.277866e-03 9.999991e-01 -2.882256e-04 7.171669e-02 -4.061218e-03 2.934125e-04 9.999917e-01 5.525602e+00
9.998807e-01 5.154491e-04 -1.543757e-02 9.717226e+01 -4.843416e-04 9.999978e-01 2.018721e-03 1.069666e-01 1.543857e-02 -2.011002e-03 9.998788e-01 6.021615e+00
9.999434e-01 -1.107244e-03 1.058466e-02 9.692143e+01 1.112879e-03 9.999992e-01 -5.264602e-04 9.452115e-02 -1.058407e-02 5.382091e-04 9.999438e-01 7.167237e+00
9.996708e-01 1.069502e-03 -2.563481e-02 9.507206e+01 -9.791344e-04 9.999933e-01 3.537476e-03 1.711921e-01 2.563842e-02 -3.511211e-03 9.996651e-01 7.610087e+00
9.999290e-01 -2.494481e-03 1.165049e-02 9.349809e+01 2.510903e-03 9.999959e-01 -1.395164e-03 2.437458e-01 -1.164696e-02 1.424318e-03 9.999312e-01 8.794590e+00
9.999032e-01 1.933655e-03 -1.378061e-02 9.379716e+01 -1.897179e-03 9.999947e-01 2.659479e-03 2.014980e-01 1.378568e-02 -2.633076e-03 9.999015e-01 1.013062e+01
9.999462e-01 -1.918731e-03 1.019660e-02 9.396231e+01 1.941570e-03 9.999956e-01 -2.230359e-03 1.852964e-01 -1.019228e-02 2.250036e-03 9.999455e-01 1.008428e+01
9.998907e-01 1.998179e-03 -1.464987e-02 9.396487e+01 -1.958428e-03 9.999944e-01 2.727263e-03 1.777466e-01 1.465523e-02 -2.698273e-03 9.998890e-01 9.951000e+00
9.999437e-01 -2.011338e-03 1.042051e-02 9.419768e+01 2.033616e-03 9.999957e-01 -2.127787e-03 1.642674e-01 -1.041618e-02 2.148858e-03 9.999434e-01 1.013017e+01
9.999062e-01 1.861875e-03 -1.357127e-02 9.450388e+01 -1.820243e-03 9.999936e-01 3.079380e-03 1.341730e-01 1.357692e-02 -3.054388e-03 9.999032e-01 1.094849e+01
9.999425e-01 -2.194348e-03 1.049825e-02 9.481854e+01 2.217274e-03 9.999952e-01 -2.172688e-03 1.028666e-01 -1.049343e-02 2.195840e-03 9.999425e-01 1.172962e+01
9.998951e-01 2.182628e-03 -1.432159e-02 9.509880e+01 -2.141288e-03 9.999935e-01 2.901241e-03 8.086567e-02 1.432783e-02 -2.870269e-03 9.998932e-01 1.209127e+01
9.999458e-01 -2.240676e-03 1.016362e-02 9.550853e+01 2.263811e-03 9.999949e-01 -2.265284e-03 5.932052e-02 -1.015850e-02 2.288170e-03 9.999458e-01 1.231693e+01
9.998874e-01 2.228630e-03 -1.483729e-02 9.563098e+01 -2.188550e-03 9.999939e-01 2.716993e-03 5.894470e-02 1.484325e-02 -2.684214e-03 9.998862e-01 1.205331e+01
9.999493e-01 -2.231296e-03 9.817993e-03 9.546700e+01 2.255494e-03 9.999944e-01 -2.454302e-03 6.749571e-02 -9.812463e-03 2.476321e-03 9.999488e-01 1.159937e+01
9.998936e-01 2.198061e-03 -1.442367e-02 9.549096e+01 -2.158949e-03 9.999940e-01 2.726598e-03 7.319200e-02 1.442958e-02 -2.695167e-03 9.998923e-01 1.118964e+01
9.999350e-01 -2.141860e-03 1.120122e-02 9.585649e+01 2.172975e-03 9.999938e-01 -2.766435e-03 7.177010e-02 -1.119523e-02 2.790595e-03 9.999334e-01 1.071851e+01
9.998979e-01 2.166013e-03 -1.412779e-02 9.617880e+01 -2.128168e-03 9.999941e-01 2.693260e-03 7.164676e-02 1.413354e-02 -2.662918e-03 9.998966e-01 1.011002e+01
9.999405e-01 -2.130448e-03 1.069389e-02 9.643065e+01 2.158692e-03 9.999942e-01 -2.630366e-03 7.055704e-02 -1.068823e-02 2.653293e-03 9.999394e-01 9.634298e+00
9.998923e-01 2.073966e-03 -1.453086e-02 9.714586e+01 -2.025852e-03 9.999924e-01 3.325117e-03 4.287315e-02 1.453765e-02 -3.295321e-03 9.998889e-01 9.796164e+00
9.999434e-01 -2.451715e-03 1.035426e-02 9.779087e+01 2.473599e-03 9.999947e-01 -2.101291e-03 5.838387e-03 -1.034905e-02 2.126784e-03 9.999442e-01 1.036396e+01
9.998939e-01 2.446838e-03 -1.435968e-02 9.807743e+01 -2.408876e-03 9.999936e-01 2.660313e-03 -6.729258e-03 1.436610e-02 -2.625439e-03 9.998934e-01 1.043640e+01
9.999346e-01 -2.553058e-03 1.114451e-02 9.880991e+01 2.579666e-03 9.999939e-01 -2.373757e-03 -2.297311e-02 -1.113838e-02 2.402350e-03 9.999351e-01 1.030429e+01
9.998981e-01 2.506420e-03 -1.405311e-02 9.971079e+01 -2.471468e-03 9.999938e-01 2.503929e-03 -3.592577e-02 1.405930e-02 -2.468941e-03 9.998981e-01 1.002720e+01
9.999327e-01 -2.664116e-03 1.129308e-02 1.004307e+02 2.691704e-03 9.999934e-01 -2.428427e-03 -4.164580e-02 -1.128653e-02 2.458660e-03 9.999333e-01 9.667049e+00
9.999148e-01 2.673705e-03 -1.277408e-02 1.005443e+02 -2.647913e-03 9.999944e-01 2.035557e-03 -3.591839e-02 1.277945e-02 -2.001558e-03 9.999163e-01 8.500636e+00
9.999368e-01 -2.681348e-03 1.092218e-02 1.006691e+02 2.707832e-03 9.999934e-01 -2.410710e-03 -3.351650e-02 -1.091565e-02 2.440132e-03 9.999374e-01 7.582546e+00
9.999125e-01 2.658717e-03 -1.296107e-02 1.008948e+02 -2.631428e-03 9.999943e-01 2.122088e-03 -3.310061e-02 1.296664e-02 -2.087795e-03 9.999137e-01 6.841480e+00
9.999384e-01 -2.658202e-03 1.077416e-02 1.011278e+02 2.682957e-03 9.999938e-01 -2.283786e-03 -3.300485e-02 -1.076802e-02 2.312552e-03 9.999393e-01 6.170921e+00
9.999060e-01 2.626196e-03 -1.345702e-02 1.015473e+02 -2.594658e-03 9.999938e-01 2.360505e-03 -4.213936e-02 1.346314e-02 -2.325366e-03 9.999067e-01 5.842029e+00
9.999335e-01 -2.660732e-03 1.122190e-02 1.018462e+02 2.690011e-03 9.999930e-01 -2.594815e-03 -4.087960e-02 -1.121491e-02 2.624829e-03 9.999337e-01 5.145242e+00
9.999081e-01 2.663716e-03 -1.329450e-02 1.021821e+02 -2.633601e-03 9.999939e-01 2.282218e-03 -3.935760e-02 1.330050e-02 -2.246995e-03 9.999090e-01 4.388129e+00
9.999373e-01 -2.651570e-03 1.087516e-02 1.025618e+02 2.678137e-03 9.999935e-01 -2.429065e-03 -4.011325e-02 -1.086865e-02 2.458037e-03 9.999379e-01 3.770278e+00
9.999136e-01 2.640954e-03 -1.288035e-02 1.029879e+02 -2.615011e-03 9.999945e-01 2.030583e-03 -3.641022e-02 1.288564e-02 -1.996725e-03 9.999150e-01 2.985641e+00
9.999447e-01 -2.694499e-03 1.016858e-02 1.037076e+02 2.716143e-03 9.999941e-01 -2.115318e-03 -4.078157e-02 -1.016282e-02 2.142820e-03 9.999461e-01 2.572330e+00
9.998930e-01 2.630400e-03 -1.438843e-02 1.042157e+02 -2.588120e-03 9.999923e-01 2.956300e-03 -6.473518e-02 1.439610e-02 -2.918744e-03 9.998921e-01 2.800769e+00
9.999316e-01 -2.655341e-03 1.138747e-02 1.046172e+02 2.687970e-03 9.999923e-01 -2.850951e-03 -7.006783e-02 -1.137982e-02 2.881364e-03 9.999311e-01 2.399504e+00
9.999025e-01 2.626325e-03 -1.371551e-02 1.048386e+02 -2.590500e-03 9.999932e-01 2.629124e-03 -6.920654e-02 1.372232e-02 -2.593337e-03 9.999025e-01 1.694925e+00
9.999439e-01 -2.547400e-03 1.027691e-02 1.049204e+02 2.573339e-03 9.999935e-01 -2.511554e-03 -6.707282e-02 -1.027045e-02 2.537859e-03 9.999440e-01 1.189106e+00
9.998983e-01 2.422180e-03 -1.405359e-02 1.052938e+02 -2.373149e-03 9.999910e-01 3.504478e-03 -8.931390e-02 1.406195e-02 -3.470770e-03 9.998951e-01 1.782585e+00
9.999444e-01 -2.710637e-03 1.018684e-02 1.058442e+02 2.738057e-03 9.999927e-01 -2.678758e-03 -1.122949e-01 -1.017950e-02 2.706501e-03 9.999445e-01 2.139438e+00
9.999067e-01 2.618190e-03 -1.340723e-02 1.063075e+02 -2.579524e-03 9.999925e-01 2.900395e-03 -1.200061e-01 1.341472e-02 -2.865539e-03 9.999059e-01 1.953729e+00
9.999522e-01 -2.480772e-03 9.456961e-03 1.066501e+02 2.503041e-03 9.999941e-01 -2.343658e-03 -1.366826e-01 -9.451092e-03 2.367217e-03 9.999525e-01 2.054028e+00
9.999085e-01 2.352210e-03 -1.332056e-02 1.071964e+02 -2.315031e-03 9.999934e-01 2.805831e-03 -1.488637e-01 1.332707e-02 -2.774736e-03 9.999073e-01 2.126825e+00
9.999423e-01 -2.348243e-03 1.048370e-02 1.078192e+02 2.378230e-03 9.999931e-01 -2.848783e-03 -1.514400e-01 -1.047694e-02 2.873551e-03 9.999410e-01 1.797701e+00
9.999013e-01 2.334263e-03 -1.385280e-02 1.086144e+02 -2.293785e-03 9.999931e-01 2.937120e-03 -1.566127e-01 1.385956e-02 -2.905054e-03 9.998997e-01 1.499536e+00
9.999460e-01 -2.219636e-03 1.015640e-02 1.090572e+02 2.243970e-03 9.999946e-01 -2.385242e-03 -1.776685e-01 -1.015105e-02 2.407903e-03 9.999456e-01 1.639215e+00
9.998964e-01 2.213525e-03 -1.422035e-02 1.093488e+02 -2.170514e-03 9.999930e-01 3.039354e-03 -1.992712e-01 1.422698e-02 -3.008173e-03 9.998943e-01 1.925508e+00
9.999449e-01 -2.126228e-03 1.027724e-02 1.099505e+02 2.155439e-03 9.999937e-01 -2.832034e-03 -2.061172e-01 -1.027116e-02 2.854029e-03 9.999432e-01 1.746093e+00
9.999014e-01 2.133964e-03 -1.387998e-02 1.105843e+02 -2.091440e-03 9.999931e-01 3.077518e-03 -2.131852e-01 1.388645e-02 -3.048185e-03 9.998989e-01 1.534187e+00
9.999412e-01 -2.087994e-03 1.063980e-02 1.111477e+02 2.120835e-03 9.999930e-01 -3.076213e-03 -2.161034e-01 -1.063330e-02 3.098597e-03 9.999387e-01 1.152826e+00
9.998967e-01 2.115044e-03 -1.421440e-02 1.117203e+02 -2.069628e-03 9.999927e-01 3.209021e-03 -2.193868e-01 1.422108e-02 -3.179270e-03 9.998938e-01 9.402878e-01
9.999438e-01 -2.208992e-03 1.037034e-02 1.126394e+02 2.238949e-03 9.999934e-01 -2.878022e-03 -2.307791e-01 -1.036391e-02 2.901078e-03 9.999421e-01 8.474409e-01
9.999102e-01 2.072185e-03 -1.324270e-02 1.137139e+02 -2.034985e-03 9.999939e-01 2.821909e-03 -2.370203e-01 1.324847e-02 -2.794706e-03 9.999083e-01 4.423176e-01
9.999493e-01 -2.273498e-03 9.806725e-03 1.144909e+02 2.296737e-03 9.999946e-01 -2.359147e-03 -2.545840e-01 -9.801309e-03 2.381550e-03 9.999491e-01 3.578572e-01
9.999027e-01 2.147550e-03 -1.378641e-02 1.152268e+02 -2.110332e-03 9.999941e-01 2.713588e-03 -2.647815e-01 1.379216e-02 -2.684229e-03 9.999013e-01 1.937256e-01
9.999546e-01 -2.081031e-03 9.298400e-03 1.160013e+02 2.103229e-03 9.999950e-01 -2.378216e-03 -2.763660e-01 -9.293404e-03 2.397664e-03 9.999539e-01 7.707134e-02
9.999054e-01 1.877675e-03 -1.362468e-02 1.170569e+02 -1.838574e-03 9.999942e-01 2.881837e-03 -2.942337e-01 1.363001e-02 -2.856513e-03 9.999030e-01 1.137140e-02
9.999491e-01 -1.972761e-03 9.890223e-03 1.177310e+02 1.999055e-03 9.999945e-01 -2.649418e-03 -2.975235e-01 -9.884942e-03 2.669054e-03 9.999476e-01 -1.193252e-01
9.999043e-01 1.907940e-03 -1.370396e-02 1.184047e+02 -1.866978e-03 9.999938e-01 3.001234e-03 -3.051885e-01 1.370960e-02 -2.975361e-03 9.999016e-01 -1.736149e-01
9.999558e-01 -2.030283e-03 9.180575e-03 1.186798e+02 2.054672e-03 9.999944e-01 -2.647917e-03 -2.979654e-01 -9.175148e-03 2.666663e-03 9.999544e-01 -4.640603e-02
9.999077e-01 2.016081e-03 -1.343267e-02 1.190112e+02 -1.976724e-03 9.999937e-01 2.942619e-03 -2.993998e-01 1.343852e-02 -2.915795e-03 9.999054e-01 3.342446e-02
9.999481e-01 -2.202053e-03 9.951980e-03 1.199227e+02 2.228602e-03 9.999940e-01 -2.657471e-03 -3.128347e-01 -9.946069e-03 2.679511e-03 9.999469e-01 -1.299045e-01
9.999094e-01 2.011289e-03 -1.330975e-02 1.208731e+02 -1.974244e-03 9.999941e-01 2.795768e-03 -3.211147e-01 1.331530e-02 -2.769237e-03 9.999075e-01 -4.470650e-01
9.999454e-01 -2.213471e-03 1.021607e-02 1.217173e+02 2.240709e-03 9.999940e-01 -2.655513e-03 -3.306621e-01 -1.021013e-02 2.678259e-03 9.999443e-01 -6.688168e-01
9.999076e-01 2.166159e-03 -1.342270e-02 1.222893e+02 -2.127559e-03 9.999936e-01 2.889372e-03 -3.399790e-01 1.342887e-02 -2.860547e-03 9.999057e-01 -7.200011e-01
9.999503e-01 -2.275453e-03 9.708807e-03 1.231221e+02 2.301034e-03 9.999939e-01 -2.624492e-03 -3.569570e-01 -9.702777e-03 2.646702e-03 9.999494e-01 -7.270581e-01
9.999120e-01 1.992785e-03 -1.311418e-02 1.241419e+02 -1.953148e-03 9.999935e-01 3.034539e-03 -3.758115e-01 1.312014e-02 -3.008657e-03 9.999094e-01 -7.848105e-01
9.999461e-01 -2.338435e-03 1.011263e-02 1.252168e+02 2.368264e-03 9.999929e-01 -2.938722e-03 -3.840993e-01 -1.010569e-02 2.962512e-03 9.999445e-01 -1.149891e+00
9.999183e-01 2.202790e-03 -1.258872e-02 1.259417e+02 -2.168936e-03 9.999940e-01 2.702289e-03 -3.830719e-01 1.259460e-02 -2.674764e-03 9.999171e-01 -1.738117e+00
9.999474e-01 -2.310412e-03 9.994135e-03 1.266986e+02 2.339683e-03 9.999930e-01 -2.918130e-03 -3.819691e-01 -9.987323e-03 2.941359e-03 9.999458e-01 -2.303461e+00
9.999049e-01 2.233187e-03 -1.361165e-02 1.275298e+02 -2.191090e-03 9.999928e-01 3.106826e-03 -3.936006e-01 1.361849e-02 -3.076706e-03 9.999025e-01 -2.506770e+00
9.999418e-01 -2.348646e-03 1.052561e-02 1.284188e+02 2.381396e-03 9.999924e-01 -3.100063e-03 -3.985915e-01 -1.051825e-02 3.124948e-03 9.999398e-01 -2.885111e+00
9.999062e-01 2.243143e-03 -1.351169e-02 1.293092e+02 -2.201340e-03 9.999927e-01 3.107895e-03 -4.037092e-01 1.351856e-02 -3.077859e-03 9.999039e-01 -3.272626e+00
9.999497e-01 -2.426429e-03 9.729329e-03 1.302250e+02 2.453709e-03 9.999931e-01 -2.792904e-03 -4.162668e-01 -9.722485e-03 2.816636e-03 9.999488e-01 -3.483215e+00
9.999153e-01 2.260633e-03 -1.281435e-02 1.311089e+02 -2.224751e-03 9.999936e-01 2.813703e-03 -4.209870e-01 1.282063e-02 -2.784956e-03 9.999139e-01 -3.869882e+00
9.999490e-01 -2.422579e-03 9.801479e-03 1.319791e+02 2.450157e-03 9.999931e-01 -2.802733e-03 -4.264461e-01 -9.794622e-03 2.826604e-03 9.999480e-01 -4.244731e+00
9.999167e-01 2.292843e-03 -1.270063e-02 1.326550e+02 -2.258952e-03 9.999939e-01 2.682149e-03 -4.260228e-01 1.270670e-02 -2.653235e-03 9.999157e-01 -4.773878e+00
9.999544e-01 -2.451541e-03 9.228625e-03 1.329226e+02 2.476419e-03 9.999933e-01 -2.685262e-03 -4.202286e-01 -9.221981e-03 2.707993e-03 9.999538e-01 -5.328213e+00
9.999148e-01 2.387448e-03 -1.283114e-02 1.331213e+02 -2.352345e-03 9.999935e-01 2.750146e-03 -4.166540e-01 1.283762e-02 -2.719728e-03 9.999139e-01 -5.802628e+00
9.999599e-01 -2.424137e-03 8.619228e-03 1.331956e+02 2.444735e-03 9.999942e-01 -2.380081e-03 -4.181180e-01 -8.613409e-03 2.401057e-03 9.999600e-01 -5.751903e+00
9.999203e-01 2.374690e-03 -1.240278e-02 1.334106e+02 -2.339779e-03 9.999933e-01 2.828515e-03 -4.315463e-01 1.240941e-02 -2.799269e-03 9.999191e-01 -5.486304e+00
9.999619e-01 -2.342626e-03 8.413513e-03 1.335728e+02 2.361418e-03 9.999947e-01 -2.224249e-03 -4.461337e-01 -8.408258e-03 2.244031e-03 9.999621e-01 -5.176714e+00
9.999210e-01 2.390899e-03 -1.234014e-02 1.338475e+02 -2.357301e-03 9.999935e-01 2.736511e-03 -4.618511e-01 1.234660e-02 -2.707205e-03 9.999201e-01 -4.976816e+00
9.999687e-01 -2.341645e-03 7.561758e-03 1.339088e+02 2.357709e-03 9.999950e-01 -2.116212e-03 -4.705088e-01 -7.556765e-03 2.133974e-03 9.999692e-01 -4.813398e+00
9.999203e-01 2.303269e-03 -1.241607e-02 1.337196e+02 -2.271752e-03 9.999942e-01 2.551851e-03 -4.596331e-01 1.242187e-02 -2.523441e-03 9.999197e-01 -4.910408e+00
9.999557e-01 -2.383152e-03 9.109465e-03 1.337831e+02 2.407165e-03 9.999937e-01 -2.626085e-03 -4.489253e-01 -9.103150e-03 2.647896e-03 9.999551e-01 -5.635058e+00
9.999193e-01 2.358313e-03 -1.248290e-02 1.338494e+02 -2.324400e-03 9.999936e-01 2.730496e-03 -4.451437e-01 1.248926e-02 -2.701259e-03 9.999184e-01 -5.914844e+00
9.999691e-01 -2.323670e-03 7.512571e-03 1.336603e+02 2.340503e-03 9.999948e-01 -2.232678e-03 -4.378291e-01 -7.507344e-03 2.250192e-03 9.999693e-01 -6.028714e+00
9.999225e-01 2.324893e-03 -1.222688e-02 1.335799e+02 -2.291854e-03 9.999937e-01 2.715446e-03 -4.347982e-01 1.223312e-02 -2.687213e-03 9.999216e-01 -6.007392e+00
9.999581e-01 -2.521384e-03 8.804615e-03 1.339644e+02 2.540805e-03 9.999944e-01 -2.195300e-03 -4.496993e-01 -8.799031e-03 2.217578e-03 9.999588e-01 -5.804480e+00
9.999331e-01 2.448501e-03 -1.130199e-02 1.344858e+02 -2.424968e-03 9.999949e-01 2.095478e-03 -4.518516e-01 1.130706e-02 -2.067930e-03 9.999339e-01 -6.276159e+00
9.999695e-01 -2.454727e-03 7.410985e-03 1.345437e+02 2.469155e-03 9.999951e-01 -1.938444e-03 -4.462521e-01 -7.406190e-03 1.956684e-03 9.999707e-01 -6.725293e+00
9.999222e-01 2.345443e-03 -1.225143e-02 1.343795e+02 -2.318571e-03 9.999949e-01 2.207149e-03 -4.318344e-01 1.225655e-02 -2.178571e-03 9.999225e-01 -7.118265e+00
9.999455e-01 -2.478405e-03 1.014078e-02 1.349836e+02 2.504746e-03 9.999935e-01 -2.585678e-03 -4.252747e-01 -1.013431e-02 2.610937e-03 9.999452e-01 -7.911046e+00
9.999240e-01 2.321308e-03 -1.210752e-02 1.357813e+02 -2.296202e-03 9.999952e-01 2.087051e-03 -4.157148e-01 1.211230e-02 -2.059091e-03 9.999245e-01 -8.768869e+00
9.999509e-01 -2.361995e-03 9.624111e-03 1.364946e+02 2.385577e-03 9.999942e-01 -2.439653e-03 -4.094690e-01 -9.618293e-03 2.462492e-03 9.999507e-01 -9.492076e+00
9.999140e-01 2.446119e-03 -1.288194e-02 1.367972e+02 -2.414057e-03 9.999940e-01 2.503856e-03 -4.082712e-01 1.288798e-02 -2.472543e-03 9.999139e-01 -9.958583e+00
9.999470e-01 -2.404884e-03 1.000769e-02 1.369218e+02 2.430076e-03 9.999939e-01 -2.505846e-03 -4.067257e-01 -1.000161e-02 2.530032e-03 9.999468e-01 -1.068661e+01
9.999258e-01 2.322336e-03 -1.195713e-02 1.372314e+02 -2.295991e-03 9.999949e-01 2.216506e-03 -4.038075e-01 1.196221e-02 -2.188887e-03 9.999261e-01 -1.147923e+01
9.999522e-01 -2.374163e-03 9.484831e-03 1.376301e+02 2.396705e-03 9.999943e-01 -2.366066e-03 -4.036165e-01 -9.479160e-03 2.388685e-03 9.999522e-01 -1.202404e+01
9.999294e-01 2.339541e-03 -1.164753e-02 1.381204e+02 -2.317149e-03 9.999954e-01 1.935598e-03 -3.986428e-01 1.165201e-02 -1.908472e-03 9.999303e-01 -1.283036e+01
9.999454e-01 -2.560457e-03 1.013425e-02 1.393592e+02 2.584121e-03 9.999940e-01 -2.322716e-03 -3.876869e-01 -1.012824e-02 2.348776e-03 9.999459e-01 -1.372228e+01
9.999297e-01 2.237018e-03 -1.164528e-02 1.401262e+02 -2.216461e-03 9.999960e-01 1.777805e-03 -3.794321e-01 1.164921e-02 -1.751868e-03 9.999306e-01 -1.460113e+01
9.999491e-01 -2.272570e-03 9.830582e-03 1.404691e+02 2.293742e-03 9.999951e-01 -2.142947e-03 -3.744429e-01 -9.825664e-03 2.165386e-03 9.999494e-01 -1.551569e+01
9.999117e-01 2.312246e-03 -1.308915e-02 1.405631e+02 -2.283881e-03 9.999950e-01 2.181540e-03 -3.725380e-01 1.309413e-02 -2.151453e-03 9.999120e-01 -1.616550e+01
9.999683e-01 -2.214433e-03 7.654019e-03 1.403308e+02 2.227149e-03 9.999962e-01 -1.653303e-03 -3.667519e-01 -7.650328e-03 1.670296e-03 9.999693e-01 -1.633565e+01
9.999332e-01 2.130251e-03 -1.135793e-02 1.406569e+02 -2.104781e-03 9.999952e-01 2.253958e-03 -3.823582e-01 1.136268e-02 -2.229901e-03 9.999330e-01 -1.611419e+01
9.999639e-01 -2.348000e-03 8.164015e-03 1.411846e+02 2.362700e-03 9.999956e-01 -1.791428e-03 -3.990452e-01 -8.159773e-03 1.810652e-03 9.999651e-01 -1.603379e+01
9.999382e-01 2.281139e-03 -1.088087e-02 1.418288e+02 -2.260435e-03 9.999956e-01 1.914722e-03 -4.094686e-01 1.088519e-02 -1.890007e-03 9.999390e-01 -1.623280e+01
9.999734e-01 -2.388309e-03 6.890947e-03 1.423103e+02 2.395422e-03 9.999966e-01 -1.024156e-03 -4.367174e-01 -6.888478e-03 1.040635e-03 9.999757e-01 -1.589958e+01
9.999353e-01 2.148172e-03 -1.117247e-02 1.426558e+02 -2.126664e-03 9.999959e-01 1.936618e-03 -4.579758e-01 1.117658e-02 -1.912732e-03 9.999357e-01 -1.543726e+01
9.999721e-01 -2.421596e-03 7.073281e-03 1.433334e+02 2.428237e-03 9.999966e-01 -9.305741e-04 -4.891824e-01 -7.071004e-03 9.477230e-04 9.999746e-01 -1.491825e+01
9.999180e-01 2.012412e-03 -1.264852e-02 1.430449e+02 -1.977242e-03 9.999941e-01 2.792398e-03 -4.723633e-01 1.265407e-02 -2.767159e-03 9.999161e-01 -1.305209e+01
9.999584e-01 -3.183765e-03 8.552567e-03 1.431371e+02 3.195267e-03 9.999940e-01 -1.331508e-03 -4.580211e-01 -8.548277e-03 1.358780e-03 9.999625e-01 -1.129167e+01
9.999186e-01 2.502481e-03 -1.250918e-02 1.442887e+02 -2.466941e-03 9.999929e-01 2.855675e-03 -4.985549e-01 1.251623e-02 -2.824583e-03 9.999177e-01 -1.037946e+01
9.999600e-01 -2.982167e-03 8.430572e-03 1.454713e+02 2.993172e-03 9.999947e-01 -1.293017e-03 -5.424134e-01 -8.426671e-03 1.318198e-03 9.999636e-01 -9.409337e+00
9.999047e-01 2.450085e-03 -1.358533e-02 1.452193e+02 -2.413058e-03 9.999933e-01 2.741253e-03 -5.291977e-01 1.359196e-02 -2.708209e-03 9.999040e-01 -8.054723e+00
9.999497e-01 -3.085429e-03 9.547769e-03 1.453348e+02 3.098182e-03 9.999943e-01 -1.321242e-03 -5.347227e-01 -9.543639e-03 1.350755e-03 9.999535e-01 -6.853601e+00
9.999079e-01 2.571039e-03 -1.332587e-02 1.455873e+02 -2.533016e-03 9.999927e-01 2.869383e-03 -5.551240e-01 1.333315e-02 -2.835364e-03 9.999071e-01 -5.688282e+00
9.999751e-01 -3.136736e-03 6.326240e-03 1.448254e+02 3.146480e-03 9.999939e-01 -1.530935e-03 -5.056107e-01 -6.321399e-03 1.550801e-03 9.999788e-01 -4.331088e+00
9.999449e-01 2.447367e-03 -1.020358e-02 1.454896e+02 -2.417435e-03 9.999927e-01 2.944786e-03 -5.339667e-01 1.021071e-02 -2.919957e-03 9.999436e-01 -3.187806e+00
9.999759e-01 -3.038741e-03 6.236675e-03 1.466552e+02 3.049264e-03 9.999939e-01 -1.678489e-03 -5.830001e-01 -6.231537e-03 1.697466e-03 9.999791e-01 -2.546942e+00
9.999424e-01 2.754821e-03 -1.037804e-02 1.469790e+02 -2.725802e-03 9.999923e-01 2.809274e-03 -6.005432e-01 1.038570e-02 -2.780823e-03 9.999422e-01 -1.819390e+00
9.999804e-01 -3.242325e-03 5.351317e-03 1.467498e+02 3.249882e-03 9.999937e-01 -1.404107e-03 -5.870095e-01 -5.346731e-03 1.421470e-03 9.999847e-01 -5.708570e-01
9.999596e-01 2.557500e-03 -8.621785e-03 1.479064e+02 -2.534569e-03 9.999932e-01 2.669521e-03 -6.213510e-01 8.628554e-03 -2.647560e-03 9.999593e-01 -4.730159e-03
9.999849e-01 -3.275635e-03 4.406552e-03 1.497979e+02 3.282222e-03 9.999935e-01 -1.488444e-03 -6.691384e-01 -4.401648e-03 1.502884e-03 9.999892e-01 4.044007e-01
9.999639e-01 2.732737e-03 -8.042405e-03 1.501596e+02 -2.707100e-03 9.999912e-01 3.196845e-03 -6.976443e-01 8.051071e-03 -3.174957e-03 9.999625e-01 1.677598e+00
9.999930e-01 -3.357876e-03 1.623940e-03 1.498659e+02 3.360923e-03 9.999926e-01 -1.877539e-03 -6.787524e-01 -1.617623e-03 1.882984e-03 9.999969e-01 2.804742e+00
9.999811e-01 2.790217e-03 -5.478307e-03 1.503290e+02 -2.772246e-03 9.999908e-01 3.285256e-03 -7.026254e-01 5.487423e-03 -3.270006e-03 9.999796e-01 3.901539e+00
9.999923e-01 -3.403918e-03 1.959305e-03 1.506418e+02 3.407433e-03 9.999926e-01 -1.793626e-03 -7.214092e-01 -1.953185e-03 1.800288e-03 9.999965e-01 5.089976e+00
9.999809e-01 2.739986e-03 -5.537663e-03 1.512911e+02 -2.721638e-03 9.999908e-01 3.318114e-03 -7.538733e-01 5.546704e-03 -3.302979e-03 9.999792e-01 6.262882e+00
9.999934e-01 -3.327150e-03 1.444777e-03 1.513941e+02 3.329488e-03 9.999931e-01 -1.618921e-03 -7.581585e-01 -1.439381e-03 1.623720e-03 9.999976e-01 7.868440e+00
9.999743e-01 2.472564e-03 -6.724093e-03 1.512623e+02 -2.449422e-03 9.999911e-01 3.447724e-03 -7.443805e-01 6.732558e-03 -3.431165e-03 9.999714e-01 9.720653e+00
9.999944e-01 -3.306506e-03 5.959465e-04 1.511621e+02 3.307637e-03 9.999927e-01 -1.906993e-03 -7.317784e-01 -5.896370e-04 1.908953e-03 9.999980e-01 1.115275e+01
9.999873e-01 2.549167e-03 -4.358556e-03 1.530010e+02 -2.532092e-03 9.999891e-01 3.918482e-03 -8.085536e-01 4.368498e-03 -3.907395e-03 9.999828e-01 1.280681e+01
9.999932e-01 -3.654750e-03 5.241324e-04 1.541075e+02 3.655675e-03 9.999917e-01 -1.775250e-03 -8.680353e-01 -5.176403e-04 1.777154e-03 9.999983e-01 1.455294e+01
9.999776e-01 2.859999e-03 -6.056957e-03 1.541124e+02 -2.835455e-03 9.999878e-01 4.056904e-03 -8.829199e-01 6.068486e-03 -4.039638e-03 9.999734e-01 1.651752e+01
9.999809e-01 -3.395126e-03 -5.158558e-03 1.529941e+02 3.385715e-03 9.999926e-01 -1.832018e-03 -8.139587e-01 5.164740e-03 1.814517e-03 9.999850e-01 1.711333e+01
9.999898e-01 3.145476e-03 3.242037e-03 1.539630e+02 -3.149863e-03 9.999941e-01 1.349060e-03 -8.160850e-01 -3.237774e-03 -1.359258e-03 9.999938e-01 1.659916e+01
9.999671e-01 -3.738575e-03 -7.204862e-03 1.559546e+02 3.737181e-03 9.999930e-01 -2.069361e-04 -8.650239e-01 7.205585e-03 1.800027e-04 9.999740e-01 1.681229e+01
9.999932e-01 2.228911e-03 2.931690e-03 1.588853e+02 -2.235531e-03 9.999950e-01 2.256766e-03 -9.392896e-01 -2.926644e-03 -2.263304e-03 9.999932e-01 1.740448e+01
9.999715e-01 -3.173674e-03 -6.844892e-03 1.611575e+02 3.173280e-03 9.999950e-01 -6.848432e-05 -1.027931e+00 6.845075e-03 4.676096e-05 9.999766e-01 1.898143e+01
9.999953e-01 1.162449e-03 2.837800e-03 1.649758e+02 -1.171335e-03 9.999944e-01 3.131689e-03 -1.163547e+00 -2.834144e-03 -3.134998e-03 9.999911e-01 2.115998e+01
9.999753e-01 -2.947447e-03 -6.384748e-03 1.668554e+02 2.941149e-03 9.999952e-01 -9.955718e-04 -1.224395e+00 6.387651e-03 9.767681e-04 9.999791e-01 2.251246e+01
9.999957e-01 2.915403e-03 5.808853e-05 1.665739e+02 -2.915514e-03 9.999937e-01 2.033015e-03 -1.196117e+00 -5.216079e-05 -2.033175e-03 9.999979e-01 2.327912e+01
9.999231e-01 -3.843367e-03 -1.179475e-02 1.644293e+02 3.840923e-03 9.999926e-01 -2.298872e-04 -1.033195e+00 1.179555e-02 1.845662e-04 9.999304e-01 2.590039e+01
9.999946e-01 2.047396e-03 -2.567507e-03 1.620278e+02 -2.042792e-03 9.999963e-01 1.794604e-03 -8.502755e-01 2.571172e-03 -1.789348e-03 9.999951e-01 2.835396e+01
9.999707e-01 -2.664050e-03 -7.179472e-03 1.607142e+02 2.659910e-03 9.999963e-01 -5.860108e-04 -7.587450e-01 7.181006e-03 5.668962e-04 9.999741e-01 2.959033e+01
9.999896e-01 2.071059e-03 -4.064454e-03 1.592396e+02 -2.063304e-03 9.999960e-01 1.911088e-03 -6.708637e-01 4.068396e-03 -1.902681e-03 9.999899e-01 3.043887e+01
9.999703e-01 -2.784835e-03 -7.191691e-03 1.576838e+02 2.781864e-03 9.999960e-01 -4.231129e-04 -5.600841e-01 7.192840e-03 4.030933e-04 9.999741e-01 3.185107e+01
9.999744e-01 1.541444e-03 -6.987681e-03 1.552660e+02 -1.524746e-03 9.999960e-01 2.394230e-03 -3.772086e-01 6.991344e-03 -2.383514e-03 9.999727e-01 3.425645e+01
9.999219e-01 -3.308365e-03 -1.205020e-02 1.516059e+02 3.309277e-03 9.999945e-01 5.576875e-05 -1.107475e-01 1.204994e-02 -9.564247e-05 9.999274e-01 3.758151e+01
9.999983e-01 1.605202e-03 -9.160920e-04 1.494137e+02 -1.604127e-03 9.999980e-01 1.172997e-03 5.651547e-02 9.179734e-04 -1.171525e-03 9.999989e-01 3.995865e+01
9.999767e-01 -2.435980e-03 -6.381216e-03 1.489183e+02 2.434475e-03 9.999970e-01 -2.436161e-04 1.492956e-01 6.381790e-03 2.280748e-04 9.999796e-01 4.099264e+01
9.999927e-01 1.142664e-03 -3.635157e-03 1.476345e+02 -1.137387e-03 9.999983e-01 1.453251e-03 3.033331e-01 3.636812e-03 -1.449105e-03 9.999923e-01 4.271334e+01
9.999517e-01 -2.482664e-03 -9.505810e-03 1.455145e+02 2.483499e-03 9.999969e-01 7.606245e-05 4.788744e-01 9.505592e-03 -9.966708e-05 9.999548e-01 4.505836e+01
9.999940e-01 1.222109e-03 -3.233606e-03 1.433906e+02 -1.217566e-03 9.999983e-01 1.406721e-03 6.368168e-01 3.235320e-03 -1.402775e-03 9.999938e-01 4.742933e+01
9.999659e-01 -2.290000e-03 -7.935440e-03 1.418055e+02 2.289159e-03 9.999974e-01 -1.149915e-04 7.517881e-01 7.935682e-03 9.682148e-05 9.999685e-01 4.913140e+01
9.999986e-01 1.646195e-03 2.520528e-04 1.410560e+02 -1.646448e-03 9.999981e-01 1.007548e-03 8.117619e-01 -2.503935e-04 -1.007961e-03 9.999995e-01 5.024767e+01
9.999880e-01 -2.008309e-03 -4.477795e-03 1.412928e+02 2.006165e-03 9.999979e-01 -4.831162e-04 8.131702e-01 4.478755e-03 4.741266e-04 9.999899e-01 5.070673e+01
9.999982e-01 1.311003e-03 -1.361671e-03 1.411160e+02 -1.309369e-03 9.999984e-01 1.199774e-03 8.770782e-01 1.363242e-03 -1.197988e-03 9.999984e-01 5.166560e+01
9.999845e-01 -2.045286e-03 -5.176191e-03 1.407462e+02 2.042501e-03 9.999978e-01 -5.433065e-04 9.341463e-01 5.177291e-03 5.327251e-04 9.999865e-01 5.277028e+01
9.999978e-01 1.430132e-03 -1.530454e-03 1.400828e+02 -1.427981e-03 9.999980e-01 1.405025e-03 9.775491e-01 1.532460e-03 -1.402836e-03 9.999978e-01 5.380659e+01
9.999945e-01 -1.604528e-03 -2.886023e-03 1.399802e+02 1.603356e-03 9.999986e-01 -4.081407e-04 9.765561e-01 2.886673e-03 4.035105e-04 9.999958e-01 5.471382e+01
9.999982e-01 1.267586e-03 -1.391604e-03 1.401134e+02 -1.265824e-03 9.999984e-01 1.265903e-03 9.705015e-01 1.393207e-03 -1.264139e-03 9.999982e-01 5.534505e+01
9.999834e-01 -1.463675e-03 -5.580651e-03 1.396056e+02 1.463314e-03 9.999989e-01 -6.867851e-05 9.922973e-01 5.580745e-03 6.051050e-05 9.999844e-01 5.590872e+01
9.999937e-01 9.720992e-04 -3.410277e-03 1.386966e+02 -9.672293e-04 9.999985e-01 1.429270e-03 1.044901e+00 3.411662e-03 -1.425962e-03 9.999932e-01 5.681366e+01
9.999989e-01 -1.483637e-03 -2.527640e-04 1.395878e+02 1.483563e-03 9.999989e-01 -2.892339e-04 1.025594e+00 2.531926e-04 2.888580e-04 9.999999e-01 5.748219e+01
9.999963e-01 1.059121e-03 -2.504231e-03 1.406993e+02 -1.056651e-03 9.999990e-01 9.872660e-04 1.006826e+00 2.505275e-03 -9.846156e-04 9.999964e-01 5.794412e+01
9.999980e-01 -1.751229e-03 1.013349e-03 1.420997e+02 1.752149e-03 9.999981e-01 -9.082239e-04 1.012438e+00 -1.011756e-03 9.099969e-04 9.999991e-01 5.813087e+01
9.999945e-01 1.296602e-03 -3.045656e-03 1.431568e+02 -1.293864e-03 9.999988e-01 9.008077e-04 1.003153e+00 3.046820e-03 -8.968615e-04 9.999950e-01 5.799471e+01
9.999990e-01 -1.434696e-03 4.848670e-06 1.435230e+02 1.434698e-03 9.999988e-01 -5.136914e-04 9.877427e-01 -4.111943e-06 5.136972e-04 9.999999e-01 5.807065e+01
9.999919e-01 1.371539e-03 -3.779695e-03 1.438439e+02 -1.367614e-03 9.999985e-01 1.040940e-03 9.726456e-01 3.781118e-03 -1.035762e-03 9.999923e-01 5.829131e+01
9.999989e-01 -1.458908e-03 1.222946e-04 1.442143e+02 1.458954e-03 9.999989e-01 -3.817163e-04 9.554994e-01 -1.217378e-04 3.818937e-04 9.999999e-01 5.872944e+01
9.999952e-01 1.030181e-03 -2.921637e-03 1.451928e+02 -1.026772e-03 9.999988e-01 1.168097e-03 9.251322e-01 2.922837e-03 -1.165091e-03 9.999950e-01 5.922993e+01
9.999899e-01 -1.464522e-03 -4.258465e-03 1.443651e+02 1.465881e-03 9.999989e-01 3.162611e-04 9.779639e-01 4.257997e-03 -3.225010e-04 9.999909e-01 6.071999e+01
9.999923e-01 3.101361e-04 -3.911313e-03 1.434186e+02 -3.063678e-04 9.999995e-01 9.639088e-04 1.051409e+00 3.911610e-03 -9.627025e-04 9.999919e-01 6.240629e+01
9.999991e-01 -8.365243e-04 1.093970e-03 1.450457e+02 8.370447e-04 9.999995e-01 -4.756158e-04 1.030991e+00 -1.093572e-03 4.765304e-04 9.999993e-01 6.238495e+01
9.999885e-01 3.436316e-04 -4.791965e-03 1.462424e+02 -3.401109e-04 9.999997e-01 7.354332e-04 1.036630e+00 4.792216e-03 -7.337943e-04 9.999882e-01 6.230876e+01
9.999993e-01 -5.105451e-04 1.045015e-03 1.471024e+02 5.106715e-04 9.999999e-01 -1.209768e-04 1.016094e+00 -1.044954e-03 1.215097e-04 9.999994e-01 6.241240e+01
9.999880e-01 3.609389e-04 -4.888999e-03 1.477559e+02 -3.569305e-04 9.999996e-01 8.206599e-04 9.908133e-01 4.889294e-03 -8.189044e-04 9.999877e-01 6.264817e+01
9.999993e-01 -7.760864e-04 9.284487e-04 1.485431e+02 7.757165e-04 9.999996e-01 3.983560e-04 9.496103e-01 -9.287577e-04 -3.976361e-04 9.999995e-01 6.328115e+01
9.999898e-01 3.764344e-04 -4.500307e-03 1.489490e+02 -3.730297e-04 9.999996e-01 7.572846e-04 9.274864e-01 4.500591e-03 -7.555975e-04 9.999896e-01 6.406357e+01
9.999996e-01 -7.767023e-04 5.439142e-04 1.495444e+02 7.765140e-04 9.999996e-01 3.457686e-04 8.984271e-01 -5.441828e-04 -3.453467e-04 9.999998e-01 6.461967e+01
9.999890e-01 4.777203e-04 -4.665410e-03 1.498432e+02 -4.745522e-04 9.999997e-01 6.800768e-04 8.885193e-01 4.665734e-03 -6.778547e-04 9.999889e-01 6.529829e+01
9.999995e-01 -7.841600e-04 6.071386e-04 1.502024e+02 7.839389e-04 9.999996e-01 3.638101e-04 8.737306e-01 -6.074239e-04 -3.633346e-04 9.999997e-01 6.597181e+01
9.999886e-01 5.012816e-04 -4.747494e-03 1.505096e+02 -4.982871e-04 9.999997e-01 6.318626e-04 8.609248e-01 4.747809e-03 -6.294892e-04 9.999885e-01 6.658900e+01
9.999996e-01 -7.361312e-04 5.714759e-04 1.506885e+02 7.359164e-04 9.999997e-01 3.753428e-04 8.492900e-01 -5.717523e-04 -3.749226e-04 9.999998e-01 6.727139e+01
9.999865e-01 4.852248e-04 -5.164649e-03 1.509096e+02 -4.835964e-04 9.999998e-01 3.164841e-04 8.399167e-01 5.164802e-03 -3.139816e-04 9.999866e-01 6.760631e+01
9.999993e-01 -4.702278e-04 1.058645e-03 1.512557e+02 4.701652e-04 9.999999e-01 5.905438e-05 8.335028e-01 -1.058673e-03 -5.855721e-05 9.999994e-01 6.749477e+01
9.999947e-01 2.299918e-04 -3.255808e-03 1.522560e+02 -2.316440e-04 9.999998e-01 -5.071928e-04 8.387564e-01 3.255691e-03 5.079449e-04 9.999946e-01 6.684360e+01
9.999997e-01 -4.087549e-04 -6.110112e-04 1.528666e+02 4.094421e-04 9.999993e-01 1.125550e-03 8.176511e-01 6.105505e-04 -1.125800e-03 9.999992e-01 6.694566e+01
9.999936e-01 2.316076e-04 -3.558707e-03 1.533896e+02 -2.323221e-04 1.000000e+00 -2.004603e-04 7.910216e-01 3.558661e-03 2.012864e-04 9.999936e-01 6.740215e+01
9.999996e-01 -4.813329e-04 -8.108234e-04 1.534316e+02 4.824869e-04 9.999989e-01 1.424087e-03 7.828762e-01 8.101367e-04 -1.424479e-03 9.999987e-01 6.830945e+01
9.999878e-01 9.288119e-05 -4.944665e-03 1.531401e+02 -9.470419e-05 9.999999e-01 -3.685123e-04 7.978264e-01 4.944631e-03 3.689767e-04 9.999877e-01 6.923420e+01
9.999989e-01 -5.599690e-04 -1.355649e-03 1.526657e+02 5.620440e-04 9.999987e-01 1.530951e-03 8.266801e-01 1.354790e-03 -1.531712e-03 9.999979e-01 7.029901e+01
9.999856e-01 1.297334e-05 -5.359610e-03 1.519870e+02 -1.537690e-05 9.999999e-01 -4.484788e-04 8.693673e-01 5.359604e-03 4.485553e-04 9.999855e-01 7.149686e+01
9.999998e-01 -5.422515e-04 2.184074e-04 1.517104e+02 5.419003e-04 9.999986e-01 1.603574e-03 8.845027e-01 -2.192769e-04 -1.603456e-03 9.999987e-01 7.264261e+01
9.999916e-01 8.986537e-05 -4.099523e-03 1.519581e+02 -9.198803e-05 9.999999e-01 -5.176770e-04 8.692255e-01 4.099477e-03 5.180504e-04 9.999915e-01 7.354950e+01
9.999916e-01 -1.195287e-03 -3.923208e-03 1.506373e+02 1.209432e-03 9.999928e-01 3.605243e-03 9.305186e-01 3.918870e-03 -3.609959e-03 9.999858e-01 7.635356e+01
9.999409e-01 -1.929500e-03 -1.070269e-02 1.477266e+02 1.933772e-03 9.999981e-01 3.887822e-04 1.083860e+00 1.070191e-02 -4.094552e-04 9.999426e-01 8.057561e+01
9.999994e-01 2.494503e-04 1.093268e-03 1.465874e+02 -2.512611e-04 9.999986e-01 1.656175e-03 1.145549e+00 -1.092854e-03 -1.656449e-03 9.999980e-01 8.274196e+01
