9.999905e-01 1.918509e-04 -4.360371e-03 -2.619578e-01 -1.894288e-04 9.999998e-01 5.558774e-04 8.076532e-04 4.360477e-03 -5.550468e-04 9.999903e-01 4.927792e-01
9.999997e-01 -4.557538e-05 8.057900e-04 -4.212707e-01 4.564457e-05 1.000000e+00 -8.582349e-05 -4.483721e-03 -8.057857e-04 8.586096e-05 9.999997e-01 1.215115e+00
9.999929e-01 1.962954e-04 -3.766740e-03 -4.847334e-01 -1.942845e-04 9.999998e-01 5.342206e-04 -1.711816e-02 3.766843e-03 -5.334857e-04 9.999928e-01 2.007388e+00
9.999999e-01 -1.938698e-06 3.632321e-04 -6.942685e-01 1.961697e-06 1.000000e+00 -6.323811e-05 -2.048843e-02 -3.632317e-04 6.323953e-05 9.999999e-01 2.799859e+00
9.999924e-01 1.773447e-04 -3.898623e-03 -8.258806e-01 -1.751036e-04 9.999998e-01 5.752052e-04 -2.977502e-02 3.898724e-03 -5.745189e-04 9.999922e-01 3.419045e+00
9.999999e-01 -3.132820e-05 5.463091e-04 -8.147446e-01 3.137317e-05 1.000000e+00 -8.224726e-05 -4.710028e-02 -5.463062e-04 8.226510e-05 9.999998e-01 3.984412e+00
9.999926e-01 2.143271e-04 -3.843712e-03 -7.976820e-01 -2.118567e-04 9.999998e-01 6.431052e-04 -6.348447e-02 3.843849e-03 -6.422868e-04 9.999924e-01 4.630581e+00
9.999996e-01 -8.471085e-05 9.072948e-04 -7.777424e-01 8.486123e-05 1.000000e+00 -1.656777e-04 -8.288753e-02 -9.072804e-04 1.657553e-04 9.999996e-01 5.341158e+00
9.999882e-01 2.402917e-04 -4.843618e-03 -9.904916e-01 -2.370545e-04 9.999997e-01 6.689016e-04 -8.554465e-02 4.843778e-03 -6.677462e-04 9.999880e-01 6.021333e+00
9.999999e-01 -4.440162e-05 5.295299e-04 -1.232451e+00 4.446091e-05 1.000000e+00 -1.118814e-04 -8.615488e-02 -5.295246e-04 1.119056e-04 9.999999e-01 6.530508e+00
9.999938e-01 2.328498e-04 -3.507071e-03 -1.247800e+00 -2.307706e-04 9.999998e-01 5.932470e-04 -1.016944e-01 3.507208e-03 -5.924347e-04 9.999937e-01 7.298133e+00
1.000000e+00 -4.964915e-05 1.770726e-04 -1.434070e+00 4.966648e-05 1.000000e+00 -9.764710e-05 -1.064042e-01 -1.770674e-04 9.765661e-05 1.000000e+00 8.205002e+00
9.999864e-01 1.636888e-04 -5.211171e-03 -1.713950e+00 -1.597979e-04 9.999997e-01 7.470651e-04 -1.083676e-01 5.211292e-03 -7.462229e-04 9.999861e-01 8.487126e+00
9.999989e-01 -5.602245e-05 1.506064e-03 -1.801489e+00 5.632680e-05 1.000000e+00 -2.020097e-04 -1.213447e-01 -1.506052e-03 2.020950e-04 9.999988e-01 8.936126e+00
9.999837e-01 2.336346e-04 -5.702799e-03 -1.925606e+00 -2.292061e-04 9.999997e-01 7.771928e-04 -1.292946e-01 5.702978e-03 -7.758737e-04 9.999834e-01 9.458302e+00
9.999996e-01 -8.072973e-05 9.116996e-04 -2.119364e+00 8.086163e-05 1.000000e+00 -1.445887e-04 -1.333220e-01 -9.116875e-04 1.446631e-04 9.999996e-01 9.838380e+00
9.999859e-01 1.542192e-04 -5.298833e-03 -2.348027e+00 -1.507571e-04 9.999998e-01 6.537710e-04 -1.383751e-01 5.298932e-03 -6.529637e-04 9.999857e-01 1.006836e+01
9.999992e-01 -1.099250e-04 1.248909e-03 -2.457495e+00 1.100730e-04 1.000000e+00 -1.184075e-04 -1.478832e-01 -1.248895e-03 1.185456e-04 9.999992e-01 1.025349e+01
9.999846e-01 3.559205e-05 -5.553323e-03 -2.493624e+00 -3.147811e-05 9.999997e-01 7.409015e-04 -1.540777e-01 5.553347e-03 -7.407159e-04 9.999843e-01 1.023926e+01
9.999997e-01 4.703110e-06 7.157006e-04 -2.733819e+00 -4.612273e-06 1.000000e+00 -1.268512e-04 -1.535549e-01 -7.157009e-04 1.268485e-04 9.999997e-01 1.028590e+01
9.999898e-01 -8.591468e-05 -4.524679e-03 -2.763838e+00 8.885198e-05 9.999998e-01 6.489863e-04 -1.599958e-01 4.524622e-03 -6.493824e-04 9.999896e-01 1.022665e+01
1.000000e+00 -1.282122e-04 1.653054e-04 -2.727710e+00 1.282118e-04 1.000000e+00 2.507616e-06 -1.626467e-01 -1.653054e-04 -2.485711e-06 1.000000e+00 9.805017e+00
9.999926e-01 -2.256566e-05 -3.852589e-03 -2.573731e+00 2.491535e-05 9.999998e-01 6.098646e-04 -1.689810e-01 3.852574e-03 -6.099567e-04 9.999924e-01 9.483219e+00
9.999998e-01 -2.501269e-04 6.031059e-04 -2.289201e+00 2.501217e-04 1.000000e+00 8.849154e-06 -1.764786e-01 -6.031078e-04 -8.697591e-06 9.999998e-01 9.037513e+00
9.999935e-01 1.728280e-04 -3.597683e-03 -1.916302e+00 -1.705452e-04 9.999998e-01 6.348340e-04 -1.899398e-01 3.597792e-03 -6.342170e-04 9.999933e-01 8.935426e+00
1.000000e+00 -7.996891e-05 -1.718255e-04 -1.831805e+00 7.996706e-05 1.000000e+00 -1.107458e-05 -2.029984e-01 1.718267e-04 1.106155e-05 1.000000e+00 9.225166e+00
9.999961e-01 -6.543819e-05 -2.809423e-03 -1.401780e+00 6.743407e-05 9.999997e-01 7.103550e-04 -2.137778e-01 2.809376e-03 -7.105424e-04 9.999958e-01 8.936005e+00
9.999999e-01 -2.909682e-04 -1.988797e-04 -9.381540e-01 2.909622e-04 1.000000e+00 -3.057021e-05 -2.152849e-01 1.988889e-04 3.051305e-05 1.000000e+00 8.213263e+00
9.999965e-01 1.325910e-04 -2.633260e-03 -7.034114e-01 -1.311435e-04 9.999998e-01 5.499197e-04 -2.214371e-01 2.633332e-03 -5.495732e-04 9.999964e-01 8.032949e+00
9.999967e-01 -2.057576e-04 -2.564929e-03 -1.033174e+00 2.057699e-04 1.000000e+00 4.479632e-06 -2.118004e-01 2.564928e-03 -5.006691e-06 9.999967e-01 7.911990e+00
9.999943e-01 2.308073e-04 -3.359573e-03 -1.468707e+00 -2.286265e-04 9.999998e-01 6.495202e-04 -1.974078e-01 3.359722e-03 -6.487491e-04 9.999941e-01 7.805457e+00
9.999992e-01 -3.510524e-04 -1.190373e-03 -1.566248e+00 3.510757e-04 9.999999e-01 1.924374e-05 -1.908545e-01 1.190367e-03 -1.966092e-05 9.999993e-01 7.528276e+00
9.999986e-01 1.758826e-04 -1.690578e-03 -1.117464e+00 -1.748503e-04 9.999998e-01 6.107551e-04 -1.903462e-01 1.690685e-03 -6.104593e-04 9.999984e-01 6.949037e+00
9.999989e-01 -4.775237e-04 -1.388250e-03 -7.398197e-01 4.775188e-04 9.999999e-01 -3.863042e-06 -1.866331e-01 1.388252e-03 3.200833e-06 9.999990e-01 6.198403e+00
9.999979e-01 1.614016e-04 -2.035090e-03 -5.013597e-01 -1.603296e-04 9.999998e-01 5.269476e-04 -1.856960e-01 2.035175e-03 -5.266209e-04 9.999978e-01 5.475498e+00
9.999974e-01 -4.396216e-04 -2.220310e-03 -4.516165e-01 4.398360e-04 9.999999e-01 9.606239e-05 -1.876308e-01 2.220268e-03 -9.703801e-05 9.999975e-01 4.816043e+00
9.999935e-01 5.648527e-04 -3.562191e-03 -8.869348e-01 -5.629049e-04 9.999997e-01 5.478139e-04 -1.800537e-01 3.562499e-03 -5.458059e-04 9.999935e-01 4.872904e+00
9.999999e-01 -3.595989e-04 -5.983562e-05 -1.055313e+00 3.595986e-04 9.999999e-01 -6.040908e-06 -1.840479e-01 5.983813e-05 6.020100e-06 1.000000e+00 5.406855e+00
9.999946e-01 5.436949e-04 -3.236424e-03 -1.063897e+00 -5.417455e-04 9.999997e-01 6.031932e-04 -1.959580e-01 3.236751e-03 -6.014373e-04 9.999946e-01 5.903668e+00
9.999999e-01 -3.963174e-04 -3.028386e-04 -1.024763e+00 3.963324e-04 9.999999e-01 4.934787e-05 -2.067477e-01 3.028193e-04 -4.946718e-05 1.000000e+00 6.237480e+00
9.999942e-01 5.199050e-04 -3.378025e-03 -9.555986e-01 -5.177958e-04 9.999997e-01 6.252498e-04 -2.188134e-01 3.378348e-03 -6.234977e-04 9.999941e-01 6.507763e+00
9.999997e-01 -3.769572e-04 -6.801974e-04 -1.001103e+00 3.769848e-04 9.999999e-01 4.027136e-05 -2.273378e-01 6.801825e-04 -4.052706e-05 9.999998e-01 6.788657e+00
9.999881e-01 5.183619e-04 -4.845961e-03 -1.335655e+00 -5.153406e-04 9.999997e-01 6.247070e-04 -2.222112e-01 4.846283e-03 -6.222029e-04 9.999881e-01 6.905401e+00
9.999996e-01 -4.328561e-04 -7.620541e-04 -1.632029e+00 4.329141e-04 9.999999e-01 7.580261e-05 -2.176527e-01 7.620215e-04 -7.613178e-05 9.999997e-01 6.778642e+00
9.999878e-01 5.776759e-04 -4.899216e-03 -2.075111e+00 -5.748968e-04 9.999997e-01 5.686563e-04 -2.076878e-01 4.899543e-03 -5.658335e-04 9.999878e-01 6.913827e+00
9.999990e-01 -4.802195e-04 -1.330611e-03 -2.567655e+00 4.803113e-04 9.999999e-01 6.856386e-05 -1.964362e-01 1.330578e-03 -6.920220e-05 9.999991e-01 6.855832e+00
9.999882e-01 6.163094e-04 -4.808741e-03 -3.049621e+00 -6.135177e-04 9.999996e-01 5.820247e-04 -1.854014e-01 4.809098e-03 -5.790684e-04 9.999883e-01 6.868867e+00
9.999992e-01 -4.597215e-04 -1.199561e-03 -3.372651e+00 4.598942e-04 9.999999e-01 1.436729e-04 -1.799648e-01 1.199495e-03 -1.442238e-04 9.999993e-01 6.930836e+00
9.999948e-01 6.265451e-04 -3.172216e-03 -3.533839e+00 -6.251054e-04 9.999997e-01 4.548422e-04 -1.830382e-01 3.172500e-03 -4.528575e-04 9.999949e-01 7.366750e+00
9.999949e-01 -4.798708e-04 -3.146170e-03 -4.075114e+00 4.805760e-04 9.999999e-01 2.233809e-04 -1.664999e-01 3.146063e-03 -2.248911e-04 9.999950e-01 7.529028e+00
9.999982e-01 6.621118e-04 -1.780534e-03 -4.279156e+00 -6.614141e-04 9.999997e-01 3.924429e-04 -1.674313e-01 1.780793e-03 -3.912652e-04 9.999983e-01 7.787917e+00
9.999902e-01 -5.638657e-04 -4.401104e-03 -4.684901e+00 5.651900e-04 9.999998e-01 2.996350e-04 -1.590420e-01 4.400935e-03 -3.021188e-04 9.999903e-01 7.847748e+00
9.999938e-01 6.326976e-04 -3.471104e-03 -5.424162e+00 -6.309339e-04 9.999997e-01 5.092174e-04 -1.412798e-01 3.471425e-03 -5.070249e-04 9.999938e-01 7.663282e+00
9.999992e-01 -7.263788e-04 -9.879286e-04 -5.566556e+00 7.263890e-04 9.999997e-01 9.876558e-06 -1.408963e-01 9.879215e-04 -1.059346e-05 9.999995e-01 7.310928e+00
9.999973e-01 4.499655e-04 -2.288918e-03 -5.389657e+00 -4.486731e-04 9.999997e-01 5.651358e-04 -1.442764e-01 2.289171e-03 -5.641080e-04 9.999972e-01 6.846060e+00
9.999975e-01 -5.230841e-04 -2.180100e-03 -5.231176e+00 5.235201e-04 9.999998e-01 1.993752e-04 -1.496962e-01 2.179995e-03 -2.005154e-04 9.999976e-01 6.486590e+00
9.999944e-01 6.271936e-04 -3.281687e-03 -5.581920e+00 -6.256679e-04 9.999997e-01 4.659456e-04 -1.423790e-01 3.281977e-03 -4.638904e-04 9.999945e-01 6.508819e+00
9.999981e-01 -4.818260e-04 -1.893794e-03 -6.007382e+00 4.821019e-04 9.999999e-01 1.451844e-04 -1.319653e-01 1.893724e-03 -1.460964e-04 9.999982e-01 6.856008e+00
9.999980e-01 5.594958e-04 -1.896585e-03 -6.034831e+00 -5.588544e-04 9.999998e-01 3.387704e-04 -1.409109e-01 1.896774e-03 -3.377105e-04 9.999981e-01 6.918095e+00
9.999971e-01 -7.792603e-04 -2.271103e-03 -5.973864e+00 7.798509e-04 9.999997e-01 2.591434e-04 -1.444529e-01 2.270901e-03 -2.609131e-04 9.999974e-01 6.345618e+00
9.999917e-01 3.935463e-04 -4.049780e-03 -6.329014e+00 -3.921333e-04 9.999999e-01 3.497195e-04 -1.378813e-01 4.049917e-03 -3.481293e-04 9.999917e-01 5.288239e+00
9.999985e-01 4.505112e-05 1.736849e-03 -5.968820e+00 -4.460902e-05 1.000000e+00 -2.545091e-04 -1.890645e-01 -1.736860e-03 2.544319e-04 9.999985e-01 6.937201e+00
9.999946e-01 4.322226e-04 -3.251890e-03 -5.565634e+00 -4.299356e-04 9.999997e-01 7.039757e-04 -2.519404e-01 3.252192e-03 -7.025745e-04 9.999945e-01 8.653076e+00
9.999966e-01 -7.022887e-04 -2.504407e-03 -5.788504e+00 7.021546e-04 9.999998e-01 -5.449332e-05 -2.494679e-01 2.504445e-03 5.273536e-05 9.999969e-01 7.858965e+00
9.999927e-01 6.081192e-04 -3.770895e-03 -6.147020e+00 -6.053056e-04 9.999995e-01 7.472610e-04 -2.435866e-01 3.771348e-03 -7.449737e-04 9.999926e-01 7.382111e+00
9.999977e-01 -7.254319e-04 -2.008603e-03 -6.422315e+00 7.251403e-04 9.999997e-01 -1.459130e-04 -2.410152e-01 2.008708e-03 1.444568e-04 9.999980e-01 6.977889e+00
9.999965e-01 4.319011e-04 -2.611233e-03 -6.471779e+00 -4.300837e-04 9.999997e-01 6.965685e-04 -2.423203e-01 2.611533e-03 -6.954437e-04 9.999963e-01 6.188012e+00
9.999986e-01 -6.540406e-04 -1.533716e-03 -6.398114e+00 6.538947e-04 9.999998e-01 -9.564677e-05 -2.457775e-01 1.533779e-03 9.464446e-05 9.999988e-01 5.586407e+00
9.999946e-01 5.523363e-04 -3.238997e-03 -6.449093e+00 -5.497443e-04 9.999995e-01 8.011141e-04 -2.484306e-01 3.239438e-03 -7.993299e-04 9.999944e-01 5.160894e+00
9.999986e-01 -6.491931e-04 -1.544400e-03 -6.635741e+00 6.487287e-04 9.999997e-01 -3.012253e-04 -2.441293e-01 1.544595e-03 3.002236e-04 9.999988e-01 4.809567e+00
9.999913e-01 3.765726e-04 -4.161353e-03 -6.891379e+00 -3.727196e-04 9.999995e-01 9.266642e-04 -2.360641e-01 4.161700e-03 -9.251058e-04 9.999909e-01 4.093110e+00
9.999995e-01 -6.804315e-04 -7.693642e-04 -6.973881e+00 6.802034e-04 9.999997e-01 -2.969161e-04 -2.310753e-01 7.695663e-04 2.963933e-04 9.999997e-01 3.312943e+00
9.999909e-01 3.510494e-04 -4.245380e-03 -7.056063e+00 -3.470523e-04 9.999995e-01 9.422408e-04 -2.223633e-01 4.245708e-03 -9.407596e-04 9.999905e-01 2.544884e+00
9.999955e-01 -6.647492e-04 -2.931907e-03 -7.572511e+00 6.639715e-04 9.999997e-01 -2.662553e-04 -2.080288e-01 2.932084e-03 2.643081e-04 9.999957e-01 1.661131e+00
9.999996e-01 8.733474e-04 -1.865348e-04 -7.653087e+00 -8.732146e-04 9.999994e-01 7.115387e-04 -2.196242e-01 1.871558e-04 -7.113762e-04 9.999997e-01 2.227311e+00
9.999901e-01 -8.314525e-04 -4.373219e-03 -7.861325e+00 8.311987e-04 9.999997e-01 -5.988460e-05 -2.247528e-01 4.373268e-03 5.624969e-05 9.999904e-01 2.680960e+00
9.999935e-01 6.231220e-04 -3.563221e-03 -8.520856e+00 -6.202894e-04 9.999995e-01 7.960536e-04 -2.073934e-01 3.563715e-03 -7.938389e-04 9.999933e-01 1.961901e+00
9.999907e-01 -6.561927e-04 -4.272395e-03 -9.336159e+00 6.559052e-04 9.999998e-01 -6.872071e-05 -1.816468e-01 4.272439e-03 6.591848e-05 9.999909e-01 1.744118e+00
9.999971e-01 5.070221e-04 -2.342460e-03 -9.805570e+00 -5.054223e-04 9.999996e-01 6.835943e-04 -1.694636e-01 2.342806e-03 -6.824091e-04 9.999970e-01 1.128840e+00
9.999901e-01 -8.062530e-04 -4.387369e-03 -1.025283e+01 8.061436e-04 9.999997e-01 -2.672127e-05 -1.567096e-01 4.387389e-03 2.318485e-05 9.999904e-01 3.178831e-01
9.999995e-01 8.473116e-04 -5.381715e-04 -1.064475e+01 -8.470064e-04 9.999995e-01 5.673790e-04 -1.465787e-01 5.386517e-04 -5.669236e-04 9.999997e-01 2.895214e-01
9.999946e-01 -8.546408e-04 -3.159259e-03 -1.080846e+01 8.544456e-04 9.999996e-01 -6.320553e-05 -1.459567e-01 3.159312e-03 6.050647e-05 9.999950e-01 4.306992e-01
9.999994e-01 1.057898e-03 -2.844461e-04 -1.102324e+01 -1.057735e-03 9.999993e-01 5.723357e-04 -1.443945e-01 2.850510e-04 -5.720352e-04 9.999998e-01 1.280719e+00
9.999849e-01 -1.101630e-03 -5.384380e-03 -1.149059e+01 1.101509e-03 9.999994e-01 -2.545758e-05 -1.295426e-01 5.384405e-03 1.952695e-05 9.999855e-01 1.000938e+00
9.999978e-01 1.005588e-03 1.832800e-03 -1.171797e+01 -1.006453e-03 9.999994e-01 4.708861e-04 -1.217052e-01 -1.832326e-03 -4.727304e-04 9.999982e-01 9.466879e-01
9.999904e-01 -1.213752e-03 -4.210636e-03 -1.166937e+01 1.213654e-03 9.999993e-01 -2.597086e-05 -1.210794e-01 4.210665e-03 2.086105e-05 9.999911e-01 9.717233e-01
9.999990e-01 1.165516e-03 7.941443e-04 -1.177976e+01 -1.165908e-03 9.999992e-01 4.928309e-04 -1.223883e-01 -7.935695e-04 -4.937570e-04 9.999996e-01 9.342711e-01
9.999942e-01 -1.199453e-03 -3.186462e-03 -1.163535e+01 1.199565e-03 9.999993e-01 3.320583e-05 -1.357815e-01 3.186420e-03 -3.702731e-05 9.999949e-01 1.289535e+00
9.999995e-01 9.912037e-04 -3.292912e-04 -1.160855e+01 -9.910555e-04 9.999994e-01 4.502137e-04 -1.381346e-01 3.297370e-04 -4.498878e-04 9.999998e-01 9.413494e-01
9.999942e-01 -1.182608e-03 -3.201863e-03 -1.151187e+01 1.183611e-03 9.999993e-01 3.113322e-04 -1.156307e-01 3.201493e-03 -3.151194e-04 9.999948e-01 1.033477e+00
9.999990e-01 1.227766e-03 6.660467e-04 -1.141855e+01 -1.227915e-03 9.999992e-01 2.230226e-04 -1.309804e-01 -6.657727e-04 -2.238409e-04 9.999998e-01 1.558266e+00
9.999863e-01 -1.572031e-03 -4.991293e-03 -1.163548e+01 1.572709e-03 9.999988e-01 1.318508e-04 -1.137886e-01 4.991080e-03 -1.396981e-04 9.999875e-01 1.123432e+00
9.999987e-01 8.564269e-04 1.379729e-03 -1.158912e+01 -8.567122e-04 9.999996e-01 2.060677e-04 -1.061802e-01 -1.379552e-03 -2.072502e-04 9.999990e-01 -2.621332e-01
9.999923e-01 -1.342873e-03 -3.682351e-03 -1.125454e+01 1.343834e-03 9.999991e-01 2.584822e-04 -1.085426e-01 3.682001e-03 -2.634280e-04 9.999932e-01 -8.657284e-01
9.999991e-01 1.336639e-03 2.641570e-04 -1.120439e+01 -1.336714e-03 9.999991e-01 2.831211e-04 -1.143669e-01 -2.637786e-04 -2.834746e-04 9.999999e-01 -6.327275e-01
9.999873e-01 -1.143115e-03 -4.905906e-03 -1.159128e+01 1.144342e-03 9.999993e-01 2.472984e-04 -9.144049e-02 4.905620e-03 -2.529086e-04 9.999879e-01 -2.225737e-02
9.999984e-01 1.296128e-03 1.240352e-03 -1.147131e+01 -1.296498e-03 9.999991e-01 2.970117e-04 -9.848878e-02 -1.239966e-03 -2.986201e-04 9.999992e-01 9.434190e-02
9.999883e-01 -1.372723e-03 -4.643019e-03 -1.126510e+01 1.374485e-03 9.999990e-01 3.764389e-04 -1.034052e-01 4.642497e-03 -3.828156e-04 9.999892e-01 -6.017039e-02
9.999983e-01 1.537137e-03 9.889187e-04 -1.135283e+01 -1.537359e-03 9.999988e-01 2.238107e-04 -9.718916e-02 -9.885738e-04 -2.253314e-04 9.999995e-01 2.903495e-01
9.999832e-01 -1.837723e-03 -5.502937e-03 -1.142112e+01 1.839482e-03 9.999983e-01 3.145341e-04 -9.360988e-02 5.502349e-03 -3.246506e-04 9.999848e-01 -4.093902e-01
9.999982e-01 1.499329e-03 -1.142950e-03 -1.183876e+01 -1.498926e-03 9.999988e-01 3.537578e-04 -8.155787e-02 1.143479e-03 -3.520446e-04 9.999993e-01 -1.324737e+00
9.999892e-01 -1.820492e-03 -4.278411e-03 -1.201113e+01 1.821924e-03 9.999983e-01 3.309088e-04 -7.691877e-02 4.277802e-03 -3.386995e-04 9.999908e-01 -2.163279e+00
9.999985e-01 1.651982e-03 -4.572009e-04 -1.207502e+01 -1.651860e-03 9.999986e-01 2.662964e-04 -7.757260e-02 4.576398e-04 -2.655415e-04 9.999999e-01 -2.617097e+00
9.999896e-01 -1.653250e-03 -4.242144e-03 -1.201559e+01 1.655147e-03 9.999985e-01 4.438307e-04 -8.236549e-02 4.241404e-03 -4.508468e-04 9.999909e-01 -2.882289e+00
9.999990e-01 1.396340e-03 1.580579e-04 -1.194493e+01 -1.396350e-03 9.999990e-01 6.455199e-05 -8.373363e-02 -1.579679e-04 -6.477332e-05 1.000000e+00 -3.615988e+00
9.999915e-01 -1.614452e-03 -3.781892e-03 -1.169387e+01 1.616710e-03 9.999985e-01 5.939775e-04 -8.447376e-02 3.780928e-03 -6.000860e-04 9.999927e-01 -4.234368e+00
9.999983e-01 1.676546e-03 -7.715582e-04 -1.173016e+01 -1.676460e-03 9.999986e-01 1.132597e-04 -8.653629e-02 7.717467e-04 -1.119667e-04 9.999997e-01 -4.175710e+00
9.999938e-01 -1.526114e-03 -3.165515e-03 -1.147337e+01 1.527967e-03 9.999987e-01 5.829787e-04 -1.000184e-01 3.164621e-03 -5.878112e-04 9.999948e-01 -3.868077e+00
9.999957e-01 1.622360e-03 -2.459193e-03 -1.179107e+01 -1.621908e-03 9.999987e-01 1.859565e-04 -8.869030e-02 2.459491e-03 -1.819678e-04 9.999970e-01 -3.784291e+00
9.999841e-01 -1.770815e-03 -5.347012e-03 -1.244580e+01 1.773980e-03 9.999983e-01 5.870608e-04 -6.913139e-02 5.345963e-03 -5.965363e-04 9.999855e-01 -4.352444e+00
9.999980e-01 1.700079e-03 -1.062351e-03 -1.287538e+01 -1.699965e-03 9.999985e-01 1.080840e-04 -5.668567e-02 1.062533e-03 -1.062785e-04 9.999994e-01 -4.720214e+00
9.999962e-01 -1.752038e-03 -2.123380e-03 -1.272582e+01 1.753001e-03 9.999984e-01 4.513491e-04 -5.545968e-02 2.122586e-03 -4.550690e-04 9.999976e-01 -4.865789e+00
9.999915e-01 1.965245e-03 -3.615822e-03 -1.335419e+01 -1.964868e-03 9.999981e-01 1.079661e-04 -2.128513e-02 3.616027e-03 -1.008612e-04 9.999935e-01 -4.366407e+00
9.999979e-01 -1.732895e-03 -1.085415e-03 -1.346905e+01 1.733626e-03 9.999983e-01 6.730030e-04 7.920559e-03 1.084248e-03 -6.748827e-04 9.999992e-01 -3.932971e+00
9.999923e-01 1.924632e-03 -3.413231e-03 -1.304738e+01 -1.923063e-03 9.999980e-01 4.628108e-04 2.208169e-02 3.414115e-03 -4.562441e-04 9.999941e-01 -3.857532e+00
9.999987e-01 -1.552561e-03 3.212648e-04 -1.227255e+01 1.552314e-03 9.999985e-01 7.661896e-04 4.927899e-02 -3.224535e-04 -7.656892e-04 9.999997e-01 -3.519458e+00
9.999956e-01 2.088603e-03 -2.116017e-03 -1.143327e+01 -2.087399e-03 9.999977e-01 5.710039e-04 8.563794e-02 2.117204e-03 -5.665851e-04 9.999976e-01 -3.064669e+00
9.999980e-01 -1.592969e-03 -1.239352e-03 -1.055980e+01 1.593662e-03 9.999986e-01 5.586744e-04 8.459836e-02 1.238460e-03 -5.606477e-04 9.999991e-01 -2.883666e+00
9.999952e-01 1.751980e-03 -2.572729e-03 -1.017709e+01 -1.751092e-03 9.999984e-01 3.474133e-04 1.012719e-01 2.573333e-03 -3.429072e-04 9.999966e-01 -3.038394e+00
9.999970e-01 -2.005002e-03 -1.422761e-03 -9.938437e+00 2.005538e-03 9.999979e-01 3.752726e-04 1.000847e-01 1.422006e-03 -3.781242e-04 9.999989e-01 -3.656486e+00
9.999918e-01 1.722954e-03 -3.655514e-03 -1.006337e+01 -1.721740e-03 9.999985e-01 3.352482e-04 1.067710e-01 3.656086e-03 -3.289523e-04 9.999933e-01 -4.276440e+00
9.999982e-01 -1.661920e-03 9.511276e-04 -9.448773e+00 1.661471e-03 9.999985e-01 4.728890e-04 8.777875e-02 -9.519118e-04 -4.713072e-04 9.999994e-01 -4.152837e+00
9.999915e-01 1.618535e-03 -3.803615e-03 -8.869209e+00 -1.617223e-03 9.999986e-01 3.480064e-04 8.009913e-02 3.804173e-03 -3.418529e-04 9.999927e-01 -4.386920e+00
9.999982e-01 -1.872612e-03 1.720826e-04 -8.696917e+00 1.872566e-03 9.999982e-01 2.709945e-04 7.991978e-02 -1.725894e-04 -2.706711e-04 9.999999e-01 -4.977761e+00
9.999853e-01 1.549735e-03 -5.198436e-03 -8.862843e+00 -1.547822e-03 9.999987e-01 3.719932e-04 8.815618e-02 5.199006e-03 -3.639421e-04 9.999864e-01 -5.716504e+00
9.999973e-01 -1.565738e-03 1.731872e-03 -8.526523e+00 1.565258e-03 9.999987e-01 2.785909e-04 8.252504e-02 -1.732305e-03 -2.758786e-04 9.999985e-01 -5.963247e+00
9.999874e-01 1.723001e-03 -4.715320e-03 -7.899662e+00 -1.720629e-03 9.999984e-01 5.070668e-04 5.588916e-02 4.716186e-03 -4.989477e-04 9.999888e-01 -5.766398e+00
9.999979e-01 -1.610154e-03 1.280267e-03 -7.338473e+00 1.609718e-03 9.999986e-01 3.411719e-04 3.982716e-02 -1.280814e-03 -3.391096e-04 9.999991e-01 -5.741105e+00
9.999896e-01 1.493322e-03 -4.314744e-03 -7.003725e+00 -1.491909e-03 9.999988e-01 3.309268e-04 3.987820e-02 4.315233e-03 -3.244868e-04 9.999906e-01 -6.024321e+00
9.999990e-01 -1.390054e-03 5.639987e-05 -6.734675e+00 1.390016e-03 9.999988e-01 6.697055e-04 6.042264e-02 -5.733042e-05 -6.696258e-04 9.999998e-01 -5.842468e+00
9.999891e-01 1.591158e-03 -4.391523e-03 -6.910776e+00 -1.589577e-03 9.999987e-01 3.636162e-04 1.140811e-01 4.392095e-03 -3.566323e-04 9.999903e-01 -5.261613e+00
9.999991e-01 -1.293343e-03 1.739800e-04 -6.630712e+00 1.293252e-03 9.999990e-01 5.259673e-04 1.200373e-01 -1.746598e-04 -5.257411e-04 9.999998e-01 -4.829004e+00
9.999902e-01 1.599579e-03 -4.135294e-03 -5.973592e+00 -1.598224e-03 9.999987e-01 3.308080e-04 8.924376e-02 4.135817e-03 -3.241963e-04 9.999914e-01 -4.430465e+00
9.999991e-01 -1.267359e-03 4.959838e-04 -5.317600e+00 1.267056e-03 9.999990e-01 6.123596e-04 7.181924e-02 -4.967590e-04 -6.117299e-04 9.999997e-01 -4.057167e+00
9.999886e-01 1.492397e-03 -4.532727e-03 -4.863937e+00 -1.491746e-03 9.999989e-01 1.469576e-04 5.215434e-02 4.532941e-03 -1.401949e-04 9.999897e-01 -3.720359e+00
9.999990e-01 -1.125981e-03 8.303967e-04 -4.221523e+00 1.125367e-03 9.999991e-01 7.394951e-04 2.769466e-02 -8.312283e-04 -7.385592e-04 9.999994e-01 -3.310645e+00
9.999865e-01 1.463100e-03 -4.989578e-03 -3.531851e+00 -1.462124e-03 9.999989e-01 1.992170e-04 -4.257864e-03 4.989864e-03 -1.919196e-04 9.999875e-01 -2.977607e+00
9.999990e-01 -1.097541e-03 8.544813e-04 -2.724780e+00 1.096862e-03 9.999991e-01 7.944646e-04 -3.748734e-02 -8.553522e-04 -7.935259e-04 9.999993e-01 -2.631346e+00
9.999868e-01 1.541449e-03 -4.907020e-03 -2.014629e+00 -1.541585e-03 9.999988e-01 -2.384458e-05 -7.663035e-02 4.906977e-03 3.140817e-05 9.999880e-01 -2.073774e+00
9.999989e-01 -1.178379e-03 8.986003e-04 -1.161695e+00 1.177581e-03 9.999989e-01 8.883157e-04 -1.223449e-01 -8.996458e-04 -8.872558e-04 9.999992e-01 -1.449232e+00
9.999876e-01 1.563557e-03 -4.731444e-03 -3.272522e-01 -1.563414e-03 9.999988e-01 3.414867e-05 -1.519064e-01 4.731491e-03 -2.675172e-05 9.999888e-01 -1.159184e+00
9.999972e-01 -1.564370e-03 1.751551e-03 6.604951e-02 1.563194e-03 9.999986e-01 6.724872e-04 -1.682082e-01 -1.752600e-03 -6.697467e-04 9.999982e-01 -1.005147e+00
9.999886e-01 1.594189e-03 -4.501297e-03 3.658099e-01 -1.594450e-03 9.999987e-01 -5.432118e-05 -1.861531e-01 4.501204e-03 6.149698e-05 9.999899e-01 -6.709763e-01
9.999984e-01 -1.493559e-03 1.033257e-03 3.862655e-01 1.492902e-03 9.999987e-01 6.364126e-04 -1.984805e-01 -1.034206e-03 -6.348683e-04 9.999993e-01 -1.232678e-01
9.999906e-01 1.595213e-03 -4.034294e-03 6.986203e-01 -1.595077e-03 9.999987e-01 3.697659e-05 -2.155848e-01 4.034348e-03 -3.054191e-05 9.999919e-01 2.437559e-01
9.999985e-01 -1.425082e-03 9.524799e-04 1.163829e+00 1.424423e-03 9.999987e-01 6.924940e-04 -2.353950e-01 -9.534653e-04 -6.911355e-04 9.999993e-01 4.864148e-01
9.999836e-01 1.315670e-03 -5.569890e-03 1.044203e+00 -1.316074e-03 9.999991e-01 -6.885435e-05 -2.336398e-01 5.569794e-03 7.618293e-05 9.999845e-01 4.248625e-01
9.999985e-01 -1.219216e-03 1.196132e-03 8.974680e-01 1.218451e-03 9.999991e-01 6.402060e-04 -2.385313e-01 -1.196911e-03 -6.387470e-04 9.999991e-01 8.125683e-01
9.999809e-01 1.277063e-03 -6.046596e-03 7.326013e-01 -1.276951e-03 9.999992e-01 2.253361e-05 -2.406198e-01 6.046619e-03 -1.481265e-05 9.999817e-01 1.085537e+00
9.999991e-01 -1.255458e-03 -5.024374e-04 1.976735e-01 1.255797e-03 9.999990e-01 6.753967e-04 -2.258139e-01 5.015892e-04 -6.760263e-04 9.999996e-01 1.003328e+00
9.999855e-01 1.236643e-03 -5.243941e-03 -1.115982e-01 -1.236516e-03 9.999992e-01 2.742049e-05 -2.164501e-01 5.243970e-03 -2.093655e-05 9.999863e-01 7.950740e-01
9.999992e-01 -1.258609e-03 2.977194e-04 -1.968675e-01 1.258407e-03 9.999990e-01 6.774114e-04 -2.164643e-01 -2.985714e-04 -6.770355e-04 9.999997e-01 7.657439e-01
9.999816e-01 1.331527e-03 -5.912971e-03 -5.446050e-01 -1.331599e-03 9.999991e-01 -8.283099e-06 -2.123287e-01 5.912955e-03 1.615598e-05 9.999825e-01 8.427313e-01
9.999988e-01 -1.293351e-03 8.698286e-04 -7.427899e-01 1.292765e-03 9.999989e-01 6.745170e-04 -2.125788e-01 -8.706998e-04 -6.733910e-04 9.999994e-01 9.197936e-01
9.999879e-01 1.299535e-03 -4.737556e-03 -6.927585e-01 -1.299761e-03 9.999992e-01 -4.461347e-05 -2.218950e-01 4.737493e-03 5.076995e-05 9.999888e-01 1.091485e+00
9.999982e-01 -1.277881e-03 1.428616e-03 -3.706790e-01 1.276817e-03 9.999989e-01 7.461621e-04 -2.407474e-01 -1.429567e-03 -7.443359e-04 9.999987e-01 1.321914e+00
9.999864e-01 1.397178e-03 -5.017690e-03 1.519759e-01 -1.396862e-03 9.999990e-01 6.659679e-05 -2.681309e-01 5.017778e-03 -5.958753e-05 9.999874e-01 1.544643e+00
9.999987e-01 -1.188613e-03 1.104328e-03 6.651260e-01 1.187716e-03 9.999990e-01 8.126852e-04 -2.984655e-01 -1.105293e-03 -8.113718e-04 9.999991e-01 1.892133e+00
9.999865e-01 1.349937e-03 -5.019984e-03 1.122851e+00 -1.349584e-03 9.999991e-01 7.368629e-05 -3.158469e-01 5.020079e-03 -6.691107e-05 9.999874e-01 2.182346e+00
9.999988e-01 -1.100605e-03 1.082802e-03 1.669053e+00 1.099782e-03 9.999991e-01 7.606897e-04 -3.438457e-01 -1.083638e-03 -7.594973e-04 9.999991e-01 2.460621e+00
9.999892e-01 1.215987e-03 -4.480410e-03 2.163213e+00 -1.215773e-03 9.999993e-01 5.058455e-05 -3.595758e-01 4.480468e-03 -4.513751e-05 9.999900e-01 2.479155e+00
9.999985e-01 -1.168429e-03 1.298866e-03 2.580267e+00 1.167550e-03 9.999991e-01 6.775141e-04 -3.812292e-01 -1.299657e-03 -6.759959e-04 9.999989e-01 2.618491e+00
9.999879e-01 1.338100e-03 -4.740655e-03 3.052150e+00 -1.337610e-03 9.999991e-01 1.065161e-04 -4.077844e-01 4.740793e-03 -1.001744e-04 9.999888e-01 2.958431e+00
9.999976e-01 -1.427556e-03 1.644201e-03 3.283644e+00 1.426533e-03 9.999988e-01 6.236007e-04 -4.080043e-01 -1.645088e-03 -6.212530e-04 9.999985e-01 3.446262e+00
9.999885e-01 1.642107e-03 -4.510963e-03 3.683882e+00 -1.641173e-03 9.999986e-01 2.107616e-04 -4.021697e-01 4.511302e-03 -2.033566e-04 9.999898e-01 3.905558e+00
9.999984e-01 -1.450081e-03 1.022289e-03 4.156443e+00 1.449471e-03 9.999988e-01 5.977393e-04 -4.096515e-01 -1.023154e-03 -5.962559e-04 9.999993e-01 4.077331e+00
9.999846e-01 1.885764e-03 -5.222110e-03 4.930244e+00 -1.883583e-03 9.999981e-01 4.226509e-04 -4.330654e-01 5.222897e-03 -4.128088e-04 9.999863e-01 4.322151e+00
9.999976e-01 -1.784618e-03 1.288986e-03 5.186533e+00 1.784153e-03 9.999983e-01 3.624868e-04 -4.395342e-01 -1.289630e-03 -3.601856e-04 9.999991e-01 4.400024e+00
9.999862e-01 2.242287e-03 -4.742711e-03 6.132506e+00 -2.239505e-03 9.999973e-01 5.919778e-04 -4.726272e-01 4.744025e-03 -5.813490e-04 9.999886e-01 4.695309e+00
9.999974e-01 -1.577334e-03 1.664665e-03 7.388855e+00 1.576327e-03 9.999986e-01 6.058418e-04 -5.012667e-01 -1.665618e-03 -6.032155e-04 9.999984e-01 5.132294e+00
9.999799e-01 2.067122e-03 -5.996391e-03 8.286949e+00 -2.064220e-03 9.999977e-01 4.902284e-04 -5.291832e-01 5.997391e-03 -4.778414e-04 9.999819e-01 5.413592e+00
9.999970e-01 -1.542886e-03 1.908823e-03 9.280569e+00 1.541720e-03 9.999986e-01 6.122436e-04 -5.554448e-01 -1.909764e-03 -6.092983e-04 9.999980e-01 5.565061e+00
9.999804e-01 1.895136e-03 -5.967745e-03 9.947084e+00 -1.893974e-03 9.999982e-01 2.003237e-04 -5.762098e-01 5.968114e-03 -1.890177e-04 9.999822e-01 5.652122e+00
9.999974e-01 -2.184051e-03 -6.922936e-04 9.654904e+00 2.184511e-03 9.999974e-01 6.642959e-04 -5.664338e-01 6.908412e-04 -6.658058e-04 9.999995e-01 4.711063e+00
9.999915e-01 1.943036e-03 -3.647457e-03 9.748381e+00 -1.943379e-03 9.999981e-01 -9.048822e-05 -5.650734e-01 3.647274e-03 9.757518e-05 9.999933e-01 3.918987e+00
9.999975e-01 -2.223003e-03 -1.649958e-04 9.872123e+00 2.223120e-03 9.999973e-01 7.105812e-04 -5.664921e-01 1.634159e-04 -7.109456e-04 9.999997e-01 3.253303e+00
9.999907e-01 1.897181e-03 -3.861446e-03 9.946606e+00 -1.897868e-03 9.999982e-01 -1.742267e-04 -5.670257e-01 3.861108e-03 1.815529e-04 9.999925e-01 2.491478e+00
9.999938e-01 -2.295910e-03 -2.653472e-03 9.467128e+00 2.298030e-03 9.999970e-01 7.959908e-04 -5.527492e-01 2.651637e-03 -8.020830e-04 9.999962e-01 1.538570e+00
9.999886e-01 1.781535e-03 -4.441298e-03 8.868656e+00 -1.783043e-03 9.999984e-01 -3.354787e-04 -5.364428e-01 4.440693e-03 3.433933e-04 9.999901e-01 6.578764e-02
9.999973e-01 -2.325200e-03 1.071974e-04 8.800949e+00 2.325109e-03 9.999969e-01 8.432522e-04 -5.327164e-01 -1.091575e-04 -8.430000e-04 9.999996e-01 -1.029900e+00
9.999849e-01 2.430298e-03 -4.930685e-03 8.824582e+00 -2.430513e-03 9.999970e-01 -3.757662e-05 -5.397797e-01 4.930579e-03 4.955948e-05 9.999878e-01 -8.342657e-01
9.999973e-01 -2.290045e-03 -4.694103e-04 8.822803e+00 2.290494e-03 9.999969e-01 9.574456e-04 -5.443734e-01 4.672166e-04 -9.585175e-04 9.999994e-01 -5.263703e-01
9.999788e-01 2.360930e-03 -6.060362e-03 8.492205e+00 -2.361423e-03 9.999972e-01 -7.423058e-05 -5.376577e-01 6.060169e-03 8.853943e-05 9.999816e-01 -5.065981e-01
9.999975e-01 -2.244478e-03 2.081183e-04 8.245081e+00 2.244310e-03 9.999972e-01 8.047598e-04 -5.370157e-01 -2.099237e-04 -8.042900e-04 9.999997e-01 -5.820075e-01
9.999809e-01 2.305404e-03 -5.737256e-03 8.183570e+00 -2.305079e-03 9.999973e-01 6.327430e-05 -5.401614e-01 5.737386e-03 -5.004892e-05 9.999835e-01 -7.730578e-01
9.999976e-01 -1.844775e-03 1.202043e-03 8.907408e+00 1.843527e-03 9.999978e-01 1.038399e-03 -5.623640e-01 -1.203955e-03 -1.036180e-03 9.999987e-01 -4.268638e-01
9.999851e-01 2.378544e-03 -4.911451e-03 9.485305e+00 -2.379412e-03 9.999972e-01 -1.709494e-04 -5.907722e-01 4.911030e-03 1.826326e-04 9.999879e-01 3.545451e-01
9.999976e-01 -2.156918e-03 -2.327639e-04 9.336347e+00 2.157151e-03 9.999972e-01 1.002574e-03 -5.882245e-01 2.306010e-04 -1.003073e-03 9.999995e-01 7.089938e-01
9.999808e-01 2.332671e-03 -5.734179e-03 9.003128e+00 -2.334145e-03 9.999972e-01 -2.503406e-04 -5.820313e-01 5.733579e-03 2.637196e-04 9.999835e-01 7.477910e-01
9.999958e-01 -2.197149e-03 1.885346e-03 9.256357e+00 2.195318e-03 9.999971e-01 9.727980e-04 -6.011431e-01 -1.887478e-03 -9.686543e-04 9.999977e-01 9.812812e-01
9.999824e-01 2.510785e-03 -5.372936e-03 9.482496e+00 -2.512452e-03 9.999968e-01 -3.035061e-04 -6.299498e-01 5.372156e-03 3.169993e-04 9.999855e-01 1.727481e+00
9.999955e-01 -2.234731e-03 1.994293e-03 9.840677e+00 2.232577e-03 9.999969e-01 1.081853e-03 -6.682151e-01 -1.996705e-03 -1.077395e-03 9.999974e-01 2.597834e+00
9.999797e-01 2.442668e-03 -5.877922e-03 1.029131e+01 -2.443807e-03 9.999970e-01 -1.866548e-04 -6.955510e-01 5.877448e-03 2.010149e-04 9.999827e-01 2.956181e+00
9.999948e-01 -2.322067e-03 2.246484e-03 1.068294e+01 2.319712e-03 9.999968e-01 1.050491e-03 -7.200377e-01 -2.248916e-03 -1.045274e-03 9.999969e-01 3.229278e+00
9.999798e-01 2.610455e-03 -5.793968e-03 1.087658e+01 -2.612741e-03 9.999965e-01 -3.869627e-04 -7.454204e-01 5.792938e-03 4.020924e-04 9.999831e-01 3.897311e+00
9.999942e-01 -2.431707e-03 2.391446e-03 1.101400e+01 2.429223e-03 9.999965e-01 1.041180e-03 -7.681049e-01 -2.393969e-03 -1.035364e-03 9.999966e-01 4.490162e+00
9.999789e-01 2.498911e-03 -5.994410e-03 1.157290e+01 -2.499643e-03 9.999969e-01 -1.145945e-04 -7.816139e-01 5.994105e-03 1.295753e-04 9.999820e-01 4.368709e+00
9.999940e-01 -2.343676e-03 2.549105e-03 1.178879e+01 2.341615e-03 9.999969e-01 8.113887e-04 -8.068930e-01 -2.550999e-03 -8.054142e-04 9.999964e-01 4.872470e+00
9.999823e-01 2.495280e-03 -5.404448e-03 1.182617e+01 -2.497044e-03 9.999968e-01 -3.196504e-04 -8.277372e-01 5.403633e-03 3.331392e-04 9.999853e-01 5.653491e+00
9.999944e-01 -2.350633e-03 2.377204e-03 1.173921e+01 2.348707e-03 9.999969e-01 8.128854e-04 -8.388124e-01 -2.379107e-03 -8.072968e-04 9.999968e-01 6.500669e+00
9.999818e-01 2.535407e-03 -5.482018e-03 1.170508e+01 -2.537131e-03 9.999967e-01 -3.075262e-04 -8.536894e-01 5.481220e-03 3.214286e-04 9.999849e-01 7.364473e+00
9.999955e-01 -2.375180e-03 1.844291e-03 1.193318e+01 2.373303e-03 9.999967e-01 1.019555e-03 -8.756398e-01 -1.846706e-03 -1.015173e-03 9.999978e-01 7.833915e+00
9.999812e-01 2.360134e-03 -5.651741e-03 1.235874e+01 -2.360146e-03 9.999972e-01 4.581559e-06 -8.859703e-01 5.651736e-03 8.756817e-06 9.999840e-01 7.727818e+00
9.999955e-01 -2.535536e-03 1.618211e-03 1.254606e+01 2.533961e-03 9.999963e-01 9.747495e-04 -8.858088e-01 -1.620676e-03 -9.706439e-04 9.999982e-01 7.341732e+00
9.999849e-01 2.044755e-03 -5.095627e-03 1.307157e+01 -2.044408e-03 9.999979e-01 7.347983e-05 -8.740227e-01 5.095766e-03 -6.306183e-05 9.999870e-01 6.138168e+00
9.999910e-01 -2.084420e-03 3.685218e-03 1.478525e+01 2.077746e-03 9.999962e-01 1.814072e-03 -8.632271e-01 -3.688985e-03 -1.806398e-03 9.999916e-01 5.156888e+00
9.999822e-01 2.221536e-03 -5.546092e-03 1.633951e+01 -2.222038e-03 9.999975e-01 -8.434772e-05 -8.638065e-01 5.545891e-03 9.666920e-05 9.999846e-01 4.568445e+00
9.999914e-01 -2.467103e-03 3.323927e-03 1.775537e+01 2.461263e-03 9.999954e-01 1.760065e-03 -8.490775e-01 -3.328254e-03 -1.751868e-03 9.999929e-01 3.310746e+00
9.999716e-01 2.232156e-03 -7.196064e-03 1.814662e+01 -2.237966e-03 9.999972e-01 -7.994367e-04 -8.499796e-01 7.194259e-03 8.155180e-04 9.999738e-01 2.736853e+00
9.999932e-01 -2.077037e-03 3.031141e-03 1.916507e+01 2.071009e-03 9.999959e-01 1.990690e-03 -8.868966e-01 -3.035263e-03 -1.984399e-03 9.999934e-01 3.206902e+00
9.999753e-01 2.178233e-03 -6.680205e-03 1.940040e+01 -2.185085e-03 9.999971e-01 -1.018597e-03 -9.133261e-01 6.677967e-03 1.033168e-03 9.999772e-01 4.124819e+00
9.999953e-01 -2.184549e-03 2.171756e-03 1.944338e+01 2.180742e-03 9.999961e-01 1.754232e-03 -9.287938e-01 -2.175579e-03 -1.749487e-03 9.999961e-01 4.472026e+00
9.999805e-01 2.612595e-03 -5.679805e-03 2.010315e+01 -2.617538e-03 9.999962e-01 -8.631360e-04 -9.706410e-01 5.677529e-03 8.779856e-04 9.999835e-01 5.298457e+00
9.999967e-01 -1.907490e-03 1.710586e-03 2.095962e+01 1.904036e-03 9.999961e-01 2.018633e-03 -1.017273e+00 -1.714430e-03 -2.015369e-03 9.999965e-01 6.066109e+00
9.999833e-01 2.183857e-03 -5.354675e-03 2.112172e+01 -2.190961e-03 9.999967e-01 -1.321021e-03 -1.036979e+00 5.351773e-03 1.332730e-03 9.999848e-01 6.656774e+00
9.999923e-01 -1.981521e-03 3.389894e-03 2.119538e+01 1.975964e-03 9.999967e-01 1.642098e-03 -1.062822e+00 -3.393136e-03 -1.635386e-03 9.999929e-01 7.866598e+00
9.999768e-01 2.203250e-03 -6.450478e-03 2.150620e+01 -2.209526e-03 9.999971e-01 -9.659692e-04 -1.102641e+00 6.448331e-03 9.801986e-04 9.999787e-01 8.794904e+00
9.999965e-01 -1.956607e-03 1.801720e-03 2.155178e+01 1.953384e-03 9.999965e-01 1.789155e-03 -1.117753e+00 -1.805214e-03 -1.785628e-03 9.999968e-01 9.755579e+00
9.999824e-01 2.146318e-03 -5.539052e-03 2.136678e+01 -2.152873e-03 9.999970e-01 -1.177673e-03 -1.122326e+00 5.536507e-03 1.189576e-03 9.999840e-01 1.108094e+01
9.999980e-01 -1.647681e-03 1.117903e-03 2.162397e+01 1.645103e-03 9.999960e-01 2.303554e-03 -1.138961e+00 -1.121693e-03 -2.301709e-03 9.999967e-01 1.208373e+01
9.999826e-01 2.050063e-03 -5.537520e-03 2.206960e+01 -2.057202e-03 9.999971e-01 -1.283733e-03 -1.167912e+00 5.534871e-03 1.295102e-03 9.999838e-01 1.306982e+01
9.999970e-01 -1.740842e-03 1.717353e-03 2.235765e+01 1.737202e-03 9.999962e-01 2.119031e-03 -1.194446e+00 -1.721035e-03 -2.116041e-03 9.999963e-01 1.396956e+01
9.999876e-01 2.090644e-03 -4.522855e-03 2.257557e+01 -2.097395e-03 9.999967e-01 -1.488377e-03 -1.224398e+00 4.519728e-03 1.497844e-03 9.999887e-01 1.504473e+01
9.999963e-01 -1.824129e-03 2.036295e-03 2.271225e+01 1.819952e-03 9.999962e-01 2.051376e-03 -1.252044e+00 -2.040029e-03 -2.047662e-03 9.999958e-01 1.602574e+01
9.999842e-01 2.078927e-03 -5.213815e-03 2.294009e+01 -2.085893e-03 9.999969e-01 -1.330882e-03 -1.280204e+00 5.211032e-03 1.341736e-03 9.999855e-01 1.680944e+01
9.999940e-01 -1.831308e-03 2.941575e-03 2.299122e+01 1.825969e-03 9.999967e-01 1.816920e-03 -1.303214e+00 -2.944893e-03 -1.811538e-03 9.999940e-01 1.783555e+01
9.999837e-01 2.049037e-03 -5.335264e-03 2.302744e+01 -2.056051e-03 9.999970e-01 -1.309497e-03 -1.325299e+00 5.332565e-03 1.320444e-03 9.999849e-01 1.879983e+01
9.999959e-01 -1.809196e-03 2.219218e-03 2.312224e+01 1.804969e-03 9.999966e-01 1.905380e-03 -1.345690e+00 -2.222657e-03 -1.901366e-03 9.999957e-01 1.946605e+01
9.999819e-01 1.940703e-03 -5.686888e-03 2.354377e+01 -1.947547e-03 9.999974e-01 -1.198005e-03 -1.369603e+00 5.684548e-03 1.209058e-03 9.999831e-01 1.969414e+01
9.999947e-01 -2.033867e-03 2.538478e-03 2.399440e+01 2.028491e-03 9.999957e-01 2.118724e-03 -1.383585e+00 -2.542776e-03 -2.113563e-03 9.999945e-01 1.953368e+01
9.999806e-01 2.114739e-03 -5.857110e-03 2.441590e+01 -2.122656e-03 9.999968e-01 -1.345820e-03 -1.401397e+00 5.854245e-03 1.358226e-03 9.999819e-01 1.968369e+01
9.999930e-01 -2.492064e-03 2.783975e-03 2.476131e+01 2.486823e-03 9.999951e-01 1.884771e-03 -1.396577e+00 -2.788658e-03 -1.877834e-03 9.999943e-01 1.868242e+01
9.999777e-01 1.817089e-03 -6.430751e-03 2.485140e+01 -1.825938e-03 9.999974e-01 -1.370426e-03 -1.389349e+00 6.428244e-03 1.382137e-03 9.999784e-01 1.733595e+01
9.999962e-01 -2.122057e-03 1.779144e-03 2.478575e+01 2.118665e-03 9.999959e-01 1.906148e-03 -1.391234e+00 -1.783181e-03 -1.902371e-03 9.999966e-01 1.652165e+01
9.999779e-01 1.809448e-03 -6.391880e-03 2.471095e+01 -1.818517e-03 9.999973e-01 -1.413274e-03 -1.391241e+00 6.389305e-03 1.424866e-03 9.999786e-01 1.561321e+01
9.999943e-01 -2.551176e-03 2.213720e-03 2.469093e+01 2.547332e-03 9.999952e-01 1.737904e-03 -1.381224e+00 -2.218143e-03 -1.732254e-03 9.999960e-01 1.394920e+01
9.999776e-01 1.873004e-03 -6.430068e-03 2.472034e+01 -1.879593e-03 9.999977e-01 -1.018806e-03 -1.373965e+00 6.428145e-03 1.030869e-03 9.999788e-01 1.260226e+01
9.999938e-01 -2.427924e-03 2.564470e-03 2.474466e+01 2.424510e-03 9.999962e-01 1.333759e-03 -1.367233e+00 -2.567698e-03 -1.327533e-03 9.999958e-01 1.121710e+01
9.999808e-01 1.417440e-03 -6.035154e-03 2.488190e+01 -1.422070e-03 9.999987e-01 -7.628929e-04 -1.350945e+00 6.034064e-03 7.714600e-04 9.999815e-01 9.339081e+00
9.999970e-01 -1.553086e-03 1.886089e-03 2.519866e+01 1.549892e-03 9.999974e-01 1.694211e-03 -1.354151e+00 -1.888715e-03 -1.691282e-03 9.999968e-01 8.778911e+00
9.999834e-01 1.573986e-03 -5.538975e-03 2.563373e+01 -1.578412e-03 9.999984e-01 -7.948260e-04 -1.365619e+00 5.537715e-03 8.035550e-04 9.999843e-01 8.603497e+00
9.999971e-01 -1.909514e-03 1.491680e-03 2.573435e+01 1.907769e-03 9.999975e-01 1.170640e-03 -1.364902e+00 -1.493911e-03 -1.167790e-03 9.999982e-01 7.611520e+00
9.999842e-01 1.304783e-03 -5.469617e-03 2.580594e+01 -1.307167e-03 9.999991e-01 -4.321654e-04 -1.358824e+00 5.469048e-03 4.393076e-04 9.999849e-01 6.399773e+00
9.999973e-01 -1.497396e-03 1.785517e-03 2.600814e+01 1.495511e-03 9.999983e-01 1.057179e-03 -1.362110e+00 -1.787097e-03 -1.054505e-03 9.999978e-01 5.887817e+00
9.999832e-01 1.666372e-03 -5.543401e-03 2.624173e+01 -1.667944e-03 9.999986e-01 -2.789603e-04 -1.377011e+00 5.542928e-03 2.882011e-04 9.999846e-01 6.037120e+00
9.999971e-01 -1.606173e-03 1.774616e-03 2.625162e+01 1.604652e-03 9.999983e-01 8.579905e-04 -1.389250e+00 -1.775990e-03 -8.551398e-04 9.999981e-01 6.204743e+00
9.999823e-01 1.409973e-03 -5.775997e-03 2.636758e+01 -1.411306e-03 9.999990e-01 -2.265951e-04 -1.393103e+00 5.775671e-03 2.347422e-04 9.999833e-01 5.688601e+00
9.999970e-01 -1.594088e-03 1.834790e-03 2.645164e+01 1.592543e-03 9.999984e-01 8.436295e-04 -1.398441e+00 -1.836132e-03 -8.407044e-04 9.999980e-01 5.239468e+00
