9.999973e-01 9.250956e-04 -2.121661e-03 3.087538e-01 -9.243505e-04 9.999995e-01 3.521533e-04 -3.822619e-02 2.121986e-03 -3.501919e-04 9.999977e-01 1.968941e+00
9.999998e-01 5.482173e-04 1.879751e-05 1.625282e+00 -5.482312e-04 9.999996e-01 7.524846e-04 -9.091410e-02 -1.838464e-05 -7.524941e-04 9.999997e-01 3.656593e+00
9.999953e-01 4.652366e-04 -3.020070e-03 2.415971e+00 -4.647979e-04 9.999999e-01 1.459491e-04 -1.213788e-01 3.020137e-03 -1.445454e-04 9.999954e-01 4.847447e+00
1.000000e+00 5.281231e-05 -5.075191e-05 2.565775e+00 -5.279854e-05 1.000000e+00 2.706643e-04 -1.335001e-01 5.076654e-05 -2.706609e-04 1.000000e+00 5.720393e+00
9.999955e-01 3.636878e-04 -2.993845e-03 2.703832e+00 -3.629097e-04 9.999999e-01 2.604475e-04 -1.524332e-01 2.993939e-03 -2.593605e-04 9.999955e-01 6.554350e+00
9.999999e-01 5.239123e-05 -4.549859e-04 3.112266e+00 -5.220005e-05 9.999999e-01 4.201202e-04 -1.800252e-01 4.550082e-04 -4.200957e-04 9.999998e-01 7.182830e+00
9.999952e-01 3.262388e-04 -3.080279e-03 3.444692e+00 -3.256440e-04 9.999999e-01 1.936266e-04 -2.045410e-01 3.080342e-03 -1.926233e-04 9.999952e-01 7.860475e+00
9.999997e-01 8.798291e-05 -7.366312e-04 3.813370e+00 -8.764878e-05 9.999999e-01 4.535656e-04 -2.350729e-01 7.366713e-04 -4.535002e-04 9.999996e-01 8.647762e+00
9.999988e-01 1.825466e-04 -1.525142e-03 3.834762e+00 -1.825197e-04 1.000000e+00 1.783504e-05 -2.612301e-01 1.525145e-03 -1.755736e-05 9.999988e-01 1.008386e+01
9.999994e-01 6.165393e-05 -1.111812e-03 3.583468e+00 -6.117838e-05 9.999999e-01 4.277272e-04 -2.689759e-01 1.111839e-03 -4.276583e-04 9.999993e-01 1.198035e+01
9.999988e-01 3.332893e-04 -1.510588e-03 3.131252e+00 -3.331408e-04 9.999999e-01 9.860108e-05 -2.633714e-01 1.510620e-03 -9.809844e-05 9.999989e-01 1.407161e+01
9.999971e-01 8.543741e-05 -2.424400e-03 2.942152e+00 -8.424706e-05 9.999999e-01 4.910739e-04 -2.665495e-01 2.424442e-03 -4.908675e-04 9.999969e-01 1.552240e+01
9.999975e-01 4.702486e-04 -2.179467e-03 3.370492e+00 -4.692931e-04 9.999998e-01 4.389409e-04 -2.900634e-01 2.179672e-03 -4.379178e-04 9.999975e-01 1.667852e+01
9.999983e-01 2.329810e-04 -1.850760e-03 3.943881e+00 -2.319554e-04 9.999998e-01 5.543355e-04 -3.159351e-01 1.850890e-03 -5.539046e-04 9.999981e-01 1.770889e+01
9.999997e-01 4.608016e-04 -6.576828e-04 4.167721e+00 -4.609288e-04 9.999999e-01 -1.932150e-04 -3.519482e-01 6.575933e-04 1.935173e-04 9.999998e-01 1.934982e+01
9.999987e-01 9.740797e-05 -1.628173e-03 4.095541e+00 -9.637166e-05 9.999998e-01 6.365337e-04 -3.761177e-01 1.628235e-03 -6.363753e-04 9.999985e-01 2.146533e+01
9.999997e-01 5.286247e-04 -5.982937e-04 4.372803e+00 -5.287283e-04 9.999998e-01 -1.729103e-04 -4.169479e-01 5.982019e-04 1.732259e-04 9.999998e-01 2.313759e+01
9.999980e-01 -5.541608e-05 -2.023082e-03 4.561966e+00 5.659187e-05 9.999998e-01 5.811153e-04 -4.462651e-01 2.023050e-03 -5.812279e-04 9.999978e-01 2.431350e+01
9.999993e-01 5.783765e-04 -1.020225e-03 4.887284e+00 -5.784196e-04 9.999998e-01 -4.194578e-05 -4.750443e-01 1.020200e-03 4.253516e-05 9.999995e-01 2.529932e+01
9.999990e-01 -3.076631e-06 -1.434781e-03 5.010847e+00 3.661376e-06 9.999999e-01 4.075177e-04 -4.984659e-01 1.434780e-03 -4.075219e-04 9.999989e-01 2.661829e+01
9.999995e-01 5.397283e-04 -8.255950e-04 5.075807e+00 -5.397473e-04 9.999999e-01 -2.272303e-05 -5.248250e-01 8.255823e-04 2.316792e-05 9.999997e-01 2.829150e+01
1.000000e+00 1.431283e-04 2.769107e-04 5.213842e+00 -1.431908e-04 1.000000e+00 2.257747e-04 -5.686614e-01 -2.768781e-04 -2.258136e-04 9.999999e-01 3.084751e+01
9.999988e-01 5.695306e-04 -1.431837e-03 5.177639e+00 -5.693784e-04 9.999998e-01 1.067584e-04 -6.002418e-01 1.431897e-03 -1.059438e-04 9.999990e-01 3.358331e+01
9.999999e-01 3.429574e-04 -1.577848e-04 5.392580e+00 -3.429149e-04 9.999999e-01 2.691574e-04 -6.417001e-01 1.578775e-04 -2.691026e-04 1.000000e+00 3.596771e+01
9.999997e-01 2.808254e-04 -6.773615e-04 5.516187e+00 -2.807960e-04 1.000000e+00 4.364761e-05 -6.852841e-01 6.773734e-04 -4.345811e-05 9.999998e-01 3.845496e+01
9.999994e-01 4.528323e-04 -9.702301e-04 5.558353e+00 -4.525731e-04 9.999999e-01 2.672503e-04 -7.174465e-01 9.703513e-04 -2.668103e-04 9.999995e-01 4.086118e+01
9.999999e-01 3.441504e-04 -3.913664e-04 5.644892e+00 -3.440983e-04 9.999999e-01 1.332210e-04 -7.497635e-01 3.914119e-04 -1.330870e-04 9.999999e-01 4.307887e+01
9.999996e-01 4.633227e-04 -7.931710e-04 5.963189e+00 -4.631466e-04 9.999999e-01 2.221307e-04 -7.921237e-01 7.932742e-04 -2.217626e-04 9.999997e-01 4.492544e+01
9.999996e-01 4.318332e-04 -7.792578e-04 6.335413e+00 -4.317127e-04 9.999999e-01 1.548560e-04 -8.393382e-01 7.793243e-04 -1.545202e-04 9.999997e-01 4.689961e+01
9.999998e-01 2.446660e-04 -6.356200e-04 6.539036e+00 -2.444922e-04 9.999999e-01 2.734499e-04 -8.781822e-01 6.356872e-04 -2.732937e-04 9.999998e-01 4.883734e+01
9.999992e-01 2.479659e-04 -1.274901e-03 6.631586e+00 -2.478100e-04 1.000000e+00 1.224890e-04 -9.059158e-01 1.274931e-03 -1.221737e-04 9.999992e-01 5.030177e+01
9.999999e-01 3.497047e-04 -4.139091e-04 6.919807e+00 -3.495956e-04 9.999999e-01 2.635047e-04 -9.498274e-01 4.140016e-04 -2.633592e-04 9.999999e-01 5.194164e+01
9.999992e-01 1.634666e-04 -1.215152e-03 7.066499e+00 -1.632821e-04 1.000000e+00 1.519127e-04 -9.835711e-01 1.215177e-03 -1.517149e-04 9.999993e-01 5.347807e+01
9.999988e-01 1.215352e-04 -1.568218e-03 6.906779e+00 -1.209893e-04 9.999999e-01 3.481407e-04 -9.910530e-01 1.568260e-03 -3.479498e-04 9.999987e-01 5.476482e+01
9.999985e-01 1.582568e-04 -1.702795e-03 6.830846e+00 -1.577489e-04 9.999999e-01 2.984418e-04 -1.000696e+00 1.702842e-03 -2.981735e-04 9.999985e-01 5.568924e+01
9.999981e-01 4.820044e-05 -1.970480e-03 6.856501e+00 -4.754563e-05 9.999999e-01 3.323312e-04 -1.012636e+00 1.970496e-03 -3.322361e-04 9.999980e-01 5.623395e+01
9.999985e-01 2.072628e-04 -1.746404e-03 6.820207e+00 -2.068017e-04 9.999999e-01 2.642086e-04 -1.022915e+00 1.746458e-03 -2.638478e-04 9.999984e-01 5.700166e+01
9.999966e-01 7.249950e-05 -2.606912e-03 6.693022e+00 -7.127864e-05 9.999999e-01 4.683822e-04 -1.022522e+00 2.606946e-03 -4.681941e-04 9.999965e-01 5.769168e+01
9.999988e-01 2.469700e-04 -1.547300e-03 6.477051e+00 -2.467200e-04 1.000000e+00 1.618257e-04 -1.021380e+00 1.547340e-03 -1.614444e-04 9.999988e-01 5.839436e+01
9.999947e-01 -1.474521e-04 -3.252029e-03 6.300920e+00 1.491525e-04 9.999999e-01 5.226232e-04 -1.024959e+00 3.251952e-03 -5.231047e-04 9.999946e-01 5.855553e+01
9.999992e-01 3.239548e-04 -1.250166e-03 6.151972e+00 -3.238245e-04 9.999999e-01 1.045254e-04 -1.032034e+00 1.250200e-03 -1.041212e-04 9.999992e-01 5.891611e+01
9.999928e-01 -2.770753e-04 -3.785353e-03 5.961280e+00 2.790682e-04 9.999998e-01 5.259461e-04 -1.033373e+00 3.785207e-03 -5.269980e-04 9.999927e-01 5.889268e+01
9.999999e-01 5.017144e-04 1.902483e-04 6.209556e+00 -5.017513e-04 9.999999e-01 1.938017e-04 -1.048568e+00 -1.901513e-04 -1.938978e-04 1.000000e+00 5.912583e+01
9.999927e-01 -3.368062e-04 -3.811144e-03 6.411524e+00 3.386649e-04 9.999998e-01 4.870473e-04 -1.064265e+00 3.810980e-03 -4.883337e-04 9.999926e-01 5.942046e+01
9.999995e-01 4.088708e-04 -8.595456e-04 6.316692e+00 -4.087346e-04 9.999999e-01 1.587384e-04 -1.066246e+00 8.596101e-04 -1.583877e-04 9.999996e-01 5.935424e+01
9.999932e-01 -3.431686e-04 -3.678044e-03 6.302915e+00 3.451407e-04 9.999998e-01 5.355293e-04 -1.068979e+00 3.677860e-03 -5.367944e-04 9.999931e-01 5.925368e+01
9.999985e-01 4.819183e-04 -1.666325e-03 6.067801e+00 -4.816618e-04 9.999999e-01 1.543271e-04 -1.066644e+00 1.666398e-03 -1.535250e-04 9.999986e-01 5.939923e+01
9.999965e-01 -1.782534e-04 -2.639301e-03 5.943375e+00 1.795872e-04 9.999999e-01 5.051028e-04 -1.066675e+00 2.639211e-03 -5.055743e-04 9.999964e-01 5.989896e+01
9.999998e-01 4.281997e-04 -4.799090e-04 6.012610e+00 -4.281850e-04 9.999999e-01 3.086256e-05 -1.086420e+00 4.799219e-04 -3.065778e-05 9.999999e-01 6.056250e+01
9.999970e-01 -2.025294e-04 -2.442785e-03 6.062440e+00 2.038022e-04 9.999998e-01 5.207615e-04 -1.106937e+00 2.442680e-03 -5.212571e-04 9.999969e-01 6.129594e+01
9.999972e-01 3.501015e-04 -2.343537e-03 5.985738e+00 -3.496910e-04 9.999999e-01 1.755775e-04 -1.110183e+00 2.343598e-03 -1.747582e-04 9.999972e-01 6.128161e+01
9.999990e-01 -3.525013e-04 -1.358741e-03 6.213004e+00 3.532301e-04 9.999998e-01 5.361524e-04 -1.115927e+00 1.358552e-03 -5.366311e-04 9.999989e-01 6.104005e+01
9.999974e-01 5.129347e-04 -2.242118e-03 6.235744e+00 -5.128306e-04 9.999999e-01 4.702582e-05 -1.128094e+00 2.242142e-03 -4.587659e-05 9.999975e-01 6.131478e+01
9.999985e-01 -7.340139e-04 -1.586254e-03 6.363844e+00 7.348675e-04 9.999996e-01 5.375987e-04 -1.129955e+00 1.585860e-03 -5.387629e-04 9.999986e-01 6.072758e+01
9.999985e-01 6.275238e-04 -1.643205e-03 6.514896e+00 -6.274338e-04 9.999998e-01 5.530130e-05 -1.139156e+00 1.643239e-03 -5.427093e-05 9.999986e-01 6.056779e+01
9.999983e-01 -2.626899e-04 -1.799563e-03 6.960631e+00 2.639178e-04 9.999997e-01 6.820875e-04 -1.169783e+00 1.799384e-03 -6.825606e-04 9.999981e-01 6.111763e+01
9.999991e-01 5.993366e-04 -1.206652e-03 7.429288e+00 -5.992067e-04 9.999998e-01 1.080242e-04 -1.203232e+00 1.206716e-03 -1.073018e-04 9.999993e-01 6.178377e+01
9.999986e-01 -3.857968e-04 -1.617803e-03 7.461382e+00 3.864769e-04 9.999998e-01 4.200205e-04 -1.222519e+00 1.617641e-03 -4.206445e-04 9.999986e-01 6.256658e+01
9.999957e-01 4.541706e-04 -2.912828e-03 7.415547e+00 -4.535962e-04 9.999999e-01 1.978823e-04 -1.229040e+00 2.912918e-03 -1.965609e-04 9.999957e-01 6.251810e+01
9.999997e-01 -3.584551e-04 -6.234782e-04 7.842186e+00 3.589128e-04 9.999997e-01 7.339973e-04 -1.247462e+00 6.232152e-04 -7.342202e-04 9.999995e-01 6.254159e+01
9.999962e-01 6.711358e-04 -2.691474e-03 8.092870e+00 -6.713167e-04 9.999998e-01 -6.625863e-05 -1.269834e+00 2.691429e-03 6.806449e-05 9.999964e-01 6.317187e+01
9.999992e-01 -5.481774e-04 -1.153226e-03 8.053418e+00 5.489663e-04 9.999996e-01 6.838053e-04 -1.279615e+00 1.152851e-03 -6.844371e-04 9.999991e-01 6.354135e+01
9.999970e-01 5.365840e-04 -2.393680e-03 8.148647e+00 -5.369698e-04 9.999998e-01 -1.605187e-04 -1.293368e+00 2.393593e-03 1.618028e-04 9.999971e-01 6.355112e+01
9.999997e-01 -4.920425e-04 -5.211955e-04 8.566494e+00 4.925067e-04 9.999995e-01 8.907402e-04 -1.314494e+00 5.207573e-04 -8.909959e-04 9.999995e-01 6.376778e+01
9.999970e-01 6.407247e-04 -2.344532e-03 8.823606e+00 -6.411543e-04 9.999998e-01 -1.824447e-04 -1.339842e+00 2.344414e-03 1.839466e-04 9.999972e-01 6.436678e+01
9.999989e-01 -4.515485e-04 -1.389422e-03 8.725023e+00 4.525571e-04 9.999996e-01 7.255755e-04 -1.346789e+00 1.389094e-03 -7.262028e-04 9.999988e-01 6.477307e+01
9.999981e-01 6.996989e-04 -1.817944e-03 8.828108e+00 -7.000715e-04 9.999997e-01 -2.042616e-04 -1.365731e+00 1.817800e-03 2.055332e-04 9.999983e-01 6.541177e+01
9.999989e-01 -5.249279e-04 -1.355383e-03 8.860251e+00 5.259036e-04 9.999996e-01 7.195503e-04 -1.383586e+00 1.355005e-03 -7.202616e-04 9.999988e-01 6.608013e+01
9.999977e-01 6.767939e-04 -2.059265e-03 8.837657e+00 -6.771728e-04 9.999998e-01 -1.832853e-04 -1.396536e+00 2.059141e-03 1.846787e-04 9.999979e-01 6.670094e+01
9.999972e-01 -5.115405e-04 -2.296048e-03 8.645014e+00 5.133147e-04 9.999996e-01 7.721700e-04 -1.400772e+00 2.295653e-03 -7.733457e-04 9.999971e-01 6.705034e+01
9.999982e-01 6.509535e-04 -1.809998e-03 8.488629e+00 -6.513683e-04 9.999998e-01 -2.285661e-04 -1.405577e+00 1.809848e-03 2.297439e-04 9.999983e-01 6.734953e+01
9.999986e-01 -4.803307e-04 -1.616205e-03 8.507533e+00 4.815919e-04 9.999996e-01 7.799884e-04 -1.421684e+00 1.615830e-03 -7.807649e-04 9.999984e-01 6.798121e+01
9.999987e-01 6.882733e-04 -1.468109e-03 8.618453e+00 -6.886254e-04 9.999997e-01 -2.392590e-04 -1.444887e+00 1.467944e-03 2.402690e-04 9.999989e-01 6.865894e+01
9.999982e-01 -5.420690e-04 -1.816792e-03 8.722695e+00 5.435348e-04 9.999995e-01 8.063614e-04 -1.466435e+00 1.816354e-03 -8.073467e-04 9.999980e-01 6.930012e+01
9.999981e-01 6.766687e-04 -1.828489e-03 8.795606e+00 -6.769949e-04 9.999998e-01 -1.777170e-04 -1.486817e+00 1.828368e-03 1.789538e-04 9.999983e-01 6.991008e+01
9.999992e-01 -3.926551e-04 -1.166748e-03 8.869425e+00 3.933472e-04 9.999997e-01 5.929010e-04 -1.510501e+00 1.166515e-03 -5.933588e-04 9.999991e-01 7.095133e+01
9.999990e-01 7.258795e-04 -1.192597e-03 8.978762e+00 -7.260935e-04 9.999997e-01 -1.789603e-04 -1.539627e+00 1.192466e-03 1.798253e-04 9.999993e-01 7.213956e+01
9.999986e-01 -4.450205e-04 -1.596651e-03 9.129516e+00 4.460680e-04 9.999997e-01 6.557368e-04 -1.570908e+00 1.596359e-03 -6.564474e-04 9.999985e-01 7.320030e+01
9.999984e-01 7.100658e-04 -1.621021e-03 9.231229e+00 -7.101292e-04 9.999997e-01 -3.852113e-05 -1.590385e+00 1.620993e-03 3.967150e-05 9.999987e-01 7.390230e+01
9.999979e-01 -5.828654e-04 -1.975232e-03 9.259745e+00 5.841320e-04 9.999996e-01 6.406931e-04 -1.602894e+00 1.974858e-03 -6.418448e-04 9.999978e-01 7.420355e+01
9.999990e-01 7.882423e-04 -1.162147e-03 9.196850e+00 -7.884016e-04 9.999997e-01 -1.365550e-04 -1.613237e+00 1.162039e-03 1.374704e-04 9.999993e-01 7.490156e+01
9.999990e-01 -4.927656e-04 -1.358779e-03 9.197790e+00 4.936508e-04 9.999997e-01 6.511705e-04 -1.630367e+00 1.358458e-03 -6.518398e-04 9.999989e-01 7.585027e+01
9.999976e-01 8.159179e-04 -2.054456e-03 9.387226e+00 -8.160393e-04 9.999997e-01 -5.819998e-05 -1.652097e+00 2.054408e-03 5.987564e-05 9.999979e-01 7.641922e+01
9.999990e-01 -6.057216e-04 -1.275496e-03 9.494669e+00 6.065626e-04 9.999996e-01 6.589494e-04 -1.670712e+00 1.275097e-03 -6.597217e-04 9.999990e-01 7.695400e+01
9.999986e-01 8.868305e-04 -1.404979e-03 9.596346e+00 -8.871505e-04 9.999996e-01 -2.271130e-04 -1.692952e+00 1.404777e-03 2.283584e-04 9.999990e-01 7.785561e+01
9.999996e-01 -5.446316e-05 -8.977814e-04 1.017471e+01 5.507212e-05 9.999998e-01 6.781546e-04 -1.749211e+00 8.977446e-04 -6.782030e-04 9.999994e-01 7.970900e+01
9.999988e-01 7.145364e-04 1.356375e-03 1.019144e+01 -7.137899e-04 9.999996e-01 -5.508184e-04 -1.799437e+00 -1.356768e-03 5.498489e-04 9.999989e-01 8.307272e+01
9.999998e-01 -7.827460e-05 -6.627428e-04 1.004769e+01 7.866614e-05 9.999998e-01 5.906107e-04 -1.838431e+00 6.626968e-04 -5.906620e-04 9.999996e-01 8.647069e+01
9.999995e-01 6.513596e-04 7.379280e-04 1.002619e+01 -6.510110e-04 9.999997e-01 -4.727202e-04 -1.882804e+00 -7.382360e-04 4.722388e-04 9.999996e-01 8.951486e+01
9.999999e-01 2.368889e-04 2.877596e-04 1.036153e+01 -2.370228e-04 9.999999e-01 4.657701e-04 -1.956750e+00 -2.876489e-04 -4.658376e-04 9.999999e-01 9.291751e+01
9.999997e-01 7.102455e-04 4.339135e-04 1.082017e+01 -7.101405e-04 9.999997e-01 -2.421829e-04 -2.036142e+00 -4.340857e-04 2.418740e-04 9.999999e-01 9.607455e+01
1.000000e+00 6.936742e-05 -1.917635e-04 1.120249e+01 -6.933014e-05 1.000000e+00 1.938055e-04 -2.106531e+00 1.917773e-04 -1.937914e-04 1.000000e+00 9.909184e+01
9.999997e-01 4.075230e-04 5.875668e-04 1.125326e+01 -4.074930e-04 9.999999e-01 -5.143304e-05 -2.158259e+00 -5.875881e-04 5.119289e-05 9.999998e-01 1.019496e+02
9.999970e-01 1.591167e-04 -2.462858e-03 1.150908e+01 -1.580386e-04 9.999999e-01 4.378880e-04 -2.199873e+00 2.462927e-03 -4.374967e-04 9.999969e-01 1.034501e+02
9.999986e-01 4.542622e-04 -1.610145e-03 1.223822e+01 -4.533985e-04 9.999998e-01 5.368309e-04 -2.236385e+00 1.610388e-03 -5.361008e-04 9.999986e-01 1.041161e+02
9.999972e-01 -1.500038e-04 -2.341903e-03 1.284006e+01 1.509536e-04 9.999999e-01 4.053232e-04 -2.254615e+00 2.341842e-03 -4.056749e-04 9.999972e-01 1.041983e+02
9.999991e-01 3.991846e-04 -1.275184e-03 1.348843e+01 -3.985188e-04 9.999998e-01 5.224109e-04 -2.269801e+00 1.275392e-03 -5.219029e-04 9.999991e-01 1.041695e+02
9.999968e-01 2.091145e-05 -2.541236e-03 1.388608e+01 -2.029961e-05 1.000000e+00 2.407427e-04 -2.293053e+00 2.541241e-03 -2.406897e-04 9.999967e-01 1.046968e+02
9.999991e-01 4.750925e-04 -1.239370e-03 1.435776e+01 -4.743679e-04 9.999997e-01 5.849532e-04 -2.320817e+00 1.239647e-03 -5.843654e-04 9.999991e-01 1.053001e+02
9.999976e-01 5.792972e-06 -2.187363e-03 1.539867e+01 -4.651869e-06 9.999999e-01 5.216304e-04 -2.341522e+00 2.187366e-03 -5.216182e-04 9.999975e-01 1.053132e+02
9.999987e-01 4.373720e-04 -1.521495e-03 1.639609e+01 -4.366052e-04 9.999998e-01 5.043574e-04 -2.357588e+00 1.521715e-03 -5.036932e-04 9.999987e-01 1.051571e+02
9.999970e-01 -1.916273e-04 -2.437310e-03 1.700614e+01 1.927600e-04 9.999999e-01 4.644480e-04 -2.369013e+00 2.437221e-03 -4.649157e-04 9.999969e-01 1.050073e+02
9.999994e-01 4.236120e-04 -1.000597e-03 1.753746e+01 -4.232428e-04 9.999998e-01 3.692298e-04 -2.383696e+00 1.000753e-03 -3.688068e-04 9.999994e-01 1.049962e+02
9.999965e-01 -9.190011e-06 -2.659811e-03 1.810271e+01 1.067228e-05 9.999998e-01 5.572245e-04 -2.407724e+00 2.659806e-03 -5.572502e-04 9.999963e-01 1.053181e+02
9.999994e-01 3.262102e-04 -1.067120e-03 1.863706e+01 -3.258969e-04 9.999999e-01 2.939171e-04 -2.427699e+00 1.067215e-03 -2.935699e-04 9.999994e-01 1.054494e+02
9.999966e-01 2.063150e-06 -2.590538e-03 1.893220e+01 -9.799601e-07 9.999999e-01 4.180863e-04 -2.453953e+00 2.590539e-03 -4.180816e-04 9.999966e-01 1.059220e+02
9.999990e-01 4.331094e-04 -1.324720e-03 1.933087e+01 -4.325860e-04 9.999998e-01 3.954388e-04 -2.480978e+00 1.324891e-03 -3.948661e-04 9.999990e-01 1.063591e+02
9.999967e-01 -6.122917e-06 -2.571030e-03 2.012650e+01 7.610337e-06 9.999998e-01 5.784718e-04 -2.498690e+00 2.571026e-03 -5.784888e-04 9.999965e-01 1.062684e+02
9.999990e-01 5.069382e-04 -1.323627e-03 2.094844e+01 -5.064358e-04 9.999998e-01 3.799687e-04 -2.520466e+00 1.323819e-03 -3.792986e-04 9.999991e-01 1.062630e+02
9.999967e-01 -1.707184e-04 -2.581990e-03 2.175235e+01 1.720364e-04 9.999999e-01 5.102109e-04 -2.538783e+00 2.581903e-03 -5.106527e-04 9.999965e-01 1.061202e+02
9.999995e-01 2.343351e-04 -9.749821e-04 2.236689e+01 -2.340471e-04 9.999999e-01 2.956221e-04 -2.539295e+00 9.750510e-04 -2.953944e-04 9.999995e-01 1.055922e+02
9.999968e-01 -5.525995e-05 -2.533476e-03 2.298090e+01 5.658786e-05 9.999999e-01 5.240229e-04 -2.542055e+00 2.533447e-03 -5.241639e-04 9.999967e-01 1.051402e+02
9.999997e-01 2.946914e-04 -6.800674e-04 2.366235e+01 -2.945441e-04 9.999999e-01 2.169580e-04 -2.550040e+00 6.801310e-04 -2.167583e-04 9.999997e-01 1.048068e+02
9.999961e-01 -6.480446e-05 -2.784796e-03 2.441670e+01 6.653753e-05 9.999998e-01 6.221944e-04 -2.558478e+00 2.784755e-03 -6.223766e-04 9.999959e-01 1.044670e+02
9.999998e-01 3.987073e-04 -4.157282e-04 2.545227e+01 -3.986333e-04 9.999999e-01 1.783611e-04 -2.567522e+00 4.157989e-04 -1.781961e-04 9.999999e-01 1.040288e+02
9.999966e-01 -7.741518e-04 -2.479654e-03 2.595026e+01 7.749383e-04 9.999996e-01 3.161674e-04 -2.559588e+00 2.479409e-03 -3.180872e-04 9.999969e-01 1.030320e+02
9.999995e-01 2.274190e-04 -9.664927e-04 2.610736e+01 -2.272994e-04 1.000000e+00 1.240271e-04 -2.554978e+00 9.665206e-04 -1.238080e-04 9.999995e-01 1.019617e+02
9.999976e-01 -2.736829e-04 -2.168704e-03 2.672918e+01 2.748178e-04 9.999998e-01 5.229500e-04 -2.556883e+00 2.168560e-03 -5.235440e-04 9.999975e-01 1.013536e+02
9.999994e-01 3.279269e-04 -1.082275e-03 2.743528e+01 -3.277082e-04 9.999999e-01 2.023222e-04 -2.558722e+00 1.082341e-03 -2.019681e-04 9.999994e-01 1.007992e+02
9.999979e-01 -6.004399e-04 -1.952463e-03 2.790524e+01 6.011244e-04 9.999998e-01 3.499224e-04 -2.552611e+00 1.952253e-03 -3.510947e-04 9.999980e-01 9.988317e+01
9.999996e-01 2.954360e-04 -8.550372e-04 2.848988e+01 -2.952315e-04 9.999999e-01 2.394600e-04 -2.543528e+00 8.551076e-04 -2.392082e-04 9.999996e-01 9.883648e+01
9.999981e-01 -1.411051e-05 -1.926450e-03 2.955854e+01 1.514579e-05 9.999999e-01 5.373193e-04 -2.544920e+00 1.926443e-03 -5.373467e-04 9.999980e-01 9.821845e+01
9.999997e-01 1.484195e-04 -8.082360e-04 3.057786e+01 -1.482897e-04 1.000000e+00 1.608739e-04 -2.544083e+00 8.082595e-04 -1.607547e-04 9.999997e-01 9.755434e+01
9.999989e-01 3.928856e-04 -1.460584e-03 3.186407e+01 -3.917072e-04 9.999996e-01 8.068902e-04 -2.593228e+00 1.460900e-03 -8.063165e-04 9.999986e-01 9.808285e+01
9.999998e-01 -1.803614e-04 -6.339158e-04 3.301175e+01 1.805837e-04 9.999999e-01 3.507743e-04 -2.637783e+00 6.338522e-04 -3.508894e-04 9.999997e-01 9.847612e+01
9.999980e-01 -2.937422e-04 -1.980227e-03 3.340651e+01 2.939330e-04 1.000000e+00 9.597261e-05 -2.629764e+00 1.980199e-03 -9.655377e-05 9.999980e-01 9.736100e+01
9.999999e-01 1.219629e-04 -5.079159e-04 3.413066e+01 -1.216762e-04 9.999998e-01 5.647885e-04 -2.626146e+00 5.079844e-04 -5.647273e-04 9.999997e-01 9.651717e+01
9.999983e-01 -4.250643e-04 -1.808033e-03 3.485513e+01 4.251058e-04 9.999999e-01 2.247052e-05 -2.618843e+00 1.808024e-03 -2.323839e-05 9.999984e-01 9.553217e+01
9.999985e-01 9.515534e-04 -1.476274e-03 3.628390e+01 -9.499013e-04 9.999989e-01 1.119472e-03 -2.633943e+00 1.477338e-03 -1.118069e-03 9.999983e-01 9.510692e+01
9.999991e-01 -6.460991e-04 -1.206336e-03 3.755617e+01 6.457950e-04 9.999998e-01 -2.525945e-04 -2.644842e+00 1.206499e-03 2.518159e-04 9.999992e-01 9.459751e+01
9.999991e-01 6.842506e-04 -1.148106e-03 3.853543e+01 -6.830722e-04 9.999992e-01 1.026548e-03 -2.646792e+00 1.148807e-03 -1.025763e-03 9.999988e-01 9.394653e+01
9.999978e-01 -1.133176e-03 -1.753856e-03 3.893259e+01 1.132136e-03 9.999992e-01 -5.942106e-04 -2.640064e+00 1.754528e-03 5.922244e-04 9.999983e-01 9.293880e+01
9.999989e-01 9.093837e-04 -1.150407e-03 3.953602e+01 -9.079025e-04 9.999988e-01 1.287511e-03 -2.633879e+00 1.151576e-03 -1.286466e-03 9.999985e-01 9.207528e+01
9.999983e-01 -6.544044e-04 -1.711144e-03 4.059374e+01 6.534587e-04 9.999996e-01 -5.532876e-04 -2.631792e+00 1.711506e-03 5.521693e-04 9.999984e-01 9.140397e+01
9.999992e-01 8.409304e-04 -9.032519e-04 4.154682e+01 -8.398245e-04 9.999989e-01 1.224223e-03 -2.635579e+00 9.042801e-04 -1.223464e-03 9.999988e-01 9.082090e+01
9.999983e-01 -6.464515e-04 -1.713484e-03 4.253652e+01 6.454967e-04 9.999996e-01 -5.578138e-04 -2.641579e+00 1.713844e-03 5.567075e-04 9.999984e-01 9.027498e+01
9.999996e-01 2.795219e-04 -7.914434e-04 4.311297e+01 -2.787106e-04 9.999994e-01 1.025175e-03 -2.638512e+00 7.917292e-04 -1.024954e-03 9.999992e-01 8.943596e+01
9.999978e-01 -8.015179e-04 -1.926727e-03 4.342164e+01 8.003226e-04 9.999995e-01 -6.211385e-04 -2.632424e+00 1.927224e-03 6.195959e-04 9.999980e-01 8.841925e+01
9.999995e-01 5.345800e-04 -8.388443e-04 4.388618e+01 -5.336073e-04 9.999992e-01 1.159493e-03 -2.632140e+00 8.394631e-04 -1.159045e-03 9.999990e-01 8.773332e+01
9.999972e-01 -4.401279e-04 -2.343708e-03 4.467232e+01 4.395408e-04 9.999999e-01 -2.510915e-04 -2.638422e+00 2.343819e-03 2.500613e-04 9.999972e-01 8.735127e+01
9.999992e-01 4.686805e-04 -1.176358e-03 4.531640e+01 -4.674703e-04 9.999994e-01 1.028892e-03 -2.644530e+00 1.176839e-03 -1.028342e-03 9.999988e-01 8.690991e+01
9.999955e-01 -7.977961e-04 -2.887707e-03 4.547354e+01 7.965946e-04 9.999996e-01 -4.172486e-04 -2.645277e+00 2.888039e-03 4.149471e-04 9.999957e-01 8.614236e+01
9.999990e-01 9.684396e-04 -9.833480e-04 4.520563e+01 -9.674949e-04 9.999991e-01 9.608599e-04 -2.635243e+00 9.842773e-04 -9.599083e-04 9.999991e-01 8.678439e+01
9.999913e-01 -7.373494e-04 -4.096295e-03 4.492942e+01 7.357832e-04 9.999997e-01 -3.838619e-04 -2.624446e+00 4.096577e-03 3.808453e-04 9.999915e-01 8.703353e+01
9.999992e-01 1.044329e-03 7.179836e-04 4.590060e+01 -1.045279e-03 9.999986e-01 1.324356e-03 -2.623257e+00 -7.165998e-04 -1.325106e-03 9.999989e-01 8.643163e+01
9.999925e-01 -1.457844e-03 -3.589034e-03 4.637277e+01 1.454756e-03 9.999986e-01 -8.630339e-04 -2.615100e+00 3.590287e-03 8.578069e-04 9.999932e-01 8.535730e+01
9.999990e-01 7.194167e-04 1.203760e-03 4.674317e+01 -7.208247e-04 9.999991e-01 1.169543e-03 -2.603640e+00 -1.202918e-03 -1.170410e-03 9.999986e-01 8.399733e+01
9.999936e-01 -1.032946e-03 -3.419860e-03 4.736197e+01 1.031352e-03 9.999994e-01 -4.678697e-04 -2.606219e+00 3.420341e-03 4.643404e-04 9.999940e-01 8.326069e+01
9.999999e-01 5.364785e-04 -8.840510e-05 4.752485e+01 -5.364005e-04 9.999995e-01 8.819088e-04 -2.604399e+00 8.887787e-05 -8.818620e-04 9.999996e-01 8.230902e+01
9.999931e-01 -1.239345e-03 -3.491992e-03 4.762800e+01 1.237460e-03 9.999991e-01 -5.419050e-04 -2.596826e+00 3.492661e-03 5.375808e-04 9.999938e-01 8.092250e+01
9.999998e-01 6.602624e-04 1.258375e-04 4.787538e+01 -6.603920e-04 9.999993e-01 1.031220e-03 -2.589888e+00 -1.251568e-04 -1.031303e-03 9.999995e-01 7.973252e+01
9.999896e-01 -1.315196e-03 -4.373241e-03 4.786870e+01 1.312317e-03 9.999989e-01 -6.612427e-04 -2.583444e+00 4.374106e-03 6.554974e-04 9.999902e-01 7.834969e+01
9.999989e-01 6.135341e-04 1.350832e-03 4.810804e+01 -6.149456e-04 9.999993e-01 1.044597e-03 -2.574268e+00 -1.350191e-03 -1.045427e-03 9.999985e-01 7.697647e+01
9.999914e-01 -1.174803e-03 -3.968602e-03 4.851074e+01 1.172434e-03 9.999991e-01 -5.992576e-04 -2.564541e+00 3.969302e-03 5.946002e-04 9.999919e-01 7.574212e+01
9.999991e-01 5.851757e-04 1.210091e-03 4.890384e+01 -5.863737e-04 9.999993e-01 9.896916e-04 -2.555267e+00 -1.209511e-03 -9.904010e-04 9.999988e-01 7.453835e+01
9.999869e-01 -1.343982e-03 -4.946716e-03 4.896603e+01 1.340808e-03 9.999989e-01 -6.448020e-04 -2.546733e+00 4.947578e-03 6.381617e-04 9.999876e-01 7.304947e+01
9.999985e-01 7.500030e-04 1.580026e-03 4.917137e+01 -7.517434e-04 9.999991e-01 1.101032e-03 -2.540244e+00 -1.579199e-03 -1.102219e-03 9.999981e-01 7.183856e+01
9.999846e-01 -1.232998e-03 -5.417093e-03 4.927379e+01 1.229442e-03 9.999990e-01 -6.596865e-04 -2.538218e+00 5.417902e-03 6.530170e-04 9.999851e-01 7.086330e+01
9.999982e-01 8.536262e-04 1.709737e-03 4.934886e+01 -8.555140e-04 9.999990e-01 1.103610e-03 -2.537714e+00 -1.708793e-03 -1.105072e-03 9.999979e-01 6.995345e+01
9.999808e-01 -1.495831e-03 -6.008081e-03 4.931143e+01 1.491069e-03 9.999986e-01 -7.970653e-04 -2.533208e+00 6.009265e-03 7.880923e-04 9.999816e-01 6.863799e+01
9.999978e-01 5.010920e-04 2.018838e-03 4.925764e+01 -5.030548e-04 9.999994e-01 9.717501e-04 -2.519423e+00 -2.018350e-03 -9.727643e-04 9.999975e-01 6.666972e+01
9.999852e-01 -1.488691e-03 -5.228764e-03 4.936451e+01 1.484652e-03 9.999986e-01 -7.762534e-04 -2.504951e+00 5.229913e-03 7.684797e-04 9.999860e-01 6.482136e+01
9.999981e-01 7.107715e-04 1.795672e-03 4.945110e+01 -7.127516e-04 9.999991e-01 1.102223e-03 -2.495414e+00 -1.794887e-03 -1.103501e-03 9.999978e-01 6.334702e+01
9.999922e-01 -3.702863e-04 -3.932216e-03 5.058835e+01 3.697533e-04 9.999999e-01 -1.363119e-04 -2.530317e+00 3.932267e-03 1.348576e-04 9.999923e-01 6.368269e+01
9.999976e-01 2.773919e-04 2.191778e-03 5.137042e+01 -2.801007e-04 9.999992e-01 1.235612e-03 -2.552107e+00 -2.191434e-03 -1.236224e-03 9.999968e-01 6.374487e+01
9.999872e-01 9.192355e-05 -5.064340e-03 5.158556e+01 -9.638175e-05 9.999996e-01 -8.801111e-04 -2.586076e+00 5.064258e-03 8.805886e-04 9.999868e-01 6.475950e+01
9.999959e-01 3.134171e-04 2.852316e-03 5.189554e+01 -3.176940e-04 9.999988e-01 1.499052e-03 -2.630911e+00 -2.851843e-03 -1.499952e-03 9.999948e-01 6.592023e+01
9.999725e-01 -7.908496e-04 -7.379999e-03 5.185933e+01 7.828920e-04 9.999991e-01 -1.081117e-03 -2.628590e+00 7.380847e-03 1.075310e-03 9.999722e-01 6.487582e+01
9.999985e-01 1.005552e-04 1.736426e-03 5.158134e+01 -1.031178e-04 9.999989e-01 1.475680e-03 -2.620610e+00 -1.736276e-03 -1.475857e-03 9.999974e-01 6.333940e+01
9.999654e-01 -5.665178e-04 -8.300917e-03 5.116927e+01 5.592486e-04 9.999995e-01 -8.780278e-04 -2.610430e+00 8.301410e-03 8.733559e-04 9.999652e-01 6.218997e+01
9.999947e-01 3.957247e-04 3.246817e-03 5.086737e+01 -4.003931e-04 9.999989e-01 1.437260e-03 -2.595459e+00 -3.246245e-03 -1.438553e-03 9.999937e-01 6.180886e+01
9.999736e-01 -4.246094e-04 -7.257618e-03 5.096559e+01 4.183920e-04 9.999995e-01 -8.581950e-04 -2.594379e+00 7.257980e-03 8.551365e-04 9.999733e-01 6.149712e+01
9.999918e-01 2.432112e-04 4.032319e-03 5.140826e+01 -2.487473e-04 9.999990e-01 1.372443e-03 -2.590974e+00 -4.031982e-03 -1.373435e-03 9.999909e-01 6.076752e+01
9.999766e-01 -7.604883e-04 -6.797821e-03 5.179772e+01 7.546866e-04 9.999993e-01 -8.560252e-04 -2.583461e+00 6.798467e-03 8.508756e-04 9.999765e-01 5.975283e+01
9.999929e-01 3.062027e-04 3.754419e-03 5.213066e+01 -3.116898e-04 9.999989e-01 1.460943e-03 -2.576583e+00 -3.753968e-03 -1.462104e-03 9.999919e-01 5.879285e+01
9.999776e-01 -5.696837e-04 -6.671824e-03 5.260161e+01 5.635565e-04 9.999994e-01 -9.202444e-04 -2.570810e+00 6.672345e-03 9.164645e-04 9.999773e-01 5.790473e+01
9.999917e-01 6.017595e-04 4.030056e-03 5.333860e+01 -6.082365e-04 9.999985e-01 1.606096e-03 -2.576443e+00 -4.029084e-03 -1.608535e-03 9.999906e-01 5.740968e+01
9.999783e-01 -7.697630e-04 -6.549042e-03 5.399573e+01 7.634571e-04 9.999992e-01 -9.653519e-04 -2.580109e+00 6.549780e-03 9.603317e-04 9.999781e-01 5.682983e+01
9.999928e-01 8.772507e-04 3.703034e-03 5.473374e+01 -8.836654e-04 9.999981e-01 1.730963e-03 -2.598548e+00 -3.701509e-03 -1.734223e-03 9.999916e-01 5.674284e+01
9.999810e-01 -9.416938e-04 -6.088807e-03 5.517092e+01 9.348389e-04 9.999989e-01 -1.128595e-03 -2.614063e+00 6.089864e-03 1.122882e-03 9.999808e-01 5.670903e+01
9.999979e-01 5.652942e-04 1.993047e-03 5.520379e+01 -5.685082e-04 9.999985e-01 1.612291e-03 -2.613833e+00 -1.992133e-03 -1.613422e-03 9.999967e-01 5.584368e+01
9.999789e-01 -9.973472e-04 -6.415283e-03 5.515755e+01 9.899073e-04 9.999988e-01 -1.162823e-03 -2.612386e+00 6.416436e-03 1.156448e-03 9.999787e-01 5.483403e+01
9.999983e-01 6.968582e-04 1.714930e-03 5.508599e+01 -6.998898e-04 9.999982e-01 1.767696e-03 -2.610494e+00 -1.713695e-03 -1.768894e-03 9.999970e-01 5.417536e+01
9.999814e-01 -7.804391e-04 -6.050858e-03 5.516550e+01 7.744530e-04 9.999992e-01 -9.916005e-04 -2.610081e+00 6.051627e-03 9.868966e-04 9.999812e-01 5.382792e+01
9.999983e-01 7.307399e-04 1.717997e-03 5.513271e+01 -7.336502e-04 9.999983e-01 1.693831e-03 -2.609474e+00 -1.716756e-03 -1.695089e-03 9.999971e-01 5.365053e+01
9.999720e-01 1.366958e-03 7.355427e-03 5.690337e+01 -1.334157e-03 9.999892e-01 -4.462413e-03 -2.832982e+00 -7.361446e-03 4.452476e-03 9.999630e-01 6.345854e+01
9.999726e-01 1.121594e-03 7.318118e-03 5.868180e+01 -1.144411e-03 9.999945e-01 3.114418e-03 -3.145206e+00 -7.314585e-03 -3.122708e-03 9.999684e-01 7.437850e+01
9.999526e-01 -7.964817e-04 -9.698663e-03 5.905394e+01 7.716827e-04 9.999964e-01 -2.560445e-03 -3.194339e+00 9.700668e-03 2.552840e-03 9.999497e-01 7.546798e+01
9.999804e-01 3.652035e-04 6.251097e-03 5.926431e+01 -3.846541e-04 9.999951e-01 3.110589e-03 -3.192916e+00 -6.249930e-03 -3.112933e-03 9.999756e-01 7.464168e+01
9.999567e-01 -2.938123e-04 -9.298709e-03 6.004223e+01 2.736920e-04 9.999976e-01 -2.164997e-03 -3.207093e+00 9.299323e-03 2.162359e-03 9.999544e-01 7.443252e+01
9.999825e-01 1.740589e-04 5.917562e-03 6.053113e+01 -1.913336e-04 9.999957e-01 2.918750e-03 -3.208214e+00 -5.917029e-03 -2.919832e-03 9.999782e-01 7.386805e+01
9.999591e-01 -3.757039e-04 -9.032025e-03 6.105467e+01 3.555549e-04 9.999974e-01 -2.232367e-03 -3.203771e+00 9.032841e-03 2.229065e-03 9.999567e-01 7.299499e+01
9.999808e-01 2.243673e-04 6.187643e-03 6.179796e+01 -2.425722e-04 9.999956e-01 2.941515e-03 -3.198071e+00 -6.186956e-03 -2.942960e-03 9.999765e-01 7.221529e+01
9.999607e-01 1.867652e-04 -8.858108e-03 6.310269e+01 -2.031000e-04 9.999983e-01 -1.843218e-03 -3.239381e+00 8.857748e-03 1.844945e-03 9.999591e-01 7.259999e+01
9.999769e-01 2.951456e-05 6.800447e-03 6.413934e+01 -5.042195e-05 9.999953e-01 3.074232e-03 -3.283125e+00 -6.800324e-03 -3.074505e-03 9.999722e-01 7.319739e+01
9.999519e-01 2.038310e-04 -9.801167e-03 6.481430e+01 -2.267321e-04 9.999972e-01 -2.335543e-03 -3.302564e+00 9.800664e-03 2.337654e-03 9.999492e-01 7.316258e+01
9.999782e-01 4.863868e-04 6.589616e-03 6.550334e+01 -5.046513e-04 9.999960e-01 2.770302e-03 -3.358678e+00 -6.588243e-03 -2.773568e-03 9.999745e-01 7.437289e+01
9.999935e-01 5.836433e-04 -3.546844e-03 6.639587e+01 -5.967998e-04 9.999929e-01 -3.709474e-03 -3.484168e+00 3.544654e-03 3.711568e-03 9.999868e-01 7.953530e+01
9.999527e-01 8.285385e-04 9.691624e-03 6.768260e+01 -8.603529e-04 9.999943e-01 3.278935e-03 -3.670077e+00 -9.688852e-03 -3.287119e-03 9.999477e-01 8.521847e+01
9.999260e-01 -6.265673e-04 -1.215287e-02 6.845678e+01 6.015308e-04 9.999977e-01 -2.063687e-03 -3.715598e+00 1.215414e-02 2.056225e-03 9.999240e-01 8.611667e+01
9.999701e-01 1.143505e-05 7.736561e-03 6.842594e+01 -3.109736e-05 9.999968e-01 2.541336e-03 -3.709279e+00 -7.736507e-03 -2.541501e-03 9.999668e-01 8.485787e+01
9.999446e-01 -1.060607e-04 -1.052644e-02 6.913049e+01 8.709979e-05 9.999984e-01 -1.801729e-03 -3.706758e+00 1.052661e-02 1.800713e-03 9.999430e-01 8.411421e+01
9.999685e-01 1.203842e-04 7.936491e-03 7.002340e+01 -1.407862e-04 9.999967e-01 2.570114e-03 -3.710300e+00 -7.936156e-03 -2.571151e-03 9.999652e-01 8.357963e+01
9.999345e-01 3.121342e-04 -1.143778e-02 7.116710e+01 -3.293613e-04 9.999988e-01 -1.504323e-03 -3.742172e+00 1.143729e-02 1.507992e-03 9.999335e-01 8.374085e+01
9.999628e-01 -1.627614e-04 8.620050e-03 7.225013e+01 1.411824e-04 9.999969e-01 2.503877e-03 -3.755781e+00 -8.620431e-03 -2.502568e-03 9.999597e-01 8.343050e+01
9.999399e-01 -1.799390e-04 -1.096086e-02 7.284610e+01 1.592519e-04 9.999982e-01 -1.888232e-03 -3.748287e+00 1.096118e-02 1.886373e-03 9.999381e-01 8.247865e+01
9.999703e-01 -4.870860e-04 7.696622e-03 7.304407e+01 4.690353e-04 9.999971e-01 2.346878e-03 -3.741246e+00 -7.697744e-03 -2.343199e-03 9.999676e-01 8.125079e+01
9.999408e-01 2.081296e-04 -1.087489e-02 7.346939e+01 -2.276603e-04 9.999984e-01 -1.794759e-03 -3.737375e+00 1.087450e-02 1.797129e-03 9.999393e-01 8.042575e+01
9.999669e-01 -1.356816e-04 8.137591e-03 7.431950e+01 1.151021e-04 9.999968e-01 2.529330e-03 -3.744198e+00 -8.137909e-03 -2.528310e-03 9.999637e-01 7.997583e+01
9.999415e-01 1.459785e-03 -1.071586e-02 7.537930e+01 -1.486143e-03 9.999959e-01 -2.452214e-03 -3.832105e+00 1.071224e-02 2.467997e-03 9.999396e-01 8.212624e+01
9.999244e-01 -5.367873e-04 1.228733e-02 7.612131e+01 4.999250e-04 9.999954e-01 3.002885e-03 -3.922016e+00 -1.228889e-02 -2.996516e-03 9.999200e-01 8.513146e+01
9.999745e-01 1.601031e-03 -6.957006e-03 7.717717e+01 -1.632466e-03 9.999885e-01 -4.515151e-03 -4.076286e+00 6.949697e-03 4.526393e-03 9.999656e-01 9.192563e+01
9.998509e-01 -1.992384e-05 1.726609e-02 7.830655e+01 -4.201909e-05 9.999936e-01 3.587165e-03 -4.312167e+00 -1.726605e-02 -3.587357e-03 9.998445e-01 1.006897e+02
9.998382e-01 4.205551e-04 -1.798349e-02 7.850218e+01 -4.739300e-04 9.999955e-01 -2.963844e-03 -4.366392e+00 1.798216e-02 2.971888e-03 9.998339e-01 1.028452e+02
9.998990e-01 -9.149177e-04 1.418626e-02 7.854613e+01 8.646515e-04 9.999933e-01 3.549016e-03 -4.359742e+00 -1.418941e-02 -3.536392e-03 9.998931e-01 1.019214e+02
9.998419e-01 1.340161e-03 -1.772835e-02 7.947320e+01 -1.387188e-03 9.999956e-01 -2.640598e-03 -4.389711e+00 1.772473e-02 2.664773e-03 9.998394e-01 1.021582e+02
9.999034e-01 -7.356191e-04 1.388096e-02 8.083479e+01 6.840395e-04 9.999928e-01 3.720218e-03 -4.430980e+00 -1.388359e-02 -3.710364e-03 9.998967e-01 1.024258e+02
9.998436e-01 1.326299e-03 -1.763835e-02 8.218735e+01 -1.369458e-03 9.999961e-01 -2.435060e-03 -4.477811e+00 1.763505e-02 2.458835e-03 9.998415e-01 1.028654e+02
9.997253e-01 4.353384e-04 2.343261e-02 8.377095e+01 -4.485191e-04 9.999997e-01 5.572315e-04 -4.670676e+00 -2.343236e-02 -5.675891e-04 9.997253e-01 1.105444e+02
9.999035e-01 1.464765e-03 -1.381202e-02 8.529953e+01 -1.481251e-03 9.999982e-01 -1.183405e-03 -4.905782e+00 1.381026e-02 1.203751e-03 9.999039e-01 1.183132e+02
9.999493e-01 -1.039190e-03 1.001799e-02 8.648209e+01 1.016076e-03 9.999968e-01 2.312085e-03 -4.929734e+00 -1.002036e-02 -2.301790e-03 9.999471e-01 1.182359e+02
9.999010e-01 1.565632e-03 -1.398620e-02 8.774708e+01 -1.581493e-03 9.999981e-01 -1.123038e-03 -4.949121e+00 1.398441e-02 1.145047e-03 9.999016e-01 1.180565e+02
9.999495e-01 -1.084505e-03 9.986381e-03 8.887918e+01 1.060697e-03 9.999966e-01 2.388976e-03 -4.967686e+00 -9.988938e-03 -2.378264e-03 9.999473e-01 1.179462e+02
9.999051e-01 1.596675e-03 -1.368165e-02 9.006330e+01 -1.612016e-03 9.999981e-01 -1.110305e-03 -4.991583e+00 1.367985e-02 1.132255e-03 9.999058e-01 1.180671e+02
9.999511e-01 -8.733634e-04 9.849908e-03 9.141848e+01 8.494562e-04 9.999967e-01 2.431050e-03 -5.031738e+00 -9.851999e-03 -2.422565e-03 9.999485e-01 1.184592e+02
9.999125e-01 1.331897e-03 -1.315787e-02 9.242738e+01 -1.350307e-03 9.999981e-01 -1.390403e-03 -5.072972e+00 1.315600e-02 1.408049e-03 9.999125e-01 1.189873e+02
9.999443e-01 -1.359259e-03 1.046499e-02 9.305332e+01 1.336693e-03 9.999968e-01 2.162999e-03 -5.087539e+00 -1.046790e-02 -2.148891e-03 9.999429e-01 1.189033e+02
9.999138e-01 1.396912e-03 -1.305476e-02 9.358051e+01 -1.416605e-03 9.999979e-01 -1.499374e-03 -5.103415e+00 1.305264e-02 1.517739e-03 9.999137e-01 1.188318e+02
9.999558e-01 -9.814710e-04 9.348597e-03 9.457534e+01 9.575549e-04 9.999963e-01 2.562362e-03 -5.134202e+00 -9.351077e-03 -2.553298e-03 9.999530e-01 1.190347e+02
9.999157e-01 1.339800e-03 -1.291596e-02 9.545797e+01 -1.360818e-03 9.999978e-01 -1.618664e-03 -5.158395e+00 1.291377e-02 1.636104e-03 9.999153e-01 1.191342e+02
9.999387e-01 -2.158515e-04 1.107041e-02 9.650247e+01 1.984955e-04 9.999987e-01 1.568841e-03 -5.248113e+00 -1.107074e-02 -1.566548e-03 9.999375e-01 1.213627e+02
9.999437e-01 1.399201e-03 -1.051982e-02 9.766601e+01 -1.411488e-03 9.999983e-01 -1.160639e-03 -5.366090e+00 1.051817e-02 1.175423e-03 9.999440e-01 1.243539e+02
9.999797e-01 -3.338168e-04 6.365277e-03 9.956753e+01 3.177785e-04 9.999968e-01 2.520462e-03 -5.426682e+00 -6.366098e-03 -2.518389e-03 9.999766e-01 1.252307e+02
9.999506e-01 1.558005e-03 -9.816125e-03 1.018580e+02 -1.566628e-03 9.999984e-01 -8.708464e-04 -5.486313e+00 9.814753e-03 8.861823e-04 9.999514e-01 1.260200e+02
9.999736e-01 -4.833876e-04 7.246204e-03 1.036225e+02 4.680826e-04 9.999977e-01 2.113666e-03 -5.553085e+00 -7.247209e-03 -2.110219e-03 9.999715e-01 1.271775e+02
9.999511e-01 1.038879e-03 -9.829908e-03 1.043563e+02 -1.051995e-03 9.999986e-01 -1.329225e-03 -5.606168e+00 9.828513e-03 1.339502e-03 9.999508e-01 1.284726e+02
9.999842e-01 -1.398258e-04 5.623047e-03 1.061887e+02 1.243156e-04 9.999962e-01 2.758536e-03 -5.650527e+00 -5.623411e-03 -2.757794e-03 9.999804e-01 1.287727e+02
9.999526e-01 1.252739e-03 -9.650584e-03 1.087257e+02 -1.263555e-03 9.999986e-01 -1.114869e-03 -5.702335e+00 9.649174e-03 1.127011e-03 9.999528e-01 1.289623e+02
9.999823e-01 -8.893305e-04 5.885632e-03 1.096181e+02 8.759272e-04 9.999970e-01 2.279449e-03 -5.736853e+00 -5.887642e-03 -2.274254e-03 9.999801e-01 1.291942e+02
9.999503e-01 7.239480e-04 -9.941006e-03 1.099501e+02 -7.389786e-04 9.999986e-01 -1.508421e-03 -5.741803e+00 9.939900e-03 1.515692e-03 9.999494e-01 1.285823e+02
9.999791e-01 -5.513429e-04 6.446944e-03 1.105714e+02 5.342538e-04 9.999963e-01 2.652116e-03 -5.761492e+00 -6.448383e-03 -2.648617e-03 9.999757e-01 1.285231e+02
9.999437e-01 1.035391e-03 -1.056037e-02 1.114255e+02 -1.052943e-03 9.999981e-01 -1.656657e-03 -5.795888e+00 1.055864e-02 1.667684e-03 9.999429e-01 1.289234e+02
9.999750e-01 -1.006749e-03 7.005698e-03 1.121139e+02 9.887407e-04 9.999962e-01 2.573497e-03 -5.810867e+00 -7.008262e-03 -2.566507e-03 9.999721e-01 1.288023e+02
9.999331e-01 7.092592e-04 -1.154916e-02 1.121154e+02 -7.301602e-04 9.999981e-01 -1.805646e-03 -5.809460e+00 1.154786e-02 1.813959e-03 9.999317e-01 1.280247e+02
9.999560e-01 -6.930598e-04 9.357599e-03 1.125455e+02 6.697354e-04 9.999967e-01 2.495438e-03 -5.827332e+00 -9.359298e-03 -2.489062e-03 9.999531e-01 1.282318e+02
9.999323e-01 9.262235e-04 -1.159526e-02 1.130490e+02 -9.451909e-04 9.999982e-01 -1.630443e-03 -5.858371e+00 1.159373e-02 1.641293e-03 9.999314e-01 1.290110e+02
9.999543e-01 -2.552778e-04 9.552361e-03 1.137920e+02 2.328150e-04 9.999972e-01 2.352557e-03 -5.918295e+00 -9.552936e-03 -2.350227e-03 9.999516e-01 1.306055e+02
9.999256e-01 7.418348e-04 -1.217538e-02 1.147607e+02 -7.573439e-04 9.999989e-01 -1.269266e-03 -5.974773e+00 1.217443e-02 1.278394e-03 9.999251e-01 1.316861e+02
9.999578e-01 -3.231250e-04 9.176244e-03 1.159019e+02 3.002802e-04 9.999969e-01 2.490799e-03 -6.006358e+00 -9.177020e-03 -2.487939e-03 9.999548e-01 1.319337e+02
