9.999970e-01 2.766422e-04 -2.438385e-03 2.734446e-01 -2.748943e-04 9.999997e-01 7.171217e-04 -4.317352e-02 2.438583e-03 -7.164500e-04 9.999968e-01 1.182162e+00
9.999910e-01 -1.360506e-04 -4.241758e-03 -1.707906e-01 1.364981e-04 1.000000e+00 1.052178e-04 -3.108407e-02 4.241744e-03 -1.057952e-04 9.999910e-01 1.189852e+00
9.999999e-01 4.904187e-04 -8.227697e-05 1.747775e-01 -4.903640e-04 9.999997e-01 6.630475e-04 -4.507081e-02 8.260177e-05 -6.630078e-04 9.999998e-01 1.325163e+00
9.999960e-01 -4.580596e-05 -2.825621e-03 5.851943e-01 4.463732e-05 9.999999e-01 -4.136587e-04 -9.827046e-02 2.825640e-03 4.135316e-04 9.999959e-01 2.891202e+00
9.999998e-01 3.694950e-04 4.118966e-04 2.931541e-01 -3.698339e-04 9.999996e-01 8.230337e-04 -1.065900e-01 -4.115927e-04 -8.231866e-04 9.999996e-01 4.674865e+00
9.999872e-01 -1.493572e-04 -5.052124e-03 -1.703266e-01 1.478176e-04 9.999999e-01 -3.051222e-04 -9.084831e-02 5.052169e-03 3.043722e-04 9.999872e-01 5.258684e+00
9.999999e-01 3.209519e-04 -3.141518e-04 -6.943038e-01 -3.206738e-04 9.999996e-01 8.850279e-04 -7.460765e-02 3.144354e-04 -8.849278e-04 9.999996e-01 5.650920e+00
9.999842e-01 -1.598263e-04 -5.611842e-03 -1.229078e+00 1.584612e-04 1.000000e+00 -2.437046e-04 -5.889957e-02 5.611881e-03 2.428122e-04 9.999842e-01 5.855089e+00
9.999999e-01 2.491532e-04 3.728144e-04 -1.482796e+00 -2.494985e-04 9.999995e-01 9.262709e-04 -5.456640e-02 -3.725838e-04 -9.263646e-04 9.999995e-01 5.888333e+00
9.999895e-01 -8.959977e-05 -4.577230e-03 -1.559367e+00 8.803705e-05 9.999999e-01 -3.416216e-04 -6.211058e-02 4.577261e-03 3.412158e-04 9.999895e-01 6.285436e+00
9.999999e-01 3.026348e-04 3.421670e-04 -1.794832e+00 -3.029448e-04 9.999995e-01 9.063025e-04 -5.400794e-02 -3.418929e-04 -9.064068e-04 9.999995e-01 6.833168e+00
9.999880e-01 -3.649382e-05 -4.908238e-03 -2.159674e+00 3.489903e-05 9.999999e-01 -3.250141e-04 -3.668392e-02 4.908250e-03 3.248396e-04 9.999879e-01 7.305959e+00
9.999997e-01 2.645060e-04 -7.387691e-04 -2.705615e+00 -2.638510e-04 9.999996e-01 8.866796e-04 -8.425508e-03 7.390030e-04 -8.864851e-04 9.999993e-01 7.727664e+00
9.999922e-01 1.922948e-05 -3.939748e-03 -2.685800e+00 -1.996130e-05 1.000000e+00 -1.857251e-04 -3.872136e-03 3.939745e-03 1.858031e-04 9.999922e-01 8.054703e+00
9.999997e-01 3.518365e-04 -7.516423e-04 -2.286471e+00 -3.511591e-04 9.999995e-01 9.012387e-04 -8.697303e-03 7.519587e-04 -9.009752e-04 9.999993e-01 8.345978e+00
9.999944e-01 -1.209041e-04 -3.349953e-03 -2.655452e+00 1.193085e-04 9.999999e-01 -4.765045e-04 1.704863e-02 3.350011e-03 4.761029e-04 9.999943e-01 9.206414e+00
9.999997e-01 3.541502e-04 -6.929821e-04 -2.848806e+00 -3.534519e-04 9.999994e-01 1.007539e-03 3.200854e-02 6.933381e-04 -1.007295e-03 9.999993e-01 9.875046e+00
9.999972e-01 -1.552600e-04 -2.341297e-03 -2.753056e+00 1.540814e-04 9.999999e-01 -5.036012e-04 1.450482e-02 2.341375e-03 5.032397e-04 9.999971e-01 1.053382e+01
9.999991e-01 3.259037e-04 -1.302870e-03 -2.810084e+00 -3.245479e-04 9.999994e-01 1.040699e-03 6.637834e-03 1.303209e-03 -1.040276e-03 9.999986e-01 1.115888e+01
9.999969e-01 -6.293036e-05 -2.504632e-03 -2.670315e+00 6.162167e-05 9.999999e-01 -5.226050e-04 -3.876713e-03 2.504665e-03 5.224497e-04 9.999967e-01 1.160426e+01
9.999990e-01 4.507122e-04 -1.345114e-03 -2.130331e+00 -4.489667e-04 9.999991e-01 1.297721e-03 -3.326361e-02 1.345697e-03 -1.297117e-03 9.999983e-01 1.208914e+01
9.999972e-01 -8.903625e-05 -2.371535e-03 -1.525286e+00 8.795553e-05 9.999999e-01 -4.558266e-04 -6.919361e-02 2.371575e-03 4.556174e-04 9.999971e-01 1.269710e+01
9.999990e-01 4.016942e-04 -1.320077e-03 -8.560501e-01 -3.998248e-04 9.999989e-01 1.416108e-03 -9.333804e-02 1.320644e-03 -1.415580e-03 9.999981e-01 1.293915e+01
9.999967e-01 -1.915523e-04 -2.546990e-03 -3.509002e-01 1.900134e-04 9.999998e-01 -6.044717e-04 -1.139103e-01 2.547105e-03 6.039864e-04 9.999966e-01 1.308223e+01
9.999983e-01 4.251151e-04 -1.799331e-03 -1.252091e-01 -4.228362e-04 9.999991e-01 1.266718e-03 -1.274732e-01 1.799868e-03 -1.265955e-03 9.999976e-01 1.342942e+01
9.999977e-01 -2.149607e-04 -2.122283e-03 7.366184e-02 2.136655e-04 9.999998e-01 -6.105236e-04 -1.363927e-01 2.122415e-03 6.100695e-04 9.999976e-01 1.377618e+01
9.999988e-01 3.071990e-04 -1.548748e-03 4.183527e-01 -3.052101e-04 9.999991e-01 1.284316e-03 -1.442559e-01 1.549140e-03 -1.283842e-03 9.999980e-01 1.355986e+01
9.999960e-01 -1.611570e-04 -2.816906e-03 5.790498e-01 1.593422e-04 9.999998e-01 -6.444729e-04 -1.503094e-01 2.817010e-03 6.440222e-04 9.999958e-01 1.358887e+01
9.999983e-01 3.968875e-04 -1.797744e-03 7.132807e-01 -3.945822e-04 9.999991e-01 1.282565e-03 -1.532188e-01 1.798251e-03 -1.281855e-03 9.999976e-01 1.387945e+01
9.999905e-01 -2.188021e-04 -4.349541e-03 1.931593e-01 2.161637e-04 9.999998e-01 -6.070707e-04 -1.243358e-01 4.349673e-03 6.061255e-04 9.999904e-01 1.426692e+01
9.999936e-01 5.061625e-04 -3.530560e-03 -7.742864e-01 -5.013936e-04 9.999990e-01 1.351522e-03 -7.535740e-02 3.531240e-03 -1.349744e-03 9.999929e-01 1.456245e+01
9.999979e-01 -2.589355e-04 -2.040311e-03 -1.136659e+00 2.574770e-04 9.999997e-01 -7.151276e-04 -5.848660e-02 2.040496e-03 7.146014e-04 9.999977e-01 1.484031e+01
9.999957e-01 5.028702e-04 -2.873552e-03 -1.378213e+00 -4.993631e-04 9.999991e-01 1.221096e-03 -4.725024e-02 2.874163e-03 -1.219656e-03 9.999951e-01 1.517664e+01
9.999992e-01 -2.988187e-04 -1.255710e-03 -1.330710e+00 2.979734e-04 9.999997e-01 -6.733931e-04 -5.734017e-02 1.255911e-03 6.730191e-04 9.999990e-01 1.544351e+01
9.999962e-01 4.870140e-04 -2.724346e-03 -1.159648e+00 -4.834731e-04 9.999990e-01 1.300267e-03 -7.681961e-02 2.724976e-03 -1.298946e-03 9.999954e-01 1.574101e+01
9.999992e-01 -2.917899e-04 -1.260978e-03 -1.123212e+00 2.908658e-04 9.999997e-01 -7.330085e-04 -9.071895e-02 1.261192e-03 7.326419e-04 9.999989e-01 1.612947e+01
9.999903e-01 4.188029e-04 -4.391142e-03 -1.358042e+00 -4.129492e-04 9.999990e-01 1.333908e-03 -9.142918e-02 4.391696e-03 -1.332082e-03 9.999895e-01 1.611560e+01
9.999956e-01 -2.032062e-04 -2.970907e-03 -2.386197e+00 2.009371e-04 9.999997e-01 -7.640824e-04 -3.808497e-02 2.971062e-03 7.634827e-04 9.999953e-01 1.657765e+01
9.999929e-01 6.362157e-04 -3.716424e-03 -3.464510e+00 -6.314168e-04 9.999990e-01 1.292322e-03 2.716070e-02 3.717242e-03 -1.289967e-03 9.999923e-01 1.726750e+01
9.999999e-01 -4.096409e-04 -2.153956e-04 -3.073880e+00 4.094946e-04 9.999997e-01 -6.790089e-04 1.152866e-02 2.156740e-04 6.789213e-04 9.999997e-01 1.731378e+01
9.999922e-01 6.647838e-04 -3.888824e-03 -2.462642e+00 -6.584221e-04 9.999984e-01 1.636945e-03 -7.070643e-03 3.889906e-03 -1.634373e-03 9.999911e-01 1.735841e+01
9.999996e-01 -6.264730e-04 -6.899466e-04 -2.403266e+00 6.258037e-04 9.999993e-01 -9.698529e-04 -1.098692e-02 6.905540e-04 9.694214e-04 9.999993e-01 1.712748e+01
9.999861e-01 7.109612e-04 -5.231945e-03 -2.706581e+00 -7.019713e-04 9.999983e-01 1.719911e-03 -6.204722e-03 5.233159e-03 -1.716215e-03 9.999848e-01 1.711235e+01
9.999999e-01 -4.295052e-04 1.597321e-04 -2.953731e+00 4.296955e-04 9.999992e-01 -1.193004e-03 4.156946e-03 -1.592192e-04 1.193073e-03 9.999993e-01 1.734227e+01
9.999863e-01 4.927051e-04 -5.205360e-03 -3.112978e+00 -4.831200e-04 9.999982e-01 1.842490e-03 2.235894e-03 5.206258e-03 -1.839951e-03 9.999848e-01 1.736438e+01
9.999998e-01 -3.164575e-04 5.930246e-04 -3.330298e+00 3.172105e-04 9.999991e-01 -1.269906e-03 8.551114e-03 -5.926219e-04 1.270094e-03 9.999990e-01 1.785048e+01
9.999881e-01 5.029445e-04 -4.849619e-03 -3.403477e+00 -4.942795e-04 9.999983e-01 1.787792e-03 2.904231e-03 4.850510e-03 -1.785375e-03 9.999866e-01 1.852506e+01
9.999988e-01 -3.387697e-04 -1.512493e-03 -4.115772e+00 3.369747e-04 9.999992e-01 -1.186919e-03 3.435679e-02 1.512894e-03 1.186409e-03 9.999982e-01 1.886538e+01
9.999863e-01 5.890462e-04 -5.193446e-03 -4.820152e+00 -5.794121e-04 9.999981e-01 1.856386e-03 6.822264e-02 5.194529e-03 -1.853352e-03 9.999848e-01 1.914439e+01
9.999972e-01 -3.483974e-04 -2.361540e-03 -5.705913e+00 3.457444e-04 9.999993e-01 -1.123757e-03 1.108429e-01 2.361930e-03 1.122938e-03 9.999966e-01 1.941589e+01
9.999866e-01 6.377728e-04 -5.129273e-03 -6.794392e+00 -6.288138e-04 9.999983e-01 1.748082e-03 1.719970e-01 5.130379e-03 -1.744834e-03 9.999853e-01 1.993511e+01
9.999991e-01 -3.273839e-04 -1.279392e-03 -7.502194e+00 3.259680e-04 9.999993e-01 -1.106856e-03 2.086477e-01 1.279754e-03 1.106439e-03 9.999986e-01 2.029137e+01
9.999869e-01 4.868564e-04 -5.092027e-03 -8.088358e+00 -4.778916e-04 9.999983e-01 1.761653e-03 2.304079e-01 5.092876e-03 -1.759197e-03 9.999855e-01 2.045244e+01
9.999990e-01 -2.829252e-04 1.401544e-03 -8.088480e+00 2.847363e-04 9.999991e-01 -1.292095e-03 2.216635e-01 -1.401177e-03 1.292494e-03 9.999982e-01 2.084628e+01
9.999868e-01 4.780042e-04 -5.110166e-03 -7.840236e+00 -4.682510e-04 9.999981e-01 1.909641e-03 1.987575e-01 5.111068e-03 -1.907224e-03 9.999851e-01 2.129321e+01
9.999987e-01 -3.762808e-04 1.550050e-03 -7.720732e+00 3.783246e-04 9.999991e-01 -1.318355e-03 1.916311e-01 -1.549552e-03 1.318941e-03 9.999979e-01 2.156711e+01
9.999626e-01 5.141974e-04 -8.627741e-03 -8.471272e+00 -4.970404e-04 9.999979e-01 1.990630e-03 2.196729e-01 8.628746e-03 -1.986268e-03 9.999608e-01 2.168172e+01
9.999973e-01 -3.006101e-04 2.313341e-03 -9.073216e+00 3.037382e-04 9.999990e-01 -1.351916e-03 2.424857e-01 -2.312932e-03 1.352616e-03 9.999964e-01 2.185421e+01
9.999833e-01 5.556364e-04 -5.754089e-03 -9.100045e+00 -5.451916e-04 9.999982e-01 1.816617e-03 2.314251e-01 5.755088e-03 -1.813451e-03 9.999818e-01 2.251156e+01
9.999976e-01 -1.514943e-04 2.203430e-03 -8.658327e+00 1.537464e-04 9.999995e-01 -1.021897e-03 1.934004e-01 -2.203274e-03 1.022234e-03 9.999971e-01 2.329039e+01
9.999794e-01 5.277353e-04 -6.396915e-03 -8.150306e+00 -5.155926e-04 9.999981e-01 1.899728e-03 1.600974e-01 6.397905e-03 -1.896392e-03 9.999777e-01 2.385116e+01
9.999957e-01 -3.616883e-04 2.895133e-03 -7.997808e+00 3.654154e-04 9.999991e-01 -1.286921e-03 1.424876e-01 -2.894664e-03 1.287974e-03 9.999950e-01 2.429011e+01
9.999646e-01 5.425027e-04 -8.391435e-03 -8.452291e+00 -5.271531e-04 9.999982e-01 1.831321e-03 1.643216e-01 8.392413e-03 -1.826833e-03 9.999631e-01 2.464721e+01
9.999893e-01 -2.345425e-04 4.629576e-03 -8.708119e+00 2.410719e-04 9.999990e-01 -1.409835e-03 1.754314e-01 -4.629240e-03 1.410936e-03 9.999883e-01 2.523805e+01
9.999668e-01 4.963206e-04 -8.137701e-03 -8.589438e+00 -4.800606e-04 9.999979e-01 1.999954e-03 1.515753e-01 8.138676e-03 -1.995982e-03 9.999649e-01 2.585564e+01
9.999959e-01 -2.126408e-04 2.867251e-03 -8.738908e+00 2.163436e-04 9.999991e-01 -1.291111e-03 1.510672e-01 -2.866973e-03 1.291726e-03 9.999951e-01 2.619711e+01
9.999416e-01 3.210471e-04 -1.079910e-02 -9.532386e+00 -2.988020e-04 9.999978e-01 2.061464e-03 1.810115e-01 1.079973e-02 -2.058118e-03 9.999396e-01 2.625893e+01
9.999864e-01 1.795392e-04 5.204998e-03 -9.744863e+00 -1.720533e-04 9.999990e-01 -1.438599e-03 1.893941e-01 -5.205250e-03 1.437685e-03 9.999854e-01 2.672050e+01
9.999630e-01 9.191305e-05 -8.598408e-03 -9.594069e+00 -7.489194e-05 9.999980e-01 1.979882e-03 1.628888e-01 8.598573e-03 -1.979165e-03 9.999611e-01 2.756260e+01
9.999870e-01 1.150852e-04 5.088114e-03 -9.639949e+00 -1.067940e-04 9.999987e-01 -1.629749e-03 1.536731e-01 -5.088294e-03 1.629186e-03 9.999857e-01 2.826923e+01
9.999399e-01 4.569200e-05 -1.096062e-02 -1.017595e+01 -2.125311e-05 9.999975e-01 2.229818e-03 1.849128e-01 1.096069e-02 -2.229452e-03 9.999374e-01 2.878639e+01
9.999948e-01 3.402618e-04 3.198077e-03 -1.125003e+01 -3.353138e-04 9.999987e-01 -1.547561e-03 2.443695e-01 -3.198599e-03 1.546481e-03 9.999937e-01 2.925645e+01
9.999691e-01 -9.009089e-05 -7.865535e-03 -1.156530e+01 1.061270e-04 9.999979e-01 2.038408e-03 2.596146e-01 7.865334e-03 -2.039180e-03 9.999670e-01 2.970243e+01
9.999965e-01 2.741772e-04 2.645883e-03 -1.173896e+01 -2.707251e-04 9.999991e-01 -1.304926e-03 2.613332e-01 -2.646238e-03 1.304206e-03 9.999956e-01 2.995657e+01
9.999634e-01 -4.054434e-05 -8.551263e-03 -1.212036e+01 5.715609e-05 9.999981e-01 1.942389e-03 2.754701e-01 8.551168e-03 -1.942807e-03 9.999616e-01 3.017132e+01
9.999983e-01 2.586989e-04 1.822658e-03 -1.257995e+01 -2.564066e-04 9.999992e-01 -1.257714e-03 2.945790e-01 -1.822981e-03 1.257246e-03 9.999975e-01 3.032600e+01
9.999629e-01 -5.285247e-05 -8.611700e-03 -1.321872e+01 6.985012e-05 9.999981e-01 1.973513e-03 3.183667e-01 8.611578e-03 -1.974042e-03 9.999610e-01 3.044501e+01
9.999934e-01 2.134558e-04 3.621525e-03 -1.322105e+01 -2.089667e-04 9.999992e-01 -1.239849e-03 3.159174e-01 -3.621787e-03 1.239084e-03 9.999927e-01 3.048611e+01
9.999813e-01 3.026610e-04 -6.106490e-03 -1.284918e+01 -2.919248e-04 9.999984e-01 1.758990e-03 2.894994e-01 6.107012e-03 -1.757175e-03 9.999798e-01 3.139954e+01
9.999912e-01 -1.874731e-04 4.192741e-03 -1.294322e+01 1.932270e-04 9.999990e-01 -1.371957e-03 2.734476e-01 -4.192480e-03 1.372755e-03 9.999903e-01 3.275379e+01
9.999642e-01 4.761173e-04 -8.453632e-03 -1.327852e+01 -4.615086e-04 9.999984e-01 1.729987e-03 2.898716e-01 8.454442e-03 -1.726024e-03 9.999628e-01 3.343859e+01
9.999893e-01 -2.725229e-04 4.624381e-03 -1.317741e+01 2.780595e-04 9.999992e-01 -1.196641e-03 2.717352e-01 -4.624051e-03 1.197914e-03 9.999886e-01 3.399782e+01
9.999491e-01 5.051793e-04 -1.007405e-02 -1.393989e+01 -4.889808e-04 9.999986e-01 1.610358e-03 3.242872e-01 1.007485e-02 -1.605351e-03 9.999480e-01 3.491359e+01
9.999839e-01 -2.540049e-04 5.661885e-03 -1.433366e+01 2.607872e-04 9.999992e-01 -1.197149e-03 3.473839e-01 -5.661576e-03 1.198607e-03 9.999833e-01 3.561827e+01
9.999532e-01 4.041075e-04 -9.664298e-03 -1.439880e+01 -3.878766e-04 9.999985e-01 1.681301e-03 3.430307e-01 9.664963e-03 -1.677474e-03 9.999519e-01 3.606676e+01
9.999960e-01 -3.408612e-04 2.820691e-03 -1.491884e+01 3.436066e-04 9.999995e-01 -9.728245e-04 3.542519e-01 -2.820357e-03 9.737904e-04 9.999955e-01 3.597454e+01
9.999634e-01 5.899570e-04 -8.539378e-03 -1.542840e+01 -5.765588e-04 9.999986e-01 1.571386e-03 3.823828e-01 8.540293e-03 -1.566405e-03 9.999623e-01 3.639134e+01
9.999995e-01 -4.370035e-04 9.467586e-04 -1.622867e+01 4.378005e-04 9.999996e-01 -8.415440e-04 4.168644e-01 -9.463901e-04 8.419588e-04 9.999992e-01 3.655441e+01
9.999530e-01 5.392204e-04 -9.679848e-03 -1.722521e+01 -5.231011e-04 9.999985e-01 1.667713e-03 4.508332e-01 9.680732e-03 -1.662572e-03 9.999518e-01 3.647052e+01
9.999954e-01 -4.462541e-04 2.988314e-03 -1.778504e+01 4.491404e-04 9.999994e-01 -9.652006e-04 4.663009e-01 -2.987881e-03 9.665391e-04 9.999951e-01 3.644230e+01
9.999712e-01 6.240193e-04 -7.562253e-03 -1.792728e+01 -6.124858e-04 9.999986e-01 1.527382e-03 4.691767e-01 7.563196e-03 -1.522707e-03 9.999702e-01 3.681411e+01
9.999923e-01 -4.139860e-04 3.909296e-03 -1.783758e+01 4.179405e-04 9.999994e-01 -1.010738e-03 4.576653e-01 -3.908875e-03 1.012365e-03 9.999918e-01 3.720605e+01
9.999688e-01 5.449789e-04 -7.884785e-03 -1.776605e+01 -5.322694e-04 9.999986e-01 1.613937e-03 4.426287e-01 7.885653e-03 -1.609691e-03 9.999676e-01 3.752900e+01
9.999937e-01 -3.501471e-04 3.542027e-03 -1.792315e+01 3.537928e-04 9.999994e-01 -1.028652e-03 4.413502e-01 -3.541664e-03 1.029899e-03 9.999932e-01 3.779512e+01
9.999716e-01 4.858567e-04 -7.516301e-03 -1.790482e+01 -4.736365e-04 9.999986e-01 1.627549e-03 4.304000e-01 7.517081e-03 -1.623943e-03 9.999704e-01 3.805377e+01
9.999948e-01 -3.465087e-04 3.221664e-03 -1.794237e+01 3.496423e-04 9.999995e-01 -9.721029e-04 4.232673e-01 -3.221325e-03 9.732249e-04 9.999943e-01 3.828006e+01
9.999641e-01 4.621273e-04 -8.464648e-03 -1.818428e+01 -4.483444e-04 9.999986e-01 1.630130e-03 4.235844e-01 8.465389e-03 -1.626277e-03 9.999628e-01 3.830891e+01
9.999963e-01 -3.609551e-04 2.682779e-03 -1.852150e+01 3.635243e-04 9.999995e-01 -9.571703e-04 4.320709e-01 -2.682432e-03 9.581427e-04 9.999959e-01 3.837440e+01
9.999711e-01 6.822523e-04 -7.566344e-03 -1.866109e+01 -6.703247e-04 9.999985e-01 1.578851e-03 4.344557e-01 7.567410e-03 -1.573734e-03 9.999701e-01 3.863969e+01
9.999954e-01 -4.597797e-04 3.010853e-03 -1.858688e+01 4.627267e-04 9.999994e-01 -9.780875e-04 4.220974e-01 -3.010401e-03 9.794769e-04 9.999950e-01 3.895366e+01
9.999750e-01 6.896537e-04 -7.036805e-03 -1.844411e+01 -6.789678e-04 9.999986e-01 1.520872e-03 4.003007e-01 7.037844e-03 -1.516057e-03 9.999741e-01 3.937651e+01
9.999959e-01 -5.181112e-04 2.826866e-03 -1.833329e+01 5.207035e-04 9.999994e-01 -9.162648e-04 3.827173e-01 -2.826389e-03 9.177337e-04 9.999956e-01 3.974995e+01
9.999768e-01 9.248055e-04 -6.744429e-03 -1.795629e+01 -9.146754e-04 9.999984e-01 1.504954e-03 3.557311e-01 6.745810e-03 -1.498751e-03 9.999761e-01 4.024521e+01
9.999967e-01 -7.426618e-04 2.444608e-03 -1.788488e+01 7.448448e-04 9.999993e-01 -8.921269e-04 3.402872e-01 -2.443944e-03 8.939455e-04 9.999966e-01 4.067189e+01
9.999752e-01 9.712824e-04 -6.978397e-03 -1.819087e+01 -9.614830e-04 9.999985e-01 1.407493e-03 3.467206e-01 6.979753e-03 -1.400749e-03 9.999747e-01 4.110716e+01
9.999951e-01 -7.090131e-04 3.044383e-03 -1.832870e+01 7.113710e-04 9.999994e-01 -7.734215e-04 3.459647e-01 -3.043832e-03 7.755841e-04 9.999951e-01 4.170194e+01
9.999675e-01 6.393527e-04 -8.039217e-03 -1.841517e+01 -6.280836e-04 9.999988e-01 1.404233e-03 3.504613e-01 8.040105e-03 -1.399139e-03 9.999667e-01 4.122340e+01
9.999985e-01 -9.300446e-04 1.485717e-03 -1.881721e+01 9.311264e-04 9.999993e-01 -7.274899e-04 3.582799e-01 -1.485039e-03 7.288729e-04 9.999986e-01 4.040473e+01
9.999974e-01 9.312708e-04 -2.072443e-03 -1.871778e+01 -9.297135e-04 9.999993e-01 7.523640e-04 3.122106e-01 2.073141e-03 -7.504360e-04 9.999976e-01 4.262101e+01
9.999994e-01 -5.137337e-04 9.350264e-04 -1.841955e+01 5.140966e-04 9.999998e-01 -3.877141e-04 2.455984e-01 -9.348267e-04 3.881952e-04 9.999995e-01 4.458436e+01
9.999774e-01 2.243775e-04 -6.718703e-03 -1.869948e+01 -2.180940e-04 9.999995e-01 9.359658e-04 2.468692e-01 6.718910e-03 -9.344800e-04 9.999770e-01 4.371939e+01
9.999996e-01 -6.004942e-04 6.949423e-04 -1.902045e+01 6.007620e-04 9.999997e-01 -3.848913e-04 2.499705e-01 -6.947107e-04 3.853093e-04 9.999997e-01 4.269586e+01
9.999640e-01 6.514691e-04 -8.455075e-03 -1.973330e+01 -6.420248e-04 9.999992e-01 1.119696e-03 2.636744e-01 8.455797e-03 -1.114228e-03 9.999636e-01 4.250297e+01
9.999954e-01 -5.064372e-04 2.990755e-03 -2.041095e+01 5.084205e-04 9.999997e-01 -6.623640e-04 2.911516e-01 -2.990419e-03 6.638822e-04 9.999953e-01 4.297021e+01
9.999515e-01 7.166320e-04 -9.827552e-03 -2.123116e+01 -7.040950e-04 9.999989e-01 1.279124e-03 3.269353e-01 9.828457e-03 -1.272143e-03 9.999509e-01 4.326793e+01
9.999938e-01 -5.094005e-04 3.486926e-03 -2.163560e+01 5.112394e-04 9.999997e-01 -5.264441e-04 3.378289e-01 -3.486656e-03 5.282241e-04 9.999938e-01 4.328900e+01
9.999741e-01 4.985049e-04 -7.175934e-03 -2.126856e+01 -4.897090e-04 9.999991e-01 1.227476e-03 3.336838e-01 7.176539e-03 -1.223931e-03 9.999735e-01 4.292940e+01
9.999957e-01 -2.773285e-04 2.922773e-03 -2.096724e+01 2.788977e-04 9.999998e-01 -5.364127e-04 3.216183e-01 -2.922624e-03 5.372262e-04 9.999956e-01 4.303253e+01
9.999796e-01 7.745534e-04 -6.340485e-03 -2.028401e+01 -7.663904e-04 9.999989e-01 1.289807e-03 2.825690e-01 6.341476e-03 -1.284922e-03 9.999791e-01 4.375502e+01
9.999947e-01 -3.075664e-04 3.252503e-03 -1.946069e+01 3.087156e-04 9.999999e-01 -3.527574e-04 2.295414e-01 -3.252394e-03 3.537603e-04 9.999946e-01 4.469416e+01
9.999774e-01 5.381268e-04 -6.704642e-03 -1.877492e+01 -5.298901e-04 9.999991e-01 1.230258e-03 1.975451e-01 6.705298e-03 -1.226678e-03 9.999768e-01 4.506574e+01
9.999938e-01 -8.116626e-04 3.440130e-03 -1.848312e+01 8.139113e-04 9.999995e-01 -6.522475e-04 1.997660e-01 -3.439598e-03 6.550440e-04 9.999939e-01 4.434624e+01
9.999385e-01 8.660303e-04 -1.105546e-02 -1.907898e+01 -8.491881e-04 9.999985e-01 1.528052e-03 2.145512e-01 1.105677e-02 -1.518571e-03 9.999377e-01 4.412664e+01
9.999936e-01 -7.196164e-04 3.506473e-03 -1.977965e+01 7.222916e-04 9.999994e-01 -7.616840e-04 2.333508e-01 -3.505923e-03 7.642125e-04 9.999936e-01 4.403124e+01
9.999663e-01 6.718100e-04 -8.176177e-03 -1.986278e+01 -6.605421e-04 9.999988e-01 1.380788e-03 2.322777e-01 8.177095e-03 -1.375342e-03 9.999656e-01 4.380181e+01
9.999965e-01 -5.961377e-04 2.570456e-03 -2.012067e+01 5.979799e-04 9.999996e-01 -7.159009e-04 2.324542e-01 -2.570027e-03 7.174361e-04 9.999964e-01 4.363289e+01
9.999722e-01 3.638983e-04 -7.453251e-03 -2.019463e+01 -3.529629e-04 9.999989e-01 1.468488e-03 2.399496e-01 7.453777e-03 -1.465817e-03 9.999711e-01 4.307292e+01
9.999975e-01 -4.091077e-04 2.199482e-03 -2.037055e+01 4.109214e-04 9.999996e-01 -8.241121e-04 2.424614e-01 -2.199144e-03 8.250146e-04 9.999972e-01 4.272379e+01
9.999825e-01 4.434446e-04 -5.901933e-03 -2.011697e+01 -4.345092e-04 9.999988e-01 1.515227e-03 2.315615e-01 5.902598e-03 -1.512637e-03 9.999814e-01 4.260770e+01
9.999968e-01 -2.886301e-04 2.505436e-03 -1.978038e+01 2.905557e-04 9.999997e-01 -7.681434e-04 2.139196e-01 -2.505214e-03 7.688696e-04 9.999966e-01 4.273241e+01
9.999828e-01 1.778470e-04 -5.867192e-03 -1.948220e+01 -1.696970e-04 9.999990e-01 1.389590e-03 2.068505e-01 5.867433e-03 -1.388571e-03 9.999818e-01 4.243532e+01
9.999964e-01 -3.190889e-04 2.671114e-03 -1.916879e+01 3.210001e-04 9.999997e-01 -7.150235e-04 2.001719e-01 -2.670885e-03 7.158790e-04 9.999962e-01 4.210095e+01
9.999833e-01 9.147209e-04 -5.705162e-03 -1.856600e+01 -9.078282e-04 9.999989e-01 1.210661e-03 1.491585e-01 5.706262e-03 -1.205463e-03 9.999830e-01 4.312713e+01
9.999934e-01 -5.785644e-04 3.589089e-03 -1.792799e+01 5.798553e-04 9.999998e-01 -3.585833e-04 8.438815e-02 -3.588880e-03 3.606627e-04 9.999935e-01 4.444574e+01
9.999729e-01 6.922016e-04 -7.323306e-03 -1.758571e+01 -6.835456e-04 9.999991e-01 1.184442e-03 5.997664e-02 7.324118e-03 -1.179405e-03 9.999725e-01 4.471906e+01
9.999926e-01 -8.015258e-04 3.769937e-03 -1.738703e+01 8.033767e-04 9.999996e-01 -4.893870e-04 5.339198e-02 -3.769542e-03 4.924127e-04 9.999928e-01 4.453773e+01
9.999723e-01 9.035471e-04 -7.391398e-03 -1.705727e+01 -8.939768e-04 9.999988e-01 1.298029e-03 3.849257e-02 7.392562e-03 -1.291385e-03 9.999718e-01 4.457312e+01
9.999883e-01 -4.707709e-04 4.816518e-03 -1.668766e+01 4.749091e-04 9.999995e-01 -8.580154e-04 -6.357190e-03 -4.816112e-03 8.602935e-04 9.999880e-01 4.571321e+01
9.999751e-01 6.973832e-04 -7.015878e-03 -1.645567e+01 -6.872406e-04 9.999987e-01 1.448003e-03 -4.949979e-02 7.016878e-03 -1.443146e-03 9.999743e-01 4.689857e+01
9.999912e-01 -3.985207e-04 4.166188e-03 -1.641898e+01 4.030421e-04 9.999993e-01 -1.084412e-03 -6.687453e-02 -4.165752e-03 1.086082e-03 9.999907e-01 4.773550e+01
9.999782e-01 6.183435e-04 -6.568894e-03 -1.628046e+01 -6.079144e-04 9.999986e-01 1.589570e-03 -9.943376e-02 6.569867e-03 -1.585543e-03 9.999772e-01 4.873947e+01
9.999948e-01 -4.492555e-04 3.188347e-03 -1.619538e+01 4.525672e-04 9.999994e-01 -1.037949e-03 -1.225066e-01 -3.187878e-03 1.039387e-03 9.999944e-01 4.941929e+01
9.999723e-01 6.885744e-04 -7.410310e-03 -1.642985e+01 -6.770783e-04 9.999986e-01 1.553806e-03 -1.162046e-01 7.411369e-03 -1.548747e-03 9.999713e-01 4.997470e+01
9.999981e-01 -4.756200e-04 1.903185e-03 -1.708322e+01 4.776225e-04 9.999993e-01 -1.051747e-03 -8.111873e-02 -1.902683e-03 1.052655e-03 9.999976e-01 5.057253e+01
9.999752e-01 7.376014e-04 -7.003891e-03 -1.760032e+01 -7.267242e-04 9.999985e-01 1.555474e-03 -5.233633e-02 7.005028e-03 -1.550346e-03 9.999743e-01 5.118321e+01
9.999966e-01 -4.952139e-04 2.575766e-03 -1.785631e+01 4.978961e-04 9.999993e-01 -1.040699e-03 -4.278508e-02 -2.575249e-03 1.041979e-03 9.999961e-01 5.163259e+01
9.999775e-01 6.787856e-04 -6.671820e-03 -1.816731e+01 -6.690650e-04 9.999987e-01 1.459129e-03 -3.207251e-02 6.672801e-03 -1.454633e-03 9.999767e-01 5.211946e+01
9.999968e-01 -4.626873e-04 2.474706e-03 -1.820499e+01 4.649751e-04 9.999995e-01 -9.239020e-04 -4.029665e-02 -2.474277e-03 9.250504e-04 9.999965e-01 5.241551e+01
9.999799e-01 5.590281e-04 -6.309186e-03 -1.782279e+01 -5.482933e-04 9.999984e-01 1.703098e-03 -5.040370e-02 6.310128e-03 -1.699605e-03 9.999786e-01 5.230800e+01
9.999994e-01 -4.408346e-04 1.032464e-03 -1.797126e+01 4.418662e-04 9.999994e-01 -9.988540e-04 -4.978042e-02 -1.032023e-03 9.993102e-04 9.999990e-01 5.229445e+01
9.999757e-01 6.006063e-04 -6.951869e-03 -1.847743e+01 -5.896193e-04 9.999986e-01 1.582422e-03 -2.615686e-02 6.952809e-03 -1.578285e-03 9.999746e-01 5.259578e+01
9.999999e-01 -2.879041e-04 -1.802677e-04 -1.962724e+01 2.876953e-04 9.999993e-01 -1.158814e-03 3.608078e-02 1.806015e-04 1.158763e-03 9.999993e-01 5.317305e+01
9.999802e-01 3.914019e-04 -6.285384e-03 -2.051466e+01 -3.815160e-04 9.999987e-01 1.574010e-03 7.336751e-02 6.285991e-03 -1.571582e-03 9.999790e-01 5.359271e+01
9.999983e-01 -1.400897e-04 1.820115e-03 -2.120716e+01 1.424848e-04 9.999991e-01 -1.315733e-03 1.018691e-01 -1.819929e-03 1.315990e-03 9.999975e-01 5.440927e+01
9.999797e-01 3.681775e-04 -6.366946e-03 -2.179642e+01 -3.576248e-04 9.999986e-01 1.658514e-03 1.262936e-01 6.367547e-03 -1.656204e-03 9.999784e-01 5.512557e+01
9.999995e-01 -1.473802e-04 9.534461e-04 -2.247990e+01 1.485615e-04 9.999992e-01 -1.238678e-03 1.629571e-01 -9.532626e-04 1.238820e-03 9.999988e-01 5.579529e+01
9.999786e-01 4.278445e-04 -6.526491e-03 -2.305844e+01 -4.165605e-04 9.999984e-01 1.730257e-03 1.904642e-01 6.527220e-03 -1.727502e-03 9.999772e-01 5.621821e+01
9.999976e-01 -1.224570e-04 2.194612e-03 -2.297426e+01 1.250954e-04 9.999993e-01 -1.201968e-03 1.803178e-01 -2.194463e-03 1.202240e-03 9.999969e-01 5.660263e+01
9.999760e-01 3.752508e-04 -6.915178e-03 -2.306763e+01 -3.629039e-04 9.999983e-01 1.786689e-03 1.824216e-01 6.915837e-03 -1.784138e-03 9.999745e-01 5.682745e+01
9.999990e-01 -1.748998e-04 1.396477e-03 -2.341680e+01 1.765478e-04 9.999993e-01 -1.179924e-03 1.941095e-01 -1.396269e-03 1.180170e-03 9.999983e-01 5.702164e+01
9.999665e-01 3.653248e-04 -8.178634e-03 -2.399838e+01 -3.501429e-04 9.999982e-01 1.857675e-03 2.145897e-01 8.179298e-03 -1.854750e-03 9.999648e-01 5.709971e+01
9.999944e-01 -7.716456e-05 3.336386e-03 -2.412384e+01 8.150407e-05 9.999992e-01 -1.300461e-03 2.144628e-01 -3.336283e-03 1.300726e-03 9.999936e-01 5.731595e+01
9.999688e-01 1.424221e-04 -7.893773e-03 -2.436795e+01 -1.277367e-04 9.999983e-01 1.860882e-03 2.213261e-01 7.894024e-03 -1.859816e-03 9.999671e-01 5.785148e+01
9.999991e-01 6.877475e-05 1.312113e-03 -2.526066e+01 -6.693718e-05 9.999990e-01 -1.400240e-03 2.668179e-01 -1.312208e-03 1.400152e-03 9.999982e-01 5.834488e+01
9.999686e-01 1.425542e-04 -7.926588e-03 -2.588437e+01 -1.261495e-04 9.999978e-01 2.070069e-03 2.889119e-01 7.926866e-03 -2.069005e-03 9.999664e-01 5.846198e+01
9.999974e-01 4.592440e-05 2.294559e-03 -2.636555e+01 -4.244910e-05 9.999989e-01 -1.514483e-03 3.118333e-01 -2.294626e-03 1.514383e-03 9.999962e-01 5.882044e+01
9.999607e-01 2.589443e-04 -8.862239e-03 -2.707601e+01 -2.399984e-04 9.999977e-01 2.138851e-03 3.494837e-01 8.862772e-03 -2.136641e-03 9.999584e-01 5.918149e+01
9.999961e-01 2.810430e-05 2.799549e-03 -2.768071e+01 -2.381186e-05 9.999988e-01 -1.533179e-03 3.831457e-01 -2.799589e-03 1.533107e-03 9.999949e-01 5.957820e+01
9.999548e-01 1.646842e-04 -9.507955e-03 -2.832073e+01 -1.437588e-04 9.999976e-01 2.201493e-03 4.075828e-01 9.508294e-03 -2.200028e-03 9.999524e-01 5.971577e+01
9.999971e-01 -1.235338e-05 2.395405e-03 -2.893919e+01 1.578546e-05 9.999990e-01 -1.432639e-03 4.258603e-01 -2.395385e-03 1.432673e-03 9.999961e-01 5.971079e+01
9.999348e-01 1.422237e-04 -1.142127e-02 -3.008367e+01 -1.169616e-04 9.999975e-01 2.212508e-03 4.760435e-01 1.142156e-02 -2.211028e-03 9.999323e-01 5.983713e+01
9.999930e-01 2.009302e-04 3.748971e-03 -3.117042e+01 -1.953382e-04 9.999989e-01 -1.491830e-03 5.323418e-01 -3.749266e-03 1.491088e-03 9.999919e-01 6.019649e+01
9.999397e-01 -8.138676e-05 -1.098139e-02 -3.187053e+01 1.053108e-04 9.999976e-01 2.178068e-03 5.542887e-01 1.098119e-02 -2.179094e-03 9.999373e-01 6.016927e+01
9.999798e-01 1.893692e-04 6.349339e-03 -3.177472e+01 -1.794968e-04 9.999988e-01 -1.555366e-03 5.521339e-01 -6.349625e-03 1.554195e-03 9.999786e-01 5.992021e+01
9.999389e-01 3.774121e-05 -1.105868e-02 -3.184409e+01 -1.450350e-05 9.999978e-01 2.101409e-03 5.510845e-01 1.105873e-02 -2.101121e-03 9.999366e-01 6.034694e+01
9.999770e-01 2.462733e-04 6.775944e-03 -3.210161e+01 -2.352362e-04 9.999986e-01 -1.629574e-03 5.642093e-01 -6.776336e-03 1.627944e-03 9.999757e-01 6.096808e+01
9.999371e-01 2.283018e-05 -1.121932e-02 -3.195682e+01 2.203582e-06 9.999975e-01 2.231317e-03 5.514869e-01 1.121935e-02 -2.231202e-03 9.999346e-01 6.128374e+01
9.999741e-01 2.279584e-04 7.190372e-03 -3.148723e+01 -2.175337e-04 9.999989e-01 -1.450519e-03 5.326776e-01 -7.190694e-03 1.448917e-03 9.999731e-01 6.144411e+01
9.999396e-01 -1.672385e-04 -1.099334e-02 -3.107020e+01 1.912801e-04 9.999976e-01 2.185939e-03 5.263106e-01 1.099295e-02 -2.187911e-03 9.999372e-01 6.109901e+01
9.999713e-01 -1.463363e-04 7.581046e-03 -3.083694e+01 1.593981e-04 9.999985e-01 -1.722338e-03 5.292448e-01 -7.580782e-03 1.723497e-03 9.999698e-01 6.022578e+01
9.999423e-01 -1.219053e-04 -1.074260e-02 -3.049582e+01 1.460385e-04 9.999975e-01 2.245768e-03 5.324659e-01 1.074230e-02 -2.247208e-03 9.999398e-01 5.945738e+01
9.999717e-01 1.843389e-04 7.524213e-03 -2.994677e+01 -1.732703e-04 9.999989e-01 -1.471657e-03 5.229803e-01 -7.524476e-03 1.470312e-03 9.999706e-01 5.924482e+01
9.999421e-01 5.283699e-06 -1.075990e-02 -2.952209e+01 1.858618e-05 9.999975e-01 2.218338e-03 4.960496e-01 1.075989e-02 -2.218410e-03 9.999397e-01 5.958409e+01
9.999712e-01 1.836207e-04 7.588393e-03 -2.925110e+01 -1.731033e-04 9.999990e-01 -1.386578e-03 4.647576e-01 -7.588640e-03 1.385225e-03 9.999702e-01 6.025826e+01
9.999352e-01 -9.432414e-05 -1.138675e-02 -2.897705e+01 1.188732e-04 9.999977e-01 2.155301e-03 4.490876e-01 1.138652e-02 -2.156516e-03 9.999328e-01 6.044388e+01
9.999760e-01 3.008612e-04 6.927247e-03 -2.863951e+01 -2.918472e-04 9.999991e-01 -1.302166e-03 4.414731e-01 -6.927633e-03 1.300114e-03 9.999752e-01 6.032047e+01
9.999280e-01 -3.107543e-04 -1.199341e-02 -2.868142e+01 3.351198e-04 9.999979e-01 2.029640e-03 4.472457e-01 1.199275e-02 -2.033513e-03 9.999260e-01 6.004037e+01
9.999715e-01 3.436816e-04 7.536577e-03 -2.836607e+01 -3.341266e-04 9.999991e-01 -1.268996e-03 4.452359e-01 -7.537007e-03 1.266442e-03 9.999708e-01 5.959616e+01
9.999369e-01 -2.030443e-04 -1.123068e-02 -2.783290e+01 2.263389e-04 9.999978e-01 2.072995e-03 4.388884e-01 1.123023e-02 -2.075407e-03 9.999348e-01 5.928257e+01
9.999722e-01 4.406604e-04 7.442259e-03 -2.717883e+01 -4.322181e-04 9.999993e-01 -1.135902e-03 4.268612e-01 -7.442754e-03 1.132654e-03 9.999717e-01 5.913060e+01
9.999394e-01 -2.083327e-04 -1.101104e-02 -2.651716e+01 2.311805e-04 9.999978e-01 2.073793e-03 4.145822e-01 1.101058e-02 -2.076214e-03 9.999372e-01 5.898700e+01
9.999712e-01 3.900051e-04 7.585694e-03 -2.600261e+01 -3.807388e-04 9.999992e-01 -1.222908e-03 3.958798e-01 -7.586165e-03 1.219985e-03 9.999705e-01 5.905001e+01
9.999412e-01 -2.486782e-04 -1.084036e-02 -2.557779e+01 2.715313e-04 9.999977e-01 2.106751e-03 3.750986e-01 1.083981e-02 -2.109571e-03 9.999390e-01 5.925691e+01
9.999726e-01 4.130492e-04 7.389095e-03 -2.506688e+01 -4.044753e-04 9.999992e-01 -1.161750e-03 3.550327e-01 -7.389569e-03 1.158730e-03 9.999720e-01 5.937288e+01
9.999304e-01 -4.492906e-05 -1.179956e-02 -2.448073e+01 6.966188e-05 9.999978e-01 2.095704e-03 3.335319e-01 1.179944e-02 -2.096381e-03 9.999282e-01 5.947536e+01
9.999685e-01 2.676444e-04 7.932218e-03 -2.399871e+01 -2.575927e-04 9.999992e-01 -1.268147e-03 3.124956e-01 -7.932551e-03 1.266064e-03 9.999677e-01 5.960963e+01
9.999316e-01 -5.059732e-05 -1.169231e-02 -2.350867e+01 7.556159e-05 9.999977e-01 2.134698e-03 2.896038e-01 1.169217e-02 -2.135436e-03 9.999294e-01 5.979841e+01
9.999731e-01 4.545168e-04 7.324136e-03 -2.288936e+01 -4.460336e-04 9.999992e-01 -1.159799e-03 2.697677e-01 -7.324658e-03 1.156502e-03 9.999725e-01 5.984480e+01
9.999291e-01 -2.226714e-04 -1.190309e-02 -2.275150e+01 2.448483e-04 9.999982e-01 1.861725e-03 2.615988e-01 1.190265e-02 -1.864508e-03 9.999274e-01 6.001078e+01
9.999788e-01 3.992844e-04 6.505927e-03 -2.284341e+01 -3.919164e-04 9.999993e-01 -1.133688e-03 2.601544e-01 -6.506375e-03 1.131115e-03 9.999782e-01 6.014911e+01
9.999290e-01 -1.808476e-04 -1.191298e-02 -2.276703e+01 2.042969e-04 9.999980e-01 1.967219e-03 2.577841e-01 1.191260e-02 -1.969514e-03 9.999271e-01 6.007716e+01
9.999701e-01 4.854409e-04 7.713151e-03 -2.226313e+01 -4.765174e-04 9.999992e-01 -1.158670e-03 2.346642e-01 -7.713707e-03 1.154961e-03 9.999696e-01 6.027241e+01
9.999425e-01 -5.332601e-04 -1.071475e-02 -2.179715e+01 5.548343e-04 9.999978e-01 2.010672e-03 2.297386e-01 1.071365e-02 -2.016502e-03 9.999406e-01 5.999334e+01
9.999723e-01 1.948370e-04 7.446722e-03 -2.152726e+01 -1.840803e-04 9.999989e-01 -1.445105e-03 2.325306e-01 -7.446996e-03 1.443694e-03 9.999712e-01 5.920607e+01
9.999428e-01 -3.519715e-04 -1.068833e-02 -2.113805e+01 3.750803e-04 9.999976e-01 2.160158e-03 2.303379e-01 1.068754e-02 -2.164044e-03 9.999405e-01 5.871618e+01
9.999747e-01 5.267989e-04 7.091236e-03 -2.080570e+01 -5.161449e-04 9.999987e-01 -1.504122e-03 2.076886e-01 -7.092019e-03 1.500425e-03 9.999737e-01 5.908528e+01
9.999400e-01 -4.201156e-04 -1.094858e-02 -2.047517e+01 4.442695e-04 9.999975e-01 2.203814e-03 1.936539e-01 1.094763e-02 -2.208547e-03 9.999376e-01 5.902035e+01
9.999725e-01 4.292185e-04 7.406049e-03 -2.000308e+01 -4.178396e-04 9.999987e-01 -1.537864e-03 1.892559e-01 -7.406700e-03 1.534728e-03 9.999714e-01 5.858537e+01
9.999331e-01 -1.679950e-04 -1.156850e-02 -1.957925e+01 1.949647e-04 9.999973e-01 2.330244e-03 1.701960e-01 1.156808e-02 -2.332344e-03 9.999304e-01 5.868447e+01
9.999722e-01 4.481075e-04 7.444570e-03 -1.918382e+01 -4.361643e-04 9.999986e-01 -1.605778e-03 1.460687e-01 -7.445279e-03 1.602486e-03 9.999710e-01 5.903110e+01
9.999363e-01 -1.645833e-04 -1.128252e-02 -1.861940e+01 1.921570e-04 9.999970e-01 2.442917e-03 1.210641e-01 1.128208e-02 -2.444931e-03 9.999334e-01 5.931659e+01
9.999706e-01 4.429400e-04 7.658706e-03 -1.798275e+01 -4.311576e-04 9.999987e-01 -1.539967e-03 1.055544e-01 -7.659378e-03 1.536620e-03 9.999695e-01 5.928136e+01
9.999355e-01 -2.667416e-04 -1.135205e-02 -1.792365e+01 2.895084e-04 9.999980e-01 2.003957e-03 9.169737e-02 1.135149e-02 -2.007115e-03 9.999336e-01 5.964752e+01
9.999707e-01 5.324309e-04 7.641041e-03 -1.760347e+01 -5.224807e-04 9.999990e-01 -1.304102e-03 7.131189e-02 -7.641728e-03 1.300072e-03 9.999700e-01 5.998925e+01
9.999343e-01 -3.005087e-04 -1.145637e-02 -1.730920e+01 3.227076e-04 9.999981e-01 1.935920e-03 5.113987e-02 1.145576e-02 -1.939491e-03 9.999325e-01 6.025378e+01
9.999735e-01 5.101196e-04 7.260068e-03 -1.698774e+01 -5.014485e-04 9.999992e-01 -1.196080e-03 2.444613e-02 -7.260671e-03 1.192408e-03 9.999729e-01 6.061059e+01
9.999305e-01 -1.436280e-04 -1.178608e-02 -1.637371e+01 1.691099e-04 9.999977e-01 2.161096e-03 3.513772e-03 1.178574e-02 -2.162939e-03 9.999282e-01 6.071621e+01
9.999783e-01 3.787873e-04 6.574706e-03 -1.662100e+01 -3.683770e-04 9.999987e-01 -1.584464e-03 1.791843e-02 -6.575297e-03 1.582008e-03 9.999771e-01 6.118020e+01
9.999384e-01 -5.899608e-05 -1.109548e-02 -1.684254e+01 8.083138e-05 9.999981e-01 1.967540e-03 3.483757e-02 1.109534e-02 -1.968316e-03 9.999365e-01 6.173971e+01
9.999754e-01 5.127457e-04 6.994239e-03 -1.593431e+01 -5.068255e-04 9.999995e-01 -8.481341e-04 2.204549e-02 -6.994670e-03 8.445690e-04 9.999752e-01 6.155172e+01
9.999355e-01 -1.123096e-04 -1.135419e-02 -1.504152e+01 1.344089e-04 9.999981e-01 1.945640e-03 1.158309e-02 1.135395e-02 -1.947042e-03 9.999336e-01 6.133236e+01
9.999775e-01 4.757652e-04 6.684366e-03 -1.443963e+01 -4.693782e-04 9.999994e-01 -9.570041e-04 -6.238603e-03 -6.684817e-03 9.538458e-04 9.999772e-01 6.140263e+01
9.999386e-01 -2.012496e-04 -1.107855e-02 -1.402036e+01 2.210763e-04 9.999984e-01 1.788484e-03 -1.344647e-02 1.107817e-02 -1.790824e-03 9.999370e-01 6.140548e+01
9.999800e-01 6.685651e-04 6.290743e-03 -1.333480e+01 -6.625662e-04 9.999993e-01 -9.555937e-04 -3.944794e-02 -6.291377e-03 9.514072e-04 9.999798e-01 6.166954e+01
9.999409e-01 -2.326893e-04 -1.087351e-02 -1.243149e+01 2.553269e-04 9.999978e-01 2.080599e-03 -7.679279e-02 1.087301e-02 -2.083253e-03 9.999387e-01 6.208439e+01
9.999767e-01 5.020265e-04 6.808747e-03 -1.198850e+01 -4.935110e-04 9.999991e-01 -1.252241e-03 -1.001631e-01 -6.809370e-03 1.248853e-03 9.999760e-01 6.234287e+01
9.999440e-01 -3.262934e-04 -1.057380e-02 -1.174351e+01 3.468646e-04 9.999981e-01 1.943749e-03 -1.148051e-01 1.057315e-02 -1.947308e-03 9.999422e-01 6.262208e+01
9.999745e-01 4.292416e-04 7.123830e-03 -1.140785e+01 -4.200869e-04 9.999991e-01 -1.286475e-03 -1.263335e-01 -7.124375e-03 1.283451e-03 9.999738e-01 6.256507e+01
9.999397e-01 -3.153938e-04 -1.097614e-02 -1.117834e+01 3.368213e-04 9.999980e-01 1.950421e-03 -1.433321e-01 1.097551e-02 -1.954001e-03 9.999379e-01 6.268359e+01
9.999818e-01 8.892610e-04 5.966479e-03 -1.038832e+01 -8.829165e-04 9.999990e-01 -1.065852e-03 -1.742627e-01 -5.967421e-03 1.060565e-03 9.999816e-01 6.295936e+01
9.999472e-01 -2.718204e-04 -1.027415e-02 -9.277006e+00 2.943050e-04 9.999976e-01 2.187058e-03 -1.988875e-01 1.027353e-02 -2.189967e-03 9.999448e-01 6.297773e+01
9.999858e-01 3.311522e-04 5.312713e-03 -9.357977e+00 -3.233188e-04 9.999989e-01 -1.475174e-03 -1.981439e-01 -5.313195e-03 1.473436e-03 9.999848e-01 6.289710e+01
9.999330e-01 -2.843491e-04 -1.156806e-02 -9.762765e+00 3.094036e-04 9.999976e-01 2.164138e-03 -1.877775e-01 1.156742e-02 -2.167573e-03 9.999307e-01 6.267307e+01
9.999690e-01 2.821911e-05 7.868200e-03 -9.645127e+00 -1.506727e-05 9.999986e-01 -1.671524e-03 -1.887007e-01 -7.868236e-03 1.671354e-03 9.999676e-01 6.196598e+01
9.999337e-01 -1.884861e-05 -1.151752e-02 -9.444199e+00 4.568834e-05 9.999973e-01 2.330114e-03 -1.987916e-01 1.151744e-02 -2.330486e-03 9.999310e-01 6.170328e+01
9.999671e-01 1.546092e-04 8.105767e-03 -9.071149e+00 -1.419767e-04 9.999988e-01 -1.558963e-03 -2.226400e-01 -8.105998e-03 1.557761e-03 9.999659e-01 6.206900e+01
9.999261e-01 1.994377e-04 -1.215320e-02 -8.426725e+00 -1.699080e-04 9.999970e-01 2.430799e-03 -2.499446e-01 1.215364e-02 -2.428555e-03 9.999232e-01 6.230396e+01
9.999640e-01 6.024049e-05 8.481049e-03 -7.753442e+00 -4.719525e-05 9.999988e-01 -1.538311e-03 -2.717507e-01 -8.481131e-03 1.537856e-03 9.999629e-01 6.241685e+01
9.999388e-01 -2.394026e-04 -1.106031e-02 -7.315672e+00 2.629889e-04 9.999977e-01 2.131145e-03 -2.742610e-01 1.105978e-02 -2.133924e-03 9.999366e-01 6.192677e+01
9.999615e-01 5.894183e-04 8.756636e-03 -6.248061e+00 -5.783463e-04 9.999990e-01 -1.266847e-03 -3.191063e-01 -8.757374e-03 1.261735e-03 9.999609e-01 6.238123e+01
9.999323e-01 -1.508870e-04 -1.163282e-02 -5.143167e+00 1.809257e-04 9.999967e-01 2.581254e-03 -3.674026e-01 1.163239e-02 -2.583185e-03 9.999290e-01 6.303701e+01
9.999621e-01 1.273126e-04 8.706424e-03 -4.588374e+00 -1.109880e-04 9.999982e-01 -1.875421e-03 -3.710143e-01 -8.706648e-03 1.874384e-03 9.999603e-01 6.259573e+01
9.999233e-01 1.522920e-04 -1.238461e-02 -3.855799e+00 -1.167658e-04 9.999959e-01 2.869280e-03 -3.875313e-01 1.238499e-02 -2.867615e-03 9.999192e-01 6.251605e+01
9.999679e-01 2.214980e-04 8.010230e-03 -3.329671e+00 -2.046612e-04 9.999978e-01 -2.102623e-03 -4.146021e-01 -8.010677e-03 2.100917e-03 9.999657e-01 6.286840e+01
9.999255e-01 1.250448e-04 -1.220801e-02 -2.809051e+00 -8.975214e-05 9.999958e-01 2.891482e-03 -4.441508e-01 1.220832e-02 -2.890172e-03 9.999213e-01 6.328072e+01
9.999750e-01 5.389747e-05 7.064264e-03 -2.831684e+00 -3.891122e-05 9.999977e-01 -2.121482e-03 -4.456444e-01 -7.064362e-03 2.121155e-03 9.999728e-01 6.365518e+01
9.999024e-01 8.331888e-05 -1.396946e-02 -3.310179e+00 -4.297639e-05 9.999958e-01 2.888210e-03 -4.349971e-01 1.396964e-02 -2.887328e-03 9.998983e-01 6.350969e+01
9.999523e-01 2.158321e-04 9.763086e-03 -2.836907e+00 -1.943914e-04 9.999976e-01 -2.196959e-03 -4.602193e-01 -9.763536e-03 2.194957e-03 9.999499e-01 6.380314e+01
9.998970e-01 6.729764e-04 -1.433934e-02 -1.346870e+00 -6.272335e-04 9.999947e-01 3.194310e-03 -5.164066e-01 1.434141e-02 -3.184988e-03 9.998921e-01 6.462151e+01
