9.999946e-01 3.634493e-04 -3.255894e-03 4.642250e-01 -3.608843e-04 9.999996e-01 7.883667e-04 -3.741026e-02 3.256179e-03 -7.871881e-04 9.999944e-01 7.791781e-01
1.000000e+00 1.620694e-04 2.082337e-04 9.920336e-01 -1.620680e-04 1.000000e+00 -6.724386e-06 -8.240702e-02 -2.082344e-04 6.691351e-06 1.000000e+00 1.905212e+00
9.999936e-01 -6.366359e-06 -3.567521e-03 1.355781e+00 9.340270e-06 9.999997e-01 8.335984e-04 -1.079010e-01 3.567514e-03 -8.336271e-04 9.999933e-01 2.169047e+00
1.000000e+00 2.080293e-04 5.804129e-05 1.865435e+00 -2.080300e-04 1.000000e+00 1.299687e-05 -1.349863e-01 -5.803825e-05 -1.300823e-05 1.000000e+00 2.369931e+00
9.999954e-01 -5.385210e-05 -3.041861e-03 2.344318e+00 5.655648e-05 9.999996e-01 8.889846e-04 -1.669202e-01 3.041812e-03 -8.891532e-04 9.999950e-01 2.826519e+00
1.000000e+00 1.822361e-04 7.278027e-05 2.793236e+00 -1.822399e-04 1.000000e+00 5.233864e-05 -1.986030e-01 -7.277039e-05 -5.235119e-05 1.000000e+00 3.257547e+00
9.999927e-01 2.685270e-05 -3.816631e-03 3.392610e+00 -2.353591e-05 9.999996e-01 8.690855e-04 -2.280364e-01 3.816653e-03 -8.689900e-04 9.999923e-01 3.536118e+00
9.999999e-01 1.592501e-04 2.969299e-04 4.176692e+00 -1.593348e-04 9.999999e-01 2.854850e-04 -2.521738e-01 -2.968841e-04 -2.855316e-04 9.999999e-01 3.599293e+00
9.999958e-01 -1.957746e-04 -2.901430e-03 4.867992e+00 1.976250e-04 9.999998e-01 6.375189e-04 -2.586615e-01 2.901305e-03 -6.380903e-04 9.999956e-01 3.226768e+00
1.000000e+00 2.720853e-04 1.578298e-04 5.146701e+00 -2.721155e-04 9.999999e-01 1.914119e-04 -2.831999e-01 -1.577774e-04 -1.914542e-04 1.000000e+00 3.873581e+00
9.999924e-01 -2.078593e-04 -3.893145e-03 5.752685e+00 2.105709e-04 9.999997e-01 6.961166e-04 -3.085998e-01 3.892999e-03 -6.969318e-04 9.999922e-01 4.079702e+00
9.999999e-01 3.533300e-05 3.842263e-04 6.389074e+00 -3.548596e-05 9.999999e-01 3.981910e-04 -3.034105e-01 -3.842119e-04 -3.982039e-04 9.999998e-01 3.138339e+00
9.999927e-01 -3.172212e-04 -3.798887e-03 6.644782e+00 3.193773e-04 9.999998e-01 5.669728e-04 -3.028217e-01 3.798706e-03 -5.681826e-04 9.999926e-01 2.414343e+00
9.999998e-01 4.766839e-04 4.284885e-04 7.144194e+00 -4.768144e-04 9.999998e-01 3.044100e-04 -3.325937e-01 -4.283430e-04 -3.046136e-04 9.999999e-01 2.878009e+00
9.999933e-01 1.361783e-04 -3.656239e-03 7.592732e+00 -1.349067e-04 9.999999e-01 3.480345e-04 -3.676007e-01 3.656286e-03 -3.475396e-04 9.999933e-01 4.031068e+00
9.999998e-01 6.247927e-04 -1.143114e-04 9.058266e+00 -6.246428e-04 9.999990e-01 1.306604e-03 -3.944316e-01 1.151280e-04 -1.306532e-03 9.999991e-01 4.450522e+00
9.999984e-01 1.384915e-04 -1.807984e-03 1.294880e+01 -1.358092e-04 9.999989e-01 1.483638e-03 -3.662524e-01 1.808187e-03 -1.483391e-03 9.999973e-01 2.488530e+00
9.999998e-01 5.841046e-04 -2.633090e-04 1.683785e+01 -5.837309e-04 9.999988e-01 1.416832e-03 -3.336356e-01 2.641366e-04 -1.416677e-03 9.999990e-01 3.981530e-01
9.999918e-01 4.112816e-05 -4.058893e-03 1.973180e+01 -3.590424e-05 9.999992e-01 1.287107e-03 -2.990392e-01 4.058942e-03 -1.286951e-03 9.999909e-01 -1.171977e+00
9.999986e-01 4.426196e-04 1.594694e-03 2.338964e+01 -4.450384e-04 9.999988e-01 1.516789e-03 -2.650370e-01 -1.594021e-03 -1.517496e-03 9.999976e-01 -3.310541e+00
9.999911e-01 5.874660e-05 -4.213875e-03 2.707947e+01 -5.365414e-05 9.999993e-01 1.208611e-03 -2.249455e-01 4.213943e-03 -1.208375e-03 9.999904e-01 -5.734182e+00
9.999976e-01 5.277557e-04 2.113639e-03 3.122661e+01 -5.315980e-04 9.999982e-01 1.817711e-03 -1.844547e-01 -2.112675e-03 -1.818829e-03 9.999961e-01 -8.137207e+00
9.999919e-01 4.242739e-04 -4.007293e-03 3.573406e+01 -4.197047e-04 9.999993e-01 1.140986e-03 -1.479205e-01 4.007774e-03 -1.139296e-03 9.999913e-01 -1.050372e+01
9.999984e-01 3.857482e-04 1.737921e-03 3.952561e+01 -3.886648e-04 9.999985e-01 1.678193e-03 -1.381836e-01 -1.737271e-03 -1.678865e-03 9.999971e-01 -1.198774e+01
9.999926e-01 6.515699e-05 -3.854036e-03 4.315327e+01 -6.150652e-05 9.999995e-01 9.473015e-04 -1.014727e-01 3.854095e-03 -9.470581e-04 9.999921e-01 -1.435566e+01
9.999988e-01 1.808020e-04 1.506532e-03 4.693926e+01 -1.836169e-04 9.999982e-01 1.868563e-03 -5.774597e-02 -1.506192e-03 -1.868837e-03 9.999971e-01 -1.697034e+01
9.999910e-01 2.819242e-04 -4.240068e-03 5.112703e+01 -2.771647e-04 9.999993e-01 1.123046e-03 -2.221153e-02 4.240381e-03 -1.121861e-03 9.999904e-01 -1.949203e+01
9.999985e-01 5.338417e-04 1.620694e-03 5.519355e+01 -5.364301e-04 9.999986e-01 1.597139e-03 9.199460e-04 -1.619839e-03 -1.598005e-03 9.999974e-01 -2.161382e+01
9.999905e-01 2.525795e-04 -4.354278e-03 5.892682e+01 -2.477898e-04 9.999994e-01 1.100507e-03 8.045653e-03 4.354553e-03 -1.099419e-03 9.999899e-01 -2.322083e+01
9.999995e-01 3.590595e-04 -9.285861e-04 6.156432e+01 -3.577919e-04 9.999990e-01 1.364854e-03 2.514104e-02 9.290756e-04 -1.364520e-03 9.999986e-01 -2.449282e+01
9.999649e-01 2.479988e-04 -8.373935e-03 6.234365e+01 -2.413661e-04 9.999997e-01 7.930698e-04 7.247341e-02 8.374128e-03 -7.910215e-04 9.999646e-01 -2.503429e+01
9.999971e-01 1.563805e-04 -2.404081e-03 6.288593e+01 -1.529486e-04 9.999990e-01 1.427620e-03 1.336907e-01 2.404302e-03 -1.427247e-03 9.999961e-01 -2.590547e+01
9.999513e-01 5.814645e-04 -9.850607e-03 6.270707e+01 -5.774331e-04 9.999997e-01 4.120968e-04 1.928068e-01 9.850844e-03 -4.063894e-04 9.999514e-01 -2.614238e+01
9.999990e-01 4.235037e-04 1.349040e-03 6.403782e+01 -4.260090e-04 9.999982e-01 1.857431e-03 2.303963e-01 -1.348250e-03 -1.858004e-03 9.999974e-01 -2.646853e+01
9.999484e-01 2.732184e-04 -1.015221e-02 6.549288e+01 -2.676508e-04 9.999998e-01 5.497762e-04 2.788609e-01 1.015236e-02 -5.470313e-04 9.999483e-01 -2.728240e+01
9.999996e-01 6.803241e-04 -5.898017e-04 6.621525e+01 -6.794158e-04 9.999986e-01 1.538676e-03 3.264020e-01 5.908480e-04 -1.538274e-03 9.999986e-01 -2.742402e+01
9.999810e-01 4.550110e-04 -6.145324e-03 6.589107e+01 -4.587426e-04 9.999997e-01 -6.058271e-04 3.473857e-01 6.145047e-03 6.086340e-04 9.999809e-01 -2.630528e+01
9.999946e-01 4.647441e-04 -3.250181e-03 6.712949e+01 -4.548784e-04 9.999953e-01 3.035474e-03 3.913379e-01 3.251577e-03 -3.033979e-03 9.999901e-01 -2.668841e+01
9.999960e-01 1.194551e-03 -2.547773e-03 7.009606e+01 -1.195852e-03 9.999992e-01 -5.089667e-04 3.904717e-01 2.547163e-03 5.120107e-04 9.999966e-01 -2.668839e+01
9.999925e-01 -3.029190e-05 -3.883407e-03 7.333969e+01 4.195867e-05 9.999955e-01 3.004197e-03 3.881928e-01 3.883299e-03 -3.004337e-03 9.999879e-01 -2.718985e+01
9.999940e-01 2.352625e-03 -2.544552e-03 7.557420e+01 -2.358277e-03 9.999948e-01 -2.220278e-03 2.898296e-01 2.539315e-03 2.226265e-03 9.999943e-01 -2.440986e+01
9.999988e-01 2.891236e-04 -1.540773e-03 7.822862e+01 -2.831578e-04 9.999925e-01 3.870711e-03 1.851557e-01 1.541881e-03 -3.870270e-03 9.999913e-01 -2.167232e+01
9.999608e-01 3.286411e-03 8.225111e-03 8.062703e+01 -3.242718e-03 9.999806e-01 -5.319840e-03 -6.168474e-02 -8.242435e-03 5.292959e-03 9.999520e-01 -1.331200e+01
9.999919e-01 -7.300291e-04 -3.951435e-03 8.152110e+01 7.465531e-04 9.999910e-01 4.181893e-03 -2.104919e-01 3.948346e-03 -4.184808e-03 9.999834e-01 -5.068493e+00
9.999076e-01 3.331201e-03 1.318149e-02 8.294204e+01 -3.255299e-03 9.999780e-01 -5.775456e-03 -4.231112e-01 -1.320044e-02 5.732012e-03 9.998964e-01 4.194863e+00
9.999650e-01 -2.348280e-03 -8.032315e-03 8.331180e+01 2.384641e-03 9.999869e-01 4.520200e-03 -5.471745e-01 8.021595e-03 -4.539195e-03 9.999575e-01 1.137531e+01
9.999392e-01 3.703224e-03 1.038605e-02 8.233128e+01 -3.648139e-03 9.999792e-01 -5.317641e-03 -5.797509e-01 -1.040552e-02 5.279428e-03 9.999319e-01 1.942232e+01
9.999876e-01 -2.333693e-03 -4.389175e-03 8.221874e+01 2.352789e-03 9.999878e-01 4.350611e-03 -6.772366e-01 4.378968e-03 -4.360884e-03 9.999809e-01 2.714558e+01
9.999818e-01 3.312171e-03 5.046075e-03 8.150167e+01 -3.290570e-03 9.999854e-01 -4.283000e-03 -6.982755e-01 -5.060188e-03 4.266317e-03 9.999781e-01 3.216004e+01
9.999127e-01 -3.240383e-03 -1.281349e-02 8.057243e+01 3.306357e-03 9.999814e-01 5.130962e-03 -6.904762e-01 1.279663e-02 -5.172879e-03 9.999047e-01 3.320588e+01
9.998969e-01 4.180640e-03 1.374078e-02 8.117198e+01 -4.100681e-03 9.999745e-01 -5.842132e-03 -7.859899e-01 -1.376486e-02 5.785182e-03 9.998885e-01 3.773470e+01
9.999520e-01 -2.870805e-03 -9.370633e-03 8.194282e+01 2.925964e-03 9.999784e-01 5.877951e-03 -9.193811e-01 9.353557e-03 -5.905086e-03 9.999388e-01 4.260235e+01
9.999806e-01 3.121323e-03 5.398504e-03 8.248962e+01 -3.093836e-03 9.999822e-01 -5.092440e-03 -9.345919e-01 -5.414304e-03 5.075638e-03 9.999725e-01 4.254078e+01
9.999348e-01 -3.067103e-03 -1.100116e-02 8.223094e+01 3.130947e-03 9.999783e-01 5.790802e-03 -9.332428e-01 1.098316e-02 -5.824868e-03 9.999227e-01 4.239754e+01
9.999744e-01 3.259769e-03 6.366893e-03 8.210960e+01 -3.226684e-03 9.999813e-01 -5.199843e-03 -9.412462e-01 -6.383725e-03 5.179165e-03 9.999662e-01 4.271669e+01
9.999603e-01 -2.608949e-03 -8.518394e-03 8.267012e+01 2.654773e-03 9.999820e-01 5.372537e-03 -1.005180e+00 8.504224e-03 -5.394938e-03 9.999493e-01 4.449792e+01
9.999681e-01 3.166388e-03 7.338774e-03 8.328167e+01 -3.131913e-03 9.999840e-01 -4.704343e-03 -1.079679e+00 -7.353552e-03 4.681208e-03 9.999620e-01 4.632244e+01
9.999478e-01 -3.156298e-03 -9.715296e-03 8.328753e+01 3.204133e-03 9.999828e-01 4.912063e-03 -1.110715e+00 9.699625e-03 -4.942935e-03 9.999407e-01 4.793623e+01
9.999657e-01 3.662711e-03 7.431509e-03 8.340558e+01 -3.629105e-03 9.999832e-01 -4.530606e-03 -1.147417e+00 -7.447979e-03 4.503480e-03 9.999621e-01 4.951912e+01
9.999131e-01 -3.602588e-03 -1.268177e-02 8.335955e+01 3.669256e-03 9.999796e-01 5.237632e-03 -1.145934e+00 1.266264e-02 -5.283709e-03 9.999059e-01 4.931818e+01
9.999736e-01 3.413278e-03 6.413204e-03 8.296714e+01 -3.384210e-03 9.999840e-01 -4.537920e-03 -1.129199e+00 -6.428591e-03 4.516096e-03 9.999691e-01 4.874106e+01
9.999011e-01 -3.458980e-03 -1.363146e-02 8.227523e+01 3.530223e-03 9.999802e-01 5.205738e-03 -1.102020e+00 1.361318e-02 -5.253344e-03 9.998935e-01 4.833547e+01
9.999592e-01 3.381832e-03 8.373737e-03 8.210062e+01 -3.344117e-03 9.999842e-01 -4.513825e-03 -1.091317e+00 -8.388870e-03 4.485637e-03 9.999548e-01 4.796437e+01
9.999131e-01 -3.521258e-03 -1.270610e-02 8.219225e+01 3.587565e-03 9.999800e-01 5.199526e-03 -1.086581e+00 1.268754e-02 -5.244657e-03 9.999058e-01 4.751048e+01
9.999569e-01 3.527468e-03 8.588369e-03 8.240150e+01 -3.488883e-03 9.999838e-01 -4.503618e-03 -1.088755e+00 -8.604117e-03 4.473460e-03 9.999530e-01 4.727005e+01
9.999219e-01 -3.429794e-03 -1.202039e-02 8.263913e+01 3.491249e-03 9.999809e-01 5.095354e-03 -1.096901e+00 1.200269e-02 -5.136921e-03 9.999148e-01 4.723308e+01
9.999598e-01 3.565983e-03 8.224003e-03 8.297429e+01 -3.530380e-03 9.999844e-01 -4.339555e-03 -1.113815e+00 -8.239350e-03 4.310346e-03 9.999568e-01 4.735413e+01
9.999139e-01 -3.745789e-03 -1.257957e-02 8.301351e+01 3.808865e-03 9.999803e-01 4.993935e-03 -1.111436e+00 1.256062e-02 -5.041418e-03 9.999084e-01 4.683022e+01
9.999550e-01 3.393426e-03 8.863367e-03 8.319270e+01 -3.354070e-03 9.999845e-01 -4.451452e-03 -1.108740e+00 -8.878335e-03 4.421522e-03 9.999508e-01 4.596654e+01
9.999180e-01 -3.101256e-03 -1.242128e-02 8.388804e+01 3.166426e-03 9.999813e-01 5.230436e-03 -1.126929e+00 1.240483e-02 -5.269338e-03 9.999092e-01 4.591847e+01
9.999471e-01 3.011575e-03 9.839952e-03 8.451724e+01 -2.967407e-03 9.999855e-01 -4.500221e-03 -1.126323e+00 -9.853362e-03 4.470783e-03 9.999415e-01 4.535017e+01
9.999043e-01 -3.607620e-03 -1.335902e-02 8.466624e+01 3.673694e-03 9.999811e-01 4.924770e-03 -1.119772e+00 1.334100e-02 -4.973374e-03 9.998986e-01 4.416869e+01
9.999430e-01 3.373437e-03 1.013239e-02 8.472830e+01 -3.327584e-03 9.999842e-01 -4.538926e-03 -1.121196e+00 -1.014754e-02 4.504950e-03 9.999384e-01 4.368497e+01
9.999051e-01 -3.601819e-03 -1.329833e-02 8.501455e+01 3.668982e-03 9.999806e-01 5.029512e-03 -1.123080e+00 1.327996e-02 -5.077825e-03 9.998989e-01 4.307678e+01
9.999451e-01 3.211134e-03 9.975360e-03 8.523510e+01 -3.166651e-03 9.999850e-01 -4.471914e-03 -1.120066e+00 -9.989570e-03 4.440080e-03 9.999402e-01 4.223986e+01
9.999042e-01 -3.611557e-03 -1.335892e-02 8.541904e+01 3.678189e-03 9.999809e-01 4.966594e-03 -1.117452e+00 1.334072e-02 -5.015255e-03 9.998984e-01 4.139156e+01
9.999510e-01 3.218240e-03 9.361515e-03 8.549947e+01 -3.177536e-03 9.999854e-01 -4.359689e-03 -1.114848e+00 -9.375409e-03 4.329728e-03 9.999467e-01 4.049339e+01
9.999133e-01 -3.678792e-03 -1.264283e-02 8.569829e+01 3.739398e-03 9.999816e-01 4.773371e-03 -1.110307e+00 1.262504e-02 -4.820233e-03 9.999087e-01 3.950618e+01
9.999524e-01 3.098261e-03 9.257155e-03 8.583730e+01 -3.057564e-03 9.999856e-01 -4.407307e-03 -1.103378e+00 -9.270677e-03 4.378792e-03 9.999474e-01 3.826865e+01
9.999122e-01 -3.623808e-03 -1.274323e-02 8.602785e+01 3.687250e-03 9.999809e-01 4.958506e-03 -1.097572e+00 1.272502e-02 -5.005057e-03 9.999065e-01 3.718934e+01
9.999518e-01 3.496713e-03 9.174050e-03 8.644705e+01 -3.457712e-03 9.999849e-01 -4.263574e-03 -1.094884e+00 -9.188821e-03 4.231646e-03 9.999488e-01 3.651537e+01
9.998824e-01 -3.857695e-03 -1.484052e-02 8.622271e+01 3.931186e-03 9.999801e-01 4.926082e-03 -1.083718e+00 1.482122e-02 -4.983843e-03 9.998777e-01 3.561748e+01
9.999512e-01 3.805458e-03 9.111834e-03 8.590326e+01 -3.767635e-03 9.999842e-01 -4.164535e-03 -1.070541e+00 -9.127538e-03 4.130001e-03 9.999498e-01 3.522076e+01
9.998834e-01 -3.792878e-03 -1.478861e-02 8.548721e+01 3.863070e-03 9.999814e-01 4.720691e-03 -1.054184e+00 1.477043e-02 -4.777270e-03 9.998795e-01 3.498477e+01
9.999560e-01 3.825929e-03 8.569707e-03 8.496147e+01 -3.791052e-03 9.999845e-01 -4.082464e-03 -1.035823e+00 -8.585194e-03 4.049796e-03 9.999549e-01 3.477245e+01
9.999198e-01 -3.571623e-03 -1.215290e-02 8.509876e+01 3.626357e-03 9.999834e-01 4.484779e-03 -1.044091e+00 1.213668e-02 -4.528489e-03 9.999161e-01 3.509455e+01
9.999598e-01 3.790771e-03 8.128747e-03 8.556631e+01 -3.761551e-03 9.999864e-01 -3.606932e-03 -1.062169e+00 -8.142310e-03 3.576209e-03 9.999605e-01 3.523474e+01
9.999134e-01 -3.907747e-03 -1.256850e-02 8.555503e+01 3.961724e-03 9.999830e-01 4.272634e-03 -1.057520e+00 1.255159e-02 -4.322056e-03 9.999119e-01 3.484623e+01
9.999727e-01 4.091415e-03 6.153148e-03 8.503690e+01 -4.069230e-03 9.999852e-01 -3.613641e-03 -1.041333e+00 -6.167842e-03 3.588503e-03 9.999745e-01 3.488133e+01
9.999224e-01 -4.115098e-03 -1.175804e-02 8.483752e+01 4.166124e-03 9.999820e-01 4.318450e-03 -1.026644e+00 1.174006e-02 -4.367100e-03 9.999215e-01 3.455070e+01
9.999706e-01 4.137187e-03 6.451272e-03 8.468331e+01 -4.114129e-03 9.999851e-01 -3.583507e-03 -1.011049e+00 -6.466002e-03 3.556860e-03 9.999728e-01 3.432321e+01
9.999340e-01 -3.951880e-03 -1.078870e-02 8.506539e+01 3.999007e-03 9.999825e-01 4.350093e-03 -1.007193e+00 1.077132e-02 -4.392949e-03 9.999323e-01 3.403517e+01
9.999625e-01 4.266470e-03 7.531855e-03 8.517917e+01 -4.237135e-03 9.999834e-01 -3.906379e-03 -1.026288e+00 -7.548397e-03 3.874318e-03 9.999640e-01 3.464177e+01
9.999328e-01 -4.026972e-03 -1.086729e-02 8.526686e+01 4.075922e-03 9.999816e-01 4.485993e-03 -1.043965e+00 1.084903e-02 -4.529986e-03 9.999309e-01 3.525227e+01
9.999774e-01 4.228047e-03 5.220479e-03 8.515072e+01 -4.208598e-03 9.999842e-01 -3.730862e-03 -1.034427e+00 -5.236171e-03 3.708807e-03 9.999794e-01 3.528230e+01
9.999356e-01 -3.940373e-03 -1.064447e-02 8.490321e+01 3.986649e-03 9.999827e-01 4.329685e-03 -1.021851e+00 1.062722e-02 -4.371842e-03 9.999340e-01 3.542715e+01
9.999748e-01 4.054383e-03 5.835401e-03 8.494553e+01 -4.033392e-03 9.999854e-01 -3.604492e-03 -1.019364e+00 -5.849930e-03 3.580864e-03 9.999765e-01 3.532708e+01
9.999342e-01 -3.896035e-03 -1.078929e-02 8.489773e+01 3.943904e-03 9.999825e-01 4.418935e-03 -1.005820e+00 1.077189e-02 -4.461195e-03 9.999320e-01 3.548766e+01
9.999610e-01 4.952423e-03 7.312507e-03 8.583588e+01 -4.923935e-03 9.999802e-01 -3.908673e-03 -1.039620e+00 -7.331720e-03 3.872514e-03 9.999656e-01 3.653841e+01
9.999417e-01 -3.914983e-03 -1.006342e-02 8.724014e+01 3.959933e-03 9.999823e-01 4.450641e-03 -1.098019e+00 1.004582e-02 -4.490231e-03 9.999395e-01 3.736215e+01
9.999712e-01 4.090422e-03 6.390395e-03 8.751337e+01 -4.066335e-03 9.999846e-01 -3.777817e-03 -1.115156e+00 -6.405750e-03 3.751722e-03 9.999724e-01 3.771940e+01
9.999342e-01 -3.830807e-03 -1.081328e-02 8.783106e+01 3.880943e-03 9.999818e-01 4.619347e-03 -1.115554e+00 1.079539e-02 -4.661008e-03 9.999309e-01 3.771211e+01
9.999713e-01 4.279340e-03 6.245802e-03 8.851410e+01 -4.256570e-03 9.999843e-01 -3.654420e-03 -1.122234e+00 -6.261342e-03 3.627729e-03 9.999738e-01 3.754281e+01
9.999365e-01 -3.870406e-03 -1.058380e-02 8.926937e+01 3.919598e-03 9.999816e-01 4.631081e-03 -1.126620e+00 1.056568e-02 -4.672271e-03 9.999333e-01 3.734021e+01
9.999731e-01 4.170104e-03 6.037031e-03 8.970933e+01 -4.147880e-03 9.999846e-01 -3.689140e-03 -1.123192e+00 -6.052322e-03 3.664000e-03 9.999750e-01 3.731690e+01
9.999307e-01 -3.934037e-03 -1.109276e-02 8.958410e+01 3.983849e-03 9.999821e-01 4.471933e-03 -1.101312e+00 1.107497e-02 -4.515815e-03 9.999285e-01 3.750850e+01
9.999719e-01 4.191138e-03 6.222107e-03 8.951854e+01 -4.168367e-03 9.999846e-01 -3.668217e-03 -1.082025e+00 -6.237385e-03 3.642177e-03 9.999739e-01 3.773721e+01
9.999346e-01 -3.850462e-03 -1.076506e-02 8.954824e+01 3.897349e-03 9.999830e-01 4.337923e-03 -1.076860e+00 1.074817e-02 -4.379594e-03 9.999326e-01 3.801281e+01
9.999699e-01 4.247111e-03 6.493724e-03 9.042021e+01 -4.226298e-03 9.999859e-01 -3.215546e-03 -1.087565e+00 -6.507290e-03 3.188004e-03 9.999737e-01 3.783916e+01
9.999344e-01 -3.873041e-03 -1.078027e-02 9.130256e+01 3.919729e-03 9.999830e-01 4.313082e-03 -1.093667e+00 1.076338e-02 -4.355054e-03 9.999326e-01 3.751846e+01
9.999665e-01 4.194507e-03 7.030996e-03 9.198067e+01 -4.170522e-03 9.999854e-01 -3.422632e-03 -1.102026e+00 -7.045250e-03 3.393193e-03 9.999694e-01 3.746454e+01
9.999372e-01 -3.720768e-03 -1.056946e-02 9.256663e+01 3.765755e-03 9.999839e-01 4.239607e-03 -1.115178e+00 1.055352e-02 -4.279142e-03 9.999352e-01 3.772434e+01
9.999718e-01 4.207825e-03 6.212815e-03 9.335661e+01 -4.187639e-03 9.999859e-01 -3.258434e-03 -1.134480e+00 -6.226438e-03 3.232325e-03 9.999754e-01 3.777778e+01
9.999365e-01 -3.629134e-03 -1.066639e-02 9.442066e+01 3.676911e-03 9.999833e-01 4.463030e-03 -1.153135e+00 1.065001e-02 -4.501965e-03 9.999332e-01 3.769840e+01
9.999702e-01 3.985750e-03 6.608945e-03 9.543427e+01 -3.963435e-03 9.999864e-01 -3.386209e-03 -1.157916e+00 -6.622352e-03 3.359913e-03 9.999724e-01 3.729742e+01
9.999326e-01 -3.872976e-03 -1.094518e-02 9.592569e+01 3.919662e-03 9.999833e-01 4.247222e-03 -1.155601e+00 1.092855e-02 -4.289836e-03 9.999311e-01 3.675414e+01
9.999666e-01 4.100081e-03 7.069525e-03 9.668170e+01 -4.076501e-03 9.999861e-01 -3.346647e-03 -1.156058e+00 -7.083149e-03 3.317715e-03 9.999694e-01 3.621492e+01
9.999326e-01 -3.737505e-03 -1.099430e-02 9.756262e+01 3.784487e-03 9.999838e-01 4.255565e-03 -1.158892e+00 1.097822e-02 -4.296885e-03 9.999305e-01 3.578445e+01
9.999675e-01 4.061805e-03 6.964530e-03 9.824963e+01 -4.038387e-03 9.999862e-01 -3.373344e-03 -1.164107e+00 -6.978136e-03 3.345108e-03 9.999701e-01 3.548739e+01
9.999325e-01 -3.664477e-03 -1.102976e-02 9.913153e+01 3.712897e-03 9.999835e-01 4.372636e-03 -1.169749e+00 1.101355e-02 -4.413293e-03 9.999296e-01 3.512478e+01
9.999683e-01 4.068249e-03 6.846796e-03 9.998668e+01 -4.045529e-03 9.999863e-01 -3.329040e-03 -1.177565e+00 -6.860246e-03 3.301235e-03 9.999710e-01 3.482524e+01
9.999313e-01 -3.624900e-03 -1.114371e-02 1.009028e+02 3.673884e-03 9.999837e-01 4.378300e-03 -1.186033e+00 1.112766e-02 -4.418940e-03 9.999283e-01 3.451792e+01
9.999652e-01 3.984743e-03 7.324509e-03 1.017723e+02 -3.959621e-03 9.999862e-01 -3.441178e-03 -1.189352e+00 -7.338121e-03 3.412055e-03 9.999673e-01 3.409962e+01
9.999259e-01 -3.887249e-03 -1.153207e-02 1.020854e+02 3.935355e-03 9.999836e-01 4.151673e-03 -1.195213e+00 1.151575e-02 -4.196748e-03 9.999249e-01 3.395558e+01
9.999688e-01 3.950740e-03 6.839664e-03 1.018582e+02 -3.926836e-03 9.999861e-01 -3.504919e-03 -1.181004e+00 -6.853417e-03 3.477951e-03 9.999705e-01 3.389371e+01
9.999373e-01 -3.741107e-03 -1.055069e-02 1.019085e+02 3.785005e-03 9.999843e-01 4.143794e-03 -1.181452e+00 1.053502e-02 -4.183468e-03 9.999358e-01 3.406966e+01
9.999663e-01 4.032739e-03 7.148248e-03 1.019771e+02 -4.007349e-03 9.999856e-01 -3.562722e-03 -1.191786e+00 -7.162513e-03 3.533956e-03 9.999681e-01 3.448510e+01
9.999353e-01 -3.818790e-03 -1.071796e-02 1.019306e+02 3.862938e-03 9.999841e-01 4.101356e-03 -1.199521e+00 1.070213e-02 -4.142493e-03 9.999341e-01 3.494768e+01
9.999687e-01 4.057639e-03 6.790402e-03 1.018803e+02 -4.033836e-03 9.999857e-01 -3.515393e-03 -1.206696e+00 -6.804569e-03 3.487891e-03 9.999708e-01 3.533497e+01
9.999385e-01 -3.837503e-03 -1.040094e-02 1.018449e+02 3.879479e-03 9.999844e-01 4.018644e-03 -1.217816e+00 1.038536e-02 -4.058747e-03 9.999378e-01 3.582635e+01
9.999722e-01 4.091806e-03 6.233169e-03 1.016751e+02 -4.070363e-03 9.999858e-01 -3.448994e-03 -1.219391e+00 -6.247193e-03 3.423526e-03 9.999746e-01 3.624044e+01
9.999269e-01 -3.889568e-03 -1.144908e-02 1.012469e+02 3.936073e-03 9.999841e-01 4.042165e-03 -1.205345e+00 1.143318e-02 -4.086933e-03 9.999263e-01 3.643079e+01
9.999778e-01 4.023225e-03 5.305796e-03 1.006021e+02 -4.005101e-03 9.999861e-01 -3.422101e-03 -1.177893e+00 -5.319490e-03 3.400774e-03 9.999801e-01 3.651979e+01
9.999384e-01 -3.771741e-03 -1.044233e-02 1.001822e+02 3.813603e-03 9.999848e-01 3.991850e-03 -1.163108e+00 1.042711e-02 -4.031426e-03 9.999375e-01 3.671572e+01
9.999769e-01 3.936759e-03 5.539845e-03 9.984068e+01 -3.917789e-03 9.999864e-01 -3.431014e-03 -1.153039e+00 -5.553277e-03 3.409230e-03 9.999788e-01 3.703521e+01
9.999251e-01 -3.683696e-03 -1.166742e-02 9.920746e+01 3.730743e-03 9.999850e-01 4.013125e-03 -1.129342e+00 1.165246e-02 -4.056352e-03 9.999239e-01 3.724053e+01
9.999701e-01 3.805273e-03 6.737419e-03 9.891665e+01 -3.782287e-03 9.999870e-01 -3.421154e-03 -1.116488e+00 -6.750350e-03 3.395568e-03 9.999715e-01 3.717818e+01
9.999435e-01 -3.884139e-03 -9.899074e-03 9.938610e+01 3.924939e-03 9.999839e-01 4.105496e-03 -1.118464e+00 9.882969e-03 -4.144116e-03 9.999426e-01 3.670596e+01
9.999773e-01 3.752916e-03 5.597654e-03 9.938713e+01 -3.734020e-03 9.999873e-01 -3.382365e-03 -1.109789e+00 -5.610277e-03 3.361386e-03 9.999786e-01 3.641119e+01
9.999348e-01 -3.852953e-03 -1.074523e-02 9.918763e+01 3.897204e-03 9.999840e-01 4.100284e-03 -1.094790e+00 1.072926e-02 -4.141892e-03 9.999339e-01 3.601721e+01
9.999660e-01 3.852970e-03 7.288256e-03 9.977573e+01 -3.829045e-03 9.999872e-01 -3.293786e-03 -1.088947e+00 -7.300854e-03 3.265766e-03 9.999680e-01 3.526199e+01
9.999351e-01 -3.694624e-03 -1.077320e-02 1.005503e+02 3.738673e-03 9.999847e-01 4.071457e-03 -1.083227e+00 1.075799e-02 -4.111470e-03 9.999337e-01 3.459903e+01
9.999667e-01 3.716081e-03 7.261829e-03 1.011775e+02 -3.691575e-03 9.999875e-01 -3.385194e-03 -1.077116e+00 -7.274318e-03 3.358273e-03 9.999679e-01 3.389462e+01
9.999106e-01 -3.729935e-03 -1.284272e-02 1.010042e+02 3.782858e-03 9.999844e-01 4.099054e-03 -1.062261e+00 1.282723e-02 -4.147269e-03 9.999091e-01 3.353800e+01
9.999568e-01 3.629673e-03 8.561821e-03 1.011889e+02 -3.599460e-03 9.999873e-01 -3.541610e-03 -1.061533e+00 -8.574567e-03 3.510638e-03 9.999571e-01 3.286556e+01
9.999217e-01 -3.770926e-03 -1.193542e-02 1.016302e+02 3.821655e-03 9.999837e-01 4.230309e-03 -1.060198e+00 1.191927e-02 -4.275590e-03 9.999198e-01 3.225053e+01
9.999551e-01 3.706926e-03 8.720747e-03 1.021465e+02 -3.676268e-03 9.999870e-01 -3.528854e-03 -1.056949e+00 -8.733715e-03 3.496635e-03 9.999557e-01 3.155934e+01
9.999203e-01 -3.739881e-03 -1.205458e-02 1.027234e+02 3.789390e-03 9.999845e-01 4.086871e-03 -1.051684e+00 1.203910e-02 -4.132224e-03 9.999190e-01 3.079072e+01
9.999642e-01 3.379278e-03 7.757388e-03 1.028330e+02 -3.350366e-03 9.999874e-01 -3.737088e-03 -1.049608e+00 -7.769920e-03 3.710963e-03 9.999629e-01 2.968244e+01
9.999299e-01 -4.007888e-03 -1.114400e-02 1.030337e+02 4.058391e-03 9.999816e-01 4.512917e-03 -1.039982e+00 1.112571e-02 -4.557827e-03 9.999277e-01 2.839473e+01
9.999647e-01 4.031323e-03 7.376663e-03 1.036550e+02 -4.003716e-03 9.999849e-01 -3.753378e-03 -1.036206e+00 -7.391683e-03 3.723711e-03 9.999657e-01 2.767055e+01
9.999168e-01 -4.213069e-03 -1.219513e-02 1.036656e+02 4.267064e-03 9.999812e-01 4.404912e-03 -1.033038e+00 1.217635e-02 -4.456582e-03 9.999159e-01 2.707871e+01
9.999746e-01 4.277488e-03 5.696357e-03 1.032251e+02 -4.256778e-03 9.999843e-01 -3.642857e-03 -1.021676e+00 -5.711850e-03 3.618515e-03 9.999771e-01 2.689385e+01
9.999398e-01 -4.159799e-03 -1.015623e-02 1.030961e+02 4.202306e-03 9.999825e-01 4.167557e-03 -1.018660e+00 1.013872e-02 -4.209985e-03 9.999397e-01 2.708124e+01
9.999647e-01 4.334908e-03 7.201138e-03 1.033825e+02 -4.309561e-03 9.999845e-01 -3.531673e-03 -1.034704e+00 -7.216336e-03 3.500514e-03 9.999678e-01 2.744828e+01
9.999343e-01 -4.230212e-03 -1.064914e-02 1.037994e+02 4.273853e-03 9.999825e-01 4.078651e-03 -1.046600e+00 1.063170e-02 -4.123895e-03 9.999350e-01 2.727328e+01
9.999683e-01 4.449988e-03 6.601956e-03 1.040326e+02 -4.426814e-03 9.999840e-01 -3.520820e-03 -1.066519e+00 -6.617518e-03 3.491482e-03 9.999720e-01 2.756000e+01
9.999305e-01 -4.165119e-03 -1.103304e-02 1.041156e+02 4.208994e-03 9.999833e-01 3.956497e-03 -1.074526e+00 1.101637e-02 -4.002660e-03 9.999313e-01 2.802561e+01
9.999669e-01 4.531548e-03 6.752724e-03 1.044513e+02 -4.508252e-03 9.999838e-01 -3.461107e-03 -1.094073e+00 -6.768299e-03 3.430549e-03 9.999712e-01 2.855424e+01
9.999274e-01 -4.428053e-03 -1.120261e-02 1.034507e+02 4.470005e-03 9.999831e-01 3.722494e-03 -1.028061e+00 1.118594e-02 -3.772299e-03 9.999303e-01 3.043449e+01
9.999547e-01 4.974615e-03 8.117432e-03 1.028524e+02 -4.945160e-03 9.999811e-01 -3.644767e-03 -9.751574e-01 -8.135410e-03 3.604459e-03 9.999604e-01 3.220020e+01
9.999157e-01 -4.020182e-03 -1.235008e-02 1.042395e+02 4.077084e-03 9.999812e-01 4.585701e-03 -1.024449e+00 1.233142e-02 -4.635666e-03 9.999132e-01 3.301146e+01
9.999530e-01 4.807413e-03 8.417060e-03 1.051639e+02 -4.775010e-03 9.999811e-01 -3.865552e-03 -1.064158e+00 -8.435484e-03 3.825178e-03 9.999571e-01 3.397784e+01
9.999098e-01 -4.531109e-03 -1.263983e-02 1.044915e+02 4.584370e-03 9.999807e-01 4.187988e-03 -1.021885e+00 1.262061e-02 -4.245556e-03 9.999113e-01 3.524627e+01
9.999504e-01 4.863928e-03 8.695015e-03 1.042274e+02 -4.829922e-03 9.999806e-01 -3.927701e-03 -1.006582e+00 -8.713950e-03 3.885509e-03 9.999545e-01 3.630201e+01
9.999168e-01 -4.522570e-03 -1.208270e-02 1.043305e+02 4.573637e-03 9.999807e-01 4.202142e-03 -1.019816e+00 1.206347e-02 -4.257054e-03 9.999182e-01 3.731582e+01
9.999690e-01 4.817916e-03 6.225702e-03 1.032067e+02 -4.793737e-03 9.999809e-01 -3.892742e-03 -9.399915e-01 -6.244339e-03 3.862777e-03 9.999730e-01 3.860029e+01
9.999326e-01 -4.364078e-03 -1.075654e-02 1.025481e+02 4.406635e-03 9.999825e-01 3.935800e-03 -8.886743e-01 1.073917e-02 -3.982934e-03 9.999344e-01 3.977906e+01
9.999664e-01 4.855992e-03 6.611851e-03 1.033524e+02 -4.835255e-03 9.999834e-01 -3.148743e-03 -9.232895e-01 -6.627031e-03 3.116667e-03 9.999732e-01 4.031685e+01
9.999305e-01 -4.611660e-03 -1.084793e-02 1.033606e+02 4.651908e-03 9.999824e-01 3.687831e-03 -9.267821e-01 1.083073e-02 -3.738038e-03 9.999344e-01 4.099941e+01
9.999632e-01 4.947468e-03 7.009756e-03 1.032180e+02 -4.923946e-03 9.999822e-01 -3.369018e-03 -9.176872e-01 -7.026300e-03 3.334377e-03 9.999698e-01 4.198002e+01
9.999340e-01 -4.384709e-03 -1.061752e-02 1.042862e+02 4.429581e-03 9.999813e-01 4.206354e-03 -9.597792e-01 1.059887e-02 -4.253107e-03 9.999348e-01 4.268727e+01
9.999683e-01 5.250606e-03 5.980911e-03 1.059631e+02 -5.233286e-03 9.999821e-01 -2.907816e-03 -1.002654e+00 -5.996072e-03 2.876423e-03 9.999779e-01 4.313797e+01
9.999410e-01 -4.856939e-03 -9.714165e-03 1.062391e+02 4.890573e-03 9.999821e-01 3.441570e-03 -1.021753e+00 9.697276e-03 -3.488874e-03 9.999469e-01 4.416930e+01
9.999751e-01 5.301310e-03 4.659312e-03 1.057500e+02 -5.286666e-03 9.999811e-01 -3.149850e-03 -9.856562e-01 -4.675922e-03 3.125138e-03 9.999842e-01 4.509440e+01
9.999537e-01 -4.915237e-03 -8.276792e-03 1.059726e+02 4.943866e-03 9.999819e-01 3.442080e-03 -9.961707e-01 8.259723e-03 -3.482840e-03 9.999598e-01 4.598529e+01
9.999732e-01 5.260875e-03 5.094144e-03 1.061572e+02 -5.245016e-03 9.999814e-01 -3.121614e-03 -1.008986e+00 -5.110472e-03 3.094811e-03 9.999822e-01 4.699516e+01
9.999499e-01 -4.871992e-03 -8.740741e-03 1.065108e+02 4.902079e-03 9.999821e-01 3.423973e-03 -1.028219e+00 8.723904e-03 -3.466649e-03 9.999559e-01 4.792603e+01
9.999768e-01 5.111801e-03 4.505870e-03 1.059760e+02 -5.098045e-03 9.999823e-01 -3.059259e-03 -9.956352e-01 -4.521429e-03 3.036216e-03 9.999852e-01 4.934081e+01
9.999444e-01 -4.861909e-03 -9.353372e-03 1.049071e+02 4.892804e-03 9.999826e-01 3.282974e-03 -9.171613e-01 9.337248e-03 -3.328555e-03 9.999509e-01 5.094866e+01
9.999766e-01 5.294904e-03 4.328820e-03 1.042341e+02 -5.281634e-03 9.999813e-01 -3.071167e-03 -8.633008e-01 -4.345001e-03 3.048232e-03 9.999859e-01 5.208924e+01
9.999318e-01 -4.828508e-03 -1.062995e-02 1.032410e+02 4.862624e-03 9.999831e-01 3.185954e-03 -7.860211e-01 1.061439e-02 -3.237426e-03 9.999384e-01 5.332982e+01
9.999613e-01 6.027660e-03 6.407557e-03 1.056917e+02 -6.014575e-03 9.999798e-01 -2.059443e-03 -8.797672e-01 -6.419841e-03 2.020824e-03 9.999774e-01 5.478464e+01
9.999266e-01 -5.728478e-03 -1.067243e-02 1.056757e+02 5.753346e-03 9.999808e-01 2.300835e-03 -8.884342e-01 1.065905e-02 -2.362068e-03 9.999404e-01 5.617244e+01
9.999730e-01 6.035054e-03 4.198627e-03 1.051335e+02 -6.027303e-03 9.999801e-01 -1.856373e-03 -8.680153e-01 -4.209747e-03 1.831016e-03 9.999895e-01 5.616375e+01
9.999614e-01 -6.411082e-03 -6.016211e-03 1.059091e+02 6.428796e-03 9.999750e-01 2.929752e-03 -8.564970e-01 5.997278e-03 -2.968315e-03 9.999776e-01 5.514626e+01
9.999716e-01 7.518980e-03 4.090259e-04 1.079117e+02 -7.518405e-03 9.999708e-01 -1.388443e-03 -9.011614e-01 -4.194539e-04 1.385328e-03 9.999990e-01 5.527352e+01
9.999617e-01 -6.357828e-03 -6.021653e-03 1.101897e+02 6.376443e-03 9.999749e-01 3.077242e-03 -9.541676e-01 6.001938e-03 -3.115520e-03 9.999771e-01 5.553777e+01
9.999695e-01 7.687519e-03 1.355222e-03 1.122846e+02 -7.684731e-03 9.999684e-01 -2.050726e-03 -1.036257e+00 -1.370944e-03 2.040249e-03 9.999970e-01 5.706908e+01
9.999686e-01 -6.172786e-03 -4.975533e-03 1.146944e+02 6.185652e-03 9.999776e-01 2.574556e-03 -1.126063e+00 4.959530e-03 -2.605251e-03 9.999843e-01 5.921306e+01
9.999767e-01 6.731397e-03 1.108502e-03 1.160138e+02 -6.729457e-03 9.999758e-01 -1.744992e-03 -1.159556e+00 -1.120221e-03 1.737492e-03 9.999979e-01 6.050419e+01
9.999557e-01 -6.437370e-03 -6.863253e-03 1.153938e+02 6.452846e-03 9.999767e-01 2.235041e-03 -1.111040e+00 6.848705e-03 -2.279229e-03 9.999739e-01 6.132290e+01
9.999730e-01 7.033680e-03 -2.110722e-03 1.124946e+02 -7.037861e-03 9.999733e-01 -1.980210e-03 -8.940630e-01 2.096738e-03 1.995010e-03 9.999958e-01 6.408527e+01
9.999630e-01 -5.908776e-03 -6.251694e-03 1.093161e+02 5.922996e-03 9.999799e-01 2.258511e-03 -6.618410e-01 6.238223e-03 -2.295455e-03 9.999779e-01 6.679062e+01
9.999788e-01 6.437643e-03 -9.564428e-04 1.072305e+02 -6.439384e-03 9.999776e-01 -1.827382e-03 -5.178677e-01 9.446571e-04 1.833501e-03 9.999979e-01 6.858874e+01
9.999549e-01 -5.877308e-03 -7.460578e-03 1.050854e+02 5.893844e-03 9.999802e-01 2.196336e-03 -3.787961e-01 7.447522e-03 -2.240207e-03 9.999698e-01 6.999267e+01
9.999787e-01 6.517627e-03 4.647241e-04 1.033100e+02 -6.516769e-03 9.999771e-01 -1.826056e-03 -2.500576e-01 -4.766153e-04 1.822988e-03 9.999982e-01 7.168238e+01
9.999499e-01 -5.817847e-03 -8.151343e-03 1.004827e+02 5.836570e-03 9.999804e-01 2.275008e-03 -3.537949e-02 8.137947e-03 -2.322469e-03 9.999642e-01 7.455935e+01
9.999735e-01 7.028705e-03 -1.904170e-03 9.624719e+01 -7.032768e-03 9.999730e-01 -2.135177e-03 2.735226e-01 1.889110e-03 2.148512e-03 9.999959e-01 7.819252e+01
9.999683e-01 -5.901413e-03 -5.351756e-03 9.336523e+01 5.914478e-03 9.999796e-01 2.428754e-03 4.911215e-01 5.337314e-03 -2.460329e-03 9.999827e-01 8.097729e+01
9.999777e-01 6.365904e-03 -2.014454e-03 9.165504e+01 -6.368598e-03 9.999788e-01 -1.333411e-03 6.384930e-01 2.005923e-03 1.346210e-03 9.999971e-01 8.282924e+01
9.999688e-01 -5.714954e-03 -5.448920e-03 8.945622e+01 5.729273e-03 9.999802e-01 2.615798e-03 8.386901e-01 5.433863e-03 -2.646934e-03 9.999817e-01 8.527121e+01
9.999750e-01 6.619704e-03 -2.485623e-03 8.652685e+01 -6.624089e-03 9.999765e-01 -1.760145e-03 1.073352e+00 2.473913e-03 1.776565e-03 9.999954e-01 8.818811e+01
9.999639e-01 -5.657620e-03 -6.333467e-03 8.335850e+01 5.670743e-03 9.999818e-01 2.055935e-03 1.304500e+00 6.321721e-03 -2.091775e-03 9.999778e-01 9.085800e+01
9.999765e-01 6.571673e-03 -1.977789e-03 8.076108e+01 -6.575177e-03 9.999768e-01 -1.769924e-03 1.488828e+00 1.966112e-03 1.782886e-03 9.999965e-01 9.290369e+01
9.999768e-01 -6.227909e-03 -2.771446e-03 7.983282e+01 6.234374e-03 9.999779e-01 2.330075e-03 1.560619e+00 2.756874e-03 -2.347299e-03 9.999934e-01 9.421740e+01
9.999781e-01 6.352775e-03 -1.860171e-03 7.909665e+01 -6.355705e-03 9.999786e-01 -1.573628e-03 1.621682e+00 1.850134e-03 1.585416e-03 9.999970e-01 9.545038e+01
9.999748e-01 -6.023955e-03 -3.769281e-03 7.804657e+01 6.033531e-03 9.999786e-01 2.534263e-03 1.715914e+00 3.753935e-03 -2.556940e-03 9.999897e-01 9.683167e+01
9.999761e-01 6.615748e-03 -2.001639e-03 7.648082e+01 -6.619894e-03 9.999759e-01 -2.071486e-03 1.842771e+00 1.987886e-03 2.084687e-03 9.999959e-01 9.865977e+01
9.999777e-01 -6.186287e-03 -2.521888e-03 7.555659e+01 6.192199e-03 9.999781e-01 2.343214e-03 1.908194e+00 2.507337e-03 -2.358777e-03 9.999941e-01 9.984334e+01
9.999790e-01 6.414967e-03 -8.732502e-04 7.536284e+01 -6.416587e-03 9.999777e-01 -1.864777e-03 1.911837e+00 8.612680e-04 1.870341e-03 9.999979e-01 1.006985e+02
9.999756e-01 -6.096878e-03 -3.414089e-03 7.489999e+01 6.104568e-03 9.999788e-01 2.246424e-03 1.937308e+00 3.400321e-03 -2.267210e-03 9.999916e-01 1.017872e+02
9.999732e-01 6.369758e-03 -3.595324e-03 7.353465e+01 -6.375841e-03 9.999783e-01 -1.683061e-03 2.007940e+00 3.584525e-03 1.705939e-03 9.999921e-01 1.032921e+02
9.999611e-01 -5.879280e-03 -6.575773e-03 7.147810e+01 5.894723e-03 9.999799e-01 2.331575e-03 2.127069e+00 6.561934e-03 -2.370246e-03 9.999757e-01 1.042833e+02
9.999764e-01 6.572695e-03 1.977096e-03 7.268142e+01 -6.570112e-03 9.999776e-01 -1.310410e-03 2.112116e+00 -1.985665e-03 1.297389e-03 9.999972e-01 1.046249e+02
9.999679e-01 -5.388532e-03 -5.921613e-03 7.471756e+01 5.405318e-03 9.999814e-01 2.822456e-03 2.067706e+00 5.906294e-03 -2.854373e-03 9.999785e-01 1.053094e+02
9.999699e-01 6.496718e-03 4.246089e-03 7.598011e+01 -6.489316e-03 9.999774e-01 -1.754898e-03 2.070069e+00 -4.257394e-03 1.727290e-03 9.999894e-01 1.062546e+02
9.999630e-01 -6.094984e-03 -6.074795e-03 7.710829e+01 6.111476e-03 9.999777e-01 2.699877e-03 2.058981e+00 6.058204e-03 -2.736902e-03 9.999779e-01 1.061188e+02
9.999770e-01 6.082728e-03 3.004313e-03 7.751341e+01 -6.077104e-03 9.999798e-01 -1.877781e-03 2.045055e+00 -3.015674e-03 1.859479e-03 9.999937e-01 1.060845e+02
9.999598e-01 -5.877442e-03 -6.767241e-03 7.785920e+01 5.895521e-03 9.999791e-01 2.654680e-03 2.029987e+00 6.751497e-03 -2.694470e-03 9.999736e-01 1.062948e+02
9.999759e-01 6.199746e-03 3.116214e-03 7.815219e+01 -6.193694e-03 9.999789e-01 -1.948251e-03 2.008905e+00 -3.128227e-03 1.928902e-03 9.999932e-01 1.067187e+02
9.999599e-01 -5.751473e-03 -6.859866e-03 7.897589e+01 5.771235e-03 9.999792e-01 2.864500e-03 1.979085e+00 6.843249e-03 -2.903975e-03 9.999724e-01 1.071852e+02
9.999804e-01 5.845171e-03 2.225247e-03 7.804956e+01 -5.839763e-03 9.999800e-01 -2.429002e-03 2.040819e+00 -2.239400e-03 2.415959e-03 9.999946e-01 1.087273e+02
9.999588e-01 -5.227699e-03 -7.419201e-03 7.657699e+01 5.246341e-03 9.999831e-01 2.495408e-03 2.152268e+00 7.406031e-03 -2.534229e-03 9.999694e-01 1.104835e+02
9.999759e-01 6.102922e-03 3.317932e-03 7.833282e+01 -6.100348e-03 9.999811e-01 -7.853564e-04 2.139840e+00 -3.322662e-03 7.650963e-04 9.999942e-01 1.104680e+02
9.999583e-01 -5.621288e-03 -7.198195e-03 7.954970e+01 5.637484e-03 9.999816e-01 2.231625e-03 2.138432e+00 7.185518e-03 -2.272111e-03 9.999716e-01 1.103234e+02
9.999778e-01 6.153335e-03 2.555259e-03 8.047097e+01 -6.150651e-03 9.999805e-01 -1.056935e-03 2.112812e+00 -2.561713e-03 1.041195e-03 9.999962e-01 1.104725e+02
9.999580e-01 -5.638240e-03 -7.221803e-03 8.147176e+01 5.654303e-03 9.999816e-01 2.205677e-03 2.078867e+00 7.209234e-03 -2.246418e-03 9.999715e-01 1.107992e+02
9.999763e-01 6.049873e-03 3.278310e-03 8.221519e+01 -6.045405e-03 9.999808e-01 -1.371260e-03 2.040601e+00 -3.286543e-03 1.351408e-03 9.999937e-01 1.114132e+02
9.999587e-01 -5.720258e-03 -7.063936e-03 8.266881e+01 5.733705e-03 9.999818e-01 1.884826e-03 2.015387e+00 7.053026e-03 -1.925250e-03 9.999733e-01 1.120246e+02
9.999764e-01 6.064824e-03 3.221232e-03 8.315886e+01 -6.060904e-03 9.999809e-01 -1.225418e-03 1.991448e+00 -3.228602e-03 1.205865e-03 9.999941e-01 1.126495e+02
9.999593e-01 -5.688056e-03 -7.005101e-03 8.349468e+01 5.700582e-03 9.999822e-01 1.769499e-03 1.981559e+00 6.994911e-03 -1.809360e-03 9.999739e-01 1.132940e+02
9.999782e-01 5.969127e-03 2.816544e-03 8.345455e+01 -5.965674e-03 9.999814e-01 -1.232994e-03 1.989663e+00 -2.823851e-03 1.216164e-03 9.999953e-01 1.139678e+02
9.999588e-01 -5.637109e-03 -7.115977e-03 8.348657e+01 5.649269e-03 9.999826e-01 1.689847e-03 1.994152e+00 7.106327e-03 -1.729977e-03 9.999733e-01 1.145361e+02
9.999776e-01 5.924283e-03 3.120949e-03 8.355646e+01 -5.920648e-03 9.999818e-01 -1.172707e-03 1.991376e+00 -3.127840e-03 1.154202e-03 9.999944e-01 1.151726e+02
9.999568e-01 -5.638918e-03 -7.392021e-03 8.384064e+01 5.652775e-03 9.999823e-01 1.854924e-03 1.984492e+00 7.381431e-03 -1.896629e-03 9.999710e-01 1.154626e+02
9.999760e-01 5.956053e-03 3.536615e-03 8.450361e+01 -5.952931e-03 9.999819e-01 -8.929003e-04 1.975109e+00 -3.541869e-03 8.718250e-04 9.999933e-01 1.152652e+02
9.999583e-01 -5.663265e-03 -7.162231e-03 8.520085e+01 5.676264e-03 9.999823e-01 1.795862e-03 1.962808e+00 7.151934e-03 -1.836441e-03 9.999727e-01 1.150892e+02
9.999776e-01 5.997358e-03 2.980042e-03 8.582635e+01 -5.994834e-03 9.999817e-01 -8.554676e-04 1.945232e+00 -2.985118e-03 8.375829e-04 9.999952e-01 1.151265e+02
9.999586e-01 -5.381157e-03 -7.332819e-03 8.675982e+01 5.393668e-03 9.999840e-01 1.687495e-03 1.903453e+00 7.323621e-03 -1.726975e-03 9.999717e-01 1.156802e+02
9.999758e-01 5.865635e-03 3.740947e-03 8.728106e+01 -5.861559e-03 9.999822e-01 -1.099609e-03 1.878104e+00 -3.747331e-03 1.077654e-03 9.999924e-01 1.165682e+02
9.999454e-01 -5.589306e-03 -8.828563e-03 8.659218e+01 5.602225e-03 9.999833e-01 1.439228e-03 1.924904e+00 8.820371e-03 -1.488608e-03 9.999600e-01 1.174477e+02
9.999763e-01 5.861354e-03 3.601871e-03 8.587930e+01 -5.857630e-03 9.999823e-01 -1.043540e-03 1.972621e+00 -3.607924e-03 1.022416e-03 9.999930e-01 1.182926e+02
9.999511e-01 -5.617303e-03 -8.142777e-03 8.518061e+01 5.628803e-03 9.999832e-01 1.390054e-03 2.018966e+00 8.134832e-03 -1.435819e-03 9.999659e-01 1.193136e+02
9.999695e-01 6.019022e-03 4.968677e-03 8.517355e+01 -6.013209e-03 9.999812e-01 -1.184044e-03 2.018295e+00 -4.975711e-03 1.154129e-03 9.999870e-01 1.203779e+02
9.999499e-01 -5.638896e-03 -8.274280e-03 8.566460e+01 5.653883e-03 9.999824e-01 1.788884e-03 1.992123e+00 8.264048e-03 -1.835575e-03 9.999642e-01 1.211246e+02
9.999543e-01 5.884659e-03 7.534037e-03 8.735525e+01 -5.880418e-03 9.999825e-01 -5.849567e-04 2.021518e+00 -7.537348e-03 5.406261e-04 9.999714e-01 1.196881e+02
9.999566e-01 -6.452862e-03 -6.718975e-03 8.963518e+01 6.465045e-03 9.999775e-01 1.792988e-03 2.077622e+00 6.707255e-03 -1.836348e-03 9.999758e-01 1.170794e+02
9.999680e-01 6.837133e-03 4.156327e-03 9.221388e+01 -6.836811e-03 9.999766e-01 -9.173995e-05 2.093235e+00 -4.156857e-03 6.332037e-05 9.999914e-01 1.157789e+02
9.999544e-01 -6.412511e-03 -7.080919e-03 9.475634e+01 6.426266e-03 9.999775e-01 1.921453e-03 2.108779e+00 7.068439e-03 -1.966868e-03 9.999731e-01 1.144442e+02
