9.999843e-01 9.166953e-05 -5.608278e-03 -2.827021e-01 -8.921732e-05 9.999999e-01 4.375007e-04 1.374221e-03 5.608317e-03 -4.369942e-04 9.999842e-01 4.095478e-01
9.999998e-01 -3.965805e-05 6.582532e-04 -4.315382e-01 3.975946e-05 1.000000e+00 -1.540088e-04 -5.151550e-03 -6.582467e-04 1.540356e-04 9.999998e-01 9.277097e-01
9.999862e-01 -1.569232e-05 -5.245569e-03 -5.803267e-01 1.726348e-05 1.000000e+00 2.994807e-04 -1.111848e-02 5.245564e-03 -2.995678e-04 9.999862e-01 1.581832e+00
9.999999e-01 2.951042e-05 5.055291e-04 -7.465057e-01 -2.944981e-05 1.000000e+00 -1.198412e-04 -1.821409e-02 -5.055323e-04 1.198271e-04 9.999999e-01 2.199594e+00
9.999856e-01 8.220296e-05 -5.369619e-03 -9.159197e-01 -7.979634e-05 9.999999e-01 4.484089e-04 -2.732100e-02 5.369655e-03 -4.479747e-04 9.999855e-01 2.465321e+00
9.999998e-01 7.300153e-05 5.975580e-04 -1.031033e+00 -7.293037e-05 1.000000e+00 -1.190486e-04 -3.723343e-02 -5.975663e-04 1.190057e-04 9.999998e-01 2.597885e+00
9.999874e-01 2.309562e-05 -5.025381e-03 -1.027006e+00 -2.131154e-05 9.999999e-01 3.550727e-04 -5.112374e-02 5.025389e-03 -3.549618e-04 9.999873e-01 3.007795e+00
1.000000e+00 9.699699e-05 2.077377e-04 -1.148217e+00 -9.698564e-05 1.000000e+00 -5.446123e-05 -6.212396e-02 -2.077427e-04 5.444179e-05 1.000000e+00 3.343001e+00
9.999825e-01 -5.015809e-05 -5.917497e-03 -1.438440e+00 5.285491e-05 9.999999e-01 4.555877e-04 -6.073825e-02 5.917473e-03 -4.558932e-04 9.999824e-01 3.806468e+00
1.000000e+00 2.349715e-04 -2.927110e-05 -1.724014e+00 -2.349676e-04 1.000000e+00 1.330967e-04 -6.075527e-02 2.930271e-05 -1.330891e-04 1.000000e+00 4.034411e+00
9.999894e-01 -8.669909e-05 -4.600924e-03 -1.768211e+00 8.757943e-05 1.000000e+00 1.911472e-04 -7.244888e-02 4.600907e-03 -1.915488e-04 9.999894e-01 4.278376e+00
9.999990e-01 2.691707e-04 -1.418976e-03 -2.026241e+00 -2.687340e-04 9.999999e-01 3.078935e-04 -7.451444e-02 1.419059e-03 -3.075111e-04 9.999989e-01 4.741575e+00
9.999864e-01 3.327983e-06 -5.220828e-03 -2.372314e+00 -1.412863e-06 9.999999e-01 3.668354e-04 -7.194107e-02 5.220828e-03 -3.668237e-04 9.999863e-01 4.976167e+00
9.999988e-01 3.864084e-04 -1.519855e-03 -2.733361e+00 -3.856513e-04 9.999998e-01 4.983365e-04 -6.745016e-02 1.520047e-03 -4.977490e-04 9.999987e-01 4.844501e+00
9.999892e-01 -9.210446e-05 -4.655245e-03 -2.995604e+00 9.289395e-05 1.000000e+00 1.693859e-04 -6.916677e-02 4.655229e-03 -1.698172e-04 9.999891e-01 4.936183e+00
9.999949e-01 4.292198e-04 -3.162725e-03 -3.603437e+00 -4.267058e-04 9.999996e-01 7.955125e-04 -5.170145e-02 3.163065e-03 -7.941582e-04 9.999947e-01 4.964097e+00
9.999983e-01 -1.906889e-04 -1.815441e-03 -3.789812e+00 1.902063e-04 9.999999e-01 -2.659696e-04 -5.198396e-02 1.815491e-03 2.656231e-04 9.999983e-01 4.574429e+00
9.999969e-01 3.629586e-04 -2.474986e-03 -3.837671e+00 -3.613640e-04 9.999997e-01 6.446722e-04 -5.526061e-02 2.475220e-03 -6.437751e-04 9.999967e-01 4.153930e+00
9.999983e-01 -1.192577e-04 -1.823198e-03 -3.626026e+00 1.187146e-04 9.999999e-01 -2.979355e-04 -6.762573e-02 1.823233e-03 2.977179e-04 9.999983e-01 4.152761e+00
9.999923e-01 4.443525e-04 -3.897681e-03 -3.788837e+00 -4.405074e-04 9.999994e-01 9.873181e-04 -6.661220e-02 3.898118e-03 -9.855928e-04 9.999919e-01 3.905654e+00
9.999999e-01 -2.714450e-04 -1.996469e-04 -3.686672e+00 2.713172e-04 9.999998e-01 -6.397776e-04 -7.099598e-02 1.998202e-04 6.397227e-04 9.999998e-01 3.532829e+00
9.999921e-01 4.725124e-04 -3.935487e-03 -3.598256e+00 -4.682454e-04 9.999993e-01 1.085080e-03 -7.037415e-02 3.935997e-03 -1.083228e-03 9.999917e-01 2.896114e+00
1.000000e+00 -2.683447e-04 7.509449e-06 -3.451984e+00 2.683501e-04 9.999997e-01 -7.450988e-04 -7.093360e-02 -7.309841e-06 7.451001e-04 9.999997e-01 2.246829e+00
9.999955e-01 3.610043e-04 -2.974775e-03 -2.987056e+00 -3.582064e-04 9.999995e-01 9.409957e-04 -7.779489e-02 2.975114e-03 -9.399252e-04 9.999951e-01 1.793188e+00
9.999997e-01 -2.348929e-04 -7.883684e-04 -2.711903e+00 2.342762e-04 9.999997e-01 -7.821814e-04 -9.031290e-02 7.885515e-04 7.819957e-04 9.999994e-01 1.759713e+00
9.999929e-01 3.820809e-04 -3.747245e-03 -2.630544e+00 -3.778275e-04 9.999993e-01 1.135716e-03 -9.694953e-02 3.747676e-03 -1.134291e-03 9.999923e-01 1.648467e+00
9.999999e-01 -2.130957e-04 2.697089e-04 -2.183932e+00 2.133324e-04 9.999996e-01 -8.779563e-04 -1.103894e-01 -2.695220e-04 8.780131e-04 9.999996e-01 1.516608e+00
9.999932e-01 3.854511e-04 -3.670482e-03 -1.623115e+00 -3.813670e-04 9.999993e-01 1.113287e-03 -1.129797e-01 3.670909e-03 -1.111879e-03 9.999926e-01 1.014317e+00
9.999998e-01 -2.200196e-04 -5.170924e-04 -1.624786e+00 2.196317e-04 9.999997e-01 -7.499339e-04 -1.052191e-01 5.172569e-04 7.498195e-04 9.999996e-01 1.314622e-01
9.999825e-01 4.320564e-04 -5.895782e-03 -2.063736e+00 -4.231054e-04 9.999988e-01 1.519359e-03 -9.040789e-02 5.896431e-03 -1.516837e-03 9.999815e-01 -2.506730e-01
9.999997e-01 -1.641402e-04 -6.908302e-04 -2.454745e+00 1.636192e-04 9.999997e-01 -7.539997e-04 -7.812602e-02 6.909534e-04 7.538857e-04 9.999995e-01 -6.018460e-01
9.999929e-01 3.273973e-04 -3.751974e-03 -2.448135e+00 -3.229305e-04 9.999992e-01 1.191058e-03 -7.463940e-02 3.752362e-03 -1.189837e-03 9.999923e-01 -1.226811e+00
9.999995e-01 -2.582880e-04 9.254423e-04 -2.066370e+00 2.592233e-04 9.999995e-01 -1.010849e-03 -7.229733e-02 -9.251811e-04 1.011088e-03 9.999991e-01 -1.890725e+00
9.999923e-01 3.089642e-04 -3.900487e-03 -1.728892e+00 -3.042925e-04 9.999992e-01 1.198238e-03 -6.726543e-02 3.900854e-03 -1.197041e-03 9.999917e-01 -2.721400e+00
9.999995e-01 -2.834355e-04 9.589834e-04 -1.551197e+00 2.844415e-04 9.999994e-01 -1.049135e-03 -6.388821e-02 -9.586858e-04 1.049407e-03 9.999990e-01 -3.629714e+00
9.999880e-01 4.631223e-04 -4.878714e-03 -1.534234e+00 -4.562325e-04 9.999989e-01 1.413209e-03 -6.504530e-02 4.879363e-03 -1.410966e-03 9.999871e-01 -4.339600e+00
9.999987e-01 -1.469486e-04 -1.589529e-03 -1.903731e+00 1.459761e-04 9.999998e-01 -6.118201e-04 -5.837149e-02 1.589619e-03 6.115865e-04 9.999985e-01 -4.665902e+00
9.999949e-01 2.241131e-04 -3.181346e-03 -2.068810e+00 -2.212014e-04 9.999996e-01 9.155276e-04 -6.198889e-02 3.181551e-03 -9.148185e-04 9.999945e-01 -4.408222e+00
9.999997e-01 -1.272774e-04 -7.795581e-04 -1.989248e+00 1.267121e-04 9.999997e-01 -7.250113e-04 -7.700558e-02 7.796498e-04 7.249116e-04 9.999994e-01 -4.033445e+00
9.999897e-01 3.661818e-04 -4.531108e-03 -2.142957e+00 -3.605124e-04 9.999992e-01 1.251954e-03 -7.822536e-02 4.531563e-03 -1.250307e-03 9.999890e-01 -3.973132e+00
9.999996e-01 -1.200233e-04 -8.292854e-04 -2.300458e+00 1.194861e-04 9.999998e-01 -6.477068e-04 -7.781851e-02 8.293626e-04 6.476068e-04 9.999994e-01 -4.169291e+00
9.999895e-01 3.556021e-04 -4.566467e-03 -2.449931e+00 -3.499445e-04 9.999992e-01 1.239671e-03 -7.940618e-02 4.566904e-03 -1.238059e-03 9.999888e-01 -4.218062e+00
9.999990e-01 -4.431628e-05 -1.387245e-03 -2.722708e+00 4.354808e-05 9.999998e-01 -5.537190e-04 -7.758068e-02 1.387269e-03 5.536574e-04 9.999989e-01 -4.364871e+00
9.999876e-01 3.298283e-04 -4.976952e-03 -3.098904e+00 -3.234039e-04 9.999991e-01 1.291549e-03 -7.216160e-02 4.977374e-03 -1.289922e-03 9.999868e-01 -4.383775e+00
9.999974e-01 -8.702516e-05 -2.298372e-03 -3.684056e+00 8.589988e-05 9.999999e-01 -4.896479e-04 -5.314815e-02 2.298414e-03 4.894485e-04 9.999972e-01 -4.281036e+00
9.999883e-01 3.131886e-04 -4.831106e-03 -4.243227e+00 -3.071366e-04 9.999992e-01 1.253386e-03 -3.646129e-02 4.831495e-03 -1.251886e-03 9.999875e-01 -4.209880e+00
9.999956e-01 5.983151e-05 -2.982635e-03 -4.865513e+00 -6.049218e-05 1.000000e+00 -2.213788e-04 -2.154185e-02 2.982621e-03 2.215576e-04 9.999955e-01 -4.443320e+00
9.999954e-01 2.939283e-04 -3.011215e-03 -5.098725e+00 -2.909601e-04 9.999995e-01 9.860651e-04 -2.101067e-02 3.011503e-03 -9.851837e-04 9.999950e-01 -4.691295e+00
9.999911e-01 1.664459e-05 -4.217727e-03 -5.593439e+00 -1.703560e-05 1.000000e+00 -9.264335e-05 -1.041469e-02 4.217726e-03 9.271367e-05 9.999911e-01 -4.790824e+00
9.999935e-01 3.257880e-04 -3.587734e-03 -6.182643e+00 -3.219788e-04 9.999994e-01 1.062223e-03 3.739511e-03 3.588078e-03 -1.061061e-03 9.999930e-01 -4.871724e+00
9.999984e-01 -1.802463e-04 -1.772540e-03 -6.381323e+00 1.791162e-04 9.999998e-01 -6.376083e-04 2.960604e-03 1.772655e-03 6.372891e-04 9.999982e-01 -4.567237e+00
9.999887e-01 4.196619e-04 -4.737546e-03 -6.784352e+00 -4.133879e-04 9.999990e-01 1.325177e-03 1.331828e-02 4.738097e-03 -1.323203e-03 9.999879e-01 -4.421955e+00
1.000000e+00 -1.224898e-04 -1.311580e-04 -6.916893e+00 1.223977e-04 9.999997e-01 -7.012809e-04 1.220602e-02 1.312435e-04 7.012641e-04 9.999997e-01 -5.116718e+00
9.999948e-01 1.904163e-04 -3.222525e-03 -6.845655e+00 -1.873870e-04 9.999995e-01 9.402827e-04 1.319326e-02 3.222702e-03 -9.396733e-04 9.999944e-01 -5.954402e+00
9.999998e-01 -1.837132e-04 6.619873e-04 -6.489797e+00 1.842275e-04 9.999997e-01 -7.770892e-04 1.741598e-02 -6.618447e-04 7.772103e-04 9.999995e-01 -6.728130e+00
9.999916e-01 5.608203e-04 -4.066071e-03 -5.950878e+00 -5.560883e-04 9.999992e-01 1.164800e-03 1.165710e-02 4.066721e-03 -1.162529e-03 9.999911e-01 -7.018440e+00
9.999986e-01 -2.450000e-04 -1.647964e-03 -6.191444e+00 2.441699e-04 9.999998e-01 -5.038067e-04 1.488624e-02 1.648087e-03 5.034029e-04 9.999985e-01 -7.170405e+00
9.999909e-01 5.202242e-04 -4.238025e-03 -6.498223e+00 -5.149375e-04 9.999991e-01 1.248413e-03 2.253638e-02 4.238671e-03 -1.246219e-03 9.999902e-01 -7.642791e+00
9.999999e-01 -3.735972e-04 3.585121e-04 -6.420335e+00 3.739073e-04 9.999996e-01 -8.655384e-04 2.116852e-02 -3.581889e-04 8.656717e-04 9.999996e-01 -8.248932e+00
9.999936e-01 4.171202e-04 -3.546645e-03 -6.259546e+00 -4.128424e-04 9.999992e-01 1.206745e-03 2.070088e-02 3.547146e-03 -1.205273e-03 9.999930e-01 -8.930826e+00
9.999997e-01 -2.127380e-04 -7.061831e-04 -6.373599e+00 2.122333e-04 9.999997e-01 -7.144876e-04 2.310613e-02 7.063346e-04 7.143368e-04 9.999995e-01 -9.992123e+00
9.999961e-01 3.316895e-04 -2.761604e-03 -6.307064e+00 -3.290475e-04 9.999995e-01 9.570188e-04 2.442568e-02 2.761921e-03 -9.561057e-04 9.999957e-01 -1.082943e+01
9.999995e-01 -2.076616e-04 -9.675357e-04 -6.242465e+00 2.071042e-04 9.999998e-01 -5.760110e-04 2.177317e-02 9.676548e-04 5.758096e-04 9.999994e-01 -1.144245e+01
9.999940e-01 4.352336e-04 -3.437077e-03 -6.357153e+00 -4.312249e-04 9.999992e-01 1.166930e-03 2.350741e-02 3.437582e-03 -1.165440e-03 9.999934e-01 -1.240566e+01
9.999992e-01 -1.617534e-04 -1.264954e-03 -6.531716e+00 1.610592e-04 9.999998e-01 -5.487629e-04 2.871381e-02 1.265043e-03 5.485580e-04 9.999990e-01 -1.348496e+01
9.999940e-01 4.220066e-04 -3.451422e-03 -6.714231e+00 -4.180800e-04 9.999993e-01 1.138286e-03 3.440013e-02 3.451900e-03 -1.136836e-03 9.999934e-01 -1.463748e+01
9.999998e-01 -2.333823e-04 -5.930723e-04 -6.772938e+00 2.329636e-04 9.999997e-01 -7.057312e-04 3.450370e-02 5.932365e-04 7.055922e-04 9.999996e-01 -1.550575e+01
9.999956e-01 3.311720e-04 -2.931808e-03 -6.722740e+00 -3.281403e-04 9.999994e-01 1.034443e-03 3.395299e-02 2.932150e-03 -1.033476e-03 9.999952e-01 -1.628945e+01
9.999996e-01 -1.672994e-04 -9.165970e-04 -6.671237e+00 1.666943e-04 9.999998e-01 -6.599941e-04 3.187637e-02 9.167069e-04 6.598403e-04 9.999994e-01 -1.693198e+01
9.999938e-01 4.094595e-04 -3.510517e-03 -6.767133e+00 -4.052797e-04 9.999992e-01 1.191237e-03 3.494184e-02 3.511002e-03 -1.189806e-03 9.999931e-01 -1.781551e+01
9.999990e-01 -1.240619e-04 -1.410220e-03 -6.942755e+00 1.232641e-04 9.999998e-01 -5.657119e-04 4.030677e-02 1.410289e-03 5.655368e-04 9.999988e-01 -1.866713e+01
9.999910e-01 4.525552e-04 -4.218812e-03 -7.230349e+00 -4.468809e-04 9.999990e-01 1.345809e-03 4.740010e-02 4.219417e-03 -1.343911e-03 9.999902e-01 -1.959302e+01
1.000000e+00 -2.537592e-04 -2.100838e-06 -7.307339e+00 2.537571e-04 9.999996e-01 -8.999280e-04 5.126447e-02 2.328884e-06 8.999268e-04 9.999996e-01 -2.052883e+01
9.999810e-01 6.054096e-04 -6.127402e-03 -7.705310e+00 -5.945225e-04 9.999982e-01 1.778429e-03 6.196388e-02 6.128468e-03 -1.774752e-03 9.999796e-01 -2.147916e+01
1.000000e+00 -2.385158e-04 3.102773e-05 -8.084625e+00 2.385426e-04 9.999996e-01 -8.711935e-04 7.230264e-02 -3.082024e-05 8.712002e-04 9.999996e-01 -2.243053e+01
9.999752e-01 7.023102e-04 -7.013575e-03 -8.629436e+00 -6.884455e-04 9.999978e-01 1.979026e-03 8.702432e-02 7.014950e-03 -1.974147e-03 9.999734e-01 -2.349079e+01
9.999996e-01 -2.255354e-04 -8.289905e-04 -9.276031e+00 2.249255e-04 9.999997e-01 -7.355820e-04 1.032986e-01 8.291559e-04 7.353946e-04 9.999994e-01 -2.437607e+01
9.999727e-01 6.157456e-04 -7.361937e-03 -1.003272e+01 -6.018622e-04 9.999980e-01 1.887880e-03 1.249492e-01 7.363086e-03 -1.883396e-03 9.999711e-01 -2.489211e+01
9.999995e-01 -2.214297e-04 1.008255e-03 -1.045183e+01 2.223530e-04 9.999996e-01 -9.158680e-04 1.347315e-01 -1.008052e-03 9.160910e-04 9.999991e-01 -2.587294e+01
9.999747e-01 5.937186e-04 -7.087666e-03 -1.084354e+01 -5.807661e-04 9.999982e-01 1.829374e-03 1.462028e-01 7.088740e-03 -1.825211e-03 9.999732e-01 -2.683432e+01
9.999997e-01 -3.214359e-04 6.941780e-04 -1.129056e+01 3.221269e-04 9.999995e-01 -9.958075e-04 1.592297e-01 -6.938578e-04 9.960302e-04 9.999993e-01 -2.747148e+01
9.999880e-01 3.447628e-04 -4.888123e-03 -1.140990e+01 -3.389313e-04 9.999992e-01 1.193738e-03 1.561577e-01 4.888531e-03 -1.192066e-03 9.999873e-01 -2.737245e+01
9.999981e-01 -1.506624e-05 -1.944114e-03 -1.190018e+01 1.458958e-05 1.000000e+00 -2.451072e-04 1.699457e-01 1.944117e-03 2.450777e-04 9.999981e-01 -2.804125e+01
9.999939e-01 3.130195e-04 -3.483344e-03 -1.220635e+01 -3.095033e-04 9.999994e-01 1.009888e-03 1.775467e-01 3.483659e-03 -1.008803e-03 9.999934e-01 -2.909546e+01
9.999996e-01 -3.934250e-04 8.100997e-04 -1.197382e+01 3.941284e-04 9.999995e-01 -8.684873e-04 1.803826e-01 -8.097580e-04 8.688056e-04 9.999993e-01 -2.981668e+01
9.999738e-01 6.265914e-04 -7.206804e-03 -1.242148e+01 -6.145914e-04 9.999984e-01 1.667163e-03 2.005966e-01 7.207837e-03 -1.662689e-03 9.999726e-01 -3.082047e+01
9.999986e-01 -4.807541e-04 1.609925e-03 -1.275954e+01 4.824955e-04 9.999993e-01 -1.081554e-03 2.118450e-01 -1.609404e-03 1.082329e-03 9.999981e-01 -3.138873e+01
9.999877e-01 5.088073e-04 -4.931588e-03 -1.265981e+01 -5.020693e-04 9.999989e-01 1.367413e-03 2.107198e-01 4.932279e-03 -1.364920e-03 9.999869e-01 -3.203246e+01
9.999985e-01 -4.642723e-04 1.684023e-03 -1.256819e+01 4.661276e-04 9.999993e-01 -1.101562e-03 2.137349e-01 -1.683510e-03 1.102344e-03 9.999980e-01 -3.298304e+01
9.999886e-01 4.829696e-04 -4.751507e-03 -1.241808e+01 -4.768361e-04 9.999991e-01 1.291847e-03 2.157332e-01 4.752127e-03 -1.289566e-03 9.999879e-01 -3.381055e+01
9.999982e-01 -6.549913e-04 1.794336e-03 -1.200218e+01 6.576181e-04 9.999987e-01 -1.463817e-03 2.203932e-01 -1.793375e-03 1.464994e-03 9.999973e-01 -3.377875e+01
9.999884e-01 6.540718e-04 -4.764861e-03 -1.172209e+01 -6.463660e-04 9.999985e-01 1.618520e-03 2.238336e-01 4.765913e-03 -1.615421e-03 9.999873e-01 -3.448389e+01
9.999979e-01 -6.669363e-04 1.954858e-03 -1.151883e+01 6.698591e-04 9.999987e-01 -1.494975e-03 2.280009e-01 -1.953858e-03 1.496280e-03 9.999970e-01 -3.538579e+01
9.999857e-01 9.123838e-04 -5.270774e-03 -1.110623e+01 -9.023581e-04 9.999978e-01 1.904154e-03 2.095152e-01 5.272500e-03 -1.899370e-03 9.999843e-01 -3.532994e+01
9.999994e-01 -1.054858e-03 4.502322e-05 -1.134342e+01 1.054927e-03 9.999982e-01 -1.571103e-03 2.230794e-01 -4.336615e-05 1.571149e-03 9.999988e-01 -3.470007e+01
9.999666e-01 9.100501e-04 -8.124773e-03 -1.224664e+01 -8.917569e-04 9.999971e-01 2.254842e-03 2.805733e-01 8.126802e-03 -2.247521e-03 9.999645e-01 -3.398840e+01
9.999976e-01 -7.884573e-04 2.036366e-03 -1.266127e+01 7.921309e-04 9.999981e-01 -1.803924e-03 3.023642e-01 -2.034940e-03 1.805532e-03 9.999963e-01 -3.352341e+01
9.999683e-01 7.505012e-04 -7.932804e-03 -1.304336e+01 -7.320009e-04 9.999970e-01 2.334746e-03 3.262900e-01 7.934533e-03 -2.328864e-03 9.999658e-01 -3.303174e+01
9.999996e-01 -6.170476e-04 5.821753e-04 -1.362587e+01 6.179990e-04 9.999985e-01 -1.635795e-03 3.582253e-01 -5.811654e-04 1.636154e-03 9.999985e-01 -3.316562e+01
9.999863e-01 8.488092e-04 -5.162896e-03 -1.378382e+01 -8.375221e-04 9.999973e-01 2.187920e-03 3.658697e-01 5.164740e-03 -2.183565e-03 9.999843e-01 -3.427008e+01
9.999996e-01 -5.890234e-04 6.204072e-04 -1.392978e+01 5.900486e-04 9.999985e-01 -1.653896e-03 3.700026e-01 -6.194323e-04 1.654260e-03 9.999984e-01 -3.528252e+01
9.999781e-01 9.788354e-04 -6.541532e-03 -1.427543e+01 -9.625912e-04 9.999964e-01 2.485907e-03 3.779684e-01 6.543942e-03 -2.479555e-03 9.999755e-01 -3.628157e+01
9.999985e-01 -6.728388e-04 1.572389e-03 -1.446013e+01 6.757393e-04 9.999981e-01 -1.844972e-03 3.806554e-01 -1.571145e-03 1.846031e-03 9.999971e-01 -3.711437e+01
9.999894e-01 6.785758e-04 -4.556488e-03 -1.417449e+01 -6.695186e-04 9.999978e-01 1.988941e-03 3.892083e-01 4.557828e-03 -1.985869e-03 9.999876e-01 -3.825684e+01
9.999981e-01 -5.264951e-04 1.874111e-03 -1.355635e+01 5.297848e-04 9.999983e-01 -1.755388e-03 3.957733e-01 -1.873183e-03 1.756376e-03 9.999967e-01 -3.909838e+01
9.999874e-01 5.694481e-04 -4.995957e-03 -1.335611e+01 -5.596383e-04 9.999979e-01 1.964688e-03 3.978180e-01 4.997065e-03 -1.961866e-03 9.999856e-01 -3.991781e+01
9.999998e-01 -3.375890e-04 5.481534e-04 -1.342051e+01 3.384124e-04 9.999988e-01 -1.503263e-03 3.990292e-01 -5.476455e-04 1.503447e-03 9.999987e-01 -4.049344e+01
9.999855e-01 4.948144e-04 -5.361196e-03 -1.339330e+01 -4.845100e-04 9.999980e-01 1.923132e-03 4.039902e-01 5.362137e-03 -1.920506e-03 9.999838e-01 -4.020394e+01
9.999989e-01 -2.125470e-04 -1.462298e-03 -1.381026e+01 2.108172e-04 9.999993e-01 -1.182835e-03 4.208521e-01 1.462548e-03 1.182525e-03 9.999982e-01 -4.036362e+01
9.999693e-01 6.627696e-04 -7.807658e-03 -1.471438e+01 -6.427572e-04 9.999965e-01 2.565378e-03 4.475536e-01 7.809331e-03 -2.560280e-03 9.999662e-01 -4.109161e+01
9.999996e-01 -3.298651e-04 7.955259e-04 -1.520103e+01 3.312468e-04 9.999984e-01 -1.737610e-03 4.588943e-01 -7.949518e-04 1.737872e-03 9.999982e-01 -4.125904e+01
9.999873e-01 4.240999e-04 -5.018422e-03 -1.523028e+01 -4.135728e-04 9.999977e-01 2.098490e-03 4.636138e-01 5.019301e-03 -2.096387e-03 9.999852e-01 -4.171572e+01
9.999975e-01 -4.003633e-04 -2.181586e-03 -1.595724e+01 3.972950e-04 9.999989e-01 -1.406611e-03 4.998439e-01 2.182146e-03 1.405740e-03 9.999966e-01 -4.135496e+01
9.999934e-01 4.532240e-04 -3.604877e-03 -1.616317e+01 -4.467609e-04 9.999983e-01 1.793432e-03 5.287392e-01 3.605684e-03 -1.791808e-03 9.999919e-01 -4.086334e+01
9.999988e-01 -1.587492e-04 -1.562088e-03 -1.583503e+01 1.562727e-04 9.999987e-01 -1.585249e-03 5.491556e-01 1.562337e-03 1.585002e-03 9.999975e-01 -4.095533e+01
9.999894e-01 1.474898e-04 -4.592023e-03 -1.591354e+01 -1.384507e-04 9.999981e-01 1.968650e-03 5.928061e-01 4.592305e-03 -1.967993e-03 9.999875e-01 -4.109003e+01
9.999987e-01 -4.792584e-04 -1.548276e-03 -1.590622e+01 4.761655e-04 9.999979e-01 -1.997249e-03 6.606590e-01 1.549230e-03 1.996509e-03 9.999968e-01 -4.075384e+01
9.999948e-01 7.342789e-04 -3.145445e-03 -1.538283e+01 -7.271957e-04 9.999972e-01 2.252374e-03 6.819671e-01 3.147090e-03 -2.250074e-03 9.999925e-01 -4.100366e+01
9.999999e-01 -2.759255e-04 -2.895211e-04 -1.410820e+01 2.753129e-04 9.999977e-01 -2.113011e-03 6.936492e-01 2.901032e-04 2.112930e-03 9.999977e-01 -4.172088e+01
9.999965e-01 5.542485e-04 -2.581341e-03 -1.311155e+01 -5.481531e-04 9.999971e-01 2.361371e-03 6.888415e-01 2.582642e-03 -2.359947e-03 9.999939e-01 -4.218386e+01
9.999977e-01 -3.811036e-04 -2.120121e-03 -1.318391e+01 3.771487e-04 9.999982e-01 -1.865389e-03 6.949036e-01 2.120828e-03 1.864584e-03 9.999960e-01 -4.292255e+01
9.999988e-01 4.905113e-04 -1.482293e-03 -1.291997e+01 -4.873540e-04 9.999976e-01 2.129479e-03 6.961517e-01 1.483334e-03 -2.128754e-03 9.999966e-01 -4.357743e+01
9.999973e-01 -2.900427e-04 -2.308666e-03 -1.238093e+01 2.858965e-04 9.999983e-01 -1.795959e-03 6.859952e-01 2.309183e-03 1.795293e-03 9.999957e-01 -4.366525e+01
9.999979e-01 4.299123e-04 -1.997743e-03 -1.233530e+01 -4.254115e-04 9.999974e-01 2.252691e-03 6.904044e-01 1.998707e-03 -2.251836e-03 9.999955e-01 -4.430905e+01
9.999959e-01 -1.733167e-04 -2.863981e-03 -1.251645e+01 1.684521e-04 9.999985e-01 -1.698599e-03 6.986332e-01 2.864270e-03 1.698109e-03 9.999945e-01 -4.536168e+01
9.999993e-01 3.057969e-04 -1.165865e-03 -1.249689e+01 -3.033711e-04 9.999978e-01 2.080059e-03 7.012586e-01 1.166498e-03 -2.079703e-03 9.999972e-01 -4.613941e+01
9.999976e-01 -2.506008e-04 -2.160669e-03 -1.212029e+01 2.465518e-04 9.999982e-01 -1.873910e-03 6.959091e-01 2.161134e-03 1.873372e-03 9.999959e-01 -4.657563e+01
9.999986e-01 4.170086e-04 -1.603126e-03 -1.164380e+01 -4.136389e-04 9.999977e-01 2.101575e-03 6.920753e-01 1.603999e-03 -2.100909e-03 9.999965e-01 -4.692259e+01
9.999979e-01 -2.575714e-04 -2.051782e-03 -1.121067e+01 2.538091e-04 9.999983e-01 -1.833598e-03 6.991957e-01 2.052251e-03 1.833072e-03 9.999962e-01 -4.747497e+01
9.999942e-01 2.291057e-04 -3.390441e-03 -1.113190e+01 -2.221013e-04 9.999978e-01 2.066095e-03 7.382411e-01 3.390907e-03 -2.065330e-03 9.999921e-01 -4.745385e+01
9.999969e-01 -4.341420e-04 -2.448407e-03 -1.096021e+01 4.294986e-04 9.999981e-01 -1.896591e-03 7.910809e-01 2.449226e-03 1.895533e-03 9.999952e-01 -4.735013e+01
9.999957e-01 5.894258e-04 -2.865967e-03 -1.072278e+01 -5.831808e-04 9.999975e-01 2.179263e-03 8.092030e-01 2.867244e-03 -2.177582e-03 9.999935e-01 -4.700437e+01
9.999989e-01 -1.893745e-04 -1.482140e-03 -1.009647e+01 1.866919e-04 9.999983e-01 -1.809703e-03 7.933843e-01 1.482480e-03 1.809424e-03 9.999973e-01 -4.684645e+01
9.999945e-01 7.662672e-04 -3.238085e-03 -9.393543e+00 -7.590540e-04 9.999972e-01 2.228167e-03 7.739410e-01 3.239784e-03 -2.225696e-03 9.999923e-01 -4.673388e+01
9.999992e-01 -3.850990e-04 -1.226329e-03 -8.905612e+00 3.827906e-04 9.999982e-01 -1.881823e-03 7.617854e-01 1.227051e-03 1.881351e-03 9.999975e-01 -4.652800e+01
9.999937e-01 1.001500e-03 -3.398289e-03 -8.120847e+00 -9.936102e-04 9.999968e-01 2.322617e-03 7.404968e-01 3.400604e-03 -2.319225e-03 9.999915e-01 -4.637779e+01
9.999990e-01 -3.696401e-04 -1.347325e-03 -7.358558e+00 3.671292e-04 9.999982e-01 -1.863201e-03 7.154589e-01 1.348011e-03 1.862704e-03 9.999974e-01 -4.618497e+01
9.999943e-01 9.319762e-04 -3.246623e-03 -6.621292e+00 -9.245035e-04 9.999969e-01 2.302344e-03 6.961185e-01 3.248759e-03 -2.299328e-03 9.999921e-01 -4.604641e+01
9.999989e-01 -2.005022e-04 -1.496953e-03 -5.761086e+00 1.977558e-04 9.999983e-01 -1.834422e-03 6.627773e-01 1.497318e-03 1.834123e-03 9.999972e-01 -4.571032e+01
9.999932e-01 9.405525e-04 -3.567004e-03 -4.645772e+00 -9.323522e-04 9.999969e-01 2.299838e-03 6.288210e-01 3.569156e-03 -2.296496e-03 9.999910e-01 -4.545854e+01
9.999993e-01 -1.888520e-04 -1.166444e-03 -3.697466e+00 1.864848e-04 9.999979e-01 -2.029005e-03 6.038172e-01 1.166825e-03 2.028785e-03 9.999973e-01 -4.528510e+01
9.999973e-01 3.228369e-04 -2.287282e-03 -3.173713e+00 -3.177175e-04 9.999974e-01 2.238063e-03 5.885823e-01 2.287999e-03 -2.237330e-03 9.999949e-01 -4.533806e+01
9.999992e-01 -1.873518e-04 -1.228081e-03 -2.764061e+00 1.848183e-04 9.999979e-01 -2.062558e-03 5.732574e-01 1.228465e-03 2.062329e-03 9.999971e-01 -4.542509e+01
9.999959e-01 2.786619e-04 -2.861480e-03 -2.543916e+00 -2.720977e-04 9.999973e-01 2.294031e-03 5.612488e-01 2.862112e-03 -2.293242e-03 9.999933e-01 -4.534303e+01
9.999995e-01 -8.587398e-05 -9.852439e-04 -2.116462e+00 8.390924e-05 9.999980e-01 -1.993768e-03 5.497674e-01 9.854129e-04 1.993683e-03 9.999975e-01 -4.546496e+01
9.999955e-01 2.243458e-04 -2.986203e-03 -1.817855e+00 -2.176016e-04 9.999974e-01 2.258488e-03 5.440599e-01 2.986702e-03 -2.257827e-03 9.999930e-01 -4.568139e+01
9.999992e-01 -1.036424e-04 -1.240515e-03 -1.638760e+00 1.012083e-04 9.999981e-01 -1.961829e-03 5.365448e-01 1.240716e-03 1.961701e-03 9.999973e-01 -4.569865e+01
9.999882e-01 3.115923e-04 -4.851351e-03 -1.924242e+00 -2.989096e-04 9.999965e-01 2.614709e-03 5.433485e-01 4.852150e-03 -2.613227e-03 9.999848e-01 -4.592396e+01
9.999998e-01 -1.248413e-04 -5.695838e-04 -1.971990e+00 1.235988e-04 9.999976e-01 -2.180569e-03 5.395330e-01 5.698544e-04 2.180498e-03 9.999975e-01 -4.576514e+01
9.999816e-01 3.714479e-04 -6.061939e-03 -2.369443e+00 -3.537703e-04 9.999957e-01 2.916921e-03 5.501108e-01 6.062996e-03 -2.914722e-03 9.999774e-01 -4.592217e+01
9.999994e-01 -1.666952e-04 1.041456e-03 -2.411496e+00 1.691406e-04 9.999972e-01 -2.348716e-03 5.531349e-01 -1.041062e-03 2.348890e-03 9.999967e-01 -4.637841e+01
9.999796e-01 3.840953e-04 -6.370597e-03 -2.463342e+00 -3.654716e-04 9.999957e-01 2.924247e-03 5.535711e-01 6.371693e-03 -2.921859e-03 9.999754e-01 -4.663556e+01
9.999999e-01 -8.990171e-05 -3.183491e-04 -2.814287e+00 8.921079e-05 9.999976e-01 -2.168801e-03 5.607968e-01 3.185431e-04 2.168772e-03 9.999976e-01 -4.677757e+01
9.999829e-01 3.021922e-04 -5.841178e-03 -3.133672e+00 -2.858315e-04 9.999960e-01 2.801510e-03 5.677458e-01 5.842002e-03 -2.799791e-03 9.999790e-01 -4.689059e+01
9.999996e-01 -1.603356e-04 8.501794e-04 -3.182529e+00 1.624007e-04 9.999970e-01 -2.429809e-03 5.646843e-01 -8.497876e-04 2.429945e-03 9.999967e-01 -4.688230e+01
9.999895e-01 2.791898e-04 -4.564132e-03 -2.840729e+00 -2.671134e-04 9.999965e-01 2.646268e-03 5.501643e-01 4.564855e-03 -2.645021e-03 9.999861e-01 -4.682334e+01
9.999999e-01 1.012178e-04 5.295506e-04 -2.186968e+00 -1.000340e-04 9.999975e-01 -2.235595e-03 5.233437e-01 -5.297758e-04 2.235541e-03 9.999974e-01 -4.664594e+01
9.999875e-01 3.912632e-04 -4.980877e-03 -1.633290e+00 -3.780221e-04 9.999964e-01 2.659008e-03 4.950182e-01 4.981900e-03 -2.657091e-03 9.999841e-01 -4.634780e+01
9.999997e-01 4.125554e-07 8.098544e-04 -1.165517e+00 1.406922e-06 9.999975e-01 -2.247026e-03 4.745942e-01 -8.098536e-04 2.247025e-03 9.999971e-01 -4.618719e+01
9.999868e-01 4.606762e-04 -5.108644e-03 -5.459873e-01 -4.473413e-04 9.999965e-01 2.611048e-03 4.564818e-01 5.109829e-03 -2.608727e-03 9.999835e-01 -4.614647e+01
9.999991e-01 -1.273026e-04 1.356433e-03 5.203685e-02 1.305087e-04 9.999972e-01 -2.364067e-03 4.440933e-01 -1.356129e-03 2.364241e-03 9.999963e-01 -4.623165e+01
9.999878e-01 4.262099e-04 -4.915332e-03 6.291744e-01 -4.130808e-04 9.999963e-01 2.671701e-03 4.254448e-01 4.916453e-03 -2.669637e-03 9.999844e-01 -4.620389e+01
9.999997e-01 3.361629e-05 7.544416e-04 1.389134e+00 -3.182246e-05 9.999972e-01 -2.377968e-03 4.031583e-01 -7.545197e-04 2.377943e-03 9.999969e-01 -4.607277e+01
9.999868e-01 -9.384341e-05 -5.139091e-03 1.616805e+00 1.060662e-04 9.999972e-01 2.378113e-03 4.221487e-01 5.138853e-03 -2.378626e-03 9.999840e-01 -4.582765e+01
9.999999e-01 1.293932e-04 5.225290e-04 1.999418e+00 -1.281893e-04 9.999973e-01 -2.304010e-03 4.430003e-01 -5.228260e-04 2.303942e-03 9.999972e-01 -4.579932e+01
9.999927e-01 1.807542e-04 -3.828024e-03 2.775688e+00 -1.707609e-04 9.999966e-01 2.610663e-03 4.354569e-01 3.828483e-03 -2.609990e-03 9.999893e-01 -4.608535e+01
9.999997e-01 2.933892e-04 -6.620498e-04 3.591088e+00 -2.948640e-04 9.999975e-01 -2.228135e-03 4.307862e-01 6.613942e-04 2.228329e-03 9.999973e-01 -4.617990e+01
9.999942e-01 1.241464e-04 -3.407165e-03 4.321293e+00 -1.157695e-04 9.999970e-01 2.458610e-03 4.266917e-01 3.407460e-03 -2.458201e-03 9.999912e-01 -4.638357e+01
9.999993e-01 3.069480e-05 -1.160565e-03 4.597302e+00 -3.310932e-05 9.999978e-01 -2.080245e-03 4.414483e-01 1.160499e-03 2.080281e-03 9.999972e-01 -4.651435e+01
9.999917e-01 2.984125e-04 -4.065905e-03 5.263813e+00 -2.871209e-04 9.999961e-01 2.777358e-03 4.847717e-01 4.066718e-03 -2.776167e-03 9.999879e-01 -4.810524e+01
1.000000e+00 2.593274e-04 -1.590902e-05 5.901052e+00 -2.593649e-04 9.999971e-01 -2.386506e-03 5.092726e-01 1.528986e-05 2.386509e-03 9.999972e-01 -4.946753e+01
9.999901e-01 3.053611e-04 -4.450314e-03 6.713726e+00 -2.927604e-04 9.999959e-01 2.831726e-03 4.882914e-01 4.451161e-03 -2.830394e-03 9.999861e-01 -4.922899e+01
9.999990e-01 -6.351316e-06 -1.412778e-03 6.725184e+00 3.184858e-06 9.999975e-01 -2.241073e-03 4.919093e-01 1.412788e-03 2.241065e-03 9.999965e-01 -4.881857e+01
9.999763e-01 2.021790e-04 -6.884566e-03 5.991796e+00 -1.798407e-04 9.999947e-01 3.245124e-03 5.227345e-01 6.885186e-03 -3.243808e-03 9.999710e-01 -4.859961e+01
9.999999e-01 1.131165e-04 5.054579e-04 5.643905e+00 -1.118676e-04 9.999969e-01 -2.470805e-03 5.324362e-01 -5.057361e-04 2.470747e-03 9.999968e-01 -4.911343e+01
9.999926e-01 6.905352e-05 -3.857355e-03 6.017459e+00 -5.849362e-05 9.999963e-01 2.737566e-03 5.352306e-01 3.857530e-03 -2.737319e-03 9.999888e-01 -4.981743e+01
9.999999e-01 1.943750e-04 -4.051487e-04 6.135865e+00 -1.953280e-04 9.999972e-01 -2.352528e-03 5.398922e-01 4.046900e-04 2.352607e-03 9.999972e-01 -5.056386e+01
9.999239e-01 2.616777e-04 -1.233097e-02 4.481596e+00 -2.091561e-04 9.999909e-01 4.260399e-03 6.056612e-01 1.233197e-02 -4.257495e-03 9.999149e-01 -5.171193e+01
9.999987e-01 1.900261e-04 -1.624735e-03 2.620183e+00 -1.935640e-04 9.999976e-01 -2.177395e-03 6.724340e-01 1.624317e-03 2.177706e-03 9.999963e-01 -5.291267e+01
9.999879e-01 -7.090228e-05 -4.914386e-03 2.086631e+00 8.444313e-05 9.999962e-01 2.755130e-03 6.754731e-01 4.914172e-03 -2.755511e-03 9.999841e-01 -5.293556e+01
1.000000e+00 1.011490e-04 2.738293e-04 2.279515e+00 -1.005151e-04 9.999973e-01 -2.315134e-03 6.710600e-01 -2.740629e-04 2.315105e-03 9.999973e-01 -5.308827e+01
9.999883e-01 1.930913e-04 -4.833061e-03 2.307918e+00 -1.787180e-04 9.999956e-01 2.974146e-03 6.677610e-01 4.833614e-03 -2.973247e-03 9.999839e-01 -5.350558e+01
9.999998e-01 1.880150e-04 -5.552620e-04 2.150872e+00 -1.892280e-04 9.999976e-01 -2.184807e-03 6.667913e-01 5.548497e-04 2.184911e-03 9.999975e-01 -5.396230e+01
9.999851e-01 2.552536e-04 -5.458479e-03 1.870754e+00 -2.385956e-04 9.999953e-01 3.052122e-03 6.681344e-01 5.459232e-03 -3.050774e-03 9.999804e-01 -5.441001e+01
9.999999e-01 7.309326e-05 5.005535e-04 1.933846e+00 -7.185674e-05 9.999969e-01 -2.470531e-03 6.621473e-01 -5.007328e-04 2.470494e-03 9.999968e-01 -5.434395e+01
9.999882e-01 3.863202e-04 -4.837422e-03 2.527752e+00 -3.719200e-04 9.999955e-01 2.977314e-03 6.436018e-01 4.838551e-03 -2.975479e-03 9.999839e-01 -5.421122e+01
9.999999e-01 7.005474e-05 4.489331e-04 3.122544e+00 -6.888608e-05 9.999966e-01 -2.603426e-03 6.225785e-01 -4.491141e-04 2.603394e-03 9.999965e-01 -5.389173e+01
9.999886e-01 1.260597e-04 -4.778074e-03 3.286923e+00 -1.121607e-04 9.999958e-01 2.908991e-03 6.080723e-01 4.778421e-03 -2.908421e-03 9.999844e-01 -5.347948e+01
9.999999e-01 2.015672e-04 -3.833529e-04 3.228513e+00 -2.024353e-04 9.999974e-01 -2.264928e-03 6.051896e-01 3.828951e-04 2.265005e-03 9.999974e-01 -5.361575e+01
9.999937e-01 4.509617e-05 -3.547447e-03 3.459789e+00 -3.573162e-05 9.999965e-01 2.639724e-03 5.880906e-01 3.547554e-03 -2.639580e-03 9.999902e-01 -5.343141e+01
9.999995e-01 3.088574e-04 -9.284219e-04 3.769794e+00 -3.110086e-04 9.999973e-01 -2.317465e-03 5.596818e-01 9.277034e-04 2.317752e-03 9.999969e-01 -5.285544e+01
9.999943e-01 7.750038e-05 -3.363604e-03 4.203327e+00 -6.846040e-05 9.999964e-01 2.687520e-03 5.281517e-01 3.363801e-03 -2.687273e-03 9.999907e-01 -5.235705e+01
9.999991e-01 4.132352e-04 -1.305121e-03 4.861419e+00 -4.161912e-04 9.999973e-01 -2.265139e-03 5.061933e-01 1.304181e-03 2.265680e-03 9.999966e-01 -5.225673e+01
9.999965e-01 -8.630753e-05 -2.626760e-03 5.303361e+00 9.338553e-05 9.999964e-01 2.694440e-03 4.870888e-01 2.626518e-03 -2.694675e-03 9.999929e-01 -5.219248e+01
9.999984e-01 2.407086e-04 -1.793647e-03 5.366100e+00 -2.449554e-04 9.999972e-01 -2.367618e-03 4.720127e-01 1.793072e-03 2.368053e-03 9.999956e-01 -5.176719e+01
9.999970e-01 4.538413e-05 -2.449519e-03 5.601889e+00 -3.868042e-05 9.999963e-01 2.736585e-03 4.521725e-01 2.449634e-03 -2.736482e-03 9.999933e-01 -5.147311e+01
9.999993e-01 3.059961e-04 -1.113274e-03 6.268098e+00 -3.085719e-04 9.999973e-01 -2.313941e-03 4.495509e-01 1.112562e-03 2.314283e-03 9.999967e-01 -5.188800e+01
9.999954e-01 5.552700e-05 -3.028011e-03 6.611183e+00 -4.752021e-05 9.999965e-01 2.644134e-03 4.286166e-01 3.028148e-03 -2.643977e-03 9.999919e-01 -5.168313e+01
9.999984e-01 -1.771306e-05 -1.775367e-03 6.457791e+00 1.338964e-05 9.999970e-01 -2.435009e-03 4.262992e-01 1.775404e-03 2.434981e-03 9.999955e-01 -5.105847e+01
9.999949e-01 8.675186e-05 -3.179062e-03 6.288627e+00 -7.815554e-05 9.999963e-01 2.703958e-03 4.237689e-01 3.179285e-03 -2.703695e-03 9.999913e-01 -5.049337e+01
9.999972e-01 1.322595e-04 -2.369011e-03 6.049901e+00 -1.377136e-04 9.999973e-01 -2.302091e-03 4.268526e-01 2.368700e-03 2.302410e-03 9.999945e-01 -4.998205e+01
9.999930e-01 1.295809e-04 -3.726481e-03 5.744500e+00 -1.188914e-04 9.999959e-01 2.868522e-03 4.348603e-01 3.726837e-03 -2.868059e-03 9.999889e-01 -4.960912e+01
9.999996e-01 1.402312e-04 -8.947129e-04 5.816165e+00 -1.424782e-04 9.999968e-01 -2.511405e-03 4.271049e-01 8.943577e-04 2.511531e-03 9.999964e-01 -4.916613e+01
9.999949e-01 1.173296e-04 -3.198278e-03 6.167335e+00 -1.079684e-04 9.999957e-01 2.926838e-03 4.219869e-01 3.198607e-03 -2.926477e-03 9.999906e-01 -4.921431e+01
9.999999e-01 -1.219660e-05 -4.921987e-04 6.370757e+00 1.106141e-05 9.999973e-01 -2.305557e-03 4.355577e-01 4.922253e-04 2.305551e-03 9.999972e-01 -5.056744e+01
9.999990e-01 -1.825885e-04 -1.426880e-03 7.022823e+00 1.863289e-04 9.999965e-01 2.621381e-03 4.773194e-01 1.426397e-03 -2.621643e-03 9.999955e-01 -5.339610e+01
9.999999e-01 7.044500e-05 -4.399803e-04 7.904903e+00 -7.153480e-05 9.999969e-01 -2.476579e-03 5.232889e-01 4.398043e-04 2.476610e-03 9.999968e-01 -5.631861e+01
9.999979e-01 -7.278771e-05 -2.024760e-03 8.521026e+00 7.826072e-05 9.999963e-01 2.702914e-03 5.464162e-01 2.024556e-03 -2.703066e-03 9.999943e-01 -5.810647e+01
9.999996e-01 1.390633e-04 -8.856099e-04 8.817972e+00 -1.410873e-04 9.999974e-01 -2.285380e-03 5.521035e-01 8.852896e-04 2.285504e-03 9.999970e-01 -5.904805e+01
9.999958e-01 5.743006e-04 -2.845820e-03 1.038554e+01 -5.651505e-04 9.999947e-01 3.214919e-03 5.470816e-01 2.847651e-03 -3.213296e-03 9.999908e-01 -5.955148e+01
9.999986e-01 -3.520764e-04 -1.621577e-03 1.062794e+01 3.473422e-04 9.999957e-01 -2.918644e-03 5.234186e-01 1.622598e-03 2.918076e-03 9.999944e-01 -5.892783e+01
9.999939e-01 6.577232e-04 -3.419833e-03 1.066747e+01 -6.457106e-04 9.999936e-01 3.512444e-03 5.142824e-01 3.422122e-03 -3.510214e-03 9.999880e-01 -5.878237e+01
9.999993e-01 -3.470750e-04 -1.105149e-03 1.094781e+01 3.436542e-04 9.999952e-01 -3.093710e-03 4.971886e-01 1.106217e-03 3.093328e-03 9.999946e-01 -5.845715e+01
9.999933e-01 8.696067e-04 -3.555501e-03 1.159505e+01 -8.570506e-04 9.999934e-01 3.531348e-03 4.702445e-01 3.558548e-03 -3.528277e-03 9.999874e-01 -5.811002e+01
9.999993e-01 -4.682399e-04 -1.111555e-03 1.197370e+01 4.646570e-04 9.999947e-01 -3.221082e-03 4.480096e-01 1.113057e-03 3.220562e-03 9.999942e-01 -5.767056e+01
9.999963e-01 5.733319e-04 -2.666445e-03 1.200312e+01 -5.650897e-04 9.999951e-01 3.090671e-03 4.318577e-01 2.668204e-03 -3.089152e-03 9.999917e-01 -5.686075e+01
9.999987e-01 -3.174245e-04 -1.591104e-03 1.214712e+01 3.130416e-04 9.999962e-01 -2.753844e-03 4.173985e-01 1.591972e-03 2.753342e-03 9.999949e-01 -5.650599e+01
9.999969e-01 5.045611e-04 -2.436750e-03 1.236144e+01 -4.973839e-04 9.999955e-01 2.944954e-03 3.969295e-01 2.438225e-03 -2.943732e-03 9.999927e-01 -5.613281e+01
9.999967e-01 -1.588267e-04 -2.577904e-03 1.245888e+01 1.531337e-04 9.999976e-01 -2.208279e-03 3.944456e-01 2.578248e-03 2.207877e-03 9.999942e-01 -5.632097e+01
9.999996e-01 5.339989e-04 -7.417540e-04 1.319828e+01 -5.320627e-04 9.999965e-01 2.607582e-03 4.041071e-01 7.431440e-04 -2.607185e-03 9.999963e-01 -5.721690e+01
9.999924e-01 -1.354294e-04 -3.887037e-03 1.374318e+01 1.282022e-04 9.999983e-01 -1.859401e-03 4.079167e-01 3.887282e-03 1.858888e-03 9.999907e-01 -5.786121e+01
9.999999e-01 3.901485e-04 -8.000109e-05 1.427126e+01 -3.899623e-04 9.999973e-01 2.309765e-03 3.914565e-01 8.090220e-05 -2.309733e-03 9.999973e-01 -5.778181e+01
9.999861e-01 3.418113e-05 -5.274473e-03 1.451563e+01 -4.518577e-05 9.999978e-01 -2.086220e-03 3.754343e-01 5.274390e-03 2.086428e-03 9.999839e-01 -5.717470e+01
9.999992e-01 2.189244e-04 1.251126e-03 1.482800e+01 -2.217641e-04 9.999974e-01 2.270365e-03 3.484018e-01 -1.250626e-03 -2.270640e-03 9.999966e-01 -5.656778e+01
9.999856e-01 8.742025e-05 -5.356518e-03 1.520384e+01 -9.823472e-05 9.999980e-01 -2.018635e-03 3.255588e-01 5.356330e-03 2.019132e-03 9.999836e-01 -5.635235e+01
9.999989e-01 1.775926e-04 1.492157e-03 1.549528e+01 -1.809147e-04 9.999975e-01 2.226771e-03 3.007994e-01 -1.491758e-03 -2.227038e-03 9.999964e-01 -5.588843e+01
9.999835e-01 9.556115e-05 -5.736093e-03 1.581230e+01 -1.068635e-04 9.999981e-01 -1.970051e-03 2.767979e-01 5.735893e-03 1.970631e-03 9.999816e-01 -5.541812e+01
9.999987e-01 1.890277e-04 1.624718e-03 1.606649e+01 -1.928709e-04 9.999972e-01 2.365855e-03 2.613544e-01 -1.624266e-03 -2.366165e-03 9.999959e-01 -5.531075e+01
9.999845e-01 1.194719e-04 -5.573837e-03 1.651740e+01 -1.300374e-04 9.999982e-01 -1.895158e-03 2.423853e-01 5.573601e-03 1.895853e-03 9.999827e-01 -5.515508e+01
9.999995e-01 3.459634e-04 9.798178e-04 1.720076e+01 -3.482725e-04 9.999972e-01 2.357877e-03 2.106416e-01 -9.789991e-04 -2.358217e-03 9.999967e-01 -5.469474e+01
9.999864e-01 1.790934e-05 -5.221995e-03 1.770102e+01 -2.812290e-05 9.999981e-01 -1.955730e-03 1.913005e-01 5.221950e-03 1.955850e-03 9.999845e-01 -5.450519e+01
9.999994e-01 1.925659e-04 1.047794e-03 1.772343e+01 -1.952664e-04 9.999967e-01 2.578243e-03 1.891284e-01 -1.047294e-03 -2.578446e-03 9.999961e-01 -5.513932e+01
9.999887e-01 -5.166285e-05 -4.743655e-03 1.764868e+01 4.175250e-05 9.999978e-01 -2.089171e-03 1.950956e-01 4.743753e-03 2.088948e-03 9.999866e-01 -5.640591e+01
9.999999e-01 3.718455e-04 9.746251e-05 1.753899e+01 -3.721197e-04 9.999959e-01 2.832924e-03 1.930563e-01 -9.640855e-05 -2.832960e-03 9.999960e-01 -5.710231e+01
9.999926e-01 -1.888536e-04 -3.845335e-03 1.763297e+01 1.799784e-04 9.999973e-01 -2.308152e-03 1.955803e-01 3.845760e-03 2.307443e-03 9.999899e-01 -5.801419e+01
9.999996e-01 9.925966e-05 9.265228e-04 1.767729e+01 -1.020328e-04 9.999955e-01 2.993946e-03 2.082899e-01 -9.262213e-04 -2.994039e-03 9.999951e-01 -5.966791e+01
9.999897e-01 8.377151e-05 -4.530274e-03 1.767283e+01 -9.464788e-05 9.999971e-01 -2.400569e-03 2.162746e-01 4.530060e-03 2.400973e-03 9.999869e-01 -6.092068e+01
9.999997e-01 -6.927931e-05 7.661319e-04 1.759034e+01 6.686609e-05 9.999950e-01 3.149982e-03 2.251718e-01 -7.663462e-04 -3.149929e-03 9.999947e-01 -6.240178e+01
9.999942e-01 6.958171e-05 -3.412560e-03 1.775080e+01 -7.875267e-05 9.999964e-01 -2.687235e-03 2.397391e-01 3.412361e-03 2.687487e-03 9.999906e-01 -6.398848e+01
9.999994e-01 2.161065e-04 -1.079220e-03 1.812263e+01 -2.127165e-04 9.999950e-01 3.139865e-03 2.288703e-01 1.079894e-03 -3.139633e-03 9.999945e-01 -6.378661e+01
9.999942e-01 8.096359e-05 -3.401867e-03 1.836136e+01 -9.160902e-05 9.999951e-01 -3.129132e-03 2.115305e-01 3.401597e-03 3.129425e-03 9.999893e-01 -6.290320e+01
1.000000e+00 1.149767e-04 -2.044754e-04 1.871897e+01 -1.142261e-04 9.999933e-01 3.664883e-03 2.120683e-01 2.048956e-04 -3.664859e-03 9.999933e-01 -6.359198e+01
9.999964e-01 -6.238082e-05 -2.688582e-03 1.895551e+01 5.360305e-05 9.999947e-01 -3.264629e-03 2.186607e-01 2.688771e-03 3.264472e-03 9.999911e-01 -6.464855e+01
9.999993e-01 3.827318e-04 -1.094053e-03 1.938923e+01 -3.785282e-04 9.999926e-01 3.839458e-03 2.138998e-01 1.095514e-03 -3.839041e-03 9.999920e-01 -6.493911e+01
9.999947e-01 -8.304902e-05 -3.240841e-03 1.963394e+01 7.189761e-05 9.999941e-01 -3.440739e-03 2.000750e-01 3.241107e-03 3.440487e-03 9.999888e-01 -6.479667e+01
9.999991e-01 2.645966e-04 -1.321232e-03 1.962052e+01 -2.595024e-04 9.999925e-01 3.854034e-03 1.943933e-01 1.322243e-03 -3.853687e-03 9.999917e-01 -6.481540e+01
9.999959e-01 -6.111888e-05 -2.845453e-03 1.960212e+01 5.144167e-05 9.999942e-01 -3.400743e-03 1.938266e-01 2.845644e-03 3.400583e-03 9.999902e-01 -6.549535e+01
9.999991e-01 3.436303e-04 -1.266803e-03 1.971448e+01 -3.386956e-04 9.999924e-01 3.893216e-03 1.863364e-01 1.268131e-03 -3.892783e-03 9.999916e-01 -6.574446e+01
