9.999839e-01 1.370110e-04 -5.664708e-03 -2.634479e-01 -1.338004e-04 9.999998e-01 5.671564e-04 8.397138e-03 5.664784e-03 -5.663901e-04 9.999838e-01 2.076449e-01
9.999981e-01 1.711981e-04 -1.961803e-03 -8.129249e-01 -1.705086e-04 9.999999e-01 3.516166e-04 2.735142e-02 1.961863e-03 -3.512807e-04 9.999980e-01 2.457445e-01
9.999901e-01 7.703846e-05 -4.455063e-03 -1.131175e+00 -7.538459e-05 9.999999e-01 3.714079e-04 3.699133e-02 4.455091e-03 -3.710691e-04 9.999900e-01 2.723705e-01
9.999976e-01 9.857415e-05 -2.172199e-03 -1.572306e+00 -9.784678e-05 9.999999e-01 3.349443e-04 5.483369e-02 2.172232e-03 -3.347302e-04 9.999976e-01 4.517466e-01
9.999732e-01 1.347625e-04 -7.318811e-03 -2.566655e+00 -1.287380e-04 9.999997e-01 8.236287e-04 9.538031e-02 7.318919e-03 -8.226652e-04 9.999729e-01 5.582957e-01
9.999899e-01 1.220035e-04 -4.496594e-03 -4.037812e+00 -1.192087e-04 9.999998e-01 6.218020e-04 1.587397e-01 4.496669e-03 -6.212590e-04 9.999897e-01 6.698094e-01
9.999738e-01 1.367680e-04 -7.243638e-03 -5.455650e+00 -1.307919e-04 9.999997e-01 8.254911e-04 2.152916e-01 7.243748e-03 -8.245228e-04 9.999734e-01 6.522444e-01
9.999983e-01 1.404677e-04 -1.841459e-03 -6.350294e+00 -1.399500e-04 1.000000e+00 2.812206e-04 2.440630e-01 1.841499e-03 -2.809617e-04 9.999983e-01 5.595833e-01
9.999946e-01 5.536746e-05 -3.288841e-03 -6.389153e+00 -5.443594e-05 1.000000e+00 2.833391e-04 2.440582e-01 3.288856e-03 -2.831592e-04 9.999946e-01 3.893025e-01
9.999959e-01 1.946928e-04 -2.869557e-03 -6.673205e+00 -1.935089e-04 9.999999e-01 4.128491e-04 2.473864e-01 2.869638e-03 -4.122914e-04 9.999958e-01 4.707216e-01
9.999918e-01 -1.559824e-04 -4.051758e-03 -7.267726e+00 1.571955e-04 9.999999e-01 2.991004e-04 2.761249e-01 4.051710e-03 -2.997355e-04 9.999917e-01 7.961858e-01
9.999976e-01 2.686869e-04 -2.185829e-03 -7.658184e+00 -2.680587e-04 9.999999e-01 2.876575e-04 2.945753e-01 2.185907e-03 -2.870702e-04 9.999976e-01 1.108209e+00
9.999890e-01 -1.835029e-04 -4.697153e-03 -8.230140e+00 1.854418e-04 9.999999e-01 4.123603e-04 3.159575e-01 4.697076e-03 -4.132275e-04 9.999889e-01 1.301197e+00
9.999994e-01 4.620463e-04 -1.014498e-03 -8.235132e+00 -4.618765e-04 9.999999e-01 1.675894e-04 3.275445e-01 1.014575e-03 -1.671200e-04 9.999995e-01 1.449447e+00
9.999914e-01 6.462536e-05 -4.144574e-03 -7.866394e+00 -6.384732e-05 1.000000e+00 1.878722e-04 3.293761e-01 4.144586e-03 -1.876066e-04 9.999914e-01 1.598922e+00
9.999991e-01 1.560222e-04 -1.367155e-03 -7.891483e+00 -1.558766e-04 1.000000e+00 1.065443e-04 3.448083e-01 1.367172e-03 -1.063304e-04 9.999991e-01 2.141264e+00
9.999921e-01 -7.901698e-05 -3.982539e-03 -8.051707e+00 7.982583e-05 1.000000e+00 2.029575e-04 3.581622e-01 3.982523e-03 -2.032745e-04 9.999920e-01 2.737684e+00
1.000000e+00 2.368588e-04 -2.268375e-05 -7.917138e+00 -2.368615e-04 1.000000e+00 -1.226466e-04 3.371902e-01 2.265503e-05 1.226527e-04 1.000000e+00 3.353802e+00
9.999895e-01 -3.341316e-04 -4.569490e-03 -8.085634e+00 3.352776e-04 9.999999e-01 2.500346e-04 3.391102e-01 4.569406e-03 -2.515647e-04 9.999895e-01 3.930339e+00
9.999997e-01 7.498197e-04 1.312262e-04 -7.654272e+00 -7.498339e-04 9.999997e-01 1.087542e-04 3.274534e-01 -1.311443e-04 -1.088519e-04 1.000000e+00 4.168674e+00
9.999898e-01 -2.079775e-04 -4.520081e-03 -6.988591e+00 2.089766e-04 1.000000e+00 2.205745e-04 3.110979e-01 4.520035e-03 -2.215176e-04 9.999898e-01 4.201239e+00
9.999998e-01 5.518157e-04 4.124267e-04 -6.484032e+00 -5.518947e-04 9.999998e-01 1.917836e-04 2.868636e-01 -4.123204e-04 -1.920104e-04 9.999999e-01 4.431954e+00
9.999889e-01 -1.519666e-04 -4.702591e-03 -5.959733e+00 1.530302e-04 1.000000e+00 2.258273e-04 2.669025e-01 4.702556e-03 -2.265452e-04 9.999889e-01 4.596101e+00
9.999998e-01 4.783030e-04 4.944718e-04 -5.575878e+00 -4.784097e-04 9.999999e-01 2.158123e-04 2.632459e-01 -4.943682e-04 -2.160481e-04 9.999999e-01 4.322146e+00
9.999840e-01 -2.625605e-04 -5.643103e-03 -5.620468e+00 2.639993e-04 9.999999e-01 2.542326e-04 2.699951e-01 5.643036e-03 -2.557191e-04 9.999840e-01 4.631835e+00
9.999995e-01 5.899187e-04 8.348921e-04 -5.424279e+00 -5.899945e-04 9.999998e-01 9.066993e-05 2.660806e-01 -8.348381e-04 -9.116176e-05 9.999996e-01 4.921231e+00
9.999887e-01 -4.092957e-04 -4.746221e-03 -5.199877e+00 4.108356e-04 9.999999e-01 3.234988e-04 2.617701e-01 4.746088e-03 -3.254458e-04 9.999887e-01 4.544253e+00
9.999994e-01 7.190554e-04 8.735168e-04 -5.024382e+00 -7.190532e-04 9.999997e-01 -2.796542e-06 2.556405e-01 -8.735183e-04 2.169144e-06 9.999996e-01 4.225862e+00
9.999840e-01 -3.976883e-04 -5.644684e-03 -4.806081e+00 4.003160e-04 9.999998e-01 4.644117e-04 2.524751e-01 5.644497e-03 -4.666646e-04 9.999840e-01 4.474093e+00
9.999970e-01 4.810020e-04 -2.415200e-03 -5.584731e+00 -4.801510e-04 9.999998e-01 3.528690e-04 2.966865e-01 2.415369e-03 -3.517076e-04 9.999970e-01 4.913759e+00
9.999717e-01 -2.908672e-04 -7.515529e-03 -6.658077e+00 2.966524e-04 9.999997e-01 7.686753e-04 3.488365e-01 7.515303e-03 -7.708838e-04 9.999715e-01 5.144517e+00
9.999988e-01 4.505337e-04 1.467960e-03 -7.024247e+00 -4.502615e-04 9.999999e-01 -1.856814e-04 3.650382e-01 -1.468043e-03 1.850209e-04 9.999989e-01 5.383789e+00
9.999647e-01 -1.069246e-04 -8.403623e-03 -7.453026e+00 1.151494e-04 9.999995e-01 9.782445e-04 3.747105e-01 8.403514e-03 -9.791784e-04 9.999642e-01 5.336120e+00
9.999900e-01 3.041828e-04 4.451763e-03 -7.345070e+00 -3.013049e-04 9.999997e-01 -6.471043e-04 3.682231e-01 -4.451958e-03 6.457572e-04 9.999899e-01 4.992638e+00
9.999619e-01 -1.408923e-04 -8.723258e-03 -7.270129e+00 1.493747e-04 9.999995e-01 9.717478e-04 3.564550e-01 8.723117e-03 -9.730146e-04 9.999615e-01 5.143148e+00
9.999957e-01 3.210290e-04 2.914016e-03 -7.591903e+00 -3.198203e-04 9.999999e-01 -4.152115e-04 3.598903e-01 -2.914149e-03 4.142784e-04 9.999957e-01 5.216151e+00
9.999483e-01 -4.656899e-05 -1.016825e-02 -8.120110e+00 5.937880e-05 9.999992e-01 1.259497e-03 3.754477e-01 1.016818e-02 -1.260037e-03 9.999475e-01 5.260482e+00
9.999978e-01 2.458549e-04 2.066846e-03 -8.874664e+00 -2.450901e-04 9.999999e-01 -3.702502e-04 4.061795e-01 -2.066937e-03 3.697435e-04 9.999978e-01 5.407188e+00
9.999443e-01 -2.633933e-04 -1.055254e-02 -9.821238e+00 2.752547e-04 9.999993e-01 1.122598e-03 4.617463e-01 1.055224e-02 -1.125441e-03 9.999437e-01 5.996624e+00
9.999811e-01 7.696219e-04 6.096770e-03 -9.262568e+00 -7.664622e-04 9.999996e-01 -5.205568e-04 4.348382e-01 -6.097167e-03 5.158747e-04 9.999813e-01 6.310656e+00
9.999391e-01 -2.977518e-05 -1.103738e-02 -8.444154e+00 4.104047e-05 9.999995e-01 1.020433e-03 4.082492e-01 1.103734e-02 -1.020824e-03 9.999386e-01 6.490617e+00
9.999796e-01 6.350558e-04 6.363635e-03 -7.863484e+00 -6.314400e-04 9.999996e-01 -5.701607e-04 3.822579e-01 -6.363994e-03 5.661315e-04 9.999796e-01 6.755170e+00
9.999190e-01 -3.957795e-04 -1.272186e-02 -8.210720e+00 4.115626e-04 9.999991e-01 1.238040e-03 3.953147e-01 1.272136e-02 -1.243177e-03 9.999183e-01 6.907349e+00
9.999819e-01 5.697020e-04 5.990585e-03 -8.674205e+00 -5.664491e-04 9.999997e-01 -5.446694e-04 4.124466e-01 -5.990893e-03 5.412669e-04 9.999819e-01 7.045485e+00
9.999299e-01 -2.938642e-04 -1.183853e-02 -8.921600e+00 3.076567e-04 9.999993e-01 1.163256e-03 4.154767e-01 1.183818e-02 -1.166818e-03 9.999292e-01 7.060436e+00
9.999787e-01 3.860117e-04 6.518720e-03 -9.126186e+00 -3.810357e-04 9.999996e-01 -7.645396e-04 4.211120e-01 -6.519012e-03 7.620401e-04 9.999785e-01 7.433631e+00
9.998470e-01 3.520011e-04 -1.749140e-02 -1.021530e+01 -3.098187e-04 9.999970e-01 2.414265e-03 4.649845e-01 1.749220e-02 -2.408477e-03 9.998441e-01 6.679502e+00
9.999935e-01 3.124252e-04 3.598028e-03 -1.186622e+01 -3.112684e-04 9.999999e-01 -3.220366e-04 5.288983e-01 -3.598128e-03 3.209152e-04 9.999935e-01 5.860258e+00
9.999168e-01 -1.221093e-04 -1.290015e-02 -1.281503e+01 1.398906e-04 9.999990e-01 1.377498e-03 5.719348e-01 1.289997e-02 -1.379188e-03 9.999158e-01 6.032585e+00
9.999949e-01 3.142734e-04 3.169617e-03 -1.385722e+01 -3.134931e-04 9.999999e-01 -2.466429e-04 6.199362e-01 -3.169694e-03 2.456487e-04 9.999949e-01 6.213675e+00
9.999282e-01 -1.366171e-04 -1.198443e-02 -1.471087e+01 1.512391e-04 9.999992e-01 1.219193e-03 6.590371e-01 1.198425e-02 -1.220919e-03 9.999274e-01 6.403991e+00
9.999921e-01 3.844103e-04 3.966520e-03 -1.537011e+01 -3.831919e-04 9.999999e-01 -3.078866e-04 6.847086e-01 -3.966637e-03 3.063649e-04 9.999921e-01 6.461900e+00
9.999353e-01 -1.190878e-04 -1.137040e-02 -1.590039e+01 1.320444e-04 9.999993e-01 1.138770e-03 7.000826e-01 1.137026e-02 -1.140198e-03 9.999347e-01 6.436139e+00
9.999736e-01 3.651556e-04 7.252921e-03 -1.573229e+01 -3.586076e-04 9.999995e-01 -9.040661e-04 6.846900e-01 -7.253247e-03 9.014420e-04 9.999733e-01 6.733406e+00
9.999353e-01 -5.689046e-05 -1.137630e-02 -1.544541e+01 6.998817e-05 9.999993e-01 1.150933e-03 6.648010e-01 1.137623e-02 -1.151655e-03 9.999346e-01 7.121322e+00
9.999763e-01 2.707953e-04 6.883025e-03 -1.540843e+01 -2.646738e-04 9.999996e-01 -8.902388e-04 6.631234e-01 -6.883263e-03 8.883966e-04 9.999759e-01 7.329854e+00
9.998766e-01 -1.841304e-06 -1.570899e-02 -1.624105e+01 3.187047e-05 9.999982e-01 1.911350e-03 6.921323e-01 1.570895e-02 -1.911616e-03 9.998748e-01 7.332881e+00
9.999757e-01 1.920825e-04 6.962471e-03 -1.707877e+01 -1.856789e-04 9.999996e-01 -9.203326e-04 7.261990e-01 -6.962645e-03 9.190182e-04 9.999753e-01 7.433904e+00
9.999334e-01 2.450033e-04 -1.153602e-02 -1.659192e+01 -2.265112e-04 9.999987e-01 1.604280e-03 7.470495e-01 1.153640e-02 -1.601561e-03 9.999322e-01 6.089088e+00
9.999492e-01 -5.244560e-05 1.008033e-02 -1.530695e+01 7.117018e-05 9.999983e-01 -1.857172e-03 7.937353e-01 -1.008021e-02 1.857795e-03 9.999475e-01 3.482317e+00
9.999180e-01 4.910559e-04 -1.279602e-02 -1.431147e+01 -4.649594e-04 9.999978e-01 2.042333e-03 7.993388e-01 1.279700e-02 -2.036216e-03 9.999160e-01 2.840092e+00
9.999631e-01 -2.074806e-04 8.588482e-03 -1.411596e+01 2.229484e-04 9.999984e-01 -1.800061e-03 7.815533e-01 -8.588094e-03 1.801911e-03 9.999615e-01 3.231842e+00
9.998696e-01 3.805210e-04 -1.614372e-02 -1.476620e+01 -3.382388e-04 9.999965e-01 2.621773e-03 8.085310e-01 1.614466e-02 -2.615971e-03 9.998662e-01 3.420303e+00
9.999522e-01 -3.137647e-04 9.768522e-03 -1.528986e+01 3.346523e-04 9.999977e-01 -2.136674e-03 8.331735e-01 -9.767828e-03 2.139842e-03 9.999500e-01 3.789324e+00
9.999134e-01 6.032168e-04 -1.314660e-02 -1.445445e+01 -5.680046e-04 9.999962e-01 2.682012e-03 8.518959e-01 1.314817e-02 -2.674314e-03 9.999100e-01 2.512255e+00
9.999632e-01 2.602023e-04 8.574945e-03 -1.334979e+01 -2.408050e-04 9.999974e-01 -2.263025e-03 8.912363e-01 -8.575511e-03 2.260878e-03 9.999607e-01 6.485292e-01
9.998448e-01 4.016766e-04 -1.761485e-02 -1.371182e+01 -3.379006e-04 9.999934e-01 3.623422e-03 9.379159e-01 1.761619e-02 -3.616909e-03 9.998383e-01 -3.813603e-01
9.999454e-01 3.641410e-04 1.043895e-02 -1.327622e+01 -3.385959e-04 9.999969e-01 -2.448749e-03 9.804339e-01 -1.043981e-02 2.445082e-03 9.999425e-01 -1.872548e+00
9.998908e-01 4.987896e-04 -1.477133e-02 -1.234628e+01 -4.588195e-04 9.999962e-01 2.709205e-03 9.849374e-01 1.477262e-02 -2.702133e-03 9.998872e-01 -2.594901e+00
9.999502e-01 -2.775976e-04 9.971359e-03 -1.233455e+01 3.022810e-04 9.999969e-01 -2.473994e-03 9.795688e-01 -9.970641e-03 2.476885e-03 9.999472e-01 -2.100142e+00
9.998626e-01 3.823920e-04 -1.657271e-02 -1.278531e+01 -3.313902e-04 9.999952e-01 3.080101e-03 1.004014e+00 1.657381e-02 -3.074186e-03 9.998579e-01 -1.628115e+00
9.999626e-01 -2.046145e-04 8.648347e-03 -1.349383e+01 2.239208e-04 9.999975e-01 -2.231429e-03 1.043105e+00 -8.647869e-03 2.233282e-03 9.999601e-01 -1.231743e+00
9.999186e-01 4.389195e-04 -1.274997e-02 -1.325119e+01 -4.097549e-04 9.999973e-01 2.289965e-03 1.019998e+00 1.275095e-02 -2.284555e-03 9.999161e-01 -5.481808e-01
9.999680e-01 -1.729466e-04 8.000659e-03 -1.317670e+01 1.893045e-04 9.999979e-01 -2.043834e-03 1.003145e+00 -8.000288e-03 2.045284e-03 9.999659e-01 2.863460e-02
9.999097e-01 4.847836e-04 -1.342972e-02 -1.323832e+01 -4.496850e-04 9.999965e-01 2.616410e-03 1.000859e+00 1.343094e-02 -2.610135e-03 9.999064e-01 2.834157e-01
9.999875e-01 -1.823798e-04 4.998109e-03 -1.396862e+01 1.900057e-04 9.999988e-01 -1.525300e-03 1.030552e+00 -4.997825e-03 1.526231e-03 9.999863e-01 3.867047e-01
9.999086e-01 3.908908e-04 -1.351306e-02 -1.476659e+01 -3.575176e-04 9.999969e-01 2.472047e-03 1.063167e+00 1.351398e-02 -2.466990e-03 9.999056e-01 5.345722e-01
9.999758e-01 -2.645551e-04 6.952856e-03 -1.526736e+01 2.770277e-04 9.999984e-01 -1.792944e-03 1.080855e+00 -6.952370e-03 1.794827e-03 9.999742e-01 8.026410e-01
9.999387e-01 1.624743e-04 -1.107559e-02 -1.539328e+01 -1.426309e-04 9.999984e-01 1.792418e-03 1.081531e+00 1.107586e-02 -1.790729e-03 9.999371e-01 1.418334e+00
9.999812e-01 -3.742642e-04 6.126227e-03 -1.573890e+01 3.853778e-04 9.999983e-01 -1.812999e-03 1.095094e+00 -6.125537e-03 1.815326e-03 9.999796e-01 2.300469e+00
9.999235e-01 3.867602e-04 -1.236419e-02 -1.620638e+01 -3.590967e-04 9.999974e-01 2.239552e-03 1.121166e+00 1.236503e-02 -2.234942e-03 9.999211e-01 2.827046e+00
9.999706e-01 -2.724454e-04 7.665659e-03 -1.629341e+01 2.881991e-04 9.999978e-01 -2.054045e-03 1.119053e+00 -7.665083e-03 2.056195e-03 9.999685e-01 3.379469e+00
9.998904e-01 1.780278e-04 -1.480108e-02 -1.706186e+01 -1.406302e-04 9.999968e-01 2.527692e-03 1.171268e+00 1.480148e-02 -2.525335e-03 9.998873e-01 4.213910e+00
9.999761e-01 -2.150871e-04 6.917203e-03 -1.792145e+01 2.285529e-04 9.999981e-01 -1.945954e-03 1.227283e+00 -6.916771e-03 1.947489e-03 9.999742e-01 4.926981e+00
9.999207e-01 4.017127e-04 -1.258690e-02 -1.818352e+01 -3.708595e-04 9.999969e-01 2.453462e-03 1.236841e+00 1.258785e-02 -2.448600e-03 9.999178e-01 5.219760e+00
9.999881e-01 -1.151546e-04 4.875053e-03 -1.881159e+01 1.226749e-04 9.999988e-01 -1.542312e-03 1.254599e+00 -4.874870e-03 1.542892e-03 9.999869e-01 5.197787e+00
9.998970e-01 3.084464e-04 -1.434961e-02 -1.980595e+01 -2.705493e-04 9.999965e-01 2.642863e-03 1.298965e+00 1.435037e-02 -2.638709e-03 9.998935e-01 5.361602e+00
9.999951e-01 -5.691093e-05 3.134258e-03 -2.112370e+01 6.105151e-05 9.999991e-01 -1.320924e-03 1.362567e+00 -3.134180e-03 1.321110e-03 9.999942e-01 5.597971e+00
9.999010e-01 3.612118e-04 -1.406774e-02 -2.233456e+01 -3.237970e-04 9.999964e-01 2.661816e-03 1.407905e+00 1.406865e-02 -2.656998e-03 9.998975e-01 5.518325e+00
9.999812e-01 -6.452252e-05 6.137793e-03 -2.299213e+01 7.531820e-05 9.999985e-01 -1.758636e-03 1.427261e+00 -6.137670e-03 1.759065e-03 9.999796e-01 5.478209e+00
9.999363e-01 9.522297e-05 -1.128718e-02 -2.320950e+01 -7.138312e-05 9.999978e-01 2.112520e-03 1.436184e+00 1.128736e-02 -2.111581e-03 9.999341e-01 5.885783e+00
9.999758e-01 1.111156e-04 6.957016e-03 -2.308829e+01 -9.792352e-05 9.999982e-01 -1.896510e-03 1.426914e+00 -6.957214e-03 1.895784e-03 9.999740e-01 6.320291e+00
9.999327e-01 1.672107e-04 -1.160137e-02 -2.299693e+01 -1.405269e-04 9.999973e-01 2.300851e-03 1.415783e+00 1.160172e-02 -2.299066e-03 9.999301e-01 6.539518e+00
9.999777e-01 -2.620059e-05 6.675221e-03 -2.315999e+01 3.919138e-05 9.999981e-01 -1.945964e-03 1.414368e+00 -6.675157e-03 1.946182e-03 9.999758e-01 6.690484e+00
9.999393e-01 1.412271e-04 -1.101300e-02 -2.321802e+01 -1.174871e-04 9.999977e-01 2.156271e-03 1.406039e+00 1.101328e-02 -2.154847e-03 9.999370e-01 6.882606e+00
9.999903e-01 1.732161e-04 4.410191e-03 -2.360617e+01 -1.670154e-04 9.999990e-01 -1.406254e-03 1.411483e+00 -4.410430e-03 1.405505e-03 9.999893e-01 6.738982e+00
9.999454e-01 1.186212e-04 -1.044561e-02 -2.388163e+01 -9.691400e-05 9.999978e-01 2.078623e-03 1.416501e+00 1.044584e-02 -2.077498e-03 9.999433e-01 6.427068e+00
9.999989e-01 1.224687e-04 1.456643e-03 -2.481384e+01 -1.209968e-04 9.999995e-01 -1.010334e-03 1.450778e+00 -1.456766e-03 1.010158e-03 9.999984e-01 6.522498e+00
9.999511e-01 -1.987379e-04 -9.889811e-03 -2.572657e+01 2.162932e-04 9.999984e-01 1.774071e-03 1.489191e+00 9.889442e-03 -1.776124e-03 9.999495e-01 6.999942e+00
9.999957e-01 5.040250e-04 2.884286e-03 -2.618590e+01 -5.014364e-04 9.999995e-01 -8.980559e-04 1.500212e+00 -2.884737e-03 8.966064e-04 9.999954e-01 7.010020e+00
9.999673e-01 -3.385784e-04 -8.079653e-03 -2.634191e+01 3.490226e-04 9.999991e-01 1.291307e-03 1.499359e+00 8.079208e-03 -1.294085e-03 9.999665e-01 7.263269e+00
9.999936e-01 6.988277e-04 3.502071e-03 -2.609014e+01 -6.955882e-04 9.999993e-01 -9.260618e-04 1.477395e+00 -3.502715e-03 9.236206e-04 9.999934e-01 7.565472e+00
9.999694e-01 -3.914369e-04 -7.815646e-03 -2.578746e+01 4.017816e-04 9.999990e-01 1.322087e-03 1.461478e+00 7.815121e-03 -1.325187e-03 9.999686e-01 7.750487e+00
9.999939e-01 6.155623e-04 3.425084e-03 -2.557819e+01 -6.122838e-04 9.999994e-01 -9.581040e-04 1.443730e+00 -3.425671e-03 9.560017e-04 9.999937e-01 8.126503e+00
9.999691e-01 -4.876292e-04 -7.851612e-03 -2.566128e+01 4.972016e-04 9.999991e-01 1.217284e-03 1.440317e+00 7.851011e-03 -1.221151e-03 9.999684e-01 8.559997e+00
9.999985e-01 4.063690e-04 1.684788e-03 -2.617255e+01 -4.052855e-04 9.999997e-01 -6.432632e-04 1.464170e+00 -1.685049e-03 6.425800e-04 9.999984e-01 9.090496e+00
9.999589e-01 5.153258e-06 -9.062946e-03 -2.671154e+01 9.185953e-06 9.999987e-01 1.582165e-03 1.477226e+00 9.062943e-03 -1.582184e-03 9.999577e-01 8.670115e+00
9.999977e-01 5.414025e-04 2.074926e-03 -2.726702e+01 -5.404346e-04 9.999997e-01 -4.668771e-04 1.489369e+00 -2.075178e-03 4.657553e-04 9.999977e-01 7.561560e+00
9.999651e-01 -3.811969e-04 -8.345235e-03 -2.767088e+01 3.896735e-04 9.999994e-01 1.014176e-03 1.496619e+00 8.344844e-03 -1.017393e-03 9.999647e-01 7.724097e+00
9.999911e-01 5.608235e-04 4.172102e-03 -2.766709e+01 -5.582291e-04 9.999997e-01 -6.229229e-04 1.486786e+00 -4.172449e-03 6.205890e-04 9.999911e-01 7.374720e+00
9.999662e-01 -4.096453e-04 -8.217544e-03 -2.780201e+01 4.183764e-04 9.999993e-01 1.060832e-03 1.491873e+00 8.217104e-03 -1.064235e-03 9.999657e-01 6.120416e+00
9.999968e-01 7.203641e-04 2.421262e-03 -2.814558e+01 -7.197012e-04 9.999997e-01 -2.745483e-04 1.496848e+00 -2.421459e-03 2.728055e-04 9.999970e-01 5.286631e+00
9.999607e-01 -3.650744e-04 -8.863420e-03 -2.855547e+01 3.750625e-04 9.999993e-01 1.125283e-03 1.504779e+00 8.863003e-03 -1.128564e-03 9.999601e-01 4.628363e+00
9.999944e-01 7.503259e-04 -3.252621e-03 -3.007752e+01 -7.489955e-04 9.999996e-01 4.101231e-04 1.559674e+00 3.252927e-03 -4.076839e-04 9.999946e-01 4.515082e+00
9.999467e-01 -5.064677e-04 -1.031034e-02 -3.186009e+01 5.199451e-04 9.999990e-01 1.304563e-03 1.628705e+00 1.030967e-02 -1.309855e-03 9.999460e-01 4.384503e+00
9.999932e-01 8.207939e-04 3.589774e-03 -3.221170e+01 -8.188609e-04 9.999995e-01 -5.398240e-04 1.638983e+00 -3.590215e-03 5.368814e-04 9.999934e-01 4.367920e+00
9.999706e-01 -4.813264e-04 -7.655480e-03 -3.176471e+01 4.890642e-04 9.999994e-01 1.008952e-03 1.631861e+00 7.654989e-03 -1.012667e-03 9.999702e-01 4.118286e+00
9.999982e-01 6.394542e-04 1.778210e-03 -3.198215e+01 -6.387402e-04 9.999997e-01 -4.019512e-04 1.641318e+00 -1.778466e-03 4.008153e-04 9.999983e-01 4.430775e+00
9.999728e-01 -4.580556e-04 -7.361743e-03 -3.219508e+01 4.645367e-04 9.999995e-01 8.787318e-04 1.650531e+00 7.361336e-03 -8.821284e-04 9.999725e-01 4.729498e+00
9.999943e-01 9.668428e-04 3.231602e-03 -3.134032e+01 -9.657120e-04 9.999995e-01 -3.513775e-04 1.614850e+00 -3.231940e-03 3.482553e-04 9.999947e-01 5.058165e+00
9.999698e-01 -5.519153e-04 -7.755138e-03 -3.059103e+01 5.568470e-04 9.999996e-01 6.338227e-04 1.582897e+00 7.754785e-03 -6.381227e-04 9.999697e-01 5.356557e+00
9.999915e-01 7.695050e-04 4.045302e-03 -3.018727e+01 -7.682880e-04 9.999997e-01 -3.023174e-04 1.573074e+00 -4.045533e-03 2.992076e-04 9.999918e-01 5.127502e+00
9.999169e-01 -3.842097e-04 -1.288378e-02 -3.094125e+01 4.031357e-04 9.999988e-01 1.466431e-03 1.595899e+00 1.288320e-02 -1.471504e-03 9.999159e-01 5.027978e+00
9.999923e-01 7.141953e-04 3.846374e-03 -3.177279e+01 -7.126518e-04 9.999997e-01 -4.025469e-04 1.620964e+00 -3.846660e-03 3.998034e-04 9.999925e-01 4.893906e+00
9.999536e-01 -3.860756e-04 -9.625694e-03 -3.197614e+01 3.967420e-04 9.999993e-01 1.106260e-03 1.621333e+00 9.625260e-03 -1.110029e-03 9.999531e-01 4.691604e+00
9.999953e-01 7.122811e-04 2.992056e-03 -3.238733e+01 -7.114751e-04 9.999997e-01 -2.703220e-04 1.626293e+00 -2.992248e-03 2.681926e-04 9.999955e-01 4.359374e+00
9.999704e-01 -4.770545e-04 -7.677277e-03 -3.240660e+01 4.827817e-04 9.999996e-01 7.441956e-04 1.630583e+00 7.676919e-03 -7.478807e-04 9.999703e-01 3.731551e+00
9.999931e-01 6.662132e-04 3.651571e-03 -3.224671e+01 -6.647415e-04 9.999997e-01 -4.041489e-04 1.626331e+00 -3.651839e-03 4.017194e-04 9.999933e-01 3.423275e+00
9.999676e-01 -4.118803e-04 -8.041374e-03 -3.222034e+01 4.186883e-04 9.999996e-01 8.450000e-04 1.619912e+00 8.041022e-03 -8.483400e-04 9.999673e-01 3.026644e+00
9.999897e-01 5.829009e-04 4.505653e-03 -3.190854e+01 -5.804321e-04 9.999997e-01 -5.491605e-04 1.613768e+00 -4.505971e-03 5.465402e-04 9.999897e-01 2.724235e+00
9.999687e-01 -4.895262e-04 -7.893680e-03 -3.164870e+01 4.959861e-04 9.999995e-01 8.164643e-04 1.610979e+00 7.893277e-03 -8.203546e-04 9.999685e-01 2.265159e+00
9.999889e-01 5.787151e-04 4.677093e-03 -3.136429e+01 -5.757926e-04 9.999996e-01 -6.261169e-04 1.610389e+00 -4.677454e-03 6.234176e-04 9.999889e-01 1.670031e+00
9.999598e-01 -2.799734e-04 -8.956836e-03 -3.110788e+01 2.885825e-04 9.999995e-01 9.599331e-04 1.599611e+00 8.956562e-03 -9.624800e-04 9.999594e-01 1.604601e+00
9.999883e-01 5.899411e-04 4.809981e-03 -3.070013e+01 -5.868506e-04 9.999996e-01 -6.438483e-04 1.576398e+00 -4.810359e-03 6.410187e-04 9.999882e-01 1.791587e+00
9.999621e-01 -3.532262e-04 -8.698738e-03 -3.031035e+01 3.615454e-04 9.999995e-01 9.548448e-04 1.560681e+00 8.698396e-03 -9.579542e-04 9.999617e-01 1.824256e+00
9.999882e-01 4.940382e-04 4.831768e-03 -3.006986e+01 -4.908795e-04 9.999997e-01 -6.548532e-04 1.551605e+00 -4.832090e-03 6.524743e-04 9.999881e-01 1.688296e+00
9.999605e-01 -2.405945e-04 -8.882660e-03 -2.973784e+01 2.494237e-04 9.999995e-01 9.929195e-04 1.536690e+00 8.882416e-03 -9.950965e-04 9.999601e-01 1.722359e+00
9.999892e-01 6.127836e-04 4.612851e-03 -2.947767e+01 -6.096204e-04 9.999996e-01 -6.870447e-04 1.510888e+00 -4.613270e-03 6.842259e-04 9.999891e-01 2.077961e+00
9.999630e-01 -5.732665e-04 -8.583717e-03 -2.945974e+01 5.783100e-04 9.999997e-01 5.851328e-04 1.494561e+00 8.583378e-03 -5.900759e-04 9.999630e-01 2.699440e+00
9.999920e-01 5.499181e-04 3.974288e-03 -2.956930e+01 -5.480261e-04 9.999997e-01 -4.770624e-04 1.491480e+00 -3.974549e-03 4.748812e-04 9.999920e-01 3.318027e+00
9.999679e-01 -4.265045e-04 -7.999769e-03 -2.948407e+01 4.311240e-04 9.999997e-01 5.757719e-04 1.471359e+00 7.999521e-03 -5.792030e-04 9.999678e-01 3.817741e+00
9.999931e-01 6.879082e-04 3.639974e-03 -2.930846e+01 -6.863319e-04 9.999997e-01 -4.342141e-04 1.447812e+00 -3.640272e-03 4.317136e-04 9.999933e-01 4.357324e+00
9.999614e-01 -5.474590e-04 -8.771514e-03 -2.939851e+01 5.545769e-04 9.999995e-01 8.090965e-04 1.446189e+00 8.771067e-03 -8.139303e-04 9.999612e-01 4.740314e+00
9.999995e-01 6.361333e-04 7.290705e-04 -3.017970e+01 -6.361740e-04 9.999998e-01 5.599736e-05 1.484166e+00 -7.290345e-04 -5.646051e-05 9.999997e-01 5.063868e+00
9.999698e-01 -5.846350e-04 -7.751327e-03 -3.077915e+01 5.893341e-04 9.999996e-01 6.040065e-04 1.514760e+00 7.750971e-03 -6.085570e-04 9.999698e-01 5.424745e+00
9.999963e-01 7.231870e-04 2.633320e-03 -3.089122e+01 -7.227543e-04 9.999997e-01 -1.651367e-04 1.514956e+00 -2.633439e-03 1.632335e-04 9.999965e-01 5.691001e+00
9.999674e-01 -8.255771e-04 -8.028132e-03 -3.132768e+01 8.278961e-04 9.999996e-01 2.855755e-04 1.526676e+00 8.027893e-03 -2.922133e-04 9.999677e-01 6.199387e+00
9.999979e-01 9.455775e-04 1.798492e-03 -3.171521e+01 -9.458887e-04 9.999995e-01 1.723753e-04 1.529136e+00 -1.798328e-03 -1.740755e-04 9.999984e-01 6.384912e+00
9.999815e-01 -6.663768e-04 -6.042396e-03 -3.161392e+01 6.676813e-04 9.999998e-01 2.139330e-04 1.527123e+00 6.042252e-03 -2.179641e-04 9.999817e-01 5.884180e+00
9.999992e-01 9.255835e-04 8.290593e-04 -3.167723e+01 -9.258700e-04 9.999995e-01 3.456854e-04 1.526829e+00 -8.287387e-04 -3.464521e-04 9.999996e-01 5.967045e+00
9.999745e-01 -9.941029e-04 -7.068601e-03 -3.220409e+01 9.944691e-04 9.999995e-01 4.834418e-05 1.551241e+00 7.068549e-03 -5.537310e-05 9.999750e-01 6.441518e+00
9.999995e-01 7.521407e-04 -5.957978e-04 -3.312370e+01 -7.519978e-04 9.999997e-01 2.394637e-04 1.585427e+00 5.959780e-04 -2.390149e-04 9.999998e-01 7.147321e+00
9.999768e-01 -1.217534e-03 -6.706244e-03 -3.406900e+01 1.216027e-03 9.999992e-01 -2.287767e-04 1.617895e+00 6.706517e-03 2.206158e-04 9.999775e-01 8.200673e+00
9.999998e-01 5.722941e-04 -2.187371e-05 -3.494614e+01 -5.722935e-04 9.999998e-01 1.500364e-05 1.643596e+00 2.188251e-05 -1.499048e-05 1.000000e+00 9.583025e+00
9.999823e-01 -1.222653e-03 -5.816884e-03 -3.563060e+01 1.220926e-03 9.999992e-01 -3.003863e-04 1.662368e+00 5.817247e-03 2.932784e-04 9.999830e-01 1.093998e+01
9.999996e-01 8.525332e-04 -1.250629e-04 -3.624441e+01 -8.524988e-04 9.999996e-01 2.716793e-04 1.689027e+00 1.252947e-04 -2.715720e-04 1.000000e+00 1.186403e+01
9.999794e-01 -1.058489e-03 -6.324587e-03 -3.680807e+01 1.058275e-03 9.999994e-01 -3.718034e-05 1.713236e+00 6.324623e-03 3.048579e-05 9.999800e-01 1.261667e+01
9.999994e-01 1.050871e-03 1.867688e-04 -3.709319e+01 -1.050959e-03 9.999993e-01 4.759962e-04 1.719213e+00 -1.862682e-04 -4.761916e-04 9.999999e-01 1.315836e+01
9.999782e-01 -9.812454e-04 -6.535816e-03 -3.746032e+01 9.824409e-04 9.999995e-01 1.797538e-04 1.732095e+00 6.535636e-03 -1.861715e-04 9.999786e-01 1.342314e+01
9.999994e-01 1.129410e-03 -6.347467e-05 -3.790059e+01 -1.129371e-03 9.999992e-01 5.972899e-04 1.747207e+00 6.414940e-05 -5.972172e-04 9.999998e-01 1.356133e+01
9.999725e-01 -1.056252e-03 -7.334434e-03 -3.852836e+01 1.057585e-03 9.999994e-01 1.779802e-04 1.770039e+00 7.334242e-03 -1.857328e-04 9.999731e-01 1.378822e+01
9.999981e-01 1.113916e-03 1.622473e-03 -3.873303e+01 -1.114442e-03 9.999993e-01 3.233816e-04 1.774319e+00 -1.622111e-03 -3.251885e-04 9.999986e-01 1.418476e+01
9.999784e-01 -1.240070e-03 -6.459908e-03 -3.895386e+01 1.237890e-03 9.999992e-01 -3.413574e-04 1.774636e+00 6.460326e-03 3.333527e-04 9.999791e-01 1.491628e+01
9.999844e-01 1.209546e-03 -5.453451e-03 -4.059202e+01 -1.200949e-03 9.999980e-01 1.579324e-03 1.851312e+00 5.455351e-03 -1.572750e-03 9.999839e-01 1.538444e+01
9.999815e-01 -1.125928e-03 -5.984095e-03 -4.206523e+01 1.124331e-03 9.999993e-01 -2.700547e-04 1.914571e+00 5.984395e-03 2.633209e-04 9.999821e-01 1.551580e+01
9.999992e-01 1.188630e-03 -4.399842e-04 -4.252746e+01 -1.188209e-03 9.999988e-01 9.553681e-04 1.932172e+00 4.411194e-04 -9.548439e-04 9.999994e-01 1.572949e+01
9.999804e-01 -1.148469e-03 -6.157404e-03 -4.303174e+01 1.146580e-03 9.999993e-01 -3.102380e-04 1.959432e+00 6.157755e-03 3.031714e-04 9.999810e-01 1.610376e+01
9.999989e-01 1.201681e-03 -8.969739e-04 -4.357021e+01 -1.200728e-03 9.999987e-01 1.061915e-03 1.988445e+00 8.982490e-04 -1.060836e-03 9.999990e-01 1.645320e+01
9.999846e-01 -1.218282e-03 -5.419960e-03 -4.409418e+01 1.215328e-03 9.999991e-01 -5.481356e-04 2.009249e+00 5.420622e-03 5.415395e-04 9.999852e-01 1.677602e+01
9.999859e-01 1.544240e-03 -5.089204e-03 -4.522977e+01 -1.534497e-03 9.999970e-01 1.917688e-03 2.045992e+00 5.092150e-03 -1.909851e-03 9.999852e-01 1.662186e+01
9.999729e-01 -1.201913e-03 -7.263753e-03 -4.674866e+01 1.199391e-03 9.999992e-01 -3.515446e-04 2.106002e+00 7.264170e-03 3.428224e-04 9.999736e-01 1.649692e+01
9.999992e-01 1.156874e-03 5.808369e-04 -4.717043e+01 -1.157399e-03 9.999989e-01 9.038395e-04 2.140874e+00 -5.797905e-04 -9.045104e-04 9.999994e-01 1.622687e+01
9.999923e-01 -1.096396e-03 -3.780610e-03 -4.668527e+01 1.094018e-03 9.999992e-01 -6.310045e-04 2.148740e+00 3.781298e-03 6.268629e-04 9.999927e-01 1.550818e+01
9.999991e-01 1.344056e-03 3.333195e-05 -4.621067e+01 -1.344092e-03 9.999985e-01 1.107543e-03 2.145920e+00 -3.184312e-05 -1.107586e-03 9.999994e-01 1.511188e+01
9.999881e-01 -1.100305e-03 -4.755306e-03 -4.613828e+01 1.096413e-03 9.999991e-01 -8.207757e-04 2.137748e+00 4.756205e-03 8.155515e-04 9.999884e-01 1.554037e+01
9.999991e-01 1.258657e-03 -4.065819e-04 -4.617864e+01 -1.258177e-03 9.999985e-01 1.177488e-03 2.136221e+00 4.080635e-04 -1.176975e-03 9.999992e-01 1.601329e+01
9.999918e-01 -1.015990e-03 -3.932237e-03 -4.591936e+01 1.012861e-03 9.999992e-01 -7.975823e-04 2.118753e+00 3.933044e-03 7.935923e-04 9.999920e-01 1.635047e+01
9.999988e-01 1.262050e-03 -9.417060e-04 -4.561446e+01 -1.260766e-03 9.999983e-01 1.361611e-03 2.106222e+00 9.434230e-04 -1.360422e-03 9.999986e-01 1.665534e+01
9.999930e-01 -9.170095e-04 -3.632175e-03 -4.524849e+01 9.139408e-04 9.999992e-01 -8.463514e-04 2.094600e+00 3.632948e-03 8.430252e-04 9.999930e-01 1.649112e+01
9.999994e-01 1.063724e-03 2.501325e-04 -4.502643e+01 -1.063991e-03 9.999989e-01 1.071031e-03 2.098659e+00 -2.489928e-04 -1.071296e-03 9.999994e-01 1.558993e+01
9.999945e-01 -9.650160e-04 -3.168943e-03 -4.468906e+01 9.620329e-04 9.999991e-01 -9.426013e-04 2.104822e+00 3.169850e-03 9.395469e-04 9.999945e-01 1.468120e+01
9.999992e-01 1.293191e-03 -6.481680e-05 -4.409167e+01 -1.293109e-03 9.999984e-01 1.249732e-03 2.095709e+00 6.643301e-05 -1.249646e-03 9.999992e-01 1.442316e+01
9.999909e-01 -9.109401e-04 -4.160600e-03 -4.367201e+01 9.069739e-04 9.999991e-01 -9.549646e-04 2.065433e+00 4.161467e-03 9.511818e-04 9.999909e-01 1.499911e+01
9.999993e-01 1.140170e-03 1.163880e-04 -4.344688e+01 -1.140292e-03 9.999988e-01 1.053745e-03 2.037426e+00 -1.151862e-04 -1.053876e-03 9.999994e-01 1.562649e+01
9.999908e-01 -8.780773e-04 -4.197193e-03 -4.309971e+01 8.747658e-04 9.999993e-01 -7.906654e-04 2.013854e+00 4.197884e-03 7.869860e-04 9.999909e-01 1.610051e+01
9.999990e-01 1.262383e-03 -6.605855e-04 -4.271581e+01 -1.261508e-03 9.999983e-01 1.322936e-03 2.003827e+00 6.622546e-04 -1.322100e-03 9.999989e-01 1.618772e+01
9.999834e-01 -9.998693e-04 -5.676470e-03 -4.302704e+01 9.965021e-04 9.999993e-01 -5.959153e-04 2.012793e+00 5.677062e-03 5.902482e-04 9.999837e-01 1.602053e+01
9.999992e-01 1.246916e-03 2.747586e-04 -4.303165e+01 -1.247278e-03 9.999983e-01 1.323570e-03 2.019165e+00 -2.731076e-04 -1.323911e-03 9.999991e-01 1.553213e+01
9.999919e-01 -8.987682e-04 -3.934320e-03 -4.240491e+01 8.950275e-04 9.999991e-01 -9.523618e-04 2.013940e+00 3.935173e-03 9.488322e-04 9.999918e-01 1.520120e+01
9.999992e-01 1.207593e-03 3.654396e-04 -4.178117e+01 -1.208058e-03 9.999985e-01 1.276898e-03 2.007465e+00 -3.638969e-04 -1.277338e-03 9.999991e-01 1.492239e+01
9.999925e-01 -9.057990e-04 -3.753680e-03 -4.112023e+01 9.021278e-04 9.999991e-01 -9.794964e-04 2.001532e+00 3.754564e-03 9.761022e-04 9.999925e-01 1.462561e+01
9.999992e-01 1.090367e-03 6.313669e-04 -4.055813e+01 -1.091138e-03 9.999987e-01 1.222899e-03 1.996306e+00 -6.300325e-04 -1.223587e-03 9.999991e-01 1.430352e+01
9.999913e-01 -8.860524e-04 -4.077254e-03 -4.006038e+01 8.821247e-04 9.999991e-01 -9.649059e-04 1.985202e+00 4.078106e-03 9.613003e-04 9.999912e-01 1.417530e+01
9.999992e-01 1.244766e-03 3.132018e-04 -3.939522e+01 -1.245193e-03 9.999983e-01 1.367559e-03 1.975480e+00 -3.114988e-04 -1.367947e-03 9.999990e-01 1.396940e+01
9.999870e-01 -6.459251e-04 -5.058065e-03 -3.868393e+01 6.420544e-04 9.999995e-01 -7.667572e-04 1.952356e+00 5.058557e-03 7.634991e-04 9.999869e-01 1.407725e+01
9.999992e-01 1.080178e-03 6.323650e-04 -3.811776e+01 -1.080957e-03 9.999987e-01 1.234807e-03 1.931515e+00 -6.310302e-04 -1.235489e-03 9.999990e-01 1.418534e+01
9.999884e-01 -6.717689e-04 -4.775007e-03 -3.748931e+01 6.681261e-04 9.999995e-01 -7.643714e-04 1.915409e+00 4.775517e-03 7.611716e-04 9.999883e-01 1.414536e+01
9.999992e-01 1.257990e-03 5.981413e-06 -3.676533e+01 -1.257996e-03 9.999984e-01 1.301826e-03 1.896662e+00 -4.343568e-06 -1.301832e-03 9.999992e-01 1.415183e+01
9.999891e-01 -7.706717e-04 -4.598046e-03 -3.622168e+01 7.671470e-04 9.999994e-01 -7.681964e-04 1.877170e+00 4.598635e-03 7.646600e-04 9.999891e-01 1.424383e+01
9.999993e-01 1.214192e-03 7.378977e-05 -3.577946e+01 -1.214278e-03 9.999986e-01 1.188560e-03 1.854934e+00 -7.234637e-05 -1.188648e-03 9.999993e-01 1.454478e+01
9.999886e-01 -6.911353e-04 -4.733931e-03 -3.522506e+01 6.879446e-04 9.999995e-01 -6.755250e-04 1.833757e+00 4.734395e-03 6.722600e-04 9.999886e-01 1.468382e+01
9.999992e-01 1.272763e-03 4.287648e-05 -3.458255e+01 -1.272816e-03 9.999984e-01 1.270776e-03 1.806049e+00 -4.125887e-05 -1.270829e-03 9.999992e-01 1.493276e+01
9.999910e-01 -9.526169e-04 -4.140784e-03 -3.402592e+01 9.487420e-04 9.999991e-01 -9.375448e-04 1.792226e+00 4.141673e-03 9.336072e-04 9.999910e-01 1.495180e+01
9.999993e-01 1.056028e-03 5.154921e-04 -3.371188e+01 -1.056726e-03 9.999985e-01 1.356573e-03 1.795936e+00 -5.140587e-04 -1.357116e-03 9.999989e-01 1.408128e+01
9.999916e-01 -7.004382e-04 -4.042010e-03 -3.309154e+01 6.963693e-04 9.999992e-01 -1.007872e-03 1.784599e+00 4.042713e-03 1.005048e-03 9.999913e-01 1.391472e+01
9.999996e-01 9.262474e-04 -1.878988e-04 -3.287828e+01 -9.260371e-04 9.999990e-01 1.113722e-03 1.760099e+00 1.889303e-04 -1.113547e-03 9.999994e-01 1.464681e+01
9.999903e-01 -8.759328e-04 -4.321375e-03 -3.277196e+01 8.720762e-04 9.999992e-01 -8.941624e-04 1.742614e+00 4.322154e-03 8.903846e-04 9.999903e-01 1.520008e+01
9.999991e-01 1.302775e-03 3.597318e-04 -3.219384e+01 -1.303255e-03 9.999983e-01 1.340121e-03 1.725315e+00 -3.579852e-04 -1.340588e-03 9.999990e-01 1.518984e+01
9.999877e-01 -8.372327e-04 -4.898323e-03 -3.167096e+01 8.331983e-04 9.999993e-01 -8.255351e-04 1.700598e+00 4.899011e-03 8.214430e-04 9.999877e-01 1.539500e+01
9.999991e-01 1.252139e-03 5.416047e-04 -3.115512e+01 -1.252847e-03 9.999984e-01 1.311233e-03 1.674353e+00 -5.399619e-04 -1.311910e-03 9.999990e-01 1.574661e+01
9.999874e-01 -7.998749e-04 -4.960106e-03 -3.044292e+01 7.958633e-04 9.999994e-01 -8.106125e-04 1.650814e+00 4.960751e-03 8.066541e-04 9.999874e-01 1.595508e+01
9.999989e-01 1.159572e-03 9.516080e-04 -2.972852e+01 -1.160769e-03 9.999985e-01 1.259276e-03 1.635744e+00 -9.501463e-04 -1.260378e-03 9.999988e-01 1.588568e+01
9.999888e-01 -9.178098e-04 -4.645301e-03 -2.933125e+01 9.129361e-04 9.999990e-01 -1.051090e-03 1.613875e+00 4.646261e-03 1.046837e-03 9.999887e-01 1.632053e+01
9.999993e-01 9.750297e-04 6.033633e-04 -2.906117e+01 -9.758207e-04 9.999987e-01 1.312706e-03 1.594036e+00 -6.020825e-04 -1.313294e-03 9.999990e-01 1.687673e+01
9.999888e-01 -6.455070e-04 -4.694496e-03 -2.864945e+01 6.409487e-04 9.999993e-01 -9.723486e-04 1.574532e+00 4.695121e-03 9.693282e-04 9.999885e-01 1.710299e+01
9.999995e-01 9.317298e-04 4.460129e-04 -2.833813e+01 -9.323333e-04 9.999986e-01 1.355843e-03 1.550959e+00 -4.447489e-04 -1.356258e-03 9.999990e-01 1.747388e+01
9.999875e-01 -5.327068e-04 -4.979500e-03 -2.769975e+01 5.284925e-04 9.999995e-01 -8.475091e-04 1.532790e+00 4.979949e-03 8.448663e-04 9.999872e-01 1.756580e+01
9.999996e-01 8.676207e-04 -1.793982e-04 -2.769775e+01 -8.673963e-04 9.999988e-01 1.244752e-03 1.534809e+00 1.804781e-04 -1.244596e-03 9.999992e-01 1.797449e+01
9.999846e-01 -6.457826e-04 -5.519503e-03 -2.787758e+01 6.415335e-04 9.999995e-01 -7.715033e-04 1.549451e+00 5.519998e-03 7.679499e-04 9.999845e-01 1.840831e+01
9.999984e-01 1.173650e-03 1.320280e-03 -2.703607e+01 -1.175337e-03 9.999985e-01 1.278072e-03 1.541073e+00 -1.318778e-03 -1.279621e-03 9.999983e-01 1.816660e+01
9.999786e-01 -3.108220e-04 -6.535614e-03 -2.598316e+01 3.065966e-04 9.999997e-01 -6.474480e-04 1.525356e+00 6.535813e-03 6.454297e-04 9.999784e-01 1.808057e+01
9.999980e-01 8.789477e-04 1.794147e-03 -2.539619e+01 -8.810356e-04 9.999989e-01 1.163517e-03 1.513560e+00 -1.793123e-03 -1.165094e-03 9.999977e-01 1.805936e+01
9.999783e-01 -3.899533e-04 -6.578928e-03 -2.482347e+01 3.852725e-04 9.999997e-01 -7.126596e-04 1.506959e+00 6.579204e-03 7.101088e-04 9.999781e-01 1.808202e+01
9.999980e-01 1.233391e-03 1.603635e-03 -2.370299e+01 -1.235748e-03 9.999982e-01 1.469493e-03 1.474515e+00 -1.601820e-03 -1.471471e-03 9.999976e-01 1.840309e+01
9.999769e-01 -4.563829e-04 -6.787171e-03 -2.265717e+01 4.492607e-04 9.999993e-01 -1.050788e-03 1.438614e+00 6.787646e-03 1.047714e-03 9.999764e-01 1.885584e+01
9.999966e-01 8.133626e-04 2.473513e-03 -2.226359e+01 -8.167452e-04 9.999987e-01 1.366996e-03 1.420651e+00 -2.472398e-03 -1.369011e-03 9.999960e-01 1.910445e+01
9.999672e-01 -6.556428e-04 -8.071784e-03 -2.248483e+01 6.493378e-04 9.999995e-01 -7.836586e-04 1.422398e+00 8.072294e-03 7.783911e-04 9.999671e-01 1.939512e+01
9.999949e-01 8.795132e-04 3.080305e-03 -2.248846e+01 -8.836016e-04 9.999987e-01 1.326318e-03 1.419425e+00 -3.079134e-03 -1.329033e-03 9.999944e-01 1.932342e+01
9.999759e-01 -6.895930e-04 -6.905894e-03 -2.228426e+01 6.821397e-04 9.999992e-01 -1.081496e-03 1.402865e+00 6.906634e-03 1.076759e-03 9.999756e-01 1.960502e+01
9.999967e-01 1.279383e-03 2.207176e-03 -2.145164e+01 -1.283326e-03 9.999976e-01 1.786280e-03 1.367966e+00 -2.204886e-03 -1.789106e-03 9.999960e-01 2.008619e+01
9.999713e-01 -3.459038e-04 -7.562215e-03 -2.010554e+01 3.360271e-04 9.999991e-01 -1.307233e-03 1.349369e+00 7.562660e-03 1.304654e-03 9.999706e-01 1.996482e+01
9.999998e-01 6.269269e-04 1.935600e-05 -2.069796e+01 -6.269678e-04 9.999974e-01 2.213808e-03 1.367537e+00 -1.796795e-05 -2.213819e-03 9.999975e-01 1.998789e+01
9.999521e-01 -2.117062e-04 -9.784549e-03 -2.164322e+01 2.018008e-04 9.999995e-01 -1.013279e-03 1.397111e+00 9.784759e-03 1.011255e-03 9.999516e-01 1.983070e+01
9.999825e-01 3.452702e-04 5.903039e-03 -2.165232e+01 -3.532076e-04 9.999990e-01 1.343707e-03 1.401312e+00 -5.902569e-03 -1.345768e-03 9.999817e-01 1.880209e+01
9.999562e-01 -2.192340e-04 -9.354222e-03 -2.136856e+01 2.089593e-04 9.999994e-01 -1.099320e-03 1.393748e+00 9.354457e-03 1.097316e-03 9.999556e-01 1.843153e+01
9.999851e-01 4.553781e-04 5.437482e-03 -2.089136e+01 -4.627558e-04 9.999990e-01 1.355727e-03 1.373447e+00 -5.436859e-03 -1.358223e-03 9.999843e-01 1.862656e+01
9.999534e-01 -4.257327e-05 -9.649147e-03 -2.026508e+01 3.429660e-05 9.999996e-01 -8.578781e-04 1.349408e+00 9.649179e-03 8.575066e-04 9.999531e-01 1.881667e+01
9.999849e-01 4.600855e-04 5.471339e-03 -1.962143e+01 -4.665951e-04 9.999992e-01 1.188628e-03 1.332023e+00 -5.470788e-03 -1.191162e-03 9.999843e-01 1.888298e+01
9.999642e-01 -4.101440e-04 -8.450022e-03 -1.926371e+01 4.016190e-04 9.999994e-01 -1.010496e-03 1.332931e+00 8.450432e-03 1.007066e-03 9.999638e-01 1.824965e+01
9.999840e-01 4.280897e-04 5.635966e-03 -1.885652e+01 -4.349775e-04 9.999992e-01 1.221029e-03 1.330146e+00 -5.635438e-03 -1.223460e-03 9.999834e-01 1.766981e+01
9.999606e-01 -2.709522e-04 -8.867185e-03 -1.820293e+01 2.625090e-04 9.999995e-01 -9.532896e-04 1.325753e+00 8.867439e-03 9.509238e-04 9.999602e-01 1.724249e+01
9.999830e-01 4.106263e-04 5.815737e-03 -1.774876e+01 -4.176066e-04 9.999992e-01 1.199162e-03 1.326595e+00 -5.815240e-03 -1.201569e-03 9.999824e-01 1.662714e+01
9.999579e-01 -4.591601e-05 -9.171460e-03 -1.695280e+01 3.882548e-05 9.999997e-01 -7.732340e-04 1.316190e+00 9.171493e-03 7.728449e-04 9.999576e-01 1.638285e+01
9.999889e-01 4.510203e-04 4.686576e-03 -1.652298e+01 -4.563619e-04 9.999992e-01 1.138851e-03 1.293131e+00 -4.686058e-03 -1.140977e-03 9.999884e-01 1.675322e+01
9.999600e-01 -1.175538e-04 -8.942292e-03 -1.616260e+01 1.098381e-04 9.999996e-01 -8.632620e-04 1.271872e+00 8.942390e-03 8.622447e-04 9.999596e-01 1.720947e+01
9.999935e-01 5.282270e-04 3.562921e-03 -1.605823e+01 -5.328870e-04 9.999990e-01 1.307211e-03 1.266554e+00 -3.562227e-03 -1.309101e-03 9.999928e-01 1.746449e+01
9.999466e-01 -4.179310e-04 -1.032119e-02 -1.653636e+01 4.115414e-04 9.999997e-01 -6.211510e-04 1.288399e+00 1.032145e-02 6.168697e-04 9.999465e-01 1.783241e+01
9.999850e-01 7.088472e-04 5.430399e-03 -1.635508e+01 -7.142834e-04 9.999992e-01 9.992895e-04 1.274099e+00 -5.429686e-03 -1.003153e-03 9.999848e-01 1.826147e+01
9.999431e-01 4.797405e-04 -1.065825e-02 -1.485334e+01 -4.842749e-04 9.999998e-01 -4.228176e-04 1.215078e+00 1.065804e-02 4.279546e-04 9.999431e-01 1.936424e+01
