9.999924e-01 3.374133e-04 -3.872082e-03 3.734301e-01 -3.378345e-04 9.999999e-01 -1.081116e-04 -3.748367e-02 3.872045e-03 1.094182e-04 9.999925e-01 1.028888e+00
9.999999e-01 1.364099e-04 -4.676752e-04 8.472974e-01 -1.362395e-04 9.999999e-01 3.642461e-04 -7.650978e-02 4.677252e-04 -3.641816e-04 9.999998e-01 1.730429e+00
9.999931e-01 1.892213e-04 -3.714124e-03 1.183168e+00 -1.893806e-04 1.000000e+00 -4.253978e-05 -1.026130e-01 3.714115e-03 4.324216e-05 9.999931e-01 2.062086e+00
9.999999e-01 1.805985e-04 -4.286432e-04 1.594215e+00 -1.804470e-04 9.999999e-01 3.533810e-04 -1.286590e-01 4.287074e-04 -3.533029e-04 9.999998e-01 2.320490e+00
9.999929e-01 1.992603e-04 -3.757930e-03 2.049817e+00 -1.994605e-04 1.000000e+00 -5.290761e-05 -1.573442e-01 3.757919e-03 5.365608e-05 9.999929e-01 2.646112e+00
9.999999e-01 9.456806e-05 -3.501643e-04 2.395293e+00 -9.447821e-05 1.000000e+00 2.565195e-04 -1.868202e-01 3.501889e-04 -2.564857e-04 9.999999e-01 3.134408e+00
9.999942e-01 1.162342e-04 -3.402814e-03 2.767789e+00 -1.159225e-04 1.000000e+00 9.182654e-05 -2.058389e-01 3.402824e-03 -9.143225e-05 9.999942e-01 3.215971e+00
9.999999e-01 -2.654469e-05 3.241533e-04 3.057689e+00 2.647424e-05 1.000000e+00 2.174517e-04 -2.097481e-01 -3.241588e-04 -2.174424e-04 9.999999e-01 2.785977e+00
9.999928e-01 2.657510e-04 -3.794260e-03 3.514306e+00 -2.648539e-04 9.999999e-01 2.369549e-04 -2.241377e-01 3.794322e-03 -2.359489e-04 9.999928e-01 2.723405e+00
9.999998e-01 -1.719201e-04 5.882986e-04 3.822873e+00 1.718491e-04 1.000000e+00 1.208509e-04 -2.315835e-01 -5.883190e-04 -1.207491e-04 9.999998e-01 2.442321e+00
9.999913e-01 5.786752e-04 -4.140468e-03 4.502481e+00 -5.765599e-04 9.999997e-01 5.120651e-04 -2.397964e-01 4.140763e-03 -5.096741e-04 9.999913e-01 2.207235e+00
9.999992e-01 -2.359356e-04 1.261918e-03 5.573485e+00 2.356628e-04 9.999999e-01 2.163708e-04 -2.282372e-01 -1.261969e-03 -2.160725e-04 9.999992e-01 1.308205e+00
9.999870e-01 6.628601e-04 -5.059743e-03 6.178677e+00 -6.635028e-04 9.999998e-01 -1.253331e-04 -2.364465e-01 5.059659e-03 1.286880e-04 9.999872e-01 1.075619e+00
9.999993e-01 -5.665295e-04 1.047638e-03 6.181042e+00 5.663767e-04 9.999998e-01 1.461722e-04 -2.529641e-01 -1.047720e-03 -1.455780e-04 9.999994e-01 1.693450e+00
9.999827e-01 9.253914e-04 -5.808038e-03 6.530876e+00 -9.244155e-04 9.999996e-01 1.707080e-04 -2.708154e-01 5.808193e-03 -1.653367e-04 9.999831e-01 2.243391e+00
9.999982e-01 -3.979396e-04 1.857145e-03 7.826412e+00 3.974249e-04 9.999999e-01 2.775183e-04 -2.588442e-01 -1.857255e-03 -2.767791e-04 9.999982e-01 1.067232e+00
9.999976e-01 8.628320e-04 -2.020367e-03 1.090509e+01 -8.637289e-04 9.999995e-01 -4.430950e-04 -1.695057e-01 2.019984e-03 4.448383e-04 9.999979e-01 -3.033631e+00
9.999980e-01 -4.264778e-04 1.953836e-03 1.381522e+01 4.261978e-04 9.999999e-01 1.437736e-04 -6.387420e-02 -1.953897e-03 -1.429398e-04 9.999981e-01 -8.114621e+00
9.999924e-01 1.053023e-03 -3.766451e-03 1.635001e+01 -1.053166e-03 9.999994e-01 -3.594504e-05 2.234729e-02 3.766410e-03 3.991075e-05 9.999929e-01 -1.235275e+01
9.999931e-01 -6.918930e-04 3.641430e-03 1.932566e+01 6.927095e-04 9.999997e-01 -2.229437e-04 1.225423e-01 -3.641275e-03 2.254654e-04 9.999933e-01 -1.713231e+01
9.999927e-01 1.043227e-03 -3.671324e-03 2.184934e+01 -1.043722e-03 9.999994e-01 -1.328422e-04 2.219244e-01 3.671183e-03 1.366724e-04 9.999933e-01 -2.212488e+01
9.999883e-01 -7.393745e-04 4.777621e-03 2.520444e+01 7.408740e-04 9.999997e-01 -3.120789e-04 3.429730e-01 -4.777388e-03 3.156156e-04 9.999885e-01 -2.784922e+01
9.999937e-01 1.403994e-03 -3.267252e-03 2.917962e+01 -1.404231e-03 9.999990e-01 -7.023814e-05 4.590720e-01 3.267150e-03 7.482496e-05 9.999947e-01 -3.302384e+01
9.999904e-01 -1.054663e-03 4.261459e-03 3.290957e+01 1.056737e-03 9.999993e-01 -4.844025e-04 5.792019e-01 -4.260945e-03 4.889018e-04 9.999908e-01 -3.850041e+01
9.999809e-01 1.444521e-03 -6.013935e-03 3.525620e+01 -1.441000e-03 9.999988e-01 5.898445e-04 6.527864e-01 6.014779e-03 -5.811679e-04 9.999817e-01 -4.209767e+01
9.999708e-01 -1.274393e-03 7.533556e-03 3.871709e+01 1.283199e-03 9.999985e-01 -1.164220e-03 7.718241e-01 -7.532061e-03 1.173854e-03 9.999709e-01 -4.769206e+01
9.999781e-01 1.676527e-03 -6.407552e-03 4.238093e+01 -1.672664e-03 9.999984e-01 6.082049e-04 9.080425e-01 6.408561e-03 -5.974746e-04 9.999793e-01 -5.406046e+01
9.999770e-01 -1.140043e-03 6.692824e-03 4.567333e+01 1.147101e-03 9.999988e-01 -1.050738e-03 1.030904e+00 -6.691618e-03 1.058392e-03 9.999771e-01 -5.995068e+01
9.999838e-01 1.297810e-03 -5.542521e-03 4.862840e+01 -1.294953e-03 9.999990e-01 5.188970e-04 1.134686e+00 5.543188e-03 -5.117120e-04 9.999845e-01 -6.505497e+01
9.999975e-01 -4.455294e-04 2.190540e-03 5.049257e+01 4.457646e-04 9.999999e-01 -1.068290e-04 1.211782e+00 -2.190492e-03 1.078059e-04 9.999976e-01 -6.889614e+01
9.999887e-01 1.385019e-03 -4.558665e-03 5.351262e+01 -1.383467e-03 9.999990e-01 3.435486e-04 1.321978e+00 4.559136e-03 -3.372386e-04 9.999896e-01 -7.404088e+01
9.999909e-01 -8.600770e-04 4.183615e-03 5.663214e+01 8.617598e-04 9.999995e-01 -4.004401e-04 1.432731e+00 -4.183268e-03 4.040425e-04 9.999912e-01 -7.940624e+01
9.999846e-01 1.542965e-03 -5.321621e-03 5.955102e+01 -1.540946e-03 9.999987e-01 3.835587e-04 1.546546e+00 5.322206e-03 -3.753532e-04 9.999858e-01 -8.494400e+01
9.999935e-01 -7.765921e-04 3.534324e-03 6.248889e+01 7.770118e-04 9.999997e-01 -1.173774e-04 1.661558e+00 -3.534231e-03 1.201236e-04 9.999937e-01 -9.053974e+01
9.999206e-01 1.943658e-03 -1.245403e-02 6.284969e+01 -1.926794e-03 9.999972e-01 1.365945e-03 1.750169e+00 1.245665e-02 -1.341841e-03 9.999215e-01 -9.430145e+01
9.999490e-01 -8.554700e-04 1.006192e-02 6.615522e+01 8.658634e-04 9.999991e-01 -1.028631e-03 1.873216e+00 -1.006103e-02 1.037292e-03 9.999488e-01 -9.993447e+01
9.999301e-01 1.840193e-03 -1.168076e-02 6.935047e+01 -1.828257e-03 9.999978e-01 1.032376e-03 1.989415e+00 1.168264e-02 -1.010949e-03 9.999312e-01 -1.054548e+02
9.999238e-01 -1.014044e-03 1.230572e-02 7.355335e+01 1.030490e-03 9.999986e-01 -1.330239e-03 2.124642e+00 -1.230435e-02 1.342819e-03 9.999234e-01 -1.115178e+02
9.999399e-01 1.929840e-03 -1.079350e-02 7.845439e+01 -1.917536e-03 9.999975e-01 1.150248e-03 2.271685e+00 1.079569e-02 -1.129483e-03 9.999411e-01 -1.179142e+02
9.999305e-01 -1.216975e-03 1.172759e-02 8.245819e+01 1.233784e-03 9.999982e-01 -1.426200e-03 2.402120e+00 -1.172584e-02 1.440571e-03 9.999302e-01 -1.240326e+02
9.999160e-01 2.120846e-03 -1.279011e-02 8.528627e+01 -2.102918e-03 9.999968e-01 1.414987e-03 2.518445e+00 1.279307e-02 -1.387972e-03 9.999172e-01 -1.299722e+02
9.999384e-01 -1.025412e-03 1.105465e-02 8.848885e+01 1.040483e-03 9.999985e-01 -1.357682e-03 2.639682e+00 -1.105324e-02 1.369101e-03 9.999380e-01 -1.358286e+02
9.999140e-01 1.904671e-03 -1.297667e-02 9.099542e+01 -1.886702e-03 9.999972e-01 1.396843e-03 2.758495e+00 1.297930e-02 -1.372240e-03 9.999148e-01 -1.419875e+02
9.999904e-01 -4.748796e-04 4.349643e-03 9.209206e+01 4.759419e-04 9.999999e-01 -2.431765e-04 2.890274e+00 -4.349527e-03 2.452451e-04 9.999905e-01 -1.478321e+02
9.997919e-01 1.870888e-03 -2.031398e-02 9.062728e+01 -1.816748e-03 9.999947e-01 2.683316e-03 2.997721e+00 2.031889e-02 -2.645853e-03 9.997900e-01 -1.512967e+02
9.999496e-01 -9.967385e-04 9.993777e-03 9.052249e+01 1.006894e-03 9.999990e-01 -1.011186e-03 3.043860e+00 -9.992758e-03 1.021199e-03 9.999495e-01 -1.528030e+02
9.996562e-01 2.848994e-03 -2.606528e-02 8.951954e+01 -2.735142e-03 9.999866e-01 4.402596e-03 3.177780e+00 2.607747e-02 -4.329791e-03 9.996505e-01 -1.583600e+02
9.999058e-01 -1.768595e-03 1.361342e-02 8.827529e+01 1.797343e-03 9.999962e-01 -2.099839e-03 3.223940e+00 -1.360965e-02 2.124109e-03 9.999051e-01 -1.602314e+02
9.997487e-01 2.344759e-03 -2.229391e-02 8.757827e+01 -2.272457e-03 9.999921e-01 3.267918e-03 3.237749e+00 2.230140e-02 -3.216435e-03 9.997461e-01 -1.605279e+02
9.999370e-01 -1.575821e-03 1.111379e-02 8.651607e+01 1.590381e-03 9.999979e-01 -1.301428e-03 3.276559e+00 -1.111171e-02 1.319022e-03 9.999374e-01 -1.617237e+02
9.998507e-01 2.228198e-03 -1.713727e-02 8.651987e+01 -2.193789e-03 9.999955e-01 2.026402e-03 3.268066e+00 1.714171e-02 -1.988505e-03 9.998511e-01 -1.621715e+02
9.999253e-01 -1.535830e-03 1.212402e-02 8.731739e+01 1.556259e-03 9.999974e-01 -1.675765e-03 3.241414e+00 -1.212142e-02 1.694509e-03 9.999251e-01 -1.618846e+02
9.998793e-01 1.923580e-03 -1.541838e-02 8.814394e+01 -1.893738e-03 9.999963e-01 1.949847e-03 3.239792e+00 1.542208e-02 -1.920414e-03 9.998792e-01 -1.623427e+02
9.999315e-01 -1.562891e-03 1.160203e-02 8.850826e+01 1.582306e-03 9.999974e-01 -1.664390e-03 3.230458e+00 -1.159939e-02 1.682635e-03 9.999313e-01 -1.626193e+02
9.998592e-01 1.804705e-03 -1.668365e-02 8.843892e+01 -1.768706e-03 9.999961e-01 2.172273e-03 3.220667e+00 1.668751e-02 -2.142460e-03 9.998585e-01 -1.624669e+02
9.999199e-01 -1.721206e-03 1.253689e-02 8.845235e+01 1.746706e-03 9.999964e-01 -2.023300e-03 3.204744e+00 -1.253336e-02 2.045037e-03 9.999194e-01 -1.618660e+02
9.998580e-01 1.813290e-03 -1.675616e-02 8.857825e+01 -1.777161e-03 9.999961e-01 2.170833e-03 3.183386e+00 1.676003e-02 -2.140747e-03 9.998572e-01 -1.612360e+02
9.999441e-01 -1.611840e-03 1.045387e-02 8.823618e+01 1.627694e-03 9.999975e-01 -1.508313e-03 3.186061e+00 -1.045142e-02 1.525245e-03 9.999442e-01 -1.610354e+02
9.998525e-01 1.988094e-03 -1.705839e-02 8.797158e+01 -1.947966e-03 9.999953e-01 2.368722e-03 3.189300e+00 1.706302e-02 -2.335145e-03 9.998517e-01 -1.610290e+02
9.999345e-01 -1.640833e-03 1.132906e-02 8.792865e+01 1.660116e-03 9.999972e-01 -1.692931e-03 3.194553e+00 -1.132625e-02 1.711629e-03 9.999344e-01 -1.613597e+02
9.998561e-01 1.926467e-03 -1.685717e-02 8.777652e+01 -1.887395e-03 9.999955e-01 2.333462e-03 3.205348e+00 1.686159e-02 -2.301311e-03 9.998552e-01 -1.621004e+02
9.999536e-01 -1.654210e-03 9.487448e-03 8.719577e+01 1.667599e-03 9.999976e-01 -1.403463e-03 3.226826e+00 -9.485104e-03 1.419219e-03 9.999540e-01 -1.626324e+02
9.999029e-01 1.877018e-03 -1.380950e-02 8.739878e+01 -1.851557e-03 9.999966e-01 1.856286e-03 3.231028e+00 1.381293e-02 -1.830538e-03 9.999029e-01 -1.630937e+02
9.999513e-01 -1.676538e-03 9.726805e-03 8.767347e+01 1.691104e-03 9.999975e-01 -1.489444e-03 3.234498e+00 -9.724283e-03 1.505821e-03 9.999516e-01 -1.636026e+02
9.998911e-01 1.922386e-03 -1.463382e-02 8.770488e+01 -1.893310e-03 9.999962e-01 2.000556e-03 3.238816e+00 1.463761e-02 -1.972633e-03 9.998909e-01 -1.640039e+02
9.999468e-01 -1.329468e-03 1.023246e-02 8.843797e+01 1.344488e-03 9.999980e-01 -1.461117e-03 3.213025e+00 -1.023049e-02 1.474798e-03 9.999466e-01 -1.638410e+02
9.998772e-01 2.206192e-03 -1.551577e-02 8.943654e+01 -2.175360e-03 9.999956e-01 2.003700e-03 3.183894e+00 1.552012e-02 -1.969702e-03 9.998776e-01 -1.636678e+02
9.999309e-01 -1.828984e-03 1.161230e-02 9.003205e+01 1.848029e-03 9.999970e-01 -1.629514e-03 3.175330e+00 -1.160929e-02 1.650862e-03 9.999312e-01 -1.638728e+02
9.998833e-01 2.271882e-03 -1.510679e-02 9.077351e+01 -2.241881e-03 9.999955e-01 2.002552e-03 3.168547e+00 1.511127e-02 -1.968452e-03 9.998839e-01 -1.641601e+02
9.999368e-01 -1.482952e-03 1.114137e-02 9.193608e+01 1.500595e-03 9.999976e-01 -1.575418e-03 3.158666e+00 -1.113901e-02 1.592038e-03 9.999367e-01 -1.645129e+02
9.998867e-01 1.962984e-03 -1.492264e-02 9.276362e+01 -1.934213e-03 9.999962e-01 1.942221e-03 3.150691e+00 1.492639e-02 -1.913138e-03 9.998868e-01 -1.647902e+02
9.999302e-01 -1.891415e-03 1.166581e-02 9.285360e+01 1.912052e-03 9.999966e-01 -1.758148e-03 3.156709e+00 -1.166245e-02 1.780332e-03 9.999304e-01 -1.659462e+02
9.998943e-01 1.940181e-03 -1.440943e-02 9.303035e+01 -1.913575e-03 9.999964e-01 1.859982e-03 3.160929e+00 1.441299e-02 -1.832213e-03 9.998944e-01 -1.668778e+02
9.999367e-01 -1.804074e-03 1.110593e-02 9.326003e+01 1.820743e-03 9.999972e-01 -1.490959e-03 3.159623e+00 -1.110321e-02 1.511087e-03 9.999372e-01 -1.674853e+02
9.998888e-01 1.996797e-03 -1.478087e-02 9.341098e+01 -1.970615e-03 9.999965e-01 1.785719e-03 3.159356e+00 1.478438e-02 -1.756393e-03 9.998892e-01 -1.681349e+02
9.999392e-01 -1.743894e-03 1.088765e-02 9.363612e+01 1.758386e-03 9.999976e-01 -1.321612e-03 3.155806e+00 -1.088532e-02 1.340677e-03 9.999399e-01 -1.686903e+02
9.998947e-01 1.856732e-03 -1.439123e-02 9.371194e+01 -1.834544e-03 9.999971e-01 1.554854e-03 3.158958e+00 1.439407e-02 -1.528290e-03 9.998952e-01 -1.696418e+02
9.999397e-01 -1.725044e-03 1.084733e-02 9.376834e+01 1.739065e-03 9.999977e-01 -1.283251e-03 3.161342e+00 -1.084509e-02 1.302038e-03 9.999403e-01 -1.705729e+02
9.998960e-01 1.878718e-03 -1.429591e-02 9.396236e+01 -1.855099e-03 9.999969e-01 1.665294e-03 3.159548e+00 1.429900e-02 -1.638601e-03 9.998964e-01 -1.712017e+02
9.999381e-01 -1.648989e-03 1.099945e-02 9.435254e+01 1.664055e-03 9.999977e-01 -1.360753e-03 3.162607e+00 -1.099718e-02 1.378974e-03 9.999386e-01 -1.719382e+02
9.998895e-01 1.874485e-03 -1.474808e-02 9.471743e+01 -1.847656e-03 9.999966e-01 1.832583e-03 3.164793e+00 1.475147e-02 -1.805132e-03 9.998896e-01 -1.725845e+02
9.999482e-01 -1.530007e-03 1.005984e-02 9.502955e+01 1.543391e-03 9.999979e-01 -1.322794e-03 3.156874e+00 -1.005780e-02 1.338252e-03 9.999485e-01 -1.725934e+02
9.998701e-01 1.700620e-03 -1.603091e-02 9.473530e+01 -1.668266e-03 9.999965e-01 2.031388e-03 3.169963e+00 1.603431e-02 -2.004381e-03 9.998694e-01 -1.729296e+02
9.999468e-01 -1.441483e-03 1.021145e-02 9.445065e+01 1.455349e-03 9.999980e-01 -1.350589e-03 3.179954e+00 -1.020948e-02 1.365379e-03 9.999469e-01 -1.734288e+02
9.998476e-01 1.681697e-03 -1.737387e-02 9.385096e+01 -1.643512e-03 9.999962e-01 2.211915e-03 3.198442e+00 1.737752e-02 -2.183025e-03 9.998466e-01 -1.735726e+02
9.999146e-01 -1.531216e-03 1.298127e-02 9.396566e+01 1.556050e-03 9.999970e-01 -1.903138e-03 3.188862e+00 -1.297831e-02 1.923176e-03 9.999139e-01 -1.729493e+02
9.998373e-01 1.955520e-03 -1.793047e-02 9.440180e+01 -1.915601e-03 9.999956e-01 2.243238e-03 3.171028e+00 1.793477e-02 -2.208526e-03 9.998367e-01 -1.724785e+02
9.999267e-01 -1.688057e-03 1.199289e-02 9.417680e+01 1.706693e-03 9.999974e-01 -1.543879e-03 3.181114e+00 -1.199025e-02 1.564234e-03 9.999269e-01 -1.728021e+02
9.998627e-01 1.881210e-03 -1.646521e-02 9.423506e+01 -1.850667e-03 9.999965e-01 1.870047e-03 3.175628e+00 1.646867e-02 -1.839319e-03 9.998627e-01 -1.724832e+02
9.999398e-01 -1.681782e-03 1.084410e-02 9.412376e+01 1.695605e-03 9.999978e-01 -1.265538e-03 3.184735e+00 -1.084195e-02 1.283850e-03 9.999404e-01 -1.721208e+02
9.998723e-01 1.807329e-03 -1.587803e-02 9.412523e+01 -1.777630e-03 9.999966e-01 1.884365e-03 3.196908e+00 1.588138e-02 -1.855900e-03 9.998722e-01 -1.724496e+02
9.999414e-01 -1.543520e-03 1.071515e-02 9.434786e+01 1.557668e-03 9.999979e-01 -1.312151e-03 3.209719e+00 -1.071310e-02 1.328765e-03 9.999417e-01 -1.728369e+02
9.998687e-01 1.699650e-03 -1.611424e-02 9.411878e+01 -1.671574e-03 9.999971e-01 1.755623e-03 3.214073e+00 1.611718e-02 -1.728458e-03 9.998686e-01 -1.727230e+02
9.999328e-01 -1.565564e-03 1.148431e-02 9.405948e+01 1.581317e-03 9.999978e-01 -1.362712e-03 3.212516e+00 -1.148216e-02 1.380782e-03 9.999331e-01 -1.723942e+02
9.998583e-01 1.940595e-03 -1.671875e-02 9.420149e+01 -1.906783e-03 9.999961e-01 2.038155e-03 3.215190e+00 1.672264e-02 -2.005988e-03 9.998582e-01 -1.723455e+02
9.999420e-01 -1.622603e-03 1.065111e-02 9.413053e+01 1.636106e-03 9.999979e-01 -1.259154e-03 3.224997e+00 -1.064904e-02 1.276508e-03 9.999425e-01 -1.724500e+02
9.998732e-01 1.880238e-03 -1.581255e-02 9.420643e+01 -1.850467e-03 9.999965e-01 1.897151e-03 3.231263e+00 1.581606e-02 -1.867650e-03 9.998732e-01 -1.727806e+02
9.999400e-01 -1.640526e-03 1.083353e-02 9.439816e+01 1.656023e-03 9.999976e-01 -1.421593e-03 3.240534e+00 -1.083118e-02 1.439448e-03 9.999403e-01 -1.727914e+02
9.998688e-01 2.130360e-03 -1.605646e-02 9.487763e+01 -2.098858e-03 9.999958e-01 1.978521e-03 3.244728e+00 1.606061e-02 -1.944562e-03 9.998691e-01 -1.724663e+02
9.999363e-01 -1.299857e-03 1.121200e-02 9.585513e+01 1.317691e-03 9.999979e-01 -1.583327e-03 3.225194e+00 -1.120992e-02 1.598001e-03 9.999359e-01 -1.723075e+02
9.998778e-01 1.520355e-03 -1.555820e-02 9.613418e+01 -1.491393e-03 9.999971e-01 1.872922e-03 3.206748e+00 1.556100e-02 -1.849491e-03 9.998772e-01 -1.719116e+02
9.999401e-01 -9.619816e-04 1.090154e-02 9.691872e+01 9.763016e-04 9.999987e-01 -1.308310e-03 3.194331e+00 -1.090026e-02 1.318876e-03 9.999397e-01 -1.719676e+02
9.998698e-01 1.831937e-03 -1.603348e-02 9.797507e+01 -1.798734e-03 9.999962e-01 2.085026e-03 3.176804e+00 1.603724e-02 -2.055915e-03 9.998693e-01 -1.720075e+02
9.999450e-01 -7.878570e-04 1.045975e-02 9.923028e+01 8.024258e-04 9.999987e-01 -1.388705e-03 3.157683e+00 -1.045864e-02 1.397023e-03 9.999443e-01 -1.720501e+02
9.998797e-01 1.356295e-03 -1.545281e-02 9.980177e+01 -1.330311e-03 9.999977e-01 1.691679e-03 3.155670e+00 1.545507e-02 -1.670920e-03 9.998792e-01 -1.720288e+02
9.999409e-01 -8.580604e-04 1.083424e-02 1.004422e+02 8.712225e-04 9.999989e-01 -1.210188e-03 3.152030e+00 -1.083318e-02 1.219556e-03 9.999406e-01 -1.720084e+02
9.998744e-01 1.424017e-03 -1.578715e-02 1.010131e+02 -1.401195e-03 9.999980e-01 1.456641e-03 3.151699e+00 1.578919e-02 -1.434337e-03 9.998743e-01 -1.719887e+02
9.999424e-01 -1.172182e-03 1.066650e-02 1.011482e+02 1.182137e-03 9.999989e-01 -9.269849e-04 3.160512e+00 -1.066540e-02 9.395415e-04 9.999427e-01 -1.719511e+02
9.998867e-01 1.749502e-03 -1.494838e-02 1.020406e+02 -1.728918e-03 9.999975e-01 1.389799e-03 3.154657e+00 1.495077e-02 -1.363797e-03 9.998873e-01 -1.722424e+02
9.999446e-01 -1.068336e-03 1.047206e-02 1.030521e+02 1.078055e-03 9.999990e-01 -9.224647e-04 3.147177e+00 -1.047106e-02 9.337037e-04 9.999447e-01 -1.725591e+02
9.998928e-01 1.576947e-03 -1.455470e-02 1.038434e+02 -1.557977e-03 9.999979e-01 1.314616e-03 3.141213e+00 1.455674e-02 -1.291800e-03 9.998932e-01 -1.728426e+02
9.999451e-01 -1.094648e-03 1.042117e-02 1.045519e+02 1.104699e-03 9.999989e-01 -9.588439e-04 3.129350e+00 -1.042011e-02 9.703043e-04 9.999452e-01 -1.728129e+02
9.998831e-01 1.845930e-03 -1.517831e-02 1.057025e+02 -1.822336e-03 9.999971e-01 1.568132e-03 3.109964e+00 1.518116e-02 -1.540289e-03 9.998836e-01 -1.728720e+02
9.999453e-01 -1.106022e-03 1.040030e-02 1.068668e+02 1.116180e-03 9.999989e-01 -9.709471e-04 3.095421e+00 -1.039922e-02 9.825033e-04 9.999454e-01 -1.730575e+02
9.998923e-01 1.654335e-03 -1.457927e-02 1.078672e+02 -1.634832e-03 9.999978e-01 1.349564e-03 3.090481e+00 1.458147e-02 -1.325585e-03 9.998928e-01 -1.734382e+02
9.999359e-01 -1.278018e-03 1.125369e-02 1.086813e+02 1.289076e-03 9.999987e-01 -9.753846e-04 3.091911e+00 -1.125243e-02 9.898296e-04 9.999362e-01 -1.739587e+02
9.998902e-01 1.703986e-03 -1.471740e-02 1.095024e+02 -1.684241e-03 9.999977e-01 1.353875e-03 3.092118e+00 1.471967e-02 -1.328939e-03 9.998908e-01 -1.744334e+02
9.999407e-01 -1.190480e-03 1.082735e-02 1.103358e+02 1.200118e-03 9.999989e-01 -8.836366e-04 3.088436e+00 -1.082628e-02 8.965790e-04 9.999410e-01 -1.747945e+02
9.998861e-01 1.747897e-03 -1.498791e-02 1.111830e+02 -1.728205e-03 9.999976e-01 1.326712e-03 3.082563e+00 1.499019e-02 -1.300659e-03 9.998868e-01 -1.751050e+02
9.999380e-01 -1.255486e-03 1.106552e-02 1.119411e+02 1.263892e-03 9.999989e-01 -7.527101e-04 3.076463e+00 -1.106457e-02 7.666498e-04 9.999385e-01 -1.753960e+02
9.998756e-01 1.991387e-03 -1.564745e-02 1.129357e+02 -1.970506e-03 9.999971e-01 1.349772e-03 3.064972e+00 1.565009e-02 -1.318771e-03 9.998767e-01 -1.756171e+02
9.999286e-01 -1.526923e-03 1.185474e-02 1.137613e+02 1.538255e-03 9.999984e-01 -9.468188e-04 3.061678e+00 -1.185328e-02 9.649874e-04 9.999293e-01 -1.759935e+02
9.998790e-01 1.985813e-03 -1.542719e-02 1.146870e+02 -1.965119e-03 9.999971e-01 1.356393e-03 3.062187e+00 1.542984e-02 -1.325914e-03 9.998801e-01 -1.764790e+02
9.999374e-01 -1.715424e-03 1.105432e-02 1.148498e+02 1.726261e-03 9.999980e-01 -9.708538e-04 3.057373e+00 -1.105264e-02 9.898764e-04 9.999384e-01 -1.765375e+02
9.998459e-01 1.702252e-03 -1.747147e-02 1.143283e+02 -1.674329e-03 9.999973e-01 1.612733e-03 3.071029e+00 1.747417e-02 -1.583232e-03 9.998461e-01 -1.761822e+02
9.999274e-01 -1.634688e-03 1.193712e-02 1.140751e+02 1.646847e-03 9.999981e-01 -1.008841e-03 3.078158e+00 -1.193544e-02 1.028427e-03 9.999282e-01 -1.760030e+02
9.998561e-01 1.764893e-03 -1.687491e-02 1.139164e+02 -1.740124e-03 9.999974e-01 1.482352e-03 3.078010e+00 1.687748e-02 -1.452775e-03 9.998565e-01 -1.757391e+02
9.999189e-01 -1.666323e-03 1.262908e-02 1.138973e+02 1.680694e-03 9.999980e-01 -1.127417e-03 3.070212e+00 -1.262718e-02 1.148551e-03 9.999196e-01 -1.754169e+02
9.998546e-01 1.799997e-03 -1.695486e-02 1.138933e+02 -1.775331e-03 9.999973e-01 1.469721e-03 3.060249e+00 1.695746e-02 -1.439408e-03 9.998552e-01 -1.750494e+02
9.999157e-01 -1.709508e-03 1.287356e-02 1.138728e+02 1.725463e-03 9.999978e-01 -1.228295e-03 3.049057e+00 -1.287143e-02 1.250405e-03 9.999164e-01 -1.746434e+02
9.998292e-01 1.870696e-03 -1.838797e-02 1.136096e+02 -1.838351e-03 9.999967e-01 1.775808e-03 3.050396e+00 1.839123e-02 -1.741702e-03 9.998294e-01 -1.744131e+02
9.999283e-01 -1.693122e-03 1.185073e-02 1.131254e+02 1.705018e-03 9.999981e-01 -9.938311e-04 3.067546e+00 -1.184902e-02 1.013966e-03 9.999293e-01 -1.744716e+02
9.998524e-01 1.739227e-03 -1.709165e-02 1.128188e+02 -1.713947e-03 9.999974e-01 1.493632e-03 3.087876e+00 1.709420e-02 -1.464118e-03 9.998528e-01 -1.749303e+02
9.999328e-01 -1.717088e-03 1.146708e-02 1.124763e+02 1.728165e-03 9.999980e-01 -9.561641e-04 3.102876e+00 -1.146541e-02 9.759176e-04 9.999338e-01 -1.749973e+02
9.998376e-01 1.841204e-03 -1.792473e-02 1.119482e+02 -1.813210e-03 9.999971e-01 1.577893e-03 3.119652e+00 1.792758e-02 -1.545136e-03 9.998381e-01 -1.747871e+02
9.999488e-01 -1.732174e-03 9.972287e-03 1.111583e+02 1.739426e-03 9.999982e-01 -7.185604e-04 3.149785e+00 -9.971024e-03 7.358703e-04 9.999500e-01 -1.746390e+02
9.998891e-01 1.844379e-03 -1.477651e-02 1.110452e+02 -1.826884e-03 9.999976e-01 1.197434e-03 3.155697e+00 1.477868e-02 -1.170307e-03 9.998901e-01 -1.748333e+02
9.999338e-01 -1.686944e-03 1.138568e-02 1.114142e+02 1.696716e-03 9.999982e-01 -8.486377e-04 3.156308e+00 -1.138423e-02 8.679005e-04 9.999348e-01 -1.754208e+02
9.998660e-01 1.905358e-03 -1.626081e-02 1.114479e+02 -1.883404e-03 9.999973e-01 1.365364e-03 3.163215e+00 1.626337e-02 -1.334556e-03 9.998669e-01 -1.758211e+02
9.999469e-01 -1.756942e-03 1.015090e-02 1.111196e+02 1.764256e-03 9.999982e-01 -7.116770e-04 3.180977e+00 -1.014963e-02 7.295487e-04 9.999482e-01 -1.762123e+02
9.999014e-01 2.055762e-03 -1.389033e-02 1.117241e+02 -2.041906e-03 9.999974e-01 1.011618e-03 3.185540e+00 1.389237e-02 -9.831560e-04 9.999030e-01 -1.767393e+02
9.999397e-01 -1.718864e-03 1.084748e-02 1.126567e+02 1.726989e-03 9.999982e-01 -7.396386e-04 3.194235e+00 -1.084619e-02 7.583281e-04 9.999409e-01 -1.774305e+02
9.998869e-01 2.287270e-03 -1.486626e-02 1.135222e+02 -2.269776e-03 9.999967e-01 1.193592e-03 3.189414e+00 1.486894e-02 -1.159715e-03 9.998888e-01 -1.777162e+02
9.999520e-01 -1.972491e-03 9.597319e-03 1.136587e+02 1.979728e-03 9.999978e-01 -7.446542e-04 3.197997e+00 -9.595829e-03 7.636192e-04 9.999537e-01 -1.779052e+02
9.998974e-01 2.143373e-03 -1.416622e-02 1.136635e+02 -2.126277e-03 9.999970e-01 1.221785e-03 3.205002e+00 1.416880e-02 -1.191539e-03 9.998989e-01 -1.786215e+02
9.999365e-01 -2.066946e-03 1.107648e-02 1.139545e+02 2.078221e-03 9.999973e-01 -1.006503e-03 3.209891e+00 -1.107437e-02 1.029459e-03 9.999381e-01 -1.794964e+02
9.998913e-01 2.332096e-03 -1.455882e-02 1.144857e+02 -2.312612e-03 9.999964e-01 1.354955e-03 3.209514e+00 1.456192e-02 -1.321140e-03 9.998931e-01 -1.799535e+02
9.999356e-01 -2.095075e-03 1.114965e-02 1.149236e+02 2.107189e-03 9.999972e-01 -1.074876e-03 3.213182e+00 -1.114736e-02 1.098302e-03 9.999373e-01 -1.806380e+02
9.998887e-01 2.186465e-03 -1.475500e-02 1.150250e+02 -2.160809e-03 9.999961e-01 1.754489e-03 3.217609e+00 1.475878e-02 -1.722411e-03 9.998896e-01 -1.817479e+02
9.999227e-01 -2.153986e-03 1.224308e-02 1.153873e+02 2.175464e-03 9.999961e-01 -1.741199e-03 3.230270e+00 -1.223928e-02 1.767699e-03 9.999235e-01 -1.830134e+02
9.998814e-01 2.406512e-03 -1.520851e-02 1.160824e+02 -2.376600e-03 9.999952e-01 1.984576e-03 3.238783e+00 1.521321e-02 -1.948197e-03 9.998824e-01 -1.838672e+02
9.999316e-01 -2.163618e-03 1.149732e-02 1.163194e+02 2.182415e-03 9.999963e-01 -1.622583e-03 3.237617e+00 -1.149376e-02 1.647564e-03 9.999326e-01 -1.844519e+02
9.998760e-01 2.474920e-03 -1.554949e-02 1.167698e+02 -2.443079e-03 9.999949e-01 2.066413e-03 3.225959e+00 1.555452e-02 -2.028169e-03 9.998770e-01 -1.845052e+02
9.999335e-01 -2.173446e-03 1.132567e-02 1.172259e+02 2.191959e-03 9.999963e-01 -1.622391e-03 3.211537e+00 -1.132210e-02 1.647109e-03 9.999345e-01 -1.844169e+02
9.998576e-01 2.435500e-03 -1.669727e-02 1.171357e+02 -2.398927e-03 9.999947e-01 2.210075e-03 3.218745e+00 1.670256e-02 -2.169706e-03 9.998581e-01 -1.848876e+02
9.999138e-01 -2.153157e-03 1.295379e-02 1.175251e+02 2.176591e-03 9.999960e-01 -1.795228e-03 3.213152e+00 -1.294987e-02 1.823269e-03 9.999145e-01 -1.852008e+02
9.998460e-01 2.546851e-03 -1.736330e-02 1.179220e+02 -2.507694e-03 9.999943e-01 2.276539e-03 3.191171e+00 1.736900e-02 -2.232647e-03 9.998467e-01 -1.849105e+02
9.999197e-01 -2.126140e-03 1.248975e-02 1.181199e+02 2.150018e-03 9.999959e-01 -1.898658e-03 3.180526e+00 -1.248566e-02 1.925360e-03 9.999202e-01 -1.845121e+02
9.998514e-01 2.561135e-03 -1.704641e-02 1.185788e+02 -2.521380e-03 9.999941e-01 2.353261e-03 3.159156e+00 1.705234e-02 -2.309931e-03 9.998519e-01 -1.841036e+02
9.999474e-01 -2.998906e-03 9.807242e-03 1.175756e+02 3.022316e-03 9.999926e-01 -2.373071e-03 3.225460e+00 -9.800053e-03 2.402588e-03 9.999491e-01 -1.824690e+02
9.998239e-01 2.562373e-03 -1.858966e-02 1.162985e+02 -2.520099e-03 9.999942e-01 2.297167e-03 3.320486e+00 1.859544e-02 -2.249915e-03 9.998246e-01 -1.805901e+02
9.999086e-01 -1.869494e-03 1.338890e-02 1.168866e+02 1.898937e-03 9.999958e-01 -2.186624e-03 3.300319e+00 -1.338475e-02 2.211850e-03 9.999080e-01 -1.796676e+02
9.998229e-01 2.375220e-03 -1.867126e-02 1.172077e+02 -2.335116e-03 9.999949e-01 2.169414e-03 3.287736e+00 1.867632e-02 -2.125431e-03 9.998233e-01 -1.785804e+02
9.999334e-01 -2.674961e-03 1.123113e-02 1.162322e+02 2.698738e-03 9.999941e-01 -2.102481e-03 3.355463e+00 -1.122544e-02 2.132651e-03 9.999347e-01 -1.772410e+02
9.998491e-01 2.694501e-03 -1.716133e-02 1.158780e+02 -2.658668e-03 9.999942e-01 2.110501e-03 3.379493e+00 1.716692e-02 -2.064557e-03 9.998505e-01 -1.760975e+02
9.999265e-01 -2.488943e-03 1.186174e-02 1.158356e+02 2.515723e-03 9.999943e-01 -2.243274e-03 3.374939e+00 -1.185609e-02 2.272951e-03 9.999271e-01 -1.749973e+02
9.997413e-01 1.989898e-03 -2.265721e-02 1.141144e+02 -1.922503e-03 9.999937e-01 2.995943e-03 3.493223e+00 2.266303e-02 -2.951610e-03 9.997388e-01 -1.736081e+02
9.999032e-01 -2.181064e-03 1.373861e-02 1.129697e+02 2.214775e-03 9.999946e-01 -2.439037e-03 3.574562e+00 -1.373321e-02 2.469230e-03 9.999026e-01 -1.725010e+02
9.998281e-01 2.713585e-03 -1.833875e-02 1.134990e+02 -2.664045e-03 9.999927e-01 2.725259e-03 3.553306e+00 1.834601e-02 -2.675936e-03 9.998281e-01 -1.720001e+02
9.999142e-01 -2.629647e-03 1.283381e-02 1.132448e+02 2.661676e-03 9.999934e-01 -2.479237e-03 3.564594e+00 -1.282721e-02 2.513184e-03 9.999146e-01 -1.711987e+02
9.998171e-01 2.551499e-03 -1.895493e-02 1.127256e+02 -2.503846e-03 9.999936e-01 2.537299e-03 3.598573e+00 1.896129e-02 -2.489375e-03 9.998171e-01 -1.700286e+02
9.998953e-01 -1.823761e-03 1.435520e-02 1.136165e+02 1.858619e-03 9.999954e-01 -2.415279e-03 3.571855e+00 -1.435073e-02 2.441708e-03 9.998940e-01 -1.694442e+02
9.997995e-01 3.005121e-03 -1.979619e-02 1.152256e+02 -2.946461e-03 9.999912e-01 2.991711e-03 3.531488e+00 1.980501e-02 -2.932783e-03 9.997996e-01 -1.690036e+02
9.999021e-01 -2.768419e-03 1.371238e-02 1.150977e+02 2.810809e-03 9.999913e-01 -3.073066e-03 3.537673e+00 -1.370375e-02 3.111308e-03 9.999013e-01 -1.677446e+02
9.997835e-01 2.722261e-03 -2.062813e-02 1.144829e+02 -2.652076e-03 9.999906e-01 3.428976e-03 3.583803e+00 2.063727e-02 -3.373527e-03 9.997813e-01 -1.667264e+02
9.998825e-01 -2.522141e-03 1.512303e-02 1.143711e+02 2.572814e-03 9.999911e-01 -3.332219e-03 3.593828e+00 -1.511449e-02 3.370737e-03 9.998801e-01 -1.656548e+02
9.997881e-01 2.862368e-03 -2.038296e-02 1.144804e+02 -2.796168e-03 9.999907e-01 3.275588e-03 3.587297e+00 2.039215e-02 -3.217901e-03 9.997869e-01 -1.645219e+02
9.998906e-01 -2.654100e-03 1.455324e-02 1.142858e+02 2.700589e-03 9.999913e-01 -3.175664e-03 3.599927e+00 -1.454469e-02 3.214620e-03 9.998891e-01 -1.632941e+02
9.997663e-01 2.426725e-03 -2.148198e-02 1.135051e+02 -2.359988e-03 9.999923e-01 3.131455e-03 3.652832e+00 2.148942e-02 -3.080027e-03 9.997643e-01 -1.616806e+02
9.999277e-01 -2.940211e-03 1.166150e-02 1.118380e+02 2.974573e-03 9.999913e-01 -2.930425e-03 3.776846e+00 -1.165278e-02 2.964902e-03 9.999277e-01 -1.598025e+02
9.997960e-01 2.787247e-03 -2.000532e-02 1.109182e+02 -2.724308e-03 9.999913e-01 3.172698e-03 3.848069e+00 2.001398e-02 -3.117550e-03 9.997948e-01 -1.583273e+02
9.999067e-01 -6.667790e-04 1.364293e-02 1.137667e+02 6.945245e-04 9.999977e-01 -2.029029e-03 3.754964e+00 -1.364155e-02 2.038316e-03 9.999049e-01 -1.568164e+02
9.997333e-01 3.533159e-03 -2.281994e-02 1.175859e+02 -3.476293e-03 9.999908e-01 2.531139e-03 3.628625e+00 2.282868e-02 -2.451136e-03 9.997364e-01 -1.550728e+02
9.999072e-01 -3.991755e-03 1.302659e-02 1.163016e+02 4.022342e-03 9.999892e-01 -2.322625e-03 3.714158e+00 -1.301718e-02 2.374808e-03 9.999125e-01 -1.531975e+02
9.997023e-01 4.611526e-03 -2.396118e-02 1.152194e+02 -4.523820e-03 9.999829e-01 3.713279e-03 3.769454e+00 2.397790e-02 -3.603778e-03 9.997060e-01 -1.529100e+02
9.997438e-01 -4.539333e-03 2.217548e-02 1.159342e+02 4.616144e-03 9.999835e-01 -3.413831e-03 3.777995e+00 -2.215962e-02 3.515323e-03 9.997483e-01 -1.537471e+02
9.995765e-01 6.061743e-03 -2.846089e-02 1.181391e+02 -5.927576e-03 9.999709e-01 4.796096e-03 3.733597e+00 2.848913e-02 -4.625361e-03 9.995834e-01 -1.536055e+02
9.997669e-01 -3.828453e-03 2.125002e-02 1.214455e+02 3.905982e-03 9.999859e-01 -3.608120e-03 3.669563e+00 -2.123591e-02 3.690281e-03 9.997677e-01 -1.532476e+02
9.995802e-01 6.076337e-03 -2.832983e-02 1.243091e+02 -5.950833e-03 9.999721e-01 4.512304e-03 3.580731e+00 2.835646e-02 -4.341824e-03 9.995884e-01 -1.519050e+02
9.997979e-01 -2.959850e-03 1.988388e-02 1.283727e+02 3.031200e-03 9.999891e-01 -3.559160e-03 3.452259e+00 -1.987313e-02 3.618713e-03 9.997960e-01 -1.496156e+02
9.995832e-01 5.526366e-03 -2.833591e-02 1.314770e+02 -5.428082e-03 9.999790e-01 3.544296e-03 3.381615e+00 2.835490e-02 -3.389009e-03 9.995922e-01 -1.484736e+02
9.997279e-01 -4.768718e-03 2.283600e-02 1.318225e+02 4.843367e-03 9.999831e-01 -3.214739e-03 3.387139e+00 -2.282029e-02 3.324468e-03 9.997341e-01 -1.479165e+02
9.994836e-01 4.546056e-03 -3.180837e-02 1.311213e+02 -4.438786e-03 9.999842e-01 3.442203e-03 3.486889e+00 3.182352e-02 -3.299236e-03 9.994881e-01 -1.465437e+02
9.998886e-01 -5.389392e-03 1.391848e-02 1.277539e+02 5.422220e-03 9.999826e-01 -2.321902e-03 3.726337e+00 -1.390573e-02 2.397113e-03 9.999004e-01 -1.439602e+02
9.996330e-01 4.752569e-03 -2.666879e-02 1.255231e+02 -4.668319e-03 9.999839e-01 3.220534e-03 3.883274e+00 2.668367e-02 -3.094855e-03 9.996391e-01 -1.420955e+02
9.998850e-01 -5.096615e-03 1.428630e-02 1.235723e+02 5.127479e-03 9.999846e-01 -2.124595e-03 4.004847e+00 -1.427526e-02 2.197604e-03 9.998957e-01 -1.409348e+02
9.996728e-01 4.456728e-03 -2.518811e-02 1.217453e+02 -4.383717e-03 9.999860e-01 2.953119e-03 4.134284e+00 2.520092e-02 -2.841736e-03 9.996784e-01 -1.393227e+02
9.999303e-01 -5.414538e-03 1.049146e-02 1.189242e+02 5.436768e-03 9.999830e-01 -2.091507e-03 4.341610e+00 -1.047995e-02 2.148402e-03 9.999428e-01 -1.366967e+02
9.995766e-01 3.832196e-03 -2.884472e-02 1.149490e+02 -3.741142e-03 9.999878e-01 3.209992e-03 4.630856e+00 2.885667e-02 -3.100721e-03 9.995788e-01 -1.333068e+02
9.999226e-01 -4.640701e-03 1.154348e-02 1.118210e+02 4.666422e-03 9.999867e-01 -2.202256e-03 4.857580e+00 -1.153311e-02 2.255953e-03 9.999309e-01 -1.308776e+02
9.997297e-01 3.951671e-03 -2.291041e-02 1.102093e+02 -3.888281e-03 9.999885e-01 2.810752e-03 4.999358e+00 2.292126e-02 -2.720911e-03 9.997336e-01 -1.291577e+02
9.999505e-01 -5.006374e-03 8.599698e-03 1.079589e+02 5.025804e-03 9.999849e-01 -2.239234e-03 5.198498e+00 -8.588357e-03 2.282344e-03 9.999605e-01 -1.268244e+02
9.997137e-01 3.858840e-03 -2.361285e-02 1.049765e+02 -3.783375e-03 9.999876e-01 3.239780e-03 5.418831e+00 2.362506e-02 -3.149517e-03 9.997159e-01 -1.241189e+02
9.999762e-01 -4.903708e-03 4.861456e-03 1.012830e+02 4.913102e-03 9.999861e-01 -1.922337e-03 5.679211e+00 -4.851962e-03 1.946176e-03 9.999863e-01 -1.214268e+02
9.997855e-01 4.243554e-03 -2.027393e-02 9.857631e+01 -4.180347e-03 9.999863e-01 3.159044e-03 5.864571e+00 2.028706e-02 -3.073615e-03 9.997895e-01 -1.195986e+02
9.999266e-01 -4.483311e-03 1.125501e-02 9.739352e+01 4.511961e-03 9.999866e-01 -2.521446e-03 5.945637e+00 -1.124356e-02 2.572044e-03 9.999335e-01 -1.185439e+02
9.997927e-01 4.346149e-03 -1.988933e-02 9.638935e+01 -4.282221e-03 9.999855e-01 3.255621e-03 6.011127e+00 1.990319e-02 -3.169776e-03 9.997969e-01 -1.177522e+02
9.999123e-01 -4.668763e-03 1.239658e-02 9.573747e+01 4.704485e-03 9.999849e-01 -2.853976e-03 6.079184e+00 -1.238307e-02 2.912045e-03 9.999191e-01 -1.167863e+02
9.997536e-01 4.270340e-03 -2.178134e-02 9.445935e+01 -4.195399e-03 9.999851e-01 3.485165e-03 6.174765e+00 2.179590e-02 -3.392925e-03 9.997567e-01 -1.154919e+02
9.998986e-01 -4.407127e-03 1.354439e-02 9.346506e+01 4.446763e-03 9.999859e-01 -2.897647e-03 6.241380e+00 -1.353143e-02 2.957582e-03 9.999041e-01 -1.146098e+02
9.997654e-01 4.252635e-03 -2.123821e-02 9.255923e+01 -4.178004e-03 9.999849e-01 3.557186e-03 6.302484e+00 2.125302e-02 -3.467619e-03 9.997681e-01 -1.136932e+02
9.999173e-01 -4.174407e-03 1.216501e-02 9.151956e+01 4.206752e-03 9.999877e-01 -2.634469e-03 6.362126e+00 -1.215386e-02 2.685427e-03 9.999225e-01 -1.129456e+02
9.997159e-01 4.619386e-03 -2.338529e-02 9.027607e+01 -4.522489e-03 9.999810e-01 4.194683e-03 6.421128e+00 2.340422e-02 -4.087731e-03 9.997177e-01 -1.125255e+02
9.999151e-01 -4.302128e-03 1.229606e-02 8.925801e+01 4.338372e-03 9.999863e-01 -2.922463e-03 6.482706e+00 -1.228332e-02 2.975560e-03 9.999201e-01 -1.116845e+02
9.997968e-01 4.375727e-03 -1.968004e-02 8.878818e+01 -4.312530e-03 9.999854e-01 3.252495e-03 6.520371e+00 1.969399e-02 -3.166964e-03 9.998010e-01 -1.105476e+02
9.998962e-01 -4.495618e-03 1.368519e-02 8.853661e+01 4.538809e-03 9.999848e-01 -3.126585e-03 6.554594e+00 -1.367093e-02 3.188375e-03 9.999015e-01 -1.095116e+02
9.998145e-01 4.902042e-03 -1.862706e-02 8.929270e+01 -4.840128e-03 9.999826e-01 3.367523e-03 6.552966e+00 1.864325e-02 -3.276741e-03 9.998208e-01 -1.090856e+02
9.998827e-01 -4.465844e-03 1.464898e-02 9.009207e+01 4.512328e-03 9.999849e-01 -3.141665e-03 6.543473e+00 -1.463473e-02 3.207398e-03 9.998878e-01 -1.091705e+02
9.998235e-01 4.746167e-03 -1.817912e-02 9.056530e+01 -4.683091e-03 9.999829e-01 3.510668e-03 6.530899e+00 1.819547e-02 -3.424915e-03 9.998286e-01 -1.092536e+02
9.998927e-01 -4.411416e-03 1.396864e-02 9.085781e+01 4.454065e-03 9.999855e-01 -3.023519e-03 6.516026e+00 -1.395510e-02 3.085412e-03 9.998979e-01 -1.090667e+02
9.998230e-01 4.687245e-03 -1.822199e-02 9.110463e+01 -4.625004e-03 9.999833e-01 3.456357e-03 6.501239e+00 1.823789e-02 -3.371469e-03 9.998280e-01 -1.087436e+02
9.998943e-01 -4.275065e-03 1.389479e-02 9.157082e+01 4.317523e-03 9.999861e-01 -3.027045e-03 6.479427e+00 -1.388166e-02 3.086717e-03 9.998989e-01 -1.083754e+02
9.996951e-01 3.741387e-03 -2.440737e-02 8.986771e+01 -3.648009e-03 9.999859e-01 3.869232e-03 6.600731e+00 2.442150e-02 -3.779015e-03 9.996946e-01 -1.068698e+02
9.998793e-01 -3.962329e-03 1.502402e-02 8.854706e+01 4.015302e-03 9.999858e-01 -3.497304e-03 6.697649e+00 -1.500995e-02 3.557208e-03 9.998810e-01 -1.053735e+02
9.997745e-01 4.501448e-03 -2.075195e-02 8.924479e+01 -4.426044e-03 9.999834e-01 3.678129e-03 6.706406e+00 2.076816e-02 -3.585451e-03 9.997779e-01 -1.050524e+02
9.998795e-01 -4.153559e-03 1.495656e-02 8.964651e+01 4.203695e-03 9.999856e-01 -3.322218e-03 6.727414e+00 -1.494255e-02 3.384691e-03 9.998826e-01 -1.048804e+02
9.997992e-01 4.629832e-03 -1.949778e-02 9.018084e+01 -4.556017e-03 9.999823e-01 3.828563e-03 6.712317e+00 1.951516e-02 -3.738963e-03 9.998026e-01 -1.047489e+02
9.998857e-01 -3.868065e-03 1.461913e-02 9.112731e+01 3.916656e-03 9.999869e-01 -3.296592e-03 6.687714e+00 -1.460619e-02 3.353474e-03 9.998877e-01 -1.045568e+02
9.998158e-01 4.043185e-03 -1.876452e-02 9.134997e+01 -3.977753e-03 9.999859e-01 3.523036e-03 6.669239e+00 1.877850e-02 -3.447747e-03 9.998177e-01 -1.040247e+02
9.998950e-01 -3.668230e-03 1.401812e-02 9.153614e+01 3.716191e-03 9.999873e-01 -3.396837e-03 6.660751e+00 -1.400548e-02 3.448575e-03 9.998960e-01 -1.032639e+02
9.998059e-01 4.072365e-03 -1.927454e-02 9.164281e+01 -4.001791e-03 9.999852e-01 3.698668e-03 6.659532e+00 1.928932e-02 -3.620818e-03 9.998074e-01 -1.025069e+02
9.999007e-01 -3.864795e-03 1.354846e-02 9.142693e+01 3.911853e-03 9.999864e-01 -3.448514e-03 6.681891e+00 -1.353495e-02 3.501171e-03 9.999023e-01 -1.016849e+02
9.998007e-01 4.084124e-03 -1.953955e-02 9.119057e+01 -4.010730e-03 9.999848e-01 3.793945e-03 6.708777e+00 1.955475e-02 -3.714821e-03 9.998019e-01 -1.008820e+02
9.998992e-01 -3.968212e-03 1.363442e-02 9.083448e+01 4.016619e-03 9.999857e-01 -3.524788e-03 6.738285e+00 -1.362024e-02 3.579197e-03 9.999008e-01 -1.000668e+02
9.997928e-01 3.990927e-03 -1.996300e-02 9.031409e+01 -3.913451e-03 9.999847e-01 3.918568e-03 6.772471e+00 1.997833e-02 -3.839632e-03 9.997930e-01 -9.928105e+01
9.999005e-01 -3.800986e-03 1.358162e-02 8.987574e+01 3.846510e-03 9.999871e-01 -3.327280e-03 6.800932e+00 -1.356879e-02 3.379192e-03 9.999022e-01 -9.882968e+01
9.998617e-01 4.176086e-03 -1.609887e-02 9.127453e+01 -4.118634e-03 9.999850e-01 3.600229e-03 6.826207e+00 1.611367e-02 -3.533427e-03 9.998639e-01 -1.000612e+02
9.998919e-01 -3.855304e-03 1.418752e-02 9.267054e+01 3.907754e-03 9.999856e-01 -3.671034e-03 6.850431e+00 -1.417316e-02 3.726079e-03 9.998926e-01 -1.012414e+02
9.998225e-01 4.288468e-03 -1.834510e-02 9.320996e+01 -4.214431e-03 9.999828e-01 4.072592e-03 6.845887e+00 1.836225e-02 -3.994555e-03 9.998234e-01 -1.013368e+02
9.999072e-01 -3.966806e-03 1.303559e-02 9.311533e+01 4.014372e-03 9.999854e-01 -3.624800e-03 6.857096e+00 -1.302102e-02 3.676793e-03 9.999085e-01 -1.008218e+02
9.997984e-01 3.877860e-03 -1.969916e-02 9.242262e+01 -3.798496e-03 9.999845e-01 4.064663e-03 6.903780e+00 1.971462e-02 -3.989017e-03 9.997977e-01 -9.995672e+01
9.999193e-01 -3.950353e-03 1.207743e-02 9.154119e+01 3.992948e-03 9.999859e-01 -3.504722e-03 6.963190e+00 -1.206342e-02 3.552664e-03 9.999209e-01 -9.914874e+01
9.997903e-01 3.728636e-03 -2.013632e-02 9.049004e+01 -3.648730e-03 9.999853e-01 4.003574e-03 7.038121e+00 2.015095e-02 -3.929263e-03 9.997892e-01 -9.804775e+01
9.999311e-01 -4.137028e-03 1.098908e-02 8.908760e+01 4.175557e-03 9.999852e-01 -3.485451e-03 7.138610e+00 -1.097450e-02 3.531097e-03 9.999335e-01 -9.671234e+01
9.998330e-01 3.826093e-03 -1.786934e-02 8.819077e+01 -3.762949e-03 9.999866e-01 3.565946e-03 7.200979e+00 1.788274e-02 -3.498109e-03 9.998340e-01 -9.533372e+01
9.999052e-01 -3.473077e-03 1.332032e-02 8.843937e+01 3.520283e-03 9.999876e-01 -3.522060e-03 7.191854e+00 -1.330792e-02 3.568618e-03 9.999051e-01 -9.444110e+01
9.998953e-01 3.543463e-03 -1.402648e-02 9.057082e+01 -3.493399e-03 9.999874e-01 3.592202e-03 7.237697e+00 1.403903e-02 -3.542827e-03 9.998952e-01 -9.643802e+01
9.998590e-01 -3.833076e-03 1.634645e-02 9.320802e+01 3.908833e-03 9.999818e-01 -4.605040e-03 7.328300e+00 -1.632850e-02 4.668287e-03 9.998558e-01 -1.005469e+02
9.998745e-01 3.953257e-03 -1.533937e-02 9.559090e+01 -3.887495e-03 9.999831e-01 4.314639e-03 7.396611e+00 1.535617e-02 -4.254466e-03 9.998730e-01 -1.036518e+02
