9.999911e-01 3.149008e-04 -4.215621e-03 1.476794e-01 -3.139064e-04 9.999999e-01 2.365634e-04 -2.258898e-02 4.215695e-03 -2.352387e-04 9.999911e-01 5.067092e-01
1.000000e+00 -2.989467e-06 -4.755602e-05 2.651589e-01 2.987903e-06 1.000000e+00 -3.345449e-05 -4.451750e-02 4.755646e-05 3.345506e-05 1.000000e+00 1.038313e+00
9.999911e-01 3.317678e-04 -4.209837e-03 3.804597e-01 -3.309208e-04 9.999999e-01 2.019012e-04 -6.658883e-02 4.209903e-03 -2.005069e-04 9.999911e-01 1.642375e+00
1.000000e+00 -4.594172e-06 1.086541e-04 5.070650e-01 4.595032e-06 1.000000e+00 -7.633071e-06 -9.009051e-02 -1.086537e-04 7.634282e-06 1.000000e+00 2.182953e+00
9.999924e-01 3.097046e-04 -3.885359e-03 6.451815e-01 -3.087557e-04 9.999999e-01 2.448388e-04 -1.084756e-01 3.885434e-03 -2.436380e-04 9.999924e-01 2.392938e+00
1.000000e+00 -4.745389e-05 1.739833e-05 7.475579e-01 4.745490e-05 1.000000e+00 -5.582368e-05 -1.250314e-01 -1.739534e-05 5.582522e-05 1.000000e+00 2.548964e+00
9.999891e-01 4.135192e-04 -4.647460e-03 7.414710e-01 -4.117586e-04 9.999998e-01 3.797770e-04 -1.402447e-01 4.647616e-03 -3.778600e-04 9.999891e-01 2.882705e+00
9.999998e-01 -1.005458e-04 6.028965e-04 7.469489e-01 1.006783e-04 1.000000e+00 -2.196347e-04 -1.566488e-01 -6.028740e-04 2.196961e-04 9.999998e-01 3.377238e+00
9.999883e-01 4.590751e-04 -4.809220e-03 6.707741e-01 -4.577835e-04 9.999999e-01 2.696792e-04 -1.678210e-01 4.809343e-03 -2.674751e-04 9.999884e-01 4.072675e+00
9.999999e-01 -1.283714e-04 3.854477e-04 6.220924e-01 1.283985e-04 1.000000e+00 -7.023206e-05 -1.794573e-01 -3.854383e-04 7.028225e-05 9.999999e-01 4.578500e+00
9.999902e-01 4.657018e-04 -4.397341e-03 6.774615e-01 -4.647162e-04 9.999999e-01 2.251604e-04 -1.948537e-01 4.397445e-03 -2.231154e-04 9.999903e-01 5.115139e+00
1.000000e+00 -9.793697e-05 2.745727e-04 7.548623e-01 9.796517e-05 1.000000e+00 -1.025336e-04 -2.080495e-01 -2.745623e-04 1.025612e-04 1.000000e+00 5.587278e+00
9.999858e-01 5.599610e-04 -5.298726e-03 5.551385e-01 -5.586422e-04 9.999998e-01 2.503696e-04 -2.120187e-01 5.298864e-03 -2.474067e-04 9.999859e-01 6.081416e+00
1.000000e+00 -9.129988e-05 -6.472081e-05 3.079285e-01 9.130022e-05 1.000000e+00 4.507212e-06 -2.163490e-01 6.472073e-05 -4.512408e-06 1.000000e+00 6.358904e+00
9.999854e-01 4.892598e-04 -5.386266e-03 5.841950e-02 -4.878690e-04 9.999998e-01 2.595365e-04 -2.169818e-01 5.386391e-03 -2.569056e-04 9.999855e-01 6.690932e+00
9.999995e-01 -1.492591e-04 9.910086e-04 2.724583e-01 1.492372e-04 1.000000e+00 2.218662e-05 -2.356526e-01 -9.910116e-04 -2.203800e-05 9.999995e-01 7.076931e+00
9.999786e-01 7.076269e-04 -6.500256e-03 -9.700223e-02 -7.061953e-04 9.999997e-01 2.225459e-04 -2.295555e-01 6.500412e-03 -2.179514e-04 9.999788e-01 6.957568e+00
9.999986e-01 -2.549210e-04 1.681073e-03 -2.085613e-01 2.550808e-04 1.000000e+00 -9.483874e-05 -2.284397e-01 -1.681048e-03 9.526813e-05 9.999986e-01 6.537126e+00
9.999815e-01 6.144481e-04 -6.058209e-03 -2.147043e-01 -6.133008e-04 9.999998e-01 1.912429e-04 -2.281727e-01 6.058325e-03 -1.875246e-04 9.999816e-01 6.172342e+00
9.999991e-01 -2.063202e-04 1.361817e-03 -2.653750e-01 2.064812e-04 1.000000e+00 -1.180946e-04 -2.307511e-01 -1.361792e-03 1.183764e-04 9.999991e-01 6.306405e+00
9.999868e-01 5.042778e-04 -5.108251e-03 -1.357692e-02 -5.031992e-04 9.999999e-01 2.124383e-04 -2.375215e-01 5.108357e-03 -2.098658e-04 9.999869e-01 6.057186e+00
9.999992e-01 -1.543093e-04 1.273104e-03 2.139838e-01 1.545102e-04 1.000000e+00 -1.576374e-04 -2.403439e-01 -1.273079e-03 1.578347e-04 9.999992e-01 5.547284e+00
9.999887e-01 4.420199e-04 -4.723129e-03 4.942115e-01 -4.409975e-04 9.999999e-01 2.175275e-04 -2.450656e-01 4.723225e-03 -2.154429e-04 9.999888e-01 5.007362e+00
9.999977e-01 -2.285575e-04 2.118497e-03 1.069767e+00 2.291435e-04 9.999999e-01 -2.763599e-04 -2.504674e-01 -2.118433e-03 2.768454e-04 9.999977e-01 4.481420e+00
9.999854e-01 4.666037e-04 -5.379078e-03 1.526982e+00 -4.647204e-04 9.999998e-01 3.513690e-04 -2.657952e-01 5.379241e-03 -3.488648e-04 9.999855e-01 4.569361e+00
9.999993e-01 -1.163217e-04 1.190358e-03 1.767403e+00 1.164683e-04 1.000000e+00 -1.230253e-04 -2.786796e-01 -1.190344e-03 1.231645e-04 9.999993e-01 4.768885e+00
9.999899e-01 3.834312e-04 -4.477203e-03 2.179571e+00 -3.825643e-04 9.999999e-01 1.944992e-04 -2.879000e-01 4.477277e-03 -1.927851e-04 9.999900e-01 4.398079e+00
9.999975e-01 -1.018055e-04 2.230773e-03 2.633695e+00 1.028702e-04 9.999999e-01 -4.771371e-04 -2.807392e-01 -2.230724e-03 4.773661e-04 9.999974e-01 3.370694e+00
9.999837e-01 5.173621e-04 -5.683538e-03 2.613656e+00 -5.161339e-04 9.999998e-01 2.175680e-04 -2.722624e-01 5.683649e-03 -2.146317e-04 9.999838e-01 2.334135e+00
9.999998e-01 1.427909e-04 -5.560913e-04 1.948191e+00 -1.428562e-04 1.000000e+00 -1.173960e-04 -2.491967e-01 5.560749e-04 1.174762e-04 9.999998e-01 2.175397e+00
9.999895e-01 3.589267e-04 -4.559414e-03 1.632925e+00 -3.579635e-04 9.999999e-01 2.120904e-04 -2.365589e-01 4.559490e-03 -2.104568e-04 9.999896e-01 1.934272e+00
9.999999e-01 1.977505e-05 4.782701e-04 1.710074e+00 -1.973281e-05 1.000000e+00 -8.815634e-05 -2.368804e-01 -4.782715e-04 8.814760e-05 9.999999e-01 2.018749e+00
9.999958e-01 2.121268e-04 -2.904187e-03 2.064137e+00 -2.122270e-04 1.000000e+00 -3.416444e-05 -2.349801e-01 2.904179e-03 3.477993e-05 9.999958e-01 1.282485e+00
9.999999e-01 1.064586e-04 5.263564e-04 2.332830e+00 -1.063470e-04 1.000000e+00 -2.118771e-04 -2.299698e-01 -5.263786e-04 2.118218e-04 9.999998e-01 3.058535e-01
9.999947e-01 2.462200e-04 -3.256751e-03 2.434298e+00 -2.463846e-04 1.000000e+00 -5.011284e-05 -2.264190e-01 3.256738e-03 5.091428e-05 9.999947e-01 -7.627283e-01
1.000000e+00 1.802509e-04 -1.607097e-04 2.399994e+00 -1.802812e-04 1.000000e+00 -1.892124e-04 -2.244595e-01 1.606759e-04 1.892421e-04 1.000000e+00 -1.787853e+00
9.999891e-01 2.389283e-04 -4.671320e-03 2.164015e+00 -2.373487e-04 9.999999e-01 3.387275e-04 -2.204574e-01 4.671400e-03 -3.376157e-04 9.999890e-01 -2.296579e+00
9.999999e-01 1.098597e-04 5.031648e-04 2.087554e+00 -1.097893e-04 1.000000e+00 -1.398056e-04 -2.299274e-01 -5.031798e-04 1.397510e-04 9.999999e-01 -1.957375e+00
9.999896e-01 1.936924e-04 -4.549563e-03 2.170059e+00 -1.918581e-04 9.999999e-01 4.036299e-04 -2.467368e-01 4.549641e-03 -4.027535e-04 9.999896e-01 -1.482149e+00
9.999999e-01 1.085555e-04 5.312605e-04 2.309635e+00 -1.085137e-04 1.000000e+00 -7.852451e-05 -2.609548e-01 -5.312687e-04 7.846756e-05 9.999999e-01 -1.206500e+00
9.999883e-01 1.881161e-04 -4.831155e-03 2.325533e+00 -1.859969e-04 9.999999e-01 4.391110e-04 -2.705970e-01 4.831236e-03 -4.382080e-04 9.999882e-01 -9.654183e-01
1.000000e+00 2.038798e-04 -8.636386e-05 2.093504e+00 -2.038906e-04 1.000000e+00 -1.261957e-04 -2.691997e-01 8.633846e-05 1.262140e-04 1.000000e+00 -9.957841e-01
9.999872e-01 2.030162e-04 -5.057367e-03 1.866528e+00 -2.007245e-04 9.999999e-01 4.536593e-04 -2.672932e-01 5.057458e-03 -4.526391e-04 9.999871e-01 -1.270774e+00
1.000000e+00 2.130301e-04 -2.237417e-05 1.623176e+00 -2.130345e-04 1.000000e+00 -1.982133e-04 -2.648702e-01 2.233227e-05 1.982188e-04 1.000000e+00 -1.683161e+00
9.999874e-01 2.239612e-04 -5.012826e-03 1.368936e+00 -2.215793e-04 9.999999e-01 4.757355e-04 -2.635383e-01 5.012932e-03 -4.746195e-04 9.999873e-01 -2.097491e+00
9.999991e-01 3.754920e-04 -1.270506e-03 8.318509e-01 -3.757073e-04 9.999999e-01 -1.693115e-04 -2.496605e-01 1.270443e-03 1.697894e-04 9.999992e-01 -2.184503e+00
9.999925e-01 8.698287e-05 -3.874523e-03 5.247674e-01 -8.546530e-05 9.999999e-01 3.918672e-04 -2.414881e-01 3.874557e-03 -3.915338e-04 9.999924e-01 -2.483005e+00
9.999986e-01 3.245071e-04 -1.644310e-03 2.811244e-01 -3.246585e-04 9.999999e-01 -9.186523e-05 -2.410085e-01 1.644281e-03 9.239965e-05 9.999986e-01 -2.693778e+00
9.999930e-01 1.000521e-04 -3.739257e-03 -1.118472e-02 -9.865570e-05 9.999999e-01 3.736546e-04 -2.380526e-01 3.739294e-03 -3.732838e-04 9.999929e-01 -2.478802e+00
9.999965e-01 4.952550e-04 -2.598944e-03 -5.847348e-01 -4.955682e-04 9.999999e-01 -1.199138e-04 -2.213343e-01 2.598885e-03 1.212020e-04 9.999966e-01 -2.361031e+00
9.999976e-01 -2.418794e-04 -2.194755e-03 -6.747143e-01 2.427597e-04 9.999999e-01 4.008982e-04 -2.275490e-01 2.194658e-03 -4.014308e-04 9.999975e-01 -2.071738e+00
9.999965e-01 6.022867e-04 -2.588809e-03 -7.831317e-01 -6.027069e-04 9.999998e-01 -1.615409e-04 -2.324286e-01 2.588712e-03 1.631013e-04 9.999966e-01 -1.708739e+00
9.999927e-01 1.505557e-05 -3.825542e-03 -1.257863e+00 -1.309544e-05 9.999999e-01 5.124306e-04 -2.251303e-01 3.825549e-03 -5.123775e-04 9.999926e-01 -2.164009e+00
9.999999e-01 2.788290e-04 3.965955e-04 -1.210658e+00 -2.786372e-04 9.999998e-01 -4.834309e-04 -2.287348e-01 -3.967299e-04 4.833210e-04 9.999998e-01 -2.731239e+00
9.999932e-01 -4.210193e-05 -3.686235e-03 -1.050493e+00 4.417095e-05 9.999998e-01 5.612334e-04 -2.423197e-01 3.686211e-03 -5.613931e-04 9.999930e-01 -2.649898e+00
9.999995e-01 2.619654e-04 -9.139079e-04 -8.336170e-01 -2.621673e-04 9.999999e-01 -2.209401e-04 -2.510561e-01 9.138503e-04 2.211803e-04 9.999996e-01 -2.573968e+00
9.999884e-01 2.108166e-04 -4.801711e-03 -1.090591e+00 -2.080916e-04 9.999998e-01 5.680261e-04 -2.492310e-01 4.801829e-03 -5.670210e-04 9.999883e-01 -2.664827e+00
1.000000e+00 2.667074e-04 1.173313e-04 -1.346518e+00 -2.666496e-04 9.999998e-01 -4.919229e-04 -2.483233e-01 -1.174622e-04 4.918923e-04 9.999999e-01 -2.104162e+00
9.999836e-01 2.108715e-04 -5.722637e-03 -1.671822e+00 -2.061199e-04 9.999996e-01 8.309188e-04 -2.465947e-01 5.722810e-03 -8.297263e-04 9.999833e-01 -2.065928e+00
9.999975e-01 1.119083e-04 2.242201e-03 -1.685036e+00 -1.101151e-04 9.999997e-01 -7.998084e-04 -2.491814e-01 -2.242289e-03 7.995602e-04 9.999972e-01 -2.809729e+00
9.999837e-01 3.003065e-04 -5.696300e-03 -1.756988e+00 -2.968247e-04 9.999998e-01 6.120808e-04 -2.474833e-01 5.696483e-03 -6.103807e-04 9.999836e-01 -3.882662e+00
9.999982e-01 -1.158847e-04 1.872141e-03 -1.585268e+00 1.172577e-04 9.999997e-01 -7.332406e-04 -2.774507e-01 -1.872055e-03 7.334595e-04 9.999980e-01 -3.152437e+00
9.999802e-01 4.638211e-04 -6.273304e-03 -1.318124e+00 -4.578784e-04 9.999994e-01 9.487160e-04 -3.139215e-01 6.273741e-03 -9.458255e-04 9.999799e-01 -2.458525e+00
9.999970e-01 -3.805724e-05 2.466631e-03 -1.415129e+00 4.076046e-05 9.999994e-01 -1.095826e-03 -3.127695e-01 -2.466588e-03 1.095924e-03 9.999964e-01 -3.448708e+00
9.999676e-01 5.807502e-04 -8.028892e-03 -1.778683e+00 -5.706606e-04 9.999990e-01 1.258916e-03 -3.090830e-01 8.029615e-03 -1.254294e-03 9.999670e-01 -4.017248e+00
9.999974e-01 1.430527e-06 2.302101e-03 -2.139735e+00 1.083042e-06 9.999994e-01 -1.091802e-03 -3.052487e-01 -2.302101e-03 1.091802e-03 9.999968e-01 -4.718941e+00
9.999767e-01 5.200568e-04 -6.799470e-03 -2.372797e+00 -5.130676e-04 9.999993e-01 1.029625e-03 -3.016186e-01 6.800001e-03 -1.026113e-03 9.999764e-01 -5.743690e+00
9.999947e-01 -1.437351e-04 3.243615e-03 -2.370148e+00 1.473231e-04 9.999994e-01 -1.105938e-03 -3.021068e-01 -3.243453e-03 1.106411e-03 9.999941e-01 -6.588902e+00
9.999756e-01 4.359135e-04 -6.975530e-03 -2.338437e+00 -4.278423e-04 9.999992e-01 1.158547e-03 -3.040547e-01 6.976030e-03 -1.155535e-03 9.999750e-01 -7.207004e+00
9.999958e-01 -1.700785e-05 2.906355e-03 -2.450423e+00 2.033262e-05 9.999993e-01 -1.143894e-03 -3.006851e-01 -2.906333e-03 1.143949e-03 9.999951e-01 -7.988272e+00
9.999711e-01 4.596979e-04 -7.585106e-03 -2.703683e+00 -4.512850e-04 9.999993e-01 1.110821e-03 -2.921687e-01 7.585611e-03 -1.107366e-03 9.999706e-01 -8.722648e+00
9.999924e-01 1.238569e-05 3.899789e-03 -2.651754e+00 -7.463840e-06 9.999992e-01 -1.262058e-03 -2.860516e-01 -3.899802e-03 1.262020e-03 9.999916e-01 -9.639646e+00
9.999667e-01 5.614435e-04 -8.146283e-03 -2.896727e+00 -5.530924e-04 9.999993e-01 1.027380e-03 -2.787707e-01 8.146854e-03 -1.022841e-03 9.999663e-01 -1.085349e+01
9.999946e-01 2.806729e-05 3.276786e-03 -3.244847e+00 -2.441339e-05 9.999994e-01 -1.115078e-03 -2.686360e-01 -3.276815e-03 1.114993e-03 9.999940e-01 -1.185872e+01
9.999715e-01 4.760647e-04 -7.540561e-03 -3.508109e+00 -4.681230e-04 9.999993e-01 1.054942e-03 -2.674148e-01 7.541058e-03 -1.051383e-03 9.999710e-01 -1.166964e+01
9.999983e-01 2.250709e-04 1.856432e-03 -3.995235e+00 -2.231559e-04 9.999994e-01 -1.031620e-03 -2.566638e-01 -1.856663e-03 1.031205e-03 9.999977e-01 -1.168170e+01
9.999576e-01 6.135533e-04 -9.190376e-03 -4.795044e+00 -6.030586e-04 9.999992e-01 1.144661e-03 -2.349471e-01 9.191070e-03 -1.139070e-03 9.999571e-01 -1.248785e+01
9.999981e-01 2.150951e-04 1.940199e-03 -5.612549e+00 -2.130963e-04 9.999994e-01 -1.030270e-03 -2.108039e-01 -1.940419e-03 1.029855e-03 9.999976e-01 -1.318087e+01
9.999726e-01 4.714968e-04 -7.394093e-03 -6.031830e+00 -4.643684e-04 9.999994e-01 9.657780e-04 -2.000183e-01 7.394544e-03 -9.623186e-04 9.999722e-01 -1.426271e+01
9.999983e-01 1.986533e-04 1.837952e-03 -6.527915e+00 -1.966887e-04 9.999994e-01 -1.068936e-03 -1.857047e-01 -1.838163e-03 1.068573e-03 9.999977e-01 -1.539560e+01
9.999829e-01 2.098207e-04 -5.848866e-03 -6.682849e+00 -2.041687e-04 9.999995e-01 9.669602e-04 -1.781123e-01 5.849066e-03 -9.657502e-04 9.999824e-01 -1.592285e+01
9.999951e-01 -1.625833e-05 3.131087e-03 -6.496616e+00 1.963391e-05 9.999994e-01 -1.078008e-03 -1.887899e-01 -3.131067e-03 1.078065e-03 9.999945e-01 -1.583942e+01
9.999752e-01 3.810939e-04 -7.031588e-03 -6.577325e+00 -3.730321e-04 9.999993e-01 1.147809e-03 -1.986770e-01 7.032020e-03 -1.145159e-03 9.999746e-01 -1.520613e+01
9.999892e-01 -9.918860e-05 4.656595e-03 -6.434894e+00 1.058814e-04 9.999990e-01 -1.437022e-03 -1.999797e-01 -4.656447e-03 1.437500e-03 9.999881e-01 -1.522318e+01
9.999753e-01 6.957018e-04 -6.991358e-03 -6.555834e+00 -6.913452e-04 9.999996e-01 6.255580e-04 -1.659807e-01 6.991790e-03 -6.207098e-04 9.999754e-01 -1.535170e+01
9.999993e-01 8.431720e-05 1.197951e-03 -7.443929e+00 -8.294081e-05 9.999993e-01 -1.148826e-03 -9.592239e-02 -1.198047e-03 1.148726e-03 9.999986e-01 -1.547227e+01
9.999829e-01 4.396049e-04 -5.825177e-03 -7.789753e+00 -4.333962e-04 9.999993e-01 1.067074e-03 -8.169683e-02 5.825642e-03 -1.064532e-03 9.999825e-01 -1.620848e+01
9.999971e-01 -3.632227e-05 2.403265e-03 -7.725154e+00 3.912387e-05 9.999993e-01 -1.165646e-03 -6.915148e-02 -2.403220e-03 1.165737e-03 9.999964e-01 -1.688027e+01
9.999725e-01 6.817327e-04 -7.386551e-03 -8.181058e+00 -6.751791e-04 9.999994e-01 8.897203e-04 -3.520621e-02 7.387153e-03 -8.847093e-04 9.999723e-01 -1.744517e+01
9.999967e-01 6.082714e-05 2.570577e-03 -8.532634e+00 -5.734484e-05 9.999991e-01 -1.354662e-03 9.682456e-03 -2.570657e-03 1.354511e-03 9.999958e-01 -1.769804e+01
9.999816e-01 4.580460e-04 -6.043485e-03 -8.565677e+00 -4.518746e-04 9.999994e-01 1.022513e-03 4.647682e-02 6.043949e-03 -1.019764e-03 9.999812e-01 -1.766175e+01
9.999983e-01 4.307869e-04 1.785084e-03 -9.012130e+00 -4.276863e-04 9.999984e-01 -1.736868e-03 9.401716e-02 -1.785829e-03 1.736102e-03 9.999969e-01 -1.757076e+01
9.999771e-01 2.152377e-04 -6.768997e-03 -9.580644e+00 -2.074231e-04 9.999993e-01 1.155180e-03 1.543185e-01 6.769241e-03 -1.153750e-03 9.999764e-01 -1.768176e+01
9.999829e-01 4.307933e-04 5.828713e-03 -9.379559e+00 -4.177633e-04 9.999974e-01 -2.236476e-03 1.829808e-01 -5.829661e-03 2.234004e-03 9.999805e-01 -1.842351e+01
9.999605e-01 -1.007169e-04 -8.891789e-03 -9.089523e+00 1.209884e-04 9.999974e-01 2.279318e-03 1.819251e-01 8.891536e-03 -2.280305e-03 9.999579e-01 -1.830595e+01
9.999950e-01 1.162777e-03 2.937461e-03 -1.030836e+01 -1.153902e-03 9.999948e-01 -3.021347e-03 2.711677e-01 -2.940959e-03 3.017943e-03 9.999911e-01 -1.710576e+01
9.999695e-01 -6.366818e-04 -7.787572e-03 -1.017446e+01 6.610637e-04 9.999949e-01 3.128722e-03 2.795409e-01 7.785540e-03 -3.133775e-03 9.999648e-01 -1.660061e+01
9.999936e-01 1.376866e-03 3.300058e-03 -1.008068e+01 -1.366662e-03 9.999943e-01 -3.092081e-03 2.971236e-01 -3.304297e-03 3.087552e-03 9.999898e-01 -1.619041e+01
9.999752e-01 -9.445737e-04 -6.982339e-03 -1.005863e+01 9.634879e-04 9.999959e-01 2.706011e-03 3.389692e-01 6.979754e-03 -2.712672e-03 9.999720e-01 -1.633958e+01
9.999932e-01 1.591914e-03 3.328068e-03 -1.014115e+01 -1.581260e-03 9.999936e-01 -3.201299e-03 3.671807e-01 -3.333143e-03 3.196016e-03 9.999893e-01 -1.695710e+01
9.999690e-01 -1.130809e-03 -7.794187e-03 -1.017019e+01 1.155580e-03 9.999943e-01 3.174333e-03 3.774798e-01 7.790553e-03 -3.183242e-03 9.999646e-01 -1.755291e+01
9.999967e-01 1.905122e-03 1.696232e-03 -1.088166e+01 -1.899663e-03 9.999930e-01 -3.213637e-03 4.087320e-01 -1.702342e-03 3.210405e-03 9.999934e-01 -1.737015e+01
9.999827e-01 -1.472437e-03 -5.697226e-03 -1.091122e+01 1.490839e-03 9.999937e-01 3.227271e-03 4.081007e-01 5.692438e-03 -3.235709e-03 9.999786e-01 -1.801071e+01
9.999962e-01 2.025936e-03 1.881914e-03 -1.106662e+01 -2.019304e-03 9.999918e-01 -3.519062e-03 4.125499e-01 -1.889028e-03 3.515249e-03 9.999920e-01 -1.925364e+01
9.999863e-01 -1.629335e-03 -4.965921e-03 -1.102522e+01 1.645393e-03 9.999934e-01 3.231348e-03 4.153228e-01 4.960623e-03 -3.239475e-03 9.999824e-01 -2.029987e+01
9.999959e-01 1.946063e-03 2.096371e-03 -1.087421e+01 -1.938854e-03 9.999922e-01 -3.435357e-03 4.168852e-01 -2.103040e-03 3.431279e-03 9.999919e-01 -2.118274e+01
9.999778e-01 -1.608023e-03 -6.471715e-03 -1.070336e+01 1.632330e-03 9.999916e-01 3.752383e-03 4.074534e-01 6.465627e-03 -3.762865e-03 9.999720e-01 -2.101673e+01
9.999962e-01 2.052590e-03 1.826509e-03 -1.041379e+01 -2.046378e-03 9.999921e-01 -3.396134e-03 3.969486e-01 -1.833465e-03 3.392384e-03 9.999926e-01 -2.071226e+01
9.999779e-01 -1.708626e-03 -6.420053e-03 -1.044386e+01 1.731919e-03 9.999919e-01 3.624395e-03 4.014117e-01 6.413808e-03 -3.635435e-03 9.999728e-01 -2.101065e+01
9.999967e-01 2.537236e-03 -2.604104e-04 -1.120605e+01 -2.538156e-03 9.999903e-01 -3.598315e-03 4.265799e-01 2.512783e-04 3.598965e-03 9.999935e-01 -2.186580e+01
9.999861e-01 -2.047604e-03 -4.863286e-03 -1.156257e+01 2.065133e-03 9.999914e-01 3.601966e-03 4.397773e-01 4.855869e-03 -3.611960e-03 9.999817e-01 -2.232661e+01
9.999955e-01 2.222900e-03 2.028526e-03 -1.127537e+01 -2.215646e-03 9.999912e-01 -3.571234e-03 4.353111e-01 -2.036447e-03 3.566724e-03 9.999916e-01 -2.223529e+01
9.999763e-01 -1.583809e-03 -6.693035e-03 -1.175204e+01 1.607371e-03 9.999925e-01 3.516374e-03 4.627844e-01 6.687415e-03 -3.527050e-03 9.999714e-01 -2.167302e+01
9.999948e-01 2.538326e-03 1.997369e-03 -1.129674e+01 -2.530979e-03 9.999901e-01 -3.672090e-03 4.877527e-01 -2.006670e-03 3.667016e-03 9.999913e-01 -2.144036e+01
9.999853e-01 -1.834508e-03 -5.093192e-03 -9.745837e+00 1.849872e-03 9.999937e-01 3.013550e-03 5.094174e-01 5.087631e-03 -3.022928e-03 9.999825e-01 -2.186223e+01
9.999917e-01 2.864621e-03 2.911501e-03 -8.278486e+00 -2.852391e-03 9.999871e-01 -4.196291e-03 5.571562e-01 -2.923484e-03 4.187952e-03 9.999870e-01 -2.199706e+01
9.999896e-01 -1.603766e-03 -4.264777e-03 -6.619587e+00 1.614177e-03 9.999957e-01 2.438770e-03 6.461837e-01 4.260847e-03 -2.445630e-03 9.999879e-01 -2.205583e+01
9.999971e-01 2.187344e-03 1.042312e-03 -5.198291e+00 -2.184471e-03 9.999938e-01 -2.749472e-03 6.419053e-01 -1.048320e-03 2.747188e-03 9.999957e-01 -2.217923e+01
9.999868e-01 -1.521279e-03 -4.909643e-03 -4.056583e+00 1.533935e-03 9.999955e-01 2.575083e-03 6.414720e-01 4.905703e-03 -2.582580e-03 9.999846e-01 -2.234425e+01
9.999943e-01 2.037762e-03 2.685213e-03 -2.737724e+00 -2.029145e-03 9.999928e-01 -3.207941e-03 6.426395e-01 -2.691730e-03 3.202474e-03 9.999912e-01 -2.274705e+01
9.999766e-01 -1.626494e-03 -6.637511e-03 -2.629560e+00 1.647444e-03 9.999937e-01 3.151958e-03 6.456514e-01 6.632342e-03 -3.162820e-03 9.999730e-01 -2.334885e+01
9.999936e-01 2.347570e-03 2.706071e-03 -2.358645e+00 -2.338150e-03 9.999912e-01 -3.478920e-03 6.843650e-01 -2.714214e-03 3.472571e-03 9.999903e-01 -2.318705e+01
9.999772e-01 -2.082290e-03 -6.421404e-03 -1.810565e+00 2.106345e-03 9.999908e-01 3.741687e-03 6.703178e-01 6.413553e-03 -3.755128e-03 9.999724e-01 -2.318956e+01
9.999901e-01 2.386449e-03 3.745088e-03 -1.518267e+00 -2.371977e-03 9.999897e-01 -3.863861e-03 6.712428e-01 -3.754270e-03 3.854940e-03 9.999855e-01 -2.396025e+01
9.999747e-01 -1.874196e-03 -6.866504e-03 -1.252384e+00 1.897190e-03 9.999926e-01 3.343754e-03 6.875953e-01 6.860186e-03 -3.356697e-03 9.999708e-01 -2.489903e+01
9.999932e-01 2.341071e-03 2.850808e-03 -1.072329e+00 -2.331257e-03 9.999914e-01 -3.440868e-03 6.939319e-01 -2.858839e-03 3.434199e-03 9.999900e-01 -2.548631e+01
9.999773e-01 -2.067695e-03 -6.406838e-03 -3.935538e-01 2.090543e-03 9.999915e-01 3.561555e-03 6.723521e-01 6.399419e-03 -3.574869e-03 9.999731e-01 -2.532637e+01
9.999934e-01 2.444271e-03 2.681455e-03 2.074129e-01 -2.434876e-03 9.999909e-01 -3.501213e-03 6.544193e-01 -2.689989e-03 3.494661e-03 9.999903e-01 -2.504071e+01
9.999734e-01 -1.924895e-03 -7.038504e-03 1.027810e+00 1.950754e-03 9.999914e-01 3.668955e-03 6.399313e-01 7.031381e-03 -3.682588e-03 9.999685e-01 -2.499178e+01
9.999889e-01 2.979942e-03 3.644687e-03 1.393809e+00 -2.963008e-03 9.999848e-01 -4.642712e-03 6.857492e-01 -3.658466e-03 4.631862e-03 9.999826e-01 -2.468673e+01
9.999726e-01 -2.232069e-03 -7.057223e-03 1.935886e+00 2.263615e-03 9.999875e-01 4.465243e-03 6.993860e-01 7.047167e-03 -4.481096e-03 9.999651e-01 -2.456464e+01
9.999930e-01 3.007918e-03 2.220597e-03 2.496345e+00 -2.997498e-03 9.999846e-01 -4.680828e-03 7.097049e-01 -2.234642e-03 4.674139e-03 9.999866e-01 -2.413819e+01
9.999718e-01 -2.340199e-03 -7.140098e-03 3.483883e+00 2.374839e-03 9.999854e-01 4.846905e-03 6.844741e-01 7.128651e-03 -4.863725e-03 9.999628e-01 -2.392667e+01
9.999913e-01 2.979835e-03 2.903380e-03 4.219077e+00 -2.965618e-03 9.999837e-01 -4.888605e-03 6.771701e-01 -2.917900e-03 4.879953e-03 9.999838e-01 -2.363752e+01
9.999653e-01 -2.390086e-03 -7.977986e-03 5.023398e+00 2.430603e-03 9.999842e-01 5.072755e-03 6.454179e-01 7.965735e-03 -5.091971e-03 9.999553e-01 -2.313237e+01
9.999896e-01 3.059347e-03 3.375813e-03 5.748144e+00 -3.042309e-03 9.999827e-01 -5.040650e-03 6.325999e-01 -3.391175e-03 5.030329e-03 9.999816e-01 -2.279808e+01
9.999610e-01 -2.583373e-03 -8.446058e-03 6.506771e+00 2.628696e-03 9.999822e-01 5.359525e-03 5.999980e-01 8.432061e-03 -5.381519e-03 9.999500e-01 -2.249577e+01
9.999896e-01 3.146269e-03 3.314451e-03 7.378266e+00 -3.129545e-03 9.999824e-01 -5.038764e-03 5.683323e-01 -3.330245e-03 5.028339e-03 9.999818e-01 -2.222265e+01
9.999605e-01 -2.661550e-03 -8.480666e-03 8.274005e+00 2.704836e-03 9.999834e-01 5.096769e-03 5.226857e-01 8.466960e-03 -5.119507e-03 9.999510e-01 -2.162588e+01
9.999899e-01 3.278838e-03 3.080462e-03 9.338136e+00 -3.263944e-03 9.999830e-01 -4.827581e-03 4.780657e-01 -3.096238e-03 4.817478e-03 9.999836e-01 -2.116464e+01
9.999673e-01 -2.678108e-03 -7.631417e-03 1.028463e+01 2.714628e-03 9.999849e-01 4.779220e-03 4.462842e-01 7.618503e-03 -4.799781e-03 9.999595e-01 -2.084852e+01
9.999874e-01 3.045430e-03 3.981289e-03 1.081892e+01 -3.027114e-03 9.999848e-01 -4.598431e-03 4.286961e-01 -3.995232e-03 4.586322e-03 9.999815e-01 -2.071686e+01
9.999681e-01 -2.732762e-03 -7.504860e-03 1.143389e+01 2.767804e-03 9.999853e-01 4.662861e-03 4.137975e-01 7.492007e-03 -4.683484e-03 9.999610e-01 -2.073449e+01
9.999890e-01 3.116253e-03 3.499724e-03 1.160362e+01 -3.100250e-03 9.999848e-01 -4.568663e-03 4.020654e-01 -3.513908e-03 4.557764e-03 9.999834e-01 -2.042153e+01
9.999684e-01 -2.768935e-03 -7.452206e-03 1.195746e+01 2.804064e-03 9.999850e-01 4.707623e-03 3.894512e-01 7.439059e-03 -4.728371e-03 9.999612e-01 -2.021752e+01
9.999890e-01 3.119061e-03 3.502557e-03 1.254555e+01 -3.103043e-03 9.999847e-01 -4.569330e-03 3.734338e-01 -3.516756e-03 4.558412e-03 9.999834e-01 -1.999895e+01
9.999601e-01 -2.589593e-03 -8.552537e-03 1.238777e+01 2.629410e-03 9.999857e-01 4.647630e-03 3.830891e-01 8.540379e-03 -4.669933e-03 9.999526e-01 -2.009885e+01
9.999905e-01 3.099876e-03 3.077295e-03 1.213904e+01 -3.085973e-03 9.999851e-01 -4.512237e-03 3.867873e-01 -3.091236e-03 4.502698e-03 9.999851e-01 -2.009188e+01
9.999580e-01 -2.567329e-03 -8.802456e-03 1.184641e+01 2.608908e-03 9.999855e-01 4.715322e-03 3.907211e-01 8.790222e-03 -4.738089e-03 9.999501e-01 -1.986234e+01
9.999920e-01 3.279768e-03 2.270814e-03 1.131226e+01 -3.269571e-03 9.999846e-01 -4.479361e-03 4.061801e-01 -2.285471e-03 4.471902e-03 9.999874e-01 -2.011560e+01
9.999679e-01 -2.750913e-03 -7.530888e-03 1.104804e+01 2.785181e-03 9.999858e-01 4.543683e-03 4.163946e-01 7.518281e-03 -4.564512e-03 9.999613e-01 -2.061210e+01
9.999907e-01 3.179549e-03 2.897387e-03 1.118752e+01 -3.166861e-03 9.999854e-01 -4.372915e-03 4.121939e-01 -2.911248e-03 4.363699e-03 9.999862e-01 -2.072714e+01
9.999608e-01 -2.697359e-03 -8.438230e-03 1.093477e+01 2.736404e-03 9.999856e-01 4.619069e-03 4.146442e-01 8.425649e-03 -4.641979e-03 9.999537e-01 -2.075828e+01
9.999907e-01 3.235041e-03 2.856235e-03 1.064582e+01 -3.222651e-03 9.999854e-01 -4.331618e-03 4.168842e-01 -2.870206e-03 4.322374e-03 9.999865e-01 -2.061312e+01
9.999647e-01 -2.742988e-03 -7.938646e-03 1.050563e+01 2.779130e-03 9.999858e-01 4.545282e-03 4.157441e-01 7.926066e-03 -4.567184e-03 9.999582e-01 -2.053410e+01
9.999888e-01 3.127783e-03 3.563780e-03 1.081135e+01 -3.112802e-03 9.999863e-01 -4.201244e-03 3.928049e-01 -3.576872e-03 4.190104e-03 9.999848e-01 -2.022560e+01
9.999591e-01 -2.680277e-03 -8.639377e-03 1.149632e+01 2.719732e-03 9.999859e-01 4.558419e-03 3.588891e-01 8.627038e-03 -4.581730e-03 9.999523e-01 -1.987342e+01
9.999880e-01 3.146456e-03 3.747943e-03 1.213767e+01 -3.130553e-03 9.999861e-01 -4.241380e-03 3.280779e-01 -3.761236e-03 4.229596e-03 9.999840e-01 -1.955691e+01
9.999630e-01 -2.522833e-03 -8.224438e-03 1.285388e+01 2.558117e-03 9.999876e-01 4.282438e-03 3.139988e-01 8.213532e-03 -4.303319e-03 9.999570e-01 -1.939238e+01
9.999887e-01 2.934382e-03 3.736366e-03 1.352816e+01 -2.919297e-03 9.999876e-01 -4.036451e-03 2.930204e-01 -3.748164e-03 4.025499e-03 9.999849e-01 -1.929285e+01
9.999659e-01 -2.571593e-03 -7.850410e-03 1.430503e+01 2.604390e-03 9.999879e-01 4.170401e-03 2.763957e-01 7.839590e-03 -4.190705e-03 9.999605e-01 -1.931733e+01
9.999899e-01 3.000411e-03 3.334381e-03 1.508809e+01 -2.987480e-03 9.999880e-01 -3.876371e-03 2.520947e-01 -3.345971e-03 3.866371e-03 9.999869e-01 -1.920563e+01
9.999686e-01 -2.556997e-03 -7.496280e-03 1.602904e+01 2.585789e-03 9.999893e-01 3.833690e-03 2.309920e-01 7.486397e-03 -3.852955e-03 9.999646e-01 -1.911936e+01
9.999849e-01 3.561114e-03 4.181976e-03 1.663831e+01 -3.542642e-03 9.999840e-01 -4.416129e-03 2.516131e-01 -4.197635e-03 4.401247e-03 9.999815e-01 -1.870160e+01
9.999663e-01 -3.004002e-03 -7.637274e-03 1.761957e+01 3.035412e-03 9.999870e-01 4.104470e-03 2.617387e-01 7.624844e-03 -4.127514e-03 9.999624e-01 -1.848324e+01
9.999861e-01 3.684806e-03 3.763636e-03 1.882105e+01 -3.669297e-03 9.999848e-01 -4.119395e-03 2.497713e-01 -3.778757e-03 4.105528e-03 9.999844e-01 -1.845474e+01
9.999584e-01 -3.133810e-03 -8.569710e-03 1.982914e+01 3.170996e-03 9.999856e-01 4.329106e-03 2.253751e-01 8.556020e-03 -4.356101e-03 9.999539e-01 -1.830239e+01
9.999855e-01 3.640866e-03 3.973498e-03 2.064424e+01 -3.624103e-03 9.999845e-01 -4.217568e-03 1.981557e-01 -3.988792e-03 4.203107e-03 9.999832e-01 -1.804670e+01
9.999691e-01 -2.855857e-03 -7.329604e-03 2.183862e+01 2.884051e-03 9.999885e-01 3.839024e-03 1.951227e-01 7.318556e-03 -3.860045e-03 9.999658e-01 -1.789681e+01
9.999830e-01 3.527928e-03 4.644754e-03 2.344982e+01 -3.508539e-03 9.999851e-01 -4.176061e-03 1.911122e-01 -4.659418e-03 4.159694e-03 9.999805e-01 -1.809648e+01
9.999523e-01 -3.077291e-03 -9.272568e-03 2.441976e+01 3.118731e-03 9.999852e-01 4.457948e-03 1.679716e-01 9.258712e-03 -4.486655e-03 9.999471e-01 -1.801829e+01
9.999781e-01 3.572229e-03 5.564872e-03 2.598434e+01 -3.547749e-03 9.999840e-01 -4.402683e-03 1.523230e-01 -5.580510e-03 4.382845e-03 9.999748e-01 -1.822558e+01
9.999471e-01 -3.150306e-03 -9.796034e-03 2.697260e+01 3.195548e-03 9.999843e-01 4.606175e-03 1.314406e-01 9.781369e-03 -4.637236e-03 9.999414e-01 -1.828199e+01
9.999834e-01 3.663917e-03 4.442326e-03 2.669202e+01 -3.644549e-03 9.999839e-01 -4.360219e-03 1.381345e-01 -4.458230e-03 4.343957e-03 9.999806e-01 -1.858059e+01
9.999604e-01 -3.322687e-03 -8.258250e-03 2.670180e+01 3.358695e-03 9.999849e-01 4.350180e-03 1.351927e-01 8.243670e-03 -4.377745e-03 9.999564e-01 -1.905338e+01
9.999791e-01 3.541389e-03 5.407196e-03 2.712647e+01 -3.518408e-03 9.999848e-01 -4.253679e-03 1.295643e-01 -5.422177e-03 4.234567e-03 9.999763e-01 -1.954110e+01
9.999545e-01 -3.203099e-03 -8.987584e-03 2.726316e+01 3.241101e-03 9.999859e-01 4.216927e-03 1.271221e-01 8.973950e-03 -4.245866e-03 9.999507e-01 -2.018719e+01
9.999851e-01 4.004242e-03 3.697361e-03 2.692500e+01 -3.988218e-03 9.999827e-01 -4.330898e-03 1.449641e-01 -3.714638e-03 4.316088e-03 9.999838e-01 -2.118848e+01
9.999540e-01 -3.196507e-03 -9.040565e-03 2.651452e+01 3.233637e-03 9.999864e-01 4.095392e-03 1.607608e-01 9.027350e-03 -4.124438e-03 9.999507e-01 -2.268687e+01
9.999651e-01 3.846401e-03 7.419361e-03 2.724122e+01 -3.811440e-03 9.999816e-01 -4.720394e-03 1.666183e-01 -7.437381e-03 4.691951e-03 9.999613e-01 -2.370372e+01
9.999348e-01 -3.239194e-03 -1.095080e-02 2.850295e+01 3.289334e-03 9.999842e-01 4.563816e-03 1.511028e-01 1.093584e-02 -4.599539e-03 9.999296e-01 -2.386972e+01
9.999742e-01 3.885593e-03 6.042584e-03 2.915453e+01 -3.858337e-03 9.999824e-01 -4.515617e-03 1.337193e-01 -6.060023e-03 4.492186e-03 9.999715e-01 -2.363494e+01
9.999264e-01 -3.124975e-03 -1.172582e-02 2.946377e+01 3.178175e-03 9.999847e-01 4.521168e-03 1.244772e-01 1.171151e-02 -4.558103e-03 9.999210e-01 -2.316870e+01
9.999721e-01 3.841003e-03 6.411869e-03 2.983287e+01 -3.813222e-03 9.999833e-01 -4.339373e-03 1.096553e-01 -6.428429e-03 4.314803e-03 9.999700e-01 -2.266422e+01
9.999204e-01 -3.055810e-03 -1.224393e-02 3.022734e+01 3.110378e-03 9.999853e-01 4.440161e-03 1.014342e-01 1.223018e-02 -4.477891e-03 9.999152e-01 -2.222309e+01
9.999691e-01 3.822625e-03 6.871891e-03 3.123237e+01 -3.791607e-03 9.999826e-01 -4.521039e-03 7.266173e-02 -6.889053e-03 4.494844e-03 9.999662e-01 -2.178472e+01
9.999146e-01 -2.773363e-03 -1.276811e-02 3.232102e+01 2.829386e-03 9.999864e-01 4.371779e-03 4.542823e-02 1.275581e-02 -4.407533e-03 9.999089e-01 -2.089423e+01
9.999682e-01 3.351989e-03 7.238392e-03 3.243567e+01 -3.323012e-03 9.999864e-01 -4.011534e-03 4.738374e-02 -7.251741e-03 3.987354e-03 9.999658e-01 -2.071207e+01
9.999150e-01 -2.938447e-03 -1.270383e-02 3.225752e+01 2.993285e-03 9.999863e-01 4.299854e-03 4.943291e-02 1.269102e-02 -4.337515e-03 9.999101e-01 -2.089044e+01
9.999587e-01 3.411195e-03 8.423561e-03 3.263078e+01 -3.377046e-03 9.999860e-01 -4.064864e-03 2.754558e-02 -8.437309e-03 4.036250e-03 9.999563e-01 -2.049998e+01
9.999135e-01 -2.993286e-03 -1.280899e-02 3.294779e+01 3.046997e-03 9.999866e-01 4.175809e-03 -2.667898e-03 1.279632e-02 -4.214477e-03 9.999092e-01 -1.975639e+01
9.999571e-01 3.451483e-03 8.590675e-03 3.321664e+01 -3.416017e-03 9.999856e-01 -4.139686e-03 -3.784844e-02 -8.604839e-03 4.110163e-03 9.999545e-01 -1.894327e+01
9.999054e-01 -2.959918e-03 -1.343133e-02 3.403667e+01 3.018445e-03 9.999860e-01 4.339284e-03 -6.722526e-02 1.341830e-02 -4.379415e-03 9.999004e-01 -1.867450e+01
9.999507e-01 3.359342e-03 9.339565e-03 3.449469e+01 -3.321615e-03 9.999863e-01 -4.051998e-03 -9.148520e-02 -9.353048e-03 4.020777e-03 9.999482e-01 -1.840352e+01
9.999047e-01 -2.956596e-03 -1.348717e-02 3.464473e+01 3.012224e-03 9.999870e-01 4.106125e-03 -1.190163e-01 1.347485e-02 -4.146360e-03 9.999006e-01 -1.764766e+01
9.999514e-01 3.370904e-03 9.265300e-03 3.480816e+01 -3.334583e-03 9.999867e-01 -3.932703e-03 -1.446239e-01 -9.278433e-03 3.901616e-03 9.999493e-01 -1.707164e+01
9.999091e-01 -3.046820e-03 -1.313452e-02 3.518076e+01 3.101125e-03 9.999867e-01 4.116196e-03 -1.650570e-01 1.312180e-02 -4.156554e-03 9.999053e-01 -1.696653e+01
9.999561e-01 3.441678e-03 8.715406e-03 3.567508e+01 -3.408315e-03 9.999868e-01 -3.839918e-03 -1.853859e-01 -8.728506e-03 3.810045e-03 9.999546e-01 -1.679972e+01
9.999066e-01 -3.021439e-03 -1.333164e-02 3.569249e+01 3.074561e-03 9.999874e-01 3.965968e-03 -1.978164e-01 1.331948e-02 -4.006587e-03 9.999033e-01 -1.617485e+01
9.999535e-01 3.444563e-03 9.009505e-03 3.573477e+01 -3.409754e-03 9.999867e-01 -3.876038e-03 -2.153983e-01 -9.022736e-03 3.845138e-03 9.999519e-01 -1.548593e+01
9.999014e-01 -2.809725e-03 -1.375774e-02 3.576999e+01 2.863378e-03 9.999884e-01 3.881748e-03 -2.248285e-01 1.374667e-02 -3.920759e-03 9.998978e-01 -1.488494e+01
9.999574e-01 3.558185e-03 8.521943e-03 3.584065e+01 -3.526196e-03 9.999867e-01 -3.765787e-03 -2.292748e-01 -8.535229e-03 3.735577e-03 9.999566e-01 -1.433169e+01
9.999015e-01 -2.707857e-03 -1.377230e-02 3.581005e+01 2.757736e-03 9.999897e-01 3.604025e-03 -2.239029e-01 1.376240e-02 -3.641651e-03 9.998987e-01 -1.367432e+01
9.999587e-01 3.580672e-03 8.348183e-03 3.594293e+01 -3.548791e-03 9.999864e-01 -3.830621e-03 -2.211016e-01 -8.361785e-03 3.800838e-03 9.999578e-01 -1.276126e+01
9.999127e-01 -2.668618e-03 -1.293947e-02 3.614324e+01 2.711077e-03 9.999910e-01 3.264983e-03 -1.988428e-01 1.293064e-02 -3.299778e-03 9.999110e-01 -1.246373e+01
9.999331e-01 3.745760e-03 1.093980e-02 3.712168e+01 -3.695511e-03 9.999825e-01 -4.609794e-03 -1.535917e-01 -1.095688e-02 4.569058e-03 9.999295e-01 -1.290334e+01
9.999242e-01 -2.616098e-03 -1.203454e-02 3.860600e+01 2.650974e-03 9.999923e-01 2.882925e-03 -9.711709e-02 1.202690e-02 -2.914610e-03 9.999234e-01 -1.360354e+01
9.999462e-01 3.603766e-03 9.731753e-03 3.992551e+01 -3.564789e-03 9.999856e-01 -4.019451e-03 -8.194157e-02 -9.746098e-03 3.984543e-03 9.999446e-01 -1.359254e+01
9.999041e-01 -2.865704e-03 -1.355121e-02 4.016332e+01 2.915370e-03 9.999891e-01 3.646789e-03 -8.023351e-02 1.354061e-02 -3.685947e-03 9.999015e-01 -1.298914e+01
9.999541e-01 4.287692e-03 8.572598e-03 4.169384e+01 -4.249068e-03 9.999808e-01 -4.518641e-03 -8.468392e-02 -8.591808e-03 4.482009e-03 9.999530e-01 -1.293646e+01
9.999026e-01 -3.376533e-03 -1.354190e-02 4.264354e+01 3.432690e-03 9.999856e-01 4.125789e-03 -1.011346e-01 1.352777e-02 -4.171873e-03 9.998998e-01 -1.220948e+01
9.999459e-01 4.281645e-03 9.480241e-03 4.293716e+01 -4.239965e-03 9.999813e-01 -4.412251e-03 -1.211680e-01 -9.498955e-03 4.371817e-03 9.999453e-01 -1.124101e+01
9.998994e-01 -3.558838e-03 -1.373119e-02 4.325537e+01 3.614658e-03 9.999853e-01 4.042545e-03 -1.534025e-01 1.371660e-02 -4.091772e-03 9.998976e-01 -9.818303e+00
9.999453e-01 4.136808e-03 9.604774e-03 4.353740e+01 -4.096370e-03 9.999827e-01 -4.226022e-03 -1.940439e-01 -9.622089e-03 4.186447e-03 9.999449e-01 -8.701564e+00
9.999002e-01 -3.627935e-03 -1.365407e-02 4.362539e+01 3.683495e-03 9.999850e-01 4.046151e-03 -2.190622e-01 1.363919e-02 -4.096043e-03 9.998986e-01 -7.673051e+00
9.999468e-01 4.186358e-03 9.422016e-03 4.393200e+01 -4.146873e-03 9.999826e-01 -4.206293e-03 -2.533148e-01 -9.439461e-03 4.166999e-03 9.999468e-01 -6.826711e+00
9.998986e-01 -3.315407e-03 -1.384956e-02 4.495107e+01 3.370611e-03 9.999865e-01 3.964566e-03 -2.964325e-01 1.383622e-02 -4.010846e-03 9.998962e-01 -6.021863e+00
9.999492e-01 4.035821e-03 9.233978e-03 4.556204e+01 -3.995262e-03 9.999823e-01 -4.406591e-03 -3.239046e-01 -9.251598e-03 4.369476e-03 9.999477e-01 -5.128247e+00
9.998849e-01 -2.978062e-03 -1.487508e-02 4.628481e+01 3.033449e-03 9.999885e-01 3.702312e-03 -3.436773e-01 1.486388e-02 -3.747010e-03 9.998825e-01 -3.680303e+00
9.999563e-01 4.069617e-03 8.418729e-03 4.736665e+01 -4.034145e-03 9.999829e-01 -4.226118e-03 -3.471728e-01 -8.435784e-03 4.191972e-03 9.999556e-01 -2.880534e+00
9.998918e-01 -3.280668e-03 -1.434150e-02 4.810923e+01 3.339184e-03 9.999862e-01 4.058222e-03 -3.547329e-01 1.432799e-02 -4.105672e-03 9.998889e-01 -2.243667e+00
9.999549e-01 4.148810e-03 8.538362e-03 4.873556e+01 -4.112876e-03 9.999826e-01 -4.221749e-03 -3.684102e-01 -8.555729e-03 4.186442e-03 9.999546e-01 -1.531229e+00
9.999051e-01 -3.578080e-03 -1.330165e-02 4.935292e+01 3.634185e-03 9.999846e-01 4.196161e-03 -4.006122e-01 1.328643e-02 -4.244104e-03 9.999027e-01 -5.836564e-01
9.999488e-01 4.032017e-03 9.276667e-03 4.949186e+01 -3.992656e-03 9.999830e-01 -4.257530e-03 -4.276787e-01 -9.293675e-03 4.220274e-03 9.999479e-01 2.971378e-01
9.998978e-01 -3.617676e-03 -1.383313e-02 4.967112e+01 3.677404e-03 9.999840e-01 4.294834e-03 -4.470377e-01 1.381737e-02 -4.345265e-03 9.998951e-01 1.053513e+00
9.999459e-01 4.121388e-03 9.547711e-03 4.995219e+01 -4.080270e-03 9.999823e-01 -4.322009e-03 -4.678187e-01 -9.565354e-03 4.282818e-03 9.999451e-01 1.735574e+00
9.998974e-01 -3.712272e-03 -1.383834e-02 5.006254e+01 3.771728e-03 9.999838e-01 4.272868e-03 -4.881174e-01 1.382225e-02 -4.324624e-03 9.998951e-01 2.624749e+00
9.999468e-01 4.210325e-03 9.414731e-03 4.997770e+01 -4.171064e-03 9.999825e-01 -4.185829e-03 -5.023305e-01 -9.432190e-03 4.146338e-03 9.999469e-01 3.207156e+00
9.999117e-01 -3.665296e-03 -1.277642e-02 5.034973e+01 3.717318e-03 9.999849e-01 4.050385e-03 -5.166661e-01 1.276138e-02 -4.097522e-03 9.999102e-01 3.256000e+00
9.999452e-01 4.141635e-03 9.612102e-03 5.079408e+01 -4.101762e-03 9.999829e-01 -4.164166e-03 -5.239042e-01 -9.629184e-03 4.124512e-03 9.999451e-01 3.111411e+00
9.999175e-01 -3.820597e-03 -1.226758e-02 5.151157e+01 3.870231e-03 9.999844e-01 4.024797e-03 -5.312611e-01 1.225201e-02 -4.071944e-03 9.999167e-01 2.790007e+00
9.999383e-01 4.289441e-03 1.025119e-02 5.188711e+01 -4.244079e-03 9.999811e-01 -4.442651e-03 -5.258269e-01 -1.027006e-02 4.398871e-03 9.999376e-01 1.794169e+00
9.999206e-01 -3.955551e-03 -1.196375e-02 5.212478e+01 4.002134e-03 9.999845e-01 3.872335e-03 -5.154680e-01 1.194825e-02 -3.919909e-03 9.999209e-01 4.301523e-01
9.999571e-01 4.695941e-03 7.978518e-03 5.211054e+01 -4.664230e-03 9.999812e-01 -3.988507e-03 -5.141056e-01 -7.997097e-03 3.951123e-03 9.999602e-01 -2.087427e-01
9.999254e-01 -3.903912e-03 -1.157776e-02 5.207890e+01 3.946514e-03 9.999855e-01 3.659161e-03 -5.066473e-01 1.156331e-02 -3.704581e-03 9.999263e-01 -1.259770e+00
9.999503e-01 4.839333e-03 8.715181e-03 5.196623e+01 -4.800002e-03 9.999782e-01 -4.528165e-03 -4.888372e-01 -8.736905e-03 4.486108e-03 9.999518e-01 -3.095302e+00
9.999257e-01 -4.229575e-03 -1.143299e-02 5.200686e+01 4.273581e-03 9.999835e-01 3.827396e-03 -4.782326e-01 1.141662e-02 -3.875972e-03 9.999273e-01 -4.246054e+00
9.999447e-01 4.865571e-03 9.318272e-03 5.228368e+01 -4.826423e-03 9.999795e-01 -4.219036e-03 -4.716266e-01 -9.338609e-03 4.173830e-03 9.999477e-01 -5.199332e+00
9.999305e-01 -4.473229e-03 -1.091256e-02 5.269075e+01 4.512909e-03 9.999833e-01 3.614342e-03 -4.622164e-01 1.089621e-02 -3.663338e-03 9.999339e-01 -6.319117e+00
9.999662e-01 5.068472e-03 6.471086e-03 5.407728e+01 -5.044900e-03 9.999806e-01 -3.653786e-03 -4.785577e-01 -6.489479e-03 3.621017e-03 9.999724e-01 -6.414488e+00
9.999329e-01 -4.783111e-03 -1.054971e-02 5.479197e+01 4.824376e-03 9.999808e-01 3.889545e-03 -4.878077e-01 1.053091e-02 -3.940181e-03 9.999368e-01 -6.527616e+00
9.999601e-01 5.522810e-03 7.022714e-03 5.495376e+01 -5.493381e-03 9.999761e-01 -4.202937e-03 -4.817635e-01 -7.045758e-03 4.164191e-03 9.999665e-01 -7.597227e+00
9.999423e-01 -5.027109e-03 -9.491016e-03 5.493510e+01 5.060574e-03 9.999811e-01 3.505289e-03 -4.680263e-01 9.473214e-03 -3.553117e-03 9.999488e-01 -8.818842e+00
9.999605e-01 5.277514e-03 7.151948e-03 5.526406e+01 -5.251685e-03 9.999796e-01 -3.625305e-03 -4.716109e-01 -7.170935e-03 3.587603e-03 9.999679e-01 -9.315985e+00
9.999338e-01 -5.145920e-03 -1.028836e-02 5.549052e+01 5.183816e-03 9.999799e-01 3.660187e-03 -4.767157e-01 1.026932e-02 -3.713279e-03 9.999404e-01 -9.734866e+00
9.999647e-01 5.389384e-03 6.438873e-03 5.558397e+01 -5.367076e-03 9.999796e-01 -3.476820e-03 -4.848383e-01 -6.457480e-03 3.442140e-03 9.999732e-01 -9.926860e+00
9.999390e-01 -5.087104e-03 -9.806517e-03 5.566054e+01 5.120859e-03 9.999810e-01 3.420130e-03 -4.869222e-01 9.788932e-03 -3.470139e-03 9.999461e-01 -1.064459e+01
9.999641e-01 5.366754e-03 6.555986e-03 5.572870e+01 -5.344104e-03 9.999797e-01 -3.467442e-03 -4.893345e-01 -6.574462e-03 3.432282e-03 9.999725e-01 -1.132917e+01
