9.999918e-01 4.036516e-04 -4.039463e-03 -1.430210e-03 -4.035204e-04 9.999999e-01 3.331133e-05 -1.595586e-02 4.039476e-03 -3.168177e-05 9.999918e-01 8.218539e-01
9.999990e-01 -2.787840e-05 -1.382915e-03 -1.680216e-01 2.844750e-05 9.999999e-01 4.114876e-04 -1.389285e-02 1.382904e-03 -4.115258e-04 9.999990e-01 7.770280e-01
9.999951e-01 3.406472e-04 -3.119488e-03 1.915253e-01 -3.403292e-04 9.999999e-01 1.024785e-04 -1.977692e-02 3.119522e-03 -1.014170e-04 9.999951e-01 6.194715e-01
9.999996e-01 -4.369043e-05 -9.254772e-04 2.604726e-01 4.371386e-05 1.000000e+00 2.526606e-05 -3.589361e-02 9.254765e-04 -2.530579e-05 9.999996e-01 1.144691e+00
9.999926e-01 4.668764e-04 -3.806610e-03 -5.168177e-02 -4.672194e-04 9.999999e-01 -8.920943e-05 -2.635567e-02 3.806568e-03 9.098658e-05 9.999928e-01 1.828259e+00
9.999995e-01 -2.423395e-05 -1.022926e-03 -3.813000e-01 2.440214e-05 1.000000e+00 1.643686e-04 -1.856054e-02 1.022923e-03 -1.643928e-04 9.999995e-01 2.295521e+00
9.999895e-01 5.663950e-04 -4.556163e-03 -8.737953e-01 -5.668241e-04 9.999998e-01 -9.288864e-05 -4.779167e-03 4.556109e-03 9.546949e-05 9.999896e-01 2.690635e+00
9.999993e-01 -6.396764e-05 -1.213775e-03 -1.312856e+00 6.434773e-05 9.999999e-01 3.130841e-04 4.962620e-03 1.213755e-03 -3.131613e-04 9.999992e-01 2.913762e+00
9.999935e-01 4.216250e-04 -3.567527e-03 -1.355265e+00 -4.215780e-04 9.999999e-01 1.392905e-05 3.289099e-03 3.567532e-03 -1.242568e-05 9.999936e-01 2.936223e+00
9.999997e-01 -1.050440e-04 -7.559398e-04 -1.455828e+00 1.051462e-04 1.000000e+00 1.350171e-04 -4.580333e-03 7.559260e-04 -1.350959e-04 9.999997e-01 3.468040e+00
9.999930e-01 5.645198e-04 -3.703156e-03 -1.654498e+00 -5.643904e-04 9.999998e-01 3.598351e-05 2.186256e-03 3.703175e-03 -3.389394e-05 9.999931e-01 4.013262e+00
9.999998e-01 -2.516282e-04 -5.236626e-04 -1.633792e+00 2.517191e-04 1.000000e+00 1.733007e-04 8.169934e-05 5.236193e-04 -1.734318e-04 9.999998e-01 4.310277e+00
9.999915e-01 6.368462e-04 -4.076425e-03 -1.866340e+00 -6.369289e-04 9.999998e-01 -1.898231e-05 8.018437e-03 4.076412e-03 2.157783e-05 9.999917e-01 4.749294e+00
9.999997e-01 -2.401474e-04 -7.937007e-04 -1.609457e+00 2.405635e-04 9.999998e-01 5.241740e-04 5.301513e-03 7.935751e-04 -5.243640e-04 9.999995e-01 4.825059e+00
9.999928e-01 7.918946e-04 -3.700453e-03 -7.972600e-01 -7.933993e-04 9.999996e-01 -4.051543e-04 -6.629647e-03 3.700130e-03 4.080866e-04 9.999931e-01 4.815147e+00
9.999993e-01 -1.968970e-04 -1.172123e-03 -7.314472e-01 1.974573e-04 9.999999e-01 4.779158e-04 -2.164770e-03 1.172030e-03 -4.781462e-04 9.999992e-01 5.485700e+00
9.999930e-01 7.766848e-04 -3.650026e-03 -3.691218e-01 -7.776951e-04 9.999997e-01 -2.753812e-04 -8.813547e-03 3.649810e-03 2.782172e-04 9.999933e-01 6.000186e+00
9.999997e-01 -4.196059e-04 -6.104676e-04 -2.115163e-02 4.198998e-04 9.999998e-01 4.812466e-04 -3.495139e-02 6.102659e-04 -4.815021e-04 9.999997e-01 6.519299e+00
9.999936e-01 8.167977e-04 -3.488279e-03 6.620571e-02 -8.179005e-04 9.999996e-01 -3.147279e-04 -5.257201e-02 3.488020e-03 3.175782e-04 9.999939e-01 7.130254e+00
9.999991e-01 -4.529181e-04 -1.236208e-03 3.390389e-01 4.537992e-04 9.999996e-01 7.125071e-04 -6.808555e-02 1.235886e-03 -7.130667e-04 9.999990e-01 7.493312e+00
9.999941e-01 8.400867e-04 -3.333381e-03 8.487542e-01 -8.418619e-04 9.999995e-01 -5.311870e-04 -9.449471e-02 3.332933e-03 5.339894e-04 9.999943e-01 7.914377e+00
9.999994e-01 -3.486968e-04 -1.080791e-03 1.628455e+00 3.493331e-04 9.999998e-01 5.886118e-04 -1.271411e-01 1.080586e-03 -5.889882e-04 9.999992e-01 8.424058e+00
9.999942e-01 7.857970e-04 -3.301034e-03 2.494504e+00 -7.873472e-04 9.999996e-01 -4.683277e-04 -1.548878e-01 3.300664e-03 4.709234e-04 9.999944e-01 8.683417e+00
9.999990e-01 -3.507896e-04 -1.337244e-03 3.223216e+00 3.517736e-04 9.999997e-01 7.356445e-04 -1.825016e-01 1.336986e-03 -7.361135e-04 9.999988e-01 8.957067e+00
9.999929e-01 9.202973e-04 -3.654196e-03 3.955426e+00 -9.221599e-04 9.999994e-01 -5.080503e-04 -2.116843e-01 3.653726e-03 5.114157e-04 9.999932e-01 9.378109e+00
9.999994e-01 -4.754169e-04 -1.029226e-03 4.400183e+00 4.762431e-04 9.999996e-01 8.025534e-04 -2.321029e-01 1.028844e-03 -8.030423e-04 9.999991e-01 9.787383e+00
9.999950e-01 8.109485e-04 -3.059047e-03 5.047110e+00 -8.125169e-04 9.999995e-01 -5.114962e-04 -2.484321e-01 3.058630e-03 5.139784e-04 9.999952e-01 9.786021e+00
9.999990e-01 -3.894654e-04 -1.383315e-03 5.769156e+00 3.906899e-04 9.999995e-01 8.849866e-04 -2.696917e-01 1.382970e-03 -8.855254e-04 9.999987e-01 9.835144e+00
9.999928e-01 8.619074e-04 -3.697369e-03 6.498111e+00 -8.635725e-04 9.999995e-01 -4.487561e-04 -3.003969e-01 3.696980e-03 4.519451e-04 9.999931e-01 1.015677e+01
9.999992e-01 -4.535798e-04 -1.153653e-03 6.538659e+00 4.543863e-04 9.999997e-01 6.988806e-04 -3.029344e-01 1.153336e-03 -6.994036e-04 9.999991e-01 1.050677e+01
9.999902e-01 8.626632e-04 -4.331597e-03 6.205189e+00 -8.646507e-04 9.999995e-01 -4.569644e-04 -2.867301e-01 4.331201e-03 4.607045e-04 9.999905e-01 1.072266e+01
9.999997e-01 -5.205545e-04 -5.490495e-04 5.953832e+00 5.209293e-04 9.999996e-01 6.824453e-04 -2.768891e-01 5.486944e-04 -6.827304e-04 9.999996e-01 1.101454e+01
9.999921e-01 7.573327e-04 -3.907869e-03 6.055626e+00 -7.583876e-04 9.999997e-01 -2.684464e-04 -2.866107e-01 3.907665e-03 2.714072e-04 9.999923e-01 1.126170e+01
9.999998e-01 -5.493431e-04 -1.201616e-04 6.376786e+00 5.494235e-04 9.999996e-01 6.690272e-04 -3.017674e-01 1.197944e-04 -6.690924e-04 9.999998e-01 1.129672e+01
9.999914e-01 7.580256e-04 -4.067756e-03 6.451619e+00 -7.594644e-04 9.999996e-01 -3.521515e-04 -3.177013e-01 4.067487e-03 3.552371e-04 9.999917e-01 1.165728e+01
9.999999e-01 -5.043616e-04 -1.079021e-04 6.416323e+00 5.044188e-04 9.999997e-01 5.297286e-04 -3.272023e-01 1.076353e-04 -5.297822e-04 9.999999e-01 1.212296e+01
9.999839e-01 9.560694e-04 -5.594931e-03 6.140075e+00 -9.563970e-04 9.999995e-01 -5.587372e-05 -3.282768e-01 5.594874e-03 6.122309e-05 9.999843e-01 1.199852e+01
9.999997e-01 -4.811225e-04 5.552335e-04 5.828458e+00 4.809569e-04 9.999998e-01 2.984399e-04 -3.174025e-01 -5.553767e-04 -2.981721e-04 9.999998e-01 1.222108e+01
9.999838e-01 9.411100e-04 -5.612816e-03 5.422971e+00 -9.430122e-04 9.999995e-01 -3.362422e-04 -2.947190e-01 5.612497e-03 3.415290e-04 9.999842e-01 1.280677e+01
9.999994e-01 -5.865155e-04 9.413616e-04 5.967148e+00 5.858848e-04 9.999996e-01 6.701884e-04 -3.146231e-01 -9.417539e-04 -6.696358e-04 9.999993e-01 1.293504e+01
9.999832e-01 1.092575e-03 -5.689291e-03 6.990785e+00 -1.094728e-03 9.999993e-01 -3.753976e-04 -3.401107e-01 5.688877e-03 3.816188e-04 9.999837e-01 1.301167e+01
9.999985e-01 -7.345693e-04 1.588461e-03 7.624060e+00 7.335725e-04 9.999995e-01 6.280650e-04 -3.532326e-01 -1.588922e-03 -6.268980e-04 9.999985e-01 1.294723e+01
9.999824e-01 1.027351e-03 -5.850129e-03 7.634063e+00 -1.029389e-03 9.999994e-01 -3.452662e-04 -3.562055e-01 5.849771e-03 3.512814e-04 9.999828e-01 1.312910e+01
9.999996e-01 -6.042329e-04 5.873010e-04 7.332924e+00 6.038768e-04 9.999996e-01 6.065616e-04 -3.456595e-01 -5.876669e-04 -6.062060e-04 9.999996e-01 1.333176e+01
9.999808e-01 1.108880e-03 -6.097132e-03 6.965301e+00 -1.110859e-03 9.999993e-01 -3.212313e-04 -3.396590e-01 6.096771e-03 3.279975e-04 9.999814e-01 1.328844e+01
9.999986e-01 -7.497834e-04 1.497564e-03 6.823081e+00 7.491666e-04 9.999996e-01 4.124548e-04 -3.389668e-01 -1.497872e-03 -4.113316e-04 9.999988e-01 1.383437e+01
9.999761e-01 1.166502e-03 -6.815176e-03 6.576191e+00 -1.167739e-03 9.999993e-01 -1.774241e-04 -3.305017e-01 6.814964e-03 1.853775e-04 9.999768e-01 1.417398e+01
9.999998e-01 -5.996022e-04 1.518063e-04 5.948545e+00 5.995337e-04 9.999997e-01 4.514463e-04 -3.095224e-01 -1.520766e-04 -4.513545e-04 9.999999e-01 1.423079e+01
9.999829e-01 1.053875e-03 -5.753035e-03 5.485432e+00 -1.055600e-03 9.999994e-01 -2.966839e-04 -2.854811e-01 5.752719e-03 3.027510e-04 9.999834e-01 1.454141e+01
9.999999e-01 -5.138395e-04 -5.492453e-06 4.934844e+00 5.138420e-04 9.999998e-01 4.307538e-04 -2.579847e-01 5.271438e-06 -4.307559e-04 9.999999e-01 1.484845e+01
9.999828e-01 1.004824e-03 -5.784911e-03 4.395745e+00 -1.006548e-03 9.999994e-01 -2.951917e-04 -2.313816e-01 5.784611e-03 3.010087e-04 9.999832e-01 1.514457e+01
9.999997e-01 -6.167110e-04 5.607751e-04 4.077703e+00 6.164405e-04 9.999997e-01 4.826967e-04 -2.135349e-01 -5.610723e-04 -4.823502e-04 9.999997e-01 1.541556e+01
9.999855e-01 9.122276e-04 -5.299896e-03 4.097910e+00 -9.128950e-04 9.999996e-01 -1.234859e-04 -2.141499e-01 5.299781e-03 1.283217e-04 9.999859e-01 1.561568e+01
9.999997e-01 -5.854903e-04 5.308700e-04 4.436965e+00 5.852489e-04 9.999997e-01 4.548222e-04 -2.314518e-01 -5.311358e-04 -4.545106e-04 9.999998e-01 1.584030e+01
9.999835e-01 1.126913e-03 -5.625433e-03 5.350533e+00 -1.128210e-03 9.999993e-01 -2.273392e-04 -2.693014e-01 5.625173e-03 2.336814e-04 9.999842e-01 1.626788e+01
9.999984e-01 -5.335378e-04 1.720369e-03 6.311163e+00 5.332310e-04 9.999998e-01 1.788580e-04 -2.989295e-01 -1.720464e-03 -1.779396e-04 9.999985e-01 1.654762e+01
9.999862e-01 8.484549e-04 -5.179442e-03 6.526109e+00 -8.483270e-04 9.999996e-01 2.691523e-05 -3.023300e-01 5.179462e-03 -2.252171e-05 9.999866e-01 1.668360e+01
9.999989e-01 -2.610006e-04 -1.429769e-03 5.866633e+00 2.612743e-04 9.999999e-01 1.911200e-04 -2.783476e-01 1.429719e-03 -1.914927e-04 9.999990e-01 1.678202e+01
9.999960e-01 5.264369e-04 -2.796096e-03 5.853933e+00 -5.263556e-04 9.999999e-01 2.985455e-05 -2.886676e-01 2.796111e-03 -2.838340e-05 9.999961e-01 1.720044e+01
9.999983e-01 -1.200083e-04 -1.862077e-03 6.314297e+00 1.205740e-04 9.999999e-01 3.036153e-04 -3.219578e-01 1.862041e-03 -3.038386e-04 9.999982e-01 1.764203e+01
9.999947e-01 6.601426e-04 -3.191032e-03 7.037839e+00 -6.602297e-04 9.999998e-01 -2.620221e-05 -3.528408e-01 3.191013e-03 2.830818e-05 9.999949e-01 1.796969e+01
9.999994e-01 -2.133060e-04 -1.112573e-03 7.595680e+00 2.135806e-04 9.999999e-01 2.466183e-04 -3.814018e-01 1.112521e-03 -2.468551e-04 9.999994e-01 1.835956e+01
9.999944e-01 5.330989e-04 -3.306989e-03 7.440862e+00 -5.332622e-04 9.999999e-01 -4.845811e-05 -3.786735e-01 3.306963e-03 5.022063e-05 9.999945e-01 1.875561e+01
9.999999e-01 -1.044911e-04 -5.256699e-04 7.696120e+00 1.045253e-04 1.000000e+00 6.477357e-05 -3.908893e-01 5.256635e-04 -6.482780e-05 9.999999e-01 1.924045e+01
9.999949e-01 3.481619e-04 -3.186753e-03 8.131441e+00 -3.476798e-04 9.999999e-01 1.519017e-04 -4.139289e-01 3.186805e-03 -1.507937e-04 9.999949e-01 1.952457e+01
9.999979e-01 -1.575598e-06 -2.051161e-03 7.939414e+00 1.895622e-06 1.000000e+00 1.559541e-04 -4.106579e-01 2.051161e-03 -1.559570e-04 9.999979e-01 1.976034e+01
9.999918e-01 5.923155e-04 -4.003917e-03 7.376038e+00 -5.922146e-04 9.999998e-01 2.640383e-05 -3.837292e-01 4.003931e-03 -2.403314e-05 9.999920e-01 2.009075e+01
9.999997e-01 -2.066801e-04 -7.183590e-04 7.367908e+00 2.067118e-04 1.000000e+00 4.384255e-05 -3.858574e-01 7.183502e-04 -4.399033e-05 9.999997e-01 2.065572e+01
9.999943e-01 5.780508e-04 -3.330844e-03 7.466819e+00 -5.787772e-04 9.999998e-01 -2.170595e-04 -4.055472e-01 3.330718e-03 2.189854e-04 9.999944e-01 2.157215e+01
9.999997e-01 -2.082684e-04 -8.084411e-04 7.457935e+00 2.083454e-04 1.000000e+00 9.501858e-05 -4.171588e-01 8.084216e-04 -9.518628e-05 9.999997e-01 2.241873e+01
9.999915e-01 6.562230e-04 -4.062560e-03 7.178276e+00 -6.560841e-04 9.999998e-01 3.554023e-05 -4.059283e-01 4.062582e-03 -3.287525e-05 9.999917e-01 2.291832e+01
9.999992e-01 -2.037950e-04 -1.281029e-03 6.773648e+00 2.038336e-04 1.000000e+00 2.992039e-05 -3.847769e-01 1.281023e-03 -3.018078e-05 9.999992e-01 2.337229e+01
9.999945e-01 3.979765e-04 -3.290615e-03 6.853387e+00 -3.973774e-04 9.999999e-01 1.827656e-04 -4.011437e-01 3.290687e-03 -1.814577e-04 9.999946e-01 2.382805e+01
9.999989e-01 -6.911205e-05 -1.484033e-03 6.809366e+00 6.919054e-05 1.000000e+00 5.273668e-05 -4.087976e-01 1.484030e-03 -5.283860e-05 9.999989e-01 2.424752e+01
9.999932e-01 3.907702e-04 -3.680335e-03 6.681853e+00 -3.902546e-04 9.999999e-01 1.408498e-04 -4.060673e-01 3.680389e-03 -1.394132e-04 9.999932e-01 2.462720e+01
9.999965e-01 1.985318e-04 -2.619889e-03 6.131911e+00 -1.982476e-04 1.000000e+00 1.086938e-04 -3.853728e-01 2.619911e-03 -1.081733e-04 9.999966e-01 2.475228e+01
9.999909e-01 4.702390e-04 -4.240027e-03 5.464707e+00 -4.698955e-04 9.999999e-01 8.204369e-05 -3.664803e-01 4.240065e-03 -8.005127e-05 9.999910e-01 2.447164e+01
1.000000e+00 2.702064e-05 -2.772194e-04 5.498861e+00 -2.700612e-05 1.000000e+00 5.181179e-05 -3.613775e-01 2.772211e-04 -5.180360e-05 1.000000e+00 2.385475e+01
9.999948e-01 2.585501e-04 -3.228267e-03 6.124695e+00 -2.586154e-04 1.000000e+00 -1.974451e-05 -3.769857e-01 3.228262e-03 2.057859e-05 9.999948e-01 2.401510e+01
9.999994e-01 1.648276e-04 -1.039203e-03 5.982893e+00 -1.649033e-04 1.000000e+00 -7.283808e-05 -3.792901e-01 1.039191e-03 7.301011e-05 9.999995e-01 2.481841e+01
9.999946e-01 1.769792e-04 -3.269862e-03 5.807836e+00 -1.770488e-04 1.000000e+00 -2.092896e-05 -3.744788e-01 3.269858e-03 2.150707e-05 9.999947e-01 2.558983e+01
9.999993e-01 1.141182e-04 -1.149246e-03 6.038895e+00 -1.138383e-04 1.000000e+00 2.434477e-04 -3.983537e-01 1.149274e-03 -2.433160e-04 9.999993e-01 2.613002e+01
9.999941e-01 3.628502e-04 -3.409807e-03 6.063614e+00 -3.636981e-04 9.999999e-01 -2.480000e-04 -4.052325e-01 3.409716e-03 2.492379e-04 9.999942e-01 2.691693e+01
9.999993e-01 8.882569e-05 -1.203060e-03 6.020831e+00 -8.847229e-05 1.000000e+00 2.936723e-04 -4.078564e-01 1.203086e-03 -2.935649e-04 9.999992e-01 2.769143e+01
9.999899e-01 3.261236e-04 -4.484573e-03 5.694347e+00 -3.261154e-04 9.999999e-01 2.600010e-06 -3.956320e-01 4.484573e-03 -1.138195e-06 9.999899e-01 2.789241e+01
9.999893e-01 6.692352e-04 -4.585795e-03 4.570840e+00 -6.679874e-04 9.999997e-01 2.735941e-04 -3.599261e-01 4.585977e-03 -2.705272e-04 9.999894e-01 2.770531e+01
9.999958e-01 8.433887e-05 -2.899108e-03 3.707942e+00 -8.465021e-05 1.000000e+00 -1.072097e-04 -3.234326e-01 2.899099e-03 1.074540e-04 9.999958e-01 2.782908e+01
9.999851e-01 7.961758e-04 -5.398644e-03 2.647438e+00 -7.951390e-04 9.999997e-01 1.941421e-04 -2.785870e-01 5.398797e-03 -1.898458e-04 9.999854e-01 2.791457e+01
9.999929e-01 1.869725e-04 -3.759619e-03 1.459687e+00 -1.869548e-04 1.000000e+00 5.108520e-06 -2.379680e-01 3.759619e-03 -4.406302e-06 9.999929e-01 2.775495e+01
9.999870e-01 7.089854e-04 -5.046141e-03 4.042956e-01 -7.077695e-04 9.999997e-01 2.427011e-04 -2.040261e-01 5.046312e-03 -2.391258e-04 9.999872e-01 2.759896e+01
9.999999e-01 -3.204572e-04 -4.250141e-04 2.636369e-01 3.204576e-04 9.999999e-01 1.146589e-06 -1.972780e-01 4.250134e-04 -1.283484e-06 9.999999e-01 2.789376e+01
9.999910e-01 6.196212e-04 -4.193820e-03 5.407236e-01 -6.179849e-04 9.999997e-01 3.914067e-04 -2.152889e-01 4.194061e-03 -3.888107e-04 9.999911e-01 2.825275e+01
9.999995e-01 -2.858275e-04 -9.542170e-04 4.241735e-01 2.857788e-04 1.000000e+00 -5.098502e-05 -2.146977e-01 9.542313e-04 5.071161e-05 9.999995e-01 2.846710e+01
9.999895e-01 7.051728e-04 -4.519911e-03 6.819962e-02 -7.035998e-04 9.999997e-01 3.495628e-04 -2.067138e-01 4.520156e-03 -3.463782e-04 9.999897e-01 2.860912e+01
9.999999e-01 -3.583399e-04 -1.689535e-06 -4.478487e-02 3.583395e-04 9.999999e-01 -8.825330e-05 -2.112829e-01 1.720867e-06 8.825199e-05 1.000000e+00 2.877715e+01
9.999852e-01 8.382109e-04 -5.380140e-03 -2.832515e-01 -8.359035e-04 9.999996e-01 4.310695e-04 -2.089910e-01 5.380499e-03 -4.265651e-04 9.999854e-01 2.864742e+01
9.999995e-01 -2.619712e-04 -9.158870e-04 -7.171987e-01 2.619139e-04 1.000000e+00 -6.243125e-05 -2.016420e-01 9.159030e-04 6.219064e-05 9.999996e-01 2.849707e+01
9.999888e-01 7.021412e-04 -4.686830e-03 -1.070054e+00 -7.002404e-04 9.999997e-01 4.071645e-04 -1.944980e-01 4.687114e-03 -4.038773e-04 9.999889e-01 2.860016e+01
9.999999e-01 -3.332259e-04 -3.575941e-04 -1.168344e+00 3.332212e-04 9.999999e-01 -1.267763e-05 -1.973548e-01 3.575980e-04 1.255778e-05 9.999999e-01 2.879563e+01
9.999893e-01 6.501347e-04 -4.574059e-03 -1.217701e+00 -6.484283e-04 9.999997e-01 3.744869e-04 -2.053989e-01 4.574301e-03 -3.715163e-04 9.999895e-01 2.902604e+01
9.999999e-01 -4.024346e-04 -4.941850e-05 -1.213492e+00 4.024296e-04 9.999999e-01 -9.697557e-05 -2.154042e-01 4.945724e-05 9.695498e-05 1.000000e+00 2.934899e+01
9.999901e-01 6.656435e-04 -4.399450e-03 -1.002704e+00 -6.635448e-04 9.999997e-01 4.784194e-04 -2.334676e-01 4.399767e-03 -4.754947e-04 9.999902e-01 2.961252e+01
9.999999e-01 -2.687895e-04 -3.011344e-04 -4.475272e-01 2.687222e-04 9.999999e-01 -2.229283e-04 -2.615166e-01 3.011940e-04 2.228467e-04 9.999999e-01 2.999320e+01
9.999901e-01 7.223186e-04 -4.396653e-03 -1.020848e-01 -7.201275e-04 9.999996e-01 4.998762e-04 -2.755921e-01 4.397013e-03 -4.967044e-04 9.999902e-01 3.040712e+01
9.999992e-01 -2.006217e-04 -1.211554e-03 -3.798603e-01 2.003659e-04 1.000000e+00 -2.111042e-04 -2.717235e-01 1.211596e-03 2.108606e-04 9.999992e-01 3.048552e+01
9.999961e-01 4.901667e-04 -2.734555e-03 -1.477489e-01 -4.888595e-04 9.999998e-01 4.786207e-04 -2.753747e-01 2.734789e-03 -4.772814e-04 9.999961e-01 3.053655e+01
1.000000e+00 -1.491552e-04 -1.080868e-04 6.170626e-02 1.490824e-04 9.999998e-01 -6.709179e-04 -2.711189e-01 1.081865e-04 6.709011e-04 9.999998e-01 2.957373e+01
9.999908e-01 7.590553e-04 -4.216060e-03 -2.070294e-01 -7.572246e-04 9.999996e-01 4.357478e-04 -2.650021e-01 4.216389e-03 -4.325507e-04 9.999910e-01 2.836637e+01
9.999997e-01 -5.116530e-04 5.807557e-04 -1.785053e-01 5.120610e-04 9.999996e-01 -7.029435e-04 -2.885988e-01 -5.803961e-04 7.032400e-04 9.999996e-01 2.931259e+01
9.999847e-01 8.010260e-04 -5.476580e-03 7.764492e-04 -7.955434e-04 9.999992e-01 1.003176e-03 -3.268066e-01 5.477379e-03 -9.988031e-04 9.999845e-01 2.980151e+01
9.999978e-01 -1.851040e-04 2.080601e-03 -2.124975e-01 1.881684e-04 9.999989e-01 -1.472848e-03 -3.184893e-01 -2.080327e-03 1.473236e-03 9.999968e-01 2.821097e+01
9.999847e-01 8.398279e-04 -5.476392e-03 -4.395656e-01 -8.342598e-04 9.999991e-01 1.018917e-03 -3.096990e-01 5.477243e-03 -1.014331e-03 9.999845e-01 2.650517e+01
9.999982e-01 -5.553712e-04 1.839505e-03 -5.508640e-01 5.573172e-04 9.999993e-01 -1.057664e-03 -3.132690e-01 -1.838916e-03 1.058687e-03 9.999977e-01 2.595580e+01
9.999816e-01 9.947826e-04 -5.988344e-03 -8.292223e-01 -9.893880e-04 9.999991e-01 9.037104e-04 -3.154719e-01 5.989237e-03 -8.977683e-04 9.999817e-01 2.678998e+01
9.999995e-01 -4.648365e-04 9.102293e-04 -1.227311e+00 4.656340e-04 9.999995e-01 -8.763772e-04 -3.068896e-01 -9.098217e-04 8.767999e-04 9.999992e-01 2.734342e+01
9.999859e-01 6.931675e-04 -5.272040e-03 -1.123753e+00 -6.867099e-04 9.999990e-01 1.226548e-03 -3.224558e-01 5.272885e-03 -1.222910e-03 9.999854e-01 2.765425e+01
9.999983e-01 -3.563537e-04 1.788704e-03 -7.898478e-01 3.580528e-04 9.999995e-01 -9.497695e-04 -3.258214e-01 -1.788365e-03 9.504077e-04 9.999979e-01 2.725977e+01
9.999806e-01 7.198719e-04 -6.187890e-03 -2.050668e-01 -7.116075e-04 9.999989e-01 1.337634e-03 -3.449708e-01 6.188846e-03 -1.333204e-03 9.999800e-01 2.732321e+01
9.999984e-01 -1.737667e-04 1.752747e-03 5.919581e-01 1.761906e-04 9.999990e-01 -1.382947e-03 -3.843598e-01 -1.752506e-03 1.383253e-03 9.999975e-01 2.797155e+01
9.999794e-01 8.102550e-04 -6.369802e-03 1.490543e+00 -8.022922e-04 9.999989e-01 1.252510e-03 -4.380937e-01 6.370810e-03 -1.247373e-03 9.999789e-01 2.894470e+01
9.999978e-01 -3.434106e-04 2.068518e-03 2.275658e+00 3.456146e-04 9.999994e-01 -1.065359e-03 -4.739637e-01 -2.068151e-03 1.066071e-03 9.999973e-01 2.933870e+01
9.999870e-01 7.418037e-04 -5.039489e-03 2.360042e+00 -7.372475e-04 9.999993e-01 9.058432e-04 -4.699652e-01 5.040158e-03 -9.021154e-04 9.999869e-01 2.834352e+01
9.999997e-01 -1.903395e-04 7.095367e-04 2.172806e+00 1.910545e-04 9.999995e-01 -1.008041e-03 -4.625287e-01 -7.093447e-04 1.008175e-03 9.999992e-01 2.752176e+01
9.999769e-01 8.801503e-04 -6.745351e-03 1.737679e+00 -8.720390e-04 9.999989e-01 1.205317e-03 -4.496628e-01 6.746405e-03 -1.199406e-03 9.999765e-01 2.700920e+01
9.999996e-01 -2.021913e-04 8.595482e-04 1.304383e+00 2.030724e-04 9.999995e-01 -1.025370e-03 -4.394706e-01 -8.593407e-04 1.025544e-03 9.999991e-01 2.640884e+01
9.999883e-01 6.526999e-04 -4.786246e-03 1.310470e+00 -6.473593e-04 9.999992e-01 1.117252e-03 -4.388421e-01 4.786972e-03 -1.114140e-03 9.999879e-01 2.581391e+01
9.999989e-01 -2.604331e-04 1.478127e-03 1.448279e+00 2.619632e-04 9.999994e-01 -1.035222e-03 -4.376903e-01 -1.477856e-03 1.035607e-03 9.999984e-01 2.515383e+01
9.999876e-01 6.052519e-04 -4.942576e-03 1.583257e+00 -5.992209e-04 9.999991e-01 1.221537e-03 -4.395693e-01 4.943311e-03 -1.218559e-03 9.999870e-01 2.455737e+01
9.999981e-01 -3.204778e-04 1.940517e-03 1.786164e+00 3.227444e-04 9.999993e-01 -1.167939e-03 -4.405423e-01 -1.940141e-03 1.168563e-03 9.999974e-01 2.394550e+01
9.999867e-01 5.690627e-04 -5.120922e-03 2.112895e+00 -5.619081e-04 9.999989e-01 1.398417e-03 -4.479614e-01 5.121712e-03 -1.395521e-03 9.999859e-01 2.367901e+01
9.999980e-01 -2.983788e-04 1.958262e-03 2.383349e+00 3.008238e-04 9.999992e-01 -1.248509e-03 -4.523411e-01 -1.957888e-03 1.249095e-03 9.999973e-01 2.323466e+01
9.999886e-01 6.146935e-04 -4.737267e-03 2.690497e+00 -6.087203e-04 9.999990e-01 1.262186e-03 -4.538185e-01 4.738039e-03 -1.259287e-03 9.999880e-01 2.263546e+01
9.999996e-01 -1.602866e-04 9.202897e-04 3.075198e+00 1.616532e-04 9.999989e-01 -1.485440e-03 -4.926068e-01 -9.200508e-04 1.485587e-03 9.999985e-01 2.356988e+01
9.999873e-01 7.011967e-04 -4.991066e-03 3.572431e+00 -6.938716e-04 9.999987e-01 1.469167e-03 -5.466035e-01 4.992090e-03 -1.465685e-03 9.999865e-01 2.471792e+01
9.999995e-01 -3.540631e-04 9.823074e-04 3.920034e+00 3.551671e-04 9.999993e-01 -1.124165e-03 -5.685282e-01 -9.819090e-04 1.124512e-03 9.999989e-01 2.493167e+01
9.999892e-01 6.724890e-04 -4.601893e-03 4.154892e+00 -6.661717e-04 9.999988e-01 1.374104e-03 -5.757260e-01 4.602812e-03 -1.371023e-03 9.999885e-01 2.472005e+01
9.999998e-01 -3.714148e-04 4.942130e-04 4.356464e+00 3.719008e-04 9.999994e-01 -9.840788e-04 -5.895450e-01 -4.938475e-04 9.842617e-04 9.999994e-01 2.481251e+01
9.999903e-01 7.104304e-04 -4.352308e-03 4.629544e+00 -7.071396e-04 9.999995e-01 7.575546e-04 -6.253125e-01 4.352845e-03 -7.544688e-04 9.999902e-01 2.577503e+01
9.999998e-01 -3.312461e-04 5.904500e-04 4.761001e+00 3.317864e-04 9.999995e-01 -9.157921e-04 -6.608231e-01 -5.901467e-04 9.159871e-04 9.999994e-01 2.689511e+01
9.999894e-01 6.060456e-04 -4.554263e-03 4.784157e+00 -6.011579e-04 9.999992e-01 1.074437e-03 -6.777807e-01 4.554911e-03 -1.071687e-03 9.999891e-01 2.745368e+01
9.999997e-01 -2.894968e-04 7.597251e-04 4.799027e+00 2.903312e-04 9.999994e-01 -1.098810e-03 -6.968279e-01 -7.594068e-04 1.099030e-03 9.999991e-01 2.823925e+01
9.999884e-01 5.450048e-04 -4.791567e-03 4.854481e+00 -5.396406e-04 9.999992e-01 1.120674e-03 -7.176998e-01 4.792174e-03 -1.118075e-03 9.999879e-01 2.893506e+01
9.999999e-01 -2.345290e-04 4.826588e-04 4.761608e+00 2.350102e-04 9.999995e-01 -9.976518e-04 -7.223861e-01 -4.824248e-04 9.977645e-04 9.999994e-01 2.946398e+01
9.999832e-01 7.613893e-04 -5.750443e-03 4.253954e+00 -7.554669e-04 9.999992e-01 1.031969e-03 -6.990890e-01 5.751225e-03 -1.027607e-03 9.999829e-01 2.990375e+01
9.999996e-01 -3.388275e-04 8.629319e-04 3.880578e+00 3.397237e-04 9.999994e-01 -1.038889e-03 -6.802631e-01 -8.625796e-04 1.039181e-03 9.999991e-01 3.041013e+01
9.999844e-01 6.633999e-04 -5.539153e-03 3.727682e+00 -6.562141e-04 9.999989e-01 1.298943e-03 -6.764113e-01 5.540010e-03 -1.295287e-03 9.999838e-01 3.076602e+01
9.999990e-01 -3.526619e-04 1.339958e-03 3.539906e+00 3.542382e-04 9.999992e-01 -1.176490e-03 -6.742779e-01 -1.339542e-03 1.176963e-03 9.999984e-01 3.117904e+01
9.999790e-01 6.811038e-04 -6.437118e-03 3.523689e+00 -6.704358e-04 9.999984e-01 1.659239e-03 -6.850758e-01 6.438238e-03 -1.654887e-03 9.999779e-01 3.125241e+01
9.999946e-01 -3.065478e-04 3.261687e-03 3.738289e+00 3.119298e-04 9.999986e-01 -1.649764e-03 -6.856052e-01 -3.261177e-03 1.650772e-03 9.999933e-01 3.063459e+01
9.999705e-01 5.918705e-04 -7.660048e-03 3.906501e+00 -5.761597e-04 9.999977e-01 2.053011e-03 -6.931875e-01 7.661246e-03 -2.048536e-03 9.999686e-01 3.069315e+01
9.999975e-01 -6.832326e-05 2.223425e-03 3.343442e+00 7.272600e-05 9.999980e-01 -1.980263e-03 -6.626504e-01 -2.223285e-03 1.980419e-03 9.999956e-01 3.109008e+01
9.999591e-01 7.399302e-04 -9.019037e-03 2.572038e+00 -7.208435e-04 9.999975e-01 2.119305e-03 -6.334178e-01 9.020583e-03 -2.112716e-03 9.999571e-01 3.123135e+01
9.999992e-01 1.263759e-04 1.252436e-03 1.573890e+00 -1.239175e-04 9.999981e-01 -1.962987e-03 -5.996528e-01 -1.252682e-03 1.962830e-03 9.999973e-01 3.123398e+01
9.999732e-01 5.356261e-04 -7.307571e-03 8.637389e-01 -5.211570e-04 9.999979e-01 1.981729e-03 -5.766815e-01 7.308618e-03 -1.977867e-03 9.999713e-01 3.160421e+01
9.999980e-01 1.806871e-05 1.974907e-03 3.495694e-01 -1.418132e-05 9.999981e-01 -1.968530e-03 -5.597958e-01 -1.974939e-03 1.968498e-03 9.999961e-01 3.204203e+01
9.999745e-01 5.086959e-04 -7.128470e-03 -1.678760e-01 -4.949035e-04 9.999980e-01 1.936428e-03 -5.349710e-01 7.129441e-03 -1.932850e-03 9.999727e-01 3.255898e+01
9.999987e-01 -1.828303e-05 1.623788e-03 -6.615141e-01 2.131212e-05 9.999983e-01 -1.865622e-03 -5.118853e-01 -1.623752e-03 1.865653e-03 9.999969e-01 3.295483e+01
9.999805e-01 4.307497e-04 -6.226657e-03 -4.481273e-01 -4.167186e-04 9.999974e-01 2.254467e-03 -5.176121e-01 6.227612e-03 -2.251828e-03 9.999781e-01 3.294560e+01
9.999994e-01 7.414855e-06 1.119365e-03 -4.955094e-01 -5.269405e-06 9.999982e-01 -1.916917e-03 -5.145612e-01 -1.119377e-03 1.916909e-03 9.999975e-01 3.301112e+01
9.999804e-01 3.965800e-04 -6.241263e-03 -6.564198e-01 -3.827590e-04 9.999975e-01 2.215436e-03 -5.077403e-01 6.242126e-03 -2.213003e-03 9.999781e-01 3.319687e+01
9.999999e-01 2.568946e-04 -4.789916e-04 -1.152688e+00 -2.577755e-04 9.999983e-01 -1.839297e-03 -4.898323e-01 4.785180e-04 1.839419e-03 9.999982e-01 3.315005e+01
9.999909e-01 1.570693e-04 -4.258572e-03 -7.700532e-01 -1.478512e-04 9.999976e-01 2.164779e-03 -5.035752e-01 4.258902e-03 -2.164130e-03 9.999886e-01 3.331354e+01
1.000000e+00 1.579544e-04 -8.057084e-08 -7.039926e-01 -1.579545e-04 9.999979e-01 -2.067024e-03 -5.204319e-01 -2.461528e-07 2.067024e-03 9.999979e-01 3.394768e+01
9.999833e-01 3.713528e-04 -5.765895e-03 -1.288650e+00 -3.591661e-04 9.999977e-01 2.114438e-03 -4.932602e-01 5.766668e-03 -2.112331e-03 9.999811e-01 3.431316e+01
9.999999e-01 1.456939e-04 -3.803429e-04 -1.711306e+00 -1.463596e-04 9.999985e-01 -1.749952e-03 -4.815253e-01 3.800872e-04 1.750007e-03 9.999984e-01 3.433446e+01
9.999865e-01 3.130833e-04 -5.181478e-03 -2.096279e+00 -3.025880e-04 9.999979e-01 2.026137e-03 -4.692801e-01 5.182101e-03 -2.024541e-03 9.999845e-01 3.447770e+01
1.000000e+00 1.936082e-04 1.436793e-04 -2.495359e+00 -1.933147e-04 9.999979e-01 -2.041980e-03 -4.462099e-01 -1.440745e-04 2.041952e-03 9.999979e-01 3.497892e+01
9.999837e-01 2.629904e-04 -5.696600e-03 -2.893153e+00 -2.503884e-04 9.999975e-01 2.212745e-03 -4.236343e-01 5.697168e-03 -2.211282e-03 9.999813e-01 3.526521e+01
9.999999e-01 2.406099e-04 -2.272257e-04 -3.381180e+00 -2.410580e-04 9.999980e-01 -1.972522e-03 -4.048239e-01 2.267504e-04 1.972576e-03 9.999980e-01 3.542721e+01
9.999863e-01 2.321744e-04 -5.225673e-03 -3.604126e+00 -2.199164e-04 9.999972e-01 2.346105e-03 -3.981225e-01 5.226203e-03 -2.344923e-03 9.999836e-01 3.529358e+01
9.999988e-01 5.423366e-04 -1.452930e-03 -4.415267e+00 -5.455574e-04 9.999974e-01 -2.217045e-03 -3.626691e-01 1.451724e-03 2.217835e-03 9.999965e-01 3.545223e+01
9.999934e-01 -4.044683e-06 -3.642860e-03 -4.968959e+00 1.147224e-05 9.999979e-01 2.038831e-03 -3.275727e-01 3.642845e-03 -2.038859e-03 9.999913e-01 3.608285e+01
9.999998e-01 4.168893e-04 -3.935223e-04 -4.925160e+00 -4.176430e-04 9.999981e-01 -1.916240e-03 -3.200700e-01 3.927225e-04 1.916403e-03 9.999981e-01 3.620510e+01
9.999950e-01 -1.496316e-04 -3.146841e-03 -4.216303e+00 1.565462e-04 9.999976e-01 2.197079e-03 -3.278030e-01 3.146505e-03 -2.197560e-03 9.999926e-01 3.601376e+01
9.999986e-01 4.725462e-04 -1.621074e-03 -3.648312e+00 -4.757832e-04 9.999979e-01 -1.996871e-03 -3.553091e-01 1.620127e-03 1.997639e-03 9.999967e-01 3.636829e+01
9.999961e-01 -1.431568e-04 -2.797581e-03 -3.450241e+00 1.492815e-04 9.999976e-01 2.189099e-03 -3.709747e-01 2.797261e-03 -2.189507e-03 9.999937e-01 3.690395e+01
9.999980e-01 4.733467e-04 -1.927326e-03 -3.031789e+00 -4.770549e-04 9.999980e-01 -1.923835e-03 -3.960698e-01 1.926412e-03 1.924750e-03 9.999963e-01 3.727177e+01
9.999970e-01 -1.809972e-04 -2.430885e-03 -2.378533e+00 1.866779e-04 9.999973e-01 2.336708e-03 -4.133950e-01 2.430456e-03 -2.337155e-03 9.999943e-01 3.728559e+01
9.999993e-01 4.746912e-04 -1.103052e-03 -1.963662e+00 -4.770311e-04 9.999976e-01 -2.121702e-03 -4.136154e-01 1.102042e-03 2.122226e-03 9.999971e-01 3.668805e+01
9.999985e-01 -1.233696e-04 -1.708130e-03 -1.673747e+00 1.267919e-04 9.999980e-01 2.003386e-03 -4.094743e-01 1.707879e-03 -2.003599e-03 9.999965e-01 3.579754e+01
9.999996e-01 4.423035e-04 -7.417533e-04 -1.275200e+00 -4.438916e-04 9.999976e-01 -2.141870e-03 -4.047106e-01 7.408039e-04 2.142198e-03 9.999974e-01 3.497959e+01
9.999983e-01 -1.994498e-04 -1.825902e-03 -7.209147e-01 2.033356e-04 9.999977e-01 2.127999e-03 -4.106408e-01 1.825473e-03 -2.128366e-03 9.999961e-01 3.464693e+01
9.999978e-01 5.595315e-04 -2.018314e-03 -2.241175e-01 -5.634934e-04 9.999979e-01 -1.962737e-03 -4.370472e-01 2.017211e-03 1.963869e-03 9.999960e-01 3.490716e+01
9.999981e-01 -1.427649e-04 -1.928835e-03 2.105090e-01 1.469361e-04 9.999977e-01 2.162409e-03 -4.636996e-01 1.928522e-03 -2.162688e-03 9.999958e-01 3.532652e+01
9.999981e-01 4.682954e-04 -1.888095e-03 8.059920e-01 -4.718733e-04 9.999981e-01 -1.894820e-03 -4.803888e-01 1.887204e-03 1.895707e-03 9.999964e-01 3.536308e+01
9.999969e-01 -2.321855e-04 -2.495863e-03 1.353487e+00 2.376945e-04 9.999975e-01 2.207057e-03 -4.908324e-01 2.495345e-03 -2.207643e-03 9.999944e-01 3.530972e+01
9.999981e-01 6.478674e-04 -1.861875e-03 1.761067e+00 -6.516498e-04 9.999977e-01 -2.031470e-03 -4.952347e-01 1.860554e-03 2.032678e-03 9.999962e-01 3.550611e+01
9.999987e-01 -3.093859e-04 -1.568592e-03 2.275205e+00 3.127344e-04 9.999977e-01 2.134713e-03 -4.956699e-01 1.567928e-03 -2.135201e-03 9.999965e-01 3.495366e+01
9.999989e-01 5.759184e-04 -1.402455e-03 2.943756e+00 -5.787345e-04 9.999978e-01 -2.008183e-03 -4.966767e-01 1.401296e-03 2.008991e-03 9.999970e-01 3.447874e+01
9.999985e-01 -2.664786e-04 -1.714355e-03 3.694690e+00 2.700880e-04 9.999977e-01 2.105351e-03 -5.009276e-01 1.713790e-03 -2.105810e-03 9.999963e-01 3.411962e+01
9.999993e-01 5.244913e-04 -1.012786e-03 4.523986e+00 -5.265930e-04 9.999977e-01 -2.075680e-03 -5.022474e-01 1.011695e-03 2.076211e-03 9.999973e-01 3.367491e+01
9.999971e-01 -3.068786e-04 -2.368905e-03 5.187388e+00 3.125078e-04 9.999971e-01 2.376130e-03 -5.119436e-01 2.368169e-03 -2.376863e-03 9.999944e-01 3.345986e+01
9.999992e-01 6.117724e-04 -1.101935e-03 5.728140e+00 -6.141752e-04 9.999974e-01 -2.181186e-03 -5.291006e-01 1.100598e-03 2.181860e-03 9.999970e-01 3.350226e+01
9.999966e-01 -3.168303e-04 -2.570890e-03 6.305377e+00 3.230794e-04 9.999970e-01 2.430534e-03 -5.467457e-01 2.570112e-03 -2.431356e-03 9.999937e-01 3.352859e+01
9.999979e-01 6.515677e-04 -1.964422e-03 6.985366e+00 -6.556055e-04 9.999977e-01 -2.055353e-03 -5.666906e-01 1.963078e-03 2.056636e-03 9.999960e-01 3.357465e+01
9.999963e-01 -2.666353e-04 -2.705728e-03 7.632735e+00 2.732256e-04 9.999970e-01 2.435498e-03 -5.917005e-01 2.705070e-03 -2.436227e-03 9.999934e-01 3.374735e+01
9.999980e-01 6.559305e-04 -1.867724e-03 8.209250e+00 -6.599578e-04 9.999975e-01 -2.156267e-03 -6.179549e-01 1.866305e-03 2.157495e-03 9.999959e-01 3.399363e+01
9.999973e-01 -3.708268e-04 -2.289187e-03 9.003228e+00 3.764830e-04 9.999969e-01 2.470766e-03 -6.301599e-01 2.288263e-03 -2.471621e-03 9.999943e-01 3.383088e+01
9.999956e-01 7.606635e-04 -2.860042e-03 9.152693e+00 -7.666662e-04 9.999975e-01 -2.098186e-03 -6.375252e-01 2.858439e-03 2.100369e-03 9.999937e-01 3.399975e+01
9.999950e-01 -2.443722e-04 -3.141707e-03 8.984844e+00 2.518977e-04 9.999971e-01 2.395070e-03 -6.344249e-01 3.141113e-03 -2.395848e-03 9.999922e-01 3.421799e+01
9.999960e-01 6.715502e-04 -2.737175e-03 9.064032e+00 -6.768935e-04 9.999979e-01 -1.951527e-03 -6.357380e-01 2.735858e-03 1.953372e-03 9.999943e-01 3.434463e+01
9.999977e-01 -1.851732e-04 -2.133690e-03 9.745223e+00 1.899572e-04 9.999975e-01 2.241983e-03 -6.628651e-01 2.133269e-03 -2.242383e-03 9.999952e-01 3.455424e+01
9.999995e-01 3.900504e-04 -8.712489e-04 1.037410e+01 -3.918162e-04 9.999979e-01 -2.027114e-03 -6.719662e-01 8.704562e-04 2.027454e-03 9.999976e-01 3.435189e+01
9.999988e-01 -1.298256e-05 -1.558272e-03 1.060121e+01 1.581871e-05 9.999983e-01 1.819837e-03 -6.667282e-01 1.558246e-03 -1.819859e-03 9.999971e-01 3.336059e+01
9.999989e-01 3.223360e-04 -1.438980e-03 1.114532e+01 -3.247635e-04 9.999985e-01 -1.686765e-03 -6.733121e-01 1.438434e-03 1.687230e-03 9.999975e-01 3.307071e+01
9.999967e-01 1.876277e-05 -2.549661e-03 1.171933e+01 -1.366493e-05 9.999980e-01 1.999284e-03 -6.921690e-01 2.549694e-03 -1.999242e-03 9.999948e-01 3.315757e+01
9.999993e-01 2.146172e-04 -1.149016e-03 1.222766e+01 -2.165126e-04 9.999986e-01 -1.649326e-03 -7.020414e-01 1.148660e-03 1.649573e-03 9.999980e-01 3.287717e+01
9.999988e-01 3.072072e-05 -1.549581e-03 1.297567e+01 -2.806237e-05 9.999985e-01 1.715287e-03 -7.056978e-01 1.549632e-03 -1.715241e-03 9.999973e-01 3.247671e+01
9.999948e-01 3.877050e-04 -3.212627e-03 1.363723e+01 -3.919468e-04 9.999991e-01 -1.319727e-03 -7.309994e-01 3.212112e-03 1.320978e-03 9.999940e-01 3.266015e+01
9.999988e-01 -1.126671e-05 -1.543727e-03 1.414183e+01 1.398623e-05 9.999984e-01 1.761423e-03 -7.553726e-01 1.543704e-03 -1.761442e-03 9.999973e-01 3.289586e+01
9.999955e-01 3.866465e-04 -2.966075e-03 1.475950e+01 -3.907528e-04 9.999990e-01 -1.383836e-03 -7.800920e-01 2.965537e-03 1.384988e-03 9.999946e-01 3.312116e+01
9.999997e-01 -1.738140e-04 -8.184068e-04 1.547155e+01 1.752371e-04 9.999985e-01 1.738658e-03 -7.922683e-01 8.181035e-04 -1.738800e-03 9.999982e-01 3.297677e+01
9.999946e-01 4.722894e-04 -3.240992e-03 1.615071e+01 -4.768720e-04 9.999989e-01 -1.413201e-03 -8.068876e-01 3.240321e-03 1.414738e-03 9.999937e-01 3.292636e+01
9.999995e-01 -2.116763e-04 -1.016298e-03 1.678558e+01 2.135932e-04 9.999982e-01 1.886019e-03 -8.220448e-01 1.015898e-03 -1.886235e-03 9.999977e-01 3.291712e+01
9.999942e-01 5.189178e-04 -3.363136e-03 1.729720e+01 -5.237003e-04 9.999989e-01 -1.421196e-03 -8.402557e-01 3.362395e-03 1.422948e-03 9.999933e-01 3.300624e+01
9.999992e-01 -1.847268e-04 -1.256186e-03 1.775013e+01 1.870990e-04 9.999982e-01 1.888275e-03 -8.637451e-01 1.255835e-03 -1.888508e-03 9.999974e-01 3.318959e+01
9.999923e-01 6.394228e-04 -3.861581e-03 1.869513e+01 -6.448045e-04 9.999988e-01 -1.392474e-03 -8.832156e-01 3.860686e-03 1.394953e-03 9.999916e-01 3.315617e+01
9.999998e-01 -1.226729e-04 -6.510723e-04 1.878646e+01 1.236628e-04 9.999988e-01 1.520001e-03 -8.867118e-01 6.508853e-04 -1.520080e-03 9.999986e-01 3.363755e+01
9.999890e-01 5.309273e-04 -4.666992e-03 1.857691e+01 -5.374248e-04 9.999989e-01 -1.391005e-03 -8.697658e-01 4.666248e-03 1.393497e-03 9.999881e-01 3.410807e+01
9.999996e-01 -1.590079e-04 8.399685e-04 1.948189e+01 1.577354e-04 9.999988e-01 1.515267e-03 -8.722710e-01 -8.402083e-04 -1.515134e-03 9.999985e-01 3.372062e+01
9.999915e-01 5.562808e-04 -4.092187e-03 2.041881e+01 -5.622979e-04 9.999988e-01 -1.469291e-03 -8.680273e-01 4.091365e-03 1.471578e-03 9.999905e-01 3.320899e+01
9.999998e-01 -2.251645e-04 -5.170012e-04 2.101504e+01 2.261248e-04 9.999982e-01 1.857370e-03 -8.786708e-01 5.165822e-04 -1.857486e-03 9.999981e-01 3.313245e+01
9.999907e-01 6.815406e-04 -4.257243e-03 2.152240e+01 -6.879473e-04 9.999986e-01 -1.503530e-03 -8.934517e-01 4.256212e-03 1.506444e-03 9.999898e-01 3.324037e+01
9.999995e-01 -1.725618e-04 -9.449419e-04 2.231754e+01 1.742134e-04 9.999985e-01 1.747656e-03 -9.255616e-01 9.446390e-04 -1.747819e-03 9.999980e-01 3.359586e+01
9.999910e-01 6.505624e-04 -4.188103e-03 2.312245e+01 -6.565032e-04 9.999988e-01 -1.417180e-03 -9.600561e-01 4.187176e-03 1.419916e-03 9.999902e-01 3.406771e+01
9.999999e-01 -3.045577e-04 -3.374470e-04 2.367186e+01 3.051591e-04 9.999984e-01 1.782515e-03 -9.819980e-01 3.369038e-04 -1.782617e-03 9.999984e-01 3.423423e+01
9.999939e-01 5.966960e-04 -3.436831e-03 2.423066e+01 -6.015911e-04 9.999988e-01 -1.423334e-03 -9.975836e-01 3.435977e-03 1.425392e-03 9.999931e-01 3.423881e+01
9.999999e-01 -3.620713e-04 1.285647e-04 2.466034e+01 3.618584e-04 9.999986e-01 1.655542e-03 -1.001506e+00 -1.291638e-04 -1.655495e-03 9.999986e-01 3.380296e+01
9.999910e-01 6.309240e-04 -4.184156e-03 2.491769e+01 -6.366711e-04 9.999989e-01 -1.372269e-03 -1.017808e+00 4.183285e-03 1.374920e-03 9.999903e-01 3.396998e+01
9.999997e-01 1.298540e-05 -8.260877e-04 2.593696e+01 -1.189125e-05 9.999991e-01 1.324007e-03 -1.042547e+00 8.261043e-04 -1.323996e-03 9.999988e-01 3.427280e+01
9.999937e-01 4.377910e-04 -3.508803e-03 2.718251e+01 -4.413531e-04 9.999994e-01 -1.014372e-03 -1.062532e+00 3.508357e-03 1.015913e-03 9.999933e-01 3.424775e+01
9.999995e-01 -1.110933e-04 -9.638823e-04 2.734516e+01 1.124591e-04 9.999990e-01 1.416592e-03 -1.067384e+00 9.637241e-04 -1.416699e-03 9.999985e-01 3.423986e+01
9.999886e-01 6.204030e-04 -4.736124e-03 2.705901e+01 -6.255460e-04 9.999992e-01 -1.084423e-03 -1.059802e+00 4.735448e-03 1.087373e-03 9.999882e-01 3.392118e+01
9.999986e-01 -1.876763e-04 1.639403e-03 2.716188e+01 1.861847e-04 9.999996e-01 9.102002e-04 -1.055734e+00 -1.639573e-03 -9.098932e-04 9.999982e-01 3.284252e+01
9.999878e-01 5.998270e-04 -4.910110e-03 2.737704e+01 -6.050635e-04 9.999992e-01 -1.064986e-03 -1.056386e+00 4.909467e-03 1.067943e-03 9.999874e-01 3.217345e+01
9.999997e-01 -2.568272e-04 7.147618e-04 2.784371e+01 2.558457e-04 9.999990e-01 1.373609e-03 -1.076860e+00 -7.151137e-04 -1.373425e-03 9.999988e-01 3.239645e+01
9.999851e-01 6.650436e-04 -5.417120e-03 2.853121e+01 -6.706646e-04 9.999992e-01 -1.035817e-03 -1.104020e+00 5.416427e-03 1.039434e-03 9.999848e-01 3.261765e+01
9.999992e-01 -3.083308e-04 1.263980e-03 2.912516e+01 3.065659e-04 9.999990e-01 1.396552e-03 -1.124266e+00 -1.264410e-03 -1.396163e-03 9.999982e-01 3.272318e+01
9.999928e-01 5.266899e-04 -3.757956e-03 2.951171e+01 -5.316021e-04 9.999990e-01 -1.306171e-03 -1.124342e+00 3.757265e-03 1.308158e-03 9.999921e-01 3.212935e+01
9.999981e-01 -1.988622e-04 1.951578e-03 3.042548e+01 1.969516e-04 9.999995e-01 9.793744e-04 -1.143150e+00 -1.951771e-03 -9.789876e-04 9.999976e-01 3.195457e+01
9.999890e-01 5.363078e-04 -4.660014e-03 3.157273e+01 -5.415597e-04 9.999992e-01 -1.125745e-03 -1.162381e+00 4.659407e-03 1.128256e-03 9.999885e-01 3.177180e+01
9.999972e-01 -2.821620e-04 2.329718e-03 3.233690e+01 2.795830e-04 9.999993e-01 1.107435e-03 -1.159751e+00 -2.330029e-03 -1.106780e-03 9.999967e-01 3.110617e+01
9.999834e-01 6.688342e-04 -5.723036e-03 3.327909e+01 -6.744950e-04 9.999993e-01 -9.871825e-04 -1.170086e+00 5.722372e-03 9.910257e-04 9.999831e-01 3.082331e+01
9.999998e-01 -1.306162e-04 6.171151e-04 3.417886e+01 1.298372e-04 9.999992e-01 1.262831e-03 -1.199805e+00 -6.172794e-04 -1.262750e-03 9.999990e-01 3.107898e+01
9.999834e-01 5.908351e-04 -5.722858e-03 3.487519e+01 -5.958321e-04 9.999994e-01 -8.714288e-04 -1.231477e+00 5.722340e-03 8.748236e-04 9.999832e-01 3.142305e+01
9.999994e-01 -1.317380e-04 1.086677e-03 3.517065e+01 1.304718e-04 9.999993e-01 1.165643e-03 -1.248193e+00 -1.086829e-03 -1.165500e-03 9.999987e-01 3.177535e+01
9.999782e-01 5.715675e-04 -6.577550e-03 3.502015e+01 -5.767809e-04 9.999995e-01 -7.906674e-04 -1.243784e+00 6.577095e-03 7.944434e-04 9.999781e-01 3.192345e+01
9.999978e-01 -2.188197e-04 2.085358e-03 3.541084e+01 2.165923e-04 9.999994e-01 1.068455e-03 -1.267430e+00 -2.085591e-03 -1.068000e-03 9.999973e-01 3.224908e+01
9.999643e-01 1.250508e-03 -8.359194e-03 3.723253e+01 -1.260915e-03 9.999984e-01 -1.239845e-03 -1.336955e+00 8.357630e-03 1.250341e-03 9.999643e-01 3.327238e+01
