9.999724e-01 1.396579e-03 -7.300788e-03 2.358717e-02 -1.403357e-03 9.999986e-01 -9.233216e-04 4.432210e-02 7.299488e-03 9.335410e-04 9.999729e-01 9.964727e-01
9.999999e-01 2.509598e-05 3.760212e-04 1.045142e+00 -2.494173e-05 9.999999e-01 -4.101411e-04 8.763487e-02 -3.760311e-04 4.101324e-04 9.999998e-01 2.106183e+00
9.999816e-01 1.132368e-03 -5.952428e-03 2.086102e+00 -1.131878e-03 9.999994e-01 8.556205e-05 7.479142e-02 5.952520e-03 -7.882377e-05 9.999823e-01 3.353303e+00
9.999998e-01 -4.849846e-04 3.001710e-04 2.007362e+00 4.850635e-04 9.999998e-01 -2.629301e-04 8.557433e-02 -3.000431e-04 2.630764e-04 9.999999e-01 4.261387e+00
9.999874e-01 1.077871e-03 -4.908677e-03 2.500870e+00 -1.075930e-03 9.999993e-01 3.979857e-04 7.303844e-02 4.909103e-03 -3.927000e-04 9.999879e-01 4.628041e+00
9.999996e-01 -4.700549e-04 -7.153949e-04 2.256703e+00 4.698561e-04 9.999999e-01 -2.780353e-04 8.248475e-02 7.155258e-04 2.776998e-04 9.999997e-01 4.954878e+00
9.999867e-01 1.172095e-03 -5.021607e-03 1.967399e+00 -1.170685e-03 9.999993e-01 2.838537e-04 8.995228e-02 5.021936e-03 -2.779719e-04 9.999874e-01 5.417194e+00
9.999997e-01 -4.718701e-04 -6.612628e-04 2.141525e+00 4.715702e-04 9.999998e-01 -4.535757e-04 8.532166e-02 6.614770e-04 4.532644e-04 9.999997e-01 6.167394e+00
9.999861e-01 1.223139e-03 -5.124871e-03 2.189326e+00 -1.222378e-03 9.999992e-01 1.516487e-04 8.426452e-02 5.125052e-03 -1.453828e-04 9.999869e-01 7.235984e+00
9.999986e-01 -2.210437e-04 -1.661165e-03 1.856308e+00 2.194855e-04 9.999995e-01 -9.382243e-04 1.079683e-01 1.661372e-03 9.378591e-04 9.999982e-01 8.825585e+00
9.999847e-01 1.329083e-03 -5.372658e-03 1.382552e+00 -1.329211e-03 9.999991e-01 -2.027455e-05 1.435767e-01 5.372626e-03 2.741493e-05 9.999856e-01 1.062457e+01
9.999989e-01 -3.398221e-04 -1.452824e-03 1.689345e+00 3.395029e-04 9.999999e-01 -2.200181e-04 1.486773e-01 1.452899e-03 2.195253e-04 9.999989e-01 1.170208e+01
9.999852e-01 1.395558e-03 -5.249849e-03 2.344047e+00 -1.397285e-03 9.999990e-01 -3.254224e-04 1.517380e-01 5.249389e-03 3.327524e-04 9.999862e-01 1.256136e+01
9.999981e-01 -3.174772e-04 -1.910719e-03 2.622813e+00 3.176214e-04 9.999999e-01 7.516370e-05 1.627914e-01 1.910695e-03 -7.576973e-05 9.999982e-01 1.353376e+01
9.999928e-01 1.264615e-03 -3.589799e-03 3.603893e+00 -1.266271e-03 9.999991e-01 -4.592007e-04 1.396255e-01 3.589215e-03 4.637424e-04 9.999935e-01 1.439021e+01
9.999944e-01 -3.326807e-04 -3.344232e-03 3.703786e+00 3.322305e-04 9.999999e-01 -1.351870e-04 1.480610e-01 3.344277e-03 1.340759e-04 9.999944e-01 1.599171e+01
9.999907e-01 1.435555e-03 -4.054688e-03 2.790782e+00 -1.437264e-03 9.999989e-01 -4.185968e-04 1.889279e-01 4.054083e-03 4.244198e-04 9.999917e-01 1.721257e+01
9.999941e-01 -4.447909e-04 -3.406600e-03 1.839954e+00 4.453894e-04 9.999999e-01 1.749089e-04 2.278624e-01 3.406522e-03 -1.764244e-04 9.999942e-01 1.794520e+01
9.999968e-01 1.161240e-03 -2.259541e-03 1.672649e+00 -1.162190e-03 9.999992e-01 -4.191297e-04 2.353277e-01 2.259052e-03 4.217537e-04 9.999974e-01 1.886351e+01
9.999901e-01 -2.761564e-04 -4.450165e-03 1.022849e+00 2.768544e-04 9.999999e-01 1.562302e-04 2.611995e-01 4.450122e-03 -1.574600e-04 9.999901e-01 1.966480e+01
9.999979e-01 1.123499e-03 -1.690377e-03 1.109883e+00 -1.124657e-03 9.999991e-01 -6.844794e-04 2.617162e-01 1.689606e-03 6.863783e-04 9.999983e-01 2.102575e+01
9.999895e-01 5.269121e-05 -4.584622e-03 1.407557e+00 -5.407778e-05 1.000000e+00 -3.023319e-04 2.655589e-01 4.584606e-03 3.025774e-04 9.999894e-01 2.307727e+01
9.999954e-01 1.548041e-03 -2.596609e-03 2.235667e+00 -1.550203e-03 9.999985e-01 -8.308033e-04 2.736866e-01 2.595319e-03 8.348241e-04 9.999963e-01 2.513662e+01
9.999875e-01 -7.383106e-05 -4.998389e-03 2.463098e+00 7.321330e-05 1.000000e+00 -1.237918e-04 3.061893e-01 4.998398e-03 1.234250e-04 9.999875e-01 2.682341e+01
9.999968e-01 1.264057e-03 -2.177079e-03 2.457816e+00 -1.266005e-03 9.999988e-01 -8.936907e-04 3.248760e-01 2.175946e-03 8.964434e-04 9.999972e-01 2.876147e+01
9.999884e-01 3.341004e-05 -4.806436e-03 2.445767e+00 -3.478745e-05 1.000000e+00 -2.865101e-04 3.500277e-01 4.806427e-03 2.866747e-04 9.999884e-01 3.092190e+01
9.999969e-01 1.275449e-03 -2.143404e-03 2.765114e+00 -1.276966e-03 9.999989e-01 -7.064650e-04 3.587847e-01 2.142501e-03 7.091992e-04 9.999975e-01 3.293067e+01
9.999950e-01 -2.539217e-04 -3.157482e-03 3.688464e+00 2.545105e-04 1.000000e+00 1.860674e-04 3.288709e-01 3.157435e-03 -1.868693e-04 9.999950e-01 3.445536e+01
9.999979e-01 1.371697e-03 -1.502177e-03 5.276507e+00 -1.373017e-03 9.999987e-01 -8.775806e-04 2.835148e-01 1.500971e-03 8.796406e-04 9.999985e-01 3.582384e+01
9.999878e-01 -3.139987e-04 -4.926415e-03 5.555240e+00 3.151144e-04 9.999999e-01 2.256727e-04 2.862609e-01 4.926344e-03 -2.272216e-04 9.999878e-01 3.740827e+01
9.999991e-01 1.088152e-03 -8.037046e-04 5.935871e+00 -1.088428e-03 9.999993e-01 -3.426876e-04 2.761636e-01 8.033308e-04 3.435613e-04 9.999996e-01 3.833403e+01
9.999889e-01 -2.322864e-04 -4.712560e-03 6.842513e+00 2.329894e-04 1.000000e+00 1.486124e-04 2.459176e-01 4.712526e-03 -1.497080e-04 9.999889e-01 3.924426e+01
9.999989e-01 1.013325e-03 -1.068740e-03 7.152544e+00 -1.013721e-03 9.999994e-01 -3.702027e-04 2.361211e-01 1.068364e-03 3.712850e-04 9.999994e-01 4.031401e+01
9.999877e-01 -2.839761e-04 -4.952583e-03 7.148227e+00 2.847716e-04 9.999999e-01 1.599047e-04 2.362546e-01 4.952537e-03 -1.613123e-04 9.999877e-01 4.121614e+01
9.999992e-01 9.828325e-04 -7.597677e-04 7.244269e+00 -9.829491e-04 9.999995e-01 -1.530683e-04 2.343706e-01 7.596165e-04 1.538143e-04 9.999997e-01 4.208684e+01
9.999908e-01 -3.890979e-04 -4.272627e-03 7.358637e+00 3.902148e-04 9.999999e-01 2.605656e-04 2.298068e-01 4.272525e-03 -2.622297e-04 9.999908e-01 4.257273e+01
9.999986e-01 1.053849e-03 -1.260916e-03 7.481706e+00 -1.054222e-03 9.999994e-01 -2.948133e-04 2.265352e-01 1.260605e-03 2.961415e-04 9.999992e-01 4.326542e+01
9.999882e-01 -3.433438e-04 -4.836518e-03 7.691340e+00 3.443149e-04 9.999999e-01 1.999407e-04 2.239228e-01 4.836449e-03 -2.016029e-04 9.999883e-01 4.413278e+01
9.999990e-01 1.006755e-03 -9.482117e-04 7.760393e+00 -1.006840e-03 9.999995e-01 -8.917074e-05 2.261733e-01 9.481211e-04 9.012464e-05 9.999995e-01 4.459671e+01
9.999899e-01 -5.483213e-04 -4.463432e-03 7.696215e+00 5.496776e-04 9.999998e-01 3.026324e-04 2.249476e-01 4.463266e-03 -3.050820e-04 9.999900e-01 4.493285e+01
9.999992e-01 1.010386e-03 -7.176817e-04 7.610054e+00 -1.010505e-03 9.999995e-01 -1.651465e-04 2.218033e-01 7.175141e-04 1.658709e-04 9.999997e-01 4.537614e+01
9.999860e-01 -4.735522e-04 -5.278091e-03 7.418132e+00 4.756211e-04 9.999998e-01 3.907121e-04 2.271734e-01 5.277905e-03 -3.932163e-04 9.999860e-01 4.560694e+01
9.999996e-01 8.495012e-04 2.404554e-04 7.436528e+00 -8.494651e-04 9.999996e-01 -1.505178e-04 2.223535e-01 -2.405835e-04 1.503128e-04 1.000000e+00 4.588194e+01
9.999870e-01 -3.741850e-04 -5.076283e-03 8.078727e+00 3.762207e-04 9.999998e-01 4.000581e-04 1.958615e-01 5.076132e-03 -4.019620e-04 9.999870e-01 4.625092e+01
9.999996e-01 8.514296e-04 -1.831293e-04 7.934454e+00 -8.514556e-04 9.999996e-01 -1.410315e-04 1.996146e-01 1.830088e-04 1.411866e-04 1.000000e+00 4.615579e+01
9.999822e-01 -3.316287e-04 -5.956522e-03 7.478250e+00 3.342311e-04 9.999998e-01 4.358904e-04 2.100474e-01 5.956377e-03 -4.378728e-04 9.999822e-01 4.622236e+01
9.999994e-01 9.458317e-04 5.969063e-04 7.358089e+00 -9.456213e-04 9.999995e-01 -3.530155e-04 2.110009e-01 -5.972402e-04 3.524501e-04 9.999998e-01 4.656609e+01
9.999824e-01 -5.264453e-04 -5.912056e-03 7.158836e+00 5.294600e-04 9.999997e-01 5.083573e-04 2.121109e-01 5.911787e-03 -5.114778e-04 9.999824e-01 4.714306e+01
9.999975e-01 8.086102e-04 2.074969e-03 7.108839e+00 -8.075700e-04 9.999995e-01 -5.021565e-04 1.992881e-01 -2.075375e-03 5.004789e-04 9.999977e-01 4.787137e+01
9.999826e-01 -4.657308e-04 -5.884038e-03 7.140499e+00 4.683777e-04 9.999998e-01 4.484641e-04 1.781846e-01 5.883828e-03 -4.512115e-04 9.999826e-01 4.868012e+01
9.999980e-01 7.379547e-04 1.866100e-03 7.217837e+00 -7.374654e-04 9.999997e-01 -2.629593e-04 1.603773e-01 -1.866293e-03 2.615819e-04 9.999982e-01 4.916911e+01
9.999837e-01 -4.619540e-04 -5.694075e-03 7.285976e+00 4.635375e-04 9.999999e-01 2.767559e-04 1.369843e-01 5.693947e-03 -2.793901e-04 9.999838e-01 4.992458e+01
9.999973e-01 8.532077e-04 2.165314e-03 7.273425e+00 -8.521025e-04 9.999995e-01 -5.113226e-04 1.158131e-01 -2.165749e-03 5.094755e-04 9.999975e-01 5.100285e+01
9.999754e-01 -4.266569e-04 -6.996881e-03 7.188360e+00 4.321950e-04 9.999996e-01 7.899870e-04 1.005861e-01 6.996542e-03 -7.929909e-04 9.999752e-01 5.128042e+01
9.999928e-01 6.352232e-04 3.741438e-03 7.357716e+00 -6.323557e-04 9.999995e-01 -7.676055e-04 8.969826e-02 -3.741924e-03 7.652334e-04 9.999927e-01 5.110558e+01
9.999695e-01 -1.804086e-04 -7.802191e-03 8.154491e+00 1.862849e-04 9.999997e-01 7.524264e-04 6.088641e-02 7.802053e-03 -7.538562e-04 9.999693e-01 5.136398e+01
9.999932e-01 6.478456e-04 3.622851e-03 8.947972e+00 -6.452721e-04 9.999995e-01 -7.115184e-04 2.937181e-02 -3.623310e-03 7.091751e-04 9.999932e-01 5.174368e+01
9.999672e-01 -2.093596e-04 -8.102363e-03 9.376375e+00 2.162379e-04 9.999996e-01 8.480505e-04 2.873436e-03 8.102182e-03 -8.497740e-04 9.999668e-01 5.230962e+01
9.999938e-01 7.568220e-04 3.443576e-03 9.824068e+00 -7.545131e-04 9.999995e-01 -6.717925e-04 -1.968636e-02 -3.444083e-03 6.691894e-04 9.999938e-01 5.276173e+01
9.999719e-01 -1.002854e-05 -7.494890e-03 1.114576e+01 1.168192e-05 1.000000e+00 2.205381e-04 -4.851200e-02 7.494888e-03 -2.206187e-04 9.999719e-01 5.318959e+01
9.999952e-01 6.863094e-04 3.005371e-03 1.192390e+01 -6.856671e-04 9.999997e-01 -2.147986e-04 -7.487268e-02 -3.005518e-03 2.127362e-04 9.999955e-01 5.389663e+01
9.999745e-01 -2.525639e-04 -7.130950e-03 1.196765e+01 2.545892e-04 9.999999e-01 2.830850e-04 -8.815675e-02 7.130879e-03 -2.848925e-04 9.999745e-01 5.457169e+01
9.999937e-01 7.193306e-04 3.467630e-03 1.205898e+01 -7.187734e-04 9.999997e-01 -1.619823e-04 -1.041546e-01 -3.467746e-03 1.594881e-04 9.999940e-01 5.500528e+01
9.999802e-01 -3.256483e-04 -6.277720e-03 1.230850e+01 3.254557e-04 9.999999e-01 -3.172508e-05 -1.193517e-01 6.277730e-03 2.968204e-05 9.999803e-01 5.529954e+01
9.999972e-01 6.827500e-04 2.286663e-03 1.233856e+01 -6.831059e-04 9.999998e-01 1.548072e-04 -1.357277e-01 -2.286557e-03 -1.563695e-04 9.999974e-01 5.603459e+01
9.999762e-01 -1.602044e-04 -6.900888e-03 1.224320e+01 1.590427e-04 1.000000e+00 -1.689193e-04 -1.412487e-01 6.900915e-03 1.678184e-04 9.999762e-01 5.671638e+01
9.999971e-01 6.813178e-04 2.326824e-03 1.235576e+01 -6.819257e-04 9.999997e-01 2.604118e-04 -1.529883e-01 -2.326647e-03 -2.619984e-04 9.999973e-01 5.739374e+01
9.999764e-01 -4.557357e-05 -6.869817e-03 1.255716e+01 4.406301e-05 1.000000e+00 -2.200577e-04 -1.690357e-01 6.869827e-03 2.197505e-04 9.999764e-01 5.809609e+01
9.999971e-01 6.300094e-04 2.315277e-03 1.259183e+01 -6.301661e-04 9.999998e-01 6.692021e-05 -1.801152e-01 -2.315235e-03 -6.837972e-05 9.999973e-01 5.903381e+01
9.999763e-01 -5.658598e-05 -6.881867e-03 1.257191e+01 5.627547e-05 1.000000e+00 -4.533670e-05 -1.854495e-01 6.881870e-03 4.494904e-05 9.999763e-01 5.980188e+01
9.999975e-01 6.789868e-04 2.136368e-03 1.261874e+01 -6.788608e-04 9.999998e-01 -5.976067e-05 -1.925878e-01 -2.136408e-03 5.830953e-05 9.999977e-01 6.065069e+01
9.999784e-01 -1.400794e-04 -6.571281e-03 1.287324e+01 1.404292e-04 1.000000e+00 5.275172e-05 -2.130714e-01 6.571273e-03 -5.367268e-05 9.999784e-01 6.147062e+01
9.999974e-01 7.083339e-04 2.174409e-03 1.322000e+01 -7.081927e-04 9.999997e-01 -6.578382e-05 -2.376491e-01 -2.174455e-03 6.424305e-05 9.999976e-01 6.229822e+01
9.999790e-01 -1.551749e-04 -6.483038e-03 1.352571e+01 1.552440e-04 1.000000e+00 1.013273e-05 -2.630164e-01 6.483036e-03 -1.113827e-05 9.999790e-01 6.311203e+01
9.999984e-01 7.678239e-04 1.631952e-03 1.386658e+01 -7.677906e-04 9.999997e-01 -2.110658e-05 -2.837597e-01 -1.631968e-03 1.985285e-05 9.999987e-01 6.390784e+01
9.999755e-01 1.077695e-06 -6.998448e-03 1.420372e+01 -1.996979e-06 1.000000e+00 -1.313727e-04 -3.010059e-01 6.998449e-03 1.313842e-04 9.999755e-01 6.489455e+01
9.999986e-01 7.386946e-04 1.479178e-03 1.474096e+01 -7.388740e-04 9.999997e-01 1.206546e-04 -3.239171e-01 -1.479089e-03 -1.217481e-04 9.999989e-01 6.580735e+01
9.999801e-01 -1.284814e-05 -6.312512e-03 1.527734e+01 1.147589e-05 1.000000e+00 -2.174492e-04 -3.497778e-01 6.312515e-03 2.173731e-04 9.999801e-01 6.667059e+01
9.999986e-01 4.879838e-04 1.604991e-03 1.541106e+01 -4.885186e-04 9.999998e-01 3.327671e-04 -3.661285e-01 -1.604829e-03 -3.335514e-04 9.999987e-01 6.752905e+01
9.999804e-01 -1.329500e-04 -6.261044e-03 1.533656e+01 1.323348e-04 1.000000e+00 -9.870044e-05 -3.740938e-01 6.261057e-03 9.787065e-05 9.999804e-01 6.787876e+01
9.999982e-01 8.197646e-04 1.737732e-03 1.533858e+01 -8.194764e-04 9.999997e-01 -1.666570e-04 -3.775224e-01 -1.737868e-03 1.652319e-04 9.999985e-01 6.868572e+01
9.999764e-01 -1.972064e-04 -6.870930e-03 1.516215e+01 1.976740e-04 1.000000e+00 6.734105e-05 -3.730694e-01 6.870917e-03 -6.869697e-05 9.999764e-01 6.977443e+01
9.999976e-01 7.307324e-04 2.086180e-03 1.499609e+01 -7.306309e-04 9.999997e-01 -4.953638e-05 -3.696424e-01 -2.086216e-03 4.801133e-05 9.999978e-01 7.038879e+01
9.999798e-01 -2.793545e-04 -6.342305e-03 1.521432e+01 2.806095e-04 9.999999e-01 1.969661e-04 -3.776746e-01 6.342250e-03 -1.987412e-04 9.999799e-01 7.093455e+01
9.999977e-01 9.551423e-04 1.906093e-03 1.562949e+01 -9.542899e-04 9.999994e-01 -4.481846e-04 -3.918542e-01 -1.906520e-03 4.463639e-04 9.999981e-01 7.180127e+01
9.999698e-01 -5.223975e-06 -7.768540e-03 1.628623e+01 4.431185e-06 1.000000e+00 -1.020928e-04 -4.131901e-01 7.768541e-03 1.020560e-04 9.999698e-01 7.330165e+01
9.999970e-01 1.550054e-03 1.901728e-03 1.644905e+01 -1.547362e-03 9.999978e-01 -1.416076e-03 -4.058288e-01 -1.903919e-03 1.413129e-03 9.999972e-01 7.600820e+01
9.999730e-01 -2.037981e-04 -7.343486e-03 1.630007e+01 2.038651e-04 1.000000e+00 8.350593e-06 -3.985491e-01 7.343484e-03 -9.846752e-06 9.999730e-01 7.866260e+01
9.999976e-01 1.545794e-03 1.533258e-03 1.645459e+01 -1.543872e-03 9.999980e-01 -1.254270e-03 -3.960127e-01 -1.535194e-03 1.251900e-03 9.999980e-01 8.110863e+01
9.999656e-01 -4.343032e-05 -8.295638e-03 1.725352e+01 4.391026e-05 1.000000e+00 5.764797e-05 -3.941955e-01 8.295636e-03 -5.800955e-05 9.999656e-01 8.331334e+01
9.999970e-01 1.583358e-03 1.847958e-03 1.801179e+01 -1.580866e-03 9.999978e-01 -1.349369e-03 -4.025046e-01 -1.850091e-03 1.346443e-03 9.999974e-01 8.554022e+01
9.999655e-01 -4.237319e-04 -8.298342e-03 1.832883e+01 4.250559e-04 9.999999e-01 1.577703e-04 -4.121472e-01 8.298275e-03 -1.612914e-04 9.999656e-01 8.788243e+01
9.999967e-01 1.506922e-03 2.076010e-03 1.875387e+01 -1.504969e-03 9.999984e-01 -9.418622e-04 -4.283943e-01 -2.077427e-03 9.387341e-04 9.999974e-01 8.986757e+01
9.999719e-01 -7.854678e-04 -7.450682e-03 1.923921e+01 7.928381e-04 9.999992e-01 9.862882e-04 -4.481198e-01 7.449902e-03 -9.921670e-04 9.999718e-01 9.075876e+01
9.999954e-01 1.362684e-03 2.713261e-03 2.019097e+01 -1.360641e-03 9.999988e-01 -7.546551e-04 -4.744753e-01 -2.714286e-03 7.509592e-04 9.999960e-01 9.109208e+01
9.999775e-01 -1.015268e-03 -6.635019e-03 2.107399e+01 1.022149e-03 9.999989e-01 1.033856e-03 -4.869305e-01 6.633963e-03 -1.040614e-03 9.999775e-01 9.100516e+01
9.999959e-01 1.484110e-03 2.466725e-03 2.164309e+01 -1.481691e-03 9.999984e-01 -9.820176e-04 -5.033737e-01 -2.468178e-03 9.783579e-04 9.999965e-01 9.124682e+01
9.999751e-01 -8.612874e-04 -7.005660e-03 2.284441e+01 8.683243e-04 9.999991e-01 1.001448e-03 -5.315457e-01 7.004792e-03 -1.007505e-03 9.999750e-01 9.153314e+01
9.999955e-01 1.448605e-03 2.621151e-03 2.404556e+01 -1.446299e-03 9.999986e-01 -8.815121e-04 -5.593813e-01 -2.622424e-03 8.777165e-04 9.999962e-01 9.177231e+01
9.999786e-01 -9.531104e-04 -6.472761e-03 2.498492e+01 9.596248e-04 9.999990e-01 1.003357e-03 -5.738438e-01 6.471799e-03 -1.009547e-03 9.999785e-01 9.181647e+01
9.999957e-01 1.382122e-03 2.601523e-03 2.615328e+01 -1.379768e-03 9.999986e-01 -9.063194e-04 -5.886124e-01 -2.602772e-03 9.027253e-04 9.999962e-01 9.163306e+01
9.999780e-01 -1.006169e-03 -6.552495e-03 2.707573e+01 1.013350e-03 9.999989e-01 1.092634e-03 -6.035319e-01 6.551389e-03 -1.099249e-03 9.999779e-01 9.154053e+01
9.999952e-01 1.345321e-03 2.799339e-03 2.796941e+01 -1.342715e-03 9.999987e-01 -9.328837e-04 -6.164282e-01 -2.800591e-03 9.291198e-04 9.999956e-01 9.138070e+01
9.999781e-01 -1.060639e-03 -6.540234e-03 2.888430e+01 1.067646e-03 9.999989e-01 1.067988e-03 -6.298704e-01 6.539094e-03 -1.074946e-03 9.999780e-01 9.121971e+01
9.999952e-01 1.353312e-03 2.776754e-03 2.951134e+01 -1.350898e-03 9.999987e-01 -8.712182e-04 -6.471866e-01 -2.777930e-03 8.674622e-04 9.999958e-01 9.121555e+01
9.999780e-01 -1.147802e-03 -6.530594e-03 2.986212e+01 1.154304e-03 9.999988e-01 9.918953e-04 -6.692460e-01 6.529448e-03 -9.994111e-04 9.999782e-01 9.146615e+01
9.999964e-01 1.498671e-03 2.223726e-03 3.017200e+01 -1.496954e-03 9.999986e-01 -7.737080e-04 -6.926884e-01 -2.224882e-03 7.703757e-04 9.999972e-01 9.181245e+01
9.999854e-01 -1.260305e-03 -5.256182e-03 3.116267e+01 1.264664e-03 9.999989e-01 8.261796e-04 -6.955835e-01 5.255135e-03 -8.328142e-04 9.999858e-01 9.132491e+01
9.999963e-01 1.431810e-03 2.334118e-03 3.184529e+01 -1.429920e-03 9.999986e-01 -8.112200e-04 -7.031747e-01 -2.335277e-03 8.078787e-04 9.999969e-01 9.097596e+01
9.999856e-01 -1.240613e-03 -5.227408e-03 3.248615e+01 1.245098e-03 9.999989e-01 8.548735e-04 -7.103601e-01 5.226342e-03 -8.613691e-04 9.999860e-01 9.060800e+01
9.999960e-01 1.387175e-03 2.470312e-03 3.318917e+01 -1.385212e-03 9.999987e-01 -7.959654e-04 -7.114301e-01 -2.471413e-03 7.925396e-04 9.999966e-01 9.010927e+01
9.999860e-01 -1.180974e-03 -5.166134e-03 3.373268e+01 1.184849e-03 9.999990e-01 7.470449e-04 -7.090683e-01 5.165247e-03 -7.531548e-04 9.999864e-01 8.947317e+01
9.999959e-01 1.340714e-03 2.515716e-03 3.439287e+01 -1.338887e-03 9.999988e-01 -7.278363e-04 -7.067498e-01 -2.516689e-03 7.244644e-04 9.999966e-01 8.889882e+01
9.999840e-01 -1.123694e-03 -5.540194e-03 3.516627e+01 1.128022e-03 9.999991e-01 7.780995e-04 -7.164852e-01 5.539314e-03 -7.843358e-04 9.999844e-01 8.860193e+01
9.999953e-01 1.347394e-03 2.757625e-03 3.622492e+01 -1.345059e-03 9.999987e-01 -8.484645e-04 -7.258925e-01 -2.758765e-03 8.447507e-04 9.999958e-01 8.818484e+01
9.999886e-01 -1.114994e-03 -4.643937e-03 3.682878e+01 1.117674e-03 9.999992e-01 5.744140e-04 -7.198457e-01 4.643293e-03 -5.795971e-04 9.999891e-01 8.729268e+01
9.999953e-01 1.398305e-03 2.716709e-03 3.722038e+01 -1.395829e-03 9.999986e-01 -9.132574e-04 -7.115765e-01 -2.717983e-03 9.094604e-04 9.999959e-01 8.619727e+01
9.999885e-01 -1.141365e-03 -4.655856e-03 3.781564e+01 1.144111e-03 9.999992e-01 5.871001e-04 -7.040321e-01 4.655182e-03 -5.924195e-04 9.999890e-01 8.525338e+01
9.999973e-01 1.351003e-03 1.879283e-03 3.881625e+01 -1.349843e-03 9.999989e-01 -6.187782e-04 -7.069744e-01 -1.880117e-03 6.162392e-04 9.999980e-01 8.475179e+01
9.999922e-01 -1.091732e-03 -3.790023e-03 3.946871e+01 1.093101e-03 9.999993e-01 3.591522e-04 -6.985178e-01 3.789629e-03 -3.632916e-04 9.999928e-01 8.382058e+01
9.999969e-01 1.406234e-03 2.059493e-03 4.000218e+01 -1.404656e-03 9.999987e-01 -7.676561e-04 -6.884328e-01 -2.060570e-03 7.647601e-04 9.999976e-01 8.271792e+01
9.999916e-01 -1.200602e-03 -3.921238e-03 4.075806e+01 1.202589e-03 9.999991e-01 5.044145e-04 -6.823589e-01 3.920629e-03 -5.091252e-04 9.999922e-01 8.190553e+01
9.999972e-01 1.462993e-03 1.865666e-03 4.110725e+01 -1.461476e-03 9.999986e-01 -8.142636e-04 -6.753999e-01 -1.866854e-03 8.115340e-04 9.999979e-01 8.085253e+01
9.999950e-01 -1.218854e-03 -2.911747e-03 4.188168e+01 1.219829e-03 9.999992e-01 3.328923e-04 -6.852040e-01 2.911339e-03 -3.364418e-04 9.999957e-01 8.038871e+01
9.999979e-01 1.426000e-03 1.441824e-03 4.274386e+01 -1.424886e-03 9.999987e-01 -7.735638e-04 -6.985660e-01 -1.442926e-03 7.715071e-04 9.999987e-01 7.995581e+01
9.999940e-01 -1.110122e-03 -3.271295e-03 4.288444e+01 1.110796e-03 9.999994e-01 2.041025e-04 -6.906507e-01 3.271066e-03 -2.077343e-04 9.999946e-01 7.862825e+01
9.999977e-01 1.310565e-03 1.710729e-03 4.360082e+01 -1.309481e-03 9.999989e-01 -6.347957e-04 -6.861232e-01 -1.711560e-03 6.325534e-04 9.999983e-01 7.778260e+01
9.999900e-01 -1.045119e-03 -4.346930e-03 4.488295e+01 1.047586e-03 9.999993e-01 5.653622e-04 -6.955295e-01 4.346337e-03 -5.699097e-04 9.999904e-01 7.727807e+01
9.999981e-01 1.488318e-03 1.272332e-03 4.673690e+01 -1.487300e-03 9.999986e-01 -8.002938e-04 -7.106314e-01 -1.273521e-03 7.983993e-04 9.999989e-01 7.677505e+01
9.999902e-01 -1.002416e-03 -4.300991e-03 4.862803e+01 1.004691e-03 9.999994e-01 5.269215e-04 -7.370699e-01 4.300461e-03 -5.312369e-04 9.999906e-01 7.654718e+01
9.999942e-01 1.063176e-03 3.238562e-03 4.974577e+01 -1.060931e-03 9.999992e-01 -6.949259e-04 -7.381296e-01 -3.239298e-03 6.914853e-04 9.999945e-01 7.585426e+01
9.999870e-01 -7.182919e-04 -5.049568e-03 4.989005e+01 7.187714e-04 9.999997e-01 9.308553e-05 -7.304614e-01 5.049500e-03 -9.671312e-05 9.999872e-01 7.454933e+01
9.999943e-01 9.796756e-04 3.235868e-03 5.046797e+01 -9.782203e-04 9.999994e-01 -4.513630e-04 -7.226829e-01 -3.236309e-03 4.481944e-04 9.999947e-01 7.363076e+01
9.999835e-01 -7.417892e-04 -5.701394e-03 5.174052e+01 7.433753e-04 9.999997e-01 2.760442e-04 -7.257621e-01 5.701188e-03 -2.802772e-04 9.999837e-01 7.302928e+01
9.999916e-01 8.958631e-04 4.007611e-03 5.267491e+01 -8.936595e-04 9.999994e-01 -5.516655e-04 -7.247430e-01 -4.008103e-03 5.480788e-04 9.999918e-01 7.232790e+01
9.999785e-01 -6.399927e-04 -6.522969e-03 5.397984e+01 6.426783e-04 9.999997e-01 4.095882e-04 -7.327229e-01 6.522705e-03 -4.137709e-04 9.999786e-01 7.178240e+01
9.999878e-01 8.581322e-04 4.857493e-03 5.446206e+01 -8.546061e-04 9.999994e-01 -7.279980e-04 -7.236286e-01 -4.858115e-03 7.238372e-04 9.999879e-01 7.072540e+01
9.999767e-01 -6.033117e-04 -6.794808e-03 5.477595e+01 6.062428e-04 9.999997e-01 4.292867e-04 -7.170655e-01 6.794548e-03 -4.333953e-04 9.999768e-01 6.968533e+01
9.999852e-01 9.047578e-04 5.366788e-03 5.517299e+01 -8.995379e-04 9.999991e-01 -9.750145e-04 -7.082487e-01 -5.367665e-03 9.701718e-04 9.999851e-01 6.855287e+01
9.999824e-01 -6.306069e-04 -5.894687e-03 5.647546e+01 6.324842e-04 9.999997e-01 3.165665e-04 -6.903809e-01 5.894486e-03 -3.202885e-04 9.999826e-01 6.736358e+01
9.999938e-01 7.966992e-04 3.428224e-03 5.727387e+01 -7.953623e-04 9.999996e-01 -3.913866e-04 -6.870605e-01 -3.428534e-03 3.886569e-04 9.999940e-01 6.660990e+01
9.999803e-01 -6.127566e-04 -6.247272e-03 5.799419e+01 6.148214e-04 9.999998e-01 3.285613e-04 -6.904543e-01 6.247069e-03 -3.323951e-04 9.999804e-01 6.617258e+01
9.999980e-01 1.037234e-03 1.706759e-03 5.868128e+01 -1.037174e-03 9.999995e-01 -3.595611e-05 -7.103997e-01 -1.706795e-03 3.418516e-05 9.999985e-01 6.632262e+01
9.999805e-01 -6.917210e-04 -6.208282e-03 5.935207e+01 6.937555e-04 9.999997e-01 3.255294e-04 -7.262370e-01 6.208055e-03 -3.298294e-04 9.999807e-01 6.629016e+01
9.999941e-01 8.155559e-04 3.327941e-03 6.021554e+01 -8.145060e-04 9.999996e-01 -3.169193e-04 -7.253543e-01 -3.328198e-03 3.142061e-04 9.999944e-01 6.576563e+01
9.999838e-01 -5.945765e-04 -5.657352e-03 6.151307e+01 5.950221e-04 9.999998e-01 7.704174e-05 -7.271855e-01 5.657305e-03 -8.040606e-05 9.999840e-01 6.511409e+01
9.999898e-01 7.443915e-04 4.459541e-03 6.246995e+01 -7.421213e-04 9.999996e-01 -5.107555e-04 -7.234494e-01 -4.459920e-03 5.074401e-04 9.999899e-01 6.428175e+01
9.999822e-01 -5.809737e-04 -5.940767e-03 6.314796e+01 5.818989e-04 9.999998e-01 1.539605e-04 -7.157527e-01 5.940677e-03 -1.574140e-04 9.999823e-01 6.325939e+01
9.999908e-01 9.072300e-04 4.184812e-03 6.332244e+01 -9.041307e-04 9.999993e-01 -7.424922e-04 -7.073540e-01 -4.185483e-03 7.387011e-04 9.999910e-01 6.192524e+01
9.999827e-01 -6.104837e-04 -5.856849e-03 6.361315e+01 6.116579e-04 9.999998e-01 1.986598e-04 -6.981024e-01 5.856727e-03 -2.022381e-04 9.999828e-01 6.063048e+01
9.999930e-01 9.998079e-04 3.592730e-03 6.368988e+01 -9.971394e-04 9.999992e-01 -7.445348e-04 -6.899931e-01 -3.593472e-03 7.409465e-04 9.999933e-01 5.919999e+01
9.999821e-01 -5.705564e-04 -5.958610e-03 6.372984e+01 5.715713e-04 9.999998e-01 1.685772e-04 -6.816189e-01 5.958513e-03 -1.719793e-04 9.999822e-01 5.773299e+01
9.999906e-01 9.575068e-04 4.222028e-03 6.388952e+01 -9.538924e-04 9.999992e-01 -8.580818e-04 -6.713823e-01 -4.222846e-03 8.540457e-04 9.999907e-01 5.621814e+01
9.999836e-01 -6.495547e-04 -5.684806e-03 6.419096e+01 6.504881e-04 9.999998e-01 1.622902e-04 -6.602476e-01 5.684700e-03 -1.659848e-04 9.999838e-01 5.479888e+01
9.999908e-01 9.772893e-04 4.184030e-03 6.441979e+01 -9.737676e-04 9.999992e-01 -8.437034e-04 -6.489098e-01 -4.184852e-03 8.396207e-04 9.999909e-01 5.329930e+01
9.999812e-01 -6.079753e-04 -6.105241e-03 6.455010e+01 6.093277e-04 9.999998e-01 2.196187e-04 -6.396442e-01 6.105107e-03 -2.233340e-04 9.999813e-01 5.184185e+01
9.999915e-01 9.340729e-04 4.023309e-03 6.488408e+01 -9.312866e-04 9.999993e-01 -6.944239e-04 -6.316950e-01 -4.023956e-03 6.906705e-04 9.999917e-01 5.067509e+01
9.999759e-01 -5.847788e-04 -6.922664e-03 6.492736e+01 5.875795e-04 9.999997e-01 4.025094e-04 -6.288995e-01 6.922427e-03 -4.065666e-04 9.999760e-01 4.960358e+01
9.999894e-01 8.645262e-04 4.521406e-03 6.508614e+01 -8.611703e-04 9.999994e-01 -7.441755e-04 -6.245679e-01 -4.522047e-03 7.402732e-04 9.999895e-01 4.852886e+01
9.999748e-01 -4.589128e-04 -7.087210e-03 6.510610e+01 4.611236e-04 9.999998e-01 3.102722e-04 -6.182229e-01 7.087067e-03 -3.135318e-04 9.999748e-01 4.716427e+01
9.999861e-01 1.040170e-03 5.162199e-03 6.504585e+01 -1.033895e-03 9.999987e-01 -1.218200e-03 -6.024960e-01 -5.163460e-03 1.212845e-03 9.999859e-01 4.507772e+01
9.999840e-01 -6.247774e-04 -5.628723e-03 6.526590e+01 6.255143e-04 9.999998e-01 1.291032e-04 -5.846727e-01 5.628642e-03 -1.326213e-04 9.999842e-01 4.314015e+01
9.999864e-01 8.166986e-04 5.156529e-03 6.580833e+01 -8.127087e-04 9.999994e-01 -7.758530e-04 -5.720147e-01 -5.157159e-03 7.716510e-04 9.999864e-01 4.193115e+01
9.999832e-01 -5.665700e-04 -5.771733e-03 6.715336e+01 5.679307e-04 9.999998e-01 2.340597e-04 -5.696775e-01 5.771600e-03 -2.373330e-04 9.999833e-01 4.106954e+01
9.999840e-01 7.146145e-04 5.614417e-03 6.766600e+01 -7.091159e-04 9.999993e-01 -9.813577e-04 -5.545364e-01 -5.615114e-03 9.773601e-04 9.999838e-01 3.967796e+01
9.999572e-01 -4.535828e-04 -9.244701e-03 6.771277e+01 4.626543e-04 9.999994e-01 9.791248e-04 -5.691509e-01 9.244252e-03 -9.833593e-04 9.999568e-01 3.996601e+01
9.999845e-01 8.241039e-04 5.500582e-03 6.781234e+01 -8.181521e-04 9.999991e-01 -1.084243e-03 -5.917761e-01 -5.501471e-03 1.079725e-03 9.999843e-01 4.079898e+01
9.999501e-01 -3.225533e-04 -9.983273e-03 6.758338e+01 3.333619e-04 9.999994e-01 1.080994e-03 -5.868298e-01 9.982918e-03 -1.084267e-03 9.999496e-01 3.997344e+01
9.999765e-01 8.321687e-04 6.806114e-03 6.746279e+01 -8.217064e-04 9.999985e-01 -1.539886e-03 -5.793229e-01 -6.807386e-03 1.534256e-03 9.999757e-01 3.849645e+01
9.999539e-01 -4.695078e-04 -9.592113e-03 6.747017e+01 4.806560e-04 9.999992e-01 1.159919e-03 -5.744815e-01 9.591561e-03 -1.164476e-03 9.999533e-01 3.727348e+01
9.999768e-01 7.862292e-04 6.771661e-03 6.751407e+01 -7.769320e-04 9.999988e-01 -1.375527e-03 -5.715435e-01 -6.772734e-03 1.370233e-03 9.999761e-01 3.642207e+01
9.999579e-01 -5.508533e-04 -9.155548e-03 6.813839e+01 5.631561e-04 9.999989e-01 1.341208e-03 -5.704962e-01 9.154800e-03 -1.346307e-03 9.999572e-01 3.584031e+01
9.999770e-01 6.949587e-04 6.742232e-03 6.898792e+01 -6.853161e-04 9.999987e-01 -1.432428e-03 -5.712869e-01 -6.743219e-03 1.427774e-03 9.999762e-01 3.531425e+01
9.999647e-01 -4.664724e-04 -8.387249e-03 6.938484e+01 4.747860e-04 9.999994e-01 9.892229e-04 -5.615873e-01 8.386782e-03 -9.931695e-04 9.999643e-01 3.413879e+01
9.999782e-01 7.316741e-04 6.567012e-03 6.962965e+01 -7.223727e-04 9.999987e-01 -1.418690e-03 -5.539260e-01 -6.568042e-03 1.413914e-03 9.999774e-01 3.297730e+01
9.999650e-01 -4.172155e-04 -8.361348e-03 7.003793e+01 4.259837e-04 9.999994e-01 1.046867e-03 -5.458327e-01 8.360906e-03 -1.050391e-03 9.999645e-01 3.191205e+01
9.999798e-01 5.534233e-04 6.338787e-03 7.089234e+01 -5.454332e-04 9.999991e-01 -1.262213e-03 -5.512620e-01 -6.339480e-03 1.258730e-03 9.999791e-01 3.141354e+01
9.999540e-01 -2.033817e-04 -9.591944e-03 7.205093e+01 2.145725e-04 9.999993e-01 1.165649e-03 -5.734358e-01 9.591700e-03 -1.167653e-03 9.999533e-01 3.128106e+01
9.999680e-01 4.374627e-04 7.983210e-03 7.251541e+01 -4.251861e-04 9.999987e-01 -1.539470e-03 -5.653608e-01 -7.983873e-03 1.536025e-03 9.999669e-01 3.027826e+01
9.999520e-01 -2.020302e-04 -9.795730e-03 7.303466e+01 2.139787e-04 9.999992e-01 1.218706e-03 -5.590547e-01 9.795476e-03 -1.220743e-03 9.999513e-01 2.933664e+01
9.999762e-01 4.482301e-04 6.881046e-03 7.329260e+01 -4.402345e-04 9.999992e-01 -1.163485e-03 -5.604381e-01 -6.881563e-03 1.160427e-03 9.999756e-01 2.872948e+01
9.999555e-01 -1.552670e-04 -9.434932e-03 7.355316e+01 1.645864e-04 9.999995e-01 9.869540e-04 -5.590001e-01 9.434774e-03 -9.884623e-04 9.999550e-01 2.799184e+01
9.999797e-01 5.426437e-04 6.345175e-03 7.387429e+01 -5.354149e-04 9.999992e-01 -1.140949e-03 -5.648745e-01 -6.345789e-03 1.137528e-03 9.999792e-01 2.763541e+01
9.999457e-01 -1.145563e-04 -1.041723e-02 7.440806e+01 1.286476e-04 9.999991e-01 1.352007e-03 -5.777795e-01 1.041706e-02 -1.353273e-03 9.999448e-01 2.769348e+01
9.999755e-01 4.016629e-04 6.992854e-03 7.530665e+01 -3.925029e-04 9.999991e-01 -1.311274e-03 -5.869651e-01 -6.993375e-03 1.308497e-03 9.999747e-01 2.744684e+01
9.999614e-01 3.418584e-04 -8.774988e-03 7.640894e+01 -3.550920e-04 9.999988e-01 -1.506619e-03 -6.983794e-01 8.774462e-03 1.509678e-03 9.999604e-01 3.126509e+01
9.999875e-01 7.504551e-04 4.952222e-03 7.726114e+01 -7.486037e-04 9.999996e-01 -3.757517e-04 -8.265441e-01 -4.952502e-03 3.720391e-04 9.999877e-01 3.543494e+01
9.999594e-01 -4.936387e-04 -8.995682e-03 7.758087e+01 5.002348e-04 9.999996e-01 7.309860e-04 -8.417124e-01 8.995317e-03 -7.354556e-04 9.999593e-01 3.534142e+01
9.999786e-01 8.471311e-04 6.487137e-03 7.788030e+01 -8.407046e-04 9.999992e-01 -9.933575e-04 -8.379588e-01 -6.487973e-03 9.878819e-04 9.999785e-01 3.443647e+01
9.999506e-01 -5.501217e-04 -9.927652e-03 7.873298e+01 5.601896e-04 9.999993e-01 1.011343e-03 -8.475275e-01 9.927089e-03 -1.016854e-03 9.999502e-01 3.413543e+01
9.999736e-01 8.510234e-04 7.223114e-03 7.901894e+01 -8.423923e-04 9.999989e-01 -1.197929e-03 -8.424723e-01 -7.224126e-03 1.191812e-03 9.999732e-01 3.317126e+01
9.999566e-01 -5.461073e-04 -9.298379e-03 7.959206e+01 5.540039e-04 9.999995e-01 8.466572e-04 -8.336636e-01 9.297912e-03 -8.517711e-04 9.999564e-01 3.215933e+01
9.999726e-01 7.792531e-04 7.356794e-03 8.073345e+01 -7.716648e-04 9.999992e-01 -1.034286e-03 -8.279517e-01 -7.357594e-03 1.028580e-03 9.999724e-01 3.144208e+01
9.999463e-01 -3.400743e-04 -1.035435e-02 8.203699e+01 3.478563e-04 9.999997e-01 7.497525e-04 -8.546121e-01 1.035409e-02 -7.533134e-04 9.999461e-01 3.146636e+01
9.999754e-01 7.865821e-04 6.968351e-03 8.332680e+01 -7.802791e-04 9.999993e-01 -9.072274e-04 -8.878951e-01 -6.969060e-03 9.017672e-04 9.999753e-01 3.158365e+01
9.999462e-01 -4.437881e-04 -1.036476e-02 8.461411e+01 4.534787e-04 9.999995e-01 9.325971e-04 -9.029931e-01 1.036434e-02 -9.372465e-04 9.999458e-01 3.128589e+01
9.999848e-01 1.029733e-03 5.413116e-03 8.591465e+01 -1.025194e-03 9.999991e-01 -8.412977e-04 -9.407432e-01 -5.413978e-03 8.357348e-04 9.999850e-01 3.157641e+01
9.999588e-01 -4.020929e-04 -9.063684e-03 8.656967e+01 4.029646e-04 9.999999e-01 9.431321e-05 -9.908841e-01 9.063646e-03 -9.796101e-05 9.999589e-01 3.276322e+01
9.999842e-01 1.278698e-03 5.479649e-03 8.723596e+01 -1.274006e-03 9.999988e-01 -8.596140e-04 -1.054969e+00 -5.480742e-03 8.526187e-04 9.999846e-01 3.469508e+01
9.999628e-01 -8.398606e-04 -8.579094e-03 8.811536e+01 8.463701e-04 9.999994e-01 7.551268e-04 -1.084721e+00 8.578455e-03 -7.623592e-04 9.999629e-01 3.493507e+01
9.999815e-01 1.316483e-03 5.943853e-03 8.810976e+01 -1.308866e-03 9.999983e-01 -1.285360e-03 -1.075831e+00 -5.945535e-03 1.277556e-03 9.999815e-01 3.347229e+01
9.999695e-01 -1.028742e-03 -7.739421e-03 8.852593e+01 1.035100e-03 9.999991e-01 8.176166e-04 -1.066865e+00 7.738573e-03 -8.256021e-04 9.999697e-01 3.233764e+01
9.999835e-01 1.198617e-03 5.616348e-03 8.962879e+01 -1.193131e-03 9.999988e-01 -9.799859e-04 -1.067822e+00 -5.617516e-03 9.732680e-04 9.999837e-01 3.173307e+01
9.999647e-01 -9.601807e-04 -8.352062e-03 9.071195e+01 9.678409e-04 9.999991e-01 9.131246e-04 -1.074885e+00 8.351178e-03 -9.211751e-04 9.999647e-01 3.128192e+01
9.999821e-01 1.161537e-03 5.868273e-03 9.180365e+01 -1.155703e-03 9.999988e-01 -9.974917e-04 -1.078866e+00 -5.869425e-03 9.906913e-04 9.999823e-01 3.073989e+01
9.999730e-01 -1.031671e-03 -7.281343e-03 9.224390e+01 1.036186e-03 9.999993e-01 6.162600e-04 -1.068829e+00 7.280702e-03 -6.237875e-04 9.999733e-01 2.956632e+01
9.999851e-01 1.399433e-03 5.275853e-03 9.240139e+01 -1.393380e-03 9.999984e-01 -1.150837e-03 -1.061306e+00 -5.277455e-03 1.143467e-03 9.999854e-01 2.828066e+01
9.999678e-01 -1.218769e-03 -7.936531e-03 9.335709e+01 1.227004e-03 9.999987e-01 1.032733e-03 -1.070960e+00 7.935263e-03 -1.042437e-03 9.999680e-01 2.791254e+01
9.999802e-01 1.481591e-03 6.117248e-03 9.400770e+01 -1.473871e-03 9.999981e-01 -1.266477e-03 -1.062746e+00 -6.119114e-03 1.257435e-03 9.999805e-01 2.696375e+01
9.999475e-01 -9.175238e-04 -1.021046e-02 9.498392e+01 9.272821e-04 9.999991e-01 9.509913e-04 -1.105620e+00 1.020958e-02 -9.604086e-04 9.999474e-01 2.756446e+01
9.999801e-01 1.576295e-03 6.111034e-03 9.564123e+01 -1.569132e-03 9.999981e-01 -1.176838e-03 -1.151919e+00 -6.112877e-03 1.167224e-03 9.999806e-01 2.861305e+01
9.999645e-01 -1.044810e-03 -8.362269e-03 9.611906e+01 1.040415e-03 9.999993e-01 -5.299304e-04 -1.220608e+00 8.362818e-03 5.212120e-04 9.999649e-01 3.120011e+01
9.999868e-01 1.695216e-03 4.843957e-03 9.629712e+01 -1.689978e-03 9.999980e-01 -1.085456e-03 -1.294310e+00 -4.845787e-03 1.077255e-03 9.999877e-01 3.453321e+01
9.999229e-01 -8.030454e-04 -1.239380e-02 9.562674e+01 8.189624e-04 9.999988e-01 1.279223e-03 -1.289153e+00 1.239276e-02 -1.289274e-03 9.999224e-01 3.428449e+01
9.999475e-01 1.209974e-03 1.017243e-02 9.581422e+01 -1.191758e-03 9.999977e-01 -1.796608e-03 -1.281954e+00 -1.017458e-02 1.784390e-03 9.999466e-01 3.310483e+01
9.998919e-01 -6.743847e-04 -1.468687e-02 9.696552e+01 7.009976e-04 9.999981e-01 1.806929e-03 -1.317540e+00 1.468562e-02 -1.817028e-03 9.998905e-01 3.339556e+01
9.999562e-01 1.483646e-03 9.239902e-03 9.895441e+01 -1.465915e-03 9.999971e-01 -1.925442e-03 -1.366957e+00 -9.242732e-03 1.911813e-03 9.999555e-01 3.367876e+01
9.999001e-01 -8.693361e-04 -1.410711e-02 1.009491e+02 8.978891e-04 9.999976e-01 2.017779e-03 -1.406955e+00 1.410532e-02 -2.030243e-03 9.998985e-01 3.379076e+01
9.999342e-01 1.545875e-03 1.137033e-02 1.019502e+02 -1.501443e-03 9.999912e-01 -3.915235e-03 -1.506767e+00 -1.137628e-02 3.897904e-03 9.999277e-01 3.663751e+01
9.998830e-01 -5.379348e-04 -1.528523e-02 1.031029e+02 5.832016e-04 9.999955e-01 2.957151e-03 -1.622221e+00 1.528357e-02 -2.965718e-03 9.998788e-01 3.942231e+01
9.999354e-01 1.068483e-03 1.131998e-02 1.046940e+02 -1.034758e-03 9.999950e-01 -2.984713e-03 -1.646186e+00 -1.132311e-02 2.972806e-03 9.999315e-01 3.924574e+01
9.998947e-01 -7.720399e-04 -1.449064e-02 1.057424e+02 8.168172e-04 9.999949e-01 3.084395e-03 -1.649492e+00 1.448819e-02 -3.095906e-03 9.998902e-01 3.877258e+01
9.999371e-01 1.103246e-03 1.116139e-02 1.067770e+02 -1.068954e-03 9.999947e-01 -3.077945e-03 -1.655235e+00 -1.116473e-02 3.065820e-03 9.999330e-01 3.838537e+01
9.999039e-01 -8.434012e-04 -1.383944e-02 1.076255e+02 8.851025e-04 9.999951e-01 3.007350e-03 -1.659962e+00 1.383683e-02 -3.019309e-03 9.998997e-01 3.798498e+01
9.999414e-01 1.153250e-03 1.076115e-02 1.084987e+02 -1.119370e-03 9.999944e-01 -3.153869e-03 -1.678243e+00 -1.076473e-02 3.141638e-03 9.999371e-01 3.791736e+01
9.998891e-01 -6.734843e-04 -1.487674e-02 1.096817e+02 7.196330e-04 9.999949e-01 3.096913e-03 -1.711822e+00 1.487458e-02 -3.107275e-03 9.998845e-01 3.815322e+01
9.999263e-01 8.643949e-04 1.210869e-02 1.104650e+02 -8.278992e-04 9.999951e-01 -3.018723e-03 -1.722197e+00 -1.211124e-02 3.008475e-03 9.999221e-01 3.786758e+01
9.998959e-01 -6.603208e-04 -1.441372e-02 1.111474e+02 7.011556e-04 9.999958e-01 2.828160e-03 -1.735481e+00 1.441179e-02 -2.837971e-03 9.998921e-01 3.764827e+01
9.999430e-01 1.037504e-03 1.062620e-02 1.121180e+02 -1.008344e-03 9.999957e-01 -2.749195e-03 -1.759398e+00 -1.062901e-02 2.738322e-03 9.999398e-01 3.765771e+01
9.999053e-01 -7.758427e-04 -1.374336e-02 1.131307e+02 8.142296e-04 9.999958e-01 2.787724e-03 -1.769546e+00 1.374114e-02 -2.798650e-03 9.999017e-01 3.731331e+01
9.999538e-01 1.454201e-03 9.499006e-03 1.144509e+02 -1.425739e-03 9.999945e-01 -3.002350e-03 -1.816932e+00 -9.503320e-03 2.988667e-03 9.999504e-01 3.789905e+01
9.998979e-01 -6.123750e-04 -1.427401e-02 1.157609e+02 6.476856e-04 9.999967e-01 2.469252e-03 -1.881032e+00 1.427245e-02 -2.478244e-03 9.998951e-01 3.930678e+01
9.999544e-01 1.729653e-03 9.396348e-03 1.185874e+02 -1.701283e-03 9.999940e-01 -3.026485e-03 -1.915572e+00 -9.401526e-03 3.010360e-03 9.999513e-01 3.931156e+01
9.999113e-01 -7.616800e-04 -1.329659e-02 1.218949e+02 7.934190e-04 9.999968e-01 2.381863e-03 -1.946281e+00 1.329474e-02 -2.392201e-03 9.999088e-01 3.903975e+01
9.999566e-01 1.550380e-03 9.184024e-03 1.232547e+02 -1.524308e-03 9.999948e-01 -2.845168e-03 -1.991306e+00 -9.188387e-03 2.831045e-03 9.999538e-01 3.972799e+01
9.998957e-01 -3.637962e-04 -1.444036e-02 1.250769e+02 4.002595e-04 9.999967e-01 2.522257e-03 -2.048537e+00 1.443940e-02 -2.527773e-03 9.998926e-01 4.045102e+01
9.999524e-01 1.396475e-03 9.658331e-03 1.279574e+02 -1.366745e-03 9.999943e-01 -3.084159e-03 -2.079308e+00 -9.662583e-03 3.070811e-03 9.999486e-01 4.011192e+01
9.998774e-01 -7.840451e-05 -1.565946e-02 1.314981e+02 1.202351e-04 9.999964e-01 2.670317e-03 -2.128500e+00 1.565919e-02 -2.671872e-03 9.998738e-01 4.015137e+01
9.999375e-01 8.454976e-04 1.114996e-02 1.332031e+02 -8.134164e-04 9.999955e-01 -2.881497e-03 -2.162301e+00 -1.115234e-02 2.872247e-03 9.999337e-01 4.031958e+01
9.998860e-01 -3.242436e-04 -1.509648e-02 1.343734e+02 3.632254e-04 9.999966e-01 2.579481e-03 -2.188870e+00 1.509559e-02 -2.584670e-03 9.998827e-01 4.038778e+01
9.999415e-01 6.730060e-04 1.079121e-02 1.350936e+02 -6.431988e-04 9.999960e-01 -2.765441e-03 -2.196355e+00 -1.079303e-02 2.758337e-03 9.999379e-01 4.063092e+01
9.998831e-01 -8.703262e-05 -1.528979e-02 1.360808e+02 1.284834e-04 9.999963e-01 2.710024e-03 -2.229221e+00 1.528950e-02 -2.711671e-03 9.998794e-01 4.093531e+01
9.999323e-01 6.765182e-04 1.161377e-02 1.368024e+02 -6.449750e-04 9.999961e-01 -2.719576e-03 -2.243950e+00 -1.161557e-02 2.711901e-03 9.999289e-01 4.086005e+01
9.998959e-01 -4.989166e-04 -1.441979e-02 1.371725e+02 5.370400e-04 9.999964e-01 2.640045e-03 -2.244558e+00 1.441842e-02 -2.647514e-03 9.998925e-01 4.044159e+01
9.999230e-01 8.092491e-04 1.238213e-02 1.377006e+02 -7.728829e-04 9.999954e-01 -2.941526e-03 -2.255901e+00 -1.238446e-02 2.931728e-03 9.999190e-01 4.046911e+01
9.998839e-01 -3.124268e-04 -1.523287e-02 1.384636e+02 3.524435e-04 9.999965e-01 2.624358e-03 -2.279818e+00 1.523200e-02 -2.629421e-03 9.998805e-01 4.089406e+01
9.999356e-01 1.052736e-03 1.130330e-02 1.394680e+02 -1.018781e-03 9.999950e-01 -3.009378e-03 -2.324781e+00 -1.130641e-02 2.997668e-03 9.999316e-01 4.181617e+01
9.998972e-01 -5.003293e-04 -1.432950e-02 1.401832e+02 5.413257e-04 9.999958e-01 2.857216e-03 -2.349299e+00 1.432801e-02 -2.864678e-03 9.998932e-01 4.220050e+01
9.999287e-01 9.871997e-04 1.190422e-02 1.413831e+02 -9.494873e-04 9.999945e-01 -3.173252e-03 -2.357403e+00 -1.190728e-02 3.161722e-03 9.999241e-01 4.195497e+01
9.998945e-01 -4.937793e-04 -1.451540e-02 1.426034e+02 5.360583e-04 9.999956e-01 2.908928e-03 -2.371981e+00 1.451390e-02 -2.916402e-03 9.998904e-01 4.187079e+01
