9.999927e-01 5.834546e-04 -3.788322e-03 7.127998e-01 -5.839247e-04 9.999998e-01 -1.229891e-04 -3.237495e-02 3.788249e-03 1.251996e-04 9.999928e-01 4.323280e-01
9.999996e-01 -1.501773e-04 8.605504e-04 1.453435e+00 1.503271e-04 1.000000e+00 -1.739219e-04 -5.657215e-02 -8.605239e-04 1.740520e-04 9.999996e-01 6.289480e-01
9.999918e-01 4.782987e-04 -4.020942e-03 2.266559e+00 -4.773649e-04 9.999999e-01 2.332033e-04 -8.108044e-02 4.021053e-03 -2.312826e-04 9.999919e-01 6.806482e-01
9.999996e-01 -9.888029e-05 9.046544e-04 3.096424e+00 9.918214e-05 9.999999e-01 -3.335992e-04 -1.005839e-01 -9.046210e-04 3.336895e-04 9.999995e-01 6.104220e-01
9.999900e-01 5.747966e-04 -4.425601e-03 4.216761e+00 -5.737269e-04 9.999998e-01 2.429743e-04 -1.313544e-01 4.425740e-03 -2.404335e-04 9.999902e-01 7.809576e-01
9.999991e-01 -1.964609e-04 1.291718e-03 5.160121e+00 1.967722e-04 1.000000e+00 -2.408451e-04 -1.593218e-01 -1.291670e-03 2.410997e-04 9.999991e-01 9.293801e-01
9.999858e-01 8.116875e-04 -5.269115e-03 6.096807e+00 -8.112077e-04 9.999997e-01 9.319351e-05 -1.909569e-01 5.269188e-03 -8.891855e-05 9.999861e-01 1.158276e+00
9.999971e-01 -4.862212e-04 2.379075e-03 7.256608e+00 4.865889e-04 9.999999e-01 -1.539484e-04 -2.135340e-01 -2.379000e-03 1.551063e-04 9.999972e-01 1.059807e+00
9.999918e-01 9.012997e-04 -3.957241e-03 8.049783e+00 -9.021028e-04 9.999996e-01 -2.011705e-04 -2.235428e-01 3.957057e-03 2.047380e-04 9.999921e-01 8.212782e-01
9.999992e-01 -4.514867e-04 1.165926e-03 8.463315e+00 4.514542e-04 9.999999e-01 2.818166e-05 -2.404957e-01 -1.165939e-03 -2.765457e-05 9.999993e-01 1.283816e+00
9.999867e-01 1.356554e-03 -4.983356e-03 9.261286e+00 -1.359002e-03 9.999990e-01 -4.877622e-04 -2.599978e-01 4.982689e-03 4.945274e-04 9.999875e-01 1.706670e+00
9.999984e-01 -7.184805e-04 1.636405e-03 1.092237e+01 7.180843e-04 9.999997e-01 2.427109e-04 -2.720498e-01 -1.636579e-03 -2.415347e-04 9.999986e-01 1.329890e+00
9.999926e-01 6.930405e-04 -3.775075e-03 1.174925e+01 -6.949304e-04 9.999996e-01 -4.993364e-04 -2.811981e-01 3.774728e-03 5.019555e-04 9.999927e-01 1.005897e+00
9.999999e-01 -1.779349e-04 4.883324e-04 1.207923e+01 1.778762e-04 1.000000e+00 1.204401e-04 -3.048524e-01 -4.883534e-04 -1.203525e-04 9.999999e-01 1.847548e+00
9.999859e-01 1.050534e-03 -5.207914e-03 1.281715e+01 -1.054008e-03 9.999992e-01 -6.643379e-04 -3.314105e-01 5.207212e-03 6.698169e-04 9.999862e-01 3.240752e+00
9.999992e-01 2.924161e-04 1.244634e-03 1.494913e+01 -2.919922e-04 9.999999e-01 -3.407214e-04 -3.462911e-01 -1.244733e-03 3.403584e-04 9.999992e-01 3.809307e+00
9.999994e-01 9.947653e-04 -3.928082e-04 1.829479e+01 -9.953855e-04 9.999983e-01 -1.581680e-03 -2.944498e-01 3.912338e-04 1.582069e-03 9.999987e-01 2.076073e+00
9.999994e-01 -7.776054e-05 1.137230e-03 2.166143e+01 7.785437e-05 1.000000e+00 -8.242621e-05 -2.494749e-01 -1.137224e-03 8.251541e-05 9.999993e-01 2.373419e-01
9.999966e-01 1.152183e-03 2.327441e-03 2.590825e+01 -1.146919e-03 9.999968e-01 -2.262041e-03 -1.694437e-01 -2.330040e-03 2.259363e-03 9.999947e-01 -2.717089e+00
9.999925e-01 2.475565e-04 -3.876470e-03 2.860839e+01 -2.455407e-04 9.999998e-01 5.204816e-04 -9.716576e-02 3.876599e-03 -5.195252e-04 9.999924e-01 -4.486890e+00
9.999888e-01 1.039752e-03 4.618597e-03 3.178665e+01 -1.027184e-03 9.999958e-01 -2.722729e-03 -1.097413e-02 -4.621409e-03 2.717954e-03 9.999856e-01 -7.221356e+00
9.999999e-01 3.180033e-04 -4.147937e-04 3.616061e+01 -3.180996e-04 9.999999e-01 -2.320283e-04 1.026557e-01 4.147202e-04 2.321609e-04 9.999999e-01 -1.147737e+01
9.999979e-01 1.025039e-03 1.765071e-03 4.025488e+01 -1.021726e-03 9.999977e-01 -1.877012e-03 1.668903e-01 -1.766991e-03 1.875204e-03 9.999967e-01 -1.396266e+01
9.999958e-01 1.035442e-04 2.884495e-03 4.463898e+01 -1.003942e-04 9.999994e-01 -1.092132e-03 2.790651e-01 -2.884606e-03 1.091839e-03 9.999952e-01 -1.817697e+01
9.999958e-01 1.231328e-03 -2.609218e-03 4.783098e+01 -1.233782e-03 9.999988e-01 -9.393138e-04 3.649945e-01 2.608058e-03 9.425284e-04 9.999962e-01 -2.094448e+01
9.999744e-01 -3.859641e-05 7.155691e-03 5.208906e+01 5.368659e-05 9.999978e-01 -2.108650e-03 4.787189e-01 -7.155593e-03 2.108981e-03 9.999722e-01 -2.546065e+01
9.999934e-01 1.453397e-03 -3.337999e-03 5.644685e+01 -1.457313e-03 9.999983e-01 -1.170972e-03 6.068657e-01 3.336290e-03 1.175828e-03 9.999937e-01 -3.037479e+01
9.999909e-01 7.548631e-07 4.260722e-03 6.012541e+01 5.618095e-06 9.999989e-01 -1.495724e-03 7.236428e-01 -4.260718e-03 1.495735e-03 9.999898e-01 -3.459667e+01
9.999934e-01 1.175359e-03 -3.424133e-03 6.389599e+01 -1.178084e-03 9.999990e-01 -7.938707e-04 8.137374e-01 3.423196e-03 7.978987e-04 9.999938e-01 -3.802228e+01
9.999962e-01 2.677705e-04 2.750208e-03 6.724679e+01 -2.629186e-04 9.999984e-01 -1.764386e-03 9.174678e-01 -2.750676e-03 1.763657e-03 9.999947e-01 -4.129841e+01
9.999578e-01 1.242076e-03 -9.101699e-03 6.868735e+01 -1.243164e-03 9.999992e-01 -1.138648e-04 1.000977e+00 9.101550e-03 1.251742e-04 9.999586e-01 -4.232089e+01
9.999963e-01 5.765907e-04 2.645336e-03 7.019990e+01 -5.715611e-04 9.999980e-01 -1.901659e-03 1.118254e+00 -2.646427e-03 1.900141e-03 9.999947e-01 -4.430021e+01
9.999408e-01 9.856076e-04 -1.083806e-02 7.136064e+01 -9.829163e-04 9.999995e-01 2.536484e-04 1.220409e+00 1.083830e-02 -2.429812e-04 9.999412e-01 -4.543159e+01
9.999794e-01 7.334521e-04 6.373944e-03 7.403118e+01 -7.186579e-04 9.999970e-01 -2.323004e-03 1.321665e+00 -6.375629e-03 2.318376e-03 9.999770e-01 -4.732438e+01
9.999372e-01 6.710607e-04 -1.119062e-02 7.664596e+01 -6.666763e-04 9.999997e-01 3.955166e-04 1.407991e+00 1.119088e-02 -3.880320e-04 9.999373e-01 -4.872266e+01
9.999991e-01 9.712825e-04 9.717316e-04 7.680300e+01 -9.695805e-04 9.999980e-01 -1.750400e-03 1.489973e+00 -9.734295e-04 1.749457e-03 9.999980e-01 -4.851181e+01
9.999631e-01 4.211241e-04 -8.575952e-03 7.846880e+01 -4.198348e-04 9.999999e-01 1.521402e-04 1.562192e+00 8.576015e-03 -1.485348e-04 9.999632e-01 -4.896762e+01
9.999990e-01 1.345446e-03 -3.049495e-04 7.932904e+01 -1.345822e-03 9.999983e-01 -1.236502e-03 1.608854e+00 3.032857e-04 1.236912e-03 9.999992e-01 -4.857079e+01
9.999996e-01 4.458066e-04 7.505709e-04 8.458224e+01 -4.447214e-04 9.999989e-01 -1.445501e-03 1.689682e+00 -7.512148e-04 1.445166e-03 9.999987e-01 -5.140107e+01
9.999991e-01 8.332221e-04 1.042407e-03 9.054025e+01 -8.323563e-04 9.999993e-01 -8.307590e-04 1.744220e+00 -1.043098e-03 8.298913e-04 9.999991e-01 -5.427315e+01
9.999905e-01 7.351152e-04 -4.306765e-03 9.476332e+01 -7.414160e-04 9.999987e-01 -1.461567e-03 1.790968e+00 4.305685e-03 1.464746e-03 9.999897e-01 -5.561104e+01
9.999986e-01 1.079849e-03 -1.286063e-03 9.879911e+01 -1.080422e-03 9.999993e-01 -4.456247e-04 1.800683e+00 1.285582e-03 4.470143e-04 9.999991e-01 -5.553608e+01
9.999614e-01 1.449194e-03 -8.664140e-03 1.018099e+02 -1.461465e-03 9.999979e-01 -1.410164e-03 1.807046e+00 8.662078e-03 1.422771e-03 9.999615e-01 -5.434111e+01
9.999961e-01 1.215692e-03 -2.509395e-03 1.036053e+02 -1.217119e-03 9.999991e-01 -5.672848e-04 1.851047e+00 2.508704e-03 5.703376e-04 9.999967e-01 -5.327160e+01
9.999736e-01 1.124119e-03 -7.177135e-03 1.031520e+02 -1.135068e-03 9.999982e-01 -1.521599e-03 1.883190e+00 7.175412e-03 1.529704e-03 9.999731e-01 -5.079129e+01
9.999997e-01 7.174821e-04 -9.419163e-05 1.024858e+02 -7.175371e-04 9.999996e-01 -5.852418e-04 1.892161e+00 9.377201e-05 5.853100e-04 9.999998e-01 -4.758974e+01
9.997805e-01 3.044628e-03 -2.072785e-02 9.824662e+01 -3.070648e-03 9.999945e-01 -1.223572e-03 2.078542e+00 2.072401e-02 1.286951e-03 9.997844e-01 -4.689919e+01
9.999979e-01 7.143483e-04 -1.908161e-03 9.311857e+01 -7.147161e-04 9.999997e-01 -1.921562e-04 2.312832e+00 1.908023e-03 1.935203e-04 9.999982e-01 -4.653723e+01
9.999082e-01 1.594207e-03 -1.345580e-02 9.014774e+01 -1.602251e-03 9.999985e-01 -5.870167e-04 2.437281e+00 1.345485e-02 6.085217e-04 9.999093e-01 -4.618251e+01
9.999995e-01 6.150641e-04 7.488277e-04 8.825712e+01 -6.148377e-04 9.999998e-01 -3.024016e-04 2.531312e+00 -7.490132e-04 3.019418e-04 9.999997e-01 -4.712984e+01
9.999759e-01 3.348289e-04 -6.930796e-03 8.839741e+01 -3.380685e-04 9.999998e-01 -4.662288e-04 2.502883e+00 6.930638e-03 4.685600e-04 9.999759e-01 -4.612466e+01
9.999966e-01 6.838403e-04 2.529969e-03 8.936193e+01 -6.838959e-04 9.999998e-01 2.117860e-05 2.420496e+00 -2.529953e-03 -2.290805e-05 9.999968e-01 -4.412813e+01
9.999785e-01 -3.862005e-04 -6.541780e-03 8.979711e+01 3.875125e-04 9.999999e-01 1.993095e-04 2.407854e+00 6.541702e-03 -2.018410e-04 9.999786e-01 -4.428667e+01
9.999952e-01 6.525559e-04 3.026467e-03 9.025890e+01 -6.524704e-04 9.999998e-01 -2.921976e-05 2.397742e+00 -3.026485e-03 2.724565e-05 9.999954e-01 -4.456030e+01
9.999697e-01 -3.331409e-04 -7.779766e-03 9.026110e+01 3.357076e-04 9.999999e-01 3.286272e-04 2.386421e+00 7.779656e-03 -3.312297e-04 9.999697e-01 -4.430965e+01
9.999918e-01 8.188953e-04 3.972077e-03 9.065242e+01 -8.163128e-04 9.999995e-01 -6.517163e-04 2.347709e+00 -3.972608e-03 6.484692e-04 9.999919e-01 -4.321588e+01
9.999683e-01 -2.856780e-04 -7.960901e-03 9.107696e+01 2.894878e-04 9.999998e-01 4.774385e-04 2.302543e+00 7.960763e-03 -4.797287e-04 9.999682e-01 -4.209679e+01
9.999927e-01 5.686881e-04 3.777248e-03 9.123372e+01 -5.676579e-04 9.999998e-01 -2.737765e-04 2.281790e+00 -3.777403e-03 2.716311e-04 9.999928e-01 -4.164803e+01
9.999636e-01 -1.563767e-04 -8.527433e-03 9.135008e+01 1.612956e-04 9.999998e-01 5.761574e-04 2.267670e+00 8.527341e-03 -5.775126e-04 9.999635e-01 -4.128916e+01
9.999937e-01 6.102778e-04 3.508993e-03 9.132584e+01 -6.091535e-04 9.999998e-01 -3.214254e-04 2.273199e+00 -3.509188e-03 3.192865e-04 9.999938e-01 -4.167998e+01
9.999635e-01 -6.534788e-05 -8.545212e-03 9.101879e+01 6.807620e-05 9.999999e-01 3.190041e-04 2.289049e+00 8.545190e-03 -3.195749e-04 9.999634e-01 -4.237393e+01
9.999918e-01 5.721873e-04 4.001867e-03 9.091319e+01 -5.711372e-04 9.999998e-01 -2.634979e-04 2.300871e+00 -4.002017e-03 2.612108e-04 9.999920e-01 -4.306932e+01
9.999702e-01 -2.501001e-04 -7.714956e-03 9.128672e+01 2.532332e-04 9.999999e-01 4.051414e-04 2.302517e+00 7.714853e-03 -4.070838e-04 9.999702e-01 -4.363074e+01
9.999907e-01 5.554118e-04 4.269304e-03 9.163243e+01 -5.540431e-04 9.999998e-01 -3.217176e-04 2.303598e+00 -4.269481e-03 3.193499e-04 9.999908e-01 -4.424660e+01
9.999635e-01 -2.011526e-04 -8.547167e-03 9.181905e+01 2.049045e-04 9.999999e-01 4.380988e-04 2.304948e+00 8.547078e-03 -4.398348e-04 9.999634e-01 -4.461227e+01
9.999925e-01 6.346586e-04 3.830376e-03 9.257296e+01 -6.334691e-04 9.999998e-01 -3.117309e-04 2.277930e+00 -3.830573e-03 3.093028e-04 9.999926e-01 -4.434918e+01
9.999607e-01 -1.615102e-04 -8.862961e-03 9.334029e+01 1.656097e-04 9.999999e-01 4.618215e-04 2.243457e+00 8.862885e-03 -4.632719e-04 9.999606e-01 -4.391030e+01
9.999897e-01 4.363749e-04 4.527240e-03 9.335579e+01 -4.350052e-04 9.999999e-01 -3.034943e-04 2.244534e+00 -4.527372e-03 3.015225e-04 9.999897e-01 -4.439099e+01
9.999735e-01 -6.550913e-05 -7.280369e-03 9.371228e+01 6.615885e-05 1.000000e+00 8.901972e-05 2.249773e+00 7.280363e-03 -8.949974e-05 9.999735e-01 -4.532613e+01
9.999889e-01 2.803001e-04 4.697419e-03 9.432946e+01 -2.791015e-04 9.999999e-01 -2.557692e-04 2.249440e+00 -4.697490e-03 2.544561e-04 9.999889e-01 -4.592536e+01
9.999738e-01 -6.367862e-05 -7.244372e-03 9.479333e+01 6.529017e-05 1.000000e+00 2.222383e-04 2.253973e+00 7.244357e-03 -2.227061e-04 9.999737e-01 -4.677579e+01
9.999876e-01 4.103614e-04 4.956031e-03 9.531984e+01 -4.072995e-04 9.999997e-01 -6.187700e-04 2.254556e+00 -4.956284e-03 6.167445e-04 9.999875e-01 -4.759602e+01
9.999731e-01 -1.450868e-04 -7.332554e-03 9.583717e+01 1.477521e-04 9.999999e-01 3.629734e-04 2.253114e+00 7.332500e-03 -3.640478e-04 9.999731e-01 -4.831970e+01
9.999879e-01 3.605241e-04 4.908624e-03 9.629854e+01 -3.585884e-04 9.999999e-01 -3.951801e-04 2.252106e+00 -4.908765e-03 3.934158e-04 9.999879e-01 -4.897553e+01
9.999742e-01 -5.895763e-06 -7.180068e-03 9.648019e+01 5.495448e-06 1.000000e+00 -5.575384e-05 2.258923e+00 7.180068e-03 5.571224e-05 9.999742e-01 -5.014569e+01
9.999892e-01 3.558838e-04 4.631916e-03 9.669714e+01 -3.552649e-04 9.999999e-01 -1.343957e-04 2.263224e+00 -4.631964e-03 1.327494e-04 9.999893e-01 -5.113146e+01
9.999744e-01 -2.448556e-05 -7.149633e-03 9.688483e+01 2.347297e-05 1.000000e+00 -1.416916e-04 2.267811e+00 7.149636e-03 1.415195e-04 9.999744e-01 -5.212435e+01
9.999885e-01 4.096631e-04 4.777832e-03 9.704359e+01 -4.085858e-04 9.999999e-01 -2.264263e-04 2.273871e+00 -4.777924e-03 2.244722e-04 9.999886e-01 -5.331619e+01
9.999765e-01 1.367788e-05 -6.850028e-03 9.723361e+01 -1.532619e-05 1.000000e+00 -2.405551e-04 2.282155e+00 6.850025e-03 2.406537e-04 9.999765e-01 -5.459674e+01
9.999897e-01 3.618843e-04 4.534433e-03 9.748918e+01 -3.613456e-04 9.999999e-01 -1.195918e-04 2.288845e+00 -4.534476e-03 1.179528e-04 9.999897e-01 -5.566756e+01
9.999716e-01 -6.571921e-05 -7.539692e-03 9.813710e+01 6.661159e-05 1.000000e+00 1.181258e-04 2.286376e+00 7.539684e-03 -1.186254e-04 9.999716e-01 -5.610297e+01
9.999901e-01 4.973974e-04 4.431761e-03 9.837913e+01 -4.962648e-04 9.999998e-01 -2.566211e-04 2.290353e+00 -4.431888e-03 2.544200e-04 9.999901e-01 -5.700373e+01
9.999679e-01 -7.712448e-05 -8.008853e-03 9.844832e+01 7.879532e-05 1.000000e+00 2.083284e-04 2.293830e+00 8.008836e-03 -2.089535e-04 9.999679e-01 -5.763854e+01
9.999865e-01 3.050559e-04 5.186855e-03 9.872843e+01 -3.044418e-04 9.999999e-01 -1.191537e-04 2.294739e+00 -5.186891e-03 1.175737e-04 9.999865e-01 -5.827427e+01
9.999564e-01 1.792261e-04 -9.339282e-03 9.857722e+01 -1.785205e-04 1.000000e+00 7.640380e-05 2.303866e+00 9.339295e-03 -7.473392e-05 9.999564e-01 -5.898073e+01
9.999884e-01 2.033750e-04 4.815878e-03 9.878725e+01 -2.037045e-04 1.000000e+00 6.797714e-05 2.292311e+00 -4.815864e-03 -6.895666e-05 9.999884e-01 -5.848616e+01
9.999581e-01 1.066161e-04 -9.157557e-03 9.922485e+01 -1.047654e-04 1.000000e+00 2.025940e-04 2.276857e+00 9.157578e-03 -2.016268e-04 9.999580e-01 -5.820986e+01
9.999852e-01 2.741399e-04 5.430076e-03 9.930092e+01 -2.735308e-04 1.000000e+00 -1.128751e-04 2.281487e+00 -5.430106e-03 1.113888e-04 9.999853e-01 -5.888657e+01
9.999566e-01 8.004732e-05 -9.319802e-03 9.956913e+01 -7.633556e-05 9.999999e-01 3.986374e-04 2.277187e+00 9.319833e-03 -3.979094e-04 9.999565e-01 -5.900535e+01
9.999871e-01 2.098122e-04 5.082468e-03 9.988059e+01 -2.095059e-04 1.000000e+00 -6.077158e-05 2.276560e+00 -5.082480e-03 5.970670e-05 9.999871e-01 -5.901681e+01
9.999558e-01 1.772298e-04 -9.398499e-03 1.001670e+02 -1.737589e-04 9.999999e-01 3.701347e-04 2.280283e+00 9.398564e-03 -3.684860e-04 9.999558e-01 -5.925582e+01
9.999850e-01 1.660207e-04 5.474403e-03 1.008171e+02 -1.652849e-04 1.000000e+00 -1.348282e-04 2.276112e+00 -5.474425e-03 1.339221e-04 9.999850e-01 -5.944910e+01
9.999565e-01 1.375870e-04 -9.323086e-03 1.010113e+02 -1.359170e-04 1.000000e+00 1.797731e-04 2.254744e+00 9.323111e-03 -1.784989e-04 9.999565e-01 -5.890897e+01
9.999877e-01 2.150701e-04 4.947396e-03 1.012391e+02 -2.158044e-04 1.000000e+00 1.479283e-04 2.230304e+00 -4.947363e-03 -1.489935e-04 9.999878e-01 -5.846150e+01
9.999563e-01 1.945936e-04 -9.350266e-03 1.013435e+02 -1.946851e-04 1.000000e+00 -8.856391e-06 2.233669e+00 9.350264e-03 1.067566e-05 9.999563e-01 -5.881483e+01
9.999962e-01 3.780968e-04 2.747898e-03 1.008575e+02 -3.791121e-04 9.999999e-01 3.690419e-04 2.246151e+00 -2.747758e-03 -3.700816e-04 9.999962e-01 -5.891962e+01
9.999689e-01 4.397849e-05 -7.889484e-03 1.009409e+02 -4.368882e-05 1.000000e+00 3.691041e-05 2.246327e+00 7.889486e-03 -3.656529e-05 9.999689e-01 -5.917685e+01
9.999943e-01 5.195623e-04 3.325608e-03 1.014514e+02 -5.202105e-04 9.999998e-01 1.941275e-04 2.243370e+00 -3.325506e-03 -1.958557e-04 9.999945e-01 -5.910071e+01
9.999658e-01 8.116619e-05 -8.264302e-03 1.024097e+02 -8.088634e-05 1.000000e+00 3.421799e-05 2.225856e+00 8.264305e-03 -3.354906e-05 9.999658e-01 -5.893068e+01
9.999927e-01 3.544707e-04 3.803128e-03 1.034999e+02 -3.549567e-04 9.999999e-01 1.271551e-04 2.204101e+00 -3.803083e-03 -1.285034e-04 9.999928e-01 -5.889861e+01
9.999706e-01 -9.875043e-05 -7.661512e-03 1.043391e+02 9.937956e-05 1.000000e+00 8.175830e-05 2.190172e+00 7.661504e-03 -8.251801e-05 9.999706e-01 -5.906765e+01
9.999934e-01 4.048701e-04 3.608662e-03 1.053146e+02 -4.056445e-04 9.999999e-01 2.139073e-04 2.186186e+00 -3.608575e-03 -2.153691e-04 9.999935e-01 -5.943064e+01
9.999671e-01 -4.658879e-05 -8.106113e-03 1.063819e+02 4.672454e-05 1.000000e+00 1.658004e-05 2.174631e+00 8.106112e-03 -1.695895e-05 9.999671e-01 -5.965150e+01
9.999913e-01 4.173690e-04 4.151379e-03 1.076321e+02 -4.180476e-04 9.999999e-01 1.626432e-04 2.169503e+00 -4.151311e-03 -1.643765e-04 9.999914e-01 -6.006501e+01
9.999681e-01 -2.178075e-05 -7.984591e-03 1.085218e+02 2.163019e-05 1.000000e+00 -1.892063e-05 2.164377e+00 7.984591e-03 1.874662e-05 9.999681e-01 -6.033023e+01
9.999923e-01 4.650302e-04 3.891492e-03 1.093821e+02 -4.659338e-04 9.999999e-01 2.313489e-04 2.160295e+00 -3.891383e-03 -2.331596e-04 9.999924e-01 -6.054611e+01
9.999685e-01 -8.459726e-05 -7.941451e-03 1.098009e+02 8.422364e-05 1.000000e+00 -4.735728e-05 2.165321e+00 7.941455e-03 4.668622e-05 9.999685e-01 -6.063102e+01
9.999927e-01 4.019165e-04 3.810875e-03 1.103314e+02 -4.031969e-04 9.999999e-01 3.352775e-04 2.162933e+00 -3.810739e-03 -3.368109e-04 9.999927e-01 -6.070822e+01
9.999680e-01 -6.532614e-05 -7.998243e-03 1.112968e+02 6.409314e-05 1.000000e+00 -1.543920e-04 2.150572e+00 7.998252e-03 1.538737e-04 9.999680e-01 -6.088055e+01
9.999908e-01 3.527672e-04 4.267738e-03 1.122655e+02 -3.541528e-04 9.999999e-01 3.239601e-04 2.146247e+00 -4.267623e-03 -3.254678e-04 9.999908e-01 -6.125657e+01
9.999706e-01 6.613781e-06 -7.667111e-03 1.129490e+02 -9.362123e-06 9.999999e-01 -3.583982e-04 2.145526e+00 7.667108e-03 3.584588e-04 9.999705e-01 -6.141775e+01
9.999923e-01 3.200471e-04 3.899481e-03 1.140277e+02 -3.217757e-04 9.999999e-01 4.427219e-04 2.137428e+00 -3.899339e-03 -4.439726e-04 9.999923e-01 -6.169515e+01
9.999657e-01 1.128238e-04 -8.282891e-03 1.153817e+02 -1.157977e-04 9.999999e-01 -3.585392e-04 2.119709e+00 8.282850e-03 3.594853e-04 9.999656e-01 -6.186738e+01
9.999925e-01 3.470504e-04 3.868410e-03 1.168428e+02 -3.488863e-04 9.999998e-01 4.739875e-04 2.102202e+00 -3.868244e-03 -4.753328e-04 9.999924e-01 -6.208326e+01
9.999733e-01 -6.881818e-05 -7.303042e-03 1.179683e+02 6.588825e-05 9.999999e-01 -4.014062e-04 2.099016e+00 7.303069e-03 4.009136e-04 9.999733e-01 -6.254585e+01
9.999907e-01 3.217813e-04 4.295758e-03 1.188626e+02 -3.236412e-04 9.999999e-01 4.323146e-04 2.100967e+00 -4.295618e-03 -4.337002e-04 9.999907e-01 -6.308022e+01
9.999735e-01 -6.232188e-05 -7.279531e-03 1.198669e+02 5.938129e-05 9.999999e-01 -4.041416e-04 2.103255e+00 7.279555e-03 4.036979e-04 9.999734e-01 -6.362709e+01
9.999908e-01 3.051429e-04 4.273676e-03 1.207264e+02 -3.070564e-04 9.999999e-01 4.471426e-04 2.104713e+00 -4.273538e-03 -4.484500e-04 9.999908e-01 -6.411838e+01
9.999711e-01 -3.292720e-05 -7.598823e-03 1.216112e+02 3.023287e-05 9.999999e-01 -3.546603e-04 2.102772e+00 7.598834e-03 3.544196e-04 9.999711e-01 -6.453599e+01
9.999921e-01 3.475271e-04 3.948562e-03 1.225791e+02 -3.495466e-04 9.999998e-01 5.108076e-04 2.098132e+00 -3.948384e-03 -5.121831e-04 9.999921e-01 -6.491400e+01
9.999671e-01 -3.091024e-05 -8.107859e-03 1.235166e+02 2.847401e-05 1.000000e+00 -3.005672e-04 2.088203e+00 8.107867e-03 3.003258e-04 9.999671e-01 -6.515916e+01
9.999935e-01 4.311058e-04 3.569016e-03 1.242882e+02 -4.331652e-04 9.999997e-01 5.763175e-04 2.071806e+00 -3.568766e-03 -5.778591e-04 9.999935e-01 -6.514093e+01
9.999775e-01 -1.769970e-04 -6.710879e-03 1.251853e+02 1.736278e-04 9.999999e-01 -5.025938e-04 2.070583e+00 6.710967e-03 5.014166e-04 9.999774e-01 -6.559013e+01
9.999944e-01 5.892298e-04 3.287490e-03 1.256621e+02 -5.904096e-04 9.999998e-01 3.579919e-04 2.080037e+00 -3.287278e-03 -3.599302e-04 9.999945e-01 -6.610961e+01
9.999769e-01 -2.787717e-04 -6.794375e-03 1.259565e+02 2.767606e-04 9.999999e-01 -2.969021e-04 2.088458e+00 6.794457e-03 2.950141e-04 9.999769e-01 -6.678000e+01
9.999954e-01 5.416540e-04 2.968183e-03 1.262194e+02 -5.432070e-04 9.999997e-01 5.225023e-04 2.091648e+00 -2.967899e-03 -5.241116e-04 9.999955e-01 -6.720392e+01
9.999735e-01 -2.710000e-04 -7.280726e-03 1.262276e+02 2.696050e-04 9.999999e-01 -1.925526e-04 2.089686e+00 7.280778e-03 1.905838e-04 9.999735e-01 -6.710144e+01
9.999941e-01 5.159374e-04 3.388797e-03 1.263930e+02 -5.179501e-04 9.999997e-01 5.931461e-04 2.078082e+00 -3.388490e-03 -5.948971e-04 9.999941e-01 -6.687651e+01
9.999733e-01 -3.017529e-04 -7.302859e-03 1.266979e+02 3.004741e-04 9.999999e-01 -1.761773e-04 2.066081e+00 7.302911e-03 1.739775e-04 9.999733e-01 -6.689877e+01
9.999935e-01 5.066149e-04 3.572430e-03 1.270242e+02 -5.084443e-04 9.999997e-01 5.112601e-04 2.053553e+00 -3.572170e-03 -5.130724e-04 9.999935e-01 -6.692652e+01
9.999681e-01 -2.090946e-04 -7.980797e-03 1.270879e+02 2.074665e-04 1.000000e+00 -2.048034e-04 2.049625e+00 7.980839e-03 2.031404e-04 9.999681e-01 -6.700612e+01
9.999939e-01 5.955939e-04 3.435151e-03 1.269776e+02 -5.968217e-04 9.999998e-01 3.564555e-04 2.057779e+00 -3.434937e-03 -3.585029e-04 9.999940e-01 -6.714192e+01
9.999724e-01 -1.902755e-04 -7.421392e-03 1.269085e+02 1.876149e-04 9.999999e-01 -3.591607e-04 2.071625e+00 7.421460e-03 3.577577e-04 9.999724e-01 -6.779937e+01
9.999915e-01 4.648008e-04 4.091660e-03 1.270290e+02 -4.668183e-04 9.999998e-01 4.921879e-04 2.074268e+00 -4.091430e-03 -4.940931e-04 9.999915e-01 -6.818682e+01
9.999615e-01 -6.630264e-05 -8.778549e-03 1.267917e+02 6.383351e-05 1.000000e+00 -2.815240e-04 2.080748e+00 8.778567e-03 2.809521e-04 9.999614e-01 -6.825910e+01
9.999943e-01 5.733730e-04 3.320696e-03 1.265222e+02 -5.749821e-04 9.999997e-01 4.836929e-04 2.089020e+00 -3.320418e-03 -4.855988e-04 9.999944e-01 -6.831982e+01
9.999734e-01 -2.761900e-04 -7.286123e-03 1.267672e+02 2.745086e-04 9.999999e-01 -2.317343e-04 2.090267e+00 7.286186e-03 2.297273e-04 9.999734e-01 -6.871324e+01
9.999883e-01 5.194306e-04 4.799746e-03 1.273959e+02 -5.201256e-04 9.999999e-01 1.435913e-04 2.091750e+00 -4.799671e-03 -1.460854e-04 9.999885e-01 -6.931163e+01
9.999703e-01 -2.952752e-04 -7.705934e-03 1.278517e+02 2.947512e-04 1.000000e+00 -6.910146e-05 2.091524e+00 7.705954e-03 6.682738e-05 9.999703e-01 -6.974061e+01
9.999959e-01 7.772603e-04 2.770595e-03 1.276554e+02 -7.777116e-04 9.999997e-01 1.618960e-04 2.107002e+00 -2.770468e-03 -1.640494e-04 9.999961e-01 -7.005399e+01
9.999844e-01 -5.323298e-04 -5.569049e-03 1.283623e+02 5.313557e-04 9.999998e-01 -1.763508e-04 2.112834e+00 5.569142e-03 1.733882e-04 9.999845e-01 -7.073685e+01
9.999949e-01 7.851150e-04 3.107365e-03 1.293889e+02 -7.853333e-04 9.999997e-01 6.910703e-05 2.119034e+00 -3.107309e-03 -7.154631e-05 9.999952e-01 -7.139221e+01
9.999844e-01 -4.764967e-04 -5.567405e-03 1.300392e+02 4.749101e-04 9.999998e-01 -2.862676e-04 2.128507e+00 5.567540e-03 2.836184e-04 9.999845e-01 -7.230417e+01
9.999975e-01 8.863230e-04 2.072414e-03 1.302446e+02 -8.868293e-04 9.999996e-01 2.435062e-04 2.133061e+00 -2.072197e-03 -2.453428e-04 9.999978e-01 -7.300726e+01
9.999812e-01 -4.609739e-04 -6.115191e-03 1.304925e+02 4.599323e-04 9.999999e-01 -1.717049e-04 2.138227e+00 6.115269e-03 1.688884e-04 9.999813e-01 -7.359997e+01
9.999936e-01 7.465884e-04 3.491684e-03 1.311915e+02 -7.467286e-04 9.999997e-01 3.889815e-05 2.141408e+00 -3.491654e-03 -4.150456e-05 9.999939e-01 -7.431747e+01
9.999783e-01 -5.044951e-04 -6.569141e-03 1.316808e+02 5.050489e-04 9.999999e-01 8.268804e-05 2.140136e+00 6.569098e-03 -8.600467e-05 9.999784e-01 -7.478641e+01
9.999946e-01 7.601676e-04 3.205892e-03 1.322178e+02 -7.605690e-04 9.999997e-01 1.240553e-04 2.140046e+00 -3.205796e-03 -1.264923e-04 9.999949e-01 -7.523076e+01
9.999824e-01 1.402867e-05 -5.938341e-03 1.330474e+02 -1.736218e-05 9.999998e-01 -5.612637e-04 2.149666e+00 5.938332e-03 5.613563e-04 9.999822e-01 -7.617506e+01
9.999908e-01 3.662338e-05 4.286531e-03 1.343225e+02 -3.736222e-05 1.000000e+00 1.723402e-04 2.164059e+00 -4.286524e-03 -1.724981e-04 9.999908e-01 -7.712164e+01
9.999770e-01 2.543294e-04 -6.772808e-03 1.349106e+02 -2.563184e-04 9.999999e-01 -2.927738e-04 2.168798e+00 6.772732e-03 2.945024e-04 9.999770e-01 -7.789806e+01
9.999938e-01 6.197140e-05 3.510378e-03 1.352078e+02 -6.301058e-05 1.000000e+00 2.959889e-04 2.167838e+00 -3.510359e-03 -2.962076e-04 9.999938e-01 -7.850770e+01
9.999711e-01 2.406445e-04 -7.592570e-03 1.354917e+02 -2.408768e-04 1.000000e+00 -2.965558e-05 2.159681e+00 7.592562e-03 3.148292e-05 9.999712e-01 -7.861289e+01
9.999941e-01 1.241780e-04 3.439920e-03 1.359717e+02 -1.250918e-04 1.000000e+00 2.655002e-04 2.141587e+00 -3.439887e-03 -2.659282e-04 9.999940e-01 -7.839122e+01
9.999736e-01 1.824419e-04 -7.259920e-03 1.363900e+02 -1.826729e-04 1.000000e+00 -3.112367e-05 2.127184e+00 7.259914e-03 3.244836e-05 9.999736e-01 -7.814493e+01
9.999952e-01 9.511117e-05 3.111954e-03 1.369705e+02 -9.639361e-05 9.999999e-01 4.120312e-04 2.110818e+00 -3.111915e-03 -4.123285e-04 9.999951e-01 -7.813731e+01
9.999718e-01 1.711245e-04 -7.509812e-03 1.373141e+02 -1.725021e-04 1.000000e+00 -1.827650e-04 2.085675e+00 7.509780e-03 1.840546e-04 9.999718e-01 -7.772996e+01
9.999958e-01 1.925721e-04 2.887216e-03 1.375417e+02 -1.934996e-04 9.999999e-01 3.210761e-04 2.070480e+00 -2.887154e-03 -3.216328e-04 9.999958e-01 -7.710260e+01
9.999683e-01 4.187174e-04 -7.945775e-03 1.383491e+02 -4.200035e-04 9.999999e-01 -1.601673e-04 2.037435e+00 7.945706e-03 1.634988e-04 9.999684e-01 -7.650382e+01
9.999930e-01 1.117865e-03 3.563176e-03 1.370817e+02 -1.112805e-03 9.999984e-01 -1.421599e-03 2.125417e+00 -3.564759e-03 1.417625e-03 9.999926e-01 -7.418097e+01
9.999546e-01 2.084756e-04 -9.530624e-03 1.358070e+02 -2.112915e-04 9.999999e-01 -2.944241e-04 2.225084e+00 9.530562e-03 2.964238e-04 9.999545e-01 -7.168857e+01
9.999908e-01 7.455482e-04 4.223257e-03 1.371101e+02 -7.458324e-04 9.999997e-01 6.578792e-05 2.181514e+00 -4.223206e-03 -6.893648e-05 9.999911e-01 -7.056257e+01
9.999630e-01 2.944451e-04 -8.597484e-03 1.375972e+02 -3.007695e-04 9.999997e-01 -7.342932e-04 2.163027e+00 8.597265e-03 7.368512e-04 9.999628e-01 -6.916061e+01
9.999914e-01 6.257602e-04 4.091255e-03 1.375428e+02 -6.259293e-04 9.999998e-01 4.011442e-05 2.167937e+00 -4.091229e-03 -4.267423e-05 9.999916e-01 -6.748984e+01
9.999615e-01 8.092088e-05 -8.775822e-03 1.376731e+02 -8.463563e-05 9.999999e-01 -4.228939e-04 2.162595e+00 8.775786e-03 4.236196e-04 9.999614e-01 -6.612231e+01
9.999908e-01 4.395821e-04 4.272247e-03 1.378296e+02 -4.399552e-04 9.999999e-01 8.645121e-05 2.145391e+00 -4.272209e-03 -8.832933e-05 9.999909e-01 -6.476334e+01
9.999612e-01 6.077583e-04 -8.785975e-03 1.370531e+02 -6.167004e-04 9.999993e-01 -1.015076e-03 2.194840e+00 8.785352e-03 1.020454e-03 9.999609e-01 -6.310394e+01
9.999935e-01 7.946934e-05 3.611837e-03 1.368278e+02 -8.125900e-05 9.999999e-01 4.954285e-04 2.213594e+00 -3.611797e-03 -4.957181e-04 9.999934e-01 -6.176859e+01
9.999586e-01 7.762799e-04 -9.061341e-03 1.381962e+02 -7.804808e-04 9.999996e-01 -4.600494e-04 2.163312e+00 9.060979e-03 4.671019e-04 9.999588e-01 -6.110311e+01
9.999887e-01 5.270960e-06 4.754738e-03 1.382507e+02 -6.245669e-06 1.000000e+00 2.050401e-04 2.160290e+00 -4.754737e-03 -2.050668e-04 9.999887e-01 -6.014416e+01
9.999551e-01 7.974921e-04 -9.447035e-03 1.379755e+02 -8.060362e-04 9.999993e-01 -9.006177e-04 2.177648e+00 9.446310e-03 9.081912e-04 9.999550e-01 -5.861347e+01
9.999913e-01 3.077039e-04 4.149438e-03 1.395064e+02 -3.113752e-04 9.999996e-01 8.842199e-04 2.139777e+00 -4.149164e-03 -8.855036e-04 9.999910e-01 -5.791507e+01
9.999500e-01 7.191562e-04 -9.976908e-03 1.415599e+02 -7.309335e-04 9.999990e-01 -1.176834e-03 2.090978e+00 9.976052e-03 1.184067e-03 9.999495e-01 -5.739701e+01
9.999854e-01 -4.043789e-06 5.411375e-03 1.422186e+02 3.656548e-07 9.999998e-01 6.797569e-04 2.056094e+00 -5.411377e-03 -6.797443e-04 9.999851e-01 -5.598225e+01
9.999486e-01 6.762373e-04 -1.011575e-02 1.418778e+02 -6.899306e-04 9.999989e-01 -1.350205e-03 2.081641e+00 1.011483e-02 1.357114e-03 9.999479e-01 -5.456790e+01
9.999846e-01 1.189439e-04 5.546669e-03 1.424514e+02 -1.237032e-04 9.999996e-01 8.577680e-04 2.057332e+00 -5.546565e-03 -8.584403e-04 9.999842e-01 -5.315574e+01
9.999489e-01 5.620466e-04 -1.009310e-02 1.425083e+02 -5.760896e-04 9.999989e-01 -1.388466e-03 2.053398e+00 1.009231e-02 1.394209e-03 9.999481e-01 -5.164597e+01
9.999839e-01 3.904169e-04 5.656205e-03 1.424265e+02 -3.942517e-04 9.999997e-01 6.769400e-04 2.061991e+00 -5.655939e-03 -6.791584e-04 9.999838e-01 -5.000629e+01
9.999476e-01 7.523325e-04 -1.020544e-02 1.420292e+02 -7.705020e-04 9.999981e-01 -1.776536e-03 2.092665e+00 1.020408e-02 1.784305e-03 9.999463e-01 -4.796091e+01
9.999859e-01 4.587419e-04 5.287658e-03 1.410972e+02 -4.605745e-04 9.999998e-01 3.454179e-04 2.160034e+00 -5.287498e-03 -3.478477e-04 9.999860e-01 -4.569714e+01
9.999485e-01 3.507545e-04 -1.013781e-02 1.409971e+02 -3.630965e-04 9.999992e-01 -1.215578e-03 2.179280e+00 1.013737e-02 1.219196e-03 9.999479e-01 -4.405392e+01
9.999951e-01 1.107672e-03 2.928792e-03 1.440820e+02 -1.108513e-03 9.999993e-01 2.855653e-04 2.067677e+00 -2.928473e-03 -2.888099e-04 9.999957e-01 -4.224147e+01
9.999425e-01 7.290437e-04 -1.069606e-02 1.479233e+02 -7.439492e-04 9.999988e-01 -1.389612e-03 1.923598e+00 1.069503e-02 1.397489e-03 9.999418e-01 -4.005559e+01
9.999805e-01 4.588148e-04 6.235634e-03 1.476155e+02 -4.598830e-04 9.999999e-01 1.699306e-04 1.928202e+00 -6.235555e-03 -1.727943e-04 9.999805e-01 -3.765716e+01
9.999260e-01 4.964453e-04 -1.215772e-02 1.471068e+02 -5.017902e-04 9.999998e-01 -4.365598e-04 1.966382e+00 1.215750e-02 4.426274e-04 9.999260e-01 -3.674456e+01
9.999485e-01 -8.710733e-05 1.015208e-02 1.485321e+02 8.746812e-05 1.000000e+00 -3.506496e-05 1.959171e+00 -1.015208e-02 3.595180e-05 9.999485e-01 -3.718056e+01
9.998774e-01 1.218225e-03 -1.561072e-02 1.509143e+02 -1.219836e-03 9.999993e-01 -9.363095e-05 1.928692e+00 1.561060e-02 1.126613e-04 9.998781e-01 -3.746285e+01
9.999586e-01 -1.757087e-04 9.098733e-03 1.542116e+02 1.785267e-04 9.999999e-01 -3.088649e-04 1.874868e+00 -9.098678e-03 3.104771e-04 9.999586e-01 -3.734822e+01
9.998433e-01 2.235717e-03 -1.756081e-02 1.581876e+02 -2.243312e-03 9.999974e-01 -4.128211e-04 1.752573e+00 1.755984e-02 4.521501e-04 9.998457e-01 -3.556148e+01
9.999671e-01 3.863334e-04 8.105330e-03 1.632723e+02 -3.786740e-04 9.999995e-01 -9.464639e-04 1.592327e+00 -8.105691e-03 9.433641e-04 9.999667e-01 -3.310760e+01
9.998980e-01 1.436614e-03 -1.420997e-02 1.666405e+02 -1.438219e-03 9.999990e-01 -1.026944e-04 1.507446e+00 1.420981e-02 1.231203e-04 9.998990e-01 -3.172471e+01
9.999689e-01 -3.217478e-04 7.878380e-03 1.661096e+02 3.263984e-04 9.999998e-01 -5.889858e-04 1.567144e+00 -7.878189e-03 5.915396e-04 9.999688e-01 -3.065709e+01
9.999151e-01 2.276615e-03 -1.283272e-02 1.658013e+02 -2.286822e-03 9.999971e-01 -7.807593e-04 1.673643e+00 1.283091e-02 8.100385e-04 9.999174e-01 -2.929765e+01
9.999864e-01 -2.931262e-04 5.202900e-03 1.630866e+02 3.022646e-04 9.999984e-01 -1.755646e-03 1.878761e+00 -5.202377e-03 1.757196e-03 9.999849e-01 -2.652684e+01
9.999417e-01 1.882974e-03 -1.063323e-02 1.616189e+02 -1.880976e-03 9.999982e-01 1.979743e-04 2.007667e+00 1.063358e-02 -1.779625e-04 9.999434e-01 -2.489193e+01
9.999951e-01 -1.107276e-04 3.128159e-03 1.592194e+02 1.167009e-04 9.999982e-01 -1.909303e-03 2.173115e+00 -3.127942e-03 1.909659e-03 9.999933e-01 -2.300789e+01
9.999555e-01 2.040076e-03 -9.206531e-03 1.569082e+02 -2.039383e-03 9.999979e-01 8.463515e-05 2.345584e+00 9.206684e-03 -6.585639e-05 9.999576e-01 -2.066774e+01
9.999976e-01 6.024930e-04 2.105301e-03 1.535978e+02 -5.957415e-04 9.999947e-01 -3.205908e-03 2.601577e+00 -2.107221e-03 3.204647e-03 9.999926e-01 -1.726654e+01
9.999398e-01 2.816865e-03 -1.060136e-02 1.489738e+02 -2.826562e-03 9.999956e-01 -8.998107e-04 2.949025e+00 1.059878e-02 9.297213e-04 9.999434e-01 -1.294915e+01
9.999932e-01 -7.783046e-04 3.600510e-03 1.463681e+02 7.848366e-04 9.999980e-01 -1.813035e-03 3.160679e+00 -3.599092e-03 1.815849e-03 9.999919e-01 -1.012893e+01
9.999572e-01 2.789484e-03 -8.824166e-03 1.451160e+02 -2.790801e-03 9.999961e-01 -1.369787e-04 3.316781e+00 8.823750e-03 1.615987e-04 9.999611e-01 -8.406764e+00
9.999921e-01 -4.314086e-04 3.960708e-03 1.436589e+02 4.408156e-04 9.999971e-01 -2.374441e-03 3.508303e+00 -3.959672e-03 2.376169e-03 9.999893e-01 -6.442337e+00
9.999460e-01 2.913862e-03 -9.975224e-03 1.409968e+02 -2.917968e-03 9.999957e-01 -3.970297e-04 3.739608e+00 9.974023e-03 4.261150e-04 9.999502e-01 -3.508772e+00
9.999971e-01 -7.110525e-04 2.319813e-03 1.378175e+02 7.166963e-04 9.999968e-01 -2.432776e-03 3.979784e+00 -2.318075e-03 2.434432e-03 9.999943e-01 -4.669508e-01
9.999503e-01 2.612069e-03 -9.619237e-03 1.352115e+02 -2.610536e-03 9.999966e-01 1.720427e-04 4.174005e+00 9.619653e-03 -1.469234e-04 9.999537e-01 1.979121e+00
9.999897e-01 -1.054886e-03 4.411721e-03 1.345656e+02 1.061319e-03 9.999984e-01 -1.455912e-03 4.273979e+00 -4.410177e-03 1.460580e-03 9.999892e-01 3.438883e+00
9.999644e-01 2.361781e-03 -8.096941e-03 1.355478e+02 -2.358489e-03 9.999971e-01 4.161223e-04 4.307592e+00 8.097900e-03 -3.970116e-04 9.999671e-01 4.121024e+00
9.999901e-01 -7.892544e-04 4.388124e-03 1.363935e+02 7.965802e-04 9.999983e-01 -1.667884e-03 4.370381e+00 -4.386800e-03 1.671364e-03 9.999890e-01 4.832193e+00
9.999542e-01 2.075378e-03 -9.340687e-03 1.358045e+02 -2.071637e-03 9.999978e-01 4.101734e-04 4.461750e+00 9.341517e-03 -3.908047e-04 9.999563e-01 6.332594e+00
9.999908e-01 -1.377542e-03 4.053557e-03 1.351292e+02 1.381377e-03 9.999986e-01 -9.432037e-04 4.508176e+00 -4.052252e-03 9.487952e-04 9.999913e-01 7.454153e+00
9.999602e-01 2.115322e-03 -8.666356e-03 1.345199e+02 -2.111464e-03 9.999977e-01 4.542631e-04 4.547274e+00 8.667297e-03 -4.359470e-04 9.999623e-01 8.616350e+00
9.999996e-01 -4.328343e-04 7.643671e-04 1.325178e+02 4.343220e-04 9.999980e-01 -1.946786e-03 4.679023e+00 -7.635228e-04 1.947118e-03 9.999978e-01 1.043018e+01
9.999149e-01 3.057717e-03 -1.268353e-02 1.297508e+02 -3.054271e-03 9.999953e-01 2.910774e-04 4.827562e+00 1.268436e-02 -2.523143e-04 9.999195e-01 1.225448e+01
9.999923e-01 -1.758561e-03 3.495915e-03 1.287095e+02 1.763643e-03 9.999974e-01 -1.450872e-03 4.896755e+00 -3.493354e-03 1.457027e-03 9.999928e-01 1.420414e+01
9.999582e-01 3.070991e-03 -8.614399e-03 1.309223e+02 -3.060227e-03 9.999945e-01 1.262517e-03 4.850411e+00 8.618228e-03 -1.236103e-03 9.999621e-01 1.478889e+01
9.999844e-01 -1.769422e-03 5.290859e-03 1.326512e+02 1.780652e-03 9.999962e-01 -2.118400e-03 4.862906e+00 -5.287091e-03 2.127789e-03 9.999838e-01 1.495353e+01
9.999673e-01 2.616829e-03 -7.647302e-03 1.343046e+02 -2.606595e-03 9.999957e-01 1.347939e-03 4.895031e+00 7.650796e-03 -1.327962e-03 9.999699e-01 1.480389e+01
9.999884e-01 -2.228771e-03 4.267668e-03 1.355248e+02 2.234250e-03 9.999967e-01 -1.279630e-03 4.887212e+00 -4.264802e-03 1.289151e-03 9.999901e-01 1.451311e+01
9.999639e-01 2.538145e-03 -8.114499e-03 1.361290e+02 -2.525904e-03 9.999957e-01 1.518483e-03 4.867982e+00 8.118318e-03 -1.497932e-03 9.999659e-01 1.455926e+01
9.999922e-01 -2.075102e-03 3.362726e-03 1.370720e+02 2.079649e-03 9.999969e-01 -1.349042e-03 4.840508e+00 -3.359917e-03 1.356025e-03 9.999934e-01 1.477097e+01
9.999660e-01 2.615586e-03 -7.822529e-03 1.378691e+02 -2.604538e-03 9.999956e-01 1.422258e-03 4.809690e+00 7.826214e-03 -1.401836e-03 9.999684e-01 1.537363e+01
9.999922e-01 -1.906695e-03 3.449725e-03 1.390258e+02 1.912244e-03 9.999969e-01 -1.605933e-03 4.772041e+00 -3.446652e-03 1.612517e-03 9.999928e-01 1.597975e+01
9.999637e-01 3.264586e-03 -7.875656e-03 1.375918e+02 -3.261926e-03 9.999946e-01 3.506026e-04 4.874588e+00 7.876758e-03 -3.249007e-04 9.999689e-01 1.800412e+01
9.999955e-01 -2.191277e-03 2.032651e-03 1.365718e+02 2.194779e-03 9.999961e-01 -1.721900e-03 4.953953e+00 -2.028870e-03 1.726354e-03 9.999965e-01 1.998749e+01
9.999737e-01 3.468973e-03 -6.370328e-03 1.386623e+02 -3.461270e-03 9.999933e-01 1.220003e-03 4.931001e+00 6.374517e-03 -1.197922e-03 9.999790e-01 2.005435e+01
9.999948e-01 -2.482195e-03 2.079833e-03 1.401825e+02 2.485997e-03 9.999952e-01 -1.827020e-03 4.944002e+00 -2.075288e-03 1.832182e-03 9.999962e-01 2.020093e+01
9.999724e-01 3.318738e-03 -6.641456e-03 1.411611e+02 -3.307358e-03 9.999930e-01 1.723815e-03 4.931274e+00 6.647131e-03 -1.701802e-03 9.999765e-01 2.063795e+01
9.999955e-01 -2.670528e-03 1.389905e-03 1.425552e+02 2.672731e-03 9.999952e-01 -1.585423e-03 4.902232e+00 -1.385664e-03 1.589131e-03 9.999978e-01 2.074046e+01
9.999765e-01 3.147940e-03 -6.092415e-03 1.432094e+02 -3.137926e-03 9.999937e-01 1.652521e-03 4.858839e+00 6.097579e-03 -1.633365e-03 9.999801e-01 2.160862e+01
9.999954e-01 -2.558320e-03 1.608745e-03 1.436978e+02 2.561104e-03 9.999952e-01 -1.730729e-03 4.829186e+00 -1.604310e-03 1.734842e-03 9.999972e-01 2.258894e+01
9.999738e-01 3.157077e-03 -6.520978e-03 1.442201e+02 -3.144870e-03 9.999933e-01 1.881522e-03 4.809802e+00 6.526874e-03 -1.860966e-03 9.999770e-01 2.332003e+01
9.999954e-01 -2.430129e-03 1.793180e-03 1.447320e+02 2.433626e-03 9.999951e-01 -1.950234e-03 4.794779e+00 -1.788432e-03 1.954590e-03 9.999965e-01 2.412952e+01
9.999746e-01 3.126850e-03 -6.410816e-03 1.449393e+02 -3.115306e-03 9.999935e-01 1.810059e-03 4.790114e+00 6.416434e-03 -1.790042e-03 9.999778e-01 2.517241e+01
9.999954e-01 -2.459966e-03 1.762895e-03 1.449911e+02 2.463456e-03 9.999950e-01 -1.980117e-03 4.794139e+00 -1.758016e-03 1.984451e-03 9.999965e-01 2.609789e+01
9.999752e-01 3.048896e-03 -6.341144e-03 1.452845e+02 -3.036359e-03 9.999934e-01 1.985893e-03 4.779848e+00 6.347157e-03 -1.966590e-03 9.999779e-01 2.699814e+01
9.999954e-01 -2.565664e-03 1.598962e-03 1.457764e+02 2.568333e-03 9.999953e-01 -1.668789e-03 4.763327e+00 -1.594673e-03 1.672888e-03 9.999973e-01 2.735038e+01
9.999792e-01 2.920164e-03 -5.751248e-03 1.461386e+02 -2.908498e-03 9.999937e-01 2.035815e-03 4.760260e+00 5.757157e-03 -2.019046e-03 9.999814e-01 2.727172e+01
9.999964e-01 -2.495881e-03 9.720993e-04 1.468878e+02 2.497532e-03 9.999954e-01 -1.700359e-03 4.735252e+00 -9.678509e-04 1.702781e-03 9.999981e-01 2.741707e+01
9.999789e-01 2.982059e-03 -5.773042e-03 1.476211e+02 -2.970301e-03 9.999935e-01 2.044254e-03 4.708440e+00 5.779100e-03 -2.027064e-03 9.999812e-01 2.768313e+01
9.999964e-01 -2.560156e-03 7.548883e-04 1.484169e+02 2.561585e-03 9.999949e-01 -1.896623e-03 4.665580e+00 -7.500287e-04 1.898551e-03 9.999979e-01 2.835455e+01
9.999837e-01 3.137604e-03 -4.772124e-03 1.488259e+02 -3.130186e-03 9.999939e-01 1.561158e-03 4.629750e+00 4.776993e-03 -1.546195e-03 9.999874e-01 2.965223e+01
9.999968e-01 -2.498249e-03 3.220933e-04 1.486278e+02 2.498929e-03 9.999946e-01 -2.127508e-03 4.634993e+00 -3.167764e-04 2.128307e-03 9.999977e-01 3.101007e+01
9.999835e-01 3.205427e-03 -4.761764e-03 1.482999e+02 -3.198712e-03 9.999939e-01 1.417150e-03 4.649660e+00 4.766278e-03 -1.401895e-03 9.999877e-01 3.255418e+01
9.999970e-01 -2.399281e-03 4.238098e-04 1.477685e+02 2.400243e-03 9.999945e-01 -2.283741e-03 4.675793e+00 -4.183280e-04 2.284752e-03 9.999973e-01 3.422296e+01
9.999843e-01 3.043432e-03 -4.701653e-03 1.478691e+02 -3.035134e-03 9.999938e-01 1.771194e-03 4.661721e+00 4.707015e-03 -1.756897e-03 9.999874e-01 3.577709e+01
9.999973e-01 -2.298048e-03 -3.157839e-04 1.487549e+02 2.297463e-03 9.999957e-01 -1.841564e-03 4.618721e+00 3.200146e-04 1.840834e-03 9.999983e-01 3.675921e+01
9.999915e-01 3.316371e-03 2.469180e-03 1.510792e+02 -3.316113e-03 9.999945e-01 -1.089824e-04 4.686231e+00 -2.469528e-03 1.007928e-04 9.999969e-01 3.348872e+01
9.999848e-01 -1.957624e-03 5.148342e-03 1.536607e+02 1.979446e-03 9.999891e-01 -4.236815e-03 4.814606e+00 -5.139991e-03 4.246942e-03 9.999778e-01 2.709642e+01
9.999942e-01 3.095035e-03 -1.422730e-03 1.568715e+02 -3.092615e-03 9.999938e-01 1.700170e-03 4.900650e+00 1.427983e-03 -1.695761e-03 9.999975e-01 2.366460e+01
9.999959e-01 -1.951898e-03 2.072525e-03 1.601680e+02 1.959125e-03 9.999920e-01 -3.490612e-03 4.975789e+00 -2.065695e-03 3.494659e-03 9.999918e-01 2.074265e+01
