9.999847e-01 6.965417e-05 -5.529703e-03 -2.163620e-01 -6.621210e-05 9.999998e-01 6.226539e-04 3.881547e-03 5.529745e-03 -6.222790e-04 9.999845e-01 3.450509e-01
9.999999e-01 -3.902991e-05 -5.201284e-04 -4.422418e-01 3.901348e-05 1.000000e+00 -3.165274e-05 7.604454e-03 5.201300e-04 3.163315e-05 9.999999e-01 3.052793e-01
9.999864e-01 -1.578712e-05 -5.224104e-03 -5.680567e-01 1.866797e-05 9.999998e-01 5.514092e-04 9.231600e-03 5.224094e-03 -5.514999e-04 9.999862e-01 2.500790e-01
9.999996e-01 -6.042131e-05 8.774809e-04 -5.616292e-01 6.034318e-05 1.000000e+00 8.910181e-05 -6.462841e-03 -8.774859e-04 -8.904811e-05 9.999996e-01 9.267633e-01
9.999636e-01 -7.272892e-05 -8.534780e-03 -1.231130e+00 7.979670e-05 9.999997e-01 8.277810e-04 2.142082e-02 8.534716e-03 -8.284326e-04 9.999632e-01 1.173376e+00
9.999997e-01 -1.339677e-04 8.127161e-04 -1.984269e+00 1.338276e-04 1.000000e+00 1.725376e-04 5.097395e-02 -8.127389e-04 -1.724280e-04 9.999997e-01 1.625626e+00
9.999568e-01 -8.421244e-05 -9.290088e-03 -2.859184e+00 9.236416e-05 9.999996e-01 8.770423e-04 8.562498e-02 9.290010e-03 -8.778632e-04 9.999565e-01 1.923735e+00
9.999996e-01 -1.131148e-04 8.606145e-04 -3.683823e+00 1.130222e-04 1.000000e+00 1.076776e-04 1.171992e-01 -8.606263e-04 -1.075796e-04 9.999996e-01 2.053761e+00
9.999721e-01 3.070702e-05 -7.469765e-03 -4.154293e+00 -2.572070e-05 9.999998e-01 6.676350e-04 1.301280e-01 7.469783e-03 -6.674249e-04 9.999719e-01 2.323388e+00
9.999971e-01 -8.969579e-05 2.419301e-03 -4.383367e+00 8.973572e-05 1.000000e+00 -1.637761e-05 1.300848e-01 -2.419299e-03 1.659537e-05 9.999971e-01 2.986394e+00
9.999686e-01 9.487201e-05 -7.930031e-03 -4.586080e+00 -8.982312e-05 9.999998e-01 6.370389e-04 1.354693e-01 7.930090e-03 -6.363072e-04 9.999684e-01 3.478701e+00
9.999943e-01 -1.106967e-04 3.364218e-03 -4.561669e+00 1.110132e-04 1.000000e+00 -9.387537e-05 1.268768e-01 -3.364207e-03 9.424902e-05 9.999943e-01 3.924592e+00
9.999617e-01 4.682738e-05 -8.752389e-03 -4.784389e+00 -4.007603e-05 9.999997e-01 7.715519e-04 1.331939e-01 8.752423e-03 -7.711723e-04 9.999614e-01 4.354154e+00
9.999925e-01 -6.669697e-05 3.881771e-03 -4.470737e+00 6.798653e-05 9.999999e-01 -3.320640e-04 1.221511e-01 -3.881748e-03 3.323261e-04 9.999924e-01 4.544301e+00
9.999553e-01 2.678236e-04 -9.451655e-03 -3.845528e+00 -2.598923e-04 9.999996e-01 8.403736e-04 1.101606e-01 9.451876e-03 -8.378803e-04 9.999550e-01 4.722817e+00
9.999909e-01 -6.500469e-05 4.254381e-03 -3.300871e+00 6.622354e-05 1.000000e+00 -2.863390e-04 9.474887e-02 -4.254362e-03 2.866189e-04 9.999909e-01 5.170937e+00
9.999595e-01 2.237902e-04 -8.996022e-03 -2.826300e+00 -2.167614e-04 9.999997e-01 7.823062e-04 7.342906e-02 8.996194e-03 -7.803252e-04 9.999592e-01 5.701214e+00
9.999869e-01 -1.622026e-04 5.114461e-03 -2.647122e+00 1.638220e-04 9.999999e-01 -3.161966e-04 5.034479e-02 -5.114409e-03 3.170310e-04 9.999869e-01 6.292933e+00
9.999571e-01 1.527516e-04 -9.262996e-03 -2.624255e+00 -1.452130e-04 9.999997e-01 8.145150e-04 3.547502e-02 9.263117e-03 -8.131356e-04 9.999568e-01 6.886035e+00
9.999894e-01 -8.071613e-05 4.593142e-03 -2.247985e+00 8.255425e-05 9.999999e-01 -3.999863e-04 1.754213e-02 -4.593109e-03 4.003620e-04 9.999894e-01 7.225893e+00
9.999569e-01 3.588963e-04 -9.278614e-03 -1.679679e+00 -3.506934e-04 9.999995e-01 8.856815e-04 -1.069095e-02 9.278927e-03 -8.823900e-04 9.999566e-01 7.594613e+00
9.999891e-01 -1.805965e-04 4.669145e-03 -8.805342e-01 1.834122e-04 9.999998e-01 -6.026198e-04 -4.684903e-02 -4.669035e-03 6.034703e-04 9.999889e-01 8.017549e+00
9.999588e-01 3.741913e-04 -9.067156e-03 -3.300536e-01 -3.655859e-04 9.999995e-01 9.507109e-04 -7.653805e-02 9.067507e-03 -9.473577e-04 9.999584e-01 8.451151e+00
9.999869e-01 -2.259625e-04 5.117957e-03 6.661170e-02 2.294341e-04 9.999997e-01 -6.777267e-04 -1.001782e-01 -5.117802e-03 6.788927e-04 9.999867e-01 8.698396e+00
9.999516e-01 4.346414e-04 -9.830799e-03 5.144516e-01 -4.235683e-04 9.999993e-01 1.128431e-03 -1.242145e-01 9.831282e-03 -1.124213e-03 9.999510e-01 9.049956e+00
9.999869e-01 -1.935148e-04 5.122312e-03 1.091562e+00 1.971416e-04 9.999997e-01 -7.075333e-04 -1.501166e-01 -5.122173e-03 7.085345e-04 9.999866e-01 9.404561e+00
9.999546e-01 3.145766e-04 -9.524333e-03 1.554907e+00 -3.078949e-04 9.999997e-01 7.030050e-04 -1.529888e-01 9.524551e-03 -7.000413e-04 9.999544e-01 9.048385e+00
9.999838e-01 -4.025384e-04 5.685164e-03 1.794926e+00 4.063218e-04 9.999997e-01 -6.643273e-04 -1.597596e-01 -5.684895e-03 6.666272e-04 9.999836e-01 8.738323e+00
9.999447e-01 5.677350e-04 -1.050442e-02 2.417559e+00 -5.573403e-04 9.999994e-01 9.924680e-04 -1.840729e-01 1.050497e-02 -9.865592e-04 9.999443e-01 8.959377e+00
9.999877e-01 -5.269803e-04 4.938669e-03 2.420332e+00 5.285371e-04 9.999998e-01 -3.139182e-04 -1.848085e-01 -4.938503e-03 3.165253e-04 9.999878e-01 9.272486e+00
9.999372e-01 5.758208e-04 -1.119342e-02 2.148020e+00 -5.646998e-04 9.999993e-01 9.966718e-04 -1.719504e-01 1.119399e-02 -9.902890e-04 9.999369e-01 9.525045e+00
9.999847e-01 -5.602585e-04 5.497562e-03 1.952001e+00 5.622698e-04 9.999998e-01 -3.642899e-04 -1.666158e-01 -5.497357e-03 3.673762e-04 9.999848e-01 9.739285e+00
9.999420e-01 5.731215e-04 -1.075861e-02 1.883966e+00 -5.628402e-04 9.999994e-01 9.586458e-04 -1.704514e-01 1.075916e-02 -9.525355e-04 9.999417e-01 9.816789e+00
9.999803e-01 -4.919084e-04 6.264948e-03 1.979147e+00 4.947073e-04 9.999998e-01 -4.451955e-04 -1.841086e-01 -6.264728e-03 4.482867e-04 9.999803e-01 1.004782e+01
9.999457e-01 4.785158e-04 -1.040779e-02 1.964117e+00 -4.685316e-04 9.999994e-01 9.617277e-04 -1.965694e-01 1.040824e-02 -9.567998e-04 9.999454e-01 1.047902e+01
9.999829e-01 -4.811492e-04 5.832094e-03 1.924524e+00 4.834829e-04 9.999998e-01 -3.987228e-04 -2.057539e-01 -5.831900e-03 4.015364e-04 9.999829e-01 1.082683e+01
9.999326e-01 4.361024e-04 -1.160458e-02 1.649531e+00 -4.233157e-04 9.999993e-01 1.104309e-03 -2.035584e-01 1.160505e-02 -1.099323e-03 9.999321e-01 1.097359e+01
9.999838e-01 -4.682408e-04 5.670598e-03 1.368843e+00 4.708095e-04 9.999998e-01 -4.516418e-04 -1.962689e-01 -5.670385e-03 4.543050e-04 9.999838e-01 1.111614e+01
9.999284e-01 4.320259e-04 -1.196102e-02 1.002327e+00 -4.176197e-04 9.999992e-01 1.206912e-03 -1.781293e-01 1.196153e-02 -1.201831e-03 9.999277e-01 1.164129e+01
9.999744e-01 -3.125827e-04 7.145051e-03 1.388704e+00 3.176980e-04 9.999997e-01 -7.147805e-04 -2.038290e-01 -7.144825e-03 7.170329e-04 9.999742e-01 1.207454e+01
9.999300e-01 5.554757e-04 -1.182037e-02 2.278690e+00 -5.443662e-04 9.999994e-01 9.430606e-04 -2.316022e-01 1.182088e-02 -9.365607e-04 9.999297e-01 1.223921e+01
9.999729e-01 -3.622268e-04 7.354323e-03 2.912395e+00 3.672474e-04 9.999997e-01 -6.813130e-04 -2.493213e-01 -7.354074e-03 6.839961e-04 9.999727e-01 1.229027e+01
9.999194e-01 3.615302e-04 -1.269196e-02 2.754837e+00 -3.455510e-04 9.999991e-01 1.261176e-03 -2.504305e-01 1.269241e-02 -1.256690e-03 9.999187e-01 1.240249e+01
9.999720e-01 -3.781047e-04 7.473316e-03 2.611992e+00 3.828654e-04 9.999997e-01 -6.355906e-04 -2.499826e-01 -7.473073e-03 6.384347e-04 9.999719e-01 1.263426e+01
9.999111e-01 2.787908e-04 -1.333393e-02 2.259802e+00 -2.607444e-04 9.999990e-01 1.355145e-03 -2.459586e-01 1.333429e-02 -1.351549e-03 9.999102e-01 1.277059e+01
9.999644e-01 -3.126613e-04 8.436229e-03 2.110860e+00 3.188874e-04 9.999997e-01 -7.366714e-04 -2.469574e-01 -8.435996e-03 7.393361e-04 9.999641e-01 1.331087e+01
9.998735e-01 1.245318e-04 -1.590191e-02 1.513301e+00 -9.922413e-05 9.999987e-01 1.592270e-03 -2.273371e-01 1.590209e-02 -1.590491e-03 9.998723e-01 1.353005e+01
9.999757e-01 -1.985397e-04 6.968706e-03 6.032455e-01 2.024415e-04 9.999998e-01 -5.591736e-04 -1.975614e-01 -6.968594e-03 5.605715e-04 9.999756e-01 1.345576e+01
9.999118e-01 2.184000e-04 -1.327855e-02 2.870004e-01 -2.018024e-04 9.999992e-01 1.251293e-03 -1.848702e-01 1.327881e-02 -1.248503e-03 9.999111e-01 1.364940e+01
9.999809e-01 -2.827893e-04 6.168704e-03 -2.220749e-01 2.855723e-04 9.999999e-01 -4.502471e-04 -1.640369e-01 -6.168576e-03 4.520008e-04 9.999809e-01 1.383408e+01
9.999189e-01 2.854564e-04 -1.273451e-02 -5.899008e-01 -2.702259e-04 9.999992e-01 1.197712e-03 -1.468674e-01 1.273484e-02 -1.194174e-03 9.999182e-01 1.408856e+01
9.999714e-01 -2.342014e-04 7.565146e-03 -6.377284e-01 2.388102e-04 9.999998e-01 -6.083050e-04 -1.427983e-01 -7.565002e-03 6.100950e-04 9.999712e-01 1.427038e+01
9.999299e-01 2.876622e-04 -1.183349e-02 -5.380070e-01 -2.744365e-04 9.999993e-01 1.119263e-03 -1.536733e-01 1.183380e-02 -1.115938e-03 9.999294e-01 1.448637e+01
9.999702e-01 -2.731753e-04 7.714489e-03 -4.495397e-01 2.779230e-04 9.999998e-01 -6.143411e-04 -1.683437e-01 -7.714319e-03 6.164676e-04 9.999701e-01 1.486680e+01
9.999303e-01 4.256137e-04 -1.179887e-02 1.263380e-01 -4.142737e-04 9.999994e-01 9.635445e-04 -2.050765e-01 1.179927e-02 -9.585901e-04 9.999299e-01 1.540929e+01
9.999675e-01 -2.593400e-04 8.059248e-03 5.527710e-01 2.648434e-04 9.999997e-01 -6.817838e-04 -2.299358e-01 -8.059068e-03 6.838968e-04 9.999673e-01 1.581754e+01
9.999032e-01 2.867393e-04 -1.391135e-02 2.233725e-01 -2.677778e-04 9.999990e-01 1.364881e-03 -2.233095e-01 1.391172e-02 -1.361025e-03 9.999023e-01 1.594533e+01
9.999774e-01 -3.660470e-04 6.707413e-03 -3.390626e-01 3.695513e-04 9.999998e-01 -5.211961e-04 -2.010859e-01 -6.707220e-03 5.236637e-04 9.999774e-01 1.613166e+01
9.999250e-01 3.472982e-04 -1.224334e-02 -5.533642e-01 -3.329999e-04 9.999993e-01 1.169869e-03 -1.990207e-01 1.224373e-02 -1.165705e-03 9.999244e-01 1.653490e+01
9.999674e-01 -2.379358e-04 8.074394e-03 -2.030427e-01 2.444860e-04 9.999996e-01 -8.102390e-04 -2.218532e-01 -8.074198e-03 8.121873e-04 9.999671e-01 1.697036e+01
9.999127e-01 5.473288e-04 -1.320421e-02 5.162285e-01 -5.303570e-04 9.999990e-01 1.288808e-03 -2.490967e-01 1.320490e-02 -1.281693e-03 9.999120e-01 1.725275e+01
9.999558e-01 -4.598307e-04 9.391001e-03 7.676757e-01 4.679032e-04 9.999995e-01 -8.573960e-04 -2.748090e-01 -9.390601e-03 8.617529e-04 9.999555e-01 1.779966e+01
9.998940e-01 4.498631e-04 -1.455183e-02 6.006915e-01 -4.278258e-04 9.999988e-01 1.517483e-03 -2.717408e-01 1.455250e-02 -1.511097e-03 9.998930e-01 1.812493e+01
9.999532e-01 -5.014805e-04 9.659713e-03 4.275924e-01 5.093042e-04 9.999995e-01 -8.074769e-04 -2.671402e-01 -9.659304e-03 8.123595e-04 9.999530e-01 1.871878e+01
9.998958e-01 5.068392e-04 -1.442712e-02 3.018423e-01 -4.878339e-04 9.999990e-01 1.320831e-03 -2.756480e-01 1.442778e-02 -1.313656e-03 9.998951e-01 1.914737e+01
9.999810e-01 -6.629182e-04 6.128721e-03 -4.401365e-01 6.652400e-04 9.999997e-01 -3.767967e-04 -2.491860e-01 -6.128470e-03 3.808674e-04 9.999811e-01 1.919508e+01
9.998766e-01 4.157948e-04 -1.570167e-02 -1.427119e+00 -3.928241e-04 9.999988e-01 1.466006e-03 -2.134242e-01 1.570226e-02 -1.459658e-03 9.998756e-01 1.914585e+01
9.999667e-01 -4.471422e-04 8.145493e-03 -1.888259e+00 4.522357e-04 9.999997e-01 -6.234664e-04 -1.947072e-01 -8.145212e-03 6.271300e-04 9.999666e-01 1.931723e+01
9.999094e-01 4.570984e-04 -1.345272e-02 -1.985809e+00 -4.380340e-04 9.999989e-01 1.420063e-03 -1.970036e-01 1.345336e-02 -1.414042e-03 9.999085e-01 1.985426e+01
9.999598e-01 -5.526494e-04 8.953911e-03 -2.094631e+00 5.591466e-04 9.999996e-01 -7.231273e-04 -2.014763e-01 -8.953508e-03 7.281054e-04 9.999597e-01 2.054754e+01
9.998711e-01 5.186654e-04 -1.604525e-02 -2.584406e+00 -4.935227e-04 9.999986e-01 1.570918e-03 -1.752604e-01 1.604605e-02 -1.562797e-03 9.998700e-01 2.102761e+01
9.999671e-01 -5.241485e-04 8.097737e-03 -3.234299e+00 5.295086e-04 9.999996e-01 -6.597828e-04 -1.418806e-01 -8.097388e-03 6.640496e-04 9.999670e-01 2.138762e+01
9.999268e-01 5.389127e-04 -1.208880e-02 -3.137364e+00 -5.248165e-04 9.999992e-01 1.169212e-03 -1.642635e-01 1.208942e-02 -1.162783e-03 9.999262e-01 2.200127e+01
9.999760e-01 -5.857949e-04 6.909780e-03 -3.286444e+00 5.892338e-04 9.999997e-01 -4.956398e-04 -1.656443e-01 -6.909487e-03 4.997001e-04 9.999760e-01 2.257525e+01
9.999160e-01 5.818452e-04 -1.294991e-02 -3.530091e+00 -5.655788e-04 9.999990e-01 1.259737e-03 -1.582067e-01 1.295063e-02 -1.252307e-03 9.999154e-01 2.295947e+01
9.999794e-01 -6.472805e-04 6.385248e-03 -3.916861e+00 6.499761e-04 9.999997e-01 -4.200619e-04 -1.383541e-01 -6.384974e-03 4.242042e-04 9.999795e-01 2.338623e+01
9.999065e-01 5.687313e-04 -1.366372e-02 -4.488541e+00 -5.508070e-04 9.999990e-01 1.315555e-03 -1.129786e-01 1.366446e-02 -1.307907e-03 9.999058e-01 2.372375e+01
9.999730e-01 -6.233546e-04 7.326211e-03 -4.831203e+00 6.280095e-04 9.999996e-01 -6.330671e-04 -1.079397e-01 -7.325813e-03 6.376516e-04 9.999730e-01 2.384337e+01
9.999300e-01 6.024960e-04 -1.181657e-02 -4.742905e+00 -5.889136e-04 9.999992e-01 1.152891e-03 -1.151964e-01 1.181726e-02 -1.145852e-03 9.999295e-01 2.425945e+01
9.999816e-01 -7.275718e-04 6.028608e-03 -5.118152e+00 7.295519e-04 9.999997e-01 -3.262291e-04 -9.960904e-02 -6.028368e-03 3.306220e-04 9.999818e-01 2.500142e+01
9.999358e-01 6.060975e-04 -1.131316e-02 -5.368052e+00 -5.932093e-04 9.999992e-01 1.142559e-03 -9.111209e-02 1.131385e-02 -1.135775e-03 9.999354e-01 2.573024e+01
9.999728e-01 -5.861872e-04 7.345827e-03 -5.234970e+00 5.908235e-04 9.999996e-01 -6.289630e-04 -1.122921e-01 -7.345455e-03 6.332867e-04 9.999728e-01 2.635648e+01
9.999230e-01 4.264719e-04 -1.240263e-02 -5.392857e+00 -4.091230e-04 9.999989e-01 1.401320e-03 -1.087543e-01 1.240322e-02 -1.396138e-03 9.999221e-01 2.715489e+01
9.999804e-01 -5.077611e-04 6.235932e-03 -5.786690e+00 5.110759e-04 9.999997e-01 -5.299549e-04 -8.724105e-02 -6.235660e-03 5.331323e-04 9.999804e-01 2.790367e+01
9.999206e-01 5.028256e-04 -1.258902e-02 -6.148949e+00 -4.861627e-04 9.999990e-01 1.326640e-03 -7.227338e-02 1.258968e-02 -1.320416e-03 9.999199e-01 2.821752e+01
9.999922e-01 -7.611470e-04 3.863598e-03 -7.043496e+00 7.622700e-04 9.999997e-01 -2.891377e-04 -3.851305e-02 -3.863376e-03 2.920812e-04 9.999925e-01 2.827491e+01
9.999191e-01 6.681663e-04 -1.270477e-02 -7.906406e+00 -6.511376e-04 9.999989e-01 1.344437e-03 6.630801e-03 1.270565e-02 -1.336056e-03 9.999184e-01 2.863850e+01
9.999932e-01 -8.609287e-04 3.597706e-03 -8.835900e+00 8.619464e-04 9.999996e-01 -2.812761e-04 4.648266e-02 -3.597462e-03 2.843759e-04 9.999935e-01 2.877458e+01
9.999023e-01 5.625744e-04 -1.396762e-02 -1.005226e+01 -5.420066e-04 9.999988e-01 1.476290e-03 9.150395e-02 1.396843e-02 -1.468576e-03 9.999014e-01 2.868839e+01
9.999886e-01 -7.794006e-04 4.703286e-03 -1.103572e+01 7.814269e-04 9.999996e-01 -4.289805e-04 1.243920e-01 -4.702949e-03 4.326516e-04 9.999888e-01 2.859730e+01
9.999338e-01 7.675871e-04 -1.147963e-02 -1.148383e+01 -7.537035e-04 9.999990e-01 1.213704e-03 1.422568e-01 1.148055e-02 -1.204972e-03 9.999334e-01 2.882858e+01
9.999760e-01 -7.826515e-04 6.885719e-03 -1.147992e+01 7.871046e-04 9.999995e-01 -6.439998e-04 1.348287e-01 -6.885211e-03 6.494048e-04 9.999761e-01 2.929169e+01
9.999259e-01 7.897913e-04 -1.215077e-02 -1.161833e+01 -7.745361e-04 9.999989e-01 1.260163e-03 1.337595e-01 1.215175e-02 -1.250660e-03 9.999254e-01 2.956153e+01
9.999796e-01 -8.298084e-04 6.332395e-03 -1.192973e+01 8.333893e-04 9.999995e-01 -5.628324e-04 1.382092e-01 -6.331924e-03 5.680989e-04 9.999798e-01 2.968346e+01
9.999320e-01 8.174995e-04 -1.163618e-02 -1.215456e+01 -8.035433e-04 9.999990e-01 1.204016e-03 1.379333e-01 1.163715e-02 -1.194585e-03 9.999316e-01 2.978879e+01
9.999868e-01 -9.074503e-04 5.064627e-03 -1.259206e+01 9.098436e-04 9.999995e-01 -4.702452e-04 1.447423e-01 -5.064197e-03 4.748476e-04 9.999871e-01 2.974333e+01
9.999295e-01 7.898320e-04 -1.184484e-02 -1.309936e+01 -7.748379e-04 9.999989e-01 1.270426e-03 1.555488e-01 1.184583e-02 -1.261159e-03 9.999290e-01 2.973936e+01
9.999886e-01 -9.873780e-04 4.674069e-03 -1.369233e+01 9.892681e-04 9.999994e-01 -4.020482e-04 1.745036e-01 -4.673669e-03 4.066682e-04 9.999890e-01 2.989221e+01
9.999442e-01 9.702340e-04 -1.051709e-02 -1.402922e+01 -9.583864e-04 9.999989e-01 1.131509e-03 1.799001e-01 1.051818e-02 -1.121367e-03 9.999441e-01 3.033301e+01
9.999879e-01 -9.563221e-04 4.825724e-03 -1.426176e+01 9.586992e-04 9.999994e-01 -4.902735e-04 1.818648e-01 -4.825252e-03 4.948946e-04 9.999882e-01 3.054124e+01
9.999511e-01 9.693035e-04 -9.837558e-03 -1.437025e+01 -9.587457e-04 9.999990e-01 1.077903e-03 1.768409e-01 9.838592e-03 -1.068419e-03 9.999510e-01 3.090142e+01
9.999870e-01 -9.257738e-04 5.013791e-03 -1.434925e+01 9.285442e-04 9.999994e-01 -5.502171e-04 1.661845e-01 -5.013279e-03 5.548662e-04 9.999873e-01 3.125105e+01
9.999576e-01 9.749626e-04 -9.158714e-03 -1.411269e+01 -9.651776e-04 9.999990e-01 1.072760e-03 1.435926e-01 9.159750e-03 -1.063876e-03 9.999575e-01 3.199758e+01
9.999921e-01 -9.828514e-04 3.845628e-03 -1.431602e+01 9.848148e-04 9.999994e-01 -5.086313e-04 1.408846e-01 -3.845125e-03 5.124152e-04 9.999925e-01 3.239589e+01
9.999393e-01 8.465015e-04 -1.098589e-02 -1.484859e+01 -8.331142e-04 9.999989e-01 1.223126e-03 1.519056e-01 1.098691e-02 -1.213900e-03 9.999389e-01 3.225090e+01
9.999781e-01 -8.949232e-04 6.563226e-03 -1.483901e+01 9.014533e-04 9.999991e-01 -9.920240e-04 1.496439e-01 -6.562332e-03 9.979193e-04 9.999780e-01 3.208263e+01
9.999356e-01 6.860608e-04 -1.132941e-02 -1.491960e+01 -6.766591e-04 9.999994e-01 8.336787e-04 1.529835e-01 1.132997e-02 -8.259595e-04 9.999355e-01 3.109498e+01
9.999863e-01 -9.870597e-04 5.147850e-03 -1.547958e+01 9.907074e-04 9.999993e-01 -7.060402e-04 1.648436e-01 -5.147149e-03 7.111312e-04 9.999865e-01 2.978783e+01
9.999477e-01 8.969834e-04 -1.018705e-02 -1.577007e+01 -8.827493e-04 9.999986e-01 1.401705e-03 1.605205e-01 1.018829e-02 -1.392640e-03 9.999471e-01 3.021900e+01
9.999840e-01 -9.243211e-04 5.585414e-03 -1.584190e+01 9.301379e-04 9.999990e-01 -1.038871e-03 1.417582e-01 -5.584448e-03 1.044051e-03 9.999839e-01 3.014846e+01
9.999384e-01 6.718422e-04 -1.108258e-02 -1.623557e+01 -6.599771e-04 9.999992e-01 1.074244e-03 1.479849e-01 1.108330e-02 -1.066864e-03 9.999380e-01 2.892301e+01
9.999888e-01 -8.847351e-04 4.642027e-03 -1.676928e+01 8.885289e-04 9.999993e-01 -8.152302e-04 1.566496e-01 -4.641302e-03 8.193463e-04 9.999889e-01 2.790793e+01
9.999415e-01 6.723469e-04 -1.080017e-02 -1.722808e+01 -6.582703e-04 9.999989e-01 1.306894e-03 1.574084e-01 1.080103e-02 -1.299709e-03 9.999408e-01 2.734958e+01
9.999988e-01 -1.247334e-03 9.438765e-04 -1.844957e+01 1.247381e-03 9.999992e-01 -4.836532e-05 2.020132e-01 -9.438152e-04 4.954331e-05 9.999996e-01 2.736550e+01
9.999287e-01 9.750904e-04 -1.190159e-02 -1.983000e+01 -9.586004e-04 9.999986e-01 1.391175e-03 2.567508e-01 1.190293e-02 -1.379668e-03 9.999282e-01 2.734835e+01
9.999859e-01 -1.004904e-03 5.217821e-03 -2.021279e+01 1.008569e-03 9.999992e-01 -6.998776e-04 2.649248e-01 -5.217113e-03 7.051309e-04 9.999861e-01 2.729160e+01
9.999508e-01 9.760765e-04 -9.871313e-03 -2.002877e+01 -9.674947e-04 9.999991e-01 8.741307e-04 2.639627e-01 9.872158e-03 -8.645379e-04 9.999509e-01 2.691125e+01
9.999865e-01 -8.949610e-04 5.109655e-03 -1.968104e+01 8.974153e-04 9.999995e-01 -4.780063e-04 2.480773e-01 -5.109224e-03 4.825861e-04 9.999868e-01 2.707816e+01
9.999501e-01 1.004380e-03 -9.942698e-03 -1.950922e+01 -9.970414e-04 9.999992e-01 7.430572e-04 2.383853e-01 9.943437e-03 -7.331074e-04 9.999503e-01 2.708806e+01
9.999808e-01 -8.209507e-04 6.146037e-03 -1.887082e+01 8.236396e-04 9.999996e-01 -4.349499e-04 2.000797e-01 -6.145677e-03 4.400043e-04 9.999810e-01 2.767039e+01
9.999496e-01 1.005106e-03 -9.987250e-03 -1.826411e+01 -9.992527e-04 9.999993e-01 5.910305e-04 1.701840e-01 9.987837e-03 -5.810216e-04 9.999500e-01 2.799883e+01
9.999800e-01 -1.247619e-03 6.208085e-03 -1.823280e+01 1.252999e-03 9.999988e-01 -8.626915e-04 1.756004e-01 -6.207002e-03 8.704536e-04 9.999804e-01 2.701416e+01
9.999168e-01 1.159651e-03 -1.284447e-02 -1.864846e+01 -1.140637e-03 9.999982e-01 1.487612e-03 1.834504e-01 1.284618e-02 -1.472838e-03 9.999164e-01 2.689156e+01
9.999854e-01 -1.282804e-03 5.257299e-03 -1.927990e+01 1.286763e-03 9.999989e-01 -7.497227e-04 1.948860e-01 -5.256332e-03 7.564773e-04 9.999859e-01 2.657069e+01
9.999321e-01 1.104605e-03 -1.160042e-02 -1.971417e+01 -1.090540e-03 9.999987e-01 1.218704e-03 2.051623e-01 1.160175e-02 -1.205972e-03 9.999320e-01 2.607381e+01
9.999792e-01 -1.243796e-03 6.324802e-03 -1.992471e+01 1.250442e-03 9.999987e-01 -1.046911e-03 2.131050e-01 -6.323491e-03 1.054799e-03 9.999795e-01 2.542630e+01
9.999176e-01 1.118523e-03 -1.278589e-02 -2.035687e+01 -1.099635e-03 9.999983e-01 1.484173e-03 2.173232e-01 1.278753e-02 -1.469991e-03 9.999172e-01 2.487450e+01
9.999685e-01 -1.236653e-03 7.838436e-03 -2.045967e+01 1.246884e-03 9.999984e-01 -1.300453e-03 2.191591e-01 -7.836815e-03 1.310186e-03 9.999684e-01 2.433941e+01
9.999282e-01 1.114789e-03 -1.192783e-02 -2.040740e+01 -1.098734e-03 9.999985e-01 1.352481e-03 2.155115e-01 1.192932e-02 -1.339279e-03 9.999279e-01 2.380604e+01
9.999659e-01 -1.087567e-03 8.189493e-03 -2.011911e+01 1.098162e-03 9.999986e-01 -1.289392e-03 2.073178e-01 -8.188079e-03 1.298342e-03 9.999656e-01 2.358193e+01
9.999273e-01 1.100162e-03 -1.200612e-02 -1.987767e+01 -1.083777e-03 9.999985e-01 1.371184e-03 1.996850e-01 1.200761e-02 -1.358073e-03 9.999270e-01 2.330103e+01
9.999622e-01 -1.138225e-03 8.616077e-03 -1.958052e+01 1.151014e-03 9.999982e-01 -1.479370e-03 1.949317e-01 -8.614378e-03 1.489232e-03 9.999618e-01 2.285158e+01
9.999232e-01 1.227958e-03 -1.233448e-02 -1.923167e+01 -1.206670e-03 9.999978e-01 1.733187e-03 1.719928e-01 1.233658e-02 -1.718171e-03 9.999224e-01 2.312215e+01
9.999623e-01 -1.110945e-03 8.609756e-03 -1.885383e+01 1.123157e-03 9.999984e-01 -1.413618e-03 1.419247e-01 -8.608171e-03 1.423235e-03 9.999619e-01 2.351283e+01
9.999227e-01 1.222762e-03 -1.237083e-02 -1.858028e+01 -1.202117e-03 9.999979e-01 1.676215e-03 1.227439e-01 1.237285e-02 -1.661215e-03 9.999221e-01 2.370405e+01
9.999629e-01 -1.231237e-03 8.528285e-03 -1.845918e+01 1.243676e-03 9.999982e-01 -1.453427e-03 1.163435e-01 -8.526480e-03 1.463980e-03 9.999626e-01 2.352761e+01
9.999218e-01 1.297146e-03 -1.243879e-02 -1.834817e+01 -1.273994e-03 9.999974e-01 1.869067e-03 1.001758e-01 1.244118e-02 -1.853075e-03 9.999209e-01 2.380405e+01
9.999606e-01 -1.233743e-03 8.789113e-03 -1.821649e+01 1.246470e-03 9.999982e-01 -1.442668e-03 7.310586e-02 -8.787317e-03 1.453568e-03 9.999603e-01 2.442391e+01
9.999214e-01 1.225109e-03 -1.247754e-02 -1.817307e+01 -1.201860e-03 9.999975e-01 1.870586e-03 5.163526e-02 1.247980e-02 -1.855443e-03 9.999204e-01 2.508063e+01
9.999685e-01 -1.244436e-03 7.839079e-03 -1.826781e+01 1.254799e-03 9.999983e-01 -1.317148e-03 4.472219e-02 -7.837426e-03 1.326943e-03 9.999684e-01 2.554496e+01
9.999337e-01 1.147602e-03 -1.145731e-02 -1.831924e+01 -1.126454e-03 9.999977e-01 1.852147e-03 2.974232e-02 1.145941e-02 -1.839118e-03 9.999326e-01 2.639851e+01
9.999741e-01 -1.119617e-03 7.103804e-03 -1.832372e+01 1.129232e-03 9.999985e-01 -1.349573e-03 1.574121e-02 -7.102282e-03 1.357560e-03 9.999739e-01 2.694233e+01
9.999261e-01 1.057512e-03 -1.211367e-02 -1.849652e+01 -1.033345e-03 9.999975e-01 2.001116e-03 1.513259e-02 1.211576e-02 -1.988451e-03 9.999246e-01 2.746501e+01
9.999897e-01 -1.181976e-03 4.370915e-03 -1.918131e+01 1.186435e-03 9.999988e-01 -1.017495e-03 4.811931e-02 -4.369707e-03 1.022671e-03 9.999899e-01 2.791688e+01
9.999375e-01 1.134522e-03 -1.112317e-02 -1.962281e+01 -1.114048e-03 9.999977e-01 1.846645e-03 6.945327e-02 1.112524e-02 -1.834138e-03 9.999364e-01 2.829032e+01
9.999838e-01 -1.148102e-03 5.578728e-03 -1.984764e+01 1.154511e-03 9.999987e-01 -1.145642e-03 7.672939e-02 -5.577405e-03 1.152065e-03 9.999838e-01 2.871756e+01
9.999377e-01 9.756845e-04 -1.112085e-02 -2.019128e+01 -9.541867e-04 9.999977e-01 1.938273e-03 8.682511e-02 1.112272e-02 -1.927542e-03 9.999363e-01 2.911357e+01
9.999843e-01 -1.006743e-03 5.511051e-03 -2.043390e+01 1.013773e-03 9.999987e-01 -1.272828e-03 8.385955e-02 -5.509762e-03 1.278396e-03 9.999840e-01 2.914330e+01
9.999551e-01 8.898196e-04 -9.438704e-03 -2.025623e+01 -8.777501e-04 9.999988e-01 1.282824e-03 8.185936e-02 9.439834e-03 -1.274483e-03 9.999546e-01 2.861782e+01
9.999892e-01 -8.273188e-04 4.581202e-03 -2.012033e+01 8.310434e-04 9.999993e-01 -8.111045e-04 7.478350e-02 -4.580527e-03 8.149035e-04 9.999892e-01 2.867585e+01
9.999440e-01 7.281222e-04 -1.056094e-02 -2.044157e+01 -7.116647e-04 9.999985e-01 1.562040e-03 8.584047e-02 1.056206e-02 -1.554438e-03 9.999430e-01 2.897864e+01
9.999961e-01 -1.035739e-03 2.586529e-03 -2.130448e+01 1.036918e-03 9.999994e-01 -4.543799e-04 1.240365e-01 -2.586057e-03 4.570608e-04 9.999966e-01 2.943911e+01
9.999530e-01 6.911731e-04 -9.674972e-03 -2.208305e+01 -6.766089e-04 9.999986e-01 1.508566e-03 1.488717e-01 9.676001e-03 -1.501950e-03 9.999521e-01 2.995507e+01
9.999929e-01 -1.044043e-03 3.632641e-03 -2.270875e+01 1.046197e-03 9.999993e-01 -5.910124e-04 1.658170e-01 -3.632021e-03 5.948093e-04 9.999932e-01 3.080226e+01
9.999548e-01 8.707623e-04 -9.472169e-03 -2.324254e+01 -8.568720e-04 9.999986e-01 1.470423e-03 1.809779e-01 9.473435e-03 -1.462240e-03 9.999541e-01 3.162294e+01
9.999959e-01 -1.048537e-03 2.678715e-03 -2.382735e+01 1.049865e-03 9.999993e-01 -4.942918e-04 2.083911e-01 -2.678195e-03 4.971027e-04 9.999963e-01 3.221171e+01
9.999564e-01 8.896295e-04 -9.296927e-03 -2.438132e+01 -8.764628e-04 9.999986e-01 1.420246e-03 2.330050e-01 9.298177e-03 -1.412037e-03 9.999558e-01 3.278722e+01
9.999933e-01 -9.625556e-04 3.518121e-03 -2.451171e+01 9.651169e-04 9.999993e-01 -7.263039e-04 2.328175e-01 -3.517419e-03 7.296951e-04 9.999935e-01 3.306760e+01
9.999488e-01 8.690515e-04 -1.007863e-02 -2.487454e+01 -8.537436e-04 9.999985e-01 1.523087e-03 2.458292e-01 1.007994e-02 -1.514405e-03 9.999480e-01 3.315217e+01
9.999948e-01 -9.331210e-04 3.094201e-03 -2.536656e+01 9.353937e-04 9.999993e-01 -7.330365e-04 2.628308e-01 -3.093514e-03 7.359276e-04 9.999949e-01 3.326358e+01
9.999464e-01 8.266838e-04 -1.031678e-02 -2.587437e+01 -8.104422e-04 9.999984e-01 1.578399e-03 2.801242e-01 1.031806e-02 -1.569954e-03 9.999455e-01 3.328229e+01
9.999866e-01 -8.319013e-04 5.106060e-03 -2.585636e+01 8.369224e-04 9.999992e-01 -9.812550e-04 2.755497e-01 -5.105240e-03 9.855159e-04 9.999865e-01 3.343483e+01
9.999498e-01 6.879694e-04 -9.992371e-03 -2.597133e+01 -6.711261e-04 9.999983e-01 1.688903e-03 2.719530e-01 9.993517e-03 -1.682112e-03 9.999486e-01 3.402876e+01
9.999990e-01 -9.941766e-04 1.050114e-03 -2.697344e+01 9.947445e-04 9.999994e-01 -5.400620e-04 3.137850e-01 -1.049576e-03 5.411067e-04 9.999993e-01 3.424151e+01
9.999556e-01 7.770685e-04 -9.393027e-03 -2.783382e+01 -7.626023e-04 9.999985e-01 1.543612e-03 3.413224e-01 9.394212e-03 -1.536381e-03 9.999547e-01 3.421969e+01
9.999960e-01 -8.310202e-04 2.690347e-03 -2.829177e+01 8.331070e-04 9.999994e-01 -7.745326e-04 3.565966e-01 -2.689701e-03 7.767715e-04 9.999961e-01 3.435006e+01
9.999559e-01 8.211514e-04 -9.358419e-03 -2.870313e+01 -8.066926e-04 9.999985e-01 1.548704e-03 3.770537e-01 9.359676e-03 -1.541087e-03 9.999550e-01 3.464724e+01
9.999962e-01 -8.182697e-04 2.625676e-03 -2.908960e+01 8.203458e-04 9.999994e-01 -7.895843e-04 3.972919e-01 -2.625028e-03 7.917359e-04 9.999962e-01 3.492885e+01
9.999564e-01 6.806820e-04 -9.316629e-03 -2.958452e+01 -6.659444e-04 9.999985e-01 1.584900e-03 4.155524e-01 9.317694e-03 -1.578628e-03 9.999553e-01 3.511704e+01
9.999975e-01 -8.270370e-04 2.096800e-03 -3.011268e+01 8.286934e-04 9.999993e-01 -7.890436e-04 4.283048e-01 -2.096146e-03 7.907799e-04 9.999975e-01 3.502438e+01
9.999439e-01 5.084648e-04 -1.058233e-02 -3.096443e+01 -4.902913e-04 9.999984e-01 1.719906e-03 4.639344e-01 1.058319e-02 -1.714621e-03 9.999425e-01 3.506055e+01
9.999934e-01 -5.635665e-04 3.582922e-03 -3.147084e+01 5.669921e-04 9.999994e-01 -9.550481e-04 4.940898e-01 -3.582381e-03 9.570739e-04 9.999931e-01 3.528301e+01
9.999710e-01 4.779213e-04 -7.605915e-03 -3.129379e+01 -4.707799e-04 9.999994e-01 9.407370e-04 4.994063e-01 7.606361e-03 -9.371296e-04 9.999706e-01 3.475863e+01
9.999951e-01 -4.003415e-04 3.104375e-03 -3.055270e+01 4.030319e-04 9.999995e-01 -8.659495e-04 4.932423e-01 -3.104027e-03 8.671970e-04 9.999948e-01 3.449236e+01
9.999675e-01 5.294381e-04 -8.048780e-03 -3.003172e+01 -5.186617e-04 9.999990e-01 1.340966e-03 4.730524e-01 8.049481e-03 -1.336748e-03 9.999667e-01 3.473268e+01
9.999942e-01 -5.560800e-04 3.374564e-03 -2.998775e+01 5.585556e-04 9.999996e-01 -7.325870e-04 4.619254e-01 -3.374155e-03 7.344683e-04 9.999940e-01 3.520871e+01
9.999692e-01 6.673631e-04 -7.817802e-03 -2.961561e+01 -6.584065e-04 9.999991e-01 1.148219e-03 4.382845e-01 7.818561e-03 -1.143037e-03 9.999688e-01 3.551005e+01
9.999945e-01 -5.437156e-04 3.277446e-03 -2.918527e+01 5.465301e-04 9.999995e-01 -8.578217e-04 4.267391e-01 -3.276977e-03 8.596088e-04 9.999943e-01 3.555634e+01
9.999675e-01 5.987764e-04 -8.038936e-03 -2.880690e+01 -5.907176e-04 9.999993e-01 1.004855e-03 4.163300e-01 8.039532e-03 -1.000074e-03 9.999672e-01 3.537583e+01
9.999921e-01 -7.450424e-04 3.898492e-03 -2.861523e+01 7.496209e-04 9.999990e-01 -1.172992e-03 4.175653e-01 -3.897614e-03 1.175905e-03 9.999917e-01 3.466363e+01
9.999742e-01 5.292103e-04 -7.163957e-03 -2.832778e+01 -5.246885e-04 9.999997e-01 6.331060e-04 4.248507e-01 7.164290e-03 -6.293314e-04 9.999741e-01 3.363827e+01
9.999929e-01 -5.602366e-04 3.714354e-03 -2.793607e+01 5.634080e-04 9.999995e-01 -8.527434e-04 4.234348e-01 -3.713874e-03 8.548307e-04 9.999927e-01 3.312219e+01
9.999698e-01 7.315069e-04 -7.734510e-03 -2.753973e+01 -7.223646e-04 9.999990e-01 1.184788e-03 3.948243e-01 7.735369e-03 -1.179166e-03 9.999694e-01 3.355020e+01
9.999921e-01 -6.005038e-04 3.931635e-03 -2.728126e+01 6.037225e-04 9.999995e-01 -8.174312e-04 3.682858e-01 -3.931142e-03 8.197989e-04 9.999919e-01 3.404084e+01
9.999662e-01 6.390249e-04 -8.197653e-03 -2.695517e+01 -6.297186e-04 9.999992e-01 1.137820e-03 3.487697e-01 8.198373e-03 -1.132620e-03 9.999658e-01 3.426334e+01
9.999965e-01 -5.247636e-04 2.610588e-03 -2.686979e+01 5.263964e-04 9.999997e-01 -6.246724e-04 3.442598e-01 -2.610259e-03 6.260450e-04 9.999964e-01 3.443498e+01
9.999657e-01 5.094329e-04 -8.271348e-03 -2.694089e+01 -5.006478e-04 9.999993e-01 1.064195e-03 3.476327e-01 8.271884e-03 -1.060018e-03 9.999652e-01 3.438519e+01
9.999950e-01 -5.444339e-04 3.121467e-03 -2.681382e+01 5.472136e-04 9.999995e-01 -8.896201e-04 3.500167e-01 -3.120981e-03 8.913243e-04 9.999947e-01 3.394568e+01
9.999725e-01 6.095362e-04 -7.397432e-03 -2.622475e+01 -6.029362e-04 9.999994e-01 8.944442e-04 3.426841e-01 7.397973e-03 -8.899600e-04 9.999722e-01 3.367998e+01
9.999943e-01 -4.847824e-04 3.328956e-03 -2.557560e+01 4.879864e-04 9.999994e-01 -9.616012e-04 3.344883e-01 -3.328487e-03 9.632209e-04 9.999940e-01 3.343740e+01
9.999720e-01 6.201897e-04 -7.453913e-03 -2.488549e+01 -6.132463e-04 9.999994e-01 9.338203e-04 3.254897e-01 7.454487e-03 -9.292237e-04 9.999718e-01 3.320863e+01
9.999936e-01 -5.180060e-04 3.527751e-03 -2.431099e+01 5.210249e-04 9.999995e-01 -8.547673e-04 3.112740e-01 -3.527306e-03 8.566005e-04 9.999934e-01 3.314419e+01
9.999739e-01 6.477051e-04 -7.189438e-03 -2.386273e+01 -6.412961e-04 9.999994e-01 8.937622e-04 2.954736e-01 7.190012e-03 -8.891290e-04 9.999738e-01 3.316822e+01
9.999945e-01 -5.285784e-04 3.286587e-03 -2.328554e+01 5.313687e-04 9.999995e-01 -8.480469e-04 2.798791e-01 -3.286137e-03 8.497892e-04 9.999942e-01 3.312707e+01
9.999685e-01 7.158247e-04 -7.903455e-03 -2.274603e+01 -7.066931e-04 9.999991e-01 1.158172e-03 2.585217e-01 7.904277e-03 -1.152551e-03 9.999681e-01 3.324985e+01
9.999940e-01 -5.163693e-04 3.425029e-03 -2.230222e+01 5.190436e-04 9.999996e-01 -7.798655e-04 2.350821e-01 -3.424625e-03 7.816392e-04 9.999938e-01 3.345106e+01
9.999694e-01 6.086631e-04 -7.805241e-03 -2.184501e+01 -6.009484e-04 9.999993e-01 9.907508e-04 2.177989e-01 7.805838e-03 -9.860305e-04 9.999690e-01 3.349629e+01
9.999961e-01 -4.719487e-04 2.745156e-03 -2.144399e+01 4.734879e-04 9.999997e-01 -5.599058e-04 2.025102e-01 -2.744891e-03 5.612040e-04 9.999961e-01 3.365018e+01
9.999695e-01 5.721177e-04 -7.792816e-03 -2.122236e+01 -5.636707e-04 9.999993e-01 1.086152e-03 1.902957e-01 7.793431e-03 -1.081727e-03 9.999690e-01 3.388560e+01
9.999987e-01 -5.534074e-04 1.530403e-03 -2.146266e+01 5.540466e-04 9.999998e-01 -4.170571e-04 1.932101e-01 -1.530172e-03 4.179050e-04 9.999987e-01 3.416527e+01
9.999676e-01 5.745419e-04 -8.031238e-03 -2.180056e+01 -5.656176e-04 9.999992e-01 1.113477e-03 2.011352e-01 8.031872e-03 -1.108899e-03 9.999671e-01 3.435920e+01
9.999944e-01 -4.609760e-04 3.308851e-03 -2.146312e+01 4.633685e-04 9.999996e-01 -7.222091e-04 1.801756e-01 -3.308517e-03 7.237388e-04 9.999943e-01 3.458385e+01
9.999772e-01 5.739879e-04 -6.726943e-03 -2.095802e+01 -5.703993e-04 9.999997e-01 5.354249e-04 1.760412e-01 6.727249e-03 -5.315763e-04 9.999772e-01 3.425875e+01
9.999944e-01 -7.766328e-04 3.247481e-03 -2.069925e+01 7.794176e-04 9.999993e-01 -8.562284e-04 1.825194e-01 -3.246814e-03 8.587554e-04 9.999944e-01 3.328029e+01
9.999760e-01 7.308177e-04 -6.893449e-03 -2.037195e+01 -7.247695e-04 9.999994e-01 8.799002e-04 1.752737e-01 6.894088e-03 -8.748835e-04 9.999759e-01 3.299266e+01
9.999955e-01 -6.772429e-04 2.922283e-03 -2.006661e+01 6.785611e-04 9.999997e-01 -4.499807e-04 1.483211e-01 -2.921977e-03 4.519623e-04 9.999956e-01 3.354336e+01
9.999703e-01 6.230582e-04 -7.682252e-03 -1.994916e+01 -6.170592e-04 9.999995e-01 7.832779e-04 1.364967e-01 7.682736e-03 -7.785148e-04 9.999702e-01 3.353304e+01
9.999955e-01 -4.740965e-04 2.957623e-03 -1.926903e+01 4.759175e-04 9.999997e-01 -6.148799e-04 1.210156e-01 -2.957330e-03 6.162853e-04 9.999954e-01 3.347054e+01
9.999704e-01 6.851154e-04 -7.663105e-03 -1.876367e+01 -6.770901e-04 9.999992e-01 1.049864e-03 9.525687e-02 7.663818e-03 -1.044645e-03 9.999701e-01 3.373552e+01
9.999949e-01 -5.164329e-04 3.154089e-03 -1.829275e+01 5.185397e-04 9.999996e-01 -6.670592e-04 6.696447e-02 -3.153744e-03 6.686919e-04 9.999948e-01 3.412198e+01
9.999704e-01 7.043257e-04 -7.655489e-03 -1.774913e+01 -6.964677e-04 9.999992e-01 1.029125e-03 4.005953e-02 7.656208e-03 -1.023763e-03 9.999702e-01 3.443839e+01
9.999944e-01 -5.733352e-04 3.297526e-03 -1.717062e+01 5.760703e-04 9.999995e-01 -8.284418e-04 2.379156e-02 -3.297050e-03 8.303373e-04 9.999942e-01 3.446650e+01
9.999694e-01 7.103368e-04 -7.790924e-03 -1.666487e+01 -7.015018e-04 9.999991e-01 1.136736e-03 5.090451e-03 7.791725e-03 -1.131236e-03 9.999690e-01 3.467255e+01
9.999938e-01 -6.517896e-04 3.469238e-03 -1.625450e+01 6.545332e-04 9.999995e-01 -7.896351e-04 -1.438756e-02 -3.468721e-03 7.919015e-04 9.999937e-01 3.491251e+01
9.999696e-01 7.572943e-04 -7.759522e-03 -1.594637e+01 -7.479949e-04 9.999990e-01 1.201329e-03 -3.364338e-02 7.760423e-03 -1.195489e-03 9.999692e-01 3.512397e+01
9.999941e-01 -6.187691e-04 3.364641e-03 -1.564871e+01 6.214962e-04 9.999995e-01 -8.094140e-04 -5.602108e-02 -3.364138e-03 8.115010e-04 9.999940e-01 3.536962e+01
9.999610e-01 7.414008e-04 -8.804770e-03 -1.469182e+01 -7.336402e-04 9.999993e-01 8.846518e-04 -7.053935e-02 8.805420e-03 -8.781584e-04 9.999608e-01 3.525404e+01
9.999933e-01 -5.274408e-04 3.609880e-03 -1.412089e+01 5.282236e-04 9.999998e-01 -2.157910e-04 -9.204947e-02 -3.609765e-03 2.176969e-04 9.999935e-01 3.567213e+01
9.999598e-01 4.922811e-04 -8.953117e-03 -1.389393e+01 -4.860804e-04 9.999996e-01 6.947827e-04 -9.397599e-02 8.953456e-03 -6.904034e-04 9.999597e-01 3.599825e+01
9.999946e-01 -2.907547e-04 3.275488e-03 -1.276629e+01 2.924704e-04 9.999998e-01 -5.231996e-04 -1.076661e-01 -3.275335e-03 5.241553e-04 9.999945e-01 3.582050e+01
9.999609e-01 4.798701e-04 -8.835070e-03 -1.175105e+01 -4.727819e-04 9.999996e-01 8.043980e-04 -1.191658e-01 8.835452e-03 -8.001900e-04 9.999606e-01 3.565190e+01
9.999935e-01 -2.952252e-04 3.581422e-03 -1.111751e+01 2.966041e-04 9.999999e-01 -3.843766e-04 -1.333786e-01 -3.581308e-03 3.854370e-04 9.999935e-01 3.566345e+01
9.999593e-01 5.490498e-04 -9.004856e-03 -1.056577e+01 -5.412639e-04 9.999995e-01 8.670911e-04 -1.497297e-01 9.005327e-03 -8.621824e-04 9.999591e-01 3.580094e+01
9.999940e-01 -2.729225e-04 3.455754e-03 -9.785841e+00 2.742078e-04 9.999999e-01 -3.713274e-04 -1.813536e-01 -3.455652e-03 3.722733e-04 9.999940e-01 3.625764e+01
9.999663e-01 4.952786e-04 -8.195794e-03 -8.986189e+00 -4.887339e-04 9.999996e-01 8.005787e-04 -2.164115e-01 8.196187e-03 -7.965467e-04 9.999661e-01 3.674613e+01
9.999930e-01 -3.097249e-04 3.722960e-03 -8.631650e+00 3.111937e-04 9.999999e-01 -3.938282e-04 -2.377438e-01 -3.722837e-03 3.949846e-04 9.999930e-01 3.702381e+01
9.999669e-01 3.625651e-04 -8.125227e-03 -8.490072e+00 -3.561730e-04 9.999996e-01 7.881831e-04 -2.509319e-01 8.125509e-03 -7.852636e-04 9.999667e-01 3.727216e+01
9.999928e-01 -3.676020e-04 3.778704e-03 -8.330531e+00 3.699448e-04 9.999997e-01 -6.191994e-04 -2.566433e-01 -3.778475e-03 6.205934e-04 9.999927e-01 3.707786e+01
9.999634e-01 3.383833e-04 -8.550958e-03 -8.347164e+00 -3.291052e-04 9.999994e-01 1.086463e-03 -2.664827e-01 8.551320e-03 -1.083610e-03 9.999628e-01 3.735410e+01
9.999968e-01 4.270004e-05 2.518426e-03 -7.324157e+00 -4.089467e-05 9.999997e-01 -7.167449e-04 -2.934777e-01 -2.518455e-03 7.166402e-04 9.999966e-01 3.755877e+01
9.999726e-01 1.802594e-04 -7.394663e-03 -5.848388e+00 -1.743258e-04 9.999997e-01 8.031025e-04 -3.155718e-01 7.394806e-03 -8.017920e-04 9.999723e-01 3.749268e+01
9.999978e-01 -9.890698e-05 2.105321e-03 -5.844076e+00 9.940740e-05 1.000000e+00 -2.373876e-04 -3.196592e-01 -2.105298e-03 2.375969e-04 9.999978e-01 3.770136e+01
9.999549e-01 -2.366920e-06 -9.493817e-03 -6.418206e+00 1.149226e-05 9.999995e-01 9.611777e-04 -3.050275e-01 9.493810e-03 -9.612440e-04 9.999545e-01 3.752292e+01
9.999869e-01 -2.640279e-04 5.116558e-03 -6.475031e+00 2.699492e-04 9.999993e-01 -1.156549e-03 -3.029416e-01 -5.116249e-03 1.157916e-03 9.999862e-01 3.657371e+01
9.999593e-01 2.838783e-04 -9.012781e-03 -6.271438e+00 -2.738054e-04 9.999993e-01 1.118883e-03 -3.071945e-01 9.013093e-03 -1.116371e-03 9.999588e-01 3.610410e+01
9.999869e-01 -1.562846e-04 5.123043e-03 -5.920227e+00 1.605016e-04 9.999996e-01 -8.226634e-04 -3.297199e-01 -5.122913e-03 8.234754e-04 9.999865e-01 3.647836e+01
9.999540e-01 3.480965e-04 -9.587478e-03 -5.316495e+00 -3.373093e-04 9.999993e-01 1.126775e-03 -3.606853e-01 9.587864e-03 -1.123490e-03 9.999534e-01 3.683257e+01
9.999859e-01 -1.398837e-04 5.313149e-03 -4.746408e+00 1.446944e-04 9.999996e-01 -9.049709e-04 -3.843546e-01 -5.313020e-03 9.057274e-04 9.999855e-01 3.702410e+01
9.999602e-01 6.159939e-05 -8.919949e-03 -4.524364e+00 -5.476297e-05 9.999997e-01 7.667098e-04 -3.851236e-01 8.919993e-03 -7.661914e-04 9.999599e-01 3.643995e+01
9.999829e-01 -2.159187e-04 5.851671e-03 -4.283723e+00 2.228235e-04 9.999993e-01 -1.179271e-03 -3.891774e-01 -5.851412e-03 1.180555e-03 9.999822e-01 3.578010e+01
9.999521e-01 3.874645e-04 -9.775539e-03 -3.429303e+00 -3.767628e-04 9.999993e-01 1.096600e-03 -3.993799e-01 9.775957e-03 -1.092865e-03 9.999516e-01 3.563222e+01
9.999841e-01 -3.482483e-04 5.623683e-03 -2.473125e+00 3.559517e-04 9.999990e-01 -1.368791e-03 -3.977434e-01 -5.623201e-03 1.370772e-03 9.999833e-01 3.507982e+01
9.999477e-01 4.583573e-04 -1.021386e-02 -1.428497e+00 -4.439928e-04 9.999989e-01 1.408639e-03 -4.060730e-01 1.021450e-02 -1.404031e-03 9.999468e-01 3.482342e+01
9.999861e-01 -1.782600e-04 5.276003e-03 -7.898030e-01 1.832047e-04 9.999995e-01 -9.366528e-04 -4.359069e-01 -5.275834e-03 9.376069e-04 9.999856e-01 3.518599e+01
9.999522e-01 3.083999e-04 -9.773991e-03 -2.839071e-01 -2.956251e-04 9.999991e-01 1.308482e-03 -4.648375e-01 9.774386e-03 -1.305530e-03 9.999514e-01 3.564427e+01
9.999871e-01 -1.153833e-04 5.073146e-03 2.096090e-02 1.194817e-04 9.999997e-01 -8.074845e-04 -4.852687e-01 -5.073051e-03 8.080808e-04 9.999868e-01 3.603567e+01
9.999394e-01 2.589922e-04 -1.100619e-02 -7.474747e-02 -2.444052e-04 9.999991e-01 1.326705e-03 -4.839806e-01 1.100652e-02 -1.323935e-03 9.999386e-01 3.612228e+01
9.999796e-01 -1.144042e-04 6.382079e-03 5.035596e-01 1.210020e-04 9.999995e-01 -1.033355e-03 -5.127930e-01 -6.381958e-03 1.034107e-03 9.999791e-01 3.641168e+01
9.999273e-01 3.829673e-04 -1.205342e-02 1.917733e+00 -3.643055e-04 9.999987e-01 1.550449e-03 -5.696028e-01 1.205400e-02 -1.545945e-03 9.999262e-01 3.736035e+01
