9.999856e-01 -1.273276e-05 -5.359399e-03 -2.581771e-01 1.596452e-05 9.999998e-01 6.029703e-04 8.323388e-04 5.359390e-03 -6.030479e-04 9.999855e-01 4.748956e-01
9.999999e-01 -6.381208e-06 4.862237e-04 -4.396393e-01 6.403619e-06 1.000000e+00 -4.603433e-05 -3.985993e-03 -4.862230e-04 4.603816e-05 9.999999e-01 1.018823e+00
9.999784e-01 -3.216153e-05 -6.571778e-03 -8.384552e-01 3.708052e-05 9.999997e-01 7.483867e-04 4.495179e-03 6.571751e-03 -7.486149e-04 9.999781e-01 1.504758e+00
9.999977e-01 2.313265e-06 2.139564e-03 -9.619239e-01 -1.816072e-06 1.000000e+00 -2.323678e-04 -3.908880e-03 -2.139564e-03 2.323641e-04 9.999977e-01 2.196267e+00
9.999709e-01 -2.663071e-05 -7.625088e-03 -1.254674e+00 3.312811e-05 9.999996e-01 8.519883e-04 -6.752210e-03 7.625062e-03 -8.522168e-04 9.999706e-01 2.419457e+00
9.999959e-01 -2.505648e-05 2.864037e-03 -1.396193e+00 2.618492e-05 9.999999e-01 -3.939552e-04 -1.580576e-02 -2.864026e-03 3.940293e-04 9.999958e-01 2.494386e+00
9.999730e-01 5.273900e-05 -7.346162e-03 -1.454748e+00 -4.643691e-05 9.999996e-01 8.580471e-04 -2.766085e-02 7.346204e-03 -8.576835e-04 9.999726e-01 2.942462e+00
9.999949e-01 -6.486945e-05 3.198561e-03 -1.502742e+00 6.608938e-05 9.999999e-01 -3.812851e-04 -4.206511e-02 -3.198536e-03 3.814953e-04 9.999948e-01 3.415271e+00
9.999585e-01 -6.685975e-06 -9.109651e-03 -1.867952e+00 1.627902e-05 9.999994e-01 1.052994e-03 -3.651405e-02 9.109639e-03 -1.053099e-03 9.999580e-01 3.877656e+00
9.999942e-01 -3.690612e-06 3.408610e-03 -2.166823e+00 5.154581e-06 9.999999e-01 -4.294704e-04 -3.633311e-02 -3.408608e-03 4.294862e-04 9.999941e-01 4.131165e+00
9.999671e-01 -2.035991e-05 -8.114323e-03 -2.288626e+00 2.806174e-05 9.999995e-01 9.490572e-04 -4.620178e-02 8.114300e-03 -9.492543e-04 9.999666e-01 4.587477e+00
9.999974e-01 -3.124214e-05 2.281738e-03 -2.612956e+00 3.193427e-05 1.000000e+00 -3.032781e-04 -4.391848e-02 -2.281728e-03 3.033509e-04 9.999974e-01 5.096738e+00
9.999610e-01 -3.035759e-05 -8.826280e-03 -3.088858e+00 3.944862e-05 9.999995e-01 1.029828e-03 -3.368393e-02 8.826243e-03 -1.030137e-03 9.999605e-01 5.451171e+00
9.999983e-01 -4.365495e-05 1.870011e-03 -3.620870e+00 4.412655e-05 1.000000e+00 -2.521235e-04 -2.032701e-02 -1.869999e-03 2.522063e-04 9.999982e-01 5.654950e+00
9.999635e-01 5.172360e-06 -8.543071e-03 -4.077203e+00 3.290522e-06 9.999995e-01 9.906049e-04 -1.007987e-02 8.543072e-03 -9.905975e-04 9.999630e-01 5.910121e+00
9.999944e-01 -6.450766e-06 3.359177e-03 -4.260956e+00 7.864919e-06 9.999999e-01 -4.209527e-04 -1.447898e-02 -3.359174e-03 4.209775e-04 9.999943e-01 6.327366e+00
9.999621e-01 -6.308753e-05 -8.706522e-03 -4.519203e+00 7.053484e-05 9.999996e-01 8.550735e-04 -1.400522e-02 8.706464e-03 -8.556559e-04 9.999617e-01 6.206931e+00
9.999952e-01 -4.512838e-06 3.086407e-03 -4.830955e+00 5.789945e-06 9.999999e-01 -4.137566e-04 -1.184625e-02 -3.086405e-03 4.137732e-04 9.999952e-01 6.091027e+00
9.999581e-01 -1.123659e-04 -9.149149e-03 -5.211936e+00 1.217975e-04 9.999995e-01 1.030331e-03 -7.756721e-03 9.149028e-03 -1.031403e-03 9.999576e-01 6.229965e+00
9.999971e-01 2.443742e-05 2.420325e-03 -5.692191e+00 -2.360988e-05 9.999999e-01 -3.419182e-04 2.874416e-03 -2.420333e-03 3.418607e-04 9.999970e-01 6.220312e+00
9.999727e-01 -6.470684e-05 -7.395550e-03 -5.838841e+00 6.915642e-05 9.999998e-01 6.014108e-04 3.107901e-03 7.395510e-03 -6.019065e-04 9.999725e-01 5.974338e+00
9.999951e-01 2.545575e-05 3.119946e-03 -5.796396e+00 -2.391210e-05 9.999999e-01 -4.947814e-04 -1.209314e-03 -3.119958e-03 4.947051e-04 9.999950e-01 5.640493e+00
9.999751e-01 -5.950039e-05 -7.053366e-03 -5.691557e+00 6.315459e-05 9.999999e-01 5.178655e-04 -7.991808e-03 7.053334e-03 -5.182988e-04 9.999750e-01 5.340227e+00
9.999927e-01 1.534487e-04 3.815573e-03 -5.177151e+00 -1.511455e-04 9.999998e-01 -6.038826e-04 -2.117306e-02 -3.815665e-03 6.033022e-04 9.999925e-01 5.169676e+00
9.999705e-01 -1.516719e-04 -7.678229e-03 -5.040043e+00 1.578250e-04 9.999997e-01 8.007781e-04 -3.341586e-02 7.678104e-03 -8.019670e-04 9.999702e-01 5.244368e+00
9.999963e-01 1.670926e-04 2.709675e-03 -5.110505e+00 -1.660056e-04 9.999999e-01 -4.013697e-04 -3.930641e-02 -2.709741e-03 4.009191e-04 9.999962e-01 5.408088e+00
9.999795e-01 -1.036075e-04 -6.405023e-03 -4.772922e+00 1.063205e-04 9.999999e-01 4.232494e-04 -5.356246e-02 6.404978e-03 -4.239224e-04 9.999794e-01 5.350642e+00
9.999946e-01 1.618227e-04 3.295592e-03 -4.152513e+00 -1.595964e-04 9.999998e-01 -6.757587e-04 -6.189490e-02 -3.295700e-03 6.752298e-04 9.999943e-01 5.020508e+00
9.999788e-01 -3.495662e-04 -6.496783e-03 -4.038857e+00 3.532180e-04 9.999998e-01 5.609663e-04 -6.052428e-02 6.496585e-03 -5.632499e-04 9.999787e-01 4.379082e+00
9.999997e-01 2.098619e-04 7.487488e-04 -4.431429e+00 -2.098290e-04 1.000000e+00 -4.393566e-05 -4.996599e-02 -7.487577e-04 4.377925e-05 9.999997e-01 4.345098e+00
9.999756e-01 -3.168774e-04 -6.981137e-03 -4.834713e+00 3.204561e-04 9.999998e-01 5.115125e-04 -3.636831e-02 6.980973e-03 -5.137379e-04 9.999755e-01 4.099258e+00
9.999958e-01 2.866398e-04 2.897435e-03 -4.643837e+00 -2.850987e-04 9.999998e-01 -5.322670e-04 -3.627437e-02 -2.897587e-03 5.314394e-04 9.999957e-01 3.619479e+00
9.999820e-01 -3.506513e-04 -5.995387e-03 -4.290114e+00 3.521940e-04 9.999999e-01 2.562639e-04 -3.764075e-02 5.995296e-03 -2.583716e-04 9.999820e-01 3.025521e+00
9.999964e-01 1.954595e-04 2.689504e-03 -4.096165e+00 -1.939968e-04 9.999998e-01 -5.440691e-04 -3.539093e-02 -2.689610e-03 5.435461e-04 9.999962e-01 2.223844e+00
9.999805e-01 -3.859101e-04 -6.233586e-03 -4.052986e+00 3.874598e-04 9.999999e-01 2.474113e-04 -3.345490e-02 6.233490e-03 -2.498225e-04 9.999805e-01 1.279980e+00
9.999988e-01 2.229584e-04 1.521931e-03 -4.220876e+00 -2.227384e-04 1.000000e+00 -1.446681e-04 -3.100234e-02 -1.521963e-03 1.443297e-04 9.999988e-01 5.802515e-01
9.999667e-01 -3.366618e-04 -8.159791e-03 -4.696408e+00 3.429898e-04 9.999996e-01 7.741427e-04 -2.072824e-02 8.159527e-03 -7.769163e-04 9.999664e-01 3.747295e-01
9.999952e-01 2.883549e-04 3.090794e-03 -4.956042e+00 -2.879213e-04 9.999999e-01 -1.406758e-04 -2.030973e-02 -3.090834e-03 1.397859e-04 9.999952e-01 9.386199e-01
9.999734e-01 -2.511232e-04 -7.295931e-03 -5.013584e+00 2.557131e-04 9.999998e-01 6.281853e-04 -3.122402e-02 7.295771e-03 -6.300349e-04 9.999732e-01 1.490423e+00
9.999979e-01 2.484053e-04 2.039462e-03 -5.242545e+00 -2.483586e-04 1.000000e+00 -2.310141e-05 -3.141345e-02 -2.039467e-03 2.259555e-05 9.999979e-01 1.885014e+00
9.999746e-01 -2.030003e-04 -7.124901e-03 -5.385705e+00 2.069198e-04 9.999998e-01 5.493850e-04 -3.351199e-02 7.124788e-03 -5.508460e-04 9.999745e-01 2.046140e+00
9.999987e-01 1.518851e-04 1.614447e-03 -5.667007e+00 -1.520401e-04 1.000000e+00 9.598437e-05 -3.148077e-02 -1.614432e-03 -9.622900e-05 9.999987e-01 2.336926e+00
9.999618e-01 -2.409762e-04 -8.737494e-03 -6.218808e+00 2.472576e-04 9.999997e-01 7.178444e-04 -1.510579e-02 8.737318e-03 -7.199781e-04 9.999616e-01 2.439171e+00
9.999975e-01 1.573196e-04 2.231666e-03 -6.650167e+00 -1.572595e-04 1.000000e+00 -2.708900e-05 -6.663403e-03 -2.231670e-03 2.673869e-05 9.999975e-01 2.419673e+00
9.999566e-01 -2.757402e-04 -9.317402e-03 -7.223835e+00 2.838617e-04 9.999996e-01 8.703477e-04 1.285537e-02 9.317157e-03 -8.729554e-04 9.999562e-01 2.633463e+00
9.999961e-01 1.831715e-04 2.803378e-03 -7.708240e+00 -1.829540e-04 1.000000e+00 -7.782592e-05 2.542128e-02 -2.803392e-03 7.731342e-05 9.999961e-01 2.771720e+00
9.999499e-01 -3.391303e-04 -1.000884e-02 -8.289023e+00 3.473556e-04 9.999996e-01 8.200934e-04 3.969893e-02 1.000856e-02 -8.235296e-04 9.999496e-01 2.605038e+00
9.999971e-01 2.347410e-04 2.416696e-03 -8.899537e+00 -2.348041e-04 1.000000e+00 2.587370e-05 5.857843e-02 -2.416690e-03 -2.644037e-05 9.999971e-01 2.633389e+00
9.999599e-01 -3.664629e-04 -8.953435e-03 -9.372447e+00 3.734024e-04 9.999996e-01 7.734245e-04 7.252580e-02 8.953148e-03 -7.767373e-04 9.999596e-01 2.942327e+00
9.999985e-01 2.858320e-04 1.709663e-03 -9.953059e+00 -2.859487e-04 1.000000e+00 6.809698e-05 9.035728e-02 -1.709643e-03 -6.858506e-05 9.999985e-01 3.104564e+00
9.999723e-01 -2.795416e-04 -7.440678e-03 -1.023754e+01 2.841161e-04 9.999998e-01 6.137551e-04 9.414471e-02 7.440504e-03 -6.158528e-04 9.999721e-01 3.387893e+00
9.999995e-01 1.920180e-04 1.007600e-03 -1.065477e+01 -1.921623e-04 1.000000e+00 1.432683e-04 1.053422e-01 -1.007572e-03 -1.434611e-04 9.999995e-01 3.633849e+00
9.999580e-01 -3.390400e-04 -9.153931e-03 -1.139405e+01 3.451770e-04 9.999997e-01 6.688575e-04 1.228693e-01 9.153701e-03 -6.719898e-04 9.999579e-01 3.402733e+00
9.999839e-01 2.895735e-04 5.663921e-03 -1.125743e+01 -2.851796e-04 9.999997e-01 -7.765481e-04 1.208838e-01 -5.664144e-03 7.749211e-04 9.999837e-01 2.829410e+00
9.999576e-01 -1.551469e-04 -9.205836e-03 -1.049959e+01 1.610878e-04 9.999998e-01 6.446162e-04 1.048724e-01 9.205733e-03 -6.460725e-04 9.999574e-01 2.755391e+00
9.999901e-01 2.765079e-04 4.431156e-03 -9.695422e+00 -2.744351e-04 9.999999e-01 -4.683353e-04 9.853853e-02 -4.431285e-03 4.671153e-04 9.999901e-01 2.465054e+00
9.999446e-01 -3.474613e-04 -1.051993e-02 -1.004020e+01 3.598128e-04 9.999992e-01 1.172248e-03 1.048920e-01 1.051952e-02 -1.175969e-03 9.999440e-01 2.625136e+00
9.999766e-01 5.691585e-04 6.820924e-03 -9.377999e+00 -5.606259e-04 9.999991e-01 -1.252778e-03 9.425683e-02 -6.821630e-03 1.248925e-03 9.999760e-01 2.505852e+00
9.999389e-01 -5.301849e-04 -1.103786e-02 -9.326593e+00 5.480828e-04 9.999985e-01 1.618553e-03 8.252866e-02 1.103699e-02 -1.624505e-03 9.999378e-01 2.644633e+00
9.999839e-01 4.785216e-04 5.654866e-03 -9.362382e+00 -4.703958e-04 9.999989e-01 -1.438181e-03 9.989269e-02 -5.655547e-03 1.435498e-03 9.999830e-01 2.286587e+00
9.999527e-01 -6.866002e-04 -9.701721e-03 -9.428550e+00 6.975772e-04 9.999991e-01 1.128119e-03 1.032967e-01 9.700938e-03 -1.134834e-03 9.999523e-01 1.206113e+00
9.999900e-01 6.498880e-04 4.420528e-03 -9.675171e+00 -6.474502e-04 9.999996e-01 -5.528450e-04 9.552969e-02 -4.420885e-03 5.499782e-04 9.999901e-01 1.135135e+00
9.999516e-01 -6.728886e-04 -9.818245e-03 -9.883132e+00 6.840743e-04 9.999991e-01 1.135979e-03 8.680534e-02 9.817471e-03 -1.142641e-03 9.999512e-01 1.123386e+00
9.999914e-01 5.405345e-04 4.111962e-03 -1.022443e+01 -5.368890e-04 9.999995e-01 -8.875839e-04 9.233808e-02 -4.112440e-03 8.853693e-04 9.999912e-01 4.017937e-01
9.999676e-01 -3.870756e-04 -8.035354e-03 -8.988686e+00 3.899127e-04 9.999999e-01 3.515283e-04 9.908657e-02 8.035216e-03 -3.546507e-04 9.999677e-01 -3.228027e-01
9.999922e-01 5.335034e-04 3.919656e-03 -7.762458e+00 -5.322775e-04 9.999998e-01 -3.137741e-04 1.010259e-01 -3.919822e-03 3.116859e-04 9.999923e-01 -9.446941e-01
9.999536e-01 -6.335134e-04 -9.612160e-03 -8.048869e+00 6.394895e-04 9.999996e-01 6.186719e-04 1.046342e-01 9.611764e-03 -6.247908e-04 9.999536e-01 -1.449174e+00
9.999844e-01 5.558020e-04 5.550688e-03 -8.045981e+00 -5.519019e-04 9.999996e-01 -7.041203e-04 1.021549e-01 -5.551076e-03 7.010466e-04 9.999843e-01 -2.137404e+00
9.999514e-01 -5.573759e-04 -9.841077e-03 -7.985266e+00 5.643942e-04 9.999996e-01 7.104162e-04 1.019896e-01 9.840676e-03 -7.159367e-04 9.999513e-01 -2.686758e+00
9.999875e-01 4.447784e-04 4.986481e-03 -7.999794e+00 -4.428201e-04 9.999998e-01 -3.937754e-04 1.067826e-01 -4.986655e-03 3.915631e-04 9.999875e-01 -3.039903e+00
9.999359e-01 -5.959636e-04 -1.130452e-02 -8.469915e+00 6.045443e-04 9.999995e-01 7.556651e-04 1.215177e-01 1.130406e-02 -7.624515e-04 9.999358e-01 -3.645865e+00
9.999793e-01 7.364625e-04 6.394909e-03 -7.711365e+00 -7.320819e-04 9.999995e-01 -6.872979e-04 1.275730e-01 -6.395412e-03 6.826028e-04 9.999793e-01 -3.680075e+00
9.999308e-01 -9.277829e-04 -1.172856e-02 -8.025989e+00 9.363425e-04 9.999993e-01 7.243452e-04 1.364275e-01 1.172788e-02 -7.352777e-04 9.999310e-01 -4.637101e+00
9.999828e-01 6.962901e-04 5.816557e-03 -8.455551e+00 -6.932434e-04 9.999996e-01 -5.257730e-04 1.492314e-01 -5.816920e-03 5.217323e-04 9.999829e-01 -5.501694e+00
9.999215e-01 -8.971250e-04 -1.249616e-02 -8.996462e+00 9.100451e-04 9.999991e-01 1.028284e-03 1.648301e-01 1.249522e-02 -1.039576e-03 9.999214e-01 -5.961329e+00
9.999893e-01 6.964340e-04 4.572264e-03 -9.789183e+00 -6.955863e-04 9.999997e-01 -1.869653e-04 1.899015e-01 -4.572393e-03 1.837836e-04 9.999895e-01 -6.180950e+00
9.999042e-01 -9.040941e-04 -1.381424e-02 -1.079219e+01 9.189961e-04 9.999990e-01 1.072443e-03 2.195907e-01 1.381325e-02 -1.085036e-03 9.999040e-01 -6.603744e+00
9.999894e-01 6.539223e-04 4.548162e-03 -1.182310e+01 -6.536272e-04 9.999998e-01 -6.633153e-05 2.547658e-01 -4.548204e-03 6.335871e-05 9.999897e-01 -6.720006e+00
9.999269e-01 -7.844841e-04 -1.206279e-02 -1.249825e+01 7.942400e-04 9.999994e-01 8.040052e-04 2.748309e-01 1.206215e-02 -8.135279e-04 9.999269e-01 -6.904444e+00
9.999856e-01 5.482453e-04 5.344223e-03 -1.309737e+01 -5.458361e-04 9.999997e-01 -4.522232e-04 2.910180e-01 -5.344470e-03 4.493003e-04 9.999856e-01 -7.782351e+00
9.999216e-01 -7.002450e-04 -1.250136e-02 -1.376772e+01 7.150457e-04 9.999990e-01 1.179509e-03 3.135182e-01 1.250052e-02 -1.188357e-03 9.999212e-01 -7.915502e+00
9.999735e-01 5.908970e-04 7.261665e-03 -1.410764e+01 -5.869459e-04 9.999997e-01 -5.461888e-04 3.223095e-01 -7.261985e-03 5.419128e-04 9.999735e-01 -7.314272e+00
9.999230e-01 -6.423888e-04 -1.239486e-02 -1.437332e+01 6.567998e-04 9.999991e-01 1.158643e-03 3.231891e-01 1.239410e-02 -1.166695e-03 9.999225e-01 -6.751394e+00
9.999721e-01 5.924493e-04 7.447509e-03 -1.464085e+01 -5.872938e-04 9.999996e-01 -6.943966e-04 3.306741e-01 -7.447917e-03 6.900040e-04 9.999720e-01 -6.552878e+00
9.999176e-01 -7.344279e-04 -1.281672e-02 -1.501792e+01 7.484379e-04 9.999991e-01 1.088355e-03 3.471406e-01 1.281590e-02 -1.097858e-03 9.999173e-01 -6.563381e+00
9.999888e-01 4.508305e-04 4.707800e-03 -1.592002e+01 -4.491424e-04 9.999998e-01 -3.595900e-04 3.943782e-01 -4.707961e-03 3.574722e-04 9.999889e-01 -6.683643e+00
9.999524e-01 -5.713333e-04 -9.737214e-03 -1.623259e+01 5.794989e-04 9.999995e-01 8.358099e-04 4.004800e-01 9.736731e-03 -8.414135e-04 9.999522e-01 -6.698214e+00
9.999809e-01 5.682297e-04 6.160351e-03 -1.623226e+01 -5.652600e-04 9.999997e-01 -4.837666e-04 3.890576e-01 -6.160624e-03 4.802758e-04 9.999809e-01 -6.159398e+00
9.998961e-01 -8.010083e-04 -1.439280e-02 -1.699836e+01 8.191113e-04 9.999989e-01 1.251947e-03 4.455921e-01 1.439178e-02 -1.263607e-03 9.998956e-01 -5.862924e+00
9.999728e-01 8.597908e-04 7.327061e-03 -1.709306e+01 -8.559006e-04 9.999995e-01 -5.340265e-04 4.837762e-01 -7.327517e-03 5.277414e-04 9.999730e-01 -5.274085e+00
9.998951e-01 -8.687377e-04 -1.445614e-02 -1.766127e+01 8.889498e-04 9.999986e-01 1.391811e-03 5.281272e-01 1.445491e-02 -1.404516e-03 9.998945e-01 -4.423576e+00
9.999683e-01 7.086598e-04 7.927351e-03 -1.799824e+01 -7.043787e-04 9.999996e-01 -5.427942e-04 5.631999e-01 -7.927732e-03 5.371939e-04 9.999684e-01 -3.314203e+00
9.999458e-01 -9.728025e-04 -1.036623e-02 -1.780266e+01 9.710261e-04 9.999995e-01 -1.763731e-04 5.725796e-01 1.036639e-02 1.662970e-04 9.999463e-01 -4.556523e+00
9.999758e-01 8.924085e-04 6.904464e-03 -1.747575e+01 -8.916134e-04 9.999996e-01 -1.181922e-04 5.905183e-01 -6.904566e-03 1.120339e-04 9.999762e-01 -5.259302e+00
9.999003e-01 -1.000174e-03 -1.408536e-02 -1.799226e+01 1.014868e-03 9.999989e-01 1.036112e-03 6.375892e-01 1.408431e-02 -1.050304e-03 9.999003e-01 -4.221770e+00
9.999965e-01 7.510361e-04 2.550092e-03 -1.950749e+01 -7.520366e-04 9.999996e-01 3.914843e-04 7.436587e-01 -2.549797e-03 -3.934000e-04 9.999967e-01 -2.890111e+00
9.999632e-01 -7.062508e-04 -8.550649e-03 -1.981315e+01 7.089415e-04 9.999997e-01 3.116734e-04 7.639773e-01 8.550426e-03 -3.177246e-04 9.999634e-01 -2.194438e+00
9.999972e-01 7.065807e-04 2.272007e-03 -2.008419e+01 -7.075994e-04 9.999996e-01 4.476894e-04 7.870478e-01 -2.271690e-03 -4.492951e-04 9.999973e-01 -1.615134e+00
9.999477e-01 -6.419651e-04 -1.020812e-02 -2.076024e+01 6.449457e-04 9.999998e-01 2.887118e-04 8.371029e-01 1.020794e-02 -2.952811e-04 9.999479e-01 -1.131733e+00
9.999912e-01 4.900268e-04 4.162863e-03 -2.108705e+01 -4.902315e-04 9.999999e-01 4.820947e-05 8.643997e-01 -4.162839e-03 -5.024913e-05 9.999913e-01 -1.335348e+00
9.999543e-01 -5.855287e-04 -9.544839e-03 -2.131828e+01 5.867326e-04 9.999998e-01 1.233521e-04 8.709550e-01 9.544765e-03 -1.289474e-04 9.999544e-01 -1.890419e+00
9.999907e-01 5.830459e-04 4.278483e-03 -2.144331e+01 -5.840669e-04 9.999998e-01 2.374411e-04 8.787012e-01 -4.278344e-03 -2.399371e-04 9.999908e-01 -2.214047e+00
9.999002e-01 -6.971884e-04 -1.410692e-02 -2.250369e+01 7.086764e-04 9.999994e-01 8.093834e-04 9.406389e-01 1.410635e-02 -8.193006e-04 9.999002e-01 -1.846659e+00
9.999554e-01 6.359811e-04 9.421189e-03 -2.252739e+01 -6.281830e-04 9.999995e-01 -8.306275e-04 9.409527e-01 -9.421712e-03 8.246729e-04 9.999553e-01 -2.529427e+00
9.999052e-01 -7.017562e-04 -1.375403e-02 -2.240199e+01 7.122515e-04 9.999995e-01 7.582041e-04 9.369806e-01 1.375349e-02 -7.679292e-04 9.999051e-01 -3.014427e+00
9.999509e-01 6.554501e-04 9.884266e-03 -2.228825e+01 -6.477067e-04 9.999995e-01 -7.865723e-04 9.331765e-01 -9.884776e-03 7.801322e-04 9.999508e-01 -3.529147e+00
9.999003e-01 -5.284028e-04 -1.410952e-02 -2.213377e+01 5.453767e-04 9.999991e-01 1.199206e-03 9.191808e-01 1.410887e-02 -1.206782e-03 9.998997e-01 -3.226272e+00
9.999543e-01 6.770161e-04 9.533968e-03 -2.185426e+01 -6.697280e-04 9.999995e-01 -7.675811e-04 9.046705e-01 -9.534483e-03 7.611615e-04 9.999543e-01 -2.870359e+00
9.998849e-01 -6.313608e-04 -1.516162e-02 -2.199186e+01 6.486650e-04 9.999991e-01 1.136441e-03 9.077737e-01 1.516089e-02 -1.146146e-03 9.998844e-01 -2.932411e+00
9.999747e-01 3.815918e-04 7.100035e-03 -2.279681e+01 -3.782455e-04 9.999998e-01 -4.726081e-04 9.320123e-01 -7.100214e-03 4.699113e-04 9.999747e-01 -3.519417e+00
9.999058e-01 -4.019632e-04 -1.372039e-02 -2.321607e+01 4.175922e-04 9.999993e-01 1.136278e-03 9.444603e-01 1.371992e-02 -1.141901e-03 9.999052e-01 -3.470094e+00
9.999575e-01 4.738343e-04 9.203050e-03 -2.310977e+01 -4.677427e-04 9.999997e-01 -6.640205e-04 9.391136e-01 -9.203361e-03 6.596883e-04 9.999574e-01 -3.167551e+00
9.998930e-01 -6.085155e-04 -1.461839e-02 -2.341318e+01 6.290901e-04 9.999988e-01 1.402911e-03 9.542103e-01 1.461752e-02 -1.411958e-03 9.998922e-01 -2.468947e+00
9.999650e-01 6.498234e-04 8.342673e-03 -2.304296e+01 -6.421375e-04 9.999994e-01 -9.238921e-04 9.758346e-01 -8.343268e-03 9.185033e-04 9.999648e-01 -2.192710e+00
9.998941e-01 -5.187351e-04 -1.454358e-02 -2.209935e+01 5.369242e-04 9.999991e-01 1.246795e-03 1.021962e+00 1.454292e-02 -1.254472e-03 9.998935e-01 -2.348679e+00
9.999798e-01 6.029857e-04 6.332062e-03 -2.141177e+01 -5.987063e-04 9.999996e-01 -6.776643e-04 1.110068e+00 -6.332467e-03 6.738602e-04 9.999797e-01 -1.927686e+00
9.999178e-01 -5.880121e-04 -1.281141e-02 -2.062129e+01 6.030172e-04 9.999991e-01 1.167417e-03 1.173710e+00 1.281071e-02 -1.175047e-03 9.999172e-01 -1.506816e+00
9.999807e-01 5.772278e-04 6.181273e-03 -1.953421e+01 -5.723031e-04 9.999995e-01 -7.984191e-04 1.235061e+00 -6.181731e-03 7.948668e-04 9.999806e-01 -1.321349e+00
9.999452e-01 -3.894998e-04 -1.046311e-02 -1.857077e+01 3.976481e-04 9.999996e-01 7.767165e-04 1.229305e+00 1.046280e-02 -7.808353e-04 9.999450e-01 -1.540842e+00
9.999896e-01 3.885133e-04 4.537387e-03 -1.851281e+01 -3.860257e-04 9.999998e-01 -5.490553e-04 1.255452e+00 -4.537599e-03 5.472987e-04 9.999896e-01 -1.813827e+00
9.999485e-01 -4.125968e-04 -1.014123e-02 -1.856704e+01 4.204185e-04 9.999996e-01 7.691785e-04 1.270209e+00 1.014091e-02 -7.734031e-04 9.999483e-01 -2.084496e+00
9.999812e-01 5.134755e-04 6.111185e-03 -1.813463e+01 -5.096164e-04 9.999997e-01 -6.329761e-04 1.259422e+00 -6.111508e-03 6.298505e-04 9.999811e-01 -1.951219e+00
9.999371e-01 -3.912241e-04 -1.121066e-02 -1.804848e+01 4.022766e-04 9.999994e-01 9.836751e-04 1.267661e+00 1.121027e-02 -9.881237e-04 9.999367e-01 -1.669202e+00
9.999736e-01 3.115957e-04 7.257991e-03 -1.790036e+01 -3.037016e-04 9.999994e-01 -1.088675e-03 1.268654e+00 -7.258325e-03 1.086443e-03 9.999731e-01 -2.253800e+00
9.999175e-01 -5.011534e-04 -1.283321e-02 -1.824394e+01 5.164731e-04 9.999992e-01 1.190487e-03 1.281957e+00 1.283260e-02 -1.197017e-03 9.999169e-01 -3.017199e+00
9.999751e-01 3.873275e-04 7.040292e-03 -1.858799e+01 -3.803781e-04 9.999994e-01 -9.883693e-04 1.293355e+00 -7.040671e-03 9.856674e-04 9.999747e-01 -3.600569e+00
9.999232e-01 -4.714147e-04 -1.238676e-02 -1.869444e+01 4.875027e-04 9.999990e-01 1.295839e-03 1.309183e+00 1.238614e-02 -1.301779e-03 9.999224e-01 -3.429520e+00
9.999746e-01 5.722086e-04 7.107913e-03 -1.856234e+01 -5.665670e-04 9.999995e-01 -7.956579e-04 1.316011e+00 -7.108365e-03 7.916112e-04 9.999744e-01 -2.890680e+00
9.999296e-01 -4.433299e-04 -1.186019e-02 -1.804194e+01 4.551791e-04 9.999994e-01 9.964190e-04 1.317426e+00 1.185974e-02 -1.001748e-03 9.999292e-01 -2.750424e+00
9.999731e-01 6.478827e-04 7.303253e-03 -1.718799e+01 -6.410656e-04 9.999994e-01 -9.357062e-04 1.320520e+00 -7.303854e-03 9.309998e-04 9.999729e-01 -2.847822e+00
9.999276e-01 -4.887707e-04 -1.202308e-02 -1.660711e+01 5.026084e-04 9.999992e-01 1.147955e-03 1.323390e+00 1.202251e-02 -1.153916e-03 9.999271e-01 -2.689636e+00
9.999779e-01 6.892121e-04 6.619787e-03 -1.602689e+01 -6.846352e-04 9.999995e-01 -6.936080e-04 1.321192e+00 -6.620262e-03 6.890611e-04 9.999778e-01 -2.282494e+00
9.999323e-01 -4.072793e-04 -1.163221e-02 -1.537192e+01 4.196323e-04 9.999994e-01 1.059568e-03 1.309314e+00 1.163177e-02 -1.064378e-03 9.999318e-01 -1.847278e+00
9.999770e-01 7.357340e-04 6.739329e-03 -1.451563e+01 -7.310862e-04 9.999995e-01 -6.920461e-04 1.283902e+00 -6.739835e-03 6.871038e-04 9.999771e-01 -1.518712e+00
9.999339e-01 -6.275096e-04 -1.148237e-02 -1.419264e+01 6.412773e-04 9.999991e-01 1.195413e-03 1.272488e+00 1.148161e-02 -1.202698e-03 9.999334e-01 -8.631637e-01
9.999774e-01 9.225840e-04 6.659777e-03 -1.323378e+01 -9.169533e-04 9.999992e-01 -8.484374e-04 1.236065e+00 -6.660554e-03 8.423122e-04 9.999775e-01 -3.962520e-01
9.999375e-01 -6.829052e-04 -1.116350e-02 -1.254125e+01 6.959582e-04 9.999991e-01 1.165440e-03 1.200251e+00 1.116269e-02 -1.173137e-03 9.999370e-01 4.438858e-03
9.999792e-01 9.264830e-04 6.386325e-03 -1.163655e+01 -9.207363e-04 9.999992e-01 -9.026913e-04 1.166155e+00 -6.387156e-03 8.967930e-04 9.999792e-01 3.856886e-01
9.999388e-01 -6.227530e-04 -1.104365e-02 -1.077025e+01 6.379202e-04 9.999989e-01 1.369944e-03 1.124542e+00 1.104278e-02 -1.376905e-03 9.999381e-01 9.259288e-01
9.999781e-01 7.527418e-04 6.572365e-03 -9.703694e+00 -7.448652e-04 9.999990e-01 -1.200765e-03 1.078955e+00 -6.573262e-03 1.195844e-03 9.999777e-01 1.438669e+00
9.999341e-01 -4.120356e-04 -1.147570e-02 -8.759659e+00 4.293055e-04 9.999988e-01 1.502511e-03 1.046656e+00 1.147507e-02 -1.507339e-03 9.999330e-01 1.738676e+00
9.999743e-01 4.870570e-04 7.154177e-03 -8.612570e+00 -4.779629e-04 9.999991e-01 -1.272770e-03 1.036928e+00 -7.154790e-03 1.269319e-03 9.999736e-01 1.904580e+00
9.999352e-01 -4.441770e-04 -1.137585e-02 -8.479167e+00 4.601135e-04 9.999989e-01 1.398359e-03 1.028693e+00 1.137522e-02 -1.403503e-03 9.999343e-01 1.835446e+00
9.999786e-01 4.325521e-04 6.532789e-03 -8.562540e+00 -4.259107e-04 9.999994e-01 -1.017930e-03 1.022139e+00 -6.533225e-03 1.015126e-03 9.999781e-01 2.133319e+00
9.999329e-01 -3.950780e-04 -1.157785e-02 -8.655231e+00 4.121922e-04 9.999988e-01 1.475853e-03 1.015467e+00 1.157725e-02 -1.480527e-03 9.999319e-01 2.534296e+00
9.999779e-01 3.799213e-04 6.639922e-03 -8.699672e+00 -3.725529e-04 9.999993e-01 -1.110871e-03 1.013516e+00 -6.640339e-03 1.108373e-03 9.999773e-01 2.731075e+00
9.999120e-01 -5.251151e-04 -1.325269e-02 -9.191836e+00 5.467129e-04 9.999985e-01 1.626143e-03 1.031060e+00 1.325181e-02 -1.633246e-03 9.999109e-01 2.548500e+00
9.999729e-01 5.037623e-04 7.341024e-03 -9.529429e+00 -4.962325e-04 9.999993e-01 -1.027466e-03 1.033455e+00 -7.341537e-03 1.023796e-03 9.999725e-01 2.862923e+00
9.999109e-01 -5.304232e-04 -1.333988e-02 -9.872326e+00 5.525330e-04 9.999985e-01 1.653810e-03 1.037684e+00 1.333898e-02 -1.661034e-03 9.999097e-01 3.150581e+00
9.999859e-01 3.728404e-04 5.305580e-03 -1.060861e+01 -3.689250e-04 9.999997e-01 -7.388762e-04 1.059503e+00 -5.305853e-03 7.369090e-04 9.999857e-01 3.121902e+00
9.999243e-01 -4.775680e-04 -1.229177e-02 -1.112845e+01 4.943735e-04 9.999989e-01 1.364232e-03 1.074613e+00 1.229111e-02 -1.370207e-03 9.999235e-01 3.017998e+00
9.999824e-01 4.337574e-04 5.912841e-03 -1.152191e+01 -4.291713e-04 9.999996e-01 -7.768101e-04 1.082264e+00 -5.913175e-03 7.742595e-04 9.999822e-01 3.025736e+00
9.999258e-01 -4.393449e-04 -1.217532e-02 -1.190769e+01 4.568481e-04 9.999989e-01 1.434874e-03 1.087701e+00 1.217467e-02 -1.440331e-03 9.999248e-01 3.117083e+00
9.999783e-01 3.753321e-04 6.575269e-03 -1.217502e+01 -3.695600e-04 9.999995e-01 -8.789997e-04 1.089839e+00 -6.575596e-03 8.765513e-04 9.999780e-01 3.225431e+00
9.999285e-01 -4.158951e-04 -1.194845e-02 -1.240959e+01 4.328810e-04 9.999989e-01 1.419075e-03 1.089102e+00 1.194785e-02 -1.424146e-03 9.999276e-01 3.400120e+00
9.999666e-01 5.331726e-04 8.159814e-03 -1.213387e+01 -5.240243e-04 9.999992e-01 -1.123211e-03 1.066914e+00 -8.160407e-03 1.118898e-03 9.999661e-01 3.730658e+00
9.999245e-01 -3.827665e-04 -1.228298e-02 -1.153281e+01 3.993275e-04 9.999990e-01 1.345886e-03 1.034519e+00 1.228245e-02 -1.350690e-03 9.999237e-01 4.081878e+00
9.999709e-01 6.838449e-04 7.595473e-03 -1.091732e+01 -6.768396e-04 9.999993e-01 -9.247847e-04 1.003953e+00 -7.596100e-03 9.196175e-04 9.999707e-01 4.442728e+00
9.999224e-01 -4.313707e-04 -1.245170e-02 -1.042895e+01 4.469649e-04 9.999991e-01 1.249650e-03 9.917619e-01 1.245115e-02 -1.255119e-03 9.999217e-01 4.770729e+00
9.999703e-01 6.211804e-04 7.688323e-03 -9.828238e+00 -6.139925e-04 9.999994e-01 -9.371939e-04 9.791890e-01 -7.688901e-03 9.324460e-04 9.999700e-01 5.091930e+00
9.999253e-01 -4.109250e-04 -1.221623e-02 -9.378409e+00 4.253606e-04 9.999992e-01 1.179132e-03 9.609400e-01 1.221574e-02 -1.184240e-03 9.999247e-01 5.255895e+00
9.999686e-01 5.934644e-04 7.897626e-03 -8.776105e+00 -5.861081e-04 9.999994e-01 -9.336954e-04 9.319128e-01 -7.898176e-03 9.290379e-04 9.999684e-01 5.562888e+00
9.999193e-01 -2.684552e-04 -1.270438e-02 -8.002209e+00 2.835586e-04 9.999993e-01 1.187069e-03 9.033615e-01 1.270405e-02 -1.190576e-03 9.999186e-01 5.870535e+00
9.999792e-01 3.557536e-04 6.439293e-03 -7.621507e+00 -3.516582e-04 9.999997e-01 -6.370696e-04 9.203276e-01 -6.439518e-03 6.347926e-04 9.999791e-01 6.565382e+00
9.999062e-01 -3.248805e-04 -1.368927e-02 -7.596572e+00 3.423467e-04 9.999991e-01 1.273605e-03 9.728675e-01 1.368885e-02 -1.278173e-03 9.999055e-01 7.340289e+00
9.999592e-01 5.640183e-04 9.017060e-03 -6.879659e+00 -5.552696e-04 9.999994e-01 -9.726739e-04 9.578868e-01 -9.017603e-03 9.676279e-04 9.999589e-01 7.682551e+00
9.999004e-01 -2.845297e-04 -1.411161e-02 -5.833902e+00 3.008688e-04 9.999993e-01 1.155757e-03 9.339120e-01 1.411127e-02 -1.159888e-03 9.998998e-01 7.801271e+00
9.999644e-01 4.539322e-04 8.431280e-03 -5.239233e+00 -4.481383e-04 9.999997e-01 -6.890190e-04 9.327973e-01 -8.431589e-03 6.852167e-04 9.999642e-01 8.241448e+00
9.998977e-01 -2.473156e-04 -1.430340e-02 -4.658269e+00 2.621733e-04 9.999994e-01 1.036913e-03 9.476645e-01 1.430314e-02 -1.040557e-03 9.998972e-01 8.648637e+00
9.999652e-01 5.214583e-04 8.325215e-03 -3.623755e+00 -5.139555e-04 9.999995e-01 -9.032887e-04 9.694276e-01 -8.325681e-03 8.989791e-04 9.999649e-01 8.495184e+00
9.999052e-01 -3.301824e-04 -1.376517e-02 -2.623730e+00 3.456203e-04 9.999993e-01 1.119176e-03 9.728707e-01 1.376479e-02 -1.123828e-03 9.999046e-01 8.388100e+00
9.999603e-01 6.148488e-04 8.885521e-03 -1.798902e+00 -6.078509e-04 9.999995e-01 -7.902033e-04 9.493246e-01 -8.886002e-03 7.847715e-04 9.999602e-01 8.705648e+00
9.999050e-01 -3.713956e-04 -1.377734e-02 -1.139387e+00 3.865667e-04 9.999993e-01 1.098545e-03 9.236924e-01 1.377692e-02 -1.103768e-03 9.999045e-01 8.919151e+00
9.999806e-01 3.329131e-04 6.221032e-03 -1.707518e+00 -3.305702e-04 9.999999e-01 -3.775850e-04 9.376575e-01 -6.221156e-03 3.755218e-04 9.999806e-01 8.801756e+00
9.999193e-01 -3.962397e-04 -1.269716e-02 -2.112787e+00 4.061329e-04 9.999996e-01 7.766287e-04 9.454052e-01 1.269685e-02 -7.817234e-04 9.999191e-01 8.290406e+00
9.999556e-01 4.332738e-04 9.411019e-03 -1.284673e+00 -4.215796e-04 9.999991e-01 -1.244518e-03 9.477225e-01 -9.411550e-03 1.240496e-03 9.999549e-01 7.681340e+00
9.999101e-01 -2.440226e-04 -1.340707e-02 -3.140202e-01 2.605536e-04 9.999992e-01 1.231305e-03 9.410137e-01 1.340676e-02 -1.234688e-03 9.999094e-01 7.302351e+00
9.999891e-01 -2.964382e-04 4.668747e-03 -1.373000e+00 3.024307e-04 9.999991e-01 -1.282823e-03 9.901951e-01 -4.668363e-03 1.284222e-03 9.999883e-01 5.577652e+00
9.999090e-01 -4.066153e-04 -1.348635e-02 -2.417770e+00 4.206057e-04 9.999994e-01 1.034578e-03 1.036886e+00 1.348592e-02 -1.040156e-03 9.999085e-01 3.262188e+00
9.999493e-01 1.502138e-05 1.006542e-02 -2.380389e+00 4.013191e-06 9.999982e-01 -1.891027e-03 1.049694e+00 -1.006543e-02 1.890972e-03 9.999476e-01 1.664214e+00
9.998790e-01 1.700661e-04 -1.555197e-02 -1.836896e+00 -1.388346e-04 9.999980e-01 2.009286e-03 1.041923e+00 1.555228e-02 -2.006885e-03 9.998770e-01 2.005410e+00
9.999637e-01 8.247331e-05 8.519721e-03 -1.644090e+00 -6.914884e-05 9.999988e-01 -1.564197e-03 1.037210e+00 -8.519839e-03 1.563552e-03 9.999625e-01 2.923714e+00
9.998668e-01 1.658771e-04 -1.632329e-02 -1.908377e+00 -1.289538e-04 9.999974e-01 2.263050e-03 1.046979e+00 1.632362e-02 -2.260644e-03 9.998642e-01 3.456324e+00
9.999609e-01 1.637958e-05 8.839589e-03 -2.227912e+00 -2.164613e-06 9.999987e-01 -1.608069e-03 1.055902e+00 -8.839604e-03 1.607988e-03 9.999596e-01 3.722075e+00
9.998637e-01 1.884708e-04 -1.650782e-02 -2.199534e+00 -1.516941e-04 9.999975e-01 2.229080e-03 1.064166e+00 1.650820e-02 -2.226273e-03 9.998613e-01 4.385469e+00
9.999512e-01 1.294831e-04 9.882176e-03 -1.478799e+00 -1.124779e-04 9.999985e-01 -1.721301e-03 1.047339e+00 -9.882384e-03 1.720106e-03 9.999497e-01 5.005177e+00
9.998664e-01 2.881123e-05 -1.634660e-02 -6.623854e-01 4.488425e-06 9.999979e-01 2.037082e-03 1.031115e+00 1.634662e-02 -2.036884e-03 9.998643e-01 5.860483e+00
9.999478e-01 3.477718e-05 1.021840e-02 -3.425508e-01 -1.749892e-05 9.999986e-01 -1.690946e-03 1.030292e+00 -1.021844e-02 1.690680e-03 9.999464e-01 6.300964e+00
9.998629e-01 1.629628e-05 -1.655555e-02 -6.231618e-01 2.084277e-05 9.999975e-01 2.243146e-03 1.038783e+00 1.655554e-02 -2.243184e-03 9.998604e-01 6.606955e+00
9.999322e-01 1.434943e-04 1.164364e-02 -3.962447e-01 -1.238642e-04 9.999986e-01 -1.686584e-03 1.020842e+00 -1.164386e-02 1.685028e-03 9.999308e-01 7.183212e+00
9.998804e-01 -4.541534e-05 -1.546734e-02 -2.424553e-01 7.958427e-05 9.999976e-01 2.208517e-03 9.924910e-01 1.546720e-02 -2.209485e-03 9.998779e-01 8.225962e+00
9.999375e-01 2.132306e-04 1.117664e-02 1.844920e-01 -1.935675e-04 9.999984e-01 -1.760320e-03 9.569962e-01 -1.117699e-02 1.758047e-03 9.999360e-01 9.181616e+00
9.998749e-01 2.961657e-05 -1.581574e-02 9.723029e-01 1.708528e-06 9.999980e-01 1.980634e-03 9.316856e-01 1.581577e-02 -1.980413e-03 9.998730e-01 9.452525e+00
9.999302e-01 1.728464e-04 1.181765e-02 1.406360e+00 -1.523824e-04 9.999985e-01 -1.732493e-03 9.089117e-01 -1.181793e-02 1.730572e-03 9.999287e-01 9.681803e+00
9.998667e-01 -3.297060e-05 -1.632587e-02 1.455822e+00 6.832064e-05 9.999977e-01 2.164747e-03 8.930592e-01 1.632576e-02 -2.165575e-03 9.998644e-01 1.042457e+01
9.999308e-01 1.056852e-04 1.176127e-02 1.369523e+00 -8.589911e-05 9.999986e-01 -1.682765e-03 8.828843e-01 -1.176143e-02 1.681639e-03 9.999294e-01 1.098872e+01
9.998789e-01 -6.708264e-06 -1.555990e-02 1.618964e+00 3.512899e-05 9.999983e-01 1.826288e-03 8.652757e-01 1.555986e-02 -1.826614e-03 9.998773e-01 1.106714e+01
9.999380e-01 1.405442e-04 1.113204e-02 1.692146e+00 -1.251673e-04 9.999990e-01 -1.381969e-03 8.469118e-01 -1.113222e-02 1.380491e-03 9.999371e-01 1.150047e+01
9.998738e-01 -1.047806e-04 -1.588445e-02 1.533334e+00 1.351279e-04 9.999982e-01 1.909465e-03 8.424685e-01 1.588422e-02 -1.911371e-03 9.998720e-01 1.225237e+01
9.999537e-01 9.663553e-05 9.618078e-03 1.097770e+00 -8.501438e-05 9.999993e-01 -1.208622e-03 8.530410e-01 -9.618188e-03 1.207749e-03 9.999530e-01 1.285796e+01
9.998608e-01 -1.045191e-04 -1.668176e-02 5.529260e-01 1.386609e-04 9.999979e-01 2.045534e-03 8.733467e-01 1.668151e-02 -2.047563e-03 9.998588e-01 1.366808e+01
9.999485e-01 3.240892e-04 1.014333e-02 3.816431e-01 -3.097000e-04 9.999989e-01 -1.420087e-03 8.802598e-01 -1.014378e-02 1.416873e-03 9.999475e-01 1.436348e+01
9.998558e-01 -1.787148e-04 -1.698095e-02 4.714577e-01 2.152018e-04 9.999977e-01 2.146922e-03 8.835233e-01 1.698052e-02 -2.150267e-03 9.998535e-01 1.554094e+01
9.999563e-01 3.742872e-04 9.337682e-03 5.318311e-01 -3.606912e-04 9.999989e-01 -1.457633e-03 8.944383e-01 -9.338217e-03 1.454202e-03 9.999553e-01 1.697004e+01
9.998548e-01 -1.845833e-04 -1.703780e-02 9.022006e-01 2.159672e-04 9.999983e-01 1.840219e-03 9.093469e-01 1.703743e-02 -1.843632e-03 9.998532e-01 1.793187e+01
9.999523e-01 6.411359e-04 9.744887e-03 1.900085e+00 -6.213400e-04 9.999977e-01 -2.034265e-03 9.473749e-01 -9.746169e-03 2.028113e-03 9.999504e-01 1.849596e+01
9.998379e-01 -2.726065e-04 -1.800064e-02 3.013461e+00 3.130497e-04 9.999974e-01 2.244006e-03 9.573129e-01 1.799998e-02 -2.249278e-03 9.998355e-01 1.994393e+01
9.999464e-01 7.408158e-04 1.032234e-02 4.178872e+00 -7.201294e-04 9.999977e-01 -2.007571e-03 9.692568e-01 -1.032380e-02 2.000031e-03 9.999447e-01 2.118730e+01
9.998762e-01 -3.889345e-04 -1.572906e-02 4.808404e+00 4.236869e-04 9.999975e-01 2.206194e-03 9.616219e-01 1.572816e-02 -2.212585e-03 9.998739e-01 2.228258e+01
9.999835e-01 7.377321e-04 5.704865e-03 6.228966e+00 -7.260688e-04 9.999976e-01 -2.046182e-03 9.806000e-01 -5.706361e-03 2.042007e-03 9.999816e-01 2.234021e+01
9.999092e-01 -6.144239e-04 -1.346330e-02 7.650609e+00 6.414308e-04 9.999978e-01 2.001768e-03 9.862093e-01 1.346204e-02 -2.010222e-03 9.999074e-01 2.291880e+01
9.999733e-01 9.332598e-04 7.242190e-03 7.932687e+00 -9.223594e-04 9.999984e-01 -1.508263e-03 9.712955e-01 -7.243586e-03 1.501543e-03 9.999726e-01 2.418572e+01
9.999096e-01 -7.679234e-04 -1.342346e-02 8.516462e+00 7.899516e-04 9.999984e-01 1.635828e-03 9.569182e-01 1.342218e-02 -1.646284e-03 9.999086e-01 2.502653e+01
9.999585e-01 9.584025e-04 9.064824e-03 9.477064e+00 -9.440476e-04 9.999983e-01 -1.587681e-03 9.290911e-01 -9.066330e-03 1.579058e-03 9.999577e-01 2.524053e+01
9.998921e-01 -7.576694e-04 -1.467285e-02 9.885894e+00 7.882010e-04 9.999975e-01 2.075176e-03 9.141941e-01 1.467124e-02 -2.086517e-03 9.998902e-01 2.566165e+01
9.999602e-01 9.640737e-04 8.868775e-03 1.001056e+01 -9.503781e-04 9.999983e-01 -1.548285e-03 9.085189e-01 -8.870253e-03 1.539796e-03 9.999595e-01 2.623458e+01
9.998829e-01 -7.370973e-04 -1.528750e-02 1.041434e+01 7.668565e-04 9.999978e-01 1.940896e-03 9.010293e-01 1.528603e-02 -1.952392e-03 9.998813e-01 2.703103e+01
9.999641e-01 1.090969e-03 8.400457e-03 1.101038e+01 -1.079694e-03 9.999985e-01 -1.346542e-03 8.808401e-01 -8.401914e-03 1.337425e-03 9.999638e-01 2.845796e+01
9.998708e-01 -9.253516e-04 -1.604496e-02 1.138890e+01 9.565296e-04 9.999977e-01 1.935621e-03 8.760843e-01 1.604313e-02 -1.950719e-03 9.998694e-01 3.000131e+01
9.999813e-01 1.228389e-03 5.984086e-03 1.186998e+01 -1.221293e-03 9.999985e-01 -1.189100e-03 8.929026e-01 -5.985538e-03 1.181771e-03 9.999814e-01 3.183926e+01
9.998952e-01 -9.765466e-04 -1.444077e-02 1.225895e+01 1.004121e-03 9.999977e-01 1.902398e-03 8.940381e-01 1.443888e-02 -1.916700e-03 9.998939e-01 3.361548e+01
9.999799e-01 1.360694e-03 6.198162e-03 1.298448e+01 -1.352946e-03 9.999983e-01 -1.253907e-03 8.876776e-01 -6.199858e-03 1.245496e-03 9.999800e-01 3.542839e+01
9.999375e-01 -1.275999e-03 -1.110326e-02 1.297278e+01 1.295242e-03 9.999977e-01 1.726119e-03 8.772767e-01 1.110103e-02 -1.740393e-03 9.999369e-01 3.655194e+01
9.999716e-01 1.417573e-03 7.396570e-03 1.328293e+01 -1.407832e-03 9.999981e-01 -1.321926e-03 8.415364e-01 -7.398430e-03 1.311476e-03 9.999718e-01 3.774204e+01
9.999310e-01 -1.312725e-03 -1.167207e-02 1.354069e+01 1.333925e-03 9.999975e-01 1.808701e-03 8.149935e-01 1.166967e-02 -1.824146e-03 9.999302e-01 3.876397e+01
9.999672e-01 1.300142e-03 7.994402e-03 1.351439e+01 -1.289693e-03 9.999983e-01 -1.312019e-03 7.952902e-01 -7.996094e-03 1.301666e-03 9.999672e-01 3.994761e+01
9.999223e-01 -1.333190e-03 -1.239288e-02 1.344577e+01 1.356466e-03 9.999973e-01 1.870059e-03 7.825649e-01 1.239035e-02 -1.886725e-03 9.999215e-01 4.108926e+01
9.999671e-01 1.340183e-03 8.004891e-03 1.329790e+01 -1.329568e-03 9.999982e-01 -1.331184e-03 7.739042e-01 -8.006661e-03 1.320498e-03 9.999671e-01 4.195326e+01
9.999169e-01 -1.167061e-03 -1.283923e-02 1.370327e+01 1.188833e-03 9.999979e-01 1.688257e-03 7.521936e-01 1.283723e-02 -1.703381e-03 9.999161e-01 4.255735e+01
9.999627e-01 1.354175e-03 8.533994e-03 1.399486e+01 -1.341063e-03 9.999979e-01 -1.542025e-03 7.409317e-01 -8.536064e-03 1.530524e-03 9.999624e-01 4.297873e+01
9.998974e-01 -1.188694e-03 -1.427239e-02 1.428454e+01 1.215045e-03 9.999976e-01 1.837754e-03 7.362816e-01 1.427017e-02 -1.854907e-03 9.998965e-01 4.325715e+01
9.999716e-01 1.210795e-03 7.441574e-03 1.402862e+01 -1.197454e-03 9.999977e-01 -1.796888e-03 7.524426e-01 -7.443732e-03 1.787926e-03 9.999707e-01 4.286220e+01
9.999167e-01 -1.369290e-03 -1.283115e-02 1.374854e+01 1.387894e-03 9.999980e-01 1.441162e-03 7.693829e-01 1.282915e-02 -1.458851e-03 9.999166e-01 4.174547e+01
9.999747e-01 1.295507e-03 6.995258e-03 1.355774e+01 -1.285595e-03 9.999982e-01 -1.421174e-03 7.724706e-01 -6.997086e-03 1.412146e-03 9.999745e-01 4.114274e+01
9.999021e-01 -1.426104e-03 -1.392131e-02 1.317816e+01 1.444815e-03 9.999981e-01 1.334165e-03 7.898648e-01 1.391938e-02 -1.354148e-03 9.999022e-01 4.028686e+01
9.999749e-01 1.153773e-03 6.990961e-03 1.268524e+01 -1.140933e-03 9.999977e-01 -1.840240e-03 8.193195e-01 -6.993068e-03 1.832219e-03 9.999739e-01 3.887404e+01
9.999188e-01 -1.276561e-03 -1.268282e-02 1.236069e+01 1.295049e-03 9.999981e-01 1.449618e-03 8.454535e-01 1.268095e-02 -1.465926e-03 9.999185e-01 3.801308e+01
9.999842e-01 1.260139e-03 5.478466e-03 1.200018e+01 -1.251715e-03 9.999980e-01 -1.540773e-03 8.628422e-01 -5.480397e-03 1.533892e-03 9.999838e-01 3.762133e+01
9.999296e-01 -1.257548e-03 -1.180151e-02 1.183535e+01 1.275679e-03 9.999980e-01 1.528952e-03 8.895327e-01 1.179956e-02 -1.543900e-03 9.999292e-01 3.739357e+01
9.999806e-01 1.499374e-03 6.043895e-03 1.263096e+01 -1.491941e-03 9.999981e-01 -1.234120e-03 8.719063e-01 -6.045734e-03 1.225080e-03 9.999810e-01 3.789497e+01
9.999404e-01 -1.469962e-03 -1.082191e-02 1.297671e+01 1.486444e-03 9.999977e-01 1.515170e-03 8.579424e-01 1.081966e-02 -1.531166e-03 9.999403e-01 3.833911e+01
9.999903e-01 1.453567e-03 4.151995e-03 1.278321e+01 -1.448313e-03 9.999981e-01 -1.268204e-03 8.695497e-01 -4.153830e-03 1.262179e-03 9.999906e-01 3.835637e+01
9.999567e-01 -1.598952e-03 -9.169097e-03 1.256780e+01 1.607340e-03 9.999983e-01 9.075887e-04 8.894733e-01 9.167630e-03 -9.222878e-04 9.999576e-01 3.763188e+01
9.999834e-01 1.632864e-03 5.526334e-03 1.295513e+01 -1.627694e-03 9.999982e-01 -9.399007e-04 8.797879e-01 -5.527859e-03 9.308905e-04 9.999843e-01 3.748155e+01
9.999495e-01 -1.548583e-03 -9.924981e-03 1.314889e+01 1.562852e-03 9.999978e-01 1.430134e-03 8.612381e-01 9.922744e-03 -1.445573e-03 9.999497e-01 3.790287e+01
9.999858e-01 1.542468e-03 5.097753e-03 1.295878e+01 -1.537991e-03 9.999984e-01 -8.817698e-04 8.576134e-01 -5.099105e-03 8.739175e-04 9.999866e-01 3.855235e+01
9.999469e-01 -1.580575e-03 -1.018521e-02 1.277034e+01 1.594815e-03 9.999978e-01 1.390204e-03 8.539026e-01 1.018299e-02 -1.406374e-03 9.999472e-01 3.867932e+01
9.999889e-01 1.530136e-03 4.462435e-03 1.246448e+01 -1.526834e-03 9.999986e-01 -7.431397e-04 8.555888e-01 -4.463565e-03 7.363185e-04 9.999898e-01 3.878439e+01
9.999565e-01 -1.530346e-03 -9.199706e-03 1.243716e+01 1.541937e-03 9.999980e-01 1.253053e-03 8.454609e-01 9.197770e-03 -1.267185e-03 9.999569e-01 3.925744e+01
