9.999946e-01 8.534278e-05 -3.291769e-03 4.755907e-01 -8.395471e-05 9.999999e-01 4.218221e-04 -5.176296e-02 3.291804e-03 -4.215442e-04 9.999945e-01 1.800534e+00
9.999996e-01 1.106721e-04 -8.688097e-04 9.498935e-01 -1.107141e-04 1.000000e+00 -4.822404e-05 -9.114737e-02 8.688047e-04 4.832092e-05 9.999996e-01 2.669367e+00
9.999964e-01 -2.179228e-05 -2.682642e-03 1.180817e+00 2.278906e-05 9.999999e-01 3.715477e-04 -1.232994e-01 2.682633e-03 -3.716082e-04 9.999963e-01 3.383413e+00
9.999995e-01 1.268963e-04 -1.021751e-03 1.525847e+00 -1.270236e-04 1.000000e+00 -1.245867e-04 -1.561684e-01 1.021735e-03 1.247171e-04 9.999995e-01 3.967899e+00
9.999961e-01 6.609023e-05 -2.775120e-03 2.033726e+00 -6.488037e-05 9.999999e-01 4.360644e-04 -1.937882e-01 2.775148e-03 -4.358833e-04 9.999961e-01 4.599410e+00
9.999997e-01 9.995082e-05 -7.090686e-04 2.458534e+00 -1.000538e-04 1.000000e+00 -1.452010e-04 -2.298408e-01 7.090544e-04 1.452726e-04 9.999997e-01 5.282347e+00
9.999942e-01 6.018862e-05 -3.395496e-03 2.861735e+00 -5.885906e-05 9.999999e-01 3.916715e-04 -2.544660e-01 3.395519e-03 -3.914701e-04 9.999942e-01 5.750495e+00
1.000000e+00 8.829777e-05 1.803138e-04 3.339114e+00 -8.820638e-05 9.999999e-01 -5.066024e-04 -2.723275e-01 -1.803582e-04 5.065872e-04 9.999999e-01 5.875859e+00
9.999926e-01 1.286211e-04 -3.852220e-03 3.610561e+00 -1.266167e-04 9.999999e-01 5.205861e-04 -2.797243e-01 3.852286e-03 -5.200952e-04 9.999924e-01 6.040385e+00
9.999999e-01 1.045974e-05 4.607654e-04 3.791631e+00 -1.035431e-05 1.000000e+00 -2.287418e-04 -2.930618e-01 -4.607674e-04 2.287377e-04 9.999999e-01 6.694278e+00
9.999820e-01 1.594268e-04 -5.999331e-03 4.354283e+00 -1.559961e-04 9.999998e-01 5.723153e-04 -3.016048e-01 5.999421e-03 -5.713698e-04 9.999818e-01 7.607417e+00
9.999998e-01 -2.942178e-05 5.561304e-04 5.203759e+00 2.987404e-05 9.999997e-01 -8.131617e-04 -3.006703e-01 -5.561059e-04 8.131789e-04 9.999995e-01 7.695373e+00
9.999907e-01 3.640038e-05 -4.302771e-03 5.407438e+00 -3.390040e-05 9.999998e-01 5.810978e-04 -3.008261e-01 4.302791e-03 -5.809472e-04 9.999906e-01 7.595696e+00
9.999999e-01 -1.474716e-04 -5.090646e-04 5.198374e+00 1.475319e-04 1.000000e+00 1.182751e-04 -3.056461e-01 5.090475e-04 -1.183495e-04 9.999999e-01 9.050569e+00
9.999811e-01 1.959488e-04 -6.148625e-03 5.074698e+00 -1.909204e-04 9.999996e-01 8.183848e-04 -3.030814e-01 6.148783e-03 -8.171961e-04 9.999808e-01 1.127516e+01
9.999947e-01 2.556432e-04 -3.232924e-03 6.252510e+00 -2.573615e-04 9.999998e-01 -5.311074e-04 -2.648153e-01 3.232788e-03 5.319373e-04 9.999946e-01 1.262745e+01
9.999810e-01 4.349808e-04 -6.154162e-03 8.827263e+00 -4.352747e-04 9.999999e-01 -4.640978e-05 -1.828682e-01 6.154140e-03 4.908694e-05 9.999811e-01 1.202348e+01
9.999914e-01 2.582606e-04 -4.129317e-03 1.176992e+01 -2.617295e-04 9.999996e-01 -8.395735e-04 -6.787232e-02 4.129099e-03 8.406478e-04 9.999911e-01 1.021138e+01
9.999514e-01 6.377519e-05 -9.858413e-03 1.289137e+01 -5.274486e-05 9.999994e-01 1.119137e-03 5.108821e-02 9.858478e-03 -1.118563e-03 9.999508e-01 9.887722e+00
9.999937e-01 1.988816e-04 -3.534556e-03 1.402014e+01 -2.028082e-04 9.999994e-01 -1.110594e-03 1.821888e-01 3.534333e-03 1.111305e-03 9.999931e-01 9.073442e+00
9.999655e-01 2.040247e-04 -8.300135e-03 1.598587e+01 -2.006844e-04 9.999999e-01 4.032813e-04 3.062120e-01 8.300216e-03 -4.016024e-04 9.999655e-01 7.057093e+00
9.999990e-01 1.558656e-04 -1.370041e-03 1.891848e+01 -1.587087e-04 9.999978e-01 -2.075343e-03 4.340182e-01 1.369715e-03 2.075559e-03 9.999969e-01 4.041406e+00
9.999503e-01 5.190452e-04 -9.959881e-03 2.164491e+01 -5.009416e-04 9.999982e-01 1.820071e-03 5.375990e-01 9.960807e-03 -1.814992e-03 9.999487e-01 2.548462e+00
9.999958e-01 -1.245170e-04 -2.886558e-03 2.290629e+01 1.213352e-04 9.999994e-01 -1.102457e-03 6.214180e-01 2.886694e-03 1.102103e-03 9.999952e-01 3.329845e+00
9.999681e-01 5.044629e-04 -7.969195e-03 2.438288e+01 -4.984211e-04 9.999996e-01 7.601264e-04 7.016468e-01 7.969575e-03 -7.561309e-04 9.999680e-01 3.170062e+00
9.999965e-01 -7.219271e-05 -2.628909e-03 2.674502e+01 6.704724e-05 9.999981e-01 -1.957333e-03 8.261011e-01 2.629046e-03 1.957150e-03 9.999946e-01 9.318104e-01
9.999424e-01 2.840565e-04 -1.072557e-02 2.872901e+01 -2.715457e-04 9.999993e-01 1.167893e-03 9.814946e-01 1.072589e-02 -1.164914e-03 9.999418e-01 -1.760907e+00
9.999908e-01 -3.149721e-04 -4.278260e-03 2.990569e+01 3.089274e-04 9.999990e-01 -1.413508e-03 1.141471e+00 4.278701e-03 1.412175e-03 9.999898e-01 -4.200173e+00
9.999521e-01 4.235186e-04 -9.777867e-03 3.062765e+01 -4.058955e-04 9.999983e-01 1.804271e-03 1.269941e+00 9.778614e-03 -1.800216e-03 9.999506e-01 -5.325594e+00
9.999837e-01 -3.283354e-04 -5.706170e-03 3.120622e+01 3.193418e-04 9.999987e-01 -1.576973e-03 1.412549e+00 5.706680e-03 1.575126e-03 9.999825e-01 -6.393543e+00
9.999034e-01 1.313150e-04 -1.389552e-02 3.068540e+01 -8.622819e-05 9.999947e-01 3.245260e-03 1.569540e+00 1.389587e-02 -3.243749e-03 9.998982e-01 -6.248766e+00
9.999712e-01 -3.999086e-04 -7.584358e-03 2.918914e+01 3.884100e-04 9.999988e-01 -1.517521e-03 1.734830e+00 7.584956e-03 1.514532e-03 9.999701e-01 -5.998876e+00
9.998892e-01 1.288650e-05 -1.488278e-02 2.769246e+01 3.484535e-05 9.999949e-01 3.206931e-03 1.917879e+00 1.488275e-02 -3.207095e-03 9.998841e-01 -6.187239e+00
9.999792e-01 1.238381e-05 -6.443207e-03 2.619822e+01 -1.915530e-05 9.999994e-01 -1.050910e-03 2.051857e+00 6.443190e-03 1.051013e-03 9.999787e-01 -4.828234e+00
9.998996e-01 -1.143199e-04 -1.416863e-02 2.551731e+01 1.534184e-04 9.999962e-01 2.758466e-03 2.209896e+00 1.416826e-02 -2.760363e-03 9.998958e-01 -4.693997e+00
9.999674e-01 -1.744076e-04 -8.068853e-03 2.460982e+01 1.663471e-04 9.999995e-01 -9.996476e-04 2.386063e+00 8.069023e-03 9.982735e-04 9.999669e-01 -4.451101e+00
9.999184e-01 -6.419446e-05 -1.277803e-02 2.258728e+01 1.067668e-04 9.999944e-01 3.331038e-03 2.534215e+00 1.277774e-02 -3.332131e-03 9.999128e-01 -2.914100e+00
9.999629e-01 -2.443486e-04 -8.615774e-03 2.217471e+01 2.281029e-04 9.999982e-01 -1.886519e-03 2.696644e+00 8.616220e-03 1.884485e-03 9.999611e-01 -3.028502e+00
9.999396e-01 2.665927e-04 -1.098978e-02 2.287159e+01 -2.338141e-04 9.999955e-01 2.983842e-03 2.848760e+00 1.099053e-02 -2.981093e-03 9.999352e-01 -2.954027e+00
9.999992e-01 3.577261e-04 -1.184101e-03 2.784575e+01 -3.624332e-04 9.999920e-01 -3.977513e-03 2.928684e+00 1.182669e-03 3.977940e-03 9.999914e-01 -4.983130e+00
9.999883e-01 -1.405529e-04 -4.833058e-03 3.556540e+01 1.445566e-04 9.999996e-01 8.281028e-04 3.006547e+00 4.832940e-03 -8.287925e-04 9.999880e-01 -8.782117e+00
9.999991e-01 6.942908e-04 -1.188388e-03 4.352501e+01 -6.984251e-04 9.999937e-01 -3.482199e-03 3.075581e+00 1.185964e-03 3.483026e-03 9.999932e-01 -1.253774e+01
9.999711e-01 6.334703e-05 -7.606489e-03 4.985466e+01 -4.668846e-05 9.999976e-01 2.190230e-03 3.097523e+00 7.606609e-03 -2.189812e-03 9.999687e-01 -1.424754e+01
9.999998e-01 4.766182e-04 5.047117e-04 5.562491e+01 -4.745498e-04 9.999915e-01 -4.090068e-03 3.168640e+00 -5.066565e-04 4.089829e-03 9.999915e-01 -1.757754e+01
9.999014e-01 -5.770745e-05 -1.404163e-02 5.732941e+01 1.266029e-04 9.999880e-01 4.905690e-03 3.190963e+00 1.404118e-02 -4.906985e-03 9.998894e-01 -1.689308e+01
9.999762e-01 5.551740e-04 6.871955e-03 6.056465e+01 -5.224607e-04 9.999885e-01 -4.761249e-03 3.152676e+00 -6.874519e-03 4.757546e-03 9.999651e-01 -1.664579e+01
9.998546e-01 -4.740943e-04 -1.704517e-02 6.319007e+01 5.466740e-04 9.999908e-01 4.253686e-03 3.206037e+00 1.704299e-02 -4.262387e-03 9.998457e-01 -1.908217e+01
9.999710e-01 4.099110e-04 7.611255e-03 6.376181e+01 -3.804391e-04 9.999924e-01 -3.873171e-03 3.230013e+00 -7.612785e-03 3.870164e-03 9.999635e-01 -2.012811e+01
9.998962e-01 -4.071372e-04 -1.440108e-02 6.523639e+01 4.544205e-04 9.999945e-01 3.280212e-03 3.260962e+00 1.439967e-02 -3.286416e-03 9.998909e-01 -2.193182e+01
9.999780e-01 4.271557e-04 6.613131e-03 6.548546e+01 -4.074410e-04 9.999955e-01 -2.982171e-03 3.275708e+00 -6.614375e-03 2.979412e-03 9.999737e-01 -2.258067e+01
9.999075e-01 -3.127162e-04 -1.360045e-02 6.603564e+01 3.632139e-04 9.999930e-01 3.710653e-03 3.251243e+00 1.359919e-02 -3.715251e-03 9.999006e-01 -2.223348e+01
9.999491e-01 4.985268e-04 1.007293e-02 6.686864e+01 -4.648406e-04 9.999943e-01 -3.346275e-03 3.189858e+00 -1.007455e-02 3.341423e-03 9.999437e-01 -2.058687e+01
9.998926e-01 -3.033396e-04 -1.465053e-02 6.757953e+01 3.541652e-04 9.999939e-01 3.466741e-03 3.179992e+00 1.464939e-02 -3.471558e-03 9.998867e-01 -2.079693e+01
9.999459e-01 3.523436e-04 1.039180e-02 6.777375e+01 -3.179273e-04 9.999945e-01 -3.313320e-03 3.171483e+00 -1.039291e-02 3.309838e-03 9.999405e-01 -2.107468e+01
9.998816e-01 -2.950478e-04 -1.538681e-02 6.764819e+01 3.541349e-04 9.999926e-01 3.837541e-03 3.163743e+00 1.538557e-02 -3.842536e-03 9.998743e-01 -2.077007e+01
9.999341e-01 3.440108e-04 1.147357e-02 6.768161e+01 -3.054395e-04 9.999943e-01 -3.363316e-03 3.144524e+00 -1.147466e-02 3.359591e-03 9.999285e-01 -2.003642e+01
9.998870e-01 -2.253364e-04 -1.503040e-02 6.787139e+01 2.820154e-04 9.999929e-01 3.768956e-03 3.115576e+00 1.502945e-02 -3.772769e-03 9.998799e-01 -1.923272e+01
9.999513e-01 7.593735e-04 9.839428e-03 6.948121e+01 -7.213284e-04 9.999923e-01 -3.869545e-03 3.085693e+00 -9.842290e-03 3.862260e-03 9.999441e-01 -1.914119e+01
9.998920e-01 -5.509933e-04 -1.468424e-02 7.125761e+01 6.119332e-04 9.999912e-01 4.145865e-03 3.066201e+00 1.468183e-02 -4.154404e-03 9.998836e-01 -1.936201e+01
9.999618e-01 5.579564e-04 8.727712e-03 7.107707e+01 -5.246133e-04 9.999926e-01 -3.822161e-03 3.073887e+00 -8.729779e-03 3.817437e-03 9.999546e-01 -1.974907e+01
9.998807e-01 -7.056866e-04 -1.543322e-02 7.056284e+01 7.722997e-04 9.999904e-01 4.310699e-03 3.091974e+00 1.543003e-02 -4.322104e-03 9.998716e-01 -2.016663e+01
9.999606e-01 5.030938e-04 8.862138e-03 7.006064e+01 -4.680855e-04 9.999921e-01 -3.951932e-03 3.112751e+00 -8.864056e-03 3.947628e-03 9.999529e-01 -2.074999e+01
9.998956e-01 -4.967873e-04 -1.443832e-02 6.992416e+01 5.578043e-04 9.999909e-01 4.222337e-03 3.121108e+00 1.443609e-02 -4.229951e-03 9.998868e-01 -2.105366e+01
9.999504e-01 5.163964e-04 9.943824e-03 7.000487e+01 -4.749126e-04 9.999912e-01 -4.173700e-03 3.125690e+00 -9.945891e-03 4.168771e-03 9.999418e-01 -2.155838e+01
9.998951e-01 -5.331697e-04 -1.447232e-02 7.002451e+01 5.947307e-04 9.999908e-01 4.249751e-03 3.130422e+00 1.446992e-02 -4.257913e-03 9.998862e-01 -2.205806e+01
9.999557e-01 9.289716e-04 9.363587e-03 7.164251e+01 -8.875508e-04 9.999898e-01 -4.426761e-03 3.108350e+00 -9.367604e-03 4.418255e-03 9.999464e-01 -2.220743e+01
9.998918e-01 -6.867520e-04 -1.469658e-02 7.358032e+01 7.543694e-04 9.999892e-01 4.595862e-03 3.081429e+00 1.469327e-02 -4.606452e-03 9.998814e-01 -2.236122e+01
9.999495e-01 8.230116e-04 1.002070e-02 7.377901e+01 -7.788370e-04 9.999900e-01 -4.411418e-03 3.077489e+00 -1.002423e-02 4.403391e-03 9.999401e-01 -2.255320e+01
9.999052e-01 -8.333285e-04 -1.374698e-02 7.437133e+01 8.894625e-04 9.999913e-01 4.077780e-03 3.079726e+00 1.374346e-02 -4.089622e-03 9.998972e-01 -2.318435e+01
9.999568e-01 1.054963e-03 9.236243e-03 7.533669e+01 -1.017722e-03 9.999913e-01 -4.035806e-03 3.070302e+00 -9.240420e-03 4.026232e-03 9.999492e-01 -2.349847e+01
9.999093e-01 -9.234132e-04 -1.343604e-02 7.608635e+01 9.747349e-04 9.999923e-01 3.813669e-03 3.071285e+00 1.343242e-02 -3.826421e-03 9.999025e-01 -2.408175e+01
9.999454e-01 7.413147e-04 1.042177e-02 7.623377e+01 -6.965454e-04 9.999905e-01 -4.298693e-03 3.076725e+00 -1.042485e-02 4.291200e-03 9.999365e-01 -2.514318e+01
9.999113e-01 -8.508629e-04 -1.329238e-02 7.640620e+01 9.057018e-04 9.999911e-01 4.120135e-03 3.073853e+00 1.328876e-02 -4.131809e-03 9.999032e-01 -2.569642e+01
9.999519e-01 6.917278e-04 9.785076e-03 7.653547e+01 -6.484596e-04 9.999900e-01 -4.424309e-03 3.075083e+00 -9.788038e-03 4.417751e-03 9.999423e-01 -2.656097e+01
9.999156e-01 -8.062267e-04 -1.296482e-02 7.668244e+01 8.583046e-04 9.999916e-01 4.011814e-03 3.077493e+00 1.296148e-02 -4.022604e-03 9.999079e-01 -2.741627e+01
9.999552e-01 7.631996e-04 9.438676e-03 7.689013e+01 -7.239182e-04 9.999911e-01 -4.164436e-03 3.076436e+00 -9.441770e-03 4.157417e-03 9.999468e-01 -2.802116e+01
9.999188e-01 -9.446734e-04 -1.270600e-02 7.698487e+01 9.924228e-04 9.999925e-01 3.752257e-03 3.079623e+00 1.270236e-02 -3.764563e-03 9.999122e-01 -2.898085e+01
9.999569e-01 7.707467e-04 9.252574e-03 7.707146e+01 -7.334145e-04 9.999916e-01 -4.037473e-03 3.081863e+00 -9.255608e-03 4.030514e-03 9.999490e-01 -2.989607e+01
9.999225e-01 -1.118226e-03 -1.240171e-02 7.725549e+01 1.161601e-03 9.999932e-01 3.490862e-03 3.088480e+00 1.239772e-02 -3.504998e-03 9.999170e-01 -3.103651e+01
9.999553e-01 1.009451e-03 9.403222e-03 7.748411e+01 -9.727139e-04 9.999919e-01 -3.910575e-03 3.093123e+00 -9.407093e-03 3.901255e-03 9.999481e-01 -3.195441e+01
9.999079e-01 -1.076181e-03 -1.352669e-02 7.775629e+01 1.127980e-03 9.999921e-01 3.822311e-03 3.096422e+00 1.352247e-02 -3.837218e-03 9.999012e-01 -3.262085e+01
9.999546e-01 9.224302e-04 9.488300e-03 7.787854e+01 -8.854128e-04 9.999920e-01 -3.904806e-03 3.100063e+00 -9.491825e-03 3.896228e-03 9.999474e-01 -3.335204e+01
9.998920e-01 -9.737285e-04 -1.466462e-02 7.770224e+01 1.035260e-03 9.999907e-01 4.188888e-03 3.108279e+00 1.466041e-02 -4.203618e-03 9.998837e-01 -3.368020e+01
9.999555e-01 9.130972e-04 9.392486e-03 7.748917e+01 -8.769636e-04 9.999922e-01 -3.850441e-03 3.117416e+00 -9.395928e-03 3.842034e-03 9.999485e-01 -3.398919e+01
9.998807e-01 -1.085551e-03 -1.541123e-02 7.706839e+01 1.151961e-03 9.999901e-01 4.301009e-03 3.130972e+00 1.540641e-02 -4.318249e-03 9.998720e-01 -3.428167e+01
9.999410e-01 1.181204e-03 1.079931e-02 7.722621e+01 -1.139870e-03 9.999920e-01 -3.832851e-03 3.121126e+00 -1.080375e-02 3.820316e-03 9.999343e-01 -3.378963e+01
9.998833e-01 -1.147678e-03 -1.523135e-02 7.735133e+01 1.213671e-03 9.999899e-01 4.324185e-03 3.112779e+00 1.522623e-02 -4.342167e-03 9.998746e-01 -3.336434e+01
9.999533e-01 1.078201e-03 9.599680e-03 7.708550e+01 -1.040694e-03 9.999918e-01 -3.911124e-03 3.122058e+00 -9.603818e-03 3.900952e-03 9.999463e-01 -3.363048e+01
9.998959e-01 -9.785715e-04 -1.439568e-02 7.727216e+01 1.040530e-03 9.999902e-01 4.297126e-03 3.117739e+00 1.439134e-02 -4.311659e-03 9.998871e-01 -3.361626e+01
9.999559e-01 1.125815e-03 9.328137e-03 7.751041e+01 -1.088961e-03 9.999916e-01 -3.954966e-03 3.118032e+00 -9.332511e-03 3.944634e-03 9.999487e-01 -3.357324e+01
9.998930e-01 -1.095399e-03 -1.458389e-02 7.762581e+01 1.157406e-03 9.999903e-01 4.244054e-03 3.124227e+00 1.457910e-02 -4.260480e-03 9.998846e-01 -3.367766e+01
9.999557e-01 1.351032e-03 9.316688e-03 7.822019e+01 -1.314249e-03 9.999913e-01 -3.953095e-03 3.117804e+00 -9.321948e-03 3.940676e-03 9.999488e-01 -3.376594e+01
9.998927e-01 -9.244595e-04 -1.462209e-02 7.967790e+01 9.827094e-04 9.999916e-01 3.977026e-03 3.095507e+00 1.461829e-02 -3.990969e-03 9.998852e-01 -3.377612e+01
9.999478e-01 1.109059e-03 1.015254e-02 8.073549e+01 -1.071183e-03 9.999924e-01 -3.735309e-03 3.064589e+00 -1.015660e-02 3.724240e-03 9.999415e-01 -3.354530e+01
9.998826e-01 -8.727738e-04 -1.529814e-02 8.135605e+01 9.341046e-04 9.999916e-01 4.002362e-03 3.059181e+00 1.529452e-02 -4.016183e-03 9.998750e-01 -3.372935e+01
9.999486e-01 1.190603e-03 1.006530e-02 8.239541e+01 -1.151945e-03 9.999919e-01 -3.845660e-03 3.046711e+00 -1.006979e-02 3.833868e-03 9.999419e-01 -3.390845e+01
9.998914e-01 -9.784506e-04 -1.470802e-02 8.310537e+01 1.037126e-03 9.999915e-01 3.982295e-03 3.041267e+00 1.470400e-02 -3.997117e-03 9.998839e-01 -3.417581e+01
9.999541e-01 1.182484e-03 9.509441e-03 8.363331e+01 -1.146391e-03 9.999921e-01 -3.800044e-03 3.041293e+00 -9.513860e-03 3.788968e-03 9.999476e-01 -3.432084e+01
9.998861e-01 -9.808779e-04 -1.505820e-02 8.459026e+01 1.039998e-03 9.999918e-01 3.918793e-03 3.038435e+00 1.505423e-02 -3.934008e-03 9.998789e-01 -3.457596e+01
9.999495e-01 1.303823e-03 9.962686e-03 8.562895e+01 -1.266421e-03 9.999921e-01 -3.759587e-03 3.023722e+00 -9.967509e-03 3.746781e-03 9.999433e-01 -3.460356e+01
9.998905e-01 -1.060228e-03 -1.475764e-02 8.619421e+01 1.119571e-03 9.999913e-01 4.013499e-03 3.005449e+00 1.475326e-02 -4.029582e-03 9.998830e-01 -3.451304e+01
9.999574e-01 1.355645e-03 9.131280e-03 8.802761e+01 -1.317613e-03 9.999904e-01 -4.169819e-03 3.001723e+00 -9.136845e-03 4.157611e-03 9.999496e-01 -3.508197e+01
9.998746e-01 -9.421094e-04 -1.580542e-02 9.052918e+01 1.010075e-03 9.999903e-01 4.292737e-03 2.992022e+00 1.580122e-02 -4.308164e-03 9.998659e-01 -3.567197e+01
9.999583e-01 1.377155e-03 9.027678e-03 9.326048e+01 -1.339257e-03 9.999903e-01 -4.202686e-03 2.977326e+00 -9.033377e-03 4.190421e-03 9.999504e-01 -3.621726e+01
9.998972e-01 -1.059163e-03 -1.429792e-02 9.452953e+01 1.123777e-03 9.999892e-01 4.511824e-03 2.967922e+00 1.429299e-02 -4.527429e-03 9.998876e-01 -3.645493e+01
9.999614e-01 1.288595e-03 8.687183e-03 9.499818e+01 -1.251467e-03 9.999901e-01 -4.277939e-03 2.976293e+00 -8.692609e-03 4.266903e-03 9.999531e-01 -3.663798e+01
9.998972e-01 -1.252586e-03 -1.428134e-02 9.533491e+01 1.321631e-03 9.999875e-01 4.826241e-03 2.979184e+00 1.427511e-02 -4.844620e-03 9.998864e-01 -3.647057e+01
9.999609e-01 1.458990e-03 8.719400e-03 9.560907e+01 -1.421247e-03 9.999896e-01 -4.333224e-03 2.978868e+00 -8.725631e-03 4.320663e-03 9.999526e-01 -3.635483e+01
9.999020e-01 -1.238079e-03 -1.394223e-02 9.667776e+01 1.300831e-03 9.999891e-01 4.492677e-03 2.966000e+00 1.393652e-02 -4.510374e-03 9.998927e-01 -3.654645e+01
9.999587e-01 1.474129e-03 8.971323e-03 9.768484e+01 -1.435071e-03 9.999895e-01 -4.358591e-03 2.960257e+00 -8.977654e-03 4.345537e-03 9.999503e-01 -3.688842e+01
9.999071e-01 -1.278541e-03 -1.356987e-02 9.854791e+01 1.339047e-03 9.999892e-01 4.450692e-03 2.954730e+00 1.356403e-02 -4.468450e-03 9.998980e-01 -3.718870e+01
9.999592e-01 1.510124e-03 8.910137e-03 9.946784e+01 -1.471427e-03 9.999895e-01 -4.347952e-03 2.947818e+00 -8.916609e-03 4.334664e-03 9.999509e-01 -3.746863e+01
9.998992e-01 -1.205326e-03 -1.414418e-02 1.004494e+02 1.270684e-03 9.999886e-01 4.612790e-03 2.931537e+00 1.413846e-02 -4.630299e-03 9.998893e-01 -3.754509e+01
9.999585e-01 1.502999e-03 8.984125e-03 1.014786e+02 -1.463448e-03 9.999892e-01 -4.407308e-03 2.915903e+00 -8.990652e-03 4.393978e-03 9.999499e-01 -3.765157e+01
9.998999e-01 -1.237555e-03 -1.409559e-02 1.025603e+02 1.302518e-03 9.999886e-01 4.600521e-03 2.908519e+00 1.408973e-02 -4.618420e-03 9.998901e-01 -3.795079e+01
9.999523e-01 1.392038e-03 9.663797e-03 1.032871e+02 -1.347581e-03 9.999885e-01 -4.605250e-03 2.907811e+00 -9.670096e-03 4.592008e-03 9.999427e-01 -3.837683e+01
9.998998e-01 -1.353926e-03 -1.409200e-02 1.040477e+02 1.416701e-03 9.999891e-01 4.445624e-03 2.911910e+00 1.408583e-02 -4.465144e-03 9.998908e-01 -3.899344e+01
9.999578e-01 1.702101e-03 9.024077e-03 1.051394e+02 -1.662505e-03 9.999890e-01 -4.393420e-03 2.915427e+00 -9.031455e-03 4.378232e-03 9.999496e-01 -3.943337e+01
9.999043e-01 -1.549867e-03 -1.374459e-02 1.059399e+02 1.611324e-03 9.999887e-01 4.461431e-03 2.912740e+00 1.373752e-02 -4.483152e-03 9.998956e-01 -3.978095e+01
9.999577e-01 1.730392e-03 9.037557e-03 1.068542e+02 -1.689953e-03 9.999885e-01 -4.480225e-03 2.910162e+00 -9.045205e-03 4.464763e-03 9.999491e-01 -4.018001e+01
9.999006e-01 -1.505246e-03 -1.402119e-02 1.077898e+02 1.570119e-03 9.999881e-01 4.616973e-03 2.899988e+00 1.401408e-02 -4.638530e-03 9.998910e-01 -4.041159e+01
9.999556e-01 1.729149e-03 9.268499e-03 1.086705e+02 -1.687724e-03 9.999886e-01 -4.475353e-03 2.891344e+00 -9.276131e-03 4.459512e-03 9.999470e-01 -4.063828e+01
9.999023e-01 -1.572278e-03 -1.388779e-02 1.094873e+02 1.634583e-03 9.999886e-01 4.476126e-03 2.886413e+00 1.388060e-02 -4.498390e-03 9.998935e-01 -4.097459e+01
9.999564e-01 1.740433e-03 9.177602e-03 1.099338e+02 -1.700981e-03 9.999893e-01 -4.304783e-03 2.886272e+00 -9.184995e-03 4.288985e-03 9.999486e-01 -4.130181e+01
9.998515e-01 -1.939004e-03 -1.712214e-02 1.091785e+02 2.028033e-03 9.999845e-01 5.183823e-03 2.921168e+00 1.711182e-02 -5.217778e-03 9.998400e-01 -4.107275e+01
9.999521e-01 1.858622e-03 9.613807e-03 1.085447e+02 -1.816749e-03 9.999888e-01 -4.362302e-03 2.951026e+00 -9.621808e-03 4.344627e-03 9.999443e-01 -4.089776e+01
9.998921e-01 -1.820276e-03 -1.457345e-02 1.084175e+02 1.891596e-03 9.999863e-01 4.881615e-03 2.947993e+00 1.456437e-02 -4.908656e-03 9.998819e-01 -4.052542e+01
9.999451e-01 1.862622e-03 1.031588e-02 1.083620e+02 -1.817085e-03 9.999886e-01 -4.421874e-03 2.938598e+00 -1.032399e-02 4.402887e-03 9.999370e-01 -3.996158e+01
9.998890e-01 -1.768592e-03 -1.479713e-02 1.083476e+02 1.840548e-03 9.999865e-01 4.850670e-03 2.928024e+00 1.478835e-02 -4.877367e-03 9.998788e-01 -3.956412e+01
9.999461e-01 1.856638e-03 1.021994e-02 1.082790e+02 -1.812027e-03 9.999888e-01 -4.372564e-03 2.920943e+00 -1.022795e-02 4.353810e-03 9.999382e-01 -3.917637e+01
9.998785e-01 -1.819776e-03 -1.548429e-02 1.080688e+02 1.896432e-03 9.999860e-01 4.937345e-03 2.920629e+00 1.547509e-02 -4.966110e-03 9.998679e-01 -3.886050e+01
9.999636e-01 1.718024e-03 8.360877e-03 1.074606e+02 -1.683560e-03 9.999901e-01 -4.127386e-03 2.941029e+00 -8.367885e-03 4.113160e-03 9.999565e-01 -3.874501e+01
9.998927e-01 -1.898213e-03 -1.452727e-02 1.070056e+02 1.965171e-03 9.999875e-01 4.596294e-03 2.964731e+00 1.451836e-02 -4.624350e-03 9.998839e-01 -3.887206e+01
9.999575e-01 1.809431e-03 9.037335e-03 1.067061e+02 -1.772765e-03 9.999902e-01 -4.063517e-03 2.979683e+00 -9.044599e-03 4.047324e-03 9.999509e-01 -3.880915e+01
9.998789e-01 -1.946695e-03 -1.543782e-02 1.062406e+02 2.021323e-03 9.999863e-01 4.819987e-03 2.993341e+00 1.542822e-02 -4.850609e-03 9.998692e-01 -3.860111e+01
9.999627e-01 1.867764e-03 8.432223e-03 1.056671e+02 -1.833834e-03 9.999902e-01 -4.029783e-03 3.010434e+00 -8.439667e-03 4.014170e-03 9.999563e-01 -3.854567e+01
9.999068e-01 -1.847734e-03 -1.352351e-02 1.055524e+02 1.907615e-03 9.999884e-01 4.416398e-03 3.015772e+00 1.351519e-02 -4.441784e-03 9.998988e-01 -3.857267e+01
9.999515e-01 1.953220e-03 9.655755e-03 1.059836e+02 -1.909861e-03 9.999881e-01 -4.497626e-03 3.014350e+00 -9.664424e-03 4.478967e-03 9.999433e-01 -3.900475e+01
9.998972e-01 -1.931355e-03 -1.420590e-02 1.060232e+02 1.997398e-03 9.999873e-01 4.636353e-03 3.020218e+00 1.419677e-02 -4.664252e-03 9.998883e-01 -3.938504e+01
9.999630e-01 1.881197e-03 8.397534e-03 1.058508e+02 -1.844830e-03 9.999889e-01 -4.336268e-03 3.033649e+00 -8.405598e-03 4.320616e-03 9.999553e-01 -3.959536e+01
9.999177e-01 -1.809786e-03 -1.270077e-02 1.064801e+02 1.862819e-03 9.999896e-01 4.165016e-03 3.038771e+00 1.269310e-02 -4.188334e-03 9.999107e-01 -4.022463e+01
9.999629e-01 1.965664e-03 8.385020e-03 1.072349e+02 -1.929164e-03 9.999886e-01 -4.358793e-03 3.046882e+00 -8.393493e-03 4.342456e-03 9.999553e-01 -4.089212e+01
9.999155e-01 -1.815458e-03 -1.286982e-02 1.079609e+02 1.870275e-03 9.999892e-01 4.248579e-03 3.052671e+00 1.286197e-02 -4.272291e-03 9.999082e-01 -4.147866e+01
9.999658e-01 1.757116e-03 8.081089e-03 1.079965e+02 -1.722924e-03 9.999895e-01 -4.236134e-03 3.060713e+00 -8.088447e-03 4.222067e-03 9.999584e-01 -4.208566e+01
9.999128e-01 -1.831852e-03 -1.307982e-02 1.078886e+02 1.886930e-03 9.999894e-01 4.199831e-03 3.066584e+00 1.307199e-02 -4.224146e-03 9.999056e-01 -4.280408e+01
9.999521e-01 1.839859e-03 9.613282e-03 1.081484e+02 -1.796846e-03 9.999883e-01 -4.480978e-03 3.068725e+00 -9.621414e-03 4.463491e-03 9.999438e-01 -4.354788e+01
9.998989e-01 -1.758710e-03 -1.411245e-02 1.084420e+02 1.823069e-03 9.999880e-01 4.548925e-03 3.071147e+00 1.410428e-02 -4.574193e-03 9.998901e-01 -4.388583e+01
9.999522e-01 1.883366e-03 9.593241e-03 1.089597e+02 -1.839497e-03 9.999878e-01 -4.579686e-03 3.072636e+00 -9.601749e-03 4.561821e-03 9.999435e-01 -4.439263e+01
9.998654e-01 -1.749870e-03 -1.631486e-02 1.092833e+02 1.823608e-03 9.999882e-01 4.505899e-03 3.078717e+00 1.630678e-02 -4.535045e-03 9.998568e-01 -4.505462e+01
9.999225e-01 1.849456e-03 1.230949e-02 1.097935e+02 -1.787907e-03 9.999859e-01 -5.009221e-03 3.081612e+00 -1.231858e-02 4.986826e-03 9.999117e-01 -4.542586e+01
9.998475e-01 -1.614179e-03 -1.738923e-02 1.104063e+02 1.703519e-03 9.999854e-01 5.124094e-03 3.085710e+00 1.738070e-02 -5.152936e-03 9.998357e-01 -4.578100e+01
9.999209e-01 1.583335e-03 1.247787e-02 1.102525e+02 -1.520552e-03 9.999861e-01 -5.039432e-03 3.088946e+00 -1.248568e-02 5.020060e-03 9.999094e-01 -4.639050e+01
9.998233e-01 -1.569125e-03 -1.873331e-02 1.098906e+02 1.673212e-03 9.999832e-01 5.541904e-03 3.096803e+00 1.872430e-02 -5.572270e-03 9.998092e-01 -4.655277e+01
9.999016e-01 1.743360e-03 1.391614e-02 1.099816e+02 -1.671980e-03 9.999854e-01 -5.139201e-03 3.092851e+00 -1.392490e-02 5.115429e-03 9.998900e-01 -4.640028e+01
9.998209e-01 -1.728703e-03 -1.884696e-02 1.099642e+02 1.832102e-03 9.999834e-01 5.470390e-03 3.094232e+00 1.883718e-02 -5.503940e-03 9.998074e-01 -4.640040e+01
9.998978e-01 1.922794e-03 1.417011e-02 1.103261e+02 -1.849878e-03 9.999850e-01 -5.157094e-03 3.079726e+00 -1.417981e-02 5.130354e-03 9.998863e-01 -4.631958e+01
9.998231e-01 -1.702387e-03 -1.872969e-02 1.106457e+02 1.807737e-03 9.999826e-01 5.609265e-03 3.057511e+00 1.871982e-02 -5.642132e-03 9.998088e-01 -4.598504e+01
9.999048e-01 1.785344e-03 1.368047e-02 1.107210e+02 -1.716939e-03 9.999860e-01 -5.010290e-03 3.051337e+00 -1.368922e-02 4.986325e-03 9.998939e-01 -4.557767e+01
9.998278e-01 -1.533672e-03 -1.849196e-02 1.113142e+02 1.635413e-03 9.999836e-01 5.488053e-03 3.022960e+00 1.848324e-02 -5.517350e-03 9.998139e-01 -4.501570e+01
9.999362e-01 1.331968e-03 1.121696e-02 1.108438e+02 -1.284694e-03 9.999903e-01 -4.220645e-03 3.061431e+00 -1.122247e-02 4.205966e-03 9.999282e-01 -4.325142e+01
9.998302e-01 -1.533500e-03 -1.836189e-02 1.105182e+02 1.628855e-03 9.999853e-01 5.179274e-03 3.106479e+00 1.835368e-02 -5.208304e-03 9.998180e-01 -4.152018e+01
9.999204e-01 1.882978e-03 1.247799e-02 1.115312e+02 -1.826900e-03 9.999882e-01 -4.503995e-03 3.077132e+00 -1.248632e-02 4.480841e-03 9.999120e-01 -4.076052e+01
9.998297e-01 -1.803164e-03 -1.836860e-02 1.119107e+02 1.902377e-03 9.999837e-01 5.385231e-03 3.068235e+00 1.835859e-02 -5.419259e-03 9.998168e-01 -3.982922e+01
9.999285e-01 1.655014e-03 1.183915e-02 1.113634e+02 -1.603098e-03 9.999891e-01 -4.393223e-03 3.101078e+00 -1.184630e-02 4.373931e-03 9.999203e-01 -3.861483e+01
9.998508e-01 -1.740739e-03 -1.718826e-02 1.112713e+02 1.829540e-03 9.999851e-01 5.151997e-03 3.107399e+00 1.717904e-02 -5.182676e-03 9.998390e-01 -3.763508e+01
9.999141e-01 1.685945e-03 1.299862e-02 1.114398e+02 -1.626947e-03 9.999883e-01 -4.547959e-03 3.089157e+00 -1.300614e-02 4.526421e-03 9.999052e-01 -3.657492e+01
9.998221e-01 -1.881912e-03 -1.876847e-02 1.111948e+02 1.985088e-03 9.999830e-01 5.480233e-03 3.108224e+00 1.875784e-02 -5.516516e-03 9.998088e-01 -3.535416e+01
9.999064e-01 1.982736e-03 1.354095e-02 1.115995e+02 -1.917682e-03 9.999866e-01 -4.815502e-03 3.093697e+00 -1.355032e-02 4.789085e-03 9.998967e-01 -3.431986e+01
9.998279e-01 -1.606831e-03 -1.848308e-02 1.127543e+02 1.703035e-03 9.999851e-01 5.190417e-03 3.044146e+00 1.847447e-02 -5.221002e-03 9.998157e-01 -3.368626e+01
9.999076e-01 1.676093e-03 1.348698e-02 1.129096e+02 -1.615361e-03 9.999885e-01 -4.512618e-03 3.035579e+00 -1.349439e-02 4.490416e-03 9.998989e-01 -3.291374e+01
9.998283e-01 -1.575446e-03 -1.846353e-02 1.131837e+02 1.670592e-03 9.999854e-01 5.138921e-03 3.026319e+00 1.845516e-02 -5.168884e-03 9.998163e-01 -3.197853e+01
9.999162e-01 1.837323e-03 1.281760e-02 1.141122e+02 -1.777207e-03 9.999874e-01 -4.699893e-03 3.014011e+00 -1.282608e-02 4.676720e-03 9.999068e-01 -3.135283e+01
9.998177e-01 -1.301639e-03 -1.904664e-02 1.159762e+02 1.399713e-03 9.999858e-01 5.136743e-03 2.979033e+00 1.903969e-02 -5.162467e-03 9.998054e-01 -3.098477e+01
9.998941e-01 1.322134e-03 1.449289e-02 1.163287e+02 -1.258221e-03 9.999894e-01 -4.418173e-03 2.956811e+00 -1.449858e-02 4.399470e-03 9.998852e-01 -2.996409e+01
9.997871e-01 -1.426002e-03 -2.058261e-02 1.161940e+02 1.536072e-03 9.999846e-01 5.332889e-03 2.969279e+00 2.057469e-02 -5.363371e-03 9.997739e-01 -2.917615e+01
9.998707e-01 1.553371e-03 1.600782e-02 1.167842e+02 -1.476809e-03 9.999874e-01 -4.793490e-03 2.945334e+00 -1.601506e-02 4.769230e-03 9.998604e-01 -2.826430e+01
9.997876e-01 -1.373635e-03 -2.056566e-02 1.173985e+02 1.483629e-03 9.999847e-01 5.334131e-03 2.915867e+00 2.055802e-02 -5.363510e-03 9.997743e-01 -2.723758e+01
9.998707e-01 1.466089e-03 1.601574e-02 1.178448e+02 -1.390076e-03 9.999877e-01 -4.756232e-03 2.892969e+00 -1.602252e-02 4.733354e-03 9.998604e-01 -2.625118e+01
9.997753e-01 -1.461826e-03 -2.114553e-02 1.181701e+02 1.577919e-03 9.999838e-01 5.474541e-03 2.882194e+00 2.113718e-02 -5.506677e-03 9.997614e-01 -2.499700e+01
9.998834e-01 1.397636e-03 1.520768e-02 1.182214e+02 -1.328428e-03 9.999887e-01 -4.559993e-03 2.890169e+00 -1.521389e-02 4.539260e-03 9.998740e-01 -2.369306e+01
9.997104e-01 -1.587705e-03 -2.401197e-02 1.173978e+02 1.726764e-03 9.999819e-01 5.771631e-03 2.948100e+00 2.400237e-02 -5.811423e-03 9.996950e-01 -2.267146e+01
9.998627e-01 2.304068e-03 1.640876e-02 1.200351e+02 -2.220487e-03 9.999845e-01 -5.110078e-03 2.857500e+00 -1.642028e-02 5.072942e-03 9.998523e-01 -2.138379e+01
9.997517e-01 -1.492890e-03 -2.223199e-02 1.231842e+02 1.618657e-03 9.999828e-01 5.640091e-03 2.747590e+00 2.222319e-02 -5.674677e-03 9.997369e-01 -1.985547e+01
9.998601e-01 1.363918e-03 1.667142e-02 1.231453e+02 -1.286004e-03 9.999882e-01 -4.683359e-03 2.740985e+00 -1.667761e-02 4.661265e-03 9.998501e-01 -1.819588e+01
9.996016e-01 -1.296374e-03 -2.819635e-02 1.218055e+02 1.469592e-03 9.999802e-01 6.123438e-03 2.832356e+00 2.818786e-02 -6.162436e-03 9.995836e-01 -1.709240e+01
9.996508e-01 1.528798e-03 2.637905e-02 1.225935e+02 -1.346909e-03 9.999752e-01 -6.911570e-03 2.830830e+00 -2.638896e-02 6.873628e-03 9.996281e-01 -1.751425e+01
9.994235e-01 -8.802136e-04 -3.393990e-02 1.246136e+02 1.118082e-03 9.999749e-01 6.990186e-03 2.790386e+00 3.393290e-02 -7.024104e-03 9.993994e-01 -1.736642e+01
9.996737e-01 1.890172e-03 2.547311e-02 1.276881e+02 -1.719696e-03 9.999760e-01 -6.712616e-03 2.749235e+00 -2.548518e-02 6.666620e-03 9.996530e-01 -1.728801e+01
9.994104e-01 -1.100760e-03 -3.431767e-02 1.312919e+02 1.347048e-03 9.999735e-01 7.154429e-03 2.657005e+00 3.430888e-02 -7.196438e-03 9.993854e-01 -1.596957e+01
9.997191e-01 2.343600e-03 2.358588e-02 1.360800e+02 -2.197134e-03 9.999782e-01 -6.233873e-03 2.527820e+00 -2.359998e-02 6.180301e-03 9.997024e-01 -1.420744e+01
9.994884e-01 -1.333593e-03 -3.195598e-02 1.411604e+02 1.514549e-03 9.999830e-01 5.639138e-03 2.465513e+00 3.194791e-02 -5.684652e-03 9.994734e-01 -1.395697e+01
9.996768e-01 1.809204e-03 2.535623e-02 1.432027e+02 -1.688839e-03 9.999872e-01 -4.767559e-03 2.450297e+00 -2.536453e-02 4.723196e-03 9.996671e-01 -1.381534e+01
9.991607e-01 -2.623772e-03 -4.087853e-02 1.406606e+02 2.912177e-03 9.999713e-01 6.997216e-03 2.646390e+00 4.085900e-02 -7.110389e-03 9.991396e-01 -1.106643e+01
9.997437e-01 2.376749e-03 2.251217e-02 1.376383e+02 -2.270373e-03 9.999861e-01 -4.749589e-03 2.871905e+00 -2.252315e-02 4.697262e-03 9.997353e-01 -8.297425e+00
9.992251e-01 -2.825696e-03 -3.925811e-02 1.349045e+02 3.096127e-03 9.999719e-01 6.829470e-03 3.061591e+00 3.923771e-02 -6.945726e-03 9.992058e-01 -6.151091e+00
9.996899e-01 2.517866e-03 2.477433e-02 1.326904e+02 -2.394325e-03 9.999846e-01 -5.015009e-03 3.210334e+00 -2.478658e-02 4.954136e-03 9.996805e-01 -4.532224e+00
9.992210e-01 -2.895099e-03 -3.935832e-02 1.303934e+02 3.166429e-03 9.999716e-01 6.833288e-03 3.380400e+00 3.933742e-02 -6.952591e-03 9.992018e-01 -2.317279e+00
9.997866e-01 2.222079e-03 2.053762e-02 1.271875e+02 -2.131676e-03 9.999879e-01 -4.422621e-03 3.627842e+00 -2.054720e-02 4.377898e-03 9.997793e-01 8.478262e-01
9.990447e-01 -3.137254e-03 -4.358686e-02 1.229477e+02 3.465483e-03 9.999662e-01 7.456957e-03 3.943838e+00 4.356199e-02 -7.600883e-03 9.990218e-01 4.651496e+00
9.996780e-01 2.881227e-03 2.521210e-02 1.198078e+02 -2.749923e-03 9.999825e-01 -5.241081e-03 4.188882e+00 -2.522676e-02 5.170063e-03 9.996684e-01 7.853170e+00
9.992530e-01 -2.896016e-03 -3.853549e-02 1.183523e+02 3.159811e-03 9.999720e-01 6.786365e-03 4.347507e+00 3.851476e-02 -6.903061e-03 9.992342e-01 9.707185e+00
9.997369e-01 2.829967e-03 2.276281e-02 1.164705e+02 -2.721979e-03 9.999849e-01 -4.773645e-03 4.562362e+00 -2.277598e-02 4.710429e-03 9.997295e-01 1.205207e+01
9.991956e-01 -3.132726e-03 -3.998039e-02 1.138355e+02 3.416963e-03 9.999694e-01 7.043072e-03 4.798333e+00 3.995710e-02 -7.174018e-03 9.991756e-01 1.498611e+01
9.997604e-01 2.578025e-03 2.173755e-02 1.107857e+02 -2.474770e-03 9.999855e-01 -4.775612e-03 5.028929e+00 -2.174955e-02 4.720673e-03 9.997523e-01 1.791099e+01
9.992916e-01 -3.043994e-03 -3.751011e-02 1.082498e+02 3.300863e-03 9.999715e-01 6.787984e-03 5.216204e+00 3.748838e-02 -6.906992e-03 9.992732e-01 2.025514e+01
9.996365e-01 3.155197e-03 2.677535e-02 1.069965e+02 -3.008564e-03 9.999803e-01 -5.514932e-03 5.317419e+00 -2.679223e-02 5.432372e-03 9.996263e-01 2.182911e+01
9.993717e-01 -3.056717e-03 -3.531139e-02 1.064400e+02 3.288984e-03 9.999733e-01 6.521474e-03 5.390163e+00 3.529052e-02 -6.633516e-03 9.993551e-01 2.306000e+01
9.996670e-01 3.347628e-03 2.558738e-02 1.062374e+02 -3.203143e-03 9.999787e-01 -5.685618e-03 5.495784e+00 -2.560587e-02 5.601765e-03 9.996564e-01 2.426702e+01
9.993686e-01 -3.305936e-03 -3.537496e-02 1.055393e+02 3.556673e-03 9.999690e-01 7.027422e-03 5.597973e+00 3.535063e-02 -7.148803e-03 9.993494e-01 2.590874e+01
9.996006e-01 3.361286e-03 2.806061e-02 1.048513e+02 -3.189549e-03 9.999759e-01 -6.162721e-03 5.645398e+00 -2.808065e-02 6.070759e-03 9.995872e-01 2.710267e+01
9.993444e-01 -3.413022e-03 -3.604258e-02 1.040510e+02 3.670218e-03 9.999683e-01 7.072155e-03 5.700939e+00 3.601730e-02 -7.199803e-03 9.993252e-01 2.825833e+01
9.995144e-01 4.072922e-03 3.089204e-02 1.060939e+02 -3.841354e-03 9.999641e-01 -7.551653e-03 5.683217e+00 -3.092169e-02 7.429320e-03 9.994942e-01 2.807990e+01
9.993366e-01 -3.251665e-03 -3.627396e-02 1.091502e+02 3.518244e-03 9.999673e-01 7.287634e-03 5.667934e+00 3.624908e-02 -7.410420e-03 9.993153e-01 2.752057e+01
9.995683e-01 3.983424e-03 2.910914e-02 1.112495e+02 -3.781720e-03 9.999685e-01 -6.980970e-03 5.639838e+00 -2.913603e-02 6.867874e-03 9.995519e-01 2.803773e+01
9.993817e-01 -3.515594e-03 -3.498360e-02 1.134205e+02 3.766520e-03 9.999676e-01 7.109371e-03 5.598359e+00 3.495747e-02 -7.236742e-03 9.993626e-01 2.847725e+01
9.995783e-01 4.416463e-03 2.869901e-02 1.153691e+02 -4.227237e-03 9.999689e-01 -6.650778e-03 5.607180e+00 -2.872749e-02 6.526657e-03 9.995660e-01 2.871326e+01
9.994076e-01 -3.898939e-03 -3.419481e-02 1.176414e+02 4.131061e-03 9.999689e-01 6.720219e-03 5.595901e+00 3.416755e-02 -6.857500e-03 9.993926e-01 2.848557e+01
9.995763e-01 4.166824e-03 2.880634e-02 1.182591e+02 -3.983231e-03 9.999714e-01 -6.427775e-03 5.622518e+00 -2.883230e-02 6.310309e-03 9.995643e-01 2.871973e+01
9.994409e-01 -3.792726e-03 -3.321966e-02 1.187303e+02 4.014145e-03 9.999702e-01 6.601167e-03 5.599093e+00 3.319363e-02 -6.730826e-03 9.994263e-01 2.892648e+01
9.995798e-01 4.187662e-03 2.868138e-02 1.190499e+02 -4.010145e-03 9.999725e-01 -6.243996e-03 5.573771e+00 -2.870674e-02 6.126356e-03 9.995691e-01 2.936727e+01
9.994477e-01 -3.813122e-03 -3.301001e-02 1.194423e+02 4.031373e-03 9.999704e-01 6.547646e-03 5.545077e+00 3.298407e-02 -6.677106e-03 9.994336e-01 2.992619e+01
9.996008e-01 4.299653e-03 2.792572e-02 1.205962e+02 -4.123753e-03 9.999713e-01 -6.353365e-03 5.509697e+00 -2.795223e-02 6.235671e-03 9.995898e-01 3.040458e+01
9.993398e-01 -4.696958e-03 -3.602511e-02 1.196251e+02 4.972472e-03 9.999590e-01 7.562069e-03 5.575993e+00 3.598812e-02 -7.736212e-03 9.993223e-01 3.203259e+01
9.996375e-01 4.726093e-03 2.650609e-02 1.185030e+02 -4.561382e-03 9.999699e-01 -6.271103e-03 5.662971e+00 -2.653493e-02 6.147926e-03 9.996290e-01 3.377305e+01
9.994531e-01 -4.086848e-03 -3.281497e-02 1.205736e+02 4.296506e-03 9.999708e-01 6.321148e-03 5.651741e+00 3.278817e-02 -6.458681e-03 9.994415e-01 3.373457e+01
9.996188e-01 4.595612e-03 2.722395e-02 1.217330e+02 -4.438983e-03 9.999733e-01 -5.810990e-03 5.646471e+00 -2.724993e-02 5.687929e-03 9.996125e-01 3.391299e+01
9.994734e-01 -4.236778e-03 -3.217039e-02 1.225073e+02 4.432694e-03 9.999720e-01 6.021095e-03 5.615146e+00 3.214398e-02 -6.160527e-03 9.994643e-01 3.428958e+01
9.996093e-01 4.734186e-03 2.754591e-02 1.232733e+02 -4.578230e-03 9.999731e-01 -5.721970e-03 5.586272e+00 -2.757226e-02 5.593623e-03 9.996042e-01 3.457195e+01
9.994607e-01 -4.212147e-03 -3.256535e-02 1.239537e+02 4.414523e-03 9.999714e-01 6.145069e-03 5.555675e+00 3.253854e-02 -6.285516e-03 9.994507e-01 3.509527e+01
9.995931e-01 4.561324e-03 2.815829e-02 1.245341e+02 -4.397782e-03 9.999731e-01 -5.867135e-03 5.524589e+00 -2.818429e-02 5.740914e-03 9.995863e-01 3.577743e+01
9.994387e-01 -4.081727e-03 -3.325166e-02 1.257625e+02 4.277528e-03 9.999739e-01 5.819451e-03 5.487917e+00 3.322704e-02 -5.958420e-03 9.994301e-01 3.608750e+01
9.996014e-01 4.598891e-03 2.785522e-02 1.269694e+02 -4.447120e-03 9.999749e-01 -5.508064e-03 5.453951e+00 -2.787985e-02 5.381993e-03 9.995968e-01 3.640592e+01
9.994362e-01 -4.115422e-03 -3.332192e-02 1.280543e+02 4.309057e-03 9.999742e-01 5.741327e-03 5.423000e+00 3.329744e-02 -5.881676e-03 9.994282e-01 3.686343e+01
9.995955e-01 4.611352e-03 2.806438e-02 1.290412e+02 -4.462480e-03 9.999757e-01 -5.364964e-03 5.392387e+00 -2.808843e-02 5.237557e-03 9.995917e-01 3.731312e+01
9.994488e-01 -4.374891e-03 -3.290722e-02 1.294408e+02 4.567154e-03 9.999729e-01 5.769702e-03 5.373515e+00 3.288109e-02 -5.916815e-03 9.994418e-01 3.790755e+01
9.995925e-01 4.638586e-03 2.816436e-02 1.299208e+02 -4.485953e-03 9.999749e-01 -5.480127e-03 5.357531e+00 -2.818907e-02 5.351550e-03 9.995883e-01 3.813069e+01
9.994557e-01 -4.320635e-03 -3.270445e-02 1.308899e+02 4.496020e-03 9.999759e-01 5.291111e-03 5.355522e+00 3.268080e-02 -5.435271e-03 9.994511e-01 3.770644e+01
9.996031e-01 4.728722e-03 2.777350e-02 1.318723e+02 -4.584217e-03 9.999756e-01 -5.264342e-03 5.334958e+00 -2.779772e-02 5.134933e-03 9.996004e-01 3.766375e+01
9.994543e-01 -4.313831e-03 -3.274883e-02 1.325849e+02 4.493481e-03 9.999752e-01 5.414099e-03 5.308705e+00 3.272466e-02 -5.558301e-03 9.994489e-01 3.785499e+01
9.996004e-01 4.727733e-03 2.786898e-02 1.330854e+02 -4.589143e-03 9.999768e-01 -5.034743e-03 5.282645e+00 -2.789214e-02 4.904836e-03 9.995989e-01 3.830457e+01
9.994556e-01 -4.658744e-03 -3.266055e-02 1.331815e+02 4.843322e-03 9.999727e-01 5.574575e-03 5.274202e+00 3.263369e-02 -5.729726e-03 9.994510e-01 3.914596e+01
9.996302e-01 4.614391e-03 2.679775e-02 1.328810e+02 -4.486693e-03 9.999783e-01 -4.823400e-03 5.289359e+00 -2.681943e-02 4.701383e-03 9.996292e-01 4.006253e+01
9.994572e-01 -4.669456e-03 -3.261125e-02 1.325758e+02 4.852934e-03 9.999728e-01 5.549336e-03 5.304443e+00 3.258445e-02 -5.704585e-03 9.994527e-01 4.106778e+01
9.996260e-01 4.605908e-03 2.695526e-02 1.321854e+02 -4.477885e-03 9.999784e-01 -4.807861e-03 5.323219e+00 -2.697682e-02 4.685361e-03 9.996251e-01 4.222321e+01
9.995043e-01 -4.517145e-03 -3.115577e-02 1.324254e+02 4.683529e-03 9.999751e-01 5.269522e-03 5.305297e+00 3.113120e-02 -5.412830e-03 9.995007e-01 4.327276e+01
9.996427e-01 4.849511e-03 2.628512e-02 1.330594e+02 -4.723620e-03 9.999771e-01 -4.849397e-03 5.275187e+00 -2.630804e-02 4.723504e-03 9.996427e-01 4.406193e+01
9.995231e-01 -4.859762e-03 -3.049459e-02 1.348889e+02 4.945583e-03 9.999840e-01 2.739545e-03 5.313898e+00 3.048078e-02 -2.889053e-03 9.995312e-01 4.244207e+01
9.995704e-01 5.087083e-03 2.886249e-02 1.370946e+02 -4.931286e-03 9.999729e-01 -5.466487e-03 5.386090e+00 -2.888951e-02 5.321810e-03 9.995684e-01 3.940719e+01
9.993579e-01 -4.208324e-03 -3.558208e-02 1.396211e+02 4.362462e-03 9.999814e-01 4.255375e-03 5.432722e+00 3.556351e-02 -4.407869e-03 9.993577e-01 3.766906e+01
9.996919e-01 4.630017e-03 2.438780e-02 1.416616e+02 -4.507506e-03 9.999770e-01 -5.076005e-03 5.500390e+00 -2.441074e-02 4.964513e-03 9.996897e-01 3.623096e+01
