9.999854e-01 -2.849722e-04 -5.391316e-03 6.674150e-01 2.905915e-04 9.999994e-01 1.041529e-03 5.337625e-03 5.391016e-03 -1.043082e-03 9.999849e-01 5.848680e-01
9.999969e-01 -2.424839e-04 2.475298e-03 2.459300e+00 2.438500e-04 9.999998e-01 -5.515590e-04 1.774297e-02 -2.475164e-03 5.521616e-04 9.999968e-01 4.300443e-01
9.999791e-01 6.355340e-05 -6.458548e-03 3.027026e+00 -5.633762e-05 9.999994e-01 1.117424e-03 1.864633e-02 6.458615e-03 -1.117037e-03 9.999785e-01 1.244786e+00
9.999990e-01 1.057528e-04 1.440214e-03 2.706244e+00 -1.046148e-04 9.999997e-01 -7.901964e-04 2.758207e-02 -1.440297e-03 7.900456e-04 9.999987e-01 1.536211e+00
9.999683e-01 1.380709e-04 -7.965178e-03 2.108173e+00 -1.295482e-04 9.999994e-01 1.070498e-03 4.634519e-02 7.965321e-03 -1.069433e-03 9.999677e-01 1.580445e+00
9.999861e-01 1.656321e-04 5.264806e-03 2.101205e+00 -1.614017e-04 9.999997e-01 -8.039353e-04 2.934783e-02 -5.264937e-03 8.030751e-04 9.999858e-01 2.468655e+00
9.999714e-01 4.636919e-05 -7.560686e-03 2.003892e+00 -3.982489e-05 9.999996e-01 8.657221e-04 1.379706e-02 7.560723e-03 -8.653969e-04 9.999710e-01 3.716322e+00
9.999930e-01 1.603160e-04 3.742169e-03 2.025848e+00 -1.586667e-04 9.999999e-01 -4.410186e-04 -2.526032e-03 -3.742239e-03 4.404224e-04 9.999929e-01 4.591157e+00
9.999613e-01 3.676411e-05 -8.800594e-03 1.701659e+00 -2.981621e-05 9.999997e-01 7.896144e-04 6.258077e-03 8.800620e-03 -7.893221e-04 9.999610e-01 5.485926e+00
9.999972e-01 1.209429e-04 2.380973e-03 1.088704e+00 -1.199692e-04 9.999999e-01 -4.090982e-04 3.405802e-02 -2.381022e-03 4.088121e-04 9.999971e-01 6.838985e+00
9.999732e-01 1.156590e-05 -7.326794e-03 8.632916e-01 -3.808509e-06 9.999994e-01 1.058788e-03 4.113411e-02 7.326802e-03 -1.058733e-03 9.999726e-01 8.358639e+00
9.999987e-01 2.288579e-05 1.605041e-03 7.922692e-01 -2.240835e-05 1.000000e+00 -2.974534e-04 4.777668e-02 -1.605048e-03 2.974178e-04 9.999987e-01 9.380127e+00
9.999628e-01 -2.848028e-05 -8.630182e-03 7.878958e-01 3.793554e-05 9.999994e-01 1.095447e-03 5.808324e-02 8.630146e-03 -1.095734e-03 9.999622e-01 1.018577e+01
9.999981e-01 -5.601747e-05 1.965456e-03 8.579491e-01 5.670974e-05 9.999999e-01 -3.521397e-04 7.022769e-02 -1.965436e-03 3.522512e-04 9.999980e-01 1.097547e+01
9.999760e-01 1.519757e-04 -6.932178e-03 1.034020e+00 -1.442298e-04 9.999994e-01 1.117870e-03 6.275575e-02 6.932343e-03 -1.116844e-03 9.999753e-01 1.198275e+01
9.999949e-01 5.423679e-05 3.180661e-03 6.511827e-01 -5.142553e-05 9.999996e-01 -8.839204e-04 6.503266e-02 -3.180707e-03 8.837531e-04 9.999946e-01 1.386031e+01
9.999842e-01 1.465012e-04 -5.622401e-03 2.417803e-01 -1.414973e-04 9.999996e-01 8.903905e-04 6.591513e-02 5.622528e-03 -8.895815e-04 9.999838e-01 1.590649e+01
9.999933e-01 3.073526e-05 3.671289e-03 3.859640e-02 -2.747583e-05 9.999996e-01 -8.878485e-04 5.598595e-02 -3.671315e-03 8.877424e-04 9.999929e-01 1.743323e+01
9.999838e-01 2.478202e-04 -5.689523e-03 -3.759959e-02 -2.424639e-04 9.999995e-01 9.421071e-04 3.833063e-02 5.689753e-03 -9.407130e-04 9.999834e-01 1.882220e+01
9.999954e-01 1.558553e-05 3.022676e-03 -2.080090e-01 -1.309389e-05 9.999997e-01 -8.243146e-04 2.880515e-02 -3.022688e-03 8.242719e-04 9.999951e-01 2.024727e+01
9.999815e-01 2.979219e-04 -6.068774e-03 -1.396837e-01 -2.905277e-04 9.999992e-01 1.219254e-03 7.318830e-03 6.069132e-03 -1.217469e-03 9.999808e-01 2.186811e+01
9.999976e-01 -7.255260e-05 2.197682e-03 -2.461259e-01 7.403967e-05 9.999998e-01 -6.765571e-04 2.146043e-03 -2.197632e-03 6.767189e-04 9.999974e-01 2.377102e+01
9.999770e-01 1.912790e-04 -6.783142e-03 -1.424624e-02 -1.808869e-04 9.999988e-01 1.532638e-03 -6.251126e-03 6.783427e-03 -1.531376e-03 9.999758e-01 2.593046e+01
9.999971e-01 2.017376e-05 2.426875e-03 -1.952222e-01 -1.758844e-05 9.999994e-01 -1.065279e-03 -6.520771e-04 -2.426895e-03 1.065233e-03 9.999965e-01 2.799865e+01
9.999867e-01 3.443424e-04 -5.146110e-03 -1.858047e-01 -3.369239e-04 9.999989e-01 1.442395e-03 -2.695828e-02 5.146601e-03 -1.440642e-03 9.999857e-01 3.022318e+01
9.999983e-01 -7.591347e-05 1.824686e-03 1.435651e-01 7.719038e-05 9.999998e-01 -6.997051e-04 -5.557566e-02 -1.824632e-03 6.998455e-04 9.999981e-01 3.237184e+01
9.999829e-01 3.237096e-04 -5.834480e-03 -3.732900e-02 -3.161339e-04 9.999991e-01 1.299315e-03 -5.553227e-02 5.834895e-03 -1.297449e-03 9.999821e-01 3.439678e+01
9.999944e-01 -4.446562e-05 3.341079e-03 4.408516e-01 4.663008e-05 9.999998e-01 -6.477382e-04 -9.123918e-02 -3.341050e-03 6.478911e-04 9.999942e-01 3.605856e+01
9.999860e-01 4.861509e-04 -5.266534e-03 6.690655e-01 -4.808989e-04 9.999994e-01 9.984791e-04 -1.245309e-01 5.267016e-03 -9.959332e-04 9.999856e-01 3.807388e+01
9.999959e-01 -1.670431e-04 2.868261e-03 6.673249e-01 1.688277e-04 9.999998e-01 -6.219511e-04 -1.486958e-01 -2.868156e-03 6.224335e-04 9.999957e-01 3.996102e+01
9.999773e-01 3.637913e-04 -6.734678e-03 3.870379e-01 -3.576715e-04 9.999995e-01 9.098828e-04 -1.478538e-01 6.735006e-03 -9.074541e-04 9.999769e-01 4.127752e+01
9.999937e-01 -6.147445e-05 3.546185e-03 3.022057e-01 6.354570e-05 9.999998e-01 -5.839492e-04 -1.608561e-01 -3.546148e-03 5.841716e-04 9.999935e-01 4.276976e+01
9.999719e-01 2.461980e-04 -7.496782e-03 2.803970e-01 -2.380492e-04 9.999994e-01 1.087853e-03 -1.676612e-01 7.497045e-03 -1.086038e-03 9.999713e-01 4.401713e+01
9.999948e-01 -1.085884e-05 3.219673e-03 1.122598e-01 1.311786e-05 9.999998e-01 -7.015899e-04 -1.697712e-01 -3.219664e-03 7.016292e-04 9.999946e-01 4.512157e+01
9.999689e-01 1.921848e-04 -7.878286e-03 -9.697284e-02 -1.836539e-04 9.999994e-01 1.083555e-03 -1.681794e-01 7.878489e-03 -1.082075e-03 9.999684e-01 4.586086e+01
9.999947e-01 -1.688151e-05 3.244390e-03 -1.776103e-01 1.892769e-05 9.999998e-01 -6.306302e-04 -1.706548e-01 -3.244379e-03 6.306890e-04 9.999945e-01 4.639026e+01
9.999661e-01 1.505841e-04 -8.229537e-03 -2.134595e-01 -1.406411e-04 9.999993e-01 1.208786e-03 -1.728619e-01 8.229713e-03 -1.207589e-03 9.999654e-01 4.704980e+01
9.999949e-01 3.639697e-05 3.207966e-03 -4.568008e-01 -3.413068e-05 9.999997e-01 -7.064842e-04 -1.647166e-01 -3.207991e-03 7.063718e-04 9.999946e-01 4.801381e+01
9.999576e-01 9.190571e-05 -9.205741e-03 -7.499030e-01 -8.012284e-05 9.999992e-01 1.280317e-03 -1.496051e-01 9.205851e-03 -1.279526e-03 9.999568e-01 4.865470e+01
9.999965e-01 1.239410e-04 2.627547e-03 -1.310394e+00 -1.214406e-04 9.999995e-01 -9.517273e-04 -1.325751e-01 -2.627664e-03 9.514057e-04 9.999961e-01 4.876268e+01
9.999615e-01 1.065046e-04 -8.769631e-03 -1.799808e+00 -9.516567e-05 9.999992e-01 1.293396e-03 -1.192463e-01 8.769761e-03 -1.292512e-03 9.999607e-01 4.893219e+01
9.999978e-01 1.588712e-04 2.068310e-03 -2.379281e+00 -1.568339e-04 9.999995e-01 -9.851193e-04 -1.048274e-01 -2.068466e-03 9.847935e-04 9.999974e-01 4.887768e+01
9.999816e-01 3.818762e-06 -6.062259e-03 -2.281600e+00 5.369167e-06 9.999989e-01 1.515592e-03 -1.175349e-01 6.062258e-03 -1.515597e-03 9.999805e-01 4.919344e+01
9.999972e-01 1.048660e-04 2.369919e-03 -1.881294e+00 -1.029456e-04 9.999997e-01 -8.104235e-04 -1.405973e-01 -2.370003e-03 8.101780e-04 9.999969e-01 4.961871e+01
9.999827e-01 -3.460775e-05 -5.886035e-03 -1.552555e+00 4.243044e-05 9.999991e-01 1.328920e-03 -1.549221e-01 5.885984e-03 -1.329148e-03 9.999818e-01 4.978508e+01
9.999981e-01 2.704773e-04 1.948402e-03 -1.601678e+00 -2.685239e-04 9.999995e-01 -1.002712e-03 -1.637703e-01 -1.948672e-03 1.002188e-03 9.999976e-01 4.992461e+01
9.999818e-01 6.591629e-06 -6.037730e-03 -1.733516e+00 1.408874e-06 9.999991e-01 1.325094e-03 -1.699649e-01 6.037733e-03 -1.325079e-03 9.999809e-01 5.064084e+01
9.999978e-01 1.448867e-04 2.094046e-03 -1.849256e+00 -1.430001e-04 9.999996e-01 -9.010453e-04 -1.755490e-01 -2.094175e-03 9.007446e-04 9.999974e-01 5.125714e+01
9.999891e-01 1.144458e-04 -4.663288e-03 -1.881935e+00 -1.092291e-04 9.999994e-01 1.118936e-03 -1.910114e-01 4.663413e-03 -1.118415e-03 9.999885e-01 5.206681e+01
9.999984e-01 1.401198e-04 1.791182e-03 -1.778300e+00 -1.388372e-04 9.999997e-01 -7.160716e-04 -2.149287e-01 -1.791282e-03 7.158225e-04 9.999981e-01 5.280669e+01
9.999855e-01 5.447320e-05 -5.387574e-03 -1.716539e+00 -4.812696e-05 9.999993e-01 1.178081e-03 -2.299051e-01 5.387634e-03 -1.177805e-03 9.999848e-01 5.313774e+01
9.999938e-01 2.941682e-04 3.507687e-03 -1.737513e+00 -2.904949e-04 9.999994e-01 -1.047646e-03 -2.524414e-01 -3.507992e-03 1.046621e-03 9.999933e-01 5.441382e+01
9.999914e-01 2.136505e-05 -4.154101e-03 -1.830455e+00 -1.767963e-05 9.999996e-01 8.872346e-04 -2.779136e-01 4.154118e-03 -8.871542e-04 9.999910e-01 5.626499e+01
9.999984e-01 2.079195e-04 1.781919e-03 -1.832198e+00 -2.067043e-04 9.999997e-01 -6.820574e-04 -2.982954e-01 -1.782060e-03 6.816887e-04 9.999982e-01 5.715498e+01
9.999887e-01 1.790906e-05 -4.745669e-03 -1.761170e+00 -1.353310e-05 9.999996e-01 9.221480e-04 -3.115763e-01 4.745683e-03 -9.220741e-04 9.999883e-01 5.718133e+01
9.999979e-01 4.212158e-05 2.029261e-03 -1.297339e+00 -4.138014e-05 9.999999e-01 -3.653675e-04 -3.295632e-01 -2.029276e-03 3.652835e-04 9.999979e-01 5.727405e+01
9.999910e-01 -2.754557e-05 -4.248359e-03 -7.888187e-01 3.054360e-05 9.999998e-01 7.056508e-04 -3.461524e-01 4.248338e-03 -7.057749e-04 9.999907e-01 5.721725e+01
9.999994e-01 2.240290e-04 1.064199e-03 -7.153915e-01 -2.237024e-04 9.999999e-01 -3.069680e-04 -3.646586e-01 -1.064267e-03 3.067305e-04 9.999994e-01 5.779875e+01
9.999879e-01 -1.926640e-04 -4.912581e-03 -5.483431e-01 1.967395e-04 9.999996e-01 8.291433e-04 -3.761155e-01 4.912419e-03 -8.301005e-04 9.999876e-01 5.793070e+01
9.999995e-01 -2.780112e-04 9.462933e-04 9.825460e-01 2.778410e-04 9.999999e-01 1.800698e-04 -3.931185e-01 -9.463430e-04 -1.798061e-04 9.999995e-01 5.803438e+01
9.999848e-01 3.539844e-04 -5.493404e-03 9.252392e-01 -3.529910e-04 9.999999e-01 1.818136e-04 -3.969930e-01 5.493468e-03 -1.798724e-04 9.999849e-01 5.806968e+01
9.999976e-01 -1.663557e-04 2.172145e-03 9.281206e-01 1.661284e-04 1.000000e+00 1.048517e-04 -4.129667e-01 -2.172162e-03 -1.044899e-04 9.999976e-01 5.850152e+01
9.999894e-01 4.958097e-04 -4.580077e-03 1.145787e+00 -4.948120e-04 9.999999e-01 2.189849e-04 -4.460983e-01 4.580184e-03 -2.167170e-04 9.999895e-01 5.927507e+01
9.999971e-01 -2.841604e-04 2.390443e-03 1.342283e+00 2.840336e-04 1.000000e+00 5.343233e-05 -4.846818e-01 -2.390457e-03 -5.275250e-05 9.999971e-01 6.034461e+01
9.999892e-01 5.526147e-04 -4.623283e-03 1.641558e+00 -5.511573e-04 9.999998e-01 3.165157e-04 -5.215953e-01 4.623456e-03 -3.139648e-04 9.999893e-01 6.117304e+01
9.999985e-01 -3.330353e-04 1.691795e-03 1.699395e+00 3.331154e-04 9.999999e-01 -4.701755e-05 -5.439894e-01 -1.691779e-03 4.758175e-05 9.999986e-01 6.197759e+01
9.999862e-01 5.050294e-04 -5.227947e-03 1.701599e+00 -5.030645e-04 9.999998e-01 3.771807e-04 -5.559347e-01 5.228136e-03 -3.745462e-04 9.999863e-01 6.232691e+01
9.999983e-01 -5.175168e-04 1.745080e-03 2.171249e+00 5.171133e-04 9.999998e-01 2.317029e-04 -5.721602e-01 -1.745200e-03 -2.307994e-04 9.999985e-01 6.238720e+01
9.999788e-01 6.615590e-04 -6.478269e-03 2.021356e+00 -6.605236e-04 9.999998e-01 1.619725e-04 -5.748051e-01 6.478375e-03 -1.576907e-04 9.999790e-01 6.280547e+01
9.999996e-01 -4.548730e-04 8.059451e-04 1.580521e+00 4.547699e-04 9.999999e-01 1.281682e-04 -5.654035e-01 -8.060030e-04 -1.278009e-04 9.999997e-01 6.300744e+01
9.999828e-01 6.193713e-04 -5.838082e-03 1.262671e+00 -6.186124e-04 9.999998e-01 1.318112e-04 -5.631736e-01 5.838163e-03 -1.281981e-04 9.999829e-01 6.320844e+01
9.999986e-01 -4.588528e-04 1.633742e-03 1.237465e+00 4.582469e-04 9.999998e-01 3.712627e-04 -5.708801e-01 -1.633912e-03 -3.705128e-04 9.999986e-01 6.385831e+01
9.999861e-01 6.682769e-04 -5.223691e-03 1.299131e+00 -6.678726e-04 9.999998e-01 7.916464e-05 -5.864845e-01 5.223743e-03 -7.567549e-05 9.999864e-01 6.446903e+01
9.999991e-01 -4.646890e-04 1.267783e-03 1.224739e+00 4.643948e-04 9.999999e-01 2.324266e-04 -5.977879e-01 -1.267891e-03 -2.318370e-04 9.999992e-01 6.502861e+01
9.999805e-01 6.130180e-04 -6.221604e-03 9.639209e-01 -6.120415e-04 9.999998e-01 1.588736e-04 -5.937593e-01 6.221699e-03 -1.550633e-04 9.999806e-01 6.571847e+01
9.999990e-01 -5.049319e-04 1.298643e-03 9.561544e-01 5.042819e-04 9.999997e-01 5.009046e-04 -5.964389e-01 -1.298896e-03 -5.002486e-04 9.999990e-01 6.654149e+01
9.999836e-01 5.823410e-04 -5.694377e-03 1.302907e+00 -5.805822e-04 9.999998e-01 3.105379e-04 -6.143492e-01 5.694556e-03 -3.072275e-04 9.999837e-01 6.724555e+01
9.999992e-01 -4.684131e-04 1.148363e-03 1.567571e+00 4.678983e-04 9.999998e-01 4.486606e-04 -6.277296e-01 -1.148573e-03 -4.481222e-04 9.999992e-01 6.808657e+01
9.999855e-01 5.946708e-04 -5.346902e-03 1.600407e+00 -5.937365e-04 9.999998e-01 1.763515e-04 -6.359221e-01 5.347006e-03 -1.731750e-04 9.999857e-01 6.874779e+01
9.999986e-01 -3.723669e-04 1.616610e-03 1.549731e+00 3.720871e-04 9.999999e-01 1.734913e-04 -6.479658e-01 -1.616674e-03 -1.728889e-04 9.999987e-01 6.916995e+01
9.999852e-01 6.023254e-04 -5.408443e-03 1.395704e+00 -6.016267e-04 9.999998e-01 1.308414e-04 -6.513218e-01 5.408520e-03 -1.275863e-04 9.999854e-01 6.981658e+01
9.999987e-01 -4.710378e-04 1.516443e-03 1.292294e+00 4.705071e-04 9.999998e-01 3.503762e-04 -6.532983e-01 -1.516608e-03 -3.496616e-04 9.999988e-01 7.073371e+01
9.999820e-01 6.174313e-04 -5.971681e-03 1.304513e+00 -6.161659e-04 9.999998e-01 2.137608e-04 -6.594307e-01 5.971811e-03 -2.100781e-04 9.999821e-01 7.108283e+01
9.999991e-01 -4.716643e-04 1.247200e-03 1.065257e+00 4.716024e-04 9.999999e-01 5.008311e-05 -6.565472e-01 -1.247223e-03 -4.949418e-05 9.999992e-01 7.124490e+01
9.999874e-01 6.839649e-04 -4.982075e-03 1.195741e+00 -6.813579e-04 9.999996e-01 5.249763e-04 -6.696696e-01 4.982432e-03 -5.215758e-04 9.999875e-01 7.213882e+01
9.999993e-01 -5.058747e-04 1.094582e-03 1.543122e+00 5.055581e-04 9.999998e-01 2.896059e-04 -6.956959e-01 -1.094728e-03 -2.890516e-04 9.999994e-01 7.359776e+01
9.999911e-01 8.509173e-04 -4.132245e-03 1.421718e+00 -8.500655e-04 9.999996e-01 2.079093e-04 -7.127574e-01 4.132420e-03 -2.043954e-04 9.999914e-01 7.625875e+01
9.999990e-01 -6.285506e-04 1.253003e-03 1.415765e+00 6.278586e-04 9.999997e-01 5.526700e-04 -7.329991e-01 -1.253350e-03 -5.518820e-04 9.999991e-01 7.892845e+01
9.999867e-01 8.411428e-04 -5.080728e-03 1.088638e+00 -8.413772e-04 9.999996e-01 -4.397784e-05 -7.337635e-01 5.080688e-03 4.825136e-05 9.999871e-01 8.124921e+01
9.999971e-01 -4.534240e-04 2.346498e-03 1.422986e+00 4.515091e-04 9.999996e-01 8.165735e-04 -7.669008e-01 -2.346867e-03 -8.155110e-04 9.999969e-01 8.381991e+01
9.999861e-01 8.637717e-04 -5.201145e-03 1.994306e+00 -8.647879e-04 9.999996e-01 -1.931030e-04 -8.083137e-01 5.200976e-03 1.975975e-04 9.999865e-01 8.617317e+01
9.999964e-01 -4.833232e-04 2.640686e-03 2.149143e+00 4.811713e-04 9.999996e-01 8.155319e-04 -8.431056e-01 -2.641079e-03 -8.142577e-04 9.999962e-01 8.877298e+01
9.999854e-01 7.577844e-04 -5.348318e-03 2.239108e+00 -7.587537e-04 9.999997e-01 -1.791875e-04 -8.711115e-01 5.348180e-03 1.832422e-04 9.999857e-01 9.090485e+01
9.999982e-01 -6.214520e-04 1.771605e-03 2.327394e+00 6.198875e-04 9.999994e-01 8.836099e-04 -8.858955e-01 -1.772153e-03 -8.825095e-04 9.999980e-01 9.199451e+01
9.999824e-01 4.942954e-04 -5.910960e-03 3.021923e+00 -4.944161e-04 9.999999e-01 -1.893238e-05 -9.084439e-01 5.910950e-03 2.185382e-05 9.999825e-01 9.227036e+01
9.999972e-01 -5.766529e-04 2.282481e-03 3.478113e+00 5.756216e-04 9.999997e-01 4.525425e-04 -9.125646e-01 -2.282741e-03 -4.512267e-04 9.999973e-01 9.192882e+01
9.999827e-01 5.106504e-04 -5.856834e-03 3.990753e+00 -5.096897e-04 9.999999e-01 1.655550e-04 -9.196512e-01 5.856917e-03 -1.625676e-04 9.999828e-01 9.178457e+01
9.999975e-01 -6.569063e-04 2.153612e-03 4.853161e+00 6.558127e-04 9.999997e-01 5.085074e-04 -9.364162e-01 -2.153945e-03 -5.070931e-04 9.999976e-01 9.187678e+01
9.999821e-01 6.566896e-04 -5.951907e-03 5.525757e+00 -6.558405e-04 9.999998e-01 1.446374e-04 -9.518251e-01 5.952000e-03 -1.407320e-04 9.999823e-01 9.207240e+01
9.999963e-01 -8.399953e-04 2.594268e-03 6.308940e+00 8.387209e-04 9.999995e-01 4.923594e-04 -9.586097e-01 -2.594680e-03 -4.901810e-04 9.999965e-01 9.179413e+01
9.999809e-01 6.827531e-04 -6.150496e-03 7.149474e+00 -6.814424e-04 9.999997e-01 2.152295e-04 -9.669830e-01 6.150642e-03 -2.110349e-04 9.999811e-01 9.152289e+01
9.999953e-01 -8.293491e-04 2.961284e-03 7.857815e+00 8.281752e-04 9.999996e-01 3.976867e-04 -9.724741e-01 -2.961612e-03 -3.952317e-04 9.999955e-01 9.119867e+01
9.999812e-01 7.152566e-04 -6.093103e-03 8.536931e+00 -7.141242e-04 9.999997e-01 1.880491e-04 -9.787526e-01 6.093236e-03 -1.836950e-04 9.999814e-01 9.089582e+01
9.999959e-01 -8.169001e-04 2.745218e-03 9.221369e+00 8.157062e-04 9.999996e-01 4.360355e-04 -9.891230e-01 -2.745573e-03 -4.337937e-04 9.999961e-01 9.071830e+01
9.999791e-01 4.142530e-04 -6.444898e-03 1.064308e+01 -4.109812e-04 9.999998e-01 5.089993e-04 -9.987944e-01 6.445107e-03 -5.063406e-04 9.999791e-01 9.049001e+01
9.999945e-01 -2.465695e-04 3.321189e-03 1.097700e+01 2.467203e-04 1.000000e+00 -4.491848e-05 -1.019199e+00 -3.321177e-03 4.573833e-05 9.999945e-01 9.065002e+01
9.999767e-01 3.132042e-04 -6.823771e-03 1.135603e+01 -3.085074e-04 9.999997e-01 6.893695e-04 -1.043851e+00 6.823985e-03 -6.872489e-04 9.999765e-01 9.097782e+01
9.999937e-01 -4.787426e-04 3.531108e-03 1.237788e+01 4.789734e-04 9.999999e-01 -6.447614e-05 -1.051380e+00 -3.531076e-03 6.616773e-05 9.999938e-01 9.062145e+01
9.999777e-01 3.913662e-04 -6.672556e-03 1.328293e+01 -3.870003e-04 9.999997e-01 6.556178e-04 -1.061543e+00 6.672810e-03 -6.530215e-04 9.999775e-01 9.032537e+01
9.999950e-01 -4.643370e-04 3.118805e-03 1.412130e+01 4.642298e-04 9.999999e-01 3.514879e-05 -1.081817e+00 -3.118820e-03 -3.370008e-05 9.999951e-01 9.028791e+01
9.999818e-01 4.457404e-04 -6.021409e-03 1.475356e+01 -4.430994e-04 9.999998e-01 4.399491e-04 -1.085453e+00 6.021603e-03 -4.372737e-04 9.999818e-01 8.988262e+01
9.999943e-01 -5.083759e-04 3.335956e-03 1.528605e+01 5.086794e-04 9.999999e-01 -9.008460e-05 -1.085154e+00 -3.335909e-03 9.178172e-05 9.999944e-01 8.933452e+01
9.999804e-01 3.857110e-04 -6.245791e-03 1.614482e+01 -3.818827e-04 9.999997e-01 6.141442e-04 -1.087958e+00 6.246026e-03 -6.117477e-04 9.999803e-01 8.890676e+01
9.999946e-01 -3.712534e-04 3.254000e-03 1.693459e+01 3.716271e-04 9.999999e-01 -1.141683e-04 -1.103422e+00 -3.253957e-03 1.153777e-04 9.999947e-01 8.876240e+01
9.999820e-01 2.684401e-04 -5.997328e-03 1.787829e+01 -2.644595e-04 9.999997e-01 6.645405e-04 -1.110825e+00 5.997505e-03 -6.629431e-04 9.999818e-01 8.836728e+01
9.999909e-01 -6.631888e-04 4.205797e-03 1.916589e+01 6.640341e-04 9.999998e-01 -1.995502e-04 -1.096980e+00 -4.205663e-03 2.023419e-04 9.999911e-01 8.740809e+01
9.999817e-01 6.217332e-04 -6.009477e-03 1.975976e+01 -6.201187e-04 9.999998e-01 2.705372e-04 -1.088279e+00 6.009643e-03 -2.668063e-04 9.999819e-01 8.645332e+01
9.999912e-01 -4.957664e-04 4.174923e-03 2.000407e+01 4.981742e-04 9.999997e-01 -5.756724e-04 -1.081008e+00 -4.174636e-03 5.777478e-04 9.999911e-01 8.536519e+01
9.999740e-01 3.021562e-04 -7.205497e-03 2.113631e+01 -2.934261e-04 9.999992e-01 1.212640e-03 -1.088318e+00 7.205858e-03 -1.210495e-03 9.999733e-01 8.496117e+01
9.999844e-01 -1.576217e-04 5.582895e-03 2.138220e+01 1.664923e-04 9.999987e-01 -1.588421e-03 -1.079738e+00 -5.582637e-03 1.589326e-03 9.999832e-01 8.378298e+01
9.999726e-01 -1.379621e-04 -7.400989e-03 2.245497e+01 1.524219e-04 9.999981e-01 1.953262e-03 -1.066155e+00 7.400705e-03 -1.954337e-03 9.999707e-01 8.286879e+01
9.999853e-01 -5.576209e-05 5.420630e-03 2.341458e+01 6.466825e-05 9.999986e-01 -1.642817e-03 -1.058257e+00 -5.420531e-03 1.643144e-03 9.999840e-01 8.208638e+01
9.999733e-01 4.913736e-05 -7.303379e-03 2.395023e+01 -3.775835e-05 9.999988e-01 1.558200e-03 -1.047591e+00 7.303446e-03 -1.557883e-03 9.999721e-01 8.102842e+01
9.999720e-01 -6.028873e-04 7.462562e-03 2.619019e+01 6.115696e-04 9.999991e-01 -1.161207e-03 -1.057579e+00 -7.461855e-03 1.165739e-03 9.999715e-01 8.028943e+01
9.999751e-01 3.572859e-04 -7.052568e-03 2.817506e+01 -3.491891e-04 9.999993e-01 1.149280e-03 -1.081154e+00 7.052973e-03 -1.146790e-03 9.999745e-01 7.977597e+01
9.999836e-01 -1.540273e-04 5.717417e-03 2.838897e+01 1.629526e-04 9.999988e-01 -1.560614e-03 -1.071668e+00 -5.717169e-03 1.561521e-03 9.999824e-01 7.850548e+01
9.999737e-01 -6.277807e-05 -7.257296e-03 2.936734e+01 7.668513e-05 9.999982e-01 1.916048e-03 -1.067885e+00 7.257163e-03 -1.916555e-03 9.999718e-01 7.776678e+01
9.999861e-01 -2.171854e-04 5.276059e-03 3.055669e+01 2.246944e-04 9.999990e-01 -1.422633e-03 -1.068294e+00 -5.275744e-03 1.423800e-03 9.999851e-01 7.713063e+01
9.999685e-01 4.332859e-05 -7.935258e-03 3.186651e+01 -2.736087e-05 9.999980e-01 2.012369e-03 -1.077278e+00 7.935329e-03 -2.012089e-03 9.999665e-01 7.666533e+01
9.999853e-01 -2.039471e-04 5.413706e-03 3.325320e+01 2.117263e-04 9.999989e-01 -1.436378e-03 -1.096349e+00 -5.413407e-03 1.437504e-03 9.999843e-01 7.640550e+01
9.999781e-01 5.326369e-05 -6.614837e-03 3.388020e+01 -4.381561e-05 9.999990e-01 1.428478e-03 -1.084057e+00 6.614906e-03 -1.428158e-03 9.999771e-01 7.530066e+01
9.999885e-01 2.077462e-04 4.783536e-03 3.399045e+01 -1.993440e-04 9.999984e-01 -1.756874e-03 -1.076738e+00 -4.783893e-03 1.755901e-03 9.999870e-01 7.406482e+01
9.999788e-01 -4.408938e-04 -6.499043e-03 3.486116e+01 4.538354e-04 9.999979e-01 1.989989e-03 -1.065922e+00 6.498152e-03 -1.992897e-03 9.999769e-01 7.319509e+01
9.999887e-01 2.167031e-04 4.746841e-03 3.583324e+01 -2.087078e-04 9.999986e-01 -1.684741e-03 -1.055803e+00 -4.747199e-03 1.683732e-03 9.999873e-01 7.235986e+01
9.999789e-01 -4.776018e-04 -6.478880e-03 3.699944e+01 4.910291e-04 9.999977e-01 2.071060e-03 -1.048319e+00 6.477876e-03 -2.074199e-03 9.999769e-01 7.157333e+01
9.999894e-01 2.405205e-04 4.602440e-03 3.827215e+01 -2.328943e-04 9.999986e-01 -1.657403e-03 -1.046369e+00 -4.602832e-03 1.656314e-03 9.999880e-01 7.086063e+01
9.999818e-01 -3.386890e-04 -6.022550e-03 3.914318e+01 3.495007e-04 9.999983e-01 1.794276e-03 -1.038193e+00 6.021932e-03 -1.796349e-03 9.999803e-01 7.003019e+01
9.999898e-01 5.672967e-04 4.482853e-03 3.931224e+01 -5.574555e-04 9.999974e-01 -2.196206e-03 -1.029478e+00 -4.484087e-03 2.193685e-03 9.999875e-01 6.877811e+01
9.999825e-01 -7.142324e-04 -5.874878e-03 3.995209e+01 7.270961e-04 9.999973e-01 2.187799e-03 -1.018401e+00 5.873300e-03 -2.192032e-03 9.999803e-01 6.779833e+01
9.999931e-01 3.321677e-04 3.709388e-03 4.150491e+01 -3.263262e-04 9.999987e-01 -1.575245e-03 -9.962236e-01 -3.709906e-03 1.574024e-03 9.999919e-01 6.664371e+01
9.999869e-01 -8.891469e-04 -5.034535e-03 4.257073e+01 8.970567e-04 9.999984e-01 1.569102e-03 -9.801669e-01 5.033131e-03 -1.573599e-03 9.999861e-01 6.547147e+01
9.999970e-01 8.456343e-04 2.283554e-03 4.298229e+01 -8.425508e-04 9.999987e-01 -1.350843e-03 -9.822601e-01 -2.284694e-03 1.348916e-03 9.999965e-01 6.494088e+01
9.999811e-01 -7.087825e-04 -6.103268e-03 4.290266e+01 7.198306e-04 9.999981e-01 1.808223e-03 -9.826888e-01 6.101975e-03 -1.812583e-03 9.999797e-01 6.559182e+01
9.999981e-01 6.599906e-04 1.807227e-03 4.336228e+01 -6.581808e-04 9.999993e-01 -1.001744e-03 -1.002520e+00 -1.807887e-03 1.000553e-03 9.999979e-01 6.596195e+01
9.999887e-01 -9.152848e-04 -4.670515e-03 4.420611e+01 9.221944e-04 9.999985e-01 1.477502e-03 -1.002376e+00 4.669155e-03 -1.481793e-03 9.999880e-01 6.548923e+01
9.999952e-01 8.070992e-04 2.985165e-03 4.479628e+01 -8.026337e-04 9.999986e-01 -1.496709e-03 -9.915106e-01 -2.986368e-03 1.494306e-03 9.999944e-01 6.446990e+01
9.999895e-01 -1.134511e-03 -4.437604e-03 4.603068e+01 1.142869e-03 9.999976e-01 1.881326e-03 -9.869380e-01 4.435458e-03 -1.886378e-03 9.999884e-01 6.367971e+01
9.999935e-01 1.058121e-03 3.435296e-03 4.662578e+01 -1.051754e-03 9.999977e-01 -1.854549e-03 -9.933007e-01 -3.437251e-03 1.850925e-03 9.999924e-01 6.313925e+01
9.999870e-01 -1.016549e-03 -4.993188e-03 4.693360e+01 1.024404e-03 9.999982e-01 1.570862e-03 -9.834839e-01 4.991582e-03 -1.575958e-03 9.999863e-01 6.193273e+01
9.999934e-01 1.146559e-03 3.433016e-03 4.716875e+01 -1.139620e-03 9.999973e-01 -2.022410e-03 -9.723376e-01 -3.435325e-03 2.018485e-03 9.999921e-01 6.055891e+01
9.999849e-01 -9.540638e-04 -5.414448e-03 4.727016e+01 9.630071e-04 9.999982e-01 1.649418e-03 -9.632526e-01 5.412864e-03 -1.654607e-03 9.999840e-01 5.919575e+01
9.999947e-01 1.258610e-03 3.005702e-03 4.723370e+01 -1.252613e-03 9.999972e-01 -1.996317e-03 -9.541390e-01 -3.008206e-03 1.992542e-03 9.999935e-01 5.771581e+01
9.999897e-01 -1.143969e-03 -4.393373e-03 4.747893e+01 1.150700e-03 9.999982e-01 1.529863e-03 -9.425808e-01 4.391615e-03 -1.534904e-03 9.999892e-01 5.630667e+01
9.999942e-01 1.321069e-03 3.141442e-03 4.770706e+01 -1.314757e-03 9.999971e-01 -2.010158e-03 -9.310961e-01 -3.144088e-03 2.006017e-03 9.999930e-01 5.490584e+01
9.999892e-01 -1.120075e-03 -4.520158e-03 4.790285e+01 1.127353e-03 9.999981e-01 1.607779e-03 -9.212097e-01 4.518348e-03 -1.612858e-03 9.999885e-01 5.358048e+01
9.999954e-01 1.402960e-03 2.671365e-03 4.793052e+01 -1.397295e-03 9.999968e-01 -2.121488e-03 -9.097361e-01 -2.674332e-03 2.117746e-03 9.999942e-01 5.197133e+01
9.999887e-01 -1.217551e-03 -4.592163e-03 4.802711e+01 1.225231e-03 9.999979e-01 1.670070e-03 -8.991869e-01 4.590120e-03 -1.675679e-03 9.999881e-01 5.052209e+01
9.999977e-01 1.274177e-03 1.699833e-03 4.838547e+01 -1.271616e-03 9.999981e-01 -1.507008e-03 -8.978633e-01 -1.701750e-03 1.504844e-03 9.999974e-01 4.979136e+01
9.999899e-01 -1.042897e-03 -4.367285e-03 4.842966e+01 1.049089e-03 9.999984e-01 1.415851e-03 -8.959164e-01 4.365801e-03 -1.420419e-03 9.999895e-01 4.881796e+01
9.999985e-01 1.318247e-03 1.113709e-03 4.835745e+01 -1.316756e-03 9.999982e-01 -1.337997e-03 -8.958181e-01 -1.115470e-03 1.336529e-03 9.999985e-01 4.783952e+01
9.999967e-01 -9.197914e-04 -2.411484e-03 4.834128e+01 9.209175e-04 9.999995e-01 4.659758e-04 -8.745806e-01 2.411054e-03 -4.681957e-04 9.999970e-01 4.555370e+01
9.999981e-01 1.309888e-03 1.453344e-03 4.835062e+01 -1.308030e-03 9.999983e-01 -1.278383e-03 -8.540313e-01 -1.455016e-03 1.276481e-03 9.999981e-01 4.333945e+01
9.999959e-01 -1.156003e-03 -2.600769e-03 4.857670e+01 1.158240e-03 9.999990e-01 8.590737e-04 -8.444253e-01 2.599773e-03 -8.620832e-04 9.999962e-01 4.210095e+01
9.999943e-01 6.999667e-04 3.309173e-03 5.018705e+01 -6.973575e-04 9.999994e-01 -7.895149e-04 -8.547814e-01 -3.309724e-03 7.872034e-04 9.999942e-01 4.158376e+01
9.999963e-01 -9.775678e-04 -2.540745e-03 5.126799e+01 9.789747e-04 9.999994e-01 5.526280e-04 -8.657193e-01 2.540203e-03 -5.551140e-04 9.999966e-01 4.106993e+01
9.999993e-01 1.168018e-03 -2.824365e-04 5.153616e+01 -1.168105e-03 9.999993e-01 -3.083827e-04 -8.837406e-01 2.820764e-04 3.087130e-04 9.999999e-01 4.140360e+01
9.999952e-01 -9.653644e-04 -2.943192e-03 5.135907e+01 9.668573e-04 9.999994e-01 5.059277e-04 -8.919915e-01 2.942702e-03 -5.087716e-04 9.999955e-01 4.217546e+01
9.999971e-01 1.285830e-03 -2.050868e-03 5.095886e+01 -1.286547e-03 9.999991e-01 -3.483310e-04 -8.837814e-01 2.050419e-03 3.509692e-04 9.999978e-01 4.156244e+01
9.999990e-01 -9.385620e-04 -1.040486e-03 5.078685e+01 9.386019e-04 9.999996e-01 3.808681e-05 -8.751647e-01 1.040450e-03 -3.906407e-05 9.999995e-01 4.008250e+01
9.999990e-01 1.080393e-03 -9.266663e-04 5.092058e+01 -1.080695e-03 9.999994e-01 -3.251713e-04 -8.687107e-01 9.263147e-04 3.261731e-04 9.999995e-01 3.893387e+01
9.999948e-01 -7.230959e-04 -3.142965e-03 5.060005e+01 7.236473e-04 9.999997e-01 1.743788e-04 -8.579820e-01 3.142838e-03 -1.766530e-04 9.999950e-01 3.775549e+01
9.999996e-01 6.087065e-04 6.413437e-04 5.127966e+01 -6.088505e-04 9.999998e-01 2.246612e-04 -8.647522e-01 -6.412065e-04 -2.250509e-04 9.999998e-01 3.748297e+01
9.999932e-01 -6.668219e-04 -3.631328e-03 5.211026e+01 6.680382e-04 9.999997e-01 3.337941e-04 -8.681551e-01 3.631104e-03 -3.362183e-04 9.999934e-01 3.708142e+01
9.999976e-01 7.493280e-04 2.054002e-03 5.249794e+01 -7.481712e-04 9.999996e-01 -5.638387e-04 -8.586642e-01 -2.054424e-03 5.623013e-04 9.999977e-01 3.600017e+01
9.999932e-01 -5.361315e-04 -3.654115e-03 5.270611e+01 5.367435e-04 9.999998e-01 1.665346e-04 -8.494503e-01 3.654025e-03 -1.684955e-04 9.999933e-01 3.479650e+01
9.999981e-01 5.539576e-04 1.861611e-03 5.308392e+01 -5.534036e-04 9.999998e-01 -2.979586e-04 -8.406049e-01 -1.861775e-03 2.969285e-04 9.999982e-01 3.373926e+01
9.999944e-01 -4.136157e-04 -3.322275e-03 5.333607e+01 4.134121e-04 9.999999e-01 -6.192044e-05 -8.322336e-01 3.322300e-03 6.054594e-05 9.999945e-01 3.258049e+01
9.999982e-01 4.643953e-04 1.863822e-03 5.372374e+01 -4.642124e-04 9.999999e-01 -9.845439e-05 -8.247301e-01 -1.863867e-03 9.758968e-05 9.999983e-01 3.159613e+01
9.999937e-01 -4.763141e-04 -3.523052e-03 5.420890e+01 4.762716e-04 9.999999e-01 -1.284380e-05 -8.173459e-01 3.523058e-03 1.116510e-05 9.999938e-01 3.068730e+01
9.999988e-01 6.620092e-04 1.394235e-03 5.435058e+01 -6.618733e-04 9.999998e-01 -9.776693e-05 -8.170137e-01 -1.394299e-03 9.684469e-05 9.999990e-01 2.988027e+01
9.999907e-01 -4.941306e-04 -4.278053e-03 5.444687e+01 4.947808e-04 9.999999e-01 1.509789e-04 -8.179355e-01 4.277978e-03 -1.530949e-04 9.999908e-01 2.916383e+01
9.999987e-01 7.886730e-04 1.393325e-03 5.444004e+01 -7.884459e-04 9.999997e-01 -1.634128e-04 -8.155894e-01 -1.393453e-03 1.623148e-04 9.999990e-01 2.816130e+01
9.999899e-01 -6.087209e-04 -4.447737e-03 5.441802e+01 6.091218e-04 9.999998e-01 8.881611e-05 -8.126018e-01 4.447682e-03 -9.152511e-05 9.999901e-01 2.727139e+01
9.999991e-01 3.997304e-04 1.296767e-03 5.496902e+01 -4.000507e-04 9.999999e-01 2.469436e-04 -8.093406e-01 -1.296668e-03 -2.474615e-04 9.999991e-01 2.666616e+01
9.999930e-01 -9.103421e-04 -3.630766e-03 5.610942e+01 9.117873e-04 9.999995e-01 3.964431e-04 -8.050556e-01 3.630403e-03 -3.997514e-04 9.999933e-01 2.603333e+01
9.999961e-01 2.376534e-03 1.445779e-03 5.755054e+01 -2.377510e-03 9.999969e-01 6.738367e-04 -9.188716e-01 -1.444173e-03 -6.772707e-04 9.999987e-01 2.904206e+01
9.999974e-01 -2.038099e-03 -1.040563e-03 5.832802e+01 2.037958e-03 9.999979e-01 -1.358160e-04 -1.022230e+00 1.040837e-03 1.336944e-04 9.999994e-01 3.227274e+01
9.999964e-01 2.165264e-03 -1.570172e-03 5.859097e+01 -2.165114e-03 9.999977e-01 9.694711e-05 -1.018712e+00 1.570379e-03 -9.354648e-05 9.999988e-01 3.145337e+01
9.999976e-01 -2.106991e-03 -5.337168e-04 5.882917e+01 2.106871e-03 9.999978e-01 -2.260923e-04 -1.013981e+00 5.341917e-04 2.249666e-04 9.999998e-01 3.050224e+01
9.999957e-01 1.966060e-03 -2.180876e-03 5.954117e+01 -1.964499e-03 9.999978e-01 7.176897e-04 -1.017971e+00 2.182282e-03 -7.134016e-04 9.999974e-01 3.011552e+01
9.999981e-01 -1.923885e-03 -4.365135e-04 5.983000e+01 1.923590e-03 9.999979e-01 -6.746985e-04 -1.013775e+00 4.378103e-04 6.738569e-04 9.999997e-01 2.926283e+01
9.999972e-01 1.913259e-03 -1.383599e-03 6.017085e+01 -1.912696e-03 9.999981e-01 4.076944e-04 -1.004179e+00 1.384377e-03 -4.050462e-04 9.999990e-01 2.811532e+01
9.999973e-01 -2.156771e-03 -9.159739e-04 6.115809e+01 2.156854e-03 9.999977e-01 9.024526e-05 -9.964168e-01 9.157768e-04 -9.222131e-05 9.999996e-01 2.739928e+01
9.999985e-01 1.700187e-03 -4.059606e-04 6.327150e+01 -1.700018e-03 9.999985e-01 4.161095e-04 -1.020186e+00 4.066677e-04 -4.154181e-04 9.999998e-01 2.710368e+01
9.999973e-01 -2.124469e-03 -9.262872e-04 6.537554e+01 2.124363e-03 9.999977e-01 -1.149930e-04 -1.056562e+00 9.265291e-04 1.130242e-04 9.999996e-01 2.700145e+01
9.999970e-01 2.061354e-03 -1.311489e-03 6.613899e+01 -2.060755e-03 9.999978e-01 4.570788e-04 -1.059078e+00 1.312429e-03 -4.543741e-04 9.999990e-01 2.654031e+01
9.999963e-01 -2.478417e-03 -1.109022e-03 6.793833e+01 2.478789e-03 9.999969e-01 3.340522e-04 -1.089840e+00 1.108190e-03 -3.368007e-04 9.999993e-01 2.652699e+01
9.999941e-01 2.730763e-03 -2.101142e-03 6.936688e+01 -2.730521e-03 9.999963e-01 1.181844e-04 -1.148795e+00 2.101457e-03 -1.124458e-04 9.999978e-01 2.727832e+01
9.999967e-01 -2.556274e-03 1.699376e-04 7.132422e+01 2.556125e-03 9.999964e-01 8.684467e-04 -1.256839e+00 -1.721573e-04 -8.680101e-04 9.999996e-01 2.932773e+01
9.999967e-01 2.283406e-03 -1.149601e-03 7.292273e+01 -2.284310e-03 9.999971e-01 -7.858448e-04 -1.300174e+00 1.147804e-03 7.884689e-04 9.999990e-01 2.963278e+01
9.999970e-01 -1.970251e-03 -1.436080e-03 7.290182e+01 1.970732e-03 9.999980e-01 3.335156e-04 -1.291891e+00 1.435420e-03 -3.363454e-04 9.999989e-01 2.832289e+01
9.999980e-01 1.992771e-03 -1.238866e-04 7.329383e+01 -1.992842e-03 9.999978e-01 -5.818540e-04 -1.283276e+00 1.227271e-04 5.821004e-04 9.999998e-01 2.728597e+01
9.999947e-01 -2.153070e-03 -2.429035e-03 7.428451e+01 2.155660e-03 9.999971e-01 1.064518e-03 -1.290231e+00 2.426736e-03 -1.069750e-03 9.999965e-01 2.689426e+01
9.999978e-01 1.917427e-03 -8.739003e-04 7.549935e+01 -1.917755e-03 9.999981e-01 -3.738725e-04 -1.307772e+00 8.731820e-04 3.755483e-04 9.999995e-01 2.669133e+01
9.999966e-01 -2.199632e-03 -1.420831e-03 7.648282e+01 2.200845e-03 9.999972e-01 8.527748e-04 -1.311467e+00 1.418951e-03 -8.558996e-04 9.999986e-01 2.620829e+01
9.999977e-01 2.114293e-03 -2.039763e-04 7.697388e+01 -2.114487e-03 9.999973e-01 -9.608001e-04 -1.301240e+00 2.019446e-04 9.612299e-04 9.999995e-01 2.514959e+01
9.999969e-01 -2.149241e-03 -1.265794e-03 7.738209e+01 2.150099e-03 9.999975e-01 6.771725e-04 -1.289536e+00 1.264335e-03 -6.798927e-04 9.999990e-01 2.392605e+01
9.999978e-01 2.017796e-03 -6.281891e-04 7.825559e+01 -2.018035e-03 9.999979e-01 -3.798097e-04 -1.285125e+00 6.274216e-04 3.810772e-04 9.999997e-01 2.321940e+01
9.999969e-01 -2.171333e-03 -1.253403e-03 7.908570e+01 2.172134e-03 9.999974e-01 6.377283e-04 -1.279357e+00 1.252014e-03 -6.404495e-04 9.999990e-01 2.244148e+01
9.999963e-01 2.101932e-03 -1.731097e-03 8.027550e+01 -2.102096e-03 9.999978e-01 -9.330670e-05 -1.296017e+00 1.730898e-03 9.694596e-05 9.999985e-01 2.227627e+01
9.999978e-01 -1.993497e-03 -5.825024e-04 8.066376e+01 1.993543e-03 9.999980e-01 7.953405e-05 -1.304575e+00 5.823424e-04 -8.069580e-05 9.999998e-01 2.268330e+01
9.999961e-01 2.599096e-03 -1.021564e-03 8.083622e+01 -2.599248e-03 9.999966e-01 -1.472527e-04 -1.350556e+00 1.021178e-03 1.499081e-04 9.999995e-01 2.463402e+01
9.999971e-01 -2.377785e-03 -4.073682e-04 8.084777e+01 2.377912e-03 9.999971e-01 3.128585e-04 -1.394082e+00 4.066228e-04 -3.138269e-04 9.999999e-01 2.685514e+01
9.999795e-01 2.914298e-03 -5.709824e-03 8.015398e+01 -2.917592e-03 9.999956e-01 -5.687278e-04 -1.368356e+00 5.708141e-03 5.853757e-04 9.999835e-01 2.558814e+01
9.999885e-01 -2.867146e-03 3.833772e-03 8.021248e+01 2.867699e-03 9.999959e-01 -1.388760e-04 -1.349915e+00 -3.833358e-03 1.498679e-04 9.999926e-01 2.391498e+01
9.999684e-01 2.775761e-03 -7.450074e-03 8.135672e+01 -2.769379e-03 9.999958e-01 8.667458e-04 -1.374391e+00 7.452449e-03 -8.460856e-04 9.999719e-01 2.395556e+01
9.999895e-01 -3.130310e-03 3.335569e-03 8.303095e+01 3.129605e-03 9.999951e-01 2.164848e-04 -1.408756e+00 -3.336231e-03 -2.060442e-04 9.999944e-01 2.401576e+01
9.999702e-01 2.865749e-03 -7.167410e-03 8.465342e+01 -2.860906e-03 9.999957e-01 6.857454e-04 -1.447568e+00 7.169344e-03 -6.652190e-04 9.999741e-01 2.426422e+01
9.999862e-01 -1.931326e-03 4.883197e-03 8.550640e+01 1.930096e-03 9.999981e-01 2.564002e-04 -1.533910e+00 -4.883683e-03 -2.469723e-04 9.999880e-01 2.660706e+01
9.999802e-01 2.282638e-03 -5.858711e-03 8.636245e+01 -2.280160e-03 9.999973e-01 4.294624e-04 -1.622373e+00 5.859676e-03 -4.160944e-04 9.999827e-01 2.878737e+01
9.999927e-01 -2.457098e-03 2.930922e-03 8.744527e+01 2.456747e-03 9.999970e-01 1.231708e-04 -1.639607e+00 -2.931216e-03 -1.159700e-04 9.999957e-01 2.860087e+01
9.999814e-01 2.312830e-03 -5.644154e-03 8.819712e+01 -2.311148e-03 9.999973e-01 3.043753e-04 -1.642104e+00 5.644843e-03 -2.913244e-04 9.999840e-01 2.819387e+01
9.999940e-01 -2.489716e-03 2.415955e-03 8.916548e+01 2.489178e-03 9.999969e-01 2.255129e-04 -1.648920e+00 -2.416509e-03 -2.194985e-04 9.999971e-01 2.786542e+01
9.999811e-01 2.218364e-03 -5.731141e-03 9.037901e+01 -2.216614e-03 9.999975e-01 3.117639e-04 -1.663939e+00 5.731819e-03 -2.990536e-04 9.999835e-01 2.773187e+01
9.999949e-01 -2.359732e-03 2.169325e-03 9.166281e+01 2.358857e-03 9.999971e-01 4.056055e-04 -1.697839e+00 -2.170276e-03 -4.004869e-04 9.999976e-01 2.802375e+01
9.999822e-01 2.345834e-03 -5.478139e-03 9.275263e+01 -2.344242e-03 9.999972e-01 2.969710e-04 -1.741962e+00 5.478821e-03 -2.841230e-04 9.999850e-01 2.860674e+01
9.999914e-01 -2.401302e-03 3.374457e-03 9.337684e+01 2.401361e-03 9.999971e-01 -1.340558e-05 -1.750422e+00 -3.374415e-03 2.150809e-05 9.999943e-01 2.822055e+01
9.999823e-01 2.496110e-03 -5.405090e-03 9.368786e+01 -2.495762e-03 9.999969e-01 7.104789e-05 -1.756450e+00 5.405251e-03 -5.755613e-05 9.999854e-01 2.771154e+01
9.999939e-01 -2.552956e-03 2.379855e-03 9.456273e+01 2.551829e-03 9.999966e-01 4.765082e-04 -1.785356e+00 -2.381064e-03 -4.704330e-04 9.999971e-01 2.793726e+01
9.999829e-01 2.374037e-03 -5.350841e-03 9.557164e+01 -2.373432e-03 9.999972e-01 1.192719e-04 -1.802586e+00 5.351109e-03 -1.065693e-04 9.999857e-01 2.780553e+01
9.999941e-01 -2.571998e-03 2.275106e-03 9.706269e+01 2.570384e-03 9.999964e-01 7.120378e-04 -1.846820e+00 -2.276930e-03 -7.061864e-04 9.999972e-01 2.832468e+01
9.999806e-01 2.512345e-03 -5.697694e-03 9.893119e+01 -2.509649e-03 9.999967e-01 4.803203e-04 -1.922817e+00 5.698883e-03 -4.660111e-04 9.999837e-01 2.964783e+01
9.999954e-01 -2.960463e-03 6.747320e-04 1.013089e+02 2.959625e-03 9.999949e-01 1.238638e-03 -1.974931e+00 -6.783957e-04 -1.236636e-03 9.999990e-01 3.032853e+01
9.999872e-01 2.367958e-03 -4.476373e-03 1.038241e+02 -2.368419e-03 9.999972e-01 -9.772162e-05 -2.010848e+00 4.476130e-03 1.083230e-04 9.999900e-01 3.048740e+01
9.999966e-01 -2.450717e-03 8.880613e-04 1.053465e+02 2.449614e-03 9.999962e-01 1.240615e-03 -2.056370e+00 -8.910987e-04 -1.238436e-03 9.999988e-01 3.111570e+01
9.999856e-01 2.268423e-03 -4.854512e-03 1.067262e+02 -2.269275e-03 9.999974e-01 -1.700503e-04 -2.104026e+00 4.854114e-03 1.810648e-04 9.999882e-01 3.182790e+01
9.999951e-01 -3.096850e-03 4.075367e-04 1.089644e+02 3.096131e-03 9.999937e-01 1.752371e-03 -2.118948e+00 -4.129612e-04 -1.751101e-03 9.999984e-01 3.137344e+01
9.999803e-01 2.178153e-03 -5.894980e-03 1.120220e+02 -2.179600e-03 9.999976e-01 -2.389989e-04 -2.150755e+00 5.894446e-03 2.518435e-04 9.999826e-01 3.116987e+01
9.999935e-01 -2.755406e-03 2.325153e-03 1.138956e+02 2.753237e-03 9.999958e-01 9.353137e-04 -2.166445e+00 -2.327721e-03 -9.289066e-04 9.999969e-01 3.079739e+01
9.999838e-01 2.241189e-03 -5.232608e-03 1.151990e+02 -2.241874e-03 9.999975e-01 -1.251706e-04 -2.161523e+00 5.232314e-03 1.369001e-04 9.999863e-01 3.006396e+01
9.999955e-01 -2.434929e-03 1.775528e-03 1.163548e+02 2.434004e-03 9.999969e-01 5.231110e-04 -2.184328e+00 -1.776797e-03 -5.187876e-04 9.999983e-01 3.006888e+01
9.999816e-01 2.485346e-03 -5.529472e-03 1.171910e+02 -2.483566e-03 9.999969e-01 3.286170e-04 -2.222257e+00 5.530272e-03 -3.148775e-04 9.999847e-01 3.056904e+01
9.999940e-01 -2.707155e-03 2.174036e-03 1.179267e+02 2.706357e-03 9.999963e-01 3.700741e-04 -2.239972e+00 -2.175030e-03 -3.641888e-04 9.999976e-01 3.056385e+01
9.999842e-01 2.754257e-03 -4.891750e-03 1.180361e+02 -2.756161e-03 9.999961e-01 -3.825770e-04 -2.239765e+00 4.890678e-03 3.960541e-04 9.999880e-01 2.993545e+01
9.999904e-01 -2.697173e-03 3.448415e-03 1.184189e+02 2.695174e-03 9.999962e-01 5.843275e-04 -2.249680e+00 -3.449978e-03 -5.750285e-04 9.999939e-01 2.979311e+01
9.999824e-01 2.803934e-03 -5.222239e-03 1.187637e+02 -2.806153e-03 9.999960e-01 -4.178299e-04 -2.269160e+00 5.221046e-03 4.324776e-04 9.999863e-01 3.022409e+01
9.999929e-01 -2.575002e-03 2.763264e-03 1.192087e+02 2.572534e-03 9.999963e-01 8.963067e-04 -2.305143e+00 -2.765562e-03 -8.891924e-04 9.999958e-01 3.122610e+01
9.999839e-01 2.571467e-03 -5.054423e-03 1.199928e+02 -2.574137e-03 9.999966e-01 -5.219490e-04 -2.342976e+00 5.053063e-03 5.349521e-04 9.999871e-01 3.190379e+01
9.999923e-01 -2.873332e-03 2.668492e-03 1.211487e+02 2.870809e-03 9.999954e-01 9.490853e-04 -2.362034e+00 -2.671207e-03 -9.414179e-04 9.999960e-01 3.184042e+01
