9.999868e-01 1.729822e-04 -5.143362e-03 -3.209592e-01 -1.715680e-04 9.999999e-01 2.754031e-04 2.644232e-03 5.143409e-03 -2.745177e-04 9.999867e-01 2.716893e-01
9.999994e-01 7.040878e-06 1.063577e-03 -4.350384e-01 -7.055400e-06 1.000000e+00 1.367628e-05 -5.590658e-03 -1.063577e-03 -1.368307e-05 9.999994e-01 7.234330e-01
9.999881e-01 1.570707e-04 -4.882671e-03 -5.583654e-01 -1.556850e-04 9.999999e-01 2.842009e-04 -1.286863e-02 4.882715e-03 -2.834380e-04 9.999880e-01 1.265745e+00
9.999999e-01 3.045123e-05 3.229784e-04 -8.504407e-01 -3.043375e-05 1.000000e+00 -5.401107e-05 -1.276356e-02 -3.229797e-04 5.400195e-05 9.999999e-01 1.779506e+00
9.999909e-01 1.769173e-04 -4.268370e-03 -1.016531e+00 -1.757178e-04 9.999999e-01 2.814161e-04 -2.346450e-02 4.268419e-03 -2.806642e-04 9.999909e-01 2.158489e+00
9.999996e-01 2.666296e-05 8.435279e-04 -9.476412e-01 -2.662553e-05 1.000000e+00 -4.434987e-05 -4.244217e-02 -8.435288e-04 4.432811e-05 9.999996e-01 2.436323e+00
9.999930e-01 2.062240e-04 -3.734428e-03 -8.854389e-01 -2.049086e-04 9.999999e-01 3.526266e-04 -6.340528e-02 3.734500e-03 -3.518596e-04 9.999930e-01 3.154123e+00
9.999998e-01 2.110836e-06 6.307499e-04 -8.260257e-01 -2.086968e-06 1.000000e+00 -3.778706e-05 -8.390560e-02 -6.307497e-04 3.778645e-05 9.999998e-01 3.714890e+00
9.999869e-01 1.951314e-04 -5.107725e-03 -1.043334e+00 -1.934114e-04 9.999999e-01 3.372514e-04 -8.731051e-02 5.107790e-03 -3.362598e-04 9.999869e-01 4.267631e+00
1.000000e+00 1.597783e-05 -2.718618e-04 -1.429871e+00 -1.599446e-05 1.000000e+00 -6.131283e-05 -8.259991e-02 2.718612e-04 6.131789e-05 1.000000e+00 4.510293e+00
9.999950e-01 1.985821e-04 -3.148745e-03 -1.395654e+00 -1.974679e-04 9.999999e-01 3.541721e-04 -9.901928e-02 3.148815e-03 -3.535493e-04 9.999950e-01 4.933587e+00
9.999989e-01 -3.627941e-05 -1.461658e-03 -1.474290e+00 3.618692e-05 1.000000e+00 -6.332901e-05 -1.031653e-01 1.461661e-03 6.327676e-05 9.999989e-01 5.080199e+00
9.999952e-01 2.439114e-04 -3.100047e-03 -1.705806e+00 -2.427639e-04 9.999999e-01 3.705526e-04 -1.069302e-01 3.100137e-03 -3.697989e-04 9.999951e-01 5.592504e+00
9.999983e-01 -5.085885e-05 -1.867031e-03 -1.924362e+00 5.077568e-05 1.000000e+00 -4.461895e-05 -1.108785e-01 1.867034e-03 4.452479e-05 9.999983e-01 5.720147e+00
9.999941e-01 2.479867e-04 -3.431756e-03 -2.225621e+00 -2.467444e-04 9.999999e-01 3.624363e-04 -1.096919e-01 3.431846e-03 -3.615881e-04 9.999940e-01 5.972227e+00
9.999976e-01 8.867106e-06 -2.180905e-03 -2.597940e+00 -8.935351e-06 1.000000e+00 -3.130396e-05 -1.052227e-01 2.180905e-03 3.132409e-05 9.999976e-01 6.133977e+00
9.999961e-01 2.220884e-04 -2.770534e-03 -2.874547e+00 -2.213770e-04 9.999999e-01 2.571084e-04 -1.039039e-01 2.770591e-03 -2.564948e-04 9.999961e-01 5.988732e+00
9.999997e-01 -5.297027e-05 -8.185915e-04 -2.840421e+00 5.289427e-05 1.000000e+00 -9.293133e-05 -1.121419e-01 8.185967e-04 9.288871e-05 9.999997e-01 5.932349e+00
9.999891e-01 1.688306e-04 -4.669597e-03 -3.103332e+00 -1.669601e-04 9.999999e-01 4.009742e-04 -1.052959e-01 4.669664e-03 -4.001909e-04 9.999890e-01 5.609868e+00
1.000000e+00 4.296791e-05 -1.714856e-04 -3.331837e+00 -4.297652e-05 1.000000e+00 -5.054087e-05 -1.071041e-01 1.714838e-04 5.054895e-05 1.000000e+00 5.916903e+00
9.999939e-01 9.673537e-05 -3.496852e-03 -3.341721e+00 -9.611913e-05 1.000000e+00 1.764103e-04 -1.097000e-01 3.496868e-03 -1.760738e-04 9.999939e-01 5.678586e+00
1.000000e+00 9.112840e-05 -2.962998e-04 -3.383174e+00 -9.118058e-05 1.000000e+00 -1.763028e-04 -1.069549e-01 2.962841e-04 1.763305e-04 9.999999e-01 5.007775e+00
9.999963e-01 6.336484e-05 -2.724203e-03 -3.227471e+00 -6.284876e-05 1.000000e+00 1.895479e-04 -1.099289e-01 2.724215e-03 -1.893767e-04 9.999963e-01 4.433773e+00
1.000000e+00 -3.075960e-05 2.175915e-04 -2.717520e+00 3.076065e-05 1.000000e+00 -4.534361e-06 -1.144351e-01 -2.175910e-04 4.541766e-06 1.000000e+00 3.906301e+00
9.999958e-01 1.372805e-04 -2.888173e-03 -2.235178e+00 -1.367079e-04 1.000000e+00 1.984819e-04 -1.296076e-01 2.888200e-03 -1.980869e-04 9.999958e-01 3.887590e+00
9.999996e-01 8.018678e-05 -8.350903e-04 -2.071056e+00 -8.014950e-05 1.000000e+00 4.460051e-05 -1.426531e-01 8.350942e-04 -4.453286e-05 9.999997e-01 4.055827e+00
9.999980e-01 1.107307e-05 -2.007774e-03 -1.613651e+00 -1.052195e-05 1.000000e+00 2.745330e-04 -1.567748e-01 2.007777e-03 -2.745120e-04 9.999979e-01 3.967529e+00
1.000000e+00 -1.678012e-05 -2.512778e-04 -9.165143e-01 1.677786e-05 1.000000e+00 -9.258347e-06 -1.638479e-01 2.512783e-04 9.254842e-06 1.000000e+00 3.607630e+00
9.999972e-01 1.662628e-04 -2.344991e-03 -8.478424e-01 -1.665848e-04 1.000000e+00 -1.370932e-04 -1.656189e-01 2.344968e-03 1.374828e-04 9.999972e-01 3.317018e+00
9.999978e-01 -3.375881e-05 -2.101259e-03 -1.117216e+00 3.414231e-05 1.000000e+00 1.824463e-04 -1.553765e-01 2.101253e-03 -1.825169e-04 9.999978e-01 2.998067e+00
9.999964e-01 1.813281e-04 -2.660460e-03 -1.360991e+00 -1.815480e-04 1.000000e+00 -8.241667e-05 -1.463381e-01 2.660445e-03 8.289867e-05 9.999965e-01 2.810187e+00
9.999998e-01 -3.027425e-05 -6.762311e-04 -1.267888e+00 3.034944e-05 1.000000e+00 1.110750e-04 -1.433218e-01 6.762281e-04 -1.110948e-04 9.999998e-01 2.203271e+00
9.999985e-01 1.250876e-04 -1.724332e-03 -9.184907e-01 -1.251514e-04 1.000000e+00 -3.684555e-05 -1.429791e-01 1.724327e-03 3.706058e-05 9.999985e-01 1.564702e+00
9.999999e-01 -2.228329e-05 -5.054006e-04 -5.860250e-01 2.226011e-05 1.000000e+00 -4.600524e-05 -1.378774e-01 5.054020e-04 4.599470e-05 9.999999e-01 7.405570e-01
9.999983e-01 2.463336e-04 -1.840373e-03 -4.449842e-01 -2.466918e-04 1.000000e+00 -1.943294e-04 -1.339948e-01 1.840325e-03 1.947823e-04 9.999983e-01 -2.207885e-01
9.999991e-01 -1.447803e-05 -1.373352e-03 -4.693322e-01 1.458112e-05 1.000000e+00 7.500229e-05 -1.334475e-01 1.373351e-03 -7.502153e-05 9.999991e-01 -1.046314e+00
9.999925e-01 2.336694e-04 -3.860487e-03 -8.228065e-01 -2.331870e-04 1.000000e+00 1.254085e-04 -1.288610e-01 3.860516e-03 -1.245081e-04 9.999925e-01 -1.154344e+00
1.000000e+00 -4.016397e-05 -1.559361e-04 -1.062993e+00 4.018162e-05 1.000000e+00 1.127118e-04 -1.300892e-01 1.559319e-04 -1.127173e-04 1.000000e+00 -6.787199e-01
9.999961e-01 2.262670e-04 -2.798963e-03 -9.900568e-01 -2.256595e-04 1.000000e+00 2.173855e-04 -1.477948e-01 2.799012e-03 -2.167537e-04 9.999961e-01 -1.544882e-01
9.999996e-01 -2.521581e-05 -9.195031e-04 -1.007876e+00 2.535162e-05 1.000000e+00 1.476004e-04 -1.571321e-01 9.194997e-04 -1.476229e-04 9.999996e-01 2.345944e-01
9.999936e-01 2.170879e-04 -3.565357e-03 -1.132082e+00 -2.163750e-04 1.000000e+00 2.003546e-04 -1.594637e-01 3.565400e-03 -1.995825e-04 9.999936e-01 3.739509e-01
9.999995e-01 -1.720199e-05 -1.038213e-03 -1.358124e+00 1.731174e-05 1.000000e+00 1.056169e-04 -1.611643e-01 1.038212e-03 -1.056341e-04 9.999995e-01 6.062254e-01
9.999902e-01 2.326688e-04 -4.418824e-03 -1.743973e+00 -2.316749e-04 9.999999e-01 2.254551e-04 -1.541454e-01 4.418876e-03 -2.244299e-04 9.999902e-01 7.941646e-01
9.999995e-01 -1.173893e-05 -9.582698e-04 -2.136793e+00 1.183489e-05 1.000000e+00 1.000541e-04 -1.458827e-01 9.582690e-04 -1.000647e-04 9.999995e-01 9.666381e-01
9.999926e-01 2.197587e-04 -3.844762e-03 -2.511038e+00 -2.191612e-04 1.000000e+00 1.558400e-04 -1.385276e-01 3.844796e-03 -1.549969e-04 9.999926e-01 1.347365e+00
9.999974e-01 1.381880e-05 -2.259818e-03 -3.028929e+00 -1.363592e-05 1.000000e+00 8.090515e-05 -1.268534e-01 2.259820e-03 -8.087342e-05 9.999974e-01 1.196369e+00
9.999944e-01 2.421385e-04 -3.350820e-03 -3.441237e+00 -2.416367e-04 1.000000e+00 1.501774e-04 -1.182510e-01 3.350856e-03 -1.493676e-04 9.999944e-01 9.658257e-01
9.999935e-01 -6.451706e-06 -3.616799e-03 -4.063105e+00 6.914432e-06 1.000000e+00 1.279005e-04 -1.013797e-01 3.616799e-03 -1.279239e-04 9.999935e-01 9.288910e-01
9.999963e-01 2.294810e-04 -2.721336e-03 -4.663495e+00 -2.291518e-04 1.000000e+00 1.213099e-04 -8.237014e-02 2.721363e-03 -1.206865e-04 9.999963e-01 1.088722e+00
9.999945e-01 -3.683947e-05 -3.330106e-03 -5.258681e+00 3.718804e-05 1.000000e+00 1.045794e-04 -6.256370e-02 3.330102e-03 -1.047020e-04 9.999944e-01 1.476474e+00
9.999990e-01 2.172580e-04 -1.395558e-03 -5.539608e+00 -2.169607e-04 1.000000e+00 2.132309e-04 -5.809051e-02 1.395604e-03 -2.129286e-04 9.999990e-01 1.949361e+00
9.999948e-01 -8.539609e-05 -3.239099e-03 -5.857279e+00 8.560256e-05 1.000000e+00 6.357517e-05 -5.000244e-02 3.239094e-03 -6.385141e-05 9.999948e-01 2.562807e+00
9.999962e-01 3.212936e-04 -2.752277e-03 -6.251605e+00 -3.205216e-04 9.999999e-01 2.809677e-04 -4.416837e-02 2.752366e-03 -2.800851e-04 9.999962e-01 2.375568e+00
1.000000e+00 -1.120111e-04 1.222668e-04 -6.132599e+00 1.120380e-04 1.000000e+00 -2.192359e-04 -4.527391e-02 -1.222419e-04 2.192503e-04 1.000000e+00 1.712121e+00
9.999972e-01 1.089079e-04 -2.346493e-03 -5.698408e+00 -1.080444e-04 9.999999e-01 3.681861e-04 -4.925595e-02 2.346532e-03 -3.679322e-04 9.999972e-01 1.315156e+00
9.999939e-01 9.547131e-05 -3.478147e-03 -6.024468e+00 -9.551158e-05 1.000000e+00 -1.144213e-05 -4.403951e-02 3.478147e-03 1.177497e-05 9.999940e-01 1.312711e+00
9.999977e-01 1.765722e-04 -2.133246e-03 -6.403335e+00 -1.758084e-04 9.999999e-01 3.582677e-04 -3.803486e-02 2.133309e-03 -3.578926e-04 9.999977e-01 1.086821e+00
9.999925e-01 4.941240e-05 -3.880855e-03 -6.874719e+00 -4.978713e-05 1.000000e+00 -9.648998e-05 -2.967781e-02 3.880850e-03 9.668317e-05 9.999925e-01 1.005364e+00
9.999996e-01 2.307365e-04 -8.458594e-04 -7.180761e+00 -2.304426e-04 9.999999e-01 3.476816e-04 -3.120980e-02 8.459393e-04 -3.474873e-04 9.999996e-01 1.071827e+00
9.999977e-01 -1.893878e-05 -2.144150e-03 -7.163837e+00 1.821991e-05 9.999999e-01 -3.353421e-04 -3.232059e-02 2.144157e-03 3.353029e-04 9.999976e-01 2.974553e-01
9.999999e-01 2.117001e-04 -4.471505e-04 -7.060299e+00 -2.116079e-04 1.000000e+00 2.063200e-04 -3.093682e-02 4.471938e-04 -2.062260e-04 9.999999e-01 -5.492252e-01
9.999955e-01 1.335046e-04 -2.997741e-03 -6.976253e+00 -1.332662e-04 1.000000e+00 7.969154e-05 -5.455383e-02 2.997752e-03 -7.929098e-05 9.999955e-01 6.262910e-03
1.000000e+00 1.142799e-04 -1.027006e-04 -6.838534e+00 -1.142354e-04 9.999999e-01 4.345199e-04 -8.221996e-02 1.027499e-04 -4.345089e-04 9.999999e-01 6.948822e-01
9.999940e-01 6.673776e-05 -3.460666e-03 -6.892082e+00 -6.806424e-05 9.999999e-01 -3.832197e-04 -8.146782e-02 3.460640e-03 3.834537e-04 9.999939e-01 -4.259830e-02
9.999999e-01 1.051249e-04 -5.153125e-04 -6.993521e+00 -1.048789e-04 9.999999e-01 4.776394e-04 -7.976060e-02 5.153623e-04 -4.775860e-04 9.999998e-01 -5.817615e-01
9.999891e-01 1.199510e-04 -4.667151e-03 -7.311227e+00 -1.212470e-04 1.000000e+00 -2.774337e-04 -7.545533e-02 4.667118e-03 2.779973e-04 9.999891e-01 -1.185038e+00
9.999983e-01 9.149748e-05 1.816896e-03 -7.268061e+00 -9.193250e-05 1.000000e+00 2.392798e-04 -7.591027e-02 -1.816874e-03 -2.394472e-04 9.999983e-01 -1.959579e+00
9.999894e-01 4.238343e-05 -4.600881e-03 -7.106842e+00 -4.330109e-05 1.000000e+00 -1.993803e-04 -7.693000e-02 4.600873e-03 1.995781e-04 9.999894e-01 -2.612169e+00
9.999989e-01 7.576863e-05 1.497987e-03 -6.980374e+00 -7.610093e-05 1.000000e+00 2.216929e-04 -7.759573e-02 -1.497970e-03 -2.218074e-04 9.999989e-01 -3.252837e+00
9.999829e-01 1.378249e-04 -5.849924e-03 -7.207801e+00 -1.383201e-04 1.000000e+00 -8.427270e-05 -7.105330e-02 5.849913e-03 8.508112e-05 9.999829e-01 -3.830100e+00
9.999999e-01 7.940182e-05 4.866700e-04 -7.634890e+00 -7.949853e-05 1.000000e+00 1.984520e-04 -5.729725e-02 -4.866546e-04 -1.984913e-04 9.999999e-01 -4.396768e+00
9.999884e-01 1.303038e-04 -4.817537e-03 -7.752102e+00 -1.306410e-04 1.000000e+00 -6.971246e-05 -5.136565e-02 4.817528e-03 7.034172e-05 9.999884e-01 -5.002160e+00
9.999999e-01 1.876095e-04 4.180457e-04 -8.070386e+00 -1.876039e-04 1.000000e+00 -1.385888e-05 -4.217531e-02 -4.180486e-04 1.377975e-05 9.999999e-01 -6.061995e+00
9.999857e-01 9.113415e-05 -5.347306e-03 -8.447688e+00 -9.074160e-05 1.000000e+00 7.362942e-05 -3.176824e-02 5.347313e-03 -7.314244e-05 9.999857e-01 -6.832796e+00
9.999960e-01 2.789883e-05 2.837738e-03 -8.338511e+00 -2.811864e-05 1.000000e+00 7.737546e-05 -4.477338e-02 -2.837736e-03 -7.745564e-05 9.999960e-01 -6.375186e+00
9.999777e-01 1.033297e-04 -6.670585e-03 -8.543704e+00 -1.024358e-04 1.000000e+00 1.343232e-04 -5.025895e-02 6.670599e-03 -1.336362e-04 9.999777e-01 -5.780988e+00
9.999997e-01 2.172914e-04 -6.992032e-04 -9.362631e+00 -2.172746e-04 1.000000e+00 2.429405e-05 -2.664584e-02 6.992082e-04 -2.414283e-05 9.999998e-01 -6.259698e+00
9.999775e-01 9.614937e-05 -6.708686e-03 -1.017478e+01 -9.532029e-05 1.000000e+00 1.238826e-04 -4.057572e-03 6.708698e-03 -1.232397e-04 9.999775e-01 -6.775241e+00
9.999999e-01 1.916259e-04 4.363481e-04 -1.083855e+01 -1.916558e-04 1.000000e+00 6.812652e-05 1.637821e-02 -4.363353e-04 -6.821084e-05 9.999999e-01 -7.169570e+00
9.999922e-01 3.942332e-05 -3.947836e-03 -1.096421e+01 -3.959489e-05 1.000000e+00 -4.341701e-05 1.910826e-02 3.947835e-03 4.357368e-05 9.999922e-01 -8.075612e+00
9.999990e-01 1.350618e-04 1.375968e-03 -1.105742e+01 -1.353047e-04 1.000000e+00 1.762967e-04 8.494678e-03 -1.375944e-03 -1.764834e-04 9.999990e-01 -7.285724e+00
9.999941e-01 6.671540e-05 -3.429571e-03 -1.104775e+01 -6.672287e-05 1.000000e+00 -2.104801e-06 -1.313902e-02 3.429571e-03 2.334321e-06 9.999941e-01 -6.296179e+00
9.999995e-01 1.016466e-04 -1.040123e-03 -1.146077e+01 -1.015139e-04 1.000000e+00 1.277775e-04 -5.341666e-03 1.040136e-03 -1.276726e-04 9.999995e-01 -5.709236e+00
9.999977e-01 1.989794e-05 -2.160386e-03 -1.157847e+01 -1.997053e-05 1.000000e+00 -3.364732e-05 1.709539e-03 2.160385e-03 3.369108e-05 9.999977e-01 -5.469528e+00
1.000000e+00 2.213357e-04 1.464307e-04 -1.129741e+01 -2.213706e-04 9.999999e-01 2.375309e-04 -2.060810e-02 -1.463785e-04 -2.375640e-04 1.000000e+00 -4.300948e+00
9.999953e-01 -2.008316e-04 -3.057156e-03 -1.145688e+01 2.003136e-04 1.000000e+00 -1.697792e-04 -1.421167e-02 3.057190e-03 1.691668e-04 9.999953e-01 -3.679681e+00
9.999997e-01 3.521040e-04 7.500723e-04 -1.146353e+01 -3.523214e-04 9.999999e-01 2.895825e-04 -2.685796e-02 -7.499705e-04 -2.898474e-04 9.999997e-01 -2.947672e+00
9.999954e-01 -2.767035e-04 -3.023779e-03 -1.135379e+01 2.765011e-04 1.000000e+00 -6.738736e-05 -4.082866e-02 3.023797e-03 6.655167e-05 9.999954e-01 -2.504521e+00
9.999994e-01 3.209910e-04 1.023566e-03 -1.101897e+01 -3.211625e-04 9.999999e-01 1.671950e-04 -5.087211e-02 -1.023512e-03 -1.675244e-04 9.999995e-01 -2.334654e+00
9.999952e-01 -1.951536e-04 -3.097216e-03 -1.088116e+01 1.947013e-04 1.000000e+00 -1.463860e-04 -6.011549e-02 3.097245e-03 1.457830e-04 9.999952e-01 -2.165518e+00
9.999996e-01 3.757057e-04 8.391392e-04 -1.073350e+01 -3.759986e-04 9.999999e-01 3.486358e-04 -8.254655e-02 -8.390084e-04 -3.489519e-04 9.999996e-01 -1.435500e+00
9.999877e-01 -2.589365e-04 -4.950529e-03 -1.092446e+01 2.573478e-04 9.999999e-01 -3.215681e-04 -5.914611e-02 4.950612e-03 3.202909e-04 9.999877e-01 -6.640373e-01
9.999958e-01 3.307637e-04 2.870610e-03 -1.055171e+01 -3.322179e-04 9.999998e-01 5.060652e-04 -6.262373e-02 -2.870442e-03 -5.070174e-04 9.999958e-01 -8.775980e-01
9.999887e-01 -2.475097e-04 -4.755200e-03 -1.026743e+01 2.463363e-04 9.999999e-01 -2.473733e-04 -8.286109e-02 4.755261e-03 2.461998e-04 9.999887e-01 -6.235638e-01
9.999979e-01 2.609636e-04 2.046013e-03 -1.014359e+01 -2.620307e-04 9.999998e-01 5.212322e-04 -1.038928e-01 -2.045877e-03 -5.217679e-04 9.999978e-01 1.030037e-01
9.999814e-01 -1.649391e-04 -6.100605e-03 -1.015369e+01 1.645655e-04 1.000000e+00 -6.176231e-05 -1.048296e-01 6.100615e-03 6.075791e-05 9.999814e-01 6.652972e-01
9.999968e-01 3.353129e-04 2.513110e-03 -9.927754e+00 -3.367573e-04 9.999998e-01 5.742690e-04 -1.221844e-01 -2.512918e-03 -5.751142e-04 9.999967e-01 1.116849e+00
9.999752e-01 -3.617814e-04 -7.039749e-03 -1.007675e+01 3.597896e-04 9.999999e-01 -2.842277e-04 -1.081228e-01 7.039852e-03 2.816886e-04 9.999752e-01 1.536189e+00
9.999919e-01 3.946415e-04 3.994144e-03 -9.688801e+00 -3.975352e-04 9.999997e-01 7.236761e-04 -1.159261e-01 -3.993857e-03 -7.252587e-04 9.999918e-01 1.483882e+00
9.999690e-01 -1.787678e-04 -7.869359e-03 -9.839436e+00 1.729137e-04 9.999997e-01 -7.446053e-04 -1.095480e-01 7.869490e-03 7.432222e-04 9.999688e-01 6.925955e-01
9.999921e-01 4.074758e-04 3.955627e-03 -9.975005e+00 -4.103588e-04 9.999997e-01 7.279941e-04 -1.056137e-01 -3.955329e-03 -7.296123e-04 9.999919e-01 -9.829282e-02
9.999273e-01 -9.552717e-05 -1.205441e-02 -1.098396e+01 8.754470e-05 9.999998e-01 -6.627422e-04 -6.447668e-02 1.205447e-02 6.616395e-04 9.999271e-01 -1.709854e-01
9.999601e-01 1.868038e-04 8.931856e-03 -1.087379e+01 -1.930961e-04 9.999997e-01 7.036014e-04 -6.659733e-02 -8.931722e-03 -7.052987e-04 9.999599e-01 -6.950171e-01
9.999300e-01 -1.670303e-04 -1.182995e-02 -1.038961e+01 1.610186e-04 9.999999e-01 -5.091423e-04 -6.301566e-02 1.183004e-02 5.072025e-04 9.999299e-01 -1.347431e+00
9.999639e-01 4.467691e-04 8.490766e-03 -1.049804e+01 -4.498902e-04 9.999998e-01 3.656581e-04 -5.945390e-02 -8.490602e-03 -3.694655e-04 9.999639e-01 -2.462224e+00
9.999350e-01 -4.350392e-04 -1.138993e-02 -9.975788e+00 4.354704e-04 9.999999e-01 3.536713e-05 -6.098544e-02 1.138991e-02 -4.032412e-05 9.999351e-01 -2.845737e+00
9.999747e-01 5.345413e-04 7.093967e-03 -9.847455e+00 -5.379153e-04 9.999997e-01 4.736912e-04 -6.579416e-02 -7.093712e-03 -4.774958e-04 9.999747e-01 -2.605756e+00
9.999407e-01 -4.506467e-04 -1.088372e-02 -9.546991e+00 4.514249e-04 9.999999e-01 6.902885e-05 -8.061386e-02 1.088368e-02 -7.393724e-05 9.999408e-01 -2.222368e+00
9.999781e-01 6.331172e-04 6.584794e-03 -9.510958e+00 -6.344006e-04 9.999998e-01 1.927978e-04 -7.707492e-02 -6.584671e-03 -1.969717e-04 9.999783e-01 -2.367038e+00
9.999060e-01 -2.718862e-04 -1.371035e-02 -1.033019e+01 2.693790e-04 9.999999e-01 -1.847277e-04 -5.143174e-02 1.371040e-02 1.810177e-04 9.999060e-01 -3.196093e+00
9.999656e-01 4.657258e-04 8.276130e-03 -1.069336e+01 -4.689308e-04 9.999998e-01 3.853037e-04 -4.165200e-02 -8.275949e-03 -3.891721e-04 9.999657e-01 -3.454152e+00
9.999381e-01 -3.526601e-04 -1.112281e-02 -1.045871e+01 3.516361e-04 9.999999e-01 -9.403664e-05 -5.070267e-02 1.112284e-02 9.012033e-05 9.999381e-01 -3.140231e+00
9.999811e-01 4.283056e-04 6.131461e-03 -1.089201e+01 -4.302854e-04 9.999999e-01 3.215371e-04 -2.543364e-02 -6.131323e-03 -3.241700e-04 9.999812e-01 -2.517192e+00
9.999408e-01 -7.218812e-04 -1.085877e-02 -1.053391e+01 7.245014e-04 9.999997e-01 2.373526e-04 -1.436232e-02 1.085859e-02 -2.452051e-04 9.999410e-01 -2.204773e+00
9.999721e-01 2.740850e-04 7.458447e-03 -9.095196e+00 -2.739632e-04 1.000000e+00 -1.737932e-05 -1.260724e-02 -7.458452e-03 1.533480e-05 9.999722e-01 -2.588341e+00
9.999449e-01 -8.081993e-04 -1.046970e-02 -7.815777e+00 8.106923e-04 9.999996e-01 2.338520e-04 -5.107678e-03 1.046951e-02 -2.423261e-04 9.999452e-01 -2.742718e+00
9.999656e-01 2.563727e-04 8.295518e-03 -6.648620e+00 -2.534920e-04 9.999999e-01 -3.483205e-04 1.582028e-02 -8.295607e-03 3.462050e-04 9.999655e-01 -2.666854e+00
9.999348e-01 -7.522529e-04 -1.139090e-02 -5.228914e+00 7.585182e-04 9.999996e-01 5.456967e-04 2.070332e-02 1.139049e-02 -5.543007e-04 9.999350e-01 -2.743069e+00
9.999628e-01 6.055929e-04 8.602870e-03 -4.123548e+00 -6.035788e-04 9.999998e-01 -2.367337e-04 1.796849e-02 -8.603012e-03 2.315317e-04 9.999630e-01 -3.155069e+00
9.999346e-01 -4.289535e-04 -1.142865e-02 -3.944473e+00 4.297582e-04 9.999999e-01 6.793937e-05 2.184945e-02 1.142862e-02 -7.284579e-05 9.999347e-01 -4.041451e+00
9.999658e-01 5.311349e-04 8.249374e-03 -3.765643e+00 -5.300877e-04 9.999999e-01 -1.291541e-04 1.974303e-02 -8.249442e-03 1.247761e-04 9.999660e-01 -4.551243e+00
9.999413e-01 -4.392052e-04 -1.082615e-02 -3.487866e+00 4.395844e-04 9.999999e-01 3.263185e-05 1.600957e-02 1.082613e-02 -3.738825e-05 9.999414e-01 -5.023206e+00
9.999726e-01 5.057705e-04 7.386918e-03 -2.943312e+00 -5.093953e-04 9.999998e-01 4.888099e-04 1.112845e-03 -7.386669e-03 -4.925600e-04 9.999726e-01 -4.978667e+00
9.999450e-01 -3.297383e-04 -1.048606e-02 -2.879626e+00 3.235063e-04 9.999998e-01 -5.960134e-04 5.596965e-03 1.048625e-02 5.925890e-04 9.999448e-01 -5.781933e+00
9.999783e-01 5.745192e-04 6.561643e-03 -3.068024e+00 -5.775453e-04 9.999997e-01 4.592678e-04 1.446829e-02 -6.561378e-03 -4.630482e-04 9.999784e-01 -6.716134e+00
9.999402e-01 -4.292589e-04 -1.093060e-02 -3.216595e+00 4.220018e-04 9.999997e-01 -6.662439e-04 3.396323e-02 1.093089e-02 6.615920e-04 9.999400e-01 -7.459093e+00
9.999635e-01 4.717919e-04 8.531606e-03 -2.771688e+00 -4.780215e-04 9.999996e-01 7.281296e-04 2.271480e-02 -8.531259e-03 -7.321820e-04 9.999633e-01 -7.580691e+00
9.999392e-01 -3.985257e-04 -1.101970e-02 -2.434333e+00 3.905253e-04 9.999997e-01 -7.281698e-04 1.556725e-02 1.101999e-02 7.238227e-04 9.999390e-01 -7.686469e+00
9.999676e-01 2.053521e-04 8.051210e-03 -1.682604e+00 -2.149308e-04 9.999993e-01 1.188845e-03 7.161426e-03 -8.050960e-03 -1.190538e-03 9.999669e-01 -7.910069e+00
9.999435e-01 -2.800346e-04 -1.063045e-02 -6.680482e-01 2.701677e-04 9.999995e-01 -9.296139e-04 1.010116e-02 1.063070e-02 9.266901e-04 9.999431e-01 -8.366619e+00
9.999677e-01 4.890041e-05 8.032613e-03 1.080536e-01 -5.911776e-05 9.999992e-01 1.271726e-03 6.872161e-03 -8.032545e-03 -1.272160e-03 9.999669e-01 -8.697728e+00
9.999260e-01 6.884986e-05 -1.216354e-02 6.790553e-01 -7.759559e-05 9.999997e-01 -7.185578e-04 -1.720875e-03 1.216349e-02 7.194492e-04 9.999258e-01 -8.208148e+00
9.999678e-01 -1.866822e-04 8.027952e-03 1.548430e+00 1.739339e-04 9.999987e-01 1.588634e-03 -3.062855e-02 -8.028239e-03 -1.587187e-03 9.999665e-01 -7.769303e+00
9.999238e-01 2.418172e-04 -1.234194e-02 2.368813e+00 -2.508070e-04 9.999997e-01 -7.268681e-04 -6.223551e-02 1.234176e-02 7.299088e-04 9.999236e-01 -7.436199e+00
9.999663e-01 -2.892571e-04 8.209249e-03 3.077617e+00 2.768880e-04 9.999988e-01 1.507803e-03 -8.910095e-02 -8.209676e-03 -1.505480e-03 9.999652e-01 -7.081017e+00
9.999235e-01 3.010398e-04 -1.236353e-02 3.897584e+00 -3.088908e-04 9.999998e-01 -6.331293e-04 -1.208467e-01 1.236334e-02 6.369005e-04 9.999234e-01 -6.735273e+00
9.999677e-01 -2.887089e-04 8.035854e-03 4.718766e+00 2.763536e-04 9.999988e-01 1.538566e-03 -1.536324e-01 -8.036288e-03 -1.536296e-03 9.999665e-01 -6.418442e+00
9.999222e-01 2.106952e-04 -1.247537e-02 5.645488e+00 -2.175158e-04 9.999998e-01 -5.453900e-04 -1.849222e-01 1.247525e-02 5.480618e-04 9.999220e-01 -6.152819e+00
9.999634e-01 1.368621e-05 8.551974e-03 6.594537e+00 -2.606564e-05 9.999990e-01 1.447417e-03 -2.331418e-01 -8.551945e-03 -1.447587e-03 9.999624e-01 -5.437683e+00
9.999229e-01 3.796800e-06 -1.242131e-02 7.594233e+00 -9.221757e-06 9.999999e-01 -4.367054e-04 -2.821636e-01 1.242131e-02 4.367870e-04 9.999228e-01 -4.696997e+00
9.999628e-01 1.075580e-04 8.624421e-03 8.484804e+00 -1.169968e-04 9.999994e-01 1.093903e-03 -3.136219e-01 -8.624299e-03 -1.094872e-03 9.999622e-01 -4.314844e+00
9.999321e-01 -8.025443e-06 -1.165189e-02 8.940110e+00 -2.026973e-06 9.999996e-01 -8.627342e-04 -3.286164e-01 1.165189e-02 8.626999e-04 9.999317e-01 -4.330653e+00
9.999605e-01 1.187477e-04 8.885415e-03 9.326797e+00 -1.273433e-04 9.999995e-01 9.668005e-04 -3.433803e-01 -8.885297e-03 -9.678945e-04 9.999601e-01 -4.341467e+00
9.999211e-01 5.023428e-05 -1.256236e-02 9.466415e+00 -6.019171e-05 9.999997e-01 -7.922800e-04 -3.538496e-01 1.256232e-02 7.929743e-04 9.999208e-01 -4.104603e+00
9.999591e-01 9.412418e-05 9.038247e-03 9.652824e+00 -1.034070e-04 9.999995e-01 1.026572e-03 -3.655885e-01 -9.038146e-03 -1.027465e-03 9.999586e-01 -3.811529e+00
9.999209e-01 3.518123e-05 -1.257856e-02 9.877059e+00 -4.596152e-05 9.999996e-01 -8.567652e-04 -3.721392e-01 1.257852e-02 8.572762e-04 9.999205e-01 -3.827127e+00
9.999687e-01 2.157261e-04 7.911180e-03 9.823421e+00 -2.245183e-04 9.999994e-01 1.110463e-03 -3.750904e-01 -7.910936e-03 -1.112205e-03 9.999681e-01 -3.693898e+00
9.999191e-01 -3.849266e-05 -1.271867e-02 9.682633e+00 2.772214e-05 9.999996e-01 -8.470200e-04 -3.776049e-01 1.271870e-02 8.465996e-04 9.999188e-01 -3.352605e+00
9.999699e-01 2.166943e-04 7.755815e-03 9.478250e+00 -2.253093e-04 9.999994e-01 1.109900e-03 -3.786390e-01 -7.755569e-03 -1.111615e-03 9.999693e-01 -3.027631e+00
9.999015e-01 2.813272e-05 -1.403656e-02 8.993328e+00 -4.095813e-05 9.999996e-01 -9.134440e-04 -3.662422e-01 1.403653e-02 9.139296e-04 9.999011e-01 -3.214321e+00
9.999637e-01 1.735705e-04 8.522620e-03 8.627660e+00 -1.820359e-04 9.999995e-01 9.924954e-04 -3.531096e-01 -8.522443e-03 -9.940115e-04 9.999632e-01 -3.607280e+00
9.999009e-01 1.614113e-05 -1.407511e-02 8.283627e+00 -2.815143e-05 9.999996e-01 -8.531187e-04 -3.436800e-01 1.407510e-02 8.534311e-04 9.999006e-01 -3.782216e+00
9.999657e-01 1.873796e-04 8.285333e-03 7.877776e+00 -1.959652e-04 9.999994e-01 1.035418e-03 -3.361768e-01 -8.285135e-03 -1.037007e-03 9.999651e-01 -3.803552e+00
9.999114e-01 4.672332e-05 -1.331136e-02 7.622796e+00 -5.837567e-05 9.999996e-01 -8.749989e-04 -3.342539e-01 1.331131e-02 8.756992e-04 9.999110e-01 -3.746585e+00
9.999585e-01 1.599221e-04 9.108243e-03 7.570812e+00 -1.688415e-04 9.999995e-01 9.784795e-04 -3.385287e-01 -9.108083e-03 -9.799774e-04 9.999580e-01 -3.716159e+00
9.999209e-01 -4.215797e-05 -1.257806e-02 7.890301e+00 3.463466e-05 9.999998e-01 -5.983654e-04 -3.609634e-01 1.257809e-02 5.978831e-04 9.999207e-01 -3.423034e+00
9.999619e-01 1.595127e-06 8.730983e-03 8.607062e+00 -1.326810e-05 9.999991e-01 1.336875e-03 -3.914680e-01 -8.730973e-03 -1.336940e-03 9.999610e-01 -3.151957e+00
9.999144e-01 6.954461e-05 -1.308050e-02 9.379889e+00 -7.604468e-05 9.999999e-01 -4.964490e-04 -4.224663e-01 1.308046e-02 4.974019e-04 9.999143e-01 -2.858732e+00
9.999593e-01 -5.805331e-05 9.018176e-03 9.933028e+00 4.721224e-05 9.999993e-01 1.202317e-03 -4.468159e-01 -9.018239e-03 -1.201843e-03 9.999586e-01 -2.598688e+00
9.999178e-01 5.882570e-05 -1.282274e-02 1.059793e+01 -6.643597e-05 9.999998e-01 -5.930913e-04 -4.683507e-01 1.282271e-02 5.938951e-04 9.999176e-01 -2.382162e+00
9.999585e-01 1.933381e-05 9.112204e-03 1.114679e+01 -3.007926e-05 9.999993e-01 1.179074e-03 -4.885698e-01 -9.112175e-03 -1.179300e-03 9.999578e-01 -2.247386e+00
9.999149e-01 4.105443e-06 -1.304287e-02 1.175474e+01 -9.638233e-06 9.999999e-01 -4.241558e-04 -5.171324e-01 1.304287e-02 4.242461e-04 9.999148e-01 -1.943902e+00
9.999565e-01 4.220723e-05 9.322094e-03 1.235394e+01 -5.323356e-05 9.999993e-01 1.182545e-03 -5.493330e-01 -9.322038e-03 -1.182991e-03 9.999558e-01 -1.544206e+00
9.999149e-01 2.281220e-05 -1.304925e-02 1.277483e+01 -3.466705e-05 9.999996e-01 -9.082629e-04 -5.557515e-01 1.304922e-02 9.086386e-04 9.999144e-01 -1.040329e+00
9.999526e-01 -1.037662e-04 9.733441e-03 1.329053e+01 9.111536e-05 9.999992e-01 1.300137e-03 -5.619666e-01 -9.733568e-03 -1.299190e-03 9.999518e-01 -6.050200e-01
9.999042e-01 1.261629e-04 -1.384344e-02 1.400309e+01 -1.325874e-04 9.999999e-01 -4.631813e-04 -5.921697e-01 1.384338e-02 4.649730e-04 9.999041e-01 -2.630796e-01
9.999546e-01 -2.931857e-04 9.527712e-03 1.501836e+01 2.804217e-04 9.999991e-01 1.340950e-03 -6.151896e-01 -9.528097e-03 -1.338218e-03 9.999537e-01 -1.418299e-01
9.999135e-01 3.869125e-04 -1.314821e-02 1.571634e+01 -3.961991e-04 9.999997e-01 -7.037223e-04 -6.389654e-01 1.314794e-02 7.088714e-04 9.999133e-01 8.562531e-03
9.999469e-01 -8.033331e-04 1.027562e-02 1.737722e+01 7.882010e-04 9.999986e-01 1.476560e-03 -6.645164e-01 -1.027680e-02 -1.468383e-03 9.999461e-01 -5.356104e-02
9.999161e-01 3.899676e-04 -1.294467e-02 1.933209e+01 -4.002021e-04 9.999996e-01 -7.880697e-04 -6.872594e-01 1.294435e-02 7.931848e-04 9.999159e-01 -2.607536e-01
9.999608e-01 -5.987558e-04 8.836980e-03 2.035138e+01 5.842832e-04 9.999985e-01 1.640196e-03 -7.047571e-01 -8.837949e-03 -1.634969e-03 9.999596e-01 -3.562709e-01
9.999212e-01 2.094913e-04 -1.254873e-02 2.205514e+01 -2.179541e-04 9.999997e-01 -6.730443e-04 -7.212803e-01 1.254859e-02 6.757270e-04 9.999210e-01 -6.745088e-01
9.999564e-01 -2.575561e-04 9.335329e-03 2.299829e+01 2.463938e-04 9.999993e-01 1.196813e-03 -7.299655e-01 -9.335631e-03 -1.194462e-03 9.999557e-01 -1.011615e+00
9.998909e-01 6.342844e-04 -1.475974e-02 2.255279e+01 -6.507026e-04 9.999992e-01 -1.107606e-03 -7.205417e-01 1.475902e-02 1.117090e-03 9.998905e-01 -1.957404e+00
9.999431e-01 -3.878183e-04 1.065818e-02 2.242253e+01 3.732417e-04 9.999990e-01 1.369573e-03 -7.223612e-01 -1.065870e-02 -1.365518e-03 9.999423e-01 -2.278105e+00
9.999218e-01 4.967882e-05 -1.250721e-02 2.314850e+01 -6.556888e-05 9.999992e-01 -1.270085e-03 -7.092602e-01 1.250714e-02 1.270807e-03 9.999210e-01 -3.252379e+00
9.999440e-01 -1.223714e-04 1.058545e-02 2.405908e+01 1.072988e-04 9.999990e-01 1.424429e-03 -6.922566e-01 -1.058561e-02 -1.423214e-03 9.999430e-01 -4.402615e+00
9.998802e-01 6.099973e-04 -1.546962e-02 2.351921e+01 -6.383500e-04 9.999981e-01 -1.827949e-03 -6.627860e-01 1.546848e-02 1.837606e-03 9.998787e-01 -5.990126e+00
9.999492e-01 -1.162476e-04 1.008000e-02 2.277643e+01 1.047689e-04 9.999993e-01 1.139249e-03 -6.306222e-01 -1.008012e-02 -1.138135e-03 9.999485e-01 -8.182692e+00
9.999196e-01 5.464891e-04 -1.266490e-02 2.259904e+01 -5.692888e-04 9.999982e-01 -1.796717e-03 -6.185919e-01 1.266390e-02 1.803783e-03 9.999182e-01 -9.936282e+00
9.999623e-01 -4.902129e-04 8.672183e-03 2.266736e+01 4.769004e-04 9.999987e-01 1.537050e-03 -6.164379e-01 -8.672926e-03 -1.532857e-03 9.999612e-01 -1.049392e+01
9.999118e-01 4.527753e-04 -1.327558e-02 2.291583e+01 -4.668746e-04 9.999993e-01 -1.058990e-03 -6.228861e-01 1.327509e-02 1.065095e-03 9.999113e-01 -1.064401e+01
9.999729e-01 -4.520313e-04 7.354399e-03 2.283212e+01 4.398307e-04 9.999985e-01 1.660444e-03 -6.194628e-01 -7.355139e-03 -1.657164e-03 9.999716e-01 -1.024203e+01
9.999045e-01 5.426582e-04 -1.380687e-02 2.261245e+01 -5.569857e-04 9.999993e-01 -1.033905e-03 -6.080198e-01 1.380630e-02 1.041497e-03 9.999041e-01 -9.857649e+00
9.999659e-01 -7.032818e-04 8.227518e-03 2.278616e+01 6.879412e-04 9.999980e-01 1.867194e-03 -6.089481e-01 -8.228815e-03 -1.861471e-03 9.999644e-01 -9.551089e+00
9.999194e-01 4.865246e-04 -1.268448e-02 2.366302e+01 -4.983540e-04 9.999994e-01 -9.294671e-04 -6.313744e-01 1.268403e-02 9.357143e-04 9.999191e-01 -9.294142e+00
9.999584e-01 -7.599984e-04 9.086577e-03 2.429335e+01 7.464861e-04 9.999986e-01 1.490331e-03 -6.455878e-01 -9.087697e-03 -1.483487e-03 9.999576e-01 -9.165589e+00
9.998944e-01 8.496984e-04 -1.451040e-02 2.399335e+01 -8.650220e-04 9.999991e-01 -1.049820e-03 -6.338596e-01 1.450949e-02 1.062262e-03 9.998942e-01 -8.729560e+00
9.999644e-01 -6.980994e-04 8.413383e-03 2.351499e+01 6.856796e-04 9.999987e-01 1.478949e-03 -6.169179e-01 -8.414404e-03 -1.473128e-03 9.999635e-01 -8.495345e+00
9.999274e-01 7.527190e-04 -1.202357e-02 2.391377e+01 -7.624847e-04 9.999994e-01 -8.076726e-04 -6.392090e-01 1.202295e-02 8.167825e-04 9.999274e-01 -8.225285e+00
9.999541e-01 -4.894533e-04 9.571627e-03 2.406696e+01 4.782397e-04 9.999992e-01 1.173770e-03 -6.688956e-01 -9.572194e-03 -1.169139e-03 9.999535e-01 -7.263635e+00
9.999276e-01 7.657043e-04 -1.200672e-02 2.419077e+01 -7.760537e-04 9.999993e-01 -8.573511e-04 -6.990506e-01 1.200606e-02 8.666076e-04 9.999275e-01 -6.298698e+00
9.999662e-01 -8.881432e-04 8.169645e-03 2.491913e+01 8.755479e-04 9.999984e-01 1.545129e-03 -7.243215e-01 -8.171005e-03 -1.537924e-03 9.999654e-01 -6.089939e+00
9.999338e-01 1.000652e-03 -1.145845e-02 2.523925e+01 -1.011929e-03 9.999990e-01 -9.784326e-04 -7.489239e-01 1.145746e-02 9.899637e-04 9.999339e-01 -5.669451e+00
9.999634e-01 -8.155285e-04 8.515928e-03 2.546576e+01 8.031008e-04 9.999986e-01 1.462632e-03 -7.778567e-01 -8.517109e-03 -1.455740e-03 9.999627e-01 -4.903065e+00
9.999344e-01 1.050567e-03 -1.140719e-02 2.562399e+01 -1.062552e-03 9.999989e-01 -1.044732e-03 -8.049613e-01 1.140608e-02 1.056785e-03 9.999344e-01 -4.235940e+00
9.999658e-01 -1.049590e-03 8.205975e-03 2.610326e+01 1.036273e-03 9.999981e-01 1.626809e-03 -8.260865e-01 -8.207667e-03 -1.618250e-03 9.999650e-01 -4.077126e+00
9.999351e-01 1.235756e-03 -1.132839e-02 2.632468e+01 -1.249158e-03 9.999985e-01 -1.176071e-03 -8.546086e-01 1.132692e-02 1.190146e-03 9.999351e-01 -3.450864e+00
9.999645e-01 -1.045809e-03 8.356860e-03 2.630121e+01 1.033713e-03 9.999984e-01 1.451621e-03 -8.710575e-01 -8.358365e-03 -1.442932e-03 9.999640e-01 -2.610194e+00
9.999294e-01 1.188477e-03 -1.181940e-02 2.607563e+01 -1.202720e-03 9.999986e-01 -1.197991e-03 -8.727788e-01 1.181796e-02 1.212122e-03 9.999294e-01 -1.661853e+00
9.999643e-01 -9.815604e-04 8.391623e-03 2.595560e+01 9.691282e-04 9.999984e-01 1.485399e-03 -8.821019e-01 -8.393068e-03 -1.477214e-03 9.999637e-01 -5.996531e-01
9.999186e-01 9.337683e-04 -1.272108e-02 2.600664e+01 -9.462150e-04 9.999991e-01 -9.724725e-04 -8.863864e-01 1.272016e-02 9.844310e-04 9.999186e-01 -2.497815e-01
9.999609e-01 -1.013544e-03 8.779060e-03 2.616732e+01 1.000929e-03 9.999985e-01 1.441235e-03 -8.878886e-01 -8.780508e-03 -1.432392e-03 9.999604e-01 4.979951e-02
9.999160e-01 7.624382e-04 -1.293649e-02 2.639327e+01 -7.770798e-04 9.999991e-01 -1.126842e-03 -8.788359e-01 1.293562e-02 1.136801e-03 9.999157e-01 8.371804e-02
9.999543e-01 -1.265476e-03 9.479261e-03 2.687268e+01 1.253488e-03 9.999984e-01 1.270458e-03 -8.499884e-01 -9.480854e-03 -1.258518e-03 9.999543e-01 -8.739259e-01
9.999481e-01 2.595087e-04 -1.018708e-02 2.839942e+01 -2.735840e-04 9.999990e-01 -1.380342e-03 -8.091332e-01 1.018671e-02 1.383058e-03 9.999472e-01 -2.859168e+00
9.999539e-01 -1.230649e-03 9.521687e-03 3.025563e+01 1.220081e-03 9.999986e-01 1.115579e-03 -7.630907e-01 -9.523047e-03 -1.103911e-03 9.999540e-01 -4.827051e+00
9.999397e-01 6.337983e-04 -1.096202e-02 3.161734e+01 -6.473889e-04 9.999990e-01 -1.236313e-03 -7.356572e-01 1.096122e-02 1.243336e-03 9.999392e-01 -6.262417e+00
9.999676e-01 -8.609084e-04 8.004882e-03 3.174785e+01 8.500268e-04 9.999987e-01 1.362639e-03 -7.233318e-01 -8.006045e-03 -1.355791e-03 9.999670e-01 -6.901166e+00
9.999089e-01 3.579391e-04 -1.349364e-02 3.293795e+01 -3.593003e-04 9.999999e-01 -9.847548e-05 -7.442783e-01 1.349360e-02 1.033154e-04 9.999090e-01 -6.486307e+00
9.999439e-01 -9.306746e-04 1.055047e-02 3.408135e+01 9.268340e-04 9.999995e-01 3.688725e-04 -7.602518e-01 -1.055081e-02 -3.590740e-04 9.999443e-01 -6.337390e+00
9.998928e-01 9.567328e-04 -1.461176e-02 3.416278e+01 -9.563983e-04 9.999995e-01 2.985551e-05 -7.659713e-01 1.461178e-02 -1.587699e-05 9.998932e-01 -5.857449e+00
9.998988e-01 -5.450000e-04 1.421263e-02 3.430604e+01 5.453634e-04 9.999999e-01 -2.171867e-05 -8.131667e-01 -1.421262e-02 2.946688e-05 9.998990e-01 -3.666627e+00
9.998999e-01 8.751159e-04 -1.412078e-02 3.434396e+01 -8.775351e-04 9.999996e-01 -1.651449e-04 -8.574500e-01 1.412063e-02 1.775205e-04 9.999003e-01 -1.342064e+00
9.999009e-01 -5.841933e-04 1.406880e-02 3.418812e+01 5.859951e-04 9.999998e-01 -1.239765e-04 -8.823033e-01 -1.406872e-02 1.322078e-04 9.999010e-01 8.461761e-01
9.998902e-01 9.076104e-04 -1.478775e-02 3.413435e+01 -9.084023e-04 9.999996e-01 -4.685838e-05 -9.112584e-01 1.478771e-02 6.028712e-05 9.998907e-01 2.820758e+00
9.999336e-01 -1.063160e-03 1.147118e-02 3.453765e+01 1.056715e-03 9.999993e-01 5.678520e-04 -9.328648e-01 -1.147177e-02 -5.556932e-04 9.999340e-01 3.259019e+00
9.998862e-01 1.246041e-03 -1.503131e-02 3.484374e+01 -1.247464e-03 9.999992e-01 -8.528025e-05 -9.564889e-01 1.503119e-02 1.040222e-04 9.998870e-01 4.147392e+00
9.999395e-01 -1.239385e-03 1.093254e-02 3.499823e+01 1.232405e-03 9.999990e-01 6.452093e-04 -9.652517e-01 -1.093333e-02 -6.316975e-04 9.999400e-01 5.349510e+00
9.998831e-01 7.541063e-04 -1.526900e-02 3.567148e+01 -7.541445e-04 9.999997e-01 3.239265e-06 -9.645300e-01 1.526900e-02 8.276794e-06 9.998834e-01 5.915898e+00
9.999337e-01 -1.026509e-03 1.147171e-02 3.631006e+01 1.020159e-03 9.999993e-01 5.593138e-04 -9.794798e-01 -1.147228e-02 -5.475743e-04 9.999340e-01 6.422152e+00
9.998739e-01 9.954310e-04 -1.584928e-02 3.662080e+01 -9.920050e-04 9.999995e-01 2.239997e-04 -9.925477e-01 1.584949e-02 -2.082483e-04 9.998744e-01 7.507422e+00
9.999118e-01 -8.310801e-04 1.325196e-02 3.681515e+01 8.268429e-04 9.999996e-01 3.251909e-04 -1.022749e+00 -1.325222e-02 -3.142056e-04 9.999121e-01 8.947939e+00
9.998714e-01 1.026712e-03 -1.600182e-02 3.716391e+01 -1.021916e-03 9.999994e-01 3.078407e-04 -1.056881e+00 1.600213e-02 -2.914480e-04 9.998719e-01 9.927481e+00
9.999059e-01 -7.740593e-04 1.369654e-02 3.728801e+01 7.740902e-04 9.999997e-01 3.023485e-06 -1.084262e+00 -1.369654e-02 7.578516e-06 9.999062e-01 1.099872e+01
9.998708e-01 1.054422e-03 -1.604018e-02 3.733870e+01 -1.049898e-03 9.999994e-01 2.904546e-04 -1.106946e+00 1.604048e-02 -2.735758e-04 9.998713e-01 1.206712e+01
9.998902e-01 -7.163606e-04 1.479797e-02 3.729435e+01 7.206191e-04 9.999997e-01 -2.824730e-04 -1.132036e+00 -1.479776e-02 2.931051e-04 9.998905e-01 1.375946e+01
9.998662e-01 9.506272e-04 -1.632819e-02 3.716032e+01 -9.457620e-04 9.999995e-01 3.056592e-04 -1.148914e+00 1.632847e-02 -2.901751e-04 9.998666e-01 1.528354e+01
9.999085e-01 -6.953176e-04 1.351198e-02 3.736271e+01 6.933560e-04 9.999997e-01 1.498346e-04 -1.176472e+00 -1.351208e-02 -1.404529e-04 9.999087e-01 1.622492e+01
9.998705e-01 4.186920e-04 -1.608571e-02 3.815084e+01 -4.125963e-04 9.999998e-01 3.822459e-04 -1.190730e+00 1.608587e-02 -3.755588e-04 9.998705e-01 1.619490e+01
9.999088e-01 -7.366231e-04 1.348428e-02 3.880718e+01 7.355975e-04 9.999997e-01 8.098980e-05 -1.192045e+00 -1.348433e-02 -7.106405e-05 9.999091e-01 1.564591e+01
9.998629e-01 8.426926e-04 -1.653570e-02 3.888767e+01 -8.425770e-04 9.999996e-01 1.393913e-05 -1.186846e+00 1.653571e-02 -3.973442e-09 9.998633e-01 1.462970e+01
9.998964e-01 -7.595181e-04 1.437627e-02 3.893172e+01 7.621254e-04 9.999997e-01 -1.759049e-04 -1.176832e+00 -1.437613e-02 1.868426e-04 9.998966e-01 1.319950e+01
9.998258e-01 1.041538e-03 -1.863736e-02 3.866913e+01 -1.038777e-03 9.999994e-01 1.578026e-04 -1.170459e+00 1.863751e-02 -1.384144e-04 9.998263e-01 1.209528e+01
9.998924e-01 -8.172464e-04 1.464415e-02 3.843666e+01 8.197216e-04 9.999997e-01 -1.630430e-04 -1.159897e+00 -1.464401e-02 1.750289e-04 9.998928e-01 1.068417e+01
9.998614e-01 1.031218e-03 -1.661630e-02 3.837144e+01 -1.036304e-03 9.999994e-01 -2.975114e-04 -1.138503e+00 1.661598e-02 3.146903e-04 9.998619e-01 8.494485e+00
9.999059e-01 -9.101216e-04 1.369039e-02 3.818941e+01 9.105871e-04 9.999996e-01 -2.779500e-05 -1.124641e+00 -1.369036e-02 4.025804e-05 9.999063e-01 6.942018e+00
9.998545e-01 1.105994e-03 -1.702206e-02 3.811678e+01 -1.106777e-03 9.999994e-01 -3.656887e-05 -1.112911e+00 1.702201e-02 5.540381e-05 9.998551e-01 5.480728e+00
9.998690e-01 -1.331257e-03 1.612984e-02 3.845909e+01 1.335434e-03 9.999991e-01 -2.482190e-04 -1.095608e+00 -1.612949e-02 2.697262e-04 9.998699e-01 3.861327e+00
9.998163e-01 6.849239e-04 -1.915481e-02 3.971927e+01 -6.670553e-04 9.999993e-01 9.392041e-04 -1.095267e+00 1.915544e-02 -9.262536e-04 9.998161e-01 3.335787e+00
9.998794e-01 -8.896893e-04 1.550573e-02 4.046535e+01 8.947996e-04 9.999995e-01 -3.226594e-04 -1.115908e+00 -1.550544e-02 3.364944e-04 9.998797e-01 3.544543e+00
9.998369e-01 7.382216e-04 -1.804516e-02 4.087531e+01 -7.286617e-04 9.999996e-01 5.363264e-04 -1.107534e+00 1.804554e-02 -5.230894e-04 9.998370e-01 2.447572e+00
9.998569e-01 -6.416074e-04 1.690352e-02 4.098953e+01 6.598424e-04 9.999992e-01 -1.073232e-03 -1.090886e+00 -1.690282e-02 1.084232e-03 9.998565e-01 7.006200e-01
9.998133e-01 4.703980e-04 -1.931866e-02 4.132843e+01 -4.456650e-04 9.999991e-01 1.284534e-03 -1.089142e+00 1.931924e-02 -1.275684e-03 9.998126e-01 6.685911e-02
9.998682e-01 -4.277410e-04 1.622804e-02 4.174369e+01 4.406493e-04 9.999996e-01 -7.918853e-04 -1.103151e+00 -1.622770e-02 7.989312e-04 9.998680e-01 6.537612e-02
9.998055e-01 6.326611e-04 -1.971348e-02 4.164146e+01 -6.113377e-04 9.999992e-01 1.087656e-03 -1.111885e+00 1.971415e-02 -1.075392e-03 9.998051e-01 5.741507e-01
9.998679e-01 -4.621708e-04 1.624959e-02 4.167363e+01 4.753219e-04 9.999996e-01 -8.054873e-04 -1.117747e+00 -1.624922e-02 8.131040e-04 9.998676e-01 2.577006e-01
9.998082e-01 6.762119e-04 -1.957218e-02 4.174155e+01 -6.562958e-04 9.999993e-01 1.023961e-03 -1.127865e+00 1.957286e-02 -1.010919e-03 9.998079e-01 2.043845e-01
