9.999976e-01 1.633584e-04 -2.190444e-03 3.920087e-01 -1.625268e-04 9.999999e-01 3.798383e-04 -4.329351e-02 2.190505e-03 -3.794821e-04 9.999975e-01 1.205556e+00
9.999952e-01 5.842480e-05 -3.084196e-03 2.375610e-01 -5.857680e-05 1.000000e+00 -4.920154e-05 -4.021217e-02 3.084194e-03 4.938268e-05 9.999952e-01 1.110553e+00
9.999996e-01 -1.759279e-04 -9.097582e-04 8.020059e-01 1.767008e-04 9.999996e-01 8.495893e-04 -5.547340e-02 9.096081e-04 -8.497504e-04 9.999992e-01 1.117401e+00
9.999961e-01 5.344696e-04 -2.731376e-03 1.062663e+00 -5.352495e-04 9.999998e-01 -2.848222e-04 -8.385861e-02 2.731224e-03 2.862838e-04 9.999962e-01 1.605415e+00
9.999986e-01 -3.780609e-04 -1.636050e-03 5.734178e-01 3.789840e-04 9.999998e-01 5.639511e-04 -6.558794e-02 1.635836e-03 -5.645710e-04 9.999985e-01 2.764733e+00
9.999869e-01 5.733880e-04 -5.087965e-03 -2.864400e-01 -5.754078e-04 9.999998e-01 -3.955243e-04 -2.747240e-02 5.087737e-03 3.984475e-04 9.999870e-01 3.312111e+00
9.999953e-01 -3.410373e-04 -3.039445e-03 -1.260869e+00 3.428522e-04 9.999998e-01 5.966437e-04 1.055645e-02 3.039240e-03 -5.976837e-04 9.999952e-01 3.429937e+00
9.999906e-01 5.609569e-04 -4.300435e-03 -2.054413e+00 -5.624557e-04 9.999998e-01 -3.473198e-04 3.984265e-02 4.300239e-03 3.497361e-04 9.999907e-01 3.536001e+00
9.999989e-01 -3.579890e-04 -1.471563e-03 -2.461331e+00 3.589979e-04 9.999997e-01 6.854779e-04 4.907238e-02 1.471317e-03 -6.860062e-04 9.999987e-01 3.625265e+00
9.999973e-01 5.503890e-04 -2.277831e-03 -2.627130e+00 -5.513272e-04 9.999998e-01 -4.112921e-04 4.476356e-02 2.277604e-03 4.125476e-04 9.999973e-01 4.249901e+00
9.999986e-01 -3.666548e-04 -1.622098e-03 -2.771653e+00 3.679353e-04 9.999996e-01 7.892227e-04 4.645679e-02 1.621808e-03 -7.898191e-04 9.999984e-01 4.831397e+00
9.999967e-01 5.318189e-04 -2.517369e-03 -2.825035e+00 -5.327349e-04 9.999998e-01 -3.632415e-04 4.722854e-02 2.517175e-03 3.645821e-04 9.999968e-01 5.195456e+00
9.999989e-01 -3.457130e-04 -1.427775e-03 -2.941456e+00 3.466966e-04 9.999997e-01 6.887461e-04 4.290748e-02 1.427536e-03 -6.892411e-04 9.999987e-01 5.728550e+00
9.999953e-01 3.358466e-04 -3.051492e-03 -2.678201e+00 -3.356683e-04 9.999999e-01 5.892008e-05 3.705391e-02 3.051512e-03 -5.789480e-05 9.999953e-01 6.006830e+00
9.999987e-01 -3.006316e-04 -1.583668e-03 -1.845343e+00 3.019259e-04 9.999996e-01 8.171570e-04 1.981287e-02 1.583421e-03 -8.176348e-04 9.999984e-01 6.172112e+00
9.999964e-01 3.756133e-04 -2.639327e-03 -2.098480e+00 -3.769236e-04 9.999998e-01 -4.959695e-04 3.527595e-02 2.639140e-03 4.969632e-04 9.999964e-01 7.191595e+00
9.999993e-01 -2.614135e-04 -1.147991e-03 -1.961284e+00 2.625715e-04 9.999995e-01 1.008728e-03 2.744255e-02 1.147726e-03 -1.009029e-03 9.999988e-01 7.936952e+00
9.999985e-01 4.822768e-04 -1.685276e-03 -1.785094e+00 -4.832832e-04 9.999997e-01 -5.968326e-04 2.362941e-03 1.684988e-03 5.976468e-04 9.999984e-01 8.603145e+00
9.999987e-01 -2.970770e-04 -1.582755e-03 -1.551829e+00 2.987446e-04 9.999994e-01 1.053538e-03 -2.603026e-02 1.582441e-03 -1.054011e-03 9.999982e-01 9.230151e+00
9.999968e-01 2.693525e-04 -2.509270e-03 -1.036802e+00 -2.700185e-04 9.999999e-01 -2.651045e-04 -4.983527e-02 2.509198e-03 2.657820e-04 9.999968e-01 9.535314e+00
9.999995e-01 -1.402168e-04 -1.005238e-03 -4.914659e-01 1.410474e-04 9.999996e-01 8.263079e-04 -7.296791e-02 1.005121e-03 -8.264500e-04 9.999992e-01 9.738817e+00
9.999958e-01 -8.571870e-05 -2.898923e-03 4.219087e-01 8.565483e-05 1.000000e+00 -2.217542e-05 -1.016134e-01 2.898925e-03 2.192773e-05 9.999958e-01 9.917425e+00
9.999999e-01 1.203572e-04 -3.475242e-04 1.082093e+00 -1.201800e-04 9.999999e-01 5.098402e-04 -1.223430e-01 3.475851e-04 -5.097991e-04 9.999998e-01 1.005588e+01
9.999965e-01 -1.644434e-04 -2.637981e-03 1.661756e+00 1.641115e-04 1.000000e+00 -1.260556e-04 -1.402922e-01 2.638002e-03 1.256229e-04 9.999965e-01 1.004553e+01
9.999987e-01 2.763278e-04 -1.600034e-03 2.290532e+00 -2.748904e-04 9.999996e-01 8.985156e-04 -1.676383e-01 1.600282e-03 -8.980753e-04 9.999983e-01 1.049131e+01
9.999975e-01 -1.424744e-04 -2.225699e-03 2.619765e+00 1.417474e-04 9.999999e-01 -3.268138e-04 -1.834630e-01 2.225745e-03 3.264982e-04 9.999975e-01 1.085602e+01
9.999996e-01 2.806376e-04 -8.117021e-04 2.990914e+00 -2.801680e-04 9.999998e-01 5.787808e-04 -1.858926e-01 8.118640e-04 -5.785539e-04 9.999995e-01 1.036003e+01
9.999981e-01 -1.997839e-04 -1.914342e-03 3.526070e+00 1.990997e-04 9.999999e-01 -3.576254e-04 -1.950518e-01 1.914414e-03 3.572443e-04 9.999981e-01 1.012374e+01
9.999972e-01 2.488204e-04 -2.356003e-03 3.948730e+00 -2.463096e-04 9.999994e-01 1.065960e-03 -2.107030e-01 2.356267e-03 -1.065377e-03 9.999967e-01 1.037589e+01
9.999976e-01 -1.193393e-04 -2.193148e-03 4.029947e+00 1.181000e-04 9.999998e-01 -5.652274e-04 -2.136679e-01 2.193215e-03 5.649678e-04 9.999974e-01 1.073682e+01
9.999940e-01 2.980925e-04 -3.452279e-03 3.734262e+00 -2.945598e-04 9.999994e-01 1.023778e-03 -2.019420e-01 3.452582e-03 -1.022756e-03 9.999935e-01 1.089673e+01
9.999986e-01 -1.310242e-04 -1.672497e-03 3.468453e+00 1.300486e-04 9.999998e-01 -5.834918e-04 -1.921593e-01 1.672574e-03 5.832741e-04 9.999984e-01 1.116277e+01
9.999964e-01 3.605638e-04 -2.671944e-03 3.468886e+00 -3.577441e-04 9.999994e-01 1.055715e-03 -1.980760e-01 2.672323e-03 -1.054756e-03 9.999959e-01 1.129958e+01
9.999996e-01 -1.834249e-04 -8.527217e-04 3.569739e+00 1.826915e-04 9.999996e-01 -8.601687e-04 -2.074587e-01 8.528795e-04 8.600133e-04 9.999993e-01 1.115127e+01
9.999969e-01 4.223865e-04 -2.470834e-03 3.648021e+00 -4.192437e-04 9.999991e-01 1.272365e-03 -2.241413e-01 2.471369e-03 -1.271326e-03 9.999961e-01 1.157298e+01
9.999993e-01 -2.182404e-04 -1.123056e-03 3.618520e+00 2.172086e-04 9.999996e-01 -9.188699e-04 -2.347866e-01 1.123256e-03 9.186261e-04 9.999989e-01 1.199548e+01
9.999942e-01 4.923600e-04 -3.381176e-03 3.522432e+00 -4.879857e-04 9.999990e-01 1.294446e-03 -2.409889e-01 3.381810e-03 -1.292789e-03 9.999934e-01 1.200061e+01
9.999983e-01 -3.181773e-04 -1.802740e-03 3.182672e+00 3.163508e-04 9.999994e-01 -1.013422e-03 -2.287824e-01 1.803062e-03 1.012851e-03 9.999979e-01 1.226955e+01
9.999891e-01 4.315337e-04 -4.653632e-03 2.582158e+00 -4.249846e-04 9.999989e-01 1.408211e-03 -1.958340e-01 4.654234e-03 -1.406219e-03 9.999882e-01 1.270724e+01
9.999999e-01 -4.296375e-04 1.328473e-04 3.246884e+00 4.296846e-04 9.999998e-01 -3.543668e-04 -2.241684e-01 -1.326947e-04 3.544246e-04 9.999999e-01 1.297062e+01
9.999883e-01 3.138370e-04 -4.824909e-03 4.401924e+00 -3.068477e-04 9.999989e-01 1.449269e-03 -2.578013e-01 4.825358e-03 -1.447772e-03 9.999873e-01 1.321845e+01
9.999997e-01 -3.328973e-04 6.604524e-04 5.132229e+00 3.333326e-04 9.999997e-01 -6.589578e-04 -2.812407e-01 -6.602325e-04 6.591785e-04 9.999996e-01 1.337100e+01
9.999887e-01 4.902121e-04 -4.718330e-03 5.102744e+00 -4.854063e-04 9.999994e-01 1.019651e-03 -2.836593e-01 4.718826e-03 -1.017350e-03 9.999883e-01 1.359344e+01
9.999999e-01 -3.286216e-04 2.031709e-05 4.919216e+00 3.286318e-04 9.999998e-01 -4.999424e-04 -2.756010e-01 -2.015246e-05 4.999497e-04 9.999999e-01 1.398700e+01
9.999873e-01 5.286749e-04 -5.003670e-03 4.645002e+00 -5.248182e-04 9.999996e-01 7.720853e-04 -2.738777e-01 5.004076e-03 -7.694502e-04 9.999872e-01 1.410829e+01
9.999997e-01 -3.868558e-04 6.366414e-04 4.423719e+00 3.871246e-04 9.999998e-01 -4.219249e-04 -2.690495e-01 -6.364777e-04 4.221719e-04 9.999997e-01 1.476142e+01
9.999755e-01 5.810235e-04 -6.971260e-03 3.942174e+00 -5.756961e-04 9.999995e-01 7.661994e-04 -2.482817e-01 6.971701e-03 -7.621680e-04 9.999754e-01 1.504782e+01
9.999979e-01 -3.492372e-04 -2.003143e-03 2.907077e+00 3.481095e-04 9.999998e-01 -5.633108e-04 -2.099447e-01 2.003339e-03 5.626130e-04 9.999978e-01 1.500319e+01
9.999930e-01 4.910786e-04 -3.714926e-03 2.530071e+00 -4.873794e-04 9.999994e-01 9.966392e-04 -1.909205e-01 3.715413e-03 -9.948224e-04 9.999926e-01 1.530367e+01
9.999968e-01 -3.343225e-04 -2.509609e-03 2.032683e+00 3.329048e-04 9.999998e-01 -5.653408e-04 -1.647691e-01 2.509797e-03 5.645042e-04 9.999967e-01 1.563779e+01
9.999897e-01 4.779118e-04 -4.507369e-03 1.305653e+00 -4.736942e-04 9.999994e-01 9.367628e-04 -1.232585e-01 4.507814e-03 -9.346188e-04 9.999894e-01 1.609297e+01
9.999994e-01 -3.702488e-04 -1.047265e-03 8.881593e-01 3.697691e-04 9.999998e-01 -4.582841e-04 -9.791032e-02 1.047434e-03 4.578973e-04 9.999993e-01 1.662381e+01
9.999937e-01 5.594400e-04 -3.491245e-03 7.663787e-01 -5.565590e-04 9.999995e-01 8.261590e-04 -9.561871e-02 3.491705e-03 -8.242115e-04 9.999936e-01 1.685277e+01
9.999999e-01 -3.355230e-04 -2.053963e-04 9.631995e-01 3.354383e-04 9.999999e-01 -4.128242e-04 -1.143352e-01 2.055351e-04 4.127560e-04 9.999999e-01 1.721298e+01
9.999942e-01 4.741368e-04 -3.368340e-03 1.582591e+00 -4.703496e-04 9.999993e-01 1.125102e-03 -1.502806e-01 3.368870e-03 -1.123511e-03 9.999937e-01 1.778672e+01
9.999999e-01 -2.808332e-04 2.845116e-04 1.868135e+00 2.810417e-04 9.999997e-01 -7.327926e-04 -1.708223e-01 -2.843054e-04 7.328733e-04 9.999997e-01 1.821857e+01
9.999775e-01 4.702770e-04 -6.693045e-03 1.290991e+00 -4.641596e-04 9.999995e-01 9.155368e-04 -1.529291e-01 6.693472e-03 -9.124103e-04 9.999772e-01 1.827611e+01
1.000000e+00 -2.814752e-04 5.794552e-05 7.061886e-01 2.815093e-04 9.999998e-01 -5.877403e-04 -1.300659e-01 -5.777974e-05 5.877573e-04 9.999998e-01 1.843489e+01
9.999891e-01 4.209233e-04 -4.644165e-03 5.730244e-01 -4.162114e-04 9.999994e-01 1.015530e-03 -1.286064e-01 4.644589e-03 -1.013586e-03 9.999887e-01 1.873267e+01
9.999997e-01 -3.115862e-04 6.859412e-04 1.012395e+00 3.118528e-04 9.999999e-01 -3.884617e-04 -1.482997e-01 -6.858198e-04 3.886762e-04 9.999997e-01 1.891796e+01
9.999867e-01 4.057105e-04 -5.147808e-03 1.649615e+00 -3.994768e-04 9.999992e-01 1.211946e-03 -1.751071e-01 5.148295e-03 -1.209874e-03 9.999860e-01 1.920484e+01
9.999979e-01 -2.068637e-04 2.026882e-03 1.960370e+00 2.084545e-04 9.999997e-01 -7.846179e-04 -2.006507e-01 -2.026719e-03 7.850395e-04 9.999976e-01 1.973025e+01
9.999777e-01 3.638065e-04 -6.663855e-03 1.698846e+00 -3.560908e-04 9.999993e-01 1.159004e-03 -1.900505e-01 6.664271e-03 -1.156606e-03 9.999771e-01 2.019008e+01
9.999961e-01 -1.868948e-04 2.774702e-03 1.450831e+00 1.891546e-04 9.999997e-01 -8.141348e-04 -1.805013e-01 -2.774549e-03 8.146572e-04 9.999958e-01 2.078341e+01
9.999768e-01 3.667992e-04 -6.801718e-03 1.385396e+00 -3.590053e-04 9.999993e-01 1.147073e-03 -1.893079e-01 6.802133e-03 -1.144605e-03 9.999762e-01 2.119995e+01
9.999997e-01 -1.281917e-04 -7.840235e-04 6.966004e-01 1.275622e-04 9.999997e-01 -8.030837e-04 -1.664286e-01 7.841265e-04 8.029841e-04 9.999994e-01 2.116712e+01
9.999770e-01 3.270433e-04 -6.773296e-03 -3.992131e-02 -3.186730e-04 9.999992e-01 1.236846e-03 -1.327011e-01 6.773694e-03 -1.234660e-03 9.999763e-01 2.142141e+01
9.999997e-01 -2.079167e-04 6.978906e-04 -1.535574e-01 2.082324e-04 9.999999e-01 -4.520572e-04 -1.202470e-01 -6.977962e-04 4.522031e-04 9.999997e-01 2.182117e+01
9.999904e-01 6.335941e-04 -4.346943e-03 -7.117726e-04 -6.296790e-04 9.999994e-01 9.019850e-04 -1.398339e-01 4.347511e-03 -8.992398e-04 9.999901e-01 2.271991e+01
9.999996e-01 -4.009661e-04 7.450036e-04 -2.035060e-01 4.013850e-04 9.999998e-01 -5.619340e-04 -1.384849e-01 -7.447778e-04 5.622335e-04 9.999996e-01 2.378120e+01
9.999790e-01 4.950924e-04 -6.460965e-03 -7.202114e-01 -4.887799e-04 9.999994e-01 9.785767e-04 -1.087137e-01 6.461445e-03 -9.753989e-04 9.999786e-01 2.450090e+01
9.999999e-01 -3.083645e-04 -3.836228e-04 -1.436538e+00 3.081278e-04 9.999998e-01 -6.173094e-04 -7.176234e-02 3.838134e-04 6.171918e-04 9.999997e-01 2.490093e+01
9.999936e-01 4.934761e-04 -3.551926e-03 -1.411278e+00 -4.897381e-04 9.999993e-01 1.053211e-03 -8.226162e-02 3.552443e-03 -1.051465e-03 9.999931e-01 2.533575e+01
9.999999e-01 -3.090662e-04 -4.500806e-04 -1.434426e+00 3.087853e-04 9.999998e-01 -6.244582e-04 -9.316277e-02 4.502738e-04 6.243199e-04 9.999997e-01 2.576369e+01
9.999862e-01 4.943310e-04 -5.226522e-03 -1.686430e+00 -4.881846e-04 9.999992e-01 1.177235e-03 -8.328165e-02 5.227099e-03 -1.174668e-03 9.999856e-01 2.602377e+01
9.999986e-01 -2.103948e-04 -1.689680e-03 -2.240798e+00 2.089911e-04 9.999996e-01 -8.309383e-04 -6.925581e-02 1.689855e-03 8.305847e-04 9.999982e-01 2.593422e+01
9.999847e-01 4.267086e-04 -5.508255e-03 -2.912132e+00 -4.206611e-04 9.999993e-01 1.099034e-03 -4.966607e-02 5.508720e-03 -1.096701e-03 9.999842e-01 2.587833e+01
9.999991e-01 -1.537403e-04 1.317704e-03 -2.955865e+00 1.551826e-04 9.999994e-01 -1.094419e-03 -4.548465e-02 -1.317535e-03 1.094623e-03 9.999985e-01 2.506635e+01
9.999938e-01 3.590344e-04 -3.491981e-03 -2.384130e+00 -3.550593e-04 9.999993e-01 1.138947e-03 -5.004230e-02 3.492387e-03 -1.137701e-03 9.999933e-01 2.467671e+01
1.000000e+00 -1.927394e-04 -1.806917e-04 -2.676285e+00 1.925571e-04 9.999995e-01 -1.009033e-03 -4.345162e-02 1.808864e-04 1.008999e-03 9.999995e-01 2.574562e+01
9.999928e-01 3.931322e-04 -3.767595e-03 -2.948808e+00 -3.876780e-04 9.999989e-01 1.448318e-03 -3.335021e-02 3.768159e-03 -1.446848e-03 9.999919e-01 2.668816e+01
1.000000e+00 -2.189313e-04 -3.065811e-06 -3.169735e+00 2.189275e-04 9.999992e-01 -1.238120e-03 -3.081053e-02 3.337189e-06 1.238120e-03 9.999992e-01 2.759812e+01
9.999897e-01 2.958695e-04 -4.524675e-03 -3.475921e+00 -2.887423e-04 9.999987e-01 1.575777e-03 -1.480006e-02 4.525135e-03 -1.574455e-03 9.999885e-01 2.844734e+01
1.000000e+00 -2.178461e-04 1.026233e-04 -3.722055e+00 2.179666e-04 9.999993e-01 -1.173869e-03 -3.751373e-03 -1.023672e-04 1.173892e-03 9.999993e-01 2.923759e+01
9.999892e-01 3.651066e-04 -4.628407e-03 -3.893112e+00 -3.575754e-04 9.999986e-01 1.627926e-03 9.902688e-04 4.628995e-03 -1.626254e-03 9.999880e-01 2.966969e+01
9.999955e-01 -1.114901e-04 -2.984770e-03 -4.705379e+00 1.071413e-04 9.999989e-01 -1.457181e-03 2.904024e-02 2.984929e-03 1.456855e-03 9.999945e-01 2.970389e+01
9.999868e-01 2.837401e-04 -5.122009e-03 -5.611147e+00 -2.750361e-04 9.999985e-01 1.699998e-03 7.172047e-02 5.122483e-03 -1.698568e-03 9.999854e-01 2.994415e+01
9.999934e-01 -6.109711e-05 -3.632654e-03 -6.635021e+00 5.590282e-05 9.999990e-01 -1.430017e-03 1.202848e-01 3.632738e-03 1.429805e-03 9.999924e-01 3.017835e+01
9.999838e-01 3.095574e-04 -5.675403e-03 -7.767370e+00 -3.008641e-04 9.999988e-01 1.532579e-03 1.603474e-01 5.675870e-03 -1.530847e-03 9.999827e-01 3.007482e+01
9.999968e-01 -5.163822e-05 -2.517398e-03 -8.669574e+00 4.818723e-05 9.999991e-01 -1.370966e-03 1.900857e-01 2.517467e-03 1.370841e-03 9.999959e-01 3.001811e+01
9.999982e-01 2.030791e-04 -1.872910e-03 -8.708071e+00 -1.997969e-04 9.999984e-01 1.752550e-03 1.884526e-01 1.873263e-03 -1.752174e-03 9.999967e-01 3.038566e+01
9.999989e-01 -3.781933e-05 -1.469758e-03 -8.442436e+00 3.599859e-05 9.999992e-01 -1.238930e-03 1.654978e-01 1.469804e-03 1.238876e-03 9.999982e-01 3.096141e+01
9.999975e-01 2.513337e-04 -2.236925e-03 -8.330965e+00 -2.475608e-04 9.999985e-01 1.686829e-03 1.488920e-01 2.237345e-03 -1.686271e-03 9.999961e-01 3.129455e+01
9.999982e-01 -4.997550e-05 -1.901426e-03 -8.524332e+00 4.732348e-05 9.999990e-01 -1.394867e-03 1.491092e-01 1.901494e-03 1.394775e-03 9.999972e-01 3.161059e+01
9.999984e-01 2.445538e-04 -1.789120e-03 -8.658056e+00 -2.416992e-04 9.999987e-01 1.595684e-03 1.440077e-01 1.789507e-03 -1.595249e-03 9.999971e-01 3.193179e+01
9.999898e-01 2.541362e-05 -4.526525e-03 -9.175494e+00 -3.159602e-05 9.999991e-01 -1.365788e-03 1.542575e-01 4.526486e-03 1.365918e-03 9.999888e-01 3.179788e+01
9.999985e-01 2.413148e-04 -1.733236e-03 -9.682532e+00 -2.385069e-04 9.999987e-01 1.620118e-03 1.637148e-01 1.733624e-03 -1.619702e-03 9.999972e-01 3.168484e+01
9.999912e-01 -2.928936e-05 -4.183213e-03 -1.024313e+01 2.313497e-05 9.999989e-01 -1.471298e-03 1.801273e-01 4.183251e-03 1.471189e-03 9.999902e-01 3.201798e+01
9.999997e-01 1.861622e-04 -7.321408e-04 -1.041229e+01 -1.847757e-04 9.999982e-01 1.893552e-03 1.793652e-01 7.324917e-04 -1.893416e-03 9.999979e-01 3.236379e+01
9.999939e-01 5.095979e-05 -3.494808e-03 -1.041098e+01 -5.602609e-05 9.999989e-01 -1.449636e-03 1.691995e-01 3.494731e-03 1.449824e-03 9.999928e-01 3.262400e+01
9.999999e-01 1.739645e-04 -3.615047e-04 -1.040947e+01 -1.732832e-04 9.999982e-01 1.884338e-03 1.564363e-01 3.618315e-04 -1.884276e-03 9.999982e-01 3.304855e+01
9.999931e-01 6.363061e-05 -3.720315e-03 -1.031624e+01 -6.863611e-05 9.999991e-01 -1.345390e-03 1.420332e-01 3.720226e-03 1.345637e-03 9.999922e-01 3.338608e+01
9.999998e-01 2.019483e-04 6.216052e-04 -1.018487e+01 -2.030172e-04 9.999985e-01 1.719705e-03 1.238535e-01 -6.212573e-04 -1.719832e-03 9.999983e-01 3.404773e+01
9.999891e-01 -7.073574e-05 -4.675221e-03 -1.022490e+01 6.467103e-05 9.999992e-01 -1.297383e-03 1.146342e-01 4.675309e-03 1.297067e-03 9.999882e-01 3.450099e+01
9.999996e-01 3.803939e-04 -8.039961e-04 -1.059023e+01 -3.791273e-04 9.999987e-01 1.575163e-03 1.207487e-01 8.045939e-04 -1.574858e-03 9.999984e-01 3.454299e+01
9.999926e-01 -3.137853e-04 -3.821229e-03 -1.077891e+01 3.088318e-04 9.999991e-01 -1.296866e-03 1.227086e-01 3.821633e-03 1.295677e-03 9.999919e-01 3.472240e+01
9.999992e-01 6.983928e-04 1.034397e-03 -1.072378e+01 -6.994312e-04 9.999993e-01 1.003647e-03 1.290524e-01 -1.033696e-03 -1.004371e-03 9.999990e-01 3.352928e+01
9.999930e-01 -2.029835e-04 -3.740819e-03 -1.101366e+01 1.968971e-04 9.999987e-01 -1.627365e-03 1.461061e-01 3.741144e-03 1.626618e-03 9.999917e-01 3.141926e+01
9.999999e-01 4.765940e-04 -9.176364e-05 -1.120734e+01 -4.764374e-04 9.999984e-01 1.701474e-03 1.326919e-01 9.257411e-05 -1.701431e-03 9.999985e-01 3.162236e+01
9.999934e-01 -7.490386e-05 -3.622163e-03 -1.128104e+01 6.950642e-05 9.999989e-01 -1.490275e-03 1.171286e-01 3.622270e-03 1.490014e-03 9.999923e-01 3.122999e+01
9.999998e-01 5.698168e-04 6.612870e-05 -1.159067e+01 -5.698920e-04 9.999992e-01 1.138435e-03 1.256586e-01 -6.548024e-05 -1.138473e-03 9.999993e-01 2.969314e+01
9.999822e-01 3.363780e-05 -5.968008e-03 -1.220799e+01 -4.054320e-05 9.999993e-01 -1.156986e-03 1.352706e-01 5.967966e-03 1.157208e-03 9.999815e-01 2.848891e+01
9.999996e-01 2.471897e-04 8.030197e-04 -1.263695e+01 -2.481487e-04 9.999993e-01 1.194104e-03 1.326494e-01 -8.027242e-04 -1.194304e-03 9.999990e-01 2.816698e+01
9.999883e-01 -7.137336e-06 -4.846338e-03 -1.308182e+01 8.752687e-07 9.999992e-01 -1.292167e-03 1.373504e-01 4.846344e-03 1.292148e-03 9.999874e-01 2.904741e+01
9.999999e-01 1.329724e-04 -3.599588e-04 -1.363642e+01 -1.325429e-04 9.999993e-01 1.193645e-03 1.500997e-01 3.601170e-04 -1.193598e-03 9.999992e-01 2.959847e+01
9.999916e-01 1.013165e-04 -4.094878e-03 -1.383058e+01 -1.050032e-04 9.999996e-01 -9.001653e-04 1.474713e-01 4.094786e-03 9.005884e-04 9.999912e-01 2.980506e+01
9.999996e-01 1.445630e-04 9.064412e-04 -1.378134e+01 -1.452770e-04 9.999997e-01 7.873807e-04 1.503857e-01 -9.063274e-04 -7.875127e-04 9.999993e-01 2.901292e+01
9.999882e-01 -8.088111e-05 -4.852308e-03 -1.328381e+01 8.000807e-05 1.000000e+00 -1.801601e-04 1.313507e-01 4.852322e-03 1.797705e-04 9.999882e-01 2.911154e+01
9.999986e-01 2.179309e-04 1.680837e-03 -1.256923e+01 -2.195587e-04 9.999995e-01 9.681654e-04 9.016608e-02 -1.680625e-03 -9.685338e-04 9.999981e-01 2.993109e+01
9.999895e-01 -1.976500e-04 -4.583214e-03 -1.169624e+01 1.963559e-04 9.999999e-01 -2.828656e-04 4.128189e-02 4.583270e-03 2.819634e-04 9.999895e-01 3.090263e+01
9.999993e-01 2.711367e-04 1.175052e-03 -1.110234e+01 -2.720444e-04 9.999997e-01 7.721765e-04 1.622435e-02 -1.174842e-03 -7.724963e-04 9.999990e-01 3.110020e+01
9.999913e-01 -2.460423e-05 -4.171725e-03 -1.106214e+01 2.034059e-05 9.999995e-01 -1.022125e-03 1.920701e-02 4.171748e-03 1.022032e-03 9.999908e-01 3.019943e+01
9.999989e-01 3.569291e-04 -1.462923e-03 -1.150448e+01 -3.554260e-04 9.999994e-01 1.027757e-03 2.963034e-02 1.463289e-03 -1.027236e-03 9.999984e-01 2.958043e+01
9.999812e-01 -5.147625e-05 -6.130076e-03 -1.225805e+01 4.616477e-05 9.999996e-01 -8.666366e-04 4.540285e-02 6.130119e-03 8.663380e-04 9.999808e-01 2.934439e+01
9.999996e-01 2.598581e-04 8.982476e-04 -1.262805e+01 -2.607814e-04 9.999994e-01 1.027700e-03 4.744959e-02 -8.979803e-04 -1.027934e-03 9.999991e-01 2.936127e+01
9.999794e-01 -4.377708e-05 -6.413619e-03 -1.303109e+01 3.830864e-05 9.999996e-01 -8.527851e-04 5.423848e-02 6.413654e-03 8.525225e-04 9.999791e-01 2.945926e+01
9.999999e-01 3.493738e-04 -3.322817e-04 -1.360596e+01 -3.490270e-04 9.999994e-01 1.043911e-03 6.322132e-02 3.326460e-04 -1.043796e-03 9.999994e-01 2.913139e+01
9.999835e-01 -1.893865e-05 -5.751499e-03 -1.405267e+01 1.444709e-05 9.999997e-01 -7.810173e-04 6.856048e-02 5.751512e-03 7.809220e-04 9.999832e-01 2.883585e+01
9.999989e-01 2.785357e-04 1.449872e-03 -1.410528e+01 -2.800974e-04 9.999994e-01 1.076900e-03 5.911562e-02 -1.449571e-03 -1.077305e-03 9.999984e-01 2.861806e+01
9.999902e-01 -1.249895e-04 -4.427168e-03 -1.383154e+01 1.211476e-04 9.999996e-01 -8.681082e-04 4.910310e-02 4.427275e-03 8.675640e-04 9.999898e-01 2.844880e+01
9.999987e-01 3.189011e-04 1.558751e-03 -1.362957e+01 -3.204153e-04 9.999995e-01 9.711127e-04 4.744555e-02 -1.558441e-03 -9.716116e-04 9.999983e-01 2.789811e+01
9.999918e-01 -1.348779e-04 -4.037932e-03 -1.335714e+01 1.306375e-04 9.999994e-01 -1.050438e-03 4.589375e-02 4.038072e-03 1.049903e-03 9.999913e-01 2.731450e+01
9.999983e-01 4.254169e-04 1.787398e-03 -1.238155e+01 -4.284800e-04 9.999984e-01 1.713556e-03 -8.233096e-03 -1.786667e-03 -1.714320e-03 9.999969e-01 2.840921e+01
9.999936e-01 -3.314544e-04 -3.571922e-03 -1.130866e+01 3.273194e-04 9.999993e-01 -1.158229e-03 -8.311671e-02 3.572304e-03 1.157053e-03 9.999929e-01 2.982786e+01
9.999998e-01 4.470022e-04 3.682915e-04 -1.088955e+01 -4.475751e-04 9.999987e-01 1.556232e-03 -1.046235e-01 -3.675956e-04 -1.556398e-03 9.999987e-01 2.997874e+01
9.999942e-01 -3.213859e-04 -3.394960e-03 -1.064454e+01 3.164044e-04 9.999989e-01 -1.467808e-03 -1.092684e-01 3.395428e-03 1.466726e-03 9.999932e-01 2.967131e+01
9.999999e-01 4.630343e-04 2.814051e-05 -1.039237e+01 -4.630817e-04 9.999985e-01 1.696770e-03 -1.211386e-01 -2.735508e-05 -1.696784e-03 9.999986e-01 2.966572e+01
9.999976e-01 1.590188e-05 -2.194984e-03 -9.981781e+00 -1.866037e-05 9.999992e-01 -1.256820e-03 -1.674002e-01 2.194963e-03 1.256858e-03 9.999968e-01 3.091838e+01
9.999997e-01 2.085499e-04 8.036647e-04 -9.753455e+00 -2.097889e-04 9.999988e-01 1.541616e-03 -2.158836e-01 -8.033425e-04 -1.541785e-03 9.999985e-01 3.236147e+01
9.999929e-01 2.115786e-05 -3.759443e-03 -9.737467e+00 -2.576767e-05 9.999992e-01 -1.226213e-03 -2.325236e-01 3.759414e-03 1.226302e-03 9.999922e-01 3.302912e+01
9.999987e-01 2.168871e-04 1.578693e-03 -9.735214e+00 -2.190845e-04 9.999990e-01 1.391725e-03 -2.541605e-01 -1.578390e-03 -1.392070e-03 9.999978e-01 3.402588e+01
9.999870e-01 7.090324e-06 -5.092469e-03 -9.762922e+00 -1.221352e-05 9.999995e-01 -1.006051e-03 -2.659635e-01 5.092459e-03 1.006101e-03 9.999865e-01 3.457684e+01
9.999994e-01 1.863664e-04 1.082849e-03 -9.901480e+00 -1.878838e-04 9.999990e-01 1.401079e-03 -2.685680e-01 -1.082588e-03 -1.401283e-03 9.999984e-01 3.510922e+01
9.999745e-01 -3.046075e-05 -7.134955e-03 -1.051046e+01 2.234427e-05 9.999994e-01 -1.137677e-03 -2.396879e-01 7.134986e-03 1.137489e-03 9.999739e-01 3.558458e+01
9.999992e-01 1.402328e-04 1.239582e-03 -1.106297e+01 -1.421545e-04 9.999988e-01 1.550080e-03 -2.068871e-01 -1.239363e-03 -1.550255e-03 9.999980e-01 3.620855e+01
9.999809e-01 1.937300e-05 -6.173151e-03 -1.127682e+01 -2.623095e-05 9.999994e-01 -1.110894e-03 -1.995770e-01 6.173126e-03 1.111035e-03 9.999803e-01 3.646785e+01
9.999997e-01 1.544965e-04 7.866687e-04 -1.176270e+01 -1.555424e-04 9.999991e-01 1.329323e-03 -1.791610e-01 -7.864629e-04 -1.329446e-03 9.999988e-01 3.689688e+01
9.999850e-01 6.063817e-05 -5.472227e-03 -1.193103e+01 -6.654886e-05 9.999994e-01 -1.079996e-03 -1.849742e-01 5.472159e-03 1.080344e-03 9.999844e-01 3.704393e+01
9.999978e-01 1.710104e-05 2.093255e-03 -1.148675e+01 -2.001847e-05 9.999990e-01 1.393595e-03 -1.928254e-01 -2.093229e-03 -1.393634e-03 9.999968e-01 3.683867e+01
9.999809e-01 1.601258e-04 -6.182449e-03 -1.130598e+01 -1.667805e-04 9.999994e-01 -1.075921e-03 -1.974648e-01 6.182273e-03 1.076932e-03 9.999803e-01 3.671150e+01
9.999999e-01 1.960706e-05 3.463631e-04 -1.180394e+01 -2.007032e-05 9.999991e-01 1.336784e-03 -1.778898e-01 -3.463368e-04 -1.336792e-03 9.999990e-01 3.698266e+01
9.999673e-01 1.273412e-04 -8.084747e-03 -1.287106e+01 -1.375236e-04 9.999992e-01 -1.258945e-03 -1.225765e-01 8.084580e-03 1.260016e-03 9.999665e-01 3.760129e+01
9.999991e-01 4.232285e-05 1.350480e-03 -1.375848e+01 -4.384825e-05 9.999994e-01 1.129322e-03 -9.056277e-02 -1.350432e-03 -1.129381e-03 9.999985e-01 3.822647e+01
9.999789e-01 1.060252e-04 -6.491448e-03 -1.441004e+01 -1.140639e-04 9.999992e-01 -1.238039e-03 -7.005632e-02 6.491312e-03 1.238754e-03 9.999782e-01 3.920652e+01
9.999984e-01 -5.156421e-06 1.761149e-03 -1.492603e+01 3.113369e-06 9.999993e-01 1.159917e-03 -5.481408e-02 -1.761154e-03 -1.159910e-03 9.999978e-01 4.021042e+01
9.999678e-01 1.027826e-04 -8.027895e-03 -1.566292e+01 -1.110951e-04 9.999995e-01 -1.035044e-03 -1.505469e-02 8.027785e-03 1.035903e-03 9.999672e-01 4.092110e+01
9.999966e-01 2.071013e-06 2.590688e-03 -1.613969e+01 -5.629348e-06 9.999991e-01 1.373398e-03 7.830637e-03 -2.590683e-03 -1.373409e-03 9.999957e-01 4.151619e+01
9.999753e-01 1.718908e-04 -7.022170e-03 -1.598334e+01 -1.781495e-04 9.999996e-01 -8.906992e-04 -2.592457e-03 7.022015e-03 8.919289e-04 9.999749e-01 4.181395e+01
9.999975e-01 -8.863784e-06 2.222125e-03 -1.595374e+01 6.148060e-06 9.999993e-01 1.222010e-03 -2.858689e-03 -2.222134e-03 -1.221994e-03 9.999968e-01 4.180853e+01
9.999687e-01 1.680487e-04 -7.908051e-03 -1.633011e+01 -1.751832e-04 9.999996e-01 -9.015295e-04 6.413269e-03 7.907897e-03 9.028873e-04 9.999683e-01 4.188570e+01
9.999975e-01 -2.414306e-05 2.217765e-03 -1.665674e+01 2.136969e-05 9.999992e-01 1.250417e-03 1.694700e-02 -2.217794e-03 -1.250367e-03 9.999968e-01 4.201701e+01
9.999759e-01 1.874726e-04 -6.934185e-03 -1.666798e+01 -1.933935e-04 9.999996e-01 -8.532450e-04 1.328667e-02 6.934022e-03 8.545662e-04 9.999756e-01 4.221437e+01
9.999966e-01 -3.916222e-05 2.589781e-03 -1.689785e+01 3.622844e-05 9.999994e-01 1.132757e-03 1.692905e-02 -2.589824e-03 -1.132660e-03 9.999960e-01 4.280877e+01
9.999358e-01 1.761987e-04 -1.132794e-02 -1.802629e+01 -1.877557e-04 9.999995e-01 -1.019197e-03 7.011101e-02 1.132776e-02 1.021260e-03 9.999353e-01 4.314712e+01
9.999939e-01 -1.732026e-06 3.505870e-03 -1.889812e+01 -2.302929e-06 9.999993e-01 1.150828e-03 1.022421e-01 -3.505870e-03 -1.150829e-03 9.999932e-01 4.321510e+01
9.999480e-01 1.576559e-04 -1.019958e-02 -1.951532e+01 -1.664905e-04 9.999996e-01 -8.653648e-04 1.291450e-01 1.019944e-02 8.670186e-04 9.999476e-01 4.344058e+01
9.999924e-01 -1.085660e-04 3.891353e-03 -2.007642e+01 1.036757e-04 9.999992e-01 1.256828e-03 1.607155e-01 -3.891487e-03 -1.256416e-03 9.999916e-01 4.385885e+01
9.999522e-01 1.978762e-04 -9.779598e-03 -2.051996e+01 -2.053921e-04 9.999997e-01 -7.675586e-04 1.858072e-01 9.779443e-03 7.695312e-04 9.999519e-01 4.430626e+01
9.999953e-01 -7.363085e-05 3.070386e-03 -2.115736e+01 7.039357e-05 9.999994e-01 1.054355e-03 2.159405e-01 -3.070462e-03 -1.054135e-03 9.999947e-01 4.459261e+01
9.999495e-01 3.259237e-04 -1.004155e-02 -2.175050e+01 -3.342881e-04 9.999996e-01 -8.313417e-04 2.306252e-01 1.004128e-02 8.346572e-04 9.999492e-01 4.447685e+01
9.999980e-01 -1.080211e-04 1.999873e-03 -2.265065e+01 1.060255e-04 9.999995e-01 9.977693e-04 2.669564e-01 -1.999980e-03 -9.975559e-04 9.999975e-01 4.453669e+01
9.999656e-01 2.669052e-04 -8.285756e-03 -2.319426e+01 -2.735517e-04 9.999996e-01 -8.010730e-04 2.979564e-01 8.285540e-03 8.033127e-04 9.999654e-01 4.472235e+01
9.999922e-01 -1.010587e-04 3.945801e-03 -2.323720e+01 9.768965e-05 9.999996e-01 8.539478e-04 3.069080e-01 -3.945886e-03 -8.535563e-04 9.999919e-01 4.437686e+01
9.999702e-01 1.406738e-04 -7.719781e-03 -2.297691e+01 -1.456429e-04 9.999998e-01 -6.431622e-04 3.076387e-01 7.719689e-03 6.442681e-04 9.999700e-01 4.401825e+01
9.999942e-01 -9.897555e-06 3.420409e-03 -2.267713e+01 5.444462e-06 9.999992e-01 1.301835e-03 2.939776e-01 -3.420419e-03 -1.301810e-03 9.999933e-01 4.428356e+01
9.999737e-01 2.242164e-04 -7.249212e-03 -2.252927e+01 -2.304342e-04 9.999996e-01 -8.569303e-04 2.833528e-01 7.249017e-03 8.585789e-04 9.999734e-01 4.472251e+01
9.999951e-01 -9.245917e-05 3.127728e-03 -2.219157e+01 8.770694e-05 9.999988e-01 1.519392e-03 2.650513e-01 -3.127865e-03 -1.519111e-03 9.999940e-01 4.493416e+01
9.999742e-01 1.502754e-04 -7.178792e-03 -2.175800e+01 -1.572058e-04 9.999995e-01 -9.648857e-04 2.513026e-01 7.178644e-03 9.659900e-04 9.999738e-01 4.507897e+01
9.999944e-01 -1.281556e-04 3.343242e-03 -2.118620e+01 1.229643e-04 9.999988e-01 1.552848e-03 2.386987e-01 -3.343437e-03 -1.552429e-03 9.999932e-01 4.498090e+01
9.999846e-01 2.849454e-04 -5.537167e-03 -2.084944e+01 -2.948512e-04 9.999984e-01 -1.788284e-03 2.478728e-01 5.536648e-03 1.789890e-03 9.999831e-01 4.390125e+01
9.999954e-01 -1.956708e-04 3.012203e-03 -2.038626e+01 1.898848e-04 9.999981e-01 1.920902e-03 2.528797e-01 -3.012574e-03 -1.920322e-03 9.999936e-01 4.317147e+01
9.999813e-01 2.204401e-04 -6.119291e-03 -1.978114e+01 -2.296723e-04 9.999988e-01 -1.508088e-03 2.399451e-01 6.118952e-03 1.509466e-03 9.999801e-01 4.304802e+01
9.999956e-01 -1.161036e-04 2.947321e-03 -1.934462e+01 1.096114e-04 9.999976e-01 2.202692e-03 2.065549e-01 -2.947570e-03 -2.202360e-03 9.999932e-01 4.365061e+01
9.999843e-01 3.918874e-04 -5.589287e-03 -1.907002e+01 -4.016936e-04 9.999984e-01 -1.753506e-03 1.703145e-01 5.588591e-03 1.755725e-03 9.999828e-01 4.449838e+01
9.999979e-01 -2.933774e-04 2.020743e-03 -1.875024e+01 2.887172e-04 9.999973e-01 2.305905e-03 1.441323e-01 -2.021414e-03 -2.305317e-03 9.999953e-01 4.501903e+01
9.999829e-01 2.834624e-04 -5.844548e-03 -1.821508e+01 -2.941148e-04 9.999983e-01 -1.821902e-03 1.349798e-01 5.844022e-03 1.823591e-03 9.999813e-01 4.490413e+01
9.999984e-01 -1.290974e-04 1.777235e-03 -1.801186e+01 1.254646e-04 9.999979e-01 2.043863e-03 1.355246e-01 -1.777496e-03 -2.043637e-03 9.999963e-01 4.450895e+01
9.999822e-01 2.258971e-04 -5.970611e-03 -1.782017e+01 -2.364829e-04 9.999984e-01 -1.772381e-03 1.364090e-01 5.970202e-03 1.773762e-03 9.999806e-01 4.410608e+01
9.999962e-01 -2.812238e-04 2.750166e-03 -1.712445e+01 2.750057e-04 9.999974e-01 2.260989e-03 1.316535e-01 -2.750794e-03 -2.260225e-03 9.999937e-01 4.378700e+01
9.999817e-01 2.812807e-04 -6.049054e-03 -1.641240e+01 -2.916530e-04 9.999985e-01 -1.713942e-03 1.247358e-01 6.048563e-03 1.715675e-03 9.999802e-01 4.351551e+01
9.999957e-01 -2.848777e-04 2.903438e-03 -1.576151e+01 2.785275e-04 9.999976e-01 2.187180e-03 1.125878e-01 -2.904054e-03 -2.186363e-03 9.999934e-01 4.338793e+01
9.999821e-01 2.987820e-04 -5.976157e-03 -1.522937e+01 -3.093750e-04 9.999984e-01 -1.771748e-03 9.645091e-02 5.975618e-03 1.773566e-03 9.999806e-01 4.339137e+01
9.999959e-01 -3.004311e-04 2.852336e-03 -1.470488e+01 2.941891e-04 9.999976e-01 2.188450e-03 8.303889e-02 -2.852987e-03 -2.187602e-03 9.999935e-01 4.332721e+01
9.999825e-01 3.078393e-04 -5.915599e-03 -1.425642e+01 -3.179934e-04 9.999985e-01 -1.715691e-03 6.032711e-02 5.915062e-03 1.717543e-03 9.999810e-01 4.357173e+01
9.999987e-01 -3.242695e-04 1.602349e-03 -1.356173e+01 3.202600e-04 9.999968e-01 2.501694e-03 4.120066e-02 -1.603155e-03 -2.501178e-03 9.999956e-01 4.361369e+01
9.999840e-01 4.008553e-04 -5.636656e-03 -1.300211e+01 -4.109901e-04 9.999983e-01 -1.797022e-03 1.863568e-02 5.635926e-03 1.799310e-03 9.999825e-01 4.377263e+01
9.999984e-01 -4.607655e-04 1.735648e-03 -1.227630e+01 4.565357e-04 9.999969e-01 2.436447e-03 -3.296468e-03 -1.736765e-03 -2.435651e-03 9.999955e-01 4.387507e+01
9.999821e-01 2.846690e-04 -5.972118e-03 -1.142724e+01 -2.948677e-04 9.999985e-01 -1.706963e-03 -2.292927e-02 5.971624e-03 1.708694e-03 9.999807e-01 4.389860e+01
9.999984e-01 -1.765785e-04 1.766139e-03 -1.104199e+01 1.722846e-04 9.999970e-01 2.430888e-03 -4.397936e-02 -1.766563e-03 -2.430580e-03 9.999955e-01 4.415265e+01
9.999798e-01 2.443630e-04 -6.355919e-03 -1.063394e+01 -2.546366e-04 9.999987e-01 -1.615662e-03 -6.341446e-02 6.355516e-03 1.617248e-03 9.999785e-01 4.446656e+01
9.999983e-01 -2.423335e-04 1.840646e-03 -1.022000e+01 2.378951e-04 9.999971e-01 2.410995e-03 -8.082232e-02 -1.841225e-03 -2.410553e-03 9.999954e-01 4.469179e+01
9.999816e-01 3.109364e-04 -6.060488e-03 -9.681161e+00 -3.202558e-04 9.999988e-01 -1.536865e-03 -1.086516e-01 6.060003e-03 1.538778e-03 9.999805e-01 4.503289e+01
9.999948e-01 -3.453190e-04 3.217893e-03 -9.046827e+00 3.390639e-04 9.999981e-01 1.944099e-03 -1.192476e-01 -3.218559e-03 -1.942999e-03 9.999929e-01 4.491384e+01
9.999832e-01 4.294040e-04 -5.785261e-03 -8.707836e+00 -4.409616e-04 9.999979e-01 -1.996697e-03 -1.151235e-01 5.784392e-03 1.999215e-03 9.999813e-01 4.413237e+01
9.999957e-01 -4.082082e-04 2.904574e-03 -8.177552e+00 4.017147e-04 9.999974e-01 2.235735e-03 -1.253195e-01 -2.905480e-03 -2.234559e-03 9.999933e-01 4.397705e+01
9.999802e-01 6.474854e-04 -6.251884e-03 -7.860397e+00 -6.585409e-04 9.999982e-01 -1.766500e-03 -1.482868e-01 6.250729e-03 1.770583e-03 9.999789e-01 4.446521e+01
9.999969e-01 -5.542822e-04 2.412909e-03 -7.541996e+00 5.488051e-04 9.999973e-01 2.269842e-03 -1.690003e-01 -2.414161e-03 -2.268511e-03 9.999945e-01 4.485399e+01
9.999805e-01 6.076903e-04 -6.212453e-03 -6.890253e+00 -6.181804e-04 9.999984e-01 -1.686835e-03 -1.855776e-01 6.211419e-03 1.690643e-03 9.999793e-01 4.482463e+01
9.999975e-01 -5.858319e-04 2.143987e-03 -6.349141e+00 5.806655e-04 9.999969e-01 2.409401e-03 -2.106024e-01 -2.145392e-03 -2.408150e-03 9.999948e-01 4.506736e+01
9.999806e-01 6.880195e-04 -6.184868e-03 -5.824191e+00 -6.981541e-04 9.999984e-01 -1.636645e-03 -2.388727e-01 6.183732e-03 1.640932e-03 9.999795e-01 4.549291e+01
9.999972e-01 -6.532406e-04 2.253213e-03 -5.200689e+00 6.479547e-04 9.999970e-01 2.345712e-03 -2.649256e-01 -2.254739e-03 -2.344247e-03 9.999947e-01 4.579425e+01
9.999823e-01 6.524874e-04 -5.908152e-03 -4.533459e+00 -6.631609e-04 9.999982e-01 -1.804845e-03 -2.815387e-01 5.906963e-03 1.808732e-03 9.999809e-01 4.581476e+01
9.999973e-01 -4.959982e-04 2.257088e-03 -4.375644e+00 4.909912e-04 9.999974e-01 2.218230e-03 -2.953896e-01 -2.258183e-03 -2.217116e-03 9.999950e-01 4.609630e+01
9.999824e-01 5.593669e-04 -5.906644e-03 -3.960358e+00 -5.694746e-04 9.999984e-01 -1.709745e-03 -3.151858e-01 5.905678e-03 1.713080e-03 9.999811e-01 4.641100e+01
9.999970e-01 -4.705295e-04 2.407633e-03 -3.574167e+00 4.652017e-04 9.999974e-01 2.212828e-03 -3.320730e-01 -2.408668e-03 -2.211702e-03 9.999947e-01 4.652276e+01
9.999795e-01 5.881983e-04 -6.375417e-03 -3.280237e+00 -5.979119e-04 9.999987e-01 -1.521852e-03 -3.553846e-01 6.374514e-03 1.525634e-03 9.999785e-01 4.681721e+01
9.999977e-01 -8.068289e-04 1.975415e-03 -2.588357e+00 8.019388e-04 9.999966e-01 2.474875e-03 -3.706882e-01 -1.977406e-03 -2.473286e-03 9.999950e-01 4.680815e+01
9.999767e-01 8.982106e-04 -6.771747e-03 -2.858546e+00 -9.121987e-04 9.999975e-01 -2.062908e-03 -3.557900e-01 6.769877e-03 2.069038e-03 9.999749e-01 4.739206e+01
9.999980e-01 -9.264435e-04 1.767148e-03 -2.941381e+00 9.215568e-04 9.999958e-01 2.763931e-03 -3.460098e-01 -1.769702e-03 -2.762297e-03 9.999946e-01 4.791102e+01
9.999803e-01 7.608260e-04 -6.227473e-03 -1.912672e+00 -7.723841e-04 9.999980e-01 -1.853843e-03 -3.577968e-01 6.226050e-03 1.858618e-03 9.999789e-01 4.774182e+01
9.999989e-01 -9.052159e-04 1.202771e-03 -8.366520e-01 9.016997e-04 9.999953e-01 2.920433e-03 -3.815106e-01 -1.205409e-03 -2.919346e-03 9.999950e-01 4.782261e+01
9.999827e-01 8.265743e-04 -5.819406e-03 -1.354288e-01 -8.386369e-04 9.999975e-01 -2.070746e-03 -3.979560e-01 5.817680e-03 2.075592e-03 9.999809e-01 4.785538e+01
9.999985e-01 -8.936629e-04 1.478137e-03 4.522974e-01 8.896068e-04 9.999958e-01 2.742212e-03 -4.063999e-01 -1.480582e-03 -2.740894e-03 9.999951e-01 4.777195e+01
9.999787e-01 8.513561e-04 -6.470069e-03 1.396332e+00 -8.613249e-04 9.999984e-01 -1.538187e-03 -4.392634e-01 6.468749e-03 1.543728e-03 9.999779e-01 4.811677e+01
9.999969e-01 -1.012560e-03 2.275400e-03 2.320224e+00 1.006906e-03 9.999964e-01 2.484283e-03 -4.758766e-01 -2.277907e-03 -2.481985e-03 9.999943e-01 4.856059e+01
9.999822e-01 1.115774e-03 -5.856732e-03 2.612494e+00 -1.126985e-03 9.999975e-01 -1.911350e-03 -4.955996e-01 5.854585e-03 1.917917e-03 9.999810e-01 4.888529e+01
9.999987e-01 -9.498290e-04 1.332744e-03 2.605494e+00 9.468158e-04 9.999970e-01 2.259416e-03 -5.025313e-01 -1.334887e-03 -2.258152e-03 9.999966e-01 4.906278e+01
9.999883e-01 1.064688e-03 -4.724954e-03 2.865817e+00 -1.074204e-03 9.999974e-01 -2.011839e-03 -5.100515e-01 4.722800e-03 2.016892e-03 9.999868e-01 4.889588e+01
9.999990e-01 -9.426405e-04 1.075485e-03 3.079567e+00 9.400182e-04 9.999966e-01 2.435836e-03 -5.268487e-01 -1.077778e-03 -2.434824e-03 9.999965e-01 4.914222e+01
9.999813e-01 7.743932e-04 -6.059731e-03 4.144474e+00 -7.815039e-04 9.999990e-01 -1.171224e-03 -5.583090e-01 6.058818e-03 1.175938e-03 9.999810e-01 4.940923e+01
9.999966e-01 -1.079965e-03 2.377687e-03 5.606760e+00 1.075658e-03 9.999978e-01 1.811863e-03 -5.768906e-01 -2.379639e-03 -1.809300e-03 9.999955e-01 4.930502e+01
9.999757e-01 1.194766e-03 -6.872377e-03 5.610058e+00 -1.205058e-03 9.999982e-01 -1.493684e-03 -5.786970e-01 6.870580e-03 1.501929e-03 9.999753e-01 4.929007e+01
9.999992e-01 -8.854490e-04 9.061706e-04 5.208131e+00 8.838625e-04 9.999981e-01 1.749297e-03 -5.697748e-01 -9.077180e-04 -1.748496e-03 9.999981e-01 4.901354e+01
9.999898e-01 1.249637e-03 -4.340903e-03 5.092018e+00 -1.258658e-03 9.999971e-01 -2.075926e-03 -5.652399e-01 4.338297e-03 2.081369e-03 9.999884e-01 4.783428e+01
9.999986e-01 -9.808299e-04 1.380300e-03 5.169464e+00 9.781101e-04 9.999976e-01 1.969496e-03 -5.673817e-01 -1.382229e-03 -1.968143e-03 9.999971e-01 4.719130e+01
9.999869e-01 1.051673e-03 -5.005490e-03 5.641280e+00 -1.058781e-03 9.999984e-01 -1.417659e-03 -5.907140e-01 5.003991e-03 1.422940e-03 9.999865e-01 4.744911e+01
9.999992e-01 -1.114470e-03 6.548278e-04 6.427485e+00 1.112915e-03 9.999966e-01 2.370195e-03 -6.186007e-01 -6.574672e-04 -2.369464e-03 9.999970e-01 4.766353e+01
9.999900e-01 1.131022e-03 -4.329086e-03 7.090037e+00 -1.138222e-03 9.999980e-01 -1.661144e-03 -6.437721e-01 4.327198e-03 1.666056e-03 9.999892e-01 4.787885e+01
9.999976e-01 -1.050075e-03 1.928884e-03 7.502524e+00 1.046564e-03 9.999978e-01 1.820164e-03 -6.488635e-01 -1.930792e-03 -1.818142e-03 9.999965e-01 4.750621e+01
9.999960e-01 7.930793e-04 -2.713071e-03 9.150275e+00 -7.971297e-04 9.999986e-01 -1.492277e-03 -6.746561e-01 2.711884e-03 1.494434e-03 9.999952e-01 4.731710e+01
9.999985e-01 -1.136176e-03 1.305796e-03 1.084195e+01 1.133877e-03 9.999978e-01 1.759127e-03 -7.093191e-01 -1.307792e-03 -1.757644e-03 9.999976e-01 4.736795e+01
9.999916e-01 1.123203e-03 -3.943811e-03 1.145706e+01 -1.129123e-03 9.999982e-01 -1.499294e-03 -7.093784e-01 3.942120e-03 1.503735e-03 9.999911e-01 4.682940e+01
9.999989e-01 -1.266266e-03 7.775603e-04 1.224394e+01 1.264730e-03 9.999973e-01 1.971977e-03 -7.195813e-01 -7.800554e-04 -1.970992e-03 9.999978e-01 4.661686e+01
9.999866e-01 1.334192e-03 -5.007755e-03 1.278334e+01 -1.340214e-03 9.999984e-01 -1.199492e-03 -7.433861e-01 5.006147e-03 1.206188e-03 9.999867e-01 4.694156e+01
9.999985e-01 -1.424428e-03 9.759830e-04 1.348659e+01 1.422410e-03 9.999969e-01 2.064579e-03 -7.743180e-01 -9.789209e-04 -2.063188e-03 9.999974e-01 4.740508e+01
9.999854e-01 1.539226e-03 -5.181423e-03 1.388075e+01 -1.546357e-03 9.999979e-01 -1.372762e-03 -7.950962e-01 5.179299e-03 1.380755e-03 9.999856e-01 4.778273e+01
9.999990e-01 -1.370415e-03 -3.679708e-04 1.362556e+01 1.371091e-03 9.999974e-01 1.844981e-03 -7.887991e-01 3.654413e-04 -1.845484e-03 9.999982e-01 4.789023e+01
9.999917e-01 1.449054e-03 -3.800996e-03 1.413145e+01 -1.453714e-03 9.999982e-01 -1.223708e-03 -8.161266e-01 3.799216e-03 1.229224e-03 9.999920e-01 4.819729e+01
9.999976e-01 -1.611412e-03 -1.451853e-03 1.557275e+01 1.615408e-03 9.999949e-01 2.755589e-03 -8.695929e-01 1.447405e-03 -2.757929e-03 9.999951e-01 4.900343e+01
