9.999956e-01 8.575328e-05 -2.980558e-03 5.666898e-01 -8.319066e-05 9.999996e-01 8.598988e-04 -4.122889e-02 2.980630e-03 -8.596477e-04 9.999952e-01 1.006578e+00
1.000000e+00 9.442918e-05 1.410093e-04 1.103457e+00 -9.440987e-05 1.000000e+00 -1.367515e-04 -8.609118e-02 -1.410219e-04 1.367389e-04 1.000000e+00 2.044331e+00
9.999969e-01 1.075005e-04 -2.471293e-03 1.377167e+00 -1.060482e-04 9.999998e-01 5.877920e-04 -1.239037e-01 2.471356e-03 -5.875288e-04 9.999968e-01 2.975618e+00
9.999998e-01 -2.822195e-05 -5.981055e-04 1.836928e+00 2.822672e-05 1.000000e+00 7.914843e-06 -1.572641e-01 5.981056e-04 -7.931011e-06 9.999998e-01 3.495698e+00
9.999978e-01 1.415011e-04 -2.073146e-03 2.344686e+00 -1.402580e-04 9.999998e-01 5.997415e-04 -1.968546e-01 2.073230e-03 -5.994502e-04 9.999977e-01 4.352901e+00
1.000000e+00 -3.305081e-06 -2.234533e-04 2.803935e+00 3.291270e-06 1.000000e+00 -6.193792e-05 -2.390971e-01 2.234539e-04 6.193789e-05 1.000000e+00 5.332391e+00
9.999957e-01 -1.544254e-05 -2.945051e-03 3.281779e+00 1.749940e-05 9.999998e-01 6.983964e-04 -2.702230e-01 2.945039e-03 -6.984456e-04 9.999954e-01 5.795931e+00
9.999996e-01 -6.265235e-05 8.725383e-04 3.777814e+00 6.295862e-05 9.999999e-01 -3.509483e-04 -2.895075e-01 -8.725159e-04 3.510038e-04 9.999996e-01 5.854251e+00
9.999952e-01 -3.129179e-05 -3.085521e-03 4.358275e+00 3.369008e-05 9.999997e-01 7.772346e-04 -3.039327e-01 3.085495e-03 -7.773356e-04 9.999949e-01 5.796490e+00
9.999990e-01 -6.178088e-05 1.387312e-03 4.756862e+00 6.259695e-05 9.999998e-01 -5.881779e-04 -3.152206e-01 -1.387275e-03 5.882648e-04 9.999989e-01 5.827260e+00
9.999859e-01 -3.063959e-04 -5.299798e-03 5.728176e+00 3.143204e-04 9.999988e-01 1.494476e-03 -3.323780e-01 5.299333e-03 -1.496122e-03 9.999848e-01 5.792190e+00
9.999953e-01 -3.164112e-04 3.061518e-03 6.469975e+00 3.202363e-04 9.999992e-01 -1.249010e-03 -3.179069e-01 -3.061120e-03 1.249985e-03 9.999945e-01 4.631266e+00
9.999872e-01 2.410140e-04 -5.052474e-03 6.833117e+00 -2.352346e-04 9.999993e-01 1.144441e-03 -3.260914e-01 5.052746e-03 -1.143239e-03 9.999866e-01 4.345269e+00
9.999978e-01 -1.274895e-04 2.098233e-03 7.174018e+00 1.288732e-04 9.999998e-01 -6.593261e-04 -3.508154e-01 -2.098148e-03 6.595958e-04 9.999976e-01 5.177008e+00
9.999849e-01 1.036981e-04 -5.492543e-03 8.242025e+00 -9.594822e-05 9.999990e-01 1.411225e-03 -3.834705e-01 5.492684e-03 -1.410677e-03 9.999839e-01 6.090937e+00
9.999983e-01 -7.965701e-04 1.641851e-03 1.055021e+01 7.967951e-04 9.999997e-01 -1.363645e-04 -4.003466e-01 -1.641742e-03 1.376732e-04 9.999986e-01 6.169944e+00
9.999985e-01 -1.177877e-03 -1.253128e-03 1.519741e+01 1.178983e-03 9.999989e-01 8.826196e-04 -3.323898e-01 1.252087e-03 -8.840964e-04 9.999988e-01 3.403748e+00
9.999971e-01 -1.199074e-03 2.106375e-03 1.972075e+01 1.200874e-03 9.999989e-01 -8.533940e-04 -2.196067e-01 -2.105349e-03 8.559217e-04 9.999974e-01 -7.416126e-01
9.999974e-01 -1.171356e-03 -1.936841e-03 2.389256e+01 1.173371e-03 9.999988e-01 1.039791e-03 -1.212996e-01 1.935620e-03 -1.042062e-03 9.999976e-01 -4.299842e+00
9.999904e-01 -1.052617e-03 4.249460e-03 2.811897e+01 1.060956e-03 9.999975e-01 -1.960411e-03 4.578329e-03 -4.247385e-03 1.964902e-03 9.999890e-01 -9.107363e+00
9.999962e-01 -1.058537e-03 -2.540387e-03 3.245598e+01 1.062295e-03 9.999983e-01 1.478565e-03 1.261123e-01 2.538818e-03 -1.481259e-03 9.999957e-01 -1.362416e+01
9.999882e-01 -1.452713e-03 4.626269e-03 3.716231e+01 1.462510e-03 9.999967e-01 -2.115001e-03 2.615792e-01 -4.623181e-03 2.121743e-03 9.999871e-01 -1.866464e+01
9.999967e-01 -9.687211e-04 -2.366052e-03 4.239041e+01 9.732341e-04 9.999977e-01 1.906996e-03 3.924905e-01 2.364199e-03 -1.909293e-03 9.999954e-01 -2.337548e+01
9.999935e-01 -1.026199e-03 3.447206e-03 4.715530e+01 1.031911e-03 9.999981e-01 -1.655663e-03 4.779721e-01 -3.445500e-03 1.659210e-03 9.999927e-01 -2.656663e+01
9.999985e-01 -1.553422e-03 -7.530080e-04 5.180448e+01 1.554158e-03 9.999983e-01 9.769886e-04 6.120725e-01 7.514888e-04 -9.781581e-04 9.999992e-01 -3.160538e+01
9.999921e-01 -1.128993e-03 3.802269e-03 5.659352e+01 1.135430e-03 9.999979e-01 -1.691012e-03 7.537062e-01 -3.800352e-03 1.695317e-03 9.999913e-01 -3.693511e+01
9.999976e-01 -1.640535e-03 -1.431392e-03 6.177572e+01 1.642263e-03 9.999979e-01 1.206620e-03 9.021088e-01 1.429409e-03 -1.208968e-03 9.999982e-01 -4.247927e+01
9.999828e-01 -1.518677e-03 5.662028e-03 6.761812e+01 1.526936e-03 9.999978e-01 -1.454523e-03 1.048306e+00 -5.659806e-03 1.463144e-03 9.999829e-01 -4.789624e+01
9.999962e-01 -1.133225e-03 -2.496472e-03 7.306354e+01 1.136560e-03 9.999985e-01 1.334678e-03 1.183447e+00 2.494955e-03 -1.337511e-03 9.999960e-01 -5.296401e+01
9.999912e-01 -1.336987e-03 3.979533e-03 7.796708e+01 1.342230e-03 9.999982e-01 -1.315028e-03 1.314634e+00 -3.977767e-03 1.320358e-03 9.999912e-01 -5.781897e+01
9.999944e-01 -8.999417e-04 -3.220992e-03 8.275340e+01 9.044641e-04 9.999986e-01 1.402859e-03 1.422461e+00 3.219725e-03 -1.405765e-03 9.999938e-01 -6.206856e+01
9.999921e-01 -1.492395e-03 3.681085e-03 8.722892e+01 1.497392e-03 9.999980e-01 -1.355123e-03 1.533661e+00 -3.679055e-03 1.360626e-03 9.999923e-01 -6.630015e+01
9.999963e-01 -8.076652e-04 -2.607124e-03 9.193441e+01 8.111064e-04 9.999988e-01 1.319147e-03 1.652665e+00 2.606055e-03 -1.321257e-03 9.999957e-01 -7.075947e+01
9.999938e-01 -1.617114e-03 3.132510e-03 9.684087e+01 1.620531e-03 9.999981e-01 -1.088737e-03 1.760064e+00 -3.130743e-03 1.093808e-03 9.999945e-01 -7.488286e+01
9.999964e-01 -7.205474e-04 -2.576493e-03 1.018040e+02 7.241792e-04 9.999987e-01 1.408935e-03 1.867978e+00 2.575474e-03 -1.410796e-03 9.999957e-01 -7.900680e+01
9.999922e-01 -1.725728e-03 3.547472e-03 1.073580e+02 1.728841e-03 9.999981e-01 -8.746868e-04 1.973010e+00 -3.545956e-03 8.808137e-04 9.999933e-01 -8.315814e+01
9.999749e-01 9.014942e-04 -7.022660e-03 1.098959e+02 -8.926982e-04 9.999988e-01 1.255556e-03 1.998640e+00 7.023783e-03 -1.249256e-03 9.999746e-01 -8.416914e+01
9.999759e-01 -3.243395e-03 6.145705e-03 1.147165e+02 3.248377e-03 9.999944e-01 -8.008543e-04 2.100544e+00 -6.143072e-03 8.207992e-04 9.999808e-01 -8.807669e+01
9.999923e-01 7.156661e-05 -3.915971e-03 1.212375e+02 -6.573102e-05 9.999989e-01 1.490318e-03 2.221368e+00 3.916073e-03 -1.490050e-03 9.999912e-01 -9.257690e+01
9.999860e-01 -2.387733e-03 4.719895e-03 1.270959e+02 2.391216e-03 9.999969e-01 -7.324097e-04 2.314083e+00 -4.718131e-03 7.436864e-04 9.999886e-01 -9.636715e+01
9.999679e-01 8.767187e-04 -7.964063e-03 1.315941e+02 -8.612352e-04 9.999977e-01 1.947394e-03 2.353268e+00 7.965752e-03 -1.940473e-03 9.999664e-01 -9.840639e+01
9.999916e-01 -1.655793e-03 3.741402e-03 1.365747e+02 1.658190e-03 9.999984e-01 -6.376359e-04 2.334642e+00 -3.740340e-03 6.438353e-04 9.999928e-01 -9.930442e+01
9.998855e-01 9.684479e-04 -1.510105e-02 1.398153e+02 -9.356566e-04 9.999972e-01 2.178368e-03 2.372811e+00 1.510312e-02 -2.163990e-03 9.998836e-01 -9.993524e+01
9.999865e-01 -2.201723e-03 4.714019e-03 1.435283e+02 2.207350e-03 9.999969e-01 -1.188660e-03 2.480619e+00 -4.711387e-03 1.199050e-03 9.999882e-01 -1.028344e+02
9.997811e-01 2.643047e-03 -2.075343e-02 1.426743e+02 -2.611594e-03 9.999954e-01 1.542546e-03 2.545423e+00 2.075741e-02 -1.488010e-03 9.997834e-01 -1.019407e+02
9.999815e-01 -2.555956e-03 5.525790e-03 1.425748e+02 2.558735e-03 9.999966e-01 -4.958750e-04 2.594086e+00 -5.524503e-03 5.100055e-04 9.999846e-01 -1.015320e+02
9.992649e-01 3.235258e-03 -3.819873e-02 1.368897e+02 -3.250637e-03 9.999947e-01 -3.404973e-04 2.832749e+00 3.819743e-02 4.644165e-04 9.992701e-01 -1.031050e+02
9.998586e-01 -2.814294e-03 1.657643e-02 1.332739e+02 2.810835e-03 9.999960e-01 2.319368e-04 2.984846e+00 -1.657701e-02 -1.853097e-04 9.998626e-01 -1.033197e+02
9.993259e-01 3.218510e-03 -3.657103e-02 1.299499e+02 -3.234905e-03 9.999947e-01 -3.891342e-04 3.124233e+00 3.656958e-02 5.071750e-04 9.993310e-01 -1.037157e+02
9.996999e-01 -2.857688e-03 2.433067e-02 1.281829e+02 2.852641e-03 9.999959e-01 2.421331e-04 3.185785e+00 -2.433126e-02 -1.726531e-04 9.997039e-01 -1.056245e+02
9.994329e-01 3.430309e-03 -3.349804e-02 1.276110e+02 -3.438753e-03 9.999941e-01 -1.944645e-04 3.198933e+00 3.349717e-02 3.095450e-04 9.994388e-01 -1.059458e+02
9.995317e-01 -3.263826e-03 3.042666e-02 1.282749e+02 3.232937e-03 9.999942e-01 1.064333e-03 3.146465e+00 -3.042995e-02 -9.654664e-04 9.995364e-01 -1.047566e+02
9.994208e-01 3.282323e-03 -3.387194e-02 1.289058e+02 -3.301482e-03 9.999944e-01 -5.096953e-04 3.142805e+00 3.387008e-02 6.212270e-04 9.994261e-01 -1.051416e+02
9.995377e-01 -3.096269e-03 3.024402e-02 1.290701e+02 3.074377e-03 9.999950e-01 7.703332e-04 3.131926e+00 -3.024625e-02 -6.769949e-04 9.995422e-01 -1.053301e+02
9.993672e-01 3.285700e-03 -3.541706e-02 1.288255e+02 -3.299862e-03 9.999945e-01 -3.413968e-04 3.128385e+00 3.541574e-02 4.580515e-04 9.993726e-01 -1.052620e+02
9.994704e-01 -3.215241e-03 3.238183e-02 1.297381e+02 3.174241e-03 9.999941e-01 1.317490e-03 3.081305e+00 -3.238588e-02 -1.214004e-03 9.994747e-01 -1.042705e+02
9.993885e-01 3.300907e-03 -3.481047e-02 1.307206e+02 -3.327346e-03 9.999942e-01 -7.016136e-04 3.021092e+00 3.480795e-02 8.170103e-04 9.993937e-01 -1.030597e+02
9.995203e-01 -3.175858e-03 3.080803e-02 1.313192e+02 3.132287e-03 9.999940e-01 1.462446e-03 2.995803e+00 -3.081249e-02 -1.365244e-03 9.995243e-01 -1.028061e+02
9.993828e-01 3.217849e-03 -3.498230e-02 1.319667e+02 -3.245524e-03 9.999945e-01 -7.343544e-04 2.970137e+00 3.497974e-02 8.474363e-04 9.993877e-01 -1.025736e+02
9.995267e-01 -3.068763e-03 3.060962e-02 1.321510e+02 3.035462e-03 9.999947e-01 1.134328e-03 2.970615e+00 -3.061294e-02 -1.040876e-03 9.995308e-01 -1.029794e+02
9.993741e-01 3.332402e-03 -3.521935e-02 1.319140e+02 -3.376387e-03 9.999936e-01 -1.189505e-03 2.982209e+00 3.521516e-02 1.307673e-03 9.993789e-01 -1.037030e+02
9.995406e-01 -3.178414e-03 3.014027e-02 1.315842e+02 3.144609e-03 9.999944e-01 1.168933e-03 2.998311e+00 -3.014382e-02 -1.073616e-03 9.995450e-01 -1.042908e+02
9.994128e-01 3.283388e-03 -3.410570e-02 1.317389e+02 -3.314812e-03 9.999941e-01 -8.648710e-04 3.002018e+00 3.410266e-02 9.774164e-04 9.994179e-01 -1.047146e+02
9.995138e-01 -3.167485e-03 3.101762e-02 1.319746e+02 3.140211e-03 9.999946e-01 9.279822e-04 3.005405e+00 -3.102040e-02 -8.301285e-04 9.995184e-01 -1.054414e+02
9.994049e-01 3.336920e-03 -3.433199e-02 1.320549e+02 -3.370685e-03 9.999939e-01 -9.256693e-04 3.009342e+00 3.432869e-02 1.040840e-03 9.994101e-01 -1.061504e+02
9.995353e-01 -3.400656e-03 3.029089e-02 1.329246e+02 3.346864e-03 9.999927e-01 1.826370e-03 2.984430e+00 -3.029688e-02 -1.724141e-03 9.995395e-01 -1.060285e+02
9.993923e-01 3.245150e-03 -3.470456e-02 1.339621e+02 -3.278600e-03 9.999942e-01 -9.069813e-04 2.958690e+00 3.470141e-02 1.020212e-03 9.993972e-01 -1.059555e+02
9.994837e-01 -3.338355e-03 3.195484e-02 1.347862e+02 3.293556e-03 9.999935e-01 1.454472e-03 2.956197e+00 -3.195949e-02 -1.348475e-03 9.994883e-01 -1.063692e+02
9.993958e-01 3.167291e-03 -3.461119e-02 1.356683e+02 -3.200130e-03 9.999945e-01 -8.934240e-04 2.956163e+00 3.460816e-02 1.003644e-03 9.994005e-01 -1.068642e+02
9.995178e-01 -3.368087e-03 3.086885e-02 1.368421e+02 3.318142e-03 9.999931e-01 1.669076e-03 2.945176e+00 -3.087425e-02 -1.565843e-03 9.995221e-01 -1.071487e+02
9.994102e-01 3.229323e-03 -3.418800e-02 1.380361e+02 -3.262133e-03 9.999943e-01 -9.039404e-04 2.943555e+00 3.418489e-02 1.014932e-03 9.994150e-01 -1.076401e+02
9.994766e-01 -3.053259e-03 3.220644e-02 1.382277e+02 3.032180e-03 9.999952e-01 7.033240e-04 2.948865e+00 -3.220844e-02 -6.052994e-04 9.994810e-01 -1.086202e+02
9.994141e-01 3.091590e-03 -3.408608e-02 1.386363e+02 -3.112356e-03 9.999950e-01 -5.561699e-04 2.939843e+00 3.408419e-02 6.619314e-04 9.994187e-01 -1.089531e+02
9.994869e-01 -3.002688e-03 3.188832e-02 1.389144e+02 2.984819e-03 9.999954e-01 6.079726e-04 2.943622e+00 -3.188999e-02 -5.124791e-04 9.994913e-01 -1.097854e+02
9.994211e-01 3.155454e-03 -3.387360e-02 1.391989e+02 -3.181269e-03 9.999947e-01 -7.082069e-04 2.949239e+00 3.387118e-02 8.155572e-04 9.994259e-01 -1.106944e+02
9.995018e-01 -3.060160e-03 3.141270e-02 1.394892e+02 3.036929e-03 9.999951e-01 7.872279e-04 2.951876e+00 -3.141496e-02 -6.914368e-04 9.995062e-01 -1.114674e+02
9.994273e-01 3.180450e-03 -3.368969e-02 1.397044e+02 -3.213713e-03 9.999944e-01 -9.332308e-04 2.957024e+00 3.368653e-02 1.040965e-03 9.994319e-01 -1.124257e+02
9.994988e-01 -3.057727e-03 3.150968e-02 1.399206e+02 3.032010e-03 9.999950e-01 8.638920e-04 2.961002e+00 -3.151216e-02 -7.679207e-04 9.995031e-01 -1.133271e+02
9.994355e-01 3.163272e-03 -3.344635e-02 1.401698e+02 -3.202740e-03 9.999942e-01 -1.126520e-03 2.969765e+00 3.344259e-02 1.233004e-03 9.994399e-01 -1.144937e+02
9.995047e-01 -3.129496e-03 3.131460e-02 1.404961e+02 3.098302e-03 9.999947e-01 1.044635e-03 2.975507e+00 -3.131770e-02 -9.470950e-04 9.995090e-01 -1.153970e+02
9.994046e-01 3.165881e-03 -3.435667e-02 1.409080e+02 -3.192530e-03 9.999946e-01 -7.208006e-04 2.977521e+00 3.435421e-02 8.300554e-04 9.994094e-01 -1.160364e+02
9.994887e-01 -3.026300e-03 3.183123e-02 1.410807e+02 3.011550e-03 9.999953e-01 5.113076e-04 2.982217e+00 -3.183263e-02 -4.151841e-04 9.994931e-01 -1.169827e+02
9.993912e-01 3.127393e-03 -3.474703e-02 1.412463e+02 -3.142243e-03 9.999950e-01 -3.727640e-04 2.978634e+00 3.474569e-02 4.817199e-04 9.993961e-01 -1.173368e+02
9.995132e-01 -3.023993e-03 3.105192e-02 1.412002e+02 3.010759e-03 9.999954e-01 4.729361e-04 2.984520e+00 -3.105321e-02 -3.792153e-04 9.995177e-01 -1.176330e+02
9.993358e-01 3.256783e-03 -3.629537e-02 1.408059e+02 -3.267984e-03 9.999946e-01 -2.492906e-04 2.998452e+00 3.629436e-02 3.677370e-04 9.993411e-01 -1.178548e+02
9.994637e-01 -3.403736e-03 3.257017e-02 1.413289e+02 3.371342e-03 9.999938e-01 1.049456e-03 2.983079e+00 -3.257354e-02 -9.390877e-04 9.994689e-01 -1.177804e+02
9.993262e-01 3.291879e-03 -3.655522e-02 1.420875e+02 -3.304082e-03 9.999945e-01 -2.734288e-04 2.961043e+00 3.655411e-02 3.940253e-04 9.993316e-01 -1.176445e+02
9.994843e-01 -3.079565e-03 3.196301e-02 1.419565e+02 3.066785e-03 9.999952e-01 4.488732e-04 2.969599e+00 -3.196424e-02 -3.506173e-04 9.994890e-01 -1.180623e+02
9.993485e-01 3.147552e-03 -3.595296e-02 1.422274e+02 -3.141613e-03 9.999950e-01 2.216977e-04 2.960662e+00 3.595348e-02 -1.086037e-04 9.993535e-01 -1.179066e+02
9.994924e-01 -3.111547e-03 3.170576e-02 1.424226e+02 3.104541e-03 9.999951e-01 2.702013e-04 2.960672e+00 -3.170645e-02 -1.716316e-04 9.994972e-01 -1.178703e+02
9.993633e-01 3.068146e-03 -3.554784e-02 1.426581e+02 -3.065331e-03 9.999953e-01 1.336907e-04 2.966019e+00 3.554808e-02 -2.464040e-05 9.993680e-01 -1.181426e+02
9.995083e-01 -3.093626e-03 3.120343e-02 1.433598e+02 3.075384e-03 9.999951e-01 6.325831e-04 2.958434e+00 -3.120523e-02 -5.363088e-04 9.995129e-01 -1.182758e+02
9.993968e-01 3.360582e-03 -3.456434e-02 1.437499e+02 -3.364832e-03 9.999943e-01 -6.476863e-05 2.932106e+00 3.456393e-02 1.810320e-04 9.994025e-01 -1.177378e+02
9.995124e-01 -3.217209e-03 3.105842e-02 1.441363e+02 3.196361e-03 9.999946e-01 7.208758e-04 2.900221e+00 -3.106057e-02 -6.212497e-04 9.995173e-01 -1.172670e+02
9.993725e-01 3.290590e-03 -3.526781e-02 1.444723e+02 -3.297451e-03 9.999946e-01 -1.363877e-04 2.896604e+00 3.526717e-02 2.525953e-04 9.993779e-01 -1.174342e+02
9.995257e-01 -3.259881e-03 3.062177e-02 1.448956e+02 3.232474e-03 9.999943e-01 9.444869e-04 2.891308e+00 -3.062467e-02 -8.450542e-04 9.995306e-01 -1.175268e+02
9.993924e-01 3.201952e-03 -3.470735e-02 1.453897e+02 -3.210139e-03 9.999948e-01 -1.801780e-04 2.884589e+00 3.470660e-02 2.914832e-04 9.993975e-01 -1.177068e+02
9.995327e-01 -3.304153e-03 3.038740e-02 1.459201e+02 3.276624e-03 9.999942e-01 9.556847e-04 2.880699e+00 -3.039038e-02 -8.556693e-04 9.995377e-01 -1.178184e+02
9.993870e-01 3.049666e-03 -3.487475e-02 1.468550e+02 -3.048800e-03 9.999953e-01 7.802047e-05 2.869640e+00 3.487482e-02 2.835280e-05 9.993917e-01 -1.177765e+02
9.995313e-01 -2.905900e-03 3.047611e-02 1.477930e+02 2.887579e-03 9.999956e-01 6.451548e-04 2.843240e+00 -3.047785e-02 -5.568496e-04 9.995353e-01 -1.175889e+02
9.993907e-01 2.887517e-03 -3.478235e-02 1.484505e+02 -2.879229e-03 9.999958e-01 2.883900e-04 2.817901e+00 3.478304e-02 -1.880687e-04 9.993949e-01 -1.173679e+02
9.995116e-01 -3.155957e-03 3.108908e-02 1.493766e+02 3.142688e-03 9.999949e-01 4.756599e-04 2.815969e+00 -3.109042e-02 -3.777237e-04 9.995165e-01 -1.177361e+02
9.993565e-01 3.063538e-03 -3.573678e-02 1.505395e+02 -3.044973e-03 9.999952e-01 5.739186e-04 2.804836e+00 3.573836e-02 -4.647325e-04 9.993611e-01 -1.179430e+02
9.995167e-01 -3.330644e-03 3.090796e-02 1.519089e+02 3.316900e-03 9.999944e-01 4.959340e-04 2.792627e+00 -3.090943e-02 -3.931750e-04 9.995221e-01 -1.181787e+02
9.993805e-01 3.325181e-03 -3.503696e-02 1.526469e+02 -3.322263e-03 9.999945e-01 1.415112e-04 2.788036e+00 3.503723e-02 -2.502221e-05 9.993860e-01 -1.183276e+02
9.995166e-01 -3.484498e-03 3.089281e-02 1.533246e+02 3.468467e-03 9.999938e-01 5.725153e-04 2.788219e+00 -3.089461e-02 -4.650872e-04 9.995225e-01 -1.185495e+02
9.993697e-01 3.493443e-03 -3.532630e-02 1.536985e+02 -3.496563e-03 9.999939e-01 -2.652108e-05 2.790495e+00 3.532599e-02 1.500243e-04 9.993758e-01 -1.184895e+02
9.995052e-01 -3.625390e-03 3.124567e-02 1.541950e+02 3.601993e-03 9.999932e-01 8.050580e-04 2.784648e+00 -3.124837e-02 -6.921123e-04 9.995114e-01 -1.185169e+02
9.993697e-01 3.407490e-03 -3.533490e-02 1.551866e+02 -3.408189e-03 9.999942e-01 4.045665e-05 2.772627e+00 3.533483e-02 7.999618e-05 9.993755e-01 -1.186800e+02
9.994987e-01 -3.603060e-03 3.145516e-02 1.562010e+02 3.582883e-03 9.999933e-01 6.977966e-04 2.762559e+00 -3.145747e-02 -5.847459e-04 9.995049e-01 -1.189006e+02
9.993767e-01 3.586066e-03 -3.511780e-02 1.569804e+02 -3.590297e-03 9.999936e-01 -5.739706e-05 2.752694e+00 3.511737e-02 1.834439e-04 9.993832e-01 -1.189891e+02
9.994942e-01 -3.610196e-03 3.159653e-02 1.575839e+02 3.592180e-03 9.999934e-01 6.269406e-04 2.739647e+00 -3.159858e-02 -5.131224e-04 9.995005e-01 -1.186158e+02
9.993547e-01 3.613012e-03 -3.573752e-02 1.583038e+02 -3.604669e-03 9.999935e-01 2.978914e-04 2.714698e+00 3.573837e-02 -1.688780e-04 9.993612e-01 -1.183179e+02
9.994971e-01 -3.724962e-03 3.149056e-02 1.592054e+02 3.710271e-03 9.999930e-01 5.249504e-04 2.698169e+00 -3.149229e-02 -4.078472e-04 9.995039e-01 -1.183045e+02
9.993682e-01 3.602336e-03 -3.535767e-02 1.601760e+02 -3.596448e-03 9.999935e-01 2.301364e-04 2.687274e+00 3.535827e-02 -1.028297e-04 9.993747e-01 -1.184734e+02
9.994764e-01 -3.807960e-03 3.213222e-02 1.611156e+02 3.796562e-03 9.999927e-01 4.157350e-04 2.680860e+00 -3.213357e-02 -2.935247e-04 9.994835e-01 -1.187584e+02
9.993697e-01 3.594247e-03 -3.531656e-02 1.620701e+02 -3.586088e-03 9.999935e-01 2.943607e-04 2.681619e+00 3.531739e-02 -1.675275e-04 9.993761e-01 -1.192458e+02
9.994858e-01 -3.830796e-03 3.183572e-02 1.630787e+02 3.817862e-03 9.999926e-01 4.670631e-04 2.681514e+00 -3.183728e-02 -3.452778e-04 9.994930e-01 -1.197099e+02
9.993636e-01 3.683186e-03 -3.548059e-02 1.640047e+02 -3.677745e-03 9.999932e-01 2.186143e-04 2.672360e+00 3.548115e-02 -8.798725e-05 9.993703e-01 -1.199070e+02
9.994956e-01 -3.836905e-03 3.152447e-02 1.647410e+02 3.820703e-03 9.999925e-01 5.741608e-04 2.663527e+00 -3.152644e-02 -4.534248e-04 9.995028e-01 -1.200908e+02
9.993664e-01 3.651981e-03 -3.540382e-02 1.657682e+02 -3.644814e-03 9.999933e-01 2.669832e-04 2.658105e+00 3.540456e-02 -1.377744e-04 9.993731e-01 -1.204297e+02
9.994939e-01 -3.822058e-03 3.157982e-02 1.666979e+02 3.808489e-03 9.999926e-01 4.898127e-04 2.650492e+00 -3.158146e-02 -3.692928e-04 9.995011e-01 -1.207014e+02
9.993749e-01 3.668922e-03 -3.516146e-02 1.676068e+02 -3.661611e-03 9.999933e-01 2.723047e-04 2.645256e+00 3.516222e-02 -1.433875e-04 9.993816e-01 -1.210392e+02
9.994955e-01 -3.565852e-03 3.155967e-02 1.680630e+02 3.561667e-03 9.999936e-01 1.888257e-04 2.640513e+00 -3.156014e-02 -7.632475e-05 9.995019e-01 -1.212410e+02
9.993187e-01 3.691121e-03 -3.672132e-02 1.678096e+02 -3.688431e-03 9.999932e-01 1.410012e-04 2.654245e+00 3.672159e-02 -5.461748e-06 9.993255e-01 -1.213217e+02
9.994821e-01 -3.624999e-03 3.197426e-02 1.675954e+02 3.620083e-03 9.999934e-01 2.116297e-04 2.665068e+00 -3.197481e-02 -9.576992e-05 9.994887e-01 -1.214154e+02
9.993126e-01 3.795836e-03 -3.687774e-02 1.673014e+02 -3.788080e-03 9.999928e-01 2.802049e-04 2.672038e+00 3.687854e-02 -1.403171e-04 9.993197e-01 -1.211882e+02
9.994418e-01 -3.641333e-03 3.320798e-02 1.672458e+02 3.636954e-03 9.999934e-01 1.922765e-04 2.664786e+00 -3.320846e-02 -7.139261e-05 9.994484e-01 -1.207756e+02
9.993055e-01 3.805206e-03 -3.706788e-02 1.671575e+02 -3.795513e-03 9.999927e-01 3.318734e-04 2.659357e+00 3.706888e-02 -1.909520e-04 9.993127e-01 -1.204044e+02
9.994550e-01 -3.647675e-03 3.280834e-02 1.670138e+02 3.645572e-03 9.999933e-01 1.239255e-04 2.655707e+00 -3.280857e-02 -4.252154e-06 9.994617e-01 -1.201407e+02
9.992781e-01 3.803913e-03 -3.779861e-02 1.667123e+02 -3.794438e-03 9.999927e-01 3.224196e-04 2.660703e+00 3.779956e-02 -1.787631e-04 9.992853e-01 -1.198816e+02
9.994544e-01 -3.617462e-03 3.282884e-02 1.664091e+02 3.618214e-03 9.999935e-01 3.648645e-05 2.673995e+00 -3.282876e-02 8.231590e-05 9.994610e-01 -1.200252e+02
9.992982e-01 3.791983e-03 -3.726505e-02 1.660932e+02 -3.787519e-03 9.999928e-01 1.903671e-04 2.694836e+00 3.726550e-02 -4.909212e-05 9.993054e-01 -1.202105e+02
9.994457e-01 -3.648219e-03 3.309171e-02 1.658777e+02 3.650313e-03 9.999933e-01 -2.860670e-06 2.704370e+00 -3.309148e-02 1.236549e-04 9.994523e-01 -1.201998e+02
9.992714e-01 3.835867e-03 -3.797224e-02 1.655326e+02 -3.824401e-03 9.999926e-01 3.745766e-04 2.713388e+00 3.797340e-02 -2.290833e-04 9.992787e-01 -1.198409e+02
9.994721e-01 -3.647314e-03 3.228496e-02 1.650854e+02 3.649485e-03 9.999933e-01 -8.323451e-06 2.725356e+00 -3.228471e-02 1.261432e-04 9.994787e-01 -1.197256e+02
9.993583e-01 3.728377e-03 -3.562336e-02 1.652480e+02 -3.717399e-03 9.999930e-01 3.744124e-04 2.724015e+00 3.562451e-02 -2.417466e-04 9.993652e-01 -1.198500e+02
9.994441e-01 -3.731917e-03 3.312852e-02 1.657854e+02 3.732004e-03 9.999930e-01 5.923136e-05 2.720490e+00 -3.312851e-02 6.443800e-05 9.994511e-01 -1.202226e+02
9.993233e-01 3.820504e-03 -3.658344e-02 1.658711e+02 -3.819334e-03 9.999927e-01 1.018775e-04 2.726158e+00 3.658356e-02 3.791511e-05 9.993306e-01 -1.206083e+02
9.994742e-01 -3.692445e-03 3.221343e-02 1.658470e+02 3.693483e-03 9.999932e-01 2.729349e-05 2.738788e+00 -3.221332e-02 9.170131e-05 9.994810e-01 -1.211284e+02
9.993750e-01 3.633939e-03 -3.516395e-02 1.663812e+02 -3.626203e-03 9.999934e-01 2.837801e-04 2.744796e+00 3.516475e-02 -1.560918e-04 9.993815e-01 -1.218305e+02
9.994644e-01 -3.841568e-03 3.249754e-02 1.673471e+02 3.837135e-03 9.999926e-01 1.987805e-04 2.756189e+00 -3.249807e-02 -7.397595e-05 9.994718e-01 -1.226063e+02
9.993694e-01 3.888330e-03 -3.529288e-02 1.680725e+02 -3.887561e-03 9.999924e-01 9.042278e-05 2.767669e+00 3.529296e-02 4.683677e-05 9.993770e-01 -1.234781e+02
9.994881e-01 -3.690968e-03 3.178029e-02 1.682133e+02 3.693737e-03 9.999932e-01 -2.840231e-05 2.772179e+00 -3.177997e-02 1.457765e-04 9.994949e-01 -1.241925e+02
9.993605e-01 3.945656e-03 -3.553998e-02 1.681623e+02 -3.944913e-03 9.999922e-01 9.104765e-05 2.776388e+00 3.554006e-02 4.921202e-05 9.993683e-01 -1.250304e+02
9.994411e-01 -3.857448e-03 3.320632e-02 1.685568e+02 3.860136e-03 9.999925e-01 -1.681330e-05 2.781286e+00 -3.320601e-02 1.449855e-04 9.994485e-01 -1.258538e+02
9.993621e-01 3.698317e-03 -3.552026e-02 1.691608e+02 -3.690954e-03 9.999932e-01 2.728900e-04 2.791044e+00 3.552103e-02 -1.416130e-04 9.993689e-01 -1.267673e+02
9.994585e-01 -3.630357e-03 3.270491e-02 1.697757e+02 3.627891e-03 9.999934e-01 1.347600e-04 2.798478e+00 -3.270518e-02 -1.603649e-05 9.994650e-01 -1.275374e+02
9.993864e-01 3.142388e-03 -3.488606e-02 1.709227e+02 -3.137029e-03 9.999951e-01 2.083449e-04 2.825241e+00 3.488654e-02 -9.877915e-05 9.993913e-01 -1.290417e+02
9.994040e-01 -3.754347e-03 3.431613e-02 1.726875e+02 3.757240e-03 9.999929e-01 -1.981848e-05 2.859669e+00 -3.431582e-02 1.487413e-04 9.994110e-01 -1.305342e+02
9.992992e-01 3.774451e-03 -3.723968e-02 1.732223e+02 -3.763279e-03 9.999929e-01 3.701106e-04 2.864597e+00 3.724081e-02 -2.297086e-04 9.993063e-01 -1.312396e+02
9.994108e-01 -3.558239e-03 3.413809e-02 1.733692e+02 3.570736e-03 9.999936e-01 -3.051007e-04 2.864256e+00 -3.413678e-02 4.268197e-04 9.994171e-01 -1.318913e+02
9.992204e-01 3.782631e-03 -3.929746e-02 1.730991e+02 -3.763442e-03 9.999928e-01 5.622668e-04 2.871211e+00 3.929931e-02 -4.139354e-04 9.992274e-01 -1.320995e+02
9.993591e-01 -3.675849e-03 3.560862e-02 1.734625e+02 3.676131e-03 9.999932e-01 5.756161e-05 2.857167e+00 -3.560859e-02 7.337787e-05 9.993658e-01 -1.319521e+02
9.992371e-01 3.738295e-03 -3.887568e-02 1.740336e+02 -3.724178e-03 9.999930e-01 4.355629e-04 2.839915e+00 3.887703e-02 -2.904514e-04 9.992440e-01 -1.318778e+02
9.993833e-01 -3.708012e-03 3.491766e-02 1.746262e+02 3.696315e-03 9.999931e-01 3.995285e-04 2.818368e+00 -3.491890e-02 -2.702148e-04 9.993901e-01 -1.317301e+02
9.992366e-01 3.916870e-03 -3.886899e-02 1.747074e+02 -3.912844e-03 9.999923e-01 1.796547e-04 2.804583e+00 3.886940e-02 -2.742989e-05 9.992443e-01 -1.310692e+02
9.994113e-01 -3.814900e-03 3.409470e-02 1.745270e+02 3.799714e-03 9.999927e-01 5.101954e-04 2.815101e+00 -3.409639e-02 -3.803443e-04 9.994185e-01 -1.303133e+02
9.992556e-01 4.006111e-03 -3.836799e-02 1.748560e+02 -3.999168e-03 9.999920e-01 2.577285e-04 2.797835e+00 3.836871e-02 -1.040973e-04 9.992636e-01 -1.296123e+02
9.994440e-01 -3.924172e-03 3.310963e-02 1.740395e+02 3.927623e-03 9.999923e-01 -3.920650e-05 2.849915e+00 -3.310922e-02 1.692275e-04 9.994517e-01 -1.274328e+02
9.992432e-01 3.837570e-03 -3.870810e-02 1.730794e+02 -3.820617e-03 9.999926e-01 5.119298e-04 2.924051e+00 3.870978e-02 -3.636542e-04 9.992504e-01 -1.250355e+02
9.993892e-01 -3.885878e-03 3.472827e-02 1.744150e+02 3.861366e-03 9.999922e-01 7.728805e-04 2.878331e+00 -3.473100e-02 -6.383092e-04 9.993965e-01 -1.236539e+02
9.992506e-01 4.153743e-03 -3.848262e-02 1.752218e+02 -4.162077e-03 9.999913e-01 -1.364572e-04 2.845652e+00 3.848172e-02 2.965219e-04 9.992593e-01 -1.219695e+02
9.994464e-01 -4.194024e-03 3.300311e-02 1.742456e+02 4.184473e-03 9.999912e-01 3.584813e-04 2.910333e+00 -3.300432e-02 -2.201816e-04 9.994552e-01 -1.200634e+02
9.992395e-01 4.141647e-03 -3.877278e-02 1.734031e+02 -4.141164e-03 9.999914e-01 9.277998e-05 2.969480e+00 3.877284e-02 6.785437e-05 9.992480e-01 -1.182521e+02
9.994264e-01 -4.079427e-03 3.361860e-02 1.727350e+02 4.071650e-03 9.999917e-01 2.997930e-04 3.010673e+00 -3.361955e-02 -1.627372e-04 9.994347e-01 -1.164875e+02
9.991785e-01 4.052288e-03 -4.032352e-02 1.715676e+02 -4.053095e-03 9.999918e-01 6.173901e-05 3.092963e+00 4.032344e-02 1.017461e-04 9.991867e-01 -1.146177e+02
9.993955e-01 -4.165648e-03 3.451596e-02 1.709820e+02 4.148657e-03 9.999912e-01 5.638723e-04 3.138458e+00 -3.451801e-02 -4.203359e-04 9.994040e-01 -1.131634e+02
9.992525e-01 4.356410e-03 -3.841114e-02 1.718035e+02 -4.347653e-03 9.999905e-01 3.115162e-04 3.104090e+00 3.841213e-02 -1.442857e-04 9.992620e-01 -1.122096e+02
9.994148e-01 -4.281368e-03 3.393735e-02 1.714341e+02 4.281203e-03 9.999908e-01 7.753817e-05 3.123607e+00 -3.393737e-02 6.780057e-05 9.994240e-01 -1.111481e+02
9.992174e-01 4.281384e-03 -3.932127e-02 1.706434e+02 -4.273025e-03 9.999908e-01 2.966189e-04 3.177605e+00 3.932217e-02 -1.283667e-04 9.992266e-01 -1.093869e+02
9.993615e-01 -4.462228e-03 3.544906e-02 1.714109e+02 4.439184e-03 9.999899e-01 7.287506e-04 3.158744e+00 -3.545196e-02 -5.709197e-04 9.993712e-01 -1.080868e+02
9.991591e-01 4.492857e-03 -4.075441e-02 1.733765e+02 -4.452931e-03 9.999895e-01 1.070393e-03 3.099324e+00 4.075879e-02 -8.880174e-04 9.991686e-01 -1.071632e+02
9.992856e-01 -4.185038e-03 3.756072e-02 1.733666e+02 4.210320e-03 9.999910e-01 -5.940211e-04 3.093324e+00 -3.755789e-02 7.517400e-04 9.992942e-01 -1.052869e+02
9.990600e-01 4.357777e-03 -4.312929e-02 1.727256e+02 -4.307911e-03 9.999899e-01 1.249081e-03 3.139016e+00 4.313429e-02 -1.062111e-03 9.990687e-01 -1.035501e+02
9.992309e-01 -4.136704e-03 3.899381e-02 1.726123e+02 4.161359e-03 9.999912e-01 -5.511328e-04 3.147784e+00 -3.899119e-02 7.129769e-04 9.992393e-01 -1.018345e+02
9.990351e-01 4.191402e-03 -4.371874e-02 1.720927e+02 -4.149855e-03 9.999908e-01 1.041044e-03 3.182893e+00 4.372270e-02 -8.586137e-04 9.990433e-01 -1.001221e+02
9.992464e-01 -4.082954e-03 3.860062e-02 1.716026e+02 4.104996e-03 9.999915e-01 -4.917789e-04 3.218103e+00 -3.859828e-02 6.498644e-04 9.992546e-01 -9.834209e+01
9.990433e-01 4.159822e-03 -4.353253e-02 1.709320e+02 -4.127322e-03 9.999911e-01 8.364248e-04 3.265300e+00 4.353562e-02 -6.559526e-04 9.990517e-01 -9.607088e+01
9.992849e-01 -4.222790e-03 3.757487e-02 1.699055e+02 4.240654e-03 9.999909e-01 -3.957265e-04 3.342737e+00 -3.757286e-02 5.547862e-04 9.992937e-01 -9.361820e+01
9.990416e-01 4.252810e-03 -4.356388e-02 1.691519e+02 -4.208557e-03 9.999905e-01 1.107486e-03 3.402914e+00 4.356818e-02 -9.230846e-04 9.990500e-01 -9.169909e+01
9.992922e-01 -3.899874e-03 3.741476e-02 1.708979e+02 3.874368e-03 9.999922e-01 7.542138e-04 3.349693e+00 -3.741741e-02 -6.087208e-04 9.992995e-01 -9.002362e+01
9.990397e-01 3.942196e-03 -4.363554e-02 1.744200e+02 -3.882017e-03 9.999914e-01 1.463786e-03 3.228008e+00 4.364093e-02 -1.292987e-03 9.990464e-01 -8.811930e+01
9.993216e-01 -3.914246e-03 3.661873e-02 1.733867e+02 3.957164e-03 9.999916e-01 -1.099602e-03 3.295370e+00 -3.661412e-02 1.243763e-03 9.993287e-01 -8.571654e+01
9.989462e-01 4.067300e-03 -4.571593e-02 1.724158e+02 -3.996888e-03 9.999907e-01 1.631513e-03 3.352506e+00 4.572214e-02 -1.447073e-03 9.989531e-01 -8.524847e+01
9.989028e-01 -4.498589e-03 4.661592e-02 1.732840e+02 4.594166e-03 9.999876e-01 -1.943371e-03 3.377903e+00 -4.660660e-02 2.155401e-03 9.989110e-01 -8.689653e+01
9.986689e-01 3.848335e-03 -5.143635e-02 1.755725e+02 -3.661589e-03 9.999864e-01 3.724374e-03 3.359599e+00 5.144998e-02 -3.531078e-03 9.986693e-01 -8.730446e+01
9.989895e-01 -4.611642e-03 4.470776e-02 1.790001e+02 4.672430e-03 9.999883e-01 -1.255267e-03 3.306740e+00 -4.470145e-02 1.462893e-03 9.989993e-01 -8.714167e+01
9.986289e-01 4.563725e-03 -5.214838e-02 1.822850e+02 -4.356762e-03 9.999822e-01 4.081729e-03 3.205665e+00 5.216608e-02 -3.848935e-03 9.986310e-01 -8.571274e+01
9.990291e-01 -4.853841e-03 4.378718e-02 1.867040e+02 4.887850e-03 9.999878e-01 -6.696662e-04 3.068188e+00 -4.378340e-02 8.830418e-04 9.990407e-01 -8.352445e+01
9.987169e-01 4.098074e-03 -5.047468e-02 1.908578e+02 -3.960745e-03 9.999882e-01 2.820476e-03 2.986554e+00 5.048564e-02 -2.616940e-03 9.987214e-01 -8.251460e+01
9.990131e-01 -4.196597e-03 4.421715e-02 1.911398e+02 4.285936e-03 9.999890e-01 -1.925861e-03 3.015495e+00 -4.420858e-02 2.113473e-03 9.990201e-01 -8.158612e+01
9.985056e-01 4.018091e-03 -5.450218e-02 1.886393e+02 -3.908650e-03 9.999901e-01 2.114468e-03 3.207943e+00 5.451014e-02 -1.898279e-03 9.985114e-01 -7.859013e+01
9.991591e-01 -4.298609e-03 4.077398e-02 1.855941e+02 4.369840e-03 9.999891e-01 -1.657990e-03 3.437062e+00 -4.076640e-02 1.834772e-03 9.991670e-01 -7.571302e+01
9.987198e-01 4.341298e-03 -5.039796e-02 1.837400e+02 -4.246667e-03 9.999890e-01 1.984610e-03 3.563961e+00 5.040602e-02 -1.768047e-03 9.987272e-01 -7.410172e+01
9.992160e-01 -4.244375e-03 3.936273e-02 1.818013e+02 4.316151e-03 9.999892e-01 -1.738654e-03 3.690625e+00 -3.935492e-02 1.907187e-03 9.992235e-01 -7.286574e+01
9.987839e-01 4.123380e-03 -4.913035e-02 1.797463e+02 -4.028535e-03 9.999898e-01 2.029350e-03 3.843770e+00 4.913822e-02 -1.828959e-03 9.987903e-01 -7.074813e+01
9.993212e-01 -4.395831e-03 3.657530e-02 1.765982e+02 4.465956e-03 9.999883e-01 -1.835782e-03 4.082091e+00 -3.656680e-02 1.997880e-03 9.993292e-01 -6.746619e+01
9.986233e-01 3.917148e-03 -5.230791e-02 1.725717e+02 -3.827661e-03 9.999910e-01 1.810850e-03 4.385643e+00 5.231454e-02 -1.608140e-03 9.986294e-01 -6.368644e+01
9.991404e-01 -4.062721e-03 4.125409e-02 1.702428e+02 4.121193e-03 9.999906e-01 -1.332408e-03 4.573433e+00 -4.124829e-02 1.501279e-03 9.991478e-01 -6.108819e+01
9.987700e-01 3.679524e-03 -4.944665e-02 1.693746e+02 -3.616201e-03 9.999925e-01 1.370032e-03 4.699421e+00 4.945132e-02 -1.189538e-03 9.987758e-01 -5.977563e+01
9.991626e-01 -4.184621e-03 4.070180e-02 1.681225e+02 4.265053e-03 9.999891e-01 -1.889476e-03 4.864622e+00 -4.069345e-02 2.061489e-03 9.991696e-01 -5.806309e+01
9.987057e-01 3.970850e-03 -5.070580e-02 1.659872e+02 -3.874864e-03 9.999905e-01 1.991166e-03 5.044258e+00 5.071323e-02 -1.792112e-03 9.987116e-01 -5.552674e+01
9.991780e-01 -4.106280e-03 4.032996e-02 1.635945e+02 4.175823e-03 9.999899e-01 -1.640260e-03 5.226008e+00 -4.032282e-02 1.807323e-03 9.991851e-01 -5.282075e+01
9.987268e-01 4.059256e-03 -5.028152e-02 1.615742e+02 -3.956867e-03 9.999899e-01 2.135698e-03 5.376817e+00 5.028968e-02 -1.934022e-03 9.987328e-01 -5.070075e+01
9.990151e-01 -4.140660e-03 4.417751e-02 1.609380e+02 4.208312e-03 9.999901e-01 -1.438478e-03 5.437161e+00 -4.417112e-02 1.622975e-03 9.990227e-01 -4.950270e+01
9.987713e-01 4.090188e-03 -4.938862e-02 1.606568e+02 -4.010975e-03 9.999905e-01 1.702886e-03 5.480738e+00 4.939511e-02 -1.502697e-03 9.987782e-01 -4.853097e+01
9.990316e-01 -4.524222e-03 4.376633e-02 1.610454e+02 4.580802e-03 9.999888e-01 -1.192562e-03 5.525493e+00 -4.376045e-02 1.391892e-03 9.990411e-01 -4.808268e+01
9.988158e-01 4.405237e-03 -4.845159e-02 1.611592e+02 -4.337554e-03 9.999895e-01 1.501998e-03 5.560316e+00 4.845769e-02 -1.290059e-03 9.988244e-01 -4.705480e+01
9.989914e-01 -4.172390e-03 4.470825e-02 1.610766e+02 4.216936e-03 9.999907e-01 -9.020973e-04 5.562692e+00 -4.470407e-02 1.089720e-03 9.989997e-01 -4.609365e+01
9.988086e-01 4.381817e-03 -4.860166e-02 1.610095e+02 -4.313820e-03 9.999896e-01 1.503891e-03 5.560211e+00 4.860774e-02 -1.292442e-03 9.988171e-01 -4.524696e+01
9.991820e-01 -4.291573e-03 4.021093e-02 1.600221e+02 4.337308e-03 9.999900e-01 -1.050190e-03 5.625098e+00 -4.020602e-02 1.223739e-03 9.991907e-01 -4.398209e+01
9.983001e-01 4.669370e-03 -5.809626e-02 1.568793e+02 -4.617566e-03 9.999888e-01 1.025911e-03 5.786706e+00 5.810040e-02 -7.559047e-04 9.983105e-01 -4.271824e+01
9.989559e-01 -4.802781e-03 4.543282e-02 1.549677e+02 4.824782e-03 9.999883e-01 -3.745784e-04 5.891594e+00 -4.543049e-02 5.933913e-04 9.989673e-01 -4.120419e+01
9.986967e-01 4.245816e-03 -5.086152e-02 1.578534e+02 -4.151771e-03 9.999895e-01 1.954550e-03 5.840621e+00 5.086928e-02 -1.740838e-03 9.987038e-01 -4.077721e+01
9.989152e-01 -4.620361e-03 4.633737e-02 1.599314e+02 4.680589e-03 9.999883e-01 -1.191337e-03 5.825105e+00 -4.633132e-02 1.406931e-03 9.989251e-01 -4.072053e+01
9.987927e-01 3.840931e-03 -4.897344e-02 1.615282e+02 -3.787581e-03 9.999921e-01 1.182130e-03 5.862955e+00 4.897760e-02 -9.952128e-04 9.987994e-01 -4.099975e+01
9.989123e-01 -4.085392e-03 4.644858e-02 1.628135e+02 4.125891e-03 9.999912e-01 -7.760740e-04 5.864799e+00 -4.644500e-02 9.668723e-04 9.989204e-01 -4.155785e+01
9.987766e-01 4.200197e-03 -4.927098e-02 1.632824e+02 -4.140355e-03 9.999906e-01 1.316555e-03 5.853438e+00 4.927604e-02 -1.110945e-03 9.987846e-01 -4.170371e+01
9.989619e-01 -4.030888e-03 4.537482e-02 1.636328e+02 4.057325e-03 9.999916e-01 -4.905456e-04 5.833104e+00 -4.537246e-02 6.741374e-04 9.989699e-01 -4.137024e+01
9.987998e-01 4.241162e-03 -4.879587e-02 1.639429e+02 -4.185479e-03 9.999905e-01 1.243270e-03 5.810286e+00 4.880068e-02 -1.037544e-03 9.988080e-01 -4.076074e+01
9.989790e-01 -4.457868e-03 4.495719e-02 1.650857e+02 4.477243e-03 9.999899e-01 -3.302573e-04 5.783191e+00 -4.495526e-02 5.312049e-04 9.989889e-01 -4.024555e+01
9.987228e-01 4.435477e-03 -5.033035e-02 1.640800e+02 -4.417664e-03 9.999901e-01 4.651746e-04 5.850056e+00 5.033192e-02 -2.422385e-04 9.987325e-01 -3.840669e+01
9.989694e-01 -4.501518e-03 4.516496e-02 1.634116e+02 4.495564e-03 9.999899e-01 2.334227e-04 5.904344e+00 -4.516555e-02 -3.013959e-05 9.989795e-01 -3.638872e+01
9.987253e-01 4.067205e-03 -5.031060e-02 1.651347e+02 -4.042146e-03 9.999917e-01 5.998204e-04 5.887463e+00 5.031262e-02 -3.956936e-04 9.987334e-01 -3.626786e+01
9.989525e-01 -4.047570e-03 4.558017e-02 1.662631e+02 4.039920e-03 9.999918e-01 2.599571e-04 5.863815e+00 -4.558085e-02 -7.554394e-05 9.989606e-01 -3.608005e+01
9.987429e-01 3.886036e-03 -4.997424e-02 1.672301e+02 -3.857664e-03 9.999923e-01 6.641727e-04 5.843572e+00 4.997644e-02 -4.705546e-04 9.987503e-01 -3.583588e+01
9.989164e-01 -3.777050e-03 4.638614e-02 1.679876e+02 3.772082e-03 9.999929e-01 1.946446e-04 5.811545e+00 -4.638654e-02 -1.946075e-05 9.989236e-01 -3.540677e+01
9.987513e-01 3.993984e-03 -4.979803e-02 1.686438e+02 -3.964438e-03 9.999919e-01 6.920888e-04 5.768385e+00 4.980039e-02 -4.938040e-04 9.987591e-01 -3.447302e+01
9.989232e-01 -3.790335e-03 4.624031e-02 1.688094e+02 3.798415e-03 9.999928e-01 -8.686628e-05 5.757500e+00 -4.623965e-02 2.624132e-04 9.989303e-01 -3.343515e+01
9.987292e-01 4.022845e-03 -5.023681e-02 1.690670e+02 -3.986443e-03 9.999917e-01 8.247952e-04 5.744740e+00 5.023971e-02 -6.234815e-04 9.987370e-01 -3.258198e+01
9.989421e-01 -3.833443e-03 4.582555e-02 1.690650e+02 3.846947e-03 9.999926e-01 -2.064965e-04 5.752253e+00 -4.582442e-02 3.825672e-04 9.989494e-01 -3.159123e+01
9.987284e-01 3.999235e-03 -5.025582e-02 1.690004e+02 -3.959121e-03 9.999918e-01 8.977318e-04 5.766150e+00 5.025899e-02 -6.976220e-04 9.987360e-01 -3.036450e+01
9.989311e-01 -3.830293e-03 4.606605e-02 1.690145e+02 3.849177e-03 9.999925e-01 -3.212286e-04 5.776140e+00 -4.606447e-02 4.982022e-04 9.989383e-01 -2.921533e+01
9.987282e-01 4.033897e-03 -5.025611e-02 1.689288e+02 -3.991227e-03 9.999916e-01 9.493943e-04 5.781760e+00 5.025952e-02 -7.476039e-04 9.987359e-01 -2.813457e+01
9.989391e-01 -3.851931e-03 4.589034e-02 1.691060e+02 3.859568e-03 9.999925e-01 -7.779523e-05 5.774985e+00 -4.588969e-02 2.548302e-04 9.989465e-01 -2.762844e+01
9.987501e-01 3.936113e-03 -4.982783e-02 1.697776e+02 -3.898737e-03 9.999920e-01 8.472895e-04 5.765796e+00 4.983077e-02 -6.519654e-04 9.987575e-01 -2.778561e+01
9.989296e-01 -3.973882e-03 4.608529e-02 1.705842e+02 3.976254e-03 9.999921e-01 4.020942e-05 5.746733e+00 -4.608509e-02 1.430810e-04 9.989375e-01 -2.779428e+01
9.987267e-01 4.034155e-03 -5.028714e-02 1.712178e+02 -3.992955e-03 9.999916e-01 9.197461e-04 5.723155e+00 5.029043e-02 -7.177813e-04 9.987344e-01 -2.759862e+01
9.989445e-01 -3.922719e-03 4.576505e-02 1.725351e+02 3.897247e-03 9.999922e-01 6.458033e-04 5.666052e+00 -4.576722e-02 -4.667634e-04 9.989520e-01 -2.682358e+01
9.988069e-01 4.205702e-03 -4.865211e-02 1.734191e+02 -4.205597e-03 9.999912e-01 1.045425e-04 5.612030e+00 4.865212e-02 1.001927e-04 9.988158e-01 -2.545602e+01
9.990394e-01 -4.102382e-03 4.362919e-02 1.728280e+02 4.089562e-03 9.999916e-01 3.830896e-04 5.648835e+00 -4.363039e-02 -2.042967e-04 9.990477e-01 -2.408902e+01
9.987897e-01 4.222883e-03 -4.900258e-02 1.721647e+02 -4.218795e-03 9.999911e-01 1.868519e-04 5.693056e+00 4.900293e-02 2.010549e-05 9.987986e-01 -2.263997e+01
9.990322e-01 -4.187848e-03 4.378396e-02 1.712500e+02 4.186721e-03 9.999912e-01 1.174666e-04 5.753042e+00 -4.378406e-02 6.595882e-05 9.990410e-01 -2.092718e+01
9.987887e-01 4.163951e-03 -4.902897e-02 1.703815e+02 -4.153236e-03 9.999913e-01 3.204291e-04 5.812206e+00 4.902988e-02 -1.164126e-04 9.987973e-01 -1.903196e+01
9.989307e-01 -4.017137e-03 4.605731e-02 1.708400e+02 4.002813e-03 9.999919e-01 4.032449e-04 5.782871e+00 -4.605856e-02 -2.184543e-04 9.989387e-01 -1.790734e+01
9.989970e-01 2.243777e-03 -4.472090e-02 1.732416e+02 -2.285103e-03 9.999970e-01 -8.729646e-04 5.853693e+00 4.471881e-02 9.742802e-04 9.989991e-01 -2.094768e+01
9.987754e-01 -3.401288e-03 4.935747e-02 1.761141e+02 3.425169e-03 9.999941e-01 -3.992563e-04 5.962312e+00 -4.935582e-02 5.678256e-04 9.987811e-01 -2.599563e+01
9.987369e-01 2.315126e-03 -5.019115e-02 1.790599e+02 -2.249692e-03 9.999965e-01 1.360157e-03 6.027582e+00 5.019413e-02 -1.245525e-03 9.987387e-01 -2.861235e+01
9.987111e-01 -3.931938e-03 5.060346e-02 1.820409e+02 4.027782e-03 9.999903e-01 -1.792162e-03 6.117521e+00 -5.059592e-02 1.993672e-03 9.987172e-01 -3.226502e+01
