9.999921e-01 3.952827e-05 -3.966613e-03 5.162426e-02 -3.891368e-05 1.000000e+00 1.550246e-04 -2.225787e-02 3.966618e-03 -1.548698e-04 9.999921e-01 8.689654e-01
9.999996e-01 5.674048e-05 -8.953430e-04 1.041880e-01 -5.634974e-05 9.999999e-01 4.364046e-04 -2.576769e-02 8.953680e-04 -4.363533e-04 9.999995e-01 8.856725e-01
9.999944e-01 9.339544e-06 -3.354992e-03 5.964398e-01 -9.577753e-06 1.000000e+00 -7.097713e-05 -3.791177e-02 3.354991e-03 7.100815e-05 9.999944e-01 8.342420e-01
9.999997e-01 1.310859e-05 -7.340817e-04 8.227845e-01 -1.283717e-05 9.999999e-01 3.697095e-04 -6.702747e-02 7.340869e-04 -3.696992e-04 9.999997e-01 1.450013e+00
9.999869e-01 2.227291e-04 -5.105389e-03 2.779300e-01 -2.205227e-04 9.999999e-01 4.327508e-04 -4.557105e-02 5.105484e-03 -4.316200e-04 9.999869e-01 2.146117e+00
9.999995e-01 -8.833925e-05 -1.031723e-03 -3.779946e-01 8.883613e-05 9.999999e-01 4.815430e-04 -2.462522e-02 1.031680e-03 -4.816337e-04 9.999994e-01 2.517798e+00
9.999804e-01 3.495429e-04 -6.257313e-03 -1.322780e+00 -3.447705e-04 9.999996e-01 7.637612e-04 1.281818e-02 6.257578e-03 -7.615896e-04 9.999801e-01 2.680928e+00
1.000000e+00 -1.287494e-04 -2.147638e-04 -2.017188e+00 1.288208e-04 9.999999e-01 3.320692e-04 3.207047e-02 2.147214e-04 -3.320962e-04 9.999999e-01 2.607930e+00
9.999904e-01 1.937735e-04 -4.385910e-03 -2.123121e+00 -1.928559e-04 1.000000e+00 2.096413e-04 2.730792e-02 4.385950e-03 -2.087942e-04 9.999904e-01 2.840193e+00
9.999999e-01 -6.411225e-05 -4.995418e-04 -2.339593e+00 6.432822e-05 9.999999e-01 4.322567e-04 2.611051e-02 4.995143e-04 -4.322880e-04 9.999998e-01 3.037823e+00
9.999888e-01 2.533699e-04 -4.723411e-03 -2.707798e+00 -2.523100e-04 9.999999e-01 2.250144e-04 4.264746e-02 4.723467e-03 -2.238208e-04 9.999888e-01 3.459300e+00
1.000000e+00 -2.010908e-04 -6.730508e-05 -2.736932e+00 2.011130e-04 9.999999e-01 3.290242e-04 4.518590e-02 6.723925e-05 -3.290370e-04 9.999999e-01 3.781492e+00
9.999900e-01 3.359143e-04 -4.464164e-03 -2.897859e+00 -3.351428e-04 9.999999e-01 1.735669e-04 4.538647e-02 4.464221e-03 -1.720697e-04 9.999900e-01 4.252680e+00
9.999999e-01 -1.858493e-04 -4.850522e-04 -2.558037e+00 1.860306e-04 9.999999e-01 3.737717e-04 4.533182e-02 4.849831e-04 -3.738611e-04 9.999998e-01 4.239383e+00
9.999906e-01 -1.253539e-05 -4.346259e-03 -1.818192e+00 1.277907e-05 1.000000e+00 5.604844e-05 3.437945e-02 4.346258e-03 -5.610416e-05 9.999906e-01 4.281345e+00
9.999997e-01 -9.386520e-05 -7.155397e-04 -1.425741e+00 9.403409e-05 1.000000e+00 2.359360e-04 2.563644e-02 7.155179e-04 -2.360025e-04 9.999997e-01 4.865610e+00
9.999911e-01 1.040397e-04 -4.216316e-03 -1.071203e+00 -1.039588e-04 1.000000e+00 1.941608e-05 1.263916e-02 4.216318e-03 -1.897830e-05 9.999911e-01 5.435006e+00
1.000000e+00 -1.368768e-04 -9.245266e-05 -6.431197e-01 1.369013e-04 1.000000e+00 2.643837e-04 -1.374650e-02 9.241681e-05 -2.643956e-04 1.000000e+00 5.862727e+00
9.999910e-01 1.498051e-04 -4.229782e-03 -4.049072e-01 -1.498210e-04 1.000000e+00 -3.418671e-06 -3.217560e-02 4.229781e-03 4.051640e-06 9.999911e-01 6.340142e+00
9.999998e-01 -9.741900e-05 -5.587168e-04 1.689427e-01 9.765028e-05 9.999999e-01 4.138418e-04 -4.637068e-02 5.586768e-04 -4.138956e-04 9.999998e-01 6.454537e+00
9.999922e-01 -6.675371e-05 -3.941187e-03 1.001287e+00 6.639902e-05 1.000000e+00 -9.011123e-05 -7.068693e-02 3.941193e-03 8.984813e-05 9.999922e-01 6.649284e+00
9.999999e-01 -1.945383e-04 -2.826756e-04 1.855678e+00 1.945593e-04 1.000000e+00 7.428657e-05 -1.003612e-01 2.826615e-04 -7.434085e-05 1.000000e+00 7.103176e+00
9.999918e-01 -6.788367e-05 -4.044068e-03 2.770769e+00 6.870032e-05 1.000000e+00 2.018130e-04 -1.189345e-01 4.044054e-03 -2.020899e-04 9.999918e-01 7.138884e+00
1.000000e+00 -5.740000e-05 1.189014e-04 3.487230e+00 5.739610e-05 1.000000e+00 3.333370e-05 -1.399318e-01 -1.189029e-04 -3.332617e-05 1.000000e+00 7.219906e+00
9.999887e-01 1.812284e-05 -4.750074e-03 4.033098e+00 -1.703452e-05 1.000000e+00 2.291705e-04 -1.635974e-01 4.750078e-03 -2.290877e-04 9.999887e-01 7.571866e+00
1.000000e+00 2.079196e-05 -3.119424e-04 4.226852e+00 -2.074863e-05 1.000000e+00 1.387148e-04 -1.687318e-01 3.119457e-04 -1.387076e-04 9.999999e-01 8.080397e+00
9.999931e-01 8.625108e-06 -3.726451e-03 4.389233e+00 -7.185468e-06 9.999999e-01 3.863615e-04 -1.715953e-01 3.726453e-03 -3.863327e-04 9.999930e-01 7.567048e+00
1.000000e+00 -2.565916e-05 -9.434640e-05 4.671528e+00 2.566049e-05 1.000000e+00 1.340737e-05 -1.882882e-01 9.434640e-05 -1.340908e-05 1.000000e+00 7.645209e+00
9.999900e-01 7.943869e-05 -4.462662e-03 4.974003e+00 -7.794127e-05 9.999999e-01 3.357335e-04 -2.031456e-01 4.462688e-03 -3.353830e-04 9.999900e-01 7.909434e+00
9.999997e-01 1.131299e-04 -7.577983e-04 4.760276e+00 -1.129267e-04 1.000000e+00 2.680830e-04 -1.911608e-01 7.578290e-04 -2.679966e-04 9.999997e-01 8.324967e+00
9.999872e-01 1.661489e-04 -5.053363e-03 4.241654e+00 -1.635599e-04 9.999999e-01 5.127474e-04 -1.663165e-01 5.053447e-03 -5.119150e-04 9.999871e-01 8.590821e+00
1.000000e+00 -1.668343e-06 2.319186e-04 4.039540e+00 1.652487e-06 1.000000e+00 6.869994e-05 -1.589464e-01 -2.319184e-04 -6.869884e-05 1.000000e+00 8.917502e+00
9.999861e-01 2.062442e-04 -5.263614e-03 3.921041e+00 -2.034662e-04 9.999998e-01 5.283211e-04 -1.559339e-01 5.263722e-03 -5.272435e-04 9.999860e-01 9.228452e+00
9.999992e-01 -1.985627e-04 1.212059e-03 4.272247e+00 1.987058e-04 1.000000e+00 -1.179167e-04 -1.735101e-01 -1.212036e-03 1.181582e-04 9.999993e-01 9.318155e+00
9.999855e-01 2.582255e-04 -5.385298e-03 4.543210e+00 -2.555321e-04 9.999998e-01 5.008436e-04 -1.925057e-01 5.385426e-03 -4.994609e-04 9.999854e-01 9.601773e+00
9.999988e-01 -1.928922e-04 1.541628e-03 4.692161e+00 1.932735e-04 1.000000e+00 -2.470780e-04 -2.160894e-01 -1.541580e-03 2.473764e-04 9.999988e-01 1.009466e+01
9.999815e-01 3.246824e-04 -6.073430e-03 4.731972e+00 -3.198129e-04 9.999996e-01 8.027468e-04 -2.276061e-01 6.073688e-03 -8.007903e-04 9.999812e-01 1.017575e+01
9.999999e-01 -2.315976e-04 4.737351e-04 4.209507e+00 2.315829e-04 1.000000e+00 3.115032e-05 -2.105283e-01 -4.737420e-04 -3.103990e-05 9.999999e-01 1.031742e+01
9.999800e-01 4.852118e-04 -6.298326e-03 3.720030e+00 -4.808158e-04 9.999996e-01 6.994706e-04 -1.844156e-01 6.298662e-03 -6.964290e-04 9.999799e-01 1.074021e+01
9.999986e-01 -3.270391e-04 1.665809e-03 4.328728e+00 3.274820e-04 9.999999e-01 -2.655788e-04 -2.067803e-01 -1.665722e-03 2.661246e-04 9.999986e-01 1.090891e+01
9.999775e-01 2.995366e-04 -6.703640e-03 5.578078e+00 -2.959900e-04 9.999998e-01 5.300576e-04 -2.400745e-01 6.703797e-03 -5.280622e-04 9.999774e-01 1.114919e+01
9.999977e-01 -2.467186e-04 2.130479e-03 6.307914e+00 2.469122e-04 1.000000e+00 -9.056488e-05 -2.562777e-01 -2.130456e-03 9.109142e-05 9.999977e-01 1.114824e+01
9.999802e-01 3.237448e-04 -6.282734e-03 6.384224e+00 -3.199978e-04 9.999998e-01 5.973966e-04 -2.648324e-01 6.282926e-03 -5.953750e-04 9.999801e-01 1.136371e+01
9.999993e-01 -7.743576e-05 1.196260e-03 6.205981e+00 7.735656e-05 1.000000e+00 6.633162e-05 -2.577123e-01 -1.196265e-03 -6.623833e-05 9.999993e-01 1.167758e+01
9.999812e-01 1.941718e-04 -6.124463e-03 6.033033e+00 -1.903031e-04 9.999998e-01 6.322699e-04 -2.565683e-01 6.124584e-03 -6.310932e-04 9.999810e-01 1.174872e+01
9.999994e-01 -2.953942e-05 1.128332e-03 5.759167e+00 2.955092e-05 1.000000e+00 -1.008509e-05 -2.461069e-01 -1.128332e-03 1.011914e-05 9.999994e-01 1.231419e+01
9.999778e-01 2.452803e-04 -6.664155e-03 5.577043e+00 -2.411291e-04 9.999998e-01 6.237362e-04 -2.380168e-01 6.664306e-03 -6.221161e-04 9.999776e-01 1.285963e+01
1.000000e+00 2.511781e-05 2.795757e-04 4.931248e+00 -2.520425e-05 1.000000e+00 3.095401e-04 -2.139096e-01 -2.795676e-04 -3.095465e-04 9.999999e-01 1.296079e+01
9.999825e-01 2.548749e-04 -5.914473e-03 4.509937e+00 -2.522101e-04 9.999999e-01 4.513119e-04 -1.914613e-01 5.914586e-03 -4.498130e-04 9.999824e-01 1.335441e+01
1.000000e+00 1.504556e-06 -1.430388e-05 3.923425e+00 -1.499403e-06 9.999999e-01 3.527605e-04 -1.593689e-01 1.430474e-05 -3.527598e-04 9.999999e-01 1.377631e+01
9.999830e-01 2.614246e-04 -5.824943e-03 3.399444e+00 -2.590630e-04 9.999999e-01 4.061982e-04 -1.279583e-01 5.825048e-03 -4.046830e-04 9.999830e-01 1.426594e+01
1.000000e+00 5.442569e-05 6.848773e-05 3.071382e+00 -5.445045e-05 9.999999e-01 3.631044e-04 -1.082501e-01 -6.846763e-05 -3.631075e-04 9.999999e-01 1.468333e+01
9.999896e-01 6.248968e-05 -4.556719e-03 3.223549e+00 -6.185962e-05 1.000000e+00 1.384343e-04 -1.173699e-01 4.556728e-03 -1.381517e-04 9.999896e-01 1.497138e+01
9.999999e-01 -1.130033e-05 3.590183e-04 3.479949e+00 1.122910e-05 1.000000e+00 1.987111e-04 -1.373331e-01 -3.590202e-04 -1.987064e-04 9.999999e-01 1.535341e+01
9.999894e-01 5.634241e-06 -4.600353e-03 4.052001e+00 -5.993332e-06 1.000000e+00 -7.801879e-05 -1.707894e-01 4.600352e-03 7.804483e-05 9.999894e-01 1.586978e+01
9.999999e-01 -2.310740e-05 4.433524e-04 4.497351e+00 2.292925e-05 9.999999e-01 4.020735e-04 -1.913113e-01 -4.433614e-04 -4.020626e-04 9.999998e-01 1.617369e+01
9.999813e-01 2.008792e-04 -6.107619e-03 3.988753e+00 -1.981673e-04 9.999999e-01 4.446418e-04 -1.742757e-01 6.107707e-03 -4.434238e-04 9.999812e-01 1.635347e+01
1.000000e+00 3.345779e-05 2.387157e-04 3.444625e+00 -3.355182e-05 9.999999e-01 3.944208e-04 -1.518508e-01 -2.387022e-04 -3.944281e-04 9.999999e-01 1.658189e+01
9.999895e-01 1.039115e-05 -4.577248e-03 3.772776e+00 -1.063560e-05 1.000000e+00 -5.335412e-05 -1.649750e-01 4.577247e-03 5.340154e-05 9.999895e-01 1.676853e+01
9.999999e-01 -2.697937e-04 2.491728e-04 4.754253e+00 2.697443e-04 9.999999e-01 1.986591e-04 -1.847815e-01 -2.492260e-04 -1.985912e-04 9.999999e-01 1.682016e+01
9.999882e-01 1.470143e-04 -4.859577e-03 5.609784e+00 -1.465765e-04 1.000000e+00 9.045531e-05 -2.125226e-01 4.859590e-03 -8.974264e-05 9.999882e-01 1.705763e+01
9.999998e-01 -1.518864e-04 6.793896e-04 5.919163e+00 1.518052e-04 1.000000e+00 1.197944e-04 -2.402667e-01 -6.794074e-04 -1.196906e-04 9.999998e-01 1.763638e+01
9.999875e-01 2.032383e-04 -4.994966e-03 5.803133e+00 -2.016181e-04 9.999999e-01 3.248858e-04 -2.428943e-01 4.995031e-03 -3.238754e-04 9.999875e-01 1.816559e+01
9.999998e-01 -1.454466e-04 6.567028e-04 5.790478e+00 1.454257e-04 1.000000e+00 3.208398e-05 -2.539127e-01 -6.567072e-04 -3.198777e-05 9.999998e-01 1.895113e+01
9.999902e-01 8.312273e-05 -4.417274e-03 6.350815e+00 -8.295696e-05 1.000000e+00 3.773895e-05 -2.788522e-01 4.417277e-03 -3.737284e-05 9.999902e-01 1.931744e+01
9.999999e-01 -3.142762e-04 -6.081575e-05 7.136012e+00 3.142913e-04 9.999999e-01 2.469040e-04 -2.948154e-01 6.073847e-05 -2.469224e-04 1.000000e+00 1.937677e+01
9.999856e-01 4.317539e-04 -5.344045e-03 7.011054e+00 -4.291211e-04 9.999998e-01 4.938203e-04 -2.880687e-01 5.344257e-03 -4.915207e-04 9.999856e-01 1.960066e+01
1.000000e+00 -2.431395e-04 -1.077312e-05 7.460750e+00 2.431391e-04 1.000000e+00 -4.922444e-05 -2.939631e-01 1.078541e-05 4.922252e-05 1.000000e+00 1.989224e+01
9.999904e-01 1.197654e-04 -4.386269e-03 7.786884e+00 -1.176345e-04 9.999999e-01 4.860950e-04 -3.136313e-01 4.386326e-03 -4.855750e-04 9.999903e-01 2.050764e+01
9.999999e-01 8.318764e-05 -4.280283e-04 7.731760e+00 -8.316961e-05 1.000000e+00 4.181360e-05 -3.183882e-01 4.280321e-04 -4.177729e-05 9.999999e-01 2.127101e+01
9.999855e-01 1.638776e-04 -5.388988e-03 7.249033e+00 -1.601315e-04 9.999997e-01 6.955917e-04 -2.921624e-01 5.389100e-03 -6.947193e-04 9.999852e-01 2.190826e+01
9.999990e-01 1.710703e-04 -1.403907e-03 6.470949e+00 -1.706755e-04 9.999999e-01 2.812272e-04 -2.477029e-01 1.403955e-03 -2.809866e-04 9.999990e-01 2.236530e+01
9.999948e-01 -3.601450e-05 -3.213913e-03 6.526332e+00 3.665064e-05 1.000000e+00 1.979168e-04 -2.555989e-01 3.213906e-03 -1.980343e-04 9.999948e-01 2.277061e+01
9.999992e-01 1.620926e-04 -1.280821e-03 6.684630e+00 -1.617546e-04 1.000000e+00 2.639248e-04 -2.699737e-01 1.280864e-03 -2.637167e-04 9.999991e-01 2.307596e+01
9.999921e-01 6.594077e-05 -3.981595e-03 6.448199e+00 -6.444065e-05 9.999999e-01 3.769274e-04 -2.610344e-01 3.981619e-03 -3.766685e-04 9.999920e-01 2.351547e+01
9.999987e-01 2.544449e-04 -1.605335e-03 6.233214e+00 -2.538290e-04 9.999999e-01 3.837064e-04 -2.518522e-01 1.605433e-03 -3.832977e-04 9.999986e-01 2.375918e+01
9.999904e-01 -2.323420e-05 -4.391704e-03 5.713291e+00 2.565529e-05 9.999998e-01 5.512659e-04 -2.349123e-01 4.391691e-03 -5.513739e-04 9.999902e-01 2.378147e+01
9.999996e-01 1.729905e-04 -8.602696e-04 5.418086e+00 -1.729142e-04 1.000000e+00 8.851814e-05 -2.283549e-01 8.602853e-04 -8.836865e-05 9.999996e-01 2.404290e+01
9.999939e-01 -2.308020e-04 -3.498154e-03 5.665432e+00 2.312291e-04 1.000000e+00 1.217393e-04 -2.471536e-01 3.498126e-03 -1.225481e-04 9.999939e-01 2.490087e+01
9.999999e-01 1.913056e-04 -5.097691e-04 5.611745e+00 -1.912916e-04 1.000000e+00 2.710051e-05 -2.613125e-01 5.097746e-04 -2.700230e-05 9.999999e-01 2.599532e+01
9.999895e-01 7.658784e-05 -4.579271e-03 5.459407e+00 -7.424120e-05 9.999999e-01 5.126502e-04 -2.579517e-01 4.579310e-03 -5.123056e-04 9.999894e-01 2.676289e+01
9.999999e-01 -4.616746e-05 4.043439e-04 5.627660e+00 4.627924e-05 1.000000e+00 -2.760647e-04 -2.803033e-01 -4.043309e-04 2.760841e-04 9.999999e-01 2.744363e+01
9.999837e-01 1.763477e-04 -5.698245e-03 5.185132e+00 -1.717432e-04 9.999997e-01 8.085585e-04 -2.576126e-01 5.698385e-03 -8.075674e-04 9.999834e-01 2.839970e+01
9.999996e-01 1.597529e-04 -8.370712e-04 4.497732e+00 -1.597044e-04 1.000000e+00 5.786757e-05 -2.128416e-01 8.370808e-04 -5.773317e-05 9.999996e-01 2.925919e+01
9.999880e-01 1.240904e-04 -4.887314e-03 4.135946e+00 -1.205827e-04 9.999997e-01 7.180348e-04 -1.948247e-01 4.887402e-03 -7.174376e-04 9.999878e-01 2.970980e+01
9.999988e-01 1.095377e-04 -1.575985e-03 3.408748e+00 -1.089984e-04 9.999999e-01 3.421990e-04 -1.685013e-01 1.576022e-03 -3.420261e-04 9.999987e-01 2.980248e+01
9.999863e-01 2.148114e-04 -5.226725e-03 2.559012e+00 -2.114910e-04 9.999998e-01 6.358524e-04 -1.224176e-01 5.226860e-03 -6.347389e-04 9.999861e-01 3.022654e+01
9.999979e-01 1.574979e-04 -2.033990e-03 1.623754e+00 -1.566373e-04 9.999999e-01 4.231447e-04 -7.065265e-02 2.034057e-03 -4.228245e-04 9.999978e-01 3.068313e+01
9.999871e-01 1.551027e-04 -5.067981e-03 7.900816e-01 -1.511970e-04 9.999997e-01 7.710713e-04 -3.838295e-02 5.068098e-03 -7.702958e-04 9.999869e-01 3.073633e+01
9.999990e-01 4.706708e-05 -1.387572e-03 1.073486e-01 -4.662917e-05 9.999999e-01 3.154996e-04 -1.725045e-02 1.387587e-03 -3.154339e-04 9.999990e-01 3.072263e+01
9.999937e-01 7.182902e-05 -3.538559e-03 -4.788524e-02 -7.103898e-05 1.000000e+00 2.234405e-04 -1.209973e-02 3.538574e-03 -2.231884e-04 9.999937e-01 3.117592e+01
9.999995e-01 -6.781497e-05 -9.666288e-04 2.541989e-01 6.791395e-05 1.000000e+00 1.021783e-04 -2.969508e-02 9.666221e-04 -1.022432e-04 9.999995e-01 3.159463e+01
9.999939e-01 1.826672e-04 -3.489134e-03 3.443315e-01 -1.814705e-04 9.999999e-01 3.433218e-04 -4.143829e-02 3.489196e-03 -3.426872e-04 9.999939e-01 3.188498e+01
9.999978e-01 -3.442879e-05 -2.094140e-03 -5.719224e-02 3.553487e-05 9.999999e-01 5.280544e-04 -3.292025e-02 2.094122e-03 -5.281270e-04 9.999977e-01 3.187536e+01
9.999963e-01 7.205421e-05 -2.710866e-03 -2.948267e-01 -7.148815e-05 1.000000e+00 2.089767e-04 -3.351318e-02 2.710881e-03 -2.087829e-04 9.999963e-01 3.189063e+01
9.999970e-01 1.908179e-05 -2.453916e-03 -6.099561e-01 -1.744730e-05 9.999998e-01 6.660198e-04 -2.795223e-02 2.453928e-03 -6.659742e-04 9.999968e-01 3.160772e+01
9.999965e-01 4.476380e-05 -2.642683e-03 -9.183131e-01 -4.452426e-05 1.000000e+00 9.077025e-05 -2.516726e-02 2.642687e-03 -9.065296e-05 9.999965e-01 3.164803e+01
9.999972e-01 7.419144e-05 -2.385249e-03 -1.090535e+00 -7.272667e-05 9.999998e-01 6.140980e-04 -2.593274e-02 2.385294e-03 -6.139221e-04 9.999970e-01 3.177899e+01
9.999961e-01 1.360411e-04 -2.799800e-03 -1.324962e+00 -1.360838e-04 1.000000e+00 -1.499437e-05 -2.303575e-02 2.799798e-03 1.537463e-05 9.999961e-01 3.210623e+01
9.999979e-01 6.059443e-06 -2.072230e-03 -1.278268e+00 -4.949179e-06 9.999999e-01 5.356944e-04 -2.822725e-02 2.072234e-03 -5.356823e-04 9.999977e-01 3.230828e+01
9.999974e-01 9.734197e-05 -2.282604e-03 -1.230581e+00 -9.751936e-05 1.000000e+00 -7.751749e-05 -4.069972e-02 2.282597e-03 7.773920e-05 9.999974e-01 3.266605e+01
9.999978e-01 3.162607e-05 -2.086774e-03 -9.088953e-01 -3.075340e-05 9.999999e-01 4.181277e-04 -6.633614e-02 2.086787e-03 -4.180619e-04 9.999977e-01 3.305254e+01
9.999981e-01 -1.027860e-04 -1.968413e-03 -7.013867e-01 1.023924e-04 1.000000e+00 -1.999217e-04 -8.721178e-02 1.968434e-03 1.997191e-04 9.999980e-01 3.374575e+01
9.999977e-01 1.448334e-04 -2.137890e-03 -5.554836e-01 -1.439500e-04 9.999999e-01 4.132585e-04 -1.100818e-01 2.137950e-03 -4.129492e-04 9.999976e-01 3.439381e+01
9.999964e-01 -8.872224e-05 -2.665093e-03 -6.961384e-01 8.900673e-05 1.000000e+00 1.067006e-04 -1.135042e-01 2.665083e-03 -1.069381e-04 9.999964e-01 3.472764e+01
9.999976e-01 2.195348e-04 -2.193140e-03 -9.352736e-01 -2.188314e-04 9.999999e-01 3.208659e-04 -1.093041e-01 2.193211e-03 -3.203845e-04 9.999975e-01 3.528212e+01
9.999945e-01 -1.689140e-04 -3.318679e-03 -1.405688e+00 1.707662e-04 9.999998e-01 5.578916e-04 -1.031026e-01 3.318584e-03 -5.584560e-04 9.999943e-01 3.474536e+01
9.999991e-01 1.820595e-04 -1.300248e-03 -1.819018e+00 -1.815786e-04 9.999999e-01 3.698196e-04 -9.389059e-02 1.300316e-03 -3.695825e-04 9.999991e-01 3.365848e+01
9.999944e-01 -1.855182e-04 -3.340463e-03 -2.022599e+00 1.864138e-04 9.999999e-01 2.678480e-04 -1.052648e-01 3.340413e-03 -2.684699e-04 9.999944e-01 3.403399e+01
9.999998e-01 2.426468e-04 -5.291569e-04 -2.009818e+00 -2.425699e-04 1.000000e+00 1.449990e-04 -1.301703e-01 5.291923e-04 -1.448699e-04 9.999998e-01 3.405693e+01
9.999961e-01 -3.430662e-04 -2.763538e-03 -2.138356e+00 3.447471e-04 9.999998e-01 6.078674e-04 -1.204303e-01 2.763328e-03 -6.088185e-04 9.999960e-01 3.251102e+01
9.999997e-01 2.792746e-04 -7.864081e-04 -2.237928e+00 -2.791874e-04 1.000000e+00 1.107653e-04 -1.152464e-01 7.864393e-04 -1.105450e-04 9.999997e-01 3.131627e+01
9.999956e-01 -3.239673e-04 -2.940651e-03 -2.353645e+00 3.256063e-04 9.999998e-01 5.569687e-04 -1.149699e-01 2.940469e-03 -5.579244e-04 9.999955e-01 3.048733e+01
9.999963e-01 4.086933e-04 -2.693711e-03 -2.906730e+00 -4.076990e-04 9.999998e-01 3.695631e-04 -1.032886e-01 2.693861e-03 -3.684628e-04 9.999963e-01 3.061327e+01
9.999940e-01 -2.446153e-04 -3.448987e-03 -3.525675e+00 2.467261e-04 9.999998e-01 6.116584e-04 -8.607370e-02 3.448837e-03 -6.125064e-04 9.999939e-01 3.059411e+01
9.999994e-01 3.540190e-04 -1.081406e-03 -3.462180e+00 -3.540855e-04 9.999999e-01 -6.148487e-05 -9.392568e-02 1.081384e-03 6.186843e-05 9.999994e-01 3.074987e+01
9.999939e-01 -2.880085e-04 -3.486251e-03 -2.874596e+00 2.893578e-04 9.999999e-01 3.865739e-04 -1.225494e-01 3.486139e-03 -3.875810e-04 9.999938e-01 3.104802e+01
9.999992e-01 2.832187e-04 -1.219168e-03 -2.221455e+00 -2.834945e-04 9.999999e-01 -2.262091e-04 -1.540147e-01 1.219104e-03 2.265552e-04 9.999992e-01 3.143244e+01
9.999952e-01 -3.906474e-04 -3.080676e-03 -1.785145e+00 3.917610e-04 9.999999e-01 3.609445e-04 -1.834493e-01 3.080534e-03 -3.621503e-04 9.999952e-01 3.212389e+01
9.999995e-01 2.260893e-04 -9.999929e-04 -1.039247e+00 -2.264736e-04 9.999999e-01 -3.844878e-04 -2.283640e-01 9.999062e-04 3.847147e-04 9.999994e-01 3.298101e+01
9.999945e-01 -2.491772e-04 -3.312825e-03 -3.207434e-01 2.508188e-04 9.999998e-01 4.951765e-04 -2.687104e-01 3.312700e-03 -4.960054e-04 9.999944e-01 3.358856e+01
9.999999e-01 1.958876e-04 -4.356384e-04 -7.033050e-02 -1.958413e-04 1.000000e+00 1.057716e-04 -2.653328e-01 4.356594e-04 -1.056856e-04 9.999999e-01 3.279447e+01
9.999901e-01 -1.680723e-04 -4.449427e-03 -4.271959e-01 1.716058e-04 9.999997e-01 7.938300e-04 -2.590452e-01 4.449292e-03 -7.945863e-04 9.999898e-01 3.232833e+01
9.999989e-01 3.838018e-04 -1.461256e-03 -9.093959e-01 -3.836689e-04 9.999999e-01 9.110542e-05 -2.422052e-01 1.461291e-03 -9.054400e-05 9.999989e-01 3.241619e+01
9.999949e-01 -3.992947e-04 -3.157671e-03 -1.053778e+00 4.016630e-04 9.999996e-01 7.494779e-04 -2.356298e-01 3.157370e-03 -7.507431e-04 9.999947e-01 3.178522e+01
9.999993e-01 3.743776e-04 -1.148347e-03 -1.078996e+00 -3.743572e-04 9.999999e-01 1.771934e-05 -2.301091e-01 1.148354e-03 -1.728876e-05 9.999993e-01 3.111235e+01
9.999957e-01 -4.162308e-04 -2.919922e-03 -9.664122e-01 4.181920e-04 9.999997e-01 6.711762e-04 -2.275782e-01 2.919642e-03 -6.723950e-04 9.999955e-01 3.052773e+01
9.999992e-01 3.996873e-04 -1.226651e-03 -8.746488e-01 -3.997057e-04 9.999999e-01 -1.492650e-05 -2.285379e-01 1.226645e-03 1.541747e-05 9.999992e-01 3.003709e+01
9.999972e-01 -4.424159e-04 -2.342517e-03 -3.018830e-01 4.427851e-04 9.999999e-01 1.572230e-04 -2.450316e-01 2.342447e-03 -1.582605e-04 9.999972e-01 2.996806e+01
9.999983e-01 3.752886e-04 -1.785989e-03 3.293555e-01 -3.753433e-04 9.999999e-01 -3.043350e-05 -2.704730e-01 1.785978e-03 3.110448e-05 9.999984e-01 3.015694e+01
9.999984e-01 -3.263925e-04 -1.767205e-03 5.536251e-01 3.273062e-04 9.999998e-01 5.169006e-04 -2.747370e-01 1.767036e-03 -5.174789e-04 9.999983e-01 2.972215e+01
9.999989e-01 2.808426e-04 -1.423427e-03 8.293363e-01 -2.808856e-04 1.000000e+00 -3.019534e-05 -2.746190e-01 1.423418e-03 3.059580e-05 9.999990e-01 2.907549e+01
9.999971e-01 -3.845066e-04 -2.368651e-03 1.231594e+00 3.850250e-04 9.999999e-01 2.185147e-04 -3.127349e-01 2.368566e-03 -2.194268e-04 9.999972e-01 2.984274e+01
9.999985e-01 3.317570e-04 -1.705280e-03 2.225299e+00 -3.328781e-04 9.999997e-01 -6.573042e-04 -3.814866e-01 1.705061e-03 6.578715e-04 9.999983e-01 3.108581e+01
9.999968e-01 -5.024652e-04 -2.479943e-03 3.167465e+00 5.037337e-04 9.999997e-01 5.109975e-04 -4.214917e-01 2.479686e-03 -5.122458e-04 9.999968e-01 3.154198e+01
9.999991e-01 4.751233e-04 -1.265703e-03 3.424013e+00 -4.750930e-04 9.999999e-01 2.399764e-05 -4.274449e-01 1.265714e-03 -2.339561e-05 9.999992e-01 3.127590e+01
9.999964e-01 -4.989853e-04 -2.645912e-03 3.820023e+00 4.999925e-04 9.999998e-01 3.800774e-04 -4.426551e-01 2.645722e-03 -3.813996e-04 9.999964e-01 3.129160e+01
9.999992e-01 4.120974e-04 -1.164613e-03 4.132474e+00 -4.123631e-04 9.999999e-01 -2.281012e-04 -4.786677e-01 1.164520e-03 2.285820e-04 9.999993e-01 3.211953e+01
9.999968e-01 -4.201451e-04 -2.503689e-03 4.404342e+00 4.208031e-04 9.999999e-01 2.623876e-04 -5.166251e-01 2.503578e-03 -2.634409e-04 9.999968e-01 3.303823e+01
9.999986e-01 4.612379e-04 -1.593359e-03 4.595975e+00 -4.612185e-04 9.999999e-01 1.235986e-05 -5.421313e-01 1.593364e-03 -1.162428e-05 9.999987e-01 3.368038e+01
9.999978e-01 -5.419799e-04 -2.026911e-03 4.727396e+00 5.421443e-04 9.999998e-01 8.068869e-05 -5.720963e-01 2.026867e-03 -8.178806e-05 9.999979e-01 3.459391e+01
9.999980e-01 5.736507e-04 -1.891071e-03 4.858770e+00 -5.733076e-04 9.999998e-01 1.818846e-04 -5.940320e-01 1.891176e-03 -1.807994e-04 9.999982e-01 3.512655e+01
9.999962e-01 -3.847403e-04 -2.744400e-03 4.832286e+00 3.856790e-04 9.999999e-01 3.416071e-04 -5.988268e-01 2.744268e-03 -3.426649e-04 9.999962e-01 3.545305e+01
9.999949e-01 6.085395e-04 -3.138157e-03 4.237996e+00 -6.070346e-04 9.999997e-01 4.803739e-04 -5.695638e-01 3.138448e-03 -4.784658e-04 9.999950e-01 3.585702e+01
9.999961e-01 -3.114617e-04 -2.774266e-03 3.717139e+00 3.124309e-04 9.999999e-01 3.489965e-04 -5.401321e-01 2.774156e-03 -3.498626e-04 9.999961e-01 3.639688e+01
9.999970e-01 6.069247e-04 -2.389769e-03 3.529722e+00 -6.062308e-04 9.999998e-01 2.909766e-04 -5.326966e-01 2.389945e-03 -2.895263e-04 9.999971e-01 3.681503e+01
9.999961e-01 -4.521759e-04 -2.770760e-03 3.165175e+00 4.532986e-04 9.999998e-01 4.046895e-04 -5.190153e-01 2.770577e-03 -4.059445e-04 9.999961e-01 3.708093e+01
9.999988e-01 5.622317e-04 -1.437528e-03 3.394494e+00 -5.622643e-04 9.999998e-01 -2.243463e-05 -5.399058e-01 1.437515e-03 2.324354e-05 9.999990e-01 3.738938e+01
9.999972e-01 -5.735019e-04 -2.279893e-03 3.967469e+00 5.744695e-04 9.999997e-01 4.238882e-04 -5.499400e-01 2.279649e-03 -4.251974e-04 9.999973e-01 3.722598e+01
9.999975e-01 6.986267e-04 -2.120328e-03 4.159966e+00 -6.983453e-04 9.999997e-01 1.333440e-04 -5.601372e-01 2.120421e-03 -1.318623e-04 9.999977e-01 3.733841e+01
9.999918e-01 -4.034432e-04 -4.035280e-03 3.485269e+00 4.064789e-04 9.999996e-01 7.515757e-04 -5.211997e-01 4.034975e-03 -7.532104e-04 9.999916e-01 3.782262e+01
9.999976e-01 6.457823e-04 -2.113618e-03 2.823440e+00 -6.453332e-04 9.999998e-01 2.130141e-04 -4.934218e-01 2.113755e-03 -2.116490e-04 9.999977e-01 3.820099e+01
9.999920e-01 -4.593335e-04 -3.971970e-03 2.149712e+00 4.623210e-04 9.999996e-01 7.513074e-04 -4.728131e-01 3.971623e-03 -7.531384e-04 9.999918e-01 3.860988e+01
9.999990e-01 5.812324e-04 -1.318565e-03 1.678314e+00 -5.812711e-04 9.999998e-01 -2.917787e-05 -4.629227e-01 1.318548e-03 2.994495e-05 9.999991e-01 3.923427e+01
9.999925e-01 -3.874806e-04 -3.864035e-03 1.263454e+00 3.901994e-04 9.999997e-01 7.029527e-04 -4.518763e-01 3.863761e-03 -7.044558e-04 9.999923e-01 3.986250e+01
9.999974e-01 6.516801e-04 -2.185410e-03 6.281594e-01 -6.512753e-04 9.999998e-01 1.858195e-04 -4.179104e-01 2.185530e-03 -1.843950e-04 9.999976e-01 4.042698e+01
9.999958e-01 -4.037850e-04 -2.885373e-03 4.932326e-01 4.050945e-04 9.999998e-01 4.533701e-04 -4.163415e-01 2.885189e-03 -4.545376e-04 9.999957e-01 4.114291e+01
9.999978e-01 5.494681e-04 -2.024305e-03 1.254748e+00 -5.497000e-04 9.999998e-01 -1.140948e-04 -4.527719e-01 2.024243e-03 1.152079e-04 9.999979e-01 4.156905e+01
9.999968e-01 -5.577676e-04 -2.483993e-03 1.891737e+00 5.588760e-04 9.999997e-01 4.456278e-04 -4.703124e-01 2.483744e-03 -4.470152e-04 9.999968e-01 4.161109e+01
9.999977e-01 6.571016e-04 -2.052119e-03 2.207288e+00 -6.570105e-04 9.999998e-01 4.491888e-05 -4.899284e-01 2.052148e-03 -4.356986e-05 9.999979e-01 4.189852e+01
9.999958e-01 -4.744929e-04 -2.844155e-03 2.404270e+00 4.763228e-04 9.999997e-01 6.428417e-04 -4.978541e-01 2.843849e-03 -6.441944e-04 9.999957e-01 4.212733e+01
9.999982e-01 5.359733e-04 -1.841771e-03 2.878017e+00 -5.362580e-04 9.999998e-01 -1.542948e-04 -5.198003e-01 1.841688e-03 1.552828e-04 9.999983e-01 4.245238e+01
9.999968e-01 -4.646061e-04 -2.479087e-03 3.189867e+00 4.656509e-04 9.999998e-01 4.209884e-04 -5.542981e-01 2.478891e-03 -4.221421e-04 9.999968e-01 4.316962e+01
9.999888e-01 8.701348e-04 -4.649223e-03 2.331880e+00 -8.666135e-04 9.999993e-01 7.593053e-04 -5.161277e-01 4.649880e-03 -7.552671e-04 9.999889e-01 4.339375e+01
9.999977e-01 -6.203916e-04 -2.069302e-03 1.586601e+00 6.211860e-04 9.999997e-01 3.833913e-04 -4.941886e-01 2.069063e-03 -3.846765e-04 9.999978e-01 4.332148e+01
9.999944e-01 8.899023e-04 -3.218060e-03 1.330270e+00 -8.888028e-04 9.999995e-01 3.429931e-04 -4.834064e-01 3.218364e-03 -3.401303e-04 9.999948e-01 4.360765e+01
9.999958e-01 -6.279531e-04 -2.846065e-03 7.812932e-01 6.293564e-04 9.999997e-01 4.922978e-04 -4.505654e-01 2.845754e-03 -4.940875e-04 9.999958e-01 4.416013e+01
9.999945e-01 9.616471e-04 -3.163987e-03 4.829688e-01 -9.605554e-04 9.999995e-01 3.464534e-04 -4.286458e-01 3.164319e-03 -3.434117e-04 9.999949e-01 4.466408e+01
9.999975e-01 -7.003998e-04 -2.122720e-03 1.614047e-01 7.011852e-04 9.999997e-01 3.693928e-04 -4.137146e-01 2.122460e-03 -3.708809e-04 9.999977e-01 4.498430e+01
9.999929e-01 9.043551e-04 -3.668486e-03 -1.435213e-01 -9.023563e-04 9.999994e-01 5.463898e-04 -4.046323e-01 3.668979e-03 -5.430750e-04 9.999931e-01 4.495445e+01
9.999967e-01 -7.862598e-04 -2.464363e-03 -7.578586e-01 7.875246e-04 9.999996e-01 5.124181e-04 -3.719297e-01 2.463959e-03 -5.143578e-04 9.999968e-01 4.501342e+01
9.999943e-01 6.882588e-04 -3.301417e-03 -6.676220e-01 -6.881807e-04 9.999998e-01 2.471412e-05 -3.473842e-01 3.301434e-03 -2.244136e-05 9.999945e-01 4.533472e+01
9.999994e-01 -7.938408e-04 -7.599377e-04 -3.887118e-02 7.941025e-04 9.999996e-01 3.445452e-04 -3.495493e-01 7.596636e-04 -3.451491e-04 9.999997e-01 4.517713e+01
9.999949e-01 7.428120e-04 -3.100020e-03 7.378575e-01 -7.428004e-04 9.999997e-01 4.800118e-06 -3.534028e-01 3.100023e-03 -2.496748e-06 9.999952e-01 4.485220e+01
9.999989e-01 -7.256174e-04 -1.269996e-03 1.197047e+00 7.260557e-04 9.999997e-01 3.449074e-04 -3.792472e-01 1.269745e-03 -3.458297e-04 9.999991e-01 4.519514e+01
9.999940e-01 8.451239e-04 -3.349864e-03 1.395219e+00 -8.449303e-04 9.999996e-01 5.911573e-05 -3.976492e-01 3.349913e-03 -5.628433e-05 9.999944e-01 4.584454e+01
9.999991e-01 -6.759209e-04 -1.199838e-03 1.593231e+00 6.764142e-04 9.999997e-01 4.110513e-04 -4.144123e-01 1.199559e-03 -4.118632e-04 9.999992e-01 4.620177e+01
9.999943e-01 6.631680e-04 -3.299406e-03 2.169844e+00 -6.635327e-04 9.999998e-01 -1.095133e-04 -4.377577e-01 3.299333e-03 1.117025e-04 9.999946e-01 4.640025e+01
9.999995e-01 -6.832849e-04 -7.856836e-04 2.481558e+00 6.838492e-04 9.999995e-01 7.186279e-04 -4.361281e-01 7.851919e-04 -7.191654e-04 9.999994e-01 4.573983e+01
9.999948e-01 6.429311e-04 -3.164257e-03 2.905006e+00 -6.434879e-04 9.999998e-01 -1.750462e-04 -4.359037e-01 3.164144e-03 1.770821e-04 9.999950e-01 4.516516e+01
9.999997e-01 -6.306192e-04 -3.825614e-04 3.471738e+00 6.308603e-04 9.999996e-01 6.314253e-04 -4.340596e-01 3.821628e-04 -6.316671e-04 9.999997e-01 4.460274e+01
9.999958e-01 6.376985e-04 -2.844189e-03 4.063824e+00 -6.383105e-04 9.999998e-01 -2.143992e-04 -4.328419e-01 2.844052e-03 2.162145e-04 9.999959e-01 4.405015e+01
9.999991e-01 -6.730903e-04 -1.181101e-03 4.596732e+00 6.735737e-04 9.999997e-01 4.092140e-04 -4.582668e-01 1.180824e-03 -4.100098e-04 9.999992e-01 4.431021e+01
9.999956e-01 7.465706e-04 -2.856637e-03 4.954568e+00 -7.471247e-04 9.999997e-01 -1.929961e-04 -4.870185e-01 2.856492e-03 1.951302e-04 9.999959e-01 4.483189e+01
9.999990e-01 -7.640747e-04 -1.164281e-03 5.371556e+00 7.646284e-04 9.999996e-01 4.755286e-04 -5.063715e-01 1.163917e-03 -4.764190e-04 9.999992e-01 4.505354e+01
9.999933e-01 7.857959e-04 -3.574276e-03 5.412695e+00 -7.850820e-04 9.999997e-01 2.010444e-04 -5.044041e-01 3.574433e-03 -1.982363e-04 9.999936e-01 4.484284e+01
9.999990e-01 -7.664437e-04 -1.226544e-03 5.626720e+00 7.667174e-04 9.999997e-01 2.229861e-04 -5.089277e-01 1.226373e-03 -2.239269e-04 9.999992e-01 4.511258e+01
9.999943e-01 8.124751e-04 -3.266992e-03 5.898697e+00 -8.113209e-04 9.999996e-01 3.545172e-04 -5.127491e-01 3.267279e-03 -3.518640e-04 9.999946e-01 4.484633e+01
9.999994e-01 -8.067990e-04 -6.819350e-04 6.423650e+00 8.068593e-04 9.999997e-01 8.867925e-05 -5.176965e-01 6.818630e-04 -8.923006e-05 9.999998e-01 4.450608e+01
9.999950e-01 8.401737e-04 -3.034489e-03 7.137477e+00 -8.393694e-04 9.999996e-01 2.661806e-04 -5.216184e-01 3.034711e-03 -2.636316e-04 9.999954e-01 4.417918e+01
9.999995e-01 -8.438069e-04 -4.587041e-04 7.861588e+00 8.438181e-04 9.999996e-01 2.482632e-05 -5.261672e-01 4.586828e-04 -2.521401e-05 9.999999e-01 4.385494e+01
9.999952e-01 8.289786e-04 -2.990702e-03 8.484106e+00 -8.283418e-04 9.999996e-01 2.140465e-04 -5.346002e-01 2.990878e-03 -2.115676e-04 9.999955e-01 4.363074e+01
9.999995e-01 -8.738399e-04 -4.910092e-04 9.067479e+00 8.738173e-04 9.999996e-01 -4.559255e-05 -5.480495e-01 4.910486e-04 4.516284e-05 9.999999e-01 4.355162e+01
9.999945e-01 8.212080e-04 -3.203292e-03 9.808475e+00 -8.201618e-04 9.999996e-01 3.278143e-04 -5.588981e-01 3.203560e-03 -3.251846e-04 9.999948e-01 4.337010e+01
9.999989e-01 -8.660568e-04 -1.203398e-03 1.056590e+01 8.660916e-04 9.999996e-01 2.866158e-05 -5.776654e-01 1.203373e-03 -2.970444e-05 9.999993e-01 4.340133e+01
9.999945e-01 8.378404e-04 -3.208832e-03 1.118591e+01 -8.370757e-04 9.999996e-01 2.395559e-04 -6.049537e-01 3.209031e-03 -2.368679e-04 9.999948e-01 4.366294e+01
9.999991e-01 -8.851560e-04 -9.928214e-04 1.171309e+01 8.851927e-04 9.999996e-01 3.681453e-05 -6.268717e-01 9.927882e-04 -3.769397e-05 9.999995e-01 4.381127e+01
9.999953e-01 7.512879e-04 -2.970310e-03 1.229015e+01 -7.506623e-04 9.999997e-01 2.116196e-04 -6.409951e-01 2.970469e-03 -2.093883e-04 9.999956e-01 4.376288e+01
9.999986e-01 -7.375261e-04 -1.531367e-03 1.277078e+01 7.377938e-04 9.999997e-01 1.744676e-04 -6.614415e-01 1.531237e-03 -1.755978e-04 9.999988e-01 4.392091e+01
9.999943e-01 8.382372e-04 -3.259239e-03 1.314646e+01 -8.372428e-04 9.999996e-01 3.063617e-04 -6.766118e-01 3.259495e-03 -3.036305e-04 9.999946e-01 4.411457e+01
9.999989e-01 -8.578940e-04 -1.215130e-03 1.376929e+01 8.579084e-04 9.999996e-01 1.160302e-05 -6.946353e-01 1.215120e-03 -1.264611e-05 9.999993e-01 4.417990e+01
9.999943e-01 9.220945e-04 -3.242960e-03 1.429362e+01 -9.209501e-04 9.999995e-01 3.542583e-04 -7.140815e-01 3.243286e-03 -3.512691e-04 9.999947e-01 4.428084e+01
9.999995e-01 -8.957360e-04 -4.241586e-04 1.488506e+01 8.957289e-04 9.999996e-01 -1.614498e-05 -7.198188e-01 4.241727e-04 1.576441e-05 9.999999e-01 4.402723e+01
9.999948e-01 8.674548e-04 -3.100066e-03 1.529704e+01 -8.656864e-04 9.999995e-01 5.716407e-04 -7.132574e-01 3.100561e-03 -5.689535e-04 9.999950e-01 4.317317e+01
9.999996e-01 -9.050406e-04 -2.227278e-04 1.599121e+01 9.049807e-04 9.999996e-01 -2.672368e-04 -7.197665e-01 2.229693e-04 2.670345e-04 9.999999e-01 4.287968e+01
9.999908e-01 8.836056e-04 -4.197256e-03 1.655109e+01 -8.814328e-04 9.999995e-01 5.194111e-04 -7.475404e-01 4.197713e-03 -5.157061e-04 9.999911e-01 4.324819e+01
9.999996e-01 -9.100713e-04 -8.545793e-05 1.714289e+01 9.100559e-04 9.999996e-01 -1.759545e-04 -7.643504e-01 8.561782e-05 1.758760e-04 1.000000e+00 4.334782e+01
9.999917e-01 9.351443e-04 -3.959950e-03 1.781002e+01 -9.328615e-04 9.999994e-01 5.781978e-04 -7.780308e-01 3.960488e-03 -5.744983e-04 9.999920e-01 4.326112e+01
9.999995e-01 -9.115009e-04 -4.423477e-04 1.833212e+01 9.113812e-04 9.999995e-01 -2.700319e-04 -8.008008e-01 4.425934e-04 2.696280e-04 9.999999e-01 4.344901e+01
9.999910e-01 9.232046e-04 -4.142999e-03 1.884425e+01 -9.211381e-04 9.999995e-01 5.006021e-04 -8.273496e-01 4.143459e-03 -4.967807e-04 9.999913e-01 4.382944e+01
9.999995e-01 -9.589761e-04 -3.869252e-04 1.943500e+01 9.588800e-04 9.999995e-01 -2.476331e-04 -8.536837e-01 3.871623e-04 2.472613e-04 9.999999e-01 4.416846e+01
9.999927e-01 8.495817e-04 -3.731127e-03 2.010017e+01 -8.476913e-04 9.999995e-01 5.081035e-04 -8.684260e-01 3.731557e-03 -5.049363e-04 9.999929e-01 4.415109e+01
9.999994e-01 -9.450585e-04 -6.117164e-04 2.079543e+01 9.449248e-04 9.999995e-01 -2.182362e-04 -8.838657e-01 6.119222e-04 2.176575e-04 9.999998e-01 4.413508e+01
9.999926e-01 8.717722e-04 -3.745599e-03 2.134361e+01 -8.698983e-04 9.999995e-01 5.018155e-04 -9.020131e-01 3.746035e-03 -4.985529e-04 9.999929e-01 4.431870e+01
9.999995e-01 -9.294832e-04 -4.460272e-04 2.184855e+01 9.294011e-04 9.999996e-01 -1.834454e-04 -9.181240e-01 4.461973e-04 1.830301e-04 9.999999e-01 4.440202e+01
9.999923e-01 9.287675e-04 -3.823136e-03 2.231813e+01 -9.269354e-04 9.999995e-01 4.808642e-04 -9.404372e-01 3.823581e-03 -4.773161e-04 9.999926e-01 4.458467e+01
9.999993e-01 -1.006161e-03 -6.402429e-04 2.301042e+01 1.006076e-03 9.999995e-01 -1.326495e-04 -9.524934e-01 6.403758e-04 1.320046e-04 9.999998e-01 4.448780e+01
9.999915e-01 1.007947e-03 -4.006226e-03 2.303176e+01 -1.005490e-03 9.999993e-01 6.153127e-04 -9.556081e-01 4.006843e-03 -6.112786e-04 9.999918e-01 4.489380e+01
9.999986e-01 -8.474576e-04 -1.451492e-03 2.297152e+01 8.472223e-04 9.999996e-01 -1.624714e-04 -9.497863e-01 1.451629e-03 1.612408e-04 9.999989e-01 4.545025e+01
9.999956e-01 7.125293e-04 -2.887579e-03 2.377795e+01 -7.112206e-04 9.999996e-01 4.540816e-04 -9.562607e-01 2.887901e-03 -4.520253e-04 9.999957e-01 4.523012e+01
9.999987e-01 -8.042300e-04 -1.376799e-03 2.466065e+01 8.041166e-04 9.999997e-01 -8.270438e-05 -9.620060e-01 1.376865e-03 8.159655e-05 9.999990e-01 4.496577e+01
9.999940e-01 8.001835e-04 -3.360869e-03 2.524760e+01 -7.986354e-04 9.999996e-01 4.618067e-04 -9.790222e-01 3.361237e-03 -4.591192e-04 9.999942e-01 4.506330e+01
9.999986e-01 -8.720125e-04 -1.392815e-03 2.581644e+01 8.720081e-04 9.999996e-01 -3.523961e-06 -9.864565e-01 1.392817e-03 2.308796e-06 9.999990e-01 4.502662e+01
9.999925e-01 8.082596e-04 -3.782959e-03 2.690294e+01 -8.072006e-04 9.999996e-01 2.813712e-04 -1.019484e+00 3.783185e-03 -2.783149e-04 9.999928e-01 4.536021e+01
9.999991e-01 -9.150382e-04 -9.967022e-04 2.776186e+01 9.147183e-04 9.999995e-01 -3.209920e-04 -1.057230e+00 9.969953e-04 3.200794e-04 9.999995e-01 4.590254e+01
9.999945e-01 9.096938e-04 -3.204097e-03 2.795643e+01 -9.077331e-04 9.999994e-01 6.132072e-04 -1.074338e+00 3.204653e-03 -6.102948e-04 9.999947e-01 4.633617e+01
9.999977e-01 -7.766391e-04 -2.013722e-03 2.761971e+01 7.766584e-04 9.999997e-01 8.962921e-06 -1.068053e+00 2.013714e-03 -1.052749e-05 9.999980e-01 4.668483e+01
9.999956e-01 8.572005e-04 -2.826548e-03 2.758937e+01 -8.556114e-04 9.999995e-01 5.632397e-04 -1.072301e+00 2.827029e-03 -5.608182e-04 9.999958e-01 4.670503e+01
9.999990e-01 -8.855296e-04 -1.125817e-03 2.779299e+01 8.852683e-04 9.999996e-01 -2.322859e-04 -1.090288e+00 1.126022e-03 2.312884e-04 9.999993e-01 4.695327e+01
9.999925e-01 8.390999e-04 -3.782872e-03 2.878448e+01 -8.370183e-04 9.999995e-01 5.517256e-04 -1.118033e+00 3.783333e-03 -5.485545e-04 9.999927e-01 4.716805e+01
9.999987e-01 -1.050958e-03 -1.181707e-03 3.011514e+01 1.050570e-03 9.999994e-01 -3.290457e-04 -1.143860e+00 1.182051e-03 3.278032e-04 9.999992e-01 4.725637e+01
9.999900e-01 1.201375e-03 -4.299146e-03 2.968447e+01 -1.196557e-03 9.999987e-01 1.122905e-03 -1.132289e+00 4.300489e-03 -1.117749e-03 9.999901e-01 4.738811e+01
9.999956e-01 -9.560389e-04 -2.822213e-03 2.881861e+01 9.561941e-04 9.999995e-01 5.376541e-05 -1.101804e+00 2.822160e-03 -5.646436e-05 9.999960e-01 4.738688e+01
9.999992e-01 8.228097e-04 -1.008284e-03 2.880499e+01 -8.221701e-04 9.999995e-01 6.342939e-04 -1.097853e+00 1.008806e-03 -6.334638e-04 9.999993e-01 4.633583e+01
9.999967e-01 -9.086624e-04 -2.410163e-03 2.896235e+01 9.084363e-04 9.999996e-01 -9.473507e-05 -1.101315e+00 2.410248e-03 9.254467e-05 9.999971e-01 4.580382e+01
9.999983e-01 8.735560e-04 -1.650263e-03 2.931588e+01 -8.729431e-04 9.999995e-01 3.718667e-04 -1.123457e+00 1.650587e-03 -3.704249e-04 9.999986e-01 4.615823e+01
9.999960e-01 -9.490847e-04 -2.672688e-03 3.006805e+01 9.484809e-04 9.999995e-01 -2.270138e-04 -1.148977e+00 2.672902e-03 2.244773e-04 9.999964e-01 4.637688e+01
9.999980e-01 9.374201e-04 -1.790741e-03 3.073699e+01 -9.365279e-04 9.999994e-01 4.987695e-04 -1.170990e+00 1.791208e-03 -4.970908e-04 9.999983e-01 4.655461e+01
9.999983e-01 -9.832637e-04 -1.542082e-03 3.114969e+01 9.830495e-04 9.999995e-01 -1.394200e-04 -1.174289e+00 1.542218e-03 1.379032e-04 9.999988e-01 4.607244e+01
9.999987e-01 8.177872e-04 -1.394958e-03 3.190483e+01 -8.174817e-04 9.999996e-01 2.193367e-04 -1.198074e+00 1.395137e-03 -2.181955e-04 9.999990e-01 4.615642e+01
9.999965e-01 -9.781963e-04 -2.471595e-03 3.272995e+01 9.776407e-04 9.999995e-01 -2.258300e-04 -1.223760e+00 2.471814e-03 2.234123e-04 9.999969e-01 4.640434e+01
9.999992e-01 9.682528e-04 -8.483969e-04 3.315203e+01 -9.676761e-04 9.999993e-01 6.793927e-04 -1.222048e+00 8.490543e-04 -6.785705e-04 9.999994e-01 4.574975e+01
9.999957e-01 -1.090973e-03 -2.710323e-03 3.398866e+01 1.089844e-03 9.999993e-01 -4.177565e-04 -1.228497e+00 2.710776e-03 4.148003e-04 9.999962e-01 4.547000e+01
9.999978e-01 9.924547e-04 -1.821710e-03 3.454908e+01 -9.913087e-04 9.999993e-01 6.296817e-04 -1.254740e+00 1.822334e-03 -6.278739e-04 9.999981e-01 4.590860e+01
9.999954e-01 -9.033578e-04 -2.897138e-03 3.486778e+01 9.022146e-04 9.999995e-01 -3.957465e-04 -1.274304e+00 2.897494e-03 3.931303e-04 9.999957e-01 4.639034e+01
9.999984e-01 9.057977e-04 -1.520702e-03 3.503456e+01 -9.046660e-04 9.999993e-01 7.444552e-04 -1.289457e+00 1.521376e-03 -7.430777e-04 9.999986e-01 4.673522e+01
9.999906e-01 -7.701738e-04 -4.268934e-03 3.458975e+01 7.700323e-04 9.999997e-01 -3.470909e-05 -1.273515e+00 4.268959e-03 3.142095e-05 9.999909e-01 4.699206e+01
9.999997e-01 7.448286e-04 -1.063277e-04 3.483789e+01 -7.447902e-04 9.999997e-01 3.574801e-04 -1.296307e+00 1.065941e-04 -3.574002e-04 9.999999e-01 4.748606e+01
9.999837e-01 -6.712006e-04 -5.672974e-03 3.627010e+01 6.693644e-04 9.999997e-01 -3.254854e-04 -1.355327e+00 5.673190e-03 3.216822e-04 9.999839e-01 4.855677e+01
