9.999890e-01 5.147620e-05 -4.686872e-03 -1.168463e-01 -4.920404e-05 9.999999e-01 4.849120e-04 -6.222984e-03 4.686896e-03 -4.846768e-04 9.999889e-01 3.390720e-01
1.000000e+00 6.546575e-06 1.861332e-04 -2.474103e-01 -6.530613e-06 1.000000e+00 -8.560839e-05 -1.439050e-02 -1.861334e-04 8.560788e-05 1.000000e+00 9.314619e-01
9.999867e-01 9.169340e-05 -5.162042e-03 -5.229830e-01 -8.846441e-05 9.999998e-01 6.257557e-04 -1.450107e-02 5.162098e-03 -6.252914e-04 9.999865e-01 1.463529e+00
9.999998e-01 -7.237368e-05 6.549298e-04 -6.899710e-01 7.250375e-05 1.000000e+00 -1.985365e-04 -2.239523e-02 -6.549151e-04 1.985846e-04 9.999998e-01 2.012469e+00
9.999850e-01 1.106018e-04 -5.468258e-03 -9.469506e-01 -1.063780e-04 9.999997e-01 7.727135e-04 -2.805294e-02 5.468341e-03 -7.721210e-04 9.999848e-01 2.293080e+00
9.999994e-01 -1.199399e-04 1.082842e-03 -1.052201e+00 1.202884e-04 9.999999e-01 -3.217048e-04 -4.094488e-02 -1.082803e-03 3.218356e-04 9.999994e-01 2.658298e+00
9.999873e-01 9.645167e-05 -5.030377e-03 -8.601545e-01 -9.340602e-05 9.999998e-01 6.056907e-04 -6.126767e-02 5.030434e-03 -6.052139e-04 9.999872e-01 3.129923e+00
9.999991e-01 -1.763117e-04 1.345673e-03 -7.727704e-01 1.768695e-04 9.999999e-01 -4.144202e-04 -8.411971e-02 -1.345600e-03 4.146585e-04 9.999990e-01 3.804787e+00
9.999816e-01 2.610710e-04 -6.053799e-03 -9.640650e-01 -2.558989e-04 9.999996e-01 8.551143e-04 -8.835734e-02 6.054020e-03 -8.535501e-04 9.999813e-01 4.472577e+00
9.999991e-01 -2.062602e-04 1.357011e-03 -1.104284e+00 2.067110e-04 9.999999e-01 -3.319879e-04 -9.663549e-02 -1.356942e-03 3.322688e-04 9.999990e-01 4.781849e+00
9.999862e-01 1.564304e-04 -5.253183e-03 -1.006002e+00 -1.532501e-04 9.999998e-01 6.058023e-04 -1.137326e-01 5.253276e-03 -6.049896e-04 9.999860e-01 5.189953e+00
9.999998e-01 -1.141822e-04 5.388886e-04 -1.182340e+00 1.142795e-04 1.000000e+00 -1.803937e-04 -1.190962e-01 -5.388677e-04 1.804560e-04 9.999998e-01 5.721651e+00
9.999828e-01 2.027633e-04 -5.853526e-03 -1.550908e+00 -1.979380e-04 9.999996e-01 8.249225e-04 -1.160142e-01 5.853691e-03 -8.237504e-04 9.999825e-01 6.053955e+00
9.999986e-01 -2.066133e-04 1.638453e-03 -1.617564e+00 2.073392e-04 9.999999e-01 -4.428736e-04 -1.271871e-01 -1.638361e-03 4.432135e-04 9.999986e-01 6.395693e+00
9.999808e-01 2.874295e-04 -6.197169e-03 -1.658464e+00 -2.821494e-04 9.999996e-01 8.528777e-04 -1.376829e-01 6.197411e-03 -8.511135e-04 9.999804e-01 6.800872e+00
9.999997e-01 -1.576740e-04 8.068937e-04 -2.039518e+00 1.578347e-04 1.000000e+00 -1.991005e-04 -1.324657e-01 -8.068619e-04 1.992285e-04 9.999997e-01 7.177773e+00
9.999833e-01 2.375824e-04 -5.774992e-03 -2.360980e+00 -2.321902e-04 9.999995e-01 9.343822e-04 -1.278809e-01 5.775211e-03 -9.330264e-04 9.999829e-01 7.001164e+00
9.999987e-01 -2.295384e-04 1.600722e-03 -2.474985e+00 2.301520e-04 9.999999e-01 -3.831260e-04 -1.318774e-01 -1.600634e-03 3.834946e-04 9.999986e-01 6.890664e+00
9.999874e-01 1.796197e-04 -5.022172e-03 -2.212568e+00 -1.765966e-04 9.999998e-01 6.024123e-04 -1.474375e-01 5.022278e-03 -6.015185e-04 9.999872e-01 6.983368e+00
9.999999e-01 -1.587009e-04 4.261384e-04 -2.280675e+00 1.587525e-04 1.000000e+00 -1.207275e-04 -1.508048e-01 -4.261189e-04 1.207958e-04 9.999999e-01 7.210053e+00
9.999928e-01 -9.309278e-07 -3.802092e-03 -1.801042e+00 2.020782e-06 1.000000e+00 2.866564e-04 -1.621594e-01 3.802091e-03 -2.866627e-04 9.999927e-01 7.280241e+00
9.999999e-01 -4.791826e-05 4.040747e-04 -1.708311e+00 4.784383e-05 1.000000e+00 1.843420e-04 -1.618276e-01 -4.040832e-04 -1.843220e-04 9.999999e-01 6.570174e+00
9.999916e-01 2.365986e-05 -4.090656e-03 -1.617860e+00 -2.243076e-05 1.000000e+00 3.005250e-04 -1.657318e-01 4.090662e-03 -3.004314e-04 9.999916e-01 6.099786e+00
9.999991e-01 -6.938891e-05 1.314297e-03 -1.066969e+00 6.950943e-05 1.000000e+00 -9.160530e-05 -1.731997e-01 -1.314290e-03 9.169728e-05 9.999991e-01 5.697466e+00
9.999861e-01 -3.349653e-05 -5.270948e-03 -7.659762e-01 3.503299e-05 1.000000e+00 2.914148e-04 -1.945171e-01 5.270938e-03 -2.915961e-04 9.999861e-01 6.188780e+00
9.999994e-01 1.199238e-05 1.104962e-03 -6.842303e-01 -1.216296e-05 1.000000e+00 1.544328e-04 -2.050833e-01 -1.104959e-03 -1.544454e-04 9.999994e-01 6.342060e+00
9.999881e-01 -3.356955e-05 -4.887117e-03 -2.300311e-01 3.407411e-05 1.000000e+00 1.031711e-04 -2.243315e-01 4.887113e-03 -1.033371e-04 9.999881e-01 6.534314e+00
9.999981e-01 -4.401801e-05 1.925994e-03 4.121906e-01 4.377550e-05 1.000000e+00 1.259896e-04 -2.267767e-01 -1.925999e-03 -1.259044e-04 9.999981e-01 5.936820e+00
9.999865e-01 -4.256709e-05 -5.189888e-03 5.867431e-01 4.406993e-05 1.000000e+00 2.894707e-04 -2.244697e-01 5.189875e-03 -2.896962e-04 9.999865e-01 5.282816e+00
9.999997e-01 1.198154e-04 7.061865e-04 3.429412e-01 -1.200822e-04 9.999999e-01 3.778253e-04 -2.156751e-01 -7.061409e-04 -3.779093e-04 9.999997e-01 4.940495e+00
9.999846e-01 -1.686700e-04 -5.540005e-03 2.680776e-01 1.683285e-04 1.000000e+00 -6.209962e-05 -2.141829e-01 5.540015e-03 6.116541e-05 9.999847e-01 5.730897e+00
9.999982e-01 1.739151e-04 1.872519e-03 5.040832e-01 -1.749527e-04 9.999998e-01 5.539939e-04 -2.158147e-01 -1.872422e-03 -5.543198e-04 9.999981e-01 5.180329e+00
9.999875e-01 -1.954165e-04 -4.986849e-03 8.927204e-01 1.947628e-04 1.000000e+00 -1.315648e-04 -2.126460e-01 4.986874e-03 1.305912e-04 9.999876e-01 4.466379e+00
9.999979e-01 1.157432e-04 2.021845e-03 1.023889e+00 -1.171474e-04 9.999998e-01 6.944627e-04 -2.070976e-01 -2.021764e-03 -6.946974e-04 9.999977e-01 3.402193e+00
9.999875e-01 -1.707336e-04 -5.006381e-03 1.110294e+00 1.699709e-04 1.000000e+00 -1.527610e-04 -2.042809e-01 5.006407e-03 1.519075e-04 9.999875e-01 2.458587e+00
9.999990e-01 1.324735e-04 1.397124e-03 1.082311e+00 -1.335416e-04 9.999997e-01 7.645001e-04 -2.046738e-01 -1.397022e-03 -7.646852e-04 9.999987e-01 1.706799e+00
9.999818e-01 -7.773563e-05 -6.027557e-03 8.513504e-01 7.748894e-05 1.000000e+00 -4.114792e-05 -2.026442e-01 6.027560e-03 4.067939e-05 9.999818e-01 1.285173e+00
9.999986e-01 7.317061e-05 1.701031e-03 7.570107e-01 -7.413411e-05 9.999998e-01 5.664105e-04 -2.106817e-01 -1.700989e-03 -5.665351e-04 9.999984e-01 1.549762e+00
9.999843e-01 -8.936577e-05 -5.598562e-03 8.097702e-01 8.809555e-05 1.000000e+00 -2.271157e-04 -2.252368e-01 5.598581e-03 2.266182e-04 9.999843e-01 1.974843e+00
9.999991e-01 9.740519e-05 1.322397e-03 8.261302e-01 -9.844041e-05 9.999997e-01 7.828568e-04 -2.308361e-01 -1.322320e-03 -7.829855e-04 9.999988e-01 1.975243e+00
9.999819e-01 -5.794301e-05 -6.008415e-03 7.112021e-01 5.726811e-05 1.000000e+00 -1.124843e-04 -2.320177e-01 6.008421e-03 1.121375e-04 9.999819e-01 1.919202e+00
9.999995e-01 1.298240e-04 9.659515e-04 4.340907e-01 -1.306409e-04 9.999996e-01 8.458287e-04 -2.309546e-01 -9.658410e-04 -8.459538e-04 9.999992e-01 1.953518e+00
9.999797e-01 -9.782276e-06 -6.372298e-03 6.109383e-02 9.363987e-06 1.000000e+00 -6.565875e-05 -2.251471e-01 6.372299e-03 6.559704e-05 9.999797e-01 1.994147e+00
9.999995e-01 1.561643e-04 9.378198e-04 -3.716460e-01 -1.570658e-04 9.999995e-01 9.613676e-04 -2.194338e-01 -9.376689e-04 -9.615137e-04 9.999991e-01 1.662406e+00
9.999785e-01 -3.593097e-05 -6.555278e-03 -8.684190e-01 3.557564e-05 1.000000e+00 -5.430871e-05 -2.092906e-01 6.555280e-03 5.407363e-05 9.999785e-01 1.510704e+00
9.999989e-01 1.327805e-04 1.449076e-03 -1.254982e+00 -1.340175e-04 9.999996e-01 8.536873e-04 -1.997279e-01 -1.448962e-03 -8.538799e-04 9.999986e-01 1.178330e+00
9.999751e-01 2.396232e-05 -7.061982e-03 -1.753095e+00 -2.332017e-05 1.000000e+00 9.102653e-05 -1.898642e-01 7.061984e-03 -9.086028e-05 9.999751e-01 8.960779e-01
9.999991e-01 1.635949e-04 1.295320e-03 -2.206100e+00 -1.646154e-04 9.999997e-01 7.878501e-04 -1.814323e-01 -1.295190e-03 -7.880619e-04 9.999989e-01 8.299630e-01
9.999742e-01 5.731847e-05 -7.178469e-03 -2.735605e+00 -5.630450e-05 1.000000e+00 1.414674e-04 -1.672387e-01 7.178477e-03 -1.410603e-04 9.999742e-01 8.379639e-01
9.999994e-01 1.361412e-04 1.041624e-03 -3.323222e+00 -1.370228e-04 9.999996e-01 8.464963e-04 -1.532910e-01 -1.041508e-03 -8.466379e-04 9.999991e-01 7.667797e-01
9.999793e-01 2.956701e-05 -6.426756e-03 -3.700313e+00 -2.997037e-05 1.000000e+00 -6.265065e-05 -1.470381e-01 6.426753e-03 6.284126e-05 9.999793e-01 8.097104e-01
9.999994e-01 8.470577e-05 1.127169e-03 -4.075748e+00 -8.562710e-05 9.999997e-01 8.174482e-04 -1.400392e-01 -1.127099e-03 -8.175435e-04 9.999990e-01 8.724574e-01
9.999853e-01 -9.121724e-05 -5.425428e-03 -4.202806e+00 9.006188e-05 1.000000e+00 -2.131784e-04 -1.428238e-01 5.425447e-03 2.126859e-04 9.999853e-01 3.063768e-01
9.999970e-01 6.099332e-05 2.463470e-03 -4.081294e+00 -6.269695e-05 9.999998e-01 6.915277e-04 -1.403884e-01 -2.463427e-03 -6.916794e-04 9.999967e-01 -6.046304e-01
9.999867e-01 -1.260389e-04 -5.150259e-03 -3.749642e+00 1.243736e-04 9.999999e-01 -3.236540e-04 -1.370038e-01 5.150299e-03 3.230084e-04 9.999867e-01 -1.340060e+00
9.999994e-01 1.232099e-04 1.054345e-03 -3.640097e+00 -1.240026e-04 9.999997e-01 7.518527e-04 -1.407664e-01 -1.054252e-03 -7.519823e-04 9.999992e-01 -1.520998e+00
9.999852e-01 -1.098008e-04 -5.430586e-03 -3.724002e+00 1.074923e-04 9.999999e-01 -4.253622e-04 -1.433705e-01 5.430632e-03 4.247714e-04 9.999852e-01 -9.876496e-01
9.999999e-01 2.048530e-04 3.511966e-04 -4.107418e+00 -2.052841e-04 9.999992e-01 1.228088e-03 -1.376675e-01 -3.509444e-04 -1.228159e-03 9.999992e-01 -1.324097e+00
9.999869e-01 -1.390727e-04 -5.117395e-03 -4.353816e+00 1.365241e-04 9.999999e-01 -4.983611e-04 -1.392933e-01 5.117463e-03 4.976552e-04 9.999868e-01 -1.725765e+00
9.999974e-01 1.327481e-04 2.278123e-03 -4.141379e+00 -1.348455e-04 9.999996e-01 9.206049e-04 -1.368489e-01 -2.278000e-03 -9.209090e-04 9.999970e-01 -2.510993e+00
9.999851e-01 -1.836140e-04 -5.451946e-03 -4.080354e+00 1.818794e-04 9.999999e-01 -3.186439e-04 -1.305896e-01 5.452004e-03 3.176469e-04 9.999851e-01 -3.697861e+00
9.999985e-01 1.725358e-04 1.719502e-03 -3.788723e+00 -1.737358e-04 9.999997e-01 6.978085e-04 -1.580208e-01 -1.719380e-03 -6.981055e-04 9.999983e-01 -3.386634e+00
9.999836e-01 -7.101956e-05 -5.730720e-03 -3.629410e+00 6.917608e-05 9.999999e-01 -3.218624e-04 -1.831602e-01 5.730742e-03 3.214599e-04 9.999835e-01 -2.959775e+00
9.999983e-01 6.339675e-05 1.848499e-03 -3.750834e+00 -6.518649e-05 9.999995e-01 9.682321e-04 -1.824926e-01 -1.848436e-03 -9.683503e-04 9.999978e-01 -3.788540e+00
9.999804e-01 -5.829896e-05 -6.259292e-03 -4.074311e+00 5.731243e-05 1.000000e+00 -1.577705e-04 -1.765612e-01 6.259301e-03 1.574080e-04 9.999804e-01 -4.784056e+00
9.999989e-01 6.358882e-05 1.502280e-03 -4.464295e+00 -6.515977e-05 9.999995e-01 1.045765e-03 -1.703814e-01 -1.502213e-03 -1.045861e-03 9.999983e-01 -5.818226e+00
9.999852e-01 -1.107823e-04 -5.440182e-03 -4.626653e+00 1.088588e-04 9.999999e-01 -3.538329e-04 -1.690882e-01 5.440220e-03 3.532348e-04 9.999851e-01 -6.798197e+00
9.999983e-01 9.637570e-05 1.842864e-03 -4.655318e+00 -9.803946e-05 9.999996e-01 9.028130e-04 -1.708492e-01 -1.842776e-03 -9.029914e-04 9.999979e-01 -7.520101e+00
9.999854e-01 -1.371598e-04 -5.393467e-03 -4.679426e+00 1.353392e-04 9.999999e-01 -3.378889e-04 -1.701541e-01 5.393513e-03 3.371534e-04 9.999854e-01 -8.351399e+00
9.999994e-01 1.407152e-04 1.097886e-03 -4.943907e+00 -1.419243e-04 9.999994e-01 1.101377e-03 -1.652156e-01 -1.097730e-03 -1.101532e-03 9.999988e-01 -9.279262e+00
9.999856e-01 -1.065474e-04 -5.371500e-03 -5.217903e+00 1.046671e-04 9.999999e-01 -3.503086e-04 -1.580504e-01 5.371536e-03 3.497406e-04 9.999855e-01 -1.019785e+01
9.999991e-01 9.730875e-05 1.372880e-03 -5.348609e+00 -9.869218e-05 9.999995e-01 1.007743e-03 -1.554634e-01 -1.372781e-03 -1.007877e-03 9.999985e-01 -1.103324e+01
9.999895e-01 -2.497764e-04 -4.568398e-03 -5.062063e+00 2.471484e-04 9.999998e-01 -5.757725e-04 -1.475492e-01 4.568541e-03 5.746367e-04 9.999894e-01 -1.203800e+01
9.999999e-01 2.269677e-04 3.885587e-04 -5.351105e+00 -2.275078e-04 9.999990e-01 1.390888e-03 -1.402332e-01 -3.882423e-04 -1.390975e-03 9.999990e-01 -1.318183e+01
9.999870e-01 -2.741675e-04 -5.084518e-03 -5.640128e+00 2.706862e-04 9.999997e-01 -6.853384e-04 -1.330451e-01 5.084704e-03 6.839525e-04 9.999868e-01 -1.357081e+01
9.999998e-01 3.702914e-04 -5.408676e-04 -6.190145e+00 -3.694373e-04 9.999987e-01 1.578127e-03 -1.153179e-01 5.414515e-04 -1.577926e-03 9.999986e-01 -1.376196e+01
9.999850e-01 -2.184482e-04 -5.473541e-03 -6.916715e+00 2.161901e-04 9.999999e-01 -4.131162e-04 -9.725719e-02 5.473631e-03 4.119260e-04 9.999849e-01 -1.464732e+01
9.999999e-01 3.203861e-04 -1.363721e-04 -7.567267e+00 -3.201800e-04 9.999988e-01 1.507241e-03 -8.065451e-02 1.368552e-04 -1.507196e-03 9.999989e-01 -1.559255e+01
9.999883e-01 -2.761162e-04 -4.832430e-03 -7.972450e+00 2.729843e-04 9.999998e-01 -6.487041e-04 -7.303736e-02 4.832608e-03 6.473766e-04 9.999881e-01 -1.642066e+01
9.999996e-01 2.518467e-04 7.989472e-04 -8.270060e+00 -2.529951e-04 9.999989e-01 1.437764e-03 -6.384691e-02 -7.985839e-04 -1.437965e-03 9.999986e-01 -1.761354e+01
9.999866e-01 -2.158948e-04 -5.173465e-03 -8.557097e+00 2.126510e-04 9.999998e-01 -6.275219e-04 -5.553103e-02 5.173599e-03 6.264127e-04 9.999864e-01 -1.852613e+01
9.999994e-01 1.997519e-04 1.044152e-03 -8.762261e+00 -2.009809e-04 9.999993e-01 1.177224e-03 -5.325466e-02 -1.043916e-03 -1.177433e-03 9.999988e-01 -1.849219e+01
9.999822e-01 -1.426450e-04 -5.972316e-03 -9.144382e+00 1.400552e-04 9.999999e-01 -4.340237e-04 -4.450112e-02 5.972377e-03 4.331788e-04 9.999821e-01 -1.859545e+01
9.999987e-01 1.885031e-04 1.608482e-03 -9.392908e+00 -1.903748e-04 9.999993e-01 1.163661e-03 -3.763761e-02 -1.608261e-03 -1.163965e-03 9.999980e-01 -1.925571e+01
9.999899e-01 -3.491285e-04 -4.483115e-03 -8.927144e+00 3.448639e-04 9.999995e-01 -9.519659e-04 -3.075302e-02 4.483445e-03 9.504095e-04 9.999895e-01 -1.927883e+01
9.999986e-01 2.525016e-04 1.674335e-03 -8.859317e+00 -2.548931e-04 9.999989e-01 1.428313e-03 -2.510719e-02 -1.673973e-03 -1.428737e-03 9.999976e-01 -2.032618e+01
9.999834e-01 -2.461996e-04 -5.763059e-03 -9.071291e+00 2.421251e-04 9.999997e-01 -7.076669e-04 -1.619461e-02 5.763231e-03 7.062591e-04 9.999831e-01 -2.118436e+01
9.999972e-01 1.811534e-04 2.356969e-03 -9.041136e+00 -1.839055e-04 9.999993e-01 1.167525e-03 -1.783420e-02 -2.356755e-03 -1.167955e-03 9.999965e-01 -2.163031e+01
9.999810e-01 -2.487654e-04 -6.158508e-03 -9.200664e+00 2.459728e-04 9.999999e-01 -4.541935e-04 -1.142381e-02 6.158619e-03 4.526693e-04 9.999809e-01 -2.275301e+01
9.999953e-01 1.601660e-04 3.051274e-03 -9.169028e+00 -1.632737e-04 9.999995e-01 1.018308e-03 -6.706939e-03 -3.051109e-03 -1.018801e-03 9.999948e-01 -2.385312e+01
9.999790e-01 -2.366264e-04 -6.476065e-03 -9.154562e+00 2.336010e-04 9.999999e-01 -4.679029e-04 -5.746503e-03 6.476175e-03 4.663796e-04 9.999789e-01 -2.446969e+01
9.999949e-01 1.574731e-04 3.178425e-03 -9.043801e+00 -1.605065e-04 9.999995e-01 9.542004e-04 -2.170016e-03 -3.178273e-03 -9.547051e-04 9.999945e-01 -2.517836e+01
9.999833e-01 -2.166923e-04 -5.780022e-03 -8.885592e+00 2.140419e-04 9.999999e-01 -4.591411e-04 4.538999e-03 5.780120e-03 4.578956e-04 9.999832e-01 -2.629241e+01
9.999934e-01 1.629943e-04 3.616771e-03 -8.623558e+00 -1.660780e-04 9.999996e-01 8.523830e-04 1.348744e-02 -3.616630e-03 -8.529774e-04 9.999931e-01 -2.744731e+01
9.999756e-01 -2.534526e-04 -6.988173e-03 -8.586821e+00 2.499182e-04 9.999998e-01 -5.066076e-04 7.944379e-03 6.988300e-03 5.048481e-04 9.999755e-01 -2.748877e+01
9.999998e-01 5.188048e-04 3.078041e-04 -9.389186e+00 -5.192154e-04 9.999990e-01 1.335915e-03 6.164602e-02 -3.071104e-04 -1.336074e-03 9.999991e-01 -2.665643e+01
9.999750e-01 -3.112504e-04 -7.058443e-03 -1.020646e+01 3.083398e-04 9.999999e-01 -4.134126e-04 1.001833e-01 7.058571e-03 4.112252e-04 9.999750e-01 -2.633378e+01
9.999971e-01 2.365426e-04 2.412392e-03 -1.020824e+01 -2.385580e-04 9.999996e-01 8.352291e-04 1.124521e-01 -2.412193e-03 -8.358014e-04 9.999967e-01 -2.602485e+01
9.999672e-01 -1.078049e-04 -8.103969e-03 -1.067856e+01 1.070007e-04 1.000000e+00 -9.964829e-05 1.471382e-01 8.103979e-03 9.877719e-05 9.999672e-01 -2.615622e+01
9.999886e-01 -1.975328e-07 4.783959e-03 -1.071209e+01 -3.210476e-06 9.999997e-01 7.124098e-04 1.547446e-01 -4.783957e-03 -7.124163e-04 9.999883e-01 -2.734258e+01
9.999684e-01 -8.297519e-05 -7.943698e-03 -1.053475e+01 8.087404e-05 1.000000e+00 -2.648048e-04 1.563341e-01 7.943719e-03 2.641534e-04 9.999684e-01 -2.808679e+01
9.999912e-01 8.873417e-05 4.182697e-03 -1.052907e+01 -9.247656e-05 9.999996e-01 8.945883e-04 1.588344e-01 -4.182616e-03 -8.949666e-04 9.999909e-01 -2.895192e+01
9.999723e-01 -1.648502e-04 -7.438551e-03 -1.044192e+01 1.618493e-04 9.999999e-01 -4.039946e-04 1.593392e-01 7.438617e-03 4.027788e-04 9.999723e-01 -2.970447e+01
9.999923e-01 1.634384e-04 3.912523e-03 -1.019745e+01 -1.668538e-04 9.999996e-01 8.726675e-04 1.557163e-01 -3.912379e-03 -8.733129e-04 9.999920e-01 -3.011313e+01
9.999731e-01 -2.003620e-04 -7.331689e-03 -9.437113e+00 1.970342e-04 9.999999e-01 -4.545925e-04 1.653343e-01 7.331778e-03 4.531350e-04 9.999730e-01 -3.087935e+01
9.999887e-01 7.633578e-05 4.746827e-03 -9.331803e+00 -8.117759e-05 9.999995e-01 1.019860e-03 1.752329e-01 -4.746746e-03 -1.020233e-03 9.999882e-01 -3.227385e+01
9.999603e-01 -8.033305e-05 -8.905699e-03 -9.362695e+00 7.523242e-05 9.999998e-01 -5.730525e-04 1.703007e-01 8.905743e-03 5.723591e-04 9.999602e-01 -3.217297e+01
9.999905e-01 5.049597e-05 4.352944e-03 -9.036773e+00 -5.429011e-05 9.999996e-01 8.715535e-04 1.567268e-01 -4.352898e-03 -8.717808e-04 9.999901e-01 -3.185514e+01
9.999579e-01 -1.812437e-05 -9.175867e-03 -9.167684e+00 1.591421e-05 1.000000e+00 -2.409215e-04 1.639117e-01 9.175871e-03 2.407646e-04 9.999579e-01 -3.209495e+01
9.999951e-01 1.710581e-04 3.124284e-03 -9.919177e+00 -1.754943e-04 9.999990e-01 1.419753e-03 1.870393e-01 -3.124038e-03 -1.420293e-03 9.999941e-01 -3.290815e+01
9.999706e-01 -1.035126e-04 -7.672247e-03 -1.012405e+01 9.725492e-05 9.999997e-01 -8.159750e-04 1.894272e-01 7.672328e-03 8.152041e-04 9.999702e-01 -3.308575e+01
9.999944e-01 4.304088e-05 3.344059e-03 -9.424218e+00 -4.646499e-05 9.999995e-01 1.023924e-03 1.744051e-01 -3.344013e-03 -1.024073e-03 9.999939e-01 -3.306198e+01
9.999697e-01 -6.192229e-05 -7.787339e-03 -9.619357e+00 5.691072e-05 9.999998e-01 -6.437502e-04 1.807189e-01 7.787377e-03 6.432868e-04 9.999695e-01 -3.230190e+01
9.999970e-01 1.341770e-06 2.454260e-03 -9.354309e+00 -4.099936e-06 9.999994e-01 1.123899e-03 1.910624e-01 -2.454256e-03 -1.123905e-03 9.999964e-01 -3.200159e+01
9.999788e-01 -5.393602e-04 -6.496361e-03 -8.029261e+00 5.338224e-04 9.999995e-01 -8.541142e-04 1.921992e-01 6.496819e-03 8.506275e-04 9.999785e-01 -3.242889e+01
9.999970e-01 -1.756880e-04 2.446120e-03 -6.459817e+00 1.734602e-04 9.999996e-01 9.110261e-04 1.921663e-01 -2.446279e-03 -9.105983e-04 9.999966e-01 -3.271270e+01
9.999806e-01 -8.647635e-04 -6.166143e-03 -4.429740e+00 8.584730e-04 9.999991e-01 -1.022708e-03 1.953423e-01 6.167021e-03 1.017394e-03 9.999805e-01 -3.317736e+01
9.999974e-01 2.075084e-04 2.258048e-03 -3.021231e+00 -2.097095e-04 9.999995e-01 9.746959e-04 1.805860e-01 -2.257844e-03 -9.751662e-04 9.999970e-01 -3.321998e+01
9.999828e-01 -4.935785e-04 -5.835923e-03 -1.904424e+00 4.885083e-04 9.999995e-01 -8.701552e-04 1.752316e-01 5.836349e-03 8.672887e-04 9.999826e-01 -3.360034e+01
9.999964e-01 3.536085e-04 2.658140e-03 -1.335950e+00 -3.571165e-04 9.999991e-01 1.319429e-03 1.823376e-01 -2.657671e-03 -1.320372e-03 9.999956e-01 -3.451129e+01
9.999798e-01 -4.276822e-04 -6.336173e-03 -1.004899e+00 4.219376e-04 9.999995e-01 -9.079112e-04 1.766785e-01 6.336558e-03 9.052187e-04 9.999795e-01 -3.490776e+01
9.999961e-01 3.429360e-04 2.787336e-03 -4.186539e-01 -3.461925e-04 9.999993e-01 1.168006e-03 1.648647e-01 -2.786933e-03 -1.168966e-03 9.999954e-01 -3.503294e+01
9.999789e-01 -4.033557e-04 -6.479715e-03 1.067914e-01 3.979072e-04 9.999996e-01 -8.420865e-04 1.575069e-01 6.480052e-03 8.394898e-04 9.999787e-01 -3.530040e+01
9.999961e-01 3.692046e-04 2.751254e-03 2.820188e-01 -3.730805e-04 9.999989e-01 1.408465e-03 1.613512e-01 -2.750731e-03 -1.409486e-03 9.999952e-01 -3.603359e+01
9.999828e-01 -4.594476e-04 -5.841841e-03 3.829894e-01 4.541098e-04 9.999995e-01 -9.149904e-04 1.657843e-01 5.842258e-03 9.123212e-04 9.999825e-01 -3.698708e+01
9.999991e-01 4.861477e-04 1.272226e-03 1.239671e-01 -4.883251e-04 9.999984e-01 1.711876e-03 1.760258e-01 -1.271392e-03 -1.712494e-03 9.999977e-01 -3.768191e+01
9.999890e-01 -6.190656e-04 -4.656517e-03 5.213229e-01 6.121882e-04 9.999987e-01 -1.478170e-03 1.569162e-01 4.657426e-03 1.475303e-03 9.999881e-01 -3.757765e+01
9.999991e-01 4.947345e-04 1.217193e-03 9.771377e-01 -4.968726e-04 9.999983e-01 1.757052e-03 1.479899e-01 -1.216321e-03 -1.757654e-03 9.999977e-01 -3.769947e+01
9.999883e-01 -7.117591e-04 -4.790388e-03 1.815044e+00 7.040275e-04 9.999984e-01 -1.615423e-03 1.381659e-01 4.791530e-03 1.612031e-03 9.999872e-01 -3.789629e+01
9.999993e-01 3.568389e-04 1.143991e-03 2.905292e+00 -3.589334e-04 9.999983e-01 1.831389e-03 1.414140e-01 -1.143335e-03 -1.831797e-03 9.999977e-01 -3.840560e+01
9.999881e-01 -5.313105e-04 -4.859355e-03 3.875417e+00 5.231981e-04 9.999985e-01 -1.670523e-03 1.306708e-01 4.860235e-03 1.667960e-03 9.999868e-01 -3.860981e+01
1.000000e+00 2.889262e-04 -5.113128e-06 4.734091e+00 -2.889157e-04 9.999981e-01 1.912906e-03 1.057964e-01 5.666110e-06 -1.912904e-03 9.999982e-01 -3.828706e+01
9.999873e-01 -4.298561e-04 -5.013619e-03 5.652446e+00 4.207466e-04 9.999983e-01 -1.817813e-03 7.454111e-02 5.014392e-03 1.815679e-03 9.999858e-01 -3.779722e+01
9.999999e-01 2.500133e-04 2.774532e-04 6.497194e+00 -2.505706e-04 9.999979e-01 2.011277e-03 4.552104e-02 -2.769495e-04 -2.011346e-03 9.999979e-01 -3.747857e+01
9.999872e-01 -4.121934e-04 -5.034740e-03 7.360158e+00 4.026821e-04 9.999981e-01 -1.889957e-03 1.717127e-02 5.035509e-03 1.887904e-03 9.999855e-01 -3.707093e+01
9.999999e-01 2.602920e-04 3.102024e-04 8.295541e+00 -2.609041e-04 9.999980e-01 1.975392e-03 -1.781769e-02 -3.096873e-04 -1.975472e-03 9.999980e-01 -3.662273e+01
9.999876e-01 -2.941766e-04 -4.964431e-03 9.119490e+00 2.851123e-04 9.999983e-01 -1.826419e-03 -4.965569e-02 4.964960e-03 1.824981e-03 9.999860e-01 -3.631298e+01
1.000000e+00 1.947090e-04 1.129894e-04 1.013035e+01 -1.949314e-04 9.999980e-01 1.973620e-03 -8.038803e-02 -1.126046e-04 -1.973641e-03 9.999980e-01 -3.603164e+01
9.999892e-01 -3.346838e-04 -4.625627e-03 1.103602e+01 3.259731e-04 9.999982e-01 -1.883715e-03 -1.258992e-01 4.626249e-03 1.882187e-03 9.999875e-01 -3.538243e+01
9.999999e-01 4.015260e-04 -1.890348e-04 1.200359e+01 -4.011713e-04 9.999982e-01 1.871713e-03 -1.690569e-01 1.897863e-04 -1.871636e-03 9.999982e-01 -3.480676e+01
9.999898e-01 -6.447355e-04 -4.475774e-03 1.285247e+01 6.373253e-04 9.999984e-01 -1.656819e-03 -1.999059e-01 4.476835e-03 1.653949e-03 9.999886e-01 -3.442875e+01
9.999997e-01 5.864854e-04 4.750502e-04 1.313394e+01 -5.874592e-04 9.999977e-01 2.052774e-03 -2.108482e-01 -4.738449e-04 -2.053051e-03 9.999978e-01 -3.446336e+01
9.999918e-01 -7.084844e-04 -3.976495e-03 1.346408e+01 7.014799e-04 9.999982e-01 -1.762533e-03 -2.247319e-01 3.977736e-03 1.759728e-03 9.999905e-01 -3.456215e+01
9.999998e-01 6.211479e-04 -2.326380e-04 1.353284e+01 -6.206520e-04 9.999976e-01 2.124766e-03 -2.358662e-01 2.339576e-04 -2.124620e-03 9.999977e-01 -3.427689e+01
9.999938e-01 -7.202244e-04 -3.456851e-03 1.391850e+01 7.135687e-04 9.999979e-01 -1.926134e-03 -2.525859e-01 3.458230e-03 1.923655e-03 9.999922e-01 -3.400464e+01
9.999997e-01 6.273310e-04 -5.493041e-04 1.436186e+01 -6.261533e-04 9.999975e-01 2.141094e-03 -2.739446e-01 5.506462e-04 -2.140748e-03 9.999976e-01 -3.369158e+01
9.999916e-01 -6.033372e-04 -4.060046e-03 1.433993e+01 5.963847e-04 9.999984e-01 -1.713341e-03 -2.832264e-01 4.061073e-03 1.710904e-03 9.999903e-01 -3.331350e+01
9.999995e-01 6.250432e-04 -7.646962e-04 1.419403e+01 -6.233442e-04 9.999973e-01 2.219750e-03 -2.876173e-01 7.660819e-04 -2.219271e-03 9.999972e-01 -3.298574e+01
9.999907e-01 -5.151101e-04 -4.290490e-03 1.393653e+01 5.080736e-04 9.999985e-01 -1.640889e-03 -2.874914e-01 4.291328e-03 1.638694e-03 9.999894e-01 -3.258462e+01
9.999984e-01 6.436236e-04 -1.669968e-03 1.343936e+01 -6.392707e-04 9.999964e-01 2.605667e-03 -2.762830e-01 1.671640e-03 -2.604595e-03 9.999952e-01 -3.263784e+01
9.999942e-01 -5.695558e-04 -3.348008e-03 1.313306e+01 5.635406e-04 9.999982e-01 -1.797269e-03 -2.658925e-01 3.349025e-03 1.795371e-03 9.999928e-01 -3.302776e+01
9.999988e-01 5.827774e-04 -1.422354e-03 1.301644e+01 -5.793118e-04 9.999969e-01 2.435571e-03 -2.659477e-01 1.423769e-03 -2.434743e-03 9.999960e-01 -3.311284e+01
9.999904e-01 -4.527058e-04 -4.369745e-03 1.254650e+01 4.459441e-04 9.999987e-01 -1.548179e-03 -2.566455e-01 4.370440e-03 1.546215e-03 9.999893e-01 -3.303247e+01
9.999996e-01 4.940120e-04 -7.610217e-04 1.226934e+01 -4.922315e-04 9.999971e-01 2.337629e-03 -2.529935e-01 7.621746e-04 -2.337252e-03 9.999970e-01 -3.302703e+01
9.999896e-01 -4.245822e-04 -4.541050e-03 1.195980e+01 4.175364e-04 9.999987e-01 -1.552351e-03 -2.498385e-01 4.541703e-03 1.550438e-03 9.999885e-01 -3.293311e+01
9.999997e-01 4.109471e-04 6.253394e-04 1.229469e+01 -4.120822e-04 9.999983e-01 1.816601e-03 -2.734015e-01 -6.245915e-04 -1.816857e-03 9.999982e-01 -3.261928e+01
9.999870e-01 -3.973442e-04 -5.091956e-03 1.299060e+01 3.885996e-04 9.999984e-01 -1.718163e-03 -3.073411e-01 5.092631e-03 1.716161e-03 9.999856e-01 -3.223923e+01
9.999997e-01 3.428498e-04 6.771994e-04 1.353368e+01 -3.441113e-04 9.999982e-01 1.863911e-03 -3.365185e-01 -6.765589e-04 -1.864143e-03 9.999980e-01 -3.186597e+01
9.999868e-01 -4.085455e-04 -5.123689e-03 1.412042e+01 3.998910e-04 9.999985e-01 -1.689988e-03 -3.623036e-01 5.124372e-03 1.687916e-03 9.999854e-01 -3.158197e+01
9.999997e-01 2.325213e-04 6.834469e-04 1.471705e+01 -2.337948e-04 9.999982e-01 1.864116e-03 -3.813652e-01 -6.830120e-04 -1.864275e-03 9.999980e-01 -3.139530e+01
9.999900e-01 -2.776324e-04 -4.467776e-03 1.516352e+01 2.704345e-04 9.999987e-01 -1.611520e-03 -3.911717e-01 4.468217e-03 1.610295e-03 9.999887e-01 -3.157820e+01
9.999996e-01 1.721305e-04 9.055055e-04 1.575427e+01 -1.736872e-04 9.999985e-01 1.719597e-03 -4.114211e-01 -9.052078e-04 -1.719753e-03 9.999981e-01 -3.150175e+01
9.999872e-01 -2.990809e-04 -5.048898e-03 1.636025e+01 2.912572e-04 9.999988e-01 -1.550208e-03 -4.373446e-01 5.049356e-03 1.548717e-03 9.999861e-01 -3.120709e+01
9.999997e-01 1.097488e-04 7.788409e-04 1.676702e+01 -1.112072e-04 9.999982e-01 1.873003e-03 -4.485970e-01 -7.786337e-04 -1.873088e-03 9.999979e-01 -3.079840e+01
9.999849e-01 -2.229232e-04 -5.496141e-03 1.723369e+01 2.138661e-04 9.999986e-01 -1.648387e-03 -4.510654e-01 5.496501e-03 1.647186e-03 9.999835e-01 -3.058780e+01
9.999988e-01 1.382965e-04 1.530879e-03 1.779684e+01 -1.410650e-04 9.999984e-01 1.808675e-03 -4.762285e-01 -1.530626e-03 -1.808889e-03 9.999972e-01 -3.033140e+01
9.999814e-01 -2.967163e-04 -6.097019e-03 1.877335e+01 2.874294e-04 9.999988e-01 -1.523951e-03 -4.953894e-01 6.097463e-03 1.522169e-03 9.999803e-01 -3.032223e+01
9.999982e-01 1.717511e-04 1.913544e-03 1.955171e+01 -1.751437e-04 9.999984e-01 1.773047e-03 -5.145106e-01 -1.913237e-03 -1.773378e-03 9.999966e-01 -3.030027e+01
9.999844e-01 -3.024664e-04 -5.577794e-03 2.036722e+01 2.932360e-04 9.999986e-01 -1.655540e-03 -5.293020e-01 5.578287e-03 1.653878e-03 9.999831e-01 -3.035509e+01
9.999985e-01 -2.559223e-04 1.732872e-03 2.171015e+01 2.531637e-04 9.999987e-01 1.592140e-03 -5.381275e-01 -1.733277e-03 -1.591698e-03 9.999972e-01 -3.065008e+01
9.999832e-01 3.875034e-05 -5.792900e-03 2.258232e+01 -4.682734e-05 9.999990e-01 -1.394118e-03 -5.541347e-01 5.792840e-03 1.394365e-03 9.999822e-01 -3.070490e+01
9.999992e-01 -1.808534e-04 1.277448e-03 2.343442e+01 1.788539e-04 9.999988e-01 1.565425e-03 -5.775939e-01 -1.277729e-03 -1.565195e-03 9.999980e-01 -3.055819e+01
9.999837e-01 6.843991e-05 -5.706076e-03 2.384215e+01 -7.585679e-05 9.999992e-01 -1.299570e-03 -5.989474e-01 5.705982e-03 1.299981e-03 9.999829e-01 -3.022416e+01
1.000000e+00 3.419428e-05 -3.056093e-04 2.333903e+01 -3.352819e-05 9.999976e-01 2.178421e-03 -5.877690e-01 3.056833e-04 -2.178410e-03 9.999976e-01 -3.031004e+01
9.999900e-01 6.855347e-06 -4.476929e-03 2.309803e+01 -1.340495e-05 9.999989e-01 -1.462879e-03 -5.854481e-01 4.476914e-03 1.462924e-03 9.999889e-01 -3.065059e+01
9.999989e-01 -7.454433e-05 1.482293e-03 2.330997e+01 7.170336e-05 9.999982e-01 1.916749e-03 -5.809363e-01 -1.482432e-03 -1.916640e-03 9.999971e-01 -3.156220e+01
9.999906e-01 -1.820095e-05 -4.328133e-03 2.343037e+01 1.218151e-05 9.999990e-01 -1.390730e-03 -5.734724e-01 4.328153e-03 1.390664e-03 9.999897e-01 -3.278633e+01
1.000000e+00 -6.242542e-05 -1.929692e-04 2.297463e+01 6.291103e-05 9.999968e-01 2.516093e-03 -5.458546e-01 1.928118e-04 -2.516105e-03 9.999968e-01 -3.464001e+01
9.999879e-01 -4.892633e-05 -4.922629e-03 2.247019e+01 4.242066e-05 9.999991e-01 -1.321626e-03 -5.161414e-01 4.922689e-03 1.321400e-03 9.999870e-01 -3.675961e+01
9.999981e-01 -8.532053e-05 1.963111e-03 2.250524e+01 8.118923e-05 9.999978e-01 2.104590e-03 -5.022496e-01 -1.963286e-03 -2.104426e-03 9.999959e-01 -3.842685e+01
9.999862e-01 1.112074e-05 -5.245972e-03 2.275574e+01 -1.961592e-05 9.999987e-01 -1.619271e-03 -4.989012e-01 5.245947e-03 1.619351e-03 9.999849e-01 -3.931712e+01
9.999999e-01 -2.895189e-05 4.643838e-04 2.294212e+01 2.798368e-05 9.999978e-01 2.085392e-03 -4.985001e-01 -4.644429e-04 -2.085378e-03 9.999977e-01 -3.953323e+01
9.999854e-01 7.129494e-05 -5.398268e-03 2.291402e+01 -7.948182e-05 9.999988e-01 -1.516325e-03 -4.916384e-01 5.398154e-03 1.516731e-03 9.999843e-01 -3.990686e+01
9.999999e-01 7.415856e-05 -3.427831e-04 2.266145e+01 -7.338538e-05 9.999975e-01 2.254230e-03 -4.840360e-01 3.429497e-04 -2.254204e-03 9.999974e-01 -3.988913e+01
9.999857e-01 1.215535e-04 -5.337256e-03 2.269664e+01 -1.306420e-04 9.999985e-01 -1.702480e-03 -4.804202e-01 5.337041e-03 1.703152e-03 9.999843e-01 -3.982071e+01
9.999988e-01 -2.189129e-04 1.504075e-03 2.329131e+01 2.160616e-04 9.999982e-01 1.895763e-03 -4.861162e-01 -1.504487e-03 -1.895435e-03 9.999971e-01 -4.007448e+01
9.999861e-01 1.002533e-04 -5.265710e-03 2.392328e+01 -1.094778e-04 9.999985e-01 -1.751493e-03 -4.885146e-01 5.265526e-03 1.752044e-03 9.999846e-01 -4.044323e+01
9.999999e-01 -9.947864e-05 5.241873e-04 2.382940e+01 9.833061e-05 9.999976e-01 2.190228e-03 -4.826310e-01 -5.244037e-04 -2.190176e-03 9.999975e-01 -4.065612e+01
9.999858e-01 1.664874e-04 -5.319028e-03 2.359671e+01 -1.748747e-04 9.999987e-01 -1.576379e-03 -4.821646e-01 5.318759e-03 1.577287e-03 9.999846e-01 -4.097535e+01
9.999990e-01 -1.275401e-04 1.389276e-03 2.385753e+01 1.249691e-04 9.999983e-01 1.850757e-03 -5.010156e-01 -1.389510e-03 -1.850581e-03 9.999973e-01 -4.077259e+01
9.999853e-01 6.009632e-05 -5.423857e-03 2.415786e+01 -6.935090e-05 9.999985e-01 -1.706048e-03 -5.270111e-01 5.423746e-03 1.706399e-03 9.999838e-01 -4.025974e+01
9.999992e-01 -1.493768e-06 1.256743e-03 2.451569e+01 -9.064275e-07 9.999982e-01 1.910083e-03 -5.559709e-01 -1.256743e-03 -1.910082e-03 9.999974e-01 -3.974394e+01
9.999859e-01 -6.390007e-05 -5.314816e-03 2.540436e+01 5.497958e-05 9.999986e-01 -1.678495e-03 -5.681090e-01 5.314915e-03 1.678178e-03 9.999845e-01 -3.991386e+01
9.999988e-01 -2.545724e-05 1.568026e-03 2.581022e+01 2.239595e-05 9.999981e-01 1.952492e-03 -5.838256e-01 -1.568073e-03 -1.952454e-03 9.999969e-01 -3.990768e+01
9.999838e-01 2.787078e-05 -5.688991e-03 2.588478e+01 -3.743361e-05 9.999986e-01 -1.680785e-03 -5.988349e-01 5.688935e-03 1.680970e-03 9.999824e-01 -3.947910e+01
9.999990e-01 4.094273e-05 1.407482e-03 2.611018e+01 -4.386722e-05 9.999978e-01 2.078063e-03 -6.129881e-01 -1.407394e-03 -2.078122e-03 9.999969e-01 -3.941593e+01
9.999888e-01 -2.471766e-04 -4.720440e-03 2.732275e+01 2.383314e-04 9.999982e-01 -1.874217e-03 -5.966332e-01 4.720895e-03 1.873070e-03 9.999871e-01 -4.030419e+01
9.999994e-01 7.405161e-05 1.097427e-03 2.806841e+01 -7.638803e-05 9.999977e-01 2.129384e-03 -6.039974e-01 -1.097267e-03 -2.129465e-03 9.999971e-01 -4.055474e+01
9.999824e-01 4.938040e-05 -5.932618e-03 2.784859e+01 -5.917243e-05 9.999986e-01 -1.650326e-03 -6.031882e-01 5.932529e-03 1.650648e-03 9.999810e-01 -4.002843e+01
9.999995e-01 2.886517e-05 9.691508e-04 2.754928e+01 -3.096915e-05 9.999976e-01 2.171318e-03 -6.002319e-01 -9.690856e-04 -2.171346e-03 9.999972e-01 -3.946521e+01
9.999794e-01 -1.543238e-05 -6.423619e-03 2.717664e+01 6.288607e-06 9.999990e-01 -1.423432e-03 -5.975514e-01 6.423634e-03 1.423362e-03 9.999784e-01 -3.940669e+01
9.999956e-01 -3.515704e-05 2.978504e-03 2.712777e+01 2.928990e-05 9.999981e-01 1.969951e-03 -5.929654e-01 -2.978567e-03 -1.969854e-03 9.999936e-01 -4.040169e+01
9.999822e-01 -1.741843e-05 -5.958650e-03 2.728333e+01 8.131683e-06 9.999988e-01 -1.558502e-03 -5.863607e-01 5.958670e-03 1.558425e-03 9.999810e-01 -4.143086e+01
9.999950e-01 -9.790947e-05 3.163863e-03 2.741591e+01 9.155001e-05 9.999980e-01 2.010209e-03 -5.726590e-01 -3.164053e-03 -2.009909e-03 9.999930e-01 -4.281070e+01
9.999853e-01 -3.494928e-04 -5.409089e-03 2.812539e+01 3.401491e-04 9.999984e-01 -1.728171e-03 -5.386643e-01 5.409685e-03 1.726305e-03 9.999839e-01 -4.491420e+01
9.999937e-01 -4.727701e-04 3.516225e-03 2.958019e+01 4.663349e-04 9.999982e-01 1.830809e-03 -4.779776e-01 -3.517084e-03 -1.829157e-03 9.999921e-01 -4.787648e+01
9.999841e-01 -5.308969e-04 -5.606015e-03 3.152977e+01 5.206056e-04 9.999982e-01 -1.837000e-03 -4.181391e-01 5.606979e-03 1.834052e-03 9.999826e-01 -5.050366e+01
9.999937e-01 -2.412911e-04 3.555211e-03 3.286455e+01 2.346048e-04 9.999982e-01 1.881098e-03 -3.764349e-01 -3.555659e-03 -1.880251e-03 9.999919e-01 -5.263203e+01
9.999850e-01 8.497179e-05 -5.473453e-03 3.318127e+01 -9.345019e-05 9.999988e-01 -1.548712e-03 -3.563984e-01 5.473315e-03 1.549199e-03 9.999838e-01 -5.434776e+01
9.999955e-01 -2.064958e-04 2.979777e-03 3.445049e+01 2.018359e-04 9.999988e-01 1.564155e-03 -3.400685e-01 -2.980096e-03 -1.563546e-03 9.999943e-01 -5.543464e+01
9.999838e-01 -6.062173e-05 -5.688839e-03 3.495532e+01 5.177817e-05 9.999988e-01 -1.554625e-03 -3.333965e-01 5.688926e-03 1.554305e-03 9.999826e-01 -5.630126e+01
9.999974e-01 2.831097e-06 2.292977e-03 3.489563e+01 -7.663563e-06 9.999978e-01 2.107637e-03 -3.311223e-01 -2.292966e-03 -2.107648e-03 9.999951e-01 -5.705498e+01
9.999835e-01 -1.554994e-04 -5.743135e-03 3.502770e+01 1.454458e-04 9.999985e-01 -1.750872e-03 -3.306428e-01 5.743398e-03 1.750007e-03 9.999820e-01 -5.773584e+01
9.999982e-01 7.577151e-06 1.922932e-03 3.529425e+01 -1.115270e-05 9.999983e-01 1.859583e-03 -3.504191e-01 -1.922914e-03 -1.859600e-03 9.999964e-01 -5.734947e+01
9.999782e-01 3.941431e-05 -6.596123e-03 3.522008e+01 -4.898327e-05 9.999989e-01 -1.450493e-03 -3.587061e-01 6.596059e-03 1.450784e-03 9.999772e-01 -5.711612e+01
9.999983e-01 -2.987013e-05 1.861506e-03 3.607585e+01 2.691190e-05 9.999987e-01 1.589335e-03 -3.966012e-01 -1.861551e-03 -1.589282e-03 9.999970e-01 -5.635111e+01
9.999900e-01 -3.793050e-05 -4.476274e-03 3.641958e+01 3.203800e-05 9.999991e-01 -1.316379e-03 -3.899527e-01 4.476320e-03 1.316222e-03 9.999891e-01 -5.732709e+01
9.999974e-01 -6.050949e-06 2.296772e-03 3.685378e+01 2.764486e-06 9.999990e-01 1.431044e-03 -3.979808e-01 -2.296778e-03 -1.431034e-03 9.999963e-01 -5.765249e+01
9.999815e-01 -2.485999e-04 -6.084254e-03 3.748268e+01 2.401317e-04 9.999990e-01 -1.392462e-03 -3.972314e-01 6.084594e-03 1.390975e-03 9.999805e-01 -5.787435e+01
9.999957e-01 -1.875220e-04 2.913243e-03 3.838381e+01 1.834301e-04 9.999990e-01 1.404909e-03 -3.827801e-01 -2.913503e-03 -1.404368e-03 9.999948e-01 -5.889144e+01
9.999842e-01 -3.072912e-04 -5.605870e-03 3.937644e+01 2.999453e-04 9.999991e-01 -1.311132e-03 -3.572503e-01 5.606267e-03 1.309429e-03 9.999834e-01 -6.041899e+01
9.999969e-01 4.505717e-05 2.509218e-03 4.025201e+01 -4.817068e-05 9.999992e-01 1.240912e-03 -3.747909e-01 -2.509160e-03 -1.241028e-03 9.999961e-01 -6.047964e+01
9.999790e-01 -1.182227e-04 -6.485809e-03 4.058815e+01 1.114927e-04 9.999995e-01 -1.037950e-03 -3.893647e-01 6.485928e-03 1.037205e-03 9.999784e-01 -6.025544e+01
9.999965e-01 7.747221e-05 2.649730e-03 4.093955e+01 -8.066707e-05 9.999993e-01 1.205766e-03 -4.122376e-01 -2.649634e-03 -1.205975e-03 9.999958e-01 -5.990673e+01
9.999781e-01 -1.085387e-04 -6.612744e-03 4.103586e+01 1.019348e-04 9.999995e-01 -9.989427e-04 -4.288547e-01 6.612849e-03 9.982462e-04 9.999776e-01 -5.953047e+01
9.999966e-01 1.125678e-04 2.613981e-03 4.104511e+01 -1.163707e-04 9.999989e-01 1.454862e-03 -4.372224e-01 -2.613814e-03 -1.455161e-03 9.999955e-01 -5.963966e+01
9.999783e-01 -1.954807e-04 -6.589899e-03 4.114986e+01 1.871789e-04 9.999992e-01 -1.260325e-03 -4.488589e-01 6.590140e-03 1.259063e-03 9.999775e-01 -5.943598e+01
9.999970e-01 1.703446e-04 2.456731e-03 4.109490e+01 -1.744223e-04 9.999986e-01 1.659826e-03 -4.614691e-01 -2.456444e-03 -1.660249e-03 9.999956e-01 -5.925527e+01
9.999831e-01 -1.262259e-04 -5.815716e-03 4.131923e+01 1.183151e-04 9.999991e-01 -1.360510e-03 -4.657185e-01 5.815882e-03 1.359798e-03 9.999822e-01 -5.975624e+01
9.999957e-01 3.334712e-05 2.940032e-03 4.145117e+01 -3.843272e-05 9.999985e-01 1.729853e-03 -4.615056e-01 -2.939969e-03 -1.729957e-03 9.999942e-01 -6.075796e+01
9.999832e-01 -7.122656e-05 -5.794685e-03 4.171706e+01 6.257774e-05 9.999989e-01 -1.492654e-03 -4.613214e-01 5.794784e-03 1.492266e-03 9.999821e-01 -6.142582e+01
9.999946e-01 -1.745882e-04 3.269095e-03 4.226966e+01 1.690803e-04 9.999986e-01 1.685134e-03 -4.441453e-01 -3.269384e-03 -1.684572e-03 9.999932e-01 -6.281237e+01
9.999863e-01 5.886375e-05 -5.242887e-03 4.229527e+01 -6.442520e-05 9.999994e-01 -1.060535e-03 -4.238548e-01 5.242821e-03 1.060858e-03 9.999857e-01 -6.488379e+01
9.999976e-01 -1.357143e-04 2.178623e-03 4.229754e+01 1.320703e-04 9.999986e-01 1.672837e-03 -4.173512e-01 -2.178847e-03 -1.672544e-03 9.999962e-01 -6.609742e+01
9.999865e-01 -2.349857e-06 -5.195641e-03 4.218585e+01 -2.549043e-06 9.999996e-01 -9.428157e-04 -4.007976e-01 5.195641e-03 9.428156e-04 9.999861e-01 -6.802172e+01
9.999936e-01 -2.390694e-04 3.578627e-03 4.220669e+01 2.329699e-04 9.999985e-01 1.704851e-03 -3.645179e-01 -3.579029e-03 -1.704005e-03 9.999921e-01 -7.107289e+01
9.999847e-01 1.410389e-04 -5.536346e-03 4.219269e+01 -1.471937e-04 9.999994e-01 -1.111268e-03 -3.440344e-01 5.536186e-03 1.112065e-03 9.999841e-01 -7.312481e+01
9.999963e-01 -3.427099e-04 2.700978e-03 4.227263e+01 3.379738e-04 9.999984e-01 1.753859e-03 -3.249275e-01 -2.701574e-03 -1.752939e-03 9.999948e-01 -7.505252e+01
9.999924e-01 2.333366e-04 -3.902712e-03 4.243269e+01 -2.382398e-04 9.999992e-01 -1.255848e-03 -2.979569e-01 3.902416e-03 1.256768e-03 9.999916e-01 -7.740663e+01
9.999984e-01 -3.512920e-04 1.748666e-03 4.284476e+01 3.488579e-04 9.999990e-01 1.392298e-03 -2.892306e-01 -1.749153e-03 -1.391685e-03 9.999975e-01 -7.841766e+01
9.999855e-01 2.178632e-04 -5.372588e-03 4.350539e+01 -2.249453e-04 9.999991e-01 -1.317558e-03 -2.926042e-01 5.372295e-03 1.318747e-03 9.999847e-01 -7.872935e+01
9.999960e-01 -3.833367e-04 2.813777e-03 4.374581e+01 3.784033e-04 9.999984e-01 1.753745e-03 -2.750159e-01 -2.814445e-03 -1.752673e-03 9.999945e-01 -8.049749e+01
9.999903e-01 2.138553e-04 -4.405714e-03 4.376566e+01 -2.187890e-04 9.999993e-01 -1.119317e-03 -2.503228e-01 4.405471e-03 1.120270e-03 9.999897e-01 -8.284512e+01
9.999977e-01 -2.393313e-04 2.146771e-03 4.394519e+01 2.361485e-04 9.999989e-01 1.482895e-03 -2.441939e-01 -2.147124e-03 -1.482384e-03 9.999966e-01 -8.394145e+01
9.999860e-01 2.268509e-04 -5.288212e-03 4.425649e+01 -2.329440e-04 9.999993e-01 -1.151551e-03 -2.443651e-01 5.287947e-03 1.152767e-03 9.999854e-01 -8.452751e+01
9.999976e-01 -2.732189e-04 2.168740e-03 4.432186e+01 2.696085e-04 9.999986e-01 1.665033e-03 -2.434050e-01 -2.169192e-03 -1.664444e-03 9.999963e-01 -8.538503e+01
9.999866e-01 2.071639e-04 -5.181620e-03 4.470056e+01 -2.141726e-04 9.999991e-01 -1.352040e-03 -2.400429e-01 5.181335e-03 1.353131e-03 9.999857e-01 -8.610143e+01
9.999979e-01 -2.401814e-04 2.035478e-03 4.478677e+01 2.364642e-04 9.999983e-01 1.826464e-03 -2.412583e-01 -2.035913e-03 -1.825978e-03 9.999963e-01 -8.679804e+01
