9.999842e-01 -2.058121e-04 -5.615078e-03 1.096484e+00 2.074629e-04 9.999999e-01 2.934240e-04 2.219906e-02 5.615017e-03 -2.945850e-04 9.999842e-01 -4.012658e-01
9.999966e-01 -6.464225e-04 2.531197e-03 3.383199e+00 6.479049e-04 9.999996e-01 -5.849002e-04 5.074713e-02 -2.530818e-03 5.865389e-04 9.999966e-01 -1.724442e+00
9.999774e-01 2.125821e-04 -6.723958e-03 4.428325e+00 -2.090612e-04 9.999998e-01 5.243354e-04 4.914711e-02 6.724068e-03 -5.229186e-04 9.999773e-01 -1.720931e+00
9.999983e-01 -1.691519e-04 1.844013e-03 4.629005e+00 1.694624e-04 1.000000e+00 -1.682264e-04 4.337098e-02 -1.843984e-03 1.685393e-04 9.999983e-01 -1.327212e+00
9.999816e-01 1.590630e-04 -6.060786e-03 4.895532e+00 -1.555552e-04 9.999998e-01 5.792255e-04 3.350503e-02 6.060877e-03 -5.782728e-04 9.999815e-01 -1.267536e+00
9.999973e-01 -1.793473e-04 2.306072e-03 5.223161e+00 1.799586e-04 9.999999e-01 -2.648326e-04 2.153859e-02 -2.306024e-03 2.652476e-04 9.999973e-01 -1.333101e+00
9.999825e-01 1.117912e-04 -5.914909e-03 5.596712e+00 -1.087142e-04 9.999999e-01 5.205479e-04 8.433070e-03 5.914966e-03 -5.198965e-04 9.999824e-01 -1.374916e+00
9.999997e-01 -8.947227e-05 8.293771e-04 5.864130e+00 8.959557e-05 1.000000e+00 -1.485884e-04 -2.306389e-03 -8.293635e-04 1.486634e-04 9.999996e-01 -9.290928e-01
9.999825e-01 9.334300e-05 -5.912964e-03 6.170039e+00 -9.098125e-05 9.999999e-01 3.996934e-04 -1.735074e-02 5.913000e-03 -3.991492e-04 9.999824e-01 -1.619275e-01
1.000000e+00 9.055166e-05 -7.071398e-05 5.793810e+00 -9.054036e-05 1.000000e+00 1.592290e-04 -3.411616e-03 7.072874e-05 -1.592219e-04 1.000000e+00 7.557765e-01
9.999759e-01 2.119825e-04 -6.933376e-03 5.123765e+00 -2.078441e-04 9.999998e-01 5.975932e-04 2.585716e-02 6.933501e-03 -5.961385e-04 9.999758e-01 1.756009e+00
9.999995e-01 -1.351014e-04 1.006270e-03 5.641876e+00 1.353882e-04 1.000000e+00 -2.848740e-04 1.723892e-02 -1.006231e-03 2.850108e-04 9.999995e-01 2.249391e+00
9.999837e-01 -2.160941e-04 -5.701531e-03 6.813045e+00 2.187468e-04 9.999999e-01 4.646377e-04 8.388135e-03 5.701429e-03 -4.658780e-04 9.999836e-01 2.024106e+00
9.999992e-01 -7.082766e-05 1.229524e-03 7.678518e+00 7.123327e-05 9.999999e-01 -3.298103e-04 1.703676e-02 -1.229500e-03 3.298983e-04 9.999992e-01 1.553884e+00
9.999817e-01 -1.130828e-04 -6.052988e-03 8.141566e+00 1.174888e-04 9.999997e-01 7.275623e-04 1.036440e-02 6.052903e-03 -7.282608e-04 9.999814e-01 1.618779e+00
9.999999e-01 3.823181e-05 3.399580e-04 8.823822e+00 -3.806074e-05 9.999999e-01 -5.030558e-04 -6.897555e-03 -3.399768e-04 5.030435e-04 9.999998e-01 2.351503e+00
9.999865e-01 -2.030311e-04 -5.183939e-03 9.508289e+00 2.060214e-04 9.999998e-01 5.763205e-04 -2.523773e-02 5.183821e-03 -5.773814e-04 9.999864e-01 2.815311e+00
9.999999e-01 2.710094e-04 4.703256e-04 9.649095e+00 -2.708548e-04 9.999999e-01 -3.285606e-04 -3.336825e-02 -4.704142e-04 3.284338e-04 9.999998e-01 3.159904e+00
9.999919e-01 -4.375478e-04 -4.003410e-03 1.065407e+01 4.393053e-04 9.999998e-01 4.381603e-04 -4.055089e-02 4.003218e-03 -4.399162e-04 9.999919e-01 2.823597e+00
9.999995e-01 3.862319e-04 -8.983547e-04 1.090497e+01 -3.863507e-04 9.999999e-01 -1.321356e-04 -4.370148e-02 8.983039e-04 1.324834e-04 9.999996e-01 3.118640e+00
9.999889e-01 -3.167387e-04 -4.708772e-03 1.084219e+01 3.190641e-04 9.999998e-01 4.931221e-04 -4.195235e-02 4.708614e-03 -4.946197e-04 9.999888e-01 4.106674e+00
9.999998e-01 1.652248e-04 -6.238674e-04 1.117958e+01 -1.654369e-04 9.999999e-01 -3.400027e-04 -6.200301e-02 6.238115e-04 3.401065e-04 9.999997e-01 5.449583e+00
9.999853e-01 -3.950302e-04 -5.404707e-03 1.207329e+01 3.973655e-04 9.999998e-01 4.310352e-04 -8.692191e-02 5.404535e-03 -4.331773e-04 9.999853e-01 6.745660e+00
1.000000e+00 -2.103152e-04 -1.980427e-04 1.318782e+01 2.102284e-04 9.999999e-01 -4.385675e-04 -1.081585e-01 1.981353e-04 4.385266e-04 9.999999e-01 7.696772e+00
9.999867e-01 1.641880e-04 -5.150449e-03 1.326303e+01 -1.609733e-04 9.999998e-01 6.245682e-04 -1.217530e-01 5.150550e-03 -6.237315e-04 9.999865e-01 9.161933e+00
9.999998e-01 -5.042818e-04 -3.309422e-04 1.423121e+01 5.040824e-04 9.999997e-01 -6.024847e-04 -1.594554e-01 3.312463e-04 6.023184e-04 9.999998e-01 1.041686e+01
9.999887e-01 5.049885e-05 -4.758378e-03 1.524417e+01 -4.786628e-05 9.999998e-01 5.533757e-04 -1.967962e-01 4.758405e-03 -5.531424e-04 9.999885e-01 1.154010e+01
1.000000e+00 -2.985281e-04 7.347726e-06 1.611395e+01 2.985332e-04 9.999997e-01 -6.905681e-04 -2.386734e-01 -7.141230e-06 6.905710e-04 9.999998e-01 1.266068e+01
9.999873e-01 -8.982717e-05 -5.031299e-03 1.734963e+01 9.286297e-05 9.999998e-01 6.031681e-04 -2.841145e-01 5.031244e-03 -6.036284e-04 9.999872e-01 1.365891e+01
1.000000e+00 -9.014659e-05 -2.809538e-05 1.769202e+01 9.013311e-05 9.999999e-01 -4.820977e-04 -2.971597e-01 2.813917e-05 4.820959e-04 9.999999e-01 1.466376e+01
9.999882e-01 1.116721e-04 -4.857105e-03 1.790299e+01 -1.077360e-04 9.999997e-01 8.106587e-04 -3.048158e-01 4.857194e-03 -8.101266e-04 9.999879e-01 1.516830e+01
9.999999e-01 -2.397556e-04 4.257177e-04 1.828567e+01 2.400249e-04 9.999998e-01 -6.324735e-04 -3.212887e-01 -4.255656e-04 6.325763e-04 9.999997e-01 1.577710e+01
9.999849e-01 2.648536e-04 -5.488937e-03 1.836777e+01 -2.599033e-04 9.999996e-01 9.025760e-04 -3.268967e-01 5.489173e-03 -9.011365e-04 9.999845e-01 1.660856e+01
1.000000e+00 -1.088882e-04 -2.541341e-04 1.794728e+01 1.088197e-04 1.000000e+00 -2.695669e-04 -3.142522e-01 2.541638e-04 2.695400e-04 9.999999e-01 1.723203e+01
9.999850e-01 2.713339e-04 -5.476572e-03 1.760232e+01 -2.663471e-04 9.999995e-01 9.112897e-04 -3.052539e-01 5.476817e-03 -9.098181e-04 9.999846e-01 1.759425e+01
9.999998e-01 -1.699463e-04 6.316891e-04 1.739216e+01 1.700841e-04 1.000000e+00 -2.178655e-04 -3.003647e-01 -6.316517e-04 2.179736e-04 9.999998e-01 1.741648e+01
9.999809e-01 3.036389e-04 -6.180280e-03 1.711393e+01 -2.983026e-04 9.999996e-01 8.643425e-04 -2.925087e-01 6.180540e-03 -8.624830e-04 9.999805e-01 1.773724e+01
9.999998e-01 -1.005526e-04 5.432686e-04 1.688128e+01 1.007186e-04 9.999999e-01 -3.052866e-04 -2.831085e-01 -5.432375e-04 3.053420e-04 9.999998e-01 1.809062e+01
9.999776e-01 3.195895e-04 -6.692057e-03 1.639494e+01 -3.119821e-04 9.999993e-01 1.137811e-03 -2.667832e-01 6.692416e-03 -1.135699e-03 9.999770e-01 1.815762e+01
9.999995e-01 -1.452810e-04 1.010986e-03 1.594961e+01 1.455731e-04 9.999999e-01 -2.887762e-04 -2.545576e-01 -1.010943e-03 2.889239e-04 9.999994e-01 1.801925e+01
9.999789e-01 3.068130e-04 -6.482898e-03 1.554417e+01 -2.998176e-04 9.999994e-01 1.080013e-03 -2.461941e-01 6.483225e-03 -1.078047e-03 9.999784e-01 1.796491e+01
9.999985e-01 -1.683226e-04 1.711438e-03 1.547647e+01 1.690191e-04 9.999999e-01 -4.067300e-04 -2.429462e-01 -1.711369e-03 4.070194e-04 9.999985e-01 1.766229e+01
9.999828e-01 1.860415e-04 -5.853777e-03 1.563204e+01 -1.813281e-04 9.999997e-01 8.057239e-04 -2.525171e-01 5.853925e-03 -8.046494e-04 9.999825e-01 1.768653e+01
9.999979e-01 -1.483176e-04 2.040405e-03 1.583476e+01 1.490442e-04 9.999999e-01 -3.558851e-04 -2.579988e-01 -2.040351e-03 3.561892e-04 9.999979e-01 1.735217e+01
9.999832e-01 1.193641e-04 -5.802937e-03 1.635257e+01 -1.152541e-04 9.999997e-01 7.086053e-04 -2.628219e-01 5.803020e-03 -7.079253e-04 9.999829e-01 1.704405e+01
9.999979e-01 -1.515830e-04 2.025761e-03 1.684958e+01 1.521941e-04 9.999999e-01 -3.014533e-04 -2.646355e-01 -2.025715e-03 3.017617e-04 9.999979e-01 1.660464e+01
9.999785e-01 1.983700e-04 -6.558591e-03 1.687873e+01 -1.929215e-04 9.999996e-01 8.313910e-04 -2.657000e-01 6.558753e-03 -8.301085e-04 9.999781e-01 1.651536e+01
9.999990e-01 -6.797262e-05 1.434947e-03 1.668002e+01 6.829233e-05 1.000000e+00 -2.226783e-04 -2.609600e-01 -1.434932e-03 2.227768e-04 9.999989e-01 1.657336e+01
9.999849e-01 9.900057e-05 -5.491147e-03 1.673455e+01 -9.536989e-05 9.999998e-01 6.614655e-04 -2.703058e-01 5.491211e-03 -6.609326e-04 9.999847e-01 1.656795e+01
9.999990e-01 -6.635980e-05 1.431919e-03 1.724438e+01 6.670571e-05 1.000000e+00 -2.414489e-04 -2.868588e-01 -1.431902e-03 2.415449e-04 9.999989e-01 1.659963e+01
9.999863e-01 -3.723340e-05 -5.238686e-03 1.789231e+01 3.977584e-05 9.999999e-01 4.852379e-04 -2.963079e-01 5.238667e-03 -4.854404e-04 9.999862e-01 1.642253e+01
9.999991e-01 3.202931e-05 1.313695e-03 1.803757e+01 -3.187934e-05 1.000000e+00 -1.140935e-04 -3.029699e-01 -1.313698e-03 1.140523e-04 9.999991e-01 1.623530e+01
9.999824e-01 2.293255e-05 -5.940264e-03 1.783806e+01 -1.885105e-05 9.999998e-01 6.871643e-04 -3.070619e-01 5.940278e-03 -6.870409e-04 9.999821e-01 1.631978e+01
9.999979e-01 5.458034e-05 2.043195e-03 1.802315e+01 -5.421873e-05 1.000000e+00 -1.769846e-04 -3.131259e-01 -2.043204e-03 1.768742e-04 9.999979e-01 1.594778e+01
9.999850e-01 -1.244864e-04 -5.468362e-03 1.864824e+01 1.267518e-04 9.999999e-01 4.139444e-04 -3.237315e-01 5.468310e-03 -4.146320e-04 9.999850e-01 1.576119e+01
9.999972e-01 1.647144e-04 2.352595e-03 1.902267e+01 -1.644976e-04 1.000000e+00 -9.227776e-05 -3.293668e-01 -2.352610e-03 9.189121e-05 9.999972e-01 1.531957e+01
9.999837e-01 -2.769835e-04 -5.711545e-03 1.972399e+01 2.783555e-04 9.999999e-01 2.394529e-04 -3.487160e-01 5.711478e-03 -2.410395e-04 9.999837e-01 1.533041e+01
9.999975e-01 2.584178e-04 2.208307e-03 2.004945e+01 -2.582313e-04 1.000000e+00 -8.468707e-05 -3.666776e-01 -2.208329e-03 8.411731e-05 9.999976e-01 1.551806e+01
9.999820e-01 -1.648358e-04 -5.999789e-03 2.042423e+01 1.668844e-04 9.999999e-01 3.409543e-04 -3.766262e-01 5.999732e-03 -3.419501e-04 9.999819e-01 1.541459e+01
9.999958e-01 4.712841e-05 2.896030e-03 2.155482e+01 -4.665162e-05 1.000000e+00 -1.646600e-04 -3.837406e-01 -2.896038e-03 1.645249e-04 9.999958e-01 1.505145e+01
9.999721e-01 -6.848462e-06 -7.475264e-03 2.163867e+01 1.053533e-05 9.999999e-01 4.931857e-04 -3.880190e-01 7.475259e-03 -4.932514e-04 9.999719e-01 1.522064e+01
9.999952e-01 4.713861e-05 3.082907e-03 2.149283e+01 -4.744983e-05 1.000000e+00 1.009200e-04 -3.871774e-01 -3.082902e-03 -1.010651e-04 9.999952e-01 1.482160e+01
9.999776e-01 -4.305132e-05 -6.690598e-03 2.144956e+01 4.579746e-05 9.999999e-01 4.103130e-04 -3.918025e-01 6.690580e-03 -4.106110e-04 9.999775e-01 1.419383e+01
9.999935e-01 1.259124e-04 3.613624e-03 2.164420e+01 -1.257460e-04 1.000000e+00 -4.622625e-05 -3.975073e-01 -3.613630e-03 4.577225e-05 9.999935e-01 1.373223e+01
9.999795e-01 -1.371208e-04 -6.400710e-03 2.186896e+01 1.393400e-04 9.999999e-01 3.462733e-04 -3.999863e-01 6.400662e-03 -3.471588e-04 9.999795e-01 1.313121e+01
9.999974e-01 1.824029e-04 2.282218e-03 2.181976e+01 -1.827642e-04 1.000000e+00 1.581599e-04 -4.069044e-01 -2.282188e-03 -1.585759e-04 9.999974e-01 1.308521e+01
9.999841e-01 -1.280699e-04 -5.632479e-03 2.199982e+01 1.293858e-04 1.000000e+00 2.332942e-04 -4.141474e-01 5.632449e-03 -2.340200e-04 9.999841e-01 1.275836e+01
9.999977e-01 1.537071e-04 2.149281e-03 2.246014e+01 -1.537516e-04 1.000000e+00 2.063174e-05 -4.244286e-01 -2.149277e-03 -2.096144e-05 9.999977e-01 1.261091e+01
9.999802e-01 -1.068303e-04 -6.294641e-03 2.251831e+01 1.092344e-04 9.999999e-01 3.815957e-04 -4.316910e-01 6.294599e-03 -3.822765e-04 9.999801e-01 1.266445e+01
9.999995e-01 2.144233e-04 9.867523e-04 2.211623e+01 -2.148652e-04 9.999999e-01 4.478120e-04 -4.236342e-01 -9.866558e-04 -4.480230e-04 9.999994e-01 1.250815e+01
9.999839e-01 -1.372868e-04 -5.668924e-03 2.185926e+01 1.385539e-04 1.000000e+00 2.231558e-04 -4.231097e-01 5.668893e-03 -2.239383e-04 9.999839e-01 1.243060e+01
9.999996e-01 2.074828e-04 8.969020e-04 2.166466e+01 -2.077467e-04 9.999999e-01 2.943323e-04 -4.271878e-01 -8.968405e-04 -2.945178e-04 9.999996e-01 1.271853e+01
9.999880e-01 -1.904049e-04 -4.902222e-03 2.169869e+01 1.909806e-04 1.000000e+00 1.169854e-04 -4.412501e-01 4.902199e-03 -1.179210e-04 9.999880e-01 1.297491e+01
9.999999e-01 2.147058e-04 4.476794e-04 2.155073e+01 -2.149015e-04 9.999999e-01 4.373498e-04 -4.480516e-01 -4.475852e-04 -4.374453e-04 9.999998e-01 1.309769e+01
9.999875e-01 -1.719166e-04 -4.989604e-03 2.141201e+01 1.722321e-04 1.000000e+00 6.282549e-05 -4.566612e-01 4.989593e-03 -6.368478e-05 9.999875e-01 1.338176e+01
1.000000e+00 2.873413e-04 5.815188e-05 2.126949e+01 -2.873623e-04 9.999999e-01 3.638830e-04 -4.592342e-01 -5.804699e-05 -3.638990e-04 9.999999e-01 1.405342e+01
9.999865e-01 -1.101457e-04 -5.192803e-03 2.129500e+01 1.103981e-04 1.000000e+00 4.835680e-05 -4.648971e-01 5.192797e-03 -4.893012e-05 9.999865e-01 1.472837e+01
9.999999e-01 2.023972e-04 3.449003e-04 2.140970e+01 -2.024929e-04 9.999999e-01 2.778378e-04 -4.763548e-01 -3.448437e-04 -2.779069e-04 9.999999e-01 1.537545e+01
9.999884e-01 -1.035453e-04 -4.823809e-03 2.144476e+01 1.040566e-04 1.000000e+00 1.057658e-04 -4.874498e-01 4.823798e-03 -1.062672e-04 9.999884e-01 1.582670e+01
9.999997e-01 1.100537e-04 8.237666e-04 2.140660e+01 -1.103397e-04 9.999999e-01 3.473346e-04 -4.944834e-01 -8.237280e-04 -3.474247e-04 9.999996e-01 1.576603e+01
9.999865e-01 -1.126077e-04 -5.193091e-03 2.139713e+01 1.126944e-04 1.000000e+00 1.641967e-05 -5.030011e-01 5.193089e-03 -1.700538e-05 9.999865e-01 1.635295e+01
9.999998e-01 2.340016e-04 5.703212e-04 2.127360e+01 -2.341707e-04 9.999999e-01 2.967001e-04 -5.062423e-01 -5.702514e-04 -2.968329e-04 9.999998e-01 1.699496e+01
9.999885e-01 -1.476827e-04 -4.798627e-03 2.127505e+01 1.487329e-04 1.000000e+00 2.185291e-04 -5.117406e-01 4.798594e-03 -2.192410e-04 9.999885e-01 1.691439e+01
9.999996e-01 1.711255e-04 8.846477e-04 2.141234e+01 -1.713122e-04 1.000000e+00 2.110887e-04 -5.155896e-01 -8.846112e-04 -2.112395e-04 9.999996e-01 1.661663e+01
9.999883e-01 -2.304993e-04 -4.829866e-03 2.153285e+01 2.311499e-04 1.000000e+00 1.341842e-04 -5.276946e-01 4.829834e-03 -1.352997e-04 9.999883e-01 1.694670e+01
1.000000e+00 9.218552e-06 1.030015e-04 2.237147e+01 -9.204739e-06 1.000000e+00 -1.325805e-04 -5.639834e-01 -1.030024e-04 1.325802e-04 1.000000e+00 1.785501e+01
9.999859e-01 -3.410427e-04 -5.290921e-03 2.273345e+01 3.428912e-04 9.999999e-01 3.484924e-04 -5.845909e-01 5.290801e-03 -3.503024e-04 9.999859e-01 1.935938e+01
9.999999e-01 4.086228e-04 -1.338831e-04 2.261719e+01 -4.086462e-04 9.999999e-01 -1.759131e-04 -5.972445e-01 1.338115e-04 1.759685e-04 1.000000e+00 2.132089e+01
9.999833e-01 -2.422753e-04 -5.781769e-03 2.234767e+01 2.453270e-04 9.999998e-01 5.271283e-04 -5.952371e-01 5.781640e-03 -5.285386e-04 9.999831e-01 2.296400e+01
1.000000e+00 2.408035e-04 -1.483504e-04 2.290013e+01 -2.408647e-04 9.999999e-01 -4.140153e-04 -6.211588e-01 1.482510e-04 4.140517e-04 9.999999e-01 2.456709e+01
9.999867e-01 -1.144216e-03 -5.020502e-03 2.445578e+01 1.145791e-03 9.999993e-01 3.107842e-04 -6.485583e-01 5.020143e-03 -3.165332e-04 9.999873e-01 2.526813e+01
9.999991e-01 1.134154e-03 -7.345966e-04 2.510977e+01 -1.134314e-03 9.999993e-01 -2.181285e-04 -6.790524e-01 7.343491e-04 2.189622e-04 9.999997e-01 2.672439e+01
9.999870e-01 -8.537038e-04 -5.021198e-03 2.496068e+01 8.563337e-04 9.999995e-01 5.216742e-04 -6.828961e-01 5.020750e-03 -5.259680e-04 9.999873e-01 2.822212e+01
9.999995e-01 9.132588e-04 3.750580e-04 2.529723e+01 -9.131227e-04 9.999995e-01 -3.622595e-04 -7.067524e-01 -3.753883e-04 3.619175e-04 9.999999e-01 2.913178e+01
9.999885e-01 -9.679482e-04 -4.687243e-03 2.602448e+01 9.705544e-04 9.999994e-01 5.538013e-04 -7.251073e-01 4.686704e-03 -5.583449e-04 9.999889e-01 2.918442e+01
9.999991e-01 9.140037e-04 9.789832e-04 2.658092e+01 -9.137277e-04 9.999995e-01 -2.821478e-04 -7.296049e-01 -9.792403e-04 2.812537e-04 9.999995e-01 2.885421e+01
9.999909e-01 -9.868685e-04 -4.146482e-03 2.720215e+01 9.890742e-04 9.999994e-01 5.299669e-04 -7.308216e-01 4.145956e-03 -5.340640e-04 9.999913e-01 2.834309e+01
9.999997e-01 7.885378e-04 5.939735e-05 2.815143e+01 -7.885177e-04 9.999996e-01 -3.348486e-04 -7.439633e-01 -5.966106e-05 3.348024e-04 9.999999e-01 2.820658e+01
9.999904e-01 -7.880764e-04 -4.303069e-03 2.850397e+01 7.914770e-04 9.999994e-01 7.886707e-04 -7.454458e-01 4.302444e-03 -7.920697e-04 9.999904e-01 2.779683e+01
9.999995e-01 7.749150e-04 6.176726e-04 2.889232e+01 -7.746590e-04 9.999996e-01 -4.142150e-04 -7.496503e-01 -6.179930e-04 4.137370e-04 9.999997e-01 2.737056e+01
9.999910e-01 -8.602687e-04 -4.148465e-03 2.965528e+01 8.628741e-04 9.999994e-01 6.263260e-04 -7.554090e-01 4.147923e-03 -6.299007e-04 9.999912e-01 2.706040e+01
9.999995e-01 8.306744e-04 5.885715e-04 3.029917e+01 -8.304669e-04 9.999996e-01 -3.525036e-04 -7.571978e-01 -5.888638e-04 3.520153e-04 9.999998e-01 2.667146e+01
9.999905e-01 -8.803566e-04 -4.272773e-03 3.097843e+01 8.829274e-04 9.999994e-01 5.998807e-04 -7.624664e-01 4.272242e-03 -6.036482e-04 9.999907e-01 2.637738e+01
9.999996e-01 7.824577e-04 5.040275e-04 3.164336e+01 -7.822638e-04 9.999996e-01 -3.843019e-04 -7.762396e-01 -5.043277e-04 3.839081e-04 9.999998e-01 2.629490e+01
9.999915e-01 -8.641920e-04 -4.032953e-03 3.230764e+01 8.664163e-04 9.999995e-01 5.498657e-04 -7.859773e-01 4.032476e-03 -5.533559e-04 9.999917e-01 2.608548e+01
9.999995e-01 8.350650e-04 5.151265e-04 3.259550e+01 -8.348580e-04 9.999996e-01 -4.016030e-04 -8.086297e-01 -5.154613e-04 4.011735e-04 9.999998e-01 2.639454e+01
9.999905e-01 -8.297659e-04 -4.277948e-03 3.300147e+01 8.322564e-04 9.999995e-01 5.804854e-04 -8.323736e-01 4.277464e-03 -5.840410e-04 9.999907e-01 2.665459e+01
9.999993e-01 7.337902e-04 9.323564e-04 3.369424e+01 -7.334185e-04 9.999997e-01 -3.986797e-04 -8.388287e-01 -9.326483e-04 3.979963e-04 9.999995e-01 2.634100e+01
9.999884e-01 -9.738446e-04 -4.722310e-03 3.479418e+01 9.763915e-04 9.999994e-01 5.370897e-04 -8.552502e-01 4.721784e-03 -5.416950e-04 9.999887e-01 2.618095e+01
9.999986e-01 9.173236e-04 1.432241e-03 3.549777e+01 -9.167635e-04 9.999995e-01 -3.915964e-04 -8.672487e-01 -1.432599e-03 3.902835e-04 9.999989e-01 2.596784e+01
9.999887e-01 -9.441107e-04 -4.653227e-03 3.565496e+01 9.477669e-04 9.999992e-01 7.836429e-04 -8.680952e-01 4.652484e-03 -7.880449e-04 9.999889e-01 2.529197e+01
9.999984e-01 8.754781e-04 1.545097e-03 3.589945e+01 -8.747541e-04 9.999995e-01 -4.691056e-04 -8.687749e-01 -1.545506e-03 4.677539e-04 9.999987e-01 2.468676e+01
9.999877e-01 -9.972229e-04 -4.860428e-03 3.669215e+01 1.000404e-03 9.999993e-01 6.521338e-04 -8.762421e-01 4.859774e-03 -6.569889e-04 9.999880e-01 2.437635e+01
9.999979e-01 9.135175e-04 1.850994e-03 3.746585e+01 -9.126353e-04 9.999995e-01 -4.772577e-04 -8.803574e-01 -1.851429e-03 4.755681e-04 9.999982e-01 2.396709e+01
9.999860e-01 -1.107284e-03 -5.173635e-03 3.862916e+01 1.110254e-03 9.999992e-01 5.711273e-04 -8.891694e-01 5.172998e-03 -5.768641e-04 9.999865e-01 2.359494e+01
9.999964e-01 1.040112e-03 2.481765e-03 3.906947e+01 -1.039666e-03 9.999994e-01 -1.809137e-04 -8.788076e-01 -2.481952e-03 1.783335e-04 9.999969e-01 2.252091e+01
9.999868e-01 -1.113660e-03 -5.016724e-03 3.933926e+01 1.116521e-03 9.999992e-01 5.675245e-04 -8.703935e-01 5.016087e-03 -5.731189e-04 9.999873e-01 2.137706e+01
9.999967e-01 9.898873e-04 2.361594e-03 3.976651e+01 -9.893181e-04 9.999995e-01 -2.420916e-04 -8.647722e-01 -2.361832e-03 2.397551e-04 9.999972e-01 2.053040e+01
9.999852e-01 -1.068102e-03 -5.331080e-03 4.053675e+01 1.070728e-03 9.999993e-01 4.898978e-04 -8.586868e-01 5.330553e-03 -4.955994e-04 9.999857e-01 1.981755e+01
9.999963e-01 9.437729e-04 2.557359e-03 4.134988e+01 -9.433639e-04 9.999995e-01 -1.610341e-04 -8.444123e-01 -2.557509e-03 1.586217e-04 9.999967e-01 1.880668e+01
9.999856e-01 -1.095185e-03 -5.255415e-03 4.234102e+01 1.097500e-03 9.999993e-01 4.375947e-04 -8.279642e-01 5.254932e-03 -4.433569e-04 9.999861e-01 1.780989e+01
9.999961e-01 9.460752e-04 2.618882e-03 4.318655e+01 -9.457044e-04 9.999995e-01 -1.427563e-04 -8.128839e-01 -2.619016e-03 1.402797e-04 9.999966e-01 1.675103e+01
9.999843e-01 -1.007339e-03 -5.514561e-03 4.365992e+01 1.010384e-03 9.999993e-01 5.494289e-04 -8.010270e-01 5.514003e-03 -5.549928e-04 9.999846e-01 1.559456e+01
9.999945e-01 9.106890e-04 3.182841e-03 4.420732e+01 -9.094993e-04 9.999995e-01 -3.751194e-04 -8.084049e-01 -3.183181e-03 3.722233e-04 9.999949e-01 1.517413e+01
9.999824e-01 -9.638916e-04 -5.858778e-03 4.465548e+01 9.672869e-04 9.999994e-01 5.767597e-04 -8.132110e-01 5.858218e-03 -5.824173e-04 9.999827e-01 1.461308e+01
9.999939e-01 8.523031e-04 3.373113e-03 4.472872e+01 -8.522272e-04 9.999996e-01 -2.387175e-05 -8.025919e-01 -3.373131e-03 2.099763e-05 9.999943e-01 1.314203e+01
9.999834e-01 -9.395070e-04 -5.691670e-03 4.508935e+01 9.415136e-04 9.999995e-01 3.499218e-04 -7.942483e-01 5.691338e-03 -3.552754e-04 9.999837e-01 1.210806e+01
9.999970e-01 6.378234e-04 2.369493e-03 4.658141e+01 -6.370124e-04 9.999997e-01 -3.429363e-04 -8.058338e-01 -2.369710e-03 3.414266e-04 9.999971e-01 1.170739e+01
9.999850e-01 -7.961317e-04 -5.416593e-03 4.782908e+01 7.983458e-04 9.999996e-01 4.066428e-04 -8.142186e-01 5.416267e-03 -4.109617e-04 9.999852e-01 1.126038e+01
9.999980e-01 4.859011e-04 1.964786e-03 4.947415e+01 -4.850659e-04 9.999998e-01 -4.254108e-04 -8.300610e-01 -1.964992e-03 4.244575e-04 9.999980e-01 1.092071e+01
9.999887e-01 -5.923102e-04 -4.710071e-03 5.069648e+01 5.944796e-04 9.999997e-01 4.592418e-04 -8.230056e-01 4.709797e-03 -4.620373e-04 9.999888e-01 1.012211e+01
9.999967e-01 5.063652e-04 2.501904e-03 5.094673e+01 -5.062387e-04 9.999999e-01 -5.109515e-05 -8.135731e-01 -2.501930e-03 4.982911e-05 9.999969e-01 8.920763e+00
9.999881e-01 -6.804010e-04 -4.822637e-03 5.208649e+01 6.813368e-04 9.999997e-01 1.924414e-04 -7.959274e-01 4.822505e-03 -1.957257e-04 9.999884e-01 7.950358e+00
9.999985e-01 3.656493e-04 1.713314e-03 5.373197e+01 -3.656317e-04 9.999999e-01 -1.040876e-05 -7.798728e-01 -1.713318e-03 9.782982e-06 9.999985e-01 6.997794e+00
9.999862e-01 -7.272987e-04 -5.202437e-03 5.548893e+01 7.280993e-04 9.999997e-01 1.520379e-04 -7.770254e-01 5.202325e-03 -1.558244e-04 9.999865e-01 6.257462e+00
9.999975e-01 4.364495e-04 2.187478e-03 5.704180e+01 -4.363139e-04 9.999999e-01 -6.237961e-05 -7.723920e-01 -2.187505e-03 6.142571e-05 9.999976e-01 5.491971e+00
9.999886e-01 -5.554653e-04 -4.742862e-03 5.788928e+01 5.571631e-04 9.999998e-01 3.567109e-04 -7.569299e-01 4.742662e-03 -3.593500e-04 9.999887e-01 4.415016e+00
9.999975e-01 4.642409e-04 2.198928e-03 5.801371e+01 -4.646358e-04 9.999999e-01 1.791912e-04 -7.475415e-01 -2.198844e-03 -1.802117e-04 9.999976e-01 3.081999e+00
9.999901e-01 -5.333292e-04 -4.409969e-03 5.829690e+01 5.342519e-04 9.999998e-01 2.081039e-04 -7.368170e-01 4.409857e-03 -2.104585e-04 9.999903e-01 1.810242e+00
9.999988e-01 1.339133e-04 1.519810e-03 6.072521e+01 -1.336605e-04 1.000000e+00 -1.663140e-04 -7.123306e-01 -1.519832e-03 1.661113e-04 9.999988e-01 5.475788e-01
9.999886e-01 -2.747812e-04 -4.769933e-03 6.169244e+01 2.769303e-04 9.999999e-01 4.499454e-04 -7.024397e-01 4.769808e-03 -4.512619e-04 9.999885e-01 -2.252755e-01
9.999982e-01 1.920846e-04 1.866534e-03 6.193785e+01 -1.918924e-04 1.000000e+00 -1.030498e-04 -7.010025e-01 -1.866554e-03 1.026921e-04 9.999983e-01 -9.779239e-01
9.999812e-01 -1.954410e-04 -6.124426e-03 6.176517e+01 1.990632e-04 9.999998e-01 5.908643e-04 -6.987908e-01 6.124309e-03 -5.920731e-04 9.999811e-01 -1.010271e+00
9.999989e-01 3.324444e-04 1.416892e-03 6.179916e+01 -3.323665e-04 9.999999e-01 -5.505506e-05 -7.002708e-01 -1.416910e-03 5.458475e-05 9.999990e-01 -1.040948e+00
9.999897e-01 -4.568513e-04 -4.515238e-03 6.270019e+01 4.577582e-04 9.999999e-01 1.998668e-04 -6.958627e-01 4.515146e-03 -2.019323e-04 9.999898e-01 -1.624361e+00
9.999983e-01 3.238641e-04 1.810481e-03 6.338629e+01 -3.239616e-04 9.999999e-01 5.369774e-05 -6.855673e-01 -1.810464e-03 -5.428350e-05 9.999984e-01 -2.544551e+00
9.999916e-01 -4.433617e-04 -4.076870e-03 6.455170e+01 4.432314e-04 9.999999e-01 -3.281344e-05 -6.795925e-01 4.076884e-03 3.100550e-05 9.999917e-01 -3.328504e+00
9.999984e-01 3.217813e-04 1.759201e-03 6.524290e+01 -3.222825e-04 9.999999e-01 2.847551e-04 -6.649809e-01 -1.759109e-03 -2.853209e-04 9.999984e-01 -4.503148e+00
9.999916e-01 -4.239559e-04 -4.085336e-03 6.536795e+01 4.248361e-04 9.999999e-01 2.146435e-04 -6.542365e-01 4.085244e-03 -2.163779e-04 9.999916e-01 -5.939674e+00
9.999987e-01 3.115246e-04 1.605602e-03 6.543620e+01 -3.120174e-04 9.999999e-01 3.068522e-04 -6.436803e-01 -1.605506e-03 -3.073521e-04 9.999987e-01 -7.428525e+00
9.999907e-01 -4.237282e-04 -4.292320e-03 6.546531e+01 4.248039e-04 9.999999e-01 2.497670e-04 -6.338972e-01 4.292213e-03 -2.515887e-04 9.999908e-01 -8.886552e+00
9.999989e-01 3.297102e-04 1.429371e-03 6.546348e+01 -3.301862e-04 9.999999e-01 3.329668e-04 -6.245581e-01 -1.429261e-03 -3.334377e-04 9.999989e-01 -1.033030e+01
9.999928e-01 -4.496403e-04 -3.776408e-03 6.552738e+01 4.504172e-04 9.999999e-01 2.049203e-04 -6.127994e-01 3.776315e-03 -2.066204e-04 9.999928e-01 -1.190487e+01
9.999985e-01 2.778548e-04 1.704104e-03 6.598626e+01 -2.779584e-04 1.000000e+00 6.071841e-05 -6.009570e-01 -1.704086e-03 -6.119132e-05 9.999985e-01 -1.307910e+01
9.999924e-01 -3.991661e-04 -3.882907e-03 6.611771e+01 4.008086e-04 9.999998e-01 4.222868e-04 -5.883695e-01 3.882738e-03 -4.238406e-04 9.999924e-01 -1.464269e+01
9.999990e-01 2.740400e-04 1.376131e-03 6.614415e+01 -2.742925e-04 9.999999e-01 1.834476e-04 -5.764856e-01 -1.376080e-03 -1.838242e-04 9.999990e-01 -1.625980e+01
9.999906e-01 -4.069913e-04 -4.306086e-03 6.614561e+01 4.086200e-04 9.999998e-01 3.773999e-04 -5.694019e-01 4.305932e-03 -3.791566e-04 9.999907e-01 -1.757149e+01
9.999992e-01 3.476581e-04 1.251534e-03 6.619496e+01 -3.478186e-04 9.999999e-01 1.282236e-04 -5.665234e-01 -1.251489e-03 -1.286581e-04 9.999992e-01 -1.855796e+01
9.999899e-01 -4.360546e-04 -4.481520e-03 6.619102e+01 4.378930e-04 9.999998e-01 4.093011e-04 -5.627538e-01 4.481340e-03 -4.112600e-04 9.999899e-01 -1.965967e+01
9.999990e-01 3.836505e-04 1.350130e-03 6.612475e+01 -3.839498e-04 9.999999e-01 2.216007e-04 -5.565723e-01 -1.350045e-03 -2.221182e-04 9.999991e-01 -2.098594e+01
9.999917e-01 -5.461767e-04 -4.025724e-03 6.609233e+01 5.480405e-04 9.999997e-01 4.619569e-04 -5.409349e-01 4.025470e-03 -4.641600e-04 9.999918e-01 -2.287992e+01
9.999981e-01 4.133200e-04 1.895306e-03 6.613597e+01 -4.137075e-04 9.999999e-01 2.042359e-04 -5.225869e-01 -1.895221e-03 -2.050189e-04 9.999982e-01 -2.488447e+01
9.999915e-01 -5.289200e-04 -4.092344e-03 6.623016e+01 5.302948e-04 9.999998e-01 3.349293e-04 -5.098924e-01 4.092166e-03 -3.370973e-04 9.999916e-01 -2.644891e+01
9.999984e-01 4.418507e-04 1.753862e-03 6.659016e+01 -4.419213e-04 9.999999e-01 3.997888e-05 -4.979905e-01 -1.753844e-03 -4.075321e-05 9.999985e-01 -2.771334e+01
9.999922e-01 -5.726619e-04 -3.895693e-03 6.688664e+01 5.736244e-04 9.999998e-01 2.460217e-04 -4.891760e-01 3.895551e-03 -2.482552e-04 9.999924e-01 -2.884953e+01
9.999998e-01 5.244222e-04 -3.030142e-04 6.679303e+01 -5.243660e-04 9.999998e-01 1.846301e-04 -4.983924e-01 3.031112e-04 -1.844705e-04 9.999999e-01 -2.866545e+01
9.999937e-01 -5.502859e-04 -3.496484e-03 6.679373e+01 5.506886e-04 9.999998e-01 1.142750e-04 -5.132452e-01 3.496420e-03 -1.162004e-04 9.999939e-01 -2.826516e+01
9.999996e-01 5.353262e-04 -6.876447e-04 6.649641e+01 -5.348293e-04 9.999996e-01 7.222339e-04 -5.046261e-01 6.880314e-04 -7.218652e-04 9.999995e-01 -2.943335e+01
9.999955e-01 -6.111673e-04 -2.952014e-03 6.629546e+01 6.112233e-04 9.999998e-01 1.815467e-05 -4.963404e-01 2.952002e-03 -1.995959e-05 9.999956e-01 -3.091849e+01
9.999999e-01 5.424048e-04 -5.457452e-05 6.631072e+01 -5.423779e-04 9.999997e-01 4.871022e-04 -4.921336e-01 5.483900e-05 -4.870719e-04 9.999999e-01 -3.198845e+01
9.999950e-01 -5.927105e-04 -3.117448e-03 6.632800e+01 5.930897e-04 9.999998e-01 1.208089e-04 -4.863840e-01 3.117376e-03 -1.226579e-04 9.999951e-01 -3.304464e+01
9.999998e-01 5.765716e-04 -7.948344e-05 6.666120e+01 -5.765535e-04 9.999998e-01 2.239066e-04 -4.879015e-01 7.961280e-05 -2.238601e-04 1.000000e+00 -3.340650e+01
9.999955e-01 -6.193303e-04 -2.947465e-03 6.744931e+01 6.193167e-04 9.999998e-01 -5.440464e-06 -4.858482e-01 2.947467e-03 3.614359e-06 9.999957e-01 -3.396058e+01
9.999997e-01 4.751483e-04 5.609884e-04 6.769869e+01 -4.754057e-04 9.999998e-01 4.592016e-04 -4.747391e-01 -5.607698e-04 -4.594675e-04 9.999997e-01 -3.527119e+01
9.999932e-01 -5.296749e-04 -3.643472e-03 6.792628e+01 5.299121e-04 9.999999e-01 6.421817e-05 -4.666050e-01 3.643437e-03 -6.614912e-05 9.999934e-01 -3.628342e+01
9.999996e-01 4.678732e-04 7.579586e-04 6.836591e+01 -4.681412e-04 9.999998e-01 3.537781e-04 -4.576436e-01 -7.577927e-04 -3.541321e-04 9.999997e-01 -3.726063e+01
9.999939e-01 -5.476868e-04 -3.455222e-03 6.896171e+01 5.474845e-04 9.999998e-01 -5.943431e-05 -4.490116e-01 3.455254e-03 5.754160e-05 9.999940e-01 -3.817055e+01
9.999990e-01 4.463933e-04 1.312613e-03 6.933540e+01 -4.469175e-04 9.999998e-01 3.992670e-04 -4.386200e-01 -1.312434e-03 -3.998525e-04 9.999991e-01 -3.930577e+01
9.999905e-01 -4.810986e-04 -4.333103e-03 6.991350e+01 4.807360e-04 9.999999e-01 -8.466090e-05 -4.320960e-01 4.333142e-03 8.257635e-05 9.999906e-01 -4.014839e+01
9.999987e-01 4.198344e-04 1.543457e-03 7.006383e+01 -4.206206e-04 9.999998e-01 5.092829e-04 -4.301460e-01 -1.543242e-03 -5.099308e-04 9.999987e-01 -4.097763e+01
9.999861e-01 -4.428127e-04 -5.245179e-03 7.030547e+01 4.419838e-04 9.999999e-01 -1.591387e-04 -4.371228e-01 5.245248e-03 1.568176e-04 9.999862e-01 -4.125682e+01
9.999990e-01 4.200187e-04 1.364036e-03 7.013061e+01 -4.212054e-04 9.999995e-01 8.699686e-04 -4.338180e-01 -1.363670e-03 -8.705415e-04 9.999987e-01 -4.235422e+01
9.999901e-01 -4.355318e-04 -4.418448e-03 7.018732e+01 4.339152e-04 9.999998e-01 -3.667682e-04 -4.333398e-01 4.418606e-03 3.648467e-04 9.999902e-01 -4.315285e+01
9.999999e-01 4.586211e-04 1.480946e-04 7.018817e+01 -4.587449e-04 9.999995e-01 8.387391e-04 -4.335771e-01 -1.477096e-04 -8.388063e-04 9.999996e-01 -4.346845e+01
9.999931e-01 -5.475492e-04 -3.682895e-03 7.045369e+01 5.456819e-04 9.999997e-01 -5.079305e-04 -4.360965e-01 3.683172e-03 5.059166e-04 9.999931e-01 -4.385308e+01
9.999997e-01 3.319439e-04 -6.488339e-04 7.100316e+01 -3.316844e-04 9.999999e-01 3.996670e-04 -4.997766e-01 6.489668e-04 -3.994510e-04 9.999997e-01 -4.127532e+01
9.999941e-01 -2.528470e-04 -3.426266e-03 7.159203e+01 2.506662e-04 9.999998e-01 -6.368449e-04 -5.824092e-01 3.426426e-03 6.359816e-04 9.999939e-01 -3.851337e+01
9.999998e-01 2.331940e-04 -6.344316e-04 7.167204e+01 -2.324040e-04 9.999992e-01 1.244464e-03 -5.852827e-01 6.347216e-04 -1.244316e-03 9.999990e-01 -3.910015e+01
9.999969e-01 -2.645516e-04 -2.495569e-03 7.171962e+01 2.628850e-04 9.999997e-01 -6.680399e-04 -5.803018e-01 2.495745e-03 6.673811e-04 9.999967e-01 -4.020962e+01
9.999999e-01 2.245869e-04 -2.560126e-04 7.205781e+01 -2.243549e-04 9.999996e-01 9.047941e-04 -5.809419e-01 2.562160e-04 -9.047359e-04 9.999996e-01 -4.080926e+01
9.999961e-01 -2.971680e-04 -2.775785e-03 7.211371e+01 2.961116e-04 9.999999e-01 -3.808523e-04 -5.765520e-01 2.775897e-03 3.800282e-04 9.999961e-01 -4.188313e+01
1.000000e+00 2.067516e-04 -3.563354e-05 7.224199e+01 -2.067190e-04 9.999996e-01 9.053491e-04 -5.698901e-01 3.582097e-05 -9.053410e-04 9.999996e-01 -4.301900e+01
9.999961e-01 -2.455477e-04 -2.779559e-03 7.273857e+01 2.442058e-04 9.999999e-01 -4.829892e-04 -5.594809e-01 2.779677e-03 4.823079e-04 9.999960e-01 -4.404277e+01
1.000000e+00 1.194674e-04 -1.256519e-04 7.356571e+01 -1.193897e-04 9.999998e-01 6.162202e-04 -5.649048e-01 1.257258e-04 -6.162045e-04 9.999998e-01 -4.442437e+01
9.999961e-01 -2.528215e-04 -2.780032e-03 7.416472e+01 2.520101e-04 9.999999e-01 -2.921124e-04 -5.559316e-01 2.780106e-03 2.914100e-04 9.999961e-01 -4.534352e+01
1.000000e+00 1.048969e-04 -2.368051e-04 7.516009e+01 -1.047890e-04 9.999999e-01 4.546016e-04 -5.633741e-01 2.368530e-04 -4.545761e-04 9.999999e-01 -4.570549e+01
9.999939e-01 -3.234475e-04 -3.480610e-03 7.628988e+01 3.221806e-04 9.999999e-01 -3.644560e-04 -5.789886e-01 3.480728e-03 3.633317e-04 9.999939e-01 -4.586096e+01
9.999999e-01 2.072864e-04 -4.962423e-04 7.679967e+01 -2.070541e-04 9.999999e-01 4.675640e-04 -6.247124e-01 4.963394e-04 -4.674606e-04 9.999998e-01 -4.480133e+01
9.999941e-01 -2.711581e-04 -3.411741e-03 7.730504e+01 2.695433e-04 9.999999e-01 -4.736916e-04 -6.788831e-01 3.411869e-03 4.727686e-04 9.999941e-01 -4.331855e+01
1.000000e+00 1.661704e-04 2.433418e-04 7.803710e+01 -1.662964e-04 9.999999e-01 5.190882e-04 -6.893516e-01 -2.432553e-04 -5.191280e-04 9.999998e-01 -4.352995e+01
9.999935e-01 -2.699815e-04 -3.608168e-03 7.795180e+01 2.707068e-04 9.999999e-01 2.006222e-04 -6.801296e-01 3.608113e-03 -2.015983e-04 9.999935e-01 -4.497675e+01
9.999993e-01 1.409929e-04 1.144693e-03 7.850271e+01 -1.411718e-04 1.000000e+00 1.564286e-04 -6.683830e-01 -1.144671e-03 -1.565894e-04 9.999993e-01 -4.605178e+01
9.999934e-01 -2.700775e-04 -3.622995e-03 7.924933e+01 2.702481e-04 1.000000e+00 4.669129e-05 -6.591403e-01 3.622982e-03 -4.767074e-05 9.999934e-01 -4.694734e+01
9.999998e-01 2.798339e-04 6.254657e-04 8.008507e+01 -2.799166e-04 1.000000e+00 1.326264e-04 -6.574629e-01 -6.254283e-04 -1.328007e-04 9.999998e-01 -4.752558e+01
9.999943e-01 -2.567854e-04 -3.354172e-03 8.097331e+01 2.569632e-04 1.000000e+00 5.266282e-05 -6.456231e-01 3.354158e-03 -5.352507e-05 9.999944e-01 -4.842870e+01
9.999993e-01 1.168350e-04 1.152219e-03 8.109604e+01 -1.173700e-04 9.999999e-01 4.644776e-04 -6.329760e-01 -1.152164e-03 -4.646118e-04 9.999992e-01 -4.997433e+01
9.999943e-01 -2.583679e-04 -3.364286e-03 8.161661e+01 2.578745e-04 1.000000e+00 -1.469863e-04 -6.195821e-01 3.364323e-03 1.461172e-04 9.999943e-01 -5.116698e+01
9.999998e-01 1.261373e-04 5.766388e-04 8.264742e+01 -1.263377e-04 9.999999e-01 3.479457e-04 -6.097935e-01 -5.765946e-04 -3.480178e-04 9.999998e-01 -5.194557e+01
9.999935e-01 -2.848123e-04 -3.599248e-03 8.390611e+01 2.839849e-04 9.999999e-01 -2.302891e-04 -6.082856e-01 3.599313e-03 2.292648e-04 9.999935e-01 -5.256186e+01
9.999997e-01 -2.176535e-04 -7.561973e-04 8.584922e+01 2.177939e-04 1.000000e+00 1.851339e-04 -6.333685e-01 7.561572e-04 -1.852979e-04 9.999997e-01 -5.258316e+01
9.999978e-01 -4.172018e-04 -2.040590e-03 8.736960e+01 4.162987e-04 9.999998e-01 -4.428173e-04 -6.446440e-01 2.040774e-03 4.419662e-04 9.999978e-01 -5.280356e+01
9.999980e-01 2.362378e-04 -1.971451e-03 8.764317e+01 -2.352186e-04 9.999998e-01 5.170965e-04 -6.866040e-01 1.971573e-03 -5.166311e-04 9.999979e-01 -5.120549e+01
9.999973e-01 -2.571304e-04 -2.294111e-03 8.781154e+01 2.560566e-04 9.999999e-01 -4.682138e-04 -7.315669e-01 2.294230e-03 4.676245e-04 9.999973e-01 -4.910911e+01
9.999954e-01 2.705299e-04 -3.032234e-03 8.735158e+01 -2.658462e-04 9.999988e-01 1.544830e-03 -7.083944e-01 3.032649e-03 -1.544016e-03 9.999942e-01 -5.027417e+01
9.999998e-01 -5.421263e-04 3.379243e-04 8.756614e+01 5.424659e-04 9.999993e-01 -1.006756e-03 -6.959846e-01 -3.373785e-04 1.006939e-03 9.999994e-01 -5.162768e+01
9.999893e-01 3.288506e-04 -4.609701e-03 8.849470e+01 -3.233612e-04 9.999992e-01 1.191474e-03 -7.283083e-01 4.610090e-03 -1.189970e-03 9.999887e-01 -5.131199e+01
9.999997e-01 -6.876030e-04 1.796974e-04 9.030434e+01 6.878060e-04 9.999991e-01 -1.133751e-03 -7.599541e-01 -1.789179e-04 1.133874e-03 9.999993e-01 -5.129642e+01
9.999882e-01 2.466019e-04 -4.853828e-03 9.224725e+01 -2.410972e-04 9.999993e-01 1.134578e-03 -7.909952e-01 4.854105e-03 -1.133394e-03 9.999876e-01 -5.126488e+01
9.999998e-01 -3.845344e-04 5.880610e-04 9.304281e+01 3.852871e-04 9.999991e-01 -1.280851e-03 -8.626551e-01 -5.875682e-04 1.281076e-03 9.999990e-01 -4.938336e+01
9.999907e-01 2.896309e-04 -4.297189e-03 9.387776e+01 -2.847895e-04 9.999993e-01 1.127153e-03 -9.424214e-01 4.297512e-03 -1.125919e-03 9.999901e-01 -4.745333e+01
9.999991e-01 -4.446696e-04 1.280383e-03 9.499999e+01 4.459362e-04 9.999994e-01 -9.893499e-04 -9.418699e-01 -1.279942e-03 9.899193e-04 9.999987e-01 -4.802246e+01
9.999869e-01 2.785252e-04 -5.116458e-03 9.599554e+01 -2.720148e-04 9.999992e-01 1.273030e-03 -9.431433e-01 5.116809e-03 -1.271621e-03 9.999861e-01 -4.844596e+01
9.999980e-01 -3.892699e-04 1.948300e-03 9.673207e+01 3.911607e-04 9.999995e-01 -9.703855e-04 -9.417153e-01 -1.947922e-03 9.711450e-04 9.999976e-01 -4.896625e+01
9.999855e-01 2.309578e-04 -5.378522e-03 9.734117e+01 -2.248660e-04 9.999993e-01 1.133123e-03 -9.469955e-01 5.378781e-03 -1.131897e-03 9.999849e-01 -4.924477e+01
9.999976e-01 -6.988617e-04 2.087232e-03 9.859419e+01 7.011820e-04 9.999991e-01 -1.111281e-03 -9.602241e-01 -2.086454e-03 1.112741e-03 9.999972e-01 -4.944375e+01
9.999812e-01 2.941096e-04 -6.125186e-03 1.001285e+02 -2.871270e-04 9.999993e-01 1.140787e-03 -9.889394e-01 6.125517e-03 -1.139006e-03 9.999806e-01 -4.936262e+01
9.999954e-01 -3.426806e-04 3.013003e-03 1.005828e+02 3.449437e-04 9.999997e-01 -7.507485e-04 -9.815407e-01 -3.012745e-03 7.517837e-04 9.999952e-01 -5.026944e+01
9.999844e-01 2.759493e-04 -5.586580e-03 1.008718e+02 -2.700864e-04 9.999994e-01 1.050146e-03 -9.800501e-01 5.586867e-03 -1.048620e-03 9.999838e-01 -5.099948e+01
9.999968e-01 -2.931891e-04 2.527535e-03 1.015233e+02 2.954446e-04 9.999996e-01 -8.921969e-04 -9.906181e-01 -2.527272e-03 8.929401e-04 9.999964e-01 -5.120529e+01
9.999839e-01 1.588218e-04 -5.666890e-03 1.024547e+02 -1.530200e-04 9.999995e-01 1.024166e-03 -9.974976e-01 5.667050e-03 -1.023282e-03 9.999834e-01 -5.156808e+01
9.999992e-01 -3.675707e-04 1.248064e-03 1.034439e+02 3.686514e-04 9.999996e-01 -8.660039e-04 -1.034983e+00 -1.247745e-03 8.664626e-04 9.999988e-01 -5.105737e+01
9.999816e-01 2.603163e-05 -6.069024e-03 1.049777e+02 -2.168714e-05 9.999997e-01 7.158596e-04 -1.097574e+00 6.069042e-03 -7.157141e-04 9.999813e-01 -4.990572e+01
9.999996e-01 -4.047180e-04 7.763234e-04 1.071778e+02 4.052817e-04 9.999997e-01 -7.265432e-04 -1.143539e+00 -7.760294e-04 7.268569e-04 9.999994e-01 -4.932285e+01
9.999881e-01 -4.516389e-04 -4.854901e-03 1.095572e+02 4.542823e-04 9.999997e-01 5.433256e-04 -1.153773e+00 4.854655e-03 -5.455240e-04 9.999881e-01 -4.972049e+01
9.999997e-01 2.139716e-05 7.762476e-04 1.111978e+02 -2.077134e-05 9.999997e-01 -8.066135e-04 -1.205625e+00 -7.762648e-04 8.065965e-04 9.999994e-01 -4.888933e+01
9.999877e-01 -1.490829e-04 -4.966368e-03 1.119356e+02 1.517508e-04 9.999998e-01 5.367633e-04 -1.253366e+00 4.966287e-03 -5.375096e-04 9.999875e-01 -4.755134e+01
9.999999e-01 -2.075351e-04 2.846263e-04 1.144672e+02 2.076938e-04 9.999998e-01 -5.587251e-04 -1.286499e+00 -2.845105e-04 5.587836e-04 9.999998e-01 -4.751578e+01
9.999868e-01 -4.585487e-04 -5.124635e-03 1.169264e+02 4.605862e-04 9.999998e-01 3.963566e-04 -1.309299e+00 5.124453e-03 -3.987110e-04 9.999868e-01 -4.776995e+01
9.999976e-01 7.591677e-05 2.188054e-03 1.181807e+02 -7.484310e-05 9.999999e-01 -4.909177e-04 -1.310959e+00 -2.188092e-03 4.907521e-04 9.999975e-01 -4.831037e+01
9.999892e-01 -2.778968e-04 -4.645043e-03 1.191964e+02 2.803107e-04 9.999998e-01 5.189668e-04 -1.296007e+00 4.644898e-03 -5.202626e-04 9.999891e-01 -4.934966e+01
9.999985e-01 9.255802e-05 1.726876e-03 1.193520e+02 -9.215688e-05 1.000000e+00 -2.325581e-04 -1.295200e+00 -1.726898e-03 2.323980e-04 9.999985e-01 -5.009261e+01
9.999856e-01 -2.667534e-04 -5.356703e-03 1.205190e+02 2.687182e-04 9.999999e-01 3.660125e-04 -1.308763e+00 5.356605e-03 -3.674460e-04 9.999856e-01 -5.031632e+01
9.999981e-01 2.650861e-04 1.926477e-03 1.213079e+02 -2.647749e-04 1.000000e+00 -1.619700e-04 -1.306198e+00 -1.926520e-03 1.614590e-04 9.999981e-01 -5.085375e+01
9.999872e-01 -3.365599e-04 -5.046821e-03 1.213447e+02 3.397866e-04 9.999997e-01 6.384488e-04 -1.302627e+00 5.046605e-03 -6.401548e-04 9.999871e-01 -5.181153e+01
9.999971e-01 3.340661e-04 2.380517e-03 1.215823e+02 -3.334631e-04 9.999999e-01 -2.538140e-04 -1.299394e+00 -2.380602e-03 2.530188e-04 9.999971e-01 -5.260706e+01
9.999874e-01 -3.792694e-04 -5.012170e-03 1.219640e+02 3.815325e-04 9.999998e-01 4.505143e-04 -1.303865e+00 5.011999e-03 -4.524203e-04 9.999873e-01 -5.293180e+01
9.999987e-01 2.700622e-04 1.598705e-03 1.223457e+02 -2.695419e-04 9.999999e-01 -3.258910e-04 -1.322829e+00 -1.598793e-03 3.254590e-04 9.999987e-01 -5.247060e+01
9.999871e-01 -3.825920e-04 -5.072877e-03 1.229251e+02 3.846540e-04 9.999998e-01 4.054422e-04 -1.345088e+00 5.072721e-03 -4.073876e-04 9.999871e-01 -5.214669e+01
9.999971e-01 1.053422e-04 2.390206e-03 1.238934e+02 -1.046923e-04 1.000000e+00 -2.721739e-04 -1.339280e+00 -2.390234e-03 2.719222e-04 9.999971e-01 -5.278965e+01
