9.999945e-01 2.328177e-05 -3.328760e-03 4.570338e-01 -2.348609e-05 1.000000e+00 -6.133259e-05 -2.980625e-02 3.328758e-03 6.140972e-05 9.999945e-01 4.755694e-01
9.999999e-01 -4.972836e-05 -3.133016e-04 1.000217e+00 4.973971e-05 1.000000e+00 3.612722e-05 -6.295684e-02 3.133001e-04 -3.614209e-05 1.000000e+00 1.019240e+00
9.999961e-01 1.296259e-04 -2.799193e-03 1.368514e+00 -1.293327e-04 1.000000e+00 1.049552e-04 -7.966905e-02 2.799207e-03 -1.045935e-04 9.999961e-01 1.007646e+00
1.000000e+00 -3.629430e-05 8.659176e-05 1.862345e+00 3.628728e-05 1.000000e+00 8.131100e-05 -8.295585e-02 -8.659437e-05 -8.130714e-05 1.000000e+00 6.152938e-01
9.999951e-01 2.787774e-05 -3.131280e-03 2.595055e+00 -2.775775e-05 1.000000e+00 3.837154e-05 -9.549186e-02 3.131281e-03 -3.828515e-05 9.999951e-01 4.299872e-01
9.999999e-01 -2.755185e-05 5.226887e-04 3.239974e+00 2.752534e-05 1.000000e+00 5.078947e-05 -1.024495e-01 -5.226898e-04 -5.077436e-05 9.999999e-01 9.688724e-02
9.999952e-01 9.247379e-05 -3.087955e-03 3.917810e+00 -9.223664e-05 1.000000e+00 7.695152e-05 -9.898193e-02 3.087962e-03 -7.666705e-05 9.999952e-01 -4.705928e-01
9.999993e-01 -1.429801e-04 1.191033e-03 4.599998e+00 1.429239e-04 1.000000e+00 4.727088e-05 -8.637994e-02 -1.191039e-03 -4.709990e-05 9.999993e-01 -1.451969e+00
9.999946e-01 4.271648e-05 -3.277592e-03 5.441009e+00 -4.246746e-05 1.000000e+00 7.605709e-05 -7.101873e-02 3.277595e-03 -7.591820e-05 9.999946e-01 -2.422268e+00
9.999996e-01 -5.067314e-05 9.172068e-04 5.766428e+00 5.053178e-05 1.000000e+00 1.541808e-04 -6.808663e-02 -9.172143e-04 -1.541337e-04 9.999996e-01 -3.139140e+00
9.999940e-01 5.562300e-05 -3.465897e-03 6.532421e+00 -5.593588e-05 1.000000e+00 -9.016907e-05 -6.005442e-02 3.465892e-03 9.036168e-05 9.999940e-01 -3.913334e+00
9.999964e-01 -1.604010e-04 2.670725e-03 7.167635e+00 1.599668e-04 1.000000e+00 1.628163e-04 -3.309233e-02 -2.670751e-03 -1.623878e-04 9.999964e-01 -5.909742e+00
9.999913e-01 7.523755e-06 -4.168022e-03 7.567788e+00 -7.120224e-06 1.000000e+00 9.683893e-05 -1.963999e-02 4.168022e-03 -9.680912e-05 9.999913e-01 -7.197061e+00
9.999987e-01 -4.136509e-05 1.612033e-03 8.036207e+00 4.108003e-05 1.000000e+00 1.768842e-04 -1.284769e-02 -1.612039e-03 -1.768171e-04 9.999987e-01 -8.045848e+00
9.999910e-01 -1.936182e-04 -4.242943e-03 9.061743e+00 1.937192e-04 1.000000e+00 2.341270e-05 3.152629e-04 4.242938e-03 -2.423514e-05 9.999910e-01 -9.065373e+00
9.999991e-01 -5.105596e-04 1.261142e-03 1.131146e+01 5.104337e-04 9.999999e-01 1.001378e-04 5.285298e-02 -1.261193e-03 -9.949322e-05 9.999992e-01 -1.120567e+01
9.999956e-01 -1.037425e-03 -2.786884e-03 1.511750e+01 1.037380e-03 9.999995e-01 -1.733873e-05 1.653054e-01 2.786900e-03 1.444689e-05 9.999961e-01 -1.540158e+01
9.999986e-01 -7.078893e-04 1.489256e-03 1.905415e+01 7.078941e-04 9.999997e-01 -2.648104e-06 2.916204e-01 -1.489253e-03 3.703047e-06 9.999989e-01 -2.024356e+01
9.999950e-01 -9.965169e-04 -3.007424e-03 2.262220e+01 9.966966e-04 9.999995e-01 5.823649e-05 4.101474e-01 3.007364e-03 -6.123440e-05 9.999955e-01 -2.489725e+01
9.999980e-01 -7.919379e-04 1.837454e-03 2.600298e+01 7.920618e-04 9.999997e-01 -6.666414e-05 5.327345e-01 -1.837401e-03 6.812009e-05 9.999983e-01 -2.993858e+01
9.999945e-01 -8.268451e-04 -3.208848e-03 2.934460e+01 8.271129e-04 9.999997e-01 8.214468e-05 6.472164e-01 3.208778e-03 -8.479902e-05 9.999948e-01 -3.456343e+01
9.999984e-01 -6.143701e-04 1.693247e-03 3.259913e+01 6.143132e-04 9.999998e-01 3.413802e-05 7.428729e-01 -1.693267e-03 -3.309707e-05 9.999986e-01 -3.831996e+01
9.999944e-01 -8.056633e-04 -3.239212e-03 3.632402e+01 8.059995e-04 9.999997e-01 1.025209e-04 8.528865e-01 3.239128e-03 -1.051318e-04 9.999947e-01 -4.246510e+01
9.999976e-01 -9.725249e-04 1.964418e-03 4.046342e+01 9.728362e-04 9.999995e-01 -1.575020e-04 9.768521e-01 -1.964263e-03 1.594133e-04 9.999981e-01 -4.709360e+01
9.999951e-01 -8.883695e-04 -3.002082e-03 4.397656e+01 8.884631e-04 9.999996e-01 2.983418e-05 1.101043e+00 3.002054e-03 -3.250199e-05 9.999955e-01 -5.212679e+01
9.999978e-01 -9.050382e-04 1.886393e-03 4.761834e+01 9.053081e-04 9.999996e-01 -1.421828e-04 1.228160e+00 -1.886263e-03 1.438909e-04 9.999982e-01 -5.724197e+01
9.999948e-01 -1.141415e-03 -3.018593e-03 5.146558e+01 1.141373e-03 9.999993e-01 -1.585033e-05 1.368756e+00 3.018609e-03 1.240420e-05 9.999954e-01 -6.296249e+01
9.999986e-01 -7.988374e-04 1.486612e-03 5.490992e+01 7.990334e-04 9.999997e-01 -1.312026e-04 1.492211e+00 -1.486506e-03 1.323910e-04 9.999989e-01 -6.800341e+01
9.999984e-01 -1.041491e-03 -1.443168e-03 5.842751e+01 1.041272e-03 9.999994e-01 -1.522874e-04 1.616143e+00 1.443325e-03 1.507837e-04 9.999989e-01 -7.331389e+01
9.999996e-01 -6.542270e-04 6.562017e-04 6.227503e+01 6.540941e-04 9.999998e-01 2.028046e-04 1.749393e+00 -6.563339e-04 -2.023745e-04 9.999998e-01 -7.886762e+01
9.999973e-01 -8.914493e-04 -2.166981e-03 6.574417e+01 8.909909e-04 9.999996e-01 -2.124893e-04 1.866117e+00 2.167169e-03 2.105573e-04 9.999976e-01 -8.379630e+01
9.999980e-01 -6.928897e-04 1.869900e-03 6.914838e+01 6.922899e-04 9.999997e-01 3.214134e-04 1.993354e+00 -1.870122e-03 -3.201175e-04 9.999982e-01 -8.936191e+01
9.999955e-01 -9.591993e-04 -2.857280e-03 7.256637e+01 9.586274e-04 9.999995e-01 -2.015050e-04 2.116166e+00 2.857472e-03 1.987643e-04 9.999959e-01 -9.459732e+01
9.999995e-01 -6.883162e-04 7.493436e-04 7.562577e+01 6.879863e-04 9.999997e-01 4.405156e-04 2.228127e+00 -7.496462e-04 -4.399991e-04 9.999996e-01 -9.933224e+01
9.999950e-01 -1.010913e-03 -3.009421e-03 7.890458e+01 1.009918e-03 9.999994e-01 -3.321199e-04 2.342469e+00 3.009755e-03 3.290782e-04 9.999954e-01 -1.040241e+02
9.999997e-01 -7.515962e-04 -3.473174e-04 8.235990e+01 7.517876e-04 9.999996e-01 5.512835e-04 2.458544e+00 3.469032e-04 -5.515437e-04 9.999998e-01 -1.083959e+02
9.999795e-01 -1.063711e-04 -6.399091e-03 8.402072e+01 1.088149e-04 9.999999e-01 3.815655e-04 2.567766e+00 6.399050e-03 -3.822547e-04 9.999795e-01 -1.118143e+02
9.999988e-01 -6.931243e-04 1.352671e-03 8.678791e+01 6.930973e-04 9.999998e-01 2.046338e-05 2.631690e+00 -1.352685e-03 -1.952512e-05 9.999991e-01 -1.141810e+02
9.999906e-01 -1.085126e-03 -4.201743e-03 9.171522e+01 1.084246e-03 9.999994e-01 -2.116912e-04 2.750062e+00 4.201970e-03 2.071328e-04 9.999912e-01 -1.183514e+02
9.999970e-01 -6.609752e-04 2.354108e-03 9.602723e+01 6.611315e-04 9.999998e-01 -6.559490e-05 2.860340e+00 -2.354063e-03 6.715179e-05 9.999972e-01 -1.225825e+02
9.999852e-01 -6.994169e-04 -5.394479e-03 9.940153e+01 7.010933e-04 9.999997e-01 3.088790e-04 2.943518e+00 5.394261e-03 -3.126572e-04 9.999854e-01 -1.259902e+02
9.999993e-01 -5.123869e-04 -1.112154e-03 1.029676e+02 5.119320e-04 9.999998e-01 -4.093382e-04 2.956529e+00 1.112364e-03 4.087692e-04 9.999993e-01 -1.267942e+02
9.999879e-01 -4.442349e-04 -4.896192e-03 1.050316e+02 4.486584e-04 9.999995e-01 9.024092e-04 3.008125e+00 4.895788e-03 -9.045957e-04 9.999876e-01 -1.286562e+02
9.999943e-01 -4.559449e-04 -3.338414e-03 1.077930e+02 4.539722e-04 9.999997e-01 -5.916592e-04 3.030688e+00 3.338684e-03 5.901410e-04 9.999943e-01 -1.289720e+02
9.999928e-01 -1.970457e-04 -3.784635e-03 1.096322e+02 1.997200e-04 9.999997e-01 7.062875e-04 3.011768e+00 3.784494e-03 -7.070390e-04 9.999926e-01 -1.281479e+02
9.999960e-01 -2.925048e-04 -2.801990e-03 1.116372e+02 2.907142e-04 9.999998e-01 -6.394684e-04 2.953935e+00 2.802176e-03 6.386520e-04 9.999959e-01 -1.268510e+02
9.999797e-01 2.408977e-04 -6.368912e-03 1.118638e+02 -2.285201e-04 9.999981e-01 1.944104e-03 2.991774e+00 6.369368e-03 -1.942610e-03 9.999778e-01 -1.268510e+02
9.999780e-01 3.810375e-04 -6.618357e-03 1.095020e+02 -3.772248e-04 9.999998e-01 5.773128e-04 3.090515e+00 6.618576e-03 -5.748028e-04 9.999779e-01 -1.268917e+02
9.999999e-01 -1.512929e-04 -3.384636e-04 1.090478e+02 1.514221e-04 9.999999e-01 3.818113e-04 3.103636e+00 3.384055e-04 -3.818632e-04 9.999999e-01 -1.267489e+02
9.999856e-01 1.774427e-04 -5.362243e-03 1.087729e+02 -1.731418e-04 9.999997e-01 8.025152e-04 3.132047e+00 5.362384e-03 -8.015745e-04 9.999853e-01 -1.284222e+02
9.999995e-01 -3.260993e-04 9.955703e-04 1.094153e+02 3.270576e-04 9.999995e-01 -9.626003e-04 3.080140e+00 -9.952562e-04 9.629247e-04 9.999990e-01 -1.269557e+02
9.999836e-01 1.046111e-04 -5.719866e-03 1.106188e+02 -9.866920e-05 9.999995e-01 1.039074e-03 3.020763e+00 5.719972e-03 -1.038492e-03 9.999831e-01 -1.259531e+02
9.999978e-01 -1.445225e-04 2.091415e-03 1.115027e+02 1.462284e-04 9.999997e-01 -8.155564e-04 3.010856e+00 -2.091296e-03 8.158598e-04 9.999975e-01 -1.261998e+02
9.999850e-01 6.462576e-05 -5.474113e-03 1.120649e+02 -5.795411e-05 9.999993e-01 1.218898e-03 3.008441e+00 5.474188e-03 -1.218561e-03 9.999843e-01 -1.266339e+02
9.999995e-01 1.493131e-05 9.887521e-04 1.120826e+02 -1.421048e-05 9.999997e-01 -7.291278e-04 2.997498e+00 -9.887631e-04 7.291127e-04 9.999992e-01 -1.264544e+02
9.999880e-01 -1.730144e-04 -4.903558e-03 1.124252e+02 1.772337e-04 9.999996e-01 8.600168e-04 2.955779e+00 4.903408e-03 -8.608749e-04 9.999876e-01 -1.252550e+02
9.999994e-01 9.415340e-05 1.104944e-03 1.128212e+02 -9.321128e-05 9.999996e-01 -8.527431e-04 2.908645e+00 -1.105024e-03 8.526388e-04 9.999990e-01 -1.240105e+02
9.999836e-01 3.308937e-05 -5.721243e-03 1.126683e+02 -2.535263e-05 9.999991e-01 1.352336e-03 2.901327e+00 5.721283e-03 -1.352168e-03 9.999827e-01 -1.234353e+02
9.999999e-01 1.779336e-04 3.584662e-04 1.124015e+02 -1.777098e-04 9.999998e-01 -6.245960e-04 2.902990e+00 -3.585776e-04 6.245316e-04 9.999997e-01 -1.229362e+02
9.999837e-01 -6.232297e-05 -5.710050e-03 1.122779e+02 7.052411e-05 9.999990e-01 1.436057e-03 2.906574e+00 5.709955e-03 -1.436436e-03 9.999827e-01 -1.229915e+02
9.999996e-01 1.819536e-04 8.627434e-04 1.121398e+02 -1.814786e-04 9.999998e-01 -5.507077e-04 2.919053e+00 -8.628438e-04 5.505502e-04 9.999995e-01 -1.235971e+02
9.999799e-01 -5.497836e-05 -6.335060e-03 1.116929e+02 6.497056e-05 9.999988e-01 1.577076e-03 2.938335e+00 6.334966e-03 -1.577455e-03 9.999787e-01 -1.241749e+02
9.999983e-01 1.472256e-04 1.856746e-03 1.117315e+02 -1.455669e-04 9.999996e-01 -8.934730e-04 2.943454e+00 -1.856877e-03 8.932004e-04 9.999979e-01 -1.246115e+02
9.999837e-01 -1.618176e-04 -5.701790e-03 1.119788e+02 1.702825e-04 9.999989e-01 1.484132e-03 2.945104e+00 5.701543e-03 -1.485079e-03 9.999826e-01 -1.252145e+02
9.999991e-01 1.831800e-04 1.303570e-03 1.121984e+02 -1.819653e-04 9.999995e-01 -9.319711e-04 2.943109e+00 -1.303740e-03 9.317324e-04 9.999987e-01 -1.254008e+02
9.999854e-01 -2.629112e-04 -5.396615e-03 1.129493e+02 2.698522e-04 9.999991e-01 1.285470e-03 2.925776e+00 5.396272e-03 -1.286907e-03 9.999846e-01 -1.254033e+02
9.999995e-01 1.705674e-04 1.002462e-03 1.140584e+02 -1.696037e-04 9.999995e-01 -9.615178e-04 2.914498e+00 -1.002626e-03 9.613466e-04 9.999990e-01 -1.256329e+02
9.999900e-01 -2.100093e-04 -4.469913e-03 1.146229e+02 2.161207e-04 9.999990e-01 1.366775e-03 2.915200e+00 4.469622e-03 -1.367727e-03 9.999891e-01 -1.261809e+02
9.999994e-01 1.850410e-04 1.122897e-03 1.153880e+02 -1.839719e-04 9.999995e-01 -9.522325e-04 2.923561e+00 -1.123073e-03 9.520246e-04 9.999989e-01 -1.269401e+02
9.999898e-01 -3.331695e-04 -4.499769e-03 1.165110e+02 3.388766e-04 9.999991e-01 1.267566e-03 2.922931e+00 4.499343e-03 -1.269078e-03 9.999891e-01 -1.274354e+02
9.999995e-01 3.123939e-04 9.020302e-04 1.174713e+02 -3.115478e-04 9.999995e-01 -9.380516e-04 2.925514e+00 -9.023232e-04 9.377694e-04 9.999992e-01 -1.279766e+02
9.999918e-01 -3.696798e-04 -4.040018e-03 1.178191e+02 3.758574e-04 9.999988e-01 1.528420e-03 2.935774e+00 4.039448e-03 -1.529925e-03 9.999907e-01 -1.291274e+02
9.999992e-01 1.547718e-04 1.263807e-03 1.183189e+02 -1.531377e-04 9.999992e-01 -1.293096e-03 2.933283e+00 -1.264006e-03 1.292900e-03 9.999984e-01 -1.297065e+02
9.999909e-01 -1.754729e-04 -4.260242e-03 1.184647e+02 1.830913e-04 9.999984e-01 1.787923e-03 2.937410e+00 4.259922e-03 -1.788686e-03 9.999893e-01 -1.307017e+02
9.999991e-01 1.353461e-04 1.336228e-03 1.187280e+02 -1.337136e-04 9.999992e-01 -1.221806e-03 2.945983e+00 -1.336393e-03 1.221626e-03 9.999984e-01 -1.318079e+02
9.999903e-01 -1.314116e-04 -4.402369e-03 1.190059e+02 1.391336e-04 9.999985e-01 1.753752e-03 2.953013e+00 4.402132e-03 -1.754347e-03 9.999888e-01 -1.328213e+02
9.999988e-01 9.376768e-05 1.569069e-03 1.192313e+02 -9.182784e-05 9.999992e-01 -1.236398e-03 2.960934e+00 -1.569184e-03 1.236251e-03 9.999980e-01 -1.339371e+02
9.999896e-01 -1.462680e-04 -4.552240e-03 1.194274e+02 1.546609e-04 9.999983e-01 1.843361e-03 2.970489e+00 4.551963e-03 -1.844045e-03 9.999879e-01 -1.351837e+02
9.999983e-01 8.742507e-05 1.863810e-03 1.196314e+02 -8.508718e-05 9.999992e-01 -1.254461e-03 2.982529e+00 -1.863919e-03 1.254299e-03 9.999975e-01 -1.366053e+02
9.999898e-01 -1.796021e-04 -4.503700e-03 1.199633e+02 1.874969e-04 9.999984e-01 1.752588e-03 2.992071e+00 4.503378e-03 -1.753414e-03 9.999883e-01 -1.377188e+02
9.999996e-01 1.548890e-04 8.823137e-04 1.204436e+02 -1.538346e-04 9.999993e-01 -1.195111e-03 2.998331e+00 -8.824985e-04 1.194974e-03 9.999989e-01 -1.385201e+02
9.999897e-01 -1.886422e-04 -4.539610e-03 1.206344e+02 1.970416e-04 9.999983e-01 1.849841e-03 3.003163e+00 4.539253e-03 -1.850716e-03 9.999880e-01 -1.394280e+02
9.999999e-01 2.368459e-04 3.530594e-04 1.205707e+02 -2.364388e-04 9.999993e-01 -1.153074e-03 3.009074e+00 -3.533326e-04 1.152990e-03 9.999993e-01 -1.400971e+02
9.999909e-01 -2.543763e-04 -4.270252e-03 1.205652e+02 2.620321e-04 9.999984e-01 1.792343e-03 3.013083e+00 4.269789e-03 -1.793445e-03 9.999893e-01 -1.407597e+02
9.999999e-01 3.112975e-04 -3.034303e-04 1.203885e+02 -3.115928e-04 9.999995e-01 -9.733263e-04 3.022445e+00 3.031268e-04 9.734200e-04 9.999995e-01 -1.413673e+02
9.999919e-01 -2.682499e-04 -4.005245e-03 1.204542e+02 2.740342e-04 9.999989e-01 1.443659e-03 3.019603e+00 4.004854e-03 -1.444745e-03 9.999909e-01 -1.414575e+02
9.999999e-01 3.333295e-04 1.211508e-04 1.209661e+02 -3.331919e-04 9.999993e-01 -1.135030e-03 3.009367e+00 -1.215294e-04 1.134989e-03 9.999993e-01 -1.415868e+02
9.999895e-01 -2.980416e-04 -4.576064e-03 1.208953e+02 3.065687e-04 9.999982e-01 1.862784e-03 3.016986e+00 4.575501e-03 -1.864167e-03 9.999878e-01 -1.420615e+02
9.999999e-01 3.884567e-04 -1.351631e-04 1.208634e+02 -3.886176e-04 9.999992e-01 -1.191051e-03 3.018868e+00 1.347000e-04 1.191102e-03 9.999993e-01 -1.420811e+02
9.999891e-01 -3.481956e-04 -4.650051e-03 1.211403e+02 3.561648e-04 9.999985e-01 1.713049e-03 3.019028e+00 4.649448e-03 -1.714686e-03 9.999877e-01 -1.420884e+02
9.999999e-01 3.432198e-04 3.667166e-04 1.214015e+02 -3.427736e-04 9.999992e-01 -1.216567e-03 3.021587e+00 -3.671341e-04 1.216440e-03 9.999992e-01 -1.423021e+02
9.999863e-01 -4.204560e-04 -5.208297e-03 1.219195e+02 4.296598e-04 9.999983e-01 1.766114e-03 3.019088e+00 5.207546e-03 -1.768327e-03 9.999849e-01 -1.423826e+02
9.999997e-01 5.422720e-04 5.192292e-04 1.218223e+02 -5.416060e-04 9.999990e-01 -1.282323e-03 3.020213e+00 -5.199244e-04 1.282040e-03 9.999990e-01 -1.419477e+02
9.999884e-01 -4.310025e-04 -4.792481e-03 1.220155e+02 4.393400e-04 9.999984e-01 1.738773e-03 3.005722e+00 4.791724e-03 -1.740858e-03 9.999870e-01 -1.417185e+02
9.999998e-01 6.018379e-04 -3.616694e-04 1.219063e+02 -6.022123e-04 9.999993e-01 -1.035512e-03 3.015465e+00 3.610456e-04 1.035729e-03 9.999994e-01 -1.416176e+02
9.999882e-01 -4.664649e-04 -4.839944e-03 1.218783e+02 4.747205e-04 9.999984e-01 1.704687e-03 3.020453e+00 4.839142e-03 -1.706964e-03 9.999868e-01 -1.416634e+02
9.999997e-01 4.830571e-04 5.885301e-04 1.224110e+02 -4.823020e-04 9.999991e-01 -1.282707e-03 3.014123e+00 -5.891495e-04 1.282422e-03 9.999990e-01 -1.418253e+02
9.999857e-01 -5.030392e-04 -5.330556e-03 1.227380e+02 5.129898e-04 9.999981e-01 1.865472e-03 3.016840e+00 5.329608e-03 -1.868180e-03 9.999841e-01 -1.418145e+02
9.999999e-01 2.289272e-04 2.992848e-04 1.236061e+02 -2.285026e-04 9.999990e-01 -1.418548e-03 3.018220e+00 -2.996096e-04 1.418479e-03 9.999989e-01 -1.419664e+02
9.999872e-01 -5.381631e-04 -5.025141e-03 1.247736e+02 5.466692e-04 9.999984e-01 1.691475e-03 2.988428e+00 5.024224e-03 -1.694200e-03 9.999859e-01 -1.417243e+02
9.999997e-01 5.362583e-04 5.599270e-04 1.254448e+02 -5.354820e-04 9.999989e-01 -1.386034e-03 2.966693e+00 -5.606700e-04 1.385733e-03 9.999989e-01 -1.416126e+02
9.999881e-01 -4.826295e-04 -4.846217e-03 1.256271e+02 4.917540e-04 9.999981e-01 1.881758e-03 2.969399e+00 4.845300e-03 -1.884118e-03 9.999865e-01 -1.418015e+02
9.999999e-01 4.673023e-04 1.248863e-04 1.261819e+02 -4.671484e-04 9.999991e-01 -1.231229e-03 2.967495e+00 -1.254619e-04 1.231170e-03 9.999992e-01 -1.419895e+02
9.999882e-01 -6.490780e-04 -4.819393e-03 1.272504e+02 6.574583e-04 9.999983e-01 1.737466e-03 2.966186e+00 4.818258e-03 -1.740613e-03 9.999869e-01 -1.423404e+02
9.999998e-01 4.851180e-04 3.309428e-04 1.281534e+02 -4.847031e-04 9.999991e-01 -1.253202e-03 2.965900e+00 -3.315507e-04 1.253041e-03 9.999992e-01 -1.426334e+02
9.999878e-01 -6.720546e-04 -4.894536e-03 1.288579e+02 6.801495e-04 9.999984e-01 1.652366e-03 2.967861e+00 4.893418e-03 -1.655674e-03 9.999867e-01 -1.428475e+02
9.999998e-01 6.130947e-04 4.884361e-05 1.292979e+02 -6.130390e-04 9.999992e-01 -1.136599e-03 2.978986e+00 -4.954075e-05 1.136568e-03 9.999994e-01 -1.429268e+02
9.999849e-01 -4.563678e-04 -5.485046e-03 1.291848e+02 4.663496e-04 9.999982e-01 1.818656e-03 2.993968e+00 5.484207e-03 -1.821186e-03 9.999833e-01 -1.428062e+02
9.999990e-01 3.389185e-04 1.372394e-03 1.300606e+02 -3.369684e-04 9.999989e-01 -1.421026e-03 2.993277e+00 -1.372874e-03 1.420561e-03 9.999980e-01 -1.431585e+02
9.999853e-01 -4.520271e-04 -5.396540e-03 1.308940e+02 4.616618e-04 9.999983e-01 1.784199e-03 2.992504e+00 5.395724e-03 -1.786664e-03 9.999838e-01 -1.435202e+02
9.999986e-01 3.506404e-04 1.619079e-03 1.316482e+02 -3.483204e-04 9.999989e-01 -1.433063e-03 2.993883e+00 -1.619580e-03 1.432497e-03 9.999977e-01 -1.439352e+02
9.999837e-01 -4.676619e-04 -5.684841e-03 1.321177e+02 4.776280e-04 9.999984e-01 1.751852e-03 2.996876e+00 5.684013e-03 -1.754538e-03 9.999823e-01 -1.439538e+02
9.999991e-01 3.510488e-04 1.276847e-03 1.326763e+02 -3.493165e-04 9.999990e-01 -1.356830e-03 2.985316e+00 -1.277322e-03 1.356382e-03 9.999983e-01 -1.438713e+02
9.999827e-01 -5.567166e-04 -5.852649e-03 1.337326e+02 5.667916e-04 9.999984e-01 1.719893e-03 2.974237e+00 5.851683e-03 -1.723180e-03 9.999814e-01 -1.439917e+02
9.999987e-01 3.607846e-04 1.552045e-03 1.344781e+02 -3.586263e-04 9.999990e-01 -1.390802e-03 2.969534e+00 -1.552546e-03 1.390243e-03 9.999978e-01 -1.440415e+02
9.999861e-01 -4.698967e-04 -5.245140e-03 1.349749e+02 4.793156e-04 9.999983e-01 1.794594e-03 2.974507e+00 5.244288e-03 -1.797083e-03 9.999846e-01 -1.447146e+02
9.999986e-01 3.708067e-04 1.605173e-03 1.357816e+02 -3.684340e-04 9.999988e-01 -1.478290e-03 2.977089e+00 -1.605719e-03 1.477696e-03 9.999976e-01 -1.452037e+02
9.999855e-01 -4.719954e-04 -5.360674e-03 1.366486e+02 4.817599e-04 9.999982e-01 1.820336e-03 2.977518e+00 5.359806e-03 -1.822892e-03 9.999840e-01 -1.456295e+02
9.999991e-01 3.853396e-04 1.291156e-03 1.373724e+02 -3.834731e-04 9.999989e-01 -1.445735e-03 2.973914e+00 -1.291712e-03 1.445238e-03 9.999981e-01 -1.459179e+02
9.999870e-01 -4.493913e-04 -5.073089e-03 1.381420e+02 4.584583e-04 9.999983e-01 1.786204e-03 2.972796e+00 5.072278e-03 -1.788506e-03 9.999855e-01 -1.462949e+02
9.999993e-01 3.502777e-04 1.147860e-03 1.389694e+02 -3.485947e-04 9.999989e-01 -1.466252e-03 2.968007e+00 -1.148372e-03 1.465850e-03 9.999983e-01 -1.465979e+02
9.999867e-01 -4.627671e-04 -5.141889e-03 1.397898e+02 4.718664e-04 9.999983e-01 1.768538e-03 2.962453e+00 5.141062e-03 -1.770940e-03 9.999852e-01 -1.468903e+02
9.999990e-01 3.608555e-04 1.372882e-03 1.405692e+02 -3.587972e-04 9.999988e-01 -1.499345e-03 2.959165e+00 -1.373421e-03 1.498850e-03 9.999979e-01 -1.472362e+02
9.999867e-01 -4.606368e-04 -5.141139e-03 1.412000e+02 4.705630e-04 9.999980e-01 1.929663e-03 2.962179e+00 5.140240e-03 -1.932056e-03 9.999849e-01 -1.478188e+02
9.999998e-01 4.926215e-04 3.711788e-04 1.411724e+02 -4.921309e-04 9.999990e-01 -1.321057e-03 2.975528e+00 -3.718296e-04 1.320873e-03 9.999991e-01 -1.482563e+02
9.999863e-01 -4.668186e-04 -5.206135e-03 1.409341e+02 4.765487e-04 9.999981e-01 1.867848e-03 2.983440e+00 5.205254e-03 -1.870303e-03 9.999847e-01 -1.482819e+02
9.999996e-01 4.856180e-04 7.467263e-04 1.408681e+02 -4.845483e-04 9.999989e-01 -1.432244e-03 2.982135e+00 -7.474213e-04 1.431881e-03 9.999987e-01 -1.481377e+02
9.999890e-01 -4.694295e-04 -4.665068e-03 1.408876e+02 4.774749e-04 9.999984e-01 1.723582e-03 2.968351e+00 4.664252e-03 -1.725790e-03 9.999876e-01 -1.476564e+02
9.999997e-01 5.481195e-04 6.001417e-04 1.410222e+02 -5.472958e-04 9.999989e-01 -1.372043e-03 2.951312e+00 -6.008934e-04 1.371713e-03 9.999989e-01 -1.474061e+02
9.999897e-01 -5.327047e-04 -4.506839e-03 1.411560e+02 5.403484e-04 9.999984e-01 1.694919e-03 2.933649e+00 4.505929e-03 -1.697336e-03 9.999884e-01 -1.471249e+02
9.999998e-01 6.026398e-04 8.827709e-05 1.411175e+02 -6.025299e-04 9.999990e-01 -1.241625e-03 2.924884e+00 -8.902558e-05 1.241571e-03 9.999992e-01 -1.469130e+02
9.999884e-01 -5.420699e-04 -4.789406e-03 1.409519e+02 5.510282e-04 9.999981e-01 1.869284e-03 2.933364e+00 4.788384e-03 -1.871901e-03 9.999868e-01 -1.471340e+02
9.999998e-01 6.277986e-04 -1.389359e-04 1.406423e+02 -6.279419e-04 9.999993e-01 -1.031716e-03 2.951781e+00 1.382878e-04 1.031802e-03 9.999995e-01 -1.476216e+02
9.999925e-01 -6.319737e-04 -3.824620e-03 1.407263e+02 6.379593e-04 9.999986e-01 1.563941e-03 2.960978e+00 3.823626e-03 -1.566368e-03 9.999915e-01 -1.480710e+02
9.999994e-01 6.956388e-04 -8.416345e-04 1.405383e+02 -6.964124e-04 9.999993e-01 -9.189544e-04 2.969254e+00 8.409944e-04 9.195393e-04 9.999992e-01 -1.482023e+02
9.999897e-01 -5.371500e-04 -4.506494e-03 1.401805e+02 5.452077e-04 9.999983e-01 1.786946e-03 2.980186e+00 4.505526e-03 -1.789384e-03 9.999882e-01 -1.483474e+02
9.999998e-01 6.164849e-04 -1.322257e-04 1.400494e+02 -6.166268e-04 9.999992e-01 -1.074511e-03 2.989366e+00 1.315629e-04 1.074592e-03 9.999994e-01 -1.488008e+02
9.999942e-01 -6.636389e-04 -3.355313e-03 1.405920e+02 6.685866e-04 9.999987e-01 1.473611e-03 2.991454e+00 3.354331e-03 -1.475845e-03 9.999933e-01 -1.493522e+02
9.999993e-01 6.885487e-04 -9.564768e-04 1.405570e+02 -6.893132e-04 9.999994e-01 -7.989824e-04 3.000805e+00 9.559258e-04 7.996404e-04 9.999992e-01 -1.498162e+02
9.999907e-01 -5.833407e-04 -4.281505e-03 1.403240e+02 5.904135e-04 9.999985e-01 1.650831e-03 3.018940e+00 4.280535e-03 -1.653343e-03 9.999895e-01 -1.502511e+02
9.999997e-01 3.781418e-04 7.078486e-04 1.410197e+02 -3.772477e-04 9.999991e-01 -1.263050e-03 3.029804e+00 -7.083259e-04 1.262782e-03 9.999990e-01 -1.511018e+02
9.999906e-01 -6.263268e-04 -4.283600e-03 1.419254e+02 6.335678e-04 9.999984e-01 1.689216e-03 3.044386e+00 4.282535e-03 -1.691914e-03 9.999894e-01 -1.519960e+02
9.999997e-01 4.953274e-04 5.274582e-04 1.426944e+02 -4.947320e-04 9.999992e-01 -1.128785e-03 3.056618e+00 -5.280173e-04 1.128523e-03 9.999992e-01 -1.528243e+02
9.999846e-01 -3.953851e-04 -5.540201e-03 1.425924e+02 4.059833e-04 9.999981e-01 1.911920e-03 3.071426e+00 5.539435e-03 -1.914139e-03 9.999828e-01 -1.532103e+02
9.999988e-01 3.639518e-04 1.481299e-03 1.428902e+02 -3.619215e-04 9.999990e-01 -1.370810e-03 3.076156e+00 -1.481797e-03 1.370272e-03 9.999980e-01 -1.539048e+02
9.999878e-01 -5.144784e-04 -4.910999e-03 1.435873e+02 5.230330e-04 9.999983e-01 1.740748e-03 3.078803e+00 4.910095e-03 -1.743295e-03 9.999864e-01 -1.545047e+02
9.999990e-01 3.661923e-04 1.375664e-03 1.440815e+02 -3.643314e-04 9.999990e-01 -1.352950e-03 3.082755e+00 -1.376158e-03 1.352447e-03 9.999981e-01 -1.551242e+02
9.999877e-01 -4.569350e-04 -4.944165e-03 1.448703e+02 4.653679e-04 9.999984e-01 1.704576e-03 3.089577e+00 4.943379e-03 -1.706855e-03 9.999863e-01 -1.557266e+02
9.999986e-01 4.090283e-04 1.639993e-03 1.457306e+02 -4.069058e-04 9.999991e-01 -1.294480e-03 3.108907e+00 -1.640521e-03 1.293810e-03 9.999978e-01 -1.569822e+02
9.999946e-01 -6.771967e-04 -3.214940e-03 1.465961e+02 6.819293e-04 9.999987e-01 1.471114e-03 3.130384e+00 3.213940e-03 -1.473298e-03 9.999937e-01 -1.583554e+02
9.999997e-01 6.296824e-04 -3.284738e-04 1.472213e+02 -6.299951e-04 9.999993e-01 -9.522877e-04 3.138995e+00 3.278737e-04 9.524937e-04 9.999995e-01 -1.591979e+02
9.999932e-01 -6.567015e-04 -3.639776e-03 1.471931e+02 6.625361e-04 9.999985e-01 1.601964e-03 3.139619e+00 3.638719e-03 -1.604364e-03 9.999921e-01 -1.598063e+02
9.999995e-01 6.990679e-04 -6.989052e-04 1.474642e+02 -6.997866e-04 9.999992e-01 -1.028226e-03 3.133161e+00 6.981856e-04 1.028714e-03 9.999992e-01 -1.599673e+02
9.999936e-01 -6.906884e-04 -3.518273e-03 1.479080e+02 6.960224e-04 9.999986e-01 1.515019e-03 3.123187e+00 3.517222e-03 -1.517457e-03 9.999927e-01 -1.599972e+02
9.999995e-01 5.981772e-04 -7.477419e-04 1.483723e+02 -5.990100e-04 9.999992e-01 -1.113794e-03 3.112670e+00 7.470747e-04 1.114241e-03 9.999991e-01 -1.599783e+02
9.999927e-01 -6.427787e-04 -3.769619e-03 1.489934e+02 6.481353e-04 9.999988e-01 1.419900e-03 3.093267e+00 3.768702e-03 -1.422332e-03 9.999919e-01 -1.598758e+02
9.999996e-01 6.492388e-04 -5.581364e-04 1.492366e+02 -6.498888e-04 9.999991e-01 -1.164816e-03 3.070839e+00 5.573793e-04 1.165178e-03 9.999992e-01 -1.592702e+02
9.999881e-01 -4.173018e-04 -4.863389e-03 1.491312e+02 4.258817e-04 9.999984e-01 1.763239e-03 3.076860e+00 4.862646e-03 -1.765289e-03 9.999866e-01 -1.585959e+02
9.999999e-01 3.679130e-04 -1.649828e-04 1.497679e+02 -3.681534e-04 9.999989e-01 -1.457914e-03 3.052981e+00 1.644459e-04 1.457974e-03 9.999989e-01 -1.580209e+02
9.999806e-01 -4.534682e-04 -6.214566e-03 1.493292e+02 4.655724e-04 9.999980e-01 1.946369e-03 3.080962e+00 6.213671e-03 -1.949224e-03 9.999788e-01 -1.559723e+02
9.999985e-01 5.567667e-04 -1.628482e-03 1.488540e+02 -5.589360e-04 9.999990e-01 -1.331849e-03 3.131249e+00 1.627739e-03 1.332757e-03 9.999978e-01 -1.538345e+02
9.999887e-01 -9.167336e-04 -4.662014e-03 1.502062e+02 9.237690e-04 9.999984e-01 1.507115e-03 3.093461e+00 4.660625e-03 -1.511404e-03 9.999880e-01 -1.527924e+02
9.999996e-01 4.078078e-04 -8.562737e-04 1.509885e+02 -4.089008e-04 9.999991e-01 -1.276424e-03 3.070292e+00 8.557521e-04 1.276773e-03 9.999988e-01 -1.514714e+02
9.999826e-01 -2.688890e-04 -5.888649e-03 1.504273e+02 2.802722e-04 9.999981e-01 1.932294e-03 3.107945e+00 5.888118e-03 -1.933911e-03 9.999808e-01 -1.497371e+02
9.999999e-01 3.819027e-04 -1.338297e-04 1.500745e+02 -3.820939e-04 9.999989e-01 -1.429875e-03 3.130262e+00 1.332832e-04 1.429925e-03 9.999990e-01 -1.482277e+02
9.999847e-01 -2.707092e-04 -5.531897e-03 1.498193e+02 2.809215e-04 9.999983e-01 1.845338e-03 3.141448e+00 5.531388e-03 -1.846863e-03 9.999830e-01 -1.467117e+02
9.999992e-01 5.042988e-04 -1.153654e-03 1.489502e+02 -5.055795e-04 9.999993e-01 -1.109921e-03 3.198193e+00 1.153093e-03 1.110503e-03 9.999987e-01 -1.449552e+02
9.999845e-01 -3.687000e-04 -5.551787e-03 1.488784e+02 3.774883e-04 9.999987e-01 1.581964e-03 3.210615e+00 5.551196e-03 -1.584035e-03 9.999833e-01 -1.435523e+02
1.000000e+00 9.579695e-05 2.377958e-04 1.499504e+02 -9.543890e-05 9.999989e-01 -1.506292e-03 3.169309e+00 -2.379401e-04 1.506269e-03 9.999988e-01 -1.427110e+02
9.999844e-01 -1.031292e-04 -5.583389e-03 1.497271e+02 1.137853e-04 9.999982e-01 1.908214e-03 3.181599e+00 5.583182e-03 -1.908819e-03 9.999826e-01 -1.415661e+02
9.999999e-01 1.223751e-04 -3.347281e-04 1.494384e+02 -1.228742e-04 9.999989e-01 -1.490842e-03 3.201002e+00 3.345450e-04 1.490882e-03 9.999988e-01 -1.400666e+02
9.999826e-01 -1.333628e-05 -5.904027e-03 1.508823e+02 2.233055e-05 9.999988e-01 1.523308e-03 3.158119e+00 5.904000e-03 -1.523413e-03 9.999814e-01 -1.392774e+02
9.999998e-01 -3.661488e-04 -4.213885e-04 1.533801e+02 3.654704e-04 9.999986e-01 -1.608387e-03 3.094488e+00 4.219765e-04 1.608232e-03 9.999986e-01 -1.386284e+02
9.999905e-01 5.031096e-05 -4.367393e-03 1.540145e+02 -4.362367e-05 9.999988e-01 1.531210e-03 3.055006e+00 4.367465e-03 -1.531004e-03 9.999893e-01 -1.370817e+02
9.999982e-01 2.524305e-04 -1.883229e-03 1.537010e+02 -2.540990e-04 9.999996e-01 -8.856464e-04 3.076507e+00 1.883005e-03 8.861226e-04 9.999978e-01 -1.356448e+02
9.999939e-01 -2.490593e-04 -3.479277e-03 1.538506e+02 2.530828e-04 9.999993e-01 1.155960e-03 3.068957e+00 3.478987e-03 -1.156833e-03 9.999933e-01 -1.341785e+02
9.999975e-01 3.101897e-04 -2.231453e-03 1.536346e+02 -3.119961e-04 9.999996e-01 -8.090875e-04 3.081939e+00 2.231201e-03 8.097810e-04 9.999972e-01 -1.326483e+02
9.999946e-01 -3.600780e-04 -3.276148e-03 1.537427e+02 3.637081e-04 9.999993e-01 1.107459e-03 3.076444e+00 3.275747e-03 -1.108644e-03 9.999940e-01 -1.311707e+02
9.999964e-01 1.856375e-04 -2.694889e-03 1.537535e+02 -1.878877e-04 9.999996e-01 -8.346665e-04 3.084728e+00 2.694733e-03 8.351691e-04 9.999960e-01 -1.292013e+02
9.999931e-01 -4.161282e-04 -3.701582e-03 1.542599e+02 4.199917e-04 9.999994e-01 1.042968e-03 3.076212e+00 3.701145e-03 -1.044514e-03 9.999926e-01 -1.271796e+02
9.999980e-01 2.029405e-04 -1.978642e-03 1.550258e+02 -2.046190e-04 9.999996e-01 -8.480307e-04 3.043649e+00 1.978469e-03 8.484332e-04 9.999977e-01 -1.258154e+02
9.999852e-01 -1.293266e-04 -5.434589e-03 1.566305e+02 1.375103e-04 9.999989e-01 1.505465e-03 2.992591e+00 5.434388e-03 -1.506189e-03 9.999841e-01 -1.242815e+02
9.999976e-01 -5.514638e-04 -2.105454e-03 1.599020e+02 5.473171e-04 9.999979e-01 -1.969450e-03 2.884094e+00 2.106535e-03 1.968292e-03 9.999958e-01 -1.226247e+02
9.999817e-01 1.025736e-03 -5.967331e-03 1.587867e+02 -1.007641e-03 9.999949e-01 3.034484e-03 2.959211e+00 5.970413e-03 -3.028414e-03 9.999776e-01 -1.206394e+02
9.999959e-01 -8.462129e-04 -2.753223e-03 1.576545e+02 8.417059e-04 9.999983e-01 -1.637614e-03 3.008383e+00 2.754604e-03 1.635289e-03 9.999949e-01 -1.205666e+02
9.999967e-01 6.064764e-04 2.492619e-03 1.590384e+02 -6.104843e-04 9.999985e-01 1.607560e-03 3.046264e+00 -2.491641e-03 -1.609076e-03 9.999956e-01 -1.224558e+02
9.999831e-01 -5.566482e-04 -5.782719e-03 1.612067e+02 5.482534e-04 9.999988e-01 -1.453139e-03 3.061539e+00 5.783521e-03 1.449944e-03 9.999822e-01 -1.235323e+02
9.999993e-01 3.474979e-05 1.147358e-03 1.642066e+02 -3.657176e-05 9.999987e-01 1.588231e-03 3.038084e+00 -1.147301e-03 -1.588271e-03 9.999981e-01 -1.239386e+02
9.999599e-01 -5.981583e-04 -8.933583e-03 1.674392e+02 5.823101e-04 9.999983e-01 -1.776470e-03 2.945833e+00 8.934630e-03 1.771196e-03 9.999585e-01 -1.226511e+02
9.999988e-01 8.347319e-05 -1.521571e-03 1.722054e+02 -8.110931e-05 9.999988e-01 1.553388e-03 2.818234e+00 1.521699e-03 -1.553262e-03 9.999976e-01 -1.207101e+02
9.999783e-01 -1.122405e-03 -6.495033e-03 1.761010e+02 1.110236e-03 9.999976e-01 -1.876937e-03 2.740724e+00 6.497124e-03 1.869685e-03 9.999771e-01 -1.198523e+02
9.999989e-01 9.186234e-04 1.197927e-03 1.767388e+02 -9.214256e-04 9.999968e-01 2.341026e-03 2.732343e+00 -1.195772e-03 -2.342126e-03 9.999965e-01 -1.193900e+02
9.999347e-01 -6.198787e-04 -1.141476e-02 1.747044e+02 6.103965e-04 9.999995e-01 -8.341410e-04 2.886099e+00 1.141527e-02 8.271183e-04 9.999345e-01 -1.170376e+02
9.999990e-01 1.120882e-03 8.232040e-04 1.728181e+02 -1.122595e-03 9.999972e-01 2.082918e-03 3.027082e+00 -8.208667e-04 -2.083840e-03 9.999975e-01 -1.149563e+02
9.999717e-01 -1.114441e-03 -7.441661e-03 1.721405e+02 1.105051e-03 9.999986e-01 -1.265855e-03 3.080148e+00 7.443061e-03 1.257595e-03 9.999715e-01 -1.138370e+02
9.999988e-01 1.409316e-03 6.832407e-04 1.713087e+02 -1.410747e-03 9.999968e-01 2.100090e-03 3.133561e+00 -6.802786e-04 -2.101050e-03 9.999976e-01 -1.130234e+02
9.999709e-01 -1.392707e-03 -7.506947e-03 1.703829e+02 1.383454e-03 9.999983e-01 -1.237615e-03 3.201576e+00 7.508658e-03 1.227192e-03 9.999711e-01 -1.116256e+02
9.999925e-01 1.647128e-03 -3.494535e-03 1.683325e+02 -1.637685e-03 9.999950e-01 2.703387e-03 3.360878e+00 3.498970e-03 -2.697643e-03 9.999902e-01 -1.091666e+02
9.999486e-01 -1.102555e-03 -1.008171e-02 1.652680e+02 1.095157e-03 9.999991e-01 -7.393348e-04 3.592425e+00 1.008251e-02 7.282551e-04 9.999489e-01 -1.060503e+02
9.999989e-01 1.256444e-03 -7.742093e-04 1.634798e+02 -1.254812e-03 9.999970e-01 2.104539e-03 3.749655e+00 7.768514e-04 -2.103565e-03 9.999975e-01 -1.038273e+02
9.999782e-01 -1.868516e-03 -6.326714e-03 1.634976e+02 1.860860e-03 9.999975e-01 -1.215795e-03 3.830986e+00 6.328969e-03 1.203995e-03 9.999792e-01 -1.031060e+02
9.999966e-01 1.128648e-03 -2.358702e-03 1.632952e+02 -1.123235e-03 9.999967e-01 2.294998e-03 3.967940e+00 2.361284e-03 -2.292340e-03 9.999946e-01 -1.022695e+02
9.999716e-01 -1.608597e-03 -7.360924e-03 1.622361e+02 1.600271e-03 9.999981e-01 -1.136735e-03 4.103065e+00 7.362738e-03 1.124923e-03 9.999723e-01 -1.004475e+02
9.999976e-01 1.586295e-03 -1.510975e-03 1.608568e+02 -1.582817e-03 9.999961e-01 2.299962e-03 4.215361e+00 1.514617e-03 -2.297564e-03 9.999962e-01 -9.841766e+01
9.999686e-01 -1.179515e-03 -7.840603e-03 1.592297e+02 1.171176e-03 9.999987e-01 -1.068029e-03 4.334711e+00 7.841852e-03 1.058812e-03 9.999687e-01 -9.655118e+01
9.999985e-01 1.271544e-03 1.200053e-03 1.589756e+02 -1.273582e-03 9.999977e-01 1.699337e-03 4.366722e+00 -1.197889e-03 -1.700862e-03 9.999978e-01 -9.546287e+01
9.999810e-01 -1.707785e-03 -5.922540e-03 1.597036e+02 1.698695e-03 9.999974e-01 -1.539402e-03 4.351231e+00 5.925153e-03 1.529312e-03 9.999813e-01 -9.496391e+01
9.999993e-01 1.114571e-03 2.773997e-04 1.607296e+02 -1.115119e-03 9.999974e-01 1.986747e-03 4.365162e+00 -2.751844e-04 -1.987054e-03 9.999980e-01 -9.473870e+01
9.999820e-01 -1.764103e-03 -5.740834e-03 1.613660e+02 1.754097e-03 9.999969e-01 -1.747454e-03 4.375009e+00 5.743899e-03 1.737352e-03 9.999820e-01 -9.397421e+01
9.999982e-01 1.762292e-03 6.689569e-04 1.613453e+02 -1.763722e-03 9.999961e-01 2.144120e-03 4.373522e+00 -6.651755e-04 -2.145296e-03 9.999975e-01 -9.287337e+01
9.999834e-01 -1.888386e-03 -5.448871e-03 1.614961e+02 1.878224e-03 9.999965e-01 -1.869358e-03 4.359820e+00 5.452381e-03 1.859092e-03 9.999834e-01 -9.182164e+01
9.999983e-01 1.831157e-03 -8.026299e-05 1.617642e+02 -1.830975e-03 9.999959e-01 2.198283e-03 4.354411e+00 8.428829e-05 -2.198132e-03 9.999976e-01 -9.079441e+01
9.999640e-01 -1.380136e-03 -8.374841e-03 1.604131e+02 1.372007e-03 9.999986e-01 -9.762740e-04 4.431206e+00 8.376176e-03 9.647479e-04 9.999645e-01 -8.981280e+01
9.999978e-01 1.887022e-03 -8.764131e-04 1.589260e+02 -1.884964e-03 9.999955e-01 2.342457e-03 4.524317e+00 8.808296e-04 -2.340799e-03 9.999969e-01 -8.863562e+01
9.999841e-01 -2.175865e-03 -5.198554e-03 1.598534e+02 2.165006e-03 9.999955e-01 -2.093520e-03 4.513892e+00 5.203086e-03 2.082231e-03 9.999843e-01 -8.780697e+01
9.999985e-01 1.498387e-03 -9.164963e-04 1.610064e+02 -1.496141e-03 9.999959e-01 2.446307e-03 4.521997e+00 9.201582e-04 -2.444932e-03 9.999966e-01 -8.721366e+01
9.999892e-01 -2.412805e-03 -3.978205e-03 1.630367e+02 2.403848e-03 9.999946e-01 -2.254760e-03 4.510915e+00 3.983624e-03 2.245172e-03 9.999895e-01 -8.730597e+01
9.999984e-01 1.764729e-03 4.458485e-05 1.642711e+02 -1.764831e-03 9.999955e-01 2.412122e-03 4.502996e+00 -4.032769e-05 -2.412197e-03 9.999971e-01 -8.751598e+01
9.999890e-01 -1.793346e-03 -4.325849e-03 1.647914e+02 1.783988e-03 9.999961e-01 -2.166119e-03 4.480745e+00 4.329716e-03 2.158377e-03 9.999883e-01 -8.734588e+01
9.999985e-01 1.756784e-03 -5.028422e-05 1.651900e+02 -1.756655e-03 9.999954e-01 2.457689e-03 4.457511e+00 5.460183e-05 -2.457597e-03 9.999970e-01 -8.699353e+01
9.999892e-01 -1.850136e-03 -4.252657e-03 1.656087e+02 1.840662e-03 9.999958e-01 -2.230501e-03 4.428200e+00 4.256766e-03 2.222649e-03 9.999885e-01 -8.636014e+01
9.999987e-01 1.444444e-03 -7.775148e-04 1.668290e+02 -1.442607e-03 9.999962e-01 2.358052e-03 4.398343e+00 7.809181e-04 -2.356926e-03 9.999969e-01 -8.577825e+01
9.999859e-01 -1.582095e-03 -5.062717e-03 1.662214e+02 1.572787e-03 9.999971e-01 -1.841883e-03 4.437059e+00 5.065616e-03 1.833894e-03 9.999855e-01 -8.391783e+01
9.999940e-01 1.790735e-03 -2.964601e-03 1.656627e+02 -1.782857e-03 9.999949e-01 2.657808e-03 4.485995e+00 2.969346e-03 -2.652506e-03 9.999921e-01 -8.211915e+01
9.999934e-01 -2.535471e-03 -2.604743e-03 1.676678e+02 2.529285e-03 9.999940e-01 -2.375423e-03 4.465796e+00 2.610750e-03 2.368818e-03 9.999938e-01 -8.210263e+01
9.999952e-01 1.851035e-03 -2.479585e-03 1.693050e+02 -1.844369e-03 9.999947e-01 2.687851e-03 4.453965e+00 2.484547e-03 -2.683265e-03 9.999933e-01 -8.222486e+01
9.999949e-01 -2.014173e-03 -2.489451e-03 1.703900e+02 2.008031e-03 9.999949e-01 -2.466926e-03 4.425403e+00 2.494408e-03 2.461914e-03 9.999939e-01 -8.194499e+01
9.999963e-01 1.877816e-03 -1.979480e-03 1.711211e+02 -1.872446e-03 9.999946e-01 2.711080e-03 4.397476e+00 1.984560e-03 -2.707363e-03 9.999944e-01 -8.157275e+01
9.999957e-01 -2.004460e-03 -2.137227e-03 1.714927e+02 1.998797e-03 9.999945e-01 -2.648588e-03 4.368015e+00 2.142524e-03 2.644305e-03 9.999942e-01 -8.071621e+01
9.999948e-01 1.898148e-03 -2.588662e-03 1.718693e+02 -1.890939e-03 9.999943e-01 2.784336e-03 4.343164e+00 2.593933e-03 -2.779426e-03 9.999928e-01 -7.962127e+01
9.999956e-01 -1.953576e-03 -2.249429e-03 1.722093e+02 1.947719e-03 9.999947e-01 -2.602662e-03 4.327414e+00 2.254501e-03 2.598268e-03 9.999941e-01 -7.877244e+01
9.999935e-01 1.997072e-03 -3.000381e-03 1.721477e+02 -1.988068e-03 9.999935e-01 3.000607e-03 4.336112e+00 3.006354e-03 -2.994622e-03 9.999910e-01 -7.787910e+01
9.999957e-01 -1.933803e-03 -2.196475e-03 1.721314e+02 1.928079e-03 9.999947e-01 -2.604915e-03 4.340273e+00 2.201500e-03 2.600669e-03 9.999942e-01 -7.699965e+01
9.999924e-01 2.016874e-03 -3.324121e-03 1.720300e+02 -2.006568e-03 9.999932e-01 3.100410e-03 4.352319e+00 3.330351e-03 -3.093715e-03 9.999897e-01 -7.609638e+01
9.999967e-01 -1.940126e-03 -1.682828e-03 1.719988e+02 1.935473e-03 9.999943e-01 -2.762155e-03 4.352598e+00 1.688177e-03 2.758888e-03 9.999948e-01 -7.523185e+01
9.999915e-01 2.196521e-03 -3.487164e-03 1.718775e+02 -2.185197e-03 9.999923e-01 3.247842e-03 4.359689e+00 3.494271e-03 -3.240193e-03 9.999886e-01 -7.468427e+01
9.999973e-01 -2.195624e-03 -8.025036e-04 1.722870e+02 2.193336e-03 9.999936e-01 -2.840682e-03 4.353705e+00 8.087353e-04 2.838913e-03 9.999956e-01 -7.483444e+01
9.999941e-01 1.989092e-03 -2.811471e-03 1.733523e+02 -1.980326e-03 9.999932e-01 3.117149e-03 4.354813e+00 2.817652e-03 -3.111562e-03 9.999912e-01 -7.533984e+01
9.999964e-01 -2.054999e-03 -1.738300e-03 1.740254e+02 2.049977e-03 9.999937e-01 -2.885414e-03 4.332216e+00 1.744219e-03 2.881839e-03 9.999943e-01 -7.515468e+01
9.999937e-01 1.966387e-03 -2.953517e-03 1.748683e+02 -1.957480e-03 9.999935e-01 3.015466e-03 4.292485e+00 2.959428e-03 -3.009665e-03 9.999911e-01 -7.454875e+01
9.999966e-01 -2.086319e-03 -1.573774e-03 1.752396e+02 2.081688e-03 9.999935e-01 -2.938037e-03 4.265425e+00 1.579893e-03 2.934751e-03 9.999944e-01 -7.341805e+01
9.999890e-01 2.195213e-03 -4.138655e-03 1.748766e+02 -2.180599e-03 9.999914e-01 3.532185e-03 4.287216e+00 4.146373e-03 -3.523121e-03 9.999852e-01 -7.221096e+01
9.999961e-01 -1.974342e-03 -1.958935e-03 1.743804e+02 1.968804e-03 9.999941e-01 -2.824935e-03 4.318875e+00 1.964501e-03 2.821066e-03 9.999941e-01 -7.098868e+01
9.999922e-01 2.010644e-03 -3.408305e-03 1.741293e+02 -1.999464e-03 9.999926e-01 3.280503e-03 4.328650e+00 3.414875e-03 -3.273662e-03 9.999888e-01 -6.956762e+01
9.999960e-01 -1.962389e-03 -2.031017e-03 1.740756e+02 1.956344e-03 9.999937e-01 -2.973970e-03 4.327799e+00 2.036840e-03 2.969985e-03 9.999935e-01 -6.799773e+01
9.999944e-01 1.831376e-03 -2.811225e-03 1.747834e+02 -1.822747e-03 9.999936e-01 3.068801e-03 4.291474e+00 2.816828e-03 -3.063659e-03 9.999913e-01 -6.712253e+01
9.999961e-01 -2.758692e-03 4.912007e-04 1.773881e+02 2.760309e-03 9.999907e-01 -3.324155e-03 4.362612e+00 -4.820260e-04 3.325497e-03 9.999944e-01 -6.982246e+01
9.999992e-01 1.194453e-03 4.235536e-04 1.811196e+02 -1.195762e-03 9.999945e-01 3.104795e-03 4.487367e+00 -4.198425e-04 -3.105298e-03 9.999951e-01 -7.472103e+01
9.999955e-01 -2.167489e-03 -2.073719e-03 1.841267e+02 2.160971e-03 9.999927e-01 -3.139742e-03 4.559422e+00 2.080509e-03 3.135246e-03 9.999929e-01 -7.723935e+01
