9.999785e-01 -2.483637e-04 -6.558648e-03 6.590001e-04 2.468190e-04 9.999999e-01 -2.363290e-04 1.207821e-02 6.558706e-03 2.347044e-04 9.999785e-01 -4.153176e-01
9.999988e-01 -3.552486e-04 1.497378e-03 4.723856e-01 3.555899e-04 9.999999e-01 -2.276682e-04 3.770448e-02 -1.497296e-03 2.282011e-04 9.999989e-01 -1.853444e+00
9.999784e-01 1.963070e-04 -6.568017e-03 3.657155e-01 -1.958996e-04 1.000000e+00 6.266283e-05 5.438209e-02 6.568029e-03 -6.137552e-05 9.999784e-01 -1.905441e+00
9.999978e-01 -2.249030e-04 2.108828e-03 1.974973e-01 2.252727e-04 1.000000e+00 -1.750893e-04 5.364666e-02 -2.108788e-03 1.755647e-04 9.999978e-01 -1.221293e+00
9.999779e-01 2.173161e-04 -6.651168e-03 4.291730e-02 -2.161015e-04 1.000000e+00 1.833318e-04 5.371116e-02 6.651207e-03 -1.818911e-04 9.999779e-01 -6.866017e-01
9.999965e-01 -2.381791e-04 2.625722e-03 4.845326e-02 2.388684e-04 9.999999e-01 -2.622099e-04 3.848599e-02 -2.625659e-03 2.628369e-04 9.999965e-01 1.028552e-02
9.999757e-01 2.467849e-04 -6.962050e-03 3.382459e-02 -2.454698e-04 1.000000e+00 1.897430e-04 2.339064e-02 6.962096e-03 -1.880301e-04 9.999757e-01 4.756620e-01
9.999960e-01 -2.721315e-04 2.813292e-03 4.455003e-01 2.719935e-04 1.000000e+00 4.944272e-05 4.624114e-03 -2.813305e-03 -4.867661e-05 9.999960e-01 6.696839e-01
9.999763e-01 2.346516e-04 -6.880949e-03 3.656936e-01 -2.369020e-04 9.999999e-01 -3.262261e-04 -6.793067e-03 6.880872e-03 3.278478e-04 9.999763e-01 1.606294e+00
9.999988e-01 -2.948658e-04 1.548749e-03 -3.648855e-03 2.945432e-04 9.999999e-01 2.085498e-04 2.411228e-03 -1.548811e-03 -2.080926e-04 9.999988e-01 2.387918e+00
9.999738e-01 2.320444e-04 -7.240274e-03 -3.826984e-01 -2.329758e-04 1.000000e+00 -1.277944e-04 1.218052e-02 7.240243e-03 1.294771e-04 9.999738e-01 2.989624e+00
9.999989e-01 -2.256090e-04 1.446526e-03 -7.305449e-01 2.252755e-04 9.999999e-01 2.307084e-04 1.942950e-02 -1.446578e-03 -2.303816e-04 9.999989e-01 3.313692e+00
9.999763e-01 -2.568590e-04 -6.883390e-03 -7.779700e-02 2.533640e-04 9.999998e-01 -5.086020e-04 3.189018e-02 6.883520e-03 5.068452e-04 9.999762e-01 2.315786e+00
9.999980e-01 -1.397228e-04 2.014274e-03 4.546518e-01 1.390102e-04 9.999999e-01 3.539456e-04 4.313730e-02 -2.014323e-03 -3.536642e-04 9.999979e-01 1.366626e+00
9.999774e-01 1.329974e-04 -6.715638e-03 6.263503e-01 -1.350306e-04 9.999999e-01 -3.022940e-04 3.158382e-02 6.715597e-03 3.031933e-04 9.999774e-01 1.885570e+00
9.999987e-01 -4.353393e-05 1.634489e-03 9.263227e-01 4.286767e-05 9.999999e-01 4.076936e-04 1.929434e-02 -1.634506e-03 -4.076223e-04 9.999986e-01 2.464311e+00
9.999821e-01 -7.465172e-05 -5.990031e-03 1.439453e+00 7.273726e-05 9.999999e-01 -3.198169e-04 -1.427554e-03 5.990054e-03 3.193747e-04 9.999820e-01 2.835868e+00
9.999975e-01 1.833842e-05 2.218544e-03 1.428269e+00 -1.838988e-05 1.000000e+00 2.319728e-05 -2.072242e-02 -2.218543e-03 -2.323731e-05 9.999975e-01 3.873492e+00
9.999808e-01 -4.995184e-05 -6.197032e-03 1.497274e+00 4.958411e-05 1.000000e+00 -5.948349e-05 -4.068409e-02 6.197035e-03 5.917437e-05 9.999808e-01 4.673432e+00
9.999973e-01 4.528788e-06 2.325324e-03 1.577648e+00 -4.139807e-06 1.000000e+00 -1.672595e-04 -6.652519e-02 -2.325324e-03 1.672502e-04 9.999973e-01 5.746456e+00
9.999801e-01 -4.316441e-05 -6.304846e-03 1.701843e+00 4.286332e-05 1.000000e+00 -4.788070e-05 -9.480541e-02 6.304848e-03 4.760879e-05 9.999801e-01 6.915889e+00
9.999990e-01 1.523861e-04 1.405470e-03 1.840099e+00 -1.524784e-04 1.000000e+00 6.559873e-05 -1.111801e-01 -1.405459e-03 -6.581226e-05 9.999990e-01 7.873340e+00
9.999709e-01 -3.574095e-06 -7.632489e-03 2.188576e+00 5.239759e-06 1.000000e+00 2.182213e-04 -1.092870e-01 7.632487e-03 -2.182557e-04 9.999708e-01 8.342968e+00
9.999969e-01 1.525570e-05 2.486104e-03 2.832154e+00 -1.497049e-05 1.000000e+00 -1.147127e-04 -1.116510e-01 -2.486106e-03 1.146758e-04 9.999969e-01 8.596004e+00
9.999765e-01 -2.444087e-05 -6.859741e-03 2.810846e+00 2.465114e-05 1.000000e+00 3.057701e-05 -1.259546e-01 6.859740e-03 -3.074610e-05 9.999765e-01 9.677232e+00
9.999985e-01 1.875623e-04 1.731128e-03 3.117269e+00 -1.875998e-04 1.000000e+00 2.155171e-05 -1.440698e-01 -1.731123e-03 -2.187572e-05 9.999985e-01 1.056974e+01
9.999806e-01 -1.684890e-04 -6.227712e-03 3.410369e+00 1.682493e-04 1.000000e+00 -3.899578e-05 -1.676883e-01 6.227719e-03 3.794651e-05 9.999806e-01 1.158200e+01
9.999973e-01 1.409331e-04 2.324335e-03 3.501880e+00 -1.403584e-04 1.000000e+00 -2.473938e-04 -1.940668e-01 -2.324369e-03 2.470676e-04 9.999973e-01 1.274775e+01
9.999794e-01 -7.345768e-05 -6.423245e-03 3.707781e+00 7.434733e-05 1.000000e+00 1.382774e-04 -2.273192e-01 6.423234e-03 -1.387528e-04 9.999794e-01 1.393295e+01
9.999969e-01 7.032915e-05 2.497253e-03 3.741381e+00 -6.946190e-05 9.999999e-01 -3.473395e-04 -2.476682e-01 -2.497277e-03 3.471657e-04 9.999968e-01 1.501280e+01
9.999800e-01 -7.085211e-05 -6.320105e-03 3.796514e+00 7.176825e-05 1.000000e+00 1.447409e-04 -2.710902e-01 6.320095e-03 -1.451923e-04 9.999800e-01 1.597949e+01
9.999968e-01 5.794995e-05 2.530485e-03 3.880775e+00 -5.710855e-05 9.999999e-01 -3.325457e-04 -2.963836e-01 -2.530504e-03 3.324009e-04 9.999967e-01 1.699731e+01
9.999798e-01 -5.642652e-05 -6.348070e-03 3.943010e+00 5.711013e-05 1.000000e+00 1.075174e-04 -3.202606e-01 6.348064e-03 -1.078785e-04 9.999798e-01 1.800131e+01
9.999971e-01 2.376799e-05 2.396176e-03 3.941949e+00 -2.308802e-05 1.000000e+00 -2.837672e-04 -3.364605e-01 -2.396182e-03 2.837117e-04 9.999971e-01 1.889814e+01
9.999768e-01 -1.673295e-05 -6.812719e-03 3.787657e+00 1.834510e-05 1.000000e+00 2.365872e-04 -3.412176e-01 6.812714e-03 -2.367074e-04 9.999768e-01 1.947455e+01
9.999978e-01 2.584021e-05 2.113390e-03 3.555082e+00 -2.532974e-05 1.000000e+00 -2.415248e-04 -3.405417e-01 -2.113396e-03 2.414715e-04 9.999977e-01 1.993894e+01
9.999785e-01 -7.030092e-05 -6.554877e-03 3.409048e+00 7.141519e-05 1.000000e+00 1.697700e-04 -3.436193e-01 6.554865e-03 -1.702352e-04 9.999785e-01 2.062581e+01
9.999979e-01 4.822196e-05 2.026966e-03 3.321703e+00 -4.778433e-05 1.000000e+00 -2.159073e-04 -3.493866e-01 -2.026976e-03 2.158107e-04 9.999979e-01 2.132011e+01
9.999733e-01 -6.030135e-05 -7.301814e-03 2.948937e+00 6.230449e-05 1.000000e+00 2.741196e-04 -3.421165e-01 7.301796e-03 -2.745679e-04 9.999733e-01 2.166163e+01
9.999972e-01 5.888596e-05 2.359585e-03 2.656179e+00 -5.838795e-05 1.000000e+00 -2.110877e-04 -3.407504e-01 -2.359597e-03 2.109500e-04 9.999972e-01 2.198244e+01
9.999773e-01 -6.022273e-05 -6.739482e-03 2.522489e+00 6.150585e-05 1.000000e+00 1.901932e-04 -3.467340e-01 6.739470e-03 -1.906042e-04 9.999773e-01 2.254788e+01
9.999963e-01 6.360803e-05 2.718133e-03 2.535669e+00 -6.305115e-05 1.000000e+00 -2.049274e-04 -3.619856e-01 -2.718146e-03 2.047560e-04 9.999963e-01 2.316087e+01
9.999773e-01 -5.469767e-05 -6.740961e-03 2.640100e+00 5.635229e-05 1.000000e+00 2.452814e-04 -3.834939e-01 6.740947e-03 -2.456564e-04 9.999772e-01 2.378926e+01
9.999961e-01 6.047383e-05 2.796238e-03 2.716195e+00 -5.972543e-05 1.000000e+00 -2.676926e-04 -4.045695e-01 -2.796254e-03 2.675253e-04 9.999961e-01 2.445699e+01
9.999732e-01 5.991783e-05 -7.320379e-03 3.043536e+00 -5.650962e-05 9.999999e-01 4.657972e-04 -4.258309e-01 7.320405e-03 -4.653718e-04 9.999731e-01 2.485406e+01
9.999962e-01 -3.380989e-05 2.774282e-03 3.515277e+00 3.438199e-05 1.000000e+00 -2.061318e-04 -4.441987e-01 -2.774275e-03 2.062271e-04 9.999961e-01 2.507911e+01
9.999745e-01 5.139685e-05 -7.147868e-03 3.415406e+00 -5.001406e-05 1.000000e+00 1.936479e-04 -4.517715e-01 7.147877e-03 -1.932862e-04 9.999744e-01 2.563811e+01
9.999955e-01 -4.111086e-05 2.997701e-03 3.346445e+00 4.185441e-05 1.000000e+00 -2.479444e-04 -4.609219e-01 -2.997690e-03 2.480695e-04 9.999955e-01 2.618057e+01
9.999759e-01 3.302053e-05 -6.946098e-03 3.349923e+00 -3.239065e-05 1.000000e+00 9.080902e-05 -4.778071e-01 6.946101e-03 -9.058255e-05 9.999759e-01 2.683782e+01
9.999969e-01 1.200480e-04 2.502110e-03 3.632023e+00 -1.203446e-04 1.000000e+00 1.184527e-04 -5.034087e-01 -2.502096e-03 -1.187527e-04 9.999969e-01 2.720843e+01
9.999748e-01 -8.701544e-05 -7.093586e-03 4.160599e+00 8.799458e-05 1.000000e+00 1.377347e-04 -5.187583e-01 7.093573e-03 -1.383561e-04 9.999748e-01 2.729667e+01
9.999951e-01 8.988836e-05 3.137489e-03 4.221213e+00 -8.958233e-05 1.000000e+00 -9.764378e-05 -5.378812e-01 -3.137498e-03 9.736294e-05 9.999951e-01 2.784618e+01
9.999752e-01 -9.279777e-05 -7.040954e-03 4.216532e+00 9.209187e-05 1.000000e+00 -1.005661e-04 -5.550567e-01 7.040963e-03 9.991447e-05 9.999752e-01 2.856247e+01
9.999961e-01 1.461678e-04 2.788527e-03 4.427194e+00 -1.469438e-04 1.000000e+00 2.781210e-04 -5.771112e-01 -2.788486e-03 -2.785290e-04 9.999961e-01 2.883273e+01
9.999784e-01 -2.291704e-04 -6.567026e-03 4.672453e+00 2.277267e-04 9.999999e-01 -2.205705e-04 -5.952294e-01 6.567076e-03 2.190695e-04 9.999784e-01 2.912830e+01
9.999966e-01 1.950350e-04 2.588346e-03 4.929052e+00 -1.955205e-04 1.000000e+00 1.873420e-04 -6.168404e-01 -2.588309e-03 -1.878468e-04 9.999966e-01 2.956606e+01
9.999792e-01 -1.523838e-04 -6.449217e-03 5.108988e+00 1.512158e-04 1.000000e+00 -1.815701e-04 -6.451081e-01 6.449244e-03 1.805904e-04 9.999792e-01 3.035013e+01
9.999966e-01 2.039615e-04 2.586187e-03 5.091398e+00 -2.039517e-04 1.000000e+00 -4.017004e-06 -6.610747e-01 -2.586188e-03 3.490236e-06 9.999967e-01 3.107862e+01
9.999736e-01 -2.889784e-04 -7.266383e-03 5.100222e+00 2.887862e-04 1.000000e+00 -2.747959e-05 -6.673144e-01 7.266390e-03 2.537973e-05 9.999736e-01 3.101059e+01
9.999959e-01 9.046082e-06 2.847177e-03 5.103656e+00 -8.720646e-06 1.000000e+00 -1.142716e-04 -6.694465e-01 -2.847177e-03 1.142470e-04 9.999959e-01 3.044529e+01
9.999702e-01 -1.605271e-04 -7.724407e-03 6.995323e+00 1.590858e-04 1.000000e+00 -1.871873e-04 -6.716989e-01 7.724437e-03 1.859522e-04 9.999701e-01 2.986715e+01
9.999937e-01 1.755869e-04 3.555496e-03 6.920451e+00 -1.762229e-04 1.000000e+00 1.786018e-04 -6.840499e-01 -3.555464e-03 -1.792265e-04 9.999937e-01 3.030212e+01
9.999720e-01 -1.443292e-04 -7.480356e-03 6.978445e+00 1.427264e-04 1.000000e+00 -2.147826e-04 -7.059595e-01 7.480386e-03 2.137083e-04 9.999720e-01 3.092928e+01
9.999944e-01 1.066166e-04 3.342304e-03 6.920748e+00 -1.068940e-04 1.000000e+00 8.284143e-05 -7.178068e-01 -3.342295e-03 -8.319754e-05 9.999944e-01 3.126102e+01
9.999759e-01 -9.833592e-05 -6.943576e-03 7.067263e+00 9.741964e-05 1.000000e+00 -1.322803e-04 -7.406059e-01 6.943588e-03 1.316000e-04 9.999759e-01 3.176539e+01
9.999959e-01 1.283033e-04 2.852846e-03 7.005105e+00 -1.286141e-04 1.000000e+00 1.087957e-04 -7.518622e-01 -2.852832e-03 -1.091615e-04 9.999959e-01 3.228625e+01
9.999762e-01 -1.057966e-04 -6.891816e-03 7.213848e+00 1.055096e-04 1.000000e+00 -4.199051e-05 -7.685002e-01 6.891820e-03 4.126166e-05 9.999763e-01 3.249084e+01
9.999975e-01 1.200973e-04 2.235092e-03 6.996377e+00 -1.202785e-04 1.000000e+00 8.096792e-05 -7.722664e-01 -2.235082e-03 -8.123585e-05 9.999975e-01 3.275615e+01
9.999722e-01 -1.266168e-04 -7.459409e-03 6.630103e+00 1.265905e-04 1.000000e+00 -3.971872e-06 -7.671773e-01 7.459409e-03 3.026771e-06 9.999722e-01 3.297114e+01
9.999975e-01 1.144605e-04 2.251407e-03 6.267731e+00 -1.146325e-04 1.000000e+00 7.634616e-05 -7.630961e-01 -2.251398e-03 -7.660336e-05 9.999975e-01 3.311868e+01
9.999759e-01 -1.039856e-04 -6.943118e-03 6.037386e+00 1.036506e-04 1.000000e+00 -4.858345e-05 -7.666536e-01 6.943122e-03 4.786192e-05 9.999759e-01 3.338403e+01
9.999972e-01 1.176084e-04 2.342768e-03 5.833257e+00 -1.177250e-04 1.000000e+00 4.969252e-05 -7.708722e-01 -2.342762e-03 -4.996749e-05 9.999973e-01 3.380811e+01
9.999785e-01 -1.046523e-04 -6.551838e-03 5.749667e+00 1.043065e-04 1.000000e+00 -5.309616e-05 -7.822481e-01 6.551843e-03 5.241092e-05 9.999785e-01 3.428223e+01
9.999982e-01 1.099055e-04 1.879685e-03 5.529193e+00 -1.099131e-04 1.000000e+00 4.028424e-06 -7.843863e-01 -1.879684e-03 -4.234320e-06 9.999982e-01 3.482629e+01
9.999770e-01 -1.408658e-04 -6.775593e-03 5.204542e+00 1.400182e-04 1.000000e+00 -1.255452e-04 -7.796119e-01 6.775611e-03 1.245929e-04 9.999770e-01 3.543054e+01
9.999973e-01 1.102499e-04 2.337282e-03 5.043013e+00 -1.102728e-04 1.000000e+00 9.724670e-06 -7.838449e-01 -2.337281e-03 -9.981685e-06 9.999973e-01 3.620150e+01
9.999768e-01 -5.412856e-05 -6.804380e-03 5.000298e+00 5.427034e-05 1.000000e+00 2.067304e-05 -7.926531e-01 6.804379e-03 -2.104253e-05 9.999768e-01 3.673228e+01
9.999966e-01 8.616200e-05 2.609525e-03 5.014377e+00 -8.631352e-05 1.000000e+00 5.800961e-05 -8.070597e-01 -2.609520e-03 -5.823396e-05 9.999966e-01 3.732216e+01
9.999774e-01 -8.322828e-05 -6.718863e-03 4.978983e+00 8.226236e-05 1.000000e+00 -1.440176e-04 -8.191148e-01 6.718875e-03 1.434610e-04 9.999774e-01 3.804135e+01
9.999964e-01 9.850011e-05 2.686007e-03 4.951648e+00 -9.876076e-05 1.000000e+00 9.696285e-05 -8.328845e-01 -2.685997e-03 -9.722708e-05 9.999964e-01 3.855850e+01
9.999752e-01 -1.147480e-04 -7.044393e-03 4.802723e+00 1.135218e-04 1.000000e+00 -1.744417e-04 -8.382653e-01 7.044412e-03 1.736369e-04 9.999752e-01 3.915311e+01
9.999962e-01 1.431029e-04 2.751207e-03 4.670293e+00 -1.432203e-04 1.000000e+00 4.250510e-05 -8.431615e-01 -2.751201e-03 -4.289827e-05 9.999962e-01 3.981980e+01
9.999719e-01 -1.345067e-04 -7.492865e-03 4.449593e+00 1.344852e-04 1.000000e+00 -3.362057e-06 -8.434730e-01 7.492865e-03 2.353588e-06 9.999719e-01 4.017630e+01
9.999964e-01 1.373843e-04 2.695152e-03 4.193963e+00 -1.376091e-04 1.000000e+00 8.327493e-05 -8.445684e-01 -2.695140e-03 -8.364481e-05 9.999964e-01 4.038705e+01
9.999762e-01 -1.589122e-04 -6.899964e-03 4.078760e+00 1.575824e-04 1.000000e+00 -1.932544e-04 -8.512444e-01 6.899994e-03 1.921618e-04 9.999762e-01 4.101370e+01
9.999978e-01 3.076480e-04 2.070761e-03 4.644191e+00 -3.082419e-04 9.999999e-01 2.865882e-04 -8.714119e-01 -2.070673e-03 -2.872252e-04 9.999978e-01 4.150341e+01
9.999749e-01 -1.278969e-04 -7.083992e-03 5.212193e+00 1.291973e-04 1.000000e+00 1.831321e-04 -8.932594e-01 7.083968e-03 -1.840435e-04 9.999749e-01 4.203954e+01
9.999971e-01 9.557948e-05 2.418866e-03 5.051740e+00 -9.462783e-05 9.999999e-01 -3.934734e-04 -8.995921e-01 -2.418903e-03 3.932440e-04 9.999970e-01 4.314981e+01
9.999692e-01 -1.332451e-04 -7.848101e-03 4.777465e+00 1.370374e-04 9.999999e-01 4.826922e-04 -8.966395e-01 7.848035e-03 -4.837535e-04 9.999691e-01 4.395498e+01
9.999990e-01 2.578783e-04 1.395767e-03 5.440793e+00 -2.575756e-04 9.999999e-01 -2.169698e-04 -8.979122e-01 -1.395823e-03 2.166108e-04 9.999990e-01 4.421317e+01
9.999758e-01 -4.251545e-05 -6.954291e-03 6.603957e+00 4.649723e-05 9.999998e-01 5.724273e-04 -9.092333e-01 6.954265e-03 -5.727375e-04 9.999757e-01 4.426558e+01
9.999989e-01 2.538041e-04 1.428341e-03 7.014826e+00 -2.534571e-04 9.999999e-01 -2.429849e-04 -9.269826e-01 -1.428402e-03 2.426233e-04 9.999990e-01 4.498538e+01
9.999792e-01 -1.112900e-04 -6.451093e-03 7.191563e+00 1.136007e-04 9.999999e-01 3.578516e-04 -9.443850e-01 6.451053e-03 -3.585777e-04 9.999791e-01 4.591579e+01
9.999976e-01 1.274280e-04 2.171074e-03 7.307670e+00 -1.264564e-04 9.999999e-01 -4.475428e-04 -9.628043e-01 -2.171131e-03 4.472679e-04 9.999975e-01 4.669043e+01
9.999776e-01 -3.945257e-05 -6.688795e-03 7.667788e+00 4.327391e-05 9.999998e-01 5.711869e-04 -9.852670e-01 6.688771e-03 -5.714643e-04 9.999775e-01 4.718227e+01
9.999974e-01 -5.484978e-05 2.291827e-03 8.080159e+00 5.606961e-05 9.999999e-01 -5.321123e-04 -9.942405e-01 -2.291797e-03 5.322401e-04 9.999972e-01 4.699591e+01
9.999752e-01 -7.189111e-05 -7.043511e-03 7.919756e+00 7.550759e-05 9.999999e-01 5.132088e-04 -9.923204e-01 7.043473e-03 -5.137286e-04 9.999751e-01 4.684694e+01
9.999961e-01 3.823358e-05 2.793562e-03 8.494540e+00 -3.722053e-05 9.999999e-01 -3.626214e-04 -1.003857e+00 -2.793575e-03 3.625167e-04 9.999960e-01 4.676488e+01
9.999731e-01 2.878929e-06 -7.333749e-03 9.021183e+00 1.366602e-06 9.999998e-01 5.789227e-04 -1.024641e+00 7.333749e-03 -5.789178e-04 9.999729e-01 4.709131e+01
9.999954e-01 4.158021e-05 3.022663e-03 9.407802e+00 -4.004846e-05 9.999999e-01 -5.067504e-04 -1.042396e+00 -3.022683e-03 5.066277e-04 9.999953e-01 4.737203e+01
9.999717e-01 3.649909e-05 -7.520775e-03 9.997528e+00 -3.154921e-05 9.999998e-01 6.583026e-04 -1.058514e+00 7.520797e-03 -6.580474e-04 9.999715e-01 4.741600e+01
9.999948e-01 -4.979706e-05 3.230476e-03 1.052595e+01 5.160228e-05 9.999998e-01 -5.586694e-04 -1.070931e+00 -3.230447e-03 5.588339e-04 9.999946e-01 4.735441e+01
9.999709e-01 1.344057e-05 -7.632528e-03 1.103320e+01 -8.370629e-06 9.999998e-01 6.643107e-04 -1.087746e+00 7.632535e-03 -6.642282e-04 9.999707e-01 4.745975e+01
9.999947e-01 8.218493e-05 3.259397e-03 1.143229e+01 -8.073049e-05 9.999999e-01 -4.462999e-04 -1.113057e+00 -3.259433e-03 4.460351e-04 9.999946e-01 4.796249e+01
9.999698e-01 -1.653872e-05 -7.766589e-03 1.194030e+01 2.108882e-05 9.999998e-01 5.857985e-04 -1.134928e+00 7.766578e-03 -5.859453e-04 9.999697e-01 4.822593e+01
9.999939e-01 1.782633e-05 3.488639e-03 1.227194e+01 -1.651900e-05 9.999999e-01 -3.747119e-04 -1.159953e+00 -3.488645e-03 3.746527e-04 9.999938e-01 4.872630e+01
9.999684e-01 9.701490e-05 -7.950972e-03 1.266974e+01 -9.312798e-05 9.999999e-01 4.892538e-04 -1.183614e+00 7.951018e-03 -4.884985e-04 9.999683e-01 4.902614e+01
9.999941e-01 -7.683842e-05 3.436316e-03 1.344040e+01 7.808339e-05 9.999999e-01 -3.621087e-04 -1.194424e+00 -3.436287e-03 3.623756e-04 9.999940e-01 4.883643e+01
9.999662e-01 2.258516e-04 -8.218852e-03 1.431564e+01 -2.216868e-04 9.999998e-01 5.076743e-04 -1.214718e+00 8.218965e-03 -5.058358e-04 9.999661e-01 4.886336e+01
9.999921e-01 -1.945631e-04 3.974559e-03 1.499363e+01 1.965178e-04 9.999999e-01 -4.913858e-04 -1.228794e+00 -3.974462e-03 4.921637e-04 9.999920e-01 4.873319e+01
9.999665e-01 1.726188e-05 -8.181717e-03 1.526227e+01 -1.341377e-05 9.999999e-01 4.704085e-04 -1.235037e+00 8.181724e-03 -4.702836e-04 9.999664e-01 4.834524e+01
9.999917e-01 -1.461863e-04 4.065244e-03 1.547268e+01 1.486596e-04 9.999998e-01 -6.080562e-04 -1.241492e+00 -4.065154e-03 6.086561e-04 9.999916e-01 4.793760e+01
9.999687e-01 7.624154e-05 -7.913961e-03 1.593194e+01 -7.195331e-05 9.999999e-01 5.421656e-04 -1.251087e+00 7.914001e-03 -5.415799e-04 9.999685e-01 4.768683e+01
9.999931e-01 -7.755317e-05 3.707690e-03 1.662394e+01 7.936737e-05 9.999999e-01 -4.891087e-04 -1.264591e+00 -3.707651e-03 4.894003e-04 9.999930e-01 4.754654e+01
9.999677e-01 -3.149410e-05 -8.036619e-03 1.741235e+01 3.518592e-05 9.999999e-01 4.592594e-04 -1.273318e+00 8.036603e-03 -4.595280e-04 9.999676e-01 4.724212e+01
9.999920e-01 -4.805415e-04 3.959792e-03 1.758727e+01 4.846269e-04 9.999994e-01 -1.030774e-03 -1.268225e+00 -3.959294e-03 1.032685e-03 9.999916e-01 4.624514e+01
9.999655e-01 -4.541288e-05 -8.304449e-03 1.770355e+01 4.938078e-05 9.999999e-01 4.776251e-04 -1.263164e+00 8.304427e-03 -4.780194e-04 9.999654e-01 4.518545e+01
9.999920e-01 -4.223226e-04 3.984267e-03 1.776431e+01 4.260451e-04 9.999995e-01 -9.334542e-04 -1.260619e+00 -3.983870e-03 9.351449e-04 9.999916e-01 4.423588e+01
9.999632e-01 2.714659e-04 -8.573079e-03 1.877248e+01 -2.647642e-04 9.999997e-01 7.828545e-04 -1.260830e+00 8.573288e-03 -7.805565e-04 9.999629e-01 4.373799e+01
9.999912e-01 -6.663710e-04 4.144352e-03 1.925218e+01 6.716813e-04 9.999990e-01 -1.280017e-03 -1.251896e+00 -4.143494e-03 1.282790e-03 9.999906e-01 4.279481e+01
9.999628e-01 2.869298e-04 -8.621712e-03 2.003980e+01 -2.793565e-04 9.999996e-01 8.796112e-04 -1.239695e+00 8.621960e-03 -8.771706e-04 9.999624e-01 4.189485e+01
9.999911e-01 -6.566556e-04 4.161161e-03 2.076971e+01 6.622145e-04 9.999989e-01 -1.334615e-03 -1.227420e+00 -4.160279e-03 1.337360e-03 9.999905e-01 4.093078e+01
9.999647e-01 1.284246e-04 -8.400305e-03 2.109691e+01 -1.217516e-04 9.999997e-01 7.948987e-04 -1.219596e+00 8.400405e-03 -7.938486e-04 9.999644e-01 3.990629e+01
9.999883e-01 -4.269855e-04 4.823064e-03 2.142481e+01 4.329102e-04 9.999992e-01 -1.227389e-03 -1.224110e+00 -4.822535e-03 1.229463e-03 9.999876e-01 3.935369e+01
9.999595e-01 -1.260441e-04 -8.995649e-03 2.159109e+01 1.319574e-04 9.999998e-01 6.567884e-04 -1.217408e+00 8.995564e-03 -6.579496e-04 9.999593e-01 3.826280e+01
9.999884e-01 -4.436112e-04 4.793500e-03 2.174658e+01 4.497537e-04 9.999991e-01 -1.280373e-03 -1.210950e+00 -4.792927e-03 1.282515e-03 9.999877e-01 3.715995e+01
9.999616e-01 1.276020e-04 -8.764558e-03 2.228440e+01 -1.201936e-04 9.999996e-01 8.458111e-04 -1.207856e+00 8.764662e-03 -8.447259e-04 9.999612e-01 3.643171e+01
9.999882e-01 -4.881028e-04 4.835386e-03 2.284653e+01 4.943045e-04 9.999991e-01 -1.281423e-03 -1.206426e+00 -4.834756e-03 1.283798e-03 9.999875e-01 3.573254e+01
9.999513e-01 5.006450e-04 -9.854570e-03 2.415512e+01 -4.879020e-04 9.999990e-01 1.295488e-03 -1.219788e+00 9.855209e-03 -1.290618e-03 9.999506e-01 3.543145e+01
9.999877e-01 -3.493514e-04 4.939323e-03 2.529163e+01 3.550983e-04 9.999993e-01 -1.162621e-03 -1.245408e+00 -4.938913e-03 1.164361e-03 9.999871e-01 3.550263e+01
9.999597e-01 -1.054393e-04 -8.981353e-03 2.571524e+01 1.111165e-04 9.999998e-01 6.316406e-04 -1.240987e+00 8.981285e-03 -6.326138e-04 9.999595e-01 3.465463e+01
9.999884e-01 -4.117707e-04 4.791613e-03 2.582779e+01 4.173056e-04 9.999992e-01 -1.154134e-03 -1.236403e+00 -4.791134e-03 1.156121e-03 9.999879e-01 3.362660e+01
9.999595e-01 2.123560e-04 -8.996382e-03 2.678625e+01 -2.058207e-04 9.999997e-01 7.273877e-04 -1.233018e+00 8.996533e-03 -7.255073e-04 9.999593e-01 3.304953e+01
9.999917e-01 -4.583635e-04 4.050941e-03 2.808392e+01 4.620869e-04 9.999995e-01 -9.182037e-04 -1.222011e+00 -4.050517e-03 9.200686e-04 9.999914e-01 3.227836e+01
9.999649e-01 1.742448e-04 -8.380025e-03 2.915384e+01 -1.681950e-04 9.999997e-01 7.226579e-04 -1.218491e+00 8.380148e-03 -7.212237e-04 9.999646e-01 3.165349e+01
9.999921e-01 -5.255256e-04 3.952062e-03 3.031799e+01 5.297106e-04 9.999993e-01 -1.057905e-03 -1.211216e+00 -3.951503e-03 1.059991e-03 9.999916e-01 3.091149e+01
9.999658e-01 8.955965e-05 -8.270993e-03 3.114913e+01 -8.376930e-05 9.999998e-01 7.004518e-04 -1.201043e+00 8.271053e-03 -6.997356e-04 9.999655e-01 2.999615e+01
9.999918e-01 -6.472680e-04 3.985240e-03 3.123897e+01 6.524520e-04 9.999989e-01 -1.299577e-03 -1.195049e+00 -3.984394e-03 1.302168e-03 9.999912e-01 2.886941e+01
9.999680e-01 1.585025e-04 -7.999403e-03 3.166126e+01 -1.536598e-04 9.999998e-01 6.060170e-04 -1.186220e+00 7.999497e-03 -6.047691e-04 9.999678e-01 2.790001e+01
9.999955e-01 -4.976548e-04 2.952945e-03 3.329316e+01 5.011627e-04 9.999992e-01 -1.187240e-03 -1.167260e+00 -2.952352e-03 1.188716e-03 9.999949e-01 2.689514e+01
9.999685e-01 2.233624e-04 -7.935894e-03 3.494603e+01 -2.144978e-04 9.999994e-01 1.117888e-03 -1.150887e+00 7.936138e-03 -1.116151e-03 9.999679e-01 2.593320e+01
9.999923e-01 -5.375650e-04 3.900126e-03 3.508354e+01 5.426913e-04 9.999990e-01 -1.313395e-03 -1.152969e+00 -3.899416e-03 1.315502e-03 9.999915e-01 2.534873e+01
9.999649e-01 6.444261e-04 -8.355570e-03 3.503417e+01 -6.359177e-04 9.999993e-01 1.020938e-03 -1.163032e+00 8.356221e-03 -1.015590e-03 9.999646e-01 2.636497e+01
9.999938e-01 -5.237966e-04 3.468924e-03 3.518693e+01 5.272837e-04 9.999994e-01 -1.004310e-03 -1.168972e+00 -3.468396e-03 1.006134e-03 9.999935e-01 2.655686e+01
9.999686e-01 1.463248e-04 -7.918195e-03 3.552237e+01 -1.407295e-04 9.999997e-01 7.072255e-04 -1.166725e+00 7.918296e-03 -7.060897e-04 9.999684e-01 2.585813e+01
9.999928e-01 -7.367320e-04 3.716929e-03 3.568325e+01 7.416313e-04 9.999989e-01 -1.316829e-03 -1.160533e+00 -3.715954e-03 1.319577e-03 9.999922e-01 2.476652e+01
9.999717e-01 3.577926e-04 -7.513590e-03 3.662514e+01 -3.514658e-04 9.999996e-01 8.433773e-04 -1.159435e+00 7.513889e-03 -8.407133e-04 9.999714e-01 2.411911e+01
9.999926e-01 -9.442298e-04 3.717173e-03 3.704717e+01 9.499108e-04 9.999984e-01 -1.526796e-03 -1.150711e+00 -3.715725e-03 1.530316e-03 9.999919e-01 2.309040e+01
9.999693e-01 4.680429e-04 -7.823543e-03 3.722576e+01 -4.596201e-04 9.999993e-01 1.078395e-03 -1.147465e+00 7.824042e-03 -1.074766e-03 9.999688e-01 2.221202e+01
9.999924e-01 -1.013900e-03 3.772376e-03 3.760762e+01 1.021115e-03 9.999977e-01 -1.911228e-03 -1.136759e+00 -3.770429e-03 1.915066e-03 9.999911e-01 2.107056e+01
9.999670e-01 4.199635e-04 -8.118066e-03 3.772720e+01 -4.093471e-04 9.999991e-01 1.309404e-03 -1.130692e+00 8.118608e-03 -1.306039e-03 9.999662e-01 1.996259e+01
9.999939e-01 -1.085110e-03 3.320938e-03 3.776186e+01 1.091652e-03 9.999975e-01 -1.968682e-03 -1.123071e+00 -3.318793e-03 1.972296e-03 9.999925e-01 1.869404e+01
9.999710e-01 4.116968e-04 -7.606678e-03 3.787030e+01 -4.025444e-04 9.999992e-01 1.204739e-03 -1.114492e+00 7.607167e-03 -1.201643e-03 9.999703e-01 1.739758e+01
9.999931e-01 -1.015543e-03 3.568326e-03 3.820071e+01 1.022367e-03 9.999977e-01 -1.910891e-03 -1.105061e+00 -3.566376e-03 1.914526e-03 9.999918e-01 1.627881e+01
9.999690e-01 3.336964e-04 -7.868805e-03 3.834774e+01 -3.246151e-04 9.999993e-01 1.155367e-03 -1.096022e+00 7.869184e-03 -1.152778e-03 9.999684e-01 1.498992e+01
9.999934e-01 -1.024134e-03 3.471509e-03 3.846651e+01 1.031021e-03 9.999975e-01 -1.982693e-03 -1.086277e+00 -3.469470e-03 1.986260e-03 9.999920e-01 1.363086e+01
9.999683e-01 3.475706e-04 -7.948911e-03 3.859249e+01 -3.379798e-04 9.999992e-01 1.207902e-03 -1.076708e+00 7.949324e-03 -1.205178e-03 9.999677e-01 1.231653e+01
9.999934e-01 -8.922718e-04 3.512812e-03 3.865840e+01 8.983481e-04 9.999981e-01 -1.728477e-03 -1.071229e+00 -3.511263e-03 1.731622e-03 9.999923e-01 1.121163e+01
9.999671e-01 4.809383e-04 -8.092229e-03 3.863315e+01 -4.696239e-04 9.999989e-01 1.400046e-03 -1.071053e+00 8.092894e-03 -1.396200e-03 9.999663e-01 1.036444e+01
9.999940e-01 -1.100958e-03 3.284628e-03 3.860141e+01 1.107534e-03 9.999974e-01 -2.000698e-03 -1.065221e+00 -3.282417e-03 2.004324e-03 9.999926e-01 9.136790e+00
9.999621e-01 1.731167e-04 -8.708296e-03 3.848255e+01 -1.643785e-04 9.999995e-01 1.004175e-03 -1.050783e+00 8.708466e-03 -1.002706e-03 9.999616e-01 7.286555e+00
9.999919e-01 -1.116107e-03 3.870577e-03 3.844836e+01 1.124211e-03 9.999972e-01 -2.092131e-03 -1.034571e+00 -3.868231e-03 2.096466e-03 9.999903e-01 5.387208e+00
9.999680e-01 4.628300e-04 -7.981905e-03 3.856423e+01 -4.519676e-04 9.999990e-01 1.362658e-03 -1.025913e+00 7.982527e-03 -1.359007e-03 9.999672e-01 4.127490e+00
9.999938e-01 -1.170650e-03 3.309381e-03 3.861074e+01 1.177909e-03 9.999969e-01 -2.192152e-03 -1.016514e+00 -3.306804e-03 2.196038e-03 9.999921e-01 2.721162e+00
9.999635e-01 5.705964e-04 -8.530371e-03 3.838088e+01 -5.560587e-04 9.999984e-01 1.706543e-03 -1.008199e+00 8.531330e-03 -1.701738e-03 9.999622e-01 1.422278e+00
9.999946e-01 -1.023026e-03 3.133672e-03 3.814373e+01 1.029408e-03 9.999974e-01 -2.035603e-03 -9.983218e-01 -3.131581e-03 2.038819e-03 9.999930e-01 4.655392e-01
9.999734e-01 5.043459e-04 -7.281476e-03 3.824564e+01 -4.931325e-04 9.999987e-01 1.541746e-03 -9.942315e-01 7.282244e-03 -1.538115e-03 9.999723e-01 -5.073009e-01
9.999982e-01 -9.184746e-04 1.680757e-03 3.791773e+01 9.216346e-04 9.999978e-01 -1.880082e-03 -9.820005e-01 -1.679026e-03 1.881628e-03 9.999968e-01 -1.436467e+00
9.999721e-01 3.613145e-04 -7.464021e-03 3.763387e+01 -3.500591e-04 9.999988e-01 1.509256e-03 -9.740441e-01 7.464557e-03 -1.506601e-03 9.999710e-01 -2.653134e+00
9.999943e-01 -8.297844e-04 3.262099e-03 3.771063e+01 8.360950e-04 9.999978e-01 -1.933541e-03 -9.712972e-01 -3.260487e-03 1.936259e-03 9.999928e-01 -3.548525e+00
9.999717e-01 6.387922e-04 -7.497448e-03 3.821854e+01 -6.247851e-04 9.999981e-01 1.870480e-03 -9.752058e-01 7.498628e-03 -1.865744e-03 9.999701e-01 -3.748678e+00
9.999955e-01 -7.251292e-04 2.905039e-03 3.818568e+01 7.310091e-04 9.999977e-01 -2.023379e-03 -9.717585e-01 -2.903565e-03 2.025494e-03 9.999937e-01 -3.976451e+00
9.999738e-01 5.975685e-04 -7.220592e-03 3.861649e+01 -5.832779e-04 9.999979e-01 1.981132e-03 -9.756068e-01 7.221760e-03 -1.976869e-03 9.999720e-01 -4.289690e+00
9.999947e-01 -1.112415e-03 3.075755e-03 3.894608e+01 1.120326e-03 9.999961e-01 -2.571287e-03 -9.665055e-01 -3.072882e-03 2.574720e-03 9.999920e-01 -5.365704e+00
9.999721e-01 7.350991e-04 -7.440122e-03 3.909522e+01 -7.190745e-04 9.999974e-01 2.156291e-03 -9.574955e-01 7.441687e-03 -2.150881e-03 9.999700e-01 -6.152944e+00
9.999950e-01 -1.202688e-03 2.910572e-03 3.924227e+01 1.210510e-03 9.999957e-01 -2.686885e-03 -9.523598e-01 -2.907328e-03 2.690396e-03 9.999922e-01 -7.167297e+00
9.999769e-01 8.384789e-04 -6.737765e-03 3.972863e+01 -8.234153e-04 9.999972e-01 2.238195e-03 -9.501696e-01 6.739622e-03 -2.232596e-03 9.999748e-01 -7.907702e+00
9.999950e-01 -1.097471e-03 2.976007e-03 4.029006e+01 1.105366e-03 9.999959e-01 -2.652454e-03 -9.546533e-01 -2.973083e-03 2.655731e-03 9.999921e-01 -8.407643e+00
9.999757e-01 5.034993e-04 -6.958343e-03 4.050544e+01 -4.896521e-04 9.999979e-01 1.991623e-03 -9.465891e-01 6.959331e-03 -1.988168e-03 9.999738e-01 -9.538939e+00
9.999944e-01 -8.032174e-04 3.257878e-03 4.074878e+01 8.108567e-04 9.999969e-01 -2.344137e-03 -9.483775e-01 -3.255984e-03 2.346766e-03 9.999919e-01 -1.017624e+01
9.999675e-01 5.984254e-04 -8.044752e-03 4.063981e+01 -5.811178e-04 9.999975e-01 2.153620e-03 -9.474441e-01 8.046021e-03 -2.148876e-03 9.999653e-01 -1.056623e+01
9.999976e-01 -9.435446e-04 2.001531e-03 4.025339e+01 9.481134e-04 9.999969e-01 -2.282780e-03 -9.405754e-01 -1.999370e-03 2.284673e-03 9.999954e-01 -1.152429e+01
9.999743e-01 7.620328e-04 -7.132412e-03 3.989667e+01 -7.464681e-04 9.999973e-01 2.184692e-03 -9.306118e-01 7.134057e-03 -2.179312e-03 9.999722e-01 -1.198646e+01
9.999980e-01 -8.642898e-04 1.814003e-03 3.964567e+01 8.683034e-04 9.999972e-01 -2.212771e-03 -9.241611e-01 -1.812085e-03 2.214342e-03 9.999959e-01 -1.223173e+01
9.999826e-01 8.005486e-04 -5.841303e-03 4.023556e+01 -7.875552e-04 9.999972e-01 2.226401e-03 -9.303894e-01 5.843069e-03 -2.221763e-03 9.999805e-01 -1.251317e+01
9.999994e-01 -5.997377e-04 9.339030e-04 4.079587e+01 6.013114e-04 9.999984e-01 -1.685321e-03 -9.791930e-01 -9.328905e-04 1.685882e-03 9.999981e-01 -1.133660e+01
9.999867e-01 1.061920e-03 -5.051647e-03 4.130798e+01 -1.053796e-03 9.999981e-01 1.610673e-03 -1.031968e+00 5.053348e-03 -1.605329e-03 9.999859e-01 -1.009959e+01
9.999989e-01 -1.385733e-03 5.995857e-04 4.148650e+01 1.386885e-03 9.999972e-01 -1.924726e-03 -1.030407e+00 -5.969166e-04 1.925556e-03 9.999980e-01 -1.086443e+01
9.999869e-01 8.729334e-04 -5.034073e-03 4.155545e+01 -8.658645e-04 9.999986e-01 1.406283e-03 -1.026415e+00 5.035294e-03 -1.401907e-03 9.999863e-01 -1.187444e+01
9.999988e-01 -1.167369e-03 1.043821e-03 4.183385e+01 1.169197e-03 9.999978e-01 -1.751910e-03 -1.026579e+00 -1.041774e-03 1.753129e-03 9.999979e-01 -1.247973e+01
9.999852e-01 7.455934e-04 -5.383513e-03 4.207070e+01 -7.383289e-04 9.999988e-01 1.351329e-03 -1.022865e+00 5.384514e-03 -1.347335e-03 9.999846e-01 -1.331099e+01
9.999987e-01 -1.158413e-03 1.131097e-03 4.231078e+01 1.160538e-03 9.999976e-01 -1.879103e-03 -1.017310e+00 -1.128917e-03 1.880414e-03 9.999976e-01 -1.425141e+01
9.999851e-01 6.312286e-04 -5.423387e-03 4.262084e+01 -6.241560e-04 9.999990e-01 1.305750e-03 -1.008746e+00 5.424205e-03 -1.302346e-03 9.999844e-01 -1.532057e+01
9.999983e-01 -1.012342e-03 1.552853e-03 4.307150e+01 1.015036e-03 9.999980e-01 -1.734615e-03 -1.005504e+00 -1.551094e-03 1.736189e-03 9.999973e-01 -1.611131e+01
9.999840e-01 7.729383e-04 -5.609207e-03 4.387807e+01 -7.641841e-04 9.999985e-01 1.562722e-03 -1.009260e+00 5.610406e-03 -1.558411e-03 9.999830e-01 -1.655506e+01
9.999989e-01 -6.468602e-04 1.314226e-03 4.483533e+01 6.490203e-04 9.999984e-01 -1.643637e-03 -1.022898e+00 -1.313160e-03 1.644489e-03 9.999978e-01 -1.674173e+01
9.999793e-01 7.443178e-04 -6.394795e-03 4.602741e+01 -7.337040e-04 9.999983e-01 1.662002e-03 -1.046113e+00 6.396022e-03 -1.657276e-03 9.999782e-01 -1.674110e+01
9.999961e-01 -7.049021e-04 2.689794e-03 4.636458e+01 7.084742e-04 9.999989e-01 -1.327161e-03 -1.073932e+00 -2.688855e-03 1.329062e-03 9.999955e-01 -1.642193e+01
9.999758e-01 8.369842e-04 -6.906111e-03 4.662364e+01 -8.279072e-04 9.999988e-01 1.317140e-03 -1.103353e+00 6.907205e-03 -1.311391e-03 9.999753e-01 -1.567960e+01
9.999964e-01 -1.089997e-03 2.469291e-03 4.675338e+01 1.094098e-03 9.999980e-01 -1.660210e-03 -1.099197e+00 -2.467477e-03 1.662906e-03 9.999956e-01 -1.623045e+01
9.999724e-01 5.198212e-04 -7.408764e-03 4.669607e+01 -5.109438e-04 9.999991e-01 1.200114e-03 -1.091808e+00 7.409381e-03 -1.196296e-03 9.999718e-01 -1.738530e+01
9.999943e-01 -8.072802e-04 3.271382e-03 4.700053e+01 8.125957e-04 9.999984e-01 -1.623739e-03 -1.087486e+00 -3.270066e-03 1.626389e-03 9.999933e-01 -1.819678e+01
9.999707e-01 5.627040e-04 -7.638920e-03 4.774981e+01 -5.494493e-04 9.999983e-01 1.737185e-03 -1.088679e+00 7.639885e-03 -1.732938e-03 9.999693e-01 -1.859849e+01
9.999930e-01 -9.040544e-04 3.631381e-03 4.836545e+01 9.118055e-04 9.999973e-01 -2.133301e-03 -1.084951e+00 -3.629442e-03 2.136598e-03 9.999911e-01 -1.928197e+01
9.999661e-01 4.673948e-04 -8.215343e-03 4.931820e+01 -4.544836e-04 9.999987e-01 1.573434e-03 -1.072895e+00 8.216067e-03 -1.569647e-03 9.999650e-01 -2.016872e+01
9.999918e-01 -1.204129e-03 3.871158e-03 4.940750e+01 1.213541e-03 9.999963e-01 -2.429925e-03 -1.061946e+00 -3.868218e-03 2.434603e-03 9.999896e-01 -2.161809e+01
9.999666e-01 5.877498e-04 -8.152819e-03 4.954974e+01 -5.735112e-04 9.999983e-01 1.748741e-03 -1.054596e+00 8.153833e-03 -1.744008e-03 9.999652e-01 -2.277637e+01
9.999928e-01 -9.514797e-04 3.677037e-03 5.021789e+01 9.593761e-04 9.999972e-01 -2.146230e-03 -1.044288e+00 -3.674984e-03 2.149742e-03 9.999909e-01 -2.367226e+01
9.999676e-01 7.131753e-04 -8.019282e-03 5.120446e+01 -6.980513e-04 9.999980e-01 1.888638e-03 -1.043242e+00 8.020613e-03 -1.882980e-03 9.999661e-01 -2.422324e+01
9.999945e-01 -9.668819e-04 3.179055e-03 5.262325e+01 9.732587e-04 9.999975e-01 -2.004835e-03 -1.050505e+00 -3.177108e-03 2.007918e-03 9.999929e-01 -2.468321e+01
9.999708e-01 6.510792e-04 -7.612048e-03 5.393851e+01 -6.362325e-04 9.999979e-01 1.952726e-03 -1.058910e+00 7.613303e-03 -1.947826e-03 9.999691e-01 -2.513231e+01
9.999930e-01 -4.698263e-04 3.701442e-03 5.444031e+01 4.759281e-04 9.999985e-01 -1.647698e-03 -1.099212e+00 -3.700662e-03 1.649448e-03 9.999918e-01 -2.425344e+01
9.999671e-01 6.652076e-04 -8.088606e-03 5.501260e+01 -6.512150e-04 9.999983e-01 1.732479e-03 -1.147820e+00 8.089745e-03 -1.727155e-03 9.999658e-01 -2.324208e+01
9.999934e-01 -1.254615e-03 3.396796e-03 5.527774e+01 1.262578e-03 9.999965e-01 -2.342948e-03 -1.139023e+00 -3.393844e-03 2.347222e-03 9.999915e-01 -2.443733e+01
9.999690e-01 4.302167e-04 -7.861655e-03 5.543755e+01 -4.195899e-04 9.999990e-01 1.353373e-03 -1.123841e+00 7.862229e-03 -1.350033e-03 9.999682e-01 -2.605973e+01
9.999921e-01 -4.393461e-04 3.939420e-03 5.635754e+01 4.451337e-04 9.999988e-01 -1.468309e-03 -1.135080e+00 -3.938770e-03 1.470052e-03 9.999912e-01 -2.632885e+01
9.999564e-01 7.123260e-04 -9.311243e-03 5.769361e+01 -6.973574e-04 9.999985e-01 1.610769e-03 -1.173342e+00 9.312376e-03 -1.604207e-03 9.999554e-01 -2.599294e+01
9.999933e-01 -3.254046e-04 3.656099e-03 5.928533e+01 3.302822e-04 9.999991e-01 -1.333456e-03 -1.216238e+00 -3.655661e-03 1.334655e-03 9.999924e-01 -2.558116e+01
9.999654e-01 4.828173e-04 -8.303285e-03 5.994730e+01 -4.686807e-04 9.999984e-01 1.704432e-03 -1.269981e+00 8.304095e-03 -1.700482e-03 9.999641e-01 -2.447501e+01
9.999920e-01 -3.636861e-06 3.992503e-03 6.057068e+01 1.027509e-05 9.999986e-01 -1.662564e-03 -1.317912e+00 -3.992491e-03 1.662592e-03 9.999906e-01 -2.359599e+01
9.999595e-01 1.433853e-04 -9.001100e-03 6.178109e+01 -1.270886e-04 9.999984e-01 1.811111e-03 -1.344824e+00 9.001344e-03 -1.809894e-03 9.999578e-01 -2.345926e+01
9.999897e-01 -2.887087e-04 4.529108e-03 6.261067e+01 2.971314e-04 9.999982e-01 -1.859037e-03 -1.347722e+00 -4.528563e-03 1.860364e-03 9.999880e-01 -2.386742e+01
9.999619e-01 1.151629e-04 -8.730488e-03 6.337083e+01 -9.797713e-05 9.999981e-01 1.968927e-03 -1.351414e+00 8.730698e-03 -1.967997e-03 9.999600e-01 -2.420114e+01
9.999925e-01 -1.504872e-04 3.879923e-03 6.444817e+01 1.577617e-04 9.999982e-01 -1.874591e-03 -1.367064e+00 -3.879633e-03 1.875189e-03 9.999907e-01 -2.417943e+01
9.999645e-01 2.761126e-04 -8.419067e-03 6.542886e+01 -2.600565e-04 9.999981e-01 1.908185e-03 -1.393565e+00 8.419578e-03 -1.905928e-03 9.999627e-01 -2.386963e+01
9.999945e-01 5.110087e-05 3.310781e-03 6.663315e+01 -4.518468e-05 9.999984e-01 -1.786886e-03 -1.432376e+00 -3.310867e-03 1.786727e-03 9.999929e-01 -2.343752e+01
9.999725e-01 -2.736388e-04 -7.406910e-03 6.714880e+01 2.851827e-04 9.999987e-01 1.557572e-03 -1.443709e+00 7.406474e-03 -1.559643e-03 9.999714e-01 -2.359967e+01
9.999928e-01 2.958738e-05 3.800981e-03 6.732008e+01 -2.259033e-05 9.999983e-01 -1.840787e-03 -1.450947e+00 -3.801029e-03 1.840688e-03 9.999911e-01 -2.390603e+01
9.999651e-01 1.095109e-04 -8.355891e-03 6.799790e+01 -9.264593e-05 9.999980e-01 2.018739e-03 -1.479371e+00 8.356094e-03 -2.017895e-03 9.999631e-01 -2.349980e+01
9.999937e-01 -2.331942e-06 3.555465e-03 6.896621e+01 9.113643e-06 9.999982e-01 -1.907282e-03 -1.499527e+00 -3.555454e-03 1.907303e-03 9.999919e-01 -2.347722e+01
9.999639e-01 8.642643e-05 -8.493809e-03 6.999877e+01 -6.958179e-05 9.999980e-01 1.983486e-03 -1.516959e+00 8.493963e-03 -1.982824e-03 9.999620e-01 -2.351636e+01
9.999950e-01 4.474078e-05 3.154798e-03 7.119542e+01 -3.907623e-05 9.999984e-01 -1.795455e-03 -1.549397e+00 -3.154873e-03 1.795323e-03 9.999934e-01 -2.288560e+01
9.999488e-01 4.604771e-04 -1.010949e-02 7.352957e+01 -4.424437e-04 9.999983e-01 1.786014e-03 -1.591490e+00 1.011029e-02 -1.781450e-03 9.999473e-01 -2.240065e+01
9.999949e-01 1.625515e-04 3.198514e-03 7.589882e+01 -1.574747e-04 9.999987e-01 -1.587296e-03 -1.639852e+00 -3.198767e-03 1.586785e-03 9.999936e-01 -2.183016e+01
9.999534e-01 1.032191e-04 -9.651252e-03 7.757473e+01 -8.656011e-05 9.999985e-01 1.726535e-03 -1.703175e+00 9.651416e-03 -1.725620e-03 9.999519e-01 -2.047505e+01
9.999894e-01 2.000419e-04 4.599485e-03 7.832048e+01 -1.910944e-04 9.999981e-01 -1.945606e-03 -1.748020e+00 -4.599866e-03 1.944707e-03 9.999875e-01 -1.928994e+01
9.999315e-01 3.614680e-04 -1.170261e-02 8.073088e+01 -3.419529e-04 9.999985e-01 1.669575e-03 -1.781881e+00 1.170320e-02 -1.665460e-03 9.999301e-01 -1.913982e+01
9.999926e-01 -1.273784e-06 3.844999e-03 8.424163e+01 7.218897e-06 9.999988e-01 -1.546079e-03 -1.810072e+00 -3.844993e-03 1.546096e-03 9.999914e-01 -1.936589e+01
9.999610e-01 -8.310144e-05 -8.829063e-03 8.549060e+01 9.518328e-05 9.999991e-01 1.368050e-03 -1.819504e+00 8.828941e-03 -1.368838e-03 9.999601e-01 -1.966053e+01
9.999920e-01 -2.887088e-04 3.980411e-03 8.676446e+01 2.954956e-04 9.999985e-01 -1.704463e-03 -1.815690e+00 -3.979912e-03 1.705626e-03 9.999906e-01 -2.033689e+01
9.999683e-01 1.427549e-04 -7.962702e-03 8.750932e+01 -1.299461e-04 9.999987e-01 1.609151e-03 -1.825856e+00 7.962922e-03 -1.608066e-03 9.999670e-01 -2.054790e+01
9.999964e-01 -5.236299e-05 2.698377e-03 8.877967e+01 5.655378e-05 9.999988e-01 -1.552879e-03 -1.837644e+00 -2.698292e-03 1.553026e-03 9.999952e-01 -2.077505e+01
9.999746e-01 -1.084745e-04 -7.121525e-03 8.940247e+01 1.191023e-04 9.999989e-01 1.491998e-03 -1.849403e+00 7.121355e-03 -1.492809e-03 9.999735e-01 -2.087021e+01
9.999963e-01 -2.604531e-04 2.722044e-03 8.938879e+01 2.653342e-04 9.999984e-01 -1.792837e-03 -1.846336e+00 -2.721573e-03 1.793553e-03 9.999947e-01 -2.161500e+01
9.999800e-01 -3.195862e-05 -6.329145e-03 8.952859e+01 4.077844e-05 9.999990e-01 1.393463e-03 -1.845929e+00 6.329094e-03 -1.393694e-03 9.999790e-01 -2.194887e+01
9.999955e-01 -5.443007e-05 2.998077e-03 8.960623e+01 5.976045e-05 9.999984e-01 -1.777740e-03 -1.854498e+00 -2.997976e-03 1.777912e-03 9.999939e-01 -2.158684e+01
9.999742e-01 2.266210e-04 -7.172994e-03 9.011252e+01 -2.144250e-04 9.999985e-01 1.701037e-03 -1.887905e+00 7.173369e-03 -1.699456e-03 9.999728e-01 -2.080444e+01
9.999954e-01 -1.180803e-04 3.022190e-03 9.060320e+01 1.236473e-04 9.999983e-01 -1.841777e-03 -1.918761e+00 -3.021967e-03 1.842143e-03 9.999937e-01 -2.001556e+01
9.999785e-01 -3.890811e-05 -6.564096e-03 9.098411e+01 4.900560e-05 9.999988e-01 1.538197e-03 -1.930036e+00 6.564028e-03 -1.538486e-03 9.999773e-01 -1.983607e+01
