9.999912e-01 1.059588e-04 -4.191777e-03 3.949044e-01 -1.067450e-04 1.000000e+00 -1.873313e-04 -4.678142e-02 4.191757e-03 1.877764e-04 9.999912e-01 1.433361e+00
1.000000e+00 1.471468e-04 6.710943e-05 7.446033e-01 -1.471529e-04 1.000000e+00 9.186257e-05 -8.991099e-02 -6.709557e-05 -9.187173e-05 1.000000e+00 2.568485e+00
9.999921e-01 -1.328259e-05 -3.981060e-03 9.536623e-01 1.288975e-05 1.000000e+00 -9.869608e-05 -1.206451e-01 3.981061e-03 9.864327e-05 9.999921e-01 3.269164e+00
1.000000e+00 1.420126e-04 -1.582176e-04 1.242190e+00 -1.419901e-04 1.000000e+00 1.421016e-04 -1.564705e-01 1.582381e-04 -1.420784e-04 1.000000e+00 4.067315e+00
9.999925e-01 3.166536e-06 -3.881391e-03 1.542285e+00 -3.925901e-06 1.000000e+00 -1.956273e-04 -1.959224e-01 3.881390e-03 1.956403e-04 9.999924e-01 5.007289e+00
1.000000e+00 1.259387e-04 -2.991340e-05 1.803136e+00 -1.259351e-04 1.000000e+00 1.196180e-04 -2.329879e-01 2.992881e-05 -1.196135e-04 1.000000e+00 5.935642e+00
9.999923e-01 -1.572439e-05 -3.912445e-03 2.015427e+00 1.522285e-05 1.000000e+00 -1.282127e-04 -2.614160e-01 3.912446e-03 1.281515e-04 9.999923e-01 6.585084e+00
1.000000e+00 3.594457e-05 2.213237e-04 2.293180e+00 -3.595174e-05 1.000000e+00 3.254478e-05 -2.855575e-01 -2.213221e-04 -3.255202e-05 1.000000e+00 7.039960e+00
9.999923e-01 2.999765e-05 -3.930686e-03 2.488173e+00 -3.067781e-05 1.000000e+00 -1.729684e-04 -3.075463e-01 3.930681e-03 1.730870e-04 9.999923e-01 7.558967e+00
1.000000e+00 4.114385e-05 -1.284406e-05 2.748054e+00 -4.114236e-05 1.000000e+00 1.137032e-04 -3.321149e-01 1.284908e-05 -1.137020e-04 1.000000e+00 8.134718e+00
9.999911e-01 -1.734992e-04 -4.206071e-03 3.173804e+00 1.721289e-04 9.999999e-01 -3.261346e-04 -3.452393e-01 4.206127e-03 3.254070e-04 9.999911e-01 8.166270e+00
9.999998e-01 -3.437609e-04 -5.074380e-04 3.924098e+00 3.435929e-04 9.999999e-01 -3.311757e-04 -3.334274e-01 5.075521e-04 3.310020e-04 9.999998e-01 7.224535e+00
9.999957e-01 2.413053e-04 -2.923756e-03 4.430327e+00 -2.400915e-04 9.999999e-01 4.155061e-04 -3.487431e-01 2.923855e-03 -4.148031e-04 9.999956e-01 7.186792e+00
9.999995e-01 -2.278735e-04 -1.018406e-03 4.681091e+00 2.274379e-04 9.999999e-01 -4.279428e-04 -3.669071e-01 1.018504e-03 4.277116e-04 9.999994e-01 7.435718e+00
9.999930e-01 1.625471e-04 -3.751247e-03 4.501353e+00 -1.610119e-04 9.999999e-01 4.095667e-04 -3.686783e-01 3.751312e-03 -4.089605e-04 9.999929e-01 7.471918e+00
9.999973e-01 -6.961772e-04 -2.236719e-03 5.775563e+00 6.936712e-04 9.999991e-01 -1.120997e-03 -3.417967e-01 2.237498e-03 1.119443e-03 9.999969e-01 6.063133e+00
9.999863e-01 -6.485279e-04 -5.190528e-03 7.858369e+00 6.459679e-04 9.999997e-01 -4.948652e-04 -2.652110e-01 5.190847e-03 4.915048e-04 9.999864e-01 2.666251e+00
9.999947e-01 -1.053040e-03 -3.094328e-03 1.027316e+01 1.047512e-03 9.999979e-01 -1.787600e-03 -1.647257e-01 3.096204e-03 1.784350e-03 9.999936e-01 -1.755588e+00
9.999891e-01 -7.717663e-04 -4.599114e-03 1.226478e+01 7.680853e-04 9.999994e-01 -8.020859e-04 -6.617183e-02 4.599730e-03 7.985439e-04 9.999891e-01 -6.369540e+00
9.999945e-01 -1.116885e-03 -3.129280e-03 1.460005e+01 1.110928e-03 9.999976e-01 -1.904922e-03 3.884888e-02 3.131400e-03 1.901435e-03 9.999933e-01 -1.115605e+01
9.999889e-01 -7.081488e-04 -4.659227e-03 1.639095e+01 7.061733e-04 9.999997e-01 -4.256130e-04 1.298941e-01 4.659527e-03 4.223174e-04 9.999891e-01 -1.553106e+01
9.999919e-01 -1.268405e-03 -3.830884e-03 1.851355e+01 1.259250e-03 9.999963e-01 -2.391380e-03 2.345207e-01 3.833903e-03 2.386537e-03 9.999898e-01 -2.037929e+01
9.999932e-01 1.381111e-04 -3.697944e-03 2.055497e+01 -1.337769e-04 9.999993e-01 1.172308e-03 3.014840e-01 3.698103e-03 -1.171806e-03 9.999925e-01 -2.331818e+01
9.999893e-01 -1.955288e-03 -4.201383e-03 2.339373e+01 1.939999e-03 9.999915e-01 -3.639911e-03 4.116620e-01 4.208465e-03 3.631722e-03 9.999845e-01 -2.802963e+01
9.999922e-01 2.877725e-04 -3.927741e-03 2.515437e+01 -2.824563e-04 9.999990e-01 1.354012e-03 4.980922e-01 3.928126e-03 -1.352893e-03 9.999914e-01 -3.209960e+01
9.999888e-01 -2.315141e-03 -4.120508e-03 2.739033e+01 2.298771e-03 9.999895e-01 -3.973170e-03 6.032045e-01 4.129664e-03 3.963655e-03 9.999836e-01 -3.693013e+01
9.999867e-01 1.406402e-05 -5.163139e-03 2.957875e+01 -8.419711e-06 9.999994e-01 1.093229e-03 7.194528e-01 5.163151e-03 -1.093172e-03 9.999861e-01 -4.230860e+01
9.999937e-01 -1.650970e-03 -3.147721e-03 3.139625e+01 1.641078e-03 9.999937e-01 -3.142863e-03 8.115051e-01 3.152890e-03 3.137678e-03 9.999901e-01 -4.673242e+01
9.999898e-01 -4.041650e-04 -4.506891e-03 3.360674e+01 4.036142e-04 9.999999e-01 -1.231174e-04 9.184443e-01 4.506940e-03 1.212964e-04 9.999898e-01 -5.184361e+01
9.999937e-01 -1.442154e-03 -3.248703e-03 3.558931e+01 1.434693e-03 9.999963e-01 -2.297690e-03 1.011467e+00 3.252005e-03 2.293015e-03 9.999921e-01 -5.638756e+01
9.999857e-01 -7.946683e-04 -5.294816e-03 3.813681e+01 7.890215e-04 9.999991e-01 -1.068447e-03 1.131167e+00 5.295660e-03 1.064254e-03 9.999854e-01 -6.197999e+01
9.999945e-01 -1.384304e-03 -3.022164e-03 4.034392e+01 1.377733e-03 9.999967e-01 -2.175332e-03 1.240193e+00 3.025165e-03 2.171157e-03 9.999931e-01 -6.720211e+01
9.999877e-01 -5.396078e-04 -4.936716e-03 4.217248e+01 5.383759e-04 9.999998e-01 -2.508319e-04 1.332998e+00 4.936850e-03 2.481703e-04 9.999878e-01 -7.180321e+01
9.999920e-01 -1.244996e-03 -3.789201e-03 4.360671e+01 1.236702e-03 9.999968e-01 -2.190446e-03 1.418821e+00 3.791917e-03 2.185743e-03 9.999904e-01 -7.607859e+01
9.999851e-01 -8.523278e-04 -5.396512e-03 4.561025e+01 8.495549e-04 9.999995e-01 -5.160783e-04 1.526279e+00 5.396948e-03 5.114853e-04 9.999853e-01 -8.117023e+01
9.999919e-01 -8.207388e-04 -3.948472e-03 4.690562e+01 8.150728e-04 9.999986e-01 -1.436404e-03 1.610031e+00 3.949646e-03 1.433174e-03 9.999912e-01 -8.516383e+01
9.999878e-01 -1.117898e-03 -4.803347e-03 5.017426e+01 1.112232e-03 9.999987e-01 -1.182101e-03 1.732464e+00 4.804662e-03 1.176743e-03 9.999878e-01 -9.029444e+01
9.999896e-01 -8.548660e-04 -4.487789e-03 5.334090e+01 8.490394e-04 9.999988e-01 -1.300107e-03 1.855503e+00 4.488895e-03 1.296284e-03 9.999891e-01 -9.544411e+01
9.999866e-01 -1.063189e-03 -5.067012e-03 5.769664e+01 1.055706e-03 9.999983e-01 -1.479275e-03 1.995577e+00 5.068576e-03 1.473905e-03 9.999861e-01 -1.007279e+02
9.999903e-01 -7.096709e-04 -4.348082e-03 6.089358e+01 7.067008e-04 9.999995e-01 -6.846078e-04 2.110062e+00 4.348566e-03 6.815291e-04 9.999903e-01 -1.055686e+02
9.999924e-01 -1.001075e-03 -3.764025e-03 6.381400e+01 9.954563e-04 9.999984e-01 -1.494230e-03 2.212299e+00 3.765515e-03 1.490471e-03 9.999918e-01 -1.098952e+02
9.999861e-01 -9.776498e-05 -5.263796e-03 6.724846e+01 1.017784e-04 9.999997e-01 7.621696e-04 2.302597e+00 5.263720e-03 -7.626941e-04 9.999859e-01 -1.133473e+02
9.999899e-01 -6.971304e-04 -4.442168e-03 7.015065e+01 6.918153e-04 9.999990e-01 -1.197912e-03 2.381999e+00 4.442999e-03 1.194826e-03 9.999894e-01 -1.163918e+02
9.999809e-01 -1.441646e-04 -6.176627e-03 7.189817e+01 1.499390e-04 9.999996e-01 9.343990e-04 2.468275e+00 6.176490e-03 -9.353066e-04 9.999805e-01 -1.193328e+02
9.999906e-01 5.423064e-05 -4.342466e-03 7.196101e+01 -5.516781e-05 1.000000e+00 -2.156617e-04 2.524422e+00 4.342454e-03 2.158985e-04 9.999905e-01 -1.203586e+02
9.999937e-01 -3.536655e-05 -3.560811e-03 7.331329e+01 3.576287e-05 1.000000e+00 1.111942e-04 2.545494e+00 3.560807e-03 -1.113202e-04 9.999937e-01 -1.215069e+02
9.999644e-01 -1.650490e-03 -8.271173e-03 7.497654e+01 1.639576e-03 9.999978e-01 -1.326031e-03 2.639602e+00 8.273343e-03 1.312422e-03 9.999649e-01 -1.254433e+02
9.999975e-01 1.538846e-03 -1.608445e-03 7.372707e+01 -1.536207e-03 9.999975e-01 1.640539e-03 2.695925e+00 1.610966e-03 -1.638063e-03 9.999974e-01 -1.266020e+02
9.999689e-01 -2.007303e-03 -7.625556e-03 7.271039e+01 1.993320e-03 9.999963e-01 -1.840786e-03 2.751839e+00 7.629223e-03 1.825527e-03 9.999692e-01 -1.279288e+02
9.999987e-01 1.404482e-03 7.289760e-04 7.285437e+01 -1.405525e-03 9.999980e-01 1.431426e-03 2.775409e+00 -7.269638e-04 -1.432448e-03 9.999987e-01 -1.293618e+02
9.999815e-01 -1.574253e-03 -5.878901e-03 7.384033e+01 1.567211e-03 9.999980e-01 -1.202265e-03 2.767904e+00 5.880782e-03 1.193029e-03 9.999820e-01 -1.299362e+02
9.999978e-01 2.069333e-03 2.605955e-04 7.497947e+01 -2.069750e-03 9.999966e-01 1.613986e-03 2.737426e+00 -2.572544e-04 -1.614521e-03 9.999987e-01 -1.296926e+02
9.999835e-01 -2.115532e-03 -5.338645e-03 7.596815e+01 2.107879e-03 9.999967e-01 -1.438639e-03 2.732613e+00 5.341670e-03 1.427361e-03 9.999847e-01 -1.300446e+02
9.999970e-01 2.159864e-03 1.191784e-03 7.647248e+01 -2.161933e-03 9.999962e-01 1.737821e-03 2.715452e+00 -1.188026e-03 -1.740392e-03 9.999978e-01 -1.300405e+02
9.999831e-01 -2.077493e-03 -5.428150e-03 7.662997e+01 2.068957e-03 9.999966e-01 -1.577773e-03 2.696597e+00 5.431409e-03 1.566516e-03 9.999840e-01 -1.296397e+02
9.999965e-01 2.039420e-03 1.666922e-03 7.672762e+01 -2.041950e-03 9.999968e-01 1.517651e-03 2.672085e+00 -1.663821e-03 -1.521049e-03 9.999975e-01 -1.287762e+02
9.999841e-01 -1.958380e-03 -5.291948e-03 7.689564e+01 1.949452e-03 9.999967e-01 -1.691638e-03 2.642600e+00 5.295243e-03 1.681294e-03 9.999846e-01 -1.279040e+02
9.999976e-01 1.968704e-03 9.374255e-04 7.676615e+01 -1.970307e-03 9.999966e-01 1.711566e-03 2.635231e+00 -9.340525e-04 -1.713408e-03 9.999981e-01 -1.273842e+02
9.999792e-01 -1.944729e-03 -6.154032e-03 7.653413e+01 1.935420e-03 9.999970e-01 -1.518196e-03 2.636684e+00 6.156965e-03 1.506253e-03 9.999799e-01 -1.270535e+02
9.999975e-01 2.001714e-03 1.034418e-03 7.649790e+01 -2.003502e-03 9.999965e-01 1.730337e-03 2.635489e+00 -1.030950e-03 -1.732405e-03 9.999980e-01 -1.270578e+02
9.999771e-01 -2.159011e-03 -6.412833e-03 7.625528e+01 2.147522e-03 9.999961e-01 -1.797867e-03 2.648838e+00 6.416689e-03 1.784054e-03 9.999778e-01 -1.275114e+02
9.999979e-01 2.011406e-03 4.622293e-04 7.575269e+01 -2.012237e-03 9.999963e-01 1.806177e-03 2.666133e+00 -4.585944e-04 -1.807102e-03 9.999983e-01 -1.278154e+02
9.999826e-01 -2.032484e-03 -5.534908e-03 7.571527e+01 2.023046e-03 9.999965e-01 -1.710298e-03 2.670083e+00 5.538364e-03 1.699070e-03 9.999832e-01 -1.278537e+02
9.999974e-01 1.943314e-03 1.217882e-03 7.601053e+01 -1.945442e-03 9.999966e-01 1.748731e-03 2.664986e+00 -1.214479e-03 -1.751095e-03 9.999977e-01 -1.281167e+02
9.999813e-01 -1.991445e-03 -5.780174e-03 7.612468e+01 1.981407e-03 9.999965e-01 -1.741709e-03 2.661023e+00 5.783622e-03 1.730222e-03 9.999818e-01 -1.280900e+02
9.999970e-01 2.155929e-03 1.190690e-03 7.667588e+01 -2.158124e-03 9.999960e-01 1.845715e-03 2.641864e+00 -1.186706e-03 -1.848278e-03 9.999976e-01 -1.279022e+02
9.999821e-01 -2.293870e-03 -5.526043e-03 7.742757e+01 2.283649e-03 9.999957e-01 -1.855165e-03 2.632850e+00 5.530275e-03 1.842511e-03 9.999830e-01 -1.281428e+02
9.999972e-01 2.028565e-03 1.206047e-03 7.779146e+01 -2.030721e-03 9.999963e-01 1.788911e-03 2.629981e+00 -1.202413e-03 -1.791355e-03 9.999977e-01 -1.286400e+02
9.999827e-01 -2.255448e-03 -5.424592e-03 7.839218e+01 2.244672e-03 9.999955e-01 -1.991852e-03 2.629654e+00 5.429060e-03 1.979640e-03 9.999833e-01 -1.291493e+02
9.999974e-01 2.164251e-03 7.476761e-04 7.943729e+01 -2.165828e-03 9.999954e-01 2.115986e-03 2.624407e+00 -7.430928e-04 -2.117600e-03 9.999975e-01 -1.295252e+02
9.999824e-01 -2.377798e-03 -5.441770e-03 8.021981e+01 2.365907e-03 9.999948e-01 -2.190567e-03 2.627542e+00 5.446950e-03 2.177653e-03 9.999828e-01 -1.301078e+02
9.999976e-01 1.987291e-03 9.732255e-04 8.057347e+01 -1.989111e-03 9.999963e-01 1.872176e-03 2.633670e+00 -9.695010e-04 -1.874106e-03 9.999978e-01 -1.310008e+02
9.999822e-01 -2.428243e-03 -5.441775e-03 8.055256e+01 2.416198e-03 9.999946e-01 -2.218925e-03 2.635663e+00 5.447134e-03 2.205737e-03 9.999827e-01 -1.318569e+02
9.999975e-01 2.008786e-03 9.535830e-04 8.069974e+01 -2.010544e-03 9.999963e-01 1.847243e-03 2.637848e+00 -9.498684e-04 -1.849155e-03 9.999978e-01 -1.326919e+02
9.999841e-01 -2.379994e-03 -5.120902e-03 8.092416e+01 2.368602e-03 9.999947e-01 -2.229348e-03 2.641594e+00 5.126180e-03 2.217183e-03 9.999844e-01 -1.335230e+02
9.999976e-01 2.035111e-03 8.272371e-04 8.121867e+01 -2.036648e-03 9.999962e-01 1.861600e-03 2.645671e+00 -8.234450e-04 -1.863280e-03 9.999979e-01 -1.343146e+02
9.999851e-01 -2.443396e-03 -4.873857e-03 8.151634e+01 2.432111e-03 9.999944e-01 -2.319908e-03 2.651487e+00 4.879498e-03 2.308019e-03 9.999854e-01 -1.352047e+02
9.999978e-01 2.018450e-03 4.880424e-04 8.184693e+01 -2.019345e-03 9.999963e-01 1.840492e-03 2.658720e+00 -4.843254e-04 -1.841473e-03 9.999982e-01 -1.361543e+02
9.999842e-01 -2.530277e-03 -5.026310e-03 8.203235e+01 2.518068e-03 9.999939e-01 -2.433898e-03 2.666621e+00 5.032437e-03 2.421203e-03 9.999844e-01 -1.372844e+02
9.999972e-01 2.198534e-03 8.242066e-04 8.242457e+01 -2.200272e-03 9.999953e-01 2.113893e-03 2.672870e+00 -8.195550e-04 -2.115700e-03 9.999974e-01 -1.381296e+02
9.999820e-01 -2.490357e-03 -5.452429e-03 8.271520e+01 2.477653e-03 9.999942e-01 -2.335454e-03 2.676399e+00 5.458213e-03 2.321902e-03 9.999824e-01 -1.389028e+02
9.999973e-01 2.203917e-03 7.775729e-04 8.282434e+01 -2.205589e-03 9.999952e-01 2.156212e-03 2.679955e+00 -7.728167e-04 -2.157920e-03 9.999974e-01 -1.396094e+02
9.999827e-01 -2.446676e-03 -5.342840e-03 8.274655e+01 2.434708e-03 9.999945e-01 -2.245342e-03 2.682774e+00 5.348304e-03 2.232295e-03 9.999832e-01 -1.400896e+02
9.999968e-01 2.418315e-03 7.991108e-04 8.264203e+01 -2.420059e-03 9.999947e-01 2.189881e-03 2.682527e+00 -7.938104e-04 -2.191807e-03 9.999973e-01 -1.399603e+02
9.999756e-01 -2.490360e-03 -6.522679e-03 8.207045e+01 2.476200e-03 9.999946e-01 -2.178002e-03 2.700332e+00 6.528067e-03 2.161797e-03 9.999764e-01 -1.398580e+02
9.999948e-01 2.598305e-03 1.888419e-03 8.226940e+01 -2.602514e-03 9.999941e-01 2.230116e-03 2.694577e+00 -1.882613e-03 -2.235018e-03 9.999957e-01 -1.397354e+02
9.999767e-01 -2.514996e-03 -6.339511e-03 8.258726e+01 2.502558e-03 9.999949e-01 -1.969145e-03 2.683197e+00 6.344431e-03 1.953234e-03 9.999780e-01 -1.396256e+02
9.999960e-01 2.556449e-03 1.192046e-03 8.232869e+01 -2.558920e-03 9.999946e-01 2.076101e-03 2.690678e+00 -1.186732e-03 -2.079143e-03 9.999971e-01 -1.396549e+02
9.999788e-01 -2.400339e-03 -6.053735e-03 8.233028e+01 2.388559e-03 9.999952e-01 -1.952409e-03 2.690477e+00 6.058392e-03 1.937907e-03 9.999798e-01 -1.394327e+02
9.999969e-01 2.442010e-03 4.156937e-04 8.203302e+01 -2.442895e-03 9.999947e-01 2.143806e-03 2.705319e+00 -4.104560e-04 -2.144814e-03 9.999976e-01 -1.392379e+02
9.999830e-01 -2.367474e-03 -5.323774e-03 8.194518e+01 2.355383e-03 9.999946e-01 -2.276250e-03 2.716091e+00 5.329134e-03 2.263671e-03 9.999832e-01 -1.390593e+02
9.999968e-01 2.530899e-03 -1.162995e-04 8.205930e+01 -2.530603e-03 9.999937e-01 2.475978e-03 2.717339e+00 1.225656e-04 -2.475676e-03 9.999969e-01 -1.387700e+02
9.999870e-01 -2.406943e-03 -4.500667e-03 8.207874e+01 2.395638e-03 9.999940e-01 -2.515577e-03 2.709465e+00 4.506695e-03 2.504761e-03 9.999867e-01 -1.382319e+02
9.999965e-01 2.652266e-03 -9.644692e-05 8.225073e+01 -2.652011e-03 9.999932e-01 2.543518e-03 2.695638e+00 1.031926e-04 -2.543253e-03 9.999968e-01 -1.378405e+02
9.999832e-01 -2.500831e-03 -5.224196e-03 8.219096e+01 2.488313e-03 9.999940e-01 -2.401204e-03 2.700130e+00 5.230170e-03 2.388164e-03 9.999835e-01 -1.375161e+02
9.999963e-01 2.706098e-03 -1.673685e-04 8.230059e+01 -2.705665e-03 9.999931e-01 2.530530e-03 2.697781e+00 1.742155e-04 -2.530067e-03 9.999968e-01 -1.371665e+02
9.999864e-01 -2.567309e-03 -4.541418e-03 8.278607e+01 2.556219e-03 9.999937e-01 -2.446023e-03 2.685176e+00 4.547668e-03 2.434381e-03 9.999867e-01 -1.370893e+02
9.999959e-01 2.771554e-03 -7.708166e-04 8.291206e+01 -2.769609e-03 9.999930e-01 2.512615e-03 2.691196e+00 7.777754e-04 -2.510469e-03 9.999965e-01 -1.368734e+02
9.999848e-01 -2.559026e-03 -4.879398e-03 8.364481e+01 2.546921e-03 9.999937e-01 -2.485453e-03 2.696160e+00 4.885728e-03 2.472987e-03 9.999850e-01 -1.370435e+02
9.999957e-01 2.905470e-03 -3.576224e-04 8.457054e+01 -2.904338e-03 9.999909e-01 3.123304e-03 2.674315e+00 3.666941e-04 -3.122251e-03 9.999951e-01 -1.369144e+02
9.999875e-01 -2.786337e-03 -4.145631e-03 8.476371e+01 2.774121e-03 9.999918e-01 -2.949447e-03 2.659664e+00 4.153815e-03 2.937910e-03 9.999871e-01 -1.365180e+02
9.999955e-01 2.893573e-03 -7.750413e-04 8.554931e+01 -2.891245e-03 9.999914e-01 2.987892e-03 2.656834e+00 7.836805e-04 -2.985637e-03 9.999952e-01 -1.367507e+02
9.999845e-01 -2.762059e-03 -4.842545e-03 8.636728e+01 2.750421e-03 9.999933e-01 -2.408255e-03 2.653460e+00 4.849164e-03 2.394898e-03 9.999854e-01 -1.369305e+02
9.999956e-01 2.904524e-03 -5.288809e-04 8.727831e+01 -2.903068e-03 9.999921e-01 2.732586e-03 2.649846e+00 5.368138e-04 -2.731038e-03 9.999961e-01 -1.371736e+02
9.999856e-01 -2.847844e-03 -4.554849e-03 8.768849e+01 2.836897e-03 9.999931e-01 -2.408065e-03 2.650794e+00 4.561675e-03 2.395108e-03 9.999867e-01 -1.371643e+02
9.999955e-01 2.912863e-03 -7.675572e-04 8.786705e+01 -2.910999e-03 9.999928e-01 2.418436e-03 2.660789e+00 7.745965e-04 -2.416190e-03 9.999968e-01 -1.370261e+02
9.999858e-01 -2.814374e-03 -4.520948e-03 8.787956e+01 2.803505e-03 9.999932e-01 -2.408833e-03 2.675234e+00 4.527696e-03 2.396123e-03 9.999869e-01 -1.367049e+02
9.999954e-01 2.852909e-03 -1.032781e-03 8.763773e+01 -2.850260e-03 9.999927e-01 2.556909e-03 2.690533e+00 1.040068e-03 -2.553953e-03 9.999962e-01 -1.363816e+02
9.999887e-01 -2.791772e-03 -3.856547e-03 8.839282e+01 2.782734e-03 9.999934e-01 -2.346758e-03 2.681620e+00 3.863073e-03 2.335999e-03 9.999898e-01 -1.364857e+02
9.999956e-01 2.795423e-03 -1.028885e-03 8.914720e+01 -2.792785e-03 9.999928e-01 2.556503e-03 2.675803e+00 1.036024e-03 -2.553618e-03 9.999962e-01 -1.366698e+02
9.999894e-01 -2.813761e-03 -3.638444e-03 8.965325e+01 2.805154e-03 9.999933e-01 -2.368446e-03 2.665814e+00 3.645083e-03 2.358214e-03 9.999906e-01 -1.364828e+02
9.999954e-01 2.766974e-03 -1.226667e-03 8.963606e+01 -2.764043e-03 9.999933e-01 2.384941e-03 2.672408e+00 1.233258e-03 -2.381539e-03 9.999964e-01 -1.359394e+02
9.999898e-01 -2.560064e-03 -3.713799e-03 8.963584e+01 2.551408e-03 9.999940e-01 -2.333686e-03 2.673746e+00 3.719751e-03 2.324186e-03 9.999904e-01 -1.354351e+02
9.999955e-01 2.648816e-03 -1.415333e-03 9.044022e+01 -2.645130e-03 9.999931e-01 2.599982e-03 2.663863e+00 1.422210e-03 -2.596225e-03 9.999956e-01 -1.355146e+02
9.999900e-01 -2.732148e-03 -3.535593e-03 9.113377e+01 2.723486e-03 9.999933e-01 -2.452207e-03 2.660146e+00 3.542269e-03 2.442553e-03 9.999907e-01 -1.356209e+02
9.999958e-01 2.685499e-03 -1.109081e-03 9.169222e+01 -2.682780e-03 9.999934e-01 2.445565e-03 2.659872e+00 1.115642e-03 -2.442579e-03 9.999964e-01 -1.357525e+02
9.999898e-01 -2.716628e-03 -3.617678e-03 9.248883e+01 2.708223e-03 9.999936e-01 -2.326046e-03 2.658305e+00 3.623974e-03 2.316224e-03 9.999908e-01 -1.361076e+02
9.999955e-01 2.765031e-03 -1.199139e-03 9.325769e+01 -2.762018e-03 9.999930e-01 2.506932e-03 2.653190e+00 1.206062e-03 -2.503608e-03 9.999961e-01 -1.363659e+02
9.999890e-01 -2.712840e-03 -3.835830e-03 9.417820e+01 2.704354e-03 9.999939e-01 -2.215670e-03 2.647255e+00 3.841817e-03 2.205271e-03 9.999902e-01 -1.366448e+02
9.999958e-01 2.730768e-03 -9.732382e-04 9.490078e+01 -2.728353e-03 9.999932e-01 2.474251e-03 2.638962e+00 9.799884e-04 -2.471584e-03 9.999965e-01 -1.368203e+02
9.999885e-01 -2.587182e-03 -4.050126e-03 9.564656e+01 2.578458e-03 9.999943e-01 -2.157555e-03 2.626323e+00 4.055685e-03 2.147086e-03 9.999895e-01 -1.368545e+02
9.999962e-01 2.612441e-03 -9.021636e-04 9.644779e+01 -2.610238e-03 9.999936e-01 2.434818e-03 2.615702e+00 9.085190e-04 -2.432453e-03 9.999966e-01 -1.369956e+02
9.999888e-01 -2.598170e-03 -3.965746e-03 9.732774e+01 2.589292e-03 9.999941e-01 -2.242103e-03 2.609735e+00 3.971548e-03 2.231808e-03 9.999896e-01 -1.372789e+02
9.999967e-01 2.409128e-03 -8.429540e-04 9.783460e+01 -2.407106e-03 9.999942e-01 2.391627e-03 2.611130e+00 8.487111e-04 -2.389590e-03 9.999968e-01 -1.376887e+02
9.999867e-01 -2.603470e-03 -4.441483e-03 9.775171e+01 2.592084e-03 9.999933e-01 -2.567420e-03 2.626238e+00 4.448137e-03 2.555872e-03 9.999868e-01 -1.378874e+02
9.999966e-01 2.487693e-03 -8.310150e-04 9.740397e+01 -2.485574e-03 9.999937e-01 2.540795e-03 2.640270e+00 8.373307e-04 -2.538720e-03 9.999964e-01 -1.377820e+02
9.999890e-01 -2.531700e-03 -3.960145e-03 9.716276e+01 2.521952e-03 9.999938e-01 -2.464454e-03 2.644208e+00 3.966360e-03 2.454439e-03 9.999891e-01 -1.374590e+02
9.999968e-01 2.533528e-03 -1.084486e-04 9.709666e+01 -2.533254e-03 9.999938e-01 2.456648e-03 2.636527e+00 1.146722e-04 -2.456365e-03 9.999970e-01 -1.369573e+02
9.999889e-01 -2.497844e-03 -3.986375e-03 9.706601e+01 2.488118e-03 9.999939e-01 -2.442831e-03 2.625503e+00 3.992452e-03 2.432885e-03 9.999891e-01 -1.364420e+02
9.999968e-01 2.535354e-03 9.352415e-05 9.714957e+01 -2.535586e-03 9.999935e-01 2.569622e-03 2.606311e+00 -8.700839e-05 -2.569850e-03 9.999967e-01 -1.359473e+02
9.999872e-01 -2.512336e-03 -4.384388e-03 9.709223e+01 2.501682e-03 9.999939e-01 -2.433760e-03 2.597490e+00 4.390476e-03 2.422760e-03 9.999874e-01 -1.355481e+02
9.999966e-01 2.410236e-03 -1.030402e-03 9.666906e+01 -2.407687e-03 9.999941e-01 2.467541e-03 2.610961e+00 1.036344e-03 -2.465051e-03 9.999964e-01 -1.353956e+02
9.999875e-01 -2.681937e-03 -4.208838e-03 9.637329e+01 2.670296e-03 9.999926e-01 -2.768978e-03 2.631201e+00 4.216232e-03 2.757704e-03 9.999873e-01 -1.355862e+02
9.999963e-01 2.598657e-03 -7.735869e-04 9.603344e+01 -2.596559e-03 9.999930e-01 2.700033e-03 2.642924e+00 7.805982e-04 -2.698014e-03 9.999961e-01 -1.352740e+02
9.999873e-01 -2.598525e-03 -4.315852e-03 9.569662e+01 2.587100e-03 9.999931e-01 -2.650605e-03 2.653521e+00 4.322710e-03 2.639405e-03 9.999872e-01 -1.350062e+02
9.999954e-01 2.511059e-03 -1.705064e-03 9.505994e+01 -2.506388e-03 9.999931e-01 2.735909e-03 2.677887e+00 1.711923e-03 -2.731623e-03 9.999948e-01 -1.348546e+02
9.999905e-01 -2.562912e-03 -3.522252e-03 9.470722e+01 2.553482e-03 9.999932e-01 -2.679035e-03 2.690481e+00 3.529094e-03 2.670015e-03 9.999902e-01 -1.348021e+02
9.999966e-01 2.526412e-03 -6.378852e-04 9.513500e+01 -2.524696e-03 9.999932e-01 2.676187e-03 2.684975e+00 6.446423e-04 -2.674566e-03 9.999962e-01 -1.348484e+02
9.999860e-01 -2.627435e-03 -4.584623e-03 9.496049e+01 2.615247e-03 9.999930e-01 -2.662266e-03 2.698283e+00 4.591586e-03 2.650238e-03 9.999859e-01 -1.350426e+02
9.999960e-01 2.540848e-03 -1.261498e-03 9.451191e+01 -2.537428e-03 9.999931e-01 2.705739e-03 2.719236e+00 1.268364e-03 -2.702526e-03 9.999955e-01 -1.350391e+02
9.999902e-01 -2.667948e-03 -3.540497e-03 9.509920e+01 2.658197e-03 9.999927e-01 -2.755991e-03 2.727071e+00 3.547823e-03 2.746552e-03 9.999899e-01 -1.356223e+02
9.999957e-01 2.579011e-03 -1.368652e-03 9.600909e+01 -2.575118e-03 9.999927e-01 2.838128e-03 2.733775e+00 1.375962e-03 -2.834590e-03 9.999950e-01 -1.361685e+02
9.999901e-01 -2.594213e-03 -3.608044e-03 9.677738e+01 2.584925e-03 9.999933e-01 -2.576370e-03 2.737974e+00 3.614704e-03 2.567018e-03 9.999902e-01 -1.366124e+02
9.999952e-01 2.484862e-03 -1.877681e-03 9.669656e+01 -2.480098e-03 9.999937e-01 2.535183e-03 2.753709e+00 1.883969e-03 -2.530513e-03 9.999950e-01 -1.369278e+02
9.999907e-01 -2.713464e-03 -3.348543e-03 9.673584e+01 2.704657e-03 9.999929e-01 -2.631660e-03 2.761525e+00 3.355659e-03 2.622579e-03 9.999909e-01 -1.375525e+02
9.999965e-01 2.545697e-03 -7.502755e-04 9.734203e+01 -2.543851e-03 9.999938e-01 2.449943e-03 2.763902e+00 7.565079e-04 -2.448025e-03 9.999967e-01 -1.381090e+02
9.999892e-01 -2.372002e-03 -4.005594e-03 9.778409e+01 2.362543e-03 9.999944e-01 -2.364371e-03 2.758772e+00 4.011179e-03 2.354881e-03 9.999892e-01 -1.381451e+02
9.999971e-01 2.329403e-03 -6.752306e-04 9.833371e+01 -2.327672e-03 9.999940e-01 2.552414e-03 2.758754e+00 6.811724e-04 -2.550834e-03 9.999965e-01 -1.384801e+02
9.999856e-01 -2.754833e-03 -4.597324e-03 9.900000e+01 2.740425e-03 9.999913e-01 -3.137332e-03 2.771071e+00 4.605926e-03 3.124688e-03 9.999845e-01 -1.394444e+02
9.999969e-01 2.482703e-03 2.003368e-04 9.993312e+01 -2.483297e-03 9.999923e-01 3.023617e-03 2.782937e+00 -1.928283e-04 -3.024105e-03 9.999954e-01 -1.401767e+02
9.999845e-01 -2.551560e-03 -4.953419e-03 1.006033e+02 2.537560e-03 9.999928e-01 -2.830575e-03 2.783368e+00 4.960606e-03 2.817960e-03 9.999837e-01 -1.405719e+02
9.999973e-01 2.341535e-03 7.051341e-05 1.004809e+02 -2.341723e-03 9.999934e-01 2.792930e-03 2.786622e+00 -6.397298e-05 -2.793086e-03 9.999961e-01 -1.410928e+02
9.999844e-01 -2.264261e-03 -5.112316e-03 1.002671e+02 2.251030e-03 9.999941e-01 -2.592413e-03 2.792700e+00 5.118156e-03 2.580864e-03 9.999836e-01 -1.408954e+02
9.999969e-01 2.331492e-03 9.067606e-04 1.004409e+02 -2.333896e-03 9.999937e-01 2.659305e-03 2.783519e+00 -9.005546e-04 -2.661412e-03 9.999961e-01 -1.406069e+02
9.999817e-01 -2.211448e-03 -5.629332e-03 1.004753e+02 2.196816e-03 9.999942e-01 -2.604005e-03 2.784123e+00 5.635058e-03 2.591591e-03 9.999808e-01 -1.403923e+02
9.999966e-01 2.508409e-03 7.364048e-04 1.008770e+02 -2.510469e-03 9.999929e-01 2.809294e-03 2.769878e+00 -7.293525e-04 -2.811132e-03 9.999958e-01 -1.402118e+02
9.999812e-01 -2.336885e-03 -5.662794e-03 1.010625e+02 2.320939e-03 9.999933e-01 -2.820925e-03 2.752540e+00 5.669348e-03 2.807728e-03 9.999800e-01 -1.395768e+02
9.999969e-01 2.485459e-03 -5.605432e-05 1.008646e+02 -2.485306e-03 9.999936e-01 2.572030e-03 2.762845e+00 6.244685e-05 -2.571882e-03 9.999967e-01 -1.388207e+02
9.999824e-01 -2.200505e-03 -5.507506e-03 1.012020e+02 2.185606e-03 9.999939e-01 -2.709664e-03 2.749464e+00 5.513435e-03 2.697579e-03 9.999812e-01 -1.380781e+02
9.999957e-01 2.334460e-03 -1.799617e-03 1.002989e+02 -2.331965e-03 9.999963e-01 1.387009e-03 2.806324e+00 1.802848e-03 -1.382806e-03 9.999974e-01 -1.360796e+02
9.999739e-01 -2.050510e-03 -6.927731e-03 9.939838e+01 2.030745e-03 9.999939e-01 -2.858718e-03 2.876904e+00 6.933550e-03 2.844574e-03 9.999719e-01 -1.339531e+02
9.999966e-01 2.620637e-03 8.015279e-05 9.993876e+01 -2.620827e-03 9.999935e-01 2.477353e-03 2.865934e+00 -7.365982e-05 -2.477554e-03 9.999969e-01 -1.326545e+02
9.999737e-01 -2.314406e-03 -6.871784e-03 9.969050e+01 2.292719e-03 9.999924e-01 -3.162078e-03 2.884925e+00 6.879050e-03 3.146240e-03 9.999714e-01 -1.311493e+02
9.999970e-01 2.420293e-03 -4.769343e-04 9.886912e+01 -2.419327e-03 9.999950e-01 2.015448e-03 2.938542e+00 4.818101e-04 -2.014288e-03 9.999979e-01 -1.294266e+02
9.999764e-01 -2.179340e-03 -6.507735e-03 9.846841e+01 2.159392e-03 9.999930e-01 -3.070751e-03 2.963880e+00 6.514381e-03 3.056625e-03 9.999741e-01 -1.277796e+02
9.999974e-01 2.294718e-03 -1.479682e-04 9.802633e+01 -2.294395e-03 9.999951e-01 2.143745e-03 2.986918e+00 1.528869e-04 -2.143399e-03 9.999977e-01 -1.261947e+02
9.999669e-01 -2.320670e-03 -7.795589e-03 9.683160e+01 2.292929e-03 9.999910e-01 -3.565477e-03 3.069432e+00 7.803793e-03 3.547484e-03 9.999633e-01 -1.243667e+02
9.999965e-01 2.614365e-03 4.385042e-04 9.660127e+01 -2.615613e-03 9.999925e-01 2.870834e-03 3.091948e+00 -4.309953e-04 -2.871970e-03 9.999958e-01 -1.228918e+02
9.999751e-01 -2.166026e-03 -6.710168e-03 9.734433e+01 2.146605e-03 9.999935e-01 -2.900075e-03 3.063388e+00 6.716406e-03 2.885598e-03 9.999733e-01 -1.219576e+02
9.999968e-01 2.395666e-03 7.711207e-04 9.711803e+01 -2.397411e-03 9.999945e-01 2.270130e-03 3.074768e+00 -7.656779e-04 -2.271971e-03 9.999971e-01 -1.207360e+02
9.999687e-01 -2.201100e-03 -7.593480e-03 9.669462e+01 2.176093e-03 9.999922e-01 -3.299858e-03 3.102750e+00 7.600684e-03 3.283230e-03 9.999657e-01 -1.191097e+02
9.999957e-01 2.872465e-03 6.662057e-04 9.784303e+01 -2.874396e-03 9.999916e-01 2.916466e-03 3.067467e+00 -6.578225e-04 -2.918367e-03 9.999955e-01 -1.182371e+02
9.999604e-01 -2.111776e-03 -8.648927e-03 1.000038e+02 2.094522e-03 9.999958e-01 -2.003457e-03 3.007694e+00 8.653121e-03 1.985262e-03 9.999606e-01 -1.175205e+02
9.999949e-01 2.263431e-03 2.247034e-03 9.997006e+01 -2.266547e-03 9.999965e-01 1.385255e-03 3.006529e+00 -2.243891e-03 -1.390341e-03 9.999965e-01 -1.157496e+02
9.999424e-01 -2.555067e-03 -1.042056e-02 9.883935e+01 2.529090e-03 9.999937e-01 -2.505247e-03 3.086556e+00 1.042690e-02 2.478747e-03 9.999426e-01 -1.141020e+02
9.999893e-01 2.581500e-03 3.826017e-03 9.865861e+01 -2.587952e-03 9.999952e-01 1.682687e-03 3.101473e+00 -3.821655e-03 -1.692570e-03 9.999913e-01 -1.125581e+02
9.999427e-01 -2.386604e-03 -1.043299e-02 9.841249e+01 2.358924e-03 9.999937e-01 -2.664572e-03 3.116680e+00 1.043928e-02 2.639809e-03 9.999420e-01 -1.109039e+02
9.999898e-01 2.491844e-03 3.764185e-03 9.824111e+01 -2.498906e-03 9.999951e-01 1.872518e-03 3.129066e+00 -3.759500e-03 -1.881905e-03 9.999912e-01 -1.092949e+02
9.999385e-01 -2.332927e-03 -1.084195e-02 9.789539e+01 2.299901e-03 9.999927e-01 -3.057642e-03 3.153641e+00 1.084900e-02 3.032518e-03 9.999365e-01 -1.072944e+02
9.999921e-01 2.638555e-03 2.966475e-03 9.780817e+01 -2.644795e-03 9.999943e-01 2.101923e-03 3.171021e+00 -2.960912e-03 -2.109751e-03 9.999934e-01 -1.051527e+02
9.999363e-01 -2.587554e-03 -1.098860e-02 9.724947e+01 2.554339e-03 9.999921e-01 -3.035531e-03 3.216967e+00 1.099637e-02 3.007269e-03 9.999350e-01 -1.033821e+02
9.999935e-01 2.970744e-03 2.033430e-03 9.760274e+01 -2.976344e-03 9.999918e-01 2.756670e-03 3.221709e+00 -2.025224e-03 -2.762703e-03 9.999941e-01 -1.016117e+02
9.999512e-01 -2.636375e-03 -9.522412e-03 9.825367e+01 2.607479e-03 9.999920e-01 -3.045579e-03 3.195471e+00 9.530365e-03 3.020601e-03 9.999500e-01 -9.996132e+01
9.999950e-01 2.610062e-03 1.805977e-03 9.731685e+01 -2.613350e-03 9.999949e-01 1.820644e-03 3.256681e+00 -1.801215e-03 -1.825354e-03 9.999967e-01 -9.821043e+01
9.999354e-01 -2.689408e-03 -1.104352e-02 9.632031e+01 2.664428e-03 9.999939e-01 -2.276087e-03 3.323364e+00 1.104957e-02 2.246515e-03 9.999364e-01 -9.743189e+01
9.999705e-01 2.474968e-03 7.273046e-03 9.726476e+01 -2.489297e-03 9.999950e-01 1.961738e-03 3.324485e+00 -7.268154e-03 -1.979784e-03 9.999716e-01 -9.794504e+01
9.999048e-01 -2.136687e-03 -1.362830e-02 9.885338e+01 2.109363e-03 9.999957e-01 -2.018980e-03 3.302735e+00 1.363256e-02 1.990041e-03 9.999051e-01 -9.805760e+01
9.999714e-01 2.497912e-03 7.135396e-03 1.008977e+02 -2.516995e-03 9.999933e-01 2.666826e-03 3.267731e+00 -7.128686e-03 -2.684709e-03 9.999710e-01 -9.796479e+01
9.998754e-01 -1.750511e-03 -1.568592e-02 1.030857e+02 1.721169e-03 9.999967e-01 -1.883837e-03 3.200753e+00 1.568917e-02 1.856604e-03 9.998752e-01 -9.667155e+01
9.999834e-01 2.722399e-03 5.082089e-03 1.057129e+02 -2.734497e-03 9.999934e-01 2.375230e-03 3.121557e+00 -5.075589e-03 -2.389087e-03 9.999843e-01 -9.470162e+01
9.999059e-01 -2.195615e-03 -1.354366e-02 1.082991e+02 2.173224e-03 9.999962e-01 -1.667655e-03 3.073928e+00 1.354727e-02 1.638064e-03 9.999069e-01 -9.394989e+01
9.999757e-01 2.717958e-03 6.418372e-03 1.091319e+02 -2.729823e-03 9.999946e-01 1.840606e-03 3.074202e+00 -6.413335e-03 -1.858082e-03 9.999777e-01 -9.362647e+01
9.998444e-01 -2.918535e-03 -1.739780e-02 1.068750e+02 2.848351e-03 9.999877e-01 -4.057453e-03 3.245174e+00 1.740942e-02 4.007266e-03 9.998404e-01 -9.114439e+01
9.999860e-01 2.426026e-03 4.706724e-03 1.043023e+02 -2.437754e-03 9.999939e-01 2.487779e-03 3.436221e+00 -4.700660e-03 -2.499217e-03 9.999858e-01 -8.883191e+01
9.998976e-01 -2.783658e-03 -1.403923e-02 1.026474e+02 2.734687e-03 9.999901e-01 -3.506141e-03 3.560614e+00 1.404885e-02 3.467388e-03 9.998953e-01 -8.725754e+01
9.999817e-01 2.457859e-03 5.524875e-03 1.012163e+02 -2.474809e-03 9.999922e-01 3.063390e-03 3.646883e+00 -5.517303e-03 -3.077006e-03 9.999800e-01 -8.646868e+01
9.999109e-01 -2.495339e-03 -1.311429e-02 9.994840e+01 2.440139e-03 9.999881e-01 -4.223395e-03 3.740343e+00 1.312467e-02 4.191017e-03 9.999051e-01 -8.506325e+01
9.999971e-01 2.061550e-03 1.212654e-03 9.747292e+01 -2.064291e-03 9.999953e-01 2.263376e-03 3.929751e+00 -1.207982e-03 -2.265873e-03 9.999967e-01 -8.235316e+01
9.998388e-01 -2.936786e-03 -1.771391e-02 9.324531e+01 2.841764e-03 9.999815e-01 -5.386994e-03 4.245518e+00 1.772940e-02 5.335786e-03 9.998286e-01 -7.857900e+01
9.999804e-01 2.614778e-03 5.685447e-03 9.079044e+01 -2.635149e-03 9.999901e-01 3.578492e-03 4.436571e+00 -5.676033e-03 -3.593403e-03 9.999774e-01 -7.601172e+01
9.999095e-01 -2.640858e-03 -1.319055e-02 9.024872e+01 2.578773e-03 9.999855e-01 -4.721477e-03 4.529683e+00 1.320283e-02 4.687034e-03 9.999019e-01 -7.496125e+01
9.999915e-01 2.398231e-03 3.354934e-03 8.907937e+01 -2.410048e-03 9.999909e-01 3.522913e-03 4.692486e+00 -3.346454e-03 -3.530968e-03 9.999882e-01 -7.352228e+01
9.998849e-01 -2.802765e-03 -1.491290e-02 8.669860e+01 2.725492e-03 9.999828e-01 -5.199400e-03 4.886572e+00 1.492722e-02 5.158156e-03 9.998753e-01 -7.110503e+01
9.999947e-01 2.297327e-03 2.290017e-03 8.398455e+01 -2.305021e-03 9.999917e-01 3.362901e-03 5.089944e+00 -2.282273e-03 -3.368161e-03 9.999917e-01 -6.854279e+01
9.999072e-01 -2.744664e-03 -1.334126e-02 8.190640e+01 2.683652e-03 9.999859e-01 -4.588913e-03 5.241865e+00 1.335366e-02 4.552683e-03 9.999005e-01 -6.672959e+01
9.999746e-01 2.702610e-03 6.588152e-03 8.115843e+01 -2.729094e-03 9.999882e-01 4.014415e-03 5.297047e+00 -6.577225e-03 -4.032292e-03 9.999702e-01 -6.556626e+01
9.999300e-01 -2.575793e-03 -1.155108e-02 8.134673e+01 2.529030e-03 9.999886e-01 -4.061163e-03 5.299472e+00 1.156141e-02 4.031665e-03 9.999250e-01 -6.506638e+01
9.999811e-01 2.705528e-03 5.519378e-03 8.164632e+01 -2.725639e-03 9.999897e-01 3.639524e-03 5.333884e+00 -5.509474e-03 -3.654499e-03 9.999781e-01 -6.476425e+01
9.999162e-01 -2.489273e-03 -1.270134e-02 8.120086e+01 2.436832e-03 9.999885e-01 -4.142493e-03 5.381018e+00 1.271150e-02 4.111194e-03 9.999108e-01 -6.370449e+01
9.999746e-01 2.553431e-03 6.647956e-03 8.074790e+01 -2.576911e-03 9.999905e-01 3.525786e-03 5.407545e+00 -6.638890e-03 -3.542827e-03 9.999717e-01 -6.256735e+01
9.999246e-01 -2.279479e-03 -1.206895e-02 8.080410e+01 2.234027e-03 9.999904e-01 -3.778142e-03 5.402570e+00 1.207745e-02 3.750894e-03 9.999200e-01 -6.162247e+01
9.999802e-01 2.553644e-03 5.751898e-03 8.089812e+01 -2.573291e-03 9.999909e-01 3.411113e-03 5.402070e+00 -5.743134e-03 -3.425847e-03 9.999776e-01 -6.047653e+01
9.998756e-01 -2.649148e-03 -1.554701e-02 7.943740e+01 2.586321e-03 9.999884e-01 -4.059775e-03 5.485720e+00 1.555759e-02 4.019060e-03 9.998709e-01 -5.885222e+01
9.999882e-01 2.178044e-03 4.333017e-03 7.717224e+01 -2.191962e-03 9.999924e-01 3.209908e-03 5.629925e+00 -4.325993e-03 -3.219368e-03 9.999855e-01 -5.708857e+01
9.999257e-01 -1.733126e-03 -1.206529e-02 7.787656e+01 1.689156e-03 9.999919e-01 -3.653508e-03 5.629685e+00 1.207152e-02 3.632856e-03 9.999205e-01 -5.608393e+01
9.999871e-01 2.152699e-03 4.600366e-03 7.989473e+01 -2.171507e-03 9.999893e-01 4.087524e-03 5.611077e+00 -4.591518e-03 -4.097461e-03 9.999811e-01 -5.584125e+01
9.999342e-01 -1.856893e-03 -1.132459e-02 8.145901e+01 1.806683e-03 9.999885e-01 -4.442207e-03 5.634512e+00 1.133271e-02 4.421454e-03 9.999260e-01 -5.610237e+01
9.999791e-01 2.061556e-03 6.133341e-03 8.251145e+01 -2.090476e-03 9.999867e-01 4.712597e-03 5.622480e+00 -6.123544e-03 -4.725319e-03 9.999701e-01 -5.618702e+01
9.999376e-01 -1.855214e-03 -1.101951e-02 8.313734e+01 1.805992e-03 9.999884e-01 -4.475041e-03 5.600011e+00 1.102768e-02 4.454860e-03 9.999293e-01 -5.600747e+01
9.999776e-01 1.971847e-03 6.393482e-03 8.343163e+01 -2.002441e-03 9.999866e-01 4.782469e-03 5.578911e+00 -6.383965e-03 -4.795164e-03 9.999681e-01 -5.563471e+01
9.999396e-01 -1.822982e-03 -1.083637e-02 8.359511e+01 1.772421e-03 9.999875e-01 -4.673631e-03 5.561091e+00 1.084475e-02 4.654142e-03 9.999304e-01 -5.502070e+01
9.999826e-01 2.058073e-03 5.533727e-03 8.421469e+01 -2.085128e-03 9.999859e-01 4.887948e-03 5.536991e+00 -5.523589e-03 -4.899401e-03 9.999727e-01 -5.452350e+01
9.999090e-01 -2.106366e-03 -1.332830e-02 8.303099e+01 2.024516e-03 9.999790e-01 -6.151585e-03 5.619668e+00 1.334098e-02 6.124041e-03 9.998923e-01 -5.287446e+01
9.999897e-01 1.994982e-03 4.076904e-03 8.177894e+01 -2.015926e-03 9.999848e-01 5.139749e-03 5.715392e+00 -4.066588e-03 -5.147915e-03 9.999785e-01 -5.108823e+01
9.999408e-01 -1.533517e-03 -1.077599e-02 8.326182e+01 1.478748e-03 9.999860e-01 -5.088510e-03 5.712711e+00 1.078364e-02 5.072273e-03 9.999290e-01 -5.109082e+01
9.999886e-01 1.815614e-03 4.411460e-03 8.430103e+01 -1.841137e-03 9.999816e-01 5.788502e-03 5.706577e+00 -4.400869e-03 -5.796558e-03 9.999735e-01 -5.101764e+01
9.999498e-01 -1.459401e-03 -9.916246e-03 8.510063e+01 1.400982e-03 9.999816e-01 -5.895616e-03 5.689655e+00 9.924668e-03 5.881427e-03 9.999335e-01 -5.074204e+01
9.999908e-01 1.734249e-03 3.925994e-03 8.635888e+01 -1.759015e-03 9.999785e-01 6.313847e-03 5.669645e+00 -3.914960e-03 -6.320695e-03 9.999724e-01 -5.065717e+01
9.999600e-01 -1.627076e-03 -8.797344e-03 8.670379e+01 1.569007e-03 9.999770e-01 -6.603494e-03 5.645871e+00 8.807885e-03 6.589426e-03 9.999395e-01 -4.979428e+01
9.999946e-01 1.814477e-03 2.743244e-03 8.664651e+01 -1.830733e-03 9.999807e-01 5.935079e-03 5.651462e+00 -2.732422e-03 -5.940069e-03 9.999786e-01 -4.852301e+01
9.999604e-01 -1.601908e-03 -8.753122e-03 8.662524e+01 1.545491e-03 9.999780e-01 -6.448311e-03 5.655115e+00 8.763259e-03 6.434527e-03 9.999409e-01 -4.738991e+01
9.999958e-01 1.645136e-03 2.369163e-03 8.625940e+01 -1.658783e-03 9.999820e-01 5.770259e-03 5.681319e+00 -2.359627e-03 -5.774164e-03 9.999805e-01 -4.618216e+01
9.999596e-01 -1.526961e-03 -8.860519e-03 8.579754e+01 1.469916e-03 9.999782e-01 -6.441012e-03 5.714084e+00 8.870161e-03 6.427727e-03 9.999400e-01 -4.502882e+01
9.999967e-01 1.502039e-03 2.088935e-03 8.518374e+01 -1.513895e-03 9.999827e-01 5.686252e-03 5.756995e+00 -2.080358e-03 -5.689395e-03 9.999817e-01 -4.384521e+01
9.999631e-01 -1.429663e-03 -8.469806e-03 8.475853e+01 1.376607e-03 9.999794e-01 -6.266610e-03 5.784548e+00 8.478591e-03 6.254719e-03 9.999445e-01 -4.272924e+01
9.999976e-01 1.281421e-03 1.803719e-03 8.412398e+01 -1.292090e-03 9.999816e-01 5.926564e-03 5.827433e+00 -1.796091e-03 -5.928880e-03 9.999808e-01 -4.199097e+01
9.999725e-01 -1.397854e-03 -7.279731e-03 8.511080e+01 1.350525e-03 9.999779e-01 -6.502269e-03 5.845055e+00 7.288659e-03 6.492258e-03 9.999524e-01 -4.280323e+01
9.999963e-01 1.073110e-03 2.483214e-03 8.658473e+01 -1.089351e-03 9.999780e-01 6.548684e-03 5.871083e+00 -2.476132e-03 -6.551364e-03 9.999755e-01 -4.386611e+01
9.999704e-01 -8.583531e-04 -7.649673e-03 8.730683e+01 8.096269e-04 9.999794e-01 -6.370461e-03 5.858701e+00 7.654984e-03 6.364078e-03 9.999504e-01 -4.380944e+01
9.999976e-01 1.047958e-03 1.937300e-03 8.749258e+01 -1.060069e-03 9.999798e-01 6.261287e-03 5.858043e+00 -1.930699e-03 -6.263325e-03 9.999785e-01 -4.316018e+01
9.999638e-01 -1.049726e-03 -8.446122e-03 8.688616e+01 9.914650e-04 9.999757e-01 -6.899179e-03 5.898300e+00 8.453159e-03 6.890555e-03 9.999405e-01 -4.200697e+01
9.999988e-01 9.987380e-04 1.173282e-03 8.597514e+01 -1.005696e-03 9.999818e-01 5.945019e-03 5.960665e+00 -1.167324e-03 -5.946191e-03 9.999816e-01 -4.058126e+01
9.999599e-01 -1.116861e-03 -8.890970e-03 8.491451e+01 1.055708e-03 9.999758e-01 -6.879764e-03 6.035532e+00 8.898439e-03 6.870101e-03 9.999368e-01 -3.915525e+01
9.999997e-01 8.069209e-04 -1.069986e-04 8.341627e+01 -8.063131e-04 9.999842e-01 5.559848e-03 6.146439e+00 1.114833e-04 -5.559760e-03 9.999845e-01 -3.741058e+01
9.999730e-01 -6.800799e-04 -7.314187e-03 8.265811e+01 6.305519e-04 9.999769e-01 -6.771594e-03 6.198934e+00 7.318624e-03 6.766799e-03 9.999503e-01 -3.571538e+01
9.999982e-01 1.189803e-03 1.481860e-03 8.332447e+01 -1.199689e-03 9.999769e-01 6.688805e-03 6.168806e+00 -1.473867e-03 -6.690570e-03 9.999765e-01 -3.481374e+01
9.999579e-01 -2.425554e-03 -8.852667e-03 8.600122e+01 2.338060e-03 9.999485e-01 -9.880243e-03 6.246177e+00 8.876175e-03 9.859128e-03 9.999120e-01 -3.775845e+01
9.999982e-01 3.291365e-04 1.861294e-03 8.960715e+01 -3.401661e-04 9.999824e-01 5.928869e-03 6.388685e+00 -1.859310e-03 -5.929491e-03 9.999807e-01 -4.354646e+01
9.999633e-01 -1.498513e-03 -8.433475e-03 9.247839e+01 1.432181e-03 9.999680e-01 -7.865843e-03 6.481329e+00 8.444993e-03 7.853475e-03 9.999335e-01 -4.713647e+01
