9.999286e-01 9.241294e-04 -1.191625e-02 -2.309459e-01 -9.470987e-04 9.999977e-01 -1.922058e-03 2.536495e-03 1.191445e-02 1.933207e-03 9.999273e-01 2.492212e-01
9.999985e-01 -2.730352e-04 1.710189e-03 -4.186121e-01 2.724538e-04 9.999999e-01 3.402091e-04 5.038613e-03 -1.710284e-03 -3.397426e-04 9.999984e-01 4.487328e-01
9.999274e-01 4.838275e-04 -1.203707e-02 -6.367257e-01 -5.053877e-04 9.999983e-01 -1.788170e-03 8.303642e-03 1.203619e-02 1.794124e-03 9.999261e-01 6.267064e-01
9.999986e-01 4.236835e-05 1.663604e-03 -8.441875e-01 -4.309682e-05 9.999999e-01 4.378649e-04 1.131593e-02 -1.663590e-03 -4.379361e-04 9.999984e-01 8.037452e-01
9.999244e-01 6.134652e-04 -1.228308e-02 -1.053397e+00 -6.388105e-04 9.999977e-01 -2.059620e-03 1.433567e-02 1.228179e-02 2.067311e-03 9.999225e-01 9.996965e-01
9.999972e-01 -1.476565e-04 2.360316e-03 -1.240687e+00 1.456749e-04 9.999996e-01 8.396966e-04 1.696754e-02 -2.360445e-03 -8.393508e-04 9.999968e-01 1.170773e+00
9.999404e-01 6.113931e-04 -1.090070e-02 -1.434408e+00 -6.314196e-04 9.999981e-01 -1.833833e-03 1.983885e-02 1.089957e-02 1.840607e-03 9.999390e-01 1.282827e+00
9.999995e-01 -1.425113e-04 1.017980e-03 -1.654698e+00 1.418682e-04 9.999998e-01 6.318563e-04 2.297355e-02 -1.018078e-03 -6.317122e-04 9.999992e-01 1.430132e+00
9.999402e-01 6.328669e-04 -1.091470e-02 -1.875149e+00 -6.523020e-04 9.999982e-01 -1.777170e-03 2.587896e-02 1.091356e-02 1.784184e-03 9.999390e-01 1.584370e+00
9.999992e-01 -4.520499e-04 1.160494e-03 -2.082353e+00 4.514758e-04 9.999998e-01 4.949162e-04 2.896162e-02 -1.160728e-03 -4.943928e-04 9.999991e-01 1.735835e+00
9.999633e-01 4.059666e-04 -8.558140e-03 -2.239753e+00 -4.161601e-04 9.999992e-01 -1.189338e-03 3.159525e-02 8.557661e-03 1.192857e-03 9.999628e-01 1.833205e+00
9.999997e-01 4.071635e-04 -6.482820e-04 -2.398057e+00 -4.070452e-04 9.999999e-01 1.826611e-04 3.430313e-02 6.483446e-04 -1.823983e-04 9.999997e-01 1.975374e+00
9.999617e-01 -1.746289e-05 -8.757647e-03 -2.595441e+00 5.165526e-06 9.999990e-01 -1.404212e-03 3.728985e-02 8.757675e-03 1.404114e-03 9.999608e-01 2.128638e+00
9.999994e-01 -1.431592e-04 1.040315e-03 -2.763852e+00 1.422528e-04 9.999996e-01 8.712481e-04 4.043871e-02 -1.040452e-03 -8.711009e-04 9.999990e-01 2.222425e+00
9.999711e-01 -1.684063e-04 -7.595651e-03 -2.896455e+00 1.611128e-04 9.999995e-01 -9.608299e-04 4.365330e-02 7.595823e-03 9.595797e-04 9.999708e-01 2.290445e+00
9.999991e-01 3.950948e-05 1.364269e-03 -3.016373e+00 -4.061709e-05 9.999997e-01 8.117906e-04 4.652638e-02 -1.364251e-03 -8.118466e-04 9.999986e-01 2.360107e+00
9.999487e-01 -1.107791e-03 -1.006452e-02 -3.180865e+00 1.092628e-03 9.999983e-01 -1.511911e-03 4.955994e-02 1.006619e-02 1.500838e-03 9.999483e-01 2.533478e+00
9.999996e-01 8.440113e-04 1.854836e-04 -3.357572e+00 -8.441482e-04 9.999994e-01 7.386751e-04 5.245973e-02 -1.848766e-04 -7.388328e-04 9.999996e-01 2.694965e+00
9.999682e-01 -1.154479e-03 -7.894215e-03 -3.476741e+00 1.143794e-03 9.999984e-01 -1.357824e-03 5.466818e-02 7.895787e-03 1.348753e-03 9.999680e-01 2.808238e+00
9.999932e-01 1.406817e-03 3.420486e-03 -3.511082e+00 -1.411271e-03 9.999982e-01 1.300091e-03 5.586623e-02 -3.418669e-03 -1.304911e-03 9.999932e-01 2.821620e+00
9.999653e-01 -9.788553e-04 -8.275989e-03 -3.540543e+00 9.658303e-04 9.999983e-01 -1.577702e-03 5.716625e-02 8.277538e-03 1.569656e-03 9.999646e-01 2.842966e+00
9.999879e-01 1.260235e-03 4.756924e-03 -3.566089e+00 -1.270060e-03 9.999971e-01 2.062923e-03 5.863586e-02 -4.754328e-03 -2.068941e-03 9.999865e-01 2.832656e+00
9.999620e-01 -1.214078e-03 -8.635116e-03 -3.593780e+00 1.202670e-03 9.999984e-01 -1.326192e-03 5.997532e-02 8.636732e-03 1.315758e-03 9.999619e-01 2.822840e+00
9.999800e-01 9.107232e-04 6.257233e-03 -3.478075e+00 -9.233365e-04 9.999975e-01 2.013182e-03 5.900200e-02 -6.255404e-03 -2.018920e-03 9.999783e-01 2.773256e+00
9.999538e-01 -3.757698e-04 -9.609904e-03 -3.449841e+00 3.583319e-04 9.999983e-01 -1.816234e-03 5.926107e-02 9.610589e-03 1.812708e-03 9.999523e-01 2.756107e+00
9.999829e-01 6.488448e-04 5.813910e-03 -3.473889e+00 -6.620930e-04 9.999972e-01 2.277039e-03 6.059973e-02 -5.812437e-03 -2.280851e-03 9.999804e-01 2.759801e+00
9.999488e-01 -5.393883e-04 -1.010895e-02 -3.513208e+00 5.197918e-04 9.999980e-01 -1.941065e-03 6.216822e-02 1.010999e-02 1.935712e-03 9.999471e-01 2.787684e+00
9.999815e-01 7.085113e-04 6.034552e-03 -3.552471e+00 -7.247291e-04 9.999961e-01 2.685701e-03 6.402859e-02 -6.032646e-03 -2.690026e-03 9.999781e-01 2.791883e+00
9.999515e-01 -4.946829e-04 -9.835786e-03 -3.579296e+00 4.731478e-04 9.999975e-01 -2.191671e-03 6.530481e-02 9.836866e-03 2.186912e-03 9.999493e-01 2.796906e+00
9.999842e-01 6.962273e-04 5.577173e-03 -3.618818e+00 -7.117199e-04 9.999959e-01 2.776347e-03 6.710161e-02 -5.575238e-03 -2.780274e-03 9.999805e-01 2.800369e+00
9.999534e-01 -4.402910e-04 -9.640431e-03 -3.658927e+00 4.201939e-04 9.999977e-01 -2.086604e-03 6.888157e-02 9.641349e-03 2.082457e-03 9.999515e-01 2.798568e+00
9.999897e-01 5.661722e-04 4.508073e-03 -3.720279e+00 -5.770257e-04 9.999969e-01 2.406603e-03 7.089494e-02 -4.506719e-03 -2.409181e-03 9.999868e-01 2.823485e+00
9.999424e-01 -8.652857e-04 -1.069537e-02 -3.822141e+00 8.457554e-04 9.999980e-01 -1.830448e-03 7.361802e-02 1.069696e-02 1.821298e-03 9.999412e-01 2.881155e+00
9.999776e-01 1.219045e-03 6.576286e-03 -3.832938e+00 -1.232288e-03 9.999972e-01 2.010039e-03 7.455336e-02 -6.573841e-03 -2.018099e-03 9.999763e-01 2.894397e+00
9.999414e-01 -1.481047e-03 -1.072196e-02 -3.874383e+00 1.464678e-03 9.999978e-01 -1.534350e-03 7.617458e-02 1.072423e-02 1.518556e-03 9.999414e-01 2.931352e+00
9.999944e-01 1.172385e-03 3.128947e-03 -4.047989e+00 -1.177171e-03 9.999981e-01 1.528314e-03 7.982192e-02 -3.127174e-03 -1.531989e-03 9.999938e-01 3.019933e+00
9.999407e-01 -1.300084e-03 -1.081136e-02 -4.235115e+00 1.284235e-03 9.999981e-01 -1.472805e-03 8.402822e-02 1.081328e-02 1.458834e-03 9.999406e-01 3.094556e+00
9.999975e-01 9.205293e-04 2.029079e-03 -4.458019e+00 -9.228355e-04 9.999989e-01 1.135837e-03 8.840545e-02 -2.028058e-03 -1.137708e-03 9.999972e-01 3.200322e+00
9.999488e-01 -1.790569e-03 -9.957576e-03 -4.610472e+00 1.776930e-03 9.999975e-01 -1.378423e-03 9.139593e-02 9.960046e-03 1.360659e-03 9.999496e-01 3.343797e+00
9.999989e-01 1.442982e-03 2.514979e-04 -4.790135e+00 -1.443265e-03 9.999983e-01 1.128441e-03 9.543055e-02 -2.498969e-04 -1.128804e-03 9.999992e-01 3.471563e+00
9.999616e-01 -1.802188e-03 -8.576884e-03 -5.018057e+00 1.795061e-03 9.999980e-01 -8.385651e-04 1.000922e-01 8.578407e-03 8.231377e-04 9.999630e-01 3.555797e+00
9.999987e-01 1.544140e-03 -5.237091e-04 -5.214184e+00 -1.543875e-03 9.999987e-01 5.065282e-04 1.037617e-01 5.244611e-04 -5.057199e-04 9.999996e-01 3.670047e+00
9.999840e-01 -2.831176e-03 -4.906410e-03 -5.340028e+00 2.831557e-03 9.999960e-01 7.065208e-05 1.059363e-01 4.906220e-03 -8.454297e-05 9.999881e-01 3.791594e+00
9.999945e-01 3.127997e-03 1.117065e-03 -5.358195e+00 -3.130459e-03 9.999927e-01 2.209435e-03 1.072736e-01 -1.110176e-03 -2.212921e-03 9.999968e-01 3.764994e+00
9.999861e-01 -1.379189e-04 -5.272109e-03 -5.396757e+00 1.331185e-04 9.999996e-01 -9.108767e-04 1.091366e-01 5.272263e-03 9.101627e-04 9.999858e-01 3.744467e+00
9.999976e-01 6.320769e-04 -2.074631e-03 -5.569130e+00 -6.301445e-04 9.999994e-01 9.319743e-04 1.129414e-01 2.075187e-03 -9.306653e-04 9.999973e-01 3.795367e+00
9.999579e-01 -1.771411e-04 -9.176714e-03 -5.795736e+00 1.611503e-04 9.999985e-01 -1.743257e-03 1.167807e-01 9.177041e-03 1.741705e-03 9.999565e-01 3.965006e+00
9.999966e-01 -2.276464e-04 2.578978e-03 -5.970639e+00 2.230736e-04 9.999984e-01 1.773219e-03 1.203423e-01 -2.579411e-03 -1.772639e-03 9.999950e-01 4.019016e+00
9.999231e-01 -3.451850e-04 -1.239655e-02 -6.207716e+00 3.220772e-04 9.999982e-01 -1.866001e-03 1.248497e-01 1.239721e-02 1.861865e-03 9.999215e-01 4.146369e+00
9.999890e-01 5.553401e-05 4.690688e-03 -6.387452e+00 -6.516056e-05 9.999979e-01 2.052116e-03 1.286921e-01 -4.690599e-03 -2.052399e-03 9.999868e-01 4.234011e+00
9.999411e-01 -6.091352e-04 -1.083824e-02 -6.501068e+00 5.903977e-04 9.999983e-01 -1.731950e-03 1.314268e-01 1.083931e-02 1.725449e-03 9.999399e-01 4.308338e+00
9.999940e-01 -8.684397e-04 3.353435e-03 -6.655286e+00 8.604716e-04 9.999968e-01 2.376773e-03 1.346885e-01 -3.355524e-03 -2.373874e-03 9.999915e-01 4.432269e+00
9.999008e-01 -6.753162e-04 -1.407046e-02 -6.850993e+00 6.483404e-04 9.999979e-01 -1.921663e-03 1.383841e-01 1.407177e-02 1.912351e-03 9.998993e-01 4.622893e+00
9.999934e-01 -5.958719e-05 3.626977e-03 -7.023536e+00 5.292873e-05 9.999983e-01 1.835860e-03 1.417738e-01 -3.627118e-03 -1.835657e-03 9.999916e-01 4.798145e+00
9.999803e-01 -1.419700e-03 -6.120275e-03 -7.023228e+00 1.424924e-03 9.999986e-01 8.491786e-04 1.420001e-01 6.119100e-03 -8.578828e-04 9.999810e-01 4.797878e+00
9.999590e-01 2.173508e-03 8.792882e-03 -6.849916e+00 -2.204741e-03 9.999913e-01 3.543940e-03 1.406514e-01 -8.785141e-03 -3.563180e-03 9.999550e-01 4.683586e+00
9.998929e-01 -4.847837e-04 -1.462522e-02 -6.953628e+00 4.524034e-04 9.999974e-01 -2.217223e-03 1.438556e-01 1.462629e-02 2.210369e-03 9.998907e-01 4.666372e+00
9.999934e-01 -7.416803e-04 3.552674e-03 -7.174870e+00 7.362477e-04 9.999986e-01 1.530240e-03 1.479443e-01 -3.553844e-03 -1.527614e-03 9.999924e-01 4.862214e+00
9.999118e-01 4.188590e-04 -1.327582e-02 -7.404866e+00 -4.483788e-04 9.999974e-01 -2.220667e-03 1.521616e-01 1.327490e-02 2.226424e-03 9.999095e-01 5.000545e+00
9.999873e-01 -8.954055e-05 5.035777e-03 -7.596324e+00 8.081141e-05 9.999985e-01 1.733610e-03 1.555212e-01 -5.035966e-03 -1.733181e-03 9.999857e-01 5.096364e+00
9.999445e-01 -8.073810e-04 -1.050587e-02 -7.695817e+00 7.880937e-04 9.999980e-01 -1.839861e-03 1.578666e-01 1.050738e-02 1.831479e-03 9.999432e-01 5.198629e+00
9.999929e-01 5.795120e-04 3.709352e-03 -7.774784e+00 -5.840715e-04 9.999991e-01 1.228230e-03 1.594013e-01 -3.708679e-03 -1.230387e-03 9.999923e-01 5.302972e+00
9.999623e-01 -4.880753e-04 -8.664916e-03 -7.838167e+00 4.777095e-04 9.999992e-01 -1.198317e-03 1.613912e-01 8.665537e-03 1.194132e-03 9.999618e-01 5.352918e+00
9.999860e-01 -3.713972e-05 5.291153e-03 -7.865367e+00 2.743212e-05 9.999983e-01 1.834756e-03 1.618241e-01 -5.291255e-03 -1.834585e-03 9.999842e-01 5.391253e+00
9.999450e-01 -1.102085e-06 -1.048706e-02 -7.920650e+00 -2.140437e-05 9.999977e-01 -2.145991e-03 1.628270e-01 1.048709e-02 2.146097e-03 9.999428e-01 5.442662e+00
9.999865e-01 6.505931e-05 5.192696e-03 -7.985467e+00 -7.101344e-05 9.999993e-01 1.146466e-03 1.642191e-01 -5.192662e-03 -1.146820e-03 9.999858e-01 5.526373e+00
9.999322e-01 -1.484745e-04 -1.164737e-02 -8.085644e+00 1.144486e-04 9.999957e-01 -2.921939e-03 1.653726e-01 1.164780e-02 2.920408e-03 9.999280e-01 5.685113e+00
9.999978e-01 1.352170e-03 1.611395e-03 -8.296377e+00 -1.354731e-03 9.999978e-01 1.589278e-03 1.684410e-01 -1.609288e-03 -1.591457e-03 9.999973e-01 5.818152e+00
9.999601e-01 -1.814200e-03 -8.747367e-03 -8.472212e+00 1.793033e-03 9.999954e-01 -2.427003e-03 1.713978e-01 8.751777e-03 2.411222e-03 9.999589e-01 5.927229e+00
9.999988e-01 1.967862e-04 1.538553e-03 -8.665351e+00 -2.002377e-04 9.999975e-01 2.243489e-03 1.742417e-01 -1.538154e-03 -2.243794e-03 9.999962e-01 6.101222e+00
9.999161e-01 2.401035e-04 -1.295057e-02 -8.870056e+00 -2.845488e-04 9.999941e-01 -3.430183e-03 1.773308e-01 1.294972e-02 3.433581e-03 9.999103e-01 6.262116e+00
9.999743e-01 2.290180e-04 7.163208e-03 -8.997759e+00 -2.509772e-04 9.999953e-01 3.064776e-03 1.803568e-01 -7.162521e-03 -3.066495e-03 9.999696e-01 6.317534e+00
9.999033e-01 2.745822e-04 -1.390528e-02 -9.137198e+00 -3.238831e-04 9.999937e-01 -3.543349e-03 1.833350e-01 1.390427e-02 3.547510e-03 9.998971e-01 6.391785e+00
9.999849e-01 -1.910516e-04 5.488975e-03 -9.352308e+00 1.775947e-04 9.999970e-01 2.451976e-03 1.868020e-01 -5.489477e-03 -2.450964e-03 9.999818e-01 6.521260e+00
9.998649e-01 3.329608e-04 -1.643564e-02 -9.599991e+00 -3.941909e-04 9.999930e-01 -3.722348e-03 1.902792e-01 1.643434e-02 3.728324e-03 9.998581e-01 6.722507e+00
9.999356e-01 -1.683299e-03 1.122304e-02 -9.610802e+00 1.651948e-03 9.999947e-01 2.802139e-03 1.880568e-01 -1.122774e-02 -2.783419e-03 9.999330e-01 6.869781e+00
9.999134e-01 1.701397e-03 -1.305170e-02 -9.410207e+00 -1.748999e-03 9.999919e-01 -3.636695e-03 1.842810e-01 1.304546e-02 3.659208e-03 9.999083e-01 6.880889e+00
9.999625e-01 -7.046319e-04 8.631253e-03 -9.406622e+00 6.825586e-04 9.999965e-01 2.560008e-03 1.848193e-01 -8.633078e-03 -2.554022e-03 9.999594e-01 6.962267e+00
9.999177e-01 1.195224e-03 -1.277279e-02 -9.472424e+00 -1.231847e-03 9.999952e-01 -2.859792e-03 1.869028e-01 1.276936e-02 2.875292e-03 9.999144e-01 6.998845e+00
9.999801e-01 -8.398165e-04 6.255058e-03 -9.564068e+00 8.259796e-04 9.999972e-01 2.214310e-03 1.892602e-01 -6.256953e-03 -2.209101e-03 9.999779e-01 7.111665e+00
9.999620e-01 9.558774e-04 -8.661748e-03 -9.585679e+00 -9.751100e-04 9.999971e-01 -2.216479e-03 1.905381e-01 8.659656e-03 2.224842e-03 9.999601e-01 7.102318e+00
9.999765e-01 -5.320319e-04 6.837414e-03 -9.407878e+00 5.089804e-04 9.999942e-01 3.372630e-03 1.893289e-01 -6.839221e-03 -3.369071e-03 9.999708e-01 7.025242e+00
9.999570e-01 1.135274e-03 -9.200876e-03 -9.180064e+00 -1.150172e-03 9.999980e-01 -1.614012e-03 1.883688e-01 9.199079e-03 1.624526e-03 9.999565e-01 6.859851e+00
9.999752e-01 -3.473942e-04 7.032168e-03 -8.927446e+00 3.251331e-04 9.999949e-01 3.166473e-03 1.864972e-01 -7.033286e-03 -3.164109e-03 9.999702e-01 6.704020e+00
9.999596e-01 6.907095e-04 -8.958920e-03 -8.766467e+00 -7.069305e-04 9.999981e-01 -1.807566e-03 1.856486e-01 8.957708e-03 1.813827e-03 9.999583e-01 6.614527e+00
9.999861e-01 -2.249707e-04 5.267743e-03 -8.781368e+00 2.159618e-04 9.999985e-01 1.710673e-03 1.867724e-01 -5.268174e-03 -1.709512e-03 9.999846e-01 6.641228e+00
9.999452e-01 6.419647e-04 -1.045275e-02 -8.897986e+00 -6.630710e-04 9.999977e-01 -2.015876e-03 1.893637e-01 1.045148e-02 2.022697e-03 9.999434e-01 6.674998e+00
9.999856e-01 1.065313e-06 5.373575e-03 -9.009961e+00 -9.798289e-06 9.999987e-01 1.625104e-03 1.919803e-01 -5.373621e-03 -1.625134e-03 9.999841e-01 6.707915e+00
9.999502e-01 4.785263e-04 -9.973812e-03 -9.115815e+00 -4.976612e-04 9.999980e-01 -1.916132e-03 1.944419e-01 9.972931e-03 1.921001e-03 9.999485e-01 6.730898e+00
9.999840e-01 -1.075601e-04 5.652703e-03 -9.174090e+00 9.945801e-05 9.999990e-01 1.433529e-03 1.960509e-01 -5.652907e-03 -1.432945e-03 9.999829e-01 6.777818e+00
9.999555e-01 4.902922e-04 -9.426705e-03 -9.206048e+00 -5.073909e-04 9.999982e-01 -1.811573e-03 1.971790e-01 9.425856e-03 1.816276e-03 9.999540e-01 6.807043e+00
9.999828e-01 4.115447e-04 5.848927e-03 -9.238483e+00 -4.200778e-04 9.999988e-01 1.457702e-03 1.987108e-01 -5.848376e-03 -1.460135e-03 9.999817e-01 6.824074e+00
9.999466e-01 3.901108e-04 -1.032818e-02 -9.345603e+00 -4.094904e-04 9.999982e-01 -1.874360e-03 2.011180e-01 1.032748e-02 1.878490e-03 9.999450e-01 6.831608e+00
9.999766e-01 2.960285e-04 6.828004e-03 -9.435323e+00 -3.081436e-04 9.999984e-01 1.773297e-03 2.034993e-01 -6.827524e-03 -1.775360e-03 9.999750e-01 6.817386e+00
9.999554e-01 7.875645e-04 -9.412313e-03 -9.418895e+00 -8.030368e-04 9.999983e-01 -1.640187e-03 2.047377e-01 9.411062e-03 1.647674e-03 9.999544e-01 6.759669e+00
9.999777e-01 2.104882e-04 6.677536e-03 -9.426361e+00 -2.217333e-04 9.999986e-01 1.683265e-03 2.060672e-01 -6.677229e-03 -1.684709e-03 9.999762e-01 6.727344e+00
9.999165e-01 5.151575e-04 -1.291389e-02 -9.556208e+00 -5.427133e-04 9.999976e-01 -2.130411e-03 2.091975e-01 1.291282e-02 2.137243e-03 9.999144e-01 6.774957e+00
9.999884e-01 7.859644e-05 4.813422e-03 -9.780986e+00 -8.509644e-05 9.999991e-01 1.350121e-03 2.130436e-01 -4.813370e-03 -1.350516e-03 9.999874e-01 6.849183e+00
9.999313e-01 5.470062e-04 -1.170563e-02 -9.989706e+00 -5.698232e-04 9.999979e-01 -1.946012e-03 2.163955e-01 1.170460e-02 1.952549e-03 9.999297e-01 6.886516e+00
9.999915e-01 -1.067423e-04 4.114550e-03 -1.011318e+01 1.031068e-04 9.999996e-01 8.836713e-04 2.183620e-01 -4.114702e-03 -8.832409e-04 9.999911e-01 7.025636e+00
9.999048e-01 6.174106e-04 -1.378149e-02 -1.024948e+01 -6.528524e-04 9.999965e-01 -2.567373e-03 2.202275e-01 1.377991e-02 2.576127e-03 9.999018e-01 7.245286e+00
9.999962e-01 1.561038e-04 2.737764e-03 -1.041665e+01 -1.586278e-04 9.999996e-01 9.215477e-04 2.224536e-01 -2.737680e-03 -9.219801e-04 9.999957e-01 7.477037e+00
9.999114e-01 9.826624e-05 -1.331388e-02 -1.058957e+01 -1.281018e-04 9.999975e-01 -2.240144e-03 2.247515e-01 1.331368e-02 2.241652e-03 9.999089e-01 7.675504e+00
9.999975e-01 1.180382e-03 1.876378e-03 -1.076710e+01 -1.181486e-03 9.999991e-01 5.869336e-04 2.266082e-01 -1.875746e-03 -5.891510e-04 9.999980e-01 7.928851e+00
9.999134e-01 -3.930261e-04 -1.315827e-02 -1.095082e+01 3.574199e-04 9.999963e-01 -2.708287e-03 2.286217e-01 1.315935e-02 2.703352e-03 9.999098e-01 8.203794e+00
9.999638e-01 5.241028e-04 8.488692e-03 -1.099878e+01 -5.367953e-04 9.999987e-01 1.492918e-03 2.294372e-01 -8.487963e-03 -1.497423e-03 9.999628e-01 8.275024e+00
9.999391e-01 -6.167270e-04 -1.102113e-02 -1.067235e+01 6.138196e-04 9.999998e-01 -2.672529e-04 2.261902e-01 1.102135e-02 2.604738e-04 9.999393e-01 8.141312e+00
9.999597e-01 9.292015e-04 8.927597e-03 -1.037916e+01 -9.426821e-04 9.999984e-01 1.505823e-03 2.237629e-01 -8.926248e-03 -1.514181e-03 9.999589e-01 8.001362e+00
9.999345e-01 -1.031937e-03 -1.140114e-02 -1.003780e+01 1.034071e-03 9.999994e-01 1.812632e-04 2.203989e-01 1.140101e-02 -1.930390e-04 9.999351e-01 7.864762e+00
9.999570e-01 2.228955e-04 9.267488e-03 -9.666194e+00 -2.353983e-04 9.999991e-01 1.347960e-03 2.164696e-01 -9.267243e-03 -1.350086e-03 9.999561e-01 7.708756e+00
9.999250e-01 1.559322e-04 -1.224846e-02 -9.231403e+00 -1.530996e-04 1.000000e+00 2.321589e-04 2.122646e-01 1.224856e-02 -2.302647e-04 9.999250e-01 7.515302e+00
9.999588e-01 8.625487e-06 9.072158e-03 -8.857611e+00 -2.198899e-05 9.999989e-01 1.472861e-03 2.089187e-01 -9.072200e-03 -1.473001e-03 9.999577e-01 7.335447e+00
9.999268e-01 1.122341e-03 -1.204916e-02 -8.494408e+00 -1.120754e-03 9.999994e-01 1.383950e-04 2.068954e-01 1.204937e-02 -1.248793e-04 9.999275e-01 7.084526e+00
9.999608e-01 1.130480e-04 8.851860e-03 -8.048972e+00 -1.340826e-04 9.999972e-01 2.375673e-03 2.038475e-01 -8.851632e-03 -2.376768e-03 9.999579e-01 6.812951e+00
9.999338e-01 -3.061254e-04 -1.150187e-02 -7.790902e+00 2.920867e-04 9.999992e-01 -1.222244e-03 2.009936e-01 1.150230e-02 1.218804e-03 9.999332e-01 6.732405e+00
9.999682e-01 9.533244e-04 7.921417e-03 -7.675895e+00 -9.578016e-04 9.999994e-01 5.613730e-04 1.990471e-01 -7.920943e-03 -5.689435e-04 9.999684e-01 6.808082e+00
9.999308e-01 -2.692078e-04 -1.175859e-02 -7.662372e+00 2.566823e-04 9.999994e-01 -1.066751e-03 1.993082e-01 1.175894e-02 1.063660e-03 9.999304e-01 6.867705e+00
9.999735e-01 -1.761535e-03 7.062735e-03 -7.590753e+00 1.759966e-03 9.999984e-01 2.282777e-04 1.977216e-01 -7.063193e-03 -2.158426e-04 9.999749e-01 7.009804e+00
9.999574e-01 1.582915e-03 -9.089784e-03 -7.386248e+00 -1.577423e-03 9.999986e-01 6.113467e-04 1.956411e-01 9.090806e-03 -5.969810e-04 9.999586e-01 6.949736e+00
9.999809e-01 -1.285304e-03 6.040505e-03 -7.287003e+00 1.288020e-03 9.999991e-01 -4.457543e-04 1.946306e-01 -6.039994e-03 4.535250e-04 9.999816e-01 6.958944e+00
9.999567e-01 2.041337e-03 -9.083674e-03 -7.090269e+00 -2.033478e-03 9.999976e-01 8.742698e-04 1.938871e-01 9.085503e-03 -8.557593e-04 9.999584e-01 6.841452e+00
9.999774e-01 -1.709192e-03 6.506321e-03 -6.848964e+00 1.702536e-03 9.999980e-01 1.028369e-03 1.921115e-01 -6.508133e-03 -1.017269e-03 9.999782e-01 6.703212e+00
9.999577e-01 2.208294e-03 -8.928119e-03 -6.760431e+00 -2.206600e-03 9.999975e-01 1.994593e-04 1.924144e-01 8.928605e-03 -1.797491e-04 9.999602e-01 6.608537e+00
9.999774e-01 -1.274661e-03 6.595459e-03 -6.648038e+00 1.270666e-03 9.999990e-01 6.098165e-04 1.923431e-01 -6.596298e-03 -6.014229e-04 9.999780e-01 6.512635e+00
9.999600e-01 1.298715e-03 -8.849953e-03 -6.618971e+00 -1.296470e-03 9.999991e-01 2.593836e-04 1.930296e-01 8.850350e-03 -2.478987e-04 9.999609e-01 6.477808e+00
9.999851e-01 -2.031951e-04 5.454384e-03 -6.602885e+00 2.047510e-04 9.999999e-01 -2.847557e-04 1.943492e-01 -5.454395e-03 2.858675e-04 9.999850e-01 6.458947e+00
9.999561e-01 9.098396e-04 -9.322200e-03 -6.648638e+00 -9.089273e-04 9.999996e-01 1.020678e-04 1.960046e-01 9.322357e-03 -9.358921e-05 9.999566e-01 6.491755e+00
9.999944e-01 -3.870254e-04 3.314710e-03 -6.761679e+00 3.892746e-04 9.999997e-01 -6.780371e-04 1.982948e-01 -3.314515e-03 6.793228e-04 9.999942e-01 6.574476e+00
9.999556e-01 8.756134e-04 -9.386265e-03 -6.873074e+00 -8.743856e-04 9.999996e-01 1.348698e-04 2.006085e-01 9.386449e-03 -1.266556e-04 9.999560e-01 6.653747e+00
9.999825e-01 -4.424368e-04 5.900346e-03 -6.924059e+00 4.447947e-04 9.999998e-01 -3.983907e-04 2.022445e-01 -5.900238e-03 4.010072e-04 9.999824e-01 6.679976e+00
9.999704e-01 1.184145e-03 -7.605497e-03 -6.752320e+00 -1.173527e-03 9.999983e-01 1.400359e-03 2.023343e-01 7.607213e-03 -1.391391e-03 9.999702e-01 6.535918e+00
9.999855e-01 -7.401069e-05 5.378025e-03 -6.457329e+00 7.219281e-05 9.999999e-01 3.381507e-04 2.004961e-01 -5.378120e-03 -3.377584e-04 9.999854e-01 6.333830e+00
9.999648e-01 7.060748e-04 -8.366054e-03 -6.139666e+00 -6.947226e-04 9.999988e-01 1.359728e-03 1.980141e-01 8.367075e-03 -1.353867e-03 9.999642e-01 6.147079e+00
9.999822e-01 -5.368897e-06 5.964792e-03 -5.846626e+00 3.097418e-06 9.999999e-01 3.807831e-04 1.956788e-01 -5.964864e-03 -3.807584e-04 9.999821e-01 5.982472e+00
9.999638e-01 -7.474184e-04 -8.481413e-03 -5.531713e+00 7.572309e-04 9.999990e-01 1.153772e-03 1.919382e-01 8.480613e-03 -1.160152e-03 9.999635e-01 5.847914e+00
9.999745e-01 1.648742e-03 6.946046e-03 -5.228742e+00 -1.645384e-03 9.999985e-01 -4.890561e-04 1.883494e-01 -6.946913e-03 4.776142e-04 9.999757e-01 5.736285e+00
9.999562e-01 -1.026656e-03 -9.302082e-03 -4.954890e+00 1.043207e-03 9.999979e-01 1.774575e-03 1.860016e-01 9.300311e-03 -1.784201e-03 9.999552e-01 5.589648e+00
9.999745e-01 1.562190e-03 6.962005e-03 -4.673145e+00 -1.562771e-03 9.999988e-01 7.801533e-05 1.838239e-01 -6.961945e-03 -8.889360e-05 9.999757e-01 5.425418e+00
9.999575e-01 -1.353698e-03 -9.122359e-03 -4.627458e+00 1.356418e-03 9.999990e-01 2.920586e-04 1.838116e-01 9.122026e-03 -3.044198e-04 9.999584e-01 5.422870e+00
9.999985e-01 1.405101e-03 1.007377e-03 -4.814458e+00 -1.403662e-03 9.999980e-01 -1.427470e-03 1.866140e-01 -1.009452e-03 1.426054e-03 9.999984e-01 5.562848e+00
9.999176e-01 -2.580816e-03 -1.257879e-02 -5.070272e+00 2.571786e-03 9.999964e-01 -7.339982e-04 1.905322e-01 1.258071e-02 7.015880e-04 9.999207e-01 5.817888e+00
9.999804e-01 3.152850e-03 -5.415253e-03 -5.353833e+00 -3.157289e-03 9.999947e-01 -8.113551e-04 1.943576e-01 5.412592e-03 8.284360e-04 9.999849e-01 6.160889e+00
9.999911e-01 -2.584116e-03 -3.340376e-03 -5.566958e+00 2.583058e-03 9.999966e-01 -3.211514e-04 1.976501e-01 3.341269e-03 3.125207e-04 9.999945e-01 6.305256e+00
9.999723e-01 3.157789e-03 -6.739875e-03 -5.819821e+00 -3.163375e-03 9.999947e-01 -8.181846e-04 2.016406e-01 6.737180e-03 8.394818e-04 9.999769e-01 6.455585e+00
9.999943e-01 -2.705533e-03 -2.039001e-03 -6.022047e+00 2.705348e-03 9.999963e-01 -9.373237e-05 2.052126e-01 2.039322e-03 8.821639e-05 9.999980e-01 6.597680e+00
9.999726e-01 2.668131e-03 -6.903691e-03 -6.248845e+00 -2.673895e-03 9.999961e-01 -8.258447e-04 2.087760e-01 6.901384e-03 8.442808e-04 9.999757e-01 6.733919e+00
9.999864e-01 -2.367752e-03 -4.659477e-03 -6.490627e+00 2.366764e-03 9.999972e-01 -2.176719e-04 2.121874e-01 4.660056e-03 2.066420e-04 9.999892e-01 6.934339e+00
9.999845e-01 3.032809e-03 -4.665374e-03 -6.659296e+00 -3.037891e-03 9.999948e-01 -1.082602e-03 2.142071e-01 4.661989e-03 1.096757e-03 9.999884e-01 7.151101e+00
9.999788e-01 -3.027675e-03 -5.760698e-03 -6.871757e+00 3.025731e-03 9.999954e-01 -3.462303e-04 2.174849e-01 5.761798e-03 3.287938e-04 9.999834e-01 7.346492e+00
9.999776e-01 3.751678e-03 -5.538917e-03 -7.096916e+00 -3.756842e-03 9.999925e-01 -9.221139e-04 2.207648e-01 5.535338e-03 9.429006e-04 9.999842e-01 7.546149e+00
9.999911e-01 -3.300755e-03 -2.619015e-03 -7.282901e+00 3.300440e-03 9.999945e-01 -1.251231e-04 2.236233e-01 2.619493e-03 1.164794e-04 9.999966e-01 7.686837e+00
9.999711e-01 3.053785e-03 -6.953272e-03 -7.506805e+00 -3.060118e-03 9.999949e-01 -9.002193e-04 2.273323e-01 6.950408e-03 9.214694e-04 9.999753e-01 7.848288e+00
9.999879e-01 -2.692505e-03 -4.125614e-03 -7.759335e+00 2.692582e-03 9.999964e-01 1.297780e-05 2.309231e-01 4.125645e-03 -2.408464e-05 9.999916e-01 8.022347e+00
9.999839e-01 3.143580e-03 -4.719056e-03 -7.959024e+00 -3.148448e-03 9.999945e-01 -1.024385e-03 2.339810e-01 4.715729e-03 1.039224e-03 9.999883e-01 8.174736e+00
9.999860e-01 -2.539246e-03 -4.645148e-03 -8.185908e+00 2.539573e-03 9.999968e-01 6.435884e-05 2.375960e-01 4.645051e-03 -7.615289e-05 9.999893e-01 8.299409e+00
9.999928e-01 2.694558e-03 -2.646404e-03 -8.361559e+00 -2.696451e-03 9.999961e-01 -7.116429e-04 2.406179e-01 2.644394e-03 7.187717e-04 9.999962e-01 8.412617e+00
9.999810e-01 -2.543441e-03 -5.624613e-03 -8.527464e+00 2.542072e-03 9.999967e-01 -2.506387e-04 2.437575e-01 5.625315e-03 2.363376e-04 9.999842e-01 8.543549e+00
9.999919e-01 2.816174e-03 -2.873134e-03 -8.718841e+00 -2.817248e-03 9.999960e-01 -3.693019e-04 2.470147e-01 2.871999e-03 3.773910e-04 9.999957e-01 8.657680e+00
9.999869e-01 -2.296906e-03 -4.585891e-03 -8.874005e+00 2.294532e-03 9.999972e-01 -5.232842e-04 2.499949e-01 4.587163e-03 5.127568e-04 9.999894e-01 8.779153e+00
9.999905e-01 2.593684e-03 -3.487592e-03 -9.066440e+00 -2.594896e-03 9.999966e-01 -3.427224e-04 2.532703e-01 3.486608e-03 3.517667e-04 9.999938e-01 8.894332e+00
9.999752e-01 -2.002120e-03 -6.748139e-03 -9.310392e+00 1.997552e-03 9.999978e-01 -6.837374e-04 2.573217e-01 6.749577e-03 6.702429e-04 9.999771e-01 9.027135e+00
9.999929e-01 2.642337e-03 -2.672738e-03 -9.569873e+00 -2.643135e-03 9.999965e-01 -2.946463e-04 2.615796e-01 2.671865e-03 3.017061e-04 9.999963e-01 9.135563e+00
9.999816e-01 -2.038200e-03 -5.711206e-03 -9.799971e+00 2.034588e-03 9.999977e-01 -6.382983e-04 2.653753e-01 5.712579e-03 6.266690e-04 9.999836e-01 9.234355e+00
9.999918e-01 2.391459e-03 -3.256493e-03 -1.005248e+01 -2.392100e-03 9.999971e-01 -1.927022e-04 2.695572e-01 3.255937e-03 2.004878e-04 9.999946e-01 9.331591e+00
9.999737e-01 -1.797429e-03 -7.032117e-03 -1.031634e+01 1.792005e-03 9.999981e-01 -7.778220e-04 2.738755e-01 7.033588e-03 7.652025e-04 9.999750e-01 9.454974e+00
9.999915e-01 1.971376e-03 -3.624131e-03 -1.057207e+01 -1.972374e-03 9.999980e-01 -2.715330e-04 2.775614e-01 3.623502e-03 2.786760e-04 9.999933e-01 9.634722e+00
9.999702e-01 -1.914517e-03 -7.480947e-03 -1.083778e+01 1.907272e-03 9.999977e-01 -9.757103e-04 2.817951e-01 7.482885e-03 9.614158e-04 9.999716e-01 9.807354e+00
9.999848e-01 2.645746e-03 -4.824603e-03 -1.111914e+01 -2.645820e-03 9.999965e-01 -8.624510e-06 2.859284e-01 4.824476e-03 2.138639e-05 9.999883e-01 9.988768e+00
9.999828e-01 -1.870338e-03 -5.561049e-03 -1.138376e+01 1.864773e-03 9.999978e-01 -1.005989e-03 2.900827e-01 5.563006e-03 9.956046e-04 9.999841e-01 1.012266e+01
9.999891e-01 1.404212e-03 -4.437393e-03 -1.164863e+01 -1.403906e-03 9.999990e-01 7.249565e-05 2.946170e-01 4.437401e-03 -6.626829e-05 9.999901e-01 1.025710e+01
9.999695e-01 -6.994326e-04 -7.778158e-03 -1.193507e+01 6.910329e-04 9.999992e-01 -1.082778e-03 2.988329e-01 7.778998e-03 1.077374e-03 9.999692e-01 1.043891e+01
9.999948e-01 1.314424e-03 -2.949129e-03 -1.220829e+01 -1.314837e-03 9.999991e-01 -1.373299e-04 3.029306e-01 2.948856e-03 1.412035e-04 9.999956e-01 1.060264e+01
9.999573e-01 -1.126744e-03 -9.180393e-03 -1.251555e+01 1.116967e-03 9.999988e-01 -1.070257e-03 3.076165e-01 9.181679e-03 1.059960e-03 9.999574e-01 1.077895e+01
9.999955e-01 1.362816e-03 -2.661772e-03 -1.281607e+01 -1.362978e-03 9.999991e-01 -5.825853e-05 3.122166e-01 2.661599e-03 6.188274e-05 9.999964e-01 1.095449e+01
9.999553e-01 -2.337842e-03 -9.166692e-03 -1.310229e+01 2.327087e-03 9.999966e-01 -1.184070e-03 3.168529e-01 9.169520e-03 1.162689e-03 9.999574e-01 1.115749e+01
9.999938e-01 2.885985e-03 -2.016497e-03 -1.334410e+01 -2.884730e-03 9.999956e-01 6.259764e-04 3.201293e-01 2.018203e-03 -6.201590e-04 9.999977e-01 1.131628e+01
9.999926e-01 -2.370623e-03 -3.054555e-03 -1.348831e+01 2.368609e-03 9.999970e-01 -6.635112e-04 3.234740e-01 3.056211e-03 6.562746e-04 9.999952e-01 1.130974e+01
9.999920e-01 2.873688e-03 -2.777888e-03 -1.365443e+01 -2.872551e-03 9.999958e-01 4.140917e-04 3.268341e-01 2.778974e-03 -4.061124e-04 9.999960e-01 1.132169e+01
9.999780e-01 -4.072213e-03 -5.249335e-03 -1.383634e+01 4.068218e-03 9.999914e-01 -7.719609e-04 3.305113e-01 5.252526e-03 7.505917e-04 9.999860e-01 1.146598e+01
9.999693e-01 3.728379e-03 -6.892134e-03 -1.408102e+01 -3.728063e-03 9.999930e-01 5.897634e-05 3.344939e-01 6.892213e-03 -3.328391e-05 9.999762e-01 1.166659e+01
9.999928e-01 -3.125183e-03 -2.175292e-03 -1.427109e+01 3.124042e-03 9.999950e-01 -5.286874e-04 3.380989e-01 2.177027e-03 5.218912e-04 9.999976e-01 1.179413e+01
9.999643e-01 2.512292e-03 -8.065677e-03 -1.449582e+01 -2.520209e-03 9.999964e-01 -9.713038e-04 3.417200e-01 8.063113e-03 9.915925e-04 9.999669e-01 1.200249e+01
9.999873e-01 -1.834387e-03 -4.692403e-03 -1.477723e+01 1.833898e-03 9.999983e-01 -1.090787e-04 3.457683e-01 4.692690e-03 1.004755e-04 9.999891e-01 1.220336e+01
9.999887e-01 1.420710e-03 -4.520342e-03 -1.503237e+01 -1.424555e-03 9.999986e-01 -8.468644e-04 3.500824e-01 4.519038e-03 8.532906e-04 9.999894e-01 1.233584e+01
9.999815e-01 -9.518061e-04 -6.015341e-03 -1.527494e+01 9.515458e-04 9.999995e-01 -4.659202e-05 3.537636e-01 6.015478e-03 4.087106e-05 9.999820e-01 1.250268e+01
9.999967e-01 1.432832e-03 -2.128624e-03 -1.546820e+01 -1.434948e-03 9.999985e-01 -9.916425e-04 3.569187e-01 2.127105e-03 9.946898e-04 9.999972e-01 1.262061e+01
9.999690e-01 -2.723410e-03 -7.396568e-03 -1.569586e+01 2.725405e-03 9.999963e-01 2.593475e-04 3.609311e-01 7.395930e-03 -2.794944e-04 9.999727e-01 1.279967e+01
9.999899e-01 2.691038e-03 -3.576894e-03 -1.592187e+01 -2.694170e-03 9.999960e-01 -8.702412e-04 3.642728e-01 3.574442e-03 8.798652e-04 9.999932e-01 1.296364e+01
9.999961e-01 -2.380087e-03 -1.451492e-03 -1.598352e+01 2.380949e-03 9.999970e-01 5.903072e-04 3.662343e-01 1.450178e-03 -5.937570e-04 9.999988e-01 1.301831e+01
9.999911e-01 1.603338e-03 -3.896870e-03 -1.606886e+01 -1.607884e-03 9.999980e-01 -1.163132e-03 3.680421e-01 3.894902e-03 1.169384e-03 9.999917e-01 1.315675e+01
9.999835e-01 -2.680522e-03 -5.081416e-03 -1.621746e+01 2.683673e-03 9.999962e-01 6.128605e-04 3.705245e-01 5.079850e-03 -6.264835e-04 9.999870e-01 1.334278e+01
9.999917e-01 2.056384e-03 -3.502274e-03 -1.633411e+01 -2.059030e-03 9.999976e-01 -7.513092e-04 3.729177e-01 3.500624e-03 7.585104e-04 9.999935e-01 1.347914e+01
9.999891e-01 -1.622171e-03 -4.386300e-03 -1.644309e+01 1.623439e-03 9.999986e-01 2.847360e-04 3.755485e-01 4.385929e-03 -2.918500e-04 9.999904e-01 1.358207e+01
9.999906e-01 8.657679e-04 -4.242648e-03 -1.664048e+01 -8.711619e-04 9.999988e-01 -1.268994e-03 3.788763e-01 4.241448e-03 1.272674e-03 9.999901e-01 1.374695e+01
9.999979e-01 -1.405441e-03 -1.508138e-03 -1.672562e+01 1.407038e-03 9.999985e-01 1.056317e-03 3.806473e-01 1.506748e-03 -1.058433e-03 9.999984e-01 1.382121e+01
9.999985e-01 9.825001e-04 -1.398659e-03 -1.668577e+01 -9.833699e-04 9.999993e-01 -6.191923e-04 3.802787e-01 1.397953e-03 6.205629e-04 9.999988e-01 1.385416e+01
9.999817e-01 -1.683465e-03 -5.808871e-03 -1.677772e+01 1.685249e-03 9.999985e-01 3.017074e-04 3.818453e-01 5.808452e-03 -3.114876e-04 9.999831e-01 1.399828e+01
9.999964e-01 1.638274e-03 -2.113299e-03 -1.691164e+01 -1.639885e-03 9.999984e-01 -7.595660e-04 3.842541e-01 2.111953e-03 7.630250e-04 9.999974e-01 1.411159e+01
9.999942e-01 -1.458368e-03 -3.100427e-03 -1.697232e+01 1.460645e-03 9.999987e-01 7.311370e-04 3.862336e-01 3.099454e-03 -7.356576e-04 9.999950e-01 1.416728e+01
9.999990e-01 7.802771e-04 -1.174149e-03 -1.686344e+01 -7.802011e-04 9.999997e-01 6.772890e-05 3.856900e-01 1.174104e-03 -6.681652e-05 9.999992e-01 1.411792e+01
9.999996e-01 -8.205492e-04 -3.983728e-04 -1.663621e+01 8.208496e-04 9.999994e-01 7.471394e-04 3.829284e-01 3.978571e-04 -7.474625e-04 9.999997e-01 1.403759e+01
9.999881e-01 1.520894e-03 -4.636057e-03 -1.666702e+01 -1.527471e-03 9.999978e-01 -1.414868e-03 3.839102e-01 4.633797e-03 1.421929e-03 9.999882e-01 1.412097e+01
9.999991e-01 -1.067774e-03 9.089097e-04 -1.661552e+01 1.066777e-03 9.999988e-01 1.100415e-03 3.845003e-01 -9.099858e-04 -1.099441e-03 9.999990e-01 1.411178e+01
9.999936e-01 2.422339e-04 -3.546232e-03 -1.660501e+01 -2.437377e-04 9.999999e-01 -4.227913e-04 3.851390e-01 3.546031e-03 4.236493e-04 9.999936e-01 1.414412e+01
9.999851e-01 -6.958194e-04 -5.424215e-03 -1.678712e+01 6.943005e-04 9.999997e-01 -2.824500e-04 3.885970e-01 5.424508e-03 2.786834e-04 9.999853e-01 1.430037e+01
9.999944e-01 1.120919e-03 -3.132345e-03 -1.693618e+01 -1.121244e-03 9.999994e-01 -1.011263e-04 3.913170e-01 3.132132e-03 1.046341e-04 9.999950e-01 1.442944e+01
9.999998e-01 -6.210407e-04 7.334288e-05 -1.706293e+01 6.211308e-04 9.999991e-01 -1.191665e-03 3.928675e-01 -7.250445e-05 1.191714e-03 9.999993e-01 1.451459e+01
9.999886e-01 5.956043e-04 -4.728682e-03 -1.696995e+01 -5.883262e-04 9.999986e-01 1.541045e-03 3.910150e-01 4.729495e-03 -1.538250e-03 9.999876e-01 1.448122e+01
9.999283e-01 -1.194205e-02 -8.781936e-04 -1.599843e+01 1.194701e-02 9.999114e-01 5.871200e-03 3.631734e-01 8.081001e-04 -5.881268e-03 9.999824e-01 1.469284e+01
9.999448e-01 9.896490e-03 -3.509655e-03 -1.505669e+01 -9.923565e-03 9.999205e-01 -7.782071e-03 3.418512e-01 3.432262e-03 7.816467e-03 9.999635e-01 1.468193e+01
9.999215e-01 -1.248139e-02 1.129366e-03 -1.491521e+01 1.247290e-02 9.998960e-01 7.237338e-03 3.374076e-01 -1.219482e-03 -7.222681e-03 9.999732e-01 1.476714e+01
9.999112e-01 1.260301e-02 -4.329584e-03 -1.486161e+01 -1.263943e-02 9.998841e-01 -8.489428e-03 3.350604e-01 4.221991e-03 8.543395e-03 9.999545e-01 1.486490e+01
9.999120e-01 -1.290136e-02 -3.087402e-03 -1.480847e+01 1.292341e-02 9.998903e-01 7.231374e-03 3.333284e-01 2.993867e-03 -7.270636e-03 9.999691e-01 1.489053e+01
9.999225e-01 1.193069e-02 -3.534755e-03 -1.474233e+01 -1.195987e-02 9.998936e-01 -8.350788e-03 3.297766e-01 3.434649e-03 8.392413e-03 9.999588e-01 1.496459e+01
9.999283e-01 -1.187488e-02 -1.586762e-03 -1.452758e+01 1.189108e-02 9.998729e-01 1.062453e-02 3.258101e-01 1.460494e-03 -1.064263e-02 9.999424e-01 1.477465e+01
9.999614e-01 8.748986e-03 -7.590567e-04 -1.387547e+01 -8.752766e-03 9.999486e-01 -5.125160e-03 3.136002e-01 7.140787e-04 5.131603e-03 9.999865e-01 1.451562e+01
9.999317e-01 -1.019611e-02 -5.715670e-03 -1.352538e+01 1.022808e-02 9.999321e-01 5.591716e-03 3.042325e-01 5.658367e-03 -5.649793e-03 9.999681e-01 1.441972e+01
9.999717e-01 7.437113e-03 -1.106495e-03 -1.315670e+01 -7.441420e-03 9.999646e-01 -3.939520e-03 2.945372e-01 1.077058e-03 3.947640e-03 9.999916e-01 1.437831e+01
9.999367e-01 -1.006271e-02 -5.032976e-03 -1.273060e+01 1.009676e-02 9.999260e-01 6.786135e-03 2.846688e-01 4.964415e-03 -6.836521e-03 9.999644e-01 1.425837e+01
9.999038e-01 1.269765e-02 5.582258e-03 -1.209788e+01 -1.266688e-02 9.999046e-01 -5.514042e-03 2.790080e-01 -5.651840e-03 5.442799e-03 9.999692e-01 1.360411e+01
9.999329e-01 -1.138947e-02 -2.158631e-03 -1.139244e+01 1.141298e-02 9.998720e-01 1.121115e-02 2.747370e-01 2.030765e-03 -1.123503e-02 9.999349e-01 1.295086e+01
9.999278e-01 1.160674e-02 3.107046e-03 -1.092735e+01 -1.158416e-02 9.999070e-01 -7.191681e-03 2.678943e-01 -3.190328e-03 7.155168e-03 9.999693e-01 1.268539e+01
9.999393e-01 -9.985124e-03 -4.664743e-03 -1.044566e+01 1.002641e-02 9.999100e-01 8.911964e-03 2.615681e-01 4.575435e-03 -8.958193e-03 9.999495e-01 1.227766e+01
9.999706e-01 7.546576e-03 1.353938e-03 -9.806275e+00 -7.541142e-03 9.999637e-01 -3.975161e-03 2.520849e-01 -1.383987e-03 3.964833e-03 9.999911e-01 1.202598e+01
9.999373e-01 -8.572346e-03 -7.212262e-03 -9.355786e+00 8.612050e-03 9.999478e-01 5.492114e-03 2.417791e-01 7.164905e-03 -5.553882e-03 9.999590e-01 1.190559e+01
9.999501e-01 9.263526e-03 3.730491e-03 -8.794821e+00 -9.255375e-03 9.999548e-01 -2.196583e-03 2.323117e-01 -3.750770e-03 2.161945e-03 9.999906e-01 1.158756e+01
9.999520e-01 -8.627945e-03 -4.659892e-03 -8.226012e+00 8.662571e-03 9.999346e-01 7.462150e-03 2.248824e-01 4.595304e-03 -7.502158e-03 9.999614e-01 1.117217e+01
9.999777e-01 6.044099e-03 2.825109e-03 -7.403062e+00 -6.040372e-03 9.999809e-01 -1.325791e-03 2.147808e-01 -2.833167e-03 1.308697e-03 9.999951e-01 1.070302e+01
9.999567e-01 -7.701570e-03 -5.228734e-03 -6.446217e+00 7.729122e-03 9.999562e-01 5.269717e-03 2.023229e-01 5.188020e-03 -5.309904e-03 9.999725e-01 1.019499e+01
9.999843e-01 5.262465e-03 1.917637e-03 -5.486446e+00 -5.261370e-03 9.999860e-01 -5.752299e-04 1.897442e-01 -1.920736e-03 5.651321e-04 9.999979e-01 9.729447e+00
9.999780e-01 -5.300271e-03 -4.006458e-03 -4.955085e+00 5.322042e-03 9.999710e-01 5.443061e-03 1.809075e-01 3.977592e-03 -5.464265e-03 9.999772e-01 9.427096e+00
9.999664e-01 5.946727e-03 -5.626940e-03 -4.979481e+00 -5.978305e-03 9.999664e-01 -5.612135e-03 1.799977e-01 5.593277e-03 5.645587e-03 9.999684e-01 9.309787e+00
9.999631e-01 -4.936566e-03 -7.037869e-03 -5.142496e+00 4.955337e-03 9.999842e-01 2.652226e-03 1.791650e-01 7.024764e-03 -2.687005e-03 9.999718e-01 9.314805e+00
9.999878e-01 4.898337e-03 -4.883584e-04 -4.953491e+00 -4.898502e-03 9.999879e-01 -3.399924e-04 1.746342e-01 4.865874e-04 3.423814e-04 9.999998e-01 9.129478e+00
9.999838e-01 -5.585282e-03 1.164363e-03 -4.141096e+00 5.576746e-03 9.999585e-01 7.208925e-03 1.663808e-01 -1.204478e-03 -7.202316e-03 9.999734e-01 8.542170e+00
9.999878e-01 4.928490e-03 -2.685438e-04 -3.312695e+00 -4.928199e-03 9.999873e-01 1.066915e-03 1.584550e-01 2.736989e-04 -1.065577e-03 9.999993e-01 7.919727e+00
9.999789e-01 -6.383672e-03 -1.209265e-03 -2.408205e+00 6.390873e-03 9.999613e-01 6.049037e-03 1.478263e-01 1.170703e-03 -6.056641e-03 9.999810e-01 7.379529e+00
9.999762e-01 6.888040e-03 -2.627993e-05 -1.708491e+00 -6.888060e-03 9.999758e-01 -9.910591e-04 1.372748e-01 1.935312e-05 9.912189e-04 9.999995e-01 6.922678e+00
9.999663e-01 -8.005674e-03 -1.853263e-03 -1.179800e+00 8.013087e-03 9.999598e-01 4.029075e-03 1.267342e-01 1.821033e-03 -4.043792e-03 9.999902e-01 6.604571e+00
9.999594e-01 8.555190e-03 2.812979e-03 -8.705447e-01 -8.559481e-03 9.999622e-01 1.518203e-03 1.203543e-01 -2.799984e-03 -1.542217e-03 9.999948e-01 6.323749e+00
9.999833e-01 -5.705255e-03 9.871674e-04 -2.725346e-01 5.699552e-03 9.999676e-01 5.684480e-03 1.146197e-01 -1.019467e-03 -5.678762e-03 9.999834e-01 5.764786e+00
9.999840e-01 5.618086e-03 4.999446e-04 5.918644e-01 -5.619199e-03 9.999817e-01 2.259169e-03 1.070282e-01 -4.873429e-04 -2.261939e-03 9.999973e-01 5.126533e+00
9.999567e-01 -9.102504e-03 -1.952976e-03 1.480598e+00 9.108989e-03 9.999529e-01 3.339883e-03 9.453650e-02 1.922582e-03 -3.357533e-03 9.999926e-01 4.726195e+00
9.999780e-01 5.470819e-03 -3.746841e-03 2.216942e+00 -5.472844e-03 9.999849e-01 -5.316838e-04 7.874922e-02 3.743776e-03 5.521824e-04 9.999928e-01 4.529779e+00
9.999495e-01 -9.743003e-03 -2.478440e-03 3.074577e+00 9.748330e-03 9.999502e-01 2.148368e-03 6.267513e-02 2.457485e-03 -2.172426e-03 9.999947e-01 4.260580e+00
9.999779e-01 6.397028e-03 -1.758781e-03 4.066125e+00 -6.392289e-03 9.999760e-01 2.684003e-03 4.399750e-02 1.775808e-03 -2.672697e-03 9.999948e-01 3.928055e+00
9.999557e-01 -8.619761e-03 -3.787728e-03 4.877049e+00 8.615395e-03 9.999622e-01 -1.166225e-03 2.941438e-02 3.797737e-03 1.133535e-03 9.999922e-01 3.624778e+00
9.999801e-01 6.299177e-03 4.385684e-05 5.816778e+00 -6.299323e-03 9.999608e-01 6.218170e-03 1.534503e-02 -4.785520e-06 -6.218317e-03 9.999806e-01 3.168030e+00
9.999676e-01 -7.577199e-03 -2.739769e-03 6.847732e+00 7.578252e-03 9.999712e-01 3.763717e-04 6.164404e-04 2.736938e-03 -3.971288e-04 9.999962e-01 2.655480e+00
9.999794e-01 6.337606e-03 -9.989978e-04 7.652361e+00 -6.333188e-03 9.999704e-01 4.360061e-03 -1.287906e-02 1.026501e-03 -4.353638e-03 9.999899e-01 2.298591e+00
