9.999790e-01 3.501251e-04 -6.463879e-03 -1.168370e-01 -3.526969e-04 9.999999e-01 -3.967254e-04 3.052541e-03 6.463740e-03 3.989965e-04 9.999791e-01 9.929967e-02
9.999931e-01 -1.785000e-03 -3.258219e-03 -3.716109e-01 1.783375e-03 9.999983e-01 -5.016969e-04 7.407692e-03 3.259108e-03 4.958832e-04 9.999945e-01 3.023988e-01
9.999305e-01 1.427755e-03 -1.170587e-02 -6.798877e-01 -1.437455e-03 9.999986e-01 -8.202472e-04 1.188498e-02 1.170468e-02 8.370166e-04 9.999312e-01 5.881836e-01
9.999864e-01 -3.617208e-04 -5.194384e-03 -1.018559e+00 3.512669e-04 9.999979e-01 -2.013310e-03 1.542644e-02 5.195097e-03 2.011458e-03 9.999844e-01 9.446508e-01
9.999571e-01 1.329498e-03 -9.171454e-03 -1.329356e+00 -1.324894e-03 9.999990e-01 5.080530e-04 1.926656e-02 9.172127e-03 -4.958798e-04 9.999579e-01 1.150049e+00
9.999976e-01 -2.098206e-03 5.621513e-04 -1.557332e+00 2.098868e-03 9.999971e-01 -1.178260e-03 2.331167e-02 -5.596844e-04 1.179437e-03 9.999990e-01 1.300986e+00
9.999114e-01 2.485725e-03 -1.308070e-02 -1.827715e+00 -2.483869e-03 9.999969e-01 1.581609e-04 2.760961e-02 1.308106e-02 -1.256557e-04 9.999145e-01 1.492611e+00
9.999916e-01 -2.478390e-03 3.275097e-03 -2.101795e+00 2.483323e-03 9.999958e-01 -1.503075e-03 3.244516e-02 -3.271367e-03 1.511195e-03 9.999934e-01 1.638004e+00
9.998732e-01 2.935108e-03 -1.565031e-02 -2.395645e+00 -2.927399e-03 9.999956e-01 5.155110e-04 3.689174e-02 1.565177e-02 -4.696303e-04 9.998775e-01 1.816901e+00
9.999749e-01 -2.264770e-03 6.706673e-03 -2.634312e+00 2.271815e-03 9.999969e-01 -1.043081e-03 4.096680e-02 -6.704302e-03 1.058290e-03 9.999769e-01 1.908768e+00
9.999013e-01 2.678238e-03 -1.379129e-02 -2.820426e+00 -2.670859e-03 9.999963e-01 5.534673e-04 4.486847e-02 1.379273e-02 -5.165774e-04 9.999048e-01 1.977272e+00
9.999790e-01 -2.248021e-03 6.079321e-03 -3.010571e+00 2.255266e-03 9.999968e-01 -1.185221e-03 4.862799e-02 -6.076649e-03 1.198905e-03 9.999807e-01 2.065769e+00
9.998948e-01 1.639718e-03 -1.440993e-02 -3.203427e+00 -1.636193e-03 9.999986e-01 2.563854e-04 5.241714e-02 1.441035e-02 -2.327801e-04 9.998962e-01 2.214558e+00
9.999937e-01 -2.115436e-03 2.855529e-03 -3.442532e+00 2.119324e-03 9.999968e-01 -1.359218e-03 5.641788e-02 -2.852659e-03 1.365260e-03 9.999949e-01 2.421466e+00
9.998709e-01 2.409091e-03 -1.588663e-02 -3.727667e+00 -2.410381e-03 9.999971e-01 -6.208622e-05 6.094221e-02 1.588645e-02 1.003722e-04 9.998739e-01 2.650097e+00
9.999727e-01 -2.122677e-03 7.071736e-03 -3.941633e+00 2.128074e-03 9.999975e-01 -7.557156e-04 6.419812e-02 -7.070131e-03 7.707430e-04 9.999746e-01 2.789492e+00
9.998878e-01 2.579865e-03 -1.475848e-02 -4.108003e+00 -2.579401e-03 9.999967e-01 5.047720e-05 6.747521e-02 1.475858e-02 -1.240216e-05 9.998912e-01 2.893616e+00
9.999612e-01 -2.105790e-03 8.553453e-03 -4.256881e+00 2.111671e-03 9.999975e-01 -6.786563e-04 7.067767e-02 -8.552021e-03 6.966907e-04 9.999631e-01 2.961977e+00
9.998851e-01 2.516710e-03 -1.495066e-02 -4.413932e+00 -2.514907e-03 9.999968e-01 1.394321e-04 7.405956e-02 1.495098e-02 -1.018151e-04 9.998883e-01 3.024451e+00
9.999763e-01 -2.157132e-03 6.536014e-03 -4.603649e+00 2.162794e-03 9.999973e-01 -8.593605e-04 7.787465e-02 -6.534162e-03 8.734747e-04 9.999782e-01 3.138775e+00
9.998968e-01 2.484619e-03 -1.415169e-02 -4.811793e+00 -2.480693e-03 9.999969e-01 2.949343e-04 8.160710e-02 1.415240e-02 -2.597962e-04 9.998999e-01 3.210736e+00
9.999737e-01 -2.288321e-03 6.880748e-03 -4.958708e+00 2.294890e-03 9.999969e-01 -9.471086e-04 8.450683e-02 -6.878581e-03 9.628726e-04 9.999758e-01 3.323369e+00
9.999046e-01 2.391074e-03 -1.360253e-02 -5.068076e+00 -2.386993e-03 9.999971e-01 3.162795e-04 8.648777e-02 1.360327e-02 -2.837784e-04 9.999075e-01 3.436052e+00
9.999425e-01 -2.661795e-03 1.038713e-02 -4.968903e+00 2.662260e-03 9.999965e-01 -3.098102e-05 8.515588e-02 -1.038704e-02 5.863083e-05 9.999460e-01 3.427419e+00
9.999018e-01 3.944017e-03 -1.344494e-02 -4.909628e+00 -3.946647e-03 9.999922e-01 -1.690992e-04 8.478508e-02 1.344419e-02 2.221468e-04 9.999097e-01 3.442875e+00
9.999599e-01 -3.727157e-03 8.144431e-03 -5.017516e+00 3.728202e-03 9.999930e-01 -1.131297e-04 8.755285e-02 -8.143976e-03 1.434875e-04 9.999667e-01 3.503404e+00
9.999044e-01 3.833330e-03 -1.328681e-02 -5.126430e+00 -3.831850e-03 9.999926e-01 1.368616e-04 8.994972e-02 1.328726e-02 -8.593358e-05 9.999118e-01 3.555335e+00
9.999799e-01 -4.514944e-03 4.447807e-03 -5.332821e+00 4.517605e-03 9.999896e-01 -5.884990e-04 9.428769e-02 -4.445128e-03 6.085788e-04 9.999898e-01 3.680435e+00
9.998781e-01 4.082012e-03 -1.507123e-02 -5.642354e+00 -4.076322e-03 9.999916e-01 4.082125e-04 1.000061e-01 1.507279e-02 -3.467257e-04 9.998864e-01 3.802311e+00
9.999818e-01 -4.709193e-03 3.767364e-03 -5.956721e+00 4.711893e-03 9.999886e-01 -7.080102e-04 1.057037e-01 -3.764014e-03 7.257469e-04 9.999926e-01 3.943491e+00
9.998732e-01 3.913028e-03 -1.543341e-02 -6.252393e+00 -3.914026e-03 9.999923e-01 -3.447159e-05 1.103875e-01 1.543319e-02 9.487596e-05 9.998810e-01 4.128360e+00
9.999857e-01 -4.637905e-03 2.670357e-03 -6.546392e+00 4.641336e-03 9.999884e-01 -1.280060e-03 1.152319e-01 -2.664418e-03 1.292433e-03 9.999955e-01 4.332026e+00
9.998581e-01 4.510064e-03 -1.623294e-02 -6.856043e+00 -4.508670e-03 9.999898e-01 1.224977e-04 1.203217e-01 1.623335e-02 -4.928913e-05 9.998683e-01 4.550390e+00
9.999829e-01 -4.608514e-03 3.595880e-03 -7.136486e+00 4.612977e-03 9.999886e-01 -1.234092e-03 1.248074e-01 -3.590183e-03 1.250657e-03 9.999927e-01 4.763205e+00
9.998837e-01 3.950781e-03 -1.472959e-02 -7.392805e+00 -3.942400e-03 9.999920e-01 5.979479e-04 1.292263e-01 1.473187e-02 -5.398060e-04 9.998914e-01 4.930159e+00
9.999894e-01 -3.951044e-03 2.354988e-03 -7.663875e+00 3.955094e-03 9.999907e-01 -1.717639e-03 1.335364e-01 -2.348213e-03 1.726933e-03 9.999957e-01 5.135403e+00
9.998982e-01 3.352482e-03 -1.387127e-02 -7.917478e+00 -3.342060e-03 9.999941e-01 7.744487e-04 1.379023e-01 1.387382e-02 -7.280087e-04 9.999036e-01 5.323655e+00
9.999828e-01 -4.382528e-03 3.886564e-03 -8.149119e+00 4.385954e-03 9.999900e-01 -8.734893e-04 1.422300e-01 -3.882732e-03 8.905182e-04 9.999920e-01 5.458922e+00
9.998974e-01 3.190973e-03 -1.396298e-02 -8.338929e+00 -3.182643e-03 9.999947e-01 6.187850e-04 1.459079e-01 1.396492e-02 -5.742798e-04 9.999024e-01 5.628018e+00
9.999890e-01 -4.680083e-03 -2.626618e-04 -8.607807e+00 4.679568e-03 9.999872e-01 -1.925746e-03 1.503133e-01 2.716332e-04 1.924493e-03 9.999980e-01 5.905029e+00
9.998891e-01 2.937100e-03 -1.460174e-02 -8.923561e+00 -2.927746e-03 9.999955e-01 6.618867e-04 1.548270e-01 1.460366e-02 -6.190603e-04 9.998933e-01 6.200087e+00
9.999896e-01 -4.237266e-03 1.662858e-03 -9.207230e+00 4.238858e-03 9.999906e-01 -9.551566e-04 1.593168e-01 -1.658836e-03 9.621927e-04 9.999981e-01 6.418211e+00
9.999267e-01 3.782906e-03 -1.150312e-02 -9.460120e+00 -3.760923e-03 9.999911e-01 1.932033e-03 1.645894e-01 1.151036e-02 -1.888626e-03 9.999321e-01 6.504270e+00
9.999905e-01 -4.323733e-03 4.503113e-04 -9.744094e+00 4.324074e-03 9.999904e-01 -7.600847e-04 1.711347e-01 -4.470630e-04 7.620224e-04 9.999995e-01 6.596776e+00
9.999037e-01 3.083998e-03 -1.352981e-02 -1.000758e+01 -3.072073e-03 9.999949e-01 9.020572e-04 1.763133e-01 1.353257e-02 -8.604033e-04 9.999082e-01 6.790159e+00
9.999877e-01 -4.535145e-03 2.000219e-03 -1.022000e+01 4.536196e-03 9.999896e-01 -5.211660e-04 1.802465e-01 -1.997879e-03 5.302307e-04 9.999978e-01 6.982563e+00
9.999041e-01 3.846271e-03 -1.330290e-02 -1.042868e+01 -3.838927e-03 9.999925e-01 5.774741e-04 1.846872e-01 1.330507e-02 -5.263475e-04 9.999114e-01 7.145929e+00
9.999836e-01 -4.795093e-03 3.139762e-03 -1.059316e+01 4.800437e-03 9.999870e-01 -1.696843e-03 1.875676e-01 -3.131631e-03 1.711885e-03 9.999935e-01 7.344392e+00
9.998940e-01 3.544725e-03 -1.412132e-02 -1.077392e+01 -3.534093e-03 9.999935e-01 7.777511e-04 1.906239e-01 1.412403e-02 -7.277600e-04 9.999001e-01 7.536099e+00
9.999703e-01 -4.392132e-03 6.339893e-03 -1.088222e+01 4.396766e-03 9.999901e-01 -7.174071e-04 1.927666e-01 -6.336727e-03 7.452585e-04 9.999796e-01 7.620645e+00
9.999391e-01 3.703386e-03 -1.039607e-02 -1.089159e+01 -3.696676e-03 9.999929e-01 6.645315e-04 1.936001e-01 1.039851e-02 -6.260576e-04 9.999458e-01 7.680434e+00
9.999922e-01 -3.937777e-03 -1.951780e-04 -1.109744e+01 3.937317e-03 9.999896e-01 -2.296547e-03 1.967551e-01 2.041698e-04 2.295758e-03 9.999973e-01 7.913345e+00
9.999087e-01 4.515209e-03 -1.273381e-02 -1.133360e+01 -4.521940e-03 9.999897e-01 -4.999293e-04 1.986761e-01 1.273147e-02 5.574681e-04 9.999189e-01 8.264429e+00
9.999913e-01 -3.126436e-03 -2.764354e-03 -1.157484e+01 3.117452e-03 9.999899e-01 -3.248019e-03 2.000710e-01 2.774429e-03 3.239370e-03 9.999908e-01 8.726399e+00
9.998619e-01 5.382087e-03 -1.572395e-02 -1.186799e+01 -5.417569e-03 9.999829e-01 -2.214913e-03 2.008229e-01 1.571182e-02 2.299797e-03 9.998740e-01 9.315794e+00
9.999883e-01 -3.634936e-03 -3.204700e-03 -1.219143e+01 3.629425e-03 9.999919e-01 -1.723459e-03 2.033912e-01 3.210883e-03 1.711803e-03 9.999933e-01 9.771260e+00
9.998258e-01 5.891131e-03 -1.770943e-02 -1.252931e+01 -5.939059e-03 9.999788e-01 -2.655035e-03 2.058544e-01 1.769347e-02 2.759755e-03 9.998397e-01 1.030082e+01
9.999815e-01 -3.821836e-03 -4.736011e-03 -1.289003e+01 3.805962e-03 9.999871e-01 -3.355879e-03 2.070088e-01 4.748717e-03 3.337787e-03 9.999831e-01 1.100994e+01
9.999008e-01 3.511414e-03 -1.364367e-02 -1.311616e+01 -3.531530e-03 9.999927e-01 -1.450713e-03 2.067136e-01 1.363853e-02 1.498758e-03 9.999060e-01 1.159828e+01
9.999815e-01 -2.398816e-03 -5.590252e-03 -1.341693e+01 2.377437e-03 9.999898e-01 -3.827506e-03 2.080284e-01 5.599315e-03 3.814138e-03 9.999770e-01 1.223315e+01
9.999191e-01 3.768096e-03 -1.214605e-02 -1.368650e+01 -3.791965e-03 9.999909e-01 -1.942905e-03 2.080335e-01 1.213868e-02 1.988812e-03 9.999244e-01 1.285780e+01
9.999755e-01 -1.929242e-03 -6.723217e-03 -1.399920e+01 1.905304e-03 9.999918e-01 -3.564704e-03 2.103230e-01 6.729974e-03 3.551800e-03 9.999710e-01 1.338903e+01
9.999497e-01 2.624431e-03 -9.677748e-03 -1.428951e+01 -2.621776e-03 9.999965e-01 2.867442e-04 2.125746e-01 9.678533e-03 -2.613494e-04 9.999532e-01 1.379748e+01
9.999774e-01 -1.680084e-03 -6.503148e-03 -1.455837e+01 1.659694e-03 9.999937e-01 -3.139090e-03 2.148626e-01 6.508314e-03 3.128218e-03 9.999738e-01 1.417027e+01
9.999763e-01 3.543876e-04 -6.873669e-03 -1.482370e+01 -3.450662e-04 9.999990e-01 1.356807e-03 2.186989e-01 6.874211e-03 -1.354395e-03 9.999755e-01 1.443528e+01
9.999651e-01 -6.351085e-04 -8.332797e-03 -1.511513e+01 6.108878e-04 9.999956e-01 -2.908528e-03 2.226102e-01 8.334539e-03 2.903328e-03 9.999610e-01 1.470825e+01
9.999901e-01 -4.915089e-04 -4.416388e-03 -1.534440e+01 4.995229e-04 9.999982e-01 1.812944e-03 2.265404e-01 4.415559e-03 -1.815124e-03 9.999887e-01 1.493962e+01
9.999774e-01 -3.540764e-04 -6.711535e-03 -1.555258e+01 3.359993e-04 9.999963e-01 -2.693897e-03 2.299657e-01 6.712393e-03 2.691573e-03 9.999738e-01 1.514132e+01
9.999998e-01 -6.013818e-04 1.983175e-05 -1.568743e+01 6.013180e-04 9.999946e-01 3.229512e-03 2.329479e-01 -2.170273e-05 -3.229492e-03 9.999949e-01 1.521448e+01
9.999681e-01 4.093079e-04 -7.978877e-03 -1.580881e+01 -4.387774e-04 9.999931e-01 -3.691632e-03 2.358970e-01 7.977239e-03 3.695008e-03 9.999613e-01 1.533064e+01
9.999893e-01 -6.803518e-04 -4.578199e-03 -1.608003e+01 6.906689e-04 9.999972e-01 2.251576e-03 2.401153e-01 4.576727e-03 -2.254706e-03 9.999871e-01 1.554664e+01
9.999601e-01 1.298993e-03 -8.835860e-03 -1.639232e+01 -1.330929e-03 9.999926e-01 -3.609022e-03 2.441516e-01 8.831033e-03 3.620630e-03 9.999544e-01 1.576856e+01
9.999982e-01 -8.585420e-04 1.679025e-03 -1.656520e+01 8.535246e-04 9.999952e-01 2.988964e-03 2.470819e-01 -1.681509e-03 -2.987517e-03 9.999942e-01 1.583833e+01
9.999845e-01 4.193488e-04 -5.547484e-03 -1.662533e+01 -4.344161e-04 9.999962e-01 -2.714505e-03 2.484089e-01 5.546250e-03 2.716865e-03 9.999808e-01 1.590910e+01
9.999988e-01 1.027496e-03 -1.205870e-03 -1.676187e+01 -1.025763e-03 9.999984e-01 1.434078e-03 2.509738e-01 1.207416e-03 -1.432831e-03 9.999983e-01 1.596388e+01
9.999954e-01 -3.249290e-04 -3.008121e-03 -1.690729e+01 3.200951e-04 9.999987e-01 -1.606085e-03 2.538267e-01 3.008564e-03 1.605107e-03 9.999941e-01 1.593834e+01
9.999996e-01 8.180766e-04 4.147382e-04 -1.690833e+01 -8.188385e-04 9.999980e-01 1.849376e-03 2.548764e-01 -4.131494e-04 -1.849706e-03 9.999983e-01 1.590956e+01
9.999952e-01 4.106074e-05 -3.099082e-03 -1.689603e+01 -4.719930e-05 9.999980e-01 -1.979530e-03 2.557932e-01 3.098920e-03 1.979658e-03 9.999932e-01 1.589748e+01
9.999997e-01 6.543977e-04 -4.354769e-04 -1.695201e+01 -6.535148e-04 9.999978e-01 2.015565e-03 2.578585e-01 4.368703e-04 -2.015271e-03 9.999980e-01 1.588157e+01
9.999972e-01 1.598703e-04 -2.333720e-03 -1.695611e+01 -1.642707e-04 9.999982e-01 -1.883912e-03 2.592373e-01 2.333339e-03 1.884282e-03 9.999954e-01 1.584205e+01
9.999997e-01 7.358651e-04 -1.683976e-04 -1.689344e+01 -7.354538e-04 9.999968e-01 2.406582e-03 2.597184e-01 1.702437e-04 -2.406449e-03 9.999972e-01 1.577825e+01
9.999976e-01 4.946639e-04 -2.135920e-03 -1.685978e+01 -4.991610e-04 9.999977e-01 -2.103687e-03 2.607763e-01 2.134798e-03 2.104740e-03 9.999954e-01 1.571498e+01
9.999995e-01 6.097200e-04 -8.560778e-04 -1.691468e+01 -6.078674e-04 9.999975e-01 2.157986e-03 2.629981e-01 8.574675e-04 -2.157456e-03 9.999974e-01 1.567024e+01
9.999991e-01 6.204491e-04 -1.194761e-03 -1.692298e+01 -6.227530e-04 9.999980e-01 -1.925708e-03 2.650163e-01 1.193488e-03 1.926442e-03 9.999974e-01 1.558583e+01
9.999996e-01 7.548527e-04 -4.644860e-04 -1.689923e+01 -7.538068e-04 9.999972e-01 2.239191e-03 2.664371e-01 4.662513e-04 -2.238832e-03 9.999975e-01 1.549691e+01
9.999988e-01 7.394061e-04 -1.339315e-03 -1.695177e+01 -7.424949e-04 9.999971e-01 -2.304379e-03 2.685641e-01 1.337531e-03 2.305362e-03 9.999964e-01 1.541120e+01
9.999996e-01 6.400198e-04 -6.365294e-04 -1.702821e+01 -6.384825e-04 9.999969e-01 2.406028e-03 2.707610e-01 6.381439e-04 -2.405612e-03 9.999970e-01 1.532484e+01
9.999969e-01 5.022112e-04 -2.434898e-03 -1.714953e+01 -5.077522e-04 9.999973e-01 -2.273958e-03 2.737344e-01 2.433672e-03 2.275179e-03 9.999944e-01 1.527877e+01
9.999992e-01 2.331651e-04 -1.290858e-03 -1.719299e+01 -2.300893e-04 9.999971e-01 2.379200e-03 2.756341e-01 1.291486e-03 -2.378892e-03 9.999964e-01 1.528659e+01
9.999985e-01 8.526870e-04 -1.521340e-03 -1.722964e+01 -8.565789e-04 9.999964e-01 -2.556820e-03 2.771962e-01 1.519077e-03 2.558110e-03 9.999955e-01 1.531007e+01
9.999958e-01 7.200264e-04 -2.814595e-03 -1.735335e+01 -7.138072e-04 9.999973e-01 2.208480e-03 2.803575e-01 2.816255e-03 -2.206453e-03 9.999937e-01 1.531072e+01
9.999991e-01 -1.136819e-03 -6.385979e-04 -1.729559e+01 1.135687e-03 9.999978e-01 -1.762882e-03 2.804154e-01 6.405229e-04 1.762146e-03 9.999982e-01 1.530610e+01
9.999964e-01 2.471899e-03 -1.021459e-03 -1.719903e+01 -2.470647e-03 9.999962e-01 1.221220e-03 2.797175e-01 1.024552e-03 -1.218683e-03 9.999988e-01 1.528838e+01
9.999964e-01 -1.413831e-03 -2.271004e-03 -1.728335e+01 1.410939e-03 9.999982e-01 -1.272869e-03 2.821370e-01 2.272721e-03 1.269652e-03 9.999965e-01 1.525629e+01
9.999964e-01 2.493040e-03 -1.024897e-03 -1.743427e+01 -2.491757e-03 9.999961e-01 1.246725e-03 2.852918e-01 1.028079e-03 -1.244157e-03 9.999988e-01 1.520080e+01
9.999978e-01 -1.120576e-03 -1.768365e-03 -1.762035e+01 1.118466e-03 9.999987e-01 -1.191206e-03 2.888361e-01 1.769619e-03 1.189216e-03 9.999976e-01 1.510320e+01
9.999954e-01 2.633314e-03 -1.518401e-03 -1.781255e+01 -2.631109e-03 9.999955e-01 1.449761e-03 2.930933e-01 1.522290e-03 -1.445750e-03 9.999979e-01 1.503133e+01
9.999946e-01 -6.711443e-04 -3.224085e-03 -1.797874e+01 6.648815e-04 9.999979e-01 -1.941852e-03 2.969626e-01 3.225303e-03 1.939689e-03 9.999928e-01 1.501777e+01
9.999981e-01 1.633062e-03 -1.070551e-03 -1.815267e+01 -1.631346e-03 9.999974e-01 1.597814e-03 3.003842e-01 1.073237e-03 -1.596055e-03 9.999982e-01 1.498499e+01
9.999881e-01 -8.936080e-04 -4.792257e-03 -1.834631e+01 8.825436e-04 9.999969e-01 -2.309501e-03 3.039418e-01 4.794227e-03 2.305235e-03 9.999858e-01 1.499446e+01
9.999974e-01 2.051403e-03 1.046797e-03 -1.852535e+01 -2.053445e-03 9.999960e-01 1.958138e-03 3.071065e-01 -1.042696e-03 -1.960273e-03 9.999976e-01 1.494820e+01
9.999864e-01 -1.036143e-03 -5.109053e-03 -1.873217e+01 1.025439e-03 9.999973e-01 -2.096300e-03 3.110055e-01 5.111131e-03 2.091024e-03 9.999847e-01 1.488413e+01
9.999979e-01 2.040811e-03 3.729122e-04 -1.894564e+01 -2.041452e-03 9.999964e-01 1.739157e-03 3.149786e-01 -3.692815e-04 -1.739905e-03 9.999985e-01 1.484147e+01
9.999904e-01 -1.012267e-03 -4.253893e-03 -1.913838e+01 1.004368e-03 9.999978e-01 -1.857579e-03 3.187474e-01 4.255684e-03 1.853280e-03 9.999891e-01 1.478679e+01
9.999982e-01 1.899822e-03 -2.691964e-04 -1.931906e+01 -1.899377e-03 9.999969e-01 1.628822e-03 3.223295e-01 2.723707e-04 -1.628298e-03 9.999987e-01 1.475244e+01
9.999854e-01 -1.170983e-03 -5.280480e-03 -1.951776e+01 1.159875e-03 9.999971e-01 -2.105310e-03 3.260575e-01 5.282849e-03 2.099145e-03 9.999838e-01 1.474212e+01
9.999954e-01 2.045325e-03 -2.267746e-03 -1.974073e+01 -2.042381e-03 9.999971e-01 1.297782e-03 3.298999e-01 2.270475e-03 -1.293135e-03 9.999967e-01 1.478966e+01
9.999764e-01 -1.139600e-03 -6.765294e-03 -1.997162e+01 1.124592e-03 9.999969e-01 -2.220920e-03 3.335495e-01 6.767722e-03 2.213249e-03 9.999746e-01 1.488303e+01
9.999966e-01 2.034420e-03 -1.656366e-03 -2.021142e+01 -2.032259e-03 9.999971e-01 1.301745e-03 3.374085e-01 1.659092e-03 -1.298365e-03 9.999979e-01 1.494783e+01
9.999791e-01 -1.044349e-03 -6.369201e-03 -2.046426e+01 1.030675e-03 9.999972e-01 -2.149000e-03 3.415018e-01 6.371345e-03 2.142381e-03 9.999773e-01 1.499442e+01
9.999966e-01 2.138704e-03 -1.532460e-03 -2.071573e+01 -2.136590e-03 9.999968e-01 1.376280e-03 3.456013e-01 1.535482e-03 -1.372991e-03 9.999980e-01 1.503844e+01
9.999898e-01 -1.441130e-03 -4.274733e-03 -2.092469e+01 1.432342e-03 9.999969e-01 -2.056919e-03 3.492058e-01 4.277600e-03 2.050765e-03 9.999887e-01 1.504423e+01
9.999943e-01 2.864631e-03 -1.825205e-03 -2.116038e+01 -2.862218e-03 9.999950e-01 1.319889e-03 3.530992e-01 1.829061e-03 -1.314647e-03 9.999975e-01 1.503530e+01
9.999826e-01 -1.786027e-03 -5.615938e-03 -2.143010e+01 1.774185e-03 9.999962e-01 -2.111914e-03 3.574992e-01 5.619604e-03 2.101903e-03 9.999819e-01 1.504863e+01
9.999936e-01 2.966134e-03 -2.023445e-03 -2.169983e+01 -2.963403e-03 9.999947e-01 1.348585e-03 3.617747e-01 2.027519e-03 -1.342570e-03 9.999971e-01 1.506813e+01
9.999865e-01 -1.895903e-03 -4.840470e-03 -2.196546e+01 1.886001e-03 9.999961e-01 -2.048351e-03 3.661412e-01 4.844250e-03 2.039184e-03 9.999861e-01 1.507126e+01
9.999944e-01 2.827500e-03 -1.801455e-03 -2.218162e+01 -2.824947e-03 9.999950e-01 1.414937e-03 3.699539e-01 1.805532e-03 -1.409830e-03 9.999975e-01 1.509215e+01
9.999820e-01 -1.932418e-03 -5.669882e-03 -2.238923e+01 1.920239e-03 9.999958e-01 -2.151800e-03 3.734453e-01 5.673931e-03 2.140863e-03 9.999815e-01 1.515035e+01
9.999937e-01 2.802692e-03 -2.191726e-03 -2.260426e+01 -2.799734e-03 9.999952e-01 1.348768e-03 3.769494e-01 2.195582e-03 -1.342613e-03 9.999968e-01 1.521725e+01
9.999880e-01 -2.074625e-03 -4.426866e-03 -2.279738e+01 2.065623e-03 9.999958e-01 -2.035731e-03 3.802537e-01 4.430984e-03 2.026552e-03 9.999881e-01 1.525346e+01
9.999931e-01 2.888921e-03 -2.363790e-03 -2.300394e+01 -2.885711e-03 9.999949e-01 1.357759e-03 3.838601e-01 2.367787e-03 -1.350918e-03 9.999964e-01 1.528114e+01
9.999916e-01 -2.066285e-03 -3.536600e-03 -2.319930e+01 2.059292e-03 9.999959e-01 -1.977963e-03 3.873562e-01 3.540585e-03 1.970652e-03 9.999917e-01 1.529338e+01
9.999893e-01 2.919128e-03 -3.587143e-03 -2.341424e+01 -2.914658e-03 9.999950e-01 1.249010e-03 3.911891e-01 3.590858e-03 -1.238530e-03 9.999929e-01 1.533394e+01
9.999873e-01 -2.157127e-03 -4.553817e-03 -2.364713e+01 2.147422e-03 9.999954e-01 -2.133486e-03 3.949780e-01 4.558310e-03 2.123669e-03 9.999873e-01 1.541224e+01
9.999886e-01 2.690897e-03 -3.947558e-03 -2.388531e+01 -2.685195e-03 9.999953e-01 1.447537e-03 3.993644e-01 3.951523e-03 -1.436910e-03 9.999912e-01 1.549468e+01
9.999897e-01 -2.011516e-03 -4.058523e-03 -2.407998e+01 2.002479e-03 9.999955e-01 -2.227845e-03 4.032648e-01 4.062897e-03 2.219684e-03 9.999892e-01 1.557798e+01
9.999764e-01 2.741724e-03 -6.308431e-03 -2.432491e+01 -2.733661e-03 9.999954e-01 1.285300e-03 4.075970e-01 6.312016e-03 -1.268013e-03 9.999793e-01 1.572719e+01
9.999938e-01 -1.850963e-03 -2.992237e-03 -2.455897e+01 1.844356e-03 9.999959e-01 -2.206951e-03 4.114584e-01 2.996220e-03 2.201408e-03 9.999930e-01 1.584659e+01
9.999804e-01 2.570120e-03 -5.710377e-03 -2.479022e+01 -2.561936e-03 9.999957e-01 1.438775e-03 4.154051e-01 5.714140e-03 -1.424106e-03 9.999827e-01 1.593763e+01
9.999957e-01 -1.861365e-03 -2.238334e-03 -2.500145e+01 1.856704e-03 9.999961e-01 -2.079690e-03 4.192285e-01 2.242107e-03 2.075514e-03 9.999953e-01 1.601347e+01
9.999811e-01 2.501894e-03 -5.619811e-03 -2.522288e+01 -2.493985e-03 9.999959e-01 1.412614e-03 4.229310e-01 5.623413e-03 -1.398560e-03 9.999833e-01 1.608582e+01
9.999939e-01 -1.892182e-03 -2.909083e-03 -2.545401e+01 1.885941e-03 9.999959e-01 -2.144248e-03 4.269613e-01 2.913037e-03 2.138737e-03 9.999934e-01 1.617714e+01
9.999842e-01 2.264255e-03 -5.155560e-03 -2.567055e+01 -2.257383e-03 9.999966e-01 1.336846e-03 4.306862e-01 5.158660e-03 -1.325176e-03 9.999859e-01 1.626993e+01
9.999888e-01 -1.691400e-03 -4.415352e-03 -2.590993e+01 1.681568e-03 9.999961e-01 -2.227973e-03 4.348444e-01 4.419011e-03 2.220512e-03 9.999877e-01 1.639467e+01
9.999865e-01 2.450325e-03 -4.599569e-03 -2.614576e+01 -2.443751e-03 9.999960e-01 1.432718e-03 4.387834e-01 4.603153e-03 -1.421446e-03 9.999885e-01 1.650423e+01
9.999903e-01 -1.738620e-03 -4.047659e-03 -2.639295e+01 1.729944e-03 9.999962e-01 -2.144241e-03 4.430343e-01 4.051279e-03 2.137206e-03 9.999894e-01 1.659021e+01
9.999877e-01 2.340660e-03 -4.390372e-03 -2.661059e+01 -2.334348e-03 9.999962e-01 1.440500e-03 4.468568e-01 4.393820e-03 -1.430222e-03 9.999894e-01 1.669038e+01
9.999902e-01 -1.755181e-03 -4.056627e-03 -2.682121e+01 1.746389e-03 9.999961e-01 -2.167892e-03 4.504854e-01 4.060323e-03 2.160775e-03 9.999894e-01 1.679754e+01
9.999845e-01 2.279067e-03 -5.078134e-03 -2.704538e+01 -2.272682e-03 9.999966e-01 1.261106e-03 4.542140e-01 5.081084e-03 -1.249533e-03 9.999864e-01 1.692634e+01
9.999888e-01 -2.171711e-03 -4.187645e-03 -2.729815e+01 2.162282e-03 9.999951e-01 -2.252900e-03 4.581081e-01 4.192424e-03 2.243808e-03 9.999886e-01 1.705635e+01
9.999699e-01 2.025286e-03 -7.490989e-03 -2.760900e+01 -2.018456e-03 9.999975e-01 9.180736e-04 4.627818e-01 7.492924e-03 -9.029139e-04 9.999716e-01 1.724163e+01
9.999805e-01 -1.348699e-03 -6.092690e-03 -2.789866e+01 1.334029e-03 9.999962e-01 -2.409874e-03 4.666611e-01 6.095823e-03 2.401687e-03 9.999785e-01 1.748844e+01
9.999977e-01 2.103379e-03 4.853924e-04 -2.808499e+01 -2.104499e-03 9.999951e-01 2.337411e-03 4.694330e-01 -4.803792e-04 -2.338415e-03 9.999972e-01 1.752541e+01
9.999997e-01 -2.128282e-04 -7.399280e-04 -2.812699e+01 2.111066e-04 9.999973e-01 -2.314577e-03 4.713831e-01 7.403243e-04 2.314408e-03 9.999970e-01 1.738369e+01
9.999976e-01 2.185621e-03 9.269226e-05 -2.819998e+01 -2.185822e-03 9.999949e-01 2.329657e-03 4.736399e-01 -8.750570e-05 -2.329842e-03 9.999973e-01 1.723459e+01
9.999941e-01 -1.096487e-03 -3.253152e-03 -2.831349e+01 1.088335e-03 9.999963e-01 -2.503749e-03 4.762754e-01 3.255791e-03 2.500181e-03 9.999915e-01 1.719151e+01
9.999977e-01 8.069587e-04 -2.020890e-03 -2.844695e+01 -8.018164e-04 9.999965e-01 2.539721e-03 4.790097e-01 2.023027e-03 -2.538082e-03 9.999948e-01 1.723363e+01
9.999881e-01 -5.394538e-04 -4.850175e-03 -2.855535e+01 5.243133e-04 9.999950e-01 -3.120590e-03 4.812356e-01 4.851739e-03 3.117998e-03 9.999833e-01 1.733104e+01
9.999955e-01 1.350463e-03 2.682960e-03 -2.851087e+01 -1.359531e-03 9.999933e-01 3.384426e-03 4.817127e-01 -2.678277e-03 -3.388047e-03 9.999907e-01 1.729885e+01
9.999826e-01 -4.871085e-04 -5.869425e-03 -2.853297e+01 4.654504e-04 9.999931e-01 -3.689321e-03 4.829478e-01 5.871086e-03 3.686513e-03 9.999759e-01 1.730572e+01
9.999908e-01 1.808458e-03 3.898078e-03 -2.852386e+01 -1.822243e-03 9.999921e-01 3.538087e-03 4.843382e-01 -3.891554e-03 -3.545145e-03 9.999862e-01 1.724523e+01
9.999858e-01 -3.772054e-05 -5.331502e-03 -2.843995e+01 2.190469e-05 9.999956e-01 -2.964871e-03 4.850597e-01 5.331495e-03 2.964700e-03 9.999813e-01 1.710647e+01
9.999880e-01 1.958143e-03 4.491320e-03 -2.843909e+01 -1.970683e-03 9.999942e-01 2.791546e-03 4.863425e-01 -4.485732e-03 -2.800351e-03 9.999861e-01 1.699994e+01
9.999818e-01 -5.831735e-04 -5.992060e-03 -2.850076e+01 5.660415e-04 9.999958e-01 -2.858924e-03 4.880054e-01 5.993607e-03 2.855468e-03 9.999779e-01 1.692537e+01
9.999930e-01 9.350844e-04 3.645799e-03 -2.830986e+01 -9.513106e-04 9.999896e-01 4.454019e-03 4.879010e-01 -3.641501e-03 -4.457443e-03 9.999835e-01 1.676784e+01
9.999813e-01 3.515534e-04 -6.105604e-03 -2.797758e+01 -3.672151e-04 9.999966e-01 -2.562757e-03 4.855801e-01 6.104587e-03 2.564939e-03 9.999780e-01 1.655366e+01
9.999881e-01 1.466712e-03 4.658212e-03 -2.782462e+01 -1.483581e-03 9.999923e-01 3.621868e-03 4.856598e-01 -4.652769e-03 -3.628723e-03 9.999827e-01 1.637009e+01
9.999781e-01 -5.099719e-04 -6.592536e-03 -2.762196e+01 4.971790e-04 9.999980e-01 -1.940655e-03 4.853472e-01 6.593417e-03 1.937322e-03 9.999763e-01 1.619819e+01
9.999852e-01 1.008930e-03 5.356016e-03 -2.747399e+01 -1.023767e-03 9.999956e-01 2.769926e-03 4.841564e-01 -5.353102e-03 -2.775356e-03 9.999819e-01 1.611908e+01
9.999457e-01 -5.769621e-04 -1.040492e-02 -2.756301e+01 5.443660e-04 9.999949e-01 -3.134469e-03 4.863115e-01 1.040658e-02 3.128623e-03 9.999409e-01 1.617703e+01
9.999727e-01 1.152881e-03 7.302462e-03 -2.758918e+01 -1.173858e-03 9.999952e-01 2.870225e-03 4.881136e-01 -7.299022e-03 -2.878706e-03 9.999693e-01 1.617432e+01
9.999561e-01 -3.537394e-04 -9.360784e-03 -2.749343e+01 3.286275e-04 9.999963e-01 -2.683121e-03 4.879424e-01 9.361603e-03 2.679915e-03 9.999525e-01 1.613254e+01
9.999693e-01 1.545949e-03 7.688219e-03 -2.745555e+01 -1.566013e-03 9.999954e-01 2.605649e-03 4.890044e-01 -7.684060e-03 -2.617596e-03 9.999671e-01 1.608541e+01
9.999540e-01 -6.802886e-04 -9.559615e-03 -2.731228e+01 6.641547e-04 9.999984e-01 -1.689834e-03 4.889733e-01 9.560653e-03 1.683395e-03 9.999528e-01 1.598484e+01
9.999676e-01 1.472088e-03 7.924439e-03 -2.726517e+01 -1.487818e-03 9.999969e-01 1.980657e-03 4.893787e-01 -7.921403e-03 -1.992371e-03 9.999667e-01 1.594887e+01
9.999219e-01 -1.037818e-03 -1.245320e-02 -2.735445e+01 1.009912e-03 9.999970e-01 -2.246232e-03 4.916683e-01 1.245540e-02 2.233468e-03 9.999199e-01 1.597755e+01
9.999683e-01 1.536060e-03 7.814256e-03 -2.745743e+01 -1.551407e-03 9.999969e-01 1.959550e-03 4.942893e-01 -7.811126e-03 -1.971599e-03 9.999676e-01 1.600218e+01
9.999156e-01 -8.385977e-04 -1.296397e-02 -2.755893e+01 8.081687e-04 9.999969e-01 -2.351544e-03 4.966764e-01 1.296581e-02 2.340856e-03 9.999131e-01 1.604285e+01
9.999708e-01 1.517710e-03 7.492258e-03 -2.772246e+01 -1.530691e-03 9.999973e-01 1.728352e-03 4.997433e-01 -7.489519e-03 -1.739757e-03 9.999705e-01 1.606688e+01
9.999468e-01 -7.910718e-04 -1.028122e-02 -2.781149e+01 7.729779e-04 9.999981e-01 -1.762833e-03 5.023423e-01 1.028250e-02 1.754780e-03 9.999455e-01 1.604507e+01
9.999617e-01 2.015420e-03 8.526179e-03 -2.782179e+01 -2.030406e-03 9.999964e-01 1.750552e-03 5.041474e-01 -8.522524e-03 -1.767784e-03 9.999622e-01 1.599065e+01
9.999477e-01 -8.616249e-04 -1.018520e-02 -2.771824e+01 8.524182e-04 9.999992e-01 -9.072962e-04 5.049727e-01 1.018588e-02 8.985544e-04 9.999477e-01 1.585645e+01
9.999565e-01 2.827598e-03 8.887031e-03 -2.758969e+01 -2.842260e-03 9.999946e-01 1.638755e-03 5.054106e-01 -8.882253e-03 -1.663930e-03 9.999592e-01 1.566831e+01
9.999488e-01 -1.378489e-03 -1.002468e-02 -2.754630e+01 1.367603e-03 9.999985e-01 -1.091688e-03 5.064572e-01 1.002607e-02 1.077910e-03 9.999491e-01 1.556808e+01
9.999666e-01 2.718071e-03 7.708426e-03 -2.757830e+01 -2.725224e-03 9.999959e-01 9.189031e-04 5.086905e-01 -7.705800e-03 -9.398670e-04 9.999699e-01 1.550911e+01
9.999620e-01 -9.561643e-04 -8.657742e-03 -2.754394e+01 9.513266e-04 9.999994e-01 -5.617468e-04 5.103295e-01 8.658177e-03 5.534766e-04 9.999623e-01 1.536388e+01
9.999634e-01 2.778814e-03 8.099827e-03 -2.753530e+01 -2.785783e-03 9.999958e-01 8.504563e-04 5.121531e-01 -8.097333e-03 -8.729767e-04 9.999669e-01 1.520599e+01
9.999425e-01 -1.581409e-03 -1.060115e-02 -2.762242e+01 1.572890e-03 9.999984e-01 -8.109906e-04 5.147207e-01 1.060232e-02 7.942569e-04 9.999434e-01 1.514704e+01
9.999805e-01 2.341484e-03 5.791435e-03 -2.780137e+01 -2.343883e-03 9.999972e-01 4.091261e-04 5.182713e-01 -5.790364e-03 -4.226798e-04 9.999832e-01 1.513649e+01
9.999389e-01 -1.641893e-03 -1.092809e-02 -2.797415e+01 1.632372e-03 9.999983e-01 -8.792142e-04 5.217414e-01 1.092941e-02 8.613091e-04 9.999398e-01 1.514487e+01
9.999807e-01 2.237421e-03 5.811324e-03 -2.812372e+01 -2.240958e-03 9.999973e-01 6.038701e-04 5.250600e-01 -5.809860e-03 -6.168685e-04 9.999830e-01 1.516378e+01
9.999558e-01 -1.483659e-03 -9.283219e-03 -2.823914e+01 1.477692e-03 9.999987e-01 -6.485072e-04 5.276161e-01 9.284072e-03 6.347481e-04 9.999566e-01 1.513924e+01
9.999633e-01 3.007625e-03 8.023751e-03 -2.828828e+01 -3.013267e-03 9.999952e-01 6.923790e-04 5.299703e-01 -8.021533e-03 -7.165183e-04 9.999676e-01 1.502820e+01
9.999629e-01 -1.094033e-03 -8.536704e-03 -2.828076e+01 1.090504e-03 9.999993e-01 -4.167593e-04 5.317209e-01 8.537057e-03 4.074217e-04 9.999634e-01 1.487661e+01
9.999667e-01 3.026589e-03 7.581994e-03 -2.831010e+01 -3.028789e-03 9.999954e-01 2.801507e-04 5.335570e-01 -7.581014e-03 -3.030925e-04 9.999713e-01 1.475940e+01
9.999646e-01 -1.489475e-03 -8.279911e-03 -2.827695e+01 1.492259e-03 9.999988e-01 3.314319e-04 5.349194e-01 8.279311e-03 -3.437890e-04 9.999656e-01 1.461750e+01
9.999700e-01 3.185379e-03 7.067906e-03 -2.813738e+01 -3.190187e-03 9.999947e-01 6.707005e-04 5.352961e-01 -7.065635e-03 -6.932151e-04 9.999749e-01 1.443151e+01
9.999560e-01 -2.023204e-03 -9.161095e-03 -2.794904e+01 2.027836e-03 9.999978e-01 4.974810e-04 5.344914e-01 9.159971e-03 -5.160493e-04 9.999579e-01 1.428423e+01
9.999695e-01 3.102422e-03 7.179921e-03 -2.775378e+01 -3.107885e-03 9.999949e-01 7.512750e-04 5.341121e-01 -7.177456e-03 -7.735533e-04 9.999740e-01 1.412316e+01
9.999558e-01 -2.064382e-03 -9.166212e-03 -2.752064e+01 2.068864e-03 9.999977e-01 4.805973e-04 5.327367e-01 9.165102e-03 -4.995527e-04 9.999578e-01 1.396234e+01
9.999673e-01 3.380457e-03 7.350392e-03 -2.736385e+01 -3.382472e-03 9.999942e-01 2.631380e-04 5.320655e-01 -7.349363e-03 -2.879788e-04 9.999730e-01 1.384826e+01
9.999574e-01 -1.931436e-03 -9.020343e-03 -2.722669e+01 1.935293e-03 9.999980e-01 4.200766e-04 5.320715e-01 9.019417e-03 -4.375287e-04 9.999592e-01 1.370700e+01
9.999685e-01 3.363988e-03 7.190758e-03 -2.704947e+01 -3.367953e-03 9.999942e-01 5.409145e-04 5.314676e-01 -7.188800e-03 -5.651025e-04 9.999741e-01 1.354711e+01
9.999561e-01 -2.450513e-03 -9.044067e-03 -2.693135e+01 2.453084e-03 9.999970e-01 2.743666e-04 5.316260e-01 9.043270e-03 -2.965534e-04 9.999590e-01 1.345009e+01
9.999622e-01 3.703571e-03 7.877119e-03 -2.682454e+01 -3.704756e-03 9.999931e-01 1.371993e-04 5.315351e-01 -7.876459e-03 -1.663637e-04 9.999690e-01 1.335378e+01
9.999432e-01 -2.679519e-03 -1.030737e-02 -2.683904e+01 2.675997e-03 9.999964e-01 -3.544482e-04 5.333826e-01 1.030818e-02 3.268326e-04 9.999468e-01 1.332861e+01
9.999578e-01 3.971316e-03 8.290651e-03 -2.686478e+01 -3.973305e-03 9.999921e-01 2.248473e-04 5.354671e-01 -8.289595e-03 -2.577658e-04 9.999657e-01 1.327741e+01
9.999180e-01 -3.296459e-03 -1.237321e-02 -2.695710e+01 3.290691e-03 9.999945e-01 -4.856439e-04 5.380390e-01 1.237465e-02 4.448746e-04 9.999233e-01 1.329195e+01
9.999639e-01 3.962778e-03 7.519671e-03 -2.706296e+01 -3.962640e-03 9.999921e-01 -3.176304e-05 5.402123e-01 -7.519641e-03 1.977471e-06 9.999718e-01 1.333590e+01
9.999450e-01 -3.300546e-03 -9.951101e-03 -2.709100e+01 3.299535e-03 9.999945e-01 -1.169492e-04 5.418748e-01 9.951335e-03 8.409563e-05 9.999504e-01 1.333316e+01
9.999609e-01 4.242772e-03 7.758030e-03 -2.702848e+01 -4.244037e-03 9.999910e-01 1.478994e-04 5.422312e-01 -7.757235e-03 -1.808055e-04 9.999700e-01 1.330186e+01
9.999517e-01 -2.897986e-03 -9.388405e-03 -2.699959e+01 2.897725e-03 9.999958e-01 -4.026477e-05 5.439935e-01 9.388385e-03 1.304462e-05 9.999559e-01 1.322909e+01
9.999586e-01 4.398418e-03 7.968324e-03 -2.702104e+01 -4.399461e-03 9.999903e-01 1.147759e-04 5.460134e-01 -7.967644e-03 -1.498140e-04 9.999683e-01 1.314777e+01
9.999460e-01 -3.391585e-03 -9.819518e-03 -2.702286e+01 3.392246e-03 9.999942e-01 5.182023e-05 5.479758e-01 9.819188e-03 -8.514091e-05 9.999517e-01 1.307824e+01
9.999564e-01 4.717027e-03 8.066050e-03 -2.687027e+01 -4.726696e-03 9.999881e-01 1.181472e-03 5.482706e-01 -8.060284e-03 -1.219533e-03 9.999668e-01 1.291669e+01
9.999484e-01 -3.204753e-03 -9.631432e-03 -2.669852e+01 3.206662e-03 9.999948e-01 1.839547e-04 5.484306e-01 9.630695e-03 -2.148432e-04 9.999535e-01 1.273197e+01
9.999571e-01 4.576795e-03 8.058602e-03 -2.646169e+01 -4.591410e-03 9.999878e-01 1.797421e-03 5.481586e-01 -8.050180e-03 -1.834331e-03 9.999660e-01 1.248751e+01
9.999483e-01 -2.913254e-03 -9.740677e-03 -2.615096e+01 2.916631e-03 9.999957e-01 3.336129e-04 5.469939e-01 9.739565e-03 -3.620187e-04 9.999524e-01 1.219323e+01
9.999490e-01 4.675662e-03 8.958271e-03 -2.600658e+01 -4.680791e-03 9.999889e-01 5.530066e-04 5.471208e-01 -8.955488e-03 -5.948968e-04 9.999598e-01 1.202980e+01
9.999374e-01 -3.827871e-03 -1.050666e-02 -2.592187e+01 3.830998e-03 9.999926e-01 2.786154e-04 5.484772e-01 1.050542e-02 -3.188621e-04 9.999447e-01 1.189933e+01
9.999485e-01 5.205426e-03 8.716449e-03 -2.569459e+01 -5.216832e-03 9.999856e-01 1.287674e-03 5.477679e-01 -8.709522e-03 -1.333066e-03 9.999612e-01 1.170722e+01
9.999369e-01 -3.945688e-03 -1.051512e-02 -2.547533e+01 3.951397e-03 9.999921e-01 5.233244e-04 5.476310e-01 1.051287e-02 -5.648538e-04 9.999445e-01 1.149026e+01
9.999442e-01 5.523867e-03 9.007613e-03 -2.523501e+01 -5.534433e-03 9.999840e-01 1.149809e-03 5.469085e-01 -9.001020e-03 -1.199584e-03 9.999588e-01 1.126566e+01
9.999281e-01 -4.414187e-03 -1.114873e-02 -2.504689e+01 4.409156e-03 9.999902e-01 -4.747775e-04 5.460181e-01 1.115061e-02 4.255739e-04 9.999377e-01 1.110705e+01
9.999380e-01 5.814150e-03 9.498429e-03 -2.491868e+01 -5.827057e-03 9.999821e-01 1.333022e-03 5.463383e-01 -9.490411e-03 -1.388274e-03 9.999541e-01 1.098735e+01
9.999320e-01 -4.389305e-03 -1.079614e-02 -2.488162e+01 4.375621e-03 9.999896e-01 -1.289846e-03 5.473089e-01 1.080159e-02 1.242506e-03 9.999408e-01 1.090605e+01
9.999580e-01 4.986793e-03 7.692634e-03 -2.492286e+01 -4.994883e-03 9.999870e-01 1.034262e-03 5.488666e-01 -7.687279e-03 -1.072629e-03 9.999699e-01 1.092931e+01
9.999359e-01 -4.279210e-03 -1.047774e-02 -2.487318e+01 4.266725e-03 9.999902e-01 -1.212557e-03 5.493115e-01 1.048273e-02 1.167761e-03 9.999443e-01 1.092368e+01
9.999494e-01 5.108842e-03 8.667377e-03 -2.474729e+01 -5.123642e-03 9.999855e-01 1.687541e-03 5.493566e-01 -8.658531e-03 -1.731851e-03 9.999611e-01 1.084110e+01
9.999451e-01 -3.910919e-03 -9.721257e-03 -2.473400e+01 3.894766e-03 9.999910e-01 -1.678816e-03 5.504358e-01 9.727637e-03 1.640849e-03 9.999513e-01 1.077360e+01
9.999548e-01 5.094208e-03 8.027462e-03 -2.480133e+01 -5.108038e-03 9.999855e-01 1.704700e-03 5.524793e-01 -8.018563e-03 -1.745614e-03 9.999664e-01 1.069649e+01
9.999535e-01 -3.327522e-03 -9.051578e-03 -2.463569e+01 3.319316e-03 9.999941e-01 -9.201932e-04 5.522644e-01 9.054488e-03 8.900921e-04 9.999586e-01 1.050847e+01
9.999582e-01 5.043102e-03 7.626277e-03 -2.463349e+01 -5.053032e-03 9.999864e-01 1.284911e-03 5.538412e-01 -7.619596e-03 -1.323379e-03 9.999702e-01 1.040905e+01
9.999468e-01 -4.245516e-03 -9.394951e-03 -2.456600e+01 4.240186e-03 9.999908e-01 -5.858902e-04 5.554233e-01 9.397254e-03 5.460095e-04 9.999556e-01 1.028787e+01
9.999590e-01 5.223734e-03 7.405752e-03 -2.434342e+01 -5.238297e-03 9.999844e-01 1.949913e-03 5.542404e-01 -7.395352e-03 -1.988613e-03 9.999707e-01 1.014404e+01
9.999523e-01 -3.948116e-03 -8.930341e-03 -2.415491e+01 3.940105e-03 9.999918e-01 -9.132212e-04 5.537960e-01 8.933776e-03 8.779780e-04 9.999597e-01 9.988063e+00
9.999539e-01 5.606812e-03 7.794933e-03 -2.402698e+01 -5.617960e-03 9.999832e-01 1.410411e-03 5.541046e-01 -7.786796e-03 -1.454124e-03 9.999687e-01 9.832037e+00
9.999561e-01 -3.733172e-03 -8.594770e-03 -2.400499e+01 3.720068e-03 9.999919e-01 -1.538836e-03 5.553399e-01 8.600346e-03 1.506782e-03 9.999618e-01 9.720779e+00
9.999636e-01 4.628119e-03 7.175777e-03 -2.387516e+01 -4.649755e-03 9.999847e-01 3.003097e-03 5.564087e-01 -7.161671e-03 -3.036340e-03 9.999698e-01 9.533866e+00
9.999486e-01 -3.697333e-03 -9.439971e-03 -2.360836e+01 3.683130e-03 9.999921e-01 -1.520319e-03 5.546471e-01 9.445419e-03 1.485458e-03 9.999542e-01 9.364708e+00
9.999560e-01 5.202845e-03 7.816567e-03 -2.343317e+01 -5.224633e-03 9.999825e-01 2.771096e-03 5.544377e-01 -7.801914e-03 -2.811799e-03 9.999657e-01 9.179499e+00
9.999638e-01 -1.996530e-03 -8.269534e-03 -2.322236e+01 1.988308e-03 9.999975e-01 -1.000961e-03 5.553546e-01 8.271414e-03 9.844692e-04 9.999652e-01 8.785471e+00
9.999639e-01 4.910372e-03 6.940434e-03 -2.300694e+01 -4.928672e-03 9.999844e-01 2.623725e-03 5.556317e-01 -6.927344e-03 -2.657823e-03 9.999725e-01 8.457736e+00
9.999537e-01 -3.800730e-03 -8.841014e-03 -2.301763e+01 3.780109e-03 9.999901e-01 -2.346640e-03 5.571723e-01 8.849747e-03 2.313098e-03 9.999581e-01 8.404728e+00
9.999889e-01 4.454756e-03 1.580202e-03 -2.319485e+01 -4.457235e-03 9.999888e-01 1.576541e-03 5.602674e-01 -1.573063e-03 -1.583553e-03 9.999976e-01 8.489129e+00
9.999568e-01 -3.713209e-03 -8.518742e-03 -2.337760e+01 3.693278e-03 9.999904e-01 -2.352762e-03 5.634822e-01 8.527298e-03 2.321185e-03 9.999609e-01 8.555210e+00
9.999892e-01 4.427028e-03 1.439580e-03 -2.356259e+01 -4.429252e-03 9.999890e-01 1.554116e-03 5.666453e-01 -1.432585e-03 -1.560462e-03 9.999978e-01 8.624006e+00
9.999618e-01 -3.553075e-03 -7.979641e-03 -2.376681e+01 3.535075e-03 9.999912e-01 -2.267197e-03 5.701303e-01 7.987528e-03 2.238889e-03 9.999655e-01 8.662955e+00
9.999691e-01 5.105712e-03 5.979680e-03 -2.393377e+01 -5.118213e-03 9.999847e-01 2.079253e-03 5.735800e-01 -5.968875e-03 -2.109780e-03 9.999800e-01 8.553320e+00
9.999533e-01 -3.723180e-03 -8.909310e-03 -2.406612e+01 3.704836e-03 9.999910e-01 -2.073302e-03 5.767904e-01 8.916851e-03 2.040184e-03 9.999581e-01 8.484296e+00
9.999859e-01 4.402220e-03 2.974643e-03 -2.418715e+01 -4.406505e-03 9.999893e-01 1.439604e-03 5.791614e-01 -2.968175e-03 -1.452678e-03 9.999946e-01 8.560041e+00
9.999548e-01 -3.821876e-03 -8.696449e-03 -2.429323e+01 3.804682e-03 9.999908e-01 -1.991358e-03 5.815052e-01 8.703881e-03 1.958167e-03 9.999601e-01 8.636097e+00
9.999833e-01 4.353433e-03 3.819937e-03 -2.439569e+01 -4.359644e-03 9.999892e-01 1.622389e-03 5.839398e-01 -3.812734e-03 -1.639001e-03 9.999914e-01 8.685041e+00
9.999637e-01 -3.750499e-03 -7.650972e-03 -2.449512e+01 3.736027e-03 9.999912e-01 -1.903293e-03 5.864175e-01 7.657944e-03 1.874626e-03 9.999689e-01 8.697301e+00
9.999826e-01 4.481873e-03 3.839245e-03 -2.460789e+01 -4.487406e-03 9.999889e-01 1.437247e-03 5.889317e-01 -3.832662e-03 -1.454436e-03 9.999917e-01 8.701906e+00
9.999692e-01 -3.730748e-03 -6.901086e-03 -2.469849e+01 3.719190e-03 9.999917e-01 -1.684967e-03 5.912862e-01 6.907216e-03 1.659235e-03 9.999747e-01 8.693829e+00
9.999851e-01 4.467485e-03 3.140463e-03 -2.479839e+01 -4.471734e-03 9.999891e-01 1.351395e-03 5.936898e-01 -3.134293e-03 -1.365404e-03 9.999942e-01 8.693566e+00
9.999710e-01 -3.795200e-03 -6.602954e-03 -2.489921e+01 3.784008e-03 9.999914e-01 -1.704703e-03 5.960374e-01 6.609268e-03 1.679654e-03 9.999767e-01 8.698999e+00
9.999793e-01 4.825887e-03 4.267540e-03 -2.494252e+01 -4.832961e-03 9.999870e-01 1.651841e-03 5.980295e-01 -4.259413e-03 -1.672418e-03 9.999896e-01 8.676955e+00
9.999658e-01 -3.762302e-03 -7.354947e-03 -2.500115e+01 3.748605e-03 9.999912e-01 -1.873504e-03 6.000733e-01 7.361832e-03 1.845855e-03 9.999711e-01 8.666385e+00
