1.000000e+00 1.197625e-11 1.704638e-10 5.551115e-17 1.197625e-11 1.000000e+00 3.562503e-10 0.000000e+00 1.704638e-10 3.562503e-10 1.000000e+00 2.220446e-16 0.000000e+00 0.000000e+00 0.000000e+00 1.000000e+00
9.928839e-01 1.249173e-02 -1.184296e-01 -2.400631e-02 5.041489e-04 9.940334e-01 1.090754e-01 -1.022332e-02 1.190855e-01 -1.083589e-01 9.869534e-01 2.421685e-01
9.635695e-01 -6.103966e-02 2.603995e-01 -2.314400e-02 7.149644e-02 9.969632e-01 -3.086601e-02 -1.679829e-02 -2.577246e-01 4.835918e-02 9.650075e-01 3.165187e-01
9.942616e-01 4.450955e-03 1.068835e-01 2.429900e-02 -1.547737e-02 9.946068e-01 1.025566e-01 -2.130994e-02 -1.058506e-01 -1.036223e-01 9.889682e-01 2.933001e-01
9.215147e-01 -1.270437e-01 3.669748e-01 9.355192e-02 1.435998e-01 9.894713e-01 -1.804826e-02 -2.528222e-02 -3.608181e-01 6.932924e-02 9.300558e-01 2.442657e-01
9.813738e-01 4.526882e-02 1.866979e-01 4.856310e-01 -5.242659e-02 9.980601e-01 3.357873e-02 -2.280439e-02 -1.848157e-01 -4.274122e-02 9.818433e-01 6.887475e-02
9.813662e-01 -1.830035e-01 5.856727e-02 7.703607e-01 1.820696e-01 9.830625e-01 2.094904e-02 -2.054177e-02 -6.140903e-02 -9.895366e-03 9.980636e-01 -5.397443e-02
9.878581e-01 1.246970e-01 9.266613e-02 7.711938e-01 -1.286609e-01 9.909570e-01 3.808704e-02 -2.697622e-02 -8.707881e-02 -4.954709e-02 9.949685e-01 1.444526e-02
9.834167e-01 -1.755171e-01 4.566542e-02 7.744149e-01 1.734179e-01 9.837505e-01 4.648930e-02 -3.357813e-02 -5.308304e-02 -3.779916e-02 9.978744e-01 7.891167e-02
9.882924e-01 1.525569e-01 2.116493e-03 7.628525e-01 -1.525224e-01 9.875267e-01 3.909001e-02 -4.090575e-02 3.873356e-03 -3.895518e-02 9.992335e-01 1.920750e-01
9.777731e-01 -1.866010e-01 9.560235e-02 7.659461e-01 1.847152e-01 9.823849e-01 2.828836e-02 -4.758882e-02 -9.919694e-02 -1.000039e-02 9.950176e-01 2.989723e-01
9.771295e-01 2.067418e-01 -4.975598e-02 8.052165e-01 -2.054621e-01 9.782160e-01 2.964550e-02 -5.480178e-02 5.480106e-02 -1.874452e-02 9.983213e-01 4.721159e-01
9.773951e-01 -2.037792e-01 -5.632776e-02 8.291487e-01 2.049631e-01 9.786382e-01 1.604582e-02 -6.234015e-02 5.185469e-02 -2.722822e-02 9.982834e-01 6.602088e-01
9.724041e-01 1.600502e-01 1.697472e-01 8.460780e-01 -1.629371e-01 9.866315e-01 3.123080e-03 -6.881263e-02 -1.669781e-01 -3.069502e-02 9.854827e-01 7.525372e-01
9.445924e-01 -2.494839e-01 2.133141e-01 9.042641e-01 2.321040e-01 9.671816e-01 1.033807e-01 -7.315884e-02 -2.321053e-01 -4.814162e-02 9.714986e-01 7.330877e-01
9.801572e-01 1.965539e-01 -2.565930e-02 9.264645e-01 -1.965289e-01 9.804917e-01 3.520450e-03 -7.931346e-02 2.585069e-02 1.592198e-03 9.996645e-01 7.812873e-01
9.758152e-01 -2.140124e-01 -4.453530e-02 9.340208e-01 2.166614e-01 9.739420e-01 6.704364e-02 -8.665833e-02 2.902663e-02 -7.507128e-02 9.967556e-01 9.454110e-01
9.793594e-01 1.868979e-01 7.696930e-02 9.277740e-01 -1.859171e-01 9.823663e-01 -1.978118e-02 -9.355390e-02 -7.930910e-02 5.062971e-03 9.968372e-01 1.080241e+00
9.427499e-01 -2.627807e-01 2.053505e-01 9.653869e-01 2.383686e-01 9.615808e-01 1.361716e-01 -9.883773e-02 -2.332444e-01 -7.942669e-02 9.691689e-01 1.080413e+00
9.687707e-01 1.571199e-01 1.918248e-01 1.027129e+00 -1.387868e-01 9.846745e-01 -1.056138e-01 -1.033008e-01 -2.054790e-01 7.569280e-02 9.757300e-01 1.050741e+00
9.492386e-01 -2.296793e-01 2.149268e-01 1.097980e+00 1.824629e-01 9.586144e-01 2.185540e-01 -1.075260e-01 -2.562292e-01 -1.682437e-01 9.518617e-01 1.016821e+00
9.927391e-01 1.188260e-01 1.869184e-02 1.132070e+00 -1.154705e-01 9.849436e-01 -1.286570e-01 -1.130524e-01 -3.369821e-02 1.255645e-01 9.915130e-01 1.034960e+00
9.810966e-01 -1.046038e-01 -1.628112e-01 1.097585e+00 1.355327e-01 9.719398e-01 1.922601e-01 -1.207917e-01 1.381316e-01 -2.106919e-01 9.677441e-01 1.296265e+00
9.905285e-01 1.353761e-01 -2.294841e-02 1.052101e+00 -1.369941e-01 9.856522e-01 -9.860175e-02 -1.287204e-01 9.270832e-03 1.008116e-01 9.948623e-01 1.612827e+00
9.749892e-01 -1.237735e-01 -1.845974e-01 1.000888e+00 1.556497e-01 9.731442e-01 1.695982e-01 -1.369274e-01 1.586482e-01 -1.940889e-01 9.680704e-01 1.924337e+00
9.743796e-01 1.489179e-01 1.685465e-01 9.600739e-01 -1.245903e-01 9.812959e-01 -1.467502e-01 -1.445114e-01 -1.872477e-01 1.219911e-01 9.747084e-01 2.129995e+00
9.822512e-01 -1.817546e-01 4.634521e-02 9.913763e-01 1.661517e-01 9.577687e-01 2.346758e-01 -1.503122e-01 -8.704139e-02 -2.228102e-01 9.709683e-01 2.159329e+00
9.905799e-01 1.250628e-01 5.577428e-02 1.008565e+00 -1.153268e-01 9.815316e-01 -1.526282e-01 -1.565961e-01 -7.383234e-02 1.447582e-01 9.867086e-01 2.222132e+00
9.887570e-01 -1.477422e-01 2.306246e-02 1.011188e+00 1.397125e-01 9.677442e-01 2.096461e-01 -1.634015e-01 -5.329214e-02 -2.040669e-01 9.775053e-01 2.343737e+00
9.923896e-01 1.220494e-01 1.633623e-02 1.005035e+00 -1.190246e-01 9.847638e-01 -1.267809e-01 -1.702750e-01 -3.156086e-02 1.238716e-01 9.917962e-01 2.449833e+00
9.621368e-01 -8.003371e-02 -2.605519e-01 8.980306e-01 1.307673e-01 9.742607e-01 1.836191e-01 -1.787768e-01 2.391498e-01 -2.107383e-01 9.478379e-01 2.817184e+00
9.862011e-01 1.627983e-01 -3.007003e-02 7.627893e-01 -1.648858e-01 9.821725e-01 -9.027686e-02 -1.873279e-01 1.483704e-02 9.398925e-02 9.954626e-01 3.273541e+00
9.446040e-01 -9.724332e-02 -3.134758e-01 6.190927e-01 1.455175e-01 9.801802e-01 1.344297e-01 -1.960701e-01 2.941904e-01 -1.725991e-01 9.400327e-01 3.778109e+00
9.830921e-01 1.808760e-01 -2.852829e-02 4.552876e-01 -1.817159e-01 9.828856e-01 -3.025363e-02 -2.051638e-01 2.256790e-02 3.492615e-02 9.991351e-01 4.297214e+00
9.558296e-01 -1.375777e-01 -2.597348e-01 3.430376e-01 1.646152e-01 9.826639e-01 8.528479e-02 -2.139613e-01 2.434987e-01 -1.242740e-01 9.619066e-01 4.717218e+00
9.844243e-01 1.745407e-01 2.107846e-02 2.494967e-01 -1.748136e-01 9.845301e-01 1.186516e-02 -2.222871e-01 -1.868143e-02 -1.536515e-02 9.997074e-01 5.101684e+00
9.325250e-01 -1.154660e-01 -3.421472e-01 1.363351e-01 1.376719e-01 9.896184e-01 4.125485e-02 -2.312483e-01 3.338316e-01 -8.557522e-02 9.387403e-01 5.575946e+00
9.840600e-01 1.778293e-01 -1.633388e-03 2.211330e-02 -1.770684e-01 9.806195e-01 8.385812e-02 -2.408064e-01 1.651416e-02 -8.223220e-02 9.964764e-01 6.122613e+00
9.343539e-01 -1.077276e-01 -3.396727e-01 -6.448604e-02 1.141775e-01 9.934599e-01 -1.003444e-03 -2.504505e-01 3.375593e-01 -3.784541e-02 9.405432e-01 6.629962e+00
9.866933e-01 1.065514e-01 1.228136e-01 -1.398499e-01 -1.185133e-01 9.884369e-01 9.458944e-02 -2.592351e-01 -1.113148e-01 -1.078858e-01 9.879118e-01 6.980236e+00
9.599160e-01 -9.985615e-02 -2.618970e-01 -1.735683e-01 9.720023e-02 9.949965e-01 -2.311009e-02 -2.674125e-01 2.628943e-01 -3.272705e-03 9.648191e-01 7.242296e+00
9.916548e-01 8.662830e-02 9.547895e-02 -1.996695e-01 -9.834479e-02 9.871750e-01 1.257533e-01 -2.760894e-01 -8.336063e-02 -1.340938e-01 9.874563e-01 7.543091e+00
9.386133e-01 -5.090909e-02 -3.411939e-01 -2.583623e-01 4.440575e-02 9.986527e-01 -2.684889e-02 -2.849905e-01 3.421011e-01 1.004976e-02 9.396094e-01 7.928705e+00
9.856113e-01 2.420382e-02 1.672859e-01 -3.181575e-01 -4.418014e-02 9.921787e-01 1.167458e-01 -2.935607e-01 -1.631518e-01 -1.224567e-01 9.789718e-01 8.219826e+00
9.660733e-01 -2.433551e-02 -2.571191e-01 -3.589508e-01 1.372305e-02 9.989813e-01 -4.298885e-02 -3.017921e-01 2.579033e-01 3.800192e-02 9.654231e-01 8.423438e+00
9.827012e-01 -5.312299e-03 1.851221e-01 -3.966211e-01 -1.590543e-02 9.934744e-01 1.129413e-01 -3.096753e-01 -1.845140e-01 -1.139320e-01 9.762039e-01 8.620234e+00
9.589535e-01 -3.431140e-04 -2.835632e-01 -4.424270e-01 -7.992438e-03 9.995693e-01 -2.823830e-02 -3.175603e-01 2.834508e-01 2.934557e-02 9.585377e-01 8.837124e+00
9.710321e-01 1.603789e-01 -1.771308e-01 -6.117205e-01 -1.280313e-01 9.751098e-01 1.810220e-01 -3.275247e-01 2.017541e-01 -1.530999e-01 9.673964e-01 9.887685e+00
8.801319e-01 -2.688952e-02 -4.739671e-01 -8.944243e-01 -3.444302e-02 9.921464e-01 -1.202462e-01 -3.385607e-01 4.734782e-01 1.221574e-01 8.722935e-01 1.093962e+01
9.712079e-01 -5.065632e-02 2.327857e-01 -9.704709e-01 -6.268684e-03 9.713598e-01 2.375305e-01 -3.475574e-01 -2.381511e-01 -2.321508e-01 9.430748e-01 1.132544e+01
9.097679e-01 3.364454e-02 -4.137516e-01 -1.023593e+00 -8.857415e-02 9.894901e-01 -1.142980e-01 -3.560939e-01 4.055576e-01 1.406324e-01 9.031864e-01 1.162796e+01
9.776464e-01 -1.101702e-01 1.790811e-01 -1.075828e+00 6.448700e-02 9.677960e-01 2.433358e-01 -3.648563e-01 -2.001223e-01 -2.263479e-01 9.532668e-01 1.198154e+01
8.842647e-01 1.324977e-01 -4.477949e-01 -1.163932e+00 -1.835577e-01 9.803390e-01 -7.240142e-02 -3.738973e-01 4.293977e-01 1.462182e-01 8.912002e-01 1.239984e+01
9.709415e-01 -1.867559e-01 1.496490e-01 -1.260629e+00 1.524628e-01 9.647037e-01 2.147134e-01 -3.826809e-01 -1.844659e-01 -1.856583e-01 9.651442e-01 1.282220e+01
9.228848e-01 1.843593e-01 -3.380759e-01 -1.331030e+00 -2.155889e-01 9.748234e-01 -5.692783e-02 -3.909259e-01 3.190692e-01 1.254232e-01 9.393955e-01 1.313228e+01
9.542907e-01 -2.510408e-01 1.621968e-01 -1.364826e+00 2.179598e-01 9.558567e-01 1.970571e-01 -3.987742e-01 -2.045062e-01 -1.526974e-01 9.668820e-01 1.338710e+01
8.939854e-01 2.568980e-01 -3.671424e-01 -1.412709e+00 -2.736811e-01 9.617980e-01 6.583608e-03 -4.069655e-01 3.548081e-01 9.459427e-02 9.301414e-01 1.372260e+01
9.420298e-01 -2.969426e-01 1.562208e-01 -1.472171e+00 2.761981e-01 9.506351e-01 1.414481e-01 -4.149892e-01 -1.905110e-01 -9.010047e-02 9.775415e-01 1.403692e+01
8.978512e-01 3.070426e-01 -3.155757e-01 -1.498425e+00 -3.046623e-01 9.506822e-01 5.817456e-02 -4.234285e-01 3.178743e-01 4.391193e-02 9.471155e-01 1.432565e+01
9.648699e-01 -1.267534e-01 -2.301298e-01 -1.664583e+00 1.416607e-01 9.886826e-01 4.938621e-02 -4.346195e-01 2.212655e-01 -8.025162e-02 9.719060e-01 1.542046e+01
7.255772e-01 3.852756e-01 -5.701759e-01 -2.063473e+00 -2.906357e-01 9.226205e-01 2.535788e-01 -4.475883e-01 6.237537e-01 -1.827753e-02 7.814072e-01 1.715554e+01
9.561698e-01 -2.473942e-01 1.566378e-01 -2.316841e+00 2.711425e-01 9.500324e-01 -1.546614e-01 -4.583074e-01 -1.105486e-01 1.903538e-01 9.754714e-01 1.811646e+01
9.486709e-01 2.726664e-01 -1.602394e-01 -2.334821e+00 -2.196916e-01 9.326126e-01 2.863030e-01 -4.662964e-01 2.275065e-01 -2.364041e-01 9.446449e-01 1.829763e+01
9.637138e-01 -2.467060e-01 1.019403e-01 -2.336782e+00 2.610952e-01 9.506394e-01 -1.676724e-01 -4.742122e-01 -5.554264e-02 1.882043e-01 9.805581e-01 1.851455e+01
9.404454e-01 2.729709e-01 -2.026063e-01 -2.353945e+00 -1.924027e-01 9.187606e-01 3.447610e-01 -4.833105e-01 2.802564e-01 -2.852470e-01 9.165645e-01 1.879734e+01
9.915029e-01 -9.103062e-02 -9.292745e-02 -2.433238e+00 6.813436e-02 9.719426e-01 -2.251340e-01 -4.937375e-01 1.108142e-01 2.168894e-01 9.698862e-01 1.948723e+01
9.389816e-01 1.381674e-01 -3.149973e-01 -2.592745e+00 -2.011690e-02 9.362685e-01 3.507088e-01 -5.023336e-01 3.433786e-01 -3.229724e-01 8.819184e-01 2.015900e+01
9.904066e-01 -2.133605e-02 1.365264e-01 -2.664108e+00 5.651898e-02 9.641324e-01 -2.593344e-01 -5.103001e-01 -1.260964e-01 2.645628e-01 9.560890e-01 2.052666e+01
8.153092e-01 2.652150e-01 -5.147154e-01 -2.826217e+00 -7.258313e-02 9.287338e-01 3.635727e-01 -5.208843e-01 5.744586e-01 -2.590645e-01 7.764554e-01 2.144391e+01
9.962685e-01 -9.187720e-03 8.581759e-02 -3.038306e+00 2.993055e-02 9.693928e-01 -2.436838e-01 -5.297755e-01 -8.095205e-02 2.453431e-01 9.660505e-01 2.227209e+01
9.749519e-01 4.231710e-02 -2.183529e-01 -3.076541e+00 3.563457e-02 9.393320e-01 3.411532e-01 -5.386424e-01 2.195425e-01 -3.403889e-01 9.142956e-01 2.251287e+01
9.948025e-01 7.293692e-02 -7.105094e-02 -3.122966e+00 -8.628669e-02 9.743306e-01 -2.079288e-01 -5.484863e-01 5.406142e-02 2.129789e-01 9.755600e-01 2.298034e+01
9.174362e-01 1.591959e-02 -3.975643e-01 -3.214249e+00 1.214003e-01 9.403528e-01 3.178028e-01 -5.597135e-01 3.789100e-01 -3.398282e-01 8.607811e-01 2.362713e+01
9.893286e-01 1.455739e-01 6.099208e-03 -3.304924e+00 -1.423231e-01 9.745034e-01 -1.734568e-01 -5.706195e-01 -3.119449e-02 1.707377e-01 9.848226e-01 2.418176e+01
9.087439e-01 -4.472705e-02 -4.149506e-01 -3.363996e+00 1.599313e-01 9.556643e-01 2.472403e-01 -5.814891e-01 3.854952e-01 -2.910417e-01 8.756073e-01 2.473670e+01
9.802022e-01 1.514966e-01 1.274852e-01 -3.402248e+00 -1.333890e-01 9.810862e-01 -1.402753e-01 -5.910800e-01 -1.463252e-01 1.204930e-01 9.818709e-01 2.516716e+01
9.698066e-01 -1.242976e-01 -2.098220e-01 -3.394411e+00 1.656411e-01 9.671875e-01 1.926431e-01 -5.989395e-01 1.789922e-01 -2.215817e-01 9.585736e-01 2.536069e+01
9.759373e-01 2.180349e-01 2.665276e-03 -3.438881e+00 -2.169576e-01 9.721926e-01 -8.815328e-02 -6.076403e-01 -2.181166e-02 8.545382e-02 9.961034e-01 2.576113e+01
8.899398e-01 -9.254023e-02 -4.465908e-01 -3.564849e+00 1.766347e-01 9.727138e-01 1.504265e-01 -6.185145e-01 4.204846e-01 -2.127540e-01 8.820025e-01 2.640534e+01
9.718394e-01 2.312821e-01 4.513079e-02 -3.692734e+00 -2.318860e-01 9.727052e-01 8.568557e-03 -6.298716e-01 -4.191720e-02 -1.879246e-02 9.989443e-01 2.706572e+01
9.154855e-01 -2.151959e-01 -3.399661e-01 -3.751898e+00 2.407849e-01 9.699679e-01 3.442099e-02 -6.394638e-01 3.223490e-01 -1.133706e-01 9.398075e-01 2.748523e+01
9.430616e-01 1.833548e-01 2.775173e-01 -3.752442e+00 -1.874600e-01 9.822000e-01 -1.190829e-02 -6.476492e-01 -2.747609e-01 -4.079315e-02 9.606468e-01 2.768268e+01
8.817319e-01 -1.335238e-01 -4.524603e-01 -3.754610e+00 1.695417e-01 9.847191e-01 3.979770e-02 -6.566875e-01 4.402323e-01 -1.118018e-01 8.908961e-01 2.797993e+01
9.679400e-01 1.578409e-01 1.953931e-01 -3.812221e+00 -1.717770e-01 9.835170e-01 5.645331e-02 -6.662974e-01 -1.832618e-01 -8.820744e-02 9.790989e-01 2.840208e+01
9.032955e-01 -1.354977e-01 -4.070598e-01 -3.839908e+00 1.450258e-01 9.893993e-01 -7.517731e-03 -6.755461e-01 4.037633e-01 -5.224344e-02 9.133706e-01 2.872385e+01
9.669718e-01 1.248776e-01 2.221961e-01 -3.854318e+00 -1.490363e-01 9.842146e-01 9.544537e-02 -6.852510e-01 -2.067696e-01 -1.254083e-01 9.703191e-01 2.904764e+01
8.977511e-01 -1.142512e-01 -4.254287e-01 -3.888215e+00 1.122448e-01 9.932314e-01 -2.987574e-02 -6.944876e-01 4.259625e-01 -2.093118e-02 9.044987e-01 2.934752e+01
9.501764e-01 6.057774e-02 3.057696e-01 -3.896476e+00 -9.461331e-02 9.907048e-01 9.773594e-02 -7.034475e-01 -2.970068e-01 -1.217963e-01 9.470758e-01 2.955870e+01
9.003330e-01 -7.313321e-02 -4.290128e-01 -3.901106e+00 6.910509e-02 9.972965e-01 -2.498270e-02 -7.123041e-01 4.296800e-01 -7.154219e-03 9.029529e-01 2.975842e+01
9.528106e-01 1.634046e-02 3.031254e-01 -3.907075e+00 -5.311082e-02 9.921219e-01 1.134607e-01 -7.212668e-01 -2.988833e-01 -1.242058e-01 9.461721e-01 2.997807e+01
8.676915e-01 8.635389e-03 -4.970281e-01 -3.938569e+00 -1.541285e-02 9.998357e-01 -9.535939e-03 -7.305382e-01 4.968641e-01 1.593487e-02 8.676821e-01 3.030925e+01
9.657859e-01 -4.101187e-02 2.560774e-01 -3.989865e+00 6.029555e-03 9.907008e-01 1.359246e-01 -7.397537e-01 -2.592707e-01 -1.297301e-01 9.570522e-01 3.069067e+01
9.013492e-01 2.331800e-02 -4.324649e-01 -4.011646e+00 -3.160697e-02 9.994285e-01 -1.198765e-02 -7.483675e-01 4.319382e-01 2.447396e-02 9.015711e-01 3.093735e+01
9.481741e-01 -8.162804e-02 3.070874e-01 -3.994806e+00 4.612476e-02 9.915615e-01 1.211542e-01 -7.560971e-01 -3.143857e-01 -1.007109e-01 9.439380e-01 3.111997e+01
8.399948e-01 1.245693e-01 -5.281015e-01 -4.049608e+00 -1.249169e-01 9.915428e-01 3.519430e-02 -7.651108e-01 5.280193e-01 3.640579e-02 8.484517e-01 3.150466e+01
9.728683e-01 -1.147779e-01 2.008813e-01 -4.166939e+00 9.404767e-02 9.894843e-01 1.098903e-01 -7.746710e-01 -2.113818e-01 -8.801633e-02 9.734325e-01 3.201005e+01
8.639587e-01 1.664063e-01 -4.752728e-01 -4.257776e+00 -1.494027e-01 9.860297e-01 7.365001e-02 -7.841873e-01 4.808890e-01 7.376469e-03 8.767505e-01 3.244439e+01
9.573832e-01 -1.514098e-01 2.459522e-01 -4.361094e+00 1.421690e-01 9.883126e-01 5.501071e-02 -7.929482e-01 -2.514069e-01 -1.769954e-02 9.677196e-01 3.282639e+01
9.001927e-01 1.833980e-01 -3.949915e-01 -4.410049e+00 -1.545245e-01 9.824980e-01 1.040184e-01 -8.015601e-01 4.071551e-01 -3.260074e-02 9.127770e-01 3.311541e+01
9.693701e-01 -1.721306e-01 1.751933e-01 -4.480970e+00 1.692561e-01 9.850739e-01 3.133393e-02 -8.100495e-01 -1.779719e-01 -7.216278e-04 9.840353e-01 3.346475e+01
9.055891e-01 2.187007e-01 -3.634258e-01 -4.531657e+00 -1.787410e-01 9.737959e-01 1.406172e-01 -8.183127e-01 3.846556e-01 -6.238232e-02 9.209498e-01 3.382854e+01
9.628541e-01 -2.122556e-01 1.669118e-01 -4.583452e+00 2.139222e-01 9.768168e-01 8.141913e-03 -8.272089e-01 -1.647704e-01 2.786666e-02 9.859382e-01 3.413555e+01
9.279425e-01 2.345748e-01 -2.896504e-01 -4.594545e+00 -1.923287e-01 9.670184e-01 1.669880e-01 -8.356341e-01 3.192685e-01 -9.924718e-02 9.424530e-01 3.439811e+01
9.655391e-01 -2.255614e-01 1.298317e-01 -4.620009e+00 2.312546e-01 9.724186e-01 -3.038692e-02 -8.441214e-01 -1.193966e-01 5.936394e-02 9.910703e-01 3.466864e+01
9.544815e-01 2.314828e-01 -1.880979e-01 -4.614111e+00 -2.001867e-01 9.646603e-01 1.713353e-01 -8.516750e-01 2.211117e-01 -1.258817e-01 9.670902e-01 3.485942e+01
9.820495e-01 -1.808479e-01 5.359823e-02 -4.667013e+00 1.840866e-01 9.808679e-01 -6.332647e-02 -8.594961e-01 -4.112032e-02 7.205645e-02 9.965526e-01 3.518300e+01
9.219318e-01 2.479269e-01 -2.976137e-01 -4.763769e+00 -1.852325e-01 9.569655e-01 2.233962e-01 -8.682526e-01 3.401920e-01 -1.508283e-01 9.281811e-01 3.564641e+01
9.890291e-01 -1.438336e-01 -3.366532e-02 -4.871916e+00 1.401421e-01 9.856557e-01 -9.403689e-02 -8.780298e-01 4.670809e-02 8.828729e-02 9.949994e-01 3.619312e+01
8.824011e-01 3.118244e-01 -3.523263e-01 -5.103042e+00 -2.239668e-01 9.369369e-01 2.683061e-01 -8.893160e-01 4.137719e-01 -1.578442e-01 8.965924e-01 3.691620e+01
9.846127e-01 -1.116510e-01 -1.344319e-01 -5.345308e+00 8.691007e-02 9.802589e-01 -1.775928e-01 -8.989421e-01 1.516064e-01 1.631767e-01 9.748789e-01 3.779294e+01
9.917141e-01 1.002022e-01 8.039103e-02 -5.456758e+00 -1.159794e-01 9.674656e-01 2.248535e-01 -9.058045e-01 -5.524473e-02 -2.323141e-01 9.710706e-01 3.822685e+01
9.568613e-01 -5.351046e-02 -2.855750e-01 -5.513934e+00 1.234856e-02 9.894957e-01 -1.440340e-01 -9.142471e-01 2.902825e-01 1.342941e-01 9.474709e-01 3.864172e+01
9.975690e-01 6.121076e-02 -3.330738e-02 -5.634815e+00 -5.067528e-02 9.652893e-01 2.562196e-01 -9.233195e-01 4.783466e-02 -2.539089e-01 9.660446e-01 3.915157e+01
9.302102e-01 7.458915e-02 -3.593681e-01 -5.730702e+00 -1.228478e-01 9.859311e-01 -1.133504e-01 -9.343965e-01 3.458575e-01 1.495873e-01 9.262862e-01 3.978955e+01
9.878215e-01 -6.586220e-02 -1.409640e-01 -5.856033e+00 1.002713e-01 9.622348e-01 2.530807e-01 -9.463307e-01 1.189720e-01 -2.641332e-01 9.571203e-01 4.044964e+01
9.642015e-01 1.651837e-01 -2.074363e-01 -5.946371e+00 -1.882036e-01 9.773768e-01 -9.650925e-02 -9.560445e-01 1.868017e-01 1.320946e-01 9.734763e-01 4.097072e+01
9.773227e-01 -1.665469e-01 -1.307767e-01 -6.003894e+00 1.894938e-01 9.635033e-01 1.890860e-01 -9.659168e-01 9.451209e-02 -2.095794e-01 9.732132e-01 4.138841e+01
9.816559e-01 1.901366e-01 -1.413447e-02 -6.037917e+00 -1.905502e-01 9.758548e-01 -1.067616e-01 -9.731759e-01 -6.506103e-03 1.074965e-01 9.941842e-01 4.164315e+01
7.379019e-01 -2.988012e-01 -6.051600e-01 -4.529627e+00 3.745901e-01 9.271899e-01 -1.048881e-03 -9.269157e-01 5.614117e-01 -2.259130e-01 7.961032e-01 4.068990e+01
9.239940e-01 1.690882e-01 3.429930e-01 -3.160105e+00 -5.334237e-02 9.451537e-01 -3.222408e-01 -8.844785e-01 -3.786682e-01 2.794525e-01 8.823359e-01 3.973325e+01
9.965646e-01 -8.249775e-02 -7.290213e-03 -2.624706e+00 8.000162e-02 9.361580e-01 3.423563e-01 -8.729622e-01 -2.141884e-02 -3.417634e-01 9.395419e-01 3.934536e+01
9.567967e-01 1.409244e-02 2.904161e-01 -2.361065e+00 8.480592e-02 9.418682e-01 -3.251034e-01 -8.676869e-01 -2.781152e-01 3.356868e-01 8.999813e-01 3.917482e+01
8.607085e-01 1.480851e-01 -4.870848e-01 -2.413667e+00 8.048782e-02 9.051458e-01 4.174121e-01 -8.761835e-01 5.026953e-01 -3.984746e-01 7.671476e-01 3.952811e+01
9.315178e-01 4.053262e-02 3.614300e-01 -2.421551e+00 8.579542e-02 9.412341e-01 -3.266764e-01 -8.843394e-01 -3.534313e-01 3.353140e-01 8.732989e-01 3.980492e+01
9.337831e-01 8.678274e-02 -3.471570e-01 -2.424692e+00 6.480021e-02 9.130984e-01 4.025571e-01 -8.918070e-01 3.519235e-01 -3.983969e-01 8.470123e-01 3.994678e+01
9.825299e-01 7.875093e-02 1.686214e-01 -2.423490e+00 -2.534272e-02 9.542338e-01 -2.979859e-01 -9.011782e-01 -1.843710e-01 2.885067e-01 9.395591e-01 4.031003e+01
8.415156e-01 5.585722e-02 -5.373374e-01 -2.473842e+00 1.786910e-01 9.098752e-01 3.744284e-01 -9.122158e-01 5.098245e-01 -4.111047e-01 7.556930e-01 4.083111e+01
9.437125e-01 1.556788e-01 2.918404e-01 -2.500011e+00 -7.002726e-02 9.563500e-01 -2.837091e-01 -9.226927e-01 -3.232691e-01 2.473030e-01 9.134212e-01 4.122125e+01
8.211310e-01 3.639621e-03 -5.707281e-01 -2.539454e+00 2.042074e-01 9.319079e-01 2.997449e-01 -9.328364e-01 5.329570e-01 -3.626768e-01 7.644753e-01 4.160910e+01
8.641478e-01 1.469395e-01 4.813080e-01 -2.547779e+00 -4.536740e-03 9.586578e-01 -2.845253e-01 -9.398250e-01 -5.032177e-01 2.436883e-01 8.290886e-01 4.180708e+01
7.707859e-01 6.349619e-02 -6.339222e-01 -2.589790e+00 1.732681e-01 9.366229e-01 3.044925e-01 -9.474260e-01 6.130801e-01 -3.445370e-01 7.109339e-01 4.213946e+01
8.505046e-01 1.323990e-01 5.090309e-01 -2.648038e+00 1.464688e-02 9.614616e-01 -2.745487e-01 -9.553197e-01 -5.257637e-01 2.409607e-01 8.157883e-01 4.241299e+01
7.909150e-01 5.390002e-02 -6.095475e-01 -2.695467e+00 1.687716e-01 9.382637e-01 3.019558e-01 -9.633091e-01 5.881918e-01 -3.416957e-01 7.329901e-01 4.262555e+01
8.812500e-01 1.378442e-01 4.521033e-01 -2.724134e+00 -3.302169e-02 9.721464e-01 -2.320364e-01 -9.727479e-01 -4.714955e-01 1.895528e-01 8.612559e-01 4.289727e+01
7.835376e-01 3.146011e-02 -6.205474e-01 -2.672769e+00 1.897463e-01 9.388940e-01 2.871836e-01 -9.817389e-01 5.916630e-01 -3.427657e-01 7.296893e-01 4.319232e+01
8.427978e-01 1.091505e-01 5.270466e-01 -2.658895e+00 2.193122e-02 9.714437e-01 -2.362545e-01 -9.889865e-01 -5.377834e-01 2.106736e-01 8.163367e-01 4.344498e+01
6.526850e-01 1.280026e-01 -7.467380e-01 -2.746491e+00 1.337895e-01 9.506620e-01 2.798968e-01 -9.975576e-01 7.457229e-01 -2.825901e-01 6.033574e-01 4.391278e+01
9.095209e-01 1.428099e-01 3.903550e-01 -2.907808e+00 -7.616154e-02 9.804833e-01 -1.812509e-01 -1.007310e+00 -4.086210e-01 1.351215e-01 9.026467e-01 4.461899e+01
6.440993e-01 4.028078e-02 -7.638806e-01 -3.041112e+00 1.609743e-01 9.691129e-01 1.868356e-01 -1.017241e+00 7.478124e-01 -2.433058e-01 6.177208e-01 4.522506e+01
9.573103e-01 -2.289193e-02 2.881544e-01 -1.801119e+00 7.959197e-02 9.792008e-01 -1.866306e-01 -9.797899e-01 -2.778887e-01 2.015981e-01 9.392210e-01 4.449919e+01
4.923575e-01 -2.002435e-01 -8.470458e-01 4.648710e-01 4.067678e-01 9.133008e-01 2.053329e-02 -9.081875e-01 7.694960e-01 -3.546607e-01 5.311231e-01 4.286118e+01
7.556350e-01 4.443820e-01 4.811865e-01 7.358746e-01 -3.165036e-01 8.909085e-01 -3.257416e-01 -9.068546e-01 -5.734468e-01 9.384447e-02 8.138501e-01 4.303198e+01
2.410661e-01 -1.597706e-01 -9.572672e-01 4.104460e-01 3.347513e-01 9.395128e-01 -7.250781e-02 -9.184234e-01 9.109494e-01 -3.029672e-01 2.799681e-01 4.403652e+01
6.330608e-01 2.840347e-01 7.201099e-01 1.584225e-01 -3.560504e-01 9.328505e-01 -5.493658e-02 -9.294033e-01 -6.873588e-01 -2.216172e-01 6.916818e-01 4.479041e+01
1.982150e-01 -1.812613e-01 -9.632524e-01 -2.474973e-02 8.523707e-03 9.830332e-01 -1.832296e-01 -9.412545e-01 9.801215e-01 2.810836e-02 1.963969e-01 4.569131e+01
6.594181e-01 -9.785876e-02 7.453801e-01 -2.145193e-01 -1.676651e-01 9.473750e-01 2.727069e-01 -9.520875e-01 -7.328412e-01 -3.048021e-01 6.083087e-01 4.643291e+01
4.304498e-01 -4.118609e-02 -9.016744e-01 -2.969986e-01 -1.976305e-01 9.704185e-01 -1.386728e-01 -9.618028e-01 8.807129e-01 2.378900e-01 4.095768e-01 4.686616e+01
6.179294e-01 -2.881647e-01 7.315220e-01 -3.366550e-01 1.500455e-02 9.345657e-01 3.554741e-01 -9.705950e-01 -7.860904e-01 -2.086817e-01 5.818194e-01 4.722228e+01
6.274967e-01 5.781727e-02 -7.764696e-01 -3.604021e-01 -2.781405e-01 9.480856e-01 -1.541806e-01 -9.781734e-01 7.272453e-01 3.127154e-01 6.110018e-01 4.741678e+01
5.782017e-01 -3.648783e-01 7.297579e-01 -3.541535e-01 5.955503e-02 9.109162e-01 4.082706e-01 -9.848524e-01 -8.137174e-01 -1.926020e-01 5.484236e-01 4.751233e+01
5.249014e-01 1.255447e-01 -8.418533e-01 -3.619784e-01 -3.606916e-01 9.286745e-01 -8.640153e-02 -9.920627e-01 7.709605e-01 3.490017e-01 5.327455e-01 4.770715e+01
6.219017e-01 -4.396724e-01 6.480174e-01 -3.860448e-01 1.848234e-01 8.865395e-01 4.241321e-01 -9.997958e-01 -7.609721e-01 -1.439996e-01 6.326022e-01 4.796550e+01
4.980947e-01 2.771272e-01 -8.216460e-01 -4.165366e-01 -4.491935e-01 8.929678e-01 2.887464e-02 -1.008137e+00 7.417054e-01 3.546958e-01 5.692662e-01 4.825486e+01
6.429085e-01 -5.278093e-01 5.550550e-01 -4.571107e-01 3.531885e-01 8.473141e-01 3.966317e-01 -1.016915e+00 -6.796518e-01 -5.895888e-02 7.311616e-01 4.859135e+01
4.719150e-01 4.461515e-01 -7.604243e-01 -5.046819e-01 -5.201665e-01 8.372906e-01 1.684376e-01 -1.025756e+00 7.118448e-01 3.160590e-01 6.272031e-01 4.894141e+01
6.241853e-01 -5.908123e-01 5.112079e-01 -5.576218e-01 5.099616e-01 8.038101e-01 3.063145e-01 -1.034696e+00 -5.918884e-01 6.949939e-02 8.030180e-01 4.930530e+01
4.742249e-01 5.948281e-01 -6.490687e-01 -6.019879e-01 -5.554182e-01 7.741481e-01 3.036534e-01 -1.043666e+00 6.830969e-01 2.165046e-01 6.974987e-01 4.966158e+01
6.411401e-01 -6.191921e-01 4.533657e-01 -6.651154e-01 6.286738e-01 7.625800e-01 1.524498e-01 -1.053059e+00 -4.401233e-01 1.872774e-01 8.781905e-01 5.005833e+01
5.194411e-01 6.975618e-01 -4.935469e-01 -7.186461e-01 -5.634905e-01 7.138284e-01 4.158455e-01 -1.061881e+00 6.423858e-01 6.210175e-02 7.638612e-01 5.043229e+01
6.053359e-01 -6.310270e-01 4.851529e-01 -7.554310e-01 7.078148e-01 7.055531e-01 3.454019e-02 -1.070403e+00 -3.640969e-01 3.224900e-01 8.737469e-01 5.070129e+01
6.146638e-01 7.210679e-01 -3.197648e-01 -7.561608e-01 -5.995392e-01 6.905148e-01 4.046505e-01 -1.078498e+00 5.125828e-01 -5.701251e-02 8.567429e-01 5.085379e+01
6.405596e-01 -6.484147e-01 4.113900e-01 -7.716555e-01 7.246883e-01 6.876342e-01 -4.456594e-02 -1.086615e+00 -2.539886e-01 3.266767e-01 9.103692e-01 5.103995e+01
6.428906e-01 7.343034e-01 -2.179225e-01 -7.763186e-01 -6.195137e-01 6.657987e-01 4.158304e-01 -1.093894e+00 4.504382e-01 -1.323275e-01 8.829467e-01 5.121267e+01
6.728812e-01 -6.705085e-01 3.124887e-01 -7.880280e-01 7.309280e-01 6.676702e-01 -1.412823e-01 -1.101376e+00 -1.139084e-01 3.234730e-01 9.393562e-01 5.144022e+01
6.363329e-01 7.529555e-01 -1.677452e-01 -8.275302e-01 -5.790729e-01 6.099086e-01 5.410046e-01 -1.110195e+00 5.096617e-01 -2.471223e-01 8.241211e-01 5.179216e+01
7.223387e-01 -6.253928e-01 2.951452e-01 -8.816515e-01 6.913606e-01 6.433702e-01 -3.287787e-01 -1.119002e+00 1.572820e-02 4.415413e-01 8.971031e-01 5.211526e+01
7.383712e-01 6.722139e-01 5.418851e-02 -9.014074e-01 -6.019779e-01 6.207306e-01 5.023108e-01 -1.126789e+00 3.040238e-01 -4.035121e-01 8.629875e-01 5.228235e+01
6.588704e-01 -6.635057e-01 3.544715e-01 -8.923138e-01 7.509225e-01 6.081563e-01 -2.574128e-01 -1.133278e+00 -4.477921e-02 4.357823e-01 8.989375e-01 5.234391e+01
6.857990e-01 7.224767e-01 8.779091e-02 -8.839115e-01 -6.838809e-01 5.984515e-01 4.173280e-01 -1.140065e+00 2.489712e-01 -3.462417e-01 9.045054e-01 5.241494e+01
6.895486e-01 -7.049235e-01 1.661491e-01 -8.985472e-01 7.158528e-01 6.285748e-01 -3.040534e-01 -1.147554e+00 1.098973e-01 3.285979e-01 9.380544e-01 5.256860e+01
7.053882e-01 6.944845e-01 1.418405e-01 -9.305515e-01 -6.828682e-01 6.121634e-01 3.986816e-01 -1.155415e+00 1.900486e-01 -3.780837e-01 9.060542e-01 5.275826e+01
7.051019e-01 -6.995242e-01 1.161779e-01 -9.462576e-01 6.930388e-01 6.451344e-01 -3.217122e-01 -1.163048e+00 1.500950e-01 3.073557e-01 9.396829e-01 5.289869e+01
7.209986e-01 6.855342e-01 1.010140e-01 -9.763112e-01 -6.372991e-01 5.987920e-01 4.850752e-01 -1.171446e+00 2.720493e-01 -4.141147e-01 8.686185e-01 5.319284e+01
7.443463e-01 -6.623310e-01 8.524195e-02 -1.014273e+00 6.217909e-01 6.408432e-01 -4.502177e-01 -1.179502e+00 2.435664e-01 3.881206e-01 8.888407e-01 5.348033e+01
7.463141e-01 5.693017e-01 3.448346e-01 -1.017522e+00 -6.655794e-01 6.417552e-01 3.809913e-01 -1.186531e+00 -4.400452e-03 -5.138540e-01 8.578664e-01 5.358117e+01
7.121148e-01 -7.008212e-01 4.173911e-02 -1.005763e+00 6.577702e-01 6.452250e-01 -3.886169e-01 -1.193128e+00 2.454199e-01 3.041946e-01 9.204535e-01 5.365191e+01
7.084356e-01 6.046584e-01 3.640155e-01 -9.943420e-01 -7.031006e-01 6.494988e-01 2.894839e-01 -1.199823e+00 -6.138872e-02 -4.610202e-01 8.852637e-01 5.372901e+01
6.932028e-01 -7.036655e-01 -1.559641e-01 -1.008459e+00 5.982947e-01 6.824609e-01 -4.198697e-01 -1.207241e+00 4.018872e-01 1.977424e-01 8.940831e-01 5.389416e+01
7.347657e-01 5.627529e-01 3.787196e-01 -1.036111e+00 -6.753953e-01 6.587508e-01 3.314944e-01 -1.214651e+00 -6.293238e-02 -4.993562e-01 8.641082e-01 5.414489e+01
7.126000e-01 -6.893842e-01 -1.301947e-01 -1.022521e+00 5.733051e-01 6.791675e-01 -4.583151e-01 -1.220977e+00 4.043792e-01 2.519540e-01 8.792023e-01 5.432212e+01
6.857470e-01 5.178258e-01 5.114758e-01 -9.809771e-01 -6.863801e-01 6.938775e-01 2.177530e-01 -1.226799e+00 -2.421435e-01 -5.003903e-01 8.312497e-01 5.440713e+01
6.779265e-01 -6.667796e-01 -3.095492e-01 -9.792459e-01 5.164008e-01 7.316327e-01 -4.450212e-01 -1.233514e+00 5.232074e-01 1.418402e-01 8.403187e-01 5.456898e+01
7.575226e-01 4.870633e-01 4.346595e-01 -1.013375e+00 -6.391971e-01 6.886652e-01 3.422971e-01 -1.241117e+00 -1.326145e-01 -5.371309e-01 8.330089e-01 5.495640e+01
7.180103e-01 -5.732807e-01 -3.947283e-01 -1.062277e+00 2.973749e-01 7.654108e-01 -5.707140e-01 -1.248270e+00 6.293086e-01 2.923962e-01 7.200522e-01 5.545317e+01
8.238618e-01 2.647990e-01 5.011320e-01 -1.082933e+00 -5.172338e-01 7.128048e-01 4.736860e-01 -1.255142e+00 -2.317777e-01 -6.494543e-01 7.242156e-01 5.588030e+01
7.899990e-01 -5.076711e-01 -3.437610e-01 -1.083429e+00 2.266051e-01 7.627552e-01 -6.056852e-01 -1.261989e+00 5.696944e-01 4.005927e-01 7.176167e-01 5.613550e+01
8.105406e-01 1.764933e-01 5.584568e-01 -1.079876e+00 -4.860848e-01 7.346295e-01 4.733298e-01 -1.269117e+00 -3.267193e-01 -6.551104e-01 6.812378e-01 5.629603e+01
7.850127e-01 -4.656097e-01 -4.086108e-01 -1.090246e+00 1.502360e-01 7.830047e-01 -6.035998e-01 -1.276374e+00 6.009861e-01 4.124454e-01 6.846200e-01 5.648321e+01
7.759055e-01 8.951952e-02 6.244652e-01 -1.096756e+00 -4.576875e-01 7.611282e-01 4.595715e-01 -1.283564e+00 -4.341575e-01 -6.423940e-01 6.315356e-01 5.661656e+01
7.961077e-01 -4.537712e-01 -4.003801e-01 -1.094152e+00 1.670142e-01 8.006711e-01 -5.753539e-01 -1.290531e+00 5.816518e-01 3.911745e-01 7.132066e-01 5.670987e+01
6.555263e-01 6.620200e-02 7.522650e-01 -1.062488e+00 -4.878029e-01 7.975620e-01 3.548849e-01 -1.296302e+00 -5.764838e-01 -5.995934e-01 5.551164e-01 5.673010e+01
7.114751e-01 -4.597830e-01 -5.314157e-01 -1.050700e+00 1.702666e-01 8.464961e-01 -5.044339e-01 -1.302788e+00 6.817715e-01 2.684098e-01 6.805467e-01 5.679262e+01
7.941652e-01 1.267580e-01 5.943349e-01 -1.094323e+00 -4.262177e-01 8.133099e-01 3.960624e-01 -1.310775e+00 -4.331744e-01 -5.678550e-01 6.999290e-01 5.705718e+01
6.590560e-01 -3.363521e-01 -6.726905e-01 -1.188762e+00 -6.753973e-02 8.643411e-01 -4.983501e-01 -1.319048e+00 7.490552e-01 3.738740e-01 5.469320e-01 5.752539e+01
7.964551e-01 -1.099803e-01 5.946122e-01 -1.252192e+00 -2.666650e-01 8.186632e-01 5.086063e-01 -1.327097e+00 -5.427238e-01 -5.636443e-01 6.227006e-01 5.787028e+01
7.953196e-01 -2.433648e-01 -5.551940e-01 -1.280466e+00 -1.038773e-01 8.476122e-01 -5.203490e-01 -1.334528e+00 5.972238e-01 4.715158e-01 6.488425e-01 5.807176e+01
5.966509e-01 -2.032067e-01 7.763471e-01 -1.237071e+00 -3.131841e-01 8.317372e-01 4.583982e-01 -1.339972e+00 -7.388664e-01 -5.166432e-01 4.326156e-01 5.806813e+01
5.619029e-01 -2.630546e-01 -7.842623e-01 -1.253649e+00 -1.975552e-01 8.779796e-01 -4.360319e-01 -1.347728e+00 8.032665e-01 3.999427e-01 4.413715e-01 5.822619e+01
6.913014e-01 -2.695527e-01 6.704056e-01 -1.271375e+00 -1.947363e-01 8.239785e-01 5.321064e-01 -1.356267e+00 -6.958305e-01 -4.983983e-01 5.171258e-01 5.853050e+01
6.369963e-01 -1.375223e-01 -7.585007e-01 -1.290954e+00 -2.984688e-01 8.632113e-01 -4.071642e-01 -1.364167e+00 7.107406e-01 4.857508e-01 5.088163e-01 5.872799e+01
6.789830e-01 -3.707124e-01 6.336832e-01 -1.292275e+00 -9.399171e-02 8.121498e-01 5.758283e-01 -1.371512e+00 -7.281124e-01 -4.505386e-01 5.165920e-01 5.890682e+01
5.016117e-01 2.840315e-03 -8.650882e-01 -1.336855e+00 -4.617639e-01 8.465019e-01 -2.649693e-01 -1.379647e+00 7.315462e-01 5.323782e-01 4.259268e-01 5.926819e+01
4.238654e-01 -5.088849e-01 7.492491e-01 -1.331274e+00 -2.186464e-02 8.212466e-01 5.701544e-01 -1.386226e+00 -9.054613e-01 -2.580507e-01 3.369714e-01 5.937836e+01
4.792632e-01 4.991234e-02 -8.762509e-01 -1.317497e+00 -4.742590e-01 8.547994e-01 -2.107043e-01 -1.392645e+00 7.385020e-01 5.165527e-01 4.333453e-01 5.946182e+01
5.456520e-01 -5.400810e-01 6.407624e-01 -1.334458e+00 1.082953e-01 8.036553e-01 5.851583e-01 -1.400176e+00 -8.309850e-01 -2.499012e-01 4.970044e-01 5.969553e+01
4.879132e-01 1.787168e-01 -8.544010e-01 -1.335964e+00 -5.419719e-01 8.293146e-01 -1.360284e-01 -1.407251e+00 6.842567e-01 5.294314e-01 5.014930e-01 5.989647e+01
4.170732e-01 -5.972792e-01 6.850602e-01 -1.327694e+00 1.613245e-01 7.904283e-01 5.909294e-01 -1.413948e+00 -8.944408e-01 -1.359438e-01 4.260222e-01 6.001403e+01
7.167734e-01 1.566068e-01 -6.794926e-01 -1.255731e+00 -4.524841e-01 8.458934e-01 -2.823517e-01 -1.418233e+00 5.305601e-01 5.098418e-01 6.771760e-01 5.997837e+01
4.141189e-01 -5.422494e-01 7.310753e-01 -1.170053e+00 7.939112e-03 8.053041e-01 5.928088e-01 -1.422420e+00 -9.101882e-01 -2.396892e-01 3.377966e-01 5.992595e+01
7.387224e-01 5.531985e-04 -6.740096e-01 -1.077950e+00 -3.389317e-01 8.646732e-01 -3.707635e-01 -1.426565e+00 5.825929e-01 5.023345e-01 6.389410e-01 5.986209e+01
6.877550e-01 -4.105210e-01 5.987200e-01 -1.062642e+00 -1.651619e-02 8.156860e-01 5.782591e-01 -1.433129e+00 -7.257550e-01 -4.075892e-01 5.542119e-01 5.993452e+01
6.107614e-01 4.631062e-02 -7.904592e-01 -1.094021e+00 -4.458278e-01 8.451239e-01 -2.949630e-01 -1.440638e+00 6.543761e-01 5.325607e-01 5.368157e-01 6.016639e+01
7.153927e-01 -4.978615e-01 4.902521e-01 -1.132994e+00 1.401666e-01 7.896337e-01 5.973541e-01 -1.448382e+00 -6.845192e-01 -3.586258e-01 6.346818e-01 6.047889e+01
5.330264e-01 2.290640e-01 -8.145014e-01 -1.205523e+00 -5.760715e-01 8.033170e-01 -1.510745e-01 -1.456580e+00 6.196971e-01 5.497377e-01 5.601464e-01 6.085325e+01
5.728249e-01 -6.165958e-01 5.400752e-01 -1.250270e+00 2.663540e-01 7.631520e-01 5.887737e-01 -1.464377e+00 -7.751949e-01 -1.934131e-01 6.013853e-01 6.107741e+01
5.873454e-01 3.064263e-01 -7.490850e-01 -1.257157e+00 -5.960000e-01 7.899348e-01 -1.441773e-01 -1.471621e+00 5.475485e-01 5.311365e-01 6.465946e-01 6.121034e+01
5.653046e-01 -6.468216e-01 5.119106e-01 -1.264718e+00 3.154644e-01 7.429356e-01 5.903634e-01 -1.478757e+00 -7.621764e-01 -1.722456e-01 6.240341e-01 6.134806e+01
8.297111e-01 2.874881e-01 -4.784663e-01 -1.200171e+00 -4.787107e-01 8.073269e-01 -3.450498e-01 -1.483279e+00 2.870810e-01 5.153386e-01 8.074718e-01 6.133604e+01
7.717040e-01 -5.374492e-01 3.400313e-01 -1.182725e+00 2.364394e-01 7.387820e-01 6.311082e-01 -1.489642e+00 -5.903976e-01 -4.066319e-01 6.971952e-01 6.140098e+01
8.290996e-01 2.261262e-01 -5.113323e-01 -1.160793e+00 -4.670589e-01 7.828399e-01 -4.111175e-01 -1.496098e+00 3.073269e-01 5.796797e-01 7.546666e-01 6.147933e+01
7.543245e-01 -5.433226e-01 3.685038e-01 -1.072308e+00 2.012708e-01 7.256766e-01 6.579389e-01 -1.500602e+00 -6.248877e-01 -4.221304e-01 6.567506e-01 6.147806e+01
7.636842e-01 2.101103e-01 -6.104425e-01 -9.869433e-01 -5.029544e-01 7.864464e-01 -3.585233e-01 -1.506159e+00 4.047509e-01 5.808233e-01 7.062726e-01 6.153522e+01
7.851701e-01 -5.477351e-01 2.889535e-01 -9.472165e-01 2.852844e-01 7.340545e-01 6.162604e-01 -1.513150e+00 -5.496550e-01 -4.014353e-01 7.326179e-01 6.167719e+01
5.856528e-01 3.827716e-01 -7.144905e-01 -1.023380e+00 -6.594232e-01 7.375824e-01 -1.453727e-01 -1.521835e+00 4.713511e-01 5.562895e-01 6.843757e-01 6.214296e+01
6.904456e-01 -6.819018e-01 2.414432e-01 -1.147021e+00 5.097042e-01 6.954376e-01 5.065255e-01 -1.529797e+00 -5.133094e-01 -2.266637e-01 8.277301e-01 6.257241e+01
6.100211e-01 5.594731e-01 -5.611276e-01 -1.205905e+00 -7.082222e-01 7.025665e-01 -6.943767e-02 -1.537622e+00 3.553810e-01 4.397614e-01 8.248116e-01 6.283849e+01
6.028324e-01 -7.465782e-01 2.814500e-01 -1.168645e+00 5.919053e-01 6.550084e-01 4.696935e-01 -1.544534e+00 -5.350151e-01 -1.165547e-01 8.367639e-01 6.295372e+01
6.325596e-01 6.039518e-01 -4.848820e-01 -1.126970e+00 -7.227156e-01 6.853712e-01 -8.915477e-02 -1.550942e+00 2.784790e-01 4.068275e-01 8.700235e-01 6.304542e+01
5.604066e-01 -7.727642e-01 2.979597e-01 -1.082134e+00 5.864892e-01 6.242910e-01 5.160341e-01 -1.557099e+00 -5.847862e-01 -1.144387e-01 8.030746e-01 6.309941e+01
6.264186e-01 6.164160e-01 -4.771069e-01 -1.055849e+00 -7.413955e-01 6.601616e-01 -1.204966e-01 -1.563450e+00 2.406916e-01 4.292062e-01 8.705456e-01 6.317525e+01
6.408961e-01 -7.610654e-01 1.001580e-01 -1.066062e+00 6.685224e-01 6.175070e-01 4.144429e-01 -1.570615e+00 -3.772664e-01 -1.986569e-01 9.045471e-01 6.341668e+01
6.157425e-01 6.931525e-01 -3.747010e-01 -1.073656e+00 -7.664444e-01 6.372196e-01 -8.070983e-02 -1.577931e+00 1.828226e-01 3.368840e-01 9.236260e-01 6.362313e+01
6.070562e-01 -7.883970e-01 9.956371e-02 -1.050262e+00 7.171307e-01 5.974916e-01 3.587859e-01 -1.584337e+00 -3.423542e-01 -1.464030e-01 9.280947e-01 6.380249e+01
5.928640e-01 7.397573e-01 -3.182316e-01 -1.030326e+00 -7.861236e-01 6.173689e-01 -2.941651e-02 -1.591431e+00 1.747052e-01 2.676094e-01 9.475565e-01 6.398345e+01
6.147086e-01 -7.884334e-01 -2.249709e-02 -1.059695e+00 7.774028e-01 6.007939e-01 1.862568e-01 -1.599653e+00 -1.333349e-01 -1.319829e-01 9.822435e-01 6.429021e+01
6.229413e-01 7.787444e-01 -7.416984e-02 -1.048567e+00 -7.789626e-01 6.088067e-01 -1.502387e-01 -1.605524e+00 -7.184246e-02 1.513654e-01 9.858637e-01 6.441916e+01
6.184689e-01 -7.692487e-01 -1.604765e-01 -1.072847e+00 7.814973e-01 5.807483e-01 2.280205e-01 -1.612022e+00 -8.220798e-02 -2.664355e-01 9.603405e-01 6.456496e+01
5.921837e-01 7.978286e-01 -1.130839e-01 -1.149600e+00 -8.054432e-01 5.818684e-01 -1.126512e-01 -1.620013e+00 -2.407633e-02 1.577929e-01 9.871787e-01 6.485959e+01
5.792873e-01 -7.986313e-01 -1.631388e-01 -1.200032e+00 8.150841e-01 5.695059e-01 1.063060e-01 -1.627820e+00 8.009245e-03 -1.945536e-01 9.808592e-01 6.509772e+01
6.044746e-01 7.943878e-01 5.965268e-02 -1.215846e+00 -7.773823e-01 6.045765e-01 -1.736780e-01 -1.634503e+00 -1.740323e-01 5.861097e-02 9.829942e-01 6.528331e+01
5.991368e-01 -7.651763e-01 -2.356698e-01 -1.172567e+00 7.996603e-01 5.864946e-01 1.287145e-01 -1.641036e+00 3.972976e-02 -2.655734e-01 9.632717e-01 6.545372e+01
5.645758e-01 8.253611e-01 5.758782e-03 -1.213879e+00 -8.252213e-01 5.643153e-01 2.362451e-02 -1.653205e+00 1.624898e-02 -1.809010e-02 9.997043e-01 6.585389e+01
5.678966e-01 -8.184120e-01 -8.772267e-02 -1.269205e+00 8.178620e-01 5.730731e-01 -5.185490e-02 -1.660966e+00 9.271017e-02 -4.229682e-02 9.947944e-01 6.610138e+01
5.830572e-01 8.038890e-01 1.175023e-01 -1.254755e+00 -8.122277e-01 5.800184e-01 6.216715e-02 -1.668010e+00 -1.817799e-02 -1.316856e-01 9.911248e-01 6.629130e+01
5.723417e-01 -8.132676e-01 -1.049804e-01 -1.265110e+00 8.031651e-01 5.817876e-01 -1.282538e-01 -1.675181e+00 1.653809e-01 -1.091158e-02 9.861694e-01 6.648688e+01
5.932791e-01 7.877369e-01 1.658024e-01 -1.284410e+00 -8.049955e-01 5.801804e-01 1.239878e-01 -1.682302e+00 1.474504e-03 -2.070296e-01 9.783336e-01 6.673455e+01
6.007841e-01 -7.826946e-01 -1.626271e-01 -1.333507e+00 7.311713e-01 6.202520e-01 -2.840352e-01 -1.689837e+00 3.231827e-01 5.173555e-02 9.449214e-01 6.707040e+01
6.200749e-01 7.079308e-01 3.381436e-01 -1.334132e+00 -7.706806e-01 6.303010e-01 9.365918e-02 -1.695964e+00 -1.468280e-01 -3.186764e-01 9.364224e-01 6.722653e+01
