9.999936e-01 2.085633e-03 2.897759e-03 -4.919084e-01 -2.079847e-03 9.999958e-01 -1.998399e-03 1.274823e-02 -2.901916e-03 1.992359e-03 9.999938e-01 1.224466e+00
9.999446e-01 -2.397305e-03 -1.024967e-02 -5.196865e-01 2.416821e-03 9.999953e-01 1.892131e-03 5.526296e-03 1.024509e-02 -1.916797e-03 9.999457e-01 1.380981e+00
9.999737e-01 2.277586e-03 6.878554e-03 -9.799855e-01 -2.244461e-03 9.999859e-01 -4.819657e-03 2.937665e-02 -6.889435e-03 4.804091e-03 9.999647e-01 2.537373e+00
9.999717e-01 -6.501777e-04 -7.494093e-03 -1.355740e+00 6.744264e-04 9.999945e-01 3.233635e-03 3.714669e-02 7.491950e-03 -3.238597e-03 9.999667e-01 3.530413e+00
9.999999e-01 1.585332e-04 -3.546560e-04 -1.349972e+00 -1.596777e-04 9.999948e-01 -3.229489e-03 2.828896e-02 3.541418e-04 3.229545e-03 9.999947e-01 3.622181e+00
9.999730e-01 -4.707569e-04 -7.333471e-03 -1.353137e+00 4.935991e-04 9.999950e-01 3.113284e-03 1.998478e-02 7.331969e-03 -3.116819e-03 9.999683e-01 3.747431e+00
9.999996e-01 8.806489e-05 -8.788440e-04 -1.352676e+00 -9.081369e-05 9.999951e-01 -3.128158e-03 1.146112e-02 8.785639e-04 3.128236e-03 9.999947e-01 3.884401e+00
9.999716e-01 -4.781395e-04 -7.515878e-03 -1.354106e+00 5.016408e-04 9.999950e-01 3.125310e-03 2.952007e-03 7.514346e-03 -3.128991e-03 9.999669e-01 4.005511e+00
9.999999e-01 3.083243e-04 1.130636e-04 -1.374661e+00 -3.079770e-04 9.999953e-01 -3.058811e-03 -4.816793e-03 -1.140065e-04 3.058776e-03 9.999953e-01 4.142936e+00
9.999664e-01 -7.018882e-04 -8.165143e-03 -1.375617e+00 7.265147e-04 9.999952e-01 3.013473e-03 -1.319184e-02 8.162989e-03 -3.019303e-03 9.999621e-01 4.260878e+00
9.999998e-01 3.172504e-04 6.141579e-04 -1.374648e+00 -3.154071e-04 9.999955e-01 -2.999171e-03 -2.198413e-02 -6.151070e-04 2.998976e-03 9.999953e-01 4.348276e+00
9.999624e-01 -6.427166e-04 -8.648062e-03 -1.372993e+00 6.686316e-04 9.999953e-01 2.994058e-03 -3.043477e-02 8.646098e-03 -2.999727e-03 9.999581e-01 4.450109e+00
9.999997e-01 3.291584e-04 7.323311e-04 -1.374505e+00 -3.269624e-04 9.999955e-01 -2.996854e-03 -3.897615e-02 -7.333146e-04 2.996612e-03 9.999952e-01 4.552307e+00
9.999600e-01 -7.043648e-04 -8.913891e-03 -1.384453e+00 7.306947e-04 9.999954e-01 2.950883e-03 -4.652533e-02 8.911772e-03 -2.957277e-03 9.999559e-01 4.698126e+00
9.999985e-01 3.835200e-04 1.678711e-03 -1.403318e+00 -3.782704e-04 9.999950e-01 -3.126411e-03 -5.375693e-02 -1.679902e-03 3.125771e-03 9.999937e-01 4.843484e+00
9.999562e-01 -8.103390e-04 -9.322955e-03 -1.389604e+00 8.400551e-04 9.999946e-01 3.183934e-03 -6.302259e-02 9.320325e-03 -3.191626e-03 9.999515e-01 4.896329e+00
9.999995e-01 4.191760e-04 9.114206e-04 -1.344737e+00 -4.163516e-04 9.999951e-01 -3.096952e-03 -7.359313e-02 -9.127146e-04 3.096570e-03 9.999948e-01 4.923657e+00
9.999582e-01 -7.449280e-04 -9.116944e-03 -1.340152e+00 7.736269e-04 9.999948e-01 3.144741e-03 -8.229533e-02 9.114554e-03 -3.151661e-03 9.999535e-01 5.008809e+00
9.999996e-01 5.864629e-04 6.711247e-04 -1.346689e+00 -5.843877e-04 9.999951e-01 -3.088189e-03 -9.038731e-02 -6.729328e-04 3.087795e-03 9.999950e-01 5.130667e+00
9.999565e-01 -7.233697e-04 -9.297030e-03 -1.368459e+00 7.507600e-04 9.999954e-01 2.942981e-03 -9.730539e-02 9.294858e-03 -2.949832e-03 9.999525e-01 5.317183e+00
9.999987e-01 5.526328e-04 1.528078e-03 -1.384792e+00 -5.479543e-04 9.999952e-01 -3.060489e-03 -1.046791e-01 -1.529762e-03 3.059647e-03 9.999941e-01 5.482988e+00
9.999580e-01 -8.461221e-04 -9.121245e-03 -1.387622e+00 8.726327e-04 9.999954e-01 2.902874e-03 -1.127572e-01 9.118747e-03 -2.910711e-03 9.999542e-01 5.627517e+00
9.999992e-01 5.924054e-04 1.135669e-03 -1.392038e+00 -5.889614e-04 9.999952e-01 -3.030659e-03 -1.206399e-01 -1.137459e-03 3.029987e-03 9.999948e-01 5.796024e+00
9.999539e-01 -6.313721e-04 -9.579093e-03 -1.435060e+00 6.591651e-04 9.999956e-01 2.898535e-03 -1.263692e-01 9.577221e-03 -2.904715e-03 9.999499e-01 6.044066e+00
9.999982e-01 5.099036e-04 1.800534e-03 -1.485218e+00 -5.041964e-04 9.999949e-01 -3.168823e-03 -1.317773e-01 -1.802141e-03 3.167909e-03 9.999934e-01 6.294605e+00
9.999572e-01 -4.604977e-04 -9.242846e-03 -1.547725e+00 4.878592e-04 9.999955e-01 2.958254e-03 -1.358422e-01 9.241443e-03 -2.962636e-03 9.999529e-01 6.573119e+00
9.999980e-01 1.118691e-05 1.985870e-03 -1.566664e+00 -4.911194e-06 9.999950e-01 -3.160206e-03 -1.432312e-01 -1.985896e-03 3.160189e-03 9.999930e-01 6.736253e+00
9.999461e-01 -7.393173e-04 -1.035614e-02 -1.547300e+00 7.751637e-04 9.999937e-01 3.457772e-03 -1.526004e-01 1.035352e-02 -3.465613e-03 9.999404e-01 6.808773e+00
9.999978e-01 8.470490e-04 1.919208e-03 -1.608470e+00 -8.399781e-04 9.999929e-01 -3.682117e-03 -1.570035e-01 -1.922313e-03 3.680496e-03 9.999914e-01 7.105364e+00
9.999430e-01 -2.390783e-04 -1.067021e-02 -1.725219e+00 2.733905e-04 9.999948e-01 3.214349e-03 -1.564814e-01 1.066938e-02 -3.217083e-03 9.999379e-01 7.603351e+00
9.999971e-01 7.147796e-04 2.280304e-03 -1.901094e+00 -7.061909e-04 9.999927e-01 -3.765121e-03 -1.536069e-01 -2.282979e-03 3.763499e-03 9.999903e-01 8.237537e+00
9.999379e-01 2.379812e-04 -1.114040e-02 -2.085589e+00 -2.025711e-04 9.999949e-01 3.179542e-03 -1.483436e-01 1.114110e-02 -3.177087e-03 9.999329e-01 8.925048e+00
9.999868e-01 -1.617114e-04 5.144782e-03 -2.250711e+00 1.808807e-04 9.999930e-01 -3.725730e-03 -1.463657e-01 -5.144144e-03 3.726611e-03 9.999798e-01 9.411383e+00
9.999119e-01 -7.868149e-04 -1.325373e-02 -2.224333e+00 8.389305e-04 9.999919e-01 3.927033e-03 -1.562047e-01 1.325054e-02 -3.937805e-03 9.999045e-01 9.463827e+00
9.999850e-01 4.361652e-04 5.464513e-03 -2.247014e+00 -4.149916e-04 9.999924e-01 -3.875303e-03 -1.636379e-01 -5.466162e-03 3.872976e-03 9.999776e-01 9.641521e+00
9.999045e-01 -3.880547e-04 -1.381135e-02 -2.307205e+00 4.389098e-04 9.999931e-01 3.679275e-03 -1.685406e-01 1.380983e-02 -3.684985e-03 9.998978e-01 9.926183e+00
9.999915e-01 1.294450e-03 3.916621e-03 -2.457178e+00 -1.278252e-03 9.999906e-01 -4.135460e-03 -1.661976e-01 -3.921937e-03 4.130417e-03 9.999838e-01 1.057282e+01
9.999302e-01 -5.347433e-04 -1.179872e-02 -2.682606e+00 5.775229e-04 9.999933e-01 3.622660e-03 -1.611116e-01 1.179671e-02 -3.629221e-03 9.999238e-01 1.130466e+01
9.999934e-01 8.407836e-04 3.535143e-03 -2.815733e+00 -8.264912e-04 9.999915e-01 -4.042492e-03 -1.616663e-01 -3.538512e-03 4.039543e-03 9.999856e-01 1.184096e+01
9.999101e-01 6.825336e-04 -1.339228e-02 -3.098237e+00 -6.379052e-04 9.999942e-01 3.336376e-03 -1.508419e-01 1.339448e-02 -3.327533e-03 9.999048e-01 1.285325e+01
9.999612e-01 -3.191664e-04 8.800062e-03 -3.331184e+00 3.587709e-04 9.999898e-01 -4.499288e-03 -1.433021e-01 -8.798536e-03 4.502270e-03 9.999512e-01 1.368517e+01
9.998634e-01 4.874627e-04 -1.652000e-02 -3.475691e+00 -4.176900e-04 9.999910e-01 4.226709e-03 -1.396607e-01 1.652191e-02 -4.219231e-03 9.998546e-01 1.433165e+01
9.999729e-01 -3.864111e-04 7.352210e-03 -3.525319e+00 4.166287e-04 9.999915e-01 -4.108925e-03 -1.452153e-01 -7.350560e-03 4.111876e-03 9.999645e-01 1.465063e+01
9.998682e-01 4.995443e-04 -1.622789e-02 -3.575969e+00 -4.345929e-04 9.999919e-01 4.005722e-03 -1.506948e-01 1.622976e-02 -3.998141e-03 9.998603e-01 1.491908e+01
9.999382e-01 -7.822021e-06 1.111538e-02 -3.767704e+00 6.071165e-05 9.999887e-01 -4.757922e-03 -1.461100e-01 -1.111522e-02 4.758302e-03 9.999269e-01 1.552034e+01
9.998138e-01 -3.323843e-04 -1.929471e-02 -3.749083e+00 4.220430e-04 9.999891e-01 4.642908e-03 -1.551036e-01 1.929296e-02 -4.650186e-03 9.998031e-01 1.563839e+01
9.999666e-01 1.415799e-03 8.043805e-03 -3.885918e+00 -1.374594e-03 9.999859e-01 -5.125867e-03 -1.523172e-01 -8.050949e-03 5.114638e-03 9.999545e-01 1.625518e+01
9.998379e-01 -4.274138e-04 -1.800179e-02 -4.107519e+00 5.101040e-04 9.999893e-01 4.589097e-03 -1.474152e-01 1.799964e-02 -4.597535e-03 9.998274e-01 1.706968e+01
9.999579e-01 1.074079e-03 9.117761e-03 -4.280430e+00 -1.029090e-03 9.999873e-01 -4.937467e-03 -1.451118e-01 -9.122949e-03 4.927875e-03 9.999462e-01 1.768143e+01
9.998623e-01 -8.073227e-04 -1.657410e-02 -4.422819e+00 8.827225e-04 9.999893e-01 4.542429e-03 -1.449271e-01 1.657026e-02 -4.556434e-03 9.998523e-01 1.818185e+01
9.999618e-01 9.701259e-04 8.682733e-03 -4.515761e+00 -9.287450e-04 9.999882e-01 -4.768667e-03 -1.481113e-01 -8.687257e-03 4.760420e-03 9.999509e-01 1.854901e+01
9.998517e-01 -8.453932e-04 -1.720357e-02 -4.594386e+00 9.226094e-04 9.999895e-01 4.480932e-03 -1.517785e-01 1.719961e-02 -4.496139e-03 9.998420e-01 1.891801e+01
9.999576e-01 9.016548e-04 9.160983e-03 -4.666755e+00 -8.579863e-04 9.999883e-01 -4.769622e-03 -1.560468e-01 -9.165176e-03 4.761560e-03 9.999467e-01 1.924123e+01
9.998661e-01 -1.122631e-03 -1.632493e-02 -4.707949e+00 1.196391e-03 9.999891e-01 4.509163e-03 -1.621532e-01 1.631969e-02 -4.528090e-03 9.998566e-01 1.949284e+01
9.999694e-01 1.029257e-03 7.757390e-03 -4.724436e+00 -9.930432e-04 9.999886e-01 -4.670675e-03 -1.690264e-01 -7.762109e-03 4.662827e-03 9.999590e-01 1.973864e+01
9.998708e-01 -1.250990e-03 -1.602264e-02 -4.742076e+00 1.324611e-03 9.999886e-01 4.585073e-03 -1.765502e-01 1.601672e-02 -4.605704e-03 9.998611e-01 1.992961e+01
9.999736e-01 1.331191e-03 7.146724e-03 -4.789297e+00 -1.297054e-03 9.999877e-01 -4.779093e-03 -1.817355e-01 -7.152998e-03 4.769696e-03 9.999630e-01 2.022077e+01
9.998909e-01 -1.325126e-03 -1.471187e-02 -4.883621e+00 1.390710e-03 9.999891e-01 4.448560e-03 -1.850529e-01 1.470582e-02 -4.468534e-03 9.998819e-01 2.062910e+01
9.999916e-01 2.721302e-03 3.054174e-03 -5.107421e+00 -2.705579e-03 9.999831e-01 -5.140580e-03 -1.763153e-01 -3.068112e-03 5.132273e-03 9.999821e-01 2.147972e+01
9.999230e-01 -1.250971e-03 -1.234469e-02 -5.388860e+00 1.304215e-03 9.999899e-01 4.306010e-03 -1.672302e-01 1.233918e-02 -4.321778e-03 9.999145e-01 2.245703e+01
9.999921e-01 1.076906e-03 3.823984e-03 -5.451849e+00 -1.059414e-03 9.999890e-01 -4.573234e-03 -1.727167e-01 -3.828867e-03 4.569146e-03 9.999822e-01 2.283794e+01
9.999316e-01 -1.474118e-03 -1.160406e-02 -5.450730e+00 1.526684e-03 9.999886e-01 4.522390e-03 -1.813963e-01 1.159727e-02 -4.539795e-03 9.999224e-01 2.293926e+01
9.999965e-01 1.311140e-03 2.315971e-03 -5.514722e+00 -1.300352e-03 9.999883e-01 -4.653458e-03 -1.849631e-01 -2.322045e-03 4.650429e-03 9.999865e-01 2.332821e+01
9.999454e-01 -9.530784e-04 -1.040273e-02 -5.675838e+00 9.965125e-04 9.999908e-01 4.170862e-03 -1.831109e-01 1.039866e-02 -4.181001e-03 9.999372e-01 2.396110e+01
9.999960e-01 2.578973e-03 -1.196458e-03 -5.948826e+00 -2.584880e-03 9.999843e-01 -4.962258e-03 -1.708971e-01 1.183641e-03 4.965330e-03 9.999870e-01 2.499513e+01
9.999520e-01 -2.437223e-04 -9.795453e-03 -6.380935e+00 2.798941e-04 9.999931e-01 3.691493e-03 -1.511945e-01 9.794486e-03 -3.694057e-03 9.999452e-01 2.641267e+01
9.999939e-01 2.511533e-03 -2.443696e-03 -6.763558e+00 -2.523020e-03 9.999857e-01 -4.708875e-03 -1.345441e-01 2.431835e-03 4.715011e-03 9.999859e-01 2.772168e+01
9.999564e-01 -5.293731e-04 -9.320005e-03 -7.122552e+00 5.646397e-04 9.999927e-01 3.781719e-03 -1.203399e-01 9.317935e-03 -3.786816e-03 9.999494e-01 2.894169e+01
9.999960e-01 2.046971e-03 -1.951399e-03 -7.394725e+00 -2.055779e-03 9.999877e-01 -4.522586e-03 -1.117022e-01 1.942117e-03 4.526579e-03 9.999879e-01 2.996082e+01
9.999770e-01 -1.506877e-03 -6.608381e-03 -7.574432e+00 1.533909e-03 9.999905e-01 4.087424e-03 -1.103980e-01 6.602159e-03 -4.097466e-03 9.999698e-01 3.065578e+01
9.999930e-01 1.957660e-03 -3.179964e-03 -7.677550e+00 -1.971894e-03 9.999880e-01 -4.479010e-03 -1.119210e-01 3.171157e-03 4.485249e-03 9.999849e-01 3.124575e+01
9.999712e-01 -9.171078e-04 -7.535864e-03 -7.900583e+00 9.460611e-04 9.999922e-01 3.839368e-03 -1.061842e-01 7.532284e-03 -3.846386e-03 9.999642e-01 3.221967e+01
9.999980e-01 1.735181e-03 -9.779880e-04 -8.157252e+00 -1.739610e-03 9.999882e-01 -4.546081e-03 -9.993293e-02 9.700878e-04 4.547773e-03 9.999892e-01 3.322901e+01
9.999686e-01 -1.284482e-03 -7.820506e-03 -8.337285e+00 1.315849e-03 9.999911e-01 4.006992e-03 -9.829268e-02 7.815290e-03 -4.017156e-03 9.999614e-01 3.405082e+01
9.999987e-01 1.593308e-03 5.188679e-07 -8.504301e+00 -1.593288e-03 9.999876e-01 -4.710018e-03 -9.665017e-02 -8.023639e-06 4.710011e-03 9.999889e-01 3.483420e+01
9.999546e-01 -8.848116e-04 -9.492471e-03 -8.689613e+00 9.235186e-04 9.999913e-01 4.074019e-03 -9.348189e-02 9.488783e-03 -4.082600e-03 9.999466e-01 3.567180e+01
9.999984e-01 1.534497e-03 9.549931e-04 -8.899480e+00 -1.529906e-03 9.999874e-01 -4.790116e-03 -9.016547e-02 -9.623317e-04 4.788647e-03 9.999881e-01 3.656946e+01
9.999562e-01 -1.145075e-03 -9.287509e-03 -9.054711e+00 1.183203e-03 9.999909e-01 4.100818e-03 -8.923374e-02 9.282729e-03 -4.111626e-03 9.999485e-01 3.734798e+01
9.999979e-01 2.061840e-03 -1.082499e-04 -9.309163e+00 -2.062343e-03 9.999860e-01 -4.873366e-03 -8.284580e-02 9.820003e-05 4.873578e-03 9.999881e-01 3.830788e+01
9.999670e-01 -1.733358e-03 -7.933017e-03 -9.514098e+00 1.766929e-03 9.999895e-01 4.226721e-03 -7.894288e-02 7.925607e-03 -4.240598e-03 9.999596e-01 3.914169e+01
9.999972e-01 2.290536e-03 -5.231214e-04 -9.692373e+00 -2.293101e-03 9.999851e-01 -4.955173e-03 -7.607609e-02 5.117633e-04 4.956358e-03 9.999876e-01 3.997772e+01
9.999762e-01 -1.971670e-03 -6.608691e-03 -9.906587e+00 1.998870e-03 9.999895e-01 4.111729e-03 -7.260356e-02 6.600515e-03 -4.124841e-03 9.999697e-01 4.078584e+01
9.999944e-01 2.800119e-03 -1.833505e-03 -1.015098e+01 -2.809139e-03 9.999839e-01 -4.935353e-03 -6.534544e-02 1.819656e-03 4.940475e-03 9.999861e-01 4.168076e+01
9.999873e-01 -2.168905e-03 -4.552343e-03 -1.043180e+01 2.186833e-03 9.999899e-01 3.936947e-03 -5.728812e-02 4.543758e-03 -3.946851e-03 9.999819e-01 4.262654e+01
9.999932e-01 2.487125e-03 -2.713743e-03 -1.061727e+01 -2.499722e-03 9.999861e-01 -4.648403e-03 -5.446059e-02 2.702143e-03 4.655154e-03 9.999855e-01 4.339153e+01
9.999857e-01 -2.217770e-03 -4.863196e-03 -1.078633e+01 2.237404e-03 9.999894e-01 4.035316e-03 -5.283372e-02 4.854195e-03 -4.046139e-03 9.999800e-01 4.408735e+01
9.999897e-01 2.987789e-03 -3.411011e-03 -1.103238e+01 -3.004075e-03 9.999841e-01 -4.779552e-03 -4.543782e-02 3.396676e-03 4.789749e-03 9.999828e-01 4.492272e+01
9.999945e-01 -2.514205e-03 -2.183157e-03 -1.126373e+01 2.522603e-03 9.999894e-01 3.852297e-03 -4.051924e-02 2.173449e-03 -3.857782e-03 9.999902e-01 4.566192e+01
9.999812e-01 2.569908e-03 -5.572677e-03 -1.137211e+01 -2.594558e-03 9.999869e-01 -4.420612e-03 -4.199010e-02 5.561243e-03 4.434986e-03 9.999747e-01 4.621516e+01
9.999943e-01 -2.638350e-03 -2.107976e-03 -1.146997e+01 2.646532e-03 9.999889e-01 3.887739e-03 -4.427009e-02 2.097696e-03 -3.893295e-03 9.999902e-01 4.673522e+01
9.999767e-01 2.831800e-03 -6.215183e-03 -1.158675e+01 -2.858803e-03 9.999865e-01 -4.339991e-03 -4.517837e-02 6.202809e-03 4.357657e-03 9.999713e-01 4.727137e+01
9.999955e-01 -2.768243e-03 -1.170523e-03 -1.172046e+01 2.772697e-03 9.999889e-01 3.820430e-03 -4.567041e-02 1.159935e-03 -3.823657e-03 9.999920e-01 4.782967e+01
9.999725e-01 2.778328e-03 -6.877047e-03 -1.181008e+01 -2.807079e-03 9.999873e-01 -4.174658e-03 -4.841687e-02 6.865361e-03 4.193847e-03 9.999676e-01 4.828213e+01
9.999950e-01 -2.524302e-03 -1.910247e-03 -1.191032e+01 2.531601e-03 9.999895e-01 3.828068e-03 -5.004566e-02 1.900564e-03 -3.832884e-03 9.999908e-01 4.877049e+01
9.999686e-01 2.952579e-03 -7.352239e-03 -1.203735e+01 -2.983112e-03 9.999870e-01 -4.145357e-03 -5.048741e-02 7.339904e-03 4.167159e-03 9.999644e-01 4.932640e+01
9.999962e-01 -2.740779e-03 -3.883845e-04 -1.220602e+01 2.742221e-03 9.999892e-01 3.763160e-03 -4.924335e-02 3.780665e-04 -3.764210e-03 9.999928e-01 4.990375e+01
9.999664e-01 3.022200e-03 -7.613826e-03 -1.231671e+01 -3.051979e-03 9.999877e-01 -3.902471e-03 -5.134910e-02 7.601938e-03 3.925577e-03 9.999634e-01 5.032906e+01
9.999949e-01 -3.167736e-03 -3.895267e-04 -1.237274e+01 3.169154e-03 9.999881e-01 3.696387e-03 -5.664052e-02 3.778132e-04 -3.697602e-03 9.999931e-01 5.063269e+01
9.999673e-01 3.012508e-03 -7.509660e-03 -1.242035e+01 -3.041618e-03 9.999879e-01 -3.867838e-03 -6.216512e-02 7.497917e-03 3.890552e-03 9.999643e-01 5.092192e+01
9.999946e-01 -3.045272e-03 -1.205682e-03 -1.246716e+01 3.049706e-03 9.999885e-01 3.693061e-03 -6.810296e-02 1.194423e-03 -3.696717e-03 9.999925e-01 5.121164e+01
9.999721e-01 2.972768e-03 -6.851773e-03 -1.252667e+01 -2.999390e-03 9.999880e-01 -3.878403e-03 -7.333303e-02 6.840160e-03 3.898846e-03 9.999690e-01 5.152858e+01
9.999939e-01 -3.389028e-03 -7.940757e-04 -1.254527e+01 3.391975e-03 9.999873e-01 3.738563e-03 -8.071467e-02 7.813957e-04 -3.741233e-03 9.999927e-01 5.170628e+01
9.999677e-01 3.150373e-03 -7.400843e-03 -1.255670e+01 -3.178343e-03 9.999878e-01 -3.770580e-03 -8.839256e-02 7.388875e-03 3.793980e-03 9.999655e-01 5.186373e+01
9.999929e-01 -3.753931e-03 -1.354126e-04 -1.252341e+01 3.754423e-03 9.999856e-01 3.830266e-03 -9.828511e-02 1.210323e-04 -3.830747e-03 9.999927e-01 5.189879e+01
9.999422e-01 3.580000e-03 -1.013376e-02 -1.264620e+01 -3.618070e-03 9.999865e-01 -3.740916e-03 -9.769919e-02 1.012023e-02 3.777364e-03 9.999417e-01 5.245388e+01
9.999849e-01 -3.690176e-03 4.074692e-03 -1.280336e+01 3.676137e-03 9.999873e-01 3.447722e-03 -9.690286e-02 -4.087362e-03 -3.432690e-03 9.999858e-01 5.293667e+01
9.999125e-01 2.982615e-03 -1.288743e-02 -1.282104e+01 -3.023720e-03 9.999904e-01 -3.171231e-03 -1.043483e-01 1.287785e-02 3.209921e-03 9.999119e-01 5.309276e+01
9.999854e-01 -3.103249e-03 4.415435e-03 -1.287133e+01 3.089917e-03 9.999907e-01 3.023151e-03 -1.104772e-01 -4.424775e-03 -3.009463e-03 9.999857e-01 5.334610e+01
9.998881e-01 3.716988e-03 -1.448904e-02 -1.301712e+01 -3.764738e-03 9.999876e-01 -3.269700e-03 -1.097756e-01 1.447671e-02 3.323881e-03 9.998897e-01 5.392397e+01
9.999675e-01 -3.680606e-03 7.166055e-03 -1.314663e+01 3.659334e-03 9.999889e-01 2.979323e-03 -1.108852e-01 -7.176941e-03 -2.953003e-03 9.999699e-01 5.435284e+01
9.998780e-01 3.580133e-03 -1.520670e-02 -1.319831e+01 -3.627525e-03 9.999886e-01 -3.090081e-03 -1.162027e-01 1.519547e-02 3.144866e-03 9.998796e-01 5.460063e+01
9.999682e-01 -3.515783e-03 7.155570e-03 -1.327482e+01 3.495378e-03 9.999898e-01 2.862241e-03 -1.194564e-01 -7.165560e-03 -2.837138e-03 9.999703e-01 5.496125e+01
9.998360e-01 4.542214e-03 -1.752990e-02 -1.347565e+01 -4.605706e-03 9.999830e-01 -3.583227e-03 -1.135130e-01 1.751333e-02 3.663376e-03 9.998399e-01 5.591699e+01
9.999286e-01 -4.235903e-03 1.117236e-02 -1.370613e+01 4.204600e-03 9.999872e-01 2.823858e-03 -1.094952e-01 -1.118418e-02 -2.776680e-03 9.999336e-01 5.671227e+01
9.997531e-01 5.212562e-03 -2.159825e-02 -1.388456e+01 -5.286591e-03 9.999803e-01 -3.371867e-03 -1.063343e-01 2.158025e-02 3.485215e-03 9.997610e-01 5.751401e+01
9.999276e-01 -1.882845e-03 1.188641e-02 -1.450135e+01 1.865707e-03 9.999972e-01 1.452826e-03 -7.340450e-02 -1.188911e-02 -1.430544e-03 9.999283e-01 5.958118e+01
9.999006e-01 3.658431e-03 -1.361639e-02 -1.499269e+01 -3.693735e-03 9.999899e-01 -2.568447e-03 -4.812057e-02 1.360685e-02 2.618486e-03 9.999040e-01 6.089639e+01
9.999762e-01 -4.151413e-03 5.517549e-03 -1.504930e+01 4.138502e-03 9.999887e-01 2.349400e-03 -5.347336e-02 -5.527239e-03 -2.326509e-03 9.999820e-01 6.114600e+01
9.999071e-01 3.588017e-03 -1.315261e-02 -1.520176e+01 -3.629895e-03 9.999884e-01 -3.161493e-03 -5.175211e-02 1.314111e-02 3.208941e-03 9.999085e-01 6.164072e+01
9.999645e-01 -3.398151e-03 7.710618e-03 -1.529838e+01 3.373129e-03 9.999890e-01 3.255750e-03 -5.786421e-02 -7.721597e-03 -3.229625e-03 9.999650e-01 6.196467e+01
9.998638e-01 2.645335e-03 -1.628849e-02 -1.531658e+01 -2.694278e-03 9.999919e-01 -2.983507e-03 -6.482132e-02 1.628047e-02 3.026986e-03 9.998629e-01 6.216690e+01
9.999597e-01 -2.959365e-03 8.470407e-03 -1.536262e+01 2.936475e-03 9.999920e-01 2.713530e-03 -7.064546e-02 -8.478370e-03 -2.688547e-03 9.999604e-01 6.248351e+01
9.998397e-01 3.056654e-03 -1.764453e-02 -1.541083e+01 -3.108089e-03 9.999910e-01 -2.888394e-03 -7.575524e-02 1.763554e-02 2.942771e-03 9.998402e-01 6.280368e+01
9.999546e-01 -3.102115e-03 9.005802e-03 -1.547439e+01 3.077636e-03 9.999915e-01 2.730849e-03 -8.108349e-02 -9.014197e-03 -2.703008e-03 9.999557e-01 6.316150e+01
9.998250e-01 3.467418e-03 -1.838106e-02 -1.559222e+01 -3.527872e-03 9.999885e-01 -3.257517e-03 -8.158534e-02 1.836955e-02 3.321793e-03 9.998257e-01 6.385264e+01
9.999263e-01 -3.427932e-03 1.164990e-02 -1.574315e+01 3.399657e-03 9.999912e-01 2.446004e-03 -8.146208e-02 -1.165819e-02 -2.406217e-03 9.999291e-01 6.463549e+01
9.997567e-01 4.355142e-03 -2.162445e-02 -1.598248e+01 -4.423089e-03 9.999854e-01 -3.095306e-03 -7.530273e-02 2.161066e-02 3.190199e-03 9.997614e-01 6.567487e+01
9.998668e-01 -4.458507e-03 1.569758e-02 -1.611697e+01 4.421602e-03 9.999874e-01 2.384965e-03 -7.684026e-02 -1.570802e-02 -2.315239e-03 9.998739e-01 6.629285e+01
9.996948e-01 4.454988e-03 -2.430112e-02 -1.614695e+01 -4.513506e-03 9.999870e-01 -2.353728e-03 -8.318767e-02 2.429032e-02 2.462693e-03 9.997019e-01 6.651772e+01
9.998662e-01 -4.479516e-03 1.573042e-02 -1.620702e+01 4.444073e-03 9.999875e-01 2.287464e-03 -8.823870e-02 -1.574047e-02 -2.217250e-03 9.998737e-01 6.682367e+01
9.997219e-01 3.922581e-03 -2.325288e-02 -1.620294e+01 -3.972875e-03 9.999899e-01 -2.117107e-03 -9.693209e-02 2.324434e-02 2.208898e-03 9.997274e-01 6.690254e+01
9.998777e-01 -4.803652e-03 1.488470e-02 -1.620228e+01 4.765366e-03 9.999852e-01 2.606607e-03 -1.054386e-01 -1.489700e-02 -2.535356e-03 9.998858e-01 6.703152e+01
9.998203e-01 6.093431e-03 -1.795192e-02 -1.698218e+01 -6.227273e-03 9.999532e-01 -7.409148e-03 -5.790828e-02 1.790593e-02 7.519608e-03 9.998114e-01 6.904020e+01
9.999533e-01 -7.382429e-04 9.640113e-03 -1.784650e+01 6.843701e-04 9.999841e-01 5.590542e-03 -1.623080e-02 -9.644088e-03 -5.583683e-03 9.999379e-01 7.178770e+01
9.999292e-01 1.547981e-03 -1.179664e-02 -1.821039e+01 -1.612684e-03 9.999837e-01 -5.477239e-03 3.212069e-03 1.178797e-02 5.495875e-03 9.999154e-01 7.301246e+01
9.999915e-01 -1.895450e-03 3.657608e-03 -1.820538e+01 1.875037e-03 9.999827e-01 5.576686e-03 -5.766994e-03 -3.668115e-03 -5.569780e-03 9.999778e-01 7.310817e+01
9.998814e-01 3.082206e-03 -1.508633e-02 -1.838986e+01 -3.177737e-03 9.999750e-01 -6.312341e-03 1.069561e-03 1.506650e-02 6.359533e-03 9.998663e-01 7.386850e+01
9.999506e-01 -6.285430e-04 9.919599e-03 -1.919790e+01 6.162565e-04 9.999990e-01 1.241661e-03 5.012455e-02 -9.920370e-03 -1.235486e-03 9.999500e-01 7.598999e+01
9.999210e-01 2.763404e-03 -1.226195e-02 -1.970379e+01 -2.800914e-03 9.999914e-01 -3.042918e-03 6.806592e-02 1.225344e-02 3.077022e-03 9.999202e-01 7.731715e+01
9.999873e-01 -2.840048e-03 4.159802e-03 -1.975500e+01 2.827440e-03 9.999914e-01 3.033940e-03 6.105643e-02 -4.168383e-03 -3.022139e-03 9.999867e-01 7.757224e+01
9.999151e-01 2.781852e-03 -1.273255e-02 -1.978223e+01 -2.820083e-03 9.999916e-01 -2.985596e-03 5.419683e-02 1.272414e-02 3.021249e-03 9.999145e-01 7.777917e+01
9.999991e-01 -1.076524e-03 7.373335e-04 -2.007988e+01 1.075312e-03 9.999981e-01 1.643334e-03 6.692692e-02 -7.391010e-04 -1.642539e-03 9.999984e-01 7.881925e+01
9.999706e-01 1.862849e-03 -7.434439e-03 -2.038932e+01 -1.881622e-03 9.999951e-01 -2.518874e-03 7.718964e-02 7.429709e-03 2.532789e-03 9.999692e-01 7.968925e+01
9.999971e-01 -1.569147e-03 -1.831048e-03 -2.049276e+01 1.572903e-03 9.999967e-01 2.051084e-03 7.594183e-02 1.827823e-03 -2.053957e-03 9.999962e-01 8.024054e+01
9.999904e-01 1.216422e-03 -4.220304e-03 -2.057918e+01 -1.227338e-03 9.999959e-01 -2.584846e-03 7.179370e-02 4.217143e-03 2.590000e-03 9.999878e-01 8.063926e+01
9.999859e-01 -1.774382e-03 -5.007432e-03 -2.061913e+01 1.787711e-03 9.999949e-01 2.658673e-03 6.650022e-02 5.002689e-03 -2.667586e-03 9.999839e-01 8.094748e+01
9.999985e-01 1.440289e-03 -9.243908e-04 -2.069222e+01 -1.442995e-03 9.999947e-01 -2.933110e-03 6.177913e-02 9.201612e-04 2.934439e-03 9.999953e-01 8.123192e+01
9.999780e-01 -1.563414e-03 -6.443973e-03 -2.063190e+01 1.583842e-03 9.999937e-01 3.166176e-03 5.114582e-02 6.438983e-03 -3.176312e-03 9.999742e-01 8.123558e+01
9.999977e-01 6.654474e-04 -2.020624e-03 -2.057817e+01 -6.711987e-04 9.999957e-01 -2.846757e-03 4.051705e-02 2.018721e-03 2.848106e-03 9.999939e-01 8.124830e+01
9.999823e-01 -1.151514e-03 -5.835535e-03 -2.056297e+01 1.167910e-03 9.999954e-01 2.807057e-03 3.117847e-02 5.832276e-03 -2.813823e-03 9.999790e-01 8.132924e+01
9.999975e-01 6.108023e-04 -2.150336e-03 -2.054604e+01 -6.168134e-04 9.999959e-01 -2.795693e-03 2.185771e-02 2.148619e-03 2.797012e-03 9.999938e-01 8.139023e+01
9.999828e-01 -1.101762e-03 -5.767337e-03 -2.053517e+01 1.117876e-03 9.999955e-01 2.791445e-03 1.275993e-02 5.764235e-03 -2.797844e-03 9.999795e-01 8.151867e+01
9.999978e-01 7.113880e-04 -1.990716e-03 -2.053068e+01 -7.174570e-04 9.999951e-01 -3.049400e-03 4.222255e-03 1.988537e-03 3.050821e-03 9.999934e-01 8.171619e+01
9.999847e-01 -1.091912e-03 -5.418579e-03 -2.053697e+01 1.107078e-03 9.999955e-01 2.796579e-03 -4.041715e-03 5.415501e-03 -2.802535e-03 9.999814e-01 8.190536e+01
9.999975e-01 7.762337e-04 -2.098151e-03 -2.054376e+01 -7.826081e-04 9.999951e-01 -3.038821e-03 -1.215967e-02 2.095781e-03 3.040455e-03 9.999932e-01 8.209251e+01
9.999829e-01 -1.063117e-03 -5.744617e-03 -2.057014e+01 1.078849e-03 9.999957e-01 2.736102e-03 -1.882335e-02 5.741684e-03 -2.742253e-03 9.999798e-01 8.231144e+01
9.999980e-01 8.296170e-04 -1.797712e-03 -2.061085e+01 -8.349036e-04 9.999953e-01 -2.941747e-03 -2.532652e-02 1.795263e-03 2.943242e-03 9.999941e-01 8.254133e+01
9.999815e-01 -1.123153e-03 -5.978096e-03 -2.062342e+01 1.139969e-03 9.999954e-01 2.810069e-03 -3.296409e-02 5.974912e-03 -2.816831e-03 9.999782e-01 8.269472e+01
9.999971e-01 8.705074e-04 -2.230087e-03 -2.062737e+01 -8.772709e-04 9.999950e-01 -3.033457e-03 -4.095869e-02 2.227435e-03 3.035404e-03 9.999929e-01 8.287134e+01
9.999817e-01 -1.282607e-03 -5.918152e-03 -2.061435e+01 1.299762e-03 9.999950e-01 2.895714e-03 -5.012236e-02 5.914409e-03 -2.903352e-03 9.999783e-01 8.299384e+01
9.999973e-01 1.021224e-03 -2.098879e-03 -2.052018e+01 -1.027000e-03 9.999957e-01 -2.752285e-03 -6.184423e-02 2.096060e-03 2.754432e-03 9.999940e-01 8.298130e+01
9.999762e-01 -1.957763e-03 -6.622004e-03 -2.040782e+01 1.977820e-03 9.999935e-01 3.023548e-03 -7.362421e-02 6.616042e-03 -3.036573e-03 9.999735e-01 8.295474e+01
9.999977e-01 1.374845e-03 -1.626006e-03 -2.035290e+01 -1.379766e-03 9.999945e-01 -3.028783e-03 -8.393231e-02 1.621833e-03 3.031019e-03 9.999941e-01 8.300004e+01
9.999770e-01 -1.724697e-03 -6.554802e-03 -2.034100e+01 1.744216e-03 9.999941e-01 2.973196e-03 -9.275694e-02 6.549636e-03 -2.984561e-03 9.999741e-01 8.309387e+01
9.999974e-01 1.422687e-03 -1.804733e-03 -2.030996e+01 -1.427952e-03 9.999947e-01 -2.919148e-03 -1.026829e-01 1.800570e-03 2.921717e-03 9.999941e-01 8.316275e+01
9.999795e-01 -1.860240e-03 -6.133341e-03 -2.025405e+01 1.879010e-03 9.999936e-01 3.055918e-03 -1.132203e-01 6.127617e-03 -3.067379e-03 9.999765e-01 8.317462e+01
9.999970e-01 1.450559e-03 -1.965592e-03 -2.021426e+01 -1.456366e-03 9.999946e-01 -2.955911e-03 -1.232594e-01 1.961293e-03 2.958765e-03 9.999937e-01 8.320453e+01
9.999756e-01 -1.548646e-03 -6.811812e-03 -2.021806e+01 1.568907e-03 9.999944e-01 2.969913e-03 -1.312166e-01 6.807174e-03 -2.980527e-03 9.999724e-01 8.334959e+01
9.999977e-01 1.232122e-03 -1.751817e-03 -2.023016e+01 -1.237344e-03 9.999948e-01 -2.982756e-03 -1.392306e-01 1.748133e-03 2.984916e-03 9.999940e-01 8.351240e+01
9.999746e-01 -1.213680e-03 -7.016728e-03 -2.025235e+01 1.233741e-03 9.999952e-01 2.855363e-03 -1.457343e-01 7.013229e-03 -2.863947e-03 9.999713e-01 8.371798e+01
9.999942e-01 1.542737e-03 -3.027932e-03 -2.030325e+01 -1.551488e-03 9.999946e-01 -2.889738e-03 -1.506370e-01 3.023458e-03 2.894419e-03 9.999912e-01 8.404727e+01
9.999744e-01 -1.173794e-03 -7.052354e-03 -2.036011e+01 1.193325e-03 9.999955e-01 2.765873e-03 -1.548762e-01 7.049076e-03 -2.774217e-03 9.999713e-01 8.441186e+01
9.999990e-01 9.571019e-04 -1.028372e-03 -2.040195e+01 -9.600913e-04 9.999953e-01 -2.909872e-03 -1.612995e-01 1.025582e-03 2.910856e-03 9.999952e-01 8.466401e+01
9.999723e-01 -1.808771e-03 -7.213054e-03 -2.027245e+01 1.830672e-03 9.999937e-01 3.030755e-03 -1.742300e-01 7.207527e-03 -3.043875e-03 9.999694e-01 8.463260e+01
9.999972e-01 1.037663e-03 -2.105004e-03 -2.005947e+01 -1.043351e-03 9.999958e-01 -2.702630e-03 -1.889654e-01 2.102191e-03 2.704818e-03 9.999941e-01 8.454407e+01
9.999734e-01 -1.673044e-03 -7.105687e-03 -1.989213e+01 1.694933e-03 9.999938e-01 3.075550e-03 -2.015524e-01 7.100498e-03 -3.087511e-03 9.999700e-01 8.445814e+01
9.999989e-01 1.193638e-03 -9.143118e-04 -1.985433e+01 -1.196508e-03 9.999943e-01 -3.144898e-03 -2.108647e-01 9.105527e-04 3.145988e-03 9.999946e-01 8.455845e+01
9.999665e-01 -1.661761e-03 -8.017044e-03 -1.978550e+01 1.686765e-03 9.999937e-01 3.113072e-03 -2.215493e-01 8.011820e-03 -3.126490e-03 9.999630e-01 8.462475e+01
9.999990e-01 1.383750e-03 -2.080403e-04 -1.967097e+01 -1.384351e-03 9.999948e-01 -2.912708e-03 -2.337002e-01 2.040088e-04 2.912992e-03 9.999957e-01 8.459476e+01
9.999643e-01 -1.749876e-03 -8.261072e-03 -1.951882e+01 1.776414e-03 9.999933e-01 3.206095e-03 -2.460347e-01 8.255406e-03 -3.220655e-03 9.999607e-01 8.453397e+01
9.999989e-01 1.503835e-03 -2.777781e-05 -1.940761e+01 -1.503911e-03 9.999946e-01 -2.931137e-03 -2.577593e-01 2.336970e-05 2.931175e-03 9.999957e-01 8.452863e+01
9.999631e-01 -2.079167e-03 -8.330304e-03 -1.934482e+01 2.103868e-03 9.999934e-01 2.957533e-03 -2.686472e-01 8.324100e-03 -2.974949e-03 9.999609e-01 8.457250e+01
9.999986e-01 1.661060e-03 5.224334e-05 -1.930931e+01 -1.660899e-03 9.999943e-01 -2.951278e-03 -2.783391e-01 -5.714530e-05 2.951187e-03 9.999956e-01 8.467824e+01
9.999598e-01 -1.874201e-03 -8.768427e-03 -1.929550e+01 1.899559e-03 9.999940e-01 2.884570e-03 -2.865014e-01 8.762969e-03 -2.901110e-03 9.999574e-01 8.484649e+01
9.999983e-01 1.524503e-03 1.017716e-03 -1.929892e+01 -1.521468e-03 9.999944e-01 -2.977686e-03 -2.946067e-01 -1.022250e-03 2.976132e-03 9.999950e-01 8.498470e+01
9.999596e-01 -1.776426e-03 -8.805864e-03 -1.920580e+01 1.804835e-03 9.999932e-01 3.219183e-03 -3.059957e-01 8.800086e-03 -3.234945e-03 9.999560e-01 8.496278e+01
9.999990e-01 1.348953e-03 4.911744e-04 -1.909793e+01 -1.347477e-03 9.999946e-01 -2.994823e-03 -3.175566e-01 -4.952116e-04 2.994158e-03 9.999954e-01 8.494227e+01
9.999625e-01 -1.402635e-03 -8.547313e-03 -1.897136e+01 1.430695e-03 9.999936e-01 3.277687e-03 -3.291414e-01 8.542661e-03 -3.289792e-03 9.999581e-01 8.492422e+01
9.999992e-01 1.207490e-03 2.725639e-04 -1.882014e+01 -1.206665e-03 9.999947e-01 -3.010663e-03 -3.410816e-01 -2.761978e-04 3.010331e-03 9.999954e-01 8.490157e+01
9.999623e-01 -1.321432e-03 -8.584937e-03 -1.867963e+01 1.349590e-03 9.999937e-01 3.274967e-03 -3.528030e-01 8.580556e-03 -3.286429e-03 9.999578e-01 8.489243e+01
9.999993e-01 1.191043e-03 8.402353e-05 -1.850749e+01 -1.190792e-03 9.999950e-01 -2.929676e-03 -3.651424e-01 -8.751246e-05 2.929573e-03 9.999957e-01 8.486903e+01
9.999606e-01 -1.818598e-03 -8.691234e-03 -1.844649e+01 1.844746e-03 9.999938e-01 3.001419e-03 -3.755511e-01 8.685721e-03 -3.017333e-03 9.999577e-01 8.496203e+01
9.999985e-01 1.594662e-03 6.403687e-04 -1.846686e+01 -1.592647e-03 9.999938e-01 -3.136435e-03 -3.826952e-01 -6.453663e-04 3.135410e-03 9.999949e-01 8.516008e+01
9.999592e-01 -1.893186e-03 -8.834066e-03 -1.842742e+01 1.920574e-03 9.999934e-01 3.092766e-03 -3.923165e-01 8.828153e-03 -3.109605e-03 9.999562e-01 8.523203e+01
9.999991e-01 1.181991e-03 6.997544e-04 -1.838275e+01 -1.179987e-03 9.999952e-01 -2.859067e-03 -4.023744e-01 -7.031304e-04 2.858238e-03 9.999957e-01 8.526491e+01
9.999641e-01 -1.981289e-03 -8.235259e-03 -1.831773e+01 2.006667e-03 9.999933e-01 3.074474e-03 -4.130931e-01 8.229112e-03 -3.090889e-03 9.999614e-01 8.526761e+01
9.999990e-01 1.435044e-03 -1.627905e-04 -1.819316e+01 -1.435496e-03 9.999950e-01 -2.806156e-03 -4.257009e-01 1.587628e-04 2.806387e-03 9.999960e-01 8.521626e+01
9.999647e-01 -2.609605e-03 -7.981849e-03 -1.815001e+01 2.635898e-03 9.999911e-01 3.285288e-03 -4.362703e-01 7.973205e-03 -3.306211e-03 9.999627e-01 8.522874e+01
9.999975e-01 2.183071e-03 5.489646e-04 -1.815803e+01 -2.181248e-03 9.999922e-01 -3.301821e-03 -4.445093e-01 -5.561684e-04 3.300614e-03 9.999944e-01 8.533642e+01
9.999624e-01 -2.230308e-03 -8.379057e-03 -1.806923e+01 2.260136e-03 9.999911e-01 3.551988e-03 -4.557395e-01 8.371061e-03 -3.570791e-03 9.999586e-01 8.532459e+01
9.999919e-01 3.858243e-03 -1.169354e-03 -1.777710e+01 -3.861203e-03 9.999893e-01 -2.538714e-03 -4.695334e-01 1.159547e-03 2.543208e-03 9.999961e-01 8.517581e+01
9.999588e-01 -4.775874e-03 -7.718209e-03 -1.751688e+01 4.798008e-03 9.999844e-01 2.851713e-03 -4.839340e-01 7.704469e-03 -2.888627e-03 9.999661e-01 8.508130e+01
9.999896e-01 4.501113e-03 -7.058142e-04 -1.732735e+01 -4.502803e-03 9.999870e-01 -2.410712e-03 -4.966656e-01 6.949542e-04 2.413865e-03 9.999968e-01 8.501030e+01
9.999538e-01 -5.355595e-03 -7.979437e-03 -1.722665e+01 5.375990e-03 9.999823e-01 2.536554e-03 -5.079471e-01 7.965711e-03 -2.579334e-03 9.999649e-01 8.501247e+01
9.999878e-01 4.930587e-03 9.259893e-05 -1.719899e+01 -4.930335e-03 9.999846e-01 -2.553379e-03 -5.176141e-01 -1.051871e-04 2.552891e-03 9.999967e-01 8.508231e+01
9.999519e-01 -5.546033e-03 -8.090132e-03 -1.714510e+01 5.566119e-03 9.999815e-01 2.462247e-03 -5.277632e-01 8.076326e-03 -2.507159e-03 9.999642e-01 8.513426e+01
9.999859e-01 5.305694e-03 3.375728e-07 -1.706917e+01 -5.305679e-03 9.999832e-01 -2.350265e-03 -5.382468e-01 -1.280729e-05 2.350229e-03 9.999972e-01 8.518091e+01
9.999517e-01 -5.596226e-03 -8.074264e-03 -1.698134e+01 5.616160e-03 9.999812e-01 2.448215e-03 -5.492013e-01 8.060411e-03 -2.493443e-03 9.999644e-01 8.521041e+01
9.999852e-01 5.442908e-03 -8.928515e-07 -1.686402e+01 -5.442898e-03 9.999828e-01 -2.178199e-03 -5.607619e-01 -1.096284e-05 2.178171e-03 9.999976e-01 8.520346e+01
9.999470e-01 -5.937016e-03 -8.405448e-03 -1.679575e+01 5.955426e-03 9.999799e-01 2.166757e-03 -5.715367e-01 8.392415e-03 -2.216699e-03 9.999623e-01 8.524596e+01
9.999864e-01 5.203652e-03 3.793411e-04 -1.671793e+01 -5.202847e-03 9.999843e-01 -2.094283e-03 -5.825038e-01 -3.902330e-04 2.092281e-03 9.999977e-01 8.525551e+01
9.999447e-01 -5.796123e-03 -8.772956e-03 -1.667138e+01 5.816125e-03 9.999805e-01 2.256121e-03 -5.929951e-01 8.759708e-03 -2.307020e-03 9.999590e-01 8.529385e+01
9.999851e-01 5.439591e-03 3.841775e-04 -1.665479e+01 -5.438676e-03 9.999825e-01 -2.343559e-03 -6.019962e-01 -3.969187e-04 2.341434e-03 9.999972e-01 8.540236e+01
9.999496e-01 -5.757922e-03 -8.222411e-03 -1.665964e+01 5.776614e-03 9.999808e-01 2.251295e-03 -6.102427e-01 8.209290e-03 -2.298679e-03 9.999637e-01 8.552606e+01
9.999854e-01 5.391556e-03 4.627009e-04 -1.665928e+01 -5.390494e-03 9.999829e-01 -2.267611e-03 -6.187690e-01 -4.749188e-04 2.265083e-03 9.999973e-01 8.563189e+01
9.999484e-01 -5.702403e-03 -8.401550e-03 -1.665279e+01 5.721637e-03 9.999811e-01 2.266919e-03 -6.275601e-01 8.388464e-03 -2.314873e-03 9.999621e-01 8.572836e+01
9.999871e-01 5.039762e-03 5.516879e-04 -1.657371e+01 -5.038566e-03 9.999850e-01 -2.150160e-03 -6.388876e-01 -5.625158e-04 2.147352e-03 9.999975e-01 8.574340e+01
9.999490e-01 -5.429625e-03 -8.510017e-03 -1.649431e+01 5.450861e-03 9.999821e-01 2.474161e-03 -6.503318e-01 8.496431e-03 -2.520421e-03 9.999607e-01 8.571886e+01
9.999883e-01 4.823570e-03 2.507178e-04 -1.642509e+01 -4.822937e-03 9.999853e-01 -2.469186e-03 -6.616747e-01 -2.626243e-04 2.467948e-03 9.999969e-01 8.572695e+01
9.999494e-01 -5.664845e-03 -8.309892e-03 -1.633821e+01 5.686637e-03 9.999804e-01 2.601036e-03 -6.734338e-01 8.294995e-03 -2.648160e-03 9.999621e-01 8.575863e+01
9.999857e-01 5.306150e-03 6.806601e-04 -1.622760e+01 -5.304727e-03 9.999838e-01 -2.076629e-03 -6.850700e-01 -6.916679e-04 2.072988e-03 9.999976e-01 8.577764e+01
9.999367e-01 -6.286268e-03 -9.335775e-03 -1.618600e+01 6.308423e-03 9.999774e-01 2.345521e-03 -6.958273e-01 9.320819e-03 -2.404266e-03 9.999537e-01 8.580804e+01
9.999811e-01 5.980174e-03 1.444240e-03 -1.619977e+01 -5.976836e-03 9.999795e-01 -2.305137e-03 -7.034951e-01 -1.457995e-03 2.296461e-03 9.999963e-01 8.593278e+01
9.999298e-01 -6.344489e-03 -1.000817e-02 -1.613171e+01 6.368313e-03 9.999770e-01 2.350317e-03 -7.146833e-01 9.993030e-03 -2.413887e-03 9.999472e-01 8.593251e+01
9.999799e-01 6.298630e-03 7.137296e-04 -1.619287e+01 -6.296873e-03 9.999772e-01 -2.439215e-03 -7.186712e-01 -7.290770e-04 2.434672e-03 9.999968e-01 8.627172e+01
9.999533e-01 -6.228250e-03 -7.395309e-03 -1.631456e+01 6.242224e-03 9.999788e-01 1.867959e-03 -7.199628e-01 7.383517e-03 -1.914034e-03 9.999709e-01 8.670317e+01
9.999791e-01 6.418467e-03 -7.528156e-04 -1.643089e+01 -6.420089e-03 9.999770e-01 -2.171494e-03 -7.210254e-01 7.388608e-04 2.176281e-03 9.999974e-01 8.717361e+01
9.999455e-01 -6.269450e-03 -8.351325e-03 -1.650640e+01 6.287092e-03 9.999781e-01 2.087900e-03 -7.236366e-01 8.338052e-03 -2.140291e-03 9.999629e-01 8.759318e+01
9.999718e-01 7.248853e-03 -1.968070e-03 -1.668802e+01 -7.254416e-03 9.999697e-01 -2.833990e-03 -7.180104e-01 1.947468e-03 2.848187e-03 9.999940e-01 8.836859e+01
9.999587e-01 -6.848660e-03 -5.981082e-03 -1.681988e+01 6.863801e-03 9.999733e-01 2.514574e-03 -7.161480e-01 5.963701e-03 -2.555523e-03 9.999790e-01 8.894845e+01
9.999773e-01 6.348302e-03 -2.262415e-03 -1.674989e+01 -6.353458e-03 9.999772e-01 -2.279021e-03 -7.270934e-01 2.247896e-03 2.293343e-03 9.999948e-01 8.894567e+01
9.999564e-01 -6.654524e-03 -6.557657e-03 -1.679736e+01 6.670164e-03 9.999750e-01 2.365884e-03 -7.327005e-01 6.541749e-03 -2.409521e-03 9.999757e-01 8.919745e+01
9.999791e-01 6.397066e-03 -8.908373e-04 -1.684381e+01 -6.399474e-03 9.999758e-01 -2.727234e-03 -7.385310e-01 8.733696e-04 2.732877e-03 9.999959e-01 8.950037e+01
9.999457e-01 -7.105309e-03 -7.623314e-03 -1.674859e+01 7.127255e-03 9.999705e-01 2.855364e-03 -7.504659e-01 7.602801e-03 -2.909542e-03 9.999669e-01 8.952209e+01
9.999791e-01 6.389870e-03 -9.346811e-04 -1.669774e+01 -6.392275e-03 9.999762e-01 -2.592804e-03 -7.615092e-01 9.180914e-04 2.598725e-03 9.999962e-01 8.955420e+01
9.999480e-01 -6.871902e-03 -7.529866e-03 -1.664144e+01 6.890324e-03 9.999733e-01 2.423335e-03 -7.718392e-01 7.513012e-03 -2.475092e-03 9.999687e-01 8.964460e+01
9.999027e-01 -2.877727e-03 -1.364994e-02 -1.622793e+01 2.831347e-03 9.999902e-01 -3.415921e-03 -7.855346e-01 1.365964e-02 3.376940e-03 9.999010e-01 8.944641e+01
9.999994e-01 4.539499e-04 1.045807e-03 -1.567401e+01 -4.584123e-04 9.999908e-01 4.271310e-03 -8.055066e-01 -1.043859e-03 -4.271787e-03 9.999903e-01 8.918617e+01
9.999588e-01 -1.256268e-03 -8.986538e-03 -1.545948e+01 1.222611e-03 9.999922e-01 -3.749702e-03 -8.197088e-01 8.991179e-03 3.738560e-03 9.999526e-01 8.910338e+01
9.999993e-01 -3.796571e-04 1.083989e-03 -1.544613e+01 3.760384e-04 9.999944e-01 3.337207e-03 -8.256249e-01 -1.085250e-03 -3.336797e-03 9.999938e-01 8.932191e+01
9.999524e-01 1.254624e-03 -9.673418e-03 -1.539976e+01 -1.288972e-03 9.999929e-01 -3.545295e-03 -8.366770e-01 9.668901e-03 3.557595e-03 9.999469e-01 8.945484e+01
9.999977e-01 -2.003822e-03 7.503383e-04 -1.533302e+01 2.001110e-03 9.999915e-01 3.597806e-03 -8.472278e-01 -7.575415e-04 -3.596296e-03 9.999932e-01 8.956356e+01
9.999502e-01 1.878568e-03 -9.802664e-03 -1.535040e+01 -1.915829e-03 9.999910e-01 -3.792973e-03 -8.534960e-01 9.795450e-03 3.811564e-03 9.999448e-01 8.984894e+01
9.999951e-01 -2.402943e-03 2.027070e-03 -1.536407e+01 2.395787e-03 9.999909e-01 3.525736e-03 -8.608357e-01 -2.035524e-03 -3.520861e-03 9.999917e-01 9.006056e+01
9.999420e-01 1.996876e-03 -1.058673e-02 -1.525378e+01 -2.031321e-03 9.999927e-01 -3.243742e-03 -8.725066e-01 1.058018e-02 3.265058e-03 9.999387e-01 9.009760e+01
9.999941e-01 -2.847455e-03 1.947134e-03 -1.516347e+01 2.840942e-03 9.999904e-01 3.339898e-03 -8.832343e-01 -1.956626e-03 -3.334346e-03 9.999925e-01 9.019656e+01
9.999507e-01 2.536845e-03 -9.602891e-03 -1.518329e+01 -2.571224e-03 9.999903e-01 -3.569318e-03 -8.902040e-01 9.593744e-03 3.593833e-03 9.999475e-01 9.041012e+01
9.999954e-01 -2.870357e-03 9.568574e-04 -1.517554e+01 2.866904e-03 9.999894e-01 3.591398e-03 -8.983352e-01 -9.671561e-04 -3.588638e-03 9.999931e-01 9.056133e+01
