9.978189e-01 -1.643891e-03 -6.599052e-02 2.380988e+00 1.459712e-03 9.999949e-01 -2.839109e-03 -3.552954e-02 6.599485e-02 2.736589e-03 9.978162e-01 -4.465087e-01
9.981712e-01 1.932426e-03 6.041973e-02 2.330634e+00 -2.136649e-03 9.999922e-01 3.315661e-03 -4.109504e-02 -6.041285e-02 -3.438692e-03 9.981676e-01 -2.024224e-01
9.977488e-01 -1.822903e-03 -6.703799e-02 2.407102e+00 1.604400e-03 9.999932e-01 -3.313092e-03 -4.973529e-02 6.704358e-02 3.198077e-03 9.977449e-01 -1.614408e-01
9.986511e-01 -7.989972e-03 5.130447e-02 2.976899e+00 7.829372e-03 9.999638e-01 3.330532e-03 -6.473868e-02 -5.132922e-02 -2.924357e-03 9.986775e-01 -3.329186e-01
9.982985e-01 8.641726e-03 -5.766612e-02 3.189638e+00 -8.820305e-03 9.999571e-01 -2.842975e-03 -7.603760e-02 5.763908e-02 3.346770e-03 9.983319e-01 -4.043237e-01
9.987226e-01 -7.919134e-03 4.990441e-02 3.205236e+00 7.706653e-03 9.999604e-01 4.448728e-03 -8.404717e-02 -4.993767e-02 -4.058448e-03 9.987441e-01 -1.217102e-01
9.984987e-01 8.241537e-03 -5.415132e-02 3.214383e+00 -8.470397e-03 9.999561e-01 -3.998144e-03 -9.179270e-02 5.411599e-02 4.450824e-03 9.985247e-01 1.045380e-01
9.988235e-01 -8.154907e-03 4.780254e-02 3.220718e+00 7.944490e-03 9.999579e-01 4.590144e-03 -1.004001e-01 -4.783796e-02 -4.204976e-03 9.988463e-01 2.867256e-01
9.985398e-01 8.345440e-03 -5.337284e-02 3.211996e+00 -8.564770e-03 9.999558e-01 -3.881985e-03 -1.082414e-01 5.333808e-02 4.333442e-03 9.985671e-01 4.642493e-01
9.988489e-01 -8.147251e-03 4.726977e-02 3.219760e+00 7.935951e-03 9.999577e-01 4.656051e-03 -1.166016e-01 -4.730570e-02 -4.275560e-03 9.988713e-01 6.400784e-01
9.985670e-01 8.245974e-03 -5.287611e-02 3.287664e+00 -8.487877e-03 9.999545e-01 -4.351978e-03 -1.268788e-01 5.283782e-02 4.794547e-03 9.985916e-01 7.761341e-01
9.988747e-01 -8.131179e-03 4.672522e-02 3.297924e+00 7.907509e-03 9.999564e-01 4.969779e-03 -1.353854e-01 -4.676359e-02 -4.594706e-03 9.988954e-01 9.256656e-01
9.985618e-01 8.233468e-03 -5.297605e-02 3.343567e+00 -8.476090e-03 9.999546e-01 -4.356797e-03 -1.446827e-01 5.293777e-02 4.799560e-03 9.985863e-01 1.014980e+00
9.988952e-01 -7.966987e-03 4.631369e-02 3.347446e+00 7.735474e-03 9.999567e-01 5.175889e-03 -1.524463e-01 -4.635292e-02 -4.811911e-03 9.989135e-01 1.260187e+00
9.986611e-01 8.205908e-03 -5.107505e-02 3.328306e+00 -8.457293e-03 9.999532e-01 -4.707689e-03 -1.585652e-01 5.103403e-02 5.133342e-03 9.986837e-01 1.469137e+00
9.989667e-01 -8.071739e-03 4.472618e-02 3.346450e+00 7.844099e-03 9.999554e-01 5.262820e-03 -1.672862e-01 -4.476666e-02 -4.906544e-03 9.989854e-01 1.635347e+00
9.986898e-01 8.438021e-03 -5.047162e-02 3.252230e+00 -8.655242e-03 9.999542e-01 -4.086810e-03 -1.710910e-01 5.043482e-02 4.518299e-03 9.987171e-01 1.970702e+00
9.989445e-01 -7.974291e-03 4.523699e-02 3.097382e+00 7.735936e-03 9.999553e-01 5.441643e-03 -1.717788e-01 -4.527836e-02 -5.085948e-03 9.989615e-01 2.406117e+00
9.987036e-01 8.522208e-03 -5.018467e-02 2.943944e+00 -8.740880e-03 9.999532e-01 -4.139474e-03 -1.726874e-01 5.014705e-02 4.572765e-03 9.987314e-01 2.861347e+00
9.989478e-01 -8.113927e-03 4.513750e-02 2.834706e+00 7.885806e-03 9.999552e-01 5.229680e-03 -1.755608e-01 -4.517791e-02 -4.868231e-03 9.989671e-01 3.266037e+00
9.986820e-01 8.620388e-03 -5.059662e-02 2.744260e+00 -8.832401e-03 9.999531e-01 -3.968168e-03 -1.791656e-01 5.056004e-02 4.409827e-03 9.987113e-01 3.636307e+00
9.989135e-01 -8.204077e-03 4.587445e-02 2.626687e+00 7.977462e-03 9.999551e-01 5.120797e-03 -1.815836e-01 -4.591440e-02 -4.749271e-03 9.989341e-01 4.018079e+00
9.986594e-01 8.727226e-03 -5.102244e-02 2.496622e+00 -8.933380e-03 9.999528e-01 -3.813805e-03 -1.834880e-01 5.098675e-02 4.264495e-03 9.986902e-01 4.447637e+00
9.989103e-01 -8.267534e-03 4.593299e-02 2.356210e+00 8.037789e-03 9.999543e-01 5.184185e-03 -1.848577e-01 -4.597375e-02 -4.809335e-03 9.989311e-01 4.878849e+00
9.986488e-01 8.778653e-03 -5.122091e-02 2.231770e+00 -8.986329e-03 9.999523e-01 -3.825615e-03 -1.868984e-01 5.118488e-02 4.280733e-03 9.986800e-01 5.268696e+00
9.988991e-01 -8.273571e-03 4.617509e-02 2.075248e+00 8.036525e-03 9.999536e-01 5.316920e-03 -1.874708e-01 -4.621693e-02 -4.939979e-03 9.989192e-01 5.742293e+00
9.985729e-01 8.668511e-03 -5.269759e-02 2.081353e+00 -8.930595e-03 9.999489e-01 -4.739911e-03 -1.937539e-01 5.265381e-02 5.203767e-03 9.985993e-01 5.891405e+00
9.989199e-01 -8.161993e-03 4.574192e-02 2.265567e+00 7.928984e-03 9.999547e-01 5.273113e-03 -2.052306e-01 -4.578288e-02 -4.904730e-03 9.989394e-01 5.865102e+00
9.985621e-01 8.603836e-03 -5.291283e-02 2.211885e+00 -8.836679e-03 9.999523e-01 -4.168110e-03 -2.110450e-01 5.287444e-02 4.629690e-03 9.985904e-01 6.261628e+00
9.988016e-01 -7.973934e-03 4.828952e-02 1.987784e+00 7.695301e-03 9.999527e-01 5.953230e-03 -2.084920e-01 -4.833470e-02 -5.574493e-03 9.988156e-01 6.885291e+00
9.985523e-01 8.755883e-03 -5.307197e-02 1.771421e+00 -8.985784e-03 9.999512e-01 -4.094805e-03 -2.060072e-01 5.303353e-02 4.565769e-03 9.985823e-01 7.476601e+00
9.987714e-01 -8.035895e-03 4.889893e-02 1.509054e+00 7.751771e-03 9.999520e-01 5.997319e-03 -2.015432e-01 -4.894478e-02 -5.610897e-03 9.987857e-01 8.174196e+00
9.985538e-01 8.477872e-03 -5.308843e-02 1.364724e+00 -8.749664e-03 9.999498e-01 -4.889296e-03 -2.020288e-01 5.304432e-02 5.346731e-03 9.985778e-01 8.591072e+00
9.988364e-01 -8.245694e-03 4.751781e-02 1.313291e+00 7.978949e-03 9.999513e-01 5.800536e-03 -2.077220e-01 -4.756332e-02 -5.414643e-03 9.988535e-01 8.823351e+00
9.985528e-01 8.772464e-03 -5.305929e-02 1.194348e+00 -9.018678e-03 9.999496e-01 -4.402689e-03 -2.101785e-01 5.301800e-02 4.874841e-03 9.985817e-01 9.262046e+00
9.988182e-01 -8.157012e-03 4.791316e-02 9.945911e-01 7.872406e-03 9.999502e-01 6.125744e-03 -2.087726e-01 -4.796075e-02 -5.741312e-03 9.988327e-01 9.862871e+00
9.985620e-01 8.799680e-03 -5.288244e-02 7.960812e-01 -9.052040e-03 9.999487e-01 -4.534474e-03 -2.073845e-01 5.283983e-02 5.006647e-03 9.985904e-01 1.044737e+01
9.988320e-01 -8.416220e-03 4.757941e-02 6.880499e-01 8.154245e-03 9.999505e-01 5.697483e-03 -2.103695e-01 -4.762500e-02 -5.302854e-03 9.988512e-01 1.082197e+01
9.985359e-01 8.770411e-03 -5.337733e-02 6.279952e-01 -9.024064e-03 9.999491e-01 -4.512909e-03 -2.156320e-01 5.333503e-02 4.987981e-03 9.985642e-01 1.111143e+01
9.988087e-01 -8.571463e-03 4.803945e-02 5.784533e-01 8.326348e-03 9.999513e-01 5.300171e-03 -2.215288e-01 -4.808254e-02 -4.893863e-03 9.988314e-01 1.137508e+01
9.985131e-01 8.929762e-03 -5.377591e-02 5.528721e-01 -9.176037e-03 9.999485e-01 -4.334498e-03 -2.281836e-01 5.373444e-02 4.821502e-03 9.985436e-01 1.166970e+01
9.987999e-01 -8.648831e-03 4.820769e-02 5.241016e-01 8.408926e-03 9.999512e-01 5.177078e-03 -2.348841e-01 -4.825012e-02 -4.765489e-03 9.988239e-01 1.198365e+01
9.984933e-01 9.052542e-03 -5.412193e-02 4.329102e-01 -9.275307e-03 9.999495e-01 -3.866215e-03 -2.389945e-01 5.408419e-02 4.362386e-03 9.985268e-01 1.230967e+01
9.987637e-01 -8.694891e-03 4.894362e-02 3.154467e-01 8.455368e-03 9.999513e-01 5.098777e-03 -2.415071e-01 -4.898556e-02 -4.678637e-03 9.987885e-01 1.265649e+01
9.984973e-01 8.991777e-03 -5.405868e-02 2.617951e-01 -9.231751e-03 9.999486e-01 -4.191052e-03 -2.466038e-01 5.401822e-02 4.683809e-03 9.985290e-01 1.291931e+01
9.988047e-01 -8.822399e-03 4.807583e-02 2.703776e-01 8.600304e-03 9.999514e-01 4.824580e-03 -2.547493e-01 -4.811605e-02 -4.405346e-03 9.988320e-01 1.312545e+01
9.985037e-01 9.254135e-03 -5.389595e-02 1.945926e-01 -9.463882e-03 9.999486e-01 -3.637783e-03 -2.589891e-01 5.385952e-02 4.142404e-03 9.985399e-01 1.348228e+01
9.987792e-01 -8.907426e-03 4.858747e-02 7.628331e-02 8.685500e-03 9.999509e-01 4.776781e-03 -2.615198e-01 -4.862764e-02 -4.348943e-03 9.988075e-01 1.384637e+01
9.984760e-01 9.288915e-03 -5.439969e-02 -2.323842e-02 -9.490840e-03 9.999490e-01 -3.454691e-03 -2.652858e-01 5.436483e-02 3.965724e-03 9.985133e-01 1.418095e+01
9.987627e-01 -8.861878e-03 4.893485e-02 -1.304070e-01 8.641830e-03 9.999516e-01 4.706515e-03 -2.682140e-01 -4.897419e-02 -4.277804e-03 9.987909e-01 1.453525e+01
9.984895e-01 9.329864e-03 -5.414463e-02 -2.280360e-01 -9.531999e-03 9.999485e-01 -3.476189e-03 -2.715769e-01 5.410941e-02 3.987044e-03 9.985271e-01 1.489088e+01
9.987678e-01 -8.954778e-03 4.881248e-02 -3.355501e-01 8.731387e-03 9.999504e-01 4.787831e-03 -2.745140e-01 -4.885293e-02 -4.355730e-03 9.987965e-01 1.522951e+01
9.984825e-01 9.558138e-03 -5.423500e-02 -4.740676e-01 -9.746224e-03 9.999474e-01 -3.204553e-03 -2.757722e-01 5.420151e-02 3.728276e-03 9.985231e-01 1.563793e+01
9.987314e-01 -9.184283e-03 4.950940e-02 -5.759954e-01 8.985288e-03 9.999506e-01 4.240428e-03 -2.791298e-01 -4.954590e-02 -3.790192e-03 9.987647e-01 1.600464e+01
9.984485e-01 9.523071e-03 -5.486275e-02 -6.375970e-01 -9.716219e-03 9.999475e-01 -3.254902e-03 -2.843715e-01 5.482887e-02 3.782910e-03 9.984886e-01 1.629089e+01
9.987319e-01 -9.235166e-03 4.949142e-02 -6.996419e-01 9.031790e-03 9.999498e-01 4.331404e-03 -2.894234e-01 -4.952894e-02 -3.878914e-03 9.987652e-01 1.654400e+01
9.984540e-01 9.684755e-03 -5.473353e-02 -8.027842e-01 -9.865838e-03 9.999467e-01 -3.039201e-03 -2.925116e-01 5.470118e-02 3.574493e-03 9.984964e-01 1.686880e+01
9.987415e-01 -9.293466e-03 4.928455e-02 -9.072181e-01 9.094472e-03 9.999496e-01 4.260371e-03 -2.954422e-01 -4.932165e-02 -3.806792e-03 9.987757e-01 1.723374e+01
9.984533e-01 9.875671e-03 -5.471287e-02 -1.032291e+00 -1.004386e-02 9.999456e-01 -2.799822e-03 -2.980002e-01 5.468224e-02 3.345019e-03 9.984982e-01 1.763688e+01
9.987194e-01 -9.441474e-03 4.970348e-02 -1.155193e+00 9.252419e-03 9.999491e-01 4.032375e-03 -2.999811e-01 -4.973902e-02 -3.567333e-03 9.987559e-01 1.803909e+01
9.984357e-01 9.781876e-03 -5.504948e-02 -1.241000e+00 -9.956324e-03 9.999462e-01 -2.895551e-03 -3.040561e-01 5.501819e-02 3.439112e-03 9.984794e-01 1.834854e+01
9.987148e-01 -9.512074e-03 4.978228e-02 -1.322335e+00 9.324679e-03 9.999485e-01 3.995185e-03 -3.084117e-01 -4.981772e-02 -3.525846e-03 9.987521e-01 1.861393e+01
9.983988e-01 1.005068e-02 -5.566792e-02 -1.433991e+00 -1.020861e-02 9.999446e-01 -2.553447e-03 -3.110602e-01 5.563918e-02 3.117650e-03 9.984461e-01 1.897777e+01
9.986967e-01 -9.493813e-03 5.014667e-02 -1.568073e+00 9.302946e-03 9.999486e-01 4.038226e-03 -3.127490e-01 -5.018243e-02 -3.566451e-03 9.987337e-01 1.940492e+01
9.984195e-01 9.993395e-03 -5.530545e-02 -1.656187e+00 -1.016632e-02 9.999443e-01 -2.846326e-03 -3.168398e-01 5.527392e-02 3.404080e-03 9.984654e-01 1.978184e+01
9.987301e-01 -9.198965e-03 4.953313e-02 -1.838657e+00 8.969506e-03 9.999480e-01 4.852737e-03 -3.164972e-01 -4.957520e-02 -4.402286e-03 9.987607e-01 2.035015e+01
9.984926e-01 1.020392e-02 -5.392919e-02 -2.111929e+00 -1.037119e-02 9.999422e-01 -2.822762e-03 -3.107913e-01 5.389727e-02 3.377816e-03 9.985408e-01 2.103991e+01
9.986943e-01 -9.632201e-03 5.016937e-02 -2.201902e+00 9.445456e-03 9.999476e-01 3.958054e-03 -3.136948e-01 -5.020486e-02 -3.479013e-03 9.987329e-01 2.142200e+01
9.983263e-01 9.659765e-03 -5.702076e-02 -2.172956e+00 -9.859025e-03 9.999462e-01 -3.214237e-03 -3.218096e-01 5.698665e-02 3.771026e-03 9.983678e-01 2.165964e+01
9.986413e-01 -9.241227e-03 5.128540e-02 -2.271144e+00 9.022746e-03 9.999492e-01 4.490011e-03 -3.252561e-01 -5.132428e-02 -4.021175e-03 9.986739e-01 2.203388e+01
9.983232e-01 9.809391e-03 -5.704907e-02 -2.372621e+00 -1.000376e-02 9.999451e-01 -3.122535e-03 -3.288237e-01 5.701530e-02 3.688004e-03 9.983665e-01 2.249800e+01
9.986395e-01 -9.120968e-03 5.134132e-02 -2.500965e+00 8.898477e-03 9.999500e-01 4.560493e-03 -3.313556e-01 -5.138035e-02 -4.097429e-03 9.986708e-01 2.308624e+01
9.983461e-01 9.962621e-03 -5.662044e-02 -2.652497e+00 -1.014597e-02 9.999442e-01 -2.951666e-03 -3.327111e-01 5.658787e-02 3.521253e-03 9.983914e-01 2.370775e+01
9.986187e-01 -9.321790e-03 5.170885e-02 -2.752353e+00 9.121067e-03 9.999499e-01 4.116420e-03 -3.366618e-01 -5.174463e-02 -3.639094e-03 9.986537e-01 2.425016e+01
9.983306e-01 9.835166e-03 -5.691543e-02 -2.811980e+00 -1.003133e-02 9.999447e-01 -3.161985e-03 -3.425479e-01 5.688118e-02 3.727644e-03 9.983740e-01 2.467799e+01
9.986382e-01 -9.380238e-03 5.131936e-02 -2.888754e+00 9.170643e-03 9.999486e-01 4.318087e-03 -3.472762e-01 -5.135723e-02 -3.841574e-03 9.986730e-01 2.511862e+01
9.983460e-01 1.057457e-02 -5.651090e-02 -3.068017e+00 -1.072628e-02 9.999396e-01 -2.381931e-03 -3.461555e-01 5.648231e-02 2.984142e-03 9.983991e-01 2.595580e+01
9.986155e-01 -9.710627e-03 5.169836e-02 -3.252113e+00 9.516861e-03 9.999467e-01 3.992872e-03 -3.462349e-01 -5.173438e-02 -3.495337e-03 9.986548e-01 2.670239e+01
9.983848e-01 1.039882e-02 -5.585363e-02 -3.395851e+00 -1.055767e-02 9.999410e-01 -2.549781e-03 -3.471888e-01 5.582382e-02 3.135346e-03 9.984357e-01 2.729768e+01
9.986568e-01 -9.853851e-03 5.086673e-02 -3.534874e+00 9.671323e-03 9.999459e-01 3.833271e-03 -3.497475e-01 -5.090175e-02 -3.336173e-03 9.986981e-01 2.776567e+01
9.983345e-01 1.029449e-02 -5.676444e-02 -3.561348e+00 -1.047219e-02 9.999411e-01 -2.833943e-03 -3.565939e-01 5.673192e-02 3.423670e-03 9.983836e-01 2.814221e+01
9.986556e-01 -9.858885e-03 5.089023e-02 -3.658273e+00 9.661608e-03 9.999448e-01 4.121062e-03 -3.605269e-01 -5.092805e-02 -3.623839e-03 9.986957e-01 2.861861e+01
9.983471e-01 1.065140e-02 -5.647737e-02 -3.804807e+00 -1.080286e-02 9.999388e-01 -2.377179e-03 -3.615520e-01 5.644860e-02 2.983366e-03 9.984010e-01 2.920465e+01
9.986155e-01 -9.988013e-03 5.164687e-02 -3.939804e+00 9.803428e-03 9.999446e-01 3.826077e-03 -3.634538e-01 -5.168222e-02 -3.314463e-03 9.986581e-01 2.975472e+01
9.983186e-01 1.063070e-02 -5.698245e-02 -4.025829e+00 -1.079541e-02 9.999384e-01 -2.583441e-03 -3.677186e-01 5.695147e-02 3.194246e-03 9.983718e-01 3.025176e+01
9.986006e-01 -1.013249e-02 5.190606e-02 -4.113389e+00 9.953708e-03 9.999436e-01 3.701654e-03 -3.721292e-01 -5.194064e-02 -3.179815e-03 9.986451e-01 3.067129e+01
9.982670e-01 1.076140e-02 -5.785478e-02 -4.212146e+00 -1.090673e-02 9.999381e-01 -2.196820e-03 -3.754881e-01 5.782755e-02 2.824019e-03 9.983226e-01 3.113284e+01
9.985844e-01 -9.986964e-03 5.224400e-02 -4.371005e+00 9.791779e-03 9.999441e-01 3.990665e-03 -3.759399e-01 -5.228093e-02 -3.473453e-03 9.986264e-01 3.173651e+01
9.982827e-01 1.063282e-02 -5.760705e-02 -4.486080e+00 -1.079583e-02 9.999386e-01 -2.519071e-03 -3.786809e-01 5.757672e-02 3.136660e-03 9.983362e-01 3.220386e+01
9.986008e-01 -9.880771e-03 5.195037e-02 -4.649548e+00 9.666074e-03 9.999437e-01 4.382381e-03 -3.789230e-01 -5.199074e-02 -3.874092e-03 9.986401e-01 3.279739e+01
9.983266e-01 1.061745e-02 -5.684350e-02 -4.812647e+00 -1.079091e-02 9.999380e-01 -2.745393e-03 -3.793635e-01 5.681082e-02 3.354192e-03 9.983793e-01 3.331860e+01
9.986314e-01 -1.027268e-02 5.128241e-02 -4.874000e+00 1.008763e-02 9.999416e-01 3.866120e-03 -3.845144e-01 -5.131913e-02 -3.343510e-03 9.986767e-01 3.362523e+01
9.983351e-01 1.049026e-02 -5.671875e-02 -4.898738e+00 -1.068166e-02 9.999382e-01 -3.072311e-03 -3.917641e-01 5.668301e-02 3.673045e-03 9.983855e-01 3.393227e+01
9.986498e-01 -1.005948e-02 5.096435e-02 -5.000882e+00 9.845782e-03 9.999417e-01 4.442388e-03 -3.954376e-01 -5.100606e-02 -3.934605e-03 9.986906e-01 3.432772e+01
9.983786e-01 1.067924e-02 -5.591143e-02 -5.151395e+00 -1.085959e-02 9.999368e-01 -2.922937e-03 -3.962294e-01 5.587668e-02 3.525372e-03 9.984315e-01 3.479178e+01
9.986816e-01 -1.004854e-02 5.033992e-02 -5.302397e+00 9.828071e-03 9.999410e-01 4.625229e-03 -3.974827e-01 -5.038343e-02 -4.124387e-03 9.987214e-01 3.524947e+01
9.984040e-01 1.080662e-02 -5.543113e-02 -5.494482e+00 -1.097783e-02 9.999359e-01 -2.785111e-03 -3.962496e-01 5.539748e-02 3.389179e-03 9.984586e-01 3.575381e+01
9.986599e-01 -1.035755e-02 5.070618e-02 -5.628909e+00 1.016495e-02 9.999401e-01 4.054814e-03 -3.977327e-01 -5.074514e-02 -3.533954e-03 9.987054e-01 3.615923e+01
9.983306e-01 1.057955e-02 -5.678079e-02 -5.673078e+00 -1.076731e-02 9.999375e-01 -3.001847e-03 -4.042576e-01 5.674548e-02 3.608211e-03 9.983822e-01 3.640056e+01
9.986256e-01 -1.034998e-02 5.137814e-02 -5.722869e+00 1.016049e-02 9.999406e-01 3.947941e-03 -4.098931e-01 -5.141595e-02 -3.420487e-03 9.986715e-01 3.664937e+01
9.982610e-01 1.099654e-02 -5.791451e-02 -5.825492e+00 -1.115206e-02 9.999350e-01 -2.362848e-03 -4.128500e-01 5.788476e-02 3.004604e-03 9.983188e-01 3.715249e+01
9.985828e-01 -1.059113e-02 5.215594e-02 -5.876627e+00 1.042398e-02 9.999396e-01 3.475680e-03 -4.186357e-01 -5.218960e-02 -2.927082e-03 9.986329e-01 3.747338e+01
9.982753e-01 1.104751e-02 -5.765718e-02 -5.918599e+00 -1.120410e-02 9.999344e-01 -2.393313e-03 -4.245351e-01 5.762696e-02 3.035181e-03 9.983336e-01 3.781016e+01
9.987146e-01 -8.037714e-03 5.004606e-02 -6.331805e+00 7.681402e-03 9.999438e-01 7.307956e-03 -4.141780e-01 -5.010198e-02 -6.914137e-03 9.987202e-01 3.961027e+01
9.986730e-01 4.993061e-03 -5.125677e-02 -6.594060e+00 -5.344771e-03 9.999631e-01 -6.726946e-03 -4.084404e-01 5.122129e-02 6.991974e-03 9.986629e-01 4.075714e+01
9.990186e-01 -4.498791e-03 4.406288e-02 -6.611420e+00 4.178068e-03 9.999641e-01 7.368160e-03 -4.140294e-01 -4.409445e-02 -7.176830e-03 9.990016e-01 4.096474e+01
9.986638e-01 4.696668e-03 -5.146425e-02 -6.622301e+00 -5.051985e-03 9.999643e-01 -6.776236e-03 -4.214655e-01 5.143059e-02 7.027177e-03 9.986518e-01 4.121791e+01
9.989571e-01 -4.358335e-03 4.545108e-02 -6.611782e+00 4.028053e-03 9.999648e-01 7.355817e-03 -4.287114e-01 -4.548155e-02 -7.165065e-03 9.989395e-01 4.138742e+01
9.986139e-01 4.675930e-03 -5.242518e-02 -6.638964e+00 -5.019018e-03 9.999668e-01 -6.414599e-03 -4.349347e-01 5.239344e-02 6.668830e-03 9.986043e-01 4.164161e+01
9.988893e-01 -4.378271e-03 4.691485e-02 -6.710652e+00 4.039479e-03 9.999651e-01 7.313805e-03 -4.396713e-01 -4.694524e-02 -7.116169e-03 9.988721e-01 4.200846e+01
9.986087e-01 4.935575e-03 -5.249980e-02 -6.834690e+00 -5.257400e-03 9.999682e-01 -5.993687e-03 -4.417232e-01 5.246855e-02 6.261360e-03 9.986029e-01 4.247856e+01
9.989010e-01 -4.340973e-03 4.666876e-02 -7.016299e+00 3.985863e-03 9.999624e-01 7.699528e-03 -4.407747e-01 -4.670043e-02 -7.505050e-03 9.988807e-01 4.304314e+01
9.986553e-01 5.065790e-03 -5.159384e-02 -7.196920e+00 -5.400178e-03 9.999653e-01 -6.343829e-03 -4.400704e-01 5.155991e-02 6.613914e-03 9.986480e-01 4.373779e+01
9.989266e-01 -4.345921e-03 4.611702e-02 -7.331079e+00 4.001937e-03 9.999635e-01 7.548654e-03 -4.420399e-01 -4.614814e-02 -7.355994e-03 9.989075e-01 4.432702e+01
9.986924e-01 4.793489e-03 -5.089784e-02 -7.417076e+00 -5.147352e-03 9.999635e-01 -6.823617e-03 -4.461058e-01 5.086327e-02 7.076683e-03 9.986806e-01 4.485542e+01
9.989321e-01 -4.328261e-03 4.599889e-02 -7.516428e+00 3.972227e-03 9.999615e-01 7.828641e-03 -4.496270e-01 -4.603100e-02 -7.637562e-03 9.989108e-01 4.539370e+01
9.986588e-01 4.592116e-03 -5.156955e-02 -7.621828e+00 -4.963113e-03 9.999627e-01 -7.068358e-03 -4.535093e-01 5.153517e-02 7.314823e-03 9.986444e-01 4.577658e+01
9.989578e-01 -4.532311e-03 4.541669e-02 -7.580549e+00 4.205365e-03 9.999646e-01 7.291782e-03 -4.618720e-01 -4.544812e-02 -7.093189e-03 9.989415e-01 4.583384e+01
9.985961e-01 4.942335e-03 -5.273880e-02 -7.390407e+00 -5.310426e-03 9.999625e-01 -6.841645e-03 -4.727051e-01 5.270300e-02 7.112105e-03 9.985849e-01 4.577468e+01
9.989563e-01 -4.907314e-03 4.541174e-02 -7.329514e+00 4.586075e-03 9.999637e-01 7.175415e-03 -4.828256e-01 -4.544530e-02 -6.959664e-03 9.989426e-01 4.587024e+01
9.986885e-01 5.120676e-03 -5.094260e-02 -7.358732e+00 -5.459285e-03 9.999639e-01 -6.509939e-03 -4.891473e-01 5.090742e-02 6.779510e-03 9.986804e-01 4.614002e+01
9.989862e-01 -4.918980e-03 4.474895e-02 -7.359646e+00 4.612985e-03 9.999653e-01 6.938741e-03 -4.963927e-01 -4.478153e-02 -6.725279e-03 9.989742e-01 4.631612e+01
9.986485e-01 5.173149e-03 -5.171395e-02 -7.245545e+00 -5.518421e-03 9.999634e-01 -6.536008e-03 -5.064570e-01 5.167825e-02 6.812554e-03 9.986405e-01 4.635097e+01
9.989921e-01 -5.096216e-03 4.459601e-02 -7.254960e+00 4.786370e-03 9.999637e-01 7.051862e-03 -5.142154e-01 -4.463033e-02 -6.831301e-03 9.989802e-01 4.660085e+01
9.986534e-01 5.736329e-03 -5.155983e-02 -7.408766e+00 -6.032233e-03 9.999662e-01 -5.585241e-03 -5.149583e-01 5.152605e-02 5.888741e-03 9.986543e-01 4.738734e+01
9.989056e-01 -5.087585e-03 4.649536e-02 -7.544746e+00 4.779112e-03 9.999658e-01 6.743273e-03 -5.170349e-01 -4.652808e-02 -6.513685e-03 9.988957e-01 4.805241e+01
9.986699e-01 5.113778e-03 -5.130484e-02 -7.648804e+00 -5.450473e-03 9.999645e-01 -6.424865e-03 -5.219046e-01 5.127016e-02 6.695954e-03 9.986624e-01 4.862002e+01
9.989524e-01 -4.745373e-03 4.551412e-02 -7.782493e+00 4.401633e-03 9.999611e-01 7.649629e-03 -5.245453e-01 -4.554864e-02 -7.441278e-03 9.989344e-01 4.920437e+01
9.986411e-01 4.997353e-03 -5.187427e-02 -7.819227e+00 -5.366251e-03 9.999613e-01 -6.974526e-03 -5.302852e-01 5.183741e-02 7.243418e-03 9.986293e-01 4.942364e+01
9.989958e-01 -4.852686e-03 4.454069e-02 -7.804974e+00 4.524963e-03 9.999620e-01 7.455710e-03 -5.389590e-01 -4.457518e-02 -7.246678e-03 9.989797e-01 4.968051e+01
9.987271e-01 5.178094e-03 -5.017315e-02 -7.810963e+00 -5.542699e-03 9.999592e-01 -7.130529e-03 -5.449486e-01 5.013418e-02 7.399547e-03 9.987151e-01 4.983334e+01
9.990473e-01 -5.128720e-03 4.333888e-02 -7.789487e+00 4.806695e-03 9.999601e-01 7.531345e-03 -5.539618e-01 -4.337578e-02 -7.315852e-03 9.990320e-01 4.996418e+01
9.940587e-01 -3.616390e-02 -1.026619e-01 -5.480741e+00 3.598681e-02 9.993459e-01 -3.577180e-03 -5.746698e-01 1.027241e-01 -1.385470e-04 9.947099e-01 4.895574e+01
9.989905e-01 4.209802e-02 1.567738e-02 -2.301377e+00 -4.209270e-02 9.991135e-01 -6.697243e-04 -6.194199e-01 -1.569168e-02 9.145573e-06 9.998769e-01 4.840681e+01
9.989085e-01 -4.160289e-02 -2.123702e-02 -2.389843e+00 4.162187e-02 9.991333e-01 4.522380e-04 -6.236042e-01 2.119980e-02 -1.335669e-03 9.997744e-01 4.872986e+01
9.989856e-01 4.214541e-02 1.585896e-02 -2.456188e+00 -4.214164e-02 9.991115e-01 -5.720657e-04 -6.285871e-01 -1.586897e-02 -9.683629e-05 9.998741e-01 4.901859e+01
9.989136e-01 -4.127912e-02 -2.162680e-02 -2.576631e+00 4.130320e-02 9.991464e-01 6.680049e-04 -6.303661e-01 2.158076e-02 -1.560536e-03 9.997659e-01 4.952876e+01
9.996270e-01 2.725781e-02 1.676291e-03 -2.116784e+00 -2.724152e-02 9.995877e-01 -9.069585e-03 -6.382594e-01 -1.922817e-03 9.020539e-03 9.999575e-01 4.951047e+01
9.996375e-01 -2.342474e-02 -1.327239e-02 -1.962416e+00 2.356426e-02 9.996677e-01 1.045502e-02 -6.495171e-01 1.302307e-02 -1.076399e-02 9.998573e-01 5.096300e+01
9.999712e-01 -3.528653e-03 6.714648e-03 -2.024540e+00 3.615373e-03 9.999096e-01 -1.294685e-02 -6.433670e-01 -6.668356e-03 1.297075e-02 9.998936e-01 5.199847e+01
9.998918e-01 -1.649692e-03 -1.461405e-02 -1.888307e+00 1.849341e-03 9.999050e-01 1.365856e-02 -6.524854e-01 1.459013e-02 -1.368411e-02 9.997999e-01 5.237838e+01
9.999458e-01 2.703297e-03 1.005508e-02 -2.018545e+00 -2.571464e-03 9.999109e-01 -1.310100e-02 -6.546288e-01 -1.008960e-02 1.307443e-02 9.998636e-01 5.292945e+01
9.998746e-01 -1.850725e-03 -1.573035e-02 -2.084217e+00 2.066725e-03 9.999037e-01 1.372627e-02 -6.595675e-01 1.570343e-02 -1.375706e-02 9.997820e-01 5.331016e+01
9.999509e-01 2.729810e-03 9.525228e-03 -2.156957e+00 -2.605844e-03 9.999121e-01 -1.300272e-02 -6.642127e-01 -9.559886e-03 1.297726e-02 9.998701e-01 5.374784e+01
9.998921e-01 -1.935152e-03 -1.456276e-02 -2.203010e+00 2.129348e-03 9.999089e-01 1.333149e-02 -6.703116e-01 1.453563e-02 -1.336106e-02 9.998051e-01 5.410320e+01
9.999573e-01 2.634166e-03 8.856302e-03 -2.222093e+00 -2.518721e-03 9.999120e-01 -1.302121e-02 -6.775033e-01 -8.889822e-03 1.299835e-02 9.998760e-01 5.440373e+01
9.998946e-01 -2.045577e-03 -1.437295e-02 -2.251053e+00 2.236178e-03 9.999096e-01 1.325763e-02 -6.846787e-01 1.434453e-02 -1.328837e-02 9.998088e-01 5.467999e+01
9.999659e-01 2.889754e-03 7.733810e-03 -2.182910e+00 -2.786816e-03 9.999078e-01 -1.328792e-02 -6.938712e-01 -7.771496e-03 1.326591e-02 9.998818e-01 5.470438e+01
9.998893e-01 -2.367282e-03 -1.468806e-02 -2.102036e+00 2.563765e-03 9.999073e-01 1.337271e-02 -7.046868e-01 1.465504e-02 -1.340889e-02 9.998027e-01 5.479194e+01
9.999537e-01 2.918952e-03 9.164936e-03 -2.105892e+00 -2.797663e-03 9.999087e-01 -1.321904e-02 -7.126797e-01 -9.202684e-03 1.319279e-02 9.998706e-01 5.496987e+01
9.998837e-01 -2.445954e-03 -1.505589e-02 -2.111021e+00 2.647474e-03 9.999070e-01 1.337950e-02 -7.206597e-01 1.502176e-02 -1.341780e-02 9.997971e-01 5.515239e+01
9.999505e-01 2.991948e-03 9.485799e-03 -2.132006e+00 -2.867032e-03 9.999094e-01 -1.315504e-02 -7.277155e-01 -9.524298e-03 1.312719e-02 9.998685e-01 5.538560e+01
9.998840e-01 -2.488769e-03 -1.502596e-02 -2.150276e+00 2.688609e-03 9.999080e-01 1.329420e-02 -7.353611e-01 1.499149e-02 -1.333305e-02 9.997987e-01 5.566557e+01
9.999442e-01 3.089468e-03 1.009751e-02 -2.166141e+00 -2.955684e-03 9.999080e-01 -1.323741e-02 -7.430532e-01 -1.013748e-02 1.320683e-02 9.998614e-01 5.593776e+01
9.998792e-01 -2.576804e-03 -1.533055e-02 -2.181129e+00 2.780556e-03 9.999079e-01 1.328417e-02 -7.507405e-01 1.529491e-02 -1.332520e-02 9.997942e-01 5.620246e+01
9.999450e-01 3.128459e-03 1.001215e-02 -2.191791e+00 -2.995853e-03 9.999080e-01 -1.323223e-02 -7.587004e-01 -1.005262e-02 1.320151e-02 9.998623e-01 5.642151e+01
9.998673e-01 -2.685324e-03 -1.607036e-02 -2.182124e+00 2.897846e-03 9.999085e-01 1.321587e-02 -7.675020e-01 1.603340e-02 -1.326068e-02 9.997835e-01 5.654713e+01
9.999473e-01 3.259412e-03 9.733419e-03 -2.106519e+00 -3.130967e-03 9.999082e-01 -1.318242e-02 -7.774443e-01 -9.775492e-03 1.315125e-02 9.998657e-01 5.657391e+01
9.998608e-01 -2.774725e-03 -1.645095e-02 -2.078246e+00 2.992751e-03 9.999078e-01 1.324333e-02 -7.868840e-01 1.641269e-02 -1.329073e-02 9.997770e-01 5.675279e+01
9.999332e-01 3.423089e-03 1.104281e-02 -2.087174e+00 -3.277922e-03 9.999083e-01 -1.313726e-02 -7.945146e-01 -1.108676e-02 1.310018e-02 9.998527e-01 5.696836e+01
9.998535e-01 -2.970526e-03 -1.685643e-02 -2.057406e+00 3.190972e-03 9.999095e-01 1.306612e-02 -8.036894e-01 1.681609e-02 -1.311799e-02 9.997725e-01 5.709277e+01
9.999389e-01 3.481879e-03 1.049434e-02 -1.997012e+00 -3.345512e-03 9.999101e-01 -1.298398e-02 -8.134329e-01 -1.053860e-02 1.294808e-02 9.998606e-01 5.715523e+01
9.998533e-01 -3.010401e-03 -1.686052e-02 -2.000652e+00 3.231131e-03 9.999092e-01 1.307967e-02 -8.215772e-01 1.681962e-02 -1.313223e-02 9.997723e-01 5.733909e+01
9.999295e-01 3.672111e-03 1.129138e-02 -2.027024e+00 -3.526613e-03 9.999108e-01 -1.287871e-02 -8.288004e-01 -1.133766e-02 1.283798e-02 9.998533e-01 5.766323e+01
9.998504e-01 -2.948368e-03 -1.704501e-02 -2.049668e+00 3.174934e-03 9.999068e-01 1.328050e-02 -8.356681e-01 1.700427e-02 -1.333263e-02 9.997665e-01 5.794489e+01
9.999276e-01 3.584744e-03 1.148710e-02 -2.067978e+00 -3.434123e-03 9.999082e-01 -1.310510e-02 -8.431055e-01 -1.153302e-02 1.306470e-02 9.998481e-01 5.818429e+01
9.998459e-01 -2.928960e-03 -1.730741e-02 -2.086898e+00 3.160673e-03 9.999055e-01 1.337594e-02 -8.503924e-01 1.726660e-02 -1.342858e-02 9.997607e-01 5.842728e+01
9.999239e-01 3.559801e-03 1.181540e-02 -2.119804e+00 -3.405429e-03 9.999089e-01 -1.305974e-02 -8.569938e-01 -1.186082e-02 1.301851e-02 9.998449e-01 5.865795e+01
9.998415e-01 -2.941720e-03 -1.755952e-02 -2.157717e+00 3.177939e-03 9.999046e-01 1.343979e-02 -8.633617e-01 1.751831e-02 -1.349346e-02 9.997555e-01 5.889605e+01
9.999226e-01 3.619116e-03 1.190396e-02 -2.204304e+00 -3.464000e-03 9.999092e-01 -1.302550e-02 -8.693989e-01 -1.195002e-02 1.298326e-02 9.998443e-01 5.913294e+01
9.998421e-01 -3.013288e-03 -1.751079e-02 -2.241341e+00 3.247162e-03 9.999057e-01 1.334301e-02 -8.758361e-01 1.746894e-02 -1.339776e-02 9.997576e-01 5.934120e+01
9.999059e-01 3.962784e-03 1.313082e-02 -2.320167e+00 -3.796865e-03 9.999129e-01 -1.263675e-02 -8.793013e-01 -1.317975e-02 1.258571e-02 9.998339e-01 5.963544e+01
9.998349e-01 -3.461917e-03 -1.783794e-02 -2.405513e+00 3.691160e-03 9.999108e-01 1.283461e-02 -8.841600e-01 1.779192e-02 -1.289833e-02 9.997585e-01 5.995436e+01
9.999301e-01 4.144460e-03 1.107188e-02 -2.373792e+00 -4.002057e-03 9.999094e-01 -1.285297e-02 -8.924648e-01 -1.112415e-02 1.280776e-02 9.998561e-01 6.003409e+01
9.998387e-01 -3.491895e-03 -1.761491e-02 -2.265381e+00 3.718453e-03 9.999106e-01 1.284542e-02 -9.028606e-01 1.756848e-02 -1.290885e-02 9.997623e-01 6.004852e+01
9.999176e-01 4.095504e-03 1.216810e-02 -2.289495e+00 -3.941935e-03 9.999126e-01 -1.261787e-02 -9.098501e-01 -1.221871e-02 1.256887e-02 9.998464e-01 6.024260e+01
9.998377e-01 -3.562793e-03 -1.766105e-02 -2.307996e+00 3.789172e-03 9.999109e-01 1.280111e-02 -9.171050e-01 1.761387e-02 -1.286596e-02 9.997621e-01 6.041939e+01
9.999163e-01 4.253408e-03 1.221596e-02 -2.340267e+00 -4.100251e-03 9.999130e-01 -1.253522e-02 -9.237394e-01 -1.226822e-02 1.248408e-02 9.998468e-01 6.073323e+01
9.998182e-01 -3.445655e-03 -1.875373e-02 -2.294931e+00 3.679255e-03 9.999159e-01 1.243600e-02 -9.318236e-01 1.870931e-02 -1.250274e-02 9.997468e-01 6.081938e+01
9.999160e-01 4.399446e-03 1.219197e-02 -2.110944e+00 -4.248961e-03 9.999148e-01 -1.234145e-02 -9.429333e-01 -1.224523e-02 1.228861e-02 9.998495e-01 6.078818e+01
9.998227e-01 -3.801425e-03 -1.844119e-02 -1.978595e+00 4.029296e-03 9.999158e-01 1.233529e-02 -9.535465e-01 1.839275e-02 -1.240741e-02 9.997539e-01 6.079967e+01
9.999174e-01 4.508085e-03 1.203401e-02 -1.940671e+00 -4.360164e-03 9.999150e-01 -1.228998e-02 -9.629827e-01 -1.208839e-02 1.223649e-02 9.998521e-01 6.100570e+01
9.998360e-01 -3.872305e-03 -1.769164e-02 -1.908184e+00 4.088455e-03 9.999172e-01 1.219787e-02 -9.712853e-01 1.764294e-02 -1.226821e-02 9.997691e-01 6.113609e+01
9.999188e-01 4.428327e-03 1.194901e-02 -1.839270e+00 -4.281897e-03 9.999158e-01 -1.225241e-02 -9.811409e-01 -1.200226e-02 1.220025e-02 9.998535e-01 6.121519e+01
9.998241e-01 -3.916949e-03 -1.834040e-02 -1.815418e+00 4.143109e-03 9.999157e-01 1.230959e-02 -9.901919e-01 1.829064e-02 -1.238341e-02 9.997560e-01 6.137249e+01
9.999123e-01 4.467463e-03 1.246720e-02 -1.829096e+00 -4.316595e-03 9.999175e-01 -1.210196e-02 -9.978557e-01 -1.252023e-02 1.204709e-02 9.998490e-01 6.152491e+01
9.998213e-01 -3.989108e-03 -1.847986e-02 -1.843467e+00 4.216269e-03 9.999158e-01 1.226981e-02 -1.005401e+00 1.842936e-02 -1.234553e-02 9.997539e-01 6.168650e+01
9.999125e-01 4.559468e-03 1.241556e-02 -1.864327e+00 -4.410254e-03 9.999180e-01 -1.201928e-02 -1.012903e+00 -1.246935e-02 1.196347e-02 9.998507e-01 6.190453e+01
9.998280e-01 -4.037398e-03 -1.810171e-02 -1.871870e+00 4.257957e-03 9.999170e-01 1.216255e-02 -1.020483e+00 1.805111e-02 -1.223754e-02 9.997622e-01 6.205668e+01
9.999201e-01 4.630905e-03 1.176048e-02 -1.898393e+00 -4.491167e-03 9.999193e-01 -1.188073e-02 -1.027680e+00 -1.181455e-02 1.182696e-02 9.998603e-01 6.229157e+01
9.998514e-01 -3.969421e-03 -1.677724e-02 -1.981285e+00 4.176929e-03 9.999150e-01 1.235160e-02 -1.031842e+00 1.672678e-02 -1.241984e-02 9.997830e-01 6.260763e+01
9.999231e-01 4.813492e-03 1.143106e-02 -2.089982e+00 -4.681054e-03 9.999219e-01 -1.158441e-02 -1.034707e+00 -1.148593e-02 1.153001e-02 9.998676e-01 6.299784e+01
9.998639e-01 -3.811656e-03 -1.605192e-02 -2.276122e+00 4.014462e-03 9.999123e-01 1.262121e-02 -1.033762e+00 1.600240e-02 -1.268394e-02 9.997915e-01 6.356787e+01
9.999180e-01 4.700690e-03 1.191447e-02 -2.435881e+00 -4.559024e-03 9.999189e-01 -1.188960e-02 -1.034098e+00 -1.196940e-02 1.183430e-02 9.998583e-01 6.406017e+01
9.998496e-01 -4.006566e-03 -1.687227e-02 -2.500208e+00 4.210962e-03 9.999180e-01 1.209628e-02 -1.038466e+00 1.682242e-02 -1.216551e-02 9.997845e-01 6.434484e+01
9.999317e-01 4.746639e-03 1.068458e-02 -2.389227e+00 -4.617539e-03 9.999164e-01 -1.207522e-02 -1.048063e+00 -1.074101e-02 1.202506e-02 9.998700e-01 6.433593e+01
9.998297e-01 -4.093209e-03 -1.799416e-02 -2.212576e+00 4.314577e-03 9.999153e-01 1.228068e-02 -1.058625e+00 1.794237e-02 -1.235623e-02 9.997627e-01 6.426856e+01
9.999299e-01 4.771084e-03 1.083543e-02 -2.214601e+00 -4.641471e-03 9.999178e-01 -1.195569e-02 -1.066671e+00 -1.089158e-02 1.190456e-02 9.998698e-01 6.449377e+01
9.998628e-01 -4.048520e-03 -1.606491e-02 -2.287467e+00 4.248715e-03 9.999135e-01 1.244718e-02 -1.071275e+00 1.601313e-02 -1.251373e-02 9.997935e-01 6.479534e+01
9.999316e-01 4.698007e-03 1.070862e-02 -2.296215e+00 -4.566639e-03 9.999144e-01 -1.225906e-02 -1.078758e+00 -1.076529e-02 1.220932e-02 9.998675e-01 6.501715e+01
9.998607e-01 -4.114135e-03 -1.617296e-02 -2.272031e+00 4.312461e-03 9.999157e-01 1.224716e-02 -1.087348e+00 1.612121e-02 -1.231520e-02 9.997942e-01 6.518954e+01
9.999523e-01 5.282016e-03 8.221634e-03 -1.981794e+00 -5.183538e-03 9.999151e-01 -1.195346e-02 -1.098109e+00 -8.284074e-03 1.191027e-02 9.998948e-01 6.516275e+01
9.997932e-01 -1.136726e-02 -1.685991e-02 -1.681582e+00 1.156111e-02 9.998677e-01 1.144508e-02 -1.110268e+00 1.672758e-02 -1.163764e-02 9.997924e-01 6.508178e+01
9.998754e-01 1.193099e-02 1.033486e-02 -1.611659e+00 -1.181213e-02 9.998643e-01 -1.148663e-02 -1.120034e+00 -1.047050e-02 1.136312e-02 9.998806e-01 6.515253e+01
9.997962e-01 -1.153817e-02 -1.656520e-02 -1.581755e+00 1.172589e-02 9.998676e-01 1.128055e-02 -1.129457e+00 1.643285e-02 -1.147249e-02 9.997992e-01 6.529251e+01
9.998706e-01 1.205980e-02 1.064242e-02 -1.566203e+00 -1.193924e-02 9.998646e-01 -1.131991e-02 -1.137896e+00 -1.077750e-02 1.119138e-02 9.998793e-01 6.539911e+01
9.997865e-01 -1.150371e-02 -1.716410e-02 -1.471886e+00 1.169800e-02 9.998682e-01 1.126227e-02 -1.148020e+00 1.703228e-02 -1.146066e-02 9.997893e-01 6.541185e+01
9.998729e-01 1.208342e-02 1.040510e-02 -1.387750e+00 -1.196605e-02 9.998649e-01 -1.126940e-02 -1.158167e+00 -1.053987e-02 1.114346e-02 9.998824e-01 6.547416e+01
9.997857e-01 -1.156373e-02 -1.717116e-02 -1.302768e+00 1.175458e-02 9.998698e-01 1.105542e-02 -1.168713e+00 1.704109e-02 -1.125489e-02 9.997914e-01 6.558570e+01
9.998634e-01 1.214977e-02 1.120912e-02 -1.158342e+00 -1.202627e-02 9.998669e-01 -1.102067e-02 -1.179127e+00 -1.134153e-02 1.088436e-02 9.998764e-01 6.565304e+01
9.997808e-01 -1.172319e-02 -1.734788e-02 -1.099064e+00 1.191519e-02 9.998684e-01 1.100610e-02 -1.188905e+00 1.721657e-02 -1.121039e-02 9.997889e-01 6.576367e+01
9.998628e-01 1.235990e-02 1.102663e-02 -1.130848e+00 -1.224158e-02 9.998675e-01 -1.073374e-02 -1.195413e+00 -1.115784e-02 1.059729e-02 9.998816e-01 6.603840e+01
9.997970e-01 -1.168440e-02 -1.641745e-02 -1.211126e+00 1.186675e-02 9.998685e-01 1.105408e-02 -1.199798e+00 1.628613e-02 -1.124666e-02 9.998041e-01 6.641360e+01
9.998605e-01 1.223296e-02 1.137146e-02 -1.264561e+00 -1.210902e-02 9.998672e-01 -1.090466e-02 -1.205690e+00 -1.150335e-02 1.076544e-02 9.998759e-01 6.667072e+01
9.997843e-01 -1.162231e-02 -1.721365e-02 -1.316220e+00 1.181498e-02 9.998682e-01 1.113405e-02 -1.211426e+00 1.708198e-02 -1.133503e-02 9.997898e-01 6.697259e+01
9.998466e-01 1.244486e-02 1.232582e-02 -1.404347e+00 -1.231323e-02 9.998670e-01 -1.069811e-02 -1.215050e+00 -1.245731e-02 1.054469e-02 9.998668e-01 6.736989e+01
9.997805e-01 -1.167693e-02 -1.739727e-02 -1.442315e+00 1.186649e-02 9.998709e-01 1.083296e-02 -1.220847e+00 1.726853e-02 -1.103703e-02 9.997900e-01 6.771856e+01
9.998558e-01 1.236384e-02 1.164412e-02 -1.455453e+00 -1.223974e-02 9.998682e-01 -1.066929e-02 -1.227787e+00 -1.177450e-02 1.052524e-02 9.998753e-01 6.799018e+01
9.997890e-01 -1.173056e-02 -1.686474e-02 -1.457591e+00 1.190966e-02 9.998733e-01 1.055903e-02 -1.235031e+00 1.673874e-02 -1.075766e-02 9.998020e-01 6.823327e+01
9.998851e-01 1.271210e-02 8.256013e-03 -1.491851e+00 -1.263135e-02 9.998726e-01 -9.760815e-03 -1.241156e+00 -8.379042e-03 9.655410e-03 9.999183e-01 6.865038e+01
9.998325e-01 -1.199951e-02 -1.381666e-02 -1.562719e+00 1.214133e-02 9.998740e-01 1.022671e-02 -1.246357e+00 1.369220e-02 -1.039275e-02 9.998522e-01 6.901121e+01
9.998879e-01 1.277736e-02 7.807947e-03 -1.641145e+00 -1.270224e-02 9.998733e-01 -9.595156e-03 -1.250821e+00 -7.929558e-03 9.494902e-03 9.999235e-01 6.933053e+01
9.998351e-01 -1.189036e-02 -1.372918e-02 -1.769305e+00 1.203671e-02 9.998711e-01 1.062641e-02 -1.253119e+00 1.360106e-02 -1.078991e-02 9.998493e-01 6.973219e+01
9.998780e-01 1.270071e-02 9.092217e-03 -1.896406e+00 -1.260817e-02 9.998689e-01 -1.016371e-02 -1.254586e+00 -9.220111e-03 1.004783e-02 9.999070e-01 7.011204e+01
9.998138e-01 -1.185108e-02 -1.522885e-02 -2.012549e+00 1.202008e-02 9.998667e-01 1.105417e-02 -1.256874e+00 1.509582e-02 -1.123516e-02 9.998229e-01 7.050159e+01
9.998668e-01 1.323938e-02 9.547615e-03 -2.259036e+00 -1.314967e-02 9.998694e-01 -9.398370e-03 -1.252713e+00 -9.670796e-03 9.271570e-03 9.999103e-01 7.120683e+01
9.998165e-01 -1.204401e-02 -1.489565e-02 -2.413655e+00 1.219763e-02 9.998729e-01 1.026556e-02 -1.251948e+00 1.477012e-02 -1.044537e-02 9.998364e-01 7.170631e+01
9.998856e-01 1.263542e-02 8.310957e-03 -2.442367e+00 -1.255266e-02 9.998719e-01 -9.935110e-03 -1.258550e+00 -8.435426e-03 9.829649e-03 9.999161e-01 7.198814e+01
9.998237e-01 -1.209346e-02 -1.436308e-02 -2.492679e+00 1.224132e-02 9.998725e-01 1.025173e-02 -1.264746e+00 1.423727e-02 -1.042575e-02 9.998443e-01 7.227771e+01
9.998811e-01 1.272133e-02 8.713624e-03 -2.537046e+00 -1.263459e-02 9.998708e-01 -9.939017e-03 -1.270796e+00 -8.838935e-03 9.827743e-03 9.999126e-01 7.254301e+01
9.998251e-01 -1.209684e-02 -1.426021e-02 -2.557168e+00 1.224112e-02 9.998743e-01 1.007444e-02 -1.276878e+00 1.413655e-02 -1.024724e-02 9.998476e-01 7.271012e+01
9.998877e-01 1.267324e-02 7.996241e-03 -2.570809e+00 -1.259424e-02 9.998721e-01 -9.852734e-03 -1.284314e+00 -8.120084e-03 9.750922e-03 9.999195e-01 7.291633e+01
9.998478e-01 -1.213508e-02 -1.253635e-02 -2.593763e+00 1.225867e-02 9.998765e-01 9.829821e-03 -1.290870e+00 1.241552e-02 -9.982004e-03 9.998731e-01 7.318221e+01
9.998997e-01 1.272939e-02 6.207147e-03 -2.554408e+00 -1.266824e-02 9.998718e-01 -9.792422e-03 -1.299382e+00 -6.331003e-03 9.712807e-03 9.999328e-01 7.328517e+01
9.998482e-01 -1.208513e-02 -1.254815e-02 -2.581930e+00 1.221130e-02 9.998752e-01 1.002699e-02 -1.306187e+00 1.242540e-02 -1.017869e-02 9.998710e-01 7.364459e+01
9.998879e-01 1.291643e-02 7.576007e-03 -2.659944e+00 -1.284349e-02 9.998714e-01 -9.598803e-03 -1.310718e+00 -7.699016e-03 9.500425e-03 9.999252e-01 7.406356e+01
9.998436e-01 -1.226820e-02 -1.274017e-02 -2.680742e+00 1.239246e-02 9.998760e-01 9.721129e-03 -1.317518e+00 1.261933e-02 -9.877491e-03 9.998716e-01 7.442109e+01
9.998931e-01 1.293441e-02 6.821502e-03 -2.663730e+00 -1.286827e-02 9.998706e-01 -9.651807e-03 -1.326224e+00 -6.945460e-03 9.562995e-03 9.999302e-01 7.475949e+01
9.998547e-01 -1.231484e-02 -1.178756e-02 -2.627351e+00 1.242773e-02 9.998771e-01 9.552354e-03 -1.335029e+00 1.166848e-02 -9.697460e-03 9.998849e-01 7.498172e+01
9.999024e-01 1.376937e-02 2.377374e-03 -2.288781e+00 -1.374585e-02 9.998590e-01 -9.640785e-03 -1.347355e+00 -2.509786e-03 9.607166e-03 9.999507e-01 7.488327e+01
9.998437e-01 -1.326494e-02 -1.168580e-02 -1.944187e+00 1.337573e-02 9.998659e-01 9.453670e-03 -1.359955e+00 1.155883e-02 -9.608499e-03 9.998870e-01 7.482430e+01
9.998849e-01 1.379629e-02 6.316616e-03 -1.925135e+00 -1.373539e-02 9.998597e-01 -9.585053e-03 -1.368631e+00 -6.447968e-03 9.497188e-03 9.999341e-01 7.504715e+01
9.998390e-01 -1.296303e-02 -1.240901e-02 -1.984902e+00 1.308997e-02 9.998623e-01 1.020395e-02 -1.373638e+00 1.227503e-02 -1.036474e-02 9.998709e-01 7.552469e+01
9.998778e-01 1.379973e-02 7.351417e-03 -2.030861e+00 -1.372406e-02 9.998533e-01 -1.024554e-02 -1.377682e+00 -7.491725e-03 1.014340e-02 9.999205e-01 7.585986e+01
9.998136e-01 -1.306750e-02 -1.421505e-02 -1.821492e+00 1.321377e-02 9.998602e-01 1.024483e-02 -1.389043e+00 1.407919e-02 -1.043076e-02 9.998465e-01 7.585531e+01
9.998755e-01 1.374900e-02 7.744554e-03 -1.681001e+00 -1.366921e-02 9.998539e-01 -1.026255e-02 -1.399970e+00 -7.884523e-03 1.015541e-02 9.999173e-01 7.590255e+01
9.998168e-01 -1.296423e-02 -1.408054e-02 -1.519711e+00 1.310865e-02 9.998619e-01 1.021312e-02 -1.410207e+00 1.394619e-02 -1.039583e-02 9.998487e-01 7.590644e+01
9.998791e-01 1.382196e-02 7.118599e-03 -1.374013e+00 -1.375009e-02 9.998550e-01 -1.004778e-02 -1.422221e+00 -7.256446e-03 9.948681e-03 9.999242e-01 7.603106e+01
