9.999676e-01 1.705113e-04 -8.047800e-03 -1.672857e-01 -1.785121e-04 9.999995e-01 -9.934548e-04 1.831343e-03 8.047626e-03 9.948585e-04 9.999671e-01 9.775853e-01
9.999996e-01 -1.215227e-04 8.723021e-04 -3.439966e-01 1.215547e-04 1.000000e+00 -3.666050e-05 3.387852e-03 -8.722973e-04 3.676723e-05 9.999996e-01 1.935256e+00
9.999603e-01 3.889954e-04 -8.904440e-03 -5.020351e-01 -3.959317e-04 9.999996e-01 -7.772182e-04 4.609960e-03 8.904134e-03 7.807122e-04 9.999601e-01 2.857756e+00
9.999999e-01 2.823147e-04 3.512347e-04 -7.375154e-01 -2.822566e-04 9.999999e-01 -1.656028e-04 1.129801e-02 -3.512811e-04 1.655043e-04 9.999999e-01 3.973234e+00
9.999705e-01 2.086218e-04 -7.683981e-03 -9.848549e-01 -2.146233e-04 9.999997e-01 -7.802107e-04 1.711717e-02 7.683816e-03 7.818361e-04 9.999702e-01 5.056126e+00
1.000000e+00 2.210289e-04 -1.408762e-04 -1.196052e+00 -2.210654e-04 9.999999e-01 -2.594247e-04 2.145222e-02 1.408192e-04 2.594565e-04 1.000000e+00 6.119636e+00
9.999718e-01 7.473907e-05 -7.507275e-03 -1.394311e+00 -8.121510e-05 9.999996e-01 -8.623269e-04 2.470526e-02 7.507207e-03 8.629116e-04 9.999714e-01 7.228797e+00
1.000000e+00 1.353961e-04 4.585590e-05 -1.578867e+00 -1.353886e-04 1.000000e+00 -1.629290e-04 2.720740e-02 -4.587762e-05 1.629235e-04 1.000000e+00 8.289346e+00
9.999623e-01 9.474545e-05 -8.687283e-03 -1.726265e+00 -1.002672e-04 9.999998e-01 -6.351743e-04 2.733210e-02 8.687220e-03 6.360206e-04 9.999621e-01 9.187380e+00
9.999999e-01 1.861937e-04 4.343091e-04 -1.884737e+00 -1.860809e-04 9.999999e-01 -2.597611e-04 2.801294e-02 -4.343571e-04 2.596810e-04 9.999999e-01 1.010400e+01
9.999624e-01 1.158753e-04 -8.671871e-03 -2.052193e+00 -1.215813e-04 9.999998e-01 -6.574629e-04 2.907247e-02 8.671793e-03 6.584918e-04 9.999622e-01 1.105468e+01
9.999996e-01 3.172391e-05 9.111239e-04 -2.212383e+00 -3.148558e-05 1.000000e+00 -2.615243e-04 2.937157e-02 -9.111318e-04 2.614962e-04 9.999996e-01 1.196400e+01
9.999618e-01 5.103048e-05 -8.742212e-03 -2.345040e+00 -5.623026e-05 9.999998e-01 -5.945380e-04 2.844592e-02 8.742180e-03 5.950061e-04 9.999616e-01 1.279393e+01
9.999998e-01 3.827297e-05 5.727173e-04 -2.472251e+00 -3.814440e-05 1.000000e+00 -2.243941e-04 2.752494e-02 -5.727256e-04 2.243729e-04 9.999998e-01 1.360165e+01
9.999612e-01 1.258415e-04 -8.803876e-03 -2.606926e+00 -1.309400e-04 9.999998e-01 -5.785399e-04 2.686801e-02 8.803801e-03 5.796695e-04 9.999611e-01 1.444011e+01
9.999999e-01 3.296483e-04 1.586603e-04 -2.790191e+00 -3.295820e-04 9.999999e-01 -4.173156e-04 2.973495e-02 -1.587976e-04 4.172640e-04 9.999999e-01 1.547014e+01
9.999666e-01 -1.915567e-05 -8.169190e-03 -2.996129e+00 1.426038e-05 9.999998e-01 -5.992866e-04 3.310327e-02 8.169199e-03 5.991494e-04 9.999665e-01 1.655216e+01
9.999986e-01 1.264954e-03 -1.102769e-03 -3.355748e+00 -1.265604e-03 9.999990e-01 -5.883406e-04 4.359782e-02 1.102024e-03 5.897362e-04 9.999992e-01 1.788771e+01
9.999813e-01 -6.120795e-04 -6.077371e-03 -3.715284e+00 6.081059e-04 9.999996e-01 -6.556426e-04 5.532534e-02 6.077769e-03 6.519339e-04 9.999813e-01 1.929289e+01
9.999982e-01 8.580300e-04 -1.705414e-03 -3.915826e+00 -8.585635e-04 9.999996e-01 -3.122081e-04 5.837067e-02 1.705146e-03 3.136724e-04 9.999985e-01 2.035797e+01
9.999774e-01 -6.452071e-04 -6.689528e-03 -4.060171e+00 6.413308e-04 9.999996e-01 -5.815641e-04 5.880590e-02 6.689900e-03 5.772601e-04 9.999775e-01 2.134655e+01
9.999973e-01 1.211926e-03 -2.003661e-03 -4.269341e+00 -1.212477e-03 9.999992e-01 -2.736585e-04 6.254936e-02 2.003328e-03 2.760878e-04 9.999980e-01 2.243750e+01
9.999812e-01 -8.521158e-04 -6.066678e-03 -4.464167e+00 8.478128e-04 9.999994e-01 -7.118156e-04 6.588169e-02 6.067281e-03 7.066582e-04 9.999813e-01 2.349769e+01
9.999971e-01 1.156275e-03 -2.121512e-03 -4.639764e+00 -1.156531e-03 9.999993e-01 -1.196606e-04 6.712700e-02 2.121373e-03 1.221145e-04 9.999977e-01 2.444023e+01
9.999798e-01 -7.277883e-04 -6.315474e-03 -4.825686e+00 7.225321e-04 9.999994e-01 -8.344991e-04 6.986818e-02 6.316077e-03 8.299184e-04 9.999797e-01 2.546293e+01
9.999978e-01 1.112891e-03 -1.786249e-03 -5.023774e+00 -1.113054e-03 9.999994e-01 -9.051081e-05 7.307641e-02 1.786148e-03 9.249951e-05 9.999984e-01 2.648102e+01
9.999770e-01 -5.932747e-04 -6.753923e-03 -5.206540e+00 5.874994e-04 9.999995e-01 -8.570335e-04 7.532991e-02 6.754427e-03 8.530452e-04 9.999768e-01 2.752575e+01
9.999986e-01 9.607905e-04 -1.375078e-03 -5.397107e+00 -9.611097e-04 9.999995e-01 -2.315974e-04 7.752986e-02 1.374855e-03 2.329194e-04 9.999990e-01 2.865521e+01
9.999785e-01 -7.891098e-04 -6.515158e-03 -5.550064e+00 7.844566e-04 9.999994e-01 -7.167256e-04 7.783802e-02 6.515720e-03 7.115986e-04 9.999785e-01 2.957233e+01
9.999987e-01 8.482496e-04 -1.356224e-03 -5.683639e+00 -8.485061e-04 9.999996e-01 -1.886646e-04 7.679999e-02 1.356064e-03 1.898158e-04 9.999991e-01 3.042997e+01
9.999774e-01 -7.788080e-04 -6.670682e-03 -5.823626e+00 7.740530e-04 9.999994e-01 -7.153619e-04 7.642894e-02 6.671235e-03 7.101816e-04 9.999775e-01 3.131227e+01
9.999985e-01 9.817416e-04 -1.457896e-03 -5.988402e+00 -9.820671e-04 9.999995e-01 -2.225892e-04 7.746595e-02 1.457677e-03 2.240213e-04 9.999989e-01 3.224383e+01
9.999812e-01 -9.046054e-04 -6.067392e-03 -6.137163e+00 9.008334e-04 9.999994e-01 -6.243618e-04 7.759858e-02 6.067952e-03 6.188836e-04 9.999814e-01 3.310420e+01
9.999971e-01 1.073233e-03 -2.162077e-03 -6.264143e+00 -1.073408e-03 9.999994e-01 -8.013944e-05 7.693962e-02 2.161990e-03 8.246070e-05 9.999977e-01 3.390990e+01
9.999818e-01 -1.044138e-03 -5.948288e-03 -6.390650e+00 1.040199e-03 9.999992e-01 -6.652403e-04 7.608604e-02 5.948978e-03 6.590400e-04 9.999821e-01 3.473231e+01
9.999970e-01 1.265975e-03 -2.101129e-03 -6.547185e+00 -1.266314e-03 9.999992e-01 -1.601663e-04 7.692103e-02 2.100924e-03 1.628272e-04 9.999978e-01 3.559306e+01
9.999814e-01 -1.115089e-03 -6.000025e-03 -6.689241e+00 1.111604e-03 9.999992e-01 -5.840580e-04 7.671061e-02 6.000672e-03 5.773768e-04 9.999818e-01 3.641344e+01
9.999973e-01 1.249061e-03 -1.942325e-03 -6.831524e+00 -1.249476e-03 9.999992e-01 -2.125108e-04 7.673799e-02 1.942058e-03 2.149378e-04 9.999981e-01 3.724451e+01
9.999798e-01 -1.026595e-03 -6.273263e-03 -6.984245e+00 1.023132e-03 9.999993e-01 -5.552194e-04 7.754305e-02 6.273828e-03 5.487891e-04 9.999802e-01 3.809348e+01
9.999977e-01 1.249125e-03 -1.720675e-03 -7.139213e+00 -1.249599e-03 9.999992e-01 -2.745066e-04 7.837223e-02 1.720331e-03 2.766569e-04 9.999985e-01 3.896554e+01
9.999794e-01 -1.079765e-03 -6.324900e-03 -7.281833e+00 1.076361e-03 9.999993e-01 -5.415194e-04 7.869882e-02 6.325480e-03 5.346997e-04 9.999799e-01 3.979544e+01
9.999981e-01 1.167524e-03 -1.561600e-03 -7.412050e+00 -1.167906e-03 9.999993e-01 -2.443308e-04 7.796508e-02 1.561314e-03 2.461549e-04 9.999988e-01 4.059091e+01
9.999787e-01 -1.081207e-03 -6.436135e-03 -7.544287e+00 1.077706e-03 9.999993e-01 -5.474969e-04 7.735756e-02 6.436722e-03 5.405482e-04 9.999791e-01 4.141158e+01
9.999983e-01 1.264988e-03 -1.366376e-03 -7.701124e+00 -1.265360e-03 9.999992e-01 -2.716452e-04 7.785888e-02 1.366032e-03 2.733744e-04 9.999990e-01 4.226558e+01
9.999770e-01 -9.481790e-04 -6.722191e-03 -7.876942e+00 9.442295e-04 9.999994e-01 -5.906595e-04 7.979398e-02 6.722747e-03 5.842979e-04 9.999772e-01 4.318253e+01
9.999970e-01 1.145796e-03 -2.168600e-03 -7.981224e+00 -1.145892e-03 9.999993e-01 -4.314333e-05 7.736217e-02 2.168550e-03 4.562887e-05 9.999976e-01 4.386138e+01
9.999815e-01 -9.165918e-04 -6.015153e-03 -8.133796e+00 9.119214e-04 9.999993e-01 -7.791094e-04 7.810832e-02 6.015863e-03 7.736090e-04 9.999816e-01 4.471257e+01
9.999980e-01 1.066437e-03 -1.695209e-03 -8.294042e+00 -1.066496e-03 9.999994e-01 -3.382610e-05 7.899140e-02 1.695172e-03 3.563466e-05 9.999986e-01 4.555700e+01
9.999778e-01 -7.403390e-04 -6.629301e-03 -8.459956e+00 7.356155e-04 9.999995e-01 -7.148927e-04 8.005428e-02 6.629826e-03 7.099995e-04 9.999778e-01 4.645338e+01
9.999983e-01 7.661655e-04 -1.688434e-03 -8.584695e+00 -7.663839e-04 9.999997e-01 -1.288223e-04 7.966459e-02 1.688335e-03 1.301167e-04 9.999986e-01 4.732338e+01
9.999749e-01 -4.585330e-04 -7.072508e-03 -8.727680e+00 4.558790e-04 9.999998e-01 -3.768475e-04 7.946821e-02 7.072679e-03 3.736131e-04 9.999749e-01 4.811946e+01
9.999972e-01 4.294658e-04 -2.306960e-03 -8.816875e+00 -4.298608e-04 9.999999e-01 -1.707775e-04 7.740683e-02 2.306886e-03 1.717694e-04 9.999973e-01 4.899162e+01
9.999823e-01 -1.001696e-05 -5.950283e-03 -9.021144e+00 5.086441e-06 9.999997e-01 -8.286029e-04 8.122272e-02 5.950289e-03 8.285572e-04 9.999820e-01 5.005130e+01
9.999998e-01 -3.677434e-05 -5.506526e-04 -9.182842e+00 3.671621e-05 1.000000e+00 -1.058957e-04 8.219572e-02 5.506568e-04 1.058761e-04 9.999998e-01 5.093799e+01
9.999743e-01 -1.013459e-04 -7.174483e-03 -9.275168e+00 9.738249e-05 9.999998e-01 -5.527517e-04 7.922476e-02 7.174537e-03 5.520381e-04 9.999741e-01 5.160789e+01
9.999991e-01 3.395871e-04 -1.276251e-03 -9.420869e+00 -3.398459e-04 9.999999e-01 -2.026701e-04 7.984369e-02 1.276183e-03 2.031044e-04 9.999992e-01 5.244644e+01
9.999795e-01 -2.473556e-04 -6.401200e-03 -9.577353e+00 2.436751e-04 9.999998e-01 -5.757121e-04 8.063463e-02 6.401341e-03 5.741398e-04 9.999793e-01 5.331670e+01
9.999987e-01 2.045051e-04 -1.598186e-03 -9.709380e+00 -2.048807e-04 1.000000e+00 -2.349984e-04 7.968091e-02 1.598138e-03 2.353262e-04 9.999987e-01 5.410926e+01
9.999841e-01 -4.293223e-04 -5.622230e-03 -9.801808e+00 4.280658e-04 9.999999e-01 -2.246489e-04 7.629656e-02 5.622326e-03 2.222380e-04 9.999842e-01 5.460512e+01
9.999957e-01 3.994895e-04 -2.909325e-03 -9.850376e+00 -3.993774e-04 9.999999e-01 3.904476e-05 7.114769e-02 2.909341e-03 -3.788199e-05 9.999958e-01 5.494463e+01
9.999800e-01 -4.188751e-04 -6.311625e-03 -9.892250e+00 4.176550e-04 9.999999e-01 -1.945919e-04 6.583356e-02 6.311705e-03 1.919512e-04 9.999801e-01 5.530622e+01
9.999977e-01 5.377248e-04 -2.057026e-03 -9.988492e+00 -5.382711e-04 9.999998e-01 -2.651492e-04 6.294610e-02 2.056883e-03 2.662565e-04 9.999978e-01 5.587306e+01
9.999809e-01 -6.620423e-04 -6.151402e-03 -1.008183e+01 6.591597e-04 9.999997e-01 -4.705899e-04 5.990997e-02 6.151712e-03 4.665255e-04 9.999810e-01 5.653953e+01
9.999993e-01 3.809700e-04 -1.134036e-03 -1.015506e+01 -3.809879e-04 9.999999e-01 -1.576138e-05 5.570474e-02 1.134030e-03 1.619410e-05 9.999994e-01 5.702233e+01
9.999647e-01 -2.635399e-04 -8.396043e-03 -1.020793e+01 2.599935e-04 9.999999e-01 -4.234544e-04 5.137438e-02 8.396153e-03 4.212558e-04 9.999647e-01 5.756065e+01
9.999984e-01 1.307474e-03 -1.230526e-03 -1.044907e+01 -1.307985e-03 9.999991e-01 -4.143688e-04 6.025263e-02 1.229983e-03 4.159784e-04 9.999992e-01 5.859838e+01
9.999858e-01 -6.180971e-04 -5.302357e-03 -1.073620e+01 6.176894e-04 9.999998e-01 -7.847245e-05 6.824287e-02 5.302404e-03 7.519545e-05 9.999859e-01 5.947542e+01
9.999807e-01 2.125673e-03 -5.840939e-03 -1.095824e+01 -2.129211e-03 9.999976e-01 -5.996627e-04 7.688709e-02 5.839651e-03 6.120884e-04 9.999828e-01 6.041354e+01
9.999976e-01 -1.747023e-03 -1.308643e-03 -1.115334e+01 1.747418e-03 9.999984e-01 3.012373e-04 7.980298e-02 1.308114e-03 -3.035240e-04 9.999991e-01 6.108206e+01
9.999750e-01 1.864605e-03 -6.813755e-03 -1.125079e+01 -1.868965e-03 9.999981e-01 -6.335268e-04 7.773190e-02 6.812561e-03 6.462463e-04 9.999766e-01 6.155007e+01
9.999979e-01 -1.760421e-03 -1.076594e-03 -1.135030e+01 1.760736e-03 9.999984e-01 2.920393e-04 7.583487e-02 1.076077e-03 -2.939350e-04 9.999994e-01 6.202053e+01
9.999728e-01 1.742934e-03 -7.169603e-03 -1.141292e+01 -1.746620e-03 9.999983e-01 -5.078737e-04 7.168939e-02 7.168706e-03 5.203831e-04 9.999742e-01 6.241599e+01
9.999975e-01 -1.614229e-03 -1.575643e-03 -1.150247e+01 1.614623e-03 9.999987e-01 2.489352e-04 6.920957e-02 1.575239e-03 -2.514793e-04 9.999987e-01 6.287913e+01
9.999794e-01 1.553464e-03 -6.223107e-03 -1.156846e+01 -1.556437e-03 9.999987e-01 -4.730006e-04 6.494008e-02 6.222364e-03 4.826774e-04 9.999805e-01 6.325568e+01
9.999957e-01 -1.724505e-03 -2.352278e-03 -1.160425e+01 1.725284e-03 9.999985e-01 3.294860e-04 5.910445e-02 2.351706e-03 -3.335436e-04 9.999972e-01 6.358116e+01
9.999799e-01 1.582583e-03 -6.147778e-03 -1.163721e+01 -1.585543e-03 9.999986e-01 -4.766069e-04 5.332538e-02 6.147016e-03 4.863456e-04 9.999810e-01 6.391921e+01
9.999960e-01 -1.729522e-03 -2.226781e-03 -1.168112e+01 1.730196e-03 9.999985e-01 3.008084e-04 4.771862e-02 2.226257e-03 -3.046607e-04 9.999975e-01 6.426719e+01
9.999764e-01 1.820021e-03 -6.621881e-03 -1.174208e+01 -1.823337e-03 9.999982e-01 -4.947248e-04 4.349618e-02 6.620969e-03 5.067877e-04 9.999780e-01 6.467188e+01
9.999963e-01 -1.806769e-03 -2.032886e-03 -1.181740e+01 1.807294e-03 9.999983e-01 2.564219e-04 3.967305e-02 2.032419e-03 -2.600956e-04 9.999979e-01 6.510547e+01
9.999772e-01 1.836213e-03 -6.493768e-03 -1.189059e+01 -1.839205e-03 9.999982e-01 -4.547332e-04 3.550777e-02 6.492922e-03 4.666669e-04 9.999788e-01 6.551742e+01
9.999968e-01 -2.345643e-03 -9.173160e-04 -1.193122e+01 2.345938e-03 9.999972e-01 3.206959e-04 2.916966e-02 9.165609e-04 -3.228475e-04 9.999995e-01 6.575107e+01
9.999646e-01 1.737750e-03 -8.238856e-03 -1.197226e+01 -1.738763e-03 9.999985e-01 -1.158320e-04 2.396655e-02 8.238642e-03 1.301539e-04 9.999661e-01 6.604753e+01
9.999988e-01 -1.523733e-03 1.553618e-04 -1.211601e+01 1.523777e-03 9.999988e-01 -2.836003e-04 2.437121e-02 -1.549298e-04 2.838360e-04 9.999999e-01 6.663131e+01
9.999661e-01 1.692815e-03 -8.061845e-03 -1.223282e+01 -1.693510e-03 9.999986e-01 -7.940317e-05 2.353702e-02 8.061699e-03 9.305395e-05 9.999675e-01 6.715831e+01
9.999983e-01 -1.790742e-03 5.116184e-04 -1.230879e+01 1.790828e-03 9.999984e-01 -1.666764e-04 1.969122e-02 -5.113193e-04 1.675916e-04 9.999999e-01 6.755182e+01
9.999611e-01 1.575023e-03 -8.675350e-03 -1.233826e+01 -1.575202e-03 9.999988e-01 -1.383808e-05 1.330936e-02 8.675318e-03 2.750363e-05 9.999624e-01 6.785787e+01
9.999985e-01 -1.735130e-03 1.154448e-04 -1.236800e+01 1.735145e-03 9.999985e-01 -1.364554e-04 7.289476e-03 -1.152081e-04 1.366549e-04 1.000000e+00 6.818693e+01
9.999523e-01 1.990297e-03 -9.565232e-03 -1.245282e+01 -1.991222e-03 9.999980e-01 -8.720831e-05 5.027338e-03 9.565040e-03 1.062513e-04 9.999542e-01 6.870767e+01
9.999978e-01 -1.661809e-03 1.256009e-03 -1.259594e+01 1.662143e-03 9.999986e-01 -2.647511e-04 5.668002e-03 -1.255568e-03 2.668376e-04 9.999992e-01 6.933822e+01
9.999501e-01 1.836592e-03 -9.821932e-03 -1.269321e+01 -1.836210e-03 9.999983e-01 4.785186e-05 3.723145e-03 9.822004e-03 -2.981368e-05 9.999518e-01 6.986131e+01
9.999963e-01 -2.014626e-03 1.815602e-03 -1.274274e+01 2.014979e-03 9.999980e-01 -1.926205e-04 -1.943279e-03 -1.815210e-03 1.962775e-04 9.999983e-01 7.019908e+01
9.999486e-01 1.752862e-03 -9.988317e-03 -1.276463e+01 -1.751857e-03 9.999985e-01 1.093024e-04 -9.311697e-03 9.988494e-03 -9.179805e-05 9.999501e-01 7.044505e+01
9.999973e-01 -1.922352e-03 1.292401e-03 -1.278779e+01 1.922725e-03 9.999981e-01 -2.879442e-04 -1.602709e-02 -1.291845e-03 2.904277e-04 9.999991e-01 7.070963e+01
9.999502e-01 1.697040e-03 -9.834650e-03 -1.282991e+01 -1.695842e-03 9.999986e-01 1.301812e-04 -2.237693e-02 9.834857e-03 -1.134961e-04 9.999516e-01 7.099691e+01
9.999974e-01 -1.982650e-03 1.122434e-03 -1.284818e+01 1.982983e-03 9.999980e-01 -2.961958e-04 -2.956433e-02 -1.121845e-03 2.984202e-04 9.999993e-01 7.124841e+01
9.999524e-01 1.670662e-03 -9.607695e-03 -1.286078e+01 -1.669449e-03 9.999986e-01 1.342390e-04 -3.708737e-02 9.607906e-03 -1.181924e-04 9.999538e-01 7.150338e+01
9.999976e-01 -1.914711e-03 1.078502e-03 -1.287761e+01 1.915058e-03 9.999981e-01 -3.210069e-04 -4.421216e-02 -1.077885e-03 3.230708e-04 9.999994e-01 7.175323e+01
9.999515e-01 1.698149e-03 -9.705840e-03 -1.289772e+01 -1.696786e-03 9.999985e-01 1.487091e-04 -5.119126e-02 9.706079e-03 -1.322325e-04 9.999529e-01 7.201411e+01
9.999977e-01 -1.990910e-03 7.480719e-04 -1.290297e+01 1.991124e-03 9.999980e-01 -2.871235e-04 -5.869730e-02 -7.474990e-04 2.886117e-04 9.999997e-01 7.225745e+01
9.999540e-01 1.641544e-03 -9.449718e-03 -1.290771e+01 -1.640384e-03 9.999986e-01 1.305384e-04 -6.645552e-02 9.449919e-03 -1.150306e-04 9.999553e-01 7.249922e+01
9.999978e-01 -1.917433e-03 8.684222e-04 -1.290892e+01 1.917688e-03 9.999981e-01 -2.940460e-04 -7.427644e-02 -8.678569e-04 2.957100e-04 9.999996e-01 7.271626e+01
9.999538e-01 1.539156e-03 -9.488138e-03 -1.289995e+01 -1.537314e-03 9.999988e-01 2.014412e-04 -8.268442e-02 9.488437e-03 -1.868450e-04 9.999550e-01 7.289676e+01
9.999978e-01 -1.973503e-03 7.039148e-04 -1.286612e+01 1.973629e-03 9.999980e-01 -1.790555e-04 -9.235423e-02 -7.035603e-04 1.804438e-04 9.999997e-01 7.301578e+01
9.999544e-01 1.423648e-03 -9.440343e-03 -1.282808e+01 -1.421375e-03 9.999990e-01 2.473862e-04 -1.023303e-01 9.440686e-03 -2.339560e-04 9.999554e-01 7.312604e+01
9.999980e-01 -1.906786e-03 6.361388e-04 -1.279989e+01 1.906897e-03 9.999982e-01 -1.742865e-04 -1.120795e-01 -6.358056e-04 1.754986e-04 9.999998e-01 7.322621e+01
9.999532e-01 1.643780e-03 -9.536713e-03 -1.279231e+01 -1.642473e-03 9.999986e-01 1.447693e-04 -1.204780e-01 9.536939e-03 -1.290981e-04 9.999545e-01 7.341338e+01
9.999979e-01 -2.013031e-03 3.199413e-04 -1.277974e+01 2.013114e-03 9.999979e-01 -2.603017e-04 -1.288979e-01 -3.194168e-04 2.609446e-04 9.999999e-01 7.362718e+01
9.999565e-01 1.457238e-03 -9.214296e-03 -1.273443e+01 -1.455289e-03 9.999989e-01 2.181541e-04 -1.389566e-01 9.214604e-03 -2.047345e-04 9.999575e-01 7.375603e+01
9.999979e-01 -2.038042e-03 1.175115e-05 -1.265964e+01 2.038044e-03 9.999979e-01 -1.610935e-04 -1.500766e-01 -1.142300e-05 1.611165e-04 1.000000e+00 7.382927e+01
9.999606e-01 1.625423e-03 -8.723593e-03 -1.258594e+01 -1.623204e-03 9.999986e-01 2.613515e-04 -1.613510e-01 8.724006e-03 -2.471805e-04 9.999619e-01 7.389561e+01
9.999977e-01 -2.115621e-03 -3.931832e-04 -1.244285e+01 2.115593e-03 9.999978e-01 -7.169590e-05 -1.741469e-01 3.933338e-04 7.086330e-05 9.999999e-01 7.388568e+01
9.999608e-01 1.409626e-03 -8.746463e-03 -1.238319e+01 -1.407741e-03 9.999990e-01 2.216916e-04 -1.846371e-01 8.746767e-03 -2.093695e-04 9.999617e-01 7.397967e+01
9.999978e-01 -1.974969e-03 6.574586e-04 -1.234485e+01 1.975156e-03 9.999980e-01 -2.855384e-04 -1.946087e-01 -6.568936e-04 2.868357e-04 9.999997e-01 7.406699e+01
9.999545e-01 1.114763e-03 -9.475782e-03 -1.223312e+01 -1.108990e-03 9.999992e-01 6.143698e-04 -2.063303e-01 9.476460e-03 -6.038327e-04 9.999549e-01 7.407041e+01
9.999985e-01 -1.580552e-03 7.659385e-04 -1.220850e+01 1.581032e-03 9.999986e-01 -6.265185e-04 -2.158863e-01 -7.649473e-04 6.277279e-04 9.999995e-01 7.418294e+01
9.999564e-01 1.187298e-03 -9.266743e-03 -1.220234e+01 -1.182085e-03 9.999991e-01 5.679406e-04 -2.243440e-01 9.267410e-03 -5.569611e-04 9.999569e-01 7.434487e+01
9.999983e-01 -1.540817e-03 9.972376e-04 -1.220199e+01 1.541489e-03 9.999986e-01 -6.746921e-04 -2.324276e-01 -9.961967e-04 6.762275e-04 9.999993e-01 7.454097e+01
9.999618e-01 1.107608e-03 -8.675914e-03 -1.219556e+01 -1.103588e-03 9.999993e-01 4.681114e-04 -2.407903e-01 8.676427e-03 -4.585182e-04 9.999623e-01 7.472388e+01
9.999991e-01 -1.360277e-03 1.615161e-04 -1.219928e+01 1.360392e-03 9.999988e-01 -7.200023e-04 -2.483993e-01 -1.605367e-04 7.202207e-04 9.999997e-01 7.495704e+01
9.999662e-01 1.014929e-03 -8.162290e-03 -1.221662e+01 -1.010999e-03 9.999994e-01 4.855062e-04 -2.556068e-01 8.162778e-03 -4.772371e-04 9.999666e-01 7.520947e+01
9.999991e-01 -1.371591e-03 -1.317207e-04 -1.220825e+01 1.371502e-03 9.999988e-01 -6.644591e-04 -2.641208e-01 1.326317e-04 6.642772e-04 9.999998e-01 7.539556e+01
9.999678e-01 1.015150e-03 -7.961474e-03 -1.220382e+01 -1.011130e-03 9.999994e-01 5.089178e-04 -2.724668e-01 7.961985e-03 -5.008507e-04 9.999682e-01 7.557276e+01
9.999991e-01 -1.348756e-03 -2.359069e-04 -1.219050e+01 1.348595e-03 9.999989e-01 -6.814733e-04 -2.809569e-01 2.368257e-04 6.811539e-04 9.999997e-01 7.574643e+01
9.999604e-01 4.093382e-04 -8.892654e-03 -1.211759e+01 -3.986787e-04 9.999992e-01 1.200387e-03 -2.908910e-01 8.893138e-03 -1.196794e-03 9.999597e-01 7.581869e+01
9.999989e-01 -1.441630e-03 -3.305893e-04 -1.208069e+01 1.441448e-03 9.999988e-01 -5.490099e-04 -3.017267e-01 3.313802e-04 5.485321e-04 9.999998e-01 7.597438e+01
9.999718e-01 1.099986e-03 -7.432046e-03 -1.211209e+01 -1.098797e-03 9.999994e-01 1.639860e-04 -3.080861e-01 7.432222e-03 -1.558145e-04 9.999724e-01 7.632513e+01
9.999989e-01 -1.470709e-03 -3.379068e-04 -1.213119e+01 1.470545e-03 9.999988e-01 -4.848091e-04 -3.151539e-01 3.386192e-04 4.843110e-04 9.999998e-01 7.660981e+01
9.999663e-01 1.267266e-03 -8.109405e-03 -1.215889e+01 -1.265586e-03 9.999992e-01 2.122510e-04 -3.215965e-01 8.109667e-03 -2.019802e-04 9.999671e-01 7.693734e+01
9.999989e-01 -1.505820e-03 3.578203e-05 -1.219587e+01 1.505839e-03 9.999987e-01 -5.534077e-04 -3.279206e-01 -3.494880e-05 5.534603e-04 9.999998e-01 7.729251e+01
9.999685e-01 1.204979e-03 -7.841787e-03 -1.222499e+01 -1.203186e-03 9.999992e-01 2.333147e-04 -3.347635e-01 7.842063e-03 -2.238716e-04 9.999692e-01 7.760893e+01
9.999985e-01 -1.723825e-03 -2.995325e-04 -1.219695e+01 1.723705e-03 9.999984e-01 -4.012903e-04 -3.440808e-01 3.002237e-04 4.007727e-04 9.999999e-01 7.777035e+01
9.999662e-01 1.969072e-03 -7.978889e-03 -1.207508e+01 -1.961975e-03 9.999977e-01 8.971332e-04 -3.555062e-01 7.980637e-03 -8.814480e-04 9.999678e-01 7.777374e+01
9.999978e-01 -2.062819e-03 -2.982416e-04 -1.194594e+01 2.062666e-03 9.999977e-01 -5.084685e-04 -3.673721e-01 2.992897e-04 5.078516e-04 9.999998e-01 7.776823e+01
9.999684e-01 2.298739e-03 -7.613679e-03 -1.183034e+01 -2.291495e-03 9.999969e-01 9.600092e-04 -3.788654e-01 7.615863e-03 -9.425315e-04 9.999706e-01 7.774971e+01
9.999962e-01 -2.690981e-03 -6.545430e-04 -1.174151e+01 2.690470e-03 9.999961e-01 -7.792050e-04 -3.901928e-01 6.566372e-04 7.774404e-04 9.999995e-01 7.774936e+01
9.999694e-01 2.606173e-03 -7.379970e-03 -1.164983e+01 -2.598147e-03 9.999960e-01 1.096937e-03 -4.014075e-01 7.382800e-03 -1.077728e-03 9.999722e-01 7.774483e+01
9.999956e-01 -2.843536e-03 -8.449325e-04 -1.156734e+01 2.842850e-03 9.999956e-01 -8.114657e-04 -4.123645e-01 8.472362e-04 8.090595e-04 9.999993e-01 7.774770e+01
9.999718e-01 2.846479e-03 -6.948097e-03 -1.144932e+01 -2.838664e-03 9.999953e-01 1.134265e-03 -4.240029e-01 6.951293e-03 -1.114509e-03 9.999752e-01 7.772405e+01
9.999920e-01 -3.531126e-03 -1.865405e-03 -1.131698e+01 3.529383e-03 9.999933e-01 -9.364963e-04 -4.358280e-01 1.868699e-03 9.299045e-04 9.999978e-01 7.769356e+01
9.999707e-01 3.551441e-03 -6.780686e-03 -1.122226e+01 -3.542080e-03 9.999928e-01 1.391980e-03 -4.472909e-01 6.785580e-03 -1.367921e-03 9.999760e-01 7.773319e+01
9.999916e-01 -3.780087e-03 -1.576020e-03 -1.112102e+01 3.778297e-03 9.999922e-01 -1.137181e-03 -4.587057e-01 1.580306e-03 1.131216e-03 9.999981e-01 7.774812e+01
9.999738e-01 2.947031e-03 -6.613496e-03 -1.103854e+01 -2.937892e-03 9.999947e-01 1.391088e-03 -4.695130e-01 6.617561e-03 -1.371621e-03 9.999772e-01 7.775677e+01
9.999929e-01 -3.463000e-03 -1.452288e-03 -1.104605e+01 3.460972e-03 9.999930e-01 -1.396377e-03 -4.775896e-01 1.457113e-03 1.391341e-03 9.999980e-01 7.792175e+01
9.999790e-01 2.963218e-03 -5.765232e-03 -1.104417e+01 -2.954680e-03 9.999945e-01 1.488737e-03 -4.858347e-01 5.769612e-03 -1.471670e-03 9.999823e-01 7.804464e+01
9.999932e-01 -3.264630e-03 -1.714604e-03 -1.096101e+01 3.262641e-03 9.999940e-01 -1.161194e-03 -4.970767e-01 1.718384e-03 1.155591e-03 9.999979e-01 7.806206e+01
9.999756e-01 2.954396e-03 -6.325795e-03 -1.091694e+01 -2.945478e-03 9.999947e-01 1.418459e-03 -5.076665e-01 6.329952e-03 -1.399791e-03 9.999790e-01 7.807749e+01
9.999914e-01 -3.361716e-03 -2.413425e-03 -1.087295e+01 3.358547e-03 9.999935e-01 -1.315576e-03 -5.181385e-01 2.417832e-03 1.307459e-03 9.999962e-01 7.813347e+01
9.999764e-01 3.075231e-03 -6.151306e-03 -1.068451e+01 -3.065008e-03 9.999939e-01 1.670450e-03 -5.308684e-01 6.156406e-03 -1.651556e-03 9.999797e-01 7.806118e+01
9.999909e-01 -3.603411e-03 -2.296117e-03 -1.052338e+01 3.600224e-03 9.999926e-01 -1.390306e-03 -5.432577e-01 2.301110e-03 1.382027e-03 9.999964e-01 7.803417e+01
9.999762e-01 3.518878e-03 -5.933023e-03 -1.038647e+01 -3.508710e-03 9.999924e-01 1.723347e-03 -5.552148e-01 5.939042e-03 -1.702488e-03 9.999809e-01 7.801334e+01
9.999877e-01 -3.808366e-03 -3.177815e-03 -1.013152e+01 3.804187e-03 9.999919e-01 -1.319799e-03 -5.694366e-01 3.182815e-03 1.307694e-03 9.999941e-01 7.790540e+01
9.999798e-01 2.918745e-03 -5.650975e-03 -9.918916e+00 -2.909649e-03 9.999945e-01 1.617151e-03 -5.826992e-01 5.655664e-03 -1.600676e-03 9.999827e-01 7.783648e+01
9.999900e-01 -3.329290e-03 -2.982290e-03 -9.835049e+00 3.324880e-03 9.999934e-01 -1.482297e-03 -5.936804e-01 2.987205e-03 1.472366e-03 9.999945e-01 7.787520e+01
9.999802e-01 3.105400e-03 -5.482230e-03 -9.743746e+00 -3.096181e-03 9.999938e-01 1.689336e-03 -6.052123e-01 5.487442e-03 -1.672328e-03 9.999835e-01 7.789289e+01
9.999893e-01 -3.482982e-03 -3.050232e-03 -9.613108e+00 3.478596e-03 9.999929e-01 -1.441836e-03 -6.170920e-01 3.055232e-03 1.431210e-03 9.999943e-01 7.788554e+01
9.999798e-01 3.096696e-03 -5.548117e-03 -9.435294e+00 -3.086870e-03 9.999937e-01 1.778698e-03 -6.296076e-01 5.553590e-03 -1.761535e-03 9.999830e-01 7.784643e+01
9.999916e-01 -3.244161e-03 -2.507341e-03 -9.286401e+00 3.241107e-03 9.999940e-01 -1.220777e-03 -6.426467e-01 2.511286e-03 1.212640e-03 9.999961e-01 7.781816e+01
9.999750e-01 2.339805e-03 -6.666061e-03 -9.074556e+00 -2.329797e-03 9.999961e-01 1.508783e-03 -6.571717e-01 6.669566e-03 -1.493214e-03 9.999766e-01 7.772392e+01
9.999937e-01 -2.990139e-03 -1.934415e-03 -8.893561e+00 2.987731e-03 9.999948e-01 -1.246337e-03 -6.712577e-01 1.938131e-03 1.240549e-03 9.999974e-01 7.764858e+01
9.999772e-01 2.554716e-03 -6.256088e-03 -8.751204e+00 -2.544721e-03 9.999955e-01 1.604992e-03 -6.835934e-01 6.260160e-03 -1.589035e-03 9.999791e-01 7.758478e+01
9.999946e-01 -2.605652e-03 -2.022374e-03 -8.590956e+00 2.603208e-03 9.999959e-01 -1.209957e-03 -6.960114e-01 2.025518e-03 1.204686e-03 9.999972e-01 7.754496e+01
9.999774e-01 2.627452e-03 -6.191484e-03 -8.442102e+00 -2.616916e-03 9.999951e-01 1.709145e-03 -7.083947e-01 6.195945e-03 -1.692903e-03 9.999794e-01 7.749918e+01
9.999918e-01 -3.463105e-03 -2.079489e-03 -8.331529e+00 3.459922e-03 9.999928e-01 -1.532016e-03 -7.203064e-01 2.084779e-03 1.524808e-03 9.999967e-01 7.750530e+01
9.999850e-01 2.478274e-03 -4.882417e-03 -8.351759e+00 -2.474028e-03 9.999966e-01 8.753755e-04 -7.246042e-01 4.884570e-03 -8.632826e-04 9.999877e-01 7.779500e+01
9.999927e-01 -2.007199e-03 -3.242497e-03 -8.286143e+00 2.005786e-03 9.999979e-01 -4.389070e-04 -7.363701e-01 3.243371e-03 4.323995e-04 9.999946e-01 7.791876e+01
9.999837e-01 1.731883e-03 -5.440423e-03 -8.175729e+00 -1.727389e-03 9.999982e-01 8.305348e-04 -7.481877e-01 5.441851e-03 -8.211230e-04 9.999849e-01 7.792501e+01
9.999883e-01 -2.797191e-03 -3.948852e-03 -8.095882e+00 2.793782e-03 9.999957e-01 -8.683995e-04 -7.584691e-01 3.951264e-03 8.573565e-04 9.999918e-01 7.801011e+01
9.999833e-01 2.793886e-03 -5.068044e-03 -8.001457e+00 -2.787780e-03 9.999954e-01 1.211412e-03 -7.711535e-01 5.071406e-03 -1.197263e-03 9.999864e-01 7.803600e+01
9.999861e-01 -3.578787e-03 -3.872094e-03 -7.909100e+00 3.574618e-03 9.999930e-01 -1.083100e-03 -7.821922e-01 3.875943e-03 1.069243e-03 9.999919e-01 7.807927e+01
9.999822e-01 3.334799e-03 -4.952236e-03 -7.905232e+00 -3.329453e-03 9.999939e-01 1.087261e-03 -7.899263e-01 4.955831e-03 -1.070753e-03 9.999871e-01 7.827905e+01
9.999893e-01 -3.651114e-03 -2.856519e-03 -7.874728e+00 3.648178e-03 9.999928e-01 -1.032481e-03 -7.997210e-01 2.860268e-03 1.022049e-03 9.999954e-01 7.834639e+01
9.999809e-01 3.476618e-03 -5.101126e-03 -7.831010e+00 -3.470188e-03 9.999932e-01 1.268624e-03 -8.099544e-01 5.105501e-03 -1.250897e-03 9.999862e-01 7.837321e+01
9.999865e-01 -3.840916e-03 -3.511231e-03 -7.805610e+00 3.836741e-03 9.999919e-01 -1.194843e-03 -8.194153e-01 3.515792e-03 1.181354e-03 9.999931e-01 7.845919e+01
9.999816e-01 3.519965e-03 -4.940807e-03 -7.798901e+00 -3.513650e-03 9.999930e-01 1.286099e-03 -8.283815e-01 4.945299e-03 -1.268715e-03 9.999870e-01 7.855301e+01
9.999877e-01 -3.808648e-03 -3.165063e-03 -7.808433e+00 3.804424e-03 9.999919e-01 -1.339420e-03 -8.365283e-01 3.170139e-03 1.327362e-03 9.999941e-01 7.868467e+01
9.999805e-01 3.521082e-03 -5.155965e-03 -7.811945e+00 -3.514451e-03 9.999930e-01 1.294478e-03 -8.446364e-01 5.160487e-03 -1.276332e-03 9.999859e-01 7.885638e+01
9.999907e-01 -3.453131e-03 -2.586357e-03 -7.750440e+00 3.450531e-03 9.999935e-01 -1.008911e-03 -8.550254e-01 2.589824e-03 9.999765e-04 9.999961e-01 7.889776e+01
9.999731e-01 1.508276e-03 -7.179434e-03 -7.615024e+00 -1.502494e-03 9.999985e-01 8.105553e-04 -8.648516e-01 7.180646e-03 -7.997459e-04 9.999739e-01 7.895778e+01
9.999931e-01 -2.049617e-03 -3.105518e-03 -7.519295e+00 2.048162e-03 9.999978e-01 -4.714650e-04 -8.753478e-01 3.106477e-03 4.651006e-04 9.999951e-01 7.930716e+01
9.999905e-01 1.875370e-03 -3.939372e-03 -7.567714e+00 -1.874927e-03 9.999982e-01 1.159183e-04 -8.803319e-01 3.939583e-03 -1.085306e-04 9.999922e-01 7.968639e+01
9.999856e-01 -2.651795e-03 -4.656115e-03 -7.444323e+00 2.650323e-03 9.999964e-01 -3.222117e-04 -8.920477e-01 4.656953e-03 3.098664e-04 9.999891e-01 7.975874e+01
9.999849e-01 1.280203e-03 -5.343486e-03 -7.107924e+00 -1.278584e-03 9.999991e-01 3.063196e-04 -9.091452e-01 5.343874e-03 -2.994824e-04 9.999857e-01 7.967928e+01
9.999961e-01 -1.409745e-03 -2.414680e-03 -6.911327e+00 1.410196e-03 9.999990e-01 1.852328e-04 -9.222010e-01 2.414416e-03 -1.886377e-04 9.999971e-01 7.962292e+01
9.999796e-01 1.251396e-03 -6.266952e-03 -6.697038e+00 -1.250464e-03 9.999992e-01 1.524844e-04 -9.353061e-01 6.267138e-03 -1.446442e-04 9.999804e-01 7.956576e+01
9.999958e-01 -1.503998e-03 -2.470992e-03 -6.530013e+00 1.504661e-03 9.999988e-01 2.665560e-04 -9.475677e-01 2.470588e-03 -2.702734e-04 9.999969e-01 7.954978e+01
9.999765e-01 1.352936e-03 -6.715902e-03 -6.468642e+00 -1.353375e-03 9.999991e-01 -6.101356e-05 -9.581815e-01 6.715813e-03 7.010175e-05 9.999774e-01 7.960096e+01
9.999990e-01 -9.420507e-04 -1.041266e-03 -6.403125e+00 9.426901e-04 9.999994e-01 6.142520e-04 -9.691864e-01 1.040686e-03 -6.152334e-04 9.999993e-01 7.964274e+01
9.999733e-01 5.814229e-04 -7.289417e-03 -6.300201e+00 -5.837792e-04 9.999998e-01 -3.211958e-04 -9.811241e-01 7.289228e-03 3.254431e-04 9.999734e-01 7.961644e+01
9.999999e-01 -2.790710e-04 -3.695852e-04 -6.153988e+00 2.793340e-04 9.999997e-01 7.131800e-04 -9.934946e-01 3.693861e-04 -7.132836e-04 9.999997e-01 7.957077e+01
9.999704e-01 2.039352e-04 -7.685248e-03 -6.014424e+00 -2.065853e-04 9.999999e-01 -3.441143e-04 -1.005433e+00 7.685177e-03 3.456922e-04 9.999704e-01 7.953616e+01
9.999993e-01 -8.688647e-04 -7.923301e-04 -5.951261e+00 8.692100e-04 9.999995e-01 4.362492e-04 -1.016267e+00 7.919507e-04 -4.369380e-04 9.999996e-01 7.953557e+01
9.999729e-01 -7.530136e-05 -7.360172e-03 -5.921716e+00 7.381115e-05 1.000000e+00 -2.028121e-04 -1.025973e+00 7.360187e-03 2.022639e-04 9.999729e-01 7.966789e+01
9.999998e-01 -5.589824e-04 -3.882169e-04 -5.887037e+00 5.589060e-04 9.999998e-01 -1.955304e-04 -1.035468e+00 3.883262e-04 1.953129e-04 9.999999e-01 7.985234e+01
9.999630e-01 -1.144553e-04 -8.600809e-03 -5.763672e+00 1.202751e-04 9.999998e-01 6.760837e-04 -1.047991e+00 8.600729e-03 -6.770927e-04 9.999628e-01 7.985831e+01
9.999991e-01 -1.181534e-03 -5.817746e-04 -5.685445e+00 1.181457e-03 9.999993e-01 -1.308885e-04 -1.060141e+00 5.819289e-04 1.302006e-04 9.999998e-01 7.992562e+01
9.999644e-01 8.827306e-04 -8.395408e-03 -5.675069e+00 -8.828113e-04 9.999996e-01 -5.964750e-06 -1.068145e+00 8.395399e-03 1.337656e-05 9.999648e-01 8.020014e+01
9.999984e-01 -1.420114e-03 -1.090720e-03 -5.545311e+00 1.420583e-03 9.999989e-01 4.302779e-04 -1.080442e+00 1.090108e-03 -4.318271e-04 9.999993e-01 8.030763e+01
9.999360e-01 -6.562692e-04 -1.129031e-02 -5.250478e+00 6.475745e-04 9.999995e-01 -7.737915e-04 -1.097470e+00 1.129081e-02 7.664312e-04 9.999360e-01 8.029883e+01
9.999957e-01 -1.821770e-03 2.313332e-03 -4.814178e+00 1.818362e-03 9.999973e-01 1.474573e-03 -1.115494e+00 -2.316012e-03 -1.470361e-03 9.999962e-01 8.028853e+01
9.999318e-01 2.584311e-03 -1.138613e-02 -4.696591e+00 -2.597260e-03 9.999960e-01 -1.122675e-03 -1.128264e+00 1.138319e-02 1.152172e-03 9.999345e-01 8.027050e+01
9.999922e-01 -2.696226e-03 2.871200e-03 -4.625663e+00 2.692183e-03 9.999954e-01 1.410807e-03 -1.138933e+00 -2.874990e-03 -1.403066e-03 9.999949e-01 8.030549e+01
9.999312e-01 2.165705e-03 -1.152753e-02 -4.598397e+00 -2.181040e-03 9.999968e-01 -1.318019e-03 -1.148645e+00 1.152464e-02 1.343071e-03 9.999327e-01 8.039879e+01
9.999917e-01 -2.620824e-03 3.133089e-03 -4.573976e+00 2.616889e-03 9.999958e-01 1.259191e-03 -1.157771e+00 -3.136376e-03 -1.250982e-03 9.999943e-01 8.055359e+01
9.999331e-01 2.379442e-03 -1.131734e-02 -4.481792e+00 -2.391977e-03 9.999965e-01 -1.094214e-03 -1.168811e+00 1.131469e-02 1.121212e-03 9.999354e-01 8.060588e+01
9.999924e-01 -2.634464e-03 2.868805e-03 -4.359565e+00 2.630230e-03 9.999954e-01 1.478609e-03 -1.180365e+00 -2.872688e-03 -1.471052e-03 9.999948e-01 8.060491e+01
9.999357e-01 2.610956e-03 -1.103332e-02 -4.264093e+00 -2.623702e-03 9.999959e-01 -1.140937e-03 -1.191540e+00 1.103030e-02 1.169812e-03 9.999385e-01 8.062207e+01
9.999926e-01 -2.732301e-03 2.724760e-03 -4.150861e+00 2.728306e-03 9.999952e-01 1.468644e-03 -1.202956e+00 -2.728760e-03 -1.461199e-03 9.999952e-01 8.063538e+01
9.999334e-01 2.137049e-03 -1.134288e-02 -4.093475e+00 -2.152806e-03 9.999967e-01 -1.377138e-03 -1.213297e+00 1.133990e-02 1.401466e-03 9.999347e-01 8.069227e+01
9.999920e-01 -2.529493e-03 3.099913e-03 -4.088961e+00 2.525694e-03 9.999961e-01 1.228846e-03 -1.221356e+00 -3.103009e-03 -1.221007e-03 9.999944e-01 8.087441e+01
9.999022e-01 3.026954e-03 -1.365095e-02 -4.160957e+00 -3.046581e-03 9.999944e-01 -1.417245e-03 -1.223534e+00 1.364658e-02 1.458696e-03 9.999058e-01 8.132390e+01
9.999973e-01 -2.033275e-03 1.166816e-03 -4.307389e+00 2.031959e-03 9.999973e-01 1.126800e-03 -1.222621e+00 -1.169104e-03 -1.124426e-03 9.999987e-01 8.198731e+01
9.999320e-01 1.885756e-03 -1.150532e-02 -4.384924e+00 -1.901553e-03 9.999973e-01 -1.362267e-03 -1.225551e+00 1.150272e-02 1.384053e-03 9.999329e-01 8.248646e+01
9.999970e-01 -2.244648e-03 9.455863e-04 -4.274089e+00 2.242942e-03 9.999959e-01 1.801284e-03 -1.238485e+00 -9.496256e-04 -1.799158e-03 9.999979e-01 8.258790e+01
9.997683e-01 -3.660906e-03 -2.121260e-02 -3.616389e+00 3.666933e-03 9.999932e-01 2.451875e-04 -1.261477e+00 2.121156e-02 -3.229155e-04 9.997750e-01 8.221552e+01
9.999455e-01 1.503540e-03 1.032655e-02 -3.007277e+00 -1.512395e-03 9.999985e-01 8.497127e-04 -1.282741e+00 -1.032526e-02 -8.652847e-04 9.999463e-01 8.192133e+01
9.998331e-01 -1.955241e-03 -1.816447e-02 -2.896778e+00 1.947990e-03 9.999980e-01 -4.169447e-04 -1.294805e+00 1.816525e-02 3.814913e-04 9.998349e-01 8.187672e+01
9.999457e-01 1.949915e-03 1.023491e-02 -2.769932e+00 -1.957835e-03 9.999978e-01 7.637898e-04 -1.306622e+00 -1.023340e-02 -7.837870e-04 9.999473e-01 8.184530e+01
9.998281e-01 -2.077808e-03 -1.842355e-02 -2.663925e+00 2.070417e-03 9.999978e-01 -4.202665e-04 -1.318241e+00 1.842439e-02 3.820502e-04 9.998302e-01 8.184222e+01
9.999637e-01 1.704569e-03 8.350774e-03 -2.653044e+00 -1.708215e-03 9.999984e-01 4.294559e-04 -1.326944e+00 -8.350029e-03 -4.437056e-04 9.999650e-01 8.200759e+01
9.998295e-01 -2.046387e-03 -1.835299e-02 -2.628506e+00 2.047445e-03 9.999979e-01 3.883320e-05 -1.336590e+00 1.835287e-02 -7.640292e-05 9.998316e-01 8.216381e+01
9.999450e-01 1.620295e-03 1.036350e-02 -2.590110e+00 -1.619606e-03 9.999987e-01 -7.486873e-05 -1.346493e+00 -1.036361e-02 5.807942e-05 9.999463e-01 8.224048e+01
9.998265e-01 -1.762272e-03 -1.854222e-02 -2.435489e+00 1.770363e-03 9.999983e-01 4.199287e-04 -1.359307e+00 1.854145e-02 -4.526819e-04 9.998280e-01 8.219408e+01
9.999481e-01 9.768784e-04 1.014275e-02 -2.274835e+00 -9.763463e-04 9.999995e-01 -5.746632e-05 -1.372028e+00 -1.014280e-02 4.756011e-05 9.999486e-01 8.212959e+01
9.998366e-01 -1.348937e-03 -1.802622e-02 -2.186092e+00 1.357117e-03 9.999990e-01 4.415203e-04 -1.383249e+00 1.802560e-02 -4.659115e-04 9.998374e-01 8.210466e+01
9.999469e-01 1.487895e-03 1.019875e-02 -2.085263e+00 -1.486718e-03 9.999989e-01 -1.229719e-04 -1.394592e+00 -1.019892e-02 1.078023e-04 9.999480e-01 8.209483e+01
9.998293e-01 -1.456372e-03 -1.842116e-02 -1.991925e+00 1.465851e-03 9.999988e-01 5.010161e-04 -1.405688e+00 1.842041e-02 -5.279329e-04 9.998302e-01 8.211126e+01
9.999468e-01 1.428933e-03 1.021612e-02 -1.844989e+00 -1.428114e-03 9.999990e-01 -8.750856e-05 -1.417670e+00 -1.021623e-02 7.291373e-05 9.999478e-01 8.210105e+01
9.998297e-01 -1.192010e-03 -1.841373e-02 -1.680091e+00 1.203714e-03 9.999991e-01 6.245351e-04 -1.429990e+00 1.841297e-02 -6.465932e-04 9.998303e-01 8.207661e+01
9.999487e-01 1.126593e-03 1.006462e-02 -1.542669e+00 -1.123740e-03 9.999993e-01 -2.891602e-04 -1.441947e+00 -1.006494e-02 2.778350e-04 9.999493e-01 8.205610e+01
9.998308e-01 -1.060350e-03 -1.836425e-02 -1.439323e+00 1.071907e-03 9.999992e-01 6.194487e-04 -1.452945e+00 1.836357e-02 -6.390282e-04 9.998312e-01 8.211852e+01
9.999625e-01 -9.840535e-05 8.654332e-03 -1.311817e+00 9.881994e-05 1.000000e+00 -4.754803e-05 -1.464458e+00 -8.654327e-03 4.840110e-05 9.999625e-01 8.213979e+01
9.998394e-01 -6.414362e-05 -1.792122e-02 -1.203596e+00 7.340230e-05 9.999999e-01 5.159412e-04 -1.477611e+00 1.792118e-02 -5.171735e-04 9.998393e-01 8.212821e+01
9.999517e-01 -2.290428e-04 9.825834e-03 -1.039490e+00 2.283253e-04 1.000000e+00 7.407411e-05 -1.491501e+00 -9.825850e-03 -7.182741e-05 9.999517e-01 8.208994e+01
9.998374e-01 -5.078632e-05 -1.803046e-02 -8.523713e-01 5.310982e-05 1.000000e+00 1.283528e-04 -1.506487e+00 1.803045e-02 -1.292892e-04 9.998374e-01 8.203773e+01
9.999559e-01 -6.404585e-04 9.372096e-03 -6.172201e-01 6.388411e-04 9.999998e-01 1.755060e-04 -1.522077e+00 -9.372206e-03 -1.695114e-04 9.999561e-01 8.196728e+01
9.998492e-01 4.375760e-05 -1.736716e-02 -4.182631e-01 -3.597310e-05 9.999999e-01 4.485082e-04 -1.537296e+00 1.736718e-02 -4.478155e-04 9.998491e-01 8.191141e+01
9.999593e-01 -3.359266e-07 9.024580e-03 -2.260514e-01 1.644204e-06 1.000000e+00 -1.450288e-04 -1.552208e+00 -9.024580e-03 1.450374e-04 9.999593e-01 8.183313e+01
9.998330e-01 -2.420730e-04 -1.827144e-02 -3.799094e-02 2.514014e-04 9.999998e-01 5.082198e-04 -1.565900e+00 1.827131e-02 -5.127281e-04 9.998329e-01 8.177946e+01
9.999577e-01 3.858604e-04 9.192789e-03 1.864393e-01 -3.870442e-04 9.999999e-01 1.269353e-04 -1.579860e+00 -9.192739e-03 -1.304882e-04 9.999577e-01 8.173357e+01
9.998431e-01 -4.853854e-04 -1.770861e-02 4.135563e-01 4.936303e-04 9.999998e-01 4.611881e-04 -1.594231e+00 1.770838e-02 -4.698568e-04 9.998431e-01 8.166913e+01
9.999628e-01 -2.477036e-04 8.620705e-03 6.429298e-01 2.425081e-04 9.999998e-01 6.036457e-04 -1.609126e+00 -8.620853e-03 -6.015330e-04 9.999627e-01 8.159278e+01
9.998550e-01 1.583669e-03 -1.695306e-02 7.939552e-01 -1.589840e-03 9.999987e-01 -3.505758e-04 -1.622821e+00 1.695249e-02 3.774780e-04 9.998562e-01 8.153832e+01
9.999667e-01 -1.340253e-03 8.051721e-03 9.819916e-01 1.333920e-03 9.999988e-01 7.917600e-04 -1.636211e+00 -8.052772e-03 -7.809936e-04 9.999673e-01 8.149928e+01
9.998460e-01 4.286629e-04 -1.754344e-02 1.270676e+00 -4.346031e-04 9.999998e-01 -3.348229e-04 -1.650750e+00 1.754329e-02 3.423961e-04 9.998460e-01 8.140094e+01
9.999600e-01 -5.302699e-04 8.924790e-03 1.530884e+00 5.217611e-04 9.999994e-01 9.556146e-04 -1.664651e+00 -8.925291e-03 -9.509201e-04 9.999597e-01 8.130548e+01
9.998479e-01 2.298470e-04 -1.743973e-02 1.758918e+00 -2.383872e-04 9.999999e-01 -4.876509e-04 -1.678123e+00 1.743961e-02 4.917345e-04 9.998478e-01 8.121771e+01
9.999635e-01 -3.772969e-04 8.534610e-03 2.042771e+00 3.680188e-04 9.999993e-01 1.088582e-03 -1.692761e+00 -8.535015e-03 -1.085402e-03 9.999630e-01 8.109829e+01
9.998480e-01 2.142759e-04 -1.743350e-02 2.314261e+00 -2.227709e-04 9.999999e-01 -4.853781e-04 -1.707245e+00 1.743340e-02 4.891884e-04 9.998479e-01 8.098614e+01
9.999636e-01 -4.420037e-04 8.526571e-03 2.564261e+00 4.338534e-04 9.999994e-01 9.576170e-04 -1.721469e+00 -8.526989e-03 -9.538831e-04 9.999632e-01 8.088808e+01
