9.999577e-01 1.116398e-03 -9.130266e-03 -2.033697e-01 -1.104243e-03 9.999985e-01 1.336238e-03 -7.100012e-04 9.131744e-03 -1.326100e-03 9.999574e-01 9.642838e-01
9.999986e-01 6.862783e-04 -1.533280e-03 -4.914136e-01 -6.838027e-04 9.999985e-01 1.614510e-03 3.458496e-03 1.534386e-03 -1.613458e-03 9.999975e-01 2.129746e+00
9.999779e-01 1.105790e-03 -6.548327e-03 -6.723256e-01 -1.099292e-03 9.999989e-01 9.957782e-04 5.117144e-03 6.549420e-03 -9.885584e-04 9.999781e-01 3.054587e+00
9.999999e-01 2.772658e-05 4.959039e-04 -8.154036e-01 -2.779551e-05 1.000000e+00 1.390671e-04 3.358177e-03 -4.958997e-04 -1.390802e-04 9.999999e-01 3.833762e+00
9.999694e-01 1.412442e-03 -7.690011e-03 -1.101637e+00 -1.396709e-03 9.999969e-01 2.050859e-03 8.243442e-03 7.692883e-03 -2.040057e-03 9.999683e-01 4.825102e+00
9.999973e-01 -1.572532e-04 2.297689e-03 -1.263733e+00 1.591122e-04 9.999997e-01 -8.088850e-04 7.064576e-03 -2.297560e-03 8.092491e-04 9.999970e-01 5.634378e+00
9.999625e-01 1.444323e-03 -8.542563e-03 -1.446439e+00 -1.425585e-03 9.999966e-01 2.199160e-03 7.395479e-03 8.545710e-03 -2.186900e-03 9.999611e-01 6.586786e+00
9.999978e-01 -1.867030e-04 2.096561e-03 -1.638076e+00 1.887393e-04 9.999995e-01 -9.710622e-04 6.753333e-03 -2.096378e-03 9.714565e-04 9.999973e-01 7.544661e+00
9.999456e-01 1.517650e-03 -1.032358e-02 -1.885607e+00 -1.489657e-03 9.999952e-01 2.718751e-03 8.828465e-03 1.032766e-02 -2.703225e-03 9.999430e-01 8.557955e+00
9.999998e-01 3.695121e-04 -5.546782e-04 -2.277402e+00 -3.688952e-04 9.999993e-01 1.111893e-03 1.860185e-02 5.550890e-04 -1.111687e-03 9.999992e-01 9.742630e+00
9.999713e-01 8.908557e-04 -7.522528e-03 -2.492646e+00 -8.856850e-04 9.999994e-01 6.906662e-04 1.998801e-02 7.523138e-03 -6.839845e-04 9.999715e-01 1.065950e+01
9.999998e-01 4.203968e-04 -5.392815e-04 -2.712345e+00 -4.196525e-04 9.999990e-01 1.379362e-03 2.183539e-02 5.398611e-04 -1.379135e-03 9.999989e-01 1.152721e+01
9.999583e-01 7.222320e-04 -9.108060e-03 -2.925159e+00 -7.171700e-04 9.999996e-01 5.590361e-04 2.272147e-02 9.108459e-03 -5.524814e-04 9.999584e-01 1.241622e+01
9.999978e-01 6.512641e-04 2.016674e-03 -3.068530e+00 -6.538209e-04 9.999990e-01 1.267460e-03 2.161120e-02 -2.015846e-03 -1.268775e-03 9.999972e-01 1.316917e+01
9.999628e-01 2.507679e-04 -8.627088e-03 -3.189734e+00 -2.530889e-04 9.999999e-01 -2.679441e-04 1.887141e-02 8.627019e-03 2.701169e-04 9.999628e-01 1.386974e+01
9.999989e-01 9.274821e-04 1.123820e-03 -3.368670e+00 -9.295863e-04 9.999978e-01 1.873351e-03 1.892548e-02 -1.122080e-03 -1.874393e-03 9.999976e-01 1.476852e+01
9.999756e-01 4.137025e-04 -6.979580e-03 -3.518901e+00 -4.177683e-04 9.999997e-01 -5.810699e-04 1.769660e-02 6.979338e-03 5.839709e-04 9.999755e-01 1.567677e+01
9.999996e-01 7.307579e-04 5.206983e-04 -3.681751e+00 -7.317592e-04 9.999979e-01 1.925426e-03 1.674612e-02 -5.192899e-04 -1.925805e-03 9.999980e-01 1.654083e+01
9.999828e-01 2.155012e-04 -5.855216e-03 -3.796014e+00 -2.228840e-04 9.999992e-01 -1.260263e-03 1.326392e-02 5.854940e-03 1.261546e-03 9.999821e-01 1.728560e+01
9.999993e-01 7.868393e-04 8.501805e-04 -3.900338e+00 -7.885462e-04 9.999977e-01 2.009289e-03 9.370696e-03 -8.485972e-04 -2.009958e-03 9.999976e-01 1.799190e+01
9.999829e-01 1.607361e-04 -5.839185e-03 -4.002646e+00 -1.687436e-04 9.999990e-01 -1.370852e-03 5.292291e-03 5.838959e-03 1.371813e-03 9.999820e-01 1.869126e+01
9.999992e-01 1.120455e-03 -6.052196e-04 -4.191427e+00 -1.118715e-03 9.999953e-01 2.867372e-03 5.778946e-03 6.084298e-04 -2.866692e-03 9.999957e-01 1.958926e+01
9.999719e-01 3.220772e-04 -7.490370e-03 -4.457733e+00 -3.277323e-04 9.999997e-01 -7.537623e-04 9.284049e-03 7.490124e-03 7.561952e-04 9.999717e-01 2.061281e+01
9.999994e-01 1.071874e-03 -2.345851e-04 -4.673713e+00 -1.071231e-03 9.999957e-01 2.725337e-03 1.130854e-02 2.375057e-04 -2.725083e-03 9.999963e-01 2.155434e+01
9.999803e-01 4.160517e-04 -6.267459e-03 -4.790029e+00 -4.233711e-04 9.999992e-01 -1.166537e-03 9.274277e-03 6.266968e-03 1.169166e-03 9.999797e-01 2.240979e+01
9.999997e-01 6.819933e-04 -2.253209e-04 -4.959553e+00 -6.815204e-04 9.999976e-01 2.091636e-03 7.599883e-03 2.267471e-04 -2.091482e-03 9.999978e-01 2.331934e+01
9.999711e-01 1.016611e-03 -7.540683e-03 -5.173991e+00 -1.014173e-03 9.999994e-01 3.271492e-04 1.046973e-02 7.541011e-03 -3.194929e-04 9.999715e-01 2.436750e+01
9.999984e-01 3.582508e-04 1.753311e-03 -5.334208e+00 -3.599414e-04 9.999995e-01 9.640884e-04 9.476262e-03 -1.752964e-03 -9.647172e-04 9.999980e-01 2.529594e+01
9.999636e-01 8.500699e-04 -8.486721e-03 -5.516719e+00 -8.492030e-04 9.999996e-01 1.057539e-04 8.608059e-03 8.486807e-03 -9.854382e-05 9.999640e-01 2.627130e+01
9.999976e-01 6.817801e-04 2.069229e-03 -5.635044e+00 -6.850499e-04 9.999985e-01 1.579937e-03 7.057869e-03 -2.068149e-03 -1.581350e-03 9.999966e-01 2.714695e+01
9.999790e-01 3.157739e-04 -6.479588e-03 -5.721615e+00 -3.230382e-04 9.999993e-01 -1.120079e-03 2.408413e-03 6.479230e-03 1.122148e-03 9.999784e-01 2.788617e+01
9.999972e-01 6.908555e-04 2.277725e-03 -5.825761e+00 -6.945302e-04 9.999985e-01 1.612994e-03 -1.784646e-03 -2.276607e-03 -1.614570e-03 9.999961e-01 2.862436e+01
9.999608e-01 2.315527e-04 -8.854667e-03 -5.957238e+00 -2.377881e-04 9.999997e-01 -7.031365e-04 -4.820186e-03 8.854502e-03 7.052137e-04 9.999605e-01 2.933684e+01
9.999990e-01 1.049893e-03 9.431852e-04 -6.175441e+00 -1.052565e-03 9.999954e-01 2.837610e-03 -2.809103e-03 -9.402014e-04 -2.838599e-03 9.999955e-01 3.015519e+01
9.999745e-01 1.634398e-05 -7.140584e-03 -6.273403e+00 -2.864342e-05 9.999985e-01 -1.722356e-03 -6.445203e-03 7.140545e-03 1.722516e-03 9.999730e-01 3.079011e+01
9.999991e-01 7.691237e-04 1.099243e-03 -6.364499e+00 -7.717824e-04 9.999968e-01 2.420393e-03 -1.090032e-02 -1.097378e-03 -2.421239e-03 9.999965e-01 3.138777e+01
9.999715e-01 2.273638e-04 -7.548146e-03 -6.487735e+00 -2.368281e-04 9.999992e-01 -1.252984e-03 -1.348260e-02 7.547854e-03 1.254735e-03 9.999707e-01 3.206566e+01
9.999994e-01 7.649143e-04 7.182084e-04 -6.609002e+00 -7.666053e-04 9.999969e-01 2.357398e-03 -1.662230e-02 -7.164026e-04 -2.357946e-03 9.999970e-01 3.275253e+01
9.999732e-01 2.787756e-04 -7.311877e-03 -6.732711e+00 -2.871008e-04 9.999993e-01 -1.137546e-03 -1.921847e-02 7.311554e-03 1.139614e-03 9.999726e-01 3.342852e+01
9.999984e-01 6.171019e-04 1.687645e-03 -6.809645e+00 -6.202358e-04 9.999981e-01 1.857101e-03 -2.418857e-02 -1.686496e-03 -1.858144e-03 9.999969e-01 3.401560e+01
9.999758e-01 2.875240e-04 -6.951372e-03 -6.889125e+00 -2.959599e-04 9.999992e-01 -1.212547e-03 -2.907430e-02 6.951017e-03 1.214574e-03 9.999751e-01 3.460683e+01
9.999987e-01 6.195851e-04 1.509429e-03 -6.965565e+00 -6.225342e-04 9.999979e-01 1.954185e-03 -3.383769e-02 -1.508215e-03 -1.955122e-03 9.999970e-01 3.518063e+01
9.999759e-01 1.286191e-04 -6.945749e-03 -7.035860e+00 -1.385552e-04 9.999990e-01 -1.430050e-03 -3.925598e-02 6.945557e-03 1.430978e-03 9.999749e-01 3.570632e+01
9.999986e-01 6.121504e-04 1.587472e-03 -7.097103e+00 -6.152521e-04 9.999979e-01 1.954209e-03 -4.491627e-02 -1.586272e-03 -1.955182e-03 9.999968e-01 3.620622e+01
9.999761e-01 1.835827e-04 -6.907176e-03 -7.167038e+00 -1.931982e-04 9.999990e-01 -1.391450e-03 -5.022753e-02 6.906913e-03 1.392750e-03 9.999752e-01 3.673816e+01
9.999985e-01 5.856052e-04 1.613567e-03 -7.232177e+00 -5.887486e-04 9.999979e-01 1.948399e-03 -5.561488e-02 -1.612422e-03 -1.949346e-03 9.999968e-01 3.724033e+01
9.999793e-01 2.510231e-04 -6.435205e-03 -7.312757e+00 -2.603042e-04 9.999989e-01 -1.441418e-03 -6.032906e-02 6.434836e-03 1.443063e-03 9.999783e-01 3.782057e+01
9.999997e-01 7.527408e-04 1.527660e-04 -7.396061e+00 -7.531128e-04 9.999967e-01 2.450937e-03 -6.491811e-02 -1.509202e-04 -2.451051e-03 9.999970e-01 3.839770e+01
9.999844e-01 1.539487e-04 -5.589046e-03 -7.471133e+00 -1.640096e-04 9.999984e-01 -1.799662e-03 -6.952186e-02 5.588760e-03 1.800550e-03 9.999828e-01 3.904344e+01
9.999996e-01 7.892917e-04 4.936287e-04 -7.569126e+00 -7.905241e-04 9.999966e-01 2.501523e-03 -7.388433e-02 -4.916522e-04 -2.501912e-03 9.999967e-01 3.966372e+01
9.999859e-01 2.705141e-05 -5.316261e-03 -7.637158e+00 -3.804247e-05 9.999979e-01 -2.067326e-03 -7.901278e-02 5.316193e-03 2.067498e-03 9.999837e-01 4.020923e+01
9.999992e-01 8.879470e-04 -9.291568e-04 -7.737735e+00 -8.851913e-04 9.999952e-01 2.961913e-03 -8.271299e-02 9.317827e-04 -2.961087e-03 9.999952e-01 4.087264e+01
9.999897e-01 1.234297e-04 -4.545890e-03 -7.853516e+00 -1.327599e-04 9.999979e-01 -2.052169e-03 -8.586727e-02 4.545627e-03 2.052750e-03 9.999876e-01 4.163470e+01
9.999997e-01 7.956855e-04 9.360559e-05 -7.952853e+00 -7.959216e-04 9.999964e-01 2.552147e-03 -9.025303e-02 -9.157424e-05 -2.552220e-03 9.999967e-01 4.229632e+01
9.999852e-01 1.179303e-04 -5.438121e-03 -8.041145e+00 -1.280517e-04 9.999983e-01 -1.860856e-03 -9.485327e-02 5.437892e-03 1.861524e-03 9.999835e-01 4.289810e+01
9.999995e-01 8.102676e-04 4.999564e-04 -8.131208e+00 -8.115008e-04 9.999966e-01 2.471718e-03 -9.927078e-02 -4.979517e-04 -2.472122e-03 9.999968e-01 4.353093e+01
9.999831e-01 1.807089e-04 -5.815260e-03 -8.221032e+00 -1.908394e-04 9.999985e-01 -1.741517e-03 -1.037723e-01 5.814936e-03 1.742596e-03 9.999816e-01 4.417556e+01
9.999990e-01 7.165315e-04 1.205114e-03 -8.326147e+00 -7.192830e-04 9.999971e-01 2.284443e-03 -1.078430e-01 -1.203474e-03 -2.285307e-03 9.999967e-01 4.481072e+01
9.999698e-01 -9.048338e-06 -7.772206e-03 -8.387000e+00 -5.153991e-06 9.999983e-01 -1.827282e-03 -1.142067e-01 7.772209e-03 1.827266e-03 9.999681e-01 4.525648e+01
9.999995e-01 6.061490e-04 8.152335e-04 -8.454271e+00 -6.083325e-04 9.999962e-01 2.680882e-03 -1.193058e-01 -8.136051e-04 -2.681376e-03 9.999961e-01 4.561013e+01
9.999766e-01 -4.871531e-05 -6.840511e-03 -8.492648e+00 3.464524e-05 9.999979e-01 -2.056955e-03 -1.254324e-01 6.840596e-03 2.056669e-03 9.999745e-01 4.590823e+01
9.999992e-01 5.868673e-04 1.122294e-03 -8.497073e+00 -5.895880e-04 9.999969e-01 2.425542e-03 -1.327100e-01 -1.120866e-03 -2.426201e-03 9.999964e-01 4.630286e+01
9.999834e-01 1.130233e-04 -5.764587e-03 -8.499020e+00 -1.270389e-04 9.999970e-01 -2.430991e-03 -1.406613e-01 5.764295e-03 2.431683e-03 9.999804e-01 4.672857e+01
9.999996e-01 4.196192e-04 -7.933454e-04 -8.500892e+00 -4.174738e-04 9.999963e-01 2.702301e-03 -1.486889e-01 7.944767e-04 -2.701968e-03 9.999960e-01 4.699397e+01
9.999875e-01 1.267129e-04 -4.995908e-03 -8.504257e+00 -1.392247e-04 9.999969e-01 -2.504110e-03 -1.564306e-01 4.995574e-03 2.504774e-03 9.999844e-01 4.734978e+01
9.999980e-01 5.128779e-04 -1.948816e-03 -8.594669e+00 -5.063673e-04 9.999943e-01 3.339719e-03 -1.611649e-01 1.950518e-03 -3.338724e-03 9.999925e-01 4.777391e+01
9.999895e-01 -7.465383e-05 -4.583819e-03 -8.620236e+00 6.099661e-05 9.999956e-01 -2.979471e-03 -1.683668e-01 4.584020e-03 2.979160e-03 9.999851e-01 4.798992e+01
9.999982e-01 5.458802e-04 -1.838149e-03 -8.650950e+00 -5.395843e-04 9.999940e-01 3.423806e-03 -1.753275e-01 1.840007e-03 -3.422807e-03 9.999924e-01 4.826144e+01
9.999939e-01 1.411364e-04 -3.484298e-03 -8.751662e+00 -1.505240e-04 9.999964e-01 -2.694093e-03 -1.787440e-01 3.483905e-03 2.694601e-03 9.999903e-01 4.864163e+01
9.999973e-01 3.914973e-04 -2.310639e-03 -8.816671e+00 -3.837625e-04 9.999943e-01 3.346902e-03 -1.838598e-01 2.311937e-03 -3.346006e-03 9.999917e-01 4.892334e+01
9.999955e-01 1.431381e-04 -3.002547e-03 -8.880811e+00 -1.514903e-04 9.999961e-01 -2.781611e-03 -1.888015e-01 3.002137e-03 2.782052e-03 9.999916e-01 4.919128e+01
9.999969e-01 3.549690e-04 -2.471724e-03 -8.936201e+00 -3.467775e-04 9.999944e-01 3.313636e-03 -1.942426e-01 2.472886e-03 -3.312768e-03 9.999915e-01 4.946485e+01
9.999948e-01 1.608405e-04 -3.214877e-03 -8.995099e+00 -1.696782e-04 9.999962e-01 -2.748857e-03 -1.996849e-01 3.214422e-03 2.749387e-03 9.999911e-01 4.973998e+01
9.999931e-01 6.587636e-04 -3.645515e-03 -9.095286e+00 -6.440261e-04 9.999916e-01 4.042296e-03 -2.026804e-01 3.648147e-03 -4.039919e-03 9.999852e-01 5.010141e+01
9.999970e-01 -1.027478e-04 -2.451046e-03 -9.163008e+00 9.430466e-05 9.999941e-01 -3.444511e-03 -2.078146e-01 2.451385e-03 3.444269e-03 9.999911e-01 5.042491e+01
9.999926e-01 6.275026e-04 -3.785282e-03 -9.243486e+00 -6.119022e-04 9.999913e-01 4.121030e-03 -2.123532e-01 3.787836e-03 -4.118683e-03 9.999843e-01 5.074150e+01
9.999986e-01 -2.901452e-05 -1.698379e-03 -9.302376e+00 2.300967e-05 9.999938e-01 -3.535444e-03 -2.176226e-01 1.698471e-03 3.535399e-03 9.999923e-01 5.103773e+01
9.999801e-01 6.981320e-04 -6.273511e-03 -9.427081e+00 -6.687917e-04 9.999888e-01 4.677704e-03 -2.204500e-01 6.276707e-03 -4.673414e-03 9.999694e-01 5.144857e+01
9.999999e-01 -1.203890e-04 4.240282e-04 -9.472506e+00 1.221075e-04 9.999918e-01 -4.055518e-03 -2.263052e-01 -4.235367e-04 4.055569e-03 9.999917e-01 5.169363e+01
9.999801e-01 5.495931e-04 -6.284831e-03 -9.507503e+00 -5.214738e-04 9.999899e-01 4.474877e-03 -2.330557e-01 6.287227e-03 -4.471510e-03 9.999702e-01 5.191078e+01
1.000000e+00 -5.115142e-05 2.726433e-04 -9.541998e+00 5.225863e-05 9.999917e-01 -4.063276e-03 -2.398771e-01 -2.724334e-04 4.063290e-03 9.999917e-01 5.219393e+01
9.999750e-01 7.170607e-04 -7.029636e-03 -9.561382e+00 -6.825968e-04 9.999877e-01 4.903800e-03 -2.462617e-01 7.033067e-03 -4.898878e-03 9.999633e-01 5.247749e+01
9.999998e-01 -1.647328e-04 6.180484e-04 -9.595212e+00 1.674654e-04 9.999902e-01 -4.424156e-03 -2.528876e-01 -6.173138e-04 4.424258e-03 9.999900e-01 5.274989e+01
9.999677e-01 1.149472e-03 -7.955476e-03 -9.670838e+00 -1.102782e-03 9.999822e-01 5.870867e-03 -2.562751e-01 7.962083e-03 -5.861903e-03 9.999511e-01 5.313466e+01
9.999971e-01 -6.097686e-04 2.319721e-03 -9.762393e+00 6.220876e-04 9.999857e-01 -5.313640e-03 -2.605634e-01 -2.316448e-03 5.315067e-03 9.999832e-01 5.351044e+01
9.998962e-01 2.101091e-03 -1.425665e-02 -9.895784e+00 -1.991113e-03 9.999682e-01 7.723976e-03 -2.633688e-01 1.427242e-02 -7.694786e-03 9.998685e-01 5.407825e+01
9.999878e-01 -4.279029e-04 4.930852e-03 -1.020337e+01 4.517386e-04 9.999882e-01 -4.833937e-03 -2.580895e-01 -4.928726e-03 4.836104e-03 9.999762e-01 5.487595e+01
9.998992e-01 2.071839e-03 -1.404380e-02 -1.048997e+01 -1.963390e-03 9.999682e-01 7.731589e-03 -2.528506e-01 1.405937e-02 -7.703235e-03 9.998715e-01 5.560556e+01
9.999842e-01 -9.188923e-04 5.550898e-03 -1.070464e+01 9.501048e-04 9.999837e-01 -5.622977e-03 -2.513468e-01 -5.545641e-03 5.628162e-03 9.999688e-01 5.617580e+01
9.998360e-01 2.501667e-03 -1.793598e-02 -1.104888e+01 -2.344121e-03 9.999585e-01 8.799439e-03 -2.471269e-01 1.795725e-02 -8.755951e-03 9.998004e-01 5.705826e+01
9.999422e-01 -6.084763e-04 1.073068e-02 -1.123267e+01 6.774461e-04 9.999791e-01 -6.424910e-03 -2.450645e-01 -1.072654e-02 6.431808e-03 9.999218e-01 5.772062e+01
9.997605e-01 2.413910e-03 -2.175256e-02 -1.157991e+01 -2.201881e-03 9.999499e-01 9.765988e-03 -2.390804e-01 2.177505e-02 -9.715752e-03 9.997157e-01 5.859775e+01
9.998868e-01 -1.248955e-03 1.499421e-02 -1.167448e+01 1.374749e-03 9.999639e-01 -8.382124e-03 -2.420721e-01 -1.498320e-02 8.401788e-03 9.998524e-01 5.896235e+01
9.997839e-01 1.666328e-03 -2.072039e-02 -1.166867e+01 -1.490186e-03 9.999626e-01 8.513446e-03 -2.507030e-01 2.073380e-02 -8.480729e-03 9.997491e-01 5.911064e+01
9.998993e-01 -7.892736e-04 1.417273e-02 -1.160847e+01 9.063068e-04 9.999655e-01 -8.253125e-03 -2.596622e-01 -1.416573e-02 8.265138e-03 9.998655e-01 5.923893e+01
9.997920e-01 1.335749e-03 -2.035041e-02 -1.155985e+01 -1.167685e-03 9.999651e-01 8.268138e-03 -2.692522e-01 2.036075e-02 -8.242654e-03 9.997587e-01 5.937265e+01
9.998990e-01 -4.502681e-04 1.420298e-02 -1.145586e+01 5.682693e-04 9.999653e-01 -8.305276e-03 -2.784428e-01 -1.419875e-02 8.312508e-03 9.998646e-01 5.941124e+01
9.997491e-01 6.336667e-04 -2.238844e-02 -1.130316e+01 -4.421020e-04 9.999633e-01 8.560313e-03 -2.894225e-01 2.239304e-02 -8.548267e-03 9.997127e-01 5.945559e+01
9.998698e-01 3.872898e-05 1.613494e-02 -1.124523e+01 9.849081e-05 9.999638e-01 -8.503645e-03 -2.991983e-01 -1.613469e-02 8.504127e-03 9.998337e-01 5.956583e+01
9.997362e-01 9.374191e-04 -2.295106e-02 -1.110458e+01 -7.386734e-04 9.999622e-01 8.666481e-03 -3.093882e-01 2.295831e-02 -8.647240e-03 9.996990e-01 5.957664e+01
9.998778e-01 2.385533e-04 1.562879e-02 -1.091095e+01 -1.076437e-04 9.999649e-01 -8.376506e-03 -3.202335e-01 -1.563024e-02 8.373800e-03 9.998428e-01 5.957688e+01
9.997365e-01 7.517872e-04 -2.294369e-02 -1.067101e+01 -5.551385e-04 9.999631e-01 8.576082e-03 -3.311993e-01 2.294929e-02 -8.561084e-03 9.997000e-01 5.950064e+01
9.998708e-01 1.237758e-04 1.607627e-02 -1.051774e+01 1.234301e-05 9.999642e-01 -8.466710e-03 -3.420481e-01 -1.607674e-02 8.465814e-03 9.998349e-01 5.948065e+01
9.997330e-01 7.752519e-04 -2.309314e-02 -1.033447e+01 -5.773602e-04 9.999631e-01 8.574706e-03 -3.530044e-01 2.309894e-02 -8.559083e-03 9.996965e-01 5.944529e+01
9.998755e-01 2.416500e-04 1.577889e-02 -1.006997e+01 -1.088977e-04 9.999646e-01 -8.413617e-03 -3.642225e-01 -1.578037e-02 8.410850e-03 9.998401e-01 5.934622e+01
9.997432e-01 5.406342e-04 -2.265635e-02 -9.878669e+00 -3.472706e-04 9.999635e-01 8.537691e-03 -3.756091e-01 2.266014e-02 -8.527629e-03 9.997069e-01 5.931834e+01
9.998643e-01 2.910549e-04 1.647214e-02 -9.727041e+00 -1.508169e-04 9.999637e-01 -8.514267e-03 -3.859250e-01 -1.647402e-02 8.510626e-03 9.998281e-01 5.930420e+01
9.997259e-01 1.994299e-04 -2.341222e-02 -9.441835e+00 4.043441e-06 9.999622e-01 8.690526e-03 -3.972142e-01 2.341307e-02 -8.688238e-03 9.996881e-01 5.917709e+01
9.998678e-01 1.819292e-04 1.625729e-02 -9.134662e+00 -4.383088e-05 9.999639e-01 -8.494517e-03 -4.087625e-01 -1.625824e-02 8.492681e-03 9.998318e-01 5.903890e+01
9.997469e-01 6.773919e-04 -2.248653e-02 -8.959786e+00 -4.851213e-04 9.999633e-01 8.554824e-03 -4.193794e-01 2.249150e-02 -8.541750e-03 9.997105e-01 5.898952e+01
9.998673e-01 -2.444688e-05 1.628966e-02 -8.828150e+00 1.636923e-04 9.999635e-01 -8.546822e-03 -4.300862e-01 -1.628886e-02 8.548354e-03 9.998308e-01 5.902824e+01
9.997438e-01 8.516541e-04 -2.261921e-02 -8.673817e+00 -6.585749e-04 9.999633e-01 8.542141e-03 -4.403533e-01 2.262565e-02 -8.525055e-03 9.997077e-01 5.902171e+01
9.998799e-01 4.276668e-05 1.549928e-02 -8.444024e+00 8.635733e-05 9.999653e-01 -8.330219e-03 -4.512193e-01 -1.549910e-02 8.330556e-03 9.998452e-01 5.894670e+01
9.997522e-01 9.456882e-04 -2.223994e-02 -8.201079e+00 -7.586990e-04 9.999643e-01 8.414736e-03 -4.627329e-01 2.224710e-02 -8.395777e-03 9.997172e-01 5.886138e+01
9.998802e-01 -4.147101e-05 1.547691e-02 -7.986312e+00 1.701352e-04 9.999654e-01 -8.312095e-03 -4.743408e-01 -1.547603e-02 8.313731e-03 9.998457e-01 5.880914e+01
9.997548e-01 7.251031e-04 -2.213158e-02 -7.816197e+00 -5.385934e-04 9.999643e-01 8.432096e-03 -4.860037e-01 2.213691e-02 -8.418108e-03 9.997195e-01 5.880279e+01
9.998688e-01 -2.007229e-04 1.619440e-02 -7.781973e+00 3.355655e-04 9.999653e-01 -8.324225e-03 -4.954300e-01 -1.619216e-02 8.328567e-03 9.998342e-01 5.892018e+01
9.997560e-01 6.495045e-04 -2.207906e-02 -7.716555e+00 -4.653810e-04 9.999651e-01 8.343385e-03 -5.055813e-01 2.208371e-02 -8.331074e-03 9.997214e-01 5.902925e+01
9.998773e-01 -1.799366e-04 1.566083e-02 -7.670059e+00 3.103633e-04 9.999653e-01 -8.326198e-03 -5.158356e-01 -1.565879e-02 8.330036e-03 9.998427e-01 5.916059e+01
9.997635e-01 7.034318e-04 -2.173640e-02 -7.593104e+00 -5.211884e-04 9.999647e-01 8.388767e-03 -5.259680e-01 2.174153e-02 -8.375453e-03 9.997285e-01 5.921345e+01
9.998847e-01 -1.264065e-04 1.518626e-02 -7.537838e+00 2.528118e-04 9.999653e-01 -8.322047e-03 -5.361102e-01 -1.518468e-02 8.324926e-03 9.998500e-01 5.935755e+01
9.997534e-01 1.026588e-03 -2.218507e-02 -7.453425e+00 -8.412797e-04 9.999647e-01 8.360533e-03 -5.454930e-01 2.219287e-02 -8.339806e-03 9.997189e-01 5.946074e+01
9.998819e-01 -1.921621e-04 1.536641e-02 -7.243258e+00 3.188581e-04 9.999660e-01 -8.242990e-03 -5.567771e-01 -1.536430e-02 8.246916e-03 9.998480e-01 5.941605e+01
9.997213e-01 1.901150e-03 -2.353162e-02 -7.015975e+00 -1.723789e-03 9.999700e-01 7.555106e-03 -5.680831e-01 2.354528e-02 -7.512436e-03 9.996945e-01 5.940758e+01
9.998939e-01 -2.753446e-03 1.430572e-02 -6.802766e+00 2.862759e-03 9.999668e-01 -7.626350e-03 -5.791621e-01 -1.428425e-02 7.666493e-03 9.998686e-01 5.944241e+01
9.997846e-01 3.292836e-03 -2.049173e-02 -6.676336e+00 -3.135592e-03 9.999654e-01 7.700904e-03 -5.894829e-01 2.051638e-02 -7.634990e-03 9.997604e-01 5.949585e+01
9.999105e-01 -3.922040e-03 1.278729e-02 -6.469806e+00 4.018653e-03 9.999635e-01 -7.538546e-03 -6.002802e-01 -1.275725e-02 7.589258e-03 9.998898e-01 5.948370e+01
9.998090e-01 3.976269e-03 -1.913669e-02 -6.309403e+00 -3.828980e-03 9.999628e-01 7.727169e-03 -6.111508e-01 1.916670e-02 -7.652419e-03 9.997870e-01 5.949205e+01
9.999094e-01 -3.101328e-03 1.310054e-02 -6.274812e+00 3.202497e-03 9.999652e-01 -7.708638e-03 -6.195000e-01 -1.307618e-02 7.749893e-03 9.998845e-01 5.972165e+01
9.998032e-01 3.715302e-03 -1.948822e-02 -6.217487e+00 -3.564456e-03 9.999635e-01 7.769338e-03 -6.293193e-01 1.951638e-02 -7.698343e-03 9.997799e-01 5.986681e+01
9.999156e-01 -2.869580e-03 1.266963e-02 -6.094491e+00 2.967024e-03 9.999661e-01 -7.679117e-03 -6.394265e-01 -1.264716e-02 7.716060e-03 9.998902e-01 5.987886e+01
9.998015e-01 3.514372e-03 -1.960953e-02 -5.924842e+00 -3.360322e-03 9.999633e-01 7.883272e-03 -6.507903e-01 1.963651e-02 -7.815813e-03 9.997766e-01 5.986211e+01
9.999157e-01 -2.542583e-03 1.273100e-02 -5.709871e+00 2.640555e-03 9.999670e-01 -7.684724e-03 -6.619585e-01 -1.271104e-02 7.717693e-03 9.998894e-01 5.980480e+01
9.997883e-01 4.115601e-03 -2.015736e-02 -5.370598e+00 -3.957359e-03 9.999611e-01 7.883905e-03 -6.742542e-01 2.018902e-02 -7.802466e-03 9.997657e-01 5.965473e+01
9.999151e-01 -2.623472e-03 1.276609e-02 -5.057689e+00 2.721544e-03 9.999669e-01 -7.670967e-03 -6.864767e-01 -1.274554e-02 7.705059e-03 9.998891e-01 5.952260e+01
9.997886e-01 3.843824e-03 -2.019747e-02 -4.755502e+00 -3.684422e-03 9.999618e-01 7.923482e-03 -6.987542e-01 2.022716e-02 -7.847390e-03 9.997646e-01 5.939967e+01
9.999161e-01 -2.739337e-03 1.266254e-02 -4.461169e+00 2.836411e-03 9.999667e-01 -7.654612e-03 -7.110366e-01 -1.264115e-02 7.689885e-03 9.998905e-01 5.929276e+01
9.997885e-01 4.073050e-03 -2.015623e-02 -4.164803e+00 -3.914522e-03 9.999611e-01 7.898149e-03 -7.230048e-01 2.018762e-02 -7.817576e-03 9.997656e-01 5.917216e+01
9.999189e-01 -3.063388e-03 1.236555e-02 -3.875889e+00 3.157678e-03 9.999660e-01 -7.612946e-03 -7.356372e-01 -1.234181e-02 7.651374e-03 9.998946e-01 5.910129e+01
9.998023e-01 4.323621e-03 -1.941001e-02 -3.635658e+00 -4.171821e-03 9.999605e-01 7.854378e-03 -7.466731e-01 1.944320e-02 -7.771849e-03 9.997808e-01 5.903175e+01
9.999307e-01 -2.438943e-03 1.151781e-02 -3.222964e+00 2.526063e-03 9.999683e-01 -7.555552e-03 -7.595762e-01 -1.149902e-02 7.584122e-03 9.999051e-01 5.883251e+01
9.998168e-01 2.611034e-03 -1.896148e-02 -2.890593e+00 -2.466205e-03 9.999676e-01 7.657383e-03 -7.718943e-01 1.898086e-02 -7.609217e-03 9.997909e-01 5.870438e+01
9.999294e-01 -1.144745e-03 1.182596e-02 -2.631523e+00 1.233636e-03 9.999710e-01 -7.512036e-03 -7.831946e-01 -1.181702e-02 7.526094e-03 9.999019e-01 5.857449e+01
9.997752e-01 3.025323e-03 -2.098579e-02 -2.067708e+00 -2.859264e-03 9.999644e-01 7.938413e-03 -7.973292e-01 2.100906e-02 -7.876624e-03 9.997483e-01 5.832717e+01
9.999289e-01 -6.575794e-04 1.190370e-02 -1.592717e+00 7.440476e-04 9.999734e-01 -7.261036e-03 -8.118190e-01 -1.189861e-02 7.269376e-03 9.999028e-01 5.810157e+01
9.998182e-01 -1.861689e-03 -1.897410e-02 -1.265303e+00 1.975330e-03 9.999802e-01 5.972267e-03 -8.237220e-01 1.896261e-02 -6.008661e-03 9.998021e-01 5.803320e+01
9.999356e-01 3.023430e-03 1.093534e-02 -9.186098e-01 -2.960828e-03 9.999792e-01 -5.736441e-03 -8.360848e-01 -1.095246e-02 5.703693e-03 9.999238e-01 5.788865e+01
9.998248e-01 -1.889273e-03 -1.862161e-02 -5.834284e-01 2.001002e-03 9.999801e-01 5.983179e-03 -8.484166e-01 1.860993e-02 -6.019392e-03 9.998087e-01 5.775420e+01
9.999333e-01 2.997491e-03 1.115181e-02 -3.149251e-01 -2.932317e-03 9.999786e-01 -5.856028e-03 -8.597766e-01 -1.116912e-02 5.822936e-03 9.999207e-01 5.765494e+01
9.998232e-01 -1.508600e-03 -1.874222e-02 4.820339e-02 1.622556e-03 9.999803e-01 6.066443e-03 -8.720676e-01 1.873269e-02 -6.095780e-03 9.998059e-01 5.748742e+01
9.999238e-01 2.435051e-03 1.210195e-02 3.053766e-01 -2.363632e-03 9.999797e-01 -5.912321e-03 -8.834800e-01 -1.211610e-02 5.883266e-03 9.999093e-01 5.738864e+01
9.998062e-01 -1.685752e-03 -1.961308e-02 6.032694e-01 1.804204e-03 9.999802e-01 6.023310e-03 -8.949665e-01 1.960254e-02 -6.057528e-03 9.997895e-01 5.725819e+01
9.999346e-01 1.873581e-03 1.127952e-02 9.807821e-01 -1.806859e-03 9.999808e-01 -5.922602e-03 -9.073505e-01 -1.129040e-02 5.901834e-03 9.999188e-01 5.707900e+01
9.998187e-01 -5.549185e-04 -1.903058e-02 1.390540e+00 6.732673e-04 9.999805e-01 6.213012e-03 -9.202606e-01 1.902677e-02 -6.224697e-03 9.997996e-01 5.688975e+01
9.999287e-01 1.691189e-03 1.182265e-02 1.721509e+00 -1.621791e-03 9.999814e-01 -5.877057e-03 -9.323574e-01 -1.183237e-02 5.857464e-03 9.999128e-01 5.674012e+01
9.998167e-01 -7.500101e-04 -1.913277e-02 1.981298e+00 8.655728e-04 9.999814e-01 6.032453e-03 -9.439115e-01 1.912789e-02 -6.047907e-03 9.997988e-01 5.663607e+01
9.999274e-01 1.747955e-03 1.192133e-02 2.224088e+00 -1.678551e-03 9.999816e-01 -5.829329e-03 -9.550445e-01 -1.193130e-02 5.808894e-03 9.999119e-01 5.653897e+01
9.998208e-01 -1.124995e-03 -1.889673e-02 2.341125e+00 1.236997e-03 9.999817e-01 5.916388e-03 -9.660317e-01 1.888973e-02 -5.938702e-03 9.998039e-01 5.660730e+01
9.999183e-01 1.744824e-03 1.266612e-02 2.406171e+00 -1.670705e-03 9.999814e-01 -5.860020e-03 -9.752404e-01 -1.267611e-02 5.838379e-03 9.999026e-01 5.665942e+01
9.998150e-01 -1.049627e-03 -1.920433e-02 2.544895e+00 1.161930e-03 9.999823e-01 5.837515e-03 -9.856393e-01 1.919787e-02 -5.858749e-03 9.997985e-01 5.662109e+01
9.999356e-01 2.144644e-03 1.114116e-02 2.805973e+00 -2.081364e-03 9.999817e-01 -5.688448e-03 -9.974100e-01 -1.115315e-02 5.664893e-03 9.999218e-01 5.651818e+01
9.998220e-01 -1.192171e-03 -1.882849e-02 3.117248e+00 1.302863e-03 9.999819e-01 5.867777e-03 -1.009772e+00 1.882116e-02 -5.891263e-03 9.998055e-01 5.640342e+01
9.999383e-01 3.034778e-03 1.068561e-02 3.458596e+00 -2.974097e-03 9.999794e-01 -5.690178e-03 -1.021947e+00 -1.070266e-02 5.658046e-03 9.999267e-01 5.624090e+01
9.997750e-01 -1.179403e-03 -2.117979e-02 3.935274e+00 1.300534e-03 9.999829e-01 5.706312e-03 -1.035599e+00 2.117270e-02 -5.732573e-03 9.997594e-01 5.600627e+01
9.999254e-01 2.908604e-03 1.186243e-02 4.267205e+00 -2.840497e-03 9.999794e-01 -5.754326e-03 -1.048867e+00 -1.187892e-02 5.720201e-03 9.999131e-01 5.597470e+01
9.998354e-01 -1.962388e-03 -1.803646e-02 4.390098e+00 2.066851e-03 9.999812e-01 5.774955e-03 -1.057807e+00 1.802479e-02 -5.811282e-03 9.998207e-01 5.600188e+01
9.999477e-01 3.065855e-03 9.761780e-03 4.647602e+00 -3.012108e-03 9.999803e-01 -5.515915e-03 -1.069415e+00 -9.778498e-03 5.486222e-03 9.999371e-01 5.589496e+01
9.998503e-01 -2.070160e-03 -1.717997e-02 4.910364e+00 2.166982e-03 9.999819e-01 5.619030e-03 -1.081039e+00 1.716803e-02 -5.655417e-03 9.998366e-01 5.579774e+01
9.999449e-01 3.172131e-03 1.001127e-02 5.200393e+00 -3.117527e-03 9.999802e-01 -5.465239e-03 -1.092723e+00 -1.002841e-02 5.433726e-03 9.999350e-01 5.567551e+01
9.998490e-01 -2.392255e-03 -1.721236e-02 5.435902e+00 2.488706e-03 9.999813e-01 5.584332e-03 -1.104485e+00 1.719868e-02 -5.626324e-03 9.998363e-01 5.561144e+01
9.999441e-01 3.063017e-03 1.012184e-02 5.714360e+00 -3.006850e-03 9.999800e-01 -5.559734e-03 -1.115807e+00 -1.013867e-02 5.528988e-03 9.999333e-01 5.548477e+01
9.998561e-01 -2.065837e-03 -1.683681e-02 5.962444e+00 2.160175e-03 9.999821e-01 5.586750e-03 -1.127265e+00 1.682496e-02 -5.622316e-03 9.998426e-01 5.539292e+01
9.999412e-01 3.159864e-03 1.037437e-02 6.174823e+00 -3.103108e-03 9.999802e-01 -5.482387e-03 -1.138241e+00 -1.039149e-02 5.449871e-03 9.999312e-01 5.530676e+01
9.998455e-01 -2.320819e-03 -1.742209e-02 6.359290e+00 2.417418e-03 9.999818e-01 5.525548e-03 -1.149422e+00 1.740895e-02 -5.566810e-03 9.998330e-01 5.527495e+01
9.999380e-01 2.707213e-03 1.079755e-02 6.405544e+00 -2.648475e-03 9.999816e-01 -5.450587e-03 -1.158730e+00 -1.081211e-02 5.421652e-03 9.999268e-01 5.537245e+01
9.998550e-01 -2.150021e-03 -1.689211e-02 6.429568e+00 2.243637e-03 9.999822e-01 5.524980e-03 -1.166420e+00 1.687994e-02 -5.562078e-03 9.998421e-01 5.544387e+01
9.999523e-01 3.162191e-03 9.242436e-03 6.678651e+00 -3.112812e-03 9.999808e-01 -5.352163e-03 -1.177867e+00 -9.259184e-03 5.323137e-03 9.999430e-01 5.534364e+01
9.998518e-01 -2.203982e-03 -1.707150e-02 6.988642e+00 2.299413e-03 9.999818e-01 5.572407e-03 -1.190811e+00 1.705891e-02 -5.610835e-03 9.998387e-01 5.525863e+01
9.999487e-01 2.964906e-03 9.681127e-03 7.222699e+00 -2.912669e-03 9.999811e-01 -5.405424e-03 -1.202866e+00 -9.696971e-03 5.376949e-03 9.999385e-01 5.522455e+01
9.998524e-01 -2.380223e-03 -1.701362e-02 7.281497e+00 2.478260e-03 9.999804e-01 5.743498e-03 -1.212309e+00 1.699962e-02 -5.784814e-03 9.998388e-01 5.531078e+01
9.999445e-01 2.933205e-03 1.012200e-02 7.311588e+00 -2.877569e-03 9.999807e-01 -5.506808e-03 -1.222077e+00 -1.013795e-02 5.477375e-03 9.999336e-01 5.552282e+01
9.998558e-01 -1.773117e-03 -1.689091e-02 7.360244e+00 1.871212e-03 9.999815e-01 5.793496e-03 -1.229179e+00 1.688032e-02 -5.824266e-03 9.998406e-01 5.580799e+01
9.999670e-01 3.630917e-03 7.273867e-03 7.840505e+00 -3.591702e-03 9.999790e-01 -5.397102e-03 -1.242395e+00 -7.293310e-03 5.370798e-03 9.999590e-01 5.559741e+01
9.997591e-01 -9.223322e-03 -1.991894e-02 8.507948e+00 9.335675e-03 9.999410e-01 5.554866e-03 -1.255161e+00 1.986653e-02 -5.739483e-03 9.997862e-01 5.525066e+01
9.999200e-01 7.099984e-03 1.047088e-02 8.960196e+00 -7.044356e-03 9.999609e-01 -5.340085e-03 -1.267034e+00 -1.050839e-02 5.265897e-03 9.999309e-01 5.503395e+01
9.997724e-01 -5.732117e-03 -2.054808e-02 9.393396e+00 5.849969e-03 9.999668e-01 5.679870e-03 -1.280151e+00 2.051484e-02 -5.798782e-03 9.997727e-01 5.481493e+01
9.999056e-01 7.652362e-03 1.141122e-02 9.848575e+00 -7.591702e-03 9.999569e-01 -5.349746e-03 -1.293564e+00 -1.145166e-02 5.262610e-03 9.999206e-01 5.459150e+01
9.997957e-01 -6.384989e-03 -1.917910e-02 1.017893e+01 6.491506e-03 9.999638e-01 5.496672e-03 -1.306024e+00 1.914331e-02 -5.620050e-03 9.998010e-01 5.446371e+01
9.998976e-01 7.746220e-03 1.203161e-02 1.045651e+01 -7.681230e-03 9.999557e-01 -5.438461e-03 -1.317708e+00 -1.207320e-02 5.345486e-03 9.999128e-01 5.434883e+01
9.997729e-01 -6.810724e-03 -2.019513e-02 1.081338e+01 6.928343e-03 9.999594e-01 5.759858e-03 -1.330335e+00 2.015508e-02 -5.898468e-03 9.997795e-01 5.423736e+01
9.999085e-01 2.720398e-03 1.324963e-02 1.107213e+01 -2.627855e-03 9.999721e-01 -6.997023e-03 -1.339977e+00 -1.326829e-02 6.961565e-03 9.998877e-01 5.416648e+01
9.998081e-01 -2.225506e-03 -1.946515e-02 1.113469e+01 2.362368e-03 9.999726e-01 7.010943e-03 -1.349708e+00 1.944901e-02 -7.055581e-03 9.997860e-01 5.425174e+01
9.999046e-01 2.766605e-03 1.353627e-02 1.116078e+01 -2.671035e-03 9.999714e-01 -7.073325e-03 -1.359059e+00 -1.355545e-02 7.036493e-03 9.998834e-01 5.443962e+01
9.997737e-01 -1.564754e-03 -2.121760e-02 1.131180e+01 1.702607e-03 9.999776e-01 6.480549e-03 -1.369888e+00 2.120698e-02 -6.515207e-03 9.997539e-01 5.451442e+01
9.999177e-01 2.453087e-03 1.259529e-02 1.146723e+01 -2.371083e-03 9.999759e-01 -6.521490e-03 -1.380581e+00 -1.261099e-02 6.491088e-03 9.998994e-01 5.461219e+01
9.998251e-01 -2.081442e-03 -1.858652e-02 1.149110e+01 2.202000e-03 9.999767e-01 6.468139e-03 -1.390110e+00 1.857262e-02 -6.507934e-03 9.998063e-01 5.478275e+01
9.999206e-01 2.560292e-03 1.233959e-02 1.154800e+01 -2.481072e-03 9.999762e-01 -6.431069e-03 -1.399804e+00 -1.235577e-02 6.399942e-03 9.999032e-01 5.492028e+01
9.997807e-01 -4.155913e-03 -2.052621e-02 1.173910e+01 4.286399e-03 9.999709e-01 6.317131e-03 -1.410105e+00 2.049936e-02 -6.403728e-03 9.997694e-01 5.490927e+01
9.999125e-01 5.660460e-03 1.195326e-02 1.196911e+01 -5.581114e-03 9.999622e-01 -6.661062e-03 -1.421578e+00 -1.199051e-02 6.593766e-03 9.999064e-01 5.488533e+01
9.997387e-01 -7.141642e-03 -2.171249e-02 1.224050e+01 7.282426e-03 9.999529e-01 6.411838e-03 -1.432767e+00 2.166568e-02 -6.568282e-03 9.997437e-01 5.484933e+01
9.998555e-01 7.961707e-03 1.501943e-02 1.240363e+01 -7.866910e-03 9.999488e-01 -6.360233e-03 -1.443833e+00 -1.506930e-02 6.241157e-03 9.998670e-01 5.482164e+01
9.997304e-01 -7.243133e-03 -2.206071e-02 1.257828e+01 7.383806e-03 9.999529e-01 6.301840e-03 -1.455017e+00 2.201402e-02 -6.463033e-03 9.997368e-01 5.478704e+01
9.998573e-01 8.213682e-03 1.476406e-02 1.282399e+01 -8.121458e-03 9.999472e-01 -6.295726e-03 -1.466761e+00 -1.481499e-02 6.174921e-03 9.998712e-01 5.471486e+01
9.997270e-01 -8.626643e-03 -2.171365e-02 1.310069e+01 8.763494e-03 9.999423e-01 6.215238e-03 -1.478487e+00 2.165878e-02 -6.403828e-03 9.997449e-01 5.461167e+01
9.998531e-01 9.741240e-03 1.410437e-02 1.339965e+01 -9.655490e-03 9.999346e-01 -6.135103e-03 -1.490076e+00 -1.416321e-02 5.998016e-03 9.998817e-01 5.447961e+01
9.997430e-01 -8.753049e-03 -2.091063e-02 1.363438e+01 8.881085e-03 9.999423e-01 6.038007e-03 -1.501553e+00 2.085657e-02 -6.222164e-03 9.997631e-01 5.440709e+01
9.998508e-01 9.266604e-03 1.458004e-02 1.368241e+01 -9.179903e-03 9.999398e-01 -6.002334e-03 -1.510713e+00 -1.463478e-02 5.867595e-03 9.998757e-01 5.448945e+01
9.997373e-01 -8.557837e-03 -2.126267e-02 1.375553e+01 8.683600e-03 9.999453e-01 5.829441e-03 -1.520079e+00 2.121162e-02 -6.012546e-03 9.997569e-01 5.451680e+01
9.998445e-01 9.459170e-03 1.488240e-02 1.393819e+01 -9.371457e-03 9.999384e-01 -5.952513e-03 -1.531091e+00 -1.493779e-02 5.812117e-03 9.998715e-01 5.446559e+01
9.997280e-01 -8.803258e-03 -2.159805e-02 1.409169e+01 8.932560e-03 9.999427e-01 5.897578e-03 -1.541534e+00 2.154490e-02 -6.088899e-03 9.997493e-01 5.442094e+01
9.998466e-01 9.798079e-03 1.451733e-02 1.429725e+01 -9.714056e-03 9.999357e-01 -5.847070e-03 -1.552427e+00 -1.457369e-02 5.705150e-03 9.998775e-01 5.433789e+01
9.996940e-01 -8.634292e-03 -2.317883e-02 1.457836e+01 8.774679e-03 9.999437e-01 5.961781e-03 -1.563875e+00 2.312605e-02 -6.163343e-03 9.997136e-01 5.420414e+01
9.998296e-01 9.772421e-03 1.566228e-02 1.487269e+01 -9.682160e-03 9.999361e-01 -5.828541e-03 -1.575943e+00 -1.571824e-02 5.675902e-03 9.998604e-01 5.408355e+01
9.996923e-01 -9.011548e-03 -2.310927e-02 1.506408e+01 9.148345e-03 9.999412e-01 5.820697e-03 -1.586928e+00 2.305546e-02 -6.030317e-03 9.997160e-01 5.401464e+01
9.998251e-01 9.986840e-03 1.581004e-02 1.526168e+01 -9.896254e-03 9.999342e-01 -5.797564e-03 -1.597906e+00 -1.586690e-02 5.640090e-03 9.998582e-01 5.393846e+01
9.996915e-01 -8.845661e-03 -2.320805e-02 1.550184e+01 8.981387e-03 9.999431e-01 5.750468e-03 -1.609186e+00 2.315586e-02 -5.957134e-03 9.997141e-01 5.383686e+01
9.998283e-01 9.957132e-03 1.562703e-02 1.581207e+01 -9.870370e-03 9.999355e-01 -5.619440e-03 -1.621360e+00 -1.568197e-02 5.464230e-03 9.998621e-01 5.371166e+01
9.996887e-01 -9.072507e-03 -2.324260e-02 1.617646e+01 9.202318e-03 9.999426e-01 5.484154e-03 -1.633544e+00 2.319151e-02 -5.696332e-03 9.997148e-01 5.354309e+01
9.998201e-01 1.009596e-02 1.605841e-02 1.641934e+01 -1.001060e-02 9.999354e-01 -5.387647e-03 -1.645159e+00 -1.611177e-02 5.225923e-03 9.998565e-01 5.345513e+01
9.996988e-01 -9.510850e-03 -2.262304e-02 1.654539e+01 9.631881e-03 9.999398e-01 5.246901e-03 -1.655721e+00 2.257178e-02 -5.463223e-03 9.997303e-01 5.344295e+01
9.998287e-01 1.012466e-02 1.549613e-02 1.671075e+01 -1.004370e-02 9.999355e-01 -5.293708e-03 -1.666799e+00 -1.554873e-02 5.137162e-03 9.998659e-01 5.342870e+01
9.996858e-01 -8.584711e-03 -2.355081e-02 1.702591e+01 8.711905e-03 9.999480e-01 5.303558e-03 -1.678672e+00 2.350405e-02 -5.507063e-03 9.997086e-01 5.330299e+01
9.998243e-01 1.009914e-02 1.579177e-02 1.736360e+01 -1.001903e-02 9.999366e-01 -5.144066e-03 -1.691220e+00 -1.584272e-02 4.984943e-03 9.998621e-01 5.315425e+01
9.996789e-01 -9.009653e-03 -2.368234e-02 1.762948e+01 9.133797e-03 9.999451e-01 5.139089e-03 -1.702849e+00 2.363474e-02 -5.353748e-03 9.997063e-01 5.304059e+01
9.998160e-01 1.014914e-02 1.627638e-02 1.789954e+01 -1.006712e-02 9.999363e-01 -5.113122e-03 -1.715075e+00 -1.632724e-02 4.948324e-03 9.998545e-01 5.294586e+01
9.996871e-01 -9.172527e-03 -2.327136e-02 1.813663e+01 9.292634e-03 9.999440e-01 5.058219e-03 -1.726466e+00 2.322366e-02 -5.272888e-03 9.997164e-01 5.285851e+01
9.998160e-01 1.036460e-02 1.613991e-02 1.834172e+01 -1.028396e-02 9.999343e-01 -5.071844e-03 -1.737328e+00 -1.619142e-02 4.904928e-03 9.998569e-01 5.277880e+01
9.996925e-01 -9.387584e-03 -2.294978e-02 1.854419e+01 9.503780e-03 9.999425e-01 4.959196e-03 -1.748493e+00 2.290190e-02 -5.175780e-03 9.997243e-01 5.270714e+01
9.998196e-01 1.048149e-02 1.583801e-02 1.875169e+01 -1.040410e-02 9.999336e-01 -4.960759e-03 -1.759492e+00 -1.588895e-02 4.795083e-03 9.998623e-01 5.263261e+01
9.996863e-01 -9.060178e-03 -2.334810e-02 1.902488e+01 9.176763e-03 9.999459e-01 4.891009e-03 -1.771071e+00 2.330252e-02 -5.103735e-03 9.997154e-01 5.251308e+01
9.998569e-01 1.042646e-02 1.331826e-02 1.938096e+01 -1.036598e-02 9.999357e-01 -4.602797e-03 -1.783446e+00 -1.336539e-02 4.464082e-03 9.999007e-01 5.233070e+01
9.996820e-01 -7.853214e-03 -2.396422e-02 1.999633e+01 7.976015e-03 9.999555e-01 5.033041e-03 -1.799607e+00 2.392362e-02 -5.222579e-03 9.997001e-01 5.210374e+01
9.998971e-01 8.353186e-03 1.165820e-02 2.116968e+01 -8.310536e-03 9.999586e-01 -3.702120e-03 -1.822162e+00 -1.168864e-02 3.604853e-03 9.999252e-01 5.163559e+01
9.997306e-01 -7.724424e-03 -2.188810e-02 2.180817e+01 7.816175e-03 9.999610e-01 4.109330e-03 -1.842305e+00 2.185551e-02 -4.279303e-03 9.997520e-01 5.159511e+01
9.998590e-01 8.947613e-03 1.420944e-02 2.196976e+01 -8.889646e-03 9.999519e-01 -4.137418e-03 -1.852281e+00 -1.424578e-02 4.010517e-03 9.998905e-01 5.155872e+01
9.997268e-01 -9.191602e-03 -2.148986e-02 2.228616e+01 9.284643e-03 9.999479e-01 4.233734e-03 -1.865381e+00 2.144982e-02 -4.432102e-03 9.997601e-01 5.148734e+01
9.998392e-01 1.059698e-02 1.446319e-02 2.263940e+01 -1.053957e-02 9.999363e-01 -4.039960e-03 -1.877538e+00 -1.450508e-02 3.886874e-03 9.998872e-01 5.132258e+01
9.997021e-01 -9.379914e-03 -2.253130e-02 2.298633e+01 9.477252e-03 9.999462e-01 4.217200e-03 -1.890519e+00 2.249053e-02 -4.429478e-03 9.997372e-01 5.119418e+01
9.998316e-01 1.065764e-02 1.494215e-02 2.321569e+01 -1.059735e-02 9.999354e-01 -4.107696e-03 -1.900645e+00 -1.498496e-02 3.948656e-03 9.998799e-01 5.116605e+01
9.996694e-01 -1.094159e-02 -2.326904e-02 2.350321e+01 1.104234e-02 9.999302e-01 4.205860e-03 -1.912105e+00 2.322139e-02 -4.461414e-03 9.997204e-01 5.112296e+01
9.998155e-01 1.167548e-02 1.525402e-02 2.370739e+01 -1.161569e-02 9.999245e-01 -4.002736e-03 -1.923008e+00 -1.529960e-02 3.824811e-03 9.998756e-01 5.110589e+01
9.996847e-01 -1.057974e-02 -2.277332e-02 2.392526e+01 1.067265e-02 9.999352e-01 3.962157e-03 -1.934417e+00 2.272993e-02 -4.203958e-03 9.997328e-01 5.104166e+01
9.998237e-01 1.181002e-02 1.459881e-02 2.425603e+01 -1.175614e-02 9.999238e-01 -3.771013e-03 -1.946355e+00 -1.464223e-02 3.598722e-03 9.998863e-01 5.089732e+01
9.996506e-01 -1.266125e-02 -2.320407e-02 2.459960e+01 1.274956e-02 9.999120e-01 3.661711e-03 -1.958572e+00 2.315567e-02 -3.956273e-03 9.997240e-01 5.077512e+01
9.998047e-01 1.356467e-02 1.437112e-02 2.504333e+01 -1.351542e-02 9.999025e-01 -3.518507e-03 -1.971442e+00 -1.441745e-02 3.323588e-03 9.998905e-01 5.056999e+01
9.996622e-01 -1.170873e-02 -2.320331e-02 2.547762e+01 1.179548e-02 9.999239e-01 3.605337e-03 -1.984253e+00 2.315933e-02 -3.877813e-03 9.997243e-01 5.035803e+01
9.998024e-01 1.358627e-02 1.450971e-02 2.591493e+01 -1.353808e-02 9.999025e-01 -3.414438e-03 -1.997236e+00 -1.455469e-02 3.217329e-03 9.998889e-01 5.014781e+01
9.996613e-01 -1.187171e-02 -2.315816e-02 2.636537e+01 1.195509e-02 9.999225e-01 3.465549e-03 -2.010311e+00 2.311523e-02 -3.741233e-03 9.997258e-01 4.992756e+01
9.998012e-01 1.358089e-02 1.460188e-02 2.681962e+01 -1.353463e-02 9.999031e-01 -3.262403e-03 -2.023157e+00 -1.464477e-02 3.064123e-03 9.998881e-01 4.970151e+01
