1.000000e+00 1.197625e-11 1.704638e-10 5.551115e-17 1.197625e-11 1.000000e+00 3.562503e-10 0.000000e+00 1.704638e-10 3.562503e-10 1.000000e+00 2.220446e-16 0.000000e+00 0.000000e+00 0.000000e+00 1.000000e+00
9.976734e-01 -2.430324e-02 6.369585e-02 -1.110075e-02 1.782619e-02 9.947924e-01 1.003514e-01 -6.771520e-03 -6.580301e-02 -9.898247e-02 9.929111e-01 8.942689e-02
9.850288e-01 -5.196890e-02 1.643703e-01 1.887270e-02 5.607971e-02 9.982165e-01 -2.046549e-02 -1.226181e-02 -1.630136e-01 2.937693e-02 9.861864e-01 9.126826e-02
9.845505e-01 -2.702417e-02 1.730029e-01 5.979546e-02 8.917653e-03 9.944751e-01 1.045935e-01 -1.738568e-02 -1.748736e-01 -1.014348e-01 9.793519e-01 6.613260e-02
9.927337e-01 -6.011121e-02 1.042426e-01 8.744645e-02 6.128265e-02 9.980878e-01 -8.068436e-03 -2.313669e-02 -1.035582e-01 1.439807e-02 9.945192e-01 6.897737e-02
9.989145e-01 1.595433e-02 4.376448e-02 8.903222e-02 -1.981447e-02 9.958133e-01 8.923729e-02 -2.961778e-02 -4.215753e-02 -9.000760e-02 9.950484e-01 1.341521e-01
9.624011e-01 -9.972312e-02 2.526646e-01 1.214437e-01 1.013781e-01 9.948268e-01 6.494031e-03 -3.496246e-02 -2.520051e-01 1.936480e-02 9.675321e-01 1.249764e-01
9.567049e-01 1.211508e-01 -2.646475e-01 9.819679e-02 -9.481942e-02 9.893820e-01 1.101474e-01 -4.258411e-02 2.751819e-01 -8.028481e-02 9.580341e-01 2.734743e-01
9.619956e-01 -1.319418e-01 2.390731e-01 7.022854e-02 1.396176e-01 9.900860e-01 -1.538381e-02 -5.011325e-02 -2.346731e-01 4.817798e-02 9.708797e-01 4.405380e-01
9.857788e-01 1.049132e-01 -1.312761e-01 5.802388e-02 -9.320316e-02 9.913516e-01 9.238639e-02 -5.686839e-02 1.398333e-01 -7.883719e-02 9.870316e-01 5.634712e-01
9.938530e-01 -1.089597e-01 1.959695e-02 1.720804e-02 1.091799e-01 9.939661e-01 -1.053864e-02 -6.483213e-02 -1.833041e-02 1.261345e-02 9.997524e-01 7.714770e-01
9.913401e-01 1.121529e-01 -6.831268e-02 -7.228810e-03 -1.049973e-01 9.893705e-01 1.006064e-01 -7.230766e-02 7.886985e-02 -9.256251e-02 9.925783e-01 9.262425e-01
9.561898e-01 -1.608083e-01 2.446257e-01 2.779671e-03 1.675863e-01 9.858325e-01 -7.007828e-03 -7.854423e-02 -2.400331e-01 4.769674e-02 9.695923e-01 9.980056e-01
9.889099e-01 1.023847e-01 1.075851e-01 4.220251e-02 -1.113476e-01 9.904841e-01 8.088848e-02 -8.368393e-02 -9.827962e-02 -9.197077e-02 9.908998e-01 9.794740e-01
9.528809e-01 -1.898548e-01 2.365865e-01 8.835357e-02 1.855702e-01 9.817976e-01 4.046156e-02 -8.869550e-02 -2.399619e-01 5.348362e-03 9.707676e-01 9.454716e-01
9.839305e-01 1.083716e-01 1.419028e-01 1.350961e-01 -1.108021e-01 9.937988e-01 9.316189e-03 -9.328709e-02 -1.400132e-01 -2.488961e-02 9.898368e-01 9.123651e-01
9.524352e-01 -1.913210e-01 2.371993e-01 1.957760e-01 1.717766e-01 9.799765e-01 1.006918e-01 -9.806904e-02 -2.517142e-01 -5.515714e-02 9.662286e-01 8.711830e-01
9.899553e-01 1.034483e-01 9.636852e-02 2.488207e-01 -1.008329e-01 9.944002e-01 -3.163870e-02 -1.030019e-01 -9.910184e-02 2.160378e-02 9.948428e-01 8.363033e-01
8.944123e-01 -2.088057e-01 3.955082e-01 3.383383e-01 1.685239e-01 9.764883e-01 1.344257e-01 -1.063223e-01 -4.142780e-01 -5.357943e-02 9.085719e-01 7.609918e-01
9.750928e-01 5.188453e-02 2.156431e-01 4.627631e-01 -2.941240e-02 9.939158e-01 -1.061431e-01 -1.084357e-01 -2.198383e-01 9.715681e-02 9.706862e-01 6.429780e-01
8.619601e-01 -1.509346e-01 4.839871e-01 5.768191e-01 7.282178e-02 9.816156e-01 1.764309e-01 -1.102638e-01 -5.017188e-01 -1.168316e-01 8.571048e-01 5.223337e-01
9.886669e-01 -4.730814e-02 1.424767e-01 6.982156e-01 6.535760e-02 9.900274e-01 -1.247961e-01 -1.124799e-01 -1.351520e-01 1.326937e-01 9.818993e-01 4.125137e-01
8.698337e-01 -6.876170e-02 4.885297e-01 8.276671e-01 -7.079013e-03 9.883976e-01 1.517236e-01 -1.150114e-01 -4.932943e-01 -1.354326e-01 8.592548e-01 2.896028e-01
9.884546e-01 -1.191871e-01 9.355127e-02 9.308029e-01 1.271073e-01 9.883402e-01 -8.382979e-02 -1.177920e-01 -8.246904e-02 9.475299e-02 9.920790e-01 2.045860e-01
7.150765e-01 1.059283e-02 6.989659e-01 1.096721e+00 -4.272009e-02 9.986785e-01 2.856977e-02 -1.176560e-01 -6.977396e-01 -5.028946e-02 7.145841e-01 5.233950e-02
9.819883e-01 -1.719911e-01 7.821762e-02 1.265300e+00 1.676350e-01 9.840665e-01 5.925946e-02 -1.195622e-01 -8.716344e-02 -4.508009e-02 9.951735e-01 -1.086149e-01
8.361909e-01 3.815481e-02 5.471097e-01 1.394440e+00 3.059302e-03 9.972371e-01 -7.422196e-02 -1.218083e-01 -5.484300e-01 6.373751e-02 8.337638e-01 -2.295503e-01
9.729391e-01 -1.399183e-01 1.838815e-01 1.544270e+00 1.164374e-01 9.842712e-01 1.328632e-01 -1.227666e-01 -1.995792e-01 -1.078571e-01 9.739276e-01 -3.796563e-01
8.586943e-01 -1.752490e-02 5.121885e-01 1.727305e+00 7.376155e-02 9.932356e-01 -8.967845e-02 -1.243604e-01 -5.071522e-01 1.147862e-01 8.541784e-01 -4.975933e-01
9.978308e-01 -8.962371e-03 -6.521833e-02 1.827049e+00 2.005136e-02 9.849933e-01 1.714240e-01 -1.270965e-01 6.270325e-02 -1.723599e-01 9.830363e-01 -5.446048e-01
7.760682e-01 -1.123996e-01 6.205518e-01 1.943975e+00 2.067087e-01 9.749672e-01 -8.191750e-02 -1.277168e-01 -5.958101e-01 1.918470e-01 7.798750e-01 -6.391467e-01
9.848572e-01 7.482320e-02 1.563900e-01 2.100869e+00 -9.474152e-02 9.877422e-01 1.240542e-01 -1.288539e-01 -1.451909e-01 -1.369923e-01 9.798738e-01 -7.860574e-01
7.922737e-01 -2.344492e-01 5.633258e-01 2.243990e+00 2.610525e-01 9.647132e-01 3.435176e-02 -1.305823e-01 -5.515016e-01 1.198416e-01 8.255204e-01 -9.061708e-01
9.878916e-01 1.487492e-01 4.408984e-02 2.364895e+00 -1.504457e-01 9.878865e-01 3.803002e-02 -1.336443e-01 -3.789883e-02 -4.420267e-02 9.983035e-01 -1.009523e+00
8.418675e-01 -2.776891e-01 4.627612e-01 2.467948e+00 2.509495e-01 9.605504e-01 1.198634e-01 -1.370990e-01 -4.777902e-01 1.522056e-02 8.783421e-01 -1.092702e+00
9.878754e-01 1.496599e-01 4.128127e-02 2.570772e+00 -1.474897e-01 9.877272e-01 -5.139786e-02 -1.405716e-01 -4.846683e-02 4.468612e-02 9.978247e-01 -1.175358e+00
8.406646e-01 -2.715125e-01 4.685766e-01 2.666882e+00 1.945651e-01 9.588945e-01 2.065571e-01 -1.442027e-01 -5.053984e-01 -8.247661e-02 8.589355e-01 -1.248597e+00
9.740189e-01 1.543781e-01 -1.656946e-01 2.719584e+00 -1.680146e-01 9.831789e-01 -7.162679e-02 -1.496065e-01 1.518498e-01 9.760495e-02 9.835725e-01 -1.278499e+00
9.187394e-01 -2.536050e-01 3.026590e-01 2.760492e+00 2.008461e-01 9.600635e-01 1.947791e-01 -1.554429e-01 -3.399688e-01 -1.181633e-01 9.329837e-01 -1.272188e+00
9.911228e-01 1.011272e-01 -8.630650e-02 2.850073e+00 -1.106222e-01 9.873674e-01 -1.134385e-01 -1.601172e-01 7.374452e-02 1.219789e-01 9.897893e-01 -1.312542e+00
9.681312e-01 -1.658435e-01 1.876642e-01 2.913239e+00 1.226124e-01 9.672505e-01 2.222445e-01 -1.648557e-01 -2.183761e-01 -1.921519e-01 9.567599e-01 -1.299734e+00
9.672167e-01 5.796794e-02 -2.472480e-01 3.026848e+00 -8.517076e-02 9.912565e-01 -1.007794e-01 -1.677130e-01 2.392442e-01 1.185338e-01 9.636970e-01 -1.247684e+00
9.501494e-01 -2.260169e-01 2.147849e-01 3.176363e+00 1.859067e-01 9.636888e-01 1.916838e-01 -1.691134e-01 -2.503096e-01 -1.421983e-01 9.576663e-01 -1.270300e+00
9.048400e-01 2.149953e-01 -3.674800e-01 3.156223e+00 -2.335324e-01 9.723295e-01 -6.158480e-03 -1.769715e-01 3.559876e-01 9.139091e-02 9.300110e-01 -9.964724e-01
8.656912e-01 -3.688957e-01 3.383708e-01 3.231097e+00 3.278034e-01 9.286314e-01 1.737489e-01 -1.817649e-01 -3.783170e-01 -3.949382e-02 9.248332e-01 -9.501238e-01
8.965441e-01 3.280454e-01 -2.976489e-01 3.261276e+00 -3.373250e-01 9.411493e-01 2.120956e-02 -1.876692e-01 2.870898e-01 8.138909e-02 9.544398e-01 -8.707206e-01
8.818519e-01 -3.778273e-01 2.821059e-01 3.233910e+00 3.515062e-01 9.255387e-01 1.407889e-01 -1.949440e-01 -3.142938e-01 -2.499303e-02 9.489967e-01 -6.879919e-01
9.517178e-01 2.528377e-01 1.740871e-01 3.312151e+00 -2.311495e-01 9.634262e-01 -1.355720e-01 -1.986848e-01 -2.019978e-01 8.878617e-02 9.753532e-01 -7.565799e-01
9.163337e-01 -3.313762e-01 2.247719e-01 3.385753e+00 2.681324e-01 9.247179e-01 2.701884e-01 -2.027266e-01 -2.973846e-01 -1.873141e-01 9.362029e-01 -8.107045e-01
9.711807e-01 1.769268e-01 1.597027e-01 3.468385e+00 -1.360287e-01 9.616540e-01 -2.381548e-01 -2.067098e-01 -1.957148e-01 2.095672e-01 9.580070e-01 -8.706807e-01
9.005985e-01 -2.572286e-01 3.503654e-01 3.570165e+00 1.322346e-01 9.300208e-01 3.428925e-01 -2.098142e-01 -4.140488e-01 -2.624781e-01 8.715898e-01 -9.578141e-01
9.910542e-01 2.984254e-02 1.300810e-01 3.664193e+00 8.805975e-03 9.579336e-01 -2.868549e-01 -2.132425e-01 -1.331694e-01 2.854342e-01 9.491013e-01 -1.039571e+00
9.029675e-01 -1.049989e-01 4.166832e-01 3.761714e+00 -3.865503e-02 9.459081e-01 3.221237e-01 -2.164165e-01 -4.279667e-01 -3.069741e-01 8.500655e-01 -1.125340e+00
9.834501e-01 -1.412172e-01 1.135063e-01 3.881717e+00 1.656033e-01 9.547666e-01 -2.469744e-01 -2.197957e-01 -7.349503e-02 2.616840e-01 9.623513e-01 -1.224510e+00
8.825760e-01 5.847268e-02 4.665197e-01 4.042271e+00 -1.632067e-01 9.686397e-01 1.873519e-01 -2.213286e-01 -4.409345e-01 -2.414914e-01 8.644412e-01 -1.347098e+00
9.708670e-01 -2.330152e-01 -5.586743e-02 4.157055e+00 2.242377e-01 9.656947e-01 -1.309629e-01 -2.242026e-01 8.446721e-02 1.146199e-01 9.898119e-01 -1.435559e+00
8.222995e-01 1.160043e-01 5.571055e-01 4.314937e+00 -1.617629e-01 9.862643e-01 3.339884e-02 -2.260953e-01 -5.455788e-01 -1.175829e-01 8.297699e-01 -1.544949e+00
9.504937e-01 -2.298522e-01 -2.091162e-01 4.457884e+00 2.336806e-01 9.722913e-01 -6.557863e-03 -2.277805e-01 2.048292e-01 -4.263320e-02 9.778688e-01 -1.660814e+00
7.838712e-01 1.138121e-01 6.104037e-01 4.580221e+00 -9.848234e-02 9.934028e-01 -5.875429e-02 -2.307011e-01 -6.130638e-01 -1.405819e-02 7.899084e-01 -1.758988e+00
9.651784e-01 -1.664630e-01 -2.017937e-01 4.726079e+00 1.894792e-01 9.767212e-01 1.005646e-01 -2.336890e-01 1.803559e-01 -1.352985e-01 9.742515e-01 -1.843614e+00
8.074866e-01 9.450433e-02 5.822665e-01 4.861248e+00 -2.350255e-02 9.914538e-01 -1.283238e-01 -2.358331e-01 -5.894175e-01 8.993504e-02 8.028067e-01 -1.951202e+00
9.867486e-01 -1.098884e-01 -1.193807e-01 5.000145e+00 1.308086e-01 9.740726e-01 1.845851e-01 -2.380812e-01 9.600170e-02 -1.977551e-01 9.755391e-01 -2.062997e+00
7.007915e-01 3.187990e-02 7.126535e-01 5.196102e+00 1.473858e-01 9.709762e-01 -1.883683e-01 -2.372791e-01 -6.979747e-01 2.370419e-01 6.757532e-01 -2.224134e+00
9.780036e-01 7.338537e-02 -1.952523e-01 5.369299e+00 -1.180287e-02 9.540376e-01 2.994544e-01 -2.388356e-01 2.082536e-01 -2.905629e-01 9.339184e-01 -2.391434e+00
7.293211e-01 -1.229315e-01 6.730369e-01 5.482379e+00 2.993822e-01 9.418865e-01 -1.523813e-01 -2.416461e-01 -6.151919e-01 3.126301e-01 7.237412e-01 -2.480100e+00
9.674114e-01 2.206663e-01 -1.241835e-01 5.654380e+00 -1.827579e-01 9.479534e-01 2.607371e-01 -2.436300e-01 1.752560e-01 -2.295445e-01 9.573895e-01 -2.594096e+00
8.388147e-01 -2.820068e-01 4.656845e-01 5.767106e+00 3.504931e-01 9.342681e-01 -6.555693e-02 -2.465965e-01 -4.165866e-01 2.182093e-01 8.825193e-01 -2.688552e+00
9.496217e-01 2.914710e-01 -1.151660e-01 5.856764e+00 -2.677654e-01 9.455328e-01 1.851203e-01 -2.507776e-01 1.628505e-01 -1.449568e-01 9.759443e-01 -2.743525e+00
7.691400e-01 -3.570939e-01 5.300072e-01 5.964690e+00 4.040654e-01 9.142509e-01 2.960437e-02 -2.534376e-01 -4.951311e-01 1.913877e-01 8.474762e-01 -2.822057e+00
9.491552e-01 3.147978e-01 -2.610821e-03 6.103031e+00 -3.145749e-01 9.487376e-01 3.065346e-02 -2.552995e-01 1.212662e-02 -2.827359e-02 9.995267e-01 -2.944013e+00
7.771240e-01 -4.187258e-01 4.698372e-01 6.229613e+00 3.625193e-01 9.080828e-01 2.096795e-01 -2.580919e-01 -5.144493e-01 7.378025e-03 8.574891e-01 -3.058160e+00
9.621533e-01 2.651126e-01 6.305837e-02 6.352414e+00 -2.483513e-01 9.483116e-01 -1.975520e-01 -2.598300e-01 -1.121725e-01 1.744147e-01 9.782621e-01 -3.159073e+00
7.552058e-01 -3.655341e-01 5.441038e-01 6.519203e+00 1.683088e-01 9.103809e-01 3.779930e-01 -2.610044e-01 -6.335111e-01 -1.938851e-01 7.490476e-01 -3.306389e+00
9.946494e-01 7.140291e-02 -7.466055e-02 6.673241e+00 -9.146409e-02 9.446470e-01 -3.150815e-01 -2.625852e-01 4.803012e-02 3.202244e-01 9.461234e-01 -3.437750e+00
8.468741e-01 -2.119296e-01 4.877398e-01 6.801175e+00 4.411421e-03 9.199283e-01 3.920617e-01 -2.652413e-01 -5.317751e-01 -3.298753e-01 7.799984e-01 -3.549215e+00
9.918244e-01 -6.480983e-02 -1.099278e-01 6.902918e+00 2.752979e-02 9.498168e-01 -3.115930e-01 -2.686099e-01 1.246056e-01 3.060192e-01 9.438356e-01 -3.632389e+00
6.371149e-01 -7.010591e-02 7.675739e-01 7.083502e+00 -1.702256e-01 9.584665e-01 2.288345e-01 -2.690273e-01 -7.517366e-01 -2.764546e-01 5.987195e-01 -3.741608e+00
9.622498e-01 -2.720577e-01 -7.737738e-03 7.290202e+00 2.669678e-01 9.490146e-01 -1.676289e-01 -2.686607e-01 5.294797e-02 1.592352e-01 9.858198e-01 -3.932935e+00
7.778381e-01 1.512976e-01 6.099810e-01 7.432721e+00 -2.293909e-01 9.719747e-01 5.143038e-02 -2.708716e-01 -5.851048e-01 -1.799286e-01 7.907452e-01 -4.043754e+00
9.446157e-01 -3.262156e-01 -3.583990e-02 7.581115e+00 3.268407e-01 9.449889e-01 1.308054e-02 -2.729946e-01 2.960123e-02 -2.407002e-02 9.992719e-01 -4.151928e+00
6.216232e-01 2.064750e-01 7.556141e-01 7.823598e+00 -8.645890e-02 9.768261e-01 -1.957948e-01 -2.705653e-01 -7.785303e-01 5.638100e-02 6.250693e-01 -4.330749e+00
9.796879e-01 -1.985751e-01 -2.792076e-02 8.032874e+00 1.991450e-01 9.471258e-01 2.515830e-01 -2.697004e-01 -2.351364e-02 -2.520331e-01 9.674329e-01 -4.528334e+00
7.168024e-01 7.598770e-02 6.931235e-01 8.213101e+00 1.574732e-01 9.507207e-01 -2.670812e-01 -2.695650e-01 -6.792617e-01 3.005928e-01 6.695129e-01 -4.710136e+00
9.733803e-01 4.338886e-02 2.250517e-01 8.416383e+00 -1.071183e-01 9.541995e-01 2.793366e-01 -2.681443e-01 -2.026241e-01 -2.960079e-01 9.334467e-01 -4.912235e+00
6.303776e-01 -1.740694e-01 7.565209e-01 8.691702e+00 3.315998e-01 9.415312e-01 -5.966964e-02 -2.641863e-01 -7.019014e-01 2.884766e-01 6.512416e-01 -5.123529e+00
9.425103e-01 1.935981e-01 2.723859e-01 8.946190e+00 -2.073334e-01 9.780163e-01 2.229110e-02 -2.624113e-01 -2.620824e-01 -7.748429e-02 9.619298e-01 -5.375699e+00
8.448874e-01 -3.252636e-01 4.246986e-01 9.101365e+00 3.061221e-01 9.450465e-01 1.147885e-01 -2.631302e-01 -4.386965e-01 3.302629e-02 8.980282e-01 -5.535019e+00
9.321194e-01 1.772161e-01 3.158288e-01 9.273797e+00 -1.303731e-01 9.778246e-01 -1.638958e-01 -2.634660e-01 -3.378702e-01 1.115949e-01 9.345535e-01 -5.715510e+00
8.537107e-01 -2.552687e-01 4.538898e-01 9.441692e+00 1.560611e-01 9.569653e-01 2.446679e-01 -2.632071e-01 -4.968128e-01 -1.380410e-01 8.568090e-01 -5.891536e+00
8.927710e-01 1.196490e-02 4.503517e-01 9.656508e+00 1.125041e-01 9.620539e-01 -2.485862e-01 -2.616369e-01 -4.362370e-01 2.725970e-01 8.575478e-01 -6.115566e+00
9.086963e-01 -3.880480e-02 4.156503e-01 9.841042e+00 -6.784482e-02 9.687056e-01 2.387602e-01 -2.617813e-01 -4.119078e-01 -2.451603e-01 8.776266e-01 -6.308788e+00
8.953719e-01 -2.217130e-01 3.862027e-01 1.001827e+01 2.897523e-01 9.486147e-01 -1.271763e-01 -2.623625e-01 -3.381609e-01 2.257733e-01 9.136047e-01 -6.486018e+00
9.073084e-01 1.594813e-01 3.890465e-01 1.017176e+01 -1.985074e-01 9.781377e-01 6.197916e-02 -2.630627e-01 -3.706565e-01 -1.334628e-01 9.191308e-01 -6.650227e+00
8.509776e-01 -3.489005e-01 3.925629e-01 1.036339e+01 3.393053e-01 9.357501e-01 9.614389e-02 -2.641599e-01 -4.008854e-01 5.138236e-02 9.146861e-01 -6.826522e+00
9.804831e-01 1.963297e-01 1.036852e-02 1.084700e+01 -1.961858e-01 9.804746e-01 -1.344141e-02 -2.564924e-01 -1.280502e-02 1.114492e-02 9.998559e-01 -7.183756e+00
8.854556e-01 -3.745983e-01 2.750354e-01 1.122781e+01 3.696855e-01 9.263959e-01 7.157705e-02 -2.456893e-01 -2.816043e-01 3.829828e-02 9.587660e-01 -7.532504e+00
9.062131e-01 2.469630e-01 3.432012e-01 1.138336e+01 -2.042655e-01 9.663976e-01 -1.560492e-01 -2.465798e-01 -3.702072e-01 7.130965e-02 9.262082e-01 -7.683788e+00
8.934047e-01 -3.377019e-01 2.962861e-01 1.153011e+01 2.569293e-01 9.250819e-01 2.796621e-01 -2.478901e-01 -3.685313e-01 -1.737268e-01 9.132380e-01 -7.838040e+00
9.314419e-01 1.305144e-01 3.396793e-01 1.168763e+01 -2.476177e-02 9.540358e-01 -2.986679e-01 -2.487431e-01 -3.630467e-01 2.697807e-01 8.918607e-01 -7.960342e+00
9.485286e-01 -1.493956e-01 2.792391e-01 1.181924e+01 4.540425e-02 9.367816e-01 3.469563e-01 -2.505087e-01 -3.134198e-01 -3.164194e-01 8.953473e-01 -8.090509e+00
8.563609e-01 -2.485620e-02 5.157792e-01 1.217643e+01 1.859246e-01 9.466915e-01 -2.630726e-01 -2.457116e-01 -4.817448e-01 3.211811e-01 8.153310e-01 -8.253622e+00
9.461284e-01 6.128073e-02 3.179398e-01 1.257006e+01 -1.466262e-01 9.565651e-01 2.519603e-01 -2.415227e-01 -2.886898e-01 -2.850051e-01 9.140187e-01 -8.379760e+00
9.538961e-01 -2.289915e-01 1.940234e-01 1.268333e+01 2.592868e-01 9.543253e-01 -1.484369e-01 -2.448643e-01 -1.511706e-01 1.919011e-01 9.697017e-01 -8.437997e+00
7.655670e-01 1.886472e-01 6.150767e-01 1.304533e+01 -2.564993e-01 9.662732e-01 2.289583e-02 -2.402495e-01 -5.900129e-01 -1.752951e-01 7.881348e-01 -8.555497e+00
9.241079e-01 -3.780039e-01 -5.601487e-02 1.323886e+01 3.778916e-01 9.257587e-01 -1.299202e-02 -2.422689e-01 5.676729e-02 -9.161521e-03 9.983454e-01 -8.588643e+00
8.880684e-01 2.925015e-01 3.546509e-01 1.328217e+01 -2.865357e-01 9.554700e-01 -7.052904e-02 -2.474440e-01 -3.594882e-01 -3.898552e-02 9.323349e-01 -8.598291e+00
9.199535e-01 -3.868573e-01 6.345927e-02 1.338639e+01 3.725679e-01 9.131245e-01 1.655200e-01 -2.509346e-01 -1.219788e-01 -1.286278e-01 9.841626e-01 -8.678447e+00
9.126060e-01 2.647359e-01 3.115528e-01 1.347468e+01 -2.079625e-01 9.566799e-01 -2.037527e-01 -2.548937e-01 -3.519969e-01 1.211546e-01 9.281270e-01 -8.749739e+00
9.544210e-01 -2.945317e-01 4.828745e-02 1.355780e+01 2.701346e-01 9.212474e-01 2.798759e-01 -2.589626e-01 -1.269170e-01 -2.540753e-01 9.588211e-01 -8.806734e+00
9.541107e-01 1.847467e-01 2.356723e-01 1.362753e+01 -1.210034e-01 9.577484e-01 -2.609140e-01 -2.636206e-01 -2.739178e-01 2.204236e-01 9.361530e-01 -8.848915e+00
9.773324e-01 -2.023488e-01 6.225958e-02 1.369070e+01 1.714657e-01 9.290414e-01 3.278438e-01 -2.681785e-01 -1.241805e-01 -3.097370e-01 9.426782e-01 -8.879366e+00
9.542921e-01 7.729187e-02 2.887083e-01 1.377949e+01 9.545648e-03 9.576072e-01 -2.879189e-01 -2.724253e-01 -2.987230e-01 2.775147e-01 9.130992e-01 -8.944934e+00
9.953897e-01 -6.948176e-02 6.611756e-02 1.385325e+01 3.994184e-02 9.270224e-01 3.728728e-01 -2.768881e-01 -8.720032e-02 -3.685129e-01 9.255238e-01 -8.997135e+00
9.606836e-01 -5.117742e-02 2.728881e-01 1.390917e+01 1.378329e-01 9.411080e-01 -3.087358e-01 -2.815056e-01 -2.410169e-01 3.342104e-01 9.111610e-01 -9.021587e+00
8.661629e-01 1.169866e-01 4.858765e-01 1.427545e+01 -2.640034e-01 9.326001e-01 2.460877e-01 -2.773343e-01 -4.243396e-01 -3.414251e-01 8.386685e-01 -9.099335e+00
8.827824e-01 -3.911952e-01 2.601183e-01 1.461643e+01 4.325900e-01 8.928313e-01 -1.253718e-01 -2.757140e-01 -1.831969e-01 2.232006e-01 9.574029e-01 -9.138060e+00
7.314228e-01 3.394639e-01 5.914262e-01 1.517902e+01 -3.309346e-01 9.350136e-01 -1.274043e-01 -2.664243e-01 -5.962407e-01 -1.025370e-01 7.962306e-01 -9.179721e+00
8.005125e-01 -4.496615e-01 3.962123e-01 1.595189e+01 3.196277e-01 8.795613e-01 3.524346e-01 -2.516362e-01 -5.069693e-01 -1.554879e-01 8.478241e-01 -9.364751e+00
7.665772e-01 8.890939e-02 6.359674e-01 1.658399e+01 2.201587e-01 8.939559e-01 -3.903497e-01 -2.402711e-01 -6.032326e-01 4.392470e-01 6.657120e-01 -9.627069e+00
8.888619e-01 2.153822e-01 -4.043947e-01 1.670946e+01 1.179857e-02 8.715675e-01 4.901336e-01 -2.448283e-01 4.580234e-01 -4.404324e-01 7.721619e-01 -9.495274e+00
9.096940e-01 -3.710198e-02 4.136185e-01 1.668715e+01 2.097450e-01 9.006761e-01 -3.805122e-01 -2.527716e-01 -3.584186e-01 4.329041e-01 8.271216e-01 -9.315677e+00
9.803343e-01 1.488302e-01 -1.295929e-01 1.671870e+01 -7.321175e-02 8.841046e-01 4.615183e-01 -2.583922e-01 1.832615e-01 -4.429545e-01 8.776141e-01 -9.293028e+00
8.448003e-01 -1.832372e-01 5.027291e-01 1.679917e+01 3.617977e-01 8.878246e-01 -2.843764e-01 -2.629395e-01 -3.942269e-01 4.221275e-01 8.163293e-01 -9.339890e+00
8.393566e-01 3.884499e-01 -3.802462e-01 1.678359e+01 -1.640598e-01 8.479317e-01 5.040796e-01 -2.703239e-01 5.182324e-01 -3.607194e-01 7.754461e-01 -9.188953e+00
8.481082e-01 -2.187340e-01 4.825639e-01 1.676949e+01 3.968441e-01 8.657133e-01 -3.050495e-01 -2.777635e-01 -3.510373e-01 4.502176e-01 8.210219e-01 -9.026700e+00
9.201189e-01 3.505850e-01 -1.745603e-01 1.679355e+01 -2.420601e-01 8.594718e-01 4.502389e-01 -2.837204e-01 3.078766e-01 -3.720193e-01 8.756789e-01 -8.974328e+00
8.605806e-01 -3.108983e-01 4.034145e-01 1.679964e+01 4.310942e-01 8.664329e-01 -2.518965e-01 -2.902408e-01 -2.712174e-01 3.906869e-01 8.796618e-01 -8.909715e+00
8.516281e-01 4.492486e-01 -2.700097e-01 1.677046e+01 -2.854683e-01 8.295834e-01 4.798950e-01 -2.977008e-01 4.395877e-01 -3.316128e-01 8.347428e-01 -8.732558e+00
5.993790e-01 -3.219905e-01 7.328485e-01 1.701584e+01 5.508702e-01 8.301696e-01 -8.579313e-02 -2.970605e-01 -5.807640e-01 4.551270e-01 6.749612e-01 -8.620447e+00
8.771816e-01 4.468075e-01 1.758279e-01 1.756347e+01 -4.573957e-01 8.889692e-01 2.286903e-02 -2.893151e-01 -1.460875e-01 -1.004832e-01 9.841553e-01 -8.707562e+00
5.061944e-01 -5.877435e-01 6.311298e-01 1.819579e+01 4.624097e-01 8.026947e-01 3.766411e-01 -2.790929e-01 -7.279729e-01 1.011870e-01 6.780979e-01 -8.839390e+00
9.583251e-01 2.773251e-01 6.858440e-02 1.880251e+01 -2.251329e-01 8.809201e-01 -4.162872e-01 -2.702105e-01 -1.758643e-01 3.834979e-01 9.066428e-01 -8.950716e+00
7.421858e-01 -3.666803e-01 5.609865e-01 1.918556e+01 3.241792e-02 8.557127e-01 5.164347e-01 -2.667189e-01 -6.694097e-01 -3.651045e-01 6.469848e-01 -9.025260e+00
9.799457e-01 -1.053903e-01 1.691135e-01 1.976690e+01 1.744312e-01 8.639913e-01 -4.723270e-01 -2.578741e-01 -9.633391e-02 4.923534e-01 8.650479e-01 -9.089284e+00
7.063221e-01 7.015922e-02 7.044053e-01 2.031684e+01 -3.618320e-01 8.910468e-01 2.740678e-01 -2.492221e-01 -6.084297e-01 -4.484565e-01 6.547519e-01 -9.164504e+00
8.511243e-01 -4.842438e-01 2.027200e-01 2.099567e+01 5.175594e-01 8.386605e-01 -1.696492e-01 -2.378235e-01 -8.786164e-02 2.493122e-01 9.644292e-01 -9.200369e+00
6.215385e-01 3.966797e-01 6.755259e-01 2.153298e+01 -3.596825e-01 9.105559e-01 -2.037561e-01 -2.304770e-01 -6.959299e-01 -1.163326e-01 7.086242e-01 -9.310855e+00
8.402369e-01 -4.786561e-01 2.547358e-01 2.215765e+01 3.723083e-01 8.508508e-01 3.707282e-01 -2.188019e-01 -3.941935e-01 -2.166592e-01 8.931239e-01 -9.472403e+00
6.515693e-01 2.300498e-01 7.228655e-01 2.271115e+01 2.076272e-01 8.624386e-01 -4.616175e-01 -2.084441e-01 -7.296221e-01 4.508623e-01 5.141739e-01 -9.722035e+00
9.935132e-01 4.466616e-02 1.045772e-01 2.299769e+01 -9.070815e-02 8.659052e-01 4.919148e-01 -2.059328e-01 -6.858203e-02 -4.982099e-01 8.643399e-01 -9.865489e+00
7.744391e-01 -2.275239e-01 5.903194e-01 2.319196e+01 4.745110e-01 8.260400e-01 -3.041337e-01 -2.068000e-01 -4.184297e-01 5.156461e-01 7.476802e-01 -9.971407e+00
9.155319e-01 3.759340e-01 1.430909e-01 2.331396e+01 -4.017227e-01 8.364036e-01 3.728913e-01 -2.095701e-01 2.050074e-02 -3.988767e-01 9.167754e-01 -1.006203e+01
7.237866e-01 -5.193567e-01 4.543144e-01 2.341885e+01 6.100766e-01 7.892737e-01 -6.966683e-02 -2.130039e-01 -3.223965e-01 3.275905e-01 8.881132e-01 -1.014636e+01
8.377206e-01 5.402585e-01 7.965508e-02 2.349912e+01 -5.459766e-01 8.254855e-01 1.431199e-01 -2.172039e-01 1.156763e-02 -1.633843e-01 9.864947e-01 -1.020865e+01
7.671222e-01 -6.126008e-01 1.903779e-01 2.352884e+01 6.150672e-01 7.866896e-01 5.302640e-02 -2.227990e-01 -1.822524e-01 7.641749e-02 9.802777e-01 -1.019581e+01
8.067768e-01 5.898639e-01 -3.423131e-02 2.353094e+01 -5.873657e-01 8.069517e-01 6.189062e-02 -2.294150e-01 6.413005e-02 -2.982562e-02 9.974957e-01 -1.011563e+01
7.799781e-01 -6.243112e-01 4.323890e-02 2.352836e+01 6.232747e-01 7.811749e-01 3.597728e-02 -2.364780e-01 -5.623817e-02 -1.111771e-03 9.984168e-01 -9.976905e+00
7.976863e-01 5.966845e-01 8.754558e-02 2.352710e+01 -5.988027e-01 8.008925e-01 -2.552606e-03 -2.432794e-01 -7.163770e-02 -5.038635e-02 9.961572e-01 -9.902324e+00
7.507749e-01 -6.540408e-01 9.256244e-02 2.354904e+01 6.383509e-01 7.544049e-01 1.529098e-01 -2.491108e-01 -1.698388e-01 -5.571351e-02 9.838957e-01 -9.872727e+00
7.566898e-01 6.493043e-01 -7.631859e-02 2.353403e+01 -6.508830e-01 7.591592e-01 5.356761e-03 -2.562070e-01 6.141613e-02 4.562106e-02 9.970691e-01 -9.738241e+00
7.522056e-01 -6.425448e-01 -1.460237e-01 2.348927e+01 6.498612e-01 7.600463e-01 3.187431e-03 -2.644305e-01 1.089367e-01 -9.729274e-02 9.892760e-01 -9.437713e+00
7.604248e-01 6.329899e-01 1.451822e-01 2.347491e+01 -6.379756e-01 7.699061e-01 -1.522452e-02 -2.720426e-01 -1.214136e-01 -8.104557e-02 9.892878e-01 -9.290571e+00
7.315747e-01 -6.816592e-01 -1.179705e-02 2.350211e+01 6.789806e-01 7.269206e-01 1.028190e-01 -2.779349e-01 -6.151201e-02 -8.322976e-02 9.946301e-01 -9.252873e+00
7.435027e-01 6.682696e-01 2.488935e-02 2.349881e+01 -6.673162e-01 7.438349e-01 -3.739889e-02 -2.850123e-01 -4.350610e-02 1.119711e-02 9.989904e-01 -9.140349e+00
7.235461e-01 -6.680508e-01 -1.737501e-01 2.347199e+01 6.799376e-01 7.331630e-01 1.252372e-02 -2.928284e-01 1.190207e-01 -1.272007e-01 9.847101e-01 -8.934828e+00
7.409363e-01 6.626120e-01 1.093554e-01 2.344181e+01 -6.658799e-01 7.460094e-01 -8.597335e-03 -3.004590e-01 -8.727689e-02 -6.644752e-02 9.939655e-01 -8.724443e+00
6.990374e-01 -7.148937e-01 1.654355e-02 2.346392e+01 7.092526e-01 6.960991e-01 1.113856e-01 -3.063184e-01 -9.114483e-02 -6.612916e-02 9.936395e-01 -8.670982e+00
7.410638e-01 6.410129e-01 1.998169e-01 2.351402e+01 -6.010166e-01 7.659627e-01 -2.282107e-01 -3.114180e-01 -2.993383e-01 4.902540e-02 9.528867e-01 -8.681991e+00
7.478443e-01 -6.631308e-01 -3.140801e-02 2.358870e+01 6.295709e-01 6.933970e-01 3.504869e-01 -3.156467e-01 -2.106404e-01 -2.818832e-01 9.360408e-01 -8.715625e+00
8.273770e-01 5.528216e-01 9.917436e-02 2.365388e+01 -4.659385e-01 7.741965e-01 -4.283936e-01 -3.202690e-01 -3.136057e-01 3.082339e-01 8.981333e-01 -8.738843e+00
8.395406e-01 -5.432962e-01 -8.952298e-04 2.373431e+01 4.487020e-01 6.924359e-01 5.649770e-01 -3.245013e-01 -3.063300e-01 -4.747229e-01 8.251062e-01 -8.782205e+00
9.214576e-01 3.620815e-01 1.407584e-01 2.384234e+01 -2.055213e-01 7.618370e-01 -6.143007e-01 -3.277766e-01 -3.296619e-01 5.371232e-01 7.764159e-01 -8.839737e+00
9.094239e-01 -3.500801e-01 2.244818e-01 2.400592e+01 1.086602e-01 7.210636e-01 6.842954e-01 -3.297603e-01 -4.014239e-01 -5.979223e-01 6.937923e-01 -8.904237e+00
9.959130e-01 1.501105e-02 8.906210e-02 2.414025e+01 4.470927e-02 7.748607e-01 -6.305490e-01 -3.327593e-01 -7.847592e-02 6.319538e-01 7.710227e-01 -8.955076e+00
8.664482e-01 -7.847098e-02 4.930617e-01 2.430439e+01 -2.478878e-01 7.896313e-01 5.612789e-01 -3.347366e-01 -4.333811e-01 -6.085431e-01 6.647226e-01 -9.001182e+00
9.380975e-01 -3.437593e-01 4.245780e-02 2.444635e+01 3.173288e-01 8.038250e-01 -5.031578e-01 -3.372971e-01 1.388365e-01 4.854841e-01 8.631510e-01 -9.084962e+00
7.689624e-01 1.968473e-01 6.082334e-01 2.457448e+01 -4.645551e-01 8.256663e-01 3.200996e-01 -3.398938e-01 -4.391871e-01 -5.287025e-01 7.263528e-01 -9.178344e+00
8.403956e-01 -5.406248e-01 3.820941e-02 2.474876e+01 5.302675e-01 8.056248e-01 -2.641687e-01 -3.411385e-01 1.120337e-01 2.422674e-01 9.637193e-01 -9.271236e+00
6.855229e-01 4.304070e-01 5.872036e-01 2.491562e+01 -5.142479e-01 8.571862e-01 -2.794643e-02 -3.431693e-01 -5.153712e-01 -2.828103e-01 8.089567e-01 -9.368906e+00
7.916654e-01 -5.576279e-01 -2.496336e-01 2.505246e+01 5.771078e-01 8.166461e-01 5.975297e-03 -3.459043e-01 2.005303e-01 -1.487959e-01 9.683219e-01 -9.454435e+00
7.234329e-01 6.843966e-01 9.080823e-02 2.500188e+01 -6.898080e-01 7.219595e-01 5.421543e-02 -3.541269e-01 -2.845501e-02 -1.018615e-01 9.943915e-01 -8.742960e+00
7.071348e-01 -6.894407e-01 -1.569453e-01 2.487541e+01 6.484323e-01 7.208159e-01 -2.448672e-01 -3.621733e-01 2.819501e-01 7.138577e-02 9.567697e-01 -8.071149e+00
6.984966e-01 5.813586e-01 4.172826e-01 2.494909e+01 -6.385168e-01 7.696004e-01 -3.383837e-03 -3.666266e-01 -3.231081e-01 -2.640784e-01 9.087705e-01 -8.031083e+00
6.969044e-01 -6.844236e-01 -2.142162e-01 2.501407e+01 6.859028e-01 7.233259e-01 -7.960456e-02 -3.713306e-01 2.094314e-01 -9.145476e-02 9.735371e-01 -8.041081e+00
6.738536e-01 6.037993e-01 4.258494e-01 2.508922e+01 -5.753379e-01 7.904159e-01 -2.103068e-01 -3.758520e-01 -4.635812e-01 -1.032913e-01 8.800133e-01 -8.076717e+00
7.335977e-01 -6.163563e-01 -2.862505e-01 2.518636e+01 6.705660e-01 7.249077e-01 1.576388e-01 -3.799178e-01 1.103435e-01 -3.075933e-01 9.450982e-01 -8.136939e+00
7.444196e-01 6.287771e-01 2.246749e-01 2.521582e+01 -5.682138e-01 7.732690e-01 -2.814039e-01 -3.856601e-01 -3.506745e-01 8.181924e-02 9.329164e-01 -8.076807e+00
6.659587e-01 -5.353429e-01 -5.195258e-01 2.524685e+01 6.526173e-01 7.554564e-01 5.810677e-02 -3.932421e-01 3.613720e-01 -3.777482e-01 8.524767e-01 -7.849103e+00
7.949240e-01 5.787696e-01 1.819932e-01 2.584662e+01 -5.659959e-01 8.154633e-01 -1.211124e-01 -3.824889e-01 -2.185049e-01 -6.732215e-03 9.758126e-01 -8.110848e+00
5.798380e-01 -6.455308e-01 -4.970693e-01 2.663631e+01 6.729539e-01 7.233840e-01 -1.544300e-01 -3.582155e-01 4.592613e-01 -2.449603e-01 8.538580e-01 -8.703356e+00
6.692889e-01 5.912133e-01 4.500213e-01 2.677619e+01 -6.136795e-01 7.813165e-01 -1.137629e-01 -3.596570e-01 -4.188672e-01 -2.000286e-01 8.857420e-01 -8.668644e+00
2.256293e-01 -5.569984e-01 -7.992773e-01 2.808511e+01 2.831043e-01 8.225157e-01 -4.932747e-01 -3.255031e-01 9.321713e-01 -1.149817e-01 3.432723e-01 -9.488900e+00
9.667421e-01 2.557338e-01 -3.156772e-03 3.054250e+01 -2.165003e-01 8.248751e-01 5.222151e-01 -2.348255e-01 1.361520e-01 -5.041639e-01 8.528079e-01 -1.134036e+01
5.450033e-01 -3.193949e-01 -7.752150e-01 3.244284e+01 -1.584642e-01 8.686956e-01 -4.693156e-01 -1.584962e-01 8.233228e-01 3.786224e-01 4.228293e-01 -1.288081e+01
7.486979e-01 -3.991646e-01 5.292628e-01 3.340638e+01 1.363970e-01 8.740671e-01 4.662645e-01 -1.248952e-01 -6.487275e-01 -2.769014e-01 7.088570e-01 -1.365661e+01
-8.809913e-02 1.244818e-01 -9.883030e-01 3.537126e+01 -3.456053e-01 9.267100e-01 1.475317e-01 -5.799322e-02 9.342353e-01 3.545601e-01 -3.862078e-02 -1.513219e+01
4.878047e-01 -4.736527e-01 7.332801e-01 3.695066e+01 5.516345e-01 8.182832e-01 1.615920e-01 7.568814e-04 -6.765692e-01 3.256772e-01 6.604456e-01 -1.638758e+01
-3.581944e-02 5.597425e-01 -8.278921e-01 3.872760e+01 3.188165e-02 8.286421e-01 5.588702e-01 5.727690e-02 9.988496e-01 -6.376148e-03 -4.752701e-02 -1.770854e+01
7.307222e-01 -1.000414e-01 6.753050e-01 4.044926e+01 5.298654e-01 7.068414e-01 -4.686342e-01 1.275784e-01 -4.304506e-01 7.002621e-01 5.695132e-01 -1.908037e+01
7.895766e-01 3.748193e-01 -4.858799e-01 4.083987e+01 1.576545e-01 6.413057e-01 7.509142e-01 1.356993e-01 5.930547e-01 -6.695054e-01 4.472680e-01 -1.936035e+01
8.179082e-01 -9.707754e-02 5.670998e-01 4.154286e+01 5.102144e-01 5.779245e-01 -6.369338e-01 1.546051e-01 -2.659089e-01 8.102958e-01 5.222195e-01 -1.992456e+01
8.805592e-01 2.868171e-01 -3.772948e-01 4.259806e+01 1.948800e-01 5.065473e-01 8.398998e-01 1.879282e-01 4.320153e-01 -8.131087e-01 3.901500e-01 -2.080330e+01
9.552672e-01 -6.165223e-02 2.892466e-01 4.351514e+01 2.812644e-01 4.916687e-01 -8.241069e-01 2.141499e-01 -9.140550e-02 8.685971e-01 4.870155e-01 -2.153308e+01
9.528760e-01 8.971103e-02 -2.897918e-01 4.420690e+01 2.109263e-01 4.906459e-01 8.454447e-01 2.351537e-01 2.180309e-01 -8.667287e-01 4.486022e-01 -2.205518e+01
9.927567e-01 1.184811e-01 -1.990854e-02 4.499516e+01 -8.807460e-02 6.050114e-01 -7.913306e-01 2.588051e-01 -8.171282e-02 7.873522e-01 6.110643e-01 -2.262045e+01
8.873357e-01 -3.752230e-01 -2.680354e-01 4.607489e+01 4.297459e-01 4.621508e-01 7.757159e-01 2.922911e-01 -1.671937e-01 -8.035075e-01 5.713335e-01 -2.347821e+01
9.249878e-01 3.160888e-01 -2.109157e-01 4.638215e+01 -3.558618e-01 5.258972e-01 -7.725248e-01 2.966757e-01 -1.332665e-01 7.896328e-01 5.989324e-01 -2.360857e+01
8.474565e-01 -3.187226e-01 -4.245390e-01 4.642752e+01 5.279181e-01 4.218305e-01 7.371306e-01 2.874161e-01 -5.585667e-02 -8.488079e-01 5.257425e-01 -2.324147e+01
7.681883e-01 5.882181e-01 -2.527572e-01 4.639572e+01 -5.884302e-01 4.931315e-01 -6.407583e-01 2.767608e-01 -2.522631e-01 6.409530e-01 7.249431e-01 -2.276058e+01
7.098937e-01 -5.842139e-01 -3.933766e-01 4.641813e+01 6.788586e-01 4.187810e-01 6.031364e-01 2.694481e-01 -1.876220e-01 -6.952098e-01 6.938886e-01 -2.255257e+01
7.640322e-01 5.970418e-01 -2.445321e-01 4.715208e+01 -6.121901e-01 5.512350e-01 -5.668891e-01 2.862977e-01 -2.036618e-01 5.828216e-01 7.866644e-01 -2.304842e+01
5.200310e-01 -7.418976e-01 -4.232679e-01 4.789503e+01 8.320848e-01 3.281211e-01 4.471816e-01 3.063549e-01 -1.928799e-01 -5.847431e-01 7.879549e-01 -2.360063e+01
6.551951e-01 6.901386e-01 -3.072917e-01 4.862016e+01 -7.540343e-01 5.724388e-01 -3.220962e-01 3.293064e-01 -4.638536e-02 4.427443e-01 8.954473e-01 -2.417914e+01
3.917847e-01 -9.010263e-01 -1.861620e-01 4.924204e+01 8.800394e-01 3.079681e-01 3.615056e-01 3.445101e-01 -2.683941e-01 -3.054622e-01 9.135959e-01 -2.463421e+01
4.204298e-01 8.036213e-01 -4.212263e-01 5.033622e+01 -8.467579e-01 5.142947e-01 1.360219e-01 3.755356e-01 3.259446e-01 2.994890e-01 8.966975e-01 -2.542052e+01
3.693029e-01 -9.283078e-01 -4.312739e-02 5.202662e+01 8.546382e-01 3.574895e-01 -3.765565e-01 4.290245e-01 3.649780e-01 1.022051e-01 9.253892e-01 -2.667570e+01
6.516012e-01 7.327577e-01 -1.961684e-01 5.420478e+01 -3.022343e-01 4.879793e-01 8.188594e-01 5.043111e-01 6.957516e-01 -4.742809e-01 5.394324e-01 -2.831759e+01
8.356732e-01 -5.491844e-01 -6.841964e-03 5.603464e+01 2.321122e-01 3.644318e-01 -9.018389e-01 5.690620e-01 4.977693e-01 7.520545e-01 4.320183e-01 -2.973796e+01
9.858001e-01 -5.016580e-03 -1.678482e-01 5.756014e+01 1.582150e-01 3.626861e-01 9.183827e-01 6.183819e-01 5.626907e-02 -9.318979e-01 3.583297e-01 -3.089075e+01
8.743001e-01 -1.091500e-01 -4.729542e-01 5.889539e+01 -3.772033e-01 4.604461e-01 -8.035590e-01 6.642659e-01 3.054784e-01 8.809516e-01 3.613963e-01 -3.195448e+01
8.278466e-01 -4.840445e-01 -2.834977e-01 6.040868e+01 4.911464e-01 3.812865e-01 7.831959e-01 7.132191e-01 -2.710078e-01 -7.876049e-01 5.533834e-01 -3.311535e+01
5.687066e-01 3.417963e-01 -7.481632e-01 6.187869e+01 -7.531365e-01 5.820642e-01 -3.065725e-01 7.701428e-01 3.306937e-01 7.378188e-01 5.884430e-01 -3.433274e+01
5.752388e-01 -8.003853e-01 -1.687708e-01 6.368777e+01 8.112976e-01 5.319298e-01 2.425839e-01 8.297247e-01 -1.043864e-01 -2.764670e-01 9.553374e-01 -3.569107e+01
-1.869731e-01 8.096474e-01 -5.563382e-01 6.657694e+01 -2.920459e-01 4.949083e-01 8.183978e-01 9.516750e-01 9.379500e-01 3.154946e-01 1.439197e-01 -3.794803e+01
1.260883e-01 -4.134403e-01 9.017588e-01 6.687365e+01 9.047553e-01 4.207261e-01 6.638809e-02 9.485218e-01 -4.068409e-01 8.075003e-01 4.271109e-01 -3.767572e+01
-5.265848e-02 9.458546e-01 -3.202908e-01 6.779084e+01 1.905813e-01 3.243594e-01 9.265364e-01 9.734979e-01 9.802581e-01 -1.225142e-02 -1.973424e-01 -3.814145e+01
7.788307e-01 1.687247e-01 6.041149e-01 6.961057e+01 5.026692e-01 4.081771e-01 -7.620467e-01 1.037643e+00 -3.751620e-01 8.971753e-01 2.330881e-01 -3.950297e+01
-4.651582e-01 5.403993e-01 -7.011394e-01 7.280280e+01 8.512934e-01 4.902735e-01 -1.868996e-01 1.165230e+00 2.427497e-01 -6.838132e-01 -6.880931e-01 -4.204123e+01
2.062887e-01 8.301973e-01 5.178971e-01 7.601287e+01 -7.665363e-01 4.660792e-01 -4.418057e-01 1.295301e+00 -6.081669e-01 -3.058474e-01 7.325233e-01 -4.455963e+01
-5.349247e-01 -7.907800e-01 -2.975275e-01 7.928834e+01 -3.839167e-01 5.411881e-01 -7.481466e-01 1.424265e+00 7.526377e-01 -2.859763e-01 -5.930885e-01 -4.710309e+01
8.627751e-01 -3.796993e-01 3.338375e-01 8.278094e+01 -1.905751e-01 3.673551e-01 9.103468e-01 1.565719e+00 -4.682950e-01 -8.490457e-01 2.445836e-01 -4.985051e+01
-6.461449e-01 -1.221070e-01 -7.533835e-01 8.636694e+01 -7.563835e-01 2.342281e-01 6.107546e-01 1.707175e+00 1.018862e-01 9.644828e-01 -2.437050e-01 -5.263292e+01
-4.117204e-01 -6.685781e-01 6.192654e-01 8.825436e+01 7.773604e-01 9.698178e-02 6.215347e-01 1.785830e+00 -4.756020e-01 7.372909e-01 4.797967e-01 -5.417122e+01
-4.881704e-01 8.480383e-01 -2.062054e-01 8.925534e+01 -2.109029e-01 1.146406e-01 9.707613e-01 1.824884e+00 8.468823e-01 5.173863e-01 1.228896e-01 -5.495609e+01
-7.858512e-01 -1.532933e-01 5.991153e-01 8.940518e+01 6.090843e-01 -2.419613e-02 7.927363e-01 1.824304e+00 -1.070249e-01 9.878845e-01 1.123831e-01 -5.507915e+01
-6.389618e-01 7.396359e-01 -2.113445e-01 8.952821e+01 -3.706008e-01 -5.523258e-02 9.271485e-01 1.820978e+00 6.740793e-01 6.707370e-01 3.094012e-01 -5.512951e+01
-5.734882e-01 -4.193011e-01 7.037740e-01 8.958814e+01 8.079620e-01 -1.476040e-01 5.704476e-01 1.814281e+00 -1.353094e-01 8.957676e-01 4.234285e-01 -5.494787e+01
-4.328835e-01 9.004542e-01 4.235753e-02 9.010462e+01 -2.285359e-01 -1.550767e-01 9.611049e-01 1.825540e+00 8.719995e-01 4.063662e-01 2.729163e-01 -5.519952e+01
-2.400672e-01 -3.373659e-01 9.102483e-01 9.021917e+01 9.531886e-01 -2.594998e-01 1.552136e-01 1.819164e+00 1.838455e-01 9.049000e-01 3.838707e-01 -5.495490e+01
-1.761847e-01 9.162430e-01 3.598022e-01 9.024110e+01 -9.755117e-02 -3.799727e-01 9.198394e-01 1.809272e+00 9.795115e-01 1.269625e-01 1.563259e-01 -5.457988e+01
-9.650932e-02 -1.803459e-01 9.788571e-01 9.023590e+01 9.118112e-01 -4.103610e-01 1.429356e-02 1.800915e+00 3.991070e-01 8.939123e-01 2.040451e-01 -5.439732e+01
-3.948762e-02 9.008560e-01 4.323184e-01 9.051418e+01 -5.240896e-01 -3.870404e-01 7.586368e-01 1.803039e+00 8.507472e-01 -1.966168e-01 4.874125e-01 -5.459256e+01
-1.773720e-01 -5.824802e-01 7.932566e-01 9.068329e+01 8.450837e-01 -5.032242e-01 -1.805518e-01 1.802247e+00 5.043537e-01 6.383434e-01 5.815024e-01 -5.466690e+01
5.275183e-03 8.195240e-01 5.730206e-01 9.121636e+01 -6.571181e-01 -4.290964e-01 6.197355e-01 1.813225e+00 7.537692e-01 -3.798114e-01 5.362605e-01 -5.501863e+01
2.664171e-02 -6.974846e-01 7.161044e-01 9.171259e+01 6.212779e-01 -5.496535e-01 -5.584755e-01 1.827467e+00 7.831373e-01 4.597785e-01 4.186880e-01 -5.536545e+01
4.016123e-01 5.014946e-01 7.662968e-01 9.262435e+01 -5.561961e-01 -5.311871e-01 6.391292e-01 1.850740e+00 7.275668e-01 -6.828934e-01 6.559800e-02 -5.593026e+01
3.756950e-01 -6.896577e-01 6.190521e-01 9.321235e+01 2.676153e-01 -5.587945e-01 -7.849399e-01 1.869293e+00 8.872628e-01 4.605658e-01 -2.537330e-02 -5.642240e+01
2.918145e-01 1.677095e-01 9.416569e-01 9.343428e+01 -8.162199e-01 -4.695774e-01 3.365742e-01 1.871809e+00 4.986275e-01 -8.668163e-01 -1.417196e-04 -5.658333e+01
5.974898e-02 -8.669597e-01 4.947837e-01 9.358209e+01 2.830756e-01 -4.606052e-01 -8.412556e-01 1.870698e+00 9.572347e-01 1.903254e-01 2.178944e-01 -5.669631e+01
-1.892844e-01 2.452023e-01 9.508140e-01 9.388427e+01 -9.482159e-01 -2.971762e-01 -1.121293e-01 1.874175e+00 2.550649e-01 -9.228012e-01 2.887555e-01 -5.693127e+01
-3.618580e-01 -8.929563e-01 2.677457e-01 9.427300e+01 1.052742e-01 -3.245136e-01 -9.400044e-01 1.884365e+00 9.262700e-01 -3.119614e-01 2.114332e-01 -5.723285e+01
-5.171614e-01 6.979332e-02 8.530375e-01 9.429635e+01 -8.381361e-01 -2.432339e-01 -4.882265e-01 1.878356e+00 1.734127e-01 -9.674534e-01 1.842875e-01 -5.719776e+01
-5.513948e-01 -8.305747e-01 7.816281e-02 9.429071e+01 1.301914e-01 -1.782166e-01 -9.753405e-01 1.871431e+00 8.240231e-01 -5.276215e-01 2.064014e-01 -5.708851e+01
-6.375149e-01 9.952253e-02 7.639830e-01 9.429864e+01 -7.703614e-01 -9.632711e-02 -6.302892e-01 1.865059e+00 1.086430e-02 -9.903617e-01 1.380783e-01 -5.701827e+01
-7.653130e-01 -6.116912e-01 -2.003245e-01 9.451127e+01 3.093199e-01 -7.658290e-02 -9.478693e-01 1.864208e+00 5.644619e-01 -7.873811e-01 2.478181e-01 -5.713658e+01
-7.678437e-01 4.472317e-01 4.586937e-01 9.498597e+01 -4.582847e-01 1.168515e-01 -8.810907e-01 1.873745e+00 -4.476507e-01 -8.867523e-01 1.152357e-01 -5.750121e+01
-6.921228e-01 -2.597059e-01 -6.734381e-01 9.523910e+01 6.920670e-01 2.616485e-02 -7.213589e-01 1.877119e+00 2.049615e-01 -9.653332e-01 1.616246e-01 -5.772919e+01
-4.863705e-01 7.423809e-01 4.607757e-01 9.626333e+01 -5.849476e-01 1.150880e-01 -8.028643e-01 1.906803e+00 -6.490609e-01 -6.600192e-01 3.782785e-01 -5.850175e+01
