9.999413e-01 6.457758e-04 -1.081858e-02 -9.135526e-02 -6.477519e-04 9.999998e-01 -1.791546e-04 -1.506430e-03 1.081846e-02 1.861511e-04 9.999415e-01 5.258333e-01
9.999999e-01 2.754776e-04 -3.552400e-04 -2.240878e-01 -2.754920e-04 1.000000e+00 -4.069874e-05 -9.388831e-04 3.552291e-04 4.079732e-05 9.999999e-01 1.186503e+00
9.999463e-01 5.149023e-04 -1.035317e-02 -3.473857e-01 -5.172284e-04 9.999998e-01 -2.219947e-04 -1.242726e-03 1.035305e-02 2.273370e-04 9.999464e-01 1.803228e+00
1.000000e+00 1.263580e-04 -5.672141e-05 -4.508255e-01 -1.263558e-04 1.000000e+00 3.860176e-05 -2.786417e-03 5.672663e-05 -3.859388e-05 1.000000e+00 2.335335e+00
9.999485e-01 5.840758e-04 -1.012823e-02 -5.597103e-01 -5.866716e-04 9.999998e-01 -2.533251e-04 -3.631642e-03 1.012808e-02 2.592533e-04 9.999487e-01 2.854885e+00
9.999990e-01 -4.940921e-04 1.303212e-03 -6.296563e-01 4.939271e-04 9.999999e-01 1.269500e-04 -8.259030e-03 -1.303275e-03 -1.263054e-04 9.999991e-01 3.191459e+00
9.999364e-01 9.470078e-04 -1.123387e-02 -7.079420e-01 -9.497291e-04 9.999995e-01 -2.369116e-04 -1.077943e-02 1.123364e-02 2.475650e-04 9.999369e-01 3.587950e+00
9.999985e-01 -5.614848e-04 1.655041e-03 -8.010129e-01 5.613536e-04 9.999998e-01 7.976542e-05 -1.347530e-02 -1.655085e-03 -7.883552e-05 9.999986e-01 4.045435e+00
9.999302e-01 1.182057e-03 -1.175619e-02 -9.064332e-01 -1.185192e-03 9.999993e-01 -2.597827e-04 -1.434341e-02 1.175587e-02 2.736972e-04 9.999309e-01 4.554543e+00
9.999992e-01 -4.217951e-04 1.214246e-03 -1.032043e+00 4.218163e-04 9.999999e-01 -1.715789e-05 -1.414899e-02 -1.214238e-03 1.767078e-05 9.999993e-01 5.158544e+00
9.999364e-01 1.132954e-03 -1.122216e-02 -1.172065e+00 -1.136297e-03 9.999993e-01 -2.914740e-04 -1.385534e-02 1.122182e-02 3.042065e-04 9.999370e-01 5.768431e+00
1.000000e+00 -1.964209e-04 -6.444504e-05 -1.303536e+00 1.964267e-04 1.000000e+00 8.884649e-05 -1.319472e-02 6.442793e-05 -8.885844e-05 1.000000e+00 6.406322e+00
9.999523e-01 8.142839e-04 -9.736267e-03 -1.436290e+00 -8.181180e-04 9.999996e-01 -3.898158e-04 -1.367361e-02 9.735945e-03 3.977619e-04 9.999525e-01 7.009161e+00
9.999997e-01 -1.023271e-04 -7.686778e-04 -1.551474e+00 1.024826e-04 1.000000e+00 2.022627e-04 -1.380750e-02 7.686574e-04 -2.023407e-04 9.999997e-01 7.570714e+00
9.999529e-01 8.780331e-04 -9.662426e-03 -1.680958e+00 -8.820777e-04 9.999995e-01 -4.143253e-04 -1.340140e-02 9.662058e-03 4.228281e-04 9.999532e-01 8.182420e+00
9.999998e-01 -5.160604e-04 2.499832e-04 -1.777930e+00 5.160051e-04 9.999998e-01 2.213404e-04 -1.592450e-02 -2.500970e-04 -2.212107e-04 9.999999e-01 8.656651e+00
9.999544e-01 8.384698e-04 -9.516411e-03 -1.851034e+00 -8.420175e-04 9.999996e-01 -3.687893e-04 -1.921924e-02 9.516098e-03 3.767847e-04 9.999546e-01 9.044690e+00
9.999998e-01 -5.060682e-04 -3.295326e-04 -1.921473e+00 5.061544e-04 9.999998e-01 2.615131e-04 -2.283067e-02 3.294005e-04 -2.616791e-04 9.999999e-01 9.454442e+00
9.999437e-01 1.290738e-03 -1.053523e-02 -2.030212e+00 -1.295839e-03 9.999990e-01 -4.773974e-04 -2.322217e-02 1.053461e-02 4.910218e-04 9.999444e-01 1.000920e+01
9.999968e-01 -1.188519e-03 2.246560e-03 -2.108756e+00 1.187989e-03 9.999993e-01 2.373210e-04 -2.729372e-02 -2.246840e-03 -2.346507e-04 9.999974e-01 1.039552e+01
9.999263e-01 1.500939e-03 -1.204675e-02 -2.164057e+00 -1.505366e-03 9.999988e-01 -3.584019e-04 -3.071680e-02 1.204620e-02 3.765095e-04 9.999274e-01 1.074737e+01
9.999968e-01 -1.099749e-03 2.263321e-03 -2.244127e+00 1.099246e-03 9.999994e-01 2.235212e-04 -3.387638e-02 -2.263565e-03 -2.210319e-04 9.999974e-01 1.120205e+01
9.999235e-01 1.484055e-03 -1.228075e-02 -2.315783e+00 -1.488478e-03 9.999988e-01 -3.510348e-04 -3.710793e-02 1.228022e-02 3.692869e-04 9.999245e-01 1.162372e+01
9.999964e-01 -1.044198e-03 2.491441e-03 -2.400819e+00 1.043740e-03 9.999994e-01 1.849464e-04 -3.978840e-02 -2.491633e-03 -1.823446e-04 9.999969e-01 1.207622e+01
9.999427e-01 8.322716e-04 -1.067416e-02 -2.439024e+00 -8.363711e-04 9.999996e-01 -3.795931e-04 -4.599079e-02 1.067384e-02 3.884982e-04 9.999430e-01 1.237319e+01
9.999956e-01 -1.203911e-03 2.722425e-03 -2.428010e+00 1.203181e-03 9.999992e-01 2.696106e-04 -5.445103e-02 -2.722747e-03 -2.663331e-04 9.999963e-01 1.252567e+01
9.999418e-01 9.036020e-04 -1.075050e-02 -2.416352e+00 -9.069644e-04 9.999995e-01 -3.078861e-04 -6.300637e-02 1.075022e-02 3.176178e-04 9.999422e-01 1.267259e+01
9.999964e-01 -1.125740e-03 2.431451e-03 -2.437200e+00 1.125782e-03 9.999994e-01 -1.616883e-05 -6.926201e-02 -2.431431e-03 1.890676e-05 9.999970e-01 1.301595e+01
9.999489e-01 9.358638e-04 -1.007060e-02 -2.489768e+00 -9.419774e-04 9.999994e-01 -6.023297e-04 -7.417646e-02 1.007003e-02 6.117845e-04 9.999491e-01 1.348538e+01
9.999948e-01 -1.276846e-03 2.951970e-03 -2.511635e+00 1.275947e-03 9.999991e-01 3.064360e-04 -8.123672e-02 -2.952358e-03 -3.026672e-04 9.999956e-01 1.376420e+01
9.999425e-01 8.654990e-04 -1.068697e-02 -2.495031e+00 -8.698082e-04 9.999995e-01 -3.985676e-04 -8.968803e-02 1.068662e-02 4.078396e-04 9.999428e-01 1.392155e+01
9.999958e-01 -1.264562e-03 2.605901e-03 -2.463915e+00 1.263730e-03 9.999992e-01 3.205898e-04 -9.880775e-02 -2.606304e-03 -3.172946e-04 9.999966e-01 1.406337e+01
9.999420e-01 8.420344e-04 -1.073454e-02 -2.435208e+00 -8.451849e-04 9.999996e-01 -2.889431e-04 -1.081767e-01 1.073429e-02 2.979983e-04 9.999423e-01 1.416724e+01
9.999959e-01 -1.236583e-03 2.577174e-03 -2.405967e+00 1.235794e-03 9.999992e-01 3.079666e-04 -1.178516e-01 -2.577552e-03 -3.047797e-04 9.999966e-01 1.424440e+01
9.999409e-01 7.377963e-04 -1.084831e-02 -2.382157e+00 -7.400322e-04 9.999997e-01 -2.020812e-04 -1.273874e-01 1.084816e-02 2.100966e-04 9.999411e-01 1.431654e+01
9.999953e-01 -1.037317e-03 2.886821e-03 -2.377536e+00 1.036797e-03 9.999994e-01 1.816317e-04 -1.359387e-01 -2.887007e-03 -1.786371e-04 9.999958e-01 1.443284e+01
9.999402e-01 5.909222e-04 -1.092046e-02 -2.345089e+00 -5.928729e-04 9.999998e-01 -1.753794e-04 -1.456524e-01 1.092035e-02 1.818426e-04 9.999404e-01 1.448590e+01
9.999959e-01 -1.143462e-03 2.612675e-03 -2.322575e+00 1.142718e-03 9.999993e-01 2.864487e-04 -1.551023e-01 -2.613000e-03 -2.834612e-04 9.999965e-01 1.456225e+01
9.999397e-01 9.275654e-04 -1.094549e-02 -2.323259e+00 -9.304174e-04 9.999995e-01 -2.554611e-04 -1.632691e-01 1.094525e-02 2.656288e-04 9.999401e-01 1.470280e+01
9.999965e-01 -1.172175e-03 2.372287e-03 -2.319195e+00 1.171525e-03 9.999993e-01 2.756306e-04 -1.717406e-01 -2.372608e-03 -2.728497e-04 9.999971e-01 1.482659e+01
9.999435e-01 1.043993e-03 -1.058187e-02 -2.351476e+00 -1.046972e-03 9.999994e-01 -2.759611e-04 -1.783316e-01 1.058158e-02 2.870237e-04 9.999440e-01 1.503638e+01
9.999967e-01 -1.283390e-03 2.239312e-03 -2.356371e+00 1.282800e-03 9.999991e-01 2.651181e-04 -1.864845e-01 -2.239650e-03 -2.622439e-04 9.999975e-01 1.518335e+01
9.999432e-01 1.053411e-03 -1.060638e-02 -2.365477e+00 -1.056092e-03 9.999994e-01 -2.471371e-04 -1.944828e-01 1.060611e-02 2.583237e-04 9.999437e-01 1.533396e+01
9.999963e-01 -1.337819e-03 2.358117e-03 -2.371003e+00 1.337143e-03 9.999991e-01 2.880759e-04 -2.027726e-01 -2.358500e-03 -2.849210e-04 9.999972e-01 1.546213e+01
9.999416e-01 1.048352e-03 -1.075557e-02 -2.367993e+00 -1.050643e-03 9.999994e-01 -2.073830e-04 -2.116202e-01 1.075535e-02 2.186705e-04 9.999421e-01 1.556643e+01
9.999963e-01 -1.387486e-03 2.342378e-03 -2.352301e+00 1.386813e-03 9.999990e-01 2.889048e-04 -2.210513e-01 -2.342776e-03 -2.856546e-04 9.999972e-01 1.563578e+01
9.999461e-01 1.158954e-03 -1.031519e-02 -2.293117e+00 -1.160704e-03 9.999993e-01 -1.636365e-04 -2.317932e-01 1.031499e-02 1.755998e-04 9.999468e-01 1.565527e+01
9.999969e-01 -1.440755e-03 2.039423e-03 -2.188858e+00 1.439979e-03 9.999989e-01 3.822488e-04 -2.432313e-01 -2.039971e-03 -3.793102e-04 9.999978e-01 1.564728e+01
9.999454e-01 1.511368e-03 -1.034338e-02 -2.043035e+00 -1.511816e-03 9.999989e-01 -3.551264e-05 -2.554732e-01 1.034331e-02 5.114729e-05 9.999465e-01 1.560590e+01
9.999968e-01 -1.608170e-03 1.971581e-03 -1.869414e+00 1.607283e-03 9.999986e-01 4.511569e-04 -2.680379e-01 -1.972303e-03 -4.479858e-04 9.999980e-01 1.554879e+01
9.999454e-01 1.560649e-03 -1.033713e-02 -1.716900e+00 -1.562136e-03 9.999988e-01 -1.357891e-04 -2.803746e-01 1.033691e-02 1.519290e-04 9.999466e-01 1.548185e+01
9.999966e-01 -1.915766e-03 1.791168e-03 -1.570796e+00 1.915013e-03 9.999981e-01 4.221998e-04 -2.924125e-01 -1.791973e-03 -4.187675e-04 9.999983e-01 1.543578e+01
9.999453e-01 1.816226e-03 -1.029591e-02 -1.364385e+00 -1.815260e-03 9.999983e-01 1.031491e-04 -3.059254e-01 1.029608e-02 -8.445442e-05 9.999470e-01 1.536355e+01
9.999967e-01 -1.718847e-03 1.918693e-03 -1.209686e+00 1.718253e-03 9.999985e-01 3.110041e-04 -3.188421e-01 -1.919224e-03 -3.077056e-04 9.999981e-01 1.530696e+01
9.999403e-01 1.547629e-03 -1.081721e-02 -9.508710e-01 -1.545674e-03 9.999988e-01 1.891543e-04 -3.326661e-01 1.081749e-02 -1.724238e-04 9.999415e-01 1.520573e+01
9.999964e-01 -1.640472e-03 2.107627e-03 -7.091112e-01 1.639936e-03 9.999986e-01 2.563211e-04 -3.462855e-01 -2.108044e-03 -2.528631e-04 9.999977e-01 1.508985e+01
9.999384e-01 1.258119e-03 -1.102949e-02 -4.276562e-01 -1.255444e-03 9.999992e-01 2.494649e-04 -3.606865e-01 1.102979e-02 -2.356033e-04 9.999391e-01 1.496806e+01
9.999958e-01 -1.351860e-03 2.557630e-03 -2.351241e-01 1.351847e-03 9.999991e-01 7.099928e-06 -3.736535e-01 -2.557637e-03 -3.641691e-06 9.999967e-01 1.489019e+01
9.999335e-01 6.716454e-04 -1.151353e-02 -3.794586e-02 -6.697024e-04 9.999998e-01 1.726358e-04 -3.867698e-01 1.151364e-02 -1.649144e-04 9.999337e-01 1.481471e+01
9.999936e-01 -8.121036e-04 3.491779e-03 9.968360e-02 8.114077e-04 9.999997e-01 2.007661e-04 -3.989901e-01 -3.491940e-03 -1.979309e-04 9.999939e-01 1.478622e+01
9.999330e-01 6.793672e-04 -1.155177e-02 2.633744e-01 -6.787126e-04 9.999998e-01 6.060666e-05 -4.115941e-01 1.155181e-02 -5.276295e-05 9.999333e-01 1.472163e+01
9.999930e-01 -1.307944e-03 3.507029e-03 3.911453e-01 1.307083e-03 9.999991e-01 2.478721e-04 -4.237190e-01 -3.507350e-03 -2.432857e-04 9.999938e-01 1.468865e+01
9.999331e-01 8.298763e-04 -1.153814e-02 4.627552e-01 -8.296159e-04 9.999997e-01 2.737689e-05 -4.349939e-01 1.153816e-02 -1.780351e-05 9.999334e-01 1.468249e+01
9.999934e-01 -7.613980e-04 3.541290e-03 6.072736e-01 7.600527e-04 9.999996e-01 3.812811e-04 -4.471742e-01 -3.541579e-03 -3.785864e-04 9.999937e-01 1.464376e+01
9.999193e-01 8.421896e-05 -1.270116e-02 7.234754e-01 -8.641170e-05 1.000000e+00 -1.720749e-04 -4.587806e-01 1.270115e-02 1.731579e-04 9.999193e-01 1.466860e+01
9.999914e-01 -5.354890e-04 4.109421e-03 7.585934e-01 5.350562e-04 9.999999e-01 1.064692e-04 -4.683183e-01 -4.109477e-03 -1.042689e-04 9.999916e-01 1.476786e+01
9.999284e-01 4.877155e-04 -1.195825e-02 8.472502e-01 -4.871676e-04 9.999999e-01 4.874991e-05 -4.792887e-01 1.195827e-02 -4.292142e-05 9.999285e-01 1.477996e+01
9.999938e-01 -8.610369e-04 3.408986e-03 1.037019e+00 8.600977e-04 9.999996e-01 2.770354e-04 -4.926705e-01 -3.409223e-03 -2.741010e-04 9.999942e-01 1.471446e+01
9.999319e-01 5.818894e-04 -1.165483e-02 1.188502e+00 -5.807592e-04 9.999998e-01 1.003760e-04 -5.048362e-01 1.165489e-02 -9.360119e-05 9.999321e-01 1.464499e+01
9.999930e-01 -5.860204e-04 3.700960e-03 1.354158e+00 5.851537e-04 9.999998e-01 2.353152e-04 -5.168711e-01 -3.701097e-03 -2.331473e-04 9.999931e-01 1.457969e+01
9.999310e-01 2.557674e-04 -1.174435e-02 1.469343e+00 -2.557736e-04 1.000000e+00 1.001519e-06 -5.279086e-01 1.174435e-02 2.001773e-06 9.999310e-01 1.456139e+01
9.999926e-01 -6.979778e-04 3.777572e-03 1.484190e+00 6.979943e-04 9.999998e-01 -2.986172e-06 -5.369693e-01 -3.777569e-03 5.623543e-06 9.999929e-01 1.464944e+01
9.999297e-01 2.973102e-04 -1.185298e-02 1.494750e+00 -2.982297e-04 1.000000e+00 -7.578524e-05 -5.458837e-01 1.185295e-02 7.931415e-05 9.999297e-01 1.474043e+01
9.999920e-01 -4.684818e-04 3.978345e-03 1.549087e+00 4.674663e-04 9.999999e-01 2.562481e-04 -5.561676e-01 -3.978464e-03 -2.543857e-04 9.999921e-01 1.475837e+01
9.999654e-01 -3.778238e-04 -8.310436e-03 1.318385e+00 3.575464e-04 9.999970e-01 -2.441305e-03 -5.464338e-01 8.311333e-03 2.438249e-03 9.999625e-01 1.550683e+01
9.999904e-01 1.166758e-03 4.219588e-03 1.176694e+00 -1.174372e-03 9.999977e-01 1.802381e-03 -5.504741e-01 -4.217475e-03 -1.807318e-03 9.999895e-01 1.602401e+01
9.999253e-01 -1.313840e-03 -1.215049e-02 1.251588e+00 1.294134e-03 9.999978e-01 -1.629554e-03 -5.609088e-01 1.215261e-02 1.613707e-03 9.999249e-01 1.603683e+01
9.999890e-01 1.417680e-03 4.466486e-03 1.354345e+00 -1.426468e-03 9.999971e-01 1.965027e-03 -5.719749e-01 -4.463687e-03 -1.971376e-03 9.999881e-01 1.602144e+01
9.999133e-01 -1.725406e-03 -1.305049e-02 1.542778e+00 1.700846e-03 9.999968e-01 -1.892785e-03 -5.846918e-01 1.305372e-02 1.870424e-03 9.999130e-01 1.594798e+01
9.999884e-01 1.435708e-03 4.594181e-03 1.740049e+00 -1.446051e-03 9.999964e-01 2.248813e-03 -5.977313e-01 -4.590935e-03 -2.255430e-03 9.999869e-01 1.587173e+01
9.999107e-01 -2.107163e-03 -1.319714e-02 1.826199e+00 2.080049e-03 9.999957e-01 -2.067895e-03 -6.087746e-01 1.320144e-02 2.040259e-03 9.999108e-01 1.589754e+01
9.999856e-01 1.661803e-03 5.103096e-03 1.859012e+00 -1.671734e-03 9.999967e-01 1.942415e-03 -6.181366e-01 -5.099851e-03 -1.950917e-03 9.999851e-01 1.600275e+01
9.999035e-01 -2.209994e-03 -1.371850e-02 1.895702e+00 2.182567e-03 9.999956e-01 -2.013867e-03 -6.277114e-01 1.372289e-02 1.983731e-03 9.999039e-01 1.609245e+01
9.999820e-01 1.846607e-03 5.708391e-03 1.905259e+00 -1.857453e-03 9.999965e-01 1.895312e-03 -6.363365e-01 -5.704871e-03 -1.905880e-03 9.999819e-01 1.620597e+01
9.999039e-01 -2.255155e-03 -1.367890e-02 1.917338e+00 2.227240e-03 9.999954e-01 -2.055559e-03 -6.452357e-01 1.368347e-02 2.024895e-03 9.999043e-01 1.630985e+01
9.999842e-01 1.969579e-03 5.259711e-03 1.901668e+00 -1.979619e-03 9.999962e-01 1.904535e-03 -6.519118e-01 -5.255940e-03 -1.914916e-03 9.999844e-01 1.651768e+01
9.999174e-01 -2.092761e-03 -1.268017e-02 1.855310e+00 2.065890e-03 9.999956e-01 -2.131879e-03 -6.572365e-01 1.268458e-02 2.105507e-03 9.999173e-01 1.679568e+01
9.999866e-01 1.738864e-03 4.870568e-03 1.852344e+00 -1.748732e-03 9.999964e-01 2.022472e-03 -6.653148e-01 -4.867033e-03 -2.030962e-03 9.999861e-01 1.694189e+01
9.999119e-01 -1.862820e-03 -1.314217e-02 1.828439e+00 1.833767e-03 9.999958e-01 -2.222350e-03 -6.719033e-01 1.314625e-02 2.198054e-03 9.999112e-01 1.717894e+01
9.999818e-01 1.594675e-03 5.816961e-03 1.797547e+00 -1.606249e-03 9.999967e-01 1.985624e-03 -6.784778e-01 -5.813775e-03 -1.994930e-03 9.999811e-01 1.740061e+01
9.999094e-01 -1.980052e-03 -1.331546e-02 1.800096e+00 1.952014e-03 9.999959e-01 -2.118318e-03 -6.870970e-01 1.331960e-02 2.092133e-03 9.999091e-01 1.751322e+01
9.999861e-01 1.216627e-03 5.125147e-03 1.831859e+00 -1.227559e-03 9.999970e-01 2.130361e-03 -6.968457e-01 -5.122539e-03 -2.136623e-03 9.999846e-01 1.755097e+01
9.999155e-01 -1.899598e-03 -1.286364e-02 1.897469e+00 1.876391e-03 9.999966e-01 -1.815930e-03 -7.079171e-01 1.286705e-02 1.791639e-03 9.999156e-01 1.754738e+01
9.999890e-01 1.272215e-03 4.517267e-03 1.920692e+00 -1.281761e-03 9.999969e-01 2.111190e-03 -7.178380e-01 -4.514567e-03 -2.116956e-03 9.999876e-01 1.759227e+01
9.999189e-01 -1.482441e-03 -1.264674e-02 1.905035e+00 1.454498e-03 9.999965e-01 -2.218432e-03 -7.254365e-01 1.264999e-02 2.199857e-03 9.999176e-01 1.774966e+01
9.999927e-01 1.503380e-03 3.523471e-03 1.863194e+00 -1.510858e-03 9.999966e-01 2.120736e-03 -7.314505e-01 -3.520271e-03 -2.126043e-03 9.999915e-01 1.801180e+01
9.999400e-01 -2.001210e-03 -1.076825e-02 1.828030e+00 1.972909e-03 9.999946e-01 -2.638127e-03 -7.376804e-01 1.077347e-02 2.616724e-03 9.999385e-01 1.825949e+01
9.999958e-01 1.745095e-03 2.301847e-03 1.804917e+00 -1.751117e-03 9.999950e-01 2.616987e-03 -7.447827e-01 -2.297268e-03 -2.621006e-03 9.999939e-01 1.844800e+01
9.999419e-01 -2.247504e-03 -1.053814e-02 1.815043e+00 2.217834e-03 9.999935e-01 -2.826256e-03 -7.529574e-01 1.054443e-02 2.802720e-03 9.999405e-01 1.860315e+01
9.999949e-01 1.674903e-03 2.703186e-03 1.858873e+00 -1.682203e-03 9.999949e-01 2.700607e-03 -7.626461e-01 -2.698649e-03 -2.705140e-03 9.999927e-01 1.864807e+01
9.999172e-01 -2.975772e-03 -1.252341e-02 1.964405e+00 2.943188e-03 9.999922e-01 -2.619440e-03 -7.740723e-01 1.253110e-02 2.582364e-03 9.999181e-01 1.862429e+01
9.999909e-01 2.067945e-03 3.735009e-03 2.041778e+00 -2.079175e-03 9.999933e-01 3.005350e-03 -7.855186e-01 -3.728769e-03 -3.013088e-03 9.999885e-01 1.867032e+01
9.999332e-01 -2.545461e-03 -1.127613e-02 2.055391e+00 2.510228e-03 9.999919e-01 -3.137600e-03 -7.942540e-01 1.128403e-02 3.109084e-03 9.999315e-01 1.875771e+01
9.999918e-01 2.174050e-03 3.411203e-03 2.130622e+00 -2.185859e-03 9.999916e-01 3.461845e-03 -8.047214e-01 -3.403648e-03 -3.469272e-03 9.999882e-01 1.876443e+01
9.999366e-01 -2.315928e-03 -1.102011e-02 2.183870e+00 2.279308e-03 9.999918e-01 -3.334365e-03 -8.146675e-01 1.102775e-02 3.309034e-03 9.999337e-01 1.879141e+01
9.999926e-01 2.111447e-03 3.208496e-03 2.269179e+00 -2.122953e-03 9.999913e-01 3.587017e-03 -8.253483e-01 -3.200894e-03 -3.593802e-03 9.999884e-01 1.878707e+01
9.999300e-01 -2.812679e-03 -1.149407e-02 2.279479e+00 2.772743e-03 9.999901e-01 -3.488934e-03 -8.339457e-01 1.150377e-02 3.456819e-03 9.999279e-01 1.889590e+01
9.999900e-01 2.580521e-03 3.641916e-03 2.252257e+00 -2.592696e-03 9.999911e-01 3.342470e-03 -8.408428e-01 -3.633258e-03 -3.351879e-03 9.999878e-01 1.910091e+01
9.999352e-01 -3.001131e-03 -1.098079e-02 2.236285e+00 2.962873e-03 9.999895e-01 -3.498661e-03 -8.485524e-01 1.099118e-02 3.465899e-03 9.999336e-01 1.925698e+01
9.999891e-01 3.042751e-03 3.539392e-03 2.293039e+00 -3.056061e-03 9.999883e-01 3.761261e-03 -8.588018e-01 -3.527906e-03 -3.772036e-03 9.999867e-01 1.926772e+01
9.999280e-01 -3.430762e-03 -1.150008e-02 2.374063e+00 3.389615e-03 9.999878e-01 -3.595601e-03 -8.696360e-01 1.151228e-02 3.556361e-03 9.999274e-01 1.925353e+01
9.999907e-01 2.737748e-03 3.344664e-03 2.393811e+00 -2.750161e-03 9.999893e-01 3.712385e-03 -8.788933e-01 -3.334465e-03 -3.721548e-03 9.999875e-01 1.932956e+01
9.999321e-01 -3.074011e-03 -1.124198e-02 2.391063e+00 3.031893e-03 9.999883e-01 -3.761612e-03 -8.871981e-01 1.125341e-02 3.727271e-03 9.999297e-01 1.946006e+01
9.999919e-01 2.813387e-03 2.862206e-03 2.391931e+00 -2.824076e-03 9.999890e-01 3.737720e-03 -8.952268e-01 -2.851659e-03 -3.745772e-03 9.999889e-01 1.963450e+01
9.999352e-01 -3.072809e-03 -1.096444e-02 2.391096e+00 3.030486e-03 9.999879e-01 -3.874470e-03 -9.029874e-01 1.097622e-02 3.840990e-03 9.999324e-01 1.984257e+01
9.999923e-01 2.836064e-03 2.707150e-03 2.382890e+00 -2.846141e-03 9.999890e-01 3.725815e-03 -9.104111e-01 -2.696554e-03 -3.733490e-03 9.999894e-01 2.007553e+01
9.999387e-01 -3.146428e-03 -1.061857e-02 2.372850e+00 3.105324e-03 9.999876e-01 -3.885181e-03 -9.179238e-01 1.063067e-02 3.851968e-03 9.999361e-01 2.029008e+01
9.999928e-01 2.916190e-03 2.433097e-03 2.366252e+00 -2.925441e-03 9.999885e-01 3.807701e-03 -9.255309e-01 -2.421965e-03 -3.814791e-03 9.999898e-01 2.050724e+01
9.999449e-01 -3.276425e-03 -9.969385e-03 2.354077e+00 3.236680e-03 9.999868e-01 -4.000141e-03 -9.328867e-01 9.982359e-03 3.967652e-03 9.999423e-01 2.072027e+01
9.999935e-01 2.900229e-03 2.151584e-03 2.360772e+00 -2.908383e-03 9.999886e-01 3.796483e-03 -9.409038e-01 -2.140548e-03 -3.802715e-03 9.999905e-01 2.091449e+01
9.999453e-01 -3.279785e-03 -9.926935e-03 2.359428e+00 3.240102e-03 9.999867e-01 -4.010960e-03 -9.487808e-01 9.939958e-03 3.978575e-03 9.999427e-01 2.110484e+01
9.999934e-01 2.865650e-03 2.254339e-03 2.357992e+00 -2.874320e-03 9.999884e-01 3.852167e-03 -9.567628e-01 -2.243274e-03 -3.858620e-03 9.999900e-01 2.127201e+01
9.999450e-01 -3.423898e-03 -9.916707e-03 2.386803e+00 3.384952e-03 9.999865e-01 -3.941466e-03 -9.661745e-01 9.930068e-03 3.907681e-03 9.999431e-01 2.136738e+01
9.999932e-01 3.153978e-03 1.921909e-03 2.471020e+00 -3.161860e-03 9.999865e-01 4.111697e-03 -9.769156e-01 -1.908915e-03 -4.117745e-03 9.999897e-01 2.138583e+01
9.999395e-01 -3.725579e-03 -1.034554e-02 2.529133e+00 3.682960e-03 9.999847e-01 -4.135533e-03 -9.869932e-01 1.036079e-02 4.097180e-03 9.999379e-01 2.144755e+01
9.999926e-01 3.235172e-03 2.093288e-03 2.564319e+00 -3.243645e-03 9.999865e-01 4.057342e-03 -9.963479e-01 -2.080134e-03 -4.064101e-03 9.999896e-01 2.155431e+01
9.999420e-01 -3.697841e-03 -1.011687e-02 2.591731e+00 3.655423e-03 9.999845e-01 -4.208074e-03 -1.005446e+00 1.013227e-02 4.170848e-03 9.999400e-01 2.168075e+01
9.999929e-01 3.238335e-03 1.938106e-03 2.622381e+00 -3.246261e-03 9.999863e-01 4.101020e-03 -1.014419e+00 -1.924799e-03 -4.107281e-03 9.999897e-01 2.181638e+01
9.999450e-01 -3.637744e-03 -9.837319e-03 2.641574e+00 3.596123e-03 9.999845e-01 -4.245357e-03 -1.023010e+00 9.852610e-03 4.209746e-03 9.999426e-01 2.196961e+01
9.999931e-01 3.224528e-03 1.833452e-03 2.655390e+00 -3.232052e-03 9.999863e-01 4.116005e-03 -1.031200e+00 -1.820155e-03 -4.121902e-03 9.999898e-01 2.215058e+01
9.999391e-01 -3.389726e-03 -1.050445e-02 2.646263e+00 3.344842e-03 9.999852e-01 -4.287457e-03 -1.038074e+00 1.051883e-02 4.252059e-03 9.999356e-01 2.240728e+01
9.999916e-01 3.067641e-03 2.727764e-03 2.628273e+00 -3.078701e-03 9.999870e-01 4.059772e-03 -1.045209e+00 -2.715275e-03 -4.068135e-03 9.999880e-01 2.262715e+01
9.999350e-01 -3.472483e-03 -1.086403e-02 2.658214e+00 3.427400e-03 9.999855e-01 -4.165598e-03 -1.054275e+00 1.087834e-02 4.128091e-03 9.999323e-01 2.275569e+01
9.999917e-01 3.069096e-03 2.683653e-03 2.669705e+00 -3.080088e-03 9.999868e-01 4.101796e-03 -1.062599e+00 -2.671028e-03 -4.110027e-03 9.999880e-01 2.293346e+01
9.999359e-01 -3.328175e-03 -1.082565e-02 2.673207e+00 3.283212e-03 9.999859e-01 -4.168430e-03 -1.070603e+00 1.083937e-02 4.132619e-03 9.999327e-01 2.312604e+01
9.999914e-01 2.997243e-03 2.863604e-03 2.675470e+00 -3.008878e-03 9.999872e-01 4.067449e-03 -1.078564e+00 -2.851376e-03 -4.076030e-03 9.999876e-01 2.332578e+01
9.999373e-01 -3.448870e-03 -1.065437e-02 2.692331e+00 3.404552e-03 9.999855e-01 -4.174941e-03 -1.087258e+00 1.066862e-02 4.138406e-03 9.999345e-01 2.346600e+01
9.999923e-01 3.066549e-03 2.463827e-03 2.711891e+00 -3.076851e-03 9.999865e-01 4.188632e-03 -1.096256e+00 -2.450949e-03 -4.196179e-03 9.999882e-01 2.358782e+01
9.999404e-01 -3.396909e-03 -1.037226e-02 2.718203e+00 3.352649e-03 9.999852e-01 -4.281502e-03 -1.104481e+00 1.038665e-02 4.246472e-03 9.999370e-01 2.374413e+01
9.999927e-01 2.773152e-03 2.638814e-03 2.739368e+00 -2.784200e-03 9.999873e-01 4.192457e-03 -1.112759e+00 -2.627154e-03 -4.199772e-03 9.999877e-01 2.387995e+01
9.999395e-01 -3.377497e-03 -1.046538e-02 2.787156e+00 3.332526e-03 9.999852e-01 -4.311520e-03 -1.122741e+00 1.047979e-02 4.276382e-03 9.999359e-01 2.398513e+01
9.999924e-01 2.952641e-03 2.554990e-03 2.812167e+00 -2.963353e-03 9.999868e-01 4.199233e-03 -1.131556e+00 -2.542558e-03 -4.206772e-03 9.999879e-01 2.413572e+01
9.999407e-01 -3.445185e-03 -1.033060e-02 2.842091e+00 3.400242e-03 9.999847e-01 -4.364892e-03 -1.140500e+00 1.034548e-02 4.329506e-03 9.999371e-01 2.427607e+01
9.999933e-01 2.870097e-03 2.269423e-03 2.890121e+00 -2.879693e-03 9.999869e-01 4.236297e-03 -1.149879e+00 -2.257235e-03 -4.242803e-03 9.999885e-01 2.442182e+01
9.999406e-01 -3.443785e-03 -1.033648e-02 2.947197e+00 3.398580e-03 9.999846e-01 -4.387694e-03 -1.159723e+00 1.035143e-02 4.352304e-03 9.999370e-01 2.454661e+01
9.999934e-01 2.882540e-03 2.229167e-03 2.988378e+00 -2.892150e-03 9.999865e-01 4.320239e-03 -1.169134e+00 -2.216684e-03 -4.326657e-03 9.999882e-01 2.468348e+01
9.999425e-01 -3.301888e-03 -1.020624e-02 3.009487e+00 3.256716e-03 9.999848e-01 -4.439338e-03 -1.178024e+00 1.022075e-02 4.405844e-03 9.999381e-01 2.482203e+01
9.999927e-01 2.794102e-03 2.606269e-03 3.019987e+00 -2.805307e-03 9.999868e-01 4.305775e-03 -1.186542e+00 -2.594204e-03 -4.313054e-03 9.999873e-01 2.496473e+01
9.999386e-01 -3.232139e-03 -1.059630e-02 3.068282e+00 3.186279e-03 9.999855e-01 -4.341860e-03 -1.196435e+00 1.061018e-02 4.307830e-03 9.999344e-01 2.504194e+01
9.999937e-01 2.802106e-03 2.182909e-03 3.097232e+00 -2.811497e-03 9.999868e-01 4.311273e-03 -1.205853e+00 -2.170799e-03 -4.317383e-03 9.999883e-01 2.512825e+01
9.999434e-01 -3.266718e-03 -1.012433e-02 3.109126e+00 3.222504e-03 9.999852e-01 -4.380262e-03 -1.214784e+00 1.013849e-02 4.347387e-03 9.999392e-01 2.523759e+01
9.999939e-01 2.875709e-03 1.987229e-03 3.150307e+00 -2.884784e-03 9.999854e-01 4.579432e-03 -1.224720e+00 -1.974030e-03 -4.585136e-03 9.999875e-01 2.528278e+01
9.999472e-01 -3.281970e-03 -9.739244e-03 3.161354e+00 3.236994e-03 9.999840e-01 -4.630174e-03 -1.233713e+00 9.754285e-03 4.598403e-03 9.999419e-01 2.536951e+01
9.999949e-01 2.823609e-03 1.491653e-03 3.193203e+00 -2.830438e-03 9.999854e-01 4.596467e-03 -1.243121e+00 -1.478653e-03 -4.600665e-03 9.999883e-01 2.547421e+01
9.999488e-01 -3.288656e-03 -9.567534e-03 3.225553e+00 3.243270e-03 9.999834e-01 -4.755363e-03 -1.252341e+00 9.583014e-03 4.724089e-03 9.999429e-01 2.559680e+01
9.999953e-01 2.869299e-03 1.108084e-03 3.226373e+00 -2.874439e-03 9.999850e-01 4.665693e-03 -1.260010e+00 -1.094680e-03 -4.668856e-03 9.999885e-01 2.578090e+01
9.999581e-01 -3.217279e-03 -8.571152e-03 3.218176e+00 3.176320e-03 9.999835e-01 -4.788053e-03 -1.267827e+00 8.586414e-03 4.760627e-03 9.999518e-01 2.594155e+01
9.999960e-01 2.823470e-03 2.776550e-04 3.221389e+00 -2.824712e-03 9.999855e-01 4.581626e-03 -1.275835e+00 -2.647148e-04 -4.582391e-03 9.999895e-01 2.609188e+01
9.999531e-01 -3.495308e-03 -9.026819e-03 3.293464e+00 3.452082e-03 9.999825e-01 -4.799624e-03 -1.285548e+00 9.043437e-03 4.768238e-03 9.999477e-01 2.622039e+01
9.999944e-01 2.975888e-03 1.499625e-03 3.317480e+00 -2.983032e-03 9.999841e-01 4.784462e-03 -1.294500e+00 -1.485364e-03 -4.788908e-03 9.999874e-01 2.635639e+01
9.999449e-01 -3.630049e-03 -9.847541e-03 3.388306e+00 3.583129e-03 9.999822e-01 -4.778108e-03 -1.304965e+00 9.864710e-03 4.742560e-03 9.999401e-01 2.641550e+01
9.999950e-01 2.799280e-03 1.481028e-03 3.457425e+00 -2.806439e-03 9.999843e-01 4.853943e-03 -1.315824e+00 -1.467417e-03 -4.858075e-03 9.999871e-01 2.645918e+01
9.999523e-01 -3.291420e-03 -9.199665e-03 3.496091e+00 3.246187e-03 9.999826e-01 -4.927359e-03 -1.325138e+00 9.215723e-03 4.897260e-03 9.999455e-01 2.654560e+01
9.999874e-01 4.973239e-03 -6.573405e-04 3.652640e+00 -4.969151e-03 9.999692e-01 6.081073e-03 -1.335209e+00 6.875629e-04 -6.077730e-03 9.999813e-01 2.663798e+01
9.999325e-01 -6.158850e-03 -9.855871e-03 3.937580e+00 6.099650e-03 9.999632e-01 -6.025353e-03 -1.349458e+00 9.892617e-03 5.964828e-03 9.999333e-01 2.669782e+01
9.999820e-01 5.836230e-03 1.414649e-03 3.949124e+00 -5.844463e-03 9.999656e-01 5.887161e-03 -1.357578e+00 -1.380241e-03 -5.895322e-03 9.999817e-01 2.686529e+01
9.999311e-01 -6.124901e-03 -1.001263e-02 3.966823e+00 6.064329e-03 9.999632e-01 -6.068718e-03 -1.366154e+00 1.004943e-02 6.007580e-03 9.999315e-01 2.699719e+01
9.999830e-01 5.664723e-03 1.365849e-03 4.014594e+00 -5.672639e-03 9.999667e-01 5.863810e-03 -1.375831e+00 -1.332586e-03 -5.871458e-03 9.999819e-01 2.710516e+01
9.999678e-01 -6.057780e-03 -5.261347e-03 3.680737e+00 6.011356e-03 9.999433e-01 -8.794998e-03 -1.358706e+00 5.314326e-03 8.763087e-03 9.999475e-01 2.810745e+01
9.999684e-01 7.950407e-03 -2.433757e-04 3.400066e+00 -7.948200e-03 9.999363e-01 8.015589e-03 -1.355268e+00 3.070874e-04 -8.013400e-03 9.999678e-01 2.900568e+01
9.999029e-01 -8.721420e-03 -1.086606e-02 3.407040e+00 8.634451e-03 9.999305e-01 -8.025014e-03 -1.361959e+00 1.093530e-02 7.930412e-03 9.999088e-01 2.931281e+01
9.999673e-01 7.642213e-03 2.627217e-03 3.635318e+00 -7.664067e-03 9.999352e-01 8.411864e-03 -1.378102e+00 -2.562762e-03 -8.431724e-03 9.999612e-01 2.927111e+01
9.999022e-01 -8.604658e-03 -1.102194e-02 3.844727e+00 8.515119e-03 9.999306e-01 -8.144982e-03 -1.393716e+00 1.109126e-02 8.050332e-03 9.999061e-01 2.922112e+01
9.999711e-01 7.484737e-03 1.348463e-03 3.983810e+00 -7.495926e-03 9.999358e-01 8.492996e-03 -1.406952e+00 -1.284809e-03 -8.502858e-03 9.999630e-01 2.924428e+01
9.999221e-01 -7.572899e-03 -9.918513e-03 4.103264e+00 7.489952e-03 9.999369e-01 -8.373398e-03 -1.419957e+00 9.981297e-03 8.298457e-03 9.999158e-01 2.924057e+01
9.999710e-01 7.417638e-03 1.707971e-03 4.263471e+00 -7.432482e-03 9.999332e-01 8.855011e-03 -1.433463e+00 -1.642174e-03 -8.867448e-03 9.999593e-01 2.922526e+01
9.999239e-01 -7.236822e-03 -9.990901e-03 4.427359e+00 7.152382e-03 9.999386e-01 -8.461589e-03 -1.447609e+00 1.005152e-02 8.389486e-03 9.999143e-01 2.919330e+01
9.999618e-01 8.543785e-03 -1.861202e-03 5.232250e+00 -8.526562e-03 9.999225e-01 9.072703e-03 -1.475691e+00 1.938573e-03 -9.056486e-03 9.999571e-01 2.881599e+01
9.998829e-01 -1.068511e-02 -1.095179e-02 5.924008e+00 1.059838e-02 9.999123e-01 -7.946309e-03 -1.499112e+00 1.103574e-02 7.829307e-03 9.999085e-01 2.855460e+01
9.999433e-01 1.048495e-02 1.836329e-03 5.905041e+00 -1.049917e-02 9.999136e-01 7.915159e-03 -1.506790e+00 -1.753180e-03 -7.933990e-03 9.999670e-01 2.876217e+01
9.998911e-01 -1.078814e-02 -1.006809e-02 5.942822e+00 1.070860e-02 9.999113e-01 -7.920698e-03 -1.516574e+00 1.015264e-02 7.812020e-03 9.999179e-01 2.885106e+01
9.999461e-01 1.019326e-02 1.980207e-03 6.105059e+00 -1.020975e-02 9.999117e-01 8.500796e-03 -1.530247e+00 -1.893381e-03 -8.520555e-03 9.999619e-01 2.882218e+01
9.998926e-01 -1.064912e-02 -1.006736e-02 6.259644e+00 1.056505e-02 9.999092e-01 -8.367511e-03 -1.544063e+00 1.015555e-02 8.260250e-03 9.999143e-01 2.877684e+01
9.999485e-01 1.003012e-02 1.545412e-03 6.352913e+00 -1.004291e-02 9.999134e-01 8.502485e-03 -1.556197e+00 -1.459997e-03 -8.517567e-03 9.999627e-01 2.877948e+01
9.998918e-01 -1.042861e-02 -1.037228e-02 6.429477e+00 1.034040e-02 9.999102e-01 -8.521440e-03 -1.567834e+00 1.046022e-02 8.413264e-03 9.999099e-01 2.881378e+01
9.999469e-01 1.001330e-02 2.443525e-03 6.435225e+00 -1.003359e-02 9.999141e-01 8.435082e-03 -1.576209e+00 -2.358852e-03 -8.459151e-03 9.999614e-01 2.897101e+01
9.998891e-01 -1.042674e-02 -1.063160e-02 6.469461e+00 1.033695e-02 9.999107e-01 -8.465796e-03 -1.585752e+00 1.071893e-02 8.354959e-03 9.999076e-01 2.907689e+01
9.999465e-01 1.013008e-02 2.105106e-03 6.511007e+00 -1.014777e-02 9.999118e-01 8.565393e-03 -1.595661e+00 -2.018152e-03 -8.586296e-03 9.999611e-01 2.915398e+01
9.998912e-01 -1.035326e-02 -1.050271e-02 6.620912e+00 1.026385e-02 9.999109e-01 -8.531796e-03 -1.607343e+00 1.059011e-02 8.423069e-03 9.999084e-01 2.915233e+01
9.999487e-01 9.949760e-03 1.874086e-03 6.864539e+00 -9.966158e-03 9.999102e-01 8.954499e-03 -1.621112e+00 -1.784823e-03 -8.972717e-03 9.999582e-01 2.905778e+01
9.998936e-01 -1.027435e-02 -1.035349e-02 7.110687e+00 1.018611e-02 9.999117e-01 -8.539982e-03 -1.634815e+00 1.044032e-02 8.433611e-03 9.999099e-01 2.896926e+01
9.999492e-01 9.947354e-03 1.613964e-03 7.392222e+00 -9.961576e-03 9.999094e-01 9.057308e-03 -1.649229e+00 -1.523722e-03 -9.072925e-03 9.999577e-01 2.885153e+01
9.998715e-01 -1.087969e-02 -1.176946e-02 7.540287e+00 1.077405e-02 9.999014e-01 -9.001829e-03 -1.661982e+00 1.186624e-02 8.873868e-03 9.998902e-01 2.891360e+01
9.999467e-01 1.010043e-02 2.150415e-03 7.685846e+00 -1.011958e-02 9.999075e-01 9.090181e-03 -1.674895e+00 -2.058401e-03 -9.111457e-03 9.999564e-01 2.894399e+01
9.998700e-01 -1.102676e-02 -1.176138e-02 7.975178e+00 1.092279e-02 9.999010e-01 -8.867806e-03 -1.690430e+00 1.185800e-02 8.738186e-03 9.998915e-01 2.881519e+01
9.999475e-01 1.003526e-02 2.065381e-03 8.234408e+00 -1.005347e-02 9.999089e-01 9.004953e-03 -1.706285e+00 -1.974826e-03 -9.025244e-03 9.999573e-01 2.871193e+01
9.998714e-01 -1.078251e-02 -1.187337e-02 8.407584e+00 1.067577e-02 9.999024e-01 -9.016550e-03 -1.720416e+00 1.196944e-02 8.888632e-03 9.998889e-01 2.870678e+01
9.999444e-01 1.044419e-02 1.484935e-03 8.455916e+00 -1.045739e-02 9.999032e-01 9.178307e-03 -1.729756e+00 -1.388931e-03 -9.193324e-03 9.999568e-01 2.897428e+01
9.998739e-01 -1.100021e-02 -1.145126e-02 8.607730e+00 1.089697e-02 9.998998e-01 -9.039448e-03 -1.742190e+00 1.154955e-02 8.913523e-03 9.998936e-01 2.909557e+01
9.999461e-01 1.010961e-02 2.371514e-03 8.818271e+00 -1.013111e-02 9.999060e-01 9.236353e-03 -1.755907e+00 -2.277915e-03 -9.259880e-03 9.999545e-01 2.901590e+01
9.998757e-01 -1.086935e-02 -1.142216e-02 9.013682e+00 1.076533e-02 9.999004e-01 -9.129516e-03 -1.769247e+00 1.152026e-02 9.005417e-03 9.998931e-01 2.895332e+01
9.999427e-01 1.042277e-02 2.458905e-03 9.268204e+00 -1.044564e-02 9.999005e-01 9.480847e-03 -1.783346e+00 -2.359843e-03 -9.505988e-03 9.999520e-01 2.883139e+01
9.998714e-01 -1.120860e-02 -1.147268e-02 9.528256e+00 1.110246e-02 9.998954e-01 -9.273587e-03 -1.797692e+00 1.157543e-02 9.145019e-03 9.998912e-01 2.872040e+01
9.999395e-01 1.070882e-02 2.515143e-03 9.767831e+00 -1.073191e-02 9.998987e-01 9.352771e-03 -1.811588e+00 -2.414731e-03 -9.379197e-03 9.999531e-01 2.861393e+01
9.998545e-01 -1.150111e-02 -1.259843e-02 1.016369e+01 1.138990e-02 9.998958e-01 -8.863941e-03 -1.827626e+00 1.269906e-02 8.719156e-03 9.998813e-01 2.840424e+01
9.999348e-01 1.097134e-02 3.176702e-03 1.052417e+01 -1.100080e-02 9.998952e-01 9.409931e-03 -1.843336e+00 -3.073130e-03 -9.444263e-03 9.999507e-01 2.822329e+01
9.998600e-01 -1.162136e-02 -1.203695e-02 1.077819e+01 1.151203e-02 9.998922e-01 -9.112127e-03 -1.857420e+00 1.214154e-02 8.972281e-03 9.998860e-01 2.812872e+01
9.999485e-01 9.919521e-03 2.128878e-03 1.109449e+01 -9.937252e-03 9.999146e-01 8.486549e-03 -1.873343e+00 -2.044513e-03 -8.507267e-03 9.999617e-01 2.798301e+01
9.998538e-01 -1.105606e-02 -1.304441e-02 1.144320e+01 1.095412e-02 9.999091e-01 -7.860463e-03 -1.889777e+00 1.313013e-02 7.716423e-03 9.998840e-01 2.792707e+01
9.999338e-01 1.054312e-02 4.612813e-03 1.167124e+01 -1.058102e-02 9.999098e-01 8.270513e-03 -1.903503e+00 -4.525200e-03 -8.318773e-03 9.999552e-01 2.792620e+01
9.998278e-01 -1.166795e-02 -1.443047e-02 1.202756e+01 1.154403e-02 9.998960e-01 -8.641549e-03 -1.919822e+00 1.452980e-02 8.473475e-03 9.998585e-01 2.775236e+01
9.999324e-01 1.078171e-02 4.346048e-03 1.218580e+01 -1.082039e-02 9.999012e-01 8.977472e-03 -1.932738e+00 -4.248826e-03 -9.023891e-03 9.999503e-01 2.785946e+01
9.998718e-01 -1.150696e-02 -1.113398e-02 1.197488e+01 1.138262e-02 9.998729e-01 -1.116671e-02 -1.922711e+00 1.126106e-02 1.103854e-02 9.998757e-01 2.880350e+01
9.998831e-01 1.205565e-02 9.407717e-03 1.173184e+01 -1.214927e-02 9.998766e-01 9.958344e-03 -1.922856e+00 -9.286502e-03 -1.007148e-02 9.999062e-01 2.953518e+01
9.997516e-01 -1.269754e-02 -1.831641e-02 1.178652e+01 1.251099e-02 9.998691e-01 -1.026343e-02 -1.933222e+00 1.844433e-02 1.003173e-02 9.997796e-01 2.973082e+01
9.998839e-01 1.246229e-02 8.767726e-03 1.175551e+01 -1.254728e-02 9.998742e-01 9.706454e-03 -1.937925e+00 -8.645658e-03 -9.815338e-03 9.999145e-01 3.020018e+01
9.997015e-01 -1.364710e-02 -2.026605e-02 1.223357e+01 1.345834e-02 9.998650e-01 -9.421493e-03 -1.957773e+00 2.039189e-02 9.145933e-03 9.997502e-01 3.002915e+01
9.998738e-01 1.299200e-02 9.146101e-03 1.234028e+01 -1.307582e-02 9.998725e-01 9.165652e-03 -1.966126e+00 -9.025855e-03 -9.284087e-03 9.999162e-01 3.046913e+01
9.995567e-01 -1.957727e-02 -2.243096e-02 1.284074e+01 1.930458e-02 9.997379e-01 -1.230960e-02 -1.984541e+00 2.266607e-02 1.187113e-02 9.996726e-01 3.052468e+01
9.997530e-01 1.829337e-02 1.262048e-02 1.316171e+01 -1.845076e-02 9.997520e-01 1.246947e-02 -2.000639e+00 -1.238924e-02 -1.269924e-02 9.998426e-01 3.061673e+01
9.995420e-01 -1.986951e-02 -2.282346e-02 1.341678e+01 1.958520e-02 9.997286e-01 -1.261368e-02 -2.014969e+00 2.306790e-02 1.216091e-02 9.996599e-01 3.070739e+01
9.997140e-01 1.921364e-02 1.423922e-02 1.351301e+01 -1.938854e-02 9.997370e-01 1.224827e-02 -2.025796e+00 -1.400014e-02 -1.252085e-02 9.998236e-01 3.085228e+01
9.994834e-01 -2.124767e-02 -2.411448e-02 1.382128e+01 2.094767e-02 9.997008e-01 -1.262598e-02 -2.041112e+00 2.437554e-02 1.211432e-02 9.996295e-01 3.086812e+01
9.996725e-01 2.036137e-02 1.550076e-02 1.399359e+01 -2.055694e-02 9.997097e-01 1.256394e-02 -2.053716e+00 -1.524044e-02 -1.287847e-02 9.998009e-01 3.084191e+01
9.994834e-01 -2.122606e-02 -2.413185e-02 1.419947e+01 2.092223e-02 9.996995e-01 -1.277403e-02 -2.066946e+00 2.439574e-02 1.226253e-02 9.996272e-01 3.079027e+01
9.996642e-01 2.053793e-02 1.579916e-02 1.438957e+01 -2.074173e-02 9.997023e-01 1.284511e-02 -2.079722e+00 -1.553065e-02 -1.316850e-02 9.997927e-01 3.074659e+01
9.994536e-01 -2.150012e-02 -2.510434e-02 1.444606e+01 2.117319e-02 9.996885e-01 -1.321662e-02 -2.089712e+00 2.538068e-02 1.267786e-02 9.995975e-01 3.095417e+01
9.996321e-01 2.095090e-02 1.722337e-02 1.441088e+01 -2.116645e-02 9.996987e-01 1.242904e-02 -2.095909e+00 -1.695778e-02 -1.278902e-02 9.997744e-01 3.136397e+01
9.994644e-01 -2.162967e-02 -2.455733e-02 1.440491e+01 2.130821e-02 9.996848e-01 -1.327751e-02 -2.103368e+00 2.483678e-02 1.274713e-02 9.996102e-01 3.163893e+01
9.996481e-01 2.111096e-02 1.606131e-02 1.449560e+01 -2.132358e-02 9.996857e-01 1.318453e-02 -2.114531e+00 -1.577793e-02 -1.352238e-02 9.997841e-01 3.168018e+01
9.994572e-01 -2.192990e-02 -2.458496e-02 1.452007e+01 2.160086e-02 9.996746e-01 -1.357065e-02 -2.123968e+00 2.487456e-02 1.303223e-02 9.996056e-01 3.179865e+01
9.996346e-01 2.117561e-02 1.680074e-02 1.453084e+01 -2.139644e-02 9.996856e-01 1.307480e-02 -2.132790e+00 -1.651859e-02 -1.342950e-02 9.997734e-01 3.193522e+01
9.994511e-01 -2.183303e-02 -2.491436e-02 1.456664e+01 2.149944e-02 9.996766e-01 -1.357950e-02 -2.142895e+00 2.520279e-02 1.303640e-02 9.995974e-01 3.200395e+01
9.996512e-01 2.100810e-02 1.600202e-02 1.467855e+01 -2.122204e-02 9.996861e-01 1.331908e-02 -2.154644e+00 -1.571719e-02 -1.365403e-02 9.997832e-01 3.203608e+01
9.994526e-01 -2.174271e-02 -2.493537e-02 1.478566e+01 2.140229e-02 9.996752e-01 -1.383860e-02 -2.165837e+00 2.522816e-02 1.329735e-02 9.995933e-01 3.210931e+01
9.996458e-01 2.103545e-02 1.630490e-02 1.491049e+01 -2.125861e-02 9.996810e-01 1.363616e-02 -2.177148e+00 -1.601285e-02 -1.397795e-02 9.997741e-01 3.214746e+01
9.994762e-01 -2.136672e-02 -2.430723e-02 1.504444e+01 2.103376e-02 9.996825e-01 -1.387250e-02 -2.188870e+00 2.459592e-02 1.335396e-02 9.996083e-01 3.214046e+01
9.996661e-01 2.046381e-02 1.577820e-02 1.511534e+01 -2.067868e-02 9.996940e-01 1.357760e-02 -2.199632e+00 -1.549553e-02 -1.389934e-02 9.997833e-01 3.219043e+01
9.994944e-01 -2.095234e-02 -2.391692e-02 1.518840e+01 2.062295e-02 9.996902e-01 -1.393674e-02 -2.210653e+00 2.420152e-02 1.343645e-02 9.996168e-01 3.221362e+01
9.996828e-01 2.001785e-02 1.528382e-02 1.526824e+01 -2.022815e-02 9.997011e-01 1.373120e-02 -2.221458e+00 -1.500438e-02 -1.403601e-02 9.997889e-01 3.225459e+01
9.995231e-01 -2.057181e-02 -2.302896e-02 1.527332e+01 2.024801e-02 9.996941e-01 -1.420646e-02 -2.230306e+00 2.331416e-02 1.373339e-02 9.996339e-01 3.237340e+01
9.996929e-01 1.976248e-02 1.495106e-02 1.531978e+01 -1.997108e-02 9.997035e-01 1.393381e-02 -2.240485e+00 -1.467126e-02 -1.422812e-02 9.997911e-01 3.242265e+01
9.995235e-01 -2.049452e-02 -2.308162e-02 1.538211e+01 2.016721e-02 9.996940e-01 -1.432524e-02 -2.251147e+00 2.336815e-02 1.385292e-02 9.996309e-01 3.246198e+01
9.996923e-01 2.002052e-02 1.464404e-02 1.538182e+01 -2.022529e-02 9.996978e-01 1.397173e-02 -2.258720e+00 -1.435989e-02 -1.426361e-02 9.997952e-01 3.264939e+01
9.995353e-01 -2.052577e-02 -2.253482e-02 1.536612e+01 2.020233e-02 9.996909e-01 -1.448801e-02 -2.266405e+00 2.282524e-02 1.402602e-02 9.996411e-01 3.283023e+01
9.996901e-01 1.976128e-02 1.514169e-02 1.538399e+01 -1.997595e-02 9.997002e-01 1.415961e-02 -2.275643e+00 -1.485734e-02 -1.445769e-02 9.997851e-01 3.291424e+01
9.995370e-01 -2.003050e-02 -2.290325e-02 1.548897e+01 1.970463e-02 9.997026e-01 -1.436609e-02 -2.287013e+00 2.318420e-02 1.390814e-02 9.996345e-01 3.290904e+01
9.997164e-01 1.902490e-02 1.432430e-02 1.555539e+01 -1.922876e-02 9.997138e-01 1.423157e-02 -2.297651e+00 -1.404944e-02 -1.450297e-02 9.997961e-01 3.296139e+01
9.995537e-01 -1.969038e-02 -2.246513e-02 1.559742e+01 1.936463e-02 9.997055e-01 -1.462660e-02 -2.307748e+00 2.274651e-02 1.418504e-02 9.996406e-01 3.302640e+01
