9.999802e-01 3.821527e-04 -6.283183e-03 1.480819e-02 -3.812817e-04 9.999999e-01 1.398253e-04 -8.592017e-03 6.283236e-03 -1.374276e-04 9.999803e-01 1.232949e-01
9.999999e-01 4.906341e-04 -1.836797e-04 1.417558e-01 -4.906514e-04 9.999999e-01 -9.456847e-05 -1.839538e-02 1.836336e-04 9.465929e-05 1.000000e+00 9.145977e-02
9.999795e-01 3.126867e-04 -6.396089e-03 3.167143e-01 -3.114893e-04 9.999999e-01 1.882076e-04 -2.910639e-02 6.396147e-03 -1.862122e-04 9.999795e-01 4.341768e-02
1.000000e+00 1.050716e-04 -1.906022e-04 3.067373e-01 -1.050399e-04 1.000000e+00 1.662818e-04 -3.690699e-02 1.906200e-04 -1.662611e-04 1.000000e+00 2.227882e-01
9.999841e-01 3.958834e-04 -5.617433e-03 2.377009e-01 -3.932104e-04 9.999998e-01 4.769488e-04 -4.182692e-02 5.617621e-03 -4.747331e-04 9.999841e-01 4.819417e-01
1.000000e+00 1.595789e-04 1.092231e-04 1.580545e-01 -1.595985e-04 1.000000e+00 1.800604e-04 -4.614601e-02 -1.091940e-04 -1.800771e-04 1.000000e+00 7.729740e-01
9.999854e-01 3.843940e-04 -5.399054e-03 7.502674e-02 -3.820472e-04 9.999998e-01 4.356893e-04 -5.022672e-02 5.399221e-03 -4.336209e-04 9.999853e-01 1.074145e+00
1.000000e+00 1.179598e-04 -3.874771e-05 3.207074e-03 -1.179542e-04 1.000000e+00 1.447753e-04 -5.500949e-02 3.876513e-05 -1.447700e-04 1.000000e+00 1.337940e+00
9.999855e-01 4.600488e-04 -5.357020e-03 -9.227645e-02 -4.568461e-04 9.999997e-01 5.990679e-04 -5.852112e-02 5.357294e-03 -5.966126e-04 9.999855e-01 1.660320e+00
1.000000e+00 1.123960e-04 2.808944e-05 -1.789096e-01 -1.123948e-04 1.000000e+00 -4.345765e-05 -6.243377e-02 -2.809399e-05 4.345521e-05 1.000000e+00 1.968288e+00
9.999844e-01 2.963677e-04 -5.575205e-03 -2.329964e-01 -2.936865e-04 9.999998e-01 4.817375e-04 -6.838952e-02 5.575347e-03 -4.800933e-04 9.999843e-01 2.207210e+00
1.000000e+00 1.241957e-04 -7.151089e-05 -2.737731e-01 -1.241969e-04 1.000000e+00 -1.846110e-05 -7.463720e-02 7.150893e-05 1.847069e-05 1.000000e+00 2.400393e+00
9.999818e-01 3.779330e-04 -6.014082e-03 -3.305230e-01 -3.740427e-04 9.999997e-01 6.479864e-04 -8.001021e-02 6.014325e-03 -6.457258e-04 9.999817e-01 2.646250e+00
9.999997e-01 1.361277e-04 7.137650e-04 -4.111550e-01 -1.361049e-04 1.000000e+00 -3.191365e-05 -8.428468e-02 -7.137690e-04 3.181720e-05 9.999997e-01 2.921976e+00
9.999773e-01 3.807278e-04 -6.724971e-03 -4.688957e-01 -3.763205e-04 9.999997e-01 6.566147e-04 -8.959302e-02 6.725219e-03 -6.540697e-04 9.999772e-01 3.189676e+00
9.999996e-01 1.003965e-04 9.058938e-04 -5.153886e-01 -1.002688e-04 1.000000e+00 -1.409331e-04 -9.539025e-02 -9.059076e-04 1.408430e-04 9.999996e-01 3.423019e+00
9.999790e-01 3.404917e-04 -6.474764e-03 -5.519424e-01 -3.370807e-04 9.999998e-01 5.279106e-04 -1.016715e-01 6.474942e-03 -5.257177e-04 9.999789e-01 3.640144e+00
9.999996e-01 -3.765657e-05 8.839678e-04 -5.657124e-01 3.793372e-05 1.000000e+00 -3.134434e-04 -1.092157e-01 -8.839556e-04 3.134775e-04 9.999996e-01 3.789716e+00
9.999760e-01 3.870337e-04 -6.922901e-03 -4.882044e-01 -3.847360e-04 9.999999e-01 3.332453e-04 -1.191621e-01 6.923028e-03 -3.305745e-04 9.999760e-01 3.803672e+00
9.999996e-01 8.305798e-05 9.006489e-04 -4.699373e-01 -8.284195e-05 1.000000e+00 -2.398229e-04 -1.270270e-01 -9.006684e-04 2.397489e-04 9.999996e-01 3.863965e+00
9.999744e-01 7.198092e-04 -7.124639e-03 -3.333446e-01 -7.177999e-04 9.999997e-01 2.845852e-04 -1.371764e-01 7.124842e-03 -2.794646e-04 9.999746e-01 3.825034e+00
9.999997e-01 7.996852e-05 7.580970e-04 -1.607439e-01 -7.976812e-05 1.000000e+00 -2.642699e-04 -1.479385e-01 -7.581178e-04 2.642101e-04 9.999997e-01 3.771649e+00
9.999796e-01 3.200291e-04 -6.381841e-03 -2.093804e-01 -3.153152e-04 9.999997e-01 7.396521e-04 -1.537378e-01 6.382076e-03 -7.376254e-04 9.999794e-01 3.965367e+00
9.999999e-01 1.863104e-04 3.819518e-04 -2.598702e-01 -1.862577e-04 1.000000e+00 -1.379173e-04 -1.595029e-01 -3.819772e-04 1.378468e-04 9.999999e-01 4.205015e+00
9.999831e-01 2.611070e-04 -5.808940e-03 -2.959828e-01 -2.578432e-04 9.999998e-01 5.626126e-04 -1.654889e-01 5.809085e-03 -5.611060e-04 9.999830e-01 4.402564e+00
9.999999e-01 1.809567e-04 3.598317e-04 -3.238692e-01 -1.808892e-04 1.000000e+00 -1.874167e-04 -1.721051e-01 -3.598653e-04 1.873523e-04 9.999999e-01 4.601190e+00
9.999835e-01 1.691999e-04 -5.750740e-03 -3.172531e-01 -1.674803e-04 9.999999e-01 2.995246e-04 -1.800285e-01 5.750790e-03 -2.985572e-04 9.999834e-01 4.722062e+00
1.000000e+00 1.505745e-04 7.983405e-05 -2.812116e-01 -1.505497e-04 9.999999e-01 -3.106591e-04 -1.894894e-01 -7.988049e-05 3.106478e-04 9.999999e-01 4.878324e+00
9.999797e-01 2.825885e-04 -6.360081e-03 -2.521316e-01 -2.805506e-04 9.999999e-01 3.213218e-04 -1.989733e-01 6.360171e-03 -3.195316e-04 9.999797e-01 5.047785e+00
1.000000e+00 1.290180e-04 8.554784e-05 -2.503217e-01 -1.290101e-04 1.000000e+00 -9.070450e-05 -2.074887e-01 -8.555922e-05 9.069417e-05 1.000000e+00 5.280754e+00
9.999849e-01 3.492948e-04 -5.480382e-03 -2.836326e-01 -3.467338e-04 9.999998e-01 4.682727e-04 -2.137885e-01 5.480544e-03 -4.663662e-04 9.999849e-01 5.536745e+00
1.000000e+00 5.139302e-05 -6.124004e-06 -2.911104e-01 -5.139442e-05 1.000000e+00 -2.427786e-04 -2.212576e-01 6.111857e-06 2.427796e-04 1.000000e+00 5.722941e+00
9.999823e-01 3.441711e-04 -5.944354e-03 -3.024072e-01 -3.407437e-04 9.999998e-01 5.776101e-04 -2.287091e-01 5.944551e-03 -5.755750e-04 9.999822e-01 5.883796e+00
1.000000e+00 4.715311e-05 1.567561e-04 -3.051560e-01 -4.709910e-05 9.999999e-01 -3.439647e-04 -2.364648e-01 -1.567720e-04 3.439580e-04 9.999999e-01 6.031067e+00
9.999814e-01 2.572498e-04 -6.091618e-03 -2.817526e-01 -2.548466e-04 9.999999e-01 3.953045e-04 -2.457450e-01 6.091719e-03 -3.937454e-04 9.999814e-01 6.168441e+00
1.000000e+00 1.348268e-04 -1.033355e-04 -2.701292e-01 -1.348506e-04 1.000000e+00 -2.317018e-04 -2.543478e-01 1.033045e-04 2.317164e-04 1.000000e+00 6.348107e+00
9.999854e-01 2.371108e-04 -5.398856e-03 -2.834953e-01 -2.345838e-04 9.999999e-01 4.686937e-04 -2.618799e-01 5.398966e-03 -4.674211e-04 9.999853e-01 6.536328e+00
9.999998e-01 2.232547e-04 -5.533972e-04 -3.048173e-01 -2.233166e-04 1.000000e+00 -1.118641e-04 -2.688827e-01 5.533725e-04 1.119884e-04 9.999998e-01 6.765615e+00
9.999862e-01 3.263963e-04 -5.234064e-03 -3.585332e-01 -3.233241e-04 9.999998e-01 5.878165e-04 -2.746623e-01 5.234255e-03 -5.861168e-04 9.999861e-01 7.102919e+00
9.999999e-01 2.803821e-04 -4.201567e-04 -4.221922e-01 -2.803721e-04 1.000000e+00 2.369088e-05 -2.799156e-01 4.201636e-04 -2.357236e-05 9.999999e-01 7.418173e+00
9.999871e-01 3.062809e-04 -5.077146e-03 -4.843211e-01 -3.035734e-04 9.999998e-01 5.340507e-04 -2.850530e-01 5.077308e-03 -5.325032e-04 9.999870e-01 7.716951e+00
9.999996e-01 2.358771e-04 -8.478798e-04 -5.342452e-01 -2.359096e-04 1.000000e+00 -3.835073e-05 -2.906624e-01 8.478711e-04 3.855144e-05 9.999996e-01 8.014613e+00
9.999873e-01 2.451333e-04 -5.025855e-03 -5.640840e-01 -2.427348e-04 9.999999e-01 4.778581e-04 -2.971907e-01 5.025971e-03 -4.766328e-04 9.999873e-01 8.259917e+00
9.999992e-01 1.900321e-04 -1.224940e-03 -5.921896e-01 -1.901308e-04 1.000000e+00 -8.057718e-05 -3.040865e-01 1.224925e-03 8.081072e-05 9.999992e-01 8.470796e+00
9.999887e-01 1.644595e-04 -4.761254e-03 -6.231110e-01 -1.624144e-04 9.999999e-01 4.299412e-04 -3.112869e-01 4.761324e-03 -4.291637e-04 9.999886e-01 8.688351e+00
9.999995e-01 2.636115e-04 -9.845821e-04 -6.631055e-01 -2.636385e-04 1.000000e+00 -2.744029e-05 -3.175927e-01 9.845751e-04 2.770056e-05 9.999995e-01 8.922060e+00
9.999876e-01 1.151561e-04 -4.974861e-03 -6.730945e-01 -1.139045e-04 1.000000e+00 2.518771e-04 -3.252034e-01 4.974890e-03 -2.513080e-04 9.999876e-01 9.074857e+00
9.999992e-01 1.981425e-04 -1.211986e-03 -6.611507e-01 -1.983315e-04 1.000000e+00 -1.559108e-04 -3.336941e-01 1.211956e-03 1.561518e-04 9.999993e-01 9.172272e+00
9.999890e-01 1.187795e-04 -4.694247e-03 -6.370415e-01 -1.176161e-04 1.000000e+00 2.481345e-04 -3.423586e-01 4.694276e-03 -2.475804e-04 9.999890e-01 9.250254e+00
9.999991e-01 1.769091e-04 -1.320347e-03 -6.084839e-01 -1.772494e-04 1.000000e+00 -2.577083e-04 -3.514255e-01 1.320301e-03 2.579429e-04 9.999991e-01 9.315758e+00
9.999875e-01 1.097759e-04 -4.991450e-03 -5.862999e-01 -1.083677e-04 1.000000e+00 2.824266e-04 -3.606080e-01 4.991480e-03 -2.818828e-04 9.999875e-01 9.407923e+00
9.999997e-01 2.904181e-04 -7.547927e-04 -5.660335e-01 -2.904965e-04 1.000000e+00 -1.039151e-04 -3.690073e-01 7.547629e-04 1.041351e-04 9.999997e-01 9.495860e+00
9.999854e-01 1.545036e-04 -5.406302e-03 -4.829160e-01 -1.536966e-04 1.000000e+00 1.497065e-04 -3.787107e-01 5.406324e-03 -1.488740e-04 9.999854e-01 9.501486e+00
9.999994e-01 1.248741e-04 -1.042301e-03 -4.274746e-01 -1.249371e-04 1.000000e+00 -6.053079e-05 -3.885883e-01 1.042294e-03 6.066169e-05 9.999995e-01 9.565738e+00
9.999873e-01 3.817657e-04 -5.021883e-03 -3.830506e-01 -3.808228e-04 9.999999e-01 1.887502e-04 -3.970169e-01 5.021954e-03 -1.868361e-04 9.999874e-01 9.608251e+00
9.999990e-01 3.592839e-05 -1.434432e-03 -2.796630e-01 -3.605813e-05 1.000000e+00 -9.051326e-05 -4.073860e-01 1.434429e-03 9.056560e-05 9.999990e-01 9.628018e+00
9.999885e-01 2.442433e-04 -4.785302e-03 -2.143615e-01 -2.433320e-04 1.000000e+00 1.910416e-04 -4.171439e-01 4.785348e-03 -1.898756e-04 9.999885e-01 9.661327e+00
9.999983e-01 3.452141e-04 -1.803877e-03 -9.234959e-02 -3.454589e-04 9.999999e-01 -1.354725e-04 -4.275796e-01 1.803831e-03 1.360961e-04 9.999984e-01 9.651885e+00
9.999897e-01 -4.727814e-05 -4.548913e-03 -2.088855e-02 4.869377e-05 1.000000e+00 3.111235e-04 -4.380370e-01 4.548898e-03 -3.113425e-04 9.999896e-01 9.728138e+00
9.999971e-01 5.383678e-04 -2.337603e-03 4.328983e-02 -5.387457e-04 9.999998e-01 -1.610979e-04 -4.472223e-01 2.337516e-03 1.623575e-04 9.999973e-01 9.782805e+00
9.999929e-01 1.580466e-04 -3.767042e-03 1.280889e-01 -1.572584e-04 1.000000e+00 2.095573e-04 -4.567061e-01 3.767075e-03 -2.089641e-04 9.999929e-01 9.795609e+00
9.999942e-01 8.594499e-04 -3.302420e-03 3.018640e-01 -8.597677e-04 9.999996e-01 -9.485114e-05 -4.670385e-01 3.302337e-03 9.769060e-05 9.999945e-01 9.732671e+00
9.999948e-01 -1.917046e-04 -3.213510e-03 4.607594e-01 1.923361e-04 1.000000e+00 1.962427e-04 -4.779547e-01 3.213472e-03 -1.968604e-04 9.999948e-01 9.704933e+00
9.999940e-01 6.130554e-04 -3.415070e-03 5.446278e-01 -6.133786e-04 9.999998e-01 -9.366001e-05 -4.881518e-01 3.415012e-03 9.575488e-05 9.999942e-01 9.741291e+00
9.999967e-01 -1.710591e-04 -2.559051e-03 5.616978e-01 1.716976e-04 1.000000e+00 2.493700e-04 -4.968137e-01 2.559008e-03 -2.498093e-04 9.999967e-01 9.926708e+00
9.999953e-01 6.930494e-04 -2.977726e-03 5.370280e-01 -6.926750e-04 9.999998e-01 1.267041e-04 -5.034210e-01 2.977814e-03 -1.246402e-04 9.999956e-01 1.019946e+01
9.999953e-01 -2.355680e-04 -3.043596e-03 5.470660e-01 2.357470e-04 1.000000e+00 5.850793e-05 -5.116697e-01 3.043581e-03 -5.922588e-05 9.999954e-01 1.036306e+01
9.999953e-01 8.406341e-04 -2.963924e-03 6.363658e-01 -8.405902e-04 9.999996e-01 1.599585e-05 -5.212587e-01 2.963937e-03 -1.350363e-05 9.999956e-01 1.037810e+01
9.999937e-01 -5.400187e-04 -3.502311e-03 6.868682e-01 5.400302e-04 9.999999e-01 2.392233e-06 -5.312160e-01 3.502308e-03 -4.284270e-06 9.999939e-01 1.043676e+01
9.999962e-01 1.030134e-03 -2.557475e-03 7.021108e-01 -1.029766e-03 9.999995e-01 1.451347e-04 -5.387376e-01 2.557624e-03 -1.424999e-04 9.999967e-01 1.050922e+01
9.999924e-01 -6.920074e-04 -3.835832e-03 6.946812e-01 6.924474e-04 9.999998e-01 1.134291e-04 -5.467143e-01 3.835752e-03 -1.160850e-04 9.999926e-01 1.067243e+01
9.999982e-01 1.329561e-03 -1.321926e-03 6.014418e-01 -1.328762e-03 9.999989e-01 6.046415e-04 -5.501786e-01 1.322729e-03 -6.028833e-04 9.999989e-01 1.098652e+01
9.999906e-01 -7.733407e-04 -4.255411e-03 5.164343e-01 7.737021e-04 9.999997e-01 8.331789e-05 -5.541116e-01 4.255345e-03 -8.661023e-05 9.999909e-01 1.126380e+01
9.999991e-01 1.205476e-03 -6.663164e-04 4.376192e-01 -1.205232e-03 9.999992e-01 3.671071e-04 -5.586666e-01 6.667587e-04 -3.663030e-04 9.999997e-01 1.151172e+01
9.999755e-01 -7.331447e-04 -6.956205e-03 5.468878e-01 7.310747e-04 9.999997e-01 -3.000879e-04 -5.679973e-01 6.956422e-03 2.949944e-04 9.999758e-01 1.151821e+01
9.999987e-01 1.521174e-03 -6.179233e-04 7.427762e-01 -1.520926e-03 9.999988e-01 4.009789e-04 -5.795180e-01 6.185328e-04 -4.000379e-04 9.999997e-01 1.150927e+01
9.999833e-01 -1.049345e-03 -5.683972e-03 7.817667e-01 1.047612e-03 9.999994e-01 -3.077773e-04 -5.877828e-01 5.684291e-03 3.018168e-04 9.999838e-01 1.156981e+01
9.999983e-01 1.699306e-03 -6.891543e-04 9.547600e-01 -1.699079e-03 9.999985e-01 3.295892e-04 -5.988426e-01 6.897136e-04 -3.284170e-04 9.999997e-01 1.153501e+01
9.999818e-01 -9.829527e-04 -5.958793e-03 1.110020e+00 9.813851e-04 9.999995e-01 -2.659648e-04 -6.094783e-01 5.959051e-03 2.601114e-04 9.999822e-01 1.150331e+01
9.999983e-01 1.723949e-03 -5.931084e-04 1.302070e+00 -1.723710e-03 9.999984e-01 4.028746e-04 -6.203782e-01 5.938023e-04 -4.018509e-04 9.999997e-01 1.144564e+01
9.999821e-01 -1.362397e-03 -5.820456e-03 1.331405e+00 1.360875e-03 9.999990e-01 -2.654094e-04 -6.295609e-01 5.820811e-03 2.574831e-04 9.999830e-01 1.161417e+01
9.999975e-01 1.925110e-03 1.177284e-03 1.266385e+00 -1.925946e-03 9.999979e-01 7.101663e-04 -6.343113e-01 -1.175914e-03 -7.124312e-04 9.999991e-01 1.195279e+01
9.999812e-01 -1.250356e-03 -5.995882e-03 1.151352e+00 1.250663e-03 9.999992e-01 4.762984e-05 -6.370226e-01 5.995817e-03 -5.512847e-05 9.999820e-01 1.236605e+01
9.999977e-01 1.784710e-03 1.169569e-03 1.069696e+00 -1.785277e-03 9.999983e-01 4.839945e-04 -6.412183e-01 -1.168703e-03 -4.860807e-04 9.999992e-01 1.269196e+01
9.999827e-01 -1.125050e-03 -5.782117e-03 9.726565e-01 1.126154e-03 9.999993e-01 1.876322e-04 -6.444934e-01 5.781902e-03 -1.941412e-04 9.999833e-01 1.308486e+01
9.999981e-01 1.623914e-03 1.055984e-03 8.765275e-01 -1.624238e-03 9.999986e-01 3.065104e-04 -6.482340e-01 -1.055484e-03 -3.082243e-04 9.999994e-01 1.343119e+01
9.999786e-01 -9.206443e-04 -6.472190e-03 7.588105e-01 9.250315e-04 9.999993e-01 6.749269e-04 -6.505517e-01 6.471564e-03 -6.809001e-04 9.999788e-01 1.382484e+01
9.999971e-01 1.572466e-03 1.803870e-03 6.314801e-01 -1.572640e-03 9.999988e-01 9.505439e-05 -6.525096e-01 -1.803718e-03 -9.789027e-05 9.999984e-01 1.421350e+01
9.999778e-01 -7.915701e-04 -6.611310e-03 4.719580e-01 7.977824e-04 9.999992e-01 9.370802e-04 -6.528809e-01 6.610563e-03 -9.423345e-04 9.999777e-01 1.470506e+01
9.999962e-01 1.581397e-03 2.253128e-03 2.786095e-01 -1.581552e-03 9.999987e-01 6.709633e-05 -6.519535e-01 -2.253018e-03 -7.065882e-05 9.999975e-01 1.526950e+01
9.999757e-01 -8.072887e-04 -6.928964e-03 1.168841e-01 8.141258e-04 9.999992e-01 9.840093e-04 -6.522291e-01 6.928164e-03 -9.896271e-04 9.999755e-01 1.575934e+01
9.999987e-01 1.480373e-03 6.527984e-04 1.202319e-01 -1.479675e-03 9.999983e-01 -1.068351e-03 -6.586098e-01 -6.543786e-04 1.067385e-03 9.999992e-01 1.588412e+01
9.999658e-01 -4.772099e-04 -8.260562e-03 3.904569e-01 4.881923e-04 9.999990e-01 1.327559e-03 -6.701746e-01 8.259920e-03 -1.331547e-03 9.999650e-01 1.576882e+01
9.999993e-01 9.804054e-04 6.820051e-04 4.548461e-01 -9.796406e-04 9.999989e-01 -1.120493e-03 -6.803346e-01 -6.831026e-04 1.119825e-03 9.999991e-01 1.597427e+01
9.999875e-01 -2.525231e-04 -4.988869e-03 3.571819e-01 2.608160e-04 9.999986e-01 1.661745e-03 -6.828392e-01 4.988442e-03 -1.663026e-03 9.999862e-01 1.637159e+01
9.999994e-01 1.037002e-03 -2.164618e-04 2.185469e-01 -1.037146e-03 9.999992e-01 -6.647148e-04 -6.841583e-01 2.157726e-04 6.649396e-04 9.999998e-01 1.688848e+01
9.999890e-01 -4.396702e-04 -4.670212e-03 1.363481e-01 4.449791e-04 9.999993e-01 1.135816e-03 -6.877046e-01 4.669708e-03 -1.137882e-03 9.999884e-01 1.722586e+01
9.999991e-01 1.038251e-03 -8.951842e-04 5.604450e-02 -1.038651e-03 9.999994e-01 -4.469394e-04 -6.919976e-01 8.947199e-04 4.478694e-04 9.999995e-01 1.757589e+01
9.999944e-01 -1.427549e-04 -3.341851e-03 -1.526014e-01 1.481781e-04 9.999987e-01 1.622692e-03 -6.899105e-01 3.341615e-03 -1.623179e-03 9.999931e-01 1.820735e+01
9.999979e-01 8.251614e-04 -1.897023e-03 -1.991111e-01 -8.278868e-04 9.999986e-01 -1.436475e-03 -6.941507e-01 1.895835e-03 1.438043e-03 9.999972e-01 1.847930e+01
9.999922e-01 -3.337406e-04 -3.946240e-03 -1.414100e-01 3.393941e-04 9.999989e-01 1.432110e-03 -7.031138e-01 3.945758e-03 -1.433439e-03 9.999912e-01 1.855599e+01
9.999991e-01 9.421335e-04 -9.021398e-04 -2.133724e-01 -9.429352e-04 9.999992e-01 -8.888662e-04 -7.074950e-01 9.013019e-04 8.897168e-04 9.999992e-01 1.891055e+01
9.999915e-01 -2.969880e-04 -4.113300e-03 -2.862737e-01 3.021457e-04 9.999992e-01 1.253403e-03 -7.109574e-01 4.112924e-03 -1.254635e-03 9.999908e-01 1.924027e+01
9.999979e-01 1.184934e-03 -1.670672e-03 -1.300669e-01 -1.187041e-03 9.999985e-01 -1.261013e-03 -7.208633e-01 1.669176e-03 1.262994e-03 9.999978e-01 1.920978e+01
9.999858e-01 -6.254176e-04 -5.296694e-03 3.526434e-02 6.329695e-04 9.999988e-01 1.424280e-03 -7.321705e-01 5.295797e-03 -1.427613e-03 9.999850e-01 1.919676e+01
9.999992e-01 1.070561e-03 -7.071199e-04 3.638166e-02 -1.071368e-03 9.999988e-01 -1.142479e-03 -7.398468e-01 7.058962e-04 1.143236e-03 9.999991e-01 1.932215e+01
9.999848e-01 -5.401608e-04 -5.484602e-03 5.028765e-03 5.493099e-04 9.999985e-01 1.666807e-03 -7.461721e-01 5.483693e-03 -1.669795e-03 9.999836e-01 1.959620e+01
9.999994e-01 1.019551e-03 -2.710451e-04 -3.243532e-02 -1.019886e-03 9.999987e-01 -1.238991e-03 -7.524373e-01 2.697818e-04 1.239268e-03 9.999992e-01 1.980508e+01
9.999924e-01 -2.855301e-04 -3.899248e-03 -2.004236e-01 2.934948e-04 9.999979e-01 2.042271e-03 -7.523036e-01 3.898656e-03 -2.043401e-03 9.999903e-01 2.026610e+01
9.999985e-01 6.695149e-04 -1.573079e-03 -2.232297e-01 -6.723232e-04 9.999982e-01 -1.785544e-03 -7.590992e-01 1.571881e-03 1.786600e-03 9.999972e-01 2.040949e+01
9.999865e-01 -4.002050e-04 -5.180406e-03 -1.434035e-01 4.102124e-04 9.999981e-01 1.930913e-03 -7.697175e-01 5.179623e-03 -1.933013e-03 9.999847e-01 2.046507e+01
9.999989e-01 9.888126e-04 -1.149682e-03 -2.000214e-01 -9.902010e-04 9.999988e-01 -1.207903e-03 -7.751302e-01 1.148487e-03 1.209041e-03 9.999986e-01 2.073935e+01
9.999914e-01 -2.011809e-04 -4.131470e-03 -3.407308e-01 2.105376e-04 9.999974e-01 2.264496e-03 -7.763935e-01 4.131003e-03 -2.265347e-03 9.999889e-01 2.115493e+01
9.999992e-01 1.098228e-03 -6.222568e-04 -5.189772e-01 -1.098888e-03 9.999988e-01 -1.061636e-03 -7.758076e-01 6.210904e-04 1.062319e-03 9.999992e-01 2.172356e+01
9.999927e-01 -4.029063e-04 -3.793638e-03 -6.590688e-01 4.099312e-04 9.999982e-01 1.851235e-03 -7.771820e-01 3.792885e-03 -1.852778e-03 9.999911e-01 2.223872e+01
9.999954e-01 1.415526e-03 -2.689931e-03 -8.036585e-01 -1.416820e-03 9.999989e-01 -4.795275e-04 -7.779088e-01 2.689250e-03 4.833371e-04 9.999963e-01 2.284114e+01
9.999999e-01 -3.577239e-04 -3.426089e-04 -1.113901e+00 3.583923e-04 9.999980e-01 1.953648e-03 -7.713063e-01 3.419091e-04 -1.953771e-03 9.999980e-01 2.366319e+01
9.999922e-01 1.355436e-03 -3.708644e-03 -1.368976e+00 -1.357549e-03 9.999989e-01 -5.674345e-04 -7.672784e-01 3.707871e-03 5.724655e-04 9.999930e-01 2.441008e+01
9.999991e-01 -6.792064e-04 -1.164919e-03 -1.427482e+00 6.802074e-04 9.999994e-01 8.593121e-04 -7.715567e-01 1.164335e-03 -8.601044e-04 9.999990e-01 2.475143e+01
9.999858e-01 1.302041e-03 -5.172470e-03 -1.423238e+00 -1.304822e-03 9.999990e-01 -5.344042e-04 -7.795266e-01 5.171769e-03 5.411464e-04 9.999865e-01 2.509425e+01
9.999997e-01 -4.664143e-04 -5.606754e-04 -1.517354e+00 4.671969e-04 9.999989e-01 1.396858e-03 -7.831255e-01 5.600231e-04 -1.397121e-03 9.999989e-01 2.561968e+01
9.999882e-01 1.246664e-03 -4.697599e-03 -1.635078e+00 -1.248865e-03 9.999991e-01 -4.657335e-04 -7.854724e-01 4.697015e-03 4.715954e-04 9.999889e-01 2.610481e+01
9.999984e-01 -5.162600e-04 -1.711622e-03 -1.630562e+00 5.176444e-04 9.999995e-01 8.086411e-04 -7.916032e-01 1.711204e-03 -8.095265e-04 9.999982e-01 2.632269e+01
9.999858e-01 2.641543e-04 -5.318972e-03 -1.347224e+00 -2.681198e-04 9.999997e-01 -7.448829e-04 -8.032987e-01 5.318774e-03 7.462991e-04 9.999856e-01 2.623186e+01
9.999980e-01 6.632766e-04 -1.861309e-03 -1.092412e+00 -6.617221e-04 9.999994e-01 8.357905e-04 -8.152146e-01 1.861862e-03 -8.345578e-04 9.999979e-01 2.616004e+01
9.999889e-01 -1.908141e-04 -4.712911e-03 -1.043555e+00 1.873523e-04 9.999997e-01 -7.350315e-04 -8.249507e-01 4.713050e-03 7.341410e-04 9.999886e-01 2.637551e+01
9.999993e-01 6.590076e-04 -9.340933e-04 -1.048245e+00 -6.580254e-04 9.999992e-01 1.051768e-03 -8.323018e-01 9.347855e-04 -1.051153e-03 9.999990e-01 2.663254e+01
9.999849e-01 9.536225e-05 -5.490942e-03 -1.128116e+00 -9.639063e-05 1.000000e+00 -1.870719e-04 -8.361403e-01 5.490924e-03 1.875990e-04 9.999849e-01 2.708337e+01
9.999978e-01 9.909661e-04 1.855429e-03 -1.415517e+00 -9.942011e-04 9.999980e-01 1.743257e-03 -8.301328e-01 -1.853698e-03 -1.745099e-03 9.999968e-01 2.788251e+01
9.999809e-01 -1.336039e-04 -6.186409e-03 -1.631605e+00 1.302397e-04 9.999998e-01 -5.442588e-04 -8.279455e-01 6.186481e-03 5.434434e-04 9.999807e-01 2.851388e+01
9.999980e-01 8.174391e-04 1.819164e-03 -1.777302e+00 -8.198265e-04 9.999988e-01 1.311812e-03 -8.291453e-01 -1.818089e-03 -1.313301e-03 9.999975e-01 2.899643e+01
9.999651e-01 -4.318746e-04 -8.344454e-03 -1.707615e+00 4.220295e-04 9.999992e-01 -1.181596e-03 -8.389592e-01 8.344958e-03 1.178034e-03 9.999645e-01 2.912365e+01
9.999950e-01 1.151997e-03 2.936687e-03 -1.791397e+00 -1.157522e-03 9.999976e-01 1.880063e-03 -8.429135e-01 -2.934514e-03 -1.883453e-03 9.999939e-01 2.961831e+01
9.999654e-01 -4.490266e-04 -8.305201e-03 -1.903746e+00 4.401681e-04 9.999993e-01 -1.068459e-03 -8.457394e-01 8.305676e-03 1.064767e-03 9.999649e-01 3.015638e+01
9.999954e-01 1.476936e-03 2.660776e-03 -2.093893e+00 -1.483969e-03 9.999954e-01 2.643058e-03 -8.442233e-01 -2.656860e-03 -2.646995e-03 9.999930e-01 3.087100e+01
9.999841e-01 -3.734929e-04 -5.628800e-03 -2.410583e+00 3.669696e-04 9.999993e-01 -1.159954e-03 -8.371835e-01 5.629229e-03 1.157871e-03 9.999835e-01 3.178860e+01
9.999972e-01 1.157563e-03 2.062934e-03 -2.631959e+00 -1.161949e-03 9.999971e-01 2.125957e-03 -8.350343e-01 -2.060467e-03 -2.128349e-03 9.999956e-01 3.244806e+01
9.999768e-01 -4.172441e-04 -6.799051e-03 -2.753245e+00 4.066021e-04 9.999987e-01 -1.566562e-03 -8.361151e-01 6.799696e-03 1.563762e-03 9.999757e-01 3.287600e+01
9.999982e-01 1.229013e-03 1.425122e-03 -2.895837e+00 -1.232844e-03 9.999956e-01 2.690371e-03 -8.370624e-01 -1.421810e-03 -2.692124e-03 9.999954e-01 3.339347e+01
9.999816e-01 -3.273995e-04 -6.051968e-03 -3.074406e+00 3.180718e-04 9.999988e-01 -1.542208e-03 -8.366764e-01 6.052465e-03 1.540256e-03 9.999805e-01 3.404141e+01
9.999986e-01 8.363786e-04 1.463988e-03 -3.137000e+00 -8.391007e-04 9.999979e-01 1.859510e-03 -8.416650e-01 -1.462429e-03 -1.860736e-03 9.999972e-01 3.446086e+01
9.999813e-01 -3.150890e-04 -6.108990e-03 -3.221894e+00 3.064764e-04 9.999990e-01 -1.410772e-03 -8.460834e-01 6.109428e-03 1.408874e-03 9.999803e-01 3.485808e+01
9.999994e-01 9.669725e-04 5.933871e-04 -3.247967e+00 -9.679958e-04 9.999980e-01 1.726068e-03 -8.512073e-01 -5.917171e-04 -1.726642e-03 9.999983e-01 3.510193e+01
9.999731e-01 -4.557120e-04 -7.322152e-03 -3.100885e+00 4.442125e-04 9.999987e-01 -1.572099e-03 -8.621291e-01 7.322859e-03 1.568805e-03 9.999720e-01 3.516447e+01
9.999974e-01 1.076783e-03 2.031323e-03 -3.165720e+00 -1.081076e-03 9.999972e-01 2.113335e-03 -8.669091e-01 -2.029042e-03 -2.115526e-03 9.999957e-01 3.558642e+01
9.999672e-01 -5.749658e-04 -8.073787e-03 -3.170262e+00 5.591048e-04 9.999979e-01 -1.966652e-03 -8.738966e-01 8.074901e-03 1.962075e-03 9.999655e-01 3.576301e+01
9.999987e-01 9.931510e-04 1.272968e-03 -3.068597e+00 -9.957837e-04 9.999974e-01 2.068970e-03 -8.844592e-01 -1.270910e-03 -2.070235e-03 9.999970e-01 3.578905e+01
9.999714e-01 -5.985099e-04 -7.537546e-03 -3.044118e+00 5.839645e-04 9.999980e-01 -1.931811e-03 -8.934389e-01 7.538687e-03 1.927354e-03 9.999697e-01 3.595570e+01
9.999980e-01 9.924626e-04 1.730271e-03 -3.051988e+00 -9.962194e-04 9.999971e-01 2.171478e-03 -9.010493e-01 -1.728111e-03 -2.173198e-03 9.999961e-01 3.616549e+01
9.999700e-01 -6.113269e-04 -7.718127e-03 -3.018869e+00 5.953741e-04 9.999977e-01 -2.069087e-03 -9.097743e-01 7.719374e-03 2.064430e-03 9.999681e-01 3.624147e+01
9.999976e-01 9.912263e-04 1.936401e-03 -2.950157e+00 -9.951785e-04 9.999974e-01 2.040921e-03 -9.194719e-01 -1.934373e-03 -2.042844e-03 9.999960e-01 3.626909e+01
9.999680e-01 -6.572462e-04 -7.973798e-03 -2.870153e+00 6.414810e-04 9.999978e-01 -1.979571e-03 -9.295773e-01 7.975082e-03 1.974394e-03 9.999662e-01 3.631065e+01
9.999976e-01 9.426906e-04 1.981838e-03 -2.821834e+00 -9.467535e-04 9.999975e-01 2.049936e-03 -9.392416e-01 -1.979900e-03 -2.051808e-03 9.999959e-01 3.642708e+01
9.999697e-01 -5.100247e-04 -7.762788e-03 -2.842049e+00 4.969077e-04 9.999984e-01 -1.691607e-03 -9.462930e-01 7.763639e-03 1.687699e-03 9.999684e-01 3.665415e+01
9.999959e-01 1.115991e-03 2.624782e-03 -2.928257e+00 -1.122260e-03 9.999965e-01 2.388217e-03 -9.501101e-01 -2.622108e-03 -2.391154e-03 9.999937e-01 3.705182e+01
9.999730e-01 -5.456058e-04 -7.334510e-03 -3.032358e+00 5.329797e-04 9.999984e-01 -1.723356e-03 -9.534285e-01 7.335439e-03 1.719401e-03 9.999716e-01 3.745025e+01
9.999964e-01 9.956220e-04 2.485452e-03 -3.106127e+00 -1.000877e-03 9.999973e-01 2.113945e-03 -9.580383e-01 -2.483340e-03 -2.116425e-03 9.999947e-01 3.778846e+01
9.999682e-01 -3.993254e-04 -7.968398e-03 -3.118876e+00 3.852388e-04 9.999984e-01 -1.769304e-03 -9.651172e-01 7.969092e-03 1.766179e-03 9.999667e-01 3.813909e+01
9.999975e-01 1.036241e-03 1.993158e-03 -3.060539e+00 -1.039765e-03 9.999979e-01 1.767896e-03 -9.741444e-01 -1.991322e-03 -1.769965e-03 9.999965e-01 3.839690e+01
9.999676e-01 -3.541462e-04 -8.038214e-03 -2.953128e+00 3.406933e-04 9.999985e-01 -1.674960e-03 -9.843091e-01 8.038796e-03 1.672168e-03 9.999663e-01 3.857503e+01
9.999966e-01 7.766197e-04 2.496292e-03 -2.908179e+00 -7.805786e-04 9.999984e-01 1.585194e-03 -9.936144e-01 -2.495057e-03 -1.587138e-03 9.999956e-01 3.878823e+01
9.999682e-01 -2.146724e-04 -7.974195e-03 -2.870439e+00 2.012829e-04 9.999986e-01 -1.679911e-03 -1.002289e+00 7.974544e-03 1.678254e-03 9.999668e-01 3.903444e+01
9.999992e-01 1.073565e-03 6.779020e-04 -2.625286e+00 -1.074837e-03 9.999977e-01 1.878070e-03 -1.013819e+00 -6.758844e-04 -1.878798e-03 9.999980e-01 3.902966e+01
9.999610e-01 -1.520366e-04 -8.835190e-03 -2.309942e+00 1.372903e-04 9.999986e-01 -1.669663e-03 -1.026798e+00 8.835432e-03 1.668386e-03 9.999596e-01 3.902540e+01
9.999993e-01 2.596150e-04 1.190385e-03 -2.010366e+00 -2.619713e-04 9.999980e-01 1.979416e-03 -1.039123e+00 -1.189869e-03 -1.979727e-03 9.999973e-01 3.907279e+01
9.999583e-01 6.445103e-04 -9.111241e-03 -1.704058e+00 -6.601525e-04 9.999983e-01 -1.713932e-03 -1.051743e+00 9.110121e-03 1.719876e-03 9.999570e-01 3.906864e+01
9.999989e-01 4.157160e-04 1.425906e-03 -1.343960e+00 -4.186831e-04 9.999977e-01 2.080965e-03 -1.065175e+00 -1.425038e-03 -2.081560e-03 9.999968e-01 3.908768e+01
9.999538e-01 8.727083e-04 -9.576462e-03 -8.982044e-01 -8.886940e-04 9.999982e-01 -1.665182e-03 -1.078722e+00 9.574992e-03 1.673617e-03 9.999528e-01 3.900823e+01
9.998956e-01 -8.986025e-03 -1.131653e-02 3.670009e-01 8.872238e-03 9.999100e-01 -1.006523e-02 -1.093692e+00 1.140596e-02 9.963773e-03 9.998853e-01 3.834276e+01
9.997159e-01 -3.987493e-04 -2.383140e-02 1.837625e+00 6.267677e-04 9.999541e-01 9.561261e-03 -1.122372e+00 2.382650e-02 -9.573481e-03 9.996703e-01 3.819011e+01
9.998057e-01 1.145568e-03 1.967946e-02 1.813157e+00 -9.583989e-04 9.999542e-01 -9.517733e-03 -1.128524e+00 -1.968946e-02 9.497023e-03 9.997610e-01 3.854942e+01
9.996787e-01 -4.878105e-04 -2.534375e-02 1.847625e+00 7.287249e-04 9.999546e-01 9.497491e-03 -1.137866e+00 2.533796e-02 -9.512907e-03 9.996337e-01 3.888044e+01
9.998097e-01 1.282344e-03 1.946753e-02 1.853014e+00 -1.098239e-03 9.999546e-01 -9.464773e-03 -1.145723e+00 -1.947879e-02 9.441591e-03 9.997657e-01 3.924678e+01
9.996878e-01 -5.377722e-04 -2.498182e-02 1.897885e+00 7.718322e-04 9.999559e-01 9.360500e-03 -1.155070e+00 2.497569e-02 -9.376859e-03 9.996441e-01 3.953786e+01
9.998177e-01 1.524195e-03 1.903456e-02 1.991845e+00 -1.345275e-03 9.999548e-01 -9.409045e-03 -1.165183e+00 -1.904804e-02 9.381722e-03 9.997746e-01 3.976670e+01
9.996771e-01 -1.411826e-03 -2.537194e-02 2.132586e+00 1.650377e-03 9.999546e-01 9.383642e-03 -1.175183e+00 2.535754e-02 -9.422484e-03 9.996340e-01 3.989587e+01
9.998334e-01 2.584954e-03 1.806665e-02 2.403952e+00 -2.417424e-03 9.999539e-01 -9.288581e-03 -1.188002e+00 -1.808983e-02 9.243359e-03 9.997936e-01 3.993949e+01
9.995756e-01 -1.446133e-03 -2.909639e-02 2.449092e+00 1.744943e-03 9.999460e-01 1.024689e-02 -1.197603e+00 2.908000e-02 -1.029331e-02 9.995241e-01 4.055541e+01
9.997916e-01 3.259092e-03 2.015165e-02 2.152642e+00 -3.106997e-03 9.999665e-01 -7.574276e-03 -1.192013e+00 -2.017566e-02 7.510086e-03 9.997682e-01 4.162703e+01
9.995235e-01 -2.137556e-03 -3.079409e-02 2.068449e+00 2.421272e-03 9.999549e-01 9.178974e-03 -1.196660e+00 3.077308e-02 -9.249160e-03 9.994836e-01 4.235535e+01
9.997079e-01 3.435743e-03 2.392484e-02 2.010064e+00 -3.239976e-03 9.999610e-01 -8.216593e-03 -1.201488e+00 -2.395213e-02 8.136677e-03 9.996800e-01 4.288117e+01
9.995226e-01 -1.900260e-03 -3.083836e-02 2.230021e+00 2.157561e-03 9.999631e-01 8.312381e-03 -1.212500e+00 3.082142e-02 -8.374948e-03 9.994898e-01 4.292477e+01
9.997488e-01 -1.506109e-03 2.236037e-02 2.542784e+00 1.697865e-03 9.999619e-01 -8.559233e-03 -1.225261e+00 -2.234663e-02 8.595048e-03 9.997133e-01 4.298503e+01
9.995676e-01 2.423569e-03 -2.930388e-02 2.682558e+00 -2.164261e-03 9.999583e-01 8.877395e-03 -1.236560e+00 2.932417e-02 -8.810135e-03 9.995311e-01 4.315163e+01
9.997740e-01 -1.623449e-03 2.119595e-02 2.731254e+00 1.807976e-03 9.999606e-01 -8.689532e-03 -1.247052e+00 -2.118101e-02 8.725890e-03 9.997376e-01 4.344516e+01
9.994768e-01 3.092170e-03 -3.219627e-02 2.561224e+00 -2.748799e-03 9.999389e-01 1.070370e-02 -1.249253e+00 3.222740e-02 -1.060960e-02 9.994242e-01 4.427648e+01
9.997493e-01 -9.269107e-04 2.237013e-02 2.309970e+00 1.101562e-03 9.999690e-01 -7.796322e-03 -1.245788e+00 -2.236221e-02 7.819009e-03 9.997194e-01 4.529512e+01
9.994778e-01 2.671805e-03 -3.220313e-02 2.022725e+00 -2.324501e-03 9.999388e-01 1.081739e-02 -1.240823e+00 3.223006e-02 -1.073689e-02 9.994228e-01 4.618746e+01
9.996970e-01 -1.038403e-03 2.459429e-02 1.927802e+00 1.261550e-03 9.999582e-01 -9.059391e-03 -1.242517e+00 -2.458386e-02 9.087672e-03 9.996565e-01 4.670799e+01
9.995205e-01 1.838124e-03 -3.091077e-02 1.968274e+00 -1.553390e-03 9.999562e-01 9.232956e-03 -1.251912e+00 3.092639e-02 -9.180512e-03 9.994795e-01 4.692371e+01
9.997216e-01 -7.166796e-04 2.358590e-02 2.114883e+00 9.305890e-04 9.999585e-01 -9.059672e-03 -1.262974e+00 -2.357843e-02 9.079098e-03 9.996808e-01 4.702105e+01
9.994523e-01 7.835211e-05 -3.309085e-02 2.352876e+00 2.319967e-04 9.999560e-01 9.374735e-03 -1.275377e+00 3.309013e-02 -9.377277e-03 9.994084e-01 4.714885e+01
9.996499e-01 1.164401e-03 2.643187e-02 2.412460e+00 -9.297654e-04 9.999601e-01 -8.887553e-03 -1.284972e+00 -2.644117e-02 8.859866e-03 9.996111e-01 4.754581e+01
9.994282e-01 -2.607442e-04 -3.381140e-02 2.466746e+00 5.615941e-04 9.999603e-01 8.888681e-03 -1.295218e+00 3.380774e-02 -8.902586e-03 9.993887e-01 4.782411e+01
9.996439e-01 1.486094e-03 2.664156e-02 2.508938e+00 -1.265997e-03 9.999649e-01 -8.276409e-03 -1.303357e+00 -2.665293e-02 8.239734e-03 9.996108e-01 4.806263e+01
9.994460e-01 -6.801050e-04 -3.327469e-02 2.540004e+00 9.668515e-04 9.999625e-01 8.602213e-03 -1.312413e+00 3.326759e-02 -8.629618e-03 9.994092e-01 4.831500e+01
9.996089e-01 1.380849e-03 2.793222e-02 2.551832e+00 -1.139888e-03 9.999620e-01 -8.640748e-03 -1.321465e+00 -2.794309e-02 8.605528e-03 9.995725e-01 4.861855e+01
9.994376e-01 -6.590904e-04 -3.352621e-02 2.579826e+00 9.445648e-04 9.999634e-01 8.499824e-03 -1.330453e+00 3.351938e-02 -8.526711e-03 9.994017e-01 4.886057e+01
9.996754e-01 1.812114e-03 2.541446e-02 2.757013e+00 -1.602196e-03 9.999645e-01 -8.277747e-03 -1.342376e+00 -2.542856e-02 8.234341e-03 9.996427e-01 4.898355e+01
9.994504e-01 -1.081904e-03 -3.313123e-02 2.848253e+00 1.355577e-03 9.999651e-01 8.238907e-03 -1.353366e+00 3.312116e-02 -8.279291e-03 9.994171e-01 4.917447e+01
9.996977e-01 2.757195e-03 2.443057e-02 3.061914e+00 -2.560602e-03 9.999641e-01 -8.074623e-03 -1.364600e+00 -2.445196e-02 8.009625e-03 9.996689e-01 4.919620e+01
9.994208e-01 -1.291925e-03 -3.400452e-02 3.258877e+00 1.575897e-03 9.999641e-01 8.325516e-03 -1.376851e+00 3.399255e-02 -8.374282e-03 9.993870e-01 4.931483e+01
9.997351e-01 4.330972e-03 2.260576e-02 3.712769e+00 -4.157417e-03 9.999616e-01 -7.718825e-03 -1.388432e+00 -2.263832e-02 7.622798e-03 9.997147e-01 4.912354e+01
9.993239e-01 -7.347913e-03 -3.602567e-02 4.602616e+00 7.641179e-03 9.999387e-01 8.009558e-03 -1.401791e+00 3.596461e-02 -8.279421e-03 9.993188e-01 4.860309e+01
9.997012e-01 1.034096e-02 2.214762e-02 5.117227e+00 -1.018396e-02 9.999223e-01 -7.189695e-03 -1.416756e+00 -2.222025e-02 6.961996e-03 9.997289e-01 4.845198e+01
9.994248e-01 -8.019052e-03 -3.295240e-02 5.281534e+00 8.280610e-03 9.999352e-01 7.808619e-03 -1.430011e+00 3.288764e-02 -8.076993e-03 9.994264e-01 4.880442e+01
9.997086e-01 9.838270e-03 2.204384e-02 5.244403e+00 -9.705748e-03 9.999342e-01 -6.110738e-03 -1.434714e+00 -2.210251e-02 5.895005e-03 9.997383e-01 4.928548e+01
9.993524e-01 -7.267376e-03 -3.524148e-02 5.479769e+00 7.514618e-03 9.999480e-01 6.888268e-03 -1.444857e+00 3.518959e-02 -7.148633e-03 9.993551e-01 4.940417e+01
9.997130e-01 9.593571e-03 2.195227e-02 5.430340e+00 -9.488942e-03 9.999431e-01 -4.865466e-03 -1.448957e+00 -2.199769e-02 4.655765e-03 9.997472e-01 4.996527e+01
9.993655e-01 -7.860355e-03 -3.473965e-02 5.615559e+00 8.046900e-03 9.999539e-01 5.233212e-03 -1.463131e+00 3.469691e-02 -5.509437e-03 9.993827e-01 5.031785e+01
9.997059e-01 1.003772e-02 2.207579e-02 5.796530e+00 -9.939145e-03 9.999402e-01 -4.570306e-03 -1.474879e+00 -2.212035e-02 4.349547e-03 9.997459e-01 5.063858e+01
9.993083e-01 -6.605344e-03 -3.659720e-02 6.187545e+00 6.803083e-03 9.999629e-01 5.281232e-03 -1.490028e+00 3.656096e-02 -5.526552e-03 9.993161e-01 5.090704e+01
9.995342e-01 9.189308e-03 2.910105e-02 6.510076e+00 -9.050243e-03 9.999470e-01 -4.906841e-03 -1.502668e+00 -2.914460e-02 4.641183e-03 9.995644e-01 5.105929e+01
9.989869e-01 -8.298321e-03 -4.422984e-02 6.901832e+00 8.487605e-03 9.999556e-01 4.093456e-03 -1.517250e+00 4.419391e-02 -4.464714e-03 9.990130e-01 5.114449e+01
9.993491e-01 7.285942e-03 3.533137e-02 7.110402e+00 -7.139310e-03 9.999654e-01 -4.274612e-03 -1.529386e+00 -3.536129e-02 4.019587e-03 9.993665e-01 5.144705e+01
9.987849e-01 -1.098286e-02 -4.804255e-02 7.353820e+00 1.121305e-02 9.999269e-01 4.524448e-03 -1.541892e+00 4.798935e-02 -5.057653e-03 9.988350e-01 5.156053e+01
9.994243e-01 8.279433e-03 3.290305e-02 8.020745e+00 -8.146204e-03 9.999581e-01 -4.181172e-03 -1.555222e+00 -3.293629e-02 3.910729e-03 9.994498e-01 5.151229e+01
9.990307e-01 -6.319696e-03 -4.356379e-02 8.284576e+00 6.525373e-03 9.999682e-01 4.580688e-03 -1.568987e+00 4.353346e-02 -4.860517e-03 9.990401e-01 5.171205e+01
9.994809e-01 8.772171e-03 3.099871e-02 8.437207e+00 -8.675352e-03 9.999571e-01 -3.256440e-03 -1.579474e+00 -3.102595e-02 2.985825e-03 9.995141e-01 5.222613e+01
9.991072e-01 -7.276187e-03 -4.161567e-02 8.402403e+00 7.469289e-03 9.999620e-01 4.486527e-03 -1.585949e+00 4.158145e-02 -4.793361e-03 9.991236e-01 5.278209e+01
9.994631e-01 8.987715e-03 3.150897e-02 8.421441e+00 -8.878484e-03 9.999541e-01 -3.604897e-03 -1.592988e+00 -3.153992e-02 3.323209e-03 9.994970e-01 5.319728e+01
9.991113e-01 -9.034726e-03 -4.117104e-02 8.749195e+00 9.193469e-03 9.999510e-01 3.667977e-03 -1.606377e+00 4.113589e-02 -4.043221e-03 9.991454e-01 5.332212e+01
9.994494e-01 8.431398e-03 3.208911e-02 8.873117e+00 -8.334471e-03 9.999603e-01 -3.153149e-03 -1.613313e+00 -3.211442e-02 2.883967e-03 9.994800e-01 5.350013e+01
9.991940e-01 -8.098253e-03 -3.931565e-02 9.058912e+00 8.218319e-03 9.999620e-01 2.893235e-03 -1.624683e+00 3.929073e-02 -3.214011e-03 9.992227e-01 5.351772e+01
9.994303e-01 8.993661e-03 3.252944e-02 9.212341e+00 -8.902032e-03 9.999560e-01 -2.960527e-03 -1.634843e+00 -3.255464e-02 2.669262e-03 9.994664e-01 5.348980e+01
9.991931e-01 -7.841218e-03 -3.939182e-02 9.441861e+00 7.951670e-03 9.999649e-01 2.648027e-03 -1.646343e+00 3.936967e-02 -2.959121e-03 9.992203e-01 5.342716e+01
9.994567e-01 9.199241e-03 3.165007e-02 9.572747e+00 -9.124160e-03 9.999552e-01 -2.515848e-03 -1.657504e+00 -3.167180e-02 2.225700e-03 9.994958e-01 5.374265e+01
9.992729e-01 -8.709223e-03 -3.711847e-02 9.584258e+00 8.794002e-03 9.999591e-01 2.121337e-03 -1.666758e+00 3.709848e-02 -2.446214e-03 9.993086e-01 5.410848e+01
9.994918e-01 9.527574e-03 3.041837e-02 9.662382e+00 -9.458727e-03 9.999524e-01 -2.406432e-03 -1.676059e+00 -3.043985e-02 2.117490e-03 9.995344e-01 5.425782e+01
9.991505e-01 -1.319890e-02 -3.903874e-02 9.970533e+00 1.328292e-02 9.999100e-01 1.893724e-03 -1.687897e+00 3.901023e-02 -2.410663e-03 9.992359e-01 5.416490e+01
9.994867e-01 1.020837e-02 3.036713e-02 1.022015e+01 -1.014567e-02 9.999461e-01 -2.217997e-03 -1.699230e+00 -3.038814e-02 1.908763e-03 9.995364e-01 5.412624e+01
9.992147e-01 -1.096993e-02 -3.807479e-02 1.042231e+01 1.105023e-02 9.999371e-01 1.899265e-03 -1.710105e+00 3.805156e-02 -2.318508e-03 9.992731e-01 5.408536e+01
9.994969e-01 1.129825e-02 2.963524e-02 1.073319e+01 -1.125118e-02 9.999352e-01 -1.754650e-03 -1.721451e+00 -2.965315e-02 1.420335e-03 9.995592e-01 5.397498e+01
9.992670e-01 -9.905451e-03 -3.697639e-02 1.103178e+01 9.965702e-03 9.999493e-01 1.445487e-03 -1.733532e+00 3.696020e-02 -1.812923e-03 9.993151e-01 5.388899e+01
9.995251e-01 1.082055e-02 2.885403e-02 1.125432e+01 -1.078197e-02 9.999408e-01 -1.492120e-03 -1.745592e+00 -2.886847e-02 1.180308e-03 9.995825e-01 5.399325e+01
9.991489e-01 -8.122682e-03 -4.044018e-02 1.182263e+01 8.193245e-03 9.999652e-01 1.579449e-03 -1.758759e+00 4.042594e-02 -1.909441e-03 9.991807e-01 5.379593e+01
9.996616e-01 -7.357691e-03 2.494906e-02 1.249955e+01 7.407004e-03 9.999708e-01 -1.884731e-03 -1.772138e+00 -2.493446e-02 2.068891e-03 9.996869e-01 5.360911e+01
9.994424e-01 8.405591e-03 -3.231310e-02 1.266680e+01 -8.339562e-03 9.999629e-01 2.177634e-03 -1.783241e+00 3.233020e-02 -1.906943e-03 9.994754e-01 5.360734e+01
9.997256e-01 -7.212417e-03 2.228787e-02 1.281757e+01 7.249346e-03 9.999725e-01 -1.576572e-03 -1.795228e+00 -2.227588e-02 1.737711e-03 9.997504e-01 5.380129e+01
9.995121e-01 7.784506e-03 -3.024807e-02 1.283865e+01 -7.721852e-03 9.999678e-01 2.187595e-03 -1.804356e+00 3.026412e-02 -1.952956e-03 9.995400e-01 5.403571e+01
9.996939e-01 -7.363577e-03 2.362105e-02 1.288239e+01 7.411552e-03 9.999706e-01 -1.944165e-03 -1.814474e+00 -2.360604e-02 2.118638e-03 9.997191e-01 5.414472e+01
9.992985e-01 8.225142e-03 -3.653527e-02 1.275623e+01 -8.102092e-03 9.999610e-01 3.514762e-03 -1.820291e+00 3.656276e-02 -3.216284e-03 9.993262e-01 5.472904e+01
9.995683e-01 -6.270550e-03 2.870379e-02 1.264375e+01 6.303778e-03 9.999796e-01 -1.067322e-03 -1.819757e+00 -2.869651e-02 1.247803e-03 9.995874e-01 5.526752e+01
9.993781e-01 6.712903e-03 -3.461764e-02 1.262445e+01 -6.659801e-03 9.999765e-01 1.649020e-03 -1.827090e+00 3.462789e-02 -1.417447e-03 9.993993e-01 5.546343e+01
9.995850e-01 -5.991143e-03 2.817729e-02 1.258465e+01 6.009707e-03 9.999818e-01 -5.742155e-04 -1.832640e+00 -2.817333e-02 7.433140e-04 9.996028e-01 5.577043e+01
9.993748e-01 6.652963e-03 -3.472287e-02 1.269530e+01 -6.629936e-03 9.999777e-01 7.782551e-04 -1.842759e+00 3.472727e-02 -5.475577e-04 9.993967e-01 5.580894e+01
9.996314e-01 -5.181758e-03 2.664934e-02 1.304127e+01 5.191974e-03 9.999865e-01 -3.141838e-04 -1.854875e+00 -2.664735e-02 4.524303e-04 9.996448e-01 5.564410e+01
9.993983e-01 5.789747e-03 -3.419713e-02 1.319842e+01 -5.769129e-03 9.999831e-01 7.015514e-04 -1.866141e+00 3.420061e-02 -5.038412e-04 9.994149e-01 5.566709e+01
9.996044e-01 -5.090076e-03 2.766020e-02 1.334596e+01 5.104938e-03 9.999869e-01 -4.667469e-04 -1.876969e+00 -2.765746e-02 6.077654e-04 9.996173e-01 5.564900e+01
