1.000000e+00 1.197625e-11 1.704638e-10 1.665335e-16 1.197625e-11 1.000000e+00 3.562503e-10 -1.110223e-16 1.704638e-10 3.562503e-10 1.000000e+00 2.220446e-16 0.000000e+00 0.000000e+00 0.000000e+00 1.000000e+00
9.783961e-01 -1.575864e-01 1.338190e-01 3.336004e-01 1.506272e-01 9.867260e-01 6.069052e-02 4.345403e-03 -1.416067e-01 -3.922260e-02 9.891457e-01 -2.258631e-01
9.990143e-01 2.078076e-02 3.922498e-02 5.610842e-01 -1.936515e-02 9.991594e-01 -3.613094e-02 5.707251e-03 -3.994284e-02 3.533573e-02 9.985770e-01 -3.577704e-01
9.561772e-01 -1.576631e-01 2.467136e-01 7.204100e-01 1.376022e-01 9.857604e-01 9.665444e-02 2.806829e-03 -2.584393e-01 -5.847045e-02 9.642564e-01 -4.337559e-01
9.833854e-01 1.695516e-02 -1.807365e-01 1.303212e+00 -2.138408e-02 9.995162e-01 -2.258442e-02 1.446600e-02 1.802661e-01 2.607407e-02 9.832722e-01 -8.463321e-01
9.790339e-01 -2.012717e-01 -3.134302e-02 2.240224e+00 2.025394e-01 9.782593e-01 4.457092e-02 4.288331e-02 2.169073e-02 -4.998464e-02 9.985144e-01 -1.594066e+00
9.641493e-01 1.166041e-02 -2.651042e-01 3.329755e+00 -8.040807e-04 9.991579e-01 4.102288e-02 7.648897e-02 2.653593e-01 -3.933901e-02 9.633467e-01 -2.456078e+00
9.763003e-01 -2.098534e-01 -5.290774e-02 4.425151e+00 2.086151e-01 9.775971e-01 -2.799394e-02 1.119314e-01 5.759708e-02 1.629314e-02 9.982069e-01 -3.340228e+00
9.979058e-01 -1.552521e-02 -6.279366e-02 5.266704e+00 2.091426e-02 9.960673e-01 8.609635e-02 1.378274e-01 6.121005e-02 -8.722933e-02 9.943060e-01 -4.034069e+00
9.772957e-01 -2.117720e-01 6.761966e-03 6.024212e+00 2.118160e-01 9.757195e-01 -5.572666e-02 1.593656e-01 5.203564e-03 5.589372e-02 9.984232e-01 -4.646401e+00
9.977499e-01 1.109776e-02 6.612042e-02 6.493685e+00 -1.766253e-02 9.948764e-01 9.954396e-02 1.711267e-01 -6.467693e-02 -1.004878e-01 9.928339e-01 -5.031633e+00
9.701142e-01 -2.377722e-01 4.840175e-02 6.785974e+00 2.396274e-01 9.701615e-01 -3.695133e-02 1.741675e-01 -3.817151e-02 4.744540e-02 9.981442e-01 -5.231444e+00
9.914047e-01 -1.270791e-02 1.302124e-01 7.614557e+00 8.275837e-04 9.958607e-01 9.088874e-02 1.990315e-01 -1.308284e-01 -8.999976e-02 9.873115e-01 -5.891682e+00
9.806818e-01 -1.702703e-01 9.628704e-02 8.110316e+00 1.792471e-01 9.793184e-01 -9.383993e-02 2.127111e-01 -7.831752e-02 1.092863e-01 9.909202e-01 -6.318433e+00
9.495290e-01 -8.546708e-03 3.135629e-01 8.289128e+00 -3.595719e-02 9.900737e-01 1.358715e-01 2.107416e-01 -3.116116e-01 -1.402888e-01 9.397964e-01 -6.446717e+00
8.375190e-01 -1.570435e-01 -5.233539e-01 9.197523e+00 1.248201e-01 9.874693e-01 -9.656265e-02 2.327681e-01 5.319605e-01 1.554797e-02 8.466264e-01 -7.065147e+00
9.055246e-01 -9.563793e-02 -4.133747e-01 1.127095e+01 1.374603e-01 9.878453e-01 7.256899e-02 3.033695e-01 4.014099e-01 -1.225356e-01 9.076646e-01 -8.594495e+00
8.579402e-01 -1.511031e-02 -5.135274e-01 1.325908e+01 1.632321e-03 9.996425e-01 -2.668695e-02 3.707365e-01 5.137470e-01 2.205757e-02 8.576581e-01 -1.005789e+01
8.304833e-01 -1.267870e-01 -5.424229e-01 1.557522e+01 1.568836e-01 9.875727e-01 9.361459e-03 4.514778e-01 5.344951e-01 -9.287181e-02 8.400534e-01 -1.180961e+01
8.181185e-01 -1.250055e-02 -5.749138e-01 1.807462e+01 2.265413e-02 9.996882e-01 1.050091e-02 5.423705e-01 5.746033e-01 -2.161516e-02 8.181466e-01 -1.370777e+01
8.832169e-01 -1.291186e-01 -4.508396e-01 2.027955e+01 1.349162e-01 9.906668e-01 -1.941533e-02 6.226054e-01 4.491387e-01 -4.367761e-02 8.923938e-01 -1.539997e+01
8.323175e-01 -1.592764e-02 -5.540703e-01 2.255285e+01 5.485272e-02 9.970474e-01 5.373733e-02 7.022622e-01 5.515784e-01 -7.511878e-02 8.307336e-01 -1.712989e+01
8.654662e-01 -9.535389e-02 -4.918088e-01 2.489263e+01 7.005512e-02 9.951082e-01 -6.965533e-02 7.859000e-01 4.960449e-01 2.583062e-02 8.679126e-01 -1.890857e+01
9.066495e-01 -2.031341e-01 -3.697611e-01 2.706967e+01 2.233565e-01 9.746602e-01 1.222236e-02 8.620281e-01 3.579087e-01 -9.366995e-02 9.290465e-01 -2.058448e+01
7.751220e-01 6.867633e-02 -6.280680e-01 2.947199e+01 -3.672697e-02 9.972916e-01 6.372310e-02 9.431286e-01 6.307432e-01 -2.632615e-02 7.755449e-01 -2.237854e+01
9.016700e-01 -2.236458e-01 -3.700996e-01 3.178665e+01 1.808174e-01 9.724517e-01 -1.471148e-01 1.025658e+00 3.928056e-01 6.572857e-02 9.172696e-01 -2.413726e+01
8.607283e-01 -3.121960e-02 -5.081065e-01 3.385763e+01 1.414161e-01 9.734957e-01 1.797433e-01 1.099209e+00 4.890279e-01 -2.265646e-01 8.423302e-01 -2.573196e+01
5.297515e-01 3.528564e-01 -7.712689e-01 3.742125e+01 -3.509530e-01 9.190453e-01 1.794097e-01 1.226650e+00 7.721369e-01 1.756366e-01 6.107015e-01 -2.843126e+01
7.473911e-01 -2.691259e-01 -6.074355e-01 4.065926e+01 4.722170e-02 9.334891e-01 -3.554831e-01 1.361724e+00 6.627041e-01 2.370008e-01 7.103900e-01 -3.093534e+01
6.931368e-01 2.708971e-01 -6.679642e-01 4.295625e+01 1.546185e-01 8.492404e-01 5.048602e-01 1.453105e+00 7.040273e-01 -4.532168e-01 5.467541e-01 -3.262029e+01
9.704660e-01 7.686697e-04 -2.412365e-01 4.506911e+01 -1.157417e-01 8.788664e-01 -4.628149e-01 1.531298e+00 2.116590e-01 4.770673e-01 8.529990e-01 -3.424487e+01
6.680453e-01 -1.858081e-01 -7.205490e-01 4.711982e+01 4.814648e-01 8.462473e-01 2.281604e-01 1.603709e+00 5.673686e-01 -4.993405e-01 6.547916e-01 -3.575176e+01
7.155895e-01 5.627698e-01 -4.137896e-01 4.941408e+01 -5.735827e-01 8.114918e-01 1.117315e-01 1.687102e+00 3.986660e-01 1.573887e-01 9.034900e-01 -3.743014e+01
4.253193e-01 -2.964070e-01 -8.551295e-01 5.302447e+01 -4.905678e-03 9.440802e-01 -3.296793e-01 1.825430e+00 9.050301e-01 1.444140e-01 4.000814e-01 -4.017424e+01
7.940849e-01 2.846069e-01 -5.370550e-01 5.776716e+01 4.789624e-02 8.515461e-01 5.220874e-01 2.010393e+00 6.059167e-01 -4.403046e-01 6.625683e-01 -4.395256e+01
3.239554e-01 2.285328e-01 -9.180553e-01 6.286281e+01 -6.258879e-01 7.794515e-01 -2.682790e-02 2.215978e+00 7.094486e-01 5.832907e-01 3.955435e-01 -4.800929e+01
7.134508e-01 -3.712189e-01 -5.942933e-01 6.752973e+01 4.172563e-01 9.064411e-01 -6.528124e-02 2.401561e+00 5.629255e-01 -2.013977e-01 8.015946e-01 -5.154934e+01
3.539519e-01 5.757168e-01 -7.370673e-01 7.200039e+01 -2.497139e-01 8.176490e-01 5.187418e-01 2.580511e+00 9.013107e-01 4.463291e-04 4.331729e-01 -5.498086e+01
8.805573e-01 8.343933e-04 -4.739390e-01 7.639627e+01 -1.502976e-01 9.488743e-01 -2.775756e-01 2.753254e+00 4.494769e-01 3.156531e-01 8.356636e-01 -5.825854e+01
4.349145e-01 3.837502e-01 -8.146073e-01 8.118771e+01 1.669476e-02 9.010533e-01 4.333870e-01 2.925541e+00 9.003170e-01 -2.020860e-01 3.854745e-01 -6.119446e+01
8.849331e-01 3.667415e-01 -2.870436e-01 8.629111e+01 -3.974269e-01 9.159888e-01 -5.492228e-02 3.113113e+00 2.427864e-01 1.626814e-01 9.563417e-01 -6.427251e+01
3.583585e-01 -5.303790e-02 -9.320763e-01 9.152115e+01 -1.203512e-01 9.874298e-01 -1.024595e-01 3.308654e+00 9.257941e-01 1.488938e-01 3.474707e-01 -6.770455e+01
9.132199e-01 2.290688e-01 -3.369821e-01 9.641329e+01 -1.182402e-01 9.404087e-01 3.188271e-01 3.499749e+00 3.899342e-01 -2.513144e-01 8.858851e-01 -7.118941e+01
3.460891e-01 1.621268e-01 -9.240872e-01 1.011034e+02 -4.722374e-01 8.811903e-01 -2.226160e-02 3.683494e+00 8.106875e-01 4.440930e-01 3.815327e-01 -7.467128e+01
7.783482e-01 -2.780667e-01 -5.628970e-01 1.060523e+02 2.313926e-01 9.605100e-01 -1.545252e-01 3.883354e+00 5.836365e-01 -9.975756e-03 8.119538e-01 -7.846698e+01
3.721675e-01 4.456239e-01 -8.141933e-01 1.108983e+02 -9.265922e-02 8.906627e-01 4.451226e-01 4.080432e+00 9.235289e-01 -9.021768e-02 3.727669e-01 -8.232228e+01
9.964659e-01 -7.742280e-02 -3.257854e-02 1.132438e+02 4.449416e-02 8.154828e-01 -5.770685e-01 4.183285e+00 7.124550e-02 5.735796e-01 8.160457e-01 -8.416415e+01
3.478554e-01 2.856331e-01 -8.929784e-01 1.159397e+02 3.365043e-01 8.509600e-01 4.032765e-01 4.278366e+00 8.750780e-01 -4.407729e-01 1.998943e-01 -8.608850e+01
7.418146e-01 5.408404e-01 -3.964881e-01 1.197915e+02 -6.108781e-01 7.889009e-01 -6.680860e-02 4.434254e+00 2.766570e-01 2.917655e-01 9.156057e-01 -8.908550e+01
6.937146e-01 -3.932935e-01 -6.033906e-01 1.220582e+02 3.628907e-01 9.145039e-01 -1.788656e-01 4.505893e+00 6.221498e-01 -9.488312e-02 7.771273e-01 -9.064393e+01
5.016798e-01 5.492637e-01 -6.683014e-01 1.256127e+02 -2.034559e-01 8.258026e-01 5.259808e-01 4.651511e+00 8.407872e-01 -1.279041e-01 5.260394e-01 -9.343043e+01
8.387442e-01 4.305114e-02 -5.428212e-01 1.290932e+02 -2.884528e-01 8.806379e-01 -3.758616e-01 4.792333e+00 4.618476e-01 4.718300e-01 7.510481e-01 -9.613384e+01
8.874691e-01 -2.659100e-01 -3.764180e-01 1.308456e+02 3.751248e-01 8.912646e-01 2.548112e-01 4.871178e+00 2.677312e-01 -3.673408e-01 8.907192e-01 -9.755093e+01
7.539862e-01 2.437230e-01 6.100032e-01 1.309541e+02 -1.979160e-02 9.366297e-01 -3.497614e-01 4.867008e+00 -6.565921e-01 2.516423e-01 7.110295e-01 -9.758768e+01
9.201244e-01 -6.856711e-02 -3.855769e-01 1.310386e+02 2.194578e-01 9.057207e-01 3.626406e-01 4.862960e+00 3.243598e-01 -4.182924e-01 8.484234e-01 -9.754148e+01
6.176556e-01 7.505465e-02 7.828591e-01 1.311535e+02 2.682519e-01 9.156331e-01 -2.994278e-01 4.859132e+00 -7.392851e-01 3.949467e-01 5.454123e-01 -9.761129e+01
6.471666e-01 3.545638e-01 -6.748777e-01 1.311355e+02 2.948537e-02 8.729574e-01 4.869046e-01 4.851270e+00 7.617782e-01 -3.350074e-01 5.544944e-01 -9.744858e+01
5.638579e-01 -3.794583e-02 8.249996e-01 1.311297e+02 4.166296e-01 8.755854e-01 -2.444790e-01 4.843194e+00 -7.130807e-01 4.815706e-01 5.095152e-01 -9.727028e+01
8.906083e-01 3.525708e-01 -2.872466e-01 1.312082e+02 -1.822457e-01 8.553899e-01 4.848656e-01 4.839295e+00 4.166573e-01 -3.794759e-01 8.260719e-01 -9.732501e+01
4.910725e-01 -3.129692e-01 8.129564e-01 1.312731e+02 5.847792e-01 8.101376e-01 -4.135633e-02 4.835035e+00 -6.456633e-01 4.957089e-01 5.808542e-01 -9.736925e+01
8.451656e-01 5.164274e-01 -1.378326e-01 1.313923e+02 -4.751115e-01 8.439844e-01 2.489164e-01 4.832644e+00 2.448758e-01 -1.448897e-01 9.586672e-01 -9.745735e+01
2.705612e-01 -5.698794e-01 7.759086e-01 1.317136e+02 4.773947e-01 7.793138e-01 4.059117e-01 4.836293e+00 -8.359970e-01 2.605907e-01 4.829095e-01 -9.758331e+01
9.687559e-01 2.477864e-01 -1.067634e-02 1.320984e+02 -2.302847e-01 8.826781e-01 -4.096930e-01 4.842313e+00 -9.209259e-02 3.993511e-01 9.121610e-01 -9.781531e+01
6.329319e-01 -4.106370e-01 6.563340e-01 1.322798e+02 -1.608227e-02 8.405932e-01 5.414281e-01 4.840882e+00 -7.740404e-01 -3.532425e-01 5.254343e-01 -9.797915e+01
9.933851e-01 -1.148292e-01 -5.204454e-04 1.325142e+02 1.011229e-01 8.769411e-01 -4.698388e-01 4.841297e+00 5.440764e-02 4.666783e-01 8.827521e-01 -9.808157e+01
6.188510e-01 -9.115598e-03 7.854555e-01 1.327038e+02 -3.137087e-01 9.138599e-01 2.577731e-01 4.841371e+00 -7.201460e-01 -4.059274e-01 5.626834e-01 -9.821391e+01
9.204078e-01 -3.907960e-01 1.131213e-02 1.329703e+02 3.866768e-01 9.056727e-01 -1.738907e-01 4.843207e+00 5.771072e-02 1.644245e-01 9.847000e-01 -9.833315e+01
5.899033e-01 2.596535e-01 7.645876e-01 1.332318e+02 -2.282033e-01 9.618965e-01 -1.505934e-01 4.844465e+00 -7.745562e-01 -8.564587e-02 6.266797e-01 -9.844816e+01
9.443257e-01 -3.224217e-01 -6.552272e-02 1.334141e+02 3.286679e-01 9.153329e-01 2.326868e-01 4.843749e+00 -1.504817e-02 -2.412673e-01 9.703420e-01 -9.856895e+01
6.835909e-01 1.938729e-01 7.036453e-01 1.336053e+02 1.068910e-01 9.270874e-01 -3.592816e-01 4.843534e+00 -7.219957e-01 3.208150e-01 6.130253e-01 -9.868916e+01
9.991144e-01 1.959649e-02 -3.723339e-02 1.337736e+02 -1.121901e-03 8.970116e-01 4.420057e-01 4.842315e+00 4.206054e-02 -4.415725e-01 8.962392e-01 -9.876333e+01
6.264022e-01 -1.102513e-01 7.716637e-01 1.339558e+02 4.368871e-01 8.695048e-01 -2.304152e-01 4.841739e+00 -6.455617e-01 4.814625e-01 5.928271e-01 -9.885246e+01
9.517791e-01 2.976417e-01 7.433700e-02 1.341110e+02 -3.061258e-01 9.055652e-01 2.936642e-01 4.840972e+00 2.008973e-02 -3.022600e-01 9.530138e-01 -9.899348e+01
5.526137e-01 -4.378725e-01 7.091444e-01 1.342761e+02 5.489630e-01 8.314515e-01 8.560349e-02 4.840218e+00 -6.271026e-01 3.419884e-01 6.998473e-01 -9.915956e+01
9.073500e-01 4.153085e-01 6.507578e-02 1.344784e+02 -4.071351e-01 9.067240e-01 -1.099660e-01 4.840788e+00 -1.046756e-01 7.328298e-02 9.918027e-01 -9.930632e+01
5.325845e-01 -5.104441e-01 6.751300e-01 1.347246e+02 2.606940e-01 8.578228e-01 4.429206e-01 4.842886e+00 -8.052281e-01 -5.989031e-02 5.899329e-01 -9.948082e+01
9.906024e-01 1.189097e-01 -6.758181e-02 1.349270e+02 -1.354004e-01 9.224060e-01 -3.617096e-01 4.843069e+00 1.932710e-02 3.674610e-01 9.298381e-01 -9.966135e+01
6.804670e-01 -2.770896e-01 6.783701e-01 1.350606e+02 -5.270959e-02 9.048437e-01 4.224684e-01 4.841176e+00 -7.308805e-01 -3.232324e-01 6.011110e-01 -9.979960e+01
9.769078e-01 -1.878867e-01 -1.017339e-01 1.351900e+02 1.358531e-01 9.137206e-01 -3.829604e-01 4.839330e+00 1.649096e-01 3.602962e-01 9.181457e-01 -9.992039e+01
4.932251e-01 3.332463e-02 8.692632e-01 1.354751e+02 -3.233194e-01 9.347047e-01 1.476199e-01 4.841888e+00 -8.075850e-01 -3.538595e-01 4.717944e-01 -1.000896e+02
8.742692e-01 -4.623183e-01 -1.480375e-01 1.356796e+02 4.467870e-01 8.855755e-01 -1.270331e-01 4.841872e+00 1.898281e-01 4.491988e-02 9.807892e-01 -1.002664e+02
5.141541e-01 3.277261e-01 7.926167e-01 1.358445e+02 -2.167495e-01 9.437729e-01 -2.496243e-01 4.840961e+00 -8.298585e-01 -4.345392e-02 5.562792e-01 -1.004255e+02
9.108976e-01 -3.283409e-01 -2.499157e-01 1.360048e+02 3.899448e-01 8.830328e-01 2.611440e-01 4.839588e+00 1.349395e-01 -3.353288e-01 9.323872e-01 -1.005818e+02
6.330875e-01 2.540460e-01 7.312050e-01 1.361347e+02 7.923929e-02 9.183804e-01 -3.876837e-01 4.837411e+00 -7.700138e-01 3.033779e-01 5.612848e-01 -1.007190e+02
9.923521e-01 -5.296143e-02 -1.115004e-01 1.362804e+02 9.654157e-02 8.958765e-01 4.336877e-01 4.836335e+00 7.692185e-02 -4.411353e-01 8.941379e-01 -1.008632e+02
6.820509e-01 -6.735397e-02 7.281965e-01 1.364317e+02 3.831287e-01 8.810710e-01 -2.773559e-01 4.834408e+00 -6.229118e-01 4.681638e-01 6.267405e-01 -1.010066e+02
9.662389e-01 2.525753e-01 5.087353e-02 1.365673e+02 -2.542463e-01 9.027309e-01 3.470384e-01 4.833001e+00 4.172824e-02 -3.482564e-01 9.364701e-01 -1.011452e+02
5.833618e-01 -3.853150e-01 7.149975e-01 1.367242e+02 5.485947e-01 8.360831e-01 2.973722e-03 4.831988e+00 -5.989431e-01 3.905091e-01 6.991207e-01 -1.013069e+02
8.998120e-01 4.362677e-01 -2.973789e-03 1.368851e+02 -4.348837e-01 8.974604e-01 7.376271e-02 4.830500e+00 3.484914e-02 -6.507932e-02 9.972714e-01 -1.014645e+02
5.913917e-01 -5.509378e-01 5.888322e-01 1.370422e+02 4.826250e-01 8.268137e-01 2.888810e-01 4.829141e+00 -6.460100e-01 1.133433e-01 7.548671e-01 -1.016049e+02
9.054004e-01 3.941588e-01 -1.577621e-01 1.371963e+02 -4.167395e-01 8.960775e-01 -1.528836e-01 4.826821e+00 8.110666e-02 2.041666e-01 9.755705e-01 -1.017387e+02
7.225203e-01 -5.365875e-01 4.359338e-01 1.372865e+02 3.461383e-01 8.265982e-01 4.437608e-01 4.822957e+00 -5.984586e-01 -1.697328e-01 7.829675e-01 -1.017975e+02
9.558997e-01 2.397184e-01 -1.696789e-01 1.373762e+02 -2.859552e-01 8.914145e-01 -3.515819e-01 4.818980e+00 6.697363e-02 3.845976e-01 9.206515e-01 -1.018495e+02
6.268546e-01 -4.023177e-01 6.672284e-01 1.375187e+02 2.990025e-02 8.681603e-01 4.953823e-01 4.817792e+00 -7.785623e-01 -2.905824e-01 5.562397e-01 -1.019838e+02
9.923851e-01 -1.228709e-01 -8.638331e-03 1.377076e+02 1.067345e-01 8.928215e-01 -4.375815e-01 4.817609e+00 6.147851e-02 4.333274e-01 8.991372e-01 -1.021558e+02
7.062722e-01 -3.911058e-02 7.068592e-01 1.378697e+02 -2.577585e-01 9.157324e-01 3.082120e-01 4.815649e+00 -6.593482e-01 -3.998806e-01 6.366753e-01 -1.022997e+02
9.257789e-01 -3.636375e-01 -1.034464e-01 1.379912e+02 3.247554e-01 9.049796e-01 -2.748561e-01 4.813315e+00 1.935648e-01 2.208612e-01 9.559043e-01 -1.024119e+02
5.304589e-01 1.985903e-01 8.241209e-01 1.381495e+02 -2.836068e-01 9.577267e-01 -4.823743e-02 4.812354e+00 -7.988620e-01 -2.081383e-01 5.643562e-01 -1.025521e+02
8.962096e-01 -4.136681e-01 -1.602718e-01 1.383244e+02 4.285656e-01 9.006498e-01 7.184385e-02 4.811722e+00 1.146292e-01 -1.330741e-01 9.844549e-01 -1.027176e+02
5.496670e-01 3.061468e-01 7.772647e-01 1.385065e+02 -3.801833e-02 9.386316e-01 -3.428196e-01 4.811618e+00 -8.345183e-01 1.588863e-01 5.275740e-01 -1.028900e+02
9.718834e-01 -1.813342e-01 -1.502019e-01 1.386878e+02 2.268630e-01 8.919524e-01 3.910936e-01 4.811370e+00 6.305428e-02 -4.141726e-01 9.080117e-01 -1.030706e+02
6.217283e-01 8.465495e-02 7.786446e-01 1.388776e+02 3.147118e-01 8.833567e-01 -3.473289e-01 4.810660e+00 -7.172241e-01 4.609928e-01 5.225660e-01 -1.032320e+02
9.816472e-01 1.726227e-01 8.105636e-02 1.391020e+02 -1.906884e-01 8.942376e-01 4.049408e-01 4.811710e+00 -2.581681e-03 -4.129656e-01 9.107430e-01 -1.034176e+02
6.565553e-01 -3.312453e-01 6.776516e-01 1.393191e+02 5.322745e-01 8.400239e-01 -1.050889e-01 4.811462e+00 -5.344334e-01 4.296933e-01 7.278356e-01 -1.035822e+02
9.072170e-01 4.201918e-01 -1.990507e-02 1.394892e+02 -4.058358e-01 8.867120e-01 2.214477e-01 4.810050e+00 1.107006e-01 -1.928229e-01 9.749691e-01 -1.037315e+02
5.894974e-01 -5.375158e-01 6.029673e-01 1.396456e+02 5.517240e-01 8.131414e-01 1.854769e-01 4.808403e+00 -5.899945e-01 2.233334e-01 7.759051e-01 -1.038876e+02
8.602375e-01 4.793861e-01 -1.737251e-01 1.397729e+02 -4.855239e-01 8.741859e-01 8.096855e-03 4.805513e+00 1.557496e-01 7.738248e-02 9.847609e-01 -1.039946e+02
5.048263e-01 -5.858348e-01 6.339937e-01 1.399049e+02 4.325875e-01 8.072636e-01 4.014891e-01 4.803898e+00 -7.470063e-01 7.157553e-02 6.609527e-01 -1.041201e+02
9.405976e-01 3.293473e-01 -8.250110e-02 1.401072e+02 -3.373436e-01 8.790593e-01 -3.368295e-01 4.803850e+00 -3.841053e-02 3.446522e-01 9.379443e-01 -1.042881e+02
6.844040e-01 -4.662084e-01 5.605719e-01 1.402743e+02 1.209567e-01 8.307988e-01 5.432705e-01 4.802119e+00 -7.189997e-01 -3.040116e-01 6.249931e-01 -1.044385e+02
9.779254e-01 3.830181e-02 -2.054137e-01 1.403858e+02 -1.308075e-01 8.788181e-01 -4.588771e-01 4.799391e+00 1.629455e-01 4.756172e-01 8.644287e-01 -1.045233e+02
6.264833e-01 -2.501887e-01 7.381899e-01 1.405247e+02 -1.738716e-01 8.783598e-01 4.452558e-01 4.797614e+00 -7.597943e-01 -4.072956e-01 5.067771e-01 -1.046553e+02
9.447352e-01 -2.830589e-01 -1.653874e-01 1.406836e+02 1.929196e-01 8.879013e-01 -4.176282e-01 4.796563e+00 2.650611e-01 3.626416e-01 8.934392e-01 -1.048010e+02
5.562489e-01 6.975044e-02 8.280833e-01 1.408492e+02 -3.400021e-01 9.283536e-01 1.501935e-01 4.795457e+00 -7.582781e-01 -3.650951e-01 5.401110e-01 -1.049477e+02
8.805524e-01 -4.455658e-01 -1.615507e-01 1.410461e+02 4.239871e-01 8.928847e-01 -1.516303e-01 4.795477e+00 2.118074e-01 6.502305e-02 9.751459e-01 -1.051196e+02
5.834301e-01 2.951555e-01 7.566324e-01 1.412313e+02 -2.673073e-01 9.495052e-01 -1.642761e-01 4.794375e+00 -7.669134e-01 -1.064097e-01 6.328672e-01 -1.052880e+02
8.637199e-01 -3.226675e-01 -3.871352e-01 1.413581e+02 3.990396e-01 9.070485e-01 1.342771e-01 4.791400e+00 3.078236e-01 -2.704601e-01 9.121930e-01 -1.053965e+02
8.138745e-01 3.012254e-01 4.968618e-01 1.414192e+02 -2.087373e-01 9.496157e-01 -2.337923e-01 4.786316e+00 -5.422519e-01 8.656400e-02 8.357449e-01 -1.053994e+02
7.416936e-01 -1.815608e-01 -6.456983e-01 1.414618e+02 3.325786e-01 9.355424e-01 1.189619e-01 4.780409e+00 5.824793e-01 -3.029787e-01 7.542690e-01 -1.052181e+02
6.772427e-01 2.762680e-01 6.819225e-01 1.414672e+02 -1.066854e-01 9.539056e-01 -2.805036e-01 4.774139e+00 -7.279839e-01 1.172178e-01 6.754994e-01 -1.050900e+02
7.286266e-01 -1.558924e-01 -6.669339e-01 1.416923e+02 3.832449e-01 8.998378e-01 2.083633e-01 4.772676e+00 5.676501e-01 -4.074180e-01 7.153907e-01 -1.051693e+02
9.103097e-01 2.357837e-01 3.402092e-01 1.424066e+02 -1.288761e-01 9.424979e-01 -3.083646e-01 4.792794e+00 -3.933538e-01 2.368625e-01 8.883518e-01 -1.056965e+02
7.660181e-01 -2.574054e-01 -5.890320e-01 1.429685e+02 4.615071e-01 8.580775e-01 2.251984e-01 4.809614e+00 4.474678e-01 -4.443485e-01 7.760973e-01 -1.061287e+02
8.109887e-01 3.177661e-01 4.912454e-01 1.431929e+02 -1.198284e-01 9.120623e-01 -3.921523e-01 4.809234e+00 -5.726592e-01 2.591659e-01 7.777497e-01 -1.062352e+02
7.632320e-01 -1.978464e-01 -6.150884e-01 1.434749e+02 4.609103e-01 8.338618e-01 3.037042e-01 4.810963e+00 4.528119e-01 -5.152973e-01 7.276194e-01 -1.063894e+02
8.426899e-01 3.425541e-01 4.153678e-01 1.436082e+02 -1.516918e-01 8.912933e-01 -4.273007e-01 4.807286e+00 -5.165881e-01 2.970741e-01 8.030465e-01 -1.063346e+02
7.700636e-01 -2.511863e-01 -5.864363e-01 1.438494e+02 5.109048e-01 7.933237e-01 3.310797e-01 4.808032e+00 3.820711e-01 -5.545655e-01 7.392420e-01 -1.064384e+02
8.323325e-01 4.948148e-01 2.497619e-01 1.438201e+02 -3.690719e-01 8.309508e-01 -4.163013e-01 4.800280e+00 -4.135319e-01 2.543210e-01 8.742495e-01 -1.061052e+02
6.662935e-01 -3.070195e-01 -6.795528e-01 1.437228e+02 5.521758e-01 8.155988e-01 1.729173e-01 4.791642e+00 5.011534e-01 -4.904463e-01 7.129570e-01 -1.056775e+02
7.812389e-01 4.507767e-01 4.318172e-01 1.437845e+02 -3.199946e-01 8.831516e-01 -3.429968e-01 4.785651e+00 -5.359750e-01 1.297833e-01 8.341985e-01 -1.054970e+02
6.583879e-01 -3.961065e-01 -6.400196e-01 1.440911e+02 6.153388e-01 7.729488e-01 1.546227e-01 4.786495e+00 4.334553e-01 -4.956306e-01 7.526399e-01 -1.056093e+02
7.991875e-01 4.939472e-01 3.425135e-01 1.442412e+02 -3.581167e-01 8.489325e-01 -3.886722e-01 4.784429e+00 -4.827544e-01 1.879622e-01 8.553469e-01 -1.055592e+02
6.446577e-01 -2.789009e-01 -7.117800e-01 1.442097e+02 5.118387e-01 8.490530e-01 1.308819e-01 4.776250e+00 5.678359e-01 -4.486906e-01 6.901008e-01 -1.051723e+02
6.466458e-01 4.877145e-01 5.865012e-01 1.441560e+02 -2.808991e-01 8.671114e-01 -4.113557e-01 4.768697e+00 -7.091861e-01 1.012538e-01 6.977125e-01 -1.049179e+02
6.626148e-01 -2.170514e-01 -7.168196e-01 1.441445e+02 4.902596e-01 8.492436e-01 1.960379e-01 4.761853e+00 5.662041e-01 -4.813253e-01 6.691329e-01 -1.047848e+02
7.766754e-01 4.720943e-01 4.170160e-01 1.440628e+02 -3.651962e-01 8.768948e-01 -3.125495e-01 4.753541e+00 -5.132320e-01 9.045686e-02 8.534696e-01 -1.043365e+02
6.100822e-01 -2.735823e-01 -7.436077e-01 1.439420e+02 4.410699e-01 8.969061e-01 3.188684e-02 4.745128e+00 6.582226e-01 -3.474366e-01 6.678554e-01 -1.038524e+02
5.681766e-01 3.973731e-01 7.206039e-01 1.439348e+02 -2.282572e-01 9.174235e-01 -3.259336e-01 4.738359e+00 -7.906162e-01 2.070484e-02 6.119618e-01 -1.036935e+02
8.719979e-01 -3.009702e-01 -3.860526e-01 1.440438e+02 4.253551e-01 8.561895e-01 2.932792e-01 4.735479e+00 2.422659e-01 -4.199483e-01 8.746146e-01 -1.037752e+02
5.994372e-01 3.030120e-01 7.408500e-01 1.441605e+02 1.143316e-01 8.836696e-01 -4.539342e-01 4.732909e+00 -7.922142e-01 3.568077e-01 4.950606e-01 -1.038732e+02
9.446379e-01 4.683704e-02 -3.247545e-01 1.442670e+02 1.443447e-01 8.295193e-01 5.395019e-01 4.729386e+00 2.946588e-01 -5.565106e-01 7.768347e-01 -1.039574e+02
7.009415e-01 2.411865e-02 7.128108e-01 1.443412e+02 3.813323e-01 8.319080e-01 -4.031311e-01 4.725539e+00 -6.027160e-01 5.543891e-01 5.739217e-01 -1.040102e+02
9.234937e-01 3.312950e-01 -1.933985e-01 1.444155e+02 -1.633148e-01 7.957168e-01 5.832350e-01 4.721113e+00 3.471133e-01 -5.070290e-01 7.889448e-01 -1.040564e+02
8.005432e-01 -2.624986e-01 5.387255e-01 1.444485e+02 4.925947e-01 8.002045e-01 -3.420866e-01 4.715576e+00 -3.412933e-01 5.392284e-01 7.699037e-01 -1.040264e+02
9.105282e-01 4.107363e-01 -4.726553e-02 1.445146e+02 -3.428082e-01 8.139209e-01 4.690578e-01 4.710407e+00 2.311295e-01 -4.108874e-01 8.819018e-01 -1.040272e+02
8.785635e-01 -3.988963e-01 2.626934e-01 1.445036e+02 4.696346e-01 8.216557e-01 -3.229941e-01 4.703600e+00 -8.700242e-02 4.071407e-01 9.092123e-01 -1.039081e+02
8.969281e-01 3.913291e-01 2.058679e-01 1.445355e+02 -4.399791e-01 8.361998e-01 3.273961e-01 4.698387e+00 -4.402705e-02 -3.842283e-01 9.221877e-01 -1.038890e+02
8.793316e-01 -4.718657e-01 6.417675e-02 1.445348e+02 4.729784e-01 8.497241e-01 -2.329384e-01 4.691978e+00 5.538312e-02 2.351843e-01 9.703716e-01 -1.038089e+02
8.767673e-01 4.808932e-01 4.563656e-03 1.444856e+02 -4.524833e-01 8.216814e-01 3.465524e-01 4.683976e+00 1.629048e-01 -3.059108e-01 9.380195e-01 -1.035632e+02
7.875832e-01 -6.095140e-01 9.058411e-02 1.452343e+02 6.094027e-01 7.486354e-01 -2.611005e-01 4.699626e+00 9.132997e-02 2.608406e-01 9.610520e-01 -1.040454e+02
9.293076e-01 3.690229e-01 1.447544e-02 1.458711e+02 -3.629756e-01 9.054475e-01 2.200309e-01 4.720181e+00 6.808968e-02 -2.097306e-01 9.753855e-01 -1.045611e+02
8.922167e-01 -4.131295e-01 1.824097e-01 1.458812e+02 4.286244e-01 9.018723e-01 -5.392134e-02 4.713892e+00 -1.422338e-01 1.262948e-01 9.817429e-01 -1.044745e+02
8.883541e-01 4.262113e-01 -1.707951e-01 1.458455e+02 -3.905599e-01 8.970005e-01 2.070097e-01 4.706800e+00 2.414332e-01 -1.171922e-01 9.633151e-01 -1.042301e+02
8.108642e-01 -4.663885e-01 3.535265e-01 1.458589e+02 4.949877e-01 8.688319e-01 1.087730e-02 4.700755e+00 -3.122282e-01 1.661713e-01 9.353613e-01 -1.041105e+02
8.651960e-01 4.694792e-01 -1.761397e-01 1.458719e+02 -4.411899e-01 8.796749e-01 1.775487e-01 4.694596e+00 2.383011e-01 -7.590337e-02 9.682207e-01 -1.039951e+02
8.551747e-01 -4.828845e-01 1.884112e-01 1.457954e+02 4.981615e-01 8.660980e-01 -4.134441e-02 4.687238e+00 -1.432180e-01 1.292159e-01 9.812196e-01 -1.036743e+02
8.252693e-01 5.209479e-01 -2.180456e-01 1.457352e+02 -4.592068e-01 8.437577e-01 2.778526e-01 4.679724e+00 3.287244e-01 -1.291752e-01 9.355501e-01 -1.033607e+02
8.432986e-01 -4.835225e-01 2.346350e-01 1.456793e+02 5.187068e-01 8.465125e-01 -1.198326e-01 4.672763e+00 -1.406797e-01 2.227614e-01 9.646692e-01 -1.030644e+02
8.733497e-01 4.535003e-01 1.777578e-01 1.458599e+02 -4.769889e-01 8.701968e-01 1.234469e-01 4.672343e+00 -9.870105e-02 -1.926008e-01 9.763007e-01 -1.028797e+02
7.750558e-01 -5.584670e-01 2.956402e-01 1.460889e+02 5.724904e-01 8.186438e-01 4.557414e-02 4.670704e+00 -2.674757e-01 1.339287e-01 9.542116e-01 -1.028307e+02
8.470746e-01 5.032048e-01 1.710249e-01 1.462421e+02 -4.939177e-01 8.641623e-01 -9.627523e-02 4.668180e+00 -1.962394e-01 -2.919914e-03 9.805517e-01 -1.027752e+02
8.001364e-01 -4.517434e-01 -3.946005e-01 1.461674e+02 4.826551e-01 8.754928e-01 -2.358901e-02 4.660416e+00 3.561261e-01 -1.715815e-01 9.185499e-01 -1.023864e+02
7.864808e-01 4.848259e-01 3.826118e-01 1.461313e+02 -4.652093e-01 8.725127e-01 -1.493382e-01 4.653250e+00 -4.062367e-01 -6.054301e-02 9.117600e-01 -1.021173e+02
8.148554e-01 -5.197630e-01 -2.566264e-01 1.462277e+02 5.604290e-01 8.195058e-01 1.197062e-01 4.649168e+00 1.480880e-01 -2.413641e-01 9.590690e-01 -1.020868e+02
8.058110e-01 4.718348e-01 3.578275e-01 1.462862e+02 -3.983791e-01 8.790194e-01 -2.619523e-01 4.644366e+00 -4.381356e-01 6.853298e-02 8.962926e-01 -1.019840e+02
7.765074e-01 -3.657662e-01 -5.130802e-01 1.462974e+02 4.875167e-01 8.646268e-01 1.214412e-01 4.638346e+00 3.992038e-01 -3.444352e-01 8.497063e-01 -1.017331e+02
8.260061e-01 4.702795e-01 3.107267e-01 1.462639e+02 -4.271208e-01 8.819382e-01 -1.993813e-01 4.631540e+00 -3.678067e-01 3.197231e-02 9.293525e-01 -1.013750e+02
7.499790e-01 -3.776381e-01 -5.430662e-01 1.462128e+02 4.686643e-01 8.827453e-01 3.338471e-02 4.624748e+00 4.667818e-01 -2.795536e-01 8.390259e-01 -1.010094e+02
7.918424e-01 4.185924e-01 4.447090e-01 1.462093e+02 -3.814421e-01 9.076471e-01 -1.751531e-01 4.618289e+00 -4.769566e-01 -3.093706e-02 8.783822e-01 -1.007729e+02
6.729455e-01 -3.141207e-01 -6.696809e-01 1.461459e+02 3.993822e-01 9.163417e-01 -2.849037e-02 4.611321e+00 6.226060e-01 -2.482862e-01 7.421023e-01 -1.003482e+02
8.095398e-01 3.883215e-01 4.402859e-01 1.460283e+02 -4.021402e-01 9.131952e-01 -6.601364e-02 4.603441e+00 -4.277015e-01 -1.236160e-01 8.954276e-01 -9.984539e+01
6.029685e-01 -2.936039e-01 -7.417721e-01 1.458980e+02 2.711827e-01 9.498779e-01 -1.555373e-01 4.595636e+00 7.502592e-01 -1.073717e-01 6.523668e-01 -9.921435e+01
8.489168e-01 2.526167e-01 4.642468e-01 1.457160e+02 -3.508939e-01 9.262458e-01 1.376305e-01 4.587451e+00 -3.952389e-01 -2.797382e-01 8.749473e-01 -9.853404e+01
6.492800e-01 -2.311581e-01 -7.245698e-01 1.455777e+02 7.177252e-02 9.670637e-01 -2.442059e-01 4.579368e+00 7.571553e-01 1.065538e-01 6.444860e-01 -9.787642e+01
8.944185e-01 5.129826e-02 4.442792e-01 1.454138e+02 -2.043339e-01 9.305267e-01 3.039207e-01 4.571323e+00 -3.978230e-01 -3.626136e-01 8.427623e-01 -9.721213e+01
7.308401e-01 -1.103362e-01 -6.735716e-01 1.453069e+02 -9.934007e-02 9.591448e-01 -2.649015e-01 4.563753e+00 6.752809e-01 2.605133e-01 6.900207e-01 -9.667151e+01
9.231148e-01 -1.101467e-01 3.684112e-01 1.451783e+02 -4.628590e-02 9.192997e-01 3.908270e-01 4.555848e+00 -3.817286e-01 -3.778304e-01 8.435209e-01 -9.608315e+01
7.360284e-01 4.898078e-02 -6.751763e-01 1.450341e+02 -2.696621e-01 9.360443e-01 -2.260606e-01 4.547917e+00 6.209223e-01 3.484565e-01 7.021635e-01 -9.550840e+01
8.719346e-01 -3.013321e-01 3.859133e-01 1.449639e+02 1.254487e-01 8.993663e-01 4.188113e-01 4.540982e+00 -4.732787e-01 -3.167637e-01 8.219903e-01 -9.504371e+01
7.373403e-01 1.999880e-01 -6.452396e-01 1.449169e+02 -3.752774e-01 9.154859e-01 -1.450948e-01 4.533688e+00 5.616905e-01 3.491281e-01 7.500756e-01 -9.460854e+01
8.294498e-01 -3.894650e-01 4.004123e-01 1.448679e+02 2.311656e-01 8.919085e-01 3.886665e-01 4.525887e+00 -5.085031e-01 -2.298178e-01 8.298243e-01 -9.426426e+01
7.252718e-01 3.011108e-01 -6.191228e-01 1.448275e+02 -4.342112e-01 8.979334e-01 -7.194644e-02 4.518727e+00 5.342672e-01 3.210108e-01 7.819914e-01 -9.392033e+01
8.379000e-01 -4.652142e-01 2.854808e-01 1.447706e+02 3.679031e-01 8.677254e-01 3.342155e-01 4.511366e+00 -4.032007e-01 -1.750099e-01 8.982209e-01 -9.347798e+01
6.085901e-01 4.713054e-01 -6.383489e-01 1.446583e+02 -5.178593e-01 8.454538e-01 1.304974e-01 4.503991e+00 6.011987e-01 2.511555e-01 7.586047e-01 -9.280408e+01
8.058883e-01 -5.130402e-01 2.955230e-01 1.445288e+02 4.868081e-01 8.582671e-01 1.624666e-01 4.495165e+00 -3.369895e-01 1.293311e-02 9.414196e-01 -9.222831e+01
7.568260e-01 4.351304e-01 -4.877253e-01 1.451800e+02 -4.123979e-01 8.968136e-01 1.601669e-01 4.508076e+00 5.070921e-01 7.991841e-02 8.581787e-01 -9.254334e+01
7.096610e-01 -6.678376e-01 2.244419e-01 1.461517e+02 6.980935e-01 7.095371e-01 -9.603456e-02 4.536950e+00 -9.511434e-02 2.248334e-01 9.697439e-01 -9.326080e+01
8.443853e-01 5.293410e-01 -8.253236e-02 1.464929e+02 -5.017073e-01 8.353409e-01 2.247118e-01 4.541715e+00 1.878918e-01 -1.483362e-01 9.709238e-01 -9.345786e+01
8.757488e-01 -4.019258e-01 -2.674317e-01 1.482399e+02 3.089465e-01 8.922571e-01 -3.292862e-01 4.596723e+00 3.709664e-01 2.057499e-01 9.055666e-01 -9.483267e+01
9.835663e-01 -1.213537e-02 -1.801392e-01 1.496723e+02 2.117298e-02 9.986069e-01 4.833242e-02 4.648436e+00 1.793017e-01 -5.135222e-02 9.824530e-01 -9.597289e+01
9.965140e-01 8.174998e-02 -1.663549e-02 1.495820e+02 -8.192260e-02 9.965888e-01 -9.972965e-03 4.640785e+00 1.576346e-02 1.130102e-02 9.998119e-01 -9.562413e+01
9.757285e-01 -3.782412e-02 -2.156926e-01 1.494838e+02 5.792251e-02 9.944674e-01 8.763299e-02 4.633291e+00 2.111846e-01 -9.799946e-02 9.725210e-01 -9.521368e+01
9.802864e-01 1.189333e-01 -1.577765e-01 1.493513e+02 -1.125082e-01 9.924380e-01 4.907965e-02 4.623553e+00 1.624206e-01 -3.036097e-02 9.862544e-01 -9.464172e+01
8.752154e-01 1.993690e-02 -4.833224e-01 1.490041e+02 -1.558661e-03 9.992614e-01 3.839675e-02 4.612681e+00 4.837309e-01 -3.285209e-02 8.746000e-01 -9.367052e+01
9.914197e-01 6.843277e-02 -1.113731e-01 1.486760e+02 -5.874535e-02 9.943818e-01 8.805545e-02 4.601882e+00 1.167732e-01 -8.075726e-02 9.898698e-01 -9.279744e+01
8.734181e-01 7.071753e-02 -4.818089e-01 1.483420e+02 -6.592425e-02 9.974621e-01 2.689578e-02 4.591182e+00 4.824881e-01 8.271632e-03 8.758634e-01 -9.188236e+01
9.780879e-01 4.236187e-02 -2.038369e-01 1.479442e+02 -2.343799e-02 9.952610e-01 9.437297e-02 4.579713e+00 2.068688e-01 -8.752753e-02 9.744456e-01 -9.084772e+01
8.960027e-01 1.005219e-01 -4.325211e-01 1.475767e+02 -9.464297e-02 9.948902e-01 3.516099e-02 4.568594e+00 4.338454e-01 9.430732e-03 9.009380e-01 -8.988962e+01
9.761123e-01 4.018306e-04 -2.172661e-01 1.472090e+02 1.677540e-02 9.968737e-01 7.721062e-02 4.557531e+00 2.166179e-01 -7.901096e-02 9.730539e-01 -8.893463e+01
8.976872e-01 1.439335e-01 -4.164623e-01 1.468458e+02 -1.265637e-01 9.895427e-01 6.918707e-02 4.546513e+00 4.220656e-01 -9.399354e-03 9.065166e-01 -8.796781e+01
9.766128e-01 -2.208830e-02 -2.138681e-01 1.465045e+02 2.974909e-02 9.990234e-01 3.266790e-02 4.535879e+00 2.129376e-01 -3.826627e-02 9.763162e-01 -8.701476e+01
8.856173e-01 1.509335e-01 -4.392051e-01 1.461551e+02 -1.037863e-01 9.861191e-01 1.296055e-01 4.525902e+00 4.526703e-01 -6.919737e-02 8.889889e-01 -8.601354e+01
9.565243e-01 3.728064e-02 -2.892603e-01 1.457730e+02 -3.794922e-02 9.992742e-01 3.298873e-03 4.513950e+00 2.891733e-01 7.821748e-03 9.572448e-01 -8.483610e+01
9.175602e-01 3.721183e-02 -3.958516e-01 1.454193e+02 1.654397e-02 9.911751e-01 1.315228e-01 4.505199e+00 3.972525e-01 -1.272291e-01 9.088472e-01 -8.384721e+01
9.784001e-01 1.233056e-01 -1.659183e-01 1.451312e+02 -1.249128e-01 9.921674e-01 7.544658e-04 4.495502e+00 1.647117e-01 1.998714e-02 9.861392e-01 -8.294235e+01
8.085582e-01 3.487373e-02 -5.873818e-01 1.447426e+02 2.154786e-02 9.958177e-01 8.878480e-02 4.484702e+00 5.880215e-01 -8.444450e-02 8.044252e-01 -8.175384e+01
9.799223e-01 1.331813e-01 -1.483748e-01 1.443544e+02 -1.230422e-01 9.895195e-01 7.557689e-02 4.473654e+00 1.568851e-01 -5.580313e-02 9.860391e-01 -8.054601e+01
8.039970e-01 4.014637e-02 -5.932765e-01 1.439527e+02 -3.103580e-02 9.991915e-01 2.555506e-02 4.463073e+00 5.938228e-01 -2.133379e-03 8.045930e-01 -7.932850e+01
9.968161e-01 3.217811e-02 -7.295406e-02 1.436171e+02 -2.435271e-02 9.940973e-01 1.057240e-01 4.453229e+00 7.592543e-02 -1.036108e-01 9.917158e-01 -7.827373e+01
8.639546e-01 7.984564e-02 -4.971993e-01 1.433552e+02 -7.884374e-02 9.966206e-01 2.304587e-02 4.443522e+00 4.973592e-01 1.929047e-02 8.673302e-01 -7.740373e+01
9.968442e-01 -4.721843e-02 6.381227e-02 1.431592e+02 4.144926e-02 9.951786e-01 8.889064e-02 4.434309e+00 -6.770188e-02 -8.596515e-02 9.939952e-01 -7.675415e+01
9.310297e-01 9.883317e-02 -3.513056e-01 1.430543e+02 -9.363682e-02 9.950986e-01 3.179590e-02 4.425748e+00 3.527262e-01 3.292214e-03 9.357208e-01 -7.630636e+01
9.960666e-01 -5.611095e-02 -6.857793e-02 1.428926e+02 6.121611e-02 9.953208e-01 7.476069e-02 4.416593e+00 6.406214e-02 -7.866470e-02 9.948406e-01 -7.570664e+01
9.288406e-01 1.412850e-01 -3.424816e-01 1.427645e+02 -1.196080e-01 9.892846e-01 8.372506e-02 4.407419e+00 3.506409e-01 -3.680369e-02 9.357865e-01 -7.505757e+01
9.889610e-01 -9.161356e-02 -1.164607e-01 1.426183e+02 9.558592e-02 9.949992e-01 2.898250e-02 4.398637e+00 1.132231e-01 -3.979456e-02 9.927723e-01 -7.439618e+01
9.647802e-01 1.345939e-01 -2.260171e-01 1.424963e+02 -1.154969e-01 9.886820e-01 9.575123e-02 4.389629e+00 2.363466e-01 -6.627460e-02 9.694060e-01 -7.389341e+01
9.928814e-01 -7.631230e-02 -9.144975e-02 1.423910e+02 7.730070e-02 9.969810e-01 7.310160e-03 4.381353e+00 9.061581e-02 -1.432725e-02 9.957829e-01 -7.340748e+01
8.847512e-01 1.936443e-01 -4.239307e-01 1.421300e+02 -1.402250e-01 9.780533e-01 1.541058e-01 4.371615e+00 4.444685e-01 -7.689957e-02 8.924876e-01 -7.259253e+01
9.867180e-01 -9.737174e-02 -1.300242e-01 1.418847e+02 9.604550e-02 9.952411e-01 -1.644710e-02 4.359547e+00 1.310069e-01 3.740410e-03 9.913744e-01 -7.184245e+01
9.090709e-01 2.189874e-01 -3.544496e-01 1.417266e+02 -1.483105e-01 9.650910e-01 2.158783e-01 4.346607e+00 3.893507e-01 -1.436801e-01 9.098143e-01 -7.110683e+01
9.951323e-01 -9.117220e-02 -3.740757e-02 1.415685e+02 8.642848e-02 9.898048e-01 -1.132102e-01 4.336872e+00 4.734782e-02 1.094260e-01 9.928666e-01 -7.047714e+01
9.504176e-01 1.678955e-01 -2.617586e-01 1.414700e+02 -1.022366e-01 9.636379e-01 2.468801e-01 4.327679e+00 2.936906e-01 -2.078778e-01 9.330234e-01 -6.991938e+01
9.890318e-01 -4.369551e-02 -1.410915e-01 1.412572e+02 2.081913e-02 9.869438e-01 -1.597136e-01 4.318827e+00 1.462282e-01 1.550244e-01 9.770285e-01 -6.926364e+01
9.737113e-01 8.579598e-02 -2.110103e-01 1.411472e+02 -2.933823e-02 9.658756e-01 2.573394e-01 4.309797e+00 2.258884e-01 -2.443836e-01 9.430011e-01 -6.871197e+01
9.957811e-01 6.880601e-03 -9.150214e-02 1.410775e+02 -1.924863e-02 9.906612e-01 -1.349813e-01 4.300660e+00 8.971886e-02 1.361731e-01 9.866141e-01 -6.820585e+01
9.889817e-01 1.368301e-02 -1.474044e-01 1.410459e+02 1.881648e-02 9.760244e-01 2.168463e-01 4.292759e+00 1.468374e-01 -2.172307e-01 9.650128e-01 -6.781511e+01
9.960552e-01 1.202991e-02 -8.791668e-02 1.410891e+02 -2.252634e-02 9.925914e-01 -1.193937e-01 4.284865e+00 8.582905e-02 1.209031e-01 9.889468e-01 -6.749204e+01
9.909219e-01 -5.511655e-03 -1.343256e-01 1.411304e+02 3.623481e-02 9.731329e-01 2.273750e-01 4.276605e+00 1.294635e-01 -2.301782e-01 9.644984e-01 -6.714138e+01
9.935353e-01 5.062876e-02 -1.016092e-01 1.411008e+02 -6.251792e-02 9.911076e-01 -1.174619e-01 4.268561e+00 9.475871e-02 1.230549e-01 9.878655e-01 -6.677144e+01
9.782238e-01 -2.181131e-02 -2.064036e-01 1.409941e+02 6.464422e-02 9.770158e-01 2.031288e-01 4.261055e+00 1.972291e-01 -2.120482e-01 9.571501e-01 -6.628335e+01
9.933756e-01 9.688912e-02 -6.178446e-02 1.409028e+02 -1.034041e-01 9.882184e-01 -1.128360e-01 4.252875e+00 5.012396e-02 1.184773e-01 9.916908e-01 -6.584529e+01
9.409903e-01 -3.274342e-02 -3.368459e-01 1.407822e+02 1.058080e-01 9.738784e-01 2.009115e-01 4.243983e+00 3.214685e-01 -2.246968e-01 9.198747e-01 -6.525171e+01
9.579639e-01 1.796586e-01 -2.236694e-01 1.405078e+02 -1.965332e-01 9.789289e-01 -5.543331e-02 4.234486e+00 2.089974e-01 9.706158e-02 9.730874e-01 -6.441584e+01
9.474175e-01 -1.171337e-01 -2.977914e-01 1.402535e+02 1.534804e-01 9.829067e-01 1.016770e-01 4.224961e+00 2.807914e-01 -1.420358e-01 9.492007e-01 -6.368574e+01
9.524688e-01 2.214729e-01 -2.091722e-01 1.400013e+02 -2.165052e-01 9.751661e-01 4.665278e-02 4.215602e+00 2.143099e-01 8.515475e-04 9.767653e-01 -6.292186e+01
9.602459e-01 -1.529472e-01 -2.335271e-01 1.397974e+02 1.591913e-01 9.872152e-01 8.011920e-03 4.206463e+00 2.293161e-01 -4.486890e-02 9.723173e-01 -6.227472e+01
9.817995e-01 1.778678e-01 -6.657916e-02 1.397006e+02 -1.694195e-01 9.786680e-01 1.162153e-01 4.198018e+00 8.582985e-02 -1.028203e-01 9.909900e-01 -6.179606e+01
9.556247e-01 -1.084733e-01 -2.738886e-01 1.395948e+02 1.008589e-01 9.940233e-01 -4.177541e-02 4.188956e+00 2.767831e-01 1.229753e-02 9.608537e-01 -6.126709e+01
9.844519e-01 1.487673e-01 -9.339570e-02 1.394639e+02 -1.307286e-01 9.756495e-01 1.761194e-01 4.179470e+00 1.173223e-01 -1.611716e-01 9.799282e-01 -6.069004e+01
9.545385e-01 -5.310688e-02 -2.933188e-01 1.393279e+02 2.982179e-02 9.960784e-01 -8.329700e-02 4.169790e+00 2.965922e-01 7.076290e-02 9.523790e-01 -6.008289e+01
9.995016e-01 2.703813e-02 1.629477e-02 1.392664e+02 -2.967314e-02 9.808249e-01 1.926189e-01 4.160652e+00 -1.077426e-02 -1.930064e-01 9.811383e-01 -5.966704e+01
9.590730e-01 1.289091e-02 -2.828652e-01 1.392623e+02 -2.339340e-02 9.991554e-01 -3.378270e-02 4.149376e+00 2.821908e-01 3.901726e-02 9.585646e-01 -5.929512e+01
9.844834e-01 9.910558e-02 -1.448121e-01 1.391763e+02 -7.107207e-02 9.797236e-01 1.873242e-01 4.138577e+00 1.604407e-01 -1.741254e-01 9.715653e-01 -5.854773e+01
9.067645e-01 9.960299e-02 -4.097041e-01 1.390056e+02 -1.193592e-01 9.925879e-01 -2.286041e-02 4.128509e+00 4.043904e-01 6.963098e-02 9.119320e-01 -5.756290e+01
9.949614e-01 -8.131575e-02 -5.864728e-02 1.388808e+02 8.988502e-02 9.826037e-01 1.625132e-01 4.120738e+00 4.441215e-02 -1.669659e-01 9.849619e-01 -5.685632e+01
9.879479e-01 9.213648e-02 -1.243780e-01 1.388654e+02 -9.952478e-02 9.935390e-01 -5.454424e-02 4.113698e+00 1.185489e-01 6.626556e-02 9.907346e-01 -5.655620e+01
9.928600e-01 -1.162567e-01 -2.670804e-02 1.388503e+02 1.188622e-01 9.830596e-01 1.395189e-01 4.106487e+00 1.003559e-02 -1.416973e-01 9.898592e-01 -5.631352e+01
9.327264e-01 1.202627e-01 -3.399386e-01 1.390883e+02 -1.381422e-01 9.899936e-01 -2.879790e-02 4.100331e+00 3.330738e-01 7.382043e-02 9.400066e-01 -5.593944e+01
9.851538e-01 -1.242213e-01 -1.184948e-01 1.392594e+02 1.449089e-01 9.718079e-01 1.859860e-01 4.092228e+00 9.205072e-02 -2.003958e-01 9.753810e-01 -5.537360e+01
