9.999397e-01 -7.996797e-04 -1.095018e-02 3.465139e-01 8.034295e-04 9.999996e-01 3.380481e-04 -1.801141e-02 1.094991e-02 -3.468262e-04 9.999400e-01 -3.789213e-02
9.999976e-01 -2.747723e-04 -2.183742e-03 7.667977e-01 2.752717e-04 9.999999e-01 2.283866e-04 -3.856964e-02 2.183680e-03 -2.289865e-04 9.999976e-01 -1.108014e-01
9.999408e-01 -6.069027e-04 -1.086080e-02 1.180639e+00 6.105803e-04 9.999998e-01 3.353046e-04 -5.884847e-02 1.086059e-02 -3.419168e-04 9.999410e-01 -1.150756e-01
9.999965e-01 -7.393598e-04 -2.521808e-03 1.664782e+00 7.395070e-04 9.999997e-01 5.743850e-05 -8.123917e-02 2.521765e-03 -5.930248e-05 9.999968e-01 -7.435493e-02
9.999408e-01 6.747650e-04 -1.086107e-02 1.863492e+00 -6.717642e-04 9.999997e-01 2.799365e-04 -9.220132e-02 1.086126e-02 -2.726245e-04 9.999410e-01 4.267981e-01
9.999735e-01 -6.063351e-03 -4.040136e-03 2.240932e+00 6.051622e-03 9.999775e-01 -2.909077e-03 -1.092011e-01 4.057684e-03 2.884551e-03 9.999876e-01 5.412999e-01
9.999678e-01 4.963812e-03 -6.302503e-03 2.658142e+00 -4.946187e-03 9.999838e-01 2.809164e-03 -1.273899e-01 6.316345e-03 -2.777901e-03 9.999762e-01 3.517061e-01
9.999717e-01 -5.938295e-03 -4.623990e-03 3.005680e+00 5.926745e-03 9.999793e-01 -2.507567e-03 -1.445812e-01 4.638786e-03 2.480092e-03 9.999862e-01 3.573031e-01
9.999703e-01 1.642363e-03 -7.530458e-03 3.451366e+00 -1.634891e-03 9.999982e-01 9.983330e-04 -1.634956e-01 7.532084e-03 -9.859926e-04 9.999711e-01 2.931378e-01
9.999953e-01 -2.117134e-03 -2.225018e-03 3.741690e+00 2.116377e-03 9.999977e-01 -3.424768e-04 -1.791268e-01 2.225738e-03 3.377669e-04 9.999975e-01 2.147579e-01
9.999753e-01 1.311397e-03 -6.908267e-03 3.834052e+00 -1.307555e-03 9.999990e-01 5.606129e-04 -1.911919e-01 6.908995e-03 -5.515669e-04 9.999760e-01 2.443064e-01
9.999962e-01 -1.559392e-03 -2.279446e-03 3.846389e+00 1.558467e-03 9.999987e-01 -4.077104e-04 -1.994467e-01 2.280080e-03 4.041571e-04 9.999973e-01 4.635492e-01
9.999708e-01 1.252291e-03 -7.543910e-03 3.877732e+00 -1.248239e-03 9.999991e-01 5.417961e-04 -2.086675e-01 7.544581e-03 -5.323644e-04 9.999714e-01 6.911456e-01
9.999983e-01 -1.230483e-03 -1.375247e-03 3.833325e+00 1.229419e-03 9.999989e-01 -7.744317e-04 -2.138634e-01 1.376199e-03 7.727403e-04 9.999988e-01 1.003989e+00
9.999515e-01 7.793681e-04 -9.817561e-03 3.898532e+00 -7.679640e-04 9.999990e-01 1.165321e-03 -2.241043e-01 9.818459e-03 -1.157726e-03 9.999511e-01 1.259751e+00
9.999985e-01 -1.750058e-03 2.656505e-05 4.028896e+00 1.750066e-03 9.999984e-01 -2.954759e-04 -2.360552e-01 -2.604756e-05 2.955226e-04 1.000000e+00 1.318955e+00
9.999545e-01 1.323208e-03 -9.448883e-03 3.952563e+00 -1.317580e-03 9.999990e-01 6.018660e-04 -2.401475e-01 9.449669e-03 -5.893897e-04 9.999552e-01 1.777401e+00
9.999969e-01 -1.511643e-03 1.954105e-03 3.824874e+00 1.513077e-03 9.999986e-01 -7.328417e-04 -2.402844e-01 -1.952994e-03 7.357969e-04 9.999978e-01 2.291313e+00
9.999383e-01 7.420942e-04 -1.108391e-02 3.841581e+00 -7.295025e-04 9.999991e-01 1.140042e-03 -2.495366e-01 1.108474e-02 -1.131887e-03 9.999379e-01 2.424031e+00
9.999958e-01 -7.838477e-04 2.788847e-03 3.782997e+00 7.872211e-04 9.999990e-01 -1.208661e-03 -2.544553e-01 -2.787897e-03 1.210852e-03 9.999954e-01 2.726165e+00
9.999248e-01 9.834775e-04 -1.222087e-02 3.729178e+00 -9.702530e-04 9.999989e-01 1.088012e-03 -2.589689e-01 1.222193e-02 -1.076073e-03 9.999247e-01 3.065580e+00
9.999937e-01 -8.460592e-04 3.457717e-03 3.655874e+00 8.501004e-04 9.999990e-01 -1.167433e-03 -2.627299e-01 -3.456725e-03 1.170366e-03 9.999933e-01 3.422853e+00
9.999276e-01 7.840365e-04 -1.200718e-02 3.601811e+00 -7.716466e-04 9.999992e-01 1.036483e-03 -2.680597e-01 1.200798e-02 -1.027143e-03 9.999274e-01 3.720819e+00
9.999921e-01 -9.179219e-04 3.854581e-03 3.571628e+00 9.223061e-04 9.999989e-01 -1.135744e-03 -2.745911e-01 -3.853534e-03 1.139291e-03 9.999919e-01 3.932310e+00
9.999284e-01 7.673310e-04 -1.194205e-02 3.537537e+00 -7.547587e-04 9.999992e-01 1.057256e-03 -2.808541e-01 1.194286e-02 -1.048168e-03 9.999281e-01 4.152137e+00
9.999927e-01 -8.229963e-04 3.717914e-03 3.495371e+00 8.272794e-04 9.999990e-01 -1.150587e-03 -2.865797e-01 -3.716963e-03 1.153655e-03 9.999924e-01 4.398664e+00
9.999293e-01 7.717429e-04 -1.186714e-02 3.446846e+00 -7.590710e-04 9.999991e-01 1.072288e-03 -2.919324e-01 1.186795e-02 -1.063205e-03 9.999290e-01 4.664093e+00
9.999786e-01 -1.729359e-03 6.313808e-03 3.239285e+00 1.746539e-03 9.999948e-01 -2.716573e-03 -2.839415e-01 -6.309076e-03 2.727543e-03 9.999764e-01 5.380164e+00
9.999446e-01 2.342791e-03 -1.025742e-02 3.072483e+00 -2.316867e-03 9.999941e-01 2.538500e-03 -2.883141e-01 1.026331e-02 -2.514595e-03 9.999442e-01 5.925991e+00
9.999934e-01 -2.665802e-03 2.450781e-03 3.059645e+00 2.672093e-03 9.999931e-01 -2.567102e-03 -2.963361e-01 -2.443920e-03 2.573634e-03 9.999937e-01 6.067888e+00
9.999476e-01 2.202763e-03 -1.000107e-02 3.074494e+00 -2.176405e-03 9.999941e-01 2.645688e-03 -3.058529e-01 1.000684e-02 -2.623784e-03 9.999465e-01 6.132497e+00
9.999955e-01 -2.668045e-03 1.353007e-03 3.161503e+00 2.671456e-03 9.999932e-01 -2.525413e-03 -3.175460e-01 -1.346260e-03 2.529017e-03 9.999959e-01 6.116703e+00
9.999479e-01 2.002758e-03 -1.000534e-02 3.196394e+00 -1.975939e-03 9.999944e-01 2.689654e-03 -3.277785e-01 1.001067e-02 -2.669744e-03 9.999463e-01 6.160554e+00
9.999968e-01 -2.129569e-03 1.389105e-03 3.182080e+00 2.133314e-03 9.999941e-01 -2.700068e-03 -3.355736e-01 -1.383346e-03 2.703023e-03 9.999954e-01 6.347116e+00
9.999466e-01 1.578919e-03 -1.021123e-02 3.222663e+00 -1.550040e-03 9.999948e-01 2.835458e-03 -3.445262e-01 1.021566e-02 -2.819479e-03 9.999438e-01 6.476776e+00
9.999975e-01 -2.215589e-03 4.304411e-04 3.198062e+00 2.216774e-03 9.999937e-01 -2.771979e-03 -3.514511e-01 -4.242965e-04 2.772927e-03 9.999961e-01 6.696411e+00
9.999646e-01 2.126250e-03 -8.142879e-03 3.127507e+00 -2.104614e-03 9.999942e-01 2.664736e-03 -3.556258e-01 8.148498e-03 -2.647505e-03 9.999633e-01 6.994004e+00
9.999891e-01 -1.598656e-03 -4.390615e-03 2.968203e+00 1.585513e-03 9.999943e-01 -2.995101e-03 -3.517605e-01 4.395378e-03 2.988107e-03 9.999859e-01 7.666380e+00
9.999672e-01 4.214315e-03 -6.917637e-03 2.401562e+00 -4.205544e-03 9.999903e-01 1.281999e-03 -3.247170e-01 6.922973e-03 -1.252865e-03 9.999753e-01 9.201148e+00
9.999972e-01 -1.929707e-03 -1.356069e-03 1.845244e+00 1.925962e-03 9.999943e-01 -2.757862e-03 -2.976032e-01 1.361384e-03 2.755244e-03 9.999953e-01 1.057331e+01
9.999436e-01 3.526333e-03 -1.001909e-02 1.447848e+00 -3.506647e-03 9.999919e-01 1.981745e-03 -2.817228e-01 1.002599e-02 -1.946500e-03 9.999478e-01 1.167209e+01
9.999937e-01 -2.132254e-03 -2.824282e-03 1.138984e+00 2.124692e-03 9.999942e-01 -2.677774e-03 -2.707463e-01 2.829975e-03 2.671757e-03 9.999924e-01 1.258116e+01
9.999274e-01 3.678287e-03 -1.147427e-02 8.565652e-01 -3.654788e-03 9.999912e-01 2.068341e-03 -2.625637e-01 1.148178e-02 -2.026255e-03 9.999320e-01 1.350469e+01
9.999943e-01 -3.389898e-03 1.803912e-06 7.886626e-01 3.389895e-03 9.999923e-01 -1.977737e-03 -2.666391e-01 4.900744e-06 1.977733e-03 9.999980e-01 1.402742e+01
9.999202e-01 2.747492e-03 -1.232857e-02 9.741041e-01 -2.718543e-03 9.999935e-01 2.364218e-03 -2.798240e-01 1.233499e-02 -2.330515e-03 9.999212e-01 1.422662e+01
9.999909e-01 -2.563236e-03 3.414351e-03 1.100825e+00 2.569259e-03 9.999951e-01 -1.760702e-03 -2.919626e-01 -3.409821e-03 1.769459e-03 9.999926e-01 1.434264e+01
9.999275e-01 1.786500e-03 -1.190493e-02 1.207679e+00 -1.762944e-03 9.999965e-01 1.988882e-03 -3.037795e-01 1.190844e-02 -1.967751e-03 9.999272e-01 1.434051e+01
9.999924e-01 -2.228238e-03 3.206176e-03 1.240712e+00 2.234714e-03 9.999955e-01 -2.017472e-03 -3.132698e-01 -3.201666e-03 2.024622e-03 9.999928e-01 1.445445e+01
9.998682e-01 8.841258e-04 -1.620871e-02 1.708923e+00 -8.668136e-04 9.999990e-01 1.075087e-03 -3.346927e-01 1.620964e-02 -1.060896e-03 9.998681e-01 1.435823e+01
9.999879e-01 -2.650284e-03 4.155522e-03 2.365930e+00 2.648907e-03 9.999964e-01 3.369692e-04 -3.583686e-01 -4.156400e-03 -3.259568e-04 9.999913e-01 1.425469e+01
9.999195e-01 2.090850e-03 -1.251619e-02 2.452202e+00 -2.093754e-03 9.999978e-01 -2.189207e-04 -3.698641e-01 1.251570e-02 2.451082e-04 9.999216e-01 1.427229e+01
9.999893e-01 -2.565354e-03 3.837279e-03 2.627932e+00 2.563754e-03 9.999966e-01 4.218270e-04 -3.828793e-01 -3.838348e-03 -4.119840e-04 9.999925e-01 1.421333e+01
9.999197e-01 1.969228e-03 -1.252246e-02 2.843841e+00 -1.970442e-03 9.999981e-01 -8.457746e-05 -3.961217e-01 1.252227e-02 1.092448e-04 9.999216e-01 1.413494e+01
9.999882e-01 -2.711312e-03 4.025143e-03 2.971483e+00 2.710659e-03 9.999963e-01 1.679061e-04 -4.078670e-01 -4.025583e-03 -1.569926e-04 9.999919e-01 1.410505e+01
9.999277e-01 2.253251e-03 -1.180817e-02 3.046495e+00 -2.252062e-03 9.999975e-01 1.139645e-04 -4.188303e-01 1.180839e-02 -8.736425e-05 9.999303e-01 1.409792e+01
9.999923e-01 -2.647831e-03 2.894885e-03 3.053532e+00 2.648272e-03 9.999965e-01 -1.481517e-04 -4.268407e-01 -2.894482e-03 1.558176e-04 9.999958e-01 1.426478e+01
9.999171e-01 2.452312e-03 -1.263848e-02 3.052257e+00 -2.446325e-03 9.999969e-01 4.891582e-04 -4.356716e-01 1.263964e-02 -4.582005e-04 9.999200e-01 1.442806e+01
9.999860e-01 -2.765981e-03 4.503175e-03 3.074516e+00 2.767791e-03 9.999961e-01 -3.956804e-04 -4.451238e-01 -4.502062e-03 4.081394e-04 9.999898e-01 1.449041e+01
9.999136e-01 2.365392e-03 -1.292759e-02 3.128748e+00 -2.358817e-03 9.999971e-01 5.238020e-04 -4.558154e-01 1.292879e-02 -4.932636e-04 9.999163e-01 1.452274e+01
9.999848e-01 -2.810955e-03 4.751582e-03 3.226259e+00 2.812538e-03 9.999960e-01 -3.265036e-04 -4.674367e-01 -4.750645e-03 3.398633e-04 9.999887e-01 1.449889e+01
9.999141e-01 2.221222e-03 -1.291815e-02 3.324644e+00 -2.213611e-03 9.999974e-01 6.034791e-04 -4.789593e-01 1.291945e-02 -5.748321e-04 9.999164e-01 1.447189e+01
9.999849e-01 -2.616120e-03 4.838002e-03 3.421901e+00 2.617705e-03 9.999965e-01 -3.212982e-04 -4.904622e-01 -4.837145e-03 3.339584e-04 9.999882e-01 1.444541e+01
9.999099e-01 2.053525e-03 -1.326634e-02 3.510669e+00 -2.046365e-03 9.999978e-01 5.532203e-04 -5.017951e-01 1.326744e-02 -5.260234e-04 9.999118e-01 1.442598e+01
9.999845e-01 -2.652364e-03 4.901798e-03 3.595233e+00 2.654243e-03 9.999964e-01 -3.767771e-04 -5.129948e-01 -4.900781e-03 3.897825e-04 9.999879e-01 1.440810e+01
9.999111e-01 2.103643e-03 -1.316954e-02 3.691778e+00 -2.096833e-03 9.999977e-01 5.309543e-04 -5.247793e-01 1.317063e-02 -5.032935e-04 9.999131e-01 1.438817e+01
9.999844e-01 -2.661424e-03 4.920789e-03 3.810602e+00 2.663102e-03 9.999964e-01 -3.343921e-04 -5.371148e-01 -4.919881e-03 3.474921e-04 9.999878e-01 1.434641e+01
9.999055e-01 2.055965e-03 -1.359513e-02 3.912252e+00 -2.046107e-03 9.999976e-01 7.390679e-04 -5.485282e-01 1.359662e-02 -7.111816e-04 9.999073e-01 1.430308e+01
9.999808e-01 -2.764147e-03 5.544212e-03 3.975673e+00 2.766815e-03 9.999961e-01 -4.736083e-04 -5.590463e-01 -5.542881e-03 4.889397e-04 9.999845e-01 1.429194e+01
9.999039e-01 2.296730e-03 -1.367195e-02 4.027187e+00 -2.288383e-03 9.999972e-01 6.261458e-04 -5.694588e-01 1.367335e-02 -5.947997e-04 9.999063e-01 1.430051e+01
9.999808e-01 -2.990434e-03 5.434786e-03 4.090078e+00 2.992644e-03 9.999954e-01 -3.985219e-04 -5.800717e-01 -5.433569e-03 4.147793e-04 9.999852e-01 1.429798e+01
9.999092e-01 2.581306e-03 -1.322970e-02 4.176274e+00 -2.572902e-03 9.999965e-01 6.522612e-04 -5.914260e-01 1.323134e-02 -6.181639e-04 9.999123e-01 1.428864e+01
9.999846e-01 -3.048299e-03 4.631899e-03 4.314080e+00 3.050344e-03 9.999953e-01 -4.345017e-04 -6.041555e-01 -4.630552e-03 4.486246e-04 9.999892e-01 1.422796e+01
9.999110e-01 2.251226e-03 -1.314667e-02 4.405106e+00 -2.240329e-03 9.999971e-01 8.436050e-04 -6.154712e-01 1.314853e-02 -8.140778e-04 9.999132e-01 1.419865e+01
9.999833e-01 -2.411409e-03 5.257279e-03 4.497922e+00 2.415241e-03 9.999968e-01 -7.225715e-04 -6.271147e-01 -5.255519e-03 7.352576e-04 9.999859e-01 1.418823e+01
9.999068e-01 1.984100e-03 -1.350599e-02 4.615885e+00 -1.968596e-03 9.999974e-01 1.161149e-03 -6.388284e-01 1.350826e-02 -1.134453e-03 9.999081e-01 1.414489e+01
9.999821e-01 -2.635592e-03 5.365715e-03 4.717591e+00 2.640590e-03 9.999961e-01 -9.245765e-04 -6.502637e-01 -5.363257e-03 9.387293e-04 9.999852e-01 1.411231e+01
9.999019e-01 2.206962e-03 -1.383405e-02 4.851138e+00 -2.191471e-03 9.999970e-01 1.134841e-03 -6.624864e-01 1.383651e-02 -1.104414e-03 9.999037e-01 1.406826e+01
9.999792e-01 -3.333017e-03 5.519668e-03 4.945703e+00 3.337614e-03 9.999941e-01 -8.237203e-04 -6.739421e-01 -5.516890e-03 8.421263e-04 9.999844e-01 1.405803e+01
9.999007e-01 3.192239e-03 -1.372610e-02 5.035935e+00 -3.178888e-03 9.999945e-01 9.944009e-04 -6.854285e-01 1.372919e-02 -9.506690e-04 9.999053e-01 1.403230e+01
9.999814e-01 -3.685420e-03 4.861692e-03 5.228012e+00 3.689074e-03 9.999929e-01 -7.428945e-04 -6.985964e-01 -4.858920e-03 7.608164e-04 9.999879e-01 1.394997e+01
9.999011e-01 2.996946e-03 -1.373916e-02 5.402276e+00 -2.983853e-03 9.999951e-01 9.733992e-04 -7.115866e-01 1.374201e-02 -9.323080e-04 9.999051e-01 1.388342e+01
9.999804e-01 -3.569313e-03 5.141042e-03 5.544989e+00 3.573129e-03 9.999933e-01 -7.332016e-04 -7.239458e-01 -5.138391e-03 7.515575e-04 9.999865e-01 1.383512e+01
9.998999e-01 2.966913e-03 -1.383577e-02 5.667695e+00 -2.953767e-03 9.999952e-01 9.704898e-04 -7.359280e-01 1.383858e-02 -9.295257e-04 9.999038e-01 1.379444e+01
9.999803e-01 -3.558465e-03 5.172677e-03 5.801743e+00 3.562453e-03 9.999934e-01 -7.619264e-04 -7.481656e-01 -5.169932e-03 7.803394e-04 9.999863e-01 1.375069e+01
9.998986e-01 2.950394e-03 -1.393396e-02 5.939412e+00 -2.935712e-03 9.999951e-01 1.073997e-03 -7.604004e-01 1.393706e-02 -1.032982e-03 9.999023e-01 1.369645e+01
9.999813e-01 -3.605119e-03 4.939969e-03 6.102633e+00 3.609036e-03 9.999932e-01 -7.841530e-04 -7.730514e-01 -4.937108e-03 8.019675e-04 9.999875e-01 1.361782e+01
9.999014e-01 2.904760e-03 -1.374026e-02 6.258684e+00 -2.889229e-03 9.999952e-01 1.150037e-03 -7.854677e-01 1.374354e-02 -1.110225e-03 9.999049e-01 1.354849e+01
9.999805e-01 -3.463540e-03 5.191685e-03 6.375682e+00 3.468195e-03 9.999936e-01 -8.877079e-04 -7.972572e-01 -5.188576e-03 9.056970e-04 9.999861e-01 1.350497e+01
9.999023e-01 2.905672e-03 -1.367169e-02 6.493572e+00 -2.890427e-03 9.999952e-01 1.134713e-03 -8.091110e-01 1.367492e-02 -1.095086e-03 9.999059e-01 1.345651e+01
9.999810e-01 -3.284911e-03 5.214879e-03 6.648233e+00 3.289586e-03 9.999942e-01 -8.881572e-04 -8.215607e-01 -5.211931e-03 9.052957e-04 9.999860e-01 1.339507e+01
9.999039e-01 2.908693e-03 -1.355254e-02 6.805710e+00 -2.891582e-03 9.999950e-01 1.282016e-03 -8.339747e-01 1.355621e-02 -1.242705e-03 9.999073e-01 1.334432e+01
9.999811e-01 -3.505756e-03 5.040804e-03 6.925750e+00 3.511244e-03 9.999933e-01 -1.080204e-03 -8.458304e-01 -5.036983e-03 1.097883e-03 9.999867e-01 1.330434e+01
9.999059e-01 3.130067e-03 -1.335730e-02 7.045508e+00 -3.111787e-03 9.999942e-01 1.389099e-03 -8.576393e-01 1.336157e-02 -1.347404e-03 9.999098e-01 1.326555e+01
9.999818e-01 -3.233836e-03 5.102805e-03 7.207071e+00 3.239144e-03 9.999942e-01 -1.032204e-03 -8.699296e-01 -5.099437e-03 1.048714e-03 9.999864e-01 1.321826e+01
9.999008e-01 2.865618e-03 -1.379024e-02 7.406970e+00 -2.847234e-03 9.999950e-01 1.352565e-03 -8.833041e-01 1.379405e-02 -1.313167e-03 9.999040e-01 1.316122e+01
9.999356e-01 -1.086459e-02 -3.278618e-03 8.040331e+00 1.085042e-02 9.999319e-01 -4.308214e-03 -9.038293e-01 3.325201e-03 4.272363e-03 9.999853e-01 1.285561e+01
9.999459e-01 9.109512e-03 -5.021406e-03 8.706371e+00 -9.083076e-03 9.999449e-01 5.262630e-03 -9.254430e-01 5.069069e-03 -5.216736e-03 9.999735e-01 1.253052e+01
9.999426e-01 -9.841997e-03 -4.230376e-03 9.119089e+00 9.821852e-03 9.999405e-01 -4.756835e-03 -9.425798e-01 4.276941e-03 4.715012e-03 9.999797e-01 1.236570e+01
9.999462e-01 9.992691e-03 -2.787242e-03 9.261722e+00 -9.976792e-03 9.999342e-01 5.661115e-03 -9.549769e-01 2.843628e-03 -5.633003e-03 9.999801e-01 1.234318e+01
9.999286e-01 -1.050386e-02 -5.703450e-03 9.409772e+00 1.047242e-02 9.999300e-01 -5.514994e-03 -9.681264e-01 5.760979e-03 5.454872e-03 9.999685e-01 1.227737e+01
9.999515e-01 8.688820e-03 -4.640072e-03 9.722112e+00 -8.663673e-03 9.999478e-01 5.412488e-03 -9.833622e-01 4.686858e-03 -5.372026e-03 9.999746e-01 1.212776e+01
9.999437e-01 -9.210121e-03 -5.276972e-03 1.007152e+01 9.184487e-03 9.999460e-01 -4.861516e-03 -9.991990e-01 5.321462e-03 4.812777e-03 9.999743e-01 1.198116e+01
9.999557e-01 8.894118e-03 -3.077897e-03 1.025969e+01 -8.878023e-03 9.999470e-01 5.204098e-03 -1.012419e+00 3.124019e-03 -5.176543e-03 9.999817e-01 1.191310e+01
9.999412e-01 -9.429490e-03 -5.347669e-03 1.045281e+01 9.403010e-03 9.999435e-01 -4.955430e-03 -1.025534e+00 5.394095e-03 4.904856e-03 9.999734e-01 1.184225e+01
9.999551e-01 8.808604e-03 -3.495440e-03 1.063222e+01 -8.790214e-03 9.999476e-01 5.242221e-03 -1.038645e+00 3.541434e-03 -5.211260e-03 9.999802e-01 1.177668e+01
9.999511e-01 -9.104599e-03 -3.868256e-03 1.078050e+01 9.086229e-03 9.999475e-01 -4.740496e-03 -1.051296e+00 3.911213e-03 4.705117e-03 9.999813e-01 1.174748e+01
9.999546e-01 8.365204e-03 -4.559849e-03 1.094399e+01 -8.342094e-03 9.999524e-01 5.063996e-03 -1.064608e+00 4.601993e-03 -5.025728e-03 9.999768e-01 1.168021e+01
9.999581e-01 -8.457835e-03 -3.487991e-03 1.108844e+01 8.441224e-03 9.999531e-01 -4.749923e-03 -1.076295e+00 3.528001e-03 4.720282e-03 9.999826e-01 1.166075e+01
9.999550e-01 8.186879e-03 -4.788135e-03 1.127532e+01 -8.162627e-03 9.999539e-01 5.062783e-03 -1.088803e+00 4.829362e-03 -5.023472e-03 9.999757e-01 1.161087e+01
9.999591e-01 -8.278766e-03 -3.630973e-03 1.150145e+01 8.262244e-03 9.999556e-01 -4.541853e-03 -1.102013e+00 3.668413e-03 4.511668e-03 9.999831e-01 1.156023e+01
9.999557e-01 8.192695e-03 -4.642489e-03 1.167984e+01 -8.168460e-03 9.999530e-01 5.215338e-03 -1.114957e+00 4.684999e-03 -5.177185e-03 9.999756e-01 1.152590e+01
9.999578e-01 -8.440718e-03 -3.640070e-03 1.188658e+01 8.423069e-03 9.999528e-01 -4.836850e-03 -1.128163e+00 3.680725e-03 4.805985e-03 9.999817e-01 1.143880e+01
9.999541e-01 8.450665e-03 -4.511686e-03 1.207129e+01 -8.425872e-03 9.999495e-01 5.486423e-03 -1.140851e+00 4.557822e-03 -5.448156e-03 9.999748e-01 1.138608e+01
9.999559e-01 -8.682550e-03 -3.575111e-03 1.220649e+01 8.663614e-03 9.999485e-01 -5.278689e-03 -1.152672e+00 3.620760e-03 5.247484e-03 9.999797e-01 1.136668e+01
9.999525e-01 8.708583e-03 -4.376741e-03 1.236030e+01 -8.683436e-03 9.999459e-01 5.732196e-03 -1.164464e+00 4.426423e-03 -5.693919e-03 9.999740e-01 1.136343e+01
9.999554e-01 -8.660240e-03 -3.780177e-03 1.253307e+01 8.639732e-03 9.999481e-01 -5.408180e-03 -1.176614e+00 3.826817e-03 5.375280e-03 9.999782e-01 1.133809e+01
9.999496e-01 8.825551e-03 -4.793963e-03 1.278556e+01 -8.796456e-03 9.999430e-01 6.056754e-03 -1.190273e+00 4.847144e-03 -6.014279e-03 9.999702e-01 1.125133e+01
9.999539e-01 -8.853507e-03 -3.718828e-03 1.300436e+01 8.832303e-03 9.999449e-01 -5.680168e-03 -1.203235e+00 3.768913e-03 5.647060e-03 9.999770e-01 1.118431e+01
9.999500e-01 8.341040e-03 -5.520464e-03 1.307840e+01 -8.309313e-03 9.999490e-01 5.745320e-03 -1.214083e+00 5.568104e-03 -5.699161e-03 9.999683e-01 1.128707e+01
9.999589e-01 -8.403615e-03 -3.391020e-03 1.336578e+01 8.385766e-03 9.999511e-01 -5.243969e-03 -1.228549e+00 3.434923e-03 5.215318e-03 9.999805e-01 1.115934e+01
9.999501e-01 8.211752e-03 -5.683203e-03 1.369042e+01 -8.178459e-03 9.999494e-01 5.856894e-03 -1.243676e+00 5.731011e-03 -5.810123e-03 9.999667e-01 1.100881e+01
9.999582e-01 -8.552789e-03 -3.233740e-03 1.393936e+01 8.535158e-03 9.999488e-01 -5.427543e-03 -1.257507e+00 3.279995e-03 5.399716e-03 9.999800e-01 1.090888e+01
9.999499e-01 8.238096e-03 -5.682984e-03 1.417343e+01 -8.205453e-03 9.999498e-01 5.743599e-03 -1.271115e+00 5.730015e-03 -5.696681e-03 9.999674e-01 1.081469e+01
9.999609e-01 -8.171427e-03 -3.390813e-03 1.446664e+01 8.153830e-03 9.999534e-01 -5.171374e-03 -1.285745e+00 3.432913e-03 5.143524e-03 9.999809e-01 1.069335e+01
9.999567e-01 7.368271e-03 -5.691442e-03 1.462744e+01 -7.337593e-03 9.999585e-01 5.392483e-03 -1.298144e+00 5.730939e-03 -5.350489e-03 9.999693e-01 1.066632e+01
9.999670e-01 -7.515736e-03 -3.083550e-03 1.461757e+01 7.498675e-03 9.999567e-01 -5.507712e-03 -1.305105e+00 3.124811e-03 5.484409e-03 9.999801e-01 1.086942e+01
9.999369e-01 8.152618e-03 -7.735011e-03 1.450873e+01 -8.111313e-03 9.999528e-01 5.356401e-03 -1.305186e+00 7.778314e-03 -5.293322e-03 9.999557e-01 1.140112e+01
9.999670e-01 -8.119520e-03 1.770635e-04 1.442133e+01 8.120414e-03 9.999501e-01 -5.824517e-03 -1.308821e+00 -1.297622e-04 5.825763e-03 9.999830e-01 1.181746e+01
9.999278e-01 7.892877e-03 -9.062935e-03 1.441838e+01 -7.840369e-03 9.999524e-01 5.814732e-03 -1.315844e+00 9.108398e-03 -5.743255e-03 9.999420e-01 1.203174e+01
9.999695e-01 -7.803173e-03 3.095825e-04 1.437086e+01 7.804870e-03 9.999520e-01 -5.921514e-03 -1.321014e+00 -2.633609e-04 5.923750e-03 9.999824e-01 1.236944e+01
9.999277e-01 7.770441e-03 -9.181690e-03 1.433545e+01 -7.716623e-03 9.999529e-01 5.882555e-03 -1.326722e+00 9.226967e-03 -5.811278e-03 9.999405e-01 1.264857e+01
9.999667e-01 -8.036739e-03 1.447357e-03 1.432219e+01 8.045279e-03 9.999497e-01 -5.994147e-03 -1.334544e+00 -1.399111e-03 6.005592e-03 9.999810e-01 1.281273e+01
9.999235e-01 7.640228e-03 -9.726777e-03 1.434771e+01 -7.581762e-03 9.999531e-01 6.033620e-03 -1.344104e+00 9.772419e-03 -5.959413e-03 9.999345e-01 1.288384e+01
9.999677e-01 -7.803916e-03 1.928698e-03 1.440180e+01 7.815370e-03 9.999514e-01 -6.004350e-03 -1.354576e+00 -1.881747e-03 6.019230e-03 9.999801e-01 1.292687e+01
9.999207e-01 7.348132e-03 -1.022395e-02 1.452602e+01 -7.283992e-03 9.999536e-01 6.296655e-03 -1.366577e+00 1.026975e-02 -6.221685e-03 9.999279e-01 1.289412e+01
9.999683e-01 -7.709427e-03 1.997368e-03 1.462199e+01 7.721333e-03 9.999520e-01 -6.023433e-03 -1.378077e+00 -1.950834e-03 6.038665e-03 9.999799e-01 1.286652e+01
9.998998e-01 7.585178e-03 -1.195271e-02 1.461151e+01 -7.510562e-03 9.999521e-01 6.275168e-03 -1.384802e+00 1.199974e-02 -6.184768e-03 9.999089e-01 1.314836e+01
9.999616e-01 -7.907998e-03 3.783583e-03 1.467034e+01 7.930773e-03 9.999503e-01 -6.042666e-03 -1.395168e+00 -3.735609e-03 6.072441e-03 9.999746e-01 1.317428e+01
9.999052e-01 7.451384e-03 -1.157499e-02 1.470157e+01 -7.380480e-03 9.999538e-01 6.156333e-03 -1.404982e+00 1.162033e-02 -6.070322e-03 9.999141e-01 1.321442e+01
9.999630e-01 -7.879302e-03 3.456669e-03 1.479481e+01 7.900084e-03 9.999506e-01 -6.040052e-03 -1.416320e+00 -3.408907e-03 6.067137e-03 9.999758e-01 1.321339e+01
9.999098e-01 7.608203e-03 -1.106526e-02 1.490479e+01 -7.535871e-03 9.999501e-01 6.564039e-03 -1.428220e+00 1.111464e-02 -6.480062e-03 9.999172e-01 1.320222e+01
9.999625e-01 -8.325399e-03 2.387482e-03 1.505577e+01 8.340871e-03 9.999438e-01 -6.545345e-03 -1.441392e+00 -2.332855e-03 6.565014e-03 9.999757e-01 1.316411e+01
9.999096e-01 7.906861e-03 -1.087089e-02 1.512781e+01 -7.832518e-03 9.999458e-01 6.864455e-03 -1.451940e+00 1.092458e-02 -6.778689e-03 9.999173e-01 1.322831e+01
9.999610e-01 -8.224091e-03 3.232310e-03 1.512559e+01 8.246590e-03 9.999414e-01 -7.009968e-03 -1.460217e+00 -3.174470e-03 7.036350e-03 9.999702e-01 1.335967e+01
9.999102e-01 7.501534e-03 -1.110311e-02 1.518128e+01 -7.422145e-03 9.999467e-01 7.174233e-03 -1.470860e+00 1.115633e-02 -7.091181e-03 9.999126e-01 1.338494e+01
9.999650e-01 -7.729490e-03 3.187245e-03 1.525117e+01 7.750884e-03 9.999471e-01 -6.755417e-03 -1.482248e+00 -3.134860e-03 6.779885e-03 9.999721e-01 1.338602e+01
9.999136e-01 7.434083e-03 -1.083968e-02 1.531447e+01 -7.356847e-03 9.999474e-01 7.147890e-03 -1.492482e+00 1.089225e-02 -7.067527e-03 9.999157e-01 1.343508e+01
9.999646e-01 -7.924869e-03 2.840921e-03 1.538163e+01 7.943640e-03 9.999463e-01 -6.658166e-03 -1.503630e+00 -2.788003e-03 6.680498e-03 9.999738e-01 1.342720e+01
9.999111e-01 7.638249e-03 -1.093279e-02 1.545136e+01 -7.564158e-03 9.999483e-01 6.802361e-03 -1.514024e+00 1.098418e-02 -6.719060e-03 9.999171e-01 1.346210e+01
9.999649e-01 -8.035597e-03 2.388725e-03 1.549028e+01 8.051456e-03 9.999451e-01 -6.705176e-03 -1.523478e+00 -2.334713e-03 6.724173e-03 9.999747e-01 1.356767e+01
9.999126e-01 7.803106e-03 -1.067691e-02 1.549546e+01 -7.732583e-03 9.999481e-01 6.630670e-03 -1.531515e+00 1.072810e-02 -6.547530e-03 9.999210e-01 1.373807e+01
9.999665e-01 -7.918385e-03 2.060627e-03 1.549578e+01 7.932115e-03 9.999458e-01 -6.741890e-03 -1.538915e+00 -2.007130e-03 6.758009e-03 9.999751e-01 1.393827e+01
9.999052e-01 7.987093e-03 -1.121622e-02 1.545928e+01 -7.912739e-03 9.999465e-01 6.657971e-03 -1.544233e+00 1.126879e-02 -6.568589e-03 9.999149e-01 1.425134e+01
9.999575e-01 -8.496666e-03 3.565116e-03 1.544539e+01 8.521395e-03 9.999393e-01 -6.979314e-03 -1.551311e+00 -3.505599e-03 7.009398e-03 9.999693e-01 1.446039e+01
9.998975e-01 7.702406e-03 -1.206759e-02 1.556462e+01 -7.614925e-03 9.999445e-01 7.278512e-03 -1.564024e+00 1.212298e-02 -7.185873e-03 9.999007e-01 1.446540e+01
9.999566e-01 -8.569272e-03 3.648561e-03 1.573184e+01 8.594453e-03 9.999390e-01 -6.942776e-03 -1.577766e+00 -3.588844e-03 6.973833e-03 9.999692e-01 1.439021e+01
9.998908e-01 8.723652e-03 -1.193043e-02 1.581462e+01 -8.637774e-03 9.999365e-01 7.230926e-03 -1.589252e+00 1.199275e-02 -7.127084e-03 9.999027e-01 1.439652e+01
9.999542e-01 -8.838413e-03 3.670906e-03 1.581478e+01 8.864938e-03 9.999343e-01 -7.273246e-03 -1.596900e+00 -3.606381e-03 7.305456e-03 9.999668e-01 1.460100e+01
9.998923e-01 8.706603e-03 -1.181364e-02 1.578300e+01 -8.621531e-03 9.999367e-01 7.233110e-03 -1.603317e+00 1.187587e-02 -7.130480e-03 9.999041e-01 1.485393e+01
9.999441e-01 -9.346413e-03 4.953091e-03 1.580141e+01 9.382237e-03 9.999296e-01 -7.259385e-03 -1.611633e+00 -4.884893e-03 7.305450e-03 9.999614e-01 1.495624e+01
9.998753e-01 8.849420e-03 -1.307579e-02 1.585342e+01 -8.756426e-03 9.999361e-01 7.152190e-03 -1.619000e+00 1.313825e-02 -7.036801e-03 9.998889e-01 1.536036e+01
9.999519e-01 -8.175634e-03 5.424874e-03 1.554081e+01 8.230779e-03 9.999139e-01 -1.022199e-02 -1.603740e+00 -5.340836e-03 1.026615e-02 9.999330e-01 1.646382e+01
9.999186e-01 9.227693e-03 -8.812332e-03 1.536767e+01 -9.140074e-03 9.999089e-01 9.931819e-03 -1.606814e+00 8.903177e-03 -9.850465e-03 9.999118e-01 1.704810e+01
9.999523e-01 -9.716068e-03 9.512694e-04 1.540128e+01 9.725062e-03 9.999031e-01 -9.955822e-03 -1.614887e+00 -8.544457e-04 9.964599e-03 9.999500e-01 1.717167e+01
9.999027e-01 8.866145e-03 -1.077327e-02 1.564987e+01 -8.756930e-03 9.999102e-01 1.014287e-02 -1.629831e+00 1.086223e-02 -1.004754e-02 9.998905e-01 1.712578e+01
9.999520e-01 -9.611488e-03 1.918342e-03 1.601491e+01 9.628430e-03 9.999129e-01 -9.026952e-03 -1.644573e+00 -1.831412e-03 9.044989e-03 9.999574e-01 1.712024e+01
9.999001e-01 8.744504e-03 -1.110339e-02 1.611659e+01 -8.641705e-03 9.999197e-01 9.272890e-03 -1.654920e+00 1.118359e-02 -9.176012e-03 9.998954e-01 1.731026e+01
9.999514e-01 -8.938916e-03 4.161327e-03 1.606224e+01 8.978688e-03 9.999132e-01 -9.638875e-03 -1.659618e+00 -4.074804e-03 9.675770e-03 9.999449e-01 1.758066e+01
9.998845e-01 8.841718e-03 -1.235894e-02 1.603128e+01 -8.725028e-03 9.999171e-01 9.464038e-03 -1.665407e+00 1.244159e-02 -9.355113e-03 9.998788e-01 1.780972e+01
9.999124e-01 -1.297883e-02 -2.603060e-03 1.635532e+01 1.295299e-02 9.998690e-01 -9.709353e-03 -1.680474e+00 2.728736e-03 9.674786e-03 9.999495e-01 1.783168e+01
9.999043e-01 1.174584e-02 -7.311045e-03 1.709436e+01 -1.166259e-02 9.998678e-01 1.132772e-02 -1.704325e+00 7.443132e-03 -1.124137e-02 9.999091e-01 1.751485e+01
9.999213e-01 -1.248300e-02 -1.263608e-03 1.729149e+01 1.246809e-02 9.998596e-01 -1.119153e-02 -1.717232e+00 1.403134e-03 1.117489e-02 9.999366e-01 1.752846e+01
9.999128e-01 1.137161e-02 -6.720488e-03 1.746772e+01 -1.129466e-02 9.998715e-01 1.137953e-02 -1.729989e+00 6.849027e-03 -1.130263e-02 9.999127e-01 1.752428e+01
9.999322e-01 -1.158225e-02 -1.220882e-03 1.747099e+01 1.156742e-02 9.998667e-01 -1.152610e-02 -1.737651e+00 1.354217e-03 1.151120e-02 9.999328e-01 1.772537e+01
9.999093e-01 1.173062e-02 -6.617204e-03 1.739767e+01 -1.165740e-02 9.998716e-01 1.099810e-02 -1.740785e+00 6.745369e-03 -1.091997e-02 9.999176e-01 1.819549e+01
9.999214e-01 -1.252572e-02 -6.287948e-04 1.742197e+01 1.251708e-02 9.998466e-01 -1.225506e-02 -1.745554e+00 7.822019e-04 1.224623e-02 9.999247e-01 1.855337e+01
9.998838e-01 1.242298e-02 -8.830075e-03 1.752116e+01 -1.230673e-02 9.998385e-01 1.309992e-02 -1.755580e+00 8.991389e-03 -1.298973e-02 9.998752e-01 1.886048e+01
9.999214e-01 -1.250274e-02 9.865775e-04 1.749662e+01 1.251479e-02 9.998327e-01 -1.333970e-02 -1.762240e+00 -8.196297e-04 1.335100e-02 9.999105e-01 1.912264e+01
9.998820e-01 1.166689e-02 -9.991400e-03 1.750778e+01 -1.153352e-02 9.998450e-01 1.330345e-02 -1.770315e+00 1.014506e-02 -1.318665e-02 9.998616e-01 1.929586e+01
9.999209e-01 -1.233906e-02 2.443043e-03 1.757158e+01 1.237024e-02 9.998365e-01 -1.318751e-02 -1.780857e+00 -2.279922e-03 1.321669e-02 9.999101e-01 1.933991e+01
9.998757e-01 1.166228e-02 -1.060622e-02 1.763049e+01 -1.151634e-02 9.998396e-01 1.371899e-02 -1.791773e+00 1.076451e-02 -1.359514e-02 9.998496e-01 1.933698e+01
9.999343e-01 -1.142084e-02 9.541471e-04 1.754516e+01 1.143322e-02 9.998343e-01 -1.416635e-02 -1.794199e+00 -7.921973e-04 1.417633e-02 9.998992e-01 1.975787e+01
9.998979e-01 1.006928e-02 -1.013637e-02 1.764215e+01 -9.923126e-03 9.998475e-01 1.436768e-02 -1.806018e+00 1.027949e-02 -1.426563e-02 9.998454e-01 1.978832e+01
9.999413e-01 -1.082029e-02 -5.303140e-04 1.808157e+01 1.081200e-02 9.998475e-01 -1.371426e-02 -1.823870e+00 6.786253e-04 1.370772e-02 9.999058e-01 1.954759e+01
9.998934e-01 1.045425e-02 -1.019358e-02 1.845876e+01 -1.030891e-02 9.998459e-01 1.420791e-02 -1.840529e+00 1.034055e-02 -1.410131e-02 9.998471e-01 1.937145e+01
9.999444e-01 -1.012404e-02 -2.959452e-03 1.933769e+01 1.008214e-02 9.998533e-01 -1.384541e-02 -1.867186e+00 3.099190e-03 1.381480e-02 9.998998e-01 1.896579e+01
9.999294e-01 3.837401e-03 -1.124817e-02 1.974893e+01 -3.714323e-03 9.999332e-01 1.094263e-02 -1.883240e+00 1.128941e-02 -1.090008e-02 9.998769e-01 1.919369e+01
9.999949e-01 -2.486631e-03 1.983170e-03 1.956703e+01 2.509483e-03 9.999295e-01 -1.160451e-02 -1.880272e+00 -1.954174e-03 1.160943e-02 9.999307e-01 1.993257e+01
9.999180e-01 2.821797e-03 -1.249490e-02 1.945976e+01 -2.675756e-03 9.999281e-01 1.168940e-02 -1.882042e+00 1.252699e-02 -1.165500e-02 9.998536e-01 2.039724e+01
9.999915e-01 -2.352450e-03 3.400309e-03 1.940819e+01 2.392974e-03 9.999256e-01 -1.196308e-02 -1.886816e+00 -3.371914e-03 1.197112e-02 9.999227e-01 2.070910e+01
9.998507e-01 3.192402e-03 -1.697958e-02 1.925017e+01 -3.003075e-03 9.999332e-01 1.116410e-02 -1.882927e+00 1.701409e-02 -1.111145e-02 9.997935e-01 2.157525e+01
9.999812e-01 -2.447705e-03 5.624020e-03 1.916514e+01 2.508012e-03 9.999392e-01 -1.074111e-02 -1.884518e+00 -5.597387e-03 1.075502e-02 9.999265e-01 2.211771e+01
9.997971e-01 2.933384e-03 -1.993034e-02 1.903600e+01 -2.727295e-03 9.999426e-01 1.035983e-02 -1.883336e+00 1.995959e-02 -1.030337e-02 9.997477e-01 2.284639e+01
9.999237e-01 -1.707572e-03 1.223499e-02 1.875224e+01 1.848439e-03 9.999320e-01 -1.151136e-02 -1.872843e+00 -1.221450e-02 1.153309e-02 9.998589e-01 2.368328e+01
9.997919e-01 2.499656e-03 -2.024445e-02 1.855168e+01 -2.277964e-03 9.999373e-01 1.096647e-02 -1.868348e+00 2.027059e-02 -1.091807e-02 9.997349e-01 2.436479e+01
9.999387e-01 -1.477117e-03 1.097319e-02 1.836280e+01 1.600571e-03 9.999354e-01 -1.125016e-02 -1.863874e+00 -1.095586e-02 1.126703e-02 9.998765e-01 2.500909e+01
9.997721e-01 2.512892e-03 -2.119916e-02 1.814243e+01 -2.285726e-03 9.999398e-01 1.073329e-02 -1.857295e+00 2.122486e-02 -1.068238e-02 9.997177e-01 2.570906e+01
9.999276e-01 -1.393897e-03 1.195130e-02 1.794583e+01 1.527259e-03 9.999366e-01 -1.115685e-02 -1.851426e+00 -1.193499e-02 1.117430e-02 9.998663e-01 2.640891e+01
9.997802e-01 2.055784e-03 -2.086409e-02 1.781689e+01 -1.829468e-03 9.999393e-01 1.086047e-02 -1.850223e+00 2.088515e-02 -1.081992e-02 9.997233e-01 2.697693e+01
9.999261e-01 -1.260570e-03 1.208929e-02 1.766186e+01 1.397740e-03 9.999347e-01 -1.134463e-02 -1.847975e+00 -1.207420e-02 1.136069e-02 9.998626e-01 2.763770e+01
9.997495e-01 2.080955e-03 -2.228504e-02 1.749342e+01 -1.847620e-03 9.999433e-01 1.048599e-02 -1.845731e+00 2.230560e-02 -1.044219e-02 9.996967e-01 2.830538e+01
9.999322e-01 -1.278393e-03 1.157837e-02 1.740100e+01 1.402658e-03 9.999414e-01 -1.073071e-02 -1.847020e+00 -1.156398e-02 1.074622e-02 9.998754e-01 2.886321e+01
9.997554e-01 2.332295e-03 -2.199385e-02 1.720493e+01 -2.110434e-03 9.999467e-01 1.010522e-02 -1.842082e+00 2.201625e-02 -1.005634e-02 9.997070e-01 2.965587e+01
9.999156e-01 -9.244433e-04 1.295665e-02 1.692961e+01 1.066319e-03 9.999395e-01 -1.094739e-02 -1.831981e+00 -1.294575e-02 1.096029e-02 9.998561e-01 3.059984e+01
9.997993e-01 1.809686e-03 -1.995142e-02 1.669523e+01 -1.614608e-03 9.999508e-01 9.789474e-03 -1.825030e+00 1.996815e-02 -9.755296e-03 9.997530e-01 3.133267e+01
9.999672e-01 -1.244608e-04 8.093056e-03 1.647021e+01 2.103554e-04 9.999437e-01 -1.061332e-02 -1.816316e+00 -8.091280e-03 1.061468e-02 9.999109e-01 3.219669e+01
9.998426e-01 2.237379e-03 -1.759824e-02 1.606219e+01 -2.067826e-03 9.999513e-01 9.646982e-03 -1.798267e+00 1.761896e-02 -9.609074e-03 9.997986e-01 3.339863e+01
9.999927e-01 -9.778622e-04 3.700015e-03 1.596717e+01 1.012781e-03 9.999549e-01 -9.447325e-03 -1.798276e+00 -3.690609e-03 9.451003e-03 9.999485e-01 3.417479e+01
9.998476e-01 1.058994e-03 -1.742783e-02 1.603433e+01 -8.909850e-04 9.999531e-01 9.645230e-03 -1.804899e+00 1.743723e-02 -9.628232e-03 9.998016e-01 3.474728e+01
9.999744e-01 6.064795e-04 7.125234e-03 1.577880e+01 -5.284890e-04 9.999400e-01 -1.094239e-02 -1.794104e+00 -7.131443e-03 1.093834e-02 9.999147e-01 3.576817e+01
9.998672e-01 6.081558e-04 -1.628355e-02 1.556871e+01 -4.409384e-04 9.999472e-01 1.027076e-02 -1.786560e+00 1.628893e-02 -1.026222e-02 9.998147e-01 3.660561e+01
9.999739e-01 -2.383888e-04 7.227799e-03 1.549474e+01 3.143398e-04 9.999447e-01 -1.050879e-02 -1.789554e+00 -7.224894e-03 1.051079e-02 9.999187e-01 3.694538e+01
9.998003e-01 1.268135e-03 -1.994491e-02 1.541664e+01 -1.062813e-03 9.999464e-01 1.030168e-02 -1.790308e+00 1.995690e-02 -1.027843e-02 9.997480e-01 3.751394e+01
9.999456e-01 -5.599032e-04 1.041743e-02 1.534054e+01 6.736797e-04 9.999401e-01 -1.092138e-02 -1.792874e+00 -1.041069e-02 1.092780e-02 9.998861e-01 3.806061e+01
9.998150e-01 1.223537e-04 -1.923358e-02 1.537448e+01 8.925779e-05 9.999395e-01 1.100098e-02 -1.800078e+00 1.923376e-02 -1.100066e-02 9.997545e-01 3.828635e+01
9.999288e-01 -2.055005e-04 1.192930e-02 1.556085e+01 3.312305e-04 9.999444e-01 -1.053853e-02 -1.814776e+00 -1.192647e-02 1.054173e-02 9.998733e-01 3.825267e+01
9.997019e-01 6.248332e-04 -2.440723e-02 1.534794e+01 -3.850366e-04 9.999516e-01 9.828307e-03 -1.808366e+00 2.441219e-02 -9.815980e-03 9.996538e-01 3.922674e+01
9.999033e-01 -1.810740e-04 1.390609e-02 1.522517e+01 3.160782e-04 9.999528e-01 -9.706655e-03 -1.803443e+00 -1.390367e-02 9.710112e-03 9.998562e-01 3.995202e+01
9.997205e-01 1.280907e-04 -2.363977e-02 1.547604e+01 1.226553e-04 9.999438e-01 1.060523e-02 -1.819307e+00 2.363980e-02 -1.060516e-02 9.996643e-01 3.990129e+01
9.999039e-01 -1.043846e-03 1.382340e-02 1.556066e+01 1.183552e-03 9.999483e-01 -1.010211e-02 -1.831886e+00 -1.381214e-02 1.011750e-02 9.998534e-01 3.994293e+01
9.997467e-01 9.804938e-04 -2.248526e-02 1.556782e+01 -7.574715e-04 9.999505e-01 9.925001e-03 -1.840667e+00 2.249388e-02 -9.905456e-03 9.996979e-01 4.016323e+01
9.998965e-01 -1.092149e-03 1.434323e-02 1.557846e+01 1.234575e-03 9.999500e-01 -9.924664e-03 -1.849581e+00 -1.433167e-02 9.941345e-03 9.998479e-01 4.028914e+01
9.996984e-01 1.254602e-03 -2.452581e-02 1.546037e+01 -1.019780e-03 9.999535e-01 9.584702e-03 -1.849510e+00 2.453670e-02 -9.556800e-03 9.996532e-01 4.091869e+01
9.998148e-01 -1.218258e-03 1.920388e-02 1.531991e+01 1.415601e-03 9.999463e-01 -1.026593e-02 -1.849830e+00 -1.919035e-02 1.029122e-02 9.997629e-01 4.146229e+01
9.995637e-01 7.852153e-04 -2.952462e-02 1.529714e+01 -4.862621e-04 9.999486e-01 1.013139e-02 -1.856417e+00 2.953106e-02 -1.011262e-02 9.995127e-01 4.178910e+01
9.998425e-01 -8.451416e-04 1.772706e-02 1.545124e+01 1.014930e-03 9.999537e-01 -9.571061e-03 -1.869769e+00 -1.771815e-02 9.587546e-03 9.997971e-01 4.201337e+01
9.996308e-01 9.734719e-04 -2.715509e-02 1.543952e+01 -7.166700e-04 9.999549e-01 9.465012e-03 -1.877544e+00 2.716308e-02 -9.442056e-03 9.995864e-01 4.226487e+01
9.998223e-01 -6.402053e-04 1.883829e-02 1.536455e+01 8.254397e-04 9.999514e-01 -9.826702e-03 -1.881095e+00 -1.883108e-02 9.840507e-03 9.997743e-01 4.272061e+01
9.996383e-01 9.027164e-04 -2.687962e-02 1.528174e+01 -6.500004e-04 9.999555e-01 9.409044e-03 -1.884136e+00 2.688692e-02 -9.388169e-03 9.995944e-01 4.311448e+01
9.998504e-01 -6.319074e-04 1.728646e-02 1.524257e+01 7.961438e-04 9.999546e-01 -9.495595e-03 -1.889123e+00 -1.727968e-02 9.507937e-03 9.998055e-01 4.340796e+01
9.995995e-01 1.659576e-03 -2.825085e-02 1.508415e+01 -1.401314e-03 9.999571e-01 9.159113e-03 -1.887320e+00 2.826484e-02 -9.115857e-03 9.995589e-01 4.405646e+01
9.997469e-01 -1.352189e-03 2.245815e-02 1.490328e+01 1.572654e-03 9.999507e-01 -9.801907e-03 -1.884599e+00 -2.244379e-02 9.834745e-03 9.996997e-01 4.459497e+01
9.995373e-01 2.017594e-03 -3.035080e-02 1.498167e+01 -1.703042e-03 9.999446e-01 1.038617e-02 -1.895712e+00 3.037007e-02 -1.032968e-02 9.994853e-01 4.461903e+01
9.997597e-01 -2.423454e-03 2.178550e-02 1.504106e+01 2.640415e-03 9.999472e-01 -9.935720e-03 -1.907233e+00 -2.176027e-02 9.990856e-03 9.997133e-01 4.462746e+01
9.995388e-01 2.338953e-03 -3.027668e-02 1.503544e+01 -2.036670e-03 9.999478e-01 1.001105e-02 -1.915513e+00 3.029851e-02 -9.944770e-03 9.994914e-01 4.474395e+01
9.997637e-01 -2.210824e-03 2.162570e-02 1.502098e+01 2.427048e-03 9.999473e-01 -9.977301e-03 -1.923238e+00 -2.160251e-02 1.002743e-02 9.997164e-01 4.489870e+01
9.994859e-01 2.837010e-03 -3.193437e-02 1.491746e+01 -2.524164e-03 9.999485e-01 9.832591e-03 -1.926370e+00 3.196062e-02 -9.746930e-03 9.994416e-01 4.534256e+01
9.997397e-01 -1.597879e-03 2.275882e-02 1.468916e+01 1.838521e-03 9.999426e-01 -1.055654e-02 -1.920354e+00 -2.274065e-02 1.059563e-02 9.996852e-01 4.613195e+01
9.994999e-01 2.977194e-03 -3.148218e-02 1.436423e+01 -2.673035e-03 9.999494e-01 9.698989e-03 -1.908415e+00 3.150947e-02 -9.609985e-03 9.994573e-01 4.715272e+01
9.996200e-01 -1.091546e-03 2.754427e-02 1.376699e+01 1.461525e-03 9.999089e-01 -1.341559e-02 -1.874404e+00 -2.752712e-02 1.345075e-02 9.995306e-01 4.864602e+01
9.995164e-01 3.198799e-03 -3.092964e-02 1.342857e+01 -2.812474e-03 9.999176e-01 1.252593e-02 -1.868449e+00 3.096716e-02 -1.243288e-02 9.994431e-01 4.964491e+01
9.997644e-01 -2.498564e-03 2.156061e-02 1.325236e+01 2.779990e-03 9.999112e-01 -1.303268e-02 -1.864504e+00 -2.152614e-02 1.308955e-02 9.996826e-01 5.022309e+01
9.994973e-01 2.986268e-03 -3.156433e-02 1.311895e+01 -2.581348e-03 9.999140e-01 1.286141e-02 -1.863176e+00 3.160002e-02 -1.277347e-02 9.994190e-01 5.074765e+01
9.997440e-01 -2.379620e-03 2.249873e-02 1.292427e+01 2.693603e-03 9.998993e-01 -1.393560e-02 -1.858180e+00 -2.246330e-02 1.399263e-02 9.996497e-01 5.140983e+01
9.994857e-01 2.564833e-03 -3.196614e-02 1.295459e+01 -2.106573e-03 9.998947e-01 1.436127e-02 -1.867576e+00 3.199960e-02 -1.428655e-02 9.993858e-01 5.167924e+01
9.997156e-01 -2.314582e-03 2.373342e-02 1.292456e+01 2.657643e-03 9.998923e-01 -1.443344e-02 -1.874075e+00 -2.369746e-02 1.449241e-02 9.996141e-01 5.193555e+01
9.994472e-01 2.794580e-03 -3.312704e-02 1.285657e+01 -2.324877e-03 9.998963e-01 1.420889e-02 -1.877636e+00 3.316331e-02 -1.412402e-02 9.993501e-01 5.250656e+01
9.996694e-01 -2.374166e-03 2.560358e-02 1.270895e+01 2.758263e-03 9.998840e-01 -1.497680e-02 -1.877937e+00 -2.556506e-02 1.504247e-02 9.995600e-01 5.334783e+01
9.994550e-01 2.626775e-03 -3.290650e-02 1.252636e+01 -2.158302e-03 9.998959e-01 1.426396e-02 -1.875810e+00 3.294054e-02 -1.418516e-02 9.993566e-01 5.407017e+01
