9.999932e-01 6.026939e-05 -3.696245e-03 -1.308587e-01 -5.796289e-05 9.999998e-01 6.241242e-04 -6.409982e-03 3.696281e-03 -6.239064e-04 9.999930e-01 4.063192e-01
1.000000e+00 4.436417e-06 1.845597e-04 -2.063402e-01 -4.427320e-06 1.000000e+00 -4.914805e-05 -1.722904e-02 -1.845595e-04 4.914794e-05 1.000000e+00 8.897762e-01
9.999929e-01 7.260211e-05 -3.775425e-03 -3.854718e-01 -6.979034e-05 9.999997e-01 7.448889e-04 -2.073581e-02 3.775477e-03 -7.446208e-04 9.999926e-01 1.427522e+00
1.000000e+00 1.884326e-05 -2.868501e-05 -5.992759e-01 -1.884362e-05 1.000000e+00 -1.384841e-05 -2.315878e-02 2.868509e-05 1.384966e-05 1.000000e+00 1.909200e+00
9.999922e-01 7.567315e-05 -3.960570e-03 -8.058620e-01 -7.283620e-05 9.999997e-01 7.164452e-04 -2.767161e-02 3.960623e-03 -7.161518e-04 9.999919e-01 2.270639e+00
1.000000e+00 3.296568e-05 -1.224256e-04 -9.660954e-01 -3.297325e-05 1.000000e+00 -6.207914e-05 -3.658964e-02 1.224239e-04 6.208389e-05 1.000000e+00 2.507404e+00
9.999941e-01 7.356850e-05 -3.446562e-03 -9.834127e-01 -7.125981e-05 9.999998e-01 6.699805e-04 -5.085645e-02 3.446610e-03 -6.697316e-04 9.999938e-01 2.890961e+00
1.000000e+00 7.656892e-06 3.949039e-05 -1.022950e+00 -7.654215e-06 1.000000e+00 -6.693778e-05 -6.438798e-02 -3.949056e-05 6.693819e-05 1.000000e+00 3.413786e+00
9.999919e-01 8.384283e-05 -4.012401e-03 -1.270027e+00 -8.052624e-05 9.999997e-01 8.267479e-04 -6.467350e-02 4.012468e-03 -8.264189e-04 9.999916e-01 3.834696e+00
1.000000e+00 1.731531e-05 -1.055863e-04 -1.534738e+00 -1.732378e-05 1.000000e+00 -8.055040e-05 -6.403058e-02 1.055852e-04 8.055294e-05 1.000000e+00 4.158753e+00
9.999940e-01 6.442713e-05 -3.453773e-03 -1.572198e+00 -6.212147e-05 9.999998e-01 6.676889e-04 -7.659426e-02 3.453815e-03 -6.674711e-04 9.999938e-01 4.550213e+00
9.999992e-01 9.601721e-05 -1.274480e-03 -1.996238e+00 -9.560621e-05 9.999999e-01 3.225156e-04 -6.950521e-02 1.274511e-03 -3.223928e-04 9.999991e-01 4.808568e+00
9.999958e-01 2.952308e-05 -2.889588e-03 -2.205404e+00 -2.806530e-05 9.999999e-01 5.045483e-04 -7.321092e-02 2.889602e-03 -5.044658e-04 9.999957e-01 5.154120e+00
9.999994e-01 5.711095e-05 -1.086434e-03 -2.418347e+00 -5.683791e-05 1.000000e+00 2.513077e-04 -7.684170e-02 1.086448e-03 -2.512451e-04 9.999994e-01 5.616691e+00
9.999959e-01 3.951875e-05 -2.859211e-03 -2.556480e+00 -3.828916e-05 9.999999e-01 4.301135e-04 -8.342444e-02 2.859228e-03 -4.300030e-04 9.999958e-01 5.973157e+00
9.999988e-01 8.980559e-05 -1.518921e-03 -2.764309e+00 -8.935822e-05 1.000000e+00 2.945693e-04 -8.626679e-02 1.518948e-03 -2.944325e-04 9.999988e-01 6.185197e+00
9.999908e-01 1.702328e-04 -4.294237e-03 -3.327660e+00 -1.668706e-04 9.999997e-01 7.833143e-04 -7.614677e-02 4.294368e-03 -7.825912e-04 9.999905e-01 6.060102e+00
1.000000e+00 -4.632081e-05 1.916891e-04 -3.543158e+00 4.632262e-05 1.000000e+00 -9.220224e-06 -8.310421e-02 -1.916884e-04 9.229815e-06 1.000000e+00 6.401304e+00
9.999876e-01 2.112257e-04 -4.975063e-03 -3.893785e+00 -2.065640e-04 9.999995e-01 9.375371e-04 -8.145483e-02 4.975259e-03 -9.364985e-04 9.999872e-01 6.585983e+00
1.000000e+00 -2.401393e-05 1.396721e-04 -4.096800e+00 2.402827e-05 1.000000e+00 -1.023008e-04 -8.092039e-02 -1.396693e-04 1.023049e-04 1.000000e+00 6.456882e+00
9.999899e-01 1.275274e-04 -4.490006e-03 -4.119073e+00 -1.236074e-04 9.999996e-01 8.733455e-04 -8.672349e-02 4.490116e-03 -8.727824e-04 9.999895e-01 6.402108e+00
9.999999e-01 2.280335e-07 -4.774883e-04 -4.176748e+00 -2.636249e-07 1.000000e+00 -7.465096e-05 -8.752383e-02 4.774886e-04 7.465179e-05 9.999999e-01 6.053114e+00
9.999897e-01 1.733600e-04 -4.531439e-03 -4.395196e+00 -1.692400e-04 9.999996e-01 9.095898e-04 -8.726691e-02 4.531594e-03 -9.088142e-04 9.999893e-01 5.850629e+00
9.999997e-01 -1.508457e-04 7.653827e-04 -3.925003e+00 1.511542e-04 9.999999e-01 -4.029350e-04 -9.948230e-02 -7.653215e-04 4.030513e-04 9.999996e-01 5.668431e+00
9.999909e-01 2.074811e-04 -4.255932e-03 -3.553743e+00 -2.032174e-04 9.999995e-01 1.002245e-03 -1.167118e-01 4.256137e-03 -1.001372e-03 9.999904e-01 5.858343e+00
9.999999e-01 -1.386905e-04 4.937201e-04 -3.395680e+00 1.388326e-04 9.999999e-01 -2.877876e-04 -1.308996e-01 -4.936798e-04 2.878568e-04 9.999998e-01 6.175008e+00
9.999903e-01 1.466391e-04 -4.412687e-03 -2.853859e+00 -1.430043e-04 9.999997e-01 8.240120e-04 -1.397142e-01 4.412805e-03 -8.233737e-04 9.999899e-01 5.854964e+00
9.999998e-01 -1.913482e-04 6.430932e-04 -2.028666e+00 1.915084e-04 1.000000e+00 -2.488822e-04 -1.466790e-01 -6.430453e-04 2.490060e-04 9.999998e-01 5.518684e+00
9.999880e-01 2.817011e-04 -4.891860e-03 -2.118941e+00 -2.767540e-04 9.999994e-01 1.011955e-03 -1.427651e-01 4.892142e-03 -1.010590e-03 9.999875e-01 5.373233e+00
9.999999e-01 -1.503210e-04 4.061163e-04 -2.635845e+00 1.503087e-04 1.000000e+00 3.035961e-05 -1.280427e-01 -4.061206e-04 -3.029786e-05 9.999999e-01 5.799244e+00
9.999918e-01 2.035045e-04 -4.055961e-03 -2.787342e+00 -2.001532e-04 9.999996e-01 8.266788e-04 -1.283878e-01 4.056127e-03 -8.258609e-04 9.999914e-01 6.372771e+00
1.000000e+00 -1.921848e-04 -1.793281e-05 -2.537939e+00 1.921802e-04 9.999999e-01 -2.628086e-04 -1.337167e-01 1.798365e-05 2.628059e-04 1.000000e+00 6.173256e+00
9.999925e-01 2.255533e-04 -3.868458e-03 -2.061325e+00 -2.228306e-04 9.999997e-01 7.042542e-04 -1.385301e-01 3.868615e-03 -7.033876e-04 9.999923e-01 5.752814e+00
9.999999e-01 -2.275040e-04 -3.492597e-04 -1.743497e+00 2.274035e-04 9.999999e-01 -2.879888e-04 -1.353690e-01 3.493255e-04 2.879100e-04 9.999999e-01 5.040988e+00
9.999901e-01 3.406046e-04 -4.445735e-03 -1.669618e+00 -3.368676e-04 9.999996e-01 8.413254e-04 -1.322347e-01 4.446020e-03 -8.398201e-04 9.999898e-01 4.073047e+00
9.999998e-01 -2.000192e-04 -6.100596e-04 -1.693403e+00 1.998972e-04 1.000000e+00 -2.001391e-04 -1.314601e-01 6.101000e-04 2.000178e-04 9.999998e-01 3.209695e+00
9.999874e-01 4.139343e-04 -4.998547e-03 -2.071452e+00 -4.082154e-04 9.999993e-01 1.145086e-03 -1.263818e-01 4.999017e-03 -1.143032e-03 9.999869e-01 2.820293e+00
9.999996e-01 -2.671971e-04 8.099049e-04 -2.233486e+00 2.675936e-04 9.999998e-01 -4.894053e-04 -1.309356e-01 -8.097737e-04 4.896225e-04 9.999996e-01 2.974296e+00
9.999907e-01 3.380567e-04 -4.289862e-03 -2.163229e+00 -3.337678e-04 9.999994e-01 1.000476e-03 -1.469166e-01 4.290197e-03 -9.990356e-04 9.999903e-01 3.391364e+00
1.000000e+00 -2.047780e-04 -1.152208e-04 -2.282715e+00 2.047367e-04 9.999999e-01 -3.589325e-04 -1.490946e-01 1.152946e-04 3.589096e-04 9.999999e-01 3.426461e+00
9.999905e-01 3.231866e-04 -4.358050e-03 -2.397668e+00 -3.188017e-04 9.999994e-01 1.006845e-03 -1.521789e-01 4.358373e-03 -1.005447e-03 9.999900e-01 3.408102e+00
9.999999e-01 -1.770873e-04 -3.585607e-04 -2.612414e+00 1.769847e-04 9.999999e-01 -2.862287e-04 -1.528767e-01 3.586117e-04 2.861659e-04 9.999999e-01 3.415639e+00
9.999880e-01 3.822109e-04 -4.890510e-03 -2.937036e+00 -3.766696e-04 9.999993e-01 1.133944e-03 -1.501092e-01 4.890939e-03 -1.132089e-03 9.999874e-01 3.224478e+00
9.999998e-01 -1.786516e-04 -5.745298e-04 -3.262061e+00 1.785111e-04 1.000000e+00 -2.447210e-04 -1.470714e-01 5.745739e-04 2.446191e-04 9.999998e-01 2.892005e+00
9.999870e-01 4.115661e-04 -5.082022e-03 -3.763571e+00 -4.051549e-04 9.999991e-01 1.262539e-03 -1.375557e-01 5.082537e-03 -1.260464e-03 9.999863e-01 2.659156e+00
9.999999e-01 -1.987977e-04 -4.583962e-04 -4.212378e+00 1.986507e-04 9.999999e-01 -3.209290e-04 -1.284506e-01 4.584603e-04 3.208386e-04 9.999998e-01 2.414334e+00
9.999843e-01 4.673481e-04 -5.581608e-03 -4.686892e+00 -4.598242e-04 9.999990e-01 1.349202e-03 -1.226212e-01 5.582232e-03 -1.346615e-03 9.999835e-01 2.015693e+00
9.999999e-01 -2.595036e-04 4.383646e-04 -4.987256e+00 2.597398e-04 9.999998e-01 -5.387145e-04 -1.222193e-01 -4.382244e-04 5.388290e-04 9.999998e-01 1.892160e+00
9.999859e-01 4.386361e-04 -5.295568e-03 -5.235477e+00 -4.314584e-04 9.999990e-01 1.356511e-03 -1.201547e-01 5.296157e-03 -1.354208e-03 9.999851e-01 1.890233e+00
1.000000e+00 -2.377452e-04 -1.628672e-04 -5.797185e+00 2.376972e-04 9.999999e-01 -2.953994e-04 -1.046988e-01 1.629377e-04 2.953614e-04 9.999999e-01 1.922681e+00
9.999920e-01 3.563092e-04 -3.983276e-03 -5.881242e+00 -3.526797e-04 9.999995e-01 9.118582e-04 -1.144064e-01 3.983599e-03 -9.104468e-04 9.999917e-01 2.125407e+00
9.999994e-01 -1.803481e-04 -1.059074e-03 -6.296556e+00 1.802973e-04 1.000000e+00 -4.817641e-05 -1.065255e-01 1.059083e-03 4.798614e-05 9.999994e-01 2.241005e+00
9.999864e-01 4.443183e-04 -5.202366e-03 -6.722393e+00 -4.387294e-04 9.999993e-01 1.075414e-03 -1.030184e-01 5.202840e-03 -1.073117e-03 9.999859e-01 1.694248e+00
9.999995e-01 -3.498876e-04 9.251593e-04 -6.561333e+00 3.504175e-04 9.999998e-01 -5.725680e-04 -1.013612e-01 -9.249585e-04 5.728926e-04 9.999994e-01 9.170194e-01
9.999876e-01 4.018673e-04 -4.960572e-03 -6.380021e+00 -3.968572e-04 9.999994e-01 1.010932e-03 -1.022672e-01 4.960975e-03 -1.008952e-03 9.999872e-01 2.941234e-01
9.999999e-01 -3.110067e-04 3.093273e-04 -6.283164e+00 3.111490e-04 9.999998e-01 -4.597749e-04 -1.069368e-01 -3.091839e-04 4.598718e-04 9.999998e-01 -2.224041e-02
9.999857e-01 5.034612e-04 -5.324439e-03 -6.441178e+00 -4.972362e-04 9.999992e-01 1.170415e-03 -1.076951e-01 5.325023e-03 -1.167752e-03 9.999851e-01 -3.397685e-01
9.999997e-01 -2.610391e-04 -6.771528e-04 -7.060702e+00 2.610237e-04 1.000000e+00 -2.309759e-05 -9.418685e-02 6.771591e-04 2.292154e-05 9.999998e-01 -5.555879e-01
9.999908e-01 4.279922e-04 -4.260741e-03 -7.260546e+00 -4.250717e-04 9.999997e-01 6.863509e-04 -9.654344e-02 4.261034e-03 -6.845342e-04 9.999907e-01 -7.272132e-01
9.999999e-01 -3.898591e-04 -3.422836e-05 -7.122204e+00 3.898498e-04 9.999999e-01 -2.757910e-04 -9.885219e-02 3.433620e-05 2.757783e-04 1.000000e+00 -1.278250e+00
9.999832e-01 5.379361e-04 -5.775228e-03 -7.252500e+00 -5.319165e-04 9.999993e-01 1.043833e-03 -9.485000e-02 5.775785e-03 -1.040744e-03 9.999828e-01 -2.381868e+00
9.999994e-01 -3.521369e-04 1.058899e-03 -7.421671e+00 3.525783e-04 9.999999e-01 -4.165573e-04 -1.081811e-01 -1.058752e-03 4.169311e-04 9.999994e-01 -2.433268e+00
9.999887e-01 4.559958e-04 -4.729071e-03 -7.231161e+00 -4.514046e-04 9.999994e-01 9.719020e-04 -1.327784e-01 4.729511e-03 -9.697570e-04 9.999883e-01 -2.167896e+00
9.999999e-01 -3.671025e-04 -2.518802e-04 -7.227640e+00 3.670144e-04 9.999999e-01 -3.501181e-04 -1.319620e-01 2.520090e-04 3.500263e-04 9.999999e-01 -2.962269e+00
9.999856e-01 5.592392e-04 -5.339315e-03 -7.452541e+00 -5.530619e-04 9.999992e-01 1.158376e-03 -1.318055e-01 5.339958e-03 -1.155407e-03 9.999851e-01 -3.593460e+00
9.999998e-01 -3.056072e-04 -5.151097e-04 -7.707484e+00 3.054595e-04 9.999999e-01 -2.868837e-04 -1.313035e-01 5.151977e-04 2.867270e-04 9.999998e-01 -4.301262e+00
9.999875e-01 4.694633e-04 -4.982036e-03 -7.829854e+00 -4.642358e-04 9.999993e-01 1.050409e-03 -1.305052e-01 4.982525e-03 -1.048084e-03 9.999870e-01 -5.204008e+00
9.999999e-01 -3.764121e-04 1.678100e-04 -7.793687e+00 3.764935e-04 9.999998e-01 -4.846214e-04 -1.317349e-01 -1.676273e-04 4.846852e-04 9.999999e-01 -5.917512e+00
9.999849e-01 5.430833e-04 -5.471972e-03 -7.909957e+00 -5.362199e-04 9.999991e-01 1.255704e-03 -1.312976e-01 5.472648e-03 -1.252752e-03 9.999842e-01 -6.663777e+00
9.999999e-01 -3.036239e-04 -3.832000e-04 -8.129429e+00 3.034819e-04 9.999999e-01 -3.708848e-04 -1.265989e-01 3.833129e-04 3.707692e-04 9.999999e-01 -7.571068e+00
9.999832e-01 5.456826e-04 -5.768059e-03 -8.450907e+00 -5.376222e-04 9.999989e-01 1.398897e-03 -1.185851e-01 5.768816e-03 -1.395773e-03 9.999824e-01 -8.465556e+00
9.999999e-01 -3.132975e-04 -3.964158e-04 -8.739594e+00 3.131250e-04 9.999999e-01 -4.356469e-04 -1.105450e-01 3.965526e-04 4.355234e-04 9.999998e-01 -9.372160e+00
9.999847e-01 5.166484e-04 -5.507488e-03 -8.920509e+00 -5.094090e-04 9.999990e-01 1.315804e-03 -1.033390e-01 5.508162e-03 -1.312979e-03 9.999840e-01 -1.057010e+01
9.999998e-01 -2.578658e-04 -5.882916e-04 -9.224563e+00 2.576608e-04 9.999999e-01 -3.487372e-04 -9.570845e-02 5.883818e-04 3.485863e-04 9.999998e-01 -1.147256e+01
9.999844e-01 4.820463e-04 -5.565857e-03 -9.490597e+00 -4.745870e-04 9.999990e-01 1.341462e-03 -8.772283e-02 5.566497e-03 -1.338800e-03 9.999836e-01 -1.236036e+01
9.999996e-01 -2.207863e-04 -8.681158e-04 -9.930986e+00 2.206134e-04 1.000000e+00 -1.993877e-04 -7.399131e-02 8.681601e-04 1.991968e-04 9.999996e-01 -1.320024e+01
9.999768e-01 5.851690e-04 -6.780422e-03 -1.081728e+01 -5.732009e-04 9.999983e-01 1.766924e-03 -4.976338e-02 6.781444e-03 -1.762997e-03 9.999755e-01 -1.391419e+01
9.999996e-01 -2.219823e-04 -8.160914e-04 -1.170580e+01 2.218281e-04 1.000000e+00 -1.893003e-04 -2.500081e-02 8.161337e-04 1.891199e-04 9.999996e-01 -1.465863e+01
9.999829e-01 4.949215e-04 -5.825920e-03 -1.213758e+01 -4.873155e-04 9.999990e-01 1.306917e-03 -1.499299e-02 5.826560e-03 -1.304056e-03 9.999822e-01 -1.554735e+01
9.999995e-01 -2.047914e-04 -9.311625e-04 -1.254731e+01 2.046472e-04 1.000000e+00 -1.551830e-04 -2.795037e-03 9.311946e-04 1.549930e-04 9.999996e-01 -1.670206e+01
9.999883e-01 4.316992e-04 -4.826463e-03 -1.300082e+01 -4.259662e-04 9.999992e-01 1.188809e-03 1.053773e-02 4.826972e-03 -1.186740e-03 9.999876e-01 -1.720904e+01
9.999989e-01 -3.264419e-04 1.432357e-03 -1.308094e+01 3.272699e-04 9.999998e-01 -5.777650e-04 6.285980e-04 -1.432168e-03 5.782339e-04 9.999988e-01 -1.672019e+01
9.999734e-01 5.530000e-04 -7.271266e-03 -1.360972e+01 -5.408423e-04 9.999985e-01 1.673894e-03 1.914537e-02 7.272180e-03 -1.669918e-03 9.999722e-01 -1.718118e+01
9.999934e-01 -5.911793e-04 3.577773e-03 -1.320550e+01 5.948566e-04 9.999993e-01 -1.026797e-03 2.765367e-02 -3.577163e-03 1.028919e-03 9.999931e-01 -1.697022e+01
9.999645e-01 7.544337e-04 -8.390643e-03 -1.332577e+01 -7.400982e-04 9.999983e-01 1.711508e-03 3.392654e-02 8.391919e-03 -1.705238e-03 9.999633e-01 -1.758728e+01
9.999939e-01 -6.832750e-04 3.419930e-03 -1.373179e+01 6.857709e-04 9.999995e-01 -7.286495e-04 5.696126e-02 -3.419430e-03 7.309911e-04 9.999939e-01 -1.777513e+01
9.999631e-01 8.566071e-04 -8.550305e-03 -1.414955e+01 -8.426593e-04 9.999983e-01 1.634747e-03 6.993560e-02 8.551691e-03 -1.627482e-03 9.999621e-01 -1.806197e+01
9.999899e-01 -7.282234e-04 4.446152e-03 -1.419233e+01 7.328974e-04 9.999992e-01 -1.049658e-03 6.546691e-02 -4.445383e-03 1.052907e-03 9.999896e-01 -1.818483e+01
9.999467e-01 9.775567e-04 -1.028218e-02 -1.437992e+01 -9.579382e-04 9.999977e-01 1.912775e-03 7.143985e-02 1.028402e-02 -1.902824e-03 9.999453e-01 -1.914702e+01
9.999826e-01 -8.425542e-04 5.831430e-03 -1.432507e+01 8.505362e-04 9.999987e-01 -1.366418e-03 7.370461e-02 -5.830271e-03 1.371355e-03 9.999821e-01 -1.988295e+01
9.999476e-01 9.763697e-04 -1.019259e-02 -1.431817e+01 -9.565053e-04 9.999976e-01 1.953615e-03 7.419526e-02 1.019447e-02 -1.943764e-03 9.999461e-01 -2.037392e+01
9.999855e-01 -8.172470e-04 5.323941e-03 -1.445111e+01 8.240290e-04 9.999989e-01 -1.271768e-03 8.407350e-02 -5.322895e-03 1.276138e-03 9.999850e-01 -2.081582e+01
9.999515e-01 9.513219e-04 -9.798651e-03 -1.431346e+01 -9.337543e-04 9.999979e-01 1.797292e-03 8.886334e-02 9.800341e-03 -1.788056e-03 9.999504e-01 -2.180004e+01
9.999837e-01 -8.191885e-04 5.654334e-03 -1.415617e+01 8.266437e-04 9.999988e-01 -1.316244e-03 8.844811e-02 -5.653248e-03 1.320898e-03 9.999831e-01 -2.253102e+01
9.999553e-01 7.545831e-04 -9.421077e-03 -1.429694e+01 -7.371639e-04 9.999980e-01 1.852314e-03 9.141229e-02 9.422455e-03 -1.845287e-03 9.999539e-01 -2.196222e+01
9.999909e-01 -6.950366e-04 4.215014e-03 -1.543035e+01 6.964894e-04 9.999997e-01 -3.431761e-04 1.655594e-01 -4.214774e-03 3.461094e-04 9.999911e-01 -2.103109e+01
9.999663e-01 8.246467e-04 -8.162888e-03 -1.555698e+01 -8.154268e-04 9.999990e-01 1.132771e-03 1.697263e-01 8.163813e-03 -1.126078e-03 9.999660e-01 -2.050226e+01
9.999924e-01 -8.816426e-04 3.795976e-03 -1.516935e+01 8.840363e-04 9.999994e-01 -6.288996e-04 1.625446e-01 -3.795419e-03 6.322513e-04 9.999926e-01 -2.033106e+01
9.999662e-01 8.974447e-04 -8.176050e-03 -1.493262e+01 -8.875830e-04 9.999989e-01 1.209743e-03 1.682055e-01 8.177126e-03 -1.202446e-03 9.999658e-01 -2.046834e+01
9.999967e-01 -6.864202e-04 2.484235e-03 -1.509484e+01 6.873361e-04 9.999997e-01 -3.677531e-04 1.746537e-01 -2.483982e-03 3.694601e-04 9.999968e-01 -2.134797e+01
9.999687e-01 8.839670e-04 -7.864931e-03 -1.525581e+01 -8.746444e-04 9.999989e-01 1.188720e-03 1.782028e-01 7.865973e-03 -1.181805e-03 9.999684e-01 -2.199666e+01
9.999955e-01 -7.615795e-04 2.917482e-03 -1.518524e+01 7.631019e-04 9.999996e-01 -5.206750e-04 1.810307e-01 -2.917084e-03 5.228997e-04 9.999956e-01 -2.273122e+01
9.999681e-01 8.723173e-04 -7.942490e-03 -1.519351e+01 -8.632579e-04 9.999990e-01 1.144013e-03 1.804799e-01 7.943480e-03 -1.137121e-03 9.999678e-01 -2.326447e+01
9.999976e-01 -6.842862e-04 2.079209e-03 -1.534106e+01 6.849969e-04 9.999997e-01 -3.410520e-04 1.859200e-01 -2.078975e-03 3.424761e-04 9.999978e-01 -2.439839e+01
9.999750e-01 7.420910e-04 -7.028578e-03 -1.514875e+01 -7.361126e-04 9.999994e-01 8.531717e-04 1.942436e-01 7.029207e-03 -8.479773e-04 9.999749e-01 -2.555213e+01
9.999954e-01 -7.520461e-04 2.940465e-03 -1.478007e+01 7.534011e-04 9.999996e-01 -4.596408e-04 1.956970e-01 -2.940118e-03 4.618547e-04 9.999956e-01 -2.616200e+01
9.999763e-01 7.904586e-04 -6.842700e-03 -1.464491e+01 -7.840318e-04 9.999992e-01 9.418666e-04 1.857785e-01 6.843439e-03 -9.364800e-04 9.999761e-01 -2.598383e+01
9.999959e-01 -7.573474e-04 2.746812e-03 -1.448960e+01 7.579809e-04 9.999997e-01 -2.295272e-04 1.789966e-01 -2.746637e-03 2.316090e-04 9.999962e-01 -2.560914e+01
9.999686e-01 8.883726e-04 -7.872506e-03 -1.468280e+01 -8.804296e-04 9.999991e-01 1.012388e-03 1.879454e-01 7.873398e-03 -1.005426e-03 9.999685e-01 -2.574771e+01
9.999994e-01 -5.740027e-04 9.638431e-04 -1.557267e+01 5.735607e-04 9.999997e-01 4.590122e-04 2.171930e-01 -9.641060e-04 -4.584584e-04 9.999994e-01 -2.619726e+01
9.999796e-01 7.468872e-04 -6.345490e-03 -1.600715e+01 -7.436668e-04 9.999996e-01 5.098877e-04 2.283802e-01 6.345868e-03 -5.051591e-04 9.999797e-01 -2.637794e+01
9.999963e-01 -6.514635e-04 2.651422e-03 -1.575858e+01 6.512628e-04 9.999998e-01 7.665682e-05 2.205241e-01 -2.651471e-03 -7.492908e-05 9.999965e-01 -2.613890e+01
9.999777e-01 6.648825e-04 -6.639309e-03 -1.632284e+01 -6.596945e-04 9.999995e-01 7.835947e-04 2.542444e-01 6.639826e-03 -7.791980e-04 9.999777e-01 -2.534575e+01
9.999988e-01 -5.840226e-04 1.466680e-03 -1.641811e+01 5.835689e-04 9.999998e-01 3.098630e-04 2.858782e-01 -1.466860e-03 -3.090060e-04 9.999989e-01 -2.483345e+01
9.999796e-01 4.958966e-04 -6.363546e-03 -1.563513e+01 -4.955597e-04 9.999999e-01 5.454891e-05 3.131085e-01 6.363572e-03 -5.139496e-05 9.999798e-01 -2.516380e+01
9.999980e-01 -5.806231e-04 1.889797e-03 -1.471432e+01 5.795559e-04 9.999997e-01 5.653475e-04 3.312340e-01 -1.890124e-03 -5.642504e-04 9.999981e-01 -2.511593e+01
9.999801e-01 3.709896e-04 -6.304560e-03 -1.390981e+01 -3.717698e-04 9.999999e-01 -1.225472e-04 3.740618e-01 6.304513e-03 1.248879e-04 9.999801e-01 -2.497204e+01
9.999988e-01 -3.917372e-04 1.485803e-03 -1.250309e+01 3.908786e-04 9.999998e-01 5.782473e-04 3.830232e-01 -1.486029e-03 -5.776651e-04 9.999987e-01 -2.532736e+01
9.999834e-01 3.586800e-04 -5.743368e-03 -1.171168e+01 -3.596239e-04 9.999999e-01 -1.632803e-04 3.864150e-01 5.743308e-03 1.653424e-04 9.999835e-01 -2.564421e+01
1.000000e+00 -1.496174e-04 4.064338e-05 -1.192991e+01 1.495729e-04 9.999994e-01 1.098499e-03 3.971504e-01 -4.080742e-05 -1.098492e-03 9.999994e-01 -2.641202e+01
9.999826e-01 3.479779e-04 -5.881551e-03 -1.228681e+01 -3.483454e-04 9.999999e-01 -6.142705e-05 4.142947e-01 5.881529e-03 6.347411e-05 9.999827e-01 -2.711386e+01
9.999982e-01 -3.212121e-04 1.887697e-03 -1.169446e+01 3.200483e-04 9.999998e-01 6.168989e-04 4.081251e-01 -1.887895e-03 -6.162929e-04 9.999980e-01 -2.744471e+01
9.999821e-01 3.664506e-04 -5.975857e-03 -1.114580e+01 -3.662381e-04 9.999999e-01 3.668997e-05 3.924027e-01 5.975870e-03 -3.450141e-05 9.999821e-01 -2.737335e+01
9.999991e-01 -3.169611e-04 1.335480e-03 -1.086474e+01 3.162768e-04 9.999998e-01 5.127732e-04 3.938641e-01 -1.335642e-03 -5.123497e-04 9.999990e-01 -2.809734e+01
9.999741e-01 5.564114e-04 -7.176642e-03 -1.108881e+01 -5.534073e-04 9.999998e-01 4.206055e-04 4.026683e-01 7.176874e-03 -4.166236e-04 9.999742e-01 -2.899607e+01
9.999988e-01 -3.427162e-04 1.538709e-03 -1.141046e+01 3.418558e-04 9.999998e-01 5.595507e-04 4.134039e-01 -1.538901e-03 -5.590233e-04 9.999987e-01 -2.956479e+01
9.999860e-01 3.701782e-04 -5.286027e-03 -1.106838e+01 -3.698896e-04 9.999999e-01 5.560913e-05 4.022993e-01 5.286047e-03 -5.365378e-05 9.999860e-01 -2.962370e+01
9.999991e-01 -3.419178e-04 1.272612e-03 -1.092217e+01 3.410644e-04 9.999997e-01 6.708516e-04 4.030665e-01 -1.272841e-03 -6.704163e-04 9.999990e-01 -2.966964e+01
9.999829e-01 3.879321e-04 -5.839779e-03 -1.016082e+01 -3.880273e-04 9.999999e-01 -1.513581e-05 3.875921e-01 5.839772e-03 1.740087e-05 9.999829e-01 -2.950666e+01
9.999992e-01 -3.601968e-04 1.227899e-03 -9.160641e+00 3.593181e-04 9.999997e-01 7.159123e-04 3.740567e-01 -1.228156e-03 -7.154699e-04 9.999990e-01 -2.960939e+01
9.999825e-01 1.686597e-04 -5.906858e-03 -8.610956e+00 -1.698543e-04 1.000000e+00 -2.017014e-04 4.054955e-01 5.906824e-03 2.027005e-04 9.999825e-01 -2.927028e+01
9.999994e-01 -1.020526e-04 1.121060e-03 -7.893437e+00 1.009633e-04 9.999995e-01 9.719345e-04 3.947434e-01 -1.121158e-03 -9.718200e-04 9.999989e-01 -2.889898e+01
9.999837e-01 2.147352e-04 -5.701369e-03 -7.028800e+00 -2.130974e-04 9.999999e-01 2.878976e-04 3.644882e-01 5.701430e-03 -2.866786e-04 9.999837e-01 -2.835948e+01
9.999997e-01 -4.634973e-05 8.349008e-04 -5.944726e+00 4.572211e-05 9.999997e-01 7.520166e-04 3.332589e-01 -8.349352e-04 -7.519775e-04 9.999994e-01 -2.804231e+01
9.999870e-01 6.382885e-05 -5.108062e-03 -5.329609e+00 -6.333382e-05 1.000000e+00 9.711746e-05 3.119227e-01 5.108068e-03 -9.679335e-05 9.999869e-01 -2.761736e+01
9.999998e-01 1.622426e-04 6.067213e-04 -4.558995e+00 -1.628271e-04 9.999995e-01 9.638646e-04 2.850105e-01 -6.065643e-04 -9.639625e-04 9.999994e-01 -2.710907e+01
9.999875e-01 -2.596215e-05 -4.998906e-03 -3.832183e+00 2.569267e-05 1.000000e+00 -5.392429e-05 2.552536e-01 4.998907e-03 5.379450e-05 9.999875e-01 -2.680845e+01
1.000000e+00 1.070735e-04 1.088892e-04 -2.801563e+00 -1.071909e-04 9.999994e-01 1.081387e-03 2.297848e-01 -1.087731e-04 -1.081398e-03 9.999994e-01 -2.663283e+01
9.999898e-01 2.377685e-04 -4.515090e-03 -1.897496e+00 -2.370239e-04 1.000000e+00 1.655079e-04 1.849210e-01 4.515129e-03 -1.644367e-04 9.999898e-01 -2.598880e+01
1.000000e+00 -6.244892e-05 -3.088504e-05 -8.687883e-01 6.248954e-05 9.999991e-01 1.308962e-03 1.434766e-01 3.080355e-05 -1.308963e-03 9.999991e-01 -2.546276e+01
9.999909e-01 2.143947e-04 -4.251021e-03 -5.214180e-02 -2.163058e-04 9.999999e-01 -4.490578e-04 1.145696e-01 4.250924e-03 4.499725e-04 9.999909e-01 -2.516262e+01
9.999999e-01 -2.015537e-04 4.771666e-04 3.762133e-01 2.010172e-04 9.999993e-01 1.124591e-03 9.911002e-02 -4.773927e-04 -1.124494e-03 9.999993e-01 -2.514455e+01
9.999917e-01 2.374786e-04 -4.077086e-03 7.108977e-01 -2.393869e-04 9.999999e-01 -4.675109e-04 8.287910e-02 4.076974e-03 4.684823e-04 9.999916e-01 -2.505299e+01
9.999999e-01 -1.866584e-04 4.738068e-04 8.967500e-01 1.860630e-04 9.999992e-01 1.256874e-03 6.828703e-02 -4.740407e-04 -1.256785e-03 9.999991e-01 -2.466104e+01
9.999916e-01 2.260982e-04 -4.083782e-03 1.269721e+00 -2.283692e-04 9.999998e-01 -5.555927e-04 5.139896e-02 4.083656e-03 5.565200e-04 9.999915e-01 -2.436161e+01
9.999999e-01 -1.538822e-04 3.352301e-04 1.683260e+00 1.534502e-04 9.999992e-01 1.289186e-03 3.102003e-02 -3.354279e-04 -1.289134e-03 9.999991e-01 -2.401935e+01
9.999915e-01 2.778274e-04 -4.123023e-03 1.665978e+00 -2.796507e-04 9.999999e-01 -4.415953e-04 2.186466e-02 4.122899e-03 4.427438e-04 9.999914e-01 -2.356263e+01
1.000000e+00 -1.631977e-04 -2.172633e-04 1.467340e+00 1.634965e-04 9.999990e-01 1.374939e-03 1.940164e-02 2.170390e-04 -1.374974e-03 9.999990e-01 -2.323942e+01
9.999904e-01 3.250175e-04 -4.375044e-03 1.265186e+00 -3.270384e-04 9.999998e-01 -4.611533e-04 1.796767e-02 4.374893e-03 4.625790e-04 9.999903e-01 -2.301955e+01
9.999989e-01 -8.839547e-05 -1.467270e-03 6.837287e-01 9.069815e-05 9.999988e-01 1.569198e-03 3.292501e-02 1.467130e-03 -1.569328e-03 9.999977e-01 -2.309417e+01
9.999918e-01 2.743365e-04 -4.029764e-03 3.960698e-01 -2.769963e-04 9.999997e-01 -6.594233e-04 4.283873e-02 4.029581e-03 6.605335e-04 9.999917e-01 -2.355373e+01
9.999995e-01 -1.164714e-04 -9.435548e-04 2.683757e-01 1.179167e-04 9.999988e-01 1.531609e-03 4.362691e-02 9.433756e-04 -1.531719e-03 9.999984e-01 -2.371566e+01
9.999918e-01 2.950078e-04 -4.038906e-03 -1.093669e-01 -2.974127e-04 9.999998e-01 -5.947784e-04 4.839575e-02 4.038729e-03 5.959740e-04 9.999917e-01 -2.361619e+01
9.999999e-01 -1.357011e-04 -4.188148e-04 -3.718587e-01 1.362785e-04 9.999990e-01 1.378358e-03 4.807104e-02 4.186276e-04 -1.378414e-03 9.999990e-01 -2.341914e+01
9.999936e-01 2.738126e-04 -3.561872e-03 -4.109486e-01 -2.764283e-04 9.999997e-01 -7.338351e-04 3.939196e-02 3.561670e-03 7.348143e-04 9.999934e-01 -2.317958e+01
9.999999e-01 -2.318420e-04 -2.248603e-04 1.873120e-02 2.321816e-04 9.999988e-01 1.510122e-03 9.409476e-03 2.245102e-04 -1.510174e-03 9.999988e-01 -2.276961e+01
9.999918e-01 3.009636e-04 -4.039335e-03 7.468751e-01 -3.032843e-04 9.999998e-01 -5.738526e-04 -1.999544e-02 4.039161e-03 5.750723e-04 9.999917e-01 -2.251188e+01
1.000000e+00 -1.843510e-04 -2.296700e-04 1.390220e+00 1.846807e-04 9.999990e-01 1.434964e-03 -4.913597e-02 2.294055e-04 -1.435006e-03 9.999989e-01 -2.220076e+01
9.999913e-01 2.302776e-04 -4.162317e-03 1.907962e+00 -2.333167e-04 9.999997e-01 -7.296140e-04 -6.622324e-02 4.162148e-03 7.305782e-04 9.999911e-01 -2.192356e+01
1.000000e+00 -1.384648e-04 -2.086362e-04 2.523567e+00 1.387594e-04 9.999990e-01 1.411497e-03 -8.658631e-02 2.084408e-04 -1.411526e-03 9.999990e-01 -2.167824e+01
9.999929e-01 1.906935e-04 -3.757043e-03 3.120300e+00 -1.938619e-04 9.999996e-01 -8.429103e-04 -9.863592e-02 3.756880e-03 8.436320e-04 9.999926e-01 -2.174007e+01
9.999999e-01 -1.217815e-04 -3.709866e-04 3.691174e+00 1.223760e-04 9.999987e-01 1.602048e-03 -1.232868e-01 3.707913e-04 -1.602093e-03 9.999986e-01 -2.148308e+01
9.999933e-01 2.473273e-04 -3.648689e-03 4.334454e+00 -2.502003e-04 9.999997e-01 -7.869098e-04 -1.496273e-01 3.648493e-03 7.878168e-04 9.999930e-01 -2.119879e+01
9.999999e-01 -2.655920e-04 -2.767136e-04 4.482325e+00 2.660121e-04 9.999988e-01 1.518030e-03 -1.382393e-01 2.763104e-04 -1.518103e-03 9.999988e-01 -2.056528e+01
9.999925e-01 1.957095e-04 -3.855979e-03 4.459921e+00 -1.987897e-04 9.999997e-01 -7.983776e-04 -1.164983e-01 3.855822e-03 7.991375e-04 9.999922e-01 -1.995141e+01
1.000000e+00 -1.855908e-04 -2.099732e-04 4.858154e+00 1.858981e-04 9.999989e-01 1.463167e-03 -1.346818e-01 2.097017e-04 -1.463205e-03 9.999989e-01 -1.958864e+01
9.999896e-01 2.776107e-04 -4.548122e-03 5.636563e+00 -2.809112e-04 9.999997e-01 -7.250090e-04 -1.527136e-01 4.547919e-03 7.262784e-04 9.999894e-01 -1.940339e+01
9.999999e-01 -1.756893e-04 3.625185e-04 6.320887e+00 1.751515e-04 9.999989e-01 1.483698e-03 -1.754154e-01 -3.627785e-04 -1.483634e-03 9.999988e-01 -1.916010e+01
9.999871e-01 7.459572e-05 -5.082619e-03 7.237653e+00 -7.858101e-05 9.999997e-01 -7.838515e-04 -1.848109e-01 5.082559e-03 7.842401e-04 9.999868e-01 -1.906345e+01
9.999998e-01 -7.004853e-05 5.729849e-04 8.222127e+00 6.926388e-05 9.999991e-01 1.369797e-03 -1.907407e-01 -5.730801e-04 -1.369756e-03 9.999989e-01 -1.933649e+01
9.999857e-01 5.355795e-05 -5.355152e-03 9.320034e+00 -5.748194e-05 9.999997e-01 -7.325461e-04 -1.988596e-01 5.355111e-03 7.328427e-04 9.999854e-01 -1.957925e+01
9.999999e-01 2.271080e-05 3.403496e-04 1.045225e+01 -2.324993e-05 9.999987e-01 1.584961e-03 -2.136910e-01 -3.403129e-04 -1.584968e-03 9.999987e-01 -1.964030e+01
9.999887e-01 1.084186e-04 -4.760581e-03 1.118988e+01 -1.121235e-04 9.999997e-01 -7.779286e-04 -2.357775e-01 4.760495e-03 7.784529e-04 9.999884e-01 -1.948866e+01
9.999998e-01 1.929466e-05 -6.126749e-04 1.064685e+01 -1.814102e-05 9.999982e-01 1.882446e-03 -2.194863e-01 6.127104e-04 -1.882433e-03 9.999980e-01 -1.931838e+01
9.999874e-01 2.031566e-04 -5.015399e-03 1.021868e+01 -2.077817e-04 9.999996e-01 -9.216176e-04 -2.117036e-01 5.015209e-03 9.226474e-04 9.999870e-01 -1.952360e+01
9.999999e-01 -3.952890e-04 -1.926964e-04 1.123991e+01 3.955155e-04 9.999992e-01 1.175518e-03 -1.896317e-01 1.922318e-04 -1.175594e-03 9.999993e-01 -2.066317e+01
9.999908e-01 4.412619e-04 -4.256426e-03 1.164867e+01 -4.439159e-04 9.999997e-01 -6.225243e-04 -1.826934e-01 4.256150e-03 6.244074e-04 9.999907e-01 -2.154879e+01
9.999970e-01 -4.660003e-05 -2.468851e-03 1.138095e+01 5.090805e-05 9.999985e-01 1.744799e-03 -1.653837e-01 2.468766e-03 -1.744919e-03 9.999954e-01 -2.288598e+01
9.999910e-01 3.575461e-04 -4.217849e-03 1.085821e+01 -3.599062e-04 9.999998e-01 -5.587291e-04 -1.495094e-01 4.217648e-03 5.602414e-04 9.999909e-01 -2.397156e+01
9.999992e-01 -1.128143e-04 -1.235301e-03 1.066454e+01 1.144275e-04 9.999991e-01 1.305692e-03 -1.491099e-01 1.235153e-03 -1.305832e-03 9.999984e-01 -2.477916e+01
9.999972e-01 2.495130e-05 -2.346005e-03 1.103914e+01 -2.670212e-05 9.999997e-01 -7.461446e-04 -1.676759e-01 2.345986e-03 7.462046e-04 9.999970e-01 -2.472663e+01
9.999975e-01 -3.980344e-06 -2.218024e-03 1.117894e+01 6.873711e-06 9.999991e-01 1.304338e-03 -1.735802e-01 2.218017e-03 -1.304350e-03 9.999967e-01 -2.512018e+01
9.999952e-01 1.563007e-04 -3.096648e-03 1.107373e+01 -1.580417e-04 9.999998e-01 -5.618753e-04 -1.745559e-01 3.096559e-03 5.623613e-04 9.999950e-01 -2.572862e+01
9.999978e-01 -1.519663e-05 -2.108210e-03 1.085492e+01 1.815721e-05 9.999990e-01 1.404151e-03 -1.741244e-01 2.108187e-03 -1.404186e-03 9.999968e-01 -2.576139e+01
9.999953e-01 8.765590e-05 -3.071870e-03 1.081003e+01 -8.943874e-05 9.999998e-01 -5.801457e-04 -1.750042e-01 3.071818e-03 5.804171e-04 9.999951e-01 -2.575361e+01
9.999991e-01 -1.624103e-04 -1.333796e-03 1.135481e+01 1.639034e-04 9.999994e-01 1.119170e-03 -1.834308e-01 1.333613e-03 -1.119387e-03 9.999985e-01 -2.590555e+01
9.999958e-01 1.310879e-04 -2.889275e-03 1.187232e+01 -1.325370e-04 9.999999e-01 -5.012598e-04 -1.997393e-01 2.889209e-03 5.016400e-04 9.999957e-01 -2.575755e+01
9.999986e-01 -7.038139e-05 -1.672003e-03 1.171558e+01 7.243179e-05 9.999992e-01 1.226099e-03 -1.994533e-01 1.671916e-03 -1.226217e-03 9.999979e-01 -2.549735e+01
9.999941e-01 2.363682e-04 -3.428383e-03 1.143340e+01 -2.378270e-04 9.999999e-01 -4.250168e-04 -1.976887e-01 3.428282e-03 4.258290e-04 9.999940e-01 -2.555683e+01
9.999999e-01 -1.241524e-04 -4.024333e-04 1.168789e+01 1.246204e-04 9.999993e-01 1.162418e-03 -2.189087e-01 4.022890e-04 -1.162468e-03 9.999992e-01 -2.523224e+01
9.999954e-01 2.678874e-04 -3.005866e-03 1.195217e+01 -2.690075e-04 9.999999e-01 -3.721284e-04 -2.514529e-01 3.005766e-03 3.729347e-04 9.999954e-01 -2.443538e+01
9.999996e-01 -1.650514e-04 -8.661775e-04 1.237015e+01 1.662044e-04 9.999991e-01 1.330853e-03 -2.855984e-01 8.659573e-04 -1.330995e-03 9.999987e-01 -2.379220e+01
9.999946e-01 2.035688e-04 -3.288788e-03 1.291202e+01 -2.059002e-04 9.999997e-01 -7.084859e-04 -3.070960e-01 3.288643e-03 7.091586e-04 9.999943e-01 -2.366263e+01
9.999998e-01 -1.735201e-04 -5.716090e-04 1.334761e+01 1.741993e-04 9.999993e-01 1.187980e-03 -3.221387e-01 5.714027e-04 -1.188079e-03 9.999991e-01 -2.368664e+01
9.999965e-01 2.696614e-04 -2.642485e-03 1.347973e+01 -2.709386e-04 9.999998e-01 -4.828653e-04 -3.491198e-01 2.642354e-03 4.835789e-04 9.999964e-01 -2.297430e+01
9.999995e-01 -1.748454e-04 -9.632429e-04 1.366341e+01 1.759760e-04 9.999993e-01 1.173431e-03 -3.737061e-01 9.630373e-04 -1.173599e-03 9.999988e-01 -2.246896e+01
9.999938e-01 1.977116e-04 -3.517870e-03 1.447519e+01 -2.000187e-04 9.999998e-01 -6.553988e-04 -3.773159e-01 3.517739e-03 6.560977e-04 9.999936e-01 -2.281144e+01
9.999999e-01 -1.653198e-04 -4.125819e-04 1.501418e+01 1.658030e-04 9.999993e-01 1.170525e-03 -3.921015e-01 4.123883e-04 -1.170593e-03 9.999992e-01 -2.283817e+01
9.999960e-01 2.388636e-04 -2.802642e-03 1.496147e+01 -2.401300e-04 9.999999e-01 -4.514116e-04 -4.058021e-01 2.802534e-03 4.520821e-04 9.999960e-01 -2.207905e+01
9.999998e-01 -1.550863e-04 -6.402349e-04 1.480688e+01 1.558864e-04 9.999992e-01 1.249295e-03 -4.116656e-01 6.400409e-04 -1.249394e-03 9.999990e-01 -2.130768e+01
9.999948e-01 2.950485e-04 -3.198231e-03 1.457513e+01 -2.960194e-04 9.999999e-01 -3.030078e-04 -4.109259e-01 3.198141e-03 3.039524e-04 9.999948e-01 -2.048926e+01
9.999996e-01 -2.079889e-04 -9.153241e-04 1.441392e+01 2.090427e-04 9.999993e-01 1.150949e-03 -4.144220e-01 9.150843e-04 -1.151140e-03 9.999989e-01 -1.993972e+01
9.999941e-01 2.770564e-04 -3.428794e-03 1.439023e+01 -2.785601e-04 9.999999e-01 -4.379841e-04 -4.170404e-01 3.428672e-03 4.389360e-04 9.999940e-01 -1.959252e+01
9.999995e-01 -2.901990e-04 -9.217659e-04 1.449185e+01 2.911452e-04 9.999994e-01 1.026189e-03 -4.169422e-01 9.214678e-04 -1.026456e-03 9.999990e-01 -1.965757e+01
9.999855e-01 3.141279e-04 -5.373375e-03 1.466242e+01 -3.155960e-04 9.999999e-01 -2.723116e-04 -3.991787e-01 5.373289e-03 2.740028e-04 9.999855e-01 -2.119139e+01
9.999975e-01 -4.713583e-04 -2.177458e-03 1.532043e+01 4.739445e-04 9.999992e-01 1.187212e-03 -3.488166e-01 2.176897e-03 -1.188241e-03 9.999969e-01 -2.417299e+01
9.999863e-01 2.752230e-04 -5.232357e-03 1.607263e+01 -2.773484e-04 9.999999e-01 -4.054147e-04 -2.958193e-01 5.232245e-03 4.068597e-04 9.999862e-01 -2.721082e+01
9.999989e-01 -3.827221e-04 -1.435851e-03 1.644904e+01 3.845011e-04 9.999992e-01 1.238668e-03 -2.540946e-01 1.435376e-03 -1.239218e-03 9.999982e-01 -3.001505e+01
9.999942e-01 4.520624e-04 -3.384956e-03 1.652694e+01 -4.540518e-04 9.999997e-01 -5.868797e-04 -2.457764e-01 3.384689e-03 5.884126e-04 9.999941e-01 -3.124675e+01
9.999999e-01 -4.988784e-04 -1.473982e-04 1.685874e+01 4.990511e-04 9.999992e-01 1.171752e-03 -2.661538e-01 1.468138e-04 -1.171825e-03 9.999993e-01 -3.092874e+01
9.999847e-01 3.248429e-04 -5.518608e-03 1.716204e+01 -3.274317e-04 9.999998e-01 -4.681369e-04 -2.473033e-01 5.518455e-03 4.699361e-04 9.999847e-01 -3.229861e+01
9.999998e-01 -1.809107e-04 5.953488e-04 1.703507e+01 1.802294e-04 9.999993e-01 1.144687e-03 -2.516930e-01 -5.955552e-04 -1.144578e-03 9.999992e-01 -3.250673e+01
9.999895e-01 3.053666e-04 -4.577578e-03 1.700684e+01 -3.069768e-04 9.999999e-01 -3.509948e-04 -2.672382e-01 4.577470e-03 3.523957e-04 9.999895e-01 -3.185415e+01
9.999998e-01 -1.709887e-04 6.548548e-04 1.719840e+01 1.702950e-04 9.999994e-01 1.059775e-03 -2.887342e-01 -6.550354e-04 -1.059662e-03 9.999992e-01 -3.137258e+01
9.999919e-01 2.853956e-04 -4.012968e-03 1.712300e+01 -2.864319e-04 9.999999e-01 -2.575810e-04 -2.998007e-01 4.012894e-03 2.587277e-04 9.999919e-01 -3.055873e+01
9.999998e-01 -1.557557e-04 6.290423e-04 1.722651e+01 1.550976e-04 9.999994e-01 1.046655e-03 -3.223499e-01 -6.292048e-04 -1.046557e-03 9.999993e-01 -2.980665e+01
9.999876e-01 1.817995e-04 -4.969695e-03 1.731817e+01 -1.844919e-04 9.999998e-01 -5.412512e-04 -3.364913e-01 4.969595e-03 5.421607e-04 9.999875e-01 -2.975715e+01
1.000000e+00 -4.073543e-05 2.428302e-04 1.722048e+01 4.043953e-05 9.999993e-01 1.219877e-03 -3.416497e-01 -2.428795e-04 -1.219866e-03 9.999992e-01 -2.997909e+01
9.999859e-01 1.334736e-04 -5.314185e-03 1.721424e+01 -1.363726e-04 9.999998e-01 -5.450942e-04 -3.419162e-01 5.314111e-03 5.458106e-04 9.999857e-01 -3.027104e+01
1.000000e+00 -9.462048e-05 -3.564535e-05 1.714538e+01 9.466875e-05 9.999991e-01 1.346581e-03 -3.388234e-01 3.551812e-05 -1.346584e-03 9.999991e-01 -3.075520e+01
9.999892e-01 8.312214e-05 -4.646338e-03 1.732890e+01 -8.608911e-05 9.999998e-01 -6.382885e-04 -3.482045e-01 4.646283e-03 6.386810e-04 9.999890e-01 -3.059769e+01
9.999998e-01 -1.132303e-04 5.676324e-04 1.764363e+01 1.125239e-04 9.999992e-01 1.245036e-03 -3.599723e-01 -5.677727e-04 -1.244971e-03 9.999991e-01 -3.073794e+01
9.999928e-01 1.731731e-04 -3.789209e-03 1.775243e+01 -1.750599e-04 9.999999e-01 -4.975127e-04 -3.802441e-01 3.789122e-03 4.981718e-04 9.999927e-01 -2.994329e+01
9.999999e-01 -6.009191e-05 4.222761e-04 1.795429e+01 5.952468e-05 9.999991e-01 1.344013e-03 -4.066707e-01 -4.223563e-04 -1.343987e-03 9.999990e-01 -2.919047e+01
9.999934e-01 1.930696e-04 -3.619911e-03 1.814156e+01 -1.951955e-04 9.999998e-01 -5.868477e-04 -4.361589e-01 3.619797e-03 5.875499e-04 9.999933e-01 -2.833132e+01
9.999999e-01 -4.000563e-05 4.206847e-04 1.826496e+01 3.939628e-05 9.999989e-01 1.449240e-03 -4.601209e-01 -4.207421e-04 -1.449223e-03 9.999989e-01 -2.749263e+01
9.999924e-01 1.665410e-04 -3.890869e-03 1.844170e+01 -1.695256e-04 9.999997e-01 -7.666574e-04 -4.855815e-01 3.890740e-03 7.673106e-04 9.999921e-01 -2.686888e+01
9.999998e-01 -3.597634e-05 6.772661e-04 1.855835e+01 3.496825e-05 9.999989e-01 1.488956e-03 -5.111921e-01 -6.773187e-04 -1.488932e-03 9.999987e-01 -2.618274e+01
9.999906e-01 1.563076e-04 -4.330112e-03 1.882040e+01 -1.593701e-04 9.999997e-01 -7.068272e-04 -5.367682e-01 4.330001e-03 7.075101e-04 9.999904e-01 -2.564125e+01
9.999997e-01 -1.668963e-04 7.845127e-04 1.926934e+01 1.659714e-04 9.999993e-01 1.179315e-03 -5.574425e-01 -7.847088e-04 -1.179184e-03 9.999990e-01 -2.555105e+01
9.999880e-01 2.472579e-04 -4.898074e-03 1.937076e+01 -2.505425e-04 9.999997e-01 -6.699160e-04 -5.653601e-01 4.897907e-03 6.711345e-04 9.999878e-01 -2.594839e+01
9.999999e-01 -2.060567e-04 -4.793940e-04 1.944394e+01 2.066577e-04 9.999992e-01 1.253101e-03 -5.612352e-01 4.791356e-04 -1.253199e-03 9.999991e-01 -2.694963e+01
9.999869e-01 3.478574e-04 -5.109819e-03 1.939299e+01 -3.502337e-04 9.999998e-01 -4.640847e-04 -5.490460e-01 5.109657e-03 4.658676e-04 9.999868e-01 -2.855364e+01
9.999998e-01 -1.843367e-04 -6.281632e-04 1.923600e+01 1.851199e-04 9.999992e-01 1.246358e-03 -5.471088e-01 6.279332e-04 -1.246474e-03 9.999990e-01 -2.950629e+01
9.999865e-01 2.939022e-04 -5.184326e-03 1.916828e+01 -2.963767e-04 9.999998e-01 -4.764562e-04 -5.399488e-01 5.184185e-03 4.779857e-04 9.999864e-01 -3.075100e+01
9.999992e-01 -2.657212e-04 -1.231522e-03 1.916722e+01 2.672313e-04 9.999992e-01 1.225911e-03 -5.210931e-01 1.231196e-03 -1.226238e-03 9.999985e-01 -3.271083e+01
9.999920e-01 3.503636e-04 -3.993760e-03 1.917524e+01 -3.521532e-04 9.999998e-01 -4.473276e-04 -5.096745e-01 3.993602e-03 4.487299e-04 9.999919e-01 -3.417164e+01
9.999974e-01 -2.671924e-04 -2.275181e-03 1.914769e+01 2.697902e-04 9.999993e-01 1.141420e-03 -4.989240e-01 2.274875e-03 -1.142030e-03 9.999968e-01 -3.564350e+01
9.999945e-01 3.123696e-04 -3.296653e-03 1.920660e+01 -3.135168e-04 9.999999e-01 -3.473594e-04 -4.809891e-01 3.296544e-03 3.483905e-04 9.999945e-01 -3.744821e+01
9.999993e-01 -4.386444e-04 -1.132074e-03 1.964236e+01 4.396528e-04 9.999995e-01 8.903539e-04 -4.855295e-01 1.131683e-03 -8.908503e-04 9.999990e-01 -3.774586e+01
9.999947e-01 5.210954e-04 -3.213930e-03 2.026436e+01 -5.216418e-04 9.999998e-01 -1.690452e-04 -5.048927e-01 3.213841e-03 1.707202e-04 9.999948e-01 -3.757405e+01
9.999956e-01 -4.681667e-04 -2.922847e-03 2.028922e+01 4.704673e-04 9.999996e-01 7.863489e-04 -4.960999e-01 2.922477e-03 -7.877200e-04 9.999954e-01 -3.891753e+01
9.999963e-01 5.575143e-04 -2.672464e-03 2.026079e+01 -5.573829e-04 9.999998e-01 5.004414e-05 -4.795845e-01 2.672492e-03 -4.855497e-05 9.999964e-01 -4.072534e+01
9.999990e-01 -5.783142e-04 -1.293601e-03 2.054718e+01 5.788145e-04 9.999998e-01 3.861273e-04 -4.874120e-01 1.293377e-03 -3.868751e-04 9.999991e-01 -4.098493e+01
9.999955e-01 6.892690e-04 -2.921150e-03 2.052031e+01 -6.888937e-04 9.999998e-01 1.296204e-04 -4.968835e-01 2.921238e-03 -1.276081e-04 9.999957e-01 -4.096178e+01
9.999987e-01 -5.519502e-04 -1.483069e-03 2.041906e+01 5.526094e-04 9.999997e-01 4.438616e-04 -5.031382e-01 1.482824e-03 -4.446800e-04 9.999988e-01 -4.100990e+01
9.999942e-01 6.558782e-04 -3.328816e-03 2.045835e+01 -6.553577e-04 9.999998e-01 1.575623e-04 -5.044464e-01 3.328918e-03 -1.553805e-04 9.999944e-01 -4.167588e+01
9.999993e-01 -5.774019e-04 -9.898455e-04 2.052731e+01 5.777378e-04 9.999998e-01 3.386610e-04 -5.090637e-01 9.896500e-04 -3.392321e-04 9.999995e-01 -4.217040e+01
