9.999936e-01 2.027580e-05 -3.579880e-03 -3.014946e-02 -1.802933e-05 9.999998e-01 6.275642e-04 -7.789079e-03 3.579891e-03 -6.274963e-04 9.999934e-01 4.856483e-01
9.999986e-01 1.732620e-04 -1.690756e-03 -4.056608e-01 -1.727483e-04 9.999999e-01 3.039335e-04 1.470367e-03 1.690809e-03 -3.036403e-04 9.999985e-01 4.741551e-01
9.999953e-01 -7.141099e-05 -3.062586e-03 -2.697999e-01 7.237710e-05 9.999999e-01 3.153563e-04 1.042705e-03 3.062563e-03 -3.155772e-04 9.999953e-01 3.606591e-01
9.999999e-01 1.963344e-04 -3.299019e-04 -2.258200e-01 -1.962035e-04 9.999999e-01 3.968221e-04 -1.687550e-02 3.299801e-04 -3.967566e-04 9.999999e-01 1.010813e+00
9.999955e-01 -8.001051e-05 -3.002876e-03 -5.210641e-01 8.149761e-05 9.999999e-01 4.951164e-04 -1.120679e-02 3.002836e-03 -4.953596e-04 9.999954e-01 1.821892e+00
9.999983e-01 2.351417e-04 -1.841325e-03 -1.084262e+00 -2.341824e-04 9.999998e-01 5.211521e-04 9.272985e-03 1.841447e-03 -5.207193e-04 9.999982e-01 2.109386e+00
9.999921e-01 8.680900e-07 -3.972751e-03 -1.916408e+00 2.426712e-06 9.999997e-01 8.293535e-04 4.029109e-02 3.972750e-03 -8.293573e-04 9.999918e-01 2.240223e+00
9.999990e-01 2.035897e-04 -1.434564e-03 -2.513924e+00 -2.032253e-04 9.999999e-01 2.541236e-04 5.740070e-02 1.434616e-03 -2.538310e-04 9.999989e-01 2.276722e+00
9.999957e-01 -1.086594e-04 -2.924934e-03 -2.468786e+00 1.098341e-04 9.999999e-01 4.014606e-04 5.262193e-02 2.924890e-03 -4.017808e-04 9.999956e-01 2.147094e+00
9.999994e-01 2.079130e-04 -1.083904e-03 -2.589212e+00 -2.075913e-04 9.999999e-01 2.969163e-04 4.603034e-02 1.083966e-03 -2.966904e-04 9.999994e-01 2.406289e+00
9.999949e-01 -1.726757e-04 -3.183466e-03 -2.624194e+00 1.739676e-04 9.999999e-01 4.055630e-04 4.957447e-02 3.183395e-03 -4.061155e-04 9.999949e-01 2.653217e+00
9.999993e-01 2.332878e-04 -1.180315e-03 -2.626441e+00 -2.331224e-04 1.000000e+00 1.402417e-04 5.353498e-02 1.180348e-03 -1.399658e-04 9.999993e-01 2.801413e+00
9.999958e-01 -1.575439e-04 -2.900262e-03 -2.960402e+00 1.592030e-04 9.999998e-01 5.718305e-04 6.667789e-02 2.900171e-03 -5.722906e-04 9.999956e-01 3.237990e+00
9.999977e-01 2.748077e-04 -2.148029e-03 -2.787581e+00 -2.741631e-04 9.999999e-01 3.003513e-04 7.314300e-02 2.148112e-03 -2.997609e-04 9.999976e-01 3.398008e+00
9.999963e-01 -1.763460e-04 -2.697883e-03 -2.080372e+00 1.773902e-04 9.999999e-01 3.868590e-04 6.478052e-02 2.697814e-03 -3.873369e-04 9.999963e-01 3.484194e+00
9.999982e-01 3.001151e-04 -1.871806e-03 -1.823602e+00 -2.992410e-04 9.999998e-01 4.671873e-04 6.336575e-02 1.871947e-03 -4.666257e-04 9.999981e-01 4.076229e+00
9.999978e-01 -1.800185e-04 -2.083697e-03 -1.998609e+00 1.812046e-04 9.999998e-01 5.690640e-04 7.538024e-02 2.083594e-03 -5.694411e-04 9.999977e-01 4.906463e+00
9.999992e-01 3.305924e-04 -1.195224e-03 -1.891584e+00 -3.303799e-04 9.999999e-01 1.779411e-04 5.228792e-02 1.195283e-03 -1.775454e-04 9.999993e-01 5.633565e+00
9.999984e-01 -3.033947e-04 -1.739925e-03 -1.951838e+00 3.042235e-04 9.999998e-01 4.761406e-04 4.064185e-02 1.739780e-03 -4.766699e-04 9.999984e-01 6.425114e+00
9.999966e-01 4.287963e-04 -2.554899e-03 -1.657281e+00 -4.280327e-04 9.999999e-01 2.993754e-04 2.535831e-02 2.555027e-03 -2.982801e-04 9.999967e-01 6.817854e+00
9.999987e-01 -2.122111e-04 -1.599075e-03 -1.088294e+00 2.131041e-04 9.999998e-01 5.582881e-04 -3.008304e-03 1.598955e-03 -5.586289e-04 9.999986e-01 7.225894e+00
9.999977e-01 3.410949e-04 -2.134143e-03 -5.616250e-01 -3.403786e-04 9.999999e-01 3.359704e-04 -3.588111e-02 2.134257e-03 -3.352425e-04 9.999977e-01 7.906301e+00
9.999976e-01 -2.748711e-04 -2.162705e-03 2.936059e-01 2.757805e-04 9.999999e-01 4.202364e-04 -5.689874e-02 2.162589e-03 -4.208325e-04 9.999976e-01 8.018073e+00
9.999979e-01 3.562089e-04 -2.002038e-03 9.163115e-01 -3.555245e-04 9.999999e-01 3.421546e-04 -8.517570e-02 2.002160e-03 -3.414414e-04 9.999979e-01 8.338712e+00
9.999973e-01 -2.320444e-04 -2.332966e-03 1.456503e+00 2.333359e-04 9.999998e-01 5.533439e-04 -1.092647e-01 2.332837e-03 -5.538874e-04 9.999971e-01 8.815843e+00
9.999978e-01 4.504670e-04 -2.055537e-03 2.070479e+00 -4.498162e-04 9.999998e-01 3.170702e-04 -1.315281e-01 2.055680e-03 -3.161441e-04 9.999978e-01 9.273997e+00
9.999978e-01 -4.156163e-04 -2.032313e-03 2.574208e+00 4.161152e-04 9.999999e-01 2.450856e-04 -1.431829e-01 2.032210e-03 -2.459315e-04 9.999979e-01 9.192297e+00
9.999980e-01 4.795360e-04 -1.923804e-03 3.042470e+00 -4.788376e-04 9.999998e-01 3.634567e-04 -1.593137e-01 1.923979e-03 -3.625341e-04 9.999981e-01 9.194768e+00
9.999969e-01 -4.046084e-04 -2.467583e-03 3.268172e+00 4.056809e-04 9.999998e-01 4.341785e-04 -1.668115e-01 2.467407e-03 -4.351789e-04 9.999969e-01 9.534403e+00
9.999978e-01 4.827011e-04 -2.048574e-03 2.942923e+00 -4.819657e-04 9.999998e-01 3.594228e-04 -1.488405e-01 2.048748e-03 -3.584339e-04 9.999978e-01 9.953706e+00
9.999948e-01 -3.275357e-04 -3.209409e-03 2.319797e+00 3.299829e-04 9.999997e-01 7.620155e-04 -1.204653e-01 3.209158e-03 -7.630713e-04 9.999946e-01 1.017606e+01
9.999993e-01 4.724491e-04 -1.059133e-03 2.154862e+00 -4.725834e-04 9.999999e-01 -1.266236e-04 -1.169184e-01 1.059074e-03 1.271248e-04 9.999994e-01 1.047406e+01
9.999952e-01 -3.081670e-04 -3.088658e-03 2.167751e+00 3.103648e-04 9.999997e-01 7.111385e-04 -1.234142e-01 3.088438e-03 -7.120944e-04 9.999950e-01 1.064173e+01
9.999995e-01 3.924277e-04 -9.407647e-04 2.362583e+00 -3.926648e-04 9.999999e-01 -2.519308e-04 -1.323423e-01 9.406661e-04 2.523007e-04 9.999995e-01 1.048327e+01
9.999959e-01 -2.606721e-04 -2.843101e-03 2.676311e+00 2.634250e-04 9.999995e-01 9.679686e-04 -1.589232e-01 2.842847e-03 -9.687143e-04 9.999955e-01 1.081553e+01
9.999995e-01 3.766878e-04 -8.918027e-04 2.709513e+00 -3.770993e-04 9.999998e-01 -4.613713e-04 -1.735141e-01 8.916291e-04 4.617081e-04 9.999995e-01 1.112702e+01
9.999944e-01 -2.251775e-04 -3.347751e-03 2.680379e+00 2.287010e-04 9.999994e-01 1.052178e-03 -1.831998e-01 3.347512e-03 -1.052938e-03 9.999938e-01 1.126745e+01
9.999989e-01 3.168128e-04 -1.464930e-03 2.152091e+00 -3.170797e-04 9.999999e-01 -1.820355e-04 -1.584303e-01 1.464873e-03 1.825005e-04 9.999989e-01 1.162194e+01
9.999946e-01 -2.108053e-04 -3.282880e-03 1.615180e+00 2.145902e-04 9.999993e-01 1.152633e-03 -1.284893e-01 3.282635e-03 -1.153332e-03 9.999939e-01 1.209580e+01
9.999993e-01 3.503651e-04 -1.159573e-03 2.158589e+00 -3.507139e-04 9.999999e-01 -3.006748e-04 -1.521827e-01 1.159468e-03 3.010820e-04 9.999993e-01 1.233484e+01
9.999939e-01 -2.756988e-04 -3.476996e-03 3.020205e+00 2.799517e-04 9.999992e-01 1.222731e-03 -1.736390e-01 3.476656e-03 -1.223697e-03 9.999932e-01 1.242613e+01
9.999993e-01 3.560250e-04 -1.151323e-03 3.868854e+00 -3.563019e-04 9.999999e-01 -2.404005e-04 -1.960290e-01 1.151237e-03 2.408112e-04 9.999993e-01 1.254144e+01
9.999957e-01 -2.553849e-04 -2.916525e-03 3.891306e+00 2.575957e-04 9.999997e-01 7.576857e-04 -2.012647e-01 2.916330e-03 -7.584344e-04 9.999955e-01 1.273113e+01
9.999992e-01 4.061680e-04 -1.202292e-03 3.686500e+00 -4.062117e-04 9.999999e-01 -3.618618e-05 -1.957423e-01 1.202277e-03 3.667525e-05 9.999993e-01 1.304560e+01
9.999938e-01 -2.494321e-04 -3.508326e-03 3.441184e+00 2.519884e-04 9.999997e-01 7.282540e-04 -1.940012e-01 3.508143e-03 -7.291343e-04 9.999936e-01 1.308466e+01
9.999998e-01 3.566506e-04 -5.673485e-04 3.181405e+00 -3.566665e-04 9.999999e-01 -2.798908e-05 -1.851969e-01 5.673388e-04 2.819213e-05 9.999998e-01 1.355036e+01
9.999908e-01 -1.868353e-04 -4.275156e-03 2.795403e+00 1.908262e-04 9.999995e-01 9.331370e-04 -1.722901e-01 4.274980e-03 -9.339450e-04 9.999904e-01 1.388573e+01
9.999978e-01 3.919906e-04 -2.047707e-03 1.911071e+00 -3.911343e-04 9.999998e-01 4.185418e-04 -1.395989e-01 2.047871e-03 -4.177393e-04 9.999978e-01 1.392134e+01
9.999956e-01 -2.582758e-04 -2.954467e-03 1.244585e+00 2.602654e-04 9.999997e-01 6.730925e-04 -1.048013e-01 2.954292e-03 -6.738592e-04 9.999954e-01 1.429884e+01
9.999986e-01 3.333065e-04 -1.653754e-03 7.263378e-01 -3.328860e-04 9.999999e-01 2.545099e-04 -7.647765e-02 1.653839e-03 -2.539583e-04 9.999986e-01 1.471325e+01
9.999946e-01 -2.229854e-04 -3.272306e-03 -3.126321e-02 2.259448e-04 9.999996e-01 9.040626e-04 -3.121860e-02 3.272103e-03 -9.047978e-04 9.999942e-01 1.527652e+01
9.999994e-01 3.563756e-04 -1.016899e-03 -3.183132e-01 -3.564738e-04 9.999999e-01 -9.652839e-05 -1.512069e-02 1.016865e-03 9.689154e-05 9.999995e-01 1.569533e+01
9.999949e-01 -2.716686e-04 -3.181030e-03 -5.222037e-01 2.739896e-04 9.999997e-01 7.292801e-04 -8.668218e-03 3.180830e-03 -7.301487e-04 9.999947e-01 1.595336e+01
9.999998e-01 3.826224e-04 -5.205422e-04 -4.378881e-01 -3.827017e-04 9.999999e-01 -1.524094e-04 -2.098950e-02 5.204841e-04 1.526093e-04 9.999999e-01 1.633476e+01
9.999946e-01 -2.018230e-04 -3.277110e-03 -1.097240e-01 2.050841e-04 9.999995e-01 9.948480e-04 -4.809695e-02 3.276907e-03 -9.955154e-04 9.999941e-01 1.684708e+01
9.999998e-01 3.462463e-04 -6.001868e-04 1.511364e-02 -3.464819e-04 9.999999e-01 -3.926125e-04 -5.883902e-02 6.000511e-04 3.928211e-04 9.999997e-01 1.719860e+01
9.999879e-01 -1.774315e-04 -4.908086e-03 -6.507626e-01 1.847161e-04 9.999989e-01 1.483797e-03 -3.684878e-02 4.907817e-03 -1.484687e-03 9.999869e-01 1.727577e+01
9.999996e-01 3.680176e-04 -7.992896e-04 -1.417293e+00 -3.682038e-04 9.999999e-01 -2.328974e-04 -7.781831e-03 7.992042e-04 2.331923e-04 9.999997e-01 1.736503e+01
9.999947e-01 -3.050372e-04 -3.251570e-03 -1.561596e+00 3.081028e-04 9.999995e-01 9.423944e-04 -8.671467e-03 3.251280e-03 -9.433919e-04 9.999943e-01 1.765676e+01
9.999992e-01 3.492214e-04 -1.213621e-03 -9.099160e-01 -3.495852e-04 9.999999e-01 -2.996449e-04 -2.568062e-02 1.213516e-03 3.000696e-04 9.999992e-01 1.768057e+01
9.999950e-01 -2.845224e-04 -3.155439e-03 -2.555662e-01 2.879178e-04 9.999994e-01 1.075683e-03 -4.988339e-02 3.155131e-03 -1.076587e-03 9.999944e-01 1.790224e+01
9.999996e-01 4.466347e-04 -7.332945e-04 8.199211e-02 -4.468850e-04 9.999998e-01 -3.413428e-04 -7.453813e-02 7.331423e-04 3.416711e-04 9.999997e-01 1.834205e+01
9.999936e-01 -3.774419e-04 -3.555325e-03 -2.982343e-01 3.811393e-04 9.999994e-01 1.039369e-03 -5.470778e-02 3.554930e-03 -1.040719e-03 9.999931e-01 1.882095e+01
9.999997e-01 4.776183e-04 -5.456745e-04 -7.840221e-01 -4.777068e-04 9.999999e-01 -1.623580e-04 -2.819838e-02 5.455972e-04 1.626194e-04 9.999998e-01 1.945762e+01
9.999946e-01 -4.316724e-04 -3.262566e-03 -7.981776e-01 4.341511e-04 9.999996e-01 7.591023e-04 -3.829381e-02 3.262237e-03 -7.605154e-04 9.999944e-01 1.984236e+01
9.999990e-01 5.815042e-04 -1.282320e-03 -9.099539e-01 -5.812439e-04 9.999998e-01 2.032728e-04 -3.641943e-02 1.282438e-03 -2.025266e-04 9.999992e-01 2.013076e+01
9.999876e-01 -3.231926e-04 -4.973030e-03 -1.870717e+00 3.293778e-04 9.999992e-01 1.243006e-03 7.323779e-03 4.972624e-03 -1.244629e-03 9.999869e-01 2.031877e+01
9.999998e-01 5.276464e-04 2.609292e-04 -1.995152e+00 -5.276392e-04 9.999999e-01 -2.742400e-05 1.826888e-02 -2.609433e-04 2.728702e-05 1.000000e+00 2.071643e+01
9.999915e-01 -3.151859e-04 -4.115501e-03 -1.938276e+00 3.192304e-04 9.999995e-01 9.821445e-04 2.488915e-03 4.115189e-03 -9.834506e-04 9.999910e-01 2.163717e+01
9.999996e-01 4.780531e-04 6.900821e-04 -2.196213e+00 -4.780116e-04 9.999999e-01 -6.009375e-05 8.496083e-03 -6.901104e-04 5.976457e-05 9.999998e-01 2.275369e+01
9.999822e-01 -4.210461e-04 -5.947821e-03 -2.929170e+00 4.281581e-04 9.999992e-01 1.194525e-03 5.249454e-02 5.947313e-03 -1.197051e-03 9.999816e-01 2.332957e+01
9.999998e-01 6.316851e-04 1.690515e-04 -3.844875e+00 -6.317256e-04 9.999998e-01 2.403627e-04 1.010560e-01 -1.688993e-04 -2.404687e-04 1.000000e+00 2.373279e+01
9.999918e-01 -4.837388e-04 -4.012361e-03 -3.870509e+00 4.855134e-04 9.999998e-01 4.413470e-04 9.485051e-02 4.012146e-03 -4.432922e-04 9.999919e-01 2.412418e+01
9.999999e-01 5.254241e-04 -5.559426e-05 -4.005818e+00 -5.254092e-04 9.999998e-01 2.643490e-04 9.421179e-02 5.573347e-05 -2.643190e-04 1.000000e+00 2.455648e+01
9.999905e-01 -3.623370e-04 -4.337382e-03 -4.188595e+00 3.648735e-04 9.999998e-01 5.840367e-04 9.912536e-02 4.337169e-03 -5.856145e-04 9.999904e-01 2.491020e+01
9.999996e-01 4.412783e-04 -7.386671e-04 -4.947654e+00 -4.408964e-04 9.999998e-01 5.169181e-04 1.417128e-01 7.388954e-04 -5.165915e-04 9.999996e-01 2.538110e+01
9.999901e-01 -2.632555e-04 -4.434015e-03 -5.585349e+00 2.660706e-04 9.999998e-01 6.343380e-04 1.726504e-01 4.433847e-03 -6.355122e-04 9.999900e-01 2.569327e+01
9.999999e-01 4.365875e-04 -2.511877e-04 -5.834532e+00 -4.365154e-04 9.999999e-01 2.867274e-04 1.773562e-01 2.513132e-04 -2.866170e-04 9.999999e-01 2.586104e+01
9.999943e-01 -3.730347e-04 -3.364316e-03 -5.595530e+00 3.740928e-04 9.999999e-01 3.139358e-04 1.752902e-01 3.364199e-03 -3.151933e-04 9.999943e-01 2.622378e+01
9.999999e-01 4.620323e-04 -2.131359e-04 -6.018549e+00 -4.619239e-04 9.999998e-01 5.076668e-04 1.930237e-01 2.133707e-04 -5.075676e-04 9.999998e-01 2.729229e+01
9.999933e-01 -3.058950e-04 -3.637621e-03 -6.409476e+00 3.074593e-04 9.999999e-01 4.295081e-04 2.136262e-01 3.637489e-03 -4.306244e-04 9.999933e-01 2.810276e+01
9.999999e-01 4.076764e-04 -1.732511e-05 -6.362997e+00 -4.076717e-04 9.999999e-01 2.622096e-04 2.002050e-01 1.743233e-05 -2.622018e-04 1.000000e+00 2.872246e+01
9.999904e-01 -3.571477e-04 -4.372828e-03 -6.901091e+00 3.599693e-04 9.999997e-01 6.445227e-04 2.320702e-01 4.372596e-03 -6.460912e-04 9.999902e-01 2.960645e+01
9.999999e-01 4.626917e-04 -2.101345e-04 -7.545453e+00 -4.626056e-04 9.999998e-01 4.089330e-04 2.738932e-01 2.103240e-04 -4.088351e-04 9.999999e-01 3.043186e+01
9.999920e-01 -3.172584e-04 -3.975028e-03 -7.774410e+00 3.184989e-04 9.999999e-01 3.114833e-04 2.817726e-01 3.974929e-03 -3.127476e-04 9.999921e-01 3.091961e+01
9.999992e-01 4.602480e-04 -1.152871e-03 -8.369994e+00 -4.594614e-04 9.999997e-01 6.823709e-04 3.037438e-01 1.153185e-03 -6.818400e-04 9.999991e-01 3.109903e+01
9.999896e-01 -3.171881e-04 -4.550322e-03 -9.257999e+00 3.200191e-04 9.999998e-01 6.214583e-04 3.479130e-01 4.550123e-03 -6.229087e-04 9.999895e-01 3.142107e+01
9.999986e-01 5.436707e-04 -1.553712e-03 -1.021181e+01 -5.423860e-04 9.999995e-01 8.270325e-04 3.942431e-01 1.554161e-03 -8.261880e-04 9.999985e-01 3.171426e+01
9.999847e-01 -2.135635e-04 -5.523476e-03 -1.134506e+01 2.184256e-04 9.999996e-01 8.796896e-04 4.350909e-01 5.523286e-03 -8.808833e-04 9.999844e-01 3.162848e+01
9.999998e-01 4.484506e-04 -3.551076e-04 -1.209591e+01 -4.483234e-04 9.999998e-01 3.578466e-04 4.594746e-01 3.552683e-04 -3.576866e-04 9.999999e-01 3.163767e+01
9.999939e-01 -3.695542e-04 -3.479524e-03 -1.212219e+01 3.707738e-04 9.999999e-01 3.499169e-04 4.566092e-01 3.479394e-03 -3.512056e-04 9.999939e-01 3.207604e+01
9.999998e-01 5.200101e-04 -3.957778e-04 -1.179184e+01 -5.198144e-04 9.999997e-01 4.938781e-04 4.318970e-01 3.960349e-04 -4.936716e-04 9.999998e-01 3.258695e+01
9.999939e-01 -4.384041e-04 -3.458055e-03 -1.192376e+01 4.386916e-04 9.999999e-01 8.241392e-05 4.299388e-01 3.458018e-03 -8.393113e-05 9.999940e-01 3.296265e+01
9.999995e-01 5.700047e-04 -7.808500e-04 -1.217369e+01 -5.695435e-04 9.999997e-01 5.906224e-04 4.322489e-01 7.811867e-04 -5.901767e-04 9.999995e-01 3.317404e+01
9.999945e-01 -4.842479e-04 -3.271908e-03 -1.230216e+01 4.839820e-04 9.999999e-01 -8.201008e-05 4.264008e-01 3.271947e-03 8.042539e-05 9.999946e-01 3.339298e+01
9.999990e-01 6.442391e-04 -1.251780e-03 -1.253874e+01 -6.433129e-04 9.999995e-01 7.399718e-04 4.251277e-01 1.252256e-03 -7.391651e-04 9.999989e-01 3.351770e+01
9.999923e-01 -4.607888e-04 -3.887059e-03 -1.293722e+01 4.611724e-04 9.999999e-01 9.784116e-05 4.301313e-01 3.887013e-03 -9.963371e-05 9.999924e-01 3.350328e+01
9.999992e-01 6.280380e-04 -1.063136e-03 -1.338672e+01 -6.271907e-04 9.999995e-01 7.969693e-04 4.421704e-01 1.063636e-03 -7.963012e-04 9.999991e-01 3.362293e+01
9.999964e-01 -5.844251e-04 -2.629422e-03 -1.373261e+01 5.846957e-04 9.999998e-01 1.021811e-04 4.477721e-01 2.629361e-03 -1.037189e-04 9.999965e-01 3.414486e+01
9.999990e-01 6.809915e-04 -1.260398e-03 -1.368514e+01 -6.803086e-04 9.999996e-01 5.419846e-04 4.363551e-01 1.260767e-03 -5.411259e-04 9.999991e-01 3.442513e+01
9.999967e-01 -5.217986e-04 -2.517528e-03 -1.353415e+01 5.221144e-04 9.999999e-01 1.248585e-04 4.173011e-01 2.517462e-03 -1.261732e-04 9.999968e-01 3.480755e+01
9.999990e-01 6.378637e-04 -1.261877e-03 -1.336241e+01 -6.371174e-04 9.999996e-01 5.915991e-04 3.987919e-01 1.262254e-03 -5.907939e-04 9.999990e-01 3.514791e+01
9.999974e-01 -4.890125e-04 -2.239078e-03 -1.312200e+01 4.896439e-04 9.999998e-01 2.815408e-04 3.788733e-01 2.238939e-03 -2.826371e-04 9.999975e-01 3.574663e+01
9.999992e-01 5.996356e-04 -1.124829e-03 -1.286575e+01 -5.989684e-04 9.999996e-01 5.932684e-04 3.487488e-01 1.125185e-03 -5.925935e-04 9.999992e-01 3.652939e+01
9.999932e-01 -4.176308e-04 -3.670690e-03 -1.326460e+01 4.185875e-04 9.999999e-01 2.599175e-04 3.571243e-01 3.670581e-03 -2.614529e-04 9.999932e-01 3.669102e+01
9.999995e-01 4.375005e-04 -8.583369e-04 -1.374145e+01 -4.369812e-04 9.999997e-01 6.048814e-04 3.741360e-01 8.586016e-04 -6.045053e-04 9.999994e-01 3.698432e+01
9.999876e-01 -2.772022e-04 -4.976947e-03 -1.389820e+01 2.777273e-04 1.000000e+00 1.048536e-04 3.770086e-01 4.976918e-03 -1.062352e-04 9.999876e-01 3.614041e+01
9.999977e-01 5.888774e-04 -2.055190e-03 -1.429762e+01 -5.867299e-04 9.999993e-01 1.045287e-03 3.876733e-01 2.055805e-03 -1.044078e-03 9.999973e-01 3.463373e+01
9.999974e-01 -4.070548e-04 -2.241341e-03 -1.443901e+01 4.060278e-04 9.999998e-01 -4.585864e-04 3.713381e-01 2.241527e-03 4.576745e-04 9.999974e-01 3.476403e+01
9.999966e-01 5.813933e-04 -2.532577e-03 -1.453720e+01 -5.787711e-04 9.999993e-01 1.035932e-03 3.561346e-01 2.533178e-03 -1.034462e-03 9.999963e-01 3.444447e+01
9.999919e-01 -2.729500e-04 -4.006520e-03 -1.490487e+01 2.728063e-04 1.000000e+00 -3.637868e-05 3.600741e-01 4.006530e-03 3.528469e-05 9.999920e-01 3.334978e+01
9.999952e-01 6.312363e-04 -3.046755e-03 -1.546849e+01 -6.276484e-04 9.999991e-01 1.178367e-03 3.680419e-01 3.047496e-03 -1.176448e-03 9.999947e-01 3.254012e+01
9.999986e-01 -4.835429e-04 -1.618825e-03 -1.592087e+01 4.829584e-04 9.999998e-01 -3.613392e-04 3.801743e-01 1.618999e-03 3.605562e-04 9.999986e-01 3.281063e+01
9.999933e-01 7.287175e-04 -3.581456e-03 -1.665035e+01 -7.235363e-04 9.999987e-01 1.447717e-03 4.050864e-01 3.582506e-03 -1.445115e-03 9.999925e-01 3.309566e+01
9.999987e-01 -6.832415e-04 -1.432493e-03 -1.738789e+01 6.828415e-04 9.999997e-01 -2.795546e-04 4.317392e-01 1.432684e-03 2.785753e-04 9.999989e-01 3.332926e+01
9.999955e-01 7.775136e-04 -2.899199e-03 -1.756171e+01 -7.747385e-04 9.999992e-01 9.581524e-04 4.333780e-01 2.899942e-03 -9.559013e-04 9.999953e-01 3.351285e+01
9.999990e-01 -6.517143e-04 -1.276915e-03 -1.710785e+01 6.513587e-04 9.999997e-01 -2.787190e-04 4.162743e-01 1.277096e-03 2.778863e-04 9.999991e-01 3.357065e+01
9.999955e-01 7.002660e-04 -2.903486e-03 -1.706578e+01 -6.974187e-04 9.999993e-01 9.814731e-04 4.114920e-01 2.904171e-03 -9.794431e-04 9.999953e-01 3.387127e+01
9.999990e-01 -5.324118e-04 -1.289150e-03 -1.702844e+01 5.320908e-04 9.999998e-01 -2.491964e-04 4.066207e-01 1.289282e-03 2.485095e-04 9.999991e-01 3.415794e+01
9.999962e-01 6.900158e-04 -2.684638e-03 -1.630474e+01 -6.865918e-04 9.999990e-01 1.276018e-03 3.674437e-01 2.685515e-03 -1.274169e-03 9.999956e-01 3.477177e+01
9.999992e-01 -6.072256e-04 -1.080835e-03 -1.568400e+01 6.068727e-04 9.999998e-01 -3.265946e-04 3.356772e-01 1.081033e-03 3.259377e-04 9.999994e-01 3.513421e+01
9.999924e-01 7.472006e-04 -3.821143e-03 -1.558005e+01 -7.435957e-04 9.999993e-01 9.446975e-04 3.387082e-01 3.821847e-03 -9.418483e-04 9.999923e-01 3.425228e+01
9.999961e-01 -4.510727e-04 -2.754052e-03 -1.628217e+01 4.519066e-04 9.999999e-01 3.022577e-04 3.539784e-01 2.753915e-03 -3.035017e-04 9.999962e-01 3.395014e+01
9.999928e-01 7.350138e-04 -3.730639e-03 -1.712927e+01 -7.309763e-04 9.999991e-01 1.083459e-03 3.794973e-01 3.731432e-03 -1.080724e-03 9.999925e-01 3.385508e+01
9.999990e-01 -5.671181e-04 -1.320423e-03 -1.758387e+01 5.668176e-04 9.999998e-01 -2.277675e-04 3.878084e-01 1.320552e-03 2.270181e-04 9.999991e-01 3.386523e+01
9.999908e-01 7.488983e-04 -4.212350e-03 -1.823000e+01 -7.433210e-04 9.999988e-01 1.325390e-03 4.086405e-01 4.213338e-03 -1.322246e-03 9.999902e-01 3.390936e+01
9.999969e-01 -4.404339e-04 -2.436962e-03 -1.887022e+01 4.401938e-04 9.999999e-01 -9.894754e-05 4.238108e-01 2.437005e-03 9.787382e-05 9.999970e-01 3.343358e+01
9.999935e-01 7.048710e-04 -3.546005e-03 -1.952024e+01 -7.003758e-04 9.999989e-01 1.268721e-03 4.391408e-01 3.546896e-03 -1.266229e-03 9.999929e-01 3.332090e+01
9.999997e-01 -5.475625e-04 -5.749758e-04 -1.937669e+01 5.471471e-04 9.999996e-01 -7.220113e-04 4.236448e-01 5.753706e-04 7.216958e-04 9.999996e-01 3.335470e+01
9.999946e-01 5.482594e-04 -3.225981e-03 -1.891756e+01 -5.440875e-04 9.999990e-01 1.293858e-03 4.034544e-01 3.226688e-03 -1.292095e-03 9.999940e-01 3.345810e+01
9.999995e-01 -4.696725e-04 -9.295648e-04 -1.868457e+01 4.688877e-04 9.999995e-01 -8.441265e-04 3.980539e-01 9.299605e-04 8.436895e-04 9.999992e-01 3.307321e+01
9.999942e-01 5.391947e-04 -3.377660e-03 -1.843209e+01 -5.347896e-04 9.999990e-01 1.304899e-03 3.991679e-01 3.378361e-03 -1.303085e-03 9.999934e-01 3.240098e+01
9.999999e-01 -3.430289e-04 1.475370e-04 -1.813696e+01 3.431131e-04 9.999998e-01 -5.724241e-04 3.677531e-01 -1.473409e-04 5.724740e-04 9.999998e-01 3.302188e+01
9.999922e-01 5.840937e-04 -3.915774e-03 -1.738982e+01 -5.770334e-04 9.999982e-01 1.803882e-03 3.145081e-01 3.916821e-03 -1.801607e-03 9.999907e-01 3.395689e+01
9.999998e-01 -5.792912e-04 7.143827e-06 -1.668753e+01 5.792977e-04 9.999994e-01 -9.815942e-04 2.822160e-01 -6.575486e-06 9.815975e-04 9.999995e-01 3.428508e+01
9.999920e-01 6.323468e-04 -3.937602e-03 -1.644841e+01 -6.267345e-04 9.999988e-01 1.426329e-03 2.727633e-01 3.938499e-03 -1.423849e-03 9.999912e-01 3.413872e+01
9.999998e-01 -5.955380e-04 1.395255e-04 -1.609404e+01 5.956764e-04 9.999993e-01 -9.956481e-04 2.598903e-01 -1.389327e-04 9.957303e-04 9.999995e-01 3.410620e+01
9.999937e-01 7.777129e-04 -3.466633e-03 -1.585080e+01 -7.716276e-04 9.999982e-01 1.756317e-03 2.299555e-01 3.467992e-03 -1.753630e-03 9.999924e-01 3.473667e+01
9.999997e-01 -6.770406e-04 2.037140e-04 -1.564790e+01 6.772433e-04 9.999993e-01 -9.977271e-04 1.999635e-01 -2.030387e-04 9.978642e-04 9.999995e-01 3.541503e+01
9.999940e-01 8.244864e-04 -3.373016e-03 -1.555784e+01 -8.186871e-04 9.999982e-01 1.720273e-03 1.796086e-01 3.374429e-03 -1.717501e-03 9.999928e-01 3.602835e+01
9.999996e-01 -6.986023e-04 5.003549e-04 -1.548156e+01 6.990971e-04 9.999993e-01 -9.897298e-04 1.531487e-01 -4.996634e-04 9.900785e-04 9.999994e-01 3.691759e+01
9.999921e-01 8.493379e-04 -3.879105e-03 -1.538965e+01 -8.428897e-04 9.999983e-01 1.663554e-03 1.314150e-01 3.880512e-03 -1.660270e-03 9.999911e-01 3.755525e+01
9.999997e-01 -7.414022e-04 2.290466e-04 -1.542964e+01 7.416304e-04 9.999992e-01 -9.988433e-04 1.241506e-01 -2.283062e-04 9.990122e-04 9.999995e-01 3.794137e+01
9.999857e-01 8.509506e-04 -5.277560e-03 -1.612763e+01 -8.400118e-04 9.999975e-01 2.074525e-03 1.587504e-01 5.279312e-03 -2.070062e-03 9.999839e-01 3.834796e+01
9.999995e-01 -6.818130e-04 7.443805e-04 -1.675690e+01 6.825927e-04 9.999992e-01 -1.047986e-03 1.957165e-01 -7.436657e-04 1.048492e-03 9.999992e-01 3.900058e+01
9.999889e-01 7.599078e-04 -4.639291e-03 -1.702988e+01 -7.518659e-04 9.999982e-01 1.734893e-03 2.061674e-01 4.640602e-03 -1.731385e-03 9.999877e-01 3.940937e+01
9.999996e-01 -6.546074e-04 5.942059e-04 -1.747339e+01 6.552009e-04 9.999993e-01 -9.995455e-04 2.247907e-01 -5.935514e-04 9.999338e-04 9.999993e-01 3.987326e+01
9.999915e-01 7.414105e-04 -4.046269e-03 -1.748088e+01 -7.350875e-04 9.999985e-01 1.563882e-03 2.123230e-01 4.047423e-03 -1.560893e-03 9.999906e-01 4.028159e+01
9.999997e-01 -7.280387e-04 1.498846e-05 -1.696953e+01 7.280522e-04 9.999993e-01 -9.351648e-04 1.955066e-01 -1.430790e-05 9.351747e-04 9.999996e-01 4.030587e+01
9.999916e-01 8.393827e-04 -4.000818e-03 -1.699137e+01 -8.334574e-04 9.999986e-01 1.482391e-03 1.904639e-01 4.002056e-03 -1.479044e-03 9.999909e-01 4.046728e+01
9.999997e-01 -7.466882e-04 -3.524807e-04 -1.755097e+01 7.464661e-04 9.999995e-01 -6.292971e-04 2.181099e-01 3.529501e-04 6.290331e-04 9.999997e-01 4.092686e+01
9.999903e-01 8.563540e-04 -4.321355e-03 -1.861095e+01 -8.476620e-04 9.999976e-01 2.012781e-03 2.773276e-01 4.323068e-03 -2.009098e-03 9.999886e-01 4.172115e+01
9.999995e-01 -7.874944e-04 6.072127e-04 -1.926652e+01 7.880835e-04 9.999992e-01 -9.710046e-04 3.006013e-01 -6.064478e-04 9.714820e-04 9.999993e-01 4.251564e+01
9.999923e-01 8.521870e-04 -3.842865e-03 -1.988960e+01 -8.442825e-04 9.999975e-01 2.058030e-03 3.238643e-01 3.844610e-03 -2.054769e-03 9.999905e-01 4.351250e+01
9.999993e-01 -8.628975e-04 8.538392e-04 -2.048221e+01 8.638140e-04 9.999991e-01 -1.073871e-03 3.491347e-01 -8.529121e-04 1.074607e-03 9.999991e-01 4.457397e+01
9.999883e-01 8.786245e-04 -4.752087e-03 -2.124572e+01 -8.684873e-04 9.999973e-01 2.134815e-03 3.918167e-01 4.753950e-03 -2.130662e-03 9.999864e-01 4.546421e+01
9.999989e-01 -7.311009e-04 1.290002e-03 -2.157675e+01 7.327679e-04 9.999989e-01 -1.292468e-03 4.052815e-01 -1.289056e-03 1.293411e-03 9.999983e-01 4.620384e+01
9.999865e-01 8.964692e-04 -5.110018e-03 -2.100758e+01 -8.842977e-04 9.999968e-01 2.383610e-03 3.702778e-01 5.112138e-03 -2.379059e-03 9.999841e-01 4.674033e+01
9.999988e-01 -8.171250e-04 1.313760e-03 -2.083092e+01 8.192968e-04 9.999983e-01 -1.653554e-03 3.547429e-01 -1.312407e-03 1.654627e-03 9.999978e-01 4.706071e+01
9.999848e-01 8.775504e-04 -5.448910e-03 -2.124950e+01 -8.644225e-04 9.999967e-01 2.411109e-03 3.742972e-01 5.451009e-03 -2.406362e-03 9.999822e-01 4.742887e+01
9.999987e-01 -8.037034e-04 1.389963e-03 -2.170519e+01 8.058530e-04 9.999985e-01 -1.546813e-03 3.965308e-01 -1.388718e-03 1.547930e-03 9.999978e-01 4.790809e+01
9.999885e-01 8.485045e-04 -4.727447e-03 -2.183028e+01 -8.373940e-04 9.999969e-01 2.351637e-03 3.973008e-01 4.729427e-03 -2.347651e-03 9.999861e-01 4.846361e+01
9.999990e-01 -7.753294e-04 1.165539e-03 -2.210649e+01 7.772147e-04 9.999984e-01 -1.618159e-03 4.006370e-01 -1.164283e-03 1.619063e-03 9.999980e-01 4.935388e+01
9.999777e-01 9.213219e-04 -6.607634e-03 -2.311022e+01 -9.013597e-04 9.999950e-01 3.023380e-03 4.499671e-01 6.610387e-03 -3.017357e-03 9.999736e-01 4.972820e+01
9.999993e-01 -7.614351e-04 9.141974e-04 -2.401059e+01 7.629530e-04 9.999983e-01 -1.661509e-03 4.867209e-01 -9.129310e-04 1.662204e-03 9.999982e-01 4.986361e+01
9.999848e-01 8.314941e-04 -5.458378e-03 -2.461784e+01 -8.172234e-04 9.999962e-01 2.616110e-03 5.167623e-01 5.460533e-03 -2.611609e-03 9.999817e-01 5.023558e+01
9.999993e-01 -7.824822e-04 9.143096e-04 -2.532246e+01 7.838772e-04 9.999985e-01 -1.526740e-03 5.588214e-01 -9.131139e-04 1.527455e-03 9.999984e-01 5.079276e+01
9.999834e-01 8.530642e-04 -5.704806e-03 -2.609322e+01 -8.376119e-04 9.999960e-01 2.710430e-03 6.030097e-01 5.707095e-03 -2.705606e-03 9.999801e-01 5.129422e+01
9.999989e-01 -7.772885e-04 1.224281e-03 -2.672364e+01 7.793997e-04 9.999982e-01 -1.725171e-03 6.361266e-01 -1.222938e-03 1.726123e-03 9.999978e-01 5.173098e+01
9.999761e-01 9.788125e-04 -6.843889e-03 -2.743342e+01 -9.587684e-04 9.999952e-01 2.931383e-03 6.599184e-01 6.846726e-03 -2.924751e-03 9.999723e-01 5.177422e+01
9.999997e-01 -7.186235e-04 3.989494e-04 -2.850112e+01 7.191685e-04 9.999988e-01 -1.368267e-03 7.059730e-01 -3.979659e-04 1.368553e-03 9.999990e-01 5.187185e+01
9.999858e-01 8.185477e-04 -5.275175e-03 -2.926845e+01 -8.047641e-04 9.999963e-01 2.614454e-03 7.508534e-01 5.277295e-03 -2.610171e-03 9.999827e-01 5.246313e+01
9.999995e-01 -6.768558e-04 6.888763e-04 -2.960034e+01 6.780681e-04 9.999982e-01 -1.761485e-03 7.625979e-01 -6.876831e-04 1.761950e-03 9.999982e-01 5.259747e+01
9.999844e-01 8.088415e-04 -5.521410e-03 -3.007605e+01 -7.939158e-04 9.999960e-01 2.704841e-03 7.777601e-01 5.523576e-03 -2.700415e-03 9.999811e-01 5.270277e+01
9.999990e-01 -6.103425e-04 1.286501e-03 -2.962542e+01 6.127855e-04 9.999980e-01 -1.899619e-03 7.596819e-01 -1.285339e-03 1.900405e-03 9.999974e-01 5.302558e+01
9.999873e-01 6.905103e-04 -4.995669e-03 -2.974110e+01 -6.768345e-04 9.999960e-01 2.738661e-03 7.619785e-01 4.997540e-03 -2.735244e-03 9.999838e-01 5.357084e+01
9.999991e-01 -5.209674e-04 1.258449e-03 -2.944462e+01 5.233762e-04 9.999980e-01 -1.914747e-03 7.388424e-01 -1.257449e-03 1.915403e-03 9.999974e-01 5.399598e+01
9.999862e-01 5.665760e-04 -5.220092e-03 -2.906929e+01 -5.528290e-04 9.999964e-01 2.634482e-03 7.240732e-01 5.221566e-03 -2.631559e-03 9.999829e-01 5.413526e+01
9.999993e-01 -5.137720e-04 1.043321e-03 -2.874006e+01 5.158298e-04 9.999979e-01 -1.973375e-03 7.111459e-01 -1.042306e-03 1.973911e-03 9.999975e-01 5.418717e+01
9.999823e-01 6.419908e-04 -5.915122e-03 -2.845718e+01 -6.271221e-04 9.999966e-01 2.515138e-03 7.169404e-01 5.916717e-03 -2.511384e-03 9.999793e-01 5.329765e+01
9.999989e-01 -5.868890e-04 1.366564e-03 -2.791460e+01 5.896457e-04 9.999978e-01 -2.017874e-03 7.250383e-01 -1.365377e-03 2.018677e-03 9.999970e-01 5.249277e+01
9.999856e-01 5.760171e-04 -5.339433e-03 -2.727509e+01 -5.624009e-04 9.999966e-01 2.551210e-03 7.180773e-01 5.340884e-03 -2.548170e-03 9.999825e-01 5.224440e+01
9.999990e-01 -4.147350e-04 1.371432e-03 -2.677272e+01 4.170453e-04 9.999985e-01 -1.684875e-03 6.837569e-01 -1.370731e-03 1.685444e-03 9.999976e-01 5.279771e+01
9.999876e-01 5.342509e-04 -4.956035e-03 -2.640385e+01 -5.217496e-04 9.999967e-01 2.523329e-03 6.492663e-01 4.957367e-03 -2.520711e-03 9.999845e-01 5.343520e+01
9.999996e-01 -4.412233e-04 7.281687e-04 -2.587652e+01 4.425345e-04 9.999983e-01 -1.802017e-03 6.232968e-01 -7.273726e-04 1.802338e-03 9.999981e-01 5.375036e+01
9.999871e-01 5.144354e-04 -5.060985e-03 -2.529621e+01 -5.023478e-04 9.999970e-01 2.389305e-03 6.100077e-01 5.062199e-03 -2.386731e-03 9.999843e-01 5.371821e+01
9.999997e-01 -4.228623e-04 5.897489e-04 -2.507950e+01 4.238350e-04 9.999985e-01 -1.650650e-03 6.092807e-01 -5.890503e-04 1.650898e-03 9.999985e-01 5.372758e+01
9.999858e-01 5.122759e-04 -5.305892e-03 -2.469693e+01 -4.999392e-04 9.999972e-01 2.326115e-03 6.053025e-01 5.307068e-03 -2.323429e-03 9.999832e-01 5.344897e+01
9.999996e-01 -4.514258e-04 7.105017e-04 -2.385203e+01 4.526163e-04 9.999985e-01 -1.676723e-03 5.970236e-01 -7.097440e-04 1.677043e-03 9.999983e-01 5.323168e+01
9.999866e-01 4.880151e-04 -5.146838e-03 -2.306132e+01 -4.761710e-04 9.999972e-01 2.302172e-03 5.895943e-01 5.147948e-03 -2.299690e-03 9.999841e-01 5.299070e+01
9.999995e-01 -4.427782e-04 9.042342e-04 -2.239675e+01 4.443052e-04 9.999985e-01 -1.689521e-03 5.782306e-01 -9.034850e-04 1.689921e-03 9.999982e-01 5.286307e+01
9.999875e-01 4.529129e-04 -4.986051e-03 -2.180725e+01 -4.417500e-04 9.999974e-01 2.239641e-03 5.653597e-01 4.987052e-03 -2.237410e-03 9.999851e-01 5.278346e+01
9.999992e-01 -4.484832e-04 1.176913e-03 -2.132959e+01 4.504707e-04 9.999985e-01 -1.689295e-03 5.507282e-01 -1.176154e-03 1.689823e-03 9.999979e-01 5.277286e+01
9.999855e-01 4.875769e-04 -5.357129e-03 -2.073657e+01 -4.751142e-04 9.999972e-01 2.327340e-03 5.327519e-01 5.358249e-03 -2.324760e-03 9.999829e-01 5.281994e+01
9.999996e-01 -3.772238e-04 7.778554e-04 -2.005677e+01 3.784367e-04 9.999987e-01 -1.560049e-03 5.138923e-01 -7.772661e-04 1.560342e-03 9.999985e-01 5.287664e+01
9.999874e-01 4.957588e-04 -5.001980e-03 -1.948503e+01 -4.839702e-04 9.999971e-01 2.357664e-03 4.910491e-01 5.003135e-03 -2.355213e-03 9.999847e-01 5.304863e+01
9.999996e-01 -4.590518e-04 8.120050e-04 -1.895064e+01 4.604597e-04 9.999984e-01 -1.734974e-03 4.775809e-01 -8.112075e-04 1.735346e-03 9.999982e-01 5.298084e+01
9.999856e-01 5.182025e-04 -5.338275e-03 -1.821599e+01 -5.053496e-04 9.999970e-01 2.408692e-03 4.646601e-01 5.339507e-03 -2.405959e-03 9.999829e-01 5.288234e+01
9.999996e-01 -3.413384e-04 7.918029e-04 -1.761584e+01 3.425912e-04 9.999987e-01 -1.582955e-03 4.416172e-01 -7.912618e-04 1.583225e-03 9.999984e-01 5.305967e+01
9.999863e-01 4.624542e-04 -5.221028e-03 -1.720437e+01 -4.501508e-04 9.999971e-01 2.357390e-03 4.254366e-01 5.222103e-03 -2.355006e-03 9.999836e-01 5.323577e+01
9.999996e-01 -3.803665e-04 7.502822e-04 -1.673833e+01 3.816271e-04 9.999985e-01 -1.681240e-03 4.123659e-01 -7.496418e-04 1.681525e-03 9.999983e-01 5.329306e+01
9.999866e-01 5.137689e-04 -5.146221e-03 -1.617007e+01 -5.009049e-04 9.999967e-01 2.500606e-03 3.898233e-01 5.147490e-03 -2.497994e-03 9.999836e-01 5.346374e+01
9.999991e-01 -5.403514e-04 1.258693e-03 -1.563283e+01 5.427734e-04 9.999980e-01 -1.924891e-03 3.791874e-01 -1.257651e-03 1.925572e-03 9.999974e-01 5.338155e+01
9.999810e-01 6.331836e-04 -6.126375e-03 -1.537849e+01 -6.177702e-04 9.999966e-01 2.517418e-03 3.839277e-01 6.127949e-03 -2.513585e-03 9.999781e-01 5.250989e+01
9.999973e-01 -6.134610e-04 2.243398e-03 -1.482559e+01 6.180030e-04 9.999978e-01 -2.024618e-03 3.732530e-01 -2.242151e-03 2.025998e-03 9.999954e-01 5.235858e+01
9.999805e-01 7.931085e-04 -6.198917e-03 -1.428901e+01 -7.752012e-04 9.999955e-01 2.890586e-03 3.486724e-01 6.201182e-03 -2.885723e-03 9.999766e-01 5.270129e+01
9.999973e-01 -7.679191e-04 2.174850e-03 -1.374248e+01 7.725898e-04 9.999974e-01 -2.147696e-03 3.251928e-01 -2.173195e-03 2.149370e-03 9.999953e-01 5.297040e+01
9.999777e-01 8.227974e-04 -6.626923e-03 -1.291362e+01 -8.031747e-04 9.999953e-01 2.963130e-03 3.077807e-01 6.629330e-03 -2.957741e-03 9.999737e-01 5.295334e+01
9.999970e-01 -7.091088e-04 2.352383e-03 -1.237127e+01 7.142605e-04 9.999973e-01 -2.189996e-03 2.835532e-01 -2.350824e-03 2.191669e-03 9.999948e-01 5.319101e+01
9.999773e-01 8.416824e-04 -6.683838e-03 -1.183843e+01 -8.208568e-04 9.999948e-01 3.117914e-03 2.575496e-01 6.686427e-03 -3.112356e-03 9.999728e-01 5.354938e+01
9.999964e-01 -6.701119e-04 2.586010e-03 -1.132776e+01 6.758896e-04 9.999973e-01 -2.234113e-03 2.322683e-01 -2.584506e-03 2.235852e-03 9.999942e-01 5.392890e+01
9.999767e-01 7.169270e-04 -6.791343e-03 -1.069446e+01 -6.972615e-04 9.999956e-01 2.897549e-03 2.143545e-01 6.793390e-03 -2.892745e-03 9.999727e-01 5.401241e+01
9.999964e-01 -5.893563e-04 2.614378e-03 -1.005439e+01 5.950161e-04 9.999975e-01 -2.164764e-03 1.959906e-01 -2.613096e-03 2.166311e-03 9.999942e-01 5.420007e+01
9.999811e-01 5.749699e-04 -6.125942e-03 -1.005771e+01 -5.573498e-04 9.999957e-01 2.877579e-03 1.877950e-01 6.127570e-03 -2.874110e-03 9.999771e-01 5.458830e+01
9.999963e-01 -4.705009e-04 2.687322e-03 -9.935070e+00 4.766659e-04 9.999973e-01 -2.294072e-03 1.685580e-01 -2.686236e-03 2.295344e-03 9.999938e-01 5.496348e+01
9.999805e-01 5.050848e-04 -6.226191e-03 -1.002047e+01 -4.872154e-04 9.999958e-01 2.871166e-03 1.631559e-01 6.227615e-03 -2.868076e-03 9.999765e-01 5.536305e+01
9.999984e-01 -4.266815e-04 1.765301e-03 -9.544910e+00 4.306028e-04 9.999974e-01 -2.221718e-03 1.448242e-01 -1.764349e-03 2.222474e-03 9.999960e-01 5.553845e+01
9.999799e-01 4.615639e-04 -6.319948e-03 -9.525675e+00 -4.434303e-04 9.999958e-01 2.870306e-03 1.458948e-01 6.321246e-03 -2.867445e-03 9.999759e-01 5.582344e+01
9.999990e-01 -2.821383e-04 1.357701e-03 -9.587805e+00 2.845957e-04 9.999983e-01 -1.810328e-03 1.590235e-01 -1.357188e-03 1.810712e-03 9.999974e-01 5.628381e+01
9.999795e-01 3.220088e-04 -6.392413e-03 -8.516258e+00 -3.064230e-04 9.999970e-01 2.438944e-03 1.602684e-01 6.393179e-03 -2.436934e-03 9.999766e-01 5.586241e+01
9.999992e-01 -3.649482e-04 1.247276e-03 -7.434094e+00 3.673007e-04 9.999982e-01 -1.886660e-03 1.673787e-01 -1.246585e-03 1.887116e-03 9.999974e-01 5.531826e+01
9.999817e-01 4.098772e-04 -6.031156e-03 -6.555644e+00 -3.944195e-04 9.999966e-01 2.563882e-03 1.639986e-01 6.032187e-03 -2.561456e-03 9.999785e-01 5.505512e+01
9.999989e-01 -3.051117e-04 1.418615e-03 -5.991921e+00 3.078481e-04 9.999981e-01 -1.929365e-03 1.511818e-01 -1.418024e-03 1.929799e-03 9.999971e-01 5.511068e+01
9.999815e-01 5.205268e-04 -6.054396e-03 -5.328660e+00 -5.029388e-04 9.999957e-01 2.906109e-03 1.234437e-01 6.055883e-03 -2.903010e-03 9.999774e-01 5.551989e+01
9.999986e-01 -4.603939e-04 1.616866e-03 -4.592653e+00 4.634947e-04 9.999981e-01 -1.918158e-03 9.197241e-02 -1.615980e-03 1.918904e-03 9.999969e-01 5.596996e+01
9.999838e-01 5.613214e-04 -5.670016e-03 -4.202607e+00 -5.466667e-04 9.999965e-01 2.585752e-03 7.024967e-02 5.671447e-03 -2.582610e-03 9.999806e-01 5.625589e+01
9.999981e-01 -5.025975e-04 1.883354e-03 -4.134745e+00 5.061272e-04 9.999981e-01 -1.874332e-03 6.174925e-02 -1.882409e-03 1.875281e-03 9.999965e-01 5.657783e+01
9.999779e-01 6.893820e-04 -6.607349e-03 -4.356582e+00 -6.715607e-04 9.999961e-01 2.698973e-03 6.381637e-02 6.609185e-03 -2.694475e-03 9.999745e-01 5.668763e+01
9.999962e-01 -5.443124e-04 2.705172e-03 -4.238831e+00 5.499222e-04 9.999977e-01 -2.073556e-03 4.966858e-02 -2.704038e-03 2.075035e-03 9.999942e-01 5.698687e+01
9.999694e-01 7.299596e-04 -7.784499e-03 -3.356094e+00 -7.059608e-04 9.999950e-01 3.085143e-03 2.031546e-02 7.786712e-03 -3.079553e-03 9.999649e-01 5.728993e+01
9.999954e-01 -6.417397e-04 2.957682e-03 -2.162800e+00 6.480780e-04 9.999975e-01 -2.142634e-03 -9.169234e-04 -2.956300e-03 2.144540e-03 9.999933e-01 5.730916e+01
9.999741e-01 7.038875e-04 -7.157298e-03 -2.388831e+00 -6.841088e-04 9.999959e-01 2.765461e-03 3.364262e-03 7.159216e-03 -2.760492e-03 9.999706e-01 5.756064e+01
9.999995e-01 -4.271000e-04 8.580549e-04 -3.189494e+00 4.282958e-04 9.999989e-01 -1.394259e-03 2.879352e-02 -8.574587e-04 1.394625e-03 9.999987e-01 5.751756e+01
9.999789e-01 6.082109e-04 -6.469899e-03 -3.268372e+00 -5.945856e-04 9.999976e-01 2.107618e-03 3.154203e-02 6.471165e-03 -2.103726e-03 9.999768e-01 5.656614e+01
9.999975e-01 -5.109058e-04 2.165241e-03 -3.211524e+00 5.144726e-04 9.999985e-01 -1.647204e-03 2.364683e-02 -2.164396e-03 1.648314e-03 9.999963e-01 5.627767e+01
9.999811e-01 5.649772e-04 -6.124148e-03 -2.810755e+00 -5.506320e-04 9.999971e-01 2.343771e-03 9.251293e-05 6.125454e-03 -2.340354e-03 9.999785e-01 5.652829e+01
9.999983e-01 -4.472413e-04 1.783574e-03 -2.187070e+00 4.500246e-04 9.999987e-01 -1.560622e-03 -2.565616e-02 -1.782874e-03 1.561422e-03 9.999972e-01 5.677060e+01
9.999818e-01 5.597284e-04 -6.007007e-03 -1.556926e+00 -5.454717e-04 9.999970e-01 2.374675e-03 -4.969377e-02 6.008319e-03 -2.371355e-03 9.999791e-01 5.700018e+01
9.999972e-01 -5.065941e-04 2.324919e-03 -1.177995e+00 5.109892e-04 9.999981e-01 -1.890377e-03 -5.954168e-02 -2.323957e-03 1.891559e-03 9.999955e-01 5.678873e+01
9.999809e-01 5.071550e-04 -6.167514e-03 -5.109195e-01 -4.925616e-04 9.999971e-01 2.367409e-03 -6.927541e-02 6.168697e-03 -2.364325e-03 9.999782e-01 5.645757e+01
9.999970e-01 -5.674322e-04 2.363340e-03 3.867271e-01 5.715956e-04 9.999983e-01 -1.761522e-03 -7.826393e-02 -2.362337e-03 1.762867e-03 9.999957e-01 5.618333e+01
9.999787e-01 5.891935e-04 -6.503892e-03 9.457530e-01 -5.743327e-04 9.999972e-01 2.286489e-03 -8.008419e-02 6.505221e-03 -2.282704e-03 9.999762e-01 5.573307e+01
9.999973e-01 -6.329123e-04 2.237932e-03 1.695707e+00 6.369276e-04 9.999982e-01 -1.794080e-03 -8.559612e-02 -2.236793e-03 1.795500e-03 9.999959e-01 5.545345e+01
9.999787e-01 7.202513e-04 -6.493027e-03 2.089466e+00 -7.040391e-04 9.999966e-01 2.498751e-03 -1.039245e-01 6.494805e-03 -2.494126e-03 9.999758e-01 5.578816e+01
9.999971e-01 -6.122977e-04 2.310920e-03 2.505119e+00 6.160708e-04 9.999985e-01 -1.632513e-03 -1.282814e-01 -2.309917e-03 1.633931e-03 9.999960e-01 5.621013e+01
9.999790e-01 6.339398e-04 -6.446542e-03 2.475736e+00 -6.189053e-04 9.999971e-01 2.333857e-03 -1.308823e-01 6.448003e-03 -2.329818e-03 9.999765e-01 5.659420e+01
9.999996e-01 -3.950176e-04 8.557504e-04 2.049577e+00 3.961688e-04 9.999990e-01 -1.345974e-03 -1.222167e-01 -8.552181e-04 1.346312e-03 9.999987e-01 5.656102e+01
9.999895e-01 5.206200e-04 -4.555206e-03 2.207737e+00 -5.101595e-04 9.999972e-01 2.297159e-03 -1.432131e-01 4.556389e-03 -2.294810e-03 9.999870e-01 5.713764e+01
9.999999e-01 -2.931089e-04 -2.322430e-04 3.229768e+00 2.930003e-04 9.999998e-01 -4.658985e-04 -1.868963e-01 2.323793e-04 4.658298e-04 9.999999e-01 5.806020e+01
