9.999953e-01 2.006981e-04 -3.071092e-03 4.096751e-01 -1.967652e-04 9.999992e-01 1.280873e-03 -4.671079e-02 3.071346e-03 -1.280264e-03 9.999945e-01 1.430930e+00
9.999998e-01 -3.200496e-05 -7.001450e-04 8.990446e-01 3.170994e-05 9.999999e-01 -4.214104e-04 -8.689024e-02 7.001588e-04 4.213888e-04 9.999997e-01 2.418891e+00
9.999957e-01 1.145892e-04 -2.934715e-03 1.150899e+00 -1.114512e-04 9.999994e-01 1.069440e-03 -1.181248e-01 2.934835e-03 -1.069109e-03 9.999951e-01 2.973580e+00
9.999997e-01 -3.663505e-05 -8.070213e-04 1.474042e+00 3.624512e-05 9.999999e-01 -4.832167e-04 -1.460155e-01 8.070392e-04 4.831880e-04 9.999996e-01 3.335100e+00
9.999964e-01 1.201173e-04 -2.693108e-03 1.773737e+00 -1.170241e-04 9.999993e-01 1.148693e-03 -1.776844e-01 2.693244e-03 -1.148374e-03 9.999957e-01 3.899521e+00
9.999997e-01 -7.309142e-05 -7.046995e-04 2.001742e+00 7.273759e-05 9.999999e-01 -5.021606e-04 -2.091109e-01 7.047364e-04 5.021099e-04 9.999996e-01 4.543126e+00
9.999954e-01 7.736202e-05 -3.033410e-03 2.418462e+00 -7.428463e-05 9.999995e-01 1.014609e-03 -2.271133e-01 3.033487e-03 -1.014380e-03 9.999949e-01 4.567575e+00
9.999999e-01 -1.744877e-04 -4.026443e-04 2.855648e+00 1.742497e-04 9.999998e-01 -5.910848e-04 -2.414587e-01 4.027477e-04 5.910152e-04 9.999997e-01 4.492254e+00
9.999954e-01 1.366101e-04 -3.040545e-03 3.277628e+00 -1.334219e-04 9.999994e-01 1.048744e-03 -2.549237e-01 3.040686e-03 -1.048334e-03 9.999948e-01 4.426431e+00
9.999999e-01 -2.404813e-04 -2.915045e-04 3.647066e+00 2.402891e-04 9.999998e-01 -6.592140e-04 -2.686816e-01 2.916633e-04 6.591446e-04 9.999997e-01 4.412661e+00
9.999919e-01 2.192322e-04 -4.019794e-03 4.064463e+00 -2.149538e-04 9.999994e-01 1.064766e-03 -2.703578e-01 4.020025e-03 -1.063894e-03 9.999914e-01 3.921340e+00
9.999994e-01 -5.055635e-04 -9.569128e-04 4.735407e+00 5.048604e-04 9.999996e-01 -7.349309e-04 -2.539585e-01 9.572843e-04 7.344481e-04 9.999993e-01 2.673798e+00
9.999961e-01 2.758651e-04 -2.767119e-03 5.214744e+00 -2.730619e-04 9.999994e-01 1.013396e-03 -2.517076e-01 2.767397e-03 -1.012638e-03 9.999957e-01 2.068886e+00
9.999993e-01 -2.664581e-04 -1.167796e-03 5.822290e+00 2.660295e-04 9.999999e-01 -3.671640e-04 -2.727358e-01 1.167894e-03 3.668538e-04 9.999993e-01 2.169369e+00
9.999968e-01 3.113948e-04 -2.523396e-03 6.298189e+00 -3.088640e-04 9.999994e-01 1.003307e-03 -2.902110e-01 2.523707e-03 -1.002525e-03 9.999963e-01 2.398892e+00
9.999936e-01 -3.577411e-04 -3.547185e-03 7.489177e+00 3.561623e-04 9.999998e-01 -4.457181e-04 -2.666808e-01 3.547345e-03 4.444526e-04 9.999936e-01 1.105681e+00
9.999904e-01 1.791724e-04 -4.382449e-03 9.520576e+00 -1.743671e-04 9.999994e-01 1.096865e-03 -2.037767e-01 4.382642e-03 -1.096091e-03 9.999898e-01 -1.543650e+00
9.999872e-01 -5.190141e-04 -5.026208e-03 1.153224e+01 5.171246e-04 9.999998e-01 -3.772426e-04 -9.907422e-02 5.026403e-03 3.746393e-04 9.999873e-01 -6.427225e+00
9.999917e-01 3.246934e-04 -4.053901e-03 1.330451e+01 -3.202142e-04 9.999993e-01 1.105537e-03 -1.762243e-02 4.054257e-03 -1.104230e-03 9.999912e-01 -1.022963e+01
9.999889e-01 -7.261858e-04 -4.660342e-03 1.558122e+01 7.235318e-04 9.999996e-01 -5.711673e-04 8.804408e-02 4.660755e-03 5.677898e-04 9.999890e-01 -1.501048e+01
9.999914e-01 3.550103e-04 -4.133324e-03 1.749337e+01 -3.497275e-04 9.999991e-01 1.278753e-03 1.865211e-01 4.133774e-03 -1.277297e-03 9.999906e-01 -1.969514e+01
9.999948e-01 -6.235783e-04 -3.148230e-03 1.901980e+01 6.212911e-04 9.999995e-01 -7.274503e-04 2.606675e-01 3.148683e-03 7.254912e-04 9.999948e-01 -2.332910e+01
9.999868e-01 1.647377e-04 -5.126396e-03 2.179372e+01 -1.588066e-04 9.999993e-01 1.157372e-03 3.697297e-01 5.126583e-03 -1.156544e-03 9.999862e-01 -2.799315e+01
9.999987e-01 -4.237462e-04 -1.568894e-03 2.389760e+01 4.223946e-04 9.999995e-01 -8.617161e-04 4.480841e-01 1.569258e-03 8.610530e-04 9.999984e-01 -3.145702e+01
9.999722e-01 2.099847e-04 -7.451353e-03 2.574760e+01 -1.986963e-04 9.999988e-01 1.515672e-03 5.368569e-01 7.451662e-03 -1.514150e-03 9.999711e-01 -3.557625e+01
9.999971e-01 -6.881536e-04 -2.328490e-03 2.788299e+01 6.863644e-04 9.999995e-01 -7.691245e-04 6.500691e-01 2.329018e-03 7.675248e-04 9.999970e-01 -4.084289e+01
9.999640e-01 1.878183e-04 -8.488098e-03 3.032095e+01 -1.735894e-04 9.999986e-01 1.677040e-03 7.788162e-01 8.488401e-03 -1.675507e-03 9.999626e-01 -4.673759e+01
9.999976e-01 -6.734497e-04 -2.089604e-03 3.268079e+01 6.715337e-04 9.999994e-01 -9.175367e-04 9.023472e-01 2.090221e-03 9.161320e-04 9.999974e-01 -5.240722e+01
9.999764e-01 3.101095e-04 -6.868161e-03 3.483031e+01 -2.992123e-04 9.999987e-01 1.587609e-03 1.004599e+00 6.868644e-03 -1.585517e-03 9.999752e-01 -5.723918e+01
9.999950e-01 -6.913321e-04 -3.101051e-03 3.714133e+01 6.893783e-04 9.999996e-01 -6.310935e-04 1.118891e+00 3.101487e-03 6.289533e-04 9.999950e-01 -6.257705e+01
9.999769e-01 3.331282e-04 -6.789442e-03 3.983850e+01 -3.240860e-04 9.999991e-01 1.332884e-03 1.238893e+00 6.789879e-03 -1.330654e-03 9.999761e-01 -6.798077e+01
9.999950e-01 -6.956650e-04 -3.082900e-03 4.212525e+01 6.939665e-04 9.999996e-01 -5.519889e-04 1.352509e+00 3.083283e-03 5.498474e-04 9.999951e-01 -7.332753e+01
9.999737e-01 2.240079e-04 -7.248828e-03 4.469127e+01 -2.137280e-04 9.999990e-01 1.418912e-03 1.481383e+00 7.249138e-03 -1.417326e-03 9.999727e-01 -7.925886e+01
9.999953e-01 -5.460385e-04 -3.001697e-03 4.684347e+01 5.446483e-04 9.999997e-01 -4.639869e-04 1.592850e+00 3.001950e-03 4.623506e-04 9.999954e-01 -8.450077e+01
9.999691e-01 2.779375e-04 -7.855148e-03 4.876527e+01 -2.654209e-04 9.999987e-01 1.594438e-03 1.705849e+00 7.855581e-03 -1.592305e-03 9.999679e-01 -8.993748e+01
9.999965e-01 -5.626217e-04 -2.580970e-03 5.089902e+01 5.614763e-04 9.999997e-01 -4.445099e-04 1.816210e+00 2.581220e-03 4.430599e-04 9.999966e-01 -9.504095e+01
9.999664e-01 7.624355e-04 -8.162502e-03 5.167884e+01 -7.440438e-04 9.999972e-01 2.256015e-03 1.902924e+00 8.164199e-03 -2.249867e-03 9.999641e-01 -9.831939e+01
9.999960e-01 -9.161991e-04 -2.679412e-03 5.355544e+01 9.133076e-04 9.999990e-01 -1.080230e-03 1.996202e+00 2.680399e-03 1.077780e-03 9.999958e-01 -1.023806e+02
9.999660e-01 5.125715e-04 -8.229486e-03 5.717454e+01 -4.966264e-04 9.999980e-01 1.939507e-03 2.124958e+00 8.230463e-03 -1.935355e-03 9.999643e-01 -1.073510e+02
9.999985e-01 -7.646368e-04 -1.562931e-03 5.988481e+01 7.629024e-04 9.999991e-01 -1.110117e-03 2.227519e+00 1.563779e-03 1.108924e-03 9.999982e-01 -1.117577e+02
9.999674e-01 4.578203e-04 -8.058661e-03 6.218518e+01 -4.407941e-04 9.999977e-01 2.114444e-03 2.320245e+00 8.059610e-03 -2.110823e-03 9.999653e-01 -1.158595e+02
9.999998e-01 -2.577947e-04 -5.041597e-04 6.534049e+01 2.576111e-04 9.999999e-01 -3.644008e-04 2.375328e+00 5.042539e-04 3.642716e-04 9.999998e-01 -1.178055e+02
9.999344e-01 3.373210e-04 -1.144711e-02 6.722901e+01 -3.153989e-04 9.999981e-01 1.916838e-03 2.464642e+00 1.144773e-02 -1.913102e-03 9.999326e-01 -1.215118e+02
9.999999e-01 -1.719956e-04 4.150058e-04 6.965261e+01 1.718992e-04 1.000000e+00 2.327159e-04 2.543061e+00 -4.150454e-04 -2.326438e-04 9.999999e-01 -1.237889e+02
9.999717e-01 5.797294e-04 -7.495855e-03 7.107964e+01 -5.681633e-04 9.999986e-01 1.545054e-03 2.553383e+00 7.496740e-03 -1.540752e-03 9.999707e-01 -1.240351e+02
9.999983e-01 -2.982725e-04 1.805187e-03 7.284776e+01 2.985591e-04 9.999999e-01 -1.583833e-04 2.529517e+00 -1.805139e-03 1.589227e-04 9.999984e-01 -1.234359e+02
9.999058e-01 7.416009e-04 -1.370516e-02 7.171978e+01 -6.993831e-04 9.999950e-01 3.084979e-03 2.612841e+00 1.370738e-02 -3.075104e-03 9.999013e-01 -1.249251e+02
9.999974e-01 -1.536403e-04 2.272110e-03 6.952121e+01 1.530905e-04 1.000000e+00 2.421920e-04 2.695871e+00 -2.272147e-03 -2.418429e-04 9.999974e-01 -1.253445e+02
9.999733e-01 3.540293e-04 -7.305296e-03 6.966629e+01 -3.476083e-04 9.999996e-01 8.802268e-04 2.679341e+00 7.305604e-03 -8.776646e-04 9.999729e-01 -1.250702e+02
9.999999e-01 -2.426670e-04 2.914470e-04 6.979294e+01 2.426216e-04 1.000000e+00 1.564269e-04 2.697003e+00 -2.914846e-04 -1.563554e-04 9.999999e-01 -1.264800e+02
9.999843e-01 3.890048e-04 -5.592204e-03 7.060352e+01 -3.849658e-04 9.999997e-01 7.233441e-04 2.681780e+00 5.592483e-03 -7.211806e-04 9.999841e-01 -1.269095e+02
9.999988e-01 -2.258637e-05 1.552371e-03 7.155306e+01 2.188538e-05 9.999999e-01 4.516737e-04 2.628579e+00 -1.552381e-03 -4.516385e-04 9.999987e-01 -1.259331e+02
9.999828e-01 8.569758e-05 -5.868793e-03 7.194426e+01 -8.517717e-05 1.000000e+00 8.895062e-05 2.620069e+00 5.868800e-03 -8.844990e-05 9.999828e-01 -1.261979e+02
9.999984e-01 4.086784e-05 1.802807e-03 7.208059e+01 -4.150921e-05 9.999999e-01 3.558084e-04 2.602656e+00 -1.802792e-03 -3.558820e-04 9.999983e-01 -1.261996e+02
9.999844e-01 3.785008e-05 -5.587941e-03 7.192321e+01 -3.626604e-05 1.000000e+00 2.836049e-04 2.597479e+00 5.587951e-03 -2.833985e-04 9.999843e-01 -1.258299e+02
9.999960e-01 8.607757e-05 2.843745e-03 7.203910e+01 -8.753031e-05 9.999999e-01 5.107906e-04 2.568741e+00 -2.843701e-03 -5.110368e-04 9.999958e-01 -1.249656e+02
9.999833e-01 3.261231e-05 -5.779964e-03 7.227968e+01 -3.064711e-05 9.999999e-01 3.401182e-04 2.529624e+00 5.779974e-03 -3.399360e-04 9.999832e-01 -1.240602e+02
9.999978e-01 4.733330e-05 2.118067e-03 7.214598e+01 -4.798945e-05 1.000000e+00 3.098112e-04 2.522653e+00 -2.118051e-03 -3.099114e-04 9.999977e-01 -1.236508e+02
9.999782e-01 1.298715e-04 -6.594996e-03 7.202922e+01 -1.263018e-04 9.999998e-01 5.417101e-04 2.518464e+00 6.595065e-03 -5.408660e-04 9.999781e-01 -1.234760e+02
9.999991e-01 2.109060e-05 1.324041e-03 7.191173e+01 -2.152233e-05 9.999999e-01 3.261830e-04 2.524377e+00 -1.324034e-03 -3.262105e-04 9.999991e-01 -1.237361e+02
9.999740e-01 2.157079e-04 -7.208377e-03 7.152437e+01 -2.101150e-04 9.999997e-01 7.766587e-04 2.543396e+00 7.208542e-03 -7.751246e-04 9.999737e-01 -1.244487e+02
9.999991e-01 2.187334e-05 1.323786e-03 7.084074e+01 -2.239977e-05 9.999999e-01 3.977822e-04 2.560327e+00 -1.323777e-03 -3.978108e-04 9.999990e-01 -1.245945e+02
9.999783e-01 1.093969e-04 -6.590083e-03 7.063448e+01 -1.063301e-04 9.999999e-01 4.657373e-04 2.569000e+00 6.590133e-03 -4.650271e-04 9.999782e-01 -1.249649e+02
9.999976e-01 1.584618e-06 2.201600e-03 7.084255e+01 -1.914166e-06 1.000000e+00 1.497610e-04 2.565340e+00 -2.201599e-03 -1.497642e-04 9.999976e-01 -1.252340e+02
9.999822e-01 8.927414e-05 -5.967185e-03 7.119034e+01 -8.613185e-05 9.999999e-01 5.268788e-04 2.553255e+00 5.967231e-03 -5.263561e-04 9.999821e-01 -1.250371e+02
9.999988e-01 1.074216e-04 1.519225e-03 7.184302e+01 -1.078798e-04 9.999999e-01 3.016589e-04 2.528565e+00 -1.519192e-03 -3.018217e-04 9.999988e-01 -1.247273e+02
9.999842e-01 -4.605040e-05 -5.627866e-03 7.243951e+01 4.895803e-05 9.999999e-01 5.165424e-04 2.503963e+00 5.627841e-03 -5.168104e-04 9.999840e-01 -1.245288e+02
9.999997e-01 1.540586e-04 7.379838e-04 7.235020e+01 -1.541880e-04 1.000000e+00 1.754709e-04 2.505062e+00 -7.379564e-04 -1.755839e-04 9.999997e-01 -1.249024e+02
9.999852e-01 -1.051098e-04 -5.434679e-03 7.274285e+01 1.068943e-04 9.999999e-01 3.280979e-04 2.511962e+00 5.434644e-03 -3.286747e-04 9.999852e-01 -1.257655e+02
9.999993e-01 1.454939e-04 1.171653e-03 7.331299e+01 -1.456369e-04 1.000000e+00 1.221426e-04 2.515886e+00 -1.171635e-03 -1.223125e-04 9.999993e-01 -1.264689e+02
9.999843e-01 -1.423482e-04 -5.599187e-03 7.400975e+01 1.444099e-04 9.999999e-01 3.678424e-04 2.519965e+00 5.599134e-03 -3.686459e-04 9.999843e-01 -1.271100e+02
9.999996e-01 2.773146e-04 8.104421e-04 7.412327e+01 -2.774633e-04 9.999999e-01 1.835540e-04 2.525869e+00 -8.103909e-04 -1.837781e-04 9.999997e-01 -1.281806e+02
9.999921e-01 -2.690528e-04 -3.953356e-03 7.454001e+01 2.701015e-04 9.999999e-01 2.647941e-04 2.508200e+00 3.953284e-03 -2.658605e-04 9.999922e-01 -1.280161e+02
9.999998e-01 3.104484e-04 -4.560250e-04 7.475646e+01 -3.103605e-04 9.999999e-01 1.925318e-04 2.510690e+00 4.560851e-04 -1.923895e-04 9.999999e-01 -1.287981e+02
9.999914e-01 -2.156130e-04 -4.139064e-03 7.491473e+01 2.169650e-04 9.999999e-01 3.262471e-04 2.515349e+00 4.138993e-03 -3.271431e-04 9.999914e-01 -1.297444e+02
9.999998e-01 3.696968e-04 -5.589663e-04 7.496955e+01 -3.695909e-04 9.999999e-01 1.891705e-04 2.514214e+00 5.590365e-04 -1.889632e-04 9.999998e-01 -1.304698e+02
9.999919e-01 -3.240819e-04 -4.006064e-03 7.513229e+01 3.253440e-04 9.999999e-01 3.144549e-04 2.518498e+00 4.005961e-03 -3.157564e-04 9.999919e-01 -1.313957e+02
9.999993e-01 4.861569e-04 -1.101712e-03 7.518373e+01 -4.857959e-04 9.999998e-01 3.277634e-04 2.525451e+00 1.101872e-03 -3.272272e-04 9.999993e-01 -1.325873e+02
9.999921e-01 -4.106710e-04 -3.946315e-03 7.532157e+01 4.115185e-04 9.999999e-01 2.139908e-04 2.534885e+00 3.946227e-03 -2.156137e-04 9.999922e-01 -1.338638e+02
9.999996e-01 4.728109e-04 -7.016797e-04 7.555735e+01 -4.726065e-04 9.999998e-01 2.911008e-04 2.541314e+00 7.018175e-04 -2.907683e-04 9.999997e-01 -1.348390e+02
9.999923e-01 -3.839157e-04 -3.905545e-03 7.577675e+01 3.848686e-04 9.999999e-01 2.432932e-04 2.541441e+00 3.905451e-03 -2.447951e-04 9.999923e-01 -1.354639e+02
9.999982e-01 5.841290e-04 -1.780640e-03 7.538502e+01 -5.829326e-04 9.999996e-01 6.722244e-04 2.548766e+00 1.781032e-03 -6.711845e-04 9.999982e-01 -1.358593e+02
9.999920e-01 -3.569849e-04 -3.980412e-03 7.487269e+01 3.585342e-04 9.999999e-01 3.885659e-04 2.558544e+00 3.980272e-03 -3.899906e-04 9.999920e-01 -1.361658e+02
9.999991e-01 5.277862e-04 -1.242541e-03 7.441889e+01 -5.271393e-04 9.999997e-01 5.207282e-04 2.569063e+00 1.242816e-03 -5.200721e-04 9.999991e-01 -1.361961e+02
9.999888e-01 -2.680301e-04 -4.720520e-03 7.373571e+01 2.711514e-04 9.999997e-01 6.606410e-04 2.586330e+00 4.720341e-03 -6.619143e-04 9.999886e-01 -1.363717e+02
9.999997e-01 3.607911e-04 7.540705e-04 7.368360e+01 -3.608241e-04 9.999999e-01 4.383112e-05 2.581639e+00 -7.540543e-04 -4.410251e-05 9.999997e-01 -1.360462e+02
9.999888e-01 -3.620288e-04 -4.715527e-03 7.403478e+01 3.644607e-04 9.999998e-01 5.149032e-04 2.564731e+00 4.715339e-03 -5.166167e-04 9.999887e-01 -1.358997e+02
9.999996e-01 5.621298e-04 -6.512545e-04 7.364935e+01 -5.618807e-04 9.999998e-01 3.822421e-04 2.571124e+00 6.514695e-04 -3.818753e-04 9.999997e-01 -1.360835e+02
9.999925e-01 -4.659045e-04 -3.852819e-03 7.323797e+01 4.674287e-04 9.999998e-01 3.947782e-04 2.588816e+00 3.852634e-03 -3.965769e-04 9.999925e-01 -1.358260e+02
9.999997e-01 4.980944e-04 -6.042366e-04 7.339416e+01 -4.979605e-04 9.999999e-01 2.214688e-04 2.590594e+00 6.043472e-04 -2.211672e-04 9.999998e-01 -1.358534e+02
9.999925e-01 -4.860294e-04 -3.853394e-03 7.357131e+01 4.872310e-04 9.999998e-01 3.109673e-04 2.594633e+00 3.853242e-03 -3.128431e-04 9.999925e-01 -1.359703e+02
9.999995e-01 5.701899e-04 -7.978341e-04 7.376949e+01 -5.699565e-04 9.999998e-01 2.924594e-04 2.599243e+00 7.980010e-04 -2.920038e-04 9.999996e-01 -1.359986e+02
9.999960e-01 -4.433582e-04 -2.778825e-03 7.392857e+01 4.440954e-04 9.999999e-01 2.647681e-04 2.582367e+00 2.778707e-03 -2.660018e-04 9.999961e-01 -1.356027e+02
9.999995e-01 5.411122e-04 -8.386915e-04 7.401826e+01 -5.408678e-04 9.999998e-01 2.913386e-04 2.566326e+00 8.388493e-04 -2.908842e-04 9.999996e-01 -1.352174e+02
9.999924e-01 -3.980700e-04 -3.875152e-03 7.390160e+01 3.996177e-04 9.999998e-01 3.986836e-04 2.571422e+00 3.874992e-03 -4.002298e-04 9.999924e-01 -1.352350e+02
9.999997e-01 5.523786e-04 -6.114445e-04 7.394192e+01 -5.521446e-04 9.999998e-01 3.825009e-04 2.571254e+00 6.116560e-04 -3.821625e-04 9.999997e-01 -1.350891e+02
9.999934e-01 -5.717357e-04 -3.583036e-03 7.450690e+01 5.721454e-04 9.999998e-01 1.133675e-04 2.565139e+00 3.582970e-03 -1.154174e-04 9.999936e-01 -1.353077e+02
9.999993e-01 5.526150e-04 -1.066078e-03 7.463583e+01 -5.521602e-04 9.999998e-01 4.266314e-04 2.578290e+00 1.066314e-03 -4.260417e-04 9.999993e-01 -1.354266e+02
9.999914e-01 -4.639400e-04 -4.127010e-03 7.542302e+01 4.650579e-04 9.999999e-01 2.699808e-04 2.570134e+00 4.126884e-03 -2.718984e-04 9.999914e-01 -1.354582e+02
9.999996e-01 6.875198e-04 -5.343529e-04 7.634162e+01 -6.871850e-04 9.999996e-01 6.261047e-04 2.544334e+00 5.347834e-04 -6.257366e-04 9.999997e-01 -1.352324e+02
9.999935e-01 -6.044589e-04 -3.541693e-03 7.680485e+01 6.051563e-04 9.999998e-01 1.958963e-04 2.519281e+00 3.541574e-03 -1.980390e-04 9.999937e-01 -1.348810e+02
9.999995e-01 5.963805e-04 -8.253242e-04 7.720997e+01 -5.962253e-04 9.999998e-01 1.880629e-04 2.520348e+00 8.254365e-04 -1.875700e-04 9.999996e-01 -1.350478e+02
9.999924e-01 -4.232252e-04 -3.872116e-03 7.762368e+01 4.243428e-04 9.999999e-01 2.878648e-04 2.513676e+00 3.871994e-03 -2.895064e-04 9.999925e-01 -1.350524e+02
9.999994e-01 5.248568e-04 -9.975822e-04 7.841415e+01 -5.245469e-04 9.999998e-01 3.107456e-04 2.505373e+00 9.977454e-04 -3.102215e-04 9.999995e-01 -1.351803e+02
9.999940e-01 -4.698680e-04 -3.432266e-03 7.867562e+01 4.707331e-04 9.999999e-01 2.513254e-04 2.509512e+00 3.432147e-03 -2.529403e-04 9.999941e-01 -1.350735e+02
9.999989e-01 5.473765e-04 -1.350510e-03 7.885851e+01 -5.468706e-04 9.999998e-01 3.747147e-04 2.521055e+00 1.350715e-03 -3.739750e-04 9.999990e-01 -1.349856e+02
9.999949e-01 -5.281375e-04 -3.151104e-03 7.872352e+01 5.289918e-04 9.999998e-01 2.703512e-04 2.541431e+00 3.150961e-03 -2.720174e-04 9.999950e-01 -1.347888e+02
9.999986e-01 6.086214e-04 -1.569993e-03 7.849978e+01 -6.078512e-04 9.999997e-01 4.908604e-04 2.556303e+00 1.570291e-03 -4.899047e-04 9.999986e-01 -1.345701e+02
9.999954e-01 -5.362012e-04 -2.975390e-03 7.913375e+01 5.364558e-04 9.999999e-01 8.486166e-05 2.545829e+00 2.975344e-03 -8.645811e-05 9.999956e-01 -1.345858e+02
9.999986e-01 5.614003e-04 -1.568030e-03 7.987489e+01 -5.607672e-04 9.999998e-01 4.040053e-04 2.540967e+00 1.568257e-03 -4.031247e-04 9.999987e-01 -1.348052e+02
9.999966e-01 -4.943647e-04 -2.578797e-03 8.024536e+01 4.948661e-04 9.999999e-01 1.939065e-04 2.541905e+00 2.578701e-03 -1.951826e-04 9.999967e-01 -1.347692e+02
9.999991e-01 5.511999e-04 -1.244368e-03 8.027089e+01 -5.505388e-04 9.999997e-01 5.313661e-04 2.547219e+00 1.244661e-03 -5.306799e-04 9.999991e-01 -1.342310e+02
9.999947e-01 -4.273952e-04 -3.238578e-03 8.092431e+01 4.275596e-04 9.999999e-01 5.014275e-05 2.533276e+00 3.238556e-03 -5.152783e-05 9.999948e-01 -1.341357e+02
9.999987e-01 4.869086e-04 -1.557016e-03 8.178128e+01 -4.859614e-04 9.999997e-01 6.085120e-04 2.522848e+00 1.557312e-03 -6.077538e-04 9.999986e-01 -1.342517e+02
9.999961e-01 -4.204894e-04 -2.750744e-03 8.242409e+01 4.202339e-04 9.999999e-01 -9.339563e-05 2.522166e+00 2.750783e-03 9.223865e-05 9.999962e-01 -1.343497e+02
9.999982e-01 4.294553e-04 -1.830878e-03 8.311268e+01 -4.284890e-04 9.999998e-01 5.279853e-04 2.524113e+00 1.831104e-03 -5.271992e-04 9.999982e-01 -1.347840e+02
9.999952e-01 -3.856644e-04 -3.075671e-03 8.363279e+01 3.855895e-04 9.999999e-01 -2.486361e-05 2.526828e+00 3.075680e-03 2.367687e-05 9.999953e-01 -1.353342e+02
9.999988e-01 4.166517e-04 -1.483909e-03 8.443920e+01 -4.158465e-04 9.999998e-01 5.426635e-04 2.523588e+00 1.484135e-03 -5.420451e-04 9.999988e-01 -1.356454e+02
9.999955e-01 -3.516119e-04 -2.978015e-03 8.511252e+01 3.517851e-04 9.999999e-01 5.769323e-05 2.514416e+00 2.977994e-03 -5.874125e-05 9.999956e-01 -1.357671e+02
9.999989e-01 4.128848e-04 -1.399865e-03 8.558146e+01 -4.122975e-04 9.999998e-01 4.196283e-04 2.506590e+00 1.400039e-03 -4.190501e-04 9.999989e-01 -1.358940e+02
9.999947e-01 -3.519981e-04 -3.225564e-03 8.638805e+01 3.525656e-04 9.999999e-01 1.754588e-04 2.498031e+00 3.225502e-03 -1.765957e-04 9.999948e-01 -1.360728e+02
9.999989e-01 3.952798e-04 -1.408708e-03 8.727267e+01 -3.946692e-04 9.999998e-01 4.335083e-04 2.493945e+00 1.408879e-03 -4.329512e-04 9.999989e-01 -1.363942e+02
9.999949e-01 -3.633350e-04 -3.158458e-03 8.812878e+01 3.637198e-04 9.999999e-01 1.213238e-04 2.490811e+00 3.158414e-03 -1.224727e-04 9.999950e-01 -1.367338e+02
9.999993e-01 4.362394e-04 -1.103774e-03 8.851879e+01 -4.356504e-04 9.999998e-01 5.336260e-04 2.490458e+00 1.104007e-03 -5.331441e-04 9.999992e-01 -1.369707e+02
9.999936e-01 -4.461408e-04 -3.537050e-03 8.841392e+01 4.472641e-04 9.999998e-01 3.168762e-04 2.507773e+00 3.536908e-03 -3.184569e-04 9.999937e-01 -1.373156e+02
9.999991e-01 4.954943e-04 -1.256951e-03 8.801965e+01 -4.948194e-04 9.999997e-01 5.369691e-04 2.520251e+00 1.257217e-03 -5.363460e-04 9.999991e-01 -1.372779e+02
9.999952e-01 -3.913210e-04 -3.064286e-03 8.770383e+01 3.919717e-04 9.999999e-01 2.118294e-04 2.529523e+00 3.064202e-03 -2.130302e-04 9.999953e-01 -1.370477e+02
9.999999e-01 4.505188e-04 -2.073962e-04 8.762106e+01 -4.504488e-04 9.999998e-01 3.361113e-04 2.523239e+00 2.075479e-04 -3.360172e-04 9.999999e-01 -1.365556e+02
9.999933e-01 -4.174574e-04 -3.635241e-03 8.734422e+01 4.188141e-04 9.999998e-01 3.725215e-04 2.532296e+00 3.635084e-03 -3.740422e-04 9.999933e-01 -1.361436e+02
9.999999e-01 4.322105e-04 -9.941235e-05 8.709024e+01 -4.321776e-04 9.999999e-01 3.281233e-04 2.538411e+00 9.955443e-05 -3.280796e-04 9.999999e-01 -1.357085e+02
9.999910e-01 -3.731120e-04 -4.215731e-03 8.671092e+01 3.752021e-04 9.999998e-01 4.950686e-04 2.550131e+00 4.215545e-03 -4.966466e-04 9.999910e-01 -1.354222e+02
9.999996e-01 5.493027e-04 -6.315573e-04 8.616536e+01 -5.489723e-04 9.999997e-01 5.228511e-04 2.568791e+00 6.318446e-04 -5.225035e-04 9.999997e-01 -1.351807e+02
9.999916e-01 -4.253487e-04 -4.078306e-03 8.585159e+01 4.268140e-04 9.999998e-01 3.584991e-04 2.585475e+00 4.078153e-03 -3.602375e-04 9.999916e-01 -1.353146e+02
9.999999e-01 4.327217e-04 -2.501526e-05 8.576642e+01 -4.327148e-04 9.999999e-01 2.676984e-04 2.592213e+00 2.513136e-05 -2.676869e-04 1.000000e+00 -1.353906e+02
9.999887e-01 -2.990389e-04 -4.739864e-03 8.529809e+01 3.017658e-04 9.999998e-01 5.746723e-04 2.607185e+00 4.739691e-03 -5.760968e-04 9.999886e-01 -1.352037e+02
9.999998e-01 4.381433e-04 -4.871704e-04 8.459933e+01 -4.378638e-04 9.999997e-01 5.730927e-04 2.633651e+00 4.874216e-04 -5.728786e-04 9.999997e-01 -1.350436e+02
9.999904e-01 -3.013373e-04 -4.377992e-03 8.432858e+01 3.021735e-04 9.999999e-01 1.904010e-04 2.637891e+00 4.377934e-03 -1.917228e-04 9.999904e-01 -1.351790e+02
9.999999e-01 3.401586e-04 1.780202e-04 8.471647e+01 -3.402068e-04 9.999999e-01 2.720746e-04 2.635809e+00 -1.779274e-04 -2.721345e-04 9.999999e-01 -1.355568e+02
9.999872e-01 -2.499644e-04 -5.057526e-03 8.440049e+01 2.527640e-04 9.999998e-01 5.529790e-04 2.649351e+00 5.057387e-03 -5.542509e-04 9.999871e-01 -1.356637e+02
9.999999e-01 3.735423e-04 1.101232e-04 8.403657e+01 -3.735825e-04 9.999999e-01 3.678862e-04 2.666067e+00 -1.099855e-04 -3.679267e-04 9.999999e-01 -1.357741e+02
9.999883e-01 -3.066766e-04 -4.832879e-03 8.436512e+01 3.071366e-04 9.999999e-01 9.449667e-05 2.670405e+00 4.832849e-03 -9.598057e-05 9.999883e-01 -1.361521e+02
9.999999e-01 3.301402e-04 2.627329e-04 8.513707e+01 -3.302110e-04 9.999999e-01 2.705109e-04 2.676270e+00 -2.626433e-04 -2.705970e-04 9.999999e-01 -1.366950e+02
9.999878e-01 -2.499301e-04 -4.931186e-03 8.566506e+01 2.510787e-04 9.999999e-01 2.323588e-04 2.683729e+00 4.931128e-03 -2.335948e-04 9.999878e-01 -1.374454e+02
9.999999e-01 3.787142e-04 -3.036237e-04 8.553839e+01 -3.785671e-04 9.999998e-01 4.834941e-04 2.691637e+00 3.038070e-04 -4.833784e-04 9.999998e-01 -1.380812e+02
9.999877e-01 -2.527757e-04 -4.958067e-03 8.565676e+01 2.534596e-04 1.000000e+00 1.373566e-04 2.695457e+00 4.958032e-03 -1.386122e-04 9.999877e-01 -1.387832e+02
9.999998e-01 2.338956e-04 6.531771e-04 8.635943e+01 -2.340600e-04 9.999999e-01 2.520599e-04 2.696866e+00 -6.531179e-04 -2.522120e-04 9.999998e-01 -1.392804e+02
9.999876e-01 -2.212170e-04 -4.970863e-03 8.684750e+01 2.216063e-04 1.000000e+00 7.782013e-05 2.698516e+00 4.970846e-03 -7.892140e-05 9.999876e-01 -1.397310e+02
9.999999e-01 2.597820e-04 4.762639e-04 8.750926e+01 -2.599747e-04 9.999999e-01 4.052295e-04 2.707254e+00 -4.761584e-04 -4.053526e-04 9.999998e-01 -1.405058e+02
9.999807e-01 -3.730140e-04 -6.202816e-03 8.824482e+01 3.731146e-04 9.999999e-01 1.510650e-05 2.728060e+00 6.202809e-03 -1.742122e-05 9.999808e-01 -1.419106e+02
9.999980e-01 7.692189e-05 1.987344e-03 8.905444e+01 -7.730331e-05 1.000000e+00 1.919938e-04 2.753812e+00 -1.987329e-03 -1.921464e-04 9.999980e-01 -1.434939e+02
9.999778e-01 -3.765129e-05 -6.658253e-03 8.950375e+01 3.955991e-05 1.000000e+00 2.865673e-04 2.759019e+00 6.658242e-03 -2.868250e-04 9.999778e-01 -1.442168e+02
9.999986e-01 1.771523e-04 1.634418e-03 8.947296e+01 -1.777788e-04 9.999999e-01 3.833259e-04 2.759656e+00 -1.634349e-03 -3.836153e-04 9.999986e-01 -1.448866e+02
9.999776e-01 -1.155216e-05 -6.700416e-03 8.919078e+01 1.438318e-05 9.999999e-01 4.225105e-04 2.765701e+00 6.700411e-03 -4.225981e-04 9.999775e-01 -1.450685e+02
9.999970e-01 1.225016e-04 2.463118e-03 8.904299e+01 -1.231653e-04 1.000000e+00 2.694601e-04 2.769100e+00 -2.463085e-03 -2.697620e-04 9.999969e-01 -1.449056e+02
9.999776e-01 -8.661467e-05 -6.698904e-03 8.932657e+01 8.844615e-05 1.000000e+00 2.731485e-04 2.766489e+00 6.698880e-03 -2.737355e-04 9.999775e-01 -1.450919e+02
9.999976e-01 1.893672e-04 2.194315e-03 8.972670e+01 -1.898591e-04 1.000000e+00 2.241011e-04 2.764211e+00 -2.194272e-03 -2.245166e-04 9.999976e-01 -1.455215e+02
9.999822e-01 -9.524077e-05 -5.966903e-03 8.973170e+01 9.828217e-05 9.999999e-01 5.094719e-04 2.755223e+00 5.966853e-03 -5.100499e-04 9.999821e-01 -1.449426e+02
9.999980e-01 2.179977e-04 1.964032e-03 8.940194e+01 -2.189360e-04 9.999999e-01 4.777122e-04 2.773771e+00 -1.963928e-03 -4.781406e-04 9.999980e-01 -1.441454e+02
9.999836e-01 -5.274791e-05 -5.726924e-03 8.961545e+01 5.690477e-05 9.999997e-01 7.257372e-04 2.761395e+00 5.726884e-03 -7.260518e-04 9.999833e-01 -1.433143e+02
9.999981e-01 5.040388e-05 1.963683e-03 8.866977e+01 -5.206136e-05 9.999996e-01 8.441803e-04 2.821797e+00 -1.963640e-03 -8.442803e-04 9.999977e-01 -1.411811e+02
9.999802e-01 4.946318e-05 -6.287422e-03 8.727192e+01 -4.033785e-05 9.999989e-01 1.451530e-03 2.924604e+00 6.287487e-03 -1.451249e-03 9.999792e-01 -1.386961e+02
9.999983e-01 2.443115e-04 1.811926e-03 8.773747e+01 -2.445652e-04 1.000000e+00 1.399776e-04 2.918592e+00 -1.811892e-03 -1.404198e-04 9.999983e-01 -1.372617e+02
9.999840e-01 -1.029459e-04 -5.664021e-03 8.739853e+01 1.105937e-04 9.999991e-01 1.350002e-03 2.943620e+00 5.663877e-03 -1.350608e-03 9.999830e-01 -1.355582e+02
9.999995e-01 1.972737e-04 9.370568e-04 8.609548e+01 -1.975354e-04 9.999999e-01 2.795262e-04 3.035660e+00 -9.370013e-04 -2.797105e-04 9.999995e-01 -1.337467e+02
9.999873e-01 -7.450350e-05 -5.041641e-03 8.518205e+01 8.060234e-05 9.999993e-01 1.209562e-03 3.096566e+00 5.041547e-03 -1.209954e-03 9.999866e-01 -1.320711e+02
9.999994e-01 2.709627e-04 1.028157e-03 8.449343e+01 -2.712318e-04 9.999999e-01 2.618558e-04 3.137037e+00 -1.028086e-03 -2.621338e-04 9.999994e-01 -1.302369e+02
9.999858e-01 -2.644944e-04 -5.315816e-03 8.291932e+01 2.728375e-04 9.999987e-01 1.568896e-03 3.248513e+00 5.315394e-03 -1.570325e-03 9.999846e-01 -1.281912e+02
9.999992e-01 5.581501e-04 1.145363e-03 8.265170e+01 -5.584498e-04 9.999998e-01 2.616545e-04 3.271506e+00 -1.145217e-03 -2.622932e-04 9.999993e-01 -1.266756e+02
9.999856e-01 -2.815423e-04 -5.353718e-03 8.351668e+01 2.880414e-04 9.999992e-01 1.213275e-03 3.235788e+00 5.353372e-03 -1.214801e-03 9.999849e-01 -1.258466e+02
9.999987e-01 3.418650e-04 1.598687e-03 8.353633e+01 -3.416503e-04 9.999999e-01 -1.344028e-04 3.235994e+00 -1.598732e-03 1.338571e-04 9.999987e-01 -1.247674e+02
9.999851e-01 -1.664261e-04 -5.459567e-03 8.305314e+01 1.754387e-04 9.999986e-01 1.650420e-03 3.269397e+00 5.459285e-03 -1.651354e-03 9.999837e-01 -1.231142e+02
9.999998e-01 4.245289e-04 4.876537e-04 8.415381e+01 -4.245946e-04 9.999999e-01 1.352855e-04 3.231396e+00 -4.875960e-04 -1.354919e-04 9.999999e-01 -1.221946e+02
9.999776e-01 -5.847651e-05 -6.698026e-03 8.652381e+01 7.268137e-05 9.999977e-01 2.120577e-03 3.168764e+00 6.697887e-03 -2.121017e-03 9.999753e-01 -1.214533e+02
9.999946e-01 3.074050e-04 3.265372e-03 8.642172e+01 -3.055349e-04 9.999998e-01 -5.730974e-04 3.168089e+00 -3.265548e-03 5.720972e-04 9.999945e-01 -1.194837e+02
9.999738e-01 -7.595695e-05 -7.231984e-03 8.545366e+01 9.289439e-05 9.999973e-01 2.341756e-03 3.237408e+00 7.231786e-03 -2.342367e-03 9.999711e-01 -1.177017e+02
9.999924e-01 2.974406e-04 3.896342e-03 8.524862e+01 -2.951682e-04 9.999998e-01 -5.837030e-04 3.251981e+00 -3.896514e-03 5.825491e-04 9.999922e-01 -1.160145e+02
9.999698e-01 -1.352947e-04 -7.772722e-03 8.468406e+01 1.516492e-04 9.999978e-01 2.103581e-03 3.287944e+00 7.772419e-03 -2.104697e-03 9.999676e-01 -1.142375e+02
9.999911e-01 3.098329e-04 4.198068e-03 8.450897e+01 -3.078225e-04 9.999998e-01 -4.794354e-04 3.301021e+00 -4.198216e-03 4.781395e-04 9.999911e-01 -1.128089e+02
9.999691e-01 -2.847961e-04 -7.852752e-03 8.360780e+01 3.022628e-04 9.999975e-01 2.223226e-03 3.362237e+00 7.852099e-03 -2.225532e-03 9.999667e-01 -1.105703e+02
9.999935e-01 5.479186e-04 3.558980e-03 8.273976e+01 -5.479154e-04 9.999998e-01 -1.777165e-06 3.430696e+00 -3.558980e-03 -1.722348e-07 9.999937e-01 -1.081176e+02
9.999642e-01 -4.117052e-04 -8.449294e-03 8.155195e+01 4.277718e-04 9.999981e-01 1.899850e-03 3.517979e+00 8.448495e-03 -1.903397e-03 9.999625e-01 -1.062981e+02
9.999958e-01 1.253638e-03 2.626917e-03 8.375383e+01 -1.257950e-03 9.999979e-01 1.640602e-03 3.445119e+00 -2.624854e-03 -1.643899e-03 9.999952e-01 -1.044049e+02
9.999641e-01 -1.995273e-04 -8.469968e-03 8.668950e+01 2.168123e-04 9.999979e-01 2.039905e-03 3.339589e+00 8.469543e-03 -2.041669e-03 9.999620e-01 -1.023074e+02
9.999895e-01 4.880285e-04 4.556532e-03 8.652423e+01 -4.876677e-04 9.999999e-01 -8.021695e-05 3.345948e+00 -4.556570e-03 7.799467e-05 9.999896e-01 -1.001681e+02
9.999478e-01 -2.412543e-04 -1.020990e-02 8.622497e+01 2.529056e-04 9.999993e-01 1.139930e-03 3.365976e+00 1.020962e-02 -1.142453e-03 9.999472e-01 -9.980755e+01
9.999812e-01 -1.555382e-04 6.123644e-03 8.717508e+01 1.610420e-04 9.999996e-01 -8.982370e-04 3.395490e+00 -6.123501e-03 8.992069e-04 9.999808e-01 -1.015148e+02
9.999226e-01 1.702548e-04 -1.243756e-02 8.902705e+01 -1.408054e-04 9.999972e-01 2.368641e-03 3.384446e+00 1.243793e-02 -2.366707e-03 9.999198e-01 -1.019093e+02
9.999857e-01 -1.144526e-04 5.347324e-03 9.191900e+01 1.147909e-04 1.000000e+00 -6.287961e-05 3.347935e+00 -5.347317e-03 6.349316e-05 9.999857e-01 -1.018771e+02
9.999264e-01 7.273689e-04 -1.211305e-02 9.457432e+01 -6.919799e-04 9.999955e-01 2.925525e-03 3.262373e+00 1.211513e-02 -2.916928e-03 9.999224e-01 -1.002745e+02
9.999830e-01 1.427499e-04 5.833166e-03 9.713687e+01 -1.484745e-04 9.999995e-01 9.810198e-04 3.180308e+00 -5.833023e-03 -9.818686e-04 9.999825e-01 -9.804993e+01
9.999167e-01 3.805786e-04 -1.290103e-02 1.003278e+02 -3.576391e-04 9.999984e-01 1.780400e-03 3.122673e+00 1.290169e-02 -1.775639e-03 9.999152e-01 -9.707449e+01
9.999786e-01 -2.904718e-04 6.539373e-03 1.010237e+02 2.968119e-04 9.999995e-01 -9.685268e-04 3.135115e+00 -6.539088e-03 9.704476e-04 9.999781e-01 -9.660377e+01
9.999186e-01 2.977371e-04 -1.275473e-02 9.848521e+01 -2.510814e-04 9.999933e-01 3.659384e-03 3.325652e+00 1.275573e-02 -3.655884e-03 9.999120e-01 -9.410175e+01
9.999857e-01 -3.436154e-04 5.337310e-03 9.542124e+01 3.436089e-04 9.999999e-01 2.199526e-06 3.551722e+00 -5.337310e-03 -3.649293e-07 9.999858e-01 -9.146632e+01
9.999430e-01 3.730394e-04 -1.067214e-02 9.385514e+01 -3.514984e-04 9.999979e-01 2.020273e-03 3.657807e+00 1.067287e-02 -2.016407e-03 9.999410e-01 -9.009462e+01
9.999886e-01 -3.237424e-04 4.762418e-03 9.215746e+01 3.233155e-04 9.999999e-01 9.047099e-05 3.767681e+00 -4.762447e-03 -8.892958e-05 9.999887e-01 -8.895125e+01
9.999548e-01 1.897841e-04 -9.503734e-03 9.038651e+01 -1.715560e-04 9.999981e-01 1.918806e-03 3.898190e+00 9.504080e-03 -1.917090e-03 9.999530e-01 -8.705168e+01
9.999937e-01 -2.370575e-04 3.553277e-03 8.759481e+01 2.322367e-04 9.999991e-01 1.357181e-03 4.107426e+00 -3.553596e-03 -1.356347e-03 9.999928e-01 -8.415369e+01
9.999484e-01 5.024233e-05 -1.015541e-02 8.373794e+01 -2.194165e-05 9.999961e-01 2.786888e-03 4.398040e+00 1.015551e-02 -2.786522e-03 9.999445e-01 -8.048517e+01
9.999925e-01 -2.164483e-04 3.877312e-03 8.111486e+01 2.146153e-04 9.999999e-01 4.732554e-04 4.599766e+00 -3.877414e-03 -4.724191e-04 9.999924e-01 -7.779807e+01
9.999565e-01 -1.084198e-05 -9.330880e-03 8.020524e+01 1.912199e-05 9.999996e-01 8.873263e-04 4.718497e+00 9.330867e-03 -8.874667e-04 9.999561e-01 -7.649248e+01
9.999938e-01 -3.923114e-04 3.502237e-03 7.878785e+01 3.894311e-04 9.999996e-01 8.231578e-04 4.886603e+00 -3.502558e-03 -8.217881e-04 9.999935e-01 -7.478277e+01
9.999596e-01 7.805610e-05 -8.983078e-03 7.656174e+01 -6.306244e-05 9.999986e-01 1.669412e-03 5.071580e+00 8.983196e-03 -1.668779e-03 9.999583e-01 -7.256082e+01
9.999944e-01 -7.768291e-05 3.341812e-03 7.453567e+01 7.501457e-05 9.999997e-01 7.986986e-04 5.221965e+00 -3.341873e-03 -7.984428e-04 9.999941e-01 -7.050385e+01
9.999659e-01 1.090915e-04 -8.257424e-03 7.307410e+01 -9.971439e-05 9.999993e-01 1.136043e-03 5.328004e+00 8.257543e-03 -1.135181e-03 9.999653e-01 -6.883242e+01
9.999908e-01 -5.243859e-05 4.282078e-03 7.255479e+01 5.280953e-05 1.000000e+00 -8.642602e-05 5.361849e+00 -4.282073e-03 8.665196e-05 9.999908e-01 -6.797896e+01
9.999652e-01 1.238931e-04 -8.339857e-03 7.273711e+01 -1.164853e-04 9.999996e-01 8.887635e-04 5.374945e+00 8.339964e-03 -8.877617e-04 9.999648e-01 -6.725229e+01
9.999928e-01 -1.991519e-04 3.786132e-03 7.264366e+01 1.994095e-04 1.000000e+00 -6.756713e-05 5.413761e+00 -3.786119e-03 6.832224e-05 9.999928e-01 -6.653723e+01
9.999661e-01 2.508406e-04 -8.231341e-03 7.211275e+01 -2.418774e-04 9.999994e-01 1.089934e-03 5.475767e+00 8.231609e-03 -1.087907e-03 9.999655e-01 -6.525099e+01
9.999912e-01 -1.844884e-04 4.187725e-03 7.153221e+01 1.841470e-04 1.000000e+00 8.199613e-05 5.513762e+00 -4.187739e-03 -8.122365e-05 9.999912e-01 -6.410001e+01
9.999672e-01 2.250065e-04 -8.090589e-03 7.092927e+01 -2.176900e-04 9.999996e-01 9.052373e-04 5.551226e+00 8.090789e-03 -9.034470e-04 9.999669e-01 -6.306742e+01
9.999926e-01 -2.216319e-04 3.843620e-03 7.022584e+01 2.195641e-04 9.999998e-01 5.385123e-04 5.596299e+00 -3.843739e-03 -5.376638e-04 9.999925e-01 -6.193345e+01
9.999057e-01 6.267736e-04 -1.372087e-02 6.705239e+01 -5.796108e-04 9.999939e-01 3.441038e-03 5.768540e+00 1.372294e-02 -3.432761e-03 9.998999e-01 -6.075106e+01
9.999797e-01 -5.455733e-04 6.353276e-03 6.505106e+01 5.469303e-04 9.999998e-01 -2.117936e-04 5.882657e+00 -6.353159e-03 2.152647e-04 9.999798e-01 -5.924040e+01
9.999178e-01 8.209123e-04 -1.279178e-02 6.695506e+01 -7.978626e-04 9.999980e-01 1.806944e-03 5.854318e+00 1.279324e-02 -1.796590e-03 9.999165e-01 -5.897924e+01
9.999714e-01 -7.157770e-04 7.526519e-03 6.863342e+01 7.214860e-04 9.999995e-01 -7.557814e-04 5.837230e+00 -7.525973e-03 7.611907e-04 9.999714e-01 -5.859655e+01
9.999206e-01 7.216773e-04 -1.257922e-02 7.002931e+01 -7.040021e-04 9.999988e-01 1.409512e-03 5.826390e+00 1.258022e-02 -1.400545e-03 9.999199e-01 -5.843933e+01
9.999681e-01 -6.464451e-04 7.961802e-03 7.122948e+01 6.551547e-04 9.999992e-01 -1.091313e-03 5.828145e+00 -7.961090e-03 1.096495e-03 9.999677e-01 -5.875530e+01
9.999290e-01 6.802822e-04 -1.189517e-02 7.173355e+01 -6.600915e-04 9.999983e-01 1.701263e-03 5.808811e+00 1.189631e-02 -1.693291e-03 9.999278e-01 -5.865534e+01
9.999685e-01 -5.900138e-04 7.921213e-03 7.208720e+01 5.979671e-04 9.999993e-01 -1.001668e-03 5.788718e+00 -7.920617e-03 1.006374e-03 9.999681e-01 -5.831960e+01
9.999307e-01 7.464512e-04 -1.175083e-02 7.253792e+01 -7.247761e-04 9.999980e-01 1.848744e-03 5.763646e+00 1.175219e-02 -1.840099e-03 9.999292e-01 -5.771658e+01
9.999729e-01 -5.787476e-04 7.335734e-03 7.343561e+01 5.852128e-04 9.999994e-01 -8.791536e-04 5.736255e+00 -7.335220e-03 8.834233e-04 9.999727e-01 -5.716148e+01
9.999317e-01 6.926819e-04 -1.166906e-02 7.232341e+01 -6.665383e-04 9.999973e-01 2.244191e-03 5.812522e+00 1.167058e-02 -2.236261e-03 9.999294e-01 -5.550552e+01
9.999753e-01 -5.947811e-04 7.004948e-03 7.118475e+01 5.966217e-04 9.999998e-01 -2.606115e-04 5.898577e+00 -7.004792e-03 2.647850e-04 9.999754e-01 -5.365192e+01
9.999210e-01 6.483828e-04 -1.255288e-02 7.248502e+01 -6.360079e-04 9.999993e-01 9.898198e-04 5.889865e+00 1.255351e-02 -9.817585e-04 9.999207e-01 -5.359853e+01
9.999717e-01 -6.671183e-04 7.491493e-03 7.364090e+01 6.716590e-04 9.999996e-01 -6.035557e-04 5.886880e+00 -7.491087e-03 6.085710e-04 9.999718e-01 -5.358057e+01
9.999182e-01 7.251214e-04 -1.277345e-02 7.449379e+01 -7.107227e-04 9.999991e-01 1.131776e-03 5.884356e+00 1.277426e-02 -1.122605e-03 9.999178e-01 -5.340165e+01
9.999631e-01 -6.028355e-04 8.565528e-03 7.517085e+01 6.063194e-04 9.999997e-01 -4.041060e-04 5.859455e+00 -8.565282e-03 4.092851e-04 9.999632e-01 -5.309980e+01
9.999207e-01 7.656441e-04 -1.257170e-02 7.575330e+01 -7.454991e-04 9.999984e-01 1.607048e-03 5.825526e+00 1.257291e-02 -1.597548e-03 9.999197e-01 -5.217525e+01
9.999588e-01 -5.450657e-04 9.061735e-03 7.589295e+01 5.475675e-04 9.999998e-01 -2.735634e-04 5.814592e+00 -9.061584e-03 2.785146e-04 9.999589e-01 -5.099719e+01
9.999146e-01 7.577279e-04 -1.304418e-02 7.588884e+01 -7.376859e-04 9.999985e-01 1.541242e-03 5.815128e+00 1.304532e-02 -1.531489e-03 9.999137e-01 -4.997622e+01
9.999597e-01 -5.909262e-04 8.963037e-03 7.557669e+01 5.931705e-04 9.999998e-01 -2.476879e-04 5.838414e+00 -8.962889e-03 2.529951e-04 9.999598e-01 -4.882431e+01
9.999115e-01 7.167563e-04 -1.328138e-02 7.485880e+01 -6.968808e-04 9.999986e-01 1.501093e-03 5.886886e+00 1.328244e-02 -1.491705e-03 9.999107e-01 -4.758908e+01
9.999583e-01 -5.528917e-04 9.115647e-03 7.436446e+01 5.548319e-04 9.999998e-01 -2.102642e-04 5.922012e+00 -9.115529e-03 2.153136e-04 9.999584e-01 -4.648239e+01
9.999113e-01 7.251141e-04 -1.329967e-02 7.393721e+01 -7.060338e-04 9.999987e-01 1.439314e-03 5.950245e+00 1.330070e-02 -1.429797e-03 9.999105e-01 -4.538689e+01
9.999597e-01 -5.984001e-04 8.953872e-03 7.347302e+01 6.012445e-04 9.999998e-01 -3.149291e-04 5.980613e+00 -8.953681e-03 3.203004e-04 9.999599e-01 -4.469669e+01
9.999056e-01 6.771049e-04 -1.372026e-02 7.355080e+01 -6.650010e-04 9.999994e-01 8.867628e-04 5.988381e+00 1.372085e-02 -8.775558e-04 9.999055e-01 -4.472488e+01
9.999548e-01 -7.136308e-04 9.482744e-03 7.437249e+01 7.182630e-04 9.999996e-01 -4.850505e-04 5.994192e+00 -9.482394e-03 4.918402e-04 9.999549e-01 -4.524231e+01
9.999028e-01 7.905032e-04 -1.391895e-02 7.500036e+01 -7.740949e-04 9.999990e-01 1.184223e-03 5.975627e+00 1.391988e-02 -1.173334e-03 9.999024e-01 -4.508897e+01
9.999527e-01 -6.453523e-04 9.699754e-03 7.527934e+01 6.470899e-04 9.999998e-01 -1.759611e-04 5.965008e+00 -9.699638e-03 1.822300e-04 9.999529e-01 -4.439901e+01
9.999041e-01 7.869436e-04 -1.382368e-02 7.459418e+01 -7.664447e-04 9.999986e-01 1.488145e-03 6.011109e+00 1.382484e-02 -1.477408e-03 9.999033e-01 -4.304235e+01
9.999563e-01 -6.054207e-04 9.333864e-03 7.352093e+01 6.059279e-04 9.999998e-01 -5.146989e-05 6.085588e+00 -9.333831e-03 5.712386e-05 9.999564e-01 -4.162985e+01
9.999025e-01 7.565705e-04 -1.394212e-02 7.239188e+01 -7.351605e-04 9.999985e-01 1.540723e-03 6.165281e+00 1.394327e-02 -1.530323e-03 9.999016e-01 -4.024020e+01
9.999535e-01 -6.045177e-04 9.623519e-03 7.121366e+01 6.044749e-04 9.999998e-01 7.400255e-06 6.247721e+00 -9.623522e-03 -1.582163e-06 9.999537e-01 -3.857663e+01
9.999107e-01 7.635175e-04 -1.333866e-02 7.069305e+01 -7.432167e-04 9.999986e-01 1.526873e-03 6.282222e+00 1.333980e-02 -1.516824e-03 9.999099e-01 -3.689301e+01
9.999546e-01 -4.966554e-04 9.515538e-03 7.108856e+01 4.990618e-04 9.999998e-01 -2.504726e-04 6.260208e+00 -9.515412e-03 2.552106e-04 9.999547e-01 -3.586667e+01
9.998394e-01 -2.177834e-04 -1.791851e-02 7.393078e+01 2.276841e-04 9.999998e-01 5.505277e-04 6.347305e+00 1.791839e-02 -5.545196e-04 9.998393e-01 -3.915034e+01
9.999534e-01 -8.698128e-04 9.613793e-03 7.807242e+01 8.770362e-04 9.999993e-01 -7.471162e-04 6.506711e+00 -9.613137e-03 7.555136e-04 9.999535e-01 -4.535011e+01
9.998735e-01 2.511095e-04 -1.590246e-02 8.113333e+01 -2.403297e-04 9.999997e-01 6.798062e-04 6.602825e+00 1.590263e-02 -6.758989e-04 9.998733e-01 -4.892167e+01
