9.999973e-01 3.169353e-04 -2.293494e-03 3.422274e-01 -3.160965e-04 9.999999e-01 3.660935e-04 -4.073020e-02 2.293609e-03 -3.653683e-04 9.999973e-01 9.534547e-01
9.999990e-01 -1.879254e-04 -1.427147e-03 6.585946e-01 1.880776e-04 1.000000e+00 1.064321e-04 -5.174709e-02 1.427127e-03 -1.066997e-04 9.999990e-01 9.722660e-01
9.999975e-01 2.105556e-04 -2.206134e-03 1.324387e+00 -2.095235e-04 9.999999e-01 4.680439e-04 -6.657680e-02 2.206232e-03 -4.675812e-04 9.999975e-01 9.523038e-01
1.000000e+00 1.303339e-04 -8.380508e-05 1.631328e+00 -1.303529e-04 1.000000e+00 -2.270997e-04 -1.064923e-01 8.377582e-05 2.271113e-04 1.000000e+00 1.979024e+00
9.999889e-01 -3.756405e-05 -4.714122e-03 1.177993e+00 4.053682e-05 9.999998e-01 6.305216e-04 -8.817879e-02 4.714097e-03 -6.307064e-04 9.999887e-01 2.595129e+00
9.999993e-01 2.083522e-04 -1.171178e-03 4.247940e-01 -2.086048e-04 1.000000e+00 -2.155980e-04 -5.529320e-02 1.171133e-03 2.158428e-04 9.999993e-01 3.024757e+00
9.999894e-01 4.464653e-05 -4.595579e-03 -2.856044e-01 -4.185598e-05 9.999998e-01 6.073250e-04 -2.856174e-02 4.595605e-03 -6.071270e-04 9.999893e-01 3.400894e+00
9.999996e-01 1.949979e-04 -8.261412e-04 -8.351908e-01 -1.951623e-04 1.000000e+00 -1.989188e-04 -1.232630e-02 8.261027e-04 1.990807e-04 9.999996e-01 3.668627e+00
9.999952e-01 -2.020616e-05 -3.099374e-03 -8.675371e-01 2.184824e-05 9.999999e-01 5.297890e-04 -1.958917e-02 3.099362e-03 -5.298549e-04 9.999951e-01 3.905421e+00
9.999998e-01 1.223360e-04 -6.330511e-04 -9.844241e-01 -1.224657e-04 1.000000e+00 -2.049620e-04 -2.561179e-02 6.330263e-04 2.050402e-04 9.999998e-01 4.426375e+00
9.999934e-01 -7.278813e-05 -3.639260e-03 -1.238561e+00 7.498325e-05 9.999998e-01 6.030554e-04 -1.439190e-02 3.639215e-03 -6.033250e-04 9.999932e-01 4.990579e+00
9.999999e-01 1.664138e-04 -2.794129e-04 -1.244422e+00 -1.664716e-04 1.000000e+00 -2.070419e-04 -1.637354e-02 2.793788e-04 2.070891e-04 9.999999e-01 5.453795e+00
9.999946e-01 -5.112607e-05 -3.276532e-03 -1.368962e+00 5.268799e-05 9.999999e-01 4.766291e-04 -2.106566e-02 3.276507e-03 -4.767999e-04 9.999945e-01 6.108174e+00
9.999996e-01 1.158152e-04 -8.723802e-04 -8.596623e-01 -1.158111e-04 1.000000e+00 4.639369e-06 -2.478842e-02 8.723811e-04 -4.537624e-06 9.999996e-01 6.118843e+00
9.999962e-01 2.734228e-05 -2.755331e-03 4.601446e-02 -2.568600e-05 9.999998e-01 6.011664e-04 -3.570485e-02 2.755346e-03 -6.010941e-04 9.999960e-01 6.147576e+00
9.999995e-01 1.755231e-04 -1.003942e-03 4.293213e-01 -1.758229e-04 9.999999e-01 -2.985376e-04 -4.288829e-02 1.003889e-03 2.987146e-04 9.999995e-01 7.031121e+00
9.999956e-01 8.166129e-06 -2.978506e-03 8.255188e-01 -6.313589e-06 9.999998e-01 6.219937e-04 -5.495530e-02 2.978511e-03 -6.219728e-04 9.999954e-01 7.725532e+00
1.000000e+00 2.423230e-04 -8.013920e-05 1.286116e+00 -2.423385e-04 1.000000e+00 -1.934059e-04 -8.539355e-02 8.009267e-05 1.934261e-04 1.000000e+00 8.283168e+00
9.999957e-01 -5.653351e-07 -2.933682e-03 1.461904e+00 1.976984e-06 9.999999e-01 4.812003e-04 -1.078399e-01 2.933681e-03 -4.812047e-04 9.999956e-01 8.986154e+00
9.999996e-01 1.456742e-04 -9.330611e-04 1.886176e+00 -1.457128e-04 1.000000e+00 -4.129680e-05 -1.237359e-01 9.330554e-04 4.143345e-05 9.999996e-01 9.332369e+00
9.999985e-01 8.968144e-05 -1.707664e-03 2.878074e+00 -8.846574e-05 9.999997e-01 7.120021e-04 -1.497917e-01 1.707727e-03 -7.118507e-04 9.999983e-01 9.563167e+00
9.999998e-01 1.726157e-04 -5.916150e-04 3.863189e+00 -1.727212e-04 1.000000e+00 -1.784837e-04 -1.817102e-01 5.915845e-04 1.785865e-04 9.999998e-01 9.907205e+00
9.999982e-01 -1.088641e-05 -1.871921e-03 5.034607e+00 1.234578e-05 9.999997e-01 7.796263e-04 -1.976115e-01 1.871912e-03 -7.796488e-04 9.999979e-01 9.815826e+00
9.999996e-01 1.371903e-04 -8.951921e-04 5.763608e+00 -1.374894e-04 9.999999e-01 -3.341927e-04 -2.207874e-01 8.951465e-04 3.343164e-04 9.999995e-01 9.951167e+00
9.999973e-01 1.199711e-04 -2.299988e-03 6.514958e+00 -1.179850e-04 9.999996e-01 8.636573e-04 -2.487461e-01 2.300090e-03 -8.633843e-04 9.999970e-01 1.037199e+01
9.999993e-01 9.639353e-05 -1.144610e-03 7.023406e+00 -9.690760e-05 9.999999e-01 -4.491275e-04 -2.683477e-01 1.144567e-03 4.492388e-04 9.999992e-01 1.086820e+01
9.999984e-01 2.966448e-05 -1.769747e-03 7.839727e+00 -2.788327e-05 9.999995e-01 1.006527e-03 -2.872281e-01 1.769776e-03 -1.006477e-03 9.999979e-01 1.090147e+01
9.999993e-01 -8.485420e-06 -1.195715e-03 8.551806e+00 7.762714e-06 9.999998e-01 -6.044647e-04 -3.015688e-01 1.195720e-03 6.044557e-04 9.999991e-01 1.081499e+01
9.999978e-01 1.793628e-04 -2.107118e-03 9.352622e+00 -1.770314e-04 9.999994e-01 1.106599e-03 -3.248774e-01 2.107315e-03 -1.106224e-03 9.999972e-01 1.107556e+01
9.999984e-01 -4.972686e-06 -1.768435e-03 9.761798e+00 3.845357e-06 9.999998e-01 -6.375093e-04 -3.369265e-01 1.768438e-03 6.375022e-04 9.999982e-01 1.133450e+01
9.999965e-01 7.737626e-05 -2.633048e-03 9.766878e+00 -7.448704e-05 9.999994e-01 1.097394e-03 -3.356970e-01 2.633131e-03 -1.097195e-03 9.999959e-01 1.168868e+01
9.999992e-01 5.055402e-05 -1.298993e-03 9.844754e+00 -5.144595e-05 9.999998e-01 -6.866498e-04 -3.475269e-01 1.298959e-03 6.867168e-04 9.999989e-01 1.211152e+01
9.999970e-01 1.617197e-04 -2.464191e-03 9.997673e+00 -1.590496e-04 9.999994e-01 1.083736e-03 -3.612715e-01 2.464365e-03 -1.083342e-03 9.999964e-01 1.260346e+01
9.999997e-01 -6.423699e-05 -8.064733e-04 1.043055e+01 6.374475e-05 9.999998e-01 -6.104546e-04 -3.812776e-01 8.065127e-04 6.104037e-04 9.999995e-01 1.269215e+01
9.999971e-01 3.467701e-04 -2.398413e-03 1.073391e+01 -3.443538e-04 9.999994e-01 1.007820e-03 -4.142511e-01 2.398761e-03 -1.006991e-03 9.999966e-01 1.325205e+01
9.999995e-01 -1.246002e-04 -9.837339e-04 1.087262e+01 1.239363e-04 9.999998e-01 -6.748881e-04 -4.361114e-01 9.838181e-04 6.747666e-04 9.999993e-01 1.373759e+01
9.999944e-01 3.826746e-04 -3.316387e-03 1.079971e+01 -3.793615e-04 9.999994e-01 9.996072e-04 -4.475100e-01 3.316768e-03 -9.983442e-04 9.999940e-01 1.383429e+01
9.999987e-01 -3.027639e-04 -1.570099e-03 1.044575e+01 3.017175e-04 9.999997e-01 -6.666468e-04 -4.358441e-01 1.570301e-03 6.661729e-04 9.999985e-01 1.409169e+01
9.999926e-01 3.153550e-04 -3.837471e-03 9.950930e+00 -3.107627e-04 9.999992e-01 1.197251e-03 -4.069779e-01 3.837846e-03 -1.196050e-03 9.999919e-01 1.469269e+01
9.999999e-01 -1.638316e-04 3.809027e-04 1.051209e+01 1.640456e-04 9.999998e-01 -5.615697e-04 -4.310405e-01 -3.808102e-04 5.616328e-04 9.999998e-01 1.492043e+01
9.999950e-01 3.673102e-04 -3.147318e-03 1.154539e+01 -3.632304e-04 9.999991e-01 1.296770e-03 -4.599566e-01 3.147791e-03 -1.295621e-03 9.999942e-01 1.513020e+01
9.999999e-01 -1.263460e-04 4.347285e-04 1.252796e+01 1.266158e-04 9.999998e-01 -6.204965e-04 -4.860818e-01 -4.346497e-04 6.205522e-04 9.999997e-01 1.531018e+01
9.999907e-01 2.372252e-04 -4.307296e-03 1.266287e+01 -2.325572e-04 9.999994e-01 1.084232e-03 -4.973120e-01 4.307551e-03 -1.083221e-03 9.999901e-01 1.550068e+01
1.000000e+00 -1.356151e-04 -1.679668e-04 1.253240e+01 1.355128e-04 9.999998e-01 -6.090046e-04 -4.929383e-01 1.680497e-04 6.089825e-04 9.999998e-01 1.598126e+01
9.999924e-01 2.049552e-04 -3.886300e-03 1.249725e+01 -2.010206e-04 9.999995e-01 1.012827e-03 -4.999427e-01 3.886505e-03 -1.012039e-03 9.999919e-01 1.637170e+01
1.000000e+00 -8.466796e-05 -8.795166e-05 1.237316e+01 8.461279e-05 9.999998e-01 -6.280363e-04 -5.010250e-01 8.800516e-05 6.280295e-04 9.999998e-01 1.710391e+01
9.999875e-01 8.281234e-05 -4.998103e-03 1.208236e+01 -7.675931e-05 9.999993e-01 1.211263e-03 -4.860680e-01 4.998199e-03 -1.210864e-03 9.999868e-01 1.774529e+01
9.999984e-01 -2.783132e-06 -1.780128e-03 1.117362e+01 1.646581e-06 9.999998e-01 -6.385142e-04 -4.432745e-01 1.780130e-03 6.385109e-04 9.999982e-01 1.799455e+01
9.999923e-01 -5.988792e-05 -3.925332e-03 1.058444e+01 6.435018e-05 9.999994e-01 1.136690e-03 -4.075205e-01 3.925261e-03 -1.136935e-03 9.999916e-01 1.859486e+01
9.999992e-01 3.208224e-06 -1.291890e-03 1.007450e+01 -4.081805e-06 9.999998e-01 -6.762702e-04 -3.768712e-01 1.291887e-03 6.762757e-04 9.999989e-01 1.924416e+01
9.999917e-01 -8.767896e-05 -4.079968e-03 9.575437e+00 9.249961e-05 9.999993e-01 1.181392e-03 -3.456560e-01 4.079861e-03 -1.181760e-03 9.999910e-01 1.985169e+01
9.999995e-01 8.057037e-05 -9.550890e-04 9.253096e+00 -8.119864e-05 9.999998e-01 -6.578906e-04 -3.266129e-01 9.550362e-04 6.579686e-04 9.999993e-01 2.033430e+01
9.999940e-01 -6.991592e-06 -3.461560e-03 9.170511e+00 1.077558e-05 9.999994e-01 1.093154e-03 -3.264821e-01 3.461550e-03 -1.093185e-03 9.999934e-01 2.070981e+01
1.000000e+00 2.678691e-04 -1.019868e-04 9.555354e+00 -2.679429e-04 9.999997e-01 -7.245511e-04 -3.527117e-01 1.017930e-04 7.245791e-04 9.999997e-01 2.128140e+01
9.999954e-01 -2.526392e-05 -3.028400e-03 1.018898e+01 2.887234e-05 9.999993e-01 1.191520e-03 -3.848132e-01 3.028368e-03 -1.191603e-03 9.999947e-01 2.178722e+01
9.999998e-01 1.788050e-04 -5.457654e-04 1.045878e+01 -1.792742e-04 9.999996e-01 -8.600001e-04 -3.994827e-01 5.456118e-04 8.600985e-04 9.999995e-01 2.212145e+01
9.999857e-01 4.220330e-05 -5.354751e-03 9.772327e+00 -3.534232e-05 9.999992e-01 1.281395e-03 -3.742818e-01 5.354800e-03 -1.281188e-03 9.999848e-01 2.225633e+01
1.000000e+00 1.522830e-05 4.087867e-05 9.300769e+00 -1.519543e-05 9.999997e-01 -8.015178e-04 -3.518684e-01 -4.089053e-05 8.015179e-04 9.999997e-01 2.259593e+01
9.999920e-01 1.277275e-04 -3.990691e-03 9.485535e+00 -1.229088e-04 9.999993e-01 1.207719e-03 -3.659363e-01 3.990842e-03 -1.207220e-03 9.999913e-01 2.292649e+01
9.999999e-01 8.124500e-05 3.996297e-04 9.943028e+00 -8.091022e-05 9.999996e-01 -8.374185e-04 -3.900586e-01 -3.996973e-04 8.373868e-04 9.999996e-01 2.331263e+01
9.999936e-01 9.291890e-05 -3.590145e-03 1.074225e+01 -8.783891e-05 9.999990e-01 1.415142e-03 -4.168441e-01 3.590273e-03 -1.414818e-03 9.999926e-01 2.356310e+01
9.999999e-01 1.794204e-04 4.324264e-04 1.126386e+01 -1.789896e-04 9.999995e-01 -9.958231e-04 -4.486872e-01 -4.326046e-04 9.957463e-04 9.999994e-01 2.414542e+01
9.999893e-01 -1.774816e-04 -4.617942e-03 1.101296e+01 1.832940e-04 9.999992e-01 1.258306e-03 -4.408406e-01 4.617715e-03 -1.259140e-03 9.999885e-01 2.478376e+01
9.999994e-01 4.000969e-04 9.968664e-04 1.081983e+01 -3.990419e-04 9.999994e-01 -1.058139e-03 -4.385890e-01 -9.972888e-04 1.057741e-03 9.999989e-01 2.565567e+01
9.999919e-01 -1.342151e-04 -4.020195e-03 1.095000e+01 1.395838e-04 9.999991e-01 1.335205e-03 -4.631732e-01 4.020012e-03 -1.335756e-03 9.999910e-01 2.629537e+01
9.999991e-01 8.893707e-05 -1.336978e-03 1.051754e+01 -9.002455e-05 9.999997e-01 -8.134291e-04 -4.405413e-01 1.336906e-03 8.135494e-04 9.999988e-01 2.680554e+01
9.999879e-01 -2.444621e-04 -4.916458e-03 9.697342e+00 2.507729e-04 9.999991e-01 1.283066e-03 -3.925996e-01 4.916140e-03 -1.284284e-03 9.999871e-01 2.745389e+01
9.999999e-01 3.397761e-04 4.019510e-05 9.476292e+00 -3.397507e-04 9.999997e-01 -6.281611e-04 -3.783237e-01 -4.040820e-05 6.281481e-04 9.999998e-01 2.818281e+01
9.999927e-01 -1.621777e-04 -3.819985e-03 9.435898e+00 1.656129e-04 9.999996e-01 8.989867e-04 -3.858100e-01 3.819837e-03 -8.996135e-04 9.999923e-01 2.922187e+01
9.999999e-01 4.277413e-04 2.224257e-04 9.251486e+00 -4.276059e-04 9.999997e-01 -6.079925e-04 -3.830454e-01 -2.226854e-04 6.078980e-04 9.999998e-01 3.043181e+01
9.999849e-01 -5.324982e-04 -5.473957e-03 8.696266e+00 5.382529e-04 9.999993e-01 1.049888e-03 -3.508741e-01 5.473394e-03 -1.052819e-03 9.999845e-01 3.127858e+01
9.999995e-01 4.009647e-04 -9.349876e-04 7.861289e+00 -4.013961e-04 9.999998e-01 -4.613964e-04 -2.951278e-01 9.348027e-04 4.617721e-04 9.999995e-01 3.214119e+01
9.999940e-01 -2.520912e-04 -3.466978e-03 7.758729e+00 2.553797e-04 9.999995e-01 9.481675e-04 -2.955040e-01 3.466737e-03 -9.490478e-04 9.999935e-01 3.289727e+01
9.999997e-01 3.975605e-04 -5.866780e-04 7.750085e+00 -3.978606e-04 9.999998e-01 -5.118096e-04 -3.029553e-01 5.864748e-04 5.120436e-04 9.999997e-01 3.340119e+01
9.999926e-01 -3.335235e-04 -3.837463e-03 7.567195e+00 3.370745e-04 9.999995e-01 9.247863e-04 -2.989365e-01 3.837153e-03 -9.260736e-04 9.999922e-01 3.411817e+01
9.999998e-01 4.138389e-04 -5.546102e-04 7.321478e+00 -4.140992e-04 9.999998e-01 -4.694226e-04 -2.868454e-01 5.544161e-04 4.696528e-04 9.999997e-01 3.486599e+01
9.999901e-01 -3.483401e-04 -4.433457e-03 6.957516e+00 3.524495e-04 9.999995e-01 9.261930e-04 -2.707867e-01 4.433131e-03 -9.277471e-04 9.999897e-01 3.530364e+01
9.999999e-01 5.110602e-04 1.096055e-04 6.901979e+00 -5.110038e-04 9.999997e-01 -5.126410e-04 -2.701354e-01 -1.098672e-04 5.125856e-04 9.999999e-01 3.559123e+01
9.999958e-01 -2.504156e-04 -2.891469e-03 7.226593e+00 2.525947e-04 9.999997e-01 7.533338e-04 -2.874154e-01 2.891279e-03 -7.540617e-04 9.999955e-01 3.619686e+01
9.999999e-01 4.552297e-04 5.820316e-05 7.059505e+00 -4.551867e-04 9.999996e-01 -7.343490e-04 -2.935758e-01 -5.853711e-05 7.343231e-04 9.999997e-01 3.746845e+01
9.999920e-01 -2.313136e-04 -3.980849e-03 6.914831e+00 2.355799e-04 9.999994e-01 1.071305e-03 -2.933404e-01 3.980599e-03 -1.072235e-03 9.999915e-01 3.844221e+01
9.999995e-01 5.356185e-04 8.232606e-04 7.094123e+00 -5.349477e-04 9.999995e-01 -8.146598e-04 -3.185444e-01 -8.236962e-04 8.142197e-04 9.999993e-01 3.932297e+01
9.999856e-01 -5.393489e-04 -5.341809e-03 6.707834e+00 5.448442e-04 9.999993e-01 1.027358e-03 -2.974742e-01 5.341251e-03 -1.030254e-03 9.999852e-01 4.045022e+01
9.999997e-01 6.208976e-04 4.086775e-04 6.342025e+00 -6.206517e-04 9.999996e-01 -6.012487e-04 -2.764699e-01 -4.090504e-04 6.009956e-04 9.999997e-01 4.157986e+01
9.999889e-01 -4.853451e-04 -4.684488e-03 6.230698e+00 4.900881e-04 9.999994e-01 1.011421e-03 -2.755550e-01 4.683994e-03 -1.013707e-03 9.999885e-01 4.227555e+01
9.999998e-01 5.473822e-04 2.054208e-04 5.966273e+00 -5.472475e-04 9.999996e-01 -6.543491e-04 -2.696121e-01 -2.057786e-04 6.542373e-04 9.999998e-01 4.265859e+01
9.999858e-01 -6.237185e-04 -5.290516e-03 5.434317e+00 6.294135e-04 9.999992e-01 1.074881e-03 -2.383721e-01 5.289842e-03 -1.078196e-03 9.999854e-01 4.336086e+01
9.999998e-01 5.472283e-04 -2.076678e-04 4.933882e+00 -5.473417e-04 9.999997e-01 -5.471535e-04 -2.073255e-01 2.073686e-04 5.472677e-04 9.999998e-01 4.398694e+01
9.999848e-01 -3.249558e-04 -5.510910e-03 4.412903e+00 3.303180e-04 9.999995e-01 9.721499e-04 -1.897940e-01 5.510591e-03 -9.739561e-04 9.999843e-01 4.401248e+01
9.999998e-01 5.434677e-04 1.436769e-04 3.975271e+00 -5.433801e-04 9.999997e-01 -6.077150e-04 -1.770463e-01 -1.440068e-04 6.076376e-04 9.999998e-01 4.408594e+01
9.999913e-01 -4.591605e-04 -4.135342e-03 4.004862e+00 4.631225e-04 9.999994e-01 9.571950e-04 -1.801640e-01 4.134900e-03 -9.591026e-04 9.999910e-01 4.457043e+01
9.999996e-01 6.587389e-04 6.770107e-04 4.400286e+00 -6.583556e-04 9.999996e-01 -5.659824e-04 -2.013168e-01 -6.773830e-04 5.655371e-04 9.999996e-01 4.504313e+01
9.999887e-01 -5.709378e-04 -4.720030e-03 4.410183e+00 5.756468e-04 9.999993e-01 9.964130e-04 -2.109960e-01 4.719457e-03 -9.991195e-04 9.999884e-01 4.533456e+01
9.999996e-01 8.019242e-04 -4.231730e-04 4.040205e+00 -8.021906e-04 9.999995e-01 -6.300290e-04 -2.034067e-01 4.226678e-04 6.303689e-04 9.999997e-01 4.541617e+01
9.999933e-01 -6.405331e-04 -3.611664e-03 3.933577e+00 6.438865e-04 9.999994e-01 9.274411e-04 -2.111073e-01 3.611067e-03 -9.297610e-04 9.999930e-01 4.568449e+01
9.999995e-01 8.226285e-04 -6.180538e-04 3.809796e+00 -8.229973e-04 9.999995e-01 -5.969738e-04 -2.154637e-01 6.175627e-04 5.974828e-04 9.999996e-01 4.597485e+01
9.999942e-01 -5.725405e-04 -3.356179e-03 3.761860e+00 5.752788e-04 9.999995e-01 8.150512e-04 -2.243714e-01 3.355711e-03 -8.169779e-04 9.999940e-01 4.605565e+01
9.999989e-01 6.951138e-04 -1.346666e-03 3.409569e+00 -6.957763e-04 9.999996e-01 -4.917194e-04 -2.176900e-01 1.346324e-03 4.926565e-04 9.999990e-01 4.644106e+01
9.999943e-01 -4.810723e-04 -3.347308e-03 3.161952e+00 4.842467e-04 9.999994e-01 9.476434e-04 -2.116854e-01 3.346850e-03 -9.492596e-04 9.999939e-01 4.678322e+01
9.999998e-01 6.965573e-04 -1.199441e-04 3.521794e+00 -6.966223e-04 9.999996e-01 -5.446211e-04 -2.350184e-01 1.195650e-04 5.447052e-04 9.999998e-01 4.712029e+01
9.999947e-01 -4.538306e-04 -3.213277e-03 3.733944e+00 4.567728e-04 9.999995e-01 9.150272e-04 -2.620757e-01 3.212860e-03 -9.164908e-04 9.999944e-01 4.767718e+01
9.999997e-01 7.225858e-04 -5.983633e-05 4.082829e+00 -7.226139e-04 9.999996e-01 -4.743006e-04 -2.932708e-01 5.949390e-05 4.743444e-04 9.999999e-01 4.822800e+01
9.999955e-01 -4.998143e-04 -2.946542e-03 4.488362e+00 5.023424e-04 9.999995e-01 8.573723e-04 -3.181523e-01 2.946112e-03 -8.588493e-04 9.999953e-01 4.877114e+01
9.999997e-01 7.629083e-04 1.747067e-06 4.699016e+00 -7.629069e-04 9.999995e-01 -6.087136e-04 -3.424171e-01 -2.211148e-06 6.087127e-04 9.999998e-01 4.950892e+01
9.999909e-01 -6.315402e-04 -4.229831e-03 4.551237e+00 6.353389e-04 9.999994e-01 8.968414e-04 -3.459430e-01 4.229262e-03 -8.995213e-04 9.999907e-01 4.995508e+01
9.999995e-01 7.977279e-04 5.353739e-04 4.482765e+00 -7.973918e-04 9.999995e-01 -6.273666e-04 -3.477057e-01 -5.358738e-04 6.269401e-04 9.999997e-01 5.044953e+01
9.999871e-01 -3.809303e-04 -5.064189e-03 4.474659e+00 3.841323e-04 9.999997e-01 6.313665e-04 -3.452288e-01 5.063947e-03 -6.333044e-04 9.999870e-01 4.970408e+01
9.999994e-01 1.101009e-03 -2.521607e-04 4.157317e+00 -1.101247e-03 9.999989e-01 -9.453391e-04 -3.356511e-01 2.511200e-04 9.456169e-04 9.999995e-01 4.834011e+01
9.999975e-01 -8.185587e-04 -2.060938e-03 4.196683e+00 8.206579e-04 9.999991e-01 1.018031e-03 -3.629955e-01 2.060103e-03 -1.019721e-03 9.999974e-01 4.939027e+01
9.999990e-01 1.180104e-03 -7.610398e-04 4.371053e+00 -1.180596e-03 9.999991e-01 -6.466560e-04 -4.028500e-01 7.602763e-04 6.475545e-04 9.999995e-01 4.989294e+01
9.999927e-01 -4.509580e-04 -3.791188e-03 4.219810e+00 4.508525e-04 9.999999e-01 -2.863634e-05 -3.910563e-01 3.791200e-03 2.692617e-05 9.999928e-01 4.828440e+01
9.999990e-01 1.095634e-03 -9.375757e-04 4.085178e+00 -1.095880e-03 9.999994e-01 -2.616562e-04 -3.868652e-01 9.372887e-04 2.626841e-04 9.999995e-01 4.713902e+01
9.999932e-01 -6.507270e-04 -3.628998e-03 3.903654e+00 6.517519e-04 9.999997e-01 2.812902e-04 -3.915215e-01 3.628814e-03 -2.836542e-04 9.999934e-01 4.665958e+01
9.999972e-01 9.659348e-04 -2.139482e-03 3.247747e+00 -9.661985e-04 9.999995e-01 -1.222817e-04 -3.768266e-01 2.139363e-03 1.243493e-04 9.999977e-01 4.681752e+01
9.999952e-01 -5.498453e-04 -3.034589e-03 2.630385e+00 5.511930e-04 9.999997e-01 4.433753e-04 -3.626034e-01 3.034344e-03 -4.450465e-04 9.999953e-01 4.712678e+01
9.999995e-01 7.384543e-04 -6.840800e-04 2.779611e+00 -7.384761e-04 9.999997e-01 -3.186682e-05 -3.817639e-01 6.840566e-04 3.237267e-05 9.999998e-01 4.749662e+01
9.999962e-01 -5.708236e-04 -2.705486e-03 3.371888e+00 5.724531e-04 9.999997e-01 6.016347e-04 -4.116311e-01 2.705141e-03 -6.031819e-04 9.999962e-01 4.782536e+01
9.999996e-01 7.704962e-04 -4.166564e-04 4.144912e+00 -7.705121e-04 9.999997e-01 -3.860070e-05 -4.423451e-01 4.166269e-04 3.892241e-05 9.999999e-01 4.818391e+01
9.999970e-01 -4.722102e-04 -2.395803e-03 4.602053e+00 4.729894e-04 9.999998e-01 3.247628e-04 -4.710289e-01 2.395649e-03 -3.258957e-04 9.999971e-01 4.893543e+01
9.999996e-01 7.678984e-04 5.297513e-04 5.446430e+00 -7.679858e-04 9.999997e-01 1.651501e-04 -5.234139e-01 -5.296240e-04 -1.655562e-04 9.999998e-01 4.995665e+01
9.999950e-01 -5.197294e-04 -3.108253e-03 6.289334e+00 5.208280e-04 9.999998e-01 3.526935e-04 -5.643335e-01 3.108068e-03 -3.543113e-04 9.999951e-01 5.050822e+01
9.999997e-01 7.067824e-04 -2.755662e-04 6.768674e+00 -7.068579e-04 9.999997e-01 -2.744947e-04 -5.653964e-01 2.753724e-04 2.746901e-04 9.999999e-01 4.995534e+01
9.999889e-01 -3.512641e-04 -4.707383e-03 6.497231e+00 3.533985e-04 9.999998e-01 4.526272e-04 -5.619056e-01 4.707223e-03 -4.542864e-04 9.999888e-01 4.946511e+01
9.999999e-01 4.682782e-04 1.819061e-04 6.354436e+00 -4.682673e-04 9.999999e-01 -5.889710e-05 -5.622672e-01 -1.819333e-04 5.881260e-05 1.000000e+00 4.963113e+01
9.999910e-01 -2.274235e-04 -4.225172e-03 6.397660e+00 2.284307e-04 9.999999e-01 2.379490e-04 -5.684101e-01 4.225117e-03 -2.389127e-04 9.999910e-01 4.934849e+01
9.999998e-01 5.776306e-04 -3.453351e-04 6.303441e+00 -5.776715e-04 9.999998e-01 -1.190888e-04 -5.707101e-01 3.452665e-04 1.192889e-04 9.999999e-01 4.884835e+01
9.999894e-01 -2.880813e-04 -4.590404e-03 6.057258e+00 2.902855e-04 9.999998e-01 4.795388e-04 -5.707573e-01 4.590265e-03 -4.808670e-04 9.999893e-01 4.864585e+01
9.999998e-01 5.726062e-04 -3.482614e-04 5.875755e+00 -5.726651e-04 9.999998e-01 -1.696222e-04 -5.715849e-01 3.481645e-04 1.698223e-04 9.999999e-01 4.839414e+01
9.999947e-01 -4.948222e-04 -3.224591e-03 6.233858e+00 4.966079e-04 9.999997e-01 5.530744e-04 -5.902056e-01 3.224316e-03 -5.546735e-04 9.999946e-01 4.845124e+01
9.999997e-01 6.574399e-04 4.050659e-04 6.744617e+00 -6.573323e-04 9.999997e-01 -2.651002e-04 -6.108201e-01 -4.052398e-04 2.648345e-04 9.999999e-01 4.853952e+01
9.999933e-01 -5.312056e-04 -3.626858e-03 7.067558e+00 5.328462e-04 9.999998e-01 4.514516e-04 -6.209838e-01 3.626617e-03 -4.533818e-04 9.999933e-01 4.831229e+01
9.999996e-01 6.632095e-04 6.228835e-04 7.433808e+00 -6.629694e-04 9.999997e-01 -3.853438e-04 -6.287022e-01 -6.231386e-04 3.849314e-04 9.999997e-01 4.793177e+01
9.999962e-01 -3.629726e-04 -2.744883e-03 7.863741e+00 3.649269e-04 9.999997e-01 7.115732e-04 -6.738833e-01 2.744624e-03 -7.125728e-04 9.999960e-01 4.890942e+01
9.999990e-01 7.594915e-04 1.215824e-03 8.653068e+00 -7.590263e-04 9.999996e-01 -3.829092e-04 -7.412451e-01 -1.216114e-03 3.819866e-04 9.999992e-01 5.023749e+01
9.999926e-01 -4.913565e-04 -3.811506e-03 9.305989e+00 4.940944e-04 9.999996e-01 7.174723e-04 -7.753008e-01 3.811152e-03 -7.193509e-04 9.999925e-01 5.063734e+01
9.999997e-01 6.283158e-04 3.895321e-04 9.533939e+00 -6.281030e-04 9.999997e-01 -5.457546e-04 -7.835218e-01 -3.898746e-04 5.455104e-04 9.999998e-01 5.042699e+01
9.999928e-01 -5.240821e-04 -3.746269e-03 9.825178e+00 5.276763e-04 9.999994e-01 9.585395e-04 -8.048062e-01 3.745764e-03 -9.605102e-04 9.999925e-01 5.061747e+01
9.999985e-01 8.668922e-04 1.511880e-03 1.018560e+01 -8.659209e-04 9.999994e-01 -6.428653e-04 -8.462003e-01 -1.512436e-03 6.415558e-04 9.999987e-01 5.163351e+01
9.999936e-01 -4.772081e-04 -3.541710e-03 1.038294e+01 4.800159e-04 9.999996e-01 7.920117e-04 -8.862571e-01 3.541331e-03 -7.937074e-04 9.999934e-01 5.277261e+01
9.999997e-01 6.850387e-04 3.765053e-04 1.043354e+01 -6.848486e-04 9.999996e-01 -5.041643e-04 -9.030715e-01 -3.768502e-04 5.039070e-04 9.999998e-01 5.333930e+01
9.999950e-01 -4.369282e-04 -3.126017e-03 1.044419e+01 4.388588e-04 9.999997e-01 6.170012e-04 -9.221252e-01 3.125746e-03 -6.183707e-04 9.999949e-01 5.411690e+01
9.999997e-01 7.111119e-04 -5.779144e-05 1.065588e+01 -7.111254e-04 9.999997e-01 -2.362976e-04 -9.503526e-01 5.762368e-05 2.363393e-04 1.000000e+00 5.471897e+01
9.999939e-01 -5.590805e-04 -3.457588e-03 1.063056e+01 5.610901e-04 9.999997e-01 5.803407e-04 -9.608374e-01 3.457262e-03 -5.822778e-04 9.999939e-01 5.526545e+01
9.999991e-01 5.278202e-04 -1.241096e-03 1.029052e+01 -5.280432e-04 9.999998e-01 -1.794903e-04 -9.470497e-01 1.241001e-03 1.801462e-04 9.999992e-01 5.573710e+01
9.999922e-01 -5.326297e-04 -3.925119e-03 9.890018e+00 5.353752e-04 9.999996e-01 6.985200e-04 -9.250825e-01 3.924745e-03 -7.006166e-04 9.999921e-01 5.629490e+01
9.999996e-01 6.112360e-04 -6.926742e-04 9.686682e+00 -6.113405e-04 9.999998e-01 -1.509768e-04 -9.145060e-01 6.925821e-04 1.514009e-04 9.999997e-01 5.682454e+01
9.999944e-01 -5.607842e-04 -3.309690e-03 9.394600e+00 5.619126e-04 9.999998e-01 3.400761e-04 -9.086065e-01 3.309499e-03 -3.419347e-04 9.999945e-01 5.738141e+01
9.999995e-01 8.420852e-04 -5.345099e-04 9.315999e+00 -8.421068e-04 9.999996e-01 -4.058164e-05 -9.211022e-01 5.344758e-04 4.103241e-05 9.999999e-01 5.777844e+01
9.999957e-01 -7.254465e-04 -2.826708e-03 9.718483e+00 7.267787e-04 9.999996e-01 4.703551e-04 -9.377721e-01 2.826366e-03 -4.724082e-04 9.999959e-01 5.781470e+01
9.999990e-01 8.178861e-04 -1.115677e-03 9.792566e+00 -8.179265e-04 9.999997e-01 -3.599734e-05 -9.486329e-01 1.115648e-03 3.691052e-05 9.999994e-01 5.803493e+01
9.999907e-01 -9.598357e-04 -4.210170e-03 9.115954e+00 9.613797e-04 9.999995e-01 3.647958e-04 -9.093328e-01 4.209817e-03 -3.688407e-04 9.999911e-01 5.876124e+01
9.999983e-01 1.033167e-03 -1.520071e-03 8.218275e+00 -1.033250e-03 9.999995e-01 -5.389905e-05 -8.628311e-01 1.520015e-03 5.547025e-05 9.999988e-01 5.960387e+01
9.999959e-01 -8.889373e-04 -2.735011e-03 7.573974e+00 8.893361e-04 9.999996e-01 1.446590e-04 -8.435303e-01 2.734881e-03 -1.470914e-04 9.999962e-01 6.052311e+01
9.999993e-01 1.075488e-03 -5.741332e-04 6.992837e+00 -1.075592e-03 9.999994e-01 -1.816536e-04 -8.303081e-01 5.739378e-04 1.822717e-04 9.999998e-01 6.192892e+01
9.999965e-01 -8.847735e-04 -2.507384e-03 6.519571e+00 8.854306e-04 9.999996e-01 2.610689e-04 -8.183591e-01 2.507152e-03 -2.632888e-04 9.999968e-01 6.329657e+01
9.999980e-01 8.830795e-04 -1.803055e-03 5.952580e+00 -8.831329e-04 9.999996e-01 -2.893474e-05 -7.912688e-01 1.803029e-03 3.052770e-05 9.999984e-01 6.437818e+01
9.999977e-01 -7.265054e-04 -2.010623e-03 5.628165e+00 7.272258e-04 9.999997e-01 3.577011e-04 -7.804533e-01 2.010362e-03 -3.591631e-04 9.999979e-01 6.540187e+01
9.999989e-01 9.721429e-04 -1.077655e-03 5.989823e+00 -9.720363e-04 9.999995e-01 9.929017e-05 -8.099645e-01 1.077752e-03 -9.824187e-05 9.999994e-01 6.608674e+01
9.999968e-01 -7.680311e-04 -2.415091e-03 6.252046e+00 7.687634e-04 9.999997e-01 3.024137e-04 -8.299083e-01 2.414858e-03 -3.042701e-04 9.999970e-01 6.651846e+01
9.999983e-01 8.551515e-04 -1.624183e-03 6.222758e+00 -8.548977e-04 9.999996e-01 1.567645e-04 -8.344288e-01 1.624317e-03 -1.553751e-04 9.999987e-01 6.691622e+01
9.999966e-01 -7.790952e-04 -2.508448e-03 6.151727e+00 7.798709e-04 9.999996e-01 3.083563e-04 -8.350642e-01 2.508207e-03 -3.103122e-04 9.999968e-01 6.747625e+01
9.999994e-01 1.029268e-03 -4.292453e-04 6.455700e+00 -1.029203e-03 9.999995e-01 1.509997e-04 -8.630339e-01 4.294007e-04 -1.505572e-04 9.999999e-01 6.818937e+01
9.999966e-01 -8.046714e-04 -2.497274e-03 6.471431e+00 8.045413e-04 9.999997e-01 -5.299272e-05 -8.819008e-01 2.497315e-03 5.098270e-05 9.999969e-01 6.921256e+01
9.999955e-01 9.042721e-04 -2.859184e-03 5.771020e+00 -9.029070e-04 9.999995e-01 4.786385e-04 -8.498939e-01 2.859616e-03 -4.760541e-04 9.999958e-01 6.988688e+01
9.999967e-01 -7.316021e-04 -2.460071e-03 5.227480e+00 7.314356e-04 9.999997e-01 -6.849872e-05 -8.319402e-01 2.460120e-03 6.669844e-05 9.999970e-01 7.013665e+01
9.999973e-01 7.125113e-04 -2.216202e-03 4.882478e+00 -7.114355e-04 9.999996e-01 4.860888e-04 -8.168451e-01 2.216548e-03 -4.845101e-04 9.999974e-01 7.056526e+01
9.999941e-01 -8.082371e-04 -3.345731e-03 4.281473e+00 8.083593e-04 9.999997e-01 3.525119e-05 -7.801320e-01 3.345701e-03 -3.795621e-05 9.999944e-01 7.115683e+01
9.999987e-01 8.372993e-04 -1.394403e-03 4.064276e+00 -8.365984e-04 9.999995e-01 5.030305e-04 -7.671214e-01 1.394823e-03 -5.018626e-04 9.999989e-01 7.174814e+01
9.999940e-01 -8.350372e-04 -3.371874e-03 3.680969e+00 8.346284e-04 9.999996e-01 -1.225741e-04 -7.501100e-01 3.371975e-03 1.197584e-04 9.999943e-01 7.218488e+01
9.999979e-01 1.000177e-03 -1.805128e-03 3.310722e+00 -9.990689e-04 9.999993e-01 6.142883e-04 -7.388583e-01 1.805741e-03 -6.124829e-04 9.999982e-01 7.235649e+01
9.999890e-01 -1.028902e-03 -4.567729e-03 2.420343e+00 1.028220e-03 9.999995e-01 -1.515798e-04 -6.910668e-01 4.567882e-03 1.468809e-04 9.999896e-01 7.276425e+01
9.999990e-01 1.074150e-03 -9.119016e-04 1.903580e+00 -1.073553e-03 9.999992e-01 6.547161e-04 -6.550855e-01 9.126044e-04 -6.537358e-04 9.999994e-01 7.340188e+01
9.999937e-01 -1.003952e-03 -3.400842e-03 1.954462e+00 1.003220e-03 9.999995e-01 -2.169859e-04 -6.506328e-01 3.401058e-03 2.135720e-04 9.999942e-01 7.342445e+01
9.999994e-01 1.084003e-03 -4.232999e-05 2.484397e+00 -1.083973e-03 9.999992e-01 6.960504e-04 -6.592365e-01 4.308474e-05 -6.960035e-04 9.999998e-01 7.332497e+01
9.999934e-01 -9.887370e-04 -3.505035e-03 2.652556e+00 9.878743e-04 9.999995e-01 -2.477862e-04 -6.701205e-01 3.505278e-03 2.443214e-04 9.999938e-01 7.395237e+01
9.999992e-01 1.257997e-03 6.146620e-05 2.758808e+00 -1.258035e-03 9.999990e-01 6.379427e-04 -6.856903e-01 -6.066335e-05 -6.380189e-04 9.999998e-01 7.478927e+01
9.999929e-01 -1.042602e-03 -3.629168e-03 3.033191e+00 1.042051e-03 9.999994e-01 -1.535152e-04 -7.084557e-01 3.629326e-03 1.497316e-04 9.999934e-01 7.526859e+01
9.999992e-01 1.213250e-03 3.438001e-04 3.454822e+00 -1.213448e-03 9.999991e-01 5.754902e-04 -7.305936e-01 -3.431014e-04 -5.759063e-04 9.999998e-01 7.553887e+01
9.999902e-01 -9.762674e-04 -4.317450e-03 3.778317e+00 9.752210e-04 9.999995e-01 -2.444019e-04 -7.394261e-01 4.317687e-03 2.401884e-04 9.999906e-01 7.530498e+01
9.999992e-01 1.113510e-03 6.211556e-04 4.148352e+00 -1.113764e-03 9.999993e-01 4.089449e-04 -7.428905e-01 -6.206996e-04 -4.096357e-04 9.999997e-01 7.484859e+01
9.999909e-01 -9.451847e-04 -4.169934e-03 4.613241e+00 9.440040e-04 9.999995e-01 -2.850405e-04 -7.417693e-01 4.170201e-03 2.811008e-04 9.999913e-01 7.428200e+01
9.999987e-01 9.617644e-04 1.321866e-03 5.265648e+00 -9.625621e-04 9.999994e-01 6.031519e-04 -7.493039e-01 -1.321285e-03 -6.044228e-04 9.999989e-01 7.401152e+01
9.999915e-01 -7.613364e-04 -4.042378e-03 5.871031e+00 7.606747e-04 9.999997e-01 -1.651751e-04 -7.782307e-01 4.042503e-03 1.620981e-04 9.999918e-01 7.432521e+01
9.999987e-01 1.023064e-03 1.252174e-03 6.291002e+00 -1.023724e-03 9.999993e-01 5.267717e-04 -8.149043e-01 -1.251634e-03 -5.280522e-04 9.999991e-01 7.503495e+01
9.999913e-01 -8.932980e-04 -4.079105e-03 6.994135e+00 8.930211e-04 9.999996e-01 -6.963112e-05 -8.354858e-01 4.079165e-03 6.598712e-05 9.999917e-01 7.510852e+01
9.999985e-01 1.006035e-03 1.395714e-03 7.888443e+00 -1.006945e-03 9.999993e-01 6.519246e-04 -8.515874e-01 -1.395057e-03 -6.533284e-04 9.999988e-01 7.506742e+01
9.999869e-01 -8.670655e-04 -5.046218e-03 8.277280e+00 8.654418e-04 9.999996e-01 -3.238761e-04 -8.552669e-01 5.046496e-03 3.195040e-04 9.999872e-01 7.497002e+01
9.999983e-01 1.016662e-03 1.522500e-03 8.781913e+00 -1.017748e-03 9.999992e-01 7.127159e-04 -8.629570e-01 -1.521774e-03 -7.142635e-04 9.999986e-01 7.478010e+01
9.999892e-01 -9.939545e-04 -4.536522e-03 9.538326e+00 9.927916e-04 9.999995e-01 -2.585182e-04 -8.701962e-01 4.536777e-03 2.540109e-04 9.999897e-01 7.454622e+01
9.999981e-01 1.050199e-03 1.629652e-03 1.035960e+01 -1.051384e-03 9.999992e-01 7.268374e-04 -8.781809e-01 -1.628887e-03 -7.285488e-04 9.999984e-01 7.430796e+01
9.999896e-01 -1.023598e-03 -4.439543e-03 1.114032e+01 1.022082e-03 9.999994e-01 -3.436974e-04 -8.822868e-01 4.439892e-03 3.391556e-04 9.999901e-01 7.397068e+01
9.999980e-01 1.048720e-03 1.719962e-03 1.182416e+01 -1.049853e-03 9.999992e-01 6.581608e-04 -8.880078e-01 -1.719270e-03 -6.599645e-04 9.999983e-01 7.366834e+01
9.999894e-01 -1.000058e-03 -4.484840e-03 1.245448e+01 9.985159e-04 9.999994e-01 -3.460526e-04 -8.996563e-01 4.485183e-03 3.415701e-04 9.999899e-01 7.352186e+01
9.999983e-01 1.051956e-03 1.506903e-03 1.322000e+01 -1.053163e-03 9.999991e-01 8.006953e-04 -9.117916e-01 -1.506060e-03 -8.022803e-04 9.999985e-01 7.339669e+01
9.999890e-01 -9.622482e-04 -4.589258e-03 1.401823e+01 9.614005e-04 9.999995e-01 -1.868618e-04 -9.296450e-01 4.589436e-03 1.824470e-04 9.999895e-01 7.340384e+01
9.999982e-01 1.144796e-03 1.499844e-03 1.464147e+01 -1.145916e-03 9.999991e-01 7.458983e-04 -9.579904e-01 -1.498988e-03 -7.476150e-04 9.999986e-01 7.369929e+01
9.999892e-01 -1.060012e-03 -4.525957e-03 1.538659e+01 1.058823e-03 9.999994e-01 -2.648706e-04 -9.778433e-01 4.526235e-03 2.600749e-04 9.999897e-01 7.374653e+01
9.999978e-01 1.147116e-03 1.743353e-03 1.631962e+01 -1.148475e-03 9.999990e-01 7.784889e-04 -9.934042e-01 -1.742458e-03 -7.804887e-04 9.999982e-01 7.367709e+01
9.999871e-01 -9.800316e-04 -4.987152e-03 1.700541e+01 9.793418e-04 9.999995e-01 -1.407126e-04 -1.017672e+00 4.987287e-03 1.358260e-04 9.999876e-01 7.386726e+01
9.999982e-01 1.141954e-03 1.499376e-03 1.755236e+01 -1.142993e-03 9.999991e-01 6.922693e-04 -1.041255e+00 -1.498584e-03 -6.939812e-04 9.999986e-01 7.410199e+01
9.999880e-01 -9.927652e-04 -4.791402e-03 1.817010e+01 9.920121e-04 9.999995e-01 -1.595039e-04 -1.060459e+00 4.791558e-03 1.547482e-04 9.999885e-01 7.420694e+01
9.999981e-01 1.175341e-03 1.551751e-03 1.884236e+01 -1.176570e-03 9.999990e-01 7.916522e-04 -1.086482e+00 -1.550819e-03 -7.934757e-04 9.999985e-01 7.445854e+01
9.999891e-01 -1.081933e-03 -4.536503e-03 1.947469e+01 1.079727e-03 9.999993e-01 -4.887906e-04 -1.094990e+00 4.537029e-03 4.838864e-04 9.999896e-01 7.428718e+01
9.999984e-01 1.369336e-03 1.127073e-03 1.991746e+01 -1.369662e-03 9.999990e-01 2.886721e-04 -1.085637e+00 -1.126676e-03 -2.902147e-04 9.999993e-01 7.328434e+01
9.999911e-01 -1.367449e-03 -3.992585e-03 2.056257e+01 1.367684e-03 9.999991e-01 5.612133e-05 -1.098253e+00 3.992504e-03 -6.158208e-05 9.999920e-01 7.315562e+01
9.999984e-01 1.577842e-03 8.844227e-04 2.098885e+01 -1.578104e-03 9.999987e-01 2.958630e-04 -1.128107e+00 -8.839544e-04 -2.972576e-04 9.999996e-01 7.378851e+01
9.999919e-01 -1.401264e-03 -3.783275e-03 2.158778e+01 1.401897e-03 9.999990e-01 1.648195e-04 -1.152653e+00 3.783040e-03 -1.701226e-04 9.999928e-01 7.416779e+01
9.999987e-01 1.520491e-03 5.137393e-04 2.229647e+01 -1.520727e-03 9.999987e-01 4.587162e-04 -1.173834e+00 -5.130410e-04 -4.594962e-04 9.999998e-01 7.425977e+01
9.999921e-01 -1.364454e-03 -3.733285e-03 2.288648e+01 1.364789e-03 9.999991e-01 8.730358e-05 -1.198372e+00 3.733162e-03 -9.239869e-05 9.999930e-01 7.448064e+01
9.999988e-01 1.531447e-03 2.555334e-04 2.350155e+01 -1.531562e-03 9.999987e-01 4.527986e-04 -1.226834e+00 -2.548394e-04 -4.531888e-04 9.999999e-01 7.490391e+01
9.999938e-01 -1.337417e-03 -3.272247e-03 2.425355e+01 1.337756e-03 9.999991e-01 1.015315e-04 -1.253138e+00 3.272108e-03 -1.059090e-04 9.999946e-01 7.519344e+01
9.999988e-01 1.467789e-03 5.091562e-04 2.503779e+01 -1.467954e-03 9.999989e-01 3.242018e-04 -1.271233e+00 -5.086795e-04 -3.249481e-04 9.999998e-01 7.521943e+01
9.999934e-01 -1.318458e-03 -3.381621e-03 2.580114e+01 1.318954e-03 9.999991e-01 1.446024e-04 -1.291701e+00 3.381427e-03 -1.490623e-04 9.999943e-01 7.541229e+01
9.999989e-01 1.458962e-03 3.559759e-04 2.650852e+01 -1.459089e-03 9.999989e-01 3.581370e-04 -1.311322e+00 -3.554528e-04 -3.586553e-04 9.999999e-01 7.549473e+01
9.999928e-01 -1.323561e-03 -3.547127e-03 2.703935e+01 1.324079e-03 9.999991e-01 1.439852e-04 -1.335095e+00 3.546933e-03 -1.486815e-04 9.999937e-01 7.573241e+01
9.999988e-01 1.517108e-03 6.807404e-05 2.744949e+01 -1.517129e-03 9.999988e-01 3.135217e-04 -1.362463e+00 -6.759807e-05 -3.136240e-04 9.999999e-01 7.609916e+01
9.999951e-01 -1.363985e-03 -2.806025e-03 2.859606e+01 1.365221e-03 9.999990e-01 4.388263e-04 -1.391025e+00 2.805424e-03 -4.426557e-04 9.999960e-01 7.633402e+01
9.999981e-01 1.414393e-03 -1.326821e-03 2.849358e+01 -1.414464e-03 9.999990e-01 -5.307808e-05 -1.385513e+00 1.326745e-03 5.495537e-05 9.999991e-01 7.685808e+01
9.999937e-01 -1.348388e-03 -3.269195e-03 2.868015e+01 1.350151e-03 9.999989e-01 5.372277e-04 -1.385116e+00 3.268467e-03 -5.416389e-04 9.999945e-01 7.722588e+01
9.999991e-01 1.358174e-03 4.377947e-05 2.988269e+01 -1.358168e-03 9.999991e-01 -1.267910e-04 -1.378773e+00 -4.395140e-05 1.267321e-04 1.000000e+00 7.667801e+01
9.999940e-01 -1.344976e-03 -3.205364e-03 3.103501e+01 1.347075e-03 9.999989e-01 6.528896e-04 -1.381014e+00 3.204483e-03 -6.572042e-04 9.999946e-01 7.629603e+01
9.999988e-01 1.528539e-03 -3.364107e-04 3.167211e+01 -1.528549e-03 9.999988e-01 -2.937731e-05 -1.396785e+00 3.363656e-04 2.989214e-05 9.999999e-01 7.638081e+01
9.999933e-01 -1.429102e-03 -3.367256e-03 3.236465e+01 1.430976e-03 9.999988e-01 5.544878e-04 -1.404343e+00 3.366460e-03 -5.593032e-04 9.999942e-01 7.634452e+01
9.999987e-01 1.625720e-03 2.065442e-04 3.325832e+01 -1.625757e-03 9.999987e-01 1.825283e-04 -1.436980e+00 -2.062470e-04 -1.828632e-04 1.000000e+00 7.674133e+01
9.999943e-01 -1.284133e-03 -3.120775e-03 3.416333e+01 1.285207e-03 9.999991e-01 3.424380e-04 -1.471322e+00 3.120332e-03 -3.464475e-04 9.999951e-01 7.717164e+01
9.999989e-01 1.474469e-03 -1.093468e-04 3.473739e+01 -1.474454e-03 9.999989e-01 1.378239e-04 -1.493035e+00 1.095501e-04 -1.376619e-04 1.000000e+00 7.736643e+01
9.999951e-01 -1.332651e-03 -2.828641e-03 3.521505e+01 1.333114e-03 9.999991e-01 1.620911e-04 -1.511683e+00 2.828422e-03 -1.658619e-04 9.999960e-01 7.757640e+01
9.999988e-01 1.490382e-03 -3.657483e-04 3.565223e+01 -1.490342e-03 9.999989e-01 1.087937e-04 -1.525148e+00 3.659103e-04 -1.082478e-04 9.999999e-01 7.758793e+01
9.999946e-01 -1.374325e-03 -2.994085e-03 3.600044e+01 1.374905e-03 9.999990e-01 1.916419e-04 -1.542411e+00 2.993818e-03 -1.957581e-04 9.999955e-01 7.769545e+01
9.999988e-01 1.534540e-03 2.261566e-05 3.695479e+01 -1.534551e-03 9.999987e-01 5.320762e-04 -1.569566e+00 -2.179891e-05 -5.321096e-04 9.999999e-01 7.791315e+01
9.999966e-01 -1.342541e-03 -2.229858e-03 3.824156e+01 1.343035e-03 9.999991e-01 2.203595e-04 -1.593094e+00 2.229559e-03 -2.233542e-04 9.999975e-01 7.796054e+01
9.999977e-01 1.508062e-03 -1.507279e-03 3.850056e+01 -1.507772e-03 9.999988e-01 1.929842e-04 -1.609529e+00 1.507569e-03 -1.907105e-04 9.999988e-01 7.825597e+01
9.999935e-01 -1.375985e-03 -3.335115e-03 3.835049e+01 1.376691e-03 9.999990e-01 2.095979e-04 -1.606814e+00 3.334823e-03 -2.141887e-04 9.999944e-01 7.844088e+01
9.999984e-01 1.668541e-03 -5.913869e-04 3.850784e+01 -1.668717e-03 9.999986e-01 -2.972998e-04 -1.605640e+00 5.908902e-04 2.982869e-04 9.999998e-01 7.769222e+01
9.999946e-01 -1.484125e-03 -2.932769e-03 3.876848e+01 1.485829e-03 9.999987e-01 5.792938e-04 -1.618077e+00 2.931906e-03 -5.836489e-04 9.999955e-01 7.751463e+01
9.999985e-01 1.674233e-03 -3.143781e-04 3.927049e+01 -1.674286e-03 9.999986e-01 -1.719253e-04 -1.643339e+00 3.140900e-04 1.724521e-04 9.999999e-01 7.778657e+01
9.999951e-01 -1.516630e-03 -2.745628e-03 4.008577e+01 1.518595e-03 9.999986e-01 7.138341e-04 -1.670531e+00 2.744541e-03 -7.180007e-04 9.999960e-01 7.800840e+01
9.999985e-01 1.716039e-03 -1.887002e-04 4.083331e+01 -1.716066e-03 9.999985e-01 -1.451008e-04 -1.700063e+00 1.884511e-04 1.454250e-04 1.000000e+00 7.833751e+01
9.999950e-01 -1.624542e-03 -2.728922e-03 4.133387e+01 1.625533e-03 9.999986e-01 3.607680e-04 -1.712123e+00 2.728332e-03 -3.652027e-04 9.999962e-01 7.821184e+01
9.999980e-01 1.660826e-03 1.096348e-03 4.217306e+01 -1.660707e-03 9.999986e-01 -1.087344e-04 -1.743149e+00 -1.096527e-03 1.069141e-04 9.999994e-01 7.845780e+01
9.999951e-01 -1.365530e-03 -2.811879e-03 4.311410e+01 1.366930e-03 9.999989e-01 4.959528e-04 -1.780573e+00 2.811199e-03 -4.997946e-04 9.999959e-01 7.894656e+01
9.999988e-01 1.501929e-03 -3.640549e-04 4.363601e+01 -1.502085e-03 9.999988e-01 -4.291616e-04 -1.778281e+00 3.634101e-04 4.297085e-04 9.999998e-01 7.829881e+01
9.999954e-01 -1.510427e-03 -2.613858e-03 4.444949e+01 1.512443e-03 9.999986e-01 7.697501e-04 -1.781532e+00 2.612692e-03 -7.737006e-04 9.999963e-01 7.795834e+01
9.999981e-01 1.740607e-03 -9.065215e-04 4.498617e+01 -1.740843e-03 9.999985e-01 -2.594457e-04 -1.804794e+00 9.060687e-04 2.610239e-04 9.999996e-01 7.827375e+01
9.999950e-01 -1.506066e-03 -2.772418e-03 4.546960e+01 1.507954e-03 9.999986e-01 6.791013e-04 -1.826485e+00 2.771391e-03 -6.832792e-04 9.999959e-01 7.867268e+01
9.999982e-01 1.733051e-03 -7.346967e-04 4.607119e+01 -1.733186e-03 9.999985e-01 -1.838833e-04 -1.841209e+00 7.343771e-04 1.851570e-04 9.999997e-01 7.885447e+01
9.999929e-01 -1.626147e-03 -3.399690e-03 4.627464e+01 1.628140e-03 9.999985e-01 5.837299e-04 -1.851464e+00 3.398736e-03 -5.892615e-04 9.999941e-01 7.918741e+01
9.999983e-01 1.818931e-03 1.864168e-04 4.668749e+01 -1.818907e-03 9.999983e-01 -1.248821e-04 -1.881610e+00 -1.866435e-04 1.245434e-04 1.000000e+00 7.968754e+01
9.999956e-01 -1.471728e-03 -2.560828e-03 4.826153e+01 1.474187e-03 9.999985e-01 9.590743e-04 -1.942637e+00 2.559412e-03 -9.628459e-04 9.999963e-01 8.076326e+01
