9.999882e-01 2.058843e-04 -4.848222e-03 1.902235e-01 -2.039160e-04 9.999999e-01 4.064877e-04 1.449930e-02 4.848305e-03 -4.054950e-04 9.999882e-01 3.918126e-01
9.999962e-01 -6.030761e-05 2.745448e-03 1.662646e+00 6.249749e-05 9.999997e-01 -7.975494e-04 6.379960e-02 -2.745399e-03 7.977187e-04 9.999959e-01 -1.627405e+00
9.999857e-01 1.115229e-04 -5.350519e-03 2.513259e+00 -1.061724e-04 9.999995e-01 1.000280e-03 7.480497e-02 5.350628e-03 -9.996980e-04 9.999852e-01 -1.830355e+00
9.999987e-01 3.260830e-05 1.592080e-03 2.370993e+00 -3.150259e-05 9.999998e-01 -6.945086e-04 7.675492e-02 -1.592102e-03 6.944583e-04 9.999985e-01 -9.576538e-01
9.999897e-01 2.529392e-04 -4.524706e-03 2.429075e+00 -2.486141e-04 9.999995e-01 9.564264e-04 5.924211e-02 4.524946e-03 -9.552924e-04 9.999893e-01 -1.504944e-02
9.999986e-01 8.000959e-05 1.661897e-03 2.599274e+00 -7.878937e-05 9.999997e-01 -7.342701e-04 3.704332e-02 -1.661955e-03 7.341389e-04 9.999983e-01 8.575558e-01
9.999895e-01 1.809827e-04 -4.574765e-03 2.803805e+00 -1.762811e-04 9.999995e-01 1.028121e-03 1.203899e-02 4.574948e-03 -1.027305e-03 9.999890e-01 1.572722e+00
9.999975e-01 1.436523e-04 2.250490e-03 3.062644e+00 -1.418967e-04 9.999997e-01 -7.801957e-04 -1.750833e-02 -2.250601e-03 7.798751e-04 9.999972e-01 2.628548e+00
9.999876e-01 1.373192e-04 -4.980987e-03 2.933241e+00 -1.328066e-04 9.999996e-01 9.062906e-04 -2.826605e-02 4.981109e-03 -9.056186e-04 9.999872e-01 3.950674e+00
9.999991e-01 4.235721e-05 1.335748e-03 2.647182e+00 -4.165582e-05 9.999999e-01 -5.250916e-04 -2.479335e-02 -1.335770e-03 5.250362e-04 9.999990e-01 5.326628e+00
9.999857e-01 1.092781e-04 -5.351583e-03 2.331189e+00 -1.039719e-04 9.999995e-01 9.917887e-04 -1.726341e-02 5.351689e-03 -9.912188e-04 9.999852e-01 6.579542e+00
9.999992e-01 2.960257e-05 1.235394e-03 2.237851e+00 -2.915787e-05 9.999999e-01 -3.599497e-04 -1.537504e-02 -1.235404e-03 3.599141e-04 9.999992e-01 7.545194e+00
9.999886e-01 1.853294e-04 -4.768461e-03 3.221710e+00 -1.818022e-04 9.999997e-01 7.401333e-04 5.460419e-04 4.768597e-03 -7.392586e-04 9.999884e-01 6.710995e+00
9.999970e-01 -9.240991e-05 2.449624e-03 4.224440e+00 9.353737e-05 9.999999e-01 -4.601315e-04 4.016327e-03 -2.449581e-03 4.603600e-04 9.999969e-01 6.255125e+00
9.999846e-01 3.622299e-04 -5.544477e-03 4.578558e+00 -3.570543e-04 9.999995e-01 9.344240e-04 -8.954955e-03 5.544813e-03 -9.324306e-04 9.999842e-01 7.057015e+00
9.999952e-01 -3.307168e-05 3.093816e-03 4.873379e+00 3.465248e-05 9.999999e-01 -5.108871e-04 -3.244740e-02 -3.093798e-03 5.109926e-04 9.999951e-01 8.269213e+00
9.999805e-01 2.905115e-04 -6.231740e-03 4.811550e+00 -2.849199e-04 9.999996e-01 8.981475e-04 -4.138192e-02 6.231998e-03 -8.963552e-04 9.999802e-01 9.445806e+00
9.999947e-01 4.023978e-05 3.268284e-03 5.118034e+00 -3.861725e-05 9.999999e-01 -4.964960e-04 -6.453393e-02 -3.268303e-03 4.963679e-04 9.999945e-01 1.032360e+01
9.999824e-01 3.103944e-04 -5.929408e-03 5.323034e+00 -3.058775e-04 9.999997e-01 7.626616e-04 -8.924452e-02 5.929643e-03 -7.608352e-04 9.999821e-01 1.135675e+01
9.999937e-01 6.101696e-05 3.560743e-03 5.633475e+00 -5.917612e-05 9.999999e-01 -5.170707e-04 -1.173499e-01 -3.560773e-03 5.168574e-04 9.999935e-01 1.243628e+01
9.999808e-01 2.567472e-04 -6.193829e-03 5.596395e+00 -2.524832e-04 9.999997e-01 6.892095e-04 -1.328311e-01 6.194004e-03 -6.876332e-04 9.999806e-01 1.383927e+01
9.999901e-01 2.278002e-04 4.448613e-03 6.017565e+00 -2.258192e-04 9.999999e-01 -4.457994e-04 -1.683028e-01 -4.448714e-03 4.447911e-04 9.999900e-01 1.538283e+01
9.999789e-01 1.507023e-04 -6.494207e-03 6.915337e+00 -1.447990e-04 9.999996e-01 9.094871e-04 -1.865761e-01 6.494341e-03 -9.085283e-04 9.999785e-01 1.633638e+01
9.999895e-01 2.255396e-04 4.587808e-03 7.783435e+00 -2.236420e-04 9.999999e-01 -4.141102e-04 -2.155879e-01 -4.587901e-03 4.130805e-04 9.999894e-01 1.739991e+01
9.999803e-01 2.212518e-04 -6.280323e-03 8.111798e+00 -2.170108e-04 9.999997e-01 6.759596e-04 -2.535203e-01 6.280471e-03 -6.745840e-04 9.999801e-01 1.889044e+01
9.999942e-01 1.457946e-04 3.410643e-03 8.491633e+00 -1.449297e-04 1.000000e+00 -2.538265e-04 -2.739550e-01 -3.410679e-03 2.533315e-04 9.999942e-01 2.016043e+01
9.999827e-01 2.327568e-04 -5.880975e-03 8.830904e+00 -2.285975e-04 9.999997e-01 7.079132e-04 -2.907264e-01 5.881138e-03 -7.065573e-04 9.999825e-01 2.131667e+01
9.999924e-01 2.395936e-04 3.901501e-03 9.179696e+00 -2.376890e-04 9.999999e-01 -4.886048e-04 -3.223428e-01 -3.901617e-03 4.876745e-04 9.999923e-01 2.263383e+01
9.999822e-01 2.020798e-04 -5.967156e-03 9.637374e+00 -1.973941e-04 9.999997e-01 7.858464e-04 -3.552218e-01 5.967313e-03 -7.846553e-04 9.999819e-01 2.390635e+01
9.999938e-01 1.507003e-04 3.516960e-03 9.844831e+00 -1.492046e-04 9.999999e-01 -4.255279e-04 -3.685032e-01 -3.517024e-03 4.250012e-04 9.999937e-01 2.500169e+01
9.999822e-01 2.090864e-04 -5.956153e-03 1.003884e+01 -2.050773e-04 9.999998e-01 6.737141e-04 -3.942412e-01 5.956292e-03 -6.724814e-04 9.999820e-01 2.609498e+01
9.999938e-01 1.646967e-04 3.515077e-03 1.034676e+01 -1.632743e-04 9.999999e-01 -4.049159e-04 -4.232810e-01 -3.515143e-03 4.043402e-04 9.999937e-01 2.713095e+01
9.999809e-01 1.361528e-04 -6.181927e-03 1.034345e+01 -1.324094e-04 9.999998e-01 6.059498e-04 -4.392558e-01 6.182008e-03 -6.051204e-04 9.999807e-01 2.831846e+01
9.999965e-01 3.843618e-05 2.645927e-03 1.020459e+01 -3.772099e-05 1.000000e+00 -2.703295e-04 -4.432733e-01 -2.645937e-03 2.702294e-04 9.999965e-01 2.923930e+01
9.999764e-01 1.690964e-04 -6.873430e-03 9.991286e+00 -1.644068e-04 9.999998e-01 6.828523e-04 -4.428594e-01 6.873543e-03 -6.817068e-04 9.999761e-01 2.981699e+01
9.999952e-01 5.401434e-05 3.108472e-03 9.932126e+00 -5.289404e-05 9.999999e-01 -3.604630e-04 -4.507573e-01 -3.108491e-03 3.602976e-04 9.999951e-01 3.027468e+01
9.999734e-01 8.426552e-05 -7.289446e-03 9.769184e+00 -7.840812e-05 9.999997e-01 8.038346e-04 -4.497174e-01 7.289511e-03 -8.032424e-04 9.999731e-01 3.090197e+01
9.999944e-01 6.211982e-05 3.352956e-03 9.622828e+00 -6.086311e-05 9.999999e-01 -3.748869e-04 -4.492222e-01 -3.352978e-03 3.746814e-04 9.999943e-01 3.171033e+01
9.999679e-01 1.123996e-04 -8.006214e-03 9.314603e+00 -1.056095e-04 9.999996e-01 8.485280e-04 -4.400075e-01 8.006306e-03 -8.476560e-04 9.999676e-01 3.229027e+01
9.999954e-01 1.382403e-04 3.017226e-03 8.960574e+00 -1.368876e-04 9.999999e-01 -4.485072e-04 -4.362826e-01 -3.017288e-03 4.480928e-04 9.999953e-01 3.244897e+01
9.999713e-01 1.055640e-04 -7.568948e-03 8.718840e+00 -9.970300e-05 9.999997e-01 7.747347e-04 -4.384874e-01 7.569027e-03 -7.739586e-04 9.999711e-01 3.261661e+01
9.999931e-01 1.666265e-04 3.704567e-03 8.630767e+00 -1.648168e-04 9.999999e-01 -4.887662e-04 -4.491911e-01 -3.704648e-03 4.881530e-04 9.999930e-01 3.291968e+01
9.999756e-01 5.930715e-05 -6.979543e-03 8.712059e+00 -5.391811e-05 9.999997e-01 7.723139e-04 -4.671683e-01 6.979587e-03 -7.719195e-04 9.999753e-01 3.341145e+01
9.999926e-01 1.676067e-04 3.844094e-03 8.923454e+00 -1.659560e-04 9.999999e-01 -4.297240e-04 -4.895373e-01 -3.844165e-03 4.290835e-04 9.999925e-01 3.387528e+01
9.999671e-01 6.205812e-05 -8.113424e-03 8.786374e+00 -5.598957e-05 9.999997e-01 7.481971e-04 -4.956037e-01 8.113468e-03 -7.477189e-04 9.999668e-01 3.393562e+01
9.999914e-01 1.930132e-04 4.138036e-03 8.682213e+00 -1.910932e-04 9.999999e-01 -4.643696e-04 -5.055467e-01 -4.138125e-03 4.635756e-04 9.999913e-01 3.421069e+01
9.999715e-01 5.605645e-07 -7.549798e-03 8.708993e+00 5.270938e-06 9.999997e-01 7.723946e-04 -5.195481e-01 7.549796e-03 -7.724131e-04 9.999712e-01 3.478211e+01
9.999931e-01 2.037957e-04 3.711892e-03 8.605558e+00 -2.022385e-04 9.999999e-01 -4.198666e-04 -5.256480e-01 -3.711977e-03 4.191137e-04 9.999930e-01 3.527343e+01
9.999764e-01 -4.222532e-07 -6.873783e-03 8.595389e+00 4.663463e-06 9.999998e-01 6.170071e-04 -5.403885e-01 6.873781e-03 -6.170253e-04 9.999762e-01 3.587896e+01
9.999927e-01 2.652113e-04 3.806773e-03 8.706390e+00 -2.639153e-04 9.999999e-01 -3.409249e-04 -5.626221e-01 -3.806863e-03 3.399185e-04 9.999927e-01 3.650111e+01
9.999705e-01 -7.147077e-05 -7.686803e-03 8.853673e+00 7.651922e-05 9.999998e-01 6.564865e-04 -5.682442e-01 7.686754e-03 -6.570560e-04 9.999702e-01 3.636381e+01
9.999909e-01 2.665227e-04 4.248480e-03 9.018815e+00 -2.644761e-04 9.999998e-01 -4.822620e-04 -5.789708e-01 -4.248607e-03 4.811347e-04 9.999909e-01 3.637073e+01
9.999704e-01 -2.653575e-05 -7.694279e-03 9.021589e+00 3.182660e-05 9.999998e-01 6.875221e-04 -5.940780e-01 7.694258e-03 -6.877473e-04 9.999702e-01 3.675158e+01
9.999913e-01 2.619714e-04 4.172564e-03 9.263994e+00 -2.599489e-04 9.999998e-01 -4.852431e-04 -6.071100e-01 -4.172690e-03 4.841549e-04 9.999912e-01 3.663505e+01
9.999728e-01 -2.972800e-05 -7.374627e-03 9.434427e+00 3.389596e-05 9.999998e-01 5.650616e-04 -6.192727e-01 7.374609e-03 -5.652969e-04 9.999726e-01 3.650675e+01
9.999909e-01 2.342188e-04 4.263255e-03 9.721968e+00 -2.323223e-04 9.999999e-01 -4.453127e-04 -6.315139e-01 -4.263358e-03 4.443189e-04 9.999908e-01 3.629092e+01
9.999767e-01 -6.632693e-05 -6.827234e-03 1.032681e+01 7.148078e-05 9.999997e-01 7.546667e-04 -6.521941e-01 6.827182e-03 -7.551378e-04 9.999764e-01 3.637245e+01
9.999926e-01 3.083827e-04 3.840642e-03 1.037783e+01 -3.062509e-04 9.999998e-01 -5.556123e-04 -6.716670e-01 -3.840813e-03 5.544326e-04 9.999925e-01 3.704066e+01
9.999656e-01 -1.075226e-04 -8.289709e-03 1.035507e+01 1.145709e-04 9.999996e-01 8.497805e-04 -6.769495e-01 8.289614e-03 -8.507017e-04 9.999653e-01 3.691418e+01
9.999801e-01 1.632823e-04 6.308473e-03 1.186373e+01 -1.611523e-04 9.999999e-01 -3.381272e-04 -6.790541e-01 -6.308528e-03 3.371046e-04 9.999800e-01 3.650363e+01
9.999701e-01 1.470944e-04 -7.735690e-03 1.326847e+01 -1.422361e-04 9.999998e-01 6.285974e-04 -6.963130e-01 7.735781e-03 -6.274790e-04 9.999699e-01 3.663143e+01
9.999949e-01 1.352204e-04 3.197323e-03 1.303492e+01 -1.341566e-04 9.999999e-01 -3.328942e-04 -6.987253e-01 -3.197367e-03 3.324642e-04 9.999948e-01 3.683850e+01
9.999766e-01 1.259980e-04 -6.841131e-03 1.297517e+01 -1.223911e-04 9.999999e-01 5.276554e-04 -7.136661e-01 6.841196e-03 -5.268064e-04 9.999765e-01 3.724337e+01
9.999945e-01 1.331664e-04 3.315596e-03 1.303722e+01 -1.315354e-04 9.999999e-01 -4.921034e-04 -7.283520e-01 -3.315661e-03 4.916653e-04 9.999944e-01 3.722006e+01
9.999782e-01 1.061459e-04 -6.608438e-03 1.305826e+01 -1.021904e-04 9.999998e-01 5.988963e-04 -7.452651e-01 6.608500e-03 -5.982086e-04 9.999780e-01 3.752723e+01
9.999948e-01 9.581467e-05 3.223249e-03 1.300747e+01 -9.469229e-05 9.999999e-01 -3.483327e-04 -7.561124e-01 -3.223282e-03 3.480264e-04 9.999947e-01 3.818084e+01
9.999792e-01 1.143557e-04 -6.455726e-03 1.296381e+01 -1.106468e-04 9.999998e-01 5.748830e-04 -7.679902e-01 6.455791e-03 -5.741574e-04 9.999790e-01 3.885343e+01
9.999980e-01 1.346159e-04 2.005845e-03 1.267805e+01 -1.340377e-04 9.999999e-01 -2.883509e-04 -7.693254e-01 -2.005883e-03 2.880822e-04 9.999979e-01 3.916777e+01
9.999781e-01 1.167755e-04 -6.622859e-03 1.235735e+01 -1.127530e-04 9.999998e-01 6.077501e-04 -7.677169e-01 6.622928e-03 -6.069907e-04 9.999779e-01 3.948575e+01
9.999985e-01 1.593902e-04 1.705292e-03 1.197867e+01 -1.589303e-04 1.000000e+00 -2.697683e-04 -7.629263e-01 -1.705334e-03 2.694976e-04 9.999985e-01 3.969693e+01
9.999873e-01 8.197477e-05 -5.030723e-03 1.211194e+01 -7.884651e-05 9.999998e-01 6.220453e-04 -7.734300e-01 5.030773e-03 -6.216415e-04 9.999872e-01 4.030549e+01
9.999985e-01 1.256564e-04 1.718092e-03 1.207474e+01 -1.250480e-04 9.999999e-01 -3.541676e-04 -7.854494e-01 -1.718136e-03 3.539530e-04 9.999985e-01 4.101626e+01
9.999866e-01 8.069450e-05 -5.168652e-03 1.203099e+01 -7.750188e-05 9.999998e-01 6.179057e-04 -7.974875e-01 5.168700e-03 -6.174975e-04 9.999865e-01 4.162833e+01
9.999986e-01 1.511514e-04 1.663376e-03 1.191780e+01 -1.504978e-04 9.999999e-01 -3.929820e-04 -8.079277e-01 -1.663435e-03 3.927319e-04 9.999985e-01 4.225151e+01
9.999852e-01 4.208274e-05 -5.444598e-03 1.173170e+01 -3.829412e-05 9.999998e-01 6.959703e-04 -8.115768e-01 5.444626e-03 -6.957522e-04 9.999849e-01 4.296155e+01
9.999975e-01 1.730843e-04 2.225451e-03 1.165649e+01 -1.721911e-04 9.999999e-01 -4.014737e-04 -8.216275e-01 -2.225520e-03 4.010902e-04 9.999974e-01 4.393478e+01
9.999865e-01 1.250895e-04 -5.186398e-03 1.174246e+01 -1.213647e-04 9.999997e-01 7.185178e-04 -8.399456e-01 5.186486e-03 -7.178794e-04 9.999863e-01 4.491100e+01
9.999975e-01 1.324193e-04 2.220512e-03 1.180791e+01 -1.314707e-04 9.999999e-01 -4.273070e-04 -8.586056e-01 -2.220569e-03 4.270147e-04 9.999974e-01 4.593685e+01
9.999855e-01 1.329111e-04 -5.388861e-03 1.176144e+01 -1.290209e-04 9.999997e-01 7.222559e-04 -8.702391e-01 5.388955e-03 -7.215509e-04 9.999852e-01 4.686006e+01
9.999979e-01 1.183700e-04 2.023968e-03 1.177214e+01 -1.173576e-04 9.999999e-01 -5.002935e-04 -8.854636e-01 -2.024027e-03 5.000556e-04 9.999978e-01 4.726619e+01
9.999847e-01 4.241362e-05 -5.540348e-03 1.162895e+01 -3.852654e-05 9.999998e-01 7.017194e-04 -8.905550e-01 5.540376e-03 -7.014959e-04 9.999844e-01 4.802117e+01
9.999970e-01 1.945801e-04 2.452315e-03 1.159411e+01 -1.934432e-04 9.999999e-01 -4.637879e-04 -9.038877e-01 -2.452405e-03 4.633128e-04 9.999969e-01 4.882582e+01
9.999820e-01 1.177108e-05 -6.001284e-03 1.163344e+01 -7.175631e-06 9.999997e-01 7.657836e-04 -9.181273e-01 6.001291e-03 -7.657274e-04 9.999817e-01 4.926525e+01
9.999977e-01 2.430752e-04 2.112453e-03 1.153667e+01 -2.418902e-04 9.999998e-01 -5.611832e-04 -9.270234e-01 -2.112589e-03 5.606717e-04 9.999976e-01 4.940873e+01
9.999849e-01 -5.037521e-05 -5.498672e-03 1.143270e+01 5.450818e-05 9.999997e-01 7.515050e-04 -9.350315e-01 5.498633e-03 -7.517941e-04 9.999846e-01 5.012551e+01
9.999933e-01 4.127365e-04 3.641971e-03 1.244541e+01 -4.118038e-04 9.999999e-01 -2.568125e-04 -9.661875e-01 -3.642076e-03 2.553117e-04 9.999933e-01 5.086714e+01
9.999881e-01 5.118230e-05 -4.877424e-03 1.345438e+01 -4.751030e-05 9.999997e-01 7.529929e-04 -1.009561e+00 4.877461e-03 -7.527530e-04 9.999878e-01 5.208699e+01
9.999948e-01 4.463806e-04 3.192387e-03 1.407436e+01 -4.452260e-04 9.999998e-01 -3.623558e-04 -1.046169e+00 -3.192548e-03 3.609333e-04 9.999948e-01 5.351759e+01
9.999878e-01 -3.118812e-05 -4.929540e-03 1.447543e+01 3.470047e-05 9.999997e-01 7.124509e-04 -1.078971e+00 4.929517e-03 -7.126140e-04 9.999876e-01 5.501399e+01
9.999956e-01 4.420304e-04 2.941210e-03 1.616118e+01 -4.418462e-04 9.999999e-01 -6.323559e-05 -1.104575e+00 -2.941237e-03 6.193646e-05 9.999957e-01 5.558564e+01
9.999906e-01 2.731617e-06 -4.343523e-03 1.745377e+01 2.668231e-07 9.999998e-01 6.903514e-04 -1.136512e+00 4.343523e-03 -6.903468e-04 9.999903e-01 5.664073e+01
9.999958e-01 5.575568e-04 2.833581e-03 1.840632e+01 -5.568388e-04 9.999998e-01 -2.541310e-04 -1.185904e+00 -2.833722e-03 2.525528e-04 9.999960e-01 5.813195e+01
9.999887e-01 -9.796370e-05 -4.758061e-03 1.887230e+01 1.006954e-04 9.999998e-01 5.739043e-04 -1.218817e+00 4.758004e-03 -5.743777e-04 9.999885e-01 5.958003e+01
9.999980e-01 4.646198e-04 1.921642e-03 1.908776e+01 -4.640499e-04 9.999998e-01 -2.969609e-04 -1.243065e+00 -1.921780e-03 2.960693e-04 9.999981e-01 6.059201e+01
9.999874e-01 -1.990008e-04 -5.008922e-03 1.959197e+01 2.027891e-04 9.999997e-01 7.558303e-04 -1.264953e+00 5.008770e-03 -7.568372e-04 9.999872e-01 6.110091e+01
9.999987e-01 3.961176e-04 1.546004e-03 1.990804e+01 -3.954071e-04 9.999998e-01 -4.597481e-04 -1.273365e+00 -1.546185e-03 4.591370e-04 9.999987e-01 6.102852e+01
9.999870e-01 -2.079592e-04 -5.096154e-03 2.025499e+01 2.113707e-04 9.999998e-01 6.689183e-04 -1.278411e+00 5.096013e-03 -6.699875e-04 9.999868e-01 6.063798e+01
9.999991e-01 3.326572e-04 1.289276e-03 2.050631e+01 -3.323963e-04 9.999999e-01 -2.025327e-04 -1.281750e+00 -1.289343e-03 2.021047e-04 9.999991e-01 6.074665e+01
9.999921e-01 -1.693932e-04 -3.965063e-03 2.133739e+01 1.720372e-04 9.999998e-01 6.665372e-04 -1.300585e+00 3.964949e-03 -6.672148e-04 9.999919e-01 6.084217e+01
9.999982e-01 2.170051e-04 1.884447e-03 2.274831e+01 -2.167383e-04 1.000000e+00 -1.417402e-04 -1.305123e+00 -1.884478e-03 1.413322e-04 9.999982e-01 6.043801e+01
9.999932e-01 -2.212974e-04 -3.677932e-03 2.417475e+01 2.230818e-04 9.999999e-01 4.847995e-04 -1.302264e+00 3.677824e-03 -4.856174e-04 9.999931e-01 5.983250e+01
9.999995e-01 2.842680e-04 9.349593e-04 2.500335e+01 -2.842015e-04 1.000000e+00 -7.114213e-05 -1.307776e+00 -9.349792e-04 7.087708e-05 9.999996e-01 5.953681e+01
9.999938e-01 -1.746717e-04 -3.520706e-03 2.599934e+01 1.764719e-04 9.999999e-01 5.110582e-04 -1.318258e+00 3.520616e-03 -5.116770e-04 9.999937e-01 5.935572e+01
9.999997e-01 2.868556e-04 7.810064e-04 2.677254e+01 -2.867495e-04 9.999999e-01 -1.358727e-04 -1.330024e+00 -7.810450e-04 1.356494e-04 9.999997e-01 5.923514e+01
9.999937e-01 -1.988099e-04 -3.546733e-03 2.750993e+01 2.005677e-04 9.999999e-01 4.952954e-04 -1.342347e+00 3.546634e-03 -4.960043e-04 9.999936e-01 5.911214e+01
9.999996e-01 4.693430e-04 7.100823e-04 2.786067e+01 -4.692284e-04 9.999999e-01 -1.613060e-04 -1.368909e+00 -7.101576e-04 1.609735e-04 9.999997e-01 5.958626e+01
9.999928e-01 -2.923723e-04 -3.789019e-03 2.833208e+01 2.945210e-04 9.999998e-01 5.665798e-04 -1.391703e+00 3.788852e-03 -5.676924e-04 9.999927e-01 5.981902e+01
9.999992e-01 3.319130e-04 1.218132e-03 2.923124e+01 -3.317311e-04 9.999999e-01 -1.493789e-04 -1.399965e+00 -1.218181e-03 1.489754e-04 9.999992e-01 5.953979e+01
9.999926e-01 -2.224397e-04 -3.853120e-03 2.990183e+01 2.243480e-04 9.999999e-01 4.948760e-04 -1.416580e+00 3.853009e-03 -4.957374e-04 9.999925e-01 5.948650e+01
9.999990e-01 3.742577e-04 1.374769e-03 3.084841e+01 -3.743230e-04 9.999999e-01 4.739166e-05 -1.443408e+00 -1.374751e-03 -4.790552e-05 9.999991e-01 5.963800e+01
9.999900e-01 -2.469946e-04 -4.471345e-03 3.136465e+01 2.476874e-04 1.000000e+00 1.544328e-04 -1.446210e+00 4.471307e-03 -1.555394e-04 9.999900e-01 5.920260e+01
9.999997e-01 6.009511e-04 5.202891e-04 3.141873e+01 -6.008236e-04 9.999998e-01 -2.448440e-04 -1.446242e+00 -5.204359e-04 2.445320e-04 9.999998e-01 5.844162e+01
9.999932e-01 -4.794996e-04 -3.663939e-03 3.187031e+01 4.807820e-04 9.999998e-01 3.491790e-04 -1.445647e+00 3.663770e-03 -3.509388e-04 9.999932e-01 5.787818e+01
9.999991e-01 5.499458e-04 1.186413e-03 3.277887e+01 -5.500435e-04 9.999998e-01 8.208608e-05 -1.461626e+00 -1.186367e-03 -8.273789e-05 9.999993e-01 5.775060e+01
9.999938e-01 -4.645910e-04 -3.492003e-03 3.358155e+01 4.651657e-04 9.999999e-01 1.638052e-04 -1.470885e+00 3.491927e-03 -1.654292e-04 9.999939e-01 5.743828e+01
9.999994e-01 5.372633e-04 9.834215e-04 3.429923e+01 -5.372254e-04 9.999999e-01 -3.869260e-05 -1.472284e+00 -9.834418e-04 3.816496e-05 9.999995e-01 5.690060e+01
9.999915e-01 -3.672607e-04 -4.117673e-03 3.475189e+01 3.667972e-04 9.999999e-01 -1.132938e-04 -1.463649e+00 4.117714e-03 1.117818e-04 9.999915e-01 5.595648e+01
9.999996e-01 7.611057e-04 5.615939e-04 3.488006e+01 -7.609444e-04 9.999997e-01 -2.871634e-04 -1.456549e+00 -5.618120e-04 2.867366e-04 9.999998e-01 5.481610e+01
9.999935e-01 -6.035895e-04 -3.542591e-03 3.550805e+01 6.044697e-04 9.999998e-01 2.474296e-04 -1.446774e+00 3.542440e-03 -2.495701e-04 9.999937e-01 5.393811e+01
9.999996e-01 7.635840e-04 5.337734e-04 3.610776e+01 -7.634228e-04 9.999997e-01 -3.018326e-04 -1.437081e+00 -5.340034e-04 3.014256e-04 9.999998e-01 5.305123e+01
9.999947e-01 -7.601121e-04 -3.150844e-03 3.696447e+01 7.612665e-04 9.999996e-01 3.652418e-04 -1.424107e+00 3.150565e-03 -3.676392e-04 9.999950e-01 5.213074e+01
9.999995e-01 8.516786e-04 5.231304e-04 3.780552e+01 -8.515052e-04 9.999996e-01 -3.312831e-04 -1.412121e+00 -5.234120e-04 3.308381e-04 9.999998e-01 5.123516e+01
9.999940e-01 -6.760591e-04 -3.407566e-03 3.856510e+01 6.768828e-04 9.999997e-01 2.406041e-04 -1.398942e+00 3.407403e-03 -2.429098e-04 9.999942e-01 5.026372e+01
9.999989e-01 6.569199e-04 1.346900e-03 3.924007e+01 -6.567410e-04 9.999998e-01 -1.331671e-04 -1.411324e+00 -1.346987e-03 1.322831e-04 9.999991e-01 4.998366e+01
9.999957e-01 -4.792865e-04 -2.880583e-03 3.998730e+01 4.798104e-04 9.999999e-01 1.812555e-04 -1.430072e+00 2.880495e-03 -1.826376e-04 9.999958e-01 4.987630e+01
9.999994e-01 9.086136e-04 -6.039767e-04 4.013003e+01 -9.090393e-04 9.999993e-01 -7.052269e-04 -1.420271e+00 6.033358e-04 7.057763e-04 9.999996e-01 4.858455e+01
9.999963e-01 -5.969524e-04 -2.653549e-03 4.036969e+01 5.976891e-04 9.999998e-01 2.769013e-04 -1.410506e+00 2.653383e-03 -2.784869e-04 9.999964e-01 4.740110e+01
9.999996e-01 6.258725e-04 6.075247e-04 4.129085e+01 -6.258446e-04 9.999998e-01 -4.585203e-05 -1.419003e+00 -6.075530e-04 4.547250e-05 9.999998e-01 4.702377e+01
9.999962e-01 -5.923480e-04 -2.685582e-03 4.232172e+01 5.930968e-04 9.999998e-01 2.780812e-04 -1.423905e+00 2.685416e-03 -2.796737e-04 9.999964e-01 4.654683e+01
9.999992e-01 6.465691e-04 1.099691e-03 4.367799e+01 -6.467037e-04 9.999998e-01 1.221052e-04 -1.438625e+00 -1.099612e-03 -1.228156e-04 9.999994e-01 4.626038e+01
9.999957e-01 -6.066453e-04 -2.866849e-03 4.471152e+01 6.068339e-04 9.999998e-01 6.496311e-05 -1.443703e+00 2.866809e-03 -6.670323e-05 9.999959e-01 4.577698e+01
9.999994e-01 9.661383e-04 -5.693473e-04 4.486769e+01 -9.663930e-04 9.999994e-01 -4.476143e-04 -1.436521e+00 5.689148e-04 4.481649e-04 9.999997e-01 4.466731e+01
9.999978e-01 -1.036176e-03 -1.822090e-03 4.571402e+01 1.037292e-03 9.999993e-01 6.120064e-04 -1.432845e+00 1.821454e-03 -6.138958e-04 9.999982e-01 4.404661e+01
9.999995e-01 1.019886e-03 -2.335172e-04 4.712623e+01 -1.019959e-03 9.999994e-01 -3.120580e-04 -1.419908e+00 2.331991e-04 3.122968e-04 9.999999e-01 4.320625e+01
9.999980e-01 -1.081959e-03 -1.659201e-03 4.836302e+01 1.082892e-03 9.999993e-01 5.618152e-04 -1.413630e+00 1.658592e-03 -5.636115e-04 9.999985e-01 4.247061e+01
9.999993e-01 1.070343e-03 -4.446378e-04 4.932366e+01 -1.070511e-03 9.999994e-01 -3.772174e-04 -1.414688e+00 4.442341e-04 3.776939e-04 9.999998e-01 4.190357e+01
9.999965e-01 -8.522889e-04 -2.511138e-03 4.989044e+01 8.525587e-04 9.999996e-01 1.064485e-04 -1.402317e+00 2.511046e-03 -1.085897e-04 9.999968e-01 4.083885e+01
9.999983e-01 1.391978e-03 -1.219314e-03 4.994601e+01 -1.392817e-03 9.999988e-01 -6.872490e-04 -1.392116e+00 1.218356e-03 6.889468e-04 9.999990e-01 3.944424e+01
9.999975e-01 -1.157992e-03 -1.892651e-03 5.031528e+01 1.158813e-03 9.999992e-01 4.331804e-04 -1.383472e+00 1.892148e-03 -4.353732e-04 9.999981e-01 3.846055e+01
9.999969e-01 6.466156e-04 2.398343e-03 5.428183e+01 -6.471117e-04 9.999998e-01 2.061471e-04 -1.338370e+00 -2.398209e-03 -2.076978e-04 9.999971e-01 3.642875e+01
9.999993e-01 -8.287453e-04 -8.793596e-04 5.786180e+01 8.283939e-04 9.999996e-01 -3.997040e-04 -1.285239e+00 8.796902e-04 3.989746e-04 9.999995e-01 3.422740e+01
9.999955e-01 9.970224e-04 -2.831724e-03 5.815636e+01 -9.954992e-04 9.999994e-01 5.392046e-04 -1.290470e+00 2.832260e-03 -5.363825e-04 9.999958e-01 3.381709e+01
9.999986e-01 -9.055815e-04 -1.373198e-03 5.803194e+01 9.052745e-04 9.999996e-01 -2.240641e-04 -1.289463e+00 1.373400e-03 2.228199e-04 9.999990e-01 3.424791e+01
9.999936e-01 1.087727e-03 -3.416885e-03 5.802459e+01 -1.085486e-03 9.999992e-01 6.576754e-04 -1.293433e+00 3.417598e-03 -6.539615e-04 9.999939e-01 3.405027e+01
9.999987e-01 -1.035404e-03 1.204427e-03 5.934790e+01 1.035599e-03 9.999995e-01 -1.613299e-04 -1.292855e+00 -1.204260e-03 1.625763e-04 9.999993e-01 3.349851e+01
9.999912e-01 1.180206e-03 -4.020320e-03 5.997464e+01 -1.179776e-03 9.999993e-01 1.092082e-04 -1.284513e+00 4.020447e-03 -1.044634e-04 9.999919e-01 3.262347e+01
9.999985e-01 -1.048151e-03 1.379429e-03 6.059212e+01 1.048646e-03 9.999994e-01 -3.587927e-04 -1.271097e+00 -1.379053e-03 3.602380e-04 9.999990e-01 3.152730e+01
9.999921e-01 1.202674e-03 -3.799212e-03 6.128007e+01 -1.201772e-03 9.999992e-01 2.397953e-04 -1.265082e+00 3.799498e-03 -2.352269e-04 9.999928e-01 3.066150e+01
9.999997e-01 -7.366674e-04 2.632086e-04 6.141158e+01 7.368720e-04 9.999994e-01 -7.787651e-04 -1.254507e+00 -2.626350e-04 7.789581e-04 9.999997e-01 2.931139e+01
9.999907e-01 1.300360e-03 -4.115272e-03 6.145664e+01 -1.299802e-03 9.999991e-01 1.384001e-04 -1.242044e+00 4.115449e-03 -1.330491e-04 9.999915e-01 2.776728e+01
9.999997e-01 -7.796352e-04 2.018425e-04 6.150406e+01 7.797646e-04 9.999995e-01 -6.425909e-04 -1.231819e+00 -2.013417e-04 6.427474e-04 9.999998e-01 2.638466e+01
9.999901e-01 1.330162e-03 -4.244626e-03 6.153418e+01 -1.329649e-03 9.999991e-01 1.236836e-04 -1.221004e+00 4.244787e-03 -1.180378e-04 9.999910e-01 2.494475e+01
9.999990e-01 -1.038163e-03 1.000644e-03 6.183333e+01 1.038723e-03 9.999993e-01 -5.602326e-04 -1.209370e+00 -1.000062e-03 5.612707e-04 9.999993e-01 2.368773e+01
9.999901e-01 1.398206e-03 -4.230553e-03 6.210362e+01 -1.398021e-03 9.999990e-01 4.651816e-05 -1.196894e+00 4.230615e-03 -4.060260e-05 9.999911e-01 2.235751e+01
9.999988e-01 -1.101794e-03 1.071754e-03 6.255545e+01 1.102312e-03 9.999993e-01 -4.827961e-04 -1.183001e+00 -1.071221e-03 4.839763e-04 9.999993e-01 2.110301e+01
9.999873e-01 1.649588e-03 -4.758160e-03 6.264012e+01 -1.650416e-03 9.999986e-01 -1.700442e-04 -1.170250e+00 4.757873e-03 1.778956e-04 9.999887e-01 1.956645e+01
9.999985e-01 -1.215100e-03 1.259576e-03 6.288941e+01 1.215539e-03 9.999992e-01 -3.475994e-04 -1.156527e+00 -1.259153e-03 3.491292e-04 9.999991e-01 1.814495e+01
9.999845e-01 1.655419e-03 -5.312135e-03 6.290707e+01 -1.655087e-03 9.999986e-01 6.683263e-05 -1.152633e+00 5.312239e-03 -5.803886e-05 9.999859e-01 1.710513e+01
9.999981e-01 -1.293677e-03 1.488744e-03 6.299245e+01 1.293974e-03 9.999991e-01 -1.989687e-04 -1.152395e+00 -1.488485e-03 2.008940e-04 9.999989e-01 1.630997e+01
9.999816e-01 1.886307e-03 -5.771686e-03 6.294375e+01 -1.888084e-03 9.999982e-01 -3.024326e-04 -1.144443e+00 5.771105e-03 3.133252e-04 9.999833e-01 1.495472e+01
9.999987e-01 -1.011756e-03 1.291677e-03 6.284739e+01 1.012574e-03 9.999993e-01 -6.325665e-04 -1.125399e+00 -1.291036e-03 6.338729e-04 9.999990e-01 1.289248e+01
9.999850e-01 1.734120e-03 -5.190653e-03 6.284242e+01 -1.735436e-03 9.999985e-01 -2.490621e-04 -1.108488e+00 5.190213e-03 2.580672e-04 9.999865e-01 1.102823e+01
9.999960e-01 -1.532303e-03 2.357986e-03 6.315914e+01 1.532437e-03 9.999988e-01 -5.522438e-05 -1.101220e+00 -2.357898e-03 5.883694e-05 9.999972e-01 1.003776e+01
9.999903e-01 1.708412e-03 -4.047923e-03 6.450238e+01 -1.707247e-03 9.999985e-01 2.912249e-04 -1.125783e+00 4.048415e-03 -2.843105e-04 9.999918e-01 1.008752e+01
9.999971e-01 -1.504803e-03 1.880464e-03 6.491168e+01 1.505555e-03 9.999988e-01 -3.991208e-04 -1.135942e+00 -1.879861e-03 4.019501e-04 9.999982e-01 9.790458e+00
9.999803e-01 1.890312e-03 -5.989731e-03 6.480400e+01 -1.888118e-03 9.999981e-01 3.719089e-04 -1.134521e+00 5.990423e-03 -3.605915e-04 9.999820e-01 9.259738e+00
9.999969e-01 -1.537121e-03 1.959857e-03 6.466573e+01 1.537801e-03 9.999988e-01 -3.456043e-04 -1.131444e+00 -1.959324e-03 3.486164e-04 9.999980e-01 9.007189e+00
9.999694e-01 2.054054e-03 -7.552004e-03 6.425549e+01 -2.051504e-03 9.999978e-01 3.453763e-04 -1.121008e+00 7.552697e-03 -3.298720e-04 9.999714e-01 8.202960e+00
9.999963e-01 -1.314705e-03 2.395674e-03 6.400700e+01 1.316421e-03 9.999989e-01 -7.147647e-04 -1.112269e+00 -2.394732e-03 7.179151e-04 9.999969e-01 6.784027e+00
9.999807e-01 1.730393e-03 -5.975262e-03 6.413136e+01 -1.728793e-03 9.999985e-01 2.728218e-04 -1.103914e+00 5.975725e-03 -2.624859e-04 9.999821e-01 5.576997e+00
9.999967e-01 -1.294066e-03 2.217835e-03 6.419141e+01 1.295442e-03 9.999990e-01 -6.191331e-04 -1.098656e+00 -2.217032e-03 6.220035e-04 9.999973e-01 4.510827e+00
9.999824e-01 1.502697e-03 -5.731803e-03 6.440836e+01 -1.499743e-03 9.999987e-01 5.197234e-04 -1.095770e+00 5.732577e-03 -5.111174e-04 9.999834e-01 3.739666e+00
9.999965e-01 -1.288590e-03 2.294066e-03 6.482550e+01 1.289847e-03 9.999990e-01 -5.468928e-04 -1.091034e+00 -2.293360e-03 5.498492e-04 9.999972e-01 3.010111e+00
9.999829e-01 1.684274e-03 -5.605669e-03 6.504709e+01 -1.684389e-03 9.999986e-01 -1.597434e-05 -1.079061e+00 5.605635e-03 2.541689e-05 9.999843e-01 1.684280e+00
9.999965e-01 -1.334901e-03 2.265178e-03 6.528828e+01 1.335794e-03 9.999990e-01 -3.927479e-04 -1.069998e+00 -2.264652e-03 3.957717e-04 9.999974e-01 5.709209e-01
9.999832e-01 1.477251e-03 -5.610515e-03 6.575857e+01 -1.475245e-03 9.999988e-01 3.617208e-04 -1.063534e+00 5.611043e-03 -3.534371e-04 9.999842e-01 -2.634137e-01
9.999963e-01 -1.221810e-03 2.412405e-03 6.616275e+01 1.223263e-03 9.999991e-01 -6.010758e-04 -1.054586e+00 -2.411669e-03 6.040239e-04 9.999969e-01 -1.270383e+00
9.999898e-01 1.165663e-03 -4.369321e-03 6.724603e+01 -1.162005e-03 9.999990e-01 8.396951e-04 -1.054915e+00 4.370295e-03 -8.346087e-04 9.999901e-01 -1.839349e+00
9.999985e-01 -9.513985e-04 1.479483e-03 6.776917e+01 9.528719e-04 9.999991e-01 -9.956492e-04 -1.047780e+00 -1.478535e-03 9.970568e-04 9.999984e-01 -2.721355e+00
9.999873e-01 1.329562e-03 -4.851206e-03 6.795968e+01 -1.326985e-03 9.999990e-01 5.342165e-04 -1.037969e+00 4.851912e-03 -5.277715e-04 9.999881e-01 -3.955349e+00
9.999992e-01 -9.137818e-04 8.248928e-04 6.795755e+01 9.143809e-04 9.999993e-01 -7.265390e-04 -1.036217e+00 -8.242286e-04 7.272921e-04 9.999994e-01 -4.844921e+00
9.999857e-01 1.409060e-03 -5.152902e-03 6.790226e+01 -1.406482e-03 9.999989e-01 5.037944e-04 -1.033531e+00 5.153607e-03 -4.965391e-04 9.999866e-01 -5.845020e+00
9.999994e-01 -1.065956e-03 3.180822e-04 6.774337e+01 1.066089e-03 9.999993e-01 -4.166229e-04 -1.029304e+00 -3.176381e-04 4.169610e-04 9.999999e-01 -6.536217e+00
9.999880e-01 1.273205e-03 -4.720629e-03 6.790970e+01 -1.269634e-03 9.999989e-01 7.594952e-04 -1.025734e+00 4.721591e-03 -7.534920e-04 9.999886e-01 -6.888554e+00
9.999811e-01 -1.639650e-03 5.933316e-03 7.213997e+01 1.639711e-03 9.999987e-01 -5.433443e-06 -9.925193e-01 -5.933299e-03 1.516158e-05 9.999824e-01 -8.642781e+00
9.999922e-01 2.862170e-03 -2.726565e-03 7.588780e+01 -2.857839e-03 9.999947e-01 1.591061e-03 -1.160720e+00 2.731105e-03 -1.583256e-03 9.999950e-01 -5.590870e+00
9.999815e-01 -1.564018e-03 5.877865e-03 7.689273e+01 1.573172e-03 9.999976e-01 -1.553192e-03 -1.288311e+00 -5.875421e-03 1.562409e-03 9.999815e-01 -1.492871e+00
9.999511e-01 1.814081e-03 -9.719568e-03 7.708749e+01 -1.796597e-03 9.999968e-01 1.807248e-03 -1.299578e+00 9.722815e-03 -1.789697e-03 9.999511e-01 -1.725852e+00
9.999827e-01 -1.366644e-03 5.713683e-03 7.715815e+01 1.378404e-03 9.999969e-01 -2.054770e-03 -1.293910e+00 -5.710858e-03 2.062610e-03 9.999816e-01 -2.800824e+00
9.999562e-01 1.535758e-03 -9.234042e-03 7.747688e+01 -1.516590e-03 9.999967e-01 2.082437e-03 -1.294865e+00 9.237210e-03 -2.068340e-03 9.999552e-01 -3.372173e+00
9.999845e-01 -1.199980e-03 5.434242e-03 7.759562e+01 1.211511e-03 9.999970e-01 -2.119122e-03 -1.293718e+00 -5.431683e-03 2.125672e-03 9.999830e-01 -4.098681e+00
9.999571e-01 1.605006e-03 -9.123322e-03 7.774533e+01 -1.588766e-03 9.999971e-01 1.786914e-03 -1.286472e+00 9.126164e-03 -1.772342e-03 9.999568e-01 -5.201581e+00
9.999813e-01 -1.354046e-03 5.962435e-03 7.826453e+01 1.365942e-03 9.999971e-01 -1.991508e-03 -1.275057e+00 -5.959721e-03 1.999614e-03 9.999802e-01 -6.225320e+00
9.999687e-01 1.463524e-03 -7.775344e-03 7.918128e+01 -1.446033e-03 9.999964e-01 2.254671e-03 -1.296457e+00 7.778616e-03 -2.243356e-03 9.999672e-01 -6.207630e+00
9.999787e-01 -1.182624e-03 6.419467e-03 8.022031e+01 1.195187e-03 9.999974e-01 -1.953700e-03 -1.329021e+00 -6.417140e-03 1.961330e-03 9.999775e-01 -5.885644e+00
9.999613e-01 1.196015e-03 -8.716746e-03 8.121449e+01 -1.175172e-03 9.999964e-01 2.395748e-03 -1.339066e+00 8.719581e-03 -2.385411e-03 9.999591e-01 -6.153526e+00
9.999760e-01 -9.831327e-04 6.854468e-03 8.248608e+01 9.962599e-04 9.999977e-01 -1.912004e-03 -1.372357e+00 -6.852573e-03 1.918787e-03 9.999747e-01 -5.883980e+00
9.999821e-01 1.375529e-03 -5.826898e-03 8.558470e+01 -1.358325e-03 9.999947e-01 2.955394e-03 -1.425906e+00 5.830933e-03 -2.947425e-03 9.999787e-01 -5.424163e+00
9.999717e-01 -1.009907e-03 7.461366e-03 8.843445e+01 1.026987e-03 9.999969e-01 -2.285647e-03 -1.507217e+00 -7.459035e-03 2.293244e-03 9.999696e-01 -4.176181e+00
9.999544e-01 1.290754e-03 -9.464827e-03 8.903223e+01 -1.267211e-03 9.999961e-01 2.492990e-03 -1.531437e+00 9.468008e-03 -2.480882e-03 9.999521e-01 -3.905028e+00
9.999854e-01 -6.947454e-04 5.362914e-03 8.903720e+01 7.105667e-04 9.999954e-01 -2.948837e-03 -1.521998e+00 -5.360841e-03 2.952604e-03 9.999813e-01 -5.233663e+00
9.999647e-01 8.132316e-04 -8.360552e-03 8.963679e+01 -7.887006e-04 9.999954e-01 2.936996e-03 -1.513214e+00 8.362902e-03 -2.930297e-03 9.999607e-01 -6.078325e+00
9.999781e-01 -6.795106e-04 6.576546e-03 9.101088e+01 6.956267e-04 9.999968e-01 -2.448603e-03 -1.531411e+00 -6.574861e-03 2.453123e-03 9.999754e-01 -6.227323e+00
9.999544e-01 8.189842e-04 -9.517215e-03 9.159316e+01 -7.961923e-04 9.999968e-01 2.398332e-03 -1.524922e+00 9.519149e-03 -2.390644e-03 9.999518e-01 -7.008589e+00
9.999738e-01 -7.456638e-04 7.196421e-03 9.268743e+01 7.610410e-04 9.999974e-01 -2.134317e-03 -1.524464e+00 -7.194812e-03 2.139738e-03 9.999718e-01 -7.579559e+00
9.999449e-01 1.168997e-03 -1.043676e-02 9.290855e+01 -1.152315e-03 9.999980e-01 1.604246e-03 -1.512496e+00 1.043862e-02 -1.592131e-03 9.999442e-01 -8.927661e+00
9.999762e-01 -7.291402e-04 6.862066e-03 9.305737e+01 7.431340e-04 9.999976e-01 -2.037007e-03 -1.503468e+00 -6.860565e-03 2.042057e-03 9.999744e-01 -1.016687e+01
9.999576e-01 7.584690e-04 -9.180578e-03 9.385537e+01 -7.374776e-04 9.999971e-01 2.289653e-03 -1.503791e+00 9.182288e-03 -2.282785e-03 9.999552e-01 -1.068931e+01
9.999748e-01 -7.503235e-04 7.059647e-03 9.483946e+01 7.640845e-04 9.999978e-01 -1.946775e-03 -1.514750e+00 -7.058171e-03 1.952119e-03 9.999732e-01 -1.098907e+01
9.999577e-01 1.072519e-03 -9.140029e-03 9.553299e+01 -1.050219e-03 9.999965e-01 2.444249e-03 -1.553767e+00 9.142619e-03 -2.434546e-03 9.999552e-01 -1.030573e+01
9.999825e-01 -6.871271e-04 5.868994e-03 9.550465e+01 7.000073e-04 9.999974e-01 -2.192891e-03 -1.566296e+00 -5.867472e-03 2.196960e-03 9.999804e-01 -9.504399e+00
9.999821e-01 1.170477e-03 -5.869635e-03 9.575941e+01 -1.158866e-03 9.999974e-01 1.981049e-03 -1.617633e+00 5.871938e-03 -1.974211e-03 9.999808e-01 -7.175308e+00
9.999721e-01 -1.418443e-04 7.470551e-03 9.602349e+01 1.581305e-04 9.999976e-01 -2.179539e-03 -1.697158e+00 -7.470225e-03 2.180659e-03 9.999697e-01 -3.735470e+00
9.999051e-01 9.413937e-04 -1.374300e-02 9.525253e+01 -9.102971e-04 9.999970e-01 2.268784e-03 -1.692562e+00 1.374509e-02 -2.256058e-03 9.999030e-01 -3.799872e+00
9.999497e-01 -4.502193e-04 1.002437e-02 9.535700e+01 4.768306e-04 9.999964e-01 -2.652452e-03 -1.675863e+00 -1.002314e-02 2.657098e-03 9.999462e-01 -5.170454e+00
9.999253e-01 5.599563e-04 -1.220725e-02 9.653566e+01 -5.211080e-04 9.999948e-01 3.185329e-03 -1.697740e+00 1.220897e-02 -3.178729e-03 9.999204e-01 -5.130387e+00
9.999414e-01 -3.010814e-04 1.081747e-02 9.831863e+01 3.265312e-04 9.999972e-01 -2.350986e-03 -1.742454e+00 -1.081673e-02 2.354380e-03 9.999387e-01 -4.724858e+00
9.999234e-01 5.399178e-04 -1.236834e-02 9.991241e+01 -5.026757e-04 9.999953e-01 3.013975e-03 -1.772286e+00 1.236991e-02 -3.007526e-03 9.999190e-01 -4.615223e+00
9.999058e-01 3.756553e-04 1.371847e-02 1.010495e+02 -3.386408e-04 9.999963e-01 -2.700392e-03 -1.878465e+00 -1.371944e-02 2.695491e-03 9.999023e-01 -1.518755e+00
9.999248e-01 5.763510e-04 -1.224611e-02 1.021059e+02 -5.397001e-04 9.999954e-01 2.995937e-03 -1.987054e+00 1.224778e-02 -2.989102e-03 9.999205e-01 1.385615e+00
9.999469e-01 -4.378164e-04 1.029147e-02 1.034349e+02 4.629409e-04 9.999969e-01 -2.439056e-03 -2.005212e+00 -1.029037e-02 2.443691e-03 9.999441e-01 1.254666e+00
9.999220e-01 5.617084e-04 -1.247803e-02 1.046067e+02 -5.261651e-04 9.999958e-01 2.851548e-03 -2.012663e+00 1.247958e-02 -2.844760e-03 9.999181e-01 8.903684e-01
9.999523e-01 -4.562606e-04 9.755850e-03 1.053065e+02 4.813953e-04 9.999966e-01 -2.574209e-03 -2.013425e+00 -9.754643e-03 2.578782e-03 9.999491e-01 4.125259e-01
9.999271e-01 5.836777e-04 -1.205936e-02 1.062259e+02 -5.486681e-04 9.999956e-01 2.906188e-03 -2.022095e+00 1.206101e-02 -2.899359e-03 9.999231e-01 2.048195e-01
9.999452e-01 -3.360719e-04 1.046341e-02 1.077109e+02 3.597682e-04 9.999974e-01 -2.262908e-03 -2.055077e+00 -1.046262e-02 2.266548e-03 9.999427e-01 5.149930e-01
9.999266e-01 6.254708e-04 -1.210092e-02 1.090611e+02 -5.909260e-04 9.999957e-01 2.858066e-03 -2.096473e+00 1.210266e-02 -2.850704e-03 9.999227e-01 9.778023e-01
9.999550e-01 -4.174439e-04 9.480164e-03 1.096499e+02 4.432940e-04 9.999962e-01 -2.724848e-03 -2.106445e+00 -9.478991e-03 2.728927e-03 9.999513e-01 7.021659e-01
9.999288e-01 3.849685e-04 -1.192780e-02 1.103128e+02 -3.490095e-04 9.999954e-01 3.016633e-03 -2.115346e+00 1.192890e-02 -3.012255e-03 9.999243e-01 4.050339e-01
9.999532e-01 -1.491044e-04 9.675985e-03 1.112643e+02 1.736461e-04 9.999968e-01 -2.535584e-03 -2.145603e+00 -9.675576e-03 2.537144e-03 9.999500e-01 6.596104e-01
9.999274e-01 2.664794e-04 -1.204867e-02 1.121502e+02 -2.310886e-04 9.999957e-01 2.938593e-03 -2.164107e+00 1.204940e-02 -2.935594e-03 9.999231e-01 6.275963e-01
9.999449e-01 3.137089e-05 1.049347e-02 1.135428e+02 -7.589665e-06 9.999974e-01 -2.266344e-03 -2.211111e+00 -1.049351e-02 2.266139e-03 9.999424e-01 1.286735e+00
9.999332e-01 3.881599e-04 -1.155590e-02 1.150988e+02 -3.545195e-04 9.999957e-01 2.912985e-03 -2.266124e+00 1.155699e-02 -2.908693e-03 9.999290e-01 2.301099e+00
9.999498e-01 -2.282278e-04 1.001429e-02 1.172690e+02 2.506625e-04 9.999975e-01 -2.239101e-03 -2.296254e+00 -1.001376e-02 2.241498e-03 9.999473e-01 2.583607e+00
9.999382e-01 6.851511e-04 -1.109660e-02 1.190605e+02 -6.555049e-04 9.999962e-01 2.675049e-03 -2.333128e+00 1.109839e-02 -2.667609e-03 9.999349e-01 3.335375e+00
9.999409e-01 3.988395e-05 1.086843e-02 1.203454e+02 -1.464112e-05 9.999973e-01 -2.322676e-03 -2.414010e+00 -1.086850e-02 2.322379e-03 9.999382e-01 5.569952e+00
9.999258e-01 5.339108e-04 -1.216930e-02 1.210973e+02 -5.027572e-04 9.999966e-01 2.562913e-03 -2.472483e+00 1.217062e-02 -2.556604e-03 9.999227e-01 7.238968e+00
9.999355e-01 -4.799294e-04 1.134893e-02 1.241746e+02 4.965691e-04 9.999988e-01 -1.463443e-03 -2.506131e+00 -1.134822e-02 1.468983e-03 9.999345e-01 7.296387e+00
9.999350e-01 8.156118e-04 -1.137663e-02 1.273537e+02 -7.888545e-04 9.999969e-01 2.356227e-03 -2.526868e+00 1.137851e-02 -2.347098e-03 9.999325e-01 6.960337e+00
9.999498e-01 -6.120443e-04 9.998648e-03 1.289965e+02 6.301865e-04 9.999982e-01 -1.811436e-03 -2.546990e+00 -9.997521e-03 1.817645e-03 9.999484e-01 6.901112e+00
9.999317e-01 5.865318e-04 -1.167394e-02 1.308867e+02 -5.591774e-04 9.999971e-01 2.346308e-03 -2.529559e+00 1.167528e-02 -2.339620e-03 9.999291e-01 5.878295e+00
9.999477e-01 -4.223381e-04 1.021423e-02 1.321774e+02 4.419017e-04 9.999981e-01 -1.913173e-03 -2.537716e+00 -1.021340e-02 1.917586e-03 9.999460e-01 5.563628e+00
9.999290e-01 6.435129e-04 -1.189891e-02 1.336453e+02 -6.129906e-04 9.999965e-01 2.568582e-03 -2.568174e+00 1.190052e-02 -2.561105e-03 9.999259e-01 5.757143e+00
9.999590e-01 -4.334772e-04 9.043504e-03 1.344186e+02 4.531939e-04 9.999975e-01 -2.178301e-03 -2.586462e+00 -9.042538e-03 2.182309e-03 9.999567e-01 5.774987e+00
9.999198e-01 7.327630e-04 -1.264496e-02 1.345380e+02 -7.053734e-04 9.999974e-01 2.170350e-03 -2.586328e+00 1.264652e-02 -2.161255e-03 9.999177e-01 5.127208e+00
9.999505e-01 -5.757833e-04 9.936298e-03 1.349344e+02 5.967333e-04 9.999976e-01 -2.105626e-03 -2.594265e+00 -9.935062e-03 2.111451e-03 9.999484e-01 4.900964e+00
9.999287e-01 7.113562e-04 -1.192041e-02 1.358182e+02 -6.816631e-04 9.999967e-01 2.494802e-03 -2.618824e+00 1.192214e-02 -2.486498e-03 9.999258e-01 5.120380e+00
9.999513e-01 -3.840053e-04 9.861097e-03 1.363046e+02 4.051727e-04 9.999976e-01 -2.144673e-03 -2.653200e+00 -9.860250e-03 2.148563e-03 9.999491e-01 6.048064e+00
9.999269e-01 7.645724e-04 -1.206476e-02 1.370095e+02 -7.351485e-04 9.999967e-01 2.443061e-03 -2.688894e+00 1.206659e-02 -2.434013e-03 9.999242e-01 6.619712e+00
9.999566e-01 -6.307758e-04 9.296650e-03 1.375302e+02 6.543258e-04 9.999966e-01 -2.530375e-03 -2.682043e+00 -9.295023e-03 2.536347e-03 9.999536e-01 5.838045e+00
