9.999897e-01 2.158948e-04 -4.532693e-03 -2.195193e-01 -2.141119e-04 9.999999e-01 3.938260e-04 -5.663283e-03 4.532777e-03 -3.928521e-04 9.999896e-01 1.671901e-01
1.000000e+00 -9.281396e-05 2.293629e-04 -5.102165e-01 9.282788e-05 1.000000e+00 -6.057061e-05 -4.974898e-03 -2.293570e-04 6.059261e-05 1.000000e+00 6.435645e-01
9.999914e-01 2.381655e-04 -4.139803e-03 -7.383079e-01 -2.366733e-04 9.999999e-01 3.609456e-04 -6.754261e-03 4.139888e-03 -3.599634e-04 9.999914e-01 1.251304e+00
1.000000e+00 -6.155124e-05 2.968184e-04 -9.481176e-01 6.157789e-05 1.000000e+00 -8.968144e-05 -1.165399e-02 -2.968126e-04 8.970042e-05 1.000000e+00 1.832454e+00
9.999867e-01 3.845967e-04 -5.133727e-03 -1.275189e+00 -3.824559e-04 9.999998e-01 4.179973e-04 -1.395809e-02 5.133886e-03 -4.160290e-04 9.999867e-01 1.916921e+00
9.999997e-01 -1.166154e-04 7.401245e-04 -1.431206e+00 1.167234e-04 1.000000e+00 -1.457661e-04 -2.432184e-02 -7.401072e-04 1.458531e-04 9.999997e-01 1.950121e+00
9.999906e-01 3.059303e-04 -4.316880e-03 -1.379261e+00 -3.038193e-04 9.999998e-01 4.896680e-04 -4.105192e-02 4.317029e-03 -4.883526e-04 9.999906e-01 2.366806e+00
9.999995e-01 -1.360576e-04 9.871231e-04 -1.423318e+00 1.363015e-04 1.000000e+00 -2.468858e-04 -5.568609e-02 -9.870891e-04 2.470210e-04 9.999995e-01 2.955213e+00
9.999863e-01 2.540916e-04 -5.233434e-03 -1.719874e+00 -2.508250e-04 9.999998e-01 6.248393e-04 -5.376188e-02 5.233592e-03 -6.235188e-04 9.999861e-01 3.507633e+00
9.999998e-01 -5.082703e-05 6.576465e-04 -2.003892e+00 5.097439e-05 1.000000e+00 -2.240045e-04 -5.528472e-02 -6.576347e-04 2.240387e-04 9.999998e-01 3.786487e+00
9.999921e-01 2.299306e-04 -3.968044e-03 -1.975632e+00 -2.279709e-04 9.999999e-01 4.943470e-04 -7.203775e-02 3.968157e-03 -4.934392e-04 9.999920e-01 4.324087e+00
9.999999e-01 -6.339411e-05 -3.522556e-04 -2.215714e+00 6.335689e-05 1.000000e+00 -1.057644e-04 -7.451987e-02 3.522626e-04 1.057428e-04 9.999999e-01 4.789079e+00
9.999903e-01 2.969644e-04 -4.391181e-03 -2.486237e+00 -2.945677e-04 9.999998e-01 5.464546e-04 -7.526971e-02 4.391342e-03 -5.451565e-04 9.999902e-01 4.951792e+00
9.999998e-01 -7.008574e-05 6.424107e-04 -2.578139e+00 7.024571e-05 1.000000e+00 -2.489352e-04 -8.835586e-02 -6.423929e-04 2.489810e-04 9.999998e-01 5.376488e+00
9.999901e-01 2.228532e-04 -4.448062e-03 -2.631157e+00 -2.199381e-04 9.999998e-01 6.558537e-04 -9.977685e-02 4.448207e-03 -6.548696e-04 9.999899e-01 5.871820e+00
9.999997e-01 -5.968826e-05 7.912079e-04 -2.560085e+00 5.988869e-05 1.000000e+00 -2.532383e-04 -1.148673e-01 -7.911925e-04 2.532863e-04 9.999997e-01 6.317763e+00
9.999834e-01 3.757046e-04 -5.751987e-03 -2.775990e+00 -3.728487e-04 9.999998e-01 4.975864e-04 -1.142462e-01 5.752172e-03 -4.954343e-04 9.999833e-01 5.943479e+00
9.999989e-01 -6.429836e-05 1.496751e-03 -2.922460e+00 6.470182e-05 1.000000e+00 -2.694764e-04 -1.199052e-01 -1.496733e-03 2.695736e-04 9.999988e-01 5.861436e+00
9.999788e-01 3.341679e-04 -6.502559e-03 -3.094372e+00 -3.301611e-04 9.999998e-01 6.172667e-04 -1.181503e-01 6.502763e-03 -6.151075e-04 9.999787e-01 5.544494e+00
9.999963e-01 -8.856429e-05 2.715971e-03 -2.952617e+00 8.953077e-05 9.999999e-01 -3.557123e-04 -1.238154e-01 -2.715939e-03 3.559549e-04 9.999962e-01 5.501364e+00
9.999815e-01 3.645566e-04 -6.071257e-03 -2.759827e+00 -3.618669e-04 9.999998e-01 4.441192e-04 -1.346228e-01 6.071417e-03 -4.419147e-04 9.999815e-01 5.313329e+00
9.999974e-01 -7.374488e-05 2.294186e-03 -2.617410e+00 7.455835e-05 9.999999e-01 -3.544688e-04 -1.403202e-01 -2.294159e-03 3.546397e-04 9.999973e-01 4.825481e+00
9.999814e-01 4.270669e-04 -6.087263e-03 -2.408607e+00 -4.254479e-04 9.999999e-01 2.672554e-04 -1.386567e-01 6.087376e-03 -2.646613e-04 9.999814e-01 4.043226e+00
9.999933e-01 -3.912405e-04 3.638866e-03 -1.768581e+00 3.913160e-04 9.999999e-01 -2.003530e-05 -1.507194e-01 -3.638858e-03 2.145982e-05 9.999934e-01 3.840109e+00
9.999786e-01 6.012457e-04 -6.511639e-03 -1.317818e+00 -5.991570e-04 9.999998e-01 3.227189e-04 -1.725916e-01 6.511831e-03 -3.188112e-04 9.999787e-01 4.187168e+00
9.999964e-01 -3.986166e-04 2.666142e-03 -1.319223e+00 3.986769e-04 9.999999e-01 -2.207155e-05 -1.829689e-01 -2.666132e-03 2.313511e-05 9.999964e-01 4.442006e+00
9.999844e-01 5.231096e-04 -5.557962e-03 -7.930382e-01 -5.209020e-04 9.999998e-01 3.986495e-04 -2.041600e-01 5.558169e-03 -3.957489e-04 9.999845e-01 4.568882e+00
9.999955e-01 -3.075734e-04 2.969908e-03 -2.203986e-03 3.076453e-04 1.000000e+00 -2.372762e-05 -2.262557e-01 -2.969900e-03 2.464190e-05 9.999956e-01 4.703655e+00
9.999833e-01 5.162304e-04 -5.759731e-03 3.451370e-01 -5.157864e-04 9.999999e-01 7.858192e-05 -2.335232e-01 5.759770e-03 -7.561053e-05 9.999834e-01 4.590206e+00
9.999991e-01 -2.582025e-04 1.295907e-03 8.074202e-02 2.580174e-04 1.000000e+00 1.431189e-04 -2.280597e-01 -1.295944e-03 -1.427837e-04 9.999992e-01 4.576607e+00
9.999814e-01 5.068605e-04 -6.073970e-03 -2.112909e-01 -5.056134e-04 9.999999e-01 2.068653e-04 -2.225861e-01 6.074073e-03 -2.037910e-04 9.999815e-01 4.645460e+00
9.999975e-01 -2.665081e-04 2.230243e-03 -6.986956e-02 2.665883e-04 1.000000e+00 -3.563223e-05 -2.240981e-01 -2.230233e-03 3.622741e-05 9.999975e-01 4.325822e+00
9.999857e-01 4.714140e-04 -5.334623e-03 2.890223e-01 -4.712144e-04 9.999999e-01 3.868634e-05 -2.246462e-01 5.334641e-03 -3.617274e-05 9.999858e-01 3.700500e+00
9.999983e-01 -2.056487e-04 1.856275e-03 4.943902e-01 2.059763e-04 1.000000e+00 -1.762487e-04 -2.215727e-01 -1.856238e-03 1.766315e-04 9.999983e-01 2.892699e+00
9.999840e-01 6.014878e-04 -5.620693e-03 5.950285e-01 -6.020581e-04 9.999998e-01 -9.975091e-05 -2.174691e-01 5.620632e-03 1.031326e-04 9.999842e-01 1.906356e+00
9.999987e-01 -1.711674e-04 1.577506e-03 6.201089e-01 1.712384e-04 1.000000e+00 -4.479999e-05 -2.155921e-01 -1.577498e-03 4.507077e-05 9.999988e-01 1.018070e+00
9.999782e-01 5.333615e-04 -6.585040e-03 3.620746e-01 -5.316836e-04 9.999998e-01 2.565700e-04 -2.124470e-01 6.585175e-03 -2.530640e-04 9.999783e-01 5.339857e-01
9.999970e-01 -2.757781e-04 2.427489e-03 1.780418e-01 2.757336e-04 1.000000e+00 1.869714e-05 -2.166190e-01 -2.427494e-03 -1.802703e-05 9.999971e-01 7.564738e-01
9.999800e-01 4.616599e-04 -6.302134e-03 1.028826e-01 -4.598916e-04 9.999999e-01 2.820447e-04 -2.260009e-01 6.302263e-03 -2.791415e-04 9.999801e-01 1.075666e+00
9.999986e-01 -2.784342e-04 1.676666e-03 -1.666328e-01 2.783288e-04 1.000000e+00 6.311881e-05 -2.248148e-01 -1.676683e-03 -6.265135e-05 9.999986e-01 1.302504e+00
9.999805e-01 4.654267e-04 -6.230517e-03 -3.362044e-01 -4.635231e-04 9.999998e-01 3.069839e-04 -2.263220e-01 6.230658e-03 -3.040906e-04 9.999805e-01 1.362864e+00
9.999996e-01 -2.175396e-04 8.390243e-04 -7.378560e-01 2.174187e-04 1.000000e+00 1.443185e-04 -2.203259e-01 -8.390553e-04 -1.441353e-04 9.999996e-01 1.320914e+00
9.999785e-01 5.250961e-04 -6.535620e-03 -1.194811e+00 -5.231561e-04 9.999998e-01 2.985465e-04 -2.130529e-01 6.535775e-03 -2.951217e-04 9.999786e-01 1.123163e+00
9.999994e-01 -1.760941e-04 1.039830e-03 -1.580509e+00 1.760662e-04 1.000000e+00 2.701979e-05 -2.088393e-01 -1.039835e-03 -2.683599e-05 9.999995e-01 7.581377e-01
9.999739e-01 4.697550e-04 -7.213924e-03 -2.270180e+00 -4.666205e-04 9.999998e-01 4.362061e-04 -1.889781e-01 7.214127e-03 -4.328293e-04 9.999739e-01 7.360291e-01
9.999978e-01 -2.035845e-04 2.096829e-03 -2.622913e+00 2.036915e-04 1.000000e+00 -5.076536e-05 -1.842633e-01 -2.096818e-03 5.119306e-05 9.999978e-01 6.965396e-01
9.999743e-01 5.085309e-04 -7.154468e-03 -2.891495e+00 -5.061731e-04 9.999998e-01 3.313646e-04 -1.826054e-01 7.154635e-03 -3.277354e-04 9.999744e-01 3.535855e-01
9.999987e-01 -2.434763e-04 1.566863e-03 -3.308515e+00 2.432378e-04 1.000000e+00 1.524655e-04 -1.781186e-01 -1.566900e-03 -1.520835e-04 9.999988e-01 2.492899e-01
9.999791e-01 3.994710e-04 -6.459363e-03 -3.578658e+00 -3.975544e-04 9.999999e-01 2.980014e-04 -1.750807e-01 6.459480e-03 -2.954279e-04 9.999791e-01 3.851459e-01
9.999999e-01 -1.544063e-04 4.009086e-04 -4.202666e+00 1.543232e-04 1.000000e+00 2.074377e-04 -1.568044e-01 -4.009403e-04 -2.073752e-04 9.999999e-01 4.117617e-01
9.999914e-01 3.233246e-04 -4.129945e-03 -4.150116e+00 -3.225159e-04 9.999999e-01 1.965077e-04 -1.726150e-01 4.130007e-03 -1.951748e-04 9.999915e-01 8.045175e-01
9.999994e-01 -1.451503e-04 -1.057478e-03 -4.527967e+00 1.453739e-04 1.000000e+00 2.113258e-04 -1.658739e-01 1.057448e-03 -2.114787e-04 9.999994e-01 9.265573e-01
9.999875e-01 6.365552e-04 -4.956669e-03 -4.978849e+00 -6.363800e-04 9.999998e-01 3.694547e-05 -1.601330e-01 4.956692e-03 -3.379139e-05 9.999877e-01 2.987256e-01
9.999999e-01 -8.388549e-05 -3.558183e-04 -5.284778e+00 8.385759e-05 1.000000e+00 -7.873240e-05 -1.564915e-01 3.558252e-04 7.870327e-05 9.999999e-01 -5.568052e-01
9.999979e-01 9.342486e-06 -2.040531e-03 -4.477739e+00 -8.694679e-06 9.999999e-01 3.175296e-04 -1.552658e-01 2.040534e-03 -3.175119e-04 9.999979e-01 -1.067076e+00
1.000000e+00 3.536835e-05 -3.070711e-05 -2.991113e+00 -3.535922e-05 1.000000e+00 2.936625e-04 -1.639640e-01 3.071782e-05 -2.936607e-04 1.000000e+00 -1.374436e+00
9.999944e-01 1.341484e-04 -3.357017e-03 -2.486740e+00 -1.344740e-04 1.000000e+00 -9.672198e-05 -1.623813e-01 3.357004e-03 9.717216e-05 9.999944e-01 -1.898543e+00
9.999997e-01 4.805163e-05 8.308190e-04 -1.699702e+00 -4.851193e-05 9.999998e-01 5.541501e-04 -1.841174e-01 -8.307919e-04 -5.541896e-04 9.999995e-01 -1.583328e+00
9.999944e-01 7.016063e-05 -3.346780e-03 -9.422952e-01 -7.124335e-05 9.999999e-01 -3.233623e-04 -1.937745e-01 3.346757e-03 3.235982e-04 9.999943e-01 -1.764390e+00
9.999996e-01 3.368929e-04 -7.739045e-04 -9.794674e-01 -3.367268e-04 9.999999e-01 2.146927e-04 -1.946728e-01 7.739770e-04 -2.144313e-04 9.999997e-01 -2.545126e+00
9.999899e-01 3.244463e-04 -4.480353e-03 -1.258647e+00 -3.263043e-04 9.999999e-01 -4.139504e-04 -1.882860e-01 4.480217e-03 4.154075e-04 9.999899e-01 -3.716016e+00
9.999989e-01 -6.237744e-05 1.452175e-03 -1.150269e+00 6.120647e-05 9.999997e-01 8.064642e-04 -2.143290e-01 -1.452224e-03 -8.063737e-04 9.999986e-01 -3.173680e+00
9.999913e-01 3.629781e-04 -4.166674e-03 -9.553426e-01 -3.647448e-04 9.999998e-01 -4.232413e-04 -2.464639e-01 4.166520e-03 4.247567e-04 9.999912e-01 -2.426093e+00
9.999999e-01 4.660196e-05 -5.043005e-04 -1.089070e+00 -4.637227e-05 9.999999e-01 4.552249e-04 -2.448965e-01 5.043220e-04 -4.552007e-04 9.999998e-01 -3.197427e+00
9.999998e-01 -3.050138e-04 -5.475191e-04 1.247563e+00 3.050030e-04 1.000000e+00 -1.961073e-05 -2.175267e-01 5.475247e-04 1.944303e-05 9.999998e-01 -4.506402e+00
9.999999e-01 2.274923e-04 4.164799e-04 3.659938e+00 -2.275507e-04 1.000000e+00 1.405931e-04 -1.980249e-01 -4.164475e-04 -1.406872e-04 9.999999e-01 -5.711474e+00
9.999917e-01 3.581052e-05 -4.081024e-03 3.765773e+00 -3.648531e-05 1.000000e+00 -1.652460e-04 -1.999445e-01 4.081017e-03 1.653928e-04 9.999917e-01 -6.324369e+00
9.999999e-01 1.864496e-04 4.772904e-04 3.940360e+00 -1.865159e-04 1.000000e+00 1.391176e-04 -2.006749e-01 -4.772641e-04 -1.392059e-04 9.999999e-01 -6.957701e+00
9.999947e-01 -1.538730e-04 -3.239637e-03 4.704720e+00 1.546996e-04 1.000000e+00 2.549367e-04 -2.034261e-01 3.239598e-03 -2.554372e-04 9.999947e-01 -7.326513e+00
9.999997e-01 2.141517e-04 8.076874e-04 5.591777e+00 -2.141039e-04 1.000000e+00 -5.916445e-05 -2.016005e-01 -8.076997e-04 5.899221e-05 9.999997e-01 -7.847055e+00
9.999885e-01 3.277064e-05 -4.796342e-03 5.744662e+00 -3.218485e-05 1.000000e+00 1.222349e-04 -1.972911e-01 4.796346e-03 -1.220798e-04 9.999885e-01 -8.631448e+00
9.999998e-01 2.713867e-04 6.523580e-04 5.884124e+00 -2.712935e-04 1.000000e+00 -1.427200e-04 -1.932560e-01 -6.523963e-04 1.425437e-04 9.999998e-01 -9.398477e+00
9.999898e-01 2.921981e-05 -4.514066e-03 6.078486e+00 -2.888927e-05 1.000000e+00 7.331760e-05 -1.877930e-01 4.514068e-03 -7.318715e-05 9.999898e-01 -1.022793e+01
9.999994e-01 5.115681e-04 -9.721091e-04 5.740270e+00 -5.116725e-04 9.999999e-01 -1.072494e-04 -1.786027e-01 9.720544e-04 1.077475e-04 9.999995e-01 -1.125345e+01
9.999971e-01 -2.468168e-04 -2.375577e-03 5.753160e+00 2.473948e-04 9.999999e-01 2.430754e-04 -1.900070e-01 2.375516e-03 -2.436631e-04 9.999971e-01 -1.099845e+01
9.999963e-01 5.888140e-04 -2.639577e-03 5.372466e+00 -5.888312e-04 9.999998e-01 -5.788622e-06 -1.826611e-01 2.639573e-03 7.343570e-06 9.999965e-01 -1.108630e+01
9.999942e-01 -9.360168e-05 -3.390814e-03 4.912530e+00 9.403957e-05 1.000000e+00 1.290192e-04 -1.719724e-01 3.390802e-03 -1.293381e-04 9.999942e-01 -1.188496e+01
9.999962e-01 5.072531e-04 -2.708177e-03 4.321620e+00 -5.070845e-04 9.999999e-01 6.286955e-05 -1.561234e-01 2.708209e-03 -6.149534e-05 9.999963e-01 -1.251305e+01
9.999956e-01 5.656225e-06 -2.975795e-03 3.980515e+00 -5.671532e-06 1.000000e+00 -5.090104e-06 -1.482268e-01 2.975795e-03 5.106255e-06 9.999956e-01 -1.341068e+01
9.999991e-01 3.191248e-04 -1.305717e-03 3.939853e+00 -3.191492e-04 9.999999e-01 -1.856945e-05 -1.462871e-01 1.305712e-03 1.898686e-05 9.999991e-01 -1.416274e+01
9.999956e-01 1.276908e-05 -2.979101e-03 3.818288e+00 -1.254564e-05 1.000000e+00 7.506785e-05 -1.443490e-01 2.979102e-03 -7.503085e-05 9.999956e-01 -1.456456e+01
1.000000e+00 2.127052e-04 7.607042e-05 3.785301e+00 -2.127067e-04 1.000000e+00 2.169511e-05 -1.570967e-01 -7.606549e-05 -2.171059e-05 1.000000e+00 -1.391331e+01
9.999883e-01 1.359244e-04 -4.844054e-03 3.466076e+00 -1.354854e-04 1.000000e+00 9.099692e-05 -1.496005e-01 4.844066e-03 -9.034026e-05 9.999883e-01 -1.417206e+01
9.999999e-01 2.741853e-04 -2.267419e-04 3.086256e+00 -2.741840e-04 1.000000e+00 4.980518e-06 -1.384318e-01 2.267436e-04 -4.917646e-06 1.000000e+00 -1.460467e+01
9.999988e-01 -2.594116e-04 -1.504651e-03 4.226702e+00 2.596171e-04 1.000000e+00 1.364647e-04 -1.328738e-01 1.504615e-03 -1.368559e-04 9.999989e-01 -1.448733e+01
9.999981e-01 5.761477e-04 -1.838795e-03 4.283891e+00 -5.768310e-04 9.999998e-01 -3.711697e-04 -1.251669e-01 1.838581e-03 3.722304e-04 9.999982e-01 -1.496345e+01
9.999988e-01 -2.761613e-04 -1.522480e-03 4.336424e+00 2.766134e-04 9.999999e-01 2.967915e-04 -1.280371e-01 1.522397e-03 -2.972130e-04 9.999988e-01 -1.526093e+01
9.999981e-01 5.453177e-04 -1.855506e-03 4.476810e+00 -5.460467e-04 9.999998e-01 -3.925116e-04 -1.322361e-01 1.855292e-03 3.935247e-04 9.999982e-01 -1.575118e+01
9.999972e-01 -5.741086e-05 -2.382830e-03 4.467571e+00 5.760702e-05 1.000000e+00 8.231457e-05 -1.254360e-01 2.382825e-03 -8.245231e-05 9.999972e-01 -1.688004e+01
9.999998e-01 2.177875e-05 5.790385e-04 5.525609e+00 -2.175046e-05 1.000000e+00 -4.861133e-05 -1.177453e-01 -5.790392e-04 4.859943e-05 9.999998e-01 -1.731763e+01
9.999955e-01 1.685491e-04 -2.986835e-03 5.796456e+00 -1.680499e-04 1.000000e+00 1.674282e-04 -1.390777e-01 2.986863e-03 -1.669263e-04 9.999955e-01 -1.690115e+01
1.000000e+00 2.244405e-05 -2.583020e-04 6.103820e+00 -2.248989e-05 1.000000e+00 -1.780661e-04 -1.464768e-01 2.582983e-04 1.780726e-04 1.000000e+00 -1.732342e+01
9.999961e-01 1.196333e-04 -2.782093e-03 6.606471e+00 -1.193046e-04 1.000000e+00 1.183702e-04 -1.457985e-01 2.782107e-03 -1.180385e-04 9.999961e-01 -1.792815e+01
1.000000e+00 -6.677042e-05 -2.731215e-04 6.965255e+00 6.677540e-05 1.000000e+00 1.765987e-05 -1.563259e-01 2.731206e-04 -1.767741e-05 1.000000e+00 -1.818683e+01
9.999938e-01 -1.744702e-05 -3.525459e-03 6.882220e+00 1.753297e-05 1.000000e+00 2.439268e-05 -1.361775e-01 3.525458e-03 -2.445504e-05 9.999938e-01 -1.793719e+01
9.999999e-01 1.899665e-04 -3.911826e-04 7.132592e+00 -1.898371e-04 9.999999e-01 3.305185e-04 -1.441042e-01 3.912457e-04 -3.304435e-04 9.999999e-01 -1.734461e+01
9.999939e-01 -1.352792e-05 -3.481300e-03 7.387232e+00 1.357452e-05 1.000000e+00 1.340931e-05 -1.556456e-01 3.481299e-03 -1.345718e-05 9.999939e-01 -1.693864e+01
1.000000e+00 6.542393e-05 2.361323e-04 7.828409e+00 -6.549079e-05 1.000000e+00 2.838054e-04 -1.626573e-01 -2.361134e-04 -2.838202e-04 9.999999e-01 -1.699959e+01
9.999947e-01 8.714303e-05 -3.259884e-03 8.562974e+00 -8.686009e-05 1.000000e+00 8.698391e-05 -1.724088e-01 3.259892e-03 -8.670100e-05 9.999947e-01 -1.696095e+01
9.999996e-01 2.804156e-04 -8.977794e-04 8.592070e+00 -2.804829e-04 1.000000e+00 -7.500539e-05 -1.707386e-01 8.977586e-04 7.525786e-05 9.999996e-01 -1.772607e+01
9.999935e-01 -2.906182e-05 -3.594085e-03 8.538520e+00 2.971302e-05 1.000000e+00 1.811791e-04 -1.688238e-01 3.594079e-03 -1.812855e-04 9.999935e-01 -1.822211e+01
9.999991e-01 3.699679e-04 -1.281746e-03 8.364792e+00 -3.700169e-04 9.999999e-01 -3.809915e-05 -1.636538e-01 1.281732e-03 3.857408e-05 9.999992e-01 -1.881659e+01
9.999917e-01 6.866083e-05 -4.074972e-03 8.062300e+00 -6.804574e-05 1.000000e+00 1.511222e-04 -1.583415e-01 4.074982e-03 -1.508444e-04 9.999917e-01 -1.948233e+01
9.999996e-01 4.739454e-04 -7.206000e-04 7.899953e+00 -4.741657e-04 9.999998e-01 -3.059035e-04 -1.549481e-01 7.204552e-04 3.062457e-04 9.999997e-01 -2.047882e+01
9.999967e-01 -4.012449e-04 -2.529261e-03 8.578531e+00 4.029188e-04 9.999997e-01 6.614049e-04 -1.561101e-01 2.528994e-03 -6.624225e-04 9.999966e-01 -2.083866e+01
9.999991e-01 7.729877e-04 -1.137692e-03 8.688287e+00 -7.740676e-04 9.999992e-01 -9.491492e-04 -1.527678e-01 1.136958e-03 9.500297e-04 9.999989e-01 -2.178123e+01
9.999957e-01 -6.823256e-04 -2.854032e-03 8.743873e+00 6.861589e-04 9.999989e-01 1.342413e-03 -1.607134e-01 2.853113e-03 -1.344367e-03 9.999950e-01 -2.147822e+01
9.999992e-01 8.536710e-04 -9.050645e-04 9.130207e+00 -8.545611e-04 9.999992e-01 -9.837001e-04 -1.747954e-01 9.042242e-04 9.844735e-04 9.999991e-01 -2.112720e+01
9.999920e-01 -6.300060e-04 -3.950502e-03 8.944779e+00 6.352946e-04 9.999989e-01 1.337642e-03 -1.664316e-01 3.949655e-03 -1.340142e-03 9.999913e-01 -2.122588e+01
9.999952e-01 1.106275e-03 -2.894074e-03 8.106866e+00 -1.109437e-03 9.999988e-01 -1.091250e-03 -1.385096e-01 2.892864e-03 1.094456e-03 9.999952e-01 -2.178715e+01
9.999962e-01 -8.188585e-04 -2.616113e-03 7.706782e+00 8.226623e-04 9.999986e-01 1.453298e-03 -1.284777e-01 2.614919e-03 -1.455445e-03 9.999955e-01 -2.187459e+01
9.999994e-01 9.887026e-04 -3.721407e-04 8.080216e+00 -9.891627e-04 9.999987e-01 -1.238597e-03 -1.368738e-01 3.709159e-04 1.238965e-03 9.999992e-01 -2.166667e+01
9.999913e-01 -1.013366e-03 -4.043645e-03 7.707998e+00 1.019083e-03 9.999985e-01 1.412133e-03 -1.159702e-01 4.042208e-03 -1.416243e-03 9.999908e-01 -2.108366e+01
9.999993e-01 9.922576e-04 -6.928682e-04 8.030209e+00 -9.928813e-04 9.999991e-01 -9.007821e-04 -1.019430e-01 6.919741e-04 9.014700e-04 9.999994e-01 -2.087111e+01
9.999985e-01 -9.667405e-04 -1.467193e-03 9.509452e+00 9.685571e-04 9.999988e-01 1.238122e-03 -8.779390e-02 1.465994e-03 -1.239542e-03 9.999982e-01 -2.153629e+01
9.999992e-01 1.091735e-03 -5.601354e-04 1.058027e+01 -1.092288e-03 9.999989e-01 -9.872044e-04 -8.898242e-02 5.590573e-04 9.878162e-04 9.999994e-01 -2.167578e+01
9.999993e-01 -1.035055e-03 -5.929784e-04 1.219861e+01 1.035748e-03 9.999988e-01 1.169677e-03 -8.093963e-02 5.917667e-04 -1.170291e-03 9.999991e-01 -2.215399e+01
9.999989e-01 1.072557e-03 -1.070745e-03 1.377564e+01 -1.073472e-03 9.999991e-01 -8.549294e-04 -7.907809e-02 1.069827e-03 8.560785e-04 9.999991e-01 -2.263289e+01
9.999981e-01 -9.092515e-04 -1.696297e-03 1.448555e+01 9.108733e-04 9.999991e-01 9.556618e-04 -7.868275e-02 1.695427e-03 -9.572058e-04 9.999981e-01 -2.301025e+01
9.999961e-01 1.318094e-03 -2.477037e-03 1.451113e+01 -1.320922e-03 9.999985e-01 -1.140561e-03 -7.170447e-02 2.475531e-03 1.143829e-03 9.999963e-01 -2.401070e+01
9.999969e-01 -9.430106e-04 -2.286892e-03 1.438834e+01 9.456769e-04 9.999989e-01 1.165160e-03 -6.267583e-02 2.285790e-03 -1.167320e-03 9.999967e-01 -2.481823e+01
9.999990e-01 1.033106e-03 -1.013950e-03 1.488467e+01 -1.033903e-03 9.999992e-01 -7.850619e-04 -7.445021e-02 1.013138e-03 7.861101e-04 9.999992e-01 -2.479002e+01
9.999973e-01 -8.693822e-04 -2.145464e-03 1.548900e+01 8.719187e-04 9.999989e-01 1.181698e-03 -8.991777e-02 2.144434e-03 -1.183566e-03 9.999970e-01 -2.470879e+01
9.999983e-01 1.126498e-03 -1.488802e-03 1.584986e+01 -1.128124e-03 9.999988e-01 -1.091441e-03 -9.102205e-02 1.487571e-03 1.093119e-03 9.999983e-01 -2.526872e+01
9.999947e-01 -7.272004e-04 -3.182626e-03 1.573127e+01 7.305290e-04 9.999992e-01 1.044900e-03 -8.407730e-02 3.181864e-03 -1.047221e-03 9.999944e-01 -2.610648e+01
9.999982e-01 1.125124e-03 -1.553967e-03 1.558486e+01 -1.126744e-03 9.999988e-01 -1.042140e-03 -7.632175e-02 1.552793e-03 1.043890e-03 9.999982e-01 -2.684307e+01
9.999987e-01 -1.044762e-03 -1.246317e-03 1.615930e+01 1.046608e-03 9.999984e-01 1.481493e-03 -1.007579e-01 1.244767e-03 -1.482796e-03 9.999981e-01 -2.669339e+01
9.999976e-01 1.268706e-03 -1.764125e-03 1.686151e+01 -1.270507e-03 9.999987e-01 -1.020336e-03 -1.274500e-01 1.762828e-03 1.022576e-03 9.999979e-01 -2.638027e+01
9.999988e-01 -1.079921e-03 -1.078292e-03 1.767873e+01 1.081448e-03 9.999984e-01 1.417377e-03 -1.472094e-01 1.076759e-03 -1.418542e-03 9.999984e-01 -2.623458e+01
9.999983e-01 1.195672e-03 -1.383672e-03 1.872054e+01 -1.197147e-03 9.999987e-01 -1.065483e-03 -1.532753e-01 1.382396e-03 1.067138e-03 9.999985e-01 -2.650892e+01
9.999982e-01 -1.057758e-03 -1.578424e-03 1.976575e+01 1.060119e-03 9.999983e-01 1.495955e-03 -1.654785e-01 1.576839e-03 -1.497626e-03 9.999976e-01 -2.653931e+01
9.999974e-01 1.296157e-03 -1.884062e-03 2.038748e+01 -1.298189e-03 9.999986e-01 -1.077817e-03 -1.817060e-01 1.882662e-03 1.080260e-03 9.999976e-01 -2.597722e+01
9.999986e-01 -1.091631e-03 -1.230154e-03 2.128946e+01 1.093582e-03 9.999981e-01 1.586772e-03 -2.077571e-01 1.228419e-03 -1.588116e-03 9.999980e-01 -2.561326e+01
9.999981e-01 1.292681e-03 -1.492161e-03 2.235276e+01 -1.294040e-03 9.999987e-01 -9.105455e-04 -2.349636e-01 1.490982e-03 9.124754e-04 9.999985e-01 -2.538540e+01
9.999979e-01 -1.094597e-03 -1.753495e-03 2.318836e+01 1.097065e-03 9.999984e-01 1.407718e-03 -2.568782e-01 1.751951e-03 -1.409639e-03 9.999975e-01 -2.506424e+01
9.999987e-01 1.315537e-03 -9.569917e-04 2.420168e+01 -1.316311e-03 9.999988e-01 -8.081761e-04 -2.834381e-01 9.559277e-04 8.094354e-04 9.999992e-01 -2.481423e+01
9.999975e-01 -1.124680e-03 -1.915734e-03 2.522437e+01 1.127399e-03 9.999984e-01 1.418684e-03 -3.098731e-01 1.914135e-03 -1.420841e-03 9.999972e-01 -2.464470e+01
9.999987e-01 1.317115e-03 -9.645350e-04 2.625381e+01 -1.317891e-03 9.999988e-01 -8.043452e-04 -3.353484e-01 9.634747e-04 8.056159e-04 9.999992e-01 -2.447699e+01
9.999981e-01 -1.067189e-03 -1.631839e-03 2.731962e+01 1.069647e-03 9.999983e-01 1.506242e-03 -3.741109e-01 1.630228e-03 -1.507985e-03 9.999975e-01 -2.402329e+01
9.999984e-01 1.395457e-03 -1.085377e-03 2.840729e+01 -1.396504e-03 9.999986e-01 -9.647430e-04 -4.145892e-01 1.084029e-03 9.662579e-04 9.999989e-01 -2.348399e+01
9.999984e-01 -1.116727e-03 -1.399488e-03 2.947831e+01 1.118924e-03 9.999981e-01 1.570562e-03 -4.433463e-01 1.397731e-03 -1.572126e-03 9.999978e-01 -2.321386e+01
9.999980e-01 1.297107e-03 -1.517742e-03 2.995440e+01 -1.299212e-03 9.999982e-01 -1.386432e-03 -4.592833e-01 1.515941e-03 1.388401e-03 9.999979e-01 -2.328310e+01
9.999985e-01 -1.087534e-03 -1.377386e-03 3.036129e+01 1.089542e-03 9.999983e-01 1.457755e-03 -4.739275e-01 1.375798e-03 -1.459255e-03 9.999980e-01 -2.344286e+01
9.999973e-01 1.328976e-03 -1.916234e-03 3.047287e+01 -1.331417e-03 9.999983e-01 -1.273375e-03 -4.881546e-01 1.914538e-03 1.275924e-03 9.999974e-01 -2.314123e+01
9.999989e-01 -1.171441e-03 -8.824040e-04 3.093761e+01 1.172746e-03 9.999982e-01 1.479649e-03 -5.046915e-01 8.806688e-04 -1.480683e-03 9.999985e-01 -2.297545e+01
9.999970e-01 1.338694e-03 -2.068952e-03 3.142621e+01 -1.340966e-03 9.999985e-01 -1.097500e-03 -5.294882e-01 2.067480e-03 1.100272e-03 9.999973e-01 -2.257147e+01
9.999988e-01 -1.147376e-03 -1.070180e-03 3.171734e+01 1.148866e-03 9.999984e-01 1.392450e-03 -5.494681e-01 1.068581e-03 -1.393678e-03 9.999985e-01 -2.213772e+01
9.999952e-01 1.330916e-03 -2.811392e-03 3.172983e+01 -1.333859e-03 9.999986e-01 -1.045256e-03 -5.588108e-01 2.809997e-03 1.049002e-03 9.999955e-01 -2.183390e+01
9.999983e-01 -1.186528e-03 -1.417873e-03 3.158551e+01 1.188537e-03 9.999983e-01 1.416962e-03 -5.633523e-01 1.416190e-03 -1.418646e-03 9.999980e-01 -2.141588e+01
9.999922e-01 1.490108e-03 -3.650423e-03 3.127745e+01 -1.494085e-03 9.999983e-01 -1.086909e-03 -5.596412e-01 3.648798e-03 1.092356e-03 9.999927e-01 -2.145311e+01
9.999992e-01 -1.231949e-03 -2.509424e-04 3.141487e+01 1.232244e-03 9.999985e-01 1.179643e-03 -5.605184e-01 2.494885e-04 -1.179952e-03 9.999993e-01 -2.191464e+01
9.999911e-01 1.474552e-03 -3.954419e-03 3.147865e+01 -1.478256e-03 9.999985e-01 -9.339937e-04 -5.653464e-01 3.953036e-03 9.398317e-04 9.999917e-01 -2.210969e+01
9.999984e-01 -1.175090e-03 -1.341205e-03 3.104597e+01 1.176860e-03 9.999984e-01 1.319792e-03 -5.583889e-01 1.339652e-03 -1.321369e-03 9.999982e-01 -2.209770e+01
9.999926e-01 1.428666e-03 -3.568004e-03 3.073443e+01 -1.432233e-03 9.999985e-01 -9.974839e-04 -5.546772e-01 3.566574e-03 1.002587e-03 9.999931e-01 -2.203208e+01
9.999988e-01 -1.169877e-03 -1.038281e-03 3.052965e+01 1.171183e-03 9.999985e-01 1.258098e-03 -5.545463e-01 1.036808e-03 -1.259313e-03 9.999987e-01 -2.206159e+01
9.999970e-01 1.318966e-03 -2.056396e-03 3.102140e+01 -1.320669e-03 9.999988e-01 -8.269366e-04 -5.823188e-01 2.055303e-03 8.296506e-04 9.999975e-01 -2.174333e+01
9.999990e-01 -1.100160e-03 -9.017825e-04 3.185039e+01 1.101392e-03 9.999985e-01 1.367504e-03 -6.166199e-01 9.002764e-04 -1.368496e-03 9.999987e-01 -2.137328e+01
9.999968e-01 1.313882e-03 -2.160963e-03 3.267902e+01 -1.315696e-03 9.999988e-01 -8.381064e-04 -6.442055e-01 2.159860e-03 8.409476e-04 9.999973e-01 -2.113180e+01
9.999988e-01 -1.140860e-03 -1.050915e-03 3.341256e+01 1.142289e-03 9.999984e-01 1.360597e-03 -6.662414e-01 1.049361e-03 -1.361797e-03 9.999985e-01 -2.095922e+01
9.999970e-01 1.288935e-03 -2.077751e-03 3.428095e+01 -1.290735e-03 9.999988e-01 -8.649273e-04 -6.836891e-01 2.076633e-03 8.676072e-04 9.999975e-01 -2.094291e+01
9.999989e-01 -1.090732e-03 -9.833288e-04 3.494564e+01 1.091978e-03 9.999986e-01 1.267469e-03 -7.031746e-01 9.819447e-04 -1.268543e-03 9.999987e-01 -2.082567e+01
9.999968e-01 1.259291e-03 -2.183830e-03 3.559794e+01 -1.261120e-03 9.999989e-01 -8.363990e-04 -7.277067e-01 2.182774e-03 8.391511e-04 9.999973e-01 -2.060111e+01
9.999992e-01 -1.054329e-03 -7.007608e-04 3.632627e+01 1.055280e-03 9.999985e-01 1.358606e-03 -7.580714e-01 6.993271e-04 -1.359345e-03 9.999988e-01 -2.028644e+01
9.999961e-01 1.291770e-03 -2.484400e-03 3.701721e+01 -1.294485e-03 9.999986e-01 -1.091424e-03 -7.646142e-01 2.482987e-03 1.094636e-03 9.999963e-01 -1.991923e+01
9.999991e-01 -1.143342e-03 -7.159766e-04 3.742764e+01 1.144349e-03 9.999984e-01 1.407892e-03 -7.599299e-01 7.143654e-04 -1.408711e-03 9.999988e-01 -1.937128e+01
9.999960e-01 1.330766e-03 -2.484055e-03 3.807994e+01 -1.333249e-03 9.999986e-01 -9.984420e-04 -7.837885e-01 2.482723e-03 1.001751e-03 9.999964e-01 -1.907320e+01
9.999993e-01 -1.128214e-03 -3.524710e-04 3.909363e+01 1.128771e-03 9.999981e-01 1.584705e-03 -8.067408e-01 3.506821e-04 -1.585102e-03 9.999987e-01 -1.890769e+01
9.999962e-01 1.373203e-03 -2.398688e-03 3.996820e+01 -1.375851e-03 9.999984e-01 -1.103025e-03 -8.319959e-01 2.397170e-03 1.106322e-03 9.999965e-01 -1.871824e+01
9.999991e-01 -1.306791e-03 3.790526e-05 4.130349e+01 1.306729e-03 9.999979e-01 1.594843e-03 -8.515884e-01 -3.998957e-05 -1.594793e-03 9.999987e-01 -1.868063e+01
9.999974e-01 1.447701e-03 -1.779670e-03 4.272881e+01 -1.449856e-03 9.999982e-01 -1.210581e-03 -8.701055e-01 1.777914e-03 1.213159e-03 9.999977e-01 -1.877435e+01
9.999982e-01 -1.340000e-03 -1.320237e-03 4.364382e+01 1.342308e-03 9.999976e-01 1.748732e-03 -8.936952e-01 1.317890e-03 -1.750502e-03 9.999976e-01 -1.864146e+01
9.999979e-01 1.468230e-03 -1.410775e-03 4.482419e+01 -1.469815e-03 9.999983e-01 -1.123283e-03 -9.195642e-01 1.409123e-03 1.125355e-03 9.999984e-01 -1.853403e+01
9.999977e-01 -1.283558e-03 -1.726009e-03 4.557652e+01 1.286344e-03 9.999979e-01 1.614186e-03 -9.426744e-01 1.723934e-03 -1.616404e-03 9.999972e-01 -1.838139e+01
9.999969e-01 1.453660e-03 -2.045267e-03 4.578302e+01 -1.456085e-03 9.999982e-01 -1.184471e-03 -9.582687e-01 2.043541e-03 1.187446e-03 9.999972e-01 -1.800688e+01
9.999984e-01 -1.247882e-03 -1.290144e-03 4.603167e+01 1.249742e-03 9.999982e-01 1.441587e-03 -9.748608e-01 1.288343e-03 -1.443198e-03 9.999981e-01 -1.781596e+01
9.999994e-01 1.020983e-03 -2.439742e-04 4.780516e+01 -1.021265e-03 9.999988e-01 -1.159212e-03 -9.569363e-01 2.427907e-04 1.159461e-03 9.999993e-01 -1.882096e+01
9.999990e-01 -1.154801e-03 -8.136431e-04 4.985733e+01 1.155619e-03 9.999988e-01 1.006111e-03 -9.246272e-01 8.124800e-04 -1.007051e-03 9.999992e-01 -2.023262e+01
9.999914e-01 1.712451e-03 -3.776777e-03 4.977731e+01 -1.718367e-03 9.999973e-01 -1.563799e-03 -9.042002e-01 3.774089e-03 1.570276e-03 9.999916e-01 -2.181226e+01
9.999990e-01 -1.112258e-03 -8.493834e-04 4.955208e+01 1.113119e-03 9.999989e-01 1.014102e-03 -8.805523e-01 8.482543e-04 -1.015047e-03 9.999991e-01 -2.306850e+01
9.999941e-01 1.506599e-03 -3.078240e-03 4.944284e+01 -1.510113e-03 9.999982e-01 -1.139708e-03 -8.872040e-01 3.076518e-03 1.144350e-03 9.999946e-01 -2.330430e+01
9.999992e-01 -1.253253e-03 -9.961604e-05 4.974803e+01 1.253402e-03 9.999981e-01 1.517150e-03 -9.109266e-01 9.771421e-05 -1.517275e-03 9.999988e-01 -2.291418e+01
9.999936e-01 1.419247e-03 -3.288110e-03 5.018149e+01 -1.422864e-03 9.999984e-01 -1.097935e-03 -9.271063e-01 3.286546e-03 1.102607e-03 9.999940e-01 -2.273315e+01
9.999985e-01 -1.212056e-03 -1.203019e-03 5.017740e+01 1.213791e-03 9.999982e-01 1.442912e-03 -9.315050e-01 1.201267e-03 -1.444371e-03 9.999982e-01 -2.288149e+01
9.999935e-01 1.366066e-03 -3.328940e-03 5.022037e+01 -1.369181e-03 9.999986e-01 -9.337444e-04 -9.361670e-01 3.327660e-03 9.382970e-04 9.999940e-01 -2.271595e+01
9.999991e-01 -1.225258e-03 -4.912876e-04 5.063784e+01 1.225983e-03 9.999982e-01 1.478784e-03 -9.491219e-01 4.894745e-04 -1.479386e-03 9.999988e-01 -2.259202e+01
9.999959e-01 1.304486e-03 -2.531094e-03 5.139272e+01 -1.307245e-03 9.999986e-01 -1.088895e-03 -9.548214e-01 2.529670e-03 1.092200e-03 9.999962e-01 -2.288388e+01
9.999992e-01 -1.115526e-03 -5.883802e-04 5.205187e+01 1.116417e-03 9.999982e-01 1.515544e-03 -9.749472e-01 5.866883e-04 -1.516200e-03 9.999987e-01 -2.276997e+01
9.999933e-01 1.273147e-03 -3.430443e-03 5.212506e+01 -1.276923e-03 9.999986e-01 -1.098999e-03 -9.853883e-01 3.429039e-03 1.103373e-03 9.999935e-01 -2.253043e+01
9.999984e-01 -1.064303e-03 -1.435699e-03 5.199151e+01 1.066537e-03 9.999982e-01 1.556506e-03 -9.872478e-01 1.434040e-03 -1.558036e-03 9.999978e-01 -2.258502e+01
9.999976e-01 1.237735e-03 -1.792121e-03 5.218464e+01 -1.239935e-03 9.999985e-01 -1.227507e-03 -1.007899e+00 1.790599e-03 1.229727e-03 9.999976e-01 -2.227016e+01
9.999993e-01 -8.997231e-04 -7.805719e-04 5.249234e+01 9.009138e-04 9.999984e-01 1.526713e-03 -1.041459e+00 7.791968e-04 -1.527416e-03 9.999985e-01 -2.146855e+01
9.999975e-01 1.248201e-03 -1.833479e-03 5.285381e+01 -1.250412e-03 9.999985e-01 -1.205515e-03 -1.079410e+00 1.831972e-03 1.207805e-03 9.999976e-01 -2.058244e+01
9.999989e-01 -1.171141e-03 -9.043612e-04 5.377066e+01 1.172709e-03 9.999978e-01 1.734857e-03 -1.098576e+00 9.023272e-04 -1.735916e-03 9.999981e-01 -2.058830e+01
9.999978e-01 1.316641e-03 -1.607688e-03 5.467695e+01 -1.318667e-03 9.999983e-01 -1.259833e-03 -1.117727e+00 1.606027e-03 1.261951e-03 9.999979e-01 -2.059899e+01
9.999985e-01 -1.082082e-03 -1.324798e-03 5.471327e+01 1.083986e-03 9.999984e-01 1.437471e-03 -1.138200e+00 1.323240e-03 -1.438906e-03 9.999981e-01 -1.986914e+01
9.999977e-01 1.100467e-03 -1.863439e-03 5.551199e+01 -1.102179e-03 9.999990e-01 -9.180960e-04 -1.149703e+00 1.862427e-03 9.201484e-04 9.999978e-01 -2.001826e+01
9.999991e-01 -1.161906e-03 -6.236921e-04 5.675864e+01 1.162654e-03 9.999986e-01 1.200246e-03 -1.132409e+00 6.222964e-04 -1.200971e-03 9.999991e-01 -2.087388e+01
9.999979e-01 1.102783e-03 -1.700382e-03 5.790356e+01 -1.104729e-03 9.999987e-01 -1.143948e-03 -1.118315e+00 1.699118e-03 1.145825e-03 9.999979e-01 -2.170917e+01
9.999970e-01 -9.842518e-04 -2.261900e-03 5.770693e+01 9.876129e-04 9.999984e-01 1.485437e-03 -1.119129e+00 2.260434e-03 -1.487667e-03 9.999963e-01 -2.101883e+01
9.999981e-01 1.114759e-03 -1.594197e-03 5.748629e+01 -1.116680e-03 9.999987e-01 -1.204898e-03 -1.120026e+00 1.592852e-03 1.206676e-03 9.999980e-01 -2.025619e+01
9.999943e-01 -8.122673e-04 -3.269558e-03 5.721055e+01 8.170950e-04 9.999986e-01 1.475586e-03 -1.121084e+00 3.268355e-03 -1.478250e-03 9.999936e-01 -2.004652e+01
9.999986e-01 1.175129e-03 -1.183169e-03 5.716413e+01 -1.176905e-03 9.999982e-01 -1.501159e-03 -1.117646e+00 1.181403e-03 1.502551e-03 9.999982e-01 -2.092413e+01
9.999969e-01 -8.738118e-04 -2.341552e-03 5.739654e+01 8.769527e-04 9.999987e-01 1.340793e-03 -1.110790e+00 2.340377e-03 -1.342843e-03 9.999964e-01 -2.189503e+01
9.999988e-01 1.233074e-03 -8.902627e-04 5.772581e+01 -1.234593e-03 9.999978e-01 -1.707618e-03 -1.095602e+00 8.881553e-04 1.708716e-03 9.999981e-01 -2.321826e+01
9.999979e-01 -7.673748e-04 -1.908317e-03 5.866234e+01 7.691270e-04 9.999993e-01 9.177913e-04 -1.050215e+00 1.907611e-03 -9.192577e-04 9.999978e-01 -2.562997e+01
9.999995e-01 1.044596e-03 -7.446169e-05 6.044577e+01 -1.044749e-03 9.999973e-01 -2.076120e-03 -9.771359e-01 7.229302e-05 2.076197e-03 9.999978e-01 -2.882080e+01
9.999981e-01 -8.341306e-04 -1.761593e-03 6.228093e+01 8.355156e-04 9.999993e-01 7.858051e-04 -9.013224e-01 1.760936e-03 -7.872761e-04 9.999981e-01 -3.209586e+01
9.999991e-01 1.170017e-03 -6.815270e-04 6.343816e+01 -1.171333e-03 9.999974e-01 -1.933886e-03 -8.459967e-01 6.792628e-04 1.934683e-03 9.999979e-01 -3.483281e+01
9.999976e-01 -9.146064e-04 -1.986142e-03 6.405287e+01 9.169055e-04 9.999989e-01 1.157150e-03 -8.198139e-01 1.985082e-03 -1.158969e-03 9.999974e-01 -3.654966e+01
9.999994e-01 7.772489e-04 -7.135555e-04 6.531697e+01 -7.779399e-04 9.999992e-01 -9.690028e-04 -8.074813e-01 7.128020e-04 9.695580e-04 9.999993e-01 -3.739877e+01
9.999961e-01 -4.743581e-04 -2.737877e-03 6.559483e+01 4.765125e-04 9.999996e-01 7.864107e-04 -7.956081e-01 2.737502e-03 -7.877130e-04 9.999959e-01 -3.837005e+01
9.999983e-01 8.524514e-04 -1.657707e-03 6.552149e+01 -8.539861e-04 9.999992e-01 -9.254760e-04 -7.886888e-01 1.656917e-03 9.268907e-04 9.999982e-01 -3.932150e+01
9.999982e-01 -6.268180e-04 -1.811234e-03 6.576405e+01 6.286561e-04 9.999993e-01 1.014633e-03 -7.961759e-01 1.810597e-03 -1.015770e-03 9.999978e-01 -3.957036e+01
9.999995e-01 9.258656e-04 -3.387594e-04 6.661312e+01 -9.260443e-04 9.999994e-01 -5.283828e-04 -8.334415e-01 3.382702e-04 5.286969e-04 9.999998e-01 -3.902320e+01
9.999941e-01 -7.170607e-04 -3.352628e-03 6.654169e+01 7.197270e-04 9.999994e-01 7.942440e-04 -8.434874e-01 3.352056e-03 -7.966530e-04 9.999941e-01 -3.839397e+01
9.999994e-01 9.940786e-04 3.718155e-04 6.649792e+01 -9.938056e-04 9.999992e-01 -7.327256e-04 -8.582237e-01 -3.725434e-04 7.323564e-04 9.999997e-01 -3.741575e+01
9.999930e-01 -7.916544e-04 -3.652937e-03 6.668769e+01 7.952295e-04 9.999992e-01 9.774316e-04 -8.791727e-01 3.652160e-03 -9.803303e-04 9.999929e-01 -3.707065e+01
9.999994e-01 1.073822e-03 -5.008336e-05 6.675928e+01 -1.073874e-03 9.999989e-01 -1.053051e-03 -8.817147e-01 4.895274e-05 1.053105e-03 9.999994e-01 -3.747371e+01
9.999934e-01 -7.759709e-04 -3.557385e-03 6.688163e+01 7.796178e-04 9.999992e-01 1.023974e-03 -8.827574e-01 3.556587e-03 -1.026741e-03 9.999931e-01 -3.741248e+01
9.999992e-01 9.103747e-04 8.259490e-04 6.747721e+01 -9.095091e-04 9.999990e-01 -1.047396e-03 -8.789558e-01 -8.269014e-04 1.046644e-03 9.999991e-01 -3.806753e+01
9.999901e-01 -6.287997e-04 -4.395038e-03 6.791440e+01 6.333122e-04 9.999993e-01 1.025473e-03 -8.695541e-01 4.394390e-03 -1.028247e-03 9.999898e-01 -3.896405e+01
9.999990e-01 7.833025e-04 1.180640e-03 6.822498e+01 -7.823385e-04 9.999994e-01 -8.165311e-04 -8.810461e-01 -1.181278e-03 8.156073e-04 9.999990e-01 -3.906663e+01
9.999925e-01 -4.277670e-04 -3.843463e-03 6.852377e+01 4.318688e-04 9.999993e-01 1.066526e-03 -9.098988e-01 3.843004e-03 -1.068178e-03 9.999920e-01 -3.825260e+01
9.999992e-01 7.209715e-04 1.030760e-03 6.876385e+01 -7.201316e-04 9.999994e-01 -8.146887e-04 -9.349408e-01 -1.031346e-03 8.139465e-04 9.999991e-01 -3.751090e+01
9.999920e-01 -4.531702e-04 -3.972577e-03 6.889822e+01 4.575232e-04 9.999993e-01 1.094993e-03 -9.548442e-01 3.972078e-03 -1.096803e-03 9.999915e-01 -3.688633e+01
9.999989e-01 6.898277e-04 1.289077e-03 6.959682e+01 -6.889701e-04 9.999995e-01 -6.653824e-04 -9.825017e-01 -1.289535e-03 6.644943e-04 9.999989e-01 -3.638453e+01
9.999875e-01 -4.523656e-04 -4.978992e-03 6.951662e+01 4.570215e-04 9.999995e-01 9.340591e-04 -9.921474e-01 4.978567e-03 -9.363236e-04 9.999872e-01 -3.588705e+01
9.999995e-01 7.642258e-04 6.603986e-04 6.938071e+01 -7.637706e-04 9.999995e-01 -6.887578e-04 -1.001859e+00 -6.609244e-04 6.882537e-04 9.999995e-01 -3.582353e+01
9.999884e-01 -4.765496e-04 -4.792196e-03 6.942749e+01 4.799137e-04 9.999996e-01 7.009397e-04 -1.005137e+00 4.791860e-03 -7.032321e-04 9.999883e-01 -3.644554e+01
9.999988e-01 8.301521e-04 1.275219e-03 6.960577e+01 -8.288691e-04 9.999992e-01 -1.006054e-03 -9.986623e-01 -1.276053e-03 1.004996e-03 9.999987e-01 -3.750759e+01
9.999853e-01 -3.563720e-04 -5.416679e-03 6.960642e+01 3.599178e-04 9.999997e-01 6.536977e-04 -9.915401e-01 5.416444e-03 -6.556382e-04 9.999851e-01 -3.870949e+01
9.999988e-01 9.964014e-04 1.175349e-03 6.967515e+01 -9.950337e-04 9.999988e-01 -1.163349e-03 -9.767617e-01 -1.176506e-03 1.162179e-03 9.999986e-01 -4.028418e+01
9.999854e-01 -1.841981e-04 -5.395211e-03 6.958841e+01 1.851865e-04 1.000000e+00 1.827583e-04 -9.546850e-01 5.395176e-03 -1.837554e-04 9.999854e-01 -4.240724e+01
9.999995e-01 9.754640e-04 2.180374e-04 6.933216e+01 -9.753316e-04 9.999993e-01 -6.053042e-04 -9.429197e-01 -2.186275e-04 6.050919e-04 9.999998e-01 -4.397766e+01
9.999888e-01 -1.246798e-04 -4.731286e-03 6.925851e+01 1.233193e-04 1.000000e+00 -2.877758e-04 -9.190576e-01 4.731322e-03 2.871885e-04 9.999888e-01 -4.616967e+01
9.999992e-01 1.170590e-03 5.405750e-04 6.929460e+01 -1.169944e-03 9.999986e-01 -1.194354e-03 -8.778986e-01 -5.419722e-04 1.193721e-03 9.999991e-01 -4.926301e+01
9.999887e-01 -4.627280e-04 -4.721114e-03 6.922861e+01 4.640787e-04 9.999999e-01 2.850684e-04 -8.543005e-01 4.720982e-03 -2.872569e-04 9.999888e-01 -5.137741e+01
9.999991e-01 1.263479e-03 4.099484e-04 6.938952e+01 -1.263084e-03 9.999987e-01 -9.610843e-04 -8.289994e-01 -4.111620e-04 9.605663e-04 9.999995e-01 -5.341893e+01
9.999915e-01 -4.933012e-04 -4.090034e-03 6.946921e+01 4.919653e-04 9.999998e-01 -3.275370e-04 -7.935116e-01 4.090195e-03 3.255214e-04 9.999916e-01 -5.610249e+01
9.999996e-01 9.431116e-04 6.296092e-05 6.958906e+01 -9.431152e-04 9.999996e-01 6.261700e-05 -7.830403e-01 -6.290163e-05 -6.267571e-05 1.000000e+00 -5.734769e+01
9.999921e-01 -6.563657e-04 -3.929607e-03 6.970137e+01 6.556803e-04 9.999998e-01 -1.756237e-04 -7.805256e-01 3.929721e-03 1.730451e-04 9.999923e-01 -5.819424e+01
9.999988e-01 1.421261e-03 -6.896760e-04 6.976183e+01 -1.421516e-03 9.999989e-01 -3.694305e-04 -7.624850e-01 6.891504e-04 3.704111e-04 9.999997e-01 -5.996540e+01
9.999946e-01 -6.457321e-04 -3.220416e-03 6.971517e+01 6.435115e-04 9.999996e-01 -6.904404e-04 -7.378704e-01 3.220860e-03 6.883637e-04 9.999946e-01 -6.219423e+01
9.999996e-01 8.404761e-04 -2.603733e-04 6.990523e+01 -8.403293e-04 9.999995e-01 5.622503e-04 -7.351905e-01 2.608460e-04 -5.620306e-04 9.999998e-01 -6.300178e+01
9.999946e-01 -6.512661e-04 -3.221617e-03 7.005569e+01 6.500497e-04 9.999997e-01 -3.785091e-04 -7.456678e-01 3.221863e-03 3.764122e-04 9.999947e-01 -6.319939e+01
9.999990e-01 8.636758e-04 -1.126295e-03 6.996222e+01 -8.629448e-04 9.999994e-01 6.490535e-04 -7.507291e-01 1.126856e-03 -6.480802e-04 9.999992e-01 -6.327373e+01
9.999957e-01 -4.977185e-04 -2.886209e-03 6.999895e+01 4.955506e-04 9.999996e-01 -7.516643e-04 -7.504321e-01 2.886582e-03 7.502301e-04 9.999956e-01 -6.406814e+01
9.999992e-01 7.836576e-04 -9.675916e-04 7.005413e+01 -7.829085e-04 9.999994e-01 7.739219e-04 -7.537496e-01 9.681977e-04 -7.731631e-04 9.999992e-01 -6.462583e+01
