9.999981e-01 5.520958e-04 -1.865801e-03 3.986571e-01 -5.519809e-04 9.999998e-01 6.210369e-05 -4.335613e-02 1.865835e-03 -6.107440e-05 9.999983e-01 1.431810e+00
9.999999e-01 -1.879814e-04 -3.804072e-04 9.238930e-01 1.880811e-04 9.999999e-01 2.619215e-04 -8.442755e-02 3.803582e-04 -2.619923e-04 9.999999e-01 2.391978e+00
9.999966e-01 4.306485e-04 -2.554644e-03 1.246133e+00 -4.304939e-04 9.999999e-01 6.109348e-05 -1.134472e-01 2.554670e-03 -5.999423e-05 9.999967e-01 2.805513e+00
1.000000e+00 -1.788888e-04 -2.605198e-04 1.746353e+00 1.789730e-04 9.999999e-01 3.232043e-04 -1.409485e-01 2.604623e-04 -3.232502e-04 9.999999e-01 3.090575e+00
9.999973e-01 4.212689e-04 -2.306331e-03 2.260695e+00 -4.214356e-04 9.999999e-01 -7.176242e-05 -1.676934e-01 2.306300e-03 7.273348e-05 9.999973e-01 3.335442e+00
9.999999e-01 -1.854397e-04 -2.763627e-04 2.666861e+00 1.855371e-04 9.999999e-01 3.524314e-04 -1.969904e-01 2.762977e-04 -3.524819e-04 9.999999e-01 3.717729e+00
9.999961e-01 2.741172e-04 -2.787038e-03 3.142527e+00 -2.748684e-04 9.999999e-01 -2.691613e-04 -1.964196e-01 2.786964e-03 2.699256e-04 9.999961e-01 3.150790e+00
1.000000e+00 -2.752777e-04 4.847886e-05 3.782628e+00 2.752649e-04 9.999999e-01 2.651694e-04 -1.877152e-01 -4.855152e-05 -2.651554e-04 1.000000e+00 2.392687e+00
9.999964e-01 3.492190e-04 -2.648653e-03 4.455293e+00 -3.502854e-04 9.999999e-01 -4.021604e-04 -1.743027e-01 2.648512e-03 4.030861e-04 9.999964e-01 1.428197e+00
9.999998e-01 -1.291802e-04 -5.610977e-04 4.652004e+00 1.293658e-04 9.999999e-01 3.306718e-04 -1.750224e-01 5.610553e-04 -3.307436e-04 9.999998e-01 9.068946e-01
9.999943e-01 5.145712e-04 -3.345332e-03 4.949431e+00 -5.163505e-04 9.999997e-01 -5.310075e-04 -1.656783e-01 3.345058e-03 5.327312e-04 9.999943e-01 -1.809289e-01
1.000000e+00 -8.771488e-05 -1.689354e-04 5.475361e+00 8.767078e-05 1.000000e+00 -2.612573e-04 -1.342064e-01 1.689586e-04 2.612432e-04 1.000000e+00 -2.363272e+00
9.999962e-01 4.217812e-04 -2.720647e-03 5.780954e+00 -4.222480e-04 9.999999e-01 -1.709864e-04 -1.215455e-01 2.720574e-03 1.721339e-04 9.999963e-01 -3.628648e+00
9.999997e-01 -1.792229e-04 -7.613042e-04 6.011630e+00 1.792991e-04 1.000000e+00 1.000046e-04 -1.189166e-01 7.612866e-04 -1.001404e-04 9.999997e-01 -4.385153e+00
9.999972e-01 4.464978e-04 -2.335961e-03 6.614563e+00 -4.471803e-04 9.999999e-01 -2.916764e-04 -1.008144e-01 2.335830e-03 2.927195e-04 9.999972e-01 -5.648847e+00
9.999997e-01 -3.863415e-04 7.406167e-04 8.909947e+00 3.865060e-04 9.999999e-01 -2.218453e-04 -2.782521e-02 -7.405306e-04 2.221322e-04 9.999997e-01 -8.573471e+00
9.999999e-01 4.013365e-04 -4.473176e-05 1.245532e+01 -4.013857e-04 9.999993e-01 -1.104590e-03 9.249926e-02 4.428808e-05 1.104608e-03 9.999994e-01 -1.312612e+01
9.999999e-01 -3.510658e-04 -2.116021e-04 1.559773e+01 3.510257e-04 9.999999e-01 -1.897843e-04 2.053663e-01 2.116690e-04 1.897107e-04 1.000000e+00 -1.752598e+01
9.999994e-01 8.017342e-04 -7.797321e-04 1.821921e+01 -8.027434e-04 9.999988e-01 -1.294768e-03 3.153192e-01 7.786928e-04 1.295393e-03 9.999989e-01 -2.212046e+01
9.999998e-01 -3.880293e-04 4.292747e-04 2.114357e+01 3.883588e-04 9.999996e-01 -7.677797e-04 4.429537e-01 -4.289763e-04 7.679470e-04 9.999996e-01 -2.742983e+01
9.999997e-01 6.569448e-04 -2.947532e-04 2.440443e+01 -6.573056e-04 9.999990e-01 -1.225747e-03 5.743639e-01 2.939474e-04 1.225940e-03 9.999992e-01 -3.271100e+01
9.999999e-01 -3.866091e-04 -2.631402e-04 2.707290e+01 3.865163e-04 9.999999e-01 -3.530878e-04 6.851498e-01 2.632770e-04 3.529868e-04 9.999999e-01 -3.732125e+01
9.999998e-01 4.805559e-04 3.255381e-04 3.032960e+01 -4.802013e-04 9.999993e-01 -1.088617e-03 8.067825e-01 -3.260613e-04 1.088460e-03 9.999994e-01 -4.211021e+01
9.999996e-01 -2.418539e-04 -8.414037e-04 3.319037e+01 2.416477e-04 9.999999e-01 -2.452528e-04 9.152300e-01 8.414633e-04 2.450501e-04 9.999996e-01 -4.643693e+01
9.999998e-01 7.043921e-04 -3.405518e-05 3.590981e+01 -7.044443e-04 9.999985e-01 -1.556300e-03 1.033407e+00 3.295854e-05 1.556323e-03 9.999988e-01 -5.134869e+01
9.999999e-01 -3.770959e-04 -1.727891e-04 3.905266e+01 3.770224e-04 9.999998e-01 -4.254485e-04 1.160365e+00 1.729498e-04 4.253840e-04 9.999999e-01 -5.644554e+01
9.999996e-01 7.600233e-04 -4.404454e-04 4.230203e+01 -7.606385e-04 9.999987e-01 -1.398326e-03 1.289282e+00 4.393818e-04 1.398660e-03 9.999989e-01 -6.159976e+01
9.999995e-01 -5.966662e-04 8.579528e-04 4.598496e+01 5.969498e-04 9.999998e-01 -3.303823e-04 1.423870e+00 -8.577551e-04 3.308950e-04 9.999996e-01 -6.677382e+01
9.999996e-01 8.802089e-04 -2.406271e-04 4.943489e+01 -8.806246e-04 9.999981e-01 -1.732585e-03 1.553091e+00 2.391012e-04 1.732795e-03 9.999985e-01 -7.205756e+01
9.999997e-01 -4.469103e-04 -5.836754e-04 5.250747e+01 4.467885e-04 9.999999e-01 -2.087667e-04 1.677605e+00 5.837690e-04 2.085066e-04 9.999998e-01 -7.723808e+01
9.999996e-01 8.593363e-04 1.913720e-04 5.577040e+01 -8.590217e-04 9.999983e-01 -1.637958e-03 1.804149e+00 -1.927795e-04 1.637792e-03 9.999986e-01 -8.241993e+01
9.999991e-01 -3.175956e-04 -1.289154e-03 5.837900e+01 3.166921e-04 9.999997e-01 -7.009647e-04 1.926338e+00 1.289377e-03 7.005565e-04 9.999989e-01 -8.785896e+01
9.999991e-01 9.382243e-04 -9.797583e-04 6.061190e+01 -9.393083e-04 9.999989e-01 -1.106451e-03 2.036114e+00 9.787188e-04 1.107369e-03 9.999989e-01 -9.279681e+01
9.999992e-01 -3.461079e-04 -1.226646e-03 6.300654e+01 3.453271e-04 9.999997e-01 -6.367351e-04 2.150588e+00 1.226866e-03 6.363117e-04 9.999990e-01 -9.777239e+01
9.999964e-01 1.014327e-03 -2.477014e-03 6.471777e+01 -1.016373e-03 9.999991e-01 -8.249162e-04 2.255435e+00 2.476175e-03 8.274301e-04 9.999966e-01 -1.023733e+02
9.999827e-01 -5.834020e-04 -5.859791e-03 6.436939e+01 5.934212e-04 9.999984e-01 1.708211e-03 2.301947e+00 5.858785e-03 -1.711658e-03 9.999814e-01 -1.030962e+02
9.999990e-01 9.078308e-04 1.108096e-03 6.612201e+01 -9.054271e-04 9.999972e-01 -2.167867e-03 2.414638e+00 -1.110061e-03 2.166861e-03 9.999970e-01 -1.068378e+02
9.999748e-01 -5.571692e-04 -7.073601e-03 6.743251e+01 5.757619e-04 9.999964e-01 2.626682e-03 2.502426e+00 7.072112e-03 -2.630688e-03 9.999715e-01 -1.094364e+02
9.999595e-01 3.153073e-04 8.995996e-03 7.219386e+01 -2.876776e-04 9.999952e-01 -3.072468e-03 2.624304e+00 -8.996922e-03 3.069754e-03 9.999548e-01 -1.135901e+02
9.999870e-01 -1.069729e-03 -4.980438e-03 7.817365e+01 1.085683e-03 9.999943e-01 3.201672e-03 2.733059e+00 4.976985e-03 -3.207037e-03 9.999825e-01 -1.172921e+02
9.999416e-01 3.081198e-04 1.080348e-02 8.579847e+01 -2.777001e-04 9.999960e-01 -2.817128e-03 2.873578e+00 -1.080431e-02 2.813963e-03 9.999377e-01 -1.219662e+02
9.999950e-01 -9.466323e-04 -3.021048e-03 9.421031e+01 9.567346e-04 9.999940e-01 3.344254e-03 2.988545e+00 3.017864e-03 -3.347127e-03 9.999898e-01 -1.262988e+02
9.999630e-01 6.017551e-05 8.603995e-03 1.018541e+02 -3.793837e-05 9.999967e-01 -2.584659e-03 3.088407e+00 -8.604122e-03 2.584236e-03 9.999596e-01 -1.299509e+02
9.999895e-01 -6.821656e-04 -4.533777e-03 1.087828e+02 6.965172e-04 9.999947e-01 3.164668e-03 3.200488e+00 4.531594e-03 -3.167792e-03 9.999847e-01 -1.338256e+02
9.999915e-01 5.675520e-04 4.076864e-03 1.125577e+02 -5.588468e-04 9.999976e-01 -2.136121e-03 3.256201e+00 -4.078067e-03 2.133823e-03 9.999894e-01 -1.354373e+02
9.999770e-01 -8.595111e-04 -6.725783e-03 1.160437e+02 8.824298e-04 9.999938e-01 3.405370e-03 3.319493e+00 6.722815e-03 -3.411226e-03 9.999716e-01 -1.369950e+02
9.999807e-01 7.566101e-04 6.158752e-03 1.197739e+02 -7.414566e-04 9.999967e-01 -2.462389e-03 3.367050e+00 -6.160595e-03 2.457774e-03 9.999780e-01 -1.386332e+02
9.999315e-01 -9.341504e-05 -1.170382e-02 1.213456e+02 1.305772e-04 9.999950e-01 3.174487e-03 3.444718e+00 1.170346e-02 -3.175797e-03 9.999265e-01 -1.413180e+02
9.999391e-01 3.116614e-04 1.103044e-02 1.232660e+02 -2.868457e-04 9.999974e-01 -2.251266e-03 3.379867e+00 -1.103112e-02 2.247964e-03 9.999366e-01 -1.403816e+02
9.998551e-01 3.098547e-04 -1.701766e-02 1.248194e+02 -2.809185e-04 9.999985e-01 1.702725e-03 3.475603e+00 1.701817e-02 -1.697697e-03 9.998537e-01 -1.444035e+02
9.999074e-01 2.953154e-04 1.360522e-02 1.251718e+02 -2.835510e-04 9.999996e-01 -8.666199e-04 3.439683e+00 -1.360547e-02 8.626812e-04 9.999071e-01 -1.437605e+02
9.998994e-01 1.836694e-04 -1.418299e-02 1.261552e+02 -1.622976e-04 9.999988e-01 1.507990e-03 3.372985e+00 1.418325e-02 -1.505536e-03 9.998983e-01 -1.422393e+02
9.999363e-01 -8.634842e-05 1.128710e-02 1.268995e+02 9.898622e-05 9.999994e-01 -1.119120e-03 3.368171e+00 -1.128699e-02 1.120165e-03 9.999357e-01 -1.425586e+02
9.998913e-01 3.042743e-04 -1.474195e-02 1.271717e+02 -2.836854e-04 9.999990e-01 1.398687e-03 3.356968e+00 1.474236e-02 -1.394352e-03 9.998904e-01 -1.428046e+02
9.999404e-01 -1.444033e-04 1.091227e-02 1.271833e+02 1.555655e-04 9.999995e-01 -1.022070e-03 3.342676e+00 -1.091212e-02 1.023706e-03 9.999399e-01 -1.425487e+02
9.999158e-01 5.202580e-04 -1.296733e-02 1.274373e+02 -5.049364e-04 9.999992e-01 1.184790e-03 3.305596e+00 1.296794e-02 -1.178142e-03 9.999152e-01 -1.413678e+02
9.999361e-01 -1.214530e-04 1.130560e-02 1.278169e+02 1.324325e-04 9.999995e-01 -9.704195e-04 3.259786e+00 -1.130548e-02 9.718540e-04 9.999356e-01 -1.401613e+02
9.999151e-01 3.097115e-04 -1.302702e-02 1.293527e+02 -2.875812e-04 9.999985e-01 1.700642e-03 3.227731e+00 1.302752e-02 -1.696751e-03 9.999137e-01 -1.399014e+02
9.999276e-01 -2.058624e-04 1.202751e-02 1.311421e+02 2.197625e-04 9.999993e-01 -1.154381e-03 3.194255e+00 -1.202726e-02 1.156940e-03 9.999270e-01 -1.396834e+02
9.998477e-01 4.540392e-04 -1.744691e-02 1.308291e+02 -4.259224e-04 9.999986e-01 1.615245e-03 3.202503e+00 1.744762e-02 -1.607568e-03 9.998465e-01 -1.397917e+02
9.999292e-01 -3.818467e-05 1.189972e-02 1.303831e+02 5.535420e-05 9.999990e-01 -1.442531e-03 3.218193e+00 -1.189965e-02 1.443087e-03 9.999282e-01 -1.403590e+02
9.998308e-01 5.249460e-04 -1.838978e-02 1.296350e+02 -4.923426e-04 9.999983e-01 1.777385e-03 3.241476e+00 1.839069e-02 -1.768029e-03 9.998293e-01 -1.407042e+02
9.999030e-01 -2.645720e-04 1.392804e-02 1.297108e+02 2.857620e-04 9.999988e-01 -1.519429e-03 3.245323e+00 -1.392762e-02 1.523260e-03 9.999018e-01 -1.411950e+02
9.998418e-01 4.859455e-04 -1.777750e-02 1.299585e+02 -4.536738e-04 9.999982e-01 1.819295e-03 3.243886e+00 1.777836e-02 -1.810942e-03 9.998403e-01 -1.414124e+02
9.999137e-01 -2.262902e-04 1.313509e-02 1.298959e+02 2.461030e-04 9.999988e-01 -1.506801e-03 3.247996e+00 -1.313473e-02 1.509903e-03 9.999126e-01 -1.417235e+02
9.998874e-01 3.645321e-04 -1.500145e-02 1.315340e+02 -3.309461e-04 9.999974e-01 2.241270e-03 3.227020e+00 1.500223e-02 -2.236052e-03 9.998850e-01 -1.417806e+02
9.999062e-01 -2.449054e-04 1.369215e-02 1.333204e+02 2.693187e-04 9.999984e-01 -1.781203e-03 3.220971e+00 -1.369169e-02 1.784722e-03 9.999047e-01 -1.422830e+02
9.998490e-01 5.888836e-04 -1.736811e-02 1.335451e+02 -5.583186e-04 9.999983e-01 1.764622e-03 3.223781e+00 1.736912e-02 -1.754658e-03 9.998476e-01 -1.430820e+02
9.999081e-01 -1.752844e-04 1.355736e-02 1.337365e+02 2.019920e-04 9.999980e-01 -1.968632e-03 3.229407e+00 -1.355699e-02 1.971189e-03 9.999062e-01 -1.440495e+02
9.998683e-01 2.923368e-04 -1.622903e-02 1.345508e+02 -2.568033e-04 9.999976e-01 2.191543e-03 3.234999e+00 1.622963e-02 -2.187086e-03 9.998659e-01 -1.447228e+02
9.999115e-01 -1.174388e-04 1.330408e-02 1.352199e+02 1.453301e-04 9.999978e-01 -2.095506e-03 3.241480e+00 -1.330381e-02 2.097254e-03 9.999093e-01 -1.454926e+02
9.998608e-01 4.460089e-04 -1.668018e-02 1.355628e+02 -4.145585e-04 9.999981e-01 1.888902e-03 3.249718e+00 1.668099e-02 -1.881724e-03 9.998591e-01 -1.465056e+02
9.998995e-01 -3.622450e-04 1.417118e-02 1.361753e+02 3.872022e-04 9.999984e-01 -1.758425e-03 3.248215e+00 -1.417052e-02 1.763735e-03 9.998980e-01 -1.470490e+02
9.998510e-01 5.064969e-04 -1.725303e-02 1.368080e+02 -4.762907e-04 9.999983e-01 1.754840e-03 3.257015e+00 1.725389e-02 -1.746361e-03 9.998496e-01 -1.478806e+02
9.999072e-01 -8.686669e-05 1.362488e-02 1.369698e+02 1.148056e-04 9.999979e-01 -2.049821e-03 3.263669e+00 -1.362467e-02 2.051194e-03 9.999051e-01 -1.489272e+02
9.998509e-01 4.595899e-04 -1.726198e-02 1.371853e+02 -4.302591e-04 9.999985e-01 1.702825e-03 3.271840e+00 1.726274e-02 -1.695143e-03 9.998496e-01 -1.500348e+02
9.999062e-01 8.420098e-06 1.369517e-02 1.373349e+02 1.977032e-05 9.999979e-01 -2.058290e-03 3.280012e+00 -1.369516e-02 2.058367e-03 9.999041e-01 -1.511894e+02
9.998461e-01 5.082041e-04 -1.753471e-02 1.374160e+02 -4.806330e-04 9.999986e-01 1.576546e-03 3.288660e+00 1.753549e-02 -1.567875e-03 9.998450e-01 -1.524679e+02
9.999045e-01 -1.003967e-05 1.382341e-02 1.375471e+02 3.841173e-05 9.999979e-01 -2.052207e-03 3.299166e+00 -1.382336e-02 2.052541e-03 9.999023e-01 -1.538073e+02
9.998518e-01 3.738587e-04 -1.720912e-02 1.378229e+02 -3.437150e-04 9.999984e-01 1.754533e-03 3.309209e+00 1.720975e-02 -1.748357e-03 9.998504e-01 -1.549524e+02
9.999087e-01 8.305427e-06 1.351592e-02 1.381309e+02 1.816184e-05 9.999981e-01 -1.958111e-03 3.318920e+00 -1.351591e-02 1.958177e-03 9.999067e-01 -1.560451e+02
9.998458e-01 4.383452e-04 -1.755261e-02 1.381718e+02 -4.065263e-04 9.999983e-01 1.816297e-03 3.324244e+00 1.755337e-02 -1.808881e-03 9.998443e-01 -1.569897e+02
9.999166e-01 -7.633489e-05 1.291774e-02 1.379311e+02 9.752670e-05 9.999987e-01 -1.639905e-03 3.331421e+00 -1.291760e-02 1.641027e-03 9.999152e-01 -1.573813e+02
9.998550e-01 3.194633e-04 -1.702831e-02 1.378319e+02 -2.881720e-04 9.999983e-01 1.840023e-03 3.331072e+00 1.702887e-02 -1.834848e-03 9.998533e-01 -1.574466e+02
9.999345e-01 9.285476e-05 1.144418e-02 1.372776e+02 -7.461688e-05 9.999987e-01 -1.594063e-03 3.348546e+00 -1.144431e-02 1.593104e-03 9.999332e-01 -1.578045e+02
9.998798e-01 2.969184e-05 -1.550748e-02 1.374675e+02 2.499353e-06 9.999978e-01 2.075820e-03 3.341384e+00 1.550751e-02 -2.075608e-03 9.998776e-01 -1.576226e+02
9.999230e-01 1.824934e-04 1.240718e-02 1.379754e+02 -1.624334e-04 9.999987e-01 -1.617799e-03 3.328506e+00 -1.240746e-02 1.615659e-03 9.999217e-01 -1.576399e+02
9.998481e-01 1.156764e-04 -1.742717e-02 1.376778e+02 -8.221392e-05 9.999982e-01 1.920833e-03 3.337385e+00 1.742736e-02 -1.919108e-03 9.998463e-01 -1.579336e+02
9.999195e-01 -6.931263e-05 1.268908e-02 1.375070e+02 8.735862e-05 9.999990e-01 -1.421627e-03 3.342904e+00 -1.268897e-02 1.422620e-03 9.999185e-01 -1.577050e+02
9.998631e-01 2.387509e-04 -1.654621e-02 1.378527e+02 -2.087813e-04 9.999983e-01 1.812961e-03 3.341651e+00 1.654661e-02 -1.809258e-03 9.998615e-01 -1.577161e+02
9.999215e-01 -1.497874e-04 1.253213e-02 1.380615e+02 1.687868e-04 9.999988e-01 -1.515015e-03 3.346599e+00 -1.253188e-02 1.517011e-03 9.999203e-01 -1.579084e+02
9.998592e-01 2.182237e-04 -1.677835e-02 1.382897e+02 -1.846073e-04 9.999980e-01 2.005076e-03 3.349875e+00 1.677875e-02 -2.001695e-03 9.998572e-01 -1.578161e+02
9.998917e-01 -2.645284e-05 1.471651e-02 1.398158e+02 4.544460e-05 9.999992e-01 -1.290181e-03 3.335980e+00 -1.471647e-02 1.290709e-03 9.998909e-01 -1.578044e+02
9.998667e-01 1.732581e-04 -1.632905e-02 1.414116e+02 -1.460120e-04 9.999986e-01 1.669738e-03 3.318894e+00 1.632932e-02 -1.667130e-03 9.998653e-01 -1.578862e+02
9.999144e-01 -8.233309e-05 1.308468e-02 1.422399e+02 9.676799e-05 9.999994e-01 -1.102570e-03 3.311667e+00 -1.308458e-02 1.103741e-03 9.999138e-01 -1.580303e+02
9.998974e-01 1.775541e-04 -1.432624e-02 1.445512e+02 -1.540650e-04 9.999986e-01 1.640668e-03 3.305289e+00 1.432651e-02 -1.638292e-03 9.998960e-01 -1.585083e+02
9.999213e-01 -1.078656e-04 1.254390e-02 1.461276e+02 1.231007e-04 9.999993e-01 -1.213788e-03 3.302575e+00 -1.254376e-02 1.215236e-03 9.999206e-01 -1.589521e+02
9.998598e-01 1.786086e-04 -1.674161e-02 1.464644e+02 -1.515237e-04 9.999987e-01 1.619068e-03 3.306436e+00 1.674187e-02 -1.616304e-03 9.998585e-01 -1.589106e+02
9.999086e-01 -1.175325e-04 1.351764e-02 1.474211e+02 1.324839e-04 9.999994e-01 -1.105184e-03 3.303295e+00 -1.351750e-02 1.106873e-03 9.999080e-01 -1.590332e+02
9.998779e-01 3.481881e-04 -1.562408e-02 1.488769e+02 -3.194994e-04 9.999983e-01 1.838640e-03 3.276825e+00 1.562469e-02 -1.833423e-03 9.998762e-01 -1.589050e+02
9.999057e-01 -1.585293e-04 1.373261e-02 1.504876e+02 1.765758e-04 9.999991e-01 -1.312942e-03 3.259530e+00 -1.373239e-02 1.315243e-03 9.999048e-01 -1.590269e+02
9.998965e-01 -3.746347e-05 -1.438795e-02 1.532735e+02 6.521787e-05 9.999981e-01 1.928531e-03 3.277848e+00 1.438785e-02 -1.929269e-03 9.998946e-01 -1.601444e+02
9.998889e-01 -6.332544e-05 1.490602e-02 1.570309e+02 8.159178e-05 9.999992e-01 -1.224836e-03 3.299954e+00 -1.490593e-02 1.225916e-03 9.998881e-01 -1.615362e+02
9.998896e-01 1.064974e-04 -1.485943e-02 1.600057e+02 -7.736642e-05 9.999981e-01 1.960993e-03 3.298820e+00 1.485961e-02 -1.959627e-03 9.998877e-01 -1.622589e+02
9.999220e-01 1.035552e-04 1.248682e-02 1.612013e+02 -8.472670e-05 9.999989e-01 -1.508396e-03 3.294194e+00 -1.248696e-02 1.507219e-03 9.999209e-01 -1.624830e+02
9.998468e-01 1.083114e-06 -1.750378e-02 1.611101e+02 3.350796e-05 9.999980e-01 1.975907e-03 3.314296e+00 1.750375e-02 -1.976190e-03 9.998448e-01 -1.624074e+02
9.999134e-01 9.102180e-05 1.315708e-02 1.610145e+02 -7.020599e-05 9.999987e-01 -1.582562e-03 3.335378e+00 -1.315720e-02 1.581501e-03 9.999122e-01 -1.622227e+02
9.998443e-01 -3.241515e-05 -1.764605e-02 1.611704e+02 6.982793e-05 9.999978e-01 2.119560e-03 3.343235e+00 1.764594e-02 -2.120461e-03 9.998420e-01 -1.621403e+02
9.998920e-01 1.520046e-04 1.469445e-02 1.620096e+02 -1.284145e-04 9.999987e-01 -1.606315e-03 3.335840e+00 -1.469467e-02 1.604253e-03 9.998907e-01 -1.623229e+02
9.998479e-01 -3.142192e-05 -1.743830e-02 1.628883e+02 6.746159e-05 9.999979e-01 2.066106e-03 3.328515e+00 1.743820e-02 -2.066967e-03 9.998458e-01 -1.625356e+02
9.999007e-01 1.760424e-04 1.409102e-02 1.631316e+02 -1.523683e-04 9.999986e-01 -1.681149e-03 3.330058e+00 -1.409130e-02 1.678834e-03 9.998993e-01 -1.621043e+02
9.998520e-01 -4.193812e-05 -1.720134e-02 1.634777e+02 7.740919e-05 9.999979e-01 2.061444e-03 3.330027e+00 1.720121e-02 -2.062470e-03 9.998499e-01 -1.617279e+02
9.998978e-01 2.251619e-04 1.429243e-02 1.642811e+02 -2.047309e-04 9.999990e-01 -1.430950e-03 3.312094e+00 -1.429274e-02 1.427877e-03 9.998968e-01 -1.615229e+02
9.998656e-01 -1.952707e-05 -1.639381e-02 1.656885e+02 5.277590e-05 9.999979e-01 2.027696e-03 3.298541e+00 1.639373e-02 -2.028288e-03 9.998636e-01 -1.616521e+02
9.999008e-01 1.234144e-04 1.408144e-02 1.667767e+02 -1.015341e-04 9.999988e-01 -1.554551e-03 3.291784e+00 -1.408162e-02 1.552967e-03 9.998996e-01 -1.619235e+02
9.998598e-01 -7.916141e-05 -1.674637e-02 1.676916e+02 1.126037e-04 9.999980e-01 1.996050e-03 3.289826e+00 1.674617e-02 -1.997655e-03 9.998578e-01 -1.623136e+02
9.999025e-01 1.100566e-04 1.396672e-02 1.686517e+02 -8.779684e-05 9.999987e-01 -1.594383e-03 3.293657e+00 -1.396687e-02 1.593000e-03 9.999012e-01 -1.628352e+02
9.998586e-01 -9.477387e-05 -1.681851e-02 1.695776e+02 1.294921e-04 9.999979e-01 2.063203e-03 3.293972e+00 1.681828e-02 -2.065089e-03 9.998564e-01 -1.632619e+02
9.999021e-01 1.629101e-04 1.399383e-02 1.705679e+02 -1.411557e-04 9.999988e-01 -1.555558e-03 3.291117e+00 -1.399407e-02 1.553430e-03 9.999009e-01 -1.636241e+02
9.998530e-01 -9.531642e-05 -1.714370e-02 1.713533e+02 1.302611e-04 9.999979e-01 2.037224e-03 3.287008e+00 1.714347e-02 -2.039157e-03 9.998510e-01 -1.639270e+02
9.998974e-01 1.509801e-04 1.432710e-02 1.722998e+02 -1.287777e-04 9.999988e-01 -1.550599e-03 3.284536e+00 -1.432732e-02 1.548594e-03 9.998962e-01 -1.642990e+02
9.998534e-01 -6.925410e-05 -1.711983e-02 1.732000e+02 1.034113e-04 9.999980e-01 1.994299e-03 3.280699e+00 1.711965e-02 -1.995777e-03 9.998515e-01 -1.646392e+02
9.998980e-01 1.116286e-04 1.428508e-02 1.740971e+02 -8.960951e-05 9.999988e-01 -1.542043e-03 3.276982e+00 -1.428524e-02 1.540604e-03 9.998968e-01 -1.649810e+02
9.998447e-01 4.716804e-05 -1.762383e-02 1.745457e+02 -1.560731e-05 9.999984e-01 1.790925e-03 3.270728e+00 1.762389e-02 -1.790371e-03 9.998431e-01 -1.651242e+02
9.999164e-01 2.659054e-04 1.293103e-02 1.742700e+02 -2.450197e-04 9.999987e-01 -1.616726e-03 3.284783e+00 -1.293144e-02 1.613422e-03 9.999151e-01 -1.651479e+02
9.998440e-01 -3.370026e-06 -1.766368e-02 1.740289e+02 3.651859e-05 9.999982e-01 1.876322e-03 3.296346e+00 1.766364e-02 -1.876674e-03 9.998422e-01 -1.652519e+02
9.999130e-01 1.888968e-04 1.318972e-02 1.737950e+02 -1.692054e-04 9.999989e-01 -1.494046e-03 3.299276e+00 -1.318999e-02 1.491684e-03 9.999119e-01 -1.650048e+02
9.998583e-01 -6.245696e-05 -1.683461e-02 1.737646e+02 9.311804e-05 9.999983e-01 1.820527e-03 3.290203e+00 1.683447e-02 -1.821836e-03 9.998566e-01 -1.646697e+02
9.999148e-01 1.910169e-04 1.304901e-02 1.736970e+02 -1.722045e-04 9.999989e-01 -1.442792e-03 3.283842e+00 -1.304927e-02 1.440422e-03 9.999138e-01 -1.643030e+02
9.998613e-01 -5.117745e-05 -1.665311e-02 1.736277e+02 8.070689e-05 9.999984e-01 1.772533e-03 3.275872e+00 1.665300e-02 -1.773631e-03 9.998598e-01 -1.638657e+02
9.999235e-01 2.142150e-04 1.236336e-02 1.734059e+02 -1.968185e-04 9.999990e-01 -1.408309e-03 3.275403e+00 -1.236365e-02 1.405768e-03 9.999226e-01 -1.635562e+02
9.998557e-01 -7.981205e-06 -1.698935e-02 1.731923e+02 3.827482e-05 9.999984e-01 1.782762e-03 3.281221e+00 1.698931e-02 -1.783154e-03 9.998541e-01 -1.634692e+02
9.999228e-01 2.288373e-04 1.242011e-02 1.730318e+02 -2.078953e-04 9.999986e-01 -1.687413e-03 3.297203e+00 -1.242047e-02 1.684700e-03 9.999214e-01 -1.638005e+02
9.998627e-01 -1.970151e-05 -1.656959e-02 1.729046e+02 5.183263e-05 9.999981e-01 1.938727e-03 3.301091e+00 1.656952e-02 -1.939319e-03 9.998608e-01 -1.637072e+02
9.999340e-01 9.823066e-05 1.148515e-02 1.724414e+02 -8.037852e-05 9.999988e-01 -1.554831e-03 3.319732e+00 -1.148529e-02 1.553805e-03 9.999328e-01 -1.633939e+02
9.998533e-01 8.000800e-05 -1.712860e-02 1.718308e+02 -4.539549e-05 9.999980e-01 2.021115e-03 3.344422e+00 1.712873e-02 -2.020040e-03 9.998513e-01 -1.631542e+02
9.999235e-01 5.938032e-05 1.236687e-02 1.716818e+02 -4.013716e-05 9.999988e-01 -1.556280e-03 3.348691e+00 -1.236695e-02 1.555664e-03 9.999223e-01 -1.630913e+02
9.998859e-01 -2.917608e-05 -1.510900e-02 1.724032e+02 5.765197e-05 9.999982e-01 1.884256e-03 3.345861e+00 1.510892e-02 -1.884911e-03 9.998841e-01 -1.634485e+02
9.999388e-01 1.696084e-04 1.106511e-02 1.725855e+02 -1.520069e-04 9.999987e-01 -1.591560e-03 3.351284e+00 -1.106537e-02 1.589780e-03 9.999375e-01 -1.636771e+02
9.998690e-01 7.781998e-05 -1.618625e-02 1.723303e+02 -4.717938e-05 9.999982e-01 1.893366e-03 3.368797e+00 1.618637e-02 -1.892353e-03 9.998672e-01 -1.639693e+02
9.999166e-01 7.541294e-05 1.291655e-02 1.729298e+02 -5.282718e-05 9.999985e-01 -1.748936e-03 3.375084e+00 -1.291666e-02 1.748107e-03 9.999150e-01 -1.645905e+02
9.998772e-01 -6.340789e-05 -1.567315e-02 1.738951e+02 9.600848e-05 9.999978e-01 2.079275e-03 3.381641e+00 1.567298e-02 -2.080523e-03 9.998750e-01 -1.651486e+02
9.999200e-01 1.441691e-04 1.265101e-02 1.747073e+02 -1.216617e-04 9.999984e-01 -1.779865e-03 3.384821e+00 -1.265124e-02 1.778183e-03 9.999184e-01 -1.655658e+02
9.998572e-01 9.133387e-05 -1.690124e-02 1.748661e+02 -5.732522e-05 9.999980e-01 2.012663e-03 3.395267e+00 1.690139e-02 -2.011406e-03 9.998551e-01 -1.660359e+02
9.999145e-01 2.414040e-04 1.307623e-02 1.751813e+02 -2.149312e-04 9.999979e-01 -2.025882e-03 3.400362e+00 -1.307669e-02 2.022898e-03 9.999125e-01 -1.668208e+02
9.998716e-01 -7.968154e-05 -1.602600e-02 1.758040e+02 1.129790e-04 9.999978e-01 2.076812e-03 3.404347e+00 1.602580e-02 -2.078356e-03 9.998694e-01 -1.675328e+02
9.999197e-01 2.349710e-04 1.267020e-02 1.764068e+02 -2.144054e-04 9.999987e-01 -1.624499e-03 3.395697e+00 -1.267057e-02 1.621651e-03 9.999184e-01 -1.676027e+02
9.998749e-01 -2.013227e-04 -1.581683e-02 1.772847e+02 2.329561e-04 9.999980e-01 1.998156e-03 3.399255e+00 1.581640e-02 -2.001590e-03 9.998729e-01 -1.680810e+02
9.999279e-01 7.405156e-04 1.198636e-02 1.777238e+02 -7.120298e-04 9.999969e-01 -2.380623e-03 3.417845e+00 -1.198808e-02 2.371916e-03 9.999253e-01 -1.695583e+02
9.998922e-01 -5.395320e-04 -1.467028e-02 1.782306e+02 5.677800e-04 9.999980e-01 1.921417e-03 3.435612e+00 1.466922e-02 -1.929539e-03 9.998905e-01 -1.708967e+02
9.999375e-01 7.996269e-04 1.115199e-02 1.786775e+02 -7.788194e-04 9.999979e-01 -1.870041e-03 3.441254e+00 -1.115346e-02 1.861238e-03 9.999361e-01 -1.716625e+02
9.998911e-01 -5.979161e-04 -1.474513e-02 1.789741e+02 6.293905e-04 9.999975e-01 2.130002e-03 3.433619e+00 1.474382e-02 -2.139050e-03 9.998890e-01 -1.719638e+02
9.999472e-01 7.002907e-04 1.025418e-02 1.789450e+02 -6.830719e-04 9.999984e-01 -1.682617e-03 3.433445e+00 -1.025534e-02 1.675523e-03 9.999460e-01 -1.718163e+02
9.998955e-01 -5.913014e-04 -1.444254e-02 1.790452e+02 6.216661e-04 9.999976e-01 2.098040e-03 3.431005e+00 1.444126e-02 -2.106799e-03 9.998935e-01 -1.716683e+02
9.999408e-01 7.547411e-04 1.085020e-02 1.794097e+02 -7.363807e-04 9.999983e-01 -1.696077e-03 3.423320e+00 -1.085146e-02 1.687987e-03 9.999397e-01 -1.717570e+02
9.999007e-01 -6.075476e-04 -1.407736e-02 1.800724e+02 6.382413e-04 9.999974e-01 2.175955e-03 3.402262e+00 1.407600e-02 -2.184723e-03 9.998985e-01 -1.716077e+02
9.999437e-01 8.043098e-04 1.058503e-02 1.802469e+02 -7.849512e-04 9.999980e-01 -1.832910e-03 3.384713e+00 -1.058649e-02 1.824497e-03 9.999423e-01 -1.708994e+02
9.998814e-01 -7.259147e-04 -1.538361e-02 1.799618e+02 7.621652e-04 9.999969e-01 2.350690e-03 3.401730e+00 1.538185e-02 -2.362135e-03 9.998789e-01 -1.700579e+02
9.999273e-01 9.754735e-04 1.201832e-02 1.805282e+02 -9.519493e-04 9.999976e-01 -1.962947e-03 3.383294e+00 -1.202021e-02 1.951363e-03 9.999259e-01 -1.693398e+02
9.998725e-01 -9.165205e-04 -1.594042e-02 1.799816e+02 9.481723e-04 9.999976e-01 1.978175e-03 3.417301e+00 1.593857e-02 -1.993036e-03 9.998710e-01 -1.672300e+02
9.999399e-01 1.109214e-03 1.091050e-02 1.793579e+02 -1.091378e-03 9.999981e-01 -1.640569e-03 3.465107e+00 -1.091230e-02 1.628562e-03 9.999391e-01 -1.649191e+02
9.999075e-01 -6.829867e-04 -1.358402e-02 1.802496e+02 7.108091e-04 9.999977e-01 2.043441e-03 3.441003e+00 1.358259e-02 -2.052907e-03 9.999056e-01 -1.633045e+02
9.999434e-01 9.385503e-04 1.060202e-02 1.804849e+02 -9.188043e-04 9.999978e-01 -1.867207e-03 3.438435e+00 -1.060375e-02 1.857360e-03 9.999421e-01 -1.616321e+02
9.998715e-01 -9.890576e-04 -1.600153e-02 1.795142e+02 1.023931e-03 9.999971e-01 2.171309e-03 3.503720e+00 1.599934e-02 -2.187414e-03 9.998696e-01 -1.596351e+02
9.999378e-01 1.109768e-03 1.110178e-02 1.789221e+02 -1.089357e-03 9.999977e-01 -1.844440e-03 3.543292e+00 -1.110381e-02 1.832231e-03 9.999367e-01 -1.577327e+02
9.998773e-01 -1.061807e-03 -1.562710e-02 1.782516e+02 1.094090e-03 9.999973e-01 2.057427e-03 3.581098e+00 1.562487e-02 -2.074271e-03 9.998758e-01 -1.557772e+02
9.999534e-01 8.377612e-04 9.614469e-03 1.768170e+02 -8.212028e-04 9.999982e-01 -1.726068e-03 3.680720e+00 -9.615898e-03 1.718092e-03 9.999523e-01 -1.535252e+02
9.998691e-01 -8.825841e-04 -1.615585e-02 1.758293e+02 9.216612e-04 9.999967e-01 2.411459e-03 3.755045e+00 1.615367e-02 -2.426033e-03 9.998666e-01 -1.517141e+02
9.999185e-01 1.189962e-03 1.271519e-02 1.763307e+02 -1.164071e-03 9.999972e-01 -2.043415e-03 3.735240e+00 -1.271758e-02 2.028446e-03 9.999171e-01 -1.506938e+02
9.998580e-01 -1.115046e-03 -1.681430e-02 1.760013e+02 1.152607e-03 9.999969e-01 2.224372e-03 3.753594e+00 1.681177e-02 -2.243436e-03 9.998562e-01 -1.494326e+02
9.999291e-01 1.085343e-03 1.186098e-02 1.752078e+02 -1.061891e-03 9.999975e-01 -1.983397e-03 3.807641e+00 -1.186310e-02 1.970660e-03 9.999277e-01 -1.474614e+02
9.998854e-01 -6.627939e-04 -1.512290e-02 1.761651e+02 6.976330e-04 9.999971e-01 2.298557e-03 3.781607e+00 1.512133e-02 -2.308843e-03 9.998830e-01 -1.460719e+02
9.999074e-01 1.154611e-03 1.356264e-02 1.782457e+02 -1.136707e-03 9.999985e-01 -1.327778e-03 3.715681e+00 -1.356416e-02 1.312237e-03 9.999071e-01 -1.450639e+02
9.998704e-01 -7.988016e-04 -1.607624e-02 1.783788e+02 8.199062e-04 9.999988e-01 1.306225e-03 3.700994e+00 1.607518e-02 -1.319236e-03 9.998699e-01 -1.430314e+02
9.999403e-01 8.055570e-04 1.090110e-02 1.774570e+02 -7.963681e-04 9.999993e-01 -8.472679e-04 3.764053e+00 -1.090178e-02 8.385353e-04 9.999402e-01 -1.409424e+02
9.998913e-01 -5.724939e-04 -1.473031e-02 1.771366e+02 5.892281e-04 9.999992e-01 1.131705e-03 3.786972e+00 1.472965e-02 -1.140261e-03 9.998909e-01 -1.389909e+02
9.999423e-01 7.697832e-04 1.071636e-02 1.767712e+02 -7.601471e-04 9.999993e-01 -9.032523e-04 3.812328e+00 -1.071705e-02 8.950535e-04 9.999422e-01 -1.369170e+02
9.998824e-01 -6.432377e-04 -1.532217e-02 1.761813e+02 6.622639e-04 9.999990e-01 1.236691e-03 3.853723e+00 1.532136e-02 -1.246693e-03 9.998818e-01 -1.348410e+02
9.999396e-01 7.371443e-04 1.096903e-02 1.755023e+02 -7.250568e-04 9.999991e-01 -1.105915e-03 3.902352e+00 -1.096983e-02 1.097894e-03 9.999392e-01 -1.324199e+02
9.998564e-01 -6.614117e-04 -1.693095e-02 1.745719e+02 6.887309e-04 9.999985e-01 1.607774e-03 3.978443e+00 1.692986e-02 -1.619203e-03 9.998554e-01 -1.297382e+02
9.999409e-01 5.822361e-04 1.085745e-02 1.735505e+02 -5.702204e-04 9.999992e-01 -1.109758e-03 4.054985e+00 -1.085809e-02 1.103500e-03 9.999404e-01 -1.276105e+02
9.998628e-01 -5.872037e-04 -1.655580e-02 1.729278e+02 6.138408e-04 9.999985e-01 1.603877e-03 4.107410e+00 1.655484e-02 -1.613819e-03 9.998617e-01 -1.256449e+02
9.998412e-01 1.553260e-03 1.775141e-02 1.772789e+02 -1.550148e-03 9.999988e-01 -1.890803e-04 3.977667e+00 -1.775168e-02 1.615323e-04 9.998424e-01 -1.235713e+02
9.998007e-01 -1.095885e-03 -1.993282e-02 1.776504e+02 1.097663e-03 9.999994e-01 7.823601e-05 3.949041e+00 1.993273e-02 -1.000993e-04 9.998013e-01 -1.210078e+02
9.999534e-01 1.430423e-03 9.545802e-03 1.762307e+02 -1.437097e-03 9.999987e-01 6.923578e-04 4.016598e+00 -9.544800e-03 -7.060445e-04 9.999542e-01 -1.208113e+02
9.999376e-01 -1.553818e-03 -1.105874e-02 1.773031e+02 1.540067e-03 9.999980e-01 -1.251847e-03 4.046104e+00 1.106067e-02 1.234738e-03 9.999381e-01 -1.224049e+02
9.999604e-01 1.504356e-03 8.770626e-03 1.795589e+02 -1.523790e-03 9.999964e-01 2.209546e-03 4.030852e+00 -8.767271e-03 -2.222824e-03 9.999591e-01 -1.227666e+02
9.999605e-01 -1.354724e-03 -8.789499e-03 1.826574e+02 1.344983e-03 9.999985e-01 -1.114026e-03 4.005295e+00 8.790995e-03 1.102160e-03 9.999608e-01 -1.230840e+02
9.999591e-01 1.956397e-03 8.833454e-03 1.864769e+02 -1.980640e-03 9.999943e-01 2.736509e-03 3.900176e+00 -8.828050e-03 -2.753893e-03 9.999572e-01 -1.214740e+02
9.999648e-01 -1.220440e-03 -8.304383e-03 1.914115e+02 1.213860e-03 9.999989e-01 -7.974425e-04 3.769360e+00 8.305348e-03 7.873348e-04 9.999652e-01 -1.192783e+02
9.999147e-01 1.578841e-03 1.296546e-02 1.984588e+02 -1.610335e-03 9.999958e-01 2.418999e-03 3.694730e+00 -1.296158e-02 -2.439672e-03 9.999130e-01 -1.190287e+02
9.999118e-01 -1.379047e-03 -1.321166e-02 2.022550e+02 1.356204e-03 9.999976e-01 -1.737806e-03 3.666246e+00 1.321402e-02 1.719735e-03 9.999112e-01 -1.191276e+02
9.999851e-01 6.520433e-04 5.424093e-03 2.001129e+02 -6.623324e-04 9.999980e-01 1.895293e-03 3.829027e+00 -5.422847e-03 -1.898858e-03 9.999835e-01 -1.164617e+02
9.998631e-01 -9.311008e-04 -1.652015e-02 1.972911e+02 9.140613e-04 9.999990e-01 -1.038970e-03 4.042688e+00 1.652111e-02 1.023728e-03 9.998630e-01 -1.137238e+02
9.999421e-01 7.714245e-04 1.073183e-02 1.963421e+02 -7.864057e-04 9.999987e-01 1.391796e-03 4.110805e+00 -1.073074e-02 -1.400155e-03 9.999414e-01 -1.126036e+02
9.998292e-01 -8.271774e-04 -1.846200e-02 1.947627e+02 8.120075e-04 9.999993e-01 -8.291725e-04 4.214175e+00 1.846268e-02 8.140403e-04 9.998292e-01 -1.114823e+02
9.999207e-01 4.622090e-04 1.258828e-02 1.934583e+02 -4.754392e-04 9.999993e-01 1.048005e-03 4.309593e+00 -1.258779e-02 -1.053908e-03 9.999202e-01 -1.098655e+02
9.997763e-01 -9.346291e-04 -2.112950e-02 1.910994e+02 9.204602e-04 9.999993e-01 -6.803006e-04 4.489790e+00 2.113012e-02 6.607003e-04 9.997765e-01 -1.071972e+02
9.999610e-01 2.048510e-04 8.825535e-03 1.870976e+02 -2.151974e-04 9.999993e-01 1.171367e-03 4.791890e+00 -8.825289e-03 -1.173221e-03 9.999604e-01 -1.035108e+02
9.998345e-01 -4.619141e-04 -1.818790e-02 1.848379e+02 4.552971e-04 9.999998e-01 -3.679671e-04 4.971329e+00 1.818807e-02 3.596259e-04 9.998345e-01 -1.011510e+02
9.999234e-01 1.596127e-04 1.237270e-02 1.838778e+02 -1.685210e-04 9.999997e-01 7.189423e-04 5.092726e+00 -1.237258e-02 -7.209730e-04 9.999232e-01 -9.986169e+01
9.998137e-01 -4.809308e-04 -1.929692e-02 1.822074e+02 4.734467e-04 9.999998e-01 -3.924132e-04 5.282032e+00 1.929711e-02 3.832047e-04 9.998137e-01 -9.799182e+01
9.999282e-01 1.037829e-04 1.198103e-02 1.803021e+02 -1.131567e-04 9.999997e-01 7.816917e-04 5.449920e+00 -1.198094e-02 -7.829920e-04 9.999279e-01 -9.575130e+01
9.997776e-01 -5.592743e-04 -2.107986e-02 1.778259e+02 5.562869e-04 9.999998e-01 -1.475913e-04 5.639948e+00 2.107994e-02 1.358327e-04 9.997778e-01 -9.291633e+01
9.999184e-01 2.550133e-04 1.277383e-02 1.759738e+02 -2.650514e-04 9.999997e-01 7.841240e-04 5.777871e+00 -1.277362e-02 -7.874464e-04 9.999181e-01 -9.091408e+01
9.998259e-01 -2.842830e-04 -1.865481e-02 1.753167e+02 2.812720e-04 9.999999e-01 -1.640383e-04 5.828046e+00 1.865485e-02 1.587634e-04 9.998260e-01 -8.984045e+01
9.998837e-01 3.762484e-04 1.524330e-02 1.755780e+02 -3.834422e-04 9.999998e-01 4.689971e-04 5.852178e+00 -1.524312e-02 -4.747882e-04 9.998837e-01 -8.917628e+01
9.998369e-01 -3.016932e-04 -1.805952e-02 1.765784e+02 3.014086e-04 1.000000e+00 -1.849576e-05 5.869401e+00 1.805952e-02 1.305012e-05 9.998369e-01 -8.910850e+01
9.998932e-01 3.996292e-04 1.460591e-02 1.769997e+02 -4.054439e-04 9.999998e-01 3.951281e-04 5.890702e+00 -1.460575e-02 -4.010085e-04 9.998932e-01 -8.835810e+01
9.998269e-01 -2.176383e-04 -1.860658e-02 1.769057e+02 2.167550e-04 1.000000e+00 -4.950328e-05 5.893645e+00 1.860659e-02 4.546231e-05 9.998269e-01 -8.734760e+01
9.998893e-01 3.186790e-04 1.487721e-02 1.768840e+02 -3.237669e-04 9.999999e-01 3.395692e-04 5.897115e+00 -1.487710e-02 -3.443490e-04 9.998893e-01 -8.637962e+01
9.998425e-01 -4.724947e-04 -1.774325e-02 1.789062e+02 4.772042e-04 9.999999e-01 2.611788e-04 5.878477e+00 1.774313e-02 -2.696042e-04 9.998425e-01 -8.561825e+01
9.998965e-01 -1.189775e-06 1.438664e-02 1.814631e+02 -8.379775e-07 1.000000e+00 1.409226e-04 5.866896e+00 -1.438664e-02 -1.409207e-04 9.998965e-01 -8.414162e+01
9.998141e-01 4.501344e-04 -1.927405e-02 1.823889e+02 -4.300575e-04 9.999994e-01 1.045773e-03 5.870369e+00 1.927450e-02 -1.037289e-03 9.998137e-01 -8.207756e+01
9.998416e-01 -3.794534e-05 1.779838e-02 1.845002e+02 4.413936e-05 9.999999e-01 -3.476323e-04 5.831534e+00 -1.779837e-02 3.483622e-04 9.998415e-01 -8.143274e+01
9.998225e-01 1.539316e-04 -1.884060e-02 1.868550e+02 -1.337638e-04 9.999994e-01 1.071687e-03 5.824892e+00 1.884075e-02 -1.068976e-03 9.998219e-01 -8.179989e+01
9.998405e-01 -9.368218e-05 1.785873e-02 1.889378e+02 1.072610e-04 9.999997e-01 -7.594049e-04 5.850862e+00 -1.785865e-02 7.611987e-04 9.998402e-01 -8.246153e+01
9.998038e-01 2.188719e-04 -1.980624e-02 1.903342e+02 -1.942223e-04 9.999992e-01 1.246437e-03 5.845484e+00 1.980650e-02 -1.242345e-03 9.998031e-01 -8.276274e+01
9.998601e-01 -7.724789e-05 1.672763e-02 1.909266e+02 9.067144e-05 9.999997e-01 -8.017363e-04 5.824767e+00 -1.672757e-02 8.031402e-04 9.998598e-01 -8.266624e+01
9.997973e-01 2.872549e-04 -2.013204e-02 1.913505e+02 -2.607858e-04 9.999991e-01 1.317375e-03 5.799074e+00 2.013240e-02 -1.311858e-03 9.997965e-01 -8.234241e+01
9.998523e-01 -3.726169e-05 1.718555e-02 1.918024e+02 5.201188e-05 9.999996e-01 -8.578600e-04 5.771517e+00 -1.718551e-02 8.586265e-04 9.998519e-01 -8.175727e+01
9.998100e-01 2.300199e-04 -1.948887e-02 1.930363e+02 -1.998989e-04 9.999988e-01 1.547466e-03 5.742946e+00 1.948921e-02 -1.543276e-03 9.998089e-01 -8.152269e+01
9.998881e-01 -3.205587e-04 1.495755e-02 1.924879e+02 3.417447e-04 9.999989e-01 -1.413898e-03 5.778403e+00 -1.495708e-02 1.418851e-03 9.998871e-01 -8.011404e+01
9.997936e-01 5.955240e-04 -2.030829e-02 1.921270e+02 -5.545685e-04 9.999978e-01 2.022247e-03 5.816920e+00 2.030945e-02 -2.010567e-03 9.997917e-01 -7.831781e+01
9.998201e-01 -3.375163e-04 1.896325e-02 1.940178e+02 3.645387e-04 9.999989e-01 -1.421562e-03 5.803020e+00 -1.896275e-02 1.428218e-03 9.998192e-01 -7.832743e+01
9.997715e-01 5.688266e-04 -2.136943e-02 1.950993e+02 -5.273635e-04 9.999980e-01 1.945869e-03 5.788638e+00 2.137049e-02 -1.934154e-03 9.997698e-01 -7.814245e+01
9.998283e-01 -4.077883e-04 1.852418e-02 1.960766e+02 4.328226e-04 9.999990e-01 -1.347468e-03 5.767604e+00 -1.852361e-02 1.355253e-03 9.998275e-01 -7.801824e+01
9.997730e-01 6.364873e-04 -2.129656e-02 1.969087e+02 -5.955457e-04 9.999980e-01 1.928725e-03 5.747411e+00 2.129774e-02 -1.915604e-03 9.997713e-01 -7.788961e+01
9.998306e-01 -3.298525e-04 1.840144e-02 1.970977e+02 3.618039e-04 9.999984e-01 -1.733068e-03 5.723792e+00 -1.840084e-02 1.739431e-03 9.998292e-01 -7.692977e+01
9.997505e-01 5.886755e-04 -2.232697e-02 1.970486e+02 -5.442303e-04 9.999979e-01 1.996661e-03 5.727845e+00 2.232810e-02 -1.984011e-03 9.997487e-01 -7.540537e+01
9.998064e-01 -2.800750e-04 1.967584e-02 1.982779e+02 3.093704e-04 9.999988e-01 -1.485886e-03 5.701493e+00 -1.967541e-02 1.491685e-03 9.998053e-01 -7.462353e+01
9.997399e-01 6.066186e-04 -2.280011e-02 1.992212e+02 -5.643371e-04 9.999981e-01 1.860820e-03 5.679084e+00 2.280120e-02 -1.847468e-03 9.997383e-01 -7.387468e+01
9.997920e-01 -3.777254e-04 2.039199e-02 2.007030e+02 4.019127e-04 9.999992e-01 -1.182049e-03 5.659163e+00 -2.039153e-02 1.189998e-03 9.997914e-01 -7.335483e+01
9.997374e-01 7.458175e-04 -2.290500e-02 2.020573e+02 -7.072596e-04 9.999983e-01 1.691426e-03 5.635483e+00 2.290622e-02 -1.674782e-03 9.997362e-01 -7.278156e+01
9.998267e-01 -5.897319e-04 1.860558e-02 2.018971e+02 6.146159e-04 9.999989e-01 -1.331778e-03 5.645582e+00 -1.860477e-02 1.342982e-03 9.998260e-01 -7.158866e+01
9.997584e-01 8.048694e-04 -2.196700e-02 2.026470e+02 -7.644723e-04 9.999980e-01 1.847310e-03 5.632511e+00 2.196844e-02 -1.830070e-03 9.997570e-01 -7.128986e+01
9.997813e-01 -9.205857e-04 2.089390e-02 2.051171e+02 9.510155e-04 9.999985e-01 -1.446522e-03 5.659877e+00 -2.089254e-02 1.466075e-03 9.997807e-01 -7.253684e+01
9.997499e-01 8.512096e-04 -2.234582e-02 2.071775e+02 -8.160871e-04 9.999984e-01 1.580831e-03 5.684707e+00 2.234713e-02 -1.562199e-03 9.997491e-01 -7.370650e+01
9.998145e-01 -6.640828e-04 1.924757e-02 2.080559e+02 6.835773e-04 9.999993e-01 -1.006282e-03 5.666520e+00 -1.924689e-02 1.019252e-03 9.998142e-01 -7.366278e+01
9.997556e-01 9.660567e-04 -2.208607e-02 2.090360e+02 -9.283697e-04 9.999981e-01 1.716548e-03 5.627120e+00 2.208768e-02 -1.695624e-03 9.997546e-01 -7.300272e+01
9.998148e-01 -6.322877e-04 1.923350e-02 2.093429e+02 6.611849e-04 9.999987e-01 -1.496138e-03 5.608488e+00 -1.923253e-02 1.508577e-03 9.998139e-01 -7.161119e+01
9.996967e-01 5.572833e-04 -2.462084e-02 2.084863e+02 -5.111946e-04 9.999981e-01 1.878184e-03 5.665346e+00 2.462184e-02 -1.865028e-03 9.996951e-01 -7.000756e+01
9.998165e-01 -5.972757e-04 1.914732e-02 2.075528e+02 6.255870e-04 9.999987e-01 -1.472661e-03 5.728180e+00 -1.914641e-02 1.484368e-03 9.998156e-01 -6.823634e+01
9.997029e-01 6.121451e-04 -2.436713e-02 2.066126e+02 -5.673255e-04 9.999981e-01 1.846210e-03 5.790483e+00 2.436821e-02 -1.831836e-03 9.997014e-01 -6.636044e+01
9.997857e-01 -2.545036e-04 2.069816e-02 2.064641e+02 2.873611e-04 9.999987e-01 -1.584518e-03 5.798948e+00 -2.069773e-02 1.590125e-03 9.997845e-01 -6.453633e+01
9.997184e-01 6.210111e-04 -2.372120e-02 2.070602e+02 -5.755079e-04 9.999980e-01 1.925017e-03 5.769025e+00 2.372235e-02 -1.910823e-03 9.997168e-01 -6.350282e+01
9.997376e-01 -5.611161e-04 2.289889e-02 2.103586e+02 6.242243e-04 9.999960e-01 -2.748904e-03 5.868164e+00 -2.289726e-02 2.762476e-03 9.997340e-01 -6.703778e+01
9.997947e-01 3.913323e-04 -2.025859e-02 2.153078e+02 -3.949040e-04 9.999999e-01 -1.723196e-04 6.042810e+00 2.025852e-02 1.802850e-04 9.997948e-01 -7.340023e+01
9.997811e-01 -7.772510e-04 2.091018e-02 2.189183e+02 7.981506e-04 9.999992e-01 -9.911801e-04 6.144104e+00 -2.090939e-02 1.007652e-03 9.997809e-01 -7.679944e+01
