9.999913e-01 3.737627e-04 -4.157359e-03 -1.772490e-01 -3.709116e-04 9.999997e-01 6.865552e-04 1.222843e-02 4.157614e-03 -6.850080e-04 9.999911e-01 4.343904e-01
9.999992e-01 -3.013574e-04 1.194247e-03 -1.175880e-01 3.017398e-04 9.999999e-01 -3.200820e-04 2.597846e-02 -1.194150e-03 3.204429e-04 9.999992e-01 1.108454e+00
9.999916e-01 3.756554e-04 -4.081399e-03 -2.024852e-01 -3.740150e-04 9.999998e-01 4.026887e-04 1.780546e-02 4.081549e-03 -4.011595e-04 9.999916e-01 1.936089e+00
9.999993e-01 -3.782865e-04 1.146662e-03 -3.685201e-01 3.785743e-04 9.999999e-01 -2.507868e-04 1.675897e-02 -1.146567e-03 2.512214e-04 9.999993e-01 2.778556e+00
9.999916e-01 4.179739e-04 -4.074694e-03 -3.937114e-01 -4.164866e-04 9.999998e-01 3.658792e-04 4.175001e-03 4.074846e-03 -3.641798e-04 9.999916e-01 3.499384e+00
9.999993e-01 -3.634313e-04 1.165645e-03 -3.330467e-01 3.637593e-04 9.999999e-01 -2.811351e-04 -1.492974e-02 -1.165542e-03 2.815596e-04 9.999993e-01 4.158974e+00
9.999912e-01 5.809127e-04 -4.153196e-03 4.661683e-02 -5.792427e-04 9.999998e-01 4.032886e-04 -4.009771e-02 4.153429e-03 -4.008801e-04 9.999913e-01 4.602455e+00
9.999987e-01 -4.642912e-04 1.576024e-03 1.468481e-01 4.648949e-04 9.999998e-01 -3.827177e-04 -6.422972e-02 -1.575846e-03 3.834506e-04 9.999987e-01 5.497214e+00
9.999912e-01 4.833209e-04 -4.163024e-03 -6.745178e-03 -4.814705e-04 9.999998e-01 4.454702e-04 -7.089242e-02 4.163238e-03 -4.434626e-04 9.999912e-01 6.605363e+00
9.999989e-01 -3.816023e-04 1.426547e-03 -2.240222e-01 3.819744e-04 9.999999e-01 -2.605564e-04 -7.272232e-02 -1.426447e-03 2.611017e-04 9.999989e-01 7.864076e+00
9.999904e-01 4.804722e-04 -4.350482e-03 -5.175256e-01 -4.779832e-04 9.999997e-01 5.731364e-04 -6.843767e-02 4.350756e-03 -5.710522e-04 9.999904e-01 9.049573e+00
9.999997e-01 -3.528325e-04 7.041798e-04 -7.204676e-01 3.529476e-04 9.999999e-01 -1.632493e-04 -6.565320e-02 -7.041218e-04 1.634985e-04 9.999997e-01 9.577667e+00
9.999892e-01 5.130729e-04 -4.608403e-03 -8.432801e-01 -5.102958e-04 9.999997e-01 6.037738e-04 -6.098883e-02 4.608711e-03 -6.014163e-04 9.999892e-01 9.858256e+00
9.999992e-01 -3.724878e-04 1.243155e-03 -7.018974e-01 3.727555e-04 9.999999e-01 -2.151030e-04 -5.652401e-02 -1.243074e-03 2.155669e-04 9.999992e-01 9.807275e+00
9.999928e-01 5.756734e-04 -3.763987e-03 -5.527974e-01 -5.747602e-04 9.999998e-01 2.437056e-04 -7.903500e-02 3.764127e-03 -2.415411e-04 9.999929e-01 1.078594e+01
9.999984e-01 -3.975490e-04 1.740548e-03 -4.885517e-01 3.980288e-04 9.999999e-01 -2.753001e-04 -1.048664e-01 -1.740438e-03 2.759931e-04 9.999984e-01 1.212048e+01
9.999932e-01 6.925713e-04 -3.631820e-03 -2.837860e-01 -6.919118e-04 9.999997e-01 1.828583e-04 -1.407967e-01 3.631945e-03 -1.803449e-04 9.999934e-01 1.348166e+01
9.999990e-01 -6.211986e-04 1.266004e-03 -2.807264e-01 6.214846e-04 9.999998e-01 -2.254443e-04 -1.594139e-01 -1.265864e-03 2.262316e-04 9.999992e-01 1.457305e+01
9.999910e-01 8.840601e-04 -4.148830e-03 3.958786e-02 -8.825465e-04 9.999995e-01 3.666581e-04 -1.791132e-01 4.149152e-03 -3.629940e-04 9.999913e-01 1.517731e+01
9.999981e-01 -7.537040e-04 1.776526e-03 1.266782e-01 7.543856e-04 9.999996e-01 -3.830172e-04 -2.013510e-01 -1.776236e-03 3.843574e-04 9.999983e-01 1.622834e+01
9.999925e-01 9.367217e-04 -3.764878e-03 2.228637e-01 -9.358314e-04 9.999995e-01 2.382449e-04 -2.290590e-01 3.765099e-03 -2.347205e-04 9.999929e-01 1.753021e+01
9.999983e-01 -6.594371e-04 1.733036e-03 4.020870e-01 6.599494e-04 9.999997e-01 -2.950545e-04 -2.588801e-01 -1.732841e-03 2.961985e-04 9.999985e-01 1.881140e+01
9.999920e-01 1.004683e-03 -3.875686e-03 5.309103e-01 -1.003173e-03 9.999994e-01 3.915181e-04 -2.828188e-01 3.876076e-03 -3.876277e-04 9.999924e-01 2.013083e+01
9.999976e-01 -6.559434e-04 2.068165e-03 8.619670e-01 6.566753e-04 9.999997e-01 -3.531697e-04 -3.164483e-01 -2.067932e-03 3.545277e-04 9.999978e-01 2.144116e+01
9.999913e-01 7.960234e-04 -4.090885e-03 8.177754e-01 -7.946774e-04 9.999996e-01 3.306562e-04 -3.336370e-01 4.091147e-03 -3.274031e-04 9.999916e-01 2.283933e+01
9.999979e-01 -4.575554e-04 2.013508e-03 1.048816e+00 4.582628e-04 9.999998e-01 -3.508789e-04 -3.654687e-01 -2.013346e-03 3.518016e-04 9.999979e-01 2.415900e+01
9.999916e-01 6.917334e-04 -4.043510e-03 1.171540e+00 -6.905695e-04 9.999997e-01 2.892401e-04 -3.911776e-01 4.043708e-03 -2.864460e-04 9.999918e-01 2.545022e+01
9.999978e-01 -4.645560e-04 2.058310e-03 1.315136e+00 4.653246e-04 9.999998e-01 -3.729066e-04 -4.206466e-01 -2.058136e-03 3.738643e-04 9.999978e-01 2.669190e+01
9.999917e-01 6.413953e-04 -4.022759e-03 1.414045e+00 -6.404091e-04 9.999998e-01 2.464505e-04 -4.485273e-01 4.022916e-03 -2.438730e-04 9.999919e-01 2.798065e+01
9.999976e-01 -4.477276e-04 2.147884e-03 1.518457e+00 4.485198e-04 9.999998e-01 -3.683119e-04 -4.773537e-01 -2.147718e-03 3.692751e-04 9.999976e-01 2.929797e+01
9.999904e-01 5.887658e-04 -4.349397e-03 1.592302e+00 -5.874343e-04 9.999998e-01 3.074165e-04 -5.019348e-01 4.349577e-03 -3.048593e-04 9.999905e-01 3.039780e+01
9.999975e-01 -3.324671e-04 2.216716e-03 1.802742e+00 3.332020e-04 9.999999e-01 -3.311697e-04 -5.323530e-01 -2.216605e-03 3.319082e-04 9.999975e-01 3.154615e+01
9.999896e-01 4.314779e-04 -4.545415e-03 1.807890e+00 -4.301693e-04 9.999999e-01 2.888749e-04 -5.511334e-01 4.545539e-03 -2.869173e-04 9.999896e-01 3.264585e+01
9.999984e-01 -4.034049e-04 1.754946e-03 1.700921e+00 4.037306e-04 9.999999e-01 -1.852272e-04 -5.592141e-01 -1.754871e-03 1.859361e-04 9.999984e-01 3.355979e+01
9.999887e-01 4.218888e-04 -4.729281e-03 1.627475e+00 -4.202958e-04 9.999999e-01 3.378386e-04 -5.686573e-01 4.729422e-03 -3.358479e-04 9.999888e-01 3.430001e+01
9.999991e-01 -4.011403e-04 1.279554e-03 1.492612e+00 4.012702e-04 9.999999e-01 -1.011953e-04 -5.751244e-01 -1.279513e-03 1.017093e-04 9.999992e-01 3.478726e+01
9.999898e-01 4.064415e-04 -4.498159e-03 1.303274e+00 -4.049291e-04 9.999999e-01 3.371455e-04 -5.751996e-01 4.498295e-03 -3.353214e-04 9.999898e-01 3.553119e+01
9.999994e-01 -3.830691e-04 1.002841e-03 1.088286e+00 3.831016e-04 9.999999e-01 -3.212319e-05 -5.760575e-01 -1.002829e-03 3.250808e-05 9.999995e-01 3.609229e+01
9.999870e-01 4.070401e-04 -5.079802e-03 7.206241e-01 -4.045716e-04 9.999998e-01 4.869862e-04 -5.706472e-01 5.079999e-03 -4.849255e-04 9.999870e-01 3.636810e+01
9.999992e-01 -3.813404e-04 1.240476e-03 4.347251e-01 3.814779e-04 9.999999e-01 -1.106046e-04 -5.694095e-01 -1.240433e-03 1.110785e-04 9.999992e-01 3.673846e+01
9.999863e-01 4.024366e-04 -5.212761e-03 1.391124e-01 -3.998529e-04 9.999998e-01 4.966963e-04 -5.686640e-01 5.212959e-03 -4.946059e-04 9.999863e-01 3.703836e+01
9.999982e-01 -2.583255e-04 1.865116e-03 3.347900e-01 2.588100e-04 9.999999e-01 -2.595069e-04 -5.855633e-01 -1.865049e-03 2.599899e-04 9.999982e-01 3.738957e+01
9.999876e-01 2.857170e-04 -4.974989e-03 3.527305e-01 -2.837914e-04 9.999999e-01 3.877740e-04 -6.012141e-01 4.975099e-03 -3.863581e-04 9.999875e-01 3.796274e+01
9.999980e-01 -2.523913e-04 1.980835e-03 3.700382e-01 2.530005e-04 9.999999e-01 -3.072506e-04 -6.177728e-01 -1.980757e-03 3.077519e-04 9.999980e-01 3.860536e+01
9.999871e-01 3.742157e-04 -5.070279e-03 7.020285e-01 -3.718806e-04 9.999998e-01 4.614902e-04 -6.357242e-01 5.070450e-03 -4.595994e-04 9.999870e-01 3.885882e+01
9.999984e-01 -3.419313e-04 1.765489e-03 6.707833e-01 3.424298e-04 9.999999e-01 -2.820325e-04 -6.486226e-01 -1.765392e-03 2.826373e-04 9.999984e-01 3.937218e+01
9.999861e-01 3.908006e-04 -5.258531e-03 5.994073e-01 -3.880256e-04 9.999998e-01 5.287360e-04 -6.589513e-01 5.258737e-03 -5.266889e-04 9.999860e-01 3.981093e+01
9.999989e-01 -3.613176e-04 1.407778e-03 3.683704e-01 3.615662e-04 9.999999e-01 -1.763418e-04 -6.605104e-01 -1.407714e-03 1.768513e-04 9.999990e-01 4.012191e+01
9.999897e-01 3.754209e-04 -4.531456e-03 3.744953e-01 -3.740815e-04 9.999999e-01 2.964457e-04 -6.759083e-01 4.531566e-03 -2.947482e-04 9.999897e-01 4.071077e+01
9.999987e-01 -2.822143e-04 1.580082e-03 4.516926e-01 2.825354e-04 9.999999e-01 -2.029578e-04 -6.968294e-01 -1.580024e-03 2.034047e-04 9.999987e-01 4.134399e+01
9.999905e-01 4.401736e-04 -4.334302e-03 1.095162e+00 -4.386185e-04 9.999998e-01 3.597432e-04 -7.051592e-01 4.334459e-03 -3.578394e-04 9.999905e-01 4.114457e+01
9.999996e-01 -3.718482e-04 8.158939e-04 1.128085e+00 3.719658e-04 9.999999e-01 -1.439226e-04 -7.176574e-01 -8.158399e-04 1.442267e-04 9.999997e-01 4.134823e+01
9.999922e-01 4.035195e-04 -3.921961e-03 1.166855e+00 -4.024130e-04 9.999999e-01 2.829342e-04 -7.349095e-01 3.922075e-03 -2.813545e-04 9.999923e-01 4.189505e+01
9.999999e-01 -3.071781e-04 3.690136e-04 1.175939e+00 3.072289e-04 9.999999e-01 -1.373891e-04 -7.433435e-01 -3.689710e-04 1.375031e-04 9.999999e-01 4.171524e+01
9.999941e-01 3.100804e-04 -3.422153e-03 1.304963e+00 -3.091458e-04 9.999999e-01 2.736385e-04 -7.580776e-01 3.422238e-03 -2.725797e-04 9.999941e-01 4.185830e+01
9.999998e-01 -1.960943e-04 5.492605e-04 1.504290e+00 1.962142e-04 1.000000e+00 -2.181618e-04 -7.784625e-01 -5.492173e-04 2.182703e-04 9.999998e-01 4.231041e+01
9.999951e-01 3.919088e-04 -3.105315e-03 2.101574e+00 -3.908346e-04 9.999999e-01 3.465541e-04 -8.071935e-01 3.105450e-03 -3.453394e-04 9.999951e-01 4.273892e+01
9.999999e-01 -3.194590e-04 2.979252e-04 2.132526e+00 3.195548e-04 9.999999e-01 -3.213859e-04 -8.261381e-01 -2.978222e-04 3.214818e-04 9.999999e-01 4.354176e+01
9.999917e-01 3.848334e-04 -4.048165e-03 2.052877e+00 -3.825969e-04 9.999998e-01 5.532537e-04 -8.342539e-01 4.048377e-03 -5.517010e-04 9.999917e-01 4.354981e+01
9.999999e-01 -2.458252e-04 2.720751e-04 2.027521e+00 2.458961e-04 9.999999e-01 -2.601116e-04 -8.363646e-01 -2.720108e-04 2.601791e-04 9.999999e-01 4.303971e+01
9.999981e-01 4.351104e-04 -1.877417e-03 2.826122e+00 -4.348302e-04 9.999999e-01 1.496870e-04 -8.493058e-01 1.877481e-03 -1.488711e-04 9.999982e-01 4.344032e+01
9.999993e-01 -3.898235e-04 -1.089308e-03 2.866112e+00 3.897606e-04 9.999999e-01 -5.802280e-05 -8.679722e-01 1.089331e-03 5.759890e-05 9.999994e-01 4.405713e+01
9.999982e-01 4.031485e-04 -1.838853e-03 2.873348e+00 -4.029456e-04 9.999999e-01 1.107884e-04 -8.849477e-01 1.838897e-03 -1.100480e-04 9.999983e-01 4.475212e+01
9.999989e-01 -3.265764e-04 -1.474338e-03 2.836565e+00 3.265615e-04 9.999999e-01 -1.042933e-05 -8.959883e-01 1.474342e-03 9.948568e-06 9.999989e-01 4.488132e+01
9.999992e-01 4.401972e-04 -1.219371e-03 3.038352e+00 -4.401112e-04 9.999999e-01 7.081453e-05 -9.248805e-01 1.219402e-03 -7.027852e-05 9.999993e-01 4.554077e+01
9.999988e-01 -4.097776e-04 -1.497039e-03 3.047059e+00 4.096657e-04 9.999999e-01 -7.513677e-05 -9.433062e-01 1.497070e-03 7.452410e-05 9.999989e-01 4.636714e+01
9.999989e-01 4.168915e-04 -1.396984e-03 3.035014e+00 -4.167104e-04 9.999999e-01 1.299604e-04 -9.586963e-01 1.397037e-03 -1.293788e-04 9.999990e-01 4.707924e+01
9.999986e-01 -4.082272e-04 -1.638141e-03 3.002474e+00 4.081638e-04 9.999999e-01 -3.908307e-05 -9.720856e-01 1.638157e-03 3.841510e-05 9.999987e-01 4.774525e+01
9.999982e-01 4.063942e-04 -1.855420e-03 2.754022e+00 -4.058263e-04 9.999999e-01 3.064654e-04 -9.731209e-01 1.855544e-03 -3.057126e-04 9.999982e-01 4.829339e+01
9.999981e-01 -4.038972e-04 -1.882030e-03 2.421755e+00 4.039252e-04 9.999999e-01 1.446186e-05 -9.700226e-01 1.882024e-03 -1.522133e-05 9.999982e-01 4.875279e+01
9.999989e-01 4.118097e-04 -1.421334e-03 2.277702e+00 -4.115533e-04 9.999999e-01 1.807710e-04 -9.795215e-01 1.421408e-03 -1.801865e-04 9.999990e-01 4.928670e+01
9.999988e-01 -3.823914e-04 -1.517371e-03 2.231702e+00 3.823035e-04 9.999999e-01 -5.830543e-05 -9.918722e-01 1.517393e-03 5.772597e-05 9.999988e-01 5.004851e+01
9.999992e-01 4.255577e-04 -1.230820e-03 2.207511e+00 -4.253740e-04 9.999999e-01 1.496368e-04 -1.006524e+00 1.230883e-03 -1.491138e-04 9.999992e-01 5.089787e+01
9.999982e-01 -4.059621e-04 -1.844224e-03 2.141036e+00 4.059141e-04 9.999999e-01 -2.647132e-05 -1.018441e+00 1.844235e-03 2.572338e-05 9.999983e-01 5.158547e+01
9.999993e-01 4.111447e-04 -1.146392e-03 1.974841e+00 -4.109223e-04 9.999999e-01 1.942762e-04 -1.022732e+00 1.146472e-03 -1.938057e-04 9.999993e-01 5.243383e+01
9.999984e-01 -3.900164e-04 -1.772014e-03 1.800262e+00 3.899814e-04 9.999999e-01 -2.019076e-05 -1.026024e+00 1.772022e-03 1.950038e-05 9.999984e-01 5.338125e+01
9.999993e-01 5.155980e-04 -1.109499e-03 1.837431e+00 -5.153995e-04 9.999999e-01 1.792530e-04 -1.042305e+00 1.109591e-03 -1.786817e-04 9.999994e-01 5.415245e+01
9.999983e-01 -4.389612e-04 -1.786294e-03 1.900129e+00 4.388031e-04 9.999999e-01 -8.896808e-05 -1.062236e+00 1.786334e-03 8.818480e-05 9.999984e-01 5.488195e+01
9.999994e-01 5.070642e-04 -1.017772e-03 1.913412e+00 -5.068828e-04 9.999999e-01 1.785319e-04 -1.078824e+00 1.017862e-03 -1.780166e-04 9.999995e-01 5.565965e+01
9.999978e-01 -4.299780e-04 -2.062956e-03 1.978459e+00 4.298005e-04 9.999999e-01 -8.653561e-05 -1.096715e+00 2.062993e-03 8.564946e-05 9.999979e-01 5.619239e+01
9.999997e-01 4.728749e-04 -6.808426e-04 2.004145e+00 -4.727812e-04 9.999999e-01 1.379584e-04 -1.115450e+00 6.809075e-04 -1.376372e-04 9.999998e-01 5.698308e+01
9.999976e-01 -4.312135e-04 -2.165602e-03 2.010239e+00 4.310482e-04 9.999999e-01 -7.684186e-05 -1.132330e+00 2.165635e-03 7.590890e-05 9.999977e-01 5.773562e+01
9.999996e-01 4.589737e-04 -7.410083e-04 2.010332e+00 -4.588591e-04 9.999999e-01 1.549301e-04 -1.148320e+00 7.410790e-04 -1.545907e-04 9.999997e-01 5.844062e+01
9.999958e-01 -3.827686e-04 -2.874153e-03 1.921821e+00 3.830487e-04 9.999999e-01 9.689198e-05 -1.156916e+00 2.874116e-03 -9.799180e-05 9.999959e-01 5.851924e+01
9.999999e-01 4.099396e-04 -3.202485e-04 1.825032e+00 -4.099115e-04 9.999999e-01 8.827780e-05 -1.166603e+00 3.202843e-04 -8.814722e-05 9.999999e-01 5.912470e+01
9.999988e-01 3.507219e-05 -1.546471e-03 2.168041e+00 -3.520536e-05 1.000000e+00 -8.615029e-05 -1.207633e+00 1.546468e-03 8.620534e-05 9.999988e-01 6.049670e+01
9.999999e-01 2.727702e-04 3.115511e-04 2.311006e+00 -2.727812e-04 1.000000e+00 3.506648e-05 -1.246978e+00 -3.115419e-04 -3.515217e-05 1.000000e+00 6.233140e+01
9.999990e-01 1.321833e-04 -1.387503e-03 2.476208e+00 -1.323274e-04 1.000000e+00 -1.038297e-04 -1.287258e+00 1.387490e-03 1.040139e-04 9.999990e-01 6.430479e+01
9.999999e-01 3.007684e-04 2.614197e-04 2.707402e+00 -3.007783e-04 1.000000e+00 3.766923e-05 -1.331217e+00 -2.614087e-04 -3.774856e-05 1.000000e+00 6.619889e+01
9.999994e-01 3.831953e-04 -1.024862e-03 3.183253e+00 -3.833622e-04 9.999999e-01 -1.627632e-04 -1.390739e+00 1.024800e-03 1.631567e-04 9.999995e-01 6.824487e+01
9.999999e-01 2.411081e-04 4.345304e-04 3.949131e+00 -2.411863e-04 1.000000e+00 1.795269e-04 -1.450784e+00 -4.344874e-04 -1.796324e-04 9.999999e-01 7.009137e+01
9.999991e-01 4.509829e-04 -1.301235e-03 4.376236e+00 -4.514042e-04 9.999998e-01 -3.235715e-04 -1.506053e+00 1.301089e-03 3.241593e-04 9.999991e-01 7.220865e+01
9.999999e-01 -8.062398e-05 -3.269064e-04 4.469741e+00 8.072333e-05 1.000000e+00 3.042543e-04 -1.536700e+00 3.268816e-04 -3.042814e-04 9.999999e-01 7.392240e+01
9.999977e-01 2.656360e-04 -2.126826e-03 4.549882e+00 -2.662287e-04 9.999999e-01 -2.784414e-04 -1.560155e+00 2.126752e-03 2.790077e-04 9.999977e-01 7.499718e+01
9.999996e-01 -4.817015e-05 -9.037971e-04 4.949132e+00 4.858915e-05 9.999999e-01 4.637125e-04 -1.581111e+00 9.037744e-04 -4.637569e-04 9.999995e-01 7.536791e+01
9.999973e-01 1.686061e-04 -2.298764e-03 5.231140e+00 -1.692358e-04 9.999999e-01 -2.738060e-04 -1.590229e+00 2.298718e-03 2.741950e-04 9.999973e-01 7.528808e+01
9.999993e-01 -8.400585e-05 -1.175382e-03 5.340584e+00 8.458153e-05 9.999999e-01 4.898448e-04 -1.591004e+00 1.175340e-03 -4.899446e-04 9.999992e-01 7.467950e+01
9.999989e-01 2.597373e-04 -1.487399e-03 6.092393e+00 -2.601651e-04 9.999999e-01 -2.874823e-04 -1.590570e+00 1.487324e-03 2.878697e-04 9.999989e-01 7.418024e+01
9.999981e-01 -1.638740e-04 -1.949914e-03 6.276884e+00 1.649819e-04 9.999998e-01 5.680799e-04 -1.597007e+00 1.949820e-03 -5.684012e-04 9.999979e-01 7.403650e+01
9.999999e-01 3.136331e-04 -3.846883e-04 6.959891e+00 -3.138364e-04 9.999998e-01 -5.289336e-04 -1.608723e+00 3.845226e-04 5.290550e-04 9.999998e-01 7.405396e+01
9.999973e-01 -1.384780e-04 -2.336716e-03 7.591619e+00 1.400340e-04 9.999998e-01 6.657745e-04 -1.620716e+00 2.336623e-03 -6.661006e-04 9.999970e-01 7.397095e+01
9.999998e-01 2.878287e-04 -6.041107e-04 8.131973e+00 -2.881173e-04 9.999998e-01 -4.779580e-04 -1.629623e+00 6.039733e-04 4.781326e-04 9.999997e-01 7.381730e+01
9.999974e-01 -1.675892e-04 -2.284247e-03 8.673932e+00 1.689882e-04 9.999998e-01 6.123243e-04 -1.642918e+00 2.284144e-03 -6.127095e-04 9.999972e-01 7.376818e+01
9.999998e-01 3.234221e-04 -5.220025e-04 9.154709e+00 -3.236871e-04 9.999998e-01 -5.079268e-04 -1.662811e+00 5.218384e-04 5.080964e-04 9.999997e-01 7.404034e+01
9.999977e-01 -1.342695e-04 -2.163581e-03 9.795837e+00 1.356321e-04 9.999998e-01 6.297168e-04 -1.680689e+00 2.163496e-03 -6.300095e-04 9.999975e-01 7.411991e+01
9.999997e-01 2.970073e-04 -7.695612e-04 1.023034e+01 -2.974227e-04 9.999998e-01 -5.398693e-04 -1.703656e+00 7.694010e-04 5.400987e-04 9.999996e-01 7.442598e+01
9.999973e-01 -4.936449e-05 -2.311007e-03 1.066567e+01 5.097191e-05 9.999998e-01 6.955504e-04 -1.730958e+00 2.310972e-03 -6.956670e-04 9.999971e-01 7.482355e+01
9.999999e-01 3.483108e-04 -3.646206e-05 1.167726e+01 -3.483284e-04 9.999998e-01 -4.882863e-04 -1.744699e+00 3.629230e-05 4.882996e-04 9.999999e-01 7.468129e+01
9.999975e-01 6.233355e-06 -2.228393e-03 1.277804e+01 -4.733436e-06 9.999998e-01 6.731566e-04 -1.770137e+00 2.228396e-03 -6.731451e-04 9.999973e-01 7.480554e+01
9.999999e-01 3.070604e-04 -1.364222e-04 1.373721e+01 -3.071313e-04 9.999998e-01 -5.204478e-04 -1.790045e+00 1.362627e-04 5.204904e-04 9.999999e-01 7.478184e+01
9.999968e-01 -1.206975e-04 -2.533922e-03 1.433506e+01 1.222641e-04 9.999998e-01 6.181555e-04 -1.805656e+00 2.533846e-03 -6.184640e-04 9.999966e-01 7.473587e+01
9.999999e-01 2.969402e-04 -3.524512e-04 1.492136e+01 -2.971001e-04 9.999999e-01 -4.538914e-04 -1.816908e+00 3.523167e-04 4.539967e-04 9.999998e-01 7.459530e+01
9.999970e-01 -1.812331e-04 -2.433745e-03 1.552311e+01 1.827159e-04 9.999998e-01 6.091194e-04 -1.824209e+00 2.433634e-03 -6.095630e-04 9.999969e-01 7.429812e+01
9.999999e-01 3.960635e-04 -5.206079e-05 1.638382e+01 -3.960846e-04 9.999998e-01 -4.078162e-04 -1.839022e+00 5.189958e-05 4.078375e-04 9.999999e-01 7.417766e+01
9.999970e-01 -2.018318e-04 -2.429585e-03 1.705352e+01 2.028142e-04 9.999999e-01 4.041752e-04 -1.845930e+00 2.429503e-03 -4.046675e-04 9.999970e-01 7.382713e+01
9.999998e-01 2.901463e-04 -4.865542e-04 1.726086e+01 -2.903402e-04 9.999999e-01 -3.989123e-04 -1.839945e+00 4.864387e-04 3.990542e-04 9.999998e-01 7.282758e+01
9.999968e-01 -1.760026e-04 -2.509087e-03 1.740193e+01 1.770275e-04 9.999999e-01 4.083294e-04 -1.832878e+00 2.509014e-03 -4.087730e-04 9.999968e-01 7.171594e+01
9.999999e-01 2.418999e-04 -3.641375e-04 1.774461e+01 -2.420342e-04 9.999999e-01 -3.692222e-04 -1.828087e+00 3.640485e-04 3.693110e-04 9.999999e-01 7.088234e+01
9.999973e-01 -1.337714e-04 -2.309127e-03 1.836058e+01 1.349507e-04 9.999999e-01 5.106316e-04 -1.834719e+00 2.309058e-03 -5.109425e-04 9.999972e-01 7.053226e+01
9.999999e-01 3.418646e-04 1.455202e-04 1.926745e+01 -3.418036e-04 9.999999e-01 -4.183189e-04 -1.833891e+00 -1.456629e-04 4.182698e-04 9.999999e-01 7.001199e+01
9.999977e-01 -1.043146e-04 -2.136307e-03 2.045250e+01 1.054748e-04 9.999998e-01 5.430537e-04 -1.828211e+00 2.136250e-03 -5.432785e-04 9.999976e-01 6.935464e+01
9.999999e-01 4.483663e-04 3.125457e-04 2.180782e+01 -4.482611e-04 9.999998e-01 -3.361089e-04 -1.834050e+00 -3.126960e-04 3.359695e-04 9.999999e-01 6.892988e+01
9.999967e-01 -2.650500e-04 -2.570168e-03 2.253754e+01 2.657854e-04 9.999999e-01 2.858563e-04 -1.824875e+00 2.570092e-03 -2.865392e-04 9.999967e-01 6.809777e+01
9.999999e-01 4.020884e-04 3.095381e-04 2.334130e+01 -4.020203e-04 9.999999e-01 -2.195771e-04 -1.833009e+00 -3.096260e-04 2.194533e-04 9.999999e-01 6.775339e+01
9.999970e-01 -2.635990e-04 -2.436469e-03 2.391686e+01 2.638992e-04 1.000000e+00 1.229581e-04 -1.827114e+00 2.436436e-03 -1.236014e-04 9.999970e-01 6.688564e+01
9.999997e-01 3.961001e-04 -5.946275e-04 2.402845e+01 -3.961789e-04 9.999999e-01 -1.325729e-04 -1.819880e+00 5.945753e-04 1.328092e-04 9.999998e-01 6.573370e+01
9.999981e-01 -3.212495e-04 -1.934134e-03 2.453371e+01 3.215221e-04 9.999999e-01 1.406659e-04 -1.811397e+00 1.934089e-03 -1.412882e-04 9.999981e-01 6.480044e+01
9.999998e-01 6.085303e-04 8.911574e-06 2.571987e+01 -6.085303e-04 9.999998e-01 1.734754e-05 -1.821523e+00 -8.900701e-06 -1.735225e-05 1.000000e+00 6.446125e+01
9.999984e-01 -2.452807e-04 -1.793908e-03 2.707540e+01 2.455686e-04 1.000000e+00 1.603474e-04 -1.832838e+00 1.793868e-03 -1.607884e-04 9.999984e-01 6.413742e+01
9.999994e-01 7.538525e-04 7.970662e-04 2.871014e+01 -7.537451e-04 9.999997e-01 -1.349051e-04 -1.857501e+00 -7.971674e-04 1.343049e-04 9.999997e-01 6.409025e+01
9.999955e-01 -5.829765e-04 -2.950087e-03 2.941565e+01 5.833247e-04 9.999998e-01 1.172256e-04 -1.855921e+00 2.950018e-03 -1.189466e-04 9.999956e-01 6.338897e+01
9.999997e-01 7.259882e-04 -8.608123e-05 2.948427e+01 -7.259983e-04 9.999997e-01 -1.184525e-04 -1.847997e+00 8.599552e-05 1.185157e-04 1.000000e+00 6.216009e+01
9.999984e-01 -5.513976e-04 -1.673518e-03 3.072855e+01 5.517923e-04 9.999998e-01 2.355003e-04 -1.836159e+00 1.673387e-03 -2.364240e-04 9.999986e-01 6.136753e+01
9.999996e-01 8.835249e-04 2.503462e-04 3.215666e+01 -8.834800e-04 9.999996e-01 -1.785323e-04 -1.830598e+00 -2.505035e-04 1.783118e-04 1.000000e+00 6.068672e+01
9.999972e-01 -6.406507e-04 -2.264900e-03 3.321666e+01 6.413860e-04 9.999997e-01 3.240190e-04 -1.832066e+00 2.264691e-03 -3.254715e-04 9.999974e-01 6.018359e+01
9.999991e-01 1.055523e-03 7.871049e-04 3.455818e+01 -1.055273e-03 9.999994e-01 -3.173106e-04 -1.856439e+00 -7.874391e-04 3.164804e-04 9.999996e-01 6.015650e+01
9.999958e-01 -7.931964e-04 -2.795306e-03 3.529606e+01 7.938033e-04 9.999997e-01 2.160759e-04 -1.856305e+00 2.795134e-03 -2.182946e-04 9.999961e-01 5.953165e+01
9.999996e-01 8.349143e-04 1.602436e-04 3.572004e+01 -8.348801e-04 9.999996e-01 -2.119753e-04 -1.852248e+00 -1.604202e-04 2.118421e-04 1.000000e+00 5.874794e+01
9.999954e-01 -8.142171e-04 -2.913014e-03 3.600860e+01 8.146522e-04 9.999997e-01 1.482335e-04 -1.842739e+00 2.912892e-03 -1.506066e-04 9.999957e-01 5.764902e+01
9.999956e-01 1.338401e-03 2.664004e-03 3.850891e+01 -1.338441e-03 9.999991e-01 1.339223e-05 -1.813480e+00 -2.663983e-03 -1.695708e-05 9.999965e-01 5.631115e+01
9.999929e-01 -1.124631e-03 -3.584727e-03 3.986504e+01 1.124136e-03 9.999994e-01 -1.400195e-04 -1.797163e+00 3.584881e-03 1.359881e-04 9.999936e-01 5.533997e+01
9.999992e-01 1.211133e-03 3.415535e-04 4.001578e+01 -1.211234e-03 9.999992e-01 2.960511e-04 -1.798035e+00 -3.411944e-04 -2.964638e-04 9.999999e-01 5.469258e+01
9.999912e-01 -1.115379e-03 -4.045831e-03 4.000145e+01 1.115455e-03 9.999994e-01 1.674919e-05 -1.802895e+00 4.045810e-03 -2.126268e-05 9.999918e-01 5.483199e+01
9.999990e-01 1.312482e-03 5.297847e-04 4.044721e+01 -1.312644e-03 9.999991e-01 3.057872e-04 -1.810763e+00 -5.293825e-04 -3.064817e-04 9.999998e-01 5.462591e+01
9.999950e-01 -1.063861e-03 -2.973473e-03 4.140247e+01 1.063534e-03 9.999994e-01 -1.114883e-04 -1.814192e+00 2.973590e-03 1.083247e-04 9.999956e-01 5.422259e+01
9.999987e-01 1.274380e-03 9.786119e-04 4.243871e+01 -1.274504e-03 9.999992e-01 1.260227e-04 -1.810021e+00 -9.784502e-04 -1.272691e-04 9.999995e-01 5.358590e+01
9.999939e-01 -1.234271e-03 -3.270806e-03 4.308014e+01 1.233694e-03 9.999992e-01 -1.784018e-04 -1.806849e+00 3.271023e-03 1.743648e-04 9.999946e-01 5.282025e+01
9.999981e-01 1.405246e-03 1.372229e-03 4.380635e+01 -1.405361e-03 9.999990e-01 8.289676e-05 -1.814670e+00 -1.372111e-03 -8.482438e-05 9.999991e-01 5.240280e+01
9.999890e-01 -1.214398e-03 -4.535580e-03 4.384765e+01 1.214135e-03 9.999993e-01 -6.077748e-05 -1.808206e+00 4.535650e-03 5.526931e-05 9.999897e-01 5.121830e+01
9.999978e-01 1.421575e-03 1.512771e-03 4.389416e+01 -1.421659e-03 9.999990e-01 5.456081e-05 -1.797173e+00 -1.512691e-03 -5.671064e-05 9.999989e-01 4.977685e+01
9.999883e-01 -1.221706e-03 -4.676703e-03 4.391452e+01 1.221694e-03 9.999993e-01 -5.579998e-06 -1.787611e+00 4.676706e-03 -1.342631e-07 9.999891e-01 4.843446e+01
9.999981e-01 1.497177e-03 1.232397e-03 4.384010e+01 -1.497316e-03 9.999989e-01 1.117799e-04 -1.777642e+00 -1.232228e-03 -1.136242e-04 9.999992e-01 4.698553e+01
9.999899e-01 -1.316637e-03 -4.298500e-03 4.391421e+01 1.316153e-03 9.999991e-01 -1.154759e-04 -1.767462e+00 4.298648e-03 1.098166e-04 9.999908e-01 4.562228e+01
9.999978e-01 1.420002e-03 1.553657e-03 4.409350e+01 -1.420051e-03 9.999990e-01 3.085556e-05 -1.756155e+00 -1.553611e-03 -3.306107e-05 9.999988e-01 4.428916e+01
9.999917e-01 -1.270922e-03 -3.870086e-03 4.464055e+01 1.270345e-03 9.999992e-01 -1.515249e-04 -1.742173e+00 3.870276e-03 1.466066e-04 9.999925e-01 4.313768e+01
9.999985e-01 1.448295e-03 9.143453e-04 4.471422e+01 -1.448406e-03 9.999989e-01 1.210251e-04 -1.730167e+00 -9.141688e-04 -1.223486e-04 9.999996e-01 4.165617e+01
9.999915e-01 -1.307809e-03 -3.917328e-03 4.480200e+01 1.307368e-03 9.999991e-01 -1.151861e-04 -1.719219e+00 3.917475e-03 1.100630e-04 9.999923e-01 4.028262e+01
9.999986e-01 1.451388e-03 7.850456e-04 4.486168e+01 -1.451550e-03 9.999989e-01 2.054016e-04 -1.714275e+00 -7.847463e-04 -2.065401e-04 9.999997e-01 3.925435e+01
9.999900e-01 -1.318557e-03 -4.275846e-03 4.484285e+01 1.318454e-03 9.999991e-01 -2.664989e-05 -1.718121e+00 4.275877e-03 2.101141e-05 9.999909e-01 3.868237e+01
9.999983e-01 1.598711e-03 8.640615e-04 4.479933e+01 -1.598828e-03 9.999987e-01 1.349074e-04 -1.713633e+00 -8.638444e-04 -1.362880e-04 9.999996e-01 3.754270e+01
9.999909e-01 -1.378288e-03 -4.039114e-03 4.478111e+01 1.377663e-03 9.999990e-01 -1.574712e-04 -1.700097e+00 4.039326e-03 1.519046e-04 9.999918e-01 3.593576e+01
9.999977e-01 1.738620e-03 1.252587e-03 4.470290e+01 -1.738672e-03 9.999985e-01 4.055593e-05 -1.677324e+00 -1.252514e-03 -4.273297e-05 9.999992e-01 3.368033e+01
9.999902e-01 -1.614694e-03 -4.112360e-03 4.477910e+01 1.614429e-03 9.999987e-01 -6.750855e-05 -1.667006e+00 4.112463e-03 6.086808e-05 9.999915e-01 3.233432e+01
9.999978e-01 1.738428e-03 1.170531e-03 4.491920e+01 -1.738470e-03 9.999985e-01 3.532017e-05 -1.658257e+00 -1.170467e-03 -3.735433e-05 9.999993e-01 3.111184e+01
9.999885e-01 -1.514625e-03 -4.539792e-03 4.484159e+01 1.515407e-03 9.999988e-01 1.689855e-04 -1.650671e+00 4.539531e-03 -1.758639e-04 9.999897e-01 2.996363e+01
9.999984e-01 1.522753e-03 9.605488e-04 4.464077e+01 -1.522890e-03 9.999988e-01 1.415716e-04 -1.657198e+00 -9.603318e-04 -1.430335e-04 9.999995e-01 3.028048e+01
9.999905e-01 -1.433074e-03 -4.122159e-03 4.455688e+01 1.433153e-03 9.999990e-01 1.623006e-05 -1.677994e+00 4.122131e-03 -2.213828e-05 9.999915e-01 3.079932e+01
9.999983e-01 1.773661e-03 -4.650291e-04 4.406032e+01 -1.773421e-03 9.999983e-01 5.156855e-04 -1.664851e+00 4.659432e-04 -5.148592e-04 9.999998e-01 2.973135e+01
9.999925e-01 -1.401403e-03 -3.603144e-03 4.374379e+01 1.400714e-03 9.999990e-01 -1.937720e-04 -1.656052e+00 3.603411e-03 1.887229e-04 9.999935e-01 2.835685e+01
9.999988e-01 1.527685e-03 1.703723e-04 4.377041e+01 -1.527747e-03 9.999988e-01 3.630221e-04 -1.654106e+00 -1.698172e-04 -3.632812e-04 9.999999e-01 2.749916e+01
9.999938e-01 -1.370133e-03 -3.232477e-03 4.383061e+01 1.369152e-03 9.999990e-01 -3.057293e-04 -1.646977e+00 3.232892e-03 3.013010e-04 9.999947e-01 2.634573e+01
9.999991e-01 1.360879e-03 4.511084e-05 4.409185e+01 -1.360899e-03 9.999990e-01 4.571145e-04 -1.646330e+00 -4.448842e-05 -4.571748e-04 9.999999e-01 2.574854e+01
9.999941e-01 -1.189570e-03 -3.218969e-03 4.446859e+01 1.188202e-03 9.999992e-01 -4.268265e-04 -1.642806e+00 3.219474e-03 4.229985e-04 9.999947e-01 2.506846e+01
9.999990e-01 1.245457e-03 6.088038e-04 4.473919e+01 -1.245677e-03 9.999992e-01 3.620567e-04 -1.632901e+00 -6.083520e-04 -3.628140e-04 9.999997e-01 2.393691e+01
9.999932e-01 -1.135262e-03 -3.506160e-03 4.488628e+01 1.133974e-03 9.999993e-01 -3.693512e-04 -1.624454e+00 3.506576e-03 3.653721e-04 9.999938e-01 2.276680e+01
9.999991e-01 1.218323e-03 5.054634e-04 4.523741e+01 -1.218549e-03 9.999992e-01 4.471286e-04 -1.617635e+00 -5.049180e-04 -4.477434e-04 9.999998e-01 2.186823e+01
9.999945e-01 -1.121053e-03 -3.128243e-03 4.589173e+01 1.120022e-03 9.999993e-01 -3.311254e-04 -1.620626e+00 3.128612e-03 3.276191e-04 9.999951e-01 2.133275e+01
9.999992e-01 1.162630e-03 4.765173e-04 4.623212e+01 -1.162776e-03 9.999993e-01 3.056071e-04 -1.616124e+00 -4.761613e-04 -3.061602e-04 9.999998e-01 2.049517e+01
9.999957e-01 -1.035164e-03 -2.746710e-03 4.680151e+01 1.034049e-03 9.999994e-01 -4.070719e-04 -1.621638e+00 2.747129e-03 4.042292e-04 9.999961e-01 2.004243e+01
9.999994e-01 1.043627e-03 1.234026e-04 4.708721e+01 -1.043674e-03 9.999994e-01 3.865242e-04 -1.626308e+00 -1.229988e-04 -3.866521e-04 9.999999e-01 1.951000e+01
9.999937e-01 -8.918512e-04 -3.433892e-03 4.712281e+01 8.909706e-04 9.999996e-01 -2.579027e-04 -1.625348e+00 3.434121e-03 2.548409e-04 9.999941e-01 1.866205e+01
9.999990e-01 1.203889e-03 -7.596413e-04 4.681616e+01 -1.203398e-03 9.999991e-01 6.457428e-04 -1.618189e+00 7.604182e-04 -6.448273e-04 9.999995e-01 1.758635e+01
9.999925e-01 -1.043366e-03 -3.717477e-03 4.643701e+01 1.042979e-03 9.999995e-01 -1.059982e-04 -1.608654e+00 3.717585e-03 1.021195e-04 9.999931e-01 1.701104e+01
9.999993e-01 1.124503e-03 -4.790610e-04 4.628681e+01 -1.124234e-03 9.999992e-01 5.615416e-04 -1.603802e+00 4.796924e-04 -5.610019e-04 9.999997e-01 1.671742e+01
9.999959e-01 -1.068245e-03 -2.655562e-03 4.659835e+01 1.067362e-03 9.999994e-01 -3.340533e-04 -1.606679e+00 2.655917e-03 3.312168e-04 9.999964e-01 1.635566e+01
9.999196e-01 3.434949e-03 1.220554e-02 4.855469e+01 -3.430054e-03 9.999940e-01 -4.219600e-04 -1.801603e+00 -1.220692e-02 3.800611e-04 9.999254e-01 2.526657e+01
9.999934e-01 -1.477478e-03 3.330094e-03 5.028967e+01 1.481514e-03 9.999982e-01 -1.209708e-03 -2.057158e+00 -3.328301e-03 1.214633e-03 9.999937e-01 3.499103e+01
9.999756e-01 1.572413e-03 -6.810866e-03 5.045916e+01 -1.562704e-03 9.999978e-01 1.430471e-03 -2.072583e+00 6.813100e-03 -1.419792e-03 9.999758e-01 3.489763e+01
9.999932e-01 -1.417143e-03 3.402107e-03 5.047450e+01 1.421584e-03 9.999981e-01 -1.303314e-03 -2.067544e+00 -3.400254e-03 1.308141e-03 9.999934e-01 3.383212e+01
9.999798e-01 1.538617e-03 -6.159926e-03 5.104768e+01 -1.529486e-03 9.999977e-01 1.486749e-03 -2.074507e+00 6.162199e-03 -1.477297e-03 9.999799e-01 3.353654e+01
9.999954e-01 -1.372064e-03 2.704804e-03 5.101686e+01 1.375693e-03 9.999982e-01 -1.340091e-03 -2.069998e+00 -2.702961e-03 1.343805e-03 9.999954e-01 3.251889e+01
9.999813e-01 1.458355e-03 -5.934340e-03 5.108729e+01 -1.449922e-03 9.999979e-01 1.425165e-03 -2.064032e+00 5.936407e-03 -1.416533e-03 9.999814e-01 3.145235e+01
9.999917e-01 -1.231440e-03 3.887227e-03 5.202739e+01 1.236883e-03 9.999983e-01 -1.398293e-03 -2.057491e+00 -3.885499e-03 1.403088e-03 9.999915e-01 3.078889e+01
9.999775e-01 1.306348e-03 -6.578594e-03 5.256556e+01 -1.297044e-03 9.999982e-01 1.418421e-03 -2.047603e+00 6.580435e-03 -1.409856e-03 9.999774e-01 2.983246e+01
9.999909e-01 -1.213968e-03 4.099943e-03 5.302419e+01 1.219496e-03 9.999984e-01 -1.346102e-03 -2.042093e+00 -4.098302e-03 1.351089e-03 9.999907e-01 2.898127e+01
9.999801e-01 1.630317e-03 -6.087357e-03 5.435967e+01 -1.620527e-03 9.999974e-01 1.612914e-03 -2.066131e+00 6.089971e-03 -1.603016e-03 9.999802e-01 2.900345e+01
9.999910e-01 -1.322743e-03 4.019573e-03 5.538540e+01 1.328999e-03 9.999979e-01 -1.554080e-03 -2.088304e+00 -4.017510e-03 1.559408e-03 9.999907e-01 2.904346e+01
9.999948e-01 2.438804e-03 -2.101366e-03 5.635623e+01 -2.435926e-03 9.999961e-01 1.370988e-03 -2.188746e+00 2.104702e-03 -1.365861e-03 9.999969e-01 3.288463e+01
9.999784e-01 -1.542917e-03 6.390629e-03 5.702112e+01 1.555631e-03 9.999968e-01 -1.985050e-03 -2.298670e+00 -6.387547e-03 1.994948e-03 9.999776e-01 3.719569e+01
9.999549e-01 1.563119e-03 -9.370922e-03 5.730579e+01 -1.543357e-03 9.999966e-01 2.115748e-03 -2.296673e+00 9.374197e-03 -2.101189e-03 9.999539e-01 3.663187e+01
9.999818e-01 -1.351719e-03 5.887797e-03 5.720507e+01 1.363549e-03 9.999971e-01 -2.005804e-03 -2.286990e+00 -5.885069e-03 2.013795e-03 9.999807e-01 3.527240e+01
9.999605e-01 1.415875e-03 -8.778056e-03 5.768670e+01 -1.397286e-03 9.999968e-01 2.123472e-03 -2.281683e+00 8.781034e-03 -2.111122e-03 9.999592e-01 3.447983e+01
9.999772e-01 -1.091219e-03 6.668280e-03 5.876484e+01 1.104638e-03 9.999974e-01 -2.009055e-03 -2.291738e+00 -6.666071e-03 2.016375e-03 9.999757e-01 3.419835e+01
9.999615e-01 1.424059e-03 -8.658547e-03 5.987413e+01 -1.405877e-03 9.999968e-01 2.105606e-03 -2.312552e+00 8.661518e-03 -2.093351e-03 9.999603e-01 3.417593e+01
9.999789e-01 -1.185978e-03 6.385467e-03 6.059495e+01 1.199190e-03 9.999971e-01 -2.065667e-03 -2.308678e+00 -6.382999e-03 2.073281e-03 9.999775e-01 3.349334e+01
9.999586e-01 1.298629e-03 -9.007832e-03 6.092454e+01 -1.280014e-03 9.999970e-01 2.072007e-03 -2.299882e+00 9.010496e-03 -2.060391e-03 9.999573e-01 3.244831e+01
9.999813e-01 -1.189557e-03 5.992737e-03 6.107203e+01 1.201833e-03 9.999972e-01 -2.045299e-03 -2.293477e+00 -5.990287e-03 2.052463e-03 9.999800e-01 3.138070e+01
9.999630e-01 1.331830e-03 -8.499179e-03 6.177164e+01 -1.313252e-03 9.999967e-01 2.191051e-03 -2.297378e+00 8.502070e-03 -2.179808e-03 9.999615e-01 3.092913e+01
9.999790e-01 -1.069102e-03 6.391311e-03 6.267540e+01 1.082429e-03 9.999972e-01 -2.082027e-03 -2.309286e+00 -6.389068e-03 2.088900e-03 9.999774e-01 3.067564e+01
9.999757e-01 1.928279e-03 -6.694255e-03 6.360870e+01 -1.914605e-03 9.999961e-01 2.048492e-03 -2.384628e+00 6.698179e-03 -2.035625e-03 9.999755e-01 3.274282e+01
9.999671e-01 -1.596536e-03 7.953795e-03 6.412542e+01 1.616272e-03 9.999956e-01 -2.475566e-03 -2.446499e+00 -7.949808e-03 2.488339e-03 9.999653e-01 3.525201e+01
9.999932e-01 2.939972e-03 -2.240525e-03 6.523424e+01 -2.935731e-03 9.999939e-01 1.893920e-03 -2.579381e+00 2.246080e-03 -1.887329e-03 9.999957e-01 4.166034e+01
9.999263e-01 -1.243906e-03 1.208070e-02 6.607260e+01 1.281106e-03 9.999945e-01 -3.072068e-03 -2.761858e+00 -1.207681e-02 3.087318e-03 9.999223e-01 4.970896e+01
9.999001e-01 1.463053e-03 -1.406163e-02 6.585638e+01 -1.420257e-03 9.999943e-01 3.052940e-03 -2.791934e+00 1.406602e-02 -3.032663e-03 9.998965e-01 5.110066e+01
9.999333e-01 -1.495981e-03 1.145539e-02 6.590061e+01 1.528836e-03 9.999947e-01 -2.859929e-03 -2.769867e+00 -1.145105e-02 2.877251e-03 9.999303e-01 4.967013e+01
9.999076e-01 2.030249e-03 -1.344433e-02 6.702964e+01 -1.989619e-03 9.999934e-01 3.034740e-03 -2.809622e+00 1.345041e-02 -3.007709e-03 9.999050e-01 5.025894e+01
9.999265e-01 -1.417474e-03 1.203930e-02 6.849888e+01 1.453336e-03 9.999945e-01 -2.970480e-03 -2.853176e+00 -1.203503e-02 2.987758e-03 9.999231e-01 5.071708e+01
9.999215e-01 2.310549e-03 -1.231171e-02 7.047827e+01 -2.273425e-03 9.999928e-01 3.028430e-03 -2.908360e+00 1.231862e-02 -3.000202e-03 9.999196e-01 5.139699e+01
9.998217e-01 -2.546645e-04 1.888167e-02 7.215783e+01 3.223809e-04 9.999935e-01 -3.583414e-03 -3.077405e+00 -1.888064e-02 3.588862e-03 9.998153e-01 5.826649e+01
9.999649e-01 1.900344e-03 -8.158417e-03 7.361493e+01 -1.880446e-03 9.999952e-01 2.445919e-03 -3.273211e+00 8.163026e-03 -2.430491e-03 9.999637e-01 6.538004e+01
9.999671e-01 -1.200318e-03 8.018128e-03 7.580231e+01 1.219886e-03 9.999963e-01 -2.436101e-03 -3.312273e+00 -8.015175e-03 2.445801e-03 9.999649e-01 6.565431e+01
9.999655e-01 1.770845e-03 -8.121502e-03 7.793525e+01 -1.751101e-03 9.999955e-01 2.437547e-03 -3.330630e+00 8.125782e-03 -2.423240e-03 9.999640e-01 6.547352e+01
9.999812e-01 -1.625509e-03 5.913056e-03 7.875592e+01 1.639491e-03 9.999959e-01 -2.360470e-03 -3.334890e+00 -5.909194e-03 2.370119e-03 9.999797e-01 6.515734e+01
9.999691e-01 1.768478e-03 -7.661852e-03 7.967668e+01 -1.751041e-03 9.999959e-01 2.281921e-03 -3.349303e+00 7.665856e-03 -2.268433e-03 9.999680e-01 6.517603e+01
9.999747e-01 -1.165353e-03 7.016465e-03 8.181671e+01 1.180935e-03 9.999968e-01 -2.217156e-03 -3.374527e+00 -7.013859e-03 2.225385e-03 9.999729e-01 6.524380e+01
9.999635e-01 1.704009e-03 -8.368860e-03 8.312209e+01 -1.685498e-03 9.999961e-01 2.218477e-03 -3.421814e+00 8.372609e-03 -2.204290e-03 9.999625e-01 6.596403e+01
9.999753e-01 -1.393877e-03 6.891887e-03 8.401046e+01 1.410330e-03 9.999962e-01 -2.383082e-03 -3.446222e+00 -6.888539e-03 2.392743e-03 9.999734e-01 6.612050e+01
9.999526e-01 1.512492e-03 -9.613036e-03 8.454954e+01 -1.487959e-03 9.999956e-01 2.558666e-03 -3.464260e+00 9.616865e-03 -2.544240e-03 9.999505e-01 6.616217e+01
9.999639e-01 -9.715505e-04 8.442758e-03 8.589970e+01 9.930984e-04 9.999963e-01 -2.548443e-03 -3.507005e+00 -8.440251e-03 2.556735e-03 9.999611e-01 6.671373e+01
9.999466e-01 1.477358e-03 -1.022667e-02 8.718208e+01 -1.449931e-03 9.999953e-01 2.688759e-03 -3.542271e+00 1.023060e-02 -2.673787e-03 9.999441e-01 6.708135e+01
9.999507e-01 -6.258447e-04 9.910610e-03 8.806568e+01 6.517903e-04 9.999964e-01 -2.614961e-03 -3.617832e+00 -9.908938e-03 2.621291e-03 9.999475e-01 6.915776e+01
9.999728e-01 1.738136e-03 -7.172713e-03 8.948239e+01 -1.721564e-03 9.999958e-01 2.315977e-03 -3.726002e+00 7.176709e-03 -2.303565e-03 9.999716e-01 7.194996e+01
9.999711e-01 -8.080811e-04 7.559725e-03 9.197708e+01 8.255109e-04 9.999970e-01 -2.302802e-03 -3.762968e+00 -7.557842e-03 2.308976e-03 9.999688e-01 7.232623e+01
9.999765e-01 1.770811e-03 -6.628930e-03 9.436895e+01 -1.756820e-03 9.999962e-01 2.115872e-03 -3.827807e+00 6.632652e-03 -2.104176e-03 9.999758e-01 7.348428e+01
9.999694e-01 -5.861342e-04 7.797926e-03 9.633550e+01 6.054712e-04 9.999967e-01 -2.477668e-03 -3.916136e+00 -7.796449e-03 2.482313e-03 9.999665e-01 7.549625e+01
9.999640e-01 1.444958e-03 -8.364616e-03 9.771041e+01 -1.425366e-03 9.999962e-01 2.347698e-03 -3.978457e+00 8.367977e-03 -2.335691e-03 9.999623e-01 7.674032e+01
9.999660e-01 -7.430404e-05 8.243659e-03 1.007305e+02 9.142919e-05 9.999978e-01 -2.077041e-03 -4.015705e+00 -8.243487e-03 2.077724e-03 9.999639e-01 7.691138e+01
9.999836e-01 1.324816e-03 -5.578951e-03 1.046133e+02 -1.314543e-03 9.999974e-01 1.844572e-03 -4.060673e+00 5.581381e-03 -1.837207e-03 9.999827e-01 7.717219e+01
9.999910e-01 -1.062109e-03 4.097583e-03 1.060843e+02 1.069234e-03 9.999979e-01 -1.736956e-03 -4.065286e+00 -4.095730e-03 1.741321e-03 9.999901e-01 7.678148e+01
9.999790e-01 1.555033e-03 -6.288888e-03 1.072135e+02 -1.543048e-03 9.999970e-01 1.910070e-03 -4.058987e+00 6.291839e-03 -1.900325e-03 9.999784e-01 7.606333e+01
9.999933e-01 -1.520377e-03 3.343778e-03 1.075497e+02 1.526323e-03 9.999973e-01 -1.776359e-03 -4.071261e+00 -3.341068e-03 1.781450e-03 9.999928e-01 7.628819e+01
9.999815e-01 1.877848e-03 -5.792593e-03 1.084836e+02 -1.866692e-03 9.999964e-01 1.930558e-03 -4.103178e+00 5.796198e-03 -1.919709e-03 9.999814e-01 7.663066e+01
9.999915e-01 -1.562112e-03 3.813199e-03 1.092951e+02 1.569428e-03 9.999969e-01 -1.916544e-03 -4.127141e+00 -3.810194e-03 1.922512e-03 9.999909e-01 7.683916e+01
9.999712e-01 1.681653e-03 -7.407392e-03 1.092819e+02 -1.665701e-03 9.999963e-01 2.159196e-03 -4.124072e+00 7.410996e-03 -2.146794e-03 9.999702e-01 7.618915e+01
9.999873e-01 -1.629721e-03 4.765479e-03 1.095220e+02 1.640218e-03 9.999962e-01 -2.199638e-03 -4.130146e+00 -4.761876e-03 2.207426e-03 9.999862e-01 7.611523e+01
9.999736e-01 1.613990e-03 -7.090937e-03 1.098047e+02 -1.598865e-03 9.999964e-01 2.138084e-03 -4.141518e+00 7.094363e-03 -2.126689e-03 9.999726e-01 7.632489e+01
9.999852e-01 -1.268155e-03 5.295078e-03 1.105635e+02 1.279579e-03 9.999969e-01 -2.154756e-03 -4.182253e+00 -5.292329e-03 2.161499e-03 9.999837e-01 7.725882e+01
9.999759e-01 1.692552e-03 -6.725755e-03 1.116609e+02 -1.678471e-03 9.999964e-01 2.098683e-03 -4.228497e+00 6.729283e-03 -2.087342e-03 9.999752e-01 7.803663e+01
9.999852e-01 -1.428018e-03 5.246624e-03 1.129375e+02 1.439022e-03 9.999968e-01 -2.094172e-03 -4.247444e+00 -5.243617e-03 2.101690e-03 9.999840e-01 7.802276e+01
