9.999936e-01 3.143838e-05 -3.566848e-03 -1.107575e-01 -3.027551e-05 9.999999e-01 3.260808e-04 -1.099537e-02 3.566857e-03 -3.259714e-04 9.999936e-01 3.746058e-01
9.999999e-01 -3.072915e-06 4.975592e-04 -1.525897e-01 3.145608e-06 1.000000e+00 -1.460450e-04 -2.486471e-02 -4.975584e-04 1.460473e-04 9.999999e-01 1.105185e+00
9.999932e-01 1.430445e-05 -3.690085e-03 -3.121515e-01 -1.284991e-05 9.999999e-01 3.942044e-04 -3.068865e-02 3.690090e-03 -3.941550e-04 9.999931e-01 1.845982e+00
9.999998e-01 1.359123e-05 5.762105e-04 -4.130906e-01 -1.348361e-05 1.000000e+00 -1.867358e-04 -4.095283e-02 -5.762127e-04 1.867287e-04 9.999998e-01 2.568733e+00
9.999927e-01 1.989664e-05 -3.833763e-03 -5.117915e-01 -1.830496e-05 9.999999e-01 4.152162e-04 -5.532303e-02 3.833770e-03 -4.151437e-04 9.999926e-01 3.097751e+00
9.999998e-01 1.421978e-05 5.910032e-04 -4.860568e-01 -1.410873e-05 1.000000e+00 -1.878582e-04 -7.514960e-02 -5.910055e-04 1.878505e-04 9.999998e-01 3.584967e+00
9.999926e-01 5.620363e-05 -3.848210e-03 -4.502113e-01 -5.455763e-05 9.999999e-01 4.278446e-04 -9.347540e-02 3.848233e-03 -4.276322e-04 9.999925e-01 4.076612e+00
9.999998e-01 -1.497314e-05 6.954848e-04 -4.336908e-01 1.512105e-05 1.000000e+00 -2.126219e-04 -1.111591e-01 -6.954813e-04 2.126331e-04 9.999997e-01 4.625851e+00
9.999932e-01 4.575655e-05 -3.685313e-03 -4.859499e-01 -4.419455e-05 9.999999e-01 4.239328e-04 -1.251490e-01 3.685332e-03 -4.237677e-04 9.999931e-01 5.399099e+00
9.999999e-01 4.901027e-06 5.360127e-04 -5.180969e-01 -4.808750e-06 1.000000e+00 -1.720901e-04 -1.387515e-01 -5.360132e-04 1.720882e-04 9.999998e-01 6.048198e+00
9.999940e-01 8.851001e-05 -3.466713e-03 -3.958912e-01 -8.742983e-05 9.999999e-01 3.117477e-04 -1.608234e-01 3.466741e-03 -3.114435e-04 9.999939e-01 6.671722e+00
9.999999e-01 -3.132005e-07 3.242053e-04 -4.638860e-01 3.307178e-07 1.000000e+00 -5.391708e-05 -1.721854e-01 -3.242050e-04 5.391790e-05 9.999999e-01 7.380469e+00
9.999921e-01 9.121028e-05 -3.970984e-03 -6.827371e-01 -8.931393e-05 9.999999e-01 4.777360e-04 -1.750577e-01 3.971027e-03 -4.773783e-04 9.999920e-01 7.855556e+00
1.000000e+00 -1.896583e-05 9.131940e-05 -9.234035e-01 1.896936e-05 1.000000e+00 -3.818156e-05 -1.801543e-01 -9.131834e-05 3.818400e-05 1.000000e+00 8.161433e+00
9.999921e-01 5.211838e-05 -3.962671e-03 -1.309246e+00 -4.999648e-05 9.999999e-01 5.355818e-04 -1.740477e-01 3.962698e-03 -5.353802e-04 9.999920e-01 8.675624e+00
9.999995e-01 1.618382e-05 9.522601e-04 -1.303425e+00 -1.585013e-05 9.999999e-01 -3.503736e-04 -1.905835e-01 -9.522654e-04 3.503591e-04 9.999995e-01 9.373164e+00
9.999845e-01 1.242260e-04 -5.574849e-03 -1.726785e+00 -1.190680e-04 9.999996e-01 9.255571e-04 -1.853844e-01 5.574961e-03 -9.248796e-04 9.999840e-01 9.165314e+00
9.999984e-01 -6.607252e-06 1.786976e-03 -1.809793e+00 7.644222e-06 9.999998e-01 -5.802615e-04 -1.912098e-01 -1.786972e-03 5.802750e-04 9.999982e-01 8.864367e+00
9.999850e-01 9.080651e-05 -5.483050e-03 -1.854571e+00 -8.545080e-05 9.999995e-01 9.770097e-04 -2.002561e-01 5.483136e-03 -9.765272e-04 9.999845e-01 8.942483e+00
9.999978e-01 2.498438e-05 2.105928e-03 -1.831656e+00 -2.353722e-05 9.999998e-01 -6.871813e-04 -2.083008e-01 -2.105944e-03 6.871309e-04 9.999975e-01 9.066906e+00
9.999833e-01 9.890526e-05 -5.779978e-03 -1.974310e+00 -9.296484e-05 9.999995e-01 1.028026e-03 -2.151578e-01 5.780076e-03 -1.027473e-03 9.999828e-01 9.220545e+00
9.999973e-01 3.429052e-05 2.320646e-03 -1.886691e+00 -3.263005e-05 9.999997e-01 -7.155347e-04 -2.245963e-01 -2.320670e-03 7.154578e-04 9.999971e-01 9.026047e+00
9.999832e-01 2.948067e-05 -5.804838e-03 -1.851761e+00 -2.358046e-05 9.999995e-01 1.016504e-03 -2.306976e-01 5.804865e-03 -1.016350e-03 9.999826e-01 8.725959e+00
9.999944e-01 9.761948e-05 3.356154e-03 -1.260905e+00 -9.450435e-05 9.999996e-01 -9.283159e-04 -2.409533e-01 -3.356243e-03 9.279942e-04 9.999939e-01 8.445821e+00
9.999832e-01 -5.481616e-05 -5.796184e-03 -8.435494e-01 6.072790e-05 9.999995e-01 1.019773e-03 -2.640278e-01 5.796124e-03 -1.020109e-03 9.999827e-01 8.832770e+00
9.999964e-01 1.020087e-04 2.682062e-03 -7.736654e-01 -9.990641e-05 9.999997e-01 -7.839321e-04 -2.794712e-01 -2.682141e-03 7.836621e-04 9.999961e-01 9.270415e+00
9.999851e-01 -2.687522e-05 -5.458570e-03 -3.725948e-01 3.210137e-05 9.999995e-01 9.573461e-04 -2.982781e-01 5.458541e-03 -9.575078e-04 9.999846e-01 9.482562e+00
9.999944e-01 1.497260e-04 3.358000e-03 2.833392e-01 -1.465210e-04 9.999995e-01 -9.546464e-04 -3.115361e-01 -3.358141e-03 9.541497e-04 9.999939e-01 9.387154e+00
9.999793e-01 -1.224663e-04 -6.436887e-03 2.101894e-01 1.295826e-04 9.999994e-01 1.105145e-03 -3.167284e-01 6.436747e-03 -1.105957e-03 9.999787e-01 9.654611e+00
9.999971e-01 1.775531e-04 2.418609e-03 -2.243036e-01 -1.760372e-04 9.999998e-01 -6.269145e-04 -3.072002e-01 -2.418719e-03 6.264876e-04 9.999969e-01 9.779118e+00
9.999810e-01 -1.536365e-04 -6.169810e-03 -4.370124e-01 1.599021e-04 9.999995e-01 1.015060e-03 -3.060352e-01 6.169650e-03 -1.016028e-03 9.999805e-01 9.896160e+00
9.999951e-01 1.825229e-04 3.114916e-03 -3.167347e-01 -1.800120e-04 9.999997e-01 -8.063235e-04 -3.124373e-01 -3.115062e-03 8.057596e-04 9.999948e-01 9.924036e+00
9.999826e-01 -1.389712e-04 -5.896284e-03 2.305937e-02 1.440842e-04 9.999996e-01 8.667445e-04 -3.166064e-01 5.896161e-03 -8.675796e-04 9.999822e-01 9.426019e+00
9.999958e-01 1.723856e-04 2.895438e-03 2.122089e-01 -1.699774e-04 9.999996e-01 -8.319226e-04 -3.124837e-01 -2.895580e-03 8.314276e-04 9.999955e-01 8.554447e+00
9.999805e-01 -4.921101e-05 -6.252153e-03 2.616630e-01 5.487159e-05 9.999996e-01 9.052234e-04 -3.098560e-01 6.252105e-03 -9.055495e-04 9.999800e-01 7.617614e+00
9.999964e-01 1.666769e-04 2.691107e-03 2.182860e-01 -1.646519e-04 9.999997e-01 -7.526460e-04 -3.076271e-01 -2.691231e-03 7.522009e-04 9.999961e-01 6.691352e+00
9.999750e-01 -1.094817e-04 -7.063377e-03 -1.527404e-01 1.185938e-04 9.999992e-01 1.289658e-03 -3.023813e-01 7.063229e-03 -1.290465e-03 9.999742e-01 6.571156e+00
9.999928e-01 1.114231e-04 3.785040e-03 -3.027118e-01 -1.073082e-04 9.999994e-01 -1.087316e-03 -3.079911e-01 -3.785159e-03 1.086903e-03 9.999922e-01 7.172432e+00
9.999767e-01 -1.021923e-04 -6.832122e-03 -3.090361e-01 1.103762e-04 9.999993e-01 1.197498e-03 -3.221847e-01 6.831994e-03 -1.198225e-03 9.999759e-01 7.778977e+00
9.999952e-01 1.177539e-04 3.097878e-03 -4.090707e-01 -1.150247e-04 9.999996e-01 -8.811458e-04 -3.277699e-01 -3.097980e-03 8.807860e-04 9.999948e-01 7.959950e+00
9.999723e-01 -8.190737e-05 -7.438847e-03 -7.664226e-01 9.238396e-05 9.999990e-01 1.408039e-03 -3.222420e-01 7.438723e-03 -1.408688e-03 9.999713e-01 7.974948e+00
9.999944e-01 1.044608e-04 3.337600e-03 -1.083253e+00 -1.013105e-04 9.999995e-01 -9.440066e-04 -3.190706e-01 -3.337697e-03 9.436640e-04 9.999940e-01 8.209268e+00
9.999690e-01 -6.324659e-05 -7.871714e-03 -1.499831e+00 7.532932e-05 9.999988e-01 1.534677e-03 -3.121141e-01 7.871607e-03 -1.535224e-03 9.999678e-01 8.252777e+00
9.999941e-01 1.057867e-04 3.437362e-03 -1.953381e+00 -1.024094e-04 9.999995e-01 -9.826759e-04 -3.024215e-01 -3.437464e-03 9.823188e-04 9.999936e-01 8.359903e+00
9.999677e-01 -1.259389e-05 -8.031250e-03 -2.477908e+00 2.510222e-05 9.999988e-01 1.557368e-03 -2.913973e-01 8.031221e-03 -1.557520e-03 9.999665e-01 8.296630e+00
9.999942e-01 1.161155e-04 3.400907e-03 -3.012782e+00 -1.128054e-04 9.999995e-01 -9.734655e-04 -2.797984e-01 -3.401018e-03 9.730769e-04 9.999937e-01 8.136544e+00
9.999705e-01 -1.247804e-05 -7.679792e-03 -3.343280e+00 2.338553e-05 9.999990e-01 1.420206e-03 -2.737626e-01 7.679766e-03 -1.420345e-03 9.999695e-01 7.866568e+00
9.999946e-01 7.385301e-05 3.275644e-03 -3.625214e+00 -7.091362e-05 9.999996e-01 -8.974284e-04 -2.725527e-01 -3.275709e-03 8.971920e-04 9.999942e-01 7.843921e+00
9.999738e-01 -4.309152e-05 -7.244627e-03 -3.922906e+00 5.287201e-05 9.999991e-01 1.349859e-03 -2.701775e-01 7.244562e-03 -1.350207e-03 9.999728e-01 8.141227e+00
9.999975e-01 1.014708e-04 2.219808e-03 -4.659137e+00 -1.002511e-04 9.999998e-01 -5.495298e-04 -2.458573e-01 -2.219863e-03 5.493066e-04 9.999974e-01 8.188437e+00
9.999796e-01 -1.119040e-04 -6.379605e-03 -5.106893e+00 1.187520e-04 9.999994e-01 1.073066e-03 -2.342522e-01 6.379481e-03 -1.073802e-03 9.999791e-01 8.513642e+00
9.999978e-01 1.280243e-04 2.071051e-03 -5.534839e+00 -1.267999e-04 9.999998e-01 -5.912730e-04 -2.230013e-01 -2.071126e-03 5.910099e-04 9.999977e-01 8.786715e+00
9.999749e-01 2.741891e-05 -7.079076e-03 -6.177799e+00 -1.810136e-05 9.999991e-01 1.316282e-03 -2.097539e-01 7.079106e-03 -1.316122e-03 9.999741e-01 8.535551e+00
9.999945e-01 4.157218e-06 3.328455e-03 -6.273832e+00 -5.429545e-07 9.999994e-01 -1.085841e-03 -2.159923e-01 -3.328457e-03 1.085834e-03 9.999939e-01 8.438142e+00
9.999811e-01 7.162268e-06 -6.143288e-03 -5.966261e+00 3.841323e-07 9.999992e-01 1.228410e-03 -2.283265e-01 6.143292e-03 -1.228390e-03 9.999804e-01 8.321135e+00
9.999978e-01 1.590164e-04 2.110078e-03 -6.070106e+00 -1.572752e-04 9.999996e-01 -8.252410e-04 -2.288739e-01 -2.110209e-03 8.249080e-04 9.999974e-01 7.844271e+00
9.999772e-01 -1.331979e-05 -6.749256e-03 -6.537737e+00 2.296961e-05 9.999990e-01 1.429698e-03 -2.181212e-01 6.749230e-03 -1.429821e-03 9.999762e-01 7.684044e+00
9.999981e-01 6.820667e-05 1.967843e-03 -7.133206e+00 -6.672816e-05 9.999997e-01 -7.513463e-04 -2.008761e-01 -1.967893e-03 7.512143e-04 9.999978e-01 7.736293e+00
9.999797e-01 5.035347e-05 -6.373430e-03 -7.494754e+00 -4.247731e-05 9.999992e-01 1.235924e-03 -1.958754e-01 6.373487e-03 -1.235629e-03 9.999789e-01 7.555705e+00
9.999968e-01 8.411633e-05 2.534754e-03 -7.563579e+00 -8.179270e-05 9.999996e-01 -9.167621e-04 -1.964291e-01 -2.534830e-03 9.165526e-04 9.999964e-01 6.977672e+00
9.999784e-01 1.590937e-04 -6.575995e-03 -7.775003e+00 -1.510286e-04 9.999992e-01 1.226942e-03 -1.921335e-01 6.576185e-03 -1.225923e-03 9.999776e-01 5.909347e+00
9.999910e-01 -4.858637e-05 4.238726e-03 -7.601846e+00 5.266756e-05 9.999995e-01 -9.627053e-04 -2.244285e-01 -4.238677e-03 9.629206e-04 9.999906e-01 6.927164e+00
9.999828e-01 3.142530e-04 -5.851222e-03 -7.342940e+00 -3.081191e-04 9.999994e-01 1.049199e-03 -2.670737e-01 5.851548e-03 -1.047379e-03 9.999823e-01 8.152329e+00
9.999990e-01 -6.639529e-05 1.436308e-03 -7.706006e+00 6.715375e-05 9.999999e-01 -5.279492e-04 -2.612506e-01 -1.436273e-03 5.280458e-04 9.999988e-01 7.350583e+00
9.999809e-01 2.264500e-04 -6.175944e-03 -8.172765e+00 -2.193744e-04 9.999993e-01 1.146346e-03 -2.537439e-01 6.176199e-03 -1.144970e-03 9.999803e-01 6.941982e+00
9.999990e-01 6.534315e-06 1.398485e-03 -8.608884e+00 -5.763461e-06 9.999998e-01 -5.511341e-04 -2.484244e-01 -1.398488e-03 5.511262e-04 9.999989e-01 6.441295e+00
9.999876e-01 1.008302e-04 -4.984544e-03 -8.626072e+00 -9.710288e-05 9.999997e-01 7.480356e-04 -2.489736e-01 4.984618e-03 -7.475430e-04 9.999873e-01 5.679518e+00
9.999990e-01 2.203857e-05 1.381691e-03 -8.600487e+00 -2.127986e-05 9.999998e-01 -5.490521e-04 -2.500801e-01 -1.381703e-03 5.490228e-04 9.999989e-01 4.958177e+00
9.999854e-01 1.229959e-04 -5.409715e-03 -8.765476e+00 -1.179779e-04 9.999996e-01 9.279179e-04 -2.483080e-01 5.409827e-03 -9.272667e-04 9.999849e-01 4.394134e+00
9.999993e-01 1.034866e-04 1.146621e-03 -9.055897e+00 -1.029254e-04 9.999999e-01 -4.894128e-04 -2.415623e-01 -1.146671e-03 4.892952e-04 9.999992e-01 3.746975e+00
9.999833e-01 1.104736e-04 -5.772118e-03 -9.586329e+00 -1.039133e-04 9.999993e-01 1.136848e-03 -2.264927e-01 5.772239e-03 -1.136230e-03 9.999827e-01 3.230200e+00
9.999986e-01 4.625281e-05 1.685575e-03 -9.784509e+00 -4.493444e-05 9.999997e-01 -7.821114e-04 -2.207084e-01 -1.685610e-03 7.820353e-04 9.999983e-01 2.549330e+00
9.999831e-01 1.893110e-04 -5.817581e-03 -1.004798e+01 -1.824809e-04 9.999993e-01 1.174574e-03 -2.133358e-01 5.817799e-03 -1.173493e-03 9.999824e-01 1.629606e+00
9.999992e-01 1.100758e-04 1.266163e-03 -1.054085e+01 -1.093169e-04 9.999998e-01 -5.992934e-04 -1.990160e-01 -1.266229e-03 5.991552e-04 9.999990e-01 7.142143e-01
9.999841e-01 1.603559e-04 -5.635565e-03 -1.090383e+01 -1.542335e-04 9.999994e-01 1.086815e-03 -1.865302e-01 5.635736e-03 -1.085929e-03 9.999835e-01 -1.242685e-01
9.999996e-01 1.661351e-04 9.273784e-04 -1.151004e+01 -1.657342e-04 9.999999e-01 -4.322306e-04 -1.669806e-01 -9.274498e-04 4.320774e-04 9.999995e-01 -9.554365e-01
9.999825e-01 1.034561e-04 -5.918065e-03 -1.219737e+01 -9.648803e-05 9.999993e-01 1.177724e-03 -1.488236e-01 5.918183e-03 -1.177133e-03 9.999818e-01 -1.574259e+00
9.999993e-01 1.505238e-04 1.186007e-03 -1.275890e+01 -1.499174e-04 9.999999e-01 -5.112324e-04 -1.342316e-01 -1.186084e-03 5.110549e-04 9.999992e-01 -2.117666e+00
9.999844e-01 9.636643e-05 -5.577696e-03 -1.309835e+01 -9.098625e-05 9.999995e-01 9.648568e-04 -1.265307e-01 5.577786e-03 -9.643350e-04 9.999840e-01 -2.876464e+00
9.999990e-01 1.979065e-04 1.372289e-03 -1.343051e+01 -1.972518e-04 9.999999e-01 -4.771277e-04 -1.158077e-01 -1.372383e-03 4.768572e-04 9.999989e-01 -3.850190e+00
9.999833e-01 -1.030199e-04 -5.772312e-03 -1.394773e+01 1.087460e-04 9.999995e-01 9.917184e-04 -1.020111e-01 5.772206e-03 -9.923303e-04 9.999828e-01 -3.867866e+00
9.999954e-01 9.753019e-05 3.044299e-03 -1.398791e+01 -9.452196e-05 9.999995e-01 -9.882384e-04 -1.163367e-01 -3.044393e-03 9.879468e-04 9.999949e-01 -3.026466e+00
9.999765e-01 -9.033268e-05 -6.858936e-03 -1.435584e+01 9.910837e-05 9.999992e-01 1.279143e-03 -1.116802e-01 6.858814e-03 -1.279794e-03 9.999757e-01 -2.613042e+00
9.999962e-01 1.782244e-04 2.757406e-03 -1.474971e+01 -1.758004e-04 9.999996e-01 -8.792493e-04 -1.005633e-01 -2.757561e-03 8.787619e-04 9.999958e-01 -2.721369e+00
9.999838e-01 -1.279065e-04 -5.682085e-03 -1.471643e+01 1.331111e-04 9.999996e-01 9.156089e-04 -1.027988e-01 5.681965e-03 -9.163511e-04 9.999834e-01 -2.728857e+00
9.999925e-01 1.770150e-04 3.874311e-03 -1.435168e+01 -1.729697e-04 9.999994e-01 -1.044405e-03 -1.130025e-01 -3.874494e-03 1.043728e-03 9.999919e-01 -2.260212e+00
9.999701e-01 -1.706977e-04 -7.737081e-03 -1.467468e+01 1.815967e-04 9.999990e-01 1.408006e-03 -1.068089e-01 7.736832e-03 -1.409370e-03 9.999691e-01 -2.307462e+00
9.999889e-01 2.513664e-04 4.699313e-03 -1.459395e+01 -2.450584e-04 9.999991e-01 -1.342807e-03 -1.198223e-01 -4.699646e-03 1.341641e-03 9.999881e-01 -2.113030e+00
9.999627e-01 -6.801089e-05 -8.641553e-03 -1.474698e+01 8.206969e-05 9.999987e-01 1.626554e-03 -1.117767e-01 8.641430e-03 -1.627203e-03 9.999613e-01 -2.941077e+00
9.999858e-01 1.336734e-04 5.335504e-03 -1.468751e+01 -1.255114e-04 9.999988e-01 -1.530037e-03 -1.102174e-01 -5.335702e-03 1.529346e-03 9.999846e-01 -3.703053e+00
9.999664e-01 -2.905635e-04 -8.197549e-03 -1.487082e+01 3.042004e-04 9.999986e-01 1.662355e-03 -8.423952e-02 8.197054e-03 -1.664794e-03 9.999650e-01 -3.151710e+00
9.999878e-01 2.792321e-04 4.941776e-03 -1.487456e+01 -2.713731e-04 9.999987e-01 -1.590903e-03 -7.150943e-02 -4.942213e-03 1.589543e-03 9.999865e-01 -3.104835e+00
9.999692e-01 -2.334112e-04 -7.845346e-03 -1.455870e+01 2.457735e-04 9.999987e-01 1.574843e-03 -7.914078e-02 7.844968e-03 -1.576723e-03 9.999680e-01 -3.423114e+00
9.999871e-01 2.994047e-04 5.073495e-03 -1.435359e+01 -2.911242e-04 9.999986e-01 -1.632741e-03 -9.280477e-02 -5.073977e-03 1.631243e-03 9.999858e-01 -3.345652e+00
9.999666e-01 -3.239356e-04 -8.167342e-03 -1.446784e+01 3.379853e-04 9.999985e-01 1.718930e-03 -9.621835e-02 8.166772e-03 -1.721634e-03 9.999652e-01 -2.595445e+00
9.999918e-01 3.444341e-04 4.031285e-03 -1.521358e+01 -3.396582e-04 9.999992e-01 -1.185303e-03 -4.515255e-02 -4.031689e-03 1.183925e-03 9.999912e-01 -1.668994e+00
9.999704e-01 -3.263769e-04 -7.682661e-03 -1.561473e+01 3.383476e-04 9.999987e-01 1.556914e-03 -2.010682e-02 7.682143e-03 -1.559468e-03 9.999693e-01 -9.194828e-01
9.999891e-01 5.303910e-04 4.645079e-03 -1.522685e+01 -5.238810e-04 9.999989e-01 -1.402553e-03 -3.280446e-02 -4.645817e-03 1.400105e-03 9.999882e-01 -5.803037e-01
9.999647e-01 -5.716373e-04 -8.385935e-03 -1.555567e+01 5.858742e-04 9.999984e-01 1.695370e-03 -8.639241e-03 8.384952e-03 -1.700224e-03 9.999634e-01 -4.473212e-01
9.999885e-01 6.609327e-04 4.755890e-03 -1.555819e+01 -6.540256e-04 9.999987e-01 -1.453704e-03 -8.125592e-03 -4.756845e-03 1.450578e-03 9.999876e-01 -9.884486e-01
9.999549e-01 -4.323389e-04 -9.492140e-03 -1.604323e+01 4.515819e-04 9.999978e-01 2.025222e-03 6.019775e-03 9.491243e-03 -2.029417e-03 9.999529e-01 -1.530420e+00
9.999870e-01 6.418237e-04 5.051774e-03 -1.645009e+01 -6.339825e-04 9.999986e-01 -1.553600e-03 1.881343e-02 -5.052763e-03 1.550378e-03 9.999860e-01 -2.238617e+00
9.999506e-01 -4.808184e-04 -9.930179e-03 -1.700201e+01 5.017428e-04 9.999977e-01 2.104786e-03 3.642379e-02 9.929144e-03 -2.109665e-03 9.999485e-01 -2.811460e+00
9.999787e-01 5.652474e-04 6.506718e-03 -1.664479e+01 -5.528955e-04 9.999980e-01 -1.899956e-03 2.744812e-02 -6.507779e-03 1.896319e-03 9.999770e-01 -2.856232e+00
9.999527e-01 -4.870776e-04 -9.715717e-03 -1.652733e+01 5.056339e-04 9.999981e-01 1.907572e-03 3.336920e-02 9.714768e-03 -1.912395e-03 9.999510e-01 -3.915197e+00
9.999770e-01 5.289340e-04 6.758665e-03 -1.622209e+01 -5.166405e-04 9.999982e-01 -1.820520e-03 3.538898e-02 -6.759615e-03 1.816987e-03 9.999755e-01 -4.587531e+00
9.999490e-01 -4.747459e-04 -1.008893e-02 -1.602656e+01 4.949428e-04 9.999979e-01 1.999504e-03 2.205593e-02 1.008796e-02 -2.004396e-03 9.999471e-01 -4.328669e+00
9.999749e-01 5.899151e-04 7.062848e-03 -1.581898e+01 -5.769836e-04 9.999982e-01 -1.832803e-03 1.188212e-02 -7.063916e-03 1.828683e-03 9.999734e-01 -3.918226e+00
9.999380e-01 -5.242992e-04 -1.111854e-02 -1.601608e+01 5.485923e-04 9.999975e-01 2.181994e-03 1.959730e-02 1.111737e-02 -2.187959e-03 9.999358e-01 -3.970876e+00
9.999815e-01 8.423837e-04 6.023043e-03 -1.677488e+01 -8.336800e-04 9.999986e-01 -1.447407e-03 4.338139e-02 -6.024253e-03 1.442359e-03 9.999808e-01 -4.645510e+00
9.999446e-01 -7.705210e-04 -1.050170e-02 -1.716716e+01 7.912310e-04 9.999978e-01 1.968066e-03 5.390507e-02 1.050016e-02 -1.976266e-03 9.999429e-01 -4.678831e+00
9.999695e-01 8.725461e-04 7.762327e-03 -1.678352e+01 -8.573160e-04 9.999977e-01 -1.965142e-03 4.708389e-02 -7.764023e-03 1.958428e-03 9.999679e-01 -4.562226e+00
9.999325e-01 -9.033272e-04 -1.158588e-02 -1.718098e+01 9.301676e-04 9.999969e-01 2.311487e-03 7.250437e-02 1.158376e-02 -2.322109e-03 9.999302e-01 -4.133799e+00
9.999658e-01 9.330860e-04 8.216746e-03 -1.699188e+01 -9.165876e-04 9.999976e-01 -2.011420e-03 9.471334e-02 -8.218602e-03 2.003821e-03 9.999642e-01 -3.893971e+00
9.999447e-01 -1.187156e-03 -1.044604e-02 -1.640078e+01 1.208731e-03 9.999971e-01 2.059331e-03 1.257681e-01 1.044357e-02 -2.071844e-03 9.999433e-01 -4.113431e+00
9.999583e-01 1.050160e-03 9.070968e-03 -1.564652e+01 -1.030596e-03 9.999971e-01 -2.161161e-03 1.751426e-01 -9.073211e-03 2.151723e-03 9.999565e-01 -4.175619e+00
9.999536e-01 -1.357929e-03 -9.538534e-03 -1.476324e+01 1.377022e-03 9.999971e-01 1.995472e-03 2.429079e-01 9.535796e-03 -2.008515e-03 9.999525e-01 -4.041093e+00
9.999705e-01 1.413575e-03 7.554833e-03 -1.397672e+01 -1.398593e-03 9.999970e-01 -1.988055e-03 2.533944e-01 -7.557621e-03 1.977430e-03 9.999695e-01 -4.006380e+00
9.999547e-01 -1.352030e-03 -9.423566e-03 -1.304292e+01 1.369798e-03 9.999973e-01 1.879285e-03 2.573525e-01 9.420999e-03 -1.892109e-03 9.999538e-01 -4.483775e+00
9.999838e-01 1.489279e-03 5.501266e-03 -1.317880e+01 -1.480719e-03 9.999977e-01 -1.559618e-03 2.627404e-01 -5.503576e-03 1.551447e-03 9.999837e-01 -5.131817e+00
9.999628e-01 -1.414752e-03 -8.507615e-03 -1.282801e+01 1.430043e-03 9.999974e-01 1.791575e-03 2.505450e-01 8.505057e-03 -1.803676e-03 9.999622e-01 -5.150308e+00
9.999829e-01 1.490411e-03 5.661075e-03 -1.237029e+01 -1.481364e-03 9.999976e-01 -1.602051e-03 2.317783e-01 -5.663449e-03 1.593638e-03 9.999827e-01 -4.985632e+00
9.999641e-01 -1.290877e-03 -8.371513e-03 -1.178909e+01 1.305246e-03 9.999977e-01 1.711115e-03 2.122039e-01 8.369285e-03 -1.721981e-03 9.999635e-01 -4.787341e+00
9.999855e-01 1.360928e-03 5.208587e-03 -1.163919e+01 -1.352883e-03 9.999979e-01 -1.547791e-03 2.090342e-01 -5.210682e-03 1.540723e-03 9.999852e-01 -5.109588e+00
9.999583e-01 -1.268933e-03 -9.039574e-03 -1.174697e+01 1.285918e-03 9.999974e-01 1.873497e-03 2.134814e-01 9.037173e-03 -1.885044e-03 9.999574e-01 -5.621592e+00
9.999864e-01 1.352931e-03 5.032274e-03 -1.198100e+01 -1.345442e-03 9.999980e-01 -1.491208e-03 2.205676e-01 -5.034282e-03 1.484417e-03 9.999862e-01 -6.059906e+00
9.999698e-01 -1.350847e-03 -7.647631e-03 -1.162498e+01 1.363266e-03 9.999978e-01 1.619002e-03 2.087664e-01 7.645426e-03 -1.629380e-03 9.999694e-01 -6.051481e+00
9.999855e-01 1.323335e-03 5.228792e-03 -1.127104e+01 -1.315381e-03 9.999980e-01 -1.524387e-03 1.979145e-01 -5.230799e-03 1.517487e-03 9.999852e-01 -5.731703e+00
9.999699e-01 -1.116645e-03 -7.681508e-03 -1.041806e+01 1.129051e-03 9.999981e-01 1.610886e-03 1.780580e-01 7.679694e-03 -1.619511e-03 9.999692e-01 -5.589100e+00
9.999843e-01 1.328326e-03 5.452022e-03 -9.559445e+00 -1.319573e-03 9.999978e-01 -1.608737e-03 1.694222e-01 -5.454147e-03 1.601518e-03 9.999838e-01 -5.826923e+00
9.999704e-01 -1.279226e-03 -7.590989e-03 -8.665881e+00 1.292336e-03 9.999977e-01 1.722503e-03 1.603031e-01 7.588768e-03 -1.732262e-03 9.999697e-01 -5.958407e+00
9.999853e-01 1.561477e-03 5.198016e-03 -7.802451e+00 -1.553231e-03 9.999975e-01 -1.589962e-03 1.386532e-01 -5.200486e-03 1.581865e-03 9.999852e-01 -5.729054e+00
9.999710e-01 -1.094252e-03 -7.535615e-03 -6.970256e+00 1.107314e-03 9.999979e-01 1.729562e-03 1.104796e-01 7.533706e-03 -1.737857e-03 9.999701e-01 -5.376913e+00
9.999853e-01 1.493966e-03 5.208384e-03 -6.025107e+00 -1.485808e-03 9.999977e-01 -1.569825e-03 8.236523e-02 -5.210717e-03 1.562064e-03 9.999852e-01 -5.087437e+00
9.999722e-01 -1.143445e-03 -7.368665e-03 -5.232857e+00 1.155804e-03 9.999979e-01 1.673319e-03 5.755084e-02 7.366736e-03 -1.681789e-03 9.999715e-01 -4.681620e+00
9.999846e-01 1.573535e-03 5.317623e-03 -4.198562e+00 -1.565082e-03 9.999975e-01 -1.593505e-03 2.958421e-02 -5.320117e-03 1.585158e-03 9.999846e-01 -4.362952e+00
9.999695e-01 -1.100108e-03 -7.733283e-03 -3.315278e+00 1.113891e-03 9.999978e-01 1.778137e-03 -1.850249e-03 7.731310e-03 -1.786698e-03 9.999685e-01 -4.035540e+00
9.999840e-01 1.558166e-03 5.447170e-03 -2.358048e+00 -1.549338e-03 9.999975e-01 -1.624486e-03 -2.950236e-02 -5.449688e-03 1.616021e-03 9.999838e-01 -3.782897e+00
9.999692e-01 -1.141889e-03 -7.762824e-03 -1.429725e+00 1.155767e-03 9.999977e-01 1.783508e-03 -6.193193e-02 7.760769e-03 -1.792426e-03 9.999683e-01 -3.423119e+00
9.999813e-01 1.723041e-03 5.874626e-03 -3.835437e-01 -1.713624e-03 9.999972e-01 -1.607585e-03 -9.542039e-02 -5.877379e-03 1.597489e-03 9.999815e-01 -3.103500e+00
9.999663e-01 -1.456373e-03 -8.081453e-03 6.897238e-01 1.470140e-03 9.999975e-01 1.697882e-03 -1.183777e-01 8.078959e-03 -1.709706e-03 9.999659e-01 -2.974100e+00
9.999838e-01 1.549135e-03 5.478779e-03 1.141492e+00 -1.540447e-03 9.999975e-01 -1.589657e-03 -1.383725e-01 -5.481228e-03 1.581192e-03 9.999837e-01 -2.748232e+00
9.999654e-01 -1.484974e-03 -8.184170e-03 1.493588e+00 1.499051e-03 9.999974e-01 1.714110e-03 -1.535972e-01 8.181603e-03 -1.726320e-03 9.999650e-01 -2.769392e+00
9.999824e-01 1.536977e-03 5.730161e-03 1.820971e+00 -1.527635e-03 9.999975e-01 -1.634256e-03 -1.760617e-01 -5.732659e-03 1.625474e-03 9.999822e-01 -2.277309e+00
9.999646e-01 -1.426405e-03 -8.291159e-03 2.131261e+00 1.441034e-03 9.999974e-01 1.758701e-03 -1.973637e-01 8.288628e-03 -1.770587e-03 9.999641e-01 -1.745104e+00
9.999839e-01 1.496252e-03 5.480671e-03 2.320820e+00 -1.487390e-03 9.999976e-01 -1.620757e-03 -2.074079e-01 -5.483083e-03 1.612579e-03 9.999837e-01 -1.549190e+00
9.999576e-01 -1.466612e-03 -9.087112e-03 2.079593e+00 1.484586e-03 9.999970e-01 1.971559e-03 -2.078240e-01 9.084193e-03 -1.984966e-03 9.999568e-01 -1.232691e+00
9.999851e-01 1.532100e-03 5.241815e-03 1.743122e+00 -1.524342e-03 9.999977e-01 -1.483549e-03 -2.062381e-01 -5.244076e-03 1.475537e-03 9.999852e-01 -8.343413e-01
9.999594e-01 -1.476403e-03 -8.892214e-03 1.598441e+00 1.493098e-03 9.999971e-01 1.871232e-03 -2.112262e-01 8.889425e-03 -1.884433e-03 9.999587e-01 -4.739255e-01
9.999880e-01 1.508046e-03 4.667832e-03 1.263839e+00 -1.501599e-03 9.999979e-01 -1.384286e-03 -2.071133e-01 -4.669910e-03 1.377261e-03 9.999881e-01 -3.986289e-01
9.999650e-01 -1.462492e-03 -8.242422e-03 1.266944e+00 1.476434e-03 9.999975e-01 1.685692e-03 -2.085228e-01 8.239936e-03 -1.697803e-03 9.999646e-01 -6.926365e-01
9.999889e-01 1.508813e-03 4.472852e-03 1.193887e+00 -1.502947e-03 9.999980e-01 -1.314413e-03 -2.113076e-01 -4.474826e-03 1.307677e-03 9.999891e-01 -7.050013e-01
9.999621e-01 -1.492343e-03 -8.574561e-03 8.082344e-01 1.508059e-03 9.999972e-01 1.826733e-03 -2.070772e-01 8.571810e-03 -1.839595e-03 9.999616e-01 -4.176763e-01
9.999893e-01 1.509013e-03 4.374169e-03 4.757048e-01 -1.503071e-03 9.999979e-01 -1.361193e-03 -2.047293e-01 -4.376214e-03 1.354605e-03 9.999895e-01 -2.881490e-01
9.999662e-01 -1.548874e-03 -8.077314e-03 3.281788e-01 1.562671e-03 9.999973e-01 1.702113e-03 -2.091510e-01 8.074656e-03 -1.714678e-03 9.999659e-01 -1.148530e-01
9.999848e-01 1.549785e-03 5.297038e-03 6.369356e-01 -1.541418e-03 9.999976e-01 -1.583246e-03 -2.290511e-01 -5.299479e-03 1.575058e-03 9.999847e-01 2.110967e-01
9.999697e-01 -1.185966e-03 -7.692279e-03 1.355743e+00 1.199446e-03 9.999978e-01 1.748065e-03 -2.620199e-01 7.690188e-03 -1.757239e-03 9.999689e-01 5.858629e-01
9.999858e-01 1.605705e-03 5.082281e-03 2.022500e+00 -1.597678e-03 9.999975e-01 -1.583146e-03 -2.934630e-01 -5.084809e-03 1.575004e-03 9.999858e-01 9.851471e-01
9.999681e-01 -1.283596e-03 -7.887745e-03 2.608577e+00 1.297096e-03 9.999977e-01 1.706684e-03 -3.171920e-01 7.885535e-03 -1.716862e-03 9.999674e-01 1.354334e+00
9.999857e-01 1.644027e-03 5.087088e-03 3.267146e+00 -1.636023e-03 9.999974e-01 -1.577207e-03 -3.425097e-01 -5.089667e-03 1.568862e-03 9.999858e-01 1.654599e+00
9.999682e-01 -1.451370e-03 -7.847159e-03 3.785327e+00 1.464067e-03 9.999976e-01 1.612624e-03 -3.649284e-01 7.844800e-03 -1.624062e-03 9.999679e-01 1.925811e+00
9.999844e-01 1.752309e-03 5.298081e-03 4.489579e+00 -1.744443e-03 9.999974e-01 -1.488783e-03 -3.911736e-01 -5.300676e-03 1.479518e-03 9.999849e-01 2.190713e+00
9.999691e-01 -1.484000e-03 -7.717945e-03 5.170966e+00 1.496017e-03 9.999977e-01 1.551515e-03 -4.213066e-01 7.715624e-03 -1.563014e-03 9.999690e-01 2.561382e+00
9.999865e-01 1.584674e-03 4.952031e-03 5.381795e+00 -1.577047e-03 9.999976e-01 -1.543547e-03 -4.248812e-01 -4.954464e-03 1.535718e-03 9.999865e-01 3.344273e+00
9.999700e-01 -1.619515e-03 -7.576556e-03 5.435375e+00 1.631791e-03 9.999974e-01 1.614291e-03 -4.126171e-01 7.573921e-03 -1.626606e-03 9.999700e-01 3.933303e+00
9.999873e-01 1.709579e-03 4.748757e-03 5.770723e+00 -1.702533e-03 9.999974e-01 -1.487373e-03 -4.307417e-01 -4.751287e-03 1.479270e-03 9.999876e-01 4.330655e+00
9.999728e-01 -1.385174e-03 -7.239466e-03 6.545498e+00 1.396681e-03 9.999978e-01 1.584710e-03 -4.495903e-01 7.237254e-03 -1.594778e-03 9.999725e-01 4.597844e+00
9.999872e-01 1.625751e-03 4.796097e-03 7.204853e+00 -1.618263e-03 9.999975e-01 -1.564693e-03 -4.736136e-01 -4.798629e-03 1.556912e-03 9.999873e-01 4.883935e+00
9.999712e-01 -1.586705e-03 -7.419134e-03 7.749090e+00 1.598548e-03 9.999975e-01 1.590734e-03 -4.590514e-01 7.416591e-03 -1.602549e-03 9.999712e-01 5.069095e+00
9.999858e-01 1.611805e-03 5.076752e-03 8.409496e+00 -1.604348e-03 9.999976e-01 -1.472608e-03 -4.531731e-01 -5.079113e-03 1.464443e-03 9.999860e-01 5.254647e+00
9.999706e-01 -1.251685e-03 -7.562211e-03 9.064778e+00 1.264173e-03 9.999978e-01 1.646880e-03 -4.772773e-01 7.560133e-03 -1.656392e-03 9.999701e-01 5.684258e+00
9.999839e-01 1.627765e-03 5.428867e-03 1.024728e+01 -1.619528e-03 9.999975e-01 -1.521249e-03 -4.965612e-01 -5.431330e-03 1.512433e-03 9.999841e-01 5.756117e+00
9.999647e-01 -1.375092e-03 -8.288080e-03 1.090353e+01 1.388744e-03 9.999977e-01 1.641698e-03 -5.206113e-01 8.285803e-03 -1.653151e-03 9.999643e-01 6.067364e+00
9.999900e-01 1.405675e-03 4.248260e-03 1.045694e+01 -1.401246e-03 9.999985e-01 -1.045295e-03 -5.038155e-01 -4.249723e-03 1.039333e-03 9.999904e-01 6.541577e+00
9.999653e-01 -1.283132e-03 -8.229115e-03 1.029379e+01 1.294336e-03 9.999982e-01 1.356314e-03 -5.014639e-01 8.227360e-03 -1.366919e-03 9.999652e-01 6.083128e+00
9.999851e-01 1.260877e-03 5.312811e-03 1.067242e+01 -1.254110e-03 9.999984e-01 -1.276723e-03 -4.944019e-01 -5.314412e-03 1.270042e-03 9.999851e-01 5.213049e+00
9.999615e-01 -1.135783e-03 -8.696629e-03 1.075962e+01 1.147653e-03 9.999984e-01 1.360144e-03 -4.941568e-01 8.695070e-03 -1.370073e-03 9.999613e-01 4.453820e+00
9.999847e-01 1.385036e-03 5.358434e-03 1.073717e+01 -1.377984e-03 9.999982e-01 -1.319389e-03 -4.712624e-01 -5.360252e-03 1.311986e-03 9.999848e-01 2.811112e+00
9.999651e-01 -1.269642e-03 -8.253094e-03 1.054961e+01 1.282006e-03 9.999981e-01 1.493036e-03 -4.377345e-01 8.251182e-03 -1.503565e-03 9.999648e-01 1.062919e+00
9.999845e-01 1.296665e-03 5.408799e-03 1.061914e+01 -1.289134e-03 9.999982e-01 -1.395573e-03 -4.292809e-01 -5.410598e-03 1.388580e-03 9.999844e-01 1.627624e-01
9.999715e-01 -1.207313e-03 -7.448168e-03 1.108307e+01 1.218972e-03 9.999980e-01 1.561019e-03 -4.371783e-01 7.446268e-03 -1.570054e-03 9.999710e-01 7.582349e-02
9.999919e-01 1.372833e-03 3.781031e-03 1.111792e+01 -1.368034e-03 9.999983e-01 -1.271545e-03 -4.376416e-01 -3.782770e-03 1.266363e-03 9.999920e-01 -5.816805e-01
9.999670e-01 -1.190055e-03 -8.032314e-03 1.088252e+01 1.203993e-03 9.999978e-01 1.730598e-03 -4.340592e-01 8.030236e-03 -1.740213e-03 9.999662e-01 -1.157778e+00
9.999918e-01 1.233549e-03 3.859143e-03 1.053537e+01 -1.228780e-03 9.999985e-01 -1.237726e-03 -4.311135e-01 -3.860664e-03 1.232974e-03 9.999918e-01 -9.389887e-01
9.999645e-01 -1.168027e-03 -8.345932e-03 1.022185e+01 1.183204e-03 9.999977e-01 1.813830e-03 -4.277326e-01 8.343794e-03 -1.823641e-03 9.999635e-01 -9.520060e-01
9.999866e-01 1.335254e-03 5.004240e-03 1.064981e+01 -1.327696e-03 9.999980e-01 -1.513205e-03 -4.372575e-01 -5.006250e-03 1.506541e-03 9.999863e-01 -1.085215e+00
9.999657e-01 -1.101752e-03 -8.208946e-03 1.089886e+01 1.115425e-03 9.999980e-01 1.661334e-03 -4.549036e-01 8.207099e-03 -1.670434e-03 9.999649e-01 -6.082974e-01
9.999906e-01 1.160208e-03 4.172013e-03 1.068424e+01 -1.154847e-03 9.999985e-01 -1.287106e-03 -4.567107e-01 -4.173500e-03 1.282277e-03 9.999905e-01 -3.920838e-01
9.999657e-01 -1.127498e-03 -8.210029e-03 1.047362e+01 1.141232e-03 9.999980e-01 1.668419e-03 -4.592795e-01 8.208131e-03 -1.677732e-03 9.999649e-01 -2.155631e-01
9.999849e-01 1.215911e-03 5.352992e-03 1.057880e+01 -1.207447e-03 9.999980e-01 -1.583961e-03 -4.825443e-01 -5.354908e-03 1.577474e-03 9.999844e-01 4.930925e-01
9.999689e-01 -1.132809e-03 -7.800410e-03 1.067421e+01 1.145118e-03 9.999981e-01 1.573844e-03 -5.110851e-01 7.798612e-03 -1.582728e-03 9.999683e-01 1.427594e+00
9.999836e-01 1.257800e-03 5.584355e-03 1.081305e+01 -1.248817e-03 9.999979e-01 -1.611733e-03 -5.438307e-01 -5.586370e-03 1.604733e-03 9.999831e-01 2.490565e+00
9.999648e-01 -9.876908e-04 -8.330032e-03 1.132183e+01 1.002827e-03 9.999979e-01 1.813051e-03 -5.749572e-01 8.328223e-03 -1.821342e-03 9.999637e-01 2.908320e+00
9.999846e-01 1.103782e-03 5.431918e-03 1.179610e+01 -1.094954e-03 9.999981e-01 -1.627792e-03 -5.982004e-01 -5.433704e-03 1.621820e-03 9.999839e-01 3.111534e+00
9.999660e-01 -1.076663e-03 -8.170970e-03 1.181568e+01 1.090440e-03 9.999980e-01 1.681887e-03 -6.183868e-01 8.169142e-03 -1.690741e-03 9.999652e-01 3.921373e+00
9.999862e-01 1.314783e-03 5.093292e-03 1.215758e+01 -1.307476e-03 9.999981e-01 -1.437551e-03 -6.433644e-01 -5.095172e-03 1.430873e-03 9.999860e-01 4.281381e+00
9.999731e-01 -1.080820e-03 -7.250117e-03 1.335837e+01 1.092478e-03 9.999981e-01 1.604288e-03 -6.320502e-01 7.248370e-03 -1.612166e-03 9.999724e-01 3.582596e+00
9.999890e-01 1.190499e-03 4.542721e-03 1.393965e+01 -1.183855e-03 9.999982e-01 -1.464828e-03 -6.509686e-01 -4.544457e-03 1.459434e-03 9.999886e-01 3.654771e+00
9.999741e-01 -1.171879e-03 -7.107242e-03 1.394776e+01 1.182361e-03 9.999982e-01 1.470814e-03 -6.720880e-01 7.105505e-03 -1.479180e-03 9.999737e-01 4.581275e+00
9.999893e-01 1.186142e-03 4.479625e-03 1.391462e+01 -1.179757e-03 9.999983e-01 -1.427746e-03 -6.895724e-01 -4.481311e-03 1.422446e-03 9.999889e-01 5.526742e+00
9.999735e-01 -1.179961e-03 -7.179520e-03 1.371924e+01 1.190593e-03 9.999982e-01 1.476749e-03 -6.946533e-01 7.177764e-03 -1.485258e-03 9.999731e-01 6.688046e+00
9.999907e-01 1.202054e-03 4.140123e-03 1.350327e+01 -1.196606e-03 9.999984e-01 -1.317947e-03 -6.957573e-01 -4.141700e-03 1.312982e-03 9.999906e-01 7.671477e+00
9.999740e-01 -1.177314e-03 -7.118763e-03 1.342455e+01 1.187192e-03 9.999983e-01 1.383478e-03 -7.049554e-01 7.117122e-03 -1.391894e-03 9.999737e-01 8.543448e+00
9.999901e-01 1.240726e-03 4.273298e-03 1.344701e+01 -1.234894e-03 9.999983e-01 -1.366962e-03 -7.192079e-01 -4.274987e-03 1.361672e-03 9.999899e-01 9.415870e+00
9.999678e-01 -1.123928e-03 -7.946556e-03 1.347721e+01 1.136430e-03 9.999981e-01 1.568916e-03 -7.151665e-01 7.944778e-03 -1.577896e-03 9.999672e-01 9.102386e+00
9.999839e-01 1.303714e-03 5.528133e-03 1.415343e+01 -1.295325e-03 9.999980e-01 -1.520801e-03 -6.919692e-01 -5.530104e-03 1.513616e-03 9.999836e-01 7.632342e+00
9.999701e-01 -1.175855e-03 -7.648100e-03 1.499461e+01 1.187687e-03 9.999981e-01 1.542714e-03 -6.702175e-01 7.646272e-03 -1.551752e-03 9.999696e-01 6.540634e+00
9.999871e-01 1.259193e-03 4.927834e-03 1.540028e+01 -1.251923e-03 9.999981e-01 -1.478066e-03 -6.584061e-01 -4.929686e-03 1.471878e-03 9.999868e-01 5.677784e+00
9.999681e-01 -1.121814e-03 -7.911508e-03 1.565875e+01 1.133824e-03 9.999982e-01 1.513738e-03 -6.699202e-01 7.909795e-03 -1.522661e-03 9.999676e-01 5.653393e+00
9.999846e-01 1.648216e-03 5.306341e-03 1.675632e+01 -1.642015e-03 9.999980e-01 -1.172714e-03 -6.808238e-01 -5.308262e-03 1.163983e-03 9.999852e-01 5.540100e+00
9.999708e-01 -1.707065e-03 -7.450630e-03 1.758841e+01 1.716414e-03 9.999977e-01 1.248615e-03 -6.782321e-01 7.448482e-03 -1.261367e-03 9.999715e-01 5.090536e+00
9.999867e-01 1.747815e-03 4.849722e-03 1.760795e+01 -1.741190e-03 9.999975e-01 -1.369803e-03 -6.992528e-01 -4.852104e-03 1.361341e-03 9.999873e-01 6.102717e+00
9.999683e-01 -1.694324e-03 -7.783133e-03 1.752775e+01 1.705717e-03 9.999975e-01 1.457482e-03 -7.123993e-01 7.780644e-03 -1.470713e-03 9.999686e-01 6.970997e+00
9.999837e-01 1.841308e-03 5.411359e-03 1.765389e+01 -1.833378e-03 9.999972e-01 -1.469905e-03 -7.409377e-01 -5.414050e-03 1.459961e-03 9.999843e-01 7.972120e+00
9.999629e-01 -1.800016e-03 -8.419365e-03 1.752785e+01 1.813217e-03 9.999971e-01 1.560589e-03 -7.484578e-01 8.416531e-03 -1.575798e-03 9.999633e-01 8.858702e+00
9.999809e-01 1.788472e-03 5.918027e-03 1.738194e+01 -1.778652e-03 9.999970e-01 -1.664100e-03 -7.570090e-01 -5.920985e-03 1.653543e-03 9.999811e-01 1.007987e+01
9.999583e-01 -1.796024e-03 -8.959285e-03 1.733836e+01 1.810686e-03 9.999970e-01 1.628733e-03 -7.716607e-01 8.956333e-03 -1.644888e-03 9.999585e-01 1.086875e+01
9.999776e-01 1.861380e-03 6.431493e-03 1.741840e+01 -1.850214e-03 9.999968e-01 -1.741659e-03 -7.982164e-01 -6.434714e-03 1.729721e-03 9.999778e-01 1.186247e+01
9.999596e-01 -1.815839e-03 -8.802009e-03 1.742478e+01 1.829190e-03 9.999972e-01 1.509040e-03 -8.218155e-01 8.799243e-03 -1.525080e-03 9.999601e-01 1.311706e+01
9.999827e-01 1.881666e-03 5.575360e-03 1.729771e+01 -1.874386e-03 9.999974e-01 -1.310545e-03 -8.253664e-01 -5.577811e-03 1.300073e-03 9.999836e-01 1.379470e+01
9.999563e-01 -1.770838e-03 -9.183565e-03 1.726423e+01 1.785004e-03 9.999972e-01 1.534631e-03 -8.268782e-01 9.180822e-03 -1.550957e-03 9.999567e-01 1.373231e+01
9.999790e-01 1.887387e-03 6.207345e-03 1.739239e+01 -1.878384e-03 9.999972e-01 -1.455844e-03 -8.473483e-01 -6.210075e-03 1.444155e-03 9.999797e-01 1.444915e+01
9.999632e-01 -1.822827e-03 -8.382562e-03 1.739229e+01 1.834515e-03 9.999974e-01 1.386809e-03 -8.687388e-01 8.380012e-03 -1.402137e-03 9.999639e-01 1.564394e+01
9.999804e-01 1.906547e-03 5.970038e-03 1.743322e+01 -1.898169e-03 9.999972e-01 -1.408667e-03 -8.905551e-01 -5.972707e-03 1.397308e-03 9.999812e-01 1.663214e+01
9.999640e-01 -1.840639e-03 -8.284154e-03 1.744231e+01 1.851627e-03 9.999974e-01 1.319020e-03 -9.124467e-01 8.281705e-03 -1.334313e-03 9.999648e-01 1.772903e+01
9.999800e-01 1.891230e-03 6.032859e-03 1.744271e+01 -1.882958e-03 9.999973e-01 -1.376505e-03 -9.328076e-01 -6.035445e-03 1.365119e-03 9.999809e-01 1.882545e+01
9.999584e-01 -1.834828e-03 -8.931009e-03 1.732987e+01 1.847924e-03 9.999972e-01 1.458297e-03 -9.413201e-01 8.928308e-03 -1.474741e-03 9.999591e-01 1.974451e+01
9.999801e-01 1.861132e-03 6.024612e-03 1.723595e+01 -1.852895e-03 9.999973e-01 -1.372506e-03 -9.524329e-01 -6.027150e-03 1.361317e-03 9.999809e-01 2.055652e+01
9.999584e-01 -1.796670e-03 -8.947983e-03 1.731104e+01 1.809231e-03 9.999974e-01 1.395870e-03 -9.716509e-01 8.945451e-03 -1.412001e-03 9.999590e-01 2.123591e+01
9.999821e-01 1.924723e-03 5.670320e-03 1.731206e+01 -1.917334e-03 9.999973e-01 -1.308362e-03 -9.816705e-01 -5.672823e-03 1.297467e-03 9.999831e-01 2.121174e+01
9.999542e-01 -1.844732e-03 -9.389120e-03 1.706468e+01 1.859754e-03 9.999970e-01 1.591485e-03 -9.833699e-01 9.386156e-03 -1.608875e-03 9.999547e-01 2.147979e+01
9.999827e-01 2.050602e-03 5.517052e-03 1.696789e+01 -2.043192e-03 9.999970e-01 -1.348404e-03 -9.825813e-01 -5.519800e-03 1.337109e-03 9.999839e-01 2.079715e+01
9.999584e-01 -1.764369e-03 -8.944094e-03 1.685885e+01 1.777906e-03 9.999973e-01 1.505832e-03 -9.737551e-01 8.941413e-03 -1.521671e-03 9.999589e-01 1.943275e+01
9.999851e-01 2.039939e-03 5.054368e-03 1.664904e+01 -2.033837e-03 9.999972e-01 -1.212182e-03 -9.676032e-01 -5.056827e-03 1.201885e-03 9.999865e-01 1.829376e+01
9.999585e-01 -1.738199e-03 -8.937895e-03 1.645141e+01 1.751689e-03 9.999973e-01 1.501765e-03 -9.595743e-01 8.935261e-03 -1.517360e-03 9.999589e-01 1.709894e+01
9.999829e-01 2.142684e-03 5.440220e-03 1.633915e+01 -2.135161e-03 9.999968e-01 -1.388231e-03 -9.444676e-01 -5.443177e-03 1.376592e-03 9.999842e-01 1.535713e+01
9.999564e-01 -1.889622e-03 -9.145157e-03 1.619316e+01 1.905370e-03 9.999967e-01 1.713631e-03 -9.389704e-01 9.141889e-03 -1.730982e-03 9.999567e-01 1.427732e+01
9.999839e-01 2.144780e-03 5.249251e-03 1.610082e+01 -2.136941e-03 9.999966e-01 -1.498298e-03 -9.356108e-01 -5.252446e-03 1.487057e-03 9.999851e-01 1.326409e+01
9.999633e-01 -1.883724e-03 -8.352271e-03 1.614948e+01 1.897253e-03 9.999969e-01 1.612246e-03 -9.229823e-01 8.349208e-03 -1.628034e-03 9.999638e-01 1.180507e+01
9.999874e-01 2.021303e-03 4.597169e-03 1.622569e+01 -2.015648e-03 9.999972e-01 -1.234393e-03 -9.244694e-01 -4.599651e-03 1.225112e-03 9.999887e-01 1.142772e+01
9.999641e-01 -1.858699e-03 -8.261133e-03 1.646536e+01 1.871430e-03 9.999971e-01 1.533661e-03 -9.314949e-01 8.258258e-03 -1.549067e-03 9.999647e-01 1.129518e+01
9.999888e-01 2.128592e-03 4.227477e-03 1.632791e+01 -2.123127e-03 9.999969e-01 -1.296704e-03 -9.304306e-01 -4.230223e-03 1.287715e-03 9.999902e-01 1.035322e+01
9.999710e-01 -1.853747e-03 -7.381414e-03 1.630504e+01 1.864339e-03 9.999972e-01 1.428306e-03 -9.200578e-01 7.378746e-03 -1.442027e-03 9.999717e-01 8.948290e+00
9.999916e-01 1.921127e-03 3.608054e-03 1.623116e+01 -1.916937e-03 9.999975e-01 -1.164250e-03 -9.270377e-01 -3.610281e-03 1.157325e-03 9.999928e-01 9.030244e+00
9.999722e-01 -1.832051e-03 -7.227442e-03 1.633051e+01 1.842060e-03 9.999974e-01 1.378518e-03 -9.418349e-01 7.224897e-03 -1.391794e-03 9.999729e-01 9.285368e+00
9.999913e-01 1.849042e-03 3.734139e-03 1.619553e+01 -1.844597e-03 9.999976e-01 -1.193366e-03 -9.479744e-01 -3.736337e-03 1.186468e-03 9.999923e-01 9.771445e+00
9.999678e-01 -1.749038e-03 -7.831260e-03 1.599299e+01 1.760921e-03 9.999973e-01 1.510727e-03 -9.508213e-01 7.828596e-03 -1.524469e-03 9.999682e-01 9.693486e+00
9.999918e-01 1.848839e-03 3.605126e-03 1.569268e+01 -1.845055e-03 9.999977e-01 -1.052714e-03 -9.501343e-01 -3.607063e-03 1.046055e-03 9.999929e-01 9.606655e+00
