9.999944e-01 7.059870e-05 -3.342344e-03 -3.629576e-02 -6.953713e-05 9.999999e-01 3.177335e-04 -5.604621e-03 3.342366e-03 -3.175001e-04 9.999944e-01 5.063381e-01
9.999999e-01 2.980275e-05 -4.057857e-04 9.634867e-02 -2.978278e-05 1.000000e+00 4.913672e-05 -1.199471e-02 4.057875e-04 -4.912392e-05 9.999999e-01 6.168346e-01
9.999943e-01 1.269874e-04 -3.364582e-03 3.756506e-01 -1.258763e-04 9.999999e-01 3.304252e-04 -1.351972e-02 3.364624e-03 -3.300005e-04 9.999943e-01 4.852315e-01
9.999994e-01 1.817730e-04 1.073833e-03 6.379718e-01 -1.815993e-04 1.000000e+00 -1.618225e-04 -4.811205e-02 -1.073862e-03 1.616281e-04 9.999994e-01 1.849773e+00
9.999957e-01 -9.562309e-05 -2.919407e-03 4.132434e-01 9.651475e-05 9.999999e-01 3.052954e-04 -5.942435e-02 2.919377e-03 -3.055766e-04 9.999957e-01 3.572605e+00
9.999990e-01 7.583048e-05 -1.444078e-03 -2.381813e-01 -7.544414e-05 1.000000e+00 2.675703e-04 -3.240635e-02 1.444098e-03 -2.674603e-04 9.999989e-01 4.056119e+00
9.999953e-01 -8.757745e-05 -3.077531e-03 -9.537353e-01 8.864748e-05 9.999999e-01 3.475641e-04 -6.102706e-03 3.077500e-03 -3.478360e-04 9.999952e-01 4.434989e+00
9.999989e-01 1.125052e-04 -1.453773e-03 -1.467129e+00 -1.121438e-04 1.000000e+00 2.486775e-04 5.332214e-03 1.453801e-03 -2.485134e-04 9.999989e-01 4.514397e+00
9.999983e-01 -1.179515e-04 -1.813139e-03 -1.488183e+00 1.179596e-04 1.000000e+00 4.392765e-06 -7.598395e-03 1.813138e-03 -4.607347e-06 9.999984e-01 4.929059e+00
9.999990e-01 1.193804e-04 -1.435448e-03 -1.567903e+00 -1.190120e-04 1.000000e+00 2.567132e-04 -1.716256e-02 1.435479e-03 -2.565414e-04 9.999989e-01 5.538445e+00
9.999981e-01 -2.072086e-05 -1.953971e-03 -1.600810e+00 2.083034e-05 1.000000e+00 5.603020e-05 -1.932919e-02 1.953970e-03 -5.607151e-05 9.999981e-01 6.075605e+00
9.999990e-01 4.161329e-05 -1.446595e-03 -1.429424e+00 -4.126502e-05 1.000000e+00 2.407579e-04 -2.551305e-02 1.446606e-03 -2.406972e-04 9.999989e-01 6.395169e+00
9.999983e-01 2.398657e-05 -1.836391e-03 -1.468453e+00 -2.392602e-05 1.000000e+00 3.301426e-05 -3.606123e-02 1.836392e-03 -3.297098e-05 9.999983e-01 6.989052e+00
9.999991e-01 2.655348e-04 -1.321414e-03 -1.077257e+00 -2.651863e-04 9.999999e-01 2.638893e-04 -4.204113e-02 1.321484e-03 -2.635380e-04 9.999991e-01 7.176393e+00
9.999994e-01 -4.215902e-05 -1.139336e-03 -2.160754e-02 4.206401e-05 1.000000e+00 -8.338382e-05 -4.820343e-02 1.139340e-03 8.333513e-05 9.999993e-01 7.045001e+00
9.999991e-01 2.603331e-04 -1.340590e-03 8.817297e-01 -2.600288e-04 9.999999e-01 2.271441e-04 -5.926059e-02 1.340649e-03 -2.267946e-04 9.999991e-01 7.129941e+00
9.999990e-01 1.178940e-04 -1.387752e-03 1.539464e+00 -1.179771e-04 1.000000e+00 -5.978319e-05 -7.824410e-02 1.387745e-03 5.994614e-05 9.999990e-01 7.533185e+00
9.999991e-01 2.111345e-04 -1.290777e-03 1.822769e+00 -2.108307e-04 1.000000e+00 2.355243e-04 -1.053760e-01 1.290827e-03 -2.352512e-04 9.999991e-01 8.276688e+00
9.999991e-01 9.626825e-05 -1.316821e-03 2.083053e+00 -9.633607e-05 1.000000e+00 -5.140933e-05 -1.316004e-01 1.316816e-03 5.153543e-05 9.999991e-01 8.979702e+00
9.999987e-01 3.290914e-04 -1.558674e-03 2.734105e+00 -3.286421e-04 9.999999e-01 2.885247e-04 -1.536031e-01 1.558769e-03 -2.880114e-04 9.999987e-01 9.240056e+00
9.999996e-01 -1.395329e-05 -8.733228e-04 3.524220e+00 1.378065e-05 1.000000e+00 -1.976273e-04 -1.847053e-01 8.733252e-04 1.976145e-04 9.999996e-01 9.669477e+00
9.999990e-01 4.046308e-04 -1.358542e-03 4.261847e+00 -4.042167e-04 9.999999e-01 3.050119e-04 -2.188115e-01 1.358666e-03 -3.044617e-04 9.999990e-01 1.017986e+01
9.999995e-01 -2.698481e-04 -9.447591e-04 4.781181e+00 2.695830e-04 9.999999e-01 -2.807190e-04 -2.437282e-01 9.448344e-04 2.804635e-04 9.999995e-01 1.059604e+01
9.999988e-01 3.542423e-04 -1.524087e-03 5.354948e+00 -3.535836e-04 9.999998e-01 4.324170e-04 -2.644815e-01 1.524240e-03 -4.318769e-04 9.999987e-01 1.082230e+01
9.999993e-01 5.170029e-05 -1.158698e-03 5.958059e+00 -5.198392e-05 1.000000e+00 -2.447108e-04 -2.895374e-01 1.158685e-03 2.447702e-04 9.999993e-01 1.121579e+01
9.999986e-01 1.898199e-04 -1.679239e-03 6.488395e+00 -1.891670e-04 9.999999e-01 3.889507e-04 -3.098471e-01 1.679313e-03 -3.886318e-04 9.999985e-01 1.149253e+01
9.999991e-01 -7.889381e-05 -1.363343e-03 6.808166e+00 7.851172e-05 1.000000e+00 -2.802762e-04 -3.140884e-01 1.363365e-03 2.801682e-04 9.999990e-01 1.101077e+01
9.999983e-01 -5.078335e-06 -1.859443e-03 7.096168e+00 6.029265e-06 9.999999e-01 5.113721e-04 -3.253085e-01 1.859441e-03 -5.113817e-04 9.999981e-01 1.088166e+01
9.999986e-01 1.740324e-04 -1.666928e-03 7.154449e+00 -1.742586e-04 1.000000e+00 -1.355215e-04 -3.233569e-01 1.666904e-03 1.358111e-04 9.999986e-01 1.121518e+01
9.999977e-01 -5.745591e-05 -2.125916e-03 7.203271e+00 5.846394e-05 9.999999e-01 4.740772e-04 -3.248453e-01 2.125889e-03 -4.741997e-04 9.999976e-01 1.155263e+01
9.999981e-01 5.751853e-05 -1.944750e-03 6.954357e+00 -5.749101e-05 1.000000e+00 1.423524e-05 -3.140148e-01 1.944751e-03 -1.412411e-05 9.999981e-01 1.180541e+01
9.999990e-01 1.296976e-04 -1.372482e-03 7.171624e+00 -1.293993e-04 1.000000e+00 2.173440e-04 -3.370548e-01 1.372511e-03 -2.171655e-04 9.999990e-01 1.216987e+01
9.999962e-01 -2.715775e-05 -2.772245e-03 7.083301e+00 2.763919e-05 1.000000e+00 1.736483e-04 -3.428134e-01 2.772240e-03 -1.737250e-04 9.999961e-01 1.220545e+01
9.999999e-01 -3.807330e-05 -3.897765e-04 7.253461e+00 3.807710e-05 1.000000e+00 9.599372e-06 -3.522028e-01 3.897765e-04 -9.613502e-06 9.999999e-01 1.196295e+01
9.999964e-01 5.410386e-05 -2.670244e-03 7.455367e+00 -5.373160e-05 1.000000e+00 1.395053e-04 -3.696275e-01 2.670251e-03 -1.393620e-04 9.999964e-01 1.225797e+01
9.999995e-01 -3.845847e-05 -9.520564e-04 7.374604e+00 3.856500e-05 1.000000e+00 1.118064e-04 -3.807446e-01 9.520525e-04 -1.118424e-04 9.999995e-01 1.257975e+01
9.999948e-01 1.072690e-04 -3.215090e-03 7.203220e+00 -1.065381e-04 1.000000e+00 2.275236e-04 -3.874983e-01 3.215114e-03 -2.271806e-04 9.999948e-01 1.252271e+01
9.999998e-01 -1.215731e-04 -6.429260e-04 7.160377e+00 1.216349e-04 1.000000e+00 9.597672e-05 -3.917130e-01 6.429146e-04 -9.605419e-05 9.999998e-01 1.256448e+01
9.999933e-01 1.758613e-04 -3.653601e-03 6.873332e+00 -1.742975e-04 9.999999e-01 4.283559e-04 -3.808269e-01 3.653676e-03 -4.277169e-04 9.999932e-01 1.285114e+01
1.000000e+00 -1.281157e-05 -2.941329e-04 7.049909e+00 1.276816e-05 1.000000e+00 -1.478244e-04 -3.911612e-01 2.941351e-04 1.478214e-04 9.999999e-01 1.267534e+01
9.999968e-01 2.515630e-04 -2.511323e-03 7.825464e+00 -2.505170e-04 9.999999e-01 4.168784e-04 -4.092604e-01 2.511427e-03 -4.162486e-04 9.999968e-01 1.267754e+01
9.999996e-01 -1.361934e-04 -8.471602e-04 8.181202e+00 1.360053e-04 1.000000e+00 -2.221652e-04 -4.174636e-01 8.471908e-04 2.220506e-04 9.999996e-01 1.256396e+01
9.999938e-01 1.144797e-04 -3.532506e-03 7.854962e+00 -1.119760e-04 9.999997e-01 7.089650e-04 -4.123803e-01 3.532586e-03 -7.085657e-04 9.999935e-01 1.233599e+01
1.000000e+00 -8.278615e-05 -1.156535e-04 7.859881e+00 8.274523e-05 9.999999e-01 -3.544572e-04 -4.158001e-01 1.156832e-04 3.544483e-04 9.999999e-01 1.251865e+01
9.999927e-01 8.749981e-05 -3.826669e-03 7.633428e+00 -8.458045e-05 9.999997e-01 7.630748e-04 -4.161642e-01 3.826734e-03 -7.627463e-04 9.999924e-01 1.280389e+01
1.000000e+00 -8.699032e-05 2.026903e-05 7.366905e+00 8.699622e-05 1.000000e+00 -2.874661e-04 -4.077514e-01 -2.024369e-05 2.874685e-04 1.000000e+00 1.337568e+01
9.999935e-01 8.481416e-05 -3.609110e-03 7.039748e+00 -8.271474e-05 9.999998e-01 5.818677e-04 -4.010454e-01 3.609159e-03 -5.815661e-04 9.999933e-01 1.414242e+01
9.999995e-01 -1.375786e-04 -9.851276e-04 6.217496e+00 1.376113e-04 1.000000e+00 3.305081e-05 -3.639870e-01 9.851234e-04 -3.318565e-05 9.999995e-01 1.462871e+01
9.999935e-01 1.680068e-04 -3.598942e-03 5.704578e+00 -1.658568e-04 9.999998e-01 5.976870e-04 -3.440462e-01 3.599042e-03 -5.970869e-04 9.999933e-01 1.481631e+01
9.999994e-01 -1.327656e-04 -1.060769e-03 5.139985e+00 1.328393e-04 1.000000e+00 6.928121e-05 -3.226918e-01 1.060760e-03 -6.942137e-05 9.999994e-01 1.496680e+01
9.999929e-01 1.612677e-04 -3.763277e-03 4.413600e+00 -1.586587e-04 9.999997e-01 6.935927e-04 -2.917669e-01 3.763388e-03 -6.929914e-04 9.999927e-01 1.516753e+01
9.999998e-01 -1.810018e-04 -6.206776e-04 3.990322e+00 1.809250e-04 1.000000e+00 -1.239792e-04 -2.780206e-01 6.207003e-04 1.238676e-04 9.999998e-01 1.524455e+01
9.999934e-01 1.448063e-04 -3.617915e-03 3.644832e+00 -1.426150e-04 9.999998e-01 6.059669e-04 -2.701101e-01 3.618002e-03 -6.054476e-04 9.999933e-01 1.539819e+01
1.000000e+00 -7.136761e-05 2.995887e-04 3.702041e+00 7.148457e-05 9.999999e-01 -3.901423e-04 -2.831622e-01 -2.995605e-04 3.901644e-04 9.999999e-01 1.590023e+01
9.999946e-01 3.846262e-04 -3.257888e-03 3.979817e+00 -3.829777e-04 9.999998e-01 5.066539e-04 -3.091072e-01 3.258082e-03 -5.054042e-04 9.999946e-01 1.650933e+01
9.999999e-01 -3.366850e-04 -2.427858e-04 3.983253e+00 3.365993e-04 9.999999e-01 -3.532801e-04 -3.175722e-01 2.429051e-04 3.531990e-04 9.999999e-01 1.698515e+01
9.999886e-01 3.660271e-04 -4.768335e-03 3.182713e+00 -3.605396e-04 9.999993e-01 1.151653e-03 -2.892493e-01 4.768753e-03 -1.149921e-03 9.999880e-01 1.705224e+01
9.999998e-01 -4.006055e-04 5.703806e-04 2.733745e+00 4.009466e-04 9.999997e-01 -5.979149e-04 -2.682562e-01 -5.701406e-04 5.981441e-04 9.999997e-01 1.742620e+01
9.999935e-01 6.571404e-04 -3.548606e-03 2.917458e+00 -6.545229e-04 9.999995e-01 7.387483e-04 -2.903120e-01 3.549090e-03 -7.364215e-04 9.999934e-01 1.806931e+01
9.999995e-01 -2.672998e-04 9.660804e-04 3.521126e+00 2.678786e-04 9.999998e-01 -5.988733e-04 -3.236463e-01 -9.659198e-04 5.991325e-04 9.999994e-01 1.861579e+01
9.999939e-01 7.005398e-04 -3.430839e-03 4.260943e+00 -6.978987e-04 9.999995e-01 7.709684e-04 -3.533935e-01 3.431377e-03 -7.685700e-04 9.999938e-01 1.907600e+01
9.999998e-01 -4.295170e-04 4.615504e-04 4.492134e+00 4.298280e-04 9.999997e-01 -6.736544e-04 -3.799424e-01 -4.612606e-04 6.738534e-04 9.999997e-01 1.975121e+01
9.999892e-01 4.058267e-04 -4.625744e-03 4.103953e+00 -4.005908e-04 9.999993e-01 1.132802e-03 -3.622757e-01 4.626200e-03 -1.130938e-03 9.999887e-01 2.015771e+01
9.999994e-01 -4.809322e-04 9.799856e-04 3.791025e+00 4.817615e-04 9.999995e-01 -8.460449e-04 -3.478596e-01 -9.795779e-04 8.465172e-04 9.999992e-01 2.084661e+01
9.999931e-01 6.948832e-04 -3.659735e-03 4.029762e+00 -6.913712e-04 9.999993e-01 9.608485e-04 -3.735135e-01 3.660400e-03 -9.583123e-04 9.999928e-01 2.142513e+01
9.999998e-01 -6.720311e-04 -1.532865e-04 3.850623e+00 6.719499e-04 9.999996e-01 -5.293415e-04 -3.692589e-01 1.536425e-04 5.292391e-04 9.999998e-01 2.173609e+01
9.999862e-01 7.816147e-04 -5.188617e-03 3.035746e+00 -7.744617e-04 9.999987e-01 1.380484e-03 -3.418130e-01 5.189689e-03 -1.376447e-03 9.999856e-01 2.170799e+01
9.999984e-01 -5.937069e-04 1.668244e-03 3.054534e+00 5.952750e-04 9.999994e-01 -9.395650e-04 -3.417801e-01 -1.667685e-03 9.405573e-04 9.999982e-01 2.204018e+01
9.999893e-01 6.725687e-04 -4.566195e-03 3.209765e+00 -6.676486e-04 9.999992e-01 1.078965e-03 -3.639252e-01 4.566917e-03 -1.075906e-03 9.999890e-01 2.273410e+01
9.999988e-01 -5.755298e-04 1.430479e-03 3.256549e+00 5.768316e-04 9.999994e-01 -9.097186e-04 -3.806892e-01 -1.429954e-03 9.105433e-04 9.999986e-01 2.344517e+01
9.999812e-01 5.793359e-04 -6.099746e-03 2.624371e+00 -5.700852e-04 9.999987e-01 1.518233e-03 -3.440154e-01 6.100617e-03 -1.514728e-03 9.999802e-01 2.409783e+01
9.999986e-01 -5.873908e-04 1.555789e-03 1.949951e+00 5.886032e-04 9.999995e-01 -7.789198e-04 -3.041114e-01 -1.555331e-03 7.798352e-04 9.999985e-01 2.462247e+01
9.999872e-01 7.047026e-04 -5.015441e-03 1.932508e+00 -6.992872e-04 9.999992e-01 1.081440e-03 -3.134854e-01 5.016198e-03 -1.077920e-03 9.999868e-01 2.518420e+01
9.999991e-01 -6.987473e-04 1.160802e-03 1.720820e+00 6.995509e-04 9.999995e-01 -6.919818e-04 -3.099823e-01 -1.160317e-03 6.927939e-04 9.999991e-01 2.566808e+01
9.999856e-01 7.722504e-04 -5.317237e-03 1.443567e+00 -7.655400e-04 9.999989e-01 1.263951e-03 -2.997259e-01 5.318206e-03 -1.259863e-03 9.999851e-01 2.600665e+01
9.999994e-01 -7.560980e-04 8.309703e-04 8.715672e-01 7.566116e-04 9.999995e-01 -6.178528e-04 -2.717971e-01 -8.305025e-04 6.184819e-04 9.999995e-01 2.636039e+01
9.999864e-01 7.739751e-04 -5.166715e-03 3.788804e-01 -7.674140e-04 9.999989e-01 1.271763e-03 -2.488803e-01 5.167693e-03 -1.267782e-03 9.999858e-01 2.670408e+01
9.999992e-01 -6.949399e-04 1.029737e-03 -5.416275e-02 6.957081e-04 9.999995e-01 -7.457092e-04 -2.371642e-01 -1.029218e-03 7.464257e-04 9.999992e-01 2.704487e+01
9.999927e-01 7.677114e-04 -3.755967e-03 8.653357e-02 -7.643987e-04 9.999993e-01 8.833865e-04 -2.455184e-01 3.756642e-03 -8.805096e-04 9.999926e-01 2.765563e+01
9.999996e-01 -7.137715e-04 4.571297e-04 -5.963136e-02 7.140839e-04 9.999995e-01 -6.831763e-04 -2.475023e-01 -4.566416e-04 6.835032e-04 9.999997e-01 2.838188e+01
9.999929e-01 8.190133e-04 -3.690795e-03 -5.094561e-02 -8.156132e-04 9.999992e-01 9.226795e-04 -2.566964e-01 3.691548e-03 -9.196633e-04 9.999928e-01 2.902385e+01
9.999994e-01 -4.940514e-04 9.653321e-04 2.675737e-01 4.948085e-04 9.999996e-01 -7.840530e-04 -2.865008e-01 -9.649440e-04 7.845309e-04 9.999992e-01 2.974116e+01
9.999867e-01 5.184459e-04 -5.130063e-03 -2.664300e-01 -5.123198e-04 9.999992e-01 1.195407e-03 -2.547423e-01 5.130678e-03 -1.192764e-03 9.999861e-01 3.062427e+01
9.999995e-01 -5.914832e-04 8.642806e-04 -9.860478e-01 5.919398e-04 9.999997e-01 -5.279931e-04 -2.064268e-01 -8.639677e-04 5.285051e-04 9.999995e-01 3.151381e+01
9.999892e-01 6.518887e-04 -4.603538e-03 -1.122812e+00 -6.477118e-04 9.999994e-01 9.087710e-04 -2.058336e-01 4.604128e-03 -9.057801e-04 9.999890e-01 3.204851e+01
9.999998e-01 -6.202669e-04 -2.117613e-04 -1.731320e+00 6.202113e-04 9.999998e-01 -2.630977e-04 -1.880827e-01 2.119248e-04 2.629670e-04 9.999999e-01 3.211121e+01
9.999906e-01 6.304798e-04 -4.280043e-03 -2.350789e+00 -6.265421e-04 9.999994e-01 9.213064e-04 -1.553980e-01 4.280621e-03 -9.186169e-04 9.999904e-01 3.252027e+01
9.999998e-01 -5.980100e-04 -2.969660e-04 -2.938048e+00 5.979333e-04 9.999998e-01 -2.587798e-04 -1.276903e-01 2.971210e-04 2.586028e-04 9.999999e-01 3.285958e+01
9.999864e-01 6.568301e-04 -5.166796e-03 -4.025937e+00 -6.501829e-04 9.999990e-01 1.288113e-03 -8.399972e-02 5.167637e-03 -1.284737e-03 9.999858e-01 3.291641e+01
9.999997e-01 -6.455517e-04 4.162475e-04 -4.675773e+00 6.457850e-04 9.999996e-01 -5.601237e-04 -6.176288e-02 -4.158855e-04 5.603930e-04 9.999998e-01 3.303703e+01
9.999929e-01 8.031909e-04 -3.680138e-03 -4.602471e+00 -8.000932e-04 9.999993e-01 8.431734e-04 -7.127626e-02 3.680813e-03 -8.402236e-04 9.999929e-01 3.359662e+01
9.999997e-01 -5.572687e-04 5.541018e-04 -4.417674e+00 5.576346e-04 9.999996e-01 -6.602423e-04 -9.306031e-02 -5.537334e-04 6.605518e-04 9.999996e-01 3.419522e+01
9.999919e-01 6.366854e-04 -3.982184e-03 -4.334963e+00 -6.331842e-04 9.999994e-01 8.804424e-04 -1.123295e-01 3.982742e-03 -8.779145e-04 9.999917e-01 3.464031e+01
9.999997e-01 -6.513898e-04 2.797255e-04 -4.515563e+00 6.515485e-04 9.999996e-01 -5.670005e-04 -1.147688e-01 -2.793557e-04 5.671833e-04 9.999998e-01 3.501429e+01
9.999931e-01 6.211687e-04 -3.674980e-03 -4.573609e+00 -6.184741e-04 9.999995e-01 7.343606e-04 -1.246720e-01 3.675434e-03 -7.320833e-04 9.999930e-01 3.547654e+01
9.999998e-01 -6.207845e-04 -2.898117e-04 -4.777343e+00 6.206570e-04 9.999997e-01 -4.403930e-04 -1.278682e-01 2.900854e-04 4.402137e-04 9.999999e-01 3.562574e+01
9.999921e-01 6.146216e-04 -3.922877e-03 -5.073875e+00 -6.110425e-04 9.999994e-01 9.135362e-04 -1.274414e-01 3.923436e-03 -9.111327e-04 9.999919e-01 3.576402e+01
9.999998e-01 -5.987360e-04 3.650306e-04 -5.474504e+00 5.989178e-04 9.999997e-01 -4.977813e-04 -1.202658e-01 -3.647321e-04 4.980005e-04 9.999998e-01 3.645295e+01
9.999937e-01 6.808470e-04 -3.490490e-03 -5.510481e+00 -6.777432e-04 9.999994e-01 8.903655e-04 -1.306493e-01 3.491094e-03 -8.879949e-04 9.999935e-01 3.704890e+01
9.999998e-01 -5.543449e-04 2.741885e-04 -5.316549e+00 5.545118e-04 9.999997e-01 -6.085785e-04 -1.521881e-01 -2.738507e-04 6.087311e-04 9.999998e-01 3.742068e+01
9.999940e-01 6.586722e-04 -3.391163e-03 -5.135051e+00 -6.556828e-04 9.999994e-01 8.826077e-04 -1.752010e-01 3.391742e-03 -8.803796e-04 9.999939e-01 3.786288e+01
9.999999e-01 -4.591719e-04 1.222344e-04 -4.992884e+00 4.592456e-04 9.999997e-01 -6.023806e-04 -1.963981e-01 -1.219574e-04 6.024374e-04 9.999998e-01 3.836390e+01
9.999961e-01 6.668294e-04 -2.721961e-03 -4.773138e+00 -6.648228e-04 9.999995e-01 7.380834e-04 -2.200157e-01 2.722451e-03 -7.362716e-04 9.999960e-01 3.912818e+01
9.999999e-01 -3.665496e-04 2.330237e-04 -4.471592e+00 3.667003e-04 9.999997e-01 -6.463694e-04 -2.524314e-01 -2.327864e-04 6.464555e-04 9.999998e-01 3.991065e+01
9.999930e-01 4.977496e-04 -3.704302e-03 -4.352992e+00 -4.947596e-04 9.999996e-01 8.080727e-04 -2.640864e-01 3.704703e-03 -8.062350e-04 9.999928e-01 4.026662e+01
9.999998e-01 -5.148908e-04 -3.263766e-04 -4.766447e+00 5.147651e-04 9.999998e-01 -3.854568e-04 -2.505557e-01 3.265753e-04 3.852894e-04 9.999999e-01 4.058845e+01
9.999921e-01 6.738621e-04 -3.905240e-03 -5.009034e+00 -6.712212e-04 9.999995e-01 6.775370e-04 -2.472940e-01 3.905694e-03 -6.749111e-04 9.999921e-01 3.980777e+01
9.999999e-01 -3.226783e-04 3.348745e-04 -5.224524e+00 3.228524e-04 9.999998e-01 -5.194737e-04 -2.339967e-01 -3.347065e-04 5.195825e-04 9.999998e-01 3.811421e+01
9.999989e-01 4.139265e-04 -1.409031e-03 -5.035540e+00 -4.130005e-04 9.999997e-01 6.575150e-04 -2.784429e-01 1.409302e-03 -6.569331e-04 9.999988e-01 3.988919e+01
9.999999e-01 6.778397e-05 4.258573e-04 -4.645606e+00 -6.747607e-05 9.999997e-01 -7.226151e-04 -3.450304e-01 -4.259059e-04 7.225870e-04 9.999996e-01 4.143524e+01
9.999942e-01 8.272344e-05 -3.394652e-03 -4.642335e+00 -8.029921e-05 9.999997e-01 7.143103e-04 -3.329863e-01 3.394710e-03 -7.140343e-04 9.999940e-01 3.993031e+01
1.000000e+00 1.489349e-04 -2.726408e-04 -4.765731e+00 -1.491066e-04 9.999998e-01 -6.303822e-04 -3.239813e-01 2.725472e-04 6.304236e-04 9.999998e-01 3.848336e+01
9.999933e-01 -1.915283e-04 -3.644637e-03 -5.010877e+00 1.950035e-04 9.999995e-01 9.532243e-04 -3.238373e-01 3.644452e-03 -9.539294e-04 9.999929e-01 3.855432e+01
9.999999e-01 2.308876e-04 -2.868232e-04 -5.548208e+00 -2.310451e-04 9.999998e-01 -5.497694e-04 -3.139488e-01 2.866965e-04 5.498363e-04 9.999998e-01 3.903981e+01
9.999931e-01 -2.910106e-04 -3.698262e-03 -6.173985e+00 2.951877e-04 9.999993e-01 1.129031e-03 -2.971160e-01 3.697930e-03 -1.130116e-03 9.999925e-01 3.932172e+01
9.999999e-01 3.395481e-04 -2.061016e-04 -6.245299e+00 -3.397143e-04 9.999996e-01 -8.079823e-04 -2.980891e-01 2.058275e-04 8.080530e-04 9.999997e-01 3.931712e+01
9.999960e-01 -2.805693e-04 -2.817957e-03 -5.859668e+00 2.833985e-04 9.999995e-01 1.003701e-03 -3.087847e-01 2.817674e-03 -1.004496e-03 9.999955e-01 3.920027e+01
9.999998e-01 5.187327e-04 -1.906737e-04 -5.418259e+00 -5.188751e-04 9.999996e-01 -7.484527e-04 -3.319175e-01 1.902857e-04 7.485522e-04 9.999997e-01 3.947463e+01
9.999966e-01 -3.451986e-04 -2.586546e-03 -5.067408e+00 3.472191e-04 9.999996e-01 7.808048e-04 -3.505039e-01 2.586275e-03 -7.817009e-04 9.999964e-01 3.992930e+01
9.999996e-01 5.173842e-04 7.424919e-04 -4.416401e+00 -5.168867e-04 9.999996e-01 -6.698236e-04 -3.872105e-01 -7.428378e-04 6.694402e-04 9.999995e-01 4.062192e+01
9.999960e-01 -2.880080e-04 -2.798903e-03 -3.722570e+00 2.897944e-04 9.999998e-01 6.379354e-04 -4.155765e-01 2.798718e-03 -6.387446e-04 9.999959e-01 4.094724e+01
9.999999e-01 3.191703e-04 -2.335770e-04 -3.507642e+00 -3.193007e-04 9.999998e-01 -5.592486e-04 -4.114098e-01 2.333987e-04 5.593239e-04 9.999998e-01 4.008986e+01
9.999906e-01 -2.615179e-04 -4.319423e-03 -3.948282e+00 2.662593e-04 9.999994e-01 1.097213e-03 -4.012056e-01 4.319133e-03 -1.098353e-03 9.999901e-01 3.971383e+01
9.999999e-01 2.771892e-04 2.223893e-04 -4.197567e+00 -2.770541e-04 9.999998e-01 -6.062939e-04 -3.968165e-01 -2.225570e-04 6.062329e-04 9.999998e-01 3.989368e+01
9.999922e-01 -3.179564e-04 -3.948977e-03 -4.260148e+00 3.214088e-04 9.999996e-01 8.737006e-04 -4.049881e-01 3.948697e-03 -8.749637e-04 9.999918e-01 3.986494e+01
9.999999e-01 2.780376e-04 4.447470e-04 -4.240391e+00 -2.777494e-04 9.999998e-01 -6.476014e-04 -4.062860e-01 -4.449267e-04 6.474785e-04 9.999997e-01 3.953674e+01
9.999921e-01 -3.127888e-04 -3.970506e-03 -4.246432e+00 3.164748e-04 9.999995e-01 9.277753e-04 -4.028181e-01 3.970214e-03 -9.290252e-04 9.999917e-01 3.899815e+01
9.999999e-01 3.042016e-04 1.725427e-04 -4.307637e+00 -3.040893e-04 9.999997e-01 -6.496722e-04 -4.020027e-01 -1.727400e-04 6.496204e-04 9.999998e-01 3.854867e+01
9.999938e-01 -2.152593e-04 -3.508681e-03 -3.949524e+00 2.183605e-04 9.999996e-01 8.835657e-04 -4.154669e-01 3.508489e-03 -8.843271e-04 9.999935e-01 3.842681e+01
9.999997e-01 2.517486e-04 7.156156e-04 -3.520640e+00 -2.511871e-04 9.999997e-01 -7.843759e-04 -4.345242e-01 -7.158125e-04 7.841966e-04 9.999994e-01 3.849866e+01
9.999927e-01 -1.992151e-04 -3.805023e-03 -3.258123e+00 2.025598e-04 9.999996e-01 8.787149e-04 -4.465926e-01 3.804846e-03 -8.794800e-04 9.999924e-01 3.833952e+01
9.999994e-01 1.308209e-04 1.082953e-03 -2.919884e+00 -1.299592e-04 9.999997e-01 -7.955743e-04 -4.576533e-01 -1.083056e-03 7.954338e-04 9.999991e-01 3.808500e+01
9.999937e-01 -7.396745e-05 -3.549354e-03 -2.673050e+00 7.705972e-05 9.999996e-01 8.711421e-04 -4.884551e-01 3.549288e-03 -8.714108e-04 9.999933e-01 3.879350e+01
9.999988e-01 4.709822e-04 1.462665e-03 -2.137866e+00 -4.697064e-04 9.999995e-01 -8.723550e-04 -5.353692e-01 -1.463075e-03 8.716676e-04 9.999985e-01 3.974748e+01
9.999924e-01 -2.166877e-04 -3.895645e-03 -1.629681e+00 2.203261e-04 9.999995e-01 9.336141e-04 -5.682075e-01 3.895440e-03 -9.344660e-04 9.999920e-01 4.017369e+01
9.999996e-01 1.189676e-04 8.728344e-04 -1.435820e+00 -1.182821e-04 9.999997e-01 -7.851240e-04 -5.789607e-01 -8.729272e-04 7.850211e-04 9.999993e-01 4.011509e+01
9.999921e-01 -1.253169e-04 -3.964619e-03 -1.221211e+00 1.294588e-04 9.999994e-01 1.044511e-03 -5.992135e-01 3.964486e-03 -1.045016e-03 9.999916e-01 4.035931e+01
9.999991e-01 2.548647e-04 1.330088e-03 -1.045727e+00 -2.536385e-04 9.999995e-01 -9.218783e-04 -6.285301e-01 -1.330322e-03 9.215408e-04 9.999987e-01 4.109706e+01
9.999921e-01 -9.406388e-05 -3.966790e-03 -8.973555e-01 9.814486e-05 9.999995e-01 1.028651e-03 -6.574522e-01 3.966691e-03 -1.029033e-03 9.999916e-01 4.187239e+01
9.999989e-01 2.470280e-04 1.463737e-03 -7.873659e-01 -2.456196e-04 9.999995e-01 -9.621693e-04 -6.810992e-01 -1.463973e-03 9.618094e-04 9.999985e-01 4.277137e+01
9.999934e-01 -1.549071e-04 -3.630669e-03 -7.109205e-01 1.581945e-04 9.999996e-01 9.052332e-04 -7.090715e-01 3.630527e-03 -9.058023e-04 9.999930e-01 4.385348e+01
9.999999e-01 2.188891e-04 4.402156e-04 -6.375447e-01 -2.185782e-04 9.999997e-01 -7.055509e-04 -7.279188e-01 -4.403696e-04 7.054552e-04 9.999997e-01 4.437589e+01
9.999920e-01 -1.591089e-04 -4.000652e-03 -6.563758e-01 1.632601e-04 9.999994e-01 1.037381e-03 -7.390323e-01 4.000484e-03 -1.038026e-03 9.999915e-01 4.475085e+01
9.999997e-01 1.671358e-04 -7.816402e-04 -1.413866e+00 -1.673575e-04 9.999999e-01 -2.838323e-04 -7.034064e-01 7.815930e-04 2.839637e-04 9.999997e-01 4.511638e+01
9.999925e-01 -1.882126e-04 -3.862030e-03 -2.112546e+00 1.924989e-04 9.999994e-01 1.109577e-03 -6.663448e-01 3.861819e-03 -1.110312e-03 9.999919e-01 4.552418e+01
9.999999e-01 2.655105e-04 3.642853e-04 -2.026139e+00 -2.652266e-04 9.999997e-01 -7.786657e-04 -6.749792e-01 -3.644916e-04 7.785697e-04 9.999996e-01 4.575018e+01
9.999932e-01 -3.041044e-04 -3.680645e-03 -2.233657e+00 3.081066e-04 9.999994e-01 1.086903e-03 -6.738784e-01 3.680311e-03 -1.088031e-03 9.999926e-01 4.638332e+01
9.999997e-01 4.090246e-04 6.816437e-04 -2.153641e+00 -4.084647e-04 9.999996e-01 -8.210178e-04 -6.936487e-01 -6.819789e-04 8.207398e-04 9.999994e-01 4.698243e+01
9.999919e-01 -4.357978e-04 -3.991097e-03 -1.900432e+00 4.400461e-04 9.999993e-01 1.063680e-03 -7.070377e-01 3.990631e-03 -1.065429e-03 9.999915e-01 4.694631e+01
9.999997e-01 4.366666e-04 5.644059e-04 -1.642682e+00 -4.362056e-04 9.999996e-01 -8.162345e-04 -7.158573e-01 -5.647618e-04 8.159888e-04 9.999995e-01 4.687076e+01
9.999897e-01 -4.726343e-04 -4.517510e-03 -2.044034e+00 4.786743e-04 9.999990e-01 1.336064e-03 -7.019493e-01 4.516873e-03 -1.338214e-03 9.999889e-01 4.729448e+01
9.999995e-01 3.982823e-04 9.475204e-04 -2.655609e+00 -3.975107e-04 9.999996e-01 -8.141705e-04 -6.802511e-01 -9.478440e-04 8.137941e-04 9.999992e-01 4.809141e+01
9.999924e-01 -4.913786e-04 -3.872530e-03 -3.246827e+00 4.961541e-04 9.999991e-01 1.232360e-03 -6.651956e-01 3.871921e-03 -1.234272e-03 9.999917e-01 4.924073e+01
9.999990e-01 4.389371e-04 1.357933e-03 -3.716366e+00 -4.376995e-04 9.999995e-01 -9.113597e-04 -6.569419e-01 -1.358332e-03 9.107651e-04 9.999987e-01 5.049351e+01
9.999925e-01 -5.176723e-04 -3.838939e-03 -4.062187e+00 5.222688e-04 9.999991e-01 1.196479e-03 -6.531855e-01 3.838316e-03 -1.198475e-03 9.999919e-01 5.170404e+01
9.999997e-01 4.260006e-04 5.815067e-04 -4.438009e+00 -4.255203e-04 9.999996e-01 -8.254918e-04 -6.414969e-01 -5.818578e-04 8.252448e-04 9.999995e-01 5.261252e+01
9.999929e-01 -3.396330e-04 -3.747704e-03 -4.545873e+00 3.442268e-04 9.999992e-01 1.225254e-03 -6.451775e-01 3.747285e-03 -1.226536e-03 9.999922e-01 5.331960e+01
9.999992e-01 6.626868e-04 1.076909e-03 -4.189850e+00 -6.617664e-04 9.999994e-01 -8.545952e-04 -6.727348e-01 -1.077474e-03 8.538825e-04 9.999991e-01 5.387034e+01
9.999918e-01 -4.516055e-04 -4.028434e-03 -3.921419e+00 4.562600e-04 9.999992e-01 1.154635e-03 -6.924000e-01 4.027909e-03 -1.156464e-03 9.999912e-01 5.422460e+01
9.999996e-01 6.643722e-04 5.504082e-04 -3.843420e+00 -6.639592e-04 9.999995e-01 -7.498449e-04 -7.041343e-01 -5.509058e-04 7.494799e-04 9.999996e-01 5.462245e+01
9.999928e-01 -4.510262e-04 -3.760215e-03 -3.796601e+00 4.551870e-04 9.999993e-01 1.105801e-03 -7.154358e-01 3.759713e-03 -1.107506e-03 9.999923e-01 5.522990e+01
9.999994e-01 6.608860e-04 8.486520e-04 -3.649593e+00 -6.602656e-04 9.999995e-01 -7.309524e-04 -7.313917e-01 -8.491344e-04 7.303924e-04 9.999994e-01 5.578658e+01
9.999927e-01 -5.545092e-04 -3.783681e-03 -3.589616e+00 5.581528e-04 9.999994e-01 9.620580e-04 -7.516527e-01 3.783145e-03 -9.641635e-04 9.999924e-01 5.653411e+01
9.999998e-01 5.069294e-04 -4.666078e-04 -4.307682e+00 -5.070615e-04 9.999998e-01 -2.834528e-04 -7.253752e-01 4.664643e-04 2.836901e-04 9.999999e-01 5.698382e+01
9.999935e-01 -5.063698e-04 -3.556353e-03 -4.738927e+00 5.095252e-04 9.999995e-01 8.864870e-04 -7.151159e-01 3.555902e-03 -8.882940e-04 9.999933e-01 5.726206e+01
9.999997e-01 4.926645e-04 -6.450946e-04 -5.144261e+00 -4.928596e-04 9.999998e-01 -3.025541e-04 -6.995857e-01 6.449457e-04 3.028726e-04 9.999997e-01 5.754641e+01
9.999934e-01 -5.028466e-04 -3.611790e-03 -5.634514e+00 5.063761e-04 9.999994e-01 9.764406e-04 -6.737028e-01 3.611296e-03 -9.782637e-04 9.999930e-01 5.793633e+01
9.999998e-01 4.869041e-04 -2.960627e-04 -5.870875e+00 -4.870443e-04 9.999998e-01 -4.744216e-04 -6.618240e-01 2.958319e-04 4.745664e-04 9.999998e-01 5.825585e+01
9.999931e-01 -4.777536e-04 -3.672150e-03 -6.195478e+00 4.814631e-04 9.999994e-01 1.009430e-03 -6.514283e-01 3.671665e-03 -1.011192e-03 9.999927e-01 5.855661e+01
9.999996e-01 5.362997e-04 -6.727323e-04 -6.620877e+00 -5.365720e-04 9.999998e-01 -4.051114e-04 -6.407911e-01 6.725152e-04 4.054729e-04 9.999997e-01 5.864973e+01
9.999913e-01 -5.343611e-04 -4.142934e-03 -7.397369e+00 5.389977e-04 9.999992e-01 1.118167e-03 -6.084354e-01 4.142333e-03 -1.120391e-03 9.999908e-01 5.872725e+01
9.999998e-01 4.841414e-04 3.020745e-04 -7.835466e+00 -4.839518e-04 9.999997e-01 -6.267641e-04 -5.833569e-01 -3.023775e-04 6.266184e-04 9.999998e-01 5.894504e+01
9.999935e-01 -4.869249e-04 -3.560671e-03 -7.643399e+00 4.899671e-04 9.999995e-01 8.536351e-04 -5.786192e-01 3.560253e-03 -8.553749e-04 9.999933e-01 5.877299e+01
9.999996e-01 6.268385e-04 5.689147e-04 -7.021287e+00 -6.265086e-04 9.999996e-01 -5.794338e-04 -5.857545e-01 -5.692774e-04 5.790779e-04 9.999997e-01 5.857185e+01
9.999940e-01 -3.474468e-04 -3.458925e-03 -6.471985e+00 3.504117e-04 9.999996e-01 8.566468e-04 -6.083866e-01 3.458625e-03 -8.578544e-04 9.999937e-01 5.882729e+01
9.999996e-01 6.094660e-04 7.052563e-04 -6.108199e+00 -6.090181e-04 9.999996e-01 -6.347792e-04 -6.350285e-01 -7.056426e-04 6.343501e-04 9.999995e-01 5.930641e+01
9.999930e-01 -3.377045e-04 -3.734591e-03 -5.710532e+00 3.413435e-04 9.999995e-01 9.738694e-04 -6.580739e-01 3.734260e-03 -9.751380e-04 9.999926e-01 5.963171e+01
9.999995e-01 4.629646e-04 8.863510e-04 -5.280469e+00 -4.623023e-04 9.999996e-01 -7.469600e-04 -6.720143e-01 -8.866962e-04 7.465505e-04 9.999993e-01 5.975978e+01
9.999925e-01 -3.128395e-04 -3.850925e-03 -4.782784e+00 3.165511e-04 9.999995e-01 9.633104e-04 -6.863130e-01 3.850621e-03 -9.645229e-04 9.999921e-01 5.978970e+01
9.999997e-01 4.226392e-04 6.394401e-04 -4.382014e+00 -4.221476e-04 9.999996e-01 -7.682966e-04 -6.884939e-01 -6.397643e-04 7.680271e-04 9.999995e-01 5.931476e+01
9.999935e-01 -3.251873e-04 -3.594485e-03 -3.847621e+00 3.284198e-04 9.999995e-01 8.988005e-04 -6.886744e-01 3.594191e-03 -8.999758e-04 9.999931e-01 5.884229e+01
9.999994e-01 3.628597e-04 1.004010e-03 -3.251221e+00 -3.620388e-04 9.999996e-01 -8.175095e-04 -6.959006e-01 -1.004306e-03 8.171462e-04 9.999992e-01 5.861463e+01
9.999932e-01 -2.291979e-04 -3.690034e-03 -2.819809e+00 2.326624e-04 9.999995e-01 9.385180e-04 -7.237526e-01 3.689817e-03 -9.393708e-04 9.999928e-01 5.903356e+01
9.999991e-01 5.359425e-04 1.231165e-03 -2.516538e+00 -5.349015e-04 9.999995e-01 -8.455254e-04 -7.604336e-01 -1.231617e-03 8.448668e-04 9.999989e-01 5.988594e+01
9.999915e-01 -2.841652e-04 -4.122366e-03 -2.181911e+00 2.885887e-04 9.999994e-01 1.072551e-03 -7.862436e-01 4.122058e-03 -1.073732e-03 9.999909e-01 6.036093e+01
9.999995e-01 4.186657e-04 8.930376e-04 -1.673758e+00 -4.179756e-04 9.999996e-01 -7.726136e-04 -7.997242e-01 -8.933604e-04 7.722406e-04 9.999993e-01 6.032299e+01
9.999918e-01 -3.419340e-04 -4.029941e-03 -1.477538e+00 3.461587e-04 9.999994e-01 1.047734e-03 -8.076805e-01 4.029580e-03 -1.049121e-03 9.999913e-01 6.049841e+01
9.999996e-01 4.816123e-04 6.993396e-04 -1.115501e+00 -4.810939e-04 9.999996e-01 -7.408759e-04 -8.164890e-01 -6.996959e-04 7.405399e-04 9.999995e-01 6.037865e+01
9.999936e-01 -3.454024e-04 -3.548861e-03 -4.390238e-01 3.489270e-04 9.999994e-01 9.926492e-04 -8.275977e-01 3.548516e-03 -9.938819e-04 9.999932e-01 6.025633e+01
9.999995e-01 5.251759e-04 7.941711e-04 3.025945e-01 -5.245685e-04 9.999996e-01 -7.645906e-04 -8.403501e-01 -7.945720e-04 7.641744e-04 9.999994e-01 6.016182e+01
9.999936e-01 -3.627067e-04 -3.556913e-03 1.015660e+00 3.662622e-04 9.999994e-01 9.990637e-04 -8.537963e-01 3.556548e-03 -1.000361e-03 9.999932e-01 6.008697e+01
9.999995e-01 4.609177e-04 8.989345e-04 1.638116e+00 -4.601528e-04 9.999995e-01 -8.506274e-04 -8.678240e-01 -8.993259e-04 8.502140e-04 9.999992e-01 6.002870e+01
9.999931e-01 -3.865315e-04 -3.706858e-03 2.111319e+00 3.901556e-04 9.999994e-01 9.770725e-04 -8.883057e-01 3.706478e-03 -9.785127e-04 9.999927e-01 6.019682e+01
9.999995e-01 5.844298e-04 8.100933e-04 2.678384e+00 -5.838240e-04 9.999996e-01 -7.475276e-04 -9.103115e-01 -8.105296e-04 7.470549e-04 9.999994e-01 6.037158e+01
9.999929e-01 -2.527466e-04 -3.769918e-03 3.388518e+00 2.565862e-04 9.999994e-01 1.018107e-03 -9.330682e-01 3.769658e-03 -1.019067e-03 9.999924e-01 6.051574e+01
9.999993e-01 5.642722e-04 1.082389e-03 3.987440e+00 -5.633906e-04 9.999995e-01 -8.143608e-04 -9.613832e-01 -1.082848e-03 8.137511e-04 9.999991e-01 6.082247e+01
9.999911e-01 -4.338463e-04 -4.185764e-03 4.480884e+00 4.383493e-04 9.999993e-01 1.075001e-03 -9.804328e-01 4.185295e-03 -1.076827e-03 9.999907e-01 6.089701e+01
9.999986e-01 5.972416e-04 1.578949e-03 5.215256e+00 -5.958546e-04 9.999994e-01 -8.786131e-04 -9.836402e-01 -1.579473e-03 8.776717e-04 9.999984e-01 6.056581e+01
9.999894e-01 -3.260430e-04 -4.582144e-03 5.800112e+00 3.312578e-04 9.999993e-01 1.137402e-03 -1.006679e+00 4.581770e-03 -1.138909e-03 9.999889e-01 6.075343e+01
9.999991e-01 5.777713e-04 1.172770e-03 6.074896e+00 -5.768704e-04 9.999995e-01 -7.681434e-04 -1.022431e+00 -1.173213e-03 7.674669e-04 9.999990e-01 6.105959e+01
9.999913e-01 -2.634722e-04 -4.171449e-03 6.562104e+00 2.677803e-04 9.999994e-01 1.032285e-03 -1.044052e+00 4.171174e-03 -1.033393e-03 9.999908e-01 6.129254e+01
9.999992e-01 5.753451e-04 1.149839e-03 7.058650e+00 -5.743971e-04 9.999995e-01 -8.243975e-04 -1.068253e+00 -1.150312e-03 8.237370e-04 9.999990e-01 6.158199e+01
9.999921e-01 -5.243304e-04 -3.931345e-03 7.526048e+00 5.281278e-04 9.999994e-01 9.650197e-04 -1.081290e+00 3.930837e-03 -9.670890e-04 9.999918e-01 6.161158e+01
9.999989e-01 6.021183e-04 1.368086e-03 7.978590e+00 -6.009525e-04 9.999995e-01 -8.521902e-04 -1.085894e+00 -1.368598e-03 8.513678e-04 9.999987e-01 6.120508e+01
9.999918e-01 -5.273832e-04 -4.016096e-03 8.562433e+00 5.315864e-04 9.999993e-01 1.045642e-03 -1.107474e+00 4.015542e-03 -1.047769e-03 9.999914e-01 6.133727e+01
9.999986e-01 8.391699e-04 1.447153e-03 9.005007e+00 -8.379090e-04 9.999993e-01 -8.714659e-04 -1.135788e+00 -1.447883e-03 8.702528e-04 9.999986e-01 6.193683e+01
9.999931e-01 -5.381681e-04 -3.663521e-03 9.561793e+00 5.425105e-04 9.999992e-01 1.184470e-03 -1.159525e+00 3.662880e-03 -1.186450e-03 9.999926e-01 6.241481e+01
9.999992e-01 7.405650e-04 9.848432e-04 1.018592e+01 -7.396282e-04 9.999993e-01 -9.508996e-04 -1.177755e+00 -9.855465e-04 9.501711e-04 9.999991e-01 6.250083e+01
9.999920e-01 -5.145450e-04 -3.967897e-03 1.056457e+01 5.194237e-04 9.999991e-01 1.228687e-03 -1.200737e+00 3.967261e-03 -1.230739e-03 9.999914e-01 6.282695e+01
9.999988e-01 9.978108e-04 1.173674e-03 1.112543e+01 -9.966434e-04 9.999990e-01 -9.945860e-04 -1.230302e+00 -1.174665e-03 9.934158e-04 9.999988e-01 6.330598e+01
9.999931e-01 -5.736913e-04 -3.657631e-03 1.181774e+01 5.778437e-04 9.999992e-01 1.134403e-03 -1.257834e+00 3.656977e-03 -1.136509e-03 9.999927e-01 6.369580e+01
9.999990e-01 7.402051e-04 1.186248e-03 1.239671e+01 -7.390468e-04 9.999993e-01 -9.762894e-04 -1.277586e+00 -1.186970e-03 9.754125e-04 9.999988e-01 6.395789e+01
9.999935e-01 -5.932375e-04 -3.551581e-03 1.292670e+01 5.970858e-04 9.999992e-01 1.082645e-03 -1.295573e+00 3.550936e-03 -1.084760e-03 9.999931e-01 6.427889e+01
9.999991e-01 8.327429e-04 1.060208e-03 1.339920e+01 -8.318347e-04 9.999993e-01 -8.565196e-04 -1.316733e+00 -1.060921e-03 8.556376e-04 9.999991e-01 6.465401e+01
9.999926e-01 -6.926618e-04 -3.778718e-03 1.377050e+01 6.965702e-04 9.999992e-01 1.033179e-03 -1.337654e+00 3.777999e-03 -1.035805e-03 9.999923e-01 6.494976e+01
9.999991e-01 9.636668e-04 8.798750e-04 1.415299e+01 -9.629726e-04 9.999992e-01 -7.888119e-04 -1.365052e+00 -8.806342e-04 7.879646e-04 9.999993e-01 6.535610e+01
9.999918e-01 -5.417801e-04 -4.014412e-03 1.501020e+01 5.461815e-04 9.999993e-01 1.095450e-03 -1.378337e+00 4.013815e-03 -1.097634e-03 9.999913e-01 6.529499e+01
9.999997e-01 7.377919e-04 1.392870e-04 1.513629e+01 -7.376917e-04 9.999995e-01 -7.159633e-04 -1.381051e+00 -1.398149e-04 7.158610e-04 9.999997e-01 6.557950e+01
9.999940e-01 -3.602761e-04 -3.459619e-03 1.542880e+01 3.637077e-04 9.999994e-01 9.914212e-04 -1.385316e+00 3.459260e-03 -9.926742e-04 9.999935e-01 6.595431e+01
9.999996e-01 6.548806e-04 5.256125e-04 1.641025e+01 -6.544747e-04 9.999995e-01 -7.715298e-04 -1.387646e+00 -5.261172e-04 7.711862e-04 9.999996e-01 6.563804e+01
9.999942e-01 -3.166143e-04 -3.403993e-03 1.732165e+01 3.200803e-04 9.999994e-01 1.017776e-03 -1.400678e+00 3.403669e-03 -1.018861e-03 9.999937e-01 6.557934e+01
9.999998e-01 6.034619e-04 3.158097e-04 1.798938e+01 -6.032224e-04 9.999995e-01 -7.569366e-04 -1.415334e+00 -3.162661e-04 7.567465e-04 9.999997e-01 6.562504e+01
9.999938e-01 -4.955488e-04 -3.498654e-03 1.859137e+01 4.989130e-04 9.999994e-01 9.608266e-04 -1.422225e+00 3.498175e-03 -9.625667e-04 9.999934e-01 6.562770e+01
9.999992e-01 1.056788e-03 7.269661e-04 1.934066e+01 -1.056248e-03 9.999992e-01 -7.424745e-04 -1.455046e+00 -7.277499e-04 7.417067e-04 9.999995e-01 6.616827e+01
9.999953e-01 -4.280974e-04 -3.024709e-03 2.018295e+01 4.308511e-04 9.999995e-01 9.098920e-04 -1.489999e+00 3.024317e-03 -9.111916e-04 9.999950e-01 6.663652e+01
9.999997e-01 6.652765e-04 4.003925e-04 2.079483e+01 -6.649611e-04 9.999995e-01 -7.864864e-04 -1.516073e+00 -4.009153e-04 7.862206e-04 9.999996e-01 6.696697e+01
9.999922e-01 -6.005721e-04 -3.890913e-03 2.060383e+01 6.049984e-04 9.999992e-01 1.136591e-03 -1.517300e+00 3.890226e-03 -1.138937e-03 9.999918e-01 6.754375e+01
9.999997e-01 7.254292e-04 6.794870e-05 2.048294e+01 -7.253786e-04 9.999995e-01 -7.375023e-04 -1.519255e+00 -6.848342e-05 7.374535e-04 9.999997e-01 6.779318e+01
9.999951e-01 -6.507973e-04 -3.065450e-03 2.072489e+01 6.536950e-04 9.999993e-01 9.444915e-04 -1.538193e+00 3.064833e-03 -9.464914e-04 9.999949e-01 6.811699e+01
9.999994e-01 1.110292e-03 9.639926e-05 2.155658e+01 -1.110232e-03 9.999992e-01 -6.182602e-04 -1.564931e+00 -9.708538e-05 6.181535e-04 9.999998e-01 6.836795e+01
9.999978e-01 -6.645046e-04 -1.992228e-03 2.273520e+01 6.661010e-04 9.999995e-01 8.009367e-04 -1.589580e+00 1.991695e-03 -8.022626e-04 9.999977e-01 6.848244e+01
9.999979e-01 6.806829e-04 -1.932248e-03 2.253179e+01 -6.814309e-04 9.999997e-01 -3.866305e-04 -1.587331e+00 1.931984e-03 3.879470e-04 9.999981e-01 6.882129e+01
9.999967e-01 -6.805367e-04 -2.464477e-03 2.199491e+01 6.829866e-04 9.999993e-01 9.934616e-04 -1.565803e+00 2.463799e-03 -9.951422e-04 9.999965e-01 6.910526e+01
9.999992e-01 7.231226e-04 -1.045072e-03 2.216404e+01 -7.240045e-04 9.999994e-01 -8.439638e-04 -1.563503e+00 1.044461e-03 8.447204e-04 9.999991e-01 6.832624e+01
9.999976e-01 -7.274249e-04 -2.071091e-03 2.248007e+01 7.293817e-04 9.999993e-01 9.443775e-04 -1.569965e+00 2.070403e-03 -9.458865e-04 9.999974e-01 6.794177e+01
9.999994e-01 9.663443e-04 -6.043981e-04 2.293928e+01 -9.668087e-04 9.999992e-01 -7.690118e-04 -1.597878e+00 6.036547e-04 7.695963e-04 9.999995e-01 6.834799e+01
9.999978e-01 -5.628980e-04 -2.045126e-03 2.365604e+01 5.648483e-04 9.999994e-01 9.533168e-04 -1.625895e+00 2.044588e-03 -9.544705e-04 9.999975e-01 6.869213e+01
9.999995e-01 9.106022e-04 -4.268022e-04 2.428978e+01 -9.109570e-04 9.999992e-01 -8.323817e-04 -1.654771e+00 4.260442e-04 8.327708e-04 9.999996e-01 6.907824e+01
9.999971e-01 -8.220162e-04 -2.274758e-03 2.473985e+01 8.239848e-04 9.999993e-01 8.647496e-04 -1.669822e+00 2.274046e-03 -8.666221e-04 9.999970e-01 6.905864e+01
9.999996e-01 8.699819e-04 -8.476903e-05 2.543199e+01 -8.700501e-04 9.999993e-01 -8.120509e-04 -1.682454e+00 8.406275e-05 8.121250e-04 9.999997e-01 6.883983e+01
9.999977e-01 -6.978102e-04 -2.005594e-03 2.623196e+01 6.995326e-04 9.999994e-01 8.583933e-04 -1.698104e+00 2.004993e-03 -8.597950e-04 9.999976e-01 6.880011e+01
9.999994e-01 7.896105e-04 -7.111492e-04 2.679522e+01 -7.901345e-04 9.999994e-01 -7.372524e-04 -1.702690e+00 7.105669e-04 7.378145e-04 9.999995e-01 6.840166e+01
9.999979e-01 -7.220931e-04 -1.938776e-03 2.754204e+01 7.238178e-04 9.999993e-01 8.891406e-04 -1.711086e+00 1.938133e-03 -8.905427e-04 9.999977e-01 6.819814e+01
9.999982e-01 8.953890e-04 -1.649330e-03 2.759934e+01 -8.963799e-04 9.999994e-01 -6.003529e-04 -1.722052e+00 1.648792e-03 6.018309e-04 9.999985e-01 6.867529e+01
9.999991e-01 -4.460440e-04 -1.249874e-03 2.806127e+01 4.470099e-04 9.999996e-01 7.728425e-04 -1.745828e+00 1.249529e-03 -7.734012e-04 9.999989e-01 6.920133e+01
9.999973e-01 6.842174e-04 -2.234387e-03 2.829288e+01 -6.853062e-04 9.999996e-01 -4.866873e-04 -1.761427e+00 2.234054e-03 4.882178e-04 9.999974e-01 6.956184e+01
9.999968e-01 -6.507499e-04 -2.447941e-03 2.755107e+01 6.538628e-04 9.999990e-01 1.271179e-03 -1.729569e+00 2.447111e-03 -1.272776e-03 9.999962e-01 6.986393e+01
9.999992e-01 8.056431e-04 -9.713682e-04 2.736333e+01 -8.064245e-04 9.999994e-01 -8.046452e-04 -1.726084e+00 9.707195e-04 8.054286e-04 9.999992e-01 7.073747e+01
9.999993e-01 -1.604012e-04 -1.163299e-03 2.789678e+01 1.615757e-04 9.999995e-01 1.009837e-03 -1.754269e+00 1.163136e-03 -1.010025e-03 9.999988e-01 7.186356e+01
