9.999989e-01 3.897689e-04 -1.413629e-03 3.360659e-01 -3.901419e-04 9.999999e-01 -2.635656e-04 -4.484969e-02 1.413526e-03 2.641161e-04 9.999990e-01 1.531042e+00
9.999998e-01 -7.928789e-05 -6.468565e-04 6.200347e-01 7.937699e-05 1.000000e+00 1.376798e-04 -8.560577e-02 6.468459e-04 -1.377304e-04 9.999998e-01 2.770717e+00
9.999980e-01 2.514884e-04 -1.987800e-03 8.166740e-01 -2.518069e-04 1.000000e+00 -1.599607e-04 -1.186868e-01 1.987760e-03 1.604602e-04 9.999980e-01 3.560514e+00
9.999998e-01 -8.976984e-05 -5.741059e-04 1.008342e+00 8.985009e-05 1.000000e+00 1.397020e-04 -1.506096e-01 5.740937e-04 -1.397528e-04 9.999998e-01 4.405422e+00
9.999987e-01 3.063682e-04 -1.590863e-03 1.247266e+00 -3.067743e-04 9.999999e-01 -2.550011e-04 -1.891533e-01 1.590785e-03 2.554881e-04 9.999987e-01 5.494111e+00
9.999999e-01 -1.499784e-04 -3.934062e-04 1.413746e+00 1.500213e-04 1.000000e+00 1.088780e-04 -2.258511e-01 3.933902e-04 -1.089363e-04 9.999999e-01 6.684964e+00
9.999970e-01 2.800473e-04 -2.414797e-03 1.588381e+00 -2.802793e-04 1.000000e+00 -9.574601e-05 -2.529072e-01 2.414770e-03 9.642183e-05 9.999971e-01 7.357442e+00
9.999999e-01 -2.336421e-04 -4.456847e-04 1.915542e+00 2.337267e-04 1.000000e+00 1.897282e-04 -2.661417e-01 4.456407e-04 -1.898316e-04 9.999999e-01 7.336706e+00
9.999968e-01 3.015275e-04 -2.493109e-03 2.094016e+00 -3.018053e-04 9.999999e-01 -1.110593e-04 -2.871611e-01 2.493075e-03 1.118107e-04 9.999969e-01 7.881513e+00
9.999999e-01 -2.712260e-04 -2.753229e-04 2.121420e+00 2.712713e-04 9.999999e-01 1.644978e-04 -3.035454e-01 2.752786e-04 -1.645717e-04 9.999999e-01 8.659648e+00
9.999960e-01 4.530656e-04 -2.792221e-03 2.539075e+00 -4.530756e-04 9.999999e-01 -2.927371e-06 -3.241921e-01 2.792219e-03 4.191734e-06 9.999961e-01 8.895175e+00
9.999999e-01 -2.535455e-04 -3.964053e-04 2.897785e+00 2.536452e-04 9.999999e-01 2.513487e-04 -3.151924e-01 3.963419e-04 -2.514485e-04 9.999999e-01 7.905044e+00
9.999960e-01 2.157742e-04 -2.805798e-03 3.118893e+00 -2.159503e-04 1.000000e+00 -6.244082e-05 -3.225768e-01 2.805784e-03 6.304577e-05 9.999961e-01 7.602198e+00
1.000000e+00 -1.316167e-04 -2.423726e-05 3.228273e+00 1.316189e-04 1.000000e+00 9.079650e-05 -3.467100e-01 2.422565e-05 -9.079897e-05 1.000000e+00 8.326439e+00
9.999951e-01 1.284427e-04 -3.128832e-03 3.068762e+00 -1.283280e-04 1.000000e+00 3.687109e-05 -3.542068e-01 3.128837e-03 -3.647011e-05 9.999951e-01 9.042181e+00
1.000000e+00 2.315541e-04 -1.680774e-04 3.524517e+00 -2.314930e-04 9.999999e-01 3.635205e-04 -3.361020e-01 1.681619e-04 -3.634809e-04 9.999999e-01 8.502181e+00
1.000000e+00 -8.766931e-06 7.687421e-05 5.643599e+00 8.804036e-06 9.999999e-01 -4.832014e-04 -2.655614e-01 -7.687031e-05 4.832014e-04 9.999999e-01 5.685411e+00
9.999996e-01 2.576894e-04 -8.396539e-04 7.061488e+00 -2.570895e-04 9.999997e-01 7.144732e-04 -1.962909e-01 8.398381e-04 -7.142563e-04 9.999994e-01 2.788830e+00
9.999996e-01 -1.557472e-05 -8.991451e-04 8.100374e+00 1.513889e-05 9.999999e-01 -4.846730e-04 -1.265036e-01 8.991522e-04 4.846584e-04 9.999995e-01 -1.627791e-02
9.999974e-01 1.531553e-04 2.274221e-03 1.046249e+01 -1.532584e-04 1.000000e+00 4.518415e-05 -2.885132e-02 -2.274213e-03 -4.553187e-05 9.999974e-01 -4.119156e+00
9.999979e-01 2.344175e-05 -2.071147e-03 1.219793e+01 -2.385005e-05 1.000000e+00 -1.970956e-04 4.719680e-02 2.071142e-03 1.971438e-04 9.999978e-01 -7.492211e+00
9.999996e-01 9.890837e-05 8.639136e-04 1.322541e+01 -9.918271e-05 9.999999e-01 3.175622e-04 1.043362e-01 -8.638818e-04 -3.176471e-04 9.999996e-01 -1.007277e+01
9.999997e-01 1.576732e-04 6.912057e-04 1.592241e+01 -1.573186e-04 9.999999e-01 -5.131839e-04 2.015355e-01 -6.912869e-04 5.130744e-04 9.999996e-01 -1.387551e+01
1.000000e+00 1.286399e-06 -1.342934e-04 1.812342e+01 -1.242865e-06 9.999999e-01 3.238803e-04 2.872915e-01 1.342942e-04 -3.238794e-04 9.999999e-01 -1.718440e+01
9.999972e-01 2.877224e-04 -2.356036e-03 1.913647e+01 -2.878040e-04 1.000000e+00 -3.426487e-05 3.347968e-01 2.356025e-03 3.494213e-05 9.999972e-01 -1.917930e+01
9.999946e-01 7.711488e-07 3.286683e-03 2.145602e+01 -7.484419e-07 1.000000e+00 -6.897517e-06 4.205476e-01 -3.286683e-03 6.895733e-06 9.999946e-01 -2.253668e+01
9.999911e-01 6.324543e-04 -4.169112e-03 2.331502e+01 -6.302418e-04 9.999997e-01 5.319933e-04 5.141320e-01 4.169447e-03 -5.293617e-04 9.999912e-01 -2.553091e+01
9.999942e-01 -2.437758e-04 3.397536e-03 2.506338e+01 2.441480e-04 1.000000e+00 -1.091155e-04 6.096951e-01 -3.397509e-03 1.099451e-04 9.999942e-01 -2.870157e+01
9.999942e-01 5.828560e-04 -3.347757e-03 2.718944e+01 -5.827816e-04 9.999998e-01 2.322249e-05 6.860790e-01 3.347770e-03 -2.127206e-05 9.999944e-01 -3.195812e+01
9.999937e-01 5.284928e-05 3.551621e-03 2.949515e+01 -5.282113e-05 1.000000e+00 -8.008425e-06 7.701677e-01 -3.551621e-03 7.821487e-06 9.999937e-01 -3.538603e+01
9.999919e-01 4.218773e-04 -3.998622e-03 3.144017e+01 -4.224712e-04 9.999999e-01 -1.476752e-04 8.512102e-01 3.998559e-03 1.493626e-04 9.999920e-01 -3.897004e+01
9.999937e-01 -1.265108e-06 3.551108e-03 3.308900e+01 9.195190e-07 1.000000e+00 9.733211e-05 9.331382e-01 -3.551108e-03 -9.732752e-05 9.999937e-01 -4.273912e+01
9.999874e-01 4.495426e-04 -5.001278e-03 3.438505e+01 -4.482944e-04 9.999999e-01 2.507120e-04 1.004208e+00 5.001390e-03 -2.484675e-04 9.999875e-01 -4.547270e+01
9.999932e-01 4.447243e-05 3.696697e-03 3.591947e+01 -4.542944e-05 1.000000e+00 2.588106e-04 1.094867e+00 -3.696685e-03 -2.589761e-04 9.999931e-01 -4.849793e+01
9.999790e-01 5.602706e-04 -6.459210e-03 3.683370e+01 -5.569042e-04 9.999997e-01 5.229604e-04 1.191239e+00 6.459501e-03 -5.193530e-04 9.999790e-01 -5.151691e+01
9.999976e-01 1.893477e-05 2.167972e-03 3.679559e+01 -2.045738e-05 9.999998e-01 7.023179e-04 1.303707e+00 -2.167958e-03 -7.023599e-04 9.999974e-01 -5.428888e+01
9.999746e-01 4.678675e-04 -7.110584e-03 3.649753e+01 -4.640206e-04 9.999997e-01 5.426489e-04 1.393614e+00 7.110836e-03 -5.393364e-04 9.999746e-01 -5.620415e+01
9.999996e-01 1.889427e-04 9.119352e-04 3.583447e+01 -1.897844e-04 9.999996e-01 9.230618e-04 1.491400e+00 -9.117601e-04 -9.232337e-04 9.999992e-01 -5.771242e+01
9.999993e-01 8.969362e-04 8.155515e-04 3.925123e+01 -8.963504e-04 9.999993e-01 -7.185048e-04 1.574609e+00 -8.161957e-04 7.177726e-04 9.999994e-01 -6.037782e+01
9.999999e-01 -1.194394e-04 3.356408e-04 4.230113e+01 1.190885e-04 9.999994e-01 1.045697e-03 1.639768e+00 -3.357651e-04 -1.045656e-03 9.999994e-01 -6.258736e+01
9.999990e-01 1.376392e-03 1.404482e-04 4.532442e+01 -1.376288e-03 9.999988e-01 -7.393778e-04 1.612460e+00 -1.414661e-04 7.391830e-04 9.999997e-01 -6.208391e+01
9.999888e-01 7.379809e-04 4.666640e-03 4.838214e+01 -7.393685e-04 9.999997e-01 2.956376e-04 1.469851e+00 -4.666420e-03 -2.990840e-04 9.999891e-01 -5.809811e+01
9.999955e-01 1.169367e-03 2.755341e-03 5.078717e+01 -1.167322e-03 9.999990e-01 -7.437218e-04 1.311853e+00 -2.756209e-03 7.405013e-04 9.999959e-01 -5.199821e+01
9.999937e-01 5.008818e-04 3.516228e-03 5.200691e+01 -5.034109e-04 9.999996e-01 7.184201e-04 1.214442e+00 -3.515867e-03 -7.201850e-04 9.999936e-01 -4.556762e+01
9.999979e-01 9.321348e-04 1.820478e-03 5.234380e+01 -9.311027e-04 9.999994e-01 -5.677405e-04 1.156074e+00 -1.821006e-03 5.660436e-04 9.999982e-01 -3.870125e+01
9.999736e-01 7.978832e-04 7.216142e-03 5.327141e+01 -7.968451e-04 9.999997e-01 -1.467251e-04 1.019743e+00 -7.216256e-03 1.409718e-04 9.999740e-01 -3.098080e+01
9.999624e-01 5.476706e-04 -8.658480e-03 5.106827e+01 -5.239671e-04 9.999961e-01 2.739641e-03 1.139528e+00 8.659946e-03 -2.735002e-03 9.999588e-01 -2.646790e+01
9.999597e-01 -1.226382e-04 8.977564e-03 4.929838e+01 1.293134e-04 9.999997e-01 -7.429611e-04 1.250226e+00 -8.977470e-03 7.440928e-04 9.999594e-01 -2.171064e+01
9.999448e-01 4.229203e-04 -1.049731e-02 4.757878e+01 -4.012810e-04 9.999978e-01 2.063435e-03 1.319193e+00 1.049815e-02 -2.059110e-03 9.999428e-01 -1.820231e+01
9.999776e-01 -2.060113e-04 6.689045e-03 4.694308e+01 2.152283e-04 9.999990e-01 -1.377224e-03 1.328754e+00 -6.688754e-03 1.378634e-03 9.999767e-01 -1.734770e+01
9.999805e-01 1.261951e-03 -6.109685e-03 4.773857e+01 -1.253188e-03 9.999982e-01 1.437947e-03 1.248660e+00 6.111488e-03 -1.430263e-03 9.999803e-01 -1.407791e+01
9.999485e-01 -4.637669e-04 1.013459e-02 4.867170e+01 4.822141e-04 9.999982e-01 -1.817844e-03 1.138009e+00 -1.013373e-02 1.822638e-03 9.999470e-01 -1.043294e+01
9.999131e-01 6.867947e-04 -1.316351e-02 4.923431e+01 -6.601236e-04 9.999977e-01 2.030377e-03 1.129877e+00 1.316488e-02 -2.021512e-03 9.999113e-01 -1.070204e+01
9.999580e-01 -6.719608e-04 9.136093e-03 4.907001e+01 6.865458e-04 9.999985e-01 -1.593373e-03 1.121407e+00 -9.135008e-03 1.599579e-03 9.999570e-01 -1.068557e+01
9.999223e-01 7.302806e-04 -1.244733e-02 4.904219e+01 -7.065693e-04 9.999979e-01 1.909222e-03 1.108393e+00 1.244870e-02 -1.900280e-03 9.999207e-01 -1.017836e+01
9.999351e-01 -3.092927e-04 1.138882e-02 4.942946e+01 3.302970e-04 9.999982e-01 -1.842452e-03 1.057347e+00 -1.138823e-02 1.846094e-03 9.999334e-01 -8.397913e+00
9.999338e-01 7.391409e-04 -1.148583e-02 4.987853e+01 -7.195921e-04 9.999983e-01 1.706036e-03 9.918991e-01 1.148707e-02 -1.697659e-03 9.999326e-01 -6.490080e+00
9.999631e-01 -7.227982e-04 8.565738e-03 4.979595e+01 7.346982e-04 9.999988e-01 -1.386180e-03 9.779155e-01 -8.564726e-03 1.392422e-03 9.999624e-01 -5.633812e+00
9.999261e-01 8.044758e-04 -1.212662e-02 4.960675e+01 -7.813212e-04 9.999979e-01 1.914026e-03 9.759330e-01 1.212814e-02 -1.904411e-03 9.999246e-01 -5.093157e+00
9.999655e-01 -7.585772e-04 8.269693e-03 4.958145e+01 7.709511e-04 9.999986e-01 -1.493200e-03 9.793758e-01 -8.268548e-03 1.499525e-03 9.999647e-01 -5.228512e+00
9.999214e-01 8.014491e-04 -1.251080e-02 4.909755e+01 -7.764667e-04 9.999977e-01 2.001600e-03 9.990781e-01 1.251237e-02 -1.991729e-03 9.999197e-01 -5.483556e+00
9.999662e-01 -7.307548e-04 8.187996e-03 4.863762e+01 7.427884e-04 9.999986e-01 -1.466711e-03 1.016017e+00 -8.186913e-03 1.472744e-03 9.999654e-01 -5.803838e+00
9.999274e-01 7.714751e-04 -1.202743e-02 4.865220e+01 -7.492671e-04 9.999980e-01 1.850852e-03 1.020128e+00 1.202884e-02 -1.841707e-03 9.999260e-01 -6.142796e+00
9.999597e-01 -7.131742e-04 8.953162e-03 4.897412e+01 7.279991e-04 9.999984e-01 -1.652673e-03 1.013348e+00 -8.951969e-03 1.659125e-03 9.999586e-01 -6.356701e+00
9.999232e-01 7.628082e-04 -1.237369e-02 4.899718e+01 -7.376363e-04 9.999976e-01 2.038752e-03 1.009496e+00 1.237521e-02 -2.029469e-03 9.999214e-01 -6.205491e+00
9.999520e-01 -5.456946e-04 9.781900e-03 4.941888e+01 5.640685e-04 9.999981e-01 -1.875689e-03 9.854981e-01 -9.780857e-03 1.881117e-03 9.999504e-01 -5.658121e+00
9.999170e-01 7.913783e-04 -1.286217e-02 4.987244e+01 -7.646278e-04 9.999975e-01 2.084574e-03 9.621700e-01 1.286379e-02 -2.074567e-03 9.999151e-01 -5.436004e+00
9.999577e-01 -6.828610e-04 9.170947e-03 4.990817e+01 6.995398e-04 9.999981e-01 -1.815559e-03 9.609992e-01 -9.169689e-03 1.821898e-03 9.999563e-01 -6.007718e+00
9.999265e-01 8.219643e-04 -1.209244e-02 5.037542e+01 -7.990075e-04 9.999979e-01 1.903149e-03 9.625643e-01 1.209398e-02 -1.893348e-03 9.999251e-01 -6.634211e+00
9.999518e-01 -6.057166e-04 9.804055e-03 5.132786e+01 6.229730e-04 9.999983e-01 -1.757165e-03 9.533839e-01 -9.802973e-03 1.763189e-03 9.999504e-01 -6.909184e+00
9.999213e-01 8.289155e-04 -1.251848e-02 5.194134e+01 -8.049571e-04 9.999978e-01 1.918768e-03 9.541304e-01 1.252004e-02 -1.908541e-03 9.999198e-01 -7.500097e+00
9.999574e-01 -6.516384e-04 9.204784e-03 5.192136e+01 6.684750e-04 9.999981e-01 -1.826149e-03 9.613103e-01 -9.203576e-03 1.832225e-03 9.999560e-01 -8.667564e+00
9.999243e-01 6.936979e-04 -1.228619e-02 5.201012e+01 -6.704367e-04 9.999980e-01 1.897303e-03 9.599690e-01 1.228748e-02 -1.888923e-03 9.999227e-01 -9.367150e+00
9.999592e-01 -5.622904e-04 9.012253e-03 5.214358e+01 5.782638e-04 9.999983e-01 -1.769895e-03 9.624463e-01 -9.011242e-03 1.775035e-03 9.999578e-01 -1.020681e+01
9.999270e-01 6.105003e-04 -1.206563e-02 5.228267e+01 -5.890784e-04 9.999982e-01 1.778928e-03 9.681817e-01 1.206669e-02 -1.771691e-03 9.999256e-01 -1.121539e+01
9.999593e-01 -5.117057e-04 9.002251e-03 5.249834e+01 5.271608e-04 9.999984e-01 -1.714513e-03 9.735401e-01 -9.001359e-03 1.719190e-03 9.999580e-01 -1.213945e+01
9.999278e-01 5.639354e-04 -1.199940e-02 5.265210e+01 -5.431375e-04 9.999983e-01 1.736439e-03 9.792313e-01 1.200036e-02 -1.729797e-03 9.999265e-01 -1.313708e+01
9.999608e-01 -4.643014e-04 8.847724e-03 5.272107e+01 4.791859e-04 9.999985e-01 -1.680247e-03 9.844460e-01 -8.846930e-03 1.684421e-03 9.999594e-01 -1.417427e+01
9.999296e-01 5.403079e-04 -1.185179e-02 5.286594e+01 -5.200462e-04 9.999984e-01 1.712606e-03 9.938151e-01 1.185270e-02 -1.706323e-03 9.999283e-01 -1.539311e+01
9.999610e-01 -5.071664e-04 8.813664e-03 5.300284e+01 5.216479e-04 9.999985e-01 -1.640848e-03 9.991020e-01 -8.812819e-03 1.645382e-03 9.999598e-01 -1.635491e+01
9.999298e-01 5.875887e-04 -1.183347e-02 5.329058e+01 -5.670432e-04 9.999983e-01 1.739511e-03 1.004881e+00 1.183447e-02 -1.732679e-03 9.999285e-01 -1.722082e+01
9.999691e-01 -5.406392e-04 7.845651e-03 5.306830e+01 5.514054e-04 9.999989e-01 -1.370152e-03 1.015125e+00 -7.844901e-03 1.374437e-03 9.999683e-01 -1.784569e+01
9.999277e-01 5.268017e-04 -1.201489e-02 5.270751e+01 -5.043711e-04 9.999981e-01 1.869859e-03 1.023753e+00 1.201585e-02 -1.863664e-03 9.999261e-01 -1.796435e+01
9.999604e-01 -5.676782e-04 8.884993e-03 5.271137e+01 5.829057e-04 9.999984e-01 -1.711335e-03 1.016495e+00 -8.884007e-03 1.716447e-03 9.999591e-01 -1.765590e+01
9.999092e-01 6.071726e-04 -1.345945e-02 5.211437e+01 -5.759486e-04 9.999971e-01 2.323619e-03 1.035448e+00 1.346082e-02 -2.315656e-03 9.999067e-01 -1.767317e+01
9.999481e-01 -4.705920e-04 1.018124e-02 5.243946e+01 4.909095e-04 9.999979e-01 -1.993169e-03 1.024281e+00 -1.018028e-02 1.998064e-03 9.999462e-01 -1.748843e+01
9.999022e-01 4.938598e-04 -1.397926e-02 5.221797e+01 -4.602488e-04 9.999970e-01 2.407468e-03 1.027482e+00 1.398041e-02 -2.400799e-03 9.998994e-01 -1.717406e+01
9.999496e-01 -4.811213e-04 1.003190e-02 5.206536e+01 5.016383e-04 9.999978e-01 -2.042761e-03 1.036042e+00 -1.003090e-02 2.047691e-03 9.999476e-01 -1.753515e+01
9.998988e-01 5.056221e-04 -1.421745e-02 5.188970e+01 -4.697966e-04 9.999967e-01 2.523061e-03 1.042128e+00 1.421868e-02 -2.516127e-03 9.998957e-01 -1.752811e+01
9.999475e-01 -4.274938e-04 1.023597e-02 5.173627e+01 4.492747e-04 9.999976e-01 -2.125661e-03 1.053700e+00 -1.023504e-02 2.130149e-03 9.999454e-01 -1.760573e+01
9.999087e-01 4.683423e-04 -1.350629e-02 5.201729e+01 -4.357021e-04 9.999970e-01 2.419517e-03 1.054984e+00 1.350738e-02 -2.413413e-03 9.999059e-01 -1.766287e+01
9.999507e-01 -3.545503e-04 9.920425e-03 5.236798e+01 3.758428e-04 9.999976e-01 -2.144542e-03 1.054265e+00 -9.919641e-03 2.148166e-03 9.999485e-01 -1.766427e+01
9.999165e-01 4.311900e-04 -1.291369e-02 5.239899e+01 -4.005883e-04 9.999971e-01 2.372211e-03 1.040117e+00 1.291468e-02 -2.366840e-03 9.999138e-01 -1.705312e+01
9.999523e-01 -2.674505e-04 9.765374e-03 5.259246e+01 2.884301e-04 9.999977e-01 -2.147010e-03 1.017843e+00 -9.764777e-03 2.149725e-03 9.999500e-01 -1.661910e+01
9.999064e-01 3.879957e-04 -1.367790e-02 5.281934e+01 -3.533458e-04 9.999967e-01 2.535608e-03 1.017352e+00 1.367884e-02 -2.530539e-03 9.999032e-01 -1.660592e+01
9.999487e-01 -1.835704e-04 1.012744e-02 5.306779e+01 2.052585e-04 9.999977e-01 -2.140507e-03 1.009957e+00 -1.012702e-02 2.142477e-03 9.999464e-01 -1.641552e+01
9.999112e-01 3.784629e-04 -1.332043e-02 5.353779e+01 -3.462777e-04 9.999970e-01 2.418459e-03 9.956479e-01 1.332130e-02 -2.413632e-03 9.999084e-01 -1.636889e+01
9.999508e-01 -2.551497e-04 9.912289e-03 5.385502e+01 2.769778e-04 9.999975e-01 -2.200802e-03 9.963174e-01 -9.911702e-03 2.203440e-03 9.999485e-01 -1.634572e+01
9.999168e-01 6.779739e-04 -1.287942e-02 5.464644e+01 -6.465956e-04 9.999968e-01 2.440320e-03 9.821080e-01 1.288104e-02 -2.431790e-03 9.999141e-01 -1.619873e+01
9.999430e-01 -3.382196e-04 1.066951e-02 5.551562e+01 3.629968e-04 9.999972e-01 -2.320388e-03 9.497549e-01 -1.066870e-02 2.324129e-03 9.999404e-01 -1.575561e+01
9.998987e-01 4.512495e-04 -1.422686e-02 5.540678e+01 -4.126520e-04 9.999962e-01 2.715829e-03 9.460924e-01 1.422803e-02 -2.709684e-03 9.998951e-01 -1.531194e+01
9.999409e-01 -3.632651e-04 1.086698e-02 5.563172e+01 3.889792e-04 9.999971e-01 -2.364236e-03 9.487311e-01 -1.086609e-02 2.368323e-03 9.999382e-01 -1.531607e+01
9.999004e-01 6.229191e-04 -1.410181e-02 5.631866e+01 -5.852158e-04 9.999962e-01 2.677629e-03 9.385494e-01 1.410343e-02 -2.669110e-03 9.998970e-01 -1.537426e+01
9.999376e-01 -3.794651e-04 1.116067e-02 5.714038e+01 4.060242e-04 9.999971e-01 -2.377532e-03 9.308189e-01 -1.115973e-02 2.381916e-03 9.999349e-01 -1.552264e+01
9.998876e-01 3.609543e-04 -1.498710e-02 5.716198e+01 -3.194251e-04 9.999961e-01 2.773299e-03 9.449426e-01 1.498804e-02 -2.768201e-03 9.998838e-01 -1.550002e+01
9.999391e-01 -3.408207e-04 1.103295e-02 5.718095e+01 3.664742e-04 9.999972e-01 -2.323228e-03 9.636263e-01 -1.103212e-02 2.327130e-03 9.999364e-01 -1.543848e+01
9.998966e-01 3.261133e-04 -1.437368e-02 5.747187e+01 -2.896512e-04 9.999967e-01 2.538749e-03 9.698008e-01 1.437446e-02 -2.534324e-03 9.998935e-01 -1.533442e+01
9.999474e-01 -2.430614e-04 1.025281e-02 5.740990e+01 2.637324e-04 9.999979e-01 -2.014815e-03 9.807398e-01 -1.025230e-02 2.017414e-03 9.999454e-01 -1.523878e+01
9.999137e-01 4.136693e-04 -1.312925e-02 5.807508e+01 -3.844291e-04 9.999974e-01 2.229559e-03 9.707680e-01 1.313014e-02 -2.224320e-03 9.999113e-01 -1.525288e+01
9.999450e-01 -1.824102e-04 1.048369e-02 5.889702e+01 2.034590e-04 9.999980e-01 -2.006733e-03 9.590097e-01 -1.048330e-02 2.008757e-03 9.999430e-01 -1.534039e+01
9.999139e-01 3.557560e-04 -1.311968e-02 5.964225e+01 -3.271215e-04 9.999976e-01 2.184650e-03 9.520126e-01 1.312043e-02 -2.180171e-03 9.999115e-01 -1.553757e+01
9.999493e-01 -2.973487e-04 1.006671e-02 5.978294e+01 3.173294e-04 9.999980e-01 -1.983279e-03 9.537157e-01 -1.006610e-02 1.986373e-03 9.999474e-01 -1.512058e+01
9.999138e-01 5.000202e-04 -1.312096e-02 6.025398e+01 -4.710330e-04 9.999974e-01 2.212236e-03 9.411954e-01 1.312203e-02 -2.205866e-03 9.999115e-01 -1.489606e+01
9.999453e-01 -2.553963e-04 1.045504e-02 6.109338e+01 2.761229e-04 9.999980e-01 -1.981036e-03 9.279218e-01 -1.045452e-02 1.983815e-03 9.999434e-01 -1.493370e+01
9.999152e-01 4.150872e-04 -1.301388e-02 6.187233e+01 -3.874512e-04 9.999977e-01 2.126039e-03 9.232599e-01 1.301473e-02 -2.120817e-03 9.999131e-01 -1.510765e+01
9.999463e-01 -2.220299e-04 1.035715e-02 6.259597e+01 2.419425e-04 9.999981e-01 -1.921367e-03 9.201370e-01 -1.035671e-02 1.923771e-03 9.999445e-01 -1.538710e+01
9.999151e-01 4.517552e-04 -1.302048e-02 6.340401e+01 -4.241070e-04 9.999976e-01 2.126132e-03 9.202102e-01 1.302141e-02 -2.120430e-03 9.999130e-01 -1.581795e+01
9.999472e-01 -2.292504e-04 1.027309e-02 6.422935e+01 2.485808e-04 9.999982e-01 -1.880405e-03 9.197918e-01 -1.027264e-02 1.882860e-03 9.999455e-01 -1.619473e+01
9.999167e-01 5.200067e-04 -1.289843e-02 6.518854e+01 -4.924573e-04 9.999976e-01 2.138963e-03 9.163912e-01 1.289952e-02 -2.132434e-03 9.999145e-01 -1.653108e+01
9.999475e-01 -2.637911e-04 1.024012e-02 6.609068e+01 2.832562e-04 9.999982e-01 -1.899458e-03 9.152249e-01 -1.023960e-02 1.902259e-03 9.999458e-01 -1.691054e+01
9.999158e-01 4.858749e-04 -1.297136e-02 6.690035e+01 -4.584091e-04 9.999976e-01 2.120311e-03 9.114291e-01 1.297236e-02 -2.114187e-03 9.999136e-01 -1.721869e+01
9.999480e-01 -2.286247e-04 1.019291e-02 6.769083e+01 2.478741e-04 9.999982e-01 -1.887272e-03 9.035923e-01 -1.019246e-02 1.889701e-03 9.999463e-01 -1.742746e+01
9.999175e-01 4.955446e-04 -1.283226e-02 6.856189e+01 -4.682323e-04 9.999976e-01 2.131338e-03 8.972833e-01 1.283329e-02 -2.125154e-03 9.999154e-01 -1.769338e+01
9.999557e-01 -3.257022e-04 9.408731e-03 6.878149e+01 3.432244e-04 9.999982e-01 -1.860764e-03 8.923134e-01 -9.408108e-03 1.863912e-03 9.999540e-01 -1.770037e+01
9.999141e-01 4.072436e-04 -1.309812e-02 6.836383e+01 -3.771789e-04 9.999973e-01 2.297740e-03 9.040628e-01 1.309902e-02 -2.292603e-03 9.999116e-01 -1.730193e+01
9.999525e-01 -2.931546e-04 9.742967e-03 6.827788e+01 3.120161e-04 9.999981e-01 -1.934437e-03 9.088541e-01 -9.742381e-03 1.937386e-03 9.999507e-01 -1.716838e+01
9.999105e-01 3.508690e-04 -1.337332e-02 6.808371e+01 -3.203679e-04 9.999973e-01 2.282826e-03 9.089378e-01 1.337408e-02 -2.278339e-03 9.999080e-01 -1.683217e+01
9.999478e-01 -2.684118e-04 1.021544e-02 6.815162e+01 2.896137e-04 9.999978e-01 -2.074042e-03 8.920724e-01 -1.021486e-02 2.076893e-03 9.999457e-01 -1.634469e+01
9.999085e-01 3.209612e-04 -1.352647e-02 6.812199e+01 -2.897571e-04 9.999973e-01 2.308798e-03 8.814996e-01 1.352717e-02 -2.304668e-03 9.999058e-01 -1.587422e+01
9.999469e-01 -2.571042e-04 1.030013e-02 6.818262e+01 2.787399e-04 9.999978e-01 -2.099139e-03 8.636491e-01 -1.029957e-02 2.101899e-03 9.999447e-01 -1.544121e+01
9.999050e-01 3.094127e-04 -1.378321e-02 6.808154e+01 -2.766759e-04 9.999971e-01 2.376969e-03 8.561171e-01 1.378390e-02 -2.372930e-03 9.999022e-01 -1.502074e+01
9.999480e-01 -2.327135e-04 1.019589e-02 6.787092e+01 2.538725e-04 9.999978e-01 -2.073993e-03 8.586281e-01 -1.019538e-02 2.076475e-03 9.999459e-01 -1.481862e+01
9.999064e-01 2.998508e-04 -1.367890e-02 6.760982e+01 -2.679760e-04 9.999972e-01 2.332003e-03 8.714823e-01 1.367956e-02 -2.328120e-03 9.999037e-01 -1.479211e+01
9.999484e-01 -3.106716e-04 1.015769e-02 6.729148e+01 3.307896e-04 9.999980e-01 -1.978928e-03 8.781674e-01 -1.015706e-02 1.982186e-03 9.999465e-01 -1.434218e+01
9.999089e-01 3.365673e-04 -1.349288e-02 6.707414e+01 -3.067098e-04 9.999975e-01 2.214852e-03 8.786361e-01 1.349359e-02 -2.210512e-03 9.999065e-01 -1.370056e+01
9.999567e-01 -3.421254e-04 9.303353e-03 6.652405e+01 3.577361e-04 9.999985e-01 -1.676331e-03 8.985737e-01 -9.302766e-03 1.679587e-03 9.999553e-01 -1.339439e+01
9.999091e-01 3.428738e-04 -1.347599e-02 6.614272e+01 -3.138977e-04 9.999976e-01 2.152267e-03 9.119511e-01 1.347670e-02 -2.147842e-03 9.999069e-01 -1.333530e+01
9.999439e-01 -2.738027e-04 1.058547e-02 6.657731e+01 2.946557e-04 9.999980e-01 -1.968447e-03 9.048007e-01 -1.058491e-02 1.971457e-03 9.999420e-01 -1.341128e+01
9.998975e-01 2.649593e-04 -1.431193e-02 6.655232e+01 -2.315571e-04 9.999972e-01 2.335492e-03 9.135915e-01 1.431250e-02 -2.331939e-03 9.998949e-01 -1.351868e+01
9.999487e-01 -2.412049e-04 1.012405e-02 6.631661e+01 2.600785e-04 9.999982e-01 -1.862949e-03 9.289848e-01 -1.012358e-02 1.865487e-03 9.999470e-01 -1.371538e+01
9.999133e-01 3.513158e-04 -1.316136e-02 6.682446e+01 -3.241420e-04 9.999978e-01 2.066751e-03 9.315470e-01 1.316206e-02 -2.062307e-03 9.999112e-01 -1.413690e+01
9.999469e-01 -2.307098e-04 1.030635e-02 6.752060e+01 2.507563e-04 9.999981e-01 -1.943793e-03 9.372879e-01 -1.030588e-02 1.946274e-03 9.999450e-01 -1.470326e+01
9.999110e-01 4.260903e-04 -1.333605e-02 6.803793e+01 -3.992340e-04 9.999979e-01 2.016414e-03 9.427496e-01 1.333688e-02 -2.010911e-03 9.999090e-01 -1.537432e+01
9.999571e-01 -3.476346e-04 9.255234e-03 6.777901e+01 3.629572e-04 9.999986e-01 -1.653916e-03 9.565640e-01 -9.254646e-03 1.657205e-03 9.999558e-01 -1.602796e+01
9.999208e-01 4.373167e-04 -1.257717e-02 6.811654e+01 -4.150568e-04 9.999983e-01 1.772435e-03 9.601625e-01 1.257793e-02 -1.767075e-03 9.999193e-01 -1.669919e+01
9.999490e-01 -3.438615e-04 1.009593e-02 6.872411e+01 3.612653e-04 9.999985e-01 -1.722053e-03 9.572360e-01 -1.009533e-02 1.725613e-03 9.999476e-01 -1.715838e+01
9.999155e-01 3.570828e-04 -1.299217e-02 6.918734e+01 -3.326087e-04 9.999982e-01 1.885877e-03 9.557893e-01 1.299282e-02 -1.881397e-03 9.999138e-01 -1.753390e+01
9.999522e-01 -2.258043e-04 9.776120e-03 6.967590e+01 2.422487e-04 9.999986e-01 -1.680934e-03 9.569937e-01 -9.775726e-03 1.683222e-03 9.999508e-01 -1.798541e+01
9.999096e-01 4.064767e-04 -1.343839e-02 6.979873e+01 -3.821187e-04 9.999983e-01 1.815103e-03 9.617225e-01 1.343911e-02 -1.809805e-03 9.999081e-01 -1.894340e+01
9.999449e-01 -3.509419e-04 1.048780e-02 7.009559e+01 3.690553e-04 9.999984e-01 -1.725200e-03 9.707424e-01 -1.048718e-02 1.728976e-03 9.999435e-01 -1.995530e+01
9.999070e-01 5.383735e-04 -1.362808e-02 7.056196e+01 -5.132075e-04 9.999982e-01 1.850066e-03 9.712157e-01 1.362905e-02 -1.842900e-03 9.999054e-01 -2.048619e+01
9.999524e-01 -4.938841e-04 9.742348e-03 7.043823e+01 5.090123e-04 9.999987e-01 -1.550396e-03 9.746871e-01 -9.741569e-03 1.555282e-03 9.999513e-01 -2.117198e+01
9.998989e-01 4.992890e-04 -1.421193e-02 7.001923e+01 -4.689573e-04 9.999976e-01 2.137505e-03 9.843941e-01 1.421297e-02 -2.130624e-03 9.998967e-01 -2.112896e+01
9.999476e-01 -4.979386e-04 1.022423e-02 6.986868e+01 5.156371e-04 9.999984e-01 -1.728459e-03 9.877211e-01 -1.022335e-02 1.733641e-03 9.999462e-01 -2.109418e+01
9.999043e-01 5.278095e-04 -1.382688e-02 6.984738e+01 -4.999347e-04 9.999978e-01 2.019378e-03 9.947173e-01 1.382791e-02 -2.012272e-03 9.999024e-01 -2.148673e+01
9.999383e-01 -3.694679e-04 1.110000e-02 7.047768e+01 3.899668e-04 9.999982e-01 -1.844620e-03 9.821401e-01 -1.109929e-02 1.848836e-03 9.999367e-01 -2.157662e+01
9.998996e-01 7.327458e-04 -1.414814e-02 7.092416e+01 -7.029625e-04 9.999975e-01 2.109968e-03 9.569687e-01 1.414965e-02 -2.099811e-03 9.998977e-01 -2.121433e+01
9.999420e-01 -4.744476e-04 1.075755e-02 7.111758e+01 4.937330e-04 9.999983e-01 -1.790126e-03 9.439639e-01 -1.075668e-02 1.795335e-03 9.999405e-01 -2.083339e+01
9.999049e-01 7.866231e-04 -1.376735e-02 7.152970e+01 -7.580241e-04 9.999975e-01 2.082408e-03 9.266165e-01 1.376895e-02 -2.071775e-03 9.999031e-01 -2.043456e+01
9.999342e-01 -2.539696e-04 1.146919e-02 7.220067e+01 2.764502e-04 9.999980e-01 -1.958526e-03 9.116783e-01 -1.146867e-02 1.961569e-03 9.999323e-01 -1.949889e+01
9.999103e-01 7.419437e-04 -1.337595e-02 7.287387e+01 -7.144516e-04 9.999976e-01 2.060014e-03 9.098549e-01 1.337745e-02 -2.050274e-03 9.999084e-01 -1.858699e+01
9.999317e-01 -1.659276e-04 1.168879e-02 7.448859e+01 1.874077e-04 9.999983e-01 -1.836577e-03 8.870051e-01 -1.168847e-02 1.838643e-03 9.999300e-01 -1.840221e+01
9.998992e-01 6.159244e-04 -1.418800e-02 7.547870e+01 -5.863200e-04 9.999976e-01 2.090652e-03 8.629990e-01 1.418925e-02 -2.082123e-03 9.998972e-01 -1.796797e+01
9.999385e-01 -2.361274e-04 1.108898e-02 7.563972e+01 2.576833e-04 9.999981e-01 -1.942502e-03 8.560188e-01 -1.108849e-02 1.945241e-03 9.999366e-01 -1.702908e+01
9.999020e-01 6.986372e-04 -1.397884e-02 7.579112e+01 -6.687978e-04 9.999975e-01 2.139185e-03 8.465347e-01 1.398030e-02 -2.129628e-03 9.999000e-01 -1.605028e+01
9.999385e-01 -1.439638e-04 1.108834e-02 7.601716e+01 1.654332e-04 9.999981e-01 -1.935302e-03 8.284392e-01 -1.108804e-02 1.937018e-03 9.999366e-01 -1.513533e+01
9.998876e-01 2.193552e-04 -1.498890e-02 7.523933e+01 -1.823223e-04 9.999969e-01 2.472025e-03 8.807296e-01 1.498940e-02 -2.469015e-03 9.998846e-01 -1.392833e+01
9.999292e-01 3.296212e-04 1.189768e-02 7.531135e+01 -3.057234e-04 9.999979e-01 -2.010360e-03 8.910118e-01 -1.189832e-02 2.006581e-03 9.999272e-01 -1.297098e+01
9.998990e-01 2.292064e-04 -1.420905e-02 7.625497e+01 -1.981859e-04 9.999976e-01 2.184528e-03 8.599045e-01 1.420952e-02 -2.181492e-03 9.998967e-01 -1.251782e+01
9.999315e-01 1.989459e-04 1.170678e-02 7.716800e+01 -1.759855e-04 9.999981e-01 -1.962279e-03 8.398077e-01 -1.170715e-02 1.960085e-03 9.999295e-01 -1.226001e+01
9.998982e-01 3.437367e-04 -1.426533e-02 7.789651e+01 -3.133311e-04 9.999977e-01 2.133630e-03 8.190211e-01 1.426603e-02 -2.128943e-03 9.998960e-01 -1.165884e+01
9.999280e-01 4.079612e-04 1.199215e-02 7.935955e+01 -3.856512e-04 9.999982e-01 -1.862629e-03 7.963885e-01 -1.199289e-02 1.857871e-03 9.999264e-01 -1.154879e+01
9.999170e-01 4.070154e-04 -1.287516e-02 8.140446e+01 -3.809059e-04 9.999979e-01 2.030294e-03 7.700083e-01 1.287596e-02 -2.025222e-03 9.999151e-01 -1.150090e+01
9.999443e-01 2.115542e-05 1.055483e-02 8.234745e+01 -2.472592e-06 9.999984e-01 -1.770068e-03 7.403294e-01 -1.055485e-02 1.769944e-03 9.999427e-01 -1.109454e+01
9.999002e-01 2.257512e-04 -1.412239e-02 8.233687e+01 -1.937861e-04 9.999974e-01 2.264774e-03 7.493841e-01 1.412287e-02 -2.261812e-03 9.998977e-01 -1.056581e+01
9.999271e-01 2.960023e-04 1.206880e-02 8.324204e+01 -2.703454e-04 9.999977e-01 -2.127444e-03 7.239000e-01 -1.206940e-02 2.124027e-03 9.999249e-01 -1.013573e+01
9.998980e-01 2.910380e-04 -1.427653e-02 8.417088e+01 -2.586629e-04 9.999974e-01 2.269515e-03 6.943595e-01 1.427715e-02 -2.265592e-03 9.998955e-01 -9.582654e+00
9.999279e-01 2.940601e-04 1.200285e-02 8.496735e+01 -2.686711e-04 9.999977e-01 -2.116797e-03 6.719701e-01 -1.200345e-02 2.113420e-03 9.999257e-01 -8.975956e+00
9.999033e-01 2.724382e-04 -1.390454e-02 8.597612e+01 -2.417012e-04 9.999975e-01 2.212213e-03 6.533914e-01 1.390511e-02 -2.208639e-03 9.999009e-01 -8.334839e+00
9.999388e-01 2.360731e-04 1.105825e-02 8.656667e+01 -2.136455e-04 9.999979e-01 -2.029256e-03 6.495020e-01 -1.105870e-02 2.026770e-03 9.999368e-01 -7.486513e+00
9.998980e-01 1.556195e-04 -1.428057e-02 8.667019e+01 -1.229480e-04 9.999974e-01 2.288688e-03 6.559521e-01 1.428089e-02 -2.286699e-03 9.998954e-01 -6.599277e+00
9.999087e-01 1.453022e-03 1.343256e-02 8.901286e+01 -1.426436e-03 9.999970e-01 -1.988636e-03 5.966887e-01 -1.343540e-02 1.969294e-03 9.999078e-01 -5.624095e+00
9.999231e-01 2.180381e-05 -1.239855e-02 9.166682e+01 1.870634e-06 9.999982e-01 1.909451e-03 5.244204e-01 1.239857e-02 -1.909328e-03 9.999213e-01 -4.553870e+00
9.999651e-01 6.068766e-05 8.359183e-03 9.101619e+01 -4.912021e-05 9.999990e-01 -1.383979e-03 5.638302e-01 -8.359258e-03 1.383521e-03 9.999641e-01 -3.321197e+00
9.999158e-01 3.389436e-05 -1.298038e-02 9.071676e+01 -8.448069e-06 9.999981e-01 1.960429e-03 5.744399e-01 1.298042e-02 -1.960155e-03 9.999138e-01 -3.173125e+00
9.999437e-01 1.268383e-04 1.061140e-02 9.151918e+01 -1.069092e-04 9.999982e-01 -1.878619e-03 5.905115e-01 -1.061162e-02 1.877380e-03 9.999419e-01 -4.184657e+00
9.999185e-01 4.838580e-04 -1.275930e-02 9.318383e+01 -4.559785e-04 9.999975e-01 2.187863e-03 5.891651e-01 1.276033e-02 -2.181867e-03 9.999162e-01 -4.758169e+00
9.999270e-01 8.873713e-04 1.205164e-02 9.584020e+01 -8.652951e-04 9.999979e-01 -1.836868e-03 5.530591e-01 -1.205324e-02 1.826307e-03 9.999257e-01 -4.626004e+00
9.999273e-01 7.482527e-04 -1.203380e-02 9.851835e+01 -7.225522e-04 9.999974e-01 2.139914e-03 4.936156e-01 1.203537e-02 -2.131064e-03 9.999253e-01 -3.597182e+00
9.999068e-01 1.738324e-03 1.353897e-02 1.022185e+02 -1.712541e-03 9.999967e-01 -1.915666e-03 4.047051e-01 -1.354225e-02 1.892303e-03 9.999065e-01 -1.994902e+00
9.999337e-01 -4.862462e-04 -1.150192e-02 1.056652e+02 5.059761e-04 9.999984e-01 1.712523e-03 3.574099e-01 1.150107e-02 -1.718230e-03 9.999324e-01 -1.441175e+00
9.999547e-01 7.288716e-04 9.488674e-03 1.069454e+02 -7.139398e-04 9.999985e-01 -1.576920e-03 3.647955e-01 -9.489809e-03 1.570074e-03 9.999537e-01 -1.568429e+00
9.998933e-01 -6.283254e-04 -1.459366e-02 1.048530e+02 6.638244e-04 9.999968e-01 2.427795e-03 5.236212e-01 1.459208e-02 -2.437224e-03 9.998906e-01 5.162967e-01
9.999525e-01 5.659186e-04 9.729437e-03 1.026343e+02 -5.548946e-04 9.999992e-01 -1.135700e-03 6.866306e-01 -9.730072e-03 1.130248e-03 9.999520e-01 2.399050e+00
9.999017e-01 -6.048826e-04 -1.400986e-02 1.014630e+02 6.293726e-04 9.999983e-01 1.743721e-03 7.713502e-01 1.400878e-02 -1.752368e-03 9.999003e-01 3.618968e+00
9.999581e-01 5.802866e-04 9.131662e-03 1.000120e+02 -5.730185e-04 9.999995e-01 -7.984928e-04 8.646897e-01 -9.132121e-03 7.932275e-04 9.999580e-01 4.644516e+00
9.999175e-01 -6.696812e-04 -1.282485e-02 9.898334e+01 6.884115e-04 9.999987e-01 1.456124e-03 9.572631e-01 1.282386e-02 -1.464834e-03 9.999167e-01 5.788343e+00
9.999635e-01 4.284558e-04 8.532937e-03 9.688011e+01 -4.225011e-04 9.999997e-01 -6.996184e-04 1.130634e+00 -8.533233e-03 6.959884e-04 9.999633e-01 8.038392e+00
9.999047e-01 -4.679383e-04 -1.379403e-02 9.331508e+01 4.966411e-04 9.999977e-01 2.077476e-03 1.396045e+00 1.379302e-02 -2.084129e-03 9.999027e-01 1.115360e+01
9.999466e-01 6.696945e-05 1.033602e-02 9.140653e+01 -5.432908e-05 9.999993e-01 -1.223201e-03 1.564203e+00 -1.033609e-02 1.222575e-03 9.999458e-01 1.317744e+01
9.999109e-01 -4.151125e-04 -1.334137e-02 9.077759e+01 4.354881e-04 9.999987e-01 1.524390e-03 1.664559e+00 1.334072e-02 -1.530065e-03 9.999098e-01 1.425328e+01
9.999432e-01 -2.181916e-04 1.065596e-02 8.898586e+01 2.280958e-04 9.999995e-01 -9.282260e-04 1.852322e+00 -1.065575e-02 9.306045e-04 9.999428e-01 1.623830e+01
9.999060e-01 -2.684171e-04 -1.371134e-02 8.712039e+01 2.913545e-04 9.999986e-01 1.670924e-03 2.031153e+00 1.371087e-02 -1.674763e-03 9.999046e-01 1.818598e+01
9.999550e-01 5.033568e-05 9.488996e-03 8.543426e+01 -4.292754e-05 9.999997e-01 -7.808897e-04 2.166380e+00 -9.489032e-03 7.804479e-04 9.999547e-01 1.986426e+01
9.998999e-01 -9.165129e-05 -1.415048e-02 8.383364e+01 1.162362e-04 9.999985e-01 1.736591e-03 2.279220e+00 1.415030e-02 -1.738063e-03 9.998984e-01 2.126928e+01
9.999469e-01 3.259999e-05 1.030295e-02 8.311544e+01 -2.085190e-05 9.999993e-01 -1.140351e-03 2.328698e+00 -1.030298e-02 1.140076e-03 9.999463e-01 2.226413e+01
9.999025e-01 -2.009080e-04 -1.396502e-02 8.240529e+01 2.217822e-04 9.999989e-01 1.493234e-03 2.388870e+00 1.396471e-02 -1.496186e-03 9.999014e-01 2.333110e+01
9.999439e-01 3.459123e-05 1.059458e-02 8.182301e+01 -2.334017e-05 9.999994e-01 -1.062065e-03 2.460587e+00 -1.059461e-02 1.061759e-03 9.999433e-01 2.437248e+01
9.999027e-01 -2.889465e-04 -1.394778e-02 8.089483e+01 3.094571e-04 9.999989e-01 1.468405e-03 2.548574e+00 1.394733e-02 -1.472579e-03 9.999016e-01 2.577279e+01
9.999394e-01 4.934637e-04 1.099383e-02 8.091460e+01 -4.792264e-04 9.999990e-01 -1.297600e-03 2.542425e+00 -1.099446e-02 1.292254e-03 9.999387e-01 2.663380e+01
9.998941e-01 -4.548782e-04 -1.454378e-02 8.053605e+01 4.772475e-04 9.999987e-01 1.534651e-03 2.561518e+00 1.454307e-02 -1.541430e-03 9.998931e-01 2.758045e+01
9.999466e-01 5.774359e-04 1.032265e-02 7.972856e+01 -5.697479e-04 9.999996e-01 -7.476815e-04 2.607245e+00 -1.032307e-02 7.417609e-04 9.999464e-01 2.871486e+01
9.998349e-01 -2.923752e-04 -1.816770e-02 7.603775e+01 3.534282e-04 9.999943e-01 3.357418e-03 2.805187e+00 1.816662e-02 -3.363285e-03 9.998293e-01 3.016304e+01
9.999260e-01 4.852652e-04 1.215740e-02 7.355215e+01 -4.695819e-04 9.999991e-01 -1.292824e-03 2.944075e+00 -1.215802e-02 1.287020e-03 9.999253e-01 3.151594e+01
9.999204e-01 -2.196849e-04 -1.261614e-02 7.554855e+01 2.358228e-04 9.999992e-01 1.277691e-03 2.926561e+00 1.261585e-02 -1.280565e-03 9.999196e-01 3.154843e+01
9.999384e-01 3.182739e-04 1.109682e-02 7.698023e+01 -3.048978e-04 9.999992e-01 -1.207055e-03 2.922624e+00 -1.109719e-02 1.203598e-03 9.999377e-01 3.129540e+01
9.999205e-01 -2.227607e-04 -1.260662e-02 7.832483e+01 2.386903e-04 9.999992e-01 1.262121e-03 2.914471e+00 1.260633e-02 -1.265030e-03 9.999197e-01 3.110766e+01
9.999460e-01 3.034433e-04 1.038793e-02 7.927603e+01 -2.912701e-04 9.999993e-01 -1.173334e-03 2.909653e+00 -1.038828e-02 1.170245e-03 9.999454e-01 3.086366e+01
9.999101e-01 -1.785135e-04 -1.341018e-02 7.971456e+01 1.968547e-04 9.999990e-01 1.366411e-03 2.889511e+00 1.340992e-02 -1.368929e-03 9.999091e-01 3.101851e+01
9.999460e-01 4.067263e-04 1.038736e-02 8.012530e+01 -3.945231e-04 9.999992e-01 -1.176811e-03 2.868416e+00 -1.038783e-02 1.172650e-03 9.999454e-01 3.133444e+01
9.999171e-01 -1.773108e-04 -1.287678e-02 8.052616e+01 1.943639e-04 9.999991e-01 1.323108e-03 2.846927e+00 1.287653e-02 -1.325502e-03 9.999162e-01 3.194044e+01
9.999397e-01 4.615297e-04 1.097240e-02 8.144152e+01 -4.479050e-04 9.999991e-01 -1.244127e-03 2.820687e+00 -1.097297e-02 1.239138e-03 9.999390e-01 3.239677e+01
9.998912e-01 -3.931567e-04 -1.474604e-02 8.082412e+01 4.159125e-04 9.999987e-01 1.540160e-03 2.859325e+00 1.474542e-02 -1.546126e-03 9.998901e-01 3.360140e+01
9.999356e-01 5.891456e-04 1.133392e-02 8.058511e+01 -5.780614e-04 9.999994e-01 -9.812017e-04 2.889435e+00 -1.133449e-02 9.745875e-04 9.999353e-01 3.452090e+01
9.999155e-01 -6.619764e-04 -1.297914e-02 8.200902e+01 6.752843e-04 9.999993e-01 1.020990e-03 2.891721e+00 1.297846e-02 -1.029669e-03 9.999152e-01 3.431887e+01
9.999401e-01 7.273341e-04 1.091722e-02 8.332445e+01 -7.179227e-04 9.999994e-01 -8.659444e-04 2.892986e+00 -1.091784e-02 8.580555e-04 9.999400e-01 3.397702e+01
9.999090e-01 -4.082010e-04 -1.348759e-02 8.431336e+01 4.228621e-04 9.999993e-01 1.084188e-03 2.875144e+00 1.348714e-02 -1.089793e-03 9.999085e-01 3.404295e+01
9.999374e-01 5.682339e-04 1.117450e-02 8.507401e+01 -5.570128e-04 9.999993e-01 -1.007240e-03 2.852536e+00 -1.117507e-02 1.000953e-03 9.999371e-01 3.425686e+01
9.999074e-01 -3.349647e-04 -1.360605e-02 8.554745e+01 3.505103e-04 9.999993e-01 1.140194e-03 2.824037e+00 1.360566e-02 -1.144859e-03 9.999068e-01 3.480043e+01
9.999393e-01 7.401990e-04 1.099507e-02 8.609028e+01 -7.290530e-04 9.999992e-01 -1.017679e-03 2.804355e+00 -1.099582e-02 1.009602e-03 9.999390e-01 3.541496e+01
9.999120e-01 -2.982285e-04 -1.326138e-02 8.691461e+01 3.134659e-04 9.999993e-01 1.146953e-03 2.781073e+00 1.326103e-02 -1.151010e-03 9.999114e-01 3.582888e+01
9.999424e-01 5.363858e-04 1.072245e-02 8.771177e+01 -5.251797e-04 9.999993e-01 -1.047873e-03 2.771475e+00 -1.072300e-02 1.042182e-03 9.999420e-01 3.603331e+01
9.999044e-01 -3.205317e-04 -1.382334e-02 8.815882e+01 3.376691e-04 9.999992e-01 1.237444e-03 2.774016e+00 1.382293e-02 -1.241994e-03 9.999037e-01 3.635000e+01
9.999409e-01 5.442944e-04 1.085929e-02 8.861273e+01 -5.326708e-04 9.999993e-01 -1.073231e-03 2.772089e+00 -1.085986e-02 1.067384e-03 9.999405e-01 3.670913e+01
9.998972e-01 -2.702961e-04 -1.433277e-02 8.880019e+01 2.892312e-04 9.999991e-01 1.319064e-03 2.767688e+00 1.433240e-02 -1.323074e-03 9.998964e-01 3.725221e+01
9.999399e-01 4.932653e-04 1.095592e-02 8.898149e+01 -4.817828e-04 9.999993e-01 -1.050651e-03 2.771489e+00 -1.095643e-02 1.045311e-03 9.999394e-01 3.756534e+01
9.999132e-01 -5.487768e-04 -1.316588e-02 9.016190e+01 5.625168e-04 9.999993e-01 1.039948e-03 2.794804e+00 1.316530e-02 -1.047264e-03 9.999128e-01 3.654438e+01
9.999299e-01 7.072625e-04 1.182096e-02 9.147475e+01 -6.944109e-04 9.999992e-01 -1.091235e-03 2.817260e+00 -1.182173e-02 1.082951e-03 9.999295e-01 3.559308e+01
9.998940e-01 -4.618636e-04 -1.454931e-02 9.226117e+01 4.804203e-04 9.999991e-01 1.271983e-03 2.801588e+00 1.454871e-02 -1.278838e-03 9.998933e-01 3.564747e+01
9.999288e-01 8.608374e-04 1.190579e-02 9.311202e+01 -8.484072e-04 9.999991e-01 -1.049045e-03 2.785665e+00 -1.190668e-02 1.038870e-03 9.999286e-01 3.582188e+01
9.998810e-01 -7.438633e-04 -1.540588e-02 9.331077e+01 7.638101e-04 9.999989e-01 1.288921e-03 2.789971e+00 1.540491e-02 -1.300536e-03 9.998805e-01 3.630790e+01
9.999379e-01 7.240378e-04 1.111785e-02 9.261184e+01 -7.166593e-04 9.999995e-01 -6.676102e-04 2.836300e+00 -1.111833e-02 6.596017e-04 9.999380e-01 3.707098e+01
9.998813e-01 -7.393041e-04 -1.539192e-02 9.194834e+01 7.585646e-04 9.999989e-01 1.245553e-03 2.880677e+00 1.539099e-02 -1.257081e-03 9.998808e-01 3.791003e+01
9.999384e-01 7.028811e-04 1.107294e-02 9.111510e+01 -6.962103e-04 9.999996e-01 -6.062687e-04 2.939030e+00 -1.107336e-02 5.985229e-04 9.999385e-01 3.890560e+01
9.999093e-01 -2.393187e-04 -1.346401e-02 9.164027e+01 2.484740e-04 9.999997e-01 6.783333e-04 2.929289e+00 1.346384e-02 -6.816179e-04 9.999091e-01 3.959849e+01
9.999387e-01 7.223978e-04 1.105030e-02 9.246913e+01 -7.162243e-04 9.999996e-01 -5.625999e-04 2.896946e+00 -1.105070e-02 5.546516e-04 9.999388e-01 4.013161e+01
9.999364e-01 -5.015329e-04 -1.126450e-02 9.529885e+01 5.025969e-04 9.999999e-01 9.164454e-05 2.969565e+00 1.126445e-02 -9.730090e-05 9.999365e-01 3.778122e+01
9.998608e-01 5.243801e-04 1.667530e-02 9.950863e+01 -4.998663e-04 9.999988e-01 -1.474187e-03 3.109000e+00 -1.667606e-02 1.465647e-03 9.998599e-01 3.287599e+01
9.999047e-01 -3.653769e-04 -1.380106e-02 1.028005e+02 3.755452e-04 9.999997e-01 7.342122e-04 3.194337e+00 1.380079e-02 -7.393258e-04 9.999045e-01 3.017998e+01
9.999103e-01 6.038094e-04 1.338070e-02 1.050971e+02 -5.909420e-04 9.999994e-01 -9.655533e-04 3.233091e+00 -1.338127e-02 9.575601e-04 9.999100e-01 2.877647e+01
