9.999837e-01 -4.014400e-04 -5.698124e-03 1.265923e+00 3.982069e-04 9.999998e-01 -5.685149e-04 6.448263e-02 5.698350e-03 5.662358e-04 9.999836e-01 6.387087e-01
9.999974e-01 -3.745121e-04 2.245973e-03 3.856592e+00 3.757559e-04 9.999998e-01 -5.533759e-04 1.280427e-01 -2.245765e-03 5.542191e-04 9.999973e-01 1.355953e+00
9.999831e-01 -1.117576e-04 -5.812760e-03 4.994405e+00 1.148980e-04 9.999998e-01 5.399356e-04 1.479483e-01 5.812698e-03 -5.405951e-04 9.999830e-01 2.743996e+00
9.999990e-01 2.679413e-04 1.404907e-03 4.670617e+00 -2.675891e-04 9.999999e-01 -2.508453e-04 1.697759e-01 -1.404974e-03 2.504698e-04 9.999990e-01 3.841826e+00
9.999832e-01 -1.127300e-04 -5.803286e-03 4.328198e+00 1.166435e-04 9.999998e-01 6.740316e-04 1.886259e-01 5.803208e-03 -6.746979e-04 9.999829e-01 4.955618e+00
9.999982e-01 -1.395451e-05 1.903533e-03 4.492162e+00 1.438307e-05 1.000000e+00 -2.251067e-04 1.847982e-01 -1.903529e-03 2.251344e-04 9.999982e-01 5.938301e+00
9.999869e-01 -2.094568e-04 -5.117769e-03 5.088935e+00 2.128095e-04 9.999998e-01 6.545881e-04 1.650968e-01 5.117630e-03 -6.556694e-04 9.999867e-01 6.535275e+00
9.999982e-01 6.840435e-06 1.878893e-03 5.335970e+00 -6.545278e-06 1.000000e+00 -1.570780e-04 1.477765e-01 -1.878894e-03 1.570661e-04 9.999982e-01 7.634661e+00
9.999785e-01 -3.041575e-05 -6.559254e-03 5.194881e+00 3.484681e-05 9.999998e-01 6.754343e-04 1.622956e-01 6.559232e-03 -6.756490e-04 9.999783e-01 9.410261e+00
1.000000e+00 1.800681e-04 1.219863e-04 4.470441e+00 -1.800633e-04 1.000000e+00 -3.905670e-05 2.202065e-01 -1.219930e-04 3.903545e-05 1.000000e+00 1.191986e+01
9.999771e-01 -1.033735e-04 -6.768047e-03 3.858167e+00 1.078117e-04 9.999998e-01 6.554123e-04 2.828025e-01 6.767977e-03 -6.561277e-04 9.999769e-01 1.462640e+01
9.999984e-01 -1.625150e-04 1.776819e-03 4.333906e+00 1.626669e-04 1.000000e+00 -8.532974e-05 2.929448e-01 -1.776805e-03 8.561934e-05 9.999984e-01 1.586943e+01
9.999797e-01 -2.989892e-04 -6.367877e-03 5.822331e+00 2.977696e-04 9.999999e-01 -1.924633e-04 3.103997e-01 6.367934e-03 1.905625e-04 9.999797e-01 1.658692e+01
9.999994e-01 -2.630109e-06 1.076944e-03 6.594656e+00 1.968272e-06 9.999998e-01 6.145950e-04 3.330744e-01 -1.076945e-03 -6.145918e-04 9.999992e-01 1.807858e+01
9.999796e-01 -1.529567e-04 -6.387204e-03 6.891486e+00 1.528598e-04 1.000000e+00 -1.564609e-05 3.458191e-01 6.387206e-03 1.466871e-05 9.999796e-01 1.972369e+01
9.999993e-01 -1.131171e-04 1.176900e-03 7.201737e+00 1.123761e-04 9.999998e-01 6.297671e-04 3.691173e-01 -1.176970e-03 -6.296337e-04 9.999991e-01 2.200449e+01
9.999782e-01 1.310284e-04 -6.595724e-03 6.875911e+00 -1.311242e-04 1.000000e+00 -1.408629e-05 4.043759e-01 6.595721e-03 1.495013e-05 9.999782e-01 2.368666e+01
9.999976e-01 -2.517905e-05 2.201271e-03 6.543231e+00 2.400538e-05 9.999999e-01 5.332297e-04 4.175156e-01 -2.201283e-03 -5.331748e-04 9.999974e-01 2.482458e+01
9.999837e-01 -1.808800e-04 -5.700022e-03 7.076444e+00 1.797398e-04 1.000000e+00 -2.005459e-04 4.055388e-01 5.700058e-03 1.995174e-04 9.999837e-01 2.576304e+01
9.999991e-01 9.381765e-05 1.373026e-03 6.938744e+00 -9.471748e-05 9.999998e-01 6.553494e-04 4.176170e-01 -1.372964e-03 -6.554781e-04 9.999988e-01 2.756521e+01
9.999838e-01 -3.497869e-04 -5.674339e-03 7.060996e+00 3.484662e-04 9.999999e-01 -2.337220e-04 4.265571e-01 5.674419e-03 2.317402e-04 9.999839e-01 2.977212e+01
9.999981e-01 -3.379086e-04 1.917145e-03 7.558373e+00 3.367684e-04 9.999998e-01 5.950339e-04 4.324296e-01 -1.917345e-03 -5.943864e-04 9.999980e-01 3.281489e+01
9.999808e-01 -4.363691e-04 -6.187989e-03 8.423958e+00 4.337210e-04 9.999998e-01 -4.292682e-04 4.608226e-01 6.188175e-03 4.265754e-04 9.999808e-01 3.601642e+01
9.999992e-01 -5.527686e-06 1.250602e-03 8.922455e+00 4.551505e-06 9.999997e-01 7.806207e-04 4.981073e-01 -1.250605e-03 -7.806137e-04 9.999989e-01 3.897628e+01
9.999867e-01 -4.182120e-04 -5.145937e-03 8.972635e+00 4.162339e-04 9.999998e-01 -3.854516e-04 5.132170e-01 5.146097e-03 3.833038e-04 9.999867e-01 4.218110e+01
9.999998e-01 -5.606009e-05 5.785990e-04 9.053228e+00 5.560603e-05 9.999997e-01 7.848504e-04 5.464762e-01 -5.786424e-04 -7.848173e-04 9.999995e-01 4.540505e+01
9.999942e-01 -7.251503e-04 -3.313246e-03 9.928385e+00 7.236273e-04 9.999996e-01 -4.608497e-04 5.410998e-01 3.313579e-03 4.584488e-04 9.999944e-01 4.852534e+01
9.999990e-01 -1.667009e-04 1.380928e-03 1.110006e+01 1.656664e-04 9.999997e-01 7.492438e-04 5.099157e-01 -1.381052e-03 -7.490136e-04 9.999988e-01 5.074922e+01
9.999884e-01 -4.502648e-04 -4.796773e-03 1.174202e+01 4.484667e-04 9.999998e-01 -3.759090e-04 5.032021e-01 4.796941e-03 3.737527e-04 9.999884e-01 5.329513e+01
9.999984e-01 -5.920654e-06 1.802573e-03 1.214051e+01 4.607972e-06 9.999997e-01 7.282685e-04 5.063661e-01 -1.802576e-03 -7.282583e-04 9.999981e-01 5.579098e+01
9.999830e-01 -1.582251e-04 -5.825502e-03 1.227225e+01 1.565663e-04 9.999999e-01 -2.851916e-04 5.076134e-01 5.825546e-03 2.842739e-04 9.999830e-01 5.746917e+01
9.999965e-01 -4.014352e-04 2.596881e-03 1.304958e+01 3.997404e-04 9.999997e-01 6.531222e-04 4.904683e-01 -2.597142e-03 -6.520811e-04 9.999964e-01 5.934999e+01
9.999855e-01 -2.213390e-05 -5.390773e-03 1.357308e+01 2.098475e-05 1.000000e+00 -2.132125e-04 4.720180e-01 5.390777e-03 2.130955e-04 9.999854e-01 6.113816e+01
9.999996e-01 -9.397679e-05 8.334450e-04 1.350211e+01 9.334251e-05 9.999997e-01 7.611333e-04 4.869272e-01 -8.335160e-04 -7.610546e-04 9.999994e-01 6.281879e+01
9.999879e-01 6.225143e-05 -4.919010e-03 1.331449e+01 -6.375674e-05 1.000000e+00 -3.058491e-04 5.029381e-01 4.918990e-03 3.061583e-04 9.999879e-01 6.433583e+01
9.999999e-01 5.998162e-05 4.941877e-04 1.310716e+01 -6.040922e-05 9.999996e-01 8.654562e-04 5.110169e-01 -4.941353e-04 -8.654853e-04 9.999995e-01 6.517017e+01
9.999868e-01 2.946591e-05 -5.145654e-03 1.298593e+01 -3.091059e-05 1.000000e+00 -2.806634e-04 5.194207e-01 5.145645e-03 2.808180e-04 9.999867e-01 6.603872e+01
1.000000e+00 7.127422e-06 1.511219e-04 1.293383e+01 -7.247501e-06 9.999997e-01 7.951233e-04 5.351327e-01 -1.511159e-04 -7.951237e-04 9.999997e-01 6.722917e+01
9.999841e-01 1.185021e-04 -5.633595e-03 1.263736e+01 -1.189971e-04 1.000000e+00 -8.750980e-05 5.578908e-01 5.633584e-03 8.817809e-05 9.999841e-01 6.800795e+01
1.000000e+00 1.701788e-04 -1.844723e-04 1.218791e+01 -1.699998e-04 9.999995e-01 9.697631e-04 5.777640e-01 1.846376e-04 -9.697311e-04 9.999995e-01 6.824462e+01
9.999859e-01 7.912797e-05 -5.309367e-03 1.168700e+01 -7.949174e-05 1.000000e+00 -6.828734e-05 5.904620e-01 5.309361e-03 6.870772e-05 9.999859e-01 6.836858e+01
1.000000e+00 1.203022e-04 1.273994e-04 1.131412e+01 -1.204126e-04 9.999996e-01 8.674428e-04 5.985729e-01 -1.272947e-04 -8.674574e-04 9.999996e-01 6.853539e+01
9.999941e-01 -4.075803e-04 -3.414190e-03 1.205170e+01 4.057567e-04 9.999998e-01 -5.347974e-04 5.777482e-01 3.414407e-03 5.334082e-04 9.999940e-01 6.868773e+01
9.999999e-01 2.575566e-04 2.049221e-04 1.229091e+01 -2.577433e-04 9.999996e-01 9.119373e-04 5.590056e-01 -2.046867e-04 -9.119894e-04 9.999996e-01 6.918564e+01
9.999919e-01 -3.295841e-04 -4.001144e-03 1.257450e+01 3.272688e-04 9.999998e-01 -5.792802e-04 5.552127e-01 4.001334e-03 5.779654e-04 9.999918e-01 6.895895e+01
9.999999e-01 1.808299e-04 4.144541e-04 1.303135e+01 -1.811940e-04 9.999996e-01 8.789446e-04 5.476933e-01 -4.142946e-04 -8.790189e-04 9.999995e-01 6.879331e+01
9.999825e-01 -2.203271e-05 -5.916554e-03 1.271850e+01 2.203554e-05 1.000000e+00 4.286708e-07 5.602108e-01 5.916554e-03 -5.597432e-07 9.999825e-01 6.902581e+01
9.999986e-01 -1.237037e-05 1.657038e-03 1.274895e+01 1.166585e-05 9.999999e-01 4.252360e-04 5.634897e-01 -1.657043e-03 -4.252154e-04 9.999985e-01 6.981550e+01
9.999846e-01 -7.178867e-06 -5.541789e-03 1.262806e+01 7.432329e-06 1.000000e+00 4.573277e-05 5.562803e-01 5.541789e-03 -4.577396e-05 9.999846e-01 7.026172e+01
9.999985e-01 -6.374180e-05 1.713083e-03 1.277046e+01 6.303512e-05 9.999999e-01 4.126284e-04 5.430418e-01 -1.713109e-03 -4.125191e-04 9.999984e-01 7.049740e+01
9.999871e-01 -1.982993e-04 -5.084429e-03 1.362579e+01 1.960669e-04 9.999999e-01 -4.395415e-04 5.408966e-01 5.084515e-03 4.385383e-04 9.999870e-01 7.013860e+01
9.999992e-01 9.415094e-05 1.281465e-03 1.364247e+01 -9.534467e-05 9.999996e-01 9.315865e-04 5.291957e-01 -1.281376e-03 -9.317072e-04 9.999987e-01 7.049099e+01
9.999873e-01 -1.286926e-04 -5.032514e-03 1.353783e+01 1.262010e-04 9.999999e-01 -4.954025e-04 5.214182e-01 5.032577e-03 4.947604e-04 9.999872e-01 7.099268e+01
9.999993e-01 9.566955e-05 1.143478e-03 1.359673e+01 -9.678770e-05 9.999995e-01 9.779185e-04 5.077599e-01 -1.143383e-03 -9.780278e-04 9.999989e-01 7.095785e+01
9.999904e-01 -2.105657e-04 -4.377689e-03 1.374853e+01 2.077721e-04 9.999998e-01 -6.385562e-04 4.963969e-01 4.377822e-03 6.376398e-04 9.999902e-01 7.084202e+01
9.999991e-01 -2.534965e-04 1.302549e-03 1.483328e+01 2.524357e-04 9.999996e-01 8.146035e-04 4.762838e-01 -1.302755e-03 -8.142733e-04 9.999988e-01 7.088213e+01
9.999922e-01 -1.528160e-04 -3.939001e-03 1.573491e+01 1.504988e-04 9.999998e-01 -5.885314e-04 4.490523e-01 3.939090e-03 5.879333e-04 9.999921e-01 7.120404e+01
9.999998e-01 -1.436573e-04 6.370083e-04 1.632988e+01 1.430149e-04 9.999995e-01 1.008553e-03 4.231421e-01 -6.371526e-04 -1.008461e-03 9.999993e-01 7.176285e+01
9.999894e-01 -2.783223e-05 -4.613912e-03 1.660046e+01 2.521072e-05 9.999998e-01 -5.682080e-04 4.163830e-01 4.613926e-03 5.680849e-04 9.999892e-01 7.180089e+01
9.999997e-01 -5.130902e-05 7.169937e-04 1.677865e+01 5.058981e-05 9.999995e-01 1.003227e-03 4.129873e-01 -7.170444e-04 -1.003190e-03 9.999992e-01 7.160960e+01
9.999875e-01 5.004975e-05 -4.994256e-03 1.684318e+01 -5.243744e-05 9.999999e-01 -4.779354e-04 4.111587e-01 4.994231e-03 4.781906e-04 9.999874e-01 7.228468e+01
9.999994e-01 -2.161799e-05 1.053896e-03 1.675011e+01 2.055136e-05 9.999995e-01 1.012192e-03 4.054366e-01 -1.053917e-03 -1.012169e-03 9.999989e-01 7.270048e+01
9.999856e-01 4.899921e-05 -5.369029e-03 1.652499e+01 -5.134424e-05 9.999999e-01 -4.366136e-04 4.055868e-01 5.369007e-03 4.368822e-04 9.999855e-01 7.278415e+01
9.999960e-01 -2.427842e-04 2.805323e-03 1.694433e+01 2.408758e-04 9.999997e-01 6.806205e-04 3.887078e-01 -2.805487e-03 -6.799414e-04 9.999958e-01 7.296456e+01
9.999840e-01 6.720682e-05 -5.660520e-03 1.727623e+01 -6.928982e-05 9.999999e-01 -3.677724e-04 3.710083e-01 5.660494e-03 3.681580e-04 9.999839e-01 7.344155e+01
9.999989e-01 -3.212891e-05 1.502010e-03 1.703714e+01 3.075810e-05 9.999996e-01 9.127444e-04 3.700969e-01 -1.502038e-03 -9.126965e-04 9.999985e-01 7.403500e+01
9.999843e-01 1.231008e-04 -5.603421e-03 1.684178e+01 -1.254074e-04 9.999999e-01 -4.112755e-04 3.725812e-01 5.603370e-03 4.119711e-04 9.999842e-01 7.462357e+01
9.999988e-01 -9.841640e-05 1.538711e-03 1.669171e+01 9.697443e-05 9.999996e-01 9.372544e-04 3.721985e-01 -1.538802e-03 -9.371034e-04 9.999984e-01 7.541757e+01
9.999837e-01 2.576339e-04 -5.695048e-03 1.628935e+01 -2.605266e-04 9.999998e-01 -5.071672e-04 3.842670e-01 5.694916e-03 5.086420e-04 9.999837e-01 7.643896e+01
9.999997e-01 -3.719604e-05 7.143363e-04 1.576086e+01 3.639184e-05 9.999994e-01 1.125959e-03 4.029788e-01 -7.143774e-04 -1.125932e-03 9.999991e-01 7.720583e+01
9.999890e-01 1.084033e-04 -4.689298e-03 1.551945e+01 -1.114997e-04 9.999998e-01 -6.600276e-04 4.070822e-01 4.689225e-03 6.605425e-04 9.999888e-01 7.805494e+01
9.999992e-01 -1.575782e-04 1.270407e-03 1.548750e+01 1.562387e-04 9.999994e-01 1.054538e-03 3.981052e-01 -1.270572e-03 -1.054338e-03 9.999986e-01 7.911859e+01
9.999914e-01 -7.200557e-05 -4.144601e-03 1.569217e+01 6.942071e-05 9.999998e-01 -6.237816e-04 3.755436e-01 4.144645e-03 6.234878e-04 9.999912e-01 8.008219e+01
9.999995e-01 -8.078738e-05 1.019136e-03 1.579529e+01 7.964759e-05 9.999994e-01 1.118508e-03 3.590561e-01 -1.019225e-03 -1.118426e-03 9.999989e-01 8.114256e+01
9.999892e-01 9.282842e-05 -4.637638e-03 1.565464e+01 -9.616895e-05 9.999997e-01 -7.200634e-04 3.566033e-01 4.637569e-03 7.205010e-04 9.999890e-01 8.224459e+01
9.999990e-01 -2.322287e-04 1.363632e-03 1.569560e+01 2.305911e-04 9.999993e-01 1.200977e-03 3.468707e-01 -1.363910e-03 -1.200661e-03 9.999983e-01 8.357177e+01
9.999883e-01 1.744013e-05 -4.844792e-03 1.603835e+01 -2.069626e-05 9.999998e-01 -6.720135e-04 3.331985e-01 4.844779e-03 6.721052e-04 9.999880e-01 8.461268e+01
9.999993e-01 -2.269417e-04 1.173437e-03 1.629472e+01 2.255758e-04 9.999993e-01 1.164128e-03 3.251337e-01 -1.173700e-03 -1.163862e-03 9.999986e-01 8.587002e+01
9.999903e-01 1.128978e-04 -4.393747e-03 1.643004e+01 -1.163207e-04 9.999997e-01 -7.787654e-04 3.132406e-01 4.393657e-03 7.792683e-04 9.999900e-01 8.675295e+01
9.999996e-01 -2.615146e-04 8.544026e-04 1.649793e+01 2.605226e-04 9.999993e-01 1.161157e-03 3.053260e-01 -8.547053e-04 -1.160933e-03 9.999990e-01 8.740919e+01
9.999896e-01 1.718119e-04 -4.553594e-03 1.635609e+01 -1.749412e-04 9.999997e-01 -6.867883e-04 3.043749e-01 4.553474e-03 6.875771e-04 9.999894e-01 8.826569e+01
9.999999e-01 -1.198836e-04 3.684192e-04 1.622132e+01 1.194878e-04 9.999994e-01 1.074405e-03 3.126703e-01 -3.685475e-04 -1.074361e-03 9.999994e-01 8.929310e+01
9.999855e-01 3.176045e-04 -5.383836e-03 1.570124e+01 -3.199225e-04 9.999999e-01 -4.296758e-04 3.318174e-01 5.383699e-03 4.313912e-04 9.999854e-01 8.993170e+01
9.999999e-01 -1.095436e-04 4.762202e-04 1.526146e+01 1.090246e-04 9.999994e-01 1.089975e-03 3.450824e-01 -4.763390e-04 -1.089922e-03 9.999993e-01 9.037830e+01
9.999934e-01 -1.400049e-04 -3.628707e-03 1.572463e+01 1.370719e-04 9.999997e-01 -8.084772e-04 3.389198e-01 3.628819e-03 8.079737e-04 9.999931e-01 9.100803e+01
9.999997e-01 -6.370340e-04 3.707591e-04 1.680133e+01 6.366984e-04 9.999994e-01 9.049544e-04 3.402590e-01 -3.713351e-04 -9.047174e-04 9.999995e-01 9.344354e+01
9.999883e-01 -3.482040e-05 -4.829933e-03 1.706984e+01 3.156925e-05 9.999998e-01 -6.731716e-04 3.728159e-01 4.829955e-03 6.730106e-04 9.999881e-01 9.706441e+01
9.999965e-01 -6.798857e-04 2.567531e-03 1.674137e+01 6.775879e-04 9.999994e-01 8.957649e-04 3.966618e-01 -2.568138e-03 -8.940213e-04 9.999963e-01 1.012107e+02
9.999847e-01 1.126021e-04 -5.527892e-03 1.636780e+01 -1.156735e-04 9.999998e-01 -5.552772e-04 4.227707e-01 5.527828e-03 5.559074e-04 9.999846e-01 1.050295e+02
9.999985e-01 -9.467371e-04 1.426525e-03 1.698531e+01 9.453796e-04 9.999991e-01 9.521042e-04 4.457859e-01 -1.427425e-03 -9.507535e-04 9.999985e-01 1.084736e+02
9.999861e-01 3.305545e-04 -5.264752e-03 1.771097e+01 -3.331492e-04 9.999998e-01 -4.919437e-04 4.647665e-01 5.264589e-03 4.936901e-04 9.999860e-01 1.116487e+02
9.999982e-01 -8.283290e-04 1.720604e-03 1.759294e+01 8.264560e-04 9.999991e-01 1.089099e-03 4.711326e-01 -1.721504e-03 -1.087674e-03 9.999979e-01 1.150002e+02
9.999812e-01 4.700808e-04 -6.106568e-03 1.759042e+01 -4.743110e-04 9.999996e-01 -6.912774e-04 4.961735e-01 6.106241e-03 6.941601e-04 9.999811e-01 1.178225e+02
9.999955e-01 -9.040998e-04 2.864977e-03 1.782072e+01 9.010366e-04 9.999990e-01 1.070350e-03 4.913450e-01 -2.865942e-03 -1.067763e-03 9.999953e-01 1.196046e+02
9.999793e-01 6.802106e-04 -6.404715e-03 1.856180e+01 -6.859906e-04 9.999994e-01 -9.002806e-04 4.805064e-01 6.404098e-03 9.046548e-04 9.999791e-01 1.201020e+02
9.999934e-01 -9.798235e-04 3.487930e-03 1.948202e+01 9.769629e-04 9.999992e-01 8.218082e-04 4.719294e-01 -3.488732e-03 -8.183945e-04 9.999936e-01 1.199442e+02
9.999784e-01 6.006400e-04 -6.548374e-03 2.044063e+01 -6.051097e-04 9.999996e-01 -6.805868e-04 4.576777e-01 6.547962e-03 6.845339e-04 9.999783e-01 1.199289e+02
9.999945e-01 -8.783143e-04 3.194644e-03 2.129509e+01 8.753854e-04 9.999992e-01 9.181532e-04 4.444485e-01 -3.195448e-03 -9.153509e-04 9.999945e-01 1.203033e+02
9.999785e-01 5.591038e-04 -6.540848e-03 2.217630e+01 -5.636705e-04 9.999996e-01 -6.963421e-04 4.300774e-01 6.540455e-03 7.000132e-04 9.999784e-01 1.206784e+02
9.999927e-01 -9.377984e-04 3.697517e-03 2.320659e+01 9.352427e-04 9.999993e-01 6.928968e-04 4.184472e-01 -3.698164e-03 -6.894330e-04 9.999929e-01 1.207225e+02
9.999773e-01 6.682002e-04 -6.698924e-03 2.406015e+01 -6.728580e-04 9.999995e-01 -6.930491e-04 4.103626e-01 6.698457e-03 6.975401e-04 9.999773e-01 1.205800e+02
9.999940e-01 -9.059711e-04 3.355577e-03 2.487514e+01 9.035041e-04 9.999993e-01 7.366850e-04 4.034434e-01 -3.356242e-03 -7.336481e-04 9.999941e-01 1.203981e+02
9.999780e-01 6.052921e-04 -6.604938e-03 2.575383e+01 -6.100199e-04 9.999996e-01 -7.137895e-04 3.971476e-01 6.604503e-03 7.178022e-04 9.999779e-01 1.201531e+02
9.999935e-01 -9.019299e-04 3.489916e-03 2.655577e+01 8.991758e-04 9.999993e-01 7.906909e-04 3.832931e-01 -3.490627e-03 -7.875471e-04 9.999936e-01 1.200956e+02
9.999770e-01 5.976567e-04 -6.749242e-03 2.729718e+01 -6.021639e-04 9.999996e-01 -6.657635e-04 3.660993e-01 6.748841e-03 6.698116e-04 9.999770e-01 1.201430e+02
9.999929e-01 -8.583686e-04 3.681805e-03 2.770170e+01 8.546015e-04 9.999991e-01 1.024662e-03 3.406669e-01 -3.682681e-03 -1.021508e-03 9.999927e-01 1.205277e+02
9.999745e-01 5.540002e-04 -7.120411e-03 2.843245e+01 -5.595858e-04 9.999995e-01 -7.824574e-04 3.205452e-01 7.119974e-03 7.864213e-04 9.999743e-01 1.206337e+02
9.999923e-01 -9.394910e-04 3.804930e-03 2.952973e+01 9.369235e-04 9.999993e-01 6.765494e-04 3.195816e-01 -3.805563e-03 -6.729785e-04 9.999925e-01 1.201865e+02
9.999755e-01 4.465275e-04 -6.990906e-03 3.080095e+01 -4.505531e-04 9.999997e-01 -5.742573e-04 3.050563e-01 6.990647e-03 5.773923e-04 9.999754e-01 1.200036e+02
9.999932e-01 -8.322057e-04 3.582066e-03 3.176117e+01 8.297324e-04 9.999994e-01 6.919632e-04 2.926266e-01 -3.582639e-03 -6.889856e-04 9.999933e-01 1.198160e+02
9.999773e-01 5.414452e-04 -6.715543e-03 3.242574e+01 -5.458905e-04 9.999996e-01 -6.600986e-04 2.839790e-01 6.715183e-03 6.637488e-04 9.999772e-01 1.195836e+02
9.999940e-01 -9.275814e-04 3.340357e-03 3.347103e+01 9.253102e-04 9.999993e-01 6.814662e-04 2.769415e-01 -3.340986e-03 -6.783705e-04 9.999942e-01 1.192673e+02
9.999777e-01 4.746936e-04 -6.654718e-03 3.469777e+01 -4.782394e-04 9.999997e-01 -5.312177e-04 2.625851e-01 6.654464e-03 5.343877e-04 9.999777e-01 1.190882e+02
9.999933e-01 -8.251187e-04 3.565056e-03 3.562009e+01 8.231979e-04 9.999995e-01 5.402758e-04 2.559572e-01 -3.565499e-03 -5.373367e-04 9.999935e-01 1.187583e+02
9.999798e-01 4.775199e-04 -6.343377e-03 3.641115e+01 -4.824749e-04 9.999996e-01 -7.795910e-04 2.527822e-01 6.343002e-03 7.826351e-04 9.999796e-01 1.183137e+02
9.999941e-01 -9.211809e-04 3.311544e-03 3.750536e+01 9.190764e-04 9.999994e-01 6.370356e-04 2.483639e-01 -3.312129e-03 -6.339875e-04 9.999943e-01 1.178807e+02
9.999784e-01 8.118204e-04 -6.516254e-03 3.779564e+01 -8.154460e-04 9.999995e-01 -5.537190e-04 2.547078e-01 6.515801e-03 5.590200e-04 9.999786e-01 1.169579e+02
9.999937e-01 -9.840769e-04 3.422026e-03 3.827197e+01 9.822163e-04 9.999994e-01 5.454125e-04 2.642836e-01 -3.422561e-03 -5.420472e-04 9.999940e-01 1.160235e+02
9.999787e-01 5.297809e-04 -6.507413e-03 3.955463e+01 -5.334505e-04 9.999997e-01 -5.621526e-04 2.546822e-01 6.507112e-03 5.656113e-04 9.999787e-01 1.157179e+02
9.999939e-01 -8.614168e-04 3.373309e-03 4.052079e+01 8.606077e-04 9.999996e-01 2.413403e-04 2.576815e-01 -3.373516e-03 -2.384351e-04 9.999943e-01 1.151687e+02
9.999788e-01 2.910285e-04 -6.505090e-03 4.235355e+01 -2.944806e-04 9.999998e-01 -5.296971e-04 2.618993e-01 6.504935e-03 5.316008e-04 9.999787e-01 1.144929e+02
9.999944e-01 -8.273576e-04 3.257497e-03 4.395628e+01 8.262590e-04 9.999996e-01 3.386434e-04 2.632534e-01 -3.257776e-03 -3.359493e-04 9.999946e-01 1.139024e+02
9.999812e-01 5.059668e-04 -6.117480e-03 4.487789e+01 -5.108902e-04 9.999995e-01 -8.032508e-04 2.771175e-01 6.117070e-03 8.063604e-04 9.999810e-01 1.130043e+02
9.999941e-01 -7.560462e-04 3.342391e-03 4.550719e+01 7.533752e-04 9.999994e-01 8.003884e-04 2.762427e-01 -3.342994e-03 -7.978650e-04 9.999941e-01 1.124429e+02
9.999810e-01 4.932505e-04 -6.150904e-03 4.605258e+01 -4.990457e-04 9.999994e-01 -9.406402e-04 2.758280e-01 6.150436e-03 9.436911e-04 9.999806e-01 1.118050e+02
9.999946e-01 -6.492220e-04 3.233150e-03 4.645150e+01 6.463263e-04 9.999994e-01 8.966637e-04 2.860600e-01 -3.233730e-03 -8.945684e-04 9.999944e-01 1.107810e+02
9.999811e-01 2.390707e-04 -6.142130e-03 4.751150e+01 -2.457874e-04 9.999994e-01 -1.092777e-03 2.852276e-01 6.141864e-03 1.094266e-03 9.999805e-01 1.102613e+02
9.999945e-01 -7.233939e-04 3.227389e-03 4.867050e+01 7.206237e-04 9.999994e-01 8.594772e-04 2.831477e-01 -3.228008e-03 -8.571461e-04 9.999944e-01 1.097440e+02
9.999808e-01 8.056957e-05 -6.189268e-03 5.039902e+01 -8.678387e-05 9.999995e-01 -1.003753e-03 2.772290e-01 6.189184e-03 1.004271e-03 9.999803e-01 1.092473e+02
9.999934e-01 -8.817139e-04 3.519895e-03 5.256537e+01 8.787216e-04 9.999993e-01 8.516268e-04 2.639364e-01 -3.520643e-03 -8.485275e-04 9.999934e-01 1.088628e+02
9.999816e-01 3.676229e-04 -6.047139e-03 5.374578e+01 -3.754213e-04 9.999991e-01 -1.288482e-03 2.647354e-01 6.046660e-03 1.290728e-03 9.999809e-01 1.082604e+02
9.999948e-01 -4.841767e-04 3.192603e-03 5.396209e+01 4.798747e-04 9.999990e-01 1.348172e-03 2.746643e-01 -3.193252e-03 -1.346632e-03 9.999940e-01 1.070948e+02
9.999823e-01 2.240122e-04 -5.946729e-03 5.482651e+01 -2.340375e-04 9.999986e-01 -1.685185e-03 2.856513e-01 5.946343e-03 1.686547e-03 9.999809e-01 1.063236e+02
9.999959e-01 -7.013270e-04 2.776376e-03 5.644490e+01 6.977734e-04 9.999989e-01 1.280781e-03 2.964600e-01 -2.777271e-03 -1.278838e-03 9.999953e-01 1.055534e+02
9.999847e-01 2.578697e-05 -5.538877e-03 5.845740e+01 -3.427277e-05 9.999988e-01 -1.531921e-03 2.965141e-01 5.538831e-03 1.532087e-03 9.999835e-01 1.049115e+02
9.999968e-01 -4.665335e-04 2.484719e-03 5.980718e+01 4.634879e-04 9.999991e-01 1.226234e-03 3.013187e-01 -2.485289e-03 -1.225078e-03 9.999962e-01 1.042516e+02
9.999871e-01 5.085922e-05 -5.083793e-03 6.078926e+01 -5.767692e-05 9.999991e-01 -1.340890e-03 2.910859e-01 5.083720e-03 1.341166e-03 9.999862e-01 1.039719e+02
9.999977e-01 -1.582257e-04 2.152177e-03 6.098407e+01 1.551504e-04 9.999990e-01 1.429114e-03 2.970694e-01 -2.152400e-03 -1.428776e-03 9.999967e-01 1.030172e+02
9.999874e-01 -1.501303e-05 -5.021430e-03 6.152842e+01 6.831088e-06 9.999987e-01 -1.629380e-03 3.087060e-01 5.021448e-03 1.629324e-03 9.999861e-01 1.020672e+02
9.999975e-01 -8.291084e-04 2.093120e-03 6.460778e+01 8.279142e-04 9.999995e-01 5.714453e-04 3.444229e-01 -2.093592e-03 -5.697103e-04 9.999976e-01 1.005671e+02
9.999864e-01 5.031667e-04 -5.181664e-03 6.570242e+01 -5.080636e-04 9.999994e-01 -9.437397e-04 3.545628e-01 5.181186e-03 9.463588e-04 9.999861e-01 9.988430e+01
9.999989e-01 -5.940417e-04 1.329819e-03 6.586063e+01 5.922251e-04 9.999989e-01 1.366174e-03 3.509249e-01 -1.330629e-03 -1.365385e-03 9.999982e-01 9.949495e+01
9.999880e-01 3.097388e-04 -4.898681e-03 6.643746e+01 -3.142051e-04 9.999995e-01 -9.109516e-04 3.263330e-01 4.898397e-03 9.124791e-04 9.999876e-01 9.994840e+01
9.999994e-01 -5.774804e-04 9.025591e-04 6.702404e+01 5.763372e-04 9.999990e-01 1.266616e-03 3.089185e-01 -9.032894e-04 -1.266094e-03 9.999988e-01 1.002656e+02
9.999915e-01 1.298247e-04 -4.109946e-03 6.824702e+01 -1.353188e-04 9.999991e-01 -1.336469e-03 3.001186e-01 4.109769e-03 1.337013e-03 9.999907e-01 1.000035e+02
9.999993e-01 -6.381024e-04 1.044135e-03 6.952506e+01 6.367560e-04 9.999990e-01 1.289534e-03 2.909590e-01 -1.044956e-03 -1.288868e-03 9.999986e-01 9.966558e+01
9.999932e-01 2.385641e-04 -3.673409e-03 7.066172e+01 -2.441716e-04 9.999988e-01 -1.526084e-03 2.911282e-01 3.673040e-03 1.526970e-03 9.999921e-01 9.909333e+01
9.999990e-01 -6.387771e-04 1.274329e-03 7.153086e+01 6.370944e-04 9.999989e-01 1.320559e-03 2.846536e-01 -1.275171e-03 -1.319745e-03 9.999983e-01 9.869676e+01
9.999922e-01 3.418698e-04 -3.936376e-03 7.229567e+01 -3.481671e-04 9.999987e-01 -1.599149e-03 2.877770e-01 3.935823e-03 1.600506e-03 9.999910e-01 9.802721e+01
9.999995e-01 -4.681136e-04 8.830567e-04 7.250258e+01 4.666314e-04 9.999985e-01 1.678195e-03 2.985302e-01 -8.838406e-04 -1.677781e-03 9.999982e-01 9.678279e+01
9.999910e-01 3.979182e-04 -4.235378e-03 7.257888e+01 -4.038476e-04 9.999989e-01 -1.399151e-03 3.083399e-01 4.234817e-03 1.400848e-03 9.999901e-01 9.550058e+01
9.999997e-01 -4.559852e-04 6.720438e-04 7.260424e+01 4.548453e-04 9.999985e-01 1.695678e-03 3.200968e-01 -6.728157e-04 -1.695371e-03 9.999983e-01 9.405728e+01
9.999935e-01 3.235753e-04 -3.599618e-03 7.283172e+01 -3.294987e-04 9.999986e-01 -1.645021e-03 3.341163e-01 3.599080e-03 1.646196e-03 9.999922e-01 9.264769e+01
9.999996e-01 -4.534636e-04 7.319101e-04 7.305385e+01 4.522428e-04 9.999985e-01 1.667502e-03 3.459591e-01 -7.326649e-04 -1.667170e-03 9.999983e-01 9.136133e+01
9.999932e-01 3.432905e-04 -3.667719e-03 7.327174e+01 -3.493607e-04 9.999986e-01 -1.654467e-03 3.604237e-01 3.667145e-03 1.655737e-03 9.999919e-01 8.991713e+01
9.999997e-01 -4.566963e-04 6.821607e-04 7.342970e+01 4.554963e-04 9.999984e-01 1.758499e-03 3.751485e-01 -6.829624e-04 -1.758187e-03 9.999982e-01 8.839711e+01
9.999922e-01 3.631614e-04 -3.935778e-03 7.354310e+01 -3.691701e-04 9.999988e-01 -1.525997e-03 3.868675e-01 3.935219e-03 1.527437e-03 9.999911e-01 8.703847e+01
9.999998e-01 -4.104355e-04 4.684143e-04 7.356484e+01 4.095465e-04 9.999981e-01 1.896943e-03 3.923295e-01 -4.691917e-04 -1.896750e-03 9.999981e-01 8.596819e+01
9.999919e-01 3.602831e-04 -4.001969e-03 7.359439e+01 -3.665622e-04 9.999987e-01 -1.568317e-03 3.972874e-01 4.001399e-03 1.569771e-03 9.999908e-01 8.490733e+01
9.999997e-01 -4.496913e-04 6.645505e-04 7.369456e+01 4.484949e-04 9.999983e-01 1.799730e-03 4.043082e-01 -6.653584e-04 -1.799431e-03 9.999982e-01 8.375914e+01
9.999911e-01 4.270939e-04 -4.202856e-03 7.364862e+01 -4.332943e-04 9.999988e-01 -1.474437e-03 4.194219e-01 4.202221e-03 1.476244e-03 9.999901e-01 8.205535e+01
9.999991e-01 -4.970559e-04 1.251489e-03 7.370990e+01 4.950392e-04 9.999986e-01 1.611359e-03 4.391982e-01 -1.252288e-03 -1.610738e-03 9.999979e-01 8.016591e+01
9.999945e-01 3.125324e-04 -3.307260e-03 7.424946e+01 -3.182490e-04 9.999985e-01 -1.728072e-03 4.369475e-01 3.306714e-03 1.729114e-03 9.999930e-01 7.959285e+01
9.999999e-01 -4.083970e-04 -3.004431e-04 7.429695e+01 4.089909e-04 9.999980e-01 1.978697e-03 4.481769e-01 2.996347e-04 -1.978819e-03 9.999980e-01 7.819803e+01
9.999935e-01 4.387790e-04 -3.575464e-03 7.416432e+01 -4.438974e-04 9.999989e-01 -1.430804e-03 4.581122e-01 3.574832e-03 1.432381e-03 9.999926e-01 7.682406e+01
9.999997e-01 -3.984419e-04 -7.192268e-04 7.396569e+01 3.998947e-04 9.999979e-01 2.020584e-03 4.683420e-01 7.184205e-04 -2.020870e-03 9.999977e-01 7.536417e+01
9.999978e-01 2.949189e-04 -2.066157e-03 7.418292e+01 -2.988647e-04 9.999981e-01 -1.909577e-03 4.806790e-01 2.065589e-03 1.910190e-03 9.999960e-01 7.405586e+01
9.999973e-01 -2.402515e-04 -2.331277e-03 7.398743e+01 2.461691e-04 9.999967e-01 2.538339e-03 4.875789e-01 2.330660e-03 -2.538905e-03 9.999941e-01 7.306500e+01
9.999980e-01 2.920387e-04 -1.980483e-03 7.377190e+01 -2.957991e-04 9.999982e-01 -1.898600e-03 4.966232e-01 1.979925e-03 1.899181e-03 9.999962e-01 7.168359e+01
9.999993e-01 -4.600080e-04 -1.077549e-03 7.417972e+01 4.622626e-04 9.999977e-01 2.092847e-03 4.984051e-01 1.076584e-03 -2.093343e-03 9.999972e-01 7.097362e+01
9.999978e-01 3.231588e-04 -2.083158e-03 7.461272e+01 -3.274462e-04 9.999978e-01 -2.058022e-03 4.970542e-01 2.082488e-03 2.058699e-03 9.999957e-01 7.061401e+01
9.999989e-01 -4.632860e-04 -1.408596e-03 7.516566e+01 4.664184e-04 9.999974e-01 2.224072e-03 4.909088e-01 1.407562e-03 -2.224725e-03 9.999965e-01 7.044029e+01
9.999984e-01 3.076193e-04 -1.754923e-03 7.558406e+01 -3.116622e-04 9.999973e-01 -2.303768e-03 4.999011e-01 1.754210e-03 2.304311e-03 9.999958e-01 6.949028e+01
9.999995e-01 -4.217729e-04 -8.946983e-04 7.598436e+01 4.237173e-04 9.999975e-01 2.173891e-03 5.140023e-01 8.937795e-04 -2.174269e-03 9.999972e-01 6.826338e+01
9.999981e-01 3.777572e-04 -1.907133e-03 7.626662e+01 -3.819627e-04 9.999975e-01 -2.205098e-03 5.255924e-01 1.906295e-03 2.205821e-03 9.999958e-01 6.716419e+01
9.999990e-01 -5.231856e-04 -1.293339e-03 7.677134e+01 5.259523e-04 9.999976e-01 2.139590e-03 5.330448e-01 1.292217e-03 -2.140268e-03 9.999969e-01 6.635680e+01
9.999988e-01 1.987633e-04 -1.548868e-03 7.758844e+01 -2.022839e-04 9.999974e-01 -2.273071e-03 5.306365e-01 1.548412e-03 2.273381e-03 9.999962e-01 6.590857e+01
9.999993e-01 -5.921657e-04 -1.062337e-03 7.868625e+01 5.946776e-04 9.999970e-01 2.365530e-03 5.112509e-01 1.060934e-03 -2.366160e-03 9.999966e-01 6.584254e+01
9.999989e-01 2.858643e-04 -1.462999e-03 7.946123e+01 -2.897654e-04 9.999964e-01 -2.666858e-03 5.131518e-01 1.462231e-03 2.667279e-03 9.999954e-01 6.524585e+01
9.999990e-01 -3.846062e-04 -1.390930e-03 7.983019e+01 3.883593e-04 9.999963e-01 2.698850e-03 5.185708e-01 1.389887e-03 -2.699387e-03 9.999954e-01 6.442268e+01
9.999976e-01 3.513930e-04 -2.179663e-03 7.993638e+01 -3.565747e-04 9.999971e-01 -2.377277e-03 5.157952e-01 2.178821e-03 2.378047e-03 9.999948e-01 6.390564e+01
9.999982e-01 -3.180985e-04 -1.894974e-03 7.981961e+01 3.235242e-04 9.999958e-01 2.863433e-03 5.207107e-01 1.894056e-03 -2.864040e-03 9.999941e-01 6.279870e+01
9.999977e-01 3.368281e-04 -2.135948e-03 7.974347e+01 -3.416934e-04 9.999973e-01 -2.277765e-03 5.256340e-01 2.135175e-03 2.278489e-03 9.999951e-01 6.213641e+01
9.999981e-01 -3.818562e-04 -1.928425e-03 7.991970e+01 3.870692e-04 9.999963e-01 2.703505e-03 5.264710e-01 1.927386e-03 -2.704246e-03 9.999945e-01 6.197246e+01
9.999992e-01 1.860474e-04 -1.271885e-03 8.062948e+01 -1.893894e-04 9.999965e-01 -2.627811e-03 5.221396e-01 1.271391e-03 2.628049e-03 9.999957e-01 6.174522e+01
9.999993e-01 -9.005422e-04 -7.684056e-04 8.140541e+01 9.031545e-04 9.999938e-01 3.405762e-03 4.575880e-01 7.653341e-04 -3.406453e-03 9.999939e-01 6.355340e+01
9.999994e-01 3.228532e-04 1.010111e-03 8.188624e+01 -3.197543e-04 9.999952e-01 -3.066785e-03 3.981583e-01 -1.011096e-03 3.066459e-03 9.999948e-01 6.541060e+01
9.999897e-01 -3.454869e-04 -4.516783e-03 8.195615e+01 3.606878e-04 9.999943e-01 3.365000e-03 4.025025e-01 4.515595e-03 -3.366594e-03 9.999841e-01 6.444114e+01
9.999993e-01 2.768090e-04 1.176030e-03 8.210825e+01 -2.731221e-04 9.999951e-01 -3.134267e-03 4.076303e-01 -1.176892e-03 3.133943e-03 9.999944e-01 6.348678e+01
9.999899e-01 -6.049625e-04 -4.453797e-03 8.306578e+01 6.204287e-04 9.999938e-01 3.471977e-03 3.908471e-01 4.451669e-03 -3.474704e-03 9.999841e-01 6.343911e+01
9.999993e-01 5.767238e-04 1.002045e-03 8.319272e+01 -5.734911e-04 9.999946e-01 -3.223689e-03 3.952110e-01 -1.003899e-03 3.223111e-03 9.999943e-01 6.256138e+01
9.999905e-01 -6.542360e-04 -4.314481e-03 8.336916e+01 6.688070e-04 9.999941e-01 3.376607e-03 4.044447e-01 4.312246e-03 -3.379460e-03 9.999850e-01 6.141898e+01
9.999986e-01 2.927083e-04 1.650661e-03 8.446713e+01 -2.863848e-04 9.999926e-01 -3.829973e-03 4.162808e-01 -1.651770e-03 3.829494e-03 9.999913e-01 6.064862e+01
9.999891e-01 -3.770149e-04 -4.660843e-03 8.473779e+01 3.951178e-04 9.999924e-01 3.883691e-03 4.254558e-01 4.659344e-03 -3.885490e-03 9.999816e-01 5.957182e+01
9.999990e-01 3.415425e-04 1.386538e-03 8.488143e+01 -3.364203e-04 9.999931e-01 -3.693009e-03 4.351170e-01 -1.387790e-03 3.692538e-03 9.999922e-01 5.839696e+01
9.999901e-01 -6.533800e-04 -4.404381e-03 8.586427e+01 6.704123e-04 9.999923e-01 3.866691e-03 4.243362e-01 4.401821e-03 -3.869605e-03 9.999828e-01 5.816962e+01
9.999990e-01 8.319145e-05 1.431898e-03 8.726926e+01 -7.790895e-05 9.999932e-01 -3.689000e-03 3.966972e-01 -1.432195e-03 3.688884e-03 9.999922e-01 5.827363e+01
9.999808e-01 1.319502e-05 -6.191726e-03 8.677646e+01 1.503366e-05 9.999896e-01 4.558987e-03 4.113649e-01 6.191722e-03 -4.558992e-03 9.999704e-01 5.914696e+01
9.999998e-01 3.642389e-04 4.785621e-04 8.577001e+01 -3.623693e-04 9.999923e-01 -3.901562e-03 4.588159e-01 -4.799798e-04 3.901387e-03 9.999923e-01 6.039550e+01
9.999933e-01 -5.207838e-04 -3.635743e-03 8.626929e+01 5.347410e-04 9.999925e-01 3.838890e-03 4.605512e-01 3.633716e-03 -3.840807e-03 9.999860e-01 5.983483e+01
9.999998e-01 5.259989e-04 1.598996e-04 8.627135e+01 -5.254318e-04 9.999936e-01 -3.527772e-03 4.739279e-01 -1.617544e-04 3.527687e-03 9.999938e-01 5.834752e+01
9.999953e-01 -7.846021e-04 -2.957624e-03 8.707565e+01 7.948194e-04 9.999937e-01 3.454888e-03 4.797797e-01 2.954895e-03 -3.457222e-03 9.999897e-01 5.761304e+01
9.999999e-01 4.313040e-04 2.547899e-04 8.818260e+01 -4.304094e-04 9.999938e-01 -3.502161e-03 4.720303e-01 -2.562991e-04 3.502050e-03 9.999938e-01 5.731152e+01
9.999943e-01 -8.699524e-04 -3.267485e-03 8.913897e+01 8.819872e-04 9.999928e-01 3.683510e-03 4.515773e-01 3.264257e-03 -3.686370e-03 9.999879e-01 5.730300e+01
9.999999e-01 4.062507e-04 1.744034e-04 9.024182e+01 -4.056300e-04 9.999936e-01 -3.545625e-03 4.310734e-01 -1.758430e-04 3.545553e-03 9.999937e-01 5.730648e+01
9.999950e-01 -5.030370e-04 -3.132271e-03 9.046165e+01 5.144795e-04 9.999932e-01 3.653283e-03 4.429537e-01 3.130413e-03 -3.654876e-03 9.999884e-01 5.600543e+01
9.999999e-01 3.237735e-04 2.257908e-04 9.108103e+01 -3.229028e-04 9.999925e-01 -3.846908e-03 4.581143e-01 -2.270350e-04 3.846834e-03 9.999926e-01 5.490460e+01
9.999949e-01 -5.493608e-04 -3.143016e-03 9.176514e+01 5.613794e-04 9.999925e-01 3.824205e-03 4.598923e-01 3.140891e-03 -3.825949e-03 9.999877e-01 5.429029e+01
1.000000e+00 1.648379e-04 5.075273e-05 9.288539e+01 -1.646375e-04 9.999923e-01 -3.927076e-03 4.581863e-01 -5.139995e-05 3.927067e-03 9.999923e-01 5.381721e+01
9.999946e-01 -6.000359e-04 -3.240519e-03 9.418615e+01 6.094472e-04 9.999956e-01 2.903976e-03 5.145636e-01 3.238762e-03 -2.905934e-03 9.999905e-01 5.132058e+01
9.999986e-01 7.472431e-04 -1.524036e-03 9.464380e+01 -7.520155e-04 9.999948e-01 -3.133067e-03 6.161154e-01 1.521687e-03 3.134208e-03 9.999939e-01 4.787357e+01
9.999296e-01 6.414333e-04 -1.184855e-02 9.173447e+01 -5.704365e-04 9.999819e-01 5.994403e-03 7.314649e-01 1.185218e-02 -5.987221e-03 9.999118e-01 4.748741e+01
9.999916e-01 1.165429e-03 -3.933944e-03 8.808740e+01 -1.174246e-03 9.999968e-01 -2.239645e-03 8.691963e-01 3.931321e-03 2.244245e-03 9.999898e-01 4.677685e+01
9.999182e-01 5.502596e-04 -1.277794e-02 8.441191e+01 -4.744756e-04 9.999823e-01 5.933102e-03 1.036264e+00 1.278098e-02 -5.926553e-03 9.999008e-01 4.403975e+01
9.999943e-01 1.338246e-04 3.376396e-03 8.281286e+01 -1.205657e-04 9.999923e-01 -3.926917e-03 1.113616e+00 -3.376896e-03 3.926487e-03 9.999866e-01 4.210252e+01
9.999791e-01 -6.419751e-04 -6.427239e-03 8.410664e+01 6.691952e-04 9.999908e-01 4.233818e-03 1.086141e+00 6.424463e-03 -4.238030e-03 9.999704e-01 4.224301e+01
9.999931e-01 -4.357826e-04 3.684360e-03 8.654382e+01 4.501097e-04 9.999923e-01 -3.888786e-03 1.030684e+00 -3.682637e-03 3.890417e-03 9.999857e-01 4.283077e+01
9.999826e-01 -4.840499e-04 -5.884787e-03 8.861207e+01 5.093643e-04 9.999906e-01 4.300881e-03 9.792342e-01 5.882650e-03 -4.303803e-03 9.999734e-01 4.344460e+01
9.999898e-01 -2.296496e-04 4.519715e-03 8.936002e+01 2.459933e-04 9.999934e-01 -3.615944e-03 9.080484e-01 -4.518855e-03 3.617019e-03 9.999832e-01 4.526154e+01
9.999879e-01 -4.678126e-04 -4.897193e-03 9.027021e+01 4.883907e-04 9.999911e-01 4.201606e-03 8.390694e-01 4.895184e-03 -4.203946e-03 9.999792e-01 4.680385e+01
9.999977e-01 -7.608881e-05 2.162585e-03 9.172587e+01 8.491107e-05 9.999917e-01 -4.079833e-03 8.147020e-01 -2.162257e-03 4.080007e-03 9.999893e-01 4.684571e+01
9.999865e-01 -3.978463e-04 -5.187135e-03 9.298161e+01 4.188572e-04 9.999917e-01 4.050065e-03 8.017650e-01 5.185481e-03 -4.052182e-03 9.999783e-01 4.661041e+01
9.999977e-01 1.095244e-04 2.145474e-03 9.395388e+01 -1.006740e-04 9.999915e-01 -4.124930e-03 7.992573e-01 -2.145908e-03 4.124704e-03 9.999892e-01 4.624124e+01
9.999887e-01 -6.429260e-04 -4.711549e-03 9.523210e+01 6.619995e-04 9.999916e-01 4.047750e-03 7.790434e-01 4.708908e-03 -4.050823e-03 9.999807e-01 4.628573e+01
9.999969e-01 -1.157273e-04 2.495198e-03 9.697652e+01 1.251721e-04 9.999928e-01 -3.785515e-03 7.389434e-01 -2.494742e-03 3.785815e-03 9.999897e-01 4.674071e+01
9.999882e-01 -6.458216e-04 -4.817716e-03 9.878128e+01 6.652518e-04 9.999916e-01 4.032499e-03 6.955636e-01 4.815072e-03 -4.035656e-03 9.999803e-01 4.718823e+01
9.999970e-01 2.193155e-04 2.452931e-03 9.971899e+01 -2.090738e-04 9.999913e-01 -4.174880e-03 6.803261e-01 -2.453826e-03 4.174354e-03 9.999883e-01 4.706128e+01
9.999867e-01 -5.293379e-04 -5.126018e-03 1.005627e+02 5.518390e-04 9.999902e-01 4.389116e-03 6.643496e-01 5.123645e-03 -4.391886e-03 9.999772e-01 4.696159e+01
9.999972e-01 -7.300968e-06 2.365173e-03 1.018998e+02 1.697215e-05 9.999916e-01 -4.089127e-03 6.313069e-01 -2.365123e-03 4.089156e-03 9.999888e-01 4.726829e+01
9.999865e-01 -5.349626e-04 -5.173744e-03 1.032299e+02 5.574436e-04 9.999904e-01 4.344690e-03 5.971768e-01 5.171371e-03 -4.347514e-03 9.999772e-01 4.760848e+01
9.999971e-01 2.263952e-05 2.417683e-03 1.044396e+02 -1.293862e-05 9.999919e-01 -4.012538e-03 5.612588e-01 -2.417754e-03 4.012495e-03 9.999890e-01 4.802368e+01
9.999885e-01 -1.095541e-03 -4.674042e-03 1.064252e+02 1.116824e-03 9.999890e-01 4.553238e-03 5.079489e-01 4.669003e-03 -4.558405e-03 9.999787e-01 4.882897e+01
9.999978e-01 -4.492588e-05 2.077975e-03 1.090995e+02 5.416274e-05 9.999901e-01 -4.445424e-03 4.655120e-01 -2.077755e-03 4.445527e-03 9.999880e-01 4.940869e+01
9.999916e-01 -1.341171e-03 -3.879418e-03 1.123769e+02 1.358597e-03 9.999890e-01 4.492694e-03 4.270826e-01 3.873350e-03 -4.497926e-03 9.999824e-01 4.969843e+01
9.999971e-01 -2.459402e-05 2.406491e-03 1.145734e+02 3.381483e-05 9.999927e-01 -3.831802e-03 3.433651e-01 -2.406379e-03 3.831871e-03 9.999898e-01 5.132325e+01
9.999877e-01 -8.409406e-04 -4.883529e-03 1.163930e+02 8.612181e-04 9.999910e-01 4.151555e-03 2.946959e-01 4.879994e-03 -4.155709e-03 9.999795e-01 5.219960e+01
9.999990e-01 -5.870887e-04 1.279185e-03 1.200014e+02 5.923764e-04 9.999913e-01 -4.137380e-03 2.693928e-01 -1.276745e-03 4.138133e-03 9.999906e-01 5.201874e+01
9.999926e-01 -1.723116e-03 -3.438338e-03 1.258973e+02 1.734493e-03 9.999930e-01 3.308513e-03 2.344245e-01 3.432613e-03 -3.314452e-03 9.999886e-01 5.173154e+01
9.999992e-01 8.674934e-04 8.808137e-04 1.283250e+02 -8.643865e-04 9.999934e-01 -3.521997e-03 2.174648e-01 -8.838635e-04 3.521232e-03 9.999934e-01 5.154137e+01
9.999867e-01 -1.664517e-03 -4.890723e-03 1.303849e+02 1.680438e-03 9.999933e-01 3.253042e-03 2.209733e-01 4.885276e-03 -3.261217e-03 9.999827e-01 5.089331e+01
9.999957e-01 1.242410e-03 2.663965e-03 1.318543e+02 -1.233165e-03 9.999932e-01 -3.469404e-03 2.119083e-01 -2.668257e-03 3.466103e-03 9.999904e-01 5.068172e+01
9.999817e-01 -1.846580e-03 -5.760376e-03 1.336282e+02 1.866632e-03 9.999922e-01 3.477559e-03 1.945332e-01 5.753910e-03 -3.488247e-03 9.999774e-01 5.053234e+01
9.999961e-01 1.227712e-03 2.512742e-03 1.350747e+02 -1.218794e-03 9.999930e-01 -3.547519e-03 1.843380e-01 -2.517080e-03 3.544442e-03 9.999906e-01 5.027239e+01
9.999820e-01 -1.229015e-03 -5.874438e-03 1.352006e+02 1.251684e-03 9.999918e-01 3.856696e-03 1.883053e-01 5.869650e-03 -3.863979e-03 9.999753e-01 4.980670e+01
9.999922e-01 9.501841e-04 3.835442e-03 1.356939e+02 -9.355636e-04 9.999923e-01 -3.812023e-03 1.726842e-01 -3.839035e-03 3.808405e-03 9.999854e-01 5.009767e+01
9.999826e-01 -1.283195e-03 -5.760002e-03 1.361379e+02 1.305861e-03 9.999914e-01 3.932962e-03 1.471007e-01 5.754906e-03 -3.940414e-03 9.999757e-01 5.095828e+01
9.999931e-01 5.005976e-04 3.672557e-03 1.377922e+02 -4.869459e-04 9.999930e-01 -3.717274e-03 9.910726e-02 -3.674392e-03 3.715459e-03 9.999863e-01 5.162465e+01
9.999837e-01 -1.059957e-03 -5.607349e-03 1.388146e+02 1.080163e-03 9.999929e-01 3.601705e-03 7.369562e-02 5.603492e-03 -3.607703e-03 9.999778e-01 5.191171e+01
9.999932e-01 6.761505e-04 3.619242e-03 1.396213e+02 -6.623817e-04 9.999925e-01 -3.804245e-03 6.049182e-02 -3.621787e-03 3.801821e-03 9.999862e-01 5.205477e+01
9.999844e-01 -1.301315e-03 -5.435345e-03 1.410381e+02 1.320914e-03 9.999926e-01 3.603864e-03 4.219784e-02 5.430616e-03 -3.610987e-03 9.999787e-01 5.204673e+01
9.999943e-01 1.028257e-03 3.214880e-03 1.415820e+02 -1.016038e-03 9.999923e-01 -3.800337e-03 3.440535e-02 -3.218763e-03 3.797048e-03 9.999876e-01 5.218571e+01
