9.999943e-01 -8.137550e-05 -3.389889e-03 1.030000e-02 8.280250e-05 9.999999e-01 4.208252e-04 -1.495741e-02 3.389854e-03 -4.211042e-04 9.999942e-01 5.218191e-01
1.000000e+00 1.569103e-05 -2.117037e-06 -2.079554e-02 -1.569100e-05 1.000000e+00 1.379689e-06 -2.881127e-02 2.117400e-06 -1.378943e-06 1.000000e+00 1.142117e+00
9.999943e-01 -7.705702e-05 -3.364598e-03 -1.130470e-01 7.829930e-05 9.999999e-01 3.690980e-04 -3.868449e-02 3.364569e-03 -3.693601e-04 9.999943e-01 1.849272e+00
9.999998e-01 -1.329575e-04 6.094357e-04 -2.703413e-03 1.329391e-04 1.000000e+00 3.028158e-05 -6.354603e-02 -6.094393e-04 -3.019984e-05 9.999998e-01 2.555386e+00
9.999937e-01 -3.238548e-05 -3.561492e-03 1.591274e-01 3.391728e-05 9.999999e-01 4.300474e-04 -8.790231e-02 3.561477e-03 -4.301662e-04 9.999936e-01 3.077018e+00
9.999998e-01 -9.623715e-05 6.727669e-04 2.417135e-01 9.623990e-05 1.000000e+00 -4.014844e-06 -1.116670e-01 -6.727662e-04 4.080302e-06 9.999998e-01 3.696835e+00
9.999934e-01 -5.323217e-05 -3.633025e-03 3.192126e-01 5.471190e-05 9.999999e-01 4.072097e-04 -1.320223e-01 3.633002e-03 -4.074065e-04 9.999933e-01 4.349569e+00
1.000000e+00 5.196468e-06 1.988229e-05 2.370477e-01 -5.198579e-06 1.000000e+00 1.078019e-04 -1.436775e-01 -1.988139e-05 -1.078013e-04 1.000000e+00 4.908159e+00
9.999889e-01 1.505958e-04 -4.717102e-03 -1.912551e-01 -1.480400e-04 9.999998e-01 5.421720e-04 -1.347708e-01 4.717182e-03 -5.414683e-04 9.999887e-01 5.450556e+00
9.999996e-01 -1.401213e-04 8.783117e-04 -3.725393e-01 1.401813e-04 1.000000e+00 -6.826767e-05 -1.393023e-01 -8.783018e-04 6.839148e-05 9.999996e-01 5.966687e+00
9.999940e-01 -1.130817e-04 -3.472773e-03 -1.684701e-01 1.147735e-04 9.999999e-01 4.869902e-04 -1.688862e-01 3.472717e-03 -4.873866e-04 9.999939e-01 6.807050e+00
1.000000e+00 4.678660e-05 -4.637888e-05 -2.686922e-01 -4.678853e-05 1.000000e+00 -4.243024e-05 -1.779567e-01 4.637723e-05 4.243312e-05 1.000000e+00 7.623671e+00
9.999877e-01 6.892585e-05 -4.962093e-03 -5.920545e-01 -6.490935e-05 9.999997e-01 8.096010e-04 -1.727817e-01 4.962147e-03 -8.092697e-04 9.999874e-01 7.899389e+00
9.999992e-01 -1.500952e-04 1.292260e-03 -6.386531e-01 1.505100e-04 9.999999e-01 -3.208811e-04 -1.815357e-01 -1.292212e-03 3.210760e-04 9.999991e-01 8.492701e+00
9.999839e-01 2.282734e-04 -5.665234e-03 -9.249852e-01 -2.232043e-04 9.999996e-01 8.953930e-04 -1.788989e-01 5.665436e-03 -8.941148e-04 9.999836e-01 9.071476e+00
1.000000e+00 1.681861e-05 1.539599e-04 -1.448468e+00 -1.681010e-05 1.000000e+00 -5.499349e-05 -1.649292e-01 -1.539605e-04 5.499161e-05 1.000000e+00 9.276415e+00
9.999912e-01 5.189579e-06 -4.191720e-03 -1.593589e+00 -2.169264e-06 9.999997e-01 7.205577e-04 -1.735890e-01 4.191723e-03 -7.205430e-04 9.999910e-01 9.610177e+00
1.000000e+00 -4.142896e-05 2.800560e-04 -1.694182e+00 4.144603e-05 1.000000e+00 -6.080678e-05 -1.826674e-01 -2.800532e-04 6.081910e-05 1.000000e+00 9.902348e+00
9.999850e-01 1.379313e-04 -5.480523e-03 -1.874393e+00 -1.331850e-04 9.999996e-01 8.664053e-04 -1.808888e-01 5.480640e-03 -8.656630e-04 9.999846e-01 9.938401e+00
9.999994e-01 -1.777435e-04 1.123377e-03 -2.009671e+00 1.780492e-04 9.999999e-01 -2.719799e-04 -1.802973e-01 -1.123328e-03 2.721804e-04 9.999993e-01 1.044759e+01
9.999923e-01 -3.388019e-05 -3.914802e-03 -1.762850e+00 3.606698e-05 9.999998e-01 5.585379e-04 -1.955864e-01 3.914783e-03 -5.586756e-04 9.999922e-01 1.094140e+01
1.000000e+00 -2.752110e-05 1.419846e-04 -1.618000e+00 2.752684e-05 1.000000e+00 -4.003314e-05 -2.018027e-01 -1.419831e-04 4.003776e-05 1.000000e+00 1.059892e+01
9.999952e-01 -1.490787e-04 -3.082662e-03 -1.242082e+00 1.499931e-04 9.999999e-01 2.964263e-04 -2.117253e-01 3.082617e-03 -2.968880e-04 9.999952e-01 1.023238e+01
1.000000e+00 -7.235862e-05 2.961797e-04 -7.209961e-01 7.241460e-05 1.000000e+00 -1.887937e-04 -2.192102e-01 -2.961657e-04 1.888158e-04 9.999999e-01 9.827497e+00
9.999951e-01 -1.313790e-04 -3.139640e-03 -4.381137e-01 1.331493e-04 9.999998e-01 5.636653e-04 -2.391350e-01 3.139565e-03 -5.640812e-04 9.999949e-01 1.029480e+01
9.999999e-01 7.466143e-05 -4.722842e-04 -4.524717e-01 -7.466684e-05 1.000000e+00 -1.153952e-05 -2.501143e-01 4.722837e-04 1.157550e-05 9.999999e-01 1.073343e+01
9.999968e-01 -3.199546e-04 -2.496540e-03 1.545064e-01 3.207556e-04 9.999999e-01 3.204446e-04 -2.728406e-01 2.496437e-03 -3.212451e-04 9.999968e-01 1.087782e+01
1.000000e+00 2.474140e-05 -8.866332e-05 7.768446e-01 -2.475780e-05 1.000000e+00 -1.855133e-04 -2.926015e-01 8.865907e-05 1.855162e-04 1.000000e+00 1.110965e+01
9.999937e-01 -1.012969e-04 -3.561895e-03 8.822055e-01 1.031005e-04 9.999999e-01 5.061940e-04 -2.950511e-01 3.561843e-03 -5.065587e-04 9.999935e-01 1.119991e+01
9.999986e-01 3.152821e-04 -1.659978e-03 4.032379e-01 -3.146895e-04 9.999999e-01 3.571789e-04 -2.819461e-01 1.660091e-03 -3.566553e-04 9.999986e-01 1.111160e+01
9.999949e-01 -1.486925e-04 -3.188776e-03 7.346660e-02 1.499555e-04 9.999999e-01 3.958561e-04 -2.741477e-01 3.188717e-03 -3.963329e-04 9.999948e-01 1.120458e+01
9.999997e-01 1.741128e-04 -7.289774e-04 7.591494e-02 -1.740225e-04 1.000000e+00 1.238950e-04 -2.745729e-01 7.289993e-04 -1.237674e-04 9.999997e-01 1.107612e+01
9.999976e-01 -3.208239e-04 -2.187201e-03 5.270963e-01 3.207757e-04 9.999999e-01 -2.233632e-05 -2.800056e-01 2.187208e-03 2.163395e-05 9.999976e-01 1.069698e+01
9.999995e-01 2.284786e-04 -9.507758e-04 8.062153e-01 -2.283380e-04 1.000000e+00 1.479621e-04 -2.794489e-01 9.508099e-04 -1.477443e-04 9.999995e-01 1.010221e+01
9.999971e-01 -2.630741e-04 -2.383253e-03 9.109775e-01 2.634644e-04 1.000000e+00 1.634912e-04 -2.779038e-01 2.383209e-03 -1.641194e-04 9.999971e-01 9.308958e+00
9.999989e-01 2.614211e-04 -1.429838e-03 9.388003e-01 -2.609983e-04 9.999999e-01 2.958576e-04 -2.797069e-01 1.429916e-03 -2.954833e-04 9.999989e-01 8.740586e+00
9.999909e-01 -1.090352e-05 -4.261317e-03 3.813322e-01 1.400450e-05 9.999997e-01 7.276925e-04 -2.701328e-01 4.261308e-03 -7.277462e-04 9.999907e-01 8.633052e+00
1.000000e+00 6.121080e-05 1.140133e-04 8.098979e-02 -6.118563e-05 1.000000e+00 -2.201271e-04 -2.676336e-01 -1.140264e-04 2.201208e-04 1.000000e+00 9.188418e+00
9.999920e-01 -5.565763e-05 -4.005222e-03 -8.864768e-02 5.844091e-05 9.999998e-01 6.948172e-04 -2.733550e-01 4.005182e-03 -6.950464e-04 9.999917e-01 9.716061e+00
9.999998e-01 2.098012e-04 -6.620283e-04 -3.836380e-01 -2.098357e-04 1.000000e+00 -5.218761e-05 -2.695559e-01 6.620176e-04 5.232723e-05 9.999998e-01 1.002282e+01
9.999948e-01 -1.865002e-04 -3.228534e-03 -4.785975e-01 1.882686e-04 9.999998e-01 5.474691e-04 -2.771972e-01 3.228431e-03 -5.480748e-04 9.999946e-01 1.040780e+01
9.999990e-01 3.021402e-04 -1.376972e-03 -7.759986e-01 -3.020228e-04 1.000000e+00 8.545534e-05 -2.750958e-01 1.376998e-03 -8.503867e-05 9.999990e-01 1.070081e+01
9.999946e-01 -1.571632e-04 -3.281480e-03 -1.080056e+00 1.589360e-04 9.999998e-01 5.400212e-04 -2.723570e-01 3.281395e-03 -5.405405e-04 9.999945e-01 1.103893e+01
9.999974e-01 4.038634e-04 -2.248486e-03 -1.561504e+00 -4.031824e-04 9.999999e-01 3.032929e-04 -2.602611e-01 2.248608e-03 -3.023849e-04 9.999974e-01 1.110443e+01
9.999950e-01 -1.672204e-04 -3.166031e-03 -2.103023e+00 1.685899e-04 9.999999e-01 4.323242e-04 -2.418559e-01 3.165958e-03 -4.328565e-04 9.999949e-01 1.140505e+01
9.999972e-01 4.270039e-04 -2.324838e-03 -2.666895e+00 -4.260297e-04 9.999998e-01 4.194789e-04 -2.258436e-01 2.325017e-03 -4.184866e-04 9.999972e-01 1.154730e+01
9.999954e-01 -1.938541e-04 -3.020044e-03 -3.166591e+00 1.951526e-04 9.999999e-01 4.296985e-04 -2.147090e-01 3.019960e-03 -4.302866e-04 9.999953e-01 1.160593e+01
9.999976e-01 4.084748e-04 -2.138847e-03 -3.568229e+00 -4.076765e-04 9.999998e-01 3.736343e-04 -2.078862e-01 2.139000e-03 -3.727607e-04 9.999976e-01 1.167825e+01
9.999950e-01 -1.964658e-04 -3.158228e-03 -4.069541e+00 1.977463e-04 9.999999e-01 4.051729e-04 -1.935808e-01 3.158148e-03 -4.057961e-04 9.999949e-01 1.186132e+01
9.999982e-01 3.923369e-04 -1.837636e-03 -4.559463e+00 -3.918344e-04 9.999999e-01 2.737851e-04 -1.797382e-01 1.837744e-03 -2.730638e-04 9.999983e-01 1.226636e+01
9.999990e-01 -4.959518e-04 -1.296004e-03 -4.602158e+00 4.960102e-04 9.999999e-01 4.476643e-05 -1.930049e-01 1.295981e-03 -4.540992e-05 9.999992e-01 1.295642e+01
9.999951e-01 6.195543e-04 -3.077347e-03 -4.909347e+00 -6.180977e-04 9.999997e-01 4.742213e-04 -1.872615e-01 3.077640e-03 -4.723162e-04 9.999952e-01 1.348640e+01
9.999958e-01 -3.063143e-04 -2.882999e-03 -5.569269e+00 3.076318e-04 9.999998e-01 4.566076e-04 -1.664229e-01 2.882858e-03 -4.574933e-04 9.999957e-01 1.356165e+01
9.999991e-01 3.213598e-04 -1.331972e-03 -5.803124e+00 -3.211720e-04 9.999999e-01 1.411766e-04 -1.690919e-01 1.332018e-03 -1.407480e-04 9.999991e-01 1.363830e+01
9.999993e-01 -4.805766e-04 -1.088979e-03 -5.380961e+00 4.807075e-04 9.999999e-01 1.200068e-04 -1.894245e-01 1.088920e-03 -1.205309e-04 9.999994e-01 1.376688e+01
9.999961e-01 3.181614e-04 -2.779501e-03 -4.907437e+00 -3.176454e-04 9.999999e-01 1.860519e-04 -2.001231e-01 2.779560e-03 -1.851675e-04 9.999961e-01 1.372287e+01
9.999958e-01 -3.072480e-05 -2.883611e-03 -5.404089e+00 3.260120e-05 9.999998e-01 6.507045e-04 -1.862143e-01 2.883590e-03 -6.507965e-04 9.999956e-01 1.378887e+01
9.999958e-01 3.314234e-04 -2.867540e-03 -6.017801e+00 -3.307588e-04 9.999999e-01 2.321936e-04 -1.658304e-01 2.867617e-03 -2.312435e-04 9.999959e-01 1.393214e+01
9.999997e-01 -4.567275e-04 -5.533643e-04 -5.898991e+00 4.567797e-04 9.999999e-01 9.447267e-05 -1.779746e-01 5.533208e-04 -9.472612e-05 9.999998e-01 1.396606e+01
9.999957e-01 4.565572e-04 -2.906424e-03 -5.765552e+00 -4.558660e-04 9.999999e-01 2.384606e-04 -1.853153e-01 2.906533e-03 -2.371339e-04 9.999957e-01 1.374247e+01
9.999993e-01 -4.682440e-04 -1.056038e-03 -5.807101e+00 4.685169e-04 9.999999e-01 2.582900e-04 -1.831987e-01 1.055916e-03 -2.587853e-04 9.999994e-01 1.288324e+01
9.999932e-01 5.705355e-04 -3.649065e-03 -6.092315e+00 -5.683366e-04 9.999997e-01 6.035682e-04 -1.896335e-01 3.649408e-03 -6.014894e-04 9.999932e-01 1.268977e+01
9.999997e-01 -4.760818e-04 -5.873155e-04 -6.247055e+00 4.761169e-04 9.999999e-01 5.980704e-05 -1.972753e-01 5.872866e-04 -6.008736e-05 9.999998e-01 1.279722e+01
9.999888e-01 6.525964e-04 -4.681045e-03 -6.634282e+00 -6.487046e-04 9.999994e-01 8.328371e-04 -1.890199e-01 4.681587e-03 -8.297905e-04 9.999887e-01 1.222305e+01
9.999997e-01 -6.277366e-04 3.707775e-04 -6.685564e+00 6.278375e-04 9.999998e-01 -2.722426e-04 -1.873690e-01 -3.706069e-04 2.724746e-04 9.999999e-01 1.176202e+01
9.999903e-01 6.188940e-04 -4.354113e-03 -6.712442e+00 -6.156368e-04 9.999995e-01 7.493624e-04 -1.852255e-01 4.354575e-03 -7.466739e-04 9.999902e-01 1.102670e+01
9.999997e-01 -6.146687e-04 3.908443e-04 -6.789764e+00 6.147588e-04 9.999998e-01 -2.306706e-04 -1.828719e-01 -3.907028e-04 2.309101e-04 9.999999e-01 1.008359e+01
9.999909e-01 5.880637e-04 -4.214018e-03 -6.781110e+00 -5.851597e-04 9.999996e-01 6.903130e-04 -1.829646e-01 4.214422e-03 -6.878401e-04 9.999909e-01 9.322941e+00
9.999994e-01 -6.501083e-04 8.432395e-04 -6.635438e+00 6.503909e-04 9.999997e-01 -3.350756e-04 -1.922075e-01 -8.430218e-04 3.356231e-04 9.999996e-01 9.144755e+00
9.999833e-01 7.768108e-04 -5.730402e-03 -6.964208e+00 -7.709759e-04 9.999992e-01 1.020354e-03 -1.830931e-01 5.731190e-03 -1.015918e-03 9.999831e-01 8.922225e+00
9.999997e-01 -5.762753e-04 4.790280e-04 -7.388448e+00 5.763419e-04 9.999998e-01 -1.393505e-04 -1.680107e-01 -4.789479e-04 1.396258e-04 9.999999e-01 8.296850e+00
9.999865e-01 6.675074e-04 -5.149935e-03 -7.592407e+00 -6.634639e-04 9.999995e-01 7.868181e-04 -1.611851e-01 5.150458e-03 -7.833899e-04 9.999864e-01 7.651091e+00
9.999999e-01 -4.901694e-04 -6.530331e-05 -7.998253e+00 4.901753e-04 9.999999e-01 9.331123e-05 -1.492732e-01 6.525723e-05 -9.334393e-05 1.000000e+00 6.757104e+00
9.999843e-01 7.244038e-04 -5.559558e-03 -8.524033e+00 -7.192177e-04 9.999993e-01 9.347445e-04 -1.349482e-01 5.560231e-03 -9.307306e-04 9.999841e-01 6.027083e+00
9.999998e-01 -5.640496e-04 2.774206e-04 -8.929669e+00 5.640698e-04 9.999998e-01 -7.332793e-05 -1.220369e-01 -2.773795e-04 7.348370e-05 1.000000e+00 5.114656e+00
9.999784e-01 9.215661e-04 -6.503757e-03 -9.610709e+00 -9.139557e-04 9.999989e-01 1.173013e-03 -1.016333e-01 6.504831e-03 -1.167042e-03 9.999782e-01 4.609804e+00
9.999998e-01 -6.041129e-04 2.086577e-04 -1.030252e+01 6.041047e-04 9.999998e-01 3.866668e-05 -8.300722e-02 -2.086813e-04 -3.854132e-05 1.000000e+00 3.948966e+00
9.999777e-01 1.002053e-03 -6.595321e-03 -1.112347e+01 -9.948477e-04 9.999989e-01 1.095672e-03 -5.538484e-02 6.596412e-03 -1.089086e-03 9.999777e-01 3.957733e+00
9.999993e-01 -7.675955e-04 8.861277e-04 -1.163604e+01 7.677318e-04 9.999997e-01 -1.535688e-04 -4.028210e-02 -8.860098e-04 1.542483e-04 9.999996e-01 3.407463e+00
9.999786e-01 1.004237e-03 -6.469782e-03 -1.215074e+01 -9.968209e-04 9.999988e-01 1.149352e-03 -2.303371e-02 6.470929e-03 -1.142878e-03 9.999784e-01 2.656117e+00
9.999986e-01 -8.498257e-04 1.445833e-03 -1.255598e+01 8.503722e-04 9.999996e-01 -3.775215e-04 -9.354808e-03 -1.445512e-03 3.787497e-04 9.999989e-01 2.153279e+00
9.999888e-01 7.721157e-04 -4.662947e-03 -1.268387e+01 -7.686545e-04 9.999994e-01 7.439812e-04 -1.681381e-02 4.663519e-03 -7.403880e-04 9.999889e-01 2.830035e+00
9.999998e-01 -6.437894e-04 1.392845e-04 -1.312358e+01 6.438065e-04 9.999998e-01 -1.243332e-04 -7.134947e-03 -1.392048e-04 1.244222e-04 1.000000e+00 3.354419e+00
9.999883e-01 7.423856e-04 -4.786886e-03 -1.348090e+01 -7.385056e-04 9.999994e-01 8.122442e-04 4.481207e-03 4.787487e-03 -8.086989e-04 9.999882e-01 3.116900e+00
9.999977e-01 -8.649075e-04 1.964513e-03 -1.339722e+01 8.661982e-04 9.999994e-01 -6.563172e-04 3.848211e-03 -1.963945e-03 6.580166e-04 9.999979e-01 3.123585e+00
9.999877e-01 7.704159e-04 -4.895205e-03 -1.366785e+01 -7.660305e-04 9.999993e-01 8.976458e-04 7.735244e-03 4.895893e-03 -8.938842e-04 9.999876e-01 4.203053e+00
9.999985e-01 -8.418671e-04 1.503466e-03 -1.384080e+01 8.425525e-04 9.999995e-01 -4.553559e-04 1.305774e-03 -1.503083e-03 4.566212e-04 9.999988e-01 4.700374e+00
9.999926e-01 6.565810e-04 -3.802022e-03 -1.368795e+01 -6.541269e-04 9.999996e-01 6.466179e-04 -1.840592e-02 3.802445e-03 -6.441254e-04 9.999926e-01 5.249732e+00
9.999997e-01 -7.081183e-04 3.829780e-04 -1.360366e+01 7.082631e-04 9.999997e-01 -3.785208e-04 -1.587575e-02 -3.827102e-04 3.787912e-04 9.999999e-01 4.700814e+00
9.999977e-01 4.942135e-04 -2.093511e-03 -1.293533e+01 -4.940398e-04 9.999999e-01 8.341122e-05 -1.118631e-02 2.093552e-03 -8.237605e-05 9.999978e-01 4.641249e+00
9.999997e-01 -7.191671e-04 2.174359e-04 -1.268995e+01 7.191425e-04 9.999997e-01 1.124948e-04 -3.413135e-02 -2.175170e-04 -1.123391e-04 1.000000e+00 5.225940e+00
9.999958e-01 5.134525e-04 -2.858561e-03 -1.244551e+01 -5.138006e-04 9.999999e-01 -1.211221e-04 -3.861420e-02 2.858498e-03 1.225910e-04 9.999959e-01 5.195068e+00
9.999996e-01 -6.334159e-04 5.916651e-04 -1.201817e+01 6.334941e-04 9.999998e-01 -1.322549e-04 -2.697653e-02 -5.915815e-04 1.326290e-04 9.999998e-01 4.308277e+00
9.999946e-01 6.585137e-04 -3.223226e-03 -1.186438e+01 -6.581475e-04 9.999998e-01 1.146088e-04 -1.544070e-02 3.223301e-03 -1.124861e-04 9.999948e-01 3.855022e+00
9.999998e-01 -4.066489e-04 -4.915336e-04 -1.192430e+01 4.065578e-04 9.999999e-01 -1.850224e-04 1.889019e-02 4.916084e-04 1.848219e-04 9.999999e-01 4.814056e+00
9.999911e-01 7.526211e-04 -4.139497e-03 -1.244412e+01 -7.511400e-04 9.999997e-01 3.592964e-04 6.512740e-02 4.139766e-03 -3.561832e-04 9.999914e-01 5.888030e+00
9.999998e-01 -6.024918e-04 -1.402223e-04 -1.265384e+01 6.024789e-04 9.999998e-01 -9.145529e-05 9.200636e-02 1.402770e-04 9.137009e-05 1.000000e+00 6.719783e+00
9.999943e-01 7.319477e-04 -3.306975e-03 -1.245358e+01 -7.316049e-04 9.999997e-01 1.048281e-04 1.048594e-01 3.307051e-03 -1.024074e-04 9.999945e-01 6.982049e+00
9.999993e-01 -8.891549e-04 7.798939e-04 -1.175265e+01 8.893793e-04 9.999996e-01 -2.877126e-04 1.026159e-01 -7.796381e-04 2.884053e-04 9.999997e-01 6.823058e+00
9.999923e-01 7.814342e-04 -3.841346e-03 -1.140359e+01 -7.801041e-04 9.999996e-01 3.476930e-04 1.015263e-01 3.841616e-03 -3.446929e-04 9.999926e-01 6.396399e+00
9.999997e-01 -8.132456e-04 -9.757163e-05 -1.129080e+01 8.132505e-04 9.999997e-01 5.117595e-05 1.059311e-01 9.752966e-05 -5.125598e-05 1.000000e+00 5.724426e+00
9.999924e-01 8.259370e-04 -3.802866e-03 -1.137094e+01 -8.243814e-04 9.999996e-01 4.105732e-04 1.126918e-01 3.803204e-03 -4.074344e-04 9.999927e-01 4.767092e+00
9.999995e-01 -7.623707e-04 -6.200670e-04 -1.146685e+01 7.624506e-04 9.999997e-01 1.289320e-04 1.213089e-01 6.199682e-04 -1.294055e-04 9.999998e-01 3.698403e+00
9.999964e-01 6.390890e-04 -2.620211e-03 -1.100883e+01 -6.393288e-04 9.999998e-01 -9.073407e-05 1.290996e-01 2.620153e-03 9.240961e-05 9.999966e-01 2.876847e+00
9.999997e-01 -7.737613e-04 -2.657192e-04 -1.065191e+01 7.737536e-04 9.999997e-01 -2.824039e-05 1.420578e-01 2.657407e-04 2.803408e-05 1.000000e+00 1.661103e+00
9.999963e-01 6.804266e-04 -2.634004e-03 -1.038793e+01 -6.800487e-04 9.999998e-01 1.442957e-04 1.514623e-01 2.634102e-03 -1.425032e-04 9.999965e-01 5.620467e-01
9.999993e-01 -6.420155e-04 -9.623623e-04 -1.040033e+01 6.422201e-04 9.999998e-01 2.124788e-04 1.513286e-01 9.622254e-04 -2.130974e-04 9.999995e-01 5.554414e-01
9.999970e-01 6.278270e-04 -2.377952e-03 -1.014162e+01 -6.280560e-04 9.999998e-01 -9.560439e-05 1.506744e-01 2.377892e-03 9.709828e-05 9.999972e-01 7.926725e-01
9.999963e-01 -3.322768e-04 -2.686500e-03 -1.055485e+01 3.340789e-04 9.999997e-01 6.704475e-04 1.742420e-01 2.686276e-03 -6.713432e-04 9.999962e-01 5.464493e-01
9.999894e-01 8.193110e-04 -4.528762e-03 -1.150283e+01 -8.160583e-04 9.999994e-01 7.200009e-04 2.046590e-01 4.529349e-03 -7.162969e-04 9.999895e-01 -9.375675e-02
9.999995e-01 -6.269844e-04 -7.220830e-04 -1.189847e+01 6.270484e-04 9.999998e-01 8.867383e-05 2.202825e-01 7.220270e-04 -8.912726e-05 9.999997e-01 -8.441800e-01
9.999969e-01 4.667891e-04 -2.443205e-03 -1.123819e+01 -4.671967e-04 9.999999e-01 -1.663375e-04 2.183928e-01 2.443128e-03 1.674792e-04 9.999970e-01 -1.083593e+00
9.999988e-01 -3.733675e-04 -1.480338e-03 -1.121390e+01 3.738805e-04 9.999999e-01 3.464264e-04 2.346705e-01 1.480208e-03 -3.469801e-04 9.999988e-01 -9.657232e-01
9.999963e-01 3.654710e-04 -2.683911e-03 -1.082649e+01 -3.663500e-04 9.999999e-01 -3.270571e-04 2.458735e-01 2.683792e-03 3.280398e-04 9.999963e-01 -8.835520e-01
9.999997e-01 -4.865454e-04 5.204559e-04 -9.734836e+00 4.867879e-04 9.999998e-01 -4.662559e-04 2.699621e-01 -5.202293e-04 4.665085e-04 9.999998e-01 -1.884205e+00
9.999954e-01 3.168213e-04 -3.018749e-03 -8.634626e+00 -3.180346e-04 9.999999e-01 -4.014891e-04 3.047383e-01 3.018621e-03 4.024480e-04 9.999954e-01 -2.734375e+00
9.999989e-01 -6.619182e-04 1.347242e-03 -7.152751e+00 6.625009e-04 9.999997e-01 -4.322162e-04 3.258144e-01 -1.346956e-03 4.331076e-04 9.999990e-01 -3.298789e+00
9.999928e-01 2.700687e-04 -3.775696e-03 -5.798599e+00 -2.702287e-04 1.000000e+00 -4.192654e-05 3.269525e-01 3.775685e-03 4.294723e-05 9.999929e-01 -3.736987e+00
9.999989e-01 -5.726891e-04 1.393171e-03 -4.460024e+00 5.735705e-04 9.999996e-01 -6.324949e-04 3.412231e-01 -1.392809e-03 6.332926e-04 9.999988e-01 -4.461413e+00
9.999890e-01 4.608067e-04 -4.672967e-03 -3.984864e+00 -4.573206e-04 9.999996e-01 7.470174e-04 3.499937e-01 4.673310e-03 -7.448714e-04 9.999888e-01 -5.404049e+00
9.999999e-01 -3.315257e-04 2.107121e-04 -4.153124e+00 3.315573e-04 9.999999e-01 -1.508965e-04 3.620859e-01 -2.106623e-04 1.509656e-04 1.000000e+00 -6.045282e+00
9.999952e-01 1.279267e-04 -3.105691e-03 -3.525270e+00 -1.276514e-04 1.000000e+00 8.877645e-05 3.621423e-01 3.105703e-03 -8.837888e-05 9.999952e-01 -6.598959e+00
9.999999e-01 -3.047590e-04 2.439290e-04 -2.814402e+00 3.047891e-04 9.999999e-01 -1.242016e-04 3.537341e-01 -2.438914e-04 1.242752e-04 1.000000e+00 -6.744051e+00
9.999929e-01 2.476875e-04 -3.765610e-03 -2.584933e+00 -2.460165e-04 9.999999e-01 4.441608e-04 3.549659e-01 3.765720e-03 -4.432305e-04 9.999928e-01 -7.294148e+00
1.000000e+00 -2.557312e-04 -1.194847e-04 -2.434998e+00 2.557179e-04 1.000000e+00 -1.097230e-04 3.628442e-01 1.195124e-04 1.096918e-04 1.000000e+00 -8.068394e+00
9.999924e-01 2.743531e-04 -3.889652e-03 -2.487624e+00 -2.719518e-04 9.999998e-01 6.178236e-04 3.685818e-01 3.889820e-03 -6.167604e-04 9.999922e-01 -8.827506e+00
9.999991e-01 -5.128438e-04 1.214665e-03 -1.782518e+00 5.136321e-04 9.999997e-01 -6.488776e-04 3.628004e-01 -1.214332e-03 6.495002e-04 9.999991e-01 -9.248028e+00
9.999924e-01 2.956210e-04 -3.884473e-03 -1.127431e+00 -2.927994e-04 9.999997e-01 7.268871e-04 3.501354e-01 3.884687e-03 -7.257436e-04 9.999922e-01 -9.284730e+00
9.999989e-01 -5.930107e-04 1.330331e-03 -2.134687e-01 5.945002e-04 9.999992e-01 -1.119642e-03 3.517971e-01 -1.329666e-03 1.120431e-03 9.999985e-01 -9.758511e+00
9.999932e-01 3.686430e-04 -3.659170e-03 9.436244e-01 -3.666995e-04 9.999998e-01 5.317426e-04 3.652319e-01 3.659365e-03 -5.303965e-04 9.999932e-01 -1.043091e+01
9.999994e-01 -4.622715e-04 9.883609e-04 1.915416e+00 4.635756e-04 9.999990e-01 -1.319781e-03 3.972737e-01 -9.877501e-04 1.320238e-03 9.999986e-01 -1.115513e+01
9.999906e-01 4.041919e-04 -4.322294e-03 2.629653e+00 -3.978789e-04 9.999989e-01 1.461300e-03 3.949395e-01 4.322880e-03 -1.459566e-03 9.999896e-01 -1.098092e+01
9.999992e-01 -6.405719e-04 1.075752e-03 3.330482e+00 6.419081e-04 9.999990e-01 -1.242354e-03 3.772617e-01 -1.074955e-03 1.243043e-03 9.999986e-01 -1.066930e+01
9.999915e-01 3.358437e-04 -4.115340e-03 4.290413e+00 -3.299097e-04 9.999989e-01 1.442479e-03 3.577593e-01 4.115820e-03 -1.441108e-03 9.999905e-01 -1.050286e+01
9.999994e-01 -6.040060e-04 9.408103e-04 5.158444e+00 6.051888e-04 9.999990e-01 -1.257602e-03 3.393779e-01 -9.400501e-04 1.258169e-03 9.999988e-01 -1.027701e+01
9.999914e-01 2.530179e-04 -4.146689e-03 6.084590e+00 -2.464765e-04 9.999987e-01 1.577871e-03 3.148001e-01 4.147083e-03 -1.576835e-03 9.999902e-01 -1.005696e+01
9.999995e-01 -6.185067e-04 8.198091e-04 7.017447e+00 6.195884e-04 9.999989e-01 -1.320082e-03 2.906013e-01 -8.189921e-04 1.320588e-03 9.999988e-01 -9.882294e+00
9.999920e-01 2.845978e-04 -3.997725e-03 7.943376e+00 -2.789066e-04 9.999989e-01 1.424056e-03 2.727443e-01 3.998126e-03 -1.422929e-03 9.999910e-01 -9.810015e+00
9.999995e-01 -6.739138e-04 7.533662e-04 8.898828e+00 6.745699e-04 9.999994e-01 -8.711559e-04 2.372344e-01 -7.527790e-04 8.716629e-04 9.999993e-01 -9.354231e+00
9.999927e-01 1.120118e-04 -3.830036e-03 9.953586e+00 -1.074665e-04 9.999993e-01 1.186872e-03 2.096235e-01 3.830166e-03 -1.186451e-03 9.999920e-01 -9.110748e+00
9.999994e-01 -3.589558e-04 1.053778e-03 1.085737e+01 3.600337e-04 9.999994e-01 -1.023111e-03 1.899473e-01 -1.053410e-03 1.023489e-03 9.999989e-01 -8.987690e+00
9.999931e-01 1.295338e-04 -3.720643e-03 1.141137e+01 -1.249342e-04 9.999992e-01 1.236392e-03 1.733934e-01 3.720800e-03 -1.235918e-03 9.999923e-01 -9.005100e+00
9.999991e-01 -3.634700e-04 1.272609e-03 1.194852e+01 3.648143e-04 9.999994e-01 -1.056380e-03 1.567754e-01 -1.272225e-03 1.056843e-03 9.999986e-01 -9.048942e+00
9.999912e-01 2.160766e-04 -4.191427e-03 1.218927e+01 -2.102234e-04 9.999990e-01 1.396826e-03 1.440698e-01 4.191724e-03 -1.395931e-03 9.999902e-01 -9.021866e+00
9.999986e-01 -4.284706e-04 1.617170e-03 1.265984e+01 4.304440e-04 9.999992e-01 -1.220236e-03 1.299505e-01 -1.616647e-03 1.220929e-03 9.999979e-01 -8.933665e+00
9.999885e-01 2.854816e-04 -4.779822e-03 1.296280e+01 -2.782682e-04 9.999988e-01 1.509706e-03 1.219322e-01 4.780248e-03 -1.508358e-03 9.999874e-01 -8.997628e+00
9.999996e-01 -2.549529e-04 9.000751e-04 1.288271e+01 2.558285e-04 9.999995e-01 -9.729889e-04 1.228906e-01 -8.998269e-04 9.732181e-04 9.999991e-01 -9.241333e+00
9.999903e-01 1.874546e-04 -4.409285e-03 1.289517e+01 -1.806920e-04 9.999988e-01 1.534000e-03 1.118638e-01 4.409568e-03 -1.533188e-03 9.999891e-01 -8.846507e+00
9.999998e-01 -1.762488e-04 5.200618e-04 1.276620e+01 1.767529e-04 9.999995e-01 -9.699415e-04 1.048600e-01 -5.198909e-04 9.700326e-04 9.999994e-01 -8.261444e+00
9.999845e-01 3.379443e-04 -5.552648e-03 1.241844e+01 -3.282153e-04 9.999984e-01 1.752925e-03 1.103941e-01 5.553232e-03 -1.751075e-03 9.999830e-01 -8.333784e+00
9.999986e-01 -3.158407e-04 1.640358e-03 1.244949e+01 3.179555e-04 9.999991e-01 -1.289299e-03 1.124400e-01 -1.639949e-03 1.289818e-03 9.999978e-01 -8.828206e+00
9.999835e-01 3.512815e-04 -5.734218e-03 1.244739e+01 -3.406164e-04 9.999982e-01 1.860753e-03 1.093956e-01 5.734861e-03 -1.858769e-03 9.999818e-01 -9.058956e+00
9.999996e-01 -1.698528e-04 8.843339e-04 1.210757e+01 1.707968e-04 9.999994e-01 -1.067704e-03 1.130924e-01 -8.841523e-04 1.067854e-03 9.999990e-01 -9.016425e+00
9.999847e-01 3.092897e-04 -5.529903e-03 1.181491e+01 -2.993235e-04 9.999983e-01 1.802932e-03 1.147020e-01 5.530452e-03 -1.801249e-03 9.999831e-01 -8.973895e+00
9.999969e-01 -3.884447e-04 2.453769e-03 1.202603e+01 3.919051e-04 9.999989e-01 -1.410016e-03 1.020169e-01 -2.453219e-03 1.410972e-03 9.999960e-01 -8.832891e+00
9.999852e-01 1.912135e-04 -5.429085e-03 1.251831e+01 -1.810271e-04 9.999982e-01 1.876646e-03 7.378478e-02 5.429435e-03 -1.875635e-03 9.999835e-01 -8.480970e+00
9.999976e-01 -6.205066e-04 2.113555e-03 1.347727e+01 6.239418e-04 9.999985e-01 -1.625162e-03 4.740403e-02 -2.112544e-03 1.626476e-03 9.999964e-01 -8.313041e+00
9.999856e-01 3.343955e-04 -5.353433e-03 1.423656e+01 -3.240905e-04 9.999981e-01 1.925654e-03 2.453815e-02 5.354067e-03 -1.923890e-03 9.999838e-01 -8.132105e+00
9.999976e-01 -5.180179e-04 2.142868e-03 1.487250e+01 5.219252e-04 9.999982e-01 -1.823320e-03 1.071823e-02 -2.141920e-03 1.824433e-03 9.999960e-01 -8.093167e+00
9.999874e-01 3.038713e-04 -5.015882e-03 1.576905e+01 -2.961486e-04 9.999988e-01 1.540283e-03 1.062316e-02 5.016345e-03 -1.538777e-03 9.999862e-01 -8.420562e+00
9.999975e-01 -5.211921e-04 2.171839e-03 1.651442e+01 5.243640e-04 9.999988e-01 -1.460263e-03 -1.646119e-03 -2.171075e-03 1.461398e-03 9.999966e-01 -8.507470e+00
9.999852e-01 1.973960e-04 -5.444419e-03 1.732255e+01 -1.886755e-04 9.999987e-01 1.602150e-03 -2.164719e-02 5.444728e-03 -1.601098e-03 9.999839e-01 -8.432046e+00
9.999963e-01 -5.015013e-04 2.682100e-03 1.834739e+01 5.056222e-04 9.999987e-01 -1.536069e-03 -3.848213e-02 -2.681326e-03 1.537419e-03 9.999952e-01 -8.416218e+00
9.999819e-01 4.901590e-04 -5.993725e-03 1.892236e+01 -4.823170e-04 9.999990e-01 1.309709e-03 -2.814195e-02 5.994361e-03 -1.306794e-03 9.999812e-01 -8.071534e+00
9.999960e-01 -5.490614e-04 2.780437e-03 1.965716e+01 5.531944e-04 9.999987e-01 -1.485963e-03 -1.973459e-02 -2.779617e-03 1.487494e-03 9.999950e-01 -7.961610e+00
9.999847e-01 2.497970e-04 -5.523824e-03 2.050300e+01 -2.413792e-04 9.999988e-01 1.524478e-03 -3.705406e-02 5.524198e-03 -1.523120e-03 9.999836e-01 -7.940571e+00
9.999970e-01 -5.363799e-04 2.392458e-03 2.147624e+01 5.400555e-04 9.999987e-01 -1.536066e-03 -5.110224e-02 -2.391631e-03 1.537353e-03 9.999960e-01 -7.986386e+00
9.999880e-01 2.291545e-04 -4.890477e-03 2.221659e+01 -2.224678e-04 9.999990e-01 1.367746e-03 -6.012103e-02 4.890786e-03 -1.366641e-03 9.999871e-01 -8.231060e+00
9.999965e-01 -4.404707e-04 2.590515e-03 2.310842e+01 4.448986e-04 9.999984e-01 -1.709049e-03 -5.852994e-02 -2.589759e-03 1.710195e-03 9.999952e-01 -8.570932e+00
9.999696e-01 6.352312e-04 -7.773322e-03 2.329661e+01 -6.250283e-04 9.999989e-01 1.314886e-03 1.350276e-02 7.774149e-03 -1.309987e-03 9.999689e-01 -1.067022e+01
9.999969e-01 -5.210461e-04 2.446096e-03 2.358002e+01 5.231165e-04 9.999995e-01 -8.459766e-04 6.090086e-02 -2.445654e-03 8.472529e-04 9.999967e-01 -1.252072e+01
9.999831e-01 1.828405e-04 -5.805910e-03 2.447320e+01 -1.766437e-04 9.999994e-01 1.067778e-03 3.901262e-02 5.806102e-03 -1.066734e-03 9.999826e-01 -1.236319e+01
9.999968e-01 -4.477929e-04 2.506374e-03 2.524423e+01 4.497449e-04 9.999996e-01 -7.784064e-04 1.751348e-02 -2.506025e-03 7.795305e-04 9.999966e-01 -1.222536e+01
9.999822e-01 3.053825e-04 -5.953483e-03 2.562838e+01 -2.988319e-04 9.999993e-01 1.101106e-03 -9.357347e-04 5.953816e-03 -1.099307e-03 9.999817e-01 -1.200790e+01
9.999983e-01 -2.825970e-04 1.805065e-03 2.550467e+01 2.835729e-04 9.999998e-01 -5.405466e-04 1.399220e-03 -1.804912e-03 5.410569e-04 9.999982e-01 -1.283795e+01
9.999873e-01 1.167549e-04 -5.043071e-03 2.585950e+01 -1.139624e-04 9.999998e-01 5.539781e-04 1.066384e-02 5.043135e-03 -5.533957e-04 9.999871e-01 -1.381028e+01
9.999971e-01 -3.938933e-04 2.382282e-03 2.688981e+01 3.961706e-04 9.999995e-01 -9.556370e-04 3.330394e-02 -2.381904e-03 9.565773e-04 9.999967e-01 -1.505473e+01
9.999272e-01 1.161346e-03 -1.201201e-02 2.529466e+01 -1.133903e-03 9.999967e-01 2.291121e-03 1.354534e-01 1.201463e-02 -2.277333e-03 9.999252e-01 -1.765894e+01
9.999998e-01 -1.920716e-04 5.582326e-04 2.277586e+01 1.919139e-04 9.999999e-01 2.821336e-04 2.525546e-01 -5.582871e-04 -2.820271e-04 9.999998e-01 -1.978831e+01
9.999763e-01 4.538258e-04 -6.869423e-03 2.172483e+01 -4.449240e-04 9.999991e-01 1.297289e-03 2.733877e-01 6.870005e-03 -1.294201e-03 9.999756e-01 -2.003951e+01
9.999984e-01 -3.899878e-04 1.725865e-03 2.143836e+01 3.902960e-04 9.999999e-01 -1.783864e-04 2.874447e-01 -1.725796e-03 1.790590e-04 9.999985e-01 -1.911358e+01
9.999781e-01 2.548914e-04 -6.614892e-03 2.183684e+01 -2.497606e-04 9.999997e-01 7.764281e-04 2.872265e-01 6.615088e-03 -7.747583e-04 9.999778e-01 -1.842195e+01
9.999995e-01 -1.601474e-04 9.716408e-04 2.181492e+01 1.602228e-04 1.000000e+00 -7.782522e-05 3.013610e-01 -9.716286e-04 7.798020e-05 9.999995e-01 -1.760310e+01
9.999808e-01 1.988981e-04 -6.198105e-03 2.178418e+01 -1.944837e-04 9.999997e-01 7.127806e-04 3.147127e-01 6.198245e-03 -7.115608e-04 9.999805e-01 -1.657476e+01
9.999985e-01 -3.594981e-04 1.721479e-03 2.220317e+01 3.598253e-04 9.999999e-01 -1.899656e-04 3.075790e-01 -1.721411e-03 1.905841e-04 9.999985e-01 -1.584577e+01
9.999831e-01 5.720208e-05 -5.806432e-03 2.317151e+01 -5.405822e-05 9.999999e-01 5.415549e-04 2.957744e-01 5.806462e-03 -5.412312e-04 9.999830e-01 -1.523726e+01
9.999987e-01 -3.792970e-04 1.560707e-03 2.388174e+01 3.796897e-04 9.999999e-01 -2.515092e-04 2.966534e-01 -1.560612e-03 2.521008e-04 9.999988e-01 -1.457809e+01
9.999805e-01 3.349262e-04 -6.232687e-03 2.383860e+01 -3.307925e-04 9.999997e-01 6.642179e-04 3.098058e-01 6.232908e-03 -6.621426e-04 9.999804e-01 -1.330584e+01
9.999984e-01 -2.222701e-04 1.772273e-03 2.351805e+01 2.226056e-04 1.000000e+00 -1.892311e-04 3.204855e-01 -1.772231e-03 1.896247e-04 9.999984e-01 -1.266261e+01
9.999866e-01 -8.526263e-05 -5.175953e-03 2.389014e+01 8.872728e-05 9.999998e-01 6.690960e-04 2.944190e-01 5.175895e-03 -6.695456e-04 9.999864e-01 -1.206061e+01
9.999957e-01 -2.811852e-04 2.904470e-03 2.413103e+01 2.820583e-04 9.999999e-01 -3.003131e-04 2.596764e-01 -2.904386e-03 3.011303e-04 9.999957e-01 -1.089827e+01
9.999857e-01 -1.785148e-04 -5.352085e-03 2.457016e+01 1.827624e-04 9.999997e-01 7.931028e-04 2.196203e-01 5.351941e-03 -7.940690e-04 9.999854e-01 -9.820096e+00
9.999976e-01 -8.251520e-05 2.196782e-03 2.507564e+01 8.314117e-05 1.000000e+00 -2.849792e-04 1.880663e-01 -2.196758e-03 2.851605e-04 9.999975e-01 -9.396329e+00
9.999851e-01 -1.154676e-04 -5.461424e-03 2.542859e+01 1.194768e-04 9.999997e-01 7.337248e-04 1.619336e-01 5.461338e-03 -7.343658e-04 9.999848e-01 -9.041752e+00
9.999961e-01 -1.114763e-04 2.795930e-03 2.551820e+01 1.124455e-04 9.999999e-01 -3.465960e-04 1.365558e-01 -2.795891e-03 3.469083e-04 9.999960e-01 -8.039736e+00
9.999826e-01 -1.083375e-04 -5.896802e-03 2.581263e+01 1.132556e-04 9.999996e-01 8.336687e-04 1.090270e-01 5.896710e-03 -8.343214e-04 9.999823e-01 -7.480980e+00
9.999971e-01 -1.445024e-04 2.415649e-03 2.653862e+01 1.459160e-04 9.999998e-01 -5.851327e-04 9.387036e-02 -2.415564e-03 5.854828e-04 9.999969e-01 -7.532759e+00
9.999841e-01 -5.257935e-05 -5.632315e-03 2.703136e+01 5.820256e-05 9.999995e-01 9.981758e-04 7.375176e-02 5.632260e-03 -9.984871e-04 9.999836e-01 -7.374792e+00
9.999950e-01 -1.382151e-04 3.166940e-03 2.703208e+01 1.404747e-04 9.999997e-01 -7.133968e-04 5.309164e-02 -3.166841e-03 7.138374e-04 9.999947e-01 -6.357374e+00
9.999839e-01 -8.078735e-05 -5.675685e-03 2.703061e+01 8.655428e-05 9.999995e-01 1.015790e-03 3.300575e-02 5.675600e-03 -1.016265e-03 9.999834e-01 -5.341107e+00
9.999987e-01 7.574521e-05 1.633060e-03 2.677465e+01 -7.478608e-05 9.999998e-01 -5.875447e-04 3.586201e-02 -1.633104e-03 5.874211e-04 9.999985e-01 -4.362398e+00
9.999823e-01 -4.930650e-05 -5.944686e-03 2.648769e+01 5.590458e-05 9.999994e-01 1.109704e-03 3.795941e-02 5.944628e-03 -1.110016e-03 9.999817e-01 -3.618733e+00
9.999987e-01 -4.749901e-05 1.629884e-03 2.676211e+01 4.890450e-05 9.999996e-01 -8.624697e-04 4.905396e-02 -1.629842e-03 8.625476e-04 9.999983e-01 -3.191202e+00
9.999822e-01 2.138281e-05 -5.965496e-03 2.711432e+01 -1.689821e-05 9.999997e-01 7.517594e-04 7.428529e-02 5.965511e-03 -7.516445e-04 9.999819e-01 -2.136560e+00
9.999990e-01 -9.357461e-05 1.413316e-03 2.772067e+01 9.533421e-05 9.999992e-01 -1.245204e-03 1.209295e-01 -1.413199e-03 1.245337e-03 9.999982e-01 -2.089962e+00
9.999929e-01 -5.175939e-04 -3.724143e-03 3.027278e+01 5.134470e-04 9.999992e-01 -1.114454e-03 2.139229e-01 3.724717e-03 1.112535e-03 9.999924e-01 -4.630998e+00
9.999985e-01 -2.051632e-04 1.744459e-03 3.307623e+01 2.072445e-04 9.999993e-01 -1.193117e-03 2.941915e-01 -1.744213e-03 1.193476e-03 9.999978e-01 -6.103843e+00
9.999920e-01 -2.117820e-04 -3.997897e-03 3.515007e+01 2.105690e-04 9.999999e-01 -3.038996e-04 3.662275e-01 3.997961e-03 3.030560e-04 9.999920e-01 -7.253819e+00
9.999997e-01 2.137463e-05 8.016182e-04 3.581048e+01 -2.149516e-05 1.000000e+00 1.499990e-04 3.834437e-01 -8.016152e-04 -1.500168e-04 9.999997e-01 -6.706767e+00
9.999851e-01 -3.605938e-04 -5.454295e-03 3.732904e+01 3.589339e-04 9.999999e-01 -3.053532e-04 4.064314e-01 5.454405e-03 3.033916e-04 9.999851e-01 -6.358824e+00
9.999998e-01 1.932783e-04 5.168081e-04 3.810069e+01 -1.934970e-04 9.999999e-01 4.226007e-04 4.469842e-01 -5.167267e-04 -4.227013e-04 9.999998e-01 -5.941431e+00
9.999853e-01 3.676934e-05 -5.429141e-03 3.776555e+01 -3.567621e-05 1.000000e+00 2.013887e-04 4.649545e-01 5.429149e-03 -2.011914e-04 9.999852e-01 -5.296526e+00
1.000000e+00 1.254375e-05 2.009995e-04 3.766583e+01 -1.259713e-05 1.000000e+00 2.641383e-04 4.836601e-01 -2.009964e-04 -2.641415e-04 9.999999e-01 -4.516728e+00
9.999937e-01 -1.796245e-04 -3.544085e-03 3.776258e+01 1.807211e-04 9.999999e-01 3.089984e-04 4.634056e-01 3.544029e-03 -3.096363e-04 9.999937e-01 -3.954949e+00
1.000000e+00 1.566933e-05 1.759451e-04 3.780452e+01 -1.568401e-05 1.000000e+00 8.177851e-05 4.496339e-01 -1.759440e-04 -8.178192e-05 1.000000e+00 -2.817041e+00
9.999916e-01 -7.187630e-05 -4.090888e-03 3.760232e+01 7.300338e-05 1.000000e+00 2.752879e-04 4.515400e-01 4.090869e-03 -2.755836e-04 9.999916e-01 -1.675402e+00
9.999998e-01 8.834352e-05 -6.049782e-04 3.761652e+01 -8.826370e-05 1.000000e+00 1.324688e-04 4.618468e-01 6.049896e-04 -1.324160e-04 9.999998e-01 -6.155453e-01
9.999934e-01 -1.838790e-04 -3.619859e-03 3.811367e+01 1.841744e-04 1.000000e+00 8.119558e-05 4.720900e-01 3.619844e-03 -8.186108e-05 9.999934e-01 4.734676e-01
9.999979e-01 -4.409759e-06 -2.049109e-03 3.871367e+01 4.315160e-06 1.000000e+00 -4.602350e-05 5.031643e-01 2.049109e-03 4.601392e-05 9.999979e-01 2.208492e+00
9.999933e-01 -3.989521e-05 -3.669491e-03 3.882902e+01 4.136996e-05 9.999999e-01 4.017379e-04 5.303874e-01 3.669475e-03 -4.018863e-04 9.999932e-01 3.983291e+00
9.999998e-01 -1.693862e-04 -6.286796e-04 3.910359e+01 1.693061e-04 1.000000e+00 -1.269601e-04 5.420906e-01 6.287009e-04 1.268530e-04 9.999998e-01 5.570431e+00
9.999952e-01 -2.759477e-04 -3.102272e-03 3.974150e+01 2.772280e-04 9.999999e-01 4.121973e-04 5.367866e-01 3.102158e-03 -4.130547e-04 9.999951e-01 6.993551e+00
1.000000e+00 1.119561e-04 1.203670e-05 3.963999e+01 -1.119558e-04 1.000000e+00 -5.106832e-05 5.295157e-01 -1.204266e-05 5.106633e-05 1.000000e+00 8.456537e+00
9.999978e-01 -5.305004e-04 -2.032316e-03 3.986021e+01 5.312847e-04 9.999998e-01 3.852559e-04 4.966626e-01 2.032111e-03 -3.863342e-04 9.999979e-01 9.744991e+00
1.000000e+00 1.849528e-04 -6.571951e-05 4.009886e+01 -1.849543e-04 1.000000e+00 -1.781964e-05 4.597343e-01 6.571597e-05 1.783115e-05 1.000000e+00 1.104215e+01
9.999969e-01 -6.478743e-04 -2.412218e-03 4.040185e+01 6.487887e-04 9.999997e-01 3.781853e-04 4.284718e-01 2.411973e-03 -3.797485e-04 9.999970e-01 1.256396e+01
9.999997e-01 4.920787e-04 -5.330089e-04 4.021307e+01 -4.921418e-04 9.999999e-01 -1.175477e-04 4.233793e-01 5.329508e-04 1.178093e-04 9.999999e-01 1.393451e+01
9.999969e-01 -6.715264e-04 -2.414150e-03 4.008564e+01 6.723562e-04 9.999997e-01 3.427755e-04 4.139078e-01 2.413919e-03 -3.443969e-04 9.999970e-01 1.499882e+01
9.999995e-01 3.516615e-04 -9.384174e-04 4.034570e+01 -3.516099e-04 9.999999e-01 5.554666e-05 3.979931e-01 9.384366e-04 -5.521731e-05 9.999996e-01 1.597246e+01
9.999981e-01 -6.200563e-04 -1.846698e-03 4.096287e+01 6.200440e-04 9.999998e-01 -7.386393e-06 3.904246e-01 1.846703e-03 6.241983e-06 9.999983e-01 1.598393e+01
9.999975e-01 5.363188e-04 -2.168003e-03 4.112789e+01 -5.353302e-04 9.999998e-01 4.567030e-04 3.931375e-01 2.168248e-03 -4.555419e-04 9.999975e-01 1.581360e+01
9.999940e-01 -3.933869e-04 -3.449827e-03 4.068396e+01 3.941860e-04 9.999999e-01 2.308612e-04 4.214386e-01 3.449736e-03 -2.322190e-04 9.999940e-01 1.492837e+01
9.999998e-01 3.599678e-04 -4.606094e-04 4.055769e+01 -3.598502e-04 9.999999e-01 2.560270e-04 4.426648e-01 4.607013e-04 -2.558619e-04 9.999999e-01 1.323368e+01
9.999868e-01 -2.526298e-04 -5.139545e-03 4.009255e+01 2.560907e-04 9.999997e-01 6.726764e-04 4.594236e-01 5.139374e-03 -6.739830e-04 9.999866e-01 1.203810e+01
9.999993e-01 4.383935e-04 -1.115901e-03 3.947479e+01 -4.380758e-04 9.999999e-01 2.852767e-04 4.922994e-01 1.116025e-03 -2.847883e-04 9.999993e-01 1.072436e+01
9.999879e-01 -4.405124e-04 -4.907128e-03 3.900694e+01 4.421124e-04 9.999998e-01 3.249222e-04 5.369575e-01 4.906985e-03 -3.270871e-04 9.999879e-01 8.505598e+00
9.999998e-01 5.275303e-04 3.420597e-04 3.870037e+01 -5.276720e-04 9.999998e-01 4.134263e-04 5.701761e-01 -3.418418e-04 -4.136074e-04 9.999999e-01 7.161831e+00
9.999786e-01 -4.615737e-04 -6.526034e-03 3.826957e+01 4.630608e-04 9.999999e-01 2.263020e-04 6.022257e-01 6.525929e-03 -2.293185e-04 9.999787e-01 5.734069e+00
9.999958e-01 3.494802e-04 2.883803e-03 3.830929e+01 -3.496969e-04 9.999999e-01 7.453124e-05 6.327340e-01 -2.883777e-03 -7.554001e-05 9.999958e-01 4.078836e+00
9.999674e-01 -6.111413e-04 -8.050444e-03 3.893283e+01 6.126277e-04 9.999998e-01 1.821356e-04 6.547322e-01 8.050332e-03 -1.870610e-04 9.999676e-01 5.198982e+00
9.999920e-01 4.257319e-04 3.987150e-03 3.944933e+01 -4.264033e-04 9.999999e-01 1.674554e-04 6.480984e-01 -3.987079e-03 -1.691549e-04 9.999920e-01 5.763636e+00
9.999514e-01 -3.748573e-04 -9.849690e-03 3.909632e+01 3.785935e-04 9.999999e-01 3.774204e-04 6.748281e-01 9.849547e-03 -3.811304e-04 9.999514e-01 4.946427e+00
9.999810e-01 3.398494e-04 6.150241e-03 3.899312e+01 -3.404888e-04 9.999999e-01 1.028635e-04 7.012015e-01 -6.150205e-03 -1.049563e-04 9.999811e-01 3.426540e+00
9.999548e-01 -4.525046e-04 -9.499900e-03 3.930372e+01 4.534548e-04 9.999999e-01 9.782445e-05 6.986440e-01 9.499855e-03 -1.021272e-04 9.999549e-01 3.147028e+00
9.999809e-01 2.714942e-04 6.181648e-03 3.957429e+01 -2.731959e-04 9.999999e-01 2.743882e-04 6.805217e-01 -6.181573e-03 -2.760723e-04 9.999809e-01 3.605231e+00
9.999490e-01 -3.805558e-04 -1.008810e-02 3.954411e+01 3.818463e-04 9.999999e-01 1.259647e-04 6.742808e-01 1.008805e-02 -1.298097e-04 9.999491e-01 4.310291e+00
9.999792e-01 2.566383e-04 6.445812e-03 3.968282e+01 -2.580491e-04 9.999999e-01 2.179857e-04 6.627901e-01 -6.445755e-03 -2.196451e-04 9.999792e-01 4.407702e+00
9.999450e-01 -3.043651e-04 -1.048536e-02 3.957395e+01 3.075456e-04 9.999999e-01 3.016922e-04 6.556202e-01 1.048527e-02 -3.048997e-04 9.999450e-01 4.962469e+00
9.999755e-01 2.164720e-04 6.992990e-03 3.949721e+01 -2.174658e-04 1.000000e+00 1.412943e-04 6.440457e-01 -6.992959e-03 -1.428122e-04 9.999755e-01 5.432629e+00
