9.999972e-01 -6.676343e-04 -2.253226e-03 7.874655e-01 6.684885e-04 9.999997e-01 3.783892e-04 -4.270733e-02 2.252973e-03 -3.798951e-04 9.999974e-01 1.087262e+00
9.999999e-01 2.221939e-04 3.318026e-04 1.368176e+00 -2.221769e-04 1.000000e+00 -5.103490e-05 -8.808313e-02 -3.318135e-04 5.096189e-05 9.999999e-01 2.312964e+00
9.999971e-01 -6.206571e-04 -2.333755e-03 1.727867e+00 6.216521e-04 9.999997e-01 4.256266e-04 -1.315487e-01 2.333490e-03 -4.270768e-04 9.999972e-01 3.459519e+00
1.000000e+00 1.801993e-04 2.378313e-04 2.277576e+00 -1.801834e-04 1.000000e+00 -6.690030e-05 -1.777404e-01 -2.378430e-04 6.685816e-05 1.000000e+00 4.554456e+00
9.999980e-01 -6.679400e-04 -1.886127e-03 2.774129e+00 6.687471e-04 9.999997e-01 4.273237e-04 -2.292437e-01 1.885840e-03 -4.285849e-04 9.999981e-01 5.893164e+00
1.000000e+00 2.470266e-04 1.270948e-04 3.178802e+00 -2.470139e-04 1.000000e+00 -9.959716e-05 -2.744520e-01 -1.271190e-04 9.956647e-05 1.000000e+00 7.130189e+00
9.999960e-01 -5.760710e-04 -2.760996e-03 3.537438e+00 5.772130e-04 9.999997e-01 4.128276e-04 -2.970274e-01 2.760757e-03 -4.144204e-04 9.999961e-01 7.803194e+00
9.999997e-01 3.224546e-04 7.617900e-04 4.022895e+00 -3.222255e-04 9.999999e-01 -3.007912e-04 -3.155114e-01 -7.618866e-04 3.005464e-04 9.999997e-01 8.184853e+00
9.999954e-01 -6.546990e-04 -2.966938e-03 4.405174e+00 6.562898e-04 9.999996e-01 5.352412e-04 -3.378371e-01 2.966586e-03 -5.371867e-04 9.999955e-01 9.056688e+00
9.999997e-01 7.253915e-04 -2.637847e-04 4.264679e+00 -7.254626e-04 9.999997e-01 -2.695983e-04 -3.359373e-01 2.635894e-04 2.697903e-04 9.999999e-01 1.017788e+01
9.999950e-01 -1.017187e-03 -3.001471e-03 4.771611e+00 1.018503e-03 9.999994e-01 4.369576e-04 -3.323100e-01 3.001024e-03 -4.400131e-04 9.999954e-01 1.057852e+01
9.999995e-01 6.094955e-04 -8.054397e-04 5.938879e+00 -6.100744e-04 9.999996e-01 -7.187417e-04 -3.121169e-01 8.050016e-04 7.192335e-04 9.999994e-01 1.001123e+01
9.999986e-01 -8.088468e-04 -1.475937e-03 6.410742e+00 8.102386e-04 9.999992e-01 9.426618e-04 -3.170869e-01 1.475173e-03 -9.438570e-04 9.999985e-01 9.906025e+00
9.999972e-01 7.411582e-04 -2.254880e-03 6.387876e+00 -7.426876e-04 9.999995e-01 -6.775533e-04 -3.113092e-01 2.254377e-03 6.792267e-04 9.999972e-01 1.111769e+01
9.999946e-01 -1.002868e-03 -3.126881e-03 6.700107e+00 1.005667e-03 9.999991e-01 8.936778e-04 -2.755841e-01 3.125982e-03 -8.968183e-04 9.999947e-01 1.289860e+01
9.999952e-01 7.233595e-04 -3.012482e-03 8.214207e+00 -7.275363e-04 9.999988e-01 -1.385648e-03 -1.908503e-01 3.011476e-03 1.387834e-03 9.999945e-01 1.331416e+01
9.999917e-01 -1.183973e-03 -3.888340e-03 1.197575e+01 1.180577e-03 9.999989e-01 -8.754737e-04 -3.501688e-03 3.889372e-03 8.708753e-04 9.999921e-01 9.768148e+00
9.999963e-01 6.054276e-04 -2.664912e-03 1.661796e+01 -6.117137e-04 9.999970e-01 -2.358662e-03 2.282015e-01 2.663476e-03 2.360284e-03 9.999937e-01 4.141546e+00
9.999910e-01 -1.227499e-03 -4.049740e-03 2.142452e+01 1.224106e-03 9.999989e-01 -8.399907e-04 4.669785e-01 4.050766e-03 8.350252e-04 9.999914e-01 -1.621371e+00
9.999974e-01 4.786367e-04 -2.221259e-03 2.627567e+01 -4.838132e-04 9.999972e-01 -2.330504e-03 6.875543e-01 2.220137e-03 2.331573e-03 9.999948e-01 -7.161685e+00
9.999925e-01 -1.115312e-03 -3.717613e-03 3.079529e+01 1.112789e-03 9.999991e-01 -6.804668e-04 9.005891e-01 3.718369e-03 6.763240e-04 9.999929e-01 -1.274215e+01
9.999948e-01 5.954409e-04 -3.159712e-03 3.480798e+01 -5.996173e-04 9.999989e-01 -1.320998e-03 1.088300e+00 3.158923e-03 1.322887e-03 9.999941e-01 -1.698733e+01
9.999966e-01 -1.624003e-03 -2.034506e-03 3.990990e+01 1.620072e-03 9.999968e-01 -1.932358e-03 1.269699e+00 2.037638e-03 1.929054e-03 9.999961e-01 -2.151690e+01
9.999957e-01 4.182157e-04 -2.890860e-03 4.524570e+01 -4.237955e-04 9.999980e-01 -1.929844e-03 1.466469e+00 2.890048e-03 1.931061e-03 9.999940e-01 -2.636541e+01
9.999830e-01 -9.036050e-04 -5.768132e-03 4.902327e+01 9.003518e-04 9.999994e-01 -5.665624e-04 1.688816e+00 5.768640e-03 5.613587e-04 9.999832e-01 -3.123410e+01
9.999996e-01 1.066452e-04 8.999298e-04 5.433985e+01 -1.037164e-04 9.999947e-01 -3.253823e-03 1.931765e+00 -9.002717e-04 3.253729e-03 9.999943e-01 -3.818949e+01
9.999390e-01 -3.451015e-04 -1.104340e-02 5.865382e+01 3.518857e-04 9.999998e-01 6.123872e-04 2.233271e+00 1.104319e-02 -6.162366e-04 9.999388e-01 -4.559357e+01
9.999995e-01 3.581231e-04 -9.536436e-04 6.225824e+01 -3.603416e-04 9.999972e-01 -2.327335e-03 2.522394e+00 9.528078e-04 2.327678e-03 9.999968e-01 -5.194563e+01
9.999865e-01 -1.228300e-03 -5.049199e-03 6.731634e+01 1.223535e-03 9.999988e-01 -9.466381e-04 2.743448e+00 5.050355e-03 9.404467e-04 9.999868e-01 -5.794967e+01
9.999727e-01 1.256690e-03 -7.280360e-03 6.991497e+01 -1.257708e-03 9.999992e-01 -1.352352e-04 2.992309e+00 7.280185e-03 1.443888e-04 9.999735e-01 -6.236236e+01
9.999812e-01 -1.089539e-03 -6.042317e-03 7.292246e+01 1.086023e-03 9.999992e-01 -5.852186e-04 3.259798e+00 6.042950e-03 5.786447e-04 9.999816e-01 -6.684989e+01
9.999781e-01 1.259883e-03 -6.490456e-03 7.510065e+01 -1.258333e-03 9.999992e-01 2.428255e-04 3.465737e+00 6.490757e-03 -2.346523e-04 9.999789e-01 -7.002834e+01
9.999752e-01 -1.201522e-03 -6.933361e-03 7.827060e+01 1.192357e-03 9.999984e-01 -1.325781e-03 3.740368e+00 6.934942e-03 1.317481e-03 9.999751e-01 -7.546404e+01
9.999850e-01 1.052946e-03 -5.381970e-03 8.125617e+01 -1.051201e-03 9.999994e-01 3.270701e-04 3.973424e+00 5.382312e-03 -3.214069e-04 9.999855e-01 -7.953134e+01
9.999294e-01 -1.926344e-04 -1.188344e-02 8.122389e+01 2.032210e-04 9.999996e-01 8.896853e-04 4.207145e+00 1.188326e-02 -8.920381e-04 9.999290e-01 -8.090884e+01
9.999906e-01 6.626674e-04 -4.285181e-03 8.355249e+01 -6.673120e-04 9.999992e-01 -1.082565e-03 4.511127e+00 4.284461e-03 1.085415e-03 9.999902e-01 -8.536704e+01
9.999283e-01 -2.205979e-04 -1.197253e-02 8.588781e+01 2.311245e-04 9.999996e-01 8.778637e-04 4.809631e+00 1.197233e-02 -8.805686e-04 9.999279e-01 -8.987608e+01
9.999689e-01 1.267053e-03 -7.788826e-03 8.569461e+01 -1.262674e-03 9.999990e-01 5.671173e-04 5.087331e+00 7.789537e-03 -5.572642e-04 9.999695e-01 -9.226741e+01
9.999917e-01 -1.960415e-03 -3.559158e-03 9.040295e+01 1.950523e-03 9.999942e-01 -2.780671e-03 5.352549e+00 3.564589e-03 2.773705e-03 9.999898e-01 -9.744034e+01
9.999811e-01 1.026661e-03 -6.065908e-03 9.599551e+01 -1.025231e-03 9.999994e-01 2.388928e-04 5.597450e+00 6.066150e-03 -2.326686e-04 9.999816e-01 -1.031192e+02
9.999968e-01 -2.524554e-03 2.825523e-06 1.021507e+02 2.524549e-03 9.999910e-01 -3.418807e-03 5.797935e+00 5.805139e-06 3.418803e-03 9.999942e-01 -1.084043e+02
9.999779e-01 1.161889e-03 -6.551419e-03 1.083707e+02 -1.159214e-03 9.999992e-01 4.120652e-04 5.997855e+00 6.551893e-03 -4.044609e-04 9.999785e-01 -1.134875e+02
9.999965e-01 -2.419077e-03 -1.046981e-03 1.142326e+02 2.415828e-03 9.999923e-01 -3.093932e-03 6.208610e+00 1.054457e-03 3.091392e-03 9.999947e-01 -1.188245e+02
9.999030e-01 2.585854e-03 -1.368805e-02 1.163441e+02 -2.537833e-03 9.999906e-01 3.524471e-03 6.432973e+00 1.369703e-02 -3.489390e-03 9.999001e-01 -1.220078e+02
9.999803e-01 -9.400783e-04 -6.200667e-03 1.142678e+02 9.386542e-04 9.999995e-01 -2.325527e-04 6.667417e+00 6.200882e-03 2.267271e-04 9.999807e-01 -1.238787e+02
9.999927e-01 8.662620e-04 -3.712621e-03 1.154172e+02 -8.639886e-04 9.999994e-01 6.138561e-04 6.796669e+00 3.713151e-03 -6.106433e-04 9.999929e-01 -1.263751e+02
9.998781e-01 8.993047e-04 -1.558742e-02 1.132279e+02 -8.631216e-04 9.999969e-01 2.327888e-03 7.016082e+00 1.558947e-02 -2.314151e-03 9.998758e-01 -1.289637e+02
9.999972e-01 2.650810e-04 -2.345039e-03 1.128360e+02 -2.643057e-04 9.999999e-01 3.308640e-04 7.270668e+00 2.345127e-03 -3.302426e-04 9.999972e-01 -1.339921e+02
9.999595e-01 6.087931e-04 -8.975424e-03 1.113399e+02 -5.909563e-04 9.999978e-01 1.989832e-03 7.363042e+00 8.976616e-03 -1.984448e-03 9.999577e-01 -1.345469e+02
9.999983e-01 -8.296744e-05 -1.819109e-03 1.103896e+02 8.271728e-05 1.000000e+00 -1.376887e-04 7.436290e+00 1.819120e-03 1.375387e-04 9.999983e-01 -1.361516e+02
9.999944e-01 -1.380261e-04 -3.334275e-03 1.102598e+02 1.421804e-04 9.999992e-01 1.245798e-03 7.426914e+00 3.334100e-03 -1.246266e-03 9.999937e-01 -1.351754e+02
9.999996e-01 -1.828541e-04 8.525096e-04 1.105709e+02 1.835210e-04 9.999997e-01 -7.820682e-04 7.405789e+00 -8.523660e-04 7.822250e-04 9.999993e-01 -1.339926e+02
9.999905e-01 -1.927286e-04 -4.347205e-03 1.118037e+02 1.954811e-04 9.999998e-01 6.327972e-04 7.407024e+00 4.347081e-03 -6.336417e-04 9.999904e-01 -1.344703e+02
9.999998e-01 7.877536e-05 6.489143e-04 1.121799e+02 -7.861179e-05 1.000000e+00 -2.518088e-04 7.396618e+00 -6.489338e-04 2.517584e-04 9.999998e-01 -1.346868e+02
9.999888e-01 -3.809360e-05 -4.733721e-03 1.120208e+02 4.196856e-05 9.999997e-01 8.185281e-04 7.390549e+00 4.733688e-03 -8.187183e-04 9.999885e-01 -1.343998e+02
9.999989e-01 -7.647465e-05 1.499832e-03 1.119916e+02 7.708371e-05 9.999999e-01 -4.059127e-04 7.376884e+00 -1.499801e-03 4.060286e-04 9.999988e-01 -1.337583e+02
9.999900e-01 -5.215619e-05 -4.467750e-03 1.120527e+02 5.593585e-05 9.999996e-01 8.459096e-04 7.356360e+00 4.467704e-03 -8.461517e-04 9.999897e-01 -1.330594e+02
9.999999e-01 1.927001e-04 -3.425033e-04 1.117197e+02 -1.927294e-04 1.000000e+00 -8.593106e-05 7.358988e+00 3.424871e-04 8.599775e-05 9.999999e-01 -1.328031e+02
9.999882e-01 2.240368e-05 -4.851437e-03 1.113253e+02 -1.761951e-05 9.999995e-01 9.862135e-04 7.365963e+00 4.851457e-03 -9.861171e-04 9.999877e-01 -1.326842e+02
1.000000e+00 8.605869e-05 2.303075e-04 1.112319e+02 -8.597656e-05 9.999999e-01 -3.557503e-04 7.368618e+00 -2.303378e-04 3.557311e-04 9.999999e-01 -1.328109e+02
9.999814e-01 2.134175e-04 -6.093945e-03 1.104958e+02 -2.048796e-04 9.999990e-01 1.401660e-03 7.390885e+00 6.094238e-03 -1.400387e-03 9.999804e-01 -1.329292e+02
1.000000e+00 2.031161e-04 1.098773e-04 1.096601e+02 -2.030852e-04 9.999999e-01 -2.796150e-04 7.416494e+00 -1.099338e-04 2.795934e-04 1.000000e+00 -1.328290e+02
9.999886e-01 -1.020955e-05 -4.774715e-03 1.094272e+02 1.465517e-05 9.999996e-01 9.310818e-04 7.425910e+00 4.774703e-03 -9.311418e-04 9.999882e-01 -1.328057e+02
9.999997e-01 9.458428e-05 8.293617e-04 1.094851e+02 -9.421403e-05 9.999999e-01 -4.462216e-04 7.425201e+00 -8.294036e-04 4.461439e-04 9.999996e-01 -1.327624e+02
9.999852e-01 5.864676e-05 -5.438511e-03 1.092903e+02 -5.261032e-05 9.999994e-01 1.110115e-03 7.429009e+00 5.438572e-03 -1.109813e-03 9.999846e-01 -1.328230e+02
9.999967e-01 -3.250748e-04 2.549321e-03 1.099198e+02 3.269555e-04 9.999997e-01 -7.372436e-04 7.402509e+00 -2.549080e-03 7.380754e-04 9.999965e-01 -1.324405e+02
9.999820e-01 -1.403339e-04 -6.004407e-03 1.109367e+02 1.469305e-04 9.999994e-01 1.098236e-03 7.374996e+00 6.004249e-03 -1.099099e-03 9.999814e-01 -1.322269e+02
9.999962e-01 -3.380326e-06 2.769857e-03 1.114858e+02 5.907635e-06 9.999996e-01 -9.123526e-04 7.361384e+00 -2.769853e-03 9.123661e-04 9.999957e-01 -1.321959e+02
9.999823e-01 -1.942185e-04 -5.940318e-03 1.120863e+02 2.004820e-04 9.999994e-01 1.053862e-03 7.354807e+00 5.940109e-03 -1.055035e-03 9.999818e-01 -1.324234e+02
9.999964e-01 -1.307498e-04 2.666026e-03 1.130812e+02 1.333825e-04 9.999995e-01 -9.872538e-04 7.343598e+00 -2.665896e-03 9.876066e-04 9.999960e-01 -1.326218e+02
9.999834e-01 -1.378432e-04 -5.761242e-03 1.139390e+02 1.432132e-04 9.999996e-01 9.317149e-04 7.335596e+00 5.761111e-03 -9.325252e-04 9.999830e-01 -1.328460e+02
9.999970e-01 9.378047e-05 2.435809e-03 1.140942e+02 -9.205410e-05 9.999997e-01 -7.087646e-04 7.340189e+00 -2.435875e-03 7.085390e-04 9.999968e-01 -1.337535e+02
9.999804e-01 -8.514181e-05 -6.258800e-03 1.139952e+02 9.272878e-05 9.999993e-01 1.211961e-03 7.345891e+00 6.258692e-03 -1.212518e-03 9.999797e-01 -1.347371e+02
9.999965e-01 6.158871e-05 2.662492e-03 1.140795e+02 -5.931428e-05 9.999996e-01 -8.542417e-04 7.347829e+00 -2.662543e-03 8.540814e-04 9.999961e-01 -1.355587e+02
9.999830e-01 -1.213254e-04 -5.832750e-03 1.142922e+02 1.273923e-04 9.999995e-01 1.039829e-03 7.351658e+00 5.832620e-03 -1.040555e-03 9.999824e-01 -1.363837e+02
9.999971e-01 -3.539755e-05 2.402671e-03 1.146370e+02 3.742036e-05 9.999996e-01 -8.417757e-04 7.349959e+00 -2.402640e-03 8.418639e-04 9.999968e-01 -1.369459e+02
9.999842e-01 -1.181163e-06 -5.616214e-03 1.148005e+02 7.070077e-06 9.999995e-01 1.048573e-03 7.351094e+00 5.616209e-03 -1.048597e-03 9.999837e-01 -1.376622e+02
9.999973e-01 -3.112127e-05 2.303062e-03 1.148787e+02 3.283803e-05 9.999997e-01 -7.452976e-04 7.351997e+00 -2.303038e-03 7.453720e-04 9.999971e-01 -1.382571e+02
9.999818e-01 -3.550239e-05 -6.035378e-03 1.150480e+02 4.179314e-05 9.999995e-01 1.042225e-03 7.352558e+00 6.035338e-03 -1.042459e-03 9.999812e-01 -1.389325e+02
9.999964e-01 -6.486432e-05 2.688472e-03 1.154332e+02 6.711617e-05 9.999996e-01 -8.374366e-04 7.349780e+00 -2.688417e-03 8.376147e-04 9.999960e-01 -1.393610e+02
9.999795e-01 -1.748971e-04 -6.397479e-03 1.160695e+02 1.828589e-04 9.999992e-01 1.243991e-03 7.331252e+00 6.397256e-03 -1.245136e-03 9.999788e-01 -1.392496e+02
9.999971e-01 1.900762e-04 2.419333e-03 1.161473e+02 -1.881969e-04 9.999997e-01 -7.768885e-04 7.330506e+00 -2.419479e-03 7.764315e-04 9.999968e-01 -1.396613e+02
9.999769e-01 -7.326913e-05 -6.800263e-03 1.158216e+02 8.252165e-05 9.999991e-01 1.360373e-03 7.337593e+00 6.800157e-03 -1.360903e-03 9.999760e-01 -1.393101e+02
9.999971e-01 2.082082e-04 2.393272e-03 1.154367e+02 -2.063234e-04 9.999997e-01 -7.876646e-04 7.346775e+00 -2.393435e-03 7.871693e-04 9.999968e-01 -1.388682e+02
9.999715e-01 5.191200e-06 -7.545726e-03 1.149552e+02 6.618906e-06 9.999988e-01 1.565142e-03 7.361416e+00 7.545725e-03 -1.565148e-03 9.999703e-01 -1.389918e+02
9.999932e-01 3.562198e-05 3.678788e-03 1.147043e+02 -3.109157e-05 9.999992e-01 -1.231486e-03 7.369593e+00 -3.678829e-03 1.231364e-03 9.999925e-01 -1.381549e+02
9.999780e-01 -1.685872e-04 -6.623590e-03 1.149566e+02 1.785462e-04 9.999989e-01 1.503022e-03 7.356332e+00 6.623329e-03 -1.504172e-03 9.999769e-01 -1.374825e+02
9.999989e-01 4.103118e-04 1.444972e-03 1.144699e+02 -4.091830e-04 9.999996e-01 -7.812841e-04 7.372504e+00 -1.445291e-03 7.806926e-04 9.999987e-01 -1.372326e+02
9.999842e-01 -3.304080e-04 -5.617003e-03 1.142683e+02 3.374272e-04 9.999992e-01 1.248774e-03 7.378374e+00 5.616586e-03 -1.250650e-03 9.999834e-01 -1.367903e+02
9.999992e-01 4.853248e-04 1.157961e-03 1.140100e+02 -4.844074e-04 9.999996e-01 -7.922690e-04 7.390626e+00 -1.158345e-03 7.917082e-04 9.999990e-01 -1.363685e+02
9.999836e-01 -2.932776e-04 -5.718585e-03 1.138044e+02 3.008876e-04 9.999991e-01 1.329972e-03 7.405510e+00 5.718189e-03 -1.331671e-03 9.999828e-01 -1.364359e+02
9.999996e-01 5.230855e-04 7.178987e-04 1.134825e+02 -5.224400e-04 9.999995e-01 -8.986778e-04 7.426201e+00 -7.183681e-04 8.983031e-04 9.999993e-01 -1.360945e+02
9.999847e-01 -3.357982e-04 -5.516518e-03 1.130062e+02 3.435684e-04 9.999990e-01 1.407682e-03 7.449658e+00 5.516039e-03 -1.409556e-03 9.999838e-01 -1.355974e+02
9.999985e-01 3.322187e-04 1.722870e-03 1.130689e+02 -3.305617e-04 9.999995e-01 -9.618172e-04 7.444359e+00 -1.723188e-03 9.612469e-04 9.999981e-01 -1.351629e+02
9.999782e-01 -8.945886e-05 -6.597506e-03 1.127552e+02 9.849375e-05 9.999991e-01 1.369164e-03 7.464062e+00 6.597377e-03 -1.369784e-03 9.999773e-01 -1.347609e+02
9.999989e-01 3.621229e-04 1.404404e-03 1.122857e+02 -3.610144e-04 9.999996e-01 -7.893457e-04 7.488511e+00 -1.404689e-03 7.888385e-04 9.999987e-01 -1.343964e+02
9.999835e-01 -3.096917e-04 -5.743496e-03 1.124100e+02 3.163935e-04 9.999993e-01 1.166027e-03 7.490775e+00 5.743131e-03 -1.167826e-03 9.999828e-01 -1.342138e+02
9.999986e-01 4.014858e-04 1.602572e-03 1.127265e+02 -3.999210e-04 9.999994e-01 -9.764733e-04 7.497580e+00 -1.602963e-03 9.758317e-04 9.999982e-01 -1.341130e+02
9.999865e-01 -4.237611e-04 -5.185276e-03 1.134998e+02 4.285945e-04 9.999995e-01 9.311000e-04 7.500803e+00 5.184878e-03 -9.333105e-04 9.999861e-01 -1.343923e+02
9.999973e-01 4.129370e-05 2.327536e-03 1.144846e+02 -3.978944e-05 9.999998e-01 -6.462264e-04 7.479602e+00 -2.327562e-03 6.461327e-04 9.999971e-01 -1.342709e+02
9.999862e-01 -1.898356e-04 -5.240801e-03 1.144671e+02 1.951720e-04 9.999995e-01 1.017785e-03 7.464224e+00 5.240605e-03 -1.018794e-03 9.999857e-01 -1.333307e+02
9.999996e-01 1.979287e-04 9.019843e-04 1.146945e+02 -1.973374e-04 9.999998e-01 -6.552558e-04 7.464137e+00 -9.021135e-04 6.550782e-04 9.999994e-01 -1.330500e+02
9.999883e-01 -4.624523e-04 -4.820182e-03 1.157582e+02 4.662924e-04 9.999996e-01 7.956381e-04 7.455364e+00 4.819812e-03 -7.978770e-04 9.999881e-01 -1.331671e+02
9.999994e-01 5.489340e-05 1.076658e-03 1.170530e+02 -5.407699e-05 9.999997e-01 -7.580686e-04 7.444818e+00 -1.076700e-03 7.580106e-04 9.999991e-01 -1.332947e+02
9.999871e-01 -4.744744e-05 -5.076439e-03 1.173850e+02 5.208486e-05 9.999996e-01 9.134391e-04 7.450293e+00 5.076393e-03 -9.136924e-04 9.999867e-01 -1.331733e+02
9.999998e-01 1.134400e-04 5.549934e-04 1.176149e+02 -1.130550e-04 9.999998e-01 -6.932549e-04 7.462785e+00 -5.550716e-04 6.931927e-04 9.999996e-01 -1.329395e+02
9.999901e-01 -1.168973e-04 -4.449239e-03 1.181162e+02 1.203561e-04 9.999997e-01 7.771922e-04 7.469724e+00 4.449146e-03 -7.777206e-04 9.999898e-01 -1.328583e+02
9.999999e-01 2.981909e-04 -1.749336e-04 1.180429e+02 -2.982712e-04 9.999998e-01 -4.605753e-04 7.484341e+00 1.747966e-04 4.606281e-04 9.999999e-01 -1.325760e+02
9.999946e-01 -4.914866e-04 -3.246887e-03 1.188300e+02 4.932212e-04 9.999997e-01 5.335243e-04 7.474899e+00 3.246623e-03 -5.351235e-04 9.999946e-01 -1.326358e+02
9.999999e-01 2.905164e-04 -1.378787e-04 1.196436e+02 -2.905843e-04 9.999998e-01 -4.944412e-04 7.466013e+00 1.377353e-04 4.944819e-04 9.999999e-01 -1.326915e+02
9.999949e-01 -4.792311e-04 -3.143188e-03 1.200114e+02 4.815726e-04 9.999996e-01 7.443002e-04 7.461344e+00 3.142830e-03 -7.458108e-04 9.999948e-01 -1.321191e+02
9.999996e-01 5.436503e-04 -6.484379e-04 1.198364e+02 -5.440232e-04 9.999997e-01 -5.754162e-04 7.479835e+00 6.481251e-04 5.757694e-04 9.999996e-01 -1.311150e+02
9.999961e-01 -6.692439e-04 -2.693178e-03 1.201714e+02 6.718283e-04 9.999993e-01 9.589290e-04 7.465720e+00 2.692534e-03 -9.607354e-04 9.999959e-01 -1.304858e+02
9.999998e-01 4.255847e-04 -5.516596e-04 1.210004e+02 -4.260471e-04 9.999996e-01 -8.388186e-04 7.453431e+00 5.513026e-04 8.390541e-04 9.999995e-01 -1.302844e+02
9.999963e-01 -6.427792e-04 -2.646188e-03 1.219053e+02 6.448447e-04 9.999995e-01 7.798564e-04 7.444721e+00 2.645685e-03 -7.815605e-04 9.999962e-01 -1.302971e+02
9.999998e-01 4.577692e-04 -4.996092e-04 1.226549e+02 -4.581683e-04 9.999996e-01 -7.993886e-04 7.443250e+00 4.992434e-04 7.996180e-04 9.999996e-01 -1.304053e+02
9.999958e-01 -6.610542e-04 -2.835248e-03 1.234936e+02 6.629847e-04 9.999995e-01 6.800986e-04 7.439562e+00 2.834797e-03 -6.819761e-04 9.999957e-01 -1.306256e+02
9.999996e-01 4.100451e-04 -7.468763e-04 1.243730e+02 -4.105203e-04 9.999997e-01 -6.364862e-04 7.436524e+00 7.466154e-04 6.367932e-04 9.999995e-01 -1.309430e+02
9.999955e-01 -5.553670e-04 -2.941376e-03 1.250132e+02 5.577812e-04 9.999995e-01 8.201257e-04 7.429879e+00 2.940919e-03 -8.217633e-04 9.999953e-01 -1.311032e+02
9.999997e-01 2.629667e-04 -6.735389e-04 1.259847e+02 -2.635038e-04 9.999996e-01 -7.979070e-04 7.425798e+00 6.733292e-04 7.980850e-04 9.999995e-01 -1.314138e+02
9.999961e-01 -5.491647e-04 -2.731136e-03 1.268979e+02 5.514593e-04 9.999995e-01 8.395857e-04 7.419386e+00 2.730674e-03 -8.410892e-04 9.999959e-01 -1.316724e+02
9.999997e-01 2.323334e-04 -7.809979e-04 1.278594e+02 -2.329248e-04 9.999997e-01 -7.576373e-04 7.406500e+00 7.808219e-04 7.578197e-04 9.999994e-01 -1.317495e+02
9.999960e-01 -5.140661e-04 -2.779145e-03 1.287868e+02 5.162241e-04 9.999996e-01 7.759371e-04 7.402808e+00 2.778744e-03 -7.773693e-04 9.999958e-01 -1.320694e+02
9.999990e-01 3.605642e-04 -1.340198e-03 1.287106e+02 -3.607163e-04 9.999999e-01 -1.134078e-04 7.397075e+00 1.340157e-03 1.138918e-04 9.999991e-01 -1.314950e+02
9.999954e-01 -2.334004e-04 -3.031611e-03 1.279695e+02 2.357441e-04 9.999997e-01 7.728695e-04 7.419579e+00 3.031429e-03 -7.735813e-04 9.999951e-01 -1.305215e+02
9.999990e-01 3.315247e-04 -1.339842e-03 1.277204e+02 -3.317952e-04 9.999999e-01 -2.018838e-04 7.429222e+00 1.339775e-03 2.023288e-04 9.999991e-01 -1.303352e+02
9.999967e-01 -3.583642e-04 -2.554093e-03 1.277125e+02 3.600737e-04 9.999997e-01 6.690117e-04 7.423976e+00 2.553852e-03 -6.699298e-04 9.999965e-01 -1.300999e+02
9.999994e-01 3.493406e-04 -1.066757e-03 1.276170e+02 -3.496498e-04 9.999999e-01 -2.899501e-04 7.418988e+00 1.066656e-03 2.903235e-04 9.999994e-01 -1.296405e+02
9.999969e-01 -3.776268e-04 -2.466890e-03 1.275033e+02 3.792211e-04 9.999997e-01 6.459475e-04 7.414084e+00 2.466645e-03 -6.468817e-04 9.999967e-01 -1.291470e+02
9.999991e-01 3.803125e-04 -1.260253e-03 1.272776e+02 -3.807063e-04 9.999999e-01 -3.124504e-04 7.417695e+00 1.260134e-03 3.129306e-04 9.999992e-01 -1.285683e+02
9.999945e-01 -2.521672e-04 -3.301468e-03 1.269167e+02 2.549619e-04 9.999996e-01 8.461810e-04 7.428481e+00 3.301253e-03 -8.470188e-04 9.999942e-01 -1.281765e+02
9.999976e-01 4.663282e-04 -2.134982e-03 1.261904e+02 -4.666931e-04 9.999999e-01 -1.705778e-04 7.460253e+00 2.134902e-03 1.715744e-04 9.999977e-01 -1.275626e+02
9.999895e-01 -3.716429e-05 -4.585479e-03 1.251214e+02 4.253002e-05 9.999993e-01 1.170127e-03 7.508538e+00 4.585432e-03 -1.170310e-03 9.999888e-01 -1.271423e+02
9.999998e-01 2.542292e-04 -5.034515e-04 1.244146e+02 -2.544778e-04 9.999998e-01 -4.943804e-04 7.538868e+00 5.033260e-04 4.945091e-04 9.999998e-01 -1.265829e+02
9.999895e-01 -4.732148e-05 -4.584251e-03 1.237382e+02 5.252868e-05 9.999994e-01 1.135837e-03 7.567723e+00 4.584194e-03 -1.136066e-03 9.999888e-01 -1.258698e+02
9.999995e-01 3.703903e-04 -9.380535e-04 1.229111e+02 -3.707689e-04 9.999998e-01 -4.038596e-04 7.606224e+00 9.379041e-04 4.042078e-04 9.999995e-01 -1.252847e+02
9.999904e-01 -1.022720e-04 -4.369332e-03 1.224386e+02 1.073544e-04 9.999993e-01 1.163030e-03 7.622492e+00 4.369210e-03 -1.163488e-03 9.999898e-01 -1.251646e+02
9.999991e-01 -1.534446e-05 1.353194e-03 1.228898e+02 1.683906e-05 9.999994e-01 -1.104280e-03 7.621596e+00 -1.353176e-03 1.104303e-03 9.999985e-01 -1.255183e+02
9.999850e-01 1.358454e-04 -5.472279e-03 1.228322e+02 -1.275250e-04 9.999988e-01 1.520831e-03 7.626456e+00 5.472479e-03 -1.520111e-03 9.999839e-01 -1.253230e+02
1.000000e+00 1.471101e-04 -9.746290e-06 1.223641e+02 -1.471174e-04 9.999997e-01 -7.787848e-04 7.648194e+00 9.631963e-06 7.787869e-04 9.999997e-01 -1.253966e+02
9.999946e-01 -2.404470e-04 -3.270803e-03 1.230643e+02 2.423256e-04 9.999998e-01 5.740478e-04 7.658460e+00 3.270664e-03 -5.748380e-04 9.999945e-01 -1.260788e+02
1.000000e+00 8.797188e-05 1.483679e-04 1.239038e+02 -8.782597e-05 9.999995e-01 -9.811458e-04 7.674206e+00 -1.484539e-04 9.811334e-04 9.999995e-01 -1.269498e+02
9.999939e-01 -2.716759e-04 -3.493997e-03 1.248133e+02 2.742184e-04 9.999997e-01 7.273004e-04 7.688134e+00 3.493798e-03 -7.282547e-04 9.999936e-01 -1.277300e+02
9.999999e-01 3.148159e-04 -2.007506e-04 1.251566e+02 -3.149479e-04 9.999997e-01 -6.595848e-04 7.696029e+00 2.005431e-04 6.596486e-04 9.999998e-01 -1.282283e+02
9.999935e-01 -2.951086e-04 -3.601158e-03 1.253062e+02 2.981947e-04 9.999996e-01 8.565675e-04 7.704674e+00 3.600904e-03 -8.576364e-04 9.999931e-01 -1.291434e+02
9.999996e-01 1.833033e-04 8.750960e-04 1.258799e+02 -1.824759e-04 9.999995e-01 -9.451264e-04 7.710629e+00 -8.752686e-04 9.449670e-04 9.999992e-01 -1.299219e+02
9.999912e-01 -2.936885e-04 -4.178716e-03 1.264233e+02 2.978141e-04 9.999995e-01 9.867782e-04 7.707422e+00 4.178424e-03 -9.880146e-04 9.999908e-01 -1.301040e+02
9.999997e-01 1.251256e-04 7.857601e-04 1.271409e+02 -1.242491e-04 9.999994e-01 -1.115065e-03 7.715216e+00 -7.858989e-04 1.114967e-03 9.999991e-01 -1.307303e+02
9.999834e-01 -5.495225e-04 -5.737913e-03 1.281276e+02 5.537979e-04 9.999996e-01 7.436007e-04 7.738924e+00 5.737502e-03 -7.467667e-04 9.999833e-01 -1.320793e+02
9.999946e-01 3.563940e-04 3.262114e-03 1.290752e+02 -3.524830e-04 9.999992e-01 -1.199323e-03 7.761632e+00 -3.262539e-03 1.198168e-03 9.999940e-01 -1.332871e+02
9.999798e-01 -5.755883e-04 -6.331668e-03 1.298887e+02 5.818856e-04 9.999993e-01 9.928143e-04 7.775239e+00 6.331092e-03 -9.964792e-04 9.999795e-01 -1.341836e+02
9.999966e-01 5.620345e-04 2.533394e-03 1.300242e+02 -5.605803e-04 9.999997e-01 -5.745552e-04 7.775068e+00 -2.533716e-03 5.731337e-04 9.999966e-01 -1.347700e+02
9.999819e-01 -6.785159e-04 -5.979880e-03 1.304822e+02 6.837714e-04 9.999994e-01 8.769159e-04 7.764410e+00 5.979281e-03 -8.809895e-04 9.999817e-01 -1.348373e+02
9.999964e-01 5.887781e-04 2.628198e-03 1.309693e+02 -5.871181e-04 9.999996e-01 -6.322261e-04 7.756035e+00 -2.628569e-03 6.306814e-04 9.999963e-01 -1.348887e+02
9.999832e-01 -7.108705e-04 -5.744752e-03 1.315521e+02 7.142442e-04 9.999996e-01 5.852778e-04 7.754015e+00 5.744333e-03 -5.893718e-04 9.999833e-01 -1.351054e+02
9.999967e-01 6.065534e-04 2.505586e-03 1.320912e+02 -6.051280e-04 9.999997e-01 -5.694601e-04 7.754111e+00 -2.505931e-03 5.679426e-04 9.999967e-01 -1.353684e+02
9.999796e-01 -6.372816e-04 -6.360607e-03 1.322150e+02 6.441470e-04 9.999992e-01 1.077411e-03 7.743784e+00 6.359915e-03 -1.081487e-03 9.999792e-01 -1.347910e+02
9.999975e-01 7.203208e-04 2.096760e-03 1.321853e+02 -7.190556e-04 9.999996e-01 -6.039535e-04 7.746685e+00 -2.097194e-03 6.024450e-04 9.999976e-01 -1.342319e+02
9.999826e-01 -9.301522e-04 -5.823826e-03 1.327046e+02 9.372386e-04 9.999988e-01 1.214247e-03 7.729274e+00 5.822689e-03 -1.219684e-03 9.999823e-01 -1.336844e+02
9.999988e-01 1.232325e-03 9.413214e-04 1.319076e+02 -1.231520e-03 9.999989e-01 -8.553155e-04 7.778692e+00 -9.423742e-04 8.541559e-04 9.999992e-01 -1.318657e+02
9.999840e-01 -9.443238e-04 -5.581382e-03 1.312069e+02 9.501858e-04 9.999990e-01 1.047777e-03 7.832187e+00 5.580387e-03 -1.053065e-03 9.999839e-01 -1.299447e+02
9.999984e-01 7.769841e-04 1.607331e-03 1.315669e+02 -7.759425e-04 9.999995e-01 -6.483178e-04 7.834388e+00 -1.607833e-03 6.470703e-04 9.999985e-01 -1.288049e+02
9.999813e-01 -6.821506e-04 -6.081228e-03 1.312962e+02 6.885667e-04 9.999992e-01 1.053097e-03 7.859097e+00 6.080505e-03 -1.057265e-03 9.999810e-01 -1.273814e+02
9.999986e-01 1.023826e-03 1.348488e-03 1.305224e+02 -1.022727e-03 9.999991e-01 -8.155622e-04 7.907864e+00 -1.349322e-03 8.141825e-04 9.999988e-01 -1.257348e+02
9.999814e-01 -6.689135e-04 -6.059152e-03 1.298516e+02 6.751960e-04 9.999992e-01 1.034924e-03 7.952388e+00 6.058455e-03 -1.038996e-03 9.999811e-01 -1.242453e+02
9.999967e-01 6.682562e-04 2.464353e-03 1.292903e+02 -6.664054e-04 9.999995e-01 -7.516367e-04 7.974300e+00 -2.464854e-03 7.499926e-04 9.999967e-01 -1.222536e+02
9.999732e-01 -3.028896e-04 -7.313842e-03 1.279578e+02 3.089848e-04 9.999996e-01 8.323074e-04 8.060480e+00 7.313587e-03 -8.345456e-04 9.999729e-01 -1.200290e+02
9.999974e-01 6.430045e-04 2.181546e-03 1.270580e+02 -6.416272e-04 9.999996e-01 -6.318562e-04 8.126112e+00 -2.181951e-03 6.304554e-04 9.999974e-01 -1.184245e+02
9.999857e-01 -1.063334e-03 -5.245967e-03 1.279408e+02 1.069438e-03 9.999988e-01 1.160833e-03 8.090584e+00 5.244726e-03 -1.166427e-03 9.999856e-01 -1.177451e+02
9.999988e-01 1.120332e-03 1.096851e-03 1.278353e+02 -1.119513e-03 9.999991e-01 -7.466254e-04 8.097772e+00 -1.097686e-03 7.453972e-04 9.999991e-01 -1.167920e+02
9.999845e-01 -9.528868e-04 -5.487355e-03 1.273199e+02 9.587019e-04 9.999990e-01 1.057251e-03 8.131034e+00 5.486341e-03 -1.062496e-03 9.999844e-01 -1.151978e+02
9.999971e-01 4.785103e-04 2.372506e-03 1.282914e+02 -4.770669e-04 9.999997e-01 -6.087867e-04 8.108009e+00 -2.372796e-03 6.076537e-04 9.999970e-01 -1.142082e+02
9.999851e-01 -1.234438e-03 -5.313098e-03 1.302014e+02 1.240277e-03 9.999986e-01 1.095785e-03 8.064852e+00 5.311738e-03 -1.102359e-03 9.999853e-01 -1.135196e+02
9.999973e-01 1.087333e-03 2.066060e-03 1.302615e+02 -1.086017e-03 9.999992e-01 -6.378016e-04 8.052802e+00 -2.066752e-03 6.355568e-04 9.999977e-01 -1.119079e+02
9.999760e-01 -8.939508e-04 -6.872418e-03 1.296351e+02 8.998695e-04 9.999992e-01 8.582322e-04 8.096107e+00 6.871645e-03 -8.643965e-04 9.999760e-01 -1.104779e+02
9.999944e-01 6.772309e-04 3.282517e-03 1.297095e+02 -6.760094e-04 9.999997e-01 -3.731388e-04 8.098187e+00 -3.282769e-03 3.709184e-04 9.999945e-01 -1.089973e+02
9.999733e-01 -5.734091e-04 -7.289744e-03 1.292815e+02 5.785824e-04 9.999996e-01 7.076262e-04 8.121375e+00 7.289335e-03 -7.118256e-04 9.999732e-01 -1.073117e+02
9.999948e-01 6.304603e-04 3.172463e-03 1.289215e+02 -6.292816e-04 9.999997e-01 -3.724066e-04 8.145257e+00 -3.172697e-03 3.704089e-04 9.999949e-01 -1.057064e+02
9.999713e-01 -4.821634e-04 -7.564155e-03 1.283989e+02 4.876544e-04 9.999996e-01 7.241520e-04 8.180415e+00 7.563803e-03 -7.278205e-04 9.999711e-01 -1.038398e+02
9.999956e-01 6.542689e-04 2.879215e-03 1.277539e+02 -6.529291e-04 9.999997e-01 -4.661254e-04 8.229727e+00 -2.879519e-03 4.642441e-04 9.999957e-01 -1.016923e+02
9.999731e-01 -5.180949e-04 -7.320693e-03 1.276015e+02 5.249007e-04 9.999994e-01 9.278284e-04 8.247952e+00 7.320208e-03 -9.316466e-04 9.999728e-01 -1.003517e+02
9.999937e-01 2.169796e-04 3.548595e-03 1.279160e+02 -2.158394e-04 9.999999e-01 -3.215949e-04 8.236971e+00 -3.548664e-03 3.208276e-04 9.999937e-01 -9.871926e+01
9.999899e-01 -2.476134e-03 -3.744967e-03 1.325275e+02 2.480306e-03 9.999963e-01 1.109867e-03 8.099623e+00 3.742205e-03 -1.119145e-03 9.999924e-01 -9.652690e+01
9.999969e-01 2.499260e-03 -1.618675e-04 1.323049e+02 -2.499335e-03 9.999968e-01 -4.652479e-04 8.101306e+00 1.607044e-04 4.656516e-04 9.999999e-01 -9.416509e+01
9.999854e-01 -2.243742e-03 -4.905906e-03 1.319964e+02 2.248224e-03 9.999971e-01 9.083544e-04 8.125569e+00 4.903853e-03 -9.193714e-04 9.999876e-01 -9.347939e+01
9.999919e-01 1.947806e-03 3.513406e-03 1.329605e+02 -1.943554e-03 9.999974e-01 -1.213129e-03 8.140043e+00 -3.515759e-03 1.206291e-03 9.999931e-01 -9.438628e+01
9.999646e-01 -3.106968e-03 -7.820086e-03 1.354652e+02 3.117926e-03 9.999942e-01 1.389437e-03 8.102119e+00 7.815723e-03 -1.413771e-03 9.999685e-01 -9.417840e+01
9.999860e-01 1.814704e-03 4.980485e-03 1.393004e+02 -1.806675e-03 9.999971e-01 -1.616089e-03 8.072104e+00 -4.983403e-03 1.607069e-03 9.999863e-01 -9.422622e+01
9.999598e-01 -3.622870e-03 -8.205312e-03 1.433986e+02 3.644918e-03 9.999898e-01 2.673820e-03 7.985864e+00 8.195541e-03 -2.703621e-03 9.999628e-01 -9.289552e+01
9.999820e-01 8.533085e-04 5.946335e-03 1.486880e+02 -8.457980e-04 9.999988e-01 -1.265391e-03 7.850255e+00 -5.947408e-03 1.260340e-03 9.999815e-01 -9.052930e+01
9.999733e-01 -2.655769e-03 -6.814740e-03 1.530984e+02 2.660136e-03 9.999963e-01 6.317567e-04 7.795127e+00 6.813037e-03 -6.498686e-04 9.999766e-01 -8.990347e+01
9.999939e-01 2.246685e-03 2.662028e-03 1.544040e+02 -2.246360e-03 9.999975e-01 -1.247471e-04 7.781587e+00 -2.662301e-03 1.187670e-04 9.999964e-01 -8.966997e+01
9.999509e-01 -1.385891e-03 -9.816378e-03 1.526079e+02 1.387233e-03 9.999990e-01 1.299077e-04 7.916309e+00 9.816188e-03 -1.435195e-04 9.999518e-01 -8.697093e+01
9.999960e-01 2.386054e-03 1.492895e-03 1.505751e+02 -2.386218e-03 9.999971e-01 1.080943e-04 8.068079e+00 -1.492632e-03 -1.116556e-04 9.999989e-01 -8.474526e+01
9.999587e-01 -1.674834e-03 -8.938040e-03 1.490818e+02 1.678093e-03 9.999985e-01 3.571247e-04 8.171565e+00 8.937428e-03 -3.721094e-04 9.999600e-01 -8.329834e+01
9.999967e-01 2.553939e-03 -3.253629e-05 1.472554e+02 -2.553913e-03 9.999965e-01 7.440544e-04 8.280988e+00 3.443664e-05 -7.439682e-04 9.999997e-01 -8.235684e+01
9.999639e-01 -1.679558e-03 -8.323465e-03 1.454814e+02 1.678141e-03 9.999986e-01 -1.770962e-04 8.406621e+00 8.323750e-03 1.631213e-04 9.999653e-01 -8.078787e+01
9.999947e-01 2.824956e-03 -1.614182e-03 1.428379e+02 -2.824269e-03 9.999959e-01 4.272824e-04 8.605416e+00 1.615383e-03 -4.227206e-04 9.999986e-01 -7.812163e+01
9.999242e-01 -9.561852e-04 -1.227119e-02 1.385279e+02 9.567223e-04 9.999995e-01 3.792865e-05 8.926469e+00 1.227115e-02 -4.966651e-05 9.999247e-01 -7.418504e+01
9.999932e-01 2.328579e-03 2.846153e-03 1.361048e+02 -2.329412e-03 9.999972e-01 2.897404e-04 9.118194e+00 -2.845471e-03 -2.963677e-04 9.999959e-01 -7.183032e+01
9.999470e-01 -1.265429e-03 -1.021318e-02 1.345743e+02 1.260513e-03 9.999991e-01 -4.877529e-04 9.263011e+00 1.021378e-02 4.748527e-04 9.999477e-01 -7.019610e+01
9.999936e-01 2.665663e-03 2.383818e-03 1.327593e+02 -2.665316e-03 9.999964e-01 -1.488706e-04 9.463595e+00 -2.384206e-03 1.425166e-04 9.999971e-01 -6.811304e+01
9.999319e-01 -1.262815e-03 -1.159917e-02 1.302694e+02 1.264206e-03 9.999992e-01 1.126151e-04 9.674285e+00 1.159902e-02 -1.272717e-04 9.999327e-01 -6.543575e+01
9.999950e-01 2.391464e-03 2.050873e-03 1.277024e+02 -2.391765e-03 9.999971e-01 1.447272e-04 9.867732e+00 -2.050520e-03 -1.496311e-04 9.999979e-01 -6.272706e+01
9.999434e-01 -1.400109e-03 -1.054238e-02 1.256605e+02 1.401798e-03 9.999990e-01 1.528496e-04 1.001840e+01 1.054216e-02 -1.676198e-04 9.999444e-01 -6.069742e+01
9.999844e-01 1.852358e-03 5.270608e-03 1.248419e+02 -1.852632e-03 9.999983e-01 4.706824e-05 1.007867e+01 -5.270511e-03 -5.683140e-05 9.999861e-01 -5.938934e+01
9.999635e-01 -1.907747e-03 -8.332985e-03 1.250935e+02 1.907990e-03 9.999982e-01 2.126838e-05 1.008485e+01 8.332929e-03 -3.716746e-05 9.999653e-01 -5.856913e+01
9.999862e-01 2.100134e-03 4.825337e-03 1.255235e+02 -2.097241e-03 9.999976e-01 -6.044599e-04 1.014021e+01 -4.826595e-03 5.943323e-04 9.999882e-01 -5.777784e+01
9.999557e-01 -1.923018e-03 -9.211607e-03 1.256033e+02 1.930364e-03 9.999978e-01 7.886372e-04 1.016757e+01 9.210070e-03 -8.063846e-04 9.999573e-01 -5.687541e+01
9.999855e-01 2.117631e-03 4.950303e-03 1.251767e+02 -2.114995e-03 9.999976e-01 -5.375184e-04 1.019363e+01 -4.951430e-03 5.270413e-04 9.999876e-01 -5.584058e+01
9.999561e-01 -1.918751e-03 -9.174198e-03 1.248740e+02 1.925535e-03 9.999979e-01 7.307274e-04 1.021571e+01 9.172776e-03 -7.483612e-04 9.999576e-01 -5.483125e+01
9.999845e-01 1.693392e-03 5.295365e-03 1.251264e+02 -1.692956e-03 9.999986e-01 -8.663167e-05 1.021289e+01 -5.295504e-03 7.766610e-05 9.999860e-01 -5.365443e+01
9.999452e-01 -1.672194e-03 -1.033757e-02 1.248020e+02 1.681006e-03 9.999982e-01 8.438508e-04 1.024562e+01 1.033614e-02 -8.611827e-04 9.999462e-01 -5.153054e+01
9.999858e-01 1.516240e-03 5.107186e-03 1.249441e+02 -1.514512e-03 9.999988e-01 -3.420767e-04 1.026635e+01 -5.107698e-03 3.343376e-04 9.999869e-01 -4.985789e+01
9.999606e-01 -2.372171e-03 -8.550228e-03 1.271063e+02 2.375210e-03 9.999971e-01 3.453897e-04 1.024470e+01 8.549384e-03 -3.656853e-04 9.999634e-01 -4.974956e+01
9.999829e-01 2.059410e-03 5.480530e-03 1.288340e+02 -2.054887e-03 9.999975e-01 -8.305760e-04 1.024856e+01 -5.482227e-03 8.193004e-04 9.999846e-01 -5.007937e+01
9.999618e-01 -2.232500e-03 -8.445507e-03 1.301297e+02 2.234682e-03 9.999975e-01 2.490340e-04 1.026428e+01 8.444930e-03 -2.678981e-04 9.999643e-01 -5.059465e+01
9.999836e-01 1.959108e-03 5.382831e-03 1.312091e+02 -1.957832e-03 9.999981e-01 -2.422464e-04 1.026057e+01 -5.383295e-03 2.317044e-04 9.999855e-01 -5.089285e+01
9.999578e-01 -2.175016e-03 -8.922794e-03 1.317619e+02 2.180603e-03 9.999974e-01 6.164345e-04 1.023918e+01 8.921430e-03 -6.358661e-04 9.999600e-01 -5.074238e+01
9.999825e-01 1.973944e-03 5.575921e-03 1.323125e+02 -1.972729e-03 9.999980e-01 -2.232570e-04 1.021564e+01 -5.576351e-03 2.122539e-04 9.999844e-01 -5.045836e+01
9.999611e-01 -2.237499e-03 -8.527770e-03 1.328451e+02 2.242799e-03 9.999973e-01 6.120900e-04 1.018871e+01 8.526377e-03 -6.311929e-04 9.999635e-01 -4.997002e+01
9.999829e-01 1.873191e-03 5.544936e-03 1.336376e+02 -1.871881e-03 9.999982e-01 -2.414343e-04 1.015782e+01 -5.545378e-03 2.310513e-04 9.999846e-01 -4.952179e+01
9.999501e-01 -1.784273e-03 -9.825310e-03 1.332885e+02 1.790932e-03 9.999982e-01 6.689849e-04 1.017440e+01 9.824098e-03 -6.865486e-04 9.999515e-01 -4.815299e+01
9.999821e-01 2.001454e-03 5.639582e-03 1.327921e+02 -1.998498e-03 9.999979e-01 -5.296225e-04 1.021168e+01 -5.640630e-03 5.183429e-04 9.999840e-01 -4.650729e+01
9.999593e-01 -2.499587e-03 -8.670485e-03 1.342956e+02 2.504286e-03 9.999967e-01 5.312737e-04 1.019275e+01 8.669129e-03 -5.529660e-04 9.999623e-01 -4.637892e+01
9.999805e-01 2.196114e-03 5.843445e-03 1.353317e+02 -2.194048e-03 9.999975e-01 -3.599023e-04 1.017424e+01 -5.844221e-03 3.470750e-04 9.999829e-01 -4.613462e+01
9.999565e-01 -2.464949e-03 -8.990744e-03 1.362969e+02 2.469221e-03 9.999968e-01 4.641679e-04 1.016224e+01 8.989572e-03 -4.863485e-04 9.999595e-01 -4.579307e+01
9.999792e-01 2.048695e-03 6.114464e-03 1.375741e+02 -2.046672e-03 9.999978e-01 -3.369808e-04 1.014277e+01 -6.115141e-03 3.244601e-04 9.999812e-01 -4.566895e+01
9.999534e-01 -2.387141e-03 -9.352898e-03 1.385298e+02 2.394901e-03 9.999968e-01 8.186787e-04 1.011238e+01 9.350914e-03 -8.410405e-04 9.999559e-01 -4.499639e+01
9.999781e-01 2.138179e-03 6.269316e-03 1.389175e+02 -2.136456e-03 9.999977e-01 -2.814728e-04 1.009566e+01 -6.269903e-03 2.680731e-04 9.999803e-01 -4.381952e+01
9.999509e-01 -2.419709e-03 -9.606414e-03 1.395197e+02 2.426833e-03 9.999968e-01 7.301119e-04 1.007833e+01 9.604616e-03 -7.533898e-04 9.999536e-01 -4.287243e+01
9.999790e-01 2.112554e-03 6.123190e-03 1.401085e+02 -2.110922e-03 9.999977e-01 -2.728130e-04 1.006506e+01 -6.123753e-03 2.598823e-04 9.999812e-01 -4.194619e+01
9.999504e-01 -2.400939e-03 -9.667025e-03 1.406660e+02 2.408060e-03 9.999968e-01 7.251590e-04 1.005369e+01 9.665253e-03 -7.484024e-04 9.999530e-01 -4.095786e+01
9.999788e-01 2.165032e-03 6.137593e-03 1.410839e+02 -2.163572e-03 9.999976e-01 -2.445459e-04 1.004377e+01 -6.138107e-03 2.312622e-04 9.999811e-01 -4.001935e+01
9.999518e-01 -2.393014e-03 -9.521647e-03 1.414579e+02 2.400209e-03 9.999968e-01 7.443819e-04 1.003048e+01 9.519835e-03 -7.672006e-04 9.999544e-01 -3.900516e+01
9.999787e-01 2.073121e-03 6.181102e-03 1.421016e+02 -2.070737e-03 9.999978e-01 -3.919917e-04 1.001126e+01 -6.181901e-03 3.791845e-04 9.999808e-01 -3.852000e+01
9.999575e-01 -2.677082e-03 -8.823848e-03 1.440044e+02 2.667107e-03 9.999958e-01 -1.141967e-03 1.005532e+01 8.826868e-03 1.118384e-03 9.999604e-01 -3.998297e+01
9.999799e-01 2.375872e-03 5.873865e-03 1.451031e+02 -2.380538e-03 9.999969e-01 7.874503e-04 1.006669e+01 -5.871975e-03 -8.014169e-04 9.999824e-01 -4.067343e+01
9.999559e-01 -2.665042e-03 -9.009206e-03 1.460116e+02 2.658908e-03 9.999962e-01 -6.926377e-04 1.005067e+01 9.011018e-03 6.686519e-04 9.999592e-01 -4.065034e+01
9.999834e-01 2.458703e-03 5.218943e-03 1.464695e+02 -2.465055e-03 9.999962e-01 1.211058e-03 1.003265e+01 -5.215946e-03 -1.223903e-03 9.999856e-01 -4.009143e+01
9.999575e-01 -2.593641e-03 -8.849453e-03 1.465706e+02 2.587352e-03 9.999964e-01 -7.219415e-04 1.002703e+01 8.851294e-03 6.990136e-04 9.999606e-01 -3.906271e+01
9.999857e-01 2.650730e-03 4.644335e-03 1.463760e+02 -2.656072e-03 9.999958e-01 1.144643e-03 1.003712e+01 -4.641282e-03 -1.156962e-03 9.999886e-01 -3.802830e+01
9.999561e-01 -2.455583e-03 -9.046956e-03 1.459697e+02 2.448316e-03 9.999967e-01 -8.141858e-04 1.005918e+01 9.048925e-03 7.919996e-04 9.999587e-01 -3.683562e+01
9.999854e-01 2.683699e-03 4.679759e-03 1.453302e+02 -2.688698e-03 9.999958e-01 1.062371e-03 1.009602e+01 -4.676889e-03 -1.074937e-03 9.999885e-01 -3.529366e+01
9.999662e-01 -2.952589e-03 -7.679289e-03 1.456103e+02 2.948017e-03 9.999955e-01 -6.065093e-04 1.008542e+01 7.681045e-03 5.838495e-04 9.999703e-01 -3.378311e+01
9.999855e-01 2.488147e-03 4.785149e-03 1.466070e+02 -2.493558e-03 9.999963e-01 1.125162e-03 1.004799e+01 -4.782332e-03 -1.137077e-03 9.999879e-01 -3.284806e+01
9.999752e-01 -3.609646e-03 -6.045832e-03 1.498049e+02 3.580145e-03 9.999817e-01 -4.883237e-03 1.014475e+01 6.063348e-03 4.861470e-03 9.999698e-01 -3.607082e+01
9.999660e-01 2.671030e-03 7.801190e-03 1.542597e+02 -2.673641e-03 9.999964e-01 3.243724e-04 1.031717e+01 -7.800296e-03 -3.452184e-04 9.999695e-01 -4.220170e+01
9.999502e-01 -3.751768e-03 -9.252896e-03 1.592574e+02 3.714173e-03 9.999848e-01 -4.076791e-03 1.045205e+01 9.268051e-03 4.042220e-03 9.999489e-01 -4.626450e+01
9.999705e-01 2.481665e-03 7.264509e-03 1.646489e+02 -2.477225e-03 9.999967e-01 -6.201794e-04 1.060628e+01 -7.266024e-03 6.021659e-04 9.999734e-01 -5.106240e+01
