9.999954e-01 -3.932437e-06 -3.018347e-03 5.796127e-02 3.981299e-06 1.000000e+00 1.619031e-05 -1.531014e-02 3.018346e-03 -1.620297e-05 9.999954e-01 5.485001e-01
9.999995e-01 -6.540097e-05 -1.010287e-03 -4.845246e-02 6.582716e-05 9.999999e-01 4.217929e-04 -1.421254e-02 1.010259e-03 -4.218584e-04 9.999994e-01 6.351514e-01
9.999954e-01 8.088256e-05 -3.044433e-03 6.748034e-02 -8.087084e-05 1.000000e+00 3.981615e-06 -1.829094e-02 3.044433e-03 -3.736103e-06 9.999954e-01 6.591060e-01
9.999995e-01 -2.472166e-04 -9.360764e-04 -2.973631e-01 2.476261e-04 9.999999e-01 4.372712e-04 -3.623200e-03 9.359685e-04 -4.375021e-04 9.999995e-01 9.476050e-01
9.999933e-01 -7.490328e-05 -3.657677e-03 -1.380443e+00 7.610337e-05 9.999999e-01 3.279702e-04 4.938249e-02 3.657651e-03 -3.282470e-04 9.999933e-01 1.343709e+00
9.999986e-01 -3.557469e-04 -1.619279e-03 -3.098575e+00 3.569767e-04 9.999996e-01 7.592250e-04 1.332974e-01 1.619009e-03 -7.598013e-04 9.999984e-01 1.762215e+00
9.999946e-01 -3.792425e-05 -3.290543e-03 -4.560496e+00 3.861874e-05 1.000000e+00 2.110022e-04 2.016991e-01 3.290534e-03 -2.111288e-04 9.999946e-01 2.106290e+00
9.999993e-01 -2.719486e-04 -1.190919e-03 -5.572796e+00 2.726101e-04 9.999998e-01 5.553715e-04 2.451715e-01 1.190768e-03 -5.556950e-04 9.999991e-01 2.354402e+00
9.999980e-01 2.198872e-04 -1.977076e-03 -5.362214e+00 -2.205452e-04 9.999999e-01 -3.325787e-04 2.341510e-01 1.977002e-03 3.330133e-04 9.999980e-01 2.485871e+00
9.999994e-01 -2.660070e-04 -1.094557e-03 -5.489659e+00 2.664585e-04 9.999999e-01 4.123907e-04 2.278198e-01 1.094448e-03 -4.126814e-04 9.999993e-01 3.074603e+00
9.999970e-01 1.420186e-04 -2.457286e-03 -5.714609e+00 -1.424265e-04 1.000000e+00 -1.658126e-04 2.380698e-01 2.457262e-03 1.661614e-04 9.999970e-01 3.606111e+00
9.999997e-01 -1.611154e-04 -8.125014e-04 -5.678087e+00 1.613912e-04 9.999999e-01 3.393115e-04 2.361250e-01 8.124470e-04 -3.394418e-04 9.999996e-01 4.149122e+00
9.999984e-01 1.680226e-04 -1.805542e-03 -5.769988e+00 -1.686041e-04 9.999999e-01 -3.219015e-04 2.274793e-01 1.805488e-03 3.222047e-04 9.999983e-01 4.961636e+00
9.999980e-01 -4.439768e-05 -1.977113e-03 -5.210065e+00 4.588824e-05 9.999997e-01 7.538489e-04 2.164910e-01 1.977079e-03 -7.539374e-04 9.999978e-01 5.076870e+00
9.999979e-01 5.622323e-05 -2.069323e-03 -4.226345e+00 -5.634450e-05 1.000000e+00 -5.852222e-05 2.119910e-01 2.069319e-03 5.863798e-05 9.999979e-01 4.903239e+00
9.999985e-01 9.873695e-05 -1.743639e-03 -3.231103e+00 -9.744090e-05 9.999997e-01 7.433490e-04 1.992774e-01 1.743713e-03 -7.431772e-04 9.999982e-01 4.988716e+00
9.999990e-01 1.445322e-04 -1.387241e-03 -2.576637e+00 -1.451901e-04 9.999999e-01 -4.741326e-04 1.719046e-01 1.387172e-03 4.743328e-04 9.999989e-01 5.587503e+00
9.999999e-01 2.273743e-04 -3.794965e-04 -2.257683e+00 -2.272927e-04 1.000000e+00 2.149205e-04 1.343411e-01 3.795457e-04 -2.148336e-04 9.999999e-01 6.756240e+00
9.999989e-01 -1.346993e-05 -1.481392e-03 -2.023283e+00 1.285518e-05 9.999999e-01 -4.149615e-04 1.024741e-01 1.481397e-03 4.149413e-04 9.999988e-01 7.802248e+00
9.999977e-01 3.680895e-04 -2.093371e-03 -1.230886e+00 -3.661525e-04 9.999995e-01 9.256003e-04 7.465028e-02 2.093711e-03 -9.248310e-04 9.999974e-01 8.101765e+00
9.999991e-01 -1.515785e-04 -1.328758e-03 -3.189418e-01 1.510506e-04 9.999999e-01 -3.973148e-04 4.217424e-02 1.328818e-03 3.971130e-04 9.999990e-01 8.532950e+00
9.999982e-01 4.197003e-04 -1.830498e-03 5.090405e-01 -4.184616e-04 9.999997e-01 6.770067e-04 7.174827e-03 1.830781e-03 -6.762388e-04 9.999981e-01 9.033160e+00
9.999990e-01 -2.878682e-04 -1.372286e-03 1.136543e+00 2.872557e-04 9.999999e-01 -4.464771e-04 -2.038697e-02 1.372414e-03 4.460817e-04 9.999990e-01 9.434976e+00
9.999982e-01 4.041554e-04 -1.857809e-03 1.805157e+00 -4.027804e-04 9.999996e-01 7.404201e-04 -4.553277e-02 1.858108e-03 -7.396697e-04 9.999980e-01 9.700148e+00
9.999988e-01 -1.608091e-04 -1.555924e-03 2.533636e+00 1.603226e-04 9.999999e-01 -3.127562e-04 -7.156008e-02 1.555974e-03 3.125057e-04 9.999987e-01 1.003739e+01
9.999981e-01 2.742784e-04 -1.913210e-03 3.084425e+00 -2.729659e-04 9.999997e-01 6.862499e-04 -9.331134e-02 1.913398e-03 -6.857257e-04 9.999979e-01 1.028619e+01
9.999987e-01 -1.871973e-04 -1.605850e-03 3.695510e+00 1.867166e-04 9.999999e-01 -2.994545e-04 -1.138612e-01 1.605906e-03 2.991536e-04 9.999987e-01 1.043521e+01
9.999983e-01 1.356680e-04 -1.812027e-03 3.856879e+00 -1.345645e-04 9.999998e-01 6.090674e-04 -1.252885e-01 1.812109e-03 -6.088218e-04 9.999982e-01 1.047970e+01
9.999987e-01 4.842822e-05 -1.588467e-03 4.365865e+00 -4.885318e-05 1.000000e+00 -2.674542e-04 -1.464702e-01 1.588454e-03 2.675307e-04 9.999987e-01 1.073481e+01
9.999979e-01 -2.526413e-05 -2.037933e-03 4.627622e+00 2.654044e-05 9.999998e-01 6.262214e-04 -1.587750e-01 2.037917e-03 -6.262735e-04 9.999977e-01 1.102327e+01
9.999977e-01 -1.155191e-04 -2.143462e-03 4.274820e+00 1.152352e-04 1.000000e+00 -1.325530e-04 -1.471787e-01 2.143477e-03 1.323050e-04 9.999977e-01 1.113850e+01
9.999983e-01 -4.852897e-05 -1.826592e-03 3.991565e+00 4.941408e-05 9.999999e-01 4.844940e-04 -1.368160e-01 1.826568e-03 -4.845828e-04 9.999982e-01 1.143176e+01
9.999986e-01 2.477280e-05 -1.702637e-03 4.105400e+00 -2.521629e-05 1.000000e+00 -2.604145e-04 -1.517806e-01 1.702630e-03 2.604564e-04 9.999985e-01 1.164874e+01
9.999986e-01 -1.573377e-04 -1.667167e-03 4.252896e+00 1.579027e-04 9.999999e-01 3.387659e-04 -1.586794e-01 1.667113e-03 -3.390280e-04 9.999986e-01 1.126973e+01
9.999989e-01 1.709240e-04 -1.484786e-03 4.402719e+00 -1.712601e-04 1.000000e+00 -2.261954e-04 -1.765664e-01 1.484747e-03 2.264487e-04 9.999989e-01 1.159425e+01
9.999983e-01 -1.800845e-04 -1.853547e-03 4.385619e+00 1.809282e-04 9.999999e-01 4.550034e-04 -1.892395e-01 1.853465e-03 -4.553372e-04 9.999982e-01 1.181303e+01
9.999969e-01 1.548093e-04 -2.473070e-03 4.036971e+00 -1.546237e-04 1.000000e+00 7.528308e-05 -1.880046e-01 2.473082e-03 -7.490116e-05 9.999969e-01 1.158304e+01
9.999993e-01 -2.897463e-04 -1.117750e-03 4.049724e+00 2.898692e-04 1.000000e+00 1.096914e-04 -1.912625e-01 1.117718e-03 -1.100146e-04 9.999994e-01 1.154178e+01
9.999961e-01 1.716278e-04 -2.778421e-03 3.840326e+00 -1.709966e-04 1.000000e+00 2.274251e-04 -1.843318e-01 2.778460e-03 -2.269499e-04 9.999961e-01 1.182064e+01
9.999996e-01 5.102320e-05 -9.174385e-04 4.505337e+00 -5.079367e-05 1.000000e+00 2.501291e-04 -2.129191e-01 9.174516e-04 -2.500817e-04 9.999995e-01 1.215269e+01
9.999963e-01 1.021231e-04 -2.728901e-03 5.485677e+00 -1.010293e-04 9.999999e-01 4.009694e-04 -2.362533e-01 2.728941e-03 -4.006930e-04 9.999962e-01 1.225194e+01
9.999995e-01 -6.318678e-05 -9.701652e-04 5.817467e+00 6.313925e-05 1.000000e+00 -4.909846e-05 -2.480338e-01 9.701686e-04 4.903789e-05 9.999995e-01 1.227020e+01
9.999970e-01 -7.725090e-05 -2.466906e-03 5.888008e+00 7.798488e-05 1.000000e+00 2.974644e-04 -2.518365e-01 2.466882e-03 -2.976566e-04 9.999969e-01 1.204665e+01
9.999991e-01 -1.493302e-05 -1.354211e-03 5.684208e+00 1.509666e-05 1.000000e+00 1.207712e-04 -2.476041e-01 1.354209e-03 -1.207909e-04 9.999991e-01 1.217138e+01
9.999973e-01 -2.698631e-05 -2.323992e-03 5.485892e+00 2.762164e-05 1.000000e+00 2.733823e-04 -2.491901e-01 2.323984e-03 -2.734465e-04 9.999973e-01 1.232972e+01
9.999997e-01 2.797558e-06 -7.600725e-04 5.451809e+00 -2.929627e-06 1.000000e+00 -1.738612e-04 -2.569774e-01 7.600724e-04 1.738641e-04 9.999997e-01 1.287223e+01
9.999878e-01 -1.665333e-04 -4.928572e-03 4.207207e+00 1.731834e-04 9.999991e-01 1.348916e-03 -2.021118e-01 4.928342e-03 -1.349754e-03 9.999869e-01 1.226817e+01
9.999999e-01 -2.966282e-04 -4.415361e-04 2.297709e+00 2.966730e-04 1.000000e+00 1.011476e-04 -1.228412e-01 4.415064e-04 -1.012779e-04 9.999999e-01 1.139946e+01
9.999929e-01 1.147545e-04 -3.755093e-03 1.811657e+00 -1.131490e-04 9.999999e-01 4.277792e-04 -1.048323e-01 3.755141e-03 -4.273520e-04 9.999929e-01 1.157474e+01
9.999999e-01 -3.257115e-04 -4.396606e-04 1.346637e+00 3.257456e-04 9.999999e-01 7.722463e-05 -8.496552e-02 4.396358e-04 -7.736713e-05 9.999999e-01 1.182006e+01
9.999930e-01 1.317839e-04 -3.746006e-03 8.401358e-01 -1.302037e-04 9.999999e-01 4.220846e-04 -6.382865e-02 3.746061e-03 -4.215946e-04 9.999929e-01 1.205792e+01
9.999999e-01 -2.660563e-04 -2.097686e-04 4.855029e-01 2.660719e-04 1.000000e+00 7.417430e-05 -5.028543e-02 2.097492e-04 -7.422940e-05 1.000000e+00 1.221607e+01
9.999945e-01 1.522379e-04 -3.314421e-03 3.238503e-01 -1.515095e-04 1.000000e+00 2.200213e-04 -4.801124e-02 3.314454e-03 -2.195186e-04 9.999945e-01 1.246056e+01
1.000000e+00 -7.863698e-05 1.331531e-04 5.701026e-01 7.864340e-05 1.000000e+00 -4.753805e-05 -6.741423e-02 -1.331490e-04 4.754923e-05 1.000000e+00 1.283801e+01
9.999952e-01 3.639945e-04 -3.070356e-03 1.201444e+00 -3.631804e-04 9.999999e-01 2.657356e-04 -1.029775e-01 3.070453e-03 -2.646200e-04 9.999953e-01 1.338274e+01
1.000000e+00 -2.638160e-04 9.529777e-05 1.512086e+00 2.638416e-04 9.999999e-01 -2.679845e-04 -1.233312e-01 -9.522673e-05 2.680103e-04 1.000000e+00 1.381519e+01
9.999944e-01 1.386638e-04 -3.329776e-03 1.265652e+00 -1.370531e-04 9.999999e-01 4.839970e-04 -1.176145e-01 3.329843e-03 -4.835387e-04 9.999943e-01 1.414610e+01
9.999997e-01 -3.459294e-04 -6.832628e-04 7.600873e-01 3.459449e-04 9.999999e-01 2.237654e-05 -9.608131e-02 6.832553e-04 -2.261220e-05 9.999998e-01 1.440365e+01
9.999910e-01 1.655320e-04 -4.231194e-03 4.276736e-01 -1.635048e-04 9.999999e-01 4.794786e-04 -6.261115e-02 4.231273e-03 -4.787832e-04 9.999909e-01 1.369160e+01
9.999994e-01 -9.885878e-04 -3.976802e-04 8.432149e-01 9.883937e-04 9.999994e-01 -4.880441e-04 -6.152224e-05 3.981628e-04 4.876514e-04 9.999998e-01 1.121065e+01
9.999941e-01 5.998685e-04 -3.389619e-03 1.692827e+00 -5.970378e-04 9.999995e-01 8.360853e-04 7.290501e-03 3.390118e-03 -8.340574e-04 9.999939e-01 1.083328e+01
9.999998e-01 -4.288569e-04 4.531497e-04 2.260893e+00 4.291546e-04 9.999997e-01 -6.567418e-04 -2.471017e-02 -4.528676e-04 6.569368e-04 9.999997e-01 1.140143e+01
9.999932e-01 3.696740e-04 -3.673643e-03 2.175424e+00 -3.671299e-04 9.999997e-01 6.931801e-04 -3.043579e-02 3.673897e-03 -6.918274e-04 9.999930e-01 1.193341e+01
9.999997e-01 -4.257642e-04 6.437932e-04 2.058957e+00 4.263195e-04 9.999995e-01 -8.625961e-04 -3.264982e-02 -6.434253e-04 8.628710e-04 9.999994e-01 1.266973e+01
9.999892e-01 3.039109e-04 -4.633396e-03 2.039857e+00 -2.986886e-04 9.999993e-01 1.127784e-03 -1.202418e-02 4.633735e-03 -1.126389e-03 9.999886e-01 1.222755e+01
9.999993e-01 -1.055111e-03 -4.881089e-04 1.407815e+00 1.054901e-03 9.999994e-01 -4.309322e-04 4.934016e-02 4.885636e-04 4.304177e-04 9.999998e-01 1.085410e+01
9.999843e-01 6.613234e-04 -5.566256e-03 -4.436738e-01 -6.506451e-04 9.999979e-01 1.920001e-03 1.273312e-01 5.567514e-03 -1.916350e-03 9.999827e-01 1.036185e+01
9.999994e-01 -1.114242e-03 -7.708090e-05 -1.292584e+00 1.114162e-03 9.999988e-01 -1.036562e-03 1.991582e-01 7.823613e-05 1.036476e-03 9.999995e-01 9.153374e+00
9.999892e-01 6.278394e-04 -4.600392e-03 -1.780677e+00 -6.188312e-04 9.999979e-01 1.959331e-03 2.310079e-01 4.601612e-03 -1.956464e-03 9.999875e-01 8.697859e+00
9.999991e-01 -8.244037e-04 1.086695e-03 -2.076482e+00 8.263491e-04 9.999981e-01 -1.790900e-03 2.440424e-01 -1.085217e-03 1.791797e-03 9.999978e-01 9.243701e+00
9.999875e-01 5.657645e-04 -4.960214e-03 -2.621050e+00 -5.556824e-04 9.999978e-01 2.033769e-03 2.752092e-01 4.961354e-03 -2.030988e-03 9.999856e-01 9.931277e+00
9.999995e-01 -8.952395e-04 4.440213e-04 -3.360159e+00 8.959169e-04 9.999984e-01 -1.527487e-03 3.166939e-01 -4.426528e-04 1.527884e-03 9.999987e-01 1.035806e+01
9.999943e-01 9.317310e-04 -3.234876e-03 -3.375108e+00 -9.270204e-04 9.999985e-01 1.457398e-03 3.028628e-01 3.236228e-03 -1.454392e-03 9.999937e-01 1.104218e+01
9.999994e-01 -1.072229e-03 -8.858903e-05 -3.560150e+00 1.072106e-03 9.999985e-01 -1.378874e-03 3.034630e-01 9.006770e-05 1.378779e-03 9.999990e-01 1.162670e+01
9.999918e-01 9.525211e-04 -3.926472e-03 -3.879298e+00 -9.454988e-04 9.999980e-01 1.789951e-03 3.159345e-01 3.928168e-03 -1.786224e-03 9.999907e-01 1.195244e+01
9.999993e-01 -1.187056e-03 4.928725e-05 -4.272970e+00 1.187124e-03 9.999983e-01 -1.394483e-03 3.345860e-01 -4.763150e-05 1.394541e-03 9.999990e-01 1.236442e+01
9.999922e-01 1.061124e-03 -3.815756e-03 -4.714071e+00 -1.054413e-03 9.999979e-01 1.760488e-03 3.537922e-01 3.817616e-03 -1.756452e-03 9.999912e-01 1.282773e+01
9.999993e-01 -1.160183e-03 -2.956437e-04 -4.972501e+00 1.159794e-03 9.999985e-01 -1.314085e-03 3.584169e-01 2.971682e-04 1.313742e-03 9.999991e-01 1.255972e+01
9.999962e-01 1.166581e-03 -2.496187e-03 -4.565265e+00 -1.163500e-03 9.999986e-01 1.235245e-03 3.420557e-01 2.497625e-03 -1.232337e-03 9.999961e-01 1.323542e+01
9.999993e-01 -1.136870e-03 2.909852e-04 -4.476939e+00 1.137327e-03 9.999981e-01 -1.574667e-03 3.178379e-01 -2.891942e-04 1.574997e-03 9.999987e-01 1.433216e+01
9.999937e-01 1.029348e-03 -3.409570e-03 -4.581432e+00 -1.024070e-03 9.999983e-01 1.549438e-03 3.153953e-01 3.411159e-03 -1.545937e-03 9.999930e-01 1.502578e+01
9.999993e-01 -1.134585e-03 4.450197e-04 -4.681967e+00 1.135293e-03 9.999981e-01 -1.592327e-03 3.091293e-01 -4.432119e-04 1.592832e-03 9.999986e-01 1.578427e+01
9.999926e-01 9.685952e-04 -3.710044e-03 -4.917488e+00 -9.626746e-04 9.999983e-01 1.597323e-03 3.184520e-01 3.711584e-03 -1.593741e-03 9.999918e-01 1.662012e+01
9.999992e-01 -1.194746e-03 2.874512e-04 -5.388147e+00 1.195206e-03 9.999980e-01 -1.605577e-03 3.449556e-01 -2.855320e-04 1.605920e-03 9.999987e-01 1.745934e+01
9.999927e-01 1.132499e-03 -3.653132e-03 -5.536000e+00 -1.126202e-03 9.999979e-01 1.725417e-03 3.462489e-01 3.655078e-03 -1.721291e-03 9.999918e-01 1.797596e+01
9.999990e-01 -1.332291e-03 -5.238283e-04 -6.163767e+00 1.331722e-03 9.999985e-01 -1.084728e-03 3.694760e-01 5.252730e-04 1.084030e-03 9.999993e-01 1.814969e+01
9.999924e-01 1.009723e-03 -3.753242e-03 -6.927165e+00 -1.003447e-03 9.999981e-01 1.673461e-03 4.100954e-01 3.754925e-03 -1.669683e-03 9.999916e-01 1.857395e+01
9.999990e-01 -1.265996e-03 -6.970558e-04 -7.695519e+00 1.265266e-03 9.999987e-01 -1.047068e-03 4.463145e-01 6.983807e-04 1.046186e-03 9.999992e-01 1.886482e+01
9.999918e-01 1.023225e-03 -3.907867e-03 -8.701774e+00 -1.015413e-03 9.999975e-01 2.000541e-03 4.850956e-01 3.909904e-03 -1.996558e-03 9.999904e-01 1.888951e+01
9.999993e-01 -1.171851e-03 -3.532345e-04 -9.382775e+00 1.171410e-03 9.999985e-01 -1.248659e-03 5.071601e-01 3.546976e-04 1.248245e-03 9.999992e-01 1.892923e+01
9.999954e-01 1.190738e-03 -2.787473e-03 -9.178962e+00 -1.186680e-03 9.999982e-01 1.456834e-03 4.956438e-01 2.789202e-03 -1.453520e-03 9.999951e-01 1.935779e+01
9.999994e-01 -1.034582e-03 -2.381099e-04 -8.727223e+00 1.034266e-03 9.999986e-01 -1.323035e-03 4.677184e-01 2.394787e-04 1.322788e-03 9.999991e-01 1.987322e+01
9.999953e-01 1.047923e-03 -2.871298e-03 -8.652483e+00 -1.043753e-03 9.999984e-01 1.453707e-03 4.507544e-01 2.872816e-03 -1.450704e-03 9.999948e-01 2.026090e+01
9.999993e-01 -1.097335e-03 -5.170210e-04 -8.757990e+00 1.096697e-03 9.999986e-01 -1.232094e-03 4.450015e-01 5.183727e-04 1.231527e-03 9.999991e-01 2.057690e+01
9.999943e-01 1.044068e-03 -3.215061e-03 -9.029788e+00 -1.038762e-03 9.999981e-01 1.651389e-03 4.457974e-01 3.216779e-03 -1.648041e-03 9.999935e-01 2.067999e+01
9.999988e-01 -1.142873e-03 -1.051734e-03 -9.514354e+00 1.141807e-03 9.999988e-01 -1.013532e-03 4.550263e-01 1.052891e-03 1.012330e-03 9.999989e-01 2.065517e+01
9.999948e-01 1.055061e-03 -3.055437e-03 -9.932821e+00 -1.050238e-03 9.999982e-01 1.579678e-03 4.615265e-01 3.057098e-03 -1.576461e-03 9.999941e-01 2.067379e+01
9.999995e-01 -9.642072e-04 3.167897e-04 -1.046089e+01 9.646031e-04 9.999988e-01 -1.251448e-03 4.715134e-01 -3.155823e-04 1.251754e-03 9.999992e-01 2.170107e+01
9.999963e-01 6.899767e-04 -2.630844e-03 -1.139057e+01 -6.857778e-04 9.999985e-01 1.596655e-03 5.036176e-01 2.631942e-03 -1.594846e-03 9.999953e-01 2.268625e+01
9.999995e-01 -6.853100e-04 -7.876511e-04 -1.132413e+01 6.842685e-04 9.999989e-01 -1.321992e-03 4.914122e-01 7.885565e-04 1.321453e-03 9.999988e-01 2.298414e+01
9.999967e-01 7.482376e-04 -2.475105e-03 -1.118566e+01 -7.444453e-04 9.999985e-01 1.532831e-03 4.738054e-01 2.476248e-03 -1.530984e-03 9.999958e-01 2.334440e+01
9.999993e-01 -7.439661e-04 -9.507796e-04 -1.119565e+01 7.427850e-04 9.999990e-01 -1.242167e-03 4.640629e-01 9.517031e-04 1.241461e-03 9.999988e-01 2.375706e+01
9.999977e-01 8.881066e-04 -1.955493e-03 -1.087168e+01 -8.855557e-04 9.999988e-01 1.305038e-03 4.402033e-01 1.956649e-03 -1.303304e-03 9.999972e-01 2.437835e+01
9.999993e-01 -8.573202e-04 -8.550500e-04 -1.081423e+01 8.561664e-04 9.999987e-01 -1.349006e-03 4.230087e-01 8.562058e-04 1.348274e-03 9.999987e-01 2.508401e+01
9.999969e-01 9.022578e-04 -2.318429e-03 -1.105734e+01 -8.988804e-04 9.999985e-01 1.457474e-03 4.346217e-01 2.319740e-03 -1.455386e-03 9.999963e-01 2.592323e+01
9.999993e-01 -1.066258e-03 -5.073890e-04 -1.129857e+01 1.065545e-03 9.999984e-01 -1.405111e-03 4.464708e-01 5.088868e-04 1.404570e-03 9.999989e-01 2.672287e+01
9.999914e-01 9.592166e-04 -4.040010e-03 -1.155502e+01 -9.528042e-04 9.999983e-01 1.588880e-03 4.513971e-01 4.041527e-03 -1.585018e-03 9.999906e-01 2.585244e+01
9.999993e-01 -1.186499e-03 -2.718793e-04 -1.191741e+01 1.185998e-03 9.999976e-01 -1.836065e-03 4.740172e-01 2.740575e-04 1.835742e-03 9.999983e-01 2.376805e+01
9.999935e-01 1.089779e-03 -3.446794e-03 -1.208692e+01 -1.082477e-03 9.999972e-01 2.119448e-03 4.720905e-01 3.449094e-03 -2.115704e-03 9.999918e-01 2.327229e+01
9.999992e-01 -1.128961e-03 -6.243265e-04 -1.207729e+01 1.127636e-03 9.999971e-01 -2.118171e-03 4.727092e-01 6.267164e-04 2.117465e-03 9.999976e-01 2.242407e+01
9.999945e-01 7.336404e-04 -3.223915e-03 -1.219418e+01 -7.282508e-04 9.999983e-01 1.672663e-03 4.948975e-01 3.225136e-03 -1.670307e-03 9.999934e-01 2.034563e+01
9.999990e-01 -9.018825e-04 -1.089789e-03 -1.243355e+01 8.999179e-04 9.999980e-01 -1.802022e-03 5.061749e-01 1.091412e-03 1.801040e-03 9.999978e-01 1.877578e+01
9.999956e-01 8.099291e-04 -2.840698e-03 -1.293302e+01 -8.033147e-04 9.999970e-01 2.328866e-03 5.181672e-01 2.842575e-03 -2.326575e-03 9.999933e-01 1.863265e+01
9.999992e-01 -8.795874e-04 -8.746512e-04 -1.431397e+01 8.783097e-04 9.999985e-01 -1.460280e-03 5.665759e-01 8.759347e-04 1.459512e-03 9.999986e-01 1.956600e+01
9.999982e-01 3.667379e-04 -1.884410e-03 -1.593905e+01 -3.624836e-04 9.999974e-01 2.257547e-03 6.380985e-01 1.885233e-03 -2.256861e-03 9.999957e-01 2.034709e+01
9.999971e-01 -4.383426e-04 -2.373039e-03 -1.633762e+01 4.343125e-04 9.999985e-01 -1.698617e-03 6.467563e-01 2.373781e-03 1.697583e-03 9.999957e-01 2.020116e+01
9.999992e-01 3.316855e-04 -1.245010e-03 -1.621459e+01 -3.292730e-04 9.999981e-01 1.937621e-03 6.441789e-01 1.245650e-03 -1.937210e-03 9.999973e-01 1.988572e+01
9.999973e-01 -3.032289e-04 -2.304185e-03 -1.614786e+01 2.994945e-04 9.999986e-01 -1.620955e-03 6.364070e-01 2.304674e-03 1.620262e-03 9.999960e-01 2.024166e+01
9.999998e-01 4.013131e-04 -5.495848e-04 -1.598519e+01 -4.004448e-04 9.999987e-01 1.579393e-03 6.224888e-01 5.502176e-04 -1.579173e-03 9.999986e-01 2.087178e+01
9.999983e-01 -6.296717e-05 -1.861085e-03 -1.524141e+01 6.021275e-05 9.999989e-01 -1.480119e-03 5.798130e-01 1.861176e-03 1.480005e-03 9.999972e-01 2.164287e+01
9.999996e-01 1.571402e-04 -9.183639e-04 -1.454099e+01 -1.556566e-04 9.999987e-01 1.615569e-03 5.468118e-01 9.186162e-04 -1.615426e-03 9.999983e-01 2.206701e+01
9.999965e-01 -3.915043e-04 -2.607088e-03 -1.436834e+01 3.873748e-04 9.999987e-01 -1.584351e-03 5.503396e-01 2.607705e-03 1.583336e-03 9.999953e-01 2.125740e+01
9.999980e-01 2.527138e-04 -1.967012e-03 -1.519369e+01 -2.478112e-04 9.999969e-01 2.492322e-03 5.742374e-01 1.967636e-03 -2.491831e-03 9.999950e-01 2.112384e+01
9.999973e-01 -4.437219e-04 -2.266238e-03 -1.577915e+01 4.394291e-04 9.999981e-01 -1.894473e-03 5.970514e-01 2.267074e-03 1.893473e-03 9.999956e-01 2.127726e+01
9.999990e-01 4.164845e-04 -1.323797e-03 -1.575897e+01 -4.135673e-04 9.999975e-01 2.203360e-03 5.925760e-01 1.324711e-03 -2.202811e-03 9.999967e-01 2.108968e+01
9.999959e-01 -5.149060e-04 -2.809106e-03 -1.600563e+01 5.098816e-04 9.999983e-01 -1.789089e-03 5.951175e-01 2.810022e-03 1.787650e-03 9.999945e-01 2.067993e+01
9.999989e-01 4.459048e-04 -1.392922e-03 -1.643449e+01 -4.425823e-04 9.999971e-01 2.384799e-03 6.026802e-01 1.393981e-03 -2.384181e-03 9.999962e-01 2.047292e+01
9.999958e-01 -5.169027e-04 -2.840981e-03 -1.684959e+01 5.118589e-04 9.999983e-01 -1.775911e-03 6.123737e-01 2.841894e-03 1.774450e-03 9.999944e-01 2.033212e+01
9.999997e-01 4.165497e-04 -7.206415e-04 -1.667808e+01 -4.151430e-04 9.999980e-01 1.951368e-03 6.022532e-01 7.214526e-04 -1.951069e-03 9.999978e-01 2.008126e+01
9.999967e-01 -4.805161e-04 -2.506616e-03 -1.632479e+01 4.758572e-04 9.999982e-01 -1.858986e-03 5.873982e-01 2.507505e-03 1.857788e-03 9.999951e-01 2.006218e+01
9.999994e-01 4.032695e-04 -1.013117e-03 -1.603987e+01 -4.013023e-04 9.999980e-01 1.941420e-03 5.780342e-01 1.013898e-03 -1.941013e-03 9.999976e-01 1.982369e+01
9.999972e-01 -5.617116e-04 -2.307826e-03 -1.572145e+01 5.572531e-04 9.999980e-01 -1.932141e-03 5.732162e-01 2.308907e-03 1.930850e-03 9.999955e-01 1.938162e+01
9.999997e-01 7.761043e-04 -4.200260e-05 -1.537608e+01 -7.760261e-04 9.999980e-01 1.834813e-03 5.381603e-01 4.342621e-05 -1.834780e-03 9.999983e-01 2.018248e+01
9.999980e-01 -4.905624e-04 -1.921462e-03 -1.484218e+01 4.865702e-04 9.999977e-01 -2.077666e-03 4.885089e-01 1.922477e-03 2.076728e-03 9.999960e-01 2.121992e+01
9.999993e-01 6.898853e-04 -9.736175e-04 -1.439643e+01 -6.877488e-04 9.999974e-01 2.193269e-03 4.568530e-01 9.751278e-04 -2.192598e-03 9.999971e-01 2.162322e+01
9.999972e-01 -7.571877e-04 -2.238745e-03 -1.415756e+01 7.525282e-04 9.999976e-01 -2.081480e-03 4.466124e-01 2.240316e-03 2.079790e-03 9.999953e-01 2.152968e+01
9.999993e-01 7.837417e-04 -9.250454e-04 -1.389379e+01 -7.816283e-04 9.999971e-01 2.282961e-03 4.277769e-01 9.268316e-04 -2.282237e-03 9.999970e-01 2.170176e+01
9.999985e-01 -6.173763e-04 -1.629343e-03 -1.371521e+01 6.135445e-04 9.999970e-01 -2.351274e-03 3.989152e-01 1.630790e-03 2.350272e-03 9.999959e-01 2.245934e+01
9.999994e-01 7.112239e-04 -8.470502e-04 -1.355425e+01 -7.093981e-04 9.999974e-01 2.154027e-03 3.681314e-01 8.485797e-04 -2.153425e-03 9.999973e-01 2.326215e+01
9.999979e-01 -5.848986e-04 -1.958285e-03 -1.344799e+01 5.806288e-04 9.999975e-01 -2.180332e-03 3.472187e-01 1.959555e-03 2.179191e-03 9.999957e-01 2.397431e+01
9.999997e-01 7.151099e-04 -5.716041e-05 -1.332798e+01 -7.150081e-04 9.999982e-01 1.766126e-03 3.151551e-01 5.842298e-05 -1.766086e-03 9.999984e-01 2.502948e+01
9.999954e-01 -5.850290e-04 -2.977177e-03 -1.311363e+01 5.800281e-04 9.999984e-01 -1.680379e-03 2.880799e-01 2.978155e-03 1.678645e-03 9.999942e-01 2.556527e+01
9.999998e-01 5.450746e-04 -4.078536e-04 -1.306210e+01 -5.442772e-04 9.999979e-01 1.953174e-03 2.754606e-01 4.089171e-04 -1.952952e-03 9.999980e-01 2.587654e+01
9.999935e-01 -7.606715e-04 -3.532915e-03 -1.361155e+01 7.553990e-04 9.999986e-01 -1.493539e-03 3.007782e-01 3.534047e-03 1.490861e-03 9.999926e-01 2.629363e+01
9.999998e-01 5.170985e-04 -3.027519e-04 -1.409724e+01 -5.165531e-04 9.999982e-01 1.799424e-03 3.265128e-01 3.036815e-04 -1.799268e-03 9.999983e-01 2.679630e+01
9.999949e-01 -5.360409e-04 -3.159176e-03 -1.408652e+01 5.311871e-04 9.999987e-01 -1.537117e-03 3.194621e-01 3.159996e-03 1.535432e-03 9.999938e-01 2.710578e+01
9.999996e-01 4.466493e-04 8.039803e-04 -1.456612e+01 -4.478403e-04 9.999988e-01 1.481568e-03 3.331226e-01 -8.033179e-04 -1.481928e-03 9.999986e-01 2.829277e+01
9.999967e-01 -5.347920e-04 -2.527092e-03 -1.474496e+01 5.306371e-04 9.999985e-01 -1.644634e-03 3.229485e-01 2.527968e-03 1.643288e-03 9.999955e-01 2.933603e+01
9.999994e-01 4.867628e-04 -9.823300e-04 -1.444401e+01 -4.848678e-04 9.999980e-01 1.928672e-03 3.146316e-01 9.832665e-04 -1.928196e-03 9.999977e-01 2.912121e+01
9.999966e-01 -4.581425e-04 -2.563136e-03 -1.425527e+01 4.543113e-04 9.999988e-01 -1.495198e-03 3.054491e-01 2.563818e-03 1.494030e-03 9.999956e-01 2.922440e+01
9.999999e-01 3.084905e-04 1.024736e-04 -1.471853e+01 -3.086530e-04 9.999987e-01 1.587745e-03 3.191481e-01 -1.019839e-04 -1.587777e-03 9.999987e-01 3.025297e+01
9.999995e-01 -4.275096e-04 -8.592784e-04 -1.553850e+01 4.258624e-04 9.999981e-01 -1.916470e-03 3.415500e-01 8.600963e-04 1.916103e-03 9.999978e-01 3.232390e+01
9.999994e-01 2.556261e-04 1.075926e-03 -1.657863e+01 -2.571149e-04 9.999990e-01 1.383653e-03 3.703975e-01 -1.075572e-03 -1.383929e-03 9.999985e-01 3.485881e+01
9.999999e-01 -3.353816e-04 -6.181717e-05 -1.741007e+01 3.352416e-04 9.999974e-01 -2.254479e-03 3.871129e-01 6.257343e-05 2.254459e-03 9.999975e-01 3.784487e+01
9.999994e-01 1.700459e-04 1.109218e-03 -1.801968e+01 -1.714343e-04 9.999992e-01 1.251566e-03 3.955658e-01 -1.109004e-03 -1.251756e-03 9.999986e-01 4.050506e+01
9.999978e-01 -3.971403e-04 -2.074190e-03 -1.854649e+01 3.934961e-04 9.999984e-01 -1.757132e-03 4.088949e-01 2.074885e-03 1.756312e-03 9.999963e-01 4.231459e+01
9.999998e-01 3.086644e-04 4.981211e-04 -1.890982e+01 -3.094287e-04 9.999988e-01 1.534632e-03 4.143409e-01 -4.976471e-04 -1.534786e-03 9.999987e-01 4.379148e+01
9.999980e-01 -1.379089e-04 -1.989586e-03 -1.883562e+01 1.348974e-04 9.999988e-01 -1.513780e-03 3.967997e-01 1.989793e-03 1.513510e-03 9.999969e-01 4.503733e+01
9.999999e-01 1.225341e-04 -4.762902e-04 -1.874697e+01 -1.217068e-04 9.999985e-01 1.736925e-03 3.859969e-01 4.765020e-04 -1.736867e-03 9.999984e-01 4.559861e+01
9.999963e-01 -8.090047e-05 -2.709571e-03 -1.879049e+01 7.722347e-05 9.999991e-01 -1.357196e-03 3.825019e-01 2.709679e-03 1.356982e-03 9.999954e-01 4.604060e+01
9.999998e-01 1.291612e-04 6.214032e-04 -1.898011e+01 -1.300479e-04 9.999990e-01 1.426710e-03 3.832641e-01 -6.212185e-04 -1.426791e-03 9.999988e-01 4.717171e+01
9.999967e-01 -1.941292e-04 -2.562703e-03 -1.912487e+01 1.905353e-04 9.999990e-01 -1.402654e-03 3.790089e-01 2.562973e-03 1.402162e-03 9.999957e-01 4.811980e+01
9.999996e-01 3.085604e-04 8.252006e-04 -1.912152e+01 -3.095861e-04 9.999992e-01 1.242815e-03 3.579484e-01 -8.248167e-04 -1.243071e-03 9.999989e-01 4.934909e+01
9.999894e-01 -7.919057e-04 -4.532471e-03 -2.100141e+01 7.905456e-04 9.999996e-01 -3.019070e-04 4.398664e-01 4.532709e-03 2.983214e-04 9.999897e-01 5.030383e+01
9.999998e-01 3.145152e-04 5.930750e-04 -2.272465e+01 -3.153463e-04 9.999990e-01 1.401415e-03 5.165527e-01 -5.926339e-04 -1.401602e-03 9.999988e-01 5.074735e+01
9.999917e-01 -5.388362e-04 -4.040269e-03 -2.332459e+01 5.350573e-04 9.999994e-01 -9.363991e-04 5.420523e-01 4.040772e-03 9.342303e-04 9.999914e-01 5.123234e+01
9.999999e-01 3.511194e-04 3.541777e-04 -2.373134e+01 -3.515772e-04 9.999991e-01 1.292623e-03 5.635337e-01 -3.537238e-04 -1.292748e-03 9.999991e-01 5.168872e+01
9.999926e-01 -4.966732e-04 -3.820985e-03 -2.401410e+01 4.926823e-04 9.999993e-01 -1.045390e-03 5.769319e-01 3.821502e-03 1.043500e-03 9.999922e-01 5.222756e+01
9.999994e-01 3.882060e-04 9.762315e-04 -2.442152e+01 -3.894243e-04 9.999991e-01 1.247839e-03 5.881531e-01 -9.757466e-04 -1.248219e-03 9.999987e-01 5.298830e+01
9.999821e-01 -6.705394e-04 -5.946061e-03 -2.594016e+01 6.706968e-04 9.999998e-01 2.444412e-05 6.449531e-01 5.946044e-03 -2.843101e-05 9.999823e-01 5.296072e+01
9.999999e-01 2.031905e-04 5.073089e-04 -2.768357e+01 -2.038507e-04 9.999991e-01 1.301092e-03 7.222880e-01 -5.070443e-04 -1.301196e-03 9.999990e-01 5.266850e+01
9.999899e-01 -6.430692e-04 -4.449850e-03 -2.824604e+01 6.389794e-04 9.999994e-01 -9.204970e-04 7.633454e-01 4.450440e-03 9.176450e-04 9.999897e-01 5.263548e+01
9.999989e-01 4.371108e-04 1.402554e-03 -2.786066e+01 -4.385264e-04 9.999994e-01 1.009008e-03 7.648166e-01 -1.402112e-03 -1.009623e-03 9.999985e-01 5.243681e+01
9.999872e-01 -5.512282e-04 -5.024489e-03 -2.702369e+01 5.481003e-04 9.999997e-01 -6.239121e-04 7.577783e-01 5.024831e-03 6.211509e-04 9.999872e-01 5.222356e+01
9.999987e-01 6.521032e-04 1.477782e-03 -2.656183e+01 -6.536805e-04 9.999992e-01 1.066991e-03 7.374890e-01 -1.477085e-03 -1.067956e-03 9.999983e-01 5.242449e+01
9.999903e-01 -5.706201e-04 -4.357541e-03 -2.635117e+01 5.666942e-04 9.999994e-01 -9.021750e-04 7.191239e-01 4.358053e-03 8.996975e-04 9.999901e-01 5.293375e+01
9.999992e-01 7.006327e-04 1.071099e-03 -2.592506e+01 -7.019991e-04 9.999989e-01 1.275592e-03 6.992485e-01 -1.070204e-03 -1.276343e-03 9.999986e-01 5.324945e+01
9.999932e-01 -5.843483e-04 -3.645931e-03 -2.550450e+01 5.805229e-04 9.999993e-01 -1.050250e-03 6.760645e-01 3.646542e-03 1.048127e-03 9.999928e-01 5.385989e+01
9.999999e-01 4.923969e-04 1.716436e-05 -2.529788e+01 -4.924222e-04 9.999988e-01 1.487638e-03 6.721974e-01 -1.643212e-05 -1.487647e-03 9.999989e-01 5.369366e+01
9.999924e-01 -6.893364e-04 -3.827951e-03 -2.509183e+01 6.839247e-04 9.999988e-01 -1.414923e-03 6.765508e-01 3.828922e-03 1.412295e-03 9.999917e-01 5.287440e+01
9.999999e-01 4.613597e-04 -1.295389e-05 -2.459751e+01 -4.613408e-04 9.999989e-01 1.437542e-03 6.830963e-01 1.361680e-05 -1.437537e-03 9.999990e-01 5.214447e+01
9.999939e-01 -6.004962e-04 -3.438981e-03 -2.395738e+01 5.959233e-04 9.999989e-01 -1.330673e-03 6.764686e-01 3.439777e-03 1.328617e-03 9.999932e-01 5.188563e+01
9.999997e-01 6.947146e-04 1.989827e-04 -2.341531e+01 -6.950208e-04 9.999986e-01 1.541959e-03 6.484978e-01 -1.979115e-04 -1.542097e-03 9.999988e-01 5.221027e+01
9.999975e-01 -3.346138e-04 -2.201615e-03 -2.305392e+01 3.307186e-04 9.999984e-01 -1.769481e-03 6.070887e-01 2.202204e-03 1.768750e-03 9.999960e-01 5.333340e+01
9.999998e-01 5.168484e-04 -4.462147e-04 -2.263964e+01 -5.160164e-04 9.999981e-01 1.863382e-03 5.801820e-01 4.471767e-04 -1.863152e-03 9.999982e-01 5.396137e+01
9.999946e-01 -5.321958e-04 -3.245042e-03 -2.185016e+01 5.279921e-04 9.999990e-01 -1.296208e-03 5.632844e-01 3.245729e-03 1.294489e-03 9.999939e-01 5.400268e+01
9.999998e-01 4.458171e-04 -3.787128e-04 -2.146543e+01 -4.451885e-04 9.999985e-01 1.658966e-03 5.542505e-01 3.794515e-04 -1.658798e-03 9.999986e-01 5.409885e+01
9.999938e-01 -4.666164e-04 -3.494644e-03 -2.125060e+01 4.625674e-04 9.999992e-01 -1.159396e-03 5.513072e-01 3.495182e-03 1.157773e-03 9.999932e-01 5.394815e+01
9.999999e-01 4.256036e-04 -2.373429e-04 -2.053681e+01 -4.252276e-04 9.999987e-01 1.583085e-03 5.402693e-01 2.380161e-04 -1.582985e-03 9.999987e-01 5.382714e+01
9.999935e-01 -4.417278e-04 -3.586538e-03 -1.977543e+01 4.375474e-04 9.999992e-01 -1.166350e-03 5.289623e-01 3.587050e-03 1.164773e-03 9.999929e-01 5.369303e+01
9.999999e-01 3.382479e-04 -2.264535e-04 -1.897320e+01 -3.378943e-04 9.999987e-01 1.560741e-03 5.214278e-01 2.269808e-04 -1.560665e-03 9.999988e-01 5.346802e+01
9.999946e-01 -4.551669e-04 -3.256911e-03 -1.830344e+01 4.509732e-04 9.999991e-01 -1.288323e-03 5.100809e-01 3.257494e-03 1.286848e-03 9.999939e-01 5.333736e+01
9.999999e-01 3.936588e-04 -4.955090e-06 -1.779587e+01 -3.936516e-04 9.999989e-01 1.434517e-03 4.927114e-01 5.519511e-06 -1.434515e-03 9.999990e-01 5.341466e+01
9.999939e-01 -3.899811e-04 -3.469680e-03 -1.716633e+01 3.861127e-04 9.999993e-01 -1.115590e-03 4.751987e-01 3.470113e-03 1.114244e-03 9.999934e-01 5.345887e+01
9.999998e-01 5.469692e-04 -3.693936e-04 -1.635394e+01 -5.463322e-04 9.999984e-01 1.723086e-03 4.540301e-01 3.703352e-04 -1.722885e-03 9.999984e-01 5.355924e+01
9.999956e-01 -3.339676e-04 -2.947369e-03 -1.572326e+01 3.300581e-04 9.999991e-01 -1.326890e-03 4.244440e-01 2.947809e-03 1.325912e-03 9.999948e-01 5.388338e+01
9.999998e-01 3.817083e-04 -5.940875e-04 -1.521739e+01 -3.807123e-04 9.999985e-01 1.676191e-03 4.060756e-01 5.947261e-04 -1.675965e-03 9.999984e-01 5.395070e+01
9.999945e-01 -4.061273e-04 -3.295667e-03 -1.439846e+01 4.021213e-04 9.999992e-01 -1.216176e-03 3.994635e-01 3.296159e-03 1.214845e-03 9.999938e-01 5.371749e+01
9.999998e-01 5.680374e-04 -3.219836e-04 -1.383125e+01 -5.674881e-04 9.999984e-01 1.704250e-03 3.752509e-01 3.229509e-04 -1.704068e-03 9.999985e-01 5.393844e+01
9.999945e-01 -3.953912e-04 -3.298377e-03 -1.323295e+01 3.913863e-04 9.999992e-01 -1.214850e-03 3.539138e-01 3.298855e-03 1.213553e-03 9.999938e-01 5.410017e+01
9.999998e-01 4.782101e-04 -4.036850e-04 -1.257823e+01 -4.775221e-04 9.999984e-01 1.703239e-03 3.360497e-01 4.044986e-04 -1.703047e-03 9.999985e-01 5.417756e+01
9.999949e-01 -2.405872e-04 -3.171456e-03 -1.196130e+01 2.364787e-04 9.999991e-01 -1.295874e-03 3.082599e-01 3.171766e-03 1.295118e-03 9.999941e-01 5.450436e+01
9.999999e-01 3.680172e-04 2.824872e-04 -1.153758e+01 -3.684205e-04 9.999989e-01 1.428313e-03 2.871166e-01 -2.819615e-04 -1.428418e-03 9.999989e-01 5.493454e+01
9.999950e-01 -4.414791e-04 -3.147042e-03 -1.130409e+01 4.373632e-04 9.999990e-01 -1.308526e-03 2.760777e-01 3.147617e-03 1.307143e-03 9.999942e-01 5.503839e+01
9.999999e-01 3.416245e-04 -1.246455e-04 -1.070669e+01 -3.414348e-04 9.999988e-01 1.520871e-03 2.637368e-01 1.251646e-04 -1.520829e-03 9.999988e-01 5.492973e+01
9.999985e-01 1.331780e-05 -1.713098e-03 -1.050031e+01 -1.608276e-05 9.999987e-01 -1.614163e-03 2.379393e-01 1.713075e-03 1.614189e-03 9.999972e-01 5.621745e+01
9.999998e-01 1.166308e-05 5.520189e-04 -1.031106e+01 -1.242850e-05 9.999990e-01 1.386141e-03 2.141488e-01 -5.520025e-04 -1.386148e-03 9.999989e-01 5.739526e+01
9.999938e-01 1.866457e-04 -3.519249e-03 -9.718834e+00 -1.902150e-04 9.999995e-01 -1.013981e-03 1.900217e-01 3.519058e-03 1.014644e-03 9.999933e-01 5.780201e+01
1.000000e+00 2.223150e-05 1.181196e-04 -9.064522e+00 -2.240412e-05 9.999989e-01 1.459340e-03 1.625228e-01 -1.180873e-04 -1.459343e-03 9.999989e-01 5.809314e+01
9.999943e-01 2.661037e-04 -3.363598e-03 -8.422035e+00 -2.699673e-04 9.999993e-01 -1.148326e-03 1.332161e-01 3.363290e-03 1.149228e-03 9.999937e-01 5.853811e+01
9.999999e-01 -8.292549e-05 4.039102e-04 -7.719344e+00 8.235903e-05 9.999990e-01 1.401616e-03 1.047076e-01 -4.040263e-04 -1.401584e-03 9.999989e-01 5.897681e+01
9.999933e-01 1.045670e-04 -3.664767e-03 -7.054729e+00 -1.086119e-04 9.999994e-01 -1.103607e-03 8.338988e-02 3.664650e-03 1.103998e-03 9.999927e-01 5.916638e+01
9.999995e-01 4.357666e-05 9.983941e-04 -6.534750e+00 -4.477197e-05 9.999993e-01 1.196979e-03 6.092352e-02 -9.983415e-04 -1.197024e-03 9.999988e-01 5.975059e+01
9.999958e-01 3.688252e-05 -2.902040e-03 -6.091438e+00 -4.027537e-05 9.999993e-01 -1.169168e-03 3.516914e-02 2.901995e-03 1.169281e-03 9.999951e-01 6.058544e+01
9.999999e-01 3.471176e-05 -3.628234e-04 -5.565456e+00 -3.418119e-05 9.999989e-01 1.462971e-03 1.314674e-02 3.628735e-04 -1.462959e-03 9.999989e-01 6.078002e+01
9.999965e-01 9.710287e-05 -2.636305e-03 -5.233495e+00 -1.004308e-04 9.999992e-01 -1.262350e-03 -1.268752e-02 2.636180e-03 1.262611e-03 9.999957e-01 6.112629e+01
9.999995e-01 7.998267e-05 -1.039119e-03 -4.508107e+00 -7.819504e-05 9.999985e-01 1.720512e-03 -3.514713e-02 1.039255e-03 -1.720430e-03 9.999980e-01 6.131510e+01
9.999972e-01 -1.877950e-04 -2.379303e-03 -4.528330e+00 1.842655e-04 9.999989e-01 -1.483670e-03 -3.504057e-02 2.379580e-03 1.483228e-03 9.999961e-01 6.188460e+01
9.999993e-01 3.195556e-04 -1.159758e-03 -4.226871e+00 -3.175491e-04 9.999985e-01 1.730152e-03 -4.222786e-02 1.160309e-03 -1.729783e-03 9.999978e-01 6.229508e+01
9.999950e-01 -4.642570e-04 -3.114423e-03 -3.183991e+00 4.606521e-04 9.999992e-01 -1.158185e-03 -4.077791e-02 3.114958e-03 1.156746e-03 9.999945e-01 6.190441e+01
9.999994e-01 5.688851e-04 -9.236642e-04 -2.172599e+00 -5.671263e-04 9.999980e-01 1.903519e-03 -5.358130e-02 9.247450e-04 -1.902994e-03 9.999978e-01 6.184112e+01
9.999955e-01 -4.653166e-04 -2.978366e-03 -1.545583e+00 4.613253e-04 9.999990e-01 -1.340730e-03 -6.663351e-02 2.978987e-03 1.339350e-03 9.999947e-01 6.185224e+01
9.999995e-01 6.059952e-04 -8.383300e-04 -1.063177e+00 -6.045131e-04 9.999983e-01 1.767402e-03 -7.862610e-02 8.393993e-04 -1.766895e-03 9.999981e-01 6.201317e+01
9.999961e-01 -1.637517e-04 -2.772085e-03 -8.935512e-02 1.605519e-04 9.999993e-01 -1.154593e-03 -1.136686e-01 2.772273e-03 1.154145e-03 9.999955e-01 6.254528e+01
9.999999e-01 3.772718e-04 -1.435664e-04 7.881723e-01 -3.770711e-04 9.999990e-01 1.397956e-03 -1.472725e-01 1.440934e-04 -1.397903e-03 9.999990e-01 6.309508e+01
9.999952e-01 -2.753330e-04 -3.080316e-03 1.104470e+00 2.716000e-04 9.999992e-01 -1.212336e-03 -1.684723e-01 3.080648e-03 1.211494e-03 9.999945e-01 6.349255e+01
9.999999e-01 1.891071e-04 -4.378342e-04 8.359485e-01 -1.884368e-04 9.999988e-01 1.531032e-03 -1.657605e-01 4.381230e-04 -1.530950e-03 9.999987e-01 6.387468e+01
9.999942e-01 -2.443742e-04 -3.386146e-03 7.578816e-01 2.403382e-04 9.999993e-01 -1.192345e-03 -1.685031e-01 3.386435e-03 1.191525e-03 9.999936e-01 6.402627e+01
9.999999e-01 3.711983e-04 2.661759e-04 1.064591e+00 -3.715442e-04 9.999991e-01 1.299534e-03 -1.889765e-01 -2.656935e-04 -1.299634e-03 9.999991e-01 6.440378e+01
9.999922e-01 -2.214668e-05 -3.944401e-03 1.837351e+00 1.895913e-05 9.999997e-01 -8.082278e-04 -2.202132e-01 3.944418e-03 8.081473e-04 9.999919e-01 6.486427e+01
9.999999e-01 1.311775e-04 4.817562e-04 3.051209e+00 -1.319006e-04 9.999989e-01 1.500627e-03 -2.483655e-01 -4.815590e-04 -1.500691e-03 9.999988e-01 6.506785e+01
9.999915e-01 -2.210605e-04 -4.108205e-03 2.912972e+00 2.162351e-04 9.999993e-01 -1.175058e-03 -2.482717e-01 4.108462e-03 1.174161e-03 9.999909e-01 6.538022e+01
9.999999e-01 6.048187e-05 -3.807309e-04 2.240825e+00 -5.975874e-05 9.999982e-01 1.899820e-03 -2.271867e-01 3.808449e-04 -1.899798e-03 9.999981e-01 6.539830e+01
9.999940e-01 -2.846036e-04 -3.444653e-03 2.312775e+00 2.780568e-04 9.999982e-01 -1.900966e-03 -2.208804e-01 3.445187e-03 1.899998e-03 9.999923e-01 6.437019e+01
1.000000e+00 1.158227e-04 -2.534274e-05 2.667698e+00 -1.157723e-04 9.999980e-01 1.990175e-03 -2.257306e-01 2.557294e-05 -1.990173e-03 9.999980e-01 6.393261e+01
9.999956e-01 5.925604e-06 -2.974554e-03 3.112593e+00 -1.149284e-05 9.999982e-01 -1.871703e-03 -2.502143e-01 2.974538e-03 1.871729e-03 9.999938e-01 6.433764e+01
9.999999e-01 2.341840e-04 -4.079400e-04 3.856727e+00 -2.332731e-04 9.999975e-01 2.232396e-03 -2.796382e-01 4.084615e-04 -2.232301e-03 9.999974e-01 6.467086e+01
9.999956e-01 -1.221602e-04 -2.971846e-03 4.645902e+00 1.168309e-04 9.999984e-01 -1.793448e-03 -3.036735e-01 2.972060e-03 1.793093e-03 9.999940e-01 6.488993e+01
1.000000e+00 -7.951473e-06 -2.023212e-04 5.086308e+00 8.311155e-06 9.999984e-01 1.779286e-03 -3.156655e-01 2.023065e-04 -1.779289e-03 9.999984e-01 6.477135e+01
9.999964e-01 -9.178461e-05 -2.670445e-03 5.983174e+00 8.678932e-05 9.999982e-01 -1.870749e-03 -3.332502e-01 2.670612e-03 1.870511e-03 9.999947e-01 6.469217e+01
1.000000e+00 -8.002403e-05 -2.691936e-04 6.949723e+00 8.051567e-05 9.999983e-01 1.827899e-03 -3.517122e-01 2.690467e-04 -1.827921e-03 9.999983e-01 6.466540e+01
9.999950e-01 -9.232347e-05 -3.162164e-03 7.593826e+00 8.682358e-05 9.999985e-01 -1.739465e-03 -3.550155e-01 3.162321e-03 1.739183e-03 9.999935e-01 6.428602e+01
9.999997e-01 1.888781e-05 -7.492900e-04 8.665208e+00 -1.724153e-05 9.999976e-01 2.197463e-03 -3.609853e-01 7.493295e-04 -2.197450e-03 9.999973e-01 6.400414e+01
9.999962e-01 1.399309e-04 -2.760973e-03 9.235610e+00 -1.446533e-04 9.999985e-01 -1.710384e-03 -3.838099e-01 2.760729e-03 1.710778e-03 9.999947e-01 6.427830e+01
9.999999e-01 8.476627e-05 -4.374951e-04 9.681680e+00 -8.391640e-05 9.999981e-01 1.942921e-03 -4.080317e-01 4.376587e-04 -1.942884e-03 9.999980e-01 6.476588e+01
9.999954e-01 -2.245078e-05 -3.021831e-03 9.969842e+00 1.754221e-05 9.999987e-01 -1.624485e-03 -4.264693e-01 3.021864e-03 1.624426e-03 9.999941e-01 6.510710e+01
9.999997e-01 -1.178163e-04 -7.709853e-04 9.580849e+00 1.193143e-04 9.999981e-01 1.943644e-03 -4.121841e-01 7.707546e-04 -1.943736e-03 9.999978e-01 6.553766e+01
9.999977e-01 2.105116e-04 -2.136542e-03 9.599756e+00 -2.143520e-04 9.999984e-01 -1.797543e-03 -4.230336e-01 2.136160e-03 1.797998e-03 9.999961e-01 6.623771e+01
9.999999e-01 3.534973e-04 -1.235348e-04 1.031948e+01 -3.532477e-04 9.999979e-01 2.017477e-03 -4.573211e-01 1.242475e-04 -2.017434e-03 9.999980e-01 6.728326e+01
