9.999952e-01 7.425774e-06 -3.102993e-03 -6.513467e-02 -7.173975e-06 1.000000e+00 8.116599e-05 -1.134596e-02 3.102993e-03 -8.114405e-05 9.999952e-01 4.882919e-01
9.999999e-01 4.948272e-05 3.838917e-04 -5.290929e-03 -4.942850e-05 1.000000e+00 -1.411664e-04 -3.274338e-02 -3.838983e-04 1.411481e-04 9.999999e-01 1.131682e+00
9.999944e-01 -8.484433e-05 -3.345498e-03 -1.332353e-01 8.525473e-05 1.000000e+00 1.225378e-04 -4.008543e-02 3.345487e-03 -1.228231e-04 9.999944e-01 1.796576e+00
9.999999e-01 6.235453e-05 4.500928e-04 -2.838339e-01 -6.228949e-05 1.000000e+00 -1.444579e-04 -4.666129e-02 -4.501015e-04 1.444305e-04 9.999999e-01 2.525569e+00
9.999929e-01 -6.729582e-05 -3.760124e-03 -4.622351e-01 6.848817e-05 9.999999e-01 3.169832e-04 -5.714427e-02 3.760102e-03 -3.172392e-04 9.999929e-01 2.886036e+00
9.999998e-01 1.026046e-04 6.990544e-04 -4.858389e-01 -1.024595e-04 1.000000e+00 -2.075532e-04 -7.381651e-02 -6.990753e-04 2.074823e-04 9.999997e-01 3.303290e+00
9.999931e-01 -6.234175e-05 -3.714037e-03 -4.339728e-01 6.328394e-05 1.000000e+00 2.535758e-04 -9.059610e-02 3.714021e-03 -2.538098e-04 9.999931e-01 3.844181e+00
9.999996e-01 7.569314e-05 8.406194e-04 -4.266725e-01 -7.548674e-05 1.000000e+00 -2.455215e-04 -1.073548e-01 -8.406376e-04 2.454587e-04 9.999996e-01 4.429691e+00
9.999912e-01 -1.580837e-04 -4.202827e-03 -7.293947e-01 1.599746e-04 9.999999e-01 4.496032e-04 -1.051014e-01 4.202755e-03 -4.502723e-04 9.999911e-01 4.942125e+00
9.999997e-01 1.081412e-04 7.753230e-04 -9.555597e-01 -1.079780e-04 1.000000e+00 -2.105275e-04 -1.092539e-01 -7.753454e-04 2.104444e-04 9.999997e-01 5.320440e+00
9.999929e-01 -9.337818e-05 -3.768947e-03 -9.971335e-01 9.431236e-05 1.000000e+00 2.476932e-04 -1.218960e-01 3.768924e-03 -2.480476e-04 9.999929e-01 5.927430e+00
9.999998e-01 4.286243e-05 5.618840e-04 -1.298081e+00 -4.280073e-05 1.000000e+00 -1.097603e-04 -1.192160e-01 -5.618883e-04 1.097369e-04 9.999998e-01 6.610249e+00
9.999894e-01 -1.144080e-04 -4.603082e-03 -1.648057e+00 1.169502e-04 9.999998e-01 5.520291e-04 -1.158724e-01 4.603018e-03 -5.525623e-04 9.999893e-01 6.740967e+00
9.999989e-01 1.107032e-04 1.464008e-03 -1.785175e+00 -1.100387e-04 9.999999e-01 -4.539095e-04 -1.224153e-01 -1.464058e-03 4.537486e-04 9.999988e-01 7.286962e+00
9.999860e-01 -2.267440e-04 -5.277944e-03 -2.235834e+00 2.312402e-04 9.999996e-01 8.512856e-04 -1.126418e-01 5.277749e-03 -8.524949e-04 9.999857e-01 7.600183e+00
9.999990e-01 1.178191e-04 1.409299e-03 -2.717789e+00 -1.171889e-04 9.999999e-01 -4.472071e-04 -1.017379e-01 -1.409351e-03 4.470422e-04 9.999989e-01 7.937110e+00
9.999834e-01 -1.674626e-04 -5.762047e-03 -3.241332e+00 1.735007e-04 9.999994e-01 1.047428e-03 -9.142983e-02 5.761868e-03 -1.048411e-03 9.999829e-01 7.797724e+00
9.999981e-01 1.138180e-04 1.941344e-03 -3.665016e+00 -1.126193e-04 9.999998e-01 -6.175585e-04 -8.766847e-02 -1.941413e-03 6.173394e-04 9.999979e-01 8.009168e+00
9.999834e-01 -1.607603e-04 -5.766190e-03 -3.847336e+00 1.667128e-04 9.999995e-01 1.031849e-03 -9.129986e-02 5.766021e-03 -1.032794e-03 9.999828e-01 8.131286e+00
9.999987e-01 6.439212e-05 1.582638e-03 -4.259160e+00 -6.363753e-05 9.999999e-01 -4.768039e-04 -8.359067e-02 -1.582668e-03 4.767033e-04 9.999986e-01 8.133952e+00
9.999892e-01 -1.502023e-04 -4.634673e-03 -4.006673e+00 1.523520e-04 9.999999e-01 4.634941e-04 -9.331494e-02 4.634603e-03 -4.641960e-04 9.999892e-01 8.496785e+00
9.999994e-01 8.032110e-05 1.115463e-03 -4.032723e+00 -8.006809e-05 1.000000e+00 -2.268240e-04 -1.001809e-01 -1.115481e-03 2.267352e-04 9.999994e-01 8.543667e+00
9.999899e-01 -2.692775e-04 -4.476773e-03 -3.598261e+00 2.705202e-04 9.999999e-01 2.769869e-04 -1.105652e-01 4.476698e-03 -2.781959e-04 9.999899e-01 8.242099e+00
9.999993e-01 8.954228e-05 1.148904e-03 -2.970949e+00 -8.925506e-05 1.000000e+00 -2.500035e-04 -1.190435e-01 -1.148926e-03 2.499015e-04 9.999993e-01 7.940834e+00
9.999917e-01 -1.506187e-04 -4.081083e-03 -2.605562e+00 1.521296e-04 9.999999e-01 3.699154e-04 -1.371325e-01 4.081027e-03 -3.705339e-04 9.999916e-01 8.228398e+00
9.999997e-01 1.181415e-04 7.266500e-04 -2.583285e+00 -1.180528e-04 1.000000e+00 -1.220111e-04 -1.472060e-01 -7.266640e-04 1.219260e-04 9.999997e-01 8.450455e+00
9.999925e-01 -1.410432e-04 -3.871049e-03 -2.003553e+00 1.421021e-04 1.000000e+00 2.732828e-04 -1.672363e-01 3.871010e-03 -2.738315e-04 9.999925e-01 8.574279e+00
9.999997e-01 -4.650436e-05 8.097506e-04 -1.231151e+00 4.678662e-05 9.999999e-01 -3.484897e-04 -1.793158e-01 -8.097340e-04 3.485282e-04 9.999996e-01 8.461304e+00
9.999938e-01 -1.420168e-04 -3.522970e-03 -1.139802e+00 1.431223e-04 9.999999e-01 3.135671e-04 -1.871255e-01 3.522924e-03 -3.140701e-04 9.999937e-01 8.775351e+00
1.000000e+00 1.791094e-05 -3.998464e-05 -1.555040e+00 -1.790874e-05 1.000000e+00 5.335435e-05 -1.784844e-01 3.998593e-05 -5.335292e-05 1.000000e+00 8.998513e+00
9.999936e-01 -1.240482e-04 -3.585692e-03 -1.742708e+00 1.250213e-04 1.000000e+00 2.711788e-04 -1.780196e-01 3.585658e-03 -2.716261e-04 9.999935e-01 9.132215e+00
1.000000e+00 -1.624086e-05 -1.918272e-05 -1.666474e+00 1.623987e-05 1.000000e+00 -5.437009e-05 -1.794256e-01 1.918394e-05 5.437049e-05 1.000000e+00 8.893102e+00
9.999947e-01 -1.501305e-04 -3.238890e-03 -1.175474e+00 1.502766e-04 1.000000e+00 4.487400e-05 -1.917337e-01 3.238882e-03 -4.536120e-05 9.999948e-01 8.784875e+00
1.000000e+00 -7.171478e-05 -2.735743e-04 -7.119283e-01 7.168957e-05 1.000000e+00 -9.238506e-05 -1.912421e-01 2.735813e-04 9.236615e-05 1.000000e+00 8.249211e+00
9.999944e-01 -1.525486e-04 -3.354056e-03 -5.913215e-01 1.526433e-04 1.000000e+00 2.800164e-05 -1.892766e-01 3.354051e-03 -2.851417e-05 9.999944e-01 7.456371e+00
9.999998e-01 5.074232e-05 -5.601188e-04 -6.393039e-01 -5.067126e-05 1.000000e+00 1.267590e-04 -1.899403e-01 5.601255e-04 -1.267299e-04 9.999998e-01 6.799478e+00
9.999934e-01 -9.764588e-05 -3.634967e-03 -1.141989e+00 9.951275e-05 9.999999e-01 5.134289e-04 -1.819513e-01 3.634916e-03 -5.137879e-04 9.999933e-01 6.670073e+00
9.999999e-01 5.575890e-05 4.630957e-04 -1.316534e+00 -5.554406e-05 9.999999e-01 -4.637755e-04 -1.855996e-01 -4.631212e-04 4.637505e-04 9.999998e-01 7.214907e+00
9.999939e-01 -1.507083e-05 -3.501217e-03 -1.316776e+00 1.654200e-05 9.999999e-01 4.201795e-04 -1.996638e-01 3.501210e-03 -4.202355e-04 9.999938e-01 7.733401e+00
9.999999e-01 3.323166e-05 3.317318e-04 -1.328276e+00 -3.310407e-05 9.999999e-01 -3.844223e-04 -2.108119e-01 -3.317442e-04 3.844120e-04 9.999999e-01 8.187823e+00
9.999922e-01 -6.143890e-05 -3.947818e-03 -1.467171e+00 6.405184e-05 9.999998e-01 6.617662e-04 -2.160749e-01 3.947776e-03 -6.620146e-04 9.999920e-01 8.397702e+00
9.999999e-01 6.758403e-05 4.653532e-04 -1.554833e+00 -6.737665e-05 9.999999e-01 -4.454810e-04 -2.252046e-01 -4.653830e-04 4.454503e-04 9.999998e-01 8.680243e+00
9.999898e-01 -1.231438e-04 -4.507589e-03 -1.838130e+00 1.271233e-04 9.999996e-01 8.825742e-04 -2.233032e-01 4.507479e-03 -8.831389e-04 9.999895e-01 8.787316e+00
1.000000e+00 1.893049e-06 7.101998e-05 -2.348479e+00 -1.877371e-06 1.000000e+00 -2.196779e-04 -2.117797e-01 -7.102006e-05 2.196784e-04 1.000000e+00 8.757580e+00
9.999902e-01 -1.181198e-04 -4.430701e-03 -2.908144e+00 1.219616e-04 9.999996e-01 8.668426e-04 -1.979837e-01 4.430596e-03 -8.673752e-04 9.999898e-01 8.769574e+00
9.999999e-01 6.700286e-05 4.666261e-04 -3.307258e+00 -6.679323e-05 9.999999e-01 -4.490624e-04 -1.907388e-01 -4.666558e-04 4.490319e-04 9.999998e-01 8.756750e+00
9.999881e-01 -1.870864e-04 -4.876055e-03 -3.928375e+00 1.929127e-04 9.999993e-01 1.194440e-03 -1.755194e-01 4.875828e-03 -1.195367e-03 9.999874e-01 8.689668e+00
1.000000e+00 2.054788e-05 3.101128e-04 -4.585081e+00 -2.040888e-05 9.999999e-01 -4.479634e-04 -1.534751e-01 -3.101216e-04 4.479578e-04 9.999999e-01 8.719604e+00
9.999912e-01 -1.477249e-04 -4.189088e-03 -5.027238e+00 1.515056e-04 9.999996e-01 9.022161e-04 -1.431371e-01 4.188952e-03 -9.028435e-04 9.999908e-01 8.960944e+00
1.000000e+00 1.804050e-06 -5.160692e-05 -5.651310e+00 -1.818391e-06 1.000000e+00 -2.795276e-04 -1.226368e-01 5.160675e-05 2.795284e-04 1.000000e+00 9.108321e+00
9.999937e-01 -8.337002e-05 -3.543678e-03 -5.939095e+00 8.555163e-05 9.999998e-01 6.155093e-04 -1.207816e-01 3.543626e-03 -6.158093e-04 9.999935e-01 9.372575e+00
9.999999e-01 -3.030719e-06 -4.029973e-04 -6.227865e+00 2.949778e-06 1.000000e+00 -2.010634e-04 -1.189339e-01 4.029982e-04 2.010629e-04 9.999999e-01 9.542405e+00
9.999910e-01 -2.836037e-05 -4.246955e-03 -6.903321e+00 3.238661e-05 9.999996e-01 9.479829e-04 -1.049875e-01 4.246926e-03 -9.481126e-04 9.999905e-01 9.213233e+00
9.999999e-01 2.702994e-05 4.961430e-04 -7.053139e+00 -2.664793e-05 9.999997e-01 -7.697852e-04 -1.076942e-01 -4.961633e-04 7.697726e-04 9.999996e-01 8.949247e+00
9.999921e-01 -2.324481e-04 -3.957938e-03 -6.532615e+00 2.354514e-04 9.999997e-01 7.583926e-04 -1.079941e-01 3.957760e-03 -7.593192e-04 9.999919e-01 8.466828e+00
1.000000e+00 2.188941e-04 1.309075e-04 -5.987031e+00 -2.188488e-04 9.999999e-01 -3.453549e-04 -1.236500e-01 -1.309827e-04 3.453270e-04 9.999999e-01 8.515562e+00
9.999903e-01 -3.327766e-04 -4.391456e-03 -6.164714e+00 3.355802e-04 9.999997e-01 6.377349e-04 -1.220055e-01 4.391243e-03 -6.392031e-04 9.999902e-01 7.999007e+00
9.999999e-01 2.771650e-04 4.429434e-04 -6.482494e+00 -2.770739e-04 9.999999e-01 -2.054231e-04 -1.193995e-01 -4.430000e-04 2.053011e-04 9.999999e-01 8.092737e+00
9.999921e-01 -2.957189e-04 -3.954248e-03 -6.433992e+00 2.968720e-04 9.999999e-01 2.910433e-04 -1.338951e-01 3.954161e-03 -2.922156e-04 9.999921e-01 8.303696e+00
9.999999e-01 2.469729e-04 4.681706e-04 -6.352206e+00 -2.468946e-04 1.000000e+00 -1.669755e-04 -1.452629e-01 -4.682115e-04 1.668606e-04 9.999999e-01 8.231324e+00
9.999873e-01 -3.018636e-04 -5.029993e-03 -6.780997e+00 3.043492e-04 9.999998e-01 4.934128e-04 -1.367171e-01 5.029843e-03 -4.949381e-04 9.999872e-01 7.219187e+00
9.999993e-01 2.902015e-04 1.143791e-03 -6.966238e+00 -2.900444e-04 9.999999e-01 -1.373831e-04 -1.428245e-01 -1.143831e-03 1.370519e-04 9.999993e-01 6.765187e+00
9.999880e-01 -2.459165e-04 -4.901422e-03 -6.777483e+00 2.477414e-04 9.999999e-01 3.717352e-04 -1.577204e-01 4.901330e-03 -3.729458e-04 9.999879e-01 6.743913e+00
9.999997e-01 1.459106e-04 7.456535e-04 -6.924729e+00 -1.457736e-04 1.000000e+00 -1.836569e-04 -1.549801e-01 -7.456799e-04 1.835489e-04 9.999997e-01 5.988642e+00
9.999879e-01 -2.290903e-04 -4.915310e-03 -6.940658e+00 2.313903e-04 9.999999e-01 4.673972e-04 -1.526677e-01 4.915202e-03 -4.685296e-04 9.999878e-01 5.527644e+00
9.999997e-01 8.382310e-05 7.830147e-04 -6.822446e+00 -8.363453e-05 1.000000e+00 -2.407124e-04 -1.509511e-01 -7.830345e-04 2.406475e-04 9.999997e-01 4.945482e+00
9.999891e-01 -2.399424e-04 -4.652394e-03 -6.875846e+00 2.411928e-04 9.999999e-01 2.682405e-04 -1.494586e-01 4.652329e-03 -2.693604e-04 9.999891e-01 4.097456e+00
9.999997e-01 9.318301e-05 8.024466e-04 -6.711444e+00 -9.303862e-05 1.000000e+00 -1.798457e-04 -1.513493e-01 -8.024631e-04 1.797717e-04 9.999997e-01 3.549625e+00
9.999895e-01 -2.623694e-04 -4.585125e-03 -6.588430e+00 2.637156e-04 9.999999e-01 2.930370e-04 -1.515980e-01 4.585047e-03 -2.942438e-04 9.999894e-01 2.948012e+00
9.999999e-01 1.312854e-04 4.239762e-04 -6.753287e+00 -1.312609e-04 1.000000e+00 -5.745470e-05 -1.467880e-01 -4.239834e-04 5.739975e-05 9.999999e-01 2.334205e+00
9.999902e-01 -2.611055e-04 -4.423223e-03 -7.117740e+00 2.631567e-04 9.999999e-01 4.631752e-04 -1.359447e-01 4.423101e-03 -4.643354e-04 9.999901e-01 2.085476e+00
1.000000e+00 1.327968e-04 3.356793e-05 -7.019272e+00 -1.327933e-04 1.000000e+00 -9.904186e-05 -1.272254e-01 -3.358075e-05 9.903811e-05 1.000000e+00 1.514342e+00
9.999929e-01 -5.157995e-04 -3.724415e-03 -6.316134e+00 5.160925e-04 9.999999e-01 7.773201e-05 -1.226216e-01 3.724374e-03 -7.965431e-05 9.999931e-01 8.459053e-01
9.999998e-01 4.097001e-04 -5.727009e-04 -6.608860e+00 -4.095922e-04 9.999999e-01 1.884423e-04 -1.146478e-01 5.727784e-04 -1.882070e-04 9.999998e-01 6.083282e-02
9.999933e-01 -5.142857e-04 -3.630008e-03 -6.959798e+00 5.147085e-04 9.999999e-01 1.155797e-04 -1.033566e-01 3.629947e-03 -1.174480e-04 9.999934e-01 -5.485461e-01
9.999994e-01 4.217523e-04 -1.039677e-03 -7.599538e+00 -4.212891e-04 9.999998e-01 4.456187e-04 -8.368566e-02 1.039865e-03 -4.451797e-04 9.999994e-01 -1.092886e+00
9.999924e-01 -4.632537e-04 -3.865925e-03 -8.502506e+00 4.646039e-04 9.999998e-01 3.483897e-04 -5.713613e-02 3.865763e-03 -3.501838e-04 9.999925e-01 -1.638891e+00
9.999997e-01 3.693929e-04 -6.260613e-04 -9.264267e+00 -3.691741e-04 9.999999e-01 3.493169e-04 -3.313466e-02 6.261906e-04 -3.490849e-04 9.999997e-01 -1.980895e+00
9.999917e-01 -4.431355e-04 -4.039786e-03 -9.810287e+00 4.435252e-04 9.999999e-01 9.559922e-05 -1.721341e-02 4.039743e-03 -9.739088e-05 9.999918e-01 -2.570558e+00
1.000000e+00 2.797770e-04 3.683527e-06 -1.000374e+01 -2.797771e-04 1.000000e+00 4.592592e-05 -9.931325e-03 -3.670348e-06 -4.592625e-05 1.000000e+00 -3.342646e+00
9.999949e-01 -3.605564e-04 -3.168353e-03 -1.011166e+01 3.604312e-04 9.999999e-01 -4.004386e-05 -1.331526e-02 3.168366e-03 3.890098e-05 9.999950e-01 -3.164492e+00
9.999996e-01 4.249855e-04 8.239420e-04 -1.004274e+01 -4.247565e-04 9.999999e-01 -2.778946e-04 -3.580870e-02 -8.240597e-04 2.775452e-04 9.999996e-01 -2.373181e+00
9.999931e-01 -4.489463e-04 -3.683533e-03 -1.009810e+01 4.494425e-04 9.999999e-01 1.339003e-04 -4.669222e-02 3.683472e-03 -1.355556e-04 9.999932e-01 -1.702786e+00
9.999995e-01 3.775360e-04 8.943866e-04 -1.006977e+01 -3.772179e-04 9.999999e-01 -3.556271e-04 -5.502562e-02 -8.945204e-04 3.552902e-04 9.999995e-01 -1.279411e+00
9.999951e-01 -3.364698e-04 -3.099276e-03 -9.978349e+00 3.365668e-04 9.999999e-01 3.083551e-05 -6.864675e-02 3.099265e-03 -3.187917e-05 9.999952e-01 -4.574104e-01
9.999999e-01 1.479360e-04 -3.797717e-04 -1.030540e+01 -1.479200e-04 1.000000e+00 4.180596e-05 -5.098827e-02 3.797783e-04 -4.174908e-05 9.999999e-01 -7.994200e-01
9.999946e-01 -3.430056e-04 -3.261571e-03 -1.043918e+01 3.432080e-04 9.999999e-01 6.153195e-05 -4.442731e-02 3.261549e-03 -6.265172e-05 9.999947e-01 -1.319794e+00
1.000000e+00 2.997183e-04 3.098218e-05 -1.035101e+01 -2.997122e-04 9.999999e-01 -1.935882e-04 -5.680963e-02 -3.103987e-05 1.935796e-04 1.000000e+00 -1.256162e+00
9.999916e-01 -4.994018e-04 -4.077700e-03 -1.051466e+01 5.005135e-04 9.999998e-01 2.716364e-04 -4.879914e-02 4.077563e-03 -2.736758e-04 9.999916e-01 -2.126806e+00
9.999998e-01 1.843454e-04 6.694012e-04 -1.014791e+01 -1.840200e-04 9.999999e-01 -4.859200e-04 -4.245033e-02 -6.694904e-04 4.857974e-04 9.999997e-01 -2.994951e+00
9.999943e-01 -3.337383e-04 -3.347004e-03 -9.553944e+00 3.350653e-04 9.999999e-01 3.959503e-04 -5.678270e-02 3.346871e-03 -3.970703e-04 9.999943e-01 -2.526713e+00
1.000000e+00 9.961244e-05 1.965459e-05 -9.365004e+00 -9.960079e-05 9.999998e-01 -5.851769e-04 -5.591524e-02 -1.971255e-05 5.851756e-04 9.999998e-01 -3.066637e+00
9.999934e-01 -3.806791e-04 -3.609708e-03 -9.248102e+00 3.818867e-04 9.999999e-01 3.338794e-04 -4.896167e-02 3.609580e-03 -3.352564e-04 9.999934e-01 -4.134569e+00
9.999997e-01 3.403785e-04 7.370675e-04 -8.438977e+00 -3.400772e-04 9.999999e-01 -4.087055e-04 -6.033819e-02 -7.372062e-04 4.084554e-04 9.999996e-01 -4.281775e+00
9.999950e-01 -3.651299e-04 -3.156192e-03 -8.340541e+00 3.659750e-04 9.999999e-01 2.672259e-04 -6.762421e-02 3.156093e-03 -2.683804e-04 9.999950e-01 -3.597055e+00
9.999999e-01 1.815776e-04 -2.917755e-04 -8.702289e+00 -1.816532e-04 9.999999e-01 -2.596300e-04 -4.333212e-02 2.917286e-04 2.596837e-04 9.999999e-01 -2.860291e+00
9.999955e-01 -1.032441e-04 -3.002079e-03 -8.390219e+00 1.042193e-04 9.999999e-01 3.247501e-04 -5.545831e-02 3.002045e-03 -3.250622e-04 9.999954e-01 -2.400747e+00
1.000000e+00 -1.545454e-06 -1.559362e-04 -8.210943e+00 1.517141e-06 1.000000e+00 -1.824997e-04 -5.740677e-02 1.559368e-04 1.825002e-04 1.000000e+00 -2.063247e+00
9.999951e-01 -1.760915e-04 -3.125991e-03 -7.753867e+00 1.769123e-04 9.999999e-01 2.623317e-04 -6.262590e-02 3.125944e-03 -2.628841e-04 9.999951e-01 -1.940957e+00
1.000000e+00 2.032497e-05 -3.135551e-04 -7.699943e+00 -2.039329e-05 1.000000e+00 -2.183443e-04 -6.407913e-02 3.135510e-04 2.183514e-04 9.999999e-01 -2.322140e+00
9.999940e-01 -2.140513e-04 -3.465846e-03 -7.621602e+00 2.148734e-04 9.999999e-01 2.368717e-04 -6.117590e-02 3.465795e-03 -2.376157e-04 9.999940e-01 -3.085964e+00
9.999999e-01 4.559826e-05 -5.099429e-04 -7.617568e+00 -4.559487e-05 1.000000e+00 6.352452e-06 -5.911323e-02 5.099436e-04 -6.328505e-06 9.999999e-01 -3.529354e+00
9.999941e-01 -2.279767e-04 -3.433317e-03 -7.611941e+00 2.278843e-04 1.000000e+00 -2.726034e-05 -5.255695e-02 3.433323e-03 2.647709e-05 9.999941e-01 -4.620822e+00
9.999999e-01 -2.434574e-05 -4.148228e-04 -7.266477e+00 2.434034e-05 1.000000e+00 -1.340770e-05 -4.263040e-02 4.148235e-04 1.339829e-05 9.999999e-01 -5.660847e+00
9.999952e-01 -3.206111e-04 -3.071153e-03 -7.077966e+00 3.198134e-04 9.999999e-01 -2.601739e-04 -3.312706e-02 3.071235e-03 2.591898e-04 9.999953e-01 -6.819496e+00
9.999999e-01 4.071787e-05 -4.644600e-04 -6.702903e+00 -4.060714e-05 1.000000e+00 2.380636e-04 -2.997953e-02 4.644700e-04 -2.380440e-04 9.999999e-01 -7.490485e+00
9.999957e-01 -1.048210e-04 -2.944868e-03 -6.751035e+00 1.046175e-04 1.000000e+00 -6.919708e-05 -3.495257e-02 2.944875e-03 6.888800e-05 9.999957e-01 -7.306649e+00
1.000000e+00 1.767633e-04 -1.787931e-04 -6.537488e+00 -1.767361e-04 1.000000e+00 1.509966e-04 -4.845092e-02 1.788201e-04 -1.509644e-04 1.000000e+00 -6.876900e+00
9.999927e-01 -3.465743e-04 -3.813670e-03 -6.764410e+00 3.474135e-04 9.999999e-01 2.194183e-04 -4.040249e-02 3.813593e-03 -2.207423e-04 9.999927e-01 -6.742755e+00
9.999997e-01 1.935170e-04 -6.914009e-04 -7.524687e+00 -1.932161e-04 9.999999e-01 4.350234e-04 -1.453722e-02 6.914853e-04 -4.348890e-04 9.999997e-01 -7.200197e+00
9.999947e-01 -3.430559e-04 -3.248421e-03 -7.773358e+00 3.428542e-04 9.999999e-01 -6.258643e-05 -7.518620e-03 3.248442e-03 6.147167e-05 9.999947e-01 -7.298719e+00
1.000000e+00 1.158295e-04 6.373326e-05 -7.247711e+00 -1.158324e-04 1.000000e+00 4.745374e-05 -1.095330e-02 -6.372744e-05 -4.746043e-05 1.000000e+00 -7.557037e+00
9.999951e-01 -2.728110e-04 -3.106682e-03 -7.424740e+00 2.727546e-04 1.000000e+00 -1.850744e-05 -1.142776e-03 3.106687e-03 1.765930e-05 9.999952e-01 -6.852571e+00
9.999994e-01 2.522297e-04 -1.024649e-03 -6.897720e+00 -2.518074e-04 9.999999e-01 4.120646e-04 6.722069e-03 1.024754e-03 -4.118057e-04 9.999994e-01 -6.796062e+00
9.999960e-01 -5.508782e-04 -2.785888e-03 -5.569235e+00 5.511521e-04 9.999998e-01 9.758085e-05 1.477938e-02 2.785834e-03 -9.911660e-05 9.999961e-01 -7.289369e+00
9.999992e-01 -3.528800e-04 -1.193837e-03 -3.985862e+00 3.529695e-04 9.999999e-01 7.463528e-05 8.445513e-02 1.193811e-03 -7.505592e-05 9.999993e-01 -7.803154e+00
9.999978e-01 -1.675802e-04 -2.076565e-03 -2.080866e+00 1.678500e-04 1.000000e+00 1.298313e-04 9.301087e-02 2.076543e-03 -1.301802e-04 9.999978e-01 -8.322324e+00
9.999989e-01 -1.601499e-04 -1.500929e-03 -3.178284e-01 1.605441e-04 1.000000e+00 2.623949e-04 9.790496e-02 1.500887e-03 -2.626349e-04 9.999988e-01 -8.871916e+00
9.999977e-01 -2.483794e-04 -2.126196e-03 8.827821e-01 2.480456e-04 1.000000e+00 -1.571821e-04 1.007380e-01 2.126234e-03 1.566537e-04 9.999977e-01 -9.365537e+00
9.999986e-01 4.074394e-05 -1.694964e-03 9.309863e-01 -4.035592e-05 1.000000e+00 2.288544e-04 1.048720e-01 1.694974e-03 -2.287850e-04 9.999985e-01 -1.017772e+01
9.999981e-01 -2.081126e-04 -1.924092e-03 9.225255e-01 2.081268e-04 1.000000e+00 7.287088e-06 1.065254e-01 1.924090e-03 -7.688219e-06 9.999981e-01 -1.057574e+01
9.999994e-01 1.651430e-04 -1.081315e-03 1.418082e+00 -1.649981e-04 1.000000e+00 1.339288e-04 8.852650e-02 1.081337e-03 -1.337496e-04 9.999994e-01 -1.037679e+01
9.999975e-01 -1.650049e-04 -2.214706e-03 1.914002e+00 1.651366e-04 1.000000e+00 5.936139e-05 7.176824e-02 2.214695e-03 -5.972766e-05 9.999975e-01 -1.019392e+01
9.999993e-01 -4.451715e-05 -1.192268e-03 2.348297e+00 4.442099e-05 1.000000e+00 -8.082509e-05 6.883955e-02 1.192272e-03 8.077276e-05 9.999993e-01 -1.069235e+01
9.999972e-01 -1.962811e-04 -2.343113e-03 2.519921e+00 1.966899e-04 1.000000e+00 1.742926e-04 6.940832e-02 2.343078e-03 -1.747537e-04 9.999972e-01 -1.127739e+01
9.999995e-01 1.461268e-05 -9.801088e-04 2.528219e+00 -1.464711e-05 1.000000e+00 -3.530615e-05 6.822340e-02 9.801086e-04 3.532117e-05 9.999995e-01 -1.146851e+01
9.999978e-01 -1.664505e-04 -2.089714e-03 2.886246e+00 1.667035e-04 1.000000e+00 1.209705e-04 5.949774e-02 2.089693e-03 -1.213193e-04 9.999978e-01 -1.164416e+01
9.999997e-01 5.947575e-05 -8.199600e-04 3.462251e+00 -5.949154e-05 1.000000e+00 -1.945276e-05 4.531084e-02 8.199592e-04 1.950222e-05 9.999997e-01 -1.151134e+01
9.999961e-01 -1.136018e-05 -2.794755e-03 4.215860e+00 1.249858e-05 9.999999e-01 4.073807e-04 2.845308e-02 2.794750e-03 -4.074147e-04 9.999960e-01 -1.144153e+01
9.999994e-01 -2.172782e-04 -1.041618e-03 5.200000e+00 2.172263e-04 1.000000e+00 -5.010881e-05 2.669577e-02 1.041629e-03 4.988320e-05 9.999995e-01 -1.181557e+01
9.999970e-01 6.793392e-05 -2.453847e-03 6.083751e+00 -6.705634e-05 9.999999e-01 3.577896e-04 2.265595e-02 2.453870e-03 -3.576247e-04 9.999969e-01 -1.179166e+01
9.999994e-01 9.524482e-05 -1.122334e-03 7.037877e+00 -9.496533e-05 1.000000e+00 2.489083e-04 1.254146e-03 1.122358e-03 -2.488009e-04 9.999993e-01 -1.162983e+01
9.999976e-01 2.290476e-04 -2.163883e-03 7.988516e+00 -2.285848e-04 1.000000e+00 2.141679e-04 -2.923525e-02 2.163932e-03 -2.136734e-04 9.999976e-01 -1.126461e+01
9.999992e-01 -3.116830e-05 -1.231986e-03 8.871979e+00 3.155992e-05 9.999999e-01 3.177091e-04 -5.754674e-02 1.231976e-03 -3.177471e-04 9.999992e-01 -1.096258e+01
9.999979e-01 2.624765e-04 -2.055932e-03 9.642224e+00 -2.623756e-04 1.000000e+00 4.943798e-05 -8.229158e-02 2.055945e-03 -4.889913e-05 9.999979e-01 -1.061539e+01
9.999990e-01 -8.108435e-05 -1.389198e-03 1.067213e+01 8.182843e-05 9.999999e-01 5.354396e-04 -1.102008e-01 1.389154e-03 -5.355521e-04 9.999989e-01 -1.034485e+01
9.999980e-01 3.139902e-04 -1.979171e-03 1.152246e+01 -3.141059e-04 9.999999e-01 -5.806190e-05 -1.400825e-01 1.979152e-03 5.868277e-05 9.999980e-01 -1.004941e+01
9.999985e-01 -1.212089e-04 -1.709601e-03 1.259346e+01 1.223003e-04 9.999998e-01 6.381722e-04 -1.618139e-01 1.709523e-03 -6.383796e-04 9.999983e-01 -9.950619e+00
9.999987e-01 3.595419e-04 -1.573524e-03 1.353918e+01 -3.596891e-04 9.999999e-01 -9.316973e-05 -1.981408e-01 1.573490e-03 9.373490e-05 9.999988e-01 -9.510523e+00
9.999988e-01 4.469179e-05 -1.520697e-03 1.469719e+01 -4.372624e-05 9.999998e-01 6.348400e-04 -2.354997e-01 1.520725e-03 -6.347721e-04 9.999986e-01 -9.114305e+00
9.999982e-01 -2.968138e-06 -1.902416e-03 1.570638e+01 2.931943e-06 1.000000e+00 -1.892607e-05 -2.609522e-01 1.902416e-03 1.891977e-05 9.999982e-01 -8.910238e+00
9.999995e-01 -6.028880e-05 -1.031941e-03 1.616266e+01 6.039819e-05 1.000000e+00 1.057790e-04 -2.790486e-01 1.031934e-03 -1.058406e-04 9.999995e-01 -8.779474e+00
9.999986e-01 3.095898e-05 -1.662012e-03 1.658322e+01 -3.107333e-05 1.000000e+00 -6.865546e-05 -2.998951e-01 1.662009e-03 6.870633e-05 9.999986e-01 -8.450813e+00
9.999995e-01 -1.598839e-05 -9.696470e-04 1.682228e+01 1.601303e-05 1.000000e+00 2.519370e-05 -3.191414e-01 9.696469e-04 -2.520854e-05 9.999995e-01 -7.888352e+00
9.999983e-01 1.056309e-05 -1.827502e-03 1.716374e+01 -1.052463e-05 1.000000e+00 2.116466e-05 -3.370878e-01 1.827502e-03 -2.114607e-05 9.999983e-01 -7.441411e+00
9.999992e-01 -7.622879e-05 -1.228730e-03 1.748381e+01 7.637726e-05 1.000000e+00 1.206208e-04 -3.493975e-01 1.228721e-03 -1.207139e-04 9.999992e-01 -7.164449e+00
9.999976e-01 -5.623055e-05 -2.195501e-03 1.732432e+01 5.646694e-05 1.000000e+00 1.076989e-04 -3.479117e-01 2.195494e-03 -1.078233e-04 9.999976e-01 -7.186828e+00
9.999998e-01 3.885009e-05 -6.507689e-04 1.732812e+01 -3.889085e-05 1.000000e+00 -6.292812e-05 -3.583193e-01 6.507668e-04 6.295410e-05 9.999998e-01 -6.557434e+00
9.999973e-01 -5.427210e-05 -2.311078e-03 1.732745e+01 5.467157e-05 1.000000e+00 1.728786e-04 -3.692333e-01 2.311068e-03 -1.730052e-04 9.999973e-01 -6.037708e+00
9.999984e-01 -2.788053e-05 -1.773100e-03 1.687813e+01 2.855013e-05 9.999999e-01 3.775061e-04 -3.617410e-01 1.773090e-03 -3.775554e-04 9.999984e-01 -5.990681e+00
9.999982e-01 -1.156903e-04 -1.882723e-03 1.678200e+01 1.155784e-04 1.000000e+00 -5.944182e-05 -3.599300e-01 1.882730e-03 5.922344e-05 9.999982e-01 -6.136607e+00
9.999983e-01 1.726831e-05 -1.854475e-03 1.663947e+01 -1.649437e-05 9.999999e-01 4.172389e-04 -3.599258e-01 1.854482e-03 -4.172070e-04 9.999982e-01 -6.168375e+00
9.999981e-01 -1.187506e-04 -1.958293e-03 1.631152e+01 1.188325e-04 1.000000e+00 4.182869e-05 -3.556719e-01 1.958288e-03 -4.206200e-05 9.999981e-01 -6.120948e+00
9.999984e-01 5.660550e-05 -1.788111e-03 1.593247e+01 -5.591536e-05 9.999999e-01 3.858917e-04 -3.514032e-01 1.788133e-03 -3.857904e-04 9.999983e-01 -5.897668e+00
9.999991e-01 -6.213851e-05 -1.319784e-03 1.593544e+01 6.182934e-05 1.000000e+00 -2.341407e-04 -3.619622e-01 1.319799e-03 2.340582e-04 9.999991e-01 -5.605631e+00
9.999989e-01 1.788139e-04 -1.484646e-03 1.630606e+01 -1.783361e-04 9.999999e-01 3.218216e-04 -3.907573e-01 1.484703e-03 -3.215558e-04 9.999988e-01 -5.153307e+00
9.999986e-01 1.664446e-04 -1.666588e-03 1.714486e+01 -1.663072e-04 1.000000e+00 8.269434e-05 -4.278677e-01 1.666602e-03 -8.241774e-05 9.999986e-01 -4.716936e+00
9.999987e-01 4.093095e-05 -1.622195e-03 1.788553e+01 -4.043670e-05 1.000000e+00 3.045821e-04 -4.584024e-01 1.622208e-03 -3.045155e-04 9.999986e-01 -4.370999e+00
9.999986e-01 1.341428e-04 -1.666345e-03 1.838926e+01 -1.342447e-04 1.000000e+00 -6.090930e-05 -4.857821e-01 1.666336e-03 6.113224e-05 9.999986e-01 -3.986852e+00
9.999982e-01 -1.012398e-04 -1.874251e-03 1.911703e+01 1.020263e-04 9.999999e-01 4.194258e-04 -5.047954e-01 1.874209e-03 -4.196156e-04 9.999982e-01 -3.856739e+00
9.999988e-01 1.207439e-04 -1.536119e-03 1.972154e+01 -1.209149e-04 1.000000e+00 -1.111257e-04 -5.253136e-01 1.536105e-03 1.113106e-04 9.999988e-01 -3.709511e+00
9.999985e-01 2.425252e-05 -1.715001e-03 2.033218e+01 -2.366339e-05 9.999999e-01 3.434075e-04 -5.511677e-01 1.715009e-03 -3.433657e-04 9.999985e-01 -3.434230e+00
9.999989e-01 1.053826e-04 -1.445693e-03 2.096734e+01 -1.055573e-04 1.000000e+00 -1.206412e-04 -5.802166e-01 1.445679e-03 1.207930e-04 9.999989e-01 -3.059118e+00
9.999986e-01 7.574865e-05 -1.673332e-03 2.163103e+01 -7.524778e-05 1.000000e+00 2.992589e-04 -5.989420e-01 1.673355e-03 -2.991319e-04 9.999986e-01 -2.547467e+00
9.999991e-01 -1.616414e-04 -1.309647e-03 2.233399e+01 1.614527e-04 1.000000e+00 -1.440057e-04 -6.138103e-01 1.309670e-03 1.437935e-04 9.999991e-01 -2.110690e+00
9.999984e-01 3.352586e-04 -1.782358e-03 2.284604e+01 -3.347592e-04 9.999999e-01 2.803195e-04 -6.368509e-01 1.782452e-03 -2.797217e-04 9.999984e-01 -1.697240e+00
9.999984e-01 -1.878075e-04 -1.769298e-03 2.377201e+01 1.881320e-04 1.000000e+00 1.833740e-04 -6.588874e-01 1.769263e-03 -1.837072e-04 9.999984e-01 -1.493964e+00
9.999987e-01 2.408670e-04 -1.573716e-03 2.451652e+01 -2.406384e-04 1.000000e+00 1.452866e-04 -6.833341e-01 1.573752e-03 -1.449070e-04 9.999988e-01 -1.217642e+00
9.999986e-01 -2.403901e-04 -1.657533e-03 2.544251e+01 2.404959e-04 1.000000e+00 6.373429e-05 -7.004029e-01 1.657517e-03 -6.413350e-05 9.999986e-01 -1.209624e+00
9.999935e-01 -6.220621e-04 -3.559328e-03 2.536899e+01 6.229241e-04 9.999998e-01 2.410172e-04 -6.316276e-01 3.559177e-03 -2.432322e-04 9.999936e-01 -2.616535e+00
9.999992e-01 9.510842e-05 -1.288208e-03 2.526713e+01 -9.480036e-05 1.000000e+00 2.393745e-04 -5.967492e-01 1.288230e-03 -2.392529e-04 9.999991e-01 -3.708967e+00
9.999976e-01 7.780982e-05 -2.189463e-03 2.676434e+01 -7.715877e-05 1.000000e+00 2.973360e-04 -6.249628e-01 2.189486e-03 -2.971657e-04 9.999976e-01 -3.552200e+00
9.999992e-01 -3.187036e-04 -1.245606e-03 2.792046e+01 3.188444e-04 9.999999e-01 1.129770e-04 -6.402351e-01 1.245570e-03 -1.133747e-04 9.999992e-01 -3.686854e+00
9.999945e-01 2.485053e-04 -3.314560e-03 2.763381e+01 -2.475778e-04 9.999999e-01 2.801806e-04 -6.335878e-01 3.314630e-03 -2.793577e-04 9.999945e-01 -4.327487e+00
9.999995e-01 -3.711016e-04 -9.123431e-04 2.739641e+01 3.711268e-04 9.999999e-01 2.777567e-05 -6.299326e-01 9.123324e-04 -2.811492e-05 9.999996e-01 -4.891533e+00
9.999952e-01 -3.844564e-05 -3.083298e-03 2.848720e+01 3.809329e-05 1.000000e+00 -1.144131e-04 -6.077445e-01 3.083303e-03 1.142957e-04 9.999952e-01 -5.948280e+00
9.999999e-01 -2.044187e-04 -4.580359e-04 2.914381e+01 2.044751e-04 1.000000e+00 1.236845e-04 -6.152325e-01 4.580103e-04 -1.237788e-04 9.999999e-01 -6.200769e+00
9.999861e-01 -1.508261e-04 -5.276005e-03 2.787568e+01 1.548192e-04 9.999997e-01 7.563837e-04 -5.343038e-01 5.275890e-03 -7.571893e-04 9.999858e-01 -7.953162e+00
9.999973e-01 -6.731673e-04 2.218840e-03 2.620408e+01 6.727989e-04 9.999998e-01 1.666542e-04 -4.546590e-01 -2.218952e-03 -1.651616e-04 9.999975e-01 -8.613166e+00
9.999939e-01 9.827022e-04 -3.347037e-03 2.593175e+01 -9.828655e-04 9.999995e-01 -4.722004e-05 -4.665728e-01 3.346989e-03 5.051011e-05 9.999944e-01 -7.365938e+00
9.999975e-01 -1.074302e-03 1.980781e-03 2.598020e+01 1.073990e-03 9.999994e-01 1.583668e-04 -4.737641e-01 -1.980950e-03 -1.562398e-04 9.999980e-01 -6.446049e+00
9.999848e-01 1.091865e-03 -5.412973e-03 2.635228e+01 -1.091422e-03 9.999994e-01 8.487196e-05 -4.852996e-01 5.413062e-03 -7.896216e-05 9.999853e-01 -6.537187e+00
9.999982e-01 -1.136653e-03 1.540044e-03 2.650631e+01 1.136271e-03 9.999993e-01 2.489664e-04 -4.884291e-01 -1.540327e-03 -2.472167e-04 9.999988e-01 -6.734301e+00
9.999836e-01 1.092026e-03 -5.624343e-03 2.635942e+01 -1.090484e-03 9.999994e-01 2.771280e-04 -4.850013e-01 5.624642e-03 -2.709895e-04 9.999841e-01 -6.547945e+00
9.999984e-01 -1.059182e-03 1.420595e-03 2.632558e+01 1.058879e-03 9.999994e-01 2.142352e-04 -4.789055e-01 -1.420821e-03 -2.127313e-04 9.999990e-01 -6.285330e+00
9.999854e-01 1.165699e-03 -5.271734e-03 2.692171e+01 -1.164403e-03 9.999993e-01 2.488229e-04 -4.917953e-01 5.272020e-03 -2.426802e-04 9.999861e-01 -6.058189e+00
9.999979e-01 -1.098458e-03 1.705227e-03 2.748108e+01 1.098423e-03 9.999994e-01 2.081632e-05 -5.078673e-01 -1.705250e-03 -1.894388e-05 9.999985e-01 -5.693181e+00
9.999850e-01 1.121783e-03 -5.359191e-03 2.767155e+01 -1.120673e-03 9.999993e-01 2.100177e-04 -5.183608e-01 5.359424e-03 -2.040080e-04 9.999856e-01 -5.356745e+00
9.999982e-01 -1.215438e-03 1.436937e-03 2.747446e+01 1.215271e-03 9.999993e-01 1.163378e-04 -5.179031e-01 -1.437078e-03 -1.145920e-04 9.999990e-01 -5.323506e+00
9.999882e-01 1.395023e-03 -4.661255e-03 2.773875e+01 -1.394916e-03 9.999990e-01 2.616026e-05 -5.416312e-01 4.661287e-03 -1.965723e-05 9.999891e-01 -4.813408e+00
9.999968e-01 -1.215124e-03 2.215193e-03 2.799557e+01 1.215580e-03 9.999992e-01 -2.046374e-04 -5.750259e-01 -2.214943e-03 2.073288e-04 9.999975e-01 -3.855523e+00
9.999867e-01 1.594084e-03 -4.907628e-03 2.843978e+01 -1.592801e-03 9.999987e-01 2.653408e-04 -6.136171e-01 4.908045e-03 -2.575197e-04 9.999879e-01 -2.938793e+00
9.999979e-01 -1.424381e-03 1.491007e-03 2.925862e+01 1.424119e-03 9.999990e-01 1.767034e-04 -6.426552e-01 -1.491258e-03 -1.745803e-04 9.999989e-01 -2.606971e+00
9.999862e-01 1.401656e-03 -5.061163e-03 2.982453e+01 -1.400514e-03 9.999990e-01 2.291410e-04 -6.631457e-01 5.061480e-03 -2.220490e-04 9.999872e-01 -2.468484e+00
9.999960e-01 -1.307579e-03 2.508509e-03 2.988585e+01 1.308549e-03 9.999991e-01 -3.854713e-04 -6.857067e-01 -2.508003e-03 3.887516e-04 9.999968e-01 -1.728185e+00
9.999821e-01 1.543435e-03 -5.781749e-03 3.023212e+01 -1.539815e-03 9.999986e-01 6.305045e-04 -7.122845e-01 5.782715e-03 -6.215897e-04 9.999831e-01 -1.293336e+00
9.999973e-01 -1.727989e-03 1.522920e-03 3.137743e+01 1.728371e-03 9.999985e-01 -2.494349e-04 -7.045368e-01 -1.522487e-03 2.520658e-04 9.999988e-01 -1.895499e+00
9.999861e-01 1.638346e-03 -5.017033e-03 3.210348e+01 -1.635116e-03 9.999985e-01 6.476035e-04 -7.226628e-01 5.018087e-03 -6.393904e-04 9.999872e-01 -1.856450e+00
9.999957e-01 -1.607930e-03 2.458366e-03 3.208421e+01 1.609950e-03 9.999984e-01 -8.202889e-04 -7.389378e-01 -2.457044e-03 8.242425e-04 9.999966e-01 -9.927421e-01
9.999845e-01 1.574198e-03 -5.345348e-03 3.191213e+01 -1.570268e-03 9.999985e-01 7.393610e-04 -7.434235e-01 5.346505e-03 -7.309552e-04 9.999854e-01 -2.110459e-01
9.999971e-01 -1.547882e-03 1.847404e-03 3.170554e+01 1.549075e-03 9.999986e-01 -6.444973e-04 -7.460760e-01 -1.846404e-03 6.473565e-04 9.999981e-01 3.883529e-01
9.999836e-01 1.492976e-03 -5.532484e-03 3.154534e+01 -1.488711e-03 9.999986e-01 7.748925e-04 -7.436621e-01 5.533633e-03 -7.666429e-04 9.999844e-01 7.640727e-01
9.999974e-01 -1.453134e-03 1.778593e-03 3.161619e+01 1.454399e-03 9.999987e-01 -7.105098e-04 -7.427408e-01 -1.777558e-03 7.130941e-04 9.999982e-01 1.048157e+00
9.999830e-01 1.234050e-03 -5.701585e-03 3.185222e+01 -1.229273e-03 9.999989e-01 8.410880e-04 -7.284979e-01 5.702617e-03 -8.340643e-04 9.999834e-01 7.634451e-01
9.999977e-01 -1.708949e-03 1.275338e-03 3.241018e+01 1.710512e-03 9.999978e-01 -1.225996e-03 -6.952401e-01 -1.273240e-03 1.228174e-03 9.999984e-01 -1.102211e+00
9.999824e-01 7.818689e-04 -5.877926e-03 3.357952e+01 -7.805521e-04 9.999997e-01 2.262850e-04 -6.207806e-01 5.878101e-03 -2.216924e-04 9.999827e-01 -4.670555e+00
9.999971e-01 -2.061292e-03 1.280241e-03 3.512350e+01 2.062947e-03 9.999970e-01 -1.292762e-03 -5.311612e-01 -1.277573e-03 1.295399e-03 9.999983e-01 -8.744472e+00
9.999850e-01 9.007710e-04 -5.410292e-03 3.616309e+01 -8.992047e-04 9.999996e-01 2.918852e-04 -4.614746e-01 5.410553e-03 -2.870152e-04 9.999853e-01 -1.221341e+01
9.999967e-01 -1.208147e-03 2.248434e-03 3.652499e+01 1.208966e-03 9.999992e-01 -3.628922e-04 -4.573943e-01 -2.247994e-03 3.656086e-04 9.999974e-01 -1.284779e+01
9.999706e-01 1.658007e-03 -7.486093e-03 3.736026e+01 -1.651314e-03 9.999982e-01 9.001359e-04 -4.364480e-01 7.487572e-03 -8.877469e-04 9.999716e-01 -1.384300e+01
9.999919e-01 -2.455700e-03 3.188288e-03 3.772936e+01 2.458040e-03 9.999967e-01 -7.305699e-04 -3.895018e-01 -3.186484e-03 7.384002e-04 9.999947e-01 -1.591594e+01
9.999712e-01 2.513972e-03 -7.161832e-03 3.748594e+01 -2.507244e-03 9.999964e-01 9.482167e-04 -3.798953e-01 7.164190e-03 -9.302323e-04 9.999739e-01 -1.638319e+01
9.999903e-01 -2.590834e-03 3.571953e-03 3.779471e+01 2.593784e-03 9.999963e-01 -8.214784e-04 -3.854346e-01 -3.569812e-03 8.307346e-04 9.999933e-01 -1.652284e+01
9.999748e-01 2.750549e-03 -6.538912e-03 3.829133e+01 -2.744696e-03 9.999958e-01 9.038146e-04 -4.164886e-01 6.541371e-03 -8.858439e-04 9.999782e-01 -1.585513e+01
9.999899e-01 -2.745099e-03 3.560493e-03 3.826986e+01 2.748386e-03 9.999958e-01 -9.187973e-04 -4.310164e-01 -3.557956e-03 9.285730e-04 9.999932e-01 -1.511405e+01
9.999775e-01 2.839674e-03 -6.070549e-03 3.829846e+01 -2.835655e-03 9.999958e-01 6.704659e-04 -4.485204e-01 6.072427e-03 -6.532362e-04 9.999813e-01 -1.416256e+01
9.999921e-01 -2.748260e-03 2.886522e-03 3.843699e+01 2.750359e-03 9.999960e-01 -7.238249e-04 -4.650261e-01 -2.884522e-03 7.317575e-04 9.999956e-01 -1.352932e+01
9.999769e-01 2.708097e-03 -6.231332e-03 3.857286e+01 -2.702741e-03 9.999960e-01 8.677262e-04 -4.714854e-01 6.233657e-03 -8.508638e-04 9.999802e-01 -1.354148e+01
9.999944e-01 -2.599503e-03 2.092981e-03 3.883536e+01 2.601038e-03 9.999964e-01 -7.309828e-04 -4.665659e-01 -2.091073e-03 7.364220e-04 9.999975e-01 -1.332133e+01
9.999787e-01 2.259080e-03 -6.116419e-03 3.913496e+01 -2.252671e-03 9.999969e-01 1.054588e-03 -4.436578e-01 6.118783e-03 -1.040787e-03 9.999807e-01 -1.380136e+01
9.999958e-01 -2.331183e-03 1.731102e-03 3.989966e+01 2.332629e-03 9.999969e-01 -8.339544e-04 -4.374982e-01 -1.729153e-03 8.379883e-04 9.999982e-01 -1.448318e+01
9.999855e-01 2.417931e-03 -4.812426e-03 4.007527e+01 -2.414016e-03 9.999968e-01 8.191620e-04 -4.511477e-01 4.814392e-03 -8.075322e-04 9.999881e-01 -1.354439e+01
9.999938e-01 -2.391839e-03 2.566298e-03 4.020161e+01 2.394575e-03 9.999966e-01 -1.063804e-03 -4.690847e-01 -2.563745e-03 1.069942e-03 9.999961e-01 -1.233080e+01
9.999820e-01 2.639694e-03 -5.384152e-03 4.055023e+01 -2.633901e-03 9.999959e-01 1.082759e-03 -4.983213e-01 5.386989e-03 -1.068557e-03 9.999849e-01 -1.154373e+01
9.999928e-01 -2.519013e-03 2.827742e-03 4.078949e+01 2.522331e-03 9.999961e-01 -1.170368e-03 -5.267829e-01 -2.824783e-03 1.177492e-03 9.999953e-01 -1.078391e+01
9.999811e-01 2.695363e-03 -5.531010e-03 4.095459e+01 -2.689594e-03 9.999958e-01 1.050099e-03 -5.516914e-01 5.533818e-03 -1.035202e-03 9.999842e-01 -9.909096e+00
9.999929e-01 -2.657324e-03 2.670509e-03 4.106219e+01 2.660277e-03 9.999959e-01 -1.102655e-03 -5.707577e-01 -2.667568e-03 1.109751e-03 9.999958e-01 -9.080062e+00
9.999764e-01 2.734196e-03 -6.297887e-03 4.109069e+01 -2.726482e-03 9.999955e-01 1.233108e-03 -5.850464e-01 6.301230e-03 -1.215907e-03 9.999794e-01 -8.938141e+00
9.999928e-01 -2.581095e-03 2.779458e-03 4.147010e+01 2.584363e-03 9.999960e-01 -1.172999e-03 -6.017427e-01 -2.776420e-03 1.180173e-03 9.999954e-01 -8.583845e+00
9.999771e-01 2.445351e-03 -6.308972e-03 4.201987e+01 -2.437725e-03 9.999963e-01 1.216162e-03 -6.086701e-01 6.311922e-03 -1.200754e-03 9.999794e-01 -8.792964e+00
9.999932e-01 -2.487116e-03 2.738877e-03 4.214758e+01 2.490356e-03 9.999962e-01 -1.180180e-03 -6.137552e-01 -2.735931e-03 1.186992e-03 9.999956e-01 -9.142886e+00
9.999729e-01 2.242913e-03 -7.015620e-03 4.220795e+01 -2.235908e-03 9.999970e-01 1.006130e-03 -6.020892e-01 7.017856e-03 -9.904159e-04 9.999749e-01 -1.041325e+01
9.999910e-01 -2.613225e-03 3.345579e-03 4.226218e+01 2.617847e-03 9.999956e-01 -1.377848e-03 -5.839582e-01 -3.341964e-03 1.386593e-03 9.999935e-01 -1.209095e+01
9.999685e-01 2.521487e-03 -7.529144e-03 4.207078e+01 -2.510943e-03 9.999959e-01 1.409512e-03 -5.768583e-01 7.532667e-03 -1.390562e-03 9.999707e-01 -1.323230e+01
9.999911e-01 -2.695482e-03 3.241036e-03 4.201782e+01 2.700976e-03 9.999949e-01 -1.692027e-03 -5.605930e-01 -3.236459e-03 1.700765e-03 9.999933e-01 -1.481245e+01
9.999662e-01 2.310379e-03 -7.894892e-03 4.203489e+01 -2.303348e-03 9.999969e-01 8.995558e-04 -5.237127e-01 7.896946e-03 -8.813400e-04 9.999684e-01 -1.752197e+01
9.999860e-01 -2.750732e-03 4.517533e-03 4.207117e+01 2.757299e-03 9.999952e-01 -1.448167e-03 -4.954592e-01 -4.513528e-03 1.460602e-03 9.999887e-01 -1.969171e+01
9.999545e-01 2.481628e-03 -9.213870e-03 4.209091e+01 -2.472525e-03 9.999964e-01 9.991875e-04 -4.717731e-01 9.216317e-03 -9.763599e-04 9.999571e-01 -2.167106e+01
9.999793e-01 -2.999774e-03 5.692091e-03 4.226133e+01 3.009440e-03 9.999940e-01 -1.690323e-03 -4.409238e-01 -5.686987e-03 1.707418e-03 9.999824e-01 -2.388600e+01
9.999504e-01 2.872194e-03 -9.533861e-03 4.275179e+01 -2.852628e-03 9.999938e-01 2.065174e-03 -4.425354e-01 9.539734e-03 -2.037874e-03 9.999524e-01 -2.424117e+01
9.999799e-01 -2.935599e-03 5.619869e-03 4.280081e+01 2.945823e-03 9.999940e-01 -1.812028e-03 -4.422445e-01 -5.614516e-03 1.828546e-03 9.999826e-01 -2.440817e+01
9.999425e-01 2.747494e-03 -1.036170e-02 4.281350e+01 -2.732302e-03 9.999952e-01 1.480035e-03 -4.249221e-01 1.036572e-02 -1.451638e-03 9.999452e-01 -2.606707e+01
9.999712e-01 -3.134923e-03 6.913480e-03 4.272519e+01 3.148111e-03 9.999932e-01 -1.897617e-03 -3.998323e-01 -6.907485e-03 1.919326e-03 9.999743e-01 -2.816909e+01
9.999396e-01 2.978727e-03 -1.057609e-02 4.281716e+01 -2.958694e-03 9.999938e-01 1.909281e-03 -4.024587e-01 1.058171e-02 -1.877874e-03 9.999422e-01 -2.872255e+01
9.999678e-01 -3.013371e-03 7.431706e-03 4.297557e+01 3.027546e-03 9.999936e-01 -1.896985e-03 -4.188548e-01 -7.425942e-03 1.919423e-03 9.999706e-01 -2.848195e+01
9.999366e-01 2.962456e-03 -1.086258e-02 4.311784e+01 -2.941747e-03 9.999938e-01 1.921880e-03 -4.333093e-01 1.086821e-02 -1.889803e-03 9.999392e-01 -2.841678e+01
9.999700e-01 -3.120586e-03 7.086105e-03 4.318326e+01 3.134075e-03 9.999933e-01 -1.893286e-03 -4.346432e-01 -7.080150e-03 1.915437e-03 9.999731e-01 -2.907666e+01
9.999363e-01 3.039647e-03 -1.087146e-02 4.314296e+01 -3.016904e-03 9.999932e-01 2.107764e-03 -4.390160e-01 1.087779e-02 -2.074831e-03 9.999387e-01 -2.949159e+01
