9.999836e-01 6.835120e-05 -5.733462e-03 8.672050e-01 -6.508601e-05 9.999998e-01 5.696852e-04 3.590376e-02 5.733500e-03 -5.693034e-04 9.999834e-01 -1.081576e+00
9.999982e-01 -1.108410e-03 1.551333e-03 2.517823e+00 1.109009e-03 9.999993e-01 -3.853528e-04 8.690143e-02 -1.550904e-03 3.870732e-04 9.999987e-01 -3.008109e+00
9.999899e-01 6.115760e-04 -4.444761e-03 3.497309e+00 -6.095160e-04 9.999997e-01 4.648204e-04 9.261454e-02 4.445044e-03 -4.621073e-04 9.999900e-01 -2.783836e+00
9.999989e-01 -7.281416e-04 1.279074e-03 3.296076e+00 7.287399e-04 9.999996e-01 -4.673182e-04 1.017546e-01 -1.278733e-03 4.682505e-04 9.999991e-01 -2.010253e+00
9.999885e-01 7.043030e-04 -4.735157e-03 3.075737e+00 -7.011564e-04 9.999995e-01 6.661573e-04 1.093470e-01 4.735624e-03 -6.628303e-04 9.999886e-01 -1.431934e+00
9.999983e-01 -6.841218e-04 1.704158e-03 3.084750e+00 6.853566e-04 9.999995e-01 -7.240728e-04 9.794480e-02 -1.703661e-03 7.252402e-04 9.999983e-01 -7.499278e-01
9.999883e-01 8.450716e-04 -4.767468e-03 3.401981e+00 -8.415864e-04 9.999994e-01 7.330115e-04 7.517115e-02 4.768084e-03 -7.289914e-04 9.999884e-01 -2.012447e-01
9.999980e-01 -7.475215e-04 1.876638e-03 3.513147e+00 7.488051e-04 9.999995e-01 -6.833939e-04 5.897762e-02 -1.876126e-03 6.847985e-04 9.999980e-01 5.700719e-01
9.999893e-01 7.597420e-04 -4.556571e-03 3.218824e+00 -7.574437e-04 9.999996e-01 5.060912e-04 6.638953e-02 4.556954e-03 -5.026352e-04 9.999895e-01 1.924638e+00
9.999979e-01 -9.545529e-04 1.803057e-03 2.618101e+00 9.558613e-04 9.999993e-01 -7.248970e-04 9.470671e-02 -1.802364e-03 7.266197e-04 9.999981e-01 3.437036e+00
9.999888e-01 8.794617e-04 -4.652669e-03 2.133520e+00 -8.760276e-04 9.999993e-01 7.400715e-04 1.173822e-01 4.653316e-03 -7.359881e-04 9.999889e-01 4.988335e+00
9.999983e-01 -8.788431e-04 1.610494e-03 1.913197e+00 8.798275e-04 9.999994e-01 -6.105756e-04 1.294834e-01 -1.609956e-03 6.119923e-04 9.999985e-01 6.193962e+00
9.999791e-01 8.555133e-04 -6.405800e-03 2.728546e+00 -8.468503e-04 9.999987e-01 1.354961e-03 1.465878e-01 6.406951e-03 -1.349509e-03 9.999786e-01 5.507575e+00
9.999962e-01 -1.258617e-03 2.443044e-03 3.490223e+00 1.260450e-03 9.999989e-01 -7.489543e-04 1.582424e-01 -2.442099e-03 7.520315e-04 9.999967e-01 5.267593e+00
9.999814e-01 1.416606e-03 -5.925481e-03 3.798307e+00 -1.409975e-03 9.999984e-01 1.123073e-03 1.479400e-01 5.927062e-03 -1.114698e-03 9.999818e-01 6.039193e+00
9.999961e-01 -1.093670e-03 2.557300e-03 4.294685e+00 1.095485e-03 9.999991e-01 -7.086344e-04 1.354473e-01 -2.556522e-03 7.114339e-04 9.999965e-01 7.106417e+00
9.999867e-01 1.092127e-03 -5.030772e-03 4.740700e+00 -1.088520e-03 9.999991e-01 7.197346e-04 1.137574e-01 5.031554e-03 -7.142497e-04 9.999871e-01 8.075873e+00
9.999957e-01 -9.544822e-04 2.787975e-03 4.851463e+00 9.574092e-04 9.999990e-01 -1.048687e-03 9.460119e-02 -2.786971e-03 1.051352e-03 9.999956e-01 9.296685e+00
9.999855e-01 1.121422e-03 -5.269608e-03 5.070006e+00 -1.117124e-03 9.999990e-01 8.185779e-04 7.601353e-02 5.270521e-03 -8.126800e-04 9.999858e-01 1.047784e+01
9.999955e-01 -8.962033e-04 2.846636e-03 5.361855e+00 8.991014e-04 9.999991e-01 -1.016920e-03 4.998388e-02 -2.845722e-03 1.019476e-03 9.999954e-01 1.168410e+01
9.999869e-01 1.044287e-03 -5.001849e-03 5.322110e+00 -1.040547e-03 9.999992e-01 7.502567e-04 4.258329e-02 5.002628e-03 -7.450430e-04 9.999872e-01 1.331413e+01
9.999950e-01 -7.267967e-04 3.061830e-03 5.497272e+00 7.296138e-04 9.999993e-01 -9.190552e-04 2.343883e-02 -3.061159e-03 9.212853e-04 9.999949e-01 1.514623e+01
9.999826e-01 1.050475e-03 -5.805740e-03 5.877035e+00 -1.043693e-03 9.999988e-01 1.171190e-03 1.725322e-02 5.806963e-03 -1.165111e-03 9.999825e-01 1.666075e+01
9.999968e-01 -9.468310e-04 2.348820e-03 6.787070e+00 9.480867e-04 9.999994e-01 -5.335319e-04 7.445102e-03 -2.348313e-03 5.357578e-04 9.999971e-01 1.773469e+01
9.999912e-01 1.229054e-03 -4.009765e-03 7.108860e+00 -1.227888e-03 9.999992e-01 2.932869e-04 -2.002070e-02 4.010122e-03 -2.883615e-04 9.999919e-01 1.961469e+01
9.999985e-01 -7.749964e-04 1.519405e-03 7.628640e+00 7.752860e-04 9.999997e-01 -1.899648e-04 -3.808204e-02 -1.519257e-03 1.911432e-04 9.999988e-01 2.128509e+01
9.999948e-01 1.025125e-03 -3.058156e-03 8.196661e+00 -1.025597e-03 9.999995e-01 -1.528026e-04 -7.338338e-02 3.057997e-03 1.559375e-04 9.999953e-01 2.316563e+01
9.999992e-01 -6.211180e-04 1.102578e-03 8.717989e+00 6.213487e-04 9.999998e-01 -2.088622e-04 -1.110326e-01 -1.102448e-03 2.095479e-04 9.999994e-01 2.475944e+01
9.999950e-01 9.887876e-04 -2.997391e-03 9.154180e+00 -9.886902e-04 9.999995e-01 3.402220e-05 -1.477829e-01 2.997423e-03 -3.105925e-05 9.999955e-01 2.644667e+01
9.999989e-01 -7.869591e-04 1.231033e-03 9.367097e+00 7.874708e-04 9.999996e-01 -4.152279e-04 -1.740367e-01 -1.230705e-03 4.161976e-04 9.999992e-01 2.804346e+01
9.999928e-01 1.009794e-03 -3.665085e-03 9.640597e+00 -1.008883e-03 9.999995e-01 2.503882e-04 -1.980052e-01 3.665336e-03 -2.466894e-04 9.999933e-01 2.914710e+01
9.999988e-01 -7.778529e-04 1.351404e-03 9.981077e+00 7.784386e-04 9.999996e-01 -4.328635e-04 -2.256147e-01 -1.351066e-03 4.339156e-04 9.999990e-01 3.044055e+01
9.999930e-01 8.433282e-04 -3.634356e-03 1.002320e+01 -8.426689e-04 9.999996e-01 1.829517e-04 -2.410399e-01 3.634508e-03 -1.798886e-04 9.999934e-01 3.168436e+01
9.999993e-01 -7.912740e-04 8.311380e-04 9.995319e+00 7.914347e-04 9.999997e-01 -1.930087e-04 -2.464542e-01 -8.309847e-04 1.936671e-04 9.999996e-01 3.275258e+01
9.999936e-01 7.148122e-04 -3.493664e-03 9.807259e+00 -7.148261e-04 9.999997e-01 -2.708239e-06 -2.470478e-01 3.493661e-03 5.204873e-06 9.999939e-01 3.376878e+01
9.999997e-01 -7.738845e-04 1.296050e-04 9.563411e+00 7.738630e-04 9.999997e-01 1.665488e-04 -2.461060e-01 -1.297335e-04 -1.664478e-04 1.000000e+00 3.431126e+01
9.999938e-01 7.076407e-04 -3.440553e-03 9.263390e+00 -7.077429e-04 9.999997e-01 -2.847636e-05 -2.398541e-01 3.440532e-03 3.091050e-05 9.999941e-01 3.500671e+01
9.999997e-01 -6.860552e-04 3.608404e-04 9.224237e+00 6.860307e-04 9.999998e-01 6.814186e-05 -2.397409e-01 -3.608867e-04 -6.789358e-05 9.999999e-01 3.602614e+01
9.999902e-01 5.589341e-04 -4.396466e-03 8.710818e+00 -5.570757e-04 9.999998e-01 4.239408e-04 -2.241783e-01 4.396701e-03 -4.214882e-04 9.999902e-01 3.635025e+01
9.999997e-01 -7.071095e-04 3.608650e-04 8.203305e+00 7.070983e-04 9.999997e-01 3.145150e-05 -2.101942e-01 -3.608868e-04 -3.119561e-05 9.999999e-01 3.659520e+01
9.999911e-01 6.097370e-04 -4.167746e-03 7.808173e+00 -6.084413e-04 9.999998e-01 3.121578e-04 -2.031432e-01 4.167935e-03 -3.096199e-04 9.999913e-01 3.691443e+01
9.999996e-01 -6.995934e-04 5.490957e-04 7.505100e+00 6.996330e-04 9.999998e-01 -7.185578e-05 -2.005527e-01 -5.490450e-04 7.224063e-05 9.999998e-01 3.730317e+01
9.999932e-01 6.898054e-04 -3.621914e-03 7.514261e+00 -6.896201e-04 9.999998e-01 5.242255e-05 -2.145393e-01 3.621949e-03 -4.992516e-05 9.999934e-01 3.787115e+01
9.999996e-01 -6.618101e-04 5.846918e-04 7.568690e+00 6.618627e-04 9.999998e-01 -8.971800e-05 -2.328404e-01 -5.846319e-04 9.010566e-05 9.999998e-01 3.844662e+01
9.999915e-01 6.899269e-04 -4.067251e-03 7.851946e+00 -6.885396e-04 9.999997e-01 3.425115e-04 -2.498065e-01 4.067486e-03 -3.397089e-04 9.999917e-01 3.880862e+01
9.999996e-01 -7.438803e-04 4.683454e-04 8.109587e+00 7.438939e-04 9.999997e-01 -2.870201e-05 -2.611055e-01 -4.683235e-04 2.905111e-05 9.999999e-01 3.899589e+01
9.999934e-01 7.743096e-04 -3.549571e-03 8.113051e+00 -7.740258e-04 9.999997e-01 8.132776e-05 -2.736459e-01 3.549633e-03 -7.858047e-05 9.999937e-01 3.965178e+01
9.999996e-01 -8.636445e-04 3.789907e-04 7.980147e+00 8.636700e-04 9.999996e-01 -6.712311e-05 -2.771764e-01 -3.789322e-04 6.745112e-05 9.999999e-01 4.035311e+01
9.999940e-01 8.610005e-04 -3.361850e-03 7.977836e+00 -8.609958e-04 9.999996e-01 2.864684e-06 -2.919999e-01 3.361851e-03 2.916311e-08 9.999943e-01 4.096918e+01
9.999996e-01 -8.139336e-04 4.851569e-04 8.042372e+00 8.139780e-04 9.999997e-01 -9.120238e-05 -3.123600e-01 -4.850821e-04 9.159795e-05 9.999999e-01 4.164257e+01
9.999909e-01 6.290239e-04 -4.231321e-03 8.663812e+00 -6.275581e-04 9.999997e-01 3.477557e-04 -3.211398e-01 4.231538e-03 -3.450979e-04 9.999910e-01 4.149310e+01
9.999994e-01 -6.944419e-04 8.160642e-04 8.793163e+00 6.946156e-04 9.999997e-01 -2.125981e-04 -3.339032e-01 -8.159160e-04 2.131655e-04 9.999996e-01 4.171847e+01
9.999922e-01 7.095270e-04 -3.875745e-03 8.840022e+00 -7.086604e-04 9.999997e-01 2.249976e-04 -3.506906e-01 3.875904e-03 -2.222500e-04 9.999925e-01 4.221426e+01
9.999997e-01 -7.585041e-04 3.369524e-04 9.064750e+00 7.585639e-04 9.999997e-01 -1.770944e-04 -3.637551e-01 -3.368176e-04 1.773507e-04 9.999999e-01 4.217600e+01
9.999926e-01 5.752250e-04 -3.816725e-03 9.302452e+00 -5.744503e-04 9.999998e-01 2.040871e-04 -3.704879e-01 3.816841e-03 -2.018938e-04 9.999927e-01 4.179290e+01
9.999998e-01 -5.438081e-04 3.867417e-04 9.900686e+00 5.438378e-04 9.999998e-01 -7.645667e-05 -3.914050e-01 -3.866998e-04 7.666768e-05 9.999999e-01 4.195362e+01
9.999944e-01 6.072199e-04 -3.305744e-03 1.032346e+01 -6.069794e-04 9.999998e-01 7.376258e-05 -4.187357e-01 3.305788e-03 -7.175635e-05 9.999945e-01 4.256259e+01
9.999997e-01 -4.454427e-04 6.436225e-04 1.047646e+01 4.455865e-04 9.999999e-01 -2.231305e-04 -4.409061e-01 -6.435227e-04 2.234180e-04 9.999998e-01 4.346395e+01
9.999896e-01 4.106020e-04 -4.545915e-03 1.030519e+01 -4.086589e-04 9.999998e-01 4.283828e-04 -4.438405e-01 4.546090e-03 -4.265213e-04 9.999896e-01 4.360781e+01
9.999996e-01 -4.454650e-04 7.680612e-04 1.027157e+01 4.456294e-04 9.999999e-01 -2.137063e-04 -4.455124e-01 -7.679656e-04 2.140492e-04 9.999997e-01 4.342856e+01
9.999912e-01 4.499589e-04 -4.174428e-03 1.036367e+01 -4.486709e-04 9.999999e-01 3.094982e-04 -4.522266e-01 4.174566e-03 -3.076233e-04 9.999912e-01 4.395011e+01
9.999995e-01 -4.709005e-04 8.717220e-04 1.022442e+01 4.710675e-04 9.999999e-01 -1.911956e-04 -4.609577e-01 -8.716316e-04 1.916069e-04 9.999996e-01 4.431142e+01
9.999897e-01 4.387804e-04 -4.509298e-03 1.002433e+01 -4.369465e-04 9.999998e-01 4.077035e-04 -4.642737e-01 4.509476e-03 -4.057297e-04 9.999897e-01 4.447406e+01
9.999991e-01 -4.316098e-04 1.296137e-03 1.018756e+01 4.323626e-04 9.999997e-01 -5.805454e-04 -4.801281e-01 -1.295886e-03 5.811059e-04 9.999990e-01 4.461090e+01
9.999916e-01 4.565006e-04 -4.080526e-03 1.021783e+01 -4.543739e-04 9.999998e-01 5.221131e-04 -4.980490e-01 4.080763e-03 -5.202553e-04 9.999915e-01 4.512931e+01
9.999989e-01 -3.982463e-04 1.405693e-03 1.021876e+01 3.991954e-04 9.999997e-01 -6.748558e-04 -5.142053e-01 -1.405423e-03 6.754169e-04 9.999988e-01 4.591395e+01
9.999919e-01 4.915386e-04 -3.996889e-03 1.028629e+01 -4.896840e-04 9.999998e-01 4.650101e-04 -5.343867e-01 3.997116e-03 -4.630499e-04 9.999919e-01 4.676441e+01
9.999988e-01 -4.116126e-04 1.499297e-03 1.029081e+01 4.126856e-04 9.999997e-01 -7.153186e-04 -5.522229e-01 -1.499002e-03 7.159371e-04 9.999986e-01 4.774129e+01
9.999896e-01 3.480786e-04 -4.546119e-03 1.003846e+01 -3.449480e-04 9.999997e-01 6.894314e-04 -5.514494e-01 4.546357e-03 -6.878568e-04 9.999894e-01 4.843569e+01
9.999995e-01 -4.537668e-04 8.875948e-04 9.622398e+00 4.541507e-04 9.999998e-01 -4.323378e-04 -5.424847e-01 -8.873981e-04 4.327414e-04 9.999995e-01 4.886513e+01
9.999908e-01 4.177500e-04 -4.272323e-03 9.320953e+00 -4.151957e-04 9.999997e-01 5.987652e-04 -5.418824e-01 4.272572e-03 -5.969866e-04 9.999907e-01 4.932315e+01
9.999989e-01 -4.508093e-04 1.411289e-03 9.203071e+00 4.517930e-04 9.999997e-01 -6.966887e-04 -5.488935e-01 -1.410974e-03 6.973263e-04 9.999988e-01 5.014437e+01
9.999914e-01 4.623109e-04 -4.115956e-03 9.150688e+00 -4.601663e-04 9.999998e-01 5.219921e-04 -5.620169e-01 4.116196e-03 -5.200943e-04 9.999914e-01 5.095337e+01
9.999990e-01 -4.180818e-04 1.377606e-03 9.080162e+00 4.189465e-04 9.999997e-01 -6.274221e-04 -5.716176e-01 -1.377343e-03 6.279993e-04 9.999989e-01 5.187699e+01
9.999915e-01 4.055781e-04 -4.113309e-03 8.947557e+00 -4.035970e-04 9.999998e-01 4.824801e-04 -5.793082e-01 4.113503e-03 -4.808165e-04 9.999914e-01 5.273679e+01
9.999988e-01 -3.993940e-04 1.472945e-03 8.776081e+00 4.003792e-04 9.999997e-01 -6.685219e-04 -5.815004e-01 -1.472678e-03 6.691116e-04 9.999987e-01 5.386335e+01
9.999906e-01 5.491722e-04 -4.307707e-03 8.919286e+00 -5.462651e-04 9.999996e-01 6.760243e-04 -5.967499e-01 4.308076e-03 -6.736655e-04 9.999905e-01 5.470311e+01
9.999987e-01 -4.633176e-04 1.531066e-03 8.968344e+00 4.644012e-04 9.999996e-01 -7.073838e-04 -6.112878e-01 -1.530738e-03 7.080947e-04 9.999986e-01 5.565520e+01
9.999910e-01 5.704544e-04 -4.213148e-03 9.056021e+00 -5.679839e-04 9.999997e-01 5.875911e-04 -6.284841e-01 4.213481e-03 -5.851935e-04 9.999910e-01 5.645763e+01
9.999993e-01 -5.674996e-04 1.033291e-03 9.035850e+00 5.680668e-04 9.999997e-01 -5.486635e-04 -6.429139e-01 -1.032979e-03 5.492508e-04 9.999993e-01 5.697929e+01
9.999907e-01 5.719789e-04 -4.285334e-03 8.801379e+00 -5.690868e-04 9.999996e-01 6.761062e-04 -6.421751e-01 4.285719e-03 -6.736619e-04 9.999906e-01 5.764296e+01
9.999990e-01 -6.269746e-04 1.305167e-03 8.613177e+00 6.279710e-04 9.999995e-01 -7.630731e-04 -6.443030e-01 -1.304687e-03 7.638926e-04 9.999989e-01 5.838567e+01
9.999885e-01 5.786977e-04 -4.763427e-03 8.380403e+00 -5.742032e-04 9.999994e-01 9.448805e-04 -6.457412e-01 4.763970e-03 -9.421352e-04 9.999882e-01 5.881586e+01
9.999992e-01 -6.507108e-04 1.046604e-03 8.029039e+00 6.513851e-04 9.999996e-01 -6.439352e-04 -6.397029e-01 -1.046184e-03 6.446172e-04 9.999992e-01 5.909070e+01
9.999901e-01 6.510403e-04 -4.405087e-03 7.845157e+00 -6.477381e-04 9.999995e-01 7.510467e-04 -6.423099e-01 4.405573e-03 -7.481866e-04 9.999900e-01 5.959766e+01
9.999994e-01 -2.427843e-04 1.108839e-03 8.490686e+00 2.432602e-04 9.999999e-01 -4.289326e-04 -6.638166e-01 -1.108734e-03 4.292028e-04 9.999993e-01 6.054329e+01
9.999907e-01 2.655154e-04 -4.312462e-03 9.494638e+00 -2.607670e-04 9.999994e-01 1.101648e-03 -6.820409e-01 4.312751e-03 -1.100514e-03 9.999901e-01 6.171454e+01
9.999970e-01 -2.273477e-04 2.457573e-03 9.300960e+00 2.308955e-04 9.999989e-01 -1.443382e-03 -6.810096e-01 -2.457242e-03 1.443946e-03 9.999959e-01 6.378156e+01
9.999906e-01 3.672765e-04 -4.317913e-03 9.263644e+00 -3.620122e-04 9.999992e-01 1.219932e-03 -6.893648e-01 4.318357e-03 -1.218358e-03 9.999899e-01 6.566972e+01
9.999997e-01 1.870662e-04 7.119025e-04 1.019325e+01 -1.866491e-04 9.999998e-01 -5.857616e-04 -6.951763e-01 -7.120116e-04 5.856293e-04 9.999996e-01 6.697997e+01
9.999937e-01 -7.089501e-05 -3.560177e-03 1.086339e+01 7.446331e-05 9.999995e-01 1.002193e-03 -7.034791e-01 3.560104e-03 -1.002453e-03 9.999932e-01 6.841623e+01
9.999993e-01 5.636343e-04 9.992067e-04 1.129772e+01 -5.628163e-04 9.999995e-01 -8.186229e-04 -7.171077e-01 -9.996673e-04 8.180607e-04 9.999992e-01 7.018630e+01
9.999942e-01 -4.733791e-04 -3.382281e-03 1.151280e+01 4.760523e-04 9.999996e-01 7.896113e-04 -7.317671e-01 3.381905e-03 -7.912175e-04 9.999940e-01 7.176000e+01
9.999996e-01 6.297421e-04 6.740942e-04 1.168230e+01 -6.291337e-04 9.999994e-01 -9.022266e-04 -7.472821e-01 -6.746616e-04 9.018028e-04 9.999994e-01 7.282624e+01
9.999913e-01 -4.672026e-04 -4.148359e-03 1.224503e+01 4.718263e-04 9.999993e-01 1.113694e-03 -7.677055e-01 4.147836e-03 -1.115642e-03 9.999908e-01 7.336799e+01
9.999998e-01 3.152516e-04 4.750000e-04 1.278939e+01 -3.148113e-04 9.999995e-01 -9.264638e-04 -7.736479e-01 -4.752915e-04 9.263148e-04 9.999995e-01 7.308657e+01
9.999913e-01 -4.043048e-04 -4.160599e-03 1.332832e+01 4.086734e-04 9.999994e-01 1.049211e-03 -7.817825e-01 4.160171e-03 -1.050903e-03 9.999908e-01 7.291277e+01
9.999998e-01 3.385414e-04 5.415167e-04 1.384362e+01 -3.381042e-04 9.999996e-01 -8.071135e-04 -7.896831e-01 -5.417894e-04 8.069309e-04 9.999995e-01 7.284764e+01
9.999925e-01 -3.484845e-04 -3.847990e-03 1.434853e+01 3.522314e-04 9.999995e-01 9.731277e-04 -8.072383e-01 3.847648e-03 -9.744765e-04 9.999921e-01 7.323238e+01
9.999999e-01 3.277648e-04 9.664095e-05 1.501385e+01 -3.276898e-04 9.999996e-01 -7.737249e-04 -8.178681e-01 -9.689419e-05 7.736938e-04 9.999997e-01 7.315604e+01
9.999922e-01 -4.692016e-04 -3.928355e-03 1.588945e+01 4.735031e-04 9.999993e-01 1.094159e-03 -8.253706e-01 3.927839e-03 -1.096012e-03 9.999917e-01 7.292060e+01
9.999999e-01 3.214567e-04 1.887095e-04 1.654863e+01 -3.212885e-04 9.999996e-01 -8.903284e-04 -8.325565e-01 -1.889952e-04 8.902684e-04 9.999996e-01 7.270761e+01
9.999922e-01 -4.572057e-04 -3.911168e-03 1.719439e+01 4.613768e-04 9.999993e-01 1.065654e-03 -8.383988e-01 3.910678e-03 -1.067451e-03 9.999918e-01 7.244739e+01
9.999999e-01 3.904144e-04 3.280269e-04 1.783845e+01 -3.901394e-04 9.999996e-01 -8.373962e-04 -8.549313e-01 -3.283534e-04 8.372688e-04 9.999996e-01 7.252461e+01
9.999920e-01 -4.021102e-04 -3.975204e-03 1.852386e+01 4.064409e-04 9.999993e-01 1.088705e-03 -8.731351e-01 3.974763e-03 -1.090313e-03 9.999915e-01 7.261924e+01
9.999996e-01 4.523051e-04 7.711735e-04 1.890170e+01 -4.515204e-04 9.999994e-01 -1.017276e-03 -8.996436e-01 -7.716328e-04 1.016928e-03 9.999992e-01 7.313601e+01
9.999900e-01 -3.360682e-04 -4.461082e-03 1.961484e+01 3.416826e-04 9.999992e-01 1.257860e-03 -9.227150e-01 4.460655e-03 -1.259372e-03 9.999893e-01 7.332141e+01
9.999998e-01 1.890595e-04 5.295945e-04 2.049184e+01 -1.885404e-04 9.999995e-01 -9.798058e-04 -9.297376e-01 -5.297791e-04 9.797065e-04 9.999994e-01 7.304494e+01
9.999909e-01 -3.057113e-04 -4.255268e-03 2.124553e+01 3.110829e-04 9.999992e-01 1.261777e-03 -9.454920e-01 4.254879e-03 -1.263089e-03 9.999902e-01 7.298713e+01
9.999998e-01 2.893803e-04 4.940468e-04 2.215734e+01 -2.889238e-04 9.999995e-01 -9.235202e-04 -9.640888e-01 -4.943135e-04 9.233780e-04 9.999995e-01 7.295446e+01
9.999909e-01 -3.727466e-04 -4.243421e-03 2.292262e+01 3.779192e-04 9.999992e-01 1.218279e-03 -9.763029e-01 4.242964e-03 -1.219873e-03 9.999903e-01 7.280137e+01
9.999999e-01 1.734809e-04 3.301366e-04 2.368631e+01 -1.731598e-04 9.999995e-01 -9.717529e-04 -9.802293e-01 -3.303047e-04 9.716964e-04 9.999995e-01 7.246847e+01
9.999913e-01 -3.843898e-04 -4.146659e-03 2.444430e+01 3.891160e-04 9.999993e-01 1.139060e-03 -9.835077e-01 4.146218e-03 -1.140665e-03 9.999908e-01 7.209528e+01
9.999998e-01 3.086923e-04 4.648268e-04 2.537540e+01 -3.083103e-04 9.999996e-01 -8.212638e-04 -9.993757e-01 -4.650798e-04 8.211211e-04 9.999996e-01 7.199541e+01
9.999909e-01 -4.436360e-04 -4.254538e-03 2.646812e+01 4.484214e-04 9.999993e-01 1.123922e-03 -1.014582e+00 4.254036e-03 -1.125821e-03 9.999903e-01 7.183428e+01
9.999998e-01 1.286077e-04 6.574365e-04 2.679807e+01 -1.276830e-04 9.999990e-01 -1.406227e-03 -1.006600e+00 -6.576164e-04 1.406143e-03 9.999988e-01 7.089189e+01
9.999909e-01 -4.426637e-04 -4.251023e-03 2.695089e+01 4.476248e-04 9.999992e-01 1.166176e-03 -9.986410e-01 4.250503e-03 -1.168069e-03 9.999903e-01 6.978493e+01
9.999998e-01 1.053190e-04 6.102363e-04 2.723461e+01 -1.044656e-04 9.999990e-01 -1.397957e-03 -9.899844e-01 -6.103826e-04 1.397893e-03 9.999988e-01 6.875904e+01
9.999896e-01 -3.261893e-04 -4.558288e-03 2.829344e+01 3.339929e-04 9.999985e-01 1.711327e-03 -9.940359e-01 4.557723e-03 -1.712832e-03 9.999881e-01 6.837608e+01
9.999998e-01 2.328447e-05 6.937494e-04 2.913828e+01 -2.209956e-05 9.999985e-01 -1.707722e-03 -9.879661e-01 -6.937879e-04 1.707707e-03 9.999983e-01 6.773541e+01
9.999880e-01 -3.200467e-04 -4.893001e-03 3.039080e+01 3.296676e-04 9.999980e-01 1.965618e-03 -9.781459e-01 4.892362e-03 -1.967208e-03 9.999861e-01 6.702376e+01
9.999997e-01 2.523593e-05 8.195648e-04 3.174001e+01 -2.392049e-05 9.999987e-01 -1.604823e-03 -9.754837e-01 -8.196039e-04 1.604803e-03 9.999984e-01 6.643898e+01
9.999899e-01 -3.924029e-04 -4.487070e-03 3.218053e+01 3.984719e-04 9.999990e-01 1.351777e-03 -9.649417e-01 4.486535e-03 -1.353552e-03 9.999890e-01 6.543565e+01
9.999992e-01 2.114259e-04 1.257080e-03 3.338093e+01 -2.097825e-04 9.999991e-01 -1.307163e-03 -9.775649e-01 -1.257355e-03 1.306899e-03 9.999984e-01 6.515889e+01
9.999911e-01 -6.205394e-04 -4.183674e-03 3.428134e+01 6.235683e-04 9.999995e-01 7.227506e-04 -9.818388e-01 4.183224e-03 -7.253537e-04 9.999910e-01 6.456063e+01
9.999997e-01 2.509597e-04 7.470449e-04 3.447716e+01 -2.501014e-04 9.999993e-01 -1.148550e-03 -9.720631e-01 -7.473323e-04 1.148363e-03 9.999991e-01 6.339858e+01
9.999907e-01 -5.900110e-04 -4.264098e-03 3.526955e+01 5.942126e-04 9.999993e-01 9.841824e-04 -9.679090e-01 4.263514e-03 -9.867077e-04 9.999904e-01 6.270661e+01
9.999998e-01 4.640743e-04 5.095652e-04 3.659511e+01 -4.637738e-04 9.999997e-01 -5.893371e-04 -9.850212e-01 -5.098382e-04 5.891013e-04 9.999997e-01 6.254882e+01
9.999900e-01 -5.806915e-04 -4.424617e-03 3.823542e+01 5.856759e-04 9.999992e-01 1.125348e-03 -9.975461e-01 4.423959e-03 -1.127929e-03 9.999896e-01 6.224539e+01
9.999992e-01 5.010899e-04 1.170998e-03 3.974774e+01 -5.002366e-04 9.999996e-01 -7.287088e-04 -1.025158e+00 -1.171362e-03 7.281231e-04 9.999990e-01 6.235096e+01
9.999894e-01 -9.144853e-04 -4.520679e-03 4.063210e+01 9.166040e-04 9.999995e-01 4.666637e-04 -1.025320e+00 4.520250e-03 -4.708031e-04 9.999897e-01 6.178152e+01
9.999993e-01 5.944774e-04 1.000516e-03 4.082800e+01 -5.936948e-04 9.999995e-01 -7.820722e-04 -1.019416e+00 -1.000980e-03 7.814783e-04 9.999992e-01 6.084128e+01
9.999887e-01 -8.787702e-04 -4.666351e-03 4.166784e+01 8.820697e-04 9.999994e-01 7.050971e-04 -1.016555e+00 4.665728e-03 -7.092059e-04 9.999889e-01 6.027930e+01
9.999997e-01 5.497483e-04 4.544621e-04 4.299758e+01 -5.495539e-04 9.999998e-01 -4.273948e-04 -1.006009e+00 -4.546967e-04 4.271457e-04 9.999998e-01 5.954794e+01
9.999903e-01 -8.921898e-04 -4.321127e-03 4.407991e+01 8.946441e-04 9.999994e-01 5.661206e-04 -1.004432e+00 4.320620e-03 -5.699816e-04 9.999905e-01 5.899029e+01
9.999998e-01 5.509291e-04 2.138615e-04 4.542391e+01 -5.508537e-04 9.999998e-01 -3.516843e-04 -9.994934e-01 -2.140549e-04 3.515671e-04 9.999999e-01 5.833435e+01
9.999922e-01 -9.150238e-04 -3.850762e-03 4.613205e+01 9.154068e-04 9.999996e-01 9.774568e-05 -9.931441e-01 3.850671e-03 -1.012706e-04 9.999926e-01 5.757527e+01
9.999998e-01 5.757318e-04 3.471808e-04 4.629784e+01 -5.755900e-04 9.999998e-01 -4.079779e-04 -9.850857e-01 -3.474153e-04 4.077786e-04 9.999999e-01 5.648397e+01
9.999914e-01 -9.785260e-04 -4.020556e-03 4.675941e+01 9.788645e-04 9.999995e-01 8.225394e-05 -9.728901e-01 4.020474e-03 -8.618951e-05 9.999919e-01 5.544141e+01
9.999997e-01 6.538805e-04 -2.751254e-04 4.858018e+01 -6.538423e-04 9.999998e-01 1.383501e-04 -9.453025e-01 2.752161e-04 -1.381695e-04 1.000000e+00 5.425721e+01
9.999937e-01 -1.865388e-03 -3.006217e-03 5.187715e+01 1.865320e-03 9.999983e-01 -2.516510e-05 -9.292844e-01 3.006258e-03 1.955670e-05 9.999955e-01 5.294128e+01
9.999984e-01 1.659598e-03 -6.712663e-04 5.216902e+01 -1.659559e-03 9.999986e-01 5.810711e-05 -9.283641e-01 6.713621e-04 -5.699233e-05 9.999998e-01 5.231497e+01
9.999930e-01 -1.797350e-03 -3.284632e-03 5.238734e+01 1.797983e-03 9.999984e-01 1.898178e-04 -9.333423e-01 3.284285e-03 -1.957229e-04 9.999946e-01 5.207188e+01
9.999981e-01 1.779155e-03 -8.190015e-04 5.285032e+01 -1.779077e-03 9.999984e-01 9.582411e-05 -9.349930e-01 8.191710e-04 -9.436617e-05 9.999997e-01 5.167518e+01
9.999926e-01 -2.135924e-03 -3.190849e-03 5.369813e+01 2.136141e-03 9.999977e-01 6.443341e-05 -9.285263e-01 3.190704e-03 -7.124973e-05 9.999949e-01 5.106164e+01
9.999981e-01 1.805827e-03 -6.847033e-04 5.464956e+01 -1.805828e-03 9.999984e-01 -2.197222e-07 -9.276979e-01 6.847021e-04 1.456864e-06 9.999998e-01 5.053408e+01
9.999932e-01 -2.233382e-03 -2.930459e-03 5.507331e+01 2.231992e-03 9.999974e-01 -4.774230e-04 -9.148061e-01 2.931518e-03 4.708783e-04 9.999956e-01 4.940809e+01
9.999981e-01 1.908796e-03 -4.685264e-04 5.598393e+01 -1.908632e-03 9.999981e-01 3.500753e-04 -9.183497e-01 4.691941e-04 -3.491797e-04 9.999998e-01 4.894832e+01
9.999926e-01 -2.248298e-03 -3.125789e-03 5.617740e+01 2.246152e-03 9.999972e-01 -6.899288e-04 -9.102501e-01 3.127331e-03 6.829020e-04 9.999949e-01 4.787397e+01
9.999981e-01 1.890838e-03 -4.706088e-04 5.634412e+01 -1.890697e-03 9.999982e-01 2.994649e-04 -8.975457e-01 4.711745e-04 -2.985739e-04 9.999998e-01 4.649793e+01
9.999919e-01 -2.197675e-03 -3.361558e-03 5.640018e+01 2.195687e-03 9.999974e-01 -5.948947e-04 -8.864754e-01 3.362856e-03 5.875083e-04 9.999942e-01 4.514803e+01
9.999981e-01 1.868546e-03 -4.710243e-04 5.648823e+01 -1.868428e-03 9.999982e-01 2.503881e-04 -8.741127e-01 4.714916e-04 -2.495069e-04 9.999999e-01 4.374133e+01
9.999927e-01 -2.259437e-03 -3.085390e-03 5.668551e+01 2.257265e-03 9.999972e-01 -7.071542e-04 -8.606258e-01 3.086979e-03 7.001838e-04 9.999950e-01 4.235176e+01
9.999983e-01 1.817805e-03 -4.305104e-04 5.702679e+01 -1.817693e-03 9.999983e-01 2.585735e-04 -8.476111e-01 4.309800e-04 -2.577899e-04 9.999999e-01 4.113156e+01
9.999925e-01 -2.272227e-03 -3.121543e-03 5.731674e+01 2.269829e-03 9.999971e-01 -7.713892e-04 -8.317173e-01 3.123287e-03 7.642974e-04 9.999948e-01 3.969721e+01
9.999981e-01 1.892299e-03 -4.966410e-04 5.752284e+01 -1.892107e-03 9.999981e-01 3.857691e-04 -8.182925e-01 4.973704e-04 -3.848280e-04 9.999998e-01 3.831846e+01
9.999926e-01 -2.234299e-03 -3.137897e-03 5.761008e+01 2.232149e-03 9.999973e-01 -6.885616e-04 -8.078693e-01 3.139427e-03 6.815516e-04 9.999948e-01 3.701996e+01
9.999980e-01 1.891214e-03 -5.695329e-04 5.773960e+01 -1.890968e-03 9.999981e-01 4.314233e-04 -7.985441e-01 5.703480e-04 -4.303448e-04 9.999997e-01 3.584034e+01
9.999927e-01 -2.169221e-03 -3.139231e-03 5.786973e+01 2.167516e-03 9.999975e-01 -5.463713e-04 -7.960315e-01 3.140408e-03 5.395623e-04 9.999949e-01 3.500524e+01
9.999977e-01 1.986000e-03 -8.345369e-04 5.781349e+01 -1.985683e-03 9.999980e-01 3.812148e-04 -7.902042e-01 8.352926e-04 -3.795561e-04 9.999996e-01 3.384037e+01
9.999922e-01 -2.393335e-03 -3.146006e-03 5.777205e+01 2.390226e-03 9.999967e-01 -9.914418e-04 -7.669624e-01 3.148368e-03 9.839137e-04 9.999946e-01 3.169464e+01
9.999981e-01 1.944109e-03 -3.439404e-04 5.786995e+01 -1.943991e-03 9.999981e-01 3.424841e-04 -7.462729e-01 3.446059e-04 -3.418141e-04 9.999999e-01 2.982512e+01
9.999928e-01 -2.370419e-03 -2.960207e-03 5.806386e+01 2.368030e-03 9.999969e-01 -8.100186e-04 -7.336718e-01 2.962118e-03 8.030022e-04 9.999953e-01 2.851376e+01
9.999979e-01 1.950399e-03 -6.162086e-04 5.868856e+01 -1.950221e-03 9.999981e-01 2.898574e-04 -7.212387e-01 6.167730e-04 -2.886543e-04 9.999998e-01 2.742540e+01
9.999935e-01 -2.361580e-03 -2.740724e-03 5.877774e+01 2.359631e-03 9.999970e-01 -7.139913e-04 -7.067394e-01 2.742401e-03 7.075188e-04 9.999960e-01 2.590874e+01
9.999966e-01 2.176492e-03 -1.412430e-03 5.858495e+01 -2.175452e-03 9.999974e-01 7.374312e-04 -6.987074e-01 1.414032e-03 -7.343554e-04 9.999987e-01 2.481305e+01
9.999936e-01 -2.336589e-03 -2.705195e-03 5.833685e+01 2.334860e-03 9.999971e-01 -6.419921e-04 -6.891592e-01 2.706687e-03 6.356711e-04 9.999961e-01 2.369347e+01
9.999968e-01 2.185272e-03 -1.302267e-03 5.819259e+01 -2.184389e-03 9.999974e-01 6.788902e-04 -6.837717e-01 1.303747e-03 -6.760427e-04 9.999989e-01 2.275637e+01
9.999932e-01 -2.354831e-03 -2.835865e-03 5.801320e+01 2.352588e-03 9.999969e-01 -7.940897e-04 -6.738213e-01 2.837726e-03 7.874120e-04 9.999957e-01 2.138108e+01
9.999974e-01 2.088517e-03 -9.269051e-04 5.797611e+01 -2.087938e-03 9.999976e-01 6.251549e-04 -6.649407e-01 9.282088e-04 -6.232173e-04 9.999994e-01 2.012587e+01
9.999923e-01 -2.291153e-03 -3.184572e-03 5.769178e+01 2.289888e-03 9.999973e-01 -4.008476e-04 -6.527343e-01 3.185481e-03 3.935515e-04 9.999948e-01 1.968919e+01
9.999975e-01 2.165647e-03 -5.569097e-04 5.790265e+01 -2.165352e-03 9.999975e-01 5.291804e-04 -6.530366e-01 5.580546e-04 -5.279725e-04 9.999997e-01 1.927095e+01
9.999911e-01 -2.417872e-03 -3.446001e-03 5.862014e+01 2.416341e-03 9.999970e-01 -4.480720e-04 -6.513617e-01 3.447074e-03 4.397406e-04 9.999940e-01 1.880201e+01
9.999980e-01 1.978020e-03 7.324913e-05 5.898701e+01 -1.978028e-03 9.999980e-01 1.206807e-04 -6.391120e-01 -7.300999e-05 -1.208247e-04 1.000000e+00 1.766026e+01
9.999908e-01 -2.358447e-03 -3.576799e-03 5.932403e+01 2.357203e-03 9.999972e-01 -3.518904e-04 -6.286963e-01 3.577619e-03 3.434553e-04 9.999935e-01 1.661426e+01
9.999979e-01 2.061439e-03 -1.656631e-04 5.959997e+01 -2.061410e-03 9.999979e-01 1.697321e-04 -6.202974e-01 1.660129e-04 -1.693896e-04 1.000000e+00 1.560302e+01
9.999910e-01 -2.420280e-03 -3.474964e-03 6.002897e+01 2.418853e-03 9.999970e-01 -4.148122e-04 -6.113436e-01 3.475957e-03 4.064024e-04 9.999939e-01 1.467245e+01
9.999977e-01 2.153048e-03 2.846502e-05 6.088056e+01 -2.153057e-03 9.999976e-01 3.191857e-04 -6.185922e-01 -2.777744e-05 -3.192455e-04 9.999999e-01 1.432073e+01
9.999906e-01 -2.492855e-03 -3.555635e-03 6.134337e+01 2.491137e-03 9.999968e-01 -4.876120e-04 -6.136210e-01 3.556839e-03 4.787491e-04 9.999936e-01 1.356935e+01
9.999977e-01 2.144373e-03 4.284168e-05 6.168072e+01 -2.144384e-03 9.999977e-01 2.523485e-04 -6.061222e-01 -4.230017e-05 -2.524392e-04 1.000000e+00 1.266170e+01
9.999905e-01 -2.395001e-03 -3.636579e-03 6.180459e+01 2.393764e-03 9.999971e-01 -3.443498e-04 -6.050709e-01 3.637393e-03 3.356408e-04 9.999933e-01 1.191746e+01
9.999974e-01 2.251628e-03 -3.597280e-04 6.174987e+01 -2.251517e-03 9.999974e-01 3.072420e-04 -6.023485e-01 3.604191e-04 -3.064306e-04 9.999999e-01 1.098304e+01
9.999917e-01 -2.355672e-03 -3.329652e-03 6.171519e+01 2.355216e-03 9.999972e-01 -1.408342e-04 -6.022737e-01 3.329974e-03 1.329903e-04 9.999944e-01 1.056756e+01
9.999972e-01 2.289600e-03 -6.606194e-04 6.192926e+01 -2.289275e-03 9.999973e-01 4.920635e-04 -6.040277e-01 6.617445e-04 -4.905491e-04 9.999997e-01 1.060550e+01
9.999916e-01 -2.431716e-03 -3.307505e-03 6.292400e+01 2.430843e-03 9.999970e-01 -2.680137e-04 -6.007460e-01 3.308146e-03 2.599707e-04 9.999945e-01 1.009912e+01
9.999960e-01 2.796831e-03 3.010558e-04 6.425451e+01 -2.797115e-03 9.999956e-01 9.473749e-04 -6.530144e-01 -2.984045e-04 -9.482126e-04 9.999995e-01 1.094778e+01
9.999948e-01 -2.526913e-03 -1.983926e-03 6.481518e+01 2.524536e-03 9.999961e-01 -1.199513e-03 -7.021941e-01 1.986949e-03 1.194498e-03 9.999973e-01 1.204905e+01
9.999958e-01 2.325691e-03 -1.706090e-03 6.504526e+01 -2.323609e-03 9.999966e-01 1.221068e-03 -7.020597e-01 1.708924e-03 -1.217098e-03 9.999978e-01 1.146399e+01
9.999947e-01 -2.508156e-03 -2.075652e-03 6.519309e+01 2.505462e-03 9.999960e-01 -1.299252e-03 -6.988409e-01 2.078902e-03 1.294044e-03 9.999970e-01 1.063432e+01
9.999958e-01 2.485390e-03 -1.462788e-03 6.596619e+01 -2.483070e-03 9.999957e-01 1.585414e-03 -7.099009e-01 1.466723e-03 -1.581774e-03 9.999977e-01 1.046944e+01
9.999935e-01 -2.710087e-03 -2.363784e-03 6.613878e+01 2.706494e-03 9.999952e-01 -1.521932e-03 -7.076413e-01 2.367897e-03 1.515524e-03 9.999960e-01 9.763161e+00
9.999962e-01 2.393506e-03 -1.354769e-03 6.645932e+01 -2.391562e-03 9.999961e-01 1.434049e-03 -6.988763e-01 1.358197e-03 -1.430803e-03 9.999981e-01 8.798215e+00
9.999931e-01 -2.678097e-03 -2.577133e-03 6.712753e+01 2.674389e-03 9.999954e-01 -1.441254e-03 -6.882280e-01 2.580980e-03 1.434351e-03 9.999956e-01 7.965832e+00
9.999966e-01 2.579206e-03 -2.269837e-04 6.814510e+01 -2.578867e-03 9.999956e-01 1.482414e-03 -7.133378e-01 2.308064e-04 -1.481823e-03 9.999989e-01 8.114519e+00
9.999936e-01 -2.732647e-03 -2.300871e-03 6.914111e+01 2.728738e-03 9.999948e-01 -1.700185e-03 -7.417046e-01 2.305505e-03 1.693895e-03 9.999959e-01 8.382403e+00
9.999958e-01 2.604253e-03 -1.245674e-03 6.995938e+01 -2.601905e-03 9.999948e-01 1.882610e-03 -7.526014e-01 1.250570e-03 -1.879360e-03 9.999975e-01 8.168004e+00
9.999946e-01 -2.650451e-03 -1.932823e-03 7.122719e+01 2.647125e-03 9.999950e-01 -1.720858e-03 -7.784018e-01 1.937374e-03 1.715732e-03 9.999967e-01 8.230658e+00
9.999961e-01 2.758961e-03 -4.023744e-04 7.161407e+01 -2.758168e-03 9.999943e-01 1.958006e-03 -7.860700e-01 4.077744e-04 -1.956888e-03 9.999980e-01 9.127354e+00
9.999968e-01 -2.537613e-03 5.486931e-05 7.230378e+01 2.537754e-03 9.999930e-01 -2.748783e-03 -8.286555e-01 -4.789386e-05 2.748912e-03 9.999962e-01 1.104694e+01
9.999929e-01 2.350894e-03 -2.945236e-03 7.298713e+01 -2.343504e-03 9.999941e-01 2.510012e-03 -8.477660e-01 2.951119e-03 -2.503092e-03 9.999925e-01 1.115124e+01
9.999960e-01 -2.568052e-03 -1.180643e-03 7.288790e+01 2.565056e-03 9.999935e-01 -2.532644e-03 -8.374126e-01 1.187139e-03 2.529605e-03 9.999961e-01 9.931890e+00
9.999944e-01 2.236890e-03 -2.474834e-03 7.355452e+01 -2.230641e-03 9.999943e-01 2.524809e-03 -8.311774e-01 2.480467e-03 -2.519274e-03 9.999938e-01 9.184904e+00
9.999962e-01 -2.454342e-03 -1.272142e-03 7.462252e+01 2.451348e-03 9.999942e-01 -2.349520e-03 -8.345362e-01 1.277901e-03 2.346392e-03 9.999964e-01 8.760466e+00
9.999948e-01 2.377221e-03 -2.173513e-03 7.560471e+01 -2.371714e-03 9.999940e-01 2.532593e-03 -8.553253e-01 2.179521e-03 -2.527425e-03 9.999944e-01 8.747054e+00
9.999953e-01 -2.694243e-03 -1.462611e-03 7.655968e+01 2.690554e-03 9.999932e-01 -2.517657e-03 -8.564050e-01 1.469384e-03 2.513710e-03 9.999958e-01 8.259964e+00
9.999955e-01 2.280936e-03 -1.971406e-03 7.678452e+01 -2.276655e-03 9.999951e-01 2.171279e-03 -8.445223e-01 1.976349e-03 -2.166780e-03 9.999957e-01 6.990362e+00
9.999951e-01 -2.568426e-03 -1.764770e-03 7.679273e+01 2.564172e-03 9.999938e-01 -2.408715e-03 -8.353586e-01 1.770946e-03 2.404177e-03 9.999955e-01 5.700307e+00
9.999958e-01 2.334317e-03 -1.699160e-03 7.749569e+01 -2.330098e-03 9.999942e-01 2.480143e-03 -8.416146e-01 1.704940e-03 -2.476173e-03 9.999955e-01 5.348131e+00
9.999953e-01 -2.531718e-03 -1.745827e-03 7.838753e+01 2.527438e-03 9.999938e-01 -2.448891e-03 -8.514083e-01 1.752015e-03 2.444466e-03 9.999955e-01 5.063350e+00
9.999930e-01 2.174973e-03 -3.053135e-03 7.904774e+01 -2.166667e-03 9.999940e-01 2.721006e-03 -8.065950e-01 3.059035e-03 -2.714371e-03 9.999916e-01 3.095545e+00
9.999921e-01 -3.402787e-03 -2.043825e-03 7.865014e+01 3.397891e-03 9.999914e-01 -2.393858e-03 -7.113690e-01 2.051953e-03 2.386894e-03 9.999950e-01 3.646571e-01
9.999899e-01 2.920364e-03 -3.430325e-03 7.643231e+01 -2.906582e-03 9.999877e-01 4.015655e-03 -6.172557e-01 3.442010e-03 -4.005643e-03 9.999861e-01 -5.508733e-01
9.999894e-01 -3.317193e-03 -3.187119e-03 7.354078e+01 3.310755e-03 9.999925e-01 -2.023246e-03 -4.984795e-01 3.193806e-03 2.012672e-03 9.999929e-01 -1.724387e+00
9.999899e-01 2.142944e-03 -3.940448e-03 7.113712e+01 -2.130240e-03 9.999925e-01 3.225372e-03 -3.485843e-01 3.947330e-03 -3.216945e-03 9.999870e-01 -5.094439e+00
9.999945e-01 -3.060118e-03 -1.242611e-03 7.001067e+01 3.056534e-03 9.999912e-01 -2.876107e-03 -2.673158e-01 1.251401e-03 2.872292e-03 9.999951e-01 -7.690157e+00
9.999932e-01 2.880446e-03 -2.292997e-03 7.106353e+01 -2.873213e-03 9.999909e-01 3.151172e-03 -2.779137e-01 2.302053e-03 -3.144561e-03 9.999924e-01 -7.961738e+00
9.999961e-01 -2.510716e-03 -1.229230e-03 7.299463e+01 2.507666e-03 9.999938e-01 -2.476082e-03 -3.205347e-01 1.235438e-03 2.472989e-03 9.999962e-01 -7.573374e+00
9.999944e-01 2.744845e-03 -1.912800e-03 7.491447e+01 -2.738635e-03 9.999910e-01 3.241562e-03 -3.607952e-01 1.921681e-03 -3.236305e-03 9.999929e-01 -7.213651e+00
9.999970e-01 -2.399423e-03 -5.082192e-04 7.580500e+01 2.397866e-03 9.999925e-01 -3.040813e-03 -4.147847e-01 5.155113e-04 3.039585e-03 9.999952e-01 -6.250462e+00
9.999941e-01 2.765832e-03 -2.025354e-03 7.669460e+01 -2.759190e-03 9.999908e-01 3.274570e-03 -4.623653e-01 2.034393e-03 -3.268962e-03 9.999926e-01 -5.472016e+00
9.999954e-01 -2.626754e-03 -1.490309e-03 7.854305e+01 2.622798e-03 9.999930e-01 -2.650109e-03 -4.932054e-01 1.497260e-03 2.646187e-03 9.999954e-01 -5.315860e+00
9.999942e-01 2.546254e-03 -2.252785e-03 7.972235e+01 -2.539094e-03 9.999917e-01 3.175381e-03 -5.088839e-01 2.260852e-03 -3.169642e-03 9.999924e-01 -5.436855e+00
9.999954e-01 -2.642757e-03 -1.504699e-03 8.085803e+01 2.638726e-03 9.999929e-01 -2.674324e-03 -5.172344e-01 1.511756e-03 2.670340e-03 9.999953e-01 -5.647774e+00
9.999947e-01 2.567878e-03 -2.003835e-03 8.214409e+01 -2.561817e-03 9.999922e-01 3.020988e-03 -5.255006e-01 2.011577e-03 -3.015838e-03 9.999934e-01 -5.850189e+00
9.999958e-01 -2.598883e-03 -1.289465e-03 8.310838e+01 2.595294e-03 9.999928e-01 -2.777353e-03 -5.450398e-01 1.296674e-03 2.773994e-03 9.999953e-01 -5.784313e+00
9.999948e-01 2.771307e-03 -1.677322e-03 8.468068e+01 -2.765882e-03 9.999910e-01 3.228016e-03 -5.859148e-01 1.686253e-03 -3.223359e-03 9.999934e-01 -5.348987e+00
9.999947e-01 -2.905287e-03 -1.472244e-03 8.570791e+01 2.900580e-03 9.999907e-01 -3.189569e-03 -6.074826e-01 1.481496e-03 3.185281e-03 9.999938e-01 -5.332944e+00
9.999946e-01 2.790592e-03 -1.741776e-03 8.633644e+01 -2.784975e-03 9.999909e-01 3.219047e-03 -6.225479e-01 1.750744e-03 -3.214178e-03 9.999933e-01 -5.410779e+00
9.999955e-01 -2.665817e-03 -1.368374e-03 8.744964e+01 2.661843e-03 9.999923e-01 -2.897608e-03 -6.556988e-01 1.376088e-03 2.893952e-03 9.999949e-01 -5.033672e+00
9.999944e-01 2.829793e-03 -1.790310e-03 8.857699e+01 -2.823903e-03 9.999906e-01 3.283931e-03 -6.894753e-01 1.799586e-03 -3.278856e-03 9.999930e-01 -4.626305e+00
9.999956e-01 -2.648309e-03 -1.311765e-03 8.982365e+01 2.644463e-03 9.999922e-01 -2.924538e-03 -7.206605e-01 1.319500e-03 2.921055e-03 9.999949e-01 -4.279414e+00
9.999939e-01 3.017583e-03 -1.735188e-03 9.183384e+01 -3.011482e-03 9.999893e-01 3.507590e-03 -7.620225e-01 1.745755e-03 -3.502343e-03 9.999923e-01 -3.803106e+00
9.999938e-01 -2.795077e-03 -2.130512e-03 9.465980e+01 2.789822e-03 9.999931e-01 -2.465567e-03 -7.752773e-01 2.137388e-03 2.459608e-03 9.999947e-01 -4.004677e+00
9.999957e-01 2.822624e-03 -8.329213e-04 9.719527e+01 -2.819905e-03 9.999908e-01 3.247488e-03 -8.091674e-01 8.420802e-04 -3.245125e-03 9.999944e-01 -3.602763e+00
9.999969e-01 -1.952279e-03 -1.553238e-03 9.913060e+01 1.947542e-03 9.999935e-01 -3.045053e-03 -8.833318e-01 1.559172e-03 3.042018e-03 9.999942e-01 -2.027080e+00
9.999956e-01 2.597549e-03 -1.434580e-03 1.006695e+02 -2.592750e-03 9.999911e-01 3.336911e-03 -9.363589e-01 1.443235e-03 -3.333176e-03 9.999934e-01 -1.043728e+00
9.999914e-01 -2.213474e-03 -3.495721e-03 1.041163e+02 2.206762e-03 9.999957e-01 -1.922491e-03 -9.489872e-01 3.499961e-03 1.914760e-03 9.999920e-01 -1.508660e+00
9.999975e-01 2.239040e-03 -1.236723e-04 1.075461e+02 -2.238627e-03 9.999922e-01 3.243818e-03 -9.771323e-01 1.309346e-04 -3.243533e-03 9.999947e-01 -1.578791e+00
9.999922e-01 -2.465522e-03 -3.073888e-03 1.092181e+02 2.457142e-03 9.999933e-01 -2.726841e-03 -9.972750e-01 3.080590e-03 2.719266e-03 9.999916e-01 -1.624372e+00
9.999969e-01 2.357952e-03 -8.457878e-04 1.106241e+02 -2.355303e-03 9.999924e-01 3.119255e-03 -9.989731e-01 8.531366e-04 -3.117252e-03 9.999948e-01 -2.113823e+00
9.999937e-01 -2.759749e-03 -2.247518e-03 1.114418e+02 2.753436e-03 9.999923e-01 -2.806632e-03 -1.017512e+00 2.255246e-03 2.800425e-03 9.999935e-01 -2.065261e+00
9.999943e-01 3.182921e-03 -1.118597e-03 1.123170e+02 -3.179367e-03 9.999899e-01 3.164820e-03 -1.058126e+00 1.128659e-03 -3.161245e-03 9.999944e-01 -1.449727e+00
9.999919e-01 -3.192477e-03 -2.433589e-03 1.133760e+02 3.185502e-03 9.999908e-01 -2.864689e-03 -1.074285e+00 2.442712e-03 2.856913e-03 9.999929e-01 -1.536428e+00
9.999954e-01 2.929885e-03 -7.455507e-04 1.135912e+02 -2.927793e-03 9.999918e-01 2.791270e-03 -1.075453e+00 7.537229e-04 -2.789074e-03 9.999958e-01 -1.862314e+00
9.999931e-01 -3.086533e-03 -2.043111e-03 1.139199e+02 3.080080e-03 9.999903e-01 -3.153544e-03 -1.084211e+00 2.052825e-03 3.147229e-03 9.999929e-01 -1.779699e+00
9.999954e-01 3.017202e-03 -4.092078e-04 1.142863e+02 -3.016022e-03 9.999914e-01 2.854003e-03 -1.101433e+00 4.178157e-04 -2.852755e-03 9.999958e-01 -1.333143e+00
9.999931e-01 -2.743573e-03 -2.492468e-03 1.152427e+02 2.736823e-03 9.999926e-01 -2.707414e-03 -1.137890e+00 2.499877e-03 2.700573e-03 9.999932e-01 -6.806433e-01
9.999958e-01 2.871960e-03 -3.531388e-04 1.159644e+02 -2.871004e-03 9.999923e-01 2.678941e-03 -1.171339e+00 3.608302e-04 -2.677915e-03 9.999963e-01 -5.408228e-02
9.999912e-01 -3.153556e-03 -2.780754e-03 1.169972e+02 3.145800e-03 9.999912e-01 -2.789212e-03 -1.178755e+00 2.789525e-03 2.780439e-03 9.999922e-01 -2.846852e-01
