9.999968e-01 4.081243e-04 -2.492106e-03 5.953124e-01 -4.087857e-04 9.999999e-01 -2.648905e-04 -4.068839e-02 2.491998e-03 2.659076e-04 9.999969e-01 1.213210e+00
9.999999e-01 -1.056485e-04 -3.267273e-04 1.159363e+00 1.057196e-04 1.000000e+00 2.173100e-04 -8.174891e-02 3.267046e-04 -2.173438e-04 9.999999e-01 2.076108e+00
9.999964e-01 2.915224e-04 -2.678316e-03 1.562271e+00 -2.921122e-04 9.999999e-01 -2.198274e-04 -1.181430e-01 2.678251e-03 2.206082e-04 9.999964e-01 2.753251e+00
9.999999e-01 -1.154991e-04 -4.459154e-04 1.996756e+00 1.156289e-04 1.000000e+00 2.909392e-04 -1.516642e-01 4.458822e-04 -2.909900e-04 9.999999e-01 3.324347e+00
9.999972e-01 3.122510e-04 -2.349058e-03 2.418613e+00 -3.131340e-04 9.999999e-01 -3.755243e-04 -1.900960e-01 2.348940e-03 3.762581e-04 9.999972e-01 4.110655e+00
9.999999e-01 -1.099312e-04 -3.484720e-04 2.851976e+00 1.100208e-04 1.000000e+00 2.569522e-04 -2.298006e-01 3.484441e-04 -2.569898e-04 9.999999e-01 4.935878e+00
9.999960e-01 1.589920e-04 -2.830977e-03 3.345205e+00 -1.598240e-04 9.999999e-01 -2.936538e-04 -2.560193e-01 2.830930e-03 2.941044e-04 9.999959e-01 5.274575e+00
9.999998e-01 -4.191544e-04 -3.651245e-04 3.948248e+00 4.191778e-04 9.999999e-01 6.388511e-05 -2.640305e-01 3.650980e-04 -6.403744e-05 9.999999e-01 5.000840e+00
9.999971e-01 2.046008e-04 -2.403236e-03 4.477693e+00 -2.056662e-04 9.999999e-01 -4.430651e-04 -2.779856e-01 2.403145e-03 4.435574e-04 9.999970e-01 4.986078e+00
9.999999e-01 -2.749370e-04 -3.980063e-04 4.814383e+00 2.750716e-04 9.999999e-01 3.381720e-04 -2.936662e-01 3.979137e-04 -3.382807e-04 9.999999e-01 5.378011e+00
9.999929e-01 3.240325e-04 -3.755737e-03 5.364581e+00 -3.257955e-04 9.999998e-01 -4.688007e-04 -2.940353e-01 3.755584e-03 4.700202e-04 9.999928e-01 4.898720e+00
9.999996e-01 -5.746175e-04 -6.373331e-04 5.982275e+00 5.748385e-04 9.999998e-01 3.466328e-04 -2.732842e-01 6.371341e-04 -3.469983e-04 9.999997e-01 3.590641e+00
9.999970e-01 1.599235e-04 -2.463813e-03 6.492774e+00 -1.606546e-04 9.999999e-01 -2.965248e-04 -2.719955e-01 2.463765e-03 2.969190e-04 9.999969e-01 3.053251e+00
1.000000e+00 4.035621e-05 8.028371e-05 6.648109e+00 -4.035708e-05 1.000000e+00 1.132730e-05 -3.015790e-01 -8.028291e-05 -1.132983e-05 1.000000e+00 4.147120e+00
9.999956e-01 9.612165e-05 -2.953024e-03 6.768016e+00 -9.615790e-05 1.000000e+00 -1.212012e-05 -3.102952e-01 2.953023e-03 1.240331e-05 9.999956e-01 5.416072e+00
9.999987e-01 -2.643909e-04 -1.566412e-03 8.641033e+00 2.647468e-04 9.999999e-01 2.270314e-04 -2.866509e-01 1.566352e-03 -2.274451e-04 9.999987e-01 4.190288e+00
9.999913e-01 -1.068303e-03 -4.023093e-03 1.213734e+01 1.067927e-03 9.999994e-01 -9.540646e-05 -1.674500e-01 4.023192e-03 9.110855e-05 9.999919e-01 -1.246007e-01
9.999982e-01 -8.023355e-04 -1.698628e-03 1.590562e+01 8.020032e-04 9.999997e-01 -1.963256e-04 -7.817814e-03 1.698786e-03 1.949637e-04 9.999985e-01 -6.163498e+00
9.999914e-01 -7.007105e-04 -4.089024e-03 1.912986e+01 7.015177e-04 9.999997e-01 1.959918e-04 1.250967e-01 4.088886e-03 -1.988594e-04 9.999916e-01 -1.122502e+01
9.999981e-01 -1.323260e-03 -1.410505e-03 2.332902e+01 1.322148e-03 9.999988e-01 -7.897085e-04 2.903404e-01 1.411549e-03 7.878429e-04 9.999987e-01 -1.730124e+01
9.999923e-01 -7.176334e-04 -3.851163e-03 2.725311e+01 7.181948e-04 9.999997e-01 1.444071e-04 4.515283e-01 3.851058e-03 -1.471726e-04 9.999926e-01 -2.338938e+01
9.999971e-01 -1.505508e-03 -1.904349e-03 3.204899e+01 1.504117e-03 9.999986e-01 -7.314890e-04 6.403771e-01 1.905448e-03 7.286232e-04 9.999979e-01 -3.027221e+01
9.999926e-01 -1.136364e-03 -3.667821e-03 3.744487e+01 1.136036e-03 9.999994e-01 -9.151744e-05 8.502725e-01 3.667923e-03 8.734928e-05 9.999933e-01 -3.783117e+01
9.999981e-01 -2.684942e-04 -1.946671e-03 4.131113e+01 2.698052e-04 9.999997e-01 6.731831e-04 9.751938e-01 1.946490e-03 -6.737063e-04 9.999979e-01 -4.238482e+01
9.999906e-01 -1.501935e-03 -4.055797e-03 4.526542e+01 1.498663e-03 9.999985e-01 -8.096029e-04 1.125721e+00 4.057006e-03 8.035164e-04 9.999914e-01 -4.793800e+01
9.999989e-01 -7.423208e-04 -1.258406e-03 4.960498e+01 7.422555e-04 9.999997e-01 -5.242055e-05 1.311928e+00 1.258445e-03 5.148715e-05 9.999992e-01 -5.499102e+01
9.999864e-01 -1.339480e-03 -5.048341e-03 5.395907e+01 1.339103e-03 9.999991e-01 -7.803159e-05 1.505022e+00 5.048441e-03 7.126957e-05 9.999873e-01 -6.226666e+01
9.999989e-01 -8.145391e-04 -1.225370e-03 5.831319e+01 8.142314e-04 9.999996e-01 -2.516299e-04 1.693174e+00 1.225575e-03 2.506326e-04 9.999992e-01 -6.936791e+01
9.999892e-01 -1.359084e-03 -4.446420e-03 6.244430e+01 1.356569e-03 9.999989e-01 -5.686314e-04 1.864126e+00 4.447188e-03 5.625927e-04 9.999900e-01 -7.591041e+01
9.999984e-01 -4.651054e-04 -1.720269e-03 6.687018e+01 4.654010e-04 9.999999e-01 1.713874e-04 2.049917e+00 1.720189e-03 -1.721870e-04 9.999985e-01 -8.290516e+01
9.999870e-01 -1.453333e-03 -4.877941e-03 7.122483e+01 1.453166e-03 9.999989e-01 -3.769506e-05 2.225951e+00 4.877990e-03 3.060541e-05 9.999881e-01 -8.950599e+01
9.999981e-01 -1.466893e-04 -1.945610e-03 7.521323e+01 1.471639e-04 1.000000e+00 2.437370e-04 2.390106e+00 1.945575e-03 -2.440221e-04 9.999981e-01 -9.571299e+01
9.999886e-01 -1.154171e-03 -4.637325e-03 7.859002e+01 1.155826e-03 9.999993e-01 3.542624e-04 2.537717e+00 4.636912e-03 -3.596189e-04 9.999892e-01 -1.013878e+02
9.999975e-01 -1.026739e-04 -2.237622e-03 8.192449e+01 1.026771e-04 1.000000e+00 1.259345e-06 2.689429e+00 2.237622e-03 -1.488391e-06 9.999975e-01 -1.072624e+02
9.999872e-01 -1.208722e-03 -4.912687e-03 8.355497e+01 1.214389e-03 9.999986e-01 1.150798e-03 2.826033e+00 4.911289e-03 -1.156749e-03 9.999873e-01 -1.118683e+02
9.999958e-01 -5.578647e-04 -2.837318e-03 8.747390e+01 5.571137e-04 9.999998e-01 -2.655091e-04 3.020338e+00 2.837466e-03 2.639279e-04 9.999959e-01 -1.185212e+02
9.999824e-01 -8.974405e-04 -5.858617e-03 8.988845e+01 9.095100e-04 9.999975e-01 2.057803e-03 3.185944e+00 5.856755e-03 -2.063096e-03 9.999807e-01 -1.233994e+02
9.999969e-01 -5.092618e-04 -2.427683e-03 9.401730e+01 5.066818e-04 9.999993e-01 -1.063238e-03 3.374621e+00 2.428223e-03 1.062006e-03 9.999965e-01 -1.299145e+02
9.999848e-01 -1.550213e-03 -5.284417e-03 1.000403e+02 1.559064e-03 9.999974e-01 1.671127e-03 3.585166e+00 5.281812e-03 -1.679341e-03 9.999846e-01 -1.370509e+02
9.999983e-01 -3.759141e-04 -1.804598e-03 1.056006e+02 3.738047e-04 9.999992e-01 -1.169155e-03 3.773922e+00 1.805037e-03 1.168479e-03 9.999977e-01 -1.437025e+02
9.999876e-01 -1.163156e-03 -4.845760e-03 1.102416e+02 1.169313e-03 9.999985e-01 1.267928e-03 3.963567e+00 4.844278e-03 -1.273579e-03 9.999875e-01 -1.507997e+02
9.999977e-01 -3.404698e-04 -2.136280e-03 1.150460e+02 3.388781e-04 9.999997e-01 -7.454619e-04 4.140437e+00 2.136534e-03 7.447369e-04 9.999974e-01 -1.571647e+02
9.999828e-01 -7.907654e-04 -5.806292e-03 1.184045e+02 7.985136e-04 9.999988e-01 1.332271e-03 4.322980e+00 5.805231e-03 -1.336885e-03 9.999823e-01 -1.642790e+02
9.999989e-01 -7.007299e-04 -1.278414e-03 1.206583e+02 6.997989e-04 9.999995e-01 -7.286989e-04 4.515831e+00 1.278924e-03 7.278042e-04 9.999989e-01 -1.715708e+02
9.999727e-01 -6.860958e-04 -7.356105e-03 1.192705e+02 7.043144e-04 9.999967e-01 2.474362e-03 4.696947e+00 7.354382e-03 -2.479476e-03 9.999699e-01 -1.766398e+02
9.999990e-01 -4.641479e-05 -1.413700e-03 1.189055e+02 4.460953e-05 9.999992e-01 -1.277062e-03 4.846022e+00 1.413758e-03 1.276999e-03 9.999982e-01 -1.815555e+02
9.999730e-01 -7.869409e-04 -7.310742e-03 1.183298e+02 8.062292e-04 9.999962e-01 2.635800e-03 4.987732e+00 7.308639e-03 -2.641623e-03 9.999698e-01 -1.861050e+02
9.999998e-01 5.005440e-04 -2.762544e-04 1.170774e+02 -5.007021e-04 9.999997e-01 -5.727905e-04 5.096101e+00 2.759680e-04 5.729294e-04 9.999998e-01 -1.875791e+02
9.999834e-01 -1.344960e-03 -5.598387e-03 1.162079e+02 1.353854e-03 9.999978e-01 1.585184e-03 5.167427e+00 5.596242e-03 -1.592738e-03 9.999831e-01 -1.886391e+02
9.999982e-01 1.319337e-03 -1.388115e-03 1.158640e+02 -1.320076e-03 9.999990e-01 -5.319290e-04 5.235120e+00 1.387412e-03 5.337611e-04 9.999989e-01 -1.910846e+02
9.999909e-01 -1.856229e-03 -3.840075e-03 1.157698e+02 1.860927e-03 9.999975e-01 1.220266e-03 5.270241e+00 3.837800e-03 -1.227402e-03 9.999919e-01 -1.927570e+02
9.999972e-01 2.183311e-03 9.394604e-04 1.165035e+02 -2.182412e-03 9.999972e-01 -9.559821e-04 5.231005e+00 -9.415446e-04 9.539298e-04 9.999991e-01 -1.920092e+02
9.999849e-01 -2.365193e-03 -4.965768e-03 1.174031e+02 2.371870e-03 9.999963e-01 1.339165e-03 5.228065e+00 4.962582e-03 -1.350924e-03 9.999868e-01 -1.923707e+02
9.999962e-01 2.311874e-03 1.481384e-03 1.174587e+02 -2.310398e-03 9.999968e-01 -9.973871e-04 5.214833e+00 -1.483684e-03 9.939615e-04 9.999984e-01 -1.923016e+02
9.999850e-01 -2.358499e-03 -4.935697e-03 1.172690e+02 2.364908e-03 9.999964e-01 1.293236e-03 5.210031e+00 4.932628e-03 -1.304890e-03 9.999870e-01 -1.919810e+02
9.999922e-01 2.585351e-03 2.976870e-03 1.174326e+02 -2.580716e-03 9.999955e-01 -1.560020e-03 5.179104e+00 -2.980889e-03 1.552326e-03 9.999944e-01 -1.908762e+02
9.999838e-01 -2.452363e-03 -5.138569e-03 1.177421e+02 2.459479e-03 9.999960e-01 1.379052e-03 5.144576e+00 5.135167e-03 -1.391668e-03 9.999858e-01 -1.899295e+02
9.999940e-01 2.495782e-03 2.381562e-03 1.177014e+02 -2.492659e-03 9.999960e-01 -1.313169e-03 5.130580e+00 -2.384830e-03 1.307225e-03 9.999963e-01 -1.893120e+02
9.999797e-01 -2.511835e-03 -5.847349e-03 1.174457e+02 2.522045e-03 9.999953e-01 1.739484e-03 5.132031e+00 5.842952e-03 -1.754197e-03 9.999814e-01 -1.889478e+02
9.999955e-01 2.424463e-03 1.778970e-03 1.170699e+02 -2.422394e-03 9.999964e-01 -1.163694e-03 5.142823e+00 -1.781785e-03 1.159380e-03 9.999977e-01 -1.889240e+02
9.999803e-01 -2.437469e-03 -5.789156e-03 1.163024e+02 2.448510e-03 9.999952e-01 1.900793e-03 5.167621e+00 5.784495e-03 -1.914931e-03 9.999814e-01 -1.889150e+02
9.999947e-01 2.283105e-03 2.307793e-03 1.155063e+02 -2.280263e-03 9.999966e-01 -1.233478e-03 5.194005e+00 -2.310602e-03 1.228210e-03 9.999966e-01 -1.886383e+02
9.999801e-01 -2.354047e-03 -5.852260e-03 1.157676e+02 2.362787e-03 9.999961e-01 1.487053e-03 5.190689e+00 5.848737e-03 -1.500851e-03 9.999818e-01 -1.885740e+02
9.999936e-01 2.322753e-03 2.726412e-03 1.161163e+02 -2.319142e-03 9.999964e-01 -1.326922e-03 5.179383e+00 -2.729484e-03 1.320592e-03 9.999954e-01 -1.883371e+02
9.999805e-01 -2.248729e-03 -5.825626e-03 1.164480e+02 2.257475e-03 9.999963e-01 1.495256e-03 5.163600e+00 5.822242e-03 -1.508379e-03 9.999819e-01 -1.879971e+02
9.999928e-01 2.485620e-03 2.864562e-03 1.173118e+02 -2.481635e-03 9.999959e-01 -1.393718e-03 5.125544e+00 -2.868015e-03 1.386600e-03 9.999949e-01 -1.873173e+02
9.999788e-01 -2.299983e-03 -6.091041e-03 1.180779e+02 2.310613e-03 9.999958e-01 1.738727e-03 5.093189e+00 6.087016e-03 -1.752765e-03 9.999799e-01 -1.869319e+02
9.999937e-01 2.216291e-03 2.766628e-03 1.184158e+02 -2.212236e-03 9.999965e-01 -1.468008e-03 5.081943e+00 -2.769871e-03 1.461879e-03 9.999951e-01 -1.868811e+02
9.999773e-01 -2.314907e-03 -6.321541e-03 1.190238e+02 2.325142e-03 9.999960e-01 1.612193e-03 5.075606e+00 6.317784e-03 -1.626855e-03 9.999787e-01 -1.871194e+02
9.999930e-01 2.382685e-03 2.897343e-03 1.199097e+02 -2.379257e-03 9.999965e-01 -1.186301e-03 5.051967e+00 -2.900159e-03 1.179400e-03 9.999951e-01 -1.870108e+02
9.999784e-01 -2.470703e-03 -6.082980e-03 1.204123e+02 2.478390e-03 9.999961e-01 1.256523e-03 5.041918e+00 6.079852e-03 -1.271573e-03 9.999807e-01 -1.870166e+02
9.999936e-01 2.313905e-03 2.741034e-03 1.207818e+02 -2.310378e-03 9.999965e-01 -1.289148e-03 5.039006e+00 -2.744007e-03 1.282808e-03 9.999954e-01 -1.875501e+02
9.999806e-01 -2.479146e-03 -5.720196e-03 1.210145e+02 2.485531e-03 9.999963e-01 1.109385e-03 5.029989e+00 5.717424e-03 -1.123582e-03 9.999830e-01 -1.877351e+02
9.999945e-01 2.368788e-03 2.337459e-03 1.214088e+02 -2.366148e-03 9.999966e-01 -1.131585e-03 5.020552e+00 -2.340131e-03 1.126049e-03 9.999966e-01 -1.880085e+02
9.999798e-01 -2.554337e-03 -5.818780e-03 1.215766e+02 2.560978e-03 9.999961e-01 1.134285e-03 5.021014e+00 5.815860e-03 -1.149164e-03 9.999824e-01 -1.887410e+02
9.999945e-01 2.385013e-03 2.319538e-03 1.220573e+02 -2.382469e-03 9.999966e-01 -1.098784e-03 5.019092e+00 -2.322150e-03 1.093252e-03 9.999967e-01 -1.892879e+02
9.999791e-01 -2.653070e-03 -5.889142e-03 1.222703e+02 2.659410e-03 9.999959e-01 1.068893e-03 5.021841e+00 5.886282e-03 -1.084533e-03 9.999821e-01 -1.900375e+02
9.999944e-01 2.422134e-03 2.329539e-03 1.224953e+02 -2.419356e-03 9.999964e-01 -1.194472e-03 5.025492e+00 -2.332424e-03 1.188830e-03 9.999966e-01 -1.908233e+02
9.999785e-01 -2.714759e-03 -5.972342e-03 1.226720e+02 2.720897e-03 9.999958e-01 1.019868e-03 5.034039e+00 5.969547e-03 -1.036097e-03 9.999816e-01 -1.919267e+02
9.999942e-01 2.456949e-03 2.379203e-03 1.229641e+02 -2.454453e-03 9.999964e-01 -1.051185e-03 5.040819e+00 -2.381777e-03 1.045340e-03 9.999966e-01 -1.928208e+02
9.999778e-01 -2.648070e-03 -6.109790e-03 1.233421e+02 2.655440e-03 9.999958e-01 1.198381e-03 5.044932e+00 6.106590e-03 -1.214579e-03 9.999806e-01 -1.935106e+02
9.999934e-01 2.454286e-03 2.684584e-03 1.234374e+02 -2.452057e-03 9.999966e-01 -8.331093e-04 5.048496e+00 -2.686619e-03 8.265217e-04 9.999960e-01 -1.937515e+02
9.999773e-01 -2.583175e-03 -6.228996e-03 1.231191e+02 2.590624e-03 9.999959e-01 1.188080e-03 5.056955e+00 6.225901e-03 -1.204191e-03 9.999799e-01 -1.937495e+02
9.999920e-01 2.539104e-03 3.096555e-03 1.230756e+02 -2.535813e-03 9.999962e-01 -1.066174e-03 5.051014e+00 -3.099250e-03 1.058314e-03 9.999946e-01 -1.934669e+02
9.999721e-01 -2.663593e-03 -6.974264e-03 1.226457e+02 2.674083e-03 9.999953e-01 1.495279e-03 5.064372e+00 6.970249e-03 -1.513888e-03 9.999746e-01 -1.934392e+02
9.999886e-01 2.762850e-03 3.898759e-03 1.226647e+02 -2.757140e-03 9.999951e-01 -1.469274e-03 5.060017e+00 -3.902799e-03 1.458508e-03 9.999913e-01 -1.927768e+02
9.999717e-01 -2.898570e-03 -6.945284e-03 1.225721e+02 2.909300e-03 9.999946e-01 1.535425e-03 5.060761e+00 6.940795e-03 -1.555588e-03 9.999747e-01 -1.922031e+02
9.999919e-01 2.776181e-03 2.899878e-03 1.221008e+02 -2.773381e-03 9.999957e-01 -9.692353e-04 5.075094e+00 -2.902556e-03 9.611857e-04 9.999953e-01 -1.921536e+02
9.999740e-01 -2.834658e-03 -6.633854e-03 1.219183e+02 2.843441e-03 9.999951e-01 1.314872e-03 5.081438e+00 6.630094e-03 -1.333701e-03 9.999771e-01 -1.920819e+02
9.999888e-01 2.794357e-03 3.814489e-03 1.219879e+02 -2.790029e-03 9.999955e-01 -1.139302e-03 5.078912e+00 -3.817655e-03 1.128647e-03 9.999921e-01 -1.914434e+02
9.999680e-01 -2.952670e-03 -7.433101e-03 1.221716e+02 2.963305e-03 9.999946e-01 1.420087e-03 5.086654e+00 7.428868e-03 -1.442069e-03 9.999714e-01 -1.915912e+02
9.999898e-01 2.869955e-03 3.475673e-03 1.226076e+02 -2.866415e-03 9.999954e-01 -1.023192e-03 5.085742e+00 -3.478593e-03 1.013219e-03 9.999934e-01 -1.916124e+02
9.999748e-01 -2.694216e-03 -6.568810e-03 1.230402e+02 2.702548e-03 9.999956e-01 1.259793e-03 5.057893e+00 6.565387e-03 -1.277514e-03 9.999776e-01 -1.910906e+02
9.999900e-01 2.830095e-03 3.451084e-03 1.232950e+02 -2.826335e-03 9.999954e-01 -1.094038e-03 5.034618e+00 -3.454164e-03 1.084274e-03 9.999934e-01 -1.907064e+02
9.999684e-01 -2.806841e-03 -7.439007e-03 1.236682e+02 2.818610e-03 9.999948e-01 1.572042e-03 5.027450e+00 7.434556e-03 -1.592961e-03 9.999711e-01 -1.907051e+02
9.999890e-01 2.847448e-03 3.727773e-03 1.237992e+02 -2.843106e-03 9.999953e-01 -1.169619e-03 5.022324e+00 -3.731085e-03 1.159009e-03 9.999924e-01 -1.904544e+02
9.999680e-01 -2.827107e-03 -7.489930e-03 1.242582e+02 2.838748e-03 9.999948e-01 1.543989e-03 5.009707e+00 7.485525e-03 -1.565203e-03 9.999708e-01 -1.904341e+02
9.999901e-01 2.821478e-03 3.434718e-03 1.245733e+02 -2.817583e-03 9.999954e-01 -1.138376e-03 5.011231e+00 -3.437914e-03 1.128687e-03 9.999935e-01 -1.904336e+02
9.999673e-01 -3.028596e-03 -7.494218e-03 1.249767e+02 3.039045e-03 9.999944e-01 1.383301e-03 5.026969e+00 7.489986e-03 -1.406032e-03 9.999710e-01 -1.904906e+02
9.999879e-01 3.001056e-03 3.899107e-03 1.256655e+02 -2.997608e-03 9.999951e-01 -8.898703e-04 5.009707e+00 -3.901758e-03 8.781722e-04 9.999920e-01 -1.903853e+02
9.999755e-01 -2.819049e-03 -6.402447e-03 1.258812e+02 2.824639e-03 9.999956e-01 8.642983e-04 4.980845e+00 6.399982e-03 -8.823624e-04 9.999791e-01 -1.895887e+02
9.999921e-01 2.938178e-03 2.672876e-03 1.265082e+02 -2.937054e-03 9.999956e-01 -4.243535e-04 4.967983e+00 -2.674111e-03 4.165005e-04 9.999963e-01 -1.895264e+02
9.999705e-01 -2.939802e-03 -7.094385e-03 1.276661e+02 2.948568e-03 9.999949e-01 1.225456e-03 4.961437e+00 7.090746e-03 -1.246339e-03 9.999741e-01 -1.897431e+02
9.999911e-01 2.955048e-03 3.022416e-03 1.288985e+02 -2.953595e-03 9.999955e-01 -4.848679e-04 4.947287e+00 -3.023835e-03 4.759373e-04 9.999953e-01 -1.898202e+02
9.999709e-01 -3.089692e-03 -6.978148e-03 1.291837e+02 3.096647e-03 9.999947e-01 9.860114e-04 4.950429e+00 6.975064e-03 -1.007592e-03 9.999752e-01 -1.897272e+02
9.999910e-01 3.017394e-03 2.993280e-03 1.291962e+02 -3.015466e-03 9.999952e-01 -6.483356e-04 4.966943e+00 -2.995222e-03 6.393043e-04 9.999953e-01 -1.894024e+02
9.999708e-01 -3.269780e-03 -6.906694e-03 1.295470e+02 3.277150e-03 9.999941e-01 1.056124e-03 4.974837e+00 6.903199e-03 -1.078728e-03 9.999756e-01 -1.892701e+02
9.999904e-01 3.256628e-03 2.931906e-03 1.297384e+02 -3.254618e-03 9.999945e-01 -6.899929e-04 4.980482e+00 -2.934137e-03 6.804447e-04 9.999955e-01 -1.891098e+02
9.999716e-01 -3.301069e-03 -6.768648e-03 1.305802e+02 3.309209e-03 9.999938e-01 1.191667e-03 4.970645e+00 6.764672e-03 -1.214033e-03 9.999764e-01 -1.891684e+02
9.999905e-01 3.235211e-03 2.929663e-03 1.314525e+02 -3.233004e-03 9.999945e-01 -7.576669e-04 4.961344e+00 -2.932097e-03 7.481888e-04 9.999954e-01 -1.892973e+02
9.999720e-01 -3.301557e-03 -6.714723e-03 1.321689e+02 3.309236e-03 9.999939e-01 1.132904e-03 4.955253e+00 6.710942e-03 -1.155093e-03 9.999768e-01 -1.893425e+02
9.999880e-01 3.227467e-03 3.695677e-03 1.319541e+02 -3.223528e-03 9.999942e-01 -1.071334e-03 4.978095e+00 -3.699113e-03 1.059408e-03 9.999926e-01 -1.883421e+02
9.999705e-01 -3.074092e-03 -7.038386e-03 1.325980e+02 3.083974e-03 9.999943e-01 1.393544e-03 4.960973e+00 7.034062e-03 -1.415210e-03 9.999743e-01 -1.879623e+02
9.999902e-01 3.091092e-03 3.178830e-03 1.336153e+02 -3.088641e-03 9.999949e-01 -7.758662e-04 4.948686e+00 -3.181212e-03 7.660410e-04 9.999946e-01 -1.880278e+02
9.999702e-01 -3.218678e-03 -7.017446e-03 1.347454e+02 3.228038e-03 9.999939e-01 1.322910e-03 4.939734e+00 7.013145e-03 -1.345523e-03 9.999745e-01 -1.882387e+02
9.999903e-01 3.117461e-03 3.119030e-03 1.355139e+02 -3.114424e-03 9.999947e-01 -9.782302e-04 4.936451e+00 -3.122062e-03 9.685074e-04 9.999947e-01 -1.885023e+02
9.999689e-01 -3.275218e-03 -7.169102e-03 1.364220e+02 3.285085e-03 9.999937e-01 1.365060e-03 4.937133e+00 7.164586e-03 -1.388569e-03 9.999734e-01 -1.889147e+02
9.999901e-01 3.150948e-03 3.143117e-03 1.373312e+02 -3.148024e-03 9.999946e-01 -9.349646e-04 4.935482e+00 -3.146046e-03 9.250614e-04 9.999946e-01 -1.892748e+02
9.999699e-01 -3.242436e-03 -7.053129e-03 1.381017e+02 3.252258e-03 9.999938e-01 1.381707e-03 4.928450e+00 7.048604e-03 -1.404604e-03 9.999742e-01 -1.894753e+02
9.999904e-01 3.154346e-03 3.039253e-03 1.388473e+02 -3.151484e-03 9.999946e-01 -9.457824e-04 4.925091e+00 -3.042219e-03 9.361959e-04 9.999949e-01 -1.897570e+02
9.999701e-01 -3.266381e-03 -7.014088e-03 1.397396e+02 3.276293e-03 9.999936e-01 1.402200e-03 4.920171e+00 7.009463e-03 -1.425139e-03 9.999744e-01 -1.900367e+02
9.999905e-01 3.148392e-03 3.011756e-03 1.406685e+02 -3.145603e-03 9.999946e-01 -9.302818e-04 4.916200e+00 -3.014668e-03 9.207998e-04 9.999950e-01 -1.903461e+02
9.999700e-01 -3.256078e-03 -7.024710e-03 1.415372e+02 3.265668e-03 9.999938e-01 1.354191e-03 4.912531e+00 7.020256e-03 -1.377091e-03 9.999744e-01 -1.906547e+02
9.999858e-01 3.400281e-03 4.091300e-03 1.416577e+02 -3.395691e-03 9.999936e-01 -1.128299e-03 4.899681e+00 -4.095110e-03 1.114391e-03 9.999910e-01 -1.899223e+02
9.999750e-01 -3.497200e-03 -6.142593e-03 1.410142e+02 3.504339e-03 9.999932e-01 1.151764e-03 4.914407e+00 6.138523e-03 -1.173262e-03 9.999805e-01 -1.887326e+02
9.999897e-01 3.322110e-03 3.105558e-03 1.404821e+02 -3.319175e-03 9.999940e-01 -9.496231e-04 4.931307e+00 -3.108694e-03 9.393061e-04 9.999947e-01 -1.880484e+02
9.999729e-01 -3.381883e-03 -6.545563e-03 1.403696e+02 3.389211e-03 9.999936e-01 1.108820e-03 4.928026e+00 6.541771e-03 -1.130974e-03 9.999780e-01 -1.876601e+02
9.999879e-01 3.397749e-03 3.554712e-03 1.403652e+02 -3.393787e-03 9.999936e-01 -1.119976e-03 4.914297e+00 -3.558494e-03 1.107899e-03 9.999931e-01 -1.871384e+02
9.999718e-01 -3.308861e-03 -6.748089e-03 1.404823e+02 3.317401e-03 9.999937e-01 1.254669e-03 4.896356e+00 6.743895e-03 -1.277021e-03 9.999764e-01 -1.867573e+02
9.999880e-01 3.340308e-03 3.595444e-03 1.405126e+02 -3.336135e-03 9.999938e-01 -1.165978e-03 4.880658e+00 -3.599316e-03 1.153970e-03 9.999929e-01 -1.863587e+02
9.999692e-01 -3.407560e-03 -7.070860e-03 1.402801e+02 3.417612e-03 9.999932e-01 1.410084e-03 4.881270e+00 7.066006e-03 -1.434206e-03 9.999740e-01 -1.859676e+02
9.999901e-01 3.273371e-03 3.016719e-03 1.398008e+02 -3.270432e-03 9.999942e-01 -9.785627e-04 4.896986e+00 -3.019905e-03 9.686877e-04 9.999950e-01 -1.859176e+02
9.999722e-01 -3.408570e-03 -6.628306e-03 1.392821e+02 3.417307e-03 9.999933e-01 1.307242e-03 4.916248e+00 6.623805e-03 -1.329858e-03 9.999772e-01 -1.856587e+02
9.999896e-01 3.234401e-03 3.214181e-03 1.391204e+02 -3.230766e-03 9.999941e-01 -1.135344e-03 4.921800e+00 -3.217834e-03 1.124949e-03 9.999942e-01 -1.855478e+02
9.999767e-01 -3.317690e-03 -5.963441e-03 1.386659e+02 3.324594e-03 9.999938e-01 1.148179e-03 4.934010e+00 5.959594e-03 -1.167979e-03 9.999816e-01 -1.846022e+02
9.999907e-01 3.157145e-03 2.926110e-03 1.380815e+02 -3.154705e-03 9.999947e-01 -8.380886e-04 4.952223e+00 -2.928740e-03 8.288505e-04 9.999954e-01 -1.840188e+02
9.999707e-01 -3.296846e-03 -6.911073e-03 1.378341e+02 3.305350e-03 9.999938e-01 1.219369e-03 4.961043e+00 6.907009e-03 -1.242177e-03 9.999754e-01 -1.841908e+02
9.999896e-01 3.119419e-03 3.322711e-03 1.384653e+02 -3.115665e-03 9.999945e-01 -1.134390e-03 4.957042e+00 -3.326232e-03 1.124026e-03 9.999938e-01 -1.845019e+02
9.999709e-01 -3.313940e-03 -6.877707e-03 1.385629e+02 3.323650e-03 9.999935e-01 1.400788e-03 4.961040e+00 6.873020e-03 -1.423607e-03 9.999754e-01 -1.846062e+02
9.999913e-01 3.121138e-03 2.755426e-03 1.383267e+02 -3.118506e-03 9.999947e-01 -9.587871e-04 4.974545e+00 -2.758404e-03 9.501866e-04 9.999957e-01 -1.847569e+02
9.999712e-01 -3.365210e-03 -6.797458e-03 1.391030e+02 3.373467e-03 9.999936e-01 1.203657e-03 4.980884e+00 6.793363e-03 -1.226554e-03 9.999762e-01 -1.853081e+02
9.999916e-01 3.076820e-03 2.698950e-03 1.400297e+02 -3.074106e-03 9.999948e-01 -1.008860e-03 4.992601e+00 -2.702040e-03 1.000556e-03 9.999958e-01 -1.860085e+02
9.999713e-01 -3.347263e-03 -6.797956e-03 1.408593e+02 3.355266e-03 9.999937e-01 1.166226e-03 5.005189e+00 6.794009e-03 -1.189003e-03 9.999762e-01 -1.867899e+02
9.999908e-01 3.136860e-03 2.930986e-03 1.411279e+02 -3.134137e-03 9.999947e-01 -9.331327e-04 5.011033e+00 -2.933897e-03 9.239387e-04 9.999953e-01 -1.873259e+02
9.999704e-01 -3.304288e-03 -6.955015e-03 1.412107e+02 3.311505e-03 9.999940e-01 1.026462e-03 5.015169e+00 6.951581e-03 -1.049464e-03 9.999753e-01 -1.880979e+02
9.999897e-01 3.080076e-03 3.322484e-03 1.419299e+02 -3.076982e-03 9.999948e-01 -9.361104e-04 5.017606e+00 -3.325349e-03 9.258782e-04 9.999940e-01 -1.886599e+02
9.999707e-01 -3.219079e-03 -6.951903e-03 1.425843e+02 3.227142e-03 9.999941e-01 1.148916e-03 5.010879e+00 6.948164e-03 -1.171317e-03 9.999752e-01 -1.888514e+02
9.999909e-01 3.109899e-03 2.918977e-03 1.431910e+02 -3.107561e-03 9.999948e-01 -8.050617e-04 5.008857e+00 -2.921465e-03 7.959842e-04 9.999954e-01 -1.891520e+02
9.999625e-01 -3.229194e-03 -8.030985e-03 1.435900e+02 3.233789e-03 9.999946e-01 5.592730e-04 5.030460e+00 8.029135e-03 -5.852232e-04 9.999676e-01 -1.908002e+02
9.999854e-01 2.648973e-03 4.701474e-03 1.440586e+02 -2.644604e-03 9.999961e-01 -9.350882e-04 5.054815e+00 -4.703932e-03 9.226417e-04 9.999885e-01 -1.924230e+02
9.999595e-01 -2.823463e-03 -8.545505e-03 1.445107e+02 2.832474e-03 9.999954e-01 1.042633e-03 5.058597e+00 8.542522e-03 -1.066796e-03 9.999629e-01 -1.930977e+02
9.999851e-01 2.690771e-03 4.749639e-03 1.445221e+02 -2.686788e-03 9.999960e-01 -8.446249e-04 5.058802e+00 -4.751893e-03 8.318517e-04 9.999884e-01 -1.936700e+02
9.999581e-01 -2.766695e-03 -8.723016e-03 1.441846e+02 2.778591e-03 9.999952e-01 1.351915e-03 5.065888e+00 8.719233e-03 -1.376097e-03 9.999610e-01 -1.936681e+02
9.999823e-01 2.719027e-03 5.286862e-03 1.444057e+02 -2.713526e-03 9.999958e-01 -1.047205e-03 5.058257e+00 -5.289687e-03 1.032842e-03 9.999855e-01 -1.936712e+02
9.999545e-01 -2.936549e-03 -9.080844e-03 1.444198e+02 2.948518e-03 9.999948e-01 1.304981e-03 5.064162e+00 9.076964e-03 -1.331697e-03 9.999579e-01 -1.941722e+02
9.999802e-01 2.945153e-03 5.554781e-03 1.447417e+02 -2.939367e-03 9.999951e-01 -1.049391e-03 5.052019e+00 -5.557844e-03 1.033044e-03 9.999840e-01 -1.940613e+02
9.999576e-01 -2.807273e-03 -8.772675e-03 1.450894e+02 2.818796e-03 9.999952e-01 1.301472e-03 5.029709e+00 8.768979e-03 -1.326145e-03 9.999607e-01 -1.936738e+02
9.999806e-01 2.903437e-03 5.513490e-03 1.452619e+02 -2.897580e-03 9.999952e-01 -1.069819e-03 5.018090e+00 -5.516570e-03 1.053823e-03 9.999842e-01 -1.932452e+02
9.999550e-01 -2.497160e-03 -9.146757e-03 1.461890e+02 2.512828e-03 9.999954e-01 1.701878e-03 4.992657e+00 9.142465e-03 -1.724786e-03 9.999567e-01 -1.929349e+02
9.999776e-01 2.850766e-03 6.059763e-03 1.472753e+02 -2.844324e-03 9.999954e-01 -1.071488e-03 4.972242e+00 -6.062789e-03 1.054229e-03 9.999811e-01 -1.918789e+02
9.999580e-01 -2.545456e-03 -8.799136e-03 1.483385e+02 2.557546e-03 9.999958e-01 1.362937e-03 4.961935e+00 8.795630e-03 -1.385384e-03 9.999604e-01 -1.907817e+02
9.999828e-01 2.873823e-03 5.117988e-03 1.498931e+02 -2.871393e-03 9.999958e-01 -4.821247e-04 4.934472e+00 -5.119351e-03 4.674213e-04 9.999868e-01 -1.903269e+02
9.999602e-01 -2.565995e-03 -8.542993e-03 1.511631e+02 2.576414e-03 9.999960e-01 1.208830e-03 4.905747e+00 8.539856e-03 -1.230793e-03 9.999628e-01 -1.896935e+02
9.999800e-01 2.634706e-03 5.741102e-03 1.513330e+02 -2.628247e-03 9.999959e-01 -1.132317e-03 4.903245e+00 -5.744061e-03 1.117206e-03 9.999829e-01 -1.886040e+02
9.999633e-01 -2.550363e-03 -8.174095e-03 1.514975e+02 2.558394e-03 9.999963e-01 9.722428e-04 4.893345e+00 8.171584e-03 -9.931204e-04 9.999661e-01 -1.875033e+02
9.999773e-01 2.622351e-03 6.205808e-03 1.515265e+02 -2.614107e-03 9.999957e-01 -1.336173e-03 4.879448e+00 -6.209285e-03 1.319920e-03 9.999799e-01 -1.860229e+02
9.999637e-01 -2.839823e-03 -8.036990e-03 1.511176e+02 2.848891e-03 9.999953e-01 1.117009e-03 4.904162e+00 8.033780e-03 -1.139866e-03 9.999671e-01 -1.842874e+02
9.999798e-01 2.727828e-03 5.744187e-03 1.508392e+02 -2.720545e-03 9.999955e-01 -1.275129e-03 4.932126e+00 -5.747639e-03 1.259476e-03 9.999827e-01 -1.829979e+02
9.999549e-01 -2.403703e-03 -9.184264e-03 1.518985e+02 2.420670e-03 9.999954e-01 1.836779e-03 4.901351e+00 9.179806e-03 -1.858929e-03 9.999561e-01 -1.825299e+02
9.999786e-01 2.649464e-03 5.982465e-03 1.526523e+02 -2.640480e-03 9.999954e-01 -1.509082e-03 4.876014e+00 -5.986435e-03 1.493254e-03 9.999810e-01 -1.820431e+02
9.999563e-01 -2.401784e-03 -9.030717e-03 1.532503e+02 2.417670e-03 9.999955e-01 1.748631e-03 4.858246e+00 9.026476e-03 -1.770389e-03 9.999577e-01 -1.812312e+02
9.999809e-01 2.866507e-03 5.466700e-03 1.546547e+02 -2.861000e-03 9.999954e-01 -1.014903e-03 4.825815e+00 -5.469584e-03 9.992443e-04 9.999845e-01 -1.808643e+02
9.999556e-01 -2.304956e-03 -9.141009e-03 1.567924e+02 2.324640e-03 9.999950e-01 2.143399e-03 4.786393e+00 9.136022e-03 -2.164554e-03 9.999559e-01 -1.805510e+02
9.999768e-01 2.413201e-03 6.375447e-03 1.573471e+02 -2.400984e-03 9.999953e-01 -1.923228e-03 4.758272e+00 -6.380058e-03 1.907877e-03 9.999778e-01 -1.796129e+02
9.999519e-01 -2.474140e-03 -9.486514e-03 1.572358e+02 2.494145e-03 9.999947e-01 2.097502e-03 4.767767e+00 9.481274e-03 -2.121062e-03 9.999528e-01 -1.788048e+02
9.999722e-01 2.722352e-03 6.945559e-03 1.578365e+02 -2.708895e-03 9.999944e-01 -1.946174e-03 4.743772e+00 -6.950819e-03 1.927306e-03 9.999740e-01 -1.779599e+02
9.999504e-01 -2.521962e-03 -9.638052e-03 1.583847e+02 2.541512e-03 9.999947e-01 2.016745e-03 4.722867e+00 9.632915e-03 -2.041141e-03 9.999515e-01 -1.770001e+02
9.999725e-01 2.911579e-03 6.819215e-03 1.591708e+02 -2.899508e-03 9.999942e-01 -1.779321e-03 4.696994e+00 -6.824356e-03 1.759501e-03 9.999752e-01 -1.761928e+02
9.999495e-01 -2.698828e-03 -9.683739e-03 1.597973e+02 2.718755e-03 9.999942e-01 2.045237e-03 4.686742e+00 9.678163e-03 -2.071462e-03 9.999510e-01 -1.751229e+02
9.999718e-01 2.932343e-03 6.919902e-03 1.603472e+02 -2.919532e-03 9.999940e-01 -1.860664e-03 4.678484e+00 -6.925316e-03 1.840409e-03 9.999743e-01 -1.738634e+02
9.999411e-01 -3.185853e-03 -1.037268e-02 1.598937e+02 3.205229e-03 9.999931e-01 1.851867e-03 4.709009e+00 1.036671e-02 -1.885006e-03 9.999445e-01 -1.728370e+02
9.999644e-01 4.257239e-03 7.281525e-03 1.615035e+02 -4.251959e-03 9.999907e-01 -7.404002e-04 4.669215e+00 -7.284609e-03 7.094138e-04 9.999732e-01 -1.715870e+02
9.999442e-01 -3.701239e-03 -9.895724e-03 1.627624e+02 3.712267e-03 9.999925e-01 1.096285e-03 4.626356e+00 9.891592e-03 -1.132960e-03 9.999504e-01 -1.703448e+02
9.999642e-01 3.530366e-03 7.686730e-03 1.623993e+02 -3.520036e-03 9.999929e-01 -1.356976e-03 4.639897e+00 -7.691465e-03 1.329870e-03 9.999695e-01 -1.686686e+02
9.999192e-01 -3.529386e-03 -1.221451e-02 1.622880e+02 3.551463e-03 9.999921e-01 1.786252e-03 4.643586e+00 1.220810e-02 -1.829487e-03 9.999238e-01 -1.688498e+02
9.999558e-01 2.745183e-03 8.987309e-03 1.631390e+02 -2.722646e-03 9.999931e-01 -2.518907e-03 4.678279e+00 -8.994161e-03 2.494327e-03 9.999564e-01 -1.707752e+02
9.999046e-01 -2.327912e-03 -1.361544e-02 1.649540e+02 2.373820e-03 9.999915e-01 3.356619e-03 4.670428e+00 1.360751e-02 -3.388620e-03 9.999017e-01 -1.711696e+02
9.999554e-01 2.720067e-03 9.047861e-03 1.675140e+02 -2.702416e-03 9.999944e-01 -1.962526e-03 4.664144e+00 -9.053148e-03 1.937988e-03 9.999571e-01 -1.716637e+02
9.999125e-01 -1.844007e-03 -1.309870e-02 1.705585e+02 1.894371e-03 9.999909e-01 3.833639e-03 4.608125e+00 1.309151e-02 -3.858118e-03 9.999069e-01 -1.710236e+02
9.999320e-01 3.523017e-03 1.111905e-02 1.741048e+02 -3.497690e-03 9.999912e-01 -2.296395e-03 4.512640e+00 -1.112704e-02 2.257349e-03 9.999355e-01 -1.691354e+02
9.999004e-01 -2.829050e-03 -1.382814e-02 1.784233e+02 2.885776e-03 9.999875e-01 4.083970e-03 4.467316e+00 1.381642e-02 -4.123469e-03 9.998960e-01 -1.687105e+02
9.999449e-01 2.730373e-03 1.013868e-02 1.804510e+02 -2.697576e-03 9.999911e-01 -3.247070e-03 4.458317e+00 -1.014745e-02 3.219542e-03 9.999433e-01 -1.686129e+02
9.998908e-01 -3.562114e-03 -1.434043e-02 1.788843e+02 3.610855e-03 9.999878e-01 3.374408e-03 4.583193e+00 1.432823e-02 -3.425822e-03 9.998915e-01 -1.665727e+02
9.999448e-01 2.974812e-03 1.008201e-02 1.776553e+02 -2.940685e-03 9.999899e-01 -3.398069e-03 4.675156e+00 -1.009202e-02 3.368234e-03 9.999434e-01 -1.651506e+02
9.998959e-01 -3.417950e-03 -1.402132e-02 1.768225e+02 3.468865e-03 9.999875e-01 3.608546e-03 4.739338e+00 1.400881e-02 -3.656809e-03 9.998952e-01 -1.641450e+02
9.999507e-01 2.771825e-03 9.539454e-03 1.751928e+02 -2.742390e-03 9.999914e-01 -3.097241e-03 4.845968e+00 -9.547957e-03 3.070928e-03 9.999497e-01 -1.629658e+02
9.999032e-01 -3.152969e-03 -1.355267e-02 1.743473e+02 3.201036e-03 9.999887e-01 3.526433e-03 4.924386e+00 1.354140e-02 -3.569475e-03 9.999019e-01 -1.618832e+02
9.999565e-01 1.939826e-03 9.127189e-03 1.726187e+02 -1.908899e-03 9.999924e-01 -3.395923e-03 5.079914e+00 -9.133707e-03 3.378353e-03 9.999526e-01 -1.597865e+02
9.998985e-01 -3.445044e-03 -1.382755e-02 1.693601e+02 3.495695e-03 9.999873e-01 3.640638e-03 5.331714e+00 1.381483e-02 -3.688606e-03 9.998978e-01 -1.565237e+02
9.999543e-01 2.105007e-03 9.322272e-03 1.675350e+02 -2.071176e-03 9.999912e-01 -3.637170e-03 5.514689e+00 -9.329846e-03 3.617696e-03 9.999499e-01 -1.543477e+02
9.998982e-01 -2.838733e-03 -1.398542e-02 1.677709e+02 2.896355e-03 9.999874e-01 4.101612e-03 5.605022e+00 1.397360e-02 -4.141702e-03 9.998938e-01 -1.539107e+02
9.999554e-01 1.574396e-03 9.312961e-03 1.669880e+02 -1.538901e-03 9.999915e-01 -3.817271e-03 5.769773e+00 -9.318891e-03 3.802769e-03 9.999493e-01 -1.526090e+02
9.999021e-01 -3.040581e-03 -1.366009e-02 1.658407e+02 3.098279e-03 9.999864e-01 4.204717e-03 5.944015e+00 1.364712e-02 -4.246629e-03 9.998979e-01 -1.509599e+02
9.999564e-01 2.023376e-03 9.114730e-03 1.641207e+02 -1.987320e-03 9.999902e-01 -3.963112e-03 6.082556e+00 -9.122659e-03 3.944826e-03 9.999506e-01 -1.491093e+02
9.999101e-01 -2.587506e-03 -1.315447e-02 1.628762e+02 2.640170e-03 9.999886e-01 3.987749e-03 6.172412e+00 1.314401e-02 -4.022121e-03 9.999055e-01 -1.476010e+02
9.999487e-01 2.490293e-03 9.814432e-03 1.629147e+02 -2.452293e-03 9.999895e-01 -3.882017e-03 6.199691e+00 -9.823995e-03 3.857751e-03 9.999443e-01 -1.466087e+02
9.999100e-01 -2.717553e-03 -1.313525e-02 1.630840e+02 2.770311e-03 9.999882e-01 3.999980e-03 6.233399e+00 1.312422e-02 -4.036010e-03 9.999057e-01 -1.457633e+02
9.999530e-01 2.647345e-03 9.326608e-03 1.640352e+02 -2.614351e-03 9.999903e-01 -3.548007e-03 6.269071e+00 -9.335910e-03 3.523458e-03 9.999502e-01 -1.454725e+02
9.999152e-01 -3.124660e-03 -1.264505e-02 1.649364e+02 3.175065e-03 9.999871e-01 3.968078e-03 6.284641e+00 1.263248e-02 -4.007891e-03 9.999122e-01 -1.451201e+02
9.999490e-01 3.264692e-03 9.559298e-03 1.653540e+02 -3.228137e-03 9.999874e-01 -3.836996e-03 6.274512e+00 -9.571704e-03 3.805942e-03 9.999469e-01 -1.444671e+02
9.999091e-01 -3.267722e-03 -1.308266e-02 1.659559e+02 3.323554e-03 9.999855e-01 4.248202e-03 6.277932e+00 1.306858e-02 -4.291297e-03 9.999054e-01 -1.440076e+02
9.999558e-01 3.272503e-03 8.819301e-03 1.655022e+02 -3.241498e-03 9.999885e-01 -3.527565e-03 6.334619e+00 -8.830744e-03 3.498821e-03 9.999549e-01 -1.425930e+02
9.998746e-01 -4.199459e-03 -1.526884e-02 1.610528e+02 4.285816e-03 9.999750e-01 5.627491e-03 6.570911e+00 1.524482e-02 -5.692225e-03 9.998676e-01 -1.404288e+02
9.999417e-01 3.367671e-03 1.026421e-02 1.585391e+02 -3.317051e-03 9.999823e-01 -4.944767e-03 6.716712e+00 -1.028068e-02 4.910432e-03 9.999351e-01 -1.388807e+02
9.998828e-01 -3.031162e-03 -1.500790e-02 1.619949e+02 3.127214e-03 9.999748e-01 6.380739e-03 6.711056e+00 1.498817e-02 -6.426925e-03 9.998670e-01 -1.394001e+02
9.999375e-01 2.576603e-03 1.087686e-02 1.656073e+02 -2.522066e-03 9.999842e-01 -5.024807e-03 6.723435e+00 -1.088963e-02 4.997062e-03 9.999282e-01 -1.403672e+02
9.998833e-01 -3.097083e-03 -1.495849e-02 1.679961e+02 3.181272e-03 9.999792e-01 5.607652e-03 6.751932e+00 1.494081e-02 -5.654585e-03 9.998724e-01 -1.414077e+02
9.999322e-01 2.668425e-03 1.133513e-02 1.693903e+02 -2.607551e-03 9.999821e-01 -5.381728e-03 6.754944e+00 -1.134929e-02 5.351807e-03 9.999213e-01 -1.419022e+02
9.998882e-01 -2.588322e-03 -1.472700e-02 1.699533e+02 2.671362e-03 9.999806e-01 5.621813e-03 6.734891e+00 1.471216e-02 -5.660527e-03 9.998757e-01 -1.418295e+02
9.999327e-01 2.823505e-03 1.124832e-02 1.703893e+02 -2.763583e-03 9.999819e-01 -5.339153e-03 6.711331e+00 -1.126319e-02 5.307709e-03 9.999225e-01 -1.415391e+02
9.998934e-01 -2.524141e-03 -1.438015e-02 1.710870e+02 2.604674e-03 9.999810e-01 5.584342e-03 6.685317e+00 1.436578e-02 -5.621203e-03 9.998810e-01 -1.410133e+02
9.999358e-01 2.729725e-03 1.100195e-02 1.724967e+02 -2.673758e-03 9.999834e-01 -5.098463e-03 6.661154e+00 -1.101569e-02 5.068719e-03 9.999265e-01 -1.407983e+02
9.998935e-01 -2.943213e-03 -1.429552e-02 1.725762e+02 3.019251e-03 9.999814e-01 5.300377e-03 6.673080e+00 1.427965e-02 -5.342974e-03 9.998838e-01 -1.396882e+02
9.999307e-01 3.072081e-03 1.136792e-02 1.724113e+02 -3.011530e-03 9.999812e-01 -5.339744e-03 6.700272e+00 -1.138411e-02 5.305140e-03 9.999211e-01 -1.384320e+02
9.998789e-01 -3.275350e-03 -1.521543e-02 1.747203e+02 3.369071e-03 9.999755e-01 6.138072e-03 6.703101e+00 1.519495e-02 -6.188591e-03 9.998654e-01 -1.388776e+02
9.999322e-01 3.125579e-03 1.121551e-02 1.763391e+02 -3.067108e-03 9.999816e-01 -5.226767e-03 6.702744e+00 -1.123164e-02 5.192014e-03 9.999234e-01 -1.391682e+02
9.998860e-01 -2.838968e-03 -1.482752e-02 1.774426e+02 2.925038e-03 9.999790e-01 5.786305e-03 6.676479e+00 1.481078e-02 -5.829017e-03 9.998733e-01 -1.389528e+02
9.999341e-01 3.149754e-03 1.103652e-02 1.787676e+02 -3.095138e-03 9.999829e-01 -4.962244e-03 6.653070e+00 -1.105196e-02 4.927758e-03 9.999268e-01 -1.388286e+02
9.998947e-01 -2.783933e-03 -1.424468e-02 1.797338e+02 2.861948e-03 9.999810e-01 5.459342e-03 6.615859e+00 1.422921e-02 -5.499535e-03 9.998836e-01 -1.383118e+02
9.999279e-01 3.097249e-03 1.160459e-02 1.802440e+02 -3.034123e-03 9.999805e-01 -5.453324e-03 6.590523e+00 -1.162126e-02 5.417721e-03 9.999178e-01 -1.374666e+02
9.998860e-01 -2.744002e-03 -1.484795e-02 1.811801e+02 2.831000e-03 9.999789e-01 5.841474e-03 6.563188e+00 1.483161e-02 -5.882843e-03 9.998727e-01 -1.370839e+02
9.999301e-01 2.949797e-03 1.145110e-02 1.820750e+02 -2.888297e-03 9.999813e-01 -5.383473e-03 6.542703e+00 -1.146677e-02 5.350023e-03 9.999199e-01 -1.367067e+02
9.998830e-01 -2.737313e-03 -1.505038e-02 1.830898e+02 2.826221e-03 9.999787e-01 5.889314e-03 6.529527e+00 1.503393e-02 -5.931161e-03 9.998694e-01 -1.365567e+02
9.999301e-01 2.830989e-03 1.147901e-02 1.839433e+02 -2.769151e-03 9.999816e-01 -5.399378e-03 6.517232e+00 -1.149408e-02 5.367214e-03 9.999195e-01 -1.363222e+02
9.998891e-01 -2.656428e-03 -1.465256e-02 1.843881e+02 2.737841e-03 9.999809e-01 5.538985e-03 6.498679e+00 1.463757e-02 -5.578488e-03 9.998773e-01 -1.356689e+02
9.999364e-01 2.648792e-03 1.096253e-02 1.845376e+02 -2.590698e-03 9.999825e-01 -5.310079e-03 6.497909e+00 -1.097640e-02 5.281341e-03 9.999258e-01 -1.353527e+02
9.998840e-01 -2.836108e-03 -1.496289e-02 1.851042e+02 2.918645e-03 9.999806e-01 5.497177e-03 6.499236e+00 1.494701e-02 -5.540211e-03 9.998729e-01 -1.357516e+02
9.999364e-01 2.742950e-03 1.094132e-02 1.859869e+02 -2.686183e-03 9.999829e-01 -5.199609e-03 6.501788e+00 -1.095539e-02 5.169889e-03 9.999266e-01 -1.361990e+02
9.998912e-01 -2.559830e-03 -1.453028e-02 1.866995e+02 2.642131e-03 9.999806e-01 5.647758e-03 6.481565e+00 1.451554e-02 -5.685535e-03 9.998785e-01 -1.360869e+02
9.999355e-01 2.888753e-03 1.098708e-02 1.875365e+02 -2.832491e-03 9.999828e-01 -5.132841e-03 6.454748e+00 -1.100172e-02 5.101389e-03 9.999265e-01 -1.357331e+02
9.998976e-01 -2.834933e-03 -1.402520e-02 1.877928e+02 2.908895e-03 9.999820e-01 5.255957e-03 6.441284e+00 1.401004e-02 -5.296217e-03 9.998878e-01 -1.349472e+02
9.999379e-01 2.792160e-03 1.078976e-02 1.875456e+02 -2.735026e-03 9.999822e-01 -5.306319e-03 6.452766e+00 -1.080438e-02 5.276479e-03 9.999277e-01 -1.341080e+02
9.998945e-01 -2.927708e-03 -1.422765e-02 1.871550e+02 3.002405e-03 9.999818e-01 5.231687e-03 6.473110e+00 1.421208e-02 -5.273853e-03 9.998851e-01 -1.332302e+02
9.999360e-01 2.729521e-03 1.097625e-02 1.865784e+02 -2.670264e-03 9.999818e-01 -5.409746e-03 6.506519e+00 -1.099081e-02 5.380092e-03 9.999251e-01 -1.320797e+02
9.999073e-01 -2.517010e-03 -1.338114e-02 1.867944e+02 2.587536e-03 9.999828e-01 5.255890e-03 6.495517e+00 1.336768e-02 -5.290028e-03 9.998967e-01 -1.309808e+02
9.999433e-01 2.921274e-03 1.024270e-02 1.877054e+02 -2.870886e-03 9.999837e-01 -4.930636e-03 6.457611e+00 -1.025693e-02 4.900951e-03 9.999354e-01 -1.303413e+02
9.998767e-01 -4.045136e-03 -1.517056e-02 1.907207e+02 4.108105e-03 9.999831e-01 4.121924e-03 6.548216e+00 1.515363e-02 -4.183738e-03 9.998764e-01 -1.333836e+02
9.999400e-01 1.761267e-03 1.080822e-02 1.951637e+02 -1.694156e-03 9.999792e-01 -6.215268e-03 6.719312e+00 -1.081895e-02 6.196585e-03 9.999223e-01 -1.394826e+02
9.998692e-01 -3.077131e-03 -1.587863e-02 1.984433e+02 3.157742e-03 9.999822e-01 5.054171e-03 6.848895e+00 1.586279e-02 -5.103651e-03 9.998612e-01 -1.443503e+02
