9.999988e-01 3.635118e-04 -1.473688e-03 4.944650e-01 -3.627638e-04 9.999998e-01 5.078622e-04 -6.662880e-02 1.473872e-03 -5.073277e-04 9.999988e-01 1.944312e+00
9.999942e-01 -3.142123e-04 -3.394611e-03 1.571034e-01 3.153585e-04 9.999999e-01 3.371139e-04 -5.712738e-02 3.394505e-03 -3.381818e-04 9.999942e-01 2.007432e+00
9.999997e-01 3.424088e-04 6.505331e-04 8.269562e-01 -3.425341e-04 9.999999e-01 1.925047e-04 -9.152234e-02 -6.504674e-04 -1.927281e-04 9.999998e-01 2.616791e+00
9.999930e-01 -1.990862e-04 -3.745395e-03 7.982837e-01 2.001203e-04 9.999999e-01 2.757345e-04 -1.131307e-01 3.745340e-03 -2.764813e-04 9.999929e-01 3.857014e+00
9.999966e-01 3.876097e-04 -2.562514e-03 -1.573495e-01 -3.847688e-04 9.999993e-01 1.109059e-03 -5.925402e-02 2.562942e-03 -1.108070e-03 9.999961e-01 4.529418e+00
9.999950e-01 -2.924163e-04 -3.158041e-03 -9.600796e-01 2.923541e-04 1.000000e+00 -2.017062e-05 -2.111370e-02 3.158047e-03 1.924797e-05 9.999950e-01 5.250083e+00
9.999965e-01 3.687487e-04 -2.638538e-03 -1.718041e+00 -3.657729e-04 9.999993e-01 1.128222e-03 9.250448e-03 2.638952e-03 -1.127254e-03 9.999959e-01 5.695843e+00
9.999952e-01 -2.935606e-04 -3.080081e-03 -2.424271e+00 2.935526e-04 1.000000e+00 -3.077361e-06 3.341931e-02 3.080082e-03 2.173892e-06 9.999953e-01 5.782626e+00
9.999993e-01 3.370157e-04 -1.091646e-03 -2.680483e+00 -3.362227e-04 9.999997e-01 7.265704e-04 3.415890e-02 1.091890e-03 -7.262036e-04 9.999991e-01 6.111810e+00
9.999962e-01 -3.154339e-04 -2.729315e-03 -2.821590e+00 3.150809e-04 9.999999e-01 -1.297952e-04 3.000384e-02 2.729356e-03 1.289355e-04 9.999963e-01 6.596478e+00
9.999986e-01 3.300523e-04 -1.633973e-03 -3.126551e+00 -3.287285e-04 9.999996e-01 8.103533e-04 4.116463e-02 1.634240e-03 -8.098157e-04 9.999983e-01 7.152547e+00
9.999972e-01 -3.059512e-04 -2.346433e-03 -3.315240e+00 3.054234e-04 9.999999e-01 -2.253222e-04 4.476839e-02 2.346502e-03 2.246056e-04 9.999972e-01 7.600093e+00
9.999971e-01 3.467196e-04 -2.395228e-03 -3.743270e+00 -3.442162e-04 9.999994e-01 1.045530e-03 6.499695e-02 2.395589e-03 -1.044704e-03 9.999966e-01 8.116435e+00
9.999986e-01 -3.036133e-04 -1.642435e-03 -3.625783e+00 3.029498e-04 9.999999e-01 -4.041913e-04 6.778857e-02 1.642557e-03 4.036939e-04 9.999986e-01 8.306873e+00
9.999971e-01 1.757302e-04 -2.409873e-03 -3.299820e+00 -1.734840e-04 9.999996e-01 9.323035e-04 6.428220e-02 2.410036e-03 -9.318834e-04 9.999967e-01 8.568474e+00
9.999976e-01 -1.522821e-04 -2.185980e-03 -3.525519e+00 1.515385e-04 9.999999e-01 -3.403261e-04 8.101852e-02 2.186032e-03 3.399948e-04 9.999976e-01 9.293876e+00
9.999986e-01 1.781506e-04 -1.669700e-03 -3.445375e+00 -1.766083e-04 9.999996e-01 9.238455e-04 8.123148e-02 1.669864e-03 -9.235500e-04 9.999982e-01 9.959147e+00
9.999991e-01 -1.798535e-04 -1.301366e-03 -3.157684e+00 1.791865e-04 9.999999e-01 -5.127095e-04 5.297310e-02 1.301458e-03 5.124766e-04 9.999990e-01 1.055441e+01
9.999983e-01 2.132706e-04 -1.804730e-03 -2.900661e+00 -2.115165e-04 9.999995e-01 9.720753e-04 2.861163e-02 1.804936e-03 -9.716927e-04 9.999979e-01 1.103238e+01
9.999984e-01 -2.782306e-04 -1.767189e-03 -2.280130e+00 2.773455e-04 9.999998e-01 -5.010706e-04 1.718652e-02 1.767328e-03 5.005803e-04 9.999983e-01 1.114326e+01
9.999994e-01 1.414520e-04 -1.120418e-03 -1.516333e+00 -1.403501e-04 9.999995e-01 9.835810e-04 -8.501838e-03 1.120556e-03 -9.834238e-04 9.999989e-01 1.146044e+01
9.999987e-01 -1.756463e-04 -1.580473e-03 -8.227577e-01 1.747197e-04 9.999998e-01 -5.864462e-04 -3.243248e-02 1.580576e-03 5.861700e-04 9.999986e-01 1.164008e+01
9.999989e-01 1.489341e-04 -1.490158e-03 -2.387043e-01 -1.474427e-04 9.999995e-01 1.000942e-03 -5.631929e-02 1.490306e-03 -1.000721e-03 9.999984e-01 1.190987e+01
9.999990e-01 -2.188461e-04 -1.424942e-03 2.380361e-01 2.177941e-04 9.999997e-01 -7.384410e-04 -7.046148e-02 1.425104e-03 7.381306e-04 9.999987e-01 1.191744e+01
9.999975e-01 1.908654e-04 -2.226253e-03 3.904788e-01 -1.882213e-04 9.999993e-01 1.187903e-03 -7.728194e-02 2.226478e-03 -1.187482e-03 9.999968e-01 1.206588e+01
9.999995e-01 -2.195372e-04 -9.323450e-04 7.541341e-01 2.187469e-04 9.999996e-01 -8.476912e-04 -9.055420e-02 9.325310e-04 8.474876e-04 9.999992e-01 1.214778e+01
9.999987e-01 6.085276e-05 -1.611410e-03 1.291978e+00 -5.937242e-05 9.999996e-01 9.187296e-04 -9.292503e-02 1.611465e-03 -9.186334e-04 9.999983e-01 1.172623e+01
9.999995e-01 -1.109509e-04 -9.654708e-04 1.778729e+00 1.103610e-04 9.999998e-01 -6.110750e-04 -1.032477e-01 9.655387e-04 6.109689e-04 9.999993e-01 1.160766e+01
9.999970e-01 8.313545e-05 -2.459640e-03 2.196939e+00 -8.056502e-05 9.999995e-01 1.045147e-03 -1.156174e-01 2.459725e-03 -1.044947e-03 9.999964e-01 1.177750e+01
9.999975e-01 -3.280664e-05 -2.226672e-03 1.913135e+00 3.204645e-05 9.999999e-01 -3.414648e-04 -1.005031e-01 2.226684e-03 3.413934e-04 9.999975e-01 1.215539e+01
9.999971e-01 7.790243e-05 -2.388835e-03 1.643883e+00 -7.528841e-05 9.999994e-01 1.094362e-03 -9.088261e-02 2.388919e-03 -1.094180e-03 9.999965e-01 1.231756e+01
9.999976e-01 -3.752206e-05 -2.208223e-03 1.342083e+00 3.669760e-05 9.999999e-01 -3.734234e-04 -7.980735e-02 2.208237e-03 3.733422e-04 9.999975e-01 1.255894e+01
9.999989e-01 -4.864766e-05 -1.504299e-03 1.382153e+00 4.984265e-05 9.999997e-01 7.943953e-04 -9.030703e-02 1.504260e-03 -7.944701e-04 9.999986e-01 1.270507e+01
9.999987e-01 -4.480209e-05 -1.582304e-03 1.551904e+00 4.408091e-05 9.999999e-01 -4.558559e-04 -1.037133e-01 1.582324e-03 4.557863e-04 9.999986e-01 1.266510e+01
9.999985e-01 -8.632517e-06 -1.713996e-03 1.648370e+00 1.003041e-05 9.999997e-01 8.156102e-04 -1.211462e-01 1.713988e-03 -8.156269e-04 9.999982e-01 1.308913e+01
9.999971e-01 2.695945e-06 -2.408866e-03 1.429250e+00 -3.169858e-06 1.000000e+00 -1.967616e-04 -1.212933e-01 2.408866e-03 1.967694e-04 9.999971e-01 1.344669e+01
9.999964e-01 2.182327e-06 -2.665118e-03 9.948309e-01 5.002231e-07 9.999995e-01 1.006566e-03 -1.183707e-01 2.665119e-03 -1.006565e-03 9.999959e-01 1.331308e+01
9.999955e-01 5.197730e-05 -2.998217e-03 2.897369e-01 -5.169915e-05 1.000000e+00 9.282557e-05 -8.867615e-02 2.998222e-03 -9.266944e-05 9.999955e-01 1.356870e+01
9.999945e-01 1.462534e-04 -3.303900e-03 -6.018405e-01 -1.419639e-04 9.999991e-01 1.298532e-03 -3.877909e-02 3.304087e-03 -1.298056e-03 9.999937e-01 1.405902e+01
9.999999e-01 -1.498105e-04 -4.266500e-04 -3.288356e-01 1.494383e-04 9.999996e-01 -8.726035e-04 -4.906893e-02 4.267809e-04 8.725404e-04 9.999995e-01 1.417476e+01
9.999973e-01 4.168131e-05 -2.341239e-03 6.012154e-01 -3.848107e-05 9.999991e-01 1.366961e-03 -7.577063e-02 2.341293e-03 -1.366868e-03 9.999963e-01 1.438392e+01
1.000000e+00 -1.904845e-04 -1.803703e-04 1.350744e+00 1.903197e-04 9.999996e-01 -9.135188e-04 -9.188415e-02 1.805445e-04 9.134852e-04 9.999996e-01 1.440954e+01
9.999898e-01 2.213186e-04 -4.511320e-03 1.036076e+00 -2.137468e-04 9.999986e-01 1.678834e-03 -8.406112e-02 4.511685e-03 -1.677853e-03 9.999884e-01 1.450179e+01
1.000000e+00 -1.527702e-04 -2.732549e-04 6.530280e-01 1.525421e-04 9.999996e-01 -8.348037e-04 -6.939200e-02 2.733827e-04 8.347627e-04 9.999996e-01 1.470892e+01
9.999865e-01 1.975087e-04 -5.183028e-03 8.874375e-03 -1.879061e-04 9.999983e-01 1.853133e-03 -4.724953e-02 5.183384e-03 -1.852135e-03 9.999849e-01 1.484701e+01
9.999997e-01 -1.495993e-04 6.938912e-04 -4.145224e-01 1.503141e-04 9.999995e-01 -1.030002e-03 -2.774516e-02 -6.937364e-04 1.030107e-03 9.999992e-01 1.563367e+01
9.999779e-01 2.969716e-04 -6.641615e-03 -1.110934e+00 -2.822753e-04 9.999975e-01 2.213609e-03 1.646353e-03 6.642256e-03 -2.211686e-03 9.999755e-01 1.584128e+01
1.000000e+00 -1.405244e-04 -2.784402e-04 -2.135612e+00 1.403443e-04 9.999998e-01 -6.469454e-04 4.034067e-02 2.785314e-04 6.469070e-04 9.999998e-01 1.578897e+01
9.999810e-01 2.504490e-04 -6.166605e-03 -3.061618e+00 -2.377993e-04 9.999979e-01 2.051986e-03 7.782174e-02 6.167105e-03 -2.050481e-03 9.999789e-01 1.585303e+01
9.999999e-01 -1.073957e-04 -4.258691e-04 -4.058580e+00 1.071522e-04 9.999998e-01 -5.721132e-04 1.243390e-01 4.259308e-04 5.720682e-04 9.999997e-01 1.606327e+01
9.999817e-01 2.594058e-04 -6.043415e-03 -5.048145e+00 -2.473542e-04 9.999980e-01 1.994839e-03 1.769626e-01 6.043920e-03 -1.993308e-03 9.999797e-01 1.646539e+01
9.999998e-01 -8.108009e-05 -6.017522e-04 -6.075976e+00 8.079032e-05 9.999999e-01 -4.817254e-04 2.300630e-01 6.017915e-04 4.816774e-04 9.999997e-01 1.684134e+01
9.999888e-01 1.610206e-04 -4.730998e-03 -6.649766e+00 -1.539473e-04 9.999989e-01 1.495424e-03 2.519056e-01 4.731233e-03 -1.494680e-03 9.999877e-01 1.701332e+01
9.999993e-01 -1.891051e-04 1.158303e-03 -6.654224e+00 1.903152e-04 9.999994e-01 -1.044622e-03 2.419321e-01 -1.158104e-03 1.044842e-03 9.999988e-01 1.746701e+01
9.999909e-01 2.091900e-04 -4.261429e-03 -6.396678e+00 -2.029607e-04 9.999989e-01 1.462200e-03 2.157561e-01 4.261730e-03 -1.461323e-03 9.999899e-01 1.805612e+01
9.999996e-01 -2.540998e-04 8.805677e-04 -6.343044e+00 2.550197e-04 9.999994e-01 -1.044596e-03 2.038611e-01 -8.803014e-04 1.044821e-03 9.999991e-01 1.852374e+01
9.999767e-01 3.513182e-04 -6.813714e-03 -7.115419e+00 -3.359128e-04 9.999974e-01 2.261964e-03 2.337506e-01 6.814490e-03 -2.259623e-03 9.999742e-01 1.865741e+01
9.999992e-01 -2.358177e-04 1.208800e-03 -7.803427e+00 2.371604e-04 9.999994e-01 -1.110687e-03 2.664267e-01 -1.208537e-03 1.110974e-03 9.999987e-01 1.895999e+01
9.999869e-01 2.736940e-04 -5.101799e-03 -7.874172e+00 -2.652551e-04 9.999986e-01 1.654743e-03 2.630856e-01 5.102245e-03 -1.653369e-03 9.999856e-01 1.940013e+01
9.999979e-01 -2.545699e-04 2.014700e-03 -7.465450e+00 2.570046e-04 9.999992e-01 -1.208255e-03 2.372677e-01 -2.014391e-03 1.208771e-03 9.999972e-01 1.983075e+01
9.999875e-01 2.598523e-04 -4.984946e-03 -6.917176e+00 -2.515473e-04 9.999986e-01 1.666582e-03 2.075045e-01 4.985372e-03 -1.665308e-03 9.999862e-01 2.037651e+01
9.999978e-01 -2.033493e-04 2.081432e-03 -6.648624e+00 2.059797e-04 9.999992e-01 -1.263547e-03 1.760765e-01 -2.081173e-03 1.263974e-03 9.999970e-01 2.110715e+01
9.999778e-01 2.350831e-04 -6.655142e-03 -6.945304e+00 -2.225131e-04 9.999982e-01 1.889462e-03 1.888164e-01 6.655574e-03 -1.887940e-03 9.999761e-01 2.160470e+01
9.999984e-01 -1.777218e-04 1.773650e-03 -7.391090e+00 1.796367e-04 9.999994e-01 -1.079459e-03 2.074132e-01 -1.773457e-03 1.079777e-03 9.999978e-01 2.194138e+01
9.999841e-01 1.646507e-04 -5.637422e-03 -7.469222e+00 -1.555786e-04 9.999987e-01 1.609688e-03 1.983835e-01 5.637679e-03 -1.608786e-03 9.999828e-01 2.215511e+01
1.000000e+00 -8.451615e-05 -7.161364e-05 -8.095598e+00 8.448010e-05 9.999999e-01 -5.049140e-04 2.195373e-01 7.165664e-05 5.049087e-04 9.999999e-01 2.218120e+01
9.999770e-01 1.926759e-04 -6.779951e-03 -9.112323e+00 -1.789671e-04 9.999979e-01 2.022517e-03 2.578589e-01 6.780326e-03 -2.021258e-03 9.999750e-01 2.213380e+01
9.999990e-01 -8.293658e-05 1.385886e-03 -9.626019e+00 8.428484e-05 9.999995e-01 -9.727363e-04 2.786774e-01 -1.385805e-03 9.728529e-04 9.999986e-01 2.223696e+01
9.999836e-01 1.711510e-04 -5.731106e-03 -9.851900e+00 -1.614960e-04 9.999986e-01 1.685110e-03 2.847137e-01 5.731386e-03 -1.684157e-03 9.999822e-01 2.282001e+01
9.999988e-01 -1.491929e-04 1.522426e-03 -1.011956e+01 1.508107e-04 9.999994e-01 -1.062474e-03 2.948830e-01 -1.522266e-03 1.062703e-03 9.999983e-01 2.356794e+01
9.999771e-01 2.848645e-04 -6.767407e-03 -1.064089e+01 -2.713127e-04 9.999980e-01 2.003365e-03 3.237896e-01 6.767963e-03 -2.001484e-03 9.999751e-01 2.415211e+01
1.000000e+00 -7.283474e-05 1.496002e-04 -1.165615e+01 7.290719e-05 9.999999e-01 -4.834897e-04 3.813355e-01 -1.495647e-04 4.835013e-04 9.999999e-01 2.465158e+01
9.999880e-01 1.412936e-04 -4.901672e-03 -1.214261e+01 -1.344841e-04 9.999990e-01 1.389555e-03 4.055088e-01 4.901863e-03 -1.388880e-03 9.999870e-01 2.537392e+01
9.999996e-01 -9.011641e-05 9.382410e-04 -1.224691e+01 9.085572e-05 9.999997e-01 -7.878250e-04 4.019587e-01 -9.381693e-04 7.879106e-04 9.999992e-01 2.601741e+01
9.999856e-01 1.354454e-04 -5.371588e-03 -1.247474e+01 -1.270751e-04 9.999988e-01 1.558579e-03 4.116761e-01 5.371792e-03 -1.557874e-03 9.999844e-01 2.637911e+01
1.000000e+00 -6.981491e-05 -9.265866e-05 -1.310899e+01 6.976947e-05 9.999999e-01 -4.917172e-04 4.480743e-01 9.269330e-05 4.917114e-04 9.999999e-01 2.689646e+01
9.999813e-01 2.097884e-04 -6.114594e-03 -1.398972e+01 -1.983127e-04 9.999982e-01 1.877341e-03 4.849764e-01 6.114977e-03 -1.876094e-03 9.999795e-01 2.702563e+01
9.999975e-01 -3.158492e-04 2.212205e-03 -1.394337e+01 3.194606e-04 9.999986e-01 -1.632257e-03 4.912158e-01 -2.211686e-03 1.632961e-03 9.999962e-01 2.631490e+01
9.999917e-01 -7.867673e-07 -4.082313e-03 -1.331832e+01 6.051452e-06 9.999992e-01 1.289654e-03 5.119874e-01 4.082308e-03 -1.289668e-03 9.999908e-01 2.497644e+01
1.000000e+00 1.902014e-05 -2.554652e-04 -1.369061e+01 -1.915342e-05 9.999999e-01 -5.222878e-04 5.279063e-01 2.554555e-04 5.222933e-04 9.999998e-01 2.558892e+01
9.999920e-01 2.536679e-05 -4.005737e-03 -1.396596e+01 -2.057385e-05 9.999993e-01 1.196591e-03 5.402996e-01 4.005765e-03 -1.196500e-03 9.999913e-01 2.624496e+01
1.000000e+00 -1.886103e-05 2.427464e-05 -1.414955e+01 1.887626e-05 9.999998e-01 -6.217558e-04 5.425103e-01 -2.426258e-05 6.217570e-04 9.999998e-01 2.699742e+01
9.999880e-01 8.919044e-05 -4.897886e-03 -1.460335e+01 -8.249314e-05 9.999991e-01 1.367599e-03 5.700435e-01 4.898003e-03 -1.367179e-03 9.999871e-01 2.802881e+01
9.999998e-01 4.022674e-05 5.671561e-04 -1.488313e+01 -3.982531e-05 9.999997e-01 -7.075199e-04 5.820355e-01 -5.671841e-04 7.074979e-04 9.999996e-01 2.894948e+01
9.999896e-01 -2.974458e-05 -4.559400e-03 -1.499384e+01 3.574620e-05 9.999991e-01 1.316274e-03 5.803792e-01 4.559357e-03 -1.316424e-03 9.999887e-01 2.949121e+01
9.999983e-01 1.038844e-04 -1.840710e-03 -1.589634e+01 -1.037374e-04 1.000000e+00 7.986898e-05 6.091364e-01 1.840719e-03 -7.967720e-05 9.999983e-01 2.939857e+01
9.999898e-01 3.332242e-05 -4.527376e-03 -1.681202e+01 -2.725274e-05 9.999991e-01 1.340749e-03 6.536658e-01 4.527416e-03 -1.340612e-03 9.999889e-01 2.967388e+01
9.999962e-01 2.232183e-04 -2.742622e-03 -1.805877e+01 -2.220042e-04 9.999999e-01 4.429024e-04 7.226510e-01 2.742721e-03 -4.422912e-04 9.999961e-01 3.016135e+01
9.999896e-01 -4.424473e-05 -4.556395e-03 -1.931557e+01 5.053411e-05 9.999990e-01 1.380269e-03 7.786102e-01 4.556329e-03 -1.380485e-03 9.999887e-01 3.027417e+01
9.999984e-01 1.583015e-04 -1.773139e-03 -2.021180e+01 -1.582679e-04 1.000000e+00 1.900719e-05 8.102384e-01 1.773143e-03 -1.872583e-05 9.999984e-01 3.025753e+01
9.999952e-01 -9.646730e-05 -3.104195e-03 -2.068800e+01 9.927424e-05 9.999996e-01 9.041478e-04 8.340607e-01 3.104106e-03 -9.044523e-04 9.999948e-01 3.075808e+01
9.999999e-01 8.110811e-05 -3.719574e-04 -2.051229e+01 -8.128214e-05 9.999999e-01 -4.683121e-04 8.206487e-01 3.719197e-04 4.683430e-04 9.999998e-01 3.127047e+01
9.999930e-01 -4.997677e-05 -3.753332e-03 -2.068369e+01 5.406473e-05 9.999994e-01 1.089105e-03 8.207592e-01 3.753275e-03 -1.089301e-03 9.999924e-01 3.155333e+01
9.999999e-01 3.637561e-05 -5.200026e-04 -2.089975e+01 -3.662193e-05 9.999999e-01 -4.739946e-04 8.200792e-01 5.199856e-04 4.740142e-04 9.999998e-01 3.174576e+01
9.999926e-01 -5.715612e-05 -3.848877e-03 -2.113726e+01 6.151983e-05 9.999994e-01 1.133694e-03 8.194594e-01 3.848809e-03 -1.133923e-03 9.999920e-01 3.176604e+01
9.999988e-01 7.591435e-05 -1.531903e-03 -2.168660e+01 -7.620103e-05 1.000000e+00 -1.871870e-04 8.303976e-01 1.531889e-03 1.873042e-04 9.999988e-01 3.161759e+01
9.999928e-01 -4.937201e-05 -3.782227e-03 -2.222278e+01 5.371972e-05 9.999993e-01 1.149459e-03 8.415316e-01 3.782168e-03 -1.149654e-03 9.999922e-01 3.154374e+01
9.999990e-01 7.523431e-05 -1.418856e-03 -2.285407e+01 -7.537488e-05 1.000000e+00 -9.914092e-05 8.628051e-01 1.418849e-03 9.924846e-05 9.999990e-01 3.184831e+01
9.999948e-01 -2.029863e-05 -3.218100e-03 -2.325424e+01 2.361465e-05 9.999995e-01 1.030443e-03 8.759456e-01 3.218077e-03 -1.030514e-03 9.999943e-01 3.213682e+01
9.999993e-01 7.135419e-05 -1.160511e-03 -2.347967e+01 -7.167576e-05 1.000000e+00 -2.771948e-04 8.771729e-01 1.160492e-03 2.772785e-04 9.999993e-01 3.231119e+01
9.999973e-01 -4.521414e-05 -2.302237e-03 -2.344055e+01 4.709472e-05 9.999997e-01 8.168772e-04 8.650286e-01 2.302199e-03 -8.169842e-04 9.999970e-01 3.270113e+01
9.999994e-01 5.297936e-05 -1.125822e-03 -2.331255e+01 -5.329737e-05 1.000000e+00 -2.825933e-04 8.498495e-01 1.125808e-03 2.826538e-04 9.999993e-01 3.308597e+01
9.999978e-01 -6.134805e-05 -2.096793e-03 -2.297485e+01 6.286165e-05 9.999997e-01 7.218917e-04 8.318549e-01 2.096748e-03 -7.220226e-04 9.999975e-01 3.342800e+01
9.999988e-01 1.013060e-04 -1.521004e-03 -2.305856e+01 -1.016137e-04 1.000000e+00 -2.023090e-04 8.250520e-01 1.520984e-03 2.024640e-04 9.999988e-01 3.410917e+01
9.999956e-01 -1.504447e-04 -2.952528e-03 -2.332317e+01 1.528970e-04 9.999996e-01 8.304391e-04 8.252453e-01 2.952401e-03 -8.308876e-04 9.999953e-01 3.407442e+01
9.999996e-01 1.308004e-04 -8.447515e-04 -2.345299e+01 -1.310685e-04 9.999999e-01 -3.175157e-04 8.244340e-01 8.447102e-04 3.176270e-04 9.999996e-01 3.402376e+01
9.999964e-01 -2.299928e-04 -2.675304e-03 -2.349378e+01 2.309882e-04 9.999999e-01 3.718152e-04 8.287156e-01 2.675218e-03 -3.724325e-04 9.999964e-01 3.310007e+01
9.999996e-01 -1.832952e-05 -8.513437e-04 -2.375942e+01 1.776456e-05 9.999998e-01 -6.638297e-04 8.472788e-01 8.513560e-04 6.638150e-04 9.999994e-01 3.120611e+01
9.999938e-01 -1.451503e-05 -3.514679e-03 -2.408246e+01 1.927233e-05 9.999991e-01 1.353573e-03 8.395192e-01 3.514656e-03 -1.353633e-03 9.999929e-01 3.112483e+01
9.999999e-01 -1.593222e-04 3.145211e-04 -2.401239e+01 1.599104e-04 9.999982e-01 -1.870266e-03 8.512880e-01 -3.142223e-04 1.870317e-03 9.999982e-01 2.968587e+01
9.999921e-01 -6.896667e-05 -3.962134e-03 -2.433756e+01 7.607786e-05 9.999984e-01 1.794712e-03 8.661860e-01 3.962003e-03 -1.795000e-03 9.999905e-01 2.794656e+01
9.999995e-01 5.787338e-05 -1.006877e-03 -2.482364e+01 -5.925774e-05 9.999991e-01 -1.375113e-03 8.748062e-01 1.006797e-03 1.375173e-03 9.999985e-01 2.702593e+01
9.999924e-01 -5.450568e-05 -3.893078e-03 -2.532672e+01 6.269535e-05 9.999978e-01 2.103605e-03 8.820753e-01 3.892955e-03 -2.103834e-03 9.999902e-01 2.654867e+01
9.999998e-01 3.219665e-05 -5.936464e-04 -2.586653e+01 -3.292014e-05 9.999993e-01 -1.219067e-03 8.965200e-01 5.936071e-04 1.219087e-03 9.999991e-01 2.720866e+01
9.999867e-01 5.867795e-05 -5.154755e-03 -2.666035e+01 -4.564309e-05 9.999968e-01 2.528824e-03 9.266262e-01 5.154886e-03 -2.528556e-03 9.999835e-01 2.754737e+01
1.000000e+00 -3.748727e-05 1.576483e-04 -2.707562e+01 3.774490e-05 9.999987e-01 -1.633260e-03 9.361109e-01 -1.575865e-04 1.633266e-03 9.999987e-01 2.754286e+01
9.999932e-01 -9.861787e-06 -3.700843e-03 -2.688918e+01 1.762903e-05 9.999978e-01 2.098803e-03 9.284338e-01 3.700814e-03 -2.098854e-03 9.999909e-01 2.745539e+01
9.999999e-01 6.367360e-06 4.797587e-04 -2.650133e+01 -5.568016e-06 9.999986e-01 -1.665718e-03 9.107868e-01 -4.797683e-04 1.665716e-03 9.999985e-01 2.763979e+01
9.999972e-01 9.109842e-05 -2.346836e-03 -2.573823e+01 -8.611030e-05 9.999977e-01 2.125565e-03 8.578047e-01 2.347024e-03 -2.125357e-03 9.999950e-01 2.904631e+01
9.999992e-01 2.060519e-04 1.230700e-03 -2.446311e+01 -2.042588e-04 9.999989e-01 -1.456821e-03 7.776137e-01 -1.230998e-03 1.456569e-03 9.999982e-01 3.071355e+01
9.999945e-01 -2.039471e-04 -3.316254e-03 -2.362932e+01 2.103432e-04 9.999981e-01 1.928540e-03 7.383930e-01 3.315854e-03 -1.929228e-03 9.999926e-01 3.125694e+01
9.999997e-01 1.344805e-04 -7.940832e-04 -2.380173e+01 -1.356199e-04 9.999990e-01 -1.435224e-03 7.462385e-01 7.938897e-04 1.435332e-03 9.999987e-01 3.062644e+01
9.999915e-01 -8.839929e-05 -4.130962e-03 -2.422781e+01 9.764810e-05 9.999975e-01 2.238799e-03 7.536713e-01 4.130753e-03 -2.239184e-03 9.999890e-01 3.038746e+01
9.999994e-01 1.428104e-04 -1.039592e-03 -2.471963e+01 -1.441403e-04 9.999992e-01 -1.279467e-03 7.650338e-01 1.039408e-03 1.279616e-03 9.999986e-01 3.038134e+01
9.999901e-01 -1.153236e-04 -4.439514e-03 -2.525731e+01 1.252800e-04 9.999975e-01 2.242510e-03 7.715243e-01 4.439244e-03 -2.243044e-03 9.999876e-01 3.017394e+01
1.000000e+00 4.744015e-05 1.100063e-04 -2.549726e+01 -4.724835e-05 9.999985e-01 -1.741041e-03 7.751378e-01 -1.100885e-04 1.741036e-03 9.999985e-01 2.961401e+01
9.999915e-01 -1.321770e-04 -4.119196e-03 -2.563707e+01 1.412491e-04 9.999976e-01 2.202218e-03 7.813853e-01 4.118895e-03 -2.202782e-03 9.999891e-01 2.898978e+01
9.999995e-01 1.898673e-04 -9.607927e-04 -2.605992e+01 -1.912287e-04 9.999990e-01 -1.417244e-03 7.850330e-01 9.605229e-04 1.417428e-03 9.999985e-01 2.873849e+01
9.999950e-01 -2.508323e-04 -3.161823e-03 -2.615289e+01 2.566329e-04 9.999983e-01 1.834342e-03 7.756525e-01 3.161357e-03 -1.835145e-03 9.999933e-01 2.854513e+01
9.999999e-01 2.237667e-04 3.206594e-04 -2.580923e+01 -2.232844e-04 9.999988e-01 -1.502719e-03 7.579051e-01 -3.209950e-04 1.502648e-03 9.999988e-01 2.861869e+01
9.999938e-01 -3.445300e-04 -3.500250e-03 -2.564584e+01 3.504392e-04 9.999985e-01 1.687816e-03 7.500365e-01 3.499663e-03 -1.689033e-03 9.999924e-01 2.833673e+01
9.999998e-01 2.197883e-04 5.787667e-04 -2.545687e+01 -2.188970e-04 9.999988e-01 -1.539303e-03 7.440997e-01 -5.791040e-04 1.539176e-03 9.999986e-01 2.794295e+01
9.999994e-01 -1.525701e-05 -1.067602e-03 -2.437931e+01 1.753861e-05 9.999977e-01 2.137342e-03 6.565069e-01 1.067567e-03 -2.137360e-03 9.999971e-01 3.033990e+01
9.999992e-01 4.861803e-04 1.204760e-03 -2.318257e+01 -4.844287e-04 9.999988e-01 -1.453572e-03 5.413117e-01 -1.205465e-03 1.452988e-03 9.999982e-01 3.313579e+01
9.999921e-01 -5.197257e-04 -3.937536e-03 -2.282192e+01 5.270684e-04 9.999981e-01 1.864053e-03 5.098000e-01 3.936559e-03 -1.866114e-03 9.999905e-01 3.359779e+01
9.999996e-01 4.335197e-04 8.270586e-04 -2.263057e+01 -4.322326e-04 9.999987e-01 -1.555522e-03 5.028628e-01 -8.277316e-04 1.555165e-03 9.999984e-01 3.335864e+01
9.999924e-01 -4.524436e-04 -3.875554e-03 -2.235174e+01 4.601737e-04 9.999979e-01 1.993981e-03 4.848869e-01 3.874643e-03 -1.995750e-03 9.999905e-01 3.349154e+01
9.999961e-01 6.217836e-04 2.715269e-03 -2.164875e+01 -6.178268e-04 9.999987e-01 -1.457787e-03 4.158108e-01 -2.716171e-03 1.456104e-03 9.999953e-01 3.550502e+01
9.999934e-01 -3.173194e-04 -3.623476e-03 -2.110218e+01 3.241740e-04 9.999982e-01 1.891338e-03 3.353022e-01 3.622869e-03 -1.892500e-03 9.999916e-01 3.770766e+01
9.999999e-01 2.704607e-04 4.051497e-04 -2.112574e+01 -2.698410e-04 9.999988e-01 -1.528314e-03 3.210718e-01 -4.055623e-04 1.528206e-03 9.999987e-01 3.849220e+01
9.999940e-01 -3.289138e-04 -3.452862e-03 -2.116313e+01 3.353225e-04 9.999982e-01 1.855695e-03 3.039242e-01 3.452245e-03 -1.856842e-03 9.999923e-01 3.941285e+01
9.999997e-01 3.346958e-04 -6.627500e-04 -2.137879e+01 -3.355640e-04 9.999991e-01 -1.310620e-03 3.080063e-01 6.623110e-04 1.310842e-03 9.999989e-01 4.000574e+01
9.999928e-01 -2.921796e-04 -3.796564e-03 -2.172262e+01 2.999230e-04 9.999979e-01 2.039235e-03 3.201365e-01 3.795960e-03 -2.040359e-03 9.999907e-01 4.045438e+01
9.999987e-01 3.866241e-04 -1.545876e-03 -2.233038e+01 -3.882379e-04 9.999994e-01 -1.043908e-03 3.503167e-01 1.545471e-03 1.044507e-03 9.999983e-01 4.097026e+01
9.999935e-01 -2.778373e-04 -3.593159e-03 -2.287271e+01 2.852328e-04 9.999978e-01 2.057943e-03 3.785556e-01 3.592579e-03 -2.058955e-03 9.999914e-01 4.136591e+01
9.999994e-01 3.204405e-04 -1.011416e-03 -2.318460e+01 -3.217588e-04 9.999991e-01 -1.303747e-03 3.912101e-01 1.010998e-03 1.304072e-03 9.999986e-01 4.168025e+01
9.999938e-01 -2.924930e-04 -3.496507e-03 -2.360996e+01 2.998106e-04 9.999978e-01 2.092569e-03 4.092958e-01 3.495887e-03 -2.093606e-03 9.999917e-01 4.216280e+01
9.999998e-01 2.438671e-04 -5.596657e-04 -2.377461e+01 -2.446754e-04 9.999989e-01 -1.444944e-03 4.019400e-01 5.593130e-04 1.445081e-03 9.999988e-01 4.236516e+01
9.999964e-01 -3.071722e-04 -2.683116e-03 -2.360078e+01 3.119616e-04 9.999984e-01 1.784876e-03 3.941281e-01 2.682563e-03 -1.785707e-03 9.999948e-01 4.212430e+01
9.999988e-01 2.969172e-04 -1.505663e-03 -2.373293e+01 -2.986851e-04 9.999993e-01 -1.174168e-03 3.966179e-01 1.505313e-03 1.174617e-03 9.999982e-01 4.227271e+01
9.999891e-01 -1.400538e-04 -4.663150e-03 -2.470367e+01 1.518927e-04 9.999968e-01 2.538607e-03 4.568779e-01 4.662779e-03 -2.539288e-03 9.999859e-01 4.297321e+01
9.999994e-01 2.631306e-04 -1.018334e-03 -2.552970e+01 -2.644033e-04 9.999992e-01 -1.250094e-03 4.949126e-01 1.018005e-03 1.250363e-03 9.999987e-01 4.337903e+01
9.999922e-01 -2.185796e-04 -3.952793e-03 -2.631730e+01 2.284468e-04 9.999969e-01 2.496054e-03 5.225247e-01 3.952235e-03 -2.496938e-03 9.999891e-01 4.417554e+01
9.999998e-01 2.537695e-04 -5.117546e-04 -2.698430e+01 -2.544706e-04 9.999990e-01 -1.370816e-03 5.452772e-01 5.114065e-04 1.370946e-03 9.999989e-01 4.517129e+01
9.999938e-01 -2.585781e-04 -3.508874e-03 -2.748254e+01 2.667320e-04 9.999973e-01 2.323597e-03 5.620175e-01 3.508263e-03 -2.324519e-03 9.999911e-01 4.621021e+01
9.999988e-01 3.010816e-04 -1.540924e-03 -2.816823e+01 -3.029575e-04 9.999992e-01 -1.217482e-03 5.989510e-01 1.540556e-03 1.217948e-03 9.999981e-01 4.702567e+01
9.999960e-01 -2.906715e-04 -2.820826e-03 -2.858138e+01 2.965154e-04 9.999978e-01 2.071592e-03 6.170680e-01 2.820217e-03 -2.072421e-03 9.999939e-01 4.772227e+01
1.000000e+00 2.280239e-04 1.702516e-05 -2.829483e+01 -2.279980e-04 9.999989e-01 -1.492356e-03 5.970353e-01 -1.736514e-05 1.492352e-03 9.999989e-01 4.824365e+01
9.999921e-01 -2.520759e-04 -3.975520e-03 -2.836402e+01 2.610085e-04 9.999974e-01 2.246604e-03 5.981415e-01 3.974943e-03 -2.247624e-03 9.999896e-01 4.845062e+01
9.999996e-01 3.242547e-04 -8.665770e-04 -2.879415e+01 -3.253959e-04 9.999991e-01 -1.317365e-03 6.161515e-01 8.661493e-04 1.317647e-03 9.999988e-01 4.870575e+01
9.999925e-01 -2.897272e-04 -3.856190e-03 -2.918767e+01 2.983213e-04 9.999975e-01 2.228313e-03 6.336994e-01 3.855534e-03 -2.229447e-03 9.999901e-01 4.901472e+01
1.000000e+00 2.812381e-04 3.122643e-05 -2.930042e+01 -2.811911e-04 9.999989e-01 -1.487230e-03 6.339741e-01 -3.164438e-05 1.487222e-03 9.999989e-01 4.933634e+01
9.999933e-01 -2.796614e-04 -3.656676e-03 -2.944976e+01 2.873256e-04 9.999978e-01 2.095658e-03 6.299778e-01 3.656082e-03 -2.096696e-03 9.999911e-01 5.004835e+01
9.999974e-01 4.111393e-04 -2.249577e-03 -3.029928e+01 -4.127548e-04 9.999997e-01 -7.178183e-04 6.683800e-01 2.249282e-03 7.187456e-04 9.999972e-01 5.039185e+01
9.999932e-01 -3.316261e-04 -3.662463e-03 -3.109654e+01 3.390510e-04 9.999979e-01 2.026918e-03 6.980450e-01 3.661783e-03 -2.028147e-03 9.999912e-01 5.046821e+01
9.999988e-01 4.177847e-04 -1.478633e-03 -3.161202e+01 -4.193071e-04 9.999994e-01 -1.029610e-03 7.211422e-01 1.478202e-03 1.030230e-03 9.999984e-01 5.073958e+01
9.999933e-01 -3.319263e-04 -3.657973e-03 -3.217042e+01 3.393450e-04 9.999979e-01 2.027725e-03 7.535810e-01 3.657292e-03 -2.028953e-03 9.999913e-01 5.123820e+01
9.999992e-01 4.322305e-04 -1.159400e-03 -3.261802e+01 -4.335834e-04 9.999992e-01 -1.167055e-03 7.781838e-01 1.158895e-03 1.167557e-03 9.999986e-01 5.177463e+01
9.999928e-01 -3.589028e-04 -3.769079e-03 -3.310417e+01 3.668653e-04 9.999977e-01 2.112193e-03 8.005064e-01 3.768312e-03 -2.113561e-03 9.999907e-01 5.208948e+01
9.999986e-01 4.338417e-04 -1.596988e-03 -3.366257e+01 -4.355317e-04 9.999993e-01 -1.058163e-03 8.191415e-01 1.596529e-03 1.058858e-03 9.999982e-01 5.217575e+01
9.999880e-01 -3.509141e-04 -4.890202e-03 -3.466498e+01 3.629461e-04 9.999969e-01 2.459824e-03 8.703789e-01 4.889324e-03 -2.461570e-03 9.999850e-01 5.251337e+01
9.999997e-01 4.971524e-04 -6.679579e-04 -3.535616e+01 -4.980309e-04 9.999990e-01 -1.316103e-03 9.134232e-01 6.673033e-04 1.316435e-03 9.999989e-01 5.305418e+01
9.999949e-01 -5.573645e-04 -3.129967e-03 -3.530493e+01 5.629495e-04 9.999983e-01 1.783876e-03 9.201351e-01 3.128967e-03 -1.785630e-03 9.999935e-01 5.276644e+01
9.999999e-01 4.147722e-04 3.467985e-04 -3.469053e+01 -4.142138e-04 9.999986e-01 -1.607769e-03 9.220305e-01 -3.474646e-04 1.607626e-03 9.999986e-01 5.229799e+01
9.999914e-01 -4.613674e-04 -4.118430e-03 -3.467411e+01 4.702174e-04 9.999976e-01 2.148240e-03 9.184202e-01 4.117428e-03 -2.150159e-03 9.999892e-01 5.262532e+01
9.999998e-01 4.916054e-04 -3.920384e-04 -3.500609e+01 -4.921447e-04 9.999989e-01 -1.377510e-03 9.369672e-01 3.913611e-04 1.377703e-03 9.999990e-01 5.322621e+01
9.999955e-01 -5.330597e-04 -2.961205e-03 -3.482111e+01 5.387685e-04 9.999980e-01 1.927483e-03 9.240394e-01 2.960172e-03 -1.929071e-03 9.999938e-01 5.357796e+01
9.999998e-01 5.131864e-04 -4.716641e-04 -3.460156e+01 -5.138529e-04 9.999989e-01 -1.414585e-03 9.119365e-01 4.709379e-04 1.414828e-03 9.999989e-01 5.383873e+01
9.999941e-01 -5.687225e-04 -3.382222e-03 -3.453851e+01 5.749978e-04 9.999981e-01 1.854787e-03 9.105486e-01 3.381161e-03 -1.856722e-03 9.999926e-01 5.350998e+01
9.999999e-01 4.961005e-04 -9.939592e-05 -3.433617e+01 -4.962566e-04 9.999986e-01 -1.578988e-03 9.086866e-01 9.861271e-05 1.579038e-03 9.999987e-01 5.303109e+01
9.999965e-01 -7.195836e-04 -2.536803e-03 -3.394931e+01 7.233199e-04 9.999987e-01 1.472335e-03 9.156678e-01 2.535740e-03 -1.474165e-03 9.999957e-01 5.221672e+01
9.999998e-01 5.650158e-04 3.576464e-04 -3.332190e+01 -5.645127e-04 9.999989e-01 -1.404491e-03 9.129789e-01 -3.584393e-04 1.404290e-03 9.999989e-01 5.180925e+01
9.999948e-01 -5.876323e-04 -3.186246e-03 -3.279259e+01 5.933444e-04 9.999982e-01 1.792185e-03 8.854517e-01 3.185187e-03 -1.794066e-03 9.999933e-01 5.212027e+01
9.999997e-01 5.794617e-04 4.693122e-04 -3.237436e+01 -5.788035e-04 9.999989e-01 -1.400785e-03 8.542264e-01 -4.701231e-04 1.400514e-03 9.999989e-01 5.262582e+01
9.999948e-01 -5.708300e-04 -3.180948e-03 -3.191649e+01 5.764281e-04 9.999983e-01 1.759329e-03 8.373584e-01 3.179938e-03 -1.761154e-03 9.999934e-01 5.268451e+01
9.999999e-01 4.890837e-04 2.380858e-04 -3.113697e+01 -4.887838e-04 9.999991e-01 -1.257143e-03 8.244124e-01 -2.387001e-04 1.257027e-03 9.999992e-01 5.265673e+01
9.999898e-01 -4.401370e-04 -4.485010e-03 -3.122761e+01 4.490940e-04 9.999979e-01 1.996336e-03 8.301938e-01 4.484122e-03 -1.998330e-03 9.999879e-01 5.272957e+01
9.999996e-01 3.550814e-04 7.751579e-04 -3.113684e+01 -3.538401e-04 9.999987e-01 -1.600582e-03 8.340105e-01 -7.757249e-04 1.600308e-03 9.999984e-01 5.218870e+01
9.999930e-01 -4.429277e-04 -3.723194e-03 -3.059989e+01 4.499378e-04 9.999981e-01 1.882275e-03 8.289611e-01 3.722353e-03 -1.883938e-03 9.999913e-01 5.190031e+01
9.999994e-01 3.337590e-04 1.061648e-03 -2.987659e+01 -3.320881e-04 9.999987e-01 -1.573348e-03 8.178375e-01 -1.062172e-03 1.572996e-03 9.999982e-01 5.177116e+01
9.999935e-01 -4.451506e-04 -3.581121e-03 -2.927651e+01 4.513976e-04 9.999984e-01 1.743869e-03 8.103590e-01 3.580339e-03 -1.745474e-03 9.999921e-01 5.155469e+01
9.999993e-01 3.276614e-04 1.095359e-03 -2.861826e+01 -3.259862e-04 9.999988e-01 -1.528996e-03 8.012412e-01 -1.095858e-03 1.528638e-03 9.999982e-01 5.136447e+01
9.999931e-01 -3.716679e-04 -3.688883e-03 -2.807394e+01 3.783952e-04 9.999983e-01 1.823223e-03 7.833842e-01 3.688199e-03 -1.824607e-03 9.999915e-01 5.142830e+01
9.999994e-01 3.361142e-04 1.015668e-03 -2.737304e+01 -3.346550e-04 9.999989e-01 -1.436198e-03 7.685209e-01 -1.016149e-03 1.435858e-03 9.999985e-01 5.140299e+01
9.999920e-01 -3.694410e-04 -3.990015e-03 -2.662759e+01 3.770571e-04 9.999981e-01 1.908260e-03 7.468150e-01 3.989302e-03 -1.909750e-03 9.999902e-01 5.152534e+01
9.999994e-01 3.392181e-04 1.032222e-03 -2.611701e+01 -3.377042e-04 9.999989e-01 -1.466138e-03 7.189838e-01 -1.032717e-03 1.465789e-03 9.999984e-01 5.182953e+01
9.999930e-01 -3.396329e-04 -3.727374e-03 -2.525325e+01 3.468470e-04 9.999981e-01 1.935047e-03 6.814425e-01 3.726709e-03 -1.936327e-03 9.999912e-01 5.233897e+01
9.999995e-01 4.119575e-04 9.485231e-04 -2.439587e+01 -4.106022e-04 9.999989e-01 -1.428287e-03 6.528733e-01 -9.491102e-04 1.427898e-03 9.999985e-01 5.263371e+01
9.999914e-01 -4.462403e-04 -4.132673e-03 -2.392625e+01 4.539354e-04 9.999982e-01 1.861333e-03 6.271576e-01 4.131835e-03 -1.863193e-03 9.999897e-01 5.293909e+01
9.999996e-01 4.846984e-04 7.077884e-04 -2.360794e+01 -4.837838e-04 9.999990e-01 -1.291425e-03 6.117726e-01 -7.084135e-04 1.291083e-03 9.999989e-01 5.325508e+01
9.999908e-01 -5.051961e-04 -4.267621e-03 -2.320392e+01 5.127129e-04 9.999983e-01 1.760517e-03 5.948232e-01 4.266724e-03 -1.762690e-03 9.999893e-01 5.350499e+01
9.999994e-01 4.926546e-04 9.392515e-04 -2.274943e+01 -4.913801e-04 9.999990e-01 -1.356434e-03 5.728806e-01 -9.399185e-04 1.355972e-03 9.999986e-01 5.378256e+01
9.999947e-01 -5.749027e-04 -3.210205e-03 -2.209534e+01 5.799370e-04 9.999986e-01 1.567583e-03 5.627096e-01 3.209299e-03 -1.569437e-03 9.999936e-01 5.366385e+01
9.999994e-01 3.917160e-04 1.008034e-03 -2.148633e+01 -3.900950e-04 9.999986e-01 -1.607482e-03 5.677429e-01 -1.008662e-03 1.607088e-03 9.999982e-01 5.293568e+01
9.999948e-01 -5.006647e-04 -3.193142e-03 -2.081165e+01 5.065468e-04 9.999982e-01 1.841648e-03 5.589014e-01 3.192214e-03 -1.843257e-03 9.999932e-01 5.272160e+01
9.999997e-01 4.388644e-04 6.179631e-04 -2.045818e+01 -4.379767e-04 9.999989e-01 -1.435504e-03 5.307240e-01 -6.185921e-04 1.435234e-03 9.999988e-01 5.333807e+01
9.999943e-01 -4.383850e-04 -3.334030e-03 -2.012148e+01 4.448598e-04 9.999980e-01 1.941628e-03 5.101856e-01 3.333172e-03 -1.943100e-03 9.999926e-01 5.367237e+01
9.999998e-01 3.671697e-04 5.828710e-04 -1.960527e+01 -3.662392e-04 9.999987e-01 -1.595232e-03 4.996386e-01 -5.834557e-04 1.595019e-03 9.999986e-01 5.349685e+01
9.999927e-01 -4.061809e-04 -3.803246e-03 -1.926872e+01 4.139334e-04 9.999978e-01 2.037889e-03 4.792306e-01 3.802409e-03 -2.039449e-03 9.999907e-01 5.375437e+01
9.999995e-01 4.323690e-04 9.260921e-04 -1.875701e+01 -4.309231e-04 9.999987e-01 -1.560619e-03 4.506813e-01 -9.267654e-04 1.560220e-03 9.999984e-01 5.422061e+01
9.999931e-01 -5.003567e-04 -3.677446e-03 -1.817658e+01 5.076998e-04 9.999979e-01 1.996211e-03 4.233343e-01 3.676439e-03 -1.998065e-03 9.999912e-01 5.467212e+01
9.999994e-01 4.789089e-04 1.002953e-03 -1.764496e+01 -4.773076e-04 9.999986e-01 -1.595903e-03 4.038998e-01 -1.003716e-03 1.595424e-03 9.999982e-01 5.495959e+01
9.999928e-01 -5.055945e-04 -3.755633e-03 -1.730908e+01 5.128721e-04 9.999980e-01 1.937159e-03 3.825612e-01 3.754645e-03 -1.939072e-03 9.999911e-01 5.529004e+01
9.999992e-01 4.747667e-04 1.180236e-03 -1.662162e+01 -4.730183e-04 9.999988e-01 -1.481016e-03 3.602761e-01 -1.180938e-03 1.480457e-03 9.999982e-01 5.554959e+01
9.999914e-01 -5.024134e-04 -4.120247e-03 -1.613243e+01 5.103704e-04 9.999980e-01 1.930449e-03 3.371400e-01 4.119269e-03 -1.932536e-03 9.999896e-01 5.579117e+01
9.999995e-01 4.845413e-04 8.768706e-04 -1.596500e+01 -4.832059e-04 9.999987e-01 -1.522146e-03 3.177222e-01 -8.776068e-04 1.521722e-03 9.999985e-01 5.610475e+01
9.999901e-01 -5.155557e-04 -4.411413e-03 -1.549962e+01 5.237140e-04 9.999982e-01 1.848468e-03 3.067886e-01 4.410452e-03 -1.850761e-03 9.999886e-01 5.609115e+01
9.999999e-01 4.935205e-04 5.036694e-05 -1.556939e+01 -4.934565e-04 9.999991e-01 -1.255852e-03 3.107298e-01 -5.098644e-05 1.255828e-03 9.999992e-01 5.634958e+01
9.999899e-01 -4.353958e-04 -4.462695e-03 -1.568047e+01 4.438192e-04 9.999981e-01 1.886773e-03 3.202224e-01 4.461865e-03 -1.888736e-03 9.999883e-01 5.682391e+01
9.999987e-01 3.689289e-04 1.555938e-03 -1.469841e+01 -3.662667e-04 9.999985e-01 -1.710715e-03 3.229492e-01 -1.556566e-03 1.710144e-03 9.999973e-01 5.640598e+01
9.999920e-01 -5.527206e-04 -3.962487e-03 -1.369391e+01 5.604024e-04 9.999980e-01 1.937847e-03 3.245404e-01 3.961408e-03 -1.940052e-03 9.999903e-01 5.598827e+01
9.999997e-01 5.098924e-04 6.357912e-04 -1.312651e+01 -5.089298e-04 9.999987e-01 -1.512738e-03 3.118116e-01 -6.365615e-04 1.512414e-03 9.999987e-01 5.603584e+01
9.999912e-01 -5.991051e-04 -4.150415e-03 -1.262482e+01 6.071643e-04 9.999979e-01 1.940869e-03 3.052412e-01 4.149243e-03 -1.943373e-03 9.999895e-01 5.610313e+01
9.999993e-01 5.337292e-04 1.070157e-03 -1.174330e+01 -5.322290e-04 9.999989e-01 -1.401340e-03 2.742169e-01 -1.070904e-03 1.400770e-03 9.999984e-01 5.660263e+01
9.999931e-01 -5.390544e-04 -3.672876e-03 -1.089587e+01 5.459795e-04 9.999981e-01 1.884811e-03 2.395579e-01 3.671853e-03 -1.886804e-03 9.999915e-01 5.717050e+01
9.999998e-01 4.700882e-04 5.154247e-04 -1.051324e+01 -4.693119e-04 9.999988e-01 -1.504599e-03 2.167229e-01 -5.161311e-04 1.504358e-03 9.999987e-01 5.758638e+01
9.999938e-01 -4.968769e-04 -3.480630e-03 -1.025983e+01 5.033553e-04 9.999981e-01 1.860717e-03 1.974996e-01 3.479699e-03 -1.862458e-03 9.999922e-01 5.798308e+01
9.999998e-01 4.270433e-04 5.402370e-04 -9.975403e+00 -4.261499e-04 9.999985e-01 -1.652173e-03 1.871608e-01 -5.409415e-04 1.651943e-03 9.999985e-01 5.781252e+01
9.999929e-01 -4.355281e-04 -3.730391e-03 -9.871683e+00 4.431209e-04 9.999978e-01 2.034888e-03 1.704305e-01 3.729496e-03 -2.036528e-03 9.999910e-01 5.824060e+01
9.999997e-01 4.333021e-04 6.074874e-04 -9.017640e+00 -4.323889e-04 9.999988e-01 -1.501974e-03 1.378917e-01 -6.081372e-04 1.501712e-03 9.999987e-01 5.867732e+01
9.999959e-01 -5.750267e-04 -2.798625e-03 -7.789432e+00 5.808003e-04 9.999977e-01 2.062768e-03 1.193738e-01 2.797432e-03 -2.064385e-03 9.999940e-01 5.866214e+01
9.999986e-01 5.787319e-04 -1.541076e-03 -7.937227e+00 -5.808825e-04 9.999989e-01 -1.395668e-03 1.236935e-01 1.540267e-03 1.396562e-03 9.999978e-01 5.881183e+01
9.999913e-01 -5.064975e-04 -4.135898e-03 -8.574824e+00 5.165884e-04 9.999969e-01 2.439225e-03 1.391469e-01 4.134650e-03 -2.441341e-03 9.999885e-01 5.863207e+01
9.999999e-01 4.431826e-04 -1.023485e-04 -8.831002e+00 -4.434050e-04 9.999975e-01 -2.185868e-03 1.428240e-01 1.013798e-04 2.185913e-03 9.999976e-01 5.765572e+01
9.999947e-01 -5.701445e-04 -3.215402e-03 -8.802933e+00 5.778705e-04 9.999969e-01 2.402484e-03 1.375388e-01 3.214023e-03 -2.404330e-03 9.999919e-01 5.718853e+01
9.999998e-01 5.458662e-04 3.868401e-04 -8.471326e+00 -5.450865e-04 9.999978e-01 -2.011953e-03 1.139478e-01 -3.879373e-04 2.011742e-03 9.999979e-01 5.765501e+01
9.999942e-01 -5.288659e-04 -3.360617e-03 -7.789557e+00 5.369738e-04 9.999969e-01 2.412276e-03 8.741189e-02 3.359330e-03 -2.414067e-03 9.999914e-01 5.800431e+01
9.999998e-01 4.465508e-04 4.869198e-04 -7.122062e+00 -4.456049e-04 9.999980e-01 -1.940356e-03 5.878278e-02 -4.877851e-04 1.940139e-03 9.999980e-01 5.839500e+01
9.999953e-01 -5.025305e-04 -3.014456e-03 -6.701518e+00 5.087513e-04 9.999977e-01 2.063359e-03 4.418856e-02 3.013412e-03 -2.064884e-03 9.999933e-01 5.835585e+01
9.999968e-01 5.824290e-04 2.444688e-03 -5.066692e+00 -5.789278e-04 9.999988e-01 -1.432501e-03 -3.144651e-02 -2.445519e-03 1.431082e-03 9.999960e-01 5.988116e+01
9.999961e-01 -3.301895e-04 -2.789504e-03 -3.397001e+00 3.360532e-04 9.999977e-01 2.101987e-03 -1.160560e-01 2.788804e-03 -2.102916e-03 9.999939e-01 6.151229e+01
9.999999e-01 1.931683e-04 3.370556e-04 -2.983144e+00 -1.924624e-04 9.999978e-01 -2.092031e-03 -1.157122e-01 -3.374587e-04 2.091967e-03 9.999978e-01 6.092540e+01
9.999960e-01 -2.617327e-04 -2.816045e-03 -2.067380e+00 2.684642e-04 9.999971e-01 2.390417e-03 -1.257750e-01 2.815411e-03 -2.391164e-03 9.999932e-01 6.074752e+01
9.999998e-01 2.498141e-04 -4.931142e-04 -1.557526e+00 -2.507677e-04 9.999981e-01 -1.935344e-03 -1.480027e-01 4.926300e-04 1.935468e-03 9.999980e-01 6.112734e+01
9.999964e-01 -2.612924e-04 -2.662642e-03 -1.032193e+00 2.676791e-04 9.999971e-01 2.398673e-03 -1.719679e-01 2.662007e-03 -2.399378e-03 9.999936e-01 6.155605e+01
9.999999e-01 2.228754e-04 -4.933902e-04 -5.157236e-01 -2.238399e-04 9.999981e-01 -1.956288e-03 -1.919678e-01 4.929535e-04 1.956399e-03 9.999980e-01 6.184569e+01
9.999949e-01 -2.265599e-04 -3.179831e-03 -3.658772e-01 2.341092e-04 9.999972e-01 2.374043e-03 -2.009368e-01 3.179284e-03 -2.374776e-03 9.999921e-01 6.203901e+01
9.999996e-01 3.119612e-04 8.805638e-04 5.557624e-01 -3.104144e-04 9.999984e-01 -1.755826e-03 -2.398097e-01 -8.811100e-04 1.755552e-03 9.999981e-01 6.275854e+01
9.999956e-01 -2.507063e-04 -2.972158e-03 2.002077e+00 2.582426e-04 9.999968e-01 2.535619e-03 -2.895357e-01 2.971513e-03 -2.536376e-03 9.999924e-01 6.380467e+01
