9.999950e-01 6.898737e-05 -3.167885e-03 8.448721e-02 -6.751973e-05 9.999999e-01 4.633986e-04 -1.903445e-02 3.167917e-03 -4.631831e-04 9.999949e-01 6.266373e-01
1.000000e+00 -1.140129e-05 1.389607e-04 1.765036e-01 1.140610e-05 1.000000e+00 -3.440806e-05 -4.254889e-02 -1.389600e-04 3.441036e-05 1.000000e+00 1.368088e+00
9.999935e-01 5.341409e-05 -3.612673e-03 6.430181e-02 -5.143944e-05 9.999998e-01 5.466881e-04 -5.156928e-02 3.612701e-03 -5.464994e-04 9.999933e-01 2.229858e+00
9.999999e-01 -1.443342e-06 4.271941e-04 7.524101e-02 1.494801e-06 1.000000e+00 -1.203901e-04 -6.929937e-02 -4.271936e-04 1.203914e-04 9.999999e-01 3.019515e+00
9.999942e-01 2.598744e-05 -3.393365e-03 2.428585e-01 -2.447201e-05 9.999999e-01 4.466347e-04 -9.501404e-02 3.393376e-03 -4.465498e-04 9.999941e-01 3.635654e+00
1.000000e+00 4.792840e-05 -9.926085e-05 1.867687e-01 -4.791674e-05 1.000000e+00 1.170905e-04 -1.090367e-01 9.926680e-05 -1.170850e-04 1.000000e+00 4.189258e+00
9.999944e-01 1.842947e-05 -3.361457e-03 2.045736e-01 -1.694222e-05 9.999999e-01 4.424798e-04 -1.230727e-01 3.361464e-03 -4.424211e-04 9.999943e-01 4.651565e+00
9.999999e-01 2.829054e-05 -4.806520e-04 5.668842e-02 -2.819860e-05 1.000000e+00 1.912290e-04 -1.326353e-01 4.806577e-04 -1.912147e-04 9.999999e-01 5.018652e+00
9.999934e-01 7.558118e-05 -3.625327e-03 -2.280530e-01 -7.342760e-05 9.999998e-01 5.941765e-04 -1.308821e-01 3.625371e-03 -5.939071e-04 9.999933e-01 5.690115e+00
1.000000e+00 -1.132282e-07 -5.305246e-06 -3.579848e-01 1.132607e-07 1.000000e+00 -5.077051e-07 -1.384428e-01 5.305587e-06 5.084166e-07 1.000000e+00 6.418129e+00
9.999957e-01 1.874638e-05 -2.949268e-03 -1.652449e-01 -1.765554e-05 9.999999e-01 3.699047e-04 -1.622679e-01 2.949274e-03 -3.698517e-04 9.999956e-01 7.031064e+00
9.999992e-01 9.670302e-05 -1.264358e-03 -4.488199e-01 -9.617583e-05 9.999999e-01 4.169912e-04 -1.616201e-01 1.264399e-03 -4.168685e-04 9.999991e-01 7.596698e+00
9.999965e-01 -1.251875e-05 -2.639494e-03 -5.942815e-01 1.310112e-05 1.000000e+00 2.206356e-04 -1.670061e-01 2.639491e-03 -2.206701e-04 9.999965e-01 8.118758e+00
9.999993e-01 9.466523e-05 -1.182618e-03 -6.263323e-01 -9.415574e-05 9.999999e-01 4.308358e-04 -1.747426e-01 1.182659e-03 -4.307235e-04 9.999992e-01 8.557564e+00
9.999961e-01 3.762651e-05 -2.775005e-03 -7.973485e-01 -3.680325e-05 1.000000e+00 2.967368e-04 -1.782756e-01 2.775016e-03 -2.966342e-04 9.999961e-01 9.156587e+00
9.999994e-01 4.198798e-05 -1.100027e-03 -9.351581e-01 -4.164398e-05 1.000000e+00 3.127060e-04 -1.828800e-01 1.100040e-03 -3.126593e-04 9.999993e-01 9.688640e+00
9.999950e-01 -7.033324e-05 -3.154741e-03 -1.176206e+00 7.106981e-05 1.000000e+00 2.333838e-04 -1.861571e-01 3.154725e-03 -2.336076e-04 9.999950e-01 9.743169e+00
9.999998e-01 4.904420e-05 -5.542192e-04 -1.292930e+00 -4.886067e-05 9.999999e-01 3.310648e-04 -1.957092e-01 5.542357e-04 -3.310369e-04 9.999998e-01 1.001648e+01
9.999934e-01 -4.933717e-06 -3.631381e-03 -1.436488e+00 6.375124e-06 9.999999e-01 3.969319e-04 -1.995429e-01 3.631379e-03 -3.969531e-04 9.999933e-01 1.010358e+01
9.999998e-01 4.570363e-05 -5.859863e-04 -1.591158e+00 -4.553147e-05 1.000000e+00 2.937237e-04 -2.026281e-01 5.860000e-04 -2.936963e-04 9.999998e-01 1.036629e+01
9.999964e-01 -1.116078e-04 -2.683621e-03 -1.475108e+00 1.116141e-04 1.000000e+00 2.197399e-06 -2.102599e-01 2.683621e-03 -2.497632e-06 9.999964e-01 1.025442e+01
9.999996e-01 4.727729e-05 -8.731171e-04 -1.440627e+00 -4.692967e-05 9.999999e-01 3.980921e-04 -2.123402e-01 8.731361e-04 -3.980503e-04 9.999995e-01 9.825777e+00
9.999965e-01 -1.297511e-04 -2.629858e-03 -1.317676e+00 1.294831e-04 1.000000e+00 -1.020667e-04 -2.157390e-01 2.629870e-03 1.017251e-04 9.999965e-01 9.405426e+00
1.000000e+00 -1.694322e-05 8.739674e-05 -9.048002e-01 1.692151e-05 1.000000e+00 2.490112e-04 -2.219835e-01 -8.740062e-05 -2.490090e-04 1.000000e+00 8.959491e+00
9.999943e-01 -4.390857e-05 -3.389315e-03 -8.285462e-01 4.453324e-05 1.000000e+00 1.842448e-04 -2.301069e-01 3.389307e-03 -1.843954e-04 9.999942e-01 8.921978e+00
1.000000e+00 7.990038e-05 -2.864041e-04 -8.895991e-01 -7.977603e-05 9.999999e-01 4.339677e-04 -2.401298e-01 2.864391e-04 -4.339441e-04 9.999999e-01 9.319424e+00
9.999970e-01 -1.223225e-04 -2.445407e-03 -4.599044e-01 1.219751e-04 1.000000e+00 -1.421783e-04 -2.577673e-01 2.445424e-03 1.418789e-04 9.999970e-01 9.362202e+00
1.000000e+00 2.325845e-05 2.848862e-04 2.267691e-01 -2.332209e-05 1.000000e+00 2.235892e-04 -2.660589e-01 -2.848807e-04 -2.235952e-04 9.999999e-01 9.100752e+00
9.999917e-01 -1.240872e-04 -4.067362e-03 1.266206e-01 1.248745e-04 1.000000e+00 1.933232e-04 -2.586672e-01 4.067337e-03 -1.938302e-04 9.999917e-01 8.656273e+00
9.999992e-01 1.595237e-04 -1.221986e-03 -4.704053e-01 -1.585694e-04 9.999997e-01 7.809576e-04 -2.405827e-01 1.222111e-03 -7.807625e-04 9.999989e-01 8.889789e+00
9.999925e-01 -1.169147e-04 -3.859430e-03 -9.536449e-01 1.172564e-04 1.000000e+00 8.832546e-05 -2.276932e-01 3.859419e-03 -8.877805e-05 9.999925e-01 8.945514e+00
1.000000e+00 1.153929e-05 3.144660e-04 -9.383218e-01 -1.160123e-05 1.000000e+00 1.971817e-04 -2.261989e-01 -3.144634e-04 -1.971846e-04 9.999999e-01 8.554764e+00
9.999960e-01 -1.699950e-04 -2.831859e-03 -4.881596e-01 1.696281e-04 1.000000e+00 -1.297937e-04 -2.307404e-01 2.831880e-03 1.293121e-04 9.999960e-01 8.155422e+00
1.000000e+00 -1.113077e-05 1.301343e-04 -1.907014e-01 1.112759e-05 1.000000e+00 2.492517e-05 -2.256415e-01 -1.301342e-04 -2.492301e-05 1.000000e+00 7.368987e+00
9.999953e-01 -1.972752e-04 -3.067268e-03 -1.077178e-01 1.969192e-04 1.000000e+00 -1.163674e-04 -2.227957e-01 3.067290e-03 1.157621e-04 9.999953e-01 6.494361e+00
1.000000e+00 4.030940e-05 -2.593064e-04 -1.007303e-01 -4.025736e-05 1.000000e+00 2.004440e-04 -2.225500e-01 2.593148e-04 -2.004329e-04 9.999999e-01 5.735941e+00
9.999877e-01 -3.934957e-06 -4.951310e-03 -5.933245e-01 7.413818e-06 9.999998e-01 7.026094e-04 -2.150948e-01 4.951306e-03 -7.026382e-04 9.999875e-01 5.629892e+00
9.999998e-01 2.193413e-05 6.364390e-04 -9.111078e-01 -2.188351e-05 1.000000e+00 -7.942859e-05 -2.117167e-01 -6.364404e-04 7.941535e-05 9.999998e-01 6.161512e+00
9.999891e-01 1.256990e-05 -4.674572e-03 -1.121728e+00 -9.630634e-06 9.999998e-01 6.288146e-04 -2.139641e-01 4.674579e-03 -6.287634e-04 9.999889e-01 6.741630e+00
1.000000e+00 3.319340e-05 1.471941e-04 -1.451546e+00 -3.320477e-05 1.000000e+00 7.772390e-05 -2.088586e-01 -1.471911e-04 -7.772808e-05 1.000000e+00 7.081232e+00
9.999887e-01 2.085707e-05 -4.758694e-03 -1.767423e+00 -1.779359e-05 9.999998e-01 6.438222e-04 -2.041366e-01 4.758706e-03 -6.437310e-04 9.999885e-01 7.290884e+00
1.000000e+00 3.775212e-05 -2.546063e-04 -2.232381e+00 -3.769952e-05 1.000000e+00 2.062811e-04 -1.913652e-01 2.546144e-04 -2.062708e-04 9.999999e-01 7.554117e+00
9.999863e-01 4.582747e-05 -5.238901e-03 -2.804896e+00 -4.170834e-05 9.999997e-01 7.863789e-04 -1.740897e-01 5.238935e-03 -7.861503e-04 9.999860e-01 7.648689e+00
9.999999e-01 5.923520e-06 -3.796175e-04 -3.407800e+00 -5.822633e-06 1.000000e+00 2.655524e-04 -1.598770e-01 3.796194e-04 -2.655495e-04 9.999999e-01 7.564136e+00
9.999853e-01 5.428976e-05 -5.429639e-03 -4.110865e+00 -4.986726e-05 9.999997e-01 8.146586e-04 -1.350534e-01 5.429681e-03 -8.143766e-04 9.999849e-01 7.668796e+00
9.999999e-01 -2.047548e-05 -4.071654e-04 -4.841030e+00 2.060643e-05 9.999999e-01 3.213904e-04 -1.158224e-01 4.071591e-04 -3.213981e-04 9.999999e-01 7.557995e+00
9.999872e-01 3.043360e-05 -5.062860e-03 -5.429066e+00 -2.717785e-05 9.999998e-01 6.431503e-04 -1.034941e-01 5.062878e-03 -6.430052e-04 9.999870e-01 7.355495e+00
9.999998e-01 1.994197e-05 -5.841865e-04 -6.054130e+00 -1.968260e-05 9.999999e-01 4.438380e-04 -8.747685e-02 5.841956e-04 -4.438258e-04 9.999997e-01 7.287804e+00
9.999884e-01 3.938416e-05 -4.811124e-03 -6.637816e+00 -3.676089e-05 9.999999e-01 5.453573e-04 -6.821429e-02 4.811145e-03 -5.451749e-04 9.999883e-01 7.403350e+00
9.999991e-01 5.599776e-05 -1.305992e-03 -7.453980e+00 -5.509315e-05 9.999998e-01 6.926178e-04 -3.677244e-02 1.306030e-03 -6.925445e-04 9.999989e-01 7.529669e+00
9.999949e-01 -2.042790e-05 -3.189596e-03 -7.828598e+00 2.058775e-05 1.000000e+00 5.011282e-05 -2.879599e-02 3.189595e-03 -5.017894e-05 9.999949e-01 7.967888e+00
9.999973e-01 8.098799e-05 -2.318641e-03 -8.419778e+00 -7.882985e-05 9.999996e-01 9.308147e-04 -9.827410e-03 2.318716e-03 -9.306287e-04 9.999969e-01 8.136550e+00
9.999931e-01 -4.803868e-05 -3.720439e-03 -9.161293e+00 4.869436e-05 1.000000e+00 1.761730e-04 7.147922e-03 3.720431e-03 -1.763537e-04 9.999931e-01 7.818991e+00
9.999999e-01 -8.991077e-05 5.100660e-04 -9.098310e+00 8.995639e-05 1.000000e+00 -8.923097e-05 2.043323e-03 -5.100576e-04 8.927755e-05 9.999999e-01 7.392112e+00
9.999963e-01 -3.163032e-06 -2.722440e-03 -8.293716e+00 3.833506e-06 1.000000e+00 2.463072e-04 -4.724840e-03 2.722438e-03 -2.463175e-04 9.999963e-01 7.153391e+00
1.000000e+00 -1.168028e-04 5.559532e-06 -7.250901e+00 1.168024e-04 1.000000e+00 9.652634e-05 -1.135006e-02 -5.570472e-06 -9.652498e-05 1.000000e+00 6.912227e+00
9.999935e-01 1.666644e-05 -3.615528e-03 -7.084298e+00 -1.601059e-05 1.000000e+00 1.814532e-04 -1.176801e-02 3.615531e-03 -1.813948e-04 9.999934e-01 6.515781e+00
9.999997e-01 -1.254737e-04 7.200392e-04 -6.567896e+00 1.254566e-04 1.000000e+00 2.393785e-05 -1.976467e-02 -7.200419e-04 -2.384681e-05 9.999997e-01 6.535271e+00
9.999947e-01 -1.823852e-06 -3.245445e-03 -5.751624e+00 2.456183e-06 1.000000e+00 1.948634e-04 -3.666891e-02 3.245444e-03 -1.948710e-04 9.999947e-01 6.572970e+00
1.000000e+00 -1.146510e-04 8.036784e-05 -5.679308e+00 1.146600e-04 1.000000e+00 -1.109033e-04 -3.836294e-02 -8.035479e-05 1.109133e-04 1.000000e+00 5.956409e+00
9.999924e-01 -1.009195e-05 -3.897939e-03 -5.884469e+00 1.100841e-05 1.000000e+00 2.351189e-04 -3.336517e-02 3.897936e-03 -2.351607e-04 9.999924e-01 4.919924e+00
9.999998e-01 -1.954830e-05 -6.627483e-04 -6.234440e+00 1.983344e-05 9.999999e-01 4.300802e-04 -3.645442e-02 6.627401e-04 -4.300925e-04 9.999997e-01 4.580547e+00
9.999924e-01 2.703139e-05 -3.893251e-03 -6.500161e+00 -2.614754e-05 1.000000e+00 2.270994e-04 -4.022641e-02 3.893257e-03 -2.269966e-04 9.999924e-01 4.455926e+00
1.000000e+00 -1.328068e-04 2.047584e-04 -6.597433e+00 1.328154e-04 1.000000e+00 -4.157090e-05 -3.750144e-02 -2.047526e-04 4.159880e-05 1.000000e+00 3.663720e+00
9.999999e-01 -2.068535e-05 -5.057211e-04 -4.122319e+00 2.031095e-05 9.999997e-01 -7.401182e-04 8.148542e-03 5.057360e-04 7.401071e-04 9.999996e-01 1.955250e+00
9.999999e-01 -4.952843e-04 1.783909e-04 -1.761673e+00 4.951767e-04 9.999997e-01 6.030464e-04 4.225016e-02 -1.786892e-04 -6.029573e-04 9.999998e-01 3.942095e-01
9.999923e-01 3.678474e-04 -3.918751e-03 -1.894005e+00 -3.697242e-04 9.999998e-01 -4.781848e-04 4.368412e-02 3.918574e-03 4.796293e-04 9.999922e-01 -4.793108e-01
9.999996e-01 -5.027151e-04 6.983743e-04 -1.790419e+00 5.023747e-04 9.999998e-01 4.876045e-04 4.256144e-02 -6.986189e-04 -4.872527e-04 9.999996e-01 -1.110446e+00
9.999951e-01 3.299152e-04 -3.126548e-03 -9.738227e-01 -3.311727e-04 9.999999e-01 -4.016346e-04 4.144055e-02 3.126415e-03 4.026673e-04 9.999950e-01 -1.497561e+00
9.999999e-01 -4.759281e-04 -1.646321e-04 -6.590176e-01 4.760113e-04 9.999998e-01 5.047836e-04 4.576091e-02 1.643921e-04 -5.048612e-04 9.999999e-01 -2.070961e+00
9.999965e-01 3.240382e-04 -2.635412e-03 -1.730473e-01 -3.251003e-04 9.999999e-01 -4.025552e-04 4.889833e-02 2.635281e-03 4.034099e-04 9.999964e-01 -2.668989e+00
9.999997e-01 -4.813109e-04 -6.631169e-04 1.949685e-01 4.816868e-04 9.999997e-01 5.666406e-04 5.354405e-02 6.628443e-04 -5.669591e-04 9.999996e-01 -3.297567e+00
9.999962e-01 3.229465e-04 -2.735437e-03 1.500422e-01 -3.242184e-04 9.999998e-01 -4.645049e-04 5.748237e-02 2.735286e-03 4.653893e-04 9.999962e-01 -4.159925e+00
9.999980e-01 -4.166949e-04 -1.957212e-03 -2.970927e-01 4.185531e-04 9.999995e-01 9.490355e-04 6.976711e-02 1.956816e-03 -9.498521e-04 9.999976e-01 -5.134366e+00
9.999999e-01 4.550251e-04 -2.865977e-04 1.078396e-01 -4.551843e-04 9.999997e-01 -5.553331e-04 3.208777e-02 2.863446e-04 5.554628e-04 9.999998e-01 -3.979834e+00
9.999975e-01 -2.040067e-04 -2.239838e-03 4.240718e-01 2.060889e-04 9.999995e-01 9.293965e-04 -8.272781e-03 2.239648e-03 -9.298550e-04 9.999971e-01 -2.830888e+00
9.999964e-01 1.412161e-04 -2.697068e-03 -3.397378e-02 -1.420807e-04 9.999999e-01 -3.203635e-04 1.778312e-03 2.697022e-03 3.207448e-04 9.999963e-01 -3.488719e+00
9.999948e-01 -1.591350e-04 -3.219081e-03 -8.130362e-01 1.632434e-04 9.999992e-01 1.276010e-03 2.390266e-02 3.218876e-03 -1.276528e-03 9.999940e-01 -4.292644e+00
9.999983e-01 9.766871e-05 -1.849381e-03 -1.313711e+00 -9.907782e-05 9.999997e-01 -7.617897e-04 3.828964e-02 1.849305e-03 7.619709e-04 9.999980e-01 -5.229919e+00
9.999952e-01 -1.636019e-04 -3.088743e-03 -1.813719e+00 1.679050e-04 9.999990e-01 1.392893e-03 5.479445e-02 3.088513e-03 -1.393405e-03 9.999943e-01 -6.009672e+00
9.999987e-01 1.115334e-04 -1.615202e-03 -2.224262e+00 -1.128878e-04 9.999996e-01 -8.383644e-04 6.685181e-02 1.615108e-03 8.385449e-04 9.999983e-01 -6.374941e+00
9.999991e-01 -1.421449e-04 -1.317278e-03 -2.144373e+00 1.436132e-04 9.999994e-01 1.114576e-03 4.468717e-02 1.317119e-03 -1.114764e-03 9.999985e-01 -5.636489e+00
9.999925e-01 1.034509e-04 -3.864486e-03 -2.660112e+00 -1.052100e-04 9.999999e-01 -4.549641e-04 5.986250e-02 3.864438e-03 4.553666e-04 9.999924e-01 -5.776726e+00
9.999997e-01 -1.864511e-04 -7.297247e-04 -3.052986e+00 1.871417e-04 9.999995e-01 9.463242e-04 7.115712e-02 7.295482e-04 -9.464598e-04 9.999993e-01 -6.389011e+00
9.999990e-01 2.062403e-05 -1.384394e-03 -2.542386e+00 -2.172556e-05 9.999997e-01 -7.955705e-04 6.486883e-02 1.384376e-03 7.955991e-04 9.999987e-01 -6.033911e+00
9.999960e-01 -1.582874e-04 -2.824473e-03 -2.858341e+00 1.615191e-04 9.999993e-01 1.143935e-03 7.741326e-02 2.824291e-03 -1.144386e-03 9.999954e-01 -6.860597e+00
9.999994e-01 8.320905e-05 -1.075884e-03 -3.070965e+00 -8.393499e-05 9.999998e-01 -6.745857e-04 7.786160e-02 1.075827e-03 6.746749e-04 9.999992e-01 -6.848220e+00
9.999969e-01 -1.652655e-04 -2.480859e-03 -3.107811e+00 1.675924e-04 9.999995e-01 9.377132e-04 6.721692e-02 2.480703e-03 -9.381254e-04 9.999965e-01 -6.626989e+00
9.999997e-01 6.249372e-06 -7.843794e-04 -3.059471e+00 -7.017392e-06 9.999995e-01 -9.789700e-04 6.872513e-02 7.843726e-04 9.789745e-04 9.999992e-01 -7.375675e+00
9.999973e-01 -1.385829e-04 -2.314893e-03 -3.030588e+00 1.411412e-04 9.999994e-01 1.104983e-03 6.640102e-02 2.314739e-03 -1.105306e-03 9.999967e-01 -7.817812e+00
1.000000e+00 6.258882e-05 4.336270e-05 -2.581245e+00 -6.254411e-05 9.999995e-01 -1.033440e-03 5.205875e-02 -4.342769e-05 1.033437e-03 9.999995e-01 -7.562943e+00
9.999960e-01 -1.215184e-04 -2.842236e-03 -2.303546e+00 1.246779e-04 9.999994e-01 1.111412e-03 3.588500e-02 2.842100e-03 -1.111761e-03 9.999953e-01 -7.415417e+00
1.000000e+00 6.420099e-05 1.428375e-04 -1.941004e+00 -6.406555e-05 9.999995e-01 -9.490059e-04 1.648467e-02 -1.428987e-04 9.489960e-04 9.999995e-01 -7.304442e+00
9.999972e-01 -2.048290e-04 -2.358516e-03 -1.517238e+00 2.068545e-04 9.999996e-01 8.584936e-04 1.287961e-03 2.358339e-03 -8.589783e-04 9.999969e-01 -7.311678e+00
9.999993e-01 2.788174e-04 -1.161202e-03 -1.423592e+00 -2.793793e-04 9.999998e-01 -4.836396e-04 -4.298948e-03 1.161066e-03 4.839630e-04 9.999992e-01 -6.848016e+00
9.999971e-01 -3.129782e-04 -2.389751e-03 -1.176133e+00 3.150969e-04 9.999996e-01 8.861966e-04 -1.542094e-02 2.389473e-03 -8.869464e-04 9.999968e-01 -6.403764e+00
9.999995e-01 2.491334e-04 -9.306258e-04 -9.050345e-01 -2.496990e-04 9.999998e-01 -6.075830e-04 -3.191756e-02 9.304739e-04 6.078144e-04 9.999994e-01 -6.044069e+00
9.999950e-01 -3.096718e-04 -3.156797e-03 -8.924453e-01 3.130669e-04 9.999994e-01 1.074999e-03 -2.077143e-02 3.156463e-03 -1.075981e-03 9.999944e-01 -5.684088e+00
9.999999e-01 2.290254e-04 -3.765233e-04 -8.083388e-01 -2.293102e-04 9.999997e-01 -7.559983e-04 -1.102096e-02 3.763497e-04 7.560839e-04 9.999996e-01 -5.732153e+00
9.999942e-01 -3.557562e-04 -3.391788e-03 -9.710302e-01 3.590160e-04 9.999995e-01 9.604851e-04 -3.716758e-03 3.391445e-03 -9.616965e-04 9.999938e-01 -6.665044e+00
9.999998e-01 2.736983e-04 -6.181912e-04 -1.094378e+00 -2.740488e-04 9.999998e-01 -5.667846e-04 -1.845078e-03 6.180356e-04 5.669532e-04 9.999996e-01 -7.058072e+00
9.999933e-01 -3.628634e-04 -3.648955e-03 -1.432940e+00 3.664301e-04 9.999995e-01 9.768036e-04 8.664460e-03 3.648599e-03 -9.781335e-04 9.999929e-01 -8.021464e+00
9.999995e-01 2.710507e-04 -9.925628e-04 -1.880766e+00 -2.716992e-04 9.999997e-01 -6.530856e-04 2.049532e-02 9.923852e-04 6.533542e-04 9.999993e-01 -9.226757e+00
9.999990e-01 -5.999294e-04 -1.300461e-03 -1.441746e+00 6.003526e-04 9.999998e-01 3.249454e-04 3.652565e-02 1.300266e-03 -3.257251e-04 9.999991e-01 -1.049621e+01
9.999994e-01 3.766284e-04 -1.044745e-03 -7.819392e-01 -3.772302e-04 9.999998e-01 -5.756658e-04 4.867640e-02 1.044527e-03 5.760589e-04 9.999993e-01 -1.141549e+01
9.999982e-01 -5.671217e-04 -1.816635e-03 -4.598936e-01 5.682149e-04 9.999997e-01 6.012371e-04 5.173082e-02 1.816294e-03 -6.022675e-04 9.999982e-01 -1.210455e+01
9.999956e-01 6.257088e-04 -2.913569e-03 -8.140713e-01 -6.252318e-04 9.999998e-01 1.646864e-04 6.266076e-02 2.913671e-03 -1.628647e-04 9.999957e-01 -1.188005e+01
9.999991e-01 -6.145142e-04 -1.217086e-03 -9.301822e-01 6.149452e-04 9.999997e-01 3.536506e-04 6.882832e-02 1.216869e-03 -3.543980e-04 9.999992e-01 -1.145634e+01
9.999920e-01 7.097687e-04 -3.937949e-03 -1.399917e+00 -7.076311e-04 9.999996e-01 5.442303e-04 8.451169e-02 3.938334e-03 -5.414400e-04 9.999921e-01 -1.138696e+01
9.999970e-01 -6.650148e-04 -2.351318e-03 -2.301234e+00 6.665086e-04 9.999996e-01 6.345068e-04 1.150885e-01 2.350896e-03 -6.360713e-04 9.999970e-01 -1.180038e+01
9.999958e-01 6.689017e-04 -2.818925e-03 -2.839275e+00 -6.684366e-04 9.999998e-01 1.659778e-04 1.311855e-01 2.819035e-03 -1.640935e-04 9.999960e-01 -1.207906e+01
9.999993e-01 -8.009245e-04 -8.380495e-04 -2.987517e+00 8.010302e-04 9.999997e-01 1.256082e-04 1.409349e-01 8.379490e-04 -1.262788e-04 9.999996e-01 -1.259965e+01
9.999883e-01 8.219995e-04 -4.773957e-03 -3.716505e+00 -8.175483e-04 9.999992e-01 9.343183e-04 1.768448e-01 4.774721e-03 -9.304051e-04 9.999882e-01 -1.219548e+01
9.999997e-01 -7.926380e-04 -1.915097e-04 -3.910394e+00 7.926265e-04 9.999997e-01 -6.124944e-05 2.164025e-01 1.915585e-04 6.109831e-05 1.000000e+00 -1.173000e+01
9.999938e-01 6.962065e-04 -3.441265e-03 -3.565024e+00 -6.942597e-04 9.999996e-01 5.669401e-04 2.299010e-01 3.441658e-03 -5.645482e-04 9.999939e-01 -1.173297e+01
9.999993e-01 -8.935934e-04 7.877076e-04 -2.441858e+00 8.938615e-04 9.999995e-01 -3.398008e-04 2.791326e-01 -7.874033e-04 3.405053e-04 9.999996e-01 -1.209673e+01
9.999953e-01 8.248812e-04 -2.965956e-03 -1.193852e+00 -8.230717e-04 9.999995e-01 6.113055e-04 2.946541e-01 2.966459e-03 -6.088621e-04 9.999954e-01 -1.228272e+01
9.999995e-01 -9.754782e-04 1.687474e-04 -3.051028e-01 9.755315e-04 9.999995e-01 -3.154419e-04 3.097928e-01 -1.684393e-04 3.156070e-04 9.999999e-01 -1.245670e+01
9.999958e-01 9.155468e-04 -2.761829e-03 5.957371e-01 -9.140947e-04 9.999994e-01 5.270687e-04 3.056860e-01 2.762310e-03 -5.245426e-04 9.999960e-01 -1.263857e+01
9.999983e-01 -1.005003e-03 -1.559664e-03 2.839564e-01 1.004870e-03 9.999995e-01 -8.585804e-05 3.164066e-01 1.559749e-03 8.429133e-05 9.999988e-01 -1.346089e+01
9.999942e-01 9.780194e-04 -3.276492e-03 -1.453031e-01 -9.753495e-04 9.999992e-01 8.164066e-04 3.305062e-01 3.277287e-03 -8.132068e-04 9.999943e-01 -1.401220e+01
9.999995e-01 -9.973810e-04 2.007488e-04 1.622138e-01 9.974602e-04 9.999994e-01 -3.941343e-04 3.196706e-01 -2.003552e-04 3.943350e-04 9.999999e-01 -1.396361e+01
9.999947e-01 9.185025e-04 -3.113795e-03 4.325685e-01 -9.163379e-04 9.999993e-01 6.965774e-04 3.186304e-01 3.114433e-03 -6.937212e-04 9.999949e-01 -1.422856e+01
9.999989e-01 -9.671407e-04 -1.139193e-03 2.530506e-01 9.669564e-04 9.999995e-01 -1.624905e-04 3.273666e-01 1.139350e-03 1.613895e-04 9.999993e-01 -1.461638e+01
9.999938e-01 9.176600e-04 -3.386231e-03 -7.333026e-02 -9.150779e-04 9.999993e-01 7.640509e-04 3.387696e-01 3.386930e-03 -7.609482e-04 9.999940e-01 -1.509726e+01
9.999985e-01 -9.499741e-04 -1.437603e-03 -5.331704e-01 9.498913e-04 9.999995e-01 -5.839757e-05 3.552456e-01 1.437658e-03 5.703261e-05 9.999990e-01 -1.553563e+01
9.999978e-01 8.607087e-04 -1.928760e-03 -5.179842e-01 -8.597479e-04 9.999995e-01 4.990053e-04 3.542471e-01 1.929188e-03 -4.973467e-04 9.999980e-01 -1.574935e+01
9.999989e-01 -9.298125e-04 -1.135941e-03 -3.069321e-01 9.297321e-04 9.999996e-01 -7.141247e-05 3.520526e-01 1.136007e-03 7.035695e-05 9.999994e-01 -1.584646e+01
9.999972e-01 8.622338e-04 -2.218137e-03 -1.081567e-02 -8.613061e-04 9.999995e-01 4.192732e-04 3.591331e-01 2.218498e-03 -4.173622e-04 9.999975e-01 -1.613935e+01
9.999995e-01 -1.043352e-03 3.797810e-05 8.637913e-01 1.043366e-03 9.999994e-01 -3.674664e-04 3.678706e-01 -3.759437e-05 3.675066e-04 9.999999e-01 -1.675680e+01
9.999966e-01 9.369721e-04 -2.448536e-03 1.723714e+00 -9.358749e-04 9.999995e-01 4.492999e-04 3.782574e-01 2.448955e-03 -4.470075e-04 9.999969e-01 -1.715359e+01
9.999990e-01 -9.787515e-04 -9.787919e-04 2.161673e+00 9.787430e-04 9.999995e-01 -9.388186e-06 3.636566e-01 9.788010e-04 8.430877e-06 9.999995e-01 -1.676936e+01
9.999976e-01 9.566161e-04 -1.955353e-03 2.897762e+00 -9.557010e-04 9.999994e-01 4.689406e-04 3.418306e-01 1.955800e-03 -4.670715e-04 9.999980e-01 -1.648721e+01
9.999988e-01 -1.009142e-03 -1.151079e-03 3.509002e+00 1.009160e-03 9.999995e-01 1.520899e-05 3.222718e-01 1.151064e-03 -1.636991e-05 9.999993e-01 -1.618971e+01
9.999969e-01 9.859068e-04 -2.267484e-03 3.937772e+00 -9.849334e-04 9.999994e-01 4.304522e-04 3.092297e-01 2.267907e-03 -4.282183e-04 9.999973e-01 -1.581152e+01
9.999991e-01 -1.049574e-03 -8.864444e-04 4.605340e+00 1.049603e-03 9.999994e-01 3.159483e-05 2.879153e-01 8.864110e-04 -3.252453e-05 9.999996e-01 -1.552662e+01
9.999974e-01 9.935369e-04 -2.071383e-03 5.312940e+00 -9.926379e-04 9.999994e-01 4.351032e-04 2.619166e-01 2.071813e-03 -4.330466e-04 9.999978e-01 -1.525262e+01
9.999991e-01 -1.031927e-03 -9.022052e-04 6.035539e+00 1.031921e-03 9.999995e-01 -7.375782e-06 2.401628e-01 9.022126e-04 6.445455e-06 9.999996e-01 -1.503779e+01
9.999975e-01 9.845556e-04 -1.982633e-03 6.800093e+00 -9.834863e-04 9.999994e-01 5.403521e-04 2.064919e-01 1.983164e-03 -5.384015e-04 9.999979e-01 -1.458422e+01
9.999993e-01 -9.873206e-04 -5.841868e-04 7.720696e+00 9.872848e-04 9.999995e-01 -6.198307e-05 1.741811e-01 5.842480e-04 6.140696e-05 9.999998e-01 -1.422566e+01
9.999979e-01 8.768810e-04 -1.865782e-03 8.613453e+00 -8.758314e-04 9.999995e-01 5.633996e-04 1.509935e-01 1.866275e-03 -5.617650e-04 9.999981e-01 -1.406944e+01
9.999983e-01 -8.840684e-04 -1.629984e-03 8.670700e+00 8.840042e-04 9.999996e-01 -4.021153e-05 1.415504e-01 1.630019e-03 3.877123e-05 9.999987e-01 -1.393962e+01
9.999984e-01 8.526818e-04 -1.569903e-03 8.744021e+00 -8.519133e-04 9.999995e-01 4.902783e-04 1.305429e-01 1.570320e-03 -4.889408e-04 9.999986e-01 -1.385472e+01
9.999974e-01 -8.538775e-04 -2.095945e-03 8.690923e+00 8.540726e-04 9.999996e-01 9.208309e-05 1.233234e-01 2.095866e-03 -9.387226e-05 9.999978e-01 -1.370140e+01
9.999991e-01 8.163095e-04 -1.067545e-03 8.853061e+00 -8.159388e-04 9.999996e-01 3.478191e-04 1.156280e-01 1.067828e-03 -3.469484e-04 9.999994e-01 -1.369078e+01
9.999974e-01 -8.721254e-04 -2.126769e-03 9.025539e+00 8.721556e-04 9.999996e-01 1.315740e-05 1.098452e-01 2.126757e-03 -1.501155e-05 9.999977e-01 -1.371513e+01
9.999961e-01 8.731229e-04 -2.635429e-03 8.567632e+00 -8.710715e-04 9.999993e-01 7.795122e-04 1.208751e-01 2.636107e-03 -7.772142e-04 9.999962e-01 -1.376205e+01
9.999986e-01 -8.263592e-04 -1.425172e-03 8.370210e+00 8.262976e-04 9.999997e-01 -4.398559e-05 1.183876e-01 1.425208e-03 4.280860e-05 9.999990e-01 -1.342204e+01
9.999949e-01 9.074871e-04 -3.057538e-03 8.067916e+00 -9.048583e-04 9.999992e-01 8.611029e-04 1.201096e-01 3.058317e-03 -8.583325e-04 9.999950e-01 -1.306990e+01
9.999964e-01 -8.305277e-04 -2.549114e-03 7.416023e+00 8.311073e-04 9.999996e-01 2.262481e-04 1.370707e-01 2.548926e-03 -2.283652e-04 9.999967e-01 -1.298687e+01
9.999980e-01 7.970759e-04 -1.848932e-03 7.152247e+00 -7.962364e-04 9.999996e-01 4.548713e-04 1.432173e-01 1.849293e-03 -4.533989e-04 9.999982e-01 -1.320529e+01
9.999959e-01 -7.645349e-04 -2.761377e-03 6.834873e+00 7.653884e-04 9.999997e-01 3.079567e-04 1.476650e-01 2.761141e-03 -3.100683e-04 9.999961e-01 -1.321806e+01
9.999955e-01 8.715483e-04 -2.886250e-03 6.173182e+00 -8.691741e-04 9.999993e-01 8.237997e-04 1.655106e-01 2.886965e-03 -8.212880e-04 9.999955e-01 -1.317621e+01
9.999961e-01 -8.116697e-04 -2.682348e-03 5.556848e+00 8.122272e-04 9.999996e-01 2.066728e-04 1.808903e-01 2.682179e-03 -2.088500e-04 9.999964e-01 -1.321105e+01
9.999971e-01 8.574948e-04 -2.271042e-03 5.082243e+00 -8.558531e-04 9.999994e-01 7.238185e-04 1.896879e-01 2.271661e-03 -7.218734e-04 9.999972e-01 -1.310620e+01
9.999995e-01 -8.358066e-04 -5.354137e-04 5.426462e+00 8.356503e-04 9.999996e-01 -2.924222e-04 1.615885e-01 5.356582e-04 2.919754e-04 9.999998e-01 -1.263285e+01
9.999974e-01 8.193059e-04 -2.134122e-03 5.979130e+00 -8.178092e-04 9.999994e-01 7.022089e-04 1.318258e-01 2.134696e-03 -7.004624e-04 9.999975e-01 -1.229449e+01
9.999993e-01 -8.568694e-04 -7.795128e-04 6.578750e+00 8.566496e-04 9.999996e-01 -2.825470e-04 1.016624e-01 7.797549e-04 2.818797e-04 9.999997e-01 -1.186636e+01
9.999967e-01 8.492350e-04 -2.427619e-03 6.944287e+00 -8.476367e-04 9.999994e-01 6.594456e-04 8.197811e-02 2.428177e-03 -6.573863e-04 9.999968e-01 -1.147102e+01
9.999994e-01 -8.532400e-04 -6.154620e-04 7.367934e+00 8.530384e-04 9.999996e-01 -3.281070e-04 5.785516e-02 6.157420e-04 3.275825e-04 9.999998e-01 -1.105078e+01
9.999970e-01 8.187410e-04 -2.326218e-03 7.855038e+00 -8.172524e-04 9.999995e-01 6.409155e-04 3.822117e-02 2.326741e-03 -6.390132e-04 9.999971e-01 -1.083089e+01
9.999994e-01 -8.605007e-04 -6.449591e-04 8.429885e+00 8.603172e-04 9.999996e-01 -2.851202e-04 1.398889e-02 6.452045e-04 2.845658e-04 9.999998e-01 -1.055122e+01
9.999972e-01 8.034406e-04 -2.215794e-03 8.960899e+00 -8.020505e-04 9.999995e-01 6.283083e-04 -1.173830e-02 2.216297e-03 -6.265300e-04 9.999973e-01 -1.018763e+01
9.999987e-01 -8.642715e-04 -1.365231e-03 9.012957e+00 8.640931e-04 9.999996e-01 -1.314041e-04 -5.426222e-03 1.365344e-03 1.302249e-04 9.999991e-01 -9.565487e+00
9.999954e-01 9.171193e-04 -2.905312e-03 8.892430e+00 -9.149778e-04 9.999993e-01 7.384089e-04 1.079623e-02 2.905987e-03 -7.357479e-04 9.999955e-01 -9.285166e+00
9.999985e-01 -9.078427e-04 -1.467606e-03 8.584091e+00 9.077939e-04 9.999996e-01 -3.404284e-05 2.092130e-02 1.467637e-03 3.271118e-05 9.999989e-01 -9.254992e+00
9.999981e-01 8.453629e-04 -1.741787e-03 9.291884e+00 -8.444611e-04 9.999995e-01 5.185729e-04 5.981581e-03 1.742224e-03 -5.171017e-04 9.999983e-01 -8.987100e+00
9.999988e-01 -9.476563e-04 -1.220813e-03 9.876986e+00 9.474993e-04 9.999995e-01 -1.293972e-04 -1.653750e-02 1.220935e-03 1.282410e-04 9.999992e-01 -8.642211e+00
9.999996e-01 8.815601e-04 3.053437e-04 1.161607e+01 -8.817736e-04 9.999994e-01 6.991238e-04 -6.924230e-02 -3.047275e-04 -6.993934e-04 9.999997e-01 -7.636604e+00
9.999991e-01 -7.447110e-04 -1.137571e-03 1.341849e+01 7.447302e-04 9.999997e-01 1.618865e-05 -1.349058e-01 1.137559e-03 -1.703514e-05 9.999994e-01 -6.613509e+00
9.999991e-01 6.819839e-04 -1.117752e-03 1.510496e+01 -6.815641e-04 9.999997e-01 3.761607e-04 -1.513303e-01 1.118008e-03 -3.753993e-04 9.999993e-01 -6.755148e+00
9.999978e-01 -1.098193e-03 1.773389e-03 1.920716e+01 1.099125e-03 9.999993e-01 -5.245148e-04 -1.104708e-01 -1.772811e-03 5.264635e-04 9.999983e-01 -8.518347e+00
9.999974e-01 6.135051e-04 -2.176006e-03 2.154525e+01 -6.126253e-04 9.999997e-01 4.050408e-04 -8.063203e-02 2.176253e-03 -4.037074e-04 9.999976e-01 -9.828148e+00
9.999996e-01 -8.531263e-04 -3.078772e-04 2.303879e+01 8.528269e-04 9.999992e-01 -9.719846e-04 -2.573088e-02 3.087064e-04 9.717223e-04 9.999995e-01 -1.220198e+01
1.000000e+00 1.844417e-04 6.214225e-05 2.493873e+01 -1.844651e-04 9.999999e-01 3.728253e-04 3.428287e-02 -6.207377e-05 -3.728374e-04 9.999999e-01 -1.476770e+01
9.999996e-01 -2.747606e-04 -8.064057e-04 2.717235e+01 2.738889e-04 9.999994e-01 -1.081208e-03 7.953930e-02 8.067025e-04 1.080988e-03 9.999991e-01 -1.635480e+01
9.999998e-01 -2.364181e-04 5.909973e-04 2.937862e+01 2.360576e-04 9.999998e-01 6.096467e-04 1.188342e-01 -5.911416e-04 -6.095077e-04 9.999996e-01 -1.790274e+01
9.999878e-01 -5.854430e-05 -4.939231e-03 2.908570e+01 5.554286e-05 9.999998e-01 -6.078536e-04 1.452382e-01 4.939266e-03 6.075725e-04 9.999876e-01 -1.947678e+01
9.999999e-01 -6.509522e-05 3.607832e-04 2.856787e+01 6.485487e-05 9.999998e-01 6.655151e-04 1.742228e-01 -3.608267e-04 -6.654923e-04 9.999997e-01 -2.159295e+01
9.999898e-01 -1.328870e-04 -4.505728e-03 2.825944e+01 1.307149e-04 9.999999e-01 -4.824199e-04 1.873969e-01 4.505791e-03 4.818267e-04 9.999897e-01 -2.295156e+01
9.999999e-01 4.478946e-04 2.085907e-04 2.812206e+01 -4.482592e-04 9.999984e-01 1.750079e-03 1.957473e-01 -2.078068e-04 -1.750173e-03 9.999984e-01 -2.240164e+01
9.999908e-01 -1.683885e-04 -4.286593e-03 2.840636e+01 1.654229e-04 9.999997e-01 -6.922509e-04 1.975038e-01 4.286709e-03 6.915361e-04 9.999906e-01 -2.153049e+01
9.999998e-01 5.200225e-04 -3.372897e-04 2.832433e+01 -5.193868e-04 9.999981e-01 1.882751e-03 2.070879e-01 3.382678e-04 -1.882576e-03 9.999982e-01 -2.066196e+01
9.999896e-01 -2.228180e-04 -4.554296e-03 2.807008e+01 2.195603e-04 9.999997e-01 -7.158295e-04 2.143550e-01 4.554455e-03 7.148228e-04 9.999894e-01 -2.024076e+01
9.999999e-01 4.628972e-04 1.329839e-04 2.825657e+01 -4.631298e-04 9.999984e-01 1.753035e-03 2.208865e-01 -1.321725e-04 -1.753097e-03 9.999985e-01 -1.967400e+01
9.999942e-01 -3.589812e-04 -3.391464e-03 2.921795e+01 3.556103e-04 9.999994e-01 -9.945505e-04 2.077893e-01 3.391820e-03 9.933393e-04 9.999938e-01 -1.891040e+01
9.999998e-01 5.392034e-04 1.715956e-04 3.024640e+01 -5.395338e-04 9.999980e-01 1.929357e-03 1.918576e-01 -1.705553e-04 -1.929449e-03 9.999981e-01 -1.750749e+01
9.999891e-01 -3.136981e-04 -4.657239e-03 3.015490e+01 3.088313e-04 9.999994e-01 -1.045724e-03 1.995764e-01 4.657565e-03 1.044275e-03 9.999886e-01 -1.703891e+01
9.999999e-01 4.395860e-04 2.336260e-04 2.992046e+01 -4.399946e-04 9.999984e-01 1.750518e-03 2.051528e-01 -2.328564e-04 -1.750621e-03 9.999984e-01 -1.658496e+01
9.999938e-01 -4.148815e-04 -3.499131e-03 3.009634e+01 4.099476e-04 9.999989e-01 -1.410697e-03 1.852575e-01 3.499713e-03 1.409255e-03 9.999929e-01 -1.611814e+01
9.999996e-01 4.605781e-04 6.992114e-04 3.023625e+01 -4.618218e-04 9.999983e-01 1.779206e-03 1.566652e-01 -6.983911e-04 -1.779529e-03 9.999982e-01 -1.505176e+01
9.999948e-01 -3.628707e-04 -3.193674e-03 3.070480e+01 3.585712e-04 9.999990e-01 -1.346813e-03 1.180898e-01 3.194160e-03 1.345661e-03 9.999940e-01 -1.409859e+01
9.999996e-01 3.791351e-04 7.774764e-04 3.172114e+01 -3.806122e-04 9.999981e-01 1.900316e-03 8.742840e-02 -7.767547e-04 -1.900612e-03 9.999979e-01 -1.373376e+01
9.999919e-01 -4.020245e-04 -4.014969e-03 3.205762e+01 3.959492e-04 9.999988e-01 -1.513908e-03 6.455374e-02 4.015573e-03 1.512306e-03 9.999908e-01 -1.349279e+01
9.999995e-01 4.681710e-04 8.826852e-04 3.218997e+01 -4.698537e-04 9.999981e-01 1.906864e-03 4.083310e-02 -8.817911e-04 -1.907279e-03 9.999978e-01 -1.282319e+01
9.999923e-01 -4.374049e-04 -3.895542e-03 3.234591e+01 4.314652e-04 9.999987e-01 -1.525504e-03 1.561769e-02 3.896205e-03 1.523812e-03 9.999912e-01 -1.219355e+01
9.999994e-01 3.981209e-04 9.900369e-04 3.291193e+01 -3.999241e-04 9.999983e-01 1.821502e-03 -2.888432e-04 -9.893102e-04 -1.821897e-03 9.999979e-01 -1.219650e+01
9.999911e-01 -3.889058e-04 -4.202182e-03 3.316985e+01 3.827383e-04 9.999988e-01 -1.468448e-03 -2.587236e-02 4.202748e-03 1.466827e-03 9.999901e-01 -1.167367e+01
9.999996e-01 3.990091e-04 8.239824e-04 3.306507e+01 -4.005702e-04 9.999981e-01 1.894984e-03 -3.767140e-02 -8.232250e-04 -1.895314e-03 9.999979e-01 -1.068292e+01
9.999880e-01 -3.663060e-04 -4.894334e-03 3.277227e+01 3.599906e-04 9.999991e-01 -1.291209e-03 -3.384579e-02 4.894803e-03 1.289432e-03 9.999872e-01 -9.807007e+00
9.999996e-01 5.042119e-04 7.582914e-04 3.246997e+01 -5.057803e-04 9.999977e-01 2.069202e-03 -2.966660e-02 -7.572466e-04 -2.069585e-03 9.999976e-01 -8.926749e+00
9.999863e-01 -2.825500e-04 -5.219734e-03 3.223193e+01 2.760601e-04 9.999992e-01 -1.244066e-03 -2.287104e-02 5.220081e-03 1.242609e-03 9.999856e-01 -8.180103e+00
9.999981e-01 3.821576e-04 1.889438e-03 3.256386e+01 -3.855526e-04 9.999983e-01 1.796630e-03 -2.975054e-02 -1.888749e-03 -1.797355e-03 9.999966e-01 -6.948977e+00
9.999814e-01 -1.735741e-04 -6.095835e-03 3.278447e+01 1.682625e-04 9.999996e-01 -8.719023e-04 -1.855364e-02 6.095984e-03 8.708610e-04 9.999810e-01 -5.393896e+00
9.999977e-01 2.746682e-04 2.107953e-03 3.324107e+01 -2.780157e-04 9.999987e-01 1.587770e-03 4.170443e-03 -2.107514e-03 -1.588353e-03 9.999965e-01 -4.126551e+00
9.999945e-01 -6.383516e-04 -3.240155e-03 3.560580e+01 6.333481e-04 9.999986e-01 -1.545065e-03 5.867634e-02 3.241137e-03 1.543005e-03 9.999936e-01 -4.188116e+00
9.999978e-01 3.465540e-04 2.052996e-03 3.841189e+01 -3.509449e-04 9.999977e-01 2.138666e-03 1.199675e-01 -2.052251e-03 -2.139383e-03 9.999956e-01 -3.865999e+00
9.999868e-01 -3.548669e-04 -5.121278e-03 3.985765e+01 3.484666e-04 9.999992e-01 -1.250639e-03 1.670372e-01 5.121718e-03 1.248838e-03 9.999861e-01 -2.810780e+00
9.999988e-01 5.502919e-04 1.480489e-03 4.027000e+01 -5.533288e-04 9.999977e-01 2.051501e-03 1.833640e-01 -1.479357e-03 -2.052318e-03 9.999968e-01 -1.706598e+00
9.999948e-01 -4.571206e-04 -3.206619e-03 4.212845e+01 4.534016e-04 9.999992e-01 -1.160507e-03 1.702532e-01 3.207147e-03 1.159048e-03 9.999942e-01 -6.107716e-01
9.999995e-01 9.496717e-04 -1.616353e-04 4.348233e+01 -9.492263e-04 9.999958e-01 2.735735e-03 1.865239e-01 1.642324e-04 -2.735581e-03 9.999962e-01 4.434133e-01
9.999924e-01 -5.849812e-04 -3.851224e-03 4.338121e+01 5.783127e-04 9.999983e-01 -1.732484e-03 1.908342e-01 3.852231e-03 1.730244e-03 9.999911e-01 1.949810e+00
9.999967e-01 6.939348e-04 2.489416e-03 4.462829e+01 -6.997439e-04 9.999970e-01 2.333318e-03 1.333391e-01 -2.487789e-03 -2.335053e-03 9.999942e-01 4.081577e+00
9.999930e-01 -3.739054e-04 -3.711748e-03 4.605902e+01 3.681412e-04 9.999987e-01 -1.553609e-03 6.118399e-02 3.712325e-03 1.552233e-03 9.999919e-01 5.863933e+00
9.999999e-01 4.803955e-04 -8.824267e-05 4.613289e+01 -4.802029e-04 9.999975e-01 2.172717e-03 5.421516e-02 8.928595e-05 -2.172675e-03 9.999976e-01 6.674918e+00
9.999953e-01 -3.760058e-04 -3.049366e-03 4.626358e+01 3.706952e-04 9.999984e-01 -1.742023e-03 4.319425e-02 3.050016e-03 1.740885e-03 9.999938e-01 7.748370e+00
9.999992e-01 6.224772e-04 -1.084984e-03 4.609972e+01 -6.195371e-04 9.999961e-01 2.708338e-03 5.464831e-02 1.086665e-03 -2.707664e-03 9.999957e-01 8.959058e+00
9.999977e-01 -5.381470e-04 -2.056666e-03 4.671952e+01 5.338928e-04 9.999977e-01 -2.068629e-03 4.175800e-02 2.057775e-03 2.067527e-03 9.999957e-01 1.028360e+01
9.999984e-01 6.870861e-04 -1.640540e-03 4.715868e+01 -6.817650e-04 9.999945e-01 3.242061e-03 4.835145e-02 1.642758e-03 -3.240938e-03 9.999934e-01 1.246386e+01
9.999931e-01 -2.465458e-04 -3.717166e-03 4.711540e+01 2.404521e-04 9.999986e-01 -1.639791e-03 8.740451e-02 3.717566e-03 1.638887e-03 9.999917e-01 1.453277e+01
9.999997e-01 5.518574e-04 -5.505489e-04 4.754605e+01 -5.502022e-04 9.999953e-01 3.002611e-03 1.015036e-01 5.522031e-04 -3.002307e-03 9.999953e-01 1.646422e+01
9.999923e-01 -2.627960e-04 -3.907410e-03 4.807081e+01 2.561920e-04 9.999985e-01 -1.690604e-03 1.129799e-01 3.907849e-03 1.689591e-03 9.999909e-01 1.825670e+01
9.999998e-01 4.320096e-04 4.562520e-04 4.822107e+01 -4.331057e-04 9.999970e-01 2.404513e-03 9.904834e-02 -4.552121e-04 -2.404711e-03 9.999970e-01 1.967305e+01
9.999937e-01 -2.947452e-04 -3.544265e-03 4.854785e+01 2.881810e-04 9.999982e-01 -1.852496e-03 8.193968e-02 3.544805e-03 1.851464e-03 9.999920e-01 2.021519e+01
9.999998e-01 3.901073e-04 4.773908e-04 4.886601e+01 -3.912617e-04 9.999970e-01 2.419989e-03 5.498871e-02 -4.764456e-04 -2.420176e-03 9.999970e-01 2.103529e+01
9.999953e-01 -3.224603e-04 -3.054659e-03 4.905239e+01 3.162394e-04 9.999979e-01 -2.036870e-03 2.552331e-02 3.055310e-03 2.035895e-03 9.999933e-01 2.232307e+01
9.999999e-01 3.081875e-04 -2.052462e-04 4.895995e+01 -3.076889e-04 9.999970e-01 2.426324e-03 1.224525e-02 2.059931e-04 -2.426261e-03 9.999970e-01 2.346208e+01
9.999934e-01 -2.832851e-04 -3.618961e-03 4.877004e+01 2.764077e-04 9.999982e-01 -1.900817e-03 7.488662e-03 3.619493e-03 1.899804e-03 9.999916e-01 2.424675e+01
9.999998e-01 2.986191e-04 4.697419e-04 4.907175e+01 -2.995949e-04 9.999978e-01 2.078139e-03 -8.174804e-03 -4.691205e-04 -2.078280e-03 9.999977e-01 2.477016e+01
9.999958e-01 -2.704682e-04 -2.880670e-03 4.968230e+01 2.650635e-04 9.999982e-01 -1.876531e-03 -1.769339e-02 2.881173e-03 1.875760e-03 9.999941e-01 2.487796e+01
9.999984e-01 3.813034e-04 -1.753669e-03 4.944527e+01 -3.767514e-04 9.999966e-01 2.595438e-03 -8.254708e-03 1.754652e-03 -2.594774e-03 9.999951e-01 2.503332e+01
9.999971e-01 -4.187678e-04 -2.356914e-03 4.926235e+01 4.128865e-04 9.999968e-01 -2.495373e-03 1.278980e-02 2.357951e-03 2.494394e-03 9.999941e-01 2.444987e+01
9.999939e-01 4.592282e-04 -3.466695e-03 4.850488e+01 -4.476487e-04 9.999943e-01 3.340322e-03 4.986762e-02 3.468209e-03 -3.338750e-03 9.999884e-01 2.326601e+01
9.999986e-01 -4.391440e-04 -1.602776e-03 4.804078e+01 4.349279e-04 9.999964e-01 -2.630099e-03 6.069329e-02 1.603926e-03 2.629399e-03 9.999953e-01 2.259429e+01
9.999945e-01 5.360260e-04 -3.270109e-03 4.772073e+01 -5.253682e-04 9.999946e-01 3.259233e-03 7.965220e-02 3.271838e-03 -3.257498e-03 9.999893e-01 2.234246e+01
9.999975e-01 -4.928302e-04 -2.179206e-03 4.705968e+01 4.865624e-04 9.999957e-01 -2.875934e-03 1.287921e-01 2.180614e-03 2.874867e-03 9.999935e-01 2.082083e+01
9.999949e-01 6.276923e-04 -3.138652e-03 4.642602e+01 -6.153153e-04 9.999920e-01 3.942921e-03 1.734177e-01 3.141102e-03 -3.940970e-03 9.999873e-01 1.992580e+01
9.999961e-01 -4.443866e-04 -2.753140e-03 4.576111e+01 4.350897e-04 9.999942e-01 -3.376630e-03 2.146251e-01 2.754625e-03 3.375420e-03 9.999905e-01 1.936572e+01
9.999980e-01 5.296749e-04 -1.951743e-03 4.533414e+01 -5.215410e-04 9.999912e-01 4.165845e-03 2.557729e-01 1.953932e-03 -4.164819e-03 9.999894e-01 1.840154e+01
9.999996e-01 -4.193536e-04 -8.012768e-04 4.587305e+01 4.163322e-04 9.999928e-01 -3.767636e-03 2.541640e-01 8.028513e-04 3.767301e-03 9.999926e-01 1.842576e+01
9.999953e-01 5.630280e-04 -3.011402e-03 4.628367e+01 -5.496650e-04 9.999900e-01 4.436537e-03 2.526533e-01 3.013870e-03 -4.434861e-03 9.999856e-01 1.898629e+01
9.999975e-01 -4.957454e-04 -2.177633e-03 4.579544e+01 4.870542e-04 9.999919e-01 -3.989959e-03 2.825183e-01 2.179593e-03 3.988889e-03 9.999897e-01 1.908308e+01
9.999969e-01 7.311451e-04 -2.366171e-03 4.538469e+01 -7.194896e-04 9.999876e-01 4.923128e-03 3.132776e-01 2.369741e-03 -4.921411e-03 9.999851e-01 1.857994e+01
9.999988e-01 -7.144737e-04 -1.363018e-03 4.541543e+01 7.082290e-04 9.999893e-01 -4.576774e-03 3.003864e-01 1.366274e-03 4.575804e-03 9.999886e-01 1.884539e+01
9.999978e-01 7.337317e-04 -1.980779e-03 4.562327e+01 -7.238568e-04 9.999873e-01 4.981627e-03 2.826201e-01 1.984409e-03 -4.980183e-03 9.999856e-01 1.943262e+01
9.999982e-01 -7.593934e-04 -1.720066e-03 4.553679e+01 7.514673e-04 9.999891e-01 -4.604152e-03 2.724037e-01 1.723543e-03 4.602852e-03 9.999879e-01 1.998122e+01
9.999968e-01 6.690184e-04 -2.453279e-03 4.536067e+01 -6.567289e-04 9.999872e-01 5.006954e-03 2.722394e-01 2.456597e-03 -5.005327e-03 9.999845e-01 1.971733e+01
9.999990e-01 -7.170359e-04 -1.239132e-03 4.542962e+01 7.112133e-04 9.999887e-01 -4.693280e-03 2.650128e-01 1.242483e-03 4.692395e-03 9.999882e-01 1.952360e+01
9.999975e-01 6.313032e-04 -2.140525e-03 4.551771e+01 -6.208100e-04 9.999878e-01 4.899430e-03 2.552611e-01 2.143592e-03 -4.898090e-03 9.999857e-01 1.938446e+01
