9.999870e-01 1.467725e-04 -5.099156e-03 4.191361e-01 -1.389900e-04 9.999988e-01 1.526568e-03 6.989475e-02 5.099374e-03 -1.525840e-03 9.999858e-01 1.650967e+00
9.999997e-01 -4.039977e-05 7.939818e-04 1.931860e+00 4.027432e-05 1.000000e+00 1.580493e-04 1.203560e-01 -7.939878e-04 -1.580166e-04 9.999997e-01 3.677978e+00
9.999848e-01 2.867720e-04 -5.503562e-03 2.800954e+00 -2.797895e-04 9.999992e-01 1.269450e-03 1.485141e-01 5.503921e-03 -1.267891e-03 9.999840e-01 5.062329e+00
9.999995e-01 -8.172425e-05 9.489549e-04 2.602294e+00 8.201792e-05 9.999999e-01 -3.094016e-04 1.666387e-01 -9.489292e-04 3.094800e-04 9.999995e-01 5.934678e+00
9.999797e-01 3.168122e-04 -6.369187e-03 2.030044e+00 -3.072846e-04 9.999988e-01 1.496816e-03 1.902994e-01 6.369653e-03 -1.494829e-03 9.999786e-01 6.293945e+00
9.999991e-01 -1.016207e-04 1.327688e-03 1.633418e+00 1.021917e-04 9.999999e-01 -4.299657e-04 2.101168e-01 -1.327644e-03 4.301017e-04 9.999990e-01 6.631483e+00
9.999919e-01 1.833917e-04 -4.013427e-03 2.269981e+00 -1.801383e-04 9.999997e-01 8.109848e-04 1.950547e-01 4.013574e-03 -8.102560e-04 9.999916e-01 7.163972e+00
9.999998e-01 -3.302395e-05 5.896446e-04 2.620956e+00 3.308272e-05 1.000000e+00 -9.959505e-05 1.863858e-01 -5.896410e-04 9.961525e-05 9.999998e-01 7.935497e+00
9.999886e-01 3.509120e-04 -4.766058e-03 2.407059e+00 -3.449580e-04 9.999992e-01 1.250022e-03 1.994758e-01 4.766492e-03 -1.248364e-03 9.999879e-01 9.223208e+00
9.999999e-01 2.089335e-04 -3.954567e-04 1.641457e+00 -2.087193e-04 9.999998e-01 5.414395e-04 2.472352e-01 3.955701e-04 -5.413562e-04 9.999998e-01 1.151444e+01
9.999861e-01 4.765479e-04 -5.250615e-03 1.006399e+00 -4.680464e-04 9.999986e-01 1.620258e-03 3.046850e-01 5.251379e-03 -1.617778e-03 9.999849e-01 1.395135e+01
1.000000e+00 4.224011e-05 8.280897e-05 1.128330e+00 -4.224380e-05 1.000000e+00 4.511686e-05 3.323816e-01 -8.280673e-05 -4.511965e-05 1.000000e+00 1.537249e+01
9.999888e-01 2.401156e-04 -4.719151e-03 1.373056e+00 -2.334168e-04 9.999990e-01 1.419992e-03 3.570028e-01 4.719487e-03 -1.418875e-03 9.999879e-01 1.703726e+01
9.999999e-01 2.874197e-04 -3.786973e-04 1.149931e+00 -2.873118e-04 9.999999e-01 2.848643e-04 3.916518e-01 3.787795e-04 -2.847548e-04 9.999999e-01 1.880490e+01
9.999928e-01 3.274067e-05 -3.792399e-03 1.224156e+00 -2.923473e-05 9.999996e-01 9.245307e-04 4.073365e-01 3.792427e-03 -9.244139e-04 9.999924e-01 2.037542e+01
9.999998e-01 4.399908e-04 -5.068597e-04 1.556294e+00 -4.396471e-04 9.999997e-01 6.779338e-04 4.263224e-01 5.071581e-04 -6.777101e-04 9.999996e-01 2.251835e+01
9.999885e-01 9.169270e-05 -4.795349e-03 1.019977e+00 -8.735725e-05 9.999996e-01 9.043074e-04 4.631474e-01 4.795429e-03 -9.038788e-04 9.999881e-01 2.419006e+01
1.000000e+00 1.929176e-04 -5.418296e-05 6.989941e-01 -1.929061e-04 1.000000e+00 2.110303e-04 4.843515e-01 5.422401e-05 -2.110191e-04 1.000000e+00 2.519424e+01
9.999910e-01 3.929543e-05 -4.241266e-03 7.879767e-01 -3.617667e-05 9.999997e-01 7.354220e-04 4.936918e-01 4.241293e-03 -7.352627e-04 9.999907e-01 2.601878e+01
1.000000e+00 2.036394e-04 1.473955e-04 1.196374e+00 -2.036792e-04 9.999999e-01 2.705490e-04 4.994914e-01 -1.473400e-04 -2.705783e-04 1.000000e+00 2.726530e+01
9.999904e-01 8.711958e-05 -4.383511e-03 1.051351e+00 -8.329667e-05 9.999996e-01 8.723003e-04 5.172754e-01 4.383585e-03 -8.719275e-04 9.999900e-01 2.904719e+01
9.999997e-01 2.157599e-04 7.531061e-04 1.382877e+00 -2.162032e-04 9.999998e-01 5.885760e-04 5.300865e-01 -7.529786e-04 -5.887379e-04 9.999995e-01 3.188437e+01
9.999872e-01 3.746110e-04 -5.042928e-03 1.393315e+00 -3.676084e-04 9.999990e-01 1.389468e-03 5.707860e-01 5.043443e-03 -1.387597e-03 9.999863e-01 3.549535e+01
9.999999e-01 2.490772e-04 2.477465e-04 1.412494e+00 -2.492795e-04 9.999996e-01 8.171636e-04 6.189007e-01 -2.475426e-04 -8.172246e-04 9.999996e-01 3.872785e+01
9.999895e-01 2.725335e-04 -4.580218e-03 1.361353e+00 -2.681902e-04 9.999995e-01 9.488795e-04 6.468213e-01 4.580474e-03 -9.476419e-04 9.999891e-01 4.176767e+01
9.999998e-01 2.312230e-04 5.088482e-04 1.449725e+00 -2.316714e-04 9.999996e-01 8.814163e-04 6.785255e-01 -5.086439e-04 -8.815333e-04 9.999995e-01 4.496953e+01
9.999894e-01 3.387237e-04 -4.598968e-03 1.934173e+00 -3.345182e-04 9.999995e-01 9.152031e-04 6.979280e-01 4.599276e-03 -9.136557e-04 9.999890e-01 4.800791e+01
9.999992e-01 -7.486630e-05 1.264226e-03 2.402227e+00 7.479519e-05 1.000000e+00 5.634461e-05 6.938812e-01 -1.264230e-03 -5.624929e-05 9.999992e-01 4.987805e+01
9.999863e-01 3.380962e-04 -5.229778e-03 2.612208e+00 -3.317210e-04 9.999992e-01 1.219855e-03 7.105911e-01 5.230186e-03 -1.218105e-03 9.999856e-01 5.224916e+01
9.999995e-01 1.675696e-04 1.019514e-03 2.774836e+00 -1.679238e-04 9.999999e-01 3.473972e-04 7.336619e-01 -1.019456e-03 -3.475675e-04 9.999994e-01 5.470065e+01
9.999884e-01 8.713917e-05 -4.823216e-03 3.044705e+00 -8.403715e-05 9.999998e-01 6.433569e-04 7.378978e-01 4.823271e-03 -6.429448e-04 9.999882e-01 5.614661e+01
9.999986e-01 1.104926e-04 1.689084e-03 3.586370e+00 -1.108921e-04 1.000000e+00 2.364966e-04 7.287481e-01 -1.689058e-03 -2.366829e-04 9.999985e-01 5.763424e+01
9.999839e-01 2.130491e-04 -5.672712e-03 3.576382e+00 -2.083838e-04 9.999996e-01 8.229935e-04 7.378216e-01 5.672885e-03 -8.217988e-04 9.999836e-01 5.911944e+01
9.999992e-01 1.406268e-04 1.295948e-03 3.307588e+00 -1.410842e-04 9.999999e-01 3.528888e-04 7.564364e-01 -1.295898e-03 -3.530706e-04 9.999991e-01 6.055644e+01
9.999848e-01 1.898071e-04 -5.510266e-03 3.117345e+00 -1.859453e-04 9.999997e-01 7.013537e-04 7.676385e-01 5.510397e-03 -7.003191e-04 9.999846e-01 6.172139e+01
9.999996e-01 5.933605e-05 8.542836e-04 2.765219e+00 -5.957609e-05 1.000000e+00 2.810439e-04 7.798477e-01 -8.542665e-04 -2.810940e-04 9.999996e-01 6.244186e+01
9.999881e-01 1.837119e-04 -4.877605e-03 2.686593e+00 -1.809486e-04 9.999998e-01 5.669960e-04 7.815795e-01 4.877708e-03 -5.661074e-04 9.999879e-01 6.319641e+01
9.999994e-01 5.283727e-05 1.129841e-03 2.886314e+00 -5.320754e-05 9.999999e-01 3.277581e-04 7.797213e-01 -1.129823e-03 -3.278173e-04 9.999993e-01 6.424155e+01
9.999819e-01 1.319103e-04 -6.020923e-03 2.533758e+00 -1.281585e-04 9.999998e-01 6.235193e-04 7.886752e-01 6.021004e-03 -6.227371e-04 9.999817e-01 6.444117e+01
9.999990e-01 -7.498124e-06 1.423413e-03 2.260237e+00 7.131530e-06 1.000000e+00 2.576054e-04 7.941737e-01 -1.423415e-03 -2.575943e-04 9.999990e-01 6.438843e+01
9.999810e-01 1.728760e-05 -6.162284e-03 1.918659e+00 -1.460905e-05 9.999999e-01 4.347252e-04 8.008662e-01 6.162290e-03 -4.346277e-04 9.999809e-01 6.428363e+01
9.999992e-01 3.721067e-05 1.258907e-03 1.533896e+00 -3.767591e-05 9.999999e-01 3.696001e-04 8.092974e-01 -1.258893e-03 -3.696465e-04 9.999991e-01 6.421809e+01
9.999912e-01 -9.302282e-05 -4.191017e-03 1.894619e+00 9.266266e-05 1.000000e+00 -8.611310e-05 7.960223e-01 4.191025e-03 8.572328e-05 9.999912e-01 6.417564e+01
9.999996e-01 8.530554e-05 8.454560e-04 2.120236e+00 -8.570815e-05 9.999999e-01 4.762774e-04 7.818092e-01 -8.454150e-04 -4.763489e-04 9.999995e-01 6.440195e+01
9.999879e-01 -8.760966e-05 -4.926362e-03 2.035555e+00 8.795422e-05 1.000000e+00 6.974235e-05 7.812196e-01 4.926355e-03 -7.017551e-05 9.999879e-01 6.436847e+01
9.999991e-01 8.962321e-05 1.315897e-03 2.183089e+00 -9.018929e-05 9.999999e-01 4.301987e-04 7.753283e-01 -1.315858e-03 -4.303163e-04 9.999990e-01 6.432364e+01
9.999905e-01 -2.859188e-05 -4.369366e-03 2.508745e+00 2.858435e-05 1.000000e+00 -1.764566e-06 7.605137e-01 4.369365e-03 1.638944e-06 9.999905e-01 6.494444e+01
9.999999e-01 2.357591e-04 -4.531410e-04 2.275605e+00 -2.352798e-04 9.999994e-01 1.057291e-03 7.749259e-01 4.533904e-04 -1.057184e-03 9.999993e-01 6.558336e+01
9.999928e-01 -2.413354e-04 -3.789333e-03 2.075085e+00 2.394867e-04 9.999999e-01 -4.883030e-04 7.716215e-01 3.789450e-03 4.873912e-04 9.999927e-01 6.579045e+01
9.999999e-01 1.859882e-04 3.822787e-04 2.355581e+00 -1.863195e-04 9.999996e-01 8.670028e-04 7.582317e-01 -3.821170e-04 -8.670733e-04 9.999996e-01 6.592939e+01
9.999943e-01 -2.951973e-04 -3.372411e-03 3.003487e+00 2.932193e-04 9.999998e-01 -5.869689e-04 7.476058e-01 3.372583e-03 5.859760e-04 9.999941e-01 6.583754e+01
9.999999e-01 2.277403e-04 -3.213741e-04 3.100133e+00 -2.274385e-04 9.999995e-01 9.386162e-04 7.458599e-01 3.215880e-04 -9.385423e-04 9.999995e-01 6.560093e+01
9.999938e-01 -2.575808e-04 -3.509794e-03 3.030893e+00 2.559010e-04 9.999999e-01 -4.790147e-04 7.368911e-01 3.509917e-03 4.781129e-04 9.999937e-01 6.579900e+01
9.999999e-01 1.538662e-04 5.187813e-04 3.393232e+00 -1.541606e-04 9.999998e-01 5.677370e-04 7.309375e-01 -5.186936e-04 -5.678162e-04 9.999997e-01 6.548133e+01
9.999944e-01 -2.433815e-04 -3.324843e-03 3.796894e+00 2.421085e-04 9.999999e-01 -3.832533e-04 7.193018e-01 3.324935e-03 3.824455e-04 9.999944e-01 6.534959e+01
9.999999e-01 1.646259e-04 5.150234e-04 4.104792e+00 -1.648526e-04 9.999999e-01 4.402535e-04 7.069576e-01 -5.149505e-04 -4.403376e-04 9.999998e-01 6.524664e+01
9.999960e-01 -2.002815e-04 -2.815648e-03 5.077857e+00 2.002625e-04 1.000000e+00 -6.999633e-06 6.830350e-01 2.815649e-03 6.435029e-06 9.999960e-01 6.537615e+01
9.999999e-01 2.178257e-04 -3.346685e-04 5.309439e+00 -2.177127e-04 9.999999e-01 3.371519e-04 6.659282e-01 3.347422e-04 -3.370783e-04 9.999999e-01 6.579794e+01
9.999951e-01 -1.915924e-04 -3.115570e-03 5.523170e+00 1.912568e-04 1.000000e+00 -1.079786e-04 6.587443e-01 3.115590e-03 1.073815e-04 9.999951e-01 6.579511e+01
9.999999e-01 1.755970e-04 -2.989195e-04 5.645521e+00 -1.755004e-04 9.999999e-01 3.228750e-04 6.515403e-01 2.989765e-04 -3.228218e-04 9.999999e-01 6.569425e+01
9.999955e-01 -3.668610e-05 -3.002349e-03 5.802866e+00 3.737215e-05 1.000000e+00 2.284833e-04 6.391938e-01 3.002340e-03 -2.285952e-04 9.999955e-01 6.620276e+01
9.999995e-01 1.161340e-04 -1.004727e-03 5.705612e+00 -1.157796e-04 9.999999e-01 3.526705e-04 6.335697e-01 1.004768e-03 -3.525533e-04 9.999994e-01 6.645438e+01
9.999967e-01 -1.446590e-04 -2.572197e-03 5.772977e+00 1.443584e-04 1.000000e+00 -1.170075e-04 6.237407e-01 2.572213e-03 1.166351e-04 9.999967e-01 6.632596e+01
9.999998e-01 3.851944e-05 -5.910569e-04 5.846633e+00 -3.837317e-05 1.000000e+00 2.472996e-04 6.145336e-01 5.910668e-04 -2.472762e-04 9.999998e-01 6.608912e+01
9.999981e-01 -6.304463e-05 -1.926696e-03 6.199774e+00 6.315480e-05 1.000000e+00 5.717489e-05 5.931144e-01 1.926692e-03 -5.729717e-05 9.999981e-01 6.645875e+01
9.999982e-01 1.042591e-04 -1.869567e-03 6.120731e+00 -1.034266e-04 9.999999e-01 4.452766e-04 5.860949e-01 1.869614e-03 -4.450817e-04 9.999982e-01 6.684662e+01
9.999976e-01 1.063434e-05 -2.210233e-03 5.867408e+00 -1.010347e-05 1.000000e+00 2.402465e-04 5.903323e-01 2.210235e-03 -2.402243e-04 9.999975e-01 6.763338e+01
9.999979e-01 1.236958e-04 -2.026215e-03 5.529757e+00 -1.226431e-04 9.999999e-01 5.195898e-04 5.977103e-01 2.026279e-03 -5.193395e-04 9.999978e-01 6.843206e+01
9.999980e-01 5.459110e-05 -2.014797e-03 5.286718e+00 -5.412479e-05 1.000000e+00 2.315533e-04 5.988420e-01 2.014809e-03 -2.314445e-04 9.999979e-01 6.937361e+01
9.999967e-01 1.337234e-04 -2.551388e-03 4.924407e+00 -1.322234e-04 9.999998e-01 5.880261e-04 6.049124e-01 2.551466e-03 -5.876861e-04 9.999966e-01 7.006742e+01
9.999991e-01 1.126060e-05 -1.366495e-03 4.724307e+00 -1.113924e-05 1.000000e+00 8.890196e-05 6.027097e-01 1.366495e-03 -8.888736e-05 9.999991e-01 7.085681e+01
9.999981e-01 1.172909e-04 -1.953908e-03 4.753514e+00 -1.164053e-04 9.999999e-01 4.532706e-04 5.859292e-01 1.953961e-03 -4.530416e-04 9.999980e-01 7.173894e+01
9.999997e-01 -6.924130e-05 -7.516204e-04 4.974106e+00 6.916313e-05 1.000000e+00 -1.038731e-04 5.556956e-01 7.516272e-04 1.038204e-04 9.999997e-01 7.260244e+01
9.999976e-01 1.866018e-04 -2.164346e-03 5.134294e+00 -1.853320e-04 9.999998e-01 5.867981e-04 5.324523e-01 2.164455e-03 -5.863949e-04 9.999975e-01 7.350071e+01
9.999989e-01 -5.180295e-06 -1.457648e-03 5.051518e+00 5.287330e-06 1.000000e+00 7.350728e-05 5.220810e-01 1.457648e-03 -7.351561e-05 9.999989e-01 7.445205e+01
9.999987e-01 1.570187e-04 -1.626860e-03 5.059050e+00 -1.561793e-04 9.999999e-01 5.160189e-04 5.095480e-01 1.626941e-03 -5.157635e-04 9.999985e-01 7.568926e+01
9.999990e-01 4.361191e-05 -1.411271e-03 5.367805e+00 -4.333018e-05 1.000000e+00 1.997436e-04 4.933814e-01 1.411279e-03 -1.996830e-04 9.999990e-01 7.683411e+01
9.999986e-01 1.113119e-04 -1.671795e-03 5.555094e+00 -1.106240e-04 9.999999e-01 4.114619e-04 4.763428e-01 1.671841e-03 -4.112757e-04 9.999985e-01 7.795530e+01
9.999992e-01 -1.129305e-06 -1.269226e-03 5.811471e+00 1.311126e-06 1.000000e+00 1.433490e-04 4.548154e-01 1.269226e-03 -1.433513e-04 9.999992e-01 7.887049e+01
9.999981e-01 -5.620259e-05 -1.948209e-03 5.907171e+00 5.635978e-05 1.000000e+00 8.056842e-05 4.383164e-01 1.948204e-03 -8.067736e-05 9.999981e-01 7.907204e+01
9.999990e-01 1.540979e-04 -1.431778e-03 5.822268e+00 -1.533290e-04 9.999998e-01 5.372171e-04 4.377873e-01 1.431860e-03 -5.369977e-04 9.999988e-01 8.015599e+01
9.999958e-01 1.189263e-06 -2.903032e-03 5.536440e+00 -6.161809e-07 1.000000e+00 1.973658e-04 4.418328e-01 2.903032e-03 -1.973624e-04 9.999958e-01 8.087402e+01
9.999991e-01 4.669332e-05 -1.361620e-03 5.268206e+00 -4.606724e-05 9.999999e-01 4.599260e-04 4.468821e-01 1.361641e-03 -4.598636e-04 9.999990e-01 8.131164e+01
9.999951e-01 4.753481e-05 -3.115178e-03 5.015688e+00 -4.682931e-05 1.000000e+00 2.265043e-04 4.500275e-01 3.115189e-03 -2.263566e-04 9.999951e-01 8.145036e+01
1.000000e+00 1.565402e-05 -1.626545e-04 5.174115e+00 -1.559536e-05 9.999999e-01 3.614003e-04 4.464855e-01 1.626599e-04 -3.613984e-04 9.999999e-01 8.253675e+01
9.999956e-01 9.958768e-05 -2.960111e-03 5.595487e+00 -9.765036e-05 9.999998e-01 6.545667e-04 4.482708e-01 2.960176e-03 -6.542741e-04 9.999954e-01 8.466101e+01
9.999999e-01 3.675610e-04 -2.060578e-04 5.558574e+00 -3.673462e-04 9.999994e-01 1.042301e-03 4.582084e-01 2.064404e-04 -1.042226e-03 9.999994e-01 8.847174e+01
9.999953e-01 2.097943e-04 -3.066554e-03 5.316938e+00 -2.079015e-04 9.999998e-01 6.175201e-04 4.732807e-01 3.066683e-03 -6.168790e-04 9.999951e-01 9.239115e+01
9.999998e-01 2.895670e-04 -6.059256e-04 5.073606e+00 -2.889558e-04 9.999994e-01 1.008885e-03 4.946260e-01 6.062171e-04 -1.008711e-03 9.999993e-01 9.583362e+01
9.999931e-01 2.625053e-04 -3.705339e-03 5.068553e+00 -2.584799e-04 9.999994e-01 1.086779e-03 5.333344e-01 3.705623e-03 -1.085813e-03 9.999925e-01 9.913867e+01
9.999997e-01 3.025367e-04 -7.360149e-04 5.267188e+00 -3.016924e-04 9.999993e-01 1.147114e-03 5.684663e-01 7.363611e-04 -1.146893e-03 9.999991e-01 1.026442e+02
9.999966e-01 1.893167e-04 -2.594625e-03 5.549741e+00 -1.881426e-04 9.999999e-01 4.527046e-04 5.715286e-01 2.594711e-03 -4.522143e-04 9.999965e-01 1.054240e+02
9.999976e-01 4.381925e-04 -2.148610e-03 5.306998e+00 -4.356876e-04 9.999992e-01 1.166233e-03 5.992158e-01 2.149119e-03 -1.165295e-03 9.999970e-01 1.079785e+02
9.999996e-01 -2.441307e-04 -8.682288e-04 5.744212e+00 2.436641e-04 9.999998e-01 -5.376259e-04 5.815087e-01 8.683602e-04 5.374148e-04 9.999995e-01 1.093034e+02
9.999979e-01 3.329903e-04 -2.006682e-03 6.457634e+00 -3.310348e-04 9.999995e-01 9.747715e-04 5.588690e-01 2.007005e-03 -9.741059e-04 9.999975e-01 1.099318e+02
9.999996e-01 -3.900529e-04 -8.177914e-04 6.861833e+00 3.893917e-04 9.999996e-01 -8.086779e-04 5.537598e-01 8.181069e-04 8.083598e-04 9.999993e-01 1.095951e+02
9.999959e-01 3.782407e-04 -2.848598e-03 6.872845e+00 -3.748844e-04 9.999992e-01 1.178712e-03 5.525635e-01 2.849042e-03 -1.177640e-03 9.999952e-01 1.096634e+02
9.999996e-01 -2.378411e-04 -8.503773e-04 6.926151e+00 2.374109e-04 9.999998e-01 -5.060877e-04 5.540963e-01 8.504979e-04 5.058863e-04 9.999995e-01 1.098936e+02
9.999971e-01 3.145466e-04 -2.376017e-03 7.363814e+00 -3.120729e-04 9.999994e-01 1.041471e-03 5.479896e-01 2.376343e-03 -1.040727e-03 9.999966e-01 1.104113e+02
9.999999e-01 -3.200747e-04 1.375643e-04 8.463112e+00 3.201915e-04 9.999996e-01 -8.481996e-04 5.410264e-01 -1.372924e-04 8.482443e-04 9.999996e-01 1.102280e+02
9.999983e-01 9.591038e-05 -1.849959e-03 9.947918e+00 -9.407850e-05 9.999995e-01 9.903686e-04 5.441130e-01 1.850052e-03 -9.901936e-04 9.999978e-01 1.096338e+02
9.999997e-01 -1.575687e-04 -7.121682e-04 1.075269e+01 1.570893e-04 9.999998e-01 -6.734592e-04 5.279112e-01 7.122745e-04 6.733479e-04 9.999995e-01 1.096773e+02
9.999985e-01 4.507364e-05 -1.703011e-03 1.167253e+01 -4.361331e-05 9.999996e-01 8.576149e-04 5.129152e-01 1.703049e-03 -8.575400e-04 9.999982e-01 1.096568e+02
9.999994e-01 -9.315054e-05 -1.131800e-03 1.231078e+01 9.249762e-05 9.999998e-01 -5.770567e-04 4.975087e-01 1.131854e-03 5.769523e-04 9.999992e-01 1.096610e+02
9.999984e-01 7.715919e-05 -1.801896e-03 1.295251e+01 -7.565012e-05 9.999996e-01 8.376255e-04 4.813048e-01 1.801959e-03 -8.374885e-04 9.999980e-01 1.096718e+02
9.999993e-01 -1.288771e-04 -1.181368e-03 1.330881e+01 1.280889e-04 9.999998e-01 -6.674219e-04 4.639152e-01 1.181454e-03 6.672708e-04 9.999991e-01 1.097527e+02
9.999983e-01 1.214878e-04 -1.828431e-03 1.377598e+01 -1.198294e-04 9.999996e-01 9.071692e-04 4.445148e-01 1.828540e-03 -9.069493e-04 9.999979e-01 1.098588e+02
9.999997e-01 -1.702993e-04 -8.180672e-04 1.458892e+01 1.696955e-04 9.999997e-01 -7.383016e-04 4.395622e-01 8.181930e-04 7.381632e-04 9.999994e-01 1.095466e+02
9.999984e-01 9.660230e-05 -1.760382e-03 1.520557e+01 -9.522331e-05 9.999997e-01 7.835052e-04 4.308108e-01 1.760456e-03 -7.833371e-04 9.999981e-01 1.093156e+02
9.999994e-01 -1.101434e-04 -1.079338e-03 1.578672e+01 1.094794e-04 9.999998e-01 -6.153583e-04 4.140974e-01 1.079406e-03 6.152405e-04 9.999992e-01 1.092901e+02
9.999983e-01 7.305072e-05 -1.840523e-03 1.633330e+01 -7.165384e-05 9.999997e-01 7.590980e-04 4.037714e-01 1.840578e-03 -7.589656e-04 9.999980e-01 1.091447e+02
9.999993e-01 -1.982600e-04 -1.151626e-03 1.659623e+01 1.973361e-04 9.999997e-01 -8.024505e-04 4.052605e-01 1.151785e-03 8.022234e-04 9.999990e-01 1.085059e+02
9.999986e-01 2.486547e-05 -1.657286e-03 1.681293e+01 -2.377418e-05 9.999998e-01 6.585917e-04 4.083546e-01 1.657301e-03 -6.585521e-04 9.999984e-01 1.077403e+02
9.999998e-01 -7.459353e-05 -6.763264e-04 1.757601e+01 7.420603e-05 9.999998e-01 -5.731884e-04 4.043536e-01 6.763694e-04 5.731388e-04 9.999996e-01 1.073801e+02
9.999986e-01 -3.251111e-05 -1.673108e-03 1.834354e+01 3.332535e-05 9.999999e-01 4.867325e-04 4.036034e-01 1.673091e-03 -4.867882e-04 9.999985e-01 1.069091e+02
9.999998e-01 -1.286997e-04 -6.893100e-04 1.887480e+01 1.281970e-04 9.999997e-01 -7.296105e-04 4.075965e-01 6.894041e-04 7.295226e-04 9.999995e-01 1.062046e+02
9.999982e-01 -8.850235e-05 -1.874813e-03 1.905207e+01 8.925897e-05 9.999999e-01 4.035747e-04 4.173211e-01 1.874777e-03 -4.037420e-04 9.999982e-01 1.050324e+02
9.999996e-01 -1.381100e-04 -8.426931e-04 1.915694e+01 1.375852e-04 9.999998e-01 -6.229814e-04 4.246977e-01 8.427793e-04 6.228659e-04 9.999995e-01 1.039242e+02
9.999986e-01 -3.292471e-05 -1.649878e-03 1.972935e+01 3.366249e-05 9.999999e-01 4.472485e-04 4.340284e-01 1.649863e-03 -4.473041e-04 9.999985e-01 1.031054e+02
9.999998e-01 -1.595985e-04 -6.241678e-04 2.061610e+01 1.591874e-04 9.999998e-01 -6.589559e-04 4.448311e-01 6.242732e-04 6.588571e-04 9.999996e-01 1.023680e+02
9.999986e-01 -1.991405e-05 -1.643321e-03 2.131720e+01 2.048645e-05 9.999999e-01 3.484030e-04 4.590598e-01 1.643313e-03 -3.484369e-04 9.999986e-01 1.014218e+02
9.999997e-01 -2.241117e-04 -7.198056e-04 2.170965e+01 2.235866e-04 9.999997e-01 -7.296953e-04 4.719318e-01 7.199693e-04 7.295348e-04 9.999995e-01 1.002811e+02
9.999984e-01 5.275438e-05 -1.771719e-03 2.225955e+01 -5.199089e-05 9.999999e-01 4.310690e-04 4.822852e-01 1.771741e-03 -4.309769e-04 9.999983e-01 9.938855e+01
9.999991e-01 -6.744870e-06 1.355880e-03 2.411280e+01 6.859354e-06 1.000000e+00 -8.430762e-05 4.268119e-01 -1.355879e-03 8.431753e-05 9.999991e-01 1.001541e+02
9.999987e-01 2.273024e-04 -1.612736e-03 2.570406e+01 -2.266681e-04 9.999999e-01 3.935767e-04 3.547112e-01 1.612825e-03 -3.932113e-04 9.999986e-01 1.013431e+02
9.999993e-01 -4.530405e-04 -1.065663e-03 2.579597e+01 4.522810e-04 9.999996e-01 -7.129798e-04 3.636860e-01 1.065986e-03 7.124980e-04 9.999992e-01 1.001317e+02
9.999990e-01 2.101645e-04 -1.402596e-03 2.596705e+01 -2.096893e-04 9.999999e-01 3.390552e-04 3.745155e-01 1.402667e-03 -3.387615e-04 9.999990e-01 9.889370e+01
9.999998e-01 -2.740906e-04 -5.735046e-04 2.696808e+01 2.738305e-04 9.999999e-01 -4.537677e-04 3.750125e-01 5.736292e-04 4.536112e-04 9.999997e-01 9.835700e+01
9.999991e-01 2.169405e-04 -1.326050e-03 2.821476e+01 -2.161198e-04 9.999998e-01 6.191667e-04 3.646232e-01 1.326183e-03 -6.188802e-04 9.999989e-01 9.805639e+01
9.999998e-01 -3.382856e-04 -4.861135e-04 2.937488e+01 3.380123e-04 9.999998e-01 -5.626524e-04 3.555188e-01 4.863040e-04 5.624887e-04 9.999997e-01 9.772345e+01
9.999982e-01 1.498509e-04 -1.882719e-03 2.970519e+01 -1.494026e-04 1.000000e+00 2.383121e-04 3.605968e-01 1.882755e-03 -2.380310e-04 9.999982e-01 9.687102e+01
9.999998e-01 -3.096331e-04 -5.984108e-04 2.995597e+01 3.093650e-04 9.999999e-01 -4.483231e-04 3.614406e-01 5.985498e-04 4.481386e-04 9.999997e-01 9.617298e+01
9.999982e-01 1.868592e-04 -1.862914e-03 3.040514e+01 -1.863178e-04 9.999999e-01 2.908770e-04 3.663654e-01 1.862968e-03 -2.905301e-04 9.999982e-01 9.548919e+01
9.999999e-01 -3.708542e-04 -3.292259e-04 3.149635e+01 3.707174e-04 9.999998e-01 -4.159517e-04 3.781449e-01 3.293804e-04 4.158303e-04 9.999999e-01 9.478280e+01
9.999986e-01 2.691627e-04 -1.681021e-03 3.257855e+01 -2.683500e-04 9.999998e-01 4.838070e-04 3.769519e-01 1.681150e-03 -4.833559e-04 9.999985e-01 9.431216e+01
9.999999e-01 -3.403449e-04 -3.623271e-04 3.370587e+01 3.401703e-04 9.999998e-01 -4.823320e-04 3.722218e-01 3.624916e-04 4.822094e-04 9.999998e-01 9.388975e+01
9.999986e-01 6.952631e-05 -1.652685e-03 3.438424e+01 -6.935530e-05 1.000000e+00 1.036372e-04 3.863037e-01 1.652691e-03 -1.035231e-04 9.999986e-01 9.290178e+01
9.999996e-01 -2.986343e-04 -7.847633e-04 3.455608e+01 2.982822e-04 9.999999e-01 -4.489522e-04 3.967995e-01 7.848976e-04 4.487186e-04 9.999996e-01 9.168777e+01
9.999986e-01 7.520015e-05 -1.682750e-03 3.474761e+01 -7.500902e-05 1.000000e+00 1.137543e-04 4.061328e-01 1.682758e-03 -1.136287e-04 9.999986e-01 9.055798e+01
9.999915e-01 -1.891092e-04 4.111183e-03 3.971370e+01 1.969266e-04 9.999982e-01 -1.901136e-03 5.208484e-01 -4.110815e-03 1.901930e-03 9.999897e-01 8.711443e+01
9.999988e-01 -6.246648e-04 -1.405262e-03 4.432371e+01 6.262174e-04 9.999992e-01 1.104807e-03 6.033474e-01 1.404570e-03 -1.105686e-03 9.999984e-01 8.414681e+01
9.999992e-01 4.711204e-04 -1.211724e-03 4.490626e+01 -4.725003e-04 9.999992e-01 -1.138934e-03 6.003969e-01 1.211187e-03 1.139507e-03 9.999986e-01 8.373027e+01
9.999925e-01 -4.477375e-04 -3.842262e-03 4.444363e+01 4.553623e-04 9.999979e-01 1.983871e-03 6.161936e-01 3.841366e-03 -1.985607e-03 9.999907e-01 8.391376e+01
9.999997e-01 5.102686e-04 -6.414777e-04 4.428662e+01 -5.110776e-04 9.999991e-01 -1.261885e-03 6.232164e-01 6.408336e-04 1.262213e-03 9.999990e-01 8.409165e+01
9.999973e-01 -6.291276e-04 -2.254175e-03 4.472309e+01 6.318608e-04 9.999991e-01 1.212079e-03 6.283304e-01 2.253410e-03 -1.213500e-03 9.999967e-01 8.336633e+01
9.999999e-01 3.922516e-04 -3.062803e-04 4.487316e+01 -3.927285e-04 9.999987e-01 -1.559244e-03 6.385440e-01 3.056686e-04 1.559365e-03 9.999987e-01 8.213676e+01
9.999991e-01 -5.597429e-04 -1.216228e-03 4.599258e+01 5.612795e-04 9.999990e-01 1.263543e-03 6.439559e-01 1.215519e-03 -1.264225e-03 9.999985e-01 8.144651e+01
9.999997e-01 3.493082e-04 -7.283509e-04 4.660156e+01 -3.504608e-04 9.999987e-01 -1.583203e-03 6.474727e-01 7.277972e-04 1.583459e-03 9.999985e-01 8.068134e+01
9.999982e-01 -5.544868e-04 -1.831079e-03 4.675699e+01 5.567550e-04 9.999991e-01 1.238523e-03 6.559237e-01 1.830390e-03 -1.239541e-03 9.999976e-01 7.956208e+01
9.999998e-01 4.099542e-04 -3.962789e-04 4.752980e+01 -4.105616e-04 9.999987e-01 -1.534365e-03 6.599883e-01 3.956496e-04 1.534528e-03 9.999987e-01 7.888517e+01
9.999967e-01 -6.137396e-04 -2.502371e-03 4.760732e+01 6.168395e-04 9.999990e-01 1.238254e-03 6.693186e-01 2.501609e-03 -1.239794e-03 9.999961e-01 7.765494e+01
9.999998e-01 3.985014e-04 -4.314980e-04 4.764063e+01 -3.991783e-04 9.999987e-01 -1.570285e-03 6.809692e-01 4.308719e-04 1.570458e-03 9.999987e-01 7.626877e+01
9.999979e-01 -6.536020e-04 -1.935873e-03 4.783317e+01 6.556895e-04 9.999992e-01 1.078014e-03 6.953022e-01 1.935166e-03 -1.079281e-03 9.999975e-01 7.484618e+01
9.999998e-01 4.276047e-04 -3.617196e-04 4.813028e+01 -4.281744e-04 9.999987e-01 -1.576773e-03 7.084547e-01 3.610452e-04 1.576928e-03 9.999987e-01 7.359001e+01
9.999980e-01 -6.861188e-04 -1.864197e-03 4.838646e+01 6.879803e-04 9.999993e-01 9.981734e-04 7.239938e-01 1.863511e-03 -9.994546e-04 9.999978e-01 7.216064e+01
9.999998e-01 4.460984e-04 -4.227811e-04 4.864543e+01 -4.466887e-04 9.999989e-01 -1.397649e-03 7.373945e-01 4.221575e-04 1.397838e-03 9.999989e-01 7.086320e+01
9.999969e-01 -6.822420e-04 -2.387948e-03 4.895218e+01 6.850916e-04 9.999991e-01 1.192812e-03 7.474583e-01 2.387131e-03 -1.194445e-03 9.999964e-01 6.979822e+01
9.999995e-01 5.210066e-04 -8.856480e-04 4.899581e+01 -5.221059e-04 9.999991e-01 -1.241631e-03 7.491196e-01 8.850006e-04 1.242093e-03 9.999988e-01 6.897213e+01
9.999976e-01 -6.983289e-04 -2.063968e-03 4.907405e+01 7.005553e-04 9.999992e-01 1.078250e-03 7.538607e-01 2.063213e-03 -1.079694e-03 9.999973e-01 6.797955e+01
9.999997e-01 4.844255e-04 -6.389630e-04 4.917411e+01 -4.853560e-04 9.999988e-01 -1.457178e-03 7.646297e-01 6.382566e-04 1.457488e-03 9.999987e-01 6.666838e+01
9.999970e-01 -7.432207e-04 -2.345737e-03 4.904599e+01 7.453868e-04 9.999993e-01 9.227462e-04 7.847448e-01 2.345049e-03 -9.244925e-04 9.999968e-01 6.467006e+01
9.999999e-01 3.778557e-04 -7.164999e-05 4.900814e+01 -3.779699e-04 9.999986e-01 -1.603760e-03 8.069933e-01 7.104421e-05 1.603788e-03 9.999987e-01 6.259381e+01
9.999969e-01 -6.141247e-04 -2.427532e-03 4.911539e+01 6.173616e-04 9.999989e-01 1.332961e-03 8.171405e-01 2.426710e-03 -1.334456e-03 9.999962e-01 6.135827e+01
9.999988e-01 6.823504e-04 1.406959e-03 5.071861e+01 -6.809448e-04 9.999993e-01 -9.991423e-04 7.569530e-01 -1.407640e-03 9.981837e-04 9.999985e-01 6.257827e+01
9.999981e-01 -4.420757e-04 -1.889976e-03 5.214160e+01 4.446749e-04 9.999990e-01 1.375122e-03 6.929199e-01 1.889366e-03 -1.375961e-03 9.999973e-01 6.365672e+01
9.999983e-01 3.250320e-04 -1.794229e-03 5.201368e+01 -3.270218e-04 9.999993e-01 -1.108912e-03 6.972906e-01 1.793868e-03 1.109498e-03 9.999978e-01 6.313176e+01
9.999959e-01 -2.982628e-04 -2.847577e-03 5.159917e+01 3.033386e-04 9.999984e-01 1.782315e-03 7.059422e-01 2.847041e-03 -1.783172e-03 9.999944e-01 6.329405e+01
9.999963e-01 2.679288e-04 -2.714406e-03 5.095902e+01 -2.707611e-04 9.999994e-01 -1.043180e-03 7.206965e-01 2.714125e-03 1.043912e-03 9.999958e-01 6.261986e+01
9.999996e-01 -4.854920e-04 -7.269875e-04 5.079813e+01 4.861501e-04 9.999995e-01 9.055574e-04 7.310866e-01 7.265471e-04 -9.059111e-04 9.999993e-01 6.121433e+01
9.999962e-01 2.872501e-04 -2.756844e-03 5.061713e+01 -2.899229e-04 9.999995e-01 -9.692208e-04 7.411586e-01 2.756564e-03 9.700170e-04 9.999957e-01 5.984917e+01
9.999997e-01 -4.747969e-04 -5.464009e-04 5.052179e+01 4.753690e-04 9.999993e-01 1.047864e-03 7.517668e-01 5.459027e-04 -1.048124e-03 9.999993e-01 5.891061e+01
9.999969e-01 2.989499e-04 -2.474255e-03 5.063588e+01 -3.015784e-04 9.999994e-01 -1.062091e-03 7.541036e-01 2.473936e-03 1.062834e-03 9.999964e-01 5.813863e+01
9.999999e-01 -4.949553e-04 8.212022e-05 5.088439e+01 4.949032e-04 9.999997e-01 6.304267e-04 7.640803e-01 -8.243253e-05 -6.303867e-04 9.999998e-01 5.700865e+01
9.999975e-01 2.440682e-04 -2.210126e-03 5.132756e+01 -2.460449e-04 9.999996e-01 -8.942595e-04 7.744832e-01 2.209907e-03 8.948018e-04 9.999972e-01 5.605486e+01
9.999999e-01 -5.029658e-04 -1.345424e-04 5.172467e+01 5.030615e-04 9.999996e-01 7.132427e-04 7.849101e-01 1.341833e-04 -7.133110e-04 9.999997e-01 5.506330e+01
9.999966e-01 3.166924e-04 -2.604437e-03 5.200783e+01 -3.191204e-04 9.999995e-01 -9.319959e-04 7.925975e-01 2.604141e-03 9.328245e-04 9.999962e-01 5.411570e+01
9.999998e-01 -5.400305e-04 2.170406e-04 5.237325e+01 5.398954e-04 9.999997e-01 6.208150e-04 8.014162e-01 -2.173760e-04 -6.206983e-04 9.999998e-01 5.316783e+01
9.999972e-01 5.294065e-04 -2.310206e-03 5.346403e+01 -5.298891e-04 9.999998e-01 -2.083739e-04 7.738440e-01 2.310096e-03 2.095981e-04 9.999973e-01 5.333202e+01
9.999997e-01 -6.918405e-04 2.663556e-04 5.413473e+01 6.918268e-04 9.999998e-01 5.063991e-05 7.706736e-01 -2.663909e-04 -5.045630e-05 1.000000e+00 5.288731e+01
9.999962e-01 4.713202e-04 -2.716061e-03 5.441196e+01 -4.721661e-04 9.999998e-01 -3.108842e-04 7.787477e-01 2.715915e-03 3.121662e-04 9.999963e-01 5.191450e+01
9.999998e-01 -6.277298e-04 -2.817367e-04 5.448264e+01 6.277971e-04 9.999998e-01 2.396330e-04 7.819391e-01 2.815859e-04 -2.398105e-04 9.999999e-01 5.102244e+01
9.999940e-01 4.797687e-04 -3.427926e-03 5.432386e+01 -4.804671e-04 9.999999e-01 -2.029798e-04 7.857364e-01 3.427829e-03 2.046263e-04 9.999941e-01 5.001963e+01
9.999998e-01 -6.478914e-04 2.173313e-05 5.431397e+01 6.478835e-04 9.999997e-01 3.542382e-04 7.857921e-01 -2.196293e-05 -3.542248e-04 9.999999e-01 4.943572e+01
9.999919e-01 6.578471e-04 -3.965654e-03 5.432504e+01 -6.577021e-04 9.999998e-01 3.782649e-05 7.860348e-01 3.965678e-03 -3.521729e-05 9.999921e-01 4.922107e+01
9.999931e-01 -9.332525e-04 3.603550e-03 5.713972e+01 9.342616e-04 9.999995e-01 -2.784299e-04 8.110663e-01 -3.603289e-03 2.817940e-04 9.999935e-01 4.801407e+01
9.999933e-01 4.248521e-04 -3.648946e-03 6.077082e+01 -4.169764e-04 9.999976e-01 2.158782e-03 7.559133e-01 3.649854e-03 -2.157246e-03 9.999910e-01 4.853337e+01
9.999978e-01 -1.689563e-04 2.110681e-03 6.137724e+01 1.719354e-04 9.999990e-01 -1.411439e-03 7.014130e-01 -2.110441e-03 1.411798e-03 9.999968e-01 4.999176e+01
9.999857e-01 1.309676e-04 -5.354521e-03 6.155671e+01 -1.226303e-04 9.999988e-01 1.557309e-03 6.936935e-01 5.354719e-03 -1.556630e-03 9.999845e-01 4.966155e+01
9.999972e-01 -3.289617e-04 2.329094e-03 6.162336e+01 3.329464e-04 9.999985e-01 -1.710764e-03 6.992834e-01 -2.328528e-03 1.711534e-03 9.999958e-01 4.863641e+01
9.999863e-01 1.707577e-04 -5.230166e-03 6.189133e+01 -1.622924e-04 9.999987e-01 1.618893e-03 7.038564e-01 5.230436e-03 -1.618021e-03 9.999850e-01 4.783101e+01
9.999976e-01 -3.372969e-04 2.176751e-03 6.188984e+01 3.408124e-04 9.999986e-01 -1.614959e-03 7.097386e-01 -2.176203e-03 1.615696e-03 9.999963e-01 4.678513e+01
9.999869e-01 1.269363e-04 -5.112017e-03 6.194459e+01 -1.195127e-04 9.999989e-01 1.452408e-03 7.172028e-01 5.112196e-03 -1.451778e-03 9.999859e-01 4.566979e+01
9.999964e-01 -3.585212e-04 2.669259e-03 6.241582e+01 3.630869e-04 9.999985e-01 -1.710272e-03 7.274509e-01 -2.668642e-03 1.711234e-03 9.999950e-01 4.473895e+01
9.999947e-01 3.568412e-04 -3.242029e-03 6.423611e+01 -3.495956e-04 9.999974e-01 2.235119e-03 6.585707e-01 3.242819e-03 -2.233974e-03 9.999922e-01 4.599910e+01
9.999946e-01 -1.666580e-04 3.275420e-03 6.622362e+01 1.718150e-04 9.999987e-01 -1.574308e-03 5.832371e-01 -3.275154e-03 1.574862e-03 9.999934e-01 4.723862e+01
9.999813e-01 -1.679417e-05 -6.115266e-03 6.636884e+01 2.733359e-05 9.999985e-01 1.723345e-03 5.829250e-01 6.115228e-03 -1.723479e-03 9.999798e-01 4.675158e+01
9.999771e-01 -3.202177e-04 6.765584e-03 6.995126e+01 3.318821e-04 9.999985e-01 -1.723058e-03 5.803903e-01 -6.765022e-03 1.725263e-03 9.999756e-01 4.616825e+01
9.999986e-01 1.331126e-04 -1.639453e-03 7.673617e+01 -1.304905e-04 9.999987e-01 1.599260e-03 5.542309e-01 1.639664e-03 -1.599043e-03 9.999974e-01 4.538221e+01
9.999725e-01 -4.428925e-04 7.397892e-03 8.387264e+01 4.408322e-04 9.999999e-01 2.800941e-04 4.543854e-01 -7.398016e-03 -2.768259e-04 9.999726e-01 4.653843e+01
9.999703e-01 7.156375e-04 -7.679400e-03 8.536467e+01 -7.125858e-04 9.999997e-01 4.000807e-04 3.710465e-01 7.679684e-03 -3.945959e-04 9.999704e-01 4.832679e+01
9.999919e-01 -8.383012e-04 3.928498e-03 8.518134e+01 8.392684e-04 9.999996e-01 -2.446154e-04 3.816295e-01 -3.928292e-03 2.479098e-04 9.999923e-01 4.722060e+01
9.999791e-01 5.665265e-04 -6.440169e-03 8.530190e+01 -5.666645e-04 9.999998e-01 -1.963184e-05 3.917836e-01 6.440157e-03 2.328153e-05 9.999793e-01 4.597828e+01
9.999915e-01 -7.871117e-04 4.056372e-03 8.586260e+01 7.879420e-04 9.999997e-01 -2.031397e-04 4.005329e-01 -4.056211e-03 2.063335e-04 9.999918e-01 4.516431e+01
9.999777e-01 6.322227e-04 -6.644161e-03 8.634367e+01 -6.323957e-04 9.999998e-01 -2.396563e-05 4.034993e-01 6.644145e-03 2.816751e-05 9.999779e-01 4.448341e+01
9.999911e-01 -7.976302e-04 4.153677e-03 8.672984e+01 7.990529e-04 9.999996e-01 -3.409169e-04 4.131286e-01 -4.153404e-03 3.442322e-04 9.999913e-01 4.349836e+01
9.999797e-01 5.280148e-04 -6.351774e-03 8.707224e+01 -5.282126e-04 9.999999e-01 -2.950043e-05 4.275435e-01 6.351758e-03 3.285559e-05 9.999798e-01 4.221252e+01
9.999926e-01 -7.540273e-04 3.776078e-03 8.720545e+01 7.551189e-04 9.999997e-01 -2.877038e-04 4.378378e-01 -3.775860e-03 2.905523e-04 9.999928e-01 4.096904e+01
9.999820e-01 5.790636e-04 -5.970313e-03 8.818397e+01 -5.766270e-04 9.999997e-01 4.097930e-04 4.352669e-01 5.970549e-03 -4.063423e-04 9.999821e-01 4.055253e+01
9.999929e-01 -6.528222e-04 3.710148e-03 8.904246e+01 6.537995e-04 9.999998e-01 -2.622692e-04 4.221667e-01 -3.709976e-03 2.646923e-04 9.999931e-01 4.038120e+01
9.999838e-01 4.975335e-04 -5.663214e-03 9.024843e+01 -4.940065e-04 9.999997e-01 6.241342e-04 4.049916e-01 5.663523e-03 -6.213258e-04 9.999838e-01 4.033120e+01
9.999946e-01 -6.649268e-04 3.232330e-03 9.086483e+01 6.669928e-04 9.999996e-01 -6.382205e-04 4.016239e-01 -3.231904e-03 6.403723e-04 9.999946e-01 4.003775e+01
9.999822e-01 7.042142e-04 -5.928996e-03 9.093135e+01 -6.967390e-04 9.999990e-01 1.262710e-03 3.771832e-01 5.929880e-03 -1.258556e-03 9.999816e-01 4.089782e+01
9.999964e-01 -6.025908e-04 2.601515e-03 9.084722e+01 6.036710e-04 9.999997e-01 -4.145592e-04 3.665931e-01 -2.601265e-03 4.161275e-04 9.999965e-01 4.177455e+01
9.999785e-01 3.725262e-04 -6.545491e-03 9.057386e+01 -3.688223e-04 9.999998e-01 5.670363e-04 3.904233e-01 6.545701e-03 -5.646093e-04 9.999784e-01 4.025861e+01
9.999948e-01 -5.498354e-04 3.176297e-03 9.039354e+01 5.516405e-04 9.999997e-01 -5.675052e-04 4.095510e-01 -3.175985e-03 5.692538e-04 9.999948e-01 3.864628e+01
9.999853e-01 4.458428e-04 -5.398149e-03 9.115589e+01 -4.416370e-04 9.999996e-01 7.802351e-04 4.015451e-01 5.398495e-03 -7.778389e-04 9.999851e-01 3.838568e+01
9.999948e-01 -4.659550e-04 3.186809e-03 9.263121e+01 4.668473e-04 9.999999e-01 -2.793617e-04 3.566569e-01 -3.186678e-03 2.808473e-04 9.999949e-01 3.890015e+01
9.999878e-01 4.339472e-04 -4.910568e-03 9.417507e+01 -4.295807e-04 9.999995e-01 8.901606e-04 3.238305e-01 4.910952e-03 -8.880397e-04 9.999875e-01 3.915035e+01
9.999961e-01 -3.257152e-04 2.777757e-03 9.456093e+01 3.265464e-04 9.999999e-01 -2.988634e-04 2.817369e-01 -2.777660e-03 2.997686e-04 9.999961e-01 4.034221e+01
9.999861e-01 4.718861e-04 -5.256931e-03 9.491271e+01 -4.670969e-04 9.999995e-01 9.121668e-04 2.477492e-01 5.257359e-03 -9.096980e-04 9.999858e-01 4.127351e+01
9.999943e-01 -5.740688e-04 3.320357e-03 9.597218e+01 5.767470e-04 9.999995e-01 -8.057708e-04 2.324583e-01 -3.319893e-03 8.076806e-04 9.999942e-01 4.112815e+01
9.999808e-01 4.498580e-04 -6.184468e-03 9.647627e+01 -4.449765e-04 9.999996e-01 7.906307e-04 2.357898e-01 6.184822e-03 -7.878629e-04 9.999806e-01 4.058133e+01
9.999938e-01 -6.522044e-04 3.450487e-03 9.672975e+01 6.549844e-04 9.999995e-01 -8.046924e-04 2.391069e-01 -3.449961e-03 8.069468e-04 9.999937e-01 3.984430e+01
9.999780e-01 5.105152e-04 -6.619430e-03 9.687606e+01 -5.048906e-04 9.999995e-01 8.513097e-04 2.408590e-01 6.619862e-03 -8.479481e-04 9.999777e-01 3.923067e+01
9.999902e-01 -5.656129e-04 4.383426e-03 9.766009e+01 5.685536e-04 9.999996e-01 -6.697217e-04 2.306524e-01 -4.383046e-03 6.722067e-04 9.999902e-01 3.902250e+01
9.999789e-01 4.570902e-04 -6.479800e-03 9.850545e+01 -4.517682e-04 9.999996e-01 8.227208e-04 2.162670e-01 6.480173e-03 -8.197754e-04 9.999787e-01 3.893418e+01
9.999924e-01 -6.211752e-04 3.851925e-03 9.878477e+01 6.248592e-04 9.999993e-01 -9.553361e-04 2.152649e-01 -3.851329e-03 9.577351e-04 9.999921e-01 3.831339e+01
9.999771e-01 4.487177e-04 -6.757856e-03 9.887596e+01 -4.426784e-04 9.999995e-01 8.950946e-04 2.165958e-01 6.758254e-03 -8.920819e-04 9.999768e-01 3.753524e+01
9.999907e-01 -5.512424e-04 4.285058e-03 9.923330e+01 5.550571e-04 9.999995e-01 -8.891611e-04 2.064884e-01 -4.284566e-03 8.915306e-04 9.999904e-01 3.739466e+01
9.999753e-01 3.828812e-04 -7.023238e-03 9.950024e+01 -3.768905e-04 9.999996e-01 8.542632e-04 2.054088e-01 7.023562e-03 -8.515944e-04 9.999750e-01 3.685383e+01
9.999828e-01 -5.052869e-04 5.843683e-03 1.018136e+02 5.063946e-04 9.999999e-01 -1.881142e-04 1.563460e-01 -5.843587e-03 1.910695e-04 9.999829e-01 3.747241e+01
9.999791e-01 5.858781e-04 -6.433654e-03 1.043020e+02 -5.787699e-04 9.999992e-01 1.106620e-03 7.543619e-02 6.434298e-03 -1.102873e-03 9.999787e-01 3.890767e+01
9.999898e-01 -5.478413e-04 4.491987e-03 1.056481e+02 5.505952e-04 9.999997e-01 -6.119157e-04 3.634825e-02 -4.491650e-03 6.143821e-04 9.999897e-01 4.011405e+01
9.999875e-01 3.173702e-04 -4.999862e-03 1.084874e+02 -3.134632e-04 9.999996e-01 7.821524e-04 6.241850e-02 5.000109e-03 -7.805747e-04 9.999872e-01 3.888814e+01
9.999931e-01 -6.497413e-04 3.649283e-03 1.102242e+02 6.509950e-04 9.999997e-01 -3.424469e-04 2.989119e-02 -3.649060e-03 3.448195e-04 9.999933e-01 3.910025e+01
9.999822e-01 7.416860e-04 -5.922320e-03 1.110215e+02 -7.371745e-04 9.999994e-01 7.638872e-04 -6.064468e-03 5.922884e-03 -7.595072e-04 9.999822e-01 4.013483e+01
9.999862e-01 -7.368531e-04 5.198283e-03 1.142602e+02 7.379369e-04 9.999997e-01 -2.066214e-04 -3.977433e-02 -5.198130e-03 2.104539e-04 9.999865e-01 4.025963e+01
9.999831e-01 6.388360e-04 -5.770120e-03 1.175168e+02 -6.341300e-04 9.999995e-01 8.173333e-04 -7.521999e-02 5.770639e-03 -8.136598e-04 9.999830e-01 4.047473e+01
9.999919e-01 -6.086250e-04 3.966928e-03 1.190678e+02 6.105415e-04 9.999997e-01 -4.819926e-04 -9.004678e-02 -3.966634e-03 4.844100e-04 9.999920e-01 4.040670e+01
9.999876e-01 5.177518e-04 -4.948239e-03 1.211438e+02 -5.156577e-04 9.999998e-01 4.244285e-04 -8.937295e-02 4.948458e-03 -4.218710e-04 9.999877e-01 3.976595e+01
9.999974e-01 -4.577049e-04 2.241572e-03 1.220211e+02 4.571951e-04 9.999999e-01 2.277906e-04 -1.098805e-01 -2.241676e-03 -2.267658e-04 9.999975e-01 4.009048e+01
9.999861e-01 3.823661e-04 -5.258810e-03 1.229211e+02 -3.812371e-04 9.999999e-01 2.156394e-04 -1.383000e-01 5.258892e-03 -2.136309e-04 9.999861e-01 4.037454e+01
9.999981e-01 -4.191720e-04 1.897944e-03 1.233378e+02 4.195433e-04 9.999999e-01 -1.953942e-04 -1.377878e-01 -1.897862e-03 1.961895e-04 9.999982e-01 3.997393e+01
9.999855e-01 3.933305e-04 -5.373814e-03 1.233349e+02 -3.903867e-04 9.999998e-01 5.488087e-04 -1.331144e-01 5.374029e-03 -5.467022e-04 9.999854e-01 3.951804e+01
9.999961e-01 -5.477259e-04 2.739622e-03 1.236280e+02 5.496099e-04 9.999996e-01 -6.870475e-04 -1.349080e-01 -2.739245e-03 6.885499e-04 9.999960e-01 3.909120e+01
9.999863e-01 5.078774e-04 -5.217852e-03 1.239762e+02 -5.039811e-04 9.999996e-01 7.479704e-04 -1.478045e-01 5.218230e-03 -7.453298e-04 9.999861e-01 3.926449e+01
9.999968e-01 -5.109890e-04 2.492837e-03 1.242929e+02 5.121492e-04 9.999998e-01 -4.648934e-04 -1.704830e-01 -2.492599e-03 4.661680e-04 9.999968e-01 3.981980e+01
9.999869e-01 4.847512e-04 -5.105272e-03 1.246923e+02 -4.816975e-04 9.999997e-01 5.992974e-04 -1.915610e-01 5.105561e-03 -5.968297e-04 9.999868e-01 4.017855e+01
9.999963e-01 -5.623485e-04 2.660927e-03 1.251501e+02 5.642489e-04 9.999996e-01 -7.136031e-04 -1.970551e-01 -2.660525e-03 7.151012e-04 9.999962e-01 3.988572e+01
9.999868e-01 4.705804e-04 -5.125175e-03 1.256103e+02 -4.670334e-04 9.999997e-01 6.932040e-04 -2.041906e-01 5.125500e-03 -6.908005e-04 9.999866e-01 3.976344e+01
9.999968e-01 -5.901886e-04 2.457299e-03 1.259276e+02 5.922588e-04 9.999995e-01 -8.419446e-04 -2.063919e-01 -2.456801e-03 8.433966e-04 9.999966e-01 3.933903e+01
