9.999942e-01 -1.768315e-05 -3.413082e-03 8.515817e-02 1.830355e-05 1.000000e+00 1.817481e-04 -1.800007e-02 3.413078e-03 -1.818103e-04 9.999942e-01 5.481721e-01
9.999998e-01 2.419016e-05 -6.981420e-04 1.357504e-01 -2.409035e-05 1.000000e+00 1.429374e-04 -2.448516e-02 6.981458e-04 -1.429199e-04 9.999997e-01 6.544985e-01
9.999954e-01 1.221000e-04 -3.039724e-03 5.828132e-01 -1.211982e-04 9.999999e-01 2.968613e-04 -3.934424e-02 3.039759e-03 -2.964923e-04 9.999953e-01 6.968495e-01
9.999993e-01 -1.376242e-04 -1.154957e-03 4.456304e-01 1.377481e-04 1.000000e+00 1.071467e-04 -4.001212e-02 1.154943e-03 -1.073050e-04 9.999993e-01 1.092163e+00
9.999844e-01 3.019438e-04 -5.581799e-03 -4.397933e-01 -2.979689e-04 9.999997e-01 7.129493e-04 4.668119e-04 5.582012e-03 -7.112757e-04 9.999842e-01 1.360098e+00
1.000000e+00 -2.436171e-04 1.252889e-04 -9.974567e-01 2.436478e-04 9.999999e-01 -2.443524e-04 2.211108e-02 -1.252291e-04 2.443836e-04 1.000000e+00 1.843328e+00
9.999844e-01 3.000478e-04 -5.569504e-03 -1.600300e+00 -2.958942e-04 9.999997e-01 7.465952e-04 4.359040e-02 5.569726e-03 -7.449363e-04 9.999842e-01 2.367376e+00
1.000000e+00 -1.998173e-04 4.788906e-05 -2.200356e+00 1.998226e-04 1.000000e+00 -1.095760e-04 6.293844e-02 -4.786682e-05 1.095863e-04 1.000000e+00 2.577282e+00
9.999936e-01 1.635553e-04 -3.563416e-03 -2.272331e+00 -1.624798e-04 9.999999e-01 3.021257e-04 5.300835e-02 3.563465e-03 -3.015455e-04 9.999936e-01 3.167449e+00
9.999997e-01 -1.465902e-04 -7.718523e-04 -2.506556e+00 1.467000e-04 1.000000e+00 1.421339e-04 5.295220e-02 7.718318e-04 -1.422464e-04 9.999997e-01 3.501782e+00
9.999931e-01 2.014872e-04 -3.721725e-03 -2.637793e+00 -2.009349e-04 1.000000e+00 1.487636e-04 6.046165e-02 3.721755e-03 -1.480154e-04 9.999931e-01 3.945718e+00
1.000000e+00 -2.311834e-04 7.297631e-05 -2.339826e+00 2.311721e-04 1.000000e+00 1.545642e-04 4.663654e-02 -7.301170e-05 -1.545466e-04 1.000000e+00 4.314934e+00
9.999939e-01 1.871268e-04 -3.495214e-03 -2.332881e+00 -1.869314e-04 1.000000e+00 5.626659e-05 3.105493e-02 3.495224e-03 -5.561359e-05 9.999939e-01 4.955291e+00
9.999999e-01 4.739229e-06 -4.310798e-04 -1.929608e+00 -4.643071e-06 1.000000e+00 2.229586e-04 2.092509e-02 4.310812e-04 -2.229559e-04 9.999999e-01 5.126952e+00
9.999944e-01 2.546489e-04 -3.348707e-03 -1.061374e+00 -2.532972e-04 9.999999e-01 4.040756e-04 5.711072e-03 3.348809e-03 -4.032258e-04 9.999943e-01 5.270061e+00
9.999998e-01 1.221667e-05 -6.292825e-04 -4.540479e-01 -1.226963e-05 1.000000e+00 -8.423502e-05 -8.666127e-03 6.292818e-04 8.424343e-05 9.999998e-01 5.817085e+00
9.999953e-01 2.226050e-04 -3.054952e-03 2.279722e-01 -2.212305e-04 9.999999e-01 4.502812e-04 -2.536402e-02 3.055052e-03 -4.496039e-04 9.999952e-01 6.199480e+00
1.000000e+00 -1.533498e-04 -1.601219e-04 6.054831e-01 1.533207e-04 1.000000e+00 -1.815136e-04 -5.188396e-02 1.601501e-04 1.814898e-04 1.000000e+00 6.787010e+00
9.999950e-01 2.064403e-04 -3.141472e-03 7.100361e-01 -2.054402e-04 9.999999e-01 3.186909e-04 -7.000985e-02 3.141537e-03 -3.180447e-04 9.999950e-01 7.484511e+00
9.999998e-01 -8.482823e-05 -6.691347e-04 1.100279e+00 8.477189e-05 1.000000e+00 -8.430076e-05 -8.419988e-02 6.691422e-04 8.424473e-05 9.999998e-01 7.923243e+00
9.999972e-01 2.565109e-04 -2.364254e-03 1.803569e+00 -2.551715e-04 9.999998e-01 5.668107e-04 -1.152684e-01 2.364398e-03 -5.662065e-04 9.999970e-01 8.414084e+00
9.999999e-01 -2.151707e-04 -3.555434e-04 2.203284e+00 2.150550e-04 9.999999e-01 -3.256388e-04 -1.430526e-01 3.556137e-04 3.255630e-04 9.999999e-01 8.882331e+00
9.999963e-01 2.772730e-04 -2.718970e-03 2.734948e+00 -2.754275e-04 9.999997e-01 6.791356e-04 -1.652054e-01 2.719157e-03 -6.783849e-04 9.999961e-01 9.084270e+00
9.999999e-01 -2.413051e-04 -4.872390e-04 3.256772e+00 2.411846e-04 9.999999e-01 -2.475247e-04 -1.817288e-01 4.872991e-04 2.474078e-04 9.999999e-01 9.115059e+00
9.999953e-01 4.147257e-04 -3.040178e-03 3.806452e+00 -4.127080e-04 9.999997e-01 6.642973e-04 -2.041081e-01 3.040452e-03 -6.630402e-04 9.999952e-01 9.490325e+00
9.999999e-01 -3.116521e-04 -3.030798e-04 4.305597e+00 3.115665e-04 9.999999e-01 -2.827552e-04 -2.249491e-01 3.031682e-04 2.826614e-04 9.999999e-01 9.699301e+00
9.999958e-01 3.397464e-04 -2.871754e-03 4.853618e+00 -3.379383e-04 9.999997e-01 6.301276e-04 -2.381551e-01 2.871967e-03 -6.291552e-04 9.999957e-01 9.660518e+00
9.999998e-01 -2.597390e-04 -5.554775e-04 5.218408e+00 2.596001e-04 9.999999e-01 -2.500973e-04 -2.543972e-01 5.555428e-04 2.499538e-04 9.999998e-01 9.810104e+00
9.999933e-01 3.330164e-04 -3.645270e-03 5.223662e+00 -3.312359e-04 9.999998e-01 4.890487e-04 -2.563175e-01 3.645431e-03 -4.878387e-04 9.999932e-01 1.027501e+01
9.999993e-01 -3.195652e-04 -1.100056e-03 5.055332e+00 3.194313e-04 9.999999e-01 -1.219742e-04 -2.484302e-01 1.100095e-03 1.216234e-04 9.999994e-01 1.075856e+01
9.999927e-01 2.704873e-04 -3.801921e-03 4.802269e+00 -2.686847e-04 9.999999e-01 4.746408e-04 -2.385712e-01 3.802048e-03 -4.736166e-04 9.999927e-01 1.106364e+01
1.000000e+00 -2.787574e-04 -1.272705e-04 4.808685e+00 2.787338e-04 9.999999e-01 -1.857837e-04 -2.480247e-01 1.273226e-04 1.857489e-04 1.000000e+00 1.138683e+01
9.999926e-01 2.510309e-04 -3.827204e-03 4.857324e+00 -2.494133e-04 9.999999e-01 4.231334e-04 -2.562352e-01 3.827310e-03 -4.221764e-04 9.999926e-01 1.166011e+01
9.999998e-01 -2.690715e-04 5.866257e-04 5.013309e+00 2.691912e-04 9.999999e-01 -2.039143e-04 -2.735167e-01 -5.865705e-04 2.040729e-04 9.999998e-01 1.197693e+01
9.999931e-01 2.798524e-04 -3.714465e-03 5.180596e+00 -2.783207e-04 9.999999e-01 4.128906e-04 -2.991910e-01 3.714580e-03 -4.118546e-04 9.999930e-01 1.257490e+01
9.999998e-01 -2.851854e-04 6.148626e-04 5.382469e+00 2.852932e-04 9.999999e-01 -1.751947e-04 -3.260533e-01 -6.148123e-04 1.753708e-04 9.999998e-01 1.308225e+01
9.999867e-01 3.463862e-04 -5.149007e-03 5.163358e+00 -3.428593e-04 9.999997e-01 6.858511e-04 -3.309237e-01 5.149243e-03 -6.840773e-04 9.999865e-01 1.305776e+01
9.999997e-01 -2.692503e-04 7.134398e-04 4.950562e+00 2.694662e-04 9.999999e-01 -3.024866e-04 -3.273235e-01 -7.133579e-04 3.026795e-04 9.999997e-01 1.325306e+01
9.999881e-01 2.626304e-04 -4.868134e-03 4.891117e+00 -2.602767e-04 9.999998e-01 4.841181e-04 -3.322689e-01 4.868260e-03 -4.828460e-04 9.999880e-01 1.402452e+01
9.999988e-01 -1.158565e-04 1.574649e-03 5.421926e+00 1.159845e-04 1.000000e+00 -8.113722e-05 -3.614348e-01 -1.574640e-03 8.132046e-05 9.999988e-01 1.447701e+01
9.999888e-01 3.685522e-04 -4.725460e-03 6.215412e+00 -3.653476e-04 9.999997e-01 6.790152e-04 -3.940364e-01 4.725708e-03 -6.772819e-04 9.999886e-01 1.486463e+01
9.999987e-01 -2.461952e-04 1.571601e-03 6.716382e+00 2.467868e-04 9.999999e-01 -3.762165e-04 -4.190484e-01 -1.571508e-03 3.766046e-04 9.999987e-01 1.515493e+01
9.999849e-01 2.274072e-04 -5.491899e-03 6.701395e+00 -2.235199e-04 9.999997e-01 7.084458e-04 -4.281844e-01 5.492058e-03 -7.072083e-04 9.999847e-01 1.543086e+01
9.999993e-01 -2.899887e-04 1.115002e-03 6.549788e+00 2.905154e-04 9.999998e-01 -4.721861e-04 -4.245077e-01 -1.114865e-03 4.725104e-04 9.999993e-01 1.582888e+01
9.999861e-01 2.677691e-04 -5.259368e-03 6.433555e+00 -2.632866e-04 9.999996e-01 8.529741e-04 -4.277668e-01 5.259594e-03 -8.515783e-04 9.999858e-01 1.614284e+01
9.999991e-01 -2.835861e-04 1.286748e-03 6.312021e+00 2.843631e-04 9.999998e-01 -6.036156e-04 -4.314108e-01 -1.286576e-03 6.039817e-04 9.999990e-01 1.682397e+01
9.999789e-01 2.771299e-04 -6.488056e-03 5.987019e+00 -2.700888e-04 9.999994e-01 1.086100e-03 -4.185600e-01 6.488353e-03 -1.084325e-03 9.999784e-01 1.725600e+01
1.000000e+00 -8.764506e-05 7.882101e-05 5.209504e+00 8.766164e-05 1.000000e+00 -2.092497e-04 -3.890476e-01 -7.880234e-05 2.092573e-04 1.000000e+00 1.730838e+01
9.999884e-01 1.636559e-05 -4.809802e-03 4.980727e+00 -1.376967e-05 9.999999e-01 5.397662e-04 -3.807085e-01 4.809809e-03 -5.396944e-04 9.999883e-01 1.771630e+01
9.999998e-01 -3.077688e-05 -6.047479e-04 4.525757e+00 3.069789e-05 1.000000e+00 -1.307764e-04 -3.562448e-01 6.047522e-04 1.307586e-04 9.999998e-01 1.817949e+01
9.999888e-01 -3.350621e-05 -4.738420e-03 4.112907e+00 3.607858e-05 9.999999e-01 5.428089e-04 -3.339881e-01 4.738401e-03 -5.429744e-04 9.999886e-01 1.863159e+01
1.000000e+00 -7.734033e-06 -2.141262e-04 3.793064e+00 7.695732e-06 1.000000e+00 -1.793207e-04 -3.186686e-01 2.141279e-04 1.793198e-04 1.000000e+00 1.900842e+01
9.999909e-01 -5.785772e-05 -4.269404e-03 3.605265e+00 5.998595e-05 9.999999e-01 4.983817e-04 -3.140798e-01 4.269375e-03 -4.986340e-04 9.999908e-01 1.938710e+01
9.999995e-01 1.600000e-04 9.542001e-04 3.945700e+00 -1.598609e-04 1.000000e+00 -1.457261e-04 -3.370173e-01 -9.542230e-04 1.455742e-04 9.999995e-01 1.981511e+01
9.999938e-01 1.046017e-04 -3.518542e-03 4.668420e+00 -1.025619e-04 9.999998e-01 5.799200e-04 -3.774678e-01 3.518602e-03 -5.795563e-04 9.999936e-01 2.050156e+01
9.999995e-01 4.949601e-05 1.004813e-03 5.185458e+00 -4.910126e-05 9.999999e-01 -3.927893e-04 -4.063570e-01 -1.004832e-03 3.927405e-04 9.999994e-01 2.102838e+01
9.999836e-01 -9.345636e-05 -5.725727e-03 4.907012e+00 9.822480e-05 9.999996e-01 8.325511e-04 -4.013102e-01 5.725647e-03 -8.331006e-04 9.999833e-01 2.128167e+01
9.999998e-01 1.110115e-04 6.231914e-04 4.508979e+00 -1.107816e-04 9.999999e-01 -3.687070e-04 -3.858128e-01 -6.232320e-04 3.686386e-04 9.999997e-01 2.155561e+01
9.999912e-01 -3.890500e-05 -4.194507e-03 4.732349e+00 4.146717e-05 9.999998e-01 6.107788e-04 -4.035782e-01 4.194482e-03 -6.109480e-04 9.999910e-01 2.191894e+01
9.999995e-01 2.284737e-04 9.857583e-04 5.294913e+00 -2.282497e-04 9.999999e-01 -2.272652e-04 -4.301538e-01 -9.858098e-04 2.270408e-04 9.999995e-01 2.224030e+01
9.999919e-01 3.546473e-05 -4.034498e-03 6.080809e+00 -3.261321e-05 9.999997e-01 7.068750e-04 -4.620204e-01 4.034522e-03 -7.067383e-04 9.999916e-01 2.268450e+01
9.999990e-01 2.046703e-04 1.419266e-03 6.685147e+00 -2.042203e-04 9.999999e-01 -3.171169e-04 -5.011144e-01 -1.419331e-03 3.168274e-04 9.999989e-01 2.341079e+01
9.999893e-01 -1.735049e-04 -4.618021e-03 6.878269e+00 1.760888e-04 9.999998e-01 5.591642e-04 -5.283391e-01 4.617922e-03 -5.599722e-04 9.999892e-01 2.405579e+01
9.999990e-01 1.901827e-04 1.394939e-03 7.046630e+00 -1.895615e-04 9.999999e-01 -4.453372e-04 -5.526581e-01 -1.395023e-03 4.450730e-04 9.999989e-01 2.484355e+01
9.999894e-01 -1.946941e-04 -4.607621e-03 7.235588e+00 1.978442e-04 9.999997e-01 6.832473e-04 -5.758330e-01 4.607487e-03 -6.841524e-04 9.999892e-01 2.528151e+01
9.999999e-01 3.021295e-04 -3.092495e-04 6.938764e+00 -3.021538e-04 1.000000e+00 -7.917792e-05 -5.684342e-01 3.092259e-04 7.927206e-05 9.999999e-01 2.537314e+01
9.999880e-01 -2.028692e-04 -4.891498e-03 6.565472e+00 2.061499e-04 9.999998e-01 6.702201e-04 -5.556690e-01 4.891361e-03 -6.712212e-04 9.999878e-01 2.559556e+01
9.999998e-01 4.010340e-04 4.023046e-04 6.569106e+00 -4.009583e-04 9.999999e-01 -1.877282e-04 -5.534500e-01 -4.023795e-04 1.875676e-04 9.999999e-01 2.580791e+01
9.999914e-01 -3.984070e-04 -4.132461e-03 6.624874e+00 4.005653e-04 9.999998e-01 5.214966e-04 -5.687130e-01 4.132252e-03 -5.231482e-04 9.999913e-01 2.645054e+01
9.999998e-01 3.689150e-04 4.067343e-04 6.649618e+00 -3.687615e-04 9.999999e-01 -3.772772e-04 -5.811383e-01 -4.068731e-04 3.771279e-04 9.999998e-01 2.721616e+01
9.999875e-01 -3.903996e-04 -4.990333e-03 6.422152e+00 3.939486e-04 9.999997e-01 7.102405e-04 -5.760393e-01 4.990054e-03 -7.121982e-04 9.999873e-01 2.790064e+01
9.999998e-01 4.149169e-04 -5.317592e-04 5.975056e+00 -4.150656e-04 9.999999e-01 -2.799000e-04 -5.541895e-01 5.316433e-04 2.801214e-04 9.999998e-01 2.836913e+01
9.999965e-01 -4.035663e-04 -2.630962e-03 6.196452e+00 4.048872e-04 9.999998e-01 5.016109e-04 -5.833791e-01 2.630759e-03 -5.026751e-04 9.999964e-01 2.914934e+01
9.999994e-01 4.048122e-04 -1.062167e-03 6.199434e+00 -4.050202e-04 9.999999e-01 -1.956529e-04 -5.972501e-01 1.062088e-03 1.960836e-04 9.999994e-01 2.987587e+01
9.999936e-01 -4.147455e-04 -3.542829e-03 5.991344e+00 4.167815e-04 9.999997e-01 5.739915e-04 -5.908069e-01 3.542590e-03 -5.754652e-04 9.999936e-01 3.037471e+01
9.999988e-01 4.833369e-04 -1.447459e-03 5.679048e+00 -4.833934e-04 9.999999e-01 -3.876913e-05 -5.782735e-01 1.447440e-03 3.946948e-05 9.999990e-01 3.070970e+01
9.999946e-01 -4.232086e-04 -3.264609e-03 5.399701e+00 4.249528e-04 9.999998e-01 5.336344e-04 -5.700525e-01 3.264382e-03 -5.350196e-04 9.999945e-01 3.103397e+01
9.999994e-01 5.313328e-04 -9.529604e-04 5.237374e+00 -5.314414e-04 9.999999e-01 -1.139059e-04 -5.685040e-01 9.529001e-04 1.144130e-04 9.999995e-01 3.140366e+01
9.999972e-01 -5.041900e-04 -2.318111e-03 5.461975e+00 5.049142e-04 9.999998e-01 3.119240e-04 -5.883015e-01 2.317953e-03 -3.130943e-04 9.999973e-01 3.211563e+01
9.999995e-01 4.550517e-04 -8.589636e-04 5.477917e+00 -4.552214e-04 9.999999e-01 -1.975439e-04 -6.077386e-01 8.588740e-04 1.979356e-04 9.999996e-01 3.311275e+01
9.999946e-01 -5.304402e-04 -3.235060e-03 5.385052e+00 5.317622e-04 9.999998e-01 4.078421e-04 -6.111705e-01 3.234843e-03 -4.095609e-04 9.999947e-01 3.385903e+01
9.999998e-01 6.400050e-04 1.360995e-04 5.707575e+00 -6.399813e-04 9.999998e-01 -1.729797e-04 -6.424999e-01 -1.362098e-04 1.728933e-04 1.000000e+00 3.459935e+01
9.999891e-01 -5.915121e-04 -4.640110e-03 5.556746e+00 5.929980e-04 9.999998e-01 3.188799e-04 -6.385487e-01 4.639920e-03 -3.216287e-04 9.999892e-01 3.560558e+01
9.999998e-01 5.675233e-04 2.395989e-04 5.436772e+00 -5.674743e-04 9.999998e-01 -2.040830e-04 -6.382508e-01 -2.397144e-04 2.039477e-04 1.000000e+00 3.658958e+01
9.999912e-01 -5.909619e-04 -4.156010e-03 5.445320e+00 5.927540e-04 9.999997e-01 4.300259e-04 -6.476320e-01 4.155754e-03 -4.324863e-04 9.999913e-01 3.716033e+01
9.999989e-01 6.454446e-04 -1.313118e-03 4.907053e+00 -6.452126e-04 9.999998e-01 1.769697e-04 -6.268958e-01 1.313232e-03 -1.761216e-04 9.999991e-01 3.744174e+01
9.999872e-01 -4.071168e-04 -5.034527e-03 4.065413e+00 4.109746e-04 9.999996e-01 7.652934e-04 -6.010933e-01 5.034213e-03 -7.673534e-04 9.999870e-01 3.735233e+01
9.999992e-01 4.462549e-04 -1.152621e-03 3.410292e+00 -4.464439e-04 9.999999e-01 -1.637982e-04 -5.653301e-01 1.152548e-03 1.643134e-04 9.999993e-01 3.780116e+01
9.999843e-01 -2.118820e-04 -5.600490e-03 2.463639e+00 2.183066e-04 9.999993e-01 1.146588e-03 -5.295084e-01 5.600243e-03 -1.147793e-03 9.999837e-01 3.782555e+01
9.999998e-01 3.770655e-04 -4.826878e-04 1.749628e+00 -3.772196e-04 9.999999e-01 -3.194893e-04 -5.057308e-01 4.825676e-04 3.196720e-04 9.999998e-01 3.785433e+01
9.999934e-01 -3.131080e-04 -3.620683e-03 1.706546e+00 3.154984e-04 9.999997e-01 6.596934e-04 -5.089212e-01 3.620475e-03 -6.608321e-04 9.999932e-01 3.829106e+01
9.999998e-01 4.220760e-04 3.818854e-04 2.029195e+00 -4.219124e-04 9.999998e-01 -4.279835e-04 -5.340864e-01 -3.820657e-04 4.278230e-04 9.999998e-01 3.885178e+01
9.999903e-01 -4.304803e-04 -4.389132e-03 2.029752e+00 4.340142e-04 9.999996e-01 8.042633e-04 -5.425418e-01 4.388784e-03 -8.061611e-04 9.999900e-01 3.915002e+01
9.999995e-01 5.037418e-04 -8.069631e-04 1.597220e+00 -5.038873e-04 9.999999e-01 -1.802821e-04 -5.328689e-01 8.068725e-04 1.806893e-04 9.999997e-01 3.917181e+01
9.999936e-01 -5.308944e-04 -3.542297e-03 1.413948e+00 5.328905e-04 9.999997e-01 5.626260e-04 -5.359224e-01 3.541997e-03 -5.645107e-04 9.999936e-01 3.935904e+01
9.999985e-01 5.752187e-04 -1.620001e-03 1.046476e+00 -5.752041e-04 9.999998e-01 9.435321e-06 -5.286641e-01 1.620007e-03 -8.502779e-06 9.999987e-01 3.941593e+01
9.999935e-01 -5.146712e-04 -3.570149e-03 6.213077e-01 5.167539e-04 9.999997e-01 5.825227e-04 -5.198357e-01 3.569848e-03 -5.843644e-04 9.999935e-01 3.949324e+01
9.999993e-01 5.753066e-04 -9.924457e-04 3.762548e-01 -5.754113e-04 9.999998e-01 -1.053467e-04 -5.178801e-01 9.923852e-04 1.059183e-04 9.999995e-01 3.964634e+01
9.999954e-01 -5.185642e-04 -2.980643e-03 3.236063e-01 5.199855e-04 9.999998e-01 4.761206e-04 -5.241474e-01 2.980395e-03 -4.776690e-04 9.999954e-01 3.996948e+01
9.999993e-01 5.704935e-04 -9.973592e-04 3.130721e-01 -5.705516e-04 9.999998e-01 -5.819486e-05 -5.327107e-01 9.973261e-04 5.876457e-05 9.999995e-01 4.025240e+01
9.999969e-01 -5.525184e-04 -2.444510e-03 4.319259e-01 5.534780e-04 9.999998e-01 3.919639e-04 -5.504536e-01 2.444292e-03 -3.933163e-04 9.999969e-01 4.066407e+01
9.999996e-01 5.881390e-04 -7.217434e-04 6.908169e-01 -5.881944e-04 9.999998e-01 -7.678568e-05 -5.774561e-01 7.216984e-04 7.721086e-05 9.999997e-01 4.116174e+01
9.999965e-01 -5.019765e-04 -2.579408e-03 1.087260e+00 5.031544e-04 9.999998e-01 4.560822e-04 -5.982612e-01 2.579178e-03 -4.573792e-04 9.999966e-01 4.146172e+01
9.999994e-01 4.954517e-04 -9.379130e-04 1.139523e+00 -4.955959e-04 9.999999e-01 -1.536157e-04 -6.142759e-01 9.378371e-04 1.540812e-04 9.999995e-01 4.199161e+01
9.999937e-01 -5.056407e-04 -3.515332e-03 8.164269e-01 5.073997e-04 9.999997e-01 4.995559e-04 -6.049196e-01 3.515078e-03 -5.013372e-04 9.999937e-01 4.245302e+01
9.999996e-01 5.130494e-04 -6.965952e-04 5.982338e-01 -5.132568e-04 9.999998e-01 -2.978783e-04 -5.999098e-01 6.964426e-04 2.982364e-04 9.999997e-01 4.303346e+01
9.999919e-01 -4.997792e-04 -4.005234e-03 3.626810e-01 5.030924e-04 9.999995e-01 8.263061e-04 -5.965097e-01 4.004819e-03 -8.283151e-04 9.999916e-01 4.259671e+01
9.999984e-01 6.763441e-04 -1.646671e-03 -2.529658e-01 -6.762459e-04 9.999998e-01 6.004656e-05 -5.848486e-01 1.646712e-03 -5.893222e-05 9.999986e-01 4.219948e+01
9.999962e-01 -6.945616e-04 -2.658922e-03 -4.830275e-01 6.952767e-04 9.999997e-01 2.680696e-04 -5.847289e-01 2.658735e-03 -2.699180e-04 9.999964e-01 4.261487e+01
9.999998e-01 6.418061e-04 -2.931169e-04 -2.651969e-01 -6.418245e-04 9.999998e-01 -6.315905e-05 -6.042009e-01 2.930766e-04 6.334786e-05 1.000000e+00 4.270563e+01
9.999919e-01 -7.630682e-04 -3.940890e-03 -4.174377e-01 7.653146e-04 9.999995e-01 5.685945e-04 -6.055209e-01 3.940454e-03 -5.716066e-04 9.999921e-01 4.203325e+01
9.999981e-01 9.945527e-04 -1.681792e-03 -1.006410e+00 -9.940573e-04 9.999995e-01 2.952725e-04 -5.961029e-01 1.682085e-03 -2.935994e-04 9.999985e-01 4.181488e+01
9.999940e-01 -9.279915e-04 -3.346208e-03 -1.431612e+00 9.288452e-04 9.999995e-01 2.536184e-04 -5.900791e-01 3.345970e-03 -2.567256e-04 9.999944e-01 4.186245e+01
9.999995e-01 8.449990e-04 -5.713497e-04 -1.768203e+00 -8.449953e-04 9.999996e-01 6.493963e-06 -5.838400e-01 5.713553e-04 -6.010481e-06 9.999998e-01 4.286698e+01
9.999896e-01 -8.281156e-04 -4.481467e-03 -2.246735e+00 8.297624e-04 9.999996e-01 3.656546e-04 -5.640835e-01 4.481162e-03 -3.693700e-04 9.999899e-01 4.357701e+01
9.999996e-01 8.067531e-04 3.310182e-04 -2.314470e+00 -8.067154e-04 9.999997e-01 -1.135113e-04 -5.667095e-01 -3.311094e-04 1.132449e-04 9.999999e-01 4.384784e+01
9.999931e-01 -7.529376e-04 -3.648964e-03 -1.925446e+00 7.545841e-04 9.999996e-01 4.499161e-04 -5.826306e-01 3.648624e-03 -4.526671e-04 9.999932e-01 4.391768e+01
9.999996e-01 8.568717e-04 8.732724e-05 -1.610394e+00 -8.568635e-04 9.999996e-01 -9.278033e-05 -5.973572e-01 -8.740640e-05 9.270615e-05 1.000000e+00 4.412382e+01
9.999945e-01 -7.926946e-04 -3.223397e-03 -1.310952e+00 7.933771e-04 9.999997e-01 2.104911e-04 -6.177006e-01 3.223229e-03 -2.130480e-04 9.999948e-01 4.462743e+01
9.999989e-01 1.081423e-03 1.047654e-03 -3.284056e-01 -1.081846e-03 9.999993e-01 4.037826e-04 -6.616184e-01 -1.047216e-03 -4.049149e-04 9.999994e-01 4.525998e+01
9.999950e-01 -8.446589e-04 -3.040971e-03 5.194314e-01 8.445023e-04 9.999996e-01 -5.272058e-05 -7.038440e-01 3.041014e-03 5.015152e-05 9.999954e-01 4.588269e+01
9.999997e-01 6.628050e-04 -3.716156e-04 7.764862e-01 -6.626702e-04 9.999997e-01 3.620622e-04 -7.001013e-01 3.718558e-04 -3.618151e-04 9.999999e-01 4.514340e+01
9.999880e-01 -5.766503e-04 -4.854653e-03 3.071709e-01 5.784512e-04 9.999998e-01 3.696106e-04 -6.888662e-01 4.854439e-03 -3.724150e-04 9.999881e-01 4.479802e+01
9.999998e-01 6.092433e-04 -1.490029e-04 -3.935259e-02 -6.092304e-04 9.999998e-01 8.554874e-05 -6.787901e-01 1.490552e-04 -8.545726e-05 1.000000e+00 4.497000e+01
9.999925e-01 -5.834515e-04 -3.830714e-03 -3.967710e-02 5.843619e-04 9.999998e-01 2.365875e-04 -6.886496e-01 3.830575e-03 -2.388249e-04 9.999926e-01 4.499565e+01
9.999995e-01 6.291326e-04 -8.293278e-04 -2.560545e-01 -6.288514e-04 9.999997e-01 3.391192e-04 -6.901210e-01 8.295412e-04 -3.385968e-04 9.999996e-01 4.467741e+01
9.999950e-01 -6.582076e-04 -3.096757e-03 -1.739490e-01 6.582586e-04 9.999998e-01 1.551386e-05 -6.914130e-01 3.096746e-03 -1.755294e-05 9.999952e-01 4.436440e+01
9.999989e-01 6.749205e-04 -1.339061e-03 -3.099140e-01 -6.742180e-04 9.999996e-01 5.248719e-04 -6.937133e-01 1.339415e-03 -5.239678e-04 9.999990e-01 4.407157e+01
9.999976e-01 -6.881490e-04 -2.090486e-03 -1.379798e-01 6.877618e-04 9.999997e-01 -1.858331e-04 -7.064986e-01 2.090613e-03 1.843942e-04 9.999978e-01 4.394752e+01
9.999995e-01 7.061103e-04 -6.920263e-04 2.624752e-01 -7.058015e-04 9.999997e-01 4.459750e-04 -7.274417e-01 6.923412e-04 -4.454857e-04 9.999997e-01 4.409791e+01
9.999963e-01 -8.457908e-04 -2.567024e-03 4.911577e-01 8.453744e-04 9.999996e-01 -1.632227e-04 -7.333162e-01 2.567161e-03 1.610514e-04 9.999967e-01 4.371245e+01
9.999997e-01 6.329482e-04 -4.153803e-04 8.331401e-01 -6.327639e-04 9.999997e-01 4.433316e-04 -7.356677e-01 4.156610e-04 -4.430680e-04 9.999998e-01 4.317513e+01
9.999977e-01 -5.516886e-04 -2.076652e-03 1.237151e+00 5.515117e-04 9.999998e-01 -8.566145e-05 -7.705317e-01 2.076699e-03 8.451527e-05 9.999978e-01 4.381986e+01
9.999997e-01 7.501309e-04 2.252445e-05 1.764944e+00 -7.501401e-04 9.999996e-01 4.229046e-04 -8.185613e-01 -2.220691e-05 -4.229207e-04 9.999999e-01 4.473596e+01
9.999963e-01 -6.751985e-04 -2.644795e-03 2.138494e+00 6.747588e-04 9.999998e-01 -1.670724e-04 -8.508524e-01 2.644906e-03 1.652865e-04 9.999965e-01 4.519889e+01
9.999996e-01 6.356164e-04 -6.408395e-04 2.315394e+00 -6.353129e-04 9.999997e-01 4.733183e-04 -8.649403e-01 6.411405e-04 -4.729103e-04 9.999997e-01 4.527197e+01
9.999967e-01 -5.864147e-04 -2.482073e-03 2.613281e+00 5.861625e-04 9.999998e-01 -1.022560e-04 -8.856863e-01 2.482132e-03 1.008001e-04 9.999969e-01 4.545372e+01
9.999997e-01 6.096794e-04 -3.986332e-04 2.850686e+00 -6.095225e-04 9.999997e-01 3.930386e-04 -9.161026e-01 3.988730e-04 -3.927949e-04 9.999998e-01 4.611192e+01
9.999971e-01 -6.421426e-04 -2.338298e-03 3.002286e+00 6.415760e-04 9.999998e-01 -2.429528e-04 -9.459140e-01 2.338453e-03 2.414512e-04 9.999972e-01 4.688766e+01
9.999992e-01 5.752719e-04 -1.142116e-03 2.966298e+00 -5.747495e-04 9.999997e-01 4.575132e-04 -9.571041e-01 1.142379e-03 -4.568557e-04 9.999992e-01 4.743019e+01
9.999975e-01 -6.537910e-04 -2.120940e-03 2.944478e+00 6.530178e-04 9.999997e-01 -3.651176e-04 -9.730215e-01 2.121178e-03 3.637310e-04 9.999977e-01 4.814113e+01
9.999990e-01 5.858126e-04 -1.314285e-03 2.952131e+00 -5.851002e-04 9.999997e-01 5.421759e-04 -9.887985e-01 1.314603e-03 -5.414057e-04 9.999990e-01 4.879599e+01
9.999952e-01 -5.786040e-04 -3.038543e-03 2.733442e+00 5.782650e-04 9.999998e-01 -1.123700e-04 -9.871770e-01 3.038607e-03 1.106117e-04 9.999954e-01 4.911723e+01
9.999955e-01 6.779314e-04 -2.926660e-03 2.020809e+00 -6.757263e-04 9.999995e-01 7.543044e-04 -9.519625e-01 2.927170e-03 -7.523227e-04 9.999954e-01 4.956038e+01
9.999971e-01 -6.970275e-04 -2.309377e-03 1.569201e+00 6.961614e-04 9.999997e-01 -3.757186e-04 -9.281281e-01 2.309638e-03 3.741092e-04 9.999973e-01 5.010848e+01
9.999980e-01 6.357239e-04 -1.903898e-03 1.431457e+00 -6.345342e-04 9.999996e-01 6.252619e-04 -9.270208e-01 1.904295e-03 -6.240519e-04 9.999980e-01 5.056727e+01
9.999967e-01 -7.101828e-04 -2.475198e-03 1.161147e+00 7.093163e-04 9.999997e-01 -3.508408e-04 -9.188017e-01 2.475446e-03 3.490833e-04 9.999969e-01 5.106612e+01
9.999987e-01 6.936517e-04 -1.468847e-03 1.083117e+00 -6.927718e-04 9.999996e-01 5.993300e-04 -9.272248e-01 1.469262e-03 -5.983109e-04 9.999987e-01 5.133857e+01
9.999970e-01 -7.343944e-04 -2.350882e-03 1.170840e+00 7.338739e-04 9.999997e-01 -2.221539e-04 -9.334029e-01 2.351044e-03 2.204273e-04 9.999972e-01 5.106761e+01
9.999984e-01 7.668079e-04 -1.639205e-03 1.225404e+00 -7.657817e-04 9.999995e-01 6.264309e-04 -9.386091e-01 1.639685e-03 -6.251740e-04 9.999985e-01 5.121013e+01
9.999945e-01 -8.137384e-04 -3.218113e-03 8.597573e-01 8.131948e-04 9.999997e-01 -1.701698e-04 -9.218314e-01 3.218250e-03 1.675512e-04 9.999948e-01 5.161629e+01
9.999956e-01 8.726260e-04 -2.837585e-03 1.103261e-01 -8.703247e-04 9.999993e-01 8.120615e-04 -8.868440e-01 2.838291e-03 -8.095876e-04 9.999956e-01 5.202859e+01
9.999960e-01 -8.088474e-04 -2.698770e-03 -5.842257e-01 8.082795e-04 9.999997e-01 -2.114114e-04 -8.600944e-01 2.698940e-03 2.092285e-04 9.999963e-01 5.254306e+01
9.999969e-01 8.091167e-04 -2.340615e-03 -1.173737e+00 -8.076449e-04 9.999995e-01 6.296022e-04 -8.359857e-01 2.341124e-03 -6.277092e-04 9.999971e-01 5.328509e+01
9.999971e-01 -8.566409e-04 -2.268802e-03 -1.641357e+00 8.559835e-04 9.999996e-01 -2.906103e-04 -8.169463e-01 2.269049e-03 2.886667e-04 9.999974e-01 5.405026e+01
9.999929e-01 8.782924e-04 -3.663317e-03 -2.354584e+00 -8.752337e-04 9.999993e-01 8.364221e-04 -7.760134e-01 3.664049e-03 -8.332092e-04 9.999929e-01 5.472598e+01
9.999988e-01 -9.280468e-04 -1.200976e-03 -2.748709e+00 9.274197e-04 9.999994e-01 -5.224198e-04 -7.574377e-01 1.201460e-03 5.213047e-04 9.999991e-01 5.535256e+01
9.999975e-01 9.546875e-04 -2.032151e-03 -2.540196e+00 -9.530880e-04 9.999992e-01 7.877830e-04 -7.771765e-01 2.032902e-03 -7.858436e-04 9.999976e-01 5.588667e+01
9.999978e-01 -9.607853e-04 -1.843658e-03 -2.589219e+00 9.600414e-04 9.999995e-01 -4.041557e-04 -7.802511e-01 1.844045e-03 4.023842e-04 9.999982e-01 5.631379e+01
9.999957e-01 9.705691e-04 -2.763015e-03 -2.882090e+00 -9.683622e-04 9.999992e-01 7.998933e-04 -7.673557e-01 2.763789e-03 -7.972136e-04 9.999959e-01 5.670039e+01
9.999982e-01 -9.231437e-04 -1.675617e-03 -2.995767e+00 9.225051e-04 9.999995e-01 -3.817330e-04 -7.636843e-01 1.675969e-03 3.801859e-04 9.999985e-01 5.695653e+01
9.999975e-01 9.551950e-04 -2.006163e-03 -2.975229e+00 -9.537977e-04 9.999993e-01 6.971928e-04 -7.715559e-01 2.006828e-03 -6.952769e-04 9.999977e-01 5.737943e+01
9.999976e-01 -9.956053e-04 -1.962681e-03 -3.170724e+00 9.948523e-04 9.999994e-01 -3.844943e-04 -7.699474e-01 1.963063e-03 3.825402e-04 9.999980e-01 5.801365e+01
9.999907e-01 1.081858e-03 -4.186373e-03 -3.922490e+00 -1.077191e-03 9.999988e-01 1.116749e-03 -7.352209e-01 4.187577e-03 -1.112229e-03 9.999906e-01 5.832637e+01
9.999988e-01 -9.655524e-04 -1.208056e-03 -4.467277e+00 9.649599e-04 9.999994e-01 -4.907029e-04 -7.157955e-01 1.208529e-03 4.895359e-04 9.999991e-01 5.850018e+01
9.999897e-01 1.052461e-03 -4.422247e-03 -5.051392e+00 -1.047406e-03 9.999988e-01 1.145261e-03 -6.890225e-01 4.423447e-03 -1.140617e-03 9.999896e-01 5.877842e+01
9.999978e-01 -9.427791e-04 -1.862544e-03 -5.803451e+00 9.418912e-04 9.999994e-01 -4.774042e-04 -6.467651e-01 1.862993e-03 4.756482e-04 9.999982e-01 5.921658e+01
9.999953e-01 9.075058e-04 -2.922687e-03 -6.063572e+00 -9.048720e-04 9.999992e-01 9.022581e-04 -6.325769e-01 2.923504e-03 -8.996086e-04 9.999953e-01 5.964493e+01
9.999974e-01 -8.684761e-04 -2.129245e-03 -6.481764e+00 8.676208e-04 9.999995e-01 -4.024558e-04 -6.151381e-01 2.129593e-03 4.006067e-04 9.999977e-01 5.991353e+01
9.999938e-01 9.795973e-04 -3.394881e-03 -7.009261e+00 -9.759777e-04 9.999990e-01 1.067598e-03 -5.957988e-01 3.395923e-03 -1.064278e-03 9.999937e-01 6.003356e+01
9.999964e-01 -8.212524e-04 -2.538181e-03 -7.705571e+00 8.201720e-04 9.999996e-01 -4.265482e-04 -5.605215e-01 2.538529e-03 4.244643e-04 9.999967e-01 6.037581e+01
9.999950e-01 7.686946e-04 -3.074022e-03 -8.142460e+00 -7.663372e-04 9.999994e-01 7.679190e-04 -5.324660e-01 3.074610e-03 -7.655587e-04 9.999950e-01 6.078537e+01
9.999992e-01 -8.629232e-04 -8.849373e-04 -8.036995e+00 8.625575e-04 9.999995e-01 -4.133230e-04 -5.286259e-01 8.852933e-04 4.125587e-04 9.999995e-01 6.057858e+01
9.999963e-01 8.258802e-04 -2.597348e-03 -7.523373e+00 -8.239664e-04 9.999994e-01 7.377040e-04 -5.358461e-01 2.597955e-03 -7.355605e-04 9.999964e-01 6.045890e+01
9.999995e-01 -6.911855e-04 -6.986918e-04 -6.897965e+00 6.910155e-04 9.999997e-01 -2.430253e-04 -5.582941e-01 6.988593e-04 2.425417e-04 9.999997e-01 6.072019e+01
9.999961e-01 7.396576e-04 -2.684848e-03 -6.666250e+00 -7.382171e-04 9.999996e-01 5.373842e-04 -5.789219e-01 2.685245e-03 -5.353994e-04 9.999963e-01 6.127733e+01
9.999996e-01 -6.781951e-04 -5.906229e-04 -6.441535e+00 6.780342e-04 9.999997e-01 -2.721374e-04 -6.004836e-01 5.908071e-04 2.717361e-04 9.999998e-01 6.179579e+01
9.999974e-01 8.314499e-04 -2.133491e-03 -5.549379e+00 -8.299908e-04 9.999994e-01 6.845549e-04 -6.277328e-01 2.134059e-03 -6.827816e-04 9.999975e-01 6.209100e+01
9.999994e-01 -7.167058e-04 -8.599814e-04 -4.969870e+00 7.163779e-04 9.999997e-01 -3.812312e-04 -6.500156e-01 8.602541e-04 3.806142e-04 9.999996e-01 6.229986e+01
9.999959e-01 6.638883e-04 -2.793636e-03 -4.677455e+00 -6.617150e-04 9.999995e-01 7.787145e-04 -6.530543e-01 2.794152e-03 -7.768620e-04 9.999958e-01 6.183964e+01
9.999996e-01 -7.867885e-04 -4.102976e-04 -4.111053e+00 7.865872e-04 9.999996e-01 -4.899590e-04 -6.543626e-01 4.106826e-04 4.896355e-04 9.999998e-01 6.142188e+01
9.999969e-01 6.598237e-04 -2.407138e-03 -3.470893e+00 -6.580030e-04 9.999995e-01 7.569853e-04 -6.622324e-01 2.407637e-03 -7.553984e-04 9.999968e-01 6.119449e+01
9.999997e-01 -5.865078e-04 -4.341202e-04 -2.888699e+00 5.863489e-04 9.999998e-01 -3.653548e-04 -6.887629e-01 4.343341e-04 3.650995e-04 9.999998e-01 6.145950e+01
9.999971e-01 6.775818e-04 -2.289664e-03 -2.417780e+00 -6.761526e-04 9.999996e-01 6.247788e-04 -7.186655e-01 2.290087e-03 -6.232282e-04 9.999972e-01 6.191574e+01
9.999994e-01 -6.255486e-04 -9.327500e-04 -1.943487e+00 6.252852e-04 9.999998e-01 -2.823053e-04 -7.404980e-01 9.329262e-04 2.817212e-04 9.999995e-01 6.212680e+01
9.999961e-01 6.241452e-04 -2.706618e-03 -1.558221e+00 -6.225384e-04 9.999996e-01 5.943623e-04 -7.524181e-01 2.706988e-03 -5.926744e-04 9.999962e-01 6.228573e+01
9.999993e-01 -5.817578e-04 -1.062459e-03 -1.271359e+00 5.815557e-04 9.999998e-01 -1.903074e-04 -7.585784e-01 1.062570e-03 1.896887e-04 9.999994e-01 6.228503e+01
9.999955e-01 4.967523e-04 -2.971045e-03 -1.097269e+00 -4.948767e-04 9.999997e-01 6.319159e-04 -7.561290e-01 2.971359e-03 -6.304421e-04 9.999954e-01 6.173056e+01
9.999998e-01 -4.948168e-04 -3.578809e-04 -4.132386e-01 4.947537e-04 9.999999e-01 -1.755301e-04 -7.660779e-01 3.579675e-04 1.753524e-04 9.999999e-01 6.159663e+01
9.999956e-01 5.572966e-04 -2.904038e-03 3.408993e-01 -5.553636e-04 9.999996e-01 6.663058e-04 -7.815362e-01 2.904409e-03 -6.646894e-04 9.999956e-01 6.157638e+01
9.999998e-01 -5.739241e-04 -1.878690e-04 1.053555e+00 5.738787e-04 9.999998e-01 -2.401172e-04 -7.944910e-01 1.880065e-04 2.400087e-04 1.000000e+00 6.149817e+01
9.999959e-01 5.330929e-04 -2.828058e-03 1.759515e+00 -5.312903e-04 9.999997e-01 6.379981e-04 -8.071751e-01 2.828398e-03 -6.364923e-04 9.999958e-01 6.139960e+01
9.999999e-01 -5.010313e-04 -1.705951e-04 2.379707e+00 5.009767e-04 9.999998e-01 -3.181477e-04 -8.242374e-01 1.707542e-04 3.180616e-04 9.999999e-01 6.144305e+01
9.999952e-01 5.348181e-04 -3.037357e-03 3.099737e+00 -5.324241e-04 9.999995e-01 7.888622e-04 -8.413790e-01 3.037778e-03 -7.872406e-04 9.999951e-01 6.147095e+01
9.999999e-01 -3.805110e-04 -3.385779e-04 3.885213e+00 3.804350e-04 9.999999e-01 -2.235567e-04 -8.630633e-01 3.386627e-04 2.234272e-04 9.999999e-01 6.159890e+01
9.999962e-01 5.018069e-04 -2.701468e-03 4.462079e+00 -5.000620e-04 9.999997e-01 6.464497e-04 -8.907646e-01 2.701792e-03 -6.450957e-04 9.999961e-01 6.190038e+01
9.999997e-01 -3.390759e-04 -6.989921e-04 5.105238e+00 3.389695e-04 9.999999e-01 -1.519241e-04 -9.110950e-01 6.990433e-04 1.516865e-04 9.999997e-01 6.198061e+01
9.999962e-01 3.877885e-04 -2.734857e-03 5.886210e+00 -3.859762e-04 9.999997e-01 6.630541e-04 -9.230598e-01 2.735113e-03 -6.619953e-04 9.999960e-01 6.187109e+01
9.999998e-01 -2.419998e-04 -5.531675e-04 6.463527e+00 2.419003e-04 1.000000e+00 -1.794910e-04 -9.493781e-01 5.532106e-04 1.793565e-04 9.999998e-01 6.214088e+01
9.999960e-01 4.122686e-04 -2.786809e-03 7.018420e+00 -4.106144e-04 9.999997e-01 5.940195e-04 -9.757263e-01 2.787054e-03 -5.928722e-04 9.999959e-01 6.250814e+01
9.999996e-01 -3.028265e-04 -7.952728e-04 7.511153e+00 3.026903e-04 9.999999e-01 -1.710000e-04 -9.941808e-01 7.953243e-04 1.707586e-04 9.999997e-01 6.267392e+01
9.999966e-01 4.892579e-04 -2.547143e-03 8.197699e+00 -4.875857e-04 9.999997e-01 6.569879e-04 -1.020996e+00 2.547464e-03 -6.557430e-04 9.999965e-01 6.297599e+01
9.999998e-01 -4.713287e-04 -3.503563e-04 8.970151e+00 4.711892e-04 9.999998e-01 -3.972686e-04 -1.035935e+00 3.505432e-04 3.971028e-04 9.999999e-01 6.296653e+01
9.999961e-01 2.132475e-04 -2.774839e-03 9.428121e+00 -2.114701e-04 9.999998e-01 6.407340e-04 -1.028873e+00 2.774975e-03 -6.401441e-04 9.999959e-01 6.218217e+01
1.000000e+00 -2.344826e-04 -1.835902e-04 9.988290e+00 2.344319e-04 9.999999e-01 -2.746795e-04 -1.044111e+00 1.836544e-04 2.746358e-04 9.999999e-01 6.216239e+01
9.999967e-01 3.834015e-04 -2.541392e-03 1.068437e+01 -3.818550e-04 9.999997e-01 6.088572e-04 -1.071947e+00 2.541625e-03 -6.078841e-04 9.999966e-01 6.248893e+01
9.999999e-01 -3.382393e-04 -3.569762e-04 1.140942e+01 3.381723e-04 9.999999e-01 -1.866874e-04 -1.090282e+00 3.570391e-04 1.865660e-04 9.999999e-01 6.253457e+01
9.999957e-01 4.927249e-04 -2.881436e-03 1.214858e+01 -4.905536e-04 9.999996e-01 7.540828e-04 -1.113155e+00 2.881806e-03 -7.526654e-04 9.999956e-01 6.267359e+01
9.999999e-01 -3.342706e-04 -2.674672e-04 1.279011e+01 3.341896e-04 9.999999e-01 -3.019464e-04 -1.140557e+00 2.675678e-04 3.018564e-04 9.999999e-01 6.298916e+01
9.999959e-01 5.495045e-04 -2.810191e-03 1.338849e+01 -5.477295e-04 9.999997e-01 6.322353e-04 -1.170239e+00 2.810538e-03 -6.306928e-04 9.999959e-01 6.345983e+01
9.999999e-01 -3.954457e-04 -7.354138e-05 1.404346e+01 3.954183e-04 9.999999e-01 -3.687462e-04 -1.198177e+00 7.368695e-05 3.687164e-04 9.999999e-01 6.388648e+01
9.999958e-01 4.509434e-04 -2.866570e-03 1.479675e+01 -4.487372e-04 9.999996e-01 7.701206e-04 -1.218810e+00 2.866916e-03 -7.688304e-04 9.999956e-01 6.402966e+01
9.999999e-01 -3.830870e-04 -1.282720e-04 1.556895e+01 3.830355e-04 9.999998e-01 -3.982366e-04 -1.237892e+00 1.284243e-04 3.981868e-04 9.999999e-01 6.417586e+01
9.999959e-01 4.544666e-04 -2.810958e-03 1.617561e+01 -4.525591e-04 9.999997e-01 6.790698e-04 -1.259061e+00 2.811266e-03 -6.777943e-04 9.999958e-01 6.444774e+01
9.999999e-01 -4.222045e-04 -1.603610e-04 1.659847e+01 4.221321e-04 9.999998e-01 -4.498201e-04 -1.278105e+00 1.605507e-04 4.497517e-04 9.999999e-01 6.467754e+01
9.999954e-01 5.210490e-04 -2.983036e-03 1.693825e+01 -5.188577e-04 9.999996e-01 7.352287e-04 -1.306066e+00 2.983418e-03 -7.336769e-04 9.999953e-01 6.510394e+01
9.999998e-01 -4.029754e-04 -5.306977e-04 1.754183e+01 4.027999e-04 9.999999e-01 -3.301709e-04 -1.324903e+00 5.308304e-04 3.299564e-04 9.999998e-01 6.521993e+01
9.999929e-01 4.412791e-04 -3.743848e-03 1.744263e+01 -4.388656e-04 9.999997e-01 6.453801e-04 -1.323546e+00 3.744132e-03 -6.437319e-04 9.999928e-01 6.569753e+01
9.999999e-01 -3.023342e-04 -4.316255e-04 1.765144e+01 3.021069e-04 9.999998e-01 -5.256472e-04 -1.329564e+00 4.317842e-04 5.255161e-04 9.999998e-01 6.616868e+01
9.999931e-01 5.542582e-04 -3.667007e-03 1.881039e+01 -5.493562e-04 9.999990e-01 1.337569e-03 -1.339004e+00 3.667744e-03 -1.335544e-03 9.999924e-01 6.603214e+01
9.999999e-01 -5.258814e-04 -1.493199e-04 1.989730e+01 5.257797e-04 9.999996e-01 -6.781662e-04 -1.338240e+00 1.496763e-04 6.780870e-04 9.999998e-01 6.565677e+01
9.999932e-01 6.202159e-04 -3.635784e-03 2.043072e+01 -6.163063e-04 9.999992e-01 1.076253e-03 -1.351827e+00 3.636448e-03 -1.074004e-03 9.999928e-01 6.574385e+01
9.999998e-01 -5.331262e-04 -1.875913e-04 2.094541e+01 5.329825e-04 9.999996e-01 -7.634140e-04 -1.362504e+00 1.879980e-04 7.633133e-04 9.999997e-01 6.585425e+01
9.999946e-01 7.583739e-04 -3.187248e-03 2.164911e+01 -7.544978e-04 9.999990e-01 1.217044e-03 -1.392505e+00 3.188167e-03 -1.214632e-03 9.999942e-01 6.645648e+01
9.999997e-01 -5.944504e-04 4.040020e-04 2.242889e+01 5.948775e-04 9.999993e-01 -1.058508e-03 -1.425398e+00 -4.033727e-04 1.058748e-03 9.999994e-01 6.714708e+01
9.999931e-01 6.289026e-04 -3.652015e-03 2.277285e+01 -6.241711e-04 9.999990e-01 1.296513e-03 -1.446077e+00 3.652827e-03 -1.294224e-03 9.999925e-01 6.750401e+01
9.999998e-01 -5.733093e-04 1.500381e-04 2.288270e+01 5.734620e-04 9.999993e-01 -1.021912e-03 -1.458657e+00 -1.494523e-04 1.021998e-03 9.999995e-01 6.791128e+01
9.999942e-01 5.687446e-04 -3.344568e-03 2.330198e+01 -5.643545e-04 9.999990e-01 1.313318e-03 -1.470525e+00 3.345312e-03 -1.311422e-03 9.999935e-01 6.785066e+01
9.999999e-01 -4.845325e-04 5.267703e-06 2.364907e+01 4.845374e-04 9.999993e-01 -1.034239e-03 -1.491541e+00 -4.766805e-06 1.034241e-03 9.999995e-01 6.828759e+01
9.999943e-01 7.427231e-04 -3.299803e-03 2.466650e+01 -7.374185e-04 9.999984e-01 1.608375e-03 -1.525104e+00 3.300993e-03 -1.605932e-03 9.999933e-01 6.873831e+01
9.999997e-01 -6.010595e-04 4.843665e-04 2.584109e+01 6.015661e-04 9.999993e-01 -1.047030e-03 -1.546803e+00 -4.837371e-04 1.047320e-03 9.999993e-01 6.881267e+01
9.999880e-01 6.487043e-04 -4.859440e-03 2.567967e+01 -6.415151e-04 9.999987e-01 1.480778e-03 -1.545267e+00 4.860394e-03 -1.477642e-03 9.999871e-01 6.890394e+01
9.999998e-01 -5.380115e-04 -4.478438e-04 2.525064e+01 5.376019e-04 9.999994e-01 -9.135772e-04 -1.534036e+00 4.483349e-04 9.133356e-04 9.999995e-01 6.896133e+01
9.999929e-01 5.245104e-04 -3.730671e-03 2.517125e+01 -5.191770e-04 9.999988e-01 1.430346e-03 -1.534959e+00 3.731417e-03 -1.428399e-03 9.999920e-01 6.834229e+01
9.999998e-01 -5.223367e-04 3.444578e-04 2.534385e+01 5.227179e-04 9.999992e-01 -1.108682e-03 -1.549701e+00 -3.438787e-04 1.108861e-03 9.999993e-01 6.829872e+01
9.999944e-01 6.337544e-04 -3.300737e-03 2.579897e+01 -6.290405e-04 9.999988e-01 1.428891e-03 -1.575497e+00 3.301639e-03 -1.426806e-03 9.999935e-01 6.870335e+01
9.999999e-01 -3.897926e-04 1.208338e-04 2.656955e+01 3.899027e-04 9.999995e-01 -9.149316e-04 -1.603844e+00 -1.204773e-04 9.149780e-04 9.999996e-01 6.900777e+01
9.999957e-01 5.529497e-04 -2.865039e-03 2.730303e+01 -5.493910e-04 9.999991e-01 1.242628e-03 -1.632670e+00 2.865724e-03 -1.241048e-03 9.999951e-01 6.937259e+01
9.999998e-01 -6.630833e-04 2.108388e-04 2.780277e+01 6.633108e-04 9.999992e-01 -1.082041e-03 -1.643107e+00 -2.101213e-04 1.082180e-03 9.999994e-01 6.919319e+01
9.999966e-01 4.815023e-04 -2.568573e-03 2.857214e+01 -4.780178e-04 9.999990e-01 1.356932e-03 -1.653260e+00 2.569224e-03 -1.355699e-03 9.999958e-01 6.887413e+01
9.999998e-01 -5.965928e-04 2.335399e-04 2.954506e+01 5.968226e-04 9.999993e-01 -9.866487e-04 -1.665599e+00 -2.329513e-04 9.867872e-04 9.999995e-01 6.868883e+01
9.999948e-01 4.087038e-04 -3.208394e-03 3.019355e+01 -4.046827e-04 9.999991e-01 1.253757e-03 -1.665780e+00 3.208903e-03 -1.252452e-03 9.999941e-01 6.821553e+01
9.999999e-01 -3.580429e-04 -3.798274e-05 3.118792e+01 3.580157e-04 9.999997e-01 -7.053487e-04 -1.676094e+00 3.823505e-05 7.053344e-04 9.999998e-01 6.804541e+01
9.999940e-01 5.390659e-04 -3.434663e-03 3.178455e+01 -5.350207e-04 9.999992e-01 1.178472e-03 -1.701615e+00 3.435296e-03 -1.176627e-03 9.999934e-01 6.843648e+01
9.999999e-01 -3.349740e-04 3.255787e-04 3.234977e+01 3.352590e-04 9.999996e-01 -8.766229e-04 -1.731270e+00 -3.252851e-04 8.767313e-04 9.999996e-01 6.895219e+01
9.999924e-01 4.344372e-04 -3.880982e-03 3.274037e+01 -4.295400e-04 9.999991e-01 1.262504e-03 -1.753340e+00 3.881528e-03 -1.260827e-03 9.999917e-01 6.932711e+01
9.999999e-01 -3.197368e-04 -1.983211e-04 3.282336e+01 3.195583e-04 9.999995e-01 -8.976082e-04 -1.760531e+00 1.986078e-04 8.975441e-04 9.999996e-01 6.946049e+01
9.999953e-01 4.202728e-04 -3.036153e-03 3.302355e+01 -4.168169e-04 9.999993e-01 1.138694e-03 -1.786415e+00 3.036629e-03 -1.137422e-03 9.999947e-01 7.007234e+01
9.999999e-01 2.293574e-04 2.361426e-04 3.425697e+01 -2.292057e-04 9.999998e-01 -6.434619e-04 -1.835117e+00 -2.362903e-04 6.434071e-04 9.999998e-01 7.114960e+01
