9.999940e-01 2.232141e-05 -3.451609e-03 7.268962e-02 -2.143583e-05 1.000000e+00 2.566151e-04 -1.923179e-02 3.451614e-03 -2.565403e-04 9.999940e-01 6.117821e-01
1.000000e+00 -1.260317e-05 -2.746397e-04 7.795016e-02 1.263925e-05 1.000000e+00 1.312681e-04 -3.286959e-02 2.746384e-04 -1.312708e-04 1.000000e+00 1.083548e+00
9.999931e-01 2.011085e-06 -3.719917e-03 -9.526872e-02 -1.427991e-06 1.000000e+00 1.567589e-04 -3.686879e-02 3.719917e-03 -1.567532e-04 9.999931e-01 1.714202e+00
1.000000e+00 -1.105884e-05 2.688608e-04 -9.028903e-02 1.104002e-05 1.000000e+00 7.008406e-05 -5.333413e-02 -2.688613e-04 -7.008038e-05 1.000000e+00 2.369801e+00
9.999947e-01 3.618352e-05 -3.266105e-03 1.188354e-01 -3.561352e-05 1.000000e+00 1.745886e-04 -7.902309e-02 3.266111e-03 -1.744721e-04 9.999947e-01 2.801904e+00
1.000000e+00 -7.769738e-05 7.407875e-05 1.784693e-01 7.769383e-05 1.000000e+00 4.831601e-05 -1.011389e-01 -7.408217e-05 -4.830954e-05 1.000000e+00 3.288495e+00
9.999946e-01 8.946554e-05 -3.279721e-03 2.967220e-01 -8.902035e-05 1.000000e+00 1.358955e-04 -1.233776e-01 3.279733e-03 -1.356036e-04 9.999946e-01 3.923758e+00
1.000000e+00 -1.380636e-04 1.199593e-04 3.492309e-01 1.380584e-04 1.000000e+00 4.391441e-05 -1.446017e-01 -1.199651e-04 -4.389713e-05 1.000000e+00 4.571638e+00
9.999909e-01 1.439284e-04 -4.274563e-03 1.104762e-01 -1.425193e-04 9.999999e-01 3.299709e-04 -1.455778e-01 4.274610e-03 -3.293594e-04 9.999908e-01 5.181710e+00
9.999998e-01 -1.453822e-04 5.863826e-04 1.993830e-02 1.454262e-04 1.000000e+00 -7.498394e-05 -1.554296e-01 -5.863714e-04 7.506991e-05 9.999998e-01 5.743849e+00
9.999926e-01 1.507144e-04 -3.847808e-03 1.298606e-01 -1.496945e-04 1.000000e+00 2.653679e-04 -1.750664e-01 3.847848e-03 -2.647906e-04 9.999926e-01 6.301968e+00
1.000000e+00 -9.568122e-05 -2.445629e-04 -5.001456e-03 9.571436e-05 1.000000e+00 1.353727e-04 -1.806405e-01 2.445503e-04 -1.353954e-04 1.000000e+00 6.922932e+00
9.999913e-01 2.228394e-04 -4.168279e-03 -1.244323e-01 -2.213973e-04 9.999999e-01 3.464414e-04 -1.831896e-01 4.168355e-03 -3.455163e-04 9.999913e-01 7.305706e+00
1.000000e+00 -1.428301e-04 -7.814762e-05 -2.331401e-01 1.428402e-04 1.000000e+00 1.280927e-04 -1.887645e-01 7.812967e-05 -1.281031e-04 1.000000e+00 7.733739e+00
9.999914e-01 1.907642e-04 -4.136378e-03 -3.401338e-01 -1.893185e-04 9.999999e-01 3.499072e-04 -1.952623e-01 4.136444e-03 -3.491219e-04 9.999914e-01 8.152380e+00
1.000000e+00 -1.484779e-04 1.658231e-04 -3.237684e-01 1.484678e-04 1.000000e+00 6.118943e-05 -2.060489e-01 -1.658318e-04 -6.116410e-05 1.000000e+00 8.625015e+00
9.999841e-01 3.325425e-04 -5.624835e-03 -8.041161e-01 -3.286311e-04 9.999997e-01 6.963020e-04 -1.973816e-01 5.625064e-03 -6.944431e-04 9.999839e-01 8.439422e+00
9.999984e-01 -2.552177e-04 1.767710e-03 -7.008533e-01 2.555572e-04 9.999999e-01 -1.918434e-04 -2.083995e-01 -1.767660e-03 1.922956e-04 9.999984e-01 8.511404e+00
9.999821e-01 3.254425e-04 -5.978361e-03 -7.854853e-01 -3.212983e-04 9.999997e-01 6.941595e-04 -2.148269e-01 5.978584e-03 -6.922269e-04 9.999819e-01 8.819210e+00
9.999987e-01 -1.547006e-04 1.604239e-03 -8.487478e-01 1.549477e-04 1.000000e+00 -1.538599e-04 -2.167988e-01 -1.604214e-03 1.541090e-04 9.999987e-01 9.115512e+00
9.999881e-01 1.481639e-04 -4.873092e-03 -5.203349e-01 -1.458905e-04 9.999999e-01 4.669018e-04 -2.276321e-01 4.873160e-03 -4.661861e-04 9.999880e-01 9.282152e+00
9.999993e-01 -1.732130e-04 1.171547e-03 -3.600196e-01 1.732600e-04 1.000000e+00 -3.995260e-05 -2.378075e-01 -1.171540e-03 4.015626e-05 9.999993e-01 9.211867e+00
9.999903e-01 3.736900e-05 -4.398132e-03 2.932189e-02 -3.569675e-05 9.999999e-01 3.803064e-04 -2.422567e-01 4.398146e-03 -3.801465e-04 9.999903e-01 8.707000e+00
9.999982e-01 -2.537381e-04 1.866730e-03 7.844754e-01 2.538391e-04 1.000000e+00 -5.384471e-05 -2.524912e-01 -1.866716e-03 5.431918e-05 9.999983e-01 8.490189e+00
9.999878e-01 2.325255e-04 -4.938015e-03 1.147547e+00 -2.307320e-04 9.999999e-01 3.637859e-04 -2.700926e-01 4.938099e-03 -3.626428e-04 9.999877e-01 8.794228e+00
9.999993e-01 -1.934593e-04 1.189762e-03 1.100716e+00 1.935009e-04 1.000000e+00 -3.475365e-05 -2.810010e-01 -1.189755e-03 3.498455e-05 9.999993e-01 9.291986e+00
9.999915e-01 2.275926e-04 -4.108761e-03 1.641816e+00 -2.258816e-04 9.999999e-01 4.169036e-04 -3.018905e-01 4.108855e-03 -4.159727e-04 9.999915e-01 9.464438e+00
9.999994e-01 -3.670686e-04 1.051902e-03 2.150091e+00 3.672267e-04 9.999999e-01 -1.501093e-04 -3.106437e-01 -1.051846e-03 1.504962e-04 9.999994e-01 9.353138e+00
9.999860e-01 3.233006e-04 -5.273616e-03 2.057999e+00 -3.201360e-04 9.999998e-01 6.009254e-04 -3.038814e-01 5.273809e-03 -5.992295e-04 9.999859e-01 9.346950e+00
9.999999e-01 -2.390446e-04 2.086464e-04 1.533941e+00 2.390577e-04 1.000000e+00 -6.216215e-05 -2.895622e-01 -2.086312e-04 6.221273e-05 1.000000e+00 9.653979e+00
9.999857e-01 3.493783e-04 -5.342313e-03 1.086976e+00 -3.460429e-04 9.999997e-01 6.252472e-04 -2.770485e-01 5.342530e-03 -6.233902e-04 9.999855e-01 9.833382e+00
9.999986e-01 -3.680946e-04 1.643896e-03 1.195496e+00 3.685517e-04 9.999999e-01 -2.777044e-04 -2.802265e-01 -1.643793e-03 2.783106e-04 9.999986e-01 9.839999e+00
9.999900e-01 1.637690e-04 -4.468928e-03 1.652935e+00 -1.615138e-04 9.999999e-01 5.050252e-04 -2.861843e-01 4.469010e-03 -5.042991e-04 9.999899e-01 9.481257e+00
9.999991e-01 -4.291154e-04 1.268302e-03 2.003001e+00 4.294657e-04 9.999999e-01 -2.759036e-04 -2.836258e-01 -1.268183e-03 2.764488e-04 9.999992e-01 8.847025e+00
9.999889e-01 1.684577e-04 -4.703342e-03 2.123826e+00 -1.658302e-04 9.999998e-01 5.590265e-04 -2.809079e-01 4.703435e-03 -5.582410e-04 9.999888e-01 8.032197e+00
9.999998e-01 -2.690396e-04 5.422376e-04 1.986736e+00 2.690986e-04 1.000000e+00 -1.086079e-04 -2.793250e-01 -5.422080e-04 1.087545e-04 9.999998e-01 7.261293e+00
9.999804e-01 4.402056e-04 -6.246848e-03 1.360937e+00 -4.345513e-04 9.999995e-01 9.064808e-04 -2.658777e-01 6.247244e-03 -9.037491e-04 9.999801e-01 7.116427e+00
9.999982e-01 -4.220927e-04 1.872117e-03 1.117604e+00 4.231944e-04 9.999997e-01 -5.880454e-04 -2.666721e-01 -1.871868e-03 5.888373e-04 9.999981e-01 7.465153e+00
9.999869e-01 3.777488e-04 -5.097716e-03 1.215911e+00 -3.739381e-04 9.999996e-01 7.484724e-04 -2.868987e-01 5.097996e-03 -7.465571e-04 9.999867e-01 7.938998e+00
9.999986e-01 -3.877184e-04 1.616947e-03 1.326272e+00 3.886144e-04 9.999998e-01 -5.538662e-04 -3.041132e-01 -1.616732e-03 5.544945e-04 9.999985e-01 8.349750e+00
9.999849e-01 3.941324e-04 -5.485355e-03 1.338678e+00 -3.895458e-04 9.999996e-01 8.372196e-04 -3.149917e-01 5.485683e-03 -8.350708e-04 9.999846e-01 8.672334e+00
9.999992e-01 -3.770202e-04 1.175892e-03 1.156377e+00 3.775646e-04 9.999998e-01 -4.627077e-04 -3.188029e-01 -1.175717e-03 4.631520e-04 9.999992e-01 8.918045e+00
9.999807e-01 4.715340e-04 -6.198746e-03 7.954895e-01 -4.647547e-04 9.999993e-01 1.095076e-03 -3.168004e-01 6.199257e-03 -1.092174e-03 9.999802e-01 8.771876e+00
9.999995e-01 -3.409799e-04 9.318346e-04 3.306721e-01 3.413616e-04 9.999999e-01 -4.094270e-04 -3.096249e-01 -9.316945e-04 4.097456e-04 9.999995e-01 8.667586e+00
9.999816e-01 4.143144e-04 -6.049775e-03 -9.988458e-02 -4.080740e-04 9.999994e-01 1.032729e-03 -3.025613e-01 6.050198e-03 -1.030242e-03 9.999812e-01 8.524804e+00
9.999992e-01 -4.393212e-04 1.217792e-03 -4.508704e-01 4.399532e-04 9.999998e-01 -5.186171e-04 -2.950369e-01 -1.217563e-03 5.191531e-04 9.999991e-01 8.269409e+00
9.999772e-01 6.014172e-04 -6.730514e-03 -1.003632e+00 -5.928223e-04 9.999990e-01 1.278943e-03 -2.839011e-01 6.731276e-03 -1.274925e-03 9.999765e-01 8.125182e+00
9.999987e-01 -4.608693e-04 1.566184e-03 -1.437616e+00 4.618387e-04 9.999997e-01 -6.185820e-04 -2.763343e-01 -1.565898e-03 6.193052e-04 9.999986e-01 8.089451e+00
9.999779e-01 5.278764e-04 -6.621156e-03 -1.877458e+00 -5.199980e-04 9.999992e-01 1.191556e-03 -2.648550e-01 6.621779e-03 -1.188088e-03 9.999774e-01 8.325029e+00
9.999987e-01 -4.586785e-04 1.551514e-03 -2.325841e+00 4.597125e-04 9.999997e-01 -6.660998e-04 -2.530496e-01 -1.551208e-03 6.668129e-04 9.999986e-01 8.625675e+00
9.999847e-01 4.357277e-04 -5.521719e-03 -2.434283e+00 -4.304649e-04 9.999995e-01 9.542652e-04 -2.595663e-01 5.522132e-03 -9.518744e-04 9.999843e-01 9.018360e+00
9.999994e-01 -4.244919e-04 1.022607e-03 -2.656940e+00 4.250611e-04 9.999998e-01 -5.563920e-04 -2.581527e-01 -1.022370e-03 5.568270e-04 9.999993e-01 9.484515e+00
9.999792e-01 5.384149e-04 -6.422383e-03 -3.126698e+00 -5.298568e-04 9.999990e-01 1.334187e-03 -2.511706e-01 6.423094e-03 -1.330757e-03 9.999785e-01 9.015281e+00
9.999981e-01 -5.735795e-04 1.873662e-03 -3.355259e+00 5.750923e-04 9.999995e-01 -8.068662e-04 -2.506322e-01 -1.873198e-03 8.079429e-04 9.999979e-01 8.449203e+00
9.999881e-01 3.260054e-04 -4.865593e-03 -3.104585e+00 -3.212424e-04 9.999995e-01 9.796862e-04 -2.566798e-01 4.865909e-03 -9.781123e-04 9.999877e-01 8.049889e+00
9.999998e-01 -3.337510e-04 5.305712e-04 -2.998799e+00 3.340325e-04 9.999998e-01 -5.303916e-04 -2.589131e-01 -5.303938e-04 5.305694e-04 9.999997e-01 7.760252e+00
9.999808e-01 5.390817e-04 -6.172345e-03 -3.546025e+00 -5.310010e-04 9.999990e-01 1.310762e-03 -2.466356e-01 6.173045e-03 -1.307460e-03 9.999801e-01 7.566438e+00
9.999994e-01 -4.652398e-04 1.002498e-03 -3.971991e+00 4.659362e-04 9.999997e-01 -6.944978e-04 -2.383443e-01 -1.002174e-03 6.949652e-04 9.999993e-01 7.475216e+00
9.999866e-01 4.840275e-04 -5.145503e-03 -4.058389e+00 -4.786890e-04 9.999993e-01 1.038705e-03 -2.471045e-01 5.146002e-03 -1.036229e-03 9.999862e-01 7.574285e+00
9.999986e-01 -7.210831e-04 1.482766e-03 -3.983693e+00 7.222003e-04 9.999995e-01 -7.529673e-04 -2.500015e-01 -1.482222e-03 7.540378e-04 9.999986e-01 7.030327e+00
9.999820e-01 6.145040e-04 -5.966984e-03 -4.260664e+00 -6.064759e-04 9.999989e-01 1.347160e-03 -2.427541e-01 5.967805e-03 -1.343517e-03 9.999813e-01 5.858325e+00
9.999976e-01 -7.267533e-04 2.090568e-03 -4.318004e+00 7.287921e-04 9.999993e-01 -9.745955e-04 -2.464702e-01 -2.089858e-03 9.761174e-04 9.999973e-01 5.343947e+00
9.999810e-01 7.073901e-04 -6.124788e-03 -4.327077e+00 -6.988373e-04 9.999988e-01 1.398470e-03 -2.552139e-01 6.125769e-03 -1.394163e-03 9.999803e-01 5.170897e+00
9.999976e-01 -8.293708e-04 2.042153e-03 -4.428898e+00 8.313694e-04 9.999992e-01 -9.779676e-04 -2.522825e-01 -2.041340e-03 9.796637e-04 9.999974e-01 4.352978e+00
9.999752e-01 8.216176e-04 -6.997035e-03 -4.794431e+00 -8.100257e-04 9.999983e-01 1.659389e-03 -2.444130e-01 6.998386e-03 -1.653681e-03 9.999741e-01 3.666358e+00
9.999959e-01 -9.078882e-04 2.713384e-03 -4.980281e+00 9.109606e-04 9.999989e-01 -1.131229e-03 -2.400238e-01 -2.712354e-03 1.133697e-03 9.999957e-01 2.781784e+00
9.999793e-01 7.614487e-04 -6.386462e-03 -4.957601e+00 -7.522563e-04 9.999987e-01 1.441650e-03 -2.431003e-01 6.387551e-03 -1.436816e-03 9.999786e-01 2.226704e+00
9.999959e-01 -9.507524e-04 2.701059e-03 -4.919567e+00 9.538076e-04 9.999989e-01 -1.130022e-03 -2.435318e-01 -2.699981e-03 1.132594e-03 9.999957e-01 1.523337e+00
9.999799e-01 7.603581e-04 -6.288507e-03 -4.840719e+00 -7.516280e-04 9.999988e-01 1.390528e-03 -2.451578e-01 6.289556e-03 -1.385774e-03 9.999793e-01 9.402073e-01
9.999977e-01 -8.663635e-04 1.962466e-03 -5.010662e+00 8.681682e-04 9.999992e-01 -9.188435e-04 -2.397337e-01 -1.961668e-03 9.205459e-04 9.999977e-01 2.055388e-01
9.999786e-01 7.991039e-04 -6.495674e-03 -5.260067e+00 -7.899948e-04 9.999987e-01 1.404798e-03 -2.318283e-01 6.496788e-03 -1.399637e-03 9.999779e-01 -3.269300e-01
9.999985e-01 -7.937862e-04 1.531941e-03 -5.602672e+00 7.949442e-04 9.999994e-01 -7.553120e-04 -2.226602e-01 -1.531340e-03 7.565294e-04 9.999985e-01 -1.003855e+00
9.999818e-01 6.876555e-04 -5.993631e-03 -5.822392e+00 -6.799220e-04 9.999989e-01 1.292243e-03 -2.160219e-01 5.994512e-03 -1.288145e-03 9.999812e-01 -1.892789e+00
9.999991e-01 -7.648116e-04 1.125547e-03 -6.184999e+00 7.655302e-04 9.999995e-01 -6.380704e-04 -2.043666e-01 -1.125058e-03 6.389321e-04 9.999992e-01 -2.780103e+00
9.999832e-01 7.287635e-04 -5.746032e-03 -6.449287e+00 -7.222004e-04 9.999991e-01 1.144227e-03 -1.940656e-01 5.746860e-03 -1.140059e-03 9.999828e-01 -3.471241e+00
9.999996e-01 -7.276425e-04 4.532788e-04 -6.922583e+00 7.278292e-04 9.999997e-01 -4.116784e-04 -1.778123e-01 -4.529787e-04 4.120089e-04 9.999998e-01 -4.264829e+00
9.999824e-01 7.763724e-04 -5.873943e-03 -7.439096e+00 -7.696851e-04 9.999991e-01 1.140657e-03 -1.638922e-01 5.874823e-03 -1.136117e-03 9.999821e-01 -4.753078e+00
9.999998e-01 -6.850303e-04 -2.375868e-05 -8.120398e+00 6.850232e-04 9.999997e-01 -3.030992e-04 -1.427487e-01 2.396663e-05 3.030836e-04 1.000000e+00 -5.124072e+00
9.999849e-01 7.312046e-04 -5.442550e-03 -8.620454e+00 -7.252424e-04 9.999991e-01 1.097396e-03 -1.282369e-01 5.443348e-03 -1.093433e-03 9.999846e-01 -5.904300e+00
9.999994e-01 -8.222335e-04 6.789995e-04 -8.923684e+00 8.225777e-04 9.999995e-01 -5.065672e-04 -1.176987e-01 -6.785823e-04 5.071261e-04 9.999996e-01 -6.702393e+00
9.999880e-01 7.006861e-04 -4.847139e-03 -9.043222e+00 -6.970532e-04 9.999995e-01 7.511608e-04 -1.166648e-01 4.847662e-03 -7.477738e-04 9.999880e-01 -6.886358e+00
9.999978e-01 -8.482853e-04 1.920264e-03 -8.938849e+00 8.496657e-04 9.999994e-01 -7.181100e-04 -1.338650e-01 -1.919654e-03 7.197407e-04 9.999979e-01 -6.292244e+00
9.999793e-01 7.488844e-04 -6.392105e-03 -9.157386e+00 -7.422020e-04 9.999992e-01 1.047747e-03 -1.319882e-01 6.392884e-03 -1.042982e-03 9.999790e-01 -6.236334e+00
9.999968e-01 -9.724661e-04 2.351486e-03 -9.213740e+00 9.742330e-04 9.999992e-01 -7.503017e-04 -1.276854e-01 -2.350754e-03 7.525909e-04 9.999970e-01 -6.850683e+00
9.999852e-01 6.562649e-04 -5.392431e-03 -8.991852e+00 -6.516454e-04 9.999994e-01 8.584021e-04 -1.293841e-01 5.392991e-03 -8.548761e-04 9.999851e-01 -7.273092e+00
9.999985e-01 -9.490073e-04 1.462766e-03 -9.065908e+00 9.497173e-04 9.999994e-01 -4.846913e-04 -1.197440e-01 -1.462305e-03 4.860805e-04 9.999988e-01 -8.447166e+00
9.999886e-01 6.871841e-04 -4.715746e-03 -8.964646e+00 -6.842346e-04 9.999996e-01 6.270794e-04 -1.214326e-01 4.716174e-03 -6.238463e-04 9.999887e-01 -8.820001e+00
9.999978e-01 -9.489522e-04 1.847084e-03 -8.696968e+00 9.499206e-04 9.999994e-01 -5.234037e-04 -1.281255e-01 -1.846586e-03 5.251579e-04 9.999982e-01 -9.035838e+00
9.999852e-01 6.693042e-04 -5.392480e-03 -8.613341e+00 -6.647996e-04 9.999994e-01 8.371194e-04 -1.192264e-01 5.393037e-03 -8.335228e-04 9.999851e-01 -1.018274e+01
9.999969e-01 -1.060837e-03 2.272266e-03 -8.084643e+00 1.062309e-03 9.999992e-01 -6.468941e-04 -1.055506e-01 -2.271578e-03 6.493067e-04 9.999972e-01 -1.125080e+01
9.999878e-01 8.365411e-04 -4.873329e-03 -7.774951e+00 -8.328409e-04 9.999994e-01 7.612942e-04 -1.185776e-01 4.873963e-03 -7.572269e-04 9.999878e-01 -1.124282e+01
9.999977e-01 -9.513518e-04 1.926726e-03 -7.032670e+00 9.522913e-04 9.999994e-01 -4.867186e-04 -1.248062e-01 -1.926261e-03 4.885530e-04 9.999980e-01 -1.132026e+01
9.999869e-01 4.763505e-04 -5.094635e-03 -6.899930e+00 -4.725233e-04 9.999996e-01 7.524392e-04 -1.104813e-01 5.094991e-03 -7.500227e-04 9.999867e-01 -1.274935e+01
9.999971e-01 -5.156027e-04 2.366525e-03 -6.267595e+00 5.166382e-04 9.999998e-01 -4.369312e-04 -1.319662e-01 -2.366299e-03 4.381532e-04 9.999971e-01 -1.268412e+01
9.999829e-01 4.311898e-04 -5.829380e-03 -5.706430e+00 -4.279452e-04 9.999998e-01 5.578600e-04 -1.435937e-01 5.829619e-03 -5.553565e-04 9.999829e-01 -1.240646e+01
9.999988e-01 -3.833382e-04 1.498663e-03 -5.661385e+00 3.839380e-04 9.999998e-01 -3.998354e-04 -1.425867e-01 -1.498509e-03 4.004110e-04 9.999988e-01 -1.177934e+01
9.999870e-01 5.005868e-04 -5.080600e-03 -5.455970e+00 -4.980048e-04 9.999997e-01 5.094849e-04 -1.609976e-01 5.080854e-03 -5.069488e-04 9.999870e-01 -1.123174e+01
9.999993e-01 -4.878592e-04 1.090724e-03 -5.302266e+00 4.882618e-04 9.999998e-01 -3.687331e-04 -1.656444e-01 -1.090544e-03 3.692661e-04 9.999993e-01 -1.063767e+01
9.999913e-01 3.406565e-04 -4.160108e-03 -4.772331e+00 -3.384428e-04 9.999998e-01 5.328579e-04 -1.709263e-01 4.160289e-03 -5.314460e-04 9.999912e-01 -1.082142e+01
9.999999e-01 -5.110684e-04 7.364669e-05 -4.840377e+00 5.110781e-04 9.999999e-01 -1.301480e-04 -1.644752e-01 -7.357985e-05 1.301863e-04 1.000000e+00 -1.165039e+01
9.999910e-01 4.747295e-04 -4.209955e-03 -4.807034e+00 -4.726484e-04 9.999998e-01 4.953637e-04 -1.640645e-01 4.210189e-03 -4.933701e-04 9.999910e-01 -1.192737e+01
9.999998e-01 -5.361570e-04 -3.286563e-04 -4.885897e+00 5.361528e-04 9.999999e-01 -1.312725e-05 -1.565331e-01 3.286636e-04 1.295173e-05 9.999999e-01 -1.223404e+01
9.999941e-01 4.408150e-04 -3.415278e-03 -4.729017e+00 -4.395501e-04 9.999998e-01 3.711418e-04 -1.580161e-01 3.415441e-03 -3.696391e-04 9.999941e-01 -1.274956e+01
9.999998e-01 -6.374262e-04 -1.961476e-04 -4.556912e+00 6.374151e-04 9.999998e-01 -5.720009e-05 -1.556802e-01 1.961843e-04 5.707574e-05 1.000000e+00 -1.348215e+01
9.999946e-01 3.863195e-04 -3.277642e-03 -4.363853e+00 -3.851733e-04 9.999999e-01 3.503786e-04 -1.487520e-01 3.277776e-03 -3.491150e-04 9.999946e-01 -1.444398e+01
9.999998e-01 -6.468089e-04 -2.075948e-04 -4.061416e+00 6.467984e-04 9.999998e-01 -5.132649e-05 -1.442472e-01 2.076283e-04 5.119290e-05 1.000000e+00 -1.519811e+01
9.999908e-01 6.240566e-04 -4.234426e-03 -4.267124e+00 -6.219565e-04 9.999997e-01 4.972980e-04 -1.383944e-01 4.234734e-03 -4.946605e-04 9.999909e-01 -1.559920e+01
9.999998e-01 -5.634870e-04 1.884462e-04 -4.112543e+00 5.635446e-04 9.999998e-01 -3.051691e-04 -1.438253e-01 -1.882739e-04 3.052759e-04 9.999999e-01 -1.518999e+01
9.999869e-01 5.752202e-04 -5.087298e-03 -4.347723e+00 -5.712899e-04 9.999995e-01 7.740219e-04 -1.346865e-01 5.087741e-03 -7.711061e-04 9.999868e-01 -1.526240e+01
9.999994e-01 -4.977661e-04 -9.476816e-04 -5.090967e+00 4.979226e-04 9.999999e-01 1.646878e-04 -1.098857e-01 9.475998e-04 -1.651589e-04 9.999995e-01 -1.593004e+01
9.999945e-01 4.335172e-04 -3.296743e-03 -5.076540e+00 -4.330863e-04 9.999999e-01 1.314608e-04 -1.043323e-01 3.296799e-03 -1.300329e-04 9.999946e-01 -1.607694e+01
9.999998e-01 -6.082917e-04 1.765092e-04 -4.805169e+00 6.083230e-04 9.999998e-01 -1.763365e-04 -1.111731e-01 -1.764016e-04 1.764445e-04 1.000000e+00 -1.583270e+01
9.999891e-01 6.453040e-04 -4.618939e-03 -5.052673e+00 -6.434285e-04 9.999997e-01 4.075507e-04 -9.729757e-02 4.619201e-03 -4.045750e-04 9.999892e-01 -1.528828e+01
9.999999e-01 -5.286912e-04 -3.405049e-05 -4.737248e+00 5.286844e-04 9.999998e-01 -2.048228e-04 -8.708165e-02 3.415908e-05 2.048054e-04 1.000000e+00 -1.510590e+01
9.999941e-01 3.274386e-04 -3.430419e-03 -3.495723e+00 -3.251710e-04 9.999997e-01 6.616318e-04 -7.602093e-02 3.430635e-03 -6.605131e-04 9.999939e-01 -1.560422e+01
9.999999e-01 -5.044884e-04 1.613169e-04 -2.153666e+00 5.045538e-04 9.999998e-01 -4.046394e-04 -6.643409e-02 -1.611124e-04 4.047214e-04 9.999999e-01 -1.602250e+01
9.999947e-01 4.403094e-04 -3.220584e-03 -3.124228e-01 -4.373517e-04 9.999995e-01 9.190633e-04 -6.087344e-02 3.220987e-03 -9.176506e-04 9.999944e-01 -1.649077e+01
9.999999e-01 -5.116574e-04 2.607068e-05 1.351736e+00 5.116697e-04 9.999998e-01 -4.669516e-04 -5.450316e-02 -2.583144e-05 4.669656e-04 9.999999e-01 -1.686397e+01
9.999960e-01 2.836812e-04 -2.817359e-03 2.507396e+00 -2.814106e-04 9.999996e-01 8.063486e-04 -4.994400e-02 2.817586e-03 -8.055532e-04 9.999957e-01 -1.742697e+01
9.999995e-01 -4.813076e-04 -8.472450e-04 2.667436e+00 4.809512e-04 9.999998e-01 -4.210606e-04 -4.679062e-02 8.474478e-04 4.206536e-04 9.999996e-01 -1.819996e+01
9.999939e-01 3.930807e-04 -3.459360e-03 2.597352e+00 -3.898723e-04 9.999995e-01 9.281254e-04 -3.989717e-02 3.459723e-03 -9.267718e-04 9.999936e-01 -1.884951e+01
9.999998e-01 -4.418073e-04 5.011480e-04 3.215725e+00 4.421004e-04 9.999997e-01 -5.845255e-04 -5.242665e-02 -5.008893e-04 5.847476e-04 9.999997e-01 -1.891094e+01
9.999935e-01 4.931847e-04 -3.583918e-03 3.814319e+00 -4.900376e-04 9.999995e-01 8.790049e-04 -6.918730e-02 3.584349e-03 -8.772435e-04 9.999932e-01 -1.877815e+01
9.999998e-01 -5.796857e-04 -1.709049e-04 4.035049e+00 5.795988e-04 9.999997e-01 -5.092006e-04 -6.774483e-02 1.712004e-04 5.091021e-04 9.999999e-01 -1.935417e+01
9.999929e-01 3.893004e-04 -3.741338e-03 4.059003e+00 -3.859487e-04 9.999995e-01 8.965782e-04 -6.263036e-02 3.741685e-03 -8.951286e-04 9.999926e-01 -2.009456e+01
9.999997e-01 -4.518009e-04 -6.348837e-04 3.864144e+00 4.515514e-04 9.999998e-01 -3.933742e-04 -5.416394e-02 6.350616e-04 3.930880e-04 9.999997e-01 -2.058291e+01
9.999965e-01 4.183201e-04 -2.625574e-03 4.153868e+00 -4.164121e-04 9.999996e-01 7.272930e-04 -6.463126e-02 2.625877e-03 -7.261978e-04 9.999963e-01 -2.054776e+01
9.999997e-01 -3.446441e-04 -6.326537e-04 4.518300e+00 3.443687e-04 9.999998e-01 -4.355392e-04 -8.108639e-02 6.328040e-04 4.353219e-04 9.999997e-01 -2.021425e+01
9.999967e-01 2.976183e-04 -2.561780e-03 5.201902e+00 -2.956795e-04 9.999997e-01 7.572399e-04 -8.767006e-02 2.562004e-03 -7.564806e-04 9.999964e-01 -2.037593e+01
9.999999e-01 -3.934988e-04 -2.960604e-04 6.156642e+00 3.933792e-04 9.999998e-01 -4.047373e-04 -9.274673e-02 2.962199e-04 4.046215e-04 9.999999e-01 -2.062748e+01
9.999954e-01 5.193224e-04 -2.994379e-03 7.029744e+00 -5.166049e-04 9.999995e-01 9.083145e-04 -1.060735e-01 2.994849e-03 -9.067641e-04 9.999951e-01 -2.063196e+01
9.999996e-01 -3.315096e-04 -8.313253e-04 7.641224e+00 3.310955e-04 9.999998e-01 -4.984917e-04 -1.205514e-01 8.314907e-04 4.982169e-04 9.999995e-01 -2.017403e+01
9.999973e-01 6.552925e-04 -2.214156e-03 8.616632e+00 -6.531485e-04 9.999993e-01 9.690271e-04 -1.477582e-01 2.214790e-03 -9.675790e-04 9.999971e-01 -1.983640e+01
9.999994e-01 -4.134137e-04 -9.672708e-04 9.441696e+00 4.130479e-04 9.999998e-01 -3.785777e-04 -1.750593e-01 9.674275e-04 3.781787e-04 9.999995e-01 -1.950885e+01
9.999971e-01 6.633149e-04 -2.334495e-03 1.011049e+01 -6.615451e-04 9.999995e-01 7.588988e-04 -1.974997e-01 2.334997e-03 -7.573528e-04 9.999970e-01 -1.913732e+01
9.999997e-01 -4.084447e-04 -6.885248e-04 1.099446e+01 4.082872e-04 9.999999e-01 -2.291041e-04 -2.251869e-01 6.886186e-04 2.288236e-04 9.999997e-01 -1.881780e+01
9.999967e-01 6.257532e-04 -2.501783e-03 1.178477e+01 -6.236678e-04 9.999995e-01 8.343491e-04 -2.510297e-01 2.502304e-03 -8.327867e-04 9.999965e-01 -1.857200e+01
9.999998e-01 -3.497017e-04 -5.134869e-04 1.264862e+01 3.495396e-04 9.999999e-01 -3.160523e-04 -2.799305e-01 5.135976e-04 3.158735e-04 9.999998e-01 -1.826793e+01
9.999972e-01 6.366895e-04 -2.273826e-03 1.353440e+01 -6.344133e-04 9.999993e-01 1.001733e-03 -3.192534e-01 2.274462e-03 -1.000288e-03 9.999969e-01 -1.773693e+01
9.999999e-01 -1.529906e-04 -4.738697e-04 1.471904e+01 1.527969e-04 9.999999e-01 -4.091668e-04 -3.535013e-01 4.739326e-04 4.090950e-04 9.999998e-01 -1.740568e+01
9.999969e-01 3.396910e-04 -2.465428e-03 1.568806e+01 -3.370165e-04 9.999994e-01 1.085234e-03 -3.785691e-01 2.465795e-03 -1.084401e-03 9.999964e-01 -1.718984e+01
9.999998e-01 -3.138510e-04 -5.885476e-04 1.612710e+01 3.134124e-04 9.999997e-01 -7.454961e-04 -3.945347e-01 5.887817e-04 7.453121e-04 9.999995e-01 -1.714132e+01
9.999974e-01 2.634517e-04 -2.286934e-03 1.654237e+01 -2.610952e-04 9.999994e-01 1.030790e-03 -4.108048e-01 2.287204e-03 -1.030191e-03 9.999969e-01 -1.707442e+01
9.999995e-01 -2.220400e-04 -1.019494e-03 1.664458e+01 2.212581e-04 9.999997e-01 -7.672211e-04 -4.256959e-01 1.019664e-03 7.669958e-04 9.999992e-01 -1.648968e+01
9.999985e-01 1.936269e-04 -1.739633e-03 1.714568e+01 -1.918885e-04 9.999995e-01 9.995566e-04 -4.426948e-01 1.739826e-03 -9.992220e-04 9.999980e-01 -1.627546e+01
9.999994e-01 -1.692052e-04 -1.093506e-03 1.774548e+01 1.684654e-04 9.999998e-01 -6.767556e-04 -4.618288e-01 1.093621e-03 6.765716e-04 9.999992e-01 -1.604840e+01
9.999964e-01 2.595366e-04 -2.660132e-03 1.781177e+01 -2.566406e-04 9.999994e-01 1.089009e-03 -4.722493e-01 2.660413e-03 -1.088323e-03 9.999959e-01 -1.563219e+01
9.999988e-01 -1.659050e-04 -1.539641e-03 1.762579e+01 1.648869e-04 9.999998e-01 -6.615100e-04 -4.747131e-01 1.539750e-03 6.612560e-04 9.999986e-01 -1.519743e+01
9.999957e-01 2.411399e-04 -2.923229e-03 1.737312e+01 -2.378073e-04 9.999993e-01 1.140398e-03 -4.743884e-01 2.923501e-03 -1.139699e-03 9.999951e-01 -1.484850e+01
9.999965e-01 -5.548150e-05 -2.647938e-03 1.682485e+01 5.444085e-05 9.999999e-01 -3.931550e-04 -4.618051e-01 2.647960e-03 3.930102e-04 9.999964e-01 -1.485287e+01
9.999990e-01 3.603253e-05 -1.390933e-03 1.677544e+01 -3.488051e-05 9.999997e-01 8.284102e-04 -4.599054e-01 1.390962e-03 -8.283615e-04 9.999987e-01 -1.508385e+01
9.999957e-01 1.767761e-05 -2.923340e-03 1.665599e+01 -1.860702e-05 9.999999e-01 -3.179774e-04 -4.598235e-01 2.923335e-03 3.180311e-04 9.999957e-01 -1.513473e+01
9.999971e-01 1.017983e-04 -2.390089e-03 1.617345e+01 -9.946572e-05 9.999995e-01 9.761429e-04 -4.506222e-01 2.390187e-03 -9.759031e-04 9.999967e-01 -1.507301e+01
9.999964e-01 3.644069e-06 -2.668875e-03 1.574275e+01 -4.670025e-06 9.999999e-01 -3.844929e-04 -4.436724e-01 2.668873e-03 3.845047e-04 9.999964e-01 -1.496450e+01
9.999987e-01 7.180601e-05 -1.633248e-03 1.552328e+01 -7.041136e-05 9.999996e-01 8.540922e-04 -4.448811e-01 1.633309e-03 -8.539768e-04 9.999983e-01 -1.480230e+01
9.999991e-01 3.167635e-05 -1.327449e-03 1.589808e+01 -3.234704e-05 9.999999e-01 -5.053948e-04 -4.717687e-01 1.327433e-03 5.054379e-04 9.999990e-01 -1.440526e+01
9.999988e-01 2.577978e-04 -1.544581e-03 1.670647e+01 -2.562750e-04 9.999995e-01 9.861439e-04 -5.042978e-01 1.544834e-03 -9.857475e-04 9.999983e-01 -1.403425e+01
9.999988e-01 -5.970113e-05 -1.555837e-03 1.738526e+01 5.890493e-05 9.999999e-01 -5.119333e-04 -5.324108e-01 1.555868e-03 5.118417e-04 9.999987e-01 -1.370554e+01
9.999984e-01 1.976940e-04 -1.754013e-03 1.784952e+01 -1.962779e-04 9.999997e-01 8.076299e-04 -5.549711e-01 1.754172e-03 -8.072851e-04 9.999981e-01 -1.336689e+01
9.999988e-01 -6.841726e-05 -1.575560e-03 1.846726e+01 6.767375e-05 9.999999e-01 -4.720989e-04 -5.730818e-01 1.575592e-03 4.719923e-04 9.999986e-01 -1.312497e+01
9.999990e-01 6.982953e-05 -1.419070e-03 1.909942e+01 -6.869322e-05 9.999997e-01 8.009423e-04 -5.893995e-01 1.419126e-03 -8.008447e-04 9.999987e-01 -1.309405e+01
9.999986e-01 8.840780e-05 -1.660120e-03 1.977532e+01 -8.904441e-05 9.999999e-01 -3.835450e-04 -6.136223e-01 1.660086e-03 3.836930e-04 9.999985e-01 -1.287082e+01
9.999992e-01 4.924459e-05 -1.227647e-03 2.038358e+01 -4.831701e-05 9.999997e-01 7.557894e-04 -6.415043e-01 1.227683e-03 -7.557302e-04 9.999990e-01 -1.252093e+01
9.999977e-01 7.280725e-05 -2.159735e-03 2.090725e+01 -7.381479e-05 9.999999e-01 -4.665441e-04 -6.594638e-01 2.159701e-03 4.667031e-04 9.999976e-01 -1.198943e+01
9.999988e-01 -1.332511e-04 -1.562006e-03 2.135146e+01 1.342894e-04 9.999998e-01 6.647492e-04 -6.628109e-01 1.561917e-03 -6.649588e-04 9.999986e-01 -1.139145e+01
9.999988e-01 1.073004e-04 -1.530878e-03 2.172156e+01 -1.079632e-04 9.999999e-01 -4.330086e-04 -6.798249e-01 1.530832e-03 4.331740e-04 9.999987e-01 -1.113426e+01
9.999987e-01 9.268309e-05 -1.583913e-03 2.248414e+01 -9.134007e-05 9.999996e-01 8.481177e-04 -7.070967e-01 1.583991e-03 -8.479727e-04 9.999984e-01 -1.076692e+01
9.999992e-01 6.743584e-05 -1.224002e-03 2.324337e+01 -6.789122e-05 9.999999e-01 -3.721993e-04 -7.362390e-01 1.223977e-03 3.722828e-04 9.999992e-01 -1.040799e+01
9.999985e-01 2.582785e-05 -1.724184e-03 2.427528e+01 -2.448327e-05 9.999997e-01 7.799902e-04 -7.496168e-01 1.724203e-03 -7.799475e-04 9.999982e-01 -1.040154e+01
9.999990e-01 -3.487652e-05 -1.446366e-03 2.537592e+01 3.466230e-05 1.000000e+00 -1.483029e-04 -7.598346e-01 1.446371e-03 1.482533e-04 9.999989e-01 -1.049170e+01
9.999982e-01 2.131526e-04 -1.904675e-03 2.610780e+01 -2.118013e-04 9.999997e-01 7.097870e-04 -7.834212e-01 1.904826e-03 -7.093830e-04 9.999979e-01 -1.027182e+01
9.999995e-01 1.079240e-04 -9.973868e-04 2.728649e+01 -1.079451e-04 1.000000e+00 -2.134384e-05 -8.153195e-01 9.973848e-04 2.145216e-05 9.999995e-01 -9.973713e+00
9.999980e-01 4.619369e-05 -1.993124e-03 2.795470e+01 -4.513913e-05 9.999999e-01 5.292597e-04 -8.424579e-01 1.993148e-03 -5.291693e-04 9.999979e-01 -9.688746e+00
9.999955e-01 6.242230e-05 -2.982855e-03 2.761978e+01 -6.227133e-05 1.000000e+00 5.062411e-05 -8.381464e-01 2.982858e-03 -5.043746e-05 9.999955e-01 -9.812496e+00
9.999990e-01 -7.027145e-05 -1.416464e-03 2.743719e+01 7.077812e-05 9.999999e-01 3.578289e-04 -8.376791e-01 1.416439e-03 -3.579295e-04 9.999989e-01 -1.007190e+01
9.999977e-01 -3.178499e-04 -2.141727e-03 2.852314e+01 3.175878e-04 9.999999e-01 -1.228135e-04 -8.108880e-01 2.141766e-03 1.221337e-04 9.999977e-01 -1.128607e+01
9.999990e-01 8.448993e-05 -1.407744e-03 2.912329e+01 -8.373024e-05 9.999999e-01 5.398721e-04 -8.026543e-01 1.407789e-03 -5.397543e-04 9.999989e-01 -1.207871e+01
9.999892e-01 4.735024e-05 -4.637686e-03 2.846902e+01 -4.577886e-05 9.999999e-01 3.388799e-04 -7.778876e-01 4.637702e-03 -3.386633e-04 9.999892e-01 -1.283381e+01
9.999923e-01 4.545070e-04 -3.903124e-03 2.717309e+01 -4.507407e-04 9.999994e-01 9.658545e-04 -7.336219e-01 3.903560e-03 -9.640884e-04 9.999919e-01 -1.307381e+01
9.999977e-01 -1.068043e-04 -2.127847e-03 2.662175e+01 1.064892e-04 1.000000e+00 -1.483134e-04 -7.227544e-01 2.127863e-03 1.480871e-04 9.999977e-01 -1.291068e+01
9.999932e-01 4.245684e-04 -3.654885e-03 2.658396e+01 -4.208191e-04 9.999994e-01 1.026625e-03 -7.167938e-01 3.655319e-03 -1.025081e-03 9.999928e-01 -1.192186e+01
9.999987e-01 9.510565e-05 -1.636216e-03 2.739491e+01 -9.524205e-05 1.000000e+00 -8.344747e-05 -7.244381e-01 1.636208e-03 8.360386e-05 9.999987e-01 -1.051450e+01
9.999923e-01 3.304603e-04 -3.913149e-03 2.785929e+01 -3.270881e-04 9.999996e-01 8.624371e-04 -7.240090e-01 3.913433e-03 -8.611512e-04 9.999920e-01 -9.430884e+00
9.999978e-01 2.482090e-05 -2.096763e-03 2.792925e+01 -2.483824e-05 1.000000e+00 -8.371760e-06 -7.141063e-01 2.096763e-03 8.424485e-06 9.999978e-01 -8.618304e+00
9.999937e-01 4.286132e-04 -3.522816e-03 2.829970e+01 -4.256832e-04 9.999996e-01 8.325050e-04 -7.117159e-01 3.523171e-03 -8.310008e-04 9.999934e-01 -7.868564e+00
9.999982e-01 2.016677e-04 -1.908315e-03 2.950129e+01 -2.016808e-04 1.000000e+00 -6.786379e-06 -7.136396e-01 1.908314e-03 7.171898e-06 9.999982e-01 -7.005564e+00
9.999955e-01 3.760001e-04 -2.963844e-03 3.053100e+01 -3.740294e-04 9.999997e-01 6.655437e-04 -7.272784e-01 2.964093e-03 -6.644328e-04 9.999954e-01 -5.912002e+00
9.999953e-01 -1.030170e-04 -3.068318e-03 3.090449e+01 1.028962e-04 1.000000e+00 -3.964246e-05 -7.106448e-01 3.068322e-03 3.932721e-05 9.999953e-01 -5.277980e+00
9.999982e-01 2.305234e-04 -1.863550e-03 3.092606e+01 -2.296750e-04 9.999999e-01 4.556342e-04 -7.060583e-01 1.863655e-03 -4.552061e-04 9.999982e-01 -5.312514e+00
9.999985e-01 -9.669883e-05 -1.751858e-03 3.149360e+01 9.658329e-05 1.000000e+00 -6.619200e-05 -7.266641e-01 1.751865e-03 6.602335e-05 9.999985e-01 -4.991339e+00
9.999991e-01 6.233949e-05 -1.330383e-03 3.164447e+01 -6.200318e-05 1.000000e+00 2.530395e-04 -7.531110e-01 1.330399e-03 -2.529574e-04 9.999991e-01 -4.236072e+00
9.999983e-01 2.112201e-04 -1.807109e-03 3.229313e+01 -2.109506e-04 1.000000e+00 1.491862e-04 -7.877023e-01 1.807141e-03 -1.488041e-04 9.999984e-01 -3.495412e+00
9.999993e-01 -4.381315e-05 -1.218054e-03 3.357485e+01 4.440560e-05 9.999999e-01 4.865952e-04 -8.104767e-01 1.218032e-03 -4.866495e-04 9.999991e-01 -3.384450e+00
9.999971e-01 2.426154e-04 -2.390186e-03 3.458489e+01 -2.420449e-04 9.999999e-01 2.388359e-04 -8.331707e-01 2.390244e-03 -2.382560e-04 9.999971e-01 -3.246849e+00
9.999994e-01 -1.811944e-04 -1.065329e-03 3.475855e+01 1.812239e-04 1.000000e+00 2.785299e-05 -8.553849e-01 1.065324e-03 -2.804669e-05 9.999994e-01 -2.607308e+00
9.999965e-01 2.602814e-04 -2.649409e-03 3.550842e+01 -2.591169e-04 9.999999e-01 4.397527e-04 -8.660568e-01 2.649523e-03 -4.390640e-04 9.999964e-01 -2.722743e+00
9.999989e-01 -4.780573e-04 -1.393659e-03 3.711238e+01 4.781183e-04 9.999999e-01 4.359224e-05 -8.421302e-01 1.393638e-03 -4.425918e-05 9.999990e-01 -3.697201e+00
9.999972e-01 3.988143e-04 -2.330316e-03 3.802251e+01 -3.975604e-04 9.999998e-01 5.384080e-04 -8.473844e-01 2.330531e-03 -5.374794e-04 9.999971e-01 -3.956851e+00
9.999982e-01 -3.836641e-04 -1.838016e-03 3.800768e+01 3.832921e-04 9.999999e-01 -2.025765e-04 -8.562527e-01 1.838093e-03 2.018710e-04 9.999983e-01 -3.330791e+00
9.999946e-01 5.325170e-04 -3.243015e-03 3.772040e+01 -5.299685e-04 9.999996e-01 7.865639e-04 -8.507395e-01 3.243433e-03 -7.848403e-04 9.999944e-01 -2.980181e+00
9.999964e-01 -1.995095e-04 -2.679811e-03 3.737922e+01 1.991805e-04 1.000000e+00 -1.229221e-04 -8.377578e-01 2.679836e-03 1.223872e-04 9.999964e-01 -2.788294e+00
9.999967e-01 1.831017e-04 -2.560933e-03 3.731039e+01 -1.816572e-04 9.999998e-01 5.641601e-04 -8.157636e-01 2.561036e-03 -5.636924e-04 9.999966e-01 -3.493048e+00
9.999962e-01 -4.605406e-05 -2.740735e-03 3.776841e+01 4.550051e-05 1.000000e+00 -2.019291e-04 -7.952665e-01 2.740744e-03 2.018030e-04 9.999962e-01 -3.573551e+00
9.999961e-01 -9.673548e-05 -2.785076e-03 3.836025e+01 9.774072e-05 9.999999e-01 3.606986e-04 -7.546878e-01 2.785041e-03 -3.609688e-04 9.999961e-01 -3.875935e+00
9.999967e-01 -1.944661e-04 -2.569896e-03 3.958576e+01 1.939407e-04 1.000000e+00 -2.045952e-04 -6.893493e-01 2.569935e-03 2.040955e-04 9.999967e-01 -5.416866e+00
9.999981e-01 -4.961080e-04 -1.884009e-03 4.211412e+01 4.965297e-04 9.999999e-01 2.231712e-04 -5.955127e-01 1.883898e-03 -2.241056e-04 9.999982e-01 -7.490774e+00
9.999961e-01 -1.994782e-04 -2.799872e-03 4.504088e+01 1.995953e-04 1.000000e+00 4.164604e-05 -5.041342e-01 2.799863e-03 -4.220537e-05 9.999961e-01 -8.824247e+00
9.999976e-01 -5.253318e-04 -2.140299e-03 4.756243e+01 5.260929e-04 9.999998e-01 3.549086e-04 -4.182901e-01 2.140112e-03 -3.560331e-04 9.999976e-01 -1.024827e+01
9.999951e-01 8.895320e-05 -3.129155e-03 4.835389e+01 -8.928489e-05 1.000000e+00 -1.057662e-04 -3.648803e-01 3.129146e-03 1.060444e-04 9.999951e-01 -1.088448e+01
9.999992e-01 1.647101e-04 -1.263124e-03 4.969054e+01 -1.639978e-04 9.999998e-01 5.637212e-04 -3.729851e-01 1.263217e-03 -5.635129e-04 9.999990e-01 -9.998572e+00
9.999947e-01 -2.692025e-04 -3.251337e-03 5.120453e+01 2.684052e-04 9.999999e-01 -2.455554e-04 -3.467415e-01 3.251402e-03 2.446808e-04 9.999947e-01 -1.017266e+01
9.999961e-01 3.811906e-04 -2.773670e-03 5.103098e+01 -3.790829e-04 9.999996e-01 7.602641e-04 -3.129867e-01 2.773959e-03 -7.592090e-04 9.999959e-01 -1.009597e+01
9.999955e-01 -2.592657e-04 -2.986383e-03 5.125340e+01 2.582412e-04 9.999999e-01 -3.433665e-04 -2.896274e-01 2.986472e-03 3.425931e-04 9.999955e-01 -1.026960e+01
9.999996e-01 3.413893e-04 -7.979355e-04 5.206681e+01 -3.407746e-04 9.999996e-01 7.699785e-04 -2.948339e-01 7.981983e-04 -7.697056e-04 9.999994e-01 -1.049967e+01
9.999942e-01 -2.232107e-04 -3.396537e-03 5.238461e+01 2.223075e-04 9.999999e-01 -2.661920e-04 -3.050303e-01 3.396596e-03 2.654347e-04 9.999942e-01 -1.008706e+01
9.999993e-01 4.888603e-04 -1.095911e-03 5.266616e+01 -4.881035e-04 9.999996e-01 6.904279e-04 -3.123675e-01 1.096249e-03 -6.898919e-04 9.999992e-01 -9.477489e+00
9.999934e-01 -2.479865e-04 -3.633009e-03 5.358405e+01 2.466888e-04 9.999999e-01 -3.575373e-04 -3.093399e-01 3.633097e-03 3.566381e-04 9.999933e-01 -9.191327e+00
9.999997e-01 2.251327e-04 -7.312327e-04 5.439195e+01 -2.247890e-04 9.999999e-01 4.696555e-04 -2.946229e-01 7.313385e-04 -4.694903e-04 9.999996e-01 -9.043863e+00
9.999886e-01 7.718933e-05 -4.772648e-03 5.523661e+01 -7.687773e-05 1.000000e+00 6.553749e-05 -2.818042e-01 4.772653e-03 -6.517047e-05 9.999886e-01 -8.098214e+00
9.999983e-01 2.765515e-04 -1.824583e-03 5.600505e+01 -2.753992e-04 9.999998e-01 6.315969e-04 -2.551137e-01 1.824758e-03 -6.310927e-04 9.999981e-01 -6.668636e+00
9.999959e-01 1.154885e-04 -2.876405e-03 5.802043e+01 -1.153222e-04 1.000000e+00 5.809864e-05 -2.499573e-01 2.876412e-03 -5.776732e-05 9.999959e-01 -5.968303e+00
9.999937e-01 2.270258e-04 -3.545867e-03 5.908746e+01 -2.245042e-04 9.999997e-01 7.114287e-04 -2.240106e-01 3.546028e-03 -7.106275e-04 9.999935e-01 -4.830843e+00
9.999994e-01 -1.057592e-04 -1.103880e-03 5.963244e+01 1.053652e-04 9.999999e-01 -3.566224e-04 -2.246398e-01 1.103917e-03 3.565053e-04 9.999993e-01 -3.533020e+00
9.999977e-01 3.579270e-04 -2.103835e-03 6.038333e+01 -3.561742e-04 9.999996e-01 8.333255e-04 -2.570239e-01 2.104132e-03 -8.325736e-04 9.999974e-01 -2.831057e+00
9.999991e-01 -3.831505e-04 -1.264953e-03 6.072252e+01 3.823713e-04 9.999997e-01 -6.159411e-04 -2.808063e-01 1.265189e-03 6.154562e-04 9.999990e-01 -2.118372e+00
9.999971e-01 4.995660e-04 -2.355357e-03 6.100832e+01 -4.976879e-04 9.999996e-01 7.977513e-04 -3.009839e-01 2.355755e-03 -7.965761e-04 9.999969e-01 -1.390546e+00
9.999988e-01 -4.459127e-04 -1.492445e-03 6.178439e+01 4.452144e-04 9.999998e-01 -4.679246e-04 -3.099683e-01 1.492653e-03 4.672590e-04 9.999988e-01 -1.125387e+00
9.999979e-01 3.960747e-04 -2.023756e-03 6.211728e+01 -3.945671e-04 9.999996e-01 7.451686e-04 -3.237556e-01 2.024051e-03 -7.443679e-04 9.999977e-01 -1.079469e+00
9.999977e-01 -4.247896e-04 -2.096164e-03 6.245317e+01 4.239832e-04 9.999998e-01 -3.849496e-04 -3.234224e-01 2.096327e-03 3.840594e-04 9.999977e-01 -1.607796e+00
9.999970e-01 2.746796e-04 -2.453465e-03 6.243518e+01 -2.730383e-04 9.999997e-01 6.691331e-04 -3.053195e-01 2.453648e-03 -6.684606e-04 9.999968e-01 -2.346568e+00
9.999970e-01 -3.252407e-04 -2.447416e-03 6.233893e+01 3.246331e-04 9.999999e-01 -2.485451e-04 -2.883061e-01 2.447497e-03 2.477492e-04 9.999970e-01 -3.155535e+00
9.999970e-01 3.506296e-04 -2.441399e-03 6.243031e+01 -3.491219e-04 9.999997e-01 6.178132e-04 -2.612136e-01 2.441616e-03 -6.169583e-04 9.999968e-01 -4.325233e+00
9.999978e-01 -6.483089e-04 -2.014060e-03 6.236932e+01 6.478544e-04 9.999998e-01 -2.261082e-04 -2.341993e-01 2.014206e-03 2.248023e-04 9.999979e-01 -6.003487e+00
9.999941e-01 7.389334e-04 -3.364983e-03 6.198354e+01 -7.356883e-04 9.999993e-01 9.653974e-04 -2.121594e-01 3.365694e-03 -9.629154e-04 9.999939e-01 -7.283516e+00
9.999967e-01 -6.973803e-04 -2.474713e-03 6.156319e+01 6.968807e-04 9.999997e-01 -2.026215e-04 -1.742766e-01 2.474853e-03 2.008956e-04 9.999969e-01 -8.953946e+00
9.999941e-01 5.550082e-04 -3.395960e-03 6.120276e+01 -5.518001e-04 9.999994e-01 9.454251e-04 -1.165718e-01 3.396483e-03 -9.435450e-04 9.999938e-01 -1.155883e+01
9.999979e-01 -8.042761e-04 -1.881950e-03 6.098072e+01 8.031663e-04 9.999995e-01 -5.901998e-04 -7.389629e-02 1.882423e-03 5.886864e-04 9.999981e-01 -1.305191e+01
9.999919e-01 9.610043e-04 -3.911945e-03 6.084566e+01 -9.563958e-04 9.999988e-01 1.179661e-03 -3.432861e-02 3.913074e-03 -1.175909e-03 9.999917e-01 -1.438672e+01
9.999984e-01 -1.412867e-03 -1.086483e-03 6.109553e+01 1.411845e-03 9.999986e-01 -9.404519e-04 1.600987e-02 1.087810e-03 9.389159e-04 9.999990e-01 -1.602342e+01
9.999898e-01 1.479983e-03 -4.275945e-03 6.211793e+01 -1.474071e-03 9.999980e-01 1.385508e-03 4.268082e-02 4.277987e-03 -1.379190e-03 9.999899e-01 -1.628000e+01
9.999989e-01 -1.495726e-03 -1.007642e-04 6.280568e+01 1.495606e-03 9.999982e-01 -1.175630e-03 4.883095e-02 1.025222e-04 1.175477e-03 9.999993e-01 -1.644767e+01
9.999864e-01 1.581099e-03 -4.960191e-03 6.315911e+01 -1.572934e-03 9.999974e-01 1.649540e-03 7.269463e-02 4.962786e-03 -1.641715e-03 9.999863e-01 -1.764866e+01
9.999978e-01 -1.980185e-03 -7.586951e-04 6.268329e+01 1.979280e-03 9.999973e-01 -1.190243e-03 1.242714e-01 7.610498e-04 1.188738e-03 9.999990e-01 -1.961587e+01
9.999945e-01 1.625997e-03 -2.907674e-03 6.307318e+01 -1.621997e-03 9.999977e-01 1.377592e-03 1.367302e-01 2.909907e-03 -1.372867e-03 9.999948e-01 -2.061565e+01
9.999983e-01 -1.753731e-03 -6.359739e-04 6.330146e+01 1.752967e-03 9.999977e-01 -1.199065e-03 1.271058e-01 6.380751e-04 1.197947e-03 9.999991e-01 -2.076746e+01
9.999944e-01 1.614609e-03 -2.937530e-03 6.333903e+01 -1.610457e-03 9.999977e-01 1.415244e-03 1.158250e-01 2.939809e-03 -1.410504e-03 9.999947e-01 -2.079713e+01
9.999981e-01 -1.796060e-03 -7.606306e-04 6.341194e+01 1.795188e-03 9.999977e-01 -1.144309e-03 1.151988e-01 7.626839e-04 1.142940e-03 9.999991e-01 -2.144789e+01
9.999933e-01 1.686484e-03 -3.250174e-03 6.366703e+01 -1.681570e-03 9.999974e-01 1.514196e-03 1.132341e-01 3.252720e-03 -1.508720e-03 9.999936e-01 -2.190425e+01
