9.999727e-01 8.313600e-04 -7.345961e-03 8.558815e-01 -8.235742e-04 9.999991e-01 1.062845e-03 5.992387e-02 7.346837e-03 -1.056767e-03 9.999725e-01 1.982579e+00
9.999999e-01 -2.740113e-04 1.669731e-04 3.057988e+00 2.739378e-04 9.999999e-01 4.403236e-04 1.286466e-01 -1.670934e-04 -4.402771e-04 9.999999e-01 3.672991e+00
9.999810e-01 5.424759e-04 -6.142469e-03 4.670482e+00 -5.395270e-04 9.999997e-01 4.817405e-04 1.518367e-01 6.142728e-03 -4.784180e-04 9.999810e-01 5.249166e+00
9.999997e-01 -2.780334e-04 7.542856e-04 5.142236e+00 2.779564e-04 1.000000e+00 1.021401e-04 1.597797e-01 -7.543137e-04 -1.019296e-04 9.999997e-01 6.770801e+00
9.999765e-01 5.228087e-04 -6.831614e-03 5.134295e+00 -5.194234e-04 9.999997e-01 4.972967e-04 1.815676e-01 6.831872e-03 -4.937373e-04 9.999765e-01 7.868061e+00
9.999999e-01 -2.446297e-04 3.373275e-04 4.795380e+00 2.445634e-04 1.000000e+00 1.969172e-04 2.053178e-01 -3.373753e-04 -1.968339e-04 9.999999e-01 8.605790e+00
9.999814e-01 6.422614e-04 -6.058527e-03 5.133507e+00 -6.395411e-04 9.999997e-01 4.509293e-04 2.134331e-01 6.058814e-03 -4.470470e-04 9.999815e-01 9.920783e+00
1.000000e+00 -1.826704e-04 -3.685386e-05 5.573471e+00 1.826867e-04 9.999999e-01 4.439873e-04 2.252405e-01 3.677309e-05 -4.439933e-04 9.999999e-01 1.183373e+01
9.999814e-01 5.699895e-04 -6.067499e-03 5.523445e+00 -5.681654e-04 9.999998e-01 3.023584e-04 2.456796e-01 6.067670e-03 -2.989061e-04 9.999815e-01 1.388823e+01
9.999997e-01 -1.156962e-04 -8.141285e-04 5.437948e+00 1.160508e-04 9.999999e-01 4.354944e-04 2.802873e-01 8.140784e-04 -4.355881e-04 9.999996e-01 1.646387e+01
9.999782e-01 7.132993e-04 -6.559514e-03 5.411307e+00 -7.099135e-04 9.999996e-01 5.184908e-04 3.264197e-01 6.559881e-03 -5.138235e-04 9.999784e-01 1.904545e+01
9.999995e-01 -9.785834e-05 -1.040688e-03 5.597406e+00 9.843903e-05 9.999998e-01 5.579046e-04 3.694492e-01 1.040634e-03 -5.580061e-04 9.999993e-01 2.128653e+01
9.999831e-01 7.474621e-04 -5.766108e-03 6.781520e+00 -7.448154e-04 9.999996e-01 4.611449e-04 4.025183e-01 5.766450e-03 -4.568431e-04 9.999833e-01 2.292459e+01
1.000000e+00 -2.824955e-04 -1.452605e-05 8.460704e+00 2.825079e-04 9.999996e-01 8.616826e-04 4.113219e-01 1.428296e-05 -8.616860e-04 9.999996e-01 2.445530e+01
9.999783e-01 8.524172e-04 -6.537322e-03 8.959407e+00 -8.518376e-04 9.999996e-01 9.146179e-05 4.331351e-01 6.537397e-03 -8.589178e-05 9.999786e-01 2.661151e+01
1.000000e+00 -2.150251e-04 1.207603e-04 9.556313e+00 2.149077e-04 9.999995e-01 9.717173e-04 4.564977e-01 -1.209689e-04 -9.716906e-04 9.999995e-01 2.911515e+01
9.999768e-01 7.638189e-04 -6.774308e-03 1.015540e+01 -7.634675e-04 9.999997e-01 5.447183e-05 4.785303e-01 6.774347e-03 -4.929931e-05 9.999771e-01 3.116980e+01
9.999998e-01 -4.855570e-04 3.801680e-04 1.009003e+01 4.854131e-04 9.999998e-01 3.785441e-04 5.010574e-01 -3.803514e-04 -3.783588e-04 9.999999e-01 3.278889e+01
9.999829e-01 6.515683e-04 -5.807184e-03 1.051197e+01 -6.503262e-04 9.999998e-01 2.157871e-04 5.087462e-01 5.807323e-03 -2.120076e-04 9.999831e-01 3.372376e+01
1.000000e+00 -1.739930e-04 1.891099e-04 1.115994e+01 1.738862e-04 9.999998e-01 5.650644e-04 5.128411e-01 -1.892078e-04 -5.650308e-04 9.999998e-01 3.549849e+01
9.999800e-01 7.527516e-04 -6.284383e-03 1.175764e+01 -7.508596e-04 9.999997e-01 3.034262e-04 5.299262e-01 6.284609e-03 -2.987022e-04 9.999802e-01 3.796776e+01
1.000000e+00 -4.492115e-05 -1.513139e-04 1.221762e+01 4.502781e-05 9.999998e-01 7.044731e-04 5.601604e-01 1.512825e-04 -7.044792e-04 9.999997e-01 4.119126e+01
9.999783e-01 9.465799e-04 -6.512978e-03 1.358754e+01 -9.426082e-04 9.999994e-01 6.128709e-04 5.994539e-01 6.513553e-03 -6.067191e-04 9.999786e-01 4.424420e+01
9.999994e-01 -1.495972e-04 -1.104723e-03 1.471114e+01 1.507103e-04 9.999995e-01 1.007466e-03 6.420504e-01 1.104572e-03 -1.007631e-03 9.999989e-01 4.721537e+01
9.999874e-01 7.303109e-04 -4.963578e-03 1.509022e+01 -7.305215e-04 9.999997e-01 -4.060019e-05 6.655536e-01 4.963547e-03 4.422497e-05 9.999877e-01 5.047307e+01
9.999997e-01 2.015471e-04 -6.858256e-04 1.637707e+01 -2.007003e-04 9.999992e-01 1.234486e-03 6.748048e-01 6.860742e-04 -1.234347e-03 9.999990e-01 5.355892e+01
9.999793e-01 4.904598e-04 -6.422585e-03 1.735526e+01 -4.911361e-04 9.999999e-01 -1.037204e-04 7.041971e-01 6.422533e-03 1.068719e-04 9.999794e-01 5.629827e+01
9.999996e-01 4.151013e-05 8.425929e-04 1.832817e+01 -4.220973e-05 9.999997e-01 8.304005e-04 7.098039e-01 -8.425578e-04 -8.304351e-04 9.999993e-01 5.864702e+01
9.999766e-01 6.039669e-04 -6.820454e-03 1.917306e+01 -6.035221e-04 9.999998e-01 6.728888e-05 7.242072e-01 6.820493e-03 -6.317172e-05 9.999767e-01 6.122955e+01
9.999997e-01 -4.136633e-05 7.709017e-04 1.998397e+01 4.060770e-05 9.999995e-01 9.841904e-04 7.420503e-01 -7.709417e-04 -9.841581e-04 9.999992e-01 6.377456e+01
9.999802e-01 4.214783e-04 -6.271821e-03 2.056949e+01 -4.230090e-04 9.999999e-01 -2.427245e-04 7.477851e-01 6.271718e-03 2.453720e-04 9.999803e-01 6.540192e+01
9.999999e-01 3.656722e-05 3.382954e-04 2.101191e+01 -3.691792e-05 9.999995e-01 1.036998e-03 7.623919e-01 -3.382570e-04 -1.037010e-03 9.999994e-01 6.735536e+01
9.999787e-01 3.452941e-04 -6.515213e-03 2.114237e+01 -3.472126e-04 9.999999e-01 -2.933295e-04 7.866939e-01 6.515110e-03 2.955847e-04 9.999787e-01 6.947768e+01
1.000000e+00 9.748728e-05 2.358374e-04 2.112792e+01 -9.774344e-05 9.999994e-01 1.086808e-03 8.111091e-01 -2.357309e-04 -1.086831e-03 9.999994e-01 7.136752e+01
9.999791e-01 3.003739e-04 -6.464324e-03 2.119967e+01 -3.026521e-04 9.999999e-01 -3.514432e-04 8.325848e-01 6.464218e-03 3.533916e-04 9.999790e-01 7.298456e+01
9.999997e-01 -6.360506e-05 7.065323e-04 2.110431e+01 6.291766e-05 9.999995e-01 9.730432e-04 8.432622e-01 -7.065935e-04 -9.729978e-04 9.999993e-01 7.407436e+01
9.999804e-01 3.259605e-04 -6.259727e-03 2.112658e+01 -3.278701e-04 9.999999e-01 -3.040218e-04 8.537795e-01 6.259627e-03 3.060675e-04 9.999804e-01 7.564369e+01
9.999999e-01 3.715207e-05 4.451138e-04 2.149842e+01 -3.764339e-05 9.999994e-01 1.104083e-03 8.665769e-01 -4.450722e-04 -1.104099e-03 9.999993e-01 7.719714e+01
9.999763e-01 3.713618e-04 -6.876495e-03 2.153979e+01 -3.731445e-04 9.999999e-01 -2.579487e-04 8.897625e-01 6.876399e-03 2.605078e-04 9.999763e-01 7.857273e+01
9.999995e-01 -1.709953e-04 9.541074e-04 2.126732e+01 1.700899e-04 9.999995e-01 9.490592e-04 9.032807e-01 -9.542689e-04 -9.488957e-04 9.999991e-01 7.911970e+01
9.999821e-01 3.377965e-04 -5.974209e-03 2.110901e+01 -3.399930e-04 9.999999e-01 -3.666463e-04 9.064289e-01 5.974084e-03 3.686703e-04 9.999821e-01 7.948171e+01
9.999999e-01 -1.810465e-04 4.694795e-04 2.080783e+01 1.805802e-04 9.999995e-01 9.932211e-04 9.169125e-01 -4.696587e-04 -9.931354e-04 9.999994e-01 7.997719e+01
9.999877e-01 2.909349e-04 -4.944323e-03 2.092496e+01 -2.935967e-04 9.999998e-01 -5.376102e-04 9.108339e-01 4.944165e-03 5.390546e-04 9.999876e-01 8.049815e+01
9.999989e-01 -1.527419e-04 1.452661e-03 2.156965e+01 1.512578e-04 9.999995e-01 1.021799e-03 8.876072e-01 -1.452816e-03 -1.021577e-03 9.999984e-01 8.095330e+01
9.999773e-01 2.791030e-04 -6.724870e-03 2.136749e+01 -2.819808e-04 9.999999e-01 -4.269669e-04 8.946552e-01 6.724749e-03 4.288528e-04 9.999773e-01 8.107302e+01
9.999982e-01 -1.539686e-04 1.906792e-03 2.141249e+01 1.520402e-04 9.999995e-01 1.011472e-03 8.950330e-01 -1.906946e-03 -1.011180e-03 9.999977e-01 8.114034e+01
9.999748e-01 4.869964e-04 -7.077851e-03 2.180503e+01 -4.891382e-04 9.999998e-01 -3.008598e-04 8.952904e-01 7.077703e-03 3.043135e-04 9.999749e-01 8.226817e+01
9.999989e-01 -3.816446e-04 1.454010e-03 2.172332e+01 3.803803e-04 9.999995e-01 8.698153e-04 9.094819e-01 -1.454341e-03 -8.692606e-04 9.999986e-01 8.296828e+01
9.999881e-01 3.366232e-04 -4.859472e-03 2.190870e+01 -3.395676e-04 9.999998e-01 -6.050851e-04 8.918163e-01 4.859267e-03 6.067273e-04 9.999880e-01 8.329558e+01
9.999995e-01 -3.733763e-04 9.115294e-04 2.179758e+01 3.725552e-04 9.999995e-01 9.009296e-04 8.855571e-01 -9.118650e-04 -9.005889e-04 9.999992e-01 8.368991e+01
9.999891e-01 3.630911e-04 -4.649686e-03 2.200339e+01 -3.658089e-04 9.999998e-01 -5.836579e-04 8.743662e-01 4.649473e-03 5.853517e-04 9.999890e-01 8.387003e+01
9.999996e-01 -3.879375e-04 8.509382e-04 2.206730e+01 3.871614e-04 9.999995e-01 9.121729e-04 8.668753e-01 -8.512914e-04 -9.118424e-04 9.999992e-01 8.397302e+01
9.999875e-01 3.817746e-04 -4.983650e-03 2.187923e+01 -3.846099e-04 9.999998e-01 -5.679412e-04 8.632837e-01 4.983431e-03 5.698501e-04 9.999874e-01 8.432695e+01
9.999995e-01 -3.747572e-04 9.106689e-04 2.189312e+01 3.738805e-04 9.999995e-01 9.628978e-04 8.547008e-01 -9.110289e-04 -9.625561e-04 9.999991e-01 8.421076e+01
9.999913e-01 2.299465e-04 -4.176776e-03 2.223678e+01 -2.328983e-04 9.999997e-01 -7.062255e-04 8.445158e-01 4.176613e-03 7.071913e-04 9.999910e-01 8.406889e+01
9.999996e-01 -1.648203e-04 9.276402e-04 2.292039e+01 1.637766e-04 9.999994e-01 1.125321e-03 8.240108e-01 -9.278247e-04 -1.125168e-03 9.999989e-01 8.426928e+01
9.999923e-01 1.590768e-04 -3.927143e-03 2.382907e+01 -1.618112e-04 9.999997e-01 -6.959312e-04 8.045986e-01 3.927031e-03 6.965606e-04 9.999920e-01 8.435475e+01
1.000000e+00 -1.033171e-04 1.189703e-05 2.409627e+01 1.033043e-04 9.999994e-01 1.084823e-03 7.911607e-01 -1.200878e-05 -1.084821e-03 9.999994e-01 8.484781e+01
9.999869e-01 3.254459e-04 -5.098961e-03 2.404379e+01 -3.281671e-04 9.999998e-01 -5.328149e-04 7.934485e-01 5.098787e-03 5.344805e-04 9.999869e-01 8.538032e+01
9.999999e-01 -9.542505e-05 -5.118094e-04 2.435019e+01 9.606019e-05 9.999992e-01 1.240816e-03 7.974800e-01 5.116909e-04 -1.240864e-03 9.999991e-01 8.645090e+01
9.999886e-01 3.289172e-04 -4.753354e-03 2.454079e+01 -3.327974e-04 9.999996e-01 -8.155122e-04 8.023533e-01 4.753084e-03 8.170841e-04 9.999884e-01 8.768536e+01
1.000000e+00 -2.504616e-04 1.509593e-04 2.449445e+01 2.502747e-04 9.999992e-01 1.237150e-03 7.985438e-01 -1.512687e-04 -1.237111e-03 9.999992e-01 8.832629e+01
9.999896e-01 2.749053e-04 -4.548402e-03 2.441846e+01 -2.788814e-04 9.999996e-01 -8.735468e-04 7.941263e-01 4.548159e-03 8.748055e-04 9.999893e-01 8.877361e+01
9.999994e-01 -3.047860e-04 1.030913e-03 2.477291e+01 3.036777e-04 9.999994e-01 1.075150e-03 7.770466e-01 -1.031240e-03 -1.074836e-03 9.999989e-01 8.938713e+01
9.999871e-01 2.363221e-04 -5.075743e-03 2.478893e+01 -2.404117e-04 9.999996e-01 -8.051003e-04 7.693255e-01 5.075550e-03 8.063094e-04 9.999868e-01 9.012095e+01
9.999998e-01 -2.279007e-04 6.252912e-04 2.468123e+01 2.272071e-04 9.999994e-01 1.109265e-03 7.669018e-01 -6.255433e-04 -1.109122e-03 9.999992e-01 9.110678e+01
9.999850e-01 2.793897e-04 -5.461277e-03 2.445887e+01 -2.838025e-04 9.999996e-01 -8.072265e-04 7.721014e-01 5.461049e-03 8.087636e-04 9.999848e-01 9.204229e+01
9.999996e-01 -2.077223e-04 8.687349e-04 2.436293e+01 2.067234e-04 9.999993e-01 1.149924e-03 7.687522e-01 -8.689729e-04 -1.149743e-03 9.999990e-01 9.330001e+01
9.999823e-01 2.320762e-04 -5.938518e-03 2.411425e+01 -2.369043e-04 9.999996e-01 -8.122898e-04 7.745364e-01 5.938327e-03 8.136817e-04 9.999820e-01 9.469425e+01
9.999998e-01 -1.814499e-04 6.582582e-04 2.368478e+01 1.806562e-04 9.999993e-01 1.205904e-03 7.891615e-01 -6.584762e-04 -1.205784e-03 9.999991e-01 9.575447e+01
9.999858e-01 2.468034e-04 -5.324426e-03 2.350860e+01 -2.516131e-04 9.999996e-01 -9.026547e-04 7.911011e-01 5.324201e-03 9.039808e-04 9.999854e-01 9.695502e+01
9.999988e-01 -1.255742e-04 1.554369e-03 2.369979e+01 1.237647e-04 9.999993e-01 1.164296e-03 7.717732e-01 -1.554514e-03 -1.164102e-03 9.999981e-01 9.818583e+01
9.999846e-01 2.357545e-04 -5.540281e-03 2.387916e+01 -2.405845e-04 9.999996e-01 -8.711054e-04 7.557501e-01 5.540073e-03 8.724242e-04 9.999843e-01 9.932114e+01
9.999985e-01 -9.171384e-05 1.749562e-03 2.402337e+01 8.974916e-05 9.999994e-01 1.123092e-03 7.383420e-01 -1.749664e-03 -1.122932e-03 9.999978e-01 1.005882e+02
9.999810e-01 2.033714e-04 -6.164284e-03 2.402191e+01 -2.081968e-04 9.999997e-01 -7.821385e-04 7.295009e-01 6.164123e-03 7.834063e-04 9.999807e-01 1.020720e+02
9.999990e-01 -1.623659e-05 1.429106e-03 2.402733e+01 1.444848e-05 9.999992e-01 1.251325e-03 7.269545e-01 -1.429125e-03 -1.251302e-03 9.999982e-01 1.037899e+02
9.999790e-01 4.283610e-04 -6.462199e-03 2.452881e+01 -4.325161e-04 9.999997e-01 -6.415805e-04 7.194111e-01 6.461922e-03 6.443613e-04 9.999789e-01 1.054132e+02
9.999990e-01 -1.221923e-04 1.416352e-03 2.488004e+01 1.203847e-04 9.999992e-01 1.276396e-03 7.145534e-01 -1.416507e-03 -1.276223e-03 9.999982e-01 1.069157e+02
9.999825e-01 2.340492e-04 -5.912923e-03 2.513817e+01 -2.390164e-04 9.999996e-01 -8.393384e-04 7.096908e-01 5.912724e-03 8.407362e-04 9.999822e-01 1.079381e+02
9.999983e-01 -2.285514e-04 1.837360e-03 2.507627e+01 2.264190e-04 9.999993e-01 1.160830e-03 7.020382e-01 -1.837624e-03 -1.160411e-03 9.999976e-01 1.084739e+02
9.999786e-01 4.403901e-04 -6.531430e-03 2.499319e+01 -4.447196e-04 9.999997e-01 -6.614040e-04 7.085584e-01 6.531136e-03 6.642938e-04 9.999785e-01 1.096594e+02
9.999979e-01 -4.313858e-04 1.984856e-03 2.490403e+01 4.295067e-04 9.999995e-01 9.471618e-04 7.071209e-01 -1.985263e-03 -9.463067e-04 9.999976e-01 1.107892e+02
9.999782e-01 5.745016e-04 -6.581353e-03 2.486441e+01 -5.784898e-04 9.999997e-01 -6.040810e-04 7.084154e-01 6.581003e-03 6.078744e-04 9.999782e-01 1.118590e+02
9.999988e-01 -6.073371e-04 1.393554e-03 2.449959e+01 6.060322e-04 9.999994e-01 9.367306e-04 7.218983e-01 -1.394122e-03 -9.358843e-04 9.999986e-01 1.127388e+02
9.999831e-01 8.147559e-04 -5.750766e-03 2.464255e+01 -8.183759e-04 9.999995e-01 -6.271340e-04 7.219509e-01 5.750252e-03 6.318290e-04 9.999833e-01 1.138174e+02
9.999994e-01 -3.245560e-04 1.013214e-03 2.587308e+01 3.230940e-04 9.999989e-01 1.442925e-03 7.206755e-01 -1.013681e-03 -1.442596e-03 9.999984e-01 1.157703e+02
9.999764e-01 9.873216e-04 -6.802347e-03 2.687411e+01 -9.880388e-04 9.999995e-01 -1.020557e-04 7.449107e-01 6.802243e-03 1.087736e-04 9.999769e-01 1.190286e+02
9.999990e-01 -2.639791e-04 1.362661e-03 2.745105e+01 2.625401e-04 9.999994e-01 1.056222e-03 7.735018e-01 -1.362939e-03 -1.055863e-03 9.999985e-01 1.227016e+02
9.999724e-01 9.646257e-04 -7.361631e-03 2.791705e+01 -9.642652e-04 9.999995e-01 5.254089e-05 8.084337e-01 7.361678e-03 -4.544157e-05 9.999729e-01 1.259228e+02
9.999999e-01 2.775879e-05 4.628768e-04 2.952661e+01 -2.842888e-05 9.999990e-01 1.448129e-03 8.540932e-01 -4.628358e-04 -1.448141e-03 9.999988e-01 1.284711e+02
9.999731e-01 7.543233e-04 -7.290916e-03 3.115549e+01 -7.514956e-04 9.999996e-01 3.906030e-04 8.843783e-01 7.291208e-03 -3.851141e-04 9.999733e-01 1.311289e+02
9.999993e-01 1.859899e-04 1.187642e-03 3.228959e+01 -1.868566e-04 9.999997e-01 7.299033e-04 9.007575e-01 -1.187506e-03 -7.301240e-04 9.999990e-01 1.342663e+02
9.999733e-01 3.845682e-04 -7.301478e-03 3.306603e+01 -3.819508e-04 9.999999e-01 3.598924e-04 9.206311e-01 7.301615e-03 -3.570947e-04 9.999733e-01 1.370458e+02
9.999968e-01 4.993898e-05 2.534247e-03 3.349534e+01 -4.981219e-05 1.000000e+00 -5.001798e-05 9.184047e-01 -2.534249e-03 4.989228e-05 9.999968e-01 1.390504e+02
9.999763e-01 1.689802e-04 -6.886173e-03 3.431090e+01 -1.655449e-04 9.999999e-01 4.994593e-04 9.053721e-01 6.886257e-03 -4.983082e-04 9.999762e-01 1.399802e+02
9.999965e-01 -1.618734e-04 2.627154e-03 3.489120e+01 1.620368e-04 1.000000e+00 -6.191159e-05 9.028271e-01 -2.627143e-03 6.233776e-05 9.999965e-01 1.404073e+02
9.999797e-01 3.154024e-04 -6.365713e-03 3.602147e+01 -3.112528e-04 9.999997e-01 6.528721e-04 8.860633e-01 6.365917e-03 -6.508782e-04 9.999795e-01 1.407438e+02
9.999987e-01 -7.261030e-05 1.623387e-03 3.702468e+01 7.240415e-05 1.000000e+00 1.271671e-04 8.822301e-01 -1.623396e-03 -1.270487e-04 9.999987e-01 1.414841e+02
9.999855e-01 4.110014e-04 -5.375609e-03 3.837248e+01 -4.076964e-04 9.999997e-01 6.159464e-04 8.602000e-01 5.375861e-03 -6.137465e-04 9.999854e-01 1.424413e+02
9.999978e-01 -2.298075e-04 2.092714e-03 3.975826e+01 2.297960e-04 1.000000e+00 5.853653e-06 8.410602e-01 -2.092715e-03 -5.372053e-06 9.999978e-01 1.427132e+02
9.999847e-01 3.105018e-04 -5.528157e-03 4.098651e+01 -3.072869e-04 9.999998e-01 5.824283e-04 8.296784e-01 5.528336e-03 -5.807213e-04 9.999846e-01 1.428222e+02
9.999991e-01 -2.459608e-04 1.299653e-03 4.175098e+01 2.462055e-04 1.000000e+00 -1.880140e-04 8.249535e-01 -1.299606e-03 1.883345e-04 9.999991e-01 1.431687e+02
9.999894e-01 2.005119e-04 -4.591006e-03 4.265012e+01 -1.979366e-04 9.999998e-01 5.614418e-04 8.122225e-01 4.591118e-03 -5.605278e-04 9.999893e-01 1.431782e+02
9.999987e-01 -1.692762e-04 1.621664e-03 4.382875e+01 1.693383e-04 1.000000e+00 -3.805097e-05 7.927290e-01 -1.621657e-03 3.832622e-05 9.999987e-01 1.433478e+02
9.999881e-01 1.366786e-04 -4.878575e-03 4.470681e+01 -1.344943e-04 9.999999e-01 4.481090e-04 7.791171e-01 4.878635e-03 -4.474482e-04 9.999880e-01 1.433304e+02
9.999984e-01 -1.585044e-04 1.766752e-03 4.519033e+01 1.587586e-04 1.000000e+00 -1.436047e-04 7.557123e-01 -1.766729e-03 1.438856e-04 9.999984e-01 1.437290e+02
9.999869e-01 2.496855e-04 -5.106308e-03 4.586027e+01 -2.467612e-04 9.999998e-01 5.733399e-04 7.313592e-01 5.106450e-03 -5.720730e-04 9.999868e-01 1.440266e+02
9.999986e-01 -3.580630e-04 1.644709e-03 4.701726e+01 3.580877e-04 9.999999e-01 -1.457173e-05 7.316426e-01 -1.644703e-03 1.516135e-05 9.999986e-01 1.435797e+02
9.999879e-01 4.041570e-04 -4.893479e-03 4.827193e+01 -4.005596e-04 9.999996e-01 7.361299e-04 7.198398e-01 4.893775e-03 -7.341616e-04 9.999878e-01 1.433810e+02
9.999984e-01 -2.706741e-04 1.746079e-03 4.955783e+01 2.705995e-04 1.000000e+00 4.308455e-05 7.000629e-01 -1.746091e-03 -4.261131e-05 9.999985e-01 1.433651e+02
9.999878e-01 1.664746e-04 -4.926941e-03 5.043615e+01 -1.643633e-04 9.999999e-01 4.289558e-04 6.918801e-01 4.927012e-03 -4.281414e-04 9.999878e-01 1.431073e+02
9.999990e-01 -3.863478e-04 1.372077e-03 5.090393e+01 3.865640e-04 9.999999e-01 -1.571927e-04 6.930309e-01 -1.372016e-03 1.577236e-04 9.999990e-01 1.426042e+02
9.999891e-01 3.719848e-04 -4.648164e-03 5.188936e+01 -3.685023e-04 9.999997e-01 7.501164e-04 6.821603e-01 4.648441e-03 -7.483960e-04 9.999889e-01 1.424214e+02
9.999989e-01 -3.269651e-04 1.461299e-03 5.299908e+01 3.271398e-04 9.999999e-01 -1.191854e-04 6.672114e-01 -1.461260e-03 1.196640e-04 9.999989e-01 1.423193e+02
9.999900e-01 3.627915e-04 -4.461077e-03 5.441665e+01 -3.587806e-04 9.999995e-01 8.999005e-04 6.541832e-01 4.461401e-03 -8.982916e-04 9.999896e-01 1.421044e+02
9.999985e-01 -7.072438e-04 1.567739e-03 5.531398e+01 7.081655e-04 9.999996e-01 -5.873138e-04 6.603068e-01 -1.567323e-03 5.884238e-04 9.999986e-01 1.414307e+02
9.999886e-01 3.523034e-04 -4.768225e-03 5.591358e+01 -3.481945e-04 9.999996e-01 8.625651e-04 6.679211e-01 4.768526e-03 -8.608957e-04 9.999883e-01 1.406480e+02
9.999988e-01 -7.118777e-04 1.394731e-03 5.648800e+01 7.126779e-04 9.999996e-01 -5.731917e-04 6.785714e-01 -1.394322e-03 5.741857e-04 9.999989e-01 1.397492e+02
9.999898e-01 5.754011e-04 -4.485260e-03 5.764935e+01 -5.703365e-04 9.999992e-01 1.130413e-03 6.766097e-01 4.485906e-03 -1.127844e-03 9.999893e-01 1.393167e+02
9.999987e-01 -8.850101e-04 1.342935e-03 5.868088e+01 8.860220e-04 9.999993e-01 -7.529186e-04 6.838634e-01 -1.342268e-03 7.541082e-04 9.999988e-01 1.386821e+02
9.999888e-01 4.959153e-04 -4.696224e-03 5.934267e+01 -4.910486e-04 9.999993e-01 1.037440e-03 6.995694e-01 4.696735e-03 -1.035123e-03 9.999884e-01 1.376572e+02
9.999989e-01 -7.035753e-04 1.339129e-03 6.076369e+01 7.041752e-04 9.999997e-01 -4.474242e-04 7.086713e-01 -1.338814e-03 4.483673e-04 9.999990e-01 1.369634e+02
9.999912e-01 3.696865e-04 -4.190784e-03 6.175092e+01 -3.667113e-04 9.999997e-01 7.107277e-04 7.198016e-01 4.191046e-03 -7.091853e-04 9.999910e-01 1.361740e+02
9.999991e-01 -7.854019e-04 1.118978e-03 6.259746e+01 7.859191e-04 9.999996e-01 -4.616286e-04 7.343238e-01 -1.118615e-03 4.625083e-04 9.999993e-01 1.351256e+02
9.999935e-01 3.456275e-04 -3.583497e-03 6.370386e+01 -3.428591e-04 9.999996e-01 7.731966e-04 7.469634e-01 3.583763e-03 -7.719637e-04 9.999933e-01 1.341909e+02
9.999996e-01 -7.614817e-04 4.195336e-04 6.411264e+01 7.617131e-04 9.999996e-01 -5.510941e-04 7.575411e-01 -4.191135e-04 5.514142e-04 9.999998e-01 1.332055e+02
9.999941e-01 4.393517e-04 -3.410417e-03 6.500558e+01 -4.364156e-04 9.999995e-01 8.617118e-04 7.635053e-01 3.410794e-03 -8.602190e-04 9.999938e-01 1.325475e+02
9.999998e-01 -4.010711e-04 3.820407e-04 6.666776e+01 4.010520e-04 9.999999e-01 5.044413e-05 7.518238e-01 -3.820606e-04 -5.029022e-05 9.999999e-01 1.322441e+02
9.999940e-01 6.051752e-04 -3.402507e-03 6.883589e+01 -6.013861e-04 9.999992e-01 1.114622e-03 7.373366e-01 3.403178e-03 -1.112569e-03 9.999936e-01 1.319586e+02
9.999993e-01 -4.652351e-04 1.078474e-03 7.084640e+01 4.653005e-04 9.999999e-01 -6.013372e-05 7.133732e-01 -1.078446e-03 6.063618e-05 9.999994e-01 1.319081e+02
9.999932e-01 2.430497e-04 -3.685279e-03 7.218395e+01 -2.407585e-04 9.999998e-01 6.222120e-04 7.100450e-01 3.685429e-03 -6.213212e-04 9.999930e-01 1.314188e+02
9.999995e-01 -5.766239e-04 8.606270e-04 7.286784e+01 5.769400e-04 9.999998e-01 -3.668450e-04 7.137030e-01 -8.604149e-04 3.673420e-04 9.999996e-01 1.307907e+02
9.999918e-01 2.271779e-04 -4.044855e-03 7.389853e+01 -2.241857e-04 9.999997e-01 7.402434e-04 7.243348e-01 4.045022e-03 -7.393312e-04 9.999915e-01 1.300775e+02
9.999998e-01 -4.011141e-04 5.203340e-04 7.560829e+01 4.010866e-04 9.999999e-01 5.334327e-05 7.367733e-01 -5.203550e-04 -5.313388e-05 9.999999e-01 1.292961e+02
9.999932e-01 2.047643e-04 -3.669955e-03 7.717222e+01 -2.024094e-04 9.999998e-01 6.420948e-04 7.430409e-01 3.670085e-03 -6.413483e-04 9.999931e-01 1.286204e+02
9.999997e-01 -3.352928e-04 7.049703e-04 7.872717e+01 3.352110e-04 9.999999e-01 1.165310e-04 7.423380e-01 -7.050090e-04 -1.162940e-04 9.999997e-01 1.280754e+02
9.999941e-01 -1.058370e-04 -3.445291e-03 7.978969e+01 1.063788e-04 1.000000e+00 1.571351e-04 7.573893e-01 3.445274e-03 -1.575014e-04 9.999941e-01 1.272005e+02
9.999999e-01 -2.958540e-04 3.432102e-04 8.020928e+01 2.958457e-04 1.000000e+00 2.490170e-05 7.681728e-01 -3.432173e-04 -2.479948e-05 9.999999e-01 1.262244e+02
9.999938e-01 -1.372960e-04 -3.513868e-03 8.079980e+01 1.380379e-04 1.000000e+00 2.109517e-04 7.847306e-01 3.513839e-03 -2.114361e-04 9.999938e-01 1.251116e+02
1.000000e+00 -2.385358e-04 4.084094e-05 8.293505e+01 2.385150e-04 9.999998e-01 5.144358e-04 8.147106e-01 -4.096336e-05 -5.144254e-04 9.999999e-01 1.238741e+02
9.999961e-01 -2.394304e-04 -2.787222e-03 8.506633e+01 2.399752e-04 1.000000e+00 1.951940e-04 8.390322e-01 2.787175e-03 -1.958628e-04 9.999961e-01 1.226988e+02
9.999995e-01 5.411697e-05 -9.900772e-04 8.545141e+01 -5.402407e-05 1.000000e+00 9.362173e-05 8.422381e-01 9.900825e-04 -9.356752e-05 9.999995e-01 1.220655e+02
9.999957e-01 -2.297622e-05 -2.926850e-03 8.578588e+01 2.350857e-05 1.000000e+00 1.819313e-04 8.303181e-01 2.926845e-03 -1.820000e-04 9.999957e-01 1.224100e+02
9.999996e-01 1.798773e-04 -8.918413e-04 8.664159e+01 -1.795563e-04 9.999999e-01 3.597378e-04 8.151397e-01 8.919062e-04 -3.595768e-04 9.999995e-01 1.224568e+02
9.999963e-01 -3.799125e-04 -2.707408e-03 8.765764e+01 3.798138e-04 9.999999e-01 -3.686489e-05 8.199196e-01 2.707422e-03 3.583577e-05 9.999963e-01 1.219213e+02
9.999999e-01 1.307992e-04 -4.242438e-04 8.877221e+01 -1.306052e-04 9.999999e-01 4.568136e-04 8.253863e-01 4.243038e-04 -4.567574e-04 9.999998e-01 1.213006e+02
9.999975e-01 -4.395765e-04 -2.198112e-03 8.988084e+01 4.394072e-04 9.999999e-01 -7.742750e-05 8.280370e-01 2.198145e-03 7.646077e-05 9.999976e-01 1.206929e+02
9.999998e-01 -2.175341e-06 -5.854975e-04 9.071920e+01 2.318715e-06 1.000000e+00 2.444517e-04 8.361382e-01 5.854973e-04 -2.444523e-04 9.999998e-01 1.198993e+02
9.999965e-01 -4.298557e-04 -2.608549e-03 9.131073e+01 4.298685e-04 9.999999e-01 4.436549e-06 8.497204e-01 2.608547e-03 -5.558539e-06 9.999966e-01 1.188716e+02
9.999998e-01 9.492986e-06 -6.375487e-04 9.163179e+01 -9.347941e-06 1.000000e+00 2.271165e-04 8.621603e-01 6.375511e-04 -2.271098e-04 9.999998e-01 1.177042e+02
9.999959e-01 -3.848380e-04 -2.847198e-03 9.172400e+01 3.850297e-04 9.999999e-01 6.689157e-05 8.735108e-01 2.847172e-03 -6.798822e-05 9.999959e-01 1.164016e+02
9.999996e-01 1.974797e-05 -8.746337e-04 9.171804e+01 -1.950212e-05 1.000000e+00 2.808080e-04 8.873379e-01 8.746394e-04 -2.807902e-04 9.999996e-01 1.149058e+02
9.999971e-01 -4.711177e-04 -2.366777e-03 9.188052e+01 4.710054e-04 9.999999e-01 -4.786553e-05 9.023200e-01 2.366799e-03 4.674996e-05 9.999972e-01 1.134511e+02
9.999996e-01 1.749549e-05 -8.427773e-04 9.244817e+01 -1.726044e-05 1.000000e+00 2.786018e-04 9.182277e-01 8.427824e-04 -2.785865e-04 9.999996e-01 1.123229e+02
9.999971e-01 -4.922510e-04 -2.341778e-03 9.266463e+01 4.921771e-04 9.999999e-01 -3.206221e-05 9.330452e-01 2.341793e-03 3.090888e-05 9.999973e-01 1.109298e+02
9.999995e-01 3.000595e-05 -9.872267e-04 9.279159e+01 -2.969415e-05 9.999999e-01 3.155831e-04 9.486804e-01 9.872364e-04 -3.155529e-04 9.999995e-01 1.094024e+02
9.999970e-01 -4.287773e-04 -2.420010e-03 9.297472e+01 4.285914e-04 9.999999e-01 -7.722425e-05 9.644605e-01 2.420043e-03 7.618615e-05 9.999971e-01 1.079308e+02
9.999994e-01 1.307540e-04 -1.127826e-03 9.302311e+01 -1.303378e-04 9.999999e-01 3.688873e-04 9.712963e-01 1.127875e-03 -3.687394e-04 9.999993e-01 1.068521e+02
9.999970e-01 -4.116165e-04 -2.393922e-03 9.313412e+01 4.112335e-04 9.999999e-01 -1.603497e-04 9.772550e-01 2.393988e-03 1.593641e-04 9.999971e-01 1.058538e+02
9.999994e-01 1.556585e-05 -1.081951e-03 9.317949e+01 -1.502826e-05 9.999999e-01 4.966407e-04 9.884631e-01 1.081959e-03 -4.966235e-04 9.999993e-01 1.044975e+02
9.999967e-01 -4.489240e-04 -2.542930e-03 9.316960e+01 4.486726e-04 9.999999e-01 -9.933560e-05 1.006006e+00 2.542974e-03 9.819366e-05 9.999968e-01 1.027617e+02
9.999997e-01 -1.611515e-04 -7.620341e-04 9.322470e+01 1.614733e-04 9.999999e-01 4.219913e-04 1.028812e+00 7.619662e-04 -4.221135e-04 9.999996e-01 1.007908e+02
9.999983e-01 -3.141164e-04 -1.830156e-03 9.395527e+01 3.137463e-04 9.999999e-01 -2.023834e-04 1.035184e+00 1.830220e-03 2.018082e-04 9.999983e-01 1.000422e+02
9.999990e-01 -1.293742e-04 -1.398473e-03 9.457419e+01 1.298775e-04 9.999999e-01 3.596120e-04 1.055614e+00 1.398426e-03 -3.597926e-04 9.999990e-01 9.871111e+01
9.999982e-01 -3.994567e-04 -1.862426e-03 9.467371e+01 3.992744e-04 9.999999e-01 -9.814693e-05 1.072484e+00 1.862465e-03 9.740247e-05 9.999983e-01 9.711662e+01
9.999964e-01 2.247818e-04 -2.657735e-03 9.439400e+01 -2.229591e-04 9.999997e-01 6.859628e-04 1.084173e+00 2.657888e-03 -6.853671e-04 9.999962e-01 9.574245e+01
9.999992e-01 -5.040673e-04 -1.141568e-03 9.432641e+01 5.036869e-04 9.999998e-01 -3.331937e-04 1.091120e+00 1.141735e-03 3.326178e-04 9.999993e-01 9.460138e+01
9.999959e-01 2.884563e-04 -2.846933e-03 9.422905e+01 -2.862554e-04 9.999997e-01 7.733700e-04 1.098359e+00 2.847156e-03 -7.725512e-04 9.999956e-01 9.353315e+01
9.999992e-01 -5.577507e-04 -1.134527e-03 9.410949e+01 5.573571e-04 9.999998e-01 -3.470059e-04 1.109427e+00 1.134720e-03 3.463726e-04 9.999993e-01 9.215088e+01
9.999957e-01 2.901018e-04 -2.916612e-03 9.395564e+01 -2.877352e-04 9.999996e-01 8.117274e-04 1.119351e+00 2.916847e-03 -8.108840e-04 9.999954e-01 9.085106e+01
9.999997e-01 -6.077959e-04 -4.455676e-04 9.407646e+01 6.075589e-04 9.999997e-01 -5.312428e-04 1.125107e+00 4.458901e-04 5.309713e-04 9.999998e-01 8.989937e+01
9.999954e-01 3.090150e-04 -3.004961e-03 9.432458e+01 -3.065468e-04 9.999996e-01 8.217102e-04 1.128723e+00 3.005214e-03 -8.207846e-04 9.999951e-01 8.917141e+01
9.999998e-01 -4.052608e-04 -4.573206e-04 9.537031e+01 4.051206e-04 9.999999e-01 -3.060348e-04 1.127160e+00 4.574443e-04 3.058488e-04 9.999998e-01 8.876472e+01
9.999967e-01 -3.492967e-05 -2.575607e-03 9.577469e+01 3.625491e-05 9.999999e-01 5.143864e-04 1.141528e+00 2.575589e-03 -5.144774e-04 9.999966e-01 8.758030e+01
9.999998e-01 -3.814216e-04 -5.824531e-04 9.599152e+01 3.812600e-04 9.999999e-01 -2.770805e-04 1.151776e+00 5.825585e-04 2.768577e-04 9.999998e-01 8.645573e+01
9.999962e-01 1.424409e-05 -2.763461e-03 9.638977e+01 -1.276723e-05 9.999999e-01 5.343397e-04 1.161603e+00 2.763469e-03 -5.343017e-04 9.999960e-01 8.552019e+01
1.000000e+00 -6.856172e-05 -1.639830e-04 9.754246e+01 6.857176e-05 1.000000e+00 6.294803e-05 1.150338e+00 1.639785e-04 -6.295993e-05 1.000000e+00 8.527727e+01
9.999972e-01 -2.544458e-04 -2.364865e-03 9.832596e+01 2.549074e-04 9.999999e-01 1.947737e-04 1.147481e+00 2.364815e-03 -1.953753e-04 9.999972e-01 8.482546e+01
9.999999e-01 1.961137e-04 -2.942966e-04 9.930125e+01 -1.960224e-04 9.999999e-01 3.112247e-04 1.129451e+00 2.943573e-04 -3.111677e-04 9.999999e-01 8.478713e+01
9.999969e-01 -4.689145e-04 -2.443987e-03 9.997052e+01 4.687453e-04 9.999999e-01 -6.993116e-05 1.124646e+00 2.444020e-03 6.878599e-05 9.999970e-01 8.440964e+01
9.999992e-01 2.683765e-04 -1.230288e-03 1.000300e+02 -2.678701e-04 9.999999e-01 4.120070e-04 1.125490e+00 1.230399e-03 -4.116778e-04 9.999992e-01 8.368045e+01
9.999957e-01 -4.718016e-04 -2.879793e-03 9.990675e+01 4.718797e-04 9.999999e-01 2.634635e-05 1.130116e+00 2.879780e-03 -2.770450e-05 9.999959e-01 8.270747e+01
9.999991e-01 3.830082e-04 -1.267592e-03 9.989245e+01 -3.825547e-04 9.999999e-01 3.581577e-04 1.131700e+00 1.267729e-03 -3.576731e-04 9.999991e-01 8.227218e+01
9.999961e-01 -3.208783e-04 -2.766067e-03 1.002166e+02 3.207800e-04 9.999999e-01 -3.606917e-05 1.126031e+00 2.766079e-03 3.518238e-05 9.999962e-01 8.226677e+01
9.999997e-01 1.722298e-04 -7.884047e-04 1.013000e+02 -1.718856e-04 9.999999e-01 4.370296e-04 1.128841e+00 7.884796e-04 -4.368946e-04 9.999996e-01 8.179618e+01
9.999980e-01 5.216184e-05 -1.994023e-03 1.022230e+02 -5.147059e-05 9.999999e-01 3.465681e-04 1.090471e+00 1.994042e-03 -3.464641e-04 9.999980e-01 8.238811e+01
1.000000e+00 1.294615e-04 -1.905985e-04 1.027398e+02 -1.294632e-04 1.000000e+00 -7.151814e-06 1.053169e+00 1.905973e-04 7.175836e-06 1.000000e+00 8.305160e+01
9.999945e-01 -4.047160e-04 -3.293576e-03 1.028875e+02 4.056930e-04 9.999999e-01 2.958916e-04 1.057902e+00 3.293456e-03 -2.972255e-04 9.999945e-01 8.215665e+01
9.999999e-01 1.345874e-04 -3.265006e-04 1.030740e+02 -1.345910e-04 1.000000e+00 -1.029010e-05 1.063951e+00 3.264989e-04 1.033339e-05 9.999999e-01 8.122940e+01
9.999943e-01 -2.964734e-04 -3.372520e-03 1.035905e+02 2.976173e-04 9.999999e-01 3.385914e-04 1.064371e+00 3.372419e-03 -3.395926e-04 9.999943e-01 8.074385e+01
1.000000e+00 5.003453e-05 -2.309508e-04 1.039606e+02 -5.007133e-05 1.000000e+00 -1.580683e-04 1.068041e+00 2.309427e-04 1.580793e-04 1.000000e+00 8.008658e+01
9.999945e-01 -3.479801e-04 -3.304984e-03 1.041929e+02 3.495919e-04 9.999998e-01 4.870396e-04 1.078013e+00 3.304814e-03 -4.881916e-04 9.999944e-01 7.900864e+01
1.000000e+00 2.027770e-05 -2.454864e-05 1.048067e+02 -2.028354e-05 1.000000e+00 -2.258785e-04 1.089003e+00 2.454380e-05 2.258783e-04 1.000000e+00 7.817215e+01
9.999971e-01 -5.128245e-05 -2.418832e-03 1.060788e+02 5.308282e-05 9.999997e-01 7.441338e-04 1.074275e+00 2.418793e-03 -7.442593e-04 9.999968e-01 7.801331e+01
9.999999e-01 -3.332232e-04 -2.493903e-04 1.067720e+02 3.330906e-04 9.999998e-01 -5.302084e-04 1.084288e+00 2.495666e-04 5.301246e-04 9.999998e-01 7.706215e+01
9.999961e-01 2.917825e-04 -2.785851e-03 1.078786e+02 -2.887043e-04 9.999993e-01 1.105173e-03 1.072565e+00 2.786172e-03 -1.104364e-03 9.999955e-01 7.686197e+01
9.999999e-01 -1.578282e-04 3.932087e-04 1.094612e+02 1.579635e-04 9.999999e-01 -3.448122e-04 1.048354e+00 -3.931545e-04 3.448736e-04 9.999999e-01 7.684776e+01
9.999913e-01 5.242866e-04 -4.135264e-03 1.100894e+02 -5.191389e-04 9.999991e-01 1.245733e-03 1.035327e+00 4.135914e-03 -1.243574e-03 9.999907e-01 7.796881e+01
9.999999e-01 -3.195872e-04 -9.742143e-05 1.103576e+02 3.195047e-04 9.999996e-01 -8.423025e-04 1.030847e+00 9.769034e-05 8.422707e-04 9.999996e-01 7.919999e+01
9.999968e-01 2.876490e-05 -2.535254e-03 1.109677e+02 -2.605447e-05 9.999994e-01 1.069003e-03 1.027053e+00 2.535284e-03 -1.068933e-03 9.999962e-01 7.876601e+01
9.999995e-01 -3.768006e-04 -8.735969e-04 1.112151e+02 3.761388e-04 9.999996e-01 -7.572886e-04 1.038863e+00 8.738816e-04 7.569590e-04 9.999993e-01 7.761814e+01
9.999969e-01 -1.762583e-05 -2.485969e-03 1.117722e+02 2.018168e-05 9.999995e-01 1.027970e-03 1.053169e+00 2.485950e-03 -1.028016e-03 9.999964e-01 7.657282e+01
9.999998e-01 -1.043080e-04 -6.087192e-04 1.129308e+02 1.040101e-04 9.999999e-01 -4.889434e-04 1.048024e+00 6.087698e-04 4.888793e-04 9.999997e-01 7.622526e+01
9.999972e-01 1.333818e-04 -2.371669e-03 1.141991e+02 -1.305788e-04 9.999993e-01 1.181858e-03 1.031164e+00 2.371825e-03 -1.181544e-03 9.999965e-01 7.612439e+01
9.999997e-01 -2.551888e-04 -7.128028e-04 1.155394e+02 2.546817e-04 9.999997e-01 -7.110681e-04 1.028705e+00 7.129838e-04 7.108858e-04 9.999995e-01 7.562661e+01
9.999971e-01 -2.539698e-04 -2.415191e-03 1.160445e+02 2.561190e-04 9.999996e-01 8.894802e-04 1.044756e+00 2.414965e-03 -8.900955e-04 9.999967e-01 7.442373e+01
9.999996e-01 -1.327865e-04 -8.571294e-04 1.163529e+02 1.322320e-04 9.999998e-01 -6.466196e-04 1.055805e+00 8.572149e-04 6.465053e-04 9.999994e-01 7.333736e+01
9.999971e-01 -2.221498e-04 -2.384482e-03 1.171036e+02 2.244286e-04 9.999995e-01 9.553482e-04 1.064689e+00 2.384269e-03 -9.558799e-04 9.999967e-01 7.257536e+01
9.999999e-01 1.663350e-04 -4.748229e-04 1.183321e+02 -1.664914e-04 9.999999e-01 -3.286586e-04 1.052419e+00 4.747680e-04 3.287369e-04 9.999998e-01 7.234430e+01
9.999968e-01 -3.157878e-04 -2.492302e-03 1.197053e+02 3.177800e-04 9.999996e-01 7.988874e-04 1.051766e+00 2.492049e-03 -7.996762e-04 9.999966e-01 7.184949e+01
1.000000e+00 -2.263022e-05 -8.266880e-05 1.206731e+02 2.258863e-05 9.999999e-01 -4.992865e-04 1.052654e+00 8.267985e-05 4.992840e-04 9.999999e-01 7.132354e+01
9.999966e-01 2.618191e-05 -2.625825e-03 1.210834e+02 -2.397109e-05 9.999996e-01 8.418643e-04 1.029634e+00 2.625846e-03 -8.417978e-04 9.999962e-01 7.168253e+01
9.999992e-01 3.660772e-05 -1.263404e-03 1.209870e+02 -3.710880e-05 9.999999e-01 -3.963405e-04 1.020073e+00 1.263389e-03 3.963865e-04 9.999991e-01 7.212698e+01
9.999881e-01 4.858096e-05 -4.877943e-03 1.202088e+02 -4.180476e-05 9.999990e-01 1.389180e-03 1.050969e+00 4.878006e-03 -1.388959e-03 9.999871e-01 7.122450e+01
1.000000e+00 -9.285089e-05 -1.247114e-05 1.198415e+02 9.284232e-05 9.999998e-01 -6.601632e-04 1.063801e+00 1.253220e-05 6.601614e-04 9.999998e-01 7.002352e+01
9.999955e-01 1.581195e-04 -2.988962e-03 1.210689e+02 -1.541826e-04 9.999991e-01 1.317244e-03 1.046306e+00 2.989168e-03 -1.316777e-03 9.999947e-01 6.993696e+01
9.999999e-01 3.633828e-04 3.454799e-04 1.232677e+02 -3.633501e-04 9.999999e-01 -9.549214e-05 1.001923e+00 -3.455148e-04 9.536596e-05 9.999999e-01 7.036317e+01
9.999965e-01 1.432240e-05 -2.654738e-03 1.253921e+02 -1.120669e-05 9.999993e-01 1.173530e-03 9.629005e-01 2.654753e-03 -1.173495e-03 9.999958e-01 7.068259e+01
9.999998e-01 2.696407e-04 5.654665e-04 1.265081e+02 -2.693597e-04 9.999998e-01 -4.975271e-04 9.144955e-01 -5.656008e-04 4.973741e-04 9.999997e-01 7.139699e+01
9.999956e-01 7.526679e-05 -2.960133e-03 1.274993e+02 -7.186028e-05 9.999993e-01 1.150778e-03 8.727436e-01 2.960217e-03 -1.150559e-03 9.999950e-01 7.196598e+01
9.999999e-01 1.576928e-04 3.392461e-04 1.293300e+02 -1.576234e-04 1.000000e+00 -2.057754e-04 8.461375e-01 -3.392788e-04 2.057213e-04 9.999999e-01 7.204486e+01
9.999932e-01 -3.334741e-04 -3.670032e-03 1.301573e+02 3.355336e-04 9.999998e-01 5.604885e-04 8.475296e-01 3.669845e-03 -5.617155e-04 9.999931e-01 7.159813e+01
9.999999e-01 1.785914e-04 3.580545e-04 1.311066e+02 -1.785374e-04 1.000000e+00 -1.516536e-04 8.443883e-01 -3.580818e-04 1.515890e-04 9.999999e-01 7.126447e+01
9.999944e-01 -1.638267e-04 -3.334651e-03 1.323279e+02 1.659923e-04 9.999998e-01 6.490381e-04 8.304507e-01 3.334544e-03 -6.495873e-04 9.999942e-01 7.120704e+01
9.999999e-01 1.769908e-04 4.367854e-04 1.333067e+02 -1.769175e-04 1.000000e+00 -1.685953e-04 8.125583e-01 -4.368155e-04 1.685174e-04 9.999999e-01 7.125758e+01
9.999966e-01 1.319204e-04 -2.595131e-03 1.348503e+02 -1.293352e-04 9.999995e-01 9.962148e-04 7.707160e-01 2.595262e-03 -9.958752e-04 9.999961e-01 7.176595e+01
1.000000e+00 -2.753715e-04 -5.901239e-05 1.356831e+02 2.753290e-04 9.999997e-01 -7.137386e-04 7.590968e-01 5.920868e-05 7.137217e-04 9.999997e-01 7.157054e+01
9.999962e-01 2.655809e-04 -2.736261e-03 1.365010e+02 -2.624600e-04 9.999993e-01 1.140740e-03 7.385241e-01 2.736563e-03 -1.140017e-03 9.999956e-01 7.164764e+01
1.000000e+00 -5.772887e-05 1.390365e-05 1.377530e+02 5.773506e-05 9.999999e-01 -4.689479e-04 7.064395e-01 -1.387681e-05 4.689481e-04 9.999999e-01 7.198492e+01
9.999958e-01 1.811849e-04 -2.899998e-03 1.389703e+02 -1.779477e-04 9.999994e-01 1.116381e-03 6.818529e-01 2.900198e-03 -1.115859e-03 9.999952e-01 7.214037e+01
9.999999e-01 1.903801e-04 4.809724e-04 1.407831e+02 -1.902936e-04 1.000000e+00 -1.806057e-04 6.411299e-01 -4.810070e-04 1.805135e-04 9.999999e-01 7.258543e+01
9.999967e-01 3.751538e-04 -2.526789e-03 1.427435e+02 -3.720442e-04 9.999992e-01 1.230887e-03 5.851303e-01 2.527249e-03 -1.229942e-03 9.999961e-01 7.346519e+01
9.999998e-01 1.536964e-04 -5.311116e-04 1.456024e+02 -1.536613e-04 1.000000e+00 6.675409e-05 5.612716e-01 5.311216e-04 -6.667310e-05 9.999999e-01 7.353207e+01
9.999971e-01 1.375543e-04 -2.390947e-03 1.485588e+02 -1.346934e-04 9.999993e-01 1.196536e-03 5.513811e-01 2.391110e-03 -1.196210e-03 9.999964e-01 7.320062e+01
9.999998e-01 5.719270e-04 2.801086e-04 1.507519e+02 -5.718910e-04 9.999998e-01 -1.297778e-04 4.956335e-01 -2.801830e-04 1.296169e-04 1.000000e+00 7.413558e+01
9.999970e-01 -5.049781e-05 -2.454678e-03 1.524872e+02 5.280050e-05 9.999996e-01 9.378882e-04 4.442927e-01 2.454630e-03 -9.380143e-04 9.999965e-01 7.501452e+01
9.999987e-01 8.383761e-04 -1.366914e-03 1.564261e+02 -8.371454e-04 9.999992e-01 9.009086e-04 4.276274e-01 1.367668e-03 -8.997638e-04 9.999987e-01 7.462950e+01
9.999989e-01 2.431564e-05 -1.504551e-03 1.604502e+02 -2.280434e-05 9.999995e-01 1.004268e-03 3.958617e-01 1.504575e-03 -1.004232e-03 9.999984e-01 7.463318e+01
9.999984e-01 1.817787e-04 -1.807119e-03 1.620964e+02 -1.823367e-04 9.999999e-01 -3.084563e-04 3.806589e-01 1.807062e-03 3.087847e-04 9.999983e-01 7.457578e+01
9.999972e-01 -2.322566e-04 -2.368357e-03 1.635411e+02 2.338125e-04 9.999998e-01 6.565658e-04 3.937499e-01 2.368204e-03 -6.571171e-04 9.999970e-01 7.374408e+01
9.999999e-01 5.183533e-05 -5.259709e-04 1.643619e+02 -5.209392e-05 9.999999e-01 -4.910110e-04 3.827573e-01 5.259451e-04 4.910377e-04 9.999997e-01 7.359218e+01
9.999964e-01 9.553643e-05 -2.668076e-03 1.658977e+02 -9.198683e-05 9.999991e-01 1.330361e-03 3.626283e-01 2.668201e-03 -1.330110e-03 9.999956e-01 7.358468e+01
9.999993e-01 1.215204e-05 -1.210928e-03 1.669965e+02 -1.308876e-05 9.999997e-01 -7.732738e-04 3.562804e-01 1.210918e-03 7.732885e-04 9.999990e-01 7.335937e+01
9.999969e-01 -2.125732e-04 -2.477968e-03 1.672235e+02 2.146371e-04 9.999996e-01 8.325442e-04 3.621520e-01 2.477791e-03 -8.330729e-04 9.999966e-01 7.276361e+01
1.000000e+00 -5.115252e-05 -2.974307e-04 1.677122e+02 5.092867e-05 9.999997e-01 -7.514213e-04 3.564045e-01 2.974688e-04 7.514055e-04 9.999997e-01 7.255522e+01
9.999974e-01 9.481722e-07 -2.295434e-03 1.685572e+02 1.538547e-06 9.999994e-01 1.083182e-03 3.331307e-01 2.295434e-03 -1.083182e-03 9.999968e-01 7.285693e+01
9.999999e-01 9.658665e-05 -3.411173e-04 1.693892e+02 -9.683401e-05 9.999997e-01 -7.241935e-04 3.000254e-01 3.410470e-04 7.242258e-04 9.999997e-01 7.360049e+01
9.999979e-01 6.486913e-05 -2.049525e-03 1.704274e+02 -6.249848e-05 9.999993e-01 1.156560e-03 2.679915e-01 2.049599e-03 -1.156428e-03 9.999972e-01 7.403083e+01
9.999995e-01 -4.009284e-04 -8.624975e-04 1.713663e+02 4.000711e-04 9.999994e-01 -9.936115e-04 2.766778e-01 8.628951e-04 9.932654e-04 9.999991e-01 7.340195e+01
9.999983e-01 7.552939e-05 -1.860659e-03 1.725150e+02 -7.318268e-05 9.999992e-01 1.261075e-03 2.817849e-01 1.860753e-03 -1.260936e-03 9.999975e-01 7.285592e+01
9.999994e-01 -5.197521e-04 -9.374132e-04 1.733587e+02 5.186917e-04 9.999992e-01 -1.130627e-03 2.958902e-01 9.379999e-04 1.130139e-03 9.999989e-01 7.204417e+01
