9.999952e-01 2.555170e-04 -3.077225e-03 8.567735e-01 -2.543488e-04 9.999999e-01 3.800365e-04 -3.072996e-02 3.077321e-03 -3.792527e-04 9.999952e-01 5.453771e-01
9.999999e-01 -1.072107e-04 3.219490e-04 1.800128e+00 1.071990e-04 1.000000e+00 3.617017e-05 -6.151209e-02 -3.219525e-04 -3.613494e-05 9.999999e-01 9.657802e-01
9.999948e-01 1.412995e-04 -3.233585e-03 2.391022e+00 -1.401083e-04 9.999999e-01 3.686127e-04 -8.754644e-02 3.233637e-03 -3.681585e-04 9.999947e-01 1.192591e+00
1.000000e+00 -1.766503e-04 2.427076e-04 3.098085e+00 1.766467e-04 1.000000e+00 1.493088e-05 -1.058740e-01 -2.427099e-04 -1.488729e-05 1.000000e+00 1.223923e+00
9.999959e-01 2.173376e-04 -2.855016e-03 3.865116e+00 -2.162477e-04 9.999999e-01 3.820596e-04 -1.334535e-01 2.855098e-03 -3.814413e-04 9.999959e-01 1.487074e+00
9.999999e-01 -2.661751e-04 2.253046e-04 4.655366e+00 2.661754e-04 1.000000e+00 -1.377710e-06 -1.571139e-01 -2.253039e-04 1.438393e-06 1.000000e+00 1.624626e+00
9.999935e-01 1.184230e-04 -3.593458e-03 5.329312e+00 -1.174217e-04 1.000000e+00 2.788497e-04 -1.575885e-01 3.593490e-03 -2.784266e-04 9.999935e-01 1.197399e+00
9.999995e-01 -6.582509e-04 6.907700e-04 5.942356e+00 6.584606e-04 9.999997e-01 -3.033533e-04 -1.433984e-01 -6.905698e-04 3.038087e-04 9.999997e-01 2.310040e-01
9.999924e-01 2.770756e-04 -3.891286e-03 6.415019e+00 -2.754578e-04 9.999999e-01 4.162954e-04 -1.280527e-01 3.891400e-03 -4.152210e-04 9.999923e-01 -9.242216e-01
9.999992e-01 -3.324314e-04 -1.202491e-03 6.293587e+00 3.323103e-04 9.999999e-01 -1.009293e-04 -1.107002e-01 1.202524e-03 1.005304e-04 9.999993e-01 -7.220764e-01
9.999895e-01 6.424432e-04 -4.530520e-03 6.923804e+00 -6.395709e-04 9.999996e-01 6.353989e-04 -8.843288e-02 4.530926e-03 -6.324954e-04 9.999895e-01 -8.461630e-01
9.999994e-01 -8.050173e-04 -7.185435e-04 7.250211e+00 8.047701e-04 9.999996e-01 -3.442960e-04 -4.568959e-02 7.188207e-04 3.437183e-04 9.999997e-01 -2.582537e+00
9.999953e-01 3.875332e-04 -3.052125e-03 7.436405e+00 -3.862431e-04 9.999998e-01 4.232886e-04 -2.246777e-02 3.052289e-03 -4.221085e-04 9.999953e-01 -3.905058e+00
9.999996e-01 -4.255493e-04 -8.390400e-04 8.242418e+00 4.254354e-04 9.999999e-01 -1.359172e-04 -2.368382e-02 8.390981e-04 1.355609e-04 9.999996e-01 -3.888044e+00
9.999927e-01 4.852863e-04 -3.781313e-03 9.275884e+00 -4.830964e-04 9.999997e-01 5.800273e-04 -1.270207e-02 3.781593e-03 -5.781971e-04 9.999927e-01 -3.670370e+00
9.999998e-01 -2.029417e-04 -5.546461e-04 1.286575e+01 2.030842e-04 9.999999e-01 2.567628e-04 2.384134e-02 5.545943e-04 -2.568747e-04 9.999998e-01 -4.020556e+00
9.999951e-01 -7.578081e-04 -3.041545e-03 1.886131e+01 7.601997e-04 9.999994e-01 7.852287e-04 1.552667e-01 3.040948e-03 -7.875377e-04 9.999951e-01 -7.522523e+00
9.999981e-01 -3.712731e-04 -1.938486e-03 2.477313e+01 3.723756e-04 9.999998e-01 5.683912e-04 3.296791e-01 1.938275e-03 -5.691113e-04 9.999980e-01 -1.176881e+01
9.999871e-01 -5.800860e-04 -5.043848e-03 2.948090e+01 5.855583e-04 9.999992e-01 1.083554e-03 5.166482e-01 5.043215e-03 -1.086495e-03 9.999867e-01 -1.564713e+01
9.999991e-01 -2.013411e-04 -1.351671e-03 3.442000e+01 2.019401e-04 9.999999e-01 4.430383e-04 6.889887e-01 1.351582e-03 -4.433101e-04 9.999990e-01 -1.930409e+01
9.999865e-01 -6.481064e-04 -5.161280e-03 3.947969e+01 6.544265e-04 9.999990e-01 1.222945e-03 8.650656e-01 5.160482e-03 -1.226307e-03 9.999859e-01 -2.313678e+01
9.999999e-01 -3.976723e-04 -2.134312e-04 4.536929e+01 3.977126e-04 9.999999e-01 1.887150e-04 1.051713e+00 2.133565e-04 -1.887991e-04 1.000000e+00 -2.779677e+01
9.999870e-01 -4.901263e-04 -5.081531e-03 5.128595e+01 4.986395e-04 9.999985e-01 1.674197e-03 1.206784e+00 5.080702e-03 -1.676710e-03 9.999857e-01 -3.137970e+01
9.999953e-01 3.342230e-04 -3.049926e-03 5.506131e+01 -3.329621e-04 9.999999e-01 4.139095e-04 1.342786e+00 3.050064e-03 -4.128913e-04 9.999953e-01 -3.293433e+01
9.999859e-01 -5.470948e-04 -5.281092e-03 5.890447e+01 5.533500e-04 9.999991e-01 1.183072e-03 1.513132e+00 5.280440e-03 -1.185979e-03 9.999854e-01 -3.570461e+01
9.999987e-01 -3.576041e-04 -1.574040e-03 6.378041e+01 3.586054e-04 9.999997e-01 6.359123e-04 1.700562e+00 1.573812e-03 -6.364752e-04 9.999986e-01 -4.004419e+01
9.999726e-01 -2.557616e-04 -7.396216e-03 6.844649e+01 2.683991e-04 9.999985e-01 1.707709e-03 1.913550e+00 7.395768e-03 -1.709648e-03 9.999712e-01 -4.417263e+01
9.999969e-01 -2.116545e-04 -2.476218e-03 7.287415e+01 2.140477e-04 9.999995e-01 9.662398e-04 2.124636e+00 2.476013e-03 -9.667661e-04 9.999965e-01 -4.826716e+01
9.999800e-01 -3.356063e-04 -6.320460e-03 7.707336e+01 3.431493e-04 9.999992e-01 1.192399e-03 2.313857e+00 6.320055e-03 -1.194545e-03 9.999793e-01 -5.219481e+01
9.999935e-01 1.797140e-04 -3.594060e-03 8.096872e+01 -1.753771e-04 9.999993e-01 1.206950e-03 2.503713e+00 3.594275e-03 -1.206311e-03 9.999928e-01 -5.507993e+01
9.999755e-01 -1.184996e-04 -6.999524e-03 8.477646e+01 1.296704e-04 9.999987e-01 1.595521e-03 2.696834e+00 6.999325e-03 -1.596390e-03 9.999742e-01 -5.718559e+01
9.999899e-01 3.692594e-04 -4.487652e-03 8.788334e+01 -3.639781e-04 9.999992e-01 1.177583e-03 2.882672e+00 4.488084e-03 -1.175937e-03 9.999892e-01 -5.904732e+01
9.999735e-01 2.713990e-04 -7.272941e-03 9.017950e+01 -2.589992e-04 9.999985e-01 1.705824e-03 3.035859e+00 7.273393e-03 -1.703895e-03 9.999721e-01 -5.923581e+01
9.999914e-01 1.681315e-04 -4.152806e-03 9.306448e+01 -1.636210e-04 9.999994e-01 1.086421e-03 3.218836e+00 4.152987e-03 -1.085731e-03 9.999908e-01 -6.016268e+01
9.999748e-01 2.805036e-04 -7.095683e-03 9.612329e+01 -2.688007e-04 9.999986e-01 1.650214e-03 3.403612e+00 7.096135e-03 -1.648266e-03 9.999735e-01 -6.102198e+01
9.999829e-01 5.934382e-04 -5.819772e-03 9.832980e+01 -5.834712e-04 9.999984e-01 1.714134e-03 3.597562e+00 5.820780e-03 -1.710708e-03 9.999816e-01 -6.102304e+01
9.999747e-01 4.407136e-04 -7.096322e-03 1.002038e+02 -4.301992e-04 9.999988e-01 1.483133e-03 3.777618e+00 7.096967e-03 -1.480043e-03 9.999737e-01 -6.056704e+01
9.999847e-01 5.728706e-04 -5.497334e-03 1.027837e+02 -5.638226e-04 9.999985e-01 1.647293e-03 3.963637e+00 5.498269e-03 -1.644167e-03 9.999835e-01 -6.059793e+01
9.999982e-01 -2.295595e-04 -1.881229e-03 1.086680e+02 2.315049e-04 9.999994e-01 1.034020e-03 4.101512e+00 1.880990e-03 -1.034454e-03 9.999977e-01 -6.187940e+01
9.999821e-01 7.213037e-04 -5.931656e-03 1.139151e+02 -7.086207e-04 9.999975e-01 2.139980e-03 4.209731e+00 5.933185e-03 -2.135737e-03 9.999801e-01 -6.278533e+01
9.999973e-01 -4.032752e-04 -2.268431e-03 1.184659e+02 4.041886e-04 9.999998e-01 4.022702e-04 4.332526e+00 2.268268e-03 -4.031867e-04 9.999973e-01 -6.384830e+01
9.999850e-01 7.507359e-04 -5.432116e-03 1.226916e+02 -7.379462e-04 9.999970e-01 2.356066e-03 4.427293e+00 5.433869e-03 -2.352021e-03 9.999825e-01 -6.388177e+01
9.999890e-01 -2.996120e-04 -4.686670e-03 1.264714e+02 3.028188e-04 9.999997e-01 6.835634e-04 4.567729e+00 4.686464e-03 -6.849758e-04 9.999888e-01 -6.556809e+01
9.999631e-01 8.940919e-04 -8.544049e-03 1.287882e+02 -8.685241e-04 9.999951e-01 2.995695e-03 4.752596e+00 8.546686e-03 -2.988164e-03 9.999590e-01 -6.837491e+01
9.999971e-01 -7.081301e-04 -2.283140e-03 1.304138e+02 7.086137e-04 9.999997e-01 2.110660e-04 4.888013e+00 2.282989e-03 -2.126840e-04 9.999974e-01 -7.075160e+01
9.999842e-01 8.891065e-04 -5.556140e-03 1.332310e+02 -8.787055e-04 9.999979e-01 1.874125e-03 5.006000e+00 5.557795e-03 -1.869212e-03 9.999828e-01 -7.423815e+01
9.999827e-01 -5.211717e-04 -5.865020e-03 1.343213e+02 5.293197e-04 9.999989e-01 1.387807e-03 5.148297e+00 5.864290e-03 -1.390888e-03 9.999818e-01 -7.814911e+01
9.999690e-01 1.385476e-03 -7.745704e-03 1.334792e+02 -1.368329e-03 9.999966e-01 2.218651e-03 5.291469e+00 7.748752e-03 -2.207983e-03 9.999675e-01 -8.141005e+01
9.999840e-01 -2.705300e-04 -5.653607e-03 1.310274e+02 2.734000e-04 9.999998e-01 5.068974e-04 5.404130e+00 5.653469e-03 -5.084357e-04 9.999839e-01 -8.226690e+01
9.999929e-01 1.086621e-03 -3.599922e-03 1.298834e+02 -1.081672e-03 9.999985e-01 1.376427e-03 5.462810e+00 3.601412e-03 -1.372523e-03 9.999926e-01 -8.220188e+01
9.999912e-01 -6.520870e-04 -4.136806e-03 1.301134e+02 6.549592e-04 9.999995e-01 6.930260e-04 5.500776e+00 4.136352e-03 -6.957300e-04 9.999912e-01 -8.295341e+01
9.999989e-01 8.862057e-04 1.202724e-03 1.310538e+02 -8.862009e-04 9.999996e-01 -4.410874e-06 5.473236e+00 -1.202728e-03 3.345710e-06 9.999993e-01 -8.234989e+01
9.999893e-01 -9.833283e-04 -4.529188e-03 1.319448e+02 9.855147e-04 9.999994e-01 4.805633e-04 5.467888e+00 4.528712e-03 -4.850224e-04 9.999896e-01 -8.263901e+01
9.999994e-01 1.063558e-03 -1.609941e-04 1.316227e+02 -1.063542e-03 9.999994e-01 9.552210e-05 5.467651e+00 1.610959e-04 -9.535012e-05 1.000000e+00 -8.263227e+01
9.999906e-01 -1.023007e-03 -4.202453e-03 1.313313e+02 1.024579e-03 9.999994e-01 3.717773e-04 5.468872e+00 4.202070e-03 -3.760803e-04 9.999911e-01 -8.233835e+01
9.999985e-01 1.061970e-03 1.366107e-03 1.315385e+02 -1.061733e-03 9.999994e-01 -1.740172e-04 5.440343e+00 -1.366290e-03 1.725672e-04 9.999991e-01 -8.152910e+01
9.999917e-01 -1.030682e-03 -3.936567e-03 1.318865e+02 1.032533e-03 9.999994e-01 4.680940e-04 5.405239e+00 3.936081e-03 -4.721554e-04 9.999921e-01 -8.066601e+01
9.999994e-01 1.015534e-03 3.710167e-04 1.318734e+02 -1.015490e-03 9.999995e-01 -1.175117e-04 5.392662e+00 -3.711355e-04 1.171355e-04 9.999999e-01 -8.020261e+01
9.999904e-01 -9.027439e-04 -4.293893e-03 1.319096e+02 9.052265e-04 9.999994e-01 5.762946e-04 5.383723e+00 4.293370e-03 -5.801767e-04 9.999906e-01 -7.985891e+01
9.999993e-01 1.030838e-03 -6.488050e-04 1.316374e+02 -1.030821e-03 9.999995e-01 2.685560e-05 5.391231e+00 6.488327e-04 -2.618608e-05 9.999998e-01 -7.981797e+01
9.999889e-01 -9.745073e-04 -4.610972e-03 1.311793e+02 9.774884e-04 9.999993e-01 6.443530e-04 5.405001e+00 4.610341e-03 -6.488538e-04 9.999892e-01 -8.010331e+01
9.999985e-01 1.111376e-03 -1.307098e-03 1.305100e+02 -1.111150e-03 9.999994e-01 1.737920e-04 5.428071e+00 1.307290e-03 -1.723387e-04 9.999991e-01 -8.031721e+01
9.999938e-01 -1.103745e-03 -3.357089e-03 1.303510e+02 1.104977e-03 9.999993e-01 3.652237e-04 5.436653e+00 3.356683e-03 -3.689316e-04 9.999943e-01 -8.062550e+01
9.999987e-01 1.128748e-03 -1.164215e-03 1.302275e+02 -1.128596e-03 9.999994e-01 1.315391e-04 5.442817e+00 1.164363e-03 -1.302243e-04 9.999993e-01 -8.076337e+01
9.999942e-01 -1.105461e-03 -3.209587e-03 1.301738e+02 1.106670e-03 9.999993e-01 3.747838e-04 5.445768e+00 3.209170e-03 -3.783343e-04 9.999948e-01 -8.098108e+01
9.999992e-01 1.226708e-03 -1.395571e-04 1.308802e+02 -1.226686e-03 9.999992e-01 1.552180e-04 5.426756e+00 1.397477e-04 -1.550460e-04 1.000000e+00 -8.090065e+01
9.999946e-01 -9.622136e-04 -3.156606e-03 1.319618e+02 9.637020e-04 9.999994e-01 4.700855e-04 5.400043e+00 3.156152e-03 -4.731257e-04 9.999949e-01 -8.065226e+01
9.999996e-01 8.174982e-04 -4.622131e-04 1.324193e+02 -8.175795e-04 9.999997e-01 -1.761485e-04 5.396346e+00 4.620693e-04 1.765270e-04 9.999999e-01 -8.102305e+01
9.999950e-01 -9.972526e-04 -2.998953e-03 1.329595e+02 9.987426e-04 9.999994e-01 4.954519e-04 5.400437e+00 2.998457e-03 -4.984453e-04 9.999954e-01 -8.165403e+01
9.999996e-01 8.280652e-04 -1.540226e-04 1.337649e+02 -8.280836e-04 9.999996e-01 -1.201339e-04 5.395033e+00 1.539233e-04 1.202620e-04 1.000000e+00 -8.196203e+01
9.999953e-01 -1.057487e-03 -2.865150e-03 1.345312e+02 1.058589e-03 9.999994e-01 3.832789e-04 5.394007e+00 2.864742e-03 -3.863109e-04 9.999958e-01 -8.239891e+01
9.999996e-01 7.896200e-04 -3.913737e-04 1.347568e+02 -7.896695e-04 9.999997e-01 -1.268925e-04 5.396475e+00 3.912737e-04 1.272022e-04 9.999999e-01 -8.320560e+01
9.999946e-01 -1.053205e-03 -3.120065e-03 1.348256e+02 1.054451e-03 9.999994e-01 3.976310e-04 5.401024e+00 3.119644e-03 -4.009195e-04 9.999951e-01 -8.413746e+01
9.999996e-01 7.730006e-04 -3.639941e-04 1.349646e+02 -7.730403e-04 9.999997e-01 -1.096522e-04 5.405865e+00 3.639095e-04 1.099342e-04 9.999999e-01 -8.504983e+01
9.999952e-01 -1.069761e-03 -2.908657e-03 1.351556e+02 1.070833e-03 9.999994e-01 3.669252e-04 5.411627e+00 2.908262e-03 -3.700388e-04 9.999957e-01 -8.595205e+01
9.999994e-01 8.887833e-04 -5.573337e-04 1.354876e+02 -8.888065e-04 9.999996e-01 -4.172350e-05 5.412409e+00 5.572967e-04 4.221953e-05 9.999998e-01 -8.656168e+01
9.999955e-01 -1.204464e-03 -2.754122e-03 1.356479e+02 1.205186e-03 9.999992e-01 2.606443e-04 5.418652e+00 2.753805e-03 -2.639631e-04 9.999962e-01 -8.752718e+01
9.999994e-01 8.959578e-04 -6.664358e-04 1.357626e+02 -8.959256e-04 9.999996e-01 4.829609e-05 5.426597e+00 6.664791e-04 -4.769830e-05 9.999998e-01 -8.863155e+01
9.999954e-01 -1.299056e-03 -2.725624e-03 1.359543e+02 1.299733e-03 9.999991e-01 2.466404e-04 5.439132e+00 2.725301e-03 -2.501826e-04 9.999963e-01 -8.991200e+01
9.999992e-01 9.949415e-04 -7.968311e-04 1.362663e+02 -9.948927e-04 9.999995e-01 6.143769e-05 5.446493e+00 7.968922e-04 -6.064419e-05 9.999997e-01 -9.080285e+01
9.999953e-01 -1.210134e-03 -2.799548e-03 1.366522e+02 1.210857e-03 9.999992e-01 2.567595e-04 5.452250e+00 2.799234e-03 -2.601489e-04 9.999960e-01 -9.154838e+01
9.999987e-01 1.054998e-03 -1.211080e-03 1.365848e+02 -1.054742e-03 9.999994e-01 2.114446e-04 5.459080e+00 1.211302e-03 -2.101662e-04 9.999992e-01 -9.244773e+01
9.999958e-01 -1.157489e-03 -2.639542e-03 1.365430e+02 1.157759e-03 9.999993e-01 1.009460e-04 5.456219e+00 2.639423e-03 -1.040022e-04 9.999965e-01 -9.270349e+01
9.999983e-01 1.073218e-03 -1.510689e-03 1.364707e+02 -1.072791e-03 9.999994e-01 2.832060e-04 5.458478e+00 1.510992e-03 -2.815841e-04 9.999988e-01 -9.297994e+01
9.999938e-01 -1.055857e-03 -3.358754e-03 1.361135e+02 1.056833e-03 9.999994e-01 2.886531e-04 5.468789e+00 3.358447e-03 -2.922017e-04 9.999943e-01 -9.328205e+01
9.999987e-01 1.158866e-03 -1.158120e-03 1.358396e+02 -1.158843e-03 9.999993e-01 2.046276e-05 5.476112e+00 1.158143e-03 -1.911997e-05 9.999993e-01 -9.278364e+01
9.999973e-01 -1.159025e-03 -2.018884e-03 1.365921e+02 1.159444e-03 9.999993e-01 2.063629e-04 5.459489e+00 2.018643e-03 -2.087038e-04 9.999979e-01 -9.245572e+01
9.999967e-01 1.168625e-03 -2.285246e-03 1.365141e+02 -1.168083e-03 9.999993e-01 2.383000e-04 5.463526e+00 2.285524e-03 -2.356292e-04 9.999974e-01 -9.271293e+01
9.999981e-01 -1.140940e-03 -1.576755e-03 1.366600e+02 1.141024e-03 9.999993e-01 5.247149e-05 5.453230e+00 1.576694e-03 -5.427119e-05 9.999988e-01 -9.243178e+01
9.999969e-01 1.150009e-03 -2.188627e-03 1.368242e+02 -1.149744e-03 9.999993e-01 1.220790e-04 5.448075e+00 2.188766e-03 -1.195616e-04 9.999976e-01 -9.208961e+01
9.999977e-01 -1.177447e-03 -1.798184e-03 1.372829e+02 1.177783e-03 9.999993e-01 1.854568e-04 5.450181e+00 1.797964e-03 -1.875749e-04 9.999984e-01 -9.230089e+01
9.999970e-01 1.196158e-03 -2.119845e-03 1.378709e+02 -1.195643e-03 9.999993e-01 2.441682e-04 5.442938e+00 2.120136e-03 -2.416322e-04 9.999977e-01 -9.230921e+01
9.999981e-01 -1.235964e-03 -1.489043e-03 1.380631e+02 1.235975e-03 9.999992e-01 6.273495e-06 5.429295e+00 1.489034e-03 -8.114586e-06 9.999989e-01 -9.189777e+01
9.999970e-01 1.309165e-03 -2.054489e-03 1.382517e+02 -1.308673e-03 9.999991e-01 2.406414e-04 5.414238e+00 2.054802e-03 -2.379513e-04 9.999979e-01 -9.150027e+01
9.999963e-01 -1.293112e-03 -2.386695e-03 1.383603e+02 1.293427e-03 9.999992e-01 1.306980e-04 5.415503e+00 2.386524e-03 -1.337853e-04 9.999971e-01 -9.127155e+01
9.999969e-01 1.397733e-03 -2.041433e-03 1.385829e+02 -1.397055e-03 9.999990e-01 3.333303e-04 5.415288e+00 2.041897e-03 -3.304766e-04 9.999979e-01 -9.118800e+01
9.999971e-01 -1.331998e-03 -2.001428e-03 1.389334e+02 1.332123e-03 9.999991e-01 6.160180e-05 5.407858e+00 2.001343e-03 -6.426845e-05 9.999980e-01 -9.112180e+01
9.999961e-01 1.412178e-03 -2.401971e-03 1.392276e+02 -1.411582e-03 9.999990e-01 2.494979e-04 5.416004e+00 2.402321e-03 -2.461056e-04 9.999971e-01 -9.105584e+01
9.999980e-01 -1.284566e-03 -1.558515e-03 1.402595e+02 1.285140e-03 9.999991e-01 3.677680e-04 5.410768e+00 1.558041e-03 -3.697708e-04 9.999987e-01 -9.117948e+01
9.999980e-01 1.469578e-03 -1.360581e-03 1.413272e+02 -1.469239e-03 9.999989e-01 2.500109e-04 5.389427e+00 1.360947e-03 -2.480107e-04 9.999990e-01 -9.103131e+01
9.999972e-01 -1.409378e-03 -1.892008e-03 1.418060e+02 1.409621e-03 9.999990e-01 1.268773e-04 5.369644e+00 1.891827e-03 -1.295447e-04 9.999982e-01 -9.077087e+01
9.999971e-01 1.407545e-03 -1.937133e-03 1.425532e+02 -1.406981e-03 9.999990e-01 2.922794e-04 5.364972e+00 1.937542e-03 -2.895523e-04 9.999981e-01 -9.093424e+01
9.999971e-01 -1.342993e-03 -2.020443e-03 1.436432e+02 1.343806e-03 9.999990e-01 4.014459e-04 5.359193e+00 2.019902e-03 -4.041605e-04 9.999979e-01 -9.111138e+01
9.999977e-01 1.396843e-03 -1.599333e-03 1.447581e+02 -1.396485e-03 9.999990e-01 2.248627e-04 5.352403e+00 1.599645e-03 -2.226281e-04 9.999987e-01 -9.129772e+01
9.999963e-01 -1.411890e-03 -2.328434e-03 1.452656e+02 1.412217e-03 9.999990e-01 1.391400e-04 5.353535e+00 2.328234e-03 -1.424284e-04 9.999973e-01 -9.126580e+01
9.999968e-01 1.376637e-03 -2.133521e-03 1.456034e+02 -1.376063e-03 9.999990e-01 2.704634e-04 5.369166e+00 2.133891e-03 -2.675260e-04 9.999977e-01 -9.137461e+01
9.999971e-01 -1.511089e-03 -1.895877e-03 1.460342e+02 1.511306e-03 9.999989e-01 1.132154e-04 5.379063e+00 1.895704e-03 -1.160810e-04 9.999982e-01 -9.143036e+01
9.999956e-01 1.456671e-03 -2.596633e-03 1.461880e+02 -1.456150e-03 9.999989e-01 2.023391e-04 5.384112e+00 2.596925e-03 -1.985565e-04 9.999966e-01 -9.123124e+01
9.999984e-01 -1.507042e-03 -9.413866e-04 1.470606e+02 1.507279e-03 9.999988e-01 2.516765e-04 5.377073e+00 9.410059e-04 -2.530957e-04 9.999995e-01 -9.140504e+01
9.999955e-01 1.401253e-03 -2.653342e-03 1.479692e+02 -1.400789e-03 9.999990e-01 1.766764e-04 5.375022e+00 2.653588e-03 -1.729581e-04 9.999965e-01 -9.172202e+01
9.999985e-01 -1.522605e-03 -7.933967e-04 1.487750e+02 1.522714e-03 9.999988e-01 1.376488e-04 5.372145e+00 7.931859e-04 -1.388574e-04 9.999997e-01 -9.194256e+01
9.999953e-01 1.462815e-03 -2.680906e-03 1.494686e+02 -1.462389e-03 9.999989e-01 1.605185e-04 5.366665e+00 2.681139e-03 -1.565966e-04 9.999964e-01 -9.184866e+01
9.999988e-01 -1.385031e-03 -7.053201e-04 1.503763e+02 1.385313e-03 9.999990e-01 4.000789e-04 5.348378e+00 7.047649e-04 -4.010562e-04 9.999997e-01 -9.174175e+01
9.999948e-01 1.480374e-03 -2.852625e-03 1.516922e+02 -1.479467e-03 9.999989e-01 3.199997e-04 5.337982e+00 2.853095e-03 -3.157771e-04 9.999959e-01 -9.192437e+01
9.999985e-01 -1.588913e-03 -6.457135e-04 1.526273e+02 1.588980e-03 9.999987e-01 1.046368e-04 5.335986e+00 6.455462e-04 -1.056633e-04 9.999998e-01 -9.218091e+01
9.999949e-01 1.438615e-03 -2.848942e-03 1.535963e+02 -1.437794e-03 9.999989e-01 2.903461e-04 5.337200e+00 2.849357e-03 -2.862478e-04 9.999959e-01 -9.259819e+01
9.999984e-01 -1.630101e-03 -7.846317e-04 1.544906e+02 1.630152e-03 9.999987e-01 6.475204e-05 5.342829e+00 7.845248e-04 -6.603167e-05 9.999997e-01 -9.311810e+01
9.999949e-01 1.504003e-03 -2.824474e-03 1.554347e+02 -1.502947e-03 9.999988e-01 3.759465e-04 5.344483e+00 2.825037e-03 -3.716988e-04 9.999959e-01 -9.353481e+01
9.999985e-01 -1.603924e-03 -6.899967e-04 1.562676e+02 1.603947e-03 9.999987e-01 3.425103e-05 5.343623e+00 6.899406e-04 -3.535837e-05 9.999998e-01 -9.387499e+01
9.999947e-01 1.516818e-03 -2.887600e-03 1.571097e+02 -1.515726e-03 9.999988e-01 3.801354e-04 5.341699e+00 2.888174e-03 -3.757559e-04 9.999958e-01 -9.419602e+01
9.999985e-01 -1.582566e-03 -6.717519e-04 1.580930e+02 1.582637e-03 9.999987e-01 1.049957e-04 5.339641e+00 6.715846e-04 -1.060594e-04 9.999998e-01 -9.453504e+01
9.999948e-01 1.485951e-03 -2.871266e-03 1.589790e+02 -1.484993e-03 9.999988e-01 3.358615e-04 5.337969e+00 2.871762e-03 -3.315952e-04 9.999958e-01 -9.487874e+01
9.999985e-01 -1.587737e-03 -7.000146e-04 1.598584e+02 1.587806e-03 9.999987e-01 9.766134e-05 5.336617e+00 6.998583e-04 -9.877335e-05 9.999998e-01 -9.522681e+01
9.999956e-01 1.408120e-03 -2.616771e-03 1.605660e+02 -1.407530e-03 9.999990e-01 2.271157e-04 5.335833e+00 2.617088e-03 -2.234309e-04 9.999966e-01 -9.559954e+01
9.999982e-01 -1.624349e-03 -1.000234e-03 1.609865e+02 1.624436e-03 9.999987e-01 8.683625e-05 5.344260e+00 1.000092e-03 -8.846158e-05 9.999995e-01 -9.620038e+01
9.999948e-01 1.492108e-03 -2.843461e-03 1.611493e+02 -1.491494e-03 9.999989e-01 2.182001e-04 5.347028e+00 2.843783e-03 -2.139573e-04 9.999959e-01 -9.642217e+01
9.999982e-01 -1.494342e-03 -1.205343e-03 1.611523e+02 1.494426e-03 9.999989e-01 6.913606e-05 5.344013e+00 1.205238e-03 -7.093790e-05 9.999993e-01 -9.631684e+01
9.999961e-01 1.430050e-03 -2.390426e-03 1.611843e+02 -1.429657e-03 9.999990e-01 1.657336e-04 5.332328e+00 2.390660e-03 -1.623148e-04 9.999971e-01 -9.598292e+01
9.999980e-01 -1.475203e-03 -1.361660e-03 1.611085e+02 1.475268e-03 9.999989e-01 4.652667e-05 5.325447e+00 1.361589e-03 -4.853605e-05 9.999991e-01 -9.557530e+01
9.999966e-01 1.431807e-03 -2.177197e-03 1.610662e+02 -1.431461e-03 9.999990e-01 1.601370e-04 5.315003e+00 2.177424e-03 -1.570192e-04 9.999976e-01 -9.514248e+01
9.999975e-01 -1.427897e-03 -1.695903e-03 1.610015e+02 1.428138e-03 9.999990e-01 1.409953e-04 5.307551e+00 1.695699e-03 -1.434176e-04 9.999986e-01 -9.482960e+01
9.999945e-01 1.447257e-03 -2.992902e-03 1.607394e+02 -1.446218e-03 9.999989e-01 3.492877e-04 5.315290e+00 2.993404e-03 -3.449567e-04 9.999955e-01 -9.488073e+01
9.999971e-01 -1.471178e-03 -1.924697e-03 1.603919e+02 1.471401e-03 9.999989e-01 1.145233e-04 5.335375e+00 1.924526e-03 -1.173556e-04 9.999981e-01 -9.509646e+01
9.999972e-01 1.367727e-03 -1.913404e-03 1.605007e+02 -1.367326e-03 9.999990e-01 2.107070e-04 5.337906e+00 1.913691e-03 -2.080895e-04 9.999981e-01 -9.531471e+01
9.999958e-01 -1.371713e-03 -2.560600e-03 1.602773e+02 1.372102e-03 9.999990e-01 1.502633e-04 5.342491e+00 2.560391e-03 -1.537768e-04 9.999967e-01 -9.509758e+01
9.999963e-01 1.453276e-03 -2.292239e-03 1.599637e+02 -1.452432e-03 9.999989e-01 3.694661e-04 5.349900e+00 2.292773e-03 -3.661347e-04 9.999973e-01 -9.507197e+01
9.999973e-01 -1.558017e-03 -1.698016e-03 1.600710e+02 1.557952e-03 9.999988e-01 -3.939926e-05 5.352817e+00 1.698075e-03 3.675307e-05 9.999986e-01 -9.541215e+01
9.999978e-01 1.378531e-03 -1.558098e-03 1.606075e+02 -1.378085e-03 9.999990e-01 2.874231e-04 5.351848e+00 1.558493e-03 -2.852747e-04 9.999987e-01 -9.580492e+01
9.999945e-01 -1.478491e-03 -2.957449e-03 1.605311e+02 1.479038e-03 9.999989e-01 1.826556e-04 5.361691e+00 2.957175e-03 -1.870294e-04 9.999956e-01 -9.590098e+01
9.999972e-01 1.503071e-03 -1.826548e-03 1.603114e+02 -1.502490e-03 9.999988e-01 3.190286e-04 5.378399e+00 1.827026e-03 -3.162827e-04 9.999983e-01 -9.602063e+01
9.999970e-01 -1.749853e-03 -1.713612e-03 1.609946e+02 1.749878e-03 9.999985e-01 1.319751e-05 5.385420e+00 1.713586e-03 -1.619674e-05 9.999985e-01 -9.659760e+01
9.999972e-01 1.545471e-03 -1.788785e-03 1.617890e+02 -1.544851e-03 9.999987e-01 3.477864e-04 5.393113e+00 1.789321e-03 -3.450213e-04 9.999983e-01 -9.714533e+01
9.999967e-01 -1.701348e-03 -1.919586e-03 1.622994e+02 1.701313e-03 9.999986e-01 -1.945646e-05 5.402350e+00 1.919616e-03 1.618992e-05 9.999982e-01 -9.756097e+01
9.999955e-01 1.624154e-03 -2.509199e-03 1.622735e+02 -1.622864e-03 9.999986e-01 5.159365e-04 5.416855e+00 2.510033e-03 -5.118615e-04 9.999967e-01 -9.788895e+01
9.999978e-01 -1.763733e-03 -1.173468e-03 1.625277e+02 1.763504e-03 9.999984e-01 -1.955929e-04 5.421077e+00 1.173811e-03 1.935224e-04 9.999993e-01 -9.851806e+01
9.999971e-01 1.481109e-03 -1.887051e-03 1.630066e+02 -1.480252e-03 9.999988e-01 4.550749e-04 5.423316e+00 1.887723e-03 -4.522796e-04 9.999981e-01 -9.918506e+01
9.999975e-01 -1.527829e-03 -1.641997e-03 1.636158e+02 1.527665e-03 9.999988e-01 -1.007610e-04 5.417039e+00 1.642148e-03 9.825162e-05 9.999986e-01 -9.933987e+01
9.999970e-01 1.395769e-03 -1.990667e-03 1.641667e+02 -1.394887e-03 9.999989e-01 4.442545e-04 5.417248e+00 1.991285e-03 -4.414758e-04 9.999979e-01 -9.967107e+01
9.999951e-01 -1.370606e-03 -2.813706e-03 1.645943e+02 1.370852e-03 9.999991e-01 8.540525e-05 5.436879e+00 2.813586e-03 -8.926267e-05 9.999960e-01 -1.010187e+02
9.999994e-01 8.854600e-04 -6.386831e-04 1.652505e+02 -8.854313e-04 9.999996e-01 4.470839e-05 5.459792e+00 6.387227e-04 -4.414220e-05 9.999998e-01 -1.021458e+02
9.999953e-01 -1.114843e-03 -2.865436e-03 1.656681e+02 1.115462e-03 9.999994e-01 2.145389e-04 5.465846e+00 2.865195e-03 -2.177349e-04 9.999959e-01 -1.028869e+02
9.999992e-01 9.942637e-04 -7.926589e-04 1.658002e+02 -9.941719e-04 9.999995e-01 1.158069e-04 5.464678e+00 7.927739e-04 -1.150181e-04 9.999997e-01 -1.034559e+02
9.999954e-01 -9.468610e-04 -2.868937e-03 1.660470e+02 9.476595e-04 9.999995e-01 2.770711e-04 5.455596e+00 2.868673e-03 -2.797892e-04 9.999958e-01 -1.033446e+02
9.999989e-01 1.014869e-03 -1.107542e-03 1.661498e+02 -1.014701e-03 9.999995e-01 1.521061e-04 5.451799e+00 1.107696e-03 -1.509815e-04 9.999994e-01 -1.032765e+02
9.999973e-01 -1.050372e-03 -2.085993e-03 1.666396e+02 1.050602e-03 9.999994e-01 1.095744e-04 5.444951e+00 2.085876e-03 -1.117663e-04 9.999978e-01 -1.034611e+02
9.999985e-01 1.096821e-03 -1.333932e-03 1.671268e+02 -1.096505e-03 9.999994e-01 2.377910e-04 5.434156e+00 1.334192e-03 -2.363274e-04 9.999991e-01 -1.034380e+02
9.999967e-01 -1.015469e-03 -2.347945e-03 1.673784e+02 1.015514e-03 9.999995e-01 1.802004e-05 5.415461e+00 2.347925e-03 -2.040500e-05 9.999972e-01 -1.028969e+02
9.999979e-01 1.033577e-03 -1.772853e-03 1.674040e+02 -1.033146e-03 9.999994e-01 2.437140e-04 5.409542e+00 1.773104e-03 -2.418812e-04 9.999984e-01 -1.023432e+02
9.999980e-01 -7.620409e-04 -1.826777e-03 1.679750e+02 7.623089e-04 9.999997e-01 1.461745e-04 5.388266e+00 1.826665e-03 -1.475674e-04 9.999983e-01 -1.018383e+02
9.999951e-01 9.791247e-04 -2.966719e-03 1.677737e+02 -9.788797e-04 9.999995e-01 8.396993e-05 5.400446e+00 2.966800e-03 -8.106481e-05 9.999956e-01 -1.002837e+02
9.999974e-01 -6.068051e-04 -2.182821e-03 1.680478e+02 6.069738e-04 9.999998e-01 7.673762e-05 5.413700e+00 2.182773e-03 -7.806299e-05 9.999976e-01 -9.876266e+01
9.999983e-01 1.112706e-03 -1.475320e-03 1.692854e+02 -1.111916e-03 9.999992e-01 5.356639e-04 5.388032e+00 1.475915e-03 -5.340219e-04 9.999988e-01 -9.810050e+01
9.999967e-01 -7.733157e-04 -2.448155e-03 1.701819e+02 7.736712e-04 9.999997e-01 1.443923e-04 5.363717e+00 2.448042e-03 -1.462866e-04 9.999970e-01 -9.727001e+01
9.999939e-01 7.533597e-04 -3.404417e-03 1.695408e+02 -7.533730e-04 9.999997e-01 -2.717113e-06 5.402019e+00 3.404414e-03 5.282543e-06 9.999942e-01 -9.583810e+01
9.999990e-01 -6.877126e-04 -1.247800e-03 1.693604e+02 6.877527e-04 9.999998e-01 3.199238e-05 5.410010e+00 1.247777e-03 -3.285117e-05 9.999992e-01 -9.456271e+01
9.999947e-01 7.200292e-04 -3.190117e-03 1.692400e+02 -7.198594e-04 9.999997e-01 5.428838e-05 5.410885e+00 3.190156e-03 -5.199100e-05 9.999949e-01 -9.329301e+01
9.999955e-01 -6.913493e-04 -2.918664e-03 1.683473e+02 6.917289e-04 9.999998e-01 1.291675e-04 5.468001e+00 2.918574e-03 -1.311865e-04 9.999957e-01 -9.174503e+01
9.999958e-01 7.295641e-04 -2.804752e-03 1.679665e+02 -7.300993e-04 9.999997e-01 -1.899034e-04 5.497048e+00 2.804613e-03 1.919510e-04 9.999960e-01 -9.042666e+01
9.999999e-01 -3.769816e-04 -1.617942e-04 1.690089e+02 3.771102e-04 9.999996e-01 7.976975e-04 5.462620e+00 1.614932e-04 -7.977591e-04 9.999997e-01 -8.982050e+01
9.999915e-01 4.808491e-04 -4.094561e-03 1.689104e+02 -4.831127e-04 9.999997e-01 -5.519323e-04 5.464974e+00 4.094295e-03 5.539064e-04 9.999915e-01 -8.891493e+01
9.999996e-01 -3.958955e-04 -7.912935e-04 1.686937e+02 3.963851e-04 9.999997e-01 6.190422e-04 5.476284e+00 7.910480e-04 -6.193562e-04 9.999995e-01 -8.769135e+01
9.999974e-01 9.758806e-04 -2.050792e-03 1.698569e+02 -9.761396e-04 9.999995e-01 -1.254237e-04 5.437138e+00 2.050669e-03 1.274259e-04 9.999979e-01 -8.700272e+01
9.999998e-01 -2.830790e-04 -6.108710e-04 1.716961e+02 2.838459e-04 9.999992e-01 1.256196e-03 5.391210e+00 6.105146e-04 -1.256370e-03 9.999990e-01 -8.649155e+01
9.999965e-01 4.857620e-04 -2.589927e-03 1.722099e+02 -4.879410e-04 9.999995e-01 -8.408868e-04 5.355701e+00 2.589518e-03 8.421483e-04 9.999963e-01 -8.543021e+01
9.999978e-01 -4.372169e-04 -2.061417e-03 1.719824e+02 4.394965e-04 9.999993e-01 1.105664e-03 5.368100e+00 2.060932e-03 -1.106568e-03 9.999973e-01 -8.450616e+01
9.999981e-01 6.550732e-04 -1.823078e-03 1.721280e+02 -6.567484e-04 9.999994e-01 -9.186119e-04 5.358868e+00 1.822475e-03 9.198081e-04 9.999979e-01 -8.351193e+01
9.999980e-01 -4.601867e-04 -1.962602e-03 1.723618e+02 4.622175e-04 9.999994e-01 1.034580e-03 5.340224e+00 1.962124e-03 -1.035486e-03 9.999975e-01 -8.233179e+01
9.999972e-01 6.788784e-04 -2.277257e-03 1.725585e+02 -6.810868e-04 9.999993e-01 -9.692387e-04 5.332234e+00 2.276597e-03 9.707876e-04 9.999969e-01 -8.117458e+01
9.999966e-01 -4.722193e-04 -2.565582e-03 1.724485e+02 4.749657e-04 9.999993e-01 1.070090e-03 5.342054e+00 2.565075e-03 -1.071306e-03 9.999961e-01 -7.974043e+01
9.999967e-01 7.054589e-04 -2.471434e-03 1.726007e+02 -7.075111e-04 9.999994e-01 -8.297159e-04 5.345671e+00 2.470847e-03 8.314624e-04 9.999966e-01 -7.826592e+01
9.999971e-01 -5.812718e-04 -2.334117e-03 1.725558e+02 5.838220e-04 9.999992e-01 1.092180e-03 5.354358e+00 2.333480e-03 -1.093541e-03 9.999967e-01 -7.711304e+01
9.999986e-01 1.676440e-03 -2.214553e-04 1.747137e+02 -1.676454e-03 9.999986e-01 -6.481888e-05 5.290492e+00 2.213466e-04 6.519069e-05 1.000000e+00 -7.566752e+01
9.999998e-01 -4.866397e-04 -3.093728e-04 1.778255e+02 4.870900e-04 9.999988e-01 1.458014e-03 5.195103e+00 3.086627e-04 -1.458165e-03 9.999989e-01 -7.384837e+01
9.999913e-01 6.824530e-04 -4.121295e-03 1.777285e+02 -6.865828e-04 9.999993e-01 -1.000815e-03 5.192006e+00 4.120610e-03 1.003637e-03 9.999910e-01 -7.150868e+01
9.999948e-01 -3.358872e-04 -3.195705e-03 1.771070e+02 3.408493e-04 9.999987e-01 1.552398e-03 5.229161e+00 3.195180e-03 -1.553480e-03 9.999937e-01 -7.092962e+01
9.999995e-01 -5.034030e-04 8.280770e-04 1.781550e+02 5.047624e-04 9.999985e-01 -1.641909e-03 5.252807e+00 -8.272490e-04 1.642327e-03 9.999983e-01 -7.208723e+01
9.999850e-01 1.067649e-03 -5.381292e-03 1.801146e+02 -1.052789e-03 9.999956e-01 2.763624e-03 5.239475e+00 5.384218e-03 -2.757917e-03 9.999817e-01 -7.234124e+01
9.999995e-01 -5.052468e-04 8.633760e-04 1.829017e+02 5.065173e-04 9.999988e-01 -1.471539e-03 5.231207e+00 -8.626313e-04 1.471976e-03 9.999985e-01 -7.267779e+01
9.999913e-01 1.843391e-03 -3.753351e-03 1.859268e+02 -1.831855e-03 9.999936e-01 3.074758e-03 5.162787e+00 3.758995e-03 -3.067856e-03 9.999882e-01 -7.116517e+01
9.999973e-01 9.207042e-05 2.334021e-03 1.899030e+02 -8.902694e-05 9.999991e-01 -1.303895e-03 5.063252e+00 -2.334139e-03 1.303684e-03 9.999964e-01 -6.907399e+01
9.999931e-01 1.042779e-03 -3.553983e-03 1.937090e+02 -1.033685e-03 9.999962e-01 2.559837e-03 5.008783e+00 3.556639e-03 -2.556146e-03 9.999904e-01 -6.821202e+01
9.999995e-01 -6.797593e-04 -7.178974e-04 1.958658e+02 6.789430e-04 9.999991e-01 -1.137124e-03 5.002905e+00 7.186700e-04 1.136637e-03 9.999991e-01 -6.831694e+01
9.999745e-01 9.487820e-04 -7.074215e-03 1.947503e+02 -9.388363e-04 9.999986e-01 1.409140e-03 5.098795e+00 7.075542e-03 -1.402463e-03 9.999740e-01 -6.640607e+01
9.999974e-01 -1.199024e-03 -1.934226e-03 1.935514e+02 1.197204e-03 9.999988e-01 -9.418393e-04 5.200480e+00 1.935353e-03 9.395219e-04 9.999977e-01 -6.480441e+01
9.999846e-01 1.253607e-03 -5.409143e-03 1.924417e+02 -1.245887e-03 9.999982e-01 1.430380e-03 5.278310e+00 5.410926e-03 -1.423620e-03 9.999843e-01 -6.359528e+01
9.999952e-01 -1.212605e-03 -2.835647e-03 1.911034e+02 1.210463e-03 9.999990e-01 -7.571035e-04 5.363831e+00 2.836562e-03 7.536681e-04 9.999957e-01 -6.263149e+01
9.999909e-01 1.364942e-03 -4.039490e-03 1.901832e+02 -1.360505e-03 9.999985e-01 1.101025e-03 5.441660e+00 4.040986e-03 -1.095520e-03 9.999912e-01 -6.141331e+01
9.999827e-01 -1.381435e-03 -5.724503e-03 1.884769e+02 1.378116e-03 9.999989e-01 -5.837245e-04 5.587342e+00 5.725303e-03 5.758260e-04 9.999834e-01 -5.923218e+01
9.999706e-01 1.579100e-03 -7.509929e-03 1.855205e+02 -1.570875e-03 9.999982e-01 1.100949e-03 5.819003e+00 7.511654e-03 -1.089120e-03 9.999712e-01 -5.621531e+01
9.999930e-01 -1.752970e-03 -3.312705e-03 1.838589e+02 1.750467e-03 9.999982e-01 -7.582153e-04 5.981053e+00 3.314029e-03 7.524119e-04 9.999942e-01 -5.406328e+01
9.999932e-01 1.802982e-03 -3.227248e-03 1.836321e+02 -1.799341e-03 9.999977e-01 1.130921e-03 6.067010e+00 3.229280e-03 -1.125107e-03 9.999942e-01 -5.314672e+01
9.999812e-01 -2.273705e-03 -5.686757e-03 1.830424e+02 2.270188e-03 9.999972e-01 -6.248496e-04 6.230513e+00 5.688162e-03 6.119285e-04 9.999836e-01 -5.194800e+01
9.999913e-01 2.106835e-03 -3.596731e-03 1.819359e+02 -2.102777e-03 9.999971e-01 1.131772e-03 6.392859e+00 3.599105e-03 -1.124200e-03 9.999929e-01 -5.024203e+01
9.999812e-01 -2.120049e-03 -5.751244e-03 1.803870e+02 2.116383e-03 9.999976e-01 -6.434134e-04 6.514856e+00 5.752594e-03 6.312301e-04 9.999833e-01 -4.837198e+01
9.999953e-01 2.132254e-03 -2.185421e-03 1.791175e+02 -2.130208e-03 9.999973e-01 9.382310e-04 6.606371e+00 2.187416e-03 -9.335719e-04 9.999972e-01 -4.679345e+01
9.999948e-01 -2.062482e-03 -2.465090e-03 1.791981e+02 2.060779e-03 9.999976e-01 -6.932961e-04 6.618536e+00 2.466515e-03 6.882131e-04 9.999967e-01 -4.582131e+01
9.999972e-01 2.188429e-03 -8.996635e-04 1.798940e+02 -2.187521e-03 9.999971e-01 1.008958e-03 6.606791e+00 9.018687e-04 -1.006987e-03 9.999991e-01 -4.510493e+01
9.999924e-01 -2.046022e-03 -3.324589e-03 1.808683e+02 2.043881e-03 9.999977e-01 -6.475079e-04 6.619294e+00 3.325906e-03 6.407085e-04 9.999943e-01 -4.478060e+01
9.999970e-01 1.958759e-03 -1.472314e-03 1.813179e+02 -1.957129e-03 9.999975e-01 1.108204e-03 6.641606e+00 1.474481e-03 -1.105320e-03 9.999983e-01 -4.417236e+01
9.999952e-01 -1.866424e-03 -2.477938e-03 1.814249e+02 1.863978e-03 9.999978e-01 -9.892800e-04 6.634518e+00 2.479779e-03 9.846570e-04 9.999964e-01 -4.331203e+01
9.999972e-01 1.936179e-03 -1.374420e-03 1.815867e+02 -1.934616e-03 9.999975e-01 1.138046e-03 6.623340e+00 1.376620e-03 -1.135385e-03 9.999984e-01 -4.245350e+01
9.999896e-01 -1.489010e-03 -4.310916e-03 1.811953e+02 1.486974e-03 9.999988e-01 -4.754908e-04 6.654550e+00 4.311619e-03 4.690762e-04 9.999906e-01 -4.094266e+01
9.999533e-01 2.761157e-03 -9.258115e-03 1.779815e+02 -2.736400e-03 9.999926e-01 2.685737e-03 6.828202e+00 9.265463e-03 -2.660278e-03 9.999535e-01 -3.856148e+01
9.999953e-01 -2.027377e-03 -2.306918e-03 1.757788e+02 2.024108e-03 9.999969e-01 -1.418745e-03 6.959149e+00 2.309787e-03 1.414069e-03 9.999963e-01 -3.638111e+01
9.999959e-01 2.672219e-03 -9.903770e-04 1.781449e+02 -2.669668e-03 9.999931e-01 2.568553e-03 6.936182e+00 9.972337e-04 -2.565899e-03 9.999962e-01 -3.614775e+01
9.999947e-01 -2.486575e-03 -2.096329e-03 1.807425e+02 2.483582e-03 9.999959e-01 -1.429402e-03 6.930505e+00 2.099875e-03 1.424188e-03 9.999968e-01 -3.641690e+01
9.999963e-01 2.348444e-03 -1.346796e-03 1.827570e+02 -2.345632e-03 9.999951e-01 2.085968e-03 6.945374e+00 1.351688e-03 -2.082802e-03 9.999969e-01 -3.709219e+01
9.999956e-01 -2.299476e-03 -1.896889e-03 1.839177e+02 2.296823e-03 9.999964e-01 -1.399860e-03 6.937275e+00 1.900102e-03 1.395497e-03 9.999972e-01 -3.724670e+01
9.999963e-01 2.425044e-03 -1.232401e-03 1.845286e+02 -2.422764e-03 9.999954e-01 1.848533e-03 6.911238e+00 1.236878e-03 -1.845541e-03 9.999975e-01 -3.699576e+01
9.999954e-01 -2.305368e-03 -1.974101e-03 1.850408e+02 2.302519e-03 9.999963e-01 -1.444672e-03 6.884031e+00 1.977425e-03 1.440121e-03 9.999970e-01 -3.667994e+01
9.999965e-01 2.406394e-03 -1.102050e-03 1.855231e+02 -2.404356e-03 9.999954e-01 1.846796e-03 6.854536e+00 1.106489e-03 -1.844140e-03 9.999977e-01 -3.625632e+01
9.999963e-01 -2.107613e-03 -1.746382e-03 1.868340e+02 2.105521e-03 9.999971e-01 -1.199111e-03 6.824198e+00 1.748904e-03 1.195430e-03 9.999978e-01 -3.591714e+01
9.999931e-01 2.276491e-03 -2.935929e-03 1.866488e+02 -2.271875e-03 9.999962e-01 1.574833e-03 6.835533e+00 2.939503e-03 -1.568153e-03 9.999945e-01 -3.463334e+01
9.999933e-01 -2.175347e-03 -2.931423e-03 1.864073e+02 2.170911e-03 9.999965e-01 -1.515797e-03 6.862540e+00 2.934710e-03 1.509423e-03 9.999946e-01 -3.320972e+01
9.999969e-01 2.459142e-03 -3.795140e-04 1.881367e+02 -2.458236e-03 9.999942e-01 2.370069e-03 6.848835e+00 3.853399e-04 -2.369129e-03 9.999971e-01 -3.322860e+01
9.999926e-01 -2.248500e-03 -3.113068e-03 1.897310e+02 2.243952e-03 9.999964e-01 -1.463727e-03 6.836280e+00 3.116349e-03 1.456731e-03 9.999941e-01 -3.332041e+01
9.999967e-01 2.554225e-03 1.791691e-05 1.908689e+02 -2.554258e-03 9.999946e-01 2.076406e-03 6.808047e+00 -1.261339e-05 -2.076446e-03 9.999978e-01 -3.303152e+01
9.999930e-01 -2.202275e-03 -3.024858e-03 1.921252e+02 2.198237e-03 9.999967e-01 -1.337708e-03 6.776413e+00 3.027794e-03 1.331050e-03 9.999945e-01 -3.270945e+01
9.999968e-01 2.524868e-03 2.099372e-04 1.930091e+02 -2.525244e-03 9.999952e-01 1.808504e-03 6.737458e+00 -2.053701e-04 -1.809029e-03 9.999983e-01 -3.202437e+01
9.999914e-01 -2.246003e-03 -3.500611e-03 1.936037e+02 2.240612e-03 9.999963e-01 -1.543074e-03 6.708574e+00 3.504064e-03 1.535218e-03 9.999927e-01 -3.113996e+01
9.999966e-01 2.578052e-03 4.660465e-04 1.944278e+02 -2.578933e-03 9.999949e-01 1.899640e-03 6.677389e+00 -4.611469e-04 -1.900836e-03 9.999981e-01 -3.048980e+01
9.999899e-01 -2.245822e-03 -3.893667e-03 1.953019e+02 2.240327e-03 9.999965e-01 -1.415339e-03 6.652714e+00 3.896832e-03 1.406603e-03 9.999914e-01 -2.997543e+01
9.999968e-01 2.500485e-03 3.760384e-04 1.960795e+02 -2.501169e-03 9.999952e-01 1.829249e-03 6.632071e+00 -3.714628e-04 -1.830185e-03 9.999983e-01 -2.950305e+01
9.999897e-01 -2.224932e-03 -3.968357e-03 1.968803e+02 2.219750e-03 9.999967e-01 -1.309711e-03 6.611888e+00 3.971258e-03 1.300889e-03 9.999913e-01 -2.903022e+01
9.999969e-01 2.422529e-03 5.526341e-04 1.974200e+02 -2.423446e-03 9.999957e-01 1.665239e-03 6.585878e+00 -5.485978e-04 -1.666574e-03 9.999985e-01 -2.831393e+01
9.999894e-01 -2.267946e-03 -3.997943e-03 1.978658e+02 2.262479e-03 9.999965e-01 -1.371632e-03 6.565056e+00 4.001040e-03 1.362573e-03 9.999911e-01 -2.793071e+01
9.999979e-01 2.055510e-03 1.373085e-04 1.992181e+02 -2.055736e-03 9.999965e-01 1.665950e-03 6.592018e+00 -1.338838e-04 -1.666229e-03 9.999986e-01 -2.891756e+01
9.999916e-01 -2.072901e-03 -3.532531e-03 2.002771e+02 2.069320e-03 9.999973e-01 -1.017283e-03 6.589354e+00 3.534631e-03 1.009965e-03 9.999932e-01 -2.928030e+01
9.999974e-01 2.244962e-03 4.063043e-04 2.010531e+02 -2.245563e-03 9.999964e-01 1.484384e-03 6.564815e+00 -4.029706e-04 -1.485293e-03 9.999988e-01 -2.905271e+01
9.999920e-01 -1.903387e-03 -3.505836e-03 2.020206e+02 1.900512e-03 9.999979e-01 -8.232746e-04 6.528679e+00 3.507395e-03 8.166057e-04 9.999935e-01 -2.856431e+01
9.999977e-01 2.102085e-03 3.970541e-04 2.025925e+02 -2.102581e-03 9.999970e-01 1.252134e-03 6.495892e+00 -3.944210e-04 -1.252967e-03 9.999991e-01 -2.771377e+01
9.999902e-01 -1.960961e-03 -3.973123e-03 2.028551e+02 1.956862e-03 9.999975e-01 -1.035447e-03 6.474079e+00 3.975144e-03 1.027663e-03 9.999916e-01 -2.666674e+01
9.999980e-01 2.006201e-03 1.872172e-04 2.029515e+02 -2.006427e-03 9.999972e-01 1.214639e-03 6.456770e+00 -1.847800e-04 -1.215013e-03 9.999992e-01 -2.554513e+01
9.999874e-01 -2.029006e-03 -4.591991e-03 2.027194e+02 2.024077e-03 9.999974e-01 -1.077725e-03 6.458944e+00 4.594166e-03 1.068418e-03 9.999889e-01 -2.418807e+01
9.999960e-01 2.380901e-03 1.549192e-03 2.033827e+02 -2.382892e-03 9.999963e-01 1.284102e-03 6.424096e+00 -1.546129e-03 -1.287789e-03 9.999980e-01 -2.312205e+01
9.999889e-01 -2.028913e-03 -4.252780e-03 2.043713e+02 2.026039e-03 9.999977e-01 -6.801874e-04 6.383447e+00 4.254151e-03 6.715641e-04 9.999907e-01 -2.246438e+01
9.999986e-01 1.601308e-03 4.687551e-04 2.079842e+02 -1.601648e-03 9.999985e-01 7.237679e-04 6.480283e+00 -4.675955e-04 -7.245183e-04 9.999996e-01 -2.523577e+01
9.999879e-01 -3.494824e-03 -3.461621e-03 2.136936e+02 3.496109e-03 9.999938e-01 3.649598e-04 6.671338e+00 3.460324e-03 -3.770570e-04 9.999939e-01 -3.102585e+01
9.999964e-01 2.508327e-03 -9.704998e-04 2.183187e+02 -2.507186e-03 9.999962e-01 1.175057e-03 6.791623e+00 9.734433e-04 -1.172620e-03 9.999988e-01 -3.444657e+01
