9.999909e-01 3.829584e-04 -4.243860e-03 1.873926e-01 -3.799563e-04 9.999997e-01 7.082049e-04 3.661548e-02 4.244130e-03 -7.065867e-04 9.999907e-01 -1.662469e+00
9.999967e-01 -8.920787e-05 2.559120e-03 1.394662e+00 8.970945e-05 1.000000e+00 -1.958733e-04 1.093103e-01 -2.559103e-03 1.961029e-04 9.999967e-01 -5.030933e+00
9.999867e-01 8.669018e-05 -5.161874e-03 2.361659e+00 -8.326178e-05 9.999998e-01 6.643946e-04 1.331290e-01 5.161930e-03 -6.639566e-04 9.999865e-01 -6.248422e+00
9.999976e-01 -8.512942e-05 2.207102e-03 2.866125e+00 8.568152e-05 1.000000e+00 -2.500419e-04 1.114553e-01 -2.207080e-03 2.502311e-04 9.999975e-01 -5.501035e+00
9.999854e-01 2.158367e-04 -5.408021e-03 2.988248e+00 -2.124204e-04 9.999998e-01 6.322929e-04 1.003318e-01 5.408156e-03 -6.311356e-04 9.999852e-01 -4.586492e+00
9.999977e-01 -1.849378e-04 2.123642e-03 3.153596e+00 1.856492e-04 9.999999e-01 -3.347925e-04 8.879205e-02 -2.123579e-03 3.351867e-04 9.999977e-01 -4.027054e+00
9.999871e-01 1.920615e-04 -5.070084e-03 3.459873e+00 -1.888362e-04 9.999998e-01 6.366277e-04 6.634907e-02 5.070205e-03 -6.356628e-04 9.999869e-01 -3.479527e+00
9.999980e-01 -1.309104e-04 1.976819e-03 3.993084e+00 1.312664e-04 1.000000e+00 -1.799548e-04 4.421761e-02 -1.976795e-03 1.802147e-04 9.999980e-01 -2.959391e+00
9.999876e-01 3.097398e-04 -4.972897e-03 3.846654e+00 -3.074137e-04 9.999998e-01 4.685337e-04 3.876924e-02 4.973041e-03 -4.669999e-04 9.999875e-01 -1.811770e+00
9.999997e-01 8.436585e-05 7.295869e-04 3.526593e+00 -8.474680e-05 9.999999e-01 5.221772e-04 5.803314e-02 -7.295424e-04 -5.222382e-04 9.999996e-01 -1.187658e+00
9.999878e-01 2.918064e-04 -4.940698e-03 3.198176e+00 -2.900462e-04 9.999999e-01 3.569746e-04 8.180409e-02 4.940802e-03 -3.555379e-04 9.999877e-01 -3.723081e-01
9.999999e-01 2.544556e-06 5.153332e-04 3.162730e+00 -2.864108e-06 9.999998e-01 6.201596e-04 9.262834e-02 -5.153312e-04 -6.201602e-04 9.999997e-01 -2.642743e-01
9.999919e-01 1.658322e-04 -4.019337e-03 3.921928e+00 -1.665732e-04 1.000000e+00 -1.840113e-04 1.134384e-01 4.019306e-03 1.846786e-04 9.999919e-01 -1.413267e+00
9.999995e-01 -1.286805e-05 1.041700e-03 4.692738e+00 1.205627e-05 9.999997e-01 7.793194e-04 1.423965e-01 -1.041709e-03 -7.793057e-04 9.999992e-01 -2.886191e+00
9.999908e-01 1.023533e-04 -4.281148e-03 5.364879e+00 -1.034925e-04 1.000000e+00 -2.658782e-04 1.373612e-01 4.281120e-03 2.663181e-04 9.999908e-01 -2.818328e+00
9.999997e-01 8.695750e-05 7.904162e-04 5.912481e+00 -8.770328e-05 9.999996e-01 9.435890e-04 1.293263e-01 -7.903334e-04 -9.436574e-04 9.999992e-01 -2.213077e+00
9.999933e-01 -3.789212e-05 -3.658195e-03 6.540133e+00 3.650087e-05 9.999999e-01 -3.803648e-04 1.134009e-01 3.658209e-03 3.802280e-04 9.999932e-01 -1.617836e+00
9.999997e-01 4.654007e-05 7.720000e-04 7.325916e+00 -4.716034e-05 9.999997e-01 8.035190e-04 9.256851e-02 -7.719620e-04 -8.035544e-04 9.999994e-01 -1.209818e+00
9.999907e-01 8.027117e-05 -4.322204e-03 7.479281e+00 -8.222486e-05 9.999999e-01 -4.518268e-04 8.803173e-02 4.322167e-03 4.521773e-04 9.999906e-01 -4.670885e-01
9.999994e-01 1.413138e-05 1.126326e-03 8.082239e+00 -1.511820e-05 9.999996e-01 8.761786e-04 6.609210e-02 -1.126313e-03 -8.761943e-04 9.999990e-01 3.783694e-01
9.999909e-01 1.459215e-04 -4.262259e-03 8.572634e+00 -1.473776e-04 9.999999e-01 -3.413023e-04 5.103394e-02 4.262209e-03 3.419266e-04 9.999909e-01 1.290696e+00
9.999993e-01 6.641232e-05 1.146364e-03 8.892823e+00 -6.752578e-05 9.999995e-01 9.713301e-04 3.837067e-02 -1.146298e-03 -9.714061e-04 9.999989e-01 2.508614e+00
9.999908e-01 1.253116e-04 -4.289761e-03 9.945964e+00 -1.271958e-04 9.999999e-01 -4.389505e-04 3.838622e-02 4.289705e-03 4.394913e-04 9.999907e-01 2.636561e+00
9.999968e-01 -6.248794e-05 2.517324e-03 1.191194e+01 6.002571e-05 9.999995e-01 9.781974e-04 3.018835e-02 -2.517384e-03 -9.780424e-04 9.999964e-01 2.355484e+00
9.999862e-01 1.757620e-04 -5.251123e-03 1.261510e+01 -1.769299e-04 1.000000e+00 -2.219333e-04 5.401080e-03 5.251084e-03 2.228586e-04 9.999862e-01 3.376248e+00
9.999971e-01 -8.057387e-05 2.399881e-03 1.373393e+01 7.873309e-05 9.999997e-01 7.671343e-04 -1.202039e-02 -2.399942e-03 -7.669424e-04 9.999968e-01 3.740484e+00
9.999933e-01 5.485188e-05 -3.652789e-03 1.580146e+01 -5.506551e-05 1.000000e+00 -5.837077e-05 -4.538768e-02 3.652786e-03 5.857081e-05 9.999933e-01 4.099636e+00
9.999988e-01 -3.931319e-05 1.557006e-03 1.694144e+01 3.840471e-05 9.999998e-01 5.835414e-04 -9.130399e-02 -1.557028e-03 -5.834802e-04 9.999986e-01 5.287878e+00
9.999920e-01 1.116587e-04 -4.004077e-03 1.801390e+01 -1.120586e-04 1.000000e+00 -9.962908e-05 -1.233019e-01 4.004066e-03 1.000763e-04 9.999920e-01 5.990452e+00
9.999990e-01 -5.807273e-05 1.386278e-03 1.873265e+01 5.726451e-05 9.999998e-01 5.830855e-04 -1.444040e-01 -1.386311e-03 -5.830048e-04 9.999989e-01 6.700796e+00
9.999891e-01 2.454647e-04 -4.664384e-03 1.894824e+01 -2.463360e-04 1.000000e+00 -1.862140e-04 -1.564258e-01 4.664338e-03 1.873602e-04 9.999891e-01 7.631614e+00
9.999989e-01 -1.576859e-04 1.440814e-03 1.943849e+01 1.568286e-04 9.999998e-01 5.951532e-04 -1.744345e-01 -1.440907e-03 -5.949259e-04 9.999988e-01 8.345874e+00
9.999896e-01 3.045888e-04 -4.551662e-03 1.975282e+01 -3.054057e-04 9.999999e-01 -1.787578e-04 -1.899187e-01 4.551607e-03 1.801453e-04 9.999896e-01 9.256013e+00
9.999991e-01 -2.068841e-04 1.311529e-03 1.985979e+01 2.060840e-04 9.999998e-01 6.101756e-04 -2.010996e-01 -1.311655e-03 -6.099041e-04 9.999990e-01 9.763930e+00
9.999902e-01 3.147201e-04 -4.407836e-03 2.009368e+01 -3.158048e-04 9.999999e-01 -2.453737e-04 -2.163460e-01 4.407758e-03 2.467626e-04 9.999903e-01 1.037080e+01
9.999996e-01 -1.589937e-04 8.601721e-04 1.994825e+01 1.584257e-04 9.999998e-01 6.603237e-04 -2.181129e-01 -8.602765e-04 -6.601865e-04 9.999994e-01 1.095034e+01
9.999893e-01 3.500864e-04 -4.623229e-03 1.977313e+01 -3.507243e-04 9.999999e-01 -1.371405e-04 -2.120821e-01 4.623180e-03 1.387598e-04 9.999893e-01 1.158779e+01
9.999996e-01 -1.281895e-04 8.963960e-04 1.961463e+01 1.275702e-04 9.999998e-01 6.909620e-04 -2.062394e-01 -8.964840e-04 -6.908466e-04 9.999994e-01 1.234803e+01
9.999875e-01 3.955192e-04 -4.980587e-03 1.921160e+01 -3.953749e-04 9.999999e-01 2.996221e-05 -1.946847e-01 4.980598e-03 -2.799335e-05 9.999876e-01 1.270894e+01
9.999997e-01 -1.451604e-04 7.341398e-04 1.876383e+01 1.446161e-04 9.999997e-01 7.414742e-04 -1.818281e-01 -7.342469e-04 -7.413671e-04 9.999995e-01 1.289554e+01
9.999895e-01 3.184306e-04 -4.565624e-03 1.842147e+01 -3.191291e-04 9.999999e-01 -1.522384e-04 -1.764217e-01 4.565575e-03 1.536932e-04 9.999896e-01 1.321144e+01
9.999997e-01 -2.212451e-04 7.910288e-04 1.823669e+01 2.206708e-04 9.999997e-01 7.261393e-04 -1.773707e-01 -7.911889e-04 -7.259638e-04 9.999994e-01 1.332208e+01
9.999917e-01 2.361285e-04 -4.059592e-03 1.832441e+01 -2.377664e-04 9.999999e-01 -4.029724e-04 -1.927311e-01 4.059497e-03 4.039336e-04 9.999917e-01 1.374698e+01
9.999998e-01 -2.112543e-04 5.954483e-04 1.839829e+01 2.107981e-04 9.999997e-01 7.662514e-04 -2.037358e-01 -5.956096e-04 -7.661250e-04 9.999995e-01 1.411642e+01
9.999913e-01 2.481054e-04 -4.157604e-03 1.867663e+01 -2.496856e-04 9.999999e-01 -3.795347e-04 -2.175004e-01 4.157509e-03 3.805688e-04 9.999913e-01 1.453254e+01
9.999998e-01 -1.821976e-04 6.194815e-04 1.860574e+01 1.816835e-04 9.999996e-01 8.300670e-04 -2.232163e-01 -6.196322e-04 -8.299536e-04 9.999995e-01 1.471643e+01
9.999912e-01 3.023689e-04 -4.190186e-03 1.850095e+01 -3.037220e-04 9.999999e-01 -3.222799e-04 -2.271847e-01 4.190087e-03 3.235490e-04 9.999912e-01 1.510520e+01
1.000000e+00 -1.167581e-04 1.959366e-04 1.817714e+01 1.165680e-04 9.999995e-01 9.704396e-04 -2.220414e-01 -1.960495e-04 -9.704161e-04 9.999995e-01 1.530488e+01
9.999945e-01 1.280778e-04 -3.317789e-03 1.821254e+01 -1.303991e-04 9.999997e-01 -6.994301e-04 -2.377894e-01 3.317699e-03 6.998582e-04 9.999943e-01 1.586006e+01
1.000000e+00 -1.380635e-04 8.762673e-05 1.826759e+01 1.379742e-04 9.999995e-01 1.019156e-03 -2.524702e-01 -8.776705e-05 -1.019143e-03 9.999995e-01 1.621560e+01
9.999937e-01 1.726107e-04 -3.541826e-03 1.829608e+01 -1.747371e-04 9.999998e-01 -6.000282e-04 -2.595603e-01 3.541721e-03 6.006426e-04 9.999935e-01 1.621866e+01
1.000000e+00 -1.410971e-04 2.600805e-04 1.833366e+01 1.408408e-04 9.999995e-01 9.857728e-04 -2.705975e-01 -2.602191e-04 -9.857355e-04 9.999995e-01 1.641107e+01
9.999931e-01 2.267802e-04 -3.715274e-03 1.820773e+01 -2.287498e-04 9.999998e-01 -5.296878e-04 -2.759500e-01 3.715153e-03 5.305333e-04 9.999930e-01 1.648011e+01
9.999998e-01 -2.026536e-04 6.364485e-04 1.832900e+01 2.020953e-04 9.999996e-01 8.773099e-04 -2.809467e-01 -6.366257e-04 -8.771803e-04 9.999994e-01 1.602765e+01
9.999945e-01 1.937330e-04 -3.314780e-03 1.871660e+01 -1.957352e-04 9.999998e-01 -6.036865e-04 -2.910067e-01 3.314662e-03 6.043313e-04 9.999943e-01 1.583593e+01
9.999998e-01 -1.561126e-04 6.629903e-04 1.950005e+01 1.554324e-04 9.999995e-01 1.025987e-03 -3.172826e-01 -6.631497e-04 -1.025883e-03 9.999993e-01 1.613190e+01
9.999953e-01 1.635826e-04 -3.070730e-03 2.030173e+01 -1.655904e-04 9.999998e-01 -6.535863e-04 -3.382159e-01 3.070622e-03 6.540910e-04 9.999951e-01 1.623716e+01
9.999999e-01 -1.153529e-04 -3.064685e-04 2.040894e+01 1.156543e-04 9.999995e-01 9.831248e-04 -3.491316e-01 3.063552e-04 -9.831595e-04 9.999995e-01 1.672685e+01
9.999936e-01 1.700649e-04 -3.587429e-03 2.043406e+01 -1.722914e-04 9.999998e-01 -6.203160e-04 -3.547162e-01 3.587323e-03 6.209293e-04 9.999934e-01 1.701571e+01
9.999998e-01 -1.783610e-04 5.764944e-04 2.078355e+01 1.777721e-04 9.999995e-01 1.021516e-03 -3.650380e-01 -5.766759e-04 -1.021412e-03 9.999993e-01 1.683468e+01
9.999949e-01 1.833670e-04 -3.177123e-03 2.171619e+01 -1.853732e-04 9.999998e-01 -6.311456e-04 -3.819509e-01 3.177006e-03 6.317307e-04 9.999948e-01 1.709550e+01
9.999999e-01 -5.757382e-05 -4.991298e-04 2.153105e+01 5.814702e-05 9.999993e-01 1.148283e-03 -3.826318e-01 4.990637e-04 -1.148311e-03 9.999992e-01 1.746237e+01
9.999962e-01 4.779057e-05 -2.763512e-03 2.169306e+01 -5.011461e-05 9.999996e-01 -8.408791e-04 -3.971908e-01 2.763470e-03 8.410137e-04 9.999958e-01 1.750407e+01
1.000000e+00 -7.297758e-05 -2.391612e-05 2.190944e+01 7.300372e-05 9.999994e-01 1.090919e-03 -4.107391e-01 2.383682e-05 -1.090920e-03 9.999994e-01 1.740062e+01
9.999969e-01 1.480793e-05 -2.492405e-03 2.224196e+01 -1.678922e-05 9.999997e-01 -7.948749e-04 -4.294880e-01 2.492392e-03 7.949136e-04 9.999966e-01 1.760277e+01
9.999997e-01 1.042654e-05 -7.325627e-04 2.226492e+01 -9.624360e-06 9.999994e-01 1.094901e-03 -4.421458e-01 7.325740e-04 -1.094893e-03 9.999991e-01 1.810837e+01
9.999960e-01 1.396898e-04 -2.826545e-03 2.204198e+01 -1.418040e-04 9.999997e-01 -7.477421e-04 -4.401944e-01 2.826440e-03 7.481392e-04 9.999957e-01 1.877804e+01
9.999997e-01 -3.972371e-05 -7.437531e-04 2.187730e+01 4.062176e-05 9.999993e-01 1.207355e-03 -4.429975e-01 7.437049e-04 -1.207384e-03 9.999990e-01 1.919895e+01
9.999963e-01 1.523904e-04 -2.722591e-03 2.192444e+01 -1.546788e-04 9.999996e-01 -8.403099e-04 -4.493144e-01 2.722462e-03 8.407272e-04 9.999959e-01 1.992360e+01
9.999990e-01 8.159566e-05 -1.404762e-03 2.147610e+01 -7.951152e-05 9.999989e-01 1.483543e-03 -4.377952e-01 1.404882e-03 -1.483429e-03 9.999979e-01 2.025337e+01
9.999966e-01 1.364392e-04 -2.590429e-03 2.105932e+01 -1.386285e-04 9.999996e-01 -8.449457e-04 -4.320961e-01 2.590312e-03 8.453012e-04 9.999963e-01 2.054706e+01
9.999997e-01 -4.043632e-05 -7.971923e-04 2.112209e+01 4.141043e-05 9.999993e-01 1.221815e-03 -4.419892e-01 7.971426e-04 -1.221847e-03 9.999989e-01 2.122038e+01
9.999975e-01 1.151662e-04 -2.250058e-03 2.111197e+01 -1.173899e-04 9.999995e-01 -9.881533e-04 -4.567508e-01 2.249942e-03 9.884143e-04 9.999970e-01 2.200094e+01
9.999994e-01 3.566229e-05 -1.084324e-03 2.095331e+01 -3.414881e-05 9.999990e-01 1.395674e-03 -4.622005e-01 1.084373e-03 -1.395635e-03 9.999984e-01 2.265960e+01
9.999967e-01 1.776209e-04 -2.582184e-03 2.062083e+01 -1.799208e-04 9.999996e-01 -8.904238e-04 -4.568516e-01 2.582024e-03 8.908847e-04 9.999963e-01 2.329483e+01
9.999998e-01 -3.402228e-05 -5.821495e-04 2.045571e+01 3.473855e-05 9.999992e-01 1.230241e-03 -4.581571e-01 5.821075e-04 -1.230260e-03 9.999991e-01 2.435740e+01
9.999961e-01 1.909724e-04 -2.774931e-03 2.059621e+01 -1.930202e-04 9.999997e-01 -7.376922e-04 -4.661693e-01 2.774789e-03 7.382242e-04 9.999959e-01 2.515094e+01
9.999999e-01 -8.610517e-05 -4.641800e-04 2.083359e+01 8.665622e-05 9.999993e-01 1.187013e-03 -4.791964e-01 4.640778e-04 -1.187052e-03 9.999992e-01 2.569551e+01
9.999964e-01 1.618895e-04 -2.689909e-03 2.105743e+01 -1.640547e-04 9.999997e-01 -8.046940e-04 -4.970384e-01 2.689778e-03 8.051317e-04 9.999961e-01 2.631002e+01
9.999999e-01 -1.262837e-04 -3.894783e-04 2.109764e+01 1.267184e-04 9.999994e-01 1.116001e-03 -5.121811e-01 3.893375e-04 -1.116050e-03 9.999993e-01 2.681084e+01
9.999951e-01 2.937416e-04 -3.114083e-03 2.083297e+01 -2.959775e-04 9.999997e-01 -7.175185e-04 -5.092069e-01 3.113871e-03 7.184360e-04 9.999949e-01 2.746091e+01
1.000000e+00 -2.104929e-04 -4.366352e-05 2.077309e+01 2.105371e-04 9.999995e-01 1.012900e-03 -5.190176e-01 4.345062e-05 -1.012908e-03 9.999995e-01 2.817069e+01
9.999937e-01 2.925135e-04 -3.540213e-03 2.060146e+01 -2.945535e-04 9.999998e-01 -5.756916e-04 -5.229109e-01 3.540043e-03 5.767301e-04 9.999936e-01 2.852099e+01
9.999999e-01 -1.470814e-04 -3.726318e-04 2.029569e+01 1.475306e-04 9.999993e-01 1.205464e-03 -5.197821e-01 3.724546e-04 -1.205518e-03 9.999992e-01 2.858354e+01
9.999960e-01 2.227926e-04 -2.828037e-03 2.021967e+01 -2.253268e-04 9.999996e-01 -8.957576e-04 -5.269817e-01 2.827836e-03 8.963906e-04 9.999956e-01 2.924943e+01
9.999999e-01 -1.161650e-04 4.263742e-04 2.150731e+01 1.155884e-04 9.999991e-01 1.352463e-03 -5.413799e-01 -4.265306e-04 -1.352413e-03 9.999990e-01 2.938759e+01
9.999954e-01 1.141187e-04 -3.017731e-03 2.265809e+01 -1.158820e-04 9.999998e-01 -5.840881e-04 -5.530630e-01 3.017663e-03 5.844344e-04 9.999953e-01 2.984890e+01
1.000000e+00 1.395282e-04 3.961732e-05 2.263565e+01 -1.395794e-04 9.999992e-01 1.296295e-03 -5.521258e-01 -3.943609e-05 -1.296300e-03 9.999992e-01 3.120918e+01
9.999950e-01 1.153515e-04 -3.164767e-03 2.254607e+01 -1.173088e-04 9.999998e-01 -6.182502e-04 -5.497235e-01 3.164695e-03 6.186176e-04 9.999948e-01 3.259379e+01
9.999999e-01 8.354422e-05 -3.597059e-04 2.375056e+01 -8.298853e-05 9.999988e-01 1.544270e-03 -5.555458e-01 3.598348e-04 -1.544239e-03 9.999987e-01 3.324465e+01
9.999961e-01 1.318605e-04 -2.782893e-03 2.478741e+01 -1.334142e-04 9.999998e-01 -5.580910e-04 -5.634822e-01 2.782819e-03 5.584594e-04 9.999960e-01 3.423609e+01
1.000000e+00 2.486333e-05 -5.718757e-05 2.615836e+01 -2.477804e-05 9.999989e-01 1.488796e-03 -5.861834e-01 5.722484e-05 -1.488794e-03 9.999989e-01 3.515925e+01
9.999962e-01 1.763443e-04 -2.748444e-03 2.662836e+01 -1.782978e-04 9.999997e-01 -7.105090e-04 -5.986543e-01 2.748317e-03 7.109956e-04 9.999960e-01 3.653273e+01
9.999998e-01 -3.976588e-05 -6.394007e-04 2.688123e+01 4.049304e-05 9.999994e-01 1.137095e-03 -6.107156e-01 6.393554e-04 -1.137120e-03 9.999991e-01 3.748559e+01
9.999969e-01 3.885923e-05 -2.493569e-03 2.757956e+01 -4.070967e-05 9.999997e-01 -7.419886e-04 -6.323373e-01 2.493539e-03 7.420871e-04 9.999966e-01 3.798097e+01
9.999999e-01 -3.799026e-05 -5.379156e-04 2.814641e+01 3.856466e-05 9.999994e-01 1.067623e-03 -6.362322e-01 5.378751e-04 -1.067643e-03 9.999993e-01 3.763592e+01
9.999960e-01 8.303002e-05 -2.832428e-03 2.833208e+01 -8.476914e-05 9.999998e-01 -6.138433e-04 -6.363620e-01 2.832376e-03 6.140802e-04 9.999958e-01 3.724864e+01
9.999997e-01 4.429972e-05 -8.337185e-04 2.841757e+01 -4.328548e-05 9.999993e-01 1.216340e-03 -6.330692e-01 8.337721e-04 -1.216303e-03 9.999989e-01 3.721003e+01
9.999971e-01 2.751097e-05 -2.409521e-03 2.878128e+01 -2.945262e-05 9.999997e-01 -8.057368e-04 -6.420725e-01 2.409497e-03 8.058048e-04 9.999968e-01 3.746475e+01
9.999999e-01 4.578972e-05 -4.932057e-04 2.962099e+01 -4.523971e-05 9.999994e-01 1.114863e-03 -6.452650e-01 4.932568e-04 -1.114840e-03 9.999993e-01 3.715061e+01
9.999973e-01 -6.450436e-05 -2.324136e-03 3.055760e+01 6.255327e-05 9.999996e-01 -8.394987e-04 -6.470362e-01 2.324189e-03 8.393503e-04 9.999969e-01 3.678851e+01
9.999997e-01 4.468424e-05 -7.902626e-04 3.117989e+01 -4.380307e-05 9.999994e-01 1.114847e-03 -6.494598e-01 7.903123e-04 -1.114811e-03 9.999991e-01 3.643701e+01
9.999980e-01 -8.128999e-05 -2.020486e-03 3.202528e+01 7.962755e-05 9.999997e-01 -8.227941e-04 -6.578402e-01 2.020552e-03 8.226308e-04 9.999976e-01 3.625009e+01
9.999998e-01 4.616939e-05 -6.585235e-04 3.267734e+01 -4.543984e-05 9.999994e-01 1.107632e-03 -6.740546e-01 6.585746e-04 -1.107601e-03 9.999992e-01 3.631866e+01
9.999978e-01 -8.583268e-05 -2.110269e-03 3.331472e+01 8.410046e-05 9.999997e-01 -8.208632e-04 -6.880390e-01 2.110339e-03 8.206832e-04 9.999974e-01 3.628758e+01
9.999998e-01 7.423246e-06 -6.001397e-04 3.364715e+01 -6.772040e-06 9.999994e-01 1.084859e-03 -7.108323e-01 6.001477e-04 -1.084854e-03 9.999992e-01 3.661717e+01
9.999979e-01 1.605298e-05 -2.041142e-03 3.442480e+01 -1.744767e-05 9.999998e-01 -6.832082e-04 -7.330623e-01 2.041130e-03 6.832417e-04 9.999977e-01 3.678230e+01
9.999999e-01 -2.750962e-05 -5.014710e-04 3.566717e+01 2.805730e-05 9.999994e-01 1.091903e-03 -7.410849e-01 5.014410e-04 -1.091916e-03 9.999993e-01 3.650281e+01
9.999978e-01 -2.784300e-05 -2.082727e-03 3.669947e+01 2.630179e-05 9.999997e-01 -7.399499e-04 -7.510544e-01 2.082747e-03 7.398928e-04 9.999976e-01 3.627884e+01
9.999998e-01 1.780517e-05 -5.981980e-04 3.756226e+01 -1.711634e-05 9.999993e-01 1.151251e-03 -7.703725e-01 5.982185e-04 -1.151240e-03 9.999992e-01 3.631005e+01
9.999978e-01 -6.026220e-05 -2.086757e-03 3.855447e+01 5.867871e-05 9.999997e-01 -7.588140e-04 -7.838858e-01 2.086801e-03 7.586892e-04 9.999975e-01 3.617847e+01
9.999995e-01 7.619766e-05 -1.036992e-03 3.891028e+01 -7.506946e-05 9.999994e-01 1.087809e-03 -7.862325e-01 1.037074e-03 -1.087730e-03 9.999989e-01 3.573851e+01
9.999981e-01 -1.081163e-04 -1.961267e-03 3.938194e+01 1.063953e-04 9.999996e-01 -8.775062e-04 -7.807190e-01 1.961361e-03 8.772952e-04 9.999977e-01 3.506974e+01
9.999999e-01 1.538011e-04 -5.083343e-04 4.051291e+01 -1.531225e-04 9.999991e-01 1.334477e-03 -7.985047e-01 5.085394e-04 -1.334399e-03 9.999990e-01 3.503468e+01
9.999982e-01 -2.130971e-04 -1.900521e-03 4.157914e+01 2.111520e-04 9.999995e-01 -1.023518e-03 -8.067697e-01 1.900737e-03 1.023114e-03 9.999977e-01 3.473733e+01
9.999998e-01 1.263368e-04 -6.221217e-04 4.247633e+01 -1.256424e-04 9.999994e-01 1.115854e-03 -8.025503e-01 6.222626e-04 -1.115775e-03 9.999992e-01 3.413693e+01
9.999975e-01 -1.295988e-04 -2.249896e-03 4.286246e+01 1.276471e-04 9.999996e-01 -8.675442e-04 -7.966103e-01 2.250007e-03 8.672541e-04 9.999971e-01 3.335918e+01
9.999998e-01 1.931315e-04 -5.654698e-04 4.310788e+01 -1.924657e-04 9.999993e-01 1.177015e-03 -7.885053e-01 5.656971e-04 -1.176906e-03 9.999991e-01 3.235958e+01
9.999974e-01 -2.397095e-04 -2.276336e-03 4.378722e+01 2.374447e-04 9.999995e-01 -9.950497e-04 -7.782298e-01 2.276573e-03 9.945059e-04 9.999969e-01 3.155959e+01
9.999998e-01 1.740761e-04 -5.740878e-04 4.473451e+01 -1.734049e-04 9.999993e-01 1.168898e-03 -7.749592e-01 5.742912e-04 -1.168797e-03 9.999992e-01 3.103642e+01
9.999977e-01 -2.165231e-04 -2.110270e-03 4.578048e+01 2.143622e-04 9.999995e-01 -1.024080e-03 -7.596917e-01 2.110490e-03 1.023624e-03 9.999972e-01 3.020026e+01
9.999998e-01 1.402458e-04 -6.124200e-04 4.691288e+01 -1.395024e-04 9.999993e-01 1.213388e-03 -7.501265e-01 6.125901e-04 -1.213302e-03 9.999991e-01 2.952133e+01
9.999980e-01 -5.838220e-05 -1.996221e-03 4.711543e+01 5.661823e-05 9.999996e-01 -8.836282e-04 -7.391208e-01 1.996272e-03 8.835127e-04 9.999976e-01 2.832335e+01
9.999998e-01 2.108543e-04 -5.467019e-04 4.733386e+01 -2.101935e-04 9.999992e-01 1.208284e-03 -7.225733e-01 5.469566e-04 -1.208168e-03 9.999991e-01 2.683709e+01
9.999982e-01 -1.468480e-04 -1.906615e-03 4.765875e+01 1.450912e-04 9.999996e-01 -9.214558e-04 -7.092978e-01 1.906749e-03 9.211768e-04 9.999978e-01 2.562622e+01
9.999997e-01 2.334609e-04 -6.714156e-04 4.776257e+01 -2.325613e-04 9.999991e-01 1.339379e-03 -6.995753e-01 6.717280e-04 -1.339222e-03 9.999989e-01 2.440957e+01
9.999982e-01 -1.597510e-04 -1.915953e-03 4.810644e+01 1.576546e-04 9.999994e-01 -1.094242e-03 -6.878677e-01 1.916127e-03 1.093938e-03 9.999976e-01 2.332303e+01
9.999999e-01 1.661689e-04 -4.883700e-04 4.946265e+01 -1.654478e-04 9.999989e-01 1.475966e-03 -6.936899e-01 4.886151e-04 -1.475884e-03 9.999988e-01 2.293318e+01
9.999984e-01 -1.504724e-04 -1.756458e-03 5.105356e+01 1.486861e-04 9.999995e-01 -1.017029e-03 -7.012297e-01 1.756610e-03 1.016765e-03 9.999979e-01 2.256846e+01
1.000000e+00 9.308160e-05 1.443392e-04 5.288251e+01 -9.331830e-05 9.999986e-01 1.641825e-03 -7.284817e-01 -1.441858e-04 -1.641838e-03 9.999986e-01 2.267386e+01
9.999962e-01 -1.304880e-04 -2.771589e-03 5.341797e+01 1.262345e-04 9.999988e-01 -1.534751e-03 -7.218621e-01 2.771786e-03 1.534395e-03 9.999950e-01 2.185718e+01
9.999999e-01 1.855757e-04 3.642288e-04 5.362403e+01 -1.862443e-04 9.999983e-01 1.836869e-03 -7.109556e-01 -3.638870e-04 -1.836936e-03 9.999982e-01 2.068367e+01
9.999952e-01 -1.926153e-04 -3.088112e-03 5.464725e+01 1.875721e-04 9.999986e-01 -1.633248e-03 -7.021706e-01 3.088422e-03 1.632660e-03 9.999939e-01 2.005085e+01
9.999998e-01 1.067802e-04 5.478131e-04 5.618988e+01 -1.078334e-04 9.999981e-01 1.923203e-03 -6.942347e-01 -5.476064e-04 -1.923261e-03 9.999980e-01 1.936630e+01
9.999952e-01 -1.859346e-04 -3.105298e-03 5.714431e+01 1.802767e-04 9.999983e-01 -1.822142e-03 -6.843184e-01 3.105631e-03 1.821573e-03 9.999935e-01 1.862962e+01
9.999998e-01 1.088991e-04 6.905909e-04 5.866349e+01 -1.103971e-04 9.999976e-01 2.169797e-03 -6.827202e-01 -6.903527e-04 -2.169872e-03 9.999974e-01 1.805704e+01
9.999947e-01 -1.770282e-04 -3.246179e-03 5.923422e+01 1.704803e-04 9.999980e-01 -2.017212e-03 -6.676890e-01 3.246529e-03 2.016647e-03 9.999927e-01 1.698256e+01
9.999997e-01 2.706177e-04 7.123501e-04 5.932457e+01 -2.723634e-04 9.999970e-01 2.451908e-03 -6.565122e-01 -7.116841e-04 -2.452101e-03 9.999967e-01 1.567592e+01
9.999946e-01 -2.126041e-04 -3.293350e-03 5.971130e+01 2.052518e-04 9.999975e-01 -2.232605e-03 -6.425688e-01 3.293816e-03 2.231916e-03 9.999921e-01 1.450847e+01
9.999995e-01 3.692752e-04 9.108858e-04 6.201070e+01 -3.712476e-04 9.999976e-01 2.166272e-03 -5.963971e-01 -9.100833e-04 -2.166608e-03 9.999972e-01 1.291893e+01
9.999943e-01 -4.737286e-04 -3.342170e-03 6.339985e+01 4.670556e-04 9.999979e-01 -1.997061e-03 -5.656672e-01 3.343109e-03 1.995488e-03 9.999924e-01 1.159204e+01
9.999999e-01 5.134570e-04 1.462090e-04 6.367301e+01 -5.138074e-04 9.999970e-01 2.407591e-03 -5.632380e-01 -1.449721e-04 -2.407665e-03 9.999971e-01 1.092709e+01
9.999921e-01 -4.205666e-04 -3.955247e-03 6.345012e+01 4.128696e-04 9.999980e-01 -1.946613e-03 -5.554205e-01 3.956057e-03 1.944964e-03 9.999903e-01 1.120289e+01
9.999998e-01 4.803858e-04 -3.745945e-04 6.338445e+01 -4.794690e-04 9.999969e-01 2.443288e-03 -5.529341e-01 3.757674e-04 -2.443107e-03 9.999969e-01 1.116766e+01
9.999967e-01 -4.301086e-04 -2.550438e-03 6.366304e+01 4.249387e-04 9.999979e-01 -2.027191e-03 -5.438514e-01 2.551304e-03 2.026099e-03 9.999947e-01 1.014726e+01
9.999999e-01 4.073431e-04 -1.882976e-04 6.427664e+01 -4.069313e-04 9.999975e-01 2.181013e-03 -5.287160e-01 1.891858e-04 -2.180935e-03 9.999976e-01 9.091608e+00
9.999974e-01 -4.264295e-04 -2.257373e-03 6.495853e+01 4.217307e-04 9.999977e-01 -2.081515e-03 -5.138547e-01 2.258255e-03 2.080557e-03 9.999953e-01 8.062136e+00
9.999999e-01 4.291879e-04 -1.569417e-04 6.548026e+01 -4.288345e-04 9.999974e-01 2.243791e-03 -5.025574e-01 1.579046e-04 -2.243722e-03 9.999975e-01 7.061416e+00
9.999973e-01 -3.658981e-04 -2.283053e-03 6.581740e+01 3.613265e-04 9.999979e-01 -2.002442e-03 -4.880274e-01 2.283781e-03 2.001611e-03 9.999954e-01 5.813180e+00
9.999999e-01 4.699209e-04 -1.695359e-04 6.624615e+01 -4.695305e-04 9.999973e-01 2.294684e-03 -4.698004e-01 1.706140e-04 -2.294603e-03 9.999974e-01 4.447458e+00
9.999968e-01 -4.010465e-04 -2.509278e-03 6.653564e+01 3.960571e-04 9.999979e-01 -1.988482e-03 -4.555485e-01 2.510070e-03 1.987481e-03 9.999949e-01 3.146786e+00
9.999998e-01 5.172291e-04 -2.084958e-04 6.653875e+01 -5.166937e-04 9.999966e-01 2.559139e-03 -4.412497e-01 2.098191e-04 -2.559030e-03 9.999967e-01 1.606987e+00
9.999975e-01 -4.213635e-04 -2.217782e-03 6.680010e+01 4.164827e-04 9.999975e-01 -2.200693e-03 -4.254730e-01 2.218704e-03 2.199763e-03 9.999951e-01 2.063751e-01
9.999999e-01 4.858977e-04 -2.112043e-04 6.723069e+01 -4.853807e-04 9.999969e-01 2.440256e-03 -4.077861e-01 2.123897e-04 -2.440152e-03 9.999970e-01 -1.132223e+00
9.999974e-01 -3.840399e-04 -2.226439e-03 6.741527e+01 3.794124e-04 9.999978e-01 -2.078425e-03 -3.913560e-01 2.227232e-03 2.077575e-03 9.999954e-01 -2.649661e+00
9.999998e-01 5.010029e-04 -2.462374e-04 6.751864e+01 -5.003699e-04 9.999966e-01 2.563414e-03 -3.750816e-01 2.475211e-04 -2.563290e-03 9.999967e-01 -4.237990e+00
9.999972e-01 -3.881184e-04 -2.316923e-03 6.769835e+01 3.831204e-04 9.999976e-01 -2.157163e-03 -3.622044e-01 2.317754e-03 2.156269e-03 9.999950e-01 -5.554614e+00
9.999997e-01 4.670260e-04 -5.821867e-04 6.768686e+01 -4.654471e-04 9.999962e-01 2.708891e-03 -3.555454e-01 5.834499e-04 -2.708619e-03 9.999962e-01 -6.687464e+00
9.999973e-01 -3.692106e-04 -2.297910e-03 6.769203e+01 3.641529e-04 9.999975e-01 -2.200983e-03 -3.485085e-01 2.298716e-03 2.200140e-03 9.999949e-01 -7.837853e+00
9.999998e-01 4.662902e-04 -4.631190e-04 6.770288e+01 -4.650169e-04 9.999961e-01 2.745368e-03 -3.365896e-01 4.643977e-04 -2.745151e-03 9.999961e-01 -9.260962e+00
9.999975e-01 -3.247753e-04 -2.214247e-03 6.771637e+01 3.199123e-04 9.999975e-01 -2.196164e-03 -3.183174e-01 2.214954e-03 2.195449e-03 9.999951e-01 -1.105676e+01
9.999999e-01 4.813676e-04 -1.757637e-04 6.774318e+01 -4.808785e-04 9.999960e-01 2.771216e-03 -2.974792e-01 1.770973e-04 -2.771130e-03 9.999961e-01 -1.296581e+01
9.999978e-01 -4.346731e-04 -2.069450e-03 6.807648e+01 4.293899e-04 9.999966e-01 -2.552608e-03 -2.844700e-01 2.070553e-03 2.551713e-03 9.999946e-01 -1.412727e+01
9.999997e-01 6.280820e-04 -4.949047e-04 6.826759e+01 -6.266314e-04 9.999955e-01 2.925450e-03 -2.645209e-01 4.967402e-04 -2.925138e-03 9.999956e-01 -1.584571e+01
9.999980e-01 -4.980735e-04 -1.945982e-03 6.828609e+01 4.937009e-04 9.999974e-01 -2.246762e-03 -2.468419e-01 1.947096e-03 2.245796e-03 9.999956e-01 -1.756286e+01
9.999990e-01 6.271443e-04 -1.301164e-03 6.806385e+01 -6.232376e-04 9.999953e-01 3.000551e-03 -2.368051e-01 1.303040e-03 -2.999736e-03 9.999947e-01 -1.872081e+01
9.999986e-01 -4.843259e-04 -1.585080e-03 6.797982e+01 4.806388e-04 9.999972e-01 -2.325557e-03 -2.267684e-01 1.586201e-03 2.324791e-03 9.999960e-01 -2.003922e+01
9.999979e-01 6.453665e-04 -1.953258e-03 6.755979e+01 -6.388488e-04 9.999942e-01 3.335498e-03 -2.142813e-01 1.955399e-03 -3.334242e-03 9.999925e-01 -2.130277e+01
9.999992e-01 -5.383158e-04 -1.112392e-03 6.741565e+01 5.354036e-04 9.999964e-01 -2.616437e-03 -2.043700e-01 1.113796e-03 2.615839e-03 9.999960e-01 -2.268024e+01
9.999984e-01 6.249473e-04 -1.665959e-03 6.740535e+01 -6.196183e-04 9.999947e-01 3.197228e-03 -1.956587e-01 1.667949e-03 -3.196190e-03 9.999935e-01 -2.390872e+01
9.999994e-01 -5.245856e-04 -1.005799e-03 6.745917e+01 5.218643e-04 9.999962e-01 -2.703800e-03 -1.858714e-01 1.007213e-03 2.703272e-03 9.999958e-01 -2.516342e+01
9.999980e-01 5.937926e-04 -1.891620e-03 6.770649e+01 -5.880554e-04 9.999952e-01 3.031920e-03 -1.789471e-01 1.893412e-03 -3.030801e-03 9.999936e-01 -2.609246e+01
9.999993e-01 -5.951701e-04 -9.971338e-04 6.806577e+01 5.923935e-04 9.999960e-01 -2.782433e-03 -1.694714e-01 9.987854e-04 2.781840e-03 9.999956e-01 -2.706540e+01
9.999987e-01 6.150792e-04 -1.523001e-03 6.842503e+01 -6.104819e-04 9.999953e-01 3.017082e-03 -1.556700e-01 1.524850e-03 -3.016147e-03 9.999943e-01 -2.825767e+01
9.999993e-01 -5.289669e-04 -1.082044e-03 6.858046e+01 5.260800e-04 9.999963e-01 -2.666415e-03 -1.461973e-01 1.083450e-03 2.665843e-03 9.999959e-01 -2.940730e+01
9.999982e-01 5.641316e-04 -1.810459e-03 6.922758e+01 -5.589160e-04 9.999957e-01 2.879919e-03 -1.369746e-01 1.812077e-03 -2.878901e-03 9.999942e-01 -3.020095e+01
9.999995e-01 -6.214311e-04 -7.772406e-04 6.998926e+01 6.192746e-04 9.999960e-01 -2.771596e-03 -1.314915e-01 7.789595e-04 2.771112e-03 9.999959e-01 -3.089217e+01
9.999987e-01 5.748467e-04 -1.519758e-03 7.077337e+01 -5.704699e-04 9.999957e-01 2.878662e-03 -1.307869e-01 1.521407e-03 -2.877790e-03 9.999947e-01 -3.143503e+01
9.999996e-01 -6.460378e-04 -6.600177e-04 7.162007e+01 6.442793e-04 9.999963e-01 -2.660731e-03 -1.460145e-01 6.617338e-04 2.660304e-03 9.999962e-01 -3.152821e+01
9.999979e-01 6.801722e-04 -1.938956e-03 7.198081e+01 -6.745648e-04 9.999956e-01 2.891085e-03 -1.392085e-01 1.940914e-03 -2.889771e-03 9.999939e-01 -3.236902e+01
9.999994e-01 -6.069203e-04 -8.765952e-04 7.207638e+01 6.047631e-04 9.999968e-01 -2.458827e-03 -1.338698e-01 8.780844e-04 2.458294e-03 9.999966e-01 -3.336026e+01
9.999974e-01 6.834511e-04 -2.160997e-03 7.202721e+01 -6.769172e-04 9.999952e-01 3.022781e-03 -1.287541e-01 2.163053e-03 -3.021310e-03 9.999931e-01 -3.441362e+01
9.999993e-01 -6.180209e-04 -1.039388e-03 7.205272e+01 6.153969e-04 9.999966e-01 -2.522727e-03 -1.287588e-01 1.040944e-03 2.522085e-03 9.999963e-01 -3.500904e+01
9.999962e-01 7.123147e-04 -2.656254e-03 7.214793e+01 -7.043692e-04 9.999953e-01 2.990899e-03 -1.275414e-01 2.658372e-03 -2.989016e-03 9.999920e-01 -3.536272e+01
9.999999e-01 -3.007014e-04 1.955758e-04 7.446856e+01 3.012157e-04 9.999965e-01 -2.636418e-03 -1.104794e-01 -1.947826e-04 2.636476e-03 9.999965e-01 -3.628131e+01
9.999995e-01 9.834407e-05 -9.891182e-04 7.585644e+01 -9.467596e-05 9.999931e-01 3.707618e-03 -1.796837e-01 9.894763e-04 -3.707522e-03 9.999926e-01 -3.481740e+01
9.999999e-01 -1.707267e-04 4.331911e-04 7.637737e+01 1.721075e-04 9.999949e-01 -3.189906e-03 -2.330808e-01 -4.326446e-04 3.189979e-03 9.999948e-01 -3.305692e+01
9.999937e-01 2.173320e-04 -3.541837e-03 7.654585e+01 -2.048644e-04 9.999938e-01 3.520017e-03 -2.316440e-01 3.542580e-03 -3.519268e-03 9.999875e-01 -3.376136e+01
9.999998e-01 -1.113993e-04 6.545207e-04 7.658047e+01 1.133641e-04 9.999955e-01 -3.002874e-03 -2.237881e-01 -6.541835e-04 3.002947e-03 9.999953e-01 -3.491306e+01
9.999923e-01 1.372694e-04 -3.927678e-03 7.703133e+01 -1.240991e-04 9.999944e-01 3.353207e-03 -2.210826e-01 3.928117e-03 -3.352693e-03 9.999867e-01 -3.548250e+01
9.999995e-01 -6.088704e-05 1.000161e-03 7.716021e+01 6.383499e-05 9.999957e-01 -2.947923e-03 -2.158460e-01 -9.999778e-04 2.947984e-03 9.999952e-01 -3.642588e+01
9.999930e-01 1.576798e-04 -3.726456e-03 7.734297e+01 -1.451542e-04 9.999943e-01 3.361245e-03 -2.063724e-01 3.726965e-03 -3.360680e-03 9.999874e-01 -3.753034e+01
9.999996e-01 -1.236498e-04 9.301242e-04 7.778478e+01 1.265133e-04 9.999953e-01 -3.079471e-03 -1.952939e-01 -9.297393e-04 3.079586e-03 9.999948e-01 -3.850383e+01
9.999927e-01 2.252479e-04 -3.805951e-03 7.827069e+01 -2.126626e-04 9.999945e-01 3.306760e-03 -1.816665e-01 3.806676e-03 -3.305925e-03 9.999873e-01 -3.959216e+01
9.999990e-01 -1.872930e-04 1.385569e-03 7.904905e+01 1.914989e-04 9.999954e-01 -3.036129e-03 -1.724197e-01 -1.384994e-03 3.036390e-03 9.999944e-01 -4.043847e+01
9.999918e-01 1.798516e-04 -4.055400e-03 7.998960e+01 -1.659336e-04 9.999941e-01 3.431972e-03 -1.821597e-01 4.055994e-03 -3.431270e-03 9.999859e-01 -4.065767e+01
9.999987e-01 -1.731690e-04 1.585593e-03 8.115843e+01 1.782540e-04 9.999948e-01 -3.207547e-03 -1.910849e-01 -1.585030e-03 3.207825e-03 9.999936e-01 -4.095572e+01
9.999948e-01 3.180292e-04 -3.198867e-03 8.267360e+01 -3.062285e-04 9.999931e-01 3.688761e-03 -2.126532e-01 3.200018e-03 -3.687762e-03 9.999881e-01 -4.095208e+01
9.999987e-01 -2.689628e-04 1.576699e-03 8.395269e+01 2.742199e-04 9.999944e-01 -3.335149e-03 -2.436188e-01 -1.575794e-03 3.335576e-03 9.999932e-01 -4.061737e+01
9.999906e-01 2.891401e-04 -4.325028e-03 8.426637e+01 -2.737715e-04 9.999936e-01 3.553539e-03 -2.404330e-01 4.326029e-03 -3.552320e-03 9.999843e-01 -4.130096e+01
9.999989e-01 -1.742309e-04 1.496825e-03 8.418046e+01 1.785869e-04 9.999957e-01 -2.910610e-03 -2.284333e-01 -1.496312e-03 2.910874e-03 9.999946e-01 -4.271595e+01
9.999918e-01 2.672982e-04 -4.033575e-03 8.439545e+01 -2.539546e-04 9.999945e-01 3.308235e-03 -2.158417e-01 4.034438e-03 -3.307183e-03 9.999864e-01 -4.397403e+01
9.999990e-01 -3.060331e-04 1.366897e-03 8.515501e+01 3.103788e-04 9.999949e-01 -3.180309e-03 -2.077773e-01 -1.365917e-03 3.180729e-03 9.999940e-01 -4.469999e+01
9.999916e-01 2.381747e-04 -4.084524e-03 8.606817e+01 -2.243251e-04 9.999942e-01 3.390825e-03 -2.132870e-01 4.085309e-03 -3.389880e-03 9.999859e-01 -4.505369e+01
9.999993e-01 -2.480071e-04 1.124897e-03 8.670975e+01 2.516868e-04 9.999946e-01 -3.272385e-03 -2.029361e-01 -1.124080e-03 3.272666e-03 9.999940e-01 -4.588479e+01
9.999939e-01 3.384065e-04 -3.469372e-03 8.687317e+01 -3.255695e-04 9.999931e-01 3.699928e-03 -1.880413e-01 3.470601e-03 -3.698776e-03 9.999871e-01 -4.733252e+01
9.999997e-01 -2.346880e-04 7.963665e-04 8.697380e+01 2.372783e-04 9.999947e-01 -3.254432e-03 -1.783068e-01 -7.955988e-04 3.254619e-03 9.999944e-01 -4.855217e+01
9.999941e-01 1.690352e-04 -3.430745e-03 8.799363e+01 -1.568870e-04 9.999937e-01 3.540866e-03 -1.794094e-01 3.431322e-03 -3.540306e-03 9.999878e-01 -4.899290e+01
9.999998e-01 -1.479155e-04 5.895399e-04 8.847273e+01 1.498672e-04 9.999945e-01 -3.312215e-03 -1.724532e-01 -5.890470e-04 3.312302e-03 9.999943e-01 -4.977859e+01
9.999930e-01 7.832999e-04 -3.652961e-03 8.881676e+01 -7.683145e-04 9.999913e-01 4.101803e-03 -1.068148e-01 3.656142e-03 -4.098967e-03 9.999849e-01 -5.242369e+01
9.999995e-01 3.758126e-05 1.015805e-03 8.805715e+01 -3.552106e-05 9.999979e-01 -2.028304e-03 1.611784e-02 -1.015879e-03 2.028266e-03 9.999974e-01 -5.619792e+01
9.999825e-01 1.090998e-03 -5.819804e-03 8.605231e+01 -1.064732e-03 9.999892e-01 4.514309e-03 1.111931e-01 5.824667e-03 -4.508033e-03 9.999729e-01 -5.757666e+01
9.999986e-01 5.208013e-04 -1.604335e-03 8.299243e+01 -5.227195e-04 9.999991e-01 -1.195264e-03 2.355699e-01 1.603711e-03 1.196101e-03 9.999980e-01 -5.841853e+01
9.999909e-01 9.923462e-04 -4.137247e-03 8.025263e+01 -9.739223e-04 9.999896e-01 4.452781e-03 3.712403e-01 4.141623e-03 -4.448711e-03 9.999815e-01 -6.104549e+01
9.999998e-01 -6.027861e-04 7.679415e-05 7.943883e+01 6.030098e-04 9.999955e-01 -2.949031e-03 4.252303e-01 -7.501645e-05 2.949076e-03 9.999956e-01 -6.264246e+01
9.999967e-01 5.990068e-04 -2.481420e-03 8.050534e+01 -5.906783e-04 9.999942e-01 3.355636e-03 4.133950e-01 2.483416e-03 -3.354159e-03 9.999913e-01 -6.283270e+01
9.999998e-01 -4.909476e-04 4.556911e-04 8.222192e+01 4.921894e-04 9.999962e-01 -2.729642e-03 3.780532e-01 -4.543495e-04 2.729865e-03 9.999962e-01 -6.253373e+01
9.999966e-01 5.188504e-04 -2.568273e-03 8.377993e+01 -5.102144e-04 9.999942e-01 3.361993e-03 3.524491e-01 2.570003e-03 -3.360671e-03 9.999911e-01 -6.242796e+01
9.999990e-01 -6.327526e-04 1.243804e-03 8.439862e+01 6.359916e-04 9.999964e-01 -2.605609e-03 2.972986e-01 -1.242151e-03 2.606397e-03 9.999958e-01 -6.103478e+01
9.999975e-01 5.424629e-04 -2.187489e-03 8.506353e+01 -5.356966e-04 9.999951e-01 3.092487e-03 2.427984e-01 2.189156e-03 -3.091307e-03 9.999928e-01 -5.963687e+01
9.999997e-01 -5.934268e-04 -3.897133e-04 8.605820e+01 5.923004e-04 9.999957e-01 -2.883391e-03 2.410484e-01 3.914224e-04 2.883159e-03 9.999958e-01 -6.007090e+01
9.999964e-01 6.308967e-04 -2.596926e-03 8.630916e+01 -6.226127e-04 9.999947e-01 3.189399e-03 2.461772e-01 2.598925e-03 -3.187770e-03 9.999915e-01 -6.090467e+01
9.999997e-01 -6.658167e-04 -2.943927e-04 8.693702e+01 6.649384e-04 9.999954e-01 -2.972637e-03 2.497824e-01 2.963703e-04 2.972440e-03 9.999955e-01 -6.143653e+01
9.999961e-01 7.173680e-04 -2.682798e-03 8.714576e+01 -7.084541e-04 9.999942e-01 3.321990e-03 2.527967e-01 2.685166e-03 -3.320076e-03 9.999909e-01 -6.216868e+01
9.999997e-01 -6.910973e-04 2.335658e-04 8.784454e+01 6.917987e-04 9.999952e-01 -3.017494e-03 2.362230e-01 -2.314796e-04 3.017654e-03 9.999954e-01 -6.216816e+01
9.999976e-01 6.756110e-04 -2.078027e-03 8.908188e+01 -6.683581e-04 9.999937e-01 3.488895e-03 2.057384e-01 2.080371e-03 -3.487497e-03 9.999918e-01 -6.189665e+01
9.999995e-01 -6.911163e-04 -7.508870e-04 8.955549e+01 6.886373e-04 9.999943e-01 -3.296374e-03 2.039332e-01 7.531606e-04 3.295854e-03 9.999943e-01 -6.243633e+01
9.999983e-01 6.638671e-04 -1.742919e-03 9.010014e+01 -6.577039e-04 9.999935e-01 3.534228e-03 1.931369e-01 1.745254e-03 -3.533074e-03 9.999922e-01 -6.260797e+01
9.999994e-01 -7.430965e-04 -8.418647e-04 9.059691e+01 7.402363e-04 9.999940e-01 -3.392410e-03 1.799098e-01 8.443803e-04 3.391784e-03 9.999939e-01 -6.259003e+01
9.999985e-01 7.629076e-04 -1.524544e-03 9.167294e+01 -7.570001e-04 9.999922e-01 3.871629e-03 1.570034e-01 1.527486e-03 -3.870468e-03 9.999913e-01 -6.245643e+01
9.999993e-01 -7.300538e-04 -9.423940e-04 9.269968e+01 7.268123e-04 9.999938e-01 -3.435145e-03 1.369932e-01 9.448957e-04 3.434457e-03 9.999937e-01 -6.235472e+01
9.999981e-01 8.224136e-04 -1.774483e-03 9.341257e+01 -8.157295e-04 9.999926e-01 3.764113e-03 1.178026e-01 1.777566e-03 -3.762657e-03 9.999913e-01 -6.162127e+01
9.999998e-01 -6.415461e-04 -1.869367e-04 9.610143e+01 6.409538e-04 9.999948e-01 -3.150441e-03 1.197693e-01 1.889566e-04 3.150319e-03 9.999950e-01 -6.214075e+01
9.999987e-01 7.024413e-04 -1.480765e-03 9.819630e+01 -6.970512e-04 9.999931e-01 3.637342e-03 1.015812e-01 1.483310e-03 -3.636305e-03 9.999923e-01 -6.201700e+01
9.999998e-01 -5.857028e-04 -2.657538e-04 9.913597e+01 5.848258e-04 9.999944e-01 -3.287247e-03 4.984631e-02 2.676774e-04 3.287090e-03 9.999946e-01 -6.034916e+01
9.999988e-01 6.090264e-04 -1.393396e-03 1.003514e+02 -6.037456e-04 9.999926e-01 3.786955e-03 6.510054e-03 1.395693e-03 -3.786109e-03 9.999919e-01 -5.942529e+01
9.999995e-01 -2.622571e-04 -9.493562e-04 1.039141e+02 2.596981e-04 9.999963e-01 -2.694371e-03 -9.735298e-03 9.500591e-04 2.694122e-03 9.999959e-01 -5.968695e+01
9.999993e-01 2.591934e-04 -1.115757e-03 1.066414e+02 -2.554938e-04 9.999945e-01 3.314352e-03 -3.060092e-02 1.116610e-03 -3.314064e-03 9.999939e-01 -5.973160e+01
9.999993e-01 -3.520431e-04 -1.152118e-03 1.078898e+02 3.485754e-04 9.999954e-01 -3.008519e-03 -4.268020e-02 1.153172e-03 3.008115e-03 9.999948e-01 -5.988483e+01
9.999981e-01 4.337450e-04 -1.908871e-03 1.092302e+02 -4.279276e-04 9.999953e-01 3.046824e-03 -2.119462e-02 1.910184e-03 -3.046001e-03 9.999935e-01 -6.095293e+01
9.999997e-01 -5.274681e-04 -5.934345e-04 1.100488e+02 5.258480e-04 9.999961e-01 -2.726501e-03 -2.740082e-02 5.948701e-04 2.726187e-03 9.999961e-01 -6.125311e+01
9.999977e-01 5.064557e-04 -2.100471e-03 1.107516e+02 -4.998165e-04 9.999949e-01 3.160049e-03 -5.716258e-02 2.102061e-03 -3.158991e-03 9.999928e-01 -6.089428e+01
9.999990e-01 -4.912322e-04 -1.356247e-03 1.112578e+02 4.872039e-04 9.999955e-01 -2.968727e-03 -6.112675e-02 1.357699e-03 2.968062e-03 9.999947e-01 -6.115947e+01
9.999985e-01 5.252022e-04 -1.641595e-03 1.112944e+02 -5.195415e-04 9.999939e-01 3.446640e-03 -5.613964e-02 1.643396e-03 -3.445782e-03 9.999927e-01 -6.180677e+01
9.999993e-01 -4.779995e-04 -1.115633e-03 1.115414e+02 4.743314e-04 9.999945e-01 -3.285624e-03 -5.497421e-02 1.117197e-03 3.285091e-03 9.999940e-01 -6.239063e+01
9.999990e-01 5.071562e-04 -1.292238e-03 1.118450e+02 -5.028845e-04 9.999944e-01 3.303591e-03 -6.866600e-02 1.293906e-03 -3.302937e-03 9.999937e-01 -6.212022e+01
9.999991e-01 -4.425085e-04 -1.275159e-03 1.121903e+02 4.384925e-04 9.999949e-01 -3.147752e-03 -9.058862e-02 1.276545e-03 3.147190e-03 9.999942e-01 -6.156525e+01
9.999993e-01 4.318112e-04 -1.120047e-03 1.126796e+02 -4.282247e-04 9.999948e-01 3.200169e-03 -1.125428e-01 1.121424e-03 -3.199686e-03 9.999943e-01 -6.121550e+01
9.999991e-01 -4.250662e-04 -1.242602e-03 1.130822e+02 4.210513e-04 9.999947e-01 -3.229250e-03 -1.123494e-01 1.243968e-03 3.228724e-03 9.999940e-01 -6.169889e+01
