9.999935e-01 1.475276e-04 -3.589848e-03 -2.916567e-01 -1.456018e-04 9.999998e-01 5.367135e-04 3.532851e-04 3.589926e-03 -5.361881e-04 9.999934e-01 4.014022e-01
9.999999e-01 -2.692155e-05 3.346680e-04 -4.514495e-01 2.696064e-05 1.000000e+00 -1.166941e-04 -6.638537e-03 -3.346645e-04 1.167039e-04 9.999999e-01 9.250878e-01
9.999915e-01 2.242073e-04 -4.116730e-03 -8.368436e-01 -2.212221e-04 9.999997e-01 7.255734e-04 -8.052881e-04 4.116891e-03 -7.246573e-04 9.999913e-01 1.297328e+00
9.999997e-01 -9.520450e-05 7.089095e-04 -1.061203e+00 9.535526e-05 1.000000e+00 -2.125920e-04 -5.646574e-03 -7.088889e-04 2.126603e-04 9.999997e-01 1.710974e+00
9.999933e-01 9.751016e-05 -3.664385e-03 -9.296492e-01 -9.532110e-05 9.999998e-01 5.975658e-04 -2.205215e-02 3.664442e-03 -5.972132e-04 9.999931e-01 1.664877e+00
9.999998e-01 -2.823248e-05 5.855497e-04 -9.482390e-01 2.832178e-05 1.000000e+00 -1.524575e-04 -4.039313e-02 -5.855450e-04 1.524748e-04 9.999998e-01 1.989337e+00
9.999920e-01 1.337399e-04 -4.005108e-03 -1.087462e+00 -1.312124e-04 9.999998e-01 6.313421e-04 -4.943825e-02 4.005191e-03 -6.308122e-04 9.999918e-01 2.274974e+00
9.999996e-01 -5.800102e-05 9.461063e-04 -1.142444e+00 5.823546e-05 1.000000e+00 -2.477285e-04 -6.402551e-02 -9.460916e-04 2.477842e-04 9.999995e-01 2.810018e+00
9.999899e-01 2.641627e-04 -4.485445e-03 -1.484131e+00 -2.605369e-04 9.999996e-01 8.089257e-04 -5.972692e-02 4.485657e-03 -8.077497e-04 9.999896e-01 3.337894e+00
9.999995e-01 -1.101033e-04 9.717267e-04 -1.773408e+00 1.103958e-04 9.999999e-01 -3.008989e-04 -5.936944e-02 -9.716931e-04 3.010067e-04 9.999995e-01 3.758401e+00
9.999927e-01 1.541484e-04 -3.827568e-03 -1.638426e+00 -1.517666e-04 9.999998e-01 6.225659e-04 -7.959241e-02 3.827663e-03 -6.219812e-04 9.999925e-01 4.177808e+00
9.999999e-01 -8.293793e-06 5.072355e-04 -1.729254e+00 8.358623e-06 1.000000e+00 -1.277345e-04 -8.737618e-02 -5.072341e-04 1.277394e-04 9.999999e-01 4.657188e+00
9.999925e-01 1.046828e-04 -3.876213e-03 -1.824665e+00 -1.024251e-04 9.999998e-01 5.826535e-04 -9.435637e-02 3.876273e-03 -5.822528e-04 9.999923e-01 5.035893e+00
1.000000e+00 9.568410e-05 -3.331684e-05 -2.217718e+00 -9.567817e-05 1.000000e+00 1.769282e-04 -9.052344e-02 3.333411e-05 -1.769243e-04 1.000000e+00 5.131125e+00
9.999927e-01 1.284572e-04 -3.821359e-03 -2.623811e+00 -1.263506e-04 9.999998e-01 5.515027e-04 -8.523956e-02 3.821429e-03 -5.510166e-04 9.999925e-01 5.376898e+00
1.000000e+00 4.463266e-05 8.049793e-05 -2.939356e+00 -4.463973e-05 1.000000e+00 8.831281e-05 -8.133496e-02 -8.049365e-05 -8.831569e-05 1.000000e+00 5.677598e+00
9.999913e-01 1.315616e-04 -4.158181e-03 -3.358519e+00 -1.285416e-04 9.999997e-01 7.265330e-04 -7.441713e-02 4.158275e-03 -7.259929e-04 9.999911e-01 5.424460e+00
9.999997e-01 -3.087939e-05 7.515508e-04 -3.510872e+00 3.094930e-05 1.000000e+00 -9.294031e-05 -7.646332e-02 -7.515476e-04 9.296425e-05 9.999997e-01 5.106736e+00
9.999905e-01 8.333234e-05 -4.348184e-03 -3.464688e+00 -8.015025e-05 9.999997e-01 7.320003e-04 -7.595104e-02 4.348244e-03 -7.316455e-04 9.999903e-01 4.752805e+00
9.999998e-01 4.406597e-05 6.071589e-04 -3.638949e+00 -4.405276e-05 1.000000e+00 -2.168943e-05 -7.141189e-02 -6.071595e-04 2.166339e-05 9.999998e-01 4.463838e+00
9.999938e-01 -3.656128e-05 -3.520102e-03 -3.329076e+00 3.785766e-05 9.999999e-01 3.682252e-04 -8.386741e-02 3.520088e-03 -3.683569e-04 9.999937e-01 4.342948e+00
9.999999e-01 7.235829e-05 4.452756e-04 -3.121718e+00 -7.242579e-05 1.000000e+00 1.516905e-04 -8.807521e-02 -4.452642e-04 -1.517220e-04 9.999999e-01 3.891610e+00
9.999944e-01 -6.979300e-05 -3.341390e-03 -2.876888e+00 7.073877e-05 1.000000e+00 2.829448e-04 -9.920730e-02 3.341370e-03 -2.831803e-04 9.999944e-01 3.686278e+00
9.999995e-01 6.978682e-05 9.675945e-04 -2.257308e+00 -6.976648e-05 1.000000e+00 -2.100216e-05 -1.107799e-01 -9.675956e-04 2.093535e-05 9.999995e-01 3.506373e+00
9.999925e-01 2.888027e-05 -3.884284e-03 -2.037866e+00 -2.709244e-05 9.999999e-01 4.603365e-04 -1.249112e-01 3.884296e-03 -4.602285e-04 9.999924e-01 3.750132e+00
9.999999e-01 1.256797e-04 5.123861e-04 -2.189768e+00 -1.257385e-04 1.000000e+00 1.147944e-04 -1.313516e-01 -5.123713e-04 -1.148581e-04 9.999999e-01 4.030243e+00
9.999949e-01 -1.190361e-04 -3.178149e-03 -1.742001e+00 1.196044e-04 1.000000e+00 1.786339e-04 -1.474600e-01 3.178127e-03 -1.790138e-04 9.999949e-01 4.056306e+00
9.999999e-01 1.133226e-04 5.268642e-04 -9.986829e-01 -1.134064e-04 1.000000e+00 1.589734e-04 -1.640376e-01 -5.268458e-04 -1.590324e-04 9.999998e-01 4.090457e+00
9.999940e-01 -9.080433e-06 -3.462708e-03 -9.871719e-01 9.988042e-06 1.000000e+00 2.621083e-04 -1.706392e-01 3.462705e-03 -2.621420e-04 9.999940e-01 4.325868e+00
9.999999e-01 1.145738e-04 3.886139e-04 -9.778241e-01 -1.146751e-04 1.000000e+00 2.605610e-04 -1.736711e-01 -3.885837e-04 -2.606048e-04 9.999999e-01 4.293802e+00
9.999900e-01 1.048677e-04 -4.476014e-03 -1.430927e+00 -1.025371e-04 9.999999e-01 5.209277e-04 -1.606792e-01 4.476067e-03 -5.204643e-04 9.999898e-01 4.217192e+00
9.999988e-01 -1.033849e-04 1.537711e-03 -1.038702e+00 1.036896e-04 1.000000e+00 -1.980672e-04 -1.690295e-01 -1.537690e-03 1.982271e-04 9.999988e-01 3.952069e+00
9.999916e-01 8.316879e-05 -4.097731e-03 -5.632383e-01 -8.143638e-05 9.999999e-01 4.229539e-04 -1.746251e-01 4.097766e-03 -4.226174e-04 9.999915e-01 3.583243e+00
9.999991e-01 -6.067028e-05 1.343760e-03 -1.736373e-01 6.101823e-05 1.000000e+00 -2.588483e-04 -1.762414e-01 -1.343744e-03 2.589308e-04 9.999991e-01 3.095672e+00
9.999910e-01 1.222261e-04 -4.239689e-03 -8.882168e-02 -1.192713e-04 9.999997e-01 6.972122e-04 -1.733853e-01 4.239773e-03 -6.967009e-04 9.999908e-01 2.235745e+00
9.999995e-01 -5.238964e-05 9.832961e-04 -1.502101e-01 5.251177e-05 1.000000e+00 -1.241161e-04 -1.744263e-01 -9.832893e-04 1.241683e-04 9.999995e-01 1.564301e+00
9.999874e-01 2.777619e-04 -5.008960e-03 -5.651984e-01 -2.729285e-04 9.999995e-01 9.656185e-04 -1.689748e-01 5.009226e-03 -9.642400e-04 9.999870e-01 1.355824e+00
9.999990e-01 -1.386753e-04 1.374376e-03 -7.828862e-01 1.394449e-04 9.999998e-01 -5.598524e-04 -1.720358e-01 -1.374298e-03 5.600442e-04 9.999989e-01 1.747523e+00
9.999888e-01 2.424570e-04 -4.735953e-03 -8.669031e-01 -2.387563e-04 9.999997e-01 7.819718e-04 -1.817052e-01 4.736141e-03 -7.808330e-04 9.999885e-01 2.408141e+00
9.999997e-01 -6.309156e-05 7.743562e-04 -1.153516e+00 6.329501e-05 1.000000e+00 -2.626319e-04 -1.797649e-01 -7.743393e-04 2.626815e-04 9.999997e-01 2.695137e+00
9.999886e-01 2.291605e-04 -4.777145e-03 -1.459669e+00 -2.249874e-04 9.999996e-01 8.740791e-04 -1.767998e-01 4.777344e-03 -8.729950e-04 9.999882e-01 2.800191e+00
9.999995e-01 -8.992746e-05 9.655240e-04 -1.708465e+00 9.026394e-05 9.999999e-01 -3.483856e-04 -1.778245e-01 -9.654922e-04 3.484733e-04 9.999995e-01 3.023936e+00
9.999856e-01 3.565786e-04 -5.360510e-03 -2.269450e+00 -3.501081e-04 9.999992e-01 1.207968e-03 -1.631330e-01 5.360936e-03 -1.206075e-03 9.999849e-01 3.022583e+00
9.999996e-01 -5.026489e-05 9.048157e-04 -2.896184e+00 5.058891e-05 9.999999e-01 -3.580014e-04 -1.423499e-01 -9.047973e-04 3.580477e-04 9.999995e-01 3.088646e+00
9.999860e-01 3.288795e-04 -5.272818e-03 -3.495679e+00 -3.226070e-04 9.999992e-01 1.190400e-03 -1.250598e-01 5.273205e-03 -1.188683e-03 9.999854e-01 3.136067e+00
9.999993e-01 -6.801697e-05 1.219821e-03 -3.995783e+00 6.841081e-05 9.999999e-01 -3.227700e-04 -1.131508e-01 -1.219799e-03 3.228539e-04 9.999992e-01 2.882469e+00
9.999863e-01 3.052897e-04 -5.218894e-03 -4.454207e+00 -2.990904e-04 9.999992e-01 1.188612e-03 -1.044658e-01 5.219252e-03 -1.187036e-03 9.999857e-01 2.524305e+00
9.999995e-01 -3.830578e-05 1.007286e-03 -5.008522e+00 3.856981e-05 1.000000e+00 -2.620256e-04 -9.370627e-02 -1.007275e-03 2.620650e-04 9.999995e-01 2.399919e+00
9.999864e-01 2.925444e-04 -5.202023e-03 -5.532310e+00 -2.867742e-04 9.999993e-01 1.109951e-03 -8.098816e-02 5.202344e-03 -1.108445e-03 9.999859e-01 2.394183e+00
9.999997e-01 4.777196e-05 7.325091e-04 -6.237014e+00 -4.768378e-05 1.000000e+00 -1.202808e-04 -5.969877e-02 -7.325145e-04 1.202465e-04 9.999997e-01 2.374295e+00
9.999896e-01 8.488341e-05 -4.562120e-03 -6.510151e+00 -8.188096e-05 9.999998e-01 6.583263e-04 -5.888929e-02 4.562175e-03 -6.579467e-04 9.999894e-01 2.635762e+00
9.999999e-01 1.088786e-04 4.144439e-04 -6.908084e+00 -1.088735e-04 1.000000e+00 -1.218468e-05 -5.162165e-02 -4.144449e-04 1.214027e-05 9.999999e-01 2.789033e+00
9.999890e-01 1.684298e-04 -4.677199e-03 -7.515618e+00 -1.633950e-04 9.999994e-01 1.076829e-03 -4.083970e-02 4.677377e-03 -1.076053e-03 9.999885e-01 2.244856e+00
9.999995e-01 -1.443099e-05 1.022616e-03 -7.803452e+00 1.475323e-05 1.000000e+00 -3.150230e-04 -3.714059e-02 -1.022611e-03 3.150386e-04 9.999994e-01 1.354631e+00
9.999935e-01 1.239032e-05 -3.605489e-03 -7.470247e+00 -1.027930e-05 9.999998e-01 5.855448e-04 -4.472364e-02 3.605495e-03 -5.855046e-04 9.999933e-01 1.045646e+00
1.000000e+00 4.784162e-05 1.127060e-04 -7.079264e+00 -4.781946e-05 1.000000e+00 -1.957636e-04 -4.520815e-02 -1.127150e-04 1.957589e-04 1.000000e+00 6.381036e-01
9.999928e-01 4.053111e-05 -3.787991e-03 -7.225866e+00 -3.763089e-05 9.999997e-01 7.657260e-04 -4.317630e-02 3.788021e-03 -7.655787e-04 9.999925e-01 4.588344e-01
1.000000e+00 1.357030e-04 1.412120e-04 -7.478796e+00 -1.356682e-04 1.000000e+00 -2.454617e-04 -4.107653e-02 -1.412450e-04 2.454432e-04 1.000000e+00 8.569775e-01
9.999954e-01 -2.535563e-04 -3.008626e-03 -7.158804e+00 2.549712e-04 9.999999e-01 4.699192e-04 -6.108957e-02 3.008506e-03 -4.706848e-04 9.999954e-01 1.068052e+00
9.999999e-01 3.074071e-04 -3.660559e-04 -7.188917e+00 -3.073956e-04 1.000000e+00 3.106638e-05 -6.562857e-02 3.660658e-04 -3.095315e-05 9.999999e-01 5.893688e-01
9.999964e-01 -2.054393e-04 -2.678310e-03 -7.322394e+00 2.072310e-04 9.999998e-01 6.687212e-04 -5.638931e-02 2.678171e-03 -6.692745e-04 9.999962e-01 -7.070339e-01
9.999998e-01 2.716876e-04 -6.084436e-04 -7.374255e+00 -2.717285e-04 1.000000e+00 -6.727751e-05 -6.793631e-02 6.084256e-04 6.744353e-05 9.999998e-01 -9.863716e-01
9.999958e-01 -2.447638e-04 -2.887551e-03 -7.389677e+00 2.464836e-04 9.999998e-01 5.952682e-04 -8.015690e-02 2.887404e-03 -5.959781e-04 9.999957e-01 -9.791338e-01
9.999999e-01 2.959097e-04 -4.398838e-04 -7.573371e+00 -2.958592e-04 9.999999e-01 1.146100e-04 -7.765587e-02 4.399180e-04 -1.144792e-04 9.999999e-01 -1.795872e+00
9.999961e-01 -1.232140e-04 -2.781697e-03 -6.660951e+00 1.237128e-04 1.000000e+00 1.791762e-04 -6.696004e-02 2.781674e-03 -1.795204e-04 9.999961e-01 -2.456476e+00
1.000000e+00 4.613411e-05 6.955693e-05 -5.628689e+00 -4.613391e-05 1.000000e+00 -1.519172e-06 -5.202986e-02 -6.955667e-05 1.516670e-06 1.000000e+00 -3.328373e+00
9.999951e-01 1.273173e-05 -3.130660e-03 -5.645779e+00 -1.107118e-05 9.999999e-01 5.304662e-04 -4.905042e-02 3.130666e-03 -5.304296e-04 9.999950e-01 -4.252222e+00
1.000000e+00 3.186798e-05 -7.138603e-05 -5.606906e+00 -3.187302e-05 1.000000e+00 -7.202006e-05 -4.988811e-02 7.138407e-05 7.202304e-05 1.000000e+00 -4.940047e+00
9.999953e-01 7.655042e-06 -3.065196e-03 -5.268869e+00 -6.414403e-06 9.999999e-01 4.047931e-04 -4.877275e-02 3.065199e-03 -4.047722e-04 9.999952e-01 -5.483202e+00
1.000000e+00 4.829054e-05 -2.436726e-04 -5.191718e+00 -4.828650e-05 1.000000e+00 1.616282e-05 -4.685804e-02 2.436737e-04 -1.615035e-05 1.000000e+00 -6.097605e+00
9.999946e-01 1.063398e-04 -3.272096e-03 -5.499437e+00 -1.035844e-04 9.999996e-01 8.422851e-04 -3.703221e-02 3.272184e-03 -8.419423e-04 9.999943e-01 -6.938943e+00
9.999999e-01 4.493737e-05 -3.299057e-04 -5.815376e+00 -4.494701e-05 1.000000e+00 -2.951165e-05 -2.850441e-02 3.299047e-04 2.952718e-05 9.999999e-01 -7.809355e+00
9.999951e-01 8.997133e-05 -3.123296e-03 -6.114089e+00 -8.721672e-05 9.999996e-01 8.821166e-04 -1.995789e-02 3.123374e-03 -8.818406e-04 9.999947e-01 -8.835347e+00
9.999999e-01 8.421368e-05 -4.750902e-04 -6.507740e+00 -8.417116e-05 1.000000e+00 8.930132e-05 -8.686586e-03 4.750981e-04 -8.926062e-05 9.999999e-01 -9.862736e+00
9.999955e-01 6.535825e-05 -2.996580e-03 -6.800104e+00 -6.325997e-05 9.999998e-01 7.003486e-04 1.513936e-03 2.996625e-03 -7.001566e-04 9.999953e-01 -1.075915e+01
9.999998e-01 1.130059e-04 -6.059517e-04 -7.238151e+00 -1.128232e-04 9.999999e-01 3.013160e-04 1.490272e-02 6.059861e-04 -3.012469e-04 9.999998e-01 -1.180758e+01
9.999944e-01 1.179711e-04 -3.355945e-03 -7.759807e+00 -1.154762e-04 9.999997e-01 7.436606e-04 2.773825e-02 3.356031e-03 -7.432696e-04 9.999941e-01 -1.257434e+01
9.999998e-01 1.466487e-04 -5.892773e-04 -8.352332e+00 -1.463986e-04 9.999999e-01 4.242798e-04 4.429318e-02 5.893398e-04 -4.241928e-04 9.999997e-01 -1.347279e+01
9.999949e-01 3.570594e-05 -3.196105e-03 -8.808864e+00 -3.396088e-05 9.999999e-01 5.460830e-04 5.771747e-02 3.196123e-03 -5.459724e-04 9.999947e-01 -1.443289e+01
9.999999e-01 1.342506e-04 -4.488214e-04 -9.227480e+00 -1.340459e-04 9.999999e-01 4.558183e-04 7.145130e-02 4.488829e-04 -4.557574e-04 9.999998e-01 -1.541566e+01
9.999938e-01 2.017003e-05 -3.508405e-03 -9.488565e+00 -1.995403e-05 1.000000e+00 6.163263e-05 7.528508e-02 3.508406e-03 -6.156295e-05 9.999938e-01 -1.540736e+01
9.999997e-01 2.128243e-05 7.629627e-04 -9.390551e+00 -2.131345e-05 1.000000e+00 4.081394e-05 5.816743e-02 -7.629615e-04 -4.082948e-05 9.999997e-01 -1.478885e+01
9.999892e-01 1.430977e-04 -4.639968e-03 -9.642027e+00 -1.405666e-04 9.999998e-01 5.458449e-04 6.372064e-02 4.640045e-03 -5.451875e-04 9.999891e-01 -1.508361e+01
9.999997e-01 5.009205e-05 7.876522e-04 -9.883894e+00 -5.007932e-05 1.000000e+00 -1.603079e-05 7.007721e-02 -7.876527e-04 1.599204e-05 9.999997e-01 -1.528716e+01
9.999961e-01 5.808651e-05 -2.779953e-03 -8.834634e+00 -5.760712e-05 1.000000e+00 1.725654e-04 5.750276e-02 2.779963e-03 -1.724053e-04 9.999961e-01 -1.493065e+01
9.999998e-01 1.429479e-04 -6.010556e-04 -9.156033e+00 -1.424970e-04 9.999997e-01 7.498624e-04 7.112793e-02 6.011629e-04 -7.497759e-04 9.999995e-01 -1.622643e+01
9.999956e-01 3.709428e-05 -2.976140e-03 -9.321845e+00 -3.783094e-05 1.000000e+00 -2.474254e-04 7.562190e-02 2.976131e-03 2.475362e-04 9.999955e-01 -1.652797e+01
1.000000e+00 1.016018e-05 2.667656e-04 -9.153068e+00 -1.026457e-05 9.999999e-01 3.917845e-04 6.611184e-02 -2.667613e-04 -3.917865e-04 9.999999e-01 -1.635353e+01
9.999948e-01 7.382363e-05 -3.229141e-03 -9.104694e+00 -7.361367e-05 1.000000e+00 6.517671e-05 7.339641e-02 3.229146e-03 -6.493936e-05 9.999948e-01 -1.738868e+01
9.999993e-01 -5.478596e-05 1.178162e-03 -7.899773e+00 5.472258e-05 1.000000e+00 5.393044e-05 7.707190e-02 -1.178164e-03 -5.386523e-05 9.999993e-01 -1.783087e+01
9.999905e-01 2.898100e-04 -4.350620e-03 -7.494807e+00 -2.891482e-04 9.999999e-01 1.527876e-04 8.566356e-02 4.350663e-03 -1.515289e-04 9.999905e-01 -1.743844e+01
9.999981e-01 -3.498012e-04 1.935540e-03 -6.913627e+00 3.500451e-04 9.999999e-01 -1.256131e-04 8.076668e-02 -1.935496e-03 1.262911e-04 9.999981e-01 -1.779829e+01
9.999903e-01 4.918172e-04 -4.376905e-03 -6.763931e+00 -4.896864e-04 9.999998e-01 4.879149e-04 9.392010e-02 4.377143e-03 -4.857675e-04 9.999903e-01 -1.915125e+01
9.999982e-01 -4.147867e-04 1.866311e-03 -6.289242e+00 4.154256e-04 9.999999e-01 -3.418396e-04 9.127723e-02 -1.866169e-03 3.426150e-04 9.999982e-01 -1.966148e+01
9.999860e-01 5.899554e-04 -5.264470e-03 -6.402795e+00 -5.867604e-04 9.999996e-01 6.084461e-04 9.843962e-02 5.264827e-03 -6.053493e-04 9.999860e-01 -1.907816e+01
9.999995e-01 -3.529956e-04 8.817831e-04 -6.717511e+00 3.532516e-04 9.999999e-01 -2.900889e-04 1.188977e-01 -8.816803e-04 2.904010e-04 9.999996e-01 -1.841456e+01
9.999830e-01 6.669193e-04 -5.794952e-03 -7.224312e+00 -6.617010e-04 9.999994e-01 9.023719e-04 1.440537e-01 5.795550e-03 -8.985227e-04 9.999828e-01 -1.805187e+01
9.999967e-01 -6.081970e-04 2.491617e-03 -6.998727e+00 6.099033e-04 9.999996e-01 -6.840778e-04 1.360251e-01 -2.491200e-03 6.855959e-04 9.999967e-01 -1.776329e+01
9.999847e-01 6.287551e-04 -5.490270e-03 -6.392355e+00 -6.243592e-04 9.999995e-01 8.023800e-04 1.399880e-01 5.490771e-03 -7.989405e-04 9.999846e-01 -1.804644e+01
9.999977e-01 -4.919033e-04 2.105065e-03 -6.634374e+00 4.920102e-04 9.999999e-01 -5.015810e-05 1.490360e-01 -2.105040e-03 5.119439e-05 9.999978e-01 -1.898351e+01
9.999861e-01 5.261266e-04 -5.240058e-03 -6.645487e+00 -5.229434e-04 9.999997e-01 6.088570e-04 1.524043e-01 5.240377e-03 -6.061090e-04 9.999861e-01 -1.977913e+01
9.999988e-01 -3.475815e-04 1.494332e-03 -6.938133e+00 3.474268e-04 9.999999e-01 1.038998e-04 1.604879e-01 -1.494368e-03 -1.033798e-04 9.999989e-01 -2.036298e+01
9.999894e-01 3.847795e-04 -4.588290e-03 -6.930845e+00 -3.829137e-04 9.999998e-01 4.075553e-04 1.635084e-01 4.588446e-03 -4.057947e-04 9.999894e-01 -2.124363e+01
9.999985e-01 -2.644402e-04 1.712547e-03 -7.053983e+00 2.638867e-04 9.999999e-01 3.234552e-04 1.765840e-01 -1.712632e-03 -3.230021e-04 9.999985e-01 -2.276857e+01
9.999911e-01 3.483274e-04 -4.202466e-03 -6.837745e+00 -3.481506e-04 9.999999e-01 4.282068e-05 1.907056e-01 4.202480e-03 -4.135791e-05 9.999912e-01 -2.411796e+01
9.999991e-01 -2.914056e-04 1.308891e-03 -6.795499e+00 2.908002e-04 9.999999e-01 4.627800e-04 1.952190e-01 -1.309025e-03 -4.623982e-04 9.999990e-01 -2.512828e+01
9.999872e-01 3.943399e-04 -5.042688e-03 -6.965802e+00 -3.942523e-04 9.999999e-01 1.839414e-05 1.977187e-01 5.042694e-03 -1.640651e-05 9.999873e-01 -2.516209e+01
9.999989e-01 -2.865974e-04 1.487936e-03 -7.029446e+00 2.860361e-04 9.999999e-01 3.775439e-04 1.991004e-01 -1.488044e-03 -3.771171e-04 9.999988e-01 -2.508046e+01
9.999849e-01 5.075192e-04 -5.477033e-03 -7.358897e+00 -5.059302e-04 9.999998e-01 2.915246e-04 2.113015e-01 5.477180e-03 -2.887499e-04 9.999850e-01 -2.541718e+01
9.999991e-01 -1.140808e-04 1.308203e-03 -8.103263e+00 1.128349e-04 9.999995e-01 9.525662e-04 2.355943e-01 -1.308310e-03 -9.524171e-04 9.999987e-01 -2.629803e+01
9.999864e-01 2.921389e-04 -5.198035e-03 -8.395570e+00 -2.932392e-04 9.999999e-01 -2.108906e-04 2.433241e-01 5.197973e-03 2.124113e-04 9.999865e-01 -2.673535e+01
9.999971e-01 -2.675346e-04 2.401183e-03 -8.087283e+00 2.665122e-04 9.999999e-01 4.261819e-04 2.388987e-01 -2.401296e-03 -4.255400e-04 9.999970e-01 -2.680832e+01
9.999809e-01 4.216698e-04 -6.173906e-03 -8.034900e+00 -4.223233e-04 9.999999e-01 -1.045270e-04 2.443997e-01 6.173861e-03 1.071317e-04 9.999809e-01 -2.641678e+01
9.999975e-01 -8.616710e-05 2.224849e-03 -7.757114e+00 8.537606e-05 9.999999e-01 3.557060e-04 2.702142e-01 -2.224879e-03 -3.555145e-04 9.999975e-01 -2.626508e+01
9.999890e-01 4.105190e-05 -4.695914e-03 -6.510345e+00 -4.245991e-05 1.000000e+00 -2.997067e-04 2.905311e-01 4.695901e-03 2.999021e-04 9.999889e-01 -2.701184e+01
9.999969e-01 2.433690e-04 2.460528e-03 -4.864022e+00 -2.440525e-04 9.999999e-01 2.775542e-04 3.239977e-01 -2.460460e-03 -2.781531e-04 9.999969e-01 -2.775851e+01
9.999903e-01 -7.743509e-07 -4.399951e-03 -2.929523e+00 -4.011048e-07 1.000000e+00 -2.671164e-04 3.614934e-01 4.399950e-03 2.671149e-04 9.999903e-01 -2.843579e+01
9.999971e-01 8.936420e-05 2.392553e-03 -1.230342e+00 -8.994221e-05 1.000000e+00 2.415470e-04 3.911889e-01 -2.392531e-03 -2.417608e-04 9.999971e-01 -2.919772e+01
9.999886e-01 -9.744266e-05 -4.773405e-03 -7.352920e-02 9.739389e-05 1.000000e+00 -1.041799e-05 3.891589e-01 4.773406e-03 9.952272e-06 9.999886e-01 -2.955308e+01
9.999987e-01 1.160446e-04 1.602606e-03 2.398079e-01 -1.166598e-04 9.999999e-01 3.838914e-04 3.862721e-01 -1.602561e-03 -3.840771e-04 9.999986e-01 -3.006075e+01
9.999897e-01 -1.056595e-04 -4.548166e-03 7.023443e-01 1.060178e-04 1.000000e+00 7.857985e-05 3.792782e-01 4.548157e-03 -7.906192e-05 9.999897e-01 -3.034765e+01
9.999983e-01 1.115196e-04 1.835278e-03 1.295385e+00 -1.118829e-04 1.000000e+00 1.979859e-04 3.749601e-01 -1.835255e-03 -1.981902e-04 9.999983e-01 -3.073306e+01
9.999888e-01 -1.003614e-04 -4.740682e-03 1.788411e+00 1.006780e-04 1.000000e+00 6.657846e-05 3.615754e-01 4.740675e-03 -6.705569e-05 9.999888e-01 -3.062634e+01
9.999980e-01 1.125532e-04 1.980365e-03 2.325165e+00 -1.130005e-04 1.000000e+00 2.258322e-04 3.571681e-01 -1.980339e-03 -2.260548e-04 9.999980e-01 -3.103489e+01
9.999866e-01 -3.503219e-05 -5.177501e-03 2.310390e+00 3.673941e-05 9.999999e-01 3.296752e-04 3.618967e-01 5.177489e-03 -3.298617e-04 9.999865e-01 -3.179584e+01
9.999989e-01 2.271095e-04 1.452615e-03 1.969963e+00 -2.277519e-04 9.999999e-01 4.422033e-04 3.745065e-01 -1.452514e-03 -4.425330e-04 9.999988e-01 -3.248765e+01
9.999909e-01 -1.643332e-04 -4.261733e-03 2.302494e+00 1.642759e-04 1.000000e+00 -1.375801e-05 3.680958e-01 4.261735e-03 1.305709e-05 9.999909e-01 -3.280731e+01
9.999989e-01 2.430487e-04 1.443980e-03 2.660076e+00 -2.435735e-04 9.999999e-01 3.634184e-04 3.664319e-01 -1.443892e-03 -3.637691e-04 9.999989e-01 -3.310996e+01
9.999909e-01 -1.991996e-04 -4.255372e-03 3.337428e+00 1.990577e-04 1.000000e+00 -3.374009e-05 3.533757e-01 4.255379e-03 3.289202e-05 9.999909e-01 -3.308764e+01
9.999986e-01 1.674843e-04 1.677882e-03 4.386793e+00 -1.678987e-04 1.000000e+00 2.469266e-04 3.478134e-01 -1.677840e-03 -2.472072e-04 9.999986e-01 -3.323453e+01
9.999909e-01 -1.293723e-04 -4.268080e-03 5.283503e+00 1.292223e-04 1.000000e+00 -3.538514e-05 3.445881e-01 4.268084e-03 3.483259e-05 9.999909e-01 -3.348825e+01
9.999991e-01 1.435312e-04 1.325140e-03 6.050151e+00 -1.441953e-04 9.999999e-01 5.011767e-04 3.260699e-01 -1.325067e-03 -5.013667e-04 9.999990e-01 -3.328555e+01
9.999909e-01 -4.017650e-05 -4.261984e-03 6.897389e+00 4.045336e-05 1.000000e+00 6.491357e-05 3.006915e-01 4.261981e-03 -6.508609e-05 9.999909e-01 -3.298700e+01
9.999989e-01 -2.255336e-05 1.456225e-03 7.705607e+00 2.196465e-05 9.999999e-01 4.044024e-04 2.822853e-01 -1.456234e-03 -4.043693e-04 9.999989e-01 -3.286785e+01
9.999898e-01 1.354964e-04 -4.515812e-03 8.503883e+00 -1.348909e-04 1.000000e+00 1.344154e-04 2.611255e-01 4.515830e-03 -1.338056e-04 9.999898e-01 -3.257916e+01
9.999985e-01 -1.277579e-04 1.715428e-03 9.387475e+00 1.270476e-04 9.999999e-01 4.142738e-04 2.390342e-01 -1.715480e-03 -4.140545e-04 9.999984e-01 -3.236007e+01
9.999901e-01 1.164677e-04 -4.455460e-03 1.020864e+01 -1.158280e-04 1.000000e+00 1.438735e-04 2.098816e-01 4.455477e-03 -1.433567e-04 9.999901e-01 -3.204751e+01
9.999987e-01 -4.228038e-05 1.588038e-03 1.094335e+01 4.167727e-05 9.999999e-01 3.799279e-04 1.837683e-01 -1.588053e-03 -3.798605e-04 9.999987e-01 -3.176973e+01
9.999913e-01 3.165302e-05 -4.172396e-03 1.175492e+01 -3.083601e-05 1.000000e+00 1.959194e-04 1.528394e-01 4.172402e-03 -1.957897e-04 9.999913e-01 -3.142319e+01
9.999991e-01 1.721440e-04 1.331424e-03 1.282558e+01 -1.726418e-04 9.999999e-01 3.738602e-04 1.295639e-01 -1.331359e-03 -3.740891e-04 9.999990e-01 -3.130118e+01
9.999926e-01 -2.631247e-04 -3.850936e-03 1.365807e+01 2.634225e-04 1.000000e+00 7.688853e-05 1.055671e-01 3.850915e-03 -7.790307e-05 9.999926e-01 -3.110132e+01
9.999994e-01 2.793891e-04 1.056052e-03 1.402089e+01 -2.797017e-04 9.999999e-01 2.959762e-04 9.084734e-02 -1.055969e-03 -2.962707e-04 9.999994e-01 -3.113746e+01
9.999921e-01 -1.985971e-04 -3.963316e-03 1.417911e+01 1.992994e-04 1.000000e+00 1.768473e-04 7.901464e-02 3.963280e-03 -1.776365e-04 9.999921e-01 -3.117832e+01
9.999993e-01 2.995481e-04 1.180705e-03 1.434847e+01 -2.998416e-04 9.999999e-01 2.486015e-04 6.367689e-02 -1.180630e-03 -2.489546e-04 9.999993e-01 -3.092710e+01
9.999919e-01 -2.081564e-04 -4.007895e-03 1.456798e+01 2.090500e-04 1.000000e+00 2.225711e-04 5.279586e-02 4.007848e-03 -2.234079e-04 9.999919e-01 -3.085343e+01
9.999994e-01 2.927410e-04 1.023446e-03 1.476698e+01 -2.929025e-04 9.999999e-01 1.577604e-04 4.434801e-02 -1.023400e-03 -1.580594e-04 9.999995e-01 -3.082323e+01
9.999889e-01 -4.536783e-05 -4.703209e-03 1.438651e+01 4.822459e-05 9.999998e-01 6.073328e-04 5.328350e-02 4.703180e-03 -6.075536e-04 9.999888e-01 -3.095311e+01
9.999988e-01 2.150118e-04 1.561941e-03 1.434031e+01 -2.148824e-04 1.000000e+00 -8.283709e-05 4.392193e-02 -1.561959e-03 8.250204e-05 9.999988e-01 -3.051910e+01
9.999868e-01 2.713392e-05 -5.140680e-03 1.410261e+01 -2.331692e-05 9.999997e-01 7.426024e-04 4.442103e-02 5.140698e-03 -7.424734e-04 9.999865e-01 -3.017149e+01
9.999993e-01 2.433663e-04 1.133708e-03 1.366174e+01 -2.434189e-04 1.000000e+00 4.638968e-05 5.371619e-02 -1.133696e-03 -4.666493e-05 9.999994e-01 -3.019643e+01
9.999898e-01 -1.262392e-04 -4.509796e-03 1.362806e+01 1.285982e-04 9.999999e-01 5.228348e-04 5.800164e-02 4.509729e-03 -5.234101e-04 9.999897e-01 -3.076211e+01
9.999994e-01 2.829760e-04 1.014231e-03 1.352990e+01 -2.831082e-04 1.000000e+00 1.304663e-04 5.778734e-02 -1.014194e-03 -1.307527e-04 9.999995e-01 -3.099171e+01
9.999866e-01 2.708215e-05 -5.173675e-03 1.301222e+01 -2.334175e-05 9.999997e-01 7.230629e-04 6.793194e-02 5.173693e-03 -7.229332e-04 9.999864e-01 -3.090779e+01
9.999995e-01 2.340762e-04 1.005643e-03 1.249130e+01 -2.341706e-04 1.000000e+00 9.397755e-05 7.888280e-02 -1.005621e-03 -9.421231e-05 9.999995e-01 -3.091589e+01
9.999890e-01 8.513691e-06 -4.699888e-03 1.216702e+01 -5.669274e-06 9.999998e-01 6.052631e-04 8.094918e-02 4.699892e-03 -6.052305e-04 9.999888e-01 -3.083315e+01
9.999982e-01 5.571308e-05 1.889685e-03 1.243646e+01 -5.521194e-05 1.000000e+00 -2.651486e-04 6.111209e-02 -1.889700e-03 2.650445e-04 9.999982e-01 -3.052387e+01
9.999898e-01 2.039719e-06 -4.526981e-03 1.325733e+01 1.798994e-06 9.999996e-01 8.480014e-04 2.672165e-02 4.526981e-03 -8.480016e-04 9.999894e-01 -3.011537e+01
9.999985e-01 -4.868517e-05 1.738373e-03 1.378314e+01 4.946526e-05 9.999999e-01 -4.485945e-04 6.923405e-05 -1.738350e-03 4.486805e-04 9.999984e-01 -2.976708e+01
9.999880e-01 9.095440e-05 -4.891605e-03 1.410087e+01 -8.703316e-05 9.999997e-01 8.018739e-04 -2.073523e-02 4.891676e-03 -8.014393e-04 9.999877e-01 -2.930460e+01
9.999982e-01 -8.156206e-05 1.875077e-03 1.457662e+01 8.244440e-05 9.999999e-01 -4.703881e-04 -4.261899e-02 -1.875038e-03 4.705426e-04 9.999981e-01 -2.899802e+01
9.999892e-01 3.746658e-05 -4.643095e-03 1.507372e+01 -3.434190e-05 9.999998e-01 6.730945e-04 -5.844061e-02 4.643119e-03 -6.729284e-04 9.999890e-01 -2.889654e+01
9.999980e-01 -5.097085e-06 1.985954e-03 1.560861e+01 5.747090e-06 9.999999e-01 -3.271953e-04 -8.010763e-02 -1.985952e-03 3.272067e-04 9.999980e-01 -2.870938e+01
9.999899e-01 -2.004546e-05 -4.497695e-03 1.612176e+01 2.212247e-05 9.999999e-01 4.617885e-04 -9.875076e-02 4.497685e-03 -4.618840e-04 9.999898e-01 -2.859058e+01
9.999989e-01 1.717853e-04 1.498651e-03 1.643282e+01 -1.712263e-04 9.999999e-01 -3.730413e-04 -8.913861e-02 -1.498715e-03 3.727850e-04 9.999988e-01 -2.812933e+01
9.999856e-01 9.778292e-05 -5.360610e-03 1.652782e+01 -9.401467e-05 9.999997e-01 7.032371e-04 -6.958792e-02 5.360677e-03 -7.027237e-04 9.999854e-01 -2.770265e+01
9.999971e-01 -5.597811e-06 2.394362e-03 1.661833e+01 6.151339e-06 1.000000e+00 -2.310878e-04 -7.656570e-02 -2.394360e-03 2.311025e-04 9.999971e-01 -2.769874e+01
9.999862e-01 4.702385e-05 -5.262314e-03 1.725233e+01 -4.370620e-05 9.999998e-01 6.306051e-04 -9.801288e-02 5.262342e-03 -6.303671e-04 9.999860e-01 -2.739067e+01
9.999966e-01 -1.042216e-04 2.588029e-03 1.785875e+01 1.052622e-04 9.999999e-01 -4.018569e-04 -1.188346e-01 -2.587987e-03 4.021286e-04 9.999966e-01 -2.716894e+01
9.999868e-01 2.104283e-04 -5.127310e-03 1.880471e+01 -2.070319e-04 9.999998e-01 6.629605e-04 -1.236177e-01 5.127448e-03 -6.618909e-04 9.999866e-01 -2.726620e+01
9.999986e-01 5.733884e-04 1.545666e-03 1.896830e+01 -5.737143e-04 9.999998e-01 2.105388e-04 -4.339792e-02 -1.545545e-03 -2.114246e-04 9.999988e-01 -2.964023e+01
9.999908e-01 -5.826142e-04 -4.257973e-03 1.924752e+01 5.863573e-04 9.999994e-01 8.779236e-04 4.893993e-03 4.257459e-03 -8.804128e-04 9.999905e-01 -3.162341e+01
9.999978e-01 6.043598e-04 1.985638e-03 2.040240e+01 -6.034396e-04 9.999997e-01 -4.638759e-04 -1.944502e-02 -1.985918e-03 4.626774e-04 9.999979e-01 -3.146602e+01
9.999894e-01 -6.798580e-04 -4.555540e-03 2.108715e+01 6.830625e-04 9.999995e-01 7.019612e-04 -4.036976e-02 4.555060e-03 -7.050661e-04 9.999894e-01 -3.137565e+01
9.999994e-01 8.054567e-04 7.459392e-04 2.071404e+01 -8.055519e-04 9.999997e-01 1.276566e-04 -3.351752e-02 -7.458358e-04 -1.282567e-04 9.999997e-01 -3.207463e+01
9.999897e-01 -6.361023e-04 -4.502615e-03 2.037049e+01 6.392408e-04 9.999996e-01 6.956774e-04 -2.739650e-02 4.502170e-03 -6.985492e-04 9.999896e-01 -3.287045e+01
9.999985e-01 7.647194e-04 1.583300e-03 2.096103e+01 -7.639200e-04 9.999996e-01 -5.052753e-04 -1.682946e-02 -1.583685e-03 5.040657e-04 9.999986e-01 -3.366932e+01
9.999924e-01 -9.091780e-04 -3.798226e-03 2.210646e+01 9.111182e-04 9.999995e-01 5.091712e-04 1.279343e-02 3.797760e-03 -5.126286e-04 9.999927e-01 -3.501308e+01
9.999983e-01 1.788310e-03 -5.227819e-04 2.076833e+01 -1.787571e-03 9.999974e-01 1.409381e-03 8.340024e-02 5.253013e-04 -1.408444e-03 9.999989e-01 -3.704414e+01
9.999907e-01 -1.008835e-03 -4.188914e-03 1.933875e+01 1.010636e-03 9.999994e-01 4.278501e-04 1.538965e-01 4.188480e-03 -4.320802e-04 9.999911e-01 -3.852196e+01
9.999980e-01 1.123251e-03 1.675711e-03 1.947933e+01 -1.123362e-03 9.999994e-01 6.535786e-05 1.557963e-01 -1.675636e-03 -6.723948e-05 9.999986e-01 -3.923749e+01
9.999890e-01 -1.024598e-03 -4.572136e-03 2.000445e+01 1.026594e-03 9.999994e-01 4.343248e-04 1.529967e-01 4.571687e-03 -4.390144e-04 9.999895e-01 -3.974373e+01
9.999987e-01 1.081334e-03 1.154261e-03 2.031577e+01 -1.081360e-03 9.999994e-01 2.183321e-05 1.496555e-01 -1.154237e-03 -2.308068e-05 9.999993e-01 -4.007190e+01
9.999887e-01 -9.893831e-04 -4.641977e-03 2.033132e+01 9.919378e-04 9.999994e-01 5.481175e-04 1.531862e-01 4.641431e-03 -5.527166e-04 9.999891e-01 -4.063841e+01
9.999989e-01 1.058966e-03 1.033474e-03 2.017974e+01 -1.059114e-03 9.999994e-01 1.429571e-04 1.571586e-01 -1.033322e-03 -1.440508e-04 9.999995e-01 -4.110169e+01
9.999854e-01 -9.019440e-04 -5.330271e-03 2.007809e+01 9.048084e-04 9.999994e-01 5.350463e-04 1.658753e-01 5.329786e-03 -5.398621e-04 9.999857e-01 -4.127337e+01
9.999975e-01 9.284440e-04 2.041060e-03 2.088784e+01 -9.281617e-04 9.999996e-01 -1.391500e-04 1.515881e-01 -2.041188e-03 1.372559e-04 9.999979e-01 -4.121270e+01
9.999847e-01 -9.497723e-04 -5.441265e-03 2.151370e+01 9.520843e-04 9.999995e-01 4.223682e-04 1.421148e-01 5.440861e-03 -4.275430e-04 9.999851e-01 -4.112839e+01
9.999985e-01 1.026484e-03 1.402428e-03 2.132662e+01 -1.026686e-03 9.999995e-01 1.435481e-04 1.458899e-01 -1.402280e-03 -1.449870e-04 9.999990e-01 -4.112466e+01
9.999858e-01 -9.526084e-04 -5.238028e-03 2.118985e+01 9.547424e-04 9.999995e-01 4.049690e-04 1.464066e-01 5.237639e-03 -4.099649e-04 9.999862e-01 -4.116531e+01
9.999978e-01 9.497984e-04 1.860652e-03 2.141256e+01 -9.495553e-04 9.999995e-01 -1.313750e-04 1.293561e-01 -1.860776e-03 1.296086e-04 9.999983e-01 -4.092665e+01
9.999889e-01 -9.538887e-04 -4.603872e-03 2.164106e+01 9.558282e-04 9.999995e-01 4.191441e-04 1.007045e-01 4.603469e-03 -4.235406e-04 9.999893e-01 -4.009121e+01
9.999977e-01 9.797010e-04 1.930114e-03 2.209145e+01 -9.795538e-04 9.999995e-01 -7.705807e-05 6.723553e-02 -1.930189e-03 7.516791e-05 9.999981e-01 -3.936402e+01
9.999891e-01 -1.009040e-03 -4.564110e-03 2.299846e+01 1.011189e-03 9.999994e-01 4.687110e-04 5.058364e-02 4.563634e-03 -4.733217e-04 9.999895e-01 -3.938709e+01
9.999981e-01 9.879545e-04 1.685200e-03 2.338585e+01 -9.878382e-04 9.999995e-01 -6.972521e-05 2.951444e-02 -1.685268e-03 6.806105e-05 9.999986e-01 -3.923275e+01
9.999889e-01 -9.227792e-04 -4.609884e-03 2.337072e+01 9.240829e-04 9.999995e-01 2.807358e-04 1.343078e-02 4.609622e-03 -2.849933e-04 9.999893e-01 -3.850161e+01
9.999985e-01 8.972761e-04 1.478661e-03 2.378787e+01 -8.974555e-04 9.999996e-01 1.208481e-04 -5.429492e-03 -1.478552e-03 -1.221743e-04 9.999989e-01 -3.836391e+01
9.999889e-01 -8.025687e-04 -4.650981e-03 2.499977e+01 8.024395e-04 9.999997e-01 -2.959432e-05 1.915447e-02 4.651003e-03 2.586118e-05 9.999892e-01 -3.939860e+01
9.999983e-01 7.718765e-04 1.686045e-03 2.554283e+01 -7.726024e-04 9.999996e-01 4.300234e-04 2.504130e-03 -1.685712e-03 -4.313246e-04 9.999985e-01 -3.934992e+01
9.999861e-01 -6.019330e-04 -5.240289e-03 2.530099e+01 6.017503e-04 9.999998e-01 -3.639245e-05 3.991384e-03 5.240310e-03 3.323792e-05 9.999863e-01 -3.872000e+01
9.999989e-01 8.661598e-04 1.182718e-03 2.479755e+01 -8.669392e-04 9.999994e-01 6.588210e-04 2.043296e-02 -1.182146e-03 -6.598450e-04 9.999991e-01 -3.825892e+01
9.999842e-01 -7.102843e-04 -5.581815e-03 2.435704e+01 7.100399e-04 9.999997e-01 -4.572283e-05 2.832354e-02 5.581846e-03 4.175812e-05 9.999844e-01 -3.805899e+01
9.999977e-01 7.928088e-04 1.993895e-03 2.415418e+01 -7.942101e-04 9.999994e-01 7.021986e-04 4.035130e-02 -1.993337e-03 -7.037799e-04 9.999978e-01 -3.875354e+01
9.999863e-01 -7.137739e-04 -5.177594e-03 2.406076e+01 7.130184e-04 9.999997e-01 -1.477130e-04 5.455769e-02 5.177698e-03 1.440186e-04 9.999866e-01 -3.982999e+01
9.999970e-01 7.643041e-04 2.336308e-03 2.422004e+01 -7.654922e-04 9.999996e-01 5.077728e-04 7.279352e-02 -2.335919e-03 -5.095590e-04 9.999971e-01 -4.116057e+01
9.999902e-01 -3.404184e-04 -4.413860e-03 2.478841e+01 3.391480e-04 9.999999e-01 -2.885120e-04 1.324337e-01 4.413957e-03 2.870116e-04 9.999902e-01 -4.442116e+01
9.999945e-01 9.206794e-04 3.188204e-03 2.604234e+01 -9.218233e-04 9.999995e-01 3.574049e-04 2.330459e-01 -3.187873e-03 -3.603412e-04 9.999949e-01 -4.917008e+01
9.999908e-01 -5.177847e-04 -4.261452e-03 2.729010e+01 5.167123e-04 9.999998e-01 -2.526988e-04 3.315569e-01 4.261582e-03 2.504939e-04 9.999909e-01 -5.384265e+01
9.999946e-01 6.622874e-04 3.207474e-03 2.793197e+01 -6.642520e-04 9.999996e-01 6.115783e-04 4.025629e-01 -3.207068e-03 -6.137049e-04 9.999947e-01 -5.764212e+01
9.999871e-01 -5.875606e-04 -5.054469e-03 2.800941e+01 5.877837e-04 9.999998e-01 4.270855e-05 4.402698e-01 5.054442e-03 -4.567960e-05 9.999872e-01 -6.019478e+01
9.999981e-01 7.558575e-04 1.802075e-03 2.822959e+01 -7.566750e-04 9.999996e-01 4.531304e-04 4.613780e-01 -1.801732e-03 -4.544925e-04 9.999983e-01 -6.158502e+01
9.999926e-01 -7.648933e-04 -3.780838e-03 2.857396e+01 7.666871e-04 9.999996e-01 4.730935e-04 5.138668e-01 3.780475e-03 -4.759894e-04 9.999927e-01 -6.441404e+01
9.999995e-01 8.433494e-04 6.126290e-04 2.838303e+01 -8.434964e-04 9.999996e-01 2.402177e-04 5.299962e-01 -6.124259e-04 -2.407336e-04 9.999998e-01 -6.580491e+01
9.999928e-01 -7.788242e-04 -3.726329e-03 2.848232e+01 7.800189e-04 9.999996e-01 3.192362e-04 5.417547e-01 3.726078e-03 -3.221411e-04 9.999930e-01 -6.684892e+01
9.999993e-01 7.778355e-04 9.389745e-04 2.884492e+01 -7.778844e-04 9.999997e-01 5.205111e-05 5.324346e-01 -9.389334e-04 -5.278081e-05 9.999996e-01 -6.709178e+01
9.999912e-01 -7.752862e-04 -4.127944e-03 2.917219e+01 7.766241e-04 9.999996e-01 3.225769e-04 5.144188e-01 4.127692e-03 -3.257805e-04 9.999914e-01 -6.664307e+01
9.999995e-01 8.653373e-04 5.506972e-04 2.906697e+01 -8.653339e-04 9.999996e-01 -5.893903e-06 5.093177e-01 -5.507018e-04 5.418033e-06 9.999998e-01 -6.608933e+01
9.999913e-01 -8.490772e-04 -4.085754e-03 2.927894e+01 8.499956e-04 9.999996e-01 2.231159e-04 4.969897e-01 4.085563e-03 -2.265875e-04 9.999916e-01 -6.587297e+01
9.999991e-01 9.333132e-04 9.391552e-04 2.915833e+01 -9.337938e-04 9.999994e-01 5.116177e-04 5.080018e-01 -9.386769e-04 -5.124936e-04 9.999994e-01 -6.702928e+01
9.999893e-01 -8.088049e-04 -4.563172e-03 2.896950e+01 8.091693e-04 9.999997e-01 7.807325e-05 5.290669e-01 4.563107e-03 -8.176546e-05 9.999896e-01 -6.818476e+01
9.999987e-01 9.294628e-04 1.299557e-03 2.923376e+01 -9.299174e-04 9.999995e-01 3.494778e-04 5.521201e-01 -1.299231e-03 -3.506851e-04 9.999991e-01 -6.954182e+01
9.999898e-01 -8.838454e-04 -4.423261e-03 3.005324e+01 8.829796e-04 9.999996e-01 -1.976199e-04 5.732365e-01 4.423433e-03 1.937116e-04 9.999902e-01 -7.076839e+01
9.999980e-01 9.437155e-04 1.770399e-03 3.031362e+01 -9.450629e-04 9.999993e-01 7.605591e-04 5.936677e-01 -1.769680e-03 -7.622301e-04 9.999981e-01 -7.222757e+01
9.999880e-01 -8.265780e-04 -4.837399e-03 3.046118e+01 8.246745e-04 9.999996e-01 -3.954291e-04 5.816114e-01 4.837723e-03 3.914344e-04 9.999882e-01 -7.141119e+01
9.999973e-01 8.620721e-04 2.178156e-03 3.065275e+01 -8.634406e-04 9.999994e-01 6.275494e-04 5.556755e-01 -2.177614e-03 -6.294277e-04 9.999974e-01 -7.052677e+01
9.999874e-01 -8.554774e-04 -4.952999e-03 3.081573e+01 8.539475e-04 9.999996e-01 -3.109365e-04 5.323845e-01 4.953263e-03 3.067023e-04 9.999877e-01 -6.993035e+01
9.999984e-01 9.121802e-04 1.550321e-03 3.089154e+01 -9.130990e-04 9.999994e-01 5.922078e-04 5.209390e-01 -1.549780e-03 -5.936218e-04 9.999986e-01 -6.936684e+01
9.999880e-01 -8.911290e-04 -4.812148e-03 3.102577e+01 8.899589e-04 9.999996e-01 -2.452230e-04 5.068797e-01 4.812364e-03 2.409368e-04 9.999884e-01 -6.900861e+01
9.999984e-01 8.870734e-04 1.542633e-03 3.114863e+01 -8.880200e-04 9.999994e-01 6.132363e-04 4.944037e-01 -1.542088e-03 -6.146046e-04 9.999986e-01 -6.899425e+01
9.999882e-01 -8.653108e-04 -4.771525e-03 3.140995e+01 8.637523e-04 9.999996e-01 -3.286230e-04 4.911525e-01 4.771807e-03 3.244970e-04 9.999886e-01 -6.952093e+01
9.999982e-01 9.155529e-04 1.662546e-03 3.173413e+01 -9.166532e-04 9.999994e-01 6.613309e-04 4.969121e-01 -1.661939e-03 -6.628531e-04 9.999984e-01 -7.034253e+01
9.999882e-01 -8.697962e-04 -4.776182e-03 3.189593e+01 8.689958e-04 9.999996e-01 -1.696035e-04 5.011104e-01 4.776327e-03 1.654504e-04 9.999886e-01 -7.117621e+01
9.999979e-01 1.034429e-03 1.743816e-03 3.195387e+01 -1.035518e-03 9.999993e-01 6.241540e-04 5.252839e-01 -1.743169e-03 -6.259578e-04 9.999983e-01 -7.312664e+01
9.999916e-01 -9.318422e-04 -3.983212e-03 3.195572e+01 9.322807e-04 9.999996e-01 1.082995e-04 5.507567e-01 3.983109e-03 -1.120127e-04 9.999921e-01 -7.517973e+01
9.999991e-01 1.074724e-03 8.299798e-04 3.168447e+01 -1.075346e-03 9.999991e-01 7.497000e-04 5.669950e-01 -8.291731e-04 -7.505912e-04 9.999994e-01 -7.689793e+01
9.999924e-01 -8.894673e-04 -3.799874e-03 3.144269e+01 8.898706e-04 9.999996e-01 1.045262e-04 5.949798e-01 3.799779e-03 -1.079075e-04 9.999928e-01 -7.922909e+01
9.999983e-01 1.162398e-03 1.453154e-03 3.132268e+01 -1.163363e-03 9.999991e-01 6.633419e-04 6.464274e-01 -1.452381e-03 -6.650306e-04 9.999987e-01 -8.276783e+01
9.999929e-01 -1.030351e-03 -3.635889e-03 3.124932e+01 1.031428e-03 9.999994e-01 2.943496e-04 6.764307e-01 3.635583e-03 -2.980983e-04 9.999933e-01 -8.503128e+01
9.999992e-01 1.200201e-03 4.649375e-04 3.116318e+01 -1.200319e-03 9.999992e-01 2.531627e-04 7.079342e-01 -4.646330e-04 -2.537199e-04 9.999999e-01 -8.742050e+01
9.999968e-01 -1.032611e-03 -2.324089e-03 3.115376e+01 1.034025e-03 9.999993e-01 6.076811e-04 7.491538e-01 2.323460e-03 -6.100830e-04 9.999971e-01 -9.023575e+01
9.999986e-01 1.105514e-03 -1.240851e-03 3.151086e+01 -1.105666e-03 9.999994e-01 -1.222997e-04 7.608728e-01 1.240715e-03 1.236722e-04 9.999992e-01 -9.097666e+01
9.999968e-01 -1.149741e-03 -2.264572e-03 3.206884e+01 1.150878e-03 9.999992e-01 5.010827e-04 7.550977e-01 2.263994e-03 -5.036880e-04 9.999973e-01 -9.106881e+01
9.999988e-01 1.303879e-03 -8.882856e-04 3.233550e+01 -1.304155e-03 9.999991e-01 -3.108752e-04 7.836567e-01 8.878798e-04 3.120339e-04 9.999996e-01 -9.312226e+01
9.999989e-01 -1.123117e-03 -1.002066e-03 3.222450e+01 1.124435e-03 9.999985e-01 1.316079e-03 8.205988e-01 1.000586e-03 -1.317205e-03 9.999986e-01 -9.581723e+01
9.999975e-01 1.157506e-03 -1.916564e-03 3.234153e+01 -1.159204e-03 9.999989e-01 -8.848951e-04 8.231985e-01 1.915538e-03 8.871152e-04 9.999978e-01 -9.660062e+01
9.999985e-01 -1.200642e-03 -1.231770e-03 3.267139e+01 1.202122e-03 9.999986e-01 1.201713e-03 8.168200e-01 1.230325e-03 -1.203192e-03 9.999985e-01 -9.688238e+01
9.999969e-01 1.236403e-03 -2.175031e-03 3.266109e+01 -1.238172e-03 9.999989e-01 -8.122117e-04 8.092694e-01 2.174024e-03 8.149029e-04 9.999973e-01 -9.701559e+01
9.999986e-01 -1.208148e-03 -1.142344e-03 3.268965e+01 1.209570e-03 9.999985e-01 1.244809e-03 8.065481e-01 1.140838e-03 -1.246190e-03 9.999986e-01 -9.752140e+01
9.999970e-01 1.277043e-03 -2.105019e-03 3.259942e+01 -1.278354e-03 9.999990e-01 -6.213456e-04 8.068600e-01 2.104224e-03 6.240353e-04 9.999976e-01 -9.825519e+01
9.999984e-01 -1.241551e-03 -1.291896e-03 3.263602e+01 1.242903e-03 9.999987e-01 1.047043e-03 8.020033e-01 1.290594e-03 -1.048648e-03 9.999986e-01 -9.873027e+01
