9.999918e-01 2.097203e-04 -4.054682e-03 -3.820449e-01 -2.071636e-04 9.999998e-01 6.309759e-04 1.048338e-02 4.054813e-03 -6.301314e-04 9.999916e-01 2.060556e-01
1.000000e+00 -4.875991e-05 1.048898e-04 -5.988378e-01 4.875924e-05 1.000000e+00 6.655547e-06 1.131976e-02 -1.048898e-04 -6.649720e-06 1.000000e+00 1.812767e-01
9.999913e-01 2.477360e-04 -4.174283e-03 -1.034203e+00 -2.447355e-04 9.999997e-01 7.193067e-04 2.314336e-02 4.174459e-03 -7.182796e-04 9.999910e-01 2.437094e-01
1.000000e+00 5.128783e-05 -2.127900e-04 -1.656114e+00 -5.127954e-05 1.000000e+00 3.880419e-05 5.249124e-02 2.127924e-04 -3.879257e-05 1.000000e+00 5.745187e-01
9.999843e-01 6.803362e-04 -5.561970e-03 -3.236324e+00 -6.721924e-04 9.999987e-01 1.465933e-03 1.292495e-01 5.562960e-03 -1.462172e-03 9.999835e-01 8.872514e-01
9.999997e-01 2.656619e-04 -6.980691e-04 -5.245338e+00 -2.653940e-04 9.999999e-01 3.838593e-04 2.253821e-01 6.981714e-04 -3.836732e-04 9.999997e-01 1.189123e+00
9.999822e-01 9.202641e-04 -5.894245e-03 -7.613806e+00 -9.094475e-04 9.999979e-01 1.837539e-03 3.384147e-01 5.895923e-03 -1.832146e-03 9.999809e-01 1.391884e+00
9.999998e-01 -1.821653e-04 5.603785e-04 -9.033293e+00 1.823135e-04 9.999999e-01 -2.643442e-04 3.973658e-01 -5.603300e-04 2.644470e-04 9.999998e-01 1.392045e+00
9.999911e-01 3.140316e-04 -4.213169e-03 -9.190730e+00 -3.102398e-04 9.999995e-01 9.006169e-04 3.949844e-01 4.213449e-03 -8.993024e-04 9.999907e-01 1.505253e+00
1.000000e+00 9.249376e-06 -1.478736e-04 -9.897862e+00 -9.255089e-06 1.000000e+00 -3.889983e-05 4.215897e-01 1.478736e-04 3.890191e-05 1.000000e+00 1.782720e+00
9.999916e-01 2.672371e-04 -4.099687e-03 -1.041217e+01 -2.646942e-04 9.999998e-01 6.208163e-04 4.432022e-01 4.099852e-03 -6.197266e-04 9.999914e-01 2.158215e+00
9.999999e-01 -2.241581e-04 4.967635e-04 -1.042814e+01 2.242995e-04 9.999999e-01 -2.847115e-04 4.385189e-01 -4.966993e-04 2.848235e-04 9.999998e-01 2.575590e+00
9.999922e-01 3.678420e-04 -3.930430e-03 -1.066314e+01 -3.650971e-04 9.999997e-01 6.990828e-04 4.425977e-01 3.930686e-03 -6.976431e-04 9.999920e-01 3.108161e+00
1.000000e+00 -1.788321e-04 1.717652e-05 -1.047494e+01 1.788357e-04 1.000000e+00 -2.039523e-04 4.457175e-01 -1.713970e-05 2.039561e-04 1.000000e+00 3.087894e+00
9.999945e-01 1.958287e-04 -3.323372e-03 -9.623200e+00 -1.937062e-04 9.999998e-01 6.389582e-04 4.451061e-01 3.323496e-03 -6.383116e-04 9.999943e-01 2.853272e+00
1.000000e+00 -1.581327e-04 -1.794277e-04 -8.921739e+00 1.581033e-04 1.000000e+00 -1.639799e-04 4.324251e-01 1.794540e-04 1.639522e-04 1.000000e+00 3.023651e+00
9.999950e-01 2.031748e-04 -3.167716e-03 -8.221249e+00 -2.009079e-04 9.999997e-01 7.159326e-04 4.141541e-01 3.167860e-03 -7.152933e-04 9.999947e-01 3.308993e+00
9.999999e-01 -2.349085e-04 4.127214e-04 -7.801523e+00 2.350141e-04 9.999999e-01 -2.556352e-04 3.820373e-01 -4.126610e-04 2.557328e-04 9.999999e-01 3.930822e+00
9.999942e-01 2.509361e-04 -3.399295e-03 -7.583340e+00 -2.487933e-04 9.999998e-01 6.307757e-04 3.585776e-01 3.399452e-03 -6.299270e-04 9.999940e-01 4.502847e+00
1.000000e+00 -1.614287e-04 -2.588174e-05 -6.960434e+00 1.614270e-04 1.000000e+00 -6.858183e-05 3.399485e-01 2.589315e-05 6.857837e-05 1.000000e+00 4.691046e+00
9.999961e-01 1.050167e-04 -2.795480e-03 -6.444383e+00 -1.039677e-04 9.999999e-01 3.754049e-04 3.216912e-01 2.795519e-03 -3.751135e-04 9.999960e-01 4.815514e+00
9.999999e-01 8.763533e-06 3.639971e-04 -5.407695e+00 -8.820975e-06 1.000000e+00 1.579506e-04 2.932687e-01 -3.639954e-04 -1.579531e-04 9.999999e-01 5.104680e+00
9.999950e-01 1.720490e-06 -3.167841e-03 -4.851143e+00 -1.015995e-06 1.000000e+00 2.224078e-04 2.732164e-01 3.167841e-03 -2.224042e-04 9.999950e-01 5.275651e+00
1.000000e+00 -6.442470e-05 1.212542e-04 -4.362223e+00 6.442156e-05 1.000000e+00 2.636780e-05 2.596211e-01 -1.212555e-04 -2.635928e-05 1.000000e+00 5.246990e+00
9.999945e-01 9.686833e-05 -3.301828e-03 -3.865916e+00 -9.552092e-05 9.999999e-01 4.082503e-04 2.407945e-01 3.301867e-03 -4.079334e-04 9.999945e-01 5.403720e+00
1.000000e+00 -1.208785e-04 2.904040e-04 -3.299081e+00 1.208758e-04 1.000000e+00 9.413166e-06 2.216577e-01 -2.904048e-04 -9.377351e-06 1.000000e+00 5.560284e+00
9.999944e-01 6.016480e-05 -3.351645e-03 -2.758266e+00 -5.956667e-05 1.000000e+00 1.785760e-04 2.155506e-01 3.351656e-03 -1.783760e-04 9.999944e-01 5.306189e+00
9.999999e-01 -5.126607e-05 4.612437e-04 -2.335315e+00 5.118352e-05 1.000000e+00 1.790960e-04 2.015058e-01 -4.612526e-04 -1.790717e-04 9.999999e-01 5.301275e+00
9.999927e-01 1.333536e-04 -3.810039e-03 -1.865544e+00 -1.323221e-04 1.000000e+00 2.709821e-04 1.848133e-01 3.810074e-03 -2.704767e-04 9.999927e-01 5.492516e+00
1.000000e+00 -1.333084e-04 1.610598e-04 -1.682472e+00 1.332814e-04 1.000000e+00 1.675480e-04 1.758136e-01 -1.610818e-04 -1.675259e-04 1.000000e+00 5.728488e+00
9.999908e-01 3.303261e-04 -4.286964e-03 -2.035287e+00 -3.279465e-04 9.999998e-01 5.557748e-04 1.828401e-01 4.287146e-03 -5.543645e-04 9.999907e-01 5.715786e+00
9.999998e-01 -3.165539e-04 6.155315e-04 -2.091326e+00 3.166282e-04 9.999999e-01 -1.204404e-04 1.763169e-01 -6.154930e-04 1.206360e-04 9.999998e-01 5.849217e+00
9.999908e-01 3.298752e-04 -4.270199e-03 -2.085877e+00 -3.275107e-04 9.999998e-01 5.544236e-04 1.670711e-01 4.270381e-03 -5.530207e-04 9.999907e-01 5.684104e+00
9.999993e-01 -2.424649e-04 1.122600e-03 -2.047754e+00 2.425933e-04 1.000000e+00 -1.141341e-04 1.644672e-01 -1.122572e-03 1.144071e-04 9.999994e-01 5.155751e+00
9.999899e-01 3.247775e-04 -4.472299e-03 -2.143109e+00 -3.224738e-04 9.999998e-01 5.158318e-04 1.543084e-01 4.472466e-03 -5.143852e-04 9.999899e-01 5.429954e+00
9.999997e-01 -1.643999e-04 7.679357e-04 -2.410597e+00 1.643995e-04 1.000000e+00 7.855553e-07 1.552421e-01 -7.679355e-04 -6.585964e-07 9.999997e-01 5.713255e+00
9.999884e-01 3.492355e-04 -4.793577e-03 -2.814966e+00 -3.454937e-04 9.999996e-01 7.813957e-04 1.587814e-01 4.793848e-03 -7.797312e-04 9.999882e-01 5.396744e+00
9.999999e-01 -8.477438e-06 3.618874e-04 -3.501757e+00 8.437564e-06 1.000000e+00 1.103813e-04 1.832359e-01 -3.618880e-04 -1.103775e-04 9.999999e-01 5.522108e+00
9.999865e-01 3.191547e-04 -5.180658e-03 -4.158160e+00 -3.167339e-04 9.999998e-01 4.680997e-04 2.224663e-01 5.180806e-03 -4.664533e-04 9.999865e-01 6.164368e+00
9.999982e-01 -3.577263e-04 1.864509e-03 -3.539847e+00 3.576324e-04 9.999999e-01 5.073647e-05 1.952542e-01 -1.864527e-03 -5.006886e-05 9.999983e-01 6.445653e+00
9.999888e-01 4.235433e-04 -4.708673e-03 -2.218213e+00 -4.202313e-04 9.999997e-01 7.043556e-04 1.667382e-01 4.708970e-03 -7.023697e-04 9.999887e-01 6.637280e+00
9.999988e-01 -4.690716e-04 1.501359e-03 -1.736720e+00 4.696379e-04 9.999998e-01 -3.768147e-04 1.533870e-01 -1.501181e-03 3.775201e-04 9.999988e-01 6.605077e+00
9.999870e-01 5.860434e-04 -5.066261e-03 -1.838469e+00 -5.816064e-04 9.999994e-01 8.772378e-04 1.519284e-01 5.066771e-03 -8.742806e-04 9.999868e-01 6.572793e+00
9.999991e-01 -4.440307e-04 1.228393e-03 -2.080502e+00 4.443639e-04 9.999999e-01 -2.708903e-04 1.553064e-01 -1.228273e-03 2.714366e-04 9.999992e-01 6.607955e+00
9.999852e-01 7.253291e-04 -5.400540e-03 -2.638957e+00 -7.191766e-04 9.999991e-01 1.141124e-03 1.700645e-01 5.401362e-03 -1.137224e-03 9.999848e-01 6.649472e+00
9.999988e-01 -5.315220e-04 1.458374e-03 -2.992457e+00 5.324892e-04 9.999996e-01 -6.628513e-04 1.844605e-01 -1.458020e-03 6.636278e-04 9.999987e-01 7.109965e+00
9.999773e-01 1.430415e-03 -6.580822e-03 -4.529036e+00 -1.412720e-03 9.999954e-01 2.692622e-03 2.546341e-01 6.584643e-03 -2.683265e-03 9.999747e-01 5.754614e+00
9.999991e-01 -3.779596e-04 1.303539e-03 -6.632404e+00 3.777205e-04 9.999999e-01 1.837386e-04 3.512158e-01 -1.303608e-03 -1.832454e-04 9.999991e-01 3.871988e+00
9.999818e-01 8.267793e-04 -5.972771e-03 -7.475629e+00 -8.211249e-04 9.999992e-01 9.491035e-04 3.796751e-01 5.973551e-03 -9.441825e-04 9.999817e-01 3.841375e+00
9.999990e-01 -4.140528e-04 1.387053e-03 -8.273345e+00 4.139139e-04 9.999999e-01 1.004321e-04 4.082984e-01 -1.387094e-03 -9.985715e-05 9.999990e-01 3.875135e+00
9.999817e-01 8.074677e-04 -5.998149e-03 -9.021639e+00 -8.026504e-04 9.999994e-01 8.054982e-04 4.409524e-01 5.998795e-03 -8.006698e-04 9.999817e-01 4.091817e+00
9.999986e-01 -4.761996e-04 1.624167e-03 -9.620454e+00 4.762196e-04 9.999999e-01 -1.187916e-05 4.650879e-01 -1.624161e-03 1.265331e-05 9.999987e-01 4.303006e+00
9.999829e-01 7.233013e-04 -5.798169e-03 -1.005606e+01 -7.189770e-04 9.999995e-01 7.478730e-04 4.777809e-01 5.798707e-03 -7.436922e-04 9.999829e-01 4.411616e+00
9.999964e-01 -7.374187e-04 2.595142e-03 -9.826410e+00 7.384007e-04 9.999997e-01 -3.774226e-04 4.561734e-01 -2.594863e-03 3.793381e-04 9.999966e-01 4.890707e+00
9.999851e-01 7.449175e-04 -5.409465e-03 -9.541280e+00 -7.407543e-04 9.999994e-01 7.715891e-04 4.309862e-01 5.410036e-03 -7.675712e-04 9.999851e-01 5.420110e+00
9.999962e-01 -7.136036e-04 2.661863e-03 -9.203835e+00 7.148423e-04 9.999996e-01 -4.643757e-04 4.097038e-01 -2.661531e-03 4.662774e-04 9.999963e-01 5.853277e+00
9.999751e-01 1.031770e-03 -6.975258e-03 -9.729823e+00 -1.022919e-03 9.999987e-01 1.272509e-03 4.265333e-01 6.976561e-03 -1.265343e-03 9.999749e-01 6.023252e+00
9.999957e-01 -7.863978e-04 2.810778e-03 -1.016598e+01 7.884014e-04 9.999994e-01 -7.117641e-04 4.444597e-01 -2.810216e-03 7.139778e-04 9.999958e-01 6.390763e+00
9.999780e-01 1.405630e-03 -6.478422e-03 -1.015735e+01 -1.395800e-03 9.999979e-01 1.521662e-03 4.919194e-01 6.480547e-03 -1.512586e-03 9.999779e-01 4.487534e+00
9.999904e-01 -8.136536e-04 4.305428e-03 -9.795173e+00 8.151937e-04 9.999996e-01 -3.559380e-04 5.860336e-01 -4.305136e-03 3.594450e-04 9.999907e-01 7.650294e-01
9.999752e-01 7.033320e-04 -7.006565e-03 -9.101439e+00 -6.967942e-04 9.999993e-01 9.355143e-04 6.031742e-01 7.007218e-03 -9.306097e-04 9.999750e-01 -1.502538e-01
9.999907e-01 -7.462329e-04 4.256024e-03 -8.814876e+00 7.485741e-04 9.999996e-01 -5.485081e-04 5.719252e-01 -4.255612e-03 5.516897e-04 9.999908e-01 5.586444e-01
9.999691e-01 8.315084e-04 -7.822351e-03 -8.905558e+00 -8.251847e-04 9.999993e-01 8.116134e-04 5.667151e-01 7.823020e-03 -8.051341e-04 9.999691e-01 1.049433e+00
9.999902e-01 -8.449922e-04 4.342078e-03 -8.910546e+00 8.477352e-04 9.999994e-01 -6.299110e-04 5.542604e-01 -4.341543e-03 6.335865e-04 9.999904e-01 1.704602e+00
9.999692e-01 1.460413e-03 -7.705508e-03 -8.605410e+00 -1.450758e-03 9.999982e-01 1.258531e-03 5.941002e-01 7.707332e-03 -1.247314e-03 9.999695e-01 -8.862553e-02
9.999873e-01 -6.747478e-04 4.989941e-03 -9.581272e+00 6.703831e-04 9.999994e-01 8.763475e-04 7.042786e-01 -4.990529e-03 -8.729905e-04 9.999872e-01 -3.076508e+00
9.999513e-01 1.900411e-03 -9.681649e-03 -1.172143e+01 -1.882197e-03 9.999964e-01 1.890067e-03 8.200519e-01 9.685206e-03 -1.871753e-03 9.999513e-01 -4.964132e+00
9.999793e-01 -7.238576e-04 6.389049e-03 -1.263405e+01 7.236515e-04 9.999997e-01 3.458215e-05 9.324525e-01 -6.389072e-03 -2.995728e-05 9.999796e-01 -8.195458e+00
9.999572e-01 9.999964e-04 -9.196498e-03 -1.304464e+01 -9.853393e-04 9.999982e-01 1.598176e-03 1.000572e+00 9.198080e-03 -1.589047e-03 9.999564e-01 -1.038022e+01
9.999869e-01 -7.820005e-04 5.049815e-03 -1.338196e+01 7.878102e-04 9.999990e-01 -1.148557e-03 1.012422e+00 -5.048912e-03 1.152521e-03 9.999866e-01 -9.912195e+00
9.999582e-01 1.001103e-03 -9.084831e-03 -1.371073e+01 -9.873038e-04 9.999984e-01 1.523327e-03 1.025773e+00 9.086340e-03 -1.514294e-03 9.999576e-01 -9.301174e+00
9.999903e-01 -7.016350e-04 4.357511e-03 -1.431336e+01 7.057497e-04 9.999993e-01 -9.427948e-04 1.058090e+00 -4.356846e-03 9.458616e-04 9.999901e-01 -8.795963e+00
9.999726e-01 7.742091e-04 -7.359369e-03 -1.428548e+01 -7.656493e-04 9.999990e-01 1.165880e-03 1.041567e+00 7.360264e-03 -1.160214e-03 9.999722e-01 -7.970508e+00
9.999919e-01 -6.169479e-04 3.972512e-03 -1.443897e+01 6.203521e-04 9.999994e-01 -8.557449e-04 1.038295e+00 -3.971981e-03 8.582030e-04 9.999917e-01 -7.270936e+00
9.999674e-01 7.704556e-04 -8.039371e-03 -1.481344e+01 -7.583897e-04 9.999986e-01 1.503809e-03 1.052077e+00 8.040518e-03 -1.497663e-03 9.999666e-01 -6.991151e+00
9.999920e-01 -5.877892e-04 3.966820e-03 -1.516995e+01 5.907635e-04 9.999995e-01 -7.486197e-04 1.059523e+00 -3.966378e-03 7.509578e-04 9.999919e-01 -7.188874e+00
9.999652e-01 9.256062e-04 -8.296237e-03 -1.584945e+01 -9.111206e-04 9.999981e-01 1.749677e-03 1.080540e+00 8.297840e-03 -1.742058e-03 9.999641e-01 -7.188991e+00
9.999894e-01 -7.767261e-04 4.543564e-03 -1.615800e+01 7.815326e-04 9.999991e-01 -1.056171e-03 1.087338e+00 -4.542740e-03 1.059711e-03 9.999891e-01 -7.283936e+00
9.999702e-01 8.286716e-04 -7.669419e-03 -1.595908e+01 -8.183195e-04 9.999988e-01 1.352852e-03 1.074714e+00 7.670530e-03 -1.346537e-03 9.999697e-01 -6.863545e+00
9.999899e-01 -7.194974e-04 4.439829e-03 -1.608607e+01 7.241099e-04 9.999992e-01 -1.037343e-03 1.070517e+00 -4.439078e-03 1.040548e-03 9.999896e-01 -6.214416e+00
9.999683e-01 7.409366e-04 -7.926679e-03 -1.616500e+01 -7.303668e-04 9.999988e-01 1.336265e-03 1.064658e+00 7.927660e-03 -1.330434e-03 9.999677e-01 -5.604675e+00
9.999881e-01 -6.585872e-04 4.840098e-03 -1.585511e+01 6.630684e-04 9.999994e-01 -9.242826e-04 1.040395e+00 -4.839486e-03 9.274816e-04 9.999879e-01 -4.960430e+00
9.999625e-01 7.754168e-04 -8.623167e-03 -1.591275e+01 -7.643468e-04 9.999989e-01 1.286984e-03 1.038487e+00 8.624155e-03 -1.280346e-03 9.999620e-01 -4.145485e+00
9.999894e-01 -6.478029e-04 4.561346e-03 -1.612654e+01 6.520593e-04 9.999994e-01 -9.316870e-04 1.044308e+00 -4.560739e-03 9.346521e-04 9.999892e-01 -3.367109e+00
9.999671e-01 6.611680e-04 -8.080547e-03 -1.615403e+01 -6.508201e-04 9.999990e-01 1.283175e-03 1.035424e+00 8.081387e-03 -1.277875e-03 9.999665e-01 -2.789581e+00
9.999926e-01 -3.720785e-04 3.824043e-03 -1.669146e+01 3.737964e-04 9.999998e-01 -4.484917e-04 1.050665e+00 -3.823875e-03 4.499185e-04 9.999926e-01 -2.700833e+00
9.999655e-01 7.134551e-04 -8.277151e-03 -1.733307e+01 -7.034989e-04 9.999990e-01 1.205715e-03 1.080303e+00 8.278003e-03 -1.199851e-03 9.999650e-01 -2.396276e+00
9.999938e-01 -3.328443e-04 3.495162e-03 -1.810578e+01 3.338467e-04 9.999999e-01 -2.861727e-04 1.115566e+00 -3.495066e-03 2.873385e-04 9.999939e-01 -2.126160e+00
9.999654e-01 8.528648e-04 -8.276615e-03 -1.908825e+01 -8.400731e-04 9.999984e-01 1.548884e-03 1.151263e+00 8.277923e-03 -1.541878e-03 9.999645e-01 -2.148738e+00
9.999926e-01 -4.925927e-04 3.812751e-03 -1.979114e+01 4.946889e-04 9.999997e-01 -5.488230e-04 1.174633e+00 -3.812479e-03 5.507057e-04 9.999926e-01 -2.106703e+00
9.999738e-01 5.532124e-04 -7.211331e-03 -1.976744e+01 -5.462415e-04 9.999994e-01 9.686162e-04 1.166633e+00 7.211862e-03 -9.646524e-04 9.999735e-01 -1.652440e+00
9.999900e-01 -5.700501e-04 4.431453e-03 -1.935936e+01 5.720253e-04 9.999997e-01 -4.444391e-04 1.135821e+00 -4.431199e-03 4.469703e-04 9.999901e-01 -1.071455e+00
9.999673e-01 6.931762e-04 -8.061578e-03 -1.955666e+01 -6.851577e-04 9.999993e-01 9.973995e-04 1.133315e+00 8.062264e-03 -9.918441e-04 9.999670e-01 -8.321356e-01
9.999908e-01 -5.732318e-04 4.257518e-03 -1.977413e+01 5.756640e-04 9.999997e-01 -5.700281e-04 1.133251e+00 -4.257190e-03 5.724745e-04 9.999908e-01 -5.264542e-01
9.999672e-01 7.534846e-04 -8.058666e-03 -2.000050e+01 -7.443853e-04 9.999991e-01 1.132080e-03 1.131627e+00 8.059512e-03 -1.126045e-03 9.999669e-01 -4.219061e-01
9.999924e-01 -5.168944e-04 3.855861e-03 -2.047571e+01 5.180839e-04 9.999998e-01 -3.074690e-04 1.138705e+00 -3.855701e-03 3.094650e-04 9.999925e-01 -5.135026e-01
9.999662e-01 7.905350e-04 -8.184549e-03 -2.100427e+01 -7.810773e-04 9.999990e-01 1.158707e-03 1.150876e+00 8.185457e-03 -1.152276e-03 9.999658e-01 -4.967041e-01
9.999917e-01 -3.930418e-04 4.061414e-03 -2.187262e+01 3.935382e-04 9.999999e-01 -1.214015e-04 1.181519e+00 -4.061366e-03 1.229995e-04 9.999917e-01 -1.766345e-01
9.999678e-01 7.236731e-04 -7.990438e-03 -2.243593e+01 -7.163084e-04 9.999993e-01 9.245305e-04 1.197744e+00 7.991101e-03 -9.187778e-04 9.999676e-01 2.264797e-01
9.999887e-01 -6.808834e-04 4.701525e-03 -2.240983e+01 6.829353e-04 9.999997e-01 -4.348086e-04 1.186683e+00 -4.701227e-03 4.380152e-04 9.999889e-01 5.199137e-01
9.999680e-01 7.188799e-04 -7.971327e-03 -2.243375e+01 -7.115095e-04 9.999993e-01 9.274305e-04 1.178013e+00 7.971988e-03 -9.217298e-04 9.999678e-01 9.052189e-01
9.999895e-01 -6.228194e-04 4.549318e-03 -2.252414e+01 6.245275e-04 9.999997e-01 -3.740144e-04 1.172629e+00 -4.549084e-03 3.768523e-04 9.999896e-01 1.269285e+00
9.999697e-01 6.593921e-04 -7.760245e-03 -2.231663e+01 -6.534179e-04 9.999995e-01 7.723729e-04 1.156539e+00 7.760750e-03 -7.672795e-04 9.999696e-01 1.625751e+00
9.999879e-01 -5.924488e-04 4.878050e-03 -2.226161e+01 5.944130e-04 9.999997e-01 -4.011853e-04 1.139597e+00 -4.877811e-03 4.040807e-04 9.999880e-01 2.288596e+00
9.999614e-01 7.953392e-04 -8.745216e-03 -2.269655e+01 -7.864596e-04 9.999992e-01 1.018770e-03 1.152700e+00 8.746019e-03 -1.011853e-03 9.999612e-01 2.635627e+00
9.999874e-01 -5.698563e-04 4.989123e-03 -2.305946e+01 5.726837e-04 9.999997e-01 -5.652718e-04 1.166041e+00 -4.988798e-03 5.681226e-04 9.999874e-01 3.078311e+00
9.999630e-01 6.367127e-04 -8.581895e-03 -2.326181e+01 -6.264044e-04 9.999991e-01 1.203823e-03 1.165335e+00 8.582653e-03 -1.198403e-03 9.999625e-01 2.440167e+00
9.999916e-01 -1.860521e-04 4.103942e-03 -2.428058e+01 1.844928e-04 9.999999e-01 3.803594e-04 1.194262e+00 -4.104012e-03 -3.795984e-04 9.999915e-01 1.651466e+00
9.999674e-01 4.740320e-04 -8.056417e-03 -2.476813e+01 -4.726772e-04 9.999999e-01 1.700845e-04 1.208844e+00 8.056496e-03 -1.662716e-04 9.999675e-01 2.353208e+00
9.999877e-01 -5.015488e-04 4.942464e-03 -2.475333e+01 5.002964e-04 9.999998e-01 2.546587e-04 1.183678e+00 -4.942591e-03 -2.521822e-04 9.999878e-01 2.563893e+00
9.999646e-01 6.435564e-04 -8.393414e-03 -2.498801e+01 -6.390218e-04 9.999996e-01 5.429441e-04 1.186083e+00 8.393760e-03 -5.375619e-04 9.999646e-01 1.629320e+00
9.999899e-01 -4.582681e-04 4.478457e-03 -2.544590e+01 4.566402e-04 9.999998e-01 3.645525e-04 1.192464e+00 -4.478623e-03 -3.625031e-04 9.999899e-01 9.706102e-01
9.999622e-01 7.351715e-04 -8.661088e-03 -2.596136e+01 -7.304689e-04 9.999996e-01 5.461245e-04 1.200551e+00 8.661486e-03 -5.397779e-04 9.999623e-01 8.287530e-01
9.999949e-01 6.662414e-05 3.193472e-03 -2.764025e+01 -7.098129e-05 9.999991e-01 1.364350e-03 1.262669e+00 -3.193378e-03 -1.364570e-03 9.999940e-01 6.063869e-01
9.999622e-01 8.470986e-04 -8.650707e-03 -2.939147e+01 -8.410438e-04 9.999994e-01 7.035594e-04 1.328034e+00 8.651297e-03 -6.962579e-04 9.999623e-01 3.005460e-01
9.999882e-01 -6.854837e-04 4.809436e-03 -2.962116e+01 6.860039e-04 9.999998e-01 -1.064903e-04 1.331534e+00 -4.809362e-03 1.097890e-04 9.999884e-01 2.328344e-01
9.999679e-01 7.065336e-04 -7.983116e-03 -2.940165e+01 -7.025780e-04 9.999996e-01 4.983128e-04 1.325272e+00 7.983465e-03 -4.926887e-04 9.999680e-01 -8.597158e-02
9.999899e-01 -6.191863e-04 4.448332e-03 -2.945167e+01 6.191144e-04 9.999998e-01 1.757213e-05 1.318761e+00 -4.448342e-03 -1.481723e-05 9.999901e-01 1.439845e-02
9.999689e-01 6.435592e-04 -7.858918e-03 -2.933864e+01 -6.407496e-04 9.999997e-01 3.600421e-04 1.310341e+00 7.859147e-03 -3.549960e-04 9.999691e-01 3.702393e-01
9.999818e-01 -5.724036e-04 6.012339e-03 -2.853375e+01 5.718619e-04 9.999998e-01 9.184227e-05 1.278689e+00 -6.012391e-03 -8.840167e-05 9.999819e-01 7.066321e-01
9.999676e-01 5.387499e-04 -8.026452e-03 -2.778273e+01 -5.363523e-04 9.999998e-01 3.008882e-04 1.246026e+00 8.026612e-03 -2.965742e-04 9.999677e-01 1.076328e+00
9.999876e-01 -4.679883e-04 4.951117e-03 -2.768744e+01 4.672130e-04 9.999999e-01 1.577735e-04 1.247814e+00 -4.951190e-03 -1.554576e-04 9.999877e-01 3.529001e-01
9.999593e-01 7.615116e-04 -8.985320e-03 -2.821389e+01 -7.542609e-04 9.999994e-01 8.103240e-04 1.259620e+00 8.985931e-03 -8.035144e-04 9.999593e-01 -1.659784e-03
9.999903e-01 -4.072526e-04 4.383247e-03 -2.890466e+01 4.062880e-04 9.999999e-01 2.209922e-04 1.279179e+00 -4.383336e-03 -2.192085e-04 9.999904e-01 -6.677135e-02
9.999685e-01 5.602575e-04 -7.912065e-03 -2.897508e+01 -5.577069e-04 9.999998e-01 3.246023e-04 1.278926e+00 7.912245e-03 -3.201802e-04 9.999686e-01 -4.827604e-01
9.999913e-01 -3.989781e-04 4.141782e-03 -2.921094e+01 3.974452e-04 9.999999e-01 3.709722e-04 1.280270e+00 -4.141929e-03 -3.693222e-04 9.999914e-01 -9.833672e-01
9.999714e-01 5.215606e-04 -7.541987e-03 -2.937842e+01 -5.198099e-04 9.999998e-01 2.341015e-04 1.281770e+00 7.542108e-03 -2.301751e-04 9.999715e-01 -1.437833e+00
9.999919e-01 -3.827800e-04 4.008722e-03 -2.939001e+01 3.818835e-04 9.999999e-01 2.244402e-04 1.283087e+00 -4.008808e-03 -2.229068e-04 9.999919e-01 -1.898260e+00
9.999748e-01 3.584874e-04 -7.088779e-03 -2.916074e+01 -3.579150e-04 9.999999e-01 8.204450e-05 1.274546e+00 7.088808e-03 -7.950594e-05 9.999749e-01 -2.193552e+00
9.999893e-01 -3.887186e-04 4.605362e-03 -2.877234e+01 3.880192e-04 9.999999e-01 1.527933e-04 1.255869e+00 -4.605421e-03 -1.510040e-04 9.999894e-01 -2.117425e+00
9.999708e-01 3.862604e-04 -7.636791e-03 -2.855935e+01 -3.853571e-04 9.999999e-01 1.197781e-04 1.251622e+00 7.636836e-03 -1.168324e-04 9.999708e-01 -2.553759e+00
9.999884e-01 -3.385050e-04 4.805223e-03 -2.832451e+01 3.375736e-04 9.999999e-01 1.946902e-04 1.253641e+00 -4.805289e-03 -1.930651e-04 9.999884e-01 -3.252529e+00
9.999738e-01 3.265081e-04 -7.225022e-03 -2.805315e+01 -3.257498e-04 9.999999e-01 1.061520e-04 1.227635e+00 7.225056e-03 -1.037964e-04 9.999739e-01 -2.849049e+00
9.999864e-01 -3.001833e-04 5.206629e-03 -2.753424e+01 2.985200e-04 9.999999e-01 3.202723e-04 1.183981e+00 -5.206724e-03 -3.187129e-04 9.999864e-01 -2.003195e+00
9.999731e-01 2.941673e-04 -7.323612e-03 -2.702532e+01 -2.938972e-04 1.000000e+00 3.798609e-05 1.150352e+00 7.323622e-03 -3.583337e-05 9.999732e-01 -1.556037e+00
9.999893e-01 -2.793893e-04 4.619411e-03 -2.671911e+01 2.782858e-04 9.999999e-01 2.395631e-04 1.134686e+00 -4.619478e-03 -2.382744e-04 9.999893e-01 -1.463260e+00
9.999704e-01 3.116858e-04 -7.682651e-03 -2.653402e+01 -3.105328e-04 9.999999e-01 1.512850e-04 1.120017e+00 7.682698e-03 -1.488955e-04 9.999705e-01 -1.365377e+00
9.999874e-01 -3.244418e-04 5.014773e-03 -2.624092e+01 3.231635e-04 9.999999e-01 2.557368e-04 1.092355e+00 -5.014856e-03 -2.541123e-04 9.999874e-01 -8.604152e-01
9.999707e-01 3.086141e-04 -7.646105e-03 -2.612607e+01 -3.081261e-04 1.000000e+00 6.502853e-05 1.068393e+00 7.646124e-03 -6.267135e-05 9.999708e-01 -2.137143e-01
9.999885e-01 -3.187223e-04 4.776791e-03 -2.607821e+01 3.176389e-04 9.999999e-01 2.276047e-04 1.050583e+00 -4.776863e-03 -2.260841e-04 9.999886e-01 3.533241e-01
9.999708e-01 3.385874e-04 -7.637016e-03 -2.606118e+01 -3.385937e-04 9.999999e-01 4.944476e-07 1.032328e+00 7.637015e-03 2.090721e-06 9.999708e-01 9.913382e-01
9.999897e-01 -3.007867e-04 4.519171e-03 -2.604368e+01 2.994292e-04 9.999999e-01 3.011123e-04 1.016636e+00 -4.519260e-03 -2.997554e-04 9.999897e-01 1.506099e+00
9.999669e-01 3.968304e-04 -8.129776e-03 -2.626483e+01 -3.948771e-04 9.999999e-01 2.418912e-04 1.017001e+00 8.129871e-03 -2.386736e-04 9.999669e-01 1.753636e+00
9.999927e-01 -8.730262e-05 3.809725e-03 -2.692592e+01 8.531497e-05 9.999999e-01 5.219392e-04 1.046716e+00 -3.809769e-03 -5.216097e-04 9.999926e-01 2.068785e+00
9.999678e-01 2.779188e-04 -8.014176e-03 -2.737844e+01 -2.770263e-04 1.000000e+00 1.125004e-04 1.066349e+00 8.014206e-03 -1.102773e-04 9.999679e-01 2.379100e+00
9.999906e-01 -1.899189e-04 4.324001e-03 -2.751258e+01 1.880719e-04 9.999999e-01 4.275799e-04 1.067848e+00 -4.324082e-03 -4.267620e-04 9.999906e-01 2.549162e+00
9.999700e-01 2.792657e-04 -7.738766e-03 -2.774844e+01 -2.796719e-04 1.000000e+00 -5.138047e-05 1.071344e+00 7.738751e-03 5.354255e-05 9.999701e-01 3.121091e+00
9.999892e-01 -2.648588e-04 4.646186e-03 -2.769659e+01 2.625086e-04 9.999998e-01 5.064757e-04 1.052997e+00 -4.646319e-03 -5.052499e-04 9.999891e-01 3.500105e+00
9.999707e-01 2.627099e-04 -7.653981e-03 -2.741994e+01 -2.634195e-04 1.000000e+00 -9.167477e-05 1.040533e+00 7.653956e-03 9.368760e-05 9.999707e-01 3.399375e+00
9.999905e-01 -2.685185e-04 4.355917e-03 -2.710660e+01 2.663316e-04 9.999998e-01 5.026577e-04 1.029829e+00 -4.356051e-03 -5.014921e-04 9.999904e-01 3.397665e+00
9.999677e-01 3.796365e-04 -8.025439e-03 -2.733570e+01 -3.792698e-04 9.999999e-01 4.723816e-05 1.033883e+00 8.025456e-03 -4.419352e-05 9.999678e-01 3.678891e+00
9.999911e-01 -7.770168e-05 4.216357e-03 -2.797443e+01 7.488836e-05 9.999998e-01 6.674425e-04 1.056913e+00 -4.216407e-03 -6.671201e-04 9.999909e-01 4.326441e+00
9.999716e-01 4.754610e-04 -7.523045e-03 -2.863969e+01 -4.750489e-04 9.999999e-01 5.659715e-05 1.076359e+00 7.523071e-03 -5.302242e-05 9.999717e-01 5.307520e+00
9.999886e-01 -1.819202e-04 4.764691e-03 -2.912803e+01 1.797175e-04 9.999999e-01 4.627597e-04 1.086370e+00 -4.764774e-03 -4.618975e-04 9.999885e-01 6.468867e+00
9.999714e-01 4.753771e-04 -7.553217e-03 -2.951867e+01 -4.750556e-04 9.999999e-01 4.438687e-05 1.092953e+00 7.553237e-03 -4.079809e-05 9.999715e-01 7.505095e+00
9.999916e-01 -2.542576e-04 4.090123e-03 -2.991717e+01 2.526368e-04 9.999999e-01 3.968273e-04 1.106658e+00 -4.090223e-03 -3.957900e-04 9.999916e-01 8.248114e+00
9.999716e-01 3.170238e-04 -7.533290e-03 -3.009737e+01 -3.166469e-04 9.999999e-01 5.124938e-05 1.108996e+00 7.533306e-03 -4.886321e-05 9.999716e-01 8.859606e+00
9.999877e-01 -3.417587e-04 4.938223e-03 -2.954021e+01 3.390401e-04 9.999998e-01 5.513922e-04 1.080495e+00 -4.938411e-03 -5.497105e-04 9.999877e-01 9.258457e+00
9.999679e-01 3.559652e-04 -8.001503e-03 -2.928902e+01 -3.558686e-04 9.999999e-01 1.352527e-05 1.065394e+00 8.001507e-03 -1.067804e-05 9.999680e-01 9.523219e+00
9.999898e-01 -3.733319e-04 4.491823e-03 -2.930485e+01 3.713289e-04 9.999998e-01 4.467827e-04 1.060829e+00 -4.491988e-03 -4.451096e-04 9.999898e-01 9.864350e+00
9.999695e-01 4.330559e-04 -7.800547e-03 -2.928324e+01 -4.320144e-04 9.999999e-01 1.352259e-04 1.055353e+00 7.800605e-03 -1.318525e-04 9.999696e-01 1.019962e+01
9.999879e-01 -4.291110e-04 4.909228e-03 -2.910689e+01 4.272837e-04 9.999998e-01 3.733042e-04 1.039515e+00 -4.909388e-03 -3.712013e-04 9.999879e-01 1.067444e+01
9.999696e-01 4.465744e-04 -7.780841e-03 -2.900547e+01 -4.453854e-04 9.999999e-01 1.545766e-04 1.022946e+00 7.780909e-03 -1.511072e-04 9.999697e-01 1.125068e+01
9.999977e-01 4.098564e-04 2.082470e-03 -3.093866e+01 -4.135371e-04 9.999984e-01 1.767479e-03 1.111444e+00 -2.081741e-03 -1.768335e-03 9.999963e-01 1.144806e+01
9.999698e-01 5.481378e-04 -7.754963e-03 -3.273225e+01 -5.471571e-04 9.999998e-01 1.286133e-04 1.189878e+00 7.755032e-03 -1.243669e-04 9.999699e-01 1.147857e+01
9.999932e-01 -2.796208e-04 3.688643e-03 -3.324927e+01 2.772545e-04 9.999998e-01 6.420678e-04 1.208472e+00 -3.688821e-03 -6.410400e-04 9.999930e-01 1.162521e+01
9.999688e-01 4.822802e-04 -7.883820e-03 -3.372185e+01 -4.827332e-04 9.999999e-01 -5.552029e-05 1.232756e+00 7.883792e-03 5.932365e-05 9.999689e-01 1.198585e+01
9.999927e-01 -3.181770e-04 3.796598e-03 -3.407097e+01 3.158377e-04 9.999998e-01 6.168009e-04 1.250314e+00 -3.796793e-03 -6.155967e-04 9.999926e-01 1.235332e+01
9.999710e-01 4.370929e-04 -7.599654e-03 -3.436922e+01 -4.375647e-04 9.999999e-01 -6.039354e-05 1.260166e+00 7.599626e-03 6.371645e-05 9.999711e-01 1.262600e+01
9.999969e-01 2.139955e-04 2.463151e-03 -3.573541e+01 -2.181973e-04 9.999985e-01 1.705822e-03 1.307817e+00 -2.462782e-03 -1.706354e-03 9.999955e-01 1.240394e+01
9.999708e-01 6.195392e-04 -7.622878e-03 -3.725036e+01 -6.191877e-04 9.999998e-01 4.851115e-05 1.372563e+00 7.622906e-03 -4.379042e-05 9.999709e-01 1.203515e+01
9.999913e-01 -4.177375e-04 4.153679e-03 -3.726579e+01 4.160825e-04 9.999998e-01 3.993459e-04 1.397491e+00 -4.153845e-03 -3.976134e-04 9.999913e-01 1.178760e+01
9.999759e-01 4.394375e-04 -6.926245e-03 -3.673479e+01 -4.402422e-04 9.999999e-01 -1.146257e-04 1.398540e+00 6.926194e-03 1.176715e-04 9.999760e-01 1.143547e+01
9.999925e-01 -4.943716e-04 3.852540e-03 -3.607989e+01 4.926364e-04 9.999998e-01 4.514030e-04 1.394060e+00 -3.852762e-03 -4.495010e-04 9.999925e-01 1.119950e+01
9.999765e-01 4.762013e-04 -6.845799e-03 -3.550111e+01 -4.759837e-04 9.999999e-01 3.344792e-05 1.377578e+00 6.845814e-03 -3.018933e-05 9.999766e-01 1.130082e+01
9.999934e-01 -4.444483e-04 3.616471e-03 -3.540443e+01 4.428981e-04 9.999998e-01 4.294877e-04 1.366237e+00 -3.616661e-03 -4.278825e-04 9.999934e-01 1.174233e+01
9.999789e-01 3.951882e-04 -6.487140e-03 -3.500809e+01 -3.947566e-04 9.999999e-01 6.785943e-05 1.340462e+00 6.487166e-03 -6.529784e-05 9.999790e-01 1.217858e+01
9.999925e-01 -4.110750e-04 3.849867e-03 -3.424996e+01 4.096729e-04 9.999998e-01 3.650459e-04 1.320142e+00 -3.850016e-03 -3.634653e-04 9.999925e-01 1.229423e+01
9.999779e-01 3.685790e-04 -6.630567e-03 -3.367242e+01 -3.676304e-04 9.999999e-01 1.443081e-04 1.293351e+00 6.630619e-03 -1.418680e-04 9.999780e-01 1.267782e+01
9.999937e-01 -3.549423e-04 3.522794e-03 -3.325939e+01 3.539639e-04 9.999999e-01 2.784130e-04 1.290070e+00 -3.522893e-03 -2.771636e-04 9.999938e-01 1.224006e+01
9.999784e-01 3.438055e-04 -6.559459e-03 -3.276824e+01 -3.437583e-04 9.999999e-01 8.361488e-06 1.293003e+00 6.559461e-03 -6.107116e-06 9.999785e-01 1.165680e+01
9.999920e-01 -3.092642e-04 3.977636e-03 -3.211364e+01 3.078725e-04 9.999999e-01 3.505473e-04 1.277363e+00 -3.977743e-03 -3.493192e-04 9.999920e-01 1.162356e+01
9.999785e-01 2.995176e-04 -6.554554e-03 -3.154990e+01 -2.993378e-04 1.000000e+00 2.844112e-05 1.246977e+00 6.554562e-03 -2.647916e-05 9.999785e-01 1.201741e+01
9.999917e-01 -3.321925e-04 4.062288e-03 -3.113771e+01 3.310894e-04 9.999999e-01 2.722626e-04 1.213103e+00 -4.062378e-03 -2.709147e-04 9.999917e-01 1.265897e+01
9.999760e-01 3.437615e-04 -6.914607e-03 -3.073488e+01 -3.428135e-04 9.999999e-01 1.383257e-04 1.185789e+00 6.914654e-03 -1.359526e-04 9.999761e-01 1.309856e+01
9.999932e-01 -3.847805e-04 3.670466e-03 -3.025758e+01 3.836944e-04 9.999999e-01 2.966566e-04 1.171036e+00 -3.670580e-03 -2.952456e-04 9.999932e-01 1.322565e+01
9.999731e-01 4.801311e-04 -7.321228e-03 -3.023359e+01 -4.784425e-04 9.999999e-01 2.324257e-04 1.174851e+00 7.321338e-03 -2.289174e-04 9.999732e-01 1.289380e+01
9.999923e-01 -4.345855e-04 3.890165e-03 -2.999270e+01 4.334585e-04 9.999999e-01 2.906050e-04 1.175415e+00 -3.890290e-03 -2.889159e-04 9.999924e-01 1.242770e+01
9.999761e-01 4.248789e-04 -6.896684e-03 -2.934462e+01 -4.243763e-04 9.999999e-01 7.437712e-05 1.167121e+00 6.896715e-03 -7.144923e-05 9.999762e-01 1.225555e+01
9.999919e-01 -4.086484e-04 4.000916e-03 -2.860900e+01 4.073274e-04 9.999999e-01 3.310382e-04 1.154520e+00 -4.001051e-03 -3.294052e-04 9.999919e-01 1.217244e+01
9.999763e-01 3.925057e-04 -6.872462e-03 -2.789845e+01 -3.924932e-04 9.999999e-01 3.201791e-06 1.143531e+00 6.872463e-03 -5.049943e-07 9.999764e-01 1.204882e+01
9.999915e-01 -4.039715e-04 4.092650e-03 -2.720296e+01 4.026974e-04 9.999999e-01 3.122114e-04 1.133053e+00 -4.092775e-03 -3.105600e-04 9.999916e-01 1.189732e+01
9.999778e-01 4.330903e-04 -6.649998e-03 -2.667052e+01 -4.333343e-04 9.999999e-01 -3.521503e-05 1.113048e+00 6.649982e-03 3.809525e-05 9.999779e-01 1.204065e+01
9.999928e-01 -4.334325e-04 3.767849e-03 -2.591000e+01 4.318557e-04 9.999998e-01 4.193738e-04 1.099426e+00 -3.768029e-03 -4.177429e-04 9.999928e-01 1.198846e+01
9.999773e-01 4.341441e-04 -6.726122e-03 -2.516476e+01 -4.336140e-04 9.999999e-01 8.030382e-05 1.080304e+00 6.726156e-03 -7.738613e-05 9.999774e-01 1.206928e+01
9.999916e-01 -4.069678e-04 4.067586e-03 -2.453814e+01 4.052652e-04 9.999998e-01 4.194572e-04 1.054118e+00 -4.067755e-03 -4.178046e-04 9.999916e-01 1.232244e+01
9.999748e-01 4.123821e-04 -7.084395e-03 -2.391407e+01 -4.123301e-04 9.999999e-01 8.837895e-06 1.035020e+00 7.084398e-03 -5.917235e-06 9.999749e-01 1.239323e+01
9.999918e-01 -3.858602e-04 4.029960e-03 -2.318424e+01 3.842105e-04 9.999998e-01 4.101910e-04 1.028505e+00 -4.030117e-03 -4.086386e-04 9.999918e-01 1.218078e+01
9.999742e-01 3.620981e-04 -7.171267e-03 -2.267096e+01 -3.612673e-04 9.999999e-01 1.171844e-04 1.005597e+00 7.171308e-03 -1.145913e-04 9.999743e-01 1.239890e+01
9.999921e-01 -3.467549e-04 3.965175e-03 -2.230147e+01 3.452325e-04 9.999999e-01 3.847019e-04 9.860075e-01 -3.965308e-03 -3.833292e-04 9.999921e-01 1.273721e+01
9.999726e-01 3.607798e-04 -7.397185e-03 -2.187213e+01 -3.599841e-04 9.999999e-01 1.089443e-04 9.738718e-01 7.397223e-03 -1.062791e-04 9.999726e-01 1.284991e+01
9.999910e-01 -4.017020e-04 4.231336e-03 -2.130214e+01 4.002608e-04 9.999999e-01 3.415077e-04 9.491490e-01 -4.231472e-03 -3.398103e-04 9.999910e-01 1.314295e+01
9.999764e-01 3.901398e-04 -6.855084e-03 -2.064379e+01 -3.909850e-04 9.999999e-01 -1.219258e-04 9.381140e-01 6.855035e-03 1.246025e-04 9.999765e-01 1.305080e+01
9.999917e-01 -3.459106e-04 4.053537e-03 -2.019936e+01 3.440437e-04 9.999998e-01 4.613116e-04 9.453951e-01 -4.053696e-03 -4.599125e-04 9.999917e-01 1.221368e+01
9.999781e-01 3.692996e-04 -6.609643e-03 -1.952977e+01 -3.700175e-04 9.999999e-01 -1.073441e-04 9.305777e-01 6.609603e-03 1.097867e-04 9.999782e-01 1.217207e+01
9.999917e-01 -3.692760e-04 4.067379e-03 -1.903883e+01 3.671756e-04 9.999998e-01 5.171828e-04 9.057424e-01 -4.067569e-03 -5.156843e-04 9.999916e-01 1.267607e+01
9.999773e-01 2.942842e-04 -6.734571e-03 -1.858999e+01 -2.945995e-04 1.000000e+00 -4.578725e-05 8.912179e-01 6.734557e-03 4.776955e-05 9.999773e-01 1.265241e+01
9.999925e-01 -3.140888e-04 3.863972e-03 -1.798497e+01 3.124525e-04 9.999999e-01 4.241348e-04 8.781993e-01 -3.864104e-03 -4.229237e-04 9.999924e-01 1.256069e+01
9.999765e-01 3.213503e-04 -6.852925e-03 -1.747029e+01 -3.207814e-04 9.999999e-01 8.414609e-05 8.539325e-01 6.852952e-03 -8.194648e-05 9.999765e-01 1.282992e+01
9.999926e-01 -3.110902e-04 3.843998e-03 -1.693858e+01 3.093285e-04 9.999998e-01 4.589409e-04 8.264658e-01 -3.844140e-03 -4.577477e-04 9.999925e-01 1.325692e+01
9.999790e-01 3.023654e-04 -6.471247e-03 -1.623815e+01 -3.023421e-04 1.000000e+00 4.607016e-06 7.993567e-01 6.471248e-03 -2.651055e-06 9.999791e-01 1.359743e+01
9.999923e-01 -3.313289e-04 3.922461e-03 -1.547371e+01 3.298492e-04 9.999999e-01 3.779402e-04 7.799640e-01 -3.922586e-03 -3.766428e-04 9.999922e-01 1.370586e+01
9.999798e-01 2.964252e-04 -6.355398e-03 -1.470362e+01 -2.964418e-04 1.000000e+00 -1.634250e-06 7.588639e-01 6.355397e-03 3.517557e-06 9.999798e-01 1.393912e+01
9.999930e-01 -3.658713e-04 3.720628e-03 -1.433360e+01 3.644459e-04 9.999999e-01 3.838585e-04 7.400209e-01 -3.720767e-03 -3.824992e-04 9.999930e-01 1.427117e+01
9.999787e-01 3.658228e-04 -6.516465e-03 -1.385453e+01 -3.652156e-04 9.999999e-01 9.440060e-05 7.178205e-01 6.516499e-03 -9.201934e-05 9.999788e-01 1.450391e+01
9.999937e-01 -4.066939e-04 3.518127e-03 -1.350906e+01 4.054892e-04 9.999999e-01 3.432199e-04 6.941852e-01 -3.518266e-03 -3.417905e-04 9.999938e-01 1.476240e+01
9.999774e-01 3.603836e-04 -6.709735e-03 -1.275434e+01 -3.600540e-04 9.999999e-01 5.036752e-05 6.807397e-01 6.709753e-03 -4.795118e-05 9.999775e-01 1.473739e+01
9.999953e-01 -3.732013e-04 3.038049e-03 -1.258235e+01 3.719905e-04 9.999999e-01 3.991685e-04 6.732386e-01 -3.038197e-03 -3.980359e-04 9.999953e-01 1.501034e+01
9.999753e-01 4.592871e-04 -7.015084e-03 -1.233646e+01 -4.583914e-04 9.999999e-01 1.293268e-04 6.662078e-01 7.015142e-03 -1.261086e-04 9.999754e-01 1.536652e+01
9.999935e-01 -4.396093e-04 3.583829e-03 -1.132772e+01 4.383981e-04 9.999998e-01 3.388317e-04 6.578190e-01 -3.583977e-03 -3.372577e-04 9.999935e-01 1.520369e+01
9.999779e-01 4.242525e-04 -6.636245e-03 -1.047393e+01 -4.231244e-04 9.999999e-01 1.714437e-04 6.442715e-01 6.636317e-03 -1.686326e-04 9.999780e-01 1.515090e+01
9.999941e-01 -4.920578e-04 3.403184e-03 -9.946383e+00 4.912644e-04 9.999999e-01 2.340603e-04 6.288736e-01 -3.403299e-03 -2.323864e-04 9.999942e-01 1.522202e+01
9.999769e-01 4.877646e-04 -6.781304e-03 -9.450532e+00 -4.868377e-04 9.999999e-01 1.383735e-04 6.171160e-01 6.781371e-03 -1.350696e-04 9.999770e-01 1.527609e+01
9.999926e-01 -4.660750e-04 3.821419e-03 -8.633798e+00 4.644677e-04 9.999998e-01 4.215471e-04 5.838401e-01 -3.821614e-03 -4.197684e-04 9.999926e-01 1.588775e+01
9.999803e-01 4.463792e-04 -6.263466e-03 -7.817250e+00 -4.456035e-04 9.999999e-01 1.252989e-04 5.457723e-01 6.263521e-03 -1.225061e-04 9.999804e-01 1.662807e+01
9.999944e-01 -4.332206e-04 3.314729e-03 -7.458710e+00 4.324038e-04 9.999999e-01 2.472156e-04 5.238318e-01 -3.314836e-03 -2.457802e-04 9.999945e-01 1.701822e+01
9.999815e-01 4.492698e-04 -6.070030e-03 -7.130187e+00 -4.488654e-04 9.999999e-01 6.804253e-05 5.040122e-01 6.070060e-03 -6.531730e-05 9.999816e-01 1.735641e+01
9.999948e-01 -4.678391e-04 3.188722e-03 -6.742407e+00 4.671412e-04 9.999999e-01 2.196688e-04 4.963559e-01 -3.188824e-03 -2.181774e-04 9.999949e-01 1.705807e+01
9.999801e-01 4.672560e-04 -6.294067e-03 -6.514172e+00 -4.663635e-04 9.999999e-01 1.433175e-04 4.782333e-01 6.294132e-03 -1.403800e-04 9.999802e-01 1.734661e+01
9.999945e-01 -4.703112e-04 3.292710e-03 -5.687809e+00 4.688941e-04 9.999998e-01 4.312285e-04 4.458521e-01 -3.292912e-03 -4.296815e-04 9.999945e-01 1.784882e+01
9.999836e-01 4.339202e-04 -5.705872e-03 -4.668990e+00 -4.332111e-04 9.999999e-01 1.255620e-04 4.223533e-01 5.705925e-03 -1.230888e-04 9.999837e-01 1.798458e+01
9.999976e-01 -3.407074e-04 2.162646e-03 -4.769802e+00 3.398279e-04 9.999999e-01 4.071597e-04 4.227817e-01 -2.162784e-03 -4.064231e-04 9.999976e-01 1.803589e+01
9.999781e-01 6.476124e-04 -6.586151e-03 -5.408303e+00 -6.438760e-04 9.999996e-01 5.694469e-04 4.392073e-01 6.586517e-03 -5.651945e-04 9.999781e-01 1.790313e+01
9.999949e-01 -5.844947e-04 3.127358e-03 -5.593077e+00 5.841773e-04 9.999998e-01 1.025148e-04 4.407251e-01 -3.127417e-03 -1.006866e-04 9.999951e-01 1.715785e+01
9.999812e-01 6.322428e-04 -6.104240e-03 -5.386669e+00 -6.302754e-04 9.999997e-01 3.242564e-04 4.285361e-01 6.104443e-03 -3.204036e-04 9.999813e-01 1.699078e+01
9.999939e-01 -6.256782e-04 3.439050e-03 -4.949019e+00 6.256466e-04 9.999998e-01 1.034492e-05 4.034176e-01 -3.439055e-03 -8.192570e-06 9.999941e-01 1.738655e+01
9.999803e-01 6.907943e-04 -6.236796e-03 -4.270747e+00 -6.879513e-04 9.999997e-01 4.580110e-04 3.767177e-01 6.237110e-03 -4.537120e-04 9.999804e-01 1.770931e+01
9.999932e-01 -6.891444e-04 3.624857e-03 -3.657335e+00 6.894001e-04 9.999998e-01 -6.920634e-05 3.515203e-01 -3.624808e-03 7.170550e-05 9.999934e-01 1.802192e+01
9.999808e-01 7.071027e-04 -6.162428e-03 -3.267312e+00 -7.054023e-04 9.999997e-01 2.781483e-04 3.452041e-01 6.162623e-03 -2.737966e-04 9.999810e-01 1.764492e+01
9.999924e-01 -6.439066e-04 3.839798e-03 -2.772715e+00 6.439436e-04 9.999998e-01 -8.313226e-06 3.385991e-01 -3.839791e-03 1.078643e-05 9.999926e-01 1.717198e+01
9.999811e-01 6.600121e-04 -6.110328e-03 -2.045674e+00 -6.587592e-04 9.999998e-01 2.071008e-04 3.331455e-01 6.110463e-03 -2.030723e-04 9.999813e-01 1.680849e+01
9.999940e-01 -6.721810e-04 3.400247e-03 -1.522166e+00 6.720140e-04 9.999998e-01 5.032602e-05 3.310469e-01 -3.400280e-03 -4.804005e-05 9.999942e-01 1.634712e+01
9.999808e-01 7.660800e-04 -6.141661e-03 -6.631889e-01 -7.642124e-04 9.999997e-01 3.064754e-04 3.242995e-01 6.141894e-03 -3.017766e-04 9.999811e-01 1.609964e+01
9.999949e-01 -7.927409e-04 3.097423e-03 5.867850e-02 7.919593e-04 9.999997e-01 2.536431e-04 2.969275e-01 -3.097623e-03 -2.511881e-04 9.999952e-01 1.644543e+01
9.999797e-01 8.125841e-04 -6.325161e-03 5.076170e-01 -8.108194e-04 9.999996e-01 2.816087e-04 2.709675e-01 6.325387e-03 -2.764750e-04 9.999800e-01 1.699859e+01
9.999947e-01 -8.345580e-04 3.132070e-03 8.922790e-01 8.340338e-04 9.999996e-01 1.687571e-04 2.487755e-01 -3.132209e-03 -1.661433e-04 9.999951e-01 1.737320e+01
9.999738e-01 9.303211e-04 -7.176131e-03 7.164098e-01 -9.273619e-04 9.999995e-01 4.157224e-04 2.489678e-01 7.176514e-03 -4.090573e-04 9.999742e-01 1.719190e+01
9.999896e-01 -8.921879e-04 4.482810e-03 9.010897e-01 8.925112e-04 9.999996e-01 -7.004613e-05 2.225569e-01 -4.482746e-03 7.404701e-05 9.999899e-01 1.783264e+01
9.999759e-01 9.636106e-04 -6.877916e-03 1.980379e+00 -9.573108e-04 9.999991e-01 9.192233e-04 1.760205e-01 6.878796e-03 -9.126175e-04 9.999759e-01 1.891712e+01
