9.999928e-01 2.272671e-04 -3.792036e-03 -3.679905e-02 -2.255848e-04 9.999999e-01 4.440629e-04 -5.822813e-03 3.792136e-03 -4.432050e-04 9.999927e-01 4.172157e-01
9.999998e-01 1.392967e-04 -5.991511e-04 -4.190607e-01 -1.391258e-04 9.999999e-01 2.853104e-04 4.396034e-03 5.991912e-04 -2.852263e-04 9.999998e-01 4.629314e-01
9.999938e-01 1.394011e-04 -3.513900e-03 -6.075237e-01 -1.382013e-04 9.999999e-01 3.416790e-04 9.373546e-03 3.513947e-03 -3.411919e-04 9.999938e-01 5.513213e-01
9.999996e-01 2.167866e-04 -8.779765e-04 -9.610386e-01 -2.165802e-04 9.999999e-01 2.351636e-04 2.316305e-02 8.780278e-04 -2.349726e-04 9.999996e-01 8.508612e-01
9.999933e-01 1.994975e-04 -3.653469e-03 -1.345606e+00 -1.984583e-04 9.999999e-01 2.847838e-04 3.545938e-02 3.653525e-03 -2.840576e-04 9.999933e-01 1.458615e+00
9.999994e-01 3.047967e-04 -1.046236e-03 -1.860924e+00 -3.044315e-04 9.999999e-01 3.491965e-04 5.280462e-02 1.046342e-03 -3.488771e-04 9.999994e-01 1.980090e+00
9.999951e-01 1.114165e-04 -3.133841e-03 -2.191545e+00 -1.109886e-04 1.000000e+00 1.367323e-04 5.701326e-02 3.133856e-03 -1.363845e-04 9.999951e-01 2.621775e+00
9.999989e-01 3.753388e-04 -1.412658e-03 -2.741420e+00 -3.744510e-04 9.999997e-01 6.286342e-04 7.305684e-02 1.412894e-03 -6.281038e-04 9.999988e-01 2.824525e+00
9.999971e-01 -1.027008e-04 -2.392052e-03 -2.900180e+00 1.021887e-04 1.000000e+00 -2.142028e-04 6.825565e-02 2.392073e-03 2.139570e-04 9.999971e-01 3.351300e+00
9.999991e-01 3.248751e-04 -1.304334e-03 -3.012105e+00 -3.240961e-04 9.999998e-01 5.973733e-04 6.118922e-02 1.304528e-03 -5.969493e-04 9.999990e-01 3.857380e+00
9.999947e-01 1.005315e-04 -3.245094e-03 -3.367641e+00 -1.006869e-04 1.000000e+00 -4.769767e-05 7.611730e-02 3.245089e-03 4.802345e-05 9.999947e-01 4.460529e+00
9.999996e-01 1.642018e-04 -9.201182e-04 -3.475243e+00 -1.636855e-04 9.999998e-01 5.611356e-04 7.947093e-02 9.202105e-04 -5.609840e-04 9.999994e-01 4.940063e+00
9.999936e-01 2.206755e-04 -3.578497e-03 -3.837915e+00 -2.207612e-04 1.000000e+00 -2.353291e-05 9.570744e-02 3.578491e-03 2.432204e-05 9.999936e-01 5.503858e+00
1.000000e+00 5.096579e-05 -5.672806e-05 -3.457980e+00 -5.092437e-05 9.999997e-01 7.291255e-04 9.259914e-02 5.676555e-05 -7.291219e-04 9.999997e-01 5.587167e+00
9.999926e-01 3.148591e-04 -3.843183e-03 -2.878133e+00 -3.144393e-04 9.999999e-01 1.098529e-04 8.423666e-02 3.843217e-03 -1.086444e-04 9.999926e-01 5.888547e+00
9.999998e-01 1.594550e-04 -6.324029e-04 -2.737748e+00 -1.591314e-04 9.999999e-01 5.116681e-04 8.488906e-02 6.324847e-04 -5.115667e-04 9.999997e-01 6.599959e+00
9.999943e-01 2.022730e-04 -3.362538e-03 -2.537874e+00 -2.021927e-04 1.000000e+00 2.422759e-05 7.857455e-02 3.362543e-03 -2.354829e-05 9.999943e-01 7.192872e+00
1.000000e+00 3.281826e-05 3.091259e-04 -2.104401e+00 -3.294715e-05 9.999999e-01 4.170962e-04 4.952405e-02 -3.091118e-04 -4.171056e-04 9.999999e-01 7.732693e+00
9.999941e-01 2.428070e-04 -3.418155e-03 -1.780219e+00 -2.432447e-04 1.000000e+00 -1.276241e-04 2.352095e-02 3.418123e-03 1.284541e-04 9.999941e-01 8.292179e+00
1.000000e+00 5.863073e-05 -1.184729e-04 -1.487110e+00 -5.855814e-05 9.999998e-01 6.122314e-04 7.749777e-03 1.185091e-04 -6.122237e-04 9.999998e-01 8.720763e+00
9.999963e-01 2.160184e-04 -2.701642e-03 -7.334988e-01 -2.160599e-04 1.000000e+00 -1.506338e-05 -2.263216e-02 2.701639e-03 1.564633e-05 9.999964e-01 9.136210e+00
1.000000e+00 2.725924e-05 -1.635257e-04 -1.782126e-01 -2.718950e-05 9.999999e-01 4.261162e-04 -5.250463e-02 1.635377e-04 -4.261111e-04 9.999999e-01 9.722063e+00
9.999966e-01 1.756850e-04 -2.610007e-03 5.152148e-01 -1.751314e-04 1.000000e+00 2.123429e-04 -7.634158e-02 2.610044e-03 -2.118858e-04 9.999966e-01 9.925199e+00
9.999999e-01 -1.240336e-05 -5.437464e-04 9.678115e-01 1.259856e-05 9.999999e-01 3.588723e-04 -9.145832e-02 5.437422e-04 -3.588784e-04 9.999998e-01 9.931695e+00
9.999961e-01 2.234904e-04 -2.787899e-03 1.358704e+00 -2.230547e-04 1.000000e+00 1.566054e-04 -1.106930e-01 2.787933e-03 -1.559836e-04 9.999961e-01 1.021810e+01
9.999997e-01 1.780266e-05 -7.369277e-04 1.606502e+00 -1.755805e-05 9.999999e-01 3.318632e-04 -1.238940e-01 7.369339e-04 -3.318495e-04 9.999997e-01 1.062020e+01
9.999973e-01 1.794147e-04 -2.312649e-03 2.155818e+00 -1.787435e-04 9.999999e-01 2.904416e-04 -1.395189e-01 2.312701e-03 -2.900282e-04 9.999973e-01 1.061425e+01
9.999990e-01 5.303271e-05 -1.404380e-03 2.118529e+00 -5.257553e-05 9.999999e-01 3.255330e-04 -1.472118e-01 1.404398e-03 -3.254582e-04 9.999990e-01 1.068809e+01
9.999973e-01 2.188804e-04 -2.317558e-03 2.266812e+00 -2.184902e-04 1.000000e+00 1.686453e-04 -1.554205e-01 2.317594e-03 -1.681392e-04 9.999973e-01 1.104905e+01
9.999969e-01 1.949742e-04 -2.463269e-03 1.844162e+00 -1.938814e-04 9.999999e-01 4.438740e-04 -1.327588e-01 2.463355e-03 -4.433944e-04 9.999969e-01 1.152344e+01
9.999960e-01 4.364780e-04 -2.804445e-03 1.071567e+00 -4.350423e-04 9.999998e-01 5.125323e-04 -9.942333e-02 2.804667e-03 -5.113109e-04 9.999959e-01 1.167814e+01
9.999978e-01 5.212531e-05 -2.076451e-03 5.066648e-01 -5.168179e-05 1.000000e+00 2.136167e-04 -7.318725e-02 2.076463e-03 -2.135082e-04 9.999978e-01 1.197744e+01
9.999991e-01 7.125376e-05 -1.329591e-03 6.740735e-01 -7.099817e-05 1.000000e+00 1.923265e-04 -9.058851e-02 1.329604e-03 -1.922327e-04 9.999991e-01 1.226946e+01
9.999987e-01 6.750801e-05 -1.610662e-03 1.057291e+00 -6.711978e-05 1.000000e+00 2.410486e-04 -1.166407e-01 1.610679e-03 -2.409395e-04 9.999987e-01 1.256192e+01
9.999988e-01 7.359876e-05 -1.537268e-03 1.269720e+00 -7.354900e-05 1.000000e+00 3.246936e-05 -1.433318e-01 1.537271e-03 -3.235697e-05 9.999988e-01 1.301886e+01
9.999985e-01 9.173991e-05 -1.711360e-03 1.414988e+00 -9.142547e-05 1.000000e+00 1.837749e-04 -1.681865e-01 1.711377e-03 -1.836174e-04 9.999985e-01 1.358772e+01
9.999965e-01 2.913521e-04 -2.633034e-03 1.029503e+00 -2.899396e-04 9.999998e-01 5.368374e-04 -1.651069e-01 2.633190e-03 -5.360728e-04 9.999964e-01 1.352009e+01
9.999965e-01 3.787270e-04 -2.608214e-03 2.482395e-01 -3.777433e-04 9.999999e-01 3.776158e-04 -1.305195e-01 2.608357e-03 -3.766285e-04 9.999965e-01 1.377057e+01
9.999964e-01 1.081037e-04 -2.676694e-03 -2.920069e-01 -1.073315e-04 1.000000e+00 2.886271e-04 -1.003715e-01 2.676725e-03 -2.883395e-04 9.999964e-01 1.437873e+01
9.999997e-01 8.851735e-05 -8.247520e-04 9.895679e-02 -8.834120e-05 1.000000e+00 2.135260e-04 -1.167369e-01 8.247712e-04 -2.134523e-04 9.999996e-01 1.454505e+01
9.999984e-01 2.135880e-04 -1.798565e-03 1.060450e+00 -2.125248e-04 9.999998e-01 5.913486e-04 -1.413647e-01 1.798690e-03 -5.909661e-04 9.999982e-01 1.469863e+01
9.999993e-01 -5.006175e-05 -1.172635e-03 1.567097e+00 5.018250e-05 1.000000e+00 1.028776e-04 -1.538610e-01 1.172630e-03 -1.029357e-04 9.999993e-01 1.467411e+01
9.999959e-01 3.252474e-04 -2.849841e-03 1.349570e+00 -3.238943e-04 9.999998e-01 4.752558e-04 -1.515708e-01 2.849995e-03 -4.743315e-04 9.999958e-01 1.478577e+01
9.999986e-01 2.144543e-06 -1.672393e-03 1.014591e+00 -1.902274e-06 1.000000e+00 1.448173e-04 -1.380314e-01 1.672394e-03 -1.448132e-04 9.999986e-01 1.512261e+01
9.999974e-01 2.596865e-04 -2.255001e-03 8.011229e-01 -2.589185e-04 9.999999e-01 3.409086e-04 -1.391864e-01 2.255089e-03 -3.403246e-04 9.999974e-01 1.543548e+01
9.999986e-01 2.795512e-05 -1.662447e-03 6.931644e-01 -2.783679e-05 1.000000e+00 7.115505e-05 -1.426677e-01 1.662449e-03 -7.110796e-05 9.999986e-01 1.604723e+01
9.999965e-01 2.879441e-04 -2.623890e-03 5.213373e-01 -2.866911e-04 9.999998e-01 4.779382e-04 -1.369233e-01 2.624027e-03 -4.771850e-04 9.999964e-01 1.652167e+01
9.999971e-01 2.784399e-04 -2.381301e-03 -1.717825e-01 -2.775032e-04 9.999999e-01 3.936403e-04 -1.076896e-01 2.381410e-03 -3.929776e-04 9.999971e-01 1.670168e+01
9.999961e-01 3.480000e-04 -2.787611e-03 -9.340369e-01 -3.465956e-04 9.999998e-01 5.042996e-04 -7.244229e-02 2.787786e-03 -5.033322e-04 9.999960e-01 1.694928e+01
9.999968e-01 2.972384e-04 -2.529308e-03 -1.723025e+00 -2.962247e-04 9.999999e-01 4.011154e-04 -3.338289e-02 2.529428e-03 -4.003642e-04 9.999967e-01 1.727848e+01
9.999958e-01 3.126026e-04 -2.885783e-03 -2.476508e+00 -3.112908e-04 9.999998e-01 4.550605e-04 7.369345e-03 2.885925e-03 -4.541610e-04 9.999957e-01 1.770589e+01
9.999969e-01 2.563410e-04 -2.458131e-03 -3.185232e+00 -2.553903e-04 9.999999e-01 3.870207e-04 4.622468e-02 2.458230e-03 -3.863911e-04 9.999969e-01 1.814138e+01
9.999988e-01 -6.129137e-05 -1.531204e-03 -3.290614e+00 6.155238e-05 1.000000e+00 1.704789e-04 4.794278e-02 1.531193e-03 -1.705737e-04 9.999988e-01 1.843493e+01
9.999984e-01 2.638098e-04 -1.761805e-03 -2.982419e+00 -2.633189e-04 9.999999e-01 2.788296e-04 2.737889e-02 1.761878e-03 -2.783646e-04 9.999984e-01 1.879189e+01
9.999998e-01 8.439024e-05 -5.893218e-04 -2.249489e+00 -8.431076e-05 1.000000e+00 1.350421e-04 -1.366275e-02 5.893329e-04 -1.349931e-04 9.999998e-01 1.941893e+01
9.999980e-01 2.303890e-04 -1.974120e-03 -1.648221e+00 -2.295521e-04 9.999999e-01 4.241062e-04 -3.997216e-02 1.974217e-03 -4.236515e-04 9.999980e-01 1.981677e+01
9.999976e-01 9.848765e-05 -2.172410e-03 -1.870903e+00 -9.802205e-05 1.000000e+00 2.144756e-04 -3.347175e-02 2.172431e-03 -2.142628e-04 9.999976e-01 2.012812e+01
9.999946e-01 6.932842e-04 -3.202506e-03 -2.845291e+00 -6.903500e-04 9.999993e-01 9.171891e-04 3.146743e-03 3.203140e-03 -9.149726e-04 9.999945e-01 2.013733e+01
9.999996e-01 -4.742297e-04 -7.364251e-04 -2.946657e+00 4.738354e-04 9.999997e-01 -5.353031e-04 -1.782834e-03 7.366785e-04 5.349533e-04 9.999996e-01 2.061183e+01
9.999980e-01 7.278060e-04 -1.871002e-03 -2.337083e+00 -7.260702e-04 9.999993e-01 9.281984e-04 -3.713576e-02 1.871677e-03 -9.268374e-04 9.999978e-01 2.111025e+01
9.999996e-01 -4.045233e-04 -7.732022e-04 -1.599180e+00 4.041915e-04 9.999998e-01 -4.291483e-04 -7.208627e-02 7.733754e-04 4.288349e-04 9.999996e-01 2.160333e+01
9.999979e-01 6.352033e-04 -1.935529e-03 -1.105840e+00 -6.334852e-04 9.999994e-01 8.881054e-04 -1.022828e-01 1.936093e-03 -8.868767e-04 9.999977e-01 2.208686e+01
9.999970e-01 -3.227570e-04 -2.439658e-03 -1.400665e+00 3.219199e-04 9.999999e-01 -3.434855e-04 -9.200054e-02 2.439768e-03 3.426984e-04 9.999970e-01 2.247223e+01
9.999979e-01 5.868000e-04 -1.987659e-03 -1.575417e+00 -5.852363e-04 9.999995e-01 7.871542e-04 -8.745487e-02 1.988121e-03 -7.859886e-04 9.999977e-01 2.302624e+01
9.999986e-01 -4.155330e-04 -1.614756e-03 -1.577966e+00 4.147908e-04 9.999998e-01 -4.598669e-04 -9.961613e-02 1.614946e-03 4.591958e-04 9.999986e-01 2.350848e+01
9.999960e-01 7.441161e-04 -2.720775e-03 -1.900285e+00 -7.412320e-04 9.999992e-01 1.060869e-03 -8.973696e-02 2.721563e-03 -1.058847e-03 9.999957e-01 2.380232e+01
9.999980e-01 -2.577150e-04 -1.972679e-03 -2.359912e+00 2.569826e-04 9.999999e-01 -3.714702e-04 -6.836779e-02 1.972774e-03 3.709618e-04 9.999980e-01 2.418707e+01
9.999977e-01 6.279224e-04 -2.069722e-03 -2.316646e+00 -6.259874e-04 9.999994e-01 9.354137e-04 -6.718649e-02 2.070309e-03 -9.341152e-04 9.999974e-01 2.473509e+01
9.999990e-01 -3.226386e-04 -1.370097e-03 -2.132265e+00 3.215577e-04 9.999996e-01 -7.889780e-04 -9.451506e-02 1.370350e-03 7.885359e-04 9.999988e-01 2.565294e+01
9.999963e-01 6.577985e-04 -2.636546e-03 -2.168394e+00 -6.549615e-04 9.999992e-01 1.076710e-03 -1.052003e-01 2.637253e-03 -1.074979e-03 9.999959e-01 2.660205e+01
9.999979e-01 -2.202147e-04 -2.046072e-03 -2.596580e+00 2.191932e-04 9.999999e-01 -4.994097e-04 -8.661600e-02 2.046182e-03 4.989594e-04 9.999978e-01 2.719519e+01
9.999908e-01 1.044439e-03 -4.155198e-03 -3.643583e+00 -1.037891e-03 9.999982e-01 1.577743e-03 -2.888901e-02 4.156839e-03 -1.573415e-03 9.999901e-01 2.767099e+01
9.999996e-01 -7.673149e-04 4.337977e-04 -3.687336e+00 7.678632e-04 9.999989e-01 -1.265466e-03 -3.897217e-02 -4.328265e-04 1.265798e-03 9.999991e-01 2.839110e+01
9.999887e-01 1.113739e-03 -4.626625e-03 -3.950131e+00 -1.105808e-03 9.999979e-01 1.716380e-03 -3.292778e-02 4.628527e-03 -1.711244e-03 9.999878e-01 2.902628e+01
9.999998e-01 -6.604670e-04 -1.344118e-04 -4.415611e+00 6.603289e-04 9.999993e-01 -1.024248e-03 -1.255592e-02 1.350878e-04 1.024158e-03 9.999995e-01 2.941504e+01
9.999853e-01 1.369396e-03 -5.251840e-03 -5.247490e+00 -1.359472e-03 9.999973e-01 1.892589e-03 3.364365e-02 5.254418e-03 -1.885421e-03 9.999844e-01 2.990129e+01
9.999997e-01 -6.663036e-04 -4.986795e-04 -6.122471e+00 6.658445e-04 9.999994e-01 -9.199391e-04 7.966057e-02 4.992918e-04 9.196060e-04 9.999995e-01 3.032912e+01
9.999924e-01 1.111955e-03 -3.748904e-03 -6.517434e+00 -1.105944e-03 9.999981e-01 1.604975e-03 9.187433e-02 3.750682e-03 -1.600815e-03 9.999917e-01 3.060855e+01
9.999997e-01 -8.007950e-04 -1.325596e-04 -6.540306e+00 8.006281e-04 9.999989e-01 -1.253508e-03 8.492497e-02 1.335629e-04 1.253400e-03 9.999992e-01 3.133704e+01
9.999901e-01 1.322179e-03 -4.257410e-03 -6.872179e+00 -1.315198e-03 9.999978e-01 1.642071e-03 9.527452e-02 4.259572e-03 -1.636454e-03 9.999896e-01 3.237612e+01
9.999990e-01 -7.750102e-04 -1.210873e-03 -7.468253e+00 7.738424e-04 9.999992e-01 -9.644780e-04 1.303947e-01 1.211620e-03 9.635393e-04 9.999988e-01 3.319033e+01
9.999966e-01 1.049841e-03 -2.390785e-03 -7.380020e+00 -1.046868e-03 9.999987e-01 1.244080e-03 1.122777e-01 2.392088e-03 -1.241573e-03 9.999964e-01 3.392554e+01
9.999954e-01 -4.249293e-04 -2.987056e-03 -7.937148e+00 4.228539e-04 9.999997e-01 -6.953665e-04 1.442950e-01 2.987351e-03 6.940996e-04 9.999953e-01 3.491898e+01
9.999954e-01 1.017810e-03 -2.868715e-03 -8.633927e+00 -1.013818e-03 9.999985e-01 1.392583e-03 1.881492e-01 2.870129e-03 -1.389668e-03 9.999949e-01 3.583339e+01
9.999984e-01 -6.767309e-04 -1.674733e-03 -8.927617e+00 6.754449e-04 9.999995e-01 -7.682254e-04 2.006733e-01 1.675252e-03 7.670922e-04 9.999983e-01 3.627689e+01
9.999920e-01 1.500439e-03 -3.702093e-03 -9.903499e+00 -1.493449e-03 9.999971e-01 1.890000e-03 2.372064e-01 3.704918e-03 -1.884455e-03 9.999914e-01 3.629445e+01
9.999975e-01 -6.855587e-04 -2.141474e-03 -1.090704e+01 6.836911e-04 9.999994e-01 -8.726450e-04 2.928137e-01 2.142071e-03 8.711780e-04 9.999973e-01 3.678068e+01
9.999914e-01 1.540950e-03 -3.846383e-03 -1.197794e+01 -1.533297e-03 9.999968e-01 1.991770e-03 3.490667e-01 3.849440e-03 -1.985854e-03 9.999906e-01 3.716936e+01
9.999978e-01 -5.773049e-04 -2.007077e-03 -1.319030e+01 5.759412e-04 9.999996e-01 -6.798707e-04 3.995053e-01 2.007468e-03 6.787125e-04 9.999978e-01 3.719997e+01
9.999933e-01 1.371781e-03 -3.405887e-03 -1.417510e+01 -1.365608e-03 9.999974e-01 1.814121e-03 4.372356e-01 3.408367e-03 -1.809457e-03 9.999926e-01 3.723289e+01
9.999991e-01 -1.102980e-03 -6.996608e-04 -1.436289e+01 1.102110e-03 9.999986e-01 -1.242666e-03 4.432241e-01 7.010301e-04 1.241893e-03 9.999990e-01 3.765955e+01
9.999956e-01 1.330765e-03 -2.644858e-03 -1.416481e+01 -1.326648e-03 9.999979e-01 1.557497e-03 4.203404e-01 2.646926e-03 -1.553980e-03 9.999953e-01 3.825896e+01
9.999984e-01 -1.029935e-03 -1.480962e-03 -1.444084e+01 1.028451e-03 9.999990e-01 -1.002377e-03 4.248508e-01 1.481992e-03 1.000851e-03 9.999984e-01 3.853768e+01
9.999942e-01 1.423488e-03 -3.103654e-03 -1.488527e+01 -1.418244e-03 9.999976e-01 1.691192e-03 4.372842e-01 3.106054e-03 -1.686780e-03 9.999938e-01 3.873659e+01
9.999990e-01 -1.281495e-03 -6.052602e-04 -1.489981e+01 1.280677e-03 9.999983e-01 -1.349625e-03 4.248056e-01 6.069884e-04 1.348848e-03 9.999989e-01 3.912755e+01
9.999920e-01 1.596451e-03 -3.668268e-03 -1.522632e+01 -1.588989e-03 9.999967e-01 2.036004e-03 4.284282e-01 3.671506e-03 -2.030159e-03 9.999912e-01 3.911551e+01
9.999990e-01 -1.094322e-03 -9.280503e-04 -1.579024e+01 1.093225e-03 9.999987e-01 -1.181716e-03 4.388711e-01 9.293420e-04 1.180699e-03 9.999989e-01 3.900679e+01
9.999923e-01 1.585984e-03 -3.585323e-03 -1.632763e+01 -1.578912e-03 9.999968e-01 1.974384e-03 4.537112e-01 3.588443e-03 -1.968707e-03 9.999916e-01 3.910703e+01
9.999992e-01 -1.221860e-03 -3.536533e-04 -1.660360e+01 1.221398e-03 9.999984e-01 -1.303155e-03 4.555208e-01 3.552448e-04 1.302721e-03 9.999991e-01 3.930664e+01
9.999925e-01 1.496108e-03 -3.578627e-03 -1.677200e+01 -1.489533e-03 9.999972e-01 1.839250e-03 4.539261e-01 3.581369e-03 -1.833905e-03 9.999919e-01 3.955216e+01
9.999992e-01 -1.299161e-03 -5.799315e-05 -1.683180e+01 1.299075e-03 9.999981e-01 -1.460586e-03 4.452660e-01 5.989027e-05 1.460509e-03 9.999989e-01 4.000425e+01
9.999926e-01 1.534248e-03 -3.520032e-03 -1.684634e+01 -1.527746e-03 9.999971e-01 1.848844e-03 4.352482e-01 3.522859e-03 -1.843452e-03 9.999921e-01 4.048836e+01
9.999992e-01 -1.280757e-03 -3.979371e-05 -1.672336e+01 1.280697e-03 9.999981e-01 -1.471591e-03 4.221754e-01 4.167808e-05 1.471538e-03 9.999989e-01 4.098859e+01
9.999923e-01 1.589978e-03 -3.587095e-03 -1.681536e+01 -1.583439e-03 9.999971e-01 1.824989e-03 4.141388e-01 3.589987e-03 -1.819295e-03 9.999919e-01 4.164585e+01
9.999988e-01 -1.079748e-03 -1.107658e-03 -1.734548e+01 1.078466e-03 9.999987e-01 -1.157399e-03 4.328960e-01 1.108906e-03 1.156202e-03 9.999987e-01 4.212378e+01
9.999924e-01 1.563439e-03 -3.573905e-03 -1.781405e+01 -1.557116e-03 9.999972e-01 1.771267e-03 4.545388e-01 3.576665e-03 -1.765688e-03 9.999920e-01 4.277327e+01
9.999987e-01 -1.009219e-03 -1.289138e-03 -1.836141e+01 1.008151e-03 9.999991e-01 -8.283977e-04 4.639216e-01 1.289973e-03 8.270962e-04 9.999988e-01 4.243022e+01
9.999919e-01 1.732909e-03 -3.638972e-03 -1.905242e+01 -1.726049e-03 9.999967e-01 1.887349e-03 4.765309e-01 3.642231e-03 -1.881052e-03 9.999916e-01 4.188010e+01
9.999989e-01 -1.419077e-03 -4.792022e-04 -1.934302e+01 1.418436e-03 9.999981e-01 -1.333988e-03 4.789578e-01 4.810941e-04 1.333306e-03 9.999990e-01 4.225839e+01
9.999937e-01 1.696030e-03 -3.121844e-03 -1.919123e+01 -1.690020e-03 9.999967e-01 1.926548e-03 4.685917e-01 3.125101e-03 -1.921259e-03 9.999933e-01 4.194666e+01
9.999985e-01 -1.132540e-03 -1.297177e-03 -1.936541e+01 1.131247e-03 9.999989e-01 -9.972618e-04 4.706514e-01 1.298305e-03 9.957922e-04 9.999987e-01 4.113634e+01
9.999932e-01 1.699218e-03 -3.259899e-03 -1.964495e+01 -1.692824e-03 9.999966e-01 1.963043e-03 4.746934e-01 3.263224e-03 -1.957510e-03 9.999928e-01 4.041942e+01
9.999985e-01 -1.336107e-03 -1.063903e-03 -2.001589e+01 1.334729e-03 9.999983e-01 -1.295151e-03 4.756945e-01 1.065631e-03 1.293729e-03 9.999986e-01 4.041474e+01
9.999930e-01 1.817021e-03 -3.272055e-03 -2.047624e+01 -1.811061e-03 9.999967e-01 1.823423e-03 4.869725e-01 3.275358e-03 -1.817483e-03 9.999930e-01 4.104851e+01
9.999981e-01 -1.279724e-03 -1.456392e-03 -2.102984e+01 1.278068e-03 9.999985e-01 -1.137305e-03 5.071478e-01 1.457845e-03 1.135441e-03 9.999983e-01 4.170822e+01
9.999962e-01 1.466820e-03 -2.347516e-03 -2.104538e+01 -1.462973e-03 9.999976e-01 1.639414e-03 5.035168e-01 2.349916e-03 -1.635973e-03 9.999959e-01 4.193005e+01
9.999989e-01 -1.288064e-03 -7.758955e-04 -2.059268e+01 1.287247e-03 9.999986e-01 -1.052524e-03 4.853186e-01 7.772498e-04 1.051524e-03 9.999991e-01 4.202386e+01
9.999943e-01 1.554220e-03 -2.983424e-03 -2.054646e+01 -1.549510e-03 9.999976e-01 1.580506e-03 4.809590e-01 2.985873e-03 -1.575874e-03 9.999943e-01 4.233037e+01
9.999992e-01 -1.159459e-03 -5.935094e-04 -2.030262e+01 1.158799e-03 9.999987e-01 -1.110899e-03 4.648384e-01 5.947964e-04 1.110210e-03 9.999992e-01 4.294364e+01
9.999975e-01 1.455495e-03 -1.715160e-03 -1.958936e+01 -1.452896e-03 9.999978e-01 1.514965e-03 4.269863e-01 1.717361e-03 -1.512469e-03 9.999974e-01 4.348439e+01
9.999991e-01 -1.216078e-03 -5.540516e-04 -1.886062e+01 1.215541e-03 9.999988e-01 -9.681191e-04 3.930227e-01 5.552279e-04 9.674440e-04 9.999994e-01 4.389895e+01
9.999932e-01 1.619862e-03 -3.315507e-03 -1.882298e+01 -1.613781e-03 9.999970e-01 1.836019e-03 3.930035e-01 3.318472e-03 -1.830655e-03 9.999928e-01 4.351829e+01
9.999988e-01 -1.090457e-03 -1.136122e-03 -1.929665e+01 1.089406e-03 9.999990e-01 -9.251650e-04 4.015252e-01 1.137130e-03 9.239255e-04 9.999989e-01 4.323507e+01
9.999915e-01 1.670805e-03 -3.756405e-03 -1.999768e+01 -1.663754e-03 9.999969e-01 1.879249e-03 4.227084e-01 3.759534e-03 -1.872983e-03 9.999912e-01 4.320233e+01
9.999990e-01 -1.381150e-03 -1.720625e-05 -1.998608e+01 1.381129e-03 9.999984e-01 -1.137650e-03 4.168337e-01 1.877720e-05 1.137624e-03 9.999994e-01 4.299933e+01
9.999919e-01 1.729545e-03 -3.625986e-03 -1.985755e+01 -1.722488e-03 9.999966e-01 1.948181e-03 4.148486e-01 3.629343e-03 -1.941919e-03 9.999915e-01 4.258334e+01
9.999990e-01 -1.420202e-03 1.009628e-04 -1.965942e+01 1.420324e-03 9.999982e-01 -1.223986e-03 4.118060e-01 -9.922464e-05 1.224127e-03 9.999992e-01 4.220583e+01
9.999888e-01 1.851405e-03 -4.358176e-03 -1.982325e+01 -1.842316e-03 9.999961e-01 2.088725e-03 4.111197e-01 4.362026e-03 -2.080671e-03 9.999883e-01 4.165974e+01
9.999983e-01 -1.658761e-03 8.387225e-04 -1.964491e+01 1.659998e-03 9.999975e-01 -1.476440e-03 4.023317e-01 -8.362717e-04 1.477829e-03 9.999986e-01 4.141331e+01
9.999909e-01 1.783272e-03 -3.864121e-03 -1.936341e+01 -1.775500e-03 9.999964e-01 2.013880e-03 3.860673e-01 3.867699e-03 -2.007001e-03 9.999905e-01 4.145135e+01
9.999987e-01 -1.543933e-03 3.474017e-04 -1.911493e+01 1.544406e-03 9.999979e-01 -1.365921e-03 3.785448e-01 -3.452924e-04 1.366455e-03 9.999990e-01 4.113172e+01
9.999893e-01 1.900889e-03 -4.219204e-03 -1.907650e+01 -1.891751e-03 9.999959e-01 2.168601e-03 3.751312e-01 4.223309e-03 -2.160595e-03 9.999887e-01 4.068398e+01
9.999977e-01 -1.449865e-03 1.579473e-03 -1.833991e+01 1.452736e-03 9.999973e-01 -1.818094e-03 3.354545e-01 -1.576833e-03 1.820384e-03 9.999971e-01 4.150291e+01
9.999913e-01 1.859469e-03 -3.745744e-03 -1.732581e+01 -1.850880e-03 9.999957e-01 2.295274e-03 2.833977e-01 3.749996e-03 -2.288320e-03 9.999904e-01 4.241845e+01
9.999981e-01 -1.680598e-03 1.021763e-03 -1.696111e+01 1.682473e-03 9.999969e-01 -1.837096e-03 2.599453e-01 -1.018673e-03 1.838811e-03 9.999978e-01 4.264670e+01
9.999891e-01 1.876570e-03 -4.281001e-03 -1.680092e+01 -1.866197e-03 9.999953e-01 2.425821e-03 2.468830e-01 4.285534e-03 -2.417804e-03 9.999879e-01 4.267572e+01
9.999976e-01 -1.751710e-03 1.324249e-03 -1.653472e+01 1.754360e-03 9.999965e-01 -2.002474e-03 2.264739e-01 -1.320737e-03 2.004792e-03 9.999971e-01 4.287534e+01
9.999886e-01 1.991809e-03 -4.339081e-03 -1.627191e+01 -1.982298e-03 9.999956e-01 2.195086e-03 1.932008e-01 4.343434e-03 -2.186459e-03 9.999882e-01 4.360660e+01
9.999975e-01 -1.774969e-03 1.330845e-03 -1.610017e+01 1.777720e-03 9.999963e-01 -2.069313e-03 1.597696e-01 -1.327167e-03 2.071673e-03 9.999970e-01 4.446737e+01
9.999865e-01 2.006885e-03 -4.796748e-03 -1.606196e+01 -1.995734e-03 9.999953e-01 2.328408e-03 1.426885e-01 4.801398e-03 -2.318803e-03 9.999858e-01 4.513633e+01
9.999978e-01 -1.717676e-03 1.226652e-03 -1.607229e+01 1.720272e-03 9.999963e-01 -2.118836e-03 1.240270e-01 -1.223008e-03 2.120941e-03 9.999970e-01 4.598886e+01
9.999842e-01 2.019805e-03 -5.243400e-03 -1.623996e+01 -2.006851e-03 9.999949e-01 2.474534e-03 1.217714e-01 5.248372e-03 -2.463971e-03 9.999832e-01 4.669282e+01
9.999981e-01 -1.671139e-03 9.617796e-04 -1.656864e+01 1.672953e-03 9.999968e-01 -1.888215e-03 1.312170e-01 -9.586214e-04 1.889820e-03 9.999978e-01 4.704325e+01
9.999764e-01 2.425171e-03 -6.432265e-03 -1.744999e+01 -2.407183e-03 9.999932e-01 2.802751e-03 1.762588e-01 6.439019e-03 -2.787201e-03 9.999754e-01 4.751074e+01
9.999970e-01 -1.937794e-03 1.482780e-03 -1.798469e+01 1.940851e-03 9.999960e-01 -2.063480e-03 2.024500e-01 -1.478775e-03 2.066351e-03 9.999968e-01 4.795011e+01
9.999838e-01 2.141006e-03 -5.272438e-03 -1.805016e+01 -2.127952e-03 9.999947e-01 2.480214e-03 1.981554e-01 5.277720e-03 -2.468954e-03 9.999830e-01 4.836629e+01
9.999974e-01 -1.873973e-03 1.330533e-03 -1.822817e+01 1.876753e-03 9.999961e-01 -2.091500e-03 1.978429e-01 -1.326609e-03 2.093990e-03 9.999969e-01 4.892265e+01
9.999847e-01 2.106357e-03 -5.106338e-03 -1.830963e+01 -2.092988e-03 9.999944e-01 2.621956e-03 1.902286e-01 5.111832e-03 -2.611228e-03 9.999835e-01 4.908844e+01
9.999967e-01 -1.894773e-03 1.744676e-03 -1.791832e+01 1.898169e-03 9.999963e-01 -1.947164e-03 1.822251e-01 -1.740980e-03 1.950469e-03 9.999966e-01 4.888938e+01
9.999854e-01 2.022383e-03 -5.017989e-03 -1.759235e+01 -2.010329e-03 9.999951e-01 2.405962e-03 1.634069e-01 5.022830e-03 -2.395838e-03 9.999845e-01 4.906028e+01
9.999988e-01 -1.556804e-03 8.862597e-05 -1.812113e+01 1.556959e-03 9.999972e-01 -1.778123e-03 1.930865e-01 -8.585781e-05 1.778258e-03 9.999984e-01 4.963798e+01
9.999850e-01 2.144550e-03 -5.030135e-03 -1.881852e+01 -2.131414e-03 9.999943e-01 2.615356e-03 2.222275e-01 5.035716e-03 -2.604595e-03 9.999839e-01 4.999113e+01
9.999989e-01 -1.474696e-03 1.591103e-04 -1.961785e+01 1.474971e-03 9.999974e-01 -1.744609e-03 2.503470e-01 -1.565374e-04 1.744841e-03 9.999985e-01 5.041089e+01
9.999873e-01 2.011374e-03 -4.620209e-03 -2.018415e+01 -2.000366e-03 9.999952e-01 2.385798e-03 2.680107e-01 4.624986e-03 -2.376525e-03 9.999865e-01 5.108922e+01
9.999986e-01 -1.581259e-03 5.006863e-04 -2.057223e+01 1.582193e-03 9.999970e-01 -1.870393e-03 2.778684e-01 -4.977275e-04 1.871182e-03 9.999981e-01 5.185051e+01
9.999848e-01 2.028221e-03 -5.129438e-03 -2.103157e+01 -2.015734e-03 9.999950e-01 2.438326e-03 2.988888e-01 5.134358e-03 -2.427948e-03 9.999839e-01 5.259418e+01
9.999986e-01 -1.611232e-03 4.883975e-04 -2.143728e+01 1.612119e-03 9.999970e-01 -1.822826e-03 3.182390e-01 -4.854593e-04 1.823610e-03 9.999982e-01 5.322033e+01
9.999913e-01 1.841113e-03 -3.746821e-03 -2.129155e+01 -1.832731e-03 9.999958e-01 2.239197e-03 3.051027e-01 3.750928e-03 -2.232310e-03 9.999905e-01 5.364470e+01
9.999988e-01 -1.575438e-03 -8.110933e-05 -2.143522e+01 1.575302e-03 9.999974e-01 -1.653225e-03 3.082097e-01 8.371340e-05 1.653094e-03 9.999986e-01 5.398859e+01
9.999892e-01 1.952600e-03 -4.225740e-03 -2.179728e+01 -1.942788e-03 9.999954e-01 2.324713e-03 3.229405e-01 4.230260e-03 -2.316477e-03 9.999884e-01 5.426765e+01
9.999987e-01 -1.599980e-03 2.291788e-04 -2.199889e+01 1.600347e-03 9.999974e-01 -1.610906e-03 3.310564e-01 -2.266011e-04 1.611270e-03 9.999987e-01 5.444635e+01
9.999920e-01 1.809820e-03 -3.571259e-03 -2.177577e+01 -1.802004e-03 9.999960e-01 2.190467e-03 3.195350e-01 3.575210e-03 -2.184013e-03 9.999912e-01 5.470844e+01
9.999989e-01 -1.512612e-03 -5.898137e-05 -2.186473e+01 1.512502e-03 9.999972e-01 -1.811835e-03 3.136439e-01 6.172154e-05 1.811743e-03 9.999984e-01 5.535080e+01
9.999884e-01 1.946644e-03 -4.415502e-03 -2.231212e+01 -1.935721e-03 9.999951e-01 2.476655e-03 3.328310e-01 4.420302e-03 -2.468078e-03 9.999872e-01 5.585034e+01
9.999988e-01 -1.560503e-03 1.965331e-04 -2.269535e+01 1.560843e-03 9.999973e-01 -1.741547e-03 3.419630e-01 -1.938152e-04 1.741851e-03 9.999985e-01 5.597114e+01
9.999879e-01 1.946390e-03 -4.510834e-03 -2.309632e+01 -1.935514e-03 9.999952e-01 2.414310e-03 3.556114e-01 4.515512e-03 -2.405549e-03 9.999869e-01 5.618676e+01
9.999987e-01 -1.597422e-03 2.207179e-04 -2.331179e+01 1.597826e-03 9.999970e-01 -1.847501e-03 3.671908e-01 -2.177663e-04 1.847851e-03 9.999983e-01 5.660859e+01
9.999879e-01 1.907510e-03 -4.542389e-03 -2.356615e+01 -1.896642e-03 9.999953e-01 2.395589e-03 3.798485e-01 4.546938e-03 -2.386944e-03 9.999868e-01 5.708493e+01
9.999985e-01 -1.654871e-03 5.248335e-04 -2.376878e+01 1.655838e-03 9.999969e-01 -1.849520e-03 3.846518e-01 -5.217714e-04 1.850385e-03 9.999982e-01 5.734431e+01
9.999860e-01 2.086840e-03 -4.865063e-03 -2.422157e+01 -2.073968e-03 9.999943e-01 2.649389e-03 3.967633e-01 4.870564e-03 -2.639261e-03 9.999847e-01 5.736663e+01
9.999990e-01 -1.376480e-03 -4.300546e-04 -2.502907e+01 1.375741e-03 9.999976e-01 -1.712478e-03 4.357577e-01 4.324105e-04 1.711884e-03 9.999984e-01 5.767233e+01
9.999869e-01 1.945654e-03 -4.731351e-03 -2.555410e+01 -1.932967e-03 9.999945e-01 2.684555e-03 4.685091e-01 4.736548e-03 -2.675374e-03 9.999852e-01 5.796198e+01
9.999976e-01 -1.713341e-03 1.328465e-03 -2.498921e+01 1.715968e-03 9.999966e-01 -1.979594e-03 4.633289e-01 -1.325069e-03 1.981868e-03 9.999972e-01 5.779070e+01
9.999876e-01 1.943517e-03 -4.585553e-03 -2.427034e+01 -1.931090e-03 9.999945e-01 2.712779e-03 4.552598e-01 4.590800e-03 -2.703890e-03 9.999858e-01 5.763323e+01
9.999977e-01 -1.710075e-03 1.318858e-03 -2.380149e+01 1.712975e-03 9.999961e-01 -2.201011e-03 4.336154e-01 -1.315089e-03 2.203264e-03 9.999967e-01 5.796248e+01
9.999865e-01 1.991415e-03 -4.805397e-03 -2.367572e+01 -1.979427e-03 9.999949e-01 2.498070e-03 4.148290e-01 4.810348e-03 -2.488523e-03 9.999853e-01 5.873073e+01
9.999967e-01 -1.778736e-03 1.854824e-03 -2.321267e+01 1.782608e-03 9.999962e-01 -2.087959e-03 3.875084e-01 -1.851104e-03 2.091258e-03 9.999961e-01 5.908390e+01
9.999873e-01 1.989135e-03 -4.620525e-03 -2.258870e+01 -1.976684e-03 9.999944e-01 2.697658e-03 3.627948e-01 4.625865e-03 -2.688490e-03 9.999857e-01 5.938387e+01
9.999976e-01 -1.737040e-03 1.318551e-03 -2.213450e+01 1.739563e-03 9.999967e-01 -1.914870e-03 3.527742e-01 -1.315221e-03 1.917158e-03 9.999973e-01 5.925186e+01
9.999874e-01 1.973338e-03 -4.622597e-03 -2.156605e+01 -1.960978e-03 9.999945e-01 2.676692e-03 3.443582e-01 4.627854e-03 -2.667593e-03 9.999857e-01 5.904553e+01
9.999974e-01 -1.748796e-03 1.473719e-03 -2.094346e+01 1.751704e-03 9.999965e-01 -1.974639e-03 3.328274e-01 -1.470261e-03 1.977215e-03 9.999970e-01 5.893683e+01
9.999893e-01 1.972498e-03 -4.181966e-03 -2.029834e+01 -1.961887e-03 9.999949e-01 2.539641e-03 3.095158e-01 4.186954e-03 -2.531408e-03 9.999880e-01 5.911543e+01
9.999974e-01 -1.750888e-03 1.462176e-03 -1.972286e+01 1.753914e-03 9.999963e-01 -2.070901e-03 2.804878e-01 -1.458545e-03 2.073460e-03 9.999968e-01 5.945509e+01
9.999894e-01 1.980414e-03 -4.147817e-03 -1.927826e+01 -1.970581e-03 9.999952e-01 2.373359e-03 2.495194e-01 4.152498e-03 -2.365159e-03 9.999886e-01 5.996386e+01
9.999980e-01 -1.804223e-03 8.689411e-04 -1.892706e+01 1.805917e-03 9.999965e-01 -1.953189e-03 2.292262e-01 -8.654143e-04 1.954754e-03 9.999977e-01 6.022369e+01
9.999896e-01 1.968723e-03 -4.118615e-03 -1.835751e+01 -1.957981e-03 9.999947e-01 2.610424e-03 2.158517e-01 4.123732e-03 -2.602332e-03 9.999881e-01 6.020347e+01
9.999986e-01 -1.654055e-03 3.468267e-04 -1.822536e+01 1.654687e-03 9.999970e-01 -1.830619e-03 2.149450e-01 -3.437979e-04 1.831190e-03 9.999983e-01 6.009712e+01
9.999906e-01 1.945002e-03 -3.877347e-03 -1.777089e+01 -1.934924e-03 9.999947e-01 2.601196e-03 2.089360e-01 3.882386e-03 -2.593669e-03 9.999891e-01 5.981637e+01
9.999982e-01 -1.718675e-03 8.257938e-04 -1.706786e+01 1.720226e-03 9.999968e-01 -1.881604e-03 1.952376e-01 -8.225575e-04 1.883021e-03 9.999979e-01 5.977194e+01
9.999915e-01 1.963196e-03 -3.637048e-03 -1.624100e+01 -1.953652e-03 9.999946e-01 2.625888e-03 1.768181e-01 3.642184e-03 -2.618760e-03 9.999899e-01 5.981238e+01
9.999982e-01 -1.731039e-03 7.676054e-04 -1.540074e+01 1.732467e-03 9.999968e-01 -1.864623e-03 1.611672e-01 -7.643755e-04 1.865949e-03 9.999980e-01 5.978893e+01
9.999922e-01 1.931883e-03 -3.437155e-03 -1.468652e+01 -1.923210e-03 9.999950e-01 2.524573e-03 1.419294e-01 3.442016e-03 -2.517942e-03 9.999909e-01 5.985253e+01
9.999983e-01 -1.707761e-03 6.873106e-04 -1.406609e+01 1.709131e-03 9.999965e-01 -1.997597e-03 1.187905e-01 -6.838970e-04 1.998768e-03 9.999978e-01 6.008865e+01
9.999917e-01 1.905182e-03 -3.591078e-03 -1.337732e+01 -1.895910e-03 9.999949e-01 2.583543e-03 9.887346e-02 3.595982e-03 -2.576713e-03 9.999902e-01 6.022387e+01
9.999983e-01 -1.683598e-03 7.469272e-04 -1.259689e+01 1.685042e-03 9.999967e-01 -1.937362e-03 7.656209e-02 -7.436633e-04 1.938616e-03 9.999978e-01 6.037629e+01
9.999922e-01 1.886129e-03 -3.459373e-03 -1.200720e+01 -1.877502e-03 9.999951e-01 2.495329e-03 5.072141e-02 3.464062e-03 -2.488814e-03 9.999909e-01 6.062621e+01
9.999984e-01 -1.727270e-03 3.922258e-04 -1.156617e+01 1.728034e-03 9.999966e-01 -1.958794e-03 3.254417e-02 -3.888413e-04 1.959468e-03 9.999980e-01 6.070548e+01
9.999922e-01 1.932687e-03 -3.456869e-03 -1.083457e+01 -1.923333e-03 9.999945e-01 2.707002e-03 1.945742e-02 3.462082e-03 -2.700331e-03 9.999904e-01 6.064299e+01
9.999985e-01 -1.714877e-03 9.053441e-05 -1.059520e+01 1.715074e-03 9.999961e-01 -2.223086e-03 3.793582e-03 -8.672198e-05 2.223237e-03 9.999975e-01 6.098471e+01
9.999919e-01 1.993519e-03 -3.501564e-03 -1.031416e+01 -1.984001e-03 9.999943e-01 2.719498e-03 -1.108333e-02 3.506966e-03 -2.712528e-03 9.999902e-01 6.137334e+01
9.999985e-01 -1.646991e-03 -4.805270e-04 -1.039855e+01 1.646031e-03 9.999967e-01 -1.990251e-03 -9.376664e-03 4.838031e-04 1.989456e-03 9.999979e-01 6.146919e+01
9.999948e-01 1.931116e-03 -2.595131e-03 -9.804287e+00 -1.924660e-03 9.999951e-01 2.487701e-03 -3.529919e-02 2.599923e-03 -2.482692e-03 9.999935e-01 6.182049e+01
9.999986e-01 -1.676210e-03 2.936607e-05 -9.189380e+00 1.676263e-03 9.999968e-01 -1.903304e-03 -5.590775e-02 -2.617588e-05 1.903350e-03 9.999982e-01 6.203667e+01
9.999929e-01 2.008529e-03 -3.179833e-03 -8.622112e+00 -1.999898e-03 9.999943e-01 2.714794e-03 -6.002701e-02 3.185268e-03 -2.708415e-03 9.999913e-01 6.165200e+01
9.999983e-01 -1.781425e-03 5.304928e-04 -8.014538e+00 1.782533e-03 9.999962e-01 -2.095142e-03 -8.011943e-02 -5.267587e-04 2.096083e-03 9.999977e-01 6.173993e+01
9.999930e-01 2.059731e-03 -3.135826e-03 -7.305274e+00 -2.051187e-03 9.999942e-01 2.725464e-03 -1.063929e-01 3.141422e-03 -2.719012e-03 9.999914e-01 6.201992e+01
9.999983e-01 -1.800722e-03 4.056235e-04 -6.593026e+00 1.801574e-03 9.999961e-01 -2.112641e-03 -1.281908e-01 -4.018179e-04 2.113367e-03 9.999977e-01 6.216633e+01
9.999920e-01 2.058264e-03 -3.435440e-03 -5.833323e+00 -2.048371e-03 9.999938e-01 2.880430e-03 -1.381935e-01 3.441347e-03 -2.873370e-03 9.999900e-01 6.201329e+01
9.999982e-01 -1.813497e-03 6.342531e-04 -5.188904e+00 1.814919e-03 9.999958e-01 -2.250580e-03 -1.599220e-01 -6.301693e-04 2.251727e-03 9.999973e-01 6.215843e+01
9.999918e-01 2.099548e-03 -3.449212e-03 -4.607978e+00 -2.090295e-03 9.999942e-01 2.684069e-03 -1.913577e-01 3.454828e-03 -2.676837e-03 9.999904e-01 6.260933e+01
9.999981e-01 -1.828852e-03 7.194872e-04 -3.960501e+00 1.830388e-03 9.999960e-01 -2.140233e-03 -2.204588e-01 -7.155704e-04 2.141545e-03 9.999975e-01 6.300487e+01
9.999914e-01 2.048951e-03 -3.612448e-03 -3.260152e+00 -2.039025e-03 9.999941e-01 2.749441e-03 -2.421877e-01 3.618061e-03 -2.742050e-03 9.999897e-01 6.317940e+01
9.999981e-01 -1.824467e-03 6.667577e-04 -2.727762e+00 1.825940e-03 9.999959e-01 -2.215793e-03 -2.625388e-01 -6.627126e-04 2.217006e-03 9.999973e-01 6.342262e+01
9.999914e-01 2.010672e-03 -3.638312e-03 -2.280271e+00 -2.000691e-03 9.999942e-01 2.744677e-03 -2.813071e-01 3.643810e-03 -2.737374e-03 9.999896e-01 6.367524e+01
9.999981e-01 -1.791449e-03 8.188741e-04 -1.705696e+00 1.793217e-03 9.999961e-01 -2.164179e-03 -3.028673e-01 -8.149941e-04 2.165642e-03 9.999973e-01 6.385343e+01
9.999910e-01 1.948887e-03 -3.770635e-03 -1.305136e+00 -1.938749e-03 9.999945e-01 2.690403e-03 -3.231043e-01 3.775858e-03 -2.683068e-03 9.999893e-01 6.398553e+01
9.999984e-01 -1.737037e-03 3.831235e-04 -5.891094e-01 1.737727e-03 9.999969e-01 -1.810358e-03 -3.329683e-01 -3.799778e-04 1.811021e-03 9.999983e-01 6.387986e+01
9.999881e-01 2.066139e-03 -4.413955e-03 -4.932333e-01 -2.055740e-03 9.999951e-01 2.359224e-03 -3.352969e-01 4.418808e-03 -2.350122e-03 9.999875e-01 6.426452e+01
9.999984e-01 -1.726066e-03 4.670058e-04 -3.495503e-01 1.726903e-03 9.999969e-01 -1.799515e-03 -3.395282e-01 -4.638985e-04 1.800318e-03 9.999983e-01 6.467725e+01
9.999896e-01 2.011092e-03 -4.093913e-03 6.498087e-01 -1.998952e-03 9.999936e-01 2.967064e-03 -3.355993e-01 4.099854e-03 -2.958849e-03 9.999872e-01 6.424043e+01
9.999981e-01 -1.757244e-03 8.522785e-04 1.473659e+00 1.759096e-03 9.999961e-01 -2.177255e-03 -3.395125e-01 -8.484494e-04 2.178749e-03 9.999973e-01 6.396731e+01
9.999896e-01 1.948890e-03 -4.119178e-03 2.016155e+00 -1.937211e-03 9.999941e-01 2.837193e-03 -3.531921e-01 4.124684e-03 -2.829183e-03 9.999875e-01 6.401306e+01
9.999983e-01 -1.711290e-03 7.110005e-04 2.550600e+00 1.712801e-03 9.999963e-01 -2.131352e-03 -3.657123e-01 -7.073507e-04 2.132566e-03 9.999975e-01 6.407487e+01
9.999904e-01 2.076067e-03 -3.851442e-03 3.255675e+00 -2.065904e-03 9.999944e-01 2.640757e-03 -3.974217e-01 3.856903e-03 -2.632775e-03 9.999891e-01 6.463023e+01
9.999978e-01 -1.711536e-03 1.248516e-03 4.044923e+00 1.714182e-03 9.999963e-01 -2.121279e-03 -4.382544e-01 -1.244881e-03 2.123414e-03 9.999970e-01 6.542857e+01
9.999882e-01 1.878197e-03 -4.485917e-03 4.366558e+00 -1.866538e-03 9.999949e-01 2.601626e-03 -4.594996e-01 4.490781e-03 -2.593222e-03 9.999866e-01 6.577849e+01
9.999988e-01 -1.488887e-03 3.589283e-04 4.068027e+00 1.489615e-03 9.999968e-01 -2.038470e-03 -4.554935e-01 -3.558923e-04 2.039002e-03 9.999979e-01 6.617733e+01
9.999896e-01 1.745433e-03 -4.223648e-03 4.029810e+00 -1.734237e-03 9.999950e-01 2.652797e-03 -4.607213e-01 4.228258e-03 -2.645444e-03 9.999876e-01 6.635465e+01
9.999987e-01 -1.530991e-03 5.309000e-04 4.120805e+00 1.532175e-03 9.999963e-01 -2.238026e-03 -4.760687e-01 -5.274719e-04 2.238836e-03 9.999974e-01 6.674896e+01
9.999911e-01 1.892676e-03 -3.768125e-03 4.717567e+00 -1.882593e-03 9.999946e-01 2.677327e-03 -5.042266e-01 3.773172e-03 -2.670209e-03 9.999893e-01 6.727246e+01
9.999979e-01 -1.555126e-03 1.305816e-03 5.956855e+00 1.557390e-03 9.999973e-01 -1.735094e-03 -5.240466e-01 -1.303114e-03 1.737123e-03 9.999976e-01 6.735852e+01
9.999826e-01 1.939828e-03 -5.563519e-03 5.613661e+00 -1.926738e-03 9.999954e-01 2.357139e-03 -5.161201e-01 5.568066e-03 -2.346378e-03 9.999817e-01 6.756012e+01
9.999991e-01 -1.277511e-03 3.577645e-04 4.819670e+00 1.277990e-03 9.999983e-01 -1.344461e-03 -4.886468e-01 -3.560466e-04 1.344917e-03 9.999990e-01 6.758011e+01
9.999874e-01 1.726183e-03 -4.715019e-03 4.689717e+00 -1.715661e-03 9.999960e-01 2.234575e-03 -4.893662e-01 4.718858e-03 -2.226457e-03 9.999864e-01 6.699212e+01
9.999981e-01 -1.490212e-03 1.293334e-03 4.953605e+00 1.492205e-03 9.999977e-01 -1.541121e-03 -4.994699e-01 -1.291035e-03 1.543047e-03 9.999980e-01 6.677681e+01
9.999893e-01 1.701387e-03 -4.295875e-03 5.290388e+00 -1.693078e-03 9.999967e-01 1.937076e-03 -5.224108e-01 4.299157e-03 -1.929781e-03 9.999889e-01 6.723852e+01
9.999979e-01 -1.394956e-03 1.481365e-03 6.080061e+00 1.396879e-03 9.999982e-01 -1.298032e-03 -5.518582e-01 -1.479551e-03 1.300098e-03 9.999981e-01 6.757324e+01
9.999907e-01 1.678433e-03 -3.980189e-03 6.829863e+00 -1.670655e-03 9.999967e-01 1.956716e-03 -5.788750e-01 3.983460e-03 -1.950048e-03 9.999902e-01 6.784949e+01
9.999986e-01 -1.412831e-03 8.682538e-04 7.329174e+00 1.413913e-03 9.999982e-01 -1.247216e-03 -5.887735e-01 -8.664904e-04 1.248441e-03 9.999988e-01 6.763181e+01
9.999892e-01 1.959416e-03 -4.224692e-03 8.275324e+00 -1.950516e-03 9.999959e-01 2.109803e-03 -6.012693e-01 4.228809e-03 -2.101539e-03 9.999889e-01 6.720673e+01
9.999976e-01 -1.546156e-03 1.522520e-03 9.363749e+00 1.548034e-03 9.999980e-01 -1.233355e-03 -6.148603e-01 -1.520610e-03 1.235708e-03 9.999981e-01 6.695788e+01
9.999866e-01 1.816565e-03 -4.846612e-03 9.961155e+00 -1.806868e-03 9.999964e-01 2.004358e-03 -6.194704e-01 4.850236e-03 -1.995573e-03 9.999862e-01 6.661288e+01
9.999967e-01 -1.572174e-03 2.018111e-03 1.069248e+01 1.574883e-03 9.999979e-01 -1.341287e-03 -6.351916e-01 -2.015998e-03 1.344460e-03 9.999971e-01 6.658900e+01
9.999848e-01 1.845920e-03 -5.193755e-03 1.121940e+01 -1.836298e-03 9.999966e-01 1.856698e-03 -6.604805e-01 5.197165e-03 -1.847132e-03 9.999848e-01 6.700160e+01
9.999962e-01 -1.544209e-03 2.266406e-03 1.176571e+01 1.547293e-03 9.999979e-01 -1.359602e-03 -6.894334e-01 -2.264302e-03 1.363103e-03 9.999965e-01 6.745854e+01
9.999850e-01 1.741900e-03 -5.198245e-03 1.225112e+01 -1.732329e-03 9.999968e-01 1.845094e-03 -7.181670e-01 5.201442e-03 -1.836061e-03 9.999848e-01 6.785000e+01
9.999988e-01 -1.344403e-03 7.306894e-04 1.193745e+01 1.345298e-03 9.999983e-01 -1.225040e-03 -7.101517e-01 -7.290414e-04 1.226021e-03 9.999990e-01 6.822878e+01
9.999892e-01 1.655024e-03 -4.352939e-03 1.202965e+01 -1.648306e-03 9.999974e-01 1.546378e-03 -7.305010e-01 4.355487e-03 -1.539185e-03 9.999893e-01 6.900325e+01
9.999985e-01 -8.377395e-04 1.540401e-03 1.311526e+01 8.392865e-04 9.999991e-01 -1.004126e-03 -7.734648e-01 -1.539559e-03 1.005416e-03 9.999983e-01 7.008011e+01
