9.999944e-01 1.992647e-04 -3.350953e-03 1.091683e-01 -1.983496e-04 9.999999e-01 2.734322e-04 -2.089976e-02 3.351007e-03 -2.727667e-04 9.999943e-01 6.103606e-01
1.000000e+00 5.398339e-05 -7.763467e-05 1.859310e-01 -5.398176e-05 1.000000e+00 2.063369e-05 -3.934760e-02 7.763612e-05 -2.062878e-05 1.000000e+00 1.271346e+00
9.999936e-01 1.918619e-04 -3.572427e-03 1.456315e-01 -1.907460e-04 9.999999e-01 3.127163e-04 -5.115011e-02 3.572486e-03 -3.120336e-04 9.999936e-01 1.861757e+00
1.000000e+00 2.562715e-05 1.986228e-04 2.351551e-01 -2.561606e-05 1.000000e+00 -5.572335e-05 -7.138553e-02 -1.986239e-04 5.571897e-05 1.000000e+00 2.478257e+00
9.999938e-01 2.213165e-04 -3.526150e-03 3.418416e-01 -2.203770e-04 9.999999e-01 2.668416e-04 -9.494008e-02 3.526208e-03 -2.660636e-04 9.999937e-01 3.239255e+00
1.000000e+00 -2.885413e-05 6.306098e-05 3.410800e-01 2.885089e-05 1.000000e+00 5.191010e-05 -1.122674e-01 -6.306214e-05 -5.190757e-05 1.000000e+00 3.728194e+00
9.999940e-01 2.539338e-04 -3.449892e-03 4.172851e-01 -2.530649e-04 9.999999e-01 2.522878e-04 -1.300850e-01 3.449956e-03 -2.514140e-04 9.999940e-01 4.313084e+00
1.000000e+00 -9.633320e-06 -6.577624e-05 4.189124e-01 9.634308e-06 1.000000e+00 1.450918e-05 -1.467229e-01 6.577644e-05 -1.450910e-05 1.000000e+00 4.983413e+00
9.999908e-01 4.677894e-04 -4.267598e-03 -1.876827e-02 -4.651760e-04 9.999997e-01 6.133644e-04 -1.376826e-01 4.267884e-03 -6.113743e-04 9.999907e-01 5.436435e+00
9.999999e-01 -1.817244e-04 4.819355e-04 -1.772625e-01 1.818084e-04 1.000000e+00 -1.742475e-04 -1.436588e-01 -4.819035e-04 1.743358e-04 9.999999e-01 5.873872e+00
9.999914e-01 4.551153e-04 -4.127565e-03 -2.214488e-01 -4.531491e-04 9.999998e-01 4.772848e-04 -1.563400e-01 4.127781e-03 -4.754110e-04 9.999914e-01 6.543047e+00
9.999999e-01 -1.246006e-04 3.759336e-04 -3.107703e-01 1.246220e-04 1.000000e+00 -5.678861e-05 -1.633125e-01 -3.759262e-04 5.683617e-05 9.999999e-01 7.117569e+00
9.999916e-01 4.279608e-04 -4.066642e-03 -2.834947e-01 -4.260394e-04 9.999998e-01 4.733356e-04 -1.725525e-01 4.066843e-03 -4.715998e-04 9.999916e-01 7.673109e+00
1.000000e+00 -8.023886e-05 2.230634e-04 -4.355168e-01 8.024253e-05 1.000000e+00 -1.624297e-05 -1.787263e-01 -2.230618e-04 1.626158e-05 1.000000e+00 8.177840e+00
9.999898e-01 4.796647e-04 -4.491339e-03 -8.008995e-01 -4.769008e-04 9.999997e-01 6.164423e-04 -1.718555e-01 4.491633e-03 -6.142948e-04 9.999897e-01 8.601543e+00
9.999995e-01 -2.004811e-04 9.487329e-04 -7.546310e-01 2.007072e-04 1.000000e+00 -2.382513e-04 -1.830375e-01 -9.486848e-04 2.384423e-04 9.999995e-01 9.117161e+00
9.999855e-01 6.655227e-04 -5.336957e-03 -1.197592e+00 -6.603929e-04 9.999993e-01 9.628933e-04 -1.753460e-01 5.337594e-03 -9.593556e-04 9.999853e-01 9.322518e+00
9.999997e-01 -1.559146e-04 7.888943e-04 -1.720930e+00 1.559941e-04 1.000000e+00 -1.007092e-04 -1.656218e-01 -7.888782e-04 1.008330e-04 9.999997e-01 9.276138e+00
9.999870e-01 5.572765e-04 -5.061613e-03 -2.049512e+00 -5.530944e-04 9.999995e-01 8.276081e-04 -1.600112e-01 5.062071e-03 -8.247986e-04 9.999868e-01 9.433354e+00
9.999987e-01 -2.410966e-04 1.608229e-03 -1.761502e+00 2.416273e-04 9.999999e-01 -3.297862e-04 -1.751236e-01 -1.608150e-03 3.301751e-04 9.999987e-01 1.003580e+01
9.999823e-01 6.762194e-04 -5.907379e-03 -2.113475e+00 -6.698958e-04 9.999992e-01 1.072386e-03 -1.703211e-01 5.908099e-03 -1.068410e-03 9.999820e-01 1.019535e+01
9.999986e-01 -2.435414e-04 1.645515e-03 -2.372163e+00 2.440301e-04 9.999999e-01 -2.967336e-04 -1.681720e-01 -1.645443e-03 2.971354e-04 9.999986e-01 1.006387e+01
9.999877e-01 4.981620e-04 -4.944556e-03 -1.950470e+00 -4.933206e-04 9.999994e-01 9.803226e-04 -1.797673e-01 4.945041e-03 -9.778720e-04 9.999873e-01 9.858646e+00
9.999979e-01 -2.962912e-04 2.040668e-03 -1.289609e+00 2.970701e-04 9.999999e-01 -3.813799e-04 -1.956404e-01 -2.040555e-03 3.819860e-04 9.999978e-01 9.821886e+00
9.999849e-01 5.725634e-04 -5.462831e-03 -1.097149e+00 -5.670673e-04 9.999993e-01 1.007603e-03 -2.065170e-01 5.463403e-03 -1.004490e-03 9.999846e-01 9.935285e+00
9.999983e-01 -2.660661e-04 1.802264e-03 -1.172594e+00 2.669017e-04 9.999999e-01 -4.633555e-04 -2.130909e-01 -1.802140e-03 4.638364e-04 9.999983e-01 1.032915e+01
9.999880e-01 4.477659e-04 -4.877397e-03 -7.512362e-01 -4.430563e-04 9.999994e-01 9.666440e-04 -2.338062e-01 4.877827e-03 -9.644721e-04 9.999876e-01 1.057483e+01
9.999986e-01 -1.969997e-04 1.645677e-03 -1.279884e-01 1.973491e-04 1.000000e+00 -2.121116e-04 -2.417455e-01 -1.645635e-03 2.124368e-04 9.999986e-01 1.028343e+01
9.999801e-01 8.001162e-04 -6.250738e-03 -5.582527e-01 -7.932188e-04 9.999991e-01 1.105853e-03 -2.232139e-01 6.251617e-03 -1.100874e-03 9.999799e-01 1.000896e+01
9.999986e-01 -2.707077e-04 1.651239e-03 -1.118255e+00 2.712702e-04 9.999999e-01 -3.403944e-04 -2.068942e-01 -1.651146e-03 3.408425e-04 9.999986e-01 1.029156e+01
9.999837e-01 6.253760e-04 -5.673801e-03 -1.328698e+00 -6.199118e-04 9.999993e-01 9.647654e-04 -2.050461e-01 5.674400e-03 -9.612332e-04 9.999834e-01 1.060359e+01
9.999974e-01 -3.601196e-04 2.243474e-03 -1.055303e+00 3.608413e-04 9.999999e-01 -3.212509e-04 -2.125905e-01 -2.243358e-03 3.220603e-04 9.999974e-01 1.053050e+01
9.999837e-01 6.115066e-04 -5.681564e-03 -6.462578e-01 -6.054280e-04 9.999992e-01 1.071548e-03 -2.178425e-01 5.682215e-03 -1.068091e-03 9.999833e-01 1.010196e+01
9.999985e-01 -2.196269e-04 1.721335e-03 -3.320906e-01 2.199491e-04 1.000000e+00 -1.869698e-04 -2.127659e-01 -1.721294e-03 1.873488e-04 9.999985e-01 9.333519e+00
9.999833e-01 6.160573e-04 -5.739143e-03 -1.574281e-01 -6.104024e-04 9.999993e-01 9.870221e-04 -2.109060e-01 5.739747e-03 -9.835032e-04 9.999830e-01 8.606969e+00
9.999987e-01 -2.273846e-04 1.611154e-03 -2.319528e-01 2.277434e-04 9.999999e-01 -2.224728e-04 -2.125099e-01 -1.611103e-03 2.228401e-04 9.999987e-01 8.111018e+00
9.999803e-01 7.300441e-04 -6.241722e-03 -7.963709e-01 -7.233933e-04 9.999992e-01 1.067739e-03 -2.010978e-01 6.242496e-03 -1.063203e-03 9.999800e-01 8.029421e+00
9.999982e-01 -3.305009e-04 1.843480e-03 -1.183600e+00 3.313160e-04 9.999998e-01 -4.418539e-04 -1.948314e-01 -1.843333e-03 4.424646e-04 9.999982e-01 8.295121e+00
9.999835e-01 5.750292e-04 -5.716411e-03 -1.286645e+00 -5.704286e-04 9.999995e-01 8.064030e-04 -2.033073e-01 5.716872e-03 -8.031296e-04 9.999833e-01 8.833120e+00
9.999974e-01 -3.687739e-04 2.262593e-03 -1.165998e+00 3.697318e-04 9.999998e-01 -4.229264e-04 -2.173496e-01 -2.262436e-03 4.237626e-04 9.999974e-01 9.219142e+00
9.999812e-01 5.915713e-04 -6.100874e-03 -1.263576e+00 -5.861224e-04 9.999994e-01 8.948952e-04 -2.231270e-01 6.101400e-03 -8.913032e-04 9.999810e-01 9.512997e+00
9.999984e-01 -2.223274e-04 1.756757e-03 -1.625941e+00 2.227818e-04 9.999999e-01 -2.584167e-04 -2.170095e-01 -1.756699e-03 2.588083e-04 9.999984e-01 9.708455e+00
9.999776e-01 8.006512e-04 -6.648307e-03 -2.302216e+00 -7.928323e-04 9.999990e-01 1.178631e-03 -1.968578e-01 6.649244e-03 -1.173334e-03 9.999772e-01 9.692920e+00
9.999982e-01 -3.038647e-04 1.871605e-03 -2.870623e+00 3.045698e-04 9.999999e-01 -3.764283e-04 -1.794997e-01 -1.871490e-03 3.769984e-04 9.999982e-01 9.784552e+00
9.999783e-01 7.527263e-04 -6.547867e-03 -3.336386e+00 -7.457534e-04 9.999992e-01 1.067292e-03 -1.669200e-01 6.548664e-03 -1.062386e-03 9.999780e-01 9.952108e+00
9.999986e-01 -1.940455e-04 1.671433e-03 -3.972814e+00 1.944052e-04 1.000000e+00 -2.149990e-04 -1.472191e-01 -1.671391e-03 2.153243e-04 9.999986e-01 1.002280e+01
9.999784e-01 7.985924e-04 -6.517758e-03 -4.667637e+00 -7.909822e-04 9.999990e-01 1.170111e-03 -1.291795e-01 6.518685e-03 -1.164931e-03 9.999781e-01 9.925091e+00
9.999982e-01 -2.683453e-04 1.880671e-03 -5.270261e+00 2.689100e-04 9.999999e-01 -2.999752e-04 -1.129848e-01 -1.880590e-03 3.004811e-04 9.999982e-01 9.899288e+00
9.999789e-01 7.378961e-04 -6.454455e-03 -5.784333e+00 -7.312218e-04 9.999992e-01 1.036378e-03 -9.776073e-02 6.455215e-03 -1.031637e-03 9.999786e-01 1.007604e+01
9.999989e-01 -1.464863e-04 1.481805e-03 -6.475143e+00 1.467004e-04 1.000000e+00 -1.443312e-04 -7.379008e-02 -1.481784e-03 1.445491e-04 9.999989e-01 1.016985e+01
9.999829e-01 4.877591e-04 -5.821517e-03 -6.851153e+00 -4.831605e-04 9.999996e-01 7.913399e-04 -6.622383e-02 5.821900e-03 -7.885144e-04 9.999827e-01 1.033554e+01
9.999992e-01 -6.325460e-05 1.258225e-03 -7.274878e+00 6.339627e-05 1.000000e+00 -1.124761e-04 -5.627402e-02 -1.258218e-03 1.125565e-04 9.999992e-01 1.050957e+01
9.999792e-01 7.834756e-04 -6.399209e-03 -8.053768e+00 -7.758389e-04 9.999990e-01 1.195795e-03 -3.956316e-02 6.400139e-03 -1.190806e-03 9.999788e-01 1.012555e+01
9.999963e-01 -5.527254e-04 2.649196e-03 -8.053987e+00 5.544430e-04 9.999996e-01 -6.476209e-04 -5.005280e-02 -2.648836e-03 6.490880e-04 9.999963e-01 1.001585e+01
9.999839e-01 7.162808e-04 -5.623156e-03 -7.676285e+00 -7.105739e-04 9.999992e-01 1.016855e-03 -6.719820e-02 5.623880e-03 -1.012844e-03 9.999837e-01 1.009319e+01
9.999990e-01 -4.103807e-04 1.368805e-03 -7.952142e+00 4.108824e-04 9.999998e-01 -3.661655e-04 -6.358677e-02 -1.368655e-03 3.667283e-04 9.999990e-01 1.008119e+01
9.999801e-01 1.014618e-03 -6.223216e-03 -8.622311e+00 -1.006561e-03 9.999987e-01 1.297652e-03 -4.673217e-02 6.224523e-03 -1.291362e-03 9.999798e-01 9.952138e+00
9.999994e-01 -3.015010e-04 1.034633e-03 -9.480617e+00 3.017525e-04 9.999999e-01 -2.427905e-04 -1.826620e-02 -1.034560e-03 2.431033e-04 9.999994e-01 9.900287e+00
9.999830e-01 7.559980e-04 -5.776153e-03 -9.912611e+00 -7.497995e-04 9.999991e-01 1.075221e-03 -1.020523e-02 5.776961e-03 -1.070873e-03 9.999827e-01 9.718740e+00
9.999984e-01 -4.879826e-04 1.747013e-03 -9.864440e+00 4.887150e-04 9.999998e-01 -4.187811e-04 -7.953537e-03 -1.746808e-03 4.196349e-04 9.999984e-01 9.647241e+00
9.999761e-01 1.251641e-03 -6.792256e-03 -1.025735e+01 -1.241456e-03 9.999981e-01 1.503474e-03 1.077680e-04 6.794125e-03 -1.495006e-03 9.999758e-01 8.564332e+00
9.999939e-01 -1.072579e-03 3.332095e-03 -1.026707e+01 1.076128e-03 9.999989e-01 -1.063532e-03 -1.337745e-02 -3.330950e-03 1.067112e-03 9.999939e-01 8.637989e+00
9.999713e-01 1.378980e-03 -7.454411e-03 -1.043609e+01 -1.366453e-03 9.999976e-01 1.685300e-03 -1.908693e-02 7.456717e-03 -1.675066e-03 9.999708e-01 8.387107e+00
9.999956e-01 -8.272591e-04 2.855996e-03 -1.071781e+01 8.296159e-04 9.999993e-01 -8.240819e-04 -1.479468e-02 -2.855312e-03 8.264484e-04 9.999956e-01 7.679267e+00
9.999699e-01 1.399385e-03 -7.627500e-03 -1.127433e+01 -1.386294e-03 9.999976e-01 1.721276e-03 -4.726862e-03 7.629890e-03 -1.710651e-03 9.999694e-01 7.305512e+00
9.999957e-01 -7.975175e-04 2.811729e-03 -1.174749e+01 7.996729e-04 9.999994e-01 -7.654788e-04 1.869899e-03 -2.811117e-03 7.677247e-04 9.999958e-01 6.723870e+00
9.999707e-01 1.400081e-03 -7.526216e-03 -1.202685e+01 -1.387368e-03 9.999976e-01 1.694119e-03 6.239367e-03 7.528569e-03 -1.683629e-03 9.999702e-01 5.877231e+00
9.999946e-01 -8.947575e-04 3.152943e-03 -1.215517e+01 8.975587e-04 9.999992e-01 -8.870918e-04 6.113635e-03 -3.152146e-03 8.899177e-04 9.999946e-01 5.112978e+00
9.999691e-01 1.441826e-03 -7.732775e-03 -1.246276e+01 -1.428418e-03 9.999975e-01 1.739160e-03 1.056836e-02 7.735263e-03 -1.728061e-03 9.999686e-01 4.431418e+00
9.999950e-01 -8.582246e-04 3.033996e-03 -1.280489e+01 8.607958e-04 9.999993e-01 -8.462252e-04 1.917156e-02 -3.033268e-03 8.488333e-04 9.999950e-01 3.819100e+00
9.999671e-01 1.580832e-03 -7.954585e-03 -1.332926e+01 -1.565987e-03 9.999970e-01 1.872104e-03 3.505775e-02 7.957520e-03 -1.859586e-03 9.999666e-01 3.128293e+00
9.999940e-01 -9.491872e-04 3.330752e-03 -1.354251e+01 9.522378e-04 9.999991e-01 -9.143761e-04 4.352424e-02 -3.329881e-03 9.175430e-04 9.999940e-01 2.239827e+00
9.999665e-01 1.616717e-03 -8.017876e-03 -1.376017e+01 -1.601785e-03 9.999970e-01 1.868507e-03 5.102440e-02 8.020872e-03 -1.855602e-03 9.999661e-01 1.245058e+00
9.999949e-01 -8.753636e-04 3.087193e-03 -1.417832e+01 8.778997e-04 9.999993e-01 -8.202009e-04 6.327243e-02 -3.086473e-03 8.229076e-04 9.999949e-01 3.170298e-01
9.999682e-01 1.515249e-03 -7.831271e-03 -1.456658e+01 -1.501219e-03 9.999973e-01 1.797194e-03 7.664216e-02 7.833972e-03 -1.785381e-03 9.999677e-01 -3.316220e-01
9.999958e-01 -7.863973e-04 2.795635e-03 -1.516473e+01 7.886451e-04 9.999994e-01 -8.029935e-04 9.594974e-02 -2.795002e-03 8.051956e-04 9.999958e-01 -8.571162e-01
9.999634e-01 1.712361e-03 -8.380527e-03 -1.616903e+01 -1.695080e-03 9.999964e-01 2.068749e-03 1.249102e-01 8.384039e-03 -2.054468e-03 9.999627e-01 -1.354208e+00
9.999947e-01 -9.383359e-04 3.117195e-03 -1.697346e+01 9.414906e-04 9.999990e-01 -1.010676e-03 1.492856e-01 -3.116243e-03 1.013606e-03 9.999946e-01 -1.634876e+00
9.999648e-01 1.634360e-03 -8.229452e-03 -1.749259e+01 -1.617550e-03 9.999966e-01 2.048891e-03 1.634706e-01 8.232773e-03 -2.035508e-03 9.999640e-01 -2.330253e+00
9.999937e-01 -9.378890e-04 3.411847e-03 -1.773511e+01 9.416589e-04 9.999989e-01 -1.103445e-03 1.730783e-01 -3.410808e-03 1.106652e-03 9.999936e-01 -3.339976e+00
9.999666e-01 1.422341e-03 -8.051385e-03 -1.807840e+01 -1.408216e-03 9.999975e-01 1.759826e-03 1.819085e-01 8.053867e-03 -1.748429e-03 9.999660e-01 -3.287011e+00
9.999897e-01 -1.164958e-03 4.394830e-03 -1.808145e+01 1.171752e-03 9.999981e-01 -1.543602e-03 1.645560e-01 -4.393023e-03 1.548736e-03 9.999892e-01 -2.493391e+00
9.999577e-01 1.672580e-03 -9.045804e-03 -1.852723e+01 -1.652950e-03 9.999963e-01 2.177127e-03 1.742554e-01 9.049412e-03 -2.162083e-03 9.999567e-01 -2.129130e+00
9.999867e-01 -1.325797e-03 4.983782e-03 -1.848658e+01 1.333973e-03 9.999978e-01 -1.637543e-03 1.736160e-01 -4.981599e-03 1.644170e-03 9.999862e-01 -2.104401e+00
9.999514e-01 1.920421e-03 -9.670138e-03 -1.870887e+01 -1.897602e-03 9.999954e-01 2.368358e-03 1.934811e-01 9.674642e-03 -2.349894e-03 9.999504e-01 -1.972695e+00
9.999879e-01 -1.175944e-03 4.779580e-03 -1.901840e+01 1.182464e-03 9.999984e-01 -1.361679e-03 2.086624e-01 -4.777971e-03 1.367314e-03 9.999877e-01 -2.888362e+00
9.999585e-01 1.589937e-03 -8.975233e-03 -1.927363e+01 -1.572304e-03 9.999968e-01 1.971314e-03 2.094936e-01 8.978339e-03 -1.957121e-03 9.999578e-01 -2.702423e+00
9.999882e-01 -1.134328e-03 4.727985e-03 -1.950325e+01 1.140534e-03 9.999985e-01 -1.310135e-03 2.129529e-01 -4.726491e-03 1.315512e-03 9.999880e-01 -2.682243e+00
9.999540e-01 1.742893e-03 -9.433661e-03 -1.975303e+01 -1.721542e-03 9.999959e-01 2.270920e-03 2.233361e-01 9.437581e-03 -2.254576e-03 9.999529e-01 -3.335550e+00
9.999884e-01 -1.061003e-03 4.698006e-03 -1.976983e+01 1.066246e-03 9.999988e-01 -1.113532e-03 2.550725e-01 -4.696818e-03 1.118529e-03 9.999883e-01 -3.738379e+00
9.999546e-01 1.632931e-03 -9.386490e-03 -1.988024e+01 -1.613085e-03 9.999964e-01 2.121578e-03 2.837889e-01 9.389921e-03 -2.106342e-03 9.999537e-01 -3.561995e+00
9.999869e-01 -1.096431e-03 5.005838e-03 -1.977669e+01 1.102342e-03 9.999987e-01 -1.178076e-03 2.895790e-01 -5.004540e-03 1.183579e-03 9.999868e-01 -4.523975e+00
9.999526e-01 1.581319e-03 -9.604923e-03 -1.969851e+01 -1.560751e-03 9.999965e-01 2.148522e-03 3.103206e-01 9.608287e-03 -2.133430e-03 9.999516e-01 -4.788516e+00
9.999800e-01 -1.326867e-03 6.183131e-03 -1.924133e+01 1.337139e-03 9.999977e-01 -1.657541e-03 3.004035e-01 -6.180917e-03 1.665776e-03 9.999795e-01 -5.010620e+00
9.999417e-01 1.827859e-03 -1.064275e-02 -1.937987e+01 -1.804134e-03 9.999959e-01 2.238465e-03 3.157560e-01 1.064680e-02 -2.219134e-03 9.999409e-01 -4.802904e+00
9.999908e-01 -9.109211e-04 4.196345e-03 -2.036467e+01 9.164307e-04 9.999987e-01 -1.311159e-03 3.814152e-01 -4.195145e-03 1.314993e-03 9.999903e-01 -3.819554e+00
9.999486e-01 1.557326e-03 -1.001671e-02 -2.101351e+01 -1.536700e-03 9.999967e-01 2.066598e-03 4.166579e-01 1.001989e-02 -2.051100e-03 9.999477e-01 -3.144623e+00
9.999765e-01 -1.328650e-03 6.718753e-03 -2.050770e+01 1.338827e-03 9.999980e-01 -1.510454e-03 4.065352e-01 -6.716732e-03 1.519414e-03 9.999763e-01 -3.161070e+00
9.999405e-01 1.686786e-03 -1.077992e-02 -2.041092e+01 -1.662860e-03 9.999961e-01 2.228080e-03 4.122712e-01 1.078364e-02 -2.210022e-03 9.999394e-01 -3.014803e+00
9.999795e-01 -1.076127e-03 6.316310e-03 -2.047828e+01 1.083655e-03 9.999987e-01 -1.188463e-03 4.277521e-01 -6.315023e-03 1.195284e-03 9.999793e-01 -3.732301e+00
9.999342e-01 1.789825e-03 -1.132729e-02 -2.089587e+01 -1.764879e-03 9.999960e-01 2.211899e-03 4.417167e-01 1.133120e-02 -2.191763e-03 9.999334e-01 -4.559440e+00
9.999770e-01 -1.214005e-03 6.665569e-03 -2.125870e+01 1.222407e-03 9.999985e-01 -1.256507e-03 4.514562e-01 -6.664033e-03 1.264627e-03 9.999770e-01 -5.082444e+00
9.999331e-01 1.911647e-03 -1.140620e-02 -2.145821e+01 -1.885816e-03 9.999956e-01 2.275043e-03 4.576596e-01 1.141049e-02 -2.253381e-03 9.999324e-01 -6.087836e+00
9.999735e-01 -1.396786e-03 7.149881e-03 -2.134840e+01 1.406574e-03 9.999981e-01 -1.364078e-03 4.620243e-01 -7.147961e-03 1.374099e-03 9.999735e-01 -6.986373e+00
9.999257e-01 2.183076e-03 -1.199434e-02 -2.150303e+01 -2.153624e-03 9.999946e-01 2.467845e-03 4.707259e-01 1.199966e-02 -2.441831e-03 9.999250e-01 -8.282474e+00
9.999715e-01 -1.484630e-03 7.406115e-03 -2.155127e+01 1.495348e-03 9.999978e-01 -1.441900e-03 4.781865e-01 -7.403958e-03 1.452934e-03 9.999715e-01 -9.449562e+00
9.999289e-01 1.926235e-03 -1.176830e-02 -2.177134e+01 -1.900879e-03 9.999958e-01 2.165362e-03 4.831368e-01 1.177242e-02 -2.142839e-03 9.999284e-01 -9.571874e+00
9.999668e-01 -1.654123e-03 7.983225e-03 -2.171653e+01 1.667441e-03 9.999972e-01 -1.661918e-03 4.792589e-01 -7.980454e-03 1.675175e-03 9.999668e-01 -9.144997e+00
9.999204e-01 2.137770e-03 -1.243557e-02 -2.197953e+01 -2.106125e-03 9.999945e-01 2.557266e-03 4.897027e-01 1.244097e-02 -2.530873e-03 9.999194e-01 -9.340617e+00
9.999724e-01 -1.349945e-03 7.301485e-03 -2.262841e+01 1.360569e-03 9.999980e-01 -1.450303e-03 5.115371e-01 -7.299513e-03 1.460198e-03 9.999723e-01 -9.911639e+00
9.999244e-01 1.853409e-03 -1.215563e-02 -2.308294e+01 -1.825689e-03 9.999957e-01 2.291122e-03 5.254178e-01 1.215983e-02 -2.268757e-03 9.999235e-01 -1.001798e+01
9.999649e-01 -1.412212e-03 8.259395e-03 -2.294082e+01 1.424235e-03 9.999979e-01 -1.450023e-03 5.298904e-01 -8.257330e-03 1.461736e-03 9.999648e-01 -1.059081e+01
9.999122e-01 1.989984e-03 -1.310354e-02 -2.340463e+01 -1.963233e-03 9.999960e-01 2.054037e-03 5.557114e-01 1.310758e-02 -2.028132e-03 9.999120e-01 -9.826944e+00
9.999633e-01 -1.500682e-03 8.430609e-03 -2.323600e+01 1.509440e-03 9.999983e-01 -1.032623e-03 5.783976e-01 -8.429045e-03 1.045311e-03 9.999639e-01 -9.553236e+00
9.999271e-01 1.766934e-03 -1.194836e-02 -2.227662e+01 -1.741849e-03 9.999963e-01 2.109552e-03 5.857571e-01 1.195204e-02 -2.088587e-03 9.999264e-01 -1.002456e+01
9.999685e-01 -9.527246e-04 7.882405e-03 -2.083851e+01 9.564997e-04 9.999994e-01 -4.751418e-04 6.254578e-01 -7.881947e-03 4.826670e-04 9.999688e-01 -1.034152e+01
9.999351e-01 1.551446e-03 -1.128488e-02 -1.894108e+01 -1.527783e-03 9.999966e-01 2.105235e-03 6.512461e-01 1.128811e-02 -2.087859e-03 9.999341e-01 -1.075399e+01
9.999674e-01 -9.779069e-04 8.011132e-03 -1.705887e+01 9.814771e-04 9.999994e-01 -4.417135e-04 6.708589e-01 -8.010695e-03 4.495625e-04 9.999678e-01 -1.137239e+01
9.999371e-01 1.241976e-03 -1.114518e-02 -1.610374e+01 -1.226791e-03 9.999983e-01 1.369208e-03 6.665737e-01 1.114686e-02 -1.355450e-03 9.999370e-01 -1.161084e+01
9.999741e-01 -8.101138e-04 7.144886e-03 -1.592086e+01 8.135636e-04 9.999996e-01 -4.799203e-04 6.661542e-01 -7.144494e-03 4.857214e-04 9.999744e-01 -1.226346e+01
9.999391e-01 1.172048e-03 -1.096925e-02 -1.583744e+01 -1.158336e-03 9.999985e-01 1.256344e-03 6.635789e-01 1.097070e-02 -1.243562e-03 9.999390e-01 -1.250013e+01
9.999654e-01 -9.413479e-04 8.261642e-03 -1.504454e+01 9.457728e-04 9.999994e-01 -5.316807e-04 6.411521e-01 -8.261136e-03 5.394766e-04 9.999657e-01 -1.235558e+01
9.999364e-01 1.195118e-03 -1.121125e-02 -1.434066e+01 -1.180907e-03 9.999985e-01 1.274081e-03 6.308302e-01 1.121275e-02 -1.260762e-03 9.999363e-01 -1.248305e+01
9.999691e-01 -9.007503e-04 7.806503e-03 -1.386871e+01 9.047952e-04 9.999995e-01 -5.145971e-04 6.236970e-01 -7.806035e-03 5.216452e-04 9.999694e-01 -1.276487e+01
9.999305e-01 1.305585e-03 -1.171464e-02 -1.378882e+01 -1.290598e-03 9.999983e-01 1.286791e-03 6.214659e-01 1.171630e-02 -1.271584e-03 9.999306e-01 -1.310772e+01
9.999710e-01 -8.717525e-04 7.565591e-03 -1.386152e+01 8.751343e-04 9.999995e-01 -4.436696e-04 6.244545e-01 -7.565201e-03 4.502784e-04 9.999713e-01 -1.348600e+01
9.999439e-01 1.122096e-03 -1.052826e-02 -1.328749e+01 -1.110947e-03 9.999988e-01 1.064762e-03 6.096048e-01 1.052944e-02 -1.053007e-03 9.999440e-01 -1.341750e+01
9.999746e-01 -7.506755e-04 7.087241e-03 -1.295240e+01 7.525444e-04 9.999997e-01 -2.610069e-04 6.068834e-01 -7.087042e-03 2.663344e-04 9.999749e-01 -1.354698e+01
9.999479e-01 9.892338e-04 -1.015499e-02 -1.219884e+01 -9.784315e-04 9.999990e-01 1.068677e-03 5.949545e-01 1.015604e-02 -1.058686e-03 9.999479e-01 -1.360338e+01
9.999744e-01 -7.436132e-04 7.119273e-03 -1.129506e+01 7.448839e-04 9.999997e-01 -1.758120e-04 5.846070e-01 -7.119140e-03 1.811112e-04 9.999746e-01 -1.378239e+01
9.999479e-01 1.037364e-03 -1.015835e-02 -1.045614e+01 -1.027199e-03 9.999990e-01 1.005756e-03 5.699488e-01 1.015938e-02 -9.952697e-04 9.999479e-01 -1.375019e+01
9.999744e-01 -6.748023e-04 7.128478e-03 -9.729340e+00 6.771511e-04 9.999997e-01 -3.270580e-04 5.459806e-01 -7.128255e-03 3.318774e-04 9.999745e-01 -1.331901e+01
9.999505e-01 1.092853e-03 -9.894532e-03 -8.766337e+00 -1.081081e-03 9.999987e-01 1.195120e-03 5.227580e-01 9.895825e-03 -1.184365e-03 9.999503e-01 -1.297320e+01
9.999733e-01 -8.056086e-04 7.263577e-03 -7.877649e+00 8.090042e-04 9.999996e-01 -4.645262e-04 4.940016e-01 -7.263199e-03 4.703907e-04 9.999735e-01 -1.266962e+01
9.999469e-01 1.137169e-03 -1.024593e-02 -7.140924e+00 -1.125488e-03 9.999987e-01 1.145780e-03 4.694186e-01 1.024722e-02 -1.134188e-03 9.999469e-01 -1.226620e+01
9.999705e-01 -8.089640e-04 7.636180e-03 -6.215850e+00 8.116565e-04 9.999996e-01 -3.494773e-04 4.408422e-01 -7.635894e-03 3.556656e-04 9.999708e-01 -1.195076e+01
9.999472e-01 1.074805e-03 -1.021703e-02 -5.390687e+00 -1.064344e-03 9.999989e-01 1.029258e-03 4.090854e-01 1.021813e-02 -1.018330e-03 9.999473e-01 -1.161749e+01
9.999701e-01 -7.468514e-04 7.693708e-03 -4.477856e+00 7.492121e-04 9.999997e-01 -3.039404e-04 3.783368e-01 -7.693478e-03 3.096962e-04 9.999704e-01 -1.129060e+01
9.999476e-01 1.087037e-03 -1.018025e-02 -3.522026e+00 -1.077426e-03 9.999990e-01 9.495904e-04 3.389978e-01 1.018127e-02 -9.385729e-04 9.999477e-01 -1.075474e+01
9.999660e-01 -6.947434e-04 8.212813e-03 -2.423188e+00 6.971087e-04 9.999997e-01 -2.851166e-04 2.953370e-01 -8.212612e-03 2.908328e-04 9.999662e-01 -1.018652e+01
9.999417e-01 9.904346e-04 -1.075561e-02 -1.449448e+00 -9.784425e-04 9.999989e-01 1.120185e-03 2.666595e-01 1.075670e-02 -1.109596e-03 9.999415e-01 -9.912901e+00
9.999686e-01 -7.566632e-04 7.889978e-03 -8.949073e-01 7.610803e-04 9.999996e-01 -5.568209e-04 2.455598e-01 -7.889553e-03 5.628090e-04 9.999687e-01 -9.698104e+00
9.999408e-01 9.844185e-04 -1.083935e-02 -3.738740e-01 -9.716126e-04 9.999988e-01 1.186650e-03 2.260848e-01 1.084050e-02 -1.176049e-03 9.999405e-01 -9.562865e+00
9.999733e-01 -6.619672e-04 7.273809e-03 -3.371322e-01 6.669998e-04 9.999995e-01 -6.894565e-04 2.141025e-01 -7.273349e-03 6.942904e-04 9.999733e-01 -9.015788e+00
9.999464e-01 8.950165e-04 -1.031014e-02 1.488551e-01 -8.821095e-04 9.999988e-01 1.256379e-03 1.967046e-01 1.031126e-02 -1.247218e-03 9.999461e-01 -8.773778e+00
9.999745e-01 -6.492569e-04 7.117488e-03 5.352039e-01 6.540677e-04 9.999996e-01 -6.735779e-04 1.827933e-01 -7.117048e-03 6.782167e-04 9.999744e-01 -8.503404e+00
9.999410e-01 1.020429e-03 -1.081580e-02 5.423442e-01 -1.006444e-03 9.999987e-01 1.298354e-03 1.762073e-01 1.081711e-02 -1.287392e-03 9.999407e-01 -8.140235e+00
9.999767e-01 -6.402795e-04 6.798378e-03 3.032518e-01 6.446531e-04 9.999996e-01 -6.411250e-04 1.763229e-01 -6.797964e-03 6.454934e-04 9.999767e-01 -7.737292e+00
9.999433e-01 9.673882e-04 -1.060933e-02 1.304068e-01 -9.545373e-04 9.999988e-01 1.216305e-03 1.722897e-01 1.061049e-02 -1.206109e-03 9.999430e-01 -7.326355e+00
9.999819e-01 -4.290262e-04 6.009127e-03 -4.251794e-01 4.313118e-04 9.999998e-01 -3.790296e-04 1.854901e-01 -6.008963e-03 3.816153e-04 9.999819e-01 -7.161172e+00
9.999460e-01 8.974358e-04 -1.035489e-02 -7.223071e-01 -8.846338e-04 9.999988e-01 1.240864e-03 1.925388e-01 1.035599e-02 -1.231638e-03 9.999456e-01 -7.305966e+00
9.999794e-01 -5.112689e-04 6.405890e-03 -8.767192e-01 5.145751e-04 9.999997e-01 -5.144378e-04 1.915142e-01 -6.405625e-03 5.177242e-04 9.999793e-01 -7.125758e+00
9.999449e-01 8.638419e-04 -1.046446e-02 -1.157659e+00 -8.513681e-04 9.999989e-01 1.196427e-03 1.919422e-01 1.046548e-02 -1.187453e-03 9.999445e-01 -6.908296e+00
9.999812e-01 -4.067841e-04 6.118820e-03 -1.581807e+00 4.096043e-04 9.999998e-01 -4.596255e-04 1.979023e-01 -6.118632e-03 4.621238e-04 9.999812e-01 -6.770902e+00
9.999530e-01 6.695198e-04 -9.676587e-03 -1.611969e+00 -6.594749e-04 9.999992e-01 1.041232e-03 1.886434e-01 9.677276e-03 -1.034802e-03 9.999526e-01 -6.488585e+00
9.999762e-01 -4.378935e-04 6.882713e-03 -1.158854e+00 4.412382e-04 9.999998e-01 -4.844121e-04 1.676785e-01 -6.882499e-03 4.874382e-04 9.999762e-01 -6.258466e+00
9.999556e-01 6.935880e-04 -9.395761e-03 -5.370200e-01 -6.841251e-04 9.999993e-01 1.010344e-03 1.361067e-01 9.396454e-03 -1.003872e-03 9.999553e-01 -5.903654e+00
9.999770e-01 -4.392202e-04 6.764319e-03 2.292069e-01 4.417901e-04 9.999998e-01 -3.783983e-04 1.037764e-01 -6.764151e-03 3.813787e-04 9.999771e-01 -5.530901e+00
9.999516e-01 7.270635e-04 -9.809728e-03 9.361553e-01 -7.161020e-04 9.999991e-01 1.120899e-03 8.349501e-02 9.810534e-03 -1.113821e-03 9.999513e-01 -5.322244e+00
9.999758e-01 -4.791292e-04 6.938552e-03 1.682656e+00 4.820604e-04 9.999998e-01 -4.207511e-04 5.815662e-02 -6.938349e-03 4.240864e-04 9.999758e-01 -5.069533e+00
9.999508e-01 7.087786e-04 -9.898967e-03 2.386835e+00 -6.977833e-04 9.999991e-01 1.114179e-03 3.853477e-02 9.899748e-03 -1.107217e-03 9.999504e-01 -4.961312e+00
9.999749e-01 -4.430034e-04 7.074983e-03 3.107883e+00 4.461633e-04 9.999998e-01 -4.450271e-04 1.409809e-02 -7.074785e-03 4.481732e-04 9.999749e-01 -4.749174e+00
9.999531e-01 7.183864e-04 -9.659065e-03 3.834544e+00 -7.081402e-04 9.999992e-01 1.064187e-03 -1.652956e-02 9.659821e-03 -1.057298e-03 9.999528e-01 -4.396028e+00
9.999813e-01 -2.067566e-04 6.107686e-03 4.542046e+00 2.080746e-04 1.000000e+00 -2.151325e-04 -2.128215e-02 -6.107641e-03 2.164000e-04 9.999813e-01 -4.007786e+00
9.999519e-01 5.434847e-04 -9.788485e-03 5.081918e+00 -5.330881e-04 9.999993e-01 1.064734e-03 -2.028635e-02 9.789056e-03 -1.059465e-03 9.999515e-01 -3.727567e+00
9.999797e-01 -2.339525e-04 6.360700e-03 5.437178e+00 2.363006e-04 9.999999e-01 -3.683826e-04 -2.875298e-02 -6.360613e-03 3.698789e-04 9.999797e-01 -3.663568e+00
9.999569e-01 5.768677e-04 -9.268034e-03 6.318554e+00 -5.661946e-04 9.999992e-01 1.154214e-03 -5.117335e-02 9.268692e-03 -1.148918e-03 9.999564e-01 -3.381341e+00
9.999814e-01 -3.821286e-04 6.080616e-03 6.880463e+00 3.851173e-04 9.999998e-01 -4.903114e-04 -6.944692e-02 -6.080427e-03 4.926448e-04 9.999814e-01 -3.168327e+00
9.999565e-01 7.197226e-04 -9.294097e-03 7.691478e+00 -7.076214e-04 9.999989e-01 1.305278e-03 -7.651845e-02 9.295026e-03 -1.298645e-03 9.999560e-01 -3.228348e+00
9.999818e-01 -3.966567e-04 6.015064e-03 8.707248e+00 3.985605e-04 9.999999e-01 -3.152655e-04 -8.286162e-02 -6.014938e-03 3.176578e-04 9.999819e-01 -3.231430e+00
9.999553e-01 7.240465e-04 -9.423290e-03 9.213652e+00 -7.155161e-04 9.999993e-01 9.086076e-04 -9.988039e-02 9.423941e-03 -9.018252e-04 9.999552e-01 -2.837504e+00
9.999842e-01 3.589221e-05 5.624364e-03 1.150361e+01 -4.107556e-05 9.999996e-01 9.215210e-04 -7.466639e-02 -5.624328e-03 -9.217367e-04 9.999838e-01 -4.012257e+00
9.999529e-01 5.771781e-04 -9.690146e-03 1.287592e+01 -5.697501e-04 9.999995e-01 7.693165e-04 -5.930610e-02 9.690586e-03 -7.637600e-04 9.999528e-01 -5.145454e+00
9.999897e-01 1.621254e-04 4.532631e-03 1.219301e+01 -1.637270e-04 9.999999e-01 3.530309e-04 -4.120408e-02 -4.532574e-03 -3.537687e-04 9.999897e-01 -5.658160e+00
9.999539e-01 4.548555e-04 -9.587369e-03 1.159929e+01 -4.484394e-04 9.999997e-01 6.713837e-04 -2.816602e-02 9.587671e-03 -6.670541e-04 9.999538e-01 -6.147230e+00
9.999861e-01 6.188764e-05 5.280826e-03 1.149831e+01 -6.268718e-05 1.000000e+00 1.512866e-04 -2.769690e-02 -5.280816e-03 -1.516149e-04 9.999860e-01 -6.942760e+00
9.999513e-01 4.592094e-04 -9.855480e-03 1.131405e+01 -4.520654e-04 9.999996e-01 7.271231e-04 -2.593050e-02 9.855810e-03 -7.226331e-04 9.999512e-01 -7.655951e+00
9.999911e-01 7.335682e-04 4.156780e-03 1.070413e+01 -7.359975e-04 9.999996e-01 5.829806e-04 9.561088e-04 -4.156350e-03 -5.860341e-04 9.999912e-01 -7.953810e+00
9.999447e-01 3.708040e-04 -1.050645e-02 9.818181e+00 -3.611299e-04 9.999995e-01 9.226821e-04 3.006510e-02 1.050679e-02 -9.188375e-04 9.999444e-01 -8.437458e+00
9.999891e-01 6.569765e-04 4.632406e-03 9.066536e+00 -6.588885e-04 9.999997e-01 4.112880e-04 5.036728e-02 -4.632134e-03 -4.143350e-04 9.999892e-01 -8.767944e+00
9.999498e-01 2.504006e-04 -1.001372e-02 8.663502e+00 -2.436582e-04 9.999997e-01 6.745525e-04 6.397292e-02 1.001389e-02 -6.720794e-04 9.999496e-01 -8.435029e+00
9.999884e-01 7.361032e-04 4.754681e-03 8.808711e+00 -7.376736e-04 9.999997e-01 3.285954e-04 7.799098e-02 -4.754437e-03 -3.320983e-04 9.999886e-01 -7.695084e+00
9.999504e-01 1.019917e-04 -9.961745e-03 8.564043e+00 -9.614866e-05 9.999998e-01 5.870480e-04 8.945290e-02 9.961803e-03 -5.860617e-04 9.999502e-01 -6.862866e+00
9.999885e-01 6.367594e-04 4.748944e-03 8.151241e+00 -6.382435e-04 9.999997e-01 3.110544e-04 1.052596e-01 -4.748745e-03 -3.140812e-04 9.999887e-01 -6.174183e+00
9.999444e-01 3.151936e-04 -1.054500e-02 7.878428e+00 -3.063366e-04 9.999996e-01 8.415532e-04 1.317792e-01 1.054526e-02 -8.382767e-04 9.999440e-01 -5.474432e+00
9.999865e-01 6.680028e-04 5.148025e-03 8.192220e+00 -6.686464e-04 9.999998e-01 1.233469e-04 1.428062e-01 -5.147941e-03 -1.267868e-04 9.999867e-01 -4.370358e+00
9.999448e-01 2.993757e-04 -1.049995e-02 8.483324e+00 -2.900028e-04 9.999996e-01 8.941948e-04 1.592973e-01 1.050021e-02 -8.911011e-04 9.999445e-01 -2.943549e+00
9.999868e-01 4.594721e-04 5.112123e-03 8.232007e+00 -4.601438e-04 9.999999e-01 1.302771e-04 1.857203e-01 -5.112062e-03 -1.326270e-04 9.999869e-01 -2.264558e+00
9.999440e-01 1.516999e-04 -1.058584e-02 7.549188e+00 -1.437609e-04 9.999997e-01 7.507386e-04 2.142625e-01 1.058595e-02 -7.491754e-04 9.999437e-01 -1.896857e+00
9.999766e-01 8.915327e-05 6.833851e-03 7.505328e+00 -8.624786e-05 9.999999e-01 -4.254010e-04 2.016017e-01 -6.833888e-03 4.248024e-04 9.999766e-01 -1.392731e+00
9.999463e-01 2.299326e-04 -1.036122e-02 7.722793e+00 -2.231306e-04 9.999998e-01 6.576570e-04 1.770952e-01 1.036137e-02 -6.553104e-04 9.999461e-01 -4.172644e-01
9.999755e-01 8.830643e-05 7.000875e-03 7.852692e+00 -8.479300e-05 9.999999e-01 -5.021112e-04 1.484021e-01 -7.000918e-03 5.015059e-04 9.999754e-01 5.083153e-01
9.999539e-01 2.289304e-04 -9.603203e-03 8.808044e+00 -2.176689e-04 9.999993e-01 1.173748e-03 1.201518e-01 9.603465e-03 -1.171604e-03 9.999532e-01 9.427647e-01
9.999793e-01 3.846314e-05 6.439104e-03 9.564998e+00 -3.454740e-05 9.999998e-01 -6.081842e-04 9.923900e-02 -6.439125e-03 6.079498e-04 9.999791e-01 1.065120e+00
9.999507e-01 2.036847e-04 -9.922638e-03 9.617792e+00 -1.952630e-04 9.999996e-01 8.497259e-04 7.857090e-02 9.922807e-03 -8.477472e-04 9.999504e-01 1.807607e+00
9.999798e-01 3.529836e-05 6.358456e-03 9.682237e+00 -3.134455e-05 9.999998e-01 -6.218739e-04 5.676913e-02 -6.358476e-03 6.216627e-04 9.999796e-01 2.527101e+00
9.999437e-01 4.619643e-04 -1.060062e-02 1.022027e+01 -4.451755e-04 9.999986e-01 1.586091e-03 6.418608e-02 1.060134e-02 -1.581283e-03 9.999426e-01 1.777458e+00
9.999738e-01 -2.797434e-04 7.239495e-03 1.087951e+01 2.862988e-04 9.999995e-01 -9.044419e-04 5.663358e-02 -7.239238e-03 9.064915e-04 9.999734e-01 1.571705e+00
9.999397e-01 5.627620e-04 -1.097069e-02 1.089635e+01 -5.497125e-04 9.999991e-01 1.192497e-03 4.114525e-02 1.097135e-02 -1.186395e-03 9.999391e-01 2.268085e+00
9.999775e-01 -1.372875e-04 6.708315e-03 1.060504e+01 1.422118e-04 9.999997e-01 -7.335445e-04 4.362569e-02 -6.708212e-03 7.344826e-04 9.999772e-01 3.027842e+00
9.999315e-01 9.300218e-04 -1.166422e-02 1.039197e+01 -9.154565e-04 9.999988e-01 1.254024e-03 5.432041e-02 1.166537e-02 -1.243260e-03 9.999312e-01 4.025337e+00
9.999812e-01 -1.531330e-04 6.132639e-03 9.997047e+00 1.556328e-04 9.999999e-01 -4.070955e-04 7.494336e-02 -6.132575e-03 4.080430e-04 9.999811e-01 4.902781e+00
9.999189e-01 1.323334e-03 -1.267027e-02 9.722347e+00 -1.307569e-03 9.999984e-01 1.252466e-03 1.082161e-01 1.267191e-02 -1.235798e-03 9.999189e-01 6.419166e+00
9.999834e-01 -6.255114e-05 5.764540e-03 9.799710e+00 6.337620e-05 1.000000e+00 -1.428916e-04 1.490601e-01 -5.764531e-03 1.432553e-04 9.999834e-01 8.390934e+00
9.999041e-01 1.647915e-03 -1.374813e-02 9.986481e+00 -1.624452e-03 9.999972e-01 1.717664e-03 2.189785e-01 1.375092e-02 -1.695167e-03 9.999040e-01 9.121614e+00
9.999832e-01 4.350192e-04 5.772417e-03 1.155501e+01 -4.398539e-04 9.999996e-01 8.363571e-04 3.309938e-01 -5.772051e-03 -8.388814e-04 9.999830e-01 8.155476e+00
9.999044e-01 1.483661e-03 -1.375019e-02 1.358154e+01 -1.460697e-03 9.999975e-01 1.680022e-03 4.276752e-01 1.375265e-02 -1.659777e-03 9.999041e-01 8.427121e+00
9.999831e-01 2.233389e-04 5.803848e-03 1.503480e+01 -2.249871e-04 9.999999e-01 2.833791e-04 5.130867e-01 -5.803784e-03 -2.846794e-04 9.999831e-01 9.074771e+00
9.999171e-01 1.270876e-03 -1.280943e-02 1.514492e+01 -1.260779e-03 9.999989e-01 7.963058e-04 5.755838e-01 1.281043e-02 -7.800906e-04 9.999176e-01 9.657284e+00
9.999754e-01 3.726779e-04 7.002683e-03 1.685614e+01 -3.785298e-04 9.999996e-01 8.344029e-04 6.046485e-01 -7.002368e-03 -8.370324e-04 9.999751e-01 1.050183e+01
9.999179e-01 9.108687e-04 -1.277855e-02 1.802141e+01 -9.016080e-04 9.999993e-01 7.304685e-04 6.495064e-01 1.277921e-02 -7.188880e-04 9.999181e-01 1.157006e+01
9.999804e-01 3.308748e-04 6.246980e-03 1.765753e+01 -3.316433e-04 9.999999e-01 1.220207e-04 6.780861e-01 -6.246939e-03 -1.240894e-04 9.999805e-01 1.333527e+01
9.999326e-01 5.282310e-04 -1.159440e-02 1.772927e+01 -5.197983e-04 9.999996e-01 7.303447e-04 6.935109e-01 1.159478e-02 -7.242694e-04 9.999325e-01 1.449795e+01
9.999681e-01 1.577831e-04 7.991332e-03 1.877393e+01 -1.571767e-04 1.000000e+00 -7.647094e-05 6.784426e-01 -7.991344e-03 7.521310e-05 9.999681e-01 1.514638e+01
9.999279e-01 2.999125e-04 -1.200644e-02 1.926750e+01 -2.889441e-04 9.999995e-01 9.152918e-04 6.796738e-01 1.200671e-02 -9.117572e-04 9.999275e-01 1.553234e+01
9.999794e-01 5.566328e-04 6.399379e-03 1.908237e+01 -5.548506e-04 9.999998e-01 -2.802207e-04 6.928598e-01 -6.399533e-03 2.766649e-04 9.999795e-01 1.599448e+01
9.999358e-01 3.129327e-04 -1.133100e-02 1.964503e+01 -3.020682e-04 9.999995e-01 9.605600e-04 6.878953e-01 1.133130e-02 -9.570762e-04 9.999353e-01 1.736829e+01
9.999863e-01 6.897743e-04 5.186925e-03 1.934178e+01 -6.881631e-04 9.999997e-01 -3.123408e-04 7.126234e-01 -5.187139e-03 3.087677e-04 9.999865e-01 1.893450e+01
9.999363e-01 7.727638e-04 -1.125639e-02 2.019271e+01 -7.538185e-04 9.999983e-01 1.687245e-03 7.372146e-01 1.125767e-02 -1.678653e-03 9.999352e-01 2.086791e+01
9.999898e-01 6.024597e-04 4.481604e-03 2.095743e+01 -6.023883e-04 9.999998e-01 -1.720547e-05 7.893759e-01 -4.481613e-03 1.450627e-05 9.999900e-01 2.253560e+01
9.999548e-01 3.533117e-04 -9.504272e-03 2.169354e+01 -3.409537e-04 9.999991e-01 1.301881e-03 8.150943e-01 9.504723e-03 -1.298582e-03 9.999540e-01 2.400484e+01
9.999932e-01 8.816850e-04 3.585450e-03 2.229025e+01 -8.807065e-04 9.999996e-01 -2.744044e-04 8.268706e-01 -3.585690e-03 2.712455e-04 9.999935e-01 2.620251e+01
9.999698e-01 -2.634878e-04 -7.770911e-03 2.256029e+01 2.706130e-04 9.999995e-01 9.159032e-04 8.288782e-01 7.770666e-03 -9.179790e-04 9.999694e-01 2.756891e+01
9.999909e-01 8.808054e-04 4.185423e-03 2.294110e+01 -8.780745e-04 9.999994e-01 -6.542021e-04 8.067613e-01 -4.185996e-03 6.505216e-04 9.999910e-01 2.867189e+01
9.999696e-01 -4.738852e-04 -7.785607e-03 2.303039e+01 4.810357e-04 9.999995e-01 9.166238e-04 7.884407e-01 7.785169e-03 -9.203417e-04 9.999693e-01 2.991068e+01
9.999937e-01 1.254589e-03 3.325392e-03 2.309071e+01 -1.252866e-03 9.999991e-01 -5.200857e-04 7.847442e-01 -3.326042e-03 5.159168e-04 9.999943e-01 3.118516e+01
9.999745e-01 -9.126405e-04 -7.078781e-03 2.309575e+01 9.181386e-04 9.999993e-01 7.735275e-04 7.712544e-01 7.078069e-03 -7.800077e-04 9.999746e-01 3.203337e+01
9.999944e-01 1.242825e-03 3.112697e-03 2.297012e+01 -1.241550e-03 9.999991e-01 -4.115423e-04 7.616591e-01 -3.113206e-03 4.076761e-04 9.999951e-01 3.266011e+01
9.999701e-01 -6.804353e-04 -7.698329e-03 2.323081e+01 6.860844e-04 9.999995e-01 7.312397e-04 7.556413e-01 7.697827e-03 -7.365002e-04 9.999701e-01 3.307129e+01
9.999934e-01 1.236601e-03 3.417972e-03 2.343576e+01 -1.235598e-03 9.999992e-01 -2.954673e-04 7.531472e-01 -3.418334e-03 2.912428e-04 9.999941e-01 3.389401e+01
9.999609e-01 -4.924615e-04 -8.827610e-03 2.313381e+01 5.022043e-04 9.999993e-01 1.101533e-03 7.680271e-01 8.827061e-03 -1.105924e-03 9.999604e-01 3.391893e+01
9.999967e-01 1.743080e-03 1.901043e-03 2.281013e+01 -1.743821e-03 9.999984e-01 3.887130e-04 8.068736e-01 -1.900362e-03 -3.920262e-04 9.999981e-01 3.283656e+01
9.999685e-01 -6.030681e-04 -7.913180e-03 2.251188e+01 6.095596e-04 9.999995e-01 8.179976e-04 8.481412e-01 7.912682e-03 -8.227961e-04 9.999684e-01 3.194806e+01
9.999938e-01 1.274076e-03 3.282443e-03 2.251177e+01 -1.274053e-03 9.999992e-01 -8.814319e-06 8.541026e-01 -3.282452e-03 4.632894e-06 9.999946e-01 3.178492e+01
9.999495e-01 -1.850665e-05 -1.005026e-02 2.232831e+01 2.998013e-05 9.999993e-01 1.141496e-03 8.853228e-01 1.005023e-02 -1.141740e-03 9.999488e-01 3.137320e+01
9.999973e-01 2.092639e-03 1.007151e-03 2.149760e+01 -2.093601e-03 9.999974e-01 9.554766e-04 9.613651e-01 -1.005149e-03 -9.575820e-04 9.999990e-01 2.996846e+01
9.999626e-01 -3.501214e-04 -8.643051e-03 2.069258e+01 3.545510e-04 9.999998e-01 5.110220e-04 1.030499e+00 8.642870e-03 -5.140679e-04 9.999625e-01 2.922905e+01
9.999978e-01 2.096080e-03 2.644359e-04 2.005172e+01 -2.096386e-03 9.999971e-01 1.160981e-03 1.088104e+00 -2.620014e-04 -1.161533e-03 9.999993e-01 2.863625e+01
9.999743e-01 -5.138872e-04 -7.157582e-03 1.967008e+01 5.149487e-04 9.999999e-01 1.465051e-04 1.153644e+00 7.157506e-03 -1.501877e-04 9.999744e-01 2.769040e+01
9.999985e-01 1.583483e-03 6.551122e-04 1.910015e+01 -1.584015e-03 9.999984e-01 8.116668e-04 1.187230e+00 -6.538257e-04 -8.127027e-04 9.999995e-01 2.820214e+01
9.999834e-01 -9.188706e-04 -5.685279e-03 1.935460e+01 9.192111e-04 9.999996e-01 5.735878e-05 1.206223e+00 5.685224e-03 -6.258443e-05 9.999838e-01 2.897315e+01
9.999929e-01 2.559205e-03 -2.758194e-03 1.887045e+01 -2.555062e-03 9.999956e-01 1.504297e-03 1.261578e+00 2.762032e-03 -1.497238e-03 9.999951e-01 2.837547e+01
9.999915e-01 -1.056736e-03 -3.985710e-03 1.820944e+01 1.055956e-03 9.999994e-01 -1.978730e-04 1.324595e+00 3.985916e-03 1.936619e-04 9.999920e-01 2.751097e+01
9.999989e-01 1.465475e-03 -2.884812e-04 1.831958e+01 -1.465242e-03 9.999986e-01 8.066772e-04 1.326657e+00 2.896632e-04 -8.062530e-04 9.999996e-01 2.708536e+01
9.999938e-01 -1.270596e-03 -3.292556e-03 1.858564e+01 1.269739e-03 9.999992e-01 -2.623381e-04 1.320118e+00 3.292887e-03 2.581552e-04 9.999945e-01 2.677075e+01
9.999986e-01 1.526683e-03 -7.026311e-04 1.853234e+01 -1.526160e-03 9.999986e-01 7.441164e-04 1.310335e+00 7.037663e-04 -7.430424e-04 9.999995e-01 2.676373e+01
9.999936e-01 -1.216332e-03 -3.365744e-03 1.851270e+01 1.215940e-03 9.999993e-01 -1.185233e-04 1.305532e+00 3.365885e-03 1.144294e-04 9.999943e-01 2.629886e+01
9.999984e-01 1.604301e-03 -7.640253e-04 1.848350e+01 -1.603684e-03 9.999984e-01 8.077951e-04 1.303152e+00 7.653202e-04 -8.065680e-04 9.999994e-01 2.565788e+01
9.999943e-01 -1.357781e-03 -3.084021e-03 1.850989e+01 1.356842e-03 9.999990e-01 -3.064279e-04 1.292755e+00 3.084434e-03 3.022411e-04 9.999952e-01 2.551619e+01
