9.999714e-01 1.917431e-03 -7.322725e-03 3.245543e-01 -1.902706e-03 9.999962e-01 2.017335e-03 8.268705e-02 7.326565e-03 -2.003345e-03 9.999712e-01 1.311574e+00
9.999998e-01 -1.234293e-04 -6.005752e-04 1.810213e+00 1.236518e-04 9.999999e-01 3.704989e-04 1.692068e-01 6.005298e-04 -3.705724e-04 9.999998e-01 3.326546e+00
9.999826e-01 1.289714e-03 -5.756104e-03 2.292868e+00 -1.283731e-03 9.999986e-01 1.043028e-03 2.197173e-01 5.757441e-03 -1.035621e-03 9.999829e-01 5.238649e+00
9.999999e-01 -4.131979e-04 -3.167987e-04 1.666056e+00 4.131264e-04 9.999999e-01 -2.260068e-04 2.575880e-01 3.168924e-04 2.258766e-04 9.999999e-01 6.461313e+00
9.999832e-01 1.404994e-03 -5.616457e-03 1.150191e+00 -1.398880e-03 9.999984e-01 1.092261e-03 2.955057e-01 5.617983e-03 -1.084387e-03 9.999836e-01 7.814999e+00
9.999997e-01 -6.993243e-04 3.925523e-04 9.264143e-01 6.994979e-04 9.999997e-01 -4.421390e-04 3.103631e-01 -3.922427e-04 4.424142e-04 9.999998e-01 8.728672e+00
9.999816e-01 1.567982e-03 -5.860952e-03 7.470216e-01 -1.561158e-03 9.999981e-01 1.168804e-03 3.314787e-01 5.862773e-03 -1.159634e-03 9.999821e-01 9.699111e+00
9.999996e-01 -6.247940e-04 6.659945e-04 7.976027e-01 6.251743e-04 9.999996e-01 -5.708304e-04 3.445439e-01 -6.656373e-04 5.712472e-04 9.999996e-01 1.114048e+01
9.999783e-01 1.738155e-03 -6.348966e-03 4.515557e-01 -1.730816e-03 9.999978e-01 1.161232e-03 3.694390e-01 6.350970e-03 -1.150219e-03 9.999792e-01 1.317181e+01
9.999998e-01 -2.047960e-04 -6.446637e-04 -2.089725e-01 2.046546e-04 1.000000e+00 -2.194994e-04 4.274351e-01 6.447089e-04 2.193681e-04 9.999998e-01 1.561318e+01
9.999793e-01 1.788444e-03 -6.173621e-03 -3.899471e-01 -1.780421e-03 9.999976e-01 1.304836e-03 4.787908e-01 6.175939e-03 -1.293818e-03 9.999801e-01 1.817832e+01
9.999999e-01 -4.259237e-04 -1.794833e-04 -2.955006e-01 4.259125e-04 9.999999e-01 -6.259846e-05 5.172535e-01 1.795103e-04 6.252272e-05 1.000000e+00 2.046332e+01
9.999817e-01 1.863985e-03 -5.759119e-03 2.403327e-01 -1.856657e-03 9.999975e-01 1.277592e-03 5.432265e-01 5.761486e-03 -1.266877e-03 9.999826e-01 2.250081e+01
9.999996e-01 -5.003457e-04 -7.392365e-04 5.296217e-01 5.003790e-04 9.999999e-01 4.479971e-05 5.807158e-01 7.392144e-04 -4.516887e-05 9.999997e-01 2.492398e+01
9.999853e-01 1.824713e-03 -5.102219e-03 6.911845e-01 -1.820774e-03 9.999980e-01 7.765939e-04 6.050612e-01 5.103626e-03 -7.672932e-04 9.999867e-01 2.706865e+01
9.999993e-01 -2.731596e-04 -1.127865e-03 1.107237e+00 2.736106e-04 9.999999e-01 3.996849e-04 6.359850e-01 1.127756e-03 -3.999925e-04 9.999993e-01 2.981432e+01
9.999862e-01 1.411849e-03 -5.069462e-03 9.615486e-01 -1.409164e-03 9.999989e-01 5.331059e-04 6.700919e-01 5.070208e-03 -5.259555e-04 9.999870e-01 3.194986e+01
9.999989e-01 -3.249724e-04 -1.447914e-03 1.422751e-01 3.254735e-04 9.999999e-01 3.458248e-04 7.136792e-01 1.447802e-03 -3.462949e-04 9.999989e-01 3.339244e+01
9.999878e-01 1.386212e-03 -4.741019e-03 -3.465187e-01 -1.384528e-03 9.999990e-01 3.586182e-04 7.465313e-01 4.741511e-03 -3.520504e-04 9.999887e-01 3.504137e+01
9.999991e-01 -3.379020e-04 -1.335644e-03 -7.315070e-01 3.383701e-04 9.999999e-01 3.501655e-04 7.770126e-01 1.335526e-03 -3.506164e-04 9.999990e-01 3.674178e+01
9.999889e-01 1.601834e-03 -4.421040e-03 -6.481760e-01 -1.599879e-03 9.999986e-01 4.456500e-04 8.035148e-01 4.421747e-03 -4.385726e-04 9.999901e-01 3.884975e+01
9.999984e-01 1.647991e-04 -1.796289e-03 4.551906e-03 -1.635036e-04 9.999997e-01 7.212657e-04 8.324449e-01 1.796407e-03 -7.209701e-04 9.999981e-01 4.194650e+01
9.999865e-01 1.930389e-03 -4.819523e-03 1.094544e+00 -1.925790e-03 9.999977e-01 9.586648e-04 8.703696e-01 4.821362e-03 -9.493712e-04 9.999879e-01 4.568715e+01
9.999993e-01 -4.831575e-05 -1.188275e-03 2.435912e+00 4.915066e-05 9.999998e-01 7.025347e-04 8.894749e-01 1.188241e-03 -7.025919e-04 9.999990e-01 4.908864e+01
9.999877e-01 1.657076e-03 -4.669835e-03 3.354319e+00 -1.653928e-03 9.999984e-01 6.779261e-04 9.086168e-01 4.670951e-03 -6.701949e-04 9.999889e-01 5.211597e+01
9.999979e-01 4.036866e-04 -2.006063e-03 4.010767e+00 -4.024661e-04 9.999997e-01 6.087419e-04 9.457147e-01 2.006308e-03 -6.079325e-04 9.999978e-01 5.565640e+01
9.999866e-01 1.270295e-03 -5.014646e-03 4.318066e+00 -1.266420e-03 9.999989e-01 7.758690e-04 9.902517e-01 5.015626e-03 -7.695087e-04 9.999871e-01 5.889972e+01
9.999997e-01 -3.091857e-05 -8.229773e-04 4.736973e+00 3.106402e-05 1.000000e+00 1.766233e-04 1.009795e+00 8.229722e-04 -1.766481e-04 9.999996e-01 6.123610e+01
9.999885e-01 1.574964e-03 -4.534985e-03 5.862400e+00 -1.571082e-03 9.999984e-01 8.594152e-04 1.015019e+00 4.536331e-03 -8.522811e-04 9.999893e-01 6.381551e+01
9.999986e-01 -1.127365e-04 -1.681632e-03 6.196550e+00 1.133191e-04 9.999999e-01 3.462800e-04 1.047107e+00 1.681594e-03 -3.464694e-04 9.999985e-01 6.662796e+01
9.999912e-01 1.240314e-03 -4.005011e-03 6.388313e+00 -1.238486e-03 9.999991e-01 4.588543e-04 1.066749e+00 4.005577e-03 -4.538908e-04 9.999919e-01 6.863720e+01
9.999985e-01 -7.542422e-05 -1.719718e-03 6.648350e+00 7.608229e-05 9.999999e-01 3.825482e-04 1.086771e+00 1.719689e-03 -3.826778e-04 9.999984e-01 7.062735e+01
9.999925e-01 1.097658e-03 -3.700806e-03 6.698833e+00 -1.096501e-03 9.999993e-01 3.147871e-04 1.103786e+00 3.701149e-03 -3.107276e-04 9.999931e-01 7.257665e+01
9.999978e-01 6.293903e-05 -2.079734e-03 6.573768e+00 -6.219562e-05 9.999999e-01 3.574747e-04 1.129226e+00 2.079757e-03 -3.573438e-04 9.999978e-01 7.452982e+01
9.999927e-01 8.534547e-04 -3.736136e-03 6.204355e+00 -8.519676e-04 9.999996e-01 3.996475e-04 1.155984e+00 3.736475e-03 -3.964622e-04 9.999929e-01 7.618245e+01
9.999987e-01 -7.499896e-05 -1.624754e-03 5.866223e+00 7.535291e-05 1.000000e+00 2.177268e-04 1.173169e+00 1.624738e-03 -2.178483e-04 9.999987e-01 7.742193e+01
9.999911e-01 1.087964e-03 -4.071150e-03 5.580233e+00 -1.086227e-03 9.999993e-01 4.288837e-04 1.195340e+00 4.071613e-03 -4.244584e-04 9.999916e-01 7.894183e+01
9.999998e-01 -4.340852e-04 -5.464642e-04 5.603725e+00 4.342030e-04 9.999999e-01 2.152597e-04 1.202696e+00 5.463710e-04 -2.154962e-04 9.999998e-01 8.004842e+01
9.999860e-01 1.280456e-03 -5.139181e-03 5.279680e+00 -1.277410e-03 9.999990e-01 5.960185e-04 1.225420e+00 5.139938e-03 -5.894460e-04 9.999866e-01 8.133373e+01
9.999997e-01 -7.055688e-04 3.647742e-04 4.880084e+00 7.054876e-04 9.999997e-01 2.228747e-04 1.242769e+00 -3.649310e-04 -2.226165e-04 9.999999e-01 8.183738e+01
9.999874e-01 1.177735e-03 -4.882926e-03 4.635477e+00 -1.175294e-03 9.999992e-01 5.027395e-04 1.249272e+00 4.883514e-03 -4.969950e-04 9.999880e-01 8.194216e+01
9.999998e-01 -6.431500e-04 1.407429e-05 4.160710e+00 6.431452e-04 9.999997e-01 3.456746e-04 1.263195e+00 -1.429629e-05 -3.456647e-04 9.999999e-01 8.204166e+01
9.999933e-01 9.159531e-04 -3.556690e-03 4.593521e+00 -9.154210e-04 9.999996e-01 1.512393e-04 1.248116e+00 3.556827e-03 -1.479831e-04 9.999937e-01 8.238464e+01
9.999997e-01 -6.959651e-04 -1.883203e-04 4.854431e+00 6.960475e-04 9.999997e-01 4.372464e-04 1.241913e+00 1.880162e-04 -4.373766e-04 9.999999e-01 8.265873e+01
9.999904e-01 1.140873e-03 -4.231370e-03 4.693495e+00 -1.139964e-03 9.999993e-01 2.172249e-04 1.248385e+00 4.231615e-03 -2.124000e-04 9.999910e-01 8.283419e+01
9.999998e-01 -6.417314e-04 -2.340849e-04 4.577199e+00 6.418418e-04 9.999997e-01 4.715280e-04 1.253592e+00 2.337825e-04 -4.716774e-04 9.999999e-01 8.308349e+01
9.999887e-01 1.355306e-03 -4.555130e-03 4.504587e+00 -1.354806e-03 9.999991e-01 1.129713e-04 1.261308e+00 4.555279e-03 -1.067994e-04 9.999896e-01 8.373727e+01
9.999995e-01 -9.559008e-04 1.369409e-04 4.341894e+00 9.558348e-04 9.999994e-01 4.818865e-04 1.270013e+00 -1.374011e-04 -4.817547e-04 9.999999e-01 8.476084e+01
9.999902e-01 1.245904e-03 -4.256384e-03 4.080905e+00 -1.245760e-03 9.999992e-01 3.668664e-05 1.270796e+00 4.256427e-03 -3.138456e-05 9.999909e-01 8.505836e+01
9.999993e-01 -1.048547e-03 5.320758e-04 4.028495e+00 1.048366e-03 9.999994e-01 3.398680e-04 1.261452e+00 -5.324315e-04 -3.393092e-04 9.999998e-01 8.539845e+01
9.999915e-01 1.217349e-03 -3.946394e-03 4.346855e+00 -1.217161e-03 9.999993e-01 5.009429e-05 1.241663e+00 3.946452e-03 -4.529118e-05 9.999922e-01 8.576441e+01
9.999993e-01 -1.070916e-03 5.651816e-04 4.632896e+00 1.070708e-03 9.999994e-01 3.683639e-04 1.225109e+00 -5.655754e-04 -3.677578e-04 9.999998e-01 8.602694e+01
9.999881e-01 1.406430e-03 -4.673532e-03 4.385300e+00 -1.405062e-03 9.999990e-01 2.960227e-04 1.227394e+00 4.673943e-03 -2.894533e-04 9.999890e-01 8.599749e+01
9.999992e-01 -1.106366e-03 6.770687e-04 4.320155e+00 1.106132e-03 9.999993e-01 3.448776e-04 1.225389e+00 -6.774495e-04 -3.441277e-04 9.999997e-01 8.578159e+01
9.999911e-01 1.243814e-03 -4.028355e-03 4.754114e+00 -1.243048e-03 9.999992e-01 1.927528e-04 1.212320e+00 4.028591e-03 -1.877443e-04 9.999919e-01 8.575499e+01
9.999992e-01 -9.695745e-04 8.266873e-04 5.468472e+00 9.693358e-04 9.999995e-01 2.893051e-04 1.192292e+00 -8.269671e-04 -2.885028e-04 9.999996e-01 8.588957e+01
9.999915e-01 1.189871e-03 -3.945161e-03 6.288826e+00 -1.188521e-03 9.999992e-01 3.445566e-04 1.172541e+00 3.945567e-03 -3.398655e-04 9.999922e-01 8.608416e+01
9.999997e-01 -7.898486e-04 -1.420337e-04 6.298106e+00 7.898488e-04 9.999997e-01 5.855151e-07 1.164888e+00 1.420335e-04 -6.969898e-07 1.000000e+00 8.689953e+01
9.999881e-01 1.335750e-03 -4.690437e-03 6.209892e+00 -1.333461e-03 9.999990e-01 4.910240e-04 1.168564e+00 4.691088e-03 -4.847643e-04 9.999889e-01 8.751166e+01
9.999997e-01 -5.580994e-04 -5.625543e-04 6.262121e+00 5.581495e-04 9.999998e-01 8.865282e-05 1.175692e+00 5.625050e-04 -8.896608e-05 9.999998e-01 8.863199e+01
9.999920e-01 1.070733e-03 -3.851658e-03 6.259850e+00 -1.068833e-03 9.999993e-01 4.951593e-04 1.178870e+00 3.852185e-03 -4.910392e-04 9.999925e-01 8.964984e+01
9.999998e-01 -7.013221e-04 -5.620061e-05 6.428229e+00 7.013198e-04 9.999998e-01 -4.210253e-05 1.169802e+00 5.623043e-05 4.206382e-05 1.000000e+00 9.029400e+01
9.999919e-01 1.022485e-03 -3.896913e-03 6.541438e+00 -1.020923e-03 9.999994e-01 4.026950e-04 1.158630e+00 3.897322e-03 -3.987140e-04 9.999923e-01 9.098924e+01
9.999997e-01 -5.878999e-04 -5.513455e-04 6.548767e+00 5.879467e-04 9.999998e-01 8.444431e-05 1.157897e+00 5.512960e-04 -8.476773e-05 9.999998e-01 9.127210e+01
9.999945e-01 9.006712e-04 -3.200903e-03 6.599005e+00 -8.996990e-04 9.999995e-01 3.051958e-04 1.147240e+00 3.201176e-03 -3.023150e-04 9.999948e-01 9.179708e+01
9.999994e-01 -5.135881e-04 -1.005486e-03 6.481948e+00 5.136115e-04 9.999999e-01 2.281157e-05 1.142566e+00 1.005475e-03 -2.332728e-05 9.999995e-01 9.262040e+01
9.999932e-01 1.037186e-03 -3.540499e-03 6.349864e+00 -1.036108e-03 9.999994e-01 3.061774e-04 1.142090e+00 3.540814e-03 -3.025077e-04 9.999937e-01 9.367260e+01
9.999991e-01 -2.752153e-04 -1.328231e-03 6.226395e+00 2.752218e-04 1.000000e+00 4.609118e-06 1.143651e+00 1.328230e-03 -4.973963e-06 9.999991e-01 9.519002e+01
9.999904e-01 1.063717e-03 -4.244159e-03 5.804768e+00 -1.061551e-03 9.999993e-01 5.125750e-04 1.161059e+00 4.244701e-03 -5.080654e-04 9.999909e-01 9.675503e+01
9.999989e-01 -2.762233e-04 -1.437311e-03 5.216923e+00 2.764045e-04 1.000000e+00 1.257687e-04 1.186559e+00 1.437276e-03 -1.261652e-04 9.999990e-01 9.801912e+01
9.999923e-01 1.006624e-03 -3.803482e-03 4.910708e+00 -1.005321e-03 9.999994e-01 3.444761e-04 1.199086e+00 3.803827e-03 -3.406504e-04 9.999927e-01 9.922541e+01
9.999997e-01 -4.711734e-04 -5.321319e-04 4.930851e+00 4.711928e-04 9.999999e-01 3.615535e-05 1.193163e+00 5.321151e-04 -3.640537e-05 9.999999e-01 1.005029e+02
9.999943e-01 9.424204e-04 -3.233163e-03 5.258557e+00 -9.414468e-04 9.999995e-01 3.026898e-04 1.171957e+00 3.233447e-03 -2.996449e-04 9.999947e-01 1.015735e+02
9.999994e-01 -2.719989e-04 -1.069009e-03 5.384057e+00 2.719766e-04 1.000000e+00 -2.109193e-05 1.162265e+00 1.069015e-03 2.080188e-05 9.999994e-01 1.028064e+02
9.999913e-01 9.767622e-04 -4.051385e-03 5.123742e+00 -9.746706e-04 9.999994e-01 5.182501e-04 1.170834e+00 4.051889e-03 -5.142975e-04 9.999917e-01 1.043263e+02
9.999995e-01 -7.692743e-05 -1.000319e-03 4.951240e+00 7.681371e-05 1.000000e+00 -1.138817e-04 1.180827e+00 1.000328e-03 1.138055e-04 9.999995e-01 1.058999e+02
9.999919e-01 9.196144e-04 -3.927634e-03 4.991194e+00 -9.170753e-04 9.999994e-01 6.482770e-04 1.184412e+00 3.928228e-03 -6.446705e-04 9.999921e-01 1.076385e+02
9.999998e-01 -1.565242e-04 -6.122091e-04 5.147558e+00 1.563446e-04 9.999999e-01 -2.937610e-04 1.180479e+00 6.122553e-04 2.936660e-04 9.999998e-01 1.091293e+02
9.999946e-01 5.162290e-04 -3.237592e-03 5.159731e+00 -5.140152e-04 9.999996e-01 6.846164e-04 1.173944e+00 3.237944e-03 -6.829492e-04 9.999945e-01 1.102614e+02
9.999999e-01 -3.105866e-04 -3.475177e-04 5.244730e+00 3.104586e-04 9.999999e-01 -3.687844e-04 1.157809e+00 3.476325e-04 3.686772e-04 9.999999e-01 1.107783e+02
9.999898e-01 1.257120e-03 -4.329644e-03 5.292781e+00 -1.254371e-03 9.999990e-01 6.376844e-04 1.158568e+00 4.330441e-03 -6.322477e-04 9.999904e-01 1.121621e+02
9.999992e-01 -5.763513e-04 -1.155713e-03 4.903912e+00 5.762942e-04 9.999998e-01 -4.986169e-05 1.179654e+00 1.155742e-03 4.919632e-05 9.999993e-01 1.138391e+02
9.999916e-01 1.224246e-03 -3.915703e-03 4.622605e+00 -1.222183e-03 9.999991e-01 5.290785e-04 1.193128e+00 3.916347e-03 -5.242890e-04 9.999922e-01 1.149061e+02
9.999994e-01 -7.425112e-04 -8.050767e-04 4.472354e+00 7.425115e-04 9.999997e-01 -1.527038e-07 1.202097e+00 8.050769e-04 -4.443711e-07 9.999997e-01 1.158487e+02
9.999902e-01 1.546066e-03 -4.152483e-03 4.434920e+00 -1.544752e-03 9.999988e-01 3.194859e-04 1.207492e+00 4.152971e-03 -3.130689e-04 9.999913e-01 1.171533e+02
9.999997e-01 -7.733018e-05 -7.525014e-04 5.549199e+00 7.787465e-05 9.999997e-01 7.233186e-04 1.203547e+00 7.524455e-04 -7.233763e-04 9.999995e-01 1.198833e+02
9.999840e-01 1.884533e-03 -5.327082e-03 6.347703e+00 -1.881106e-03 9.999980e-01 6.482481e-04 1.226802e+00 5.328293e-03 -6.382177e-04 9.999856e-01 1.233740e+02
9.999995e-01 -6.806215e-05 -1.036910e-03 6.970425e+00 6.878329e-05 9.999998e-01 6.952806e-04 1.257021e+00 1.036862e-03 -6.953509e-04 9.999992e-01 1.268252e+02
9.999854e-01 1.849717e-03 -5.086346e-03 7.487290e+00 -1.847429e-03 9.999982e-01 4.545357e-04 1.281939e+00 5.087177e-03 -4.451331e-04 9.999870e-01 1.302364e+02
9.999997e-01 8.042495e-05 -7.576662e-04 8.377096e+00 -7.970468e-05 9.999995e-01 9.503784e-04 1.309262e+00 7.577426e-04 -9.503171e-04 9.999993e-01 1.337324e+02
9.999789e-01 1.873615e-03 -6.217980e-03 9.037896e+00 -1.868539e-03 9.999979e-01 8.220298e-04 1.356637e+00 6.219507e-03 -8.103946e-04 9.999803e-01 1.372387e+02
1.000000e+00 1.079902e-04 -5.260902e-06 9.379819e+00 -1.079890e-04 1.000000e+00 1.851020e-04 1.384021e+00 5.281175e-06 -1.851007e-04 1.000000e+00 1.409200e+02
9.999804e-01 1.313182e-03 -6.119919e-03 9.492922e+00 -1.307292e-03 9.999987e-01 9.662948e-04 1.415846e+00 6.121180e-03 -9.582761e-04 9.999808e-01 1.437402e+02
9.999970e-01 -4.906181e-04 2.410164e-03 1.048712e+01 4.915063e-04 9.999998e-01 -3.678772e-04 1.385985e+00 -2.409983e-03 3.690614e-04 9.999970e-01 1.453131e+02
9.999782e-01 1.119158e-03 -6.503093e-03 1.118531e+01 -1.112682e-03 9.999989e-01 9.993933e-04 1.374667e+00 6.504204e-03 -9.921364e-04 9.999784e-01 1.462775e+02
9.999950e-01 -8.345220e-04 3.058388e-03 1.170250e+01 8.355850e-04 9.999996e-01 -3.462506e-04 1.369353e+00 -3.058098e-03 3.488051e-04 9.999953e-01 1.465422e+02
9.999711e-01 1.372444e-03 -7.475025e-03 1.202870e+01 -1.365922e-03 9.999987e-01 8.776682e-04 1.372220e+00 7.476219e-03 -8.674332e-04 9.999717e-01 1.468624e+02
9.999946e-01 -6.611254e-04 3.225885e-03 1.259623e+01 6.620461e-04 9.999997e-01 -2.842822e-04 1.369043e+00 -3.225696e-03 2.864170e-04 9.999948e-01 1.479080e+02
9.999694e-01 1.320723e-03 -7.705369e-03 1.297173e+01 -1.313112e-03 9.999986e-01 9.927760e-04 1.374338e+00 7.706670e-03 -9.826283e-04 9.999698e-01 1.487356e+02
9.999930e-01 -8.039246e-04 3.657397e-03 1.361285e+01 8.046287e-04 9.999997e-01 -1.909811e-04 1.378818e+00 -3.657242e-03 1.939233e-04 9.999933e-01 1.490577e+02
9.999710e-01 1.268373e-03 -7.502834e-03 1.454715e+01 -1.261537e-03 9.999988e-01 9.158875e-04 1.369555e+00 7.503986e-03 -9.063965e-04 9.999714e-01 1.493410e+02
9.999908e-01 -9.939939e-04 4.169464e-03 1.532560e+01 9.951177e-04 9.999995e-01 -2.674032e-04 1.358730e+00 -4.169195e-03 2.715505e-04 9.999913e-01 1.494011e+02
9.999688e-01 1.361633e-03 -7.778776e-03 1.603280e+01 -1.354957e-03 9.999987e-01 8.635035e-04 1.349320e+00 7.779941e-03 -8.529374e-04 9.999694e-01 1.496162e+02
9.999886e-01 -1.112230e-03 4.653093e-03 1.680445e+01 1.113398e-03 9.999993e-01 -2.485011e-04 1.331041e+00 -4.652813e-03 2.536797e-04 9.999891e-01 1.498084e+02
9.999684e-01 1.351223e-03 -7.838623e-03 1.764880e+01 -1.343828e-03 9.999986e-01 9.486386e-04 1.319095e+00 7.839894e-03 -9.380755e-04 9.999688e-01 1.497128e+02
9.999892e-01 -1.154343e-03 4.506173e-03 1.802597e+01 1.157044e-03 9.999992e-01 -5.968427e-04 1.293985e+00 -4.505480e-03 6.020507e-04 9.999897e-01 1.501838e+02
9.999696e-01 1.396559e-03 -7.674516e-03 1.856896e+01 -1.388766e-03 9.999985e-01 1.020645e-03 1.267387e+00 7.675930e-03 -1.009956e-03 9.999700e-01 1.505236e+02
9.999897e-01 -1.164426e-03 4.377431e-03 1.940957e+01 1.165844e-03 9.999993e-01 -3.212104e-04 1.257601e+00 -4.377053e-03 3.263112e-04 9.999904e-01 1.503287e+02
9.999710e-01 1.411589e-03 -7.478166e-03 2.020339e+01 -1.404676e-03 9.999986e-01 9.295711e-04 1.241520e+00 7.479467e-03 -9.190405e-04 9.999716e-01 1.502898e+02
9.999901e-01 -1.193196e-03 4.283111e-03 2.104303e+01 1.194295e-03 9.999993e-01 -2.541878e-04 1.229019e+00 -4.282804e-03 2.593013e-04 9.999908e-01 1.501432e+02
9.999717e-01 1.392117e-03 -7.391946e-03 2.185225e+01 -1.385451e-03 9.999986e-01 9.068070e-04 1.215477e+00 7.393198e-03 -8.965408e-04 9.999723e-01 1.500357e+02
9.999929e-01 -1.139828e-03 3.588355e-03 2.232741e+01 1.140461e-03 9.999993e-01 -1.742480e-04 1.218064e+00 -3.588154e-03 1.783398e-04 9.999935e-01 1.494718e+02
9.999704e-01 1.467597e-03 -7.552782e-03 2.267720e+01 -1.460284e-03 9.999985e-01 9.737001e-04 1.221854e+00 7.554199e-03 -9.626427e-04 9.999710e-01 1.487864e+02
9.999898e-01 -1.288822e-03 4.333021e-03 2.330749e+01 1.290598e-03 9.999991e-01 -4.070023e-04 1.211859e+00 -4.332492e-03 4.125910e-04 9.999905e-01 1.485797e+02
9.999688e-01 1.480272e-03 -7.765750e-03 2.393063e+01 -1.471694e-03 9.999983e-01 1.110183e-03 1.206221e+00 7.767380e-03 -1.098721e-03 9.999692e-01 1.482240e+02
9.999926e-01 -1.045998e-03 3.711302e-03 2.429041e+01 1.046742e-03 9.999994e-01 -1.986694e-04 1.215426e+00 -3.711091e-03 2.025534e-04 9.999931e-01 1.472703e+02
9.999671e-01 1.563371e-03 -7.956706e-03 2.444800e+01 -1.554591e-03 9.999982e-01 1.109537e-03 1.222388e+00 7.958425e-03 -1.097131e-03 9.999677e-01 1.462434e+02
9.999917e-01 -1.138232e-03 3.912055e-03 2.487187e+01 1.139402e-03 9.999993e-01 -2.969799e-04 1.229388e+00 -3.911714e-03 3.014355e-04 9.999923e-01 1.454183e+02
9.999740e-01 1.389652e-03 -7.080666e-03 2.589384e+01 -1.381816e-03 9.999984e-01 1.111404e-03 1.222823e+00 7.082199e-03 -1.101591e-03 9.999743e-01 1.451063e+02
9.999951e-01 -9.598398e-04 2.973460e-03 2.631032e+01 9.603655e-04 9.999995e-01 -1.752814e-04 1.231915e+00 -2.973290e-03 1.781368e-04 9.999956e-01 1.442094e+02
9.999745e-01 1.424150e-03 -7.000777e-03 2.715673e+01 -1.416023e-03 9.999983e-01 1.165777e-03 1.248080e+00 7.002426e-03 -1.155835e-03 9.999748e-01 1.432637e+02
9.999945e-01 -1.064789e-03 3.142770e-03 2.797666e+01 1.065691e-03 9.999994e-01 -2.853937e-04 1.258066e+00 -3.142464e-03 2.887420e-04 9.999950e-01 1.425062e+02
9.999721e-01 1.522880e-03 -7.318995e-03 2.835486e+01 -1.513801e-03 9.999981e-01 1.245824e-03 1.268230e+00 7.320878e-03 -1.234710e-03 9.999724e-01 1.415063e+02
9.999923e-01 -9.678166e-04 3.791575e-03 2.984356e+01 9.685859e-04 9.999995e-01 -2.009870e-04 1.265118e+00 -3.791379e-03 2.046586e-04 9.999928e-01 1.408405e+02
9.999699e-01 1.630609e-03 -7.591274e-03 3.079334e+01 -1.619014e-03 9.999975e-01 1.533335e-03 1.276865e+00 7.593755e-03 -1.520999e-03 9.999700e-01 1.394286e+02
9.999938e-01 -1.075487e-03 3.338536e-03 3.099571e+01 1.077672e-03 9.999992e-01 -6.526864e-04 1.285305e+00 -3.337831e-03 6.562809e-04 9.999942e-01 1.383670e+02
9.999712e-01 1.552026e-03 -7.428921e-03 3.136189e+01 -1.540603e-03 9.999976e-01 1.543188e-03 1.294752e+00 7.431298e-03 -1.531699e-03 9.999712e-01 1.374045e+02
9.999900e-01 -1.230757e-03 4.305549e-03 3.258085e+01 1.233721e-03 9.999990e-01 -6.856925e-04 1.291779e+00 -4.304701e-03 6.909982e-04 9.999905e-01 1.369305e+02
9.999750e-01 1.679150e-03 -6.874864e-03 3.444652e+01 -1.666356e-03 9.999969e-01 1.866285e-03 1.281030e+00 6.877976e-03 -1.854783e-03 9.999746e-01 1.366105e+02
9.999896e-01 -1.258243e-03 4.373033e-03 3.625129e+01 1.261534e-03 9.999989e-01 -7.499749e-04 1.265105e+00 -4.372084e-03 7.554845e-04 9.999902e-01 1.364240e+02
9.999677e-01 1.507868e-03 -7.891951e-03 3.729496e+01 -1.494207e-03 9.999974e-01 1.736571e-03 1.273347e+00 7.894549e-03 -1.724723e-03 9.999674e-01 1.356901e+02
9.999921e-01 -1.074698e-03 3.814381e-03 3.758844e+01 1.078012e-03 9.999990e-01 -8.667590e-04 1.281461e+00 -3.813445e-03 8.708648e-04 9.999923e-01 1.347389e+02
9.999717e-01 1.405522e-03 -7.396115e-03 3.861003e+01 -1.392518e-03 9.999975e-01 1.763211e-03 1.291193e+00 7.398575e-03 -1.752863e-03 9.999711e-01 1.340888e+02
9.999925e-01 -1.164284e-03 3.701121e-03 3.946289e+01 1.167458e-03 9.999990e-01 -8.556135e-04 1.296612e+00 -3.700121e-03 8.599286e-04 9.999928e-01 1.335094e+02
9.999758e-01 1.503626e-03 -6.786570e-03 4.085560e+01 -1.491114e-03 9.999972e-01 1.848438e-03 1.293790e+00 6.789330e-03 -1.838274e-03 9.999753e-01 1.330507e+02
9.999938e-01 -1.245632e-03 3.284259e-03 4.182823e+01 1.248860e-03 9.999987e-01 -9.809179e-04 1.297664e+00 -3.283033e-03 9.850141e-04 9.999941e-01 1.324514e+02
9.999774e-01 1.452087e-03 -6.557965e-03 4.279300e+01 -1.440245e-03 9.999973e-01 1.810197e-03 1.295271e+00 6.560576e-03 -1.800712e-03 9.999769e-01 1.319969e+02
9.999973e-01 -8.227023e-04 2.171148e-03 4.289508e+01 8.245492e-04 9.999993e-01 -8.497437e-04 1.304426e+00 -2.170447e-03 8.515323e-04 9.999973e-01 1.308006e+02
9.999789e-01 1.332803e-03 -6.362827e-03 4.313621e+01 -1.321726e-03 9.999976e-01 1.744873e-03 1.312394e+00 6.365137e-03 -1.736427e-03 9.999782e-01 1.298075e+02
9.999945e-01 -1.006854e-03 3.150112e-03 4.425091e+01 1.009473e-03 9.999991e-01 -8.297944e-04 1.315334e+00 -3.149273e-03 8.329705e-04 9.999947e-01 1.292781e+02
9.999794e-01 1.324878e-03 -6.285805e-03 4.593283e+01 -1.310659e-03 9.999966e-01 2.265822e-03 1.326615e+00 6.288785e-03 -2.257537e-03 9.999777e-01 1.284513e+02
9.999959e-01 -1.101768e-03 2.661608e-03 4.636277e+01 1.106086e-03 9.999981e-01 -1.621357e-03 1.322509e+00 -2.659816e-03 1.624295e-03 9.999951e-01 1.280710e+02
9.999738e-01 1.459266e-03 -7.087204e-03 4.610973e+01 -1.444135e-03 9.999967e-01 2.139653e-03 1.331663e+00 7.090302e-03 -2.129363e-03 9.999726e-01 1.285460e+02
9.999950e-01 -1.205999e-03 2.911266e-03 4.618759e+01 1.210604e-03 9.999980e-01 -1.580228e-03 1.330667e+00 -2.909354e-03 1.583745e-03 9.999945e-01 1.286175e+02
9.999788e-01 1.375311e-03 -6.357320e-03 4.701772e+01 -1.359646e-03 9.999960e-01 2.467670e-03 1.330534e+00 6.360688e-03 -2.458975e-03 9.999767e-01 1.282175e+02
9.999972e-01 -9.071899e-04 2.184427e-03 4.740131e+01 9.106583e-04 9.999983e-01 -1.587179e-03 1.339368e+00 -2.182984e-03 1.589165e-03 9.999964e-01 1.272850e+02
9.999817e-01 1.190615e-03 -5.931064e-03 4.821400e+01 -1.175906e-03 9.999962e-01 2.483024e-03 1.346562e+00 5.933997e-03 -2.476005e-03 9.999793e-01 1.265172e+02
9.999981e-01 -6.926453e-04 1.814922e-03 4.854500e+01 6.954955e-04 9.999985e-01 -1.570148e-03 1.357207e+00 -1.813832e-03 1.571408e-03 9.999971e-01 1.254464e+02
9.999807e-01 1.230486e-03 -6.093404e-03 4.881990e+01 -1.215017e-03 9.999960e-01 2.541758e-03 1.368148e+00 6.096507e-03 -2.534306e-03 9.999782e-01 1.243213e+02
9.999985e-01 -5.487746e-04 1.617270e-03 4.900467e+01 5.512924e-04 9.999986e-01 -1.556630e-03 1.380859e+00 -1.616413e-03 1.557520e-03 9.999975e-01 1.230033e+02
9.999790e-01 1.312757e-03 -6.354036e-03 4.899049e+01 -1.296205e-03 9.999958e-01 2.608512e-03 1.392323e+00 6.357433e-03 -2.600222e-03 9.999764e-01 1.216199e+02
9.999987e-01 -5.094858e-04 1.550193e-03 4.896716e+01 5.118661e-04 9.999987e-01 -1.535326e-03 1.404566e+00 -1.549409e-03 1.536118e-03 9.999976e-01 1.201883e+02
9.999802e-01 1.257903e-03 -6.159236e-03 4.907747e+01 -1.242090e-03 9.999959e-01 2.570449e-03 1.417975e+00 6.162444e-03 -2.562749e-03 9.999777e-01 1.187686e+02
9.999983e-01 -6.050895e-04 1.728787e-03 4.929490e+01 6.077759e-04 9.999986e-01 -1.553665e-03 1.430930e+00 -1.727845e-03 1.554714e-03 9.999973e-01 1.174686e+02
9.999807e-01 1.169925e-03 -6.097656e-03 4.958843e+01 -1.154543e-03 9.999961e-01 2.525593e-03 1.443661e+00 6.100587e-03 -2.518505e-03 9.999782e-01 1.162549e+02
9.999990e-01 -3.853741e-04 1.393410e-03 4.964979e+01 3.874081e-04 9.999989e-01 -1.459580e-03 1.456553e+00 -1.392846e-03 1.460119e-03 9.999980e-01 1.148050e+02
9.999820e-01 1.087907e-03 -5.904322e-03 4.976009e+01 -1.073158e-03 9.999963e-01 2.500507e-03 1.467804e+00 5.907020e-03 -2.494126e-03 9.999794e-01 1.135288e+02
9.999982e-01 -6.848220e-04 1.745023e-03 4.994935e+01 6.877637e-04 9.999983e-01 -1.685591e-03 1.471332e+00 -1.743865e-03 1.686789e-03 9.999971e-01 1.127265e+02
9.999818e-01 1.114794e-03 -5.928281e-03 5.000549e+01 -1.100117e-03 9.999963e-01 2.478389e-03 1.472521e+00 5.931022e-03 -2.471823e-03 9.999794e-01 1.119236e+02
9.999989e-01 -5.626846e-04 1.388445e-03 4.989646e+01 5.649262e-04 9.999985e-01 -1.614393e-03 1.475112e+00 -1.387534e-03 1.615176e-03 9.999977e-01 1.110367e+02
9.999782e-01 1.502360e-03 -6.427610e-03 4.988825e+01 -1.483630e-03 9.999946e-01 2.917866e-03 1.492788e+00 6.431959e-03 -2.908267e-03 9.999751e-01 1.092948e+02
9.999982e-01 -7.063974e-04 1.783873e-03 5.006609e+01 7.095663e-04 9.999982e-01 -1.776272e-03 1.510343e+00 -1.782614e-03 1.777535e-03 9.999968e-01 1.077254e+02
9.999823e-01 1.253191e-03 -5.808840e-03 5.033920e+01 -1.237912e-03 9.999958e-01 2.633267e-03 1.521108e+00 5.812115e-03 -2.626030e-03 9.999797e-01 1.066290e+02
9.999998e-01 -3.190336e-04 5.326521e-04 5.089439e+01 3.196542e-04 9.999993e-01 -1.164912e-03 1.551503e+00 -5.322798e-04 1.165082e-03 9.999992e-01 1.046765e+02
9.999863e-01 1.188685e-03 -5.103452e-03 5.116863e+01 -1.176945e-03 9.999967e-01 2.302769e-03 1.575592e+00 5.106172e-03 -2.296731e-03 9.999843e-01 1.028546e+02
9.999998e-01 -5.142101e-04 4.756668e-04 5.098227e+01 5.148431e-04 9.999990e-01 -1.331005e-03 1.583590e+00 -4.749816e-04 1.331250e-03 9.999990e-01 1.018421e+02
9.999858e-01 1.260333e-03 -5.172894e-03 5.087380e+01 -1.248070e-03 9.999964e-01 2.373205e-03 1.593071e+00 5.175866e-03 -2.366716e-03 9.999838e-01 1.005805e+02
9.999998e-01 -5.595137e-04 4.039110e-04 5.066193e+01 5.600778e-04 9.999989e-01 -1.397113e-03 1.600195e+00 -4.031286e-04 1.397340e-03 9.999989e-01 9.950728e+01
9.999865e-01 1.255329e-03 -5.035310e-03 5.059845e+01 -1.243319e-03 9.999964e-01 2.387640e-03 1.608402e+00 5.038288e-03 -2.381348e-03 9.999845e-01 9.828080e+01
9.999999e-01 -5.218319e-04 8.539011e-05 5.020646e+01 5.219513e-04 9.999989e-01 -1.399837e-03 1.617763e+00 -8.465930e-05 1.399882e-03 9.999990e-01 9.730971e+01
9.999863e-01 1.170002e-03 -5.102924e-03 4.968915e+01 -1.157971e-03 9.999965e-01 2.360027e-03 1.632422e+00 5.105667e-03 -2.354086e-03 9.999842e-01 9.676211e+01
9.999992e-01 -7.622183e-04 1.051620e-03 5.012393e+01 7.638493e-04 9.999985e-01 -1.551130e-03 1.638814e+00 -1.050436e-03 1.551933e-03 9.999982e-01 9.593827e+01
9.999855e-01 1.228979e-03 -5.238927e-03 5.054045e+01 -1.215896e-03 9.999961e-01 2.499801e-03 1.650254e+00 5.241979e-03 -2.493396e-03 9.999832e-01 9.489313e+01
9.999985e-01 -9.133803e-04 1.442579e-03 5.122841e+01 9.156239e-04 9.999984e-01 -1.555146e-03 1.656843e+00 -1.441155e-03 1.556465e-03 9.999978e-01 9.415648e+01
9.999834e-01 1.444990e-03 -5.583351e-03 5.147156e+01 -1.430759e-03 9.999957e-01 2.551927e-03 1.666440e+00 5.587015e-03 -2.543897e-03 9.999812e-01 9.307780e+01
9.999987e-01 -9.158313e-04 1.311301e-03 5.175519e+01 9.179482e-04 9.999983e-01 -1.614426e-03 1.675621e+00 -1.309820e-03 1.615628e-03 9.999978e-01 9.206117e+01
9.999873e-01 1.179857e-03 -4.892694e-03 5.251534e+01 -1.167619e-03 9.999962e-01 2.503359e-03 1.678960e+00 4.895629e-03 -2.497615e-03 9.999849e-01 9.142166e+01
9.999988e-01 -8.487981e-04 1.293548e-03 5.296635e+01 8.511194e-04 9.999980e-01 -1.794740e-03 1.679477e+00 -1.292022e-03 1.795839e-03 9.999976e-01 9.077108e+01
9.999874e-01 1.128693e-03 -4.893051e-03 5.339015e+01 -1.116171e-03 9.999961e-01 2.561151e-03 1.678159e+00 4.895922e-03 -2.555657e-03 9.999847e-01 9.018164e+01
9.999988e-01 -8.884753e-04 1.241064e-03 5.341204e+01 8.910250e-04 9.999975e-01 -2.055156e-03 1.666428e+00 -1.239235e-03 2.056260e-03 9.999971e-01 9.005351e+01
9.999850e-01 1.178356e-03 -5.349324e-03 5.345161e+01 -1.163542e-03 9.999955e-01 2.771699e-03 1.663487e+00 5.352565e-03 -2.765434e-03 9.999819e-01 8.963731e+01
9.999991e-01 -6.993062e-04 1.104618e-03 5.346002e+01 7.015219e-04 9.999977e-01 -2.006500e-03 1.665413e+00 -1.103212e-03 2.007274e-03 9.999974e-01 8.883768e+01
9.999847e-01 1.158609e-03 -5.413357e-03 5.341748e+01 -1.143986e-03 9.999957e-01 2.703706e-03 1.669044e+00 5.416466e-03 -2.697473e-03 9.999817e-01 8.855311e+01
9.999990e-01 -7.658186e-04 1.194446e-03 5.354845e+01 7.682509e-04 9.999976e-01 -2.036958e-03 1.672268e+00 -1.192883e-03 2.037874e-03 9.999972e-01 8.853060e+01
9.999883e-01 1.021837e-03 -4.726112e-03 5.409345e+01 -1.008600e-03 9.999956e-01 2.802250e-03 1.675692e+00 4.728955e-03 -2.797451e-03 9.999849e-01 8.798611e+01
9.999981e-01 -6.640492e-04 1.826999e-03 5.476437e+01 6.684286e-04 9.999969e-01 -2.397285e-03 1.638334e+00 -1.825401e-03 2.398503e-03 9.999955e-01 8.869635e+01
9.999909e-01 8.918751e-04 -4.183405e-03 5.526787e+01 -8.808160e-04 9.999961e-01 2.644724e-03 1.600898e+00 4.185747e-03 -2.641016e-03 9.999878e-01 8.941299e+01
9.999999e-01 -4.317098e-04 6.375479e-05 5.538825e+01 4.318244e-04 9.999983e-01 -1.803186e-03 1.603915e+00 -6.297600e-05 1.803214e-03 9.999984e-01 8.857051e+01
9.999906e-01 9.110948e-04 -4.228672e-03 5.552349e+01 -8.999926e-04 9.999961e-01 2.626686e-03 1.607926e+00 4.231049e-03 -2.622857e-03 9.999876e-01 8.769836e+01
9.999996e-01 -6.583890e-04 6.664950e-04 5.621146e+01 6.596662e-04 9.999979e-01 -1.917401e-03 1.606704e+00 -6.652310e-04 1.917841e-03 9.999979e-01 8.727743e+01
9.999878e-01 1.161853e-03 -4.796877e-03 5.642456e+01 -1.148059e-03 9.999952e-01 2.877594e-03 1.613570e+00 4.800197e-03 -2.872053e-03 9.999844e-01 8.632539e+01
9.999997e-01 -5.902749e-04 4.257445e-04 5.665678e+01 5.910812e-04 9.999980e-01 -1.895642e-03 1.623281e+00 -4.246245e-04 1.895893e-03 9.999981e-01 8.524277e+01
9.999925e-01 8.434753e-04 -3.782332e-03 5.761251e+01 -8.330152e-04 9.999958e-01 2.766321e-03 1.623769e+00 3.784649e-03 -2.763150e-03 9.999890e-01 8.479979e+01
9.999997e-01 -3.638691e-04 7.261708e-04 5.919945e+01 3.651787e-04 9.999983e-01 -1.803637e-03 1.609113e+00 -7.255130e-04 1.803903e-03 9.999981e-01 8.448295e+01
9.999931e-01 8.279439e-04 -3.609405e-03 6.051640e+01 -8.175993e-04 9.999956e-01 2.866624e-03 1.599893e+00 3.611762e-03 -2.863654e-03 9.999894e-01 8.384047e+01
9.999998e-01 -5.052631e-04 4.742251e-04 6.152691e+01 5.062669e-04 9.999976e-01 -2.118504e-03 1.594341e+00 -4.731534e-04 2.118745e-03 9.999976e-01 8.349542e+01
9.999928e-01 9.258263e-04 -3.671295e-03 6.325082e+01 -9.139241e-04 9.999943e-01 3.242409e-03 1.581260e+00 3.674276e-03 -3.239031e-03 9.999880e-01 8.311476e+01
9.999999e-01 -8.059809e-05 -3.373248e-04 6.365563e+01 7.976420e-05 9.999969e-01 -2.472316e-03 1.572119e+00 3.375232e-04 2.472290e-03 9.999969e-01 8.380182e+01
9.999949e-01 7.206856e-04 -3.111103e-03 6.407790e+01 -7.112002e-04 9.999951e-01 3.049019e-03 1.554032e+00 3.113285e-03 -3.046792e-03 9.999905e-01 8.501975e+01
9.999999e-01 -3.231330e-04 1.530767e-04 6.504153e+01 3.234735e-04 9.999975e-01 -2.227010e-03 1.541544e+00 -1.523565e-04 2.227060e-03 9.999975e-01 8.467475e+01
9.999869e-01 1.084496e-03 -4.995577e-03 6.485397e+01 -1.067754e-03 9.999938e-01 3.353028e-03 1.552684e+00 4.999183e-03 -3.347651e-03 9.999819e-01 8.345305e+01
9.999995e-01 -6.002862e-04 8.593429e-04 6.543245e+01 6.023770e-04 9.999969e-01 -2.434455e-03 1.565154e+00 -8.578786e-04 2.434972e-03 9.999967e-01 8.246827e+01
9.999868e-01 1.101909e-03 -5.026803e-03 6.595479e+01 -1.085099e-03 9.999938e-01 3.345533e-03 1.578695e+00 5.030458e-03 -3.340035e-03 9.999818e-01 8.140498e+01
9.999980e-01 -8.511298e-04 1.809154e-03 6.690361e+01 8.557771e-04 9.999963e-01 -2.569408e-03 1.575011e+00 -1.806960e-03 2.570952e-03 9.999951e-01 8.101945e+01
9.999832e-01 1.161408e-03 -5.678199e-03 6.761678e+01 -1.142064e-03 9.999935e-01 3.408780e-03 1.581690e+00 5.682121e-03 -3.402238e-03 9.999781e-01 8.030412e+01
9.999988e-01 -5.705218e-04 1.444008e-03 6.797273e+01 5.740814e-04 9.999968e-01 -2.465653e-03 1.596544e+00 -1.442596e-03 2.466479e-03 9.999959e-01 7.902973e+01
9.999828e-01 1.167790e-03 -5.739544e-03 6.814833e+01 -1.148551e-03 9.999937e-01 3.354206e-03 1.605623e+00 5.743425e-03 -3.347557e-03 9.999779e-01 7.790734e+01
9.999960e-01 -9.268353e-04 2.658893e-03 6.913796e+01 9.337379e-04 9.999962e-01 -2.595837e-03 1.596866e+00 -2.656477e-03 2.598310e-03 9.999931e-01 7.762800e+01
9.999826e-01 1.217447e-03 -5.776439e-03 7.026769e+01 -1.197516e-03 9.999933e-01 3.452725e-03 1.593535e+00 5.780604e-03 -3.445749e-03 9.999774e-01 7.719794e+01
9.999961e-01 -9.404486e-04 2.637224e-03 7.145842e+01 9.471003e-04 9.999964e-01 -2.521993e-03 1.592042e+00 -2.634843e-03 2.524482e-03 9.999933e-01 7.672088e+01
9.999802e-01 1.226602e-03 -6.166156e-03 7.214013e+01 -1.205894e-03 9.999936e-01 3.360980e-03 1.589010e+00 6.170239e-03 -3.353478e-03 9.999753e-01 7.621438e+01
9.999946e-01 -9.281404e-04 3.146019e-03 7.241552e+01 9.373960e-04 9.999952e-01 -2.941675e-03 1.566807e+00 -3.143274e-03 2.944609e-03 9.999907e-01 7.668811e+01
9.999736e-01 1.389443e-03 -7.134465e-03 7.225945e+01 -1.364061e-03 9.999927e-01 3.561446e-03 1.557824e+00 7.139361e-03 -3.551620e-03 9.999682e-01 7.692286e+01
9.999969e-01 -5.522659e-04 2.418351e-03 7.218296e+01 5.579260e-04 9.999971e-01 -2.340287e-03 1.576711e+00 -2.417051e-03 2.341630e-03 9.999943e-01 7.557603e+01
9.999741e-01 1.306474e-03 -7.082799e-03 7.223301e+01 -1.282091e-03 9.999932e-01 3.446005e-03 1.589761e+00 7.087253e-03 -3.436835e-03 9.999690e-01 7.416983e+01
9.999922e-01 -1.036958e-03 3.819127e-03 7.309473e+01 1.047479e-03 9.999957e-01 -2.753796e-03 1.586618e+00 -3.816254e-03 2.757775e-03 9.999889e-01 7.377302e+01
9.999806e-01 1.582874e-03 -6.022772e-03 7.499435e+01 -1.559733e-03 9.999914e-01 3.845011e-03 1.550886e+00 6.028806e-03 -3.835543e-03 9.999745e-01 7.404687e+01
9.999898e-01 -1.079999e-03 4.390258e-03 7.691740e+01 1.092169e-03 9.999956e-01 -2.770571e-03 1.513230e+00 -4.387246e-03 2.775339e-03 9.999865e-01 7.439651e+01
9.999748e-01 1.415197e-03 -6.957376e-03 7.762924e+01 -1.392639e-03 9.999938e-01 3.246092e-03 1.476002e+00 6.961926e-03 -3.236322e-03 9.999705e-01 7.503536e+01
9.999894e-01 -1.075923e-03 4.478887e-03 7.835047e+01 1.088915e-03 9.999952e-01 -2.899401e-03 1.440089e+00 -4.475746e-03 2.904248e-03 9.999858e-01 7.560731e+01
9.999754e-01 1.424925e-03 -6.864504e-03 7.969355e+01 -1.399077e-03 9.999919e-01 3.768831e-03 1.414694e+00 6.869819e-03 -3.759135e-03 9.999693e-01 7.571578e+01
9.999945e-01 -1.181060e-03 3.100275e-03 8.038556e+01 1.190137e-03 9.999950e-01 -2.927646e-03 1.418496e+00 -3.096801e-03 2.931320e-03 9.999909e-01 7.518206e+01
9.999753e-01 1.513597e-03 -6.856275e-03 8.084560e+01 -1.488173e-03 9.999920e-01 3.711718e-03 1.421464e+00 6.861838e-03 -3.701424e-03 9.999696e-01 7.457245e+01
9.999942e-01 -1.244825e-03 3.184391e-03 8.139044e+01 1.254112e-03 9.999950e-01 -2.915891e-03 1.422427e+00 -3.180745e-03 2.919868e-03 9.999907e-01 7.404466e+01
9.999793e-01 1.514464e-03 -6.245724e-03 8.220448e+01 -1.492441e-03 9.999927e-01 3.529304e-03 1.411953e+00 6.251023e-03 -3.519911e-03 9.999743e-01 7.386597e+01
9.999906e-01 -1.046238e-03 4.207916e-03 8.359104e+01 1.058164e-03 9.999954e-01 -2.832743e-03 1.368945e+00 -4.204933e-03 2.837169e-03 9.999871e-01 7.444309e+01
9.999726e-01 1.209563e-03 -7.299627e-03 8.436846e+01 -1.183533e-03 9.999929e-01 3.569237e-03 1.358481e+00 7.303892e-03 -3.560500e-03 9.999670e-01 7.424231e+01
9.999921e-01 -9.471635e-04 3.861429e-03 8.480323e+01 9.587613e-04 9.999950e-01 -3.002661e-03 1.353104e+00 -3.858566e-03 3.006341e-03 9.999880e-01 7.384084e+01
9.999788e-01 1.265630e-03 -6.390995e-03 8.586988e+01 -1.242115e-03 9.999924e-01 3.682094e-03 1.324461e+00 6.395607e-03 -3.674078e-03 9.999728e-01 7.412429e+01
9.999927e-01 -9.446719e-04 3.709289e-03 8.707749e+01 9.552221e-04 9.999955e-01 -2.843418e-03 1.306247e+00 -3.706586e-03 2.846941e-03 9.999891e-01 7.411175e+01
9.999788e-01 1.464382e-03 -6.344813e-03 8.862365e+01 -1.440312e-03 9.999918e-01 3.796571e-03 1.289677e+00 6.350321e-03 -3.787353e-03 9.999727e-01 7.400972e+01
9.999916e-01 -7.988432e-04 4.016281e-03 9.045112e+01 8.104800e-04 9.999955e-01 -2.896517e-03 1.253475e+00 -4.013949e-03 2.899749e-03 9.999877e-01 7.455355e+01
9.999775e-01 1.688447e-03 -6.486186e-03 9.306688e+01 -1.659384e-03 9.999886e-01 4.483672e-03 1.240057e+00 6.493682e-03 -4.472809e-03 9.999689e-01 7.446998e+01
9.999912e-01 -1.021440e-03 4.071681e-03 9.553726e+01 1.033414e-03 9.999951e-01 -2.939603e-03 1.223366e+00 -4.068658e-03 2.943785e-03 9.999874e-01 7.446108e+01
9.999739e-01 1.912589e-03 -6.963032e-03 9.686876e+01 -1.889461e-03 9.999927e-01 3.326570e-03 1.164364e+00 6.969343e-03 -3.313327e-03 9.999702e-01 7.610380e+01
9.999877e-01 -1.146762e-03 4.824085e-03 9.856269e+01 1.159451e-03 9.999959e-01 -2.628447e-03 1.113135e+00 -4.821050e-03 2.634009e-03 9.999849e-01 7.697279e+01
9.999694e-01 2.245024e-03 -7.491434e-03 1.014425e+02 -2.215553e-03 9.999898e-01 3.939960e-03 1.094918e+00 7.500203e-03 -3.923242e-03 9.999642e-01 7.685001e+01
9.999875e-01 -1.407122e-03 4.798192e-03 1.042711e+02 1.418678e-03 9.999961e-01 -2.405713e-03 1.060963e+00 -4.794788e-03 2.412491e-03 9.999856e-01 7.731917e+01
9.999646e-01 1.934804e-03 -8.184744e-03 1.058156e+02 -1.907088e-03 9.999924e-01 3.392750e-03 1.041370e+00 8.191247e-03 -3.377021e-03 9.999607e-01 7.772401e+01
9.999947e-01 -9.856890e-04 3.108435e-03 1.066022e+02 9.934901e-04 9.999964e-01 -2.508972e-03 1.046962e+00 -3.105950e-03 2.512048e-03 9.999920e-01 7.785406e+01
9.999808e-01 1.353324e-03 -6.055329e-03 1.077858e+02 -1.332835e-03 9.999934e-01 3.386352e-03 1.042036e+00 6.059871e-03 -3.378216e-03 9.999759e-01 7.786265e+01
9.999943e-01 -9.861483e-04 3.221337e-03 1.087500e+02 9.951481e-04 9.999956e-01 -2.793267e-03 1.015762e+00 -3.218568e-03 2.796458e-03 9.999909e-01 7.817294e+01
9.999720e-01 1.328629e-03 -7.359314e-03 1.093693e+02 -1.303926e-03 9.999935e-01 3.360429e-03 1.008796e+00 7.363730e-03 -3.350740e-03 9.999673e-01 7.820197e+01
9.999955e-01 -7.005624e-04 2.911892e-03 1.093392e+02 7.080406e-04 9.999965e-01 -2.567793e-03 1.023123e+00 -2.910083e-03 2.569844e-03 9.999925e-01 7.771814e+01
9.999791e-01 9.741739e-04 -6.386648e-03 1.098754e+02 -9.545921e-04 9.999948e-01 3.068441e-03 1.018220e+00 6.389605e-03 -3.062281e-03 9.999749e-01 7.762440e+01
9.999961e-01 -6.402381e-04 2.713425e-03 1.103143e+02 6.472744e-04 9.999964e-01 -2.592901e-03 1.011296e+00 -2.711755e-03 2.594648e-03 9.999930e-01 7.796961e+01
9.999814e-01 9.774851e-04 -6.012385e-03 1.109343e+02 -9.588481e-04 9.999947e-01 3.101923e-03 9.976490e-01 6.015385e-03 -3.096101e-03 9.999771e-01 7.829787e+01
9.999948e-01 -6.351022e-04 3.170185e-03 1.119378e+02 6.428301e-04 9.999968e-01 -2.437134e-03 9.761169e-01 -3.168627e-03 2.439160e-03 9.999920e-01 7.852053e+01
9.999770e-01 9.500258e-04 -6.711949e-03 1.127239e+02 -9.290983e-04 9.999947e-01 3.120420e-03 9.785583e-01 6.714877e-03 -3.114113e-03 9.999726e-01 7.811451e+01
9.999950e-01 -6.100445e-04 3.101564e-03 1.135211e+02 6.175630e-04 9.999969e-01 -2.423568e-03 9.809399e-01 -3.100076e-03 2.425472e-03 9.999923e-01 7.783487e+01
9.999766e-01 9.558852e-04 -6.777309e-03 1.142205e+02 -9.350591e-04 9.999948e-01 3.075474e-03 9.819527e-01 6.780214e-03 -3.069065e-03 9.999723e-01 7.764938e+01
