9.999941e-01 4.761058e-04 -3.388526e-03 8.606616e-01 -4.746037e-04 9.999998e-01 4.440742e-04 -2.857690e-02 3.388737e-03 -4.424641e-04 9.999942e-01 5.425287e-01
9.999995e-01 1.692784e-05 1.043759e-03 1.903142e+00 -1.696821e-05 1.000000e+00 3.869153e-05 -6.819183e-02 -1.043758e-03 -3.870851e-05 9.999995e-01 1.262607e+00
9.999926e-01 2.005424e-04 -3.829990e-03 2.643844e+00 -1.988397e-04 9.999999e-01 4.449450e-04 -9.514623e-02 3.830079e-03 -4.441808e-04 9.999926e-01 1.562078e+00
9.999992e-01 8.309716e-05 1.279785e-03 3.590429e+00 -8.328628e-05 1.000000e+00 1.477406e-04 -1.229550e-01 -1.279773e-03 -1.478464e-04 9.999992e-01 1.821407e+00
9.999925e-01 2.308576e-04 -3.876729e-03 4.468783e+00 -2.295948e-04 9.999999e-01 3.262051e-04 -1.564754e-01 3.876804e-03 -3.253132e-04 9.999924e-01 2.336399e+00
9.999991e-01 2.898108e-05 1.353239e-03 5.292882e+00 -2.918296e-05 1.000000e+00 1.491898e-04 -1.866507e-01 -1.353235e-03 -1.492285e-04 9.999991e-01 2.725229e+00
9.999862e-01 4.194726e-04 -5.237268e-03 5.877806e+00 -4.182597e-04 9.999999e-01 2.326942e-04 -2.010062e-01 5.237365e-03 -2.305012e-04 9.999863e-01 3.122573e+00
9.999973e-01 -9.737097e-05 2.300936e-03 6.603372e+00 9.672662e-05 1.000000e+00 2.801619e-04 -2.112149e-01 -2.300963e-03 -2.799379e-04 9.999973e-01 3.094874e+00
9.999739e-01 6.578520e-04 -7.201104e-03 7.014149e+00 -6.565579e-04 9.999998e-01 1.820651e-04 -2.077991e-01 7.201222e-03 -1.773331e-04 9.999741e-01 3.317009e+00
9.999974e-01 1.307081e-05 2.293603e-03 6.929505e+00 -1.377096e-05 1.000000e+00 3.052616e-04 -1.912200e-01 -2.293599e-03 -3.052916e-04 9.999973e-01 4.096290e+00
9.999507e-01 1.523643e-03 -9.809768e-03 6.930360e+00 -1.519486e-03 9.999988e-01 4.312096e-04 -1.540373e-01 9.810412e-03 -4.162833e-04 9.999518e-01 5.109555e+00
9.999981e-01 1.013941e-04 1.943913e-03 6.512984e+00 -1.029269e-04 9.999997e-01 7.884425e-04 -9.833054e-02 -1.943832e-03 -7.886404e-04 9.999978e-01 5.888989e+00
9.999812e-01 5.158540e-04 -6.114842e-03 6.465824e+00 -5.167647e-04 9.999999e-01 -1.473439e-04 -8.487942e-02 6.114765e-03 1.505004e-04 9.999813e-01 6.540454e+00
9.999985e-01 2.243118e-04 1.716310e-03 7.053530e+00 -2.257465e-04 9.999996e-01 8.358004e-04 -8.273333e-02 -1.716122e-03 -8.361859e-04 9.999982e-01 7.325428e+00
9.999765e-01 8.872567e-04 -6.792492e-03 7.689872e+00 -8.876143e-04 9.999996e-01 -4.963267e-05 -6.626501e-02 6.792445e-03 5.565990e-05 9.999769e-01 8.464848e+00
9.999995e-01 1.005647e-03 -6.546805e-06 9.223150e+00 -1.005628e-03 9.999965e-01 2.453542e-03 1.359729e-02 9.014515e-06 -2.453534e-03 9.999970e-01 9.841277e+00
9.999682e-01 1.371870e-03 -7.861613e-03 1.235931e+01 -1.358729e-03 9.999977e-01 1.676690e-03 1.613253e-01 7.863894e-03 -1.665956e-03 9.999677e-01 8.403223e+00
9.999985e-01 1.386315e-03 -1.013929e-03 1.592493e+01 -1.382704e-03 9.999927e-01 3.553968e-03 3.615131e-01 1.018849e-03 -3.552560e-03 9.999932e-01 5.194856e+00
9.999583e-01 1.432609e-03 -9.015804e-03 1.754908e+01 -1.424742e-03 9.999986e-01 8.788867e-04 5.485383e-01 9.017050e-03 -8.660056e-04 9.999590e-01 3.830456e+00
9.999981e-01 1.490945e-03 -1.273294e-03 1.909952e+01 -1.485889e-03 9.999910e-01 3.962303e-03 7.511571e-01 1.279190e-03 -3.960403e-03 9.999913e-01 1.315563e+00
9.999594e-01 1.361375e-03 -8.906958e-03 2.086156e+01 -1.354725e-03 9.999988e-01 7.526556e-04 9.468338e-01 8.907972e-03 -7.405593e-04 9.999600e-01 -1.080080e+00
9.999996e-01 9.267305e-04 1.266852e-04 2.237633e+01 -9.270755e-04 9.999958e-01 2.750773e-03 1.096414e+00 -1.241352e-04 -2.750888e-03 9.999962e-01 -1.971286e+00
9.999679e-01 1.451532e-03 -7.882075e-03 2.527940e+01 -1.441223e-03 9.999981e-01 1.313511e-03 1.233665e+00 7.883966e-03 -1.302110e-03 9.999681e-01 -3.079174e+00
9.999996e-01 5.679206e-04 7.195555e-04 2.755497e+01 -5.693843e-04 9.999978e-01 2.035607e-03 1.339471e+00 -7.183975e-04 -2.036015e-03 9.999977e-01 -2.436654e+00
9.999471e-01 2.307560e-03 -1.002135e-02 3.070856e+01 -2.274924e-03 9.999921e-01 3.266914e-03 1.546934e+00 1.002881e-02 -3.243944e-03 9.999444e-01 -5.910669e+00
9.999995e-01 7.925444e-04 5.438103e-04 3.412270e+01 -7.939128e-04 9.999965e-01 2.520839e-03 1.767693e+00 -5.418102e-04 -2.521269e-03 9.999967e-01 -1.021246e+01
9.999324e-01 2.796045e-03 -1.128273e-02 3.715680e+01 -2.752175e-03 9.999886e-01 3.901902e-03 2.022483e+00 1.129351e-02 -3.870587e-03 9.999287e-01 -1.477074e+01
9.999996e-01 6.378893e-04 5.557804e-04 4.022586e+01 -6.392878e-04 9.999966e-01 2.519901e-03 2.271741e+00 -5.541708e-04 -2.520254e-03 9.999967e-01 -1.940306e+01
9.999470e-01 2.299863e-03 -1.003287e-02 4.330916e+01 -2.269879e-03 9.999929e-01 2.998998e-03 2.479152e+00 1.003970e-02 -2.976067e-03 9.999452e-01 -2.304499e+01
9.999994e-01 1.043303e-03 1.173911e-04 4.530617e+01 -1.043577e-03 9.999967e-01 2.353880e-03 2.694926e+00 -1.149346e-04 -2.354001e-03 9.999972e-01 -2.546216e+01
9.999316e-01 2.391967e-03 -1.145246e-02 4.702266e+01 -2.355420e-03 9.999921e-01 3.203642e-03 2.930617e+00 1.146003e-02 -3.176448e-03 9.999293e-01 -2.689004e+01
9.999994e-01 1.092742e-03 -3.059084e-04 4.739601e+01 -1.092194e-03 9.999978e-01 1.785625e-03 3.154250e+00 3.078592e-04 -1.785289e-03 9.999984e-01 -2.759788e+01
9.999401e-01 2.360558e-03 -1.068545e-02 4.829702e+01 -2.325496e-03 9.999919e-01 3.292539e-03 3.378302e+00 1.069313e-02 -3.267493e-03 9.999375e-01 -2.855056e+01
9.999996e-01 9.080586e-04 5.458328e-05 4.882382e+01 -9.081254e-04 9.999988e-01 1.237650e-03 3.571177e+00 -5.345904e-05 -1.237699e-03 9.999992e-01 -2.798688e+01
9.999292e-01 2.742626e-03 -1.158005e-02 4.993951e+01 -2.692889e-03 9.999871e-01 4.308493e-03 3.818629e+00 1.159171e-02 -4.277005e-03 9.999237e-01 -2.908782e+01
9.999995e-01 1.005430e-03 3.420718e-05 5.096268e+01 -1.005471e-03 9.999987e-01 1.246265e-03 4.064465e+00 -3.295380e-05 -1.246298e-03 9.999992e-01 -2.972775e+01
9.999265e-01 2.052486e-03 -1.195170e-02 5.062091e+01 -2.014101e-03 9.999928e-01 3.222790e-03 4.263968e+00 1.195823e-02 -3.198482e-03 9.999234e-01 -2.843897e+01
9.999984e-01 1.707686e-03 5.764386e-04 5.213510e+01 -1.709210e-03 9.999950e-01 2.654713e-03 4.514442e+00 -5.719020e-04 -2.655694e-03 9.999963e-01 -2.958900e+01
9.999462e-01 1.850704e-03 -1.021059e-02 5.512444e+01 -1.821985e-03 9.999944e-01 2.821247e-03 4.733158e+00 1.021576e-02 -2.802492e-03 9.999439e-01 -3.012453e+01
9.999991e-01 1.241559e-03 5.439670e-04 5.829528e+01 -1.242824e-03 9.999965e-01 2.330933e-03 4.913467e+00 -5.410708e-04 -2.331607e-03 9.999971e-01 -3.050777e+01
9.999615e-01 1.685195e-03 -8.611078e-03 6.150158e+01 -1.664234e-03 9.999956e-01 2.440741e-03 5.078480e+00 8.615154e-03 -2.426316e-03 9.999599e-01 -3.131926e+01
9.999992e-01 1.226291e-03 2.919301e-05 6.485932e+01 -1.226360e-03 9.999962e-01 2.488917e-03 5.252198e+00 -2.614046e-05 -2.488950e-03 9.999969e-01 -3.193549e+01
9.999482e-01 2.003570e-03 -9.981968e-03 6.628391e+01 -1.982245e-03 9.999957e-01 2.145818e-03 5.435656e+00 9.986224e-03 -2.125921e-03 9.999479e-01 -3.138535e+01
9.999990e-01 1.263657e-03 -5.907023e-04 6.625024e+01 -1.261956e-03 9.999951e-01 2.871947e-03 5.637410e+00 5.943289e-04 -2.871198e-03 9.999957e-01 -3.218705e+01
9.999724e-01 7.424186e-04 -7.386049e-03 6.620161e+01 -7.403530e-04 9.999997e-01 2.824064e-04 5.743729e+00 7.386256e-03 -2.769310e-04 9.999727e-01 -3.177776e+01
9.999964e-01 7.962522e-04 2.546119e-03 6.740240e+01 -8.012408e-04 9.999978e-01 1.958930e-03 5.780303e+00 -2.544553e-03 -1.960962e-03 9.999948e-01 -3.184778e+01
9.999536e-01 1.142917e-03 -9.569373e-03 6.783090e+01 -1.133309e-03 9.999988e-01 1.009348e-03 5.859125e+00 9.570516e-03 -9.984571e-04 9.999537e-01 -3.335618e+01
9.999985e-01 7.221180e-04 1.588100e-03 6.717740e+01 -7.249990e-04 9.999981e-01 1.814386e-03 5.945803e+00 -1.586787e-03 -1.815533e-03 9.999971e-01 -3.547979e+01
9.999671e-01 6.500393e-04 -8.090594e-03 6.618954e+01 -6.505491e-04 9.999998e-01 -6.036483e-05 5.994299e+00 8.090553e-03 6.562546e-05 9.999673e-01 -3.634577e+01
9.999983e-01 5.940689e-04 1.770571e-03 6.558575e+01 -5.971356e-04 9.999983e-01 1.732104e-03 6.031095e+00 -1.769538e-03 -1.733158e-03 9.999969e-01 -3.742244e+01
9.999849e-01 1.226186e-04 -5.487712e-03 6.676503e+01 -1.265613e-04 9.999997e-01 -7.180950e-04 6.022621e+00 5.487623e-03 7.187780e-04 9.999847e-01 -3.658512e+01
9.999952e-01 2.909084e-04 3.092507e-03 6.823645e+01 -2.956054e-04 9.999988e-01 1.518529e-03 5.988899e+00 -3.092061e-03 -1.519435e-03 9.999941e-01 -3.606747e+01
9.999790e-01 -8.893542e-05 -6.482520e-03 6.900825e+01 8.422843e-05 9.999997e-01 -7.263521e-04 5.983994e+00 6.482583e-03 7.257901e-04 9.999787e-01 -3.634036e+01
9.999963e-01 3.646029e-04 2.702278e-03 6.888058e+01 -3.683709e-04 9.999990e-01 1.394070e-03 5.978217e+00 -2.701767e-03 -1.395059e-03 9.999954e-01 -3.638224e+01
9.999816e-01 -2.005902e-04 -6.056738e-03 6.900648e+01 1.950689e-04 9.999996e-01 -9.121436e-04 5.964432e+00 6.056918e-03 9.109447e-04 9.999812e-01 -3.612759e+01
9.999950e-01 5.921130e-04 3.107192e-03 6.943243e+01 -5.957425e-04 9.999991e-01 1.167333e-03 5.931846e+00 -3.106498e-03 -1.169177e-03 9.999945e-01 -3.522211e+01
9.999826e-01 -2.939237e-04 -5.892174e-03 6.998578e+01 2.890660e-04 9.999996e-01 -8.252499e-04 5.893962e+00 5.892414e-03 8.235316e-04 9.999823e-01 -3.433566e+01
9.999968e-01 4.983382e-04 2.497454e-03 6.995665e+01 -5.011764e-04 9.999992e-01 1.136017e-03 5.879763e+00 -2.496886e-03 -1.137264e-03 9.999962e-01 -3.374224e+01
9.999804e-01 -1.483665e-04 -6.252344e-03 6.985031e+01 1.445543e-04 9.999998e-01 -6.101472e-04 5.876787e+00 6.252433e-03 6.092307e-04 9.999803e-01 -3.346523e+01
9.999976e-01 5.315063e-04 2.121510e-03 6.974203e+01 -5.346425e-04 9.999988e-01 1.478061e-03 5.882643e+00 -2.120722e-03 -1.479191e-03 9.999967e-01 -3.366940e+01
9.999783e-01 -2.682337e-05 -6.585150e-03 6.935865e+01 2.318822e-05 9.999998e-01 -5.520739e-04 5.896385e+00 6.585164e-03 5.519085e-04 9.999782e-01 -3.389757e+01
9.999976e-01 5.511886e-04 2.143197e-03 6.898381e+01 -5.542643e-04 9.999988e-01 1.434831e-03 5.910239e+00 -2.142404e-03 -1.436015e-03 9.999967e-01 -3.413840e+01
9.999837e-01 -3.227604e-04 -5.707437e-03 6.931647e+01 3.185194e-04 9.999997e-01 -7.439341e-04 5.905908e+00 5.707675e-03 7.421033e-04 9.999834e-01 -3.415988e+01
9.999974e-01 5.534778e-04 2.229790e-03 6.964642e+01 -5.567315e-04 9.999988e-01 1.458919e-03 5.899746e+00 -2.228979e-03 -1.460156e-03 9.999964e-01 -3.430518e+01
9.999813e-01 -2.284375e-04 -6.105409e-03 6.975107e+01 2.243985e-04 9.999998e-01 -6.622070e-04 5.899329e+00 6.105558e-03 6.608239e-04 9.999811e-01 -3.463979e+01
9.999948e-01 4.615545e-04 3.183328e-03 7.050526e+01 -4.657009e-04 9.999990e-01 1.301947e-03 5.874488e+00 -3.182724e-03 -1.303422e-03 9.999941e-01 -3.441048e+01
9.999790e-01 -2.516976e-04 -6.474224e-03 7.096335e+01 2.463669e-04 9.999996e-01 -8.241371e-04 5.847361e+00 6.474429e-03 8.225241e-04 9.999787e-01 -3.393925e+01
9.999956e-01 4.659243e-04 2.916839e-03 7.127585e+01 -4.703305e-04 9.999987e-01 1.510152e-03 5.838890e+00 -2.916131e-03 -1.511516e-03 9.999946e-01 -3.418019e+01
9.999791e-01 -1.737490e-04 -6.461601e-03 7.191553e+01 1.695501e-04 9.999998e-01 -6.503489e-04 5.839198e+00 6.461712e-03 6.492390e-04 9.999789e-01 -3.467454e+01
9.999956e-01 4.390317e-04 2.925105e-03 7.285088e+01 -4.436434e-04 9.999987e-01 1.576180e-03 5.842643e+00 -2.924409e-03 -1.577470e-03 9.999945e-01 -3.520994e+01
9.999771e-01 -1.245775e-04 -6.763955e-03 7.362794e+01 1.205809e-04 9.999998e-01 -5.912505e-04 5.847954e+00 6.764027e-03 5.904207e-04 9.999769e-01 -3.584951e+01
9.999960e-01 5.941553e-04 2.754951e-03 7.384558e+01 -5.983096e-04 9.999987e-01 1.507439e-03 5.852019e+00 -2.754051e-03 -1.509080e-03 9.999951e-01 -3.670095e+01
9.999775e-01 -1.631803e-04 -6.710217e-03 7.401553e+01 1.584402e-04 9.999997e-01 -7.069061e-04 5.854368e+00 6.710330e-03 7.058263e-04 9.999772e-01 -3.747650e+01
9.999966e-01 6.490690e-04 2.507772e-03 7.415051e+01 -6.529532e-04 9.999986e-01 1.548429e-03 5.858837e+00 -2.506763e-03 -1.550061e-03 9.999957e-01 -3.838303e+01
9.999787e-01 -2.062517e-04 -6.521305e-03 7.445006e+01 2.021787e-04 9.999998e-01 -6.251878e-04 5.864395e+00 6.521432e-03 6.238553e-04 9.999785e-01 -3.920572e+01
9.999966e-01 5.932065e-04 2.538771e-03 7.474197e+01 -5.968478e-04 9.999988e-01 1.433834e-03 5.866524e+00 -2.537917e-03 -1.435344e-03 9.999957e-01 -3.988842e+01
9.999776e-01 -4.806164e-05 -6.688575e-03 7.486348e+01 4.468178e-05 9.999999e-01 -5.054411e-04 5.872393e+00 6.688598e-03 5.051302e-04 9.999775e-01 -4.087179e+01
9.999967e-01 5.666668e-04 2.496529e-03 7.503346e+01 -5.702366e-04 9.999988e-01 1.429521e-03 5.879242e+00 -2.495716e-03 -1.430939e-03 9.999959e-01 -4.186740e+01
9.999759e-01 9.406375e-05 -6.938601e-03 7.513531e+01 -9.682649e-05 9.999999e-01 -3.978085e-04 5.888359e+00 6.938562e-03 3.984701e-04 9.999758e-01 -4.304283e+01
9.999957e-01 3.559988e-04 2.899556e-03 7.536283e+01 -3.596519e-04 9.999991e-01 1.259536e-03 5.891896e+00 -2.899105e-03 -1.260573e-03 9.999950e-01 -4.378869e+01
9.999761e-01 6.292042e-05 -6.919364e-03 7.560930e+01 -6.571313e-05 9.999999e-01 -4.033559e-04 5.894212e+00 6.919338e-03 4.038003e-04 9.999760e-01 -4.440108e+01
9.999962e-01 4.822239e-04 2.700885e-03 7.570522e+01 -4.859609e-04 9.999989e-01 1.383216e-03 5.899176e+00 -2.700215e-03 -1.384523e-03 9.999954e-01 -4.530079e+01
9.999771e-01 -1.029614e-04 -6.765609e-03 7.564463e+01 9.872703e-05 9.999998e-01 -6.261763e-04 5.899845e+00 6.765672e-03 6.254933e-04 9.999769e-01 -4.577140e+01
9.999959e-01 4.327331e-04 2.833407e-03 7.554911e+01 -4.364978e-04 9.999990e-01 1.328250e-03 5.901595e+00 -2.832829e-03 -1.329481e-03 9.999951e-01 -4.593676e+01
9.999735e-01 6.821882e-05 -7.280686e-03 7.518949e+01 -7.163764e-05 9.999999e-01 -4.692890e-04 5.913843e+00 7.280652e-03 4.697974e-04 9.999734e-01 -4.610340e+01
9.999943e-01 2.262918e-04 3.373351e-03 7.544919e+01 -2.297407e-04 9.999995e-01 1.022110e-03 5.905359e+00 -3.373118e-03 -1.022878e-03 9.999938e-01 -4.580794e+01
9.999781e-01 9.945190e-05 -6.618500e-03 7.585102e+01 -1.020188e-04 9.999999e-01 -3.874668e-04 5.895469e+00 6.618461e-03 3.881328e-04 9.999780e-01 -4.537211e+01
9.999975e-01 3.656835e-04 2.202236e-03 7.554020e+01 -3.684050e-04 9.999992e-01 1.235562e-03 5.903617e+00 -2.201782e-03 -1.236370e-03 9.999968e-01 -4.562593e+01
9.999821e-01 -1.458114e-04 -5.986070e-03 7.586130e+01 1.420532e-04 9.999998e-01 -6.282187e-04 5.896217e+00 5.986160e-03 6.273564e-04 9.999819e-01 -4.563522e+01
9.999962e-01 3.569120e-04 2.738579e-03 7.641985e+01 -3.604952e-04 9.999991e-01 1.308104e-03 5.883983e+00 -2.738109e-03 -1.309086e-03 9.999954e-01 -4.556664e+01
9.999814e-01 -1.232213e-04 -6.102421e-03 7.704712e+01 1.196677e-04 9.999998e-01 -5.826624e-04 5.877724e+00 6.102491e-03 5.819206e-04 9.999812e-01 -4.573293e+01
9.999961e-01 3.629349e-04 2.782350e-03 7.787525e+01 -3.669361e-04 9.999989e-01 1.437763e-03 5.867130e+00 -2.781825e-03 -1.438777e-03 9.999951e-01 -4.579552e+01
9.999828e-01 -1.890280e-04 -5.854321e-03 7.823136e+01 1.832604e-04 9.999995e-01 -9.856785e-04 5.845877e+00 5.854504e-03 9.845880e-04 9.999824e-01 -4.549465e+01
9.999963e-01 4.205080e-04 2.673520e-03 7.856167e+01 -4.241387e-04 9.999990e-01 1.357664e-03 5.825272e+00 -2.672946e-03 -1.358793e-03 9.999955e-01 -4.518656e+01
9.999814e-01 -2.116691e-04 -6.092900e-03 7.917773e+01 2.078603e-04 9.999998e-01 -6.257124e-04 5.813010e+00 6.093031e-03 6.244336e-04 9.999812e-01 -4.517895e+01
9.999969e-01 4.380739e-04 2.447632e-03 7.968028e+01 -4.416204e-04 9.999989e-01 1.448694e-03 5.810485e+00 -2.446995e-03 -1.449769e-03 9.999960e-01 -4.522020e+01
9.999821e-01 -2.475837e-04 -5.972667e-03 8.030506e+01 2.435756e-04 9.999997e-01 -6.717525e-04 5.806382e+00 5.972831e-03 6.702850e-04 9.999819e-01 -4.543148e+01
9.999971e-01 4.876563e-04 2.362283e-03 8.084908e+01 -4.911110e-04 9.999988e-01 1.462167e-03 5.802469e+00 -2.361567e-03 -1.463322e-03 9.999961e-01 -4.549085e+01
9.999805e-01 -1.534346e-04 -6.239840e-03 8.176964e+01 1.510300e-04 9.999999e-01 -3.857850e-04 5.810521e+00 6.239899e-03 3.848344e-04 9.999805e-01 -4.585390e+01
9.999964e-01 4.567955e-04 2.627269e-03 8.233082e+01 -4.604449e-04 9.999989e-01 1.388667e-03 5.817639e+00 -2.626632e-03 -1.389872e-03 9.999956e-01 -4.614809e+01
9.999817e-01 -2.503043e-04 -6.042328e-03 8.266074e+01 2.454835e-04 9.999997e-01 -7.985398e-04 5.808297e+00 6.042525e-03 7.970412e-04 9.999814e-01 -4.599207e+01
9.999970e-01 4.174745e-04 2.412596e-03 8.311195e+01 -4.210957e-04 9.999988e-01 1.500748e-03 5.808282e+00 -2.411966e-03 -1.501758e-03 9.999960e-01 -4.617024e+01
9.999819e-01 -2.103109e-04 -6.014796e-03 8.379518e+01 2.059944e-04 9.999997e-01 -7.182233e-04 5.800732e+00 6.014945e-03 7.169706e-04 9.999817e-01 -4.625939e+01
9.999961e-01 4.894721e-04 2.759365e-03 8.485324e+01 -4.942790e-04 9.999984e-01 1.741721e-03 5.794268e+00 -2.758508e-03 -1.743077e-03 9.999947e-01 -4.641609e+01
9.999777e-01 -1.958138e-04 -6.670263e-03 8.517216e+01 1.901467e-04 9.999996e-01 -8.501959e-04 5.805343e+00 6.670427e-03 8.489079e-04 9.999774e-01 -4.643751e+01
9.999967e-01 5.346232e-04 2.500405e-03 8.571592e+01 -5.390607e-04 9.999983e-01 1.774497e-03 5.812930e+00 -2.499452e-03 -1.775838e-03 9.999953e-01 -4.643004e+01
9.999812e-01 -2.265456e-04 -6.127146e-03 8.633685e+01 2.211735e-04 9.999996e-01 -8.774031e-04 5.815876e+00 6.127342e-03 8.760308e-04 9.999808e-01 -4.639561e+01
9.999978e-01 4.879039e-04 2.023028e-03 8.657675e+01 -4.911914e-04 9.999986e-01 1.624983e-03 5.822086e+00 -2.022232e-03 -1.625972e-03 9.999966e-01 -4.633954e+01
9.999862e-01 -2.334062e-04 -5.244833e-03 8.754799e+01 2.296557e-04 9.999997e-01 -7.156356e-04 5.816704e+00 5.244998e-03 7.144206e-04 9.999860e-01 -4.656763e+01
9.999982e-01 4.631101e-04 1.819900e-03 8.843196e+01 -4.659952e-04 9.999986e-01 1.585359e-03 5.816378e+00 -1.819163e-03 -1.586203e-03 9.999971e-01 -4.690826e+01
9.999857e-01 -2.282637e-04 -5.352039e-03 8.926020e+01 2.244189e-04 9.999997e-01 -7.189182e-04 5.818867e+00 5.352201e-03 7.177061e-04 9.999854e-01 -4.729681e+01
9.999981e-01 4.519375e-04 1.912801e-03 8.997255e+01 -4.547928e-04 9.999988e-01 1.492649e-03 5.814827e+00 -1.912124e-03 -1.493516e-03 9.999971e-01 -4.743812e+01
9.999858e-01 -1.847102e-04 -5.325683e-03 9.067308e+01 1.809423e-04 9.999997e-01 -7.079153e-04 5.805882e+00 5.325812e-03 7.069409e-04 9.999856e-01 -4.738917e+01
9.999976e-01 4.418250e-04 2.162490e-03 9.166512e+01 -4.452942e-04 9.999986e-01 1.604153e-03 5.797617e+00 -2.161778e-03 -1.605111e-03 9.999964e-01 -4.754747e+01
9.999851e-01 -2.001640e-04 -5.461081e-03 9.267670e+01 1.966294e-04 9.999998e-01 -6.477261e-04 5.794437e+00 5.461210e-03 6.466419e-04 9.999849e-01 -4.782941e+01
9.999984e-01 4.801584e-04 1.714310e-03 9.336200e+01 -4.827703e-04 9.999987e-01 1.523618e-03 5.798056e+00 -1.713575e-03 -1.524442e-03 9.999974e-01 -4.824584e+01
9.999861e-01 -2.221687e-04 -5.272528e-03 9.426692e+01 2.189668e-04 9.999998e-01 -6.078020e-04 5.801400e+00 5.272661e-03 6.066383e-04 9.999859e-01 -4.869881e+01
9.999983e-01 4.916620e-04 1.773259e-03 9.519831e+01 -4.943160e-04 9.999988e-01 1.496690e-03 5.802364e+00 -1.772521e-03 -1.497564e-03 9.999973e-01 -4.909521e+01
9.999868e-01 -2.172830e-04 -5.139135e-03 9.616469e+01 2.143137e-04 9.999998e-01 -5.782819e-04 5.800862e+00 5.139259e-03 5.771721e-04 9.999866e-01 -4.944597e+01
9.999981e-01 4.430484e-04 1.876282e-03 9.708644e+01 -4.457865e-04 9.999988e-01 1.459297e-03 5.797670e+00 -1.875633e-03 -1.460130e-03 9.999972e-01 -4.974947e+01
9.999864e-01 -2.060997e-04 -5.218570e-03 9.798405e+01 2.030253e-04 9.999998e-01 -5.896022e-04 5.795278e+00 5.218690e-03 5.885340e-04 9.999862e-01 -5.006823e+01
9.999983e-01 4.557255e-04 1.812129e-03 9.892995e+01 -4.584166e-04 9.999988e-01 1.485084e-03 5.794013e+00 -1.811450e-03 -1.485912e-03 9.999973e-01 -5.042238e+01
9.999863e-01 -2.119587e-04 -5.237530e-03 9.981460e+01 2.087107e-04 9.999998e-01 -6.206161e-04 5.792858e+00 5.237660e-03 6.195137e-04 9.999861e-01 -5.076909e+01
9.999985e-01 4.693698e-04 1.688822e-03 1.005378e+02 -4.719499e-04 9.999987e-01 1.527782e-03 5.795028e+00 -1.688102e-03 -1.528576e-03 9.999974e-01 -5.125147e+01
9.999825e-01 -4.038897e-05 -5.922151e-03 1.006292e+02 3.683349e-05 9.999998e-01 -6.004390e-04 5.807389e+00 5.922174e-03 6.002097e-04 9.999823e-01 -5.165032e+01
9.999984e-01 4.054570e-04 1.742584e-03 1.005530e+02 -4.079456e-04 9.999989e-01 1.428096e-03 5.816795e+00 -1.742003e-03 -1.428804e-03 9.999975e-01 -5.183725e+01
9.999840e-01 -1.794344e-04 -5.646083e-03 1.005399e+02 1.744338e-04 9.999996e-01 -8.861199e-04 5.815452e+00 5.646239e-03 8.851202e-04 9.999837e-01 -5.168371e+01
9.999978e-01 3.348516e-04 2.054980e-03 1.005760e+02 -3.373745e-04 9.999992e-01 1.227625e-03 5.802904e+00 -2.054567e-03 -1.228314e-03 9.999971e-01 -5.130602e+01
9.999847e-01 -1.948311e-04 -5.527681e-03 1.006640e+02 1.898252e-04 9.999996e-01 -9.060779e-04 5.787608e+00 5.527855e-03 9.050140e-04 9.999843e-01 -5.096557e+01
9.999977e-01 3.159573e-04 2.139881e-03 1.007092e+02 -3.185264e-04 9.999992e-01 1.200466e-03 5.770871e+00 -2.139499e-03 -1.201144e-03 9.999970e-01 -5.059441e+01
9.999818e-01 -7.142027e-05 -6.029649e-03 1.005511e+02 6.721250e-05 9.999998e-01 -6.980078e-04 5.766564e+00 6.029698e-03 6.975891e-04 9.999816e-01 -5.041038e+01
9.999990e-01 5.791115e-04 1.266038e-03 9.997015e+01 -5.810145e-04 9.999987e-01 1.503464e-03 5.786582e+00 -1.265165e-03 -1.504197e-03 9.999981e-01 -5.026076e+01
9.999833e-01 -9.667097e-05 -5.784946e-03 9.965397e+01 9.292801e-05 9.999998e-01 -6.472405e-04 5.802854e+00 5.785007e-03 6.466914e-04 9.999831e-01 -5.028639e+01
9.999981e-01 3.676740e-04 1.889102e-03 9.963777e+01 -3.700242e-04 9.999992e-01 1.244045e-03 5.804310e+00 -1.888643e-03 -1.244741e-03 9.999974e-01 -5.001097e+01
9.999810e-01 -3.518269e-05 -6.164383e-03 9.934827e+01 3.093655e-05 9.999998e-01 -6.888737e-04 5.810922e+00 6.164405e-03 6.886692e-04 9.999808e-01 -4.972248e+01
9.999983e-01 4.046070e-04 1.809664e-03 9.900140e+01 -4.069898e-04 9.999991e-01 1.316663e-03 5.820870e+00 -1.809129e-03 -1.317397e-03 9.999975e-01 -4.949788e+01
9.999844e-01 -1.085377e-04 -5.579232e-03 9.914524e+01 1.054914e-04 9.999998e-01 -5.462480e-04 5.823059e+00 5.579290e-03 5.456503e-04 9.999843e-01 -4.973146e+01
9.999976e-01 3.381970e-04 2.181357e-03 9.972872e+01 -3.409415e-04 9.999992e-01 1.258018e-03 5.820635e+00 -2.180929e-03 -1.258758e-03 9.999968e-01 -4.998774e+01
9.999824e-01 -1.404422e-04 -5.936828e-03 9.991625e+01 1.371152e-04 9.999998e-01 -5.607596e-04 5.822177e+00 5.936906e-03 5.599350e-04 9.999822e-01 -4.991653e+01
9.999987e-01 6.300153e-04 1.515732e-03 9.973831e+01 -6.323063e-04 9.999987e-01 1.511645e-03 5.837991e+00 -1.514778e-03 -1.512600e-03 9.999977e-01 -5.026280e+01
9.999862e-01 -3.473882e-04 -5.235268e-03 1.006458e+02 3.446791e-04 9.999998e-01 -5.183159e-04 5.846384e+00 5.235446e-03 5.165036e-04 9.999862e-01 -5.085777e+01
9.999987e-01 6.379927e-04 1.510258e-03 1.017303e+02 -6.405112e-04 9.999984e-01 1.667828e-03 5.857068e+00 -1.509191e-03 -1.668792e-03 9.999975e-01 -5.150100e+01
9.999848e-01 -2.719918e-04 -5.501733e-03 1.024084e+02 2.688145e-04 9.999998e-01 -5.781959e-04 5.868118e+00 5.501889e-03 5.767075e-04 9.999847e-01 -5.226159e+01
9.999987e-01 6.323910e-04 1.491510e-03 1.026445e+02 -6.346643e-04 9.999986e-01 1.524381e-03 5.877595e+00 -1.490544e-03 -1.525325e-03 9.999977e-01 -5.265861e+01
9.999840e-01 -2.527149e-04 -5.645215e-03 1.027520e+02 2.493500e-04 9.999998e-01 -5.967217e-04 5.882444e+00 5.645364e-03 5.953039e-04 9.999839e-01 -5.319547e+01
9.999978e-01 5.299088e-04 2.040660e-03 1.032439e+02 -5.328065e-04 9.999989e-01 1.419827e-03 5.881531e+00 -2.039905e-03 -1.420911e-03 9.999969e-01 -5.365340e+01
9.999848e-01 -3.346258e-04 -5.496411e-03 1.038523e+02 3.311733e-04 9.999997e-01 -6.289878e-04 5.878678e+00 5.496620e-03 6.271574e-04 9.999847e-01 -5.389696e+01
9.999984e-01 6.519272e-04 1.652587e-03 1.045928e+02 -6.545494e-04 9.999985e-01 1.586861e-03 5.887498e+00 -1.651550e-03 -1.587940e-03 9.999974e-01 -5.449921e+01
9.999670e-01 5.598265e-04 -8.102497e-03 1.045838e+02 -5.627174e-04 9.999998e-01 -3.544817e-04 5.918832e+00 8.102296e-03 3.590287e-04 9.999671e-01 -5.516881e+01
9.999937e-01 2.438219e-04 3.541508e-03 1.046268e+02 -2.487940e-04 9.999990e-01 1.403657e-03 5.950332e+00 -3.541162e-03 -1.404529e-03 9.999927e-01 -5.581734e+01
9.999746e-01 6.733002e-05 -7.124996e-03 1.053509e+02 -7.058585e-05 9.999999e-01 -4.566710e-04 5.953629e+00 7.124964e-03 4.571616e-04 9.999745e-01 -5.635820e+01
9.999945e-01 2.747778e-04 3.293611e-03 1.055212e+02 -2.788836e-04 9.999992e-01 1.246262e-03 5.950670e+00 -3.293266e-03 -1.247173e-03 9.999938e-01 -5.679668e+01
9.999783e-01 -7.670410e-05 -6.593446e-03 1.057872e+02 7.256020e-05 9.999998e-01 -6.286841e-04 5.938958e+00 6.593493e-03 6.281913e-04 9.999781e-01 -5.672628e+01
9.999940e-01 2.753199e-04 3.441751e-03 1.061872e+02 -2.795120e-04 9.999992e-01 1.217679e-03 5.924458e+00 -3.441413e-03 -1.218633e-03 9.999933e-01 -5.658132e+01
9.999785e-01 -9.723720e-05 -6.558516e-03 1.067366e+02 9.379719e-05 9.999999e-01 -5.247739e-04 5.911789e+00 6.558566e-03 5.241467e-04 9.999784e-01 -5.656694e+01
9.999942e-01 3.136699e-04 3.380831e-03 1.073683e+02 -3.178235e-04 9.999992e-01 1.228192e-03 5.897475e+00 -3.380443e-03 -1.229259e-03 9.999935e-01 -5.658448e+01
9.999787e-01 -6.838811e-05 -6.525884e-03 1.077443e+02 6.246092e-05 9.999996e-01 -9.084154e-04 5.868362e+00 6.525943e-03 9.079878e-04 9.999783e-01 -5.600813e+01
9.999959e-01 3.888428e-04 2.833993e-03 1.078892e+02 -3.925863e-04 9.999991e-01 1.320599e-03 5.855175e+00 -2.833476e-03 -1.321706e-03 9.999951e-01 -5.529347e+01
9.999822e-01 5.133565e-05 -5.971432e-03 1.085301e+02 -5.626553e-05 9.999997e-01 -8.253663e-04 5.828925e+00 5.971387e-03 8.256869e-04 9.999818e-01 -5.466708e+01
9.999990e-01 9.678800e-04 1.037269e-03 1.084714e+02 -9.691102e-04 9.999988e-01 1.186395e-03 5.833753e+00 -1.036120e-03 -1.187398e-03 9.999988e-01 -5.273356e+01
9.999775e-01 3.948643e-05 -6.702330e-03 1.082720e+02 -4.328565e-05 9.999998e-01 -5.666643e-04 5.860025e+00 6.702306e-03 5.669411e-04 9.999774e-01 -5.074193e+01
9.999927e-01 7.193442e-04 3.744531e-03 1.096381e+02 -7.249205e-04 9.999986e-01 1.488122e-03 5.824688e+00 -3.743455e-03 -1.490825e-03 9.999919e-01 -4.972852e+01
9.999689e-01 -4.577525e-05 -7.892114e-03 1.104275e+02 3.928995e-05 9.999997e-01 -8.218624e-04 5.803125e+00 7.892149e-03 8.215260e-04 9.999685e-01 -4.848243e+01
9.999974e-01 8.378887e-04 2.127924e-03 1.099137e+02 -8.407823e-04 9.999987e-01 1.359412e-03 5.833726e+00 -2.126782e-03 -1.361197e-03 9.999968e-01 -4.686435e+01
9.999769e-01 -1.416255e-04 -6.790513e-03 1.098793e+02 1.349853e-04 9.999995e-01 -9.782760e-04 5.832263e+00 6.790648e-03 9.773362e-04 9.999765e-01 -4.529728e+01
9.999962e-01 7.724679e-04 2.650088e-03 1.100404e+02 -7.757884e-04 9.999989e-01 1.252286e-03 5.813938e+00 -2.649118e-03 -1.254336e-03 9.999957e-01 -4.374796e+01
9.999604e-01 2.237908e-04 -8.897603e-03 1.091705e+02 -2.294030e-04 9.999998e-01 -6.297151e-04 5.868581e+00 8.897460e-03 6.317307e-04 9.999602e-01 -4.196571e+01
9.999948e-01 4.220718e-04 3.201820e-03 1.087898e+02 -4.261607e-04 9.999991e-01 1.276586e-03 5.895035e+00 -3.201278e-03 -1.277943e-03 9.999941e-01 -4.061322e+01
9.999807e-01 8.304820e-05 -6.207452e-03 1.096863e+02 -8.739805e-05 9.999998e-01 -7.004321e-04 5.859842e+00 6.207392e-03 7.009605e-04 9.999805e-01 -3.975495e+01
9.999984e-01 5.370031e-04 1.688238e-03 1.095274e+02 -5.388528e-04 9.999993e-01 1.095579e-03 5.865052e+00 -1.687649e-03 -1.096486e-03 9.999980e-01 -3.855909e+01
9.999741e-01 2.879682e-04 -7.197096e-03 1.091777e+02 -2.920858e-04 9.999998e-01 -5.710368e-04 5.885244e+00 7.196930e-03 5.731235e-04 9.999739e-01 -3.689663e+01
9.999884e-01 4.077067e-04 4.802821e-03 1.105497e+02 -4.146236e-04 9.999989e-01 1.439315e-03 5.850191e+00 -4.802229e-03 -1.441289e-03 9.999874e-01 -3.606974e+01
9.999777e-01 2.837422e-04 -6.668620e-03 1.125660e+02 -2.855025e-04 9.999999e-01 -2.629781e-04 5.802614e+00 6.668545e-03 2.648755e-04 9.999777e-01 -3.539691e+01
9.999955e-01 2.563802e-04 3.004565e-03 1.128639e+02 -2.578892e-04 9.999998e-01 5.019679e-04 5.775672e+00 -3.004436e-03 -5.027398e-04 9.999954e-01 -3.392284e+01
9.999658e-01 4.697440e-04 -8.253432e-03 1.124084e+02 -4.690932e-04 9.999999e-01 8.082979e-05 5.806015e+00 8.253469e-03 -7.695606e-05 9.999659e-01 -3.255164e+01
9.999910e-01 2.292687e-04 4.247240e-03 1.126072e+02 -2.307435e-04 9.999999e-01 3.468201e-04 5.794613e+00 -4.247160e-03 -3.477963e-04 9.999909e-01 -3.113842e+01
9.999634e-01 4.076392e-04 -8.543017e-03 1.127063e+02 -4.077032e-04 9.999999e-01 -5.716866e-06 5.783280e+00 8.543013e-03 9.199014e-06 9.999635e-01 -2.960858e+01
9.999901e-01 2.913594e-04 4.435826e-03 1.128948e+02 -2.930382e-04 9.999999e-01 3.778881e-04 5.768610e+00 -4.435716e-03 -3.791836e-04 9.999901e-01 -2.810934e+01
9.999597e-01 6.986159e-04 -8.954592e-03 1.130944e+02 -6.983838e-04 9.999998e-01 2.907256e-05 5.763546e+00 8.954610e-03 -2.281831e-05 9.999599e-01 -2.631546e+01
9.999944e-01 2.958846e-04 3.337886e-03 1.129197e+02 -2.976999e-04 9.999998e-01 5.434557e-04 5.782612e+00 -3.337724e-03 -5.444457e-04 9.999943e-01 -2.437485e+01
9.999322e-01 1.037726e-03 -1.159842e-02 1.112926e+02 -1.030640e-03 9.999993e-01 6.169070e-04 5.898843e+00 1.159905e-02 -6.049120e-04 9.999325e-01 -2.267040e+01
9.999528e-01 3.795116e-04 9.711392e-03 1.138133e+02 -3.816908e-04 9.999999e-01 2.225697e-04 5.827720e+00 -9.711307e-03 -2.262653e-04 9.999528e-01 -2.105827e+01
9.999519e-01 6.792703e-04 -9.783237e-03 1.171137e+02 -6.681216e-04 9.999991e-01 1.142826e-03 5.721223e+00 9.784005e-03 -1.136235e-03 9.999515e-01 -1.905216e+01
9.999859e-01 3.803869e-04 5.305620e-03 1.170092e+02 -3.753544e-04 9.999995e-01 -9.494253e-04 5.715688e+00 -5.305978e-03 9.474211e-04 9.999855e-01 -1.675361e+01
9.998758e-01 1.310986e-03 -1.570777e-02 1.153394e+02 -1.275022e-03 9.999965e-01 2.299328e-03 5.825528e+00 1.571073e-02 -2.279015e-03 9.998740e-01 -1.509199e+01
9.999219e-01 -7.372692e-04 1.247992e-02 1.163068e+02 7.587324e-04 9.999982e-01 -1.715148e-03 5.842404e+00 -1.247863e-02 1.724484e-03 9.999207e-01 -1.566221e+01
9.998731e-01 1.414879e-03 -1.586866e-02 1.182948e+02 -1.369011e-03 9.999949e-01 2.901007e-03 5.829931e+00 1.587268e-02 -2.878915e-03 9.998699e-01 -1.592578e+01
9.999070e-01 -1.496244e-04 1.364033e-02 1.218629e+02 1.634059e-04 9.999995e-01 -1.009214e-03 5.798597e+00 -1.364017e-02 1.011350e-03 9.999065e-01 -1.574627e+01
9.998834e-01 1.775835e-03 -1.516898e-02 1.257334e+02 -1.730471e-03 9.999940e-01 3.003184e-03 5.727667e+00 1.517422e-02 -2.976585e-03 9.998804e-01 -1.428203e+01
9.998951e-01 2.650165e-04 1.447872e-02 1.303157e+02 -2.504457e-04 9.999995e-01 -1.008138e-03 5.622603e+00 -1.447898e-02 1.004407e-03 9.998947e-01 -1.199512e+01
9.998803e-01 6.774996e-04 -1.546022e-02 1.333074e+02 -6.346419e-04 9.999959e-01 2.776881e-03 5.560760e+00 1.546204e-02 -2.766737e-03 9.998766e-01 -1.068773e+01
9.999438e-01 -6.897607e-06 1.060388e-02 1.332830e+02 2.840712e-05 9.999979e-01 -2.028276e-03 5.579220e+00 -1.060385e-02 2.028464e-03 9.999417e-01 -9.932976e+00
9.998003e-01 1.906111e-03 -1.989197e-02 1.313769e+02 -1.843509e-03 9.999933e-01 3.164975e-03 5.722488e+00 1.989787e-02 -3.127673e-03 9.997971e-01 -7.623337e+00
9.999208e-01 -7.455610e-04 1.255992e-02 1.306521e+02 7.642271e-04 9.999986e-01 -1.481398e-03 5.831608e+00 -1.255880e-02 1.490880e-03 9.999200e-01 -6.359577e+00
9.998076e-01 1.911593e-03 -1.952146e-02 1.293834e+02 -1.862018e-03 9.999950e-01 2.557401e-03 5.913180e+00 1.952626e-02 -2.520560e-03 9.998062e-01 -5.278605e+00
9.999229e-01 -7.034416e-04 1.240087e-02 1.279061e+02 7.188968e-04 9.999990e-01 -1.241857e-03 6.001013e+00 -1.239998e-02 1.250676e-03 9.999223e-01 -4.482175e+00
9.998043e-01 1.964784e-03 -1.968417e-02 1.266033e+02 -1.921459e-03 9.999957e-01 2.219696e-03 6.095339e+00 1.968845e-02 -2.181440e-03 9.998038e-01 -2.909630e+00
9.999691e-01 4.575941e-04 7.842661e-03 1.239101e+02 -4.541118e-04 9.999998e-01 -4.457438e-04 6.301460e+00 -7.842863e-03 4.421693e-04 9.999691e-01 8.812563e-02
9.997648e-01 2.662752e-03 -2.152526e-02 1.203001e+02 -2.605468e-03 9.999930e-01 2.688854e-03 6.572582e+00 2.153227e-02 -2.632138e-03 9.997647e-01 3.593018e+00
9.999435e-01 -6.616494e-04 1.061404e-02 1.180612e+02 6.722382e-04 9.999993e-01 -9.940555e-04 6.753498e+00 -1.061337e-02 1.001135e-03 9.999432e-01 6.136890e+00
9.998507e-01 1.902763e-03 -1.717283e-02 1.178162e+02 -1.852271e-03 9.999939e-01 2.955690e-03 6.864386e+00 1.717834e-02 -2.923440e-03 9.998482e-01 7.054865e+00
9.999551e-01 -4.092321e-04 9.468496e-03 1.172627e+02 4.156277e-04 9.999997e-01 -6.734640e-04 7.016767e+00 -9.468217e-03 6.773697e-04 9.999549e-01 8.264139e+00
9.998137e-01 2.350214e-03 -1.915701e-02 1.155205e+02 -2.298511e-03 9.999937e-01 2.720485e-03 7.191684e+00 1.916328e-02 -2.675947e-03 9.998128e-01 1.048211e+01
9.999571e-01 -5.285246e-04 9.252055e-03 1.134868e+02 5.407800e-04 9.999990e-01 -1.322119e-03 7.346647e+00 -9.251346e-03 1.327066e-03 9.999563e-01 1.278459e+01
9.998721e-01 1.498403e-03 -1.592013e-02 1.125622e+02 -1.465136e-03 9.999967e-01 2.101085e-03 7.413550e+00 1.592322e-02 -2.077492e-03 9.998711e-01 1.431192e+01
9.999391e-01 -8.359157e-04 1.100608e-02 1.127782e+02 8.500948e-04 9.999988e-01 -1.283655e-03 7.428718e+00 -1.100499e-02 1.292934e-03 9.999386e-01 1.533959e+01
9.998839e-01 1.456924e-03 -1.516844e-02 1.134928e+02 -1.422514e-03 9.999964e-01 2.279103e-03 7.434709e+00 1.517171e-02 -2.257261e-03 9.998824e-01 1.611924e+01
9.999403e-01 -7.117183e-04 1.090773e-02 1.144121e+02 7.229789e-04 9.999992e-01 -1.028409e-03 7.456053e+00 -1.090699e-02 1.036234e-03 9.999400e-01 1.659986e+01
9.998717e-01 1.386196e-03 -1.595561e-02 1.147730e+02 -1.351355e-03 9.999967e-01 2.194270e-03 7.488372e+00 1.595859e-02 -2.172427e-03 9.998703e-01 1.746343e+01
9.999330e-01 -9.197584e-04 1.154085e-02 1.147081e+02 9.401425e-04 9.999980e-01 -1.760917e-03 7.489089e+00 -1.153921e-02 1.771650e-03 9.999319e-01 1.843501e+01
9.998791e-01 1.371545e-03 -1.548939e-02 1.149163e+02 -1.337626e-03 9.999967e-01 2.199974e-03 7.477063e+00 1.549236e-02 -2.178989e-03 9.998776e-01 1.926146e+01
9.999385e-01 -8.332607e-04 1.106006e-02 1.147553e+02 8.512283e-04 9.999983e-01 -1.619908e-03 7.489961e+00 -1.105869e-02 1.629224e-03 9.999375e-01 2.002618e+01
9.998468e-01 2.293539e-03 -1.735456e-02 1.134001e+02 -2.245298e-03 9.999936e-01 2.798741e-03 7.552179e+00 1.736086e-02 -2.759346e-03 9.998455e-01 2.086116e+01
9.999311e-01 -1.151944e-03 1.168542e-02 1.123557e+02 1.172736e-03 9.999977e-01 -1.772650e-03 7.608431e+00 -1.168335e-02 1.786232e-03 9.999302e-01 2.236713e+01
9.998981e-01 2.573757e-03 -1.403941e-02 1.165068e+02 -2.503494e-03 9.999843e-01 5.020042e-03 7.611563e+00 1.405211e-02 -4.984383e-03 9.998888e-01 2.185548e+01
9.999262e-01 -1.738581e-03 1.202032e-02 1.211510e+02 1.759595e-03 9.999969e-01 -1.737824e-03 7.637174e+00 -1.201726e-02 1.758848e-03 9.999262e-01 2.040976e+01
9.998827e-01 2.360009e-03 -1.513214e-02 1.231371e+02 -2.307619e-03 9.999913e-01 3.478698e-03 7.651602e+00 1.514022e-02 -3.443371e-03 9.998795e-01 1.985078e+01
9.999225e-01 -2.011499e-03 1.228680e-02 1.248032e+02 2.037531e-03 9.999957e-01 -2.106522e-03 7.653952e+00 -1.228251e-02 2.131394e-03 9.999223e-01 1.936179e+01
9.998851e-01 2.250488e-03 -1.499326e-02 1.256052e+02 -2.208813e-03 9.999937e-01 2.795576e-03 7.629100e+00 1.499946e-02 -2.762138e-03 9.998837e-01 1.956091e+01
9.999270e-01 -2.015748e-03 1.191025e-02 1.259670e+02 2.044856e-03 9.999950e-01 -2.432200e-03 7.602593e+00 -1.190528e-02 2.456377e-03 9.999261e-01 1.996954e+01
9.998830e-01 2.280632e-03 -1.512329e-02 1.262658e+02 -2.239273e-03 9.999937e-01 2.751202e-03 7.577214e+00 1.512946e-02 -2.717015e-03 9.998819e-01 2.048103e+01
9.999221e-01 -1.810458e-03 1.235352e-02 1.273205e+02 1.835903e-03 9.999962e-01 -2.048631e-03 7.547125e+00 -1.234977e-02 2.071152e-03 9.999216e-01 2.092975e+01
9.998346e-01 2.846329e-03 -1.796329e-02 1.266558e+02 -2.799784e-03 9.999927e-01 2.615757e-03 7.588108e+00 1.797061e-02 -2.565032e-03 9.998352e-01 2.253983e+01
9.999403e-01 -1.869488e-03 1.076330e-02 1.258110e+02 1.888121e-03 9.999967e-01 -1.721243e-03 7.652042e+00 -1.076005e-02 1.741463e-03 9.999406e-01 2.437161e+01
9.999092e-01 2.426719e-03 -1.325775e-02 1.276385e+02 -2.386191e-03 9.999924e-01 3.071879e-03 7.636724e+00 1.326510e-02 -3.039965e-03 9.999074e-01 2.437209e+01
9.999421e-01 -2.033089e-03 1.056548e-02 1.290121e+02 2.054261e-03 9.999959e-01 -1.993418e-03 7.617190e+00 -1.056139e-02 2.015008e-03 9.999422e-01 2.452912e+01
9.999089e-01 2.409221e-03 -1.328205e-02 1.298039e+02 -2.375744e-03 9.999940e-01 2.535712e-03 7.585731e+00 1.328808e-02 -2.503927e-03 9.999086e-01 2.503154e+01
9.999390e-01 -2.104277e-03 1.084158e-02 1.306763e+02 2.124796e-03 9.999960e-01 -1.881486e-03 7.554319e+00 -1.083758e-02 1.904408e-03 9.999395e-01 2.543657e+01
9.999063e-01 2.508255e-03 -1.345636e-02 1.315687e+02 -2.476350e-03 9.999941e-01 2.387201e-03 7.513044e+00 1.346226e-02 -2.353655e-03 9.999066e-01 2.617443e+01
9.999442e-01 -1.979034e-03 1.038080e-02 1.322110e+02 2.000278e-03 9.999959e-01 -2.036428e-03 7.478832e+00 -1.037673e-02 2.057079e-03 9.999440e-01 2.726014e+01
9.999010e-01 2.458825e-03 -1.385717e-02 1.327064e+02 -2.424191e-03 9.999939e-01 2.515615e-03 7.453313e+00 1.386327e-02 -2.481774e-03 9.999008e-01 2.817680e+01
9.999505e-01 -1.837788e-03 9.778529e-03 1.331342e+02 1.856523e-03 9.999965e-01 -1.907128e-03 7.443917e+00 -9.774990e-03 1.925188e-03 9.999504e-01 2.915447e+01
9.999004e-01 2.425012e-03 -1.390012e-02 1.334243e+02 -2.391622e-03 9.999942e-01 2.418304e-03 7.434168e+00 1.390590e-02 -2.384820e-03 9.999005e-01 3.019270e+01
9.999481e-01 -1.876870e-03 1.001252e-02 1.339324e+02 1.895409e-03 9.999965e-01 -1.842453e-03 7.416672e+00 -1.000903e-02 1.861336e-03 9.999482e-01 3.113959e+01
9.998990e-01 2.381539e-03 -1.400793e-02 1.342178e+02 -2.349245e-03 9.999945e-01 2.321491e-03 7.403918e+00 1.401338e-02 -2.288349e-03 9.998992e-01 3.210346e+01
9.999444e-01 -2.042311e-03 1.034608e-02 1.346349e+02 2.059452e-03 9.999965e-01 -1.646399e-03 7.394174e+00 -1.034268e-02 1.667616e-03 9.999451e-01 3.254583e+01
9.999051e-01 2.270903e-03 -1.359100e-02 1.354399e+02 -2.236755e-03 9.999943e-01 2.527195e-03 7.389945e+00 1.359666e-02 -2.496555e-03 9.999044e-01 3.230788e+01
9.999402e-01 -1.996050e-03 1.075045e-02 1.363231e+02 2.015089e-03 9.999964e-01 -1.760370e-03 7.370666e+00 -1.074690e-02 1.781928e-03 9.999407e-01 3.239372e+01
9.999062e-01 2.276344e-03 -1.350852e-02 1.371646e+02 -2.242739e-03 9.999944e-01 2.502329e-03 7.347826e+00 1.351414e-02 -2.471799e-03 9.999056e-01 3.258402e+01
9.999443e-01 -1.915752e-03 1.038257e-02 1.378261e+02 1.936960e-03 9.999961e-01 -2.033006e-03 7.317581e+00 -1.037863e-02 2.053004e-03 9.999440e-01 3.317999e+01
9.998869e-01 2.498421e-03 -1.483044e-02 1.377005e+02 -2.461890e-03 9.999939e-01 2.481037e-03 7.321855e+00 1.483655e-02 -2.444246e-03 9.998869e-01 3.431468e+01
9.999528e-01 -1.777459e-03 9.547895e-03 1.372768e+02 1.796396e-03 9.999964e-01 -1.975181e-03 7.344277e+00 -9.544350e-03 1.992240e-03 9.999525e-01 3.567048e+01
9.998816e-01 2.541962e-03 -1.517927e-02 1.366849e+02 -2.503044e-03 9.999935e-01 2.582386e-03 7.379705e+00 1.518573e-02 -2.544087e-03 9.998815e-01 3.708559e+01
9.999513e-01 -1.765560e-03 9.705965e-03 1.362241e+02 1.786205e-03 9.999962e-01 -2.118764e-03 7.402035e+00 -9.702186e-03 2.135999e-03 9.999507e-01 3.864898e+01
9.999028e-01 2.431503e-03 -1.372512e-02 1.364953e+02 -2.398326e-03 9.999942e-01 2.433249e-03 7.383447e+00 1.373096e-02 -2.400095e-03 9.999028e-01 4.011434e+01
9.999386e-01 -1.893881e-03 1.091644e-02 1.374579e+02 1.913874e-03 9.999965e-01 -1.821266e-03 7.344176e+00 -1.091295e-02 1.842047e-03 9.999388e-01 4.106014e+01
9.998774e-01 3.092430e-03 -1.534711e-02 1.407211e+02 -3.018046e-03 9.999836e-01 4.867594e-03 7.417907e+00 1.536191e-02 -4.820680e-03 9.998704e-01 3.882339e+01
9.999405e-01 -1.742088e-03 1.076823e-02 1.457165e+02 1.750470e-03 9.999982e-01 -7.690597e-04 7.565709e+00 -1.076687e-02 7.878640e-04 9.999417e-01 3.462954e+01
9.998735e-01 3.164580e-03 -1.558991e-02 1.495994e+02 -3.104964e-03 9.999878e-01 3.846780e-03 7.638139e+00 1.560189e-02 -3.797888e-03 9.998711e-01 3.281465e+01
9.999595e-01 -1.292921e-03 8.904120e-03 1.529295e+02 1.293053e-03 9.999992e-01 -8.973332e-06 7.741056e+00 -8.904101e-03 2.048706e-05 9.999604e-01 3.193247e+01
