9.999930e-01 8.256826e-05 -3.743209e-03 7.414313e-02 -8.200586e-05 1.000000e+00 1.504056e-04 -1.064103e-02 3.743221e-03 -1.500983e-04 9.999930e-01 4.438181e-01
1.000000e+00 -1.405697e-05 -9.051120e-05 -5.806922e-02 1.408079e-05 1.000000e+00 2.628665e-04 -8.560254e-03 9.050784e-05 -2.628670e-04 1.000000e+00 4.690518e-01
9.999924e-01 7.837091e-05 -3.889141e-03 -6.764140e-02 -7.797119e-05 1.000000e+00 1.029368e-04 -5.940098e-03 3.889149e-03 -1.026335e-04 9.999924e-01 4.568312e-01
1.000000e+00 3.780960e-05 5.334265e-05 -2.378942e-01 -3.781366e-05 1.000000e+00 7.661153e-05 -6.261617e-03 -5.333941e-05 -7.661283e-05 1.000000e+00 9.355206e-01
9.999884e-01 2.354926e-04 -4.815666e-03 -9.061593e-01 -2.350218e-04 1.000000e+00 9.833034e-05 2.307612e-02 4.815689e-03 -9.719812e-05 9.999884e-01 1.551130e+00
9.999999e-01 1.331468e-04 -3.222770e-04 -1.867045e+00 -1.330938e-04 1.000000e+00 1.641462e-04 6.566750e-02 3.222992e-04 -1.641026e-04 9.999999e-01 2.186760e+00
9.999886e-01 2.895747e-04 -4.771141e-03 -2.975661e+00 -2.879981e-04 9.999999e-01 3.311332e-04 1.134598e-01 4.771236e-03 -3.297560e-04 9.999886e-01 2.515130e+00
9.999999e-01 7.521027e-06 4.641144e-04 -3.751228e+00 -7.649900e-06 1.000000e+00 2.777504e-04 1.392973e-01 -4.641119e-04 -2.777532e-04 9.999999e-01 2.533552e+00
9.999920e-01 2.133991e-05 -4.008448e-03 -3.593644e+00 -2.113389e-05 1.000000e+00 5.144691e-05 1.301072e-01 4.008449e-03 -5.136250e-05 9.999920e-01 2.643372e+00
9.999999e-01 1.074104e-04 3.742154e-04 -3.789255e+00 -1.074985e-04 1.000000e+00 2.355898e-04 1.255326e-01 -3.741897e-04 -2.356293e-04 9.999999e-01 2.972120e+00
9.999861e-01 1.927601e-04 -5.263226e-03 -4.396284e+00 -1.928540e-04 1.000000e+00 -1.732107e-05 1.572474e-01 5.263223e-03 1.833515e-05 9.999861e-01 3.555551e+00
9.999998e-01 -6.412699e-05 6.995942e-04 -4.728934e+00 6.406327e-05 1.000000e+00 9.116316e-05 1.722765e-01 -6.995997e-04 -9.111760e-05 9.999998e-01 4.146619e+00
9.999891e-01 2.336713e-04 -4.671876e-03 -4.930683e+00 -2.333760e-04 1.000000e+00 6.374878e-05 1.742720e-01 4.671890e-03 -6.265849e-05 9.999891e-01 4.811780e+00
9.999999e-01 -1.245378e-04 4.986949e-04 -4.815035e+00 1.245032e-04 1.000000e+00 6.957178e-05 1.716626e-01 -4.987032e-04 -6.950897e-05 9.999999e-01 5.297629e+00
9.999873e-01 1.691810e-04 -5.031733e-03 -4.310307e+00 -1.680025e-04 1.000000e+00 2.346566e-04 1.592953e-01 5.031772e-03 -2.338090e-04 9.999873e-01 5.791552e+00
1.000000e+00 6.682920e-05 -1.860826e-04 -4.409289e+00 -6.688909e-05 9.999999e-01 -3.220947e-04 1.641280e-01 1.860614e-04 3.221079e-04 9.999999e-01 6.959035e+00
9.999897e-01 7.074922e-05 -4.539253e-03 -4.452403e+00 -7.005776e-05 1.000000e+00 1.524976e-04 1.617571e-01 4.539263e-03 -1.521788e-04 9.999897e-01 8.064421e+00
9.999995e-01 -8.275698e-06 9.771433e-04 -4.281694e+00 8.454023e-06 1.000000e+00 -1.824401e-04 1.340217e-01 -9.771414e-04 1.824490e-04 9.999995e-01 8.934120e+00
9.999898e-01 1.093701e-04 -4.506096e-03 -4.062818e+00 -1.079957e-04 9.999999e-01 3.052617e-04 1.045096e-01 4.506129e-03 -3.047727e-04 9.999898e-01 9.688767e+00
9.999998e-01 -5.931121e-05 6.327086e-04 -3.721904e+00 5.939395e-05 1.000000e+00 -1.306685e-04 7.846716e-02 -6.327005e-04 1.307068e-04 9.999998e-01 1.027032e+01
9.999919e-01 2.346135e-05 -4.026160e-03 -3.208832e+00 -2.201229e-05 9.999999e-01 3.599675e-04 5.092423e-02 4.026168e-03 -3.598767e-04 9.999918e-01 1.067706e+01
9.999998e-01 2.332406e-05 6.684302e-04 -2.653044e+00 -2.327806e-05 1.000000e+00 -6.873233e-05 1.649726e-02 -6.684315e-04 6.871746e-05 9.999998e-01 1.111783e+01
9.999910e-01 -9.064514e-05 -4.244636e-03 -2.087102e+00 9.207561e-05 9.999999e-01 3.368255e-04 6.810955e-03 4.244605e-03 -3.372140e-04 9.999909e-01 1.086689e+01
9.999998e-01 5.461817e-05 6.112984e-04 -1.612828e+00 -5.458957e-05 1.000000e+00 -4.671704e-05 1.346396e-03 -6.113006e-04 4.668437e-05 9.999998e-01 1.041936e+01
9.999905e-01 -2.321952e-06 -4.356639e-03 -1.062201e+00 3.873922e-06 9.999999e-01 3.562359e-04 -2.474713e-02 4.356637e-03 -3.562501e-04 9.999904e-01 1.083328e+01
9.999997e-01 5.394460e-06 8.043560e-04 -6.709500e-01 -5.243209e-06 1.000000e+00 -1.879668e-04 -4.466295e-02 -8.043567e-04 1.879633e-04 9.999997e-01 1.124090e+01
9.999883e-01 -1.308209e-05 -4.843056e-03 -3.316391e-01 1.550927e-05 9.999999e-01 5.011427e-04 -3.775781e-02 4.843049e-03 -5.012127e-04 9.999881e-01 1.037966e+01
9.999995e-01 2.950985e-05 1.038315e-03 3.269629e-02 -2.938553e-05 1.000000e+00 -1.196930e-04 -3.974081e-02 -1.038319e-03 1.196631e-04 9.999995e-01 9.859221e+00
9.999876e-01 1.313112e-05 -4.983408e-03 4.515168e-01 -1.137709e-05 9.999999e-01 3.520147e-04 -6.054748e-02 4.983412e-03 -3.519543e-04 9.999875e-01 1.027034e+01
1.000000e+00 2.215353e-04 -9.858928e-05 -9.476855e-03 -2.215490e-04 1.000000e+00 -1.396908e-04 -3.345083e-02 9.855867e-05 1.397134e-04 1.000000e+00 1.090683e+01
9.999911e-01 -8.667605e-05 -4.212339e-03 -2.641339e-01 8.831245e-05 9.999999e-01 3.883089e-04 -1.963917e-02 4.212305e-03 -3.886782e-04 9.999911e-01 1.120324e+01
9.999999e-01 2.116402e-04 3.481940e-04 -3.593058e-01 -2.115822e-04 1.000000e+00 -1.665215e-04 -2.336165e-02 -3.482289e-04 1.664485e-04 9.999999e-01 1.171215e+01
9.999914e-01 -1.643008e-04 -4.143811e-03 -2.824197e-01 1.651973e-04 1.000000e+00 2.160001e-04 -3.537100e-02 4.143775e-03 -2.166835e-04 9.999914e-01 1.219974e+01
9.999996e-01 1.598637e-04 8.879024e-04 2.361262e-02 -1.598857e-04 1.000000e+00 2.479363e-05 -5.700590e-02 -8.878981e-04 -2.493488e-05 9.999996e-01 1.245616e+01
9.999911e-01 -1.334820e-04 -4.213413e-03 2.735032e-01 1.339418e-04 1.000000e+00 1.088508e-04 -8.107671e-02 4.213398e-03 -1.094149e-04 9.999911e-01 1.291704e+01
9.999996e-01 2.132488e-04 8.285793e-04 4.166531e-01 -2.132477e-04 1.000000e+00 -1.330445e-06 -1.065374e-01 -8.285793e-04 1.154462e-06 9.999997e-01 1.355218e+01
9.999905e-01 -1.682185e-04 -4.353361e-03 4.785039e-01 1.690183e-04 1.000000e+00 1.833711e-04 -1.213559e-01 4.353329e-03 -1.841059e-04 9.999905e-01 1.383453e+01
9.999998e-01 4.942700e-04 -4.256297e-04 -3.132308e-01 -4.941581e-04 9.999998e-01 2.626177e-04 -8.707924e-02 4.257597e-04 -2.624066e-04 9.999999e-01 1.411443e+01
9.999874e-01 -2.693602e-04 -5.008792e-03 -9.353395e-01 2.684700e-04 9.999999e-01 -1.784009e-04 -4.927911e-02 5.008840e-03 1.770533e-04 9.999874e-01 1.487250e+01
9.999994e-01 3.350008e-04 1.034821e-03 -3.154123e-01 -3.356061e-04 9.999998e-01 5.849241e-04 -7.475295e-02 -1.034624e-03 -5.852704e-04 9.999993e-01 1.517233e+01
9.999881e-01 -3.721006e-04 -4.873812e-03 9.266039e-01 3.717413e-04 9.999999e-01 -7.460763e-05 -1.068310e-01 4.873839e-03 7.279423e-05 9.999881e-01 1.546880e+01
9.999992e-01 2.903756e-04 1.269644e-03 1.610565e+00 -2.908929e-04 9.999999e-01 4.073453e-04 -1.256655e-01 -1.269525e-03 -4.077135e-04 9.999991e-01 1.556038e+01
9.999889e-01 -3.151192e-04 -4.709009e-03 1.844419e+00 3.146398e-04 9.999999e-01 -1.025383e-04 -1.398075e-01 4.709041e-03 1.010548e-04 9.999889e-01 1.572562e+01
9.999998e-01 4.284829e-04 4.752743e-04 1.613305e+00 -4.285629e-04 9.999999e-01 1.684404e-04 -1.308817e-01 -4.752018e-04 -1.686433e-04 9.999999e-01 1.621071e+01
9.999898e-01 -2.373967e-04 -4.503377e-03 1.168478e+00 2.380624e-04 1.000000e+00 1.473181e-04 -1.205188e-01 4.503342e-03 -1.483894e-04 9.999898e-01 1.649673e+01
9.999999e-01 4.781011e-04 -1.253058e-04 7.753752e-01 -4.781128e-04 9.999999e-01 -9.427091e-05 -1.043452e-01 1.252611e-04 9.433152e-05 1.000000e+00 1.740158e+01
9.999889e-01 -1.700181e-04 -4.717568e-03 1.487273e-01 1.714466e-04 9.999999e-01 3.024192e-04 -8.037779e-02 4.717516e-03 -3.032254e-04 9.999888e-01 1.803833e+01
9.999997e-01 5.992757e-04 -4.241273e-04 -9.857926e-01 -5.991717e-04 9.999998e-01 2.450547e-04 -3.289279e-02 4.242744e-04 -2.447998e-04 9.999999e-01 1.824866e+01
9.999896e-01 -2.967897e-04 -4.541178e-03 -1.708478e+00 2.971339e-04 1.000000e+00 7.514334e-05 3.533678e-03 4.541155e-03 -7.649261e-05 9.999897e-01 1.866469e+01
9.999996e-01 6.212284e-04 -6.001746e-04 -2.490537e+00 -6.210986e-04 9.999998e-01 2.163016e-04 4.586380e-02 6.003092e-04 -2.159281e-04 9.999998e-01 1.915184e+01
9.999860e-01 -1.574741e-04 -5.297245e-03 -3.634228e+00 1.580558e-04 1.000000e+00 1.094093e-04 1.125140e-01 5.297228e-03 -1.102457e-04 9.999860e-01 1.979706e+01
9.999999e-01 4.126513e-04 -1.906253e-04 -4.314418e+00 -4.126479e-04 9.999999e-01 1.736479e-05 1.552369e-01 1.906328e-04 -1.728542e-05 1.000000e+00 2.052145e+01
9.999921e-01 -2.894260e-04 -3.952528e-03 -4.576634e+00 2.900103e-04 9.999999e-01 1.472774e-04 1.645777e-01 3.952485e-03 -1.484233e-04 9.999922e-01 2.091588e+01
9.999999e-01 3.380365e-04 1.325008e-04 -4.592869e+00 -3.380247e-04 9.999999e-01 -8.822095e-05 1.531105e-01 -1.325303e-04 8.817686e-05 1.000000e+00 2.146435e+01
9.999921e-01 -2.809909e-04 -3.963973e-03 -4.520374e+00 2.814844e-04 1.000000e+00 1.239516e-04 1.338038e-01 3.963937e-03 -1.250671e-04 9.999921e-01 2.213325e+01
1.000000e+00 2.974603e-04 2.923386e-05 -4.546409e+00 -2.974582e-04 1.000000e+00 -6.676843e-05 1.268576e-01 -2.925339e-05 6.676044e-05 1.000000e+00 2.265135e+01
9.999891e-01 5.701127e-06 -4.672065e-03 -5.357743e+00 -3.313461e-06 9.999999e-01 5.110817e-04 1.601048e-01 4.672067e-03 -5.110613e-04 9.999890e-01 2.286754e+01
9.999999e-01 4.145674e-04 -2.410804e-04 -6.425702e+00 -4.145428e-04 9.999999e-01 1.015547e-04 2.069276e-01 2.411228e-04 -1.014541e-04 1.000000e+00 2.303807e+01
9.999902e-01 -1.327061e-04 -4.430617e-03 -7.009008e+00 1.328087e-04 1.000000e+00 2.288402e-05 2.294435e-01 4.430614e-03 -2.347293e-05 9.999902e-01 2.373207e+01
9.999999e-01 2.036743e-04 4.576469e-04 -6.566705e+00 -2.036971e-04 1.000000e+00 4.990138e-05 2.137051e-01 -4.576364e-04 -4.999389e-05 9.999999e-01 2.426494e+01
9.999909e-01 -1.067740e-04 -4.271226e-03 -6.188521e+00 1.072987e-04 1.000000e+00 1.226284e-04 1.863190e-01 4.271212e-03 -1.230863e-04 9.999909e-01 2.503290e+01
9.999998e-01 1.370820e-04 6.105450e-04 -6.032504e+00 -1.369950e-04 1.000000e+00 -1.423464e-04 1.620922e-01 -6.105642e-04 1.422634e-04 9.999998e-01 2.578111e+01
9.999836e-01 1.213434e-04 -5.719628e-03 -6.593497e+00 -1.200165e-04 1.000000e+00 2.323585e-04 1.940951e-01 5.719656e-03 -2.316690e-04 9.999836e-01 2.650866e+01
9.999998e-01 8.420768e-05 5.553876e-04 -7.169043e+00 -8.408642e-05 1.000000e+00 -2.181426e-04 2.268845e-01 -5.554056e-04 2.180966e-04 9.999998e-01 2.726300e+01
9.999900e-01 1.107194e-04 -4.473142e-03 -7.439284e+00 -1.091863e-04 9.999999e-01 3.430102e-04 2.264097e-01 4.473180e-03 -3.425190e-04 9.999899e-01 2.791443e+01
1.000000e+00 2.654612e-04 1.018538e-04 -8.257353e+00 -2.654795e-04 9.999999e-01 1.813275e-04 2.582380e-01 -1.018053e-04 -1.813538e-04 1.000000e+00 2.813560e+01
9.999865e-01 2.299623e-04 -5.188234e-03 -9.434270e+00 -2.270500e-04 9.999998e-01 5.619228e-04 3.082758e-01 5.188362e-03 -5.607379e-04 9.999864e-01 2.822948e+01
9.999998e-01 1.403416e-04 6.616910e-04 -9.740210e+00 -1.402606e-04 1.000000e+00 -1.223160e-04 3.303933e-01 -6.617079e-04 1.222238e-04 9.999998e-01 2.856051e+01
9.999908e-01 3.375533e-05 -4.279046e-03 -9.551267e+00 -3.291249e-05 1.000000e+00 1.970686e-04 3.076729e-01 4.279052e-03 -1.969266e-04 9.999908e-01 2.958615e+01
1.000000e+00 1.123743e-04 1.903545e-04 -9.505598e+00 -1.123141e-04 9.999999e-01 -3.154142e-04 2.890950e-01 -1.903896e-04 3.153935e-04 9.999999e-01 3.072781e+01
9.999869e-01 1.318280e-04 -5.119878e-03 -9.925750e+00 -1.297594e-04 9.999999e-01 4.043996e-04 3.084693e-01 5.119930e-03 -4.037307e-04 9.999868e-01 3.155831e+01
9.999999e-01 1.886094e-04 -4.029029e-04 -1.072828e+01 -1.886727e-04 1.000000e+00 -1.573933e-04 3.551908e-01 4.028736e-04 1.574700e-04 9.999999e-01 3.217785e+01
9.999918e-01 -2.195408e-05 -4.047560e-03 -1.098998e+01 2.185395e-05 1.000000e+00 -2.475018e-05 3.590656e-01 4.047561e-03 2.466082e-05 9.999918e-01 3.322718e+01
1.000000e+00 1.770741e-04 -6.961455e-05 -1.117677e+01 -1.770690e-04 1.000000e+00 7.167912e-05 3.568648e-01 6.962756e-05 -7.166609e-05 1.000000e+00 3.403367e+01
9.999912e-01 -1.480158e-05 -4.195286e-03 -1.138047e+01 1.553114e-05 1.000000e+00 1.739006e-04 3.634963e-01 4.195283e-03 -1.739649e-04 9.999912e-01 3.451370e+01
9.999999e-01 2.983843e-04 -1.180058e-04 -1.202027e+01 -2.983388e-04 9.999999e-01 3.843384e-04 3.858726e-01 1.181207e-04 -3.843025e-04 9.999999e-01 3.457507e+01
9.999908e-01 -7.485282e-05 -4.283327e-03 -1.262162e+01 7.499297e-05 1.000000e+00 3.259031e-05 4.094654e-01 4.283324e-03 -3.291193e-05 9.999908e-01 3.479255e+01
9.999999e-01 1.103050e-04 5.295840e-04 -1.210700e+01 -1.104243e-04 1.000000e+00 2.255679e-04 3.945182e-01 -5.295588e-04 -2.256256e-04 9.999998e-01 3.503423e+01
9.999900e-01 -2.257997e-04 -4.461283e-03 -1.136252e+01 2.252612e-04 1.000000e+00 -1.211601e-04 3.921059e-01 4.461310e-03 1.201533e-04 9.999900e-01 3.503280e+01
9.999999e-01 4.366140e-04 1.762621e-05 -1.165293e+01 -4.366166e-04 9.999999e-01 1.577650e-04 4.013323e-01 -1.755701e-05 -1.577720e-04 1.000000e+00 3.597323e+01
9.999900e-01 -2.595503e-04 -4.464010e-03 -1.184623e+01 2.579564e-04 9.999999e-01 -3.575970e-04 4.043138e-01 4.464102e-03 3.564412e-04 9.999900e-01 3.711791e+01
9.999996e-01 3.787550e-04 7.663946e-04 -1.159674e+01 -3.790590e-04 9.999998e-01 3.967453e-04 3.724145e-01 -7.662439e-04 -3.970350e-04 9.999996e-01 3.805318e+01
9.999812e-01 -1.025496e-04 -6.136165e-03 -1.210150e+01 9.992583e-05 9.999999e-01 -4.278716e-04 3.993113e-01 6.136208e-03 4.272497e-04 9.999811e-01 3.912532e+01
9.999998e-01 3.197244e-04 4.615255e-04 -1.270306e+01 -3.198865e-04 9.999999e-01 3.515212e-04 4.356660e-01 -4.614128e-04 -3.516681e-04 9.999998e-01 4.015939e+01
9.999891e-01 -2.147161e-04 -4.672203e-03 -1.286640e+01 2.131369e-04 9.999999e-01 -3.384640e-04 4.351518e-01 4.672275e-03 3.374638e-04 9.999890e-01 4.086364e+01
9.999999e-01 5.372131e-04 -2.382882e-05 -1.370137e+01 -5.371929e-04 9.999995e-01 8.314331e-04 4.696828e-01 2.427578e-05 -8.314195e-04 9.999997e-01 4.107906e+01
9.999866e-01 -1.956298e-04 -5.177470e-03 -1.448669e+01 1.931156e-04 9.999999e-01 -4.860862e-04 5.130301e-01 5.177564e-03 4.850791e-04 9.999865e-01 4.155856e+01
9.999998e-01 5.708589e-04 -3.162554e-04 -1.542579e+01 -5.705877e-04 9.999995e-01 8.564776e-04 5.648241e-01 3.167445e-04 -8.562963e-04 9.999996e-01 4.205900e+01
9.999887e-01 -8.899710e-05 -4.743819e-03 -1.667364e+01 8.831348e-05 1.000000e+00 -1.442853e-04 6.188895e-01 4.743832e-03 1.438641e-04 9.999887e-01 4.216126e+01
9.999999e-01 4.292364e-04 1.127011e-04 -1.756706e+01 -4.293162e-04 9.999997e-01 7.097561e-04 6.544841e-01 -1.123961e-04 -7.098037e-04 9.999997e-01 4.229155e+01
9.999895e-01 -2.245634e-04 -4.566832e-03 -1.790004e+01 2.222012e-04 9.999998e-01 -5.177184e-04 6.678169e-01 4.566947e-03 5.166975e-04 9.999894e-01 4.288737e+01
9.999998e-01 2.818539e-04 5.011548e-04 -1.791746e+01 -2.821543e-04 9.999998e-01 5.997090e-04 6.607902e-01 -5.009853e-04 -5.998496e-04 9.999997e-01 4.345420e+01
9.999916e-01 -1.933599e-04 -4.086565e-03 -1.797018e+01 1.920481e-04 9.999999e-01 -3.213387e-04 6.530494e-01 4.086626e-03 3.205505e-04 9.999916e-01 4.373692e+01
9.999999e-01 2.714790e-04 4.115184e-04 -1.808101e+01 -2.716844e-04 9.999998e-01 4.995884e-04 6.476709e-01 -4.113824e-04 -4.996995e-04 9.999998e-01 4.406621e+01
9.999914e-01 -1.651081e-04 -4.134871e-03 -1.827180e+01 1.640532e-04 1.000000e+00 -2.554205e-04 6.436371e-01 4.134913e-03 2.547393e-04 9.999914e-01 4.434023e+01
9.999999e-01 2.874147e-04 2.962967e-04 -1.858310e+01 -2.875865e-04 9.999998e-01 5.803409e-04 6.453301e-01 -2.961295e-04 -5.804254e-04 9.999998e-01 4.450206e+01
9.999913e-01 -1.556897e-04 -4.162258e-03 -1.889494e+01 1.545676e-04 1.000000e+00 -2.698479e-04 6.469785e-01 4.162300e-03 2.692015e-04 9.999913e-01 4.470059e+01
9.999999e-01 3.555299e-04 2.440948e-04 -1.927807e+01 -3.556822e-04 9.999997e-01 6.250600e-04 6.533401e-01 -2.438722e-04 -6.251461e-04 9.999998e-01 4.507733e+01
9.999931e-01 -1.516776e-04 -3.701465e-03 -1.933502e+01 1.493124e-04 9.999998e-01 -6.391895e-04 6.403396e-01 3.701560e-03 6.386318e-04 9.999929e-01 4.609620e+01
9.999999e-01 1.643815e-04 4.268855e-04 -1.885791e+01 -1.647895e-04 9.999995e-01 9.563436e-04 6.161610e-01 -4.267278e-04 -9.564132e-04 9.999995e-01 4.636188e+01
9.999931e-01 -1.010199e-04 -3.711569e-03 -1.860135e+01 9.839745e-05 9.999997e-01 -7.066920e-04 5.915284e-01 3.711639e-03 7.063212e-04 9.999929e-01 4.678239e+01
9.999999e-01 1.760259e-04 2.944785e-04 -1.833598e+01 -1.762913e-04 9.999996e-01 9.020557e-04 5.646385e-01 -2.943193e-04 -9.021069e-04 9.999995e-01 4.732675e+01
9.999930e-01 -9.586377e-05 -3.736976e-03 -1.786393e+01 9.307975e-05 9.999997e-01 -7.451147e-04 5.323471e-01 3.737046e-03 7.447610e-04 9.999927e-01 4.801880e+01
1.000000e+00 1.945599e-04 7.572352e-05 -1.779464e+01 -1.946257e-04 9.999996e-01 8.713792e-04 5.159210e-01 -7.555365e-05 -8.713933e-04 9.999996e-01 4.862015e+01
9.999911e-01 -2.088348e-05 -4.230465e-03 -1.819727e+01 1.829124e-05 9.999998e-01 -6.127516e-04 5.265923e-01 4.230476e-03 6.126681e-04 9.999909e-01 4.901700e+01
9.999999e-01 1.316530e-04 3.642073e-04 -1.812287e+01 -1.319339e-04 9.999997e-01 7.718309e-04 5.151341e-01 -3.641053e-04 -7.718782e-04 9.999996e-01 4.954984e+01
9.999909e-01 -5.975074e-05 -4.266420e-03 -1.812875e+01 5.805291e-05 9.999999e-01 -3.980338e-04 5.210046e-01 4.266443e-03 3.977818e-04 9.999908e-01 4.846324e+01
9.999999e-01 3.965316e-04 -8.301617e-05 -1.849360e+01 -3.964433e-04 9.999994e-01 1.058626e-03 5.435794e-01 8.343620e-05 -1.058592e-03 9.999994e-01 4.631968e+01
9.999939e-01 -3.139390e-04 -3.488763e-03 -1.861506e+01 3.119310e-04 9.999998e-01 -5.760431e-04 5.434298e-01 3.488943e-03 5.749506e-04 9.999937e-01 4.553016e+01
9.999996e-01 3.783114e-04 -8.054930e-04 -1.839341e+01 -3.776214e-04 9.999996e-01 8.563139e-04 5.564565e-01 8.058169e-04 -8.560087e-04 9.999993e-01 4.423291e+01
9.999952e-01 -1.728418e-04 -3.108423e-03 -1.860514e+01 1.719656e-04 9.999999e-01 -2.821087e-04 5.663100e-01 3.108472e-03 2.815721e-04 9.999951e-01 4.284093e+01
9.999995e-01 3.777271e-04 -9.729311e-04 -1.891779e+01 -3.768980e-04 9.999996e-01 8.520490e-04 5.743130e-01 9.732528e-04 -8.516811e-04 9.999992e-01 4.156911e+01
9.999964e-01 -3.178273e-04 -2.656982e-03 -1.894894e+01 3.165742e-04 9.999998e-01 -4.719739e-04 5.751065e-01 2.657131e-03 4.711304e-04 9.999964e-01 4.085477e+01
9.999990e-01 5.437981e-04 -1.276155e-03 -1.956098e+01 -5.428797e-04 9.999996e-01 7.197305e-04 5.862786e-01 1.276546e-03 -7.190363e-04 9.999989e-01 4.133236e+01
9.999960e-01 -2.325059e-04 -2.822971e-03 -2.046535e+01 2.321270e-04 1.000000e+00 -1.344658e-04 6.155371e-01 2.823002e-03 1.338093e-04 9.999960e-01 4.134133e+01
9.999995e-01 3.019836e-04 -9.858726e-04 -2.061248e+01 -3.015607e-04 9.999999e-01 4.289262e-04 6.166776e-01 9.860023e-04 -4.286280e-04 9.999994e-01 4.129630e+01
9.999958e-01 -2.665498e-04 -2.881833e-03 -2.027234e+01 2.663551e-04 1.000000e+00 -6.787536e-05 6.138166e-01 2.881851e-03 6.710680e-05 9.999958e-01 4.078112e+01
9.999997e-01 2.543735e-04 -7.074746e-04 -1.962105e+01 -2.540745e-04 9.999999e-01 4.223350e-04 5.919891e-01 7.075822e-04 -4.221545e-04 9.999997e-01 4.091124e+01
9.999950e-01 -1.891695e-04 -3.152623e-03 -1.939387e+01 1.882596e-04 9.999999e-01 -2.888494e-04 5.757701e-01 3.152678e-03 2.882537e-04 9.999950e-01 4.146399e+01
1.000000e+00 1.273520e-04 -2.141172e-04 -1.862725e+01 -1.272282e-04 9.999998e-01 5.772480e-04 5.545953e-01 2.141910e-04 -5.772200e-04 9.999998e-01 4.155870e+01
9.999950e-01 -2.262105e-04 -3.155935e-03 -1.790181e+01 2.250875e-04 9.999999e-01 -3.561032e-04 5.327131e-01 3.156015e-03 3.553904e-04 9.999950e-01 4.168852e+01
9.999997e-01 2.374791e-04 -7.052731e-04 -1.767553e+01 -2.369640e-04 9.999997e-01 7.300413e-04 5.395639e-01 7.054466e-04 -7.298733e-04 9.999995e-01 4.073717e+01
9.999953e-01 -1.684405e-04 -3.047381e-03 -1.786531e+01 1.676743e-04 1.000000e+00 -2.516008e-04 5.426209e-01 3.047423e-03 2.510880e-04 9.999953e-01 4.027525e+01
9.999994e-01 3.390152e-04 -1.032987e-03 -1.835954e+01 -3.382703e-04 9.999997e-01 7.210071e-04 5.558454e-01 1.033232e-03 -7.206566e-04 9.999992e-01 4.029354e+01
9.999967e-01 -3.530972e-04 -2.532777e-03 -1.832285e+01 3.520765e-04 9.999999e-01 -4.033143e-04 5.489643e-01 2.532918e-03 4.024206e-04 9.999967e-01 4.011032e+01
9.999990e-01 4.647661e-04 -1.304216e-03 -1.864085e+01 -4.635933e-04 9.999995e-01 8.992463e-04 5.504126e-01 1.304633e-03 -8.986402e-04 9.999987e-01 3.988121e+01
9.999966e-01 -4.446126e-04 -2.582482e-03 -1.864537e+01 4.430277e-04 9.999997e-01 -6.141699e-04 5.526651e-01 2.582754e-03 6.130229e-04 9.999965e-01 3.974827e+01
9.999990e-01 4.894500e-04 -1.325166e-03 -1.883394e+01 -4.881337e-04 9.999994e-01 9.932772e-04 5.546664e-01 1.325652e-03 -9.926286e-04 9.999986e-01 3.953899e+01
9.999971e-01 -4.388064e-04 -2.358853e-03 -1.856347e+01 4.373115e-04 9.999997e-01 -6.341082e-04 5.397955e-01 2.359131e-03 6.330741e-04 9.999970e-01 3.947386e+01
9.999996e-01 3.429974e-04 -8.835283e-04 -1.805082e+01 -3.422079e-04 9.999995e-01 8.933255e-04 5.185148e-01 8.838346e-04 -8.930221e-04 9.999992e-01 3.959026e+01
9.999962e-01 -3.453651e-04 -2.722502e-03 -1.775195e+01 3.437176e-04 9.999998e-01 -6.055096e-04 5.135314e-01 2.722710e-03 6.045709e-04 9.999961e-01 3.916215e+01
9.999996e-01 3.195976e-04 -8.529434e-04 -1.743276e+01 -3.187976e-04 9.999995e-01 9.376696e-04 5.139347e-01 8.532429e-04 -9.373966e-04 9.999992e-01 3.849723e+01
9.999965e-01 -3.221963e-04 -2.633595e-03 -1.683189e+01 3.202512e-04 9.999997e-01 -7.388764e-04 4.850029e-01 2.633832e-03 7.380297e-04 9.999963e-01 3.897923e+01
9.999997e-01 4.238395e-04 -7.088878e-04 -1.588991e+01 -4.231994e-04 9.999995e-01 9.026217e-04 4.341090e-01 7.092703e-04 -9.023207e-04 9.999993e-01 3.985639e+01
9.999970e-01 -4.730920e-04 -2.385969e-03 -1.523253e+01 4.713963e-04 9.999996e-01 -7.111081e-04 3.973658e-01 2.386304e-03 7.099806e-04 9.999969e-01 4.036773e+01
9.999994e-01 4.277383e-04 -1.051695e-03 -1.495174e+01 -4.267440e-04 9.999995e-01 9.452881e-04 3.876844e-01 1.052099e-03 -9.448380e-04 9.999990e-01 4.026626e+01
9.999976e-01 -4.629735e-04 -2.119821e-03 -1.463066e+01 4.615514e-04 9.999997e-01 -6.711956e-04 3.686422e-01 2.120131e-03 6.702149e-04 9.999975e-01 4.041795e+01
9.999992e-01 5.173593e-04 -1.132685e-03 -1.439590e+01 -5.165129e-04 9.999996e-01 7.472638e-04 3.374421e-01 1.133071e-03 -7.466775e-04 9.999991e-01 4.116854e+01
9.999975e-01 -4.368827e-04 -2.174706e-03 -1.426031e+01 4.352914e-04 9.999996e-01 -7.320408e-04 3.102621e-01 2.175025e-03 7.310917e-04 9.999974e-01 4.194003e+01
9.999990e-01 4.949680e-04 -1.293930e-03 -1.422224e+01 -4.938220e-04 9.999995e-01 8.856246e-04 2.952325e-01 1.294368e-03 -8.849841e-04 9.999988e-01 4.238667e+01
9.999976e-01 -4.111110e-04 -2.143117e-03 -1.419822e+01 4.091341e-04 9.999995e-01 -9.226982e-04 2.752867e-01 2.143495e-03 9.218185e-04 9.999973e-01 4.313523e+01
9.999987e-01 5.034206e-04 -1.543943e-03 -1.413617e+01 -5.018089e-04 9.999993e-01 1.043996e-03 2.588638e-01 1.544468e-03 -1.043219e-03 9.999983e-01 4.375235e+01
9.999973e-01 -3.655322e-04 -2.304173e-03 -1.435329e+01 3.635476e-04 9.999996e-01 -8.616124e-04 2.618134e-01 2.304487e-03 8.607717e-04 9.999970e-01 4.420091e+01
9.999977e-01 5.822363e-04 -2.068707e-03 -1.482438e+01 -5.798802e-04 9.999992e-01 1.139234e-03 2.810802e-01 2.069369e-03 -1.138031e-03 9.999972e-01 4.460898e+01
9.999968e-01 -3.960804e-04 -2.495364e-03 -1.521143e+01 3.934977e-04 9.999994e-01 -1.035301e-03 3.005812e-01 2.495772e-03 1.034315e-03 9.999964e-01 4.528883e+01
9.999988e-01 5.051610e-04 -1.485057e-03 -1.533852e+01 -5.035316e-04 9.999993e-01 1.097164e-03 3.006731e-01 1.485611e-03 -1.096414e-03 9.999983e-01 4.588464e+01
9.999965e-01 -3.646232e-04 -2.625162e-03 -1.563836e+01 3.615600e-04 9.999993e-01 -1.167151e-03 3.079388e-01 2.625585e-03 1.166197e-03 9.999959e-01 4.671218e+01
9.999996e-01 4.311370e-04 -8.333224e-04 -1.559785e+01 -4.300972e-04 9.999991e-01 1.247234e-03 2.890421e-01 8.338597e-04 -1.246875e-03 9.999989e-01 4.726359e+01
9.999957e-01 -4.983925e-04 -2.890208e-03 -1.513969e+01 4.958016e-04 9.999995e-01 -8.969755e-04 2.813530e-01 2.890653e-03 8.955380e-04 9.999954e-01 4.704462e+01
9.999993e-01 5.962302e-04 -1.035049e-03 -1.533519e+01 -5.950768e-04 9.999992e-01 1.114026e-03 2.860498e-01 1.035713e-03 -1.113409e-03 9.999988e-01 4.737914e+01
9.999942e-01 -3.701131e-04 -3.386563e-03 -1.582785e+01 3.667823e-04 9.999994e-01 -9.840327e-04 3.096038e-01 3.386925e-03 9.827842e-04 9.999938e-01 4.800078e+01
9.999984e-01 7.338103e-04 -1.645873e-03 -1.671236e+01 -7.322288e-04 9.999993e-01 9.611137e-04 3.523271e-01 1.646577e-03 -9.599063e-04 9.999982e-01 4.899942e+01
9.999966e-01 -3.876552e-04 -2.590001e-03 -1.733277e+01 3.846466e-04 9.999993e-01 -1.161940e-03 3.705699e-01 2.590449e-03 1.160939e-03 9.999960e-01 5.030057e+01
9.999987e-01 7.053125e-04 -1.430888e-03 -1.784716e+01 -7.040909e-04 9.999994e-01 8.538669e-04 3.815014e-01 1.431489e-03 -8.528577e-04 9.999986e-01 5.178795e+01
9.999967e-01 -4.001933e-04 -2.544260e-03 -1.829672e+01 3.972264e-04 9.999992e-01 -1.166393e-03 3.911444e-01 2.544725e-03 1.165378e-03 9.999961e-01 5.328444e+01
9.999964e-01 7.397848e-04 -2.593953e-03 -1.903314e+01 -7.370174e-04 9.999992e-01 1.067586e-03 4.319288e-01 2.594741e-03 -1.065670e-03 9.999961e-01 5.443942e+01
9.999986e-01 -5.498474e-04 -1.602778e-03 -1.929840e+01 5.480050e-04 9.999992e-01 -1.149582e-03 4.383754e-01 1.603408e-03 1.148701e-03 9.999981e-01 5.533734e+01
9.999983e-01 6.366185e-04 -1.721574e-03 -1.873606e+01 -6.342721e-04 9.999989e-01 1.363005e-03 4.035775e-01 1.722441e-03 -1.361910e-03 9.999976e-01 5.605038e+01
9.999985e-01 -5.745730e-04 -1.608302e-03 -1.851298e+01 5.726955e-04 9.999992e-01 -1.167423e-03 3.853153e-01 1.608971e-03 1.166499e-03 9.999980e-01 5.648620e+01
9.999968e-01 7.468322e-04 -2.411794e-03 -1.877028e+01 -7.435048e-04 9.999988e-01 1.380132e-03 3.932428e-01 2.412822e-03 -1.378334e-03 9.999961e-01 5.693245e+01
9.999987e-01 -6.405036e-04 -1.507411e-03 -1.887479e+01 6.385836e-04 9.999990e-01 -1.273688e-03 3.931548e-01 1.508225e-03 1.272723e-03 9.999981e-01 5.745661e+01
9.999980e-01 6.923472e-04 -1.851102e-03 -1.842417e+01 -6.894344e-04 9.999985e-01 1.573630e-03 3.669440e-01 1.852189e-03 -1.572350e-03 9.999970e-01 5.783365e+01
9.999982e-01 -5.158726e-04 -1.838250e-03 -1.861929e+01 5.130368e-04 9.999987e-01 -1.542654e-03 3.634068e-01 1.839043e-03 1.541707e-03 9.999971e-01 5.864573e+01
9.999943e-01 9.452389e-04 -3.229783e-03 -1.972185e+01 -9.390399e-04 9.999977e-01 1.920227e-03 4.133776e-01 3.231591e-03 -1.917182e-03 9.999929e-01 5.914277e+01
9.999992e-01 -6.093202e-04 -1.138326e-03 -2.048585e+01 6.076463e-04 9.999987e-01 -1.470048e-03 4.417854e-01 1.139220e-03 1.469355e-03 9.999983e-01 5.940107e+01
9.999940e-01 8.915189e-04 -3.339879e-03 -2.113303e+01 -8.851436e-04 9.999978e-01 1.909746e-03 4.702243e-01 3.341574e-03 -1.906777e-03 9.999926e-01 5.965219e+01
9.999982e-01 -5.927414e-04 -1.821457e-03 -2.180402e+01 5.897680e-04 9.999985e-01 -1.632359e-03 5.099409e-01 1.822421e-03 1.631282e-03 9.999970e-01 6.019710e+01
9.999952e-01 8.073139e-04 -2.987608e-03 -2.236019e+01 -8.018134e-04 9.999980e-01 1.841757e-03 5.419180e-01 2.989089e-03 -1.839352e-03 9.999938e-01 6.074464e+01
9.999982e-01 -5.116319e-04 -1.816108e-03 -2.300462e+01 5.088132e-04 9.999987e-01 -1.552044e-03 5.755582e-01 1.816900e-03 1.551117e-03 9.999971e-01 6.123992e+01
9.999964e-01 7.973764e-04 -2.545407e-03 -2.374665e+01 -7.920796e-04 9.999975e-01 2.081163e-03 6.018458e-01 2.547060e-03 -2.079138e-03 9.999946e-01 6.135041e+01
9.999960e-01 -2.775506e-04 -2.797614e-03 -2.494051e+01 2.734454e-04 9.999989e-01 -1.467556e-03 6.586377e-01 2.798018e-03 1.466784e-03 9.999950e-01 6.161908e+01
9.999969e-01 5.621499e-04 -2.410179e-03 -2.588450e+01 -5.577824e-04 9.999982e-01 1.812309e-03 7.098062e-01 2.411193e-03 -1.810959e-03 9.999955e-01 6.201329e+01
9.999985e-01 -4.349365e-04 -1.660474e-03 -2.611134e+01 4.326569e-04 9.999990e-01 -1.372853e-03 7.253285e-01 1.661069e-03 1.372132e-03 9.999977e-01 6.163297e+01
9.999975e-01 4.811154e-04 -2.172124e-03 -2.612133e+01 -4.773906e-04 9.999984e-01 1.714908e-03 7.255235e-01 2.172946e-03 -1.713866e-03 9.999962e-01 6.161911e+01
9.999984e-01 -3.883222e-04 -1.734589e-03 -2.592088e+01 3.857352e-04 9.999988e-01 -1.491365e-03 7.075631e-01 1.735166e-03 1.490692e-03 9.999974e-01 6.222077e+01
9.999974e-01 4.967080e-04 -2.230157e-03 -2.584260e+01 -4.933826e-04 9.999988e-01 1.491312e-03 6.959156e-01 2.230895e-03 -1.490207e-03 9.999964e-01 6.305779e+01
9.999989e-01 -4.566194e-04 -1.429832e-03 -2.533916e+01 4.549536e-04 9.999992e-01 -1.164951e-03 6.695891e-01 1.430362e-03 1.164298e-03 9.999983e-01 6.349442e+01
9.999978e-01 4.023361e-04 -2.065643e-03 -2.464453e+01 -3.993001e-04 9.999988e-01 1.469814e-03 6.497221e-01 2.066232e-03 -1.468985e-03 9.999968e-01 6.364050e+01
9.999984e-01 -4.806351e-04 -1.705606e-03 -2.403973e+01 4.786723e-04 9.999992e-01 -1.150862e-03 6.436697e-01 1.706158e-03 1.150043e-03 9.999979e-01 6.335007e+01
9.999970e-01 4.508710e-04 -2.414321e-03 -2.356632e+01 -4.472551e-04 9.999988e-01 1.497890e-03 6.466838e-01 2.414994e-03 -1.496805e-03 9.999960e-01 6.271679e+01
9.999981e-01 -4.946778e-04 -1.878206e-03 -2.305902e+01 4.925040e-04 9.999992e-01 -1.157537e-03 6.558433e-01 1.878776e-03 1.156609e-03 9.999976e-01 6.187724e+01
9.999980e-01 4.085254e-04 -1.980215e-03 -2.232972e+01 -4.055841e-04 9.999988e-01 1.485345e-03 6.499899e-01 1.980820e-03 -1.484538e-03 9.999969e-01 6.157862e+01
9.999988e-01 -3.929916e-04 -1.513396e-03 -2.157682e+01 3.911755e-04 9.999992e-01 -1.199939e-03 6.149527e-01 1.513866e-03 1.199345e-03 9.999981e-01 6.205604e+01
9.999983e-01 3.983606e-04 -1.815847e-03 -2.094533e+01 -3.958453e-04 9.999990e-01 1.385178e-03 5.753577e-01 1.816398e-03 -1.384456e-03 9.999974e-01 6.271482e+01
9.999982e-01 -4.266695e-04 -1.855979e-03 -2.041910e+01 4.245066e-04 9.999992e-01 -1.165484e-03 5.501387e-01 1.856475e-03 1.164693e-03 9.999976e-01 6.304615e+01
9.999983e-01 3.791728e-04 -1.824385e-03 -1.993931e+01 -3.763902e-04 9.999988e-01 1.525192e-03 5.350671e-01 1.824961e-03 -1.524502e-03 9.999972e-01 6.314761e+01
9.999981e-01 -3.853976e-04 -1.887817e-03 -1.970050e+01 3.832565e-04 9.999993e-01 -1.134230e-03 5.311122e-01 1.888253e-03 1.133504e-03 9.999976e-01 6.297699e+01
9.999979e-01 3.698389e-04 -2.004319e-03 -1.930873e+01 -3.666544e-04 9.999987e-01 1.588831e-03 5.282386e-01 2.004904e-03 -1.588093e-03 9.999967e-01 6.258595e+01
9.999982e-01 -4.553873e-04 -1.829331e-03 -1.856206e+01 4.531790e-04 9.999992e-01 -1.207239e-03 5.184611e-01 1.829879e-03 1.206407e-03 9.999976e-01 6.243475e+01
9.999982e-01 3.475518e-04 -1.880762e-03 -1.781596e+01 -3.445504e-04 9.999987e-01 1.595778e-03 5.059136e-01 1.881315e-03 -1.595126e-03 9.999970e-01 6.234640e+01
9.999984e-01 -4.434362e-04 -1.719114e-03 -1.714169e+01 4.413066e-04 9.999991e-01 -1.238783e-03 4.920130e-01 1.719662e-03 1.238022e-03 9.999978e-01 6.230357e+01
9.999985e-01 3.397384e-04 -1.720499e-03 -1.652744e+01 -3.370687e-04 9.999987e-01 1.551573e-03 4.759746e-01 1.721024e-03 -1.550990e-03 9.999973e-01 6.230456e+01
9.999984e-01 -4.111763e-04 -1.750835e-03 -1.592750e+01 4.089815e-04 9.999991e-01 -1.253613e-03 4.574887e-01 1.751348e-03 1.252895e-03 9.999977e-01 6.236727e+01
9.999982e-01 3.719014e-04 -1.859346e-03 -1.531635e+01 -3.689725e-04 9.999987e-01 1.575136e-03 4.361933e-01 1.859929e-03 -1.574446e-03 9.999970e-01 6.250939e+01
9.999982e-01 -4.042364e-04 -1.868870e-03 -1.449453e+01 4.020747e-04 9.999993e-01 -1.156773e-03 4.132929e-01 1.869336e-03 1.156018e-03 9.999976e-01 6.267284e+01
9.999988e-01 3.546085e-04 -1.482354e-03 -1.387918e+01 -3.524073e-04 9.999988e-01 1.484729e-03 3.894767e-01 1.482879e-03 -1.484204e-03 9.999978e-01 6.287104e+01
9.999972e-01 -3.395707e-04 -2.326157e-03 -1.328753e+01 3.369333e-04 9.999993e-01 -1.133982e-03 3.698767e-01 2.326541e-03 1.133194e-03 9.999967e-01 6.295375e+01
9.999990e-01 2.576672e-04 -1.390553e-03 -1.241156e+01 -2.555186e-04 9.999988e-01 1.544909e-03 3.534944e-01 1.390950e-03 -1.544552e-03 9.999978e-01 6.294906e+01
9.999977e-01 -2.672368e-04 -2.106959e-03 -1.193060e+01 2.646830e-04 9.999992e-01 -1.212127e-03 3.289082e-01 2.107281e-03 1.211566e-03 9.999970e-01 6.324531e+01
9.999986e-01 3.161831e-04 -1.663768e-03 -1.159592e+01 -3.136284e-04 9.999988e-01 1.535396e-03 3.136368e-01 1.664252e-03 -1.534872e-03 9.999974e-01 6.356335e+01
9.999979e-01 -2.990402e-04 -2.035177e-03 -1.113738e+01 2.964849e-04 9.999992e-01 -1.255621e-03 2.946365e-01 2.035551e-03 1.255014e-03 9.999971e-01 6.384555e+01
9.999983e-01 3.096446e-04 -1.832687e-03 -1.058378e+01 -3.068775e-04 9.999988e-01 1.509786e-03 2.699502e-01 1.833152e-03 -1.509220e-03 9.999972e-01 6.420354e+01
9.999980e-01 -4.476729e-04 -1.955284e-03 -9.848059e+00 4.451784e-04 9.999991e-01 -1.275850e-03 2.590203e-01 1.955853e-03 1.274977e-03 9.999973e-01 6.410187e+01
9.999980e-01 3.905157e-04 -1.966922e-03 -9.265116e+00 -3.874456e-04 9.999987e-01 1.560888e-03 2.620094e-01 1.967530e-03 -1.560122e-03 9.999968e-01 6.344066e+01
9.999985e-01 -4.817163e-04 -1.667996e-03 -8.595838e+00 4.796690e-04 9.999991e-01 -1.227400e-03 2.552877e-01 1.668585e-03 1.226597e-03 9.999979e-01 6.313672e+01
9.999982e-01 5.220484e-04 -1.797687e-03 -8.153633e+00 -5.197105e-04 9.999990e-01 1.300521e-03 2.237027e-01 1.798364e-03 -1.299584e-03 9.999975e-01 6.394813e+01
9.999983e-01 -4.993573e-04 -1.786156e-03 -7.520238e+00 4.973108e-04 9.999992e-01 -1.145890e-03 2.003983e-01 1.786727e-03 1.144999e-03 9.999977e-01 6.446023e+01
9.999978e-01 4.156433e-04 -2.071903e-03 -6.851894e+00 -4.125722e-04 9.999988e-01 1.482304e-03 1.930099e-01 2.072517e-03 -1.481445e-03 9.999968e-01 6.421090e+01
9.999990e-01 -4.265984e-04 -1.373444e-03 -6.357256e+00 4.249793e-04 9.999992e-01 -1.178768e-03 1.707599e-01 1.373945e-03 1.178183e-03 9.999984e-01 6.442614e+01
9.999970e-01 4.806602e-04 -2.388465e-03 -5.858163e+00 -4.773439e-04 9.999989e-01 1.388714e-03 1.404420e-01 2.389130e-03 -1.387569e-03 9.999962e-01 6.502140e+01
9.999991e-01 -4.761155e-04 -1.244924e-03 -5.246070e+00 4.746115e-04 9.999992e-01 -1.207864e-03 1.092445e-01 1.245498e-03 1.207271e-03 9.999985e-01 6.557873e+01
9.999969e-01 4.165280e-04 -2.443323e-03 -4.517164e+00 -4.129591e-04 9.999988e-01 1.460872e-03 8.776260e-02 2.443929e-03 -1.459858e-03 9.999959e-01 6.579134e+01
9.999992e-01 -4.824739e-04 -1.207188e-03 -3.754344e+00 4.810141e-04 9.999992e-01 -1.208997e-03 6.580746e-02 1.207770e-03 1.208414e-03 9.999985e-01 6.600811e+01
9.999971e-01 4.480223e-04 -2.361244e-03 -3.038204e+00 -4.447921e-04 9.999990e-01 1.368224e-03 4.132702e-02 2.361855e-03 -1.367170e-03 9.999963e-01 6.640756e+01
9.999995e-01 -4.140329e-04 -9.480390e-04 -2.779665e+00 4.128881e-04 9.999992e-01 -1.207056e-03 1.800963e-02 9.485378e-04 1.206663e-03 9.999988e-01 6.685105e+01
9.999967e-01 4.564303e-04 -2.510327e-03 -2.566999e+00 -4.527516e-04 9.999988e-01 1.465666e-03 -6.029658e-03 2.510993e-03 -1.464524e-03 9.999958e-01 6.722473e+01
9.999990e-01 -4.962377e-04 -1.333557e-03 -2.029838e+00 4.947125e-04 9.999992e-01 -1.143581e-03 -2.499142e-02 1.334123e-03 1.142920e-03 9.999985e-01 6.736746e+01
9.999949e-01 6.943652e-04 -3.131261e-03 -2.299319e+00 -6.903814e-04 9.999990e-01 1.273066e-03 -1.363541e-02 3.132142e-03 -1.270897e-03 9.999943e-01 6.800260e+01
9.999978e-01 -5.548426e-04 -2.037843e-03 -2.584568e+00 5.524107e-04 9.999991e-01 -1.193585e-03 3.329880e-03 2.038503e-03 1.192456e-03 9.999972e-01 6.871010e+01
9.999968e-01 5.202026e-04 -2.472728e-03 -1.574122e+00 -5.161685e-04 9.999985e-01 1.631688e-03 -7.660482e-03 2.473573e-03 -1.630405e-03 9.999956e-01 6.857680e+01
9.999986e-01 -6.215775e-04 -1.524652e-03 -6.343339e-01 6.198433e-04 9.999992e-01 -1.137474e-03 -2.171074e-02 1.525357e-03 1.136527e-03 9.999982e-01 6.852391e+01
9.999970e-01 5.546018e-04 -2.401532e-03 -5.411986e-02 -5.511906e-04 9.999988e-01 1.420743e-03 -3.683491e-02 2.402318e-03 -1.419414e-03 9.999961e-01 6.866034e+01
9.999984e-01 -5.580630e-04 -1.677062e-03 3.953975e-01 5.561231e-04 9.999992e-01 -1.156809e-03 -5.240679e-02 1.677706e-03 1.155874e-03 9.999979e-01 6.887301e+01
9.999968e-01 5.853729e-04 -2.455843e-03 1.155485e+00 -5.818670e-04 9.999988e-01 1.427910e-03 -8.767529e-02 2.456676e-03 -1.426475e-03 9.999960e-01 6.954164e+01
9.999991e-01 -5.425369e-04 -1.199569e-03 2.058652e+00 5.410029e-04 9.999990e-01 -1.278410e-03 -1.288790e-01 1.200261e-03 1.277759e-03 9.999985e-01 7.031703e+01
9.999971e-01 5.529443e-04 -2.333386e-03 2.510753e+00 -5.495282e-04 9.999988e-01 1.464258e-03 -1.551869e-01 2.334193e-03 -1.462971e-03 9.999962e-01 7.078934e+01
9.999991e-01 -5.393927e-04 -1.196233e-03 2.936157e+00 5.378979e-04 9.999991e-01 -1.249345e-03 -1.781369e-01 1.196906e-03 1.248700e-03 9.999985e-01 7.115399e+01
9.999971e-01 5.017913e-04 -2.338314e-03 3.440658e+00 -4.983040e-04 9.999988e-01 1.491570e-03 -1.954968e-01 2.339060e-03 -1.490400e-03 9.999962e-01 7.122701e+01
9.999991e-01 -4.651366e-04 -1.266807e-03 3.815738e+00 4.635209e-04 9.999991e-01 -1.275097e-03 -2.222337e-01 1.267399e-03 1.274508e-03 9.999984e-01 7.168212e+01
9.999958e-01 5.293331e-04 -2.842614e-03 4.656331e+00 -5.247235e-04 9.999985e-01 1.621970e-03 -2.601522e-01 2.843468e-03 -1.620471e-03 9.999946e-01 7.232416e+01
9.999996e-01 -6.541182e-04 -6.183854e-04 5.774611e+00 6.533203e-04 9.999990e-01 -1.289115e-03 -2.858847e-01 6.192277e-04 1.288710e-03 9.999990e-01 7.249659e+01
9.999952e-01 6.609862e-04 -3.024945e-03 6.012552e+00 -6.563066e-04 9.999986e-01 1.547601e-03 -2.992170e-01 3.025963e-03 -1.545608e-03 9.999942e-01 7.271127e+01
9.999993e-01 -5.014074e-04 -1.051527e-03 5.602915e+00 5.002678e-04 9.999993e-01 -1.083484e-03 -2.895764e-01 1.052069e-03 1.082957e-03 9.999989e-01 7.255938e+01
9.999959e-01 5.558657e-04 -2.818427e-03 5.657205e+00 -5.517079e-04 9.999988e-01 1.475677e-03 -2.877695e-01 2.819244e-03 -1.474115e-03 9.999949e-01 7.173334e+01
9.999997e-01 -5.757798e-04 -5.564232e-04 5.897805e+00 5.751598e-04 9.999992e-01 -1.113139e-03 -2.983498e-01 5.570635e-04 1.112818e-03 9.999992e-01 7.150045e+01
9.999959e-01 5.931373e-04 -2.810373e-03 6.349785e+00 -5.893855e-04 9.999989e-01 1.335494e-03 -3.271962e-01 2.811163e-03 -1.333831e-03 9.999952e-01 7.197096e+01
9.999995e-01 -5.545603e-04 -8.615124e-04 7.061819e+00 5.536287e-04 9.999993e-01 -1.080716e-03 -3.585207e-01 8.621109e-04 1.080238e-03 9.999990e-01 7.240295e+01
9.999965e-01 4.755299e-04 -2.598994e-03 7.851089e+00 -4.720819e-04 9.999990e-01 1.326978e-03 -3.872143e-01 2.599623e-03 -1.325746e-03 9.999957e-01 7.274015e+01
9.999994e-01 -5.663143e-04 -8.947628e-04 8.315603e+00 5.652745e-04 9.999992e-01 -1.161494e-03 -3.997530e-01 8.954197e-04 1.160987e-03 9.999989e-01 7.258493e+01
9.999928e-01 5.874097e-04 -3.751298e-03 9.310477e+00 -5.818219e-04 9.999987e-01 1.490391e-03 -4.007401e-01 3.752169e-03 -1.488197e-03 9.999919e-01 7.188760e+01
9.999998e-01 -6.757309e-04 -3.518468e-05 1.056092e+01 6.756904e-04 9.999991e-01 -1.130138e-03 -4.053215e-01 3.594812e-05 1.130113e-03 9.999994e-01 7.146062e+01
9.999925e-01 5.930692e-04 -3.823613e-03 1.125281e+01 -5.876380e-04 9.999988e-01 1.421322e-03 -4.116256e-01 3.824452e-03 -1.419064e-03 9.999917e-01 7.116899e+01
9.999998e-01 -6.603003e-04 1.927344e-04 1.191544e+01 6.605110e-04 9.999992e-01 -1.096978e-03 -4.274285e-01 -1.920101e-04 1.097105e-03 9.999994e-01 7.115453e+01
9.999914e-01 7.263144e-04 -4.082334e-03 1.234921e+01 -7.210098e-04 9.999989e-01 1.300638e-03 -4.550361e-01 4.083274e-03 -1.297683e-03 9.999908e-01 7.171569e+01
9.999998e-01 -6.465169e-04 2.549302e-04 1.283107e+01 6.468016e-04 9.999992e-01 -1.119465e-03 -4.885636e-01 -2.542064e-04 1.119629e-03 9.999993e-01 7.240858e+01
9.999925e-01 6.237841e-04 -3.819630e-03 1.339029e+01 -6.184025e-04 9.999988e-01 1.409858e-03 -5.142076e-01 3.820505e-03 -1.407485e-03 9.999917e-01 7.274800e+01
9.999998e-01 -5.936278e-04 -6.674622e-05 1.367023e+01 5.935524e-04 9.999992e-01 -1.119239e-03 -5.236877e-01 6.741038e-05 1.119199e-03 9.999994e-01 7.253990e+01
9.999944e-01 6.987026e-04 -3.280448e-03 1.390424e+01 -6.944102e-04 9.999989e-01 1.309323e-03 -5.549091e-01 3.281359e-03 -1.307037e-03 9.999938e-01 7.319844e+01
9.999990e-01 -5.313356e-04 -1.319593e-03 1.506156e+01 5.299432e-04 9.999993e-01 -1.055031e-03 -6.010730e-01 1.320153e-03 1.054330e-03 9.999986e-01 7.432212e+01
