9.999918e-01 2.165880e-04 -4.047368e-03 -4.810816e-01 -2.146359e-04 9.999999e-01 4.827568e-04 1.131775e-02 4.047472e-03 -4.818849e-04 9.999917e-01 1.200922e-01
1.000000e+00 -6.084677e-05 2.828170e-04 -6.833969e-01 6.090927e-05 1.000000e+00 -2.209015e-04 7.834030e-03 -2.828032e-04 2.209194e-04 9.999999e-01 5.370525e-01
9.999910e-01 2.501620e-04 -4.244746e-03 -1.015328e+00 -2.480138e-04 9.999998e-01 5.066217e-04 1.128929e-02 4.244872e-03 -5.055651e-04 9.999909e-01 9.382929e-01
9.999999e-01 -5.020896e-05 3.289704e-04 -1.386523e+00 5.025942e-05 1.000000e+00 -1.533053e-04 1.460832e-02 -3.289623e-04 1.533225e-04 9.999999e-01 1.244531e+00
9.999920e-01 2.186777e-04 -3.996556e-03 -1.709188e+00 -2.163778e-04 9.999998e-01 5.758945e-04 1.223024e-02 3.996681e-03 -5.750258e-04 9.999918e-01 1.375148e+00
9.999998e-01 -1.197850e-04 6.316975e-04 -1.770330e+00 1.199217e-04 1.000000e+00 -2.163279e-04 -1.780780e-03 -6.316712e-04 2.164044e-04 9.999998e-01 1.562721e+00
9.999914e-01 2.197514e-04 -4.148461e-03 -1.809691e+00 -2.175034e-04 9.999998e-01 5.423351e-04 -1.239000e-02 4.148579e-03 -5.414288e-04 9.999912e-01 1.822779e+00
9.999998e-01 -7.936949e-05 6.269156e-04 -2.013228e+00 7.953262e-05 1.000000e+00 -2.601285e-04 -2.025359e-02 -6.268946e-04 2.601790e-04 9.999998e-01 2.158344e+00
9.999897e-01 2.776557e-04 -4.536428e-03 -2.301008e+00 -2.752978e-04 9.999998e-01 5.203965e-04 -1.908160e-02 4.536571e-03 -5.191430e-04 9.999896e-01 2.654532e+00
9.999996e-01 -1.186380e-04 8.505890e-04 -2.531166e+00 1.188171e-04 1.000000e+00 -2.104259e-04 -2.204717e-02 -8.505636e-04 2.105276e-04 9.999996e-01 2.989689e+00
9.999905e-01 1.775836e-04 -4.360762e-03 -2.413029e+00 -1.761166e-04 9.999999e-01 3.368005e-04 -4.268125e-02 4.360822e-03 -3.360300e-04 9.999904e-01 3.511565e+00
9.999999e-01 -2.215638e-05 5.194955e-04 -2.468604e+00 2.217632e-05 1.000000e+00 -3.831643e-05 -4.957610e-02 -5.194943e-04 3.832866e-05 9.999999e-01 3.983498e+00
9.999908e-01 1.664581e-04 -4.277579e-03 -2.550775e+00 -1.652955e-04 9.999999e-01 2.721678e-04 -5.634543e-02 4.277624e-03 -2.714590e-04 9.999908e-01 4.403630e+00
9.999998e-01 -7.997950e-05 6.865271e-04 -2.444362e+00 7.999152e-05 1.000000e+00 -1.741791e-05 -7.107514e-02 -6.865254e-04 1.747353e-05 9.999998e-01 4.793522e+00
9.999900e-01 2.313732e-04 -4.461252e-03 -2.458329e+00 -2.297257e-04 9.999999e-01 3.698057e-04 -7.946627e-02 4.461337e-03 -3.687779e-04 9.999900e-01 5.186342e+00
9.999998e-01 -8.962671e-05 6.613843e-04 -2.495848e+00 8.967302e-05 1.000000e+00 -6.992906e-05 -8.649628e-02 -6.613776e-04 6.998906e-05 9.999998e-01 5.558578e+00
9.999894e-01 3.173376e-04 -4.587555e-03 -2.982484e+00 -3.144187e-04 9.999997e-01 6.369738e-04 -7.789745e-02 4.587756e-03 -6.355254e-04 9.999893e-01 5.412418e+00
9.999996e-01 -1.328921e-04 8.993071e-04 -3.263379e+00 1.330166e-04 1.000000e+00 -1.384067e-04 -7.668471e-02 -8.992884e-04 1.385270e-04 9.999996e-01 5.182948e+00
9.999890e-01 2.973179e-04 -4.679125e-03 -3.427645e+00 -2.947082e-04 9.999998e-01 5.584168e-04 -7.855733e-02 4.679290e-03 -5.570324e-04 9.999889e-01 5.325751e+00
9.999996e-01 -1.379666e-04 8.867513e-04 -3.608798e+00 1.380836e-04 1.000000e+00 -1.317553e-04 -7.727500e-02 -8.867328e-04 1.318784e-04 9.999996e-01 5.310044e+00
9.999901e-01 1.977460e-04 -4.451654e-03 -3.362078e+00 -1.957237e-04 9.999999e-01 4.547278e-04 -8.632147e-02 4.451743e-03 -4.538527e-04 9.999900e-01 5.156822e+00
9.999996e-01 -1.575756e-04 8.919014e-04 -3.118188e+00 1.576142e-04 1.000000e+00 -4.318216e-05 -9.459774e-02 -8.918942e-04 4.332343e-05 9.999996e-01 4.826615e+00
9.999908e-01 1.199284e-04 -4.286153e-03 -2.637683e+00 -1.184469e-04 9.999999e-01 3.459172e-04 -1.063472e-01 4.286194e-03 -3.454070e-04 9.999908e-01 4.596122e+00
9.999997e-01 -1.345444e-04 7.125839e-04 -2.013970e+00 1.345322e-04 1.000000e+00 1.724113e-05 -1.241631e-01 -7.125858e-04 -1.714455e-05 9.999997e-01 4.626451e+00
9.999916e-01 5.738801e-05 -4.089667e-03 -1.428470e+00 -5.616697e-05 1.000000e+00 2.986949e-04 -1.417199e-01 4.089683e-03 -2.984634e-04 9.999916e-01 4.678841e+00
9.999998e-01 -4.092889e-05 6.567945e-04 -1.142467e+00 4.096051e-05 1.000000e+00 -4.804105e-05 -1.594714e-01 -6.567922e-04 4.806865e-05 9.999998e-01 4.995996e+00
9.999913e-01 -1.077509e-05 -4.175840e-03 -5.504145e-01 1.216399e-05 9.999999e-01 3.325928e-04 -1.712847e-01 4.175836e-03 -3.326414e-04 9.999912e-01 4.822549e+00
9.999999e-01 -2.505293e-05 4.310807e-04 1.164019e-01 2.505351e-05 1.000000e+00 -1.206066e-06 -1.722384e-01 -4.310804e-04 1.217577e-06 9.999999e-01 4.248841e+00
9.999915e-01 1.324942e-04 -4.129140e-03 5.460837e-02 -1.308410e-04 9.999999e-01 4.006618e-04 -1.678027e-01 4.129193e-03 -4.001188e-04 9.999914e-01 4.095126e+00
1.000000e+00 7.940983e-05 1.803356e-04 -3.637173e-01 -7.938867e-05 1.000000e+00 -1.169935e-04 -1.595781e-01 -1.803446e-04 1.169799e-04 1.000000e+00 4.448537e+00
9.999925e-01 3.578097e-08 -3.864983e-03 -3.685327e-01 1.790291e-06 9.999999e-01 4.724782e-04 -1.623651e-01 3.864982e-03 -4.724823e-04 9.999924e-01 4.407187e+00
9.999999e-01 -3.083472e-05 3.893995e-04 2.090609e-02 3.092195e-05 1.000000e+00 -2.238297e-04 -1.729495e-01 -3.893922e-04 2.238424e-04 9.999999e-01 4.234206e+00
9.999922e-01 -2.137450e-05 -3.945380e-03 5.461576e-01 2.335347e-05 9.999999e-01 5.015607e-04 -1.794719e-01 3.945369e-03 -5.016496e-04 9.999921e-01 3.909618e+00
1.000000e+00 9.351352e-06 1.949654e-04 8.231979e-01 -9.312359e-06 1.000000e+00 -1.996572e-04 -1.767425e-01 -1.949669e-04 1.996561e-04 1.000000e+00 3.210494e+00
9.999924e-01 5.684075e-05 -3.901376e-03 9.126692e-01 -5.455434e-05 9.999998e-01 5.861730e-04 -1.728826e-01 3.901409e-03 -5.859564e-04 9.999922e-01 2.299699e+00
1.000000e+00 2.491545e-05 1.893256e-04 8.865564e-01 -2.488602e-05 1.000000e+00 -1.551109e-04 -1.707546e-01 -1.893291e-04 1.551069e-04 1.000000e+00 1.427529e+00
9.999923e-01 1.400807e-04 -3.918252e-03 4.453245e-01 -1.375678e-04 9.999998e-01 6.415997e-04 -1.660602e-01 3.918341e-03 -6.410564e-04 9.999921e-01 1.323503e+00
1.000000e+00 -2.543972e-05 6.797553e-05 3.794015e-01 2.548864e-05 9.999997e-01 -7.187225e-04 -1.778940e-01 -6.795689e-05 7.187250e-04 9.999997e-01 2.129701e+00
9.999928e-01 1.200060e-04 -3.795315e-03 3.667562e-01 -1.177200e-04 9.999998e-01 6.025401e-04 -1.955814e-01 3.795386e-03 -6.020897e-04 9.999926e-01 2.974679e+00
1.000000e+00 -2.119982e-05 -1.368517e-04 2.511013e-01 2.113198e-05 9.999999e-01 -4.963018e-04 -2.022182e-01 1.368626e-04 4.962996e-04 9.999999e-01 3.476433e+00
9.999923e-01 1.935135e-04 -3.922163e-03 -1.544267e-01 -1.900995e-04 9.999996e-01 8.708235e-04 -1.937959e-01 3.922329e-03 -8.700719e-04 9.999919e-01 3.647049e+00
1.000000e+00 -4.767225e-05 5.954680e-05 -4.001832e-01 4.770913e-05 9.999998e-01 -6.182519e-04 -1.949865e-01 -5.951698e-05 6.182555e-04 9.999998e-01 3.992743e+00
9.999915e-01 2.318764e-04 -4.122449e-03 -8.320526e-01 -2.276267e-04 9.999994e-01 1.031314e-03 -1.854588e-01 4.122686e-03 -1.030367e-03 9.999910e-01 4.130168e+00
1.000000e+00 -4.067091e-05 6.260914e-05 -1.276205e+00 4.071065e-05 9.999998e-01 -6.336813e-04 -1.744546e-01 -6.258302e-05 6.336846e-04 9.999998e-01 4.300370e+00
9.999906e-01 2.618808e-04 -4.319301e-03 -1.851818e+00 -2.573296e-04 9.999994e-01 1.054216e-03 -1.580101e-01 4.319574e-03 -1.053095e-03 9.999901e-01 4.452651e+00
1.000000e+00 -4.947942e-05 1.394111e-04 -2.373229e+00 4.957590e-05 9.999998e-01 -6.914791e-04 -1.440235e-01 -1.393765e-04 6.914867e-04 9.999998e-01 4.666986e+00
9.999917e-01 2.437642e-04 -4.074406e-03 -2.895075e+00 -2.387655e-04 9.999992e-01 1.227306e-03 -1.334123e-01 4.074701e-03 -1.226323e-03 9.999909e-01 4.597119e+00
9.999999e-01 -1.016055e-04 3.390149e-04 -3.172708e+00 1.018724e-04 9.999997e-01 -7.871553e-04 -1.326532e-01 -3.389344e-04 7.871905e-04 9.999996e-01 4.676754e+00
9.999911e-01 2.774323e-04 -4.220413e-03 -3.546237e+00 -2.727455e-04 9.999993e-01 1.111064e-03 -1.267439e-01 4.220718e-03 -1.109903e-03 9.999905e-01 4.944151e+00
1.000000e+00 -1.329320e-06 -2.297364e-04 -4.186423e+00 1.168255e-06 9.999998e-01 -7.014699e-04 -1.038622e-01 2.297376e-04 7.014703e-04 9.999997e-01 5.236866e+00
9.999921e-01 2.027701e-04 -3.959628e-03 -4.573251e+00 -1.992182e-04 9.999996e-01 8.974283e-04 -9.324446e-02 3.959808e-03 -8.966331e-04 9.999918e-01 5.755051e+00
9.999998e-01 3.347371e-05 -5.928498e-04 -5.043897e+00 -3.387328e-05 9.999998e-01 -6.741426e-04 -7.795759e-02 5.928274e-04 6.741633e-04 9.999996e-01 6.265102e+00
9.999939e-01 2.279899e-04 -3.474113e-03 -5.738924e+00 -2.233571e-04 9.999991e-01 1.333872e-03 -6.146347e-02 3.474413e-03 -1.333089e-03 9.999931e-01 6.062700e+00
9.999999e-01 -4.119151e-05 -5.270813e-04 -6.154667e+00 4.074117e-05 9.999996e-01 -8.545589e-04 -5.423665e-02 5.271167e-04 8.545380e-04 9.999995e-01 5.722579e+00
9.999943e-01 4.288914e-05 -3.384191e-03 -5.797308e+00 -3.891199e-05 9.999993e-01 1.175301e-03 -5.219151e-02 3.384239e-03 -1.175163e-03 9.999936e-01 5.081555e+00
9.999999e-01 1.400874e-05 -4.407705e-04 -5.841145e+00 -1.434525e-05 9.999997e-01 -7.636797e-04 -5.670206e-02 4.407600e-04 7.636867e-04 9.999996e-01 4.751921e+00
9.999939e-01 2.281508e-04 -3.483520e-03 -6.329231e+00 -2.233705e-04 9.999990e-01 1.372598e-03 -4.640716e-02 3.483829e-03 -1.371812e-03 9.999930e-01 4.314398e+00
9.999997e-01 -1.255601e-06 -8.182236e-04 -6.915808e+00 4.889751e-07 9.999996e-01 -9.370603e-04 -2.707139e-02 8.182248e-04 9.370603e-04 9.999992e-01 4.467743e+00
9.999954e-01 1.217127e-04 -3.031468e-03 -7.241390e+00 -1.176094e-04 9.999991e-01 1.353747e-03 -2.491143e-02 3.031629e-03 -1.353385e-03 9.999945e-01 4.398886e+00
9.999997e-01 -5.049506e-05 -7.835999e-04 -7.171014e+00 4.972171e-05 9.999995e-01 -9.870338e-04 -2.593682e-02 7.836497e-04 9.869953e-04 9.999992e-01 3.727403e+00
9.999961e-01 6.597748e-05 -2.782054e-03 -7.089201e+00 -6.223138e-05 9.999991e-01 1.346623e-03 -2.639489e-02 2.782140e-03 -1.346445e-03 9.999952e-01 3.047344e+00
9.999996e-01 3.679639e-05 -8.704642e-04 -7.267294e+00 -3.752705e-05 9.999996e-01 -8.395088e-04 -2.296944e-02 8.704333e-04 8.395418e-04 9.999993e-01 2.217303e+00
9.999959e-01 1.843865e-05 -2.867356e-03 -7.274645e+00 -1.499787e-05 9.999993e-01 1.200037e-03 -2.557741e-02 2.867376e-03 -1.199989e-03 9.999952e-01 1.749185e+00
9.999996e-01 7.298861e-05 -8.467998e-04 -7.350035e+00 -7.363972e-05 9.999997e-01 -7.690253e-04 -2.543754e-02 8.467437e-04 7.690881e-04 9.999993e-01 1.099428e+00
9.999955e-01 1.506707e-04 -2.984523e-03 -7.772783e+00 -1.466129e-04 9.999991e-01 1.359855e-03 -1.762050e-02 2.984724e-03 -1.359412e-03 9.999946e-01 5.120099e-01
9.999996e-01 7.252589e-05 -8.891712e-04 -8.110421e+00 -7.319733e-05 9.999997e-01 -7.552464e-04 -1.015411e-02 8.891165e-04 7.553119e-04 9.999993e-01 -2.805795e-01
9.999960e-01 3.237290e-05 -2.839585e-03 -8.257105e+00 -2.887540e-05 9.999992e-01 1.231762e-03 -8.074308e-03 2.839622e-03 -1.231676e-03 9.999952e-01 -9.032795e-01
9.999996e-01 8.735676e-05 -8.811257e-04 -8.369342e+00 -8.802075e-05 9.999997e-01 -7.536770e-04 -7.540699e-03 8.810600e-04 7.537550e-04 9.999993e-01 -1.688417e+00
9.999962e-01 -3.369405e-05 -2.757434e-03 -8.395274e+00 3.688118e-05 9.999993e-01 1.155829e-03 -8.763809e-03 2.757393e-03 -1.155927e-03 9.999955e-01 -2.190500e+00
9.999993e-01 1.943590e-04 -1.138530e-03 -8.586444e+00 -1.951125e-04 9.999998e-01 -6.617830e-04 -2.945685e-03 1.138401e-03 6.620054e-04 9.999991e-01 -3.019034e+00
9.999965e-01 -5.451694e-05 -2.657070e-03 -8.714579e+00 5.757694e-05 9.999993e-01 1.151624e-03 2.220472e-03 2.657005e-03 -1.151773e-03 9.999958e-01 -3.718899e+00
9.999993e-01 1.524416e-04 -1.166103e-03 -8.829961e+00 -1.532535e-04 9.999997e-01 -6.962468e-04 7.286665e-03 1.165997e-03 6.964258e-04 9.999991e-01 -4.312735e+00
9.999965e-01 -3.301105e-05 -2.639694e-03 -8.940185e+00 3.605950e-05 9.999993e-01 1.154853e-03 1.326603e-02 2.639653e-03 -1.154944e-03 9.999958e-01 -5.154300e+00
9.999992e-01 2.117127e-04 -1.220533e-03 -9.171848e+00 -2.124606e-04 9.999998e-01 -6.128115e-04 2.107182e-02 1.220403e-03 6.130710e-04 9.999991e-01 -6.108869e+00
9.999963e-01 -9.256332e-05 -2.708028e-03 -9.278750e+00 9.529759e-05 9.999995e-01 1.009623e-03 2.728762e-02 2.707932e-03 -1.009878e-03 9.999958e-01 -6.669490e+00
9.999990e-01 3.406477e-04 -1.366215e-03 -9.645588e+00 -3.412543e-04 9.999998e-01 -4.439159e-04 4.185695e-02 1.366063e-03 4.443824e-04 9.999990e-01 -7.352252e+00
9.999967e-01 -8.193998e-05 -2.568617e-03 -1.012737e+01 8.464140e-05 9.999994e-01 1.051657e-03 5.377612e-02 2.568529e-03 -1.051871e-03 9.999961e-01 -7.984344e+00
9.999988e-01 3.689452e-04 -1.510545e-03 -1.066160e+01 -3.696119e-04 9.999998e-01 -4.411811e-04 6.912473e-02 1.510383e-03 4.417396e-04 9.999988e-01 -8.526112e+00
9.999968e-01 -1.646596e-04 -2.517769e-03 -1.098656e+01 1.669841e-04 9.999996e-01 9.231123e-04 7.807066e-02 2.517616e-03 -9.235305e-04 9.999964e-01 -9.023811e+00
9.999989e-01 3.599926e-04 -1.450265e-03 -1.116412e+01 -3.606125e-04 9.999998e-01 -4.273381e-04 8.589901e-02 1.450111e-03 4.278613e-04 9.999989e-01 -1.006464e+01
9.999971e-01 -2.845666e-04 -2.411682e-03 -1.127930e+01 2.861544e-04 9.999997e-01 6.580871e-04 8.552775e-02 2.411494e-03 -6.587760e-04 9.999969e-01 -1.024541e+01
9.999993e-01 3.559331e-04 -1.157188e-03 -1.121277e+01 -3.568646e-04 9.999996e-01 -8.049997e-04 6.123311e-02 1.156901e-03 8.054128e-04 9.999990e-01 -9.310032e+00
9.999955e-01 -2.232488e-04 -2.982804e-03 -1.152397e+01 2.263030e-04 9.999995e-01 1.023673e-03 6.807230e-02 2.982574e-03 -1.024345e-03 9.999950e-01 -9.169386e+00
9.999995e-01 2.604195e-04 -9.508053e-04 -1.153751e+01 -2.613468e-04 9.999995e-01 -9.754490e-04 6.286516e-02 9.505511e-04 9.756977e-04 9.999991e-01 -8.914308e+00
9.999953e-01 -2.381398e-04 -3.053284e-03 -1.141816e+01 2.413357e-04 9.999994e-01 1.046416e-03 5.715892e-02 3.053033e-03 -1.047149e-03 9.999948e-01 -8.942674e+00
9.999996e-01 3.148205e-04 -8.524657e-04 -1.146963e+01 -3.153805e-04 9.999997e-01 -6.569811e-04 6.286953e-02 8.522589e-04 6.572504e-04 9.999994e-01 -9.671225e+00
9.999957e-01 -2.861637e-04 -2.919906e-03 -1.149046e+01 2.884927e-04 9.999996e-01 7.972813e-04 6.090862e-02 2.919676e-03 -7.981209e-04 9.999954e-01 -9.645111e+00
9.999998e-01 2.857637e-04 -5.739111e-04 -1.121357e+01 -2.861846e-04 9.999997e-01 -7.336861e-04 3.992890e-02 5.737015e-04 7.338509e-04 9.999996e-01 -9.172836e+00
9.999949e-01 -2.702126e-04 -3.185533e-03 -1.105129e+01 2.736415e-04 9.999994e-01 1.076058e-03 4.037877e-02 3.185240e-03 -1.076925e-03 9.999943e-01 -9.867455e+00
9.999999e-01 2.174099e-04 -4.344205e-04 -1.063557e+01 -2.178032e-04 9.999996e-01 -9.059001e-04 3.287721e-02 4.342237e-04 9.059953e-04 9.999995e-01 -1.009495e+01
9.999949e-01 -3.284201e-04 -3.190049e-03 -9.872446e+00 3.319423e-04 9.999993e-01 1.103691e-03 1.828693e-02 3.189685e-03 -1.104745e-03 9.999943e-01 -9.991260e+00
9.999998e-01 3.310235e-04 -5.345686e-04 -9.493984e+00 -3.315612e-04 9.999994e-01 -1.006398e-03 5.139245e-03 5.342355e-04 1.006576e-03 9.999994e-01 -1.015375e+01
9.999937e-01 -2.826394e-04 -3.530793e-03 -9.260400e+00 2.874451e-04 9.999990e-01 1.360703e-03 2.010971e-02 3.530405e-03 -1.361711e-03 9.999928e-01 -1.151875e+01
9.999999e-01 2.940448e-04 -2.017009e-04 -8.829085e+00 -2.942704e-04 9.999993e-01 -1.120262e-03 1.342331e-02 2.013717e-04 1.120322e-03 9.999994e-01 -1.196332e+01
9.999918e-01 -1.642611e-04 -4.047702e-03 -8.895895e+00 1.685323e-04 9.999994e-01 1.054926e-03 5.391262e-03 4.047526e-03 -1.055600e-03 9.999913e-01 -1.110386e+01
9.999993e-01 3.577029e-04 -1.096395e-03 -9.071330e+00 -3.588579e-04 9.999994e-01 -1.053582e-03 1.836140e-02 1.096018e-03 1.053975e-03 9.999988e-01 -1.020439e+01
9.999952e-01 -3.852003e-04 -3.076199e-03 -8.880395e+00 3.884210e-04 9.999994e-01 1.046493e-03 8.705331e-03 3.075793e-03 -1.047684e-03 9.999947e-01 -9.706693e+00
9.999992e-01 4.827485e-04 -1.203765e-03 -8.809161e+00 -4.838111e-04 9.999995e-01 -8.826507e-04 5.502610e-03 1.203338e-03 8.832330e-04 9.999989e-01 -9.324589e+00
9.999963e-01 -6.199684e-04 -2.640015e-03 -8.211794e+00 6.227313e-04 9.999993e-01 1.045908e-03 -8.273401e-03 2.639365e-03 -1.047548e-03 9.999960e-01 -9.178836e+00
9.999992e-01 6.257240e-04 -1.070861e-03 -8.007094e+00 -6.264787e-04 9.999996e-01 -7.047492e-04 -7.597748e-03 1.070420e-03 7.054202e-04 9.999992e-01 -9.883280e+00
9.999957e-01 -4.212646e-04 -2.917717e-03 -8.271806e+00 4.249561e-04 9.999991e-01 1.264730e-03 3.306226e-03 2.917181e-03 -1.265966e-03 9.999949e-01 -1.079158e+01
9.999991e-01 6.120994e-04 -1.157681e-03 -8.612002e+00 -6.129112e-04 9.999996e-01 -7.011855e-04 1.922074e-02 1.157251e-03 7.018951e-04 9.999991e-01 -1.164318e+01
9.999957e-01 -4.707107e-04 -2.901536e-03 -8.765433e+00 4.741380e-04 9.999992e-01 1.180683e-03 2.742336e-02 2.900978e-03 -1.182054e-03 9.999951e-01 -1.245724e+01
9.999988e-01 4.124751e-04 -1.497051e-03 -8.219575e+00 -4.137172e-04 9.999996e-01 -8.295904e-04 4.020732e-02 1.496709e-03 8.302094e-04 9.999985e-01 -1.343702e+01
9.999964e-01 -3.447009e-04 -2.678077e-03 -7.946648e+00 3.478339e-04 9.999993e-01 1.169544e-03 5.556846e-02 2.677672e-03 -1.170472e-03 9.999957e-01 -1.480330e+01
9.999991e-01 4.027552e-04 -1.245516e-03 -7.740477e+00 -4.037430e-04 9.999996e-01 -7.930268e-04 7.074851e-02 1.245196e-03 7.935297e-04 9.999989e-01 -1.622966e+01
9.999969e-01 -3.460280e-04 -2.483659e-03 -7.614708e+00 3.489740e-04 9.999992e-01 1.185877e-03 7.313986e-02 2.483247e-03 -1.186741e-03 9.999962e-01 -1.702714e+01
9.999989e-01 3.756539e-04 -1.426282e-03 -7.232532e+00 -3.770933e-04 9.999994e-01 -1.009183e-03 5.761555e-02 1.425902e-03 1.009720e-03 9.999985e-01 -1.664859e+01
9.999963e-01 -4.085062e-04 -2.672851e-03 -7.209363e+00 4.117804e-04 9.999992e-01 1.224628e-03 6.046988e-02 2.672348e-03 -1.225725e-03 9.999957e-01 -1.656240e+01
9.999986e-01 6.679715e-04 -1.519979e-03 -7.723550e+00 -6.689865e-04 9.999996e-01 -6.674558e-04 7.723781e-02 1.519532e-03 6.684724e-04 9.999986e-01 -1.698312e+01
9.999965e-01 -5.529568e-04 -2.569191e-03 -7.830104e+00 5.554805e-04 9.999994e-01 9.817701e-04 8.158226e-02 2.568646e-03 -9.831946e-04 9.999962e-01 -1.721131e+01
9.999991e-01 4.738169e-04 -1.279676e-03 -7.313371e+00 -4.749256e-04 9.999995e-01 -8.663498e-04 6.367484e-02 1.279265e-03 8.669574e-04 9.999988e-01 -1.683207e+01
9.999925e-01 -1.881141e-04 -3.865500e-03 -7.878233e+00 1.918644e-04 9.999995e-01 9.698907e-04 9.652167e-02 3.865315e-03 -9.706258e-04 9.999921e-01 -1.606523e+01
9.999985e-01 3.944661e-04 -1.659997e-03 -8.321549e+00 -3.960251e-04 9.999995e-01 -9.390446e-04 1.304749e-01 1.659626e-03 9.397013e-04 9.999982e-01 -1.530066e+01
9.999960e-01 -5.362456e-04 -2.769781e-03 -7.636848e+00 5.394341e-04 9.999992e-01 1.150602e-03 1.356627e-01 2.769161e-03 -1.152092e-03 9.999955e-01 -1.557323e+01
9.999953e-01 5.831024e-04 -3.008312e-03 -7.147381e+00 -5.861802e-04 9.999993e-01 -1.022375e-03 1.833257e-01 3.007714e-03 1.024135e-03 9.999950e-01 -1.584727e+01
9.999983e-01 -8.043733e-04 -1.658924e-03 -5.755866e+00 8.063360e-04 9.999990e-01 1.182864e-03 2.036101e-01 1.657970e-03 -1.184200e-03 9.999979e-01 -1.604454e+01
9.999952e-01 7.651244e-04 -2.997677e-03 -4.965334e+00 -7.679321e-04 9.999993e-01 -9.356424e-04 2.157427e-01 2.996959e-03 9.379406e-04 9.999951e-01 -1.611409e+01
9.999987e-01 -9.336341e-04 -1.291404e-03 -3.629121e+00 9.352517e-04 9.999988e-01 1.252693e-03 2.077324e-01 1.290233e-03 -1.253900e-03 9.999984e-01 -1.613436e+01
9.999968e-01 8.911555e-04 -2.350808e-03 -3.195815e+00 -8.933420e-04 9.999992e-01 -9.293020e-04 1.961779e-01 2.349978e-03 9.313999e-04 9.999968e-01 -1.638940e+01
9.999989e-01 -9.396866e-04 -1.171903e-03 -2.632860e+00 9.411939e-04 9.999987e-01 1.286444e-03 1.835029e-01 1.170693e-03 -1.287546e-03 9.999985e-01 -1.653705e+01
9.999966e-01 8.793401e-04 -2.466676e-03 -2.055975e+00 -8.817941e-04 9.999991e-01 -9.940279e-04 1.764768e-01 2.465800e-03 9.962002e-04 9.999965e-01 -1.685229e+01
9.999987e-01 -9.716444e-04 -1.267076e-03 -1.295665e+00 9.732243e-04 9.999987e-01 1.247061e-03 1.667940e-01 1.265863e-03 -1.248293e-03 9.999984e-01 -1.704870e+01
9.999966e-01 9.259815e-04 -2.441934e-03 -8.139610e-01 -9.282913e-04 9.999991e-01 -9.450109e-04 1.632691e-01 2.441058e-03 9.472752e-04 9.999966e-01 -1.753301e+01
9.999988e-01 -8.830902e-04 -1.279111e-03 -7.524256e-01 8.848190e-04 9.999987e-01 1.351791e-03 1.631692e-01 1.277915e-03 -1.352921e-03 9.999983e-01 -1.804799e+01
9.999963e-01 1.009156e-03 -2.528988e-03 -9.197389e-01 -1.011491e-03 9.999991e-01 -9.220684e-04 1.688595e-01 2.528055e-03 9.246237e-04 9.999964e-01 -1.839550e+01
9.999990e-01 -1.071713e-03 -9.281274e-04 -3.847228e-01 1.072760e-03 9.999988e-01 1.128292e-03 1.532760e-01 9.269168e-04 -1.129287e-03 9.999989e-01 -1.828155e+01
9.999960e-01 9.552772e-04 -2.650467e-03 4.015828e-01 -9.575524e-04 9.999992e-01 -8.573641e-04 1.419602e-01 2.649646e-03 8.598993e-04 9.999961e-01 -1.838729e+01
9.999987e-01 -1.030506e-03 -1.222989e-03 1.272843e+00 1.031923e-03 9.999988e-01 1.158760e-03 1.347435e-01 1.221793e-03 -1.160021e-03 9.999986e-01 -1.864389e+01
9.999955e-01 8.926086e-04 -2.877917e-03 2.294468e+00 -8.949076e-04 9.999993e-01 -7.977517e-04 1.311109e-01 2.877203e-03 8.003242e-04 9.999955e-01 -1.898540e+01
9.999989e-01 -8.798897e-04 -1.193389e-03 2.912218e+00 8.811525e-04 9.999991e-01 1.058189e-03 1.197782e-01 1.192457e-03 -1.059240e-03 9.999987e-01 -1.872400e+01
9.999959e-01 9.002222e-04 -2.700920e-03 3.616452e+00 -9.024342e-04 9.999993e-01 -8.179340e-04 9.370927e-02 2.700182e-03 8.203688e-04 9.999960e-01 -1.818671e+01
9.999992e-01 -8.742786e-04 -9.309782e-04 4.516942e+00 8.752786e-04 9.999990e-01 1.074435e-03 5.906920e-02 9.300376e-04 -1.075250e-03 9.999990e-01 -1.761222e+01
9.999967e-01 8.908982e-04 -2.428466e-03 5.359518e+00 -8.927261e-04 9.999993e-01 -7.517882e-04 2.479846e-02 2.427794e-03 7.539543e-04 9.999968e-01 -1.715372e+01
9.999988e-01 -8.265873e-04 -1.342172e-03 5.886318e+00 8.279210e-04 9.999992e-01 9.936036e-04 1.319961e-03 1.341349e-03 -9.947142e-04 9.999986e-01 -1.666034e+01
9.999969e-01 8.073552e-04 -2.347827e-03 6.658470e+00 -8.089973e-04 9.999994e-01 -6.986604e-04 -2.526914e-02 2.347262e-03 7.005583e-04 9.999970e-01 -1.623579e+01
9.999990e-01 -8.024450e-04 -1.134669e-03 7.423745e+00 8.036275e-04 9.999991e-01 1.042272e-03 -5.545951e-02 1.133832e-03 -1.043184e-03 9.999988e-01 -1.591460e+01
9.999963e-01 8.291546e-04 -2.595597e-03 8.261655e+00 -8.311291e-04 9.999994e-01 -7.598055e-04 -8.698075e-02 2.594966e-03 7.619606e-04 9.999963e-01 -1.544209e+01
9.999995e-01 -7.405707e-04 -6.755984e-04 9.118838e+00 7.412517e-04 9.999992e-01 1.008606e-03 -1.353693e-01 6.748507e-04 -1.009107e-03 9.999993e-01 -1.456476e+01
9.999965e-01 8.152610e-04 -2.519614e-03 1.018061e+01 -8.172439e-04 9.999994e-01 -7.861687e-04 -1.822658e-01 2.518972e-03 7.882258e-04 9.999965e-01 -1.386333e+01
9.999989e-01 -9.214003e-04 -1.125224e-03 1.121900e+01 9.228520e-04 9.999987e-01 1.290412e-03 -2.078697e-01 1.124033e-03 -1.291450e-03 9.999985e-01 -1.364807e+01
9.999967e-01 8.656466e-04 -2.414317e-03 1.188002e+01 -8.681035e-04 9.999991e-01 -1.016859e-03 -2.247727e-01 2.413435e-03 1.018952e-03 9.999966e-01 -1.365069e+01
9.999991e-01 -9.055133e-04 -1.036199e-03 1.239099e+01 9.068814e-04 9.999987e-01 1.320769e-03 -2.404890e-01 1.035001e-03 -1.321708e-03 9.999986e-01 -1.371089e+01
9.999965e-01 9.271939e-04 -2.474478e-03 1.272257e+01 -9.299158e-04 9.999990e-01 -1.099150e-03 -2.572199e-01 2.473456e-03 1.101448e-03 9.999963e-01 -1.337426e+01
9.999989e-01 -9.610597e-04 -1.086459e-03 1.328532e+01 9.625394e-04 9.999986e-01 1.362448e-03 -2.742405e-01 1.085148e-03 -1.363493e-03 9.999985e-01 -1.325623e+01
9.999969e-01 8.993500e-04 -2.331703e-03 1.392852e+01 -9.019553e-04 9.999990e-01 -1.116594e-03 -2.944354e-01 2.330697e-03 1.118694e-03 9.999967e-01 -1.306058e+01
9.999988e-01 -8.319000e-04 -1.297122e-03 1.408894e+01 8.336288e-04 9.999988e-01 1.333012e-03 -3.072704e-01 1.296011e-03 -1.334092e-03 9.999983e-01 -1.264824e+01
9.999968e-01 9.466609e-04 -2.338034e-03 1.412629e+01 -9.491134e-04 9.999990e-01 -1.048160e-03 -3.157321e-01 2.337040e-03 1.050377e-03 9.999967e-01 -1.226551e+01
9.999986e-01 -8.043659e-04 -1.441388e-03 1.391012e+01 8.063089e-04 9.999988e-01 1.348035e-03 -3.169864e-01 1.440301e-03 -1.349196e-03 9.999981e-01 -1.193568e+01
9.999969e-01 9.297617e-04 -2.306099e-03 1.365000e+01 -9.318764e-04 9.999991e-01 -9.161878e-04 -3.152573e-01 2.305246e-03 9.183347e-04 9.999969e-01 -1.186708e+01
9.999986e-01 -8.500468e-04 -1.433212e-03 1.372260e+01 8.519095e-04 9.999988e-01 1.299707e-03 -3.196140e-01 1.432105e-03 -1.300927e-03 9.999981e-01 -1.180478e+01
9.999969e-01 9.310455e-04 -2.303311e-03 1.375388e+01 -9.331969e-04 9.999991e-01 -9.332308e-04 -3.250401e-01 2.302441e-03 9.353780e-04 9.999969e-01 -1.165110e+01
9.999987e-01 -7.886636e-04 -1.398538e-03 1.345871e+01 7.905031e-04 9.999988e-01 1.315382e-03 -3.233417e-01 1.397499e-03 -1.316487e-03 9.999982e-01 -1.148350e+01
9.999969e-01 9.035140e-04 -2.299897e-03 1.317821e+01 -9.056547e-04 9.999992e-01 -9.300044e-04 -3.222137e-01 2.299055e-03 9.320851e-04 9.999969e-01 -1.136732e+01
9.999990e-01 -8.584476e-04 -1.161165e-03 1.319835e+01 8.598241e-04 9.999989e-01 1.185681e-03 -3.325818e-01 1.160145e-03 -1.186678e-03 9.999986e-01 -1.111955e+01
9.999974e-01 8.655110e-04 -2.117806e-03 1.364033e+01 -8.674718e-04 9.999992e-01 -9.252592e-04 -3.582823e-01 2.117004e-03 9.270946e-04 9.999973e-01 -1.076868e+01
9.999989e-01 -8.466065e-04 -1.199195e-03 1.433237e+01 8.481113e-04 9.999989e-01 1.255141e-03 -3.905977e-01 1.198130e-03 -1.256157e-03 9.999985e-01 -1.039343e+01
9.999972e-01 8.385237e-04 -2.190681e-03 1.500713e+01 -8.406722e-04 9.999992e-01 -9.801091e-04 -4.208639e-01 2.189857e-03 9.819487e-04 9.999971e-01 -1.003919e+01
9.999986e-01 -8.138845e-04 -1.493264e-03 1.551049e+01 8.157212e-04 9.999989e-01 1.229915e-03 -4.484490e-01 1.492261e-03 -1.231132e-03 9.999981e-01 -9.620779e+00
9.999971e-01 8.360900e-04 -2.270006e-03 1.611355e+01 -8.383694e-04 9.999991e-01 -1.003459e-03 -4.767981e-01 2.269165e-03 1.005360e-03 9.999969e-01 -9.165705e+00
9.999987e-01 -8.879273e-04 -1.377276e-03 1.674197e+01 8.896116e-04 9.999989e-01 1.222990e-03 -5.010013e-01 1.376188e-03 -1.224215e-03 9.999983e-01 -8.868848e+00
9.999970e-01 8.900752e-04 -2.274972e-03 1.741675e+01 -8.922281e-04 9.999992e-01 -9.456275e-04 -5.273468e-01 2.274129e-03 9.476551e-04 9.999970e-01 -8.555585e+00
9.999988e-01 -9.389578e-04 -1.193071e-03 1.798405e+01 9.402705e-04 9.999990e-01 1.100391e-03 -5.537181e-01 1.192037e-03 -1.101512e-03 9.999987e-01 -8.159671e+00
9.999935e-01 1.049171e-03 -3.462013e-03 1.820575e+01 -1.052530e-03 9.999990e-01 -9.684659e-04 -5.542568e-01 3.460994e-03 9.721041e-04 9.999935e-01 -7.380657e+00
9.999986e-01 -1.056482e-03 -1.294960e-03 1.829722e+01 1.057619e-03 9.999991e-01 8.781833e-04 -5.396625e-01 1.294031e-03 -8.795523e-04 9.999988e-01 -6.685629e+00
9.999959e-01 1.157103e-03 -2.613364e-03 1.843927e+01 -1.158670e-03 9.999991e-01 -5.984313e-04 -5.464345e-01 2.612670e-03 6.014575e-04 9.999964e-01 -6.409596e+00
9.999983e-01 -1.200190e-03 -1.378544e-03 1.909997e+01 1.201389e-03 9.999989e-01 8.693440e-04 -5.618703e-01 1.377498e-03 -8.709994e-04 9.999987e-01 -6.127906e+00
9.999970e-01 1.127858e-03 -2.162058e-03 1.965065e+01 -1.129396e-03 9.999991e-01 -7.104287e-04 -5.798521e-01 2.161255e-03 7.128690e-04 9.999974e-01 -5.937439e+00
9.999978e-01 -1.185814e-03 -1.749326e-03 2.057935e+01 1.187619e-03 9.999988e-01 1.031323e-03 -5.943489e-01 1.748100e-03 -1.033399e-03 9.999979e-01 -6.034846e+00
9.999951e-01 1.148114e-03 -2.905323e-03 2.142328e+01 -1.149912e-03 9.999991e-01 -6.175598e-04 -5.807968e-01 2.904611e-03 6.208984e-04 9.999956e-01 -6.433592e+00
9.999937e-01 -1.148003e-03 -3.369405e-03 2.264642e+01 1.152506e-03 9.999984e-01 1.334796e-03 -5.429336e-01 3.367867e-03 -1.338671e-03 9.999934e-01 -8.214566e+00
9.999790e-01 8.737707e-04 -6.417004e-03 2.654762e+01 -8.775772e-04 9.999994e-01 -5.904335e-04 -4.454070e-01 6.416485e-03 5.960532e-04 9.999792e-01 -1.138671e+01
9.999992e-01 -1.115167e-03 5.259545e-04 2.903607e+01 1.114402e-03 9.999983e-01 1.451704e-03 -3.799879e-01 -5.275728e-04 -1.451117e-03 9.999988e-01 -1.404282e+01
9.999894e-01 1.267980e-03 -4.428306e-03 2.876166e+01 -1.271827e-03 9.999988e-01 -8.662721e-04 -3.712683e-01 4.427202e-03 8.718956e-04 9.999898e-01 -1.501032e+01
9.999992e-01 -1.130582e-03 5.799871e-04 2.845221e+01 1.129787e-03 9.999984e-01 1.369987e-03 -3.652363e-01 -5.815353e-04 -1.369331e-03 9.999989e-01 -1.547388e+01
9.999903e-01 1.164089e-03 -4.259179e-03 2.852680e+01 -1.168305e-03 9.999988e-01 -9.875550e-04 -3.668070e-01 4.258025e-03 9.925220e-04 9.999904e-01 -1.609552e+01
9.999994e-01 -1.056508e-03 4.167515e-04 2.859024e+01 1.055930e-03 9.999985e-01 1.383991e-03 -3.598807e-01 -4.182133e-04 -1.383550e-03 9.999990e-01 -1.719159e+01
9.999846e-01 1.323713e-03 -5.389516e-03 2.841271e+01 -1.327552e-03 9.999989e-01 -7.088442e-04 -3.202797e-01 5.388572e-03 7.159889e-04 9.999852e-01 -1.965223e+01
9.999989e-01 -1.168674e-03 8.877226e-04 2.813278e+01 1.167462e-03 9.999984e-01 1.364736e-03 -2.849386e-01 -8.893164e-04 -1.363699e-03 9.999987e-01 -2.158412e+01
9.999895e-01 1.224350e-03 -4.416139e-03 2.810305e+01 -1.228839e-03 9.999987e-01 -1.014030e-03 -2.875173e-01 4.414892e-03 1.019447e-03 9.999897e-01 -2.210337e+01
9.999992e-01 -1.118546e-03 5.637990e-04 2.838074e+01 1.117728e-03 9.999983e-01 1.448281e-03 -2.921428e-01 -5.654183e-04 -1.447651e-03 9.999988e-01 -2.274671e+01
9.999878e-01 1.288206e-03 -4.778340e-03 2.825527e+01 -1.292845e-03 9.999987e-01 -9.680890e-04 -2.919398e-01 4.777087e-03 9.742554e-04 9.999881e-01 -2.295287e+01
9.999992e-01 -1.123189e-03 5.947663e-04 2.807478e+01 1.122332e-03 9.999983e-01 1.439118e-03 -2.888163e-01 -5.963820e-04 -1.438450e-03 9.999988e-01 -2.291863e+01
9.999852e-01 1.392460e-03 -5.264573e-03 2.765291e+01 -1.398223e-03 9.999984e-01 -1.091242e-03 -2.728815e-01 5.263045e-03 1.098587e-03 9.999855e-01 -2.235657e+01
9.999991e-01 -1.177494e-03 7.041652e-04 2.729767e+01 1.176445e-03 9.999982e-01 1.487295e-03 -2.610473e-01 -7.059155e-04 -1.486466e-03 9.999986e-01 -2.211217e+01
9.999859e-01 1.174880e-03 -5.179111e-03 2.781362e+01 -1.180714e-03 9.999987e-01 -1.123575e-03 -2.689235e-01 5.177784e-03 1.129674e-03 9.999860e-01 -2.202370e+01
9.999989e-01 -1.184591e-03 8.653184e-04 2.820415e+01 1.183383e-03 9.999983e-01 1.395030e-03 -2.784113e-01 -8.669698e-04 -1.394005e-03 9.999987e-01 -2.184607e+01
9.999833e-01 1.385345e-03 -5.606210e-03 2.796880e+01 -1.392228e-03 9.999983e-01 -1.224163e-03 -2.688039e-01 5.604505e-03 1.231949e-03 9.999835e-01 -2.119165e+01
9.999985e-01 -1.174088e-03 1.297462e-03 2.743403e+01 1.171850e-03 9.999978e-01 1.723631e-03 -2.523989e-01 -1.299483e-03 -1.722109e-03 9.999977e-01 -2.110467e+01
9.999856e-01 1.225993e-03 -5.215973e-03 2.763595e+01 -1.233944e-03 9.999981e-01 -1.521472e-03 -2.719732e-01 5.214098e-03 1.527887e-03 9.999852e-01 -2.060862e+01
9.999981e-01 -1.113919e-03 1.592258e-03 2.774466e+01 1.111547e-03 9.999983e-01 1.489904e-03 -2.977586e-01 -1.593915e-03 -1.488132e-03 9.999976e-01 -1.964683e+01
9.999856e-01 1.213934e-03 -5.229287e-03 2.805833e+01 -1.221443e-03 9.999982e-01 -1.433027e-03 -3.317564e-01 5.227538e-03 1.439394e-03 9.999853e-01 -1.871258e+01
9.999975e-01 -1.221154e-03 1.881033e-03 2.843792e+01 1.217991e-03 9.999978e-01 1.681382e-03 -3.580953e-01 -1.883083e-03 -1.679087e-03 9.999968e-01 -1.837480e+01
9.999862e-01 1.215856e-03 -5.113666e-03 2.865275e+01 -1.223042e-03 9.999983e-01 -1.402404e-03 -3.783535e-01 5.111953e-03 1.408640e-03 9.999859e-01 -1.811651e+01
9.999986e-01 -1.088951e-03 1.235054e-03 2.853625e+01 1.087006e-03 9.999982e-01 1.574169e-03 -3.846403e-01 -1.236766e-03 -1.572825e-03 9.999980e-01 -1.754975e+01
9.999878e-01 1.091688e-03 -4.819810e-03 2.886740e+01 -1.097935e-03 9.999986e-01 -1.293720e-03 -4.058361e-01 4.818391e-03 1.298996e-03 9.999875e-01 -1.729717e+01
9.999993e-01 -1.186893e-03 2.464593e-04 2.977492e+01 1.186479e-03 9.999979e-01 1.673279e-03 -4.024657e-01 -2.484450e-04 -1.672986e-03 9.999986e-01 -1.774937e+01
9.999926e-01 1.159609e-03 -3.667486e-03 3.027300e+01 -1.164337e-03 9.999985e-01 -1.287198e-03 -4.186563e-01 3.665989e-03 1.291459e-03 9.999924e-01 -1.771050e+01
9.999994e-01 -1.023252e-03 -2.943649e-04 3.012955e+01 1.023649e-03 9.999986e-01 1.351536e-03 -4.241182e-01 2.929812e-04 -1.351837e-03 9.999990e-01 -1.700620e+01
9.999900e-01 1.301572e-03 -4.277259e-03 2.958249e+01 -1.306534e-03 9.999985e-01 -1.157472e-03 -4.060990e-01 4.275746e-03 1.163049e-03 9.999902e-01 -1.633680e+01
9.999993e-01 -1.011964e-03 -5.615901e-04 2.902849e+01 1.012716e-03 9.999986e-01 1.339733e-03 -3.862918e-01 5.602333e-04 -1.340302e-03 9.999989e-01 -1.559962e+01
9.999900e-01 1.260402e-03 -4.280174e-03 2.869594e+01 -1.265649e-03 9.999985e-01 -1.223520e-03 -3.746873e-01 4.278626e-03 1.228926e-03 9.999901e-01 -1.473710e+01
9.999991e-01 -1.075808e-03 -8.543784e-04 2.858391e+01 1.077040e-03 9.999984e-01 1.443560e-03 -3.677729e-01 8.528237e-04 -1.444480e-03 9.999986e-01 -1.408285e+01
9.999906e-01 1.212191e-03 -4.170661e-03 2.846306e+01 -1.217024e-03 9.999986e-01 -1.156424e-03 -3.529094e-01 4.169254e-03 1.161489e-03 9.999906e-01 -1.358315e+01
9.999987e-01 -9.798633e-04 -1.264751e-03 2.845005e+01 9.820505e-04 9.999980e-01 1.730107e-03 -3.240637e-01 1.263053e-03 -1.731347e-03 9.999977e-01 -1.476185e+01
9.999866e-01 1.200035e-03 -5.030369e-03 2.893401e+01 -1.205293e-03 9.999987e-01 -1.042534e-03 -2.678686e-01 5.029112e-03 1.048584e-03 9.999868e-01 -1.754327e+01
9.999981e-01 -1.129723e-03 -1.605217e-03 2.994270e+01 1.132358e-03 9.999980e-01 1.641930e-03 -2.041827e-01 1.603359e-03 -1.643746e-03 9.999974e-01 -2.052397e+01
9.999898e-01 1.309852e-03 -4.318615e-03 3.058625e+01 -1.313734e-03 9.999987e-01 -8.963433e-04 -1.538981e-01 4.317436e-03 9.020084e-04 9.999903e-01 -2.311257e+01
9.999992e-01 -1.111166e-03 -5.402811e-04 3.078905e+01 1.111985e-03 9.999982e-01 1.517563e-03 -1.312424e-01 5.385936e-04 -1.518163e-03 9.999987e-01 -2.464362e+01
9.999755e-01 1.411455e-03 -6.854549e-03 3.134486e+01 -1.415886e-03 9.999988e-01 -6.415974e-04 -9.106940e-02 6.853636e-03 6.512876e-04 9.999763e-01 -2.620759e+01
9.999971e-01 -1.432815e-03 1.938840e-03 3.183925e+01 1.430329e-03 9.999982e-01 1.282840e-03 -6.945162e-02 -1.940674e-03 -1.280064e-03 9.999973e-01 -2.691085e+01
9.999767e-01 1.629207e-03 -6.629561e-03 3.189027e+01 -1.634420e-03 9.999984e-01 -7.810374e-04 -7.501764e-02 6.628278e-03 7.918553e-04 9.999777e-01 -2.691580e+01
9.999961e-01 -1.558528e-03 2.321558e-03 3.203012e+01 1.555811e-03 9.999981e-01 1.171813e-03 -7.670103e-02 -2.323380e-03 -1.168197e-03 9.999966e-01 -2.717040e+01
9.999803e-01 1.596253e-03 -6.076771e-03 3.226378e+01 -1.602285e-03 9.999982e-01 -9.879613e-04 -9.779932e-02 6.075184e-03 9.976792e-04 9.999810e-01 -2.667214e+01
9.999975e-01 -1.372145e-03 1.762121e-03 3.192100e+01 1.370225e-03 9.999985e-01 1.090067e-03 -9.130144e-02 -1.763614e-03 -1.087651e-03 9.999979e-01 -2.586597e+01
9.999787e-01 1.568605e-03 -6.330035e-03 3.168438e+01 -1.575401e-03 9.999982e-01 -1.068875e-03 -9.009859e-02 6.328347e-03 1.078825e-03 9.999794e-01 -2.489993e+01
9.999974e-01 -1.483972e-03 1.729997e-03 3.214019e+01 1.481518e-03 9.999979e-01 1.418890e-03 -9.611314e-02 -1.732100e-03 -1.416324e-03 9.999975e-01 -2.519914e+01
9.999783e-01 1.682347e-03 -6.364813e-03 3.224973e+01 -1.687958e-03 9.999982e-01 -8.763794e-04 -9.210981e-02 6.363327e-03 8.871046e-04 9.999794e-01 -2.560428e+01
9.999982e-01 -1.434931e-03 1.263660e-03 3.206205e+01 1.433383e-03 9.999982e-01 1.225181e-03 -9.360179e-02 -1.265416e-03 -1.223368e-03 9.999985e-01 -2.482489e+01
9.999750e-01 1.773914e-03 -6.846191e-03 3.180070e+01 -1.777279e-03 9.999983e-01 -4.855394e-04 -6.154109e-02 6.845318e-03 4.976955e-04 9.999764e-01 -2.515091e+01
9.999961e-01 -1.724233e-03 2.189003e-03 3.235712e+01 1.722336e-03 9.999981e-01 8.683384e-04 -6.143536e-02 -2.190496e-03 -8.645654e-04 9.999972e-01 -2.460663e+01
9.999732e-01 1.929515e-03 -7.068508e-03 3.239604e+01 -1.933152e-03 9.999980e-01 -5.077774e-04 -5.750038e-02 7.067514e-03 5.214289e-04 9.999749e-01 -2.393489e+01
9.999941e-01 -1.691100e-03 2.983345e-03 3.226473e+01 1.689696e-03 9.999985e-01 4.727383e-04 -6.265012e-02 -2.984140e-03 -4.676952e-04 9.999954e-01 -2.266406e+01
9.999738e-01 1.799378e-03 -7.011872e-03 3.232418e+01 -1.801201e-03 9.999983e-01 -2.537332e-04 -7.863098e-02 7.011404e-03 2.663569e-04 9.999754e-01 -2.216675e+01
9.999937e-01 -1.640719e-03 3.148594e-03 3.222501e+01 1.639818e-03 9.999986e-01 2.885016e-04 -8.795350e-02 -3.149063e-03 -2.833373e-04 9.999950e-01 -2.127702e+01
9.999726e-01 1.767448e-03 -7.182223e-03 3.216851e+01 -1.769648e-03 9.999984e-01 -2.999883e-04 -9.871295e-02 7.181681e-03 3.126908e-04 9.999742e-01 -2.036616e+01
9.999942e-01 -1.572871e-03 3.009517e-03 3.198885e+01 1.571998e-03 9.999987e-01 2.924652e-04 -1.015583e-01 -3.009974e-03 -2.877332e-04 9.999954e-01 -1.935859e+01
9.999744e-01 1.642983e-03 -6.957352e-03 3.211584e+01 -1.644267e-03 9.999986e-01 -1.789313e-04 -1.177275e-01 6.957049e-03 1.903671e-04 9.999758e-01 -1.874775e+01
9.999944e-01 -1.603211e-03 2.941469e-03 3.258841e+01 1.602399e-03 9.999987e-01 2.781887e-04 -1.358031e-01 -2.941911e-03 -2.734744e-04 9.999956e-01 -1.848694e+01
9.999739e-01 1.601606e-03 -7.040178e-03 3.309400e+01 -1.602858e-03 9.999987e-01 -1.722695e-04 -1.498409e-01 7.039893e-03 1.835501e-04 9.999752e-01 -1.827187e+01
9.999947e-01 -1.523618e-03 2.863661e-03 3.321701e+01 1.522777e-03 9.999988e-01 2.956944e-04 -1.593126e-01 -2.864108e-03 -2.913327e-04 9.999959e-01 -1.785937e+01
9.999712e-01 1.595072e-03 -7.413543e-03 3.349434e+01 -1.595368e-03 9.999987e-01 -3.410972e-05 -1.476623e-01 7.413480e-03 4.593670e-05 9.999725e-01 -1.896864e+01
9.999938e-01 -1.409788e-03 3.240212e-03 3.360059e+01 1.408086e-03 9.999989e-01 5.274645e-04 -1.265365e-01 -3.240952e-03 -5.228993e-04 9.999946e-01 -2.074013e+01
9.999731e-01 1.529389e-03 -7.167677e-03 3.351865e+01 -1.529680e-03 9.999988e-01 -3.520533e-05 -1.242395e-01 7.167615e-03 4.616926e-05 9.999743e-01 -2.144918e+01
9.999955e-01 -1.365612e-03 2.687407e-03 3.350688e+01 1.364398e-03 9.999990e-01 4.535288e-04 -1.154017e-01 -2.688024e-03 -4.498607e-04 9.999963e-01 -2.253650e+01
9.999666e-01 1.747083e-03 -7.981345e-03 3.341212e+01 -1.746778e-03 9.999985e-01 4.509293e-05 -8.735850e-02 7.981412e-03 -3.114915e-05 9.999681e-01 -2.469928e+01
9.999921e-01 -1.496676e-03 3.683957e-03 3.329103e+01 1.494575e-03 9.999987e-01 5.730243e-04 -6.941618e-02 -3.684811e-03 -5.675144e-04 9.999931e-01 -2.626958e+01
9.999605e-01 1.758218e-03 -8.711152e-03 3.329798e+01 -1.759852e-03 9.999984e-01 -1.799936e-04 -5.194190e-02 8.710822e-03 1.953175e-04 9.999620e-01 -2.782974e+01
9.999902e-01 -1.513586e-03 4.172323e-03 3.334235e+01 1.510494e-03 9.999986e-01 7.440142e-04 -3.060971e-02 -4.173444e-03 -7.377052e-04 9.999910e-01 -2.954291e+01
9.999579e-01 1.628941e-03 -9.035619e-03 3.345861e+01 -1.634418e-03 9.999985e-01 -5.987846e-04 -2.389606e-02 9.034631e-03 6.135280e-04 9.999590e-01 -2.895387e+01
9.999857e-01 -1.687183e-03 5.074624e-03 3.412451e+01 1.683097e-03 9.999983e-01 8.091727e-04 -4.192183e-02 -5.075981e-03 -8.006207e-04 9.999868e-01 -2.861272e+01
9.999496e-01 1.935623e-03 -9.855932e-03 3.406385e+01 -1.939925e-03 9.999980e-01 -4.270109e-04 -3.133337e-02 9.855087e-03 4.461097e-04 9.999513e-01 -2.985209e+01
9.999826e-01 -1.731019e-03 5.643933e-03 3.399934e+01 1.725457e-03 9.999980e-01 9.900249e-04 -1.277740e-02 -5.645636e-03 -9.802699e-04 9.999836e-01 -3.151078e+01
9.999523e-01 1.730304e-03 -9.612268e-03 3.427552e+01 -1.736807e-03 9.999983e-01 -6.683171e-04 -1.843891e-02 9.611095e-03 6.849805e-04 9.999536e-01 -3.168992e+01
9.999795e-01 -1.771642e-03 6.155842e-03 3.457653e+01 1.765723e-03 9.999980e-01 9.667755e-04 -3.521367e-02 -6.157543e-03 -9.558868e-04 9.999806e-01 -3.154615e+01
9.999474e-01 1.896118e-03 -1.008454e-02 3.436888e+01 -1.904495e-03 9.999978e-01 -8.211855e-04 -3.620642e-02 1.008296e-02 8.403488e-04 9.999488e-01 -3.104547e+01
9.999785e-01 -1.781441e-03 6.308401e-03 3.419423e+01 1.773352e-03 9.999976e-01 1.287613e-03 -3.209164e-02 -6.310680e-03 -1.276399e-03 9.999793e-01 -3.148998e+01
9.999475e-01 1.858187e-03 -1.007746e-02 3.417491e+01 -1.866638e-03 9.999979e-01 -8.293377e-04 -3.238162e-02 1.007590e-02 8.481057e-04 9.999489e-01 -3.194209e+01
