9.999830e-01 1.765267e-04 -5.830829e-03 4.851626e-01 -1.738423e-04 9.999999e-01 4.608866e-04 2.132576e-02 5.830910e-03 -4.598658e-04 9.999829e-01 -1.333793e-01
9.999999e-01 -3.004822e-04 4.114903e-04 2.167230e+00 3.004011e-04 9.999999e-01 1.972186e-04 4.652543e-02 -4.115491e-04 -1.970942e-04 9.999999e-01 -1.180609e+00
9.999874e-01 3.329406e-04 -5.016368e-03 2.828952e+00 -3.330388e-04 9.999999e-01 -1.872909e-05 4.890591e-02 5.016362e-03 2.039879e-05 9.999874e-01 -7.890777e-01
9.999997e-01 -2.255147e-04 7.366687e-04 2.906452e+00 2.254256e-04 1.000000e+00 1.211330e-04 4.221863e-02 -7.366957e-04 -1.209662e-04 9.999997e-01 -7.932338e-02
9.999878e-01 3.189582e-04 -4.920223e-03 2.998638e+00 -3.188460e-04 9.999999e-01 2.359425e-05 3.385828e-02 4.920230e-03 -2.202589e-05 9.999879e-01 4.852209e-01
9.999993e-01 -2.638646e-04 1.110379e-03 3.124120e+00 2.638542e-04 1.000000e+00 9.483918e-06 1.707539e-02 -1.110381e-03 -9.190222e-06 9.999994e-01 1.128933e+00
9.999882e-01 3.555080e-04 -4.844959e-03 3.264459e+00 -3.549617e-04 9.999999e-01 1.136211e-04 -1.759968e-03 4.844999e-03 -1.119006e-04 9.999883e-01 1.539546e+00
9.999996e-01 -2.926119e-04 8.253971e-04 3.625884e+00 2.925240e-04 1.000000e+00 1.065767e-04 -2.487039e-02 -8.254279e-04 -1.063345e-04 9.999997e-01 2.052592e+00
9.999860e-01 5.068724e-04 -5.268189e-03 3.566607e+00 -5.074014e-04 9.999999e-01 -9.906914e-05 -3.130778e-02 5.268138e-03 1.017401e-04 9.999861e-01 3.198882e+00
1.000000e+00 -9.844171e-05 -1.839127e-04 3.196821e+00 9.849490e-05 1.000000e+00 2.890471e-04 -1.198333e-02 1.838846e-04 -2.890645e-04 9.999999e-01 4.468000e+00
9.999866e-01 5.211050e-04 -5.151433e-03 2.743228e+00 -5.218012e-04 9.999999e-01 -1.338072e-04 1.146647e-02 5.151362e-03 1.364927e-04 9.999867e-01 5.778087e+00
1.000000e+00 -2.033928e-04 1.578399e-04 2.802513e+00 2.033535e-04 9.999999e-01 2.491830e-04 1.080710e-02 -1.578902e-04 -2.491502e-04 1.000000e+00 6.999497e+00
9.999869e-01 2.076841e-04 -5.115518e-03 3.537412e+00 -2.058379e-04 9.999999e-01 3.614282e-04 1.424816e-02 5.115592e-03 -3.603712e-04 9.999869e-01 6.889909e+00
9.999998e-01 -1.576437e-04 5.511087e-04 4.226212e+00 1.574511e-04 9.999999e-01 3.496145e-04 2.811358e-02 -5.511634e-04 -3.495269e-04 9.999998e-01 6.341514e+00
9.999870e-01 2.068156e-04 -5.096902e-03 4.757780e+00 -2.064319e-04 1.000000e+00 7.583010e-05 2.089869e-02 5.096918e-03 -7.477767e-05 9.999870e-01 6.746860e+00
9.999999e-01 3.139336e-05 3.279531e-04 5.018011e+00 -3.146248e-05 1.000000e+00 2.108988e-04 1.606739e-02 -3.279462e-04 -2.109084e-04 9.999999e-01 7.757235e+00
9.999900e-01 2.802956e-04 -4.473351e-03 4.624327e+00 -2.808736e-04 1.000000e+00 -1.285586e-04 2.199775e-02 4.473314e-03 1.298130e-04 9.999900e-01 8.769741e+00
1.000000e+00 -1.268934e-04 2.284779e-04 4.529433e+00 1.268868e-04 1.000000e+00 2.920379e-05 1.415911e-02 -2.284812e-04 -2.917409e-05 1.000000e+00 9.763740e+00
9.999906e-01 2.413018e-04 -4.329238e-03 4.535178e+00 -2.414327e-04 1.000000e+00 -2.971617e-05 6.103351e-03 4.329231e-03 3.076040e-05 9.999906e-01 1.052220e+01
9.999999e-01 -2.023450e-04 2.445228e-04 5.018436e+00 2.023415e-04 1.000000e+00 1.447677e-05 -1.801881e-02 -2.445254e-04 -1.442658e-05 1.000000e+00 1.142223e+01
9.999880e-01 4.042928e-04 -4.884792e-03 5.085039e+00 -4.046369e-04 9.999999e-01 -6.944053e-05 -2.762035e-02 4.884764e-03 7.141555e-05 9.999881e-01 1.271972e+01
9.999999e-01 -5.527678e-05 3.687484e-04 5.038049e+00 5.531775e-05 1.000000e+00 -1.109371e-04 -4.206512e-02 -3.687419e-04 1.109582e-04 9.999999e-01 1.467388e+01
9.999836e-01 3.946468e-04 -5.707260e-03 5.141506e+00 -3.943348e-04 9.999999e-01 5.578959e-05 -4.120768e-02 5.707281e-03 -5.353882e-05 9.999837e-01 1.632239e+01
9.999999e-01 4.515327e-05 4.118906e-04 5.040421e+00 -4.523755e-05 1.000000e+00 2.047569e-04 -2.506485e-02 -4.118810e-04 -2.047748e-04 9.999999e-01 1.786880e+01
9.999878e-01 3.402079e-04 -4.923387e-03 4.874990e+00 -3.421633e-04 9.999999e-01 -3.963252e-04 -3.252905e-02 4.923251e-03 3.980043e-04 9.999878e-01 1.984236e+01
1.000000e+00 1.227970e-05 -1.135121e-04 4.890503e+00 -1.224717e-05 1.000000e+00 2.859796e-04 -3.799408e-02 1.135159e-04 -2.859775e-04 1.000000e+00 2.164528e+01
9.999901e-01 3.327610e-04 -4.447369e-03 4.855163e+00 -3.349420e-04 9.999998e-01 -4.896567e-04 -4.517462e-02 4.447205e-03 4.911407e-04 9.999900e-01 2.348348e+01
1.000000e+00 -2.084431e-04 1.666976e-04 5.429745e+00 2.084159e-04 1.000000e+00 1.634891e-04 -8.164684e-02 -1.667313e-04 -1.634536e-04 1.000000e+00 2.509368e+01
9.999900e-01 4.159514e-04 -4.455796e-03 5.715064e+00 -4.176955e-04 9.999998e-01 -3.904873e-04 -1.110990e-01 4.455633e-03 3.923438e-04 9.999900e-01 2.680986e+01
9.999999e-01 -1.096893e-04 2.973332e-04 5.561445e+00 1.096445e-04 1.000000e+00 1.509269e-04 -1.204603e-01 -2.973494e-04 -1.508936e-04 9.999999e-01 2.844352e+01
9.999915e-01 2.650216e-04 -4.114578e-03 5.661090e+00 -2.666243e-04 9.999999e-01 -3.889571e-04 -1.468479e-01 4.114475e-03 3.900501e-04 9.999915e-01 2.980524e+01
1.000000e+00 -1.316970e-04 3.912458e-05 5.946342e+00 1.316861e-04 1.000000e+00 2.782397e-04 -1.725784e-01 -3.916089e-05 -2.782339e-04 1.000000e+00 3.104928e+01
9.999927e-01 2.473083e-04 -3.821822e-03 6.075077e+00 -2.489268e-04 9.999999e-01 -4.229866e-04 -1.969019e-01 3.821716e-03 4.239341e-04 9.999926e-01 3.218460e+01
1.000000e+00 -1.004838e-04 -1.498731e-04 6.059806e+00 1.005424e-04 9.999999e-01 3.907908e-04 -2.099199e-01 1.498342e-04 -3.908052e-04 9.999999e-01 3.312420e+01
9.999933e-01 2.018628e-04 -3.643416e-03 6.096034e+00 -2.030963e-04 9.999999e-01 -3.381487e-04 -2.245602e-01 3.643347e-03 3.388857e-04 9.999933e-01 3.383860e+01
1.000000e+00 -9.491275e-05 -2.986009e-04 6.037452e+00 9.505164e-05 9.999999e-01 4.648854e-04 -2.317541e-01 2.985571e-04 -4.649131e-04 9.999998e-01 3.445119e+01
9.999919e-01 2.614930e-04 -4.005137e-03 5.902221e+00 -2.628577e-04 9.999999e-01 -3.402048e-04 -2.324068e-01 4.005047e-03 3.412541e-04 9.999919e-01 3.521141e+01
1.000000e+00 -8.192154e-05 -2.661107e-04 5.711843e+00 8.204650e-05 9.999999e-01 4.692935e-04 -2.297887e-01 2.660725e-04 -4.693146e-04 9.999999e-01 3.589012e+01
9.999921e-01 2.813760e-04 -3.958749e-03 5.393468e+00 -2.821360e-04 9.999999e-01 -1.914071e-04 -2.214024e-01 3.958695e-03 1.925218e-04 9.999921e-01 3.631151e+01
1.000000e+00 -1.227987e-04 4.458449e-05 5.048165e+00 1.227765e-04 9.999999e-01 4.995785e-04 -2.173565e-01 -4.464550e-05 -4.995723e-04 9.999999e-01 3.659781e+01
9.999919e-01 2.959840e-04 -4.020247e-03 4.619920e+00 -2.964227e-04 1.000000e+00 -1.084993e-04 -2.083934e-01 4.020215e-03 1.096894e-04 9.999919e-01 3.676949e+01
1.000000e+00 -2.647932e-04 1.693574e-04 4.876712e+00 2.647150e-04 9.999999e-01 4.617302e-04 -2.179108e-01 -1.694793e-04 -4.616847e-04 9.999999e-01 3.675623e+01
9.999925e-01 3.551605e-04 -3.855972e-03 4.791030e+00 -3.562168e-04 9.999999e-01 -2.732345e-04 -2.259818e-01 3.855875e-03 2.746053e-04 9.999925e-01 3.716641e+01
9.999999e-01 -2.888626e-04 2.451550e-04 4.746651e+00 2.887385e-04 9.999998e-01 5.066907e-04 -2.359940e-01 -2.453010e-04 -5.066192e-04 9.999998e-01 3.745405e+01
9.999922e-01 2.871137e-04 -3.933904e-03 5.083175e+00 -2.880904e-04 9.999999e-01 -2.476931e-04 -2.534455e-01 3.933832e-03 2.488238e-04 9.999922e-01 3.774154e+01
9.999999e-01 -2.382120e-04 3.571543e-04 5.218253e+00 2.380759e-04 9.999999e-01 3.813432e-04 -2.717446e-01 -3.572448e-04 -3.812574e-04 9.999999e-01 3.824850e+01
9.999903e-01 3.937002e-04 -4.391213e-03 4.998271e+00 -3.944620e-04 9.999999e-01 -1.726072e-04 -2.720552e-01 4.391144e-03 1.743370e-04 9.999903e-01 3.876730e+01
9.999999e-01 -2.091396e-04 3.764012e-04 4.570469e+00 2.089279e-04 9.999998e-01 5.627247e-04 -2.613697e-01 -3.765185e-04 -5.626453e-04 9.999998e-01 3.897008e+01
9.999917e-01 2.983087e-04 -4.067090e-03 4.443611e+00 -3.000134e-04 9.999999e-01 -4.185228e-04 -2.671705e-01 4.066965e-03 4.197388e-04 9.999916e-01 3.941703e+01
9.999998e-01 -2.795381e-04 5.620501e-04 4.597413e+00 2.791849e-04 9.999998e-01 6.286118e-04 -2.855387e-01 -5.622253e-04 -6.284540e-04 9.999996e-01 3.976592e+01
9.999915e-01 2.678299e-04 -4.114094e-03 4.959821e+00 -2.695481e-04 9.999999e-01 -4.170603e-04 -3.051733e-01 4.113982e-03 4.181650e-04 9.999915e-01 4.007800e+01
9.999998e-01 -2.170433e-04 6.439951e-04 5.020398e+00 2.167200e-04 9.999999e-01 5.021478e-04 -3.248566e-01 -6.441037e-04 -5.020074e-04 9.999997e-01 4.064850e+01
9.999914e-01 2.773625e-04 -4.144124e-03 4.982663e+00 -2.789302e-04 9.999999e-01 -3.776860e-04 -3.374176e-01 4.144019e-03 3.788379e-04 9.999913e-01 4.109244e+01
9.999998e-01 -2.301469e-04 5.990728e-04 5.006186e+00 2.297676e-04 9.999998e-01 6.334487e-04 -3.491216e-01 -5.992181e-04 -6.333102e-04 9.999996e-01 4.109913e+01
9.999915e-01 2.174750e-04 -4.106647e-03 5.235557e+00 -2.189837e-04 9.999999e-01 -3.669124e-04 -3.599152e-01 4.106566e-03 3.678078e-04 9.999915e-01 4.103732e+01
9.999999e-01 -2.228318e-04 4.439992e-04 5.610984e+00 2.225904e-04 9.999998e-01 5.439857e-04 -3.740773e-01 -4.441200e-04 -5.438861e-04 9.999998e-01 4.110533e+01
9.999925e-01 2.085730e-04 -3.872075e-03 6.012435e+00 -2.101964e-04 9.999999e-01 -4.188261e-04 -3.984289e-01 3.871987e-03 4.196362e-04 9.999924e-01 4.158737e+01
1.000000e+00 -1.497317e-04 1.389349e-04 6.155212e+00 1.496614e-04 9.999999e-01 5.070076e-04 -4.192330e-01 -1.390105e-04 -5.069861e-04 9.999999e-01 4.224522e+01
9.999904e-01 2.144539e-04 -4.367370e-03 6.352489e+00 -2.156556e-04 9.999999e-01 -2.746520e-04 -4.300408e-01 4.367311e-03 2.755905e-04 9.999904e-01 4.252173e+01
9.999997e-01 -1.688566e-04 6.885689e-04 6.492934e+00 1.684957e-04 9.999998e-01 5.242942e-04 -4.410897e-01 -6.886570e-04 -5.241773e-04 9.999996e-01 4.240337e+01
9.999896e-01 2.979698e-04 -4.556071e-03 6.414359e+00 -2.990459e-04 9.999999e-01 -2.354918e-04 -4.499859e-01 4.556000e-03 2.368511e-04 9.999896e-01 4.261143e+01
9.999996e-01 -2.550276e-04 9.073863e-04 6.498924e+00 2.546968e-04 9.999999e-01 3.647386e-04 -4.628486e-01 -9.074789e-04 -3.645066e-04 9.999995e-01 4.308787e+01
9.999894e-01 3.263519e-04 -4.597720e-03 6.379816e+00 -3.266360e-04 9.999999e-01 -6.101966e-05 -4.695664e-01 4.597699e-03 6.252009e-05 9.999894e-01 4.295868e+01
9.999995e-01 -2.654751e-04 9.611292e-04 6.505871e+00 2.651523e-04 9.999999e-01 3.361082e-04 -4.775590e-01 -9.612180e-04 -3.358525e-04 9.999995e-01 4.257527e+01
9.999901e-01 2.882800e-04 -4.447600e-03 6.752409e+00 -2.887634e-04 1.000000e+00 -1.080264e-04 -4.938387e-01 4.447568e-03 1.093090e-04 9.999901e-01 4.265791e+01
9.999997e-01 -2.191296e-04 7.555330e-04 6.799947e+00 2.190074e-04 1.000000e+00 1.619200e-04 -5.118972e-01 -7.555681e-04 -1.617538e-04 9.999997e-01 4.330848e+01
9.999895e-01 2.910141e-04 -4.571847e-03 6.855801e+00 -2.909557e-04 1.000000e+00 1.347132e-05 -5.254239e-01 4.571851e-03 -1.214167e-05 9.999895e-01 4.366864e+01
9.999995e-01 -2.437135e-04 9.797962e-04 6.966765e+00 2.433969e-04 9.999999e-01 3.233981e-04 -5.385413e-01 -9.798746e-04 -3.231588e-04 9.999995e-01 4.365000e+01
9.999867e-01 3.694870e-04 -5.144263e-03 6.968873e+00 -3.704403e-04 9.999999e-01 -1.843486e-04 -5.454806e-01 5.144194e-03 1.862511e-04 9.999868e-01 4.433589e+01
9.999992e-01 -2.297845e-04 1.234892e-03 6.713488e+00 2.291775e-04 9.999999e-01 4.917572e-04 -5.441744e-01 -1.235005e-03 -4.914731e-04 9.999991e-01 4.455091e+01
9.999850e-01 3.903850e-04 -5.456230e-03 6.558671e+00 -3.921672e-04 9.999999e-01 -3.255584e-04 -5.461522e-01 5.456102e-03 3.276926e-04 9.999851e-01 4.518578e+01
9.999983e-01 -3.007507e-04 1.805794e-03 6.617353e+00 2.999435e-04 9.999999e-01 4.473521e-04 -5.626742e-01 -1.805928e-03 -4.468090e-04 9.999983e-01 4.579700e+01
9.999848e-01 4.008342e-04 -5.497050e-03 6.700093e+00 -4.031147e-04 9.999998e-01 -4.137351e-04 -5.808433e-01 5.496883e-03 4.159440e-04 9.999848e-01 4.652542e+01
9.999985e-01 -2.988810e-04 1.692514e-03 6.786011e+00 2.979252e-04 9.999998e-01 5.650544e-04 -5.984239e-01 -1.692682e-03 -5.645486e-04 9.999984e-01 4.716096e+01
9.999817e-01 5.044460e-04 -6.036771e-03 6.481754e+00 -5.070551e-04 9.999998e-01 -4.306563e-04 -5.917873e-01 6.036552e-03 4.337087e-04 9.999817e-01 4.788817e+01
9.999982e-01 -3.291619e-04 1.872062e-03 6.385710e+00 3.281911e-04 9.999998e-01 5.189096e-04 -5.981505e-01 -1.872232e-03 -5.182936e-04 9.999981e-01 4.877296e+01
9.999831e-01 4.139413e-04 -5.805574e-03 6.702391e+00 -4.162664e-04 9.999998e-01 -3.992741e-04 -6.183953e-01 5.805407e-03 4.016833e-04 9.999831e-01 4.948057e+01
9.999984e-01 -2.774411e-04 1.756508e-03 6.812675e+00 2.765233e-04 9.999998e-01 5.228434e-04 -6.310941e-01 -1.756652e-03 -5.223562e-04 9.999983e-01 5.028325e+01
9.999845e-01 3.816239e-04 -5.557870e-03 6.880556e+00 -3.840966e-04 9.999998e-01 -4.438262e-04 -6.459223e-01 5.557699e-03 4.459534e-04 9.999845e-01 5.098938e+01
9.999978e-01 -3.749015e-04 2.073099e-03 6.985620e+00 3.734482e-04 9.999997e-01 7.014370e-04 -6.564401e-01 -2.073361e-03 -7.006606e-04 9.999976e-01 5.105937e+01
9.999823e-01 4.739498e-04 -5.930717e-03 6.948504e+00 -4.777540e-04 9.999997e-01 -6.400132e-04 -6.682045e-01 5.930412e-03 6.428346e-04 9.999822e-01 5.169939e+01
9.999976e-01 -3.783566e-04 2.175844e-03 6.978335e+00 3.770364e-04 9.999997e-01 6.071737e-04 -6.858332e-01 -2.176073e-03 -6.063511e-04 9.999974e-01 5.254181e+01
9.999820e-01 4.521132e-04 -5.974927e-03 7.003202e+00 -4.544662e-04 9.999998e-01 -3.924449e-04 -6.972489e-01 5.974748e-03 3.951526e-04 9.999821e-01 5.288564e+01
9.999976e-01 -3.509014e-04 2.175061e-03 6.771323e+00 3.492899e-04 9.999997e-01 7.413056e-04 -6.960435e-01 -2.175320e-03 -7.405434e-04 9.999974e-01 5.292926e+01
9.999815e-01 4.713116e-04 -6.059663e-03 6.633215e+00 -4.751061e-04 9.999997e-01 -6.247424e-04 -7.016340e-01 6.059366e-03 6.276092e-04 9.999814e-01 5.349672e+01
9.999993e-01 -3.780578e-04 1.152160e-03 7.129923e+00 3.769772e-04 9.999995e-01 9.381292e-04 -7.107130e-01 -1.152514e-03 -9.376935e-04 9.999989e-01 5.427827e+01
9.999813e-01 8.749808e-04 -6.054478e-03 6.779332e+00 -8.798940e-04 9.999993e-01 -8.088653e-04 -6.996098e-01 6.053765e-03 8.141768e-04 9.999813e-01 5.598797e+01
9.999991e-01 -3.920069e-04 1.251630e-03 6.287598e+00 3.913931e-04 9.999998e-01 4.906763e-04 -6.878718e-01 -1.251822e-03 -4.901853e-04 9.999991e-01 5.809423e+01
9.999816e-01 8.276850e-04 -6.016684e-03 5.838169e+00 -8.320670e-04 9.999994e-01 -7.258154e-04 -6.780690e-01 6.016080e-03 7.308076e-04 9.999816e-01 6.002083e+01
9.999998e-01 -4.176935e-04 4.995894e-04 5.761753e+00 4.172930e-04 9.999996e-01 8.018674e-04 -6.685179e-01 -4.999238e-04 -8.016581e-04 9.999996e-01 6.182788e+01
9.999861e-01 8.077333e-04 -5.212672e-03 6.015715e+00 -8.127157e-04 9.999992e-01 -9.537411e-04 -6.856786e-01 5.211897e-03 9.579636e-04 9.999860e-01 6.398295e+01
9.999998e-01 -3.612874e-04 -5.382898e-04 5.964581e+00 3.618567e-04 9.999994e-01 1.057453e-03 -6.759591e-01 5.379078e-04 -1.057647e-03 9.999993e-01 6.572671e+01
9.999915e-01 7.353377e-04 -4.047306e-03 5.858796e+00 -7.401350e-04 9.999990e-01 -1.183896e-03 -6.792995e-01 4.046431e-03 1.186881e-03 9.999911e-01 6.752746e+01
9.999999e-01 -5.271293e-04 -2.323447e-05 5.978104e+00 5.271482e-04 9.999995e-01 8.167021e-04 -7.090297e-01 2.280426e-05 -8.167135e-04 9.999997e-01 6.921048e+01
9.999924e-01 5.858418e-04 -3.864709e-03 6.358700e+00 -5.890089e-04 9.999995e-01 -8.183557e-04 -7.370987e-01 3.864228e-03 8.206251e-04 9.999922e-01 7.008747e+01
9.999998e-01 -5.948196e-04 1.593567e-04 6.572346e+00 5.946349e-04 9.999992e-01 1.158077e-03 -7.424081e-01 -1.600451e-04 -1.157982e-03 9.999993e-01 6.970945e+01
9.999918e-01 6.093226e-04 -4.010609e-03 6.857796e+00 -6.124792e-04 9.999995e-01 -7.858531e-04 -7.459249e-01 4.010128e-03 7.883024e-04 9.999916e-01 6.931418e+01
9.999998e-01 -6.355706e-04 2.817096e-04 7.219042e+00 6.352593e-04 9.999992e-01 1.104560e-03 -7.566186e-01 -2.824111e-04 -1.104380e-03 9.999994e-01 6.920587e+01
9.999914e-01 7.300591e-04 -4.076494e-03 7.170432e+00 -7.335930e-04 9.999994e-01 -8.654262e-04 -7.628245e-01 4.075860e-03 8.684085e-04 9.999913e-01 6.944932e+01
9.999997e-01 -7.344000e-04 1.947128e-04 7.577597e+00 7.342161e-04 9.999993e-01 9.433449e-04 -7.800850e-01 -1.954051e-04 -9.432009e-04 9.999995e-01 6.978499e+01
9.999916e-01 7.055287e-04 -4.028732e-03 8.148880e+00 -7.082218e-04 9.999995e-01 -6.670479e-04 -7.909493e-01 4.028259e-03 6.698949e-04 9.999917e-01 6.967537e+01
9.999997e-01 -7.692502e-04 2.136242e-04 8.668711e+00 7.690371e-04 9.999992e-01 9.968090e-04 -7.961532e-01 -2.143906e-04 -9.966437e-04 9.999995e-01 6.938875e+01
9.999915e-01 7.229856e-04 -4.055334e-03 9.220248e+00 -7.259380e-04 9.999995e-01 -7.265674e-04 -8.096471e-01 4.054806e-03 7.295045e-04 9.999915e-01 6.938670e+01
9.999996e-01 -7.574382e-04 4.462125e-04 9.671903e+00 7.570188e-04 9.999993e-01 9.396259e-04 -8.306603e-01 -4.469236e-04 -9.392870e-04 9.999995e-01 6.970480e+01
9.999912e-01 7.276478e-04 -4.124056e-03 1.019006e+01 -7.305965e-04 9.999995e-01 -7.134915e-04 -8.485770e-01 4.123534e-03 7.164975e-04 9.999912e-01 6.985520e+01
9.999994e-01 -7.330337e-04 7.787185e-04 1.050111e+01 7.323139e-04 9.999993e-01 9.244619e-04 -8.722358e-01 -7.793953e-04 -9.238904e-04 9.999993e-01 7.021576e+01
9.999895e-01 7.506906e-04 -4.527271e-03 1.094395e+01 -7.542670e-04 9.999994e-01 -7.882737e-04 -9.009470e-01 4.526676e-03 7.916795e-04 9.999894e-01 7.080382e+01
9.999993e-01 -8.245760e-04 8.332612e-04 1.199620e+01 8.236178e-04 9.999990e-01 1.149865e-03 -9.221110e-01 -8.342083e-04 -1.149177e-03 9.999990e-01 7.088953e+01
9.999889e-01 7.796447e-04 -4.642621e-03 1.303864e+01 -7.830884e-04 9.999994e-01 -7.399373e-04 -9.447066e-01 4.642041e-03 7.435640e-04 9.999889e-01 7.100395e+01
9.999991e-01 -8.168957e-04 1.026756e-03 1.396265e+01 8.157664e-04 9.999991e-01 1.099927e-03 -9.696938e-01 -1.027653e-03 -1.099088e-03 9.999989e-01 7.117069e+01
9.999886e-01 7.467148e-04 -4.713146e-03 1.480641e+01 -7.502061e-04 9.999994e-01 -7.389967e-04 -9.874392e-01 4.712591e-03 7.425234e-04 9.999886e-01 7.119521e+01
9.999996e-01 -7.835211e-04 4.835476e-04 1.543797e+01 7.830030e-04 9.999991e-01 1.070983e-03 -9.864389e-01 -4.843860e-04 -1.070604e-03 9.999993e-01 7.073773e+01
9.999903e-01 7.435648e-04 -4.352733e-03 1.636407e+01 -7.464805e-04 9.999995e-01 -6.682324e-04 -1.002412e+00 4.352233e-03 6.714744e-04 9.999903e-01 7.068762e+01
9.999996e-01 -8.131065e-04 4.813689e-04 1.750530e+01 8.125932e-04 9.999991e-01 1.065968e-03 -1.024703e+00 -4.822349e-04 -1.065575e-03 9.999993e-01 7.077384e+01
9.999896e-01 7.605710e-04 -4.490870e-03 1.858455e+01 -7.636439e-04 9.999995e-01 -6.825508e-04 -1.037440e+00 4.490348e-03 6.859725e-04 9.999897e-01 7.061088e+01
9.999995e-01 -8.477437e-04 4.610966e-04 1.944484e+01 8.473335e-04 9.999992e-01 8.894557e-04 -1.032896e+00 -4.618500e-04 -8.890638e-04 9.999995e-01 6.999041e+01
9.999891e-01 8.557593e-04 -4.593411e-03 2.004577e+01 -8.582543e-04 9.999995e-01 -5.411887e-04 -1.027615e+00 4.592945e-03 5.451244e-04 9.999893e-01 6.927869e+01
9.999995e-01 -8.865374e-04 4.133257e-04 2.099262e+01 8.861637e-04 9.999992e-01 9.039842e-04 -1.030841e+00 -4.141265e-04 -9.036168e-04 9.999995e-01 6.888851e+01
9.999892e-01 8.251490e-04 -4.582601e-03 2.191602e+01 -8.277686e-04 9.999995e-01 -5.697320e-04 -1.029717e+00 4.582128e-03 5.735185e-04 9.999893e-01 6.840867e+01
9.999996e-01 -9.083143e-04 4.976095e-05 2.278734e+01 9.082706e-04 9.999992e-01 8.762367e-04 -1.021007e+00 -5.055651e-05 -8.761904e-04 9.999996e-01 6.773758e+01
9.999878e-01 8.119303e-04 -4.876354e-03 2.414610e+01 -8.140724e-04 9.999996e-01 -4.372790e-04 -1.009828e+00 4.875997e-03 4.412426e-04 9.999880e-01 6.701758e+01
9.999995e-01 -9.061988e-04 3.771234e-04 2.544655e+01 9.058655e-04 9.999992e-01 8.836070e-04 -1.005335e+00 -3.779235e-04 -8.832642e-04 9.999995e-01 6.644165e+01
9.999885e-01 8.489213e-04 -4.711548e-03 2.629520e+01 -8.518579e-04 9.999994e-01 -6.212501e-04 -9.987613e-01 4.711017e-03 6.252558e-04 9.999887e-01 6.577726e+01
9.999880e-01 -8.919633e-04 -4.811286e-03 2.902623e+01 8.968131e-04 9.999991e-01 1.005908e-03 -9.050857e-01 4.810384e-03 -1.010211e-03 9.999879e-01 6.230457e+01
9.999988e-01 6.480926e-04 -1.398717e-03 3.182948e+01 -6.484907e-04 9.999997e-01 -2.840733e-04 -8.184430e-01 1.398532e-03 2.849793e-04 9.999990e-01 5.901127e+01
9.999961e-01 -5.789049e-04 -2.739198e-03 3.216566e+01 5.805551e-04 9.999997e-01 6.016339e-04 -8.083126e-01 2.738849e-03 -6.032211e-04 9.999961e-01 5.799167e+01
9.999986e-01 5.633725e-04 -1.593517e-03 3.305735e+01 -5.637762e-04 9.999998e-01 -2.527559e-04 -8.042924e-01 1.593374e-03 2.536532e-04 9.999987e-01 5.737917e+01
9.999957e-01 -6.637474e-04 -2.843718e-03 3.491279e+01 6.660884e-04 9.999994e-01 8.222667e-04 -8.205225e-01 2.843171e-03 -8.241567e-04 9.999956e-01 5.720839e+01
9.999985e-01 5.376274e-04 -1.659835e-03 3.707374e+01 -5.379004e-04 9.999998e-01 -1.639278e-04 -8.395639e-01 1.659746e-03 1.648197e-04 9.999986e-01 5.706733e+01
9.999972e-01 -7.325609e-04 -2.247919e-03 3.933975e+01 7.341348e-04 9.999995e-01 6.993537e-04 -8.698139e-01 2.247405e-03 -7.010014e-04 9.999972e-01 5.719070e+01
9.999985e-01 5.580344e-04 -1.651212e-03 4.057791e+01 -5.588064e-04 9.999997e-01 -4.669493e-04 -8.697539e-01 1.650951e-03 4.678706e-04 9.999985e-01 5.662513e+01
9.999972e-01 -5.430604e-04 -2.284640e-03 4.104851e+01 5.447211e-04 9.999996e-01 7.262763e-04 -8.632147e-01 2.284245e-03 -7.275181e-04 9.999971e-01 5.582495e+01
9.999975e-01 5.348666e-04 -2.180429e-03 4.197827e+01 -5.357474e-04 9.999998e-01 -4.032872e-04 -8.594841e-01 2.180213e-03 4.044537e-04 9.999975e-01 5.529328e+01
9.999962e-01 -7.061893e-04 -2.646734e-03 4.342811e+01 7.083737e-04 9.999994e-01 8.243938e-04 -8.461522e-01 2.646151e-03 -8.262649e-04 9.999962e-01 5.453588e+01
9.999990e-01 5.401996e-04 -1.306524e-03 4.501648e+01 -5.405898e-04 9.999998e-01 -2.981130e-04 -8.578797e-01 1.306363e-03 2.988184e-04 9.999991e-01 5.427997e+01
9.999956e-01 -6.259160e-04 -2.901131e-03 4.630218e+01 6.277756e-04 9.999996e-01 6.400548e-04 -8.568908e-01 2.900730e-03 -6.418726e-04 9.999956e-01 5.372464e+01
9.999992e-01 5.802312e-04 -1.164673e-03 4.711988e+01 -5.806539e-04 9.999998e-01 -3.624160e-04 -8.503608e-01 1.164462e-03 3.630913e-04 9.999993e-01 5.301738e+01
9.999960e-01 -4.652745e-04 -2.799019e-03 4.722265e+01 4.673914e-04 9.999996e-01 7.556329e-04 -8.384187e-01 2.798666e-03 -7.569374e-04 9.999958e-01 5.168968e+01
9.999988e-01 5.110858e-04 -1.463737e-03 4.762530e+01 -5.117541e-04 9.999998e-01 -4.560877e-04 -8.255922e-01 1.463504e-03 4.568355e-04 9.999988e-01 5.060650e+01
9.999925e-01 -6.547717e-04 -3.808675e-03 4.912377e+01 6.577906e-04 9.999995e-01 7.913769e-04 -8.010075e-01 3.808155e-03 -7.938756e-04 9.999924e-01 4.955731e+01
9.999996e-01 3.779690e-04 -7.751853e-04 5.115586e+01 -3.782696e-04 9.999999e-01 -3.874281e-04 -7.806188e-01 7.750385e-04 3.877205e-04 9.999996e-01 4.849224e+01
9.999942e-01 -3.265202e-04 -3.380124e-03 5.160274e+01 3.290493e-04 9.999997e-01 7.476444e-04 -7.791991e-01 3.379879e-03 -7.487516e-04 9.999940e-01 4.792647e+01
9.999995e-01 4.931181e-04 -9.151433e-04 5.129445e+01 -4.935153e-04 9.999998e-01 -4.335819e-04 -7.714988e-01 9.149290e-04 4.340327e-04 9.999995e-01 4.814704e+01
9.999932e-01 -4.486388e-04 -3.668409e-03 5.124056e+01 4.509840e-04 9.999997e-01 6.384332e-04 -7.698806e-01 3.668122e-03 -6.400826e-04 9.999931e-01 4.854045e+01
9.999998e-01 3.475269e-04 -5.154808e-04 5.194858e+01 -3.477155e-04 9.999999e-01 -3.652637e-04 -7.659872e-01 5.153535e-04 3.654422e-04 9.999998e-01 4.799768e+01
9.999939e-01 -3.833655e-04 -3.475280e-03 5.272433e+01 3.856558e-04 9.999997e-01 6.583009e-04 -7.655245e-01 3.475027e-03 -6.596365e-04 9.999937e-01 4.745089e+01
9.999998e-01 3.578790e-04 -4.733410e-04 5.372611e+01 -3.581129e-04 9.999998e-01 -4.936489e-04 -7.726295e-01 4.731640e-04 4.938176e-04 9.999998e-01 4.709719e+01
9.999941e-01 -3.777213e-04 -3.412009e-03 5.419603e+01 3.802327e-04 9.999997e-01 7.353544e-04 -7.653766e-01 3.411731e-03 -7.366467e-04 9.999939e-01 4.615679e+01
9.999997e-01 5.732773e-04 -5.952108e-04 5.420478e+01 -5.734526e-04 9.999998e-01 -2.939798e-04 -7.506066e-01 5.950418e-04 2.943204e-04 9.999998e-01 4.457794e+01
9.999941e-01 -3.896722e-04 -3.424205e-03 5.427264e+01 3.920306e-04 9.999997e-01 6.880097e-04 -7.374114e-01 3.423936e-03 -6.893474e-04 9.999939e-01 4.313859e+01
9.999997e-01 5.544900e-04 -5.480001e-04 5.431165e+01 -5.546325e-04 9.999998e-01 -2.595425e-04 -7.254333e-01 5.478558e-04 2.598456e-04 9.999998e-01 4.176756e+01
9.999935e-01 -3.392347e-04 -3.582081e-03 5.426381e+01 3.418939e-04 9.999997e-01 7.417193e-04 -7.111481e-01 3.581828e-03 -7.429385e-04 9.999933e-01 4.020938e+01
9.999997e-01 4.441389e-04 -5.973102e-04 5.458436e+01 -4.443752e-04 9.999998e-01 -3.951373e-04 -6.960190e-01 5.971344e-04 3.954019e-04 9.999997e-01 3.891029e+01
9.999938e-01 -3.367353e-04 -3.493112e-03 5.485382e+01 3.392031e-04 9.999997e-01 7.058393e-04 -6.819003e-01 3.492873e-03 -7.070192e-04 9.999936e-01 3.761062e+01
9.999997e-01 4.465644e-04 -6.108426e-04 5.514059e+01 -4.468148e-04 9.999998e-01 -4.092925e-04 -6.674136e-01 6.106594e-04 4.095647e-04 9.999997e-01 3.630581e+01
9.999940e-01 -2.595028e-04 -3.464871e-03 5.518903e+01 2.623831e-04 9.999996e-01 8.307954e-04 -6.529047e-01 3.464654e-03 -8.316988e-04 9.999937e-01 3.476470e+01
9.999997e-01 4.329946e-04 -6.968372e-04 5.529878e+01 -4.332983e-04 9.999998e-01 -4.354010e-04 -6.395866e-01 6.966483e-04 4.357021e-04 9.999997e-01 3.337213e+01
9.999945e-01 -3.039028e-04 -3.304673e-03 5.550236e+01 3.066220e-04 9.999996e-01 8.222713e-04 -6.343511e-01 3.304422e-03 -8.232794e-04 9.999942e-01 3.247805e+01
9.999998e-01 3.820378e-04 -4.136956e-04 5.556019e+01 -3.822178e-04 9.999998e-01 -4.345051e-04 -6.325498e-01 4.135293e-04 4.346625e-04 9.999998e-01 3.164156e+01
9.999945e-01 -2.547514e-04 -3.302547e-03 5.562085e+01 2.572395e-04 9.999997e-01 7.528840e-04 -6.364499e-01 3.302355e-03 -7.537288e-04 9.999943e-01 3.093315e+01
9.999993e-01 5.045846e-04 -1.041368e-03 5.552990e+01 -5.048205e-04 9.999998e-01 -2.259864e-04 -6.116944e-01 1.041254e-03 2.265113e-04 9.999994e-01 2.876007e+01
9.999949e-01 -2.515886e-04 -3.176757e-03 5.555124e+01 2.538238e-04 9.999997e-01 7.031553e-04 -5.824654e-01 3.176580e-03 -7.039574e-04 9.999947e-01 2.641020e+01
9.999995e-01 4.260501e-04 -8.520439e-04 5.565608e+01 -4.263064e-04 9.999999e-01 -3.003263e-04 -5.661195e-01 8.519156e-04 3.006887e-04 9.999996e-01 2.485125e+01
9.999909e-01 -2.384174e-04 -4.255727e-03 5.607399e+01 2.406958e-04 9.999998e-01 5.348262e-04 -5.360056e-01 4.255599e-03 -5.358450e-04 9.999908e-01 2.281577e+01
9.999999e-01 4.444399e-04 2.162145e-04 5.636263e+01 -4.444147e-04 9.999999e-01 -1.179727e-04 -5.092647e-01 -2.162672e-04 1.178760e-04 1.000000e+00 2.087404e+01
9.999915e-01 -3.290151e-04 -4.118089e-03 5.637491e+01 3.312611e-04 9.999998e-01 5.446596e-04 -5.014090e-01 4.117909e-03 -5.460185e-04 9.999914e-01 1.972826e+01
9.999998e-01 3.875077e-04 4.727061e-04 5.655703e+01 -3.873991e-04 9.999999e-01 -2.302848e-04 -4.958664e-01 -4.727956e-04 2.301010e-04 9.999999e-01 1.879627e+01
9.999904e-01 -2.164360e-04 -4.387778e-03 5.641956e+01 2.193405e-04 9.999998e-01 6.614110e-04 -4.903971e-01 4.387634e-03 -6.623663e-04 9.999902e-01 1.792815e+01
9.999998e-01 4.372705e-04 3.665763e-04 5.616932e+01 -4.372362e-04 9.999999e-01 -9.433882e-05 -4.796078e-01 -3.666178e-04 9.417786e-05 9.999999e-01 1.654987e+01
9.999912e-01 -3.171476e-04 -4.191709e-03 5.628049e+01 3.192333e-04 9.999998e-01 4.968416e-04 -4.709472e-01 4.191551e-03 -4.981747e-04 9.999911e-01 1.542624e+01
9.999999e-01 4.761297e-04 1.575692e-04 5.613268e+01 -4.761247e-04 9.999999e-01 -3.406519e-05 -4.574068e-01 -1.575856e-04 3.398950e-05 1.000000e+00 1.452916e+01
9.999905e-01 -4.524492e-04 -4.329054e-03 5.648185e+01 4.538966e-04 9.999998e-01 3.333138e-04 -4.506690e-01 4.328903e-03 -3.352749e-04 9.999906e-01 1.369449e+01
9.999999e-01 4.657257e-04 -2.065905e-04 5.723566e+01 -4.657459e-04 9.999999e-01 -9.636795e-05 -4.423090e-01 2.065453e-04 9.646349e-05 1.000000e+00 1.292016e+01
9.999923e-01 -4.883174e-04 -3.902983e-03 5.765970e+01 4.899331e-04 9.999998e-01 4.129540e-04 -4.299210e-01 3.902781e-03 -4.148624e-04 9.999923e-01 1.185470e+01
9.999999e-01 4.827724e-04 7.886762e-05 5.789780e+01 -4.827672e-04 9.999999e-01 -6.910705e-05 -4.207200e-01 -7.890123e-05 6.906831e-05 1.000000e+00 1.080860e+01
9.999916e-01 -3.892318e-04 -4.084689e-03 5.801692e+01 3.910846e-04 9.999998e-01 4.527300e-04 -4.106910e-01 4.084512e-03 -4.543230e-04 9.999916e-01 9.594229e+00
9.999999e-01 3.812194e-04 1.088510e-04 5.872523e+01 -3.812065e-04 9.999999e-01 -1.204395e-04 -4.107379e-01 -1.088972e-04 1.203974e-04 1.000000e+00 9.044449e+00
9.999922e-01 -4.249862e-04 -3.920550e-03 5.936574e+01 4.263832e-04 9.999998e-01 3.554376e-04 -4.115082e-01 3.920399e-03 -3.571058e-04 9.999923e-01 8.499707e+00
9.999999e-01 3.049734e-04 3.156675e-04 6.028452e+01 -3.049332e-04 9.999999e-01 -1.282978e-04 -4.190165e-01 -3.157068e-04 1.282009e-04 9.999999e-01 8.191539e+00
9.999923e-01 -2.790938e-04 -3.907211e-03 6.065110e+01 2.804315e-04 9.999999e-01 3.417391e-04 -4.257629e-01 3.907115e-03 -3.428316e-04 9.999923e-01 7.822995e+00
9.999999e-01 3.889620e-04 1.459433e-04 6.068226e+01 -3.889691e-04 9.999999e-01 4.653021e-05 -4.210746e-01 -1.459254e-04 -4.658763e-05 1.000000e+00 6.828616e+00
9.999917e-01 -2.281572e-04 -4.068048e-03 6.055423e+01 2.299556e-04 9.999999e-01 4.415553e-04 -4.149348e-01 4.067947e-03 -4.424864e-04 9.999916e-01 5.711712e+00
9.999999e-01 3.089453e-04 2.839191e-04 6.057375e+01 -3.089342e-04 1.000000e+00 -4.021631e-05 -4.140280e-01 -2.839318e-04 4.012794e-05 1.000000e+00 5.114830e+00
9.999895e-01 -2.222156e-04 -4.574928e-03 6.061557e+01 2.238990e-04 9.999999e-01 3.674003e-04 -4.131550e-01 4.574847e-03 -3.684202e-04 9.999895e-01 4.923064e+00
9.999997e-01 1.407550e-04 7.009247e-04 6.126542e+01 -1.407284e-04 1.000000e+00 -3.849483e-05 -4.154466e-01 -7.009304e-04 3.839552e-05 9.999998e-01 4.602115e+00
9.999921e-01 3.161425e-05 -3.978764e-03 6.214567e+01 -3.073674e-05 1.000000e+00 2.205399e-04 -4.771772e-01 3.978772e-03 -2.204152e-04 9.999921e-01 6.149305e+00
9.999989e-01 1.326453e-04 1.491188e-03 6.282078e+01 -1.320342e-04 9.999999e-01 -4.101321e-04 -5.329582e-01 -1.491242e-03 4.099341e-04 9.999988e-01 7.563161e+00
9.999857e-01 -6.295204e-05 -5.353478e-03 6.290772e+01 6.722092e-05 9.999997e-01 7.971730e-04 -5.249040e-01 5.353426e-03 -7.975207e-04 9.999854e-01 6.424954e+00
9.999989e-01 1.563095e-04 1.451056e-03 6.302496e+01 -1.556820e-04 9.999999e-01 -4.327497e-04 -5.190108e-01 -1.451123e-03 4.325227e-04 9.999989e-01 5.429363e+00
9.999855e-01 -1.127201e-04 -5.391332e-03 6.331559e+01 1.170090e-04 9.999997e-01 7.951556e-04 -5.161913e-01 5.391241e-03 -7.957742e-04 9.999852e-01 4.741189e+00
9.999988e-01 1.317064e-04 1.542088e-03 6.350879e+01 -1.310071e-04 9.999999e-01 -4.537818e-04 -5.082887e-01 -1.542147e-03 4.535786e-04 9.999987e-01 3.702808e+00
9.999846e-01 -4.894390e-05 -5.543624e-03 6.373245e+01 5.340141e-05 9.999997e-01 8.038802e-04 -4.977602e-01 5.543583e-03 -8.041632e-04 9.999843e-01 2.563983e+00
9.999993e-01 3.873792e-06 1.145825e-03 6.444408e+01 -3.320225e-06 9.999999e-01 -4.833753e-04 -4.854657e-01 -1.145827e-03 4.833706e-04 9.999992e-01 1.702142e+00
9.999684e-01 -1.105754e-05 -7.949722e-03 6.633766e+01 1.887464e-05 9.999995e-01 9.832063e-04 -4.441806e-01 7.949708e-03 -9.833246e-04 9.999679e-01 -2.073170e-01
9.999943e-01 -1.306554e-04 3.384427e-03 6.805798e+01 1.321404e-04 9.999999e-01 -4.386391e-04 -4.081520e-01 -3.384369e-03 4.390832e-04 9.999942e-01 -2.054848e+00
9.999718e-01 1.084204e-04 -7.505911e-03 6.873891e+01 -1.019423e-04 9.999996e-01 8.634027e-04 -4.070523e-01 7.506002e-03 -8.626126e-04 9.999715e-01 -2.612757e+00
9.999967e-01 -2.141141e-04 2.578755e-03 7.061635e+01 2.155208e-04 9.999998e-01 -5.453627e-04 -4.186226e-01 -2.578638e-03 5.459160e-04 9.999965e-01 -3.000453e+00
9.999837e-01 1.636308e-04 -5.709975e-03 7.186021e+01 -1.575970e-04 9.999994e-01 1.057106e-03 -4.454724e-01 5.710144e-03 -1.056188e-03 9.999831e-01 -2.842276e+00
9.999991e-01 -1.849523e-04 -1.359145e-03 7.411656e+01 1.839955e-04 9.999997e-01 -7.038708e-04 -4.091483e-01 1.359275e-03 7.036194e-04 9.999988e-01 -4.414344e+00
9.999926e-01 -2.734667e-05 -3.858796e-03 7.603807e+01 3.276211e-05 9.999990e-01 1.403266e-03 -3.515745e-01 3.858754e-03 -1.403381e-03 9.999916e-01 -6.803841e+00
1.000000e+00 1.797404e-04 -9.997904e-05 7.590134e+01 -1.798275e-04 9.999996e-01 -8.689895e-04 -3.390958e-01 9.982258e-05 8.690068e-04 9.999996e-01 -8.108896e+00
9.999908e-01 -2.070728e-04 -4.291393e-03 7.662483e+01 2.123768e-04 9.999992e-01 1.235472e-03 -3.274813e-01 4.291134e-03 -1.236371e-03 9.999900e-01 -9.031626e+00
1.000000e+00 1.283704e-04 5.769441e-06 7.757428e+01 -1.283651e-04 9.999995e-01 -9.618092e-04 -3.217576e-01 -5.893138e-06 9.618078e-04 9.999995e-01 -9.680630e+00
9.999921e-01 -1.419072e-04 -3.968168e-03 7.843746e+01 1.468080e-04 9.999992e-01 1.234683e-03 -3.334055e-01 3.967990e-03 -1.235255e-03 9.999914e-01 -9.895811e+00
1.000000e+00 7.959627e-07 -7.983705e-05 7.953452e+01 -8.785648e-07 9.999995e-01 -1.030735e-03 -3.395260e-01 7.983596e-05 1.030735e-03 9.999995e-01 -1.028638e+01
9.999925e-01 3.626151e-05 -3.864919e-03 7.978858e+01 -3.099901e-05 9.999991e-01 1.361576e-03 -3.268130e-01 3.864965e-03 -1.361445e-03 9.999916e-01 -1.153361e+01
9.999999e-01 1.780394e-06 -4.580838e-04 8.023484e+01 -2.255595e-06 9.999995e-01 -1.036683e-03 -3.111709e-01 4.580815e-04 1.036683e-03 9.999994e-01 -1.273870e+01
9.999918e-01 -5.483658e-05 -4.055657e-03 8.128696e+01 6.052320e-05 9.999990e-01 1.401959e-03 -3.036860e-01 4.055576e-03 -1.402192e-03 9.999908e-01 -1.337814e+01
1.000000e+00 -4.389105e-05 -1.799114e-04 8.274636e+01 4.373213e-05 9.999996e-01 -8.815094e-04 -3.119707e-01 1.799498e-04 8.815009e-04 9.999996e-01 -1.370202e+01
9.999916e-01 -7.874244e-06 -4.087558e-03 8.382588e+01 1.261851e-05 9.999993e-01 1.160558e-03 -3.101139e-01 4.087546e-03 -1.160599e-03 9.999910e-01 -1.437609e+01
1.000000e+00 1.314076e-04 3.765811e-05 8.420863e+01 -1.313594e-04 9.999992e-01 -1.284416e-03 -3.059099e-01 -3.782708e-05 1.284410e-03 9.999992e-01 -1.392842e+01
9.999928e-01 9.920476e-05 -3.790938e-03 8.409428e+01 -9.528534e-05 9.999995e-01 1.033974e-03 -3.238257e-01 3.791039e-03 -1.033605e-03 9.999923e-01 -1.246960e+01
1.000000e+00 4.468551e-05 1.214273e-04 8.406202e+01 -4.456807e-05 9.999995e-01 -9.697105e-04 -3.311784e-01 -1.214707e-04 9.697044e-04 9.999995e-01 -1.223026e+01
9.999867e-01 2.166795e-04 -5.148295e-03 8.396713e+01 -2.081507e-04 9.999986e-01 1.657051e-03 -2.834952e-01 5.148647e-03 -1.655957e-03 9.999854e-01 -1.492378e+01
9.999998e-01 9.022358e-06 5.746389e-04 8.393827e+01 -8.439031e-06 9.999995e-01 -1.015680e-03 -2.514109e-01 -5.746480e-04 1.015674e-03 9.999993e-01 -1.727888e+01
9.999896e-01 -3.502827e-06 -4.562403e-03 8.510707e+01 1.017867e-05 9.999989e-01 1.463136e-03 -2.794546e-01 4.562393e-03 -1.463166e-03 9.999885e-01 -1.705090e+01
9.999999e-01 -9.595549e-06 5.067088e-04 8.692389e+01 1.010329e-05 9.999995e-01 -1.002691e-03 -3.268432e-01 -5.066991e-04 1.002695e-03 9.999994e-01 -1.646015e+01
9.999931e-01 -1.474560e-04 -3.718010e-03 8.870634e+01 1.526144e-04 9.999990e-01 1.387064e-03 -3.697527e-01 3.717803e-03 -1.387621e-03 9.999921e-01 -1.596258e+01
9.999996e-01 3.063878e-04 7.875505e-04 8.959839e+01 -3.054143e-04 9.999992e-01 -1.236354e-03 -4.327299e-01 -7.879289e-04 1.236112e-03 9.999989e-01 -1.456640e+01
9.999938e-01 -2.030341e-04 -3.514351e-03 9.074372e+01 2.075216e-04 9.999992e-01 1.276497e-03 -4.982547e-01 3.514090e-03 -1.277218e-03 9.999930e-01 -1.326725e+01
1.000000e+00 6.874330e-05 -7.843666e-05 9.250718e+01 -6.880737e-05 9.999997e-01 -8.129079e-04 -5.301429e-01 7.838054e-05 8.129126e-04 9.999997e-01 -1.305961e+01
9.999922e-01 -1.733620e-04 -3.939279e-03 9.360547e+01 1.778980e-04 9.999993e-01 1.151071e-03 -5.360628e-01 3.939077e-03 -1.151762e-03 9.999916e-01 -1.340795e+01
1.000000e+00 8.229433e-05 -7.787479e-05 9.447989e+01 -8.235361e-05 9.999997e-01 -7.572263e-04 -5.389777e-01 7.781223e-05 7.572321e-04 9.999997e-01 -1.376758e+01
9.999935e-01 -1.012402e-04 -3.598472e-03 9.488803e+01 1.045396e-04 9.999996e-01 9.166384e-04 -5.439293e-01 3.598377e-03 -9.170080e-04 9.999931e-01 -1.411979e+01
1.000000e+00 1.388041e-04 -1.831225e-04 9.583997e+01 -1.389195e-04 9.999998e-01 -6.280235e-04 -5.726966e-01 1.830351e-04 6.280483e-04 9.999998e-01 -1.378271e+01
9.999935e-01 -1.842385e-04 -3.600297e-03 9.715476e+01 1.877972e-04 9.999995e-01 9.880355e-04 -6.087971e-01 3.600113e-03 -9.887045e-04 9.999930e-01 -1.333777e+01
1.000000e+00 7.138967e-05 1.687363e-04 9.808309e+01 -7.125085e-05 9.999997e-01 -8.246140e-04 -6.286000e-01 -1.687953e-04 8.246013e-04 9.999996e-01 -1.332797e+01
9.999914e-01 -4.134282e-05 -4.145529e-03 9.885889e+01 4.634538e-05 9.999993e-01 1.206566e-03 -6.385686e-01 4.145476e-03 -1.206747e-03 9.999907e-01 -1.355861e+01
9.999998e-01 -1.474770e-05 5.860993e-04 9.995997e+01 1.527218e-05 9.999996e-01 -8.954402e-04 -6.694306e-01 -5.860860e-04 8.954484e-04 9.999994e-01 -1.321652e+01
9.999893e-01 -5.375851e-05 -4.618895e-03 1.011802e+02 5.989224e-05 9.999991e-01 1.327763e-03 -6.847602e-01 4.618820e-03 -1.328025e-03 9.999885e-01 -1.330280e+01
9.999999e-01 -8.565563e-05 3.863090e-04 1.030024e+02 8.599673e-05 9.999996e-01 -8.839341e-04 -7.081622e-01 -3.862334e-04 8.839667e-04 9.999995e-01 -1.325254e+01
9.999918e-01 4.496622e-05 -4.037738e-03 1.046785e+02 -4.015712e-05 9.999993e-01 1.191028e-03 -7.520618e-01 4.037789e-03 -1.190855e-03 9.999911e-01 -1.249779e+01
9.999997e-01 -1.107428e-04 -8.053812e-04 1.071175e+02 1.100729e-04 9.999996e-01 -8.313095e-04 -7.959199e-01 8.054728e-04 8.312200e-04 9.999993e-01 -1.181789e+01
9.999906e-01 -7.333255e-05 -4.336402e-03 1.097863e+02 7.922583e-05 9.999991e-01 1.358788e-03 -8.054697e-01 4.336299e-03 -1.359118e-03 9.999897e-01 -1.208833e+01
9.999999e-01 7.076956e-05 4.701612e-04 1.119565e+02 -7.025634e-05 9.999994e-01 -1.092248e-03 -8.643536e-01 -4.702385e-04 1.092214e-03 9.999993e-01 -1.104239e+01
9.999889e-01 -1.120148e-04 -4.705011e-03 1.135846e+02 1.183798e-04 9.999991e-01 1.352495e-03 -9.079626e-01 4.704855e-03 -1.353036e-03 9.999880e-01 -1.040765e+01
9.999993e-01 6.849269e-05 -1.143852e-03 1.163571e+02 -6.908433e-05 9.999999e-01 -5.169044e-04 -9.143121e-01 1.143816e-03 5.169824e-04 9.999992e-01 -1.088181e+01
9.999911e-01 -1.934863e-04 -4.225972e-03 1.191766e+02 1.982867e-04 9.999993e-01 1.135453e-03 -9.256938e-01 4.225749e-03 -1.136280e-03 9.999904e-01 -1.131169e+01
1.000000e+00 1.171743e-04 -2.249300e-04 1.205174e+02 -1.173555e-04 9.999997e-01 -8.043438e-04 -9.339632e-01 2.248354e-04 8.043695e-04 9.999997e-01 -1.164787e+01
9.999864e-01 1.400999e-05 -5.208853e-03 1.212418e+02 -8.156736e-06 9.999994e-01 1.123664e-03 -9.177432e-01 5.208866e-03 -1.123605e-03 9.999858e-01 -1.282115e+01
9.999991e-01 -3.565041e-05 1.355174e-03 1.218227e+02 3.681839e-05 9.999996e-01 -8.621198e-04 -9.200161e-01 -1.355143e-03 8.621683e-04 9.999987e-01 -1.335957e+01
9.999849e-01 2.304203e-06 -5.490493e-03 1.230505e+02 4.483709e-06 9.999992e-01 1.236225e-03 -9.476035e-01 5.490492e-03 -1.236230e-03 9.999842e-01 -1.308672e+01
9.999994e-01 -4.109740e-05 1.112791e-03 1.238069e+02 4.223478e-05 9.999995e-01 -1.022424e-03 -9.605044e-01 -1.112748e-03 1.022469e-03 9.999989e-01 -1.308173e+01
9.999877e-01 8.117356e-05 -4.960744e-03 1.239436e+02 -7.437182e-05 9.999991e-01 1.371209e-03 -9.577807e-01 4.960851e-03 -1.370823e-03 9.999868e-01 -1.378758e+01
9.999993e-01 -8.601254e-05 1.194558e-03 1.243842e+02 8.738797e-05 9.999993e-01 -1.151706e-03 -9.618699e-01 -1.194458e-03 1.151809e-03 9.999986e-01 -1.420374e+01
9.999880e-01 7.611866e-05 -4.890241e-03 1.248349e+02 -6.976297e-05 9.999992e-01 1.299751e-03 -9.752366e-01 4.890336e-03 -1.299394e-03 9.999872e-01 -1.411065e+01
9.999992e-01 -6.655408e-05 1.223844e-03 1.254133e+02 6.791168e-05 9.999994e-01 -1.109584e-03 -1.002922e+00 -1.223770e-03 1.109666e-03 9.999986e-01 -1.360724e+01
9.999903e-01 -4.223984e-05 -4.414384e-03 1.265025e+02 4.793433e-05 9.999992e-01 1.289805e-03 -1.036375e+00 4.414326e-03 -1.290003e-03 9.999894e-01 -1.320229e+01
9.999998e-01 -2.055704e-06 5.656167e-04 1.271585e+02 2.694231e-06 9.999994e-01 -1.129554e-03 -1.042200e+00 -5.656142e-04 1.129555e-03 9.999992e-01 -1.350365e+01
