9.999925e-01 1.073285e-04 -3.864930e-03 3.717896e-01 -1.079364e-04 1.000000e+00 -1.570724e-04 -3.708414e-02 3.864913e-03 1.574876e-04 9.999925e-01 1.177352e+00
1.000000e+00 -3.586576e-05 1.827610e-04 7.446713e-01 3.584041e-05 1.000000e+00 1.388266e-04 -7.555403e-02 -1.827656e-04 -1.388193e-04 1.000000e+00 2.226214e+00
9.999936e-01 7.673750e-05 -3.568420e-03 9.507075e-01 -7.701751e-05 1.000000e+00 -7.832420e-05 -1.045985e-01 3.568414e-03 7.859782e-05 9.999936e-01 2.849541e+00
1.000000e+00 -9.384805e-05 1.036073e-04 1.334036e+00 9.382204e-05 1.000000e+00 2.513296e-04 -1.307553e-01 -1.036305e-04 -2.513192e-04 1.000000e+00 3.264854e+00
9.999940e-01 1.069284e-04 -3.460695e-03 1.727562e+00 -1.075643e-04 1.000000e+00 -1.835523e-04 -1.653399e-01 3.460675e-03 1.839227e-04 9.999940e-01 3.954017e+00
1.000000e+00 -9.937985e-05 7.887642e-05 2.059627e+00 9.935882e-05 1.000000e+00 2.669823e-04 -1.945077e-01 -7.890261e-05 -2.669738e-04 1.000000e+00 4.583952e+00
9.999930e-01 1.255374e-04 -3.731974e-03 2.433666e+00 -1.260108e-04 1.000000e+00 -1.266003e-04 -2.165246e-01 3.731958e-03 1.270690e-04 9.999930e-01 4.891225e+00
1.000000e+00 -1.455943e-04 -4.113182e-05 2.918983e+00 1.456095e-04 9.999999e-01 3.688161e-04 -2.241446e-01 4.107846e-05 -3.688214e-04 9.999999e-01 4.648659e+00
9.999925e-01 1.195216e-04 -3.863887e-03 3.264162e+00 -1.202827e-04 1.000000e+00 -1.967602e-04 -2.245447e-01 3.863863e-03 1.972228e-04 9.999925e-01 4.148032e+00
1.000000e+00 -1.205475e-04 -2.597171e-04 3.568548e+00 1.206293e-04 9.999999e-01 3.148606e-04 -2.372308e-01 2.596794e-04 -3.148912e-04 9.999999e-01 4.656674e+00
9.999888e-01 1.984509e-04 -4.723910e-03 4.068169e+00 -1.987916e-04 1.000000e+00 -7.164465e-05 -2.382472e-01 4.723895e-03 7.258221e-05 9.999888e-01 4.268865e+00
9.999998e-01 -2.451890e-05 -6.167413e-04 4.421861e+00 2.478982e-05 9.999999e-01 4.392112e-04 -2.128765e-01 6.167308e-04 -4.392257e-04 9.999997e-01 2.506873e+00
9.999949e-01 6.136127e-05 -3.189195e-03 4.613939e+00 -6.137512e-05 1.000000e+00 -4.233197e-06 -2.023302e-01 3.189194e-03 4.428201e-06 9.999949e-01 1.367931e+00
9.999999e-01 -4.868887e-05 -4.392135e-04 4.914615e+00 4.877776e-05 1.000000e+00 2.022598e-04 -2.264570e-01 4.392040e-04 -2.022805e-04 9.999999e-01 1.845285e+00
9.999926e-01 2.324247e-04 -3.833592e-03 4.834659e+00 -2.325143e-04 1.000000e+00 -2.291583e-05 -2.325966e-01 3.833586e-03 2.380632e-05 9.999927e-01 2.558406e+00
9.999981e-01 -7.208338e-05 -1.939688e-03 5.327577e+00 7.346576e-05 9.999997e-01 7.125954e-04 -1.977451e-01 1.939637e-03 -7.127359e-04 9.999979e-01 1.652846e+00
9.999805e-01 -1.088865e-04 -6.250478e-03 7.682969e+00 1.099351e-04 1.000000e+00 1.674292e-04 -1.124929e-01 6.250460e-03 -1.681138e-04 9.999805e-01 -1.556617e+00
9.999956e-01 -4.048997e-05 -2.954403e-03 1.032354e+01 4.303396e-05 9.999996e-01 8.610083e-04 2.492771e-02 2.954367e-03 -8.611310e-04 9.999953e-01 -6.962134e+00
9.999864e-01 1.856942e-05 -5.215622e-03 1.204522e+01 -1.733662e-05 1.000000e+00 2.364230e-04 1.356875e-01 5.215625e-03 -2.363300e-04 9.999864e-01 -1.117640e+01
9.999942e-01 -1.122122e-04 -3.412943e-03 1.427918e+01 1.148749e-04 9.999997e-01 7.799824e-04 2.566603e-01 3.412855e-03 -7.803692e-04 9.999939e-01 -1.592952e+01
9.999862e-01 5.973311e-05 -5.253014e-03 1.654006e+01 -5.827938e-05 1.000000e+00 2.769062e-04 3.836933e-01 5.253030e-03 -2.765969e-04 9.999862e-01 -2.110619e+01
9.999977e-01 -1.974393e-04 -2.123199e-03 1.855137e+01 1.992014e-04 9.999996e-01 8.296902e-04 4.774845e-01 2.123034e-03 -8.301105e-04 9.999974e-01 -2.484004e+01
9.999686e-01 -4.146991e-05 -7.929957e-03 2.201855e+01 4.465295e-05 9.999999e-01 4.012257e-04 6.324100e-01 7.929939e-03 -4.015679e-04 9.999685e-01 -3.058071e+01
9.999992e-01 -2.436098e-04 1.222809e-03 2.421495e+01 2.429277e-04 9.999998e-01 5.579338e-04 7.013970e-01 -1.222944e-03 -5.576356e-04 9.999991e-01 -3.323327e+01
9.999476e-01 4.507815e-05 -1.023346e-02 2.683611e+01 -4.245107e-05 1.000000e+00 2.569378e-04 8.219316e-01 1.023347e-02 -2.564906e-04 9.999476e-01 -3.786273e+01
1.000000e+00 -2.585786e-04 7.942900e-05 3.038130e+01 2.585285e-04 9.999998e-01 6.306801e-04 9.867115e-01 -7.959173e-05 -6.306589e-04 9.999998e-01 -4.416512e+01
9.999441e-01 1.576460e-04 -1.057578e-02 3.365946e+01 -1.512387e-04 9.999998e-01 6.066583e-04 1.157941e+00 1.057587e-02 -6.050256e-04 9.999439e-01 -5.084153e+01
9.999999e-01 -3.473874e-04 1.494737e-04 3.710570e+01 3.472999e-04 9.999998e-01 5.853461e-04 1.327392e+00 -1.496767e-04 -5.852934e-04 9.999998e-01 -5.732012e+01
9.999533e-01 3.002669e-04 -9.658496e-03 4.004827e+01 -2.974917e-04 9.999999e-01 2.887780e-04 1.473097e+00 9.658581e-03 -2.858919e-04 9.999533e-01 -6.316276e+01
9.999998e-01 -4.245648e-04 -5.551482e-04 4.327361e+01 4.250291e-04 9.999996e-01 8.362416e-04 1.626836e+00 5.547933e-04 -8.364766e-04 9.999995e-01 -6.911714e+01
9.999502e-01 1.631648e-04 -9.976771e-03 4.700711e+01 -1.588638e-04 9.999999e-01 4.318976e-04 1.787787e+00 9.976840e-03 -4.302919e-04 9.999501e-01 -7.506602e+01
9.999999e-01 -2.801320e-04 3.438403e-04 4.956529e+01 2.799482e-04 9.999998e-01 5.347869e-04 1.908434e+00 -3.439897e-04 -5.346898e-04 9.999998e-01 -7.986489e+01
9.999548e-01 2.132697e-04 -9.507299e-03 5.213571e+01 -2.052638e-04 9.999996e-01 8.430636e-04 2.042266e+00 9.507475e-03 -8.410747e-04 9.999544e-01 -8.525956e+01
9.999994e-01 -4.012166e-04 -1.044399e-03 5.558022e+01 4.016688e-04 9.999998e-01 4.326825e-04 2.211156e+00 1.044226e-03 -4.331011e-04 9.999994e-01 -9.172745e+01
9.999564e-01 3.189472e-04 -9.336513e-03 5.860073e+01 -3.093693e-04 9.999994e-01 1.027288e-03 2.369313e+00 9.336835e-03 -1.024355e-03 9.999559e-01 -9.766890e+01
9.999989e-01 -5.777041e-04 -1.400426e-03 6.215401e+01 5.784967e-04 9.999997e-01 5.655566e-04 2.531730e+00 1.400099e-03 -5.663654e-04 9.999989e-01 -1.033600e+02
9.999690e-01 6.931451e-04 -7.844863e-03 6.387122e+01 -6.846788e-04 9.999992e-01 1.081856e-03 2.672254e+00 7.845606e-03 -1.076452e-03 9.999686e-01 -1.079109e+02
9.999992e-01 7.709256e-05 -1.272414e-03 6.350876e+01 -7.588233e-05 9.999995e-01 9.510610e-04 2.828984e+00 1.272487e-03 -9.509630e-04 9.999987e-01 -1.116349e+02
9.999446e-01 -1.770277e-04 -1.052748e-02 6.732603e+01 1.854730e-04 9.999997e-01 8.012519e-04 3.013861e+00 1.052734e-02 -8.031607e-04 9.999443e-01 -1.178399e+02
9.999997e-01 3.209218e-05 -8.120069e-04 7.080181e+01 -3.144480e-05 9.999997e-01 7.971050e-04 3.183688e+00 8.120326e-04 -7.970785e-04 9.999994e-01 -1.240887e+02
9.999587e-01 -8.679390e-05 -9.084630e-03 7.318793e+01 9.523941e-05 9.999996e-01 9.292337e-04 3.334580e+00 9.084545e-03 -9.300613e-04 9.999583e-01 -1.299008e+02
9.999993e-01 8.179878e-05 -1.219615e-03 7.552777e+01 -8.086986e-05 9.999997e-01 7.615711e-04 3.499608e+00 1.219677e-03 -7.614712e-04 9.999990e-01 -1.355339e+02
9.999618e-01 4.509047e-05 -8.745245e-03 7.736959e+01 -3.627786e-05 9.999995e-01 1.007873e-03 3.661875e+00 8.745286e-03 -1.007518e-03 9.999613e-01 -1.409308e+02
9.999997e-01 8.127681e-04 1.580648e-04 7.646740e+01 -8.130265e-04 9.999983e-01 1.642106e-03 3.849140e+00 -1.567295e-04 -1.642233e-03 9.999986e-01 -1.447863e+02
9.999784e-01 -3.064035e-05 -6.566874e-03 7.531439e+01 3.464036e-05 9.999998e-01 6.090274e-04 3.974747e+00 6.566854e-03 -6.092424e-04 9.999783e-01 -1.470920e+02
9.999993e-01 2.598971e-04 1.157105e-03 7.568933e+01 -2.602538e-04 9.999999e-01 3.082638e-04 4.006146e+00 -1.157025e-03 -3.085641e-04 9.999993e-01 -1.472593e+02
9.999760e-01 1.677693e-04 -6.920719e-03 7.574977e+01 -1.607462e-04 9.999995e-01 1.015355e-03 4.062696e+00 6.920886e-03 -1.014219e-03 9.999755e-01 -1.484283e+02
9.999953e-01 3.749201e-05 3.080231e-03 7.590478e+01 -3.530089e-05 9.999997e-01 -7.113564e-04 4.052748e+00 -3.080256e-03 7.112450e-04 9.999950e-01 -1.475310e+02
9.999751e-01 3.175842e-04 -7.042695e-03 7.524885e+01 -3.073720e-04 9.999989e-01 1.451103e-03 4.064321e+00 7.043147e-03 -1.448902e-03 9.999741e-01 -1.479997e+02
9.999977e-01 -2.553640e-04 2.126375e-03 7.557944e+01 2.569633e-04 9.999997e-01 -7.518222e-04 4.090121e+00 -2.126182e-03 7.523676e-04 9.999975e-01 -1.497174e+02
9.999821e-01 2.412817e-04 -5.985961e-03 7.665729e+01 -2.323067e-04 9.999988e-01 1.500019e-03 4.079747e+00 5.986316e-03 -1.498602e-03 9.999810e-01 -1.501132e+02
9.999958e-01 -2.109669e-04 2.886963e-03 7.733842e+01 2.152688e-04 9.999989e-01 -1.489839e-03 4.040277e+00 -2.886645e-03 1.490455e-03 9.999947e-01 -1.492307e+02
9.999776e-01 1.738402e-04 -6.686278e-03 7.775497e+01 -1.611192e-04 9.999982e-01 1.903067e-03 4.036134e+00 6.686596e-03 -1.901948e-03 9.999758e-01 -1.496095e+02
9.999955e-01 -1.077086e-05 2.985236e-03 7.734417e+01 1.479479e-05 9.999991e-01 -1.347876e-03 4.038901e+00 -2.985219e-03 1.347915e-03 9.999946e-01 -1.497722e+02
9.999783e-01 1.705097e-04 -6.588917e-03 7.703830e+01 -1.587561e-04 9.999984e-01 1.784347e-03 4.038735e+00 6.589210e-03 -1.783263e-03 9.999767e-01 -1.496870e+02
9.999952e-01 -6.216745e-05 3.094675e-03 7.732576e+01 6.751006e-05 9.999985e-01 -1.726263e-03 4.009490e+00 -3.094562e-03 1.726464e-03 9.999937e-01 -1.488301e+02
9.999809e-01 1.189297e-04 -6.173267e-03 7.785315e+01 -1.073731e-04 9.999982e-01 1.872358e-03 3.972856e+00 6.173478e-03 -1.871660e-03 9.999792e-01 -1.480049e+02
9.999959e-01 -2.837428e-05 2.859768e-03 7.792209e+01 3.303917e-05 9.999987e-01 -1.631124e-03 3.954539e+00 -2.859718e-03 1.631213e-03 9.999946e-01 -1.475582e+02
9.999786e-01 1.666997e-04 -6.537324e-03 7.778861e+01 -1.528889e-04 9.999978e-01 2.113073e-03 3.950346e+00 6.537662e-03 -2.112029e-03 9.999764e-01 -1.475371e+02
9.999959e-01 -2.127355e-04 2.872927e-03 7.815914e+01 2.176791e-04 9.999985e-01 -1.720497e-03 3.948353e+00 -2.872557e-03 1.721116e-03 9.999944e-01 -1.479505e+02
9.999770e-01 2.939322e-04 -6.782097e-03 7.792807e+01 -2.796239e-04 9.999977e-01 2.110593e-03 3.962091e+00 6.782701e-03 -2.108649e-03 9.999748e-01 -1.483077e+02
9.999962e-01 -9.460029e-05 2.750755e-03 7.756482e+01 9.927444e-05 9.999986e-01 -1.699082e-03 3.978935e+00 -2.750590e-03 1.699349e-03 9.999948e-01 -1.484160e+02
9.999794e-01 5.741913e-05 -6.418155e-03 7.801077e+01 -4.492065e-05 9.999981e-01 1.947515e-03 3.970419e+00 6.418255e-03 -1.947187e-03 9.999775e-01 -1.483478e+02
9.999958e-01 -1.117333e-04 2.890379e-03 7.837349e+01 1.165916e-04 9.999986e-01 -1.680658e-03 3.966019e+00 -2.890187e-03 1.680989e-03 9.999944e-01 -1.485753e+02
9.999800e-01 1.043988e-04 -6.319547e-03 7.863539e+01 -9.177641e-05 9.999980e-01 1.997647e-03 3.957523e+00 6.319743e-03 -1.997028e-03 9.999780e-01 -1.486724e+02
9.999960e-01 -7.353121e-05 2.822553e-03 7.910268e+01 7.855351e-05 9.999984e-01 -1.779218e-03 3.932209e+00 -2.822417e-03 1.779434e-03 9.999944e-01 -1.481712e+02
9.999798e-01 1.109724e-05 -6.355850e-03 7.979083e+01 2.006852e-06 9.999979e-01 2.061753e-03 3.907954e+00 6.355859e-03 -2.061725e-03 9.999777e-01 -1.479779e+02
9.999961e-01 -1.587262e-05 2.776145e-03 8.014707e+01 2.074806e-05 9.999985e-01 -1.756112e-03 3.897160e+00 -2.776112e-03 1.756164e-03 9.999946e-01 -1.480671e+02
9.999796e-01 -3.591660e-05 -6.390364e-03 8.088365e+01 4.902238e-05 9.999979e-01 2.050746e-03 3.885980e+00 6.390276e-03 -2.051018e-03 9.999775e-01 -1.482312e+02
9.999969e-01 -2.333238e-05 2.479500e-03 8.182315e+01 2.742079e-05 9.999986e-01 -1.648793e-03 3.879082e+00 -2.479457e-03 1.648857e-03 9.999956e-01 -1.485364e+02
9.999804e-01 -9.937260e-05 -6.259246e-03 8.261984e+01 1.113043e-04 9.999982e-01 1.905961e-03 3.872653e+00 6.259045e-03 -1.906621e-03 9.999786e-01 -1.488217e+02
9.999971e-01 1.165199e-04 2.395019e-03 8.280112e+01 -1.128378e-04 9.999988e-01 -1.537397e-03 3.884762e+00 -2.395195e-03 1.537123e-03 9.999960e-01 -1.500805e+02
9.999815e-01 -7.785730e-05 -6.080520e-03 8.294555e+01 8.938947e-05 9.999982e-01 1.896356e-03 3.889443e+00 6.080361e-03 -1.896866e-03 9.999797e-01 -1.510042e+02
9.999976e-01 1.410493e-04 2.191245e-03 8.316547e+01 -1.375673e-04 9.999987e-01 -1.589058e-03 3.892617e+00 -2.191466e-03 1.588753e-03 9.999963e-01 -1.517956e+02
9.999824e-01 -1.330418e-04 -5.939798e-03 8.336494e+01 1.446417e-04 9.999981e-01 1.952555e-03 3.902058e+00 5.939527e-03 -1.953380e-03 9.999805e-01 -1.528818e+02
9.999981e-01 1.423770e-04 1.922188e-03 8.366184e+01 -1.392782e-04 9.999987e-01 -1.612096e-03 3.908055e+00 -1.922415e-03 1.611826e-03 9.999969e-01 -1.537512e+02
9.999837e-01 -2.006487e-04 -5.699484e-03 8.398925e+01 2.117426e-04 9.999981e-01 1.945976e-03 3.915390e+00 5.699083e-03 -1.947152e-03 9.999819e-01 -1.546309e+02
9.999981e-01 2.477085e-04 1.952895e-03 8.408969e+01 -2.446816e-04 9.999988e-01 -1.549995e-03 3.921994e+00 -1.953276e-03 1.549514e-03 9.999969e-01 -1.556668e+02
9.999809e-01 -1.718868e-04 -6.178282e-03 8.425968e+01 1.835884e-04 9.999982e-01 1.893495e-03 3.931125e+00 6.177945e-03 -1.894594e-03 9.999791e-01 -1.568007e+02
9.999975e-01 1.799944e-04 2.248932e-03 8.456309e+01 -1.766118e-04 9.999989e-01 -1.504118e-03 3.943398e+00 -2.249200e-03 1.503717e-03 9.999963e-01 -1.579551e+02
9.999817e-01 -1.885197e-04 -6.052196e-03 8.475731e+01 1.998261e-04 9.999982e-01 1.867616e-03 3.946751e+00 6.051832e-03 -1.868791e-03 9.999799e-01 -1.587049e+02
9.999973e-01 2.771248e-04 2.295648e-03 8.459713e+01 -2.740853e-04 9.999991e-01 -1.324171e-03 3.955043e+00 -2.296012e-03 1.323539e-03 9.999965e-01 -1.597362e+02
9.999822e-01 -2.068880e-04 -5.955269e-03 8.449465e+01 2.176549e-04 9.999983e-01 1.807394e-03 3.957135e+00 5.954885e-03 -1.808659e-03 9.999806e-01 -1.604219e+02
9.999975e-01 2.270935e-04 2.205812e-03 8.451995e+01 -2.239336e-04 9.999989e-01 -1.432594e-03 3.958529e+00 -2.206135e-03 1.432097e-03 9.999965e-01 -1.608998e+02
9.999813e-01 -1.148084e-04 -6.107904e-03 8.417669e+01 1.262407e-04 9.999982e-01 1.871389e-03 3.970907e+00 6.107678e-03 -1.872125e-03 9.999796e-01 -1.612327e+02
9.999983e-01 2.176895e-04 1.811573e-03 8.436739e+01 -2.146215e-04 9.999985e-01 -1.693488e-03 3.961532e+00 -1.811939e-03 1.693097e-03 9.999969e-01 -1.606465e+02
9.999854e-01 -2.213766e-04 -5.403124e-03 8.480881e+01 2.316769e-04 9.999982e-01 1.905847e-03 3.939226e+00 5.402692e-03 -1.907072e-03 9.999836e-01 -1.602075e+02
9.999986e-01 2.797661e-04 1.620046e-03 8.472986e+01 -2.773085e-04 9.999988e-01 -1.516889e-03 3.940443e+00 -1.620468e-03 1.516438e-03 9.999975e-01 -1.604207e+02
9.999837e-01 -2.317979e-04 -5.708980e-03 8.493726e+01 2.414955e-04 9.999985e-01 1.698062e-03 3.928785e+00 5.708577e-03 -1.699413e-03 9.999823e-01 -1.600261e+02
9.999987e-01 2.255619e-04 1.609729e-03 8.519343e+01 -2.231528e-04 9.999989e-01 -1.496457e-03 3.926215e+00 -1.610064e-03 1.496097e-03 9.999976e-01 -1.597643e+02
9.999842e-01 -2.685210e-04 -5.619540e-03 8.577994e+01 2.786945e-04 9.999983e-01 1.809709e-03 3.920027e+00 5.619044e-03 -1.811247e-03 9.999826e-01 -1.599132e+02
9.999992e-01 1.204314e-04 1.281666e-03 8.669967e+01 -1.185653e-04 9.999989e-01 -1.455811e-03 3.918179e+00 -1.281839e-03 1.455658e-03 9.999981e-01 -1.602082e+02
9.999905e-01 -1.517756e-04 -4.354171e-03 8.716474e+01 1.592055e-04 9.999985e-01 1.706137e-03 3.890102e+00 4.353906e-03 -1.706815e-03 9.999891e-01 -1.597707e+02
9.999997e-01 1.341837e-04 7.381023e-04 8.766234e+01 -1.330752e-04 9.999989e-01 -1.501463e-03 3.874660e+00 -7.383027e-04 1.501365e-03 9.999986e-01 -1.597710e+02
9.999869e-01 -1.919687e-04 -5.108447e-03 8.842224e+01 2.018163e-04 9.999981e-01 1.927303e-03 3.876655e+00 5.108067e-03 -1.928310e-03 9.999851e-01 -1.602682e+02
9.999991e-01 1.931730e-04 1.303143e-03 8.908653e+01 -1.910493e-04 9.999987e-01 -1.629508e-03 3.859787e+00 -1.303456e-03 1.629258e-03 9.999978e-01 -1.600869e+02
9.999852e-01 -3.022705e-04 -5.437840e-03 8.984294e+01 3.127335e-04 9.999981e-01 1.923397e-03 3.858956e+00 5.437248e-03 -1.925070e-03 9.999834e-01 -1.604706e+02
9.999994e-01 2.166416e-04 1.085631e-03 9.050294e+01 -2.149056e-04 9.999987e-01 -1.598783e-03 3.860537e+00 -1.085975e-03 1.598549e-03 9.999981e-01 -1.607763e+02
9.999809e-01 -3.199046e-04 -6.180297e-03 9.150089e+01 3.318698e-04 9.999981e-01 1.935121e-03 3.858615e+00 6.179666e-03 -1.937136e-03 9.999790e-01 -1.608118e+02
9.999969e-01 1.536812e-04 2.475415e-03 9.268517e+01 -1.498514e-04 9.999988e-01 -1.547157e-03 3.842859e+00 -2.475649e-03 1.546782e-03 9.999957e-01 -1.607892e+02
9.999812e-01 -1.918962e-04 -6.131217e-03 9.338653e+01 2.035456e-04 9.999982e-01 1.899469e-03 3.819061e+00 6.130841e-03 -1.900682e-03 9.999794e-01 -1.605925e+02
9.999978e-01 1.602107e-04 2.100312e-03 9.381013e+01 -1.568182e-04 9.999987e-01 -1.615190e-03 3.817791e+00 -2.100567e-03 1.614858e-03 9.999965e-01 -1.606861e+02
9.999791e-01 -2.482344e-04 -6.463814e-03 9.470269e+01 2.616552e-04 9.999978e-01 2.075569e-03 3.807780e+00 6.463284e-03 -2.077218e-03 9.999770e-01 -1.607521e+02
9.999975e-01 1.507926e-04 2.245694e-03 9.592649e+01 -1.470834e-04 9.999986e-01 -1.651645e-03 3.792877e+00 -2.245940e-03 1.651311e-03 9.999961e-01 -1.607642e+02
9.999796e-01 -2.433439e-04 -6.376317e-03 9.645656e+01 2.558076e-04 9.999981e-01 1.953977e-03 3.794835e+00 6.375829e-03 -1.955569e-03 9.999778e-01 -1.607170e+02
9.999990e-01 1.867402e-04 1.390312e-03 9.697572e+01 -1.844077e-04 9.999986e-01 -1.677502e-03 3.807819e+00 -1.390623e-03 1.677245e-03 9.999976e-01 -1.606857e+02
9.999837e-01 -3.445677e-04 -5.701483e-03 9.758108e+01 3.555955e-04 9.999981e-01 1.933322e-03 3.817547e+00 5.700805e-03 -1.935318e-03 9.999819e-01 -1.606529e+02
9.999991e-01 2.568743e-04 1.348838e-03 9.810218e+01 -2.546539e-04 9.999986e-01 -1.645843e-03 3.816969e+00 -1.349258e-03 1.645498e-03 9.999977e-01 -1.606561e+02
9.999856e-01 -3.994377e-04 -5.358253e-03 9.910390e+01 4.105259e-04 9.999978e-01 2.068469e-03 3.808391e+00 5.357415e-03 -2.070639e-03 9.999835e-01 -1.608260e+02
9.999993e-01 2.886108e-04 1.134029e-03 1.000422e+02 -2.867213e-04 9.999986e-01 -1.665802e-03 3.807179e+00 -1.134508e-03 1.665477e-03 9.999980e-01 -1.611696e+02
9.999856e-01 -3.991332e-04 -5.348492e-03 1.009782e+02 4.100823e-04 9.999978e-01 2.046253e-03 3.805858e+00 5.347663e-03 -2.048417e-03 9.999836e-01 -1.615048e+02
9.999994e-01 2.998076e-04 1.096605e-03 1.019018e+02 -2.979032e-04 9.999984e-01 -1.736131e-03 3.801427e+00 -1.097124e-03 1.735804e-03 9.999979e-01 -1.616824e+02
9.999863e-01 -4.058506e-04 -5.215731e-03 1.028967e+02 4.173089e-04 9.999975e-01 2.196030e-03 3.792946e+00 5.214827e-03 -2.198178e-03 9.999840e-01 -1.618524e+02
9.999992e-01 2.886940e-04 1.195814e-03 1.038878e+02 -2.865761e-04 9.999984e-01 -1.770693e-03 3.781308e+00 -1.196323e-03 1.770350e-03 9.999977e-01 -1.619536e+02
9.999852e-01 -4.205067e-04 -5.431943e-03 1.048726e+02 4.323826e-04 9.999975e-01 2.185352e-03 3.780001e+00 5.431011e-03 -2.187669e-03 9.999829e-01 -1.622913e+02
9.999992e-01 3.286163e-04 1.207044e-03 1.058278e+02 -3.264459e-04 9.999983e-01 -1.797719e-03 3.777945e+00 -1.207633e-03 1.797325e-03 9.999977e-01 -1.626363e+02
9.999840e-01 -4.281444e-04 -5.641185e-03 1.067329e+02 4.403532e-04 9.999976e-01 2.163215e-03 3.782433e+00 5.640245e-03 -2.165665e-03 9.999817e-01 -1.631235e+02
9.999991e-01 3.615570e-04 1.264189e-03 1.075795e+02 -3.593222e-04 9.999984e-01 -1.767337e-03 3.784401e+00 -1.264826e-03 1.766882e-03 9.999976e-01 -1.635562e+02
9.999875e-01 -4.413280e-04 -4.984746e-03 1.080912e+02 4.519750e-04 9.999976e-01 2.135048e-03 3.775286e+00 4.983792e-03 -2.137275e-03 9.999853e-01 -1.636596e+02
9.999994e-01 3.738251e-04 1.036991e-03 1.086507e+02 -3.719828e-04 9.999984e-01 -1.776004e-03 3.765717e+00 -1.037652e-03 1.775618e-03 9.999979e-01 -1.637622e+02
9.999860e-01 -4.688069e-04 -5.272291e-03 1.095639e+02 4.803847e-04 9.999975e-01 2.194970e-03 3.762162e+00 5.271248e-03 -2.197473e-03 9.999837e-01 -1.640492e+02
9.999992e-01 3.934812e-04 1.166679e-03 1.104301e+02 -3.913749e-04 9.999983e-01 -1.804836e-03 3.755275e+00 -1.167387e-03 1.804379e-03 9.999977e-01 -1.642584e+02
9.999856e-01 -4.767772e-04 -5.337706e-03 1.112984e+02 4.886256e-04 9.999974e-01 2.218713e-03 3.751215e+00 5.336634e-03 -2.221290e-03 9.999833e-01 -1.645375e+02
9.999985e-01 4.854138e-04 1.676710e-03 1.115900e+02 -4.821892e-04 9.999980e-01 -1.922883e-03 3.740204e+00 -1.677639e-03 1.922072e-03 9.999967e-01 -1.643090e+02
9.999829e-01 -2.686197e-04 -5.835821e-03 1.111736e+02 2.814930e-04 9.999975e-01 2.205252e-03 3.755116e+00 5.835214e-03 -2.206858e-03 9.999805e-01 -1.641105e+02
9.999983e-01 4.436851e-04 1.796003e-03 1.108048e+02 -4.402769e-04 9.999981e-01 -1.897432e-03 3.767219e+00 -1.796841e-03 1.896638e-03 9.999966e-01 -1.639902e+02
9.999843e-01 -3.257905e-04 -5.602176e-03 1.106233e+02 3.377687e-04 9.999977e-01 2.137368e-03 3.767428e+00 5.601466e-03 -2.139227e-03 9.999820e-01 -1.637518e+02
9.999983e-01 4.423457e-04 1.817656e-03 1.105051e+02 -4.387199e-04 9.999979e-01 -1.994537e-03 3.764093e+00 -1.818534e-03 1.993737e-03 9.999964e-01 -1.632960e+02
9.999831e-01 -3.277232e-04 -5.812831e-03 1.102995e+02 3.403161e-04 9.999976e-01 2.165573e-03 3.766702e+00 5.812107e-03 -2.167515e-03 9.999808e-01 -1.628763e+02
9.999979e-01 4.642571e-04 1.986812e-03 1.101066e+02 -4.602734e-04 9.999979e-01 -2.004939e-03 3.767424e+00 -1.987738e-03 2.004021e-03 9.999960e-01 -1.624150e+02
9.999809e-01 -2.764968e-04 -6.175360e-03 1.097240e+02 2.906555e-04 9.999973e-01 2.292038e-03 3.779763e+00 6.174709e-03 -2.293790e-03 9.999783e-01 -1.620970e+02
9.999980e-01 4.694293e-04 1.943442e-03 1.092985e+02 -4.653985e-04 9.999977e-01 -2.073865e-03 3.791361e+00 -1.944411e-03 2.072957e-03 9.999960e-01 -1.616890e+02
9.999793e-01 -2.618319e-04 -6.429511e-03 1.087479e+02 2.765263e-04 9.999974e-01 2.284717e-03 3.810017e+00 6.428895e-03 -2.286448e-03 9.999767e-01 -1.612860e+02
9.999965e-01 3.570411e-04 2.629276e-03 1.085439e+02 -3.514757e-04 9.999977e-01 -2.116773e-03 3.813982e+00 -2.630025e-03 2.115842e-03 9.999943e-01 -1.610386e+02
9.999767e-01 -2.126511e-04 -6.816055e-03 1.082060e+02 2.282279e-04 9.999974e-01 2.284639e-03 3.821807e+00 6.815551e-03 -2.286142e-03 9.999742e-01 -1.606048e+02
9.999966e-01 4.826606e-04 2.545778e-03 1.075076e+02 -4.780623e-04 9.999983e-01 -1.806426e-03 3.845175e+00 -2.546645e-03 1.805203e-03 9.999951e-01 -1.605040e+02
9.999779e-01 -3.508911e-04 -6.645954e-03 1.071620e+02 3.653553e-04 9.999976e-01 2.175349e-03 3.856772e+00 6.645174e-03 -2.177730e-03 9.999755e-01 -1.604985e+02
9.999961e-01 2.911973e-04 2.764618e-03 1.077013e+02 -2.859634e-04 9.999982e-01 -1.893270e-03 3.851856e+00 -2.765164e-03 1.892473e-03 9.999944e-01 -1.607407e+02
9.999783e-01 -3.432779e-04 -6.584901e-03 1.080207e+02 3.576997e-04 9.999975e-01 2.189120e-03 3.848176e+00 6.584133e-03 -2.191429e-03 9.999759e-01 -1.607508e+02
9.999970e-01 3.962237e-04 2.404844e-03 1.081764e+02 -3.918415e-04 9.999983e-01 -1.822333e-03 3.852776e+00 -2.405562e-03 1.821386e-03 9.999954e-01 -1.607916e+02
9.999776e-01 -5.221500e-04 -6.667562e-03 1.090104e+02 5.364437e-04 9.999976e-01 2.142186e-03 3.856701e+00 6.666427e-03 -2.145716e-03 9.999755e-01 -1.612587e+02
9.999978e-01 4.174103e-04 2.046342e-03 1.101263e+02 -4.138070e-04 9.999984e-01 -1.760836e-03 3.862524e+00 -2.047074e-03 1.759986e-03 9.999964e-01 -1.617967e+02
9.999780e-01 -5.771781e-04 -6.607069e-03 1.110796e+02 5.910991e-04 9.999976e-01 2.105265e-03 3.873275e+00 6.605837e-03 -2.109124e-03 9.999760e-01 -1.624829e+02
9.999970e-01 6.027436e-04 2.364157e-03 1.110391e+02 -5.986822e-04 9.999983e-01 -1.718094e-03 3.888852e+00 -2.365188e-03 1.716674e-03 9.999957e-01 -1.627351e+02
9.999806e-01 -6.063559e-04 -6.194211e-03 1.112081e+02 6.192012e-04 9.999977e-01 2.072092e-03 3.892068e+00 6.192940e-03 -2.075888e-03 9.999787e-01 -1.633842e+02
9.999971e-01 5.815861e-04 2.338072e-03 1.118102e+02 -5.775469e-04 9.999983e-01 -1.727749e-03 3.889730e+00 -2.339072e-03 1.726394e-03 9.999958e-01 -1.639043e+02
9.999798e-01 -6.769893e-04 -6.317413e-03 1.124174e+02 6.898360e-04 9.999977e-01 2.031619e-03 3.888363e+00 6.316023e-03 -2.035937e-03 9.999780e-01 -1.642526e+02
9.999983e-01 6.466698e-04 1.719852e-03 1.132101e+02 -6.438391e-04 9.999984e-01 -1.645799e-03 3.904384e+00 -1.720913e-03 1.644689e-03 9.999972e-01 -1.652014e+02
9.999725e-01 -5.129007e-04 -7.394512e-03 1.136886e+02 5.273977e-04 9.999979e-01 1.958721e-03 3.925008e+00 7.393492e-03 -1.962568e-03 9.999707e-01 -1.667200e+02
9.999946e-01 5.408824e-04 3.242847e-03 1.140567e+02 -5.362781e-04 9.999988e-01 -1.420434e-03 3.951793e+00 -3.243611e-03 1.418688e-03 9.999937e-01 -1.685037e+02
9.999741e-01 -5.860325e-04 -7.172516e-03 1.144454e+02 5.988377e-04 9.999982e-01 1.783345e-03 3.957384e+00 7.171458e-03 -1.787595e-03 9.999727e-01 -1.693218e+02
9.999937e-01 6.244417e-04 3.506335e-03 1.143473e+02 -6.198489e-04 9.999989e-01 -1.310704e-03 3.959509e+00 -3.507149e-03 1.308523e-03 9.999930e-01 -1.698955e+02
9.999738e-01 -5.282346e-04 -7.223460e-03 1.141863e+02 5.407617e-04 9.999984e-01 1.732423e-03 3.959555e+00 7.222533e-03 -1.736285e-03 9.999724e-01 -1.698970e+02
9.999940e-01 5.172781e-04 3.438875e-03 1.146116e+02 -5.123015e-04 9.999988e-01 -1.447786e-03 3.947215e+00 -3.439620e-03 1.446016e-03 9.999930e-01 -1.697883e+02
9.999741e-01 -5.776916e-04 -7.177507e-03 1.150094e+02 5.900305e-04 9.999984e-01 1.717149e-03 3.945718e+00 7.176502e-03 -1.721340e-03 9.999728e-01 -1.702797e+02
9.999943e-01 5.664068e-04 3.321389e-03 1.154757e+02 -5.618453e-04 9.999989e-01 -1.374078e-03 3.945108e+00 -3.322163e-03 1.372205e-03 9.999935e-01 -1.708578e+02
9.999749e-01 -4.457581e-04 -7.071029e-03 1.156042e+02 4.568325e-04 9.999987e-01 1.564663e-03 3.927873e+00 7.070322e-03 -1.567855e-03 9.999738e-01 -1.702657e+02
9.999960e-01 6.033290e-04 2.763446e-03 1.156029e+02 -5.992059e-04 9.999987e-01 -1.492482e-03 3.922963e+00 -2.764343e-03 1.490821e-03 9.999951e-01 -1.694440e+02
9.999750e-01 -4.143903e-04 -7.056608e-03 1.157302e+02 4.258517e-04 9.999986e-01 1.622821e-03 3.910162e+00 7.055925e-03 -1.625786e-03 9.999738e-01 -1.685563e+02
9.999995e-01 1.006531e-03 1.098650e-04 1.146547e+02 -1.006312e-03 9.999976e-01 -1.969838e-03 3.978990e+00 -1.118472e-04 1.969727e-03 9.999981e-01 -1.664461e+02
9.999634e-01 -4.284432e-04 -8.544225e-03 1.133552e+02 4.398706e-04 9.999990e-01 1.335636e-03 4.072989e+00 8.543644e-03 -1.339346e-03 9.999626e-01 -1.639039e+02
9.999947e-01 7.066116e-04 3.183406e-03 1.135068e+02 -7.014560e-04 9.999984e-01 -1.620258e-03 4.066390e+00 -3.184546e-03 1.618018e-03 9.999936e-01 -1.622167e+02
9.999594e-01 -3.294695e-04 -9.001120e-03 1.132539e+02 3.420952e-04 9.999990e-01 1.401217e-03 4.081759e+00 9.000648e-03 -1.404240e-03 9.999585e-01 -1.604160e+02
9.999986e-01 8.966361e-04 1.380253e-03 1.119416e+02 -8.941280e-04 9.999980e-01 -1.816504e-03 4.172501e+00 -1.381879e-03 1.815268e-03 9.999974e-01 -1.583922e+02
9.999706e-01 -5.262475e-04 -7.650042e-03 1.113967e+02 5.375087e-04 9.999988e-01 1.470097e-03 4.204573e+00 7.649259e-03 -1.474166e-03 9.999697e-01 -1.564832e+02
9.999977e-01 9.076917e-04 1.956233e-03 1.108296e+02 -9.039207e-04 9.999977e-01 -1.927555e-03 4.230329e+00 -1.957978e-03 1.925783e-03 9.999962e-01 -1.544744e+02
9.999411e-01 -1.308384e-04 -1.085662e-02 1.088906e+02 1.464958e-04 9.999990e-01 1.441438e-03 4.371799e+00 1.085641e-02 -1.442944e-03 9.999400e-01 -1.521401e+02
9.999968e-01 6.640877e-04 2.451702e-03 1.073967e+02 -6.597601e-04 9.999982e-01 -1.765382e-03 4.481666e+00 -2.452870e-03 1.763759e-03 9.999954e-01 -1.502676e+02
9.999775e-01 -4.764893e-04 -6.691107e-03 1.076546e+02 4.887946e-04 9.999982e-01 1.837573e-03 4.462210e+00 6.690219e-03 -1.840803e-03 9.999759e-01 -1.492841e+02
9.999982e-01 7.823107e-04 1.752014e-03 1.073534e+02 -7.790554e-04 9.999980e-01 -1.857792e-03 4.475267e+00 -1.753464e-03 1.856424e-03 9.999967e-01 -1.481144e+02
9.999673e-01 -3.695108e-04 -8.075579e-03 1.067652e+02 3.824382e-04 9.999986e-01 1.599348e-03 4.511624e+00 8.074977e-03 -1.602384e-03 9.999661e-01 -1.463124e+02
9.999934e-01 5.736132e-04 3.597413e-03 1.075477e+02 -5.673740e-04 9.999983e-01 -1.735059e-03 4.471863e+00 -3.598402e-03 1.733007e-03 9.999920e-01 -1.448512e+02
9.999738e-01 -3.916750e-04 -7.221995e-03 1.093735e+02 4.074756e-04 9.999975e-01 2.186534e-03 4.399908e+00 7.221121e-03 -2.189421e-03 9.999715e-01 -1.437425e+02
9.999966e-01 7.775199e-04 2.496613e-03 1.093449e+02 -7.712167e-04 9.999965e-01 -2.524518e-03 4.387726e+00 -2.498567e-03 2.522585e-03 9.999937e-01 -1.416598e+02
9.999619e-01 -3.265060e-04 -8.720115e-03 1.085427e+02 3.459526e-04 9.999975e-01 2.228711e-03 4.443934e+00 8.719365e-03 -2.231643e-03 9.999595e-01 -1.399676e+02
9.999954e-01 8.149216e-04 2.926162e-03 1.078397e+02 -8.075776e-04 9.999965e-01 -2.509959e-03 4.486898e+00 -2.928197e-03 2.507585e-03 9.999926e-01 -1.382349e+02
9.999623e-01 -4.101196e-04 -8.671608e-03 1.073179e+02 4.288021e-04 9.999976e-01 2.152736e-03 4.515559e+00 8.670704e-03 -2.156374e-03 9.999601e-01 -1.363598e+02
9.999958e-01 8.465516e-04 2.762153e-03 1.068037e+02 -8.398700e-04 9.999967e-01 -2.419127e-03 4.546885e+00 -2.764192e-03 2.416798e-03 9.999933e-01 -1.345857e+02
9.999530e-01 -2.557428e-04 -9.692874e-03 1.059094e+02 2.756046e-04 9.999979e-01 2.047869e-03 4.604700e+00 9.692330e-03 -2.050445e-03 9.999509e-01 -1.323408e+02
9.999981e-01 8.697620e-04 1.769146e-03 1.048986e+02 -8.652018e-04 9.999963e-01 -2.576547e-03 4.679135e+00 -1.771380e-03 2.575012e-03 9.999951e-01 -1.297664e+02
9.999556e-01 -2.976400e-04 -9.420325e-03 1.036601e+02 3.186791e-04 9.999975e-01 2.231993e-03 4.773805e+00 9.419636e-03 -2.234896e-03 9.999531e-01 -1.277518e+02
9.999930e-01 6.217056e-04 3.677994e-03 1.054679e+02 -6.144366e-04 9.999979e-01 -1.977069e-03 4.720295e+00 -3.679215e-03 1.974796e-03 9.999913e-01 -1.258150e+02
9.999753e-01 -3.519947e-04 -7.016034e-03 1.077841e+02 3.665958e-04 9.999978e-01 2.079977e-03 4.631182e+00 7.015286e-03 -2.082499e-03 9.999732e-01 -1.237665e+02
9.999993e-01 1.126561e-03 -2.219388e-04 1.065048e+02 -1.127071e-03 9.999967e-01 -2.315592e-03 4.716378e+00 2.193297e-04 2.315842e-03 9.999973e-01 -1.215549e+02
9.999860e-01 -9.532597e-04 -5.209672e-03 1.061570e+02 9.667208e-04 9.999962e-01 2.582041e-03 4.735623e+00 5.207191e-03 -2.587042e-03 9.999831e-01 -1.211620e+02
9.999996e-01 8.545000e-04 3.775623e-04 1.071132e+02 -8.537005e-04 9.999974e-01 -2.111779e-03 4.758429e+00 -3.793656e-04 2.111456e-03 9.999977e-01 -1.223433e+02
9.999821e-01 -8.255410e-04 -5.933870e-03 1.089533e+02 8.418931e-04 9.999959e-01 2.753812e-03 4.742445e+00 5.931572e-03 -2.758759e-03 9.999786e-01 -1.225231e+02
9.999994e-01 8.843099e-04 6.342651e-04 1.115371e+02 -8.830728e-04 9.999977e-01 -1.947538e-03 4.699969e+00 -6.359857e-04 1.946977e-03 9.999979e-01 -1.221982e+02
9.999871e-01 -6.819513e-04 -5.037753e-03 1.137815e+02 6.949958e-04 9.999964e-01 2.588121e-03 4.621046e+00 5.035970e-03 -2.591589e-03 9.999840e-01 -1.205097e+02
9.999989e-01 1.183092e-03 -8.587447e-04 1.165100e+02 -1.185162e-03 9.999964e-01 -2.414609e-03 4.532334e+00 8.558851e-04 2.415625e-03 9.999967e-01 -1.177776e+02
9.999946e-01 -1.097962e-03 -3.095572e-03 1.187577e+02 1.105517e-03 9.999964e-01 2.439988e-03 4.468432e+00 3.092881e-03 -2.443397e-03 9.999922e-01 -1.160890e+02
9.999961e-01 1.326172e-03 -2.452089e-03 1.190749e+02 -1.331716e-03 9.999966e-01 -2.260615e-03 4.477229e+00 2.449083e-03 2.263873e-03 9.999944e-01 -1.150541e+02
9.999898e-01 -9.946394e-04 -4.394605e-03 1.185826e+02 1.003610e-03 9.999974e-01 2.039716e-03 4.536041e+00 4.392565e-03 -2.044107e-03 9.999883e-01 -1.135757e+02
9.999810e-01 1.759826e-03 -5.914370e-03 1.164035e+02 -1.773859e-03 9.999956e-01 -2.368429e-03 4.698714e+00 5.910176e-03 2.378875e-03 9.999797e-01 -1.113990e+02
9.999991e-01 -1.326377e-03 2.219437e-04 1.153128e+02 1.325757e-03 9.999953e-01 2.770188e-03 4.759358e+00 -2.256171e-04 -2.769892e-03 9.999961e-01 -1.108495e+02
9.999767e-01 1.820703e-03 -6.574190e-03 1.140885e+02 -1.837003e-03 9.999953e-01 -2.474166e-03 4.835198e+00 6.569654e-03 2.486186e-03 9.999753e-01 -1.100584e+02
9.999990e-01 -1.300187e-03 -5.497242e-04 1.129428e+02 1.301414e-03 9.999967e-01 2.237106e-03 4.914865e+00 5.468135e-04 -2.237820e-03 9.999973e-01 -1.083812e+02
9.999400e-01 2.297525e-03 -1.070892e-02 1.104779e+02 -2.326573e-03 9.999936e-01 -2.700949e-03 5.100869e+00 1.070265e-02 2.725703e-03 9.999390e-01 -1.055996e+02
9.999930e-01 -5.975393e-04 -3.704625e-03 1.063826e+02 6.065175e-04 9.999969e-01 2.422961e-03 5.401512e+00 3.703165e-03 -2.425191e-03 9.999902e-01 -1.022652e+02
9.999733e-01 1.437357e-03 -7.158576e-03 1.040649e+02 -1.458248e-03 9.999947e-01 -2.914057e-03 5.578380e+00 7.154349e-03 2.924419e-03 9.999701e-01 -9.975524e+01
9.999995e-01 -9.028032e-04 -4.460349e-04 1.028458e+02 9.041070e-04 9.999953e-01 2.932381e-03 5.676095e+00 4.433853e-04 -2.932783e-03 9.999956e-01 -9.830872e+01
9.999616e-01 1.538058e-03 -8.625129e-03 1.011492e+02 -1.564561e-03 9.999941e-01 -3.066918e-03 5.829455e+00 8.620361e-03 3.080295e-03 9.999581e-01 -9.637161e+01
9.999983e-01 -6.096663e-04 -1.756360e-03 9.890007e+01 6.143763e-04 9.999962e-01 2.682632e-03 6.001848e+00 1.754717e-03 -2.683707e-03 9.999949e-01 -9.385694e+01
9.999569e-01 1.535531e-03 -9.157440e-03 9.650619e+01 -1.564729e-03 9.999937e-01 -3.182179e-03 6.183717e+00 9.152496e-03 3.196371e-03 9.999530e-01 -9.115421e+01
9.999991e-01 -1.002784e-03 8.928883e-04 9.492690e+01 1.000134e-03 9.999951e-01 2.962977e-03 6.299516e+00 -8.958553e-04 -2.962082e-03 9.999952e-01 -8.944553e+01
9.999801e-01 1.199330e-03 -6.195220e-03 9.437751e+01 -1.216888e-03 9.999953e-01 -2.831257e-03 6.332576e+00 6.191795e-03 2.838740e-03 9.999768e-01 -8.876673e+01
9.999980e-01 -1.116565e-03 1.668297e-03 9.412679e+01 1.111546e-03 9.999949e-01 3.005741e-03 6.347125e+00 -1.671645e-03 -3.003881e-03 9.999941e-01 -8.827301e+01
9.999704e-01 1.321947e-03 -7.576102e-03 9.366833e+01 -1.344420e-03 9.999947e-01 -2.962150e-03 6.391858e+00 7.572146e-03 2.972249e-03 9.999669e-01 -8.732420e+01
9.999977e-01 -1.108408e-03 1.822793e-03 9.336998e+01 1.103236e-03 9.999954e-01 2.835866e-03 6.427519e+00 -1.825928e-03 -2.833849e-03 9.999943e-01 -8.606499e+01
9.999780e-01 1.278144e-03 -6.509200e-03 9.312855e+01 -1.297271e-03 9.999949e-01 -2.935105e-03 6.434310e+00 6.505415e-03 2.943485e-03 9.999745e-01 -8.508314e+01
9.999981e-01 -1.107307e-03 1.583718e-03 9.274868e+01 1.102664e-03 9.999951e-01 2.928816e-03 6.450094e+00 -1.586953e-03 -2.927065e-03 9.999945e-01 -8.419347e+01
9.999791e-01 1.290654e-03 -6.327632e-03 9.235975e+01 -1.308426e-03 9.999952e-01 -2.805348e-03 6.470533e+00 6.323981e-03 2.813569e-03 9.999760e-01 -8.349607e+01
9.999985e-01 -9.259496e-04 1.497066e-03 9.151463e+01 9.212393e-04 9.999946e-01 3.143686e-03 6.508529e+00 -1.499969e-03 -3.142302e-03 9.999939e-01 -8.290987e+01
9.999724e-01 1.442257e-03 -7.294714e-03 9.058188e+01 -1.464040e-03 9.999945e-01 -2.981756e-03 6.563730e+00 7.290373e-03 2.992354e-03 9.999689e-01 -8.173292e+01
9.999978e-01 -1.756571e-03 -1.106109e-03 9.477015e+01 1.760940e-03 9.999906e-01 3.961211e-03 6.594156e+00 1.099141e-03 -3.963151e-03 9.999915e-01 -8.277519e+01
9.999901e-01 1.154610e-03 -4.287082e-03 9.964123e+01 -1.165744e-03 9.999960e-01 -2.595743e-03 6.630107e+00 4.284068e-03 2.600716e-03 9.999874e-01 -8.443456e+01
9.999991e-01 -1.335123e-03 -2.575220e-04 1.009205e+02 1.335847e-03 9.999951e-01 2.833174e-03 6.624772e+00 2.537379e-04 -2.833516e-03 9.999960e-01 -8.442778e+01
9.999923e-01 1.253573e-03 -3.712574e-03 1.017668e+02 -1.263105e-03 9.999959e-01 -2.566367e-03 6.607970e+00 3.709342e-03 2.571038e-03 9.999898e-01 -8.428648e+01
9.999990e-01 -1.347051e-03 3.497739e-04 1.024836e+02 1.346043e-03 9.999950e-01 2.865012e-03 6.586329e+00 -3.536316e-04 -2.864539e-03 9.999958e-01 -8.415297e+01
9.999916e-01 1.349329e-03 -3.871008e-03 1.027739e+02 -1.359618e-03 9.999955e-01 -2.656570e-03 6.564921e+00 3.867407e-03 2.661811e-03 9.999890e-01 -8.381987e+01
9.999990e-01 -1.338000e-03 4.015288e-04 1.030223e+02 1.336845e-03 9.999950e-01 2.864072e-03 6.541504e+00 -4.053591e-04 -2.863533e-03 9.999958e-01 -8.339820e+01
9.999908e-01 1.351915e-03 -4.081218e-03 1.036246e+02 -1.362695e-03 9.999956e-01 -2.639784e-03 6.509916e+00 4.077631e-03 2.645322e-03 9.999882e-01 -8.279031e+01
9.999925e-01 -6.897596e-04 -3.811231e-03 1.021884e+02 6.985935e-04 9.999971e-01 2.317124e-03 6.611079e+00 3.809622e-03 -2.319770e-03 9.999901e-01 -8.069791e+01
9.999888e-01 1.154184e-03 -4.585501e-03 1.007966e+02 -1.167193e-03 9.999953e-01 -2.835403e-03 6.714637e+00 4.582207e-03 2.840724e-03 9.999855e-01 -7.859613e+01
9.999990e-01 -1.298742e-03 4.987640e-04 1.021365e+02 1.297152e-03 9.999941e-01 3.174484e-03 6.690758e+00 -5.028841e-04 -3.173835e-03 9.999948e-01 -7.828577e+01
9.999893e-01 1.241138e-03 -4.454257e-03 1.030272e+02 -1.253432e-03 9.999954e-01 -2.758523e-03 6.667341e+00 4.450813e-03 2.764077e-03 9.999863e-01 -7.792021e+01
9.999991e-01 -1.208033e-03 6.602369e-04 1.034885e+02 1.206044e-03 9.999948e-01 3.003231e-03 6.641701e+00 -6.638615e-04 -3.002433e-03 9.999953e-01 -7.743654e+01
9.999914e-01 1.145818e-03 -3.995166e-03 1.041231e+02 -1.156810e-03 9.999955e-01 -2.750231e-03 6.613047e+00 3.991997e-03 2.754829e-03 9.999882e-01 -7.704537e+01
9.999995e-01 -1.025528e-03 8.511031e-05 1.045326e+02 1.025284e-03 9.999955e-01 2.820616e-03 6.576443e+00 -8.800268e-05 -2.820528e-03 9.999960e-01 -7.592549e+01
9.999881e-01 1.259183e-03 -4.709147e-03 1.046638e+02 -1.273177e-03 9.999948e-01 -2.969972e-03 6.563779e+00 4.705383e-03 2.975933e-03 9.999845e-01 -7.453322e+01
9.999995e-01 -1.027937e-03 8.477258e-05 1.047700e+02 1.027685e-03 9.999952e-01 2.911899e-03 6.552768e+00 -8.776555e-05 -2.911811e-03 9.999958e-01 -7.322354e+01
9.999848e-01 1.354059e-03 -5.338356e-03 1.046056e+02 -1.370222e-03 9.999945e-01 -3.025217e-03 6.564788e+00 5.334230e-03 3.032486e-03 9.999812e-01 -7.179752e+01
9.999994e-01 -1.047369e-03 -3.250490e-04 1.041375e+02 1.048296e-03 9.999953e-01 2.866400e-03 6.595894e+00 3.220452e-04 -2.866739e-03 9.999958e-01 -7.036417e+01
9.999879e-01 1.339310e-03 -4.738619e-03 1.039875e+02 -1.353072e-03 9.999949e-01 -2.902422e-03 6.607132e+00 4.734708e-03 2.908799e-03 9.999846e-01 -6.915213e+01
9.999994e-01 -1.104562e-03 -1.544109e-04 1.038779e+02 1.104994e-03 9.999954e-01 2.828575e-03 6.612387e+00 1.512857e-04 -2.828744e-03 9.999960e-01 -6.785706e+01
9.999893e-01 1.318720e-03 -4.436191e-03 1.037605e+02 -1.331278e-03 9.999951e-01 -2.828997e-03 6.619576e+00 4.432439e-03 2.834873e-03 9.999862e-01 -6.697835e+01
9.999988e-01 -1.422957e-03 5.569805e-04 1.043362e+02 1.421254e-03 9.999944e-01 3.045397e-03 6.612581e+00 -5.613109e-04 -3.044602e-03 9.999952e-01 -6.697528e+01
9.999883e-01 1.371935e-03 -4.642800e-03 1.052539e+02 -1.384091e-03 9.999956e-01 -2.616218e-03 6.604317e+00 4.639190e-03 2.622614e-03 9.999858e-01 -6.717696e+01
9.999987e-01 -1.390394e-03 8.345067e-04 1.057703e+02 1.387978e-03 9.999949e-01 2.888046e-03 6.584678e+00 -8.385181e-04 -2.886884e-03 9.999955e-01 -6.685482e+01
9.999849e-01 1.533596e-03 -5.275367e-03 1.059841e+02 -1.548226e-03 9.999950e-01 -2.770475e-03 6.571442e+00 5.271092e-03 2.778601e-03 9.999822e-01 -6.590179e+01
9.999993e-01 -1.201969e-03 -1.383126e-04 1.055938e+02 1.202330e-03 9.999958e-01 2.643288e-03 6.594546e+00 1.351348e-04 -2.643453e-03 9.999965e-01 -6.438458e+01
9.999775e-01 1.606728e-03 -6.505472e-03 1.046204e+02 -1.625224e-03 9.999946e-01 -2.839064e-03 6.662234e+00 6.500876e-03 2.849574e-03 9.999748e-01 -6.284688e+01
9.999993e-01 -1.193577e-03 -6.060230e-05 1.035791e+02 1.193737e-03 9.999956e-01 2.712336e-03 6.734992e+00 5.736454e-05 -2.712407e-03 9.999963e-01 -6.145938e+01
9.999772e-01 1.612475e-03 -6.554651e-03 1.026124e+02 -1.632109e-03 9.999942e-01 -2.991186e-03 6.798940e+00 6.549790e-03 3.001817e-03 9.999740e-01 -5.974099e+01
9.999991e-01 -1.292428e-03 4.022876e-04 1.021077e+02 1.291393e-03 9.999959e-01 2.561634e-03 6.828110e+00 -4.055968e-04 -2.561113e-03 9.999966e-01 -5.781154e+01
9.999882e-01 1.401535e-03 -4.649938e-03 1.025845e+02 -1.413940e-03 9.999954e-01 -2.665605e-03 6.799683e+00 4.646181e-03 2.672149e-03 9.999856e-01 -5.658404e+01
9.999894e-01 -1.754155e-03 -4.262486e-03 1.055265e+02 1.765426e-03 9.999950e-01 2.642124e-03 6.889280e+00 4.257829e-03 -2.649622e-03 9.999874e-01 -5.942735e+01
9.999856e-01 1.266654e-03 -5.212938e-03 1.101444e+02 -1.277244e-03 9.999971e-01 -2.028777e-03 7.055280e+00 5.210353e-03 2.035406e-03 9.999844e-01 -6.476031e+01
9.999926e-01 -1.572972e-03 -3.502360e-03 1.136129e+02 1.582700e-03 9.999949e-01 2.776516e-03 7.157367e+00 3.497975e-03 -2.782039e-03 9.999900e-01 -6.797636e+01
9.999872e-01 1.511057e-03 -4.825943e-03 1.153752e+02 -1.520834e-03 9.999968e-01 -2.023003e-03 7.249972e+00 4.822871e-03 2.030318e-03 9.999863e-01 -7.192471e+01
