9.999896e-01 1.553645e-03 -4.288215e-03 -1.472655e-01 -1.551342e-03 9.999987e-01 5.403071e-04 2.715783e-03 4.289049e-03 -5.336495e-04 9.999908e-01 2.960619e-01
9.999945e-01 -1.437691e-03 2.985410e-03 -1.749027e-01 1.435965e-03 9.999988e-01 5.801031e-04 1.361524e-03 -2.986241e-03 -5.758123e-04 9.999953e-01 5.682582e-01
9.999492e-01 3.520827e-03 -9.445463e-03 -3.730887e-01 -3.519892e-03 9.999938e-01 1.156131e-04 5.535764e-03 9.445813e-03 -8.236090e-05 9.999555e-01 8.961858e-01
9.999940e-01 -1.930068e-03 2.881537e-03 -5.447277e-01 1.928316e-03 9.999980e-01 6.104773e-04 8.685886e-03 -2.882711e-03 -6.049163e-04 9.999956e-01 1.245516e+00
9.999344e-01 3.756453e-03 -1.082234e-02 -7.393268e-01 -3.753226e-03 9.999929e-01 3.184381e-04 1.260987e-02 1.082346e-02 -2.777994e-04 9.999415e-01 1.600744e+00
9.999972e-01 -1.369404e-03 1.947704e-03 -9.690265e-01 1.368686e-03 9.999990e-01 3.699377e-04 1.764435e-02 -1.948212e-03 -3.672700e-04 9.999979e-01 1.991812e+00
9.999481e-01 3.790685e-03 -9.456467e-03 -1.194677e+00 -3.787977e-03 9.999928e-01 3.042277e-04 2.258018e-02 9.457556e-03 -2.683920e-04 9.999553e-01 2.287759e+00
9.999965e-01 -1.351966e-03 2.288779e-03 -1.417135e+00 1.351702e-03 9.999991e-01 1.169728e-04 2.720220e-02 -2.288940e-03 -1.138777e-04 9.999973e-01 2.533099e+00
9.999488e-01 3.594402e-03 -9.460158e-03 -1.645615e+00 -3.591627e-03 9.999935e-01 3.102481e-04 3.158261e-02 9.461217e-03 -2.762559e-04 9.999553e-01 2.796448e+00
9.999929e-01 -1.603058e-03 3.412241e-03 -1.846995e+00 1.602310e-03 9.999987e-01 2.217532e-04 3.513782e-02 -3.412599e-03 -2.162831e-04 9.999941e-01 3.081783e+00
9.999610e-01 2.961870e-03 -8.321568e-03 -1.998442e+00 -2.958682e-03 9.999955e-01 3.953834e-04 3.768549e-02 8.322708e-03 -3.707483e-04 9.999654e-01 3.372548e+00
9.999855e-01 -2.159590e-03 4.930057e-03 -2.127887e+00 2.156875e-03 9.999975e-01 5.559809e-04 3.929673e-02 -4.931253e-03 -5.453380e-04 9.999876e-01 3.640407e+00
9.999956e-01 2.085846e-03 -2.092348e-03 -2.088002e+00 -2.085192e-03 9.999978e-01 3.147123e-04 3.615987e-02 2.093007e-03 -3.103493e-04 9.999979e-01 3.841060e+00
9.999827e-01 -2.931216e-03 5.104776e-03 -2.040231e+00 2.928518e-03 9.999956e-01 5.358677e-04 3.250760e-02 -5.106331e-03 -5.209075e-04 9.999867e-01 3.989421e+00
9.999969e-01 1.718929e-03 -1.801763e-03 -1.973508e+00 -1.718436e-03 9.999985e-01 2.754082e-04 2.889516e-02 1.802240e-03 -2.723126e-04 9.999984e-01 4.055878e+00
9.999848e-01 -2.726604e-03 4.788547e-03 -1.928381e+00 2.724002e-03 9.999961e-01 5.500123e-04 2.605646e-02 -4.790034e-03 -5.369583e-04 9.999883e-01 4.141303e+00
9.999916e-01 2.294516e-03 -3.385798e-03 -1.937710e+00 -2.293634e-03 9.999973e-01 2.643399e-04 2.430766e-02 3.386402e-03 -2.565736e-04 9.999943e-01 4.264352e+00
9.999886e-01 -2.487884e-03 4.067817e-03 -1.933014e+00 2.484229e-03 9.999965e-01 9.032927e-04 2.198738e-02 -4.070056e-03 -8.931752e-04 9.999912e-01 4.404510e+00
9.999919e-01 2.017564e-03 -3.472354e-03 -1.934362e+00 -2.017176e-03 9.999980e-01 1.154464e-04 2.002008e-02 3.472585e-03 -1.084430e-04 9.999941e-01 4.581147e+00
9.999957e-01 -2.134452e-03 2.012221e-03 -1.996151e+00 2.132627e-03 9.999973e-01 9.084393e-04 1.969436e-02 -2.014161e-03 -9.041420e-04 9.999975e-01 4.735210e+00
9.999777e-01 3.257214e-03 -5.822740e-03 -2.148545e+00 -3.259716e-03 9.999946e-01 -4.201567e-04 2.214130e-02 5.821346e-03 4.391258e-04 9.999831e-01 4.877564e+00
9.999941e-01 -2.401217e-03 2.468741e-03 -2.260722e+00 2.398938e-03 9.999967e-01 9.257517e-04 2.349842e-02 -2.470962e-03 -9.198217e-04 9.999964e-01 5.044769e+00
9.999646e-01 4.135192e-03 -7.328902e-03 -2.433012e+00 -4.138711e-03 9.999913e-01 -4.651031e-04 2.672483e-02 7.326922e-03 4.954167e-04 9.999731e-01 5.177680e+00
9.999950e-01 -2.316118e-03 2.131194e-03 -2.641350e+00 2.314798e-03 9.999971e-01 6.218162e-04 3.124671e-02 -2.132636e-03 -6.168777e-04 9.999974e-01 5.309238e+00
9.999795e-01 3.245114e-03 -5.521005e-03 -2.759442e+00 -3.245804e-03 9.999947e-01 -1.160427e-04 3.237824e-02 5.520607e-03 1.339583e-04 9.999849e-01 5.496323e+00
9.999879e-01 -3.986015e-03 2.876115e-03 -2.777239e+00 3.982655e-03 9.999914e-01 1.173212e-03 3.112866e-02 -2.880775e-03 -1.161741e-03 9.999951e-01 5.701253e+00
9.999631e-01 3.868226e-03 -7.670851e-03 -2.882410e+00 -3.872825e-03 9.999923e-01 -5.847017e-04 3.235104e-02 7.668538e-03 6.143857e-04 9.999705e-01 5.882822e+00
9.999865e-01 -2.852444e-03 4.332045e-03 -3.000849e+00 2.847261e-03 9.999952e-01 1.202332e-03 3.400173e-02 -4.335463e-03 -1.189979e-03 9.999898e-01 6.022470e+00
9.999788e-01 2.662180e-03 -5.943004e-03 -3.047038e+00 -2.666020e-03 9.999962e-01 -6.383384e-04 3.318651e-02 5.941291e-03 6.541666e-04 9.999822e-01 6.189809e+00
9.999893e-01 -2.583970e-03 3.835014e-03 -3.096004e+00 2.578289e-03 9.999956e-01 1.485673e-03 3.274773e-02 -3.838846e-03 -1.475767e-03 9.999914e-01 6.318279e+00
9.999668e-01 3.654948e-03 -7.276157e-03 -3.223130e+00 -3.661318e-03 9.999929e-01 -8.622506e-04 3.479065e-02 7.272964e-03 8.888597e-04 9.999733e-01 6.436350e+00
9.999885e-01 -2.658886e-03 3.995506e-03 -3.368261e+00 2.654249e-03 9.999958e-01 1.165403e-03 3.697507e-02 -3.998598e-03 -1.154782e-03 9.999912e-01 6.575888e+00
9.999542e-01 4.456889e-03 -8.468686e-03 -3.537939e+00 -4.462282e-03 9.999899e-01 -6.179424e-04 4.009417e-02 8.465857e-03 6.557011e-04 9.999640e-01 6.720707e+00
9.999679e-01 -4.667531e-03 6.512861e-03 -3.578357e+00 4.657347e-03 9.999879e-01 1.578028e-03 3.937295e-02 -6.520158e-03 -1.547642e-03 9.999774e-01 6.848340e+00
9.999408e-01 5.088271e-03 -9.614825e-03 -3.659974e+00 -5.097145e-03 9.999866e-01 -8.986924e-04 4.014047e-02 9.610134e-03 9.476446e-04 9.999535e-01 6.996439e+00
9.999851e-01 -3.780339e-03 3.946904e-03 -3.805207e+00 3.774140e-03 9.999916e-01 1.577009e-03 4.292172e-02 -3.952844e-03 -1.562087e-03 9.999909e-01 7.153979e+00
9.999524e-01 5.583651e-03 -8.004433e-03 -3.995051e+00 -5.594276e-03 9.999835e-01 -1.305566e-03 4.660405e-02 7.997023e-03 1.350280e-03 9.999672e-01 7.275045e+00
9.999838e-01 -3.864051e-03 4.187118e-03 -4.183650e+00 3.857593e-03 9.999914e-01 1.549459e-03 5.035953e-02 -4.193081e-03 -1.533279e-03 9.999899e-01 7.389678e+00
9.999721e-01 3.852626e-03 -6.394056e-03 -4.210322e+00 -3.858911e-03 9.999921e-01 -9.707538e-04 4.894277e-02 6.390278e-03 9.953979e-04 9.999792e-01 7.656840e+00
9.999812e-01 -4.896052e-03 3.690594e-03 -4.236792e+00 4.886274e-03 9.999845e-01 2.653886e-03 4.841617e-02 -3.703543e-03 -2.635800e-03 9.999896e-01 7.854653e+00
9.999454e-01 6.882922e-03 -7.862576e-03 -4.439208e+00 -6.901656e-03 9.999734e-01 -2.358001e-03 5.240139e-02 7.846150e-03 2.412134e-03 9.999664e-01 7.965924e+00
9.999682e-01 -5.727227e-03 5.549356e-03 -4.595435e+00 5.711638e-03 9.999797e-01 2.821138e-03 5.445819e-02 -5.565414e-03 -2.789349e-03 9.999805e-01 8.072753e+00
9.999108e-01 7.770881e-03 -1.086737e-02 -4.748180e+00 -7.793216e-03 9.999676e-01 -2.014337e-03 5.805451e-02 1.085137e-02 2.098846e-03 9.999390e-01 8.165697e+00
9.999395e-01 -7.441454e-03 8.096529e-03 -4.824933e+00 7.421898e-03 9.999695e-01 2.442748e-03 5.860183e-02 -8.114474e-03 -2.382506e-03 9.999641e-01 8.376808e+00
9.998946e-01 6.838745e-03 -1.280325e-02 -4.925283e+00 -6.867359e-03 9.999740e-01 -2.192210e-03 6.030652e-02 1.278794e-02 2.279900e-03 9.999157e-01 8.601420e+00
9.999576e-01 -4.754704e-03 7.887156e-03 -5.116844e+00 4.734613e-03 9.999855e-01 2.564156e-03 6.457443e-02 -7.899248e-03 -2.526702e-03 9.999655e-01 8.714164e+00
9.999172e-01 6.099213e-03 -1.133507e-02 -5.297917e+00 -6.125948e-03 9.999785e-01 -2.325384e-03 6.754312e-02 1.132066e-02 2.394626e-03 9.999332e-01 8.847094e+00
9.999551e-01 -4.841187e-03 8.144991e-03 -5.446549e+00 4.818764e-03 9.999846e-01 2.770393e-03 6.983337e-02 -8.158293e-03 -2.731016e-03 9.999629e-01 8.972417e+00
9.999131e-01 6.086191e-03 -1.169462e-02 -5.611369e+00 -6.113232e-03 9.999787e-01 -2.277884e-03 7.255855e-02 1.168053e-02 2.349175e-03 9.999291e-01 9.092248e+00
9.999449e-01 -5.048086e-03 9.198988e-03 -5.748161e+00 5.023048e-03 9.999836e-01 2.742982e-03 7.465458e-02 -9.212700e-03 -2.696621e-03 9.999538e-01 9.193325e+00
9.999170e-01 5.881156e-03 -1.146524e-02 -5.857977e+00 -5.906203e-03 9.999802e-01 -2.151988e-03 7.590922e-02 1.145237e-02 2.219522e-03 9.999321e-01 9.294487e+00
9.999592e-01 -4.329136e-03 7.926532e-03 -5.992533e+00 4.308363e-03 9.999872e-01 2.635933e-03 7.839140e-02 -7.937859e-03 -2.601672e-03 9.999650e-01 9.413598e+00
9.998717e-01 7.192281e-03 -1.431575e-02 -6.211857e+00 -7.223442e-03 9.999717e-01 -2.126181e-03 8.290654e-02 1.430007e-02 2.229313e-03 9.998954e-01 9.585917e+00
9.999366e-01 -6.128160e-03 9.442677e-03 -6.376747e+00 6.104836e-03 9.999782e-01 2.496903e-03 8.541339e-02 -9.457791e-03 -2.439095e-03 9.999522e-01 9.746402e+00
9.999787e-01 3.740237e-03 -5.355905e-03 -6.229484e+00 -3.746484e-03 9.999923e-01 -1.156594e-03 7.829847e-02 5.351556e-03 1.176632e-03 9.999851e-01 1.002171e+01
9.999808e-01 -5.802275e-03 2.187064e-03 -6.195855e+00 5.795881e-03 9.999789e-01 2.918868e-03 7.676930e-02 -2.203972e-03 -2.906132e-03 9.999932e-01 1.027262e+01
9.999319e-01 7.234664e-03 -9.157324e-03 -6.409735e+00 -7.258184e-03 9.999704e-01 -2.537836e-03 8.175244e-02 9.138712e-03 2.604125e-03 9.999549e-01 1.044074e+01
9.999751e-01 -5.567372e-03 4.345379e-03 -6.609568e+00 5.555373e-03 9.999807e-01 2.768684e-03 8.542352e-02 -4.360729e-03 -2.744470e-03 9.999866e-01 1.059329e+01
9.999400e-01 7.277649e-03 -8.184453e-03 -6.810467e+00 -7.298689e-03 9.999701e-01 -2.543737e-03 8.902486e-02 8.165715e-03 2.603316e-03 9.999634e-01 1.072769e+01
9.999673e-01 -6.187502e-03 5.205818e-03 -6.953433e+00 6.172656e-03 9.999769e-01 2.863161e-03 9.119837e-02 -5.223433e-03 -2.830930e-03 9.999823e-01 1.086955e+01
9.999409e-01 7.474362e-03 -7.891346e-03 -7.064453e+00 -7.493568e-03 9.999690e-01 -2.407017e-03 9.242341e-02 7.873131e-03 2.466005e-03 9.999661e-01 1.102024e+01
9.999641e-01 -6.704032e-03 5.189516e-03 -7.153696e+00 6.686904e-03 9.999722e-01 3.310947e-03 9.261551e-02 -5.211588e-03 -3.276122e-03 9.999810e-01 1.116768e+01
9.999473e-01 7.295000e-03 -7.222039e-03 -7.229346e+00 -7.312929e-03 9.999702e-01 -2.459226e-03 9.257621e-02 7.203904e-03 2.511907e-03 9.999710e-01 1.130378e+01
9.999625e-01 -7.141992e-03 4.907610e-03 -7.238119e+00 7.125183e-03 9.999687e-01 3.434279e-03 9.113966e-02 -4.932005e-03 -3.399178e-03 9.999820e-01 1.151979e+01
9.999130e-01 7.644377e-03 -1.074885e-02 -7.329403e+00 -7.671094e-03 9.999676e-01 -2.446475e-03 9.249284e-02 1.072982e-02 2.528714e-03 9.999393e-01 1.172728e+01
9.999514e-01 -7.782289e-03 6.046880e-03 -7.454591e+00 7.768589e-03 9.999672e-01 2.285964e-03 9.441976e-02 -6.064494e-03 -2.238873e-03 9.999790e-01 1.198950e+01
9.998403e-01 1.019464e-02 -1.467807e-02 -7.657564e+00 -1.022076e-02 9.999463e-01 -1.705796e-03 9.899869e-02 1.465991e-02 1.855540e-03 9.998909e-01 1.224262e+01
9.999203e-01 -1.002763e-02 7.674548e-03 -7.874420e+00 1.001691e-02 9.999488e-01 1.433674e-03 1.032684e-01 -7.688555e-03 -1.356680e-03 9.999694e-01 1.243299e+01
9.998399e-01 1.180051e-02 -1.345183e-02 -8.037453e+00 -1.181279e-02 9.999299e-01 -8.341405e-04 1.067340e-01 1.344106e-02 9.929065e-04 9.999093e-01 1.257816e+01
9.999306e-01 -9.573784e-03 6.865543e-03 -8.235830e+00 9.564690e-03 9.999533e-01 1.356175e-03 1.109301e-01 -6.878231e-03 -1.290409e-03 9.999754e-01 1.270950e+01
9.998632e-01 1.100362e-02 -1.234616e-02 -8.458496e+00 -1.101713e-02 9.999388e-01 -1.026373e-03 1.153953e-01 1.233413e-02 1.162248e-03 9.999234e-01 1.283639e+01
9.999283e-01 -9.274085e-03 7.577708e-03 -8.641266e+00 9.263666e-03 9.999561e-01 1.409074e-03 1.188174e-01 -7.590469e-03 -1.338772e-03 9.999702e-01 1.299291e+01
9.998662e-01 1.073476e-02 -1.234390e-02 -8.771180e+00 -1.074635e-02 9.999419e-01 -8.731811e-04 1.207627e-01 1.233384e-02 1.005712e-03 9.999235e-01 1.318832e+01
9.999116e-01 -1.014233e-02 8.601753e-03 -8.853561e+00 1.013011e-02 9.999476e-01 1.463230e-03 1.214201e-01 -8.616169e-03 -1.375959e-03 9.999618e-01 1.340079e+01
9.998397e-01 1.131826e-02 -1.387271e-02 -8.978334e+00 -1.132695e-02 9.999357e-01 -5.477639e-04 1.234087e-01 1.386564e-02 7.048073e-04 9.999037e-01 1.364374e+01
9.996320e-01 -1.580961e-02 2.204225e-02 -8.676008e+00 1.575915e-02 9.998728e-01 2.460844e-03 1.120457e-01 -2.207837e-02 -2.112567e-03 9.997539e-01 1.414488e+01
9.998201e-01 9.131620e-03 -1.662588e-02 -8.327761e+00 -9.122343e-03 9.999582e-01 6.337691e-04 1.013146e-01 1.663099e-02 -4.819929e-04 9.998617e-01 1.454047e+01
9.998521e-01 -1.015798e-02 1.387473e-02 -8.338189e+00 1.014838e-02 9.999482e-01 7.624443e-04 1.000218e-01 -1.388179e-02 -6.215203e-04 9.999034e-01 1.472593e+01
9.997923e-01 1.142437e-02 -1.687471e-02 -8.474365e+00 -1.142848e-02 9.999347e-01 -1.467266e-04 1.021385e-01 1.687196e-02 3.395434e-04 9.998577e-01 1.481828e+01
9.998485e-01 -1.064584e-02 1.377370e-02 -8.598636e+00 1.063481e-02 9.999431e-01 8.735719e-04 1.035440e-01 -1.378224e-02 -7.269535e-04 9.999047e-01 1.495959e+01
9.998073e-01 1.134604e-02 -1.602221e-02 -8.692338e+00 -1.134931e-02 9.999356e-01 -1.132381e-04 1.041905e-01 1.601992e-02 2.950523e-04 9.998717e-01 1.508327e+01
9.998368e-01 -1.105167e-02 1.429395e-02 -8.770422e+00 1.103921e-02 9.999386e-01 9.504022e-04 1.044096e-01 -1.430360e-02 -7.924478e-04 9.998973e-01 1.518048e+01
9.998197e-01 1.133936e-02 -1.523054e-02 -8.845273e+00 -1.134277e-02 9.999357e-01 -1.372896e-04 1.044569e-01 1.522803e-02 3.100161e-04 9.998841e-01 1.525274e+01
9.998390e-01 -1.105615e-02 1.413021e-02 -8.918500e+00 1.104434e-02 9.999386e-01 9.136557e-04 1.046347e-01 -1.413947e-02 -7.574443e-04 9.998996e-01 1.533182e+01
9.998550e-01 1.059513e-02 -1.333470e-02 -8.922524e+00 -1.059541e-02 9.999439e-01 4.992450e-05 1.023887e-01 1.333451e-02 9.136406e-05 9.999112e-01 1.541989e+01
9.998028e-01 -1.227936e-02 1.560622e-02 -8.866096e+00 1.226232e-02 9.999241e-01 1.187248e-03 9.965118e-02 -1.561964e-02 -9.956397e-04 9.998774e-01 1.546212e+01
9.997631e-01 1.303939e-02 -1.742597e-02 -8.979158e+00 -1.305052e-02 9.999147e-01 -5.252146e-04 1.005117e-01 1.741766e-02 7.525028e-04 9.998481e-01 1.557985e+01
9.998206e-01 -1.250097e-02 1.422658e-02 -9.085451e+00 1.248332e-02 9.999212e-01 1.328802e-03 1.020157e-01 -1.424210e-02 -1.150963e-03 9.998978e-01 1.568045e+01
9.997513e-01 1.393956e-02 -1.740668e-02 -9.254423e+00 -1.395694e-02 9.999022e-01 -8.776251e-04 1.051844e-01 1.739277e-02 1.120345e-03 9.998482e-01 1.576664e+01
9.998100e-01 -1.269804e-02 1.478746e-02 -9.419614e+00 1.267891e-02 9.999187e-01 1.386906e-03 1.080060e-01 -1.480390e-02 -1.199148e-03 9.998896e-01 1.586081e+01
9.997978e-01 1.274468e-02 -1.555548e-02 -9.460541e+00 -1.275613e-02 9.999184e-01 -6.370950e-04 1.067121e-01 1.554612e-02 8.353883e-04 9.998789e-01 1.602938e+01
9.998252e-01 -1.336998e-02 1.307265e-02 -9.493312e+00 1.334619e-02 9.999091e-01 1.905369e-03 1.060664e-01 -1.309696e-02 -1.730560e-03 9.999126e-01 1.616544e+01
9.997602e-01 1.473117e-02 -1.620167e-02 -9.661293e+00 -1.475618e-02 9.998901e-01 -1.424892e-03 1.093502e-01 1.617893e-02 1.663619e-03 9.998678e-01 1.625464e+01
9.998260e-01 -1.325601e-02 1.312160e-02 -9.830370e+00 1.323243e-02 9.999107e-01 1.881940e-03 1.122817e-01 -1.314541e-02 -1.707976e-03 9.999120e-01 1.635056e+01
9.997767e-01 1.437118e-02 -1.549094e-02 -9.978816e+00 -1.439296e-02 9.998956e-01 -1.295684e-03 1.146104e-01 1.547073e-02 1.518350e-03 9.998793e-01 1.643870e+01
9.998200e-01 -1.343905e-02 1.339046e-02 -1.011566e+01 1.341465e-02 9.999082e-01 1.910062e-03 1.166330e-01 -1.341493e-02 -1.730084e-03 9.999084e-01 1.652541e+01
9.997390e-01 1.499801e-02 -1.723194e-02 -1.029926e+01 -1.502544e-02 9.998860e-01 -1.463168e-03 1.206729e-01 1.720806e-02 1.721698e-03 9.998505e-01 1.661642e+01
9.998425e-01 -1.250300e-02 1.259295e-02 -1.056160e+01 1.248572e-02 9.999210e-01 1.449807e-03 1.268399e-01 -1.261011e-02 -1.292341e-03 9.999196e-01 1.671727e+01
9.997523e-01 1.484037e-02 -1.658426e-02 -1.081486e+01 -1.486471e-02 9.998886e-01 -1.345239e-03 1.323648e-01 1.656248e-02 1.591421e-03 9.998617e-01 1.681561e+01
9.998012e-01 -1.363922e-02 1.454105e-02 -1.096591e+01 1.361447e-02 9.999057e-01 1.799662e-03 1.343471e-01 -1.456425e-02 -1.601330e-03 9.998926e-01 1.692381e+01
9.999011e-01 1.160772e-02 -7.935433e-03 -1.081195e+01 -1.162051e-02 9.999313e-01 -1.567744e-03 1.285282e-01 7.916720e-03 1.659798e-03 9.999674e-01 1.703191e+01
9.998136e-01 -1.288799e-02 1.437425e-02 -1.065169e+01 1.286288e-02 9.999156e-01 1.838326e-03 1.224810e-01 -1.439675e-02 -1.653083e-03 9.998949e-01 1.712077e+01
9.998896e-01 1.178140e-02 -9.058583e-03 -1.049738e+01 -1.179601e-02 9.999292e-01 -1.561152e-03 1.168662e-01 9.039578e-03 1.667829e-03 9.999578e-01 1.716271e+01
9.998645e-01 -1.301315e-02 1.008218e-02 -1.044664e+01 1.298764e-02 9.999123e-01 2.591608e-03 1.135546e-01 -1.011505e-02 -2.460307e-03 9.999457e-01 1.732940e+01
9.998733e-01 1.174064e-02 -1.075164e-02 -1.043246e+01 -1.175692e-02 9.999298e-01 -1.452158e-03 1.112097e-01 1.073386e-02 1.578374e-03 9.999412e-01 1.759306e+01
9.995250e-01 -1.672093e-02 2.588838e-02 -9.989430e+00 1.668672e-02 9.998596e-01 1.536930e-03 1.043173e-01 -2.591047e-02 -1.104201e-03 9.996636e-01 1.743550e+01
9.999521e-01 9.772697e-03 -4.786946e-04 -9.173129e+00 -9.773603e-03 9.999504e-01 -1.926018e-03 1.010658e-01 4.598732e-04 1.930598e-03 9.999981e-01 1.660423e+01
9.995525e-01 -1.636220e-02 2.504080e-02 -8.370023e+00 1.634973e-02 9.998661e-01 7.026177e-04 9.802170e-02 -2.504897e-02 -2.928867e-04 9.996861e-01 1.578540e+01
9.999518e-01 9.738559e-03 -1.259130e-03 -7.579826e+00 -9.740700e-03 9.999511e-01 -1.704920e-03 9.345675e-02 1.242485e-03 1.717096e-03 9.999979e-01 1.506009e+01
9.995613e-01 -1.638040e-02 2.467573e-02 -6.800972e+00 1.637146e-02 9.998658e-01 5.642232e-04 8.846196e-02 -2.468168e-02 -1.599917e-04 9.996952e-01 1.437541e+01
9.999591e-01 9.048018e-03 2.112799e-05 -6.018941e+00 -9.047973e-03 9.999578e-01 -1.607212e-03 8.236632e-02 -3.565403e-05 1.606949e-03 9.999988e-01 1.374588e+01
9.997155e-01 -1.395462e-02 1.934287e-02 -5.328614e+00 1.392480e-02 9.999016e-01 1.675372e-03 7.675710e-02 -1.936436e-02 -1.405543e-03 9.998114e-01 1.317661e+01
9.999622e-01 8.640755e-03 9.598789e-04 -4.671985e+00 -8.638397e-03 9.999597e-01 -2.434359e-03 7.336039e-02 -9.808638e-04 2.425970e-03 9.999967e-01 1.251937e+01
9.996204e-01 -1.531328e-02 2.290332e-02 -3.896167e+00 1.528169e-02 9.998820e-01 1.553962e-03 6.918469e-02 -2.292442e-02 -1.203365e-03 9.997364e-01 1.179165e+01
9.998908e-01 1.028967e-02 -1.060776e-02 -3.497339e+00 -1.031415e-02 9.999443e-01 -2.256090e-03 6.071994e-02 1.058396e-02 2.365248e-03 9.999413e-01 1.169138e+01
9.999238e-01 -9.687333e-03 7.653307e-03 -3.566399e+00 9.660672e-03 9.999472e-01 3.513015e-03 6.020802e-02 -7.686942e-03 -3.438805e-03 9.999644e-01 1.204408e+01
9.999363e-01 8.949992e-03 -6.883378e-03 -3.584384e+00 -8.967980e-03 9.999564e-01 -2.586784e-03 5.833763e-02 6.859934e-03 2.648343e-03 9.999731e-01 1.229621e+01
9.998597e-01 -1.106564e-02 1.257658e-02 -3.426608e+00 1.102665e-02 9.999342e-01 3.165377e-03 5.183121e-02 -1.261079e-02 -3.026249e-03 9.999158e-01 1.251520e+01
9.999821e-01 5.647408e-03 1.997100e-03 -2.990203e+00 -5.640762e-03 9.999786e-01 -3.317917e-03 4.427930e-02 -2.015789e-03 3.306586e-03 9.999926e-01 1.239364e+01
9.997179e-01 -1.264504e-02 2.010602e-02 -2.312319e+00 1.261196e-02 9.999189e-01 1.771547e-03 3.488560e-02 -2.012679e-02 -1.517465e-03 9.997962e-01 1.203012e+01
9.999788e-01 6.149651e-03 -2.137428e-03 -1.730761e+00 -6.155534e-03 9.999773e-01 -2.756928e-03 2.503403e-02 2.120427e-03 2.770020e-03 9.999940e-01 1.182110e+01
9.999166e-01 -8.522944e-03 9.702073e-03 -1.479495e+00 8.499352e-03 9.999608e-01 2.470339e-03 1.799875e-02 -9.722748e-03 -2.387666e-03 9.999498e-01 1.184445e+01
9.999728e-01 6.399127e-03 -3.664107e-03 -1.331326e+00 -6.404419e-03 9.999785e-01 -1.434359e-03 1.441320e-02 3.654850e-03 1.457780e-03 9.999924e-01 1.179585e+01
9.999336e-01 -8.255404e-03 8.044664e-03 -1.197916e+00 8.238572e-03 9.999638e-01 2.123262e-03 9.987948e-03 -8.061901e-03 -2.056838e-03 9.999653e-01 1.177836e+01
9.999195e-01 8.649468e-03 -9.283445e-03 -1.283460e+00 -8.663302e-03 9.999614e-01 -1.450959e-03 1.017072e-02 9.270537e-03 1.531261e-03 9.999560e-01 1.188632e+01
9.998969e-01 -9.577372e-03 1.070222e-02 -1.280045e+00 9.551678e-03 9.999514e-01 2.449407e-03 8.135965e-03 -1.072516e-02 -2.346924e-03 9.999396e-01 1.197949e+01
9.998886e-01 8.849132e-03 -1.202233e-02 -1.302996e+00 -8.864412e-03 9.999600e-01 -1.218273e-03 7.088286e-03 1.201107e-02 1.324702e-03 9.999271e-01 1.210847e+01
9.999269e-01 -8.143796e-03 8.933575e-03 -1.433124e+00 8.127193e-03 9.999652e-01 1.893223e-03 8.599500e-03 -8.948682e-03 -1.820473e-03 9.999582e-01 1.228757e+01
9.998995e-01 8.304337e-03 -1.148911e-02 -1.503086e+00 -8.314872e-03 9.999651e-01 -8.694327e-04 8.777177e-03 1.148149e-02 9.648694e-04 9.999337e-01 1.249380e+01
9.998943e-01 -9.228701e-03 1.123845e-02 -1.506949e+00 9.204080e-03 9.999551e-01 2.240545e-03 6.764433e-03 -1.125863e-02 -2.136862e-03 9.999342e-01 1.266202e+01
9.999163e-01 8.071083e-03 -1.010773e-02 -1.472447e+00 -8.082499e-03 9.999667e-01 -1.089170e-03 3.813891e-03 1.009861e-02 1.170768e-03 9.999484e-01 1.274663e+01
9.998803e-01 -9.122573e-03 1.249843e-02 -1.426119e+00 9.096552e-03 9.999563e-01 2.137209e-03 9.863909e-04 -1.251738e-02 -2.023253e-03 9.999195e-01 1.279562e+01
9.999459e-01 7.473207e-03 -7.229856e-03 -1.290484e+00 -7.479222e-03 9.999717e-01 -8.052129e-04 -1.893521e-03 7.223633e-03 8.592362e-04 9.999736e-01 1.270668e+01
9.997798e-01 -1.081469e-02 1.798383e-02 -9.759636e-01 1.079048e-02 9.999407e-01 1.442442e-03 -3.906116e-03 -1.799836e-02 -1.248063e-03 9.998371e-01 1.235493e+01
9.999094e-01 7.562366e-03 -1.113338e-02 -7.453140e-01 -7.560235e-03 9.999714e-01 2.334429e-04 -7.190634e-03 1.113482e-02 -1.492579e-04 9.999381e-01 1.218033e+01
9.999313e-01 -7.323132e-03 9.157549e-03 -8.292448e-01 7.314140e-03 9.999727e-01 1.014994e-03 -6.656642e-03 -9.164730e-03 -9.479372e-04 9.999575e-01 1.227715e+01
9.999840e-01 4.758247e-03 -3.067674e-03 -6.701655e-01 -4.758464e-03 9.999887e-01 -6.362334e-05 -9.442516e-03 3.067334e-03 7.821248e-05 9.999954e-01 1.217417e+01
9.998597e-01 -8.418301e-03 1.448107e-02 -2.755130e-01 8.412417e-03 9.999645e-01 4.671612e-04 -1.254342e-02 -1.448449e-02 -3.452676e-04 9.998949e-01 1.182459e+01
9.999243e-01 6.064867e-03 -1.070490e-02 -1.429801e-01 -6.061475e-03 9.999816e-01 3.491952e-04 -1.645084e-02 1.070682e-02 -2.842886e-04 9.999427e-01 1.184295e+01
9.999914e-01 -3.794584e-03 1.646619e-03 -3.121208e-01 3.794267e-03 9.999928e-01 1.958075e-04 -1.353861e-02 -1.647347e-03 -1.895507e-04 9.999985e-01 1.228253e+01
9.998947e-01 8.476257e-03 -1.177872e-02 -6.018329e-01 -8.475660e-03 9.999641e-01 1.005853e-04 -5.480253e-03 1.177914e-02 -7.497307e-07 9.999307e-01 1.261282e+01
9.999815e-01 -4.769734e-03 3.786838e-03 -9.246882e-01 4.770616e-03 9.999886e-01 -2.238360e-04 1.559678e-03 -3.785726e-03 2.419048e-04 9.999927e-01 1.282933e+01
9.999434e-01 6.314803e-03 -8.562194e-03 -1.038648e+00 -6.308638e-03 9.999798e-01 7.469195e-04 3.075257e-03 8.566737e-03 -6.928689e-04 9.999632e-01 1.304772e+01
9.999841e-01 -4.634568e-03 3.200945e-03 -1.198864e+00 4.634987e-03 9.999893e-01 -1.235060e-04 6.357141e-03 -3.200338e-03 1.383479e-04 9.999948e-01 1.317945e+01
9.999472e-01 6.567962e-03 -7.897320e-03 -1.413228e+00 -6.563714e-03 9.999783e-01 5.636897e-04 1.100269e-02 7.900851e-03 -5.118318e-04 9.999688e-01 1.330259e+01
9.999819e-01 -4.751928e-03 3.693608e-03 -1.593511e+00 4.752543e-03 9.999887e-01 -1.577579e-04 1.440908e-02 -3.692817e-03 1.753167e-04 9.999931e-01 1.342100e+01
9.999457e-01 6.284593e-03 -8.317658e-03 -1.777195e+00 -6.281853e-03 9.999802e-01 3.555610e-04 1.803238e-02 8.319729e-03 -3.032990e-04 9.999654e-01 1.353667e+01
9.999872e-01 -4.171400e-03 2.874184e-03 -1.997853e+00 4.171353e-03 9.999913e-01 2.223402e-05 2.240151e-02 -2.874253e-03 -1.023684e-05 9.999958e-01 1.371633e+01
9.999471e-01 6.311460e-03 -8.126094e-03 -2.218689e+00 -6.310358e-03 9.999801e-01 1.612429e-04 2.666505e-02 8.126952e-03 -1.099635e-04 9.999671e-01 1.388423e+01
9.999764e-01 -5.298762e-03 4.371616e-03 -2.384870e+00 5.298807e-03 9.999860e-01 1.270188e-06 2.935649e-02 -4.371564e-03 2.190188e-05 9.999903e-01 1.405750e+01
9.999380e-01 6.575263e-03 -8.985019e-03 -2.531405e+00 -6.567997e-03 9.999781e-01 8.379857e-04 3.179366e-02 8.990335e-03 -7.789279e-04 9.999594e-01 1.423601e+01
9.999862e-01 -4.542613e-03 2.635117e-03 -2.745605e+00 4.543602e-03 9.999896e-01 -3.692505e-04 3.615522e-02 -2.633415e-03 3.812261e-04 9.999964e-01 1.440609e+01
9.999368e-01 6.831029e-03 -8.933040e-03 -2.978009e+00 -6.824761e-03 9.999764e-01 7.319290e-04 4.131633e-02 8.937834e-03 -6.709247e-04 9.999599e-01 1.461689e+01
9.999909e-01 -4.132728e-03 1.096246e-03 -3.216704e+00 4.133054e-03 9.999914e-01 -2.953335e-04 4.609496e-02 -1.095021e-03 2.998695e-04 9.999993e-01 1.487383e+01
9.999520e-01 6.239386e-03 -7.551494e-03 -3.430512e+00 -6.234483e-03 9.999803e-01 6.726539e-04 5.036736e-02 7.555548e-03 -6.255499e-04 9.999714e-01 1.508571e+01
9.999912e-01 -3.809271e-03 1.742113e-03 -3.660185e+00 3.810165e-03 9.999926e-01 -5.103927e-04 5.527933e-02 -1.740163e-03 5.170339e-04 9.999983e-01 1.522980e+01
9.999605e-01 6.012112e-03 -6.543687e-03 -3.896865e+00 -6.007642e-03 9.999817e-01 7.025306e-04 6.035679e-02 6.547798e-03 -6.631986e-04 9.999784e-01 1.534799e+01
9.999908e-01 -3.801506e-03 1.988353e-03 -4.119653e+00 3.802410e-03 9.999927e-01 -4.508347e-04 6.477752e-02 -1.986632e-03 4.583990e-04 9.999978e-01 1.546785e+01
9.999562e-01 5.474711e-03 -7.584839e-03 -4.329443e+00 -5.468148e-03 9.999847e-01 8.858327e-04 6.904996e-02 7.589580e-03 -8.443268e-04 9.999709e-01 1.564633e+01
9.999915e-01 -3.852360e-03 1.463196e-03 -4.527116e+00 3.853038e-03 9.999925e-01 -4.602890e-04 7.269045e-02 -1.461420e-03 4.659308e-04 9.999987e-01 1.587695e+01
9.999439e-01 5.924653e-03 -8.777589e-03 -4.744661e+00 -5.916071e-03 9.999820e-01 1.003394e-03 7.739268e-02 8.783385e-03 -9.514167e-04 9.999611e-01 1.611881e+01
9.999940e-01 -3.291496e-03 1.063911e-03 -4.998749e+00 3.292167e-03 9.999944e-01 -6.291247e-04 8.307402e-02 -1.061844e-03 6.326316e-04 9.999991e-01 1.637144e+01
9.999315e-01 6.089493e-03 -9.993329e-03 -5.262293e+00 -6.078062e-03 9.999808e-01 1.173884e-03 8.904711e-02 1.000030e-02 -1.113072e-03 9.999495e-01 1.668370e+01
9.999953e-01 -3.042917e-03 4.338429e-04 -5.519370e+00 3.043220e-03 9.999951e-01 -6.999641e-04 9.485828e-02 -4.317227e-04 7.012892e-04 9.999996e-01 1.705948e+01
9.999314e-01 5.881612e-03 -1.012829e-02 -5.763628e+00 -5.869652e-03 9.999820e-01 1.210287e-03 1.002771e-01 1.013524e-02 -1.150762e-03 9.999481e-01 1.743171e+01
9.999924e-01 -3.141450e-03 2.297924e-03 -6.012401e+00 3.143637e-03 9.999946e-01 -9.482584e-04 1.061162e-01 -2.294946e-03 9.554832e-04 9.999968e-01 1.770054e+01
9.999485e-01 5.428893e-03 -8.576016e-03 -6.253805e+00 -5.417293e-03 9.999844e-01 1.375381e-03 1.112053e-01 8.583363e-03 -1.328860e-03 9.999624e-01 1.790740e+01
9.999948e-01 -2.964440e-03 1.236582e-03 -6.511022e+00 2.965628e-03 9.999951e-01 -9.588052e-04 1.169796e-01 -1.233749e-03 9.624757e-04 9.999987e-01 1.814437e+01
9.999466e-01 5.703208e-03 -8.620221e-03 -6.776271e+00 -5.692959e-03 9.999831e-01 1.213160e-03 1.228524e-01 8.627010e-03 -1.164028e-03 9.999622e-01 1.836525e+01
9.999939e-01 -2.910065e-03 1.939427e-03 -7.049740e+00 2.912102e-03 9.999952e-01 -1.048258e-03 1.289495e-01 -1.936383e-03 1.053908e-03 9.999975e-01 1.855857e+01
9.999299e-01 5.959720e-03 -1.023005e-02 -7.370144e+00 -5.948093e-03 9.999816e-01 1.166662e-03 1.365503e-01 1.023683e-02 -1.105739e-03 9.999471e-01 1.879315e+01
9.999920e-01 -2.874426e-03 2.768298e-03 -7.674072e+00 2.877274e-03 9.999953e-01 -1.025054e-03 1.436859e-01 -2.765356e-03 1.033019e-03 9.999955e-01 1.900100e+01
9.999363e-01 5.513562e-03 -9.847007e-03 -7.952653e+00 -5.501186e-03 9.999840e-01 1.283458e-03 1.496383e-01 9.853945e-03 -1.229215e-03 9.999508e-01 1.922842e+01
9.999940e-01 -2.703816e-03 2.168942e-03 -8.242393e+00 2.706211e-03 9.999957e-01 -1.102016e-03 1.561928e-01 -2.165972e-03 1.107887e-03 9.999969e-01 1.946073e+01
9.999333e-01 5.628705e-03 -1.008317e-02 -8.528022e+00 -5.616051e-03 9.999834e-01 1.282941e-03 1.627277e-01 1.009024e-02 -1.226236e-03 9.999484e-01 1.970415e+01
9.999919e-01 -2.721013e-03 2.968346e-03 -8.790830e+00 2.724854e-03 9.999955e-01 -1.290490e-03 1.686121e-01 -2.964841e-03 1.298576e-03 9.999947e-01 1.991729e+01
9.999538e-01 4.804454e-03 -8.326779e-03 -8.986925e+00 -4.790649e-03 9.999871e-01 1.677151e-03 1.726122e-01 8.334751e-03 -1.637191e-03 9.999640e-01 2.007062e+01
9.999911e-01 -2.836089e-03 3.116191e-03 -9.200044e+00 2.840317e-03 9.999951e-01 -1.352793e-03 1.766093e-01 -3.112361e-03 1.361640e-03 9.999941e-01 2.023001e+01
9.999447e-01 5.575417e-03 -8.914190e-03 -9.441064e+00 -5.562566e-03 9.999835e-01 1.465856e-03 1.825213e-01 8.922238e-03 -1.416197e-03 9.999593e-01 2.033495e+01
9.999853e-01 -3.112057e-03 4.433708e-03 -9.699795e+00 3.118639e-03 9.999940e-01 -1.478175e-03 1.882849e-01 -4.429105e-03 1.491989e-03 9.999890e-01 2.045052e+01
9.999341e-01 5.365742e-03 -1.015335e-02 -9.932633e+00 -5.349302e-03 9.999843e-01 1.645768e-03 1.933760e-01 1.016204e-02 -1.591354e-03 9.999472e-01 2.060656e+01
9.999941e-01 -2.162942e-03 2.682381e-03 -1.021710e+01 2.167341e-03 9.999963e-01 -1.637928e-03 2.004954e-01 -2.678852e-03 1.643740e-03 9.999950e-01 2.078381e+01
9.999267e-01 5.649006e-03 -1.071063e-02 -1.054683e+01 -5.633453e-03 9.999830e-01 1.481807e-03 2.082879e-01 1.071885e-02 -1.421369e-03 9.999416e-01 2.099338e+01
9.999857e-01 -3.257789e-03 4.239556e-03 -1.081135e+01 3.264389e-03 9.999935e-01 -1.550691e-03 2.141748e-01 -4.234502e-03 1.564516e-03 9.999897e-01 2.121247e+01
9.999281e-01 5.046326e-03 -1.088047e-02 -1.104838e+01 -5.028240e-03 9.999859e-01 1.689040e-03 2.190330e-01 1.088887e-02 -1.634217e-03 9.999395e-01 2.145315e+01
9.999837e-01 -3.215093e-03 4.709739e-03 -1.127088e+01 3.221339e-03 9.999939e-01 -1.318975e-03 2.239170e-01 -4.705497e-03 1.334133e-03 9.999879e-01 2.167819e+01
9.999058e-01 6.357785e-03 -1.216681e-02 -1.154503e+01 -6.340701e-03 9.999789e-01 1.442288e-03 2.306775e-01 1.217575e-02 -1.365014e-03 9.999250e-01 2.184097e+01
9.999601e-01 -5.267988e-03 7.219248e-03 -1.181744e+01 5.283165e-03 9.999839e-01 -2.084639e-03 2.361747e-01 -7.208178e-03 2.122704e-03 9.999717e-01 2.197928e+01
9.999346e-01 6.251751e-03 -9.573571e-03 -1.195890e+01 -6.227356e-03 9.999773e-01 2.575931e-03 2.381108e-01 9.589486e-03 -2.516152e-03 9.999510e-01 2.208614e+01
9.999706e-01 -4.621624e-03 6.120241e-03 -1.212448e+01 4.634881e-03 9.999869e-01 -2.153513e-03 2.411479e-01 -6.110237e-03 2.181824e-03 9.999789e-01 2.218697e+01
9.999222e-01 6.776237e-03 -1.046825e-02 -1.230897e+01 -6.749710e-03 9.999739e-01 2.567351e-03 2.447046e-01 1.048541e-02 -2.496501e-03 9.999420e-01 2.228729e+01
9.999523e-01 -5.630336e-03 7.986743e-03 -1.247126e+01 5.649444e-03 9.999812e-01 -2.371750e-03 2.470384e-01 -7.973268e-03 2.416765e-03 9.999652e-01 2.240621e+01
9.998988e-01 6.454487e-03 -1.268028e-02 -1.257763e+01 -6.417319e-03 9.999750e-01 2.969727e-03 2.482760e-01 1.269916e-02 -2.888061e-03 9.999153e-01 2.259837e+01
9.999650e-01 -4.770387e-03 6.866487e-03 -1.273455e+01 4.788221e-03 9.999852e-01 -2.582891e-03 2.511334e-01 -6.854095e-03 2.615687e-03 9.999730e-01 2.284470e+01
9.999705e-01 4.741416e-03 -6.046548e-03 -1.274732e+01 -4.721310e-03 9.999833e-01 3.335459e-03 2.495932e-01 6.062292e-03 -3.306820e-03 9.999763e-01 2.299922e+01
9.999239e-01 -6.646281e-03 1.038832e-02 -1.259534e+01 6.666781e-03 9.999759e-01 -1.939799e-03 2.457283e-01 -1.037520e-02 2.008916e-03 9.999441e-01 2.296017e+01
9.998984e-01 7.172348e-03 -1.231477e-02 -1.268702e+01 -7.140122e-03 9.999710e-01 2.658927e-03 2.468496e-01 1.233351e-02 -2.570736e-03 9.999207e-01 2.307092e+01
9.999632e-01 -5.209792e-03 6.815708e-03 -1.286134e+01 5.223398e-03 9.999844e-01 -1.979900e-03 2.507366e-01 -6.805318e-03 2.015437e-03 9.999747e-01 2.316813e+01
9.999763e-01 4.494917e-03 -5.220312e-03 -1.290676e+01 -4.478268e-03 9.999849e-01 3.196930e-03 2.504420e-01 5.234633e-03 -3.173485e-03 9.999814e-01 2.323621e+01
9.999693e-01 -5.019691e-03 6.017260e-03 -1.287227e+01 5.024357e-03 9.999871e-01 -7.603215e-04 2.494379e-01 -6.013396e-03 7.905396e-04 9.999815e-01 2.322029e+01
9.999666e-01 5.361906e-03 -6.165722e-03 -1.305999e+01 -5.353300e-03 9.999847e-01 1.411636e-03 2.532722e-01 6.173227e-03 -1.378590e-03 9.999801e-01 2.315731e+01
9.999275e-01 -6.492324e-03 1.013626e-02 -1.311290e+01 6.490931e-03 9.999789e-01 1.704149e-04 2.544533e-01 -1.013718e-02 -1.046000e-04 9.999485e-01 2.307959e+01
9.999546e-01 4.970831e-03 -8.129259e-03 -1.302442e+01 -4.955490e-03 9.999859e-01 1.906413e-03 2.517597e-01 8.138651e-03 -1.866051e-03 9.999652e-01 2.303496e+01
9.999019e-01 -7.203295e-03 1.201456e-02 -1.292701e+01 7.210246e-03 9.999739e-01 -5.351369e-04 2.490912e-01 -1.201042e-02 6.217215e-04 9.999276e-01 2.303728e+01
9.999770e-01 4.848604e-03 -4.748042e-03 -1.264925e+01 -4.841838e-03 9.999872e-01 1.435781e-03 2.432705e-01 4.754972e-03 -1.412767e-03 9.999878e-01 2.298473e+01
9.999138e-01 -6.969855e-03 1.112417e-02 -1.242206e+01 6.977314e-03 9.999755e-01 -6.316542e-04 2.361461e-01 -1.111952e-02 7.092260e-04 9.999378e-01 2.307524e+01
9.999698e-01 3.943743e-03 -6.702070e-03 -1.213775e+01 -3.929138e-03 9.999899e-01 2.191154e-03 2.273456e-01 6.710672e-03 -2.164764e-03 9.999752e-01 2.331092e+01
9.999671e-01 -4.565977e-03 6.704775e-03 -1.201409e+01 4.569952e-03 9.999894e-01 -5.773933e-04 2.223765e-01 -6.702095e-03 6.080246e-04 9.999773e-01 2.371243e+01
9.998016e-01 6.950660e-03 -1.866708e-02 -1.232703e+01 -6.948162e-03 9.999758e-01 1.987170e-04 2.334265e-01 1.866804e-02 -6.898515e-05 9.998258e-01 2.434508e+01
9.998941e-01 -2.941683e-03 1.425566e-02 -1.247497e+01 2.946991e-03 9.999956e-01 -3.512583e-04 2.340276e-01 -1.425459e-02 3.932419e-04 9.998982e-01 2.501288e+01
9.999915e-01 -3.991885e-03 1.078738e-03 -1.196446e+01 3.989663e-03 9.999899e-01 2.052607e-03 2.168390e-01 -1.086894e-03 -2.048295e-03 9.999974e-01 2.567366e+01
9.999882e-01 -4.629366e-03 1.448576e-03 -1.158554e+01 4.626122e-03 9.999868e-01 2.235488e-03 2.029227e-01 -1.458933e-03 -2.228750e-03 9.999964e-01 2.653287e+01
9.999904e-01 3.932410e-03 -1.930336e-03 -1.150352e+01 -3.931358e-03 9.999921e-01 5.488393e-04 1.985968e-01 1.932506e-03 -5.412557e-04 9.999981e-01 2.717782e+01
9.999910e-01 -4.125893e-03 -1.023452e-03 -1.150459e+01 4.127841e-03 9.999897e-01 1.907134e-03 1.972504e-01 1.015545e-03 -1.911331e-03 9.999976e-01 2.774731e+01
9.999893e-01 4.061411e-03 2.208381e-03 -1.135387e+01 -4.062346e-03 9.999917e-01 4.183316e-04 1.900941e-01 -2.206636e-03 -4.273094e-04 9.999976e-01 2.845898e+01
9.999743e-01 -1.273920e-03 -7.057910e-03 -1.126288e+01 1.291391e-03 9.999961e-01 2.471097e-03 1.844328e-01 7.054706e-03 -2.480137e-03 9.999719e-01 2.921861e+01
9.999622e-01 6.244262e-03 -6.050917e-03 -1.142168e+01 -6.246162e-03 9.999804e-01 -2.948335e-04 1.850172e-01 6.048987e-03 3.326061e-04 9.999817e-01 3.012368e+01
9.999958e-01 -2.087152e-03 -2.012620e-03 -1.147867e+01 2.091897e-03 9.999950e-01 2.357341e-03 1.831181e-01 2.007659e-03 -2.361529e-03 9.999951e-01 3.097770e+01
9.999841e-01 5.345424e-03 1.789854e-03 -1.133111e+01 -5.345527e-03 9.999857e-01 5.146738e-05 1.739003e-01 -1.789523e-03 -6.104592e-05 9.999985e-01 3.183136e+01
9.999936e-01 -3.229661e-03 1.514554e-03 -1.102430e+01 3.225546e-03 9.999911e-01 2.712400e-03 1.612895e-01 -1.523330e-03 -2.707485e-03 9.999951e-01 3.266221e+01
9.999861e-01 2.789545e-03 -4.463827e-03 -1.076417e+01 -2.785432e-03 9.999957e-01 9.279192e-04 1.520330e-01 4.466427e-03 -9.154850e-04 9.999897e-01 3.354105e+01
9.998557e-01 -5.227936e-03 1.616471e-02 -1.040984e+01 5.231258e-03 9.999863e-01 -1.630660e-04 1.409610e-01 -1.616366e-02 2.476167e-04 9.998692e-01 3.405865e+01
9.999835e-01 4.281001e-03 -3.818115e-03 -9.851411e+00 -4.278412e-03 9.999906e-01 6.865013e-04 1.236711e-01 3.821046e-03 -6.701670e-04 9.999926e-01 3.446910e+01
9.999820e-01 -2.283168e-03 5.539888e-03 -9.682244e+00 2.276067e-03 9.999966e-01 1.288065e-03 1.159234e-01 -5.542837e-03 -1.275420e-03 9.999837e-01 3.516750e+01
9.999867e-01 9.110791e-04 5.076132e-03 -9.297607e+00 -9.083763e-04 9.999994e-01 -5.350896e-04 1.010213e-01 -5.076590e-03 5.304587e-04 9.999871e-01 3.575077e+01
9.999999e-01 -8.654206e-05 3.604690e-04 -8.911248e+00 8.559239e-05 9.999965e-01 2.638496e-03 8.592066e-02 -3.607223e-04 -2.638452e-03 9.999964e-01 3.639140e+01
9.999949e-01 1.456149e-03 2.851001e-03 -8.621950e+00 -1.455368e-03 9.999989e-01 -2.768950e-04 7.486587e-02 -2.851376e-03 2.727312e-04 9.999960e-01 3.712606e+01
9.999988e-01 -4.946651e-04 1.491548e-03 -8.273074e+00 4.904756e-04 9.999959e-01 2.809019e-03 6.201453e-02 -1.492957e-03 -2.808270e-03 9.999948e-01 3.788229e+01
9.999920e-01 -7.917161e-04 3.910524e-03 -7.897053e+00 7.956454e-04 9.999992e-01 -1.003812e-03 4.846859e-02 -3.909701e-03 1.006902e-03 9.999919e-01 3.862100e+01
9.999360e-01 -1.611555e-03 1.119552e-02 -7.320545e+00 1.602858e-03 9.999984e-01 7.859204e-04 3.126310e-02 -1.119680e-02 -7.679117e-04 9.999369e-01 3.917469e+01
9.999235e-01 2.917403e-03 -1.202032e-02 -6.999648e+00 -2.899100e-03 9.999946e-01 1.539908e-03 2.037048e-02 1.202477e-02 -1.504956e-03 9.999267e-01 3.986075e+01
9.999993e-01 7.613402e-04 -9.052114e-04 -7.110773e+00 -7.605476e-04 9.999993e-01 8.737023e-04 2.132114e-02 9.058512e-04 -8.729992e-04 9.999991e-01 4.093384e+01
9.998984e-01 2.060884e-03 -1.410181e-02 -7.174715e+00 -2.030497e-03 9.999956e-01 2.168903e-03 2.040953e-02 1.410624e-02 -2.140063e-03 9.998983e-01 4.206126e+01
9.997848e-01 -1.896427e-03 2.065802e-02 -6.944475e+00 1.906382e-03 9.999981e-01 -4.621251e-04 1.140064e-02 -2.065713e-02 5.014222e-04 9.997864e-01 4.284613e+01
9.998532e-01 3.468072e-03 -1.678181e-02 -6.577951e+00 -3.424263e-03 9.999907e-01 2.638641e-03 -2.316208e-03 1.679083e-02 -2.580803e-03 9.998558e-01 4.349828e+01
9.999012e-01 -3.283067e-04 1.404943e-02 -6.432939e+00 3.220076e-04 9.999998e-01 4.507610e-04 -1.025178e-02 -1.404960e-02 -4.461776e-04 9.999011e-01 4.433141e+01
9.998778e-01 2.065897e-03 -1.549492e-02 -6.211867e+00 -2.029067e-03 9.999951e-01 2.392383e-03 -1.936780e-02 1.549981e-02 -2.360666e-03 9.998772e-01 4.513609e+01
9.998320e-01 -9.876592e-04 1.830338e-02 -5.945778e+00 9.757992e-04 9.999993e-01 6.570068e-04 -3.250260e-02 -1.830404e-02 -6.390206e-04 9.998322e-01 4.600269e+01
9.999933e-01 -3.192126e-03 -1.803749e-03 -5.162115e+00 3.195075e-03 9.999936e-01 1.635267e-03 -5.631764e-02 1.798541e-03 -1.641035e-03 9.999971e-01 4.671998e+01
9.999448e-01 -4.687828e-03 9.398646e-03 -4.664910e+00 4.661653e-03 9.999852e-01 2.805091e-03 -7.404018e-02 -9.411680e-03 -2.761107e-03 9.999518e-01 4.798283e+01
9.999845e-01 -1.926159e-03 -5.231028e-03 -4.242859e+00 1.938411e-03 9.999954e-01 2.338376e-03 -9.139125e-02 5.226522e-03 -2.348496e-03 9.999837e-01 4.911830e+01
9.999955e-01 1.373379e-03 2.659020e-03 -4.006674e+00 -1.378809e-03 9.999970e-01 2.042134e-03 -1.019901e-01 -2.656230e-03 -2.045774e-03 9.999943e-01 5.025442e+01
9.998972e-01 -6.776333e-03 1.263569e-02 -3.541132e+00 6.804665e-03 9.999744e-01 -2.200728e-03 -1.141495e-01 -1.262043e-02 2.286466e-03 9.999178e-01 5.077622e+01
9.997835e-01 -1.221650e-03 2.076968e-02 -2.391656e+00 1.263402e-03 9.999972e-01 -1.997146e-03 -1.321958e-01 -2.076720e-02 2.022971e-03 9.997822e-01 5.038080e+01
9.997911e-01 -8.823948e-03 1.843365e-02 -9.534213e-01 8.875122e-03 9.999570e-01 -2.696236e-03 -1.513290e-01 -1.840905e-02 2.859257e-03 9.998265e-01 4.973914e+01
9.998016e-01 -1.038269e-03 1.989182e-02 4.054308e-01 1.072890e-03 9.999979e-01 -1.729813e-03 -1.680567e-01 -1.988999e-02 1.750828e-03 9.998005e-01 4.904702e+01
9.996455e-01 -9.538365e-03 2.485611e-02 2.045351e+00 9.616118e-03 9.999492e-01 -3.010523e-03 -1.864021e-01 -2.482613e-02 3.248460e-03 9.996866e-01 4.811069e+01
9.998197e-01 -2.007494e-03 1.888327e-02 3.586222e+00 2.046094e-03 9.999959e-01 -2.025016e-03 -2.056199e-01 -1.887913e-02 2.063303e-03 9.998195e-01 4.732694e+01
9.998666e-01 -6.534731e-03 1.496978e-02 4.719348e+00 6.569391e-03 9.999759e-01 -2.267345e-03 -2.235607e-01 -1.495460e-02 2.365370e-03 9.998855e-01 4.692802e+01
