1.000000e+00 1.197625e-11 1.704638e-10 5.551115e-17 1.197625e-11 1.000000e+00 3.562503e-10 0.000000e+00 1.704638e-10 3.562503e-10 1.000000e+00 2.220446e-16 0.000000e+00 0.000000e+00 0.000000e+00 1.000000e+00
9.992606e-01 -2.890643e-02 -2.535219e-02 4.324754e-02 2.971935e-02 9.990364e-01 3.229707e-02 -6.309844e-03 2.439417e-02 -3.302664e-02 9.991567e-01 1.753385e-01
9.761636e-01 3.038015e-02 2.148994e-01 8.222335e-02 -3.478832e-02 9.992542e-01 1.675947e-02 -9.500545e-03 -2.142299e-01 -2.383598e-02 9.764924e-01 1.692520e-01
9.982206e-01 -3.390058e-02 -4.905585e-02 1.114464e-01 3.601869e-02 9.984274e-01 4.295764e-02 -1.213153e-02 4.752241e-02 -4.464813e-02 9.978718e-01 1.686336e-01
9.855156e-01 1.678522e-02 1.687519e-01 1.398374e-01 -1.726070e-02 9.998501e-01 1.350996e-03 -1.496950e-02 -1.687039e-01 -4.244202e-03 9.856576e-01 1.890137e-01
9.964437e-01 -7.122770e-03 8.395908e-02 2.263364e-01 3.965919e-03 9.992810e-01 3.770686e-02 -1.950561e-02 -8.416729e-02 -3.723979e-02 9.957555e-01 1.525699e-01
9.617917e-01 -3.250467e-02 2.718460e-01 3.759360e-01 3.913831e-02 9.990529e-01 -1.901449e-02 -2.584626e-02 -2.709705e-01 2.892757e-02 9.621529e-01 6.229524e-02
9.945822e-01 2.205508e-02 -1.015866e-01 4.809222e-01 -1.638191e-02 9.982769e-01 5.634523e-02 -2.942725e-02 1.026543e-01 -5.437578e-02 9.932298e-01 2.458330e-02
9.653169e-01 -5.174640e-02 2.559015e-01 5.460007e-01 5.406461e-02 9.985354e-01 -2.027616e-03 -3.239811e-02 -2.554218e-01 1.579251e-02 9.667007e-01 2.617674e-02
9.864045e-01 4.371564e-02 -1.584144e-01 5.723426e-01 -3.495675e-02 9.977239e-01 5.766294e-02 -3.540198e-02 1.605746e-01 -5.134133e-02 9.856875e-01 7.179938e-02
9.466397e-01 -3.951749e-02 3.198619e-01 6.161484e-01 4.306259e-02 9.990643e-01 -4.014991e-03 -3.907051e-02 -3.194039e-01 1.757483e-02 9.474557e-01 8.073658e-02
8.742303e-01 8.150356e-02 -4.786216e-01 5.555723e-01 -7.920825e-02 9.965440e-01 2.502109e-02 -4.607459e-02 4.790068e-01 1.603658e-02 8.776647e-01 4.894950e-01
9.370120e-01 -1.377181e-01 3.210019e-01 4.982301e-01 1.293743e-01 9.904676e-01 4.728969e-02 -5.745863e-02 -3.244546e-01 -2.781611e-03 9.458972e-01 9.123874e-01
9.438040e-01 1.266150e-01 -3.052910e-01 5.245218e-01 -1.253294e-01 9.918275e-01 2.389153e-02 -6.113444e-02 3.058210e-01 1.571301e-02 9.519593e-01 9.949437e-01
8.994624e-01 -1.175160e-01 4.209007e-01 5.722385e-01 1.098431e-01 9.930389e-01 4.252369e-02 -6.537292e-02 -4.229680e-01 7.984571e-03 9.061094e-01 1.024159e+00
9.851222e-01 9.987078e-02 -1.398573e-01 6.882503e-01 -1.008082e-01 9.949058e-01 3.834115e-04 -6.984532e-02 1.391832e-01 1.372106e-02 9.901716e-01 9.401997e-01
9.398940e-01 -1.198577e-01 3.197397e-01 8.690590e-01 1.110538e-01 9.927632e-01 4.569822e-02 -7.231648e-02 -3.229031e-01 -7.443178e-03 9.464028e-01 8.198686e-01
9.895203e-01 1.113163e-01 -9.196927e-02 1.011475e+00 -1.134691e-01 9.933692e-01 -1.850462e-02 -7.590235e-02 8.929957e-02 2.874637e-02 9.955899e-01 7.274489e-01
9.331150e-01 -1.136031e-01 3.411610e-01 1.125506e+00 8.988286e-02 9.923525e-01 8.460310e-02 -8.000853e-02 -3.481631e-01 -4.827989e-02 9.361899e-01 6.590550e-01
9.918623e-01 1.020012e-01 -7.618997e-02 1.212203e+00 -1.049140e-01 9.938564e-01 -3.524986e-02 -8.414007e-02 7.212636e-02 4.295641e-02 9.964700e-01 6.052373e-01
9.212770e-01 -1.139754e-01 3.718309e-01 1.289837e+00 7.731388e-02 9.906835e-01 1.121104e-01 -8.931361e-02 -3.811446e-01 -7.453701e-02 9.215059e-01 5.563696e-01
9.826289e-01 7.040372e-02 -1.717084e-01 1.373334e+00 -8.148478e-02 9.949648e-01 -5.835517e-02 -9.326050e-02 1.667354e-01 7.133310e-02 9.834180e-01 5.218709e-01
9.796355e-01 -1.006816e-01 1.737168e-01 1.365254e+00 8.337470e-02 9.910538e-01 1.042159e-01 -9.722573e-02 -1.826553e-01 -8.761001e-02 9.792658e-01 6.294482e-01
9.956416e-01 6.472698e-02 -6.714329e-02 1.469145e+00 -7.004862e-02 9.943151e-01 -8.019138e-02 -1.011695e-01 6.157105e-02 8.454517e-02 9.945155e-01 6.157312e-01
9.747673e-01 -7.959065e-02 2.085525e-01 1.541450e+00 5.690788e-02 9.920096e-01 1.125988e-01 -1.052471e-01 -2.158479e-01 -9.788930e-02 9.715078e-01 6.217371e-01
9.981959e-01 5.997174e-02 2.898450e-03 1.593833e+00 -5.962383e-02 9.957781e-01 -6.979208e-02 -1.092784e-01 -7.071765e-03 6.949335e-02 9.975573e-01 6.057910e-01
9.554547e-01 -6.720242e-02 2.873849e-01 1.653759e+00 3.263233e-02 9.918158e-01 1.234362e-01 -1.147627e-01 -2.933281e-01 -1.085597e-01 9.498281e-01 5.753601e-01
9.996339e-01 1.754908e-02 2.059535e-02 1.791334e+00 -1.538938e-02 9.947974e-01 -1.007036e-01 -1.208787e-01 -2.225546e-02 1.003498e-01 9.947033e-01 4.979166e-01
9.823048e-01 -1.972761e-02 1.862472e-01 1.859492e+00 -6.194004e-03 9.904712e-01 1.375808e-01 -1.254369e-01 -1.871866e-01 -1.362999e-01 9.728224e-01 4.933204e-01
9.997317e-01 2.860110e-03 2.298557e-02 1.915547e+00 -6.141794e-04 9.952716e-01 -9.712925e-02 -1.295983e-01 -2.315469e-02 9.708907e-02 9.950063e-01 4.785933e-01
9.768642e-01 -4.090928e-03 2.138213e-01 1.971128e+00 -2.757905e-02 9.890588e-01 1.449208e-01 -1.336918e-01 -2.120747e-01 -1.474649e-01 9.660634e-01 4.565849e-01
9.995479e-01 -1.724747e-02 2.462703e-02 2.022193e+00 1.950552e-02 9.953236e-01 -9.460692e-02 -1.376370e-01 -2.288014e-02 9.504451e-02 9.952100e-01 4.303898e-01
9.821842e-01 2.109538e-02 1.867330e-01 2.059460e+00 -4.735015e-02 9.893998e-01 1.372805e-01 -1.417410e-01 -1.818576e-01 -1.436766e-01 9.727717e-01 4.251756e-01
9.981771e-01 -4.022475e-02 4.499454e-02 2.104530e+00 4.371285e-02 9.958812e-01 -7.943383e-02 -1.455124e-01 -4.161401e-02 8.125587e-02 9.958242e-01 4.001245e-01
9.817688e-01 3.963664e-02 1.859007e-01 2.146619e+00 -6.270098e-02 9.908065e-01 1.198792e-01 -1.497186e-01 -1.794400e-01 -1.293498e-01 9.752281e-01 3.848770e-01
9.952539e-01 -7.610890e-02 6.063993e-02 2.264995e+00 8.183051e-02 9.917915e-01 -9.825177e-02 -1.540221e-01 -5.266434e-02 1.027476e-01 9.933123e-01 3.094865e-01
9.790612e-01 7.392152e-02 1.896702e-01 2.391016e+00 -9.583604e-02 9.894011e-01 1.090910e-01 -1.571361e-01 -1.795957e-01 -1.249840e-01 9.757686e-01 2.135310e-01
9.955249e-01 -9.271106e-02 -1.829846e-02 2.435616e+00 9.143885e-02 9.939318e-01 -6.114303e-02 -1.601551e-01 2.385606e-02 5.919622e-02 9.979613e-01 1.925146e-01
9.818642e-01 7.981880e-02 1.719641e-01 2.476543e+00 -9.723838e-02 9.906814e-01 9.536804e-02 -1.630274e-01 -1.627495e-01 -1.103600e-01 9.804760e-01 1.840535e-01
9.917618e-01 -1.078425e-01 -6.912641e-02 2.520123e+00 1.032794e-01 9.924266e-01 -6.650456e-02 -1.665223e-01 7.577490e-02 5.881735e-02 9.953887e-01 2.091042e-01
9.489442e-01 9.833609e-02 2.997248e-01 2.597487e+00 -1.259785e-01 9.892471e-01 7.429432e-02 -1.704174e-01 -2.891961e-01 -1.082600e-01 9.511285e-01 1.640075e-01
9.792307e-01 -1.354900e-01 -1.508301e-01 2.671970e+00 1.295714e-01 9.903859e-01 -4.844588e-02 -1.735974e-01 1.559439e-01 2.789642e-02 9.873719e-01 1.338842e-01
9.539158e-01 9.057281e-02 2.860790e-01 2.811157e+00 -1.070094e-01 9.933569e-01 4.231995e-02 -1.758321e-01 -2.803455e-01 -7.098282e-02 9.572710e-01 3.978703e-02
9.907322e-01 -8.233373e-02 -1.080321e-01 2.876740e+00 8.265838e-02 9.965768e-01 -1.477069e-03 -1.782372e-01 1.077839e-01 -7.466381e-03 9.941463e-01 -8.230377e-04
9.298698e-01 7.878517e-02 3.593535e-01 2.935534e+00 -8.750967e-02 9.961312e-01 8.048437e-03 -1.830111e-01 -3.573292e-01 -3.893091e-02 9.331668e-01 -3.412740e-02
9.908999e-01 -6.718877e-02 -1.166318e-01 2.986974e+00 7.207727e-02 9.966669e-01 3.821038e-02 -1.867734e-01 1.136757e-01 -4.626916e-02 9.924399e-01 -7.036568e-02
9.218489e-01 5.379828e-02 3.837973e-01 3.100652e+00 -3.523362e-02 9.978510e-01 -5.524426e-02 -1.924725e-01 -3.859446e-01 3.740429e-02 9.217634e-01 -1.295446e-01
9.844149e-01 -2.009012e-02 -1.747104e-01 3.198202e+00 3.482738e-02 9.960483e-01 8.170013e-02 -1.950338e-01 1.723786e-01 -8.651153e-02 9.812244e-01 -2.064971e-01
9.501935e-01 5.461929e-03 3.116126e-01 3.235751e+00 4.914144e-03 9.994596e-01 -3.250306e-02 -1.978906e-01 -3.116217e-01 3.241551e-02 9.496532e-01 -2.014471e-01
9.751772e-01 3.560314e-03 -2.213971e-01 3.256025e+00 1.529218e-02 9.964005e-01 8.338000e-02 -2.005471e-01 2.208970e-01 -8.469592e-02 9.716126e-01 -1.764791e-01
9.551890e-01 -1.378984e-02 2.956752e-01 3.270752e+00 2.614741e-02 9.989401e-01 -3.788104e-02 -2.034490e-01 -2.948395e-01 4.391469e-02 9.545372e-01 -1.408795e-01
9.710116e-01 2.221199e-02 -2.379983e-01 3.281526e+00 -1.201280e-03 9.961140e-01 8.806458e-02 -2.063614e-01 2.390295e-01 -8.522582e-02 9.672649e-01 -9.177525e-02
9.678710e-01 -3.290002e-02 2.492854e-01 3.291556e+00 4.496732e-02 9.980683e-01 -4.286691e-02 -2.099565e-01 -2.473936e-01 5.269934e-02 9.674809e-01 -1.198358e-02
9.516329e-01 3.289710e-02 -3.054712e-01 3.258289e+00 -2.548995e-03 9.950622e-01 9.922035e-02 -2.143246e-01 3.072269e-01 -9.364271e-02 9.470178e-01 1.593017e-01
9.537041e-01 -3.999840e-02 2.980750e-01 3.249643e+00 6.036470e-02 9.964055e-01 -5.943281e-02 -2.181113e-01 -2.946263e-01 7.467452e-02 9.526904e-01 2.696749e-01
9.874414e-01 6.522971e-02 -1.438910e-01 3.307802e+00 -5.032523e-02 9.932091e-01 1.048956e-01 -2.215054e-01 1.497561e-01 -9.633688e-02 9.840184e-01 2.472087e-01
9.617889e-01 -9.388583e-02 2.571917e-01 3.450690e+00 1.142260e-01 9.913071e-01 -6.528840e-02 -2.243452e-01 -2.488263e-01 9.217164e-02 9.641524e-01 1.623986e-01
9.874708e-01 5.190333e-02 -1.490219e-01 3.723739e+00 -3.930785e-02 9.954971e-01 8.625755e-02 -2.260480e-01 1.528280e-01 -7.931907e-02 9.850645e-01 -3.144390e-02
9.617648e-01 -6.292611e-02 2.665497e-01 3.858033e+00 7.974967e-02 9.954178e-01 -5.275812e-02 -2.272715e-01 -2.620084e-01 7.199816e-02 9.623761e-01 -1.097369e-01
9.595946e-01 7.340360e-03 -2.812906e-01 4.054242e+00 1.811809e-02 9.959735e-01 8.779827e-02 -2.292907e-01 2.808025e-01 -8.934719e-02 9.555977e-01 -2.113103e-01
9.330067e-01 -1.938163e-02 3.593366e-01 4.300945e+00 5.599165e-02 9.942061e-01 -9.175589e-02 -2.297192e-01 -3.554763e-01 1.057287e-01 9.286862e-01 -3.737564e-01
9.719016e-01 6.586757e-02 -2.259841e-01 4.379121e+00 -3.364119e-02 9.890639e-01 1.436000e-01 -2.319355e-01 2.329713e-01 -1.319627e-01 9.634886e-01 -4.042719e-01
9.187822e-01 -3.734568e-02 3.929943e-01 4.467063e+00 7.216139e-02 9.946300e-01 -7.418802e-02 -2.347244e-01 -3.881133e-01 9.652165e-02 9.165433e-01 -4.465928e-01
9.714192e-01 8.575808e-02 -2.213374e-01 4.523626e+00 -5.515854e-02 9.884848e-01 1.409093e-01 -2.372514e-01 2.308727e-01 -1.246733e-01 9.649634e-01 -4.833594e-01
9.307354e-01 -7.660712e-02 3.575792e-01 4.566335e+00 1.029040e-01 9.931655e-01 -5.507277e-02 -2.395741e-01 -3.509164e-01 8.805452e-02 9.322575e-01 -4.895202e-01
9.678842e-01 1.078111e-01 -2.271055e-01 4.603617e+00 -7.956791e-02 9.883079e-01 1.300633e-01 -2.421597e-01 2.384724e-01 -1.078159e-01 9.651459e-01 -4.816120e-01
9.244379e-01 -1.054785e-01 3.664543e-01 4.636557e+00 1.293052e-01 9.907561e-01 -4.101771e-02 -2.451538e-01 -3.587404e-01 8.530276e-02 9.295315e-01 -4.733267e-01
9.702194e-01 1.470383e-01 -1.924945e-01 4.671148e+00 -1.244546e-01 9.843665e-01 1.246339e-01 -2.478284e-01 2.078111e-01 -9.696540e-02 9.733510e-01 -4.831167e-01
9.291774e-01 -1.408007e-01 3.417667e-01 4.711174e+00 1.576561e-01 9.872512e-01 -2.190053e-02 -2.504333e-01 -3.343260e-01 7.423109e-02 9.395296e-01 -4.919830e-01
9.657567e-01 1.671288e-01 -1.984489e-01 4.740574e+00 -1.476301e-01 9.829745e-01 1.093913e-01 -2.530583e-01 2.133527e-01 -7.634831e-02 9.739875e-01 -4.861976e-01
9.279227e-01 -1.724333e-01 3.304939e-01 4.768278e+00 1.826704e-01 9.831742e-01 8.457744e-05 -2.558009e-01 -3.249476e-01 6.029297e-02 9.438081e-01 -4.719298e-01
9.371283e-01 1.735595e-01 -3.027668e-01 4.794099e+00 -1.498959e-01 9.836411e-01 9.990713e-02 -2.606530e-01 3.151537e-01 -4.824231e-02 9.478137e-01 -3.253315e-01
9.585750e-01 -1.797700e-01 2.209452e-01 4.835435e+00 1.891081e-01 9.817168e-01 -2.168463e-02 -2.690469e-01 -2.130074e-01 6.256888e-02 9.750451e-01 1.239399e-02
9.322668e-01 1.833224e-01 -3.118839e-01 4.867192e+00 -1.537297e-01 9.811397e-01 1.171841e-01 -2.781326e-01 3.274841e-01 -6.130106e-02 9.428660e-01 3.707982e-01
9.489400e-01 -1.931534e-01 2.494087e-01 4.940971e+00 2.083192e-01 9.774108e-01 -3.565311e-02 -2.859302e-01 -2.368882e-01 8.578929e-02 9.677418e-01 6.621155e-01
9.624608e-01 1.714898e-01 -2.103817e-01 5.017571e+00 -1.526157e-01 9.829027e-01 1.030085e-01 -2.905127e-01 2.244496e-01 -6.703410e-02 9.721773e-01 7.863864e-01
9.554133e-01 -1.879960e-01 2.276905e-01 5.071720e+00 2.021952e-01 9.785069e-01 -4.051384e-02 -2.951138e-01 -2.151802e-01 8.474537e-02 9.728904e-01 9.529964e-01
9.362666e-01 1.944023e-01 -2.925965e-01 5.099537e+00 -1.577969e-01 9.768969e-01 1.441267e-01 -3.032311e-01 3.138552e-01 -8.877018e-02 9.453120e-01 1.279282e+00
9.563461e-01 -2.127965e-01 2.002992e-01 5.074916e+00 2.275050e-01 9.723195e-01 -5.325690e-02 -3.096569e-01 -1.834219e-01 9.650109e-02 9.782862e-01 1.560682e+00
9.502317e-01 2.117487e-01 -2.285216e-01 5.052472e+00 -1.821184e-01 9.726746e-01 1.440033e-01 -3.158279e-01 2.527697e-01 -9.521846e-02 9.628296e-01 1.800617e+00
9.559728e-01 -2.035033e-01 2.114294e-01 5.046196e+00 2.212210e-01 9.731491e-01 -6.357785e-02 -3.225273e-01 -1.928140e-01 1.075513e-01 9.753233e-01 2.027341e+00
9.585585e-01 2.013075e-01 -2.015957e-01 5.083547e+00 -1.720294e-01 9.730326e-01 1.536667e-01 -3.275231e-01 2.270935e-01 -1.126182e-01 9.673395e-01 2.201909e+00
9.564225e-01 -2.169613e-01 1.954069e-01 5.117594e+00 2.340133e-01 9.698105e-01 -6.859650e-02 -3.322827e-01 -1.746249e-01 1.113350e-01 9.783203e-01 2.352248e+00
9.519369e-01 2.186693e-01 -2.144758e-01 5.131174e+00 -1.823343e-01 9.672038e-01 1.768359e-01 -3.378274e-01 2.461104e-01 -1.292303e-01 9.605879e-01 2.557012e+00
9.527996e-01 -2.281111e-01 2.003455e-01 5.126833e+00 2.502044e-01 9.637549e-01 -9.259727e-02 -3.432933e-01 -1.719615e-01 1.383539e-01 9.753397e-01 2.750126e+00
9.559375e-01 2.263619e-01 -1.869325e-01 5.154457e+00 -1.916869e-01 9.635628e-01 1.865551e-01 -3.486489e-01 2.223502e-01 -1.425025e-01 9.644965e-01 2.927808e+00
9.554881e-01 -2.322699e-01 1.819151e-01 5.185907e+00 2.541302e-01 9.611701e-01 -1.075639e-01 -3.541783e-01 -1.498675e-01 1.490061e-01 9.774134e-01 3.118057e+00
9.588405e-01 2.270141e-01 -1.705563e-01 5.206625e+00 -1.920515e-01 9.609280e-01 1.993327e-01 -3.596292e-01 2.091437e-01 -1.583726e-01 9.649751e-01 3.302700e+00
9.501669e-01 -2.288834e-01 2.116488e-01 5.224766e+00 2.580422e-01 9.583997e-01 -1.220012e-01 -3.641873e-01 -1.749200e-01 1.705358e-01 9.697013e-01 3.430715e+00
9.526188e-01 2.417704e-01 -1.845656e-01 5.249484e+00 -2.000866e-01 9.551210e-01 2.184245e-01 -3.692614e-01 2.290911e-01 -1.711462e-01 9.582412e-01 3.604838e+00
9.463182e-01 -2.283642e-01 2.287612e-01 5.263345e+00 2.634179e-01 9.549984e-01 -1.363417e-01 -3.741141e-01 -1.873311e-01 1.892825e-01 9.638876e-01 3.746899e+00
9.561106e-01 2.417606e-01 -1.655422e-01 5.281747e+00 -2.015423e-01 9.527295e-01 2.273482e-01 -3.783866e-01 2.126808e-01 -1.840063e-01 9.596398e-01 3.869247e+00
9.399001e-01 -2.390757e-01 2.437841e-01 5.308927e+00 2.782777e-01 9.500701e-01 -1.411679e-01 -3.815578e-01 -1.978621e-01 2.005234e-01 9.595004e-01 3.926698e+00
9.570058e-01 2.645365e-01 -1.189969e-01 5.350427e+00 -2.333736e-01 9.458188e-01 2.257509e-01 -3.841288e-01 1.722689e-01 -1.882742e-01 9.668900e-01 3.940540e+00
9.311547e-01 -2.551353e-01 2.604938e-01 5.378550e+00 2.904750e-01 9.508809e-01 -1.070039e-01 -3.868991e-01 -2.203981e-01 1.753041e-01 9.595276e-01 3.959215e+00
9.446803e-01 2.842604e-01 -1.636309e-01 5.383626e+00 -2.485733e-01 9.459605e-01 2.082546e-01 -3.898542e-01 2.139869e-01 -1.560597e-01 9.642899e-01 4.024513e+00
9.389922e-01 -2.773241e-01 2.034331e-01 5.381981e+00 3.040581e-01 9.457927e-01 -1.141264e-01 -3.939147e-01 -1.607556e-01 1.690193e-01 9.724146e-01 4.130526e+00
9.540645e-01 2.950286e-01 -5.214446e-02 5.395052e+00 -2.809738e-01 9.415027e-01 1.860819e-01 -3.966963e-01 1.039936e-01 -1.628829e-01 9.811496e-01 4.157763e+00
9.301826e-01 -2.880601e-01 2.275558e-01 5.423305e+00 3.102432e-01 9.482345e-01 -6.782666e-02 -3.995682e-01 -1.962381e-01 1.336888e-01 9.714000e-01 4.161643e+00
9.511854e-01 3.084244e-01 -1.099118e-02 5.464402e+00 -3.042742e-01 9.431516e-01 1.337248e-01 -4.027258e-01 5.161032e-02 -1.238527e-01 9.909576e-01 4.160767e+00
9.413206e-01 -3.221038e-01 1.008201e-01 5.471362e+00 3.287250e-01 9.426738e-01 -5.749674e-02 -4.058874e-01 -7.652054e-02 8.726495e-02 9.932419e-01 4.227924e+00
9.519060e-01 3.005331e-01 -5.962162e-02 5.481908e+00 -2.916210e-01 9.483891e-01 1.245605e-01 -4.097847e-01 9.397906e-02 -1.011830e-01 9.904191e-01 4.331314e+00
9.332595e-01 -3.054928e-01 1.889469e-01 5.528403e+00 3.156818e-01 9.485182e-01 -2.565572e-02 -4.130581e-01 -1.713820e-01 8.359055e-02 9.816521e-01 4.340463e+00
9.473043e-01 3.201301e-01 1.145756e-02 5.610689e+00 -3.201754e-01 9.450975e-01 6.541011e-02 -4.166106e-01 1.011123e-02 -6.563171e-02 9.977927e-01 4.304417e+00
9.438697e-01 -3.303168e-01 8.920398e-04 5.646164e+00 3.299013e-01 9.425400e-01 -5.275899e-02 -4.192926e-01 1.658640e-02 5.009190e-02 9.986069e-01 4.367278e+00
9.463017e-01 3.040723e-01 -1.097867e-01 5.637031e+00 -2.875976e-01 9.469110e-01 1.436912e-01 -4.261192e-01 1.476507e-01 -1.044009e-01 9.835140e-01 4.606515e+00
9.409569e-01 -3.019181e-01 1.531195e-01 5.644373e+00 3.155299e-01 9.460579e-01 -7.358971e-02 -4.302127e-01 -1.226419e-01 1.175585e-01 9.854638e-01 4.705891e+00
9.378980e-01 3.237079e-01 -1.247415e-01 5.637686e+00 -3.044120e-01 9.404025e-01 1.515799e-01 -4.337028e-01 1.663748e-01 -1.041937e-01 9.805422e-01 4.823569e+00
9.496202e-01 -3.133808e-01 -3.736026e-03 5.592098e+00 3.109625e-01 9.436429e-01 -1.133158e-01 -4.409395e-01 3.903648e-02 1.064452e-01 9.935520e-01 5.194389e+00
9.566965e-01 2.907577e-01 -1.384476e-02 5.560670e+00 -2.851445e-01 9.456663e-01 1.562300e-01 -4.484358e-01 5.851759e-02 -1.455169e-01 9.876237e-01 5.455170e+00
9.437969e-01 -3.104365e-01 1.134748e-01 5.584135e+00 3.207372e-01 9.431140e-01 -8.754176e-02 -4.515450e-01 -7.984357e-02 1.190173e-01 9.896767e-01 5.500357e+00
9.504688e-01 3.030966e-01 -6.885831e-02 5.588701e+00 -2.895608e-01 9.439815e-01 1.582828e-01 -4.552471e-01 1.129760e-01 -1.305042e-01 9.849899e-01 5.613477e+00
9.475482e-01 -3.104384e-01 7.602936e-02 5.580257e+00 3.168163e-01 9.436952e-01 -9.521981e-02 -4.592151e-01 -4.218866e-02 1.143127e-01 9.925486e-01 5.731519e+00
9.486758e-01 3.029422e-01 -9.077610e-02 5.613838e+00 -2.827044e-01 9.410143e-01 1.859311e-01 -4.671495e-01 1.417480e-01 -1.507255e-01 9.783605e-01 6.051355e+00
9.453422e-01 -3.235629e-01 4.043748e-02 5.670827e+00 3.259910e-01 9.348929e-01 -1.403751e-01 -4.749498e-01 7.615456e-03 1.458848e-01 9.892723e-01 6.333473e+00
9.486556e-01 3.121440e-01 -5.117264e-02 5.711836e+00 -2.940973e-01 9.299717e-01 2.205888e-01 -4.833958e-01 1.164446e-01 -1.942130e-01 9.740236e-01 6.677215e+00
9.384350e-01 -3.441699e-01 -2.978096e-02 5.811585e+00 3.323130e-01 9.229240e-01 -1.943690e-01 -4.908211e-01 9.438153e-02 1.725061e-01 9.804763e-01 6.920989e+00
9.441046e-01 2.998470e-01 1.369607e-01 5.908554e+00 -3.219498e-01 9.279651e-01 1.876941e-01 -4.926760e-01 -7.081521e-02 -2.212973e-01 9.726319e-01 6.895800e+00
9.406922e-01 -3.379871e-01 -2.937570e-02 5.920996e+00 3.282618e-01 9.286442e-01 -1.728125e-01 -4.957478e-01 8.568798e-02 1.529205e-01 9.845166e-01 6.947637e+00
9.476813e-01 3.020087e-01 1.033963e-01 5.944142e+00 -3.167232e-01 9.300001e-01 1.865105e-01 -5.002252e-01 -3.983083e-02 -2.095005e-01 9.769969e-01 7.068787e+00
9.327259e-01 -3.422516e-01 -1.135174e-01 5.954512e+00 3.209318e-01 9.314672e-01 -1.713815e-01 -5.057531e-01 1.643934e-01 1.234206e-01 9.786430e-01 7.267809e+00
9.488656e-01 2.939783e-01 1.150251e-01 5.937368e+00 -3.111877e-01 9.323125e-01 1.842702e-01 -5.112643e-01 -5.306788e-02 -2.106421e-01 9.761218e-01 7.475897e+00
9.377958e-01 -3.354426e-01 -8.953898e-02 5.958192e+00 3.163347e-01 9.318363e-01 -1.778020e-01 -5.165888e-01 1.430780e-01 1.384176e-01 9.799843e-01 7.646903e+00
9.449609e-01 2.735128e-01 1.795539e-01 6.009318e+00 -3.032435e-01 9.382095e-01 1.667522e-01 -5.203469e-01 -1.228504e-01 -2.120229e-01 9.695123e-01 7.724660e+00
9.490008e-01 -3.151248e-01 -9.689638e-03 6.078828e+00 3.112745e-01 9.413999e-01 -1.299017e-01 -5.232886e-01 5.005709e-02 1.202607e-01 9.914795e-01 7.718509e+00
9.607022e-01 2.643367e-01 8.471919e-02 6.170605e+00 -2.750343e-01 9.477184e-01 1.618209e-01 -5.309764e-01 -3.751474e-02 -1.787624e-01 9.831768e-01 7.936579e+00
9.439865e-01 -3.176054e-01 -8.953416e-02 6.324229e+00 3.039086e-01 9.424910e-01 -1.391049e-01 -5.380421e-01 1.285656e-01 1.041030e-01 9.862218e-01 8.140512e+00
9.590368e-01 2.412003e-01 1.485623e-01 6.430866e+00 -2.635964e-01 9.519115e-01 1.561456e-01 -5.444856e-01 -1.037558e-01 -1.889099e-01 9.764977e-01 8.338188e+00
9.564222e-01 -2.777557e-01 -9.004659e-02 6.542568e+00 2.630273e-01 9.534720e-01 -1.473355e-01 -5.496257e-01 1.267802e-01 1.172303e-01 9.849791e-01 8.477892e+00
9.738564e-01 2.067954e-01 9.401827e-02 6.989406e+00 -2.173766e-01 9.685152e-01 1.213497e-01 -5.518868e-01 -6.596357e-02 -1.386145e-01 9.881472e-01 8.210464e+00
9.509309e-01 -2.931746e-01 -9.888954e-02 7.279487e+00 2.801626e-01 9.515284e-01 -1.268964e-01 -5.517840e-01 1.312990e-01 9.296458e-02 9.869742e-01 8.022077e+00
9.089636e-01 2.674190e-01 3.198005e-01 7.319192e+00 -3.112928e-01 9.456513e-01 9.402340e-02 -5.546773e-01 -2.772761e-01 -1.850154e-01 9.428082e-01 8.010916e+00
9.480774e-01 -2.990356e-01 -1.082906e-01 7.363860e+00 2.921188e-01 9.534137e-01 -7.529227e-02 -5.580379e-01 1.257608e-01 3.974918e-02 9.912640e-01 8.002391e+00
9.333067e-01 2.902261e-01 2.114413e-01 7.362212e+00 -3.063189e-01 9.507644e-01 4.707136e-02 -5.633758e-01 -1.873695e-01 -1.087005e-01 9.762566e-01 8.192228e+00
8.384706e-01 -3.644039e-01 -4.051875e-01 7.623952e+00 3.562080e-01 9.291949e-01 -9.855286e-02 -5.665393e-01 4.124112e-01 -6.169734e-02 9.089062e-01 8.202252e+00
8.687912e-01 2.935843e-01 3.987607e-01 7.886825e+00 -3.024408e-01 9.522362e-01 -4.213981e-02 -5.670494e-01 -3.920860e-01 -8.399082e-02 9.160863e-01 8.048856e+00
9.042629e-01 -2.920396e-01 -3.114827e-01 7.926802e+00 3.032779e-01 9.528149e-01 -1.289555e-02 -5.695637e-01 3.005513e-01 -8.280484e-02 9.501643e-01 8.038657e+00
9.001074e-01 2.899351e-01 3.251836e-01 7.937136e+00 -2.854259e-01 9.563522e-01 -6.262949e-02 -5.725236e-01 -3.291485e-01 -3.644255e-02 9.435747e-01 8.105637e+00
8.699314e-01 -2.867574e-01 -4.012350e-01 7.936643e+00 3.093552e-01 9.509051e-01 -8.875805e-03 -5.785606e-01 3.840816e-01 -1.164028e-01 9.159321e-01 8.317111e+00
9.634238e-01 1.931410e-01 1.857717e-01 8.157617e+00 -1.978988e-01 9.801958e-01 7.236894e-03 -5.813545e-01 -1.806949e-01 -4.373618e-02 9.825663e-01 8.327896e+00
7.749898e-01 -3.723633e-01 -5.106236e-01 8.735724e+00 3.164960e-01 9.280394e-01 -1.964004e-01 -5.781688e-01 5.470111e-01 -9.402051e-03 8.370726e-01 7.944536e+00
8.851466e-01 4.228046e-01 1.942982e-01 8.759410e+00 -4.316828e-01 9.020177e-01 3.733269e-03 -5.821265e-01 -1.736820e-01 -8.717970e-02 9.809354e-01 8.218161e+00
6.993824e-01 -4.025348e-01 -5.906183e-01 8.586666e+00 3.412714e-01 9.141207e-01 -2.188998e-01 -5.958584e-01 6.280112e-01 -4.846650e-02 7.766936e-01 8.980393e+00
9.203299e-01 3.529893e-01 1.684974e-01 8.388518e+00 -3.840713e-01 8.970855e-01 2.184646e-01 -6.088899e-01 -7.404095e-02 -2.657745e-01 9.611877e-01 9.859753e+00
6.633559e-01 -3.409862e-01 -6.660986e-01 8.161973e+00 8.132594e-02 9.177234e-01 -3.888057e-01 -6.286542e-01 7.438716e-01 2.037455e-01 6.365083e-01 1.099842e+01
8.877069e-01 6.327180e-03 4.603655e-01 8.048108e+00 -1.897151e-01 9.160985e-01 3.532304e-01 -6.446405e-01 -4.195052e-01 -4.009033e-01 8.144273e-01 1.166611e+01
8.967093e-01 -2.037567e-01 -3.929320e-01 8.144092e+00 4.938023e-02 9.282522e-01 -3.686589e-01 -6.491017e-01 4.398567e-01 3.111768e-01 8.424340e-01 1.172954e+01
8.626796e-01 1.363843e-02 5.055670e-01 8.241821e+00 -2.022720e-01 9.255104e-01 3.201820e-01 -6.527716e-01 -4.635407e-01 -3.784765e-01 8.011776e-01 1.176376e+01
9.231894e-01 -1.875570e-01 -3.354753e-01 8.280943e+00 7.509936e-02 9.440514e-01 -3.211339e-01 -6.556782e-01 3.769369e-01 2.712734e-01 8.856237e-01 1.175982e+01
8.632977e-01 4.377873e-02 5.027928e-01 8.310238e+00 -2.150897e-01 9.331440e-01 2.880602e-01 -6.588652e-01 -4.565671e-01 -3.568273e-01 8.149974e-01 1.177705e+01
8.987216e-01 -2.147961e-01 -3.823116e-01 8.332484e+00 9.157876e-02 9.445322e-01 -3.153921e-01 -6.620640e-01 4.288506e-01 2.484381e-01 8.685423e-01 1.180702e+01
8.529133e-01 5.403749e-02 5.192484e-01 8.363139e+00 -2.220710e-01 9.377079e-01 2.671861e-01 -6.651458e-01 -4.724652e-01 -3.431966e-01 8.117837e-01 1.183194e+01
8.820647e-01 -2.287087e-01 -4.118910e-01 8.482402e+00 9.129297e-02 9.406682e-01 -3.268164e-01 -6.688264e-01 4.621985e-01 2.506704e-01 8.506097e-01 1.180983e+01
8.702770e-01 5.170467e-02 4.898414e-01 8.587354e+00 -2.029414e-01 9.437834e-01 2.609360e-01 -6.719587e-01 -4.488126e-01 -3.264957e-01 8.318460e-01 1.183014e+01
8.685547e-01 -2.155238e-01 -4.462759e-01 8.613390e+00 9.060644e-02 9.543669e-01 -2.845597e-01 -6.763355e-01 4.872403e-01 2.067202e-01 8.484478e-01 1.194365e+01
8.552812e-01 4.139544e-02 5.165079e-01 8.645592e+00 -1.888362e-01 9.531539e-01 2.363020e-01 -6.799718e-01 -4.825297e-01 -2.996400e-01 8.230316e-01 1.201546e+01
8.681276e-01 -1.918993e-01 -4.577434e-01 8.675616e+00 7.659591e-02 9.629848e-01 -2.584441e-01 -6.833500e-01 4.903952e-01 1.893012e-01 8.506924e-01 1.207333e+01
8.580113e-01 3.675473e-02 5.123141e-01 8.707530e+00 -1.723655e-01 9.602000e-01 2.197863e-01 -6.864226e-01 -4.838459e-01 -2.768844e-01 8.301977e-01 1.211546e+01
8.768036e-01 -1.747767e-01 -4.479604e-01 8.754675e+00 6.839179e-02 9.674612e-01 -2.436009e-01 -6.896207e-01 4.759601e-01 1.829533e-01 8.602268e-01 1.214819e+01
8.542044e-01 2.506623e-02 5.193327e-01 8.810989e+00 -1.553935e-01 9.654922e-01 2.089923e-01 -6.934146e-01 -4.961730e-01 -2.592231e-01 8.286228e-01 1.221138e+01
8.914463e-01 -1.584787e-01 -4.245092e-01 8.871886e+00 7.140753e-02 9.742717e-01 -2.137654e-01 -6.971691e-01 4.474646e-01 1.602472e-01 8.798274e-01 1.226675e+01
8.322319e-01 3.223500e-02 5.534898e-01 8.927468e+00 -1.573640e-01 9.709858e-01 1.800640e-01 -7.004330e-01 -5.316264e-01 -2.369544e-01 8.131581e-01 1.228793e+01
8.692540e-01 -1.654184e-01 -4.658692e-01 9.025296e+00 7.357280e-02 9.751498e-01 -2.089734e-01 -7.041189e-01 4.888603e-01 1.473757e-01 8.598232e-01 1.228339e+01
8.231565e-01 3.393442e-02 5.667996e-01 9.112323e+00 -1.494484e-01 9.759650e-01 1.586109e-01 -7.074994e-01 -5.477942e-01 -2.152689e-01 8.084434e-01 1.228221e+01
8.963764e-01 -1.326814e-01 -4.229716e-01 9.155591e+00 7.082225e-02 9.847641e-01 -1.588204e-01 -7.105544e-01 4.375997e-01 1.124071e-01 8.921161e-01 1.228529e+01
8.334300e-01 4.367011e-02 5.508969e-01 9.205809e+00 -1.404414e-01 9.808816e-01 1.347129e-01 -7.139581e-01 -5.344817e-01 -1.896425e-01 8.236292e-01 1.229441e+01
9.160473e-01 -1.174759e-01 -3.834798e-01 9.264243e+00 7.138390e-02 9.886308e-01 -1.323387e-01 -7.175438e-01 3.946665e-01 9.385425e-02 9.140184e-01 1.228543e+01
8.281668e-01 4.965347e-02 5.582779e-01 9.322809e+00 -1.371717e-01 9.837327e-01 1.159911e-01 -7.212773e-01 -5.434369e-01 -1.726399e-01 8.215058e-01 1.228012e+01
9.183094e-01 -1.139204e-01 -3.791174e-01 9.375904e+00 7.739848e-02 9.908832e-01 -1.102720e-01 -7.248748e-01 3.882233e-01 7.192073e-02 9.187546e-01 1.227092e+01
8.354174e-01 4.453497e-02 5.478087e-01 9.420582e+00 -1.212444e-01 9.870905e-01 1.046526e-01 -7.281285e-01 -5.360760e-01 -1.538473e-01 8.300322e-01 1.226834e+01
9.157856e-01 -9.701268e-02 -3.897760e-01 9.462564e+00 6.504655e-02 9.934048e-01 -9.442389e-02 -7.315205e-01 3.963657e-01 6.111845e-02 9.160561e-01 1.227123e+01
8.209984e-01 4.741958e-02 5.689579e-01 9.548961e+00 -1.066353e-01 9.917445e-01 7.121671e-02 -7.355241e-01 -5.608838e-01 -1.191398e-01 8.192772e-01 1.223808e+01
8.783003e-01 -1.349651e-01 -4.586643e-01 9.746797e+00 1.005238e-01 9.900145e-01 -9.882467e-02 -7.381989e-01 4.674222e-01 4.069108e-02 8.830972e-01 1.211786e+01
8.358264e-01 5.083910e-02 5.466348e-01 1.004719e+01 -7.314877e-02 9.971379e-01 1.910981e-02 -7.393685e-01 -5.440987e-01 -5.595814e-02 8.371531e-01 1.191740e+01
9.183288e-01 -5.681845e-02 -3.917191e-01 1.015833e+01 5.763204e-02 9.982909e-01 -9.691048e-03 -7.423245e-01 3.916002e-01 -1.367600e-02 9.200338e-01 1.186093e+01
8.203449e-01 3.397076e-02 5.708592e-01 1.021498e+01 -5.779020e-02 9.980485e-01 2.365457e-02 -7.461468e-01 -5.689416e-01 -5.239498e-02 8.207071e-01 1.185113e+01
9.206520e-01 -3.918138e-02 -3.884130e-01 1.027562e+01 4.360232e-02 9.990457e-01 2.570925e-03 -7.500078e-01 3.879416e-01 -1.930263e-02 9.214818e-01 1.183793e+01
8.671608e-01 2.318188e-02 4.974885e-01 1.043622e+01 -1.923794e-02 9.997297e-01 -1.305202e-02 -7.536461e-01 -4.976566e-01 1.747551e-03 8.673724e-01 1.176260e+01
7.872122e-01 -7.427273e-02 -6.121932e-01 1.085902e+01 8.825044e-02 9.960711e-01 -7.365485e-03 -7.532612e-01 6.103350e-01 -4.822811e-02 7.906739e-01 1.148115e+01
9.092909e-01 3.402303e-02 4.147679e-01 1.143953e+01 -1.458454e-02 9.986455e-01 -4.994445e-02 -7.511331e-01 -4.159054e-01 3.936484e-02 9.085555e-01 1.107145e+01
8.310815e-01 -6.954165e-02 -5.517858e-01 1.188742e+01 1.047653e-01 9.939650e-01 3.252439e-02 -7.491606e-01 5.461940e-01 -8.483840e-02 8.333514e-01 1.075205e+01
8.314685e-01 3.651920e-02 5.543704e-01 1.212575e+01 -4.309840e-03 9.982312e-01 -5.929450e-02 -7.502130e-01 -5.555552e-01 4.691226e-02 8.301552e-01 1.061018e+01
8.521990e-01 -4.032552e-02 -5.216614e-01 1.234322e+01 8.660353e-02 9.941444e-01 6.462824e-02 -7.518994e-01 5.160006e-01 -1.002538e-01 8.507012e-01 1.049024e+01
9.444754e-01 6.926625e-03 3.285091e-01 1.291830e+01 2.747488e-02 9.946118e-01 -9.996267e-02 -7.516384e-01 -3.274314e-01 1.034380e-01 9.391961e-01 1.011865e+01
8.614823e-01 -8.820529e-02 -5.000680e-01 1.344298e+01 1.417077e-01 9.874337e-01 6.995404e-02 -7.485217e-01 4.876137e-01 -1.311276e-01 8.631561e-01 9.727110e+00
8.805429e-01 7.666806e-02 4.677245e-01 1.373951e+01 -2.352177e-02 9.926831e-01 -1.184355e-01 -7.485118e-01 -4.733824e-01 9.328580e-02 8.759035e-01 9.521027e+00
9.130672e-01 -6.149235e-02 -4.031464e-01 1.397629e+01 1.172942e-01 9.863931e-01 1.151985e-01 -7.498430e-01 3.905770e-01 -1.524707e-01 9.078559e-01 9.371326e+00
8.653487e-01 7.377003e-02 4.957112e-01 1.417335e+01 -4.709409e-03 9.902607e-01 -1.391461e-01 -7.511848e-01 -5.011481e-01 1.180754e-01 8.572682e-01 9.243998e+00
9.115890e-01 -1.435245e-02 -4.108522e-01 1.432451e+01 8.467790e-02 9.845155e-01 1.534888e-01 -7.533369e-01 4.022875e-01 -1.747088e-01 8.986888e-01 9.163501e+00
8.311458e-01 6.588440e-02 5.521376e-01 1.441794e+01 1.181114e-02 9.906400e-01 -1.359887e-01 -7.564489e-01 -5.559291e-01 1.195479e-01 8.225881e-01 9.118565e+00
9.514173e-01 3.162949e-02 -3.062755e-01 1.451592e+01 1.867295e-02 9.869518e-01 1.599297e-01 -7.612581e-01 3.073377e-01 -1.578789e-01 9.384124e-01 9.063406e+00
8.221712e-01 5.071631e-03 5.692177e-01 1.465629e+01 7.940179e-02 9.891628e-01 -1.235002e-01 -7.652343e-01 -5.636754e-01 1.467352e-01 8.128584e-01 8.959752e+00
9.174791e-01 5.039755e-02 -3.945784e-01 1.488150e+01 7.647977e-03 9.895234e-01 1.441701e-01 -7.670277e-01 3.977104e-01 -1.352908e-01 9.074816e-01 8.784304e+00
8.403574e-01 -1.733165e-02 5.417555e-01 1.508478e+01 9.877529e-02 9.876496e-01 -1.216212e-01 -7.694285e-01 -5.329567e-01 1.557173e-01 8.316906e-01 8.652385e+00
8.977122e-01 1.000002e-01 -4.290836e-01 1.520040e+01 -1.744212e-02 9.812041e-01 1.921831e-01 -7.712470e-01 4.402369e-01 -1.650410e-01 8.825831e-01 8.586155e+00
8.036406e-01 -4.377843e-02 5.935025e-01 1.526875e+01 1.286474e-01 9.864896e-01 -1.014306e-01 -7.750696e-01 -5.810435e-01 1.578664e-01 7.984151e-01 8.569377e+00
9.011593e-01 1.348600e-01 -4.119766e-01 1.537919e+01 -6.850374e-02 9.827379e-01 1.718527e-01 -7.787973e-01 4.280411e-01 -1.266447e-01 8.948418e-01 8.515854e+00
8.820760e-01 -1.048994e-01 4.592799e-01 1.574416e+01 1.764445e-01 9.774973e-01 -1.156128e-01 -7.810584e-01 -4.368172e-01 1.830167e-01 8.807359e-01 8.293158e+00
9.209538e-01 1.423880e-01 -3.627255e-01 1.598771e+01 -7.125607e-02 9.766901e-01 2.024821e-01 -7.819060e-01 3.831014e-01 -1.606303e-01 9.096325e-01 8.129296e+00
8.303338e-01 -9.566521e-02 5.489935e-01 1.607010e+01 1.751231e-01 9.800403e-01 -9.409007e-02 -7.851449e-01 -5.290346e-01 1.742676e-01 8.305138e-01 8.087684e+00
9.262215e-01 1.618381e-01 -3.404735e-01 1.622019e+01 -1.098350e-01 9.798286e-01 1.669499e-01 -7.880344e-01 3.606245e-01 -1.172366e-01 9.253138e-01 7.982360e+00
8.244211e-01 -1.234381e-01 5.523521e-01 1.632837e+01 1.790759e-01 9.826794e-01 -4.767588e-02 -7.909309e-01 -5.369000e-01 1.382180e-01 8.322465e-01 7.906010e+00
9.220076e-01 2.046708e-01 -3.286517e-01 1.639578e+01 -1.609388e-01 9.746430e-01 1.554662e-01 -7.948434e-01 3.521374e-01 -9.044821e-02 9.315677e-01 7.874346e+00
8.290898e-01 -1.844308e-01 5.278213e-01 1.646431e+01 2.169040e-01 9.761929e-01 3.923095e-04 -7.985441e-01 -5.153278e-01 1.141613e-01 8.493553e-01 7.843523e+00
9.120783e-01 2.354563e-01 -3.356688e-01 1.652446e+01 -2.080993e-01 9.712258e-01 1.158236e-01 -8.026537e-01 3.532816e-01 -3.578771e-02 9.348323e-01 7.836824e+00
8.339777e-01 -2.267387e-01 5.030614e-01 1.658118e+01 2.348089e-01 9.708404e-01 4.830763e-02 -8.064190e-01 -4.993456e-01 7.783579e-02 8.628995e-01 7.829392e+00
8.941464e-01 2.329317e-01 -3.824199e-01 1.672670e+01 -2.244592e-01 9.721551e-01 6.732461e-02 -8.098631e-01 3.874535e-01 2.563962e-02 9.215326e-01 7.765939e+00
9.003290e-01 -2.658691e-01 3.445596e-01 1.705447e+01 2.742021e-01 9.613392e-01 2.530262e-02 -8.106396e-01 -3.379659e-01 7.169828e-02 9.384234e-01 7.563236e+00
9.231046e-01 2.226816e-01 -3.135138e-01 1.730582e+01 -2.066998e-01 9.748106e-01 8.378226e-02 -8.118974e-01 3.242733e-01 -1.253656e-02 9.458804e-01 7.415885e+00
8.599023e-01 -2.300156e-01 4.556982e-01 1.739706e+01 2.302666e-01 9.715226e-01 5.586721e-02 -8.156329e-01 -4.555715e-01 5.689173e-02 8.883794e-01 7.394205e+00
9.279417e-01 2.388804e-01 -2.861126e-01 1.746339e+01 -2.302849e-01 9.710263e-01 6.384947e-02 -8.187192e-01 2.930753e-01 6.638852e-03 9.560663e-01 7.367613e+00
8.720056e-01 -2.425001e-01 4.252057e-01 1.751833e+01 2.310942e-01 9.697096e-01 7.911298e-02 -8.225957e-01 -4.315109e-01 2.927558e-02 9.016326e-01 7.373102e+00
9.222045e-01 2.368192e-01 -3.057051e-01 1.754801e+01 -2.329113e-01 9.712240e-01 4.976266e-02 -8.251193e-01 3.086928e-01 2.531080e-02 9.508250e-01 7.381446e+00
8.737953e-01 -2.569829e-01 4.128457e-01 1.758961e+01 2.368424e-01 9.663623e-01 1.002477e-01 -8.283686e-01 -4.247205e-01 1.018340e-02 9.052673e-01 7.391524e+00
9.359897e-01 2.556525e-01 -2.420024e-01 1.763703e+01 -2.602637e-01 9.654462e-01 1.328319e-02 -8.316872e-01 2.370362e-01 5.055151e-02 9.701847e-01 7.384277e+00
8.687245e-01 -2.680238e-01 4.165106e-01 1.769000e+01 2.261269e-01 9.628008e-01 1.479232e-01 -8.355031e-01 -4.406637e-01 -3.432026e-02 8.970160e-01 7.375500e+00
9.516511e-01 2.445649e-01 -1.858715e-01 1.775049e+01 -2.596236e-01 9.637718e-01 -6.115099e-02 -8.401575e-01 1.641823e-01 1.064510e-01 9.806693e-01 7.353078e+00
8.802177e-01 -2.737408e-01 3.876633e-01 1.780434e+01 1.990512e-01 9.545027e-01 2.220432e-01 -8.438286e-01 -4.308079e-01 -1.182815e-01 8.946586e-01 7.321908e+00
8.094820e-01 2.917205e-01 -5.095469e-01 1.774120e+01 -4.304597e-01 8.850575e-01 -1.771376e-01 -8.480627e-01 3.993036e-01 3.627291e-01 8.420120e-01 7.503292e+00
8.307477e-01 -3.944392e-01 3.927798e-01 1.768695e+01 2.672825e-01 9.016055e-01 3.400995e-01 -8.568161e-01 -4.882810e-01 -1.775537e-01 8.544333e-01 7.742452e+00
7.710059e-01 1.928926e-01 -6.069122e-01 1.839687e+01 -3.573649e-01 9.198733e-01 -1.616275e-01 -8.583949e-01 5.271056e-01 3.415048e-01 7.781608e-01 7.316643e+00
7.696231e-01 -4.398117e-01 4.628671e-01 1.898173e+01 3.215976e-01 8.932778e-01 3.140536e-01 -8.563571e-01 -5.515934e-01 -9.284594e-02 8.289296e-01 6.860076e+00
8.846150e-01 2.927448e-01 -3.629832e-01 1.927719e+01 -3.788447e-01 9.050344e-01 -1.933633e-01 -8.595122e-01 2.719062e-01 3.085663e-01 9.115119e-01 6.635032e+00
8.263655e-01 -4.465710e-01 3.430662e-01 1.974164e+01 3.568558e-01 8.865441e-01 2.944376e-01 -8.602815e-01 -4.356306e-01 -1.208879e-01 8.919709e-01 6.278774e+00
8.928387e-01 3.312052e-01 -3.051921e-01 2.004944e+01 -3.996693e-01 8.950416e-01 -1.979012e-01 -8.613790e-01 2.076137e-01 2.986697e-01 9.315004e-01 6.056304e+00
7.965325e-01 -4.121812e-01 4.423151e-01 2.015651e+01 2.228549e-01 8.802382e-01 4.189468e-01 -8.650744e-01 -5.620246e-01 -2.351327e-01 7.929950e-01 5.965014e+00
7.771671e-01 2.334469e-01 -5.843918e-01 2.014932e+01 -4.225995e-01 8.817015e-01 -2.097907e-01 -8.692110e-01 4.662841e-01 4.100061e-01 7.838840e-01 6.128741e+00
7.550668e-01 -4.331841e-01 4.921643e-01 2.017219e+01 2.357894e-01 8.798391e-01 4.126580e-01 -8.756086e-01 -6.117822e-01 -1.955372e-01 7.664775e-01 6.280945e+00
8.950972e-01 2.704344e-01 -3.544944e-01 2.023916e+01 -3.751970e-01 8.863960e-01 -2.711630e-01 -8.805490e-01 2.408907e-01 3.757225e-01 8.948767e-01 6.243578e+00
8.049516e-01 -4.265943e-01 4.123958e-01 2.058130e+01 2.505592e-01 8.744206e-01 4.154620e-01 -8.852369e-01 -5.378411e-01 -2.310972e-01 8.107534e-01 6.013032e+00
8.454503e-01 1.659448e-01 -5.076180e-01 2.112659e+01 -3.481129e-01 8.920634e-01 -2.881671e-01 -8.847012e-01 4.050076e-01 4.203394e-01 8.119628e-01 5.596719e+00
7.614456e-01 -3.714418e-01 5.312548e-01 2.148027e+01 1.539985e-01 8.997400e-01 4.083532e-01 -8.847638e-01 -6.296706e-01 -2.291263e-01 7.423045e-01 5.321555e+00
8.681425e-01 1.491034e-01 -4.733885e-01 2.164730e+01 -3.076950e-01 9.100797e-01 -2.776307e-01 -8.873004e-01 3.894256e-01 3.866823e-01 8.359572e-01 5.206877e+00
7.854955e-01 -3.386656e-01 5.179792e-01 2.173624e+01 9.616989e-02 8.936091e-01 4.384224e-01 -8.904555e-01 -6.113495e-01 -2.945648e-01 7.344953e-01 5.169528e+00
8.020513e-01 8.799213e-02 -5.907377e-01 2.188279e+01 -2.998186e-01 9.147510e-01 -2.708123e-01 -8.927912e-01 5.165486e-01 3.943196e-01 7.600590e-01 5.118845e+00
7.607683e-01 -3.509136e-01 5.459774e-01 2.197191e+01 1.139432e-01 9.003771e-01 4.199262e-01 -8.954696e-01 -6.389434e-01 -2.572562e-01 7.249625e-01 5.123102e+00
8.219558e-01 1.129542e-01 -5.582384e-01 2.202676e+01 -3.058913e-01 9.143291e-01 -2.653917e-01 -8.988399e-01 4.804365e-01 3.889006e-01 7.860898e-01 5.144026e+00
7.152790e-01 -3.308233e-01 6.155744e-01 2.208916e+01 3.475466e-02 8.966026e-01 4.414702e-01 -9.027896e-01 -6.979743e-01 -2.943803e-01 6.528187e-01 5.131710e+00
8.416414e-01 4.997565e-02 -5.377194e-01 2.217039e+01 -2.621755e-01 9.083099e-01 -3.259402e-01 -9.067159e-01 4.721268e-01 4.153017e-01 7.775736e-01 5.095849e+00
7.543669e-01 -2.941908e-01 5.868409e-01 2.222594e+01 -1.803201e-02 8.843336e-01 4.665072e-01 -9.094597e-01 -6.562053e-01 -3.624996e-01 6.618072e-01 5.071854e+00
7.796414e-01 7.943950e-03 -6.261758e-01 2.221561e+01 -3.033909e-01 8.795262e-01 -3.665891e-01 -9.172843e-01 5.478259e-01 4.757841e-01 6.881252e-01 5.392599e+00
8.270860e-01 -3.595332e-01 4.320469e-01 2.224024e+01 1.121710e-01 8.587815e-01 4.999119e-01 -9.259547e-01 -5.507689e-01 -3.650071e-01 7.506154e-01 5.677281e+00
9.132765e-01 1.350663e-01 -3.842956e-01 2.229582e+01 -2.921754e-01 8.745787e-01 -3.869698e-01 -9.296065e-01 2.838302e-01 4.656921e-01 8.381952e-01 5.659676e+00
8.789191e-01 -3.254011e-01 3.487339e-01 2.243166e+01 1.245206e-01 8.623278e-01 4.908008e-01 -9.329378e-01 -4.604300e-01 -3.879497e-01 7.984355e-01 5.618657e+00
8.672898e-01 9.005358e-02 -4.895904e-01 2.261385e+01 -2.947608e-01 8.854530e-01 -3.592897e-01 -9.340721e-01 4.011539e-01 4.559203e-01 7.944886e-01 5.534534e+00
8.158509e-01 -3.265428e-01 4.772391e-01 2.272349e+01 5.924355e-02 8.681559e-01 4.927428e-01 -9.360588e-01 -5.752195e-01 -3.737313e-01 7.276314e-01 5.492371e+00
8.718808e-01 5.506948e-02 -4.866120e-01 2.286096e+01 -2.696955e-01 8.833931e-01 -3.832505e-01 -9.387037e-01 4.087643e-01 4.653858e-01 7.850655e-01 5.426807e+00
8.241512e-01 -3.141777e-01 4.712401e-01 2.313415e+01 6.379587e-02 8.782369e-01 4.739516e-01 -9.404957e-01 -5.627655e-01 -3.605446e-01 7.438432e-01 5.249327e+00
7.630278e-01 -2.028697e-03 -6.463624e-01 2.361111e+01 -2.789910e-01 9.010124e-01 -3.321756e-01 -9.418996e-01 5.830545e-01 4.337885e-01 6.869316e-01 4.986405e+00
