9.999782e-01 -2.629098e-04 -6.601910e-03 1.923240e-01 2.634060e-04 1.000000e+00 7.429277e-05 -9.849666e-03 6.601890e-03 -7.603085e-05 9.999782e-01 -9.519101e-02
9.999999e-01 -1.368042e-04 4.484358e-04 3.580908e-01 1.369350e-04 9.999999e-01 -2.916002e-04 -1.811945e-02 -4.483955e-04 2.916623e-04 9.999999e-01 -2.268472e-01
9.999688e-01 -6.687300e-05 -7.893535e-03 6.486345e-01 6.930659e-05 1.000000e+00 3.080324e-04 -2.741872e-02 7.893514e-03 -3.085706e-04 9.999688e-01 -4.500956e-01
9.999998e-01 -4.671984e-04 -3.087551e-04 1.012787e+00 4.669967e-04 9.999997e-01 -6.533038e-04 -3.672212e-02 3.090606e-04 6.531602e-04 9.999997e-01 -7.387512e-01
9.999760e-01 1.027221e-04 -6.922219e-03 1.332332e+00 -1.003046e-04 9.999999e-01 3.495932e-04 -4.504471e-02 6.922254e-03 -3.488912e-04 9.999760e-01 -1.022914e+00
9.999999e-01 -2.694064e-04 -2.893240e-04 1.585586e+00 2.692766e-04 9.999999e-01 -4.488362e-04 -5.330159e-02 2.894452e-04 4.487590e-04 9.999999e-01 -1.237813e+00
9.999770e-01 -3.625688e-05 -6.778505e-03 1.835593e+00 3.711132e-05 1.000000e+00 1.259318e-04 -6.189357e-02 6.778500e-03 -1.261812e-04 9.999770e-01 -1.447859e+00
9.999999e-01 -3.256920e-04 -1.278793e-04 2.095439e+00 3.256390e-04 9.999999e-01 -4.145828e-04 -7.022501e-02 1.280147e-04 4.145418e-04 9.999999e-01 -1.676644e+00
9.999770e-01 -2.457687e-05 -6.775030e-03 2.341544e+00 2.584510e-05 1.000000e+00 1.871111e-04 -7.853844e-02 6.775025e-03 -1.872826e-04 9.999770e-01 -1.889834e+00
9.999999e-01 -2.849513e-04 -2.249991e-04 2.581518e+00 2.848530e-04 9.999999e-01 -4.370823e-04 -8.690220e-02 2.251239e-04 4.370189e-04 9.999999e-01 -2.093046e+00
9.999768e-01 -5.636240e-05 -6.814307e-03 2.838655e+00 5.763369e-05 1.000000e+00 1.863721e-04 -9.514606e-02 6.814296e-03 -1.867612e-04 9.999768e-01 -2.312507e+00
9.999997e-01 -2.244506e-04 -6.879176e-04 2.906703e+00 2.241714e-04 9.999999e-01 -4.059513e-04 -1.027981e-01 6.880090e-04 4.057977e-04 9.999997e-01 -2.333216e+00
9.999967e-01 -3.853891e-04 -2.534603e-03 2.882738e+00 3.852318e-04 9.999999e-01 -6.251610e-05 -1.074796e-01 2.534627e-03 6.153878e-05 9.999968e-01 -2.241118e+00
9.999944e-01 6.301195e-05 -3.331494e-03 3.041059e+00 -6.347233e-05 1.000000e+00 -1.381019e-04 -1.164216e-01 3.331486e-03 1.383133e-04 9.999944e-01 -2.361107e+00
9.999929e-01 -5.132119e-04 -3.733034e-03 3.312687e+00 5.126033e-04 9.999999e-01 -1.639769e-04 -1.253178e-01 3.733118e-03 1.620615e-04 9.999930e-01 -2.592400e+00
9.999954e-01 7.333093e-05 -3.044070e-03 3.654432e+00 -7.374407e-05 1.000000e+00 -1.356284e-04 -1.340645e-01 3.044061e-03 1.358529e-04 9.999954e-01 -2.892062e+00
9.999932e-01 -5.332918e-04 -3.652773e-03 3.972093e+00 5.323773e-04 9.999998e-01 -2.513135e-04 -1.424090e-01 3.652906e-03 2.493664e-04 9.999933e-01 -3.184753e+00
9.999957e-01 2.310741e-04 -2.922944e-03 4.274659e+00 -2.314816e-04 1.000000e+00 -1.390991e-04 -1.507260e-01 2.922912e-03 1.397759e-04 9.999957e-01 -3.454701e+00
9.999916e-01 -5.117547e-04 -4.067520e-03 4.616631e+00 5.111559e-04 9.999999e-01 -1.482511e-04 -1.593840e-01 4.067595e-03 1.461700e-04 9.999917e-01 -3.751169e+00
9.999966e-01 1.605912e-05 -2.625370e-03 5.012555e+00 -1.682269e-05 1.000000e+00 -2.908486e-04 -1.690013e-01 2.625366e-03 2.908925e-04 9.999965e-01 -4.097818e+00
9.999909e-01 -4.666747e-04 -4.233603e-03 5.334904e+00 4.670577e-04 9.999999e-01 8.950399e-05 -1.779122e-01 4.233560e-03 -9.148122e-05 9.999910e-01 -4.379629e+00
9.999957e-01 1.075575e-04 -2.928168e-03 5.611711e+00 -1.085577e-04 9.999999e-01 -3.414558e-04 -1.867382e-01 2.928131e-03 3.417729e-04 9.999957e-01 -4.610822e+00
9.999921e-01 -5.047085e-04 -3.941630e-03 5.832515e+00 5.056027e-04 9.999998e-01 2.258836e-04 -1.952238e-01 3.941515e-03 -2.278755e-04 9.999922e-01 -4.799342e+00
9.999962e-01 2.175042e-04 -2.761408e-03 5.971267e+00 -2.183169e-04 9.999999e-01 -2.940363e-04 -2.033536e-01 2.761344e-03 2.946387e-04 9.999961e-01 -4.903379e+00
9.999909e-01 -4.950049e-04 -4.229988e-03 6.220453e+00 4.950905e-04 9.999999e-01 1.921521e-05 -2.124156e-01 4.229977e-03 -2.130997e-05 9.999911e-01 -5.101805e+00
9.999968e-01 1.652508e-05 -2.527638e-03 6.507587e+00 -1.695186e-05 1.000000e+00 -1.688555e-04 -2.214669e-01 2.527636e-03 1.688985e-04 9.999968e-01 -5.347242e+00
9.999896e-01 -3.487807e-04 -4.553562e-03 6.801225e+00 3.472748e-04 9.999999e-01 -3.314555e-04 -2.302086e-01 4.553677e-03 3.298700e-04 9.999896e-01 -5.594723e+00
9.999967e-01 -3.850895e-05 -2.560010e-03 7.132278e+00 3.853092e-05 1.000000e+00 8.497830e-06 -2.389859e-01 2.560010e-03 -8.595736e-06 9.999967e-01 -5.883561e+00
9.999880e-01 -4.220065e-04 -4.889561e-03 7.395495e+00 4.219310e-04 9.999999e-01 -1.644839e-05 -2.481944e-01 4.889567e-03 1.438443e-05 9.999880e-01 -6.091472e+00
9.999987e-01 9.528886e-06 -1.597609e-03 7.575516e+00 -9.735171e-06 1.000000e+00 -1.291742e-04 -2.573274e-01 1.597608e-03 1.291903e-04 9.999987e-01 -6.227052e+00
9.999860e-01 -3.011790e-04 -5.285021e-03 7.720562e+00 3.019895e-04 9.999999e-01 1.525957e-04 -2.666707e-01 5.284975e-03 -1.541903e-04 9.999860e-01 -6.323836e+00
9.999997e-01 4.156892e-05 -7.822973e-04 7.842208e+00 -4.166673e-05 1.000000e+00 -1.251425e-04 -2.760176e-01 7.822925e-04 1.251758e-04 9.999997e-01 -6.374108e+00
9.999844e-01 -3.316627e-04 -5.575832e-03 7.924857e+00 3.332605e-04 9.999999e-01 2.856358e-04 -2.856002e-01 5.575736e-03 -2.874903e-04 9.999844e-01 -6.401265e+00
9.999978e-01 2.092090e-04 -2.110979e-03 7.938223e+00 -2.094571e-04 1.000000e+00 -1.173621e-04 -2.938091e-01 2.110954e-03 1.178047e-04 9.999978e-01 -6.337393e+00
9.999907e-01 -5.210477e-04 -4.278542e-03 7.947182e+00 5.225655e-04 9.999998e-01 3.536824e-04 -3.021719e-01 4.278356e-03 -3.559156e-04 9.999908e-01 -6.264269e+00
9.999975e-01 2.352617e-04 -2.208100e-03 7.978751e+00 -2.355089e-04 1.000000e+00 -1.117112e-04 -3.109336e-01 2.208074e-03 1.122317e-04 9.999976e-01 -6.240138e+00
9.999945e-01 -5.366175e-04 -3.278443e-03 7.957371e+00 5.375689e-04 9.999998e-01 2.893537e-04 -3.191344e-01 3.278287e-03 -2.911152e-04 9.999946e-01 -6.095057e+00
9.999969e-01 1.967402e-04 -2.489903e-03 7.992943e+00 -1.969308e-04 1.000000e+00 -7.633404e-05 -3.278454e-01 2.489889e-03 7.682484e-05 9.999969e-01 -6.050191e+00
9.999937e-01 -1.252948e-04 -3.541577e-03 7.950885e+00 1.260494e-04 1.000000e+00 2.128685e-04 -3.362736e-01 3.541549e-03 -2.133143e-04 9.999937e-01 -5.728287e+00
9.999997e-01 -2.028141e-04 8.085109e-04 7.918965e+00 2.032580e-04 9.999998e-01 -5.488632e-04 -3.437896e-01 -8.083992e-04 5.490280e-04 9.999995e-01 -5.548302e+00
9.999734e-01 -2.061656e-04 -7.287743e-03 8.173403e+00 2.083014e-04 9.999999e-01 2.923203e-04 -3.523652e-01 7.287682e-03 -2.938313e-04 9.999734e-01 -5.771190e+00
9.999996e-01 -4.345344e-04 7.875101e-04 8.440773e+00 4.348112e-04 9.999998e-01 -3.512673e-04 -3.614152e-01 -7.873571e-04 3.516103e-04 9.999996e-01 -6.007153e+00
9.999744e-01 1.576012e-04 -7.148805e-03 8.486509e+00 -1.530305e-04 9.999998e-01 6.399234e-04 -3.704287e-01 7.148903e-03 -6.388137e-04 9.999742e-01 -5.964387e+00
9.999991e-01 -4.602172e-04 1.255765e-03 8.521905e+00 4.607980e-04 9.999998e-01 -4.621060e-04 -3.792255e-01 -1.255552e-03 4.626850e-04 9.999991e-01 -5.934285e+00
9.999736e-01 1.265063e-04 -7.264975e-03 8.605751e+00 -1.227957e-04 9.999999e-01 5.112219e-04 -3.870739e-01 7.265038e-03 -5.103170e-04 9.999735e-01 -5.962911e+00
9.999999e-01 -3.854379e-04 2.728176e-04 8.803570e+00 3.856112e-04 9.999997e-01 -6.347447e-04 -3.953131e-01 -2.725725e-04 6.348505e-04 9.999998e-01 -6.125344e+00
9.999732e-01 9.001775e-04 -7.263204e-03 8.624714e+00 -8.978139e-04 9.999995e-01 3.286907e-04 -3.980969e-01 7.263496e-03 -3.221616e-04 9.999736e-01 -5.557200e+00
9.998772e-01 -1.198680e-03 1.562529e-02 8.318667e+00 1.238435e-03 9.999960e-01 -2.534897e-03 -3.952887e-01 -1.562219e-02 2.553937e-03 9.998747e-01 -4.808069e+00
9.997791e-01 1.031117e-03 -2.099274e-02 8.273115e+00 -9.781068e-04 9.999963e-01 2.535301e-03 -4.033178e-01 2.099528e-02 -2.514209e-03 9.997764e-01 -4.554269e+00
9.998565e-01 -1.151345e-03 1.690425e-02 8.206746e+00 1.197589e-03 9.999956e-01 -2.725785e-03 -4.091432e-01 -1.690103e-02 2.745639e-03 9.998534e-01 -4.288203e+00
9.997935e-01 1.003395e-03 -2.029605e-02 8.129667e+00 -9.540962e-04 9.999966e-01 2.438537e-03 -4.142524e-01 2.029843e-02 -2.418670e-03 9.997910e-01 -4.007342e+00
9.998779e-01 -1.164778e-03 1.558140e-02 8.070415e+00 1.204468e-03 9.999961e-01 -2.538062e-03 -4.201676e-01 -1.557838e-02 2.556520e-03 9.998754e-01 -3.767095e+00
9.997971e-01 1.300044e-03 -2.010059e-02 8.000738e+00 -1.253502e-03 9.999965e-01 2.327912e-03 -4.263179e-01 2.010354e-02 -2.302244e-03 9.997953e-01 -3.439801e+00
9.998819e-01 -1.590689e-03 1.528725e-02 7.979681e+00 1.627417e-03 9.999958e-01 -2.390319e-03 -4.339538e-01 -1.528338e-02 2.414916e-03 9.998803e-01 -3.260401e+00
9.997575e-01 1.353748e-03 -2.198029e-02 8.046365e+00 -1.297550e-03 9.999959e-01 2.570780e-03 -4.419542e-01 2.198368e-02 -2.541637e-03 9.997551e-01 -3.282737e+00
9.998882e-01 -1.623397e-03 1.486484e-02 8.133680e+00 1.661930e-03 9.999953e-01 -2.580237e-03 -4.496676e-01 -1.486058e-02 2.604653e-03 9.998862e-01 -3.343811e+00
9.997464e-01 1.453393e-03 -2.247485e-02 8.126842e+00 -1.393657e-03 9.999955e-01 2.673368e-03 -4.568422e-01 2.247864e-02 -2.641368e-03 9.997438e-01 -3.255259e+00
9.998514e-01 -1.442554e-03 1.717746e-02 8.094049e+00 1.486450e-03 9.999957e-01 -2.542906e-03 -4.645236e-01 -1.717372e-02 2.568063e-03 9.998492e-01 -3.050931e+00
9.997862e-01 2.180509e-03 -2.056205e-02 7.833092e+00 -2.132804e-03 9.999950e-01 2.341698e-03 -4.662833e-01 2.056705e-02 -2.297343e-03 9.997858e-01 -2.212833e+00
9.995185e-01 -1.593195e-03 3.098788e-02 7.376883e+00 1.750774e-03 9.999857e-01 -5.058695e-03 -4.561348e-01 -3.097937e-02 5.110512e-03 9.995070e-01 -1.153140e+00
9.996099e-01 1.463408e-03 -2.789159e-02 7.150629e+00 -1.365336e-03 9.999928e-01 3.534895e-03 -4.541594e-01 2.789656e-02 -3.495435e-03 9.996047e-01 -6.835327e-01
9.997682e-01 -1.697709e-03 2.146394e-02 7.185846e+00 1.772064e-03 9.999925e-01 -3.445667e-03 -4.615594e-01 -2.145793e-02 3.482905e-03 9.997637e-01 -6.646623e-01
9.995986e-01 1.785843e-03 -2.827312e-02 7.178308e+00 -1.679382e-03 9.999914e-01 3.788752e-03 -4.693772e-01 2.827964e-02 -3.739750e-03 9.995931e-01 -5.367548e-01
9.997121e-01 -1.651952e-03 2.393742e-02 7.107592e+00 1.744461e-03 9.999911e-01 -3.844261e-03 -4.772859e-01 -2.393086e-02 3.884912e-03 9.997061e-01 -1.552728e-01
9.996517e-01 1.882138e-03 -2.632392e-02 6.962725e+00 -1.789371e-03 9.999921e-01 3.547155e-03 -4.821478e-01 2.633039e-02 -3.498817e-03 9.996472e-01 4.016787e-01
9.996400e-01 -1.672183e-03 2.677894e-02 6.812090e+00 1.796236e-03 9.999878e-01 -4.609079e-03 -4.859556e-01 -2.677091e-02 4.655522e-03 9.996308e-01 9.407707e-01
9.995142e-01 1.292939e-03 -3.114064e-02 6.760588e+00 -1.149421e-03 9.999886e-01 4.626175e-03 -4.925320e-01 3.114626e-02 -4.588134e-03 9.995043e-01 1.127061e+00
9.996388e-01 -1.042694e-03 2.685432e-02 6.628242e+00 1.168100e-03 9.999885e-01 -4.654619e-03 -4.965641e-01 -2.684916e-02 4.684307e-03 9.996285e-01 1.543270e+00
9.996670e-01 5.664716e-04 -2.579768e-02 6.522705e+00 -4.891694e-04 9.999954e-01 3.002695e-03 -5.003813e-01 2.579926e-02 -2.989076e-03 9.996627e-01 1.872471e+00
9.998221e-01 -6.562498e-04 1.884806e-02 6.581582e+00 7.117502e-04 9.999954e-01 -2.938058e-03 -5.085060e-01 -1.884605e-02 2.950952e-03 9.998180e-01 1.885084e+00
9.997155e-01 6.993901e-04 -2.384266e-02 6.535793e+00 -6.287939e-04 9.999954e-01 2.968297e-03 -5.178925e-01 2.384463e-02 -2.952461e-03 9.997113e-01 2.171617e+00
9.998284e-01 -9.515908e-04 1.850235e-02 6.781178e+00 1.015105e-03 9.999936e-01 -3.423673e-03 -5.272061e-01 -1.849897e-02 3.441868e-03 9.998230e-01 2.047130e+00
9.996916e-01 2.289843e-04 -2.483091e-02 7.252447e+00 -1.539368e-04 9.999954e-01 3.024221e-03 -5.370983e-01 2.483148e-02 -3.019466e-03 9.996871e-01 1.631779e+00
9.998435e-01 -6.693284e-04 1.767596e-02 7.469361e+00 7.206770e-04 9.999955e-01 -2.898778e-03 -5.473454e-01 -1.767394e-02 2.911064e-03 9.998396e-01 1.493111e+00
9.997643e-01 1.115540e-04 -2.170817e-02 7.598754e+00 -5.452009e-05 9.999965e-01 2.627884e-03 -5.563355e-01 2.170839e-02 -2.626081e-03 9.997609e-01 1.448920e+00
9.998879e-01 -6.232368e-04 1.496298e-02 7.876635e+00 6.653996e-04 9.999958e-01 -2.812986e-03 -5.646516e-01 -1.496116e-02 2.822628e-03 9.998841e-01 1.191343e+00
9.997630e-01 1.073716e-03 -2.174358e-02 7.835520e+00 -1.012534e-03 9.999955e-01 2.824620e-03 -5.725634e-01 2.174651e-02 -2.801935e-03 9.997596e-01 1.529801e+00
9.997578e-01 -9.479979e-04 2.198776e-02 7.675686e+00 1.019834e-03 9.999942e-01 -3.256121e-03 -5.803761e-01 -2.198455e-02 3.277757e-03 9.997529e-01 2.214977e+00
9.998637e-01 3.346965e-03 -1.616479e-02 7.077437e+00 -3.328175e-03 9.999938e-01 1.189223e-03 -5.666429e-01 1.616867e-02 -1.135262e-03 9.998686e-01 3.875523e+00
9.995141e-01 -3.446053e-03 3.097931e-02 6.628281e+00 3.579403e-03 9.999846e-01 -4.250061e-03 -5.605863e-01 -3.096418e-02 4.358884e-03 9.995110e-01 5.060686e+00
9.993197e-01 3.632644e-03 -3.670038e-02 6.606661e+00 -3.470353e-03 9.999839e-01 4.484801e-03 -5.704764e-01 3.671608e-02 -4.354387e-03 9.993163e-01 5.347705e+00
9.994834e-01 -3.656590e-03 3.193076e-02 6.623058e+00 3.798697e-03 9.999831e-01 -4.390927e-03 -5.795381e-01 -3.191417e-02 4.509954e-03 9.994804e-01 5.520892e+00
9.992584e-01 4.090083e-03 -3.828639e-02 6.574460e+00 -3.916362e-03 9.999817e-01 4.611302e-03 -5.881818e-01 3.830455e-02 -4.457940e-03 9.992562e-01 5.897986e+00
9.993013e-01 -3.838986e-03 3.717695e-02 6.466245e+00 4.026460e-03 9.999795e-01 -4.969161e-03 -5.971948e-01 -3.715712e-02 5.115381e-03 9.992963e-01 6.512558e+00
9.991358e-01 3.852998e-03 -4.138558e-02 6.433124e+00 -3.645974e-03 9.999805e-01 5.076641e-03 -6.078770e-01 4.140433e-02 -4.921363e-03 9.991304e-01 6.838044e+00
9.993658e-01 -3.630166e-03 3.542209e-02 6.413076e+00 3.800820e-03 9.999815e-01 -4.751591e-03 -6.174474e-01 -3.540418e-02 4.883212e-03 9.993611e-01 7.098082e+00
9.991753e-01 3.855738e-03 -4.042197e-02 6.378087e+00 -3.662866e-03 9.999816e-01 4.844448e-03 -6.274942e-01 4.043990e-02 -4.692393e-03 9.991710e-01 7.479154e+00
9.993868e-01 -3.776394e-03 3.481004e-02 6.353016e+00 3.938101e-03 9.999818e-01 -4.578030e-03 -6.374047e-01 -3.479212e-02 4.712309e-03 9.993835e-01 7.769881e+00
9.992123e-01 4.093994e-03 -3.947213e-02 6.294389e+00 -3.916123e-03 9.999818e-01 4.582497e-03 -6.466005e-01 3.949018e-02 -4.424310e-03 9.992102e-01 8.239211e+00
9.992725e-01 -3.784918e-03 3.795008e-02 6.169128e+00 3.976169e-03 9.999798e-01 -4.965324e-03 -6.548114e-01 -3.793052e-02 5.112608e-03 9.992673e-01 8.887742e+00
9.992494e-01 4.029835e-03 -3.852799e-02 6.037491e+00 -3.860769e-03 9.999826e-01 4.461538e-03 -6.618775e-01 3.854530e-02 -4.309443e-03 9.992476e-01 9.498541e+00
9.993815e-01 -4.059503e-03 3.492961e-02 5.990850e+00 4.221909e-03 9.999806e-01 -4.577010e-03 -6.714742e-01 -3.491036e-02 4.721650e-03 9.993793e-01 9.842667e+00
9.991553e-01 4.166021e-03 -4.088269e-02 5.979351e+00 -3.968599e-03 9.999801e-01 4.908969e-03 -6.814763e-01 4.090233e-02 -4.742576e-03 9.991519e-01 1.009174e+01
9.993352e-01 -4.048910e-03 3.623270e-02 5.920818e+00 4.227126e-03 9.999793e-01 -4.843373e-03 -6.902413e-01 -3.621234e-02 4.993314e-03 9.993316e-01 1.045843e+01
9.992335e-01 4.029071e-03 -3.893843e-02 5.843519e+00 -3.851477e-03 9.999818e-01 4.634848e-03 -6.977150e-01 3.895640e-02 -4.481326e-03 9.992309e-01 1.080817e+01
9.993460e-01 -3.596041e-03 3.598222e-02 5.739822e+00 3.775028e-03 9.999808e-01 -4.907597e-03 -7.052253e-01 -3.596389e-02 5.040222e-03 9.993404e-01 1.136649e+01
9.992694e-01 3.761774e-03 -3.803244e-02 5.618975e+00 -3.591747e-03 9.999833e-01 4.537929e-03 -7.110956e-01 3.804888e-02 -4.398011e-03 9.992662e-01 1.185899e+01
9.994252e-01 -3.949394e-03 3.367014e-02 5.607070e+00 4.109048e-03 9.999806e-01 -4.673839e-03 -7.177003e-01 -3.365103e-02 4.809506e-03 9.994221e-01 1.198851e+01
9.991713e-01 3.659719e-03 -4.053745e-02 5.747148e+00 -3.470894e-03 9.999828e-01 4.727438e-03 -7.254317e-01 4.055405e-02 -4.582820e-03 9.991668e-01 1.186237e+01
9.994149e-01 -3.706451e-03 3.400090e-02 5.883001e+00 3.866746e-03 9.999817e-01 -4.649884e-03 -7.337584e-01 -3.398304e-02 4.778637e-03 9.994110e-01 1.176613e+01
9.991623e-01 3.528866e-03 -4.077161e-02 6.051057e+00 -3.336701e-03 9.999830e-01 4.780320e-03 -7.420594e-01 4.078778e-02 -4.640273e-03 9.991571e-01 1.162318e+01
9.994132e-01 -3.689425e-03 3.405347e-02 6.241778e+00 3.856312e-03 9.999809e-01 -4.836364e-03 -7.503527e-01 -3.403497e-02 4.964847e-03 9.994083e-01 1.146046e+01
9.991747e-01 3.630412e-03 -4.045676e-02 6.320592e+00 -3.428489e-03 9.999813e-01 5.059354e-03 -7.587824e-01 4.047437e-02 -4.916473e-03 9.991685e-01 1.145736e+01
9.993528e-01 -3.879809e-03 3.576253e-02 6.517826e+00 4.072288e-03 9.999776e-01 -5.310880e-03 -7.682406e-01 -3.574113e-02 5.453079e-03 9.993462e-01 1.135622e+01
9.990454e-01 3.904779e-03 -4.350908e-02 6.678002e+00 -3.676337e-03 9.999790e-01 5.329223e-03 -7.757882e-01 4.352898e-02 -5.164183e-03 9.990388e-01 1.126233e+01
9.993357e-01 -3.799502e-03 3.624557e-02 6.809141e+00 3.997405e-03 9.999775e-01 -5.389169e-03 -7.833360e-01 -3.622428e-02 5.530478e-03 9.993284e-01 1.121737e+01
9.991067e-01 3.594994e-03 -4.210577e-02 6.892355e+00 -3.386606e-03 9.999817e-01 5.019446e-03 -7.910641e-01 4.212304e-02 -4.872367e-03 9.991006e-01 1.121393e+01
9.993282e-01 -3.594541e-03 3.647342e-02 6.847966e+00 3.780327e-03 9.999802e-01 -5.026047e-03 -7.969064e-01 -3.645463e-02 5.160552e-03 9.993220e-01 1.138374e+01
9.991308e-01 3.502206e-03 -4.153854e-02 6.777008e+00 -3.304542e-03 9.999829e-01 4.826285e-03 -8.052185e-01 4.155473e-02 -4.684824e-03 9.991252e-01 1.164837e+01
9.992810e-01 -3.651152e-03 3.773694e-02 6.710885e+00 3.837007e-03 9.999809e-01 -4.853770e-03 -8.157536e-01 -3.771850e-02 4.995078e-03 9.992759e-01 1.207443e+01
9.991191e-01 3.778517e-03 -4.179342e-02 6.629767e+00 -3.588009e-03 9.999828e-01 4.632419e-03 -8.218065e-01 4.181020e-02 -4.478384e-03 9.991155e-01 1.242880e+01
9.993076e-01 -3.841209e-03 3.700812e-02 6.589391e+00 4.009850e-03 9.999819e-01 -4.483700e-03 -8.289840e-01 -3.699022e-02 4.628993e-03 9.993049e-01 1.264307e+01
9.990825e-01 4.283493e-03 -4.261256e-02 6.528105e+00 -4.092244e-03 9.999812e-01 4.574307e-03 -8.382438e-01 4.263135e-02 -4.395730e-03 9.990812e-01 1.307829e+01
9.991427e-01 -4.597415e-03 4.114294e-02 6.487423e+00 4.799660e-03 9.999769e-01 -4.818226e-03 -8.460488e-01 -4.111984e-02 5.011568e-03 9.991417e-01 1.337786e+01
9.988911e-01 5.081094e-03 -4.680640e-02 6.435734e+00 -4.842573e-03 9.999747e-01 5.207898e-03 -8.551088e-01 4.683168e-02 -4.975460e-03 9.988904e-01 1.370962e+01
9.987999e-01 -3.595077e-03 4.884412e-02 6.159805e+00 3.887713e-03 9.999751e-01 -5.897525e-03 -8.577357e-01 -4.882170e-02 6.080340e-03 9.987890e-01 1.499320e+01
9.992353e-01 4.011001e-03 -3.889390e-02 5.928035e+00 -3.850155e-03 9.999837e-01 4.209549e-03 -8.602631e-01 3.891015e-02 -4.056583e-03 9.992345e-01 1.578682e+01
9.995223e-01 -4.175363e-03 3.062196e-02 6.383739e+00 4.333855e-03 9.999775e-01 -5.111207e-03 -8.697104e-01 -3.059993e-02 5.241477e-03 9.995180e-01 1.540736e+01
9.992454e-01 4.048626e-03 -3.862825e-02 6.914032e+00 -3.859600e-03 9.999802e-01 4.966801e-03 -8.800348e-01 3.864760e-02 -4.813964e-03 9.992413e-01 1.492720e+01
9.994773e-01 -4.101172e-03 3.206703e-02 7.193845e+00 4.265668e-03 9.999781e-01 -5.063014e-03 -8.889035e-01 -3.204557e-02 5.197156e-03 9.994729e-01 1.470133e+01
9.992293e-01 3.888845e-03 -3.906061e-02 7.456298e+00 -3.702291e-03 9.999814e-01 4.847221e-03 -8.976629e-01 3.907873e-02 -4.698872e-03 9.992251e-01 1.447852e+01
9.994804e-01 -4.154389e-03 3.196275e-02 7.933957e+00 4.324806e-03 9.999768e-01 -5.264450e-03 -9.067462e-01 -3.194014e-02 5.399948e-03 9.994752e-01 1.403816e+01
9.992437e-01 3.820547e-03 -3.869580e-02 8.350021e+00 -3.630070e-03 9.999810e-01 4.991477e-03 -9.152211e-01 3.871413e-02 -4.847234e-03 9.992386e-01 1.364253e+01
9.994749e-01 -3.959632e-03 3.215971e-02 8.673543e+00 4.127620e-03 9.999782e-01 -5.158832e-03 -9.240704e-01 -3.213858e-02 5.288867e-03 9.994694e-01 1.336044e+01
9.992304e-01 4.244999e-03 -3.899386e-02 8.734861e+00 -4.029257e-03 9.999761e-01 5.609651e-03 -9.346259e-01 3.901675e-02 -5.448218e-03 9.992237e-01 1.353607e+01
9.993374e-01 -4.398180e-03 3.613034e-02 8.755072e+00 4.608028e-03 9.999730e-01 -5.726849e-03 -9.451672e-01 -3.610418e-02 5.889545e-03 9.993307e-01 1.382523e+01
9.990938e-01 4.932985e-03 -4.227486e-02 8.728914e+00 -4.681603e-03 9.999708e-01 6.043322e-03 -9.559014e-01 4.230344e-02 -5.839933e-03 9.990877e-01 1.421843e+01
9.991382e-01 -5.026176e-03 4.120224e-02 8.692738e+00 5.294518e-03 9.999655e-01 -6.406259e-03 -9.646550e-01 -4.116861e-02 6.618885e-03 9.991303e-01 1.458778e+01
9.988248e-01 5.054435e-03 -4.820319e-02 8.901526e+00 -4.741306e-03 9.999669e-01 6.608160e-03 -9.735852e-01 4.823500e-02 -6.371849e-03 9.988157e-01 1.441922e+01
9.991389e-01 -5.095751e-03 4.117585e-02 9.186587e+00 5.378733e-03 9.999627e-01 -6.764648e-03 -9.818604e-01 -4.113984e-02 6.980297e-03 9.991290e-01 1.416672e+01
9.987903e-01 5.042718e-03 -4.891280e-02 9.559165e+00 -4.736352e-03 9.999684e-01 6.377390e-03 -9.904923e-01 4.894341e-02 -6.138008e-03 9.987827e-01 1.384751e+01
9.991258e-01 -4.865020e-03 4.152022e-02 9.825493e+00 5.129079e-03 9.999673e-01 -6.255623e-03 -9.998242e-01 -4.148842e-02 6.463115e-03 9.991181e-01 1.361689e+01
9.987990e-01 5.011704e-03 -4.873851e-02 1.001586e+01 -4.696193e-03 9.999673e-01 6.585919e-03 -1.008733e+00 4.876992e-02 -6.349125e-03 9.987899e-01 1.353079e+01
9.990191e-01 -2.941271e-03 4.418270e-02 1.016691e+01 3.214741e-03 9.999761e-01 -6.119737e-03 -1.024310e+00 -4.416364e-02 6.255771e-03 9.990047e-01 1.402335e+01
9.990109e-01 1.612952e-03 -4.443632e-02 1.039422e+01 -1.362351e-03 9.999830e-01 5.669266e-03 -1.035637e+00 4.444471e-02 -5.603121e-03 9.989961e-01 1.428158e+01
9.992938e-01 -1.582171e-03 3.754228e-02 1.052414e+01 1.800818e-03 9.999816e-01 -5.790901e-03 -1.043488e+00 -3.753242e-02 5.854419e-03 9.992783e-01 1.419355e+01
9.990024e-01 1.529577e-03 -4.462943e-02 1.058361e+01 -1.263346e-03 9.999812e-01 5.992967e-03 -1.051642e+00 4.463776e-02 -5.930607e-03 9.989856e-01 1.417711e+01
9.993228e-01 -1.291024e-03 3.677263e-02 1.079780e+01 1.509541e-03 9.999814e-01 -5.915245e-03 -1.060593e+00 -3.676431e-02 5.966749e-03 9.993062e-01 1.404382e+01
9.989876e-01 4.942183e-04 -4.498425e-02 1.144185e+01 -2.744152e-04 9.999880e-01 4.892274e-03 -1.072569e+00 4.498612e-02 -4.874977e-03 9.989757e-01 1.350877e+01
9.994383e-01 -2.568827e-03 3.341497e-02 1.385874e+01 2.907196e-03 9.999450e-01 -1.008164e-02 -1.090907e+00 -3.338723e-02 1.017313e-02 9.993907e-01 1.181736e+01
9.988855e-01 5.723838e-04 -4.719590e-02 1.605004e+01 -1.541915e-04 9.999607e-01 8.863946e-03 -1.116284e+00 4.719912e-02 -8.846790e-03 9.988463e-01 1.016785e+01
9.990680e-01 -3.198224e-04 4.316290e-02 1.601178e+01 7.186366e-04 9.999572e-01 -9.224537e-03 -1.120980e+00 -4.315811e-02 9.246959e-03 9.990255e-01 1.029549e+01
9.987531e-01 4.081033e-04 -4.992119e-02 1.615781e+01 5.336450e-05 9.999573e-01 9.242251e-03 -1.129448e+00 4.992283e-02 -9.233391e-03 9.987104e-01 1.018600e+01
9.990863e-01 -7.691940e-05 4.273764e-02 1.622138e+01 4.630538e-04 9.999592e-01 -9.025163e-03 -1.138561e+00 -4.273520e-02 9.036707e-03 9.990456e-01 1.019494e+01
9.988215e-01 -1.693200e-04 -4.853405e-02 1.636761e+01 6.017734e-04 9.999603e-01 8.895842e-03 -1.146665e+00 4.853062e-02 -8.914566e-03 9.987819e-01 1.009047e+01
9.991421e-01 2.343257e-04 4.141364e-02 1.657057e+01 1.406448e-04 9.999590e-01 -9.051125e-03 -1.155187e+00 -4.141406e-02 9.049185e-03 9.991011e-01 9.920353e+00
9.988367e-01 -2.808679e-04 -4.821964e-02 1.676807e+01 7.096085e-04 9.999604e-01 8.874529e-03 -1.163174e+00 4.821524e-02 -8.898423e-03 9.987973e-01 9.748702e+00
9.991453e-01 4.806165e-04 4.133232e-02 1.702432e+01 -9.717847e-05 9.999569e-01 -9.278456e-03 -1.171846e+00 -4.133500e-02 9.266510e-03 9.991024e-01 9.536791e+00
9.988035e-01 -1.699943e-04 -4.890420e-02 1.727422e+01 6.212648e-04 9.999574e-01 9.212597e-03 -1.180039e+00 4.890055e-02 -9.231957e-03 9.987610e-01 9.325676e+00
9.991218e-01 2.355329e-04 4.190065e-02 1.748389e+01 1.562114e-04 9.999563e-01 -9.345833e-03 -1.188295e+00 -4.190102e-02 9.344171e-03 9.990781e-01 9.158077e+00
9.987890e-01 -1.728514e-04 -4.919870e-02 1.774049e+01 6.220344e-04 9.999583e-01 9.114818e-03 -1.196645e+00 4.919507e-02 -9.134384e-03 9.987474e-01 8.945116e+00
9.991160e-01 2.599032e-04 4.203801e-02 1.797401e+01 1.335404e-04 9.999562e-01 -9.356147e-03 -1.205745e+00 -4.203861e-02 9.353491e-03 9.990722e-01 8.749038e+00
9.987903e-01 -2.408337e-04 -4.917103e-02 1.810426e+01 7.024361e-04 9.999558e-01 9.370632e-03 -1.214054e+00 4.916660e-02 -9.393837e-03 9.987464e-01 8.644829e+00
9.991192e-01 2.926222e-04 4.196112e-02 1.834126e+01 1.129529e-04 9.999533e-01 -9.662795e-03 -1.222827e+00 -4.196199e-02 9.659024e-03 9.990725e-01 8.456111e+00
9.987887e-01 -4.497220e-04 -4.920251e-02 1.866292e+01 9.114249e-04 9.999558e-01 9.361698e-03 -1.231924e+00 4.919612e-02 -9.395204e-03 9.987449e-01 8.173812e+00
9.991192e-01 4.421471e-04 4.196040e-02 1.891770e+01 -4.103792e-05 9.999543e-01 -9.559604e-03 -1.240462e+00 -4.196271e-02 9.549462e-03 9.990735e-01 7.952645e+00
9.987947e-01 -4.937828e-04 -4.908036e-02 1.914906e+01 9.570109e-04 9.999552e-01 9.415111e-03 -1.249283e+00 4.907351e-02 -9.450734e-03 9.987505e-01 7.753256e+00
9.991126e-01 6.304817e-04 4.211331e-02 1.939434e+01 -2.217024e-04 9.999528e-01 -9.710611e-03 -1.257932e+00 -4.211744e-02 9.692658e-03 9.990657e-01 7.544605e+00
9.987717e-01 -3.509300e-04 -4.954856e-02 1.954094e+01 8.313224e-04 9.999528e-01 9.675117e-03 -1.266461e+00 4.954282e-02 -9.704424e-03 9.987249e-01 7.434838e+00
9.990959e-01 5.877214e-04 4.250811e-02 1.973104e+01 -1.643828e-04 9.999504e-01 -9.961810e-03 -1.274563e+00 -4.251186e-02 9.945817e-03 9.990465e-01 7.300050e+00
9.987992e-01 -5.296904e-04 -4.898797e-02 2.006773e+01 1.001782e-03 9.999533e-01 9.612844e-03 -1.283479e+00 4.898059e-02 -9.650377e-03 9.987531e-01 7.001939e+00
9.991489e-01 7.155106e-04 4.124165e-02 2.032504e+01 -3.161048e-04 9.999530e-01 -9.690226e-03 -1.291893e+00 -4.124665e-02 9.668943e-03 9.991022e-01 6.781577e+00
9.988401e-01 -6.008405e-04 -4.814723e-02 2.047131e+01 1.064923e-03 9.999532e-01 9.613765e-03 -1.300534e+00 4.813920e-02 -9.653887e-03 9.987940e-01 6.676284e+00
9.991578e-01 7.947392e-04 4.102582e-02 2.062257e+01 -3.978423e-04 9.999531e-01 -9.681571e-03 -1.308877e+00 -4.103158e-02 9.657095e-03 9.991112e-01 6.564782e+00
9.988385e-01 -6.881500e-04 -4.817812e-02 2.080120e+01 1.147086e-03 9.999542e-01 9.498829e-03 -1.317323e+00 4.816938e-02 -9.543061e-03 9.987936e-01 6.429460e+00
9.991544e-01 7.952351e-04 4.110698e-02 2.104713e+01 -3.950371e-04 9.999525e-01 -9.742723e-03 -1.326181e+00 -4.111277e-02 9.718247e-03 9.991072e-01 6.226735e+00
9.988366e-01 -7.483951e-04 -4.821699e-02 2.127048e+01 1.216362e-03 9.999524e-01 9.676829e-03 -1.334594e+00 4.820745e-02 -9.724221e-03 9.987900e-01 6.037721e+00
9.991582e-01 8.909934e-04 4.101353e-02 2.144900e+01 -4.888850e-04 9.999517e-01 -9.813264e-03 -1.343180e+00 -4.102029e-02 9.784953e-03 9.991104e-01 5.901115e+00
9.988400e-01 -8.673355e-04 -4.814386e-02 2.164086e+01 1.330284e-03 9.999532e-01 9.584747e-03 -1.351605e+00 4.813329e-02 -9.637674e-03 9.987944e-01 5.746438e+00
9.991668e-01 1.013882e-03 4.080110e-02 2.177917e+01 -6.146350e-04 9.999518e-01 -9.796547e-03 -1.359701e+00 -4.080907e-02 9.763307e-03 9.991193e-01 5.640697e+00
9.988286e-01 -8.274683e-04 -4.838047e-02 2.186180e+01 1.294099e-03 9.999529e-01 9.614494e-03 -1.367134e+00 4.837024e-02 -9.665842e-03 9.987827e-01 5.591511e+00
9.991705e-01 9.631333e-04 4.071038e-02 2.186900e+01 -5.663019e-04 9.999522e-01 -9.758069e-03 -1.374384e+00 -4.071784e-02 9.726922e-03 9.991233e-01 5.623003e+00
9.989058e-01 -9.122348e-04 -4.675879e-02 2.186286e+01 1.363045e-03 9.999529e-01 9.610217e-03 -1.380182e+00 4.674782e-02 -9.663437e-03 9.988600e-01 5.685354e+00
9.992136e-01 1.054440e-03 3.963779e-02 2.214830e+01 -6.525992e-04 9.999483e-01 -1.014938e-02 -1.388922e+00 -3.964644e-02 1.011554e-02 9.991626e-01 5.459089e+00
9.988783e-01 -8.112949e-04 -4.734451e-02 2.259746e+01 1.265997e-03 9.999534e-01 9.574918e-03 -1.398033e+00 4.733454e-02 -9.624117e-03 9.988327e-01 5.067543e+00
9.992066e-01 1.259303e-03 3.980597e-02 2.291384e+01 -8.681549e-04 9.999512e-01 -9.842112e-03 -1.406569e+00 -3.981642e-02 9.799746e-03 9.991590e-01 4.793914e+00
9.988784e-01 -1.278276e-03 -4.733157e-02 2.311823e+01 1.724571e-03 9.999544e-01 9.389498e-03 -1.415084e+00 4.731741e-02 -9.460594e-03 9.988351e-01 4.639200e+00
9.991824e-01 1.375980e-03 4.040603e-02 2.336051e+01 -9.815960e-04 9.999517e-01 -9.778742e-03 -1.423629e+00 -4.041753e-02 9.731085e-03 9.991355e-01 4.431399e+00
9.988719e-01 -1.352536e-03 -4.746687e-02 2.367504e+01 1.793280e-03 9.999557e-01 9.243945e-03 -1.432536e+00 4.745226e-02 -9.318639e-03 9.988300e-01 4.158838e+00
9.991866e-01 1.583797e-03 4.029463e-02 2.398052e+01 -1.202567e-03 9.999543e-01 -9.483516e-03 -1.441040e+00 -4.030781e-02 9.427345e-03 9.991428e-01 3.885641e+00
9.988833e-01 -1.469753e-03 -4.722191e-02 2.425479e+01 1.903947e-03 9.999563e-01 9.151110e-03 -1.449598e+00 4.720640e-02 -9.230800e-03 9.988425e-01 3.651053e+00
9.991857e-01 1.580578e-03 4.031712e-02 2.456300e+01 -1.195640e-03 9.999535e-01 -9.570066e-03 -1.458191e+00 -4.033037e-02 9.514069e-03 9.991411e-01 3.386065e+00
9.988915e-01 -1.587794e-03 -4.704593e-02 2.484673e+01 2.024959e-03 9.999552e-01 9.246104e-03 -1.466730e+00 4.702914e-02 -9.331121e-03 9.988499e-01 3.138967e+00
9.991780e-01 1.609429e-03 4.050605e-02 2.507568e+01 -1.223952e-03 9.999537e-01 -9.539514e-03 -1.475022e+00 -4.051953e-02 9.482095e-03 9.991338e-01 2.930923e+00
9.988965e-01 -1.570433e-03 -4.693949e-02 2.524139e+01 2.013846e-03 9.999538e-01 9.400677e-03 -1.483497e+00 4.692256e-02 -9.484833e-03 9.988535e-01 2.795568e+00
9.992074e-01 1.689020e-03 3.977137e-02 2.543786e+01 -1.304100e-03 9.999521e-01 -9.702276e-03 -1.491923e+00 -3.978585e-02 9.642720e-03 9.991617e-01 2.642565e+00
9.989159e-01 -1.611536e-03 -4.652306e-02 2.561341e+01 2.052478e-03 9.999534e-01 9.431732e-03 -1.499810e+00 4.650570e-02 -9.516995e-03 9.988727e-01 2.490187e+00
9.992099e-01 1.890694e-03 3.969930e-02 2.583332e+01 -1.499967e-03 9.999502e-01 -9.869648e-03 -1.508512e+00 -3.971598e-02 9.802303e-03 9.991629e-01 2.317250e+00
9.989078e-01 -1.830335e-03 -4.668962e-02 2.613080e+01 2.269459e-03 9.999537e-01 9.353891e-03 -1.516999e+00 4.667034e-02 -9.449636e-03 9.988656e-01 2.058416e+00
9.992110e-01 2.103515e-03 3.966056e-02 2.640932e+01 -1.720924e-03 9.999517e-01 -9.678304e-03 -1.525308e+00 -3.967901e-02 9.602416e-03 9.991663e-01 1.817625e+00
9.989146e-01 -2.026421e-03 -4.653517e-02 2.670172e+01 2.459813e-03 9.999541e-01 9.257844e-03 -1.533666e+00 4.651427e-02 -9.362264e-03 9.988738e-01 1.567368e+00
9.992168e-01 2.042151e-03 3.951622e-02 2.692131e+01 -1.666879e-03 9.999532e-01 -9.527242e-03 -1.541963e+00 -3.953383e-02 9.453913e-03 9.991735e-01 1.375791e+00
9.989346e-01 -1.982132e-03 -4.610560e-02 2.706885e+01 2.415974e-03 9.999533e-01 9.355923e-03 -1.550093e+00 4.608490e-02 -9.457346e-03 9.988928e-01 1.253170e+00
9.992203e-01 2.245627e-03 3.941679e-02 2.726324e+01 -1.866388e-03 9.999516e-01 -9.655423e-03 -1.558258e+00 -3.943656e-02 9.574329e-03 9.991762e-01 1.098501e+00
9.989148e-01 -2.222483e-03 -4.652150e-02 2.752854e+01 2.658551e-03 9.999531e-01 9.313708e-03 -1.566543e+00 4.649862e-02 -9.427281e-03 9.988739e-01 8.671215e-01
9.992205e-01 2.452726e-03 3.939946e-02 2.776116e+01 -2.074172e-03 9.999513e-01 -9.646080e-03 -1.574823e+00 -3.942120e-02 9.556840e-03 9.991770e-01 6.713720e-01
9.988641e-01 -2.120066e-03 -4.760249e-02 2.822589e+01 2.546936e-03 9.999571e-01 8.908529e-03 -1.584268e+00 4.758156e-02 -9.019651e-03 9.988266e-01 2.865567e-01
9.991728e-01 2.178558e-03 4.060680e-02 2.869763e+01 -1.802256e-03 9.999551e-01 -9.301277e-03 -1.593962e+00 -4.062524e-02 9.220400e-03 9.991319e-01 -1.414304e-01
9.988606e-01 -2.209784e-03 -4.767160e-02 2.893947e+01 2.643961e-03 9.999556e-01 9.046543e-03 -1.602353e+00 4.764949e-02 -9.162278e-03 9.988221e-01 -3.465946e-01
9.991888e-01 2.493409e-03 4.019399e-02 2.913285e+01 -2.116347e-03 9.999534e-01 -9.420857e-03 -1.611588e+00 -4.021561e-02 9.328151e-03 9.991475e-01 -4.567671e-01
9.988780e-01 -2.642408e-03 -4.728323e-02 2.941489e+01 3.068906e-03 9.999552e-01 8.949742e-03 -1.620005e+00 4.725747e-02 -9.084809e-03 9.988414e-01 -7.084277e-01
9.991637e-01 2.674469e-03 4.080054e-02 2.973904e+01 -2.291143e-03 9.999528e-01 -9.438966e-03 -1.628781e+00 -4.082386e-02 9.337593e-03 9.991227e-01 -9.980329e-01
9.988799e-01 -2.553410e-03 -4.724809e-02 3.011120e+01 2.977826e-03 9.999558e-01 8.914513e-03 -1.637882e+00 4.722324e-02 -9.045225e-03 9.988434e-01 -1.334530e+00
9.991881e-01 2.691236e-03 4.019780e-02 3.047638e+01 -2.320255e-03 9.999543e-01 -9.272678e-03 -1.646344e+00 -4.022092e-02 9.171881e-03 9.991487e-01 -1.667099e+00
9.988821e-01 -2.441100e-03 -4.720839e-02 3.072641e+01 2.872134e-03 9.999548e-01 9.064777e-03 -1.654562e+00 4.718413e-02 -9.190233e-03 9.988439e-01 -1.881985e+00
9.991861e-01 2.685384e-03 4.024839e-02 3.085586e+01 -2.319536e-03 9.999556e-01 -9.133683e-03 -1.662690e+00 -4.027113e-02 9.032892e-03 9.991480e-01 -1.972995e+00
9.988756e-01 -2.698735e-03 -4.733132e-02 3.097299e+01 3.128235e-03 9.999546e-01 9.002628e-03 -1.670924e+00 4.730487e-02 -9.140569e-03 9.988387e-01 -2.053268e+00
9.991734e-01 2.729593e-03 4.055992e-02 3.116775e+01 -2.358011e-03 9.999548e-01 -9.206331e-03 -1.679535e+00 -4.058321e-02 9.103081e-03 9.991347e-01 -2.206088e+00
9.988591e-01 -2.494267e-03 -4.769027e-02 3.120369e+01 2.943288e-03 9.999520e-01 9.347458e-03 -1.688930e+00 4.766467e-02 -9.477160e-03 9.988184e-01 -2.135441e+00
9.990707e-01 2.646811e-03 4.301977e-02 3.117687e+01 -2.240641e-03 9.999525e-01 -9.486935e-03 -1.698687e+00 -4.304284e-02 9.381728e-03 9.990292e-01 -1.894486e+00
9.987953e-01 -2.590009e-03 -4.900221e-02 3.123510e+01 3.050060e-03 9.999520e-01 9.315936e-03 -1.707515e+00 4.897573e-02 -9.454174e-03 9.987552e-01 -1.872661e+00
9.991268e-01 2.754093e-03 4.168975e-02 3.123815e+01 -2.375831e-03 9.999556e-01 -9.120091e-03 -1.717475e+00 -4.171302e-02 9.013080e-03 9.990890e-01 -1.736213e+00
9.989258e-01 -2.574753e-03 -4.626694e-02 3.118384e+01 2.986065e-03 9.999566e-01 8.823075e-03 -1.725425e+00 4.624221e-02 -8.951754e-03 9.988901e-01 -1.435045e+00
9.991203e-01 2.657041e-03 4.185253e-02 3.115586e+01 -2.279123e-03 9.999562e-01 -9.074854e-03 -1.733300e+00 -4.187481e-02 8.971484e-03 9.990826e-01 -1.235998e+00
9.987950e-01 -2.558682e-03 -4.901092e-02 3.118341e+01 3.006613e-03 9.999544e-01 9.067883e-03 -1.741242e+00 4.898548e-02 -9.204313e-03 9.987571e-01 -1.205255e+00
9.991146e-01 2.781757e-03 4.197983e-02 3.117809e+01 -2.401711e-03 9.999557e-01 -9.100776e-03 -1.749050e+00 -4.200328e-02 8.991895e-03 9.990770e-01 -1.105355e+00
9.988706e-01 -2.733417e-03 -4.743451e-02 3.120467e+01 3.158799e-03 9.999554e-01 8.895130e-03 -1.756286e+00 4.740808e-02 -9.034921e-03 9.988347e-01 -1.044666e+00
9.991744e-01 2.985017e-03 4.051646e-02 3.141460e+01 -2.616265e-03 9.999547e-01 -9.151255e-03 -1.764732e+00 -4.054194e-02 9.037698e-03 9.991370e-01 -1.210854e+00
9.988475e-01 -2.818226e-03 -4.791481e-02 3.172872e+01 3.240815e-03 9.999565e-01 8.744207e-03 -1.773856e+00 4.788808e-02 -8.889413e-03 9.988132e-01 -1.466063e+00
9.992573e-01 3.012835e-03 3.841655e-02 3.174244e+01 -2.676628e-03 9.999577e-01 -8.800057e-03 -1.782187e+00 -3.844144e-02 8.690694e-03 9.992231e-01 -1.291008e+00
9.990300e-01 -3.159303e-03 -4.392076e-02 3.186932e+01 3.525324e-03 9.999597e-01 8.258703e-03 -1.788375e+00 4.389290e-02 -8.405528e-03 9.990009e-01 -1.312642e+00
9.993394e-01 3.149733e-03 3.620476e-02 3.257536e+01 -2.802772e-03 9.999497e-01 -9.630036e-03 -1.800206e+00 -3.623327e-02 9.522202e-03 9.992980e-01 -1.937374e+00
9.990256e-01 -3.426228e-03 -4.400152e-02 3.318693e+01 3.809486e-03 9.999555e-01 8.629222e-03 -1.808857e+00 4.397000e-02 -8.788437e-03 9.989942e-01 -2.500303e+00
9.993097e-01 3.448689e-03 3.698940e-02 3.370826e+01 -3.096378e-03 9.999493e-01 -9.577681e-03 -1.818936e+00 -3.702055e-02 9.456537e-03 9.992698e-01 -2.974474e+00
9.990311e-01 -3.598231e-03 -4.386230e-02 3.402617e+01 4.004129e-03 9.999499e-01 9.169600e-03 -1.827516e+00 4.382711e-02 -9.336346e-03 9.989955e-01 -3.265015e+00
9.992765e-01 3.641582e-03 3.785777e-02 3.419984e+01 -3.289544e-03 9.999508e-01 -9.357088e-03 -1.836124e+00 -3.788998e-02 9.225783e-03 9.992393e-01 -3.410478e+00
9.989966e-01 -3.635588e-03 -4.463862e-02 3.434664e+01 4.055005e-03 9.999484e-01 9.308876e-03 -1.845037e+00 4.460248e-02 -9.480545e-03 9.989598e-01 -3.518561e+00
9.992417e-01 3.724025e-03 3.875705e-02 3.440821e+01 -3.366075e-03 9.999511e-01 -9.296906e-03 -1.853989e+00 -3.878978e-02 9.159397e-03 9.992054e-01 -3.521600e+00
9.989268e-01 -3.709109e-03 -4.616852e-02 3.469251e+01 4.112457e-03 9.999542e-01 8.644514e-03 -1.863099e+00 4.613434e-02 -8.825103e-03 9.988963e-01 -3.746480e+00
9.993239e-01 3.025252e-03 3.664229e-02 3.554692e+01 -2.625597e-03 9.999366e-01 -1.095014e-02 -1.874229e+00 -3.667309e-02 1.084653e-02 9.992685e-01 -4.475416e+00
9.989848e-01 -3.173675e-03 -4.493671e-02 3.633334e+01 3.633089e-03 9.999419e-01 1.014561e-02 -1.884744e+00 4.490190e-02 -1.029857e-02 9.989383e-01 -5.189847e+00
9.992824e-01 3.229908e-03 3.774048e-02 3.652894e+01 -2.839236e-03 9.999419e-01 -1.040053e-02 -1.893031e+00 -3.777188e-02 1.028591e-02 9.992334e-01 -5.360042e+00
9.988130e-01 -1.770578e-03 -4.867623e-02 3.727452e+01 2.241971e-03 9.999511e-01 9.631375e-03 -1.921312e+00 4.865679e-02 -9.729074e-03 9.987682e-01 -4.733691e+00
9.994299e-01 7.269506e-04 3.375384e-02 3.783185e+01 -5.428840e-04 9.999849e-01 -5.462035e-03 -1.961281e+00 -3.375730e-02 5.440597e-03 9.994153e-01 -3.340520e+00
9.994539e-01 -7.498654e-04 -3.303501e-02 3.788527e+01 9.069501e-04 9.999884e-01 4.740381e-03 -1.983748e+00 3.303107e-02 -4.767754e-03 9.994430e-01 -2.261368e+00
9.996648e-01 -3.456755e-06 2.588841e-02 3.811072e+01 1.039384e-04 9.999925e-01 -3.879976e-03 -2.002862e+00 -2.588820e-02 3.881367e-03 9.996573e-01 -1.842517e+00
9.994596e-01 -1.410120e-04 -3.286927e-02 3.820278e+01 2.744844e-04 9.999917e-01 4.056241e-03 -2.011927e+00 3.286843e-02 -4.063072e-03 9.994514e-01 -1.864677e+00
9.996475e-01 1.408165e-05 2.654855e-02 3.840271e+01 1.007069e-04 9.999907e-01 -4.322360e-03 -2.020899e+00 -2.654837e-02 4.323511e-03 9.996382e-01 -2.007558e+00
9.994135e-01 -2.972641e-04 -3.424309e-02 3.883968e+01 4.200402e-04 9.999935e-01 3.578302e-03 -2.029211e+00 3.424181e-02 -3.590587e-03 9.994071e-01 -2.400180e+00
9.996644e-01 1.880934e-04 2.590513e-02 3.919765e+01 -9.901824e-05 9.999941e-01 -3.439735e-03 -2.040227e+00 -2.590562e-02 3.436016e-03 9.996585e-01 -2.671454e+00
9.994651e-01 -6.752568e-04 -3.269660e-02 3.945595e+01 7.767141e-04 9.999949e-01 3.090404e-03 -2.049889e+00 3.269435e-02 -3.114147e-03 9.994605e-01 -2.834597e+00
9.996695e-01 5.969449e-04 2.570134e-02 3.975051e+01 -5.102844e-04 9.999942e-01 -3.378234e-03 -2.058331e+00 -2.570320e-02 3.364003e-03 9.996640e-01 -3.079613e+00
9.994398e-01 -6.341979e-04 -3.346260e-02 3.977115e+01 7.502735e-04 9.999937e-01 3.456387e-03 -2.067037e+00 3.346020e-02 -3.479557e-03 9.994340e-01 -2.952437e+00
9.996200e-01 4.701651e-04 2.756214e-02 3.983521e+01 -3.732863e-04 9.999937e-01 -3.519946e-03 -2.075132e+00 -2.756362e-02 3.508320e-03 9.996139e-01 -2.908651e+00
9.994014e-01 -7.100333e-04 -3.458709e-02 4.011031e+01 8.228986e-04 9.999944e-01 3.249106e-03 -2.083282e+00 3.458458e-02 -3.275624e-03 9.993964e-01 -3.156667e+00
9.996246e-01 6.375005e-04 2.739018e-02 4.031255e+01 -5.454749e-04 9.999942e-01 -3.367124e-03 -2.091415e+00 -2.739217e-02 3.350920e-03 9.996191e-01 -3.321339e+00
9.993969e-01 -9.304007e-04 -3.471157e-02 4.062229e+01 1.027317e-03 9.999956e-01 2.774330e-03 -2.100357e+00 3.470884e-02 -2.808317e-03 9.993935e-01 -3.576786e+00
9.996199e-01 7.863031e-04 2.755676e-02 4.097934e+01 -7.014914e-04 9.999950e-01 -3.087221e-03 -2.108725e+00 -2.755905e-02 3.066717e-03 9.996155e-01 -3.896087e+00
9.993521e-01 -1.978711e-03 -3.593623e-02 4.184235e+01 2.034940e-03 9.999968e-01 1.528173e-03 -2.120531e+00 3.593309e-02 -1.600312e-03 9.993529e-01 -4.540964e+00
